#OTU ID,B005.0,B005.1,B005.2,B005.3,B005.4,B005.5,B005.6,B014.0,B014.1,B014.2,B014.3,B014.4,B014.5,B014.6,B029.0,B029.1,B029.2,B029.3,B029.4,B029.5,B029.6,B043.0,B043.1,B043.2,B043.3,B043.4,B043.5,B043.6,B044.0,B044.1,B044.2,B044.3,B044.4,B044.5,B044.6,B061.0,B061.1,B061.2,B061.3,B061.4,B061.5,B061.6,B063.0,B063.1,B063.2,B063.3,B063.4,B063.5,B063.6,B069.0,B069.1,B069.2,B069.3,B069.4,B069.5,B069.6,B103.0,B103.1,B103.2,B103.3,B103.4,B103.5,B103.6,B109.0,B109.1,B109.2,B109.3,B109.4,B109.5,B109.6,B122.0,B122.1,B122.2,B122.3,B122.4,B122.5,B122.6,B123.0,B123.1,B123.2,B123.3,B123.4,B123.5,B123.6,B125.0,B125.1,B125.2,B125.3,B125.4,B125.5,B125.6,B148.0,B148.1,B148.2,B148.3,B148.4,B148.5,B148.6,B151.0,B151.1,B151.2,B151.3,B151.4,B151.5,B151.6,B165.0,B165.1,B165.2,B165.3,B165.4,B165.5,B165.6,B168.0,B168.1,B168.2,B168.3,B168.4,B168.5,B168.6,B177.0,B177.1,B177.2,B177.3,B177.4,B177.5,B177.6,B185.0,B185.1,B185.2,B185.3,B185.4,B185.5,B185.6,B193.0,B193.1,B193.2,B193.3,B193.4,B193.5,B193.6,B198.0,B198.1,B198.2,B198.3,B198.4,B198.5,B198.6,B211.0,B211.1,B211.2,B211.3,B211.4,B211.5,B211.6,B221.0,B221.1,B221.2,B221.3,B221.4,B221.5,B221.6,B224.0,B224.1,B224.2,B224.3,B224.4,B224.5,B224.6,B228.0,B228.1,B228.2,B228.3,B228.4,B228.5,B228.6,B236.0,B236.1,B236.2,B236.3,B236.4,B236.5,B236.6,B272.0,B272.1,B272.2,B272.3,B272.4,B272.5,B272.6,B287.0,B287.1,B287.2,B287.3,B287.4,B287.5,B287.6,B291.0,B291.1,B291.2,B291.3,B291.4,B291.5,B291.6,B295.0,B295.1,B295.2,B295.3,B295.4,B295.5,B295.6,B301.0,B301.1,B301.2,B301.3,B301.4,B301.5,B301.6,B325.0,B325.1,B325.2,B325.3,B325.4,B325.5,B325.6,B327.0,B327.1,B327.2,B327.3,B327.4,B327.5,B327.6,B334.0,B334.1,B334.2,B334.3,B334.4,B334.5,B334.6,B336.0,B336.1,B336.2,B336.3,B336.4,B336.5,B336.6,B358.0,B358.1,B358.2,B358.3,B358.4,B358.5,B358.6,B363.0,B363.1,B363.2,B363.3,B363.4,B363.5,B363.6,B364.0,B364.1,B364.2,B364.3,B364.4,B364.5,B364.6,B375.0,B375.1,B375.2,B375.3,B375.4,B375.5,B375.6,B379.0,B379.1,B379.2,B379.3,B379.4,B379.5,B379.6,B400.0,B400.1,B400.2,B400.3,B400.4,B400.5,B400.6,B426.0,B426.1,B426.2,B426.3,B426.4,B426.5,B426.6,B438.0,B438.1,B438.2,B438.3,B438.4,B438.5,B438.6,B440.0,B440.1,B440.2,B440.3,B440.4,B440.5,B440.6,B461.0,B461.1,B461.2,B461.3,B461.4,B461.5,B461.6,B511.0,B511.1,B511.2,B511.3,B511.4,B511.5,B511.6,B522.0,B522.1,B522.2,B522.3,B522.4,B522.5,B522.6,B562.0,B562.1,B562.2,B562.3,B562.4,B562.5,B562.6,B576.0,B576.1,B576.2,B576.3,B576.4,B576.5,B576.6,B634.0,B634.1,B634.2,B634.3,B634.4,B634.5,B634.6,B640.0,B640.1,B640.2,B640.3,B640.4,B640.5,B640.6,B651.0,B651.1,B651.2,B651.3,B651.4,B651.5,B651.6,B688.0,B688.1,B688.2,B688.3,B688.4,B688.5,B688.6,B782.0,B782.1,B782.2,B782.3,B782.4,B782.5,B782.6,B809.0,B809.1,B809.2,B809.3,B809.4,B809.5,B809.6,B819.0,B819.1,B819.2,B819.3,B819.4,B819.5,B819.6,B836.0,B836.1,B836.2,B836.3,B836.4,B836.5,B836.6,B853.0,B853.1,B853.2,B853.3,B853.4,B853.5,B853.6,B900.0,B900.1,B900.2,B900.3,B900.4,B900.5,B900.6,B917.0,B917.1,B917.2,B917.3,B917.4,B917.5,B917.6,B928.0,B928.1,B928.2,B928.3,B928.4,B928.5,B928.6,B941.0,B941.1,B941.2,B941.3,B941.4,B941.5,B941.6,B957.0,B957.1,B957.2,B957.3,B957.4,B957.5,B957.6,B972.0,B972.1,B972.2,B972.3,B972.4,B972.5,B972.6,B991.0,B991.1,B991.2,B991.3,B991.4,B991.5,B991.6
k__Bacteria|p__Firmicutes|c__Tissierellia|o__Tissierellia_unclassified|f__Tissierellia_unclassified|g__Ezakiella|s__Ezakiella_SGB6726,-0.1004395,-0.12316422,-0.14068565,-0.20428483,-0.16642186,-0.19369248,-0.1666669,-0.14559722,-0.12443206,-0.18474153,-0.18225825,-0.2222425,-0.1697351,-0.20325208,-0.10277942,-0.098743856,-0.058144663,-0.10022471,-0.10725395,-0.17129502,-0.1978925,-0.12536043,-0.1368327,-0.15335561,-0.17181066,-0.11658599,-0.16765836,-0.17502862,-0.1509206,-0.12124001,-0.13530508,-0.10463038,-0.14839044,-0.19553173,-0.18980241,-0.2175087,-0.16017656,-0.22338755,-0.19672956,-0.29867563,-0.29210672,-0.19813694,-0.10716928,-0.09162698,-0.13691942,-0.15489233,-0.23188588,-0.19377315,-0.14673337,-0.2026537,-0.18297456,-0.18279888,-0.19667502,-0.19776735,-0.20299467,-0.16009703,-0.12584463,-0.14419255,-0.0924585,-0.095437035,-0.17191556,-0.14318186,-0.13743341,-0.14722942,-0.12719077,-0.15138945,-0.2613474,-0.22333384,-0.18882516,-0.20047067,-0.14644429,-0.14966545,-0.13060603,-0.14294982,-0.15224522,-0.16531862,-0.14776927,-0.16278498,-0.15887937,-0.14998752,-0.1476552,-0.15686913,-0.15371847,-0.22480208,-0.120334074,-0.1417679,-0.11815186,-0.16199058,-0.1748921,-0.1553095,-0.16891192,-0.11139822,-0.1388583,-0.13027036,-0.1291121,-0.15152657,-0.14275733,-0.11596489,-0.10065024,-0.08991392,-0.10549494,-0.1206453,-0.13520294,-0.15027548,-0.16112778,-0.1185138,-0.11129953,-0.1578567,-0.17738779,-0.1344105,-0.16328712,-0.25953975,-0.14882201,-0.13211739,-0.14148407,-0.15095688,-0.17780018,-0.1628508,-0.22917573,-0.09015879,-0.1100778,-0.13473403,-0.1297779,-0.13997786,-0.1735527,-0.13908121,-0.16057305,-0.12777606,-0.07092635,-0.03704006,-0.13694164,-0.16260752,-0.17973658,-0.14332479,-0.12334781,-0.13568652,-0.12023825,-0.13867192,-0.25318068,-0.26654312,-0.08316602,-0.10945694,-0.14538276,-0.09238048,-0.18796556,-0.19006827,-0.1525921,-0.089927964,-0.13230102,-0.14966106,-0.1503253,-0.1592622,-0.17076659,-0.18522161,-0.08710752,-0.12415385,-0.14140515,-0.10256614,-0.17951453,-0.19495486,-0.19210404,-0.100056015,-0.13113372,-0.079069875,-0.12794782,-0.19006202,-0.19346114,-0.1919479,-0.12428446,-0.07465401,-0.09695976,-0.11820533,-0.13670263,-0.12406494,-0.121451,-0.09425525,-0.09615255,-0.108305976,-0.082459606,-0.11280085,-0.1325582,-0.16811366,-0.1410757,-0.13604885,-0.18093297,-0.17825818,-0.19388936,-0.1446082,-0.15549555,-0.13591747,-0.119081676,-0.14001076,-0.19117098,-0.1906549,-0.18110327,-0.19755594,-0.25103784,-0.20219928,-0.18984559,-0.19058843,-0.18252984,-0.1731852,-0.27554205,-0.08916744,-0.11956477,-0.12733936,-0.15751183,-0.20931396,-0.18224281,-0.29657933,-0.32474133,-0.15034413,-0.3242122,-0.17325558,-0.17108874,-0.2185038,-0.17647925,-0.114121355,-0.13940434,-0.15388772,-0.15788373,-0.22984435,-0.18186735,-0.2528483,-0.10414019,-0.12455491,-0.13865781,-0.12434475,-0.15189947,-0.1558446,-0.15735218,-0.14014931,-0.15141064,-0.16420063,-0.1553052,-0.15398426,-0.15296611,-0.13380617,-0.12312692,-0.14637837,-0.19128986,-0.17683607,-0.21025829,-0.3990198,-0.20141608,-0.11342089,-0.1296617,-0.118710816,-0.14833254,-0.16636807,-0.18777081,-0.19180429,-0.13150828,-0.07602255,-0.15394297,-0.13970703,-0.14106366,-0.118915886,-0.19987361,-0.1649412,-0.15812081,-0.14117873,-0.12351932,-0.12722544,-0.14610182,-0.2588673,-0.10699572,-0.13074079,-0.09132757,-0.12832497,-0.12975429,-0.14981467,-0.15284899,-0.09619941,-0.08910369,-0.12448576,-0.11015901,-0.13792723,-0.15083519,-0.1711651,-0.14318642,-0.11623041,-0.17443897,-0.15188049,-0.1428628,-0.124818854,-0.1433295,-0.17466888,-0.13176009,-0.13240764,-0.1461278,-0.12303481,-0.08722703,-0.05825615,-0.14377436,-0.17082691,-0.026243303,-0.16579783,-0.2829064,-0.31316653,-0.19753161,-0.14603373,-0.14331596,-0.14862512,-0.12963767,-0.25088155,-0.19377784,-0.18931752,-0.09437022,-0.10950379,-0.10702289,-0.09439539,-0.12759323,-0.15311536,-0.15746465,-0.16747272,-0.12812386,-0.0969081,-0.16398169,-0.14477594,-0.11335766,-0.18846886,-0.1706479,-0.15395865,-0.12595361,-0.115196005,-0.11312595,-0.11662802,-0.17705053,-0.13883816,-0.13473979,-0.096878245,-0.12092656,-0.09175049,-0.12434345,-0.13661745,-0.063823454,-0.13877153,-0.11419349,-0.13382412,-0.24483351,-0.2571875,-0.29957527,-0.14636566,-0.15706359,-0.13221475,-0.19104545,-0.0782174,-0.17251718,-0.1650031,-0.09859173,-0.11065883,-0.11531852,-0.076612435,-0.083404,-0.1213824,-0.13072303,-0.13855581,-0.19385117,-0.098873645,-0.15585947,-0.19487974,-0.19083858,-0.18723328,-0.111211196,-0.14302084,-0.103210896,-0.16061638,-0.19394737,-0.17439988,-0.16892968,-0.14290774,-0.14272243,-0.100758806,-0.1534839,-0.16172266,-0.18068334,-0.19493017,-0.12142649,-0.14806134,-0.11365807,-0.079795875,-0.14305519,-0.20725825,-0.16096766,-0.125103,-0.15657571,-0.15690626,-0.14335456,-0.19202894,-0.1626402,-0.18305671,-0.2963242,-0.19416696,-0.18057442,-0.17093611,-0.19219695,-0.1571556,-0.14054683,-0.1302951,-0.12557748,-0.13820088,-0.1627537,-0.30584824,-0.16619751,-0.18180671,-0.19253509,-0.11441202,-0.15116933,-0.14047539,-0.17822596,-0.16717692,-0.16522323,-0.14331086,-0.18237996,-0.12769239,-0.15343902,-0.13693413,-0.24156228,-0.17868736,-0.103071004,-0.13493589,-0.14249203,-0.17525327,-0.109915204,-0.13446456,-0.15362473,-0.1605791,-0.1811816,-0.1551682,-0.14940464,-0.19184028,-0.17519793,-0.16545665,-0.14723541,-0.14623587,-0.11499533,-0.10471026,-0.13519508,-0.20148799,-0.17779565,-0.12513243,-0.16501074,-0.18041904,-0.18738703,-0.11705899,-0.17881282,-0.25734606,-0.09213995,-0.09211549,-0.11432633,-0.13630822,-0.14818308,-0.09791478,-0.18982854
k__Bacteria|p__Firmicutes|c__Bacilli|o__Bacillales|f__Bacillaceae|g__Bacillus|s__Bacillus_sp_AP8,-0.1004395,-0.12316422,-0.14182302,-0.20428483,-0.16768356,-0.19418229,-0.1666669,-0.14550695,-0.12538022,-0.18457937,-0.18406624,-0.21911472,-0.16994086,-0.20271549,-0.10267827,-0.09838916,-0.058144663,-0.09933789,-0.107701436,-0.17158578,-0.1978925,-0.12536043,-0.13679394,-0.15297866,-0.1720012,-0.11658599,-0.16839889,-0.17458694,-0.1509206,-0.12124001,-0.13564709,-0.10535871,-0.14896896,-0.1959278,-0.18976821,-0.2175087,-0.16170776,-0.22338755,-0.1975691,-0.29867563,-0.29210672,-0.19813079,-0.10689048,-0.09162698,-0.13691942,-0.15548453,-0.23188588,-0.19449794,-0.14694405,-0.2026537,-0.18508181,-0.18279888,-0.1975348,-0.1981105,-0.20151106,-0.15822576,-0.12579316,-0.14408243,-0.09207553,-0.09534365,-0.17214122,-0.14284463,-0.13743341,-0.14736734,-0.12719077,-0.15204231,-0.2613474,-0.22333384,-0.18963635,-0.20047067,-0.14604965,-0.14975381,-0.13082957,-0.14299454,-0.15111576,-0.16465169,-0.14733674,-0.16278498,-0.16005811,-0.14998752,-0.14794356,-0.15761894,-0.15383796,-0.22480208,-0.120334074,-0.14196275,-0.11837314,-0.16164634,-0.17479171,-0.15614744,-0.16900751,-0.11139822,-0.1388583,-0.13027036,-0.12900141,-0.15152657,-0.1433821,-0.11553817,-0.10065024,-0.09007725,-0.1052137,-0.12045702,-0.13528207,-0.15027548,-0.16102184,-0.1185138,-0.11129953,-0.1578567,-0.17738779,-0.13365701,-0.16463928,-0.25953975,-0.14923123,-0.13291973,-0.14178517,-0.15095688,-0.17780018,-0.1642051,-0.22917573,-0.09015879,-0.110434085,-0.1350494,-0.12974045,-0.13997786,-0.17442551,-0.13908121,-0.16057305,-0.12777606,-0.07092635,-0.03704006,-0.13747582,-0.16277686,-0.17968422,-0.14332479,-0.12334781,-0.13625273,-0.12023825,-0.13859826,-0.25318068,-0.26654312,-0.08304017,-0.10945694,-0.14483045,-0.09238048,-0.18874729,-0.19080311,-0.15322593,-0.08990489,-0.13230102,-0.1501376,-0.15072735,-0.15942544,-0.17119035,-0.18452579,-0.08740508,-0.12367624,-0.14132524,-0.10256614,-0.17951453,-0.19495486,-0.19162564,-0.09986834,-0.13113372,-0.07847896,-0.12796465,-0.19006202,-0.19384998,-0.19229941,-0.12354256,-0.07477805,-0.09675141,-0.1183822,-0.13680092,-0.12406494,-0.121451,-0.09399003,-0.09617469,-0.10826874,-0.082459606,-0.11267201,-0.13254324,-0.16770616,-0.1410757,-0.13679269,-0.18093297,-0.17825818,-0.19460386,-0.14500612,-0.15549555,-0.1356029,-0.119081676,-0.14001076,-0.19117098,-0.19146356,-0.18206398,-0.19755594,-0.25103784,-0.20219928,-0.19129224,-0.1919698,-0.1832122,-0.17454903,-0.27554205,-0.08916744,-0.11956477,-0.1283637,-0.15751183,-0.20931396,-0.18224281,-0.29657933,-0.32474133,-0.15385929,-0.3242122,-0.17325558,-0.17108874,-0.2185038,-0.17647925,-0.114121355,-0.14037919,-0.15388772,-0.15788373,-0.22984435,-0.18186735,-0.2534424,-0.104155734,-0.12455491,-0.13894503,-0.12435965,-0.15189947,-0.15553491,-0.15673496,-0.14014931,-0.15141064,-0.16378269,-0.15593678,-0.15407266,-0.15353186,-0.13395706,-0.12337255,-0.1471101,-0.1911905,-0.17748512,-0.21025829,-0.3990198,-0.20175418,-0.113337815,-0.1296617,-0.11830066,-0.14852503,-0.16636807,-0.18747202,-0.19240545,-0.1319665,-0.07620144,-0.15362638,-0.1402126,-0.14106366,-0.11826424,-0.19987361,-0.1649412,-0.15946603,-0.14170557,-0.123657465,-0.12722544,-0.14610182,-0.2588673,-0.107096106,-0.13074079,-0.09132757,-0.12832497,-0.1294666,-0.15045635,-0.15228632,-0.0959005,-0.08910369,-0.12440426,-0.1104693,-0.13817175,-0.15138201,-0.1708762,-0.14333402,-0.1167956,-0.17462926,-0.15238898,-0.14275366,-0.12536861,-0.14257829,-0.17466888,-0.13176009,-0.13259831,-0.14614625,-0.12276005,-0.08722703,-0.05825615,-0.14381388,-0.17082691,-0.026243303,-0.16700706,-0.2829064,-0.31316653,-0.19800901,-0.14610949,-0.14331596,-0.14862512,-0.12963767,-0.25088155,-0.19409594,-0.1893091,-0.094447106,-0.10919972,-0.10702289,-0.09321073,-0.12759323,-0.15361315,-0.15746465,-0.16755503,-0.12812386,-0.0969081,-0.16398169,-0.14406824,-0.11335766,-0.18846886,-0.1706479,-0.15448028,-0.1258938,-0.115196005,-0.11281273,-0.11662802,-0.17673902,-0.13870868,-0.13447002,-0.096878245,-0.12087996,-0.09140838,-0.12434345,-0.13644418,-0.063823454,-0.13877153,-0.11419349,-0.13411719,-0.24483351,-0.2571875,-0.29957527,-0.14651567,-0.15727574,-0.13235039,-0.19104545,-0.0782174,-0.17280254,-0.1649208,-0.09859173,-0.11065883,-0.11496553,-0.076612435,-0.083404,-0.1213824,-0.13072303,-0.13855581,-0.19385117,-0.098606095,-0.15628707,-0.19487974,-0.19191098,-0.18750724,-0.11122173,-0.143421,-0.10289317,-0.15991299,-0.19467847,-0.17321607,-0.16981135,-0.143141,-0.14271203,-0.10157676,-0.15373617,-0.16213949,-0.1816929,-0.1955078,-0.121322185,-0.14768359,-0.113927856,-0.079759255,-0.14322639,-0.20725825,-0.1613693,-0.125103,-0.15657571,-0.15690626,-0.14400971,-0.19202894,-0.16330987,-0.18291819,-0.2963242,-0.19786303,-0.18176636,-0.17224327,-0.193454,-0.15780726,-0.14054683,-0.1305036,-0.12557748,-0.13856459,-0.16390117,-0.30584824,-0.16759832,-0.18188322,-0.1935304,-0.11441202,-0.1511595,-0.14095083,-0.17876849,-0.16745543,-0.16517296,-0.14331086,-0.18237996,-0.12859271,-0.15404302,-0.13748899,-0.24156228,-0.1802675,-0.102976814,-0.13567075,-0.1422104,-0.17510602,-0.110361785,-0.13492076,-0.1528689,-0.16028349,-0.18262938,-0.15451583,-0.14949039,-0.19184028,-0.17613602,-0.16481063,-0.14723541,-0.14623587,-0.11499533,-0.10471026,-0.13536243,-0.20148799,-0.17780636,-0.12513243,-0.16667455,-0.18041904,-0.18738703,-0.11705899,-0.17712088,-0.25887445,-0.092051424,-0.091923386,-0.11479339,-0.13617206,-0.14824615,-0.09830649,-0.18989535
k__Bacteria|p__Firmicutes|c__Bacilli|o__Lactobacillales|f__Lactobacillaceae|g__Lentilactobacillus|s__Lentilactobacillus_kefiri,-0.1004395,-0.12316422,-0.14174095,-0.20428483,-0.16678825,-0.19293797,-0.1666669,-0.14483382,-0.12511578,-0.1830397,-0.18311739,-0.22367525,-0.16867408,-0.20390522,-0.103104696,-0.099234745,-0.058144663,-0.0995121,-0.107794024,-0.17045239,-0.1978925,-0.12536043,-0.1360701,-0.15186538,-0.17100717,-0.11658599,-0.16720897,-0.17334877,-0.1509206,-0.12124001,-0.13503712,-0.105821565,-0.14820565,-0.19512647,-0.18851507,-0.2175087,-0.16084695,-0.22338755,-0.19668761,-0.29867563,-0.29210672,-0.19733109,-0.10709751,-0.09162698,-0.13691942,-0.15489987,-0.23188588,-0.19332214,-0.1462641,-0.2026537,-0.18386477,-0.18279888,-0.1967178,-0.19758546,-0.20204917,-0.15678355,-0.12555355,-0.14347064,-0.092154175,-0.095630996,-0.17080246,-0.14202067,-0.13743341,-0.1466952,-0.12719077,-0.15117264,-0.2613474,-0.22333384,-0.18833885,-0.20047067,-0.14529148,-0.14892475,-0.13055053,-0.14243846,-0.1500367,-0.16343307,-0.14619726,-0.16278498,-0.15933281,-0.14998752,-0.14691532,-0.1569051,-0.15292223,-0.22480208,-0.120334074,-0.1413104,-0.11829186,-0.16045724,-0.173493,-0.15552387,-0.16772932,-0.11139822,-0.1388583,-0.13027036,-0.12840497,-0.15152657,-0.14249359,-0.1153329,-0.10065024,-0.09061624,-0.10537167,-0.12030552,-0.13478872,-0.15027548,-0.15993212,-0.1185138,-0.11129953,-0.1578567,-0.17738779,-0.13318788,-0.16382903,-0.25953975,-0.14852484,-0.13265128,-0.14145122,-0.15095688,-0.17780018,-0.16361257,-0.22917573,-0.09015879,-0.11025051,-0.13463224,-0.12944022,-0.13997786,-0.17349757,-0.13908121,-0.16057305,-0.12777606,-0.07092635,-0.03704006,-0.1370993,-0.16170678,-0.17836171,-0.14332479,-0.12334781,-0.13569695,-0.12023825,-0.13796073,-0.25318068,-0.26654312,-0.08356896,-0.10945694,-0.14397727,-0.09238048,-0.18739985,-0.18983757,-0.15281005,-0.09035168,-0.13230102,-0.14938693,-0.15011322,-0.15860051,-0.17014103,-0.1828574,-0.08805368,-0.12355623,-0.14089394,-0.10256614,-0.17951453,-0.19495486,-0.19034174,-0.10007282,-0.13113372,-0.07953837,-0.1276441,-0.19006202,-0.1926927,-0.19110341,-0.12315436,-0.075557984,-0.09710707,-0.118450664,-0.13635886,-0.12406494,-0.121451,-0.094508305,-0.096727625,-0.10845547,-0.082459606,-0.11275113,-0.13206728,-0.1665633,-0.1410757,-0.136367,-0.18093297,-0.17825818,-0.19365388,-0.1444996,-0.15549555,-0.13513929,-0.119081676,-0.14001076,-0.19117098,-0.19073698,-0.1811026,-0.19755594,-0.25103784,-0.20219928,-0.18983412,-0.19082317,-0.1821343,-0.17376068,-0.27554205,-0.08916744,-0.11956477,-0.12803368,-0.15751183,-0.20931396,-0.18224281,-0.29657933,-0.32474133,-0.15415794,-0.3242122,-0.17325558,-0.17108874,-0.2185038,-0.17647925,-0.114121355,-0.13992749,-0.15388772,-0.15788373,-0.22984435,-0.18186735,-0.25522912,-0.10436587,-0.12455491,-0.138352,-0.12398525,-0.15189947,-0.15457787,-0.15564272,-0.14014931,-0.15141064,-0.16249478,-0.15506136,-0.15317464,-0.15291262,-0.13375506,-0.12293166,-0.14618969,-0.18952942,-0.17670196,-0.21025829,-0.3990198,-0.20210238,-0.11336536,-0.1296617,-0.118294924,-0.14766666,-0.16636807,-0.18592006,-0.19111508,-0.13161084,-0.076793924,-0.15259579,-0.13962373,-0.14106366,-0.117957324,-0.19987361,-0.1649412,-0.1586781,-0.14141527,-0.123457834,-0.12722544,-0.14610182,-0.2588673,-0.10730108,-0.13074079,-0.09132757,-0.12832497,-0.12885211,-0.149611,-0.151301,-0.09625377,-0.08910369,-0.12413564,-0.11053054,-0.13769828,-0.15059876,-0.16977078,-0.14268112,-0.116421655,-0.17350681,-0.15166184,-0.14204305,-0.12539282,-0.14157265,-0.17466888,-0.13176009,-0.1320347,-0.14548264,-0.122703925,-0.08722703,-0.05825615,-0.14328031,-0.17082691,-0.026243303,-0.16671827,-0.2829064,-0.31316653,-0.19776866,-0.14539541,-0.14331596,-0.14862512,-0.12963767,-0.25088155,-0.19316497,-0.18785709,-0.094679736,-0.109169155,-0.10702289,-0.09341687,-0.12759323,-0.15282159,-0.15746465,-0.16666844,-0.12812386,-0.0969081,-0.16398169,-0.14312516,-0.11335766,-0.18846886,-0.1706479,-0.15367134,-0.12554081,-0.115196005,-0.112728335,-0.11662802,-0.17543465,-0.13818076,-0.13404587,-0.096878245,-0.12095787,-0.09169364,-0.12434345,-0.13563883,-0.063823454,-0.13877153,-0.11419349,-0.13367425,-0.24483351,-0.2571875,-0.29957527,-0.1459201,-0.15639432,-0.13196403,-0.19104545,-0.0782174,-0.17188412,-0.16383919,-0.09859173,-0.11065883,-0.11451103,-0.076612435,-0.083404,-0.1213824,-0.13072303,-0.13855581,-0.19385117,-0.09888622,-0.15539591,-0.19487974,-0.19069365,-0.1863208,-0.11116102,-0.1428757,-0.102834396,-0.1586197,-0.19356136,-0.17200728,-0.16878676,-0.14260194,-0.14223067,-0.10202773,-0.15298261,-0.16129476,-0.180682,-0.1945854,-0.121027976,-0.14694217,-0.11382143,-0.080154754,-0.14278567,-0.20725825,-0.16048186,-0.125103,-0.15657571,-0.15690626,-0.14355746,-0.19202894,-0.1622987,-0.1813091,-0.2963242,-0.19825092,-0.180832,-0.17155588,-0.19263396,-0.15733206,-0.14054683,-0.13016444,-0.12557748,-0.13815199,-0.16308695,-0.30584824,-0.16666907,-0.18043393,-0.1923159,-0.11441202,-0.150235,-0.14046784,-0.17763257,-0.166461,-0.16405812,-0.14331086,-0.18237996,-0.12835759,-0.15314206,-0.1373258,-0.24156228,-0.17937851,-0.10315191,-0.1352534,-0.14152658,-0.17384966,-0.11034103,-0.1344532,-0.15168345,-0.15948644,-0.18163916,-0.1534968,-0.14871782,-0.19184028,-0.17505589,-0.16348623,-0.14723541,-0.14623587,-0.11499533,-0.10471026,-0.13486478,-0.20148799,-0.17646971,-0.12513243,-0.16592714,-0.18041904,-0.18738703,-0.11705899,-0.1753639,-0.25832933,-0.09259578,-0.09226831,-0.11480522,-0.13572918,-0.14764318,-0.09858218,-0.18838158
k__Bacteria|p__Firmicutes|c__Tissierellia|o__Tissierellales|f__Peptoniphilaceae|g__Peptoniphilus|s__Peptoniphilus_pacaensis,-0.1004395,-0.12316422,-0.14198734,-0.20428483,-0.16667515,-0.19329673,-0.1666669,-0.14494091,-0.12504551,-0.18340468,-0.18297878,-0.2280132,-0.16805378,-0.20476508,-0.10303242,-0.09894937,-0.058144663,-0.09956871,-0.107703045,-0.1708144,-0.1978925,-0.12536043,-0.13614404,-0.15210003,-0.17131391,-0.11658599,-0.16710725,-0.17352228,-0.1509206,-0.12124001,-0.13484585,-0.10579851,-0.14820848,-0.19582175,-0.18895671,-0.2175087,-0.16054851,-0.22338755,-0.19684422,-0.29867563,-0.29210672,-0.19840705,-0.10697237,-0.09162698,-0.13691942,-0.15482938,-0.23188588,-0.19350412,-0.14641178,-0.2026537,-0.18354979,-0.18279888,-0.19762808,-0.1988706,-0.20499596,-0.15686303,-0.12567136,-0.14358553,-0.09207508,-0.09571032,-0.17105114,-0.14221153,-0.13743341,-0.146731,-0.12719077,-0.15102708,-0.2613474,-0.22333384,-0.18859032,-0.20047067,-0.14553602,-0.14898002,-0.13075674,-0.14277206,-0.15065417,-0.16379496,-0.14628169,-0.16278498,-0.1589847,-0.14998752,-0.14692502,-0.15700074,-0.15315466,-0.22480208,-0.120334074,-0.14131165,-0.11834636,-0.16077407,-0.17382541,-0.15556931,-0.16788712,-0.11139822,-0.1388583,-0.13027036,-0.1285856,-0.15152657,-0.14241354,-0.11523877,-0.10065024,-0.09051723,-0.10544916,-0.12044869,-0.13491559,-0.15027548,-0.15997128,-0.1185138,-0.11129953,-0.1578567,-0.17738779,-0.13344437,-0.16431858,-0.25953975,-0.14844283,-0.13255405,-0.14174682,-0.15095688,-0.17780018,-0.1636183,-0.22917573,-0.09015879,-0.10996903,-0.13467872,-0.12960427,-0.13997786,-0.17352387,-0.13908121,-0.16057305,-0.12777606,-0.07092635,-0.03704006,-0.13713962,-0.16201456,-0.17845188,-0.14332479,-0.12334781,-0.13544787,-0.12023825,-0.13827541,-0.25318068,-0.26654312,-0.083444774,-0.10945694,-0.14422655,-0.09238048,-0.18751985,-0.19025937,-0.15274386,-0.090243965,-0.13230102,-0.14937285,-0.15021044,-0.15879981,-0.1704039,-0.1833612,-0.08792155,-0.123593524,-0.14065501,-0.10256614,-0.17951453,-0.19495486,-0.19086498,-0.100228816,-0.13113372,-0.08020553,-0.12805864,-0.19006202,-0.1931799,-0.19141951,-0.123104535,-0.075299144,-0.09711023,-0.118554786,-0.13642089,-0.12406494,-0.121451,-0.09448487,-0.09661381,-0.10837291,-0.082459606,-0.11290015,-0.13219258,-0.16667989,-0.1410757,-0.13625996,-0.18093297,-0.17825818,-0.1940637,-0.14472318,-0.15549555,-0.13533281,-0.119081676,-0.14001076,-0.19117098,-0.19095623,-0.18123439,-0.19755594,-0.25103784,-0.20219928,-0.18984318,-0.19104677,-0.18237329,-0.17395219,-0.27554205,-0.08916744,-0.11956477,-0.12789005,-0.15751183,-0.20931396,-0.18224281,-0.29657933,-0.32474133,-0.15247747,-0.3242122,-0.17325558,-0.17108874,-0.2185038,-0.17647925,-0.114121355,-0.13978852,-0.15388772,-0.15788373,-0.22984435,-0.18186735,-0.2576443,-0.10438269,-0.12455491,-0.13838853,-0.12414001,-0.15189947,-0.1548973,-0.155805,-0.14014931,-0.15141064,-0.16283703,-0.1550495,-0.15330163,-0.15297794,-0.13371783,-0.122935474,-0.1461337,-0.18999626,-0.17696443,-0.21025829,-0.3990198,-0.20318419,-0.11333515,-0.1296617,-0.11858308,-0.14791197,-0.16636807,-0.18624431,-0.19135082,-0.13134436,-0.07680841,-0.15300536,-0.13961399,-0.14106366,-0.11788367,-0.19987361,-0.1649412,-0.1583224,-0.14147735,-0.123492815,-0.12722544,-0.14610182,-0.2588673,-0.10725869,-0.13074079,-0.09132757,-0.12832497,-0.1290414,-0.14962673,-0.15136296,-0.09617326,-0.08910369,-0.12424104,-0.11056233,-0.13771734,-0.15071844,-0.17002434,-0.14282715,-0.11622258,-0.1736497,-0.15178722,-0.1421147,-0.1255517,-0.14160004,-0.17466888,-0.13176009,-0.13210702,-0.14559567,-0.122787505,-0.08722703,-0.05825615,-0.143371,-0.17082691,-0.026243303,-0.16615476,-0.2829064,-0.31316653,-0.19862346,-0.1454578,-0.14331596,-0.14862512,-0.12963767,-0.25088155,-0.1936924,-0.1882186,-0.09468591,-0.10913658,-0.10702289,-0.09395221,-0.12759323,-0.15278293,-0.15746465,-0.16673502,-0.12812386,-0.0969081,-0.16398169,-0.14328629,-0.11335766,-0.18846886,-0.1706479,-0.15358739,-0.12557918,-0.115196005,-0.11287988,-0.11662802,-0.17547089,-0.13833198,-0.13414738,-0.096878245,-0.12108023,-0.091712296,-0.12434345,-0.13539517,-0.063823454,-0.13877153,-0.11419349,-0.13375294,-0.24483351,-0.2571875,-0.29957527,-0.14607084,-0.15652892,-0.1324243,-0.19104545,-0.0782174,-0.17225975,-0.16392961,-0.09859173,-0.11065883,-0.11425484,-0.076612435,-0.083404,-0.1213824,-0.13072303,-0.13855581,-0.19385117,-0.09908102,-0.15567699,-0.19487974,-0.19094372,-0.18666226,-0.111167006,-0.14267765,-0.10296211,-0.15904218,-0.194098,-0.17259133,-0.16888021,-0.14265648,-0.14226837,-0.101932704,-0.15321824,-0.16132629,-0.18075746,-0.19495547,-0.12116739,-0.14707176,-0.11357403,-0.0800917,-0.1434496,-0.20725825,-0.16042069,-0.125103,-0.15657571,-0.15690626,-0.14341941,-0.19202894,-0.16240132,-0.18156582,-0.2963242,-0.1983199,-0.18124522,-0.17161742,-0.19305795,-0.15755515,-0.14054683,-0.1302404,-0.12557748,-0.13823114,-0.16296852,-0.30584824,-0.16674776,-0.18085815,-0.19235721,-0.11441202,-0.15052396,-0.14042288,-0.17779979,-0.16679607,-0.16406015,-0.14331086,-0.18237996,-0.12827933,-0.15309529,-0.1380484,-0.24156228,-0.17904711,-0.10315952,-0.13506559,-0.14185819,-0.17422369,-0.110170715,-0.13460433,-0.15194039,-0.15954208,-0.181591,-0.15394713,-0.14918396,-0.19184028,-0.17524028,-0.16358942,-0.14723541,-0.14623587,-0.11499533,-0.10471026,-0.13517782,-0.20148799,-0.17658946,-0.12513243,-0.16493994,-0.18041904,-0.18738703,-0.11705899,-0.17591351,-0.25957498,-0.092522755,-0.092149794,-0.114787385,-0.13594636,-0.1478641,-0.09860569,-0.1887286
k__Bacteria|p__Firmicutes|c__Bacilli|o__Bacillales|f__Staphylococcaceae|g__Macrococcus|s__Macrococcus_caseolyticus,-0.1004395,-0.12316422,-0.14144868,-0.20428483,-0.16731595,-0.19320315,-0.1666669,-0.1455022,-0.12513758,-0.18342057,-0.18346167,-0.22445565,-0.1685988,-0.20574357,-0.10362259,-0.09962155,-0.058144663,-0.10024289,-0.107993,-0.1707032,-0.1978925,-0.12536043,-0.13644391,-0.1525729,-0.17143297,-0.11658599,-0.16749693,-0.174227,-0.1509206,-0.12124001,-0.13547552,-0.10590367,-0.14842527,-0.1954076,-0.18905023,-0.2175087,-0.16097078,-0.22338755,-0.19715503,-0.29867563,-0.29210672,-0.19798562,-0.107733935,-0.09162698,-0.13691942,-0.15510443,-0.23188588,-0.19364086,-0.14685112,-0.2026537,-0.18448178,-0.18279888,-0.19692239,-0.19732209,-0.20232645,-0.15778863,-0.12597851,-0.1439731,-0.092587814,-0.095845476,-0.17127305,-0.14251487,-0.13743341,-0.1471735,-0.12719077,-0.15123853,-0.2613474,-0.22333384,-0.18911543,-0.20047067,-0.14594978,-0.14942382,-0.1308159,-0.14268878,-0.15077429,-0.1642206,-0.14683944,-0.16278498,-0.15963537,-0.14998752,-0.14730859,-0.15711844,-0.15319538,-0.22480208,-0.120334074,-0.14167498,-0.11845733,-0.16110669,-0.17416269,-0.15567513,-0.1681884,-0.11139822,-0.1388583,-0.13027036,-0.12882471,-0.15152657,-0.14279711,-0.11580976,-0.10065024,-0.090762824,-0.10572965,-0.12070073,-0.13518737,-0.15027548,-0.16061915,-0.1185138,-0.11129953,-0.1578567,-0.17738779,-0.13358904,-0.16353588,-0.25953975,-0.1488699,-0.13277945,-0.14163391,-0.15095688,-0.17780018,-0.1637271,-0.22917573,-0.09015879,-0.11046858,-0.13497086,-0.12974955,-0.13997786,-0.1738117,-0.13908121,-0.16057305,-0.12777606,-0.07092635,-0.03704006,-0.1373389,-0.16219652,-0.17897928,-0.14332479,-0.12334781,-0.13611457,-0.12023825,-0.13833639,-0.25318068,-0.26654312,-0.08399545,-0.10945694,-0.14469314,-0.09238048,-0.18767047,-0.19029506,-0.15312958,-0.090725236,-0.13230102,-0.14967379,-0.15040779,-0.15894908,-0.17046127,-0.18367958,-0.088232845,-0.12401219,-0.14174464,-0.10256614,-0.17951453,-0.19495486,-0.19102591,-0.10049173,-0.13113372,-0.07965954,-0.12782466,-0.19006202,-0.19324479,-0.19167748,-0.12400928,-0.075887114,-0.09745705,-0.118627965,-0.13673255,-0.12406494,-0.121451,-0.09494285,-0.09709264,-0.108907446,-0.082459606,-0.113087505,-0.13255307,-0.16738343,-0.1410757,-0.13646072,-0.18093297,-0.17825818,-0.19390357,-0.14477056,-0.15549555,-0.1355984,-0.119081676,-0.14001076,-0.19117098,-0.19119549,-0.18131137,-0.19755594,-0.25103784,-0.20219928,-0.19018663,-0.19092901,-0.18239415,-0.1737878,-0.27554205,-0.08916744,-0.11956477,-0.12821236,-0.15751183,-0.20931396,-0.18224281,-0.29657933,-0.32474133,-0.15235192,-0.3242122,-0.17325558,-0.17108874,-0.2185038,-0.17647925,-0.114121355,-0.14004081,-0.15388772,-0.15788373,-0.22984435,-0.18186735,-0.25526476,-0.1047367,-0.12455491,-0.13872302,-0.1243189,-0.15189947,-0.15524974,-0.15653664,-0.14014931,-0.15141064,-0.16319285,-0.15537152,-0.15364876,-0.1532537,-0.13409644,-0.12319373,-0.1462729,-0.19006361,-0.17723334,-0.21025829,-0.3990198,-0.20072067,-0.11388139,-0.1296617,-0.11874029,-0.14793581,-0.16636807,-0.1868221,-0.19159122,-0.13204227,-0.0768178,-0.15303855,-0.13994437,-0.14106366,-0.11848627,-0.19987361,-0.1649412,-0.15892862,-0.1416015,-0.123837605,-0.12722544,-0.14610182,-0.2588673,-0.10765678,-0.13074079,-0.09132757,-0.12832497,-0.12932551,-0.15002245,-0.1520985,-0.096771896,-0.08910369,-0.12452601,-0.11082792,-0.13798344,-0.15095003,-0.17032634,-0.14318606,-0.11663092,-0.17408508,-0.15209071,-0.14253391,-0.12559523,-0.1422076,-0.17466888,-0.13176009,-0.13227637,-0.1459571,-0.12320688,-0.08722703,-0.05825615,-0.1437721,-0.17082691,-0.026243303,-0.16709167,-0.2829064,-0.31316653,-0.19722365,-0.14583234,-0.14331596,-0.14862512,-0.12963767,-0.25088155,-0.1937122,-0.1885158,-0.09496461,-0.1095853,-0.10702289,-0.09368652,-0.12759323,-0.15302014,-0.15746465,-0.16710833,-0.12812386,-0.0969081,-0.16398169,-0.14386253,-0.11335766,-0.18846886,-0.1706479,-0.1540353,-0.12590119,-0.115196005,-0.112966955,-0.11662802,-0.17621869,-0.13865021,-0.13464941,-0.096878245,-0.12128265,-0.09210391,-0.12434345,-0.13627481,-0.063823454,-0.13877153,-0.11419349,-0.13389617,-0.24483351,-0.2571875,-0.29957527,-0.14638549,-0.15676206,-0.13212174,-0.19104545,-0.0782174,-0.1723038,-0.16433857,-0.09859173,-0.11065883,-0.115189984,-0.076612435,-0.083404,-0.1213824,-0.13072303,-0.13855581,-0.19385117,-0.09927158,-0.15572426,-0.19487974,-0.19094543,-0.18669197,-0.11160955,-0.14335299,-0.103247404,-0.15930444,-0.19366978,-0.17278907,-0.16917655,-0.14303747,-0.14267465,-0.10200541,-0.15333393,-0.16159089,-0.18093944,-0.19492593,-0.12147115,-0.14764819,-0.1143443,-0.08030747,-0.14269948,-0.20725825,-0.16121526,-0.125103,-0.15657571,-0.15690626,-0.14380601,-0.19202894,-0.16262874,-0.18197617,-0.2963242,-0.19750148,-0.1806032,-0.17180514,-0.1928479,-0.15757558,-0.14054683,-0.13058648,-0.12557748,-0.13867736,-0.1632477,-0.30584824,-0.1666988,-0.18111676,-0.19254418,-0.11441202,-0.150698,-0.14077665,-0.17798077,-0.16681455,-0.16464835,-0.14331086,-0.18237996,-0.12850493,-0.15331122,-0.13703702,-0.24156228,-0.17991516,-0.1035544,-0.13541512,-0.1419262,-0.17460257,-0.11059004,-0.13468409,-0.15236035,-0.16026512,-0.18184033,-0.15404323,-0.14909866,-0.19184028,-0.17542017,-0.16429675,-0.14723541,-0.14623587,-0.11499533,-0.10471026,-0.13493147,-0.20148799,-0.1773004,-0.12513243,-0.16621107,-0.18041904,-0.18738703,-0.11705899,-0.17621282,-0.2587189,-0.0930029,-0.09263612,-0.11499901,-0.1360667,-0.14806819,-0.09868173,-0.18890388
k__Bacteria|p__Firmicutes|c__Bacilli|o__Bacillales|f__Paenibacillaceae|g__Brevibacillus|s__Brevibacillus_parabrevis,-0.1004395,-0.12316422,-0.14174956,-0.20428483,-0.16719608,-0.19400088,-0.1666669,-0.14539239,-0.12470685,-0.1840457,-0.18306553,-0.23149854,-0.16841657,-0.20731577,-0.10309388,-0.09947021,-0.058144663,-0.09981583,-0.10765995,-0.17115119,-0.1978925,-0.12536043,-0.1363517,-0.15262923,-0.17189927,-0.11658599,-0.16743013,-0.17438743,-0.1509206,-0.12124001,-0.13511106,-0.10557975,-0.14848071,-0.1964504,-0.18975514,-0.2175087,-0.16098185,-0.22338755,-0.19788748,-0.29867563,-0.29210672,-0.19913644,-0.1072234,-0.09162698,-0.13691942,-0.15518218,-0.23188588,-0.19411965,-0.14675988,-0.2026537,-0.18383598,-0.18279888,-0.1982282,-0.19953912,-0.20583758,-0.15764287,-0.12587349,-0.14401317,-0.092029616,-0.09556953,-0.17157331,-0.14251968,-0.13743341,-0.14714614,-0.12719077,-0.15118214,-0.2613474,-0.22333384,-0.18922633,-0.20047067,-0.14603153,-0.14939013,-0.13095668,-0.14296676,-0.1511701,-0.16449234,-0.14688292,-0.16278498,-0.15944815,-0.14998752,-0.14721768,-0.1573011,-0.15341035,-0.22480208,-0.120334074,-0.14158803,-0.1183358,-0.16128227,-0.17449734,-0.15582658,-0.16847533,-0.11139822,-0.1388583,-0.13027036,-0.12860574,-0.15152657,-0.14235586,-0.11542002,-0.10065024,-0.09023757,-0.10541796,-0.12059046,-0.13513823,-0.15027548,-0.16061573,-0.1185138,-0.11129953,-0.1578567,-0.17738779,-0.13401368,-0.16422433,-0.25953975,-0.14880714,-0.13262442,-0.14191349,-0.15095688,-0.17780018,-0.1637581,-0.22917573,-0.09015879,-0.10988356,-0.13484685,-0.12978251,-0.13997786,-0.17395513,-0.13908121,-0.16057305,-0.12777606,-0.07092635,-0.03704006,-0.13715984,-0.16237187,-0.17924544,-0.14332479,-0.12334781,-0.13558498,-0.12023825,-0.13850877,-0.25318068,-0.26654312,-0.08331582,-0.10945694,-0.1447213,-0.09238048,-0.18801285,-0.19084571,-0.15309668,-0.09014951,-0.13230102,-0.14963141,-0.15049902,-0.15927213,-0.17083482,-0.18426101,-0.087726,-0.12394148,-0.14152396,-0.10256614,-0.17951453,-0.19495486,-0.19185609,-0.10008857,-0.13113372,-0.079887584,-0.12784499,-0.19006202,-0.19393028,-0.1922349,-0.1236116,-0.07505424,-0.09710463,-0.118531205,-0.136632,-0.12406494,-0.121451,-0.09454771,-0.0965192,-0.10844353,-0.082459606,-0.112808235,-0.13223845,-0.16745052,-0.1410757,-0.13633043,-0.18093297,-0.17825818,-0.19478709,-0.1448636,-0.15549555,-0.13568887,-0.119081676,-0.14001076,-0.19117098,-0.19186133,-0.18184075,-0.19755594,-0.25103784,-0.20219928,-0.19023122,-0.19145449,-0.18283668,-0.1742015,-0.27554205,-0.08916744,-0.11956477,-0.1276727,-0.15751183,-0.20931396,-0.18224281,-0.29657933,-0.32474133,-0.15206829,-0.3242122,-0.17325558,-0.17108874,-0.2185038,-0.17647925,-0.114121355,-0.13985991,-0.15388772,-0.15788373,-0.22984435,-0.18186735,-0.2592338,-0.10437908,-0.12455491,-0.13851489,-0.124138035,-0.15189947,-0.15532091,-0.156516,-0.14014931,-0.15141064,-0.16345668,-0.15539227,-0.15376678,-0.1532939,-0.13402459,-0.122963876,-0.14616925,-0.19080415,-0.17739177,-0.21025829,-0.3990198,-0.20322642,-0.11341584,-0.1296617,-0.11865702,-0.14801046,-0.16636807,-0.1870628,-0.19203591,-0.13162789,-0.076330885,-0.15333903,-0.1398075,-0.14106366,-0.11807467,-0.19987361,-0.1649412,-0.1586455,-0.14174956,-0.12353476,-0.12722544,-0.14610182,-0.2588673,-0.10726227,-0.13074079,-0.09132757,-0.12832497,-0.12922257,-0.14977805,-0.15205395,-0.09623529,-0.08910369,-0.12436808,-0.110431895,-0.13794708,-0.15087643,-0.17078382,-0.1430915,-0.11609627,-0.17427297,-0.15195169,-0.14251041,-0.12547489,-0.14211163,-0.17466888,-0.13176009,-0.1322686,-0.14587718,-0.123042606,-0.08722703,-0.05825615,-0.14365369,-0.17082691,-0.026243303,-0.1668185,-0.2829064,-0.31316653,-0.19900188,-0.14585187,-0.14331596,-0.14862512,-0.12963767,-0.25088155,-0.19452405,-0.18906826,-0.09445475,-0.109279245,-0.10702289,-0.093871206,-0.12759323,-0.1529653,-0.15746465,-0.16738626,-0.12812386,-0.0969081,-0.16398169,-0.14382342,-0.11335766,-0.18846886,-0.1706479,-0.15407959,-0.1258145,-0.115196005,-0.112963006,-0.11662802,-0.17631534,-0.13867098,-0.13456112,-0.096878245,-0.121168464,-0.09157638,-0.12434345,-0.13579448,-0.063823454,-0.13877153,-0.11419349,-0.13392235,-0.24483351,-0.2571875,-0.29957527,-0.14644963,-0.15698722,-0.13235316,-0.19104545,-0.0782174,-0.17282113,-0.16456279,-0.09859173,-0.11065883,-0.11444083,-0.076612435,-0.083404,-0.1213824,-0.13072303,-0.13855581,-0.19385117,-0.09917742,-0.15588254,-0.19487974,-0.19144171,-0.1873959,-0.111190096,-0.1430806,-0.10282216,-0.1596565,-0.1945917,-0.17346613,-0.16929652,-0.14296326,-0.14271517,-0.101667166,-0.15345795,-0.16170685,-0.18122649,-0.19572794,-0.12123604,-0.14752881,-0.11356455,-0.079669,-0.14341646,-0.20725825,-0.16109937,-0.125103,-0.15657571,-0.15690626,-0.14363559,-0.19202894,-0.16274023,-0.18237936,-0.2963242,-0.1986083,-0.18131848,-0.17179644,-0.19359052,-0.15770441,-0.14054683,-0.130424,-0.12557748,-0.13836978,-0.1636897,-0.30584824,-0.166928,-0.18153086,-0.19301441,-0.11441202,-0.1507327,-0.14062095,-0.17836723,-0.16719781,-0.16476038,-0.14331086,-0.18237996,-0.12827161,-0.15345037,-0.13785684,-0.24156228,-0.17963049,-0.103211425,-0.13515997,-0.14214624,-0.1748924,-0.11013493,-0.13457051,-0.15255141,-0.16035882,-0.18205962,-0.15449244,-0.14936943,-0.19184028,-0.17566143,-0.16440883,-0.14723541,-0.14623587,-0.11499533,-0.10471026,-0.13512734,-0.20148799,-0.17746311,-0.12513243,-0.16563201,-0.18041904,-0.18738703,-0.11705899,-0.17698409,-0.26062104,-0.09244737,-0.09208232,-0.11469446,-0.13614623,-0.14823598,-0.098308496,-0.1895172
k__Bacteria|p__Firmicutes|c__Negativicutes|o__Acidaminococcales|f__Acidaminococcaceae|g__GGB4239|s__GGB4239_SGB5731,-0.1004395,-0.12316422,-0.14197367,-0.20428483,-0.16703916,-0.1937587,-0.1666669,-0.14537938,-0.12544218,-0.18438296,-0.18347102,-0.2229197,-0.1700018,-0.20405635,-0.103006065,-0.09921782,-0.058144663,-0.09963218,-0.10785896,-0.17112465,-0.1978925,-0.12536043,-0.13648988,-0.15245348,-0.17164627,-0.11658599,-0.16800143,-0.17417291,-0.1509206,-0.12124001,-0.13543323,-0.10574123,-0.14874357,-0.19580495,-0.18942936,-0.2175087,-0.16099581,-0.22338755,-0.19724695,-0.29867563,-0.29210672,-0.19799478,-0.10715154,-0.09162698,-0.13691942,-0.1554341,-0.23188588,-0.19395801,-0.14669427,-0.2026537,-0.18422337,-0.18279888,-0.19726974,-0.19810271,-0.20230354,-0.15791914,-0.12579037,-0.14386573,-0.09216432,-0.09562288,-0.17154326,-0.14245605,-0.13743341,-0.1471246,-0.12719077,-0.1519086,-0.2613474,-0.22333384,-0.18886974,-0.20047067,-0.14575897,-0.14941159,-0.13081136,-0.14283967,-0.15068181,-0.16402826,-0.14679071,-0.16278498,-0.15969804,-0.14998752,-0.14743564,-0.15737757,-0.15347736,-0.22480208,-0.120334074,-0.14177659,-0.11849281,-0.16112092,-0.17417847,-0.15591821,-0.16850409,-0.11139822,-0.1388583,-0.13027036,-0.12878281,-0.15152657,-0.14301106,-0.11564319,-0.10065024,-0.090584874,-0.10552904,-0.120505095,-0.13513386,-0.15027548,-0.16062325,-0.1185138,-0.11129953,-0.1578567,-0.17738779,-0.1336349,-0.16426772,-0.25953975,-0.1490157,-0.13295642,-0.14183116,-0.15095688,-0.17780018,-0.163839,-0.22917573,-0.09015879,-0.11045455,-0.13497101,-0.12975156,-0.13997786,-0.17410672,-0.13908121,-0.16057305,-0.12777606,-0.07092635,-0.03704006,-0.13736333,-0.16234878,-0.17916,-0.14332479,-0.12334781,-0.13613844,-0.12023825,-0.13847251,-0.25318068,-0.26654312,-0.08349179,-0.10945694,-0.14456534,-0.09238048,-0.1883615,-0.19047797,-0.15339054,-0.090295404,-0.13230102,-0.14991397,-0.15059033,-0.15921058,-0.17074685,-0.18380266,-0.087878436,-0.12379277,-0.14124855,-0.10256614,-0.17951453,-0.19495486,-0.19119376,-0.10010934,-0.13113372,-0.07931302,-0.12799717,-0.19006202,-0.1934011,-0.19187237,-0.123453975,-0.07528353,-0.0971092,-0.11862134,-0.13681076,-0.12406494,-0.121451,-0.09443861,-0.09668987,-0.1086196,-0.082459606,-0.11295582,-0.13245162,-0.16730137,-0.1410757,-0.13675626,-0.18093297,-0.17825818,-0.1943425,-0.14480895,-0.15549555,-0.13552228,-0.119081676,-0.14001076,-0.19117098,-0.19132432,-0.18177044,-0.19755594,-0.25103784,-0.20219928,-0.19057177,-0.19147782,-0.18297355,-0.17429774,-0.27554205,-0.08916744,-0.11956477,-0.12836504,-0.15751183,-0.20931396,-0.18224281,-0.29657933,-0.32474133,-0.15515062,-0.3242122,-0.17325558,-0.17108874,-0.2185038,-0.17647925,-0.114121355,-0.14028013,-0.15388772,-0.15788373,-0.22984435,-0.18186735,-0.25568372,-0.1043952,-0.12455491,-0.13883293,-0.12431793,-0.15189947,-0.15510593,-0.1562408,-0.14014931,-0.15141064,-0.16317347,-0.15547854,-0.15372016,-0.15328877,-0.13417476,-0.123252824,-0.14673391,-0.19067608,-0.1771257,-0.21025829,-0.3990198,-0.203466,-0.113549024,-0.1296617,-0.11848791,-0.14825708,-0.16636807,-0.18685478,-0.19192554,-0.1319259,-0.076675594,-0.1531652,-0.14006525,-0.14106366,-0.11829446,-0.19987361,-0.1649412,-0.15908995,-0.14175653,-0.12369978,-0.12722544,-0.14610182,-0.2588673,-0.10736437,-0.13074079,-0.09132757,-0.12832497,-0.12932935,-0.15001005,-0.15195277,-0.09626678,-0.08910369,-0.12446174,-0.11060244,-0.13814503,-0.15105447,-0.17052335,-0.14305764,-0.11669015,-0.17427179,-0.15212308,-0.14255162,-0.12547427,-0.14226803,-0.17466888,-0.13176009,-0.13244471,-0.14588982,-0.12292318,-0.08722703,-0.05825615,-0.14369825,-0.17082691,-0.026243303,-0.1670453,-0.2829064,-0.31316653,-0.19883814,-0.14586343,-0.14331596,-0.14862512,-0.12963767,-0.25088155,-0.19367918,-0.18866229,-0.0946621,-0.10936975,-0.10702289,-0.09357935,-0.12759323,-0.15342742,-0.15746465,-0.16730925,-0.12812386,-0.0969081,-0.16398169,-0.14368363,-0.11335766,-0.18846886,-0.1706479,-0.15410584,-0.12580338,-0.115196005,-0.11297263,-0.11662802,-0.17636634,-0.1385448,-0.13435945,-0.096878245,-0.12113917,-0.09176156,-0.12434345,-0.13620394,-0.063823454,-0.13877153,-0.11419349,-0.13403884,-0.24483351,-0.2571875,-0.29957527,-0.14630488,-0.15699726,-0.1322397,-0.19104545,-0.0782174,-0.1724973,-0.16452727,-0.09859173,-0.11065883,-0.114800215,-0.076612435,-0.083404,-0.1213824,-0.13072303,-0.13855581,-0.19385117,-0.09877367,-0.15585107,-0.19487974,-0.19145766,-0.18714328,-0.111292735,-0.1433019,-0.10293409,-0.15932891,-0.1943396,-0.17288207,-0.1693641,-0.1429658,-0.14261645,-0.10196684,-0.15357637,-0.16191755,-0.18144436,-0.19536282,-0.12125115,-0.14744005,-0.11404815,-0.080203295,-0.1431194,-0.20725825,-0.16092366,-0.125103,-0.15657571,-0.15690626,-0.14394082,-0.19202894,-0.16277745,-0.1822017,-0.2963242,-0.19835678,-0.18164024,-0.17216198,-0.19332142,-0.15772748,-0.14054683,-0.13041237,-0.12557748,-0.13840355,-0.16368966,-0.30584824,-0.16709845,-0.18114206,-0.19315565,-0.11441202,-0.15081406,-0.14087212,-0.17838642,-0.16699518,-0.1648002,-0.14331086,-0.18237996,-0.12850127,-0.1537514,-0.13750349,-0.24156228,-0.1799083,-0.10323581,-0.13556813,-0.14202167,-0.1744557,-0.11049551,-0.13474354,-0.15241069,-0.16009574,-0.18228687,-0.15415901,-0.14906155,-0.19184028,-0.17550346,-0.1642489,-0.14723541,-0.14623587,-0.11499533,-0.10471026,-0.13533348,-0.20148799,-0.17714247,-0.12513243,-0.16669773,-0.18041904,-0.18738703,-0.11705899,-0.17652431,-0.25916535,-0.09250238,-0.09230434,-0.11490741,-0.13615625,-0.14809474,-0.09856498,-0.1892778
k__Bacteria|p__Firmicutes|c__Negativicutes|o__Selenomonadales|f__Selenomonadaceae|g__Selenomonas|s__Selenomonas_flueggei,-0.1004395,-0.12316422,-0.1431391,-0.20428483,-0.16785116,-0.19412813,-0.1666669,-0.14499423,-0.12534848,-0.18320054,-0.18485469,-0.23843011,-0.16969115,-0.20927611,-0.10341458,-0.10021849,-0.058144663,-0.099255405,-0.108186916,-0.17103529,-0.1978925,-0.12536043,-0.13618174,-0.15185955,-0.17208475,-0.11658599,-0.16723979,-0.17354271,-0.1509206,-0.12124001,-0.13488081,-0.106591865,-0.14849445,-0.19743319,-0.18932047,-0.2175087,-0.16221389,-0.22338755,-0.19911891,-0.29867563,-0.29210672,-0.19941562,-0.10708824,-0.09162698,-0.13691942,-0.15560874,-0.23188588,-0.19467391,-0.14651592,-0.2026537,-0.18473363,-0.18279888,-0.19980727,-0.2020496,-0.20815098,-0.15628518,-0.12583156,-0.14383903,-0.09170526,-0.0958613,-0.171044,-0.14202188,-0.13743341,-0.14708829,-0.12719077,-0.15128213,-0.2613474,-0.22333384,-0.18952475,-0.20047067,-0.14547327,-0.14926389,-0.13119495,-0.14322,-0.14999793,-0.16381916,-0.1458874,-0.16278498,-0.16033363,-0.14998752,-0.1470429,-0.15778005,-0.15323275,-0.22480208,-0.120334074,-0.1415394,-0.11870387,-0.16043352,-0.1740597,-0.15659103,-0.1679513,-0.11139822,-0.1388583,-0.13027036,-0.12822425,-0.15152657,-0.14204545,-0.11524392,-0.10065024,-0.090816095,-0.10534726,-0.1205152,-0.13495275,-0.15027548,-0.15990673,-0.1185138,-0.11129953,-0.1578567,-0.17738779,-0.13389747,-0.16549344,-0.25953975,-0.14892496,-0.13325138,-0.14242144,-0.15095688,-0.17780018,-0.16486774,-0.22917573,-0.09015879,-0.110076874,-0.1349462,-0.13000363,-0.13997786,-0.17439343,-0.13908121,-0.16057305,-0.12777606,-0.07092635,-0.03704006,-0.13748015,-0.16181141,-0.17887032,-0.14332479,-0.12334781,-0.13558084,-0.12023825,-0.13815176,-0.25318068,-0.26654312,-0.083238766,-0.10945694,-0.14379135,-0.09238048,-0.18782252,-0.19129768,-0.1534205,-0.09018842,-0.13230102,-0.14973946,-0.15076627,-0.15930471,-0.17098075,-0.18288551,-0.088218436,-0.124002725,-0.14147502,-0.10256614,-0.17951453,-0.19495486,-0.19146231,-0.10001217,-0.13113372,-0.08061083,-0.12808935,-0.19006202,-0.19413386,-0.19224887,-0.12278648,-0.07542445,-0.09719011,-0.119108066,-0.13656822,-0.12406494,-0.121451,-0.0947431,-0.0969881,-0.1084096,-0.082459606,-0.11291136,-0.13188836,-0.16658902,-0.1410757,-0.13679774,-0.18093297,-0.17825818,-0.19557208,-0.14510202,-0.15549555,-0.13548532,-0.119081676,-0.14001076,-0.19117098,-0.19269753,-0.18252122,-0.19755594,-0.25103784,-0.20219928,-0.190303,-0.19226882,-0.18315181,-0.17498845,-0.27554205,-0.08916744,-0.11956477,-0.12794535,-0.15751183,-0.20931396,-0.18224281,-0.29657933,-0.32474133,-0.154741,-0.3242122,-0.17325558,-0.17108874,-0.2185038,-0.17647925,-0.114121355,-0.14047086,-0.15388772,-0.15788373,-0.22984435,-0.18186735,-0.2648919,-0.104557425,-0.12455491,-0.13838407,-0.12395326,-0.15189947,-0.15452307,-0.15542096,-0.14014931,-0.15141064,-0.16256171,-0.1556941,-0.15345411,-0.15373206,-0.13426544,-0.122964114,-0.1465212,-0.19010997,-0.17796075,-0.21025829,-0.3990198,-0.20566958,-0.113375746,-0.1296617,-0.118673384,-0.14791715,-0.16636807,-0.18601935,-0.19211689,-0.13174167,-0.076600745,-0.152748,-0.13975231,-0.14106366,-0.11749915,-0.19987361,-0.1649412,-0.15930349,-0.14223175,-0.12384494,-0.12722544,-0.14610182,-0.2588673,-0.10747559,-0.13074079,-0.09132757,-0.12832497,-0.12861654,-0.1497482,-0.15105557,-0.09615126,-0.08910369,-0.1242104,-0.11074331,-0.13799308,-0.1508867,-0.1703216,-0.14292316,-0.116136625,-0.17398793,-0.15199718,-0.14215875,-0.12613872,-0.14119738,-0.17466888,-0.13176009,-0.13209312,-0.14591339,-0.12300314,-0.08722703,-0.05825615,-0.1434909,-0.17082691,-0.026243303,-0.16789292,-0.2829064,-0.31316653,-0.20012036,-0.14569555,-0.14331596,-0.14862512,-0.12963767,-0.25088155,-0.19513689,-0.18855429,-0.094461575,-0.10914703,-0.10702289,-0.09347385,-0.12759323,-0.15301643,-0.15746465,-0.16756603,-0.12812386,-0.0969081,-0.16398169,-0.14286365,-0.11335766,-0.18846886,-0.1706479,-0.15433148,-0.12571815,-0.115196005,-0.11302835,-0.11662802,-0.17540166,-0.13848525,-0.13432254,-0.096878245,-0.121572524,-0.091358274,-0.12434345,-0.13504902,-0.063823454,-0.13877153,-0.11419349,-0.13390724,-0.24483351,-0.2571875,-0.29957527,-0.1464895,-0.15693931,-0.132523,-0.19104545,-0.0782174,-0.17264149,-0.16445304,-0.09859173,-0.11065883,-0.113680065,-0.076612435,-0.083404,-0.1213824,-0.13072303,-0.13855581,-0.19385117,-0.09923516,-0.15600702,-0.19487974,-0.19186105,-0.18748614,-0.1110629,-0.14308837,-0.10248447,-0.15858032,-0.19546258,-0.1724978,-0.16957828,-0.14297739,-0.14278446,-0.10269146,-0.15340523,-0.16203013,-0.18163636,-0.19641465,-0.12099701,-0.14700983,-0.113524884,-0.079751156,-0.1439203,-0.20725825,-0.16078357,-0.125103,-0.15657571,-0.15690626,-0.14415444,-0.19202894,-0.16284142,-0.1814445,-0.2963242,-0.20237263,-0.18244462,-0.17269346,-0.19437857,-0.15847218,-0.14054683,-0.13042574,-0.12557748,-0.13846567,-0.16431281,-0.30584824,-0.16741802,-0.181181,-0.19353804,-0.11441202,-0.15034595,-0.1408866,-0.17837626,-0.16728973,-0.16431364,-0.14331086,-0.18237996,-0.1289693,-0.15383747,-0.13903955,-0.24156228,-0.1800718,-0.10319716,-0.13562866,-0.14174499,-0.17436822,-0.1103577,-0.13471583,-0.15144253,-0.15998775,-0.18273516,-0.15373313,-0.14937147,-0.19184028,-0.17594077,-0.16334285,-0.14723541,-0.14623587,-0.11499533,-0.10471026,-0.13518962,-0.20148799,-0.17672952,-0.12513243,-0.1665761,-0.18041904,-0.18738703,-0.11705899,-0.17489916,-0.2631854,-0.092678584,-0.09210539,-0.11507708,-0.13609192,-0.14828442,-0.098790586,-0.18889764
k__Bacteria|p__Firmicutes|c__Negativicutes|o__Veillonellales|f__Veillonellaceae|g__Megasphaera|s__Megasphaera_SGB5856,-0.1004395,-0.12316422,-0.14124219,-0.20428483,-0.1670252,-0.19355357,-0.1666669,-0.14534897,-0.1248681,-0.18410969,-0.18345377,-0.22364499,-0.16937026,-0.20430228,-0.1030328,-0.09897566,-0.058144663,-0.09981685,-0.1075,-0.17102107,-0.1978925,-0.12536043,-0.1366216,-0.15282145,-0.17167367,-0.11658599,-0.16775846,-0.17455985,-0.1509206,-0.12124001,-0.13523003,-0.1052947,-0.14833683,-0.19576757,-0.1893749,-0.2175087,-0.16088353,-0.22338755,-0.19697413,-0.29867563,-0.29210672,-0.19782783,-0.10716519,-0.09162698,-0.13691942,-0.15509126,-0.23188588,-0.19384512,-0.14663151,-0.2026537,-0.18409696,-0.18279888,-0.19714239,-0.19806959,-0.20257732,-0.15836467,-0.12577404,-0.14394641,-0.09226872,-0.09545183,-0.1715971,-0.14277446,-0.13743341,-0.1471281,-0.12719077,-0.15122744,-0.2613474,-0.22333384,-0.18902841,-0.20047067,-0.14602995,-0.14952992,-0.1305995,-0.14278467,-0.15125665,-0.1647492,-0.14718667,-0.16278498,-0.15951936,-0.14998752,-0.1474455,-0.15705752,-0.15347065,-0.22480208,-0.120334074,-0.14160082,-0.11825649,-0.16142288,-0.17449737,-0.1556232,-0.16858128,-0.11139822,-0.1388583,-0.13027036,-0.1287635,-0.15152657,-0.14281452,-0.115754515,-0.10065024,-0.09026507,-0.10540435,-0.120485574,-0.13502073,-0.15027548,-0.1607661,-0.1185138,-0.11129953,-0.1578567,-0.17738779,-0.13380249,-0.1635345,-0.25953975,-0.14882797,-0.1325139,-0.14149828,-0.15095688,-0.17780018,-0.16334452,-0.22917573,-0.09015879,-0.11011917,-0.13478157,-0.1297209,-0.13997786,-0.17379805,-0.13908121,-0.16057305,-0.12777606,-0.07092635,-0.03704006,-0.13698371,-0.16231626,-0.17934203,-0.14332479,-0.12334781,-0.13576575,-0.12023825,-0.13832779,-0.25318068,-0.26654312,-0.08331931,-0.10945694,-0.14471221,-0.09238048,-0.18782339,-0.19035959,-0.15291354,-0.0900787,-0.13230102,-0.1496388,-0.15041868,-0.1591724,-0.1707528,-0.1842373,-0.08752391,-0.12390855,-0.14137886,-0.10256614,-0.17951453,-0.19495486,-0.19153218,-0.09998518,-0.13113372,-0.079055175,-0.12764272,-0.19006202,-0.19356775,-0.191778,-0.12380504,-0.07515864,-0.09692322,-0.11830561,-0.13660213,-0.12406494,-0.121451,-0.09435734,-0.09638487,-0.10834543,-0.082459606,-0.112697735,-0.13234252,-0.16752231,-0.1410757,-0.13631985,-0.18093297,-0.17825818,-0.19407487,-0.1445603,-0.15549555,-0.1355801,-0.119081676,-0.14001076,-0.19117098,-0.1911077,-0.18151107,-0.19755594,-0.25103784,-0.20219928,-0.19016597,-0.19106168,-0.18260628,-0.17355901,-0.27554205,-0.08916744,-0.11956477,-0.12765561,-0.15751183,-0.20931396,-0.18224281,-0.29657933,-0.32474133,-0.15134181,-0.3242122,-0.17325558,-0.17108874,-0.2185038,-0.17647925,-0.114121355,-0.1398169,-0.15388772,-0.15788373,-0.22984435,-0.18186735,-0.2545684,-0.10424471,-0.12455491,-0.13861331,-0.1241906,-0.15189947,-0.15541488,-0.15670165,-0.14014931,-0.15141064,-0.16360962,-0.15544006,-0.15377635,-0.15307482,-0.13385731,-0.12308631,-0.14646938,-0.19081973,-0.17728457,-0.21025829,-0.3990198,-0.20099685,-0.1133893,-0.1296617,-0.11845596,-0.14807361,-0.16636807,-0.18712462,-0.19178972,-0.13159601,-0.0763421,-0.15325809,-0.13973631,-0.14106366,-0.11852972,-0.19987361,-0.1649412,-0.15868643,-0.14132223,-0.1235597,-0.12722544,-0.14610182,-0.2588673,-0.10707472,-0.13074079,-0.09132757,-0.12832497,-0.12936231,-0.14990398,-0.15228781,-0.096230514,-0.08910369,-0.124273054,-0.1103427,-0.13781984,-0.15086251,-0.17064303,-0.14304814,-0.1163286,-0.17413512,-0.15199344,-0.1425521,-0.12521811,-0.14259988,-0.17466888,-0.13176009,-0.13220334,-0.14596015,-0.12299982,-0.08722703,-0.05825615,-0.14363441,-0.17082691,-0.026243303,-0.16620518,-0.2829064,-0.31316653,-0.19753936,-0.14585048,-0.14331596,-0.14862512,-0.12963767,-0.25088155,-0.19392824,-0.18883187,-0.09449528,-0.10930972,-0.10702289,-0.0937804,-0.12759323,-0.15299329,-0.15746465,-0.1674228,-0.12812386,-0.0969081,-0.16398169,-0.14411418,-0.11335766,-0.18846886,-0.1706479,-0.1540575,-0.12585577,-0.115196005,-0.11286056,-0.11662802,-0.17644745,-0.13866653,-0.13452779,-0.096878245,-0.12098262,-0.09164482,-0.12434345,-0.13623574,-0.063823454,-0.13877153,-0.11419349,-0.1336711,-0.24483351,-0.2571875,-0.29957527,-0.14625677,-0.15692753,-0.13212392,-0.19104545,-0.0782174,-0.1722543,-0.16464826,-0.09859173,-0.11065883,-0.11496562,-0.076612435,-0.083404,-0.1213824,-0.13072303,-0.13855581,-0.19385117,-0.09886555,-0.15562393,-0.19487974,-0.19118762,-0.18704763,-0.11118099,-0.14310056,-0.103029594,-0.15970877,-0.19416755,-0.1732707,-0.16917014,-0.14290203,-0.1426088,-0.101321235,-0.15330361,-0.1617997,-0.18096045,-0.1951916,-0.12124207,-0.1476047,-0.11375897,-0.07984332,-0.14278837,-0.20725825,-0.16100258,-0.125103,-0.15657571,-0.15690626,-0.1435795,-0.19202894,-0.16270906,-0.18242079,-0.2963242,-0.19629712,-0.18080156,-0.17154182,-0.19267032,-0.15738879,-0.14054683,-0.13028717,-0.12557748,-0.13823584,-0.162824,-0.30584824,-0.16670412,-0.18140835,-0.19287631,-0.11441202,-0.15070203,-0.14054614,-0.17815259,-0.16709593,-0.16483852,-0.14331086,-0.18237996,-0.12803677,-0.15334569,-0.13701388,-0.24156228,-0.17930943,-0.10309102,-0.13519664,-0.14215447,-0.17475836,-0.11015421,-0.13446681,-0.15290263,-0.16028048,-0.18184763,-0.15443833,-0.14918709,-0.19184028,-0.1754368,-0.16474834,-0.14723541,-0.14623587,-0.11499533,-0.10471026,-0.13489863,-0.20148799,-0.17745513,-0.12513243,-0.16581959,-0.18041904,-0.18738703,-0.11705899,-0.17719954,-0.2586031,-0.09234741,-0.09213285,-0.1145058,-0.13604495,-0.1480386,-0.09815514,-0.1893913
k__Bacteria|p__Firmicutes|c__Negativicutes|o__Veillonellales|f__Veillonellaceae|g__Dialister|s__Dialister_hominis,-0.1004395,-0.12316422,-0.14249824,-0.20428483,-0.16808619,-0.19300689,-0.1666669,-0.14522797,-0.12498887,-0.18239254,-0.1834511,-0.23538852,-0.16735747,-0.20912951,-0.10415794,-0.10082719,-0.058144663,-0.10034318,-0.108805284,-0.17022866,-0.1978925,-0.12536043,-0.1363605,-0.15195838,-0.17151023,-0.11658599,-0.16678283,-0.17315423,-0.1509206,-0.12124001,-0.13497078,-0.107021764,-0.14809701,-0.1961346,-0.18826357,-0.2175087,-0.16201393,-0.22338755,-0.19772726,-0.29867563,-0.29210672,-0.19778854,-0.1079656,-0.09162698,-0.13691942,-0.15531552,-0.23188588,-0.19381812,-0.14659472,-0.2026537,-0.1849688,-0.18279888,-0.19827572,-0.19942462,-0.20549719,-0.15568003,-0.1261703,-0.1438607,-0.09274042,-0.0966322,-0.17076893,-0.14206615,-0.13743341,-0.14708547,-0.12719077,-0.15062293,-0.2613474,-0.22333384,-0.18902081,-0.20047067,-0.14571193,-0.14921999,-0.1312077,-0.1429601,-0.15007903,-0.16381183,-0.145886,-0.16278498,-0.16034284,-0.14998752,-0.14690828,-0.15748173,-0.15285546,-0.22480208,-0.120334074,-0.1414097,-0.118994415,-0.16046694,-0.17373425,-0.15602958,-0.16730711,-0.11139822,-0.1388583,-0.13027036,-0.1283654,-0.15152657,-0.1419994,-0.1156522,-0.10065024,-0.0914541,-0.105965085,-0.12089919,-0.13519011,-0.15027548,-0.15977801,-0.1185138,-0.11129953,-0.1578567,-0.17738779,-0.13373175,-0.163948,-0.25953975,-0.14879674,-0.133091,-0.1421149,-0.15095688,-0.17780018,-0.16431203,-0.22917573,-0.09015879,-0.11045095,-0.13495527,-0.13002151,-0.13997786,-0.17370066,-0.13908121,-0.16057305,-0.12777606,-0.07092635,-0.03704006,-0.13752973,-0.16150062,-0.17822242,-0.14332479,-0.12334781,-0.13564172,-0.12023825,-0.13812135,-0.25318068,-0.26654312,-0.08457617,-0.10945694,-0.143725,-0.09238048,-0.1869022,-0.19048437,-0.15316632,-0.09135642,-0.13230102,-0.14942445,-0.1504995,-0.15897304,-0.17039266,-0.1824173,-0.08932709,-0.12425284,-0.14168149,-0.10256614,-0.17951453,-0.19495486,-0.19065568,-0.100875,-0.13113372,-0.081193134,-0.12766168,-0.19006202,-0.19340158,-0.19139408,-0.12349039,-0.0770172,-0.09805429,-0.119135216,-0.13652438,-0.12406494,-0.121451,-0.095739625,-0.09772274,-0.1089156,-0.082459606,-0.113258354,-0.1320417,-0.16637018,-0.1410757,-0.13671413,-0.18093297,-0.17825818,-0.19444862,-0.14474614,-0.15549555,-0.13545467,-0.119081676,-0.14001076,-0.19117098,-0.19211552,-0.18160129,-0.19755594,-0.25103784,-0.20219928,-0.18970181,-0.19126704,-0.18210861,-0.17400569,-0.27554205,-0.08916744,-0.11956477,-0.12795657,-0.15751183,-0.20931396,-0.18224281,-0.29657933,-0.32474133,-0.15175518,-0.3242122,-0.17325558,-0.17108874,-0.2185038,-0.17647925,-0.114121355,-0.14039691,-0.15388772,-0.15788373,-0.22984435,-0.18186735,-0.260368,-0.10530901,-0.12455491,-0.1383551,-0.12414558,-0.15189947,-0.15475631,-0.15554807,-0.14014931,-0.15141064,-0.16246153,-0.15554526,-0.15335193,-0.15325451,-0.13416013,-0.123220086,-0.14596513,-0.1892813,-0.17721054,-0.21025829,-0.3990198,-0.20061839,-0.11397751,-0.1296617,-0.118923604,-0.14742579,-0.16636807,-0.18555477,-0.19108027,-0.13181642,-0.077778846,-0.15230682,-0.13975227,-0.14106366,-0.117716804,-0.19987361,-0.1649412,-0.15907258,-0.14182052,-0.12395407,-0.12722544,-0.14610182,-0.2588673,-0.10802433,-0.13074079,-0.09132757,-0.12832497,-0.12889785,-0.1497191,-0.1512776,-0.097163096,-0.08910369,-0.124308355,-0.11124546,-0.13788229,-0.15062153,-0.16973916,-0.14301015,-0.11644714,-0.17349306,-0.15176307,-0.14220089,-0.12644723,-0.14097537,-0.17466888,-0.13176009,-0.13206942,-0.14578599,-0.1234851,-0.08722703,-0.05825615,-0.14352655,-0.17082691,-0.026243303,-0.16684178,-0.2829064,-0.31316653,-0.19716254,-0.14569789,-0.14331596,-0.14862512,-0.12963767,-0.25088155,-0.19455285,-0.18780552,-0.09537707,-0.109755866,-0.10702289,-0.09395933,-0.12759323,-0.15230092,-0.15746465,-0.16716251,-0.12812386,-0.0969081,-0.16398169,-0.14297971,-0.11335766,-0.18846886,-0.1706479,-0.15419441,-0.12609237,-0.115196005,-0.11314106,-0.11662802,-0.17498647,-0.13862582,-0.13464886,-0.096878245,-0.12171824,-0.09232703,-0.12434345,-0.13533661,-0.063823454,-0.13877153,-0.11419349,-0.13389987,-0.24483351,-0.2571875,-0.29957527,-0.14646068,-0.15669419,-0.13237894,-0.19104545,-0.0782174,-0.1720707,-0.16383144,-0.09859173,-0.11065883,-0.114383236,-0.076612435,-0.083404,-0.1213824,-0.13072303,-0.13855581,-0.19385117,-0.1004056,-0.15546599,-0.19487974,-0.19082446,-0.18637535,-0.11171659,-0.14334357,-0.10330374,-0.1584844,-0.19399197,-0.17147696,-0.16876024,-0.14304042,-0.14279288,-0.10301382,-0.15291892,-0.16160013,-0.18065499,-0.19504106,-0.12147876,-0.14714792,-0.11399278,-0.080563776,-0.14298707,-0.20725825,-0.1610204,-0.125103,-0.15657571,-0.15690626,-0.14395744,-0.19202894,-0.16240221,-0.18091506,-0.2963242,-0.20052144,-0.1805695,-0.17207766,-0.19335547,-0.15778092,-0.14054683,-0.13061838,-0.12557748,-0.13843536,-0.16325395,-0.30584824,-0.16689852,-0.18064535,-0.19257683,-0.11441202,-0.14995973,-0.14088154,-0.17761517,-0.1668598,-0.16398028,-0.14331086,-0.18237996,-0.12889218,-0.15302588,-0.13794239,-0.24156228,-0.17983514,-0.10405322,-0.13566455,-0.14180908,-0.1740525,-0.110953666,-0.13463506,-0.15134484,-0.16013259,-0.18215016,-0.15349019,-0.14921306,-0.19184028,-0.17552418,-0.16331984,-0.14723541,-0.14623587,-0.11499533,-0.10471026,-0.13468358,-0.20148799,-0.17665732,-0.12513243,-0.1660108,-0.18041904,-0.18738703,-0.11705899,-0.17451365,-0.26053128,-0.09368121,-0.09303493,-0.115395024,-0.13596183,-0.14804146,-0.099320404,-0.18800153
k__Bacteria|p__Firmicutes|c__Bacilli|o__Lactobacillales|f__Lactobacillaceae|g__Ligilactobacillus|s__Ligilactobacillus_ruminis,-0.1004395,-0.12316422,-0.14216748,-0.20428483,-0.16612612,-0.19375846,-0.1666669,-0.14483537,-0.12581924,-0.18399376,-0.18335089,-0.2198607,-0.17091063,-0.20174408,-0.10313395,-0.09878823,-0.058144663,-0.09922658,-0.10764325,-0.17097639,-0.1978925,-0.12536043,-0.13623321,-0.15196782,-0.17132194,-0.11658599,-0.16786374,-0.17356202,-0.1509206,-0.12124001,-0.13528554,-0.10605607,-0.14857909,-0.19573921,-0.18938062,-0.2175087,-0.1599355,-0.22338755,-0.19644111,-0.29867563,-0.29210672,-0.19834864,-0.10702996,-0.09162698,-0.13691942,-0.1548661,-0.23188588,-0.19377622,-0.14684394,-0.2026537,-0.18333748,-0.18279888,-0.19696683,-0.19788778,-0.20239738,-0.15786117,-0.12562785,-0.14364104,-0.09209396,-0.09563099,-0.17125736,-0.14221925,-0.13743341,-0.14675358,-0.12719077,-0.15191945,-0.2613474,-0.22333384,-0.18816486,-0.20047067,-0.14539008,-0.1491378,-0.1308137,-0.14274171,-0.15044236,-0.16331425,-0.14647931,-0.16278498,-0.1590378,-0.14998752,-0.14718682,-0.15709233,-0.15340807,-0.22480208,-0.120334074,-0.14156082,-0.11831496,-0.16076511,-0.17356938,-0.15563184,-0.16823602,-0.11139822,-0.1388583,-0.13027036,-0.1290016,-0.15152657,-0.14324938,-0.11556557,-0.10065024,-0.090759024,-0.10562437,-0.12047617,-0.13497314,-0.15027548,-0.16023937,-0.1185138,-0.11129953,-0.1578567,-0.17738779,-0.13337739,-0.1644967,-0.25953975,-0.14864695,-0.1329125,-0.14177299,-0.15095688,-0.17780018,-0.16374236,-0.22917573,-0.09015879,-0.11028534,-0.13474584,-0.12970826,-0.13997786,-0.17383026,-0.13908121,-0.16057305,-0.12777606,-0.07092635,-0.03704006,-0.13732415,-0.16225252,-0.17863669,-0.14332479,-0.12334781,-0.1361838,-0.12023825,-0.1383571,-0.25318068,-0.26654312,-0.083567955,-0.10945694,-0.1445716,-0.09238048,-0.1882871,-0.19019383,-0.15344203,-0.090340674,-0.13230102,-0.14966094,-0.15033293,-0.15883163,-0.1705487,-0.1836559,-0.087988004,-0.1235266,-0.14013737,-0.10256614,-0.17951453,-0.19495486,-0.19087109,-0.10031326,-0.13113372,-0.079786524,-0.1283115,-0.19006202,-0.19310744,-0.19159658,-0.12283486,-0.07547358,-0.09731628,-0.11869158,-0.13669503,-0.12406494,-0.121451,-0.09435263,-0.09682478,-0.108786225,-0.082459606,-0.11333525,-0.13266592,-0.16684924,-0.1410757,-0.13655034,-0.18093297,-0.17825818,-0.19420943,-0.1450686,-0.15549555,-0.13532524,-0.119081676,-0.14001076,-0.19117098,-0.19066994,-0.18129003,-0.19755594,-0.25103784,-0.20219928,-0.19065182,-0.19132625,-0.1829562,-0.17434697,-0.27554205,-0.08916744,-0.11956477,-0.12855822,-0.15751183,-0.20931396,-0.18224281,-0.29657933,-0.32474133,-0.15583313,-0.3242122,-0.17325558,-0.17108874,-0.2185038,-0.17647925,-0.114121355,-0.14018786,-0.15388772,-0.15788373,-0.22984435,-0.18186735,-0.25612003,-0.10436456,-0.12455491,-0.13879855,-0.12446946,-0.15189947,-0.1548743,-0.15593405,-0.14014931,-0.15141064,-0.16274904,-0.15501887,-0.15339951,-0.15308441,-0.13423538,-0.12320852,-0.14674607,-0.1901049,-0.17682593,-0.21025829,-0.3990198,-0.20631975,-0.11351484,-0.1296617,-0.118686005,-0.14827266,-0.16636807,-0.18642843,-0.19171822,-0.13151604,-0.07737403,-0.15321231,-0.1399797,-0.14106366,-0.117515154,-0.19987361,-0.1649412,-0.15862627,-0.14172745,-0.12378979,-0.12722544,-0.14610182,-0.2588673,-0.10728511,-0.13074079,-0.09132757,-0.12832497,-0.12926987,-0.14983469,-0.15155528,-0.09619981,-0.08910369,-0.12453739,-0.11071187,-0.13799652,-0.15102449,-0.17020686,-0.14289142,-0.116880834,-0.17373668,-0.15211868,-0.14227298,-0.12557341,-0.14199823,-0.17466888,-0.13176009,-0.13260798,-0.14571428,-0.12290208,-0.08722703,-0.05825615,-0.14339337,-0.17082691,-0.026243303,-0.16645756,-0.2829064,-0.31316653,-0.2002155,-0.14549571,-0.14331596,-0.14862512,-0.12963767,-0.25088155,-0.19335699,-0.18846306,-0.094868146,-0.10932679,-0.10702289,-0.09398863,-0.12759323,-0.15336972,-0.15746465,-0.16673471,-0.12812386,-0.0969081,-0.16398169,-0.14326337,-0.11335766,-0.18846886,-0.1706479,-0.15363501,-0.12580425,-0.115196005,-0.11303655,-0.11662802,-0.17604384,-0.13828585,-0.13420768,-0.096878245,-0.12129044,-0.09191643,-0.12434345,-0.13586283,-0.063823454,-0.13877153,-0.11419349,-0.13384336,-0.24483351,-0.2571875,-0.29957527,-0.145966,-0.15670009,-0.1325511,-0.19104545,-0.0782174,-0.17273504,-0.16412306,-0.09859173,-0.11065883,-0.11459507,-0.076612435,-0.083404,-0.1213824,-0.13072303,-0.13855581,-0.19385117,-0.09878251,-0.15568233,-0.19487974,-0.1913224,-0.18702957,-0.111326694,-0.14293717,-0.10332668,-0.15894365,-0.19412602,-0.17252901,-0.16916013,-0.14267898,-0.14235614,-0.10207551,-0.1534754,-0.16149306,-0.1812789,-0.19517839,-0.121272035,-0.14716832,-0.114078134,-0.08065668,-0.14314388,-0.20725825,-0.16043544,-0.125103,-0.15657571,-0.15690626,-0.14368254,-0.19202894,-0.16254154,-0.18195906,-0.2963242,-0.1991269,-0.18237892,-0.17207122,-0.19329382,-0.15780905,-0.14054683,-0.13032596,-0.12557748,-0.13846603,-0.16304329,-0.30584824,-0.16732463,-0.18114279,-0.19280082,-0.11441202,-0.15081106,-0.14062835,-0.1779514,-0.16684549,-0.1644311,-0.14331086,-0.18237996,-0.12862125,-0.15336803,-0.13771585,-0.24156228,-0.17973104,-0.10318574,-0.1353323,-0.14202073,-0.17405081,-0.110543296,-0.13495202,-0.15213469,-0.15926045,-0.18205991,-0.15409732,-0.14895076,-0.19184028,-0.17520973,-0.1638822,-0.14723541,-0.14623587,-0.11499533,-0.10471026,-0.1354745,-0.20148799,-0.17658535,-0.12513243,-0.16556375,-0.18041904,-0.18738703,-0.11705899,-0.1763946,-0.25978994,-0.09257619,-0.092422485,-0.1150146,-0.13618922,-0.14792757,-0.0989081,-0.18901324
k__Bacteria|p__Firmicutes|c__Bacilli|o__Lactobacillales|f__Lactobacillaceae|g__Ligilactobacillus|s__Ligilactobacillus_saerimneri,-0.1004395,-0.12316422,-0.1418957,-0.20428483,-0.1670915,-0.19353548,-0.1666669,-0.14507023,-0.12510724,-0.18364039,-0.18318856,-0.22607394,-0.1695444,-0.20510747,-0.10306789,-0.09943244,-0.058144663,-0.09958051,-0.1078397,-0.17086571,-0.1978925,-0.12536043,-0.13626516,-0.15220034,-0.17151251,-0.11658599,-0.16749108,-0.17382015,-0.1509206,-0.12124001,-0.13517734,-0.10579725,-0.14847434,-0.19576612,-0.18916899,-0.2175087,-0.16110176,-0.22338755,-0.19746193,-0.29867563,-0.29210672,-0.1981816,-0.10716231,-0.09162698,-0.13691942,-0.15515879,-0.23188588,-0.19388467,-0.14656483,-0.2026537,-0.18389758,-0.18279888,-0.19741403,-0.19853571,-0.20331547,-0.15752353,-0.12570743,-0.14376633,-0.09207249,-0.095637456,-0.17123112,-0.14220251,-0.13743341,-0.1469475,-0.12719077,-0.15146509,-0.2613474,-0.22333384,-0.1888381,-0.20047067,-0.14559168,-0.14921334,-0.130808,-0.1427514,-0.15045843,-0.16382894,-0.14653069,-0.16278498,-0.15954177,-0.14998752,-0.14722289,-0.15719281,-0.1532146,-0.22480208,-0.120334074,-0.1415571,-0.11837882,-0.16081637,-0.17396083,-0.15578327,-0.16816562,-0.11139822,-0.1388583,-0.13027036,-0.12856719,-0.15152657,-0.14253673,-0.11542341,-0.10065024,-0.09049226,-0.105407044,-0.120463,-0.13500646,-0.15027548,-0.16030477,-0.1185138,-0.11129953,-0.1578567,-0.17738779,-0.13359156,-0.16424468,-0.25953975,-0.14877078,-0.13278031,-0.14172551,-0.15095688,-0.17780018,-0.1638583,-0.22917573,-0.09015879,-0.11023381,-0.13476194,-0.12964498,-0.13997786,-0.17384101,-0.13908121,-0.16057305,-0.12777606,-0.07092635,-0.03704006,-0.13725442,-0.16205442,-0.17885709,-0.14332479,-0.12334781,-0.13581318,-0.12023825,-0.138247,-0.25318068,-0.26654312,-0.08344933,-0.10945694,-0.1443449,-0.09238048,-0.18790072,-0.19032893,-0.15310925,-0.09028077,-0.13230102,-0.14963624,-0.1503706,-0.15897961,-0.17056082,-0.18351272,-0.08793113,-0.123748384,-0.14121732,-0.10256614,-0.17951453,-0.19495486,-0.19103989,-0.10005025,-0.13113372,-0.07957864,-0.12788683,-0.19006202,-0.19330446,-0.19171327,-0.12328033,-0.07531723,-0.097127505,-0.11857623,-0.136552,-0.12406494,-0.121451,-0.094495095,-0.096667975,-0.10850243,-0.082459606,-0.11282256,-0.1322046,-0.16700965,-0.1410757,-0.13649732,-0.18093297,-0.17825818,-0.19429934,-0.14477265,-0.15549555,-0.13541058,-0.119081676,-0.14001076,-0.19117098,-0.19133684,-0.18156835,-0.19755594,-0.25103784,-0.20219928,-0.19022809,-0.19128041,-0.18263358,-0.17416795,-0.27554205,-0.08916744,-0.11956477,-0.12804058,-0.15751183,-0.20931396,-0.18224281,-0.29657933,-0.32474133,-0.15407819,-0.3242122,-0.17325558,-0.17108874,-0.2185038,-0.17647925,-0.114121355,-0.14006585,-0.15388772,-0.15788373,-0.22984435,-0.18186735,-0.25701025,-0.104381055,-0.12455491,-0.13851479,-0.12412961,-0.15189947,-0.15484343,-0.15601821,-0.14014931,-0.15141064,-0.16289951,-0.15531883,-0.15347044,-0.15318528,-0.13401875,-0.12304621,-0.14641833,-0.19015628,-0.17697163,-0.21025829,-0.3990198,-0.20335782,-0.11341734,-0.1296617,-0.11844816,-0.14794125,-0.16636807,-0.18645701,-0.19168025,-0.13174969,-0.07662055,-0.15300062,-0.13983819,-0.14106366,-0.11792631,-0.19987361,-0.1649412,-0.15883681,-0.14165995,-0.123600274,-0.12722544,-0.14610182,-0.2588673,-0.10733105,-0.13074079,-0.09132757,-0.12832497,-0.12906794,-0.14977627,-0.1516591,-0.09622444,-0.08910369,-0.124308065,-0.11056173,-0.1379541,-0.15082085,-0.17032273,-0.14288977,-0.11644974,-0.17394172,-0.15185153,-0.14233412,-0.12543193,-0.14190388,-0.17466888,-0.13176009,-0.13225853,-0.1457076,-0.12284204,-0.08722703,-0.05825615,-0.14341982,-0.17082691,-0.026243303,-0.16709879,-0.2829064,-0.31316653,-0.19849333,-0.14566387,-0.14331596,-0.14862512,-0.12963767,-0.25088155,-0.19382177,-0.18848224,-0.09455663,-0.109271646,-0.10702289,-0.09353268,-0.12759323,-0.15305889,-0.15746465,-0.16706249,-0.12812386,-0.0969081,-0.16398169,-0.14347263,-0.11335766,-0.18846886,-0.1706479,-0.15397897,-0.12569144,-0.115196005,-0.112900265,-0.11662802,-0.17593923,-0.13840456,-0.13428491,-0.096878245,-0.12109874,-0.09165321,-0.12434345,-0.13581185,-0.063823454,-0.13877153,-0.11419349,-0.13387562,-0.24483351,-0.2571875,-0.29957527,-0.14620352,-0.15674397,-0.13216347,-0.19104545,-0.0782174,-0.17234981,-0.16431418,-0.09859173,-0.11065883,-0.11449594,-0.076612435,-0.083404,-0.1213824,-0.13072303,-0.13855581,-0.19385117,-0.09895411,-0.15574086,-0.19487974,-0.19118273,-0.18695438,-0.11121884,-0.14308462,-0.10281667,-0.15907972,-0.1941556,-0.1726586,-0.16919605,-0.14280818,-0.14251363,-0.10197137,-0.1532899,-0.161609,-0.18109713,-0.1952323,-0.12113628,-0.14720947,-0.113792785,-0.08002292,-0.14313588,-0.20725825,-0.16080745,-0.125103,-0.15657571,-0.15690626,-0.14374188,-0.19202894,-0.16261521,-0.18187532,-0.2963242,-0.19881038,-0.18138587,-0.1718931,-0.19320798,-0.1576131,-0.14054683,-0.1303328,-0.12557748,-0.13829374,-0.1637902,-0.30584824,-0.16687009,-0.18101954,-0.1928321,-0.11441202,-0.15055493,-0.1407099,-0.17808852,-0.16684735,-0.16451943,-0.14331086,-0.18237996,-0.12848128,-0.15350159,-0.13759747,-0.24156228,-0.17973828,-0.10321149,-0.1353639,-0.14181271,-0.1743288,-0.11037711,-0.13459978,-0.15209019,-0.15989211,-0.18200366,-0.15397388,-0.14904892,-0.19184028,-0.17540596,-0.16393715,-0.14723541,-0.14623587,-0.11499533,-0.10471026,-0.13511696,-0.20148799,-0.17695068,-0.12513243,-0.16619213,-0.18041904,-0.18738703,-0.11705899,-0.17602175,-0.2594797,-0.092521206,-0.09223397,-0.11484797,-0.13599172,-0.14797921,-0.0985497,-0.18899187
k__Bacteria|p__Firmicutes|c__Bacilli|o__Lactobacillales|f__Lactobacillaceae|g__Limosilactobacillus|s__Lactobacillus_timonensis,-0.1004395,-0.12316422,-0.14079633,-0.20428483,-0.16637337,-0.19234784,-0.1666669,-0.14421727,-0.124678,-0.18197697,-0.18213634,-0.21850936,-0.1686103,-0.20133393,-0.1031142,-0.09883553,-0.058144663,-0.09910808,-0.10757309,-0.16980976,-0.1978925,-0.12536043,-0.1357126,-0.15158403,-0.17049876,-0.11658599,-0.16675037,-0.17281489,-0.1509206,-0.12124001,-0.13460542,-0.105529085,-0.1474909,-0.19404452,-0.18779463,-0.2175087,-0.16039003,-0.22338755,-0.19571595,-0.29867563,-0.29210672,-0.19641313,-0.107016146,-0.09162698,-0.13691942,-0.15407895,-0.23188588,-0.19264331,-0.14594294,-0.2026537,-0.18327813,-0.18279888,-0.19532856,-0.19602308,-0.19951904,-0.15631941,-0.12522933,-0.14307378,-0.092215136,-0.095474035,-0.17031056,-0.14184502,-0.13743341,-0.1462189,-0.12719077,-0.15062611,-0.2613474,-0.22333384,-0.18786988,-0.20047067,-0.14492902,-0.14857534,-0.1300693,-0.14179167,-0.14967829,-0.16300993,-0.1460742,-0.16278498,-0.15882666,-0.14998752,-0.1465793,-0.1561957,-0.15245867,-0.22480208,-0.120334074,-0.14080198,-0.11780891,-0.16003597,-0.17291072,-0.15492311,-0.16709831,-0.11139822,-0.1388583,-0.13027036,-0.12817498,-0.15152657,-0.14220716,-0.11511803,-0.10065024,-0.090297505,-0.10512471,-0.12002328,-0.13439554,-0.15027548,-0.15953277,-0.1185138,-0.11129953,-0.1578567,-0.17738779,-0.1329115,-0.16290945,-0.25953975,-0.14796832,-0.13206562,-0.14070119,-0.15095688,-0.17780018,-0.16295493,-0.22917573,-0.09015879,-0.109808594,-0.13408935,-0.12900043,-0.13997786,-0.17275198,-0.13908121,-0.16057305,-0.12777606,-0.07092635,-0.03704006,-0.13639802,-0.16127905,-0.17771924,-0.14332479,-0.12334781,-0.13539076,-0.12023825,-0.13744137,-0.25318068,-0.26654312,-0.08368711,-0.10945694,-0.14370932,-0.09238048,-0.18649662,-0.18885681,-0.15213256,-0.09032549,-0.13230102,-0.14873433,-0.14945234,-0.15798287,-0.16958481,-0.18262321,-0.08801709,-0.12315011,-0.14036769,-0.10256614,-0.17951453,-0.19495486,-0.18980865,-0.09994093,-0.13113372,-0.07906935,-0.12711075,-0.19006202,-0.1920954,-0.19037086,-0.12294623,-0.075916514,-0.097044535,-0.117939554,-0.13579322,-0.12406494,-0.121451,-0.0943781,-0.09647137,-0.10822065,-0.082459606,-0.11238485,-0.13174063,-0.16604562,-0.1410757,-0.1357598,-0.18093297,-0.17825818,-0.19280092,-0.14399081,-0.15549555,-0.13474265,-0.119081676,-0.14001076,-0.19117098,-0.18987331,-0.18032649,-0.19755594,-0.25103784,-0.20219928,-0.18927884,-0.1899161,-0.18126442,-0.17280422,-0.27554205,-0.08916744,-0.11956477,-0.12747556,-0.15751183,-0.20931396,-0.18224281,-0.29657933,-0.32474133,-0.15195253,-0.3242122,-0.17325558,-0.17108874,-0.2185038,-0.17647925,-0.114121355,-0.13934825,-0.15388772,-0.15788373,-0.22984435,-0.18186735,-0.25192502,-0.10417181,-0.12455491,-0.13785934,-0.12369123,-0.15189947,-0.15423065,-0.1553888,-0.14014931,-0.15141064,-0.16209581,-0.15456915,-0.15272482,-0.15229638,-0.13327038,-0.12267122,-0.14561772,-0.18873502,-0.17575642,-0.21025829,-0.3990198,-0.19944304,-0.11307581,-0.1296617,-0.11779295,-0.14707205,-0.16636807,-0.18539435,-0.19048646,-0.13113023,-0.07710994,-0.15220845,-0.13929394,-0.14106366,-0.11728803,-0.19987361,-0.1649412,-0.15805988,-0.14076978,-0.12312293,-0.12722544,-0.14610182,-0.2588673,-0.106983855,-0.13074079,-0.09132757,-0.12832497,-0.12853462,-0.14917691,-0.15107468,-0.096193,-0.08910369,-0.12376259,-0.1102886,-0.13714682,-0.15008174,-0.16926292,-0.14229806,-0.1162049,-0.17269519,-0.1511108,-0.14153966,-0.12498828,-0.14111663,-0.17466888,-0.13176009,-0.13176072,-0.14500612,-0.12254916,-0.08722703,-0.05825615,-0.14273453,-0.17082691,-0.026243303,-0.16582717,-0.2829064,-0.31316653,-0.19609687,-0.14490129,-0.14331596,-0.14862512,-0.12963767,-0.25088155,-0.19265288,-0.18741721,-0.09465583,-0.109009415,-0.10702289,-0.0933772,-0.12759323,-0.1520909,-0.15746465,-0.16597353,-0.12812386,-0.0969081,-0.16398169,-0.14289865,-0.11335766,-0.18846886,-0.1706479,-0.15319881,-0.1254555,-0.115196005,-0.11240987,-0.11662802,-0.17493007,-0.13778862,-0.13380904,-0.096878245,-0.1205659,-0.091597944,-0.12434345,-0.13531774,-0.063823454,-0.13877153,-0.11419349,-0.13309531,-0.24483351,-0.2571875,-0.29957527,-0.14537206,-0.155819,-0.13157654,-0.19104545,-0.0782174,-0.17138882,-0.16324043,-0.09859173,-0.11065883,-0.11439011,-0.076612435,-0.083404,-0.1213824,-0.13072303,-0.13855581,-0.19385117,-0.09903194,-0.15485963,-0.19487974,-0.18999335,-0.18565844,-0.111001626,-0.14244822,-0.102923945,-0.15824027,-0.19255942,-0.17117168,-0.16818291,-0.14212874,-0.14176032,-0.10154842,-0.15228686,-0.16055906,-0.1798354,-0.193474,-0.12082845,-0.14650711,-0.11362161,-0.08018163,-0.14189199,-0.20725825,-0.1602251,-0.125103,-0.15657571,-0.15690626,-0.14297865,-0.19202894,-0.1618981,-0.18094732,-0.2963242,-0.19675699,-0.17977053,-0.17052904,-0.19150285,-0.15653405,-0.14054683,-0.12981933,-0.12557748,-0.1378,-0.16242927,-0.30584824,-0.16620642,-0.18010285,-0.19150333,-0.11441202,-0.14966561,-0.13989303,-0.17682403,-0.16598047,-0.16362709,-0.14331086,-0.18237996,-0.12800801,-0.15240462,-0.13639933,-0.24156228,-0.17883734,-0.102986254,-0.13475469,-0.14118099,-0.17332643,-0.110222444,-0.13404396,-0.1513705,-0.15885422,-0.1808176,-0.15322188,-0.14836724,-0.19184028,-0.17460795,-0.16328387,-0.14723541,-0.14623587,-0.11499533,-0.10471026,-0.13418674,-0.20148799,-0.17617011,-0.12513243,-0.16493997,-0.18041904,-0.18738703,-0.11705899,-0.17523624,-0.2566554,-0.092557475,-0.092203364,-0.11446129,-0.13521355,-0.14712623,-0.098394826,-0.18774149
k__Bacteria|p__Firmicutes|c__Bacilli|o__Lactobacillales|f__Lactobacillaceae|g__Lactobacillus|s__Lactobacillus_johnsonii,-0.1004395,-0.12316422,-0.14203551,-0.20428483,-0.16712068,-0.1942423,-0.1666669,-0.1454987,-0.12526417,-0.18447709,-0.18357337,-0.22707346,-0.16938768,-0.20512062,-0.10297069,-0.09900776,-0.058144663,-0.09981099,-0.10775174,-0.17154644,-0.1978925,-0.12536043,-0.13666996,-0.1528354,-0.17192526,-0.11658599,-0.16790062,-0.17451388,-0.1509206,-0.12124001,-0.13541439,-0.105558574,-0.14886472,-0.19628307,-0.18991603,-0.2175087,-0.16099696,-0.22338755,-0.19756311,-0.29867563,-0.29210672,-0.19909412,-0.10711652,-0.09162698,-0.13691942,-0.15533999,-0.23188588,-0.19433855,-0.14701983,-0.2026537,-0.18397056,-0.18279888,-0.19804141,-0.199335,-0.2047911,-0.15817834,-0.12594147,-0.14410219,-0.09214735,-0.095587455,-0.17184454,-0.14272659,-0.13743341,-0.14727908,-0.12719077,-0.1517142,-0.2613474,-0.22333384,-0.18930826,-0.20047067,-0.14609694,-0.14956963,-0.1310571,-0.14315546,-0.1512998,-0.16451035,-0.14707297,-0.16278498,-0.15952833,-0.14998752,-0.14755513,-0.15748972,-0.15379356,-0.22480208,-0.120334074,-0.14185956,-0.1184886,-0.161475,-0.17463505,-0.15608966,-0.16880012,-0.11139822,-0.1388583,-0.13027036,-0.12897933,-0.15152657,-0.1429671,-0.115619004,-0.10065024,-0.09030616,-0.10547118,-0.12062643,-0.13528068,-0.15027548,-0.16079971,-0.1185138,-0.11129953,-0.1578567,-0.17738779,-0.13410102,-0.16467984,-0.25953975,-0.14902942,-0.13289003,-0.14206779,-0.15095688,-0.17780018,-0.16406322,-0.22917573,-0.09015879,-0.11030184,-0.1350385,-0.12991078,-0.13997786,-0.17420039,-0.13908121,-0.16057305,-0.12777606,-0.07092635,-0.03704006,-0.13748002,-0.16269076,-0.17947742,-0.14332479,-0.12334781,-0.13592319,-0.12023825,-0.13868989,-0.25318068,-0.26654312,-0.08328258,-0.10945694,-0.144911,-0.09238048,-0.18854317,-0.19089738,-0.15334874,-0.090155095,-0.13230102,-0.14995874,-0.1506974,-0.15940747,-0.17105597,-0.1843918,-0.08766168,-0.1239589,-0.14126185,-0.10256614,-0.17951453,-0.19495486,-0.19179216,-0.100209296,-0.13113372,-0.07968332,-0.12818892,-0.19006202,-0.19389267,-0.19233915,-0.123621695,-0.07486377,-0.0970852,-0.11864783,-0.13684928,-0.12406494,-0.121451,-0.09443275,-0.09649132,-0.10852592,-0.082459606,-0.112979785,-0.1325313,-0.16759507,-0.1410757,-0.13662583,-0.18093297,-0.17825818,-0.19476545,-0.14511038,-0.15549555,-0.13578805,-0.119081676,-0.14001076,-0.19117098,-0.19161429,-0.18203603,-0.19755594,-0.25103784,-0.20219928,-0.19084722,-0.19173086,-0.18318835,-0.17457603,-0.27554205,-0.08916744,-0.11956477,-0.1281794,-0.15751183,-0.20931396,-0.18224281,-0.29657933,-0.32474133,-0.15381566,-0.3242122,-0.17325558,-0.17108874,-0.2185038,-0.17647925,-0.114121355,-0.14015491,-0.15388772,-0.15788373,-0.22984435,-0.18186735,-0.25739986,-0.10440888,-0.12455491,-0.13884413,-0.124423705,-0.15189947,-0.1554442,-0.15665321,-0.14014931,-0.15141064,-0.16361186,-0.15558349,-0.15396215,-0.15348558,-0.13415036,-0.123239815,-0.14674476,-0.1910398,-0.17762841,-0.21025829,-0.3990198,-0.20461018,-0.113525175,-0.1296617,-0.118760616,-0.14844692,-0.16636807,-0.18730587,-0.19221477,-0.13189209,-0.07636006,-0.15363874,-0.14003065,-0.14106366,-0.11845033,-0.19987361,-0.1649412,-0.158932,-0.14194074,-0.12371983,-0.12722544,-0.14610182,-0.2588673,-0.10736717,-0.13074079,-0.09132757,-0.12832497,-0.1295057,-0.15011935,-0.15217242,-0.096183985,-0.08910369,-0.12457377,-0.11054015,-0.13824216,-0.15121841,-0.17089775,-0.1432887,-0.116578594,-0.17449856,-0.15228935,-0.14275476,-0.12552653,-0.14255056,-0.17466888,-0.13176009,-0.13258317,-0.14605547,-0.12298094,-0.08722703,-0.05825615,-0.1438092,-0.17082691,-0.026243303,-0.16700934,-0.2829064,-0.31316653,-0.19957078,-0.14602044,-0.14331596,-0.14862512,-0.12963767,-0.25088155,-0.19432881,-0.18923497,-0.09458,-0.10934375,-0.10702289,-0.093846485,-0.12759323,-0.15349972,-0.15746465,-0.16743666,-0.12812386,-0.0969081,-0.16398169,-0.1439858,-0.11335766,-0.18846886,-0.1706479,-0.15423849,-0.12590979,-0.115196005,-0.11310797,-0.11662802,-0.17653094,-0.13877012,-0.1345156,-0.096878245,-0.12120914,-0.09165357,-0.12434345,-0.13617319,-0.063823454,-0.13877153,-0.11419349,-0.13412651,-0.24483351,-0.2571875,-0.29957527,-0.14655527,-0.15714535,-0.13260378,-0.19104545,-0.0782174,-0.17304298,-0.1647603,-0.09859173,-0.11065883,-0.1147369,-0.076612435,-0.083404,-0.1213824,-0.13072303,-0.13855581,-0.19385117,-0.09897407,-0.15622893,-0.19487974,-0.19172212,-0.18755612,-0.111349285,-0.1432371,-0.10302001,-0.15980276,-0.19474229,-0.17376514,-0.16946778,-0.14310387,-0.14276177,-0.101833,-0.15379407,-0.1619157,-0.18157423,-0.19570804,-0.12140547,-0.1476565,-0.11385824,-0.07996419,-0.14373133,-0.20725825,-0.16113538,-0.125103,-0.15657571,-0.15690626,-0.14387959,-0.19202894,-0.16302982,-0.1826171,-0.2963242,-0.19848703,-0.18194395,-0.17203493,-0.19374874,-0.15797508,-0.14054683,-0.13056627,-0.12557748,-0.13855591,-0.16393334,-0.30584824,-0.16737898,-0.18160382,-0.19317281,-0.11441202,-0.15110599,-0.14085947,-0.1786705,-0.1673695,-0.16493857,-0.14331086,-0.18237996,-0.12858689,-0.15387017,-0.13808694,-0.24156228,-0.17983697,-0.10324235,-0.13545024,-0.14232029,-0.17496003,-0.11033773,-0.13493946,-0.15273806,-0.16027725,-0.18228346,-0.1546911,-0.14947405,-0.19184028,-0.17583293,-0.16460852,-0.14723541,-0.14623587,-0.11499533,-0.10471026,-0.13556394,-0.20148799,-0.17751572,-0.12513243,-0.16588546,-0.18041904,-0.18738703,-0.11705899,-0.17720059,-0.25971046,-0.092379525,-0.09215923,-0.11486403,-0.13636258,-0.14835346,-0.09852289,-0.18967414
k__Bacteria|p__Firmicutes|c__Bacilli|o__Lactobacillales|f__Lactobacillaceae|g__Leuconostoc|s__Leuconostoc_pseudomesenteroides,-0.1004395,-0.12316422,-0.14196116,-0.20428483,-0.168183,-0.19378245,-0.1666669,-0.1451297,-0.12507352,-0.18339068,-0.18325658,-0.22374266,-0.16807686,-0.20392218,-0.1030912,-0.09899311,-0.058144663,-0.099114716,-0.10779184,-0.17110977,-0.1978925,-0.12536043,-0.13629311,-0.15234748,-0.17163402,-0.11658599,-0.16771095,-0.17412162,-0.1509206,-0.12124001,-0.13537368,-0.10573325,-0.14847971,-0.19576824,-0.18913943,-0.2175087,-0.16250238,-0.22338755,-0.19802603,-0.29867563,-0.29210672,-0.19776808,-0.107116826,-0.09162698,-0.13691942,-0.155359,-0.23188588,-0.19430213,-0.14681524,-0.2026537,-0.1859018,-0.18279888,-0.19756919,-0.19776863,-0.2020302,-0.15646978,-0.1257284,-0.1437885,-0.09204691,-0.0954617,-0.17144713,-0.14236909,-0.13743341,-0.14710976,-0.12719077,-0.15129822,-0.2613474,-0.22333384,-0.18957205,-0.20047067,-0.14567664,-0.14935964,-0.13071561,-0.14250554,-0.15019915,-0.16417888,-0.14690503,-0.16278498,-0.16024917,-0.14998752,-0.14735226,-0.15740386,-0.15329891,-0.22480208,-0.120334074,-0.14148898,-0.11831568,-0.16095574,-0.17433706,-0.15604225,-0.1683551,-0.11139822,-0.1388583,-0.13027036,-0.12849891,-0.15152657,-0.14284503,-0.11541392,-0.10065024,-0.0901775,-0.10507463,-0.12036072,-0.13501444,-0.15027548,-0.16054726,-0.1185138,-0.11129953,-0.1578567,-0.17738779,-0.1331604,-0.16459765,-0.25953975,-0.14901486,-0.13274519,-0.14149123,-0.15095688,-0.17780018,-0.16454864,-0.22917573,-0.09015879,-0.11017597,-0.1348146,-0.12946618,-0.13997786,-0.1741265,-0.13908121,-0.16057305,-0.12777606,-0.07092635,-0.03704006,-0.13726059,-0.16215003,-0.17916763,-0.14332479,-0.12334781,-0.1358184,-0.12023825,-0.13793512,-0.25318068,-0.26654312,-0.083220735,-0.10945694,-0.1440503,-0.09238048,-0.18790689,-0.19064926,-0.1529505,-0.09011713,-0.13230102,-0.14971502,-0.1504538,-0.15905708,-0.1708538,-0.1836779,-0.087833926,-0.123708375,-0.14122176,-0.10256614,-0.17951453,-0.19495486,-0.1912453,-0.099978186,-0.13113372,-0.07867572,-0.1273834,-0.19006202,-0.19365436,-0.19198796,-0.12340848,-0.07533531,-0.09687002,-0.11830613,-0.13634399,-0.12406494,-0.121451,-0.09428743,-0.0963587,-0.10816236,-0.082459606,-0.11236724,-0.13198186,-0.16717076,-0.1410757,-0.13671573,-0.18093297,-0.17825818,-0.19442332,-0.14484943,-0.15549555,-0.13539982,-0.119081676,-0.14001076,-0.19117098,-0.19171572,-0.18195757,-0.19755594,-0.25103784,-0.20219928,-0.19090211,-0.19188464,-0.18264902,-0.17432685,-0.27554205,-0.08916744,-0.11956477,-0.12803876,-0.15751183,-0.20931396,-0.18224281,-0.29657933,-0.32474133,-0.15307173,-0.3242122,-0.17325558,-0.17108874,-0.2185038,-0.17647925,-0.114121355,-0.14026156,-0.15388772,-0.15788373,-0.22984435,-0.18186735,-0.25536078,-0.10426335,-0.12455491,-0.13845053,-0.12402922,-0.15189947,-0.154968,-0.15634945,-0.14014931,-0.15141064,-0.16314338,-0.15582171,-0.15368217,-0.15340258,-0.13379765,-0.12308729,-0.14649844,-0.18996137,-0.17748971,-0.21025829,-0.3990198,-0.19982097,-0.113264844,-0.1296617,-0.118061684,-0.14782234,-0.16636807,-0.18658683,-0.1921006,-0.13185835,-0.07626122,-0.15295361,-0.13989267,-0.14106366,-0.11806242,-0.19987361,-0.1649412,-0.15949619,-0.14158931,-0.12336531,-0.12722544,-0.14610182,-0.2588673,-0.10722715,-0.13074079,-0.09132757,-0.12832497,-0.12887365,-0.15010253,-0.15183124,-0.09605512,-0.08910369,-0.12401582,-0.1104285,-0.1377934,-0.15096934,-0.17036864,-0.14315964,-0.11643803,-0.17398167,-0.1520561,-0.14220785,-0.12548646,-0.14180228,-0.17466888,-0.13176009,-0.13218242,-0.1457333,-0.1228698,-0.08722703,-0.05825615,-0.14358416,-0.17082691,-0.026243303,-0.1676453,-0.2829064,-0.31316653,-0.19710505,-0.1458076,-0.14331596,-0.14862512,-0.12963767,-0.25088155,-0.19435623,-0.18887651,-0.09447645,-0.10905802,-0.10702289,-0.092687786,-0.12759323,-0.15301669,-0.15746465,-0.16737545,-0.12812386,-0.0969081,-0.16398169,-0.14337137,-0.11335766,-0.18846886,-0.1706479,-0.15437022,-0.12579054,-0.115196005,-0.11253446,-0.11662802,-0.17590407,-0.13854618,-0.1342476,-0.096878245,-0.120771185,-0.091281064,-0.12434345,-0.13589914,-0.063823454,-0.13877153,-0.11419349,-0.13380492,-0.24483351,-0.2571875,-0.29957527,-0.14634913,-0.15673412,-0.13212134,-0.19104545,-0.0782174,-0.17246547,-0.16436438,-0.09859173,-0.11065883,-0.11461093,-0.076612435,-0.083404,-0.1213824,-0.13072303,-0.13855581,-0.19385117,-0.09888567,-0.15607966,-0.19487974,-0.19169289,-0.18707174,-0.11125024,-0.14306247,-0.10272048,-0.15922096,-0.1943385,-0.17218983,-0.16946125,-0.14299776,-0.14255036,-0.101845846,-0.1531527,-0.16181459,-0.18130922,-0.19526762,-0.12112349,-0.14726064,-0.113810614,-0.07941508,-0.14309935,-0.20725825,-0.16156253,-0.125103,-0.15657571,-0.15690626,-0.14386249,-0.19202894,-0.16312304,-0.18217647,-0.2963242,-0.19938631,-0.1810364,-0.17190829,-0.19323394,-0.15765336,-0.14054683,-0.1303977,-0.12557748,-0.13847305,-0.16377504,-0.30584824,-0.16751446,-0.18125959,-0.19336683,-0.11441202,-0.1503811,-0.14071599,-0.17832623,-0.16723119,-0.16466467,-0.14331086,-0.18237996,-0.12882112,-0.15319018,-0.13757579,-0.24156228,-0.18045248,-0.10309478,-0.13545838,-0.14177038,-0.17470446,-0.110321164,-0.13460347,-0.15208623,-0.16009468,-0.18251914,-0.15374865,-0.14925924,-0.19184028,-0.17612264,-0.1642169,-0.14723541,-0.14623587,-0.11499533,-0.10471026,-0.134714,-0.20148799,-0.17759956,-0.12513243,-0.16616416,-0.18041904,-0.18738703,-0.11705899,-0.17583688,-0.2597456,-0.09239689,-0.09191128,-0.11479573,-0.13574833,-0.14786309,-0.09828683,-0.18915921
k__Bacteria|p__Firmicutes|c__Bacilli|o__Lactobacillales|f__Lactobacillaceae|g__Limosilactobacillus|s__Limosilactobacillus_coleohominis,-0.1004395,-0.12316422,-0.14169613,-0.20428483,-0.1669119,-0.19378117,-0.1666669,-0.1451846,-0.12478791,-0.18376692,-0.18309933,-0.22985037,-0.16937172,-0.20623678,-0.10308043,-0.0993844,-0.058144663,-0.09969956,-0.107711464,-0.1709708,-0.1978925,-0.12536043,-0.13632391,-0.15249607,-0.17177892,-0.11658599,-0.16725262,-0.17409292,-0.1509206,-0.12124001,-0.13501555,-0.10564597,-0.14838724,-0.19621852,-0.18952532,-0.2175087,-0.16082399,-0.22338755,-0.19761142,-0.29867563,-0.29210672,-0.19888262,-0.107151695,-0.09162698,-0.13691942,-0.15498252,-0.23188588,-0.19385278,-0.1466941,-0.2026537,-0.18342505,-0.18279888,-0.19791341,-0.1995823,-0.20547369,-0.15789169,-0.1257994,-0.14391801,-0.09208174,-0.0956493,-0.17139496,-0.1424319,-0.13743341,-0.1470223,-0.12719077,-0.15117851,-0.2613474,-0.22333384,-0.18894982,-0.20047067,-0.14587297,-0.14931263,-0.13092345,-0.14294863,-0.15109247,-0.16427004,-0.14682275,-0.16278498,-0.15924612,-0.14998752,-0.14721718,-0.15717301,-0.15331851,-0.22480208,-0.120334074,-0.14153996,-0.11832792,-0.16108899,-0.17429477,-0.15572058,-0.16834107,-0.11139822,-0.1388583,-0.13027036,-0.12863952,-0.15152657,-0.14230786,-0.115418926,-0.10065024,-0.09033575,-0.10544449,-0.12055585,-0.1350646,-0.15027548,-0.1604281,-0.1185138,-0.11129953,-0.1578567,-0.17738779,-0.13398685,-0.16424546,-0.25953975,-0.14868847,-0.13260733,-0.14184767,-0.15095688,-0.17780018,-0.1635999,-0.22917573,-0.09015879,-0.1099246,-0.13475417,-0.12979156,-0.13997786,-0.17375588,-0.13908121,-0.16057305,-0.12777606,-0.07092635,-0.03704006,-0.13705227,-0.1622243,-0.17901467,-0.14332479,-0.12334781,-0.13556139,-0.12023825,-0.13848953,-0.25318068,-0.26654312,-0.08334547,-0.10945694,-0.14467356,-0.09238048,-0.18777075,-0.19050112,-0.1529662,-0.09016043,-0.13230102,-0.14954962,-0.15037474,-0.1591141,-0.1706819,-0.1840696,-0.08774488,-0.12383737,-0.1413064,-0.10256614,-0.17951453,-0.19495486,-0.19161509,-0.100096904,-0.13113372,-0.08000986,-0.12801674,-0.19006202,-0.19364181,-0.19196208,-0.12344134,-0.075124145,-0.09712071,-0.11856755,-0.13656805,-0.12406494,-0.121451,-0.094527476,-0.09658031,-0.10842921,-0.082459606,-0.11286018,-0.1322352,-0.1672095,-0.1410757,-0.13626477,-0.18093297,-0.17825818,-0.19456217,-0.14482464,-0.15549555,-0.13561627,-0.119081676,-0.14001076,-0.19117098,-0.19145271,-0.18154322,-0.19755594,-0.25103784,-0.20219928,-0.1900011,-0.1911784,-0.1826831,-0.17402121,-0.27554205,-0.08916744,-0.11956477,-0.12766612,-0.15751183,-0.20931396,-0.18224281,-0.29657933,-0.32474133,-0.15201065,-0.3242122,-0.17325558,-0.17108874,-0.2185038,-0.17647925,-0.114121355,-0.13978879,-0.15388772,-0.15788373,-0.22984435,-0.18186735,-0.25869647,-0.10437916,-0.12455491,-0.13844657,-0.12415228,-0.15189947,-0.15513964,-0.15633072,-0.14014931,-0.15141064,-0.1632874,-0.15526757,-0.15361387,-0.15319258,-0.1339924,-0.12301084,-0.14623491,-0.19059391,-0.17714974,-0.21025829,-0.3990198,-0.20328626,-0.113389894,-0.1296617,-0.11863563,-0.14803024,-0.16636807,-0.18676223,-0.19180657,-0.13151985,-0.07654449,-0.15328377,-0.13975355,-0.14106366,-0.1179139,-0.19987361,-0.1649412,-0.15846935,-0.14165118,-0.12359373,-0.12722544,-0.14610182,-0.2588673,-0.107243836,-0.13074079,-0.09132757,-0.12832497,-0.12921104,-0.14968683,-0.15186734,-0.096217945,-0.08910369,-0.12435503,-0.110483125,-0.13787983,-0.15078767,-0.1706163,-0.14297688,-0.11618419,-0.1740074,-0.15184377,-0.14242956,-0.12542635,-0.14210969,-0.17466888,-0.13176009,-0.13228455,-0.14581339,-0.122973755,-0.08722703,-0.05825615,-0.14349395,-0.17082691,-0.026243303,-0.16644117,-0.2829064,-0.31316653,-0.19876164,-0.14574546,-0.14331596,-0.14862512,-0.12963767,-0.25088155,-0.1942021,-0.18884476,-0.09454377,-0.109280914,-0.10702289,-0.09404341,-0.12759323,-0.1528883,-0.15746465,-0.16718152,-0.12812386,-0.0969081,-0.16398169,-0.1437255,-0.11335766,-0.18846886,-0.1706479,-0.15396875,-0.12577227,-0.115196005,-0.11305991,-0.11662802,-0.17608559,-0.1385591,-0.1344988,-0.096878245,-0.12115967,-0.091659114,-0.12434345,-0.13570015,-0.063823454,-0.13877153,-0.11419349,-0.13384885,-0.24483351,-0.2571875,-0.29957527,-0.14632317,-0.15687044,-0.1323638,-0.19104545,-0.0782174,-0.17258815,-0.16445075,-0.09859173,-0.11065883,-0.11441353,-0.076612435,-0.083404,-0.1213824,-0.13072303,-0.13855581,-0.19385117,-0.09919077,-0.15577741,-0.19487974,-0.19118349,-0.18720318,-0.11118827,-0.14292201,-0.10291632,-0.15949146,-0.19442639,-0.17327365,-0.16923304,-0.14283378,-0.14260662,-0.10172379,-0.15335226,-0.16155368,-0.18099828,-0.1954964,-0.121231124,-0.14737538,-0.11355379,-0.07986467,-0.14335783,-0.20725825,-0.16081434,-0.125103,-0.15657571,-0.15690626,-0.14353296,-0.19202894,-0.16260248,-0.18219396,-0.2963242,-0.19823304,-0.18130678,-0.17163032,-0.19326375,-0.1576007,-0.14054683,-0.13036495,-0.12557748,-0.13829955,-0.16358452,-0.30584824,-0.16669229,-0.18143772,-0.1927623,-0.11441202,-0.15070103,-0.14054279,-0.17811184,-0.16702434,-0.16463533,-0.14331086,-0.18237996,-0.12827548,-0.15343694,-0.13790031,-0.24156228,-0.1793011,-0.103203565,-0.13509244,-0.1420677,-0.17467085,-0.11019045,-0.1345453,-0.15246263,-0.1600745,-0.18176734,-0.15441677,-0.14931831,-0.19184028,-0.17544043,-0.16422781,-0.14723541,-0.14623587,-0.11499533,-0.10471026,-0.13516434,-0.20148799,-0.17718938,-0.12513243,-0.16537347,-0.18041904,-0.18738703,-0.11705899,-0.17680569,-0.26018304,-0.09245032,-0.09214896,-0.11470294,-0.13611883,-0.14815381,-0.09845358,-0.18929768
k__Bacteria|p__Firmicutes|c__Bacilli|o__Lactobacillales|f__Lactobacillaceae|g__Limosilactobacillus|s__Limosilactobacillus_antri,-0.1004395,-0.12316422,-0.14146136,-0.20428483,-0.16643366,-0.19330525,-0.1666669,-0.14508319,-0.12501986,-0.18390527,-0.18184657,-0.22004756,-0.17068353,-0.20186234,-0.10305314,-0.09917944,-0.058144663,-0.10006572,-0.10780257,-0.17102803,-0.1978925,-0.12536043,-0.13656971,-0.15254268,-0.17134307,-0.11658599,-0.1675402,-0.17406602,-0.1509206,-0.12124001,-0.13528849,-0.105403036,-0.1484335,-0.19493207,-0.18918729,-0.2175087,-0.16038972,-0.22338755,-0.19644818,-0.29867563,-0.29210672,-0.19769976,-0.10733052,-0.09162698,-0.13691942,-0.15503347,-0.23188588,-0.193639,-0.14666325,-0.2026537,-0.18282042,-0.18279888,-0.1958847,-0.19711469,-0.20170337,-0.15920267,-0.12581947,-0.143893,-0.09257914,-0.09584877,-0.17131583,-0.14258268,-0.13743341,-0.14694992,-0.12719077,-0.15167344,-0.2613474,-0.22333384,-0.18834823,-0.20047067,-0.14581516,-0.14927338,-0.13070832,-0.14277272,-0.15116829,-0.16405275,-0.14699036,-0.16278498,-0.1588561,-0.14998752,-0.14743158,-0.15686083,-0.15344715,-0.22480208,-0.120334074,-0.14170703,-0.11847374,-0.16118254,-0.17402127,-0.1554197,-0.16831532,-0.11139822,-0.1388583,-0.13027036,-0.12902859,-0.15152657,-0.14284027,-0.115844704,-0.10065024,-0.09051871,-0.10573842,-0.1206738,-0.13520843,-0.15027548,-0.1605409,-0.1185138,-0.11129953,-0.1578567,-0.17738779,-0.13375671,-0.16373613,-0.25953975,-0.14873695,-0.13248481,-0.1415163,-0.15095688,-0.17780018,-0.16338015,-0.22917573,-0.09015879,-0.11050631,-0.13470082,-0.12967761,-0.13997786,-0.17346758,-0.13908121,-0.16057305,-0.12777606,-0.07092635,-0.03704006,-0.13728242,-0.1622887,-0.17895247,-0.14332479,-0.12334781,-0.1358549,-0.12023825,-0.13846056,-0.25318068,-0.26654312,-0.083738476,-0.10945694,-0.14480302,-0.09238048,-0.18792629,-0.18970191,-0.15296692,-0.090539716,-0.13230102,-0.14967136,-0.15024269,-0.15892209,-0.17044511,-0.18404625,-0.08795402,-0.12396264,-0.14087021,-0.10256614,-0.17951453,-0.19495486,-0.19105625,-0.10036564,-0.13113372,-0.079537556,-0.1283175,-0.19006202,-0.19284752,-0.19143635,-0.12377423,-0.075370975,-0.09729776,-0.11853457,-0.1366698,-0.12406494,-0.121451,-0.09460567,-0.096715786,-0.10865913,-0.082459606,-0.11303848,-0.13258916,-0.16735461,-0.1410757,-0.13640642,-0.18093297,-0.17825818,-0.19361661,-0.1447798,-0.15549555,-0.13564661,-0.119081676,-0.14001076,-0.19117098,-0.19043317,-0.18090002,-0.19755594,-0.25103784,-0.20219928,-0.18998557,-0.19057058,-0.18239123,-0.17360035,-0.27554205,-0.08916744,-0.11956477,-0.12805279,-0.15751183,-0.20931396,-0.18224281,-0.29657933,-0.32474133,-0.15390633,-0.3242122,-0.17325558,-0.17108874,-0.2185038,-0.17647925,-0.114121355,-0.1397886,-0.15388772,-0.15788373,-0.22984435,-0.18186735,-0.2527798,-0.10447906,-0.12455491,-0.13864574,-0.12447651,-0.15189947,-0.1552015,-0.15649587,-0.14014931,-0.15141064,-0.1632105,-0.15515053,-0.15351725,-0.15293407,-0.134018,-0.12323559,-0.1464389,-0.19011918,-0.17647111,-0.21025829,-0.3990198,-0.20337611,-0.11362858,-0.1296617,-0.118613556,-0.1482136,-0.16636807,-0.18670763,-0.19139543,-0.1317882,-0.07680969,-0.15342337,-0.13988426,-0.14106366,-0.11866885,-0.19987361,-0.1649412,-0.15832657,-0.14139362,-0.12367548,-0.12722544,-0.14610182,-0.2588673,-0.10748667,-0.13074079,-0.09132757,-0.12832497,-0.1295692,-0.14982681,-0.1521489,-0.09646881,-0.08910369,-0.12455389,-0.1106388,-0.13812388,-0.1508283,-0.17054258,-0.14298482,-0.11671005,-0.17393288,-0.1518226,-0.14260836,-0.125158,-0.14267053,-0.17466888,-0.13176009,-0.13248272,-0.14576529,-0.123012654,-0.08722703,-0.05825615,-0.14352353,-0.17082691,-0.026243303,-0.16661549,-0.2829064,-0.31316653,-0.19802254,-0.14578295,-0.14331596,-0.14862512,-0.12963767,-0.25088155,-0.19326523,-0.18851814,-0.09483223,-0.10955322,-0.10702289,-0.09413445,-0.12759323,-0.15325953,-0.15746465,-0.16689324,-0.12812386,-0.0969081,-0.16398169,-0.14409924,-0.11335766,-0.18846886,-0.1706479,-0.15379812,-0.12583385,-0.115196005,-0.113191694,-0.11662802,-0.17626351,-0.13854825,-0.1343817,-0.096878245,-0.121072054,-0.09212369,-0.12434345,-0.13635987,-0.063823454,-0.13877153,-0.11419349,-0.13398382,-0.24483351,-0.2571875,-0.29957527,-0.14615545,-0.15665576,-0.13226761,-0.19104545,-0.0782174,-0.17214486,-0.16439372,-0.09859173,-0.11065883,-0.11511464,-0.076612435,-0.083404,-0.1213824,-0.13072303,-0.13855581,-0.19385117,-0.0990691,-0.1558107,-0.19487974,-0.1906785,-0.18675768,-0.11152214,-0.14303207,-0.10331802,-0.15955296,-0.19353859,-0.17319119,-0.16883332,-0.14280728,-0.14248979,-0.101677805,-0.15337455,-0.16149464,-0.18064454,-0.19452113,-0.12145929,-0.14749959,-0.113968834,-0.0804055,-0.14324369,-0.20725825,-0.16069834,-0.125103,-0.15657571,-0.15690626,-0.14356795,-0.19202894,-0.16253337,-0.18215117,-0.2963242,-0.19616964,-0.18090689,-0.17133018,-0.19236018,-0.15732533,-0.14054683,-0.13038503,-0.12557748,-0.13828847,-0.16340524,-0.30584824,-0.16632482,-0.18089965,-0.19231817,-0.11441202,-0.15092072,-0.14075983,-0.17795393,-0.16675808,-0.16472825,-0.14331086,-0.18237996,-0.12825105,-0.15328503,-0.13724151,-0.24156228,-0.17912273,-0.103442475,-0.13527259,-0.14210877,-0.17440528,-0.11051631,-0.1346966,-0.15266684,-0.15991156,-0.18124692,-0.15444279,-0.14918023,-0.19184028,-0.1750648,-0.16444102,-0.14723541,-0.14623587,-0.11499533,-0.10471026,-0.13544966,-0.20148799,-0.17705914,-0.12513243,-0.16537315,-0.18041904,-0.18738703,-0.11705899,-0.17699036,-0.2570029,-0.09267235,-0.092551775,-0.11483516,-0.13621518,-0.14795217,-0.098655425,-0.18901345
k__Bacteria|p__Firmicutes|c__Erysipelotrichia|o__Erysipelotrichales|f__Erysipelotrichaceae|g__Holdemania|s__Holdemania_massiliensis,-0.1004395,-0.12316422,-0.14070696,-0.20428483,-0.1643041,-0.19462314,-0.1666669,-0.14612056,-0.12446282,-0.18636844,-0.18265289,-0.23006442,-0.17178032,-0.2071694,-0.103271596,-0.09918056,-0.058144663,-0.10138472,-0.10675072,-0.1718758,-0.1978925,-0.12536043,-0.13722077,-0.154052,-0.17256427,-0.11658599,-0.16777624,-0.17606619,-0.1509206,-0.12124001,-0.13526118,-0.10484706,-0.14860496,-0.1974131,-0.19163448,-0.2175087,-0.15692633,-0.22338755,-0.19599831,-0.29867563,-0.29210672,-0.20121953,-0.10765655,-0.09162698,-0.13691942,-0.15461037,-0.23188588,-0.19380507,-0.14735876,-0.2026537,-0.17966667,-0.18279888,-0.197734,-0.20046307,-0.20939445,-0.16324948,-0.12634566,-0.14492762,-0.09277159,-0.09575192,-0.172578,-0.14395055,-0.13743341,-0.14750773,-0.12719077,-0.15152243,-0.2613474,-0.22333384,-0.18821844,-0.20047067,-0.14736688,-0.15006334,-0.13125469,-0.14403939,-0.15459082,-0.16615984,-0.14828745,-0.16278498,-0.15734427,-0.14998752,-0.14771518,-0.15685922,-0.15439166,-0.22480208,-0.120334074,-0.14219376,-0.11834245,-0.16311708,-0.17543928,-0.1549086,-0.16969842,-0.11139822,-0.1388583,-0.13027036,-0.13001522,-0.15152657,-0.14286181,-0.11644741,-0.10065024,-0.09045954,-0.106606066,-0.12145556,-0.13573039,-0.15027548,-0.16175102,-0.1185138,-0.11129953,-0.1578567,-0.17738779,-0.13559884,-0.16286549,-0.25953975,-0.1486589,-0.13215622,-0.14233175,-0.15095688,-0.17780018,-0.16164155,-0.22917573,-0.09015879,-0.109643206,-0.13505465,-0.13067713,-0.13997786,-0.17360781,-0.13908121,-0.16057305,-0.12777606,-0.07092635,-0.03704006,-0.13696858,-0.16358899,-0.18020278,-0.14332479,-0.12334781,-0.13583371,-0.12023825,-0.13992253,-0.25318068,-0.26654312,-0.08356446,-0.10945694,-0.14719293,-0.09238048,-0.18867336,-0.19082978,-0.15328136,-0.09018844,-0.13230102,-0.1498326,-0.15071993,-0.15987909,-0.17119697,-0.18714672,-0.08707121,-0.12478787,-0.1414577,-0.10256614,-0.17951453,-0.19495486,-0.19372705,-0.10064909,-0.13113372,-0.08138074,-0.12934412,-0.19006202,-0.19439423,-0.1927296,-0.12475295,-0.07455442,-0.097650915,-0.11884172,-0.1375925,-0.12406494,-0.121451,-0.09473802,-0.096794665,-0.10925768,-0.082459606,-0.11424908,-0.13385478,-0.16913679,-0.1410757,-0.13557878,-0.18093297,-0.17825818,-0.19483471,-0.14531994,-0.15549555,-0.13672289,-0.119081676,-0.14001076,-0.19117098,-0.19069508,-0.18081114,-0.19755594,-0.25103784,-0.20219928,-0.1893135,-0.1901693,-0.18346404,-0.17311648,-0.27554205,-0.08916744,-0.11956477,-0.12718569,-0.15751183,-0.20931396,-0.18224281,-0.29657933,-0.32474133,-0.14800093,-0.3242122,-0.17325558,-0.17108874,-0.2185038,-0.17647925,-0.114121355,-0.1389682,-0.15388772,-0.15788373,-0.22984435,-0.18186735,-0.25911152,-0.10450053,-0.12455491,-0.13927904,-0.12511495,-0.15189947,-0.15717542,-0.15829372,-0.14014931,-0.15141064,-0.1653068,-0.15470317,-0.15447128,-0.15299486,-0.1346348,-0.12320339,-0.14633168,-0.19307458,-0.17741424,-0.21025829,-0.3990198,-0.20886904,-0.1140342,-0.1296617,-0.12032344,-0.14919637,-0.16636807,-0.18913291,-0.19227615,-0.13096523,-0.07690863,-0.1551825,-0.13984436,-0.14106366,-0.11906578,-0.19987361,-0.1649412,-0.15672499,-0.1416128,-0.124240704,-0.12722544,-0.14610182,-0.2588673,-0.10714656,-0.13074079,-0.09132757,-0.12832497,-0.13086474,-0.14971475,-0.153741,-0.09675062,-0.08910369,-0.12552573,-0.11056505,-0.13834292,-0.15120608,-0.17231505,-0.14346313,-0.11609018,-0.17514896,-0.15240476,-0.14362188,-0.12516344,-0.14445673,-0.17466888,-0.13176009,-0.13304298,-0.14682671,-0.123851836,-0.08722703,-0.05825615,-0.1442619,-0.17082691,-0.026243303,-0.16381311,-0.2829064,-0.31316653,-0.20224187,-0.14635198,-0.14331596,-0.14862512,-0.12963767,-0.25088155,-0.19426247,-0.19022751,-0.0948178,-0.11014897,-0.10702289,-0.097106114,-0.12759323,-0.15348545,-0.15746465,-0.16777787,-0.12812386,-0.0969081,-0.16398169,-0.1459586,-0.11335766,-0.18846886,-0.1706479,-0.15347427,-0.12640844,-0.115196005,-0.11416098,-0.11662802,-0.17845026,-0.1394001,-0.13573521,-0.096878245,-0.122058876,-0.09277812,-0.12434345,-0.13682035,-0.063823454,-0.13877153,-0.11419349,-0.13404588,-0.24483351,-0.2571875,-0.29957527,-0.14670976,-0.15779477,-0.13324875,-0.19104545,-0.0782174,-0.17365408,-0.16559285,-0.09859173,-0.11065883,-0.115566514,-0.076612435,-0.083404,-0.1213824,-0.13072303,-0.13855581,-0.19385117,-0.09947646,-0.15566148,-0.19487974,-0.19091305,-0.18830302,-0.111502156,-0.14308137,-0.104286894,-0.1617668,-0.19493243,-0.17703652,-0.16910008,-0.14310789,-0.14326972,-0.1004515,-0.15439741,-0.16189934,-0.18086843,-0.19633818,-0.122080855,-0.14901781,-0.11365667,-0.08067624,-0.14376223,-0.20725825,-0.16037843,-0.125103,-0.15657571,-0.15690626,-0.14313407,-0.19202894,-0.16229765,-0.18411161,-0.2963242,-0.19274901,-0.18186149,-0.17129496,-0.19302611,-0.15766591,-0.14054683,-0.13065106,-0.12557748,-0.13869399,-0.1613482,-0.30584824,-0.16575904,-0.18306813,-0.19244817,-0.11441202,-0.15237397,-0.1404705,-0.17847729,-0.16759813,-0.16583598,-0.14331086,-0.18237996,-0.12693405,-0.15361637,-0.13753775,-0.24156228,-0.17759603,-0.10344559,-0.13447261,-0.14376934,-0.17606421,-0.1098328,-0.13487731,-0.1551255,-0.16102679,-0.18082757,-0.15695888,-0.15009233,-0.19184028,-0.17472564,-0.16637874,-0.14723541,-0.14623587,-0.11499533,-0.10471026,-0.13629812,-0.20148799,-0.17795315,-0.12513243,-0.16352351,-0.18041904,-0.18738703,-0.11705899,-0.18153384,-0.26048768,-0.09253359,-0.09271211,-0.114424944,-0.1374686,-0.14910623,-0.098288715,-0.19112965
k__Bacteria|p__Firmicutes|c__Clostridia|o__Eubacteriales|f__Lachnospiraceae|g__Dorea|s__Dorea_sp_AF24_7LB,-0.1004395,-0.12316422,-0.1411582,-0.20428483,-0.1668545,-0.19249271,-0.1666669,-0.14464703,-0.12513082,-0.1827437,-0.18342303,-0.21569398,-0.16948465,-0.2019574,-0.10310033,-0.09895255,-0.058144663,-0.099506274,-0.10760223,-0.17011902,-0.1978925,-0.12536043,-0.13613488,-0.15176514,-0.17061451,-0.11658599,-0.16751641,-0.17333017,-0.1509206,-0.12124001,-0.13509074,-0.105554275,-0.14791253,-0.19429906,-0.1879681,-0.2175087,-0.16075794,-0.22338755,-0.19588962,-0.29867563,-0.29210672,-0.19605285,-0.107190624,-0.09162698,-0.13691942,-0.1547889,-0.23188588,-0.19337407,-0.1461464,-0.2026537,-0.18440142,-0.18279888,-0.19534817,-0.19536248,-0.19780803,-0.15732259,-0.1253295,-0.14331909,-0.09220767,-0.09534678,-0.17066608,-0.14194056,-0.13743341,-0.14656988,-0.12719077,-0.15120408,-0.2613474,-0.22333384,-0.18830273,-0.20047067,-0.14512077,-0.1489253,-0.13004592,-0.14200662,-0.14965737,-0.1633377,-0.14607903,-0.16278498,-0.159623,-0.14998752,-0.14691304,-0.15658687,-0.1527569,-0.22480208,-0.120334074,-0.14120299,-0.118036,-0.1604012,-0.17322586,-0.15523684,-0.16746083,-0.11139822,-0.1388583,-0.13027036,-0.1283527,-0.15152657,-0.14281186,-0.11549069,-0.10065024,-0.09049358,-0.105236776,-0.120108366,-0.13458678,-0.15027548,-0.1599313,-0.1185138,-0.11129953,-0.1578567,-0.17738779,-0.13274944,-0.16266832,-0.25953975,-0.14847176,-0.13245727,-0.14084715,-0.15095688,-0.17780018,-0.16351223,-0.22917573,-0.09015879,-0.11039889,-0.13437775,-0.12914062,-0.13997786,-0.17334855,-0.13908121,-0.16057305,-0.12777606,-0.07092635,-0.03704006,-0.13706344,-0.16146822,-0.17830971,-0.14332479,-0.12334781,-0.13594136,-0.12023825,-0.13741836,-0.25318068,-0.26654312,-0.083636224,-0.10945694,-0.14373282,-0.09238048,-0.18732074,-0.18936045,-0.1527838,-0.090376124,-0.13230102,-0.14925444,-0.14990522,-0.15832174,-0.16991752,-0.18252313,-0.08796497,-0.12345187,-0.1407402,-0.10256614,-0.17951453,-0.19495486,-0.18981655,-0.099871516,-0.13113372,-0.07835197,-0.12708536,-0.19006202,-0.19232666,-0.19067979,-0.123223975,-0.075803936,-0.09698701,-0.118088216,-0.13616788,-0.12406494,-0.121451,-0.09435958,-0.09664567,-0.10841191,-0.082459606,-0.11258198,-0.13208926,-0.16656336,-0.1410757,-0.13623917,-0.18093297,-0.17825818,-0.19300097,-0.14412314,-0.15549555,-0.13478255,-0.119081676,-0.14001076,-0.19117098,-0.19032139,-0.1807943,-0.19755594,-0.25103784,-0.20219928,-0.19007935,-0.1904774,-0.18183318,-0.17324492,-0.27554205,-0.08916744,-0.11956477,-0.12801719,-0.15751183,-0.20931396,-0.18224281,-0.29657933,-0.32474133,-0.15422124,-0.3242122,-0.17325558,-0.17108874,-0.2185038,-0.17647925,-0.114121355,-0.13989565,-0.15388772,-0.15788373,-0.22984435,-0.18186735,-0.2508225,-0.10419582,-0.12455491,-0.13831602,-0.1238458,-0.15189947,-0.1545085,-0.15567693,-0.14014931,-0.15141064,-0.16227514,-0.15498912,-0.15298581,-0.1525802,-0.1335709,-0.1227883,-0.14622398,-0.18903556,-0.17648306,-0.21025829,-0.3990198,-0.20058933,-0.11335877,-0.1296617,-0.11799544,-0.14735037,-0.16636807,-0.18592668,-0.19081351,-0.13162655,-0.07669389,-0.15219665,-0.1394586,-0.14106366,-0.11800734,-0.19987361,-0.1649412,-0.15883632,-0.14091758,-0.123364694,-0.12722544,-0.14610182,-0.2588673,-0.10711825,-0.13074079,-0.09132757,-0.12832497,-0.12870891,-0.14964867,-0.15141177,-0.09626469,-0.08910369,-0.12390306,-0.11037235,-0.13754493,-0.15046796,-0.16943748,-0.14249839,-0.11657377,-0.17334196,-0.15159589,-0.14195949,-0.12509592,-0.14170507,-0.17466888,-0.13176009,-0.13179734,-0.14539675,-0.12257941,-0.08722703,-0.05825615,-0.14307986,-0.17082691,-0.026243303,-0.16688709,-0.2829064,-0.31316653,-0.1963852,-0.14523314,-0.14331596,-0.14862512,-0.12963767,-0.25088155,-0.19281466,-0.1875098,-0.09451159,-0.10914461,-0.10702289,-0.09275184,-0.12759323,-0.15271541,-0.15746465,-0.16656016,-0.12812386,-0.0969081,-0.16398169,-0.14316945,-0.11335766,-0.18846886,-0.1706479,-0.15358663,-0.12546213,-0.115196005,-0.11229776,-0.11662802,-0.17557535,-0.13798864,-0.13391554,-0.096878245,-0.12073924,-0.09163524,-0.12434345,-0.13599709,-0.063823454,-0.13877153,-0.11419349,-0.1332588,-0.24483351,-0.2571875,-0.29957527,-0.14562823,-0.15616065,-0.13142303,-0.19104545,-0.0782174,-0.17142251,-0.16367427,-0.09859173,-0.11065883,-0.114892945,-0.076612435,-0.083404,-0.1213824,-0.13072303,-0.13855581,-0.19385117,-0.0985466,-0.15497899,-0.19487974,-0.19041762,-0.18582937,-0.11110511,-0.14308956,-0.1029077,-0.15830466,-0.19286963,-0.17143783,-0.1683999,-0.14246535,-0.14207871,-0.10165221,-0.15262559,-0.16126594,-0.18043405,-0.19391206,-0.12090271,-0.14694121,-0.114075765,-0.08020453,-0.14164715,-0.20725825,-0.16055612,-0.125103,-0.15657571,-0.15690626,-0.14358005,-0.19202894,-0.16215687,-0.18109953,-0.2963242,-0.19700506,-0.18014172,-0.17144826,-0.19195399,-0.15697773,-0.14054683,-0.12995061,-0.12557748,-0.13796815,-0.16233957,-0.30584824,-0.16647087,-0.18005106,-0.19217831,-0.11441202,-0.14990668,-0.1404579,-0.17736086,-0.1661938,-0.16402814,-0.14331086,-0.18237996,-0.12814482,-0.15282413,-0.13578817,-0.24156228,-0.17972761,-0.10301276,-0.13533503,-0.14127122,-0.17355534,-0.110370375,-0.13427144,-0.15157291,-0.15942332,-0.18164495,-0.15314928,-0.14826104,-0.19184028,-0.17484547,-0.1636549,-0.14723541,-0.14623587,-0.11499533,-0.10471026,-0.1343079,-0.20148799,-0.17643686,-0.12513243,-0.16661346,-0.18041904,-0.18738703,-0.11705899,-0.17507315,-0.2565982,-0.092572525,-0.092324086,-0.11459628,-0.1354396,-0.14728859,-0.09832503,-0.18796873
k__Bacteria|p__Firmicutes|c__Bacilli|o__Lactobacillales|f__Streptococcaceae|g__Lactococcus|s__Lactococcus_garvieae,-0.1004395,-0.12316422,-0.14124991,-0.20428483,-0.1660428,-0.19411941,-0.1666669,-0.1456832,-0.12472409,-0.1845839,-0.183162,-0.23003486,-0.16985974,-0.20733005,-0.103667244,-0.0995857,-0.058144663,-0.10076992,-0.107338846,-0.17149523,-0.1978925,-0.12536043,-0.13687223,-0.15335841,-0.17222401,-0.11658599,-0.16739184,-0.17522928,-0.1509206,-0.12124001,-0.13521625,-0.105557114,-0.14833018,-0.19699258,-0.19041854,-0.2175087,-0.15941285,-0.22338755,-0.197086,-0.29867563,-0.29210672,-0.20022047,-0.10788855,-0.09162698,-0.13691942,-0.1547309,-0.23188588,-0.19399007,-0.14717811,-0.2026537,-0.18222399,-0.18279888,-0.1979419,-0.19973221,-0.2071836,-0.1606115,-0.12627232,-0.14462727,-0.09274216,-0.09595369,-0.171994,-0.14336261,-0.13743341,-0.14737926,-0.12719077,-0.15120867,-0.2613474,-0.22333384,-0.18911621,-0.20047067,-0.14681472,-0.14983577,-0.1311641,-0.1435191,-0.15293336,-0.16555887,-0.14769928,-0.16278498,-0.1585705,-0.14998752,-0.14749274,-0.15698403,-0.1538754,-0.22480208,-0.120334074,-0.14186889,-0.118409306,-0.16227223,-0.1750344,-0.15529776,-0.16883951,-0.11139822,-0.1388583,-0.13027036,-0.12949002,-0.15152657,-0.14256334,-0.11614355,-0.10065024,-0.09061515,-0.10624845,-0.121344686,-0.13553053,-0.15027548,-0.16114134,-0.1185138,-0.11129953,-0.1578567,-0.17738779,-0.1348587,-0.16340818,-0.25953975,-0.14873229,-0.13235673,-0.14196175,-0.15095688,-0.17780018,-0.16301268,-0.22917573,-0.09015879,-0.10982144,-0.13496739,-0.13031703,-0.13997786,-0.17363903,-0.13908121,-0.16057305,-0.12777606,-0.07092635,-0.03704006,-0.13717249,-0.16289404,-0.17961098,-0.14332479,-0.12334781,-0.1357925,-0.12023825,-0.13895588,-0.25318068,-0.26654312,-0.08373092,-0.10945694,-0.14594896,-0.09238048,-0.18786693,-0.19063514,-0.15277632,-0.09043679,-0.13230102,-0.14963627,-0.15056805,-0.15949051,-0.17104143,-0.18562493,-0.08766453,-0.12464659,-0.14168039,-0.10256614,-0.17951453,-0.19495486,-0.19274034,-0.1005926,-0.13113372,-0.08079365,-0.12870312,-0.19006202,-0.1941804,-0.19227237,-0.12439641,-0.07534833,-0.09771167,-0.11884935,-0.13702396,-0.12406494,-0.121451,-0.09492695,-0.09695136,-0.109002806,-0.082459606,-0.113707736,-0.13317502,-0.1683223,-0.1410757,-0.13587922,-0.18093297,-0.17825818,-0.19462729,-0.1452238,-0.15549555,-0.13631146,-0.119081676,-0.14001076,-0.19117098,-0.19117552,-0.18115826,-0.19755594,-0.25103784,-0.20219928,-0.18953913,-0.19061479,-0.18284497,-0.17340735,-0.27554205,-0.08916744,-0.11956477,-0.12730807,-0.15751183,-0.20931396,-0.18224281,-0.29657933,-0.32474133,-0.14760305,-0.3242122,-0.17325558,-0.17108874,-0.2185038,-0.17647925,-0.114121355,-0.139375,-0.15388772,-0.15788373,-0.22984435,-0.18186735,-0.25898194,-0.10466272,-0.12455491,-0.1388545,-0.12474066,-0.15189947,-0.15629587,-0.15756445,-0.14014931,-0.15141064,-0.16442472,-0.1551404,-0.1540896,-0.15316302,-0.13427705,-0.12312999,-0.14633103,-0.19142213,-0.17753412,-0.21025829,-0.3990198,-0.20475197,-0.11392613,-0.1296617,-0.119796805,-0.14846021,-0.16636807,-0.18802482,-0.19209522,-0.13123892,-0.076979086,-0.15438458,-0.13976862,-0.14106366,-0.11865771,-0.19987361,-0.1649412,-0.15765801,-0.14152256,-0.12403305,-0.12722544,-0.14610182,-0.2588673,-0.10737585,-0.13074079,-0.09132757,-0.12832497,-0.13000783,-0.14977154,-0.15291885,-0.09679788,-0.08910369,-0.1250086,-0.11073662,-0.1380612,-0.1510467,-0.17145228,-0.14337571,-0.116141215,-0.17451198,-0.15218517,-0.14297897,-0.12544608,-0.14331195,-0.17466888,-0.13176009,-0.13264826,-0.14649539,-0.12363224,-0.08722703,-0.05825615,-0.14391439,-0.17082691,-0.026243303,-0.16554701,-0.2829064,-0.31316653,-0.19963175,-0.14611804,-0.14331596,-0.14862512,-0.12963767,-0.25088155,-0.19463612,-0.18961298,-0.09478289,-0.10998954,-0.10702289,-0.09572047,-0.12759323,-0.15303716,-0.15746465,-0.16763784,-0.12812386,-0.0969081,-0.16398169,-0.14504871,-0.11335766,-0.18846886,-0.1706479,-0.15379101,-0.1262841,-0.115196005,-0.113676414,-0.11662802,-0.17727156,-0.13917011,-0.13538231,-0.096878245,-0.12183097,-0.09242004,-0.12434345,-0.13624856,-0.063823454,-0.13877153,-0.11419349,-0.13382068,-0.24483351,-0.2571875,-0.29957527,-0.14668006,-0.15727694,-0.13294607,-0.19104545,-0.0782174,-0.17314449,-0.16501185,-0.09859173,-0.11065883,-0.11519843,-0.076612435,-0.083404,-0.1213824,-0.13072303,-0.13855581,-0.19385117,-0.09965879,-0.15588796,-0.19487974,-0.19102784,-0.18764606,-0.11158094,-0.14300083,-0.10400136,-0.16083364,-0.19477826,-0.17518088,-0.16910218,-0.14311866,-0.14312145,-0.10114831,-0.15373957,-0.16179463,-0.1807335,-0.19581923,-0.12187827,-0.148417,-0.1138517,-0.08045067,-0.14352416,-0.20725825,-0.16087297,-0.125103,-0.15657571,-0.15690626,-0.14348385,-0.19202894,-0.16259712,-0.18307501,-0.2963242,-0.19539228,-0.18111473,-0.17133704,-0.19286686,-0.15761346,-0.14054683,-0.13068822,-0.12557748,-0.13873853,-0.16208982,-0.30584824,-0.1661234,-0.18232998,-0.19258761,-0.11441202,-0.1514301,-0.14058983,-0.17818713,-0.16745295,-0.16526245,-0.14331086,-0.18237996,-0.12782413,-0.15330374,-0.13755545,-0.24156228,-0.17859551,-0.103518076,-0.13480887,-0.14298713,-0.17564356,-0.11006328,-0.13478114,-0.1538099,-0.1607257,-0.1812629,-0.15568842,-0.15000728,-0.19184028,-0.17527236,-0.16542977,-0.14723541,-0.14623587,-0.11499533,-0.10471026,-0.13556835,-0.20148799,-0.17773467,-0.12513243,-0.1643485,-0.18041904,-0.18738703,-0.11705899,-0.17894961,-0.26079527,-0.0928735,-0.09265415,-0.1147388,-0.13685223,-0.14867668,-0.09846569,-0.19014254
k__Bacteria|p__Firmicutes|c__Bacilli|o__Lactobacillales|f__Lactobacillaceae|g__Weissella|s__Weissella_cibaria,-0.1004395,-0.12316422,-0.14234844,-0.20428483,-0.16748017,-0.19405343,-0.1666669,-0.14519279,-0.12528831,-0.18389769,-0.18408036,-0.22702345,-0.17009446,-0.20576242,-0.103112474,-0.09935452,-0.058144663,-0.09955953,-0.1079517,-0.17132016,-0.1978925,-0.12536043,-0.13651001,-0.15248135,-0.172033,-0.11658599,-0.16793442,-0.1740583,-0.1509206,-0.12124001,-0.13535035,-0.10605095,-0.14883852,-0.1965559,-0.18979794,-0.2175087,-0.16132522,-0.22338755,-0.19797552,-0.29867563,-0.29210672,-0.1990335,-0.10714051,-0.09162698,-0.13691942,-0.15552406,-0.23188588,-0.19449717,-0.14672717,-0.2026537,-0.18393797,-0.18279888,-0.19812,-0.1996841,-0.20464171,-0.15768045,-0.12591428,-0.14409538,-0.09201792,-0.09570053,-0.17173131,-0.14250574,-0.13743341,-0.14723673,-0.12719077,-0.15171829,-0.2613474,-0.22333384,-0.18930265,-0.20047067,-0.14584461,-0.14952274,-0.13113016,-0.14322913,-0.15090132,-0.16414775,-0.14664489,-0.16278498,-0.1597373,-0.14998752,-0.14762463,-0.15760612,-0.15359098,-0.22480208,-0.120334074,-0.14187875,-0.118599415,-0.16121262,-0.17434794,-0.15615612,-0.16854031,-0.11139822,-0.1388583,-0.13027036,-0.12879476,-0.15152657,-0.14282703,-0.11531558,-0.10065024,-0.090595625,-0.10557326,-0.12068651,-0.13534477,-0.15027548,-0.16059923,-0.1185138,-0.11129953,-0.1578567,-0.17738779,-0.13360322,-0.16481143,-0.25953975,-0.14899117,-0.13309617,-0.14212918,-0.15095688,-0.17780018,-0.16417934,-0.22917573,-0.09015879,-0.11027407,-0.13504542,-0.12993231,-0.13997786,-0.1743564,-0.13908121,-0.16057305,-0.12777606,-0.07092635,-0.03704006,-0.13759415,-0.16258095,-0.17918944,-0.14332479,-0.12334781,-0.13601536,-0.12023825,-0.13875245,-0.25318068,-0.26654312,-0.08342115,-0.10945694,-0.14472792,-0.09238048,-0.18848225,-0.1910455,-0.15352651,-0.09028819,-0.13230102,-0.14999312,-0.1507375,-0.15936452,-0.1710689,-0.18403545,-0.08801338,-0.12374154,-0.14141697,-0.10256614,-0.17951453,-0.19495486,-0.19149382,-0.100033656,-0.13113372,-0.079783514,-0.1284002,-0.19006202,-0.19396746,-0.19223803,-0.12325178,-0.07524514,-0.09711193,-0.11881707,-0.13689415,-0.12406494,-0.121451,-0.094465226,-0.0967293,-0.10863596,-0.082459606,-0.11302624,-0.1326085,-0.16729659,-0.1410757,-0.13671908,-0.18093297,-0.17825818,-0.19501242,-0.14521834,-0.15549555,-0.13561273,-0.119081676,-0.14001076,-0.19117098,-0.19186345,-0.18195322,-0.19755594,-0.25103784,-0.20219928,-0.19071937,-0.19190025,-0.18317866,-0.17478505,-0.27554205,-0.08916744,-0.11956477,-0.12835118,-0.15751183,-0.20931396,-0.18224281,-0.29657933,-0.32474133,-0.15429717,-0.3242122,-0.17325558,-0.17108874,-0.2185038,-0.17647925,-0.114121355,-0.1403732,-0.15388772,-0.15788373,-0.22984435,-0.18186735,-0.2582559,-0.10447568,-0.12455491,-0.13882288,-0.12438437,-0.15189947,-0.15535039,-0.15621069,-0.14014931,-0.15141064,-0.16330193,-0.15567775,-0.15376906,-0.1535826,-0.13423654,-0.12324962,-0.14673318,-0.19080125,-0.17747341,-0.21025829,-0.3990198,-0.20435107,-0.113471776,-0.1296617,-0.11860375,-0.14839265,-0.16636807,-0.18687549,-0.19221024,-0.13188633,-0.07676372,-0.15342817,-0.14022014,-0.14106366,-0.11782263,-0.19987361,-0.1649412,-0.15912938,-0.14199337,-0.1238985,-0.12722544,-0.14610182,-0.2588673,-0.10739999,-0.13074079,-0.09132757,-0.12832497,-0.12934446,-0.15025757,-0.15183985,-0.096198425,-0.08910369,-0.12457591,-0.11086136,-0.1382313,-0.15128544,-0.17073795,-0.1431302,-0.11661863,-0.17436182,-0.15224849,-0.14264697,-0.12580271,-0.14190295,-0.17466888,-0.13176009,-0.1325281,-0.14606181,-0.12299611,-0.08722703,-0.05825615,-0.14368491,-0.17082691,-0.026243303,-0.16712096,-0.2829064,-0.31316653,-0.19932188,-0.14594358,-0.14331596,-0.14862512,-0.12963767,-0.25088155,-0.19435778,-0.18891278,-0.094722345,-0.10928567,-0.10702289,-0.09379125,-0.12759323,-0.15342423,-0.15746465,-0.16731241,-0.12812386,-0.0969081,-0.16398169,-0.14382967,-0.11335766,-0.18846886,-0.1706479,-0.15427516,-0.12584439,-0.115196005,-0.11307129,-0.11662802,-0.17626669,-0.1386508,-0.13458079,-0.096878245,-0.12134316,-0.091742165,-0.12434345,-0.13586965,-0.063823454,-0.13877153,-0.11419349,-0.13426274,-0.24483351,-0.2571875,-0.29957527,-0.14648533,-0.15716857,-0.13254634,-0.19104545,-0.0782174,-0.17269143,-0.16469318,-0.09859173,-0.11065883,-0.11448932,-0.076612435,-0.083404,-0.1213824,-0.13072303,-0.13855581,-0.19385117,-0.09909618,-0.15602094,-0.19487974,-0.19175805,-0.18751107,-0.111307085,-0.14339614,-0.10288921,-0.15935725,-0.1948219,-0.17296359,-0.16983323,-0.14310044,-0.14275606,-0.10211917,-0.15371731,-0.1619482,-0.18157078,-0.1958579,-0.12134526,-0.14741799,-0.11372769,-0.080000505,-0.14361054,-0.20725825,-0.16098392,-0.125103,-0.15657571,-0.15690626,-0.14396022,-0.19202894,-0.16306138,-0.18235227,-0.2963242,-0.19954467,-0.18210094,-0.17260082,-0.19398037,-0.15809819,-0.14054683,-0.13060842,-0.12557748,-0.13861229,-0.16418529,-0.30584824,-0.16733417,-0.18168108,-0.19334392,-0.11441202,-0.15106943,-0.14101271,-0.17852752,-0.16730113,-0.16481146,-0.14331086,-0.18237996,-0.1285635,-0.15391204,-0.13812307,-0.24156228,-0.18009439,-0.103252046,-0.13565853,-0.14214405,-0.17480361,-0.11053948,-0.13496798,-0.15238482,-0.16004789,-0.18253061,-0.15436083,-0.14958423,-0.19184028,-0.1759814,-0.16410208,-0.14723541,-0.14623587,-0.11499533,-0.10471026,-0.13557313,-0.20148799,-0.17730817,-0.12513243,-0.16641638,-0.18041904,-0.18738703,-0.11705899,-0.17622662,-0.26082942,-0.09250493,-0.09222189,-0.115079254,-0.13629779,-0.14840248,-0.09877597,-0.18958853
k__Bacteria|p__Firmicutes|c__Clostridia|o__Eubacteriales|f__Oscillospiraceae|g__Oscillospiraceae_unclassified|s__Ruminococcaceae_bacterium_D5,-0.1004395,-0.12316422,-0.14206785,-0.20428483,-0.16707762,-0.19405478,-0.1666669,-0.1452313,-0.12566298,-0.18447138,-0.18421341,-0.22204828,-0.1719532,-0.20380262,-0.10300848,-0.09915216,-0.058144663,-0.09934473,-0.10772289,-0.17121512,-0.1978925,-0.12536043,-0.13654569,-0.15237048,-0.17176652,-0.11658599,-0.16822192,-0.17431733,-0.1509206,-0.12124001,-0.13540083,-0.10575408,-0.14870113,-0.19614348,-0.18959731,-0.2175087,-0.16111775,-0.22338755,-0.19746768,-0.29867563,-0.29210672,-0.1981771,-0.10708888,-0.09162698,-0.13691942,-0.15548584,-0.23188588,-0.19437402,-0.14689231,-0.2026537,-0.18451084,-0.18279888,-0.19736294,-0.19845349,-0.2019657,-0.15861426,-0.12568775,-0.1438658,-0.091936894,-0.09541783,-0.17155747,-0.14237615,-0.13743341,-0.14712241,-0.12719077,-0.15206854,-0.2613474,-0.22333384,-0.1891014,-0.20047067,-0.14566416,-0.14951149,-0.1307127,-0.14282537,-0.15053046,-0.16400553,-0.1468102,-0.16278498,-0.15993941,-0.14998752,-0.14748155,-0.15740772,-0.15355271,-0.22480208,-0.120334074,-0.14177826,-0.118397325,-0.1610484,-0.17423366,-0.15604785,-0.16862118,-0.11139822,-0.1388583,-0.13027036,-0.12879878,-0.15152657,-0.14317231,-0.11576852,-0.10065024,-0.09050566,-0.10541262,-0.120401554,-0.13501653,-0.15027548,-0.16067404,-0.1185138,-0.11129953,-0.1578567,-0.17738779,-0.1336106,-0.1643049,-0.25953975,-0.14908823,-0.13302666,-0.14176069,-0.15095688,-0.17780018,-0.16411416,-0.22917573,-0.09015879,-0.11042693,-0.13486463,-0.12977469,-0.13997786,-0.17428903,-0.13908121,-0.16057305,-0.12777606,-0.07092635,-0.03704006,-0.13735755,-0.16233248,-0.17935622,-0.14332479,-0.12334781,-0.13624796,-0.12023825,-0.13823467,-0.25318068,-0.26654312,-0.08325791,-0.10945694,-0.14448252,-0.09238048,-0.18857744,-0.19062652,-0.15366964,-0.09010528,-0.13230102,-0.14996764,-0.15065518,-0.15926658,-0.1709289,-0.18380734,-0.087662235,-0.12380274,-0.14106926,-0.10256614,-0.17951453,-0.19495486,-0.19140066,-0.09994181,-0.13113372,-0.07889973,-0.12799111,-0.19006202,-0.19367541,-0.19206846,-0.12326148,-0.075128034,-0.09695594,-0.11860518,-0.1367769,-0.12406494,-0.121451,-0.09426819,-0.09664556,-0.108547315,-0.082459606,-0.11293949,-0.13246676,-0.16736148,-0.1410757,-0.13679898,-0.18093297,-0.17825818,-0.19461432,-0.144862,-0.15549555,-0.13546045,-0.119081676,-0.14001076,-0.19117098,-0.19151813,-0.18200783,-0.19755594,-0.25103784,-0.20219928,-0.19098777,-0.19172433,-0.18331695,-0.1744267,-0.27554205,-0.08916744,-0.11956477,-0.12836024,-0.15751183,-0.20931396,-0.18224281,-0.29657933,-0.32474133,-0.15563424,-0.3242122,-0.17325558,-0.17108874,-0.2185038,-0.17647925,-0.114121355,-0.14036956,-0.15388772,-0.15788373,-0.22984435,-0.18186735,-0.25664288,-0.10424561,-0.12455491,-0.13884428,-0.12429715,-0.15189947,-0.15499377,-0.15628964,-0.14014931,-0.15141064,-0.16310279,-0.15554021,-0.15369785,-0.15334639,-0.13432881,-0.12320627,-0.14702113,-0.1907025,-0.1775173,-0.21025829,-0.3990198,-0.20491959,-0.11350646,-0.1296617,-0.11844478,-0.14830741,-0.16636807,-0.1869442,-0.19220996,-0.13189855,-0.07649502,-0.15310165,-0.14000842,-0.14106366,-0.11819272,-0.19987361,-0.1649412,-0.15925214,-0.1417314,-0.12377009,-0.12722544,-0.14610182,-0.2588673,-0.1072374,-0.13074079,-0.09132757,-0.12832497,-0.12924734,-0.15003455,-0.15198204,-0.09611696,-0.08910369,-0.124369144,-0.11049686,-0.13816148,-0.1510925,-0.17061803,-0.14301905,-0.11674565,-0.17426671,-0.15225165,-0.1425446,-0.1254088,-0.14253637,-0.17466888,-0.13176009,-0.13241339,-0.14594263,-0.122923866,-0.08722703,-0.05825615,-0.1436,-0.17082691,-0.026243303,-0.16735794,-0.2829064,-0.31316653,-0.19938162,-0.14584473,-0.14331596,-0.14862512,-0.12963767,-0.25088155,-0.19404788,-0.18884553,-0.09444547,-0.10927959,-0.10702289,-0.09328586,-0.12759323,-0.1535553,-0.15746465,-0.16753155,-0.12812386,-0.0969081,-0.16398169,-0.14363085,-0.11335766,-0.18846886,-0.1706479,-0.1542141,-0.12576568,-0.115196005,-0.1128889,-0.11662802,-0.17654242,-0.13851228,-0.13431996,-0.096878245,-0.12117261,-0.09158221,-0.12434345,-0.13626398,-0.063823454,-0.13877153,-0.11419349,-0.1337919,-0.24483351,-0.2571875,-0.29957527,-0.14626639,-0.15700045,-0.13218716,-0.19104545,-0.0782174,-0.17257053,-0.1646812,-0.09859173,-0.11065883,-0.114735916,-0.076612435,-0.083404,-0.1213824,-0.13072303,-0.13855581,-0.19385117,-0.09848053,-0.1558344,-0.19487974,-0.19177401,-0.18739602,-0.11122233,-0.14330843,-0.10291332,-0.15916017,-0.19469857,-0.17297046,-0.16951613,-0.14295098,-0.1426605,-0.10186046,-0.15357083,-0.16211292,-0.18169785,-0.19576493,-0.12116149,-0.14743052,-0.114101656,-0.08009509,-0.1429148,-0.20725825,-0.16098233,-0.125103,-0.15657571,-0.15690626,-0.14406809,-0.19202894,-0.16287673,-0.18226847,-0.2963242,-0.19886258,-0.18209322,-0.17243245,-0.19350152,-0.15793568,-0.14054683,-0.13034078,-0.12557748,-0.13839805,-0.16367163,-0.30584824,-0.16718945,-0.18125233,-0.19354573,-0.11441202,-0.15074831,-0.14094716,-0.17848833,-0.16710146,-0.1649648,-0.14331086,-0.18237996,-0.12861222,-0.1537657,-0.13727531,-0.24156228,-0.18023813,-0.103093356,-0.13559702,-0.1420022,-0.1744295,-0.11048174,-0.1347293,-0.15244737,-0.16010337,-0.18256101,-0.1541476,-0.14897802,-0.19184028,-0.17558368,-0.16440889,-0.14723541,-0.14623587,-0.11499533,-0.10471026,-0.1352377,-0.20148799,-0.1772106,-0.12513243,-0.16699612,-0.18041904,-0.18738703,-0.11705899,-0.17649029,-0.26001912,-0.09238087,-0.09221065,-0.1147871,-0.1361751,-0.14809424,-0.098476246,-0.18936545
k__Bacteria|p__Firmicutes|c__Clostridia|o__Eubacteriales|f__Oscillospiraceae|g__GGB9453|s__GGB9453_SGB14845,-0.1004395,-0.12316422,-0.14179292,-0.20428483,-0.16733277,-0.19384642,-0.1666669,-0.14513147,-0.124852955,-0.18387821,-0.1832119,-0.22501609,-0.1696413,-0.20640647,-0.10321072,-0.099580914,-0.058144663,-0.099592045,-0.10761769,-0.17090724,-0.1978925,-0.12536043,-0.13626742,-0.15218544,-0.17171615,-0.11658599,-0.1676653,-0.17405613,-0.1509206,-0.12124001,-0.13508996,-0.10583064,-0.14822587,-0.1963957,-0.18938588,-0.2175087,-0.16108043,-0.22338755,-0.19765216,-0.29867563,-0.29210672,-0.19838624,-0.10748805,-0.09162698,-0.13691942,-0.15524933,-0.23188588,-0.19446209,-0.14667237,-0.2026537,-0.18445864,-0.18279888,-0.1973115,-0.19781843,-0.20248583,-0.15821211,-0.125713,-0.14397126,-0.091938496,-0.09552917,-0.17152268,-0.14222258,-0.13743341,-0.14702192,-0.12719077,-0.15156607,-0.2613474,-0.22333384,-0.1891901,-0.20047067,-0.14580482,-0.14934929,-0.13064653,-0.14269453,-0.15070537,-0.1641691,-0.14663744,-0.16278498,-0.15985373,-0.14998752,-0.14708745,-0.15721071,-0.1532008,-0.22480208,-0.120334074,-0.14150885,-0.11821918,-0.16122812,-0.17417613,-0.15551119,-0.16809729,-0.11139822,-0.1388583,-0.13027036,-0.1285694,-0.15152657,-0.14247963,-0.11542493,-0.10065024,-0.09039081,-0.105562516,-0.12068628,-0.13513237,-0.15027548,-0.16046956,-0.1185138,-0.11129953,-0.1578567,-0.17738779,-0.1334711,-0.1633998,-0.25953975,-0.14883053,-0.13255265,-0.14150679,-0.15095688,-0.17780018,-0.16408587,-0.22917573,-0.09015879,-0.10990368,-0.13461807,-0.12957521,-0.13997786,-0.17392537,-0.13908121,-0.16057305,-0.12777606,-0.07092635,-0.03704006,-0.13742265,-0.16212964,-0.17899972,-0.14332479,-0.12334781,-0.13593943,-0.12023825,-0.13800085,-0.25318068,-0.26654312,-0.083473295,-0.10945694,-0.14439967,-0.09238048,-0.18810953,-0.19052085,-0.15311024,-0.090313524,-0.13230102,-0.14954884,-0.15038368,-0.15908581,-0.17073455,-0.18390957,-0.08791219,-0.123871446,-0.14123586,-0.10256614,-0.17951453,-0.19495486,-0.1914931,-0.099933386,-0.13113372,-0.07909277,-0.12766871,-0.19006202,-0.19378099,-0.1919248,-0.12333969,-0.07558282,-0.09729001,-0.118490666,-0.13651434,-0.12406494,-0.121451,-0.09450123,-0.096753046,-0.10853793,-0.082459606,-0.11297545,-0.13240865,-0.16738206,-0.1410757,-0.13634384,-0.18093297,-0.17825818,-0.19464254,-0.14475715,-0.15549555,-0.1353487,-0.119081676,-0.14001076,-0.19117098,-0.19185303,-0.18153004,-0.19755594,-0.25103784,-0.20219928,-0.1904172,-0.19138776,-0.18274611,-0.17407635,-0.27554205,-0.08916744,-0.11956477,-0.12775616,-0.15751183,-0.20931396,-0.18224281,-0.29657933,-0.32474133,-0.15236291,-0.3242122,-0.17325558,-0.17108874,-0.2185038,-0.17647925,-0.114121355,-0.13999546,-0.15388772,-0.15788373,-0.22984435,-0.18186735,-0.25751972,-0.10430799,-0.12455491,-0.13849309,-0.12407902,-0.15189947,-0.15524223,-0.156344,-0.14014931,-0.15141064,-0.16307928,-0.15534288,-0.15350659,-0.15300733,-0.13402903,-0.1228376,-0.1462735,-0.1901826,-0.1770201,-0.21025829,-0.3990198,-0.20329404,-0.11349936,-0.1296617,-0.11863603,-0.14769378,-0.16636807,-0.18692316,-0.19193569,-0.13142678,-0.07673858,-0.15307468,-0.13978696,-0.14106366,-0.11753056,-0.19987361,-0.1649412,-0.15881193,-0.14133239,-0.12348719,-0.12722544,-0.14610182,-0.2588673,-0.10716337,-0.13074079,-0.09132757,-0.12832497,-0.12897897,-0.14973189,-0.15194932,-0.0962961,-0.08910369,-0.124221236,-0.11049838,-0.13786927,-0.15078095,-0.17048536,-0.14286713,-0.116186984,-0.17409992,-0.15183091,-0.14232066,-0.1254427,-0.14198378,-0.17466888,-0.13176009,-0.13214001,-0.1458293,-0.12300308,-0.08722703,-0.05825615,-0.14342424,-0.17082691,-0.026243303,-0.16722383,-0.2829064,-0.31316653,-0.19844112,-0.14570907,-0.14331596,-0.14862512,-0.12963767,-0.25088155,-0.19454896,-0.18874517,-0.094317734,-0.10941759,-0.10702289,-0.09348111,-0.12759323,-0.15285727,-0.15746465,-0.16741899,-0.12812386,-0.0969081,-0.16398169,-0.14363705,-0.11335766,-0.18846886,-0.1706479,-0.15395692,-0.1257548,-0.115196005,-0.11266748,-0.11662802,-0.17647702,-0.13848703,-0.1345769,-0.096878245,-0.121227086,-0.09166764,-0.12434345,-0.13579491,-0.063823454,-0.13877153,-0.11419349,-0.13366032,-0.24483351,-0.2571875,-0.29957527,-0.14625308,-0.15685993,-0.13203081,-0.19104545,-0.0782174,-0.1726308,-0.16427445,-0.09859173,-0.11065883,-0.11447355,-0.076612435,-0.083404,-0.1213824,-0.13072303,-0.13855581,-0.19385117,-0.099013604,-0.15553194,-0.19487974,-0.19133085,-0.1870571,-0.111161806,-0.14325978,-0.10304862,-0.15937936,-0.19442917,-0.1726331,-0.16907623,-0.1428788,-0.14272292,-0.101536706,-0.15311736,-0.1618298,-0.18108782,-0.19556054,-0.121206075,-0.14754483,-0.1137671,-0.079886064,-0.14246395,-0.20725825,-0.16106948,-0.125103,-0.15657571,-0.15690626,-0.1438339,-0.19202894,-0.16257392,-0.18205592,-0.2963242,-0.19902351,-0.18098581,-0.17210096,-0.19333653,-0.15748173,-0.14054683,-0.13028294,-0.12557748,-0.13822098,-0.16292018,-0.30584824,-0.16660221,-0.1812562,-0.19326052,-0.11441202,-0.15035793,-0.1408051,-0.17810382,-0.16699475,-0.16476044,-0.14331086,-0.18237996,-0.12819883,-0.15304998,-0.1365867,-0.24156228,-0.1802187,-0.10316138,-0.13531236,-0.14195803,-0.17466478,-0.11022514,-0.13446236,-0.15230823,-0.1603138,-0.18230866,-0.15406351,-0.14912352,-0.19184028,-0.1755394,-0.16427672,-0.14723541,-0.14623587,-0.11499533,-0.10471026,-0.13477522,-0.20148799,-0.17727527,-0.12513243,-0.16643141,-0.18041904,-0.18738703,-0.11705899,-0.17645936,-0.26109764,-0.09260969,-0.09225169,-0.11475659,-0.1360299,-0.14797348,-0.0982824,-0.1893444
k__Bacteria|p__Firmicutes|c__Bacilli|o__Lactobacillales|f__Streptococcaceae|g__Lactococcus|s__Lactococcus_petauri,-0.1004395,-0.12316422,-0.14131698,-0.20428483,-0.1671018,-0.19391441,-0.1666669,-0.14543027,-0.1246557,-0.18448228,-0.18305887,-0.22686672,-0.16941391,-0.20581329,-0.10276082,-0.09898578,-0.058144663,-0.09966647,-0.10742962,-0.1711731,-0.1978925,-0.12536043,-0.13647962,-0.15282631,-0.17191659,-0.11658599,-0.16758463,-0.17458647,-0.1509206,-0.12124001,-0.13512357,-0.10518412,-0.1484176,-0.1962817,-0.18975288,-0.2175087,-0.16092515,-0.22338755,-0.19768488,-0.29867563,-0.29210672,-0.19872424,-0.107073635,-0.09162698,-0.13691942,-0.15503326,-0.23188588,-0.19406992,-0.14677602,-0.2026537,-0.18396106,-0.18279888,-0.19784752,-0.19886175,-0.20418149,-0.15871206,-0.1257281,-0.14401728,-0.09192769,-0.09535369,-0.17179953,-0.14256969,-0.13743341,-0.14712538,-0.12719077,-0.15136726,-0.2613474,-0.22333384,-0.18932328,-0.20047067,-0.14610007,-0.14951265,-0.13074279,-0.14289716,-0.15142554,-0.16477935,-0.14720035,-0.16278498,-0.159426,-0.14998752,-0.14742407,-0.15717345,-0.1534504,-0.22480208,-0.120334074,-0.14160132,-0.11812892,-0.1615321,-0.17472036,-0.15557688,-0.1686201,-0.11139822,-0.1388583,-0.13027036,-0.12872958,-0.15152657,-0.14246964,-0.11549272,-0.10065024,-0.089960106,-0.105282895,-0.12051879,-0.13508865,-0.15027548,-0.16079226,-0.1185138,-0.11129953,-0.1578567,-0.17738779,-0.13401008,-0.16391334,-0.25953975,-0.14882681,-0.13241625,-0.14163679,-0.15095688,-0.17780018,-0.16351911,-0.22917573,-0.09015879,-0.10984312,-0.13470149,-0.12968972,-0.13997786,-0.1738374,-0.13908121,-0.16057305,-0.12777606,-0.07092635,-0.03704006,-0.137052,-0.16241133,-0.17943114,-0.14332479,-0.12334781,-0.13566755,-0.12023825,-0.138435,-0.25318068,-0.26654312,-0.08302209,-0.10945694,-0.14485103,-0.09238048,-0.18806282,-0.19056833,-0.15283024,-0.08984739,-0.13230102,-0.14962453,-0.15040344,-0.15926342,-0.17086798,-0.1845983,-0.087244086,-0.12383166,-0.14144242,-0.10256614,-0.17951453,-0.19495486,-0.1919452,-0.099850506,-0.13113372,-0.07915509,-0.12780985,-0.19006202,-0.19387874,-0.19214451,-0.12361033,-0.07472013,-0.09687887,-0.11831382,-0.1365537,-0.12406494,-0.121451,-0.09418212,-0.096204236,-0.10820823,-0.082459606,-0.112680346,-0.1322667,-0.1676684,-0.1410757,-0.13621108,-0.18093297,-0.17825818,-0.19453616,-0.14469078,-0.15549555,-0.13562626,-0.119081676,-0.14001076,-0.19117098,-0.1915049,-0.1816424,-0.19755594,-0.25103784,-0.20219928,-0.19025569,-0.19128487,-0.18282337,-0.173898,-0.27554205,-0.08916744,-0.11956477,-0.1275087,-0.15751183,-0.20931396,-0.18224281,-0.29657933,-0.32474133,-0.15071395,-0.3242122,-0.17325558,-0.17108874,-0.2185038,-0.17647925,-0.114121355,-0.13972133,-0.15388772,-0.15788373,-0.22984435,-0.18186735,-0.2571029,-0.10410573,-0.12455491,-0.13852489,-0.12412752,-0.15189947,-0.15538542,-0.15677172,-0.14014931,-0.15141064,-0.16370991,-0.15540189,-0.15379998,-0.15311533,-0.13387394,-0.122986056,-0.14642888,-0.19109136,-0.17715678,-0.21025829,-0.3990198,-0.20222613,-0.1132821,-0.1296617,-0.11855344,-0.14809228,-0.16636807,-0.18737423,-0.19208421,-0.13144112,-0.07607826,-0.15352389,-0.13975221,-0.14106366,-0.11802043,-0.19987361,-0.1649412,-0.15854137,-0.14136256,-0.12344222,-0.12722544,-0.14610182,-0.2588673,-0.10695587,-0.13074079,-0.09132757,-0.12832497,-0.12931088,-0.14976007,-0.15226391,-0.09600052,-0.08910369,-0.124261655,-0.110218704,-0.13785487,-0.15084003,-0.17087466,-0.14304689,-0.11610778,-0.17431463,-0.15188506,-0.1425527,-0.12509227,-0.14252843,-0.17466888,-0.13176009,-0.13224632,-0.14591792,-0.1228428,-0.08722703,-0.05825615,-0.14351898,-0.17082691,-0.026243303,-0.1664075,-0.2829064,-0.31316653,-0.19806093,-0.14587131,-0.14331596,-0.14862512,-0.12963767,-0.25088155,-0.1943516,-0.18920642,-0.09416457,-0.10925609,-0.10702289,-0.093766406,-0.12759323,-0.1529314,-0.15746465,-0.16749221,-0.12812386,-0.0969081,-0.16398169,-0.14407206,-0.11335766,-0.18846886,-0.1706479,-0.15406099,-0.12573016,-0.115196005,-0.11286032,-0.11662802,-0.17662665,-0.13863304,-0.13455787,-0.096878245,-0.12094396,-0.09143661,-0.12434345,-0.13600394,-0.063823454,-0.13877153,-0.11419349,-0.13373898,-0.24483351,-0.2571875,-0.29957527,-0.14637887,-0.15702784,-0.13219517,-0.19104545,-0.0782174,-0.17267646,-0.16473562,-0.09859173,-0.11065883,-0.11458536,-0.076612435,-0.083404,-0.1213824,-0.13072303,-0.13855581,-0.19385117,-0.09881032,-0.155864,-0.19487974,-0.19136836,-0.18736467,-0.11105685,-0.14299433,-0.10284643,-0.16003259,-0.19457477,-0.17365089,-0.16926509,-0.14287536,-0.14267215,-0.10117093,-0.1533831,-0.16178301,-0.18110403,-0.19554186,-0.12118919,-0.14765193,-0.113538444,-0.07959021,-0.143037,-0.20725825,-0.16105537,-0.125103,-0.15657571,-0.15690626,-0.14353874,-0.19202894,-0.16272181,-0.18264732,-0.2963242,-0.19719121,-0.18112868,-0.17163846,-0.1931394,-0.15741774,-0.14054683,-0.13027953,-0.12557748,-0.13817528,-0.16341016,-0.30584824,-0.16655594,-0.18176249,-0.19307107,-0.11441202,-0.15078402,-0.14058176,-0.17832127,-0.1671798,-0.16498703,-0.14331086,-0.18237996,-0.1280609,-0.15347442,-0.13725156,-0.24156228,-0.17946512,-0.10298924,-0.13502827,-0.14218007,-0.17505223,-0.10994828,-0.1344274,-0.15289919,-0.16043891,-0.18191294,-0.15462793,-0.149346,-0.19184028,-0.17551872,-0.16477212,-0.14723541,-0.14623587,-0.11499533,-0.10471026,-0.13501483,-0.20148799,-0.17759854,-0.12513243,-0.16568893,-0.18041904,-0.18738703,-0.11705899,-0.17753199,-0.26005644,-0.09210436,-0.09191063,-0.11445048,-0.13611963,-0.14815214,-0.09800865,-0.18969215
k__Bacteria|p__Firmicutes|c__Bacilli|o__Lactobacillales|f__Streptococcaceae|g__Streptococcus|s__Streptococcus_mutans,-0.1004395,-0.12316422,-0.14217025,-0.20428483,-0.16731097,-0.19349469,-0.1666669,-0.1449354,-0.12559767,-0.18375275,-0.18279836,-0.21881789,-0.16998711,-0.20105575,-0.102985576,-0.098759145,-0.058144663,-0.09915942,-0.10802918,-0.17103979,-0.1978925,-0.12536043,-0.13641056,-0.15215775,-0.17138375,-0.11658599,-0.16780287,-0.17364958,-0.1509206,-0.12124001,-0.13528864,-0.1059874,-0.14854786,-0.19532914,-0.1889317,-0.2175087,-0.16161792,-0.22338755,-0.19686127,-0.29867563,-0.29210672,-0.19734757,-0.10705358,-0.09162698,-0.13691942,-0.155225,-0.23188588,-0.19375032,-0.1467894,-0.2026537,-0.18474226,-0.18279888,-0.19668639,-0.19737509,-0.20093197,-0.15718377,-0.12572049,-0.14363644,-0.092273846,-0.09580928,-0.17136085,-0.14224768,-0.13743341,-0.14689714,-0.12719077,-0.15174846,-0.2613474,-0.22333384,-0.18878847,-0.20047067,-0.14547099,-0.14922929,-0.13076735,-0.142619,-0.15029812,-0.16363639,-0.14671554,-0.16278498,-0.15964627,-0.14998752,-0.14740376,-0.15726447,-0.15336668,-0.22480208,-0.120334074,-0.14155212,-0.11854458,-0.16082871,-0.17394327,-0.15580405,-0.16816825,-0.11139822,-0.1388583,-0.13027036,-0.1288171,-0.15152657,-0.14312756,-0.115532905,-0.10065024,-0.09063567,-0.10547903,-0.120477006,-0.13509576,-0.15027548,-0.16031733,-0.1185138,-0.11129953,-0.1578567,-0.17738779,-0.1330755,-0.16461924,-0.25953975,-0.14888376,-0.13288392,-0.14154553,-0.15095688,-0.17780018,-0.16410983,-0.22917573,-0.09015879,-0.11045609,-0.13478959,-0.12958723,-0.13997786,-0.1738168,-0.13908121,-0.16057305,-0.12777606,-0.07092635,-0.03704006,-0.13729894,-0.16220784,-0.17868283,-0.14332479,-0.12334781,-0.13597234,-0.12023825,-0.13821979,-0.25318068,-0.26654312,-0.083612986,-0.10945694,-0.14413784,-0.09238048,-0.18798925,-0.19006991,-0.15308699,-0.09044307,-0.13230102,-0.1497522,-0.1503883,-0.15895653,-0.17066261,-0.18344791,-0.08811404,-0.12350573,-0.14052182,-0.10256614,-0.17951453,-0.19495486,-0.19071639,-0.10025597,-0.13113372,-0.079178944,-0.12805483,-0.19006202,-0.1931355,-0.1914383,-0.12309332,-0.07562162,-0.097098306,-0.11853328,-0.13650565,-0.12406494,-0.121451,-0.09437777,-0.096620604,-0.10840492,-0.082459606,-0.112792425,-0.13230923,-0.16681272,-0.1410757,-0.13684201,-0.18093297,-0.17825818,-0.19396198,-0.14483607,-0.15549555,-0.1353323,-0.119081676,-0.14001076,-0.19117098,-0.19087328,-0.18147409,-0.19755594,-0.25103784,-0.20219928,-0.19070774,-0.19144046,-0.18266502,-0.17421246,-0.27554205,-0.08916744,-0.11956477,-0.12845325,-0.15751183,-0.20931396,-0.18224281,-0.29657933,-0.32474133,-0.15415657,-0.3242122,-0.17325558,-0.17108874,-0.2185038,-0.17647925,-0.114121355,-0.14031541,-0.15388772,-0.15788373,-0.22984435,-0.18186735,-0.25372195,-0.104428805,-0.12455491,-0.13864905,-0.12438965,-0.15189947,-0.15484627,-0.15599069,-0.14014931,-0.15141064,-0.16290492,-0.15551557,-0.15349707,-0.15310201,-0.13394102,-0.12337916,-0.14683108,-0.1899919,-0.17689563,-0.21025829,-0.3990198,-0.20171167,-0.113427,-0.1296617,-0.118214995,-0.14815117,-0.16636807,-0.18622522,-0.19169798,-0.13171351,-0.07713365,-0.15300441,-0.14005396,-0.14106366,-0.118025854,-0.19987361,-0.1649412,-0.15907685,-0.14148396,-0.12355301,-0.12722544,-0.14610182,-0.2588673,-0.107375085,-0.13074079,-0.09132757,-0.12832497,-0.12923831,-0.15003744,-0.15162879,-0.0962106,-0.08910369,-0.12424457,-0.110722855,-0.13796657,-0.15098967,-0.17012864,-0.14300397,-0.11688875,-0.17367324,-0.15202695,-0.14225206,-0.1255193,-0.14192176,-0.17466888,-0.13176009,-0.13245505,-0.14558937,-0.122834526,-0.08722703,-0.05825615,-0.14340585,-0.17082691,-0.026243303,-0.16663179,-0.2829064,-0.31316653,-0.19766414,-0.1457071,-0.14331596,-0.14862512,-0.12963767,-0.25088155,-0.19352698,-0.18839142,-0.09489952,-0.10925309,-0.10702289,-0.09339596,-0.12759323,-0.1531726,-0.15746465,-0.16697815,-0.12812386,-0.0969081,-0.16398169,-0.14334016,-0.11335766,-0.18846886,-0.1706479,-0.15404376,-0.12577839,-0.115196005,-0.112885244,-0.11662802,-0.17570376,-0.13842621,-0.13411522,-0.096878245,-0.12089124,-0.09181673,-0.12434345,-0.13593473,-0.063823454,-0.13877153,-0.11419349,-0.13390589,-0.24483351,-0.2571875,-0.29957527,-0.14613715,-0.1566625,-0.1323949,-0.19104545,-0.0782174,-0.17216921,-0.16408256,-0.09859173,-0.11065883,-0.11465162,-0.076612435,-0.083404,-0.1213824,-0.13072303,-0.13855581,-0.19385117,-0.09896063,-0.15590909,-0.19487974,-0.19139095,-0.1867733,-0.11145109,-0.1429148,-0.10317278,-0.15904295,-0.19414146,-0.1719678,-0.16921124,-0.14284155,-0.14234929,-0.10213016,-0.15326154,-0.16168538,-0.18111345,-0.1947623,-0.121315725,-0.14704272,-0.113980964,-0.08029948,-0.14320895,-0.20725825,-0.16091953,-0.125103,-0.15657571,-0.15690626,-0.14377823,-0.19202894,-0.16286623,-0.18189529,-0.2963242,-0.19853681,-0.1813694,-0.17192689,-0.1929401,-0.15750173,-0.14054683,-0.13038796,-0.12557748,-0.13831672,-0.1635701,-0.30584824,-0.16716957,-0.18089119,-0.1930235,-0.11441202,-0.15054354,-0.14080702,-0.17806436,-0.16692832,-0.16450042,-0.14331086,-0.18237996,-0.12880474,-0.15322742,-0.13766916,-0.24156228,-0.1798487,-0.10333585,-0.13549104,-0.14191335,-0.17416891,-0.110686556,-0.13476923,-0.15204167,-0.15959287,-0.18214753,-0.15381941,-0.14920276,-0.19184028,-0.17561543,-0.16389419,-0.14723541,-0.14623587,-0.11499533,-0.10471026,-0.13524127,-0.20148799,-0.1769787,-0.12513243,-0.16584514,-0.18041904,-0.18738703,-0.11705899,-0.17577595,-0.25867033,-0.09258446,-0.09230995,-0.11499767,-0.13594738,-0.14779842,-0.09882557,-0.18881072
k__Bacteria|p__Firmicutes|c__Bacilli|o__Lactobacillales|f__Streptococcaceae|g__Streptococcus|s__Streptococcus_canis,-0.1004395,-0.12316422,-0.1413143,-0.20428483,-0.16648379,-0.1933034,-0.1666669,-0.14561349,-0.12549102,-0.18467134,-0.18280624,-0.21293503,-0.17004138,-0.19915017,-0.10310215,-0.0985086,-0.058144663,-0.10040278,-0.10772677,-0.17150268,-0.1978925,-0.12536043,-0.13726266,-0.15339567,-0.17160591,-0.11658599,-0.16833535,-0.17487958,-0.1509206,-0.12124001,-0.1358055,-0.1051901,-0.14872375,-0.19463974,-0.18923843,-0.2175087,-0.16045943,-0.22338755,-0.19562516,-0.29867563,-0.29210672,-0.19683279,-0.1072911,-0.09162698,-0.13691942,-0.15523031,-0.23188588,-0.19355911,-0.14671123,-0.2026537,-0.1836921,-0.18279888,-0.19585148,-0.19634154,-0.19972163,-0.15961614,-0.12603968,-0.14413923,-0.09328519,-0.09596354,-0.17184824,-0.14357802,-0.13743341,-0.14733312,-0.12719077,-0.15195358,-0.2613474,-0.22333384,-0.18860632,-0.20047067,-0.14632979,-0.14979231,-0.13071641,-0.1430773,-0.15193292,-0.16505402,-0.14761522,-0.16278498,-0.15925698,-0.14998752,-0.14809346,-0.15708593,-0.15402618,-0.22480208,-0.120334074,-0.14208874,-0.11872174,-0.16197051,-0.17453632,-0.15568167,-0.16891652,-0.11139822,-0.1388583,-0.13027036,-0.12955661,-0.15152657,-0.14374693,-0.11641979,-0.10065024,-0.09070079,-0.105869636,-0.120792374,-0.13536495,-0.15027548,-0.16111937,-0.1185138,-0.11129953,-0.1578567,-0.17738779,-0.13405478,-0.16373928,-0.25953975,-0.14908907,-0.13267507,-0.14158848,-0.15095688,-0.17780018,-0.16309844,-0.22917573,-0.09015879,-0.11098495,-0.13514891,-0.12996641,-0.13997786,-0.17376207,-0.13908121,-0.16057305,-0.12777606,-0.07092635,-0.03704006,-0.13722864,-0.16269404,-0.17956235,-0.14332479,-0.12334781,-0.13631672,-0.12023825,-0.1387547,-0.25318068,-0.26654312,-0.08385372,-0.10945694,-0.14524245,-0.09238048,-0.18807988,-0.18976504,-0.15275338,-0.09053554,-0.13230102,-0.1500779,-0.1506145,-0.15930147,-0.17079964,-0.18468434,-0.08784901,-0.12432951,-0.1411998,-0.10256614,-0.17951453,-0.19495486,-0.19122085,-0.10053376,-0.13113372,-0.079225376,-0.12826607,-0.19006202,-0.19285361,-0.1914084,-0.12440248,-0.07553673,-0.09726032,-0.11848277,-0.13698334,-0.12406494,-0.121451,-0.09452645,-0.09657155,-0.10871112,-0.082459606,-0.11313249,-0.13294825,-0.16785698,-0.1410757,-0.13668264,-0.18093297,-0.17825818,-0.19324934,-0.14480796,-0.15549555,-0.13593581,-0.119081676,-0.14001076,-0.19117098,-0.18993922,-0.18113701,-0.19755594,-0.25103784,-0.20219928,-0.19017527,-0.19066133,-0.18249524,-0.17318279,-0.27554205,-0.08916744,-0.11956477,-0.12825716,-0.15751183,-0.20931396,-0.18224281,-0.29657933,-0.32474133,-0.15292066,-0.3242122,-0.17325558,-0.17108874,-0.2185038,-0.17647925,-0.114121355,-0.14006457,-0.15388772,-0.15788373,-0.22984435,-0.18186735,-0.24750379,-0.10455106,-0.12455491,-0.13915536,-0.12479167,-0.15189947,-0.15588155,-0.15702116,-0.14014931,-0.15141064,-0.16407874,-0.15565091,-0.15409586,-0.15312538,-0.13391364,-0.12362522,-0.14703,-0.19094071,-0.17682919,-0.21025829,-0.3990198,-0.20048273,-0.11377075,-0.1296617,-0.118758865,-0.14869654,-0.16636807,-0.18739457,-0.19153795,-0.13197108,-0.076959446,-0.15380602,-0.14001855,-0.14106366,-0.11961931,-0.19987361,-0.1649412,-0.15873274,-0.14141314,-0.12396557,-0.12722544,-0.14610182,-0.2588673,-0.10742821,-0.13074079,-0.09132757,-0.12832497,-0.13008437,-0.15035146,-0.1527605,-0.09660067,-0.08910369,-0.12480349,-0.110751,-0.13821712,-0.15124252,-0.1708254,-0.14341609,-0.11711682,-0.17447442,-0.15234898,-0.14298022,-0.1252535,-0.14326742,-0.17466888,-0.13176009,-0.13277104,-0.14632332,-0.12319325,-0.08722703,-0.05825615,-0.14401956,-0.17082691,-0.026243303,-0.16580755,-0.2829064,-0.31316653,-0.19716963,-0.1461665,-0.14331596,-0.14862512,-0.12963767,-0.25088155,-0.1928343,-0.18877947,-0.09512472,-0.10980625,-0.10702289,-0.094489545,-0.12759323,-0.15364385,-0.15746465,-0.1673156,-0.12812386,-0.0969081,-0.16398169,-0.14478585,-0.11335766,-0.18846886,-0.1706479,-0.15407664,-0.12631589,-0.115196005,-0.1133623,-0.11662802,-0.17681035,-0.13891336,-0.13463624,-0.096878245,-0.121130094,-0.09233761,-0.12434345,-0.13710663,-0.063823454,-0.13877153,-0.11419349,-0.13405856,-0.24483351,-0.2571875,-0.29957527,-0.14637217,-0.15714808,-0.13253352,-0.19104545,-0.0782174,-0.17206316,-0.16493388,-0.09859173,-0.11065883,-0.11599779,-0.076612435,-0.083404,-0.1213824,-0.13072303,-0.13855581,-0.19385117,-0.09908214,-0.15607636,-0.19487974,-0.19084676,-0.18686861,-0.11165294,-0.14335215,-0.10378619,-0.16025081,-0.1936459,-0.17368355,-0.1689477,-0.1430754,-0.14267528,-0.10152807,-0.15373933,-0.16204569,-0.1807637,-0.19423684,-0.121714905,-0.14803109,-0.11435673,-0.08077879,-0.1433059,-0.20725825,-0.16088891,-0.125103,-0.15657571,-0.15690626,-0.14384785,-0.19202894,-0.16290924,-0.18284099,-0.2963242,-0.19361,-0.18084854,-0.17131111,-0.19174294,-0.15732887,-0.14054683,-0.13053524,-0.12557748,-0.1386748,-0.16234842,-0.30584824,-0.16700183,-0.1813978,-0.1924567,-0.11441202,-0.15147372,-0.14082342,-0.1782876,-0.16724372,-0.16511738,-0.14331086,-0.18237996,-0.12820606,-0.15377228,-0.1372008,-0.24156228,-0.17883103,-0.1034447,-0.13561429,-0.14260158,-0.17487478,-0.110603526,-0.13498482,-0.15341485,-0.16019279,-0.18152632,-0.15496571,-0.14955524,-0.19184028,-0.1753352,-0.16524285,-0.14723541,-0.14623587,-0.11499533,-0.10471026,-0.13561286,-0.20148799,-0.17746039,-0.12513243,-0.16585161,-0.18041904,-0.18738703,-0.11705899,-0.17788012,-0.25471497,-0.09266763,-0.09267721,-0.11488046,-0.13641088,-0.14815032,-0.09856802,-0.18939495
k__Bacteria|p__Firmicutes|c__Clostridia|o__Eubacteriales|f__Peptostreptococcaceae|g__Romboutsia|s__Romboutsia_hominis,-0.1004395,-0.12316422,-0.14164384,-0.20428483,-0.16755502,-0.19395934,-0.1666669,-0.14560726,-0.12524095,-0.18470836,-0.18358938,-0.22154535,-0.16983952,-0.20432708,-0.10285626,-0.098793656,-0.058144663,-0.099579886,-0.10772051,-0.17136323,-0.1978925,-0.12536043,-0.1366444,-0.15289354,-0.17198505,-0.11658599,-0.1681377,-0.17463511,-0.1509206,-0.12124001,-0.13549417,-0.105490476,-0.14875199,-0.19613966,-0.18976587,-0.2175087,-0.16138718,-0.22338755,-0.19768798,-0.29867563,-0.29210672,-0.19836721,-0.107182264,-0.09162698,-0.13691942,-0.15539436,-0.23188588,-0.19422652,-0.14694996,-0.2026537,-0.18488729,-0.18279888,-0.19754685,-0.19796574,-0.20214501,-0.1585683,-0.12584677,-0.14409173,-0.092077926,-0.095483355,-0.17203969,-0.14266287,-0.13743341,-0.14730048,-0.12719077,-0.15189604,-0.2613474,-0.22333384,-0.18960932,-0.20047067,-0.14610761,-0.14969175,-0.13081895,-0.14293298,-0.15123856,-0.16467637,-0.14732757,-0.16278498,-0.15983607,-0.14998752,-0.14773737,-0.15745413,-0.15361714,-0.22480208,-0.120334074,-0.14185858,-0.11834864,-0.16165018,-0.17478302,-0.15582633,-0.16883382,-0.11139822,-0.1388583,-0.13027036,-0.12896125,-0.15152657,-0.14307274,-0.115594745,-0.10065024,-0.09024197,-0.10544931,-0.12062042,-0.13530515,-0.15027548,-0.16100171,-0.1185138,-0.11129953,-0.1578567,-0.17738779,-0.13363579,-0.16421399,-0.25953975,-0.14912155,-0.13277473,-0.14171132,-0.15095688,-0.17780018,-0.16391748,-0.22917573,-0.09015879,-0.11024615,-0.13496909,-0.12974635,-0.13997786,-0.1741997,-0.13908121,-0.16057305,-0.12777606,-0.07092635,-0.03704006,-0.13738835,-0.16268334,-0.17952144,-0.14332479,-0.12334781,-0.13617921,-0.12023825,-0.13860756,-0.25318068,-0.26654312,-0.083269306,-0.10945694,-0.14490105,-0.09238048,-0.18849808,-0.1907218,-0.1531633,-0.090080954,-0.13230102,-0.14997181,-0.15063483,-0.15938693,-0.17104883,-0.18454292,-0.087506466,-0.12372865,-0.1414901,-0.10256614,-0.17951453,-0.19495486,-0.19171044,-0.09999201,-0.13113372,-0.07880461,-0.12806287,-0.19006202,-0.19390196,-0.19219813,-0.12364722,-0.07502924,-0.09694764,-0.118463196,-0.13679838,-0.12406494,-0.121451,-0.0942052,-0.0964137,-0.108432986,-0.082459606,-0.112836055,-0.13259012,-0.16776535,-0.1410757,-0.13664135,-0.18093297,-0.17825818,-0.19452673,-0.14488018,-0.15549555,-0.1356334,-0.119081676,-0.14001076,-0.19117098,-0.19152674,-0.18181768,-0.19755594,-0.25103784,-0.20219928,-0.19084829,-0.19165578,-0.18309242,-0.17428654,-0.27554205,-0.08916744,-0.11956477,-0.12819315,-0.15751183,-0.20931396,-0.18224281,-0.29657933,-0.32474133,-0.15212087,-0.3242122,-0.17325558,-0.17108874,-0.2185038,-0.17647925,-0.114121355,-0.14017594,-0.15388772,-0.15788373,-0.22984435,-0.18186735,-0.25508904,-0.10425934,-0.12455491,-0.13888642,-0.12438573,-0.15189947,-0.1555283,-0.1568025,-0.14014931,-0.15141064,-0.16375276,-0.15571092,-0.15395144,-0.15334547,-0.13403612,-0.12330139,-0.14685962,-0.19116686,-0.17729703,-0.21025829,-0.3990198,-0.20140612,-0.11349455,-0.1296617,-0.11849813,-0.14839214,-0.16636807,-0.18750232,-0.19233215,-0.13180271,-0.07639806,-0.1535796,-0.14016786,-0.14106366,-0.11816795,-0.19987361,-0.1649412,-0.15911715,-0.14150362,-0.12365408,-0.12722544,-0.14610182,-0.2588673,-0.107166775,-0.13074079,-0.09132757,-0.12832497,-0.12949315,-0.15022284,-0.15234229,-0.09613146,-0.08910369,-0.12443369,-0.11053774,-0.13809425,-0.15121703,-0.17085135,-0.14325526,-0.11659253,-0.17452767,-0.15224382,-0.14269692,-0.12533365,-0.14259692,-0.17466888,-0.13176009,-0.13246638,-0.1460754,-0.122898296,-0.08722703,-0.05825615,-0.14375013,-0.17082691,-0.026243303,-0.16682054,-0.2829064,-0.31316653,-0.19770074,-0.14605162,-0.14331596,-0.14862512,-0.12963767,-0.25088155,-0.19416389,-0.18920402,-0.09446179,-0.109356076,-0.10702289,-0.093510084,-0.12759323,-0.15333182,-0.15746465,-0.16756368,-0.12812386,-0.0969081,-0.16398169,-0.14412531,-0.11335766,-0.18846886,-0.1706479,-0.154281,-0.12582041,-0.115196005,-0.112870306,-0.11662802,-0.17678764,-0.13872072,-0.13460541,-0.096878245,-0.120997176,-0.09164516,-0.12434345,-0.13633153,-0.063823454,-0.13877153,-0.11419349,-0.13402039,-0.24483351,-0.2571875,-0.29957527,-0.14650223,-0.15719132,-0.13229583,-0.19104545,-0.0782174,-0.17267562,-0.16479996,-0.09859173,-0.11065883,-0.1149046,-0.076612435,-0.083404,-0.1213824,-0.13072303,-0.13855581,-0.19385117,-0.09872332,-0.15610251,-0.19487974,-0.19171827,-0.18738322,-0.111293696,-0.14331251,-0.10301277,-0.16000396,-0.19465445,-0.17324002,-0.16972293,-0.1430979,-0.1427344,-0.101500124,-0.1536299,-0.1620617,-0.18148655,-0.19558269,-0.12137739,-0.1477468,-0.113982186,-0.079905055,-0.1430102,-0.20725825,-0.16130918,-0.125103,-0.15657571,-0.15690626,-0.14388251,-0.19202894,-0.16305457,-0.18275727,-0.2963242,-0.19752774,-0.18137221,-0.17220458,-0.19334377,-0.15763152,-0.14054683,-0.13049698,-0.12557748,-0.13846591,-0.16367811,-0.30584824,-0.16692875,-0.18181647,-0.19342972,-0.11441202,-0.15102208,-0.14092624,-0.17856373,-0.16728753,-0.165155,-0.14331086,-0.18237996,-0.1283972,-0.1537185,-0.13719374,-0.24156228,-0.18009388,-0.10313457,-0.13544852,-0.14222047,-0.17510502,-0.11032356,-0.13473213,-0.15293267,-0.16046096,-0.18238893,-0.15449162,-0.14946541,-0.19184028,-0.17585231,-0.16475335,-0.14723541,-0.14623587,-0.11499533,-0.10471026,-0.13524634,-0.20148799,-0.17774546,-0.12513243,-0.1664905,-0.18041904,-0.18738703,-0.11705899,-0.17717965,-0.25985116,-0.09227264,-0.09209234,-0.11477548,-0.13620907,-0.14823595,-0.09830205,-0.18985003
k__Bacteria|p__Firmicutes|c__Bacilli|o__Lactobacillales|f__Streptococcaceae|g__Streptococcus|s__Streptococcus_intermedius,-0.1004395,-0.12316422,-0.14190951,-0.20428483,-0.16707678,-0.19394648,-0.1666669,-0.14517339,-0.12492406,-0.18365234,-0.18379954,-0.23030329,-0.17022425,-0.20667318,-0.10325703,-0.0996468,-0.058144663,-0.099602416,-0.10773621,-0.17099199,-0.1978925,-0.12536043,-0.13636175,-0.15239748,-0.17187542,-0.11658599,-0.16731223,-0.17412907,-0.1509206,-0.12124001,-0.13508813,-0.10583198,-0.14841384,-0.19657806,-0.18957637,-0.2175087,-0.16116399,-0.22338755,-0.1980031,-0.29867563,-0.29210672,-0.19893497,-0.1072623,-0.09162698,-0.13691942,-0.1551395,-0.23188588,-0.19415116,-0.1467667,-0.2026537,-0.1838048,-0.18279888,-0.19809695,-0.1999293,-0.20543557,-0.15814817,-0.12582105,-0.14401549,-0.09200989,-0.09563261,-0.17137991,-0.14241809,-0.13743341,-0.14712213,-0.12719077,-0.15129751,-0.2613474,-0.22333384,-0.18908542,-0.20047067,-0.14585596,-0.14941096,-0.13093029,-0.14298856,-0.15093118,-0.16429871,-0.14679742,-0.16278498,-0.15959,-0.14998752,-0.14722054,-0.15729956,-0.15334073,-0.22480208,-0.120334074,-0.14159839,-0.11836389,-0.16103728,-0.17435153,-0.15587747,-0.16832429,-0.11139822,-0.1388583,-0.13027036,-0.12862194,-0.15152657,-0.14233795,-0.11553764,-0.10065024,-0.09045234,-0.10547705,-0.1206087,-0.13507035,-0.15027548,-0.16045403,-0.1185138,-0.11129953,-0.1578567,-0.17738779,-0.13401148,-0.16428217,-0.25953975,-0.14883648,-0.13274941,-0.14189278,-0.15095688,-0.17780018,-0.163943,-0.22917573,-0.09015879,-0.10999972,-0.13480079,-0.1298821,-0.13997786,-0.1739545,-0.13908121,-0.16057305,-0.12777606,-0.07092635,-0.03704006,-0.13719001,-0.16215524,-0.17915142,-0.14332479,-0.12334781,-0.13570018,-0.12023825,-0.13833195,-0.25318068,-0.26654312,-0.08326731,-0.10945694,-0.14458361,-0.09238048,-0.18782988,-0.19062951,-0.15310515,-0.09012608,-0.13230102,-0.1496447,-0.15048446,-0.15917516,-0.17079368,-0.1839467,-0.08775823,-0.12398776,-0.14143346,-0.10256614,-0.17951453,-0.19495486,-0.19173639,-0.1000311,-0.13113372,-0.079860225,-0.12801366,-0.19006202,-0.19377966,-0.19209042,-0.12342243,-0.07517988,-0.09716053,-0.118703306,-0.13661864,-0.12406494,-0.121451,-0.09456235,-0.09674531,-0.10847147,-0.082459606,-0.112943456,-0.13226965,-0.16727358,-0.1410757,-0.13638121,-0.18093297,-0.17825818,-0.19481048,-0.1449263,-0.15549555,-0.13564622,-0.119081676,-0.14001076,-0.19117098,-0.19170368,-0.18169573,-0.19755594,-0.25103784,-0.20219928,-0.19011001,-0.19136852,-0.18284595,-0.17416021,-0.27554205,-0.08916744,-0.11956477,-0.12769745,-0.15751183,-0.20931396,-0.18224281,-0.29657933,-0.32474133,-0.15260457,-0.3242122,-0.17325558,-0.17108874,-0.2185038,-0.17647925,-0.114121355,-0.13993728,-0.15388772,-0.15788373,-0.22984435,-0.18186735,-0.2598222,-0.10439004,-0.12455491,-0.13847002,-0.12412359,-0.15189947,-0.15508905,-0.15635301,-0.14014931,-0.15141064,-0.16322163,-0.15540522,-0.15364102,-0.15335116,-0.134148,-0.12301995,-0.14642215,-0.19048722,-0.17748189,-0.21025829,-0.3990198,-0.20392516,-0.11345339,-0.1296617,-0.11872678,-0.14802676,-0.16636807,-0.18673345,-0.19197372,-0.13159236,-0.07648848,-0.15324926,-0.13975851,-0.14106366,-0.117945746,-0.19987361,-0.1649412,-0.15872711,-0.1417421,-0.12369312,-0.12722544,-0.14610182,-0.2588673,-0.10727729,-0.13074079,-0.09132757,-0.12832497,-0.12909606,-0.14973316,-0.15185697,-0.09623292,-0.08910369,-0.12434639,-0.11051033,-0.1379197,-0.15083094,-0.17066818,-0.14300027,-0.11621399,-0.17404172,-0.15192065,-0.14243238,-0.1255241,-0.14218694,-0.17466888,-0.13176009,-0.13227443,-0.14595717,-0.12305741,-0.08722703,-0.05825615,-0.14356421,-0.17082691,-0.026243303,-0.16690755,-0.2829064,-0.31316653,-0.19902468,-0.14580871,-0.14331596,-0.14862512,-0.12963767,-0.25088155,-0.19446886,-0.18890984,-0.09448607,-0.10932713,-0.10702289,-0.09390773,-0.12759323,-0.15301289,-0.15746465,-0.16744941,-0.12812386,-0.0969081,-0.16398169,-0.14366224,-0.11335766,-0.18846886,-0.1706479,-0.15412575,-0.12580757,-0.115196005,-0.11308321,-0.11662802,-0.17618717,-0.13861524,-0.13459393,-0.096878245,-0.12131013,-0.091604516,-0.12434345,-0.13572845,-0.063823454,-0.13877153,-0.11419349,-0.13380699,-0.24483351,-0.2571875,-0.29957527,-0.1463981,-0.15692738,-0.13232656,-0.19104545,-0.0782174,-0.17265509,-0.16457552,-0.09859173,-0.11065883,-0.11443819,-0.076612435,-0.083404,-0.1213824,-0.13072303,-0.13855581,-0.19385117,-0.09909849,-0.15577856,-0.19487974,-0.1913265,-0.18732546,-0.11118382,-0.1430054,-0.102918625,-0.15939134,-0.19469248,-0.17327182,-0.16931012,-0.1429251,-0.14276929,-0.10181868,-0.15334485,-0.16175258,-0.1811626,-0.19577092,-0.12122759,-0.1474605,-0.11365116,-0.07980329,-0.14325537,-0.20725825,-0.16089234,-0.125103,-0.15657571,-0.15690626,-0.14373893,-0.19202894,-0.16267651,-0.18215397,-0.2963242,-0.19892362,-0.18149063,-0.17185202,-0.19337969,-0.15780574,-0.14054683,-0.13039531,-0.12557748,-0.13838503,-0.16352606,-0.30584824,-0.16673993,-0.18147928,-0.19306347,-0.11441202,-0.15063258,-0.14065242,-0.17816743,-0.16709176,-0.16474906,-0.14331086,-0.18237996,-0.12842917,-0.15351278,-0.1378639,-0.24156228,-0.17956339,-0.103168696,-0.13521875,-0.14203176,-0.17471111,-0.1102124,-0.13455531,-0.15239272,-0.1601922,-0.18197227,-0.15430628,-0.1492776,-0.19184028,-0.17553568,-0.16426878,-0.14723541,-0.14623587,-0.11499533,-0.10471026,-0.13510735,-0.20148799,-0.17722024,-0.12513243,-0.1657872,-0.18041904,-0.18738703,-0.11705899,-0.17663583,-0.26100647,-0.09250483,-0.0921727,-0.11475783,-0.1361794,-0.14820752,-0.09847493,-0.18928495
k__Bacteria|p__Firmicutes|c__Erysipelotrichia|o__Erysipelotrichales|f__Coprobacillaceae|g__Coprobacillus|s__Coprobacillus_sp_AF33_1AC,-0.1004395,-0.12316422,-0.14187308,-0.20428483,-0.1660501,-0.19396816,-0.1666669,-0.14524528,-0.12447562,-0.18397129,-0.18303922,-0.2395759,-0.1689482,-0.20996523,-0.10331318,-0.100251704,-0.058144663,-0.100186646,-0.10756631,-0.17082492,-0.1978925,-0.12536043,-0.13626456,-0.15233202,-0.17184341,-0.11658599,-0.16660208,-0.17397551,-0.1509206,-0.12124001,-0.1346499,-0.105818585,-0.14813593,-0.19715768,-0.1896295,-0.2175087,-0.15992811,-0.22338755,-0.19771054,-0.29867563,-0.29210672,-0.19980708,-0.10738593,-0.09162698,-0.13691942,-0.1546969,-0.23188588,-0.19379711,-0.14660746,-0.2026537,-0.18218422,-0.18279888,-0.1990434,-0.20147645,-0.20929596,-0.15842685,-0.12587084,-0.14404215,-0.09206504,-0.09586742,-0.17119372,-0.14234218,-0.13743341,-0.1469509,-0.12719077,-0.15090723,-0.2613474,-0.22333384,-0.18847707,-0.20047067,-0.14603892,-0.14921527,-0.13112006,-0.14326277,-0.15149187,-0.1644549,-0.14651856,-0.16278498,-0.15894875,-0.14998752,-0.14672804,-0.15708828,-0.15324649,-0.22480208,-0.120334074,-0.14139232,-0.11832826,-0.16109636,-0.17422588,-0.15550168,-0.1679944,-0.11139822,-0.1388583,-0.13027036,-0.12855801,-0.15152657,-0.14155045,-0.11555885,-0.10065024,-0.090547025,-0.105706245,-0.12081546,-0.1349822,-0.15027548,-0.16011122,-0.1185138,-0.11129953,-0.1578567,-0.17738779,-0.13494971,-0.16391681,-0.25953975,-0.14849399,-0.13247398,-0.1421723,-0.15095688,-0.17780018,-0.16334534,-0.22917573,-0.09015879,-0.10960633,-0.1346539,-0.13007432,-0.13997786,-0.17344531,-0.13908121,-0.16057305,-0.12777606,-0.07092635,-0.03704006,-0.13702017,-0.1618694,-0.17887908,-0.14332479,-0.12334781,-0.13521042,-0.12023825,-0.1383901,-0.25318068,-0.26654312,-0.08335233,-0.10945694,-0.14472446,-0.09238048,-0.18740033,-0.19047347,-0.15272543,-0.090179145,-0.13230102,-0.14925599,-0.15033874,-0.15917248,-0.17056035,-0.18401606,-0.087769866,-0.12437342,-0.1413705,-0.10256614,-0.17951453,-0.19495486,-0.19205952,-0.10022761,-0.13113372,-0.08127969,-0.12799123,-0.19006202,-0.19374171,-0.19196332,-0.12339525,-0.07515769,-0.09759951,-0.11888097,-0.13654712,-0.12406494,-0.121451,-0.09490703,-0.096869454,-0.108555995,-0.082459606,-0.11331189,-0.13210817,-0.16714467,-0.1410757,-0.13591717,-0.18093297,-0.17825818,-0.19494922,-0.14480424,-0.15549555,-0.13578233,-0.119081676,-0.14001076,-0.19117098,-0.19173734,-0.18150324,-0.19755594,-0.25103784,-0.20219928,-0.18912825,-0.19085777,-0.18262433,-0.17380163,-0.27554205,-0.08916744,-0.11956477,-0.12697995,-0.15751183,-0.20931396,-0.18224281,-0.29657933,-0.32474133,-0.15075538,-0.3242122,-0.17325558,-0.17108874,-0.2185038,-0.17647925,-0.114121355,-0.1394732,-0.15388772,-0.15788373,-0.22984435,-0.18186735,-0.26407248,-0.104500756,-0.12455491,-0.13823326,-0.12403097,-0.15189947,-0.15504137,-0.15622097,-0.14014931,-0.15141064,-0.16321345,-0.15487467,-0.15353337,-0.15300271,-0.13413611,-0.12273413,-0.14594898,-0.19063896,-0.17711744,-0.21025829,-0.3990198,-0.20692521,-0.113489866,-0.1296617,-0.11941099,-0.14775854,-0.16636807,-0.1866817,-0.19153161,-0.13102432,-0.07673582,-0.15336871,-0.13928789,-0.14106366,-0.11768161,-0.19987361,-0.1649412,-0.15776885,-0.14173806,-0.12360173,-0.12722544,-0.14610182,-0.2588673,-0.10722793,-0.13074079,-0.09132757,-0.12832497,-0.12908235,-0.14900655,-0.15172017,-0.09639321,-0.08910369,-0.124439165,-0.1103452,-0.13779446,-0.15040219,-0.17068228,-0.1427899,-0.1156826,-0.17392062,-0.15151098,-0.14237121,-0.12550077,-0.14211974,-0.17466888,-0.13176009,-0.13220967,-0.1458831,-0.123129725,-0.08722703,-0.05825615,-0.14336452,-0.17082691,-0.026243303,-0.1660276,-0.2829064,-0.31316653,-0.20063761,-0.14564094,-0.14331596,-0.14862512,-0.12963767,-0.25088155,-0.19466299,-0.18880656,-0.09433384,-0.109599896,-0.10702289,-0.09500803,-0.12759323,-0.15253201,-0.15746465,-0.167402,-0.12812386,-0.0969081,-0.16398169,-0.14359143,-0.11335766,-0.18846886,-0.1706479,-0.15368745,-0.12587892,-0.115196005,-0.1134086,-0.11662802,-0.17609085,-0.13861191,-0.13472134,-0.096878245,-0.12166484,-0.09176551,-0.12434345,-0.13524078,-0.063823454,-0.13877153,-0.11419349,-0.13362634,-0.24483351,-0.2571875,-0.29957527,-0.1463755,-0.1569398,-0.13255468,-0.19104545,-0.0782174,-0.17301847,-0.16440672,-0.09859173,-0.11065883,-0.11401217,-0.076612435,-0.083404,-0.1213824,-0.13072303,-0.13855581,-0.19385117,-0.099571526,-0.1554911,-0.19487974,-0.19080691,-0.18729359,-0.11103078,-0.14270613,-0.10311109,-0.15967138,-0.19482222,-0.17409354,-0.16849719,-0.14270386,-0.14285606,-0.10172612,-0.15323192,-0.16149148,-0.18071577,-0.19586313,-0.12120786,-0.14752853,-0.11328227,-0.080089524,-0.14352396,-0.20725825,-0.16030276,-0.125103,-0.15657571,-0.15690626,-0.14344808,-0.19202894,-0.16204424,-0.18189687,-0.2963242,-0.19887549,-0.1814872,-0.1712541,-0.19338226,-0.15759295,-0.14054683,-0.1302414,-0.12557748,-0.13804308,-0.16281074,-0.30584824,-0.1662447,-0.18136555,-0.19251558,-0.11441202,-0.15043999,-0.14032766,-0.17788386,-0.16697648,-0.16447282,-0.14331086,-0.18237996,-0.1280409,-0.15338884,-0.13820812,-0.24156228,-0.1785346,-0.103273325,-0.13477045,-0.14226487,-0.17462668,-0.10984686,-0.13436088,-0.15240684,-0.16026008,-0.18143126,-0.1547257,-0.1492106,-0.19184028,-0.1748712,-0.1641948,-0.14723541,-0.14623587,-0.11499533,-0.10471026,-0.13515253,-0.20148799,-0.17671509,-0.12513243,-0.16481373,-0.18041904,-0.18738703,-0.11705899,-0.17739153,-0.26184148,-0.0926349,-0.0923376,-0.114630006,-0.1363795,-0.14827475,-0.09841892,-0.18913227
k__Bacteria|p__Firmicutes|c__Erysipelotrichia|o__Erysipelotrichales|f__Erysipelotrichaceae|g__Allobaculum|s__Allobaculum_stercoricanis,-0.1004395,-0.12316422,-0.14187929,-0.20428483,-0.1667691,-0.19337207,-0.1666669,-0.14477809,-0.124715805,-0.18329147,-0.18295445,-0.23210904,-0.1691747,-0.20647594,-0.10313529,-0.099708974,-0.058144663,-0.09954535,-0.10770337,-0.17060515,-0.1978925,-0.12536043,-0.13607039,-0.15201381,-0.17157707,-0.11658599,-0.167016,-0.173534,-0.1509206,-0.12124001,-0.1348063,-0.105941825,-0.14819154,-0.19628474,-0.18920322,-0.2175087,-0.1606994,-0.22338755,-0.19763319,-0.29867563,-0.29210672,-0.19860163,-0.10704714,-0.09162698,-0.13691942,-0.15489429,-0.23188588,-0.19370279,-0.14630908,-0.2026537,-0.18294367,-0.18279888,-0.19811706,-0.19992132,-0.20608863,-0.1571436,-0.12567578,-0.14371294,-0.09192703,-0.09571366,-0.17101765,-0.14208077,-0.13743341,-0.14677075,-0.12719077,-0.15087563,-0.2613474,-0.22333384,-0.18844226,-0.20047067,-0.14551622,-0.14907543,-0.13091305,-0.1428984,-0.15060648,-0.16385269,-0.14626929,-0.16278498,-0.15912646,-0.14998752,-0.14702445,-0.15701762,-0.15303725,-0.22480208,-0.120334074,-0.14133275,-0.11832212,-0.16062698,-0.17379916,-0.15558407,-0.16791832,-0.11139822,-0.1388583,-0.13027036,-0.12838186,-0.15152657,-0.14202872,-0.115257256,-0.10065024,-0.090568244,-0.105431646,-0.1204866,-0.1348795,-0.15027548,-0.16002992,-0.1185138,-0.11129953,-0.1578567,-0.17738779,-0.13369785,-0.16431,-0.25953975,-0.148449,-0.13261962,-0.14183708,-0.15095688,-0.17780018,-0.16339014,-0.22917573,-0.09015879,-0.10981713,-0.1345939,-0.12975034,-0.13997786,-0.17356536,-0.13908121,-0.16057305,-0.12777606,-0.07092635,-0.03704006,-0.13699336,-0.16182405,-0.17860858,-0.14332479,-0.12334781,-0.13533208,-0.12023825,-0.13835725,-0.25318068,-0.26654312,-0.083372496,-0.10945694,-0.14430949,-0.09238048,-0.18740049,-0.1904236,-0.15296489,-0.09018479,-0.13230102,-0.14933527,-0.15023966,-0.15891373,-0.17049101,-0.18349114,-0.08794456,-0.123706594,-0.14105257,-0.10256614,-0.17951453,-0.19495486,-0.19118696,-0.09999533,-0.13113372,-0.08036172,-0.12795377,-0.19006202,-0.19345176,-0.19161472,-0.1229983,-0.07534207,-0.09715247,-0.11864893,-0.1364311,-0.12406494,-0.121451,-0.09455466,-0.096659735,-0.10841599,-0.082459606,-0.11283804,-0.13202988,-0.166709,-0.1410757,-0.13620512,-0.18093297,-0.17825818,-0.19449532,-0.14475298,-0.15549555,-0.13540193,-0.119081676,-0.14001076,-0.19117098,-0.19137302,-0.18135479,-0.19755594,-0.25103784,-0.20219928,-0.18955043,-0.19113427,-0.18246113,-0.17395914,-0.27554205,-0.08916744,-0.11956477,-0.12755145,-0.15751183,-0.20931396,-0.18224281,-0.29657933,-0.32474133,-0.1522905,-0.3242122,-0.17325558,-0.17108874,-0.2185038,-0.17647925,-0.114121355,-0.13978979,-0.15388772,-0.15788373,-0.22984435,-0.18186735,-0.26000974,-0.10435663,-0.12455491,-0.13826098,-0.124033324,-0.15189947,-0.15475512,-0.1558209,-0.14014931,-0.15141064,-0.16282678,-0.15508848,-0.15327778,-0.1530625,-0.1339769,-0.1228973,-0.14607283,-0.19014257,-0.17681845,-0.21025829,-0.3990198,-0.20379469,-0.11321492,-0.1296617,-0.11854374,-0.14781636,-0.16636807,-0.18609878,-0.19148672,-0.13131274,-0.07680843,-0.15297078,-0.1396208,-0.14106366,-0.11741714,-0.19987361,-0.1649412,-0.15829638,-0.14159562,-0.12359977,-0.12722544,-0.14610182,-0.2588673,-0.10716899,-0.13074079,-0.09132757,-0.12832497,-0.1289584,-0.14946774,-0.15142007,-0.09617303,-0.08910369,-0.12423643,-0.1105437,-0.13770565,-0.15059331,-0.17028217,-0.14268368,-0.11606878,-0.17357868,-0.15160093,-0.14218129,-0.12551779,-0.14149718,-0.17466888,-0.13176009,-0.13210621,-0.14562602,-0.122918695,-0.08722703,-0.05825615,-0.14319515,-0.17082691,-0.026243303,-0.16627733,-0.2829064,-0.31316653,-0.19881296,-0.14547902,-0.14331596,-0.14862512,-0.12963767,-0.25088155,-0.19403493,-0.18833794,-0.09455082,-0.10918823,-0.10702289,-0.09411136,-0.12759323,-0.15260796,-0.15746465,-0.16693337,-0.12812386,-0.0969081,-0.16398169,-0.1433731,-0.11335766,-0.18846886,-0.1706479,-0.1537728,-0.125662,-0.115196005,-0.11301981,-0.11662802,-0.17554243,-0.13835624,-0.13435112,-0.096878245,-0.121218264,-0.09164605,-0.12434345,-0.13528845,-0.063823454,-0.13877153,-0.11419349,-0.1337865,-0.24483351,-0.2571875,-0.29957527,-0.14607033,-0.15667276,-0.13230479,-0.19104545,-0.0782174,-0.17219585,-0.16427591,-0.09859173,-0.11065883,-0.11407152,-0.076612435,-0.083404,-0.1213824,-0.13072303,-0.13855581,-0.19385117,-0.09920749,-0.15543558,-0.19487974,-0.19098198,-0.18699458,-0.111044884,-0.14277445,-0.10274439,-0.15900268,-0.19425741,-0.17260095,-0.16908295,-0.14263108,-0.14245887,-0.10190443,-0.15310363,-0.1613776,-0.18076518,-0.1953662,-0.12102486,-0.14699185,-0.113290206,-0.0799049,-0.14335336,-0.20725825,-0.16041607,-0.125103,-0.15657571,-0.15690626,-0.14335951,-0.19202894,-0.16236521,-0.18169186,-0.2963242,-0.19897029,-0.18147929,-0.1717066,-0.1932095,-0.15758914,-0.14054683,-0.13021892,-0.12557748,-0.13805798,-0.16349766,-0.30584824,-0.16657025,-0.18120486,-0.19260997,-0.11441202,-0.150423,-0.14042097,-0.1777558,-0.16685602,-0.16424043,-0.14331086,-0.18237996,-0.12816355,-0.15322825,-0.13807206,-0.24156228,-0.17905262,-0.103159696,-0.13504434,-0.14186439,-0.17424789,-0.110163644,-0.13444361,-0.15202287,-0.15965536,-0.18170677,-0.15404865,-0.14915097,-0.19184028,-0.17519248,-0.16369599,-0.14723541,-0.14623587,-0.11499533,-0.10471026,-0.1350354,-0.20148799,-0.17667866,-0.12513243,-0.1651869,-0.18041904,-0.18738703,-0.11705899,-0.1760526,-0.2608017,-0.09249002,-0.092167065,-0.11473404,-0.13598563,-0.14801157,-0.09856052,-0.18885806
k__Bacteria|p__Firmicutes|c__Erysipelotrichia|o__Erysipelotrichales|f__Erysipelotrichaceae|g__Faecalibacillus|s__Faecalibacillus_faecis,-0.1004395,-0.12316422,-0.14254546,-0.20428483,-0.16797614,-0.1938846,-0.1666669,-0.14509729,-0.12518352,-0.18356848,-0.18408573,-0.23113678,-0.16866069,-0.20752165,-0.10307869,-0.099539936,-0.058144663,-0.09928167,-0.1079914,-0.17104724,-0.1978925,-0.12536043,-0.13620318,-0.15206882,-0.1718612,-0.11658599,-0.16757172,-0.17378418,-0.1509206,-0.12124001,-0.13505721,-0.106217444,-0.14856425,-0.19674128,-0.18933992,-0.2175087,-0.16205019,-0.22338755,-0.19839141,-0.29867563,-0.29210672,-0.19878212,-0.10710089,-0.09162698,-0.13691942,-0.15554503,-0.23188588,-0.19438122,-0.14660919,-0.2026537,-0.18501294,-0.18279888,-0.19865218,-0.19986212,-0.20508482,-0.15636727,-0.12577567,-0.14382035,-0.091748096,-0.0956339,-0.17140944,-0.14203969,-0.13743341,-0.14706811,-0.12719077,-0.1513446,-0.2613474,-0.22333384,-0.18954909,-0.20047067,-0.14559007,-0.14927876,-0.130998,-0.14294003,-0.1502432,-0.16391183,-0.14624298,-0.16278498,-0.16012952,-0.14998752,-0.14718765,-0.15761644,-0.15322942,-0.22480208,-0.120334074,-0.1415402,-0.11852679,-0.1608147,-0.17420226,-0.15615177,-0.16810054,-0.11139822,-0.1388583,-0.13027036,-0.12832847,-0.15152657,-0.14239714,-0.11508074,-0.10065024,-0.090536624,-0.10532881,-0.120503515,-0.13509509,-0.15027548,-0.16023469,-0.1185138,-0.11129953,-0.1578567,-0.17738779,-0.13329116,-0.16480441,-0.25953975,-0.14890781,-0.13303873,-0.1419701,-0.15095688,-0.17780018,-0.16450539,-0.22917573,-0.09015879,-0.11002772,-0.13489312,-0.12971057,-0.13997786,-0.17425103,-0.13908121,-0.16057305,-0.12777606,-0.07092635,-0.03704006,-0.13744584,-0.16214731,-0.17886657,-0.14332479,-0.12334781,-0.13570026,-0.12023825,-0.13826592,-0.25318068,-0.26654312,-0.0833119,-0.10945694,-0.14403045,-0.09238048,-0.18807831,-0.19109194,-0.15331441,-0.09021908,-0.13230102,-0.14974913,-0.15063885,-0.15924063,-0.17092285,-0.1833211,-0.08805528,-0.12361551,-0.14141114,-0.10256614,-0.17951453,-0.19495486,-0.19124392,-0.09990147,-0.13113372,-0.07969765,-0.12787114,-0.19006202,-0.19400597,-0.19207,-0.1229776,-0.07535212,-0.096988335,-0.118698,-0.13655329,-0.12406494,-0.121451,-0.09447558,-0.09666744,-0.10835987,-0.082459606,-0.11269827,-0.13208655,-0.16688576,-0.1410757,-0.13672547,-0.18093297,-0.17825818,-0.19504362,-0.14493084,-0.15549555,-0.13534373,-0.119081676,-0.14001076,-0.19117098,-0.19228971,-0.18218356,-0.19755594,-0.25103784,-0.20219928,-0.1906351,-0.19205874,-0.18299395,-0.17479533,-0.27554205,-0.08916744,-0.11956477,-0.12810622,-0.15751183,-0.20931396,-0.18224281,-0.29657933,-0.32474133,-0.15339583,-0.3242122,-0.17325558,-0.17108874,-0.2185038,-0.17647925,-0.114121355,-0.14036447,-0.15388772,-0.15788373,-0.22984435,-0.18186735,-0.2603764,-0.1044078,-0.12455491,-0.1385006,-0.12404616,-0.15189947,-0.15490066,-0.15581015,-0.14014931,-0.15141064,-0.16289595,-0.15566087,-0.15353982,-0.15344003,-0.1340242,-0.12299445,-0.14648415,-0.19034508,-0.17765032,-0.21025829,-0.3990198,-0.20302889,-0.11332192,-0.1296617,-0.118380286,-0.14791347,-0.16636807,-0.18641837,-0.19208889,-0.131709,-0.07657957,-0.15284364,-0.13993603,-0.14106366,-0.117602415,-0.19987361,-0.1649412,-0.15928045,-0.1418321,-0.12356302,-0.12722544,-0.14610182,-0.2588673,-0.10731804,-0.13074079,-0.09132757,-0.12832497,-0.12886819,-0.14996833,-0.15141241,-0.09610188,-0.08910369,-0.124165244,-0.11067055,-0.13795349,-0.15099369,-0.17031239,-0.14294606,-0.11626805,-0.1740618,-0.15203996,-0.14225867,-0.12581928,-0.14136396,-0.17466888,-0.13176009,-0.13213105,-0.14574066,-0.12283034,-0.08722703,-0.05825615,-0.14345972,-0.17082691,-0.026243303,-0.16740787,-0.2829064,-0.31316653,-0.19874623,-0.1457481,-0.14331596,-0.14862512,-0.12963767,-0.25088155,-0.19465461,-0.18859845,-0.094472915,-0.10907188,-0.10702289,-0.09317425,-0.12759323,-0.15297976,-0.15746465,-0.16736251,-0.12812386,-0.0969081,-0.16398169,-0.14321458,-0.11335766,-0.18846886,-0.1706479,-0.15424836,-0.125613,-0.115196005,-0.11272928,-0.11662802,-0.17572539,-0.13848263,-0.13430989,-0.096878245,-0.121152684,-0.09143899,-0.12434345,-0.13539055,-0.063823454,-0.13877153,-0.11419349,-0.13395083,-0.24483351,-0.2571875,-0.29957527,-0.14640793,-0.15692034,-0.13232061,-0.19104545,-0.0782174,-0.17248401,-0.16427329,-0.09859173,-0.11065883,-0.114006594,-0.076612435,-0.083404,-0.1213824,-0.13072303,-0.13855581,-0.19385117,-0.09904751,-0.15586433,-0.19487974,-0.19182117,-0.18722662,-0.111136906,-0.14315577,-0.10259277,-0.15891458,-0.19499406,-0.17229721,-0.16958651,-0.14298296,-0.14261654,-0.10223485,-0.1533454,-0.16190644,-0.18151388,-0.19588612,-0.121083304,-0.14707282,-0.11357389,-0.07968185,-0.1433979,-0.20725825,-0.16105914,-0.125103,-0.15657571,-0.15690626,-0.14395177,-0.19202894,-0.16291398,-0.1817825,-0.2963242,-0.20081544,-0.18166144,-0.1725779,-0.19410068,-0.1579468,-0.14054683,-0.1304335,-0.12557748,-0.13834856,-0.16408455,-0.30584824,-0.16724737,-0.18118131,-0.19348642,-0.11441202,-0.15041225,-0.14088756,-0.17839578,-0.16715467,-0.16445987,-0.14331086,-0.18237996,-0.1286664,-0.1535189,-0.1380688,-0.24156228,-0.18028955,-0.1031795,-0.13553455,-0.1418038,-0.17451774,-0.11037166,-0.13464831,-0.15176089,-0.1600624,-0.18275851,-0.1537637,-0.14935467,-0.19184028,-0.17599449,-0.16361292,-0.14723541,-0.14623587,-0.11499533,-0.10471026,-0.13507591,-0.20148799,-0.17711091,-0.12513243,-0.16659303,-0.18041904,-0.18738703,-0.11705899,-0.1752581,-0.26188907,-0.09250343,-0.09201748,-0.11495614,-0.13595304,-0.1481196,-0.09858473,-0.18911609
k__Bacteria|p__Firmicutes|c__Erysipelotrichia|o__Erysipelotrichales|f__Erysipelotrichaceae|g__Candidatus_Stoquefichus|s__Candidatus_Stoquefichus_massiliensis,-0.1004395,-0.12316422,-0.14184016,-0.20428483,-0.16735178,-0.19423142,-0.1666669,-0.14569768,-0.12516785,-0.18459848,-0.18395591,-0.22639576,-0.1696689,-0.20614098,-0.1031545,-0.09927698,-0.058144663,-0.0999205,-0.107707866,-0.17149802,-0.1978925,-0.12536043,-0.13673276,-0.15296003,-0.17209746,-0.11658599,-0.16799422,-0.17481449,-0.1509206,-0.12124001,-0.13545668,-0.105571,-0.14873183,-0.19655876,-0.18994628,-0.2175087,-0.16118324,-0.22338755,-0.1978392,-0.29867563,-0.29210672,-0.19898,-0.10737617,-0.09162698,-0.13691942,-0.15545595,-0.23188588,-0.19446577,-0.1469768,-0.2026537,-0.18448162,-0.18279888,-0.19800192,-0.19899243,-0.20405388,-0.15874447,-0.12598982,-0.14425868,-0.0921928,-0.09557914,-0.17196053,-0.14286183,-0.13743341,-0.14741755,-0.12719077,-0.15177646,-0.2613474,-0.22333384,-0.18962201,-0.20047067,-0.14627522,-0.14973968,-0.1309381,-0.14312741,-0.15144855,-0.16487633,-0.14723617,-0.16278498,-0.15984704,-0.14998752,-0.1475888,-0.15751213,-0.15374485,-0.22480208,-0.120334074,-0.14190778,-0.11845171,-0.16171195,-0.17485632,-0.15600732,-0.16880268,-0.11139822,-0.1388583,-0.13027036,-0.12896933,-0.15152657,-0.14290106,-0.11576119,-0.10065024,-0.09035735,-0.10558824,-0.12076104,-0.13533786,-0.15027548,-0.16099216,-0.1185138,-0.11129953,-0.1578567,-0.17738779,-0.13412762,-0.16415891,-0.25953975,-0.14915347,-0.13282418,-0.14194342,-0.15095688,-0.17780018,-0.1640579,-0.22917573,-0.09015879,-0.11024447,-0.13506725,-0.12994024,-0.13997786,-0.17429093,-0.13908121,-0.16057305,-0.12777606,-0.07092635,-0.03704006,-0.13746855,-0.16268036,-0.17966639,-0.14332479,-0.12334781,-0.13609861,-0.12023825,-0.13856688,-0.25318068,-0.26654312,-0.08332916,-0.10945694,-0.14498504,-0.09238048,-0.18847047,-0.19092192,-0.15323752,-0.090162575,-0.13230102,-0.14998247,-0.15075454,-0.15950602,-0.17112021,-0.18456711,-0.08762303,-0.12414539,-0.14172316,-0.10256614,-0.17951453,-0.19495486,-0.19203135,-0.10011943,-0.13113372,-0.07935398,-0.12807676,-0.19006202,-0.19407359,-0.19239633,-0.12388043,-0.07506418,-0.09715241,-0.118653044,-0.13689782,-0.12406494,-0.121451,-0.09448817,-0.096624315,-0.10858317,-0.082459606,-0.11303456,-0.1326296,-0.16789348,-0.1410757,-0.13658491,-0.18093297,-0.17825818,-0.19481988,-0.14500293,-0.15549555,-0.13583764,-0.119081676,-0.14001076,-0.19117098,-0.19183585,-0.18202175,-0.19755594,-0.25103784,-0.20219928,-0.19066574,-0.19164526,-0.18316834,-0.17431203,-0.27554205,-0.08916744,-0.11956477,-0.12800774,-0.15751183,-0.20931396,-0.18224281,-0.29657933,-0.32474133,-0.15252662,-0.3242122,-0.17325558,-0.17108874,-0.2185038,-0.17647925,-0.114121355,-0.14012939,-0.15388772,-0.15788373,-0.22984435,-0.18186735,-0.25737274,-0.10440907,-0.12455491,-0.13887677,-0.12437201,-0.15189947,-0.15563804,-0.15687312,-0.14014931,-0.15141064,-0.16379447,-0.15569171,-0.15404531,-0.15348156,-0.13418055,-0.12320235,-0.14674297,-0.19117188,-0.1777061,-0.21025829,-0.3990198,-0.20333071,-0.11363862,-0.1296617,-0.118851125,-0.14834934,-0.16636807,-0.18759453,-0.19235669,-0.1318593,-0.076328345,-0.15365303,-0.14003149,-0.14106366,-0.118517086,-0.19987361,-0.1649412,-0.15903169,-0.1417636,-0.123766646,-0.12722544,-0.14610182,-0.2588673,-0.10732405,-0.13074079,-0.09132757,-0.12832497,-0.12947659,-0.15012687,-0.15241511,-0.09630914,-0.08910369,-0.124562025,-0.11054944,-0.13818787,-0.15119278,-0.1710245,-0.14332339,-0.116443634,-0.17467609,-0.15228646,-0.14277966,-0.1254999,-0.14269768,-0.17466888,-0.13176009,-0.1324739,-0.14624754,-0.123119704,-0.08722703,-0.05825615,-0.14392564,-0.17082691,-0.026243303,-0.16714093,-0.2829064,-0.31316653,-0.19889969,-0.1461203,-0.14331596,-0.14862512,-0.12963767,-0.25088155,-0.19455084,-0.18932953,-0.094476044,-0.109498955,-0.10702289,-0.093844846,-0.12759323,-0.15342441,-0.15746465,-0.16777357,-0.12812386,-0.0969081,-0.16398169,-0.14421111,-0.11335766,-0.18846886,-0.1706479,-0.15430826,-0.12596685,-0.115196005,-0.11305648,-0.11662802,-0.1768992,-0.13887034,-0.13476044,-0.096878245,-0.121312454,-0.091701575,-0.12434345,-0.13630438,-0.063823454,-0.13877153,-0.11419349,-0.13400339,-0.24483351,-0.2571875,-0.29957527,-0.14664276,-0.15726307,-0.13242146,-0.19104545,-0.0782174,-0.1729615,-0.16490972,-0.09859173,-0.11065883,-0.114910305,-0.076612435,-0.083404,-0.1213824,-0.13072303,-0.13855581,-0.19385117,-0.098950595,-0.15612924,-0.19487974,-0.19170532,-0.18757102,-0.11132839,-0.14338695,-0.103094846,-0.16002089,-0.19487932,-0.17383581,-0.16951065,-0.14319801,-0.14294322,-0.101618364,-0.15372984,-0.16214682,-0.1815392,-0.19586015,-0.12144197,-0.14793758,-0.11398542,-0.079919375,-0.14327446,-0.20725825,-0.16129462,-0.125103,-0.15657571,-0.15690626,-0.14401469,-0.19202894,-0.1630131,-0.18272515,-0.2963242,-0.19795042,-0.18152161,-0.17213774,-0.19354,-0.15787885,-0.14054683,-0.13056612,-0.12557748,-0.13861108,-0.16349712,-0.30584824,-0.1670472,-0.18176973,-0.1933955,-0.11441202,-0.1510458,-0.14092979,-0.17866534,-0.16740426,-0.16517377,-0.14331086,-0.18237996,-0.12842104,-0.15381894,-0.13750097,-0.24156228,-0.1799669,-0.10322064,-0.13547008,-0.14234641,-0.1751976,-0.110270455,-0.13478366,-0.1529389,-0.16066398,-0.1823419,-0.15469885,-0.14950539,-0.19184028,-0.17584574,-0.16486524,-0.14723541,-0.14623587,-0.11499533,-0.10471026,-0.1353293,-0.20148799,-0.17772701,-0.12513243,-0.16643995,-0.18041904,-0.18738703,-0.11705899,-0.17738053,-0.26028028,-0.09247449,-0.092212915,-0.11481285,-0.13638237,-0.14840235,-0.09833561,-0.18984182
k__Bacteria|p__Firmicutes|c__Bacilli|o__Lactobacillales|f__Lactobacillaceae|g__Leuconostoc|s__Leuconostoc_lactis,-0.1004395,-0.12316422,-0.14280732,-0.20428483,-0.16946019,-0.19351389,-0.1666669,-0.14579877,-0.12663671,-0.18395218,-0.18412125,-0.22108644,-0.16780178,-0.20276336,-0.10422669,-0.09986198,-0.058144663,-0.10005511,-0.10903585,-0.17132092,-0.1978925,-0.12536043,-0.13713968,-0.1529021,-0.1719794,-0.11658599,-0.16894391,-0.17455107,-0.1509206,-0.12124001,-0.13630092,-0.10712068,-0.14912546,-0.19551992,-0.18887272,-0.2175087,-0.16356358,-0.22338755,-0.19796711,-0.29867563,-0.29210672,-0.1967041,-0.107945815,-0.09162698,-0.13691942,-0.15620396,-0.23188588,-0.19448294,-0.14741138,-0.2026537,-0.1879291,-0.18279888,-0.19824055,-0.19695824,-0.2000511,-0.15529752,-0.12650904,-0.14406908,-0.09333984,-0.09662308,-0.17172766,-0.14291492,-0.13743341,-0.14765677,-0.12719077,-0.1517658,-0.2613474,-0.22333384,-0.19014093,-0.20047067,-0.14604586,-0.15007676,-0.131437,-0.14301184,-0.1499537,-0.16451272,-0.14712417,-0.16278498,-0.16157657,-0.14998752,-0.14828323,-0.1580584,-0.15382525,-0.22480208,-0.120334074,-0.14210919,-0.11938577,-0.16112587,-0.1743944,-0.15696204,-0.16880223,-0.11139822,-0.1388583,-0.13027036,-0.12919717,-0.15152657,-0.1442266,-0.11661186,-0.10065024,-0.09168339,-0.10586869,-0.12088254,-0.135452,-0.15027548,-0.16104987,-0.1185138,-0.11129953,-0.1578567,-0.17738779,-0.13335262,-0.16541177,-0.25953975,-0.14971025,-0.13391176,-0.14213423,-0.15095688,-0.17780018,-0.16495901,-0.22917573,-0.09015879,-0.11149797,-0.13564992,-0.13022059,-0.13997786,-0.17475837,-0.13908121,-0.16057305,-0.12777606,-0.07092635,-0.03704006,-0.13781294,-0.16241276,-0.17947981,-0.14332479,-0.12334781,-0.13679439,-0.12023825,-0.13853103,-0.25318068,-0.26654312,-0.08480528,-0.10945694,-0.1441692,-0.09238048,-0.18814632,-0.19128203,-0.15411153,-0.09151388,-0.13230102,-0.15040193,-0.15125698,-0.15966196,-0.1713945,-0.18328068,-0.08938269,-0.12433459,-0.14173985,-0.10256614,-0.17951453,-0.19495486,-0.19081151,-0.10118924,-0.13113372,-0.07965884,-0.12763566,-0.19006202,-0.19400787,-0.19200322,-0.12399611,-0.07731944,-0.097815536,-0.1190722,-0.13701004,-0.12406494,-0.121451,-0.0954398,-0.097386844,-0.10919957,-0.082459606,-0.11304046,-0.1324865,-0.16716099,-0.1410757,-0.13791549,-0.18093297,-0.17825818,-0.19436279,-0.1452391,-0.15549555,-0.13581857,-0.119081676,-0.14001076,-0.19117098,-0.19212058,-0.18295524,-0.19755594,-0.25103784,-0.20219928,-0.19185892,-0.19278342,-0.18312934,-0.17477104,-0.27554205,-0.08916744,-0.11956477,-0.12933426,-0.15751183,-0.20931396,-0.18224281,-0.29657933,-0.32474133,-0.1540674,-0.3242122,-0.17325558,-0.17108874,-0.2185038,-0.17647925,-0.114121355,-0.14156154,-0.15388772,-0.15788373,-0.22984435,-0.18186735,-0.25286958,-0.10539044,-0.12455491,-0.13941222,-0.12495932,-0.15189947,-0.15516949,-0.15650494,-0.14014931,-0.15141064,-0.16337323,-0.15669307,-0.15421277,-0.15400898,-0.13459964,-0.124153905,-0.14742658,-0.19020185,-0.17796038,-0.21025829,-0.3990198,-0.1971673,-0.11417402,-0.1296617,-0.11845082,-0.14844501,-0.16636807,-0.18657216,-0.19235384,-0.13292205,-0.07790595,-0.15279457,-0.14069933,-0.14106366,-0.11880524,-0.19987361,-0.1649412,-0.1607343,-0.14226554,-0.124427706,-0.12722544,-0.14610182,-0.2588673,-0.108214036,-0.13074079,-0.09132757,-0.12832497,-0.12966058,-0.15102427,-0.15228055,-0.09726794,-0.08910369,-0.12467931,-0.11156118,-0.13843715,-0.15173718,-0.170333,-0.14386085,-0.11778727,-0.17424208,-0.15301636,-0.14280394,-0.12660116,-0.14194548,-0.17466888,-0.13176009,-0.13280512,-0.14625072,-0.12377352,-0.08722703,-0.05825615,-0.14410096,-0.17082691,-0.026243303,-0.16806093,-0.2829064,-0.31316653,-0.19608334,-0.14632463,-0.14331596,-0.14862512,-0.12963767,-0.25088155,-0.19442114,-0.18869475,-0.09580998,-0.10990696,-0.10702289,-0.093042865,-0.12759323,-0.15344462,-0.15746465,-0.16777809,-0.12812386,-0.0969081,-0.16398169,-0.1436933,-0.11335766,-0.18846886,-0.1706479,-0.1551502,-0.12674806,-0.115196005,-0.11313447,-0.11662802,-0.1758033,-0.13913693,-0.13465771,-0.096878245,-0.12151193,-0.09242077,-0.12434345,-0.13683158,-0.063823454,-0.13877153,-0.11419349,-0.13438466,-0.24483351,-0.2571875,-0.29957527,-0.14678916,-0.15728703,-0.1328298,-0.19104545,-0.0782174,-0.17228764,-0.16489539,-0.09859173,-0.11065883,-0.11565888,-0.076612435,-0.083404,-0.1213824,-0.13072303,-0.13855581,-0.19385117,-0.099861175,-0.15654103,-0.19487974,-0.19250599,-0.18722853,-0.11228646,-0.14406115,-0.10363908,-0.15908904,-0.19438538,-0.17127992,-0.17019573,-0.14363886,-0.14297584,-0.1033051,-0.15369868,-0.162615,-0.1820199,-0.19532135,-0.1217757,-0.14748746,-0.11511019,-0.08100353,-0.14343435,-0.20725825,-0.16234325,-0.125103,-0.15657571,-0.15690626,-0.14469355,-0.19202894,-0.16386127,-0.18223321,-0.2963242,-0.19997871,-0.1818037,-0.17300282,-0.19360302,-0.15837604,-0.14054683,-0.13113856,-0.12557748,-0.1391457,-0.16438006,-0.30584824,-0.16888884,-0.18145691,-0.19395788,-0.11441202,-0.15074621,-0.14151832,-0.1787729,-0.16791615,-0.16489016,-0.14331086,-0.18237996,-0.12991211,-0.15375881,-0.13811146,-0.24156228,-0.1814689,-0.10427513,-0.13662456,-0.14233758,-0.17460538,-0.111692905,-0.135484,-0.1523148,-0.16035518,-0.18382311,-0.15385412,-0.14968383,-0.19184028,-0.17674726,-0.16450673,-0.14723541,-0.14623587,-0.11499533,-0.10471026,-0.13503958,-0.20148799,-0.17787915,-0.12513243,-0.16757676,-0.18041904,-0.18738703,-0.11705899,-0.17509472,-0.2587623,-0.09369523,-0.09318613,-0.11580105,-0.13615976,-0.14831357,-0.09946569,-0.18896376
k__Bacteria|p__Firmicutes|c__Bacilli|o__Lactobacillales|f__Lactobacillaceae|g__Leuconostoc|s__Leuconostoc_gelidum,-0.1004395,-0.12316422,-0.1417819,-0.20428483,-0.1671015,-0.19359997,-0.1666669,-0.14507173,-0.12491344,-0.1837026,-0.18325156,-0.22681174,-0.16961169,-0.20540173,-0.10302364,-0.09926228,-0.058144663,-0.09954612,-0.10763542,-0.17091224,-0.1978925,-0.12536043,-0.13627054,-0.15227637,-0.17161086,-0.11658599,-0.16746901,-0.17397657,-0.1509206,-0.12124001,-0.13503864,-0.105604604,-0.14829034,-0.1960156,-0.18926486,-0.2175087,-0.16099437,-0.22338755,-0.19753125,-0.29867563,-0.29210672,-0.19834495,-0.10709004,-0.09162698,-0.13691942,-0.15513326,-0.23188588,-0.1940886,-0.14652589,-0.2026537,-0.1840055,-0.18279888,-0.19753774,-0.19864412,-0.20384367,-0.15786815,-0.12565555,-0.14378265,-0.09194431,-0.09549989,-0.17127284,-0.14228496,-0.13743341,-0.14693744,-0.12719077,-0.15131626,-0.2613474,-0.22333384,-0.18899281,-0.20047067,-0.14566524,-0.1492407,-0.13066852,-0.14275251,-0.1506567,-0.16408941,-0.14657676,-0.16278498,-0.1595012,-0.14998752,-0.1471735,-0.15712732,-0.1532267,-0.22480208,-0.120334074,-0.14148718,-0.118264936,-0.1609551,-0.17410377,-0.15570898,-0.16821223,-0.11139822,-0.1388583,-0.13027036,-0.12854752,-0.15152657,-0.1424781,-0.11542307,-0.10065024,-0.09031542,-0.10533513,-0.120423466,-0.13495442,-0.15027548,-0.16033968,-0.1185138,-0.11129953,-0.1578567,-0.17738779,-0.13356835,-0.16405815,-0.25953975,-0.14871538,-0.1325778,-0.14166051,-0.15095688,-0.17780018,-0.1638249,-0.22917573,-0.09015879,-0.11003653,-0.13466057,-0.12960751,-0.13997786,-0.1738394,-0.13908121,-0.16057305,-0.12777606,-0.07092635,-0.03704006,-0.1372061,-0.16206567,-0.17898291,-0.14332479,-0.12334781,-0.13569173,-0.12023825,-0.13816655,-0.25318068,-0.26654312,-0.083263025,-0.10945694,-0.14434677,-0.09238048,-0.18787909,-0.19046098,-0.15303683,-0.0901036,-0.13230102,-0.14955798,-0.15034342,-0.15899862,-0.17062904,-0.1837038,-0.08771515,-0.123776436,-0.14111668,-0.10256614,-0.17951453,-0.19495486,-0.19129524,-0.09996441,-0.13113372,-0.07942895,-0.12785721,-0.19006202,-0.19350612,-0.19182502,-0.12330814,-0.07515578,-0.09699788,-0.118477345,-0.13648956,-0.12406494,-0.121451,-0.09437662,-0.09654923,-0.108356364,-0.082459606,-0.112771764,-0.1322058,-0.16713345,-0.1410757,-0.13635147,-0.18093297,-0.17825818,-0.19439155,-0.14471975,-0.15549555,-0.13540106,-0.119081676,-0.14001076,-0.19117098,-0.19143462,-0.1815261,-0.19755594,-0.25103784,-0.20219928,-0.1901941,-0.19129376,-0.18265957,-0.17401764,-0.27554205,-0.08916744,-0.11956477,-0.1278086,-0.15751183,-0.20931396,-0.18224281,-0.29657933,-0.32474133,-0.1531407,-0.3242122,-0.17325558,-0.17108874,-0.2185038,-0.17647925,-0.114121355,-0.13991278,-0.15388772,-0.15788373,-0.22984435,-0.18186735,-0.25741994,-0.10424991,-0.12455491,-0.1384475,-0.12406229,-0.15189947,-0.15498915,-0.1561497,-0.14014931,-0.15141064,-0.16301614,-0.15530351,-0.1534574,-0.15313518,-0.13392314,-0.12291737,-0.14629662,-0.19023478,-0.17709945,-0.21025829,-0.3990198,-0.2031827,-0.113346145,-0.1296617,-0.11845128,-0.14791667,-0.16636807,-0.18665633,-0.19176339,-0.13157675,-0.07637769,-0.15304966,-0.13970554,-0.14106366,-0.11791556,-0.19987361,-0.1649412,-0.15870053,-0.14148644,-0.12355205,-0.12722544,-0.14610182,-0.2588673,-0.10717633,-0.13074079,-0.09132757,-0.12832497,-0.12902099,-0.1497469,-0.15175289,-0.096117415,-0.08910369,-0.124209665,-0.1104342,-0.13784452,-0.15077518,-0.17040627,-0.14288476,-0.11622982,-0.1739954,-0.15184812,-0.1423063,-0.12537678,-0.14200184,-0.17466888,-0.13176009,-0.13210386,-0.14577712,-0.122867644,-0.08722703,-0.05825615,-0.14344627,-0.17082691,-0.026243303,-0.16696382,-0.2829064,-0.31316653,-0.19840464,-0.1456411,-0.14331596,-0.14862512,-0.12963767,-0.25088155,-0.19411686,-0.188609,-0.09438571,-0.10918378,-0.10702289,-0.09350707,-0.12759323,-0.15296376,-0.15746465,-0.16717929,-0.12812386,-0.0969081,-0.16398169,-0.14355981,-0.11335766,-0.18846886,-0.1706479,-0.15392008,-0.12563744,-0.115196005,-0.11278008,-0.11662802,-0.1760557,-0.13841775,-0.13431077,-0.096878245,-0.121071234,-0.09152858,-0.12434345,-0.13577038,-0.063823454,-0.13877153,-0.11419349,-0.13372901,-0.24483351,-0.2571875,-0.29957527,-0.14618441,-0.15672894,-0.13212314,-0.19104545,-0.0782174,-0.17234619,-0.16438523,-0.09859173,-0.11065883,-0.11444942,-0.076612435,-0.083404,-0.1213824,-0.13072303,-0.13855581,-0.19385117,-0.09884548,-0.15572022,-0.19487974,-0.19120803,-0.18702558,-0.11110628,-0.14302228,-0.10277218,-0.1592106,-0.19426455,-0.1728149,-0.16918465,-0.14278485,-0.14251114,-0.10167443,-0.1532549,-0.16166683,-0.18104151,-0.19539371,-0.12109375,-0.14732604,-0.1136581,-0.07977782,-0.1430566,-0.20725825,-0.16081508,-0.125103,-0.15657571,-0.15690626,-0.14365645,-0.19202894,-0.1625917,-0.18196163,-0.2963242,-0.19840747,-0.1813065,-0.17189313,-0.19316602,-0.15764752,-0.14054683,-0.13023874,-0.12557748,-0.1382525,-0.1633815,-0.30584824,-0.16671768,-0.18117246,-0.1928847,-0.11441202,-0.15056372,-0.14064114,-0.17807983,-0.16695675,-0.1645518,-0.14331086,-0.18237996,-0.12826544,-0.15330595,-0.1374385,-0.24156228,-0.1796515,-0.10306733,-0.13523814,-0.14185432,-0.17450151,-0.110169455,-0.13451274,-0.15225284,-0.16000351,-0.18193991,-0.15405518,-0.14911918,-0.19184028,-0.17543265,-0.16409543,-0.14723541,-0.14623587,-0.11499533,-0.10471026,-0.13498962,-0.20148799,-0.17706338,-0.12513243,-0.16589902,-0.18041904,-0.18738703,-0.11705899,-0.1762797,-0.25993693,-0.092401385,-0.0920828,-0.11467217,-0.1359761,-0.14797047,-0.09832448,-0.18914126
k__Bacteria|p__Firmicutes|c__Bacilli|o__Lactobacillales|f__Enterococcaceae|g__Enterococcus|s__Enterococcus_asini,-0.1004395,-0.12316422,-0.14162986,-0.20428483,-0.16683842,-0.19346386,-0.1666669,-0.14488754,-0.12454869,-0.18335383,-0.18308534,-0.23095042,-0.16855657,-0.20694304,-0.10298754,-0.09941932,-0.058144663,-0.099424675,-0.107410654,-0.17058626,-0.1978925,-0.12536043,-0.13594073,-0.15196717,-0.17139882,-0.11658599,-0.16701916,-0.17373039,-0.1509206,-0.12124001,-0.13477615,-0.10557575,-0.14805757,-0.19615339,-0.1891512,-0.2175087,-0.1607035,-0.22338755,-0.19753233,-0.29867563,-0.29210672,-0.19850397,-0.10700154,-0.09162698,-0.13691942,-0.1548565,-0.23188588,-0.19379845,-0.14636526,-0.2026537,-0.18363306,-0.18279888,-0.19781265,-0.1990936,-0.20511009,-0.15715379,-0.12551081,-0.1436115,-0.091688596,-0.09532699,-0.17099002,-0.14198484,-0.13743341,-0.14673725,-0.12719077,-0.15082474,-0.2613474,-0.22333384,-0.1886617,-0.20047067,-0.14549279,-0.1489818,-0.13059504,-0.14257008,-0.15042627,-0.1638618,-0.14629218,-0.16278498,-0.1592677,-0.14998752,-0.14676353,-0.15694186,-0.15292846,-0.22480208,-0.120334074,-0.14119126,-0.11804968,-0.16065717,-0.17387566,-0.15548134,-0.16791011,-0.11139822,-0.1388583,-0.13027036,-0.12821482,-0.15152657,-0.14202537,-0.11516793,-0.10065024,-0.09019099,-0.10517588,-0.12027752,-0.13473198,-0.15027548,-0.16007376,-0.1185138,-0.11129953,-0.1578567,-0.17738779,-0.13348652,-0.16381997,-0.25953975,-0.14845607,-0.13240933,-0.14156343,-0.15095688,-0.17780018,-0.16357177,-0.22917573,-0.09015879,-0.10966596,-0.13447835,-0.12947345,-0.13997786,-0.17360327,-0.13908121,-0.16057305,-0.12777606,-0.07092635,-0.03704006,-0.1369472,-0.16177814,-0.17870638,-0.14332479,-0.12334781,-0.1353383,-0.12023825,-0.13796112,-0.25318068,-0.26654312,-0.083098516,-0.10945694,-0.14413172,-0.09238048,-0.18751492,-0.19041562,-0.15286855,-0.08994296,-0.13230102,-0.1492525,-0.15013942,-0.1588006,-0.17038865,-0.18344319,-0.08761069,-0.12364863,-0.14105412,-0.10256614,-0.17951453,-0.19495486,-0.19121781,-0.09980674,-0.13113372,-0.07963565,-0.12749322,-0.19006202,-0.19342631,-0.1916984,-0.123096645,-0.075026095,-0.09691873,-0.118347645,-0.13627855,-0.12406494,-0.121451,-0.094338365,-0.09645527,-0.10822338,-0.082459606,-0.1126219,-0.13190438,-0.16687544,-0.1410757,-0.13607383,-0.18093297,-0.17825818,-0.19439429,-0.14455123,-0.15549555,-0.13524303,-0.119081676,-0.14001076,-0.19117098,-0.19148214,-0.18139036,-0.19755594,-0.25103784,-0.20219928,-0.18980363,-0.19111378,-0.18243298,-0.17387055,-0.27554205,-0.08916744,-0.11956477,-0.12744641,-0.15751183,-0.20931396,-0.18224281,-0.29657933,-0.32474133,-0.15245801,-0.3242122,-0.17325558,-0.17108874,-0.2185038,-0.17647925,-0.114121355,-0.1396583,-0.15388772,-0.15788373,-0.22984435,-0.18186735,-0.25949344,-0.10412605,-0.12455491,-0.13815364,-0.12378466,-0.15189947,-0.15474871,-0.15593663,-0.14014931,-0.15141064,-0.16277727,-0.15501693,-0.1532595,-0.15295623,-0.13379852,-0.12263417,-0.14590463,-0.1900174,-0.17706801,-0.21025829,-0.3990198,-0.20341375,-0.11315557,-0.1296617,-0.11839494,-0.14756137,-0.16636807,-0.18633635,-0.19154164,-0.13128993,-0.07623752,-0.15277755,-0.13942866,-0.14106366,-0.11758652,-0.19987361,-0.1649412,-0.15841308,-0.14141762,-0.123307854,-0.12722544,-0.14610182,-0.2588673,-0.10700756,-0.13074079,-0.09132757,-0.12832497,-0.12872842,-0.14939195,-0.15148646,-0.09599823,-0.08910369,-0.12400518,-0.11021657,-0.13757351,-0.1504837,-0.17020163,-0.14265838,-0.11585732,-0.17370118,-0.15158208,-0.14204966,-0.1252853,-0.14161682,-0.17466888,-0.13176009,-0.1318706,-0.14553422,-0.122764066,-0.08722703,-0.05825615,-0.14324415,-0.17082691,-0.026243303,-0.1666846,-0.2829064,-0.31316653,-0.19869927,-0.14541239,-0.14331596,-0.14862512,-0.12963767,-0.25088155,-0.19411266,-0.18842351,-0.09421089,-0.109000735,-0.10702289,-0.09347065,-0.12759323,-0.1525967,-0.15746465,-0.16702136,-0.12812386,-0.0969081,-0.16398169,-0.14322361,-0.11335766,-0.18846886,-0.1706479,-0.15370354,-0.12546915,-0.115196005,-0.112631276,-0.11662802,-0.1757546,-0.13825962,-0.13420308,-0.096878245,-0.12098593,-0.09132654,-0.12434345,-0.13536423,-0.063823454,-0.13877153,-0.11419349,-0.13351202,-0.24483351,-0.2571875,-0.29957527,-0.14602268,-0.1565299,-0.13196282,-0.19104545,-0.0782174,-0.17232086,-0.16411027,-0.09859173,-0.11065883,-0.11408522,-0.076612435,-0.083404,-0.1213824,-0.13072303,-0.13855581,-0.19385117,-0.09882888,-0.15536991,-0.19487974,-0.19099939,-0.18688044,-0.11089088,-0.14275128,-0.10254648,-0.15894783,-0.19416046,-0.17268303,-0.16889346,-0.14259242,-0.14238736,-0.10156977,-0.15298475,-0.16136916,-0.18083473,-0.19538936,-0.1208717,-0.14708905,-0.113343224,-0.07949373,-0.14288974,-0.20725825,-0.16062656,-0.125103,-0.15657571,-0.15690626,-0.1433805,-0.19202894,-0.16228643,-0.18167734,-0.2963242,-0.19895089,-0.18109639,-0.17162609,-0.1931944,-0.15747327,-0.14054683,-0.13006426,-0.12557748,-0.13803093,-0.16311546,-0.30584824,-0.1665608,-0.18098485,-0.19268307,-0.11441202,-0.1502071,-0.14032581,-0.17781574,-0.16673794,-0.16426148,-0.14331086,-0.18237996,-0.12806457,-0.15299565,-0.13744012,-0.24156228,-0.17940095,-0.102924295,-0.13491654,-0.14166895,-0.17428811,-0.10990533,-0.13423942,-0.15195066,-0.15985183,-0.18176946,-0.15382954,-0.14885294,-0.19184028,-0.17519307,-0.16380891,-0.14723541,-0.14623587,-0.11499533,-0.10471026,-0.1346878,-0.20148799,-0.17683047,-0.12513243,-0.16547161,-0.18041904,-0.18738703,-0.11705899,-0.17606391,-0.26070356,-0.092292204,-0.091901354,-0.114480376,-0.1357868,-0.14781266,-0.09814794,-0.18887797
k__Bacteria|p__Firmicutes|c__Clostridia|o__Eubacteriales|f__Clostridiaceae|g__Clostridium|s__Clostridium_sp_Ade_TY,-0.1004395,-0.12316422,-0.14238474,-0.20428483,-0.1673829,-0.19377485,-0.1666669,-0.1449402,-0.12576462,-0.18385509,-0.18349701,-0.21787724,-0.17071678,-0.20155229,-0.10278002,-0.098766714,-0.058144663,-0.09894726,-0.10790907,-0.1711933,-0.1978925,-0.12536043,-0.13631925,-0.15197483,-0.17139333,-0.11658599,-0.16802607,-0.17371057,-0.1509206,-0.12124001,-0.1353252,-0.10577563,-0.1486476,-0.1953866,-0.18893817,-0.2175087,-0.16185817,-0.22338755,-0.19726147,-0.29867563,-0.29210672,-0.19739643,-0.106919646,-0.09162698,-0.13691942,-0.1555216,-0.23188588,-0.19418424,-0.14662798,-0.2026537,-0.18515864,-0.18279888,-0.19663788,-0.19727206,-0.20003846,-0.1574511,-0.12553772,-0.1435793,-0.09196834,-0.095491014,-0.17128506,-0.14213324,-0.13743341,-0.14691918,-0.12719077,-0.15223041,-0.2613474,-0.22333384,-0.1890656,-0.20047067,-0.14529786,-0.14917606,-0.13054532,-0.14250612,-0.14988962,-0.1634471,-0.1464678,-0.16278498,-0.16000974,-0.14998752,-0.14728566,-0.15738189,-0.15337032,-0.22480208,-0.120334074,-0.1416301,-0.118438706,-0.16072604,-0.17386791,-0.15604319,-0.16816193,-0.11139822,-0.1388583,-0.13027036,-0.12861928,-0.15152657,-0.14313056,-0.11541094,-0.10065024,-0.09042211,-0.105243385,-0.12027984,-0.1349729,-0.15027548,-0.16026275,-0.1185138,-0.11129953,-0.1578567,-0.17738779,-0.13306332,-0.1646291,-0.25953975,-0.14902784,-0.13294616,-0.14151287,-0.15095688,-0.17780018,-0.16463023,-0.22917573,-0.09015879,-0.11054303,-0.13478014,-0.12941106,-0.13997786,-0.17412497,-0.13908121,-0.16057305,-0.12777606,-0.07092635,-0.03704006,-0.13746917,-0.16211951,-0.17886302,-0.14332479,-0.12334781,-0.13616256,-0.12023825,-0.13791227,-0.25318068,-0.26654312,-0.083268985,-0.10945694,-0.14390872,-0.09238048,-0.18839937,-0.19015573,-0.15319887,-0.09017444,-0.13230102,-0.14989361,-0.15046549,-0.15896727,-0.17067567,-0.18315458,-0.08786467,-0.1235235,-0.1406686,-0.10256614,-0.17951453,-0.19495486,-0.19067536,-0.09990113,-0.13113372,-0.078553595,-0.12791498,-0.19006202,-0.19309029,-0.19161567,-0.123005606,-0.075240016,-0.09686762,-0.1184724,-0.13649078,-0.12406494,-0.121451,-0.094141014,-0.09653177,-0.108314015,-0.082459606,-0.11265962,-0.13222149,-0.1668956,-0.1410757,-0.1369307,-0.18093297,-0.17825818,-0.1941663,-0.14477873,-0.15549555,-0.13519032,-0.119081676,-0.14001076,-0.19117098,-0.19118881,-0.18180795,-0.19755594,-0.25103784,-0.20219928,-0.19103071,-0.19166732,-0.18289706,-0.17452464,-0.27554205,-0.08916744,-0.11956477,-0.12857014,-0.15751183,-0.20931396,-0.18224281,-0.29657933,-0.32474133,-0.15695363,-0.3242122,-0.17325558,-0.17108874,-0.2185038,-0.17647925,-0.114121355,-0.14042921,-0.15388772,-0.15788373,-0.22984435,-0.18186735,-0.25398004,-0.104197785,-0.12455491,-0.13864632,-0.12415612,-0.15189947,-0.15465762,-0.15578589,-0.14014931,-0.15141064,-0.16264099,-0.15556505,-0.15344027,-0.1532172,-0.13392907,-0.12313381,-0.14690772,-0.18984507,-0.17708573,-0.21025829,-0.3990198,-0.20346746,-0.1133652,-0.1296617,-0.1180722,-0.14806958,-0.16636807,-0.18637538,-0.1918824,-0.13192865,-0.0765521,-0.15282929,-0.13997167,-0.14106366,-0.1181794,-0.19987361,-0.1649412,-0.15944403,-0.1415953,-0.12344234,-0.12722544,-0.14610182,-0.2588673,-0.10730593,-0.13074079,-0.09132757,-0.12832497,-0.1289258,-0.15002584,-0.15148388,-0.0959705,-0.08910369,-0.12414015,-0.110499054,-0.13807252,-0.15099737,-0.17011479,-0.14290491,-0.11679223,-0.17399319,-0.15205571,-0.14220482,-0.12537424,-0.14197414,-0.17466888,-0.13176009,-0.13230836,-0.1456126,-0.12258229,-0.08722703,-0.05825615,-0.14345698,-0.17082691,-0.026243303,-0.16788214,-0.2829064,-0.31316653,-0.19850221,-0.14568178,-0.14331596,-0.14862512,-0.12963767,-0.25088155,-0.19359595,-0.18838978,-0.094463825,-0.10910335,-0.10702289,-0.09270974,-0.12759323,-0.1535199,-0.15746465,-0.16713245,-0.12812386,-0.0969081,-0.16398169,-0.14314425,-0.11335766,-0.18846886,-0.1706479,-0.15409997,-0.12556621,-0.115196005,-0.11263499,-0.11662802,-0.17593992,-0.13826548,-0.13390262,-0.096878245,-0.120829865,-0.091448225,-0.12434345,-0.13599385,-0.063823454,-0.13877153,-0.11419349,-0.13384764,-0.24483351,-0.2571875,-0.29957527,-0.1461313,-0.15666242,-0.13208255,-0.19104545,-0.0782174,-0.17228533,-0.16410841,-0.09859173,-0.11065883,-0.11455622,-0.076612435,-0.083404,-0.1213824,-0.13072303,-0.13855581,-0.19385117,-0.09843475,-0.15602219,-0.19487974,-0.19156533,-0.1868484,-0.11120139,-0.14311214,-0.10279736,-0.15879463,-0.1943541,-0.17209098,-0.16922319,-0.14283459,-0.14236277,-0.10209638,-0.15333398,-0.16190937,-0.18146664,-0.19501069,-0.12107846,-0.14706767,-0.11409035,-0.08006072,-0.14307156,-0.20725825,-0.16092111,-0.125103,-0.15657571,-0.15690626,-0.14413008,-0.19202894,-0.1628983,-0.18176375,-0.2963242,-0.19938816,-0.18157922,-0.172186,-0.1931813,-0.15767457,-0.14054683,-0.13026145,-0.12557748,-0.13833249,-0.16383217,-0.30584824,-0.16725725,-0.18054107,-0.19329728,-0.11441202,-0.15046284,-0.1409509,-0.17835444,-0.16685158,-0.16457048,-0.14331086,-0.18237996,-0.1288616,-0.15355936,-0.1373949,-0.24156228,-0.18035935,-0.10303454,-0.1357076,-0.14162512,-0.17409158,-0.11052643,-0.1347292,-0.1517463,-0.15971628,-0.18245435,-0.15357552,-0.14893982,-0.19184028,-0.17568466,-0.16377176,-0.14723541,-0.14623587,-0.11499533,-0.10471026,-0.13521966,-0.20148799,-0.17689958,-0.12513243,-0.16703963,-0.18041904,-0.18738703,-0.11705899,-0.17546462,-0.25867665,-0.092375256,-0.092084095,-0.11492564,-0.13585886,-0.14772928,-0.09854719,-0.18885057
k__Bacteria|p__Firmicutes|c__Clostridia|o__Eubacteriales|f__Clostridiaceae|g__Clostridium|s__Clostridium_sp_AM49_4BH,-0.1004395,-0.12316422,-0.14166674,-0.20428483,-0.16714017,-0.1937466,-0.1666669,-0.14540845,-0.12545513,-0.18426701,-0.18338141,-0.21967144,-0.16837196,-0.20236892,-0.10322267,-0.098751836,-0.058144663,-0.099758744,-0.10764494,-0.1713253,-0.1978925,-0.12536043,-0.13674442,-0.15272859,-0.17143416,-0.11658599,-0.16800183,-0.17451765,-0.1509206,-0.12124001,-0.1353912,-0.105561554,-0.14841914,-0.19561934,-0.18915603,-0.2175087,-0.1612666,-0.22338755,-0.1964992,-0.29867563,-0.29210672,-0.1975263,-0.10742088,-0.09162698,-0.13691942,-0.15515965,-0.23188588,-0.19391596,-0.14690313,-0.2026537,-0.18503985,-0.18279888,-0.19677599,-0.19693522,-0.20073117,-0.1578458,-0.12589449,-0.14394298,-0.09250266,-0.0956358,-0.17170353,-0.14283504,-0.13743341,-0.14714892,-0.12719077,-0.15160623,-0.2613474,-0.22333384,-0.18916883,-0.20047067,-0.14605473,-0.14953294,-0.13059172,-0.14263782,-0.15105158,-0.16465354,-0.14724839,-0.16278498,-0.15978889,-0.14998752,-0.14730991,-0.15713239,-0.15367936,-0.22480208,-0.120334074,-0.14158586,-0.118384495,-0.16153061,-0.1744968,-0.15568429,-0.16839392,-0.11139822,-0.1388583,-0.13027036,-0.12900418,-0.15152657,-0.14327072,-0.11596427,-0.10065024,-0.09047629,-0.105601974,-0.12069439,-0.13513406,-0.15027548,-0.1607419,-0.1185138,-0.11129953,-0.1578567,-0.17738779,-0.13373245,-0.16359152,-0.25953975,-0.14899203,-0.13263555,-0.14137337,-0.15095688,-0.17780018,-0.16397382,-0.22917573,-0.09015879,-0.11034622,-0.13488992,-0.1296795,-0.13997786,-0.17381498,-0.13908121,-0.16057305,-0.12777606,-0.07092635,-0.03704006,-0.13729942,-0.16243571,-0.17921157,-0.14332479,-0.12334781,-0.13600162,-0.12023825,-0.13801618,-0.25318068,-0.26654312,-0.08358243,-0.10945694,-0.14449126,-0.09238048,-0.18797602,-0.19018097,-0.15278769,-0.09035801,-0.13230102,-0.14969784,-0.15048,-0.15916976,-0.1708391,-0.18400908,-0.087796204,-0.12403351,-0.14094275,-0.10256614,-0.17951453,-0.19495486,-0.19129688,-0.1002976,-0.13113372,-0.07884264,-0.12757212,-0.19006202,-0.1934784,-0.19157958,-0.12384784,-0.0755513,-0.0972216,-0.11839719,-0.13657798,-0.12406494,-0.121451,-0.09450681,-0.09652834,-0.10845733,-0.082459606,-0.11287877,-0.1324664,-0.16748826,-0.1410757,-0.1365881,-0.18093297,-0.17825818,-0.19385567,-0.14465827,-0.15549555,-0.13558775,-0.119081676,-0.14001076,-0.19117098,-0.19098425,-0.18169147,-0.19755594,-0.25103784,-0.20219928,-0.19062492,-0.19123508,-0.18261929,-0.1737628,-0.27554205,-0.08916744,-0.11956477,-0.1279776,-0.15751183,-0.20931396,-0.18224281,-0.29657933,-0.32474133,-0.15168223,-0.3242122,-0.17325558,-0.17108874,-0.2185038,-0.17647925,-0.114121355,-0.14003792,-0.15388772,-0.15788373,-0.22984435,-0.18186735,-0.25309697,-0.104409575,-0.12455491,-0.13875912,-0.12439601,-0.15189947,-0.15542026,-0.1567588,-0.14014931,-0.15141064,-0.16354057,-0.15553626,-0.15385947,-0.15301408,-0.13382167,-0.12322891,-0.14679492,-0.19045256,-0.17747596,-0.21025829,-0.3990198,-0.20125355,-0.11359127,-0.1296617,-0.118653655,-0.14803693,-0.16636807,-0.1871266,-0.19181573,-0.13162857,-0.07677041,-0.15333173,-0.13981509,-0.14106366,-0.11890948,-0.19987361,-0.1649412,-0.15893067,-0.1412929,-0.1234376,-0.12722544,-0.14610182,-0.2588673,-0.10727151,-0.13074079,-0.09132757,-0.12832497,-0.12937737,-0.14998232,-0.15227467,-0.096420825,-0.08910369,-0.12430231,-0.11042644,-0.1379121,-0.15098551,-0.17043242,-0.1431939,-0.116619855,-0.17403005,-0.15214765,-0.14245053,-0.12536111,-0.14267793,-0.17466888,-0.13176009,-0.13236785,-0.1459112,-0.12304124,-0.08722703,-0.05825615,-0.14371641,-0.17082691,-0.026243303,-0.1666205,-0.2829064,-0.31316653,-0.19773716,-0.14589283,-0.14331596,-0.14862512,-0.12963767,-0.25088155,-0.19396603,-0.18879455,-0.09466632,-0.10952163,-0.10702289,-0.09370058,-0.12759323,-0.15317911,-0.15746465,-0.16750515,-0.12812386,-0.0969081,-0.16398169,-0.14395666,-0.11335766,-0.18846886,-0.1706479,-0.1540522,-0.12601335,-0.115196005,-0.11284823,-0.11662802,-0.17640813,-0.13877645,-0.13444862,-0.096878245,-0.12103859,-0.09179868,-0.12434345,-0.1363276,-0.063823454,-0.13877153,-0.11419349,-0.13362834,-0.24483351,-0.2571875,-0.29957527,-0.14631528,-0.15683165,-0.13236603,-0.19104545,-0.0782174,-0.1725755,-0.16431057,-0.09859173,-0.11065883,-0.11512725,-0.076612435,-0.083404,-0.1213824,-0.13072303,-0.13855581,-0.19385117,-0.098925754,-0.15585609,-0.19487974,-0.19142018,-0.18685412,-0.11143642,-0.14304495,-0.10350193,-0.1597725,-0.19429785,-0.17308398,-0.16878104,-0.14302659,-0.1426335,-0.10155775,-0.15327871,-0.16190562,-0.18109557,-0.19482863,-0.121466644,-0.14765944,-0.11416809,-0.08027145,-0.14284173,-0.20725825,-0.1612099,-0.125103,-0.15657571,-0.15690626,-0.14384905,-0.19202894,-0.16288537,-0.18224114,-0.2963242,-0.19683057,-0.18069237,-0.17142087,-0.1926234,-0.15734251,-0.14054683,-0.13040167,-0.12557748,-0.13831128,-0.16240089,-0.30584824,-0.16709705,-0.18095353,-0.19303995,-0.11441202,-0.15047824,-0.14067128,-0.1782399,-0.16716656,-0.16476013,-0.14331086,-0.18237996,-0.12848891,-0.1531285,-0.13691007,-0.24156228,-0.17964245,-0.103271484,-0.13536096,-0.14225632,-0.17465387,-0.11032688,-0.13467658,-0.15269789,-0.16023166,-0.18207656,-0.15429732,-0.14918634,-0.19184028,-0.17559159,-0.16474205,-0.14723541,-0.14623587,-0.11499533,-0.10471026,-0.13496655,-0.20148799,-0.17739947,-0.12513243,-0.16584954,-0.18041904,-0.18738703,-0.11705899,-0.17707185,-0.2582512,-0.09263721,-0.09234037,-0.11474195,-0.1361022,-0.14789349,-0.09835971,-0.1891425
k__Bacteria|p__Firmicutes|c__Clostridia|o__Eubacteriales|f__Clostridiaceae|g__Clostridium|s__Clostridium_sp_AF12_28,-0.1004395,-0.12316422,-0.14200743,-0.20428483,-0.16722167,-0.19374575,-0.1666669,-0.14508113,-0.12518868,-0.18367673,-0.18369353,-0.2254048,-0.16905624,-0.20495781,-0.1029994,-0.09905332,-0.058144663,-0.09915365,-0.10764752,-0.17092712,-0.1978925,-0.12536043,-0.13611376,-0.15210347,-0.17157418,-0.11658599,-0.1675747,-0.17383486,-0.1509206,-0.12124001,-0.1351182,-0.10577953,-0.14840432,-0.19610393,-0.18923375,-0.2175087,-0.16125536,-0.22338755,-0.19763994,-0.29867563,-0.29210672,-0.19830748,-0.106996946,-0.09162698,-0.13691942,-0.15516421,-0.23188588,-0.19400847,-0.14655045,-0.2026537,-0.18465184,-0.18279888,-0.19771673,-0.19849753,-0.20327893,-0.15703449,-0.12559594,-0.14368677,-0.09181713,-0.09541336,-0.17128465,-0.14219561,-0.13743341,-0.14692566,-0.12719077,-0.15149319,-0.2613474,-0.22333384,-0.18906054,-0.20047067,-0.14552754,-0.14918166,-0.13066155,-0.1426232,-0.15030679,-0.16384113,-0.14646792,-0.16278498,-0.15971166,-0.14998752,-0.14707902,-0.1572717,-0.15318337,-0.22480208,-0.120334074,-0.14145274,-0.11821987,-0.16083553,-0.17402247,-0.15582563,-0.16812404,-0.11139822,-0.1388583,-0.13027036,-0.1284742,-0.15152657,-0.14262152,-0.11524989,-0.10065024,-0.090337716,-0.10524423,-0.12034212,-0.13491043,-0.15027548,-0.16028172,-0.1185138,-0.11129953,-0.1578567,-0.17738779,-0.1333355,-0.1643621,-0.25953975,-0.14877644,-0.13273212,-0.1416668,-0.15095688,-0.17780018,-0.1640903,-0.22917573,-0.09015879,-0.10999829,-0.13474977,-0.12952724,-0.13997786,-0.17400457,-0.13908121,-0.16057305,-0.12777606,-0.07092635,-0.03704006,-0.13719785,-0.16207872,-0.17887554,-0.14332479,-0.12334781,-0.13585214,-0.12023825,-0.13809411,-0.25318068,-0.26654312,-0.083187245,-0.10945694,-0.14419755,-0.09238048,-0.18797264,-0.19053526,-0.15302229,-0.090020224,-0.13230102,-0.14960644,-0.15037635,-0.158963,-0.17063254,-0.18353188,-0.08772494,-0.12357506,-0.14104894,-0.10256614,-0.17951453,-0.19495486,-0.1911582,-0.099894166,-0.13113372,-0.07924576,-0.12774843,-0.19006202,-0.19348568,-0.19184324,-0.123097,-0.075186394,-0.09694287,-0.11846694,-0.13647197,-0.12406494,-0.121451,-0.0942494,-0.09654069,-0.10833594,-0.082459606,-0.11273261,-0.13216183,-0.16699353,-0.1410757,-0.13648298,-0.18093297,-0.17825818,-0.19449362,-0.14476228,-0.15549555,-0.13529071,-0.119081676,-0.14001076,-0.19117098,-0.1915083,-0.18168947,-0.19755594,-0.25103784,-0.20219928,-0.19042793,-0.19154748,-0.18275598,-0.17428572,-0.27554205,-0.08916744,-0.11956477,-0.12804036,-0.15751183,-0.20931396,-0.18224281,-0.29657933,-0.32474133,-0.15394115,-0.3242122,-0.17325558,-0.17108874,-0.2185038,-0.17647925,-0.114121355,-0.14007719,-0.15388772,-0.15788373,-0.22984435,-0.18186735,-0.25759655,-0.104197375,-0.12455491,-0.13848513,-0.123998955,-0.15189947,-0.15487784,-0.1559709,-0.14014931,-0.15141064,-0.16289231,-0.1553618,-0.15347531,-0.15322605,-0.13389143,-0.12293029,-0.14638825,-0.19018355,-0.17720641,-0.21025829,-0.3990198,-0.20282188,-0.113295496,-0.1296617,-0.1183355,-0.14789045,-0.16636807,-0.18656343,-0.19190195,-0.13158318,-0.0764806,-0.15294519,-0.13980031,-0.14106366,-0.11769289,-0.19987361,-0.1649412,-0.15899333,-0.14159815,-0.12346333,-0.12722544,-0.14610182,-0.2588673,-0.10713468,-0.13074079,-0.09132757,-0.12832497,-0.12885477,-0.14980143,-0.15154961,-0.09600748,-0.08910369,-0.12415178,-0.11042972,-0.13778421,-0.15085298,-0.17025423,-0.14290068,-0.116279,-0.17397991,-0.15193337,-0.14214423,-0.12547877,-0.14167608,-0.17466888,-0.13176009,-0.13213882,-0.14572558,-0.12275927,-0.08722703,-0.05825615,-0.14349376,-0.17082691,-0.026243303,-0.16712904,-0.2829064,-0.31316653,-0.19863388,-0.14560235,-0.14331596,-0.14862512,-0.12963767,-0.25088155,-0.19401026,-0.18858932,-0.09440163,-0.109078534,-0.10702289,-0.09324521,-0.12759323,-0.15304114,-0.15746465,-0.16715758,-0.12812386,-0.0969081,-0.16398169,-0.14323393,-0.11335766,-0.18846886,-0.1706479,-0.15393984,-0.125601,-0.115196005,-0.11266041,-0.11662802,-0.17597272,-0.13833955,-0.13422008,-0.096878245,-0.12100888,-0.09139286,-0.12434345,-0.13563308,-0.063823454,-0.13877153,-0.11419349,-0.13374892,-0.24483351,-0.2571875,-0.29957527,-0.1461747,-0.15674168,-0.13213326,-0.19104545,-0.0782174,-0.1725165,-0.16420972,-0.09859173,-0.11065883,-0.11433047,-0.076612435,-0.083404,-0.1213824,-0.13072303,-0.13855581,-0.19385117,-0.09870877,-0.15577015,-0.19487974,-0.19143091,-0.18701887,-0.1110384,-0.14298338,-0.10270727,-0.15905434,-0.19443819,-0.17246068,-0.16926995,-0.14279447,-0.14245692,-0.101832874,-0.15326458,-0.16168374,-0.18127704,-0.19540438,-0.12103088,-0.14721398,-0.11375692,-0.07976625,-0.14299782,-0.20725825,-0.16086742,-0.125103,-0.15657571,-0.15690626,-0.14376867,-0.19202894,-0.16267568,-0.18190788,-0.2963242,-0.19936454,-0.1814656,-0.17203933,-0.19336899,-0.1576863,-0.14054683,-0.13024594,-0.12557748,-0.13835678,-0.16337237,-0.30584824,-0.16707242,-0.18113314,-0.1930947,-0.11441202,-0.15046811,-0.14060026,-0.17814112,-0.1669355,-0.16448039,-0.14331086,-0.18237996,-0.12846789,-0.15336919,-0.13758296,-0.24156228,-0.17995742,-0.1029534,-0.1353032,-0.1417355,-0.17442423,-0.11017607,-0.13455176,-0.15194723,-0.15986331,-0.18223651,-0.15380517,-0.14903979,-0.19184028,-0.17559505,-0.16386223,-0.14723541,-0.14623587,-0.11499533,-0.10471026,-0.13495646,-0.20148799,-0.17700528,-0.12513243,-0.16622406,-0.18041904,-0.18738703,-0.11705899,-0.17597291,-0.26051024,-0.09234685,-0.09196615,-0.11475984,-0.13587782,-0.14790618,-0.098352164,-0.18907192
k__Bacteria|p__Firmicutes|c__Clostridia|o__Eubacteriales|f__Clostridiaceae|g__Clostridium|s__Clostridium_disporicum,-0.1004395,-0.12316422,-0.14101382,-0.20428483,-0.16669145,-0.19249316,-0.1666669,-0.14488992,-0.12515332,-0.18346876,-0.18286413,-0.21341729,-0.16856979,-0.20004787,-0.10270683,-0.09828991,-0.058144663,-0.099384665,-0.10749096,-0.17028397,-0.1978925,-0.12536043,-0.13629165,-0.15204689,-0.17055914,-0.11658599,-0.16762751,-0.1735229,-0.1509206,-0.12124001,-0.13508558,-0.10515485,-0.14794089,-0.19397998,-0.18786776,-0.2175087,-0.1607474,-0.22338755,-0.19530621,-0.29867563,-0.29210672,-0.1954425,-0.106853545,-0.09162698,-0.13691942,-0.15471393,-0.23188588,-0.19301122,-0.14614826,-0.2026537,-0.1848174,-0.18279888,-0.19534066,-0.19496259,-0.19724843,-0.15713018,-0.12526657,-0.14317301,-0.09229057,-0.09528596,-0.1708476,-0.14214511,-0.13743341,-0.14655,-0.12719077,-0.15124388,-0.2613474,-0.22333384,-0.18817389,-0.20047067,-0.14522968,-0.14893423,-0.12992671,-0.1419369,-0.14989829,-0.16361779,-0.14638278,-0.16278498,-0.15957323,-0.14998752,-0.14697257,-0.15660404,-0.15290517,-0.22480208,-0.120334074,-0.1411426,-0.118017815,-0.16061744,-0.17344984,-0.15519217,-0.16767228,-0.11139822,-0.1388583,-0.13027036,-0.12843369,-0.15152657,-0.14301102,-0.11559856,-0.10065024,-0.090264104,-0.10505824,-0.11993884,-0.13449836,-0.15027548,-0.16002703,-0.1185138,-0.11129953,-0.1578567,-0.17738779,-0.13288383,-0.16280754,-0.25953975,-0.14852116,-0.13231929,-0.14079037,-0.15095688,-0.17780018,-0.16322474,-0.22917573,-0.09015879,-0.11041148,-0.13439621,-0.12907952,-0.13997786,-0.17322557,-0.13908121,-0.16057305,-0.12777606,-0.07092635,-0.03704006,-0.1368124,-0.16152743,-0.17841677,-0.14332479,-0.12334781,-0.13583268,-0.12023825,-0.13744548,-0.25318068,-0.26654312,-0.08343841,-0.10945694,-0.14366394,-0.09238048,-0.18730818,-0.18915936,-0.15245903,-0.09014946,-0.13230102,-0.14926332,-0.1498934,-0.15840366,-0.16992533,-0.18273368,-0.08764663,-0.12340051,-0.14044935,-0.10256614,-0.17951453,-0.19495486,-0.18985987,-0.09990221,-0.13113372,-0.07810836,-0.1268633,-0.19006202,-0.1921641,-0.19055672,-0.123284206,-0.07550885,-0.096779376,-0.117859185,-0.13608666,-0.12406494,-0.121451,-0.09411096,-0.09624612,-0.10807778,-0.082459606,-0.11237086,-0.13189068,-0.16657925,-0.1410757,-0.13631064,-0.18093297,-0.17825818,-0.19268005,-0.14387721,-0.15549555,-0.13479799,-0.119081676,-0.14001076,-0.19117098,-0.18995178,-0.18085515,-0.19755594,-0.25103784,-0.20219928,-0.19008422,-0.19044942,-0.18179315,-0.17297223,-0.27554205,-0.08916744,-0.11956477,-0.12791763,-0.15751183,-0.20931396,-0.18224281,-0.29657933,-0.32474133,-0.15356518,-0.3242122,-0.17325558,-0.17108874,-0.2185038,-0.17647925,-0.114121355,-0.13983911,-0.15388772,-0.15788373,-0.22984435,-0.18186735,-0.24866727,-0.10404031,-0.12455491,-0.13834096,-0.1238409,-0.15189947,-0.15454791,-0.15576692,-0.14014931,-0.15141064,-0.16256273,-0.15504834,-0.15315673,-0.15241702,-0.13332215,-0.12290814,-0.14636773,-0.18948148,-0.17634119,-0.21025829,-0.3990198,-0.19902013,-0.1132092,-0.1296617,-0.11783943,-0.14746067,-0.16636807,-0.18606925,-0.19074394,-0.13146397,-0.076540455,-0.15225956,-0.13936579,-0.14106366,-0.1183286,-0.19987361,-0.1649412,-0.15878424,-0.14074343,-0.12313202,-0.12722544,-0.14610182,-0.2588673,-0.10691349,-0.13074079,-0.09132757,-0.12832497,-0.12884489,-0.14958528,-0.15153873,-0.096063845,-0.08910369,-0.12376392,-0.11010911,-0.13743989,-0.15040748,-0.16943052,-0.1425832,-0.11657124,-0.17339294,-0.15158199,-0.14193116,-0.124896035,-0.14193285,-0.17466888,-0.13176009,-0.13182923,-0.14532635,-0.12243427,-0.08722703,-0.05825615,-0.14314565,-0.17082691,-0.026243303,-0.16604015,-0.2829064,-0.31316653,-0.19589195,-0.1452839,-0.14331596,-0.14862512,-0.12963767,-0.25088155,-0.19249001,-0.18758863,-0.094452605,-0.10907015,-0.10702289,-0.092760384,-0.12759323,-0.15268324,-0.15746465,-0.16665971,-0.12812386,-0.0969081,-0.16398169,-0.1431454,-0.11335766,-0.18846886,-0.1706479,-0.15356176,-0.12549654,-0.115196005,-0.112253755,-0.11662802,-0.17557974,-0.13801332,-0.13372208,-0.096878245,-0.1204343,-0.09149021,-0.12434345,-0.1361315,-0.063823454,-0.13877153,-0.11419349,-0.13317367,-0.24483351,-0.2571875,-0.29957527,-0.14560212,-0.15622053,-0.13148455,-0.19104545,-0.0782174,-0.17141151,-0.16367505,-0.09859173,-0.11065883,-0.11496347,-0.076612435,-0.083404,-0.1213824,-0.13072303,-0.13855581,-0.19385117,-0.09839698,-0.15510216,-0.19487974,-0.19042712,-0.1857664,-0.111013256,-0.14286588,-0.10291354,-0.15865998,-0.19288343,-0.17157313,-0.16815916,-0.14240476,-0.14194559,-0.101422265,-0.15265675,-0.16134149,-0.18039382,-0.19361469,-0.12086643,-0.14696081,-0.114005014,-0.080154955,-0.14176002,-0.20725825,-0.16053021,-0.125103,-0.15657571,-0.15690626,-0.14346176,-0.19202894,-0.16215011,-0.18131965,-0.2963242,-0.19581634,-0.18001446,-0.171089,-0.19160706,-0.15671411,-0.14054683,-0.1298077,-0.12557748,-0.13779262,-0.16194336,-0.30584824,-0.16664904,-0.18004043,-0.19216654,-0.11441202,-0.14991805,-0.14028195,-0.17744447,-0.16628113,-0.16405854,-0.14331086,-0.18237996,-0.12807475,-0.15282477,-0.1359224,-0.24156228,-0.17928301,-0.10290243,-0.13520855,-0.14141627,-0.173576,-0.11021498,-0.13417827,-0.15181655,-0.15946162,-0.18155104,-0.15328573,-0.14823559,-0.19184028,-0.17476499,-0.16390729,-0.14723541,-0.14623587,-0.11499533,-0.10471026,-0.13429937,-0.20148799,-0.17649284,-0.12513243,-0.16625643,-0.18041904,-0.18738703,-0.11705899,-0.17566696,-0.25532913,-0.0922886,-0.09212789,-0.114386186,-0.13537195,-0.14715602,-0.09809169,-0.18801913
k__Bacteria|p__Firmicutes|c__Clostridia|o__Eubacteriales|f__Clostridiaceae|g__Clostridium|s__Clostridium_sp_AF34_13,-0.1004395,-0.12316422,-0.1420849,-0.20428483,-0.16718431,-0.19389597,-0.1666669,-0.14529085,-0.1250949,-0.18405405,-0.18264492,-0.22817177,-0.16932462,-0.20563275,-0.103231765,-0.099772945,-0.058144663,-0.099811524,-0.10795079,-0.17119515,-0.1978925,-0.12536043,-0.13640295,-0.15245321,-0.1718162,-0.11658599,-0.16760594,-0.17415714,-0.1509206,-0.12124001,-0.13535692,-0.10591989,-0.14869004,-0.19614214,-0.18963996,-0.2175087,-0.16120124,-0.22338755,-0.19787633,-0.29867563,-0.29210672,-0.19874722,-0.10738479,-0.09162698,-0.13691942,-0.15534845,-0.23188588,-0.19410509,-0.14678529,-0.2026537,-0.18372816,-0.18279888,-0.19778813,-0.1989632,-0.20448676,-0.15779296,-0.12595627,-0.14403653,-0.092256695,-0.09586541,-0.1715137,-0.14244893,-0.13743341,-0.14715284,-0.12719077,-0.15162948,-0.2613474,-0.22333384,-0.18895008,-0.20047067,-0.14589038,-0.14939292,-0.13110349,-0.14299355,-0.15087733,-0.16413781,-0.1468459,-0.16278498,-0.1595283,-0.14998752,-0.14739591,-0.1573708,-0.1534557,-0.22480208,-0.120334074,-0.14174484,-0.11856714,-0.16112715,-0.17425805,-0.15589884,-0.16842951,-0.11139822,-0.1388583,-0.13027036,-0.12877764,-0.15152657,-0.14258537,-0.11560579,-0.10065024,-0.09060298,-0.10564246,-0.120753184,-0.13527198,-0.15027548,-0.16060045,-0.1185138,-0.11129953,-0.1578567,-0.17738779,-0.13392946,-0.16458297,-0.25953975,-0.14895168,-0.1328713,-0.14197208,-0.15095688,-0.17780018,-0.163946,-0.22917573,-0.09015879,-0.11027576,-0.13494515,-0.12985778,-0.13997786,-0.1739909,-0.13908121,-0.16057305,-0.12777606,-0.07092635,-0.03704006,-0.13739663,-0.16233869,-0.17914179,-0.14332479,-0.12334781,-0.1358753,-0.12023825,-0.13855216,-0.25318068,-0.26654312,-0.08360612,-0.10945694,-0.1446926,-0.09238048,-0.18813503,-0.19059488,-0.15324011,-0.09045022,-0.13230102,-0.14980668,-0.15055917,-0.15925558,-0.17081833,-0.18405707,-0.08809182,-0.124037035,-0.14143515,-0.10256614,-0.17951453,-0.19495486,-0.19153523,-0.10026751,-0.13113372,-0.07997138,-0.12813985,-0.19006202,-0.19362593,-0.19205758,-0.12354161,-0.075407185,-0.09737404,-0.11877623,-0.13675392,-0.12406494,-0.121451,-0.09469776,-0.09678624,-0.108692795,-0.082459606,-0.113012366,-0.13237633,-0.16735722,-0.1410757,-0.13664028,-0.18093297,-0.17825818,-0.19463918,-0.14505458,-0.15549555,-0.13574666,-0.119081676,-0.14001076,-0.19117098,-0.19163293,-0.18177015,-0.19755594,-0.25103784,-0.20219928,-0.19027036,-0.19148797,-0.18285322,-0.17437373,-0.27554205,-0.08916744,-0.11956477,-0.12807322,-0.15751183,-0.20931396,-0.18224281,-0.29657933,-0.32474133,-0.15388788,-0.3242122,-0.17325558,-0.17108874,-0.2185038,-0.17647925,-0.114121355,-0.14015028,-0.15388772,-0.15788373,-0.22984435,-0.18186735,-0.25804383,-0.10455897,-0.12455491,-0.13866833,-0.12435657,-0.15189947,-0.1551252,-0.156369,-0.14014931,-0.15141064,-0.16325167,-0.1554764,-0.15372801,-0.15337515,-0.13425508,-0.123218104,-0.14648281,-0.19049488,-0.177034,-0.21025829,-0.3990198,-0.20397179,-0.11356835,-0.1296617,-0.1187103,-0.14814818,-0.16636807,-0.18675946,-0.19199614,-0.13186249,-0.07679185,-0.15340528,-0.1400523,-0.14106366,-0.11810378,-0.19987361,-0.1649412,-0.15884158,-0.1419036,-0.12371941,-0.12722544,-0.14610182,-0.2588673,-0.10751422,-0.13074079,-0.09132757,-0.12832497,-0.12932594,-0.14987303,-0.15198982,-0.09641169,-0.08910369,-0.124557465,-0.110711806,-0.13816535,-0.15098332,-0.17074546,-0.14311682,-0.11650534,-0.17419407,-0.15197024,-0.14255205,-0.12556493,-0.14209495,-0.17466888,-0.13176009,-0.13252528,-0.14587595,-0.1231143,-0.08722703,-0.05825615,-0.14363325,-0.17082691,-0.026243303,-0.16728249,-0.2829064,-0.31316653,-0.19906102,-0.14590305,-0.14331596,-0.14862512,-0.12963767,-0.25088155,-0.19416362,-0.18889672,-0.09470857,-0.10950895,-0.10702289,-0.09396522,-0.12759323,-0.15322621,-0.15746465,-0.16731337,-0.12812386,-0.0969081,-0.16398169,-0.14378619,-0.11335766,-0.18846886,-0.1706479,-0.15414508,-0.1259413,-0.115196005,-0.11319141,-0.11662802,-0.17625383,-0.13867451,-0.13454989,-0.096878245,-0.121302865,-0.09185505,-0.12434345,-0.13595937,-0.063823454,-0.13877153,-0.11419349,-0.13416018,-0.24483351,-0.2571875,-0.29957527,-0.14644873,-0.15698183,-0.13246116,-0.19104545,-0.0782174,-0.17272459,-0.16459948,-0.09859173,-0.11065883,-0.11461507,-0.076612435,-0.083404,-0.1213824,-0.13072303,-0.13855581,-0.19385117,-0.099249735,-0.1560241,-0.19487974,-0.1914159,-0.18735225,-0.11141697,-0.14318202,-0.103002936,-0.15954028,-0.19445282,-0.17313735,-0.16935265,-0.14301264,-0.14276753,-0.10206178,-0.15352674,-0.16177954,-0.18127033,-0.19551751,-0.121353865,-0.14746402,-0.11383198,-0.080104016,-0.14361537,-0.20725825,-0.16105771,-0.125103,-0.15657571,-0.15690626,-0.14384103,-0.19202894,-0.16282557,-0.18228346,-0.2963242,-0.19906947,-0.18163207,-0.17195323,-0.19347438,-0.15776417,-0.14054683,-0.13055131,-0.12557748,-0.13847281,-0.16415077,-0.30584824,-0.16702403,-0.18137556,-0.19307755,-0.11441202,-0.15082055,-0.14086422,-0.17835355,-0.16713852,-0.16481826,-0.14331086,-0.18237996,-0.1286104,-0.15361749,-0.13802812,-0.24156228,-0.17981073,-0.103438705,-0.13542797,-0.1421389,-0.17469129,-0.11048348,-0.13476804,-0.15242538,-0.16018282,-0.18211329,-0.15437976,-0.14937666,-0.19184028,-0.17561413,-0.1642712,-0.14723541,-0.14623587,-0.11499533,-0.10471026,-0.13540754,-0.20148799,-0.17728648,-0.12513243,-0.1660169,-0.18041904,-0.18738703,-0.11705899,-0.1766423,-0.26011872,-0.092694014,-0.09238912,-0.115021124,-0.1362668,-0.14824206,-0.09867425,-0.18937647
k__Bacteria|p__Firmicutes|c__Tissierellia|o__Tissierellales|f__Peptoniphilaceae|g__Anaerococcus|s__Anaerococcus_rubeinfantis,-0.1004395,-0.12316422,-0.1409773,-0.20428483,-0.16617242,-0.19299953,-0.1666669,-0.14497992,-0.12489091,-0.18385084,-0.18256783,-0.21954341,-0.16885701,-0.20284663,-0.10294068,-0.09872669,-0.058144663,-0.099876955,-0.10731641,-0.17075253,-0.1978925,-0.12536043,-0.13631842,-0.15246645,-0.17115234,-0.11658599,-0.16765817,-0.17410842,-0.1509206,-0.12124001,-0.13508417,-0.10526283,-0.14815971,-0.19499552,-0.18909399,-0.2175087,-0.15966913,-0.22338755,-0.19582504,-0.29867563,-0.29210672,-0.19763902,-0.10713243,-0.09162698,-0.13691942,-0.15468657,-0.23188588,-0.19320157,-0.14629234,-0.2026537,-0.1827862,-0.18279888,-0.19605891,-0.1967262,-0.20127584,-0.15814608,-0.12560716,-0.14367034,-0.09233334,-0.09543734,-0.17128782,-0.1425439,-0.13743341,-0.1467368,-0.12719077,-0.15118906,-0.2613474,-0.22333384,-0.18828854,-0.20047067,-0.14571133,-0.14913829,-0.13043055,-0.14253184,-0.15109958,-0.16408615,-0.1467492,-0.16278498,-0.15865411,-0.14998752,-0.14719528,-0.1565855,-0.15323424,-0.22480208,-0.120334074,-0.14141786,-0.118105486,-0.16119166,-0.17383555,-0.15508771,-0.16816975,-0.11139822,-0.1388583,-0.13027036,-0.12877175,-0.15152657,-0.14281663,-0.11548308,-0.10065024,-0.09037051,-0.1055523,-0.12045306,-0.13492838,-0.15027548,-0.1604698,-0.1185138,-0.11129953,-0.1578567,-0.17738779,-0.1333257,-0.16305937,-0.25953975,-0.14839244,-0.13231266,-0.14121276,-0.15095688,-0.17780018,-0.16269597,-0.22917573,-0.09015879,-0.11001724,-0.13459182,-0.12945893,-0.13997786,-0.1733467,-0.13908121,-0.16057305,-0.12777606,-0.07092635,-0.03704006,-0.13684213,-0.16226324,-0.17870691,-0.14332479,-0.12334781,-0.13573691,-0.12023825,-0.13832238,-0.25318068,-0.26654312,-0.08360814,-0.10945694,-0.14476636,-0.09238048,-0.18767397,-0.18981019,-0.15273288,-0.09026611,-0.13230102,-0.14937463,-0.15008003,-0.15876985,-0.1703011,-0.18399987,-0.0876904,-0.12356396,-0.14092551,-0.10256614,-0.17951453,-0.19495486,-0.19080737,-0.10001495,-0.13113372,-0.07926023,-0.12779415,-0.19006202,-0.19294031,-0.19116011,-0.12357362,-0.07533616,-0.09700139,-0.118172534,-0.13652751,-0.12406494,-0.121451,-0.094306335,-0.09639971,-0.10855617,-0.082459606,-0.11281732,-0.13251609,-0.16720113,-0.1410757,-0.13601631,-0.18093297,-0.17825818,-0.19338113,-0.14443107,-0.15549555,-0.13531877,-0.119081676,-0.14001076,-0.19117098,-0.190281,-0.1808359,-0.19755594,-0.25103784,-0.20219928,-0.18973303,-0.19040678,-0.18218875,-0.17323856,-0.27554205,-0.08916744,-0.11956477,-0.12780185,-0.15751183,-0.20931396,-0.18224281,-0.29657933,-0.32474133,-0.1517387,-0.3242122,-0.17325558,-0.17108874,-0.2185038,-0.17647925,-0.114121355,-0.13954604,-0.15388772,-0.15788373,-0.22984435,-0.18186735,-0.25241557,-0.1042092,-0.12455491,-0.1385763,-0.12424377,-0.15189947,-0.15529332,-0.15632081,-0.14014931,-0.15141064,-0.1632394,-0.15487556,-0.15340993,-0.15264186,-0.1336889,-0.12292437,-0.14614712,-0.19040737,-0.17650366,-0.21025829,-0.3990198,-0.20190717,-0.11334647,-0.1296617,-0.11839968,-0.14792584,-0.16636807,-0.18680957,-0.19126222,-0.13138252,-0.07681601,-0.15315185,-0.13970307,-0.14106366,-0.11827142,-0.19987361,-0.1649412,-0.15808667,-0.14109394,-0.123467,-0.12722544,-0.14610182,-0.2588673,-0.10705193,-0.13074079,-0.09132757,-0.12832497,-0.12939715,-0.14970976,-0.15202129,-0.09628641,-0.08910369,-0.12436561,-0.11044422,-0.13771859,-0.15073049,-0.17026284,-0.14274731,-0.11637594,-0.17381191,-0.15177764,-0.14234701,-0.12503926,-0.14218432,-0.17466888,-0.13176009,-0.13217816,-0.14561883,-0.12282169,-0.08722703,-0.05825615,-0.14333971,-0.17082691,-0.026243303,-0.16569385,-0.2829064,-0.31316653,-0.19780837,-0.14549263,-0.14331596,-0.14862512,-0.12963767,-0.25088155,-0.19298756,-0.18825921,-0.094644964,-0.10927953,-0.10702289,-0.094085425,-0.12759323,-0.15287927,-0.15746465,-0.16665572,-0.12812386,-0.0969081,-0.16398169,-0.14405766,-0.11335766,-0.18846886,-0.1706479,-0.15343472,-0.12566736,-0.115196005,-0.11278157,-0.11662802,-0.17621233,-0.13835375,-0.1343005,-0.096878245,-0.12090309,-0.09192008,-0.12434345,-0.1360717,-0.063823454,-0.13877153,-0.11419349,-0.13360664,-0.24483351,-0.2571875,-0.29957527,-0.14586122,-0.15658018,-0.13205306,-0.19104545,-0.0782174,-0.17192486,-0.16413912,-0.09859173,-0.11065883,-0.11492081,-0.076612435,-0.083404,-0.1213824,-0.13072303,-0.13855581,-0.19385117,-0.098816924,-0.15526305,-0.19487974,-0.1906719,-0.18655579,-0.11117841,-0.14292587,-0.10315962,-0.15937988,-0.19343948,-0.1729194,-0.16879916,-0.1425924,-0.1422197,-0.10125926,-0.15318555,-0.16129288,-0.18052857,-0.19446099,-0.12119022,-0.14730969,-0.11375211,-0.08028354,-0.14261249,-0.20725825,-0.16047019,-0.125103,-0.15657571,-0.15690626,-0.1432548,-0.19202894,-0.16232333,-0.18205434,-0.2963242,-0.19545105,-0.18058276,-0.17130746,-0.19227438,-0.15699703,-0.14054683,-0.13016407,-0.12557748,-0.13813798,-0.16246274,-0.30584824,-0.16639227,-0.18093105,-0.19216496,-0.11441202,-0.15069446,-0.14035422,-0.17772987,-0.16661268,-0.16442841,-0.14331086,-0.18237996,-0.12769309,-0.15303195,-0.13662782,-0.24156228,-0.17890272,-0.10309762,-0.13498273,-0.14199902,-0.17426968,-0.110186085,-0.13444948,-0.15262415,-0.15966284,-0.18134752,-0.15428326,-0.14897391,-0.19184028,-0.17492555,-0.16426164,-0.14723541,-0.14623587,-0.11499533,-0.10471026,-0.13502032,-0.20148799,-0.17688644,-0.12513243,-0.16543403,-0.18041904,-0.18738703,-0.11705899,-0.17683782,-0.25740975,-0.09243553,-0.09227069,-0.11453265,-0.13592304,-0.1477913,-0.09828459,-0.18903384
k__Bacteria|p__Firmicutes|c__Negativicutes|o__Veillonellales|f__Veillonellaceae|g__Megasphaera|s__Megasphaera_vaginalis,-0.1004395,-0.12316422,-0.1420151,-0.20428483,-0.16720848,-0.19375099,-0.1666669,-0.14521307,-0.12513626,-0.18356472,-0.18309173,-0.22866851,-0.16898887,-0.205592,-0.10327207,-0.09960922,-0.058144663,-0.09973243,-0.1080804,-0.17101236,-0.1978925,-0.12536043,-0.13637489,-0.15242395,-0.17171854,-0.11658599,-0.16734275,-0.17393324,-0.1509206,-0.12124001,-0.13518229,-0.10598011,-0.14855017,-0.19593267,-0.18927625,-0.2175087,-0.16135496,-0.22338755,-0.19763929,-0.29867563,-0.29210672,-0.198558,-0.107322946,-0.09162698,-0.13691942,-0.1551511,-0.23188588,-0.19378087,-0.1467387,-0.2026537,-0.18388288,-0.18279888,-0.19779608,-0.19928057,-0.20455302,-0.15720451,-0.12592225,-0.14390844,-0.09235574,-0.0959263,-0.17132457,-0.1424357,-0.13743341,-0.14708494,-0.12719077,-0.15140182,-0.2613474,-0.22333384,-0.18902978,-0.20047067,-0.14581132,-0.14931759,-0.13106422,-0.14293158,-0.15076727,-0.16404542,-0.1467069,-0.16278498,-0.1595509,-0.14998752,-0.14727128,-0.15732723,-0.1533511,-0.22480208,-0.120334074,-0.1416296,-0.11856273,-0.16095144,-0.17416134,-0.15595657,-0.16817257,-0.11139822,-0.1388583,-0.13027036,-0.12867388,-0.15152657,-0.14245486,-0.11549403,-0.10065024,-0.09061591,-0.10556166,-0.120650455,-0.13515452,-0.15027548,-0.16036077,-0.1185138,-0.11129953,-0.1578567,-0.17738779,-0.1339912,-0.164552,-0.25953975,-0.1488322,-0.13286957,-0.14192104,-0.15095688,-0.17780018,-0.16394605,-0.22917573,-0.09015879,-0.11022769,-0.134922,-0.1298341,-0.13997786,-0.17383753,-0.13908121,-0.16057305,-0.12777606,-0.07092635,-0.03704006,-0.13718414,-0.16219634,-0.17887652,-0.14332479,-0.12334781,-0.13574418,-0.12023825,-0.13847052,-0.25318068,-0.26654312,-0.083678186,-0.10945694,-0.14451523,-0.09238048,-0.18774934,-0.19039257,-0.15300101,-0.09048333,-0.13230102,-0.14967075,-0.15046877,-0.15913242,-0.17067271,-0.183727,-0.08816487,-0.123909935,-0.14142191,-0.10256614,-0.17951453,-0.19495486,-0.19130476,-0.10030014,-0.13113372,-0.080159195,-0.12802759,-0.19006202,-0.19346948,-0.1918323,-0.12348892,-0.075550914,-0.097342096,-0.11872257,-0.13661008,-0.12406494,-0.121451,-0.09477317,-0.09680213,-0.108600214,-0.082459606,-0.11291088,-0.13221744,-0.16703795,-0.1410757,-0.13654755,-0.18093297,-0.17825818,-0.19447172,-0.14489824,-0.15549555,-0.1356447,-0.119081676,-0.14001076,-0.19117098,-0.19148329,-0.18173228,-0.19755594,-0.25103784,-0.20219928,-0.1901475,-0.19128606,-0.1826281,-0.17421538,-0.27554205,-0.08916744,-0.11956477,-0.12797958,-0.15751183,-0.20931396,-0.18224281,-0.29657933,-0.32474133,-0.1531067,-0.3242122,-0.17325558,-0.17108874,-0.2185038,-0.17647925,-0.114121355,-0.14006293,-0.15388772,-0.15788373,-0.22984435,-0.18186735,-0.25787804,-0.10462257,-0.12455491,-0.13853495,-0.12424842,-0.15189947,-0.15499574,-0.15614595,-0.14014931,-0.15141064,-0.16312194,-0.15542915,-0.15365022,-0.15330766,-0.1340602,-0.12318503,-0.14637807,-0.19031712,-0.17711061,-0.21025829,-0.3990198,-0.2028046,-0.11354412,-0.1296617,-0.11861971,-0.14802104,-0.16636807,-0.18651256,-0.1917538,-0.13179219,-0.07690957,-0.15316366,-0.13991603,-0.14106366,-0.118074365,-0.19987361,-0.1649412,-0.1588043,-0.141854,-0.12366641,-0.12722544,-0.14610182,-0.2588673,-0.107522726,-0.13074079,-0.09132757,-0.12832497,-0.12920853,-0.14980015,-0.15174511,-0.096437275,-0.08910369,-0.124439165,-0.11070314,-0.13801841,-0.15087666,-0.1704642,-0.14306226,-0.11645877,-0.17396781,-0.15191352,-0.1424178,-0.12562817,-0.14188507,-0.17466888,-0.13176009,-0.13242847,-0.14577834,-0.12302674,-0.08722703,-0.05825615,-0.14354858,-0.17082691,-0.026243303,-0.16690104,-0.2829064,-0.31316653,-0.19859812,-0.14580807,-0.14331596,-0.14862512,-0.12963767,-0.25088155,-0.194057,-0.18867981,-0.094811484,-0.10942985,-0.10702289,-0.09395984,-0.12759323,-0.15300679,-0.15746465,-0.16713545,-0.12812386,-0.0969081,-0.16398169,-0.1435785,-0.11335766,-0.18846886,-0.1706479,-0.1541142,-0.12591198,-0.115196005,-0.11316276,-0.11662802,-0.17587183,-0.1385937,-0.13445991,-0.096878245,-0.12122888,-0.09182859,-0.12434345,-0.13574746,-0.063823454,-0.13877153,-0.11419349,-0.13400754,-0.24483351,-0.2571875,-0.29957527,-0.14640337,-0.15687317,-0.13245842,-0.19104545,-0.0782174,-0.17257549,-0.16431768,-0.09859173,-0.11065883,-0.11450889,-0.076612435,-0.083404,-0.1213824,-0.13072303,-0.13855581,-0.19385117,-0.09943366,-0.15594241,-0.19487974,-0.19125207,-0.18707637,-0.11139046,-0.1430492,-0.10304837,-0.15930241,-0.19437684,-0.17290601,-0.16918086,-0.14293495,-0.1426387,-0.10218479,-0.15337735,-0.16160367,-0.18109253,-0.19520772,-0.12133531,-0.14727446,-0.113824256,-0.080194056,-0.14351061,-0.20725825,-0.16094877,-0.125103,-0.15657571,-0.15690626,-0.1437808,-0.19202894,-0.16274631,-0.18200597,-0.2963242,-0.19889355,-0.18126673,-0.17166643,-0.19327945,-0.15762883,-0.14054683,-0.13051656,-0.12557748,-0.13843894,-0.16396919,-0.30584824,-0.1670031,-0.18115032,-0.19278894,-0.11441202,-0.15062207,-0.14070012,-0.17817934,-0.16700631,-0.16456825,-0.14331086,-0.18237996,-0.12866741,-0.15359806,-0.13813242,-0.24156228,-0.17956153,-0.10343914,-0.13536675,-0.14201476,-0.17449552,-0.110504195,-0.13470219,-0.15213028,-0.16001104,-0.18195817,-0.15424329,-0.14934346,-0.19184028,-0.17558794,-0.1640167,-0.14723541,-0.14623587,-0.11499533,-0.10471026,-0.13526352,-0.20148799,-0.17711014,-0.12513243,-0.16583315,-0.18041904,-0.18738703,-0.11705899,-0.17628856,-0.25957745,-0.09274465,-0.09238236,-0.11499069,-0.13610765,-0.14814338,-0.09875749,-0.1889946
k__Bacteria|p__Firmicutes|c__Bacilli|o__Bacillales|f__Staphylococcaceae|g__Staphylococcus|s__Staphylococcus_simulans,-0.1004395,-0.12316422,-0.14110982,-0.20428483,-0.16692188,-0.193789,-0.1666669,-0.14536364,-0.12479195,-0.1839064,-0.18293545,-0.2235497,-0.16867645,-0.20472243,-0.10322066,-0.09908317,-0.058144663,-0.09981085,-0.10754284,-0.17099568,-0.1978925,-0.12536043,-0.13646065,-0.1527923,-0.1716257,-0.11658599,-0.16754656,-0.17451838,-0.1509206,-0.12124001,-0.13529263,-0.10545449,-0.14837596,-0.19571957,-0.18954533,-0.2175087,-0.16073243,-0.22338755,-0.19695571,-0.29867563,-0.29210672,-0.19835013,-0.10744912,-0.09162698,-0.13691942,-0.15481171,-0.23188588,-0.19366394,-0.14697021,-0.2026537,-0.18392152,-0.18279888,-0.19696268,-0.19774872,-0.20258367,-0.15810871,-0.12586564,-0.14403473,-0.092380986,-0.09553651,-0.17166826,-0.14271942,-0.13743341,-0.1471285,-0.12719077,-0.15122193,-0.2613474,-0.22333384,-0.18902206,-0.20047067,-0.14612234,-0.14947702,-0.13076869,-0.1426719,-0.15134129,-0.1645635,-0.14735964,-0.16278498,-0.15932205,-0.14998752,-0.14729717,-0.15702659,-0.15341483,-0.22480208,-0.120334074,-0.14155592,-0.11816454,-0.16146742,-0.1744852,-0.15546075,-0.16848403,-0.11139822,-0.1388583,-0.13027036,-0.12884995,-0.15152657,-0.14272602,-0.1156403,-0.10065024,-0.09023162,-0.10552643,-0.120655596,-0.13515197,-0.15027548,-0.16081628,-0.1185138,-0.11129953,-0.1578567,-0.17738779,-0.1338999,-0.16345793,-0.25953975,-0.14877494,-0.13248017,-0.14144045,-0.15095688,-0.17780018,-0.16342552,-0.22917573,-0.09015879,-0.10994467,-0.13478391,-0.12968425,-0.13997786,-0.17367694,-0.13908121,-0.16057305,-0.12777606,-0.07092635,-0.03704006,-0.13693854,-0.16245714,-0.17917791,-0.14332479,-0.12334781,-0.13583425,-0.12023825,-0.13836545,-0.25318068,-0.26654312,-0.083550945,-0.10945694,-0.14496103,-0.09238048,-0.1877999,-0.19023222,-0.15280974,-0.09028675,-0.13230102,-0.14953655,-0.15030424,-0.1590829,-0.17067279,-0.18453085,-0.087707475,-0.12386745,-0.14141642,-0.10256614,-0.17951453,-0.19495486,-0.19166459,-0.10017234,-0.13113372,-0.079279386,-0.12760517,-0.19006202,-0.19357394,-0.1918697,-0.123876885,-0.07537827,-0.09721416,-0.118298724,-0.13656756,-0.12406494,-0.121451,-0.09452931,-0.096512884,-0.10854397,-0.082459606,-0.11283535,-0.13243803,-0.16759992,-0.1410757,-0.13618529,-0.18093297,-0.17825818,-0.1941425,-0.14472751,-0.15549555,-0.13565442,-0.119081676,-0.14001076,-0.19117098,-0.1911245,-0.18138199,-0.19755594,-0.25103784,-0.20219928,-0.19026166,-0.19092204,-0.1825172,-0.17365861,-0.27554205,-0.08916744,-0.11956477,-0.12767068,-0.15751183,-0.20931396,-0.18224281,-0.29657933,-0.32474133,-0.1505855,-0.3242122,-0.17325558,-0.17108874,-0.2185038,-0.17647925,-0.114121355,-0.13971075,-0.15388772,-0.15788373,-0.22984435,-0.18186735,-0.25504854,-0.10438551,-0.12455491,-0.13856897,-0.12424658,-0.15189947,-0.1554999,-0.15689412,-0.14014931,-0.15141064,-0.16366209,-0.15529558,-0.15383545,-0.15303522,-0.13391335,-0.12308344,-0.14628248,-0.1906789,-0.17715776,-0.21025829,-0.3990198,-0.20109347,-0.11351374,-0.1296617,-0.118617155,-0.14793153,-0.16636807,-0.187197,-0.19185153,-0.13153806,-0.07669769,-0.1534127,-0.13983709,-0.14106366,-0.11820611,-0.19987361,-0.1649412,-0.15855423,-0.14141896,-0.123463266,-0.12722544,-0.14610182,-0.2588673,-0.107195355,-0.13074079,-0.09132757,-0.12832497,-0.12939408,-0.14981854,-0.15236238,-0.09640092,-0.08910369,-0.12438352,-0.11041254,-0.13781318,-0.15085253,-0.17069793,-0.14312512,-0.11635262,-0.17404729,-0.15194902,-0.14250895,-0.12523887,-0.14248627,-0.17466888,-0.13176009,-0.13241306,-0.14584434,-0.123085395,-0.08722703,-0.05825615,-0.14360508,-0.17082691,-0.026243303,-0.16620094,-0.2829064,-0.31316653,-0.19784704,-0.14585166,-0.14331596,-0.14862512,-0.12963767,-0.25088155,-0.1939927,-0.18906978,-0.09465429,-0.10944599,-0.10702289,-0.09398733,-0.12759323,-0.15287815,-0.15746465,-0.16724615,-0.12812386,-0.0969081,-0.16398169,-0.14407277,-0.11335766,-0.18846886,-0.1706479,-0.15400067,-0.12597656,-0.115196005,-0.11294169,-0.11662802,-0.17654529,-0.13870147,-0.1346901,-0.096878245,-0.1210245,-0.09179509,-0.12434345,-0.13614312,-0.063823454,-0.13877153,-0.11419349,-0.13370755,-0.24483351,-0.2571875,-0.29957527,-0.14632984,-0.15689412,-0.13224205,-0.19104545,-0.0782174,-0.17273615,-0.16439316,-0.09859173,-0.11065883,-0.11495156,-0.076612435,-0.083404,-0.1213824,-0.13072303,-0.13855581,-0.19385117,-0.09922461,-0.15565565,-0.19487974,-0.1911535,-0.18706766,-0.1113563,-0.14302176,-0.10330514,-0.15985307,-0.1940682,-0.17335705,-0.16906565,-0.1429233,-0.14265901,-0.10137249,-0.15324372,-0.16151425,-0.1809079,-0.19507578,-0.12140822,-0.14764318,-0.11386054,-0.07997729,-0.14270914,-0.20725825,-0.1612244,-0.125103,-0.15657571,-0.15690626,-0.14350533,-0.19202894,-0.16269678,-0.18257535,-0.2963242,-0.19691679,-0.18057927,-0.17125031,-0.19279516,-0.15719861,-0.14054683,-0.1304361,-0.12557748,-0.13839,-0.16294801,-0.30584824,-0.16678958,-0.18152422,-0.19275564,-0.11441202,-0.15064651,-0.14045928,-0.17808595,-0.16701089,-0.16488782,-0.14331086,-0.18237996,-0.12821805,-0.15317231,-0.13696674,-0.24156228,-0.17952895,-0.10326603,-0.13502645,-0.14221992,-0.17486082,-0.11024721,-0.13450795,-0.15283747,-0.16026613,-0.18177344,-0.15456365,-0.14923403,-0.19184028,-0.17549534,-0.16478625,-0.14723541,-0.14623587,-0.11499533,-0.10471026,-0.13488717,-0.20148799,-0.1776258,-0.12513243,-0.16542113,-0.18041904,-0.18738703,-0.11705899,-0.17747948,-0.25906664,-0.09253888,-0.09226135,-0.114633575,-0.13607106,-0.1480565,-0.09830583,-0.18943854
k__Bacteria|p__Firmicutes|c__Bacilli|o__Lactobacillales|f__Enterococcaceae|g__Enterococcus|s__Enterococcus_hulanensis,-0.1004395,-0.12316422,-0.14072005,-0.20428483,-0.1665722,-0.19287084,-0.1666669,-0.1455385,-0.12478116,-0.18437889,-0.18221462,-0.21825428,-0.16783549,-0.20177066,-0.10292858,-0.09850091,-0.058144663,-0.10057459,-0.10750989,-0.17101613,-0.1978925,-0.12536043,-0.13691068,-0.15322879,-0.17125687,-0.11658599,-0.16782603,-0.17460635,-0.1509206,-0.12124001,-0.13550612,-0.10497689,-0.14846557,-0.19466674,-0.18917134,-0.2175087,-0.1600054,-0.22338755,-0.19563118,-0.29867563,-0.29210672,-0.19716471,-0.10728214,-0.09162698,-0.13691942,-0.1548203,-0.23188588,-0.19327098,-0.14664233,-0.2026537,-0.18321924,-0.18279888,-0.19605899,-0.19623856,-0.20104468,-0.15883693,-0.1259268,-0.14400306,-0.09280798,-0.095672265,-0.17177825,-0.14304379,-0.13743341,-0.14710541,-0.12719077,-0.1511203,-0.2613474,-0.22333384,-0.18849039,-0.20047067,-0.1462837,-0.1495466,-0.13064408,-0.14284423,-0.15187284,-0.16495508,-0.14740863,-0.16278498,-0.1588165,-0.14998752,-0.14773627,-0.15675318,-0.15362254,-0.22480208,-0.120334074,-0.14172499,-0.118347324,-0.16181241,-0.17448254,-0.15516913,-0.16862145,-0.11139822,-0.1388583,-0.13027036,-0.1292294,-0.15152657,-0.14321241,-0.11597745,-0.10065024,-0.09036035,-0.10568264,-0.12067981,-0.13525432,-0.15027548,-0.16096109,-0.1185138,-0.11129953,-0.1578567,-0.17738779,-0.13374746,-0.16306718,-0.25953975,-0.14870505,-0.13232848,-0.14138433,-0.15095688,-0.17780018,-0.16262358,-0.22917573,-0.09015879,-0.1104949,-0.13485456,-0.12972096,-0.13997786,-0.17336747,-0.13908121,-0.16057305,-0.12777606,-0.07092635,-0.03704006,-0.1371822,-0.1625779,-0.1792478,-0.14332479,-0.12334781,-0.13581613,-0.12023825,-0.13873129,-0.25318068,-0.26654312,-0.08373025,-0.10945694,-0.14518413,-0.09238048,-0.18778759,-0.18989217,-0.15269548,-0.09042145,-0.13230102,-0.14964421,-0.15027642,-0.15902826,-0.17053236,-0.18455467,-0.087635174,-0.12392177,-0.14116505,-0.10256614,-0.17951453,-0.19495486,-0.1910569,-0.10040271,-0.13113372,-0.079220384,-0.127862,-0.19006202,-0.19298725,-0.19131398,-0.124253586,-0.0752419,-0.09713044,-0.11822455,-0.13675791,-0.12406494,-0.121451,-0.0944794,-0.09633215,-0.10855496,-0.082459606,-0.11290149,-0.13271663,-0.16771507,-0.1410757,-0.1362205,-0.18093297,-0.17825818,-0.19311811,-0.14454755,-0.15549555,-0.1356973,-0.119081676,-0.14001076,-0.19117098,-0.1900801,-0.18081999,-0.19755594,-0.25103784,-0.20219928,-0.18995088,-0.19046569,-0.18215829,-0.17313136,-0.27554205,-0.08916744,-0.11956477,-0.12790133,-0.15751183,-0.20931396,-0.18224281,-0.29657933,-0.32474133,-0.1502378,-0.3242122,-0.17325558,-0.17108874,-0.2185038,-0.17647925,-0.114121355,-0.13966537,-0.15388772,-0.15788373,-0.22984435,-0.18186735,-0.24949014,-0.104424715,-0.12455491,-0.13885756,-0.12457158,-0.15189947,-0.15579945,-0.15707974,-0.14014931,-0.15141064,-0.16396205,-0.15527032,-0.1538539,-0.15282129,-0.13369064,-0.12334965,-0.14647628,-0.19088027,-0.17667198,-0.21025829,-0.3990198,-0.19962205,-0.11356869,-0.1296617,-0.118665636,-0.1483123,-0.16636807,-0.18732625,-0.19125666,-0.13169208,-0.07660772,-0.15365958,-0.13985972,-0.14106366,-0.11908527,-0.19987361,-0.1649412,-0.15824983,-0.14109139,-0.12364053,-0.12722544,-0.14610182,-0.2588673,-0.10723236,-0.13074079,-0.09132757,-0.12832497,-0.1299383,-0.15010083,-0.15264122,-0.09649199,-0.08910369,-0.12457317,-0.110532,-0.13794462,-0.1509895,-0.17058256,-0.1431928,-0.11671856,-0.17413262,-0.15201725,-0.14285095,-0.12506427,-0.14291558,-0.17466888,-0.13176009,-0.13243106,-0.14597628,-0.12300016,-0.08722703,-0.05825615,-0.14370203,-0.17082691,-0.026243303,-0.16531658,-0.2829064,-0.31316653,-0.1963545,-0.14591698,-0.14331596,-0.14862512,-0.12963767,-0.25088155,-0.19300202,-0.18862034,-0.094891906,-0.10956058,-0.10702289,-0.09431787,-0.12759323,-0.15304838,-0.15746465,-0.16696279,-0.12812386,-0.0969081,-0.16398169,-0.14469227,-0.11335766,-0.18846886,-0.1706479,-0.15381363,-0.12596521,-0.115196005,-0.11303437,-0.11662802,-0.17651287,-0.13878481,-0.13459,-0.096878245,-0.12088944,-0.09215497,-0.12434345,-0.13674209,-0.063823454,-0.13877153,-0.11419349,-0.13395125,-0.24483351,-0.2571875,-0.29957527,-0.14621106,-0.15686713,-0.13227999,-0.19104545,-0.0782174,-0.1720176,-0.16463467,-0.09859173,-0.11065883,-0.11561892,-0.076612435,-0.083404,-0.1213824,-0.13072303,-0.13855581,-0.19385117,-0.09904301,-0.1556513,-0.19487974,-0.19061728,-0.18659386,-0.11151837,-0.14316025,-0.10345649,-0.1602111,-0.19319986,-0.17352109,-0.16877657,-0.14291206,-0.14248037,-0.10117862,-0.15342505,-0.16150038,-0.18047339,-0.19412908,-0.12156548,-0.14781785,-0.11393958,-0.08033289,-0.14291026,-0.20725825,-0.16089375,-0.125103,-0.15657571,-0.15690626,-0.14327651,-0.19202894,-0.1626125,-0.18258867,-0.2963242,-0.19368924,-0.18031569,-0.171112,-0.19201016,-0.15704814,-0.14054683,-0.13041964,-0.12557748,-0.1382313,-0.16250283,-0.30584824,-0.1664989,-0.18136433,-0.19208002,-0.11441202,-0.15113315,-0.14055142,-0.17794949,-0.16696444,-0.16476585,-0.14331086,-0.18237996,-0.12780547,-0.15324241,-0.13672823,-0.24156228,-0.17874017,-0.103382245,-0.1351555,-0.14241937,-0.17483515,-0.11030329,-0.1346995,-0.15332294,-0.16015136,-0.18124557,-0.15476799,-0.1492855,-0.19184028,-0.17510647,-0.16503468,-0.14723541,-0.14623587,-0.11499533,-0.10471026,-0.13520688,-0.20148799,-0.17744546,-0.12513243,-0.1649726,-0.18041904,-0.18738703,-0.11705899,-0.17779168,-0.25563765,-0.09246027,-0.09245626,-0.11461533,-0.13619456,-0.14801365,-0.098344095,-0.1892376
k__Bacteria|p__Firmicutes|c__Negativicutes|o__Veillonellales|f__Veillonellaceae|g__Veillonellaceae_unclassified|s__Veillonellaceae_bacterium,-0.1004395,-0.12316422,-0.14200927,-0.20428483,-0.16710982,-0.1936131,-0.1666669,-0.14504942,-0.12543704,-0.18375292,-0.1834847,-0.22193672,-0.17039694,-0.2017355,-0.10290934,-0.09870922,-0.058144663,-0.09922233,-0.10790884,-0.17102855,-0.1978925,-0.12536043,-0.13645624,-0.15239239,-0.17158803,-0.11658599,-0.16782394,-0.17381136,-0.1509206,-0.12124001,-0.13528192,-0.10567093,-0.14861165,-0.19545451,-0.18914336,-0.2175087,-0.16126756,-0.22338755,-0.19712213,-0.29867563,-0.29210672,-0.19762203,-0.10674961,-0.09162698,-0.13691942,-0.1552591,-0.23188588,-0.19388212,-0.1465975,-0.2026537,-0.1842692,-0.18279888,-0.19721703,-0.19847873,-0.2026009,-0.15733367,-0.12566978,-0.14365289,-0.09215517,-0.09561051,-0.17130253,-0.14249364,-0.13743341,-0.14698617,-0.12719077,-0.15162525,-0.2613474,-0.22333384,-0.18873796,-0.20047067,-0.14552417,-0.14931151,-0.13074222,-0.14278993,-0.1504643,-0.16385873,-0.14666295,-0.16278498,-0.1595877,-0.14998752,-0.1475075,-0.15731,-0.15344915,-0.22480208,-0.120334074,-0.14165142,-0.1184732,-0.16080576,-0.1740028,-0.15608406,-0.16840053,-0.11139822,-0.1388583,-0.13027036,-0.12873918,-0.15152657,-0.14308587,-0.11555265,-0.10065024,-0.09045857,-0.10525537,-0.12023384,-0.1349503,-0.15027548,-0.16037315,-0.1185138,-0.11129953,-0.1578567,-0.17738779,-0.1334773,-0.16482122,-0.25953975,-0.14886652,-0.1328913,-0.14182314,-0.15095688,-0.17780018,-0.16386479,-0.22917573,-0.09015879,-0.11044872,-0.13485768,-0.12970075,-0.13997786,-0.17401026,-0.13908121,-0.16057305,-0.12777606,-0.07092635,-0.03704006,-0.13715857,-0.16219729,-0.17900959,-0.14332479,-0.12334781,-0.13590449,-0.12023825,-0.13845897,-0.25318068,-0.26654312,-0.08331998,-0.10945694,-0.14431772,-0.09238048,-0.18804249,-0.19035947,-0.1532817,-0.09013498,-0.13230102,-0.1498141,-0.15046343,-0.15902746,-0.17069006,-0.1835814,-0.08783106,-0.1235602,-0.140728,-0.10256614,-0.17951453,-0.19495486,-0.19099125,-0.10012062,-0.13113372,-0.07935862,-0.12806022,-0.19006202,-0.19321652,-0.19174573,-0.12318851,-0.07519617,-0.096866615,-0.11851969,-0.13661519,-0.12406494,-0.121451,-0.09427468,-0.09649977,-0.1083325,-0.082459606,-0.11271766,-0.1322405,-0.16688195,-0.1410757,-0.13674495,-0.18093297,-0.17825818,-0.19420643,-0.14481178,-0.15549555,-0.13541822,-0.119081676,-0.14001076,-0.19117098,-0.19098046,-0.18164003,-0.19755594,-0.25103784,-0.20219928,-0.19061069,-0.1915184,-0.18281284,-0.17422129,-0.27554205,-0.08916744,-0.11956477,-0.12834477,-0.15751183,-0.20931396,-0.18224281,-0.29657933,-0.32474133,-0.15548664,-0.3242122,-0.17325558,-0.17108874,-0.2185038,-0.17647925,-0.114121355,-0.14024669,-0.15388772,-0.15788373,-0.22984435,-0.18186735,-0.2546697,-0.1043146,-0.12455491,-0.13866837,-0.12425543,-0.15189947,-0.15489683,-0.15599301,-0.14014931,-0.15141064,-0.16299893,-0.15553154,-0.15358064,-0.15334351,-0.13397501,-0.12331642,-0.14669158,-0.19035316,-0.17706856,-0.21025829,-0.3990198,-0.20235877,-0.1133236,-0.1296617,-0.11814476,-0.14833224,-0.16636807,-0.18641585,-0.19176601,-0.13187423,-0.076630116,-0.15303285,-0.13997686,-0.14106366,-0.11812492,-0.19987361,-0.1649412,-0.15908775,-0.14173564,-0.12371674,-0.12722544,-0.14610182,-0.2588673,-0.107273504,-0.13074079,-0.09132757,-0.12832497,-0.12921304,-0.15008304,-0.1516687,-0.09604585,-0.08910369,-0.1242857,-0.11057281,-0.13797438,-0.15101863,-0.17031808,-0.14304087,-0.11674614,-0.17392851,-0.15210241,-0.14239219,-0.12553924,-0.14199325,-0.17466888,-0.13176009,-0.13238746,-0.14580742,-0.12284115,-0.08722703,-0.05825615,-0.14360768,-0.17082691,-0.026243303,-0.16664365,-0.2829064,-0.31316653,-0.19827606,-0.14572729,-0.14331596,-0.14862512,-0.12963767,-0.25088155,-0.1935592,-0.18853664,-0.09479521,-0.109088294,-0.10702289,-0.0934374,-0.12759323,-0.15332504,-0.15746465,-0.16702673,-0.12812386,-0.0969081,-0.16398169,-0.14341703,-0.11335766,-0.18846886,-0.1706479,-0.15412301,-0.1257745,-0.115196005,-0.112927176,-0.11662802,-0.17580444,-0.13841382,-0.13412198,-0.096878245,-0.12093827,-0.09157677,-0.12434345,-0.13602011,-0.063823454,-0.13877153,-0.11419349,-0.1339964,-0.24483351,-0.2571875,-0.29957527,-0.14615065,-0.15680903,-0.13232622,-0.19104545,-0.0782174,-0.1722362,-0.16445976,-0.09859173,-0.11065883,-0.11468458,-0.076612435,-0.083404,-0.1213824,-0.13072303,-0.13855581,-0.19385117,-0.09879714,-0.15595132,-0.19487974,-0.19138569,-0.18703887,-0.11122547,-0.1430624,-0.102811135,-0.15902653,-0.19412369,-0.17240989,-0.16940363,-0.14283448,-0.1423764,-0.10204495,-0.153474,-0.1617178,-0.18128306,-0.19502293,-0.12116102,-0.14714153,-0.11385296,-0.08002777,-0.14338474,-0.20725825,-0.16078535,-0.125103,-0.15657571,-0.15690626,-0.14373967,-0.19202894,-0.16286328,-0.18208274,-0.2963242,-0.1982431,-0.18180968,-0.17195237,-0.19307423,-0.1578393,-0.14054683,-0.13032085,-0.12557748,-0.13839942,-0.16376837,-0.30584824,-0.16735429,-0.18118551,-0.19290917,-0.11441202,-0.1508282,-0.1406794,-0.17819637,-0.1670517,-0.16453648,-0.14331086,-0.18237996,-0.1286192,-0.15366429,-0.13807705,-0.24156228,-0.17961432,-0.10310538,-0.13552901,-0.14189276,-0.17427331,-0.11050995,-0.13480178,-0.15217322,-0.15962848,-0.18206446,-0.15402469,-0.14913543,-0.19184028,-0.17561412,-0.16403532,-0.14723541,-0.14623587,-0.11499533,-0.10471026,-0.1352979,-0.20148799,-0.17701092,-0.12513243,-0.16587876,-0.18041904,-0.18738703,-0.11705899,-0.17620595,-0.25839034,-0.092339545,-0.09212458,-0.114843056,-0.13597429,-0.14796978,-0.09865886,-0.18894877
k__Bacteria|p__Firmicutes|c__Clostridia|o__Eubacteriales|f__Eubacteriaceae|g__Eubacterium|s__Eubacterium_sp_AF22_9,-0.1004395,-0.12316422,-0.14116916,-0.20428483,-0.16754323,-0.19366771,-0.1666669,-0.14543873,-0.12490026,-0.18436977,-0.18323809,-0.2150914,-0.16904825,-0.2009219,-0.102422014,-0.09804234,-0.058144663,-0.09933926,-0.10742569,-0.17125425,-0.1978925,-0.12536043,-0.13671993,-0.15293315,-0.17155579,-0.11658599,-0.16820283,-0.17454453,-0.1509206,-0.12124001,-0.13546598,-0.104694545,-0.14852583,-0.19497295,-0.18909143,-0.2175087,-0.16168684,-0.22338755,-0.19682321,-0.29867563,-0.29210672,-0.19667687,-0.1067335,-0.09162698,-0.13691942,-0.15533462,-0.23188588,-0.19417498,-0.14654084,-0.2026537,-0.18541929,-0.18279888,-0.19634765,-0.1962893,-0.19896802,-0.15823197,-0.12552938,-0.14380445,-0.09212792,-0.09508564,-0.1718396,-0.14285502,-0.13743341,-0.14717698,-0.12719077,-0.15177453,-0.2613474,-0.22333384,-0.1892972,-0.20047067,-0.1459284,-0.14954418,-0.1302399,-0.14248708,-0.15092188,-0.16473968,-0.14730537,-0.16278498,-0.16004315,-0.14998752,-0.14765948,-0.15722895,-0.15358528,-0.22480208,-0.120334074,-0.14168541,-0.118107505,-0.16157395,-0.17461134,-0.15578179,-0.16869889,-0.11139822,-0.1388583,-0.13027036,-0.12872747,-0.15152657,-0.1432478,-0.11559857,-0.10065024,-0.08969906,-0.104918145,-0.12013902,-0.13497902,-0.15027548,-0.1608732,-0.1185138,-0.11129953,-0.1578567,-0.17738779,-0.13346758,-0.16364509,-0.25953975,-0.14908372,-0.13239951,-0.14122567,-0.15095688,-0.17780018,-0.1638684,-0.22917573,-0.09015879,-0.110373996,-0.13474464,-0.12933746,-0.13997786,-0.17401746,-0.13908121,-0.16057305,-0.12777606,-0.07092635,-0.03704006,-0.13716713,-0.16236088,-0.17959386,-0.14332479,-0.12334781,-0.13600299,-0.12023825,-0.13807431,-0.25318068,-0.26654312,-0.08287332,-0.10945694,-0.14440648,-0.09238048,-0.1882959,-0.19013903,-0.15269949,-0.0897191,-0.13230102,-0.14984132,-0.1503925,-0.15911625,-0.17078036,-0.18421797,-0.08712873,-0.12365721,-0.14110787,-0.10256614,-0.17951453,-0.19495486,-0.1912696,-0.09966761,-0.13113372,-0.07759856,-0.12724626,-0.19006202,-0.19323468,-0.19180256,-0.12376632,-0.07468435,-0.096491665,-0.11789328,-0.13644311,-0.12406494,-0.121451,-0.093802355,-0.095852464,-0.10788224,-0.082459606,-0.11223781,-0.1321691,-0.1676231,-0.1410757,-0.13655129,-0.18093297,-0.17825818,-0.19380456,-0.14439991,-0.15549555,-0.13534446,-0.119081676,-0.14001076,-0.19117098,-0.19093505,-0.1816211,-0.19755594,-0.25103784,-0.20219928,-0.19090618,-0.19137575,-0.18259384,-0.17372148,-0.27554205,-0.08916744,-0.11956477,-0.12790835,-0.15751183,-0.20931396,-0.18224281,-0.29657933,-0.32474133,-0.1536193,-0.3242122,-0.17325558,-0.17108874,-0.2185038,-0.17647925,-0.114121355,-0.14002025,-0.15388772,-0.15788373,-0.22984435,-0.18186735,-0.24945122,-0.10388282,-0.12455491,-0.13863578,-0.12400184,-0.15189947,-0.1554012,-0.15671092,-0.14014931,-0.15141064,-0.1636286,-0.15577029,-0.15387309,-0.15308878,-0.13347925,-0.12309705,-0.14669845,-0.1906985,-0.17701723,-0.21025829,-0.3990198,-0.19904715,-0.113149986,-0.1296617,-0.11788993,-0.14808382,-0.16636807,-0.1873308,-0.19187093,-0.13180944,-0.07570799,-0.1532113,-0.13978793,-0.14106366,-0.11866732,-0.19987361,-0.1649412,-0.15930693,-0.14114714,-0.12322424,-0.12722544,-0.14610182,-0.2588673,-0.10683672,-0.13074079,-0.09132757,-0.12832497,-0.1291908,-0.1501759,-0.15232217,-0.09576881,-0.08910369,-0.12399098,-0.11001325,-0.13783804,-0.15095639,-0.17054304,-0.14312446,-0.11650012,-0.17441985,-0.15202129,-0.14252204,-0.124923885,-0.14264634,-0.17466888,-0.13176009,-0.13218272,-0.14591943,-0.12256223,-0.08722703,-0.05825615,-0.14372925,-0.17082691,-0.026243303,-0.16684332,-0.2829064,-0.31316653,-0.19641557,-0.14592776,-0.14331596,-0.14862512,-0.12963767,-0.25088155,-0.19362228,-0.18892772,-0.09416498,-0.10904819,-0.10702289,-0.09269076,-0.12759323,-0.15329869,-0.15746465,-0.16746178,-0.12812386,-0.0969081,-0.16398169,-0.1439544,-0.11335766,-0.18846886,-0.1706479,-0.15427175,-0.1257269,-0.115196005,-0.11239994,-0.11662802,-0.17661509,-0.13851273,-0.13417469,-0.096878245,-0.12043252,-0.09114933,-0.12434345,-0.1365819,-0.063823454,-0.13877153,-0.11419349,-0.13374268,-0.24483351,-0.2571875,-0.29957527,-0.14622454,-0.15693852,-0.13177678,-0.19104545,-0.0782174,-0.17227253,-0.16463844,-0.09859173,-0.11065883,-0.11516022,-0.076612435,-0.083404,-0.1213824,-0.13072303,-0.13855581,-0.19385117,-0.09831917,-0.1559605,-0.19487974,-0.19131055,-0.18688428,-0.110981196,-0.14327705,-0.10270234,-0.15982285,-0.1938915,-0.17285655,-0.16907516,-0.14290975,-0.14246266,-0.10104703,-0.15328497,-0.16197455,-0.18114841,-0.19464594,-0.12108233,-0.14764771,-0.11382409,-0.07941942,-0.14253087,-0.20725825,-0.16130188,-0.125103,-0.15657571,-0.15690626,-0.14379495,-0.19202894,-0.16297135,-0.18264034,-0.2963242,-0.19600326,-0.18058065,-0.17150283,-0.19243497,-0.15723315,-0.14054683,-0.13012536,-0.12557748,-0.13816786,-0.16298999,-0.30584824,-0.16713808,-0.18125223,-0.19309857,-0.11441202,-0.15071416,-0.1406532,-0.178439,-0.16713968,-0.16497755,-0.14331086,-0.18237996,-0.12816176,-0.1535461,-0.13652438,-0.24156228,-0.1798842,-0.10272783,-0.13547966,-0.14191876,-0.17483866,-0.110046595,-0.13448757,-0.1527569,-0.16032332,-0.1821333,-0.15417874,-0.14902684,-0.19184028,-0.17575622,-0.16491273,-0.14723541,-0.14623587,-0.11499533,-0.10471026,-0.13477167,-0.20148799,-0.17771478,-0.12513243,-0.16657302,-0.18041904,-0.18738703,-0.11705899,-0.17722785,-0.25650156,-0.0918525,-0.09172675,-0.11437718,-0.13576959,-0.14776722,-0.097769864,-0.18941632
k__Bacteria|p__Firmicutes|c__Clostridia|o__Eubacteriales|f__Eubacteriaceae|g__Eubacteriaceae_unclassified|s__Eubacteriaceae_bacterium,-0.1004395,-0.12316422,-0.142241,-0.20428483,-0.167451,-0.19383794,-0.1666669,-0.14554821,-0.12554759,-0.18401599,-0.18411411,-0.22717912,-0.1687901,-0.20551084,-0.1034563,-0.0995383,-0.058144663,-0.099884786,-0.108059645,-0.17120956,-0.1978925,-0.12536043,-0.13658896,-0.152606,-0.17178144,-0.11658599,-0.16797411,-0.17429957,-0.1509206,-0.12124001,-0.13559416,-0.10609567,-0.14885688,-0.1961433,-0.18953194,-0.2175087,-0.1613366,-0.22338755,-0.19762628,-0.29867563,-0.29210672,-0.19844392,-0.107366756,-0.09162698,-0.13691942,-0.1555463,-0.23188588,-0.1941179,-0.1468491,-0.2026537,-0.1846396,-0.18279888,-0.19802351,-0.19892216,-0.20401604,-0.15709126,-0.12604666,-0.14402896,-0.09236115,-0.09582111,-0.17154846,-0.14266917,-0.13743341,-0.14732471,-0.12719077,-0.15158841,-0.2613474,-0.22333384,-0.18916261,-0.20047067,-0.14593485,-0.149553,-0.13108009,-0.14303124,-0.15070486,-0.1642515,-0.1468032,-0.16278498,-0.15994374,-0.14998752,-0.14750537,-0.15757251,-0.15358816,-0.22480208,-0.120334074,-0.14185639,-0.11869043,-0.16113314,-0.17432697,-0.1562609,-0.16858545,-0.11139822,-0.1388583,-0.13027036,-0.128849,-0.15152657,-0.14309993,-0.11577591,-0.10065024,-0.090842515,-0.105645105,-0.12065296,-0.135245,-0.15027548,-0.16070622,-0.1185138,-0.11129953,-0.1578567,-0.17738779,-0.13376968,-0.16463855,-0.25953975,-0.14911956,-0.13320081,-0.14212838,-0.15095688,-0.17780018,-0.16410197,-0.22917573,-0.09015879,-0.11057246,-0.13523358,-0.12998496,-0.13997786,-0.17434034,-0.13908121,-0.16057305,-0.12777606,-0.07092635,-0.03704006,-0.13751897,-0.16245285,-0.1792825,-0.14332479,-0.12334781,-0.13615802,-0.12023825,-0.13860428,-0.25318068,-0.26654312,-0.08370656,-0.10945694,-0.14462864,-0.09238048,-0.18824759,-0.19094262,-0.15357164,-0.09050442,-0.13230102,-0.15000936,-0.150787,-0.15933278,-0.17091596,-0.18375325,-0.08819328,-0.124030374,-0.14157897,-0.10256614,-0.17951453,-0.19495486,-0.19132675,-0.100397676,-0.13113372,-0.07987037,-0.12802213,-0.19006202,-0.19370103,-0.19210409,-0.12368883,-0.0755649,-0.09730227,-0.1188533,-0.13695621,-0.12406494,-0.121451,-0.0947736,-0.09694405,-0.108817756,-0.082459606,-0.11308558,-0.13252059,-0.16733572,-0.1410757,-0.13689019,-0.18093297,-0.17825818,-0.19460481,-0.1450611,-0.15549555,-0.13572949,-0.119081676,-0.14001076,-0.19117098,-0.19169198,-0.18207708,-0.19755594,-0.25103784,-0.20219928,-0.19065817,-0.19178881,-0.18303365,-0.17453083,-0.27554205,-0.08916744,-0.11956477,-0.12849976,-0.15751183,-0.20931396,-0.18224281,-0.29657933,-0.32474133,-0.15478688,-0.3242122,-0.17325558,-0.17108874,-0.2185038,-0.17647925,-0.114121355,-0.14046973,-0.15388772,-0.15788373,-0.22984435,-0.18186735,-0.257392,-0.10468553,-0.12455491,-0.13894098,-0.12442419,-0.15189947,-0.15525183,-0.15635556,-0.14014931,-0.15141064,-0.16329056,-0.15570249,-0.15389761,-0.15364021,-0.13431698,-0.12338551,-0.1467254,-0.19066645,-0.17771402,-0.21025829,-0.3990198,-0.20301437,-0.1137225,-0.1296617,-0.11870341,-0.148329,-0.16636807,-0.18684876,-0.19206385,-0.13217385,-0.07677876,-0.15322235,-0.14017351,-0.14106366,-0.11853582,-0.19987361,-0.1649412,-0.15934947,-0.14210752,-0.12394235,-0.12722544,-0.14610182,-0.2588673,-0.10762991,-0.13074079,-0.09132757,-0.12832497,-0.12938005,-0.1502437,-0.1519986,-0.09651872,-0.08910369,-0.124615476,-0.11084802,-0.1382151,-0.15125196,-0.17058899,-0.14331266,-0.11676889,-0.17434931,-0.1523734,-0.14264138,-0.12589082,-0.14212003,-0.17466888,-0.13176009,-0.13251048,-0.14610803,-0.12321538,-0.08722703,-0.05825615,-0.14396918,-0.17082691,-0.026243303,-0.16729386,-0.2829064,-0.31316653,-0.19897932,-0.14599308,-0.14331596,-0.14862512,-0.12963767,-0.25088155,-0.19405814,-0.18878788,-0.094968125,-0.109455705,-0.10702289,-0.09372586,-0.12759323,-0.1534834,-0.15746465,-0.16744047,-0.12812386,-0.0969081,-0.16398169,-0.14372998,-0.11335766,-0.18846886,-0.1706479,-0.15431854,-0.12601896,-0.115196005,-0.113118455,-0.11662802,-0.17622879,-0.13877572,-0.1345633,-0.096878245,-0.12140459,-0.09187989,-0.12434345,-0.13620278,-0.063823454,-0.13877153,-0.11419349,-0.1342026,-0.24483351,-0.2571875,-0.29957527,-0.14652622,-0.15709445,-0.13249499,-0.19104545,-0.0782174,-0.17268826,-0.16467771,-0.09859173,-0.11065883,-0.11491996,-0.076612435,-0.083404,-0.1213824,-0.13072303,-0.13855581,-0.19385117,-0.09912111,-0.15603295,-0.19487974,-0.19167717,-0.18730763,-0.11150058,-0.14344373,-0.1030201,-0.15930052,-0.19448698,-0.17296581,-0.16960622,-0.14319947,-0.14279678,-0.10233827,-0.15372877,-0.16198769,-0.1816234,-0.1956335,-0.12141047,-0.1475583,-0.11418121,-0.08021372,-0.14348572,-0.20725825,-0.16119862,-0.125103,-0.15657571,-0.15690626,-0.14406276,-0.19202894,-0.16301349,-0.18222132,-0.2963242,-0.1991193,-0.18184261,-0.17235538,-0.19367236,-0.15812682,-0.14054683,-0.13066483,-0.12557748,-0.13875273,-0.16383587,-0.30584824,-0.16759494,-0.18136483,-0.19321382,-0.11441202,-0.15093298,-0.14093052,-0.17849967,-0.16725627,-0.16475539,-0.14331086,-0.18237996,-0.12878747,-0.15384561,-0.13811168,-0.24156228,-0.18009111,-0.103444576,-0.13572204,-0.14213653,-0.17465624,-0.11064482,-0.13496827,-0.15240216,-0.16020317,-0.18249376,-0.15419926,-0.14928025,-0.19184028,-0.17583904,-0.16426596,-0.14723541,-0.14623587,-0.11499533,-0.10471026,-0.13537973,-0.20148799,-0.17731234,-0.12513243,-0.16653861,-0.18041904,-0.18738703,-0.11705899,-0.17628366,-0.2598174,-0.09279628,-0.09245032,-0.11513271,-0.13626719,-0.14831847,-0.09880644,-0.18929183
k__Bacteria|p__Firmicutes|c__Clostridia|o__Eubacteriales|f__Eubacteriaceae|g__Eubacteriaceae_unclassified|s__Eubacteriaceae_bacterium_CHKCI004,-0.1004395,-0.12316422,-0.14207432,-0.20428483,-0.1674891,-0.19449924,-0.1666669,-0.14539088,-0.12543842,-0.18433163,-0.18458003,-0.2214543,-0.17082752,-0.20335577,-0.10303898,-0.09870784,-0.058144663,-0.099135466,-0.1076553,-0.17158979,-0.1978925,-0.12536043,-0.13672161,-0.15284309,-0.17224571,-0.11658599,-0.16831966,-0.17456478,-0.1509206,-0.12124001,-0.13543299,-0.10559657,-0.1486887,-0.19651872,-0.18982989,-0.2175087,-0.16159254,-0.22338755,-0.19781825,-0.29867563,-0.29210672,-0.19851422,-0.106959805,-0.09162698,-0.13691942,-0.15547752,-0.23188588,-0.19476049,-0.14682755,-0.2026537,-0.18508446,-0.18279888,-0.19794741,-0.19899684,-0.20271131,-0.15828705,-0.1257934,-0.1441046,-0.09208795,-0.09543012,-0.17194642,-0.1430212,-0.13743341,-0.14735834,-0.12719077,-0.15204158,-0.2613474,-0.22333384,-0.18966232,-0.20047067,-0.14601648,-0.14976081,-0.13076785,-0.14304127,-0.1510757,-0.16469318,-0.14717105,-0.16278498,-0.16019532,-0.14998752,-0.14773533,-0.15764587,-0.15383145,-0.22480208,-0.120334074,-0.14188303,-0.11837679,-0.16155618,-0.17468874,-0.15630257,-0.16885072,-0.11139822,-0.1388583,-0.13027036,-0.12893966,-0.15152657,-0.14323458,-0.11564718,-0.10065024,-0.09022861,-0.10530333,-0.12049717,-0.13516909,-0.15027548,-0.16086975,-0.1185138,-0.11129953,-0.1578567,-0.17738779,-0.13391986,-0.16466735,-0.25953975,-0.14919175,-0.13289325,-0.14189339,-0.15095688,-0.17780018,-0.16435635,-0.22917573,-0.09015879,-0.110215686,-0.13501495,-0.1298602,-0.13997786,-0.17453241,-0.13908121,-0.16057305,-0.12777606,-0.07092635,-0.03704006,-0.13730612,-0.16262046,-0.17967454,-0.14332479,-0.12334781,-0.13626277,-0.12023825,-0.13839284,-0.25318068,-0.26654312,-0.08306374,-0.10945694,-0.14471741,-0.09238048,-0.18854612,-0.19089556,-0.15319608,-0.08988479,-0.13230102,-0.15003768,-0.1507646,-0.1594621,-0.17125055,-0.18450408,-0.087533705,-0.123922795,-0.14126386,-0.10256614,-0.17951453,-0.19495486,-0.19197384,-0.09989682,-0.13113372,-0.07884782,-0.12800838,-0.19006202,-0.19405985,-0.19241902,-0.12345669,-0.075090125,-0.096913174,-0.11853202,-0.13676839,-0.12406494,-0.121451,-0.09412572,-0.096416146,-0.10832366,-0.082459606,-0.112855725,-0.13253535,-0.16761504,-0.1410757,-0.13671188,-0.18093297,-0.17825818,-0.19498497,-0.14504564,-0.15549555,-0.1356503,-0.119081676,-0.14001076,-0.19117098,-0.1917429,-0.18217444,-0.19755594,-0.25103784,-0.20219928,-0.19102524,-0.19199947,-0.18329182,-0.17439619,-0.27554205,-0.08916744,-0.11956477,-0.128106,-0.15751183,-0.20931396,-0.18224281,-0.29657933,-0.32474133,-0.15403041,-0.3242122,-0.17325558,-0.17108874,-0.2185038,-0.17647925,-0.114121355,-0.14033364,-0.15388772,-0.15788373,-0.22984435,-0.18186735,-0.2557305,-0.104193464,-0.12455491,-0.13885042,-0.12426152,-0.15189947,-0.15551862,-0.1565545,-0.14014931,-0.15141064,-0.16364436,-0.15590441,-0.15402146,-0.15359282,-0.13405511,-0.12324722,-0.14695679,-0.19105121,-0.1776312,-0.21025829,-0.3990198,-0.20282543,-0.11337975,-0.1296617,-0.1184493,-0.14841601,-0.16636807,-0.18738717,-0.19252774,-0.1317594,-0.07645577,-0.15354219,-0.14006783,-0.14106366,-0.1180308,-0.19987361,-0.1649412,-0.15939127,-0.14178509,-0.1237883,-0.12722544,-0.14610182,-0.2588673,-0.10707249,-0.13074079,-0.09132757,-0.12832497,-0.129248,-0.1502798,-0.15218565,-0.09597431,-0.08910369,-0.12438506,-0.11049314,-0.1380507,-0.15126929,-0.17092995,-0.143299,-0.116558805,-0.17459014,-0.15236852,-0.14256606,-0.12559785,-0.14238721,-0.17466888,-0.13176009,-0.13251711,-0.14630106,-0.12301946,-0.08722703,-0.05825615,-0.14389712,-0.17082691,-0.026243303,-0.16705687,-0.2829064,-0.31316653,-0.19895482,-0.14602879,-0.14331596,-0.14862512,-0.12963767,-0.25088155,-0.19454795,-0.1893649,-0.09445692,-0.109269515,-0.10702289,-0.09352265,-0.12759323,-0.15353453,-0.15746465,-0.1677567,-0.12812386,-0.0969081,-0.16398169,-0.14389162,-0.11335766,-0.18846886,-0.1706479,-0.15440622,-0.12605074,-0.115196005,-0.112890616,-0.11662802,-0.17675793,-0.13870108,-0.13458034,-0.096878245,-0.12118617,-0.091392696,-0.12434345,-0.13618451,-0.063823454,-0.13877153,-0.11419349,-0.13389331,-0.24483351,-0.2571875,-0.29957527,-0.14648578,-0.15729432,-0.13243303,-0.19104545,-0.0782174,-0.17295195,-0.1649291,-0.09859173,-0.11065883,-0.11478551,-0.076612435,-0.083404,-0.1213824,-0.13072303,-0.13855581,-0.19385117,-0.09878607,-0.15622094,-0.19487974,-0.19196472,-0.18769708,-0.11111349,-0.14336847,-0.10300103,-0.1597444,-0.19503939,-0.17321022,-0.16973752,-0.14310764,-0.14281523,-0.101619676,-0.15368593,-0.16226913,-0.18170315,-0.1958627,-0.12128284,-0.14775452,-0.11391303,-0.079809345,-0.14319342,-0.20725825,-0.1612258,-0.125103,-0.15657571,-0.15690626,-0.14412776,-0.19202894,-0.16322242,-0.18282166,-0.2963242,-0.19850184,-0.18200988,-0.17227474,-0.19344306,-0.15801676,-0.14054683,-0.13042492,-0.12557748,-0.13871488,-0.16329452,-0.30584824,-0.1676805,-0.18198839,-0.19367339,-0.11441202,-0.1510469,-0.14084312,-0.17867914,-0.16759071,-0.16514997,-0.14331086,-0.18237996,-0.12857082,-0.1539486,-0.13768813,-0.24156228,-0.18015534,-0.10290252,-0.13564289,-0.14224114,-0.1750753,-0.11029276,-0.13486847,-0.15275338,-0.16026936,-0.18262446,-0.1545505,-0.14954701,-0.19184028,-0.17614627,-0.16476971,-0.14723541,-0.14623587,-0.11499533,-0.10471026,-0.1352481,-0.20148799,-0.17766479,-0.12513243,-0.16662325,-0.18041904,-0.18738703,-0.11705899,-0.1771678,-0.2601347,-0.092243314,-0.09197429,-0.11478649,-0.13620806,-0.1482952,-0.09830563,-0.18988928
k__Bacteria|p__Firmicutes|c__Clostridia|o__Eubacteriales|f__Clostridiaceae|g__Massilioclostridium|s__Massilioclostridium_coli,-0.1004395,-0.12316422,-0.14081989,-0.20428483,-0.16673326,-0.19304274,-0.1666669,-0.14549252,-0.124639064,-0.18427059,-0.18201715,-0.22064917,-0.16863273,-0.20291808,-0.10317013,-0.098774746,-0.058144663,-0.1002101,-0.107601166,-0.17074463,-0.1978925,-0.12536043,-0.13668872,-0.15292844,-0.17141208,-0.11658599,-0.16736534,-0.17434649,-0.1509206,-0.12124001,-0.1351333,-0.105348215,-0.14803296,-0.19542313,-0.18908788,-0.2175087,-0.16029924,-0.22338755,-0.19612624,-0.29867563,-0.29210672,-0.19742064,-0.107518084,-0.09162698,-0.13691942,-0.154644,-0.23188588,-0.19330025,-0.1468558,-0.2026537,-0.18388212,-0.18279888,-0.19638005,-0.19660896,-0.20183454,-0.15905629,-0.12590483,-0.14398906,-0.09260467,-0.095836,-0.1716997,-0.14273812,-0.13743341,-0.14701626,-0.12719077,-0.15101221,-0.2613474,-0.22333384,-0.1886617,-0.20047067,-0.14625975,-0.14949551,-0.13058585,-0.14270929,-0.15179956,-0.164912,-0.14743343,-0.16278498,-0.15898745,-0.14998752,-0.14736846,-0.15676066,-0.1533334,-0.22480208,-0.120334074,-0.14145736,-0.11824897,-0.16171657,-0.17456812,-0.15491918,-0.16825685,-0.11139822,-0.1388583,-0.13027036,-0.12912488,-0.15152657,-0.14277536,-0.11595693,-0.10065024,-0.090437025,-0.10582721,-0.120830566,-0.13523242,-0.15027548,-0.16075025,-0.1185138,-0.11129953,-0.1578567,-0.17738779,-0.13371314,-0.16283911,-0.25953975,-0.14865187,-0.13213322,-0.14127952,-0.15095688,-0.17780018,-0.16287379,-0.22917573,-0.09015879,-0.11005229,-0.13462542,-0.12972474,-0.13997786,-0.1731857,-0.13908121,-0.16057305,-0.12777606,-0.07092635,-0.03704006,-0.13706292,-0.16233018,-0.17897579,-0.14332479,-0.12334781,-0.13571028,-0.12023825,-0.13844201,-0.25318068,-0.26654312,-0.083778016,-0.10945694,-0.14492583,-0.09238048,-0.18740636,-0.1897887,-0.15248632,-0.090466715,-0.13230102,-0.14936915,-0.15013662,-0.15896574,-0.17049985,-0.18451835,-0.08771369,-0.12390319,-0.14091648,-0.10256614,-0.17951453,-0.19495486,-0.19142118,-0.10049956,-0.13113372,-0.07937528,-0.12788343,-0.19006202,-0.1932768,-0.19133705,-0.12399183,-0.07564155,-0.09737739,-0.118330754,-0.13654646,-0.12406494,-0.121451,-0.09461774,-0.09661441,-0.108459495,-0.082459606,-0.11307594,-0.13261196,-0.1675685,-0.1410757,-0.13609907,-0.18093297,-0.17825818,-0.19345312,-0.14446491,-0.15549555,-0.13562939,-0.119081676,-0.14001076,-0.19117098,-0.19044594,-0.18061529,-0.19755594,-0.25103784,-0.20219928,-0.18971491,-0.19041598,-0.18213417,-0.1729634,-0.27554205,-0.08916744,-0.11956477,-0.127539,-0.15751183,-0.20931396,-0.18224281,-0.29657933,-0.32474133,-0.1477185,-0.3242122,-0.17325558,-0.17108874,-0.2185038,-0.17647925,-0.114121355,-0.1395141,-0.15388772,-0.15788373,-0.22984435,-0.18186735,-0.25275722,-0.10446912,-0.12455491,-0.13859761,-0.12446758,-0.15189947,-0.15567426,-0.15704349,-0.14014931,-0.15141064,-0.16380131,-0.15516938,-0.1536902,-0.15262745,-0.13373357,-0.12328597,-0.14631075,-0.19063304,-0.17659566,-0.21025829,-0.3990198,-0.1989156,-0.11364998,-0.1296617,-0.11883122,-0.14803511,-0.16636807,-0.18714444,-0.19135731,-0.13118097,-0.077016935,-0.15353379,-0.13973716,-0.14106366,-0.11834039,-0.19987361,-0.1649412,-0.15803707,-0.14076269,-0.123529136,-0.12722544,-0.14610182,-0.2588673,-0.10715987,-0.13074079,-0.09132757,-0.12832497,-0.12968816,-0.14975041,-0.15249898,-0.096568525,-0.08910369,-0.12434754,-0.11052564,-0.13767698,-0.15070616,-0.17047223,-0.14310838,-0.11640076,-0.1737745,-0.15178296,-0.14253668,-0.12518267,-0.14275372,-0.17466888,-0.13176009,-0.1322712,-0.14589743,-0.12317345,-0.08722703,-0.05825615,-0.14355542,-0.17082691,-0.026243303,-0.16490945,-0.2829064,-0.31316653,-0.1959327,-0.14582363,-0.14331596,-0.14862512,-0.12963767,-0.25088155,-0.19367756,-0.1886901,-0.09484117,-0.10966343,-0.10702289,-0.09448695,-0.12759323,-0.15253189,-0.15746465,-0.16720018,-0.12812386,-0.0969081,-0.16398169,-0.14430442,-0.11335766,-0.18846886,-0.1706479,-0.15372518,-0.12594068,-0.115196005,-0.1130169,-0.11662802,-0.1764091,-0.13876016,-0.1347563,-0.096878245,-0.121010214,-0.09219505,-0.12434345,-0.13627443,-0.063823454,-0.13877153,-0.11419349,-0.13362917,-0.24483351,-0.2571875,-0.29957527,-0.14621624,-0.15676446,-0.13229564,-0.19104545,-0.0782174,-0.1721619,-0.16432835,-0.09859173,-0.11065883,-0.11521195,-0.076612435,-0.083404,-0.1213824,-0.13072303,-0.13855581,-0.19385117,-0.099292904,-0.15548968,-0.19487974,-0.19060071,-0.18654194,-0.1115097,-0.14283058,-0.10369432,-0.16024166,-0.19361416,-0.17309052,-0.16862446,-0.14284441,-0.14256284,-0.10109563,-0.15307875,-0.16148828,-0.18028277,-0.19442233,-0.12162432,-0.14782906,-0.113873474,-0.08030084,-0.14246418,-0.20725825,-0.16092141,-0.125103,-0.15657571,-0.15690626,-0.14319727,-0.19202894,-0.16238186,-0.18237269,-0.2963242,-0.1945965,-0.17998856,-0.17107448,-0.19199389,-0.15690312,-0.14054683,-0.13032526,-0.12557748,-0.1380738,-0.1618854,-0.30584824,-0.16590407,-0.18150045,-0.19235371,-0.11441202,-0.15067801,-0.14046267,-0.17761567,-0.16691786,-0.16475841,-0.14331086,-0.18237996,-0.12784496,-0.15263678,-0.13649067,-0.24156228,-0.17876337,-0.10343909,-0.13484982,-0.14240399,-0.17486365,-0.11022148,-0.1344116,-0.15317595,-0.16030258,-0.18114744,-0.15458299,-0.1493171,-0.19184028,-0.175021,-0.16492173,-0.14723541,-0.14623587,-0.11499533,-0.10471026,-0.13483879,-0.20148799,-0.17742032,-0.12513243,-0.16442457,-0.18041904,-0.18738703,-0.11705899,-0.17779705,-0.25820446,-0.09264425,-0.092500046,-0.114567906,-0.13615932,-0.14790937,-0.09836228,-0.18913585
k__Bacteria|p__Firmicutes|c__Clostridia|o__Eubacteriales|f__Clostridiaceae|g__Clostridium|s__Clostridium_transplantifaecale,-0.1004395,-0.12316422,-0.1413573,-0.20428483,-0.16690674,-0.19333896,-0.1666669,-0.14491922,-0.12464148,-0.18329251,-0.18308002,-0.22832158,-0.169139,-0.20586371,-0.10312475,-0.099188745,-0.058144663,-0.09950614,-0.107558884,-0.17051995,-0.1978925,-0.12536043,-0.13610943,-0.15219903,-0.17145377,-0.11658599,-0.16703904,-0.1738164,-0.1509206,-0.12124001,-0.13475215,-0.1056598,-0.14795662,-0.19596398,-0.18907166,-0.2175087,-0.16068815,-0.22338755,-0.19715428,-0.29867563,-0.29210672,-0.19830245,-0.1071462,-0.09162698,-0.13691942,-0.15469164,-0.23188588,-0.19356233,-0.14658806,-0.2026537,-0.18374062,-0.18279888,-0.19742425,-0.19872354,-0.2043195,-0.15749082,-0.12561221,-0.14366154,-0.09195713,-0.095507674,-0.17110701,-0.14213675,-0.13743341,-0.1467675,-0.12719077,-0.15073955,-0.2613474,-0.22333384,-0.18880686,-0.20047067,-0.14563693,-0.14912207,-0.13061556,-0.14258876,-0.15074864,-0.16404703,-0.14657801,-0.16278498,-0.15918119,-0.14998752,-0.14692628,-0.15686283,-0.15297608,-0.22480208,-0.120334074,-0.14120625,-0.11810054,-0.16082208,-0.17401513,-0.15536444,-0.16793126,-0.11139822,-0.1388583,-0.13027036,-0.12843016,-0.15152657,-0.14220124,-0.11531541,-0.10065024,-0.09029765,-0.10534428,-0.12038845,-0.1348235,-0.15027548,-0.16017883,-0.1185138,-0.11129953,-0.1578567,-0.17738779,-0.13347714,-0.16358745,-0.25953975,-0.14842516,-0.13237055,-0.14144208,-0.15095688,-0.17780018,-0.16336665,-0.22917573,-0.09015879,-0.10967562,-0.13447139,-0.12955827,-0.13997786,-0.17344235,-0.13908121,-0.16057305,-0.12777606,-0.07092635,-0.03704006,-0.13680393,-0.16192004,-0.17863728,-0.14332479,-0.12334781,-0.1353907,-0.12023825,-0.13811496,-0.25318068,-0.26654312,-0.08338623,-0.10945694,-0.14432514,-0.09238048,-0.18732035,-0.19023767,-0.15281399,-0.090154365,-0.13230102,-0.14921334,-0.15010329,-0.1588084,-0.17041719,-0.18366878,-0.087732196,-0.12356508,-0.14097515,-0.10256614,-0.17951453,-0.19495486,-0.19124387,-0.100016855,-0.13113372,-0.07968343,-0.12764987,-0.19006202,-0.19348179,-0.19156614,-0.12323794,-0.0753692,-0.09701624,-0.11832595,-0.1362864,-0.12406494,-0.121451,-0.0944664,-0.096549004,-0.108296916,-0.082459606,-0.11270425,-0.13207734,-0.16689593,-0.1410757,-0.13603272,-0.18093297,-0.17825818,-0.19417694,-0.1445077,-0.15549555,-0.135292,-0.119081676,-0.14001076,-0.19117098,-0.19121355,-0.18118483,-0.19755594,-0.25103784,-0.20219928,-0.1898499,-0.19088215,-0.18234766,-0.17359519,-0.27554205,-0.08916744,-0.11956477,-0.12745884,-0.15751183,-0.20931396,-0.18224281,-0.29657933,-0.32474133,-0.15039848,-0.3242122,-0.17325558,-0.17108874,-0.2185038,-0.17647925,-0.114121355,-0.13959035,-0.15388772,-0.15788373,-0.22984435,-0.18186735,-0.25803766,-0.10427495,-0.12455491,-0.13821998,-0.12397726,-0.15189947,-0.154952,-0.15615904,-0.14014931,-0.15141064,-0.16299556,-0.15503806,-0.15331596,-0.15284757,-0.1337766,-0.12282492,-0.14597735,-0.19014107,-0.17703378,-0.21025829,-0.3990198,-0.20162402,-0.11328851,-0.1296617,-0.11841482,-0.14767346,-0.16636807,-0.18643712,-0.19149539,-0.13121155,-0.07664846,-0.15284675,-0.13952135,-0.14106366,-0.1175906,-0.19987361,-0.1649412,-0.15828118,-0.14121008,-0.1234141,-0.12722544,-0.14610182,-0.2588673,-0.10705981,-0.13074079,-0.09132757,-0.12832497,-0.1289798,-0.14950567,-0.15167058,-0.0961974,-0.08910369,-0.12405419,-0.11037583,-0.13753495,-0.15053545,-0.17019074,-0.14274892,-0.11602645,-0.17354476,-0.15166825,-0.14213106,-0.12532759,-0.14182344,-0.17466888,-0.13176009,-0.13195997,-0.14556126,-0.12290473,-0.08722703,-0.05825615,-0.1432207,-0.17082691,-0.026243303,-0.16593653,-0.2829064,-0.31316653,-0.19772348,-0.14546958,-0.14331596,-0.14862512,-0.12963767,-0.25088155,-0.19408834,-0.1884619,-0.09449737,-0.10911873,-0.10702289,-0.09376596,-0.12759323,-0.15242964,-0.15746465,-0.1669551,-0.12812386,-0.0969081,-0.16398169,-0.14345302,-0.11335766,-0.18846886,-0.1706479,-0.15372705,-0.1255942,-0.115196005,-0.11273662,-0.11662802,-0.17574935,-0.13835728,-0.13435467,-0.096878245,-0.120976776,-0.09160845,-0.12434345,-0.1354804,-0.063823454,-0.13877153,-0.11419349,-0.1334427,-0.24483351,-0.2571875,-0.29957527,-0.14603835,-0.15654391,-0.13209611,-0.19104545,-0.0782174,-0.17217562,-0.16404855,-0.09859173,-0.11065883,-0.11429368,-0.076612435,-0.083404,-0.1213824,-0.13072303,-0.13855581,-0.19385117,-0.09910927,-0.15532926,-0.19487974,-0.19094238,-0.18675993,-0.11109969,-0.14270894,-0.10293186,-0.15910847,-0.19406258,-0.17257828,-0.16894594,-0.1426228,-0.14236149,-0.10151349,-0.15293841,-0.16130656,-0.1806495,-0.1951293,-0.1210925,-0.14713332,-0.11348432,-0.079785965,-0.14267412,-0.20725825,-0.1607152,-0.125103,-0.15657571,-0.15690626,-0.14326671,-0.19202894,-0.1623385,-0.181795,-0.2963242,-0.19783685,-0.1807152,-0.1714671,-0.19288863,-0.15729417,-0.14054683,-0.13015795,-0.12557748,-0.1380566,-0.16284811,-0.30584824,-0.16635051,-0.1811538,-0.1925554,-0.11441202,-0.1502574,-0.1403119,-0.17767152,-0.16676049,-0.164327,-0.14331086,-0.18237996,-0.12805532,-0.1528162,-0.13720736,-0.24156228,-0.17922856,-0.10311654,-0.1348483,-0.14183925,-0.17435049,-0.11010182,-0.13427083,-0.15218845,-0.15984523,-0.18160932,-0.15401046,-0.14904347,-0.19184028,-0.17521468,-0.16399412,-0.14723541,-0.14623587,-0.11499533,-0.10471026,-0.13465168,-0.20148799,-0.17699139,-0.12513243,-0.16502373,-0.18041904,-0.18738703,-0.11705899,-0.17630734,-0.26027882,-0.09246066,-0.09209585,-0.114500284,-0.13581635,-0.1478315,-0.09832835,-0.18883905
k__Bacteria|p__Firmicutes|c__Clostridia|o__Eubacteriales|f__Lachnospiraceae|g__GGB3385|s__GGB3385_SGB4471,-0.1004395,-0.12316422,-0.14194992,-0.20428483,-0.16681758,-0.19306076,-0.1666669,-0.14464527,-0.12497495,-0.18291055,-0.18300894,-0.22685039,-0.16955937,-0.20514323,-0.10315201,-0.09943587,-0.058144663,-0.09944774,-0.10787873,-0.17040262,-0.1978925,-0.12536043,-0.13597172,-0.15172055,-0.17124286,-0.11658599,-0.1670348,-0.17310362,-0.1509206,-0.12124001,-0.13481891,-0.106113926,-0.14813773,-0.19571632,-0.18876848,-0.2175087,-0.16066226,-0.22338755,-0.19708477,-0.29867563,-0.29210672,-0.19809803,-0.107121915,-0.09162698,-0.13691942,-0.15485623,-0.23188588,-0.19355236,-0.14632858,-0.2026537,-0.18330222,-0.18279888,-0.19717626,-0.19858566,-0.2038736,-0.15703964,-0.12558565,-0.14354604,-0.09196848,-0.09576055,-0.17084733,-0.14182088,-0.13743341,-0.14663702,-0.12719077,-0.1510803,-0.2613474,-0.22333384,-0.18838388,-0.20047067,-0.14526474,-0.14890668,-0.13075007,-0.14266689,-0.15019044,-0.16330409,-0.14598423,-0.16278498,-0.15912418,-0.14998752,-0.14692187,-0.15695591,-0.15285702,-0.22480208,-0.120334074,-0.14129406,-0.118332416,-0.16042092,-0.17346627,-0.15545301,-0.16760525,-0.11139822,-0.1388583,-0.13027036,-0.1284126,-0.15152657,-0.14223,-0.115116656,-0.10065024,-0.09069912,-0.10551384,-0.12044725,-0.13490522,-0.15027548,-0.15981004,-0.1185138,-0.11129953,-0.1578567,-0.17738779,-0.13312185,-0.16403979,-0.25953975,-0.14839667,-0.13265681,-0.14163662,-0.15095688,-0.17780018,-0.16362286,-0.22917573,-0.09015879,-0.11000772,-0.13453554,-0.12955338,-0.13997786,-0.17348614,-0.13908121,-0.16057305,-0.12777606,-0.07092635,-0.03704006,-0.1371904,-0.1617659,-0.17819542,-0.14332479,-0.12334781,-0.1355731,-0.12023825,-0.13819255,-0.25318068,-0.26654312,-0.083624646,-0.10945694,-0.14408755,-0.09238048,-0.18744814,-0.19009057,-0.15300497,-0.090429656,-0.13230102,-0.14932337,-0.15011227,-0.1586416,-0.17024517,-0.18300372,-0.08819196,-0.12342839,-0.14074829,-0.10256614,-0.17951453,-0.19495486,-0.19055226,-0.10009734,-0.13113372,-0.08007395,-0.12806673,-0.19006202,-0.19304046,-0.191275,-0.12283683,-0.07564348,-0.0972154,-0.11862433,-0.13638955,-0.12406494,-0.121451,-0.09457559,-0.09687056,-0.108527586,-0.082459606,-0.11294462,-0.13219823,-0.16645834,-0.1410757,-0.13627072,-0.18093297,-0.17825818,-0.19410455,-0.14470726,-0.15549555,-0.13513575,-0.119081676,-0.14001076,-0.19117098,-0.19104445,-0.18099792,-0.19755594,-0.25103784,-0.20219928,-0.18979232,-0.19094843,-0.18229808,-0.17399482,-0.27554205,-0.08916744,-0.11956477,-0.12798332,-0.15751183,-0.20931396,-0.18224281,-0.29657933,-0.32474133,-0.15327868,-0.3242122,-0.17325558,-0.17108874,-0.2185038,-0.17647925,-0.114121355,-0.13989732,-0.15388772,-0.15788373,-0.22984435,-0.18186735,-0.25791207,-0.10443412,-0.12455491,-0.13829908,-0.124068305,-0.15189947,-0.15463708,-0.15553252,-0.14014931,-0.15141064,-0.16243622,-0.15498081,-0.15305352,-0.15291953,-0.13389623,-0.12291705,-0.14608908,-0.18959044,-0.1766063,-0.21025829,-0.3990198,-0.20338453,-0.11336012,-0.1296617,-0.118434176,-0.14773512,-0.16636807,-0.18583333,-0.19122523,-0.13139221,-0.07710275,-0.15270728,-0.13970897,-0.14106366,-0.11728104,-0.19987361,-0.1649412,-0.15841886,-0.14143306,-0.1235979,-0.12722544,-0.14610182,-0.2588673,-0.10730953,-0.13074079,-0.09132757,-0.12832497,-0.12889382,-0.14958486,-0.15116753,-0.09625514,-0.08910369,-0.12420495,-0.11072983,-0.1377255,-0.15062259,-0.16986121,-0.14260954,-0.11633187,-0.17341049,-0.15162072,-0.14205465,-0.12557751,-0.14129283,-0.17466888,-0.13176009,-0.13206974,-0.14547625,-0.12278714,-0.08722703,-0.05825615,-0.14311972,-0.17082691,-0.026243303,-0.1664203,-0.2829064,-0.31316653,-0.19824576,-0.14535005,-0.14331596,-0.14862512,-0.12963767,-0.25088155,-0.19360054,-0.18792748,-0.09473605,-0.10916425,-0.10702289,-0.09375557,-0.12759323,-0.15265103,-0.15746465,-0.16657352,-0.12812386,-0.0969081,-0.16398169,-0.14311105,-0.11335766,-0.18846886,-0.1706479,-0.15361375,-0.12549818,-0.115196005,-0.11284104,-0.11662802,-0.17534249,-0.13815948,-0.13418472,-0.096878245,-0.12113795,-0.09182054,-0.12434345,-0.13530105,-0.063823454,-0.13877153,-0.11419349,-0.13376002,-0.24483351,-0.2571875,-0.29957527,-0.14593889,-0.15644315,-0.13216475,-0.19104545,-0.0782174,-0.17196733,-0.16382757,-0.09859173,-0.11065883,-0.114148386,-0.076612435,-0.083404,-0.1213824,-0.13072303,-0.13855581,-0.19385117,-0.099145085,-0.15534934,-0.19487974,-0.19077806,-0.18651953,-0.111182936,-0.14283425,-0.10288413,-0.15858541,-0.1938414,-0.17191419,-0.16898642,-0.14257404,-0.14226508,-0.10209815,-0.1530066,-0.16122451,-0.18065742,-0.19491671,-0.12109115,-0.14685771,-0.11357668,-0.08017826,-0.14296025,-0.20725825,-0.16034786,-0.125103,-0.15657571,-0.15690626,-0.14343897,-0.19202894,-0.16226399,-0.1813019,-0.2963242,-0.1990979,-0.1811995,-0.1718921,-0.19308162,-0.15749067,-0.14054683,-0.13022088,-0.12557748,-0.13813141,-0.1633355,-0.30584824,-0.16644679,-0.18077424,-0.19239596,-0.11441202,-0.1503334,-0.1405486,-0.17755377,-0.16653216,-0.16403101,-0.14331086,-0.18237996,-0.12828884,-0.15303499,-0.13758644,-0.24156228,-0.17939119,-0.103240594,-0.13516909,-0.14161977,-0.17393179,-0.11040278,-0.13451257,-0.15162805,-0.15939417,-0.18166605,-0.15362668,-0.14898434,-0.19184028,-0.17511672,-0.16328879,-0.14723541,-0.14623587,-0.11499533,-0.10471026,-0.13502051,-0.20148799,-0.17642154,-0.12513243,-0.1654716,-0.18041904,-0.18738703,-0.11705899,-0.17524871,-0.26006782,-0.092657596,-0.09231709,-0.11489615,-0.13585202,-0.14779809,-0.098795936,-0.18848658
k__Bacteria|p__Firmicutes|c__Clostridia|o__Eubacteriales|f__Lachnospiraceae|g__GGB3385|s__GGB3385_SGB4473,-0.1004395,-0.12316422,-0.14134026,-0.20428483,-0.16721438,-0.19377178,-0.1666669,-0.14516696,-0.12513259,-0.18369249,-0.18342876,-0.21883601,-0.1692345,-0.20275374,-0.10308703,-0.09875257,-0.058144663,-0.09941997,-0.10766068,-0.17108357,-0.1978925,-0.12536043,-0.13651083,-0.15269716,-0.1716477,-0.11658599,-0.16784745,-0.17427887,-0.1509206,-0.12124001,-0.1353493,-0.10553041,-0.14844108,-0.19545056,-0.18926005,-0.2175087,-0.16126496,-0.22338755,-0.19693471,-0.29867563,-0.29210672,-0.19781439,-0.10724773,-0.09162698,-0.13691942,-0.1549313,-0.23188588,-0.19382727,-0.14677708,-0.2026537,-0.18446179,-0.18279888,-0.1967664,-0.19736926,-0.2007318,-0.15775508,-0.1257548,-0.14393185,-0.09239738,-0.09552337,-0.17166933,-0.14275509,-0.13743341,-0.14709738,-0.12719077,-0.1515755,-0.2613474,-0.22333384,-0.189219,-0.20047067,-0.14591503,-0.14949587,-0.13067606,-0.14263561,-0.15097296,-0.16437837,-0.14716631,-0.16278498,-0.15967917,-0.14998752,-0.14749148,-0.15713674,-0.15346855,-0.22480208,-0.120334074,-0.14161965,-0.11820668,-0.1613661,-0.1743244,-0.15568016,-0.1683645,-0.11139822,-0.1388583,-0.13027036,-0.12884197,-0.15152657,-0.14297122,-0.11552086,-0.10065024,-0.090237156,-0.10538143,-0.120544046,-0.13510379,-0.15027548,-0.16069317,-0.1185138,-0.11129953,-0.1578567,-0.17738779,-0.13368806,-0.16379413,-0.25953975,-0.14884667,-0.13261737,-0.14136213,-0.15095688,-0.17780018,-0.1637561,-0.22917573,-0.09015879,-0.110120386,-0.13480027,-0.12959284,-0.13997786,-0.17382926,-0.13908121,-0.16057305,-0.12777606,-0.07092635,-0.03704006,-0.13699353,-0.16240925,-0.17909718,-0.14332479,-0.12334781,-0.13603918,-0.12023825,-0.13823615,-0.25318068,-0.26654312,-0.08348942,-0.10945694,-0.14471748,-0.09238048,-0.18788308,-0.19010243,-0.15270026,-0.09022339,-0.13230102,-0.14964521,-0.15033932,-0.1590496,-0.17073818,-0.18425791,-0.08775486,-0.12369932,-0.14128631,-0.10256614,-0.17951453,-0.19495486,-0.19131489,-0.0999989,-0.13113372,-0.07883744,-0.12762266,-0.19006202,-0.1934305,-0.19170994,-0.12361655,-0.075482085,-0.09708554,-0.118258104,-0.13649508,-0.12406494,-0.121451,-0.09432258,-0.096401274,-0.10842642,-0.082459606,-0.112695456,-0.13240087,-0.16737032,-0.1410757,-0.13636044,-0.18093297,-0.17825818,-0.19407032,-0.1447276,-0.15549555,-0.13547914,-0.119081676,-0.14001076,-0.19117098,-0.19100785,-0.18152109,-0.19755594,-0.25103784,-0.20219928,-0.19053061,-0.19113103,-0.18251574,-0.17379642,-0.27554205,-0.08916744,-0.11956477,-0.1278938,-0.15751183,-0.20931396,-0.18224281,-0.29657933,-0.32474133,-0.15172803,-0.3242122,-0.17325558,-0.17108874,-0.2185038,-0.17647925,-0.114121355,-0.13994947,-0.15388772,-0.15788373,-0.22984435,-0.18186735,-0.25289902,-0.104299255,-0.12455491,-0.13861124,-0.12421678,-0.15189947,-0.15535322,-0.15656984,-0.14014931,-0.15141064,-0.16349123,-0.15550074,-0.1537824,-0.15309612,-0.13377032,-0.123145655,-0.14655718,-0.19048303,-0.17699021,-0.21025829,-0.3990198,-0.20046224,-0.113387115,-0.1296617,-0.11833705,-0.14797062,-0.16636807,-0.18702175,-0.19187021,-0.13161546,-0.076822236,-0.15330796,-0.1399239,-0.14106366,-0.118012086,-0.19987361,-0.1649412,-0.15891454,-0.14140211,-0.1234923,-0.12722544,-0.14610182,-0.2588673,-0.107121326,-0.13074079,-0.09132757,-0.12832497,-0.12925962,-0.14999744,-0.15212837,-0.09623575,-0.08910369,-0.12430483,-0.11047594,-0.13782142,-0.15096064,-0.17051443,-0.14308068,-0.11655669,-0.17403588,-0.15200052,-0.14240696,-0.12527663,-0.1421968,-0.17466888,-0.13176009,-0.1324445,-0.14585121,-0.12288669,-0.08722703,-0.05825615,-0.14351186,-0.17082691,-0.026243303,-0.16648898,-0.2829064,-0.31316653,-0.1974291,-0.14580928,-0.14331596,-0.14862512,-0.12963767,-0.25088155,-0.19381043,-0.18890251,-0.09462832,-0.109359846,-0.10702289,-0.09363581,-0.12759323,-0.15301391,-0.15746465,-0.16715854,-0.12812386,-0.0969081,-0.16398169,-0.14392622,-0.11335766,-0.18846886,-0.1706479,-0.15409517,-0.12597832,-0.115196005,-0.11281524,-0.11662802,-0.17638153,-0.13856326,-0.13451526,-0.096878245,-0.120915964,-0.091660514,-0.12434345,-0.13611536,-0.063823454,-0.13877153,-0.11419349,-0.1337139,-0.24483351,-0.2571875,-0.29957527,-0.14625138,-0.15690681,-0.13220987,-0.19104545,-0.0782174,-0.17254804,-0.1643534,-0.09859173,-0.11065883,-0.11492223,-0.076612435,-0.083404,-0.1213824,-0.13072303,-0.13855581,-0.19385117,-0.099091835,-0.15579328,-0.19487974,-0.191287,-0.18697633,-0.11126816,-0.14312387,-0.10324746,-0.15963273,-0.19411302,-0.17282023,-0.16916007,-0.14288837,-0.14255357,-0.101503,-0.15322168,-0.16163668,-0.18099737,-0.19479647,-0.12132323,-0.1474685,-0.113930374,-0.08009055,-0.14267191,-0.20725825,-0.16116542,-0.125103,-0.15657571,-0.15690626,-0.14371468,-0.19202894,-0.16288796,-0.18247525,-0.2963242,-0.19716713,-0.18073905,-0.17141578,-0.19266999,-0.15720735,-0.14054683,-0.13039455,-0.12557748,-0.13843346,-0.1630983,-0.30584824,-0.1671158,-0.18143514,-0.19287983,-0.11441202,-0.1506329,-0.14055827,-0.1781393,-0.1670517,-0.16482423,-0.14331086,-0.18237996,-0.12839699,-0.1534282,-0.13695246,-0.24156228,-0.1797632,-0.1031225,-0.13530478,-0.1420657,-0.17471376,-0.110360175,-0.13462225,-0.15253332,-0.15999934,-0.18202984,-0.15435722,-0.14929287,-0.19184028,-0.1757065,-0.16456816,-0.14723541,-0.14623587,-0.11499533,-0.10471026,-0.13491309,-0.20148799,-0.17748883,-0.12513243,-0.1660536,-0.18041904,-0.18738703,-0.11705899,-0.1769356,-0.2583378,-0.09244608,-0.09218553,-0.11473143,-0.13593704,-0.14796524,-0.098360285,-0.18928863
k__Bacteria|p__Firmicutes|c__Clostridia|o__Eubacteriales|f__Lachnospiraceae|g__GGB34476|s__GGB34476_SGB65958,-0.1004395,-0.12316422,-0.14206898,-0.20428483,-0.16763887,-0.19370374,-0.1666669,-0.14561182,-0.12470362,-0.18387847,-0.1839111,-0.23656972,-0.1691688,-0.20968106,-0.10362521,-0.10035459,-0.058144663,-0.10043508,-0.10803361,-0.1709573,-0.1978925,-0.12536043,-0.13660952,-0.15270719,-0.1721433,-0.11658599,-0.16749772,-0.17444304,-0.1509206,-0.12124001,-0.1352336,-0.10608128,-0.14852294,-0.19699323,-0.1897702,-0.2175087,-0.16113825,-0.22338755,-0.19837555,-0.29867563,-0.29210672,-0.19909655,-0.10754891,-0.09162698,-0.13691942,-0.15566541,-0.23188588,-0.19447397,-0.1466831,-0.2026537,-0.1839149,-0.18279888,-0.19877958,-0.20049046,-0.20753267,-0.1579462,-0.12615779,-0.144256,-0.09220965,-0.095929004,-0.17149837,-0.14261287,-0.13743341,-0.14740744,-0.12719077,-0.1509236,-0.2613474,-0.22333384,-0.1892586,-0.20047067,-0.14618756,-0.14963607,-0.13117218,-0.14336455,-0.15123968,-0.16477133,-0.14664885,-0.16278498,-0.15983663,-0.14998752,-0.14743559,-0.15753627,-0.1534115,-0.22480208,-0.120334074,-0.14181143,-0.11874837,-0.1612632,-0.17457977,-0.15610477,-0.168512,-0.11139822,-0.1388583,-0.13027036,-0.12863137,-0.15152657,-0.14235395,-0.115780845,-0.10065024,-0.09085012,-0.10579419,-0.12081491,-0.1353217,-0.15027548,-0.16070062,-0.1185138,-0.11129953,-0.1578567,-0.17738779,-0.13401362,-0.16412446,-0.25953975,-0.14899857,-0.1329552,-0.14234337,-0.15095688,-0.17780018,-0.16374955,-0.22917573,-0.09015879,-0.11024079,-0.13509005,-0.13019463,-0.13997786,-0.17424968,-0.13908121,-0.16057305,-0.12777606,-0.07092635,-0.03704006,-0.13753021,-0.16229227,-0.17943804,-0.14332479,-0.12334781,-0.13569118,-0.12023825,-0.13880011,-0.25318068,-0.26654312,-0.08369276,-0.10945694,-0.14473857,-0.09238048,-0.18795636,-0.19138116,-0.15373278,-0.090530895,-0.13230102,-0.14984936,-0.150819,-0.15949796,-0.17098193,-0.183967,-0.08821058,-0.124319956,-0.14203963,-0.10256614,-0.17951453,-0.19495486,-0.1919157,-0.100355215,-0.13113372,-0.08054037,-0.12814426,-0.19006202,-0.19422415,-0.1923896,-0.12387269,-0.075548366,-0.097358294,-0.118989915,-0.13699834,-0.12406494,-0.121451,-0.09505777,-0.097126216,-0.108795,-0.082459606,-0.113166146,-0.13247815,-0.16752407,-0.1410757,-0.13660178,-0.18093297,-0.17825818,-0.19509363,-0.14500108,-0.15549555,-0.1358743,-0.119081676,-0.14001076,-0.19117098,-0.19236596,-0.18191835,-0.19755594,-0.25103784,-0.20219928,-0.190011,-0.19166093,-0.18300411,-0.17426044,-0.27554205,-0.08916744,-0.11956477,-0.1278612,-0.15751183,-0.20931396,-0.18224281,-0.29657933,-0.32474133,-0.15240523,-0.3242122,-0.17325558,-0.17108874,-0.2185038,-0.17647925,-0.114121355,-0.14018565,-0.15388772,-0.15788373,-0.22984435,-0.18186735,-0.2614349,-0.10476957,-0.12455491,-0.13872749,-0.124304995,-0.15189947,-0.15550299,-0.15652058,-0.14014931,-0.15141064,-0.16344973,-0.15565526,-0.15381658,-0.15361974,-0.13444078,-0.12318111,-0.14622474,-0.19088992,-0.17783919,-0.21025829,-0.3990198,-0.20318644,-0.11375635,-0.1296617,-0.118952155,-0.1482085,-0.16636807,-0.18693668,-0.19201803,-0.13196453,-0.07650215,-0.15320349,-0.13996328,-0.14106366,-0.11837074,-0.19987361,-0.1649412,-0.15890884,-0.14198108,-0.12408868,-0.12722544,-0.14610182,-0.2588673,-0.10761784,-0.13074079,-0.09132757,-0.12832497,-0.12939645,-0.15006348,-0.15216762,-0.096658915,-0.08910369,-0.124584034,-0.11087828,-0.1381579,-0.15103841,-0.17087662,-0.14322418,-0.116231814,-0.17442647,-0.15217036,-0.14280787,-0.12599999,-0.14211854,-0.17466888,-0.13176009,-0.1321904,-0.14627488,-0.12351169,-0.08722703,-0.05825615,-0.14396715,-0.17082691,-0.026243303,-0.16695702,-0.2829064,-0.31316653,-0.19875099,-0.1460546,-0.14331596,-0.14862512,-0.12963767,-0.25088155,-0.19488278,-0.18885653,-0.09482989,-0.109502584,-0.10702289,-0.09414132,-0.12759323,-0.15304717,-0.15746465,-0.16773024,-0.12812386,-0.0969081,-0.16398169,-0.14403802,-0.11335766,-0.18846886,-0.1706479,-0.15434861,-0.12595977,-0.115196005,-0.113216594,-0.11662802,-0.1762895,-0.138922,-0.13490772,-0.096878245,-0.12166262,-0.091968454,-0.12434345,-0.13598722,-0.063823454,-0.13877153,-0.11419349,-0.13418873,-0.24483351,-0.2571875,-0.29957527,-0.14664923,-0.1571984,-0.13240239,-0.19104545,-0.0782174,-0.17244841,-0.16497964,-0.09859173,-0.11065883,-0.11468664,-0.076612435,-0.083404,-0.1213824,-0.13072303,-0.13855581,-0.19385117,-0.099467166,-0.15573996,-0.19487974,-0.19144043,-0.18749085,-0.11142056,-0.14353016,-0.10283415,-0.15945108,-0.19465037,-0.17332697,-0.16963388,-0.1432387,-0.14303045,-0.10210264,-0.15364255,-0.16206339,-0.18132558,-0.19620371,-0.121401116,-0.14775878,-0.11370112,-0.07979116,-0.14348218,-0.20725825,-0.16113847,-0.125103,-0.15657571,-0.15690626,-0.14384422,-0.19202894,-0.16276689,-0.18219751,-0.2963242,-0.19885693,-0.18157119,-0.17255645,-0.19389343,-0.1582748,-0.14054683,-0.13062966,-0.12557748,-0.1385561,-0.1637102,-0.30584824,-0.16678791,-0.18172625,-0.19319546,-0.11441202,-0.15094334,-0.14096999,-0.1783721,-0.16737051,-0.16482253,-0.14331086,-0.18237996,-0.1282469,-0.15358348,-0.13806638,-0.24156228,-0.17972523,-0.10354984,-0.135528,-0.14226504,-0.17497352,-0.110446624,-0.13471204,-0.15267372,-0.16070117,-0.18225773,-0.1544337,-0.14948928,-0.19184028,-0.175717,-0.16440518,-0.14723541,-0.14623587,-0.11499533,-0.10471026,-0.1352073,-0.20148799,-0.17747106,-0.12513243,-0.1660568,-0.18041904,-0.18738703,-0.11705899,-0.17649457,-0.2615562,-0.09288478,-0.092483595,-0.11495295,-0.1363987,-0.1485548,-0.0986588,-0.18944204
k__Bacteria|p__Firmicutes|c__CFGB3012|o__OFGB3012|f__FGB3012|g__GGB9480|s__GGB9480_SGB14873,-0.1004395,-0.12316422,-0.14124665,-0.20428483,-0.16698775,-0.19304472,-0.1666669,-0.14481555,-0.12528396,-0.18336995,-0.18320316,-0.21304277,-0.1697874,-0.20014885,-0.10278176,-0.09835949,-0.058144663,-0.09910538,-0.107587665,-0.17063522,-0.1978925,-0.12536043,-0.1362666,-0.15216607,-0.17104694,-0.11658599,-0.16789153,-0.17366403,-0.1509206,-0.12124001,-0.13522501,-0.1053164,-0.14819825,-0.19444121,-0.18845074,-0.2175087,-0.16105728,-0.22338755,-0.1961963,-0.29867563,-0.29210672,-0.19639948,-0.106880784,-0.09162698,-0.13691942,-0.15490296,-0.23188588,-0.19353321,-0.1462681,-0.2026537,-0.18464223,-0.18279888,-0.19565848,-0.19569485,-0.19784687,-0.15742674,-0.12536085,-0.14341801,-0.09219927,-0.09529583,-0.17112184,-0.14232458,-0.13743341,-0.14672022,-0.12719077,-0.15166348,-0.2613474,-0.22333384,-0.18865788,-0.20047067,-0.1453054,-0.14911662,-0.13015851,-0.14216283,-0.15005873,-0.1636388,-0.14654887,-0.16278498,-0.1596349,-0.14998752,-0.14727944,-0.15683326,-0.15310217,-0.22480208,-0.120334074,-0.141398,-0.11805372,-0.16077256,-0.17362007,-0.1554939,-0.16793841,-0.11139822,-0.1388583,-0.13027036,-0.12856889,-0.15152657,-0.14310077,-0.11541097,-0.10065024,-0.090204984,-0.10510114,-0.120085105,-0.13472442,-0.15027548,-0.16024752,-0.1185138,-0.11129953,-0.1578567,-0.17738779,-0.13296568,-0.16346902,-0.25953975,-0.14865184,-0.1324872,-0.14099777,-0.15095688,-0.17780018,-0.16361105,-0.22917573,-0.09015879,-0.11033806,-0.13452704,-0.12918492,-0.13997786,-0.17361414,-0.13908121,-0.16057305,-0.12777606,-0.07092635,-0.03704006,-0.13694641,-0.16190396,-0.17866415,-0.14332479,-0.12334781,-0.13607143,-0.12023825,-0.13778196,-0.25318068,-0.26654312,-0.08338434,-0.10945694,-0.14405772,-0.09238048,-0.18773165,-0.18954365,-0.15268125,-0.0901111,-0.13230102,-0.14949262,-0.15005574,-0.15859348,-0.17025852,-0.18327862,-0.087690346,-0.12333268,-0.14069673,-0.10256614,-0.17951453,-0.19495486,-0.19030836,-0.099792086,-0.13113372,-0.07813266,-0.12736818,-0.19006202,-0.19261247,-0.19106804,-0.12322106,-0.07545005,-0.096784815,-0.1180159,-0.13625872,-0.12406494,-0.121451,-0.09403121,-0.0962902,-0.10823172,-0.082459606,-0.11245023,-0.13215974,-0.16682294,-0.1410757,-0.13638854,-0.18093297,-0.17825818,-0.19331044,-0.14430386,-0.15549555,-0.13497108,-0.119081676,-0.14001076,-0.19117098,-0.19036192,-0.18110898,-0.19755594,-0.25103784,-0.20219928,-0.19044101,-0.1908477,-0.18216948,-0.17350723,-0.27554205,-0.08916744,-0.11956477,-0.12813033,-0.15751183,-0.20931396,-0.18224281,-0.29657933,-0.32474133,-0.15439764,-0.3242122,-0.17325558,-0.17108874,-0.2185038,-0.17647925,-0.114121355,-0.139975,-0.15388772,-0.15788373,-0.22984435,-0.18186735,-0.24972981,-0.10404991,-0.12455491,-0.13847701,-0.12397723,-0.15189947,-0.15477014,-0.15590018,-0.14014931,-0.15141064,-0.16274162,-0.1552568,-0.15329866,-0.15278764,-0.13352223,-0.122989945,-0.1464755,-0.18971539,-0.17639954,-0.21025829,-0.3990198,-0.20001888,-0.11320952,-0.1296617,-0.117819205,-0.14774722,-0.16636807,-0.1863898,-0.19131617,-0.1316514,-0.076627925,-0.15266737,-0.1397302,-0.14106366,-0.11794627,-0.19987361,-0.1649412,-0.15898691,-0.14106333,-0.123343624,-0.12722544,-0.14610182,-0.2588673,-0.10698123,-0.13074079,-0.09132757,-0.12832497,-0.12891549,-0.14987496,-0.15164025,-0.09600249,-0.08910369,-0.12399466,-0.11032191,-0.13764922,-0.15072094,-0.16985038,-0.14272726,-0.11665587,-0.17369232,-0.1517761,-0.1420769,-0.12504286,-0.1418536,-0.17466888,-0.13176009,-0.13209209,-0.14552924,-0.1225183,-0.08722703,-0.05825615,-0.14325836,-0.17082691,-0.026243303,-0.16671678,-0.2829064,-0.31316653,-0.1966123,-0.14543319,-0.14331596,-0.14862512,-0.12963767,-0.25088155,-0.19291297,-0.18807828,-0.094483964,-0.10907327,-0.10702289,-0.09286042,-0.12759323,-0.15299648,-0.15746465,-0.16670185,-0.12812386,-0.0969081,-0.16398169,-0.14339018,-0.11335766,-0.18846886,-0.1706479,-0.15377289,-0.12559888,-0.115196005,-0.11239648,-0.11662802,-0.17589983,-0.13809265,-0.13393809,-0.096878245,-0.12058042,-0.09147239,-0.12434345,-0.136111,-0.063823454,-0.13877153,-0.11419349,-0.13349462,-0.24483351,-0.2571875,-0.29957527,-0.14577964,-0.15645882,-0.13169774,-0.19104545,-0.0782174,-0.1717911,-0.16397598,-0.09859173,-0.11065883,-0.114893064,-0.076612435,-0.083404,-0.1213824,-0.13072303,-0.13855581,-0.19385117,-0.09848421,-0.15548404,-0.19487974,-0.19086465,-0.18631113,-0.1110496,-0.14306504,-0.1028807,-0.15884744,-0.19332552,-0.17178406,-0.16883087,-0.14256014,-0.14210354,-0.10150514,-0.15294644,-0.16145964,-0.1807657,-0.19409463,-0.12096861,-0.14705978,-0.114011064,-0.08010098,-0.1421479,-0.20725825,-0.16073671,-0.125103,-0.15657571,-0.15690626,-0.14364642,-0.19202894,-0.16255249,-0.18177567,-0.2963242,-0.19676536,-0.18058819,-0.17146045,-0.19211136,-0.15704021,-0.14054683,-0.13002944,-0.12557748,-0.13814369,-0.16283756,-0.30584824,-0.1669031,-0.18062493,-0.19252345,-0.11441202,-0.15032625,-0.1404852,-0.17777057,-0.16656172,-0.1643745,-0.14331086,-0.18237996,-0.12825641,-0.15321836,-0.13635217,-0.24156228,-0.17975464,-0.10286782,-0.13538864,-0.14151442,-0.17396459,-0.110342,-0.1344463,-0.15193993,-0.15947549,-0.18182555,-0.15359037,-0.14867479,-0.19184028,-0.17525822,-0.16398685,-0.14723541,-0.14623587,-0.11499533,-0.10471026,-0.13465203,-0.20148799,-0.17684022,-0.12513243,-0.16653687,-0.18041904,-0.18738703,-0.11705899,-0.175877,-0.25653085,-0.09227215,-0.092076726,-0.114596024,-0.13554181,-0.14746937,-0.09823866,-0.18857971
k__Bacteria|p__Firmicutes|c__CFGB6261|o__OFGB6261|f__FGB6261|g__GGB74510|s__GGB74510_SGB47635,-0.1004395,-0.12316422,-0.14148551,-0.20428483,-0.16694054,-0.19350496,-0.1666669,-0.14513236,-0.1251374,-0.18375948,-0.18344076,-0.22119893,-0.17039171,-0.20320731,-0.10313378,-0.0991534,-0.058144663,-0.099726014,-0.10772307,-0.17090145,-0.1978925,-0.12536043,-0.13657522,-0.15253186,-0.1715135,-0.11658599,-0.16777278,-0.17411909,-0.1509206,-0.12124001,-0.13532615,-0.105556026,-0.14842363,-0.19543004,-0.18914017,-0.2175087,-0.16090453,-0.22338755,-0.19687845,-0.29867563,-0.29210672,-0.19759879,-0.107225046,-0.09162698,-0.13691942,-0.15507312,-0.23188588,-0.19392979,-0.14665788,-0.2026537,-0.18391384,-0.18279888,-0.1967574,-0.19772942,-0.20150666,-0.15838759,-0.12573233,-0.14387995,-0.09234196,-0.09558834,-0.17140031,-0.14257643,-0.13743341,-0.14704886,-0.12719077,-0.15153208,-0.2613474,-0.22333384,-0.18878272,-0.20047067,-0.14578307,-0.14944026,-0.13065624,-0.1427436,-0.15080819,-0.16421527,-0.14688799,-0.16278498,-0.1596077,-0.14998752,-0.14746201,-0.15708314,-0.15340774,-0.22480208,-0.120334074,-0.14165476,-0.118328705,-0.16111219,-0.1741123,-0.15570915,-0.16834028,-0.11139822,-0.1388583,-0.13027036,-0.12881164,-0.15152657,-0.14291203,-0.115768194,-0.10065024,-0.09045257,-0.10545362,-0.12048277,-0.13501924,-0.15027548,-0.16055492,-0.1185138,-0.11129953,-0.1578567,-0.17738779,-0.13376251,-0.16372152,-0.25953975,-0.14884311,-0.13269055,-0.14153758,-0.15095688,-0.17780018,-0.16362943,-0.22917573,-0.09015879,-0.11038725,-0.13475287,-0.12970853,-0.13997786,-0.17380258,-0.13908121,-0.16057305,-0.12777606,-0.07092635,-0.03704006,-0.13718522,-0.16215397,-0.1791197,-0.14332479,-0.12334781,-0.13599281,-0.12023825,-0.1382215,-0.25318068,-0.26654312,-0.08349939,-0.10945694,-0.14457428,-0.09238048,-0.18790358,-0.19010366,-0.15307456,-0.09028213,-0.13230102,-0.14968082,-0.15037107,-0.15900968,-0.17062111,-0.18384495,-0.08781027,-0.12389019,-0.14116234,-0.10256614,-0.17951453,-0.19495486,-0.19114125,-0.10008238,-0.13113372,-0.079120696,-0.12776412,-0.19006202,-0.1932334,-0.1916353,-0.123573974,-0.075410604,-0.097134516,-0.11844918,-0.13660002,-0.12406494,-0.121451,-0.0944608,-0.096611194,-0.10851686,-0.082459606,-0.112863824,-0.13238998,-0.16726395,-0.1410757,-0.13644798,-0.18093297,-0.17825818,-0.19401176,-0.14469256,-0.15549555,-0.13547562,-0.119081676,-0.14001076,-0.19117098,-0.19095773,-0.1814152,-0.19755594,-0.25103784,-0.20219928,-0.19033839,-0.19106208,-0.18257996,-0.173767,-0.27554205,-0.08916744,-0.11956477,-0.12796465,-0.15751183,-0.20931396,-0.18224281,-0.29657933,-0.32474133,-0.15348881,-0.3242122,-0.17325558,-0.17108874,-0.2185038,-0.17647925,-0.114121355,-0.14002323,-0.15388772,-0.15788373,-0.22984435,-0.18186735,-0.25398225,-0.104355946,-0.12455491,-0.13863447,-0.1242342,-0.15189947,-0.15512061,-0.15639426,-0.14014931,-0.15141064,-0.16320203,-0.15539911,-0.15362227,-0.15311089,-0.1339959,-0.12316246,-0.14660767,-0.19031261,-0.17697887,-0.21025829,-0.3990198,-0.20240916,-0.11348218,-0.1296617,-0.11846664,-0.14804518,-0.16636807,-0.18675657,-0.19163617,-0.13175753,-0.076661214,-0.15314104,-0.13981885,-0.14106366,-0.11823416,-0.19987361,-0.1649412,-0.15884301,-0.14147271,-0.123696774,-0.12722544,-0.14610182,-0.2588673,-0.107241526,-0.13074079,-0.09132757,-0.12832497,-0.12927565,-0.14991245,-0.15203896,-0.09630068,-0.08910369,-0.12434876,-0.11050839,-0.13794687,-0.1508739,-0.17044741,-0.14298078,-0.116635635,-0.17398925,-0.15195456,-0.14250478,-0.1253109,-0.14239398,-0.17466888,-0.13176009,-0.13234729,-0.14589919,-0.122956984,-0.08722703,-0.05825615,-0.14350815,-0.17082691,-0.026243303,-0.1666912,-0.2829064,-0.31316653,-0.19788869,-0.14576419,-0.14331596,-0.14862512,-0.12963767,-0.25088155,-0.1936896,-0.18860903,-0.09462782,-0.10940379,-0.10702289,-0.0936618,-0.12759323,-0.15313435,-0.15746465,-0.16719039,-0.12812386,-0.0969081,-0.16398169,-0.14384729,-0.11335766,-0.18846886,-0.1706479,-0.15405633,-0.12589279,-0.115196005,-0.11293094,-0.11662802,-0.17627284,-0.13851929,-0.13443121,-0.096878245,-0.121088594,-0.09175047,-0.12434345,-0.13623878,-0.063823454,-0.13877153,-0.11419349,-0.13375016,-0.24483351,-0.2571875,-0.29957527,-0.14617722,-0.15683119,-0.13211253,-0.19104545,-0.0782174,-0.17228302,-0.16451913,-0.09859173,-0.11065883,-0.11497015,-0.076612435,-0.083404,-0.1213824,-0.13072303,-0.13855581,-0.19385117,-0.098934226,-0.15565109,-0.19487974,-0.19107154,-0.18691993,-0.11128226,-0.1432172,-0.103107154,-0.15933587,-0.19391178,-0.17286679,-0.169059,-0.14284766,-0.14258207,-0.10167335,-0.15326995,-0.16170512,-0.18097433,-0.19492997,-0.12125319,-0.14745814,-0.11395417,-0.08015983,-0.14274289,-0.20725825,-0.16089046,-0.125103,-0.15657571,-0.15690626,-0.14373857,-0.19202894,-0.16266924,-0.18217157,-0.2963242,-0.19723094,-0.18113929,-0.17165077,-0.19268936,-0.1574856,-0.14054683,-0.13031799,-0.12557748,-0.13830887,-0.16317944,-0.30584824,-0.16688153,-0.18119717,-0.19276969,-0.11441202,-0.15066761,-0.14068073,-0.17804363,-0.16693997,-0.16473824,-0.14331086,-0.18237996,-0.12834854,-0.15349583,-0.137027,-0.24156228,-0.17960158,-0.10319479,-0.13540736,-0.14199486,-0.17444448,-0.11041777,-0.1346268,-0.15250546,-0.15998477,-0.18188734,-0.15423408,-0.14903004,-0.19184028,-0.17535852,-0.16447265,-0.14723541,-0.14623587,-0.11499533,-0.10471026,-0.13500677,-0.20148799,-0.17716475,-0.12513243,-0.16615054,-0.18041904,-0.18738703,-0.11705899,-0.17669186,-0.258138,-0.09250888,-0.092343085,-0.11473684,-0.13604516,-0.14797336,-0.09846342,-0.18905237
k__Bacteria|p__Firmicutes|c__CFGB540|o__OFGB540|f__FGB540|g__GGB79998|s__GGB79998_SGB48024,-0.1004395,-0.12316422,-0.14052607,-0.20428483,-0.16627696,-0.1923905,-0.1666669,-0.14502347,-0.12415303,-0.18335554,-0.18242705,-0.22546512,-0.16762991,-0.2040352,-0.102575004,-0.098639175,-0.058144663,-0.09996068,-0.10721935,-0.17029124,-0.1978925,-0.12536043,-0.13626957,-0.15260044,-0.1710364,-0.11658599,-0.16685313,-0.1739084,-0.1509206,-0.12124001,-0.13485968,-0.10475043,-0.14792958,-0.19460505,-0.18854935,-0.2175087,-0.15998974,-0.22338755,-0.19607538,-0.29867563,-0.29210672,-0.19707991,-0.106633246,-0.09162698,-0.13691942,-0.15432699,-0.23188588,-0.19271636,-0.14596859,-0.2026537,-0.18275876,-0.18279888,-0.19688833,-0.19796126,-0.20351493,-0.15770315,-0.12540856,-0.14344187,-0.09225963,-0.095308214,-0.17089823,-0.14244458,-0.13743341,-0.14663781,-0.12719077,-0.15030032,-0.2613474,-0.22333384,-0.18812092,-0.20047067,-0.14564373,-0.14900011,-0.13036983,-0.1425446,-0.15103343,-0.16435513,-0.14657624,-0.16278498,-0.15863875,-0.14998752,-0.14719748,-0.15648453,-0.15290874,-0.22480208,-0.120334074,-0.14119655,-0.11796836,-0.16086452,-0.17388369,-0.15509215,-0.16803037,-0.11139822,-0.1388583,-0.13027036,-0.1284022,-0.15152657,-0.14213258,-0.11538203,-0.10065024,-0.08996634,-0.10496768,-0.12001483,-0.13455386,-0.15027548,-0.16017695,-0.1185138,-0.11129953,-0.1578567,-0.17738779,-0.13365325,-0.16332027,-0.25953975,-0.14820278,-0.13204592,-0.14127705,-0.15095688,-0.17780018,-0.16222785,-0.22917573,-0.09015879,-0.1099537,-0.13443577,-0.12940872,-0.13997786,-0.17300457,-0.13908121,-0.16057305,-0.12777606,-0.07092635,-0.03704006,-0.13640463,-0.16166186,-0.17871307,-0.14332479,-0.12334781,-0.13513385,-0.12023825,-0.13820419,-0.25318068,-0.26654312,-0.08308135,-0.10945694,-0.144429,-0.09238048,-0.18683001,-0.18959647,-0.15212023,-0.08978507,-0.13230102,-0.14912958,-0.14986594,-0.15857118,-0.1699818,-0.18364951,-0.08721727,-0.12361337,-0.14123707,-0.10256614,-0.17951453,-0.19495486,-0.19067226,-0.09982322,-0.13113372,-0.07951765,-0.12730768,-0.19006202,-0.19253121,-0.1909915,-0.12358476,-0.074718446,-0.0966039,-0.117925756,-0.13618457,-0.12406494,-0.121451,-0.094118394,-0.095959544,-0.107955664,-0.082459606,-0.11229284,-0.13178715,-0.16687243,-0.1410757,-0.13574052,-0.18093297,-0.17825818,-0.19307628,-0.14407885,-0.15549555,-0.13525298,-0.119081676,-0.14001076,-0.19117098,-0.19004202,-0.18065557,-0.19755594,-0.25103784,-0.20219928,-0.18898603,-0.19011973,-0.18164995,-0.17268825,-0.27554205,-0.08916744,-0.11956477,-0.1271585,-0.15751183,-0.20931396,-0.18224281,-0.29657933,-0.32474133,-0.15018767,-0.3242122,-0.17325558,-0.17108874,-0.2185038,-0.17647925,-0.114121355,-0.13925803,-0.15388772,-0.15788373,-0.22984435,-0.18186735,-0.25286266,-0.10400311,-0.12455491,-0.13813935,-0.12378288,-0.15189947,-0.1548599,-0.1560992,-0.14014931,-0.15141064,-0.16321713,-0.15489233,-0.15330403,-0.15263468,-0.13328274,-0.122777544,-0.14585096,-0.19031802,-0.1763654,-0.21025829,-0.3990198,-0.19927485,-0.11297755,-0.1296617,-0.1181521,-0.14768791,-0.16636807,-0.1863424,-0.19074804,-0.131268,-0.07593337,-0.15284306,-0.13917229,-0.14106366,-0.1182587,-0.19987361,-0.1649412,-0.15792385,-0.14099312,-0.12333034,-0.12722544,-0.14610182,-0.2588673,-0.106782384,-0.13074079,-0.09132757,-0.12832497,-0.12912199,-0.149403,-0.15174074,-0.09592654,-0.08910369,-0.12400007,-0.11006361,-0.13734993,-0.15032399,-0.17005517,-0.14265525,-0.11598776,-0.17363425,-0.15140727,-0.14220631,-0.124774545,-0.14194837,-0.17466888,-0.13176009,-0.131814,-0.14554606,-0.12252029,-0.08722703,-0.05825615,-0.1431666,-0.17082691,-0.026243303,-0.1650047,-0.2829064,-0.31316653,-0.19620618,-0.14537439,-0.14331596,-0.14862512,-0.12963767,-0.25088155,-0.19272351,-0.18805397,-0.09433176,-0.10896833,-0.10702289,-0.09380488,-0.12759323,-0.15236144,-0.15746465,-0.16657206,-0.12812386,-0.0969081,-0.16398169,-0.1437789,-0.11335766,-0.18846886,-0.1706479,-0.15349872,-0.1254893,-0.115196005,-0.112694815,-0.11662802,-0.17558691,-0.13819593,-0.13407174,-0.096878245,-0.12055604,-0.09143407,-0.12434345,-0.13583885,-0.063823454,-0.13877153,-0.11419349,-0.13340046,-0.24483351,-0.2571875,-0.29957527,-0.14581715,-0.15644589,-0.1317667,-0.19104545,-0.0782174,-0.17142357,-0.16431287,-0.09859173,-0.11065883,-0.11472905,-0.076612435,-0.083404,-0.1213824,-0.13072303,-0.13855581,-0.19385117,-0.09878396,-0.15522473,-0.19487974,-0.19006208,-0.18628308,-0.1108417,-0.1426045,-0.102560684,-0.15931635,-0.19302945,-0.17297536,-0.16848984,-0.14235736,-0.14206657,-0.10110202,-0.15291068,-0.16104585,-0.18000738,-0.19409284,-0.12083051,-0.14712363,-0.11324412,-0.07961424,-0.14277178,-0.20725825,-0.16024697,-0.125103,-0.15657571,-0.15690626,-0.14288922,-0.19202894,-0.16202441,-0.18186891,-0.2963242,-0.19456312,-0.18024474,-0.17073174,-0.1917273,-0.15683821,-0.14054683,-0.1298889,-0.12557748,-0.13789561,-0.16255143,-0.30584824,-0.16620073,-0.18104783,-0.19157736,-0.11441202,-0.15056047,-0.13995478,-0.17742144,-0.16649508,-0.16414526,-0.14331086,-0.18237996,-0.12753004,-0.15318805,-0.13718471,-0.24156228,-0.17807192,-0.10283968,-0.13468209,-0.14169776,-0.17424828,-0.10976148,-0.13408193,-0.15241833,-0.15964025,-0.18080541,-0.1541121,-0.14881536,-0.19184028,-0.17463167,-0.16416518,-0.14723541,-0.14623587,-0.11499533,-0.10471026,-0.13461111,-0.20148799,-0.17672108,-0.12513243,-0.1648121,-0.18041904,-0.18738703,-0.11705899,-0.17658648,-0.2561053,-0.09197058,-0.09185976,-0.114143714,-0.13560703,-0.14764929,-0.09789461,-0.18854891
k__Bacteria|p__Firmicutes|c__Clostridia|o__Eubacteriales|f__Lachnospiraceae|g__Lachnoclostridium|s__Clostridium_hylemonae,-0.1004395,-0.12316422,-0.14169127,-0.20428483,-0.16674134,-0.19266221,-0.1666669,-0.14471892,-0.12557508,-0.18278837,-0.18339913,-0.21789199,-0.16950598,-0.20140131,-0.10331744,-0.09913403,-0.058144663,-0.09960438,-0.1080381,-0.17026946,-0.1978925,-0.12536043,-0.13625878,-0.15182275,-0.17071283,-0.11658599,-0.16757157,-0.1731397,-0.1509206,-0.12124001,-0.13527839,-0.10603218,-0.14829338,-0.19432697,-0.18812665,-0.2175087,-0.16072534,-0.22338755,-0.19584128,-0.29867563,-0.29210672,-0.19639216,-0.10718965,-0.09162698,-0.13691942,-0.15487978,-0.23188588,-0.19319202,-0.14637211,-0.2026537,-0.18399061,-0.18279888,-0.1958438,-0.19640838,-0.1994036,-0.15659994,-0.12557334,-0.14336044,-0.092502445,-0.09576392,-0.17066973,-0.14205402,-0.13743341,-0.14666523,-0.12719077,-0.15132375,-0.2613474,-0.22333384,-0.18802759,-0.20047067,-0.14513046,-0.14896859,-0.13050884,-0.1423132,-0.14965959,-0.16307452,-0.1460675,-0.16278498,-0.15951355,-0.14998752,-0.14709468,-0.15685323,-0.15297276,-0.22480208,-0.120334074,-0.14138639,-0.11841676,-0.16024631,-0.17312998,-0.15562695,-0.16762632,-0.11139822,-0.1388583,-0.13027036,-0.1285781,-0.15152657,-0.14306252,-0.11561863,-0.10065024,-0.09092417,-0.105463065,-0.12022847,-0.13474974,-0.15027548,-0.15990493,-0.1185138,-0.11129953,-0.1578567,-0.17738779,-0.13301995,-0.16362193,-0.25953975,-0.14857095,-0.13290316,-0.14135589,-0.15095688,-0.17780018,-0.16357249,-0.22917573,-0.09015879,-0.1107174,-0.13468328,-0.12946737,-0.13997786,-0.17349377,-0.13908121,-0.16057305,-0.12777606,-0.07092635,-0.03704006,-0.13716534,-0.16165018,-0.17821835,-0.14332479,-0.12334781,-0.13603967,-0.12023825,-0.13790068,-0.25318068,-0.26654312,-0.08399616,-0.10945694,-0.14389092,-0.09238048,-0.18744,-0.1895436,-0.15316641,-0.090715826,-0.13230102,-0.14946926,-0.15011466,-0.15846467,-0.17002168,-0.18245815,-0.08843682,-0.12350729,-0.14062597,-0.10256614,-0.17951453,-0.19495486,-0.1897497,-0.10031757,-0.13113372,-0.0793528,-0.12752375,-0.19006202,-0.19230676,-0.19078311,-0.12315683,-0.076078326,-0.09727414,-0.11846192,-0.13642724,-0.12406494,-0.121451,-0.094687335,-0.09693703,-0.10870754,-0.082459606,-0.11286953,-0.13220939,-0.16633052,-0.1410757,-0.13658309,-0.18093297,-0.17825818,-0.19320345,-0.14446616,-0.15549555,-0.13501324,-0.119081676,-0.14001076,-0.19117098,-0.19029278,-0.18103513,-0.19755594,-0.25103784,-0.20219928,-0.19023016,-0.19073969,-0.18206562,-0.17369014,-0.27554205,-0.08916744,-0.11956477,-0.12849492,-0.15751183,-0.20931396,-0.18224281,-0.29657933,-0.32474133,-0.15587758,-0.3242122,-0.17325558,-0.17108874,-0.2185038,-0.17647925,-0.114121355,-0.14022279,-0.15388772,-0.15788373,-0.22984435,-0.18186735,-0.25195694,-0.1045669,-0.12455491,-0.13854633,-0.124160245,-0.15189947,-0.15445185,-0.15550825,-0.14014931,-0.15141064,-0.16225155,-0.15509483,-0.15314029,-0.15287954,-0.13388428,-0.12317735,-0.14645281,-0.18921115,-0.1765813,-0.21025829,-0.3990198,-0.20183824,-0.11354239,-0.1296617,-0.11817345,-0.14772283,-0.16636807,-0.18564439,-0.19084759,-0.13190392,-0.07728401,-0.15233037,-0.13976559,-0.14106366,-0.11807696,-0.19987361,-0.1649412,-0.15896791,-0.14147277,-0.12368159,-0.12722544,-0.14610182,-0.2588673,-0.107489735,-0.13074079,-0.09132757,-0.12832497,-0.12899435,-0.14983258,-0.151295,-0.09649485,-0.08910369,-0.12422387,-0.110743694,-0.13781297,-0.1507102,-0.16948912,-0.14270586,-0.11699366,-0.17330976,-0.15182853,-0.14211527,-0.12552369,-0.1415766,-0.17466888,-0.13176009,-0.13220322,-0.14545271,-0.12279223,-0.08722703,-0.05825615,-0.14325026,-0.17082691,-0.026243303,-0.1666526,-0.2829064,-0.31316653,-0.19742125,-0.14535479,-0.14331596,-0.14862512,-0.12963767,-0.25088155,-0.19265112,-0.18752557,-0.09508209,-0.10928798,-0.10702289,-0.09327148,-0.12759323,-0.1529811,-0.15746465,-0.16642433,-0.12812386,-0.0969081,-0.16398169,-0.14305252,-0.11335766,-0.18846886,-0.1706479,-0.1537356,-0.12572311,-0.115196005,-0.11274939,-0.11662802,-0.17528412,-0.1381247,-0.13395348,-0.096878245,-0.12099482,-0.09196329,-0.12434345,-0.13600203,-0.063823454,-0.13877153,-0.11419349,-0.13366841,-0.24483351,-0.2571875,-0.29957527,-0.14577249,-0.15631653,-0.1319283,-0.19104545,-0.0782174,-0.1716694,-0.16373828,-0.09859173,-0.11065883,-0.11491359,-0.076612435,-0.083404,-0.1213824,-0.13072303,-0.13855581,-0.19385117,-0.09898452,-0.15524472,-0.19487974,-0.1906178,-0.1860474,-0.111407176,-0.14313585,-0.10310668,-0.15818384,-0.19299445,-0.17143403,-0.16865566,-0.14260183,-0.14213729,-0.10235179,-0.15296093,-0.16124274,-0.18070045,-0.19401939,-0.12112216,-0.14681488,-0.11423324,-0.080678724,-0.14241464,-0.20725825,-0.16050787,-0.125103,-0.15657571,-0.15690626,-0.14367549,-0.19202894,-0.16234007,-0.18114166,-0.2963242,-0.19798818,-0.18093781,-0.17162463,-0.19238697,-0.15735212,-0.14054683,-0.13022675,-0.12557748,-0.13823849,-0.16303466,-0.30584824,-0.16710287,-0.18016383,-0.19214487,-0.11441202,-0.15021406,-0.14056781,-0.17750219,-0.16634344,-0.16396385,-0.14331086,-0.18237996,-0.12861538,-0.15320443,-0.13696043,-0.24156228,-0.17964114,-0.10337113,-0.13555712,-0.14148705,-0.17341636,-0.110801555,-0.13466331,-0.151506,-0.15917183,-0.18177083,-0.15332907,-0.14845589,-0.19184028,-0.17498635,-0.16346467,-0.14723541,-0.14623587,-0.11499533,-0.10471026,-0.13483469,-0.20148799,-0.17630267,-0.12513243,-0.1662924,-0.18041904,-0.18738703,-0.11705899,-0.17496552,-0.25652745,-0.09286097,-0.092629656,-0.11498895,-0.13567826,-0.1475294,-0.098942086,-0.18791696
k__Bacteria|p__Firmicutes|c__Clostridia|o__Eubacteriales|f__Lachnospiraceae|g__Lachnoanaerobaculum|s__Lachnoanaerobaculum_umeaense,-0.1004395,-0.12316422,-0.14178772,-0.20428483,-0.1668998,-0.19339335,-0.1666669,-0.14486158,-0.12473951,-0.18328255,-0.18323497,-0.22729038,-0.16945997,-0.20537558,-0.102838755,-0.09918231,-0.058144663,-0.09940173,-0.10759358,-0.17068866,-0.1978925,-0.12536043,-0.13607188,-0.151989,-0.171354,-0.11658599,-0.1671719,-0.17358589,-0.1509206,-0.12124001,-0.1349069,-0.10554397,-0.14825766,-0.19576558,-0.18904388,-0.2175087,-0.16088003,-0.22338755,-0.1973413,-0.29867563,-0.29210672,-0.19817723,-0.106895,-0.09162698,-0.13691942,-0.15503187,-0.23188588,-0.1938428,-0.14633816,-0.2026537,-0.18359701,-0.18279888,-0.19726634,-0.19876507,-0.20397991,-0.1574777,-0.12550573,-0.14361636,-0.0917685,-0.09537925,-0.17102718,-0.14202344,-0.13743341,-0.14678764,-0.12719077,-0.15115255,-0.2613474,-0.22333384,-0.18863969,-0.20047067,-0.1454176,-0.14899844,-0.13059235,-0.14263839,-0.15037529,-0.16368194,-0.14622763,-0.16278498,-0.1592863,-0.14998752,-0.14697167,-0.15704796,-0.15302569,-0.22480208,-0.120334074,-0.14136979,-0.118194744,-0.16064876,-0.17383808,-0.15562013,-0.16792859,-0.11139822,-0.1388583,-0.13027036,-0.12832738,-0.15152657,-0.14225182,-0.11512981,-0.10065024,-0.09023231,-0.10519934,-0.120254494,-0.13484858,-0.15027548,-0.16006812,-0.1185138,-0.11129953,-0.1578567,-0.17738779,-0.13331741,-0.16402374,-0.25953975,-0.1485664,-0.13254431,-0.14160964,-0.15095688,-0.17780018,-0.16375816,-0.22917573,-0.09015879,-0.109986775,-0.13456617,-0.12946844,-0.13997786,-0.17370808,-0.13908121,-0.16057305,-0.12777606,-0.07092635,-0.03704006,-0.13715857,-0.16189066,-0.17869207,-0.14332479,-0.12334781,-0.13551277,-0.12023825,-0.13809593,-0.25318068,-0.26654312,-0.08311763,-0.10945694,-0.14413747,-0.09238048,-0.18775186,-0.19027512,-0.15296523,-0.09000018,-0.13230102,-0.14946303,-0.15019973,-0.15878846,-0.17038438,-0.1833149,-0.08766784,-0.123547204,-0.14099033,-0.10256614,-0.17951453,-0.19495486,-0.19094062,-0.099803746,-0.13113372,-0.07943569,-0.12779832,-0.19006202,-0.19317177,-0.19162154,-0.12308654,-0.0749383,-0.096835606,-0.118401065,-0.13638987,-0.12406494,-0.121451,-0.0942668,-0.0964889,-0.108234525,-0.082459606,-0.11264263,-0.13205907,-0.16684437,-0.1410757,-0.13626266,-0.18093297,-0.17825818,-0.19424894,-0.14463522,-0.15549555,-0.1352216,-0.119081676,-0.14001076,-0.19117098,-0.1912409,-0.1812895,-0.19755594,-0.25103784,-0.20219928,-0.19001512,-0.19111004,-0.18247822,-0.17403814,-0.27554205,-0.08916744,-0.11956477,-0.127809,-0.15751183,-0.20931396,-0.18224281,-0.29657933,-0.32474133,-0.15411964,-0.3242122,-0.17325558,-0.17108874,-0.2185038,-0.17647925,-0.114121355,-0.13982314,-0.15388772,-0.15788373,-0.22984435,-0.18186735,-0.25751853,-0.104154445,-0.12455491,-0.13827874,-0.12388315,-0.15189947,-0.15476921,-0.15582737,-0.14014931,-0.15141064,-0.162715,-0.1551362,-0.15326208,-0.15305161,-0.13379677,-0.12278377,-0.14613184,-0.1899508,-0.17700139,-0.21025829,-0.3990198,-0.2035453,-0.11320642,-0.1296617,-0.118284635,-0.14778396,-0.16636807,-0.18626678,-0.19147806,-0.13153085,-0.07621999,-0.1528185,-0.13959423,-0.14106366,-0.11781299,-0.19987361,-0.1649412,-0.1586166,-0.14148627,-0.12340532,-0.12722544,-0.14610182,-0.2588673,-0.10712938,-0.13074079,-0.09132757,-0.12832497,-0.12884057,-0.14963588,-0.15142688,-0.09595509,-0.08910369,-0.12408766,-0.11035402,-0.13776243,-0.1506426,-0.17015937,-0.14270109,-0.11614576,-0.17380124,-0.151681,-0.14217052,-0.12530416,-0.14168462,-0.17466888,-0.13176009,-0.13198712,-0.14558108,-0.122648075,-0.08722703,-0.05825615,-0.14332317,-0.17082691,-0.026243303,-0.16687682,-0.2829064,-0.31316653,-0.1985052,-0.14549655,-0.14331596,-0.14862512,-0.12963767,-0.25088155,-0.19376561,-0.1883032,-0.09434028,-0.10897368,-0.10702289,-0.09331404,-0.12759323,-0.15290937,-0.15746465,-0.16690433,-0.12812386,-0.0969081,-0.16398169,-0.14327441,-0.11335766,-0.18846886,-0.1706479,-0.15379111,-0.12540859,-0.115196005,-0.11267945,-0.11662802,-0.17573214,-0.13822901,-0.13411343,-0.096878245,-0.1209207,-0.09140174,-0.12434345,-0.1355536,-0.063823454,-0.13877153,-0.11419349,-0.13372675,-0.24483351,-0.2571875,-0.29957527,-0.14605123,-0.15655178,-0.13196135,-0.19104545,-0.0782174,-0.17215337,-0.1641188,-0.09859173,-0.11065883,-0.11424486,-0.076612435,-0.083404,-0.1213824,-0.13072303,-0.13855581,-0.19385117,-0.098727986,-0.15552726,-0.19487974,-0.19094232,-0.18677408,-0.110976025,-0.14288524,-0.10253575,-0.15884763,-0.1940261,-0.17257163,-0.1689814,-0.14265034,-0.14234398,-0.101739615,-0.15313222,-0.16142616,-0.18089072,-0.1951249,-0.12094869,-0.14707068,-0.11346116,-0.07960124,-0.14302959,-0.20725825,-0.16056393,-0.125103,-0.15657571,-0.15690626,-0.14352599,-0.19202894,-0.16240254,-0.18165638,-0.2963242,-0.19870663,-0.1811825,-0.17179969,-0.1931467,-0.15755814,-0.14054683,-0.13013162,-0.12557748,-0.138132,-0.16345471,-0.30584824,-0.16659096,-0.18084589,-0.19262579,-0.11441202,-0.15043691,-0.1405283,-0.17790964,-0.16666664,-0.16429937,-0.14331086,-0.18237996,-0.12818557,-0.15326162,-0.13752107,-0.24156228,-0.1794874,-0.102947414,-0.13515615,-0.14160852,-0.17422323,-0.11009956,-0.13440424,-0.15185404,-0.1597502,-0.18174443,-0.15376708,-0.14890467,-0.19184028,-0.17526641,-0.1636945,-0.14723541,-0.14623587,-0.11499533,-0.10471026,-0.134975,-0.20148799,-0.17677405,-0.12513243,-0.1658078,-0.18041904,-0.18738703,-0.11705899,-0.17577821,-0.25958014,-0.09225844,-0.091942996,-0.1146172,-0.13582715,-0.14782584,-0.09833199,-0.18878306
k__Bacteria|p__Firmicutes|c__Clostridia|o__Eubacteriales|f__Lachnospiraceae|g__Lachnospiraceae_unclassified|s__Lachnospiraceae_bacterium_AM48_27BH,-0.1004395,-0.12316422,-0.14002314,-0.20428483,-0.16602536,-0.19262654,-0.1666669,-0.14517999,-0.124275446,-0.18361206,-0.18234423,-0.2199397,-0.1687916,-0.20413038,-0.10326794,-0.0992127,-0.058144663,-0.100582615,-0.10720804,-0.17040059,-0.1978925,-0.12536043,-0.13653097,-0.15288079,-0.17114246,-0.11658599,-0.16727531,-0.1744883,-0.1509206,-0.12124001,-0.13509673,-0.10500896,-0.1478366,-0.19480085,-0.18896776,-0.2175087,-0.15936765,-0.22338755,-0.19563329,-0.29867563,-0.29210672,-0.19733427,-0.10765435,-0.09162698,-0.13691942,-0.15431818,-0.23188588,-0.19293782,-0.146357,-0.2026537,-0.182285,-0.18279888,-0.19556968,-0.19618727,-0.20075718,-0.15947878,-0.1257495,-0.14397123,-0.092731565,-0.09554589,-0.17134641,-0.14281744,-0.13743341,-0.14687255,-0.12719077,-0.15073669,-0.2613474,-0.22333384,-0.1882638,-0.20047067,-0.14615132,-0.14937307,-0.13036287,-0.14253473,-0.15179431,-0.16481327,-0.14722833,-0.16278498,-0.15855436,-0.14998752,-0.1472573,-0.1562537,-0.15312712,-0.22480208,-0.120334074,-0.1414134,-0.1179579,-0.16157249,-0.17412639,-0.15461522,-0.16808543,-0.11139822,-0.1388583,-0.13027036,-0.12888864,-0.15152657,-0.14246723,-0.11586329,-0.10065024,-0.090348855,-0.10576685,-0.12072543,-0.13499856,-0.15027548,-0.16072012,-0.1185138,-0.11129953,-0.1578567,-0.17738779,-0.13388073,-0.16179681,-0.25953975,-0.14832632,-0.13195223,-0.14091861,-0.15095688,-0.17780018,-0.16209349,-0.22917573,-0.09015879,-0.1099367,-0.13447663,-0.12957674,-0.13997786,-0.17291918,-0.13908121,-0.16057305,-0.12777606,-0.07092635,-0.03704006,-0.1366549,-0.16212782,-0.17889577,-0.14332479,-0.12334781,-0.13565966,-0.12023825,-0.13826478,-0.25318068,-0.26654312,-0.083835065,-0.10945694,-0.1451953,-0.09238048,-0.18706204,-0.18937013,-0.15228789,-0.09041931,-0.13230102,-0.14914358,-0.14989942,-0.15871766,-0.17013797,-0.18445745,-0.087614834,-0.123977385,-0.14155817,-0.10256614,-0.17951453,-0.19495486,-0.19111949,-0.10009576,-0.13113372,-0.07922986,-0.12750071,-0.19006202,-0.19286337,-0.19098695,-0.12425132,-0.07561076,-0.09729764,-0.118083894,-0.13648316,-0.12406494,-0.121451,-0.09462091,-0.09654142,-0.10867661,-0.082459606,-0.11292039,-0.13259915,-0.16763516,-0.1410757,-0.13557686,-0.18093297,-0.17825818,-0.1929912,-0.14420214,-0.15549555,-0.13552168,-0.119081676,-0.14001076,-0.19117098,-0.19002199,-0.18031123,-0.19755594,-0.25103784,-0.20219928,-0.18903187,-0.18961132,-0.18167648,-0.17235383,-0.27554205,-0.08916744,-0.11956477,-0.1271368,-0.15751183,-0.20931396,-0.18224281,-0.29657933,-0.32474133,-0.14792177,-0.3242122,-0.17325558,-0.17108874,-0.2185038,-0.17647925,-0.114121355,-0.13910933,-0.15388772,-0.15788373,-0.22984435,-0.18186735,-0.2512085,-0.10432974,-0.12455491,-0.13844791,-0.12421718,-0.15189947,-0.15561917,-0.15697765,-0.14014931,-0.15141064,-0.16367945,-0.1547654,-0.1535062,-0.15240842,-0.13363406,-0.12287735,-0.14590073,-0.19043353,-0.17629157,-0.21025829,-0.3990198,-0.19966409,-0.11353585,-0.1296617,-0.118741065,-0.14767307,-0.16636807,-0.18714935,-0.19095887,-0.13123229,-0.07680308,-0.15333775,-0.13947245,-0.14106366,-0.11850092,-0.19987361,-0.1649412,-0.15764633,-0.14070606,-0.1235159,-0.12722544,-0.14610182,-0.2588673,-0.10702318,-0.13074079,-0.09132757,-0.12832497,-0.12956363,-0.14950186,-0.1525566,-0.09665184,-0.08910369,-0.124417916,-0.11037029,-0.13755944,-0.15047525,-0.17045228,-0.14276496,-0.11618087,-0.17374705,-0.15152848,-0.14254063,-0.12477395,-0.14273456,-0.17466888,-0.13176009,-0.13209903,-0.14581549,-0.12306552,-0.08722703,-0.05825615,-0.14331287,-0.17082691,-0.026243303,-0.16513385,-0.2829064,-0.31316653,-0.19619757,-0.1456016,-0.14331596,-0.14862512,-0.12963767,-0.25088155,-0.1930567,-0.188377,-0.09462209,-0.109664746,-0.10702289,-0.094620794,-0.12759323,-0.15243626,-0.15746465,-0.166839,-0.12812386,-0.0969081,-0.16398169,-0.14468487,-0.11335766,-0.18846886,-0.1706479,-0.15344217,-0.12587753,-0.115196005,-0.1129416,-0.11662802,-0.17659383,-0.13856864,-0.13479161,-0.096878245,-0.121021256,-0.092184305,-0.12434345,-0.13636781,-0.063823454,-0.13877153,-0.11419349,-0.13337588,-0.24483351,-0.2571875,-0.29957527,-0.145941,-0.15661593,-0.13182512,-0.19104545,-0.0782174,-0.17176807,-0.1643414,-0.09859173,-0.11065883,-0.11541304,-0.076612435,-0.083404,-0.1213824,-0.13072303,-0.13855581,-0.19385117,-0.09918906,-0.15492514,-0.19487974,-0.19002056,-0.1863206,-0.11128422,-0.14298533,-0.1035296,-0.15994942,-0.19295558,-0.17348725,-0.16837266,-0.1426141,-0.14247131,-0.1007566,-0.15288043,-0.16115408,-0.17988268,-0.19406074,-0.12137321,-0.14774317,-0.113791585,-0.0803487,-0.14190982,-0.20725825,-0.16059437,-0.125103,-0.15657571,-0.15690626,-0.14303371,-0.19202894,-0.16205482,-0.1822533,-0.2963242,-0.19316174,-0.17941433,-0.17057519,-0.19139975,-0.15650555,-0.14054683,-0.13018043,-0.12557748,-0.13800776,-0.16171426,-0.30584824,-0.16553618,-0.18118909,-0.1917126,-0.11441202,-0.15058696,-0.14019404,-0.17735602,-0.16650051,-0.16466804,-0.14331086,-0.18237996,-0.1272901,-0.15279654,-0.1356585,-0.24156228,-0.17838317,-0.10325537,-0.13470544,-0.14216708,-0.17460474,-0.11004836,-0.13416561,-0.15316778,-0.1601389,-0.1807217,-0.1546505,-0.14895956,-0.19184028,-0.1745565,-0.16492844,-0.14723541,-0.14623587,-0.11499533,-0.10471026,-0.13459027,-0.20148799,-0.17719465,-0.12513243,-0.16505629,-0.18041904,-0.18738703,-0.11705899,-0.17778298,-0.2565695,-0.09262645,-0.092542455,-0.114337124,-0.13599049,-0.14783758,-0.09807438,-0.18899366
k__Bacteria|p__Firmicutes|c__Clostridia|o__Eubacteriales|f__Lachnospiraceae|g__Lachnospiraceae_unclassified|s__Lachnospiraceae_bacterium_Marseille_Q4251,-0.1004395,-0.12316422,-0.14165887,-0.20428483,-0.16724378,-0.19385973,-0.1666669,-0.14524151,-0.12525275,-0.18380919,-0.18393815,-0.22107017,-0.16954647,-0.20323658,-0.10299739,-0.09868623,-0.058144663,-0.09937465,-0.10766412,-0.17118192,-0.1978925,-0.12536043,-0.13652301,-0.1526399,-0.17169388,-0.11658599,-0.16784179,-0.1742468,-0.1509206,-0.12124001,-0.13532712,-0.10550915,-0.14852709,-0.195734,-0.18931895,-0.2175087,-0.16133127,-0.22338755,-0.19720428,-0.29867563,-0.29210672,-0.19804889,-0.107067585,-0.09162698,-0.13691942,-0.15510884,-0.23188588,-0.19403613,-0.14675361,-0.2026537,-0.18464464,-0.18279888,-0.19721767,-0.19807535,-0.2019032,-0.15781772,-0.12572357,-0.14389902,-0.09219235,-0.09544854,-0.17161226,-0.14269438,-0.13743341,-0.14712928,-0.12719077,-0.1516339,-0.2613474,-0.22333384,-0.18929753,-0.20047067,-0.14585328,-0.14947844,-0.13067356,-0.1427498,-0.15087143,-0.16435117,-0.14698042,-0.16278498,-0.1597569,-0.14998752,-0.14746068,-0.15727636,-0.15351582,-0.22480208,-0.120334074,-0.1416632,-0.11826502,-0.16127528,-0.17437801,-0.15589589,-0.16841912,-0.11139822,-0.1388583,-0.13027036,-0.12880641,-0.15152657,-0.1429857,-0.11551358,-0.10065024,-0.090231165,-0.10529549,-0.120443344,-0.13506049,-0.15027548,-0.16061795,-0.1185138,-0.11129953,-0.1578567,-0.17738779,-0.1336827,-0.16415972,-0.25953975,-0.14891636,-0.13271426,-0.14157802,-0.15095688,-0.17780018,-0.16400376,-0.22917573,-0.09015879,-0.11021079,-0.13486129,-0.12964506,-0.13997786,-0.1740174,-0.13908121,-0.16057305,-0.12777606,-0.07092635,-0.03704006,-0.13717057,-0.16238606,-0.17920135,-0.14332479,-0.12334781,-0.13601553,-0.12023825,-0.1382504,-0.25318068,-0.26654312,-0.083257064,-0.10945694,-0.14458412,-0.09238048,-0.18805546,-0.19036174,-0.15287983,-0.0900563,-0.13230102,-0.14975667,-0.15045048,-0.1590997,-0.17080212,-0.1840477,-0.08761421,-0.12372276,-0.14120342,-0.10256614,-0.17951453,-0.19495486,-0.19135082,-0.0999715,-0.13113372,-0.07892664,-0.12779249,-0.19006202,-0.19349897,-0.19187334,-0.123514965,-0.07516648,-0.09694169,-0.11837271,-0.13656746,-0.12406494,-0.121451,-0.09424189,-0.09641416,-0.1083412,-0.082459606,-0.11272635,-0.13237782,-0.16733441,-0.1410757,-0.13647941,-0.18093297,-0.17825818,-0.19427499,-0.14479516,-0.15549555,-0.13548382,-0.119081676,-0.14001076,-0.19117098,-0.19118077,-0.18168736,-0.19755594,-0.25103784,-0.20219928,-0.19064674,-0.19138318,-0.18273796,-0.17406034,-0.27554205,-0.08916744,-0.11956477,-0.1280301,-0.15751183,-0.20931396,-0.18224281,-0.29657933,-0.32474133,-0.15298247,-0.3242122,-0.17325558,-0.17108874,-0.2185038,-0.17647925,-0.114121355,-0.1400516,-0.15388772,-0.15788373,-0.22984435,-0.18186735,-0.25441307,-0.10424607,-0.12455491,-0.13865174,-0.124182895,-0.15189947,-0.15526482,-0.15644225,-0.14014931,-0.15141064,-0.16338706,-0.15556069,-0.15376645,-0.15326872,-0.13382389,-0.123131886,-0.14666235,-0.19052875,-0.17732324,-0.21025829,-0.3990198,-0.2016424,-0.113380834,-0.1296617,-0.11838225,-0.1481193,-0.16636807,-0.18700561,-0.1919578,-0.1317153,-0.0764792,-0.15328164,-0.13988774,-0.14106366,-0.11818234,-0.19987361,-0.1649412,-0.15904763,-0.14154235,-0.1235611,-0.12722544,-0.14610182,-0.2588673,-0.10714492,-0.13074079,-0.09132757,-0.12832497,-0.12918949,-0.15005575,-0.15198314,-0.09609416,-0.08910369,-0.12428692,-0.11044116,-0.13789518,-0.15102752,-0.17050461,-0.14311333,-0.11652927,-0.17416592,-0.15210822,-0.14242658,-0.12537025,-0.14223236,-0.17466888,-0.13176009,-0.13236302,-0.14594428,-0.12282526,-0.08722703,-0.05825615,-0.143637,-0.17082691,-0.026243303,-0.16679692,-0.2829064,-0.31316653,-0.19798973,-0.14582644,-0.14331596,-0.14862512,-0.12963767,-0.25088155,-0.19393143,-0.18889114,-0.094528094,-0.109232135,-0.10702289,-0.09345488,-0.12759323,-0.15321606,-0.15746465,-0.16727163,-0.12812386,-0.0969081,-0.16398169,-0.14376968,-0.11335766,-0.18846886,-0.1706479,-0.15413757,-0.12584215,-0.115196005,-0.112802744,-0.11662802,-0.17631847,-0.13854972,-0.13440478,-0.096878245,-0.12096375,-0.09151217,-0.12434345,-0.13608098,-0.063823454,-0.13877153,-0.11419349,-0.13377765,-0.24483351,-0.2571875,-0.29957527,-0.14630729,-0.15692116,-0.1322411,-0.19104545,-0.0782174,-0.17258173,-0.164457,-0.09859173,-0.11065883,-0.11481536,-0.076612435,-0.083404,-0.1213824,-0.13072303,-0.13855581,-0.19385117,-0.098837845,-0.15594232,-0.19487974,-0.1914182,-0.18707758,-0.11119139,-0.14312571,-0.10303262,-0.1595101,-0.19434977,-0.1729613,-0.16926214,-0.14292967,-0.14256412,-0.1016256,-0.15338233,-0.16177829,-0.1812205,-0.19508982,-0.121256724,-0.14748847,-0.11392047,-0.07992655,-0.14295305,-0.20725825,-0.16107067,-0.125103,-0.15657571,-0.15690626,-0.14382273,-0.19202894,-0.1629143,-0.18236122,-0.2963242,-0.19772065,-0.18118243,-0.17171894,-0.1929737,-0.15755843,-0.14054683,-0.1303708,-0.12557748,-0.1384821,-0.16323161,-0.30584824,-0.16719085,-0.1813893,-0.19300252,-0.11441202,-0.15073976,-0.14064258,-0.17828035,-0.16711304,-0.16477633,-0.14331086,-0.18237996,-0.12847891,-0.15359974,-0.13734722,-0.24156228,-0.17980772,-0.10301529,-0.1353922,-0.14199953,-0.1747184,-0.110277705,-0.13469115,-0.15242225,-0.16002707,-0.18211982,-0.15425351,-0.14926186,-0.19184028,-0.1757467,-0.16443697,-0.14723541,-0.14623587,-0.11499533,-0.10471026,-0.13505946,-0.20148799,-0.17737736,-0.12513243,-0.16616023,-0.18041904,-0.18738703,-0.11705899,-0.17671904,-0.2588209,-0.09232673,-0.09205875,-0.11473054,-0.13599676,-0.14802127,-0.098349884,-0.18927187
k__Bacteria|p__Firmicutes|c__Clostridia|o__Eubacteriales|f__Lachnospiraceae|g__Luxibacter|s__Luxibacter_massiliensis,-0.1004395,-0.12316422,-0.14304331,-0.20428483,-0.1689196,-0.19351369,-0.1666669,-0.14508735,-0.12569496,-0.18243814,-0.18365967,-0.22803774,-0.16894646,-0.20483789,-0.103859305,-0.100110255,-0.058144663,-0.09959626,-0.10905838,-0.17089051,-0.1978925,-0.12536043,-0.13647622,-0.152073,-0.17174199,-0.11658599,-0.16762593,-0.17322835,-0.1509206,-0.12124001,-0.1355154,-0.106960714,-0.1487643,-0.19567943,-0.18863355,-0.2175087,-0.16322987,-0.22338755,-0.19849926,-0.29867563,-0.29210672,-0.19773623,-0.10754615,-0.09162698,-0.13691942,-0.15584618,-0.23188588,-0.1945462,-0.14684421,-0.2026537,-0.1859251,-0.18279888,-0.19799337,-0.19892472,-0.20337427,-0.155364,-0.12615114,-0.14386356,-0.09258193,-0.09645596,-0.17106879,-0.14220116,-0.13743341,-0.14726332,-0.12719077,-0.15147343,-0.2613474,-0.22333384,-0.18959332,-0.20047067,-0.14548379,-0.14939773,-0.13132238,-0.14295854,-0.14954603,-0.16347778,-0.14616293,-0.16278498,-0.16076377,-0.14998752,-0.14758722,-0.15787508,-0.15327252,-0.22480208,-0.120334074,-0.14179446,-0.11912912,-0.1603638,-0.17384414,-0.15678063,-0.1679183,-0.11139822,-0.1388583,-0.13027036,-0.12861055,-0.15152657,-0.14289293,-0.11557791,-0.10065024,-0.09121768,-0.10561101,-0.12067455,-0.13534403,-0.15027548,-0.16010545,-0.1185138,-0.11129953,-0.1578567,-0.17738779,-0.1332812,-0.16555023,-0.25953975,-0.14920728,-0.1335163,-0.14225265,-0.15095688,-0.17780018,-0.16526291,-0.22917573,-0.09015879,-0.110977516,-0.13518843,-0.12992708,-0.13997786,-0.17439786,-0.13908121,-0.16057305,-0.12777606,-0.07092635,-0.03704006,-0.1379222,-0.16198486,-0.17868544,-0.14332479,-0.12334781,-0.13611697,-0.12023825,-0.13835627,-0.25318068,-0.26654312,-0.08426825,-0.10945694,-0.14375195,-0.09238048,-0.18782085,-0.19086069,-0.15371546,-0.091163136,-0.13230102,-0.14999816,-0.15075803,-0.15911081,-0.17084445,-0.18259516,-0.08923525,-0.12392178,-0.14139915,-0.10256614,-0.17951453,-0.19495486,-0.19056478,-0.100759275,-0.13113372,-0.08022328,-0.1281318,-0.19006202,-0.19352415,-0.19190168,-0.12328105,-0.07657382,-0.097637735,-0.119144045,-0.13668238,-0.12406494,-0.121451,-0.095274284,-0.097408585,-0.108818375,-0.082459606,-0.11294618,-0.13217422,-0.16647914,-0.1410757,-0.13735327,-0.18093297,-0.17825818,-0.19472426,-0.145262,-0.15549555,-0.13551456,-0.119081676,-0.14001076,-0.19117098,-0.19218406,-0.18218845,-0.19755594,-0.25103784,-0.20219928,-0.1910334,-0.19224676,-0.18269601,-0.1750375,-0.27554205,-0.08916744,-0.11956477,-0.12890932,-0.15751183,-0.20931396,-0.18224281,-0.29657933,-0.32474133,-0.1562449,-0.3242122,-0.17325558,-0.17108874,-0.2185038,-0.17647925,-0.114121355,-0.14100754,-0.15388772,-0.15788373,-0.22984435,-0.18186735,-0.25740206,-0.10516426,-0.12455491,-0.13868824,-0.12439677,-0.15189947,-0.15464324,-0.1555895,-0.14014931,-0.15141064,-0.16245168,-0.15613261,-0.15354861,-0.15389046,-0.13431787,-0.1236195,-0.14664677,-0.18926947,-0.17739826,-0.21025829,-0.3990198,-0.20089161,-0.11383195,-0.1296617,-0.11831379,-0.14804898,-0.16636807,-0.18567352,-0.19181187,-0.13257858,-0.077402554,-0.15263166,-0.14038262,-0.14106366,-0.1178725,-0.19987361,-0.1649412,-0.16003688,-0.1422977,-0.124127306,-0.12722544,-0.14610182,-0.2588673,-0.10816277,-0.13074079,-0.09132757,-0.12832497,-0.12899625,-0.15048504,-0.15130454,-0.09678173,-0.08910369,-0.124425344,-0.11140065,-0.13830087,-0.15123942,-0.17001054,-0.14333542,-0.1171395,-0.17381644,-0.15224765,-0.14237928,-0.12650199,-0.14106694,-0.17466888,-0.13176009,-0.13247117,-0.14587931,-0.12330325,-0.08722703,-0.05825615,-0.14373913,-0.17082691,-0.026243303,-0.16840138,-0.2829064,-0.31316653,-0.19724615,-0.1459132,-0.14331596,-0.14862512,-0.12963767,-0.25088155,-0.19449626,-0.18826637,-0.095454924,-0.10945746,-0.10702289,-0.093014695,-0.12759323,-0.15320763,-0.15746465,-0.16710165,-0.12812386,-0.0969081,-0.16398169,-0.1429927,-0.11335766,-0.18846886,-0.1706479,-0.15471172,-0.12609756,-0.115196005,-0.11307134,-0.11662802,-0.1750647,-0.13862726,-0.13435502,-0.096878245,-0.12142512,-0.09200798,-0.12434345,-0.1357784,-0.063823454,-0.13877153,-0.11419349,-0.13445784,-0.24483351,-0.2571875,-0.29957527,-0.14657798,-0.15679145,-0.13254961,-0.19104545,-0.0782174,-0.17227134,-0.16426875,-0.09859173,-0.11065883,-0.11459185,-0.076612435,-0.083404,-0.1213824,-0.13072303,-0.13855581,-0.19385117,-0.09988773,-0.15636352,-0.19487974,-0.19168857,-0.18690884,-0.11186126,-0.14361502,-0.10295646,-0.15838467,-0.19416012,-0.171152,-0.16977736,-0.14327447,-0.1427207,-0.10336113,-0.15340243,-0.16186538,-0.18148574,-0.19519567,-0.12149184,-0.14701012,-0.11427584,-0.08033474,-0.14376202,-0.20725825,-0.16153532,-0.125103,-0.15657571,-0.15690626,-0.1443498,-0.19202894,-0.16330141,-0.18143004,-0.2963242,-0.20181051,-0.18173833,-0.17271179,-0.19388938,-0.15840304,-0.14054683,-0.13086618,-0.12557748,-0.1388809,-0.16514246,-0.30584824,-0.1679761,-0.18095744,-0.19320166,-0.11441202,-0.15053555,-0.14131473,-0.17827839,-0.16725522,-0.16431168,-0.14331086,-0.18237996,-0.12966065,-0.1536875,-0.13873148,-0.24156228,-0.18092318,-0.10391832,-0.13625243,-0.14169604,-0.17422369,-0.11133622,-0.13520215,-0.15131441,-0.15983115,-0.18278676,-0.15341988,-0.14950086,-0.19184028,-0.17638546,-0.16337168,-0.14723541,-0.14623587,-0.11499533,-0.10471026,-0.13523947,-0.20148799,-0.1771133,-0.12513243,-0.16669244,-0.18041904,-0.18738703,-0.11705899,-0.17414843,-0.25970525,-0.09336932,-0.09277058,-0.1156971,-0.13597864,-0.14816865,-0.099538535,-0.18844171
k__Bacteria|p__Firmicutes|c__Clostridia|o__Eubacteriales|f__Lachnospiraceae|g__Lachnoclostridium|s__Lachnoclostridium_SGB4602,-0.1004395,-0.12316422,-0.14161135,-0.20428483,-0.16677314,-0.19396979,-0.1666669,-0.1452724,-0.1250624,-0.18396372,-0.18352678,-0.22669661,-0.17112252,-0.2046573,-0.10331577,-0.09917924,-0.058144663,-0.09984747,-0.10765039,-0.17119315,-0.1978925,-0.12536043,-0.1365872,-0.15278864,-0.17192978,-0.11658599,-0.16767184,-0.17446007,-0.1509206,-0.12124001,-0.13523597,-0.105565645,-0.14845426,-0.19622758,-0.18986812,-0.2175087,-0.16041464,-0.22338755,-0.19744717,-0.29867563,-0.29210672,-0.19909394,-0.10724026,-0.09162698,-0.13691942,-0.15505475,-0.23188588,-0.19426733,-0.14696369,-0.2026537,-0.18333343,-0.18279888,-0.19756638,-0.19924915,-0.20502473,-0.15906583,-0.12589902,-0.14408754,-0.09221092,-0.09562048,-0.17154583,-0.14278157,-0.13743341,-0.14716497,-0.12719077,-0.15139984,-0.2613474,-0.22333384,-0.1890538,-0.20047067,-0.14603402,-0.14956339,-0.1308845,-0.14306834,-0.15140653,-0.164513,-0.14709464,-0.16278498,-0.15917794,-0.14998752,-0.14751148,-0.15714902,-0.1536079,-0.22480208,-0.120334074,-0.14174816,-0.118349396,-0.16131686,-0.17444927,-0.15585308,-0.16868757,-0.11139822,-0.1388583,-0.13027036,-0.12903303,-0.15152657,-0.14286911,-0.115829706,-0.10065024,-0.090401046,-0.10558607,-0.120614104,-0.13515538,-0.15027548,-0.16074848,-0.1185138,-0.11129953,-0.1578567,-0.17738779,-0.13407092,-0.1642226,-0.25953975,-0.1488053,-0.13264695,-0.14191966,-0.15095688,-0.17780018,-0.16363448,-0.22917573,-0.09015879,-0.11014791,-0.13482511,-0.12995529,-0.13997786,-0.17397794,-0.13908121,-0.16057305,-0.12777606,-0.07092635,-0.03704006,-0.13723102,-0.16251484,-0.1794112,-0.14332479,-0.12334781,-0.13588047,-0.12023825,-0.13864054,-0.25318068,-0.26654312,-0.08341321,-0.10945694,-0.14505194,-0.09238048,-0.18812135,-0.1906896,-0.15340263,-0.09020772,-0.13230102,-0.14973512,-0.1504949,-0.1591975,-0.17088664,-0.18449208,-0.08768848,-0.12400712,-0.14110684,-0.10256614,-0.17951453,-0.19495486,-0.19190885,-0.10030699,-0.13113372,-0.079845026,-0.12837891,-0.19006202,-0.1938304,-0.19224116,-0.12368557,-0.07513295,-0.097168,-0.11866325,-0.13680282,-0.12406494,-0.121451,-0.09454991,-0.09672619,-0.10864778,-0.082459606,-0.11313544,-0.13266519,-0.16757108,-0.1410757,-0.13633072,-0.18093297,-0.17825818,-0.19461071,-0.14505455,-0.15549555,-0.13579646,-0.119081676,-0.14001076,-0.19117098,-0.1913122,-0.18151227,-0.19755594,-0.25103784,-0.20219928,-0.19041035,-0.1912737,-0.18299364,-0.17403212,-0.27554205,-0.08916744,-0.11956477,-0.12793939,-0.15751183,-0.20931396,-0.18224281,-0.29657933,-0.32474133,-0.1528433,-0.3242122,-0.17325558,-0.17108874,-0.2185038,-0.17647925,-0.114121355,-0.13986991,-0.15388772,-0.15788373,-0.22984435,-0.18186735,-0.25766736,-0.104432814,-0.12455491,-0.13872957,-0.12443454,-0.15189947,-0.15544662,-0.15674323,-0.14014931,-0.15141064,-0.16350327,-0.15534775,-0.15375051,-0.15338545,-0.13425012,-0.12319462,-0.14647093,-0.19075029,-0.17742546,-0.21025829,-0.3990198,-0.20431718,-0.113602504,-0.1296617,-0.11879158,-0.14841297,-0.16636807,-0.1871945,-0.19207743,-0.131742,-0.0765268,-0.15359333,-0.13992447,-0.14106366,-0.11822322,-0.19987361,-0.1649412,-0.15852863,-0.1417175,-0.12395439,-0.12722544,-0.14610182,-0.2588673,-0.1073433,-0.13074079,-0.09132757,-0.12832497,-0.1295038,-0.15000734,-0.15226205,-0.09633458,-0.08910369,-0.124586895,-0.11061826,-0.13806513,-0.15105811,-0.17090788,-0.1432029,-0.11648764,-0.17421444,-0.152188,-0.1426878,-0.12551068,-0.14266033,-0.17466888,-0.13176009,-0.1324479,-0.14613816,-0.12325557,-0.08722703,-0.05825615,-0.14375563,-0.17082691,-0.026243303,-0.1666174,-0.2829064,-0.31316653,-0.19912833,-0.14586812,-0.14331596,-0.14862512,-0.12963767,-0.25088155,-0.19434601,-0.18915792,-0.0947154,-0.10938825,-0.10702289,-0.09419059,-0.12759323,-0.15327516,-0.15746465,-0.16729759,-0.12812386,-0.0969081,-0.16398169,-0.14411168,-0.11335766,-0.18846886,-0.1706479,-0.15404247,-0.12593865,-0.115196005,-0.11318292,-0.11662802,-0.17652623,-0.13871297,-0.13466853,-0.096878245,-0.12136102,-0.091834225,-0.12434345,-0.13618122,-0.063823454,-0.13877153,-0.11419349,-0.13390514,-0.24483351,-0.2571875,-0.29957527,-0.14636764,-0.1569536,-0.13250135,-0.19104545,-0.0782174,-0.17274071,-0.16483866,-0.09859173,-0.11065883,-0.1148779,-0.076612435,-0.083404,-0.1213824,-0.13072303,-0.13855581,-0.19385117,-0.09905939,-0.15596235,-0.19487974,-0.19136521,-0.187488,-0.11138399,-0.14314076,-0.10316475,-0.1596558,-0.1943616,-0.17366427,-0.16949789,-0.14297433,-0.1427179,-0.10162093,-0.15363653,-0.16172326,-0.18121427,-0.19566199,-0.12142856,-0.14771947,-0.113881364,-0.08001621,-0.14336604,-0.20725825,-0.1609583,-0.125103,-0.15657571,-0.15690626,-0.14362516,-0.19202894,-0.16280797,-0.18256146,-0.2963242,-0.19750777,-0.18181434,-0.17188874,-0.19325791,-0.15800717,-0.14054683,-0.130484,-0.12557748,-0.13860817,-0.16345015,-0.30584824,-0.16685417,-0.18182647,-0.19285624,-0.11441202,-0.15114303,-0.14069758,-0.17823991,-0.16726676,-0.16492037,-0.14331086,-0.18237996,-0.12832716,-0.15350586,-0.1377803,-0.24156228,-0.17950094,-0.10325128,-0.13522984,-0.14228891,-0.1748969,-0.110342994,-0.1348243,-0.1529167,-0.16013362,-0.18175164,-0.15473941,-0.14942896,-0.19184028,-0.17554528,-0.16471863,-0.14723541,-0.14623587,-0.11499533,-0.10471026,-0.13536048,-0.20148799,-0.17745149,-0.12513243,-0.16520272,-0.18041904,-0.18738703,-0.11705899,-0.17739475,-0.25995964,-0.09254041,-0.09231329,-0.11474899,-0.13635865,-0.14833182,-0.09855884,-0.18956298
k__Bacteria|p__Firmicutes|c__Clostridia|o__Eubacteriales|f__Lachnospiraceae|g__Oribacterium|s__Oribacterium_parvum,-0.1004395,-0.12316422,-0.14193617,-0.20428483,-0.16713974,-0.19351035,-0.1666669,-0.14511861,-0.12501344,-0.18357787,-0.18310493,-0.22804436,-0.16926077,-0.20550567,-0.10321376,-0.099581786,-0.058144663,-0.09964667,-0.10787597,-0.17081106,-0.1978925,-0.12536043,-0.13625291,-0.15222389,-0.17160165,-0.11658599,-0.16737829,-0.17380676,-0.1509206,-0.12124001,-0.13513708,-0.105889626,-0.14839399,-0.19597968,-0.18918948,-0.2175087,-0.16109714,-0.22338755,-0.1976468,-0.29867563,-0.29210672,-0.19827512,-0.107214436,-0.09162698,-0.13691942,-0.15516347,-0.23188588,-0.19391835,-0.14653863,-0.2026537,-0.18393403,-0.18279888,-0.19770592,-0.19883075,-0.20423308,-0.15741894,-0.12577042,-0.14380662,-0.092110485,-0.0957427,-0.17119797,-0.14226341,-0.13743341,-0.14697514,-0.12719077,-0.1513148,-0.2613474,-0.22333384,-0.18881206,-0.20047067,-0.14565459,-0.1492388,-0.13085599,-0.14281708,-0.15054333,-0.16395919,-0.14649354,-0.16278498,-0.15954262,-0.14998752,-0.14719644,-0.15720835,-0.15318912,-0.22480208,-0.120334074,-0.14153461,-0.11841877,-0.16083026,-0.1739949,-0.15578961,-0.16809654,-0.11139822,-0.1388583,-0.13027036,-0.12857139,-0.15152657,-0.14245223,-0.115490034,-0.10065024,-0.09057899,-0.105474345,-0.1205238,-0.13502166,-0.15027548,-0.16029015,-0.1185138,-0.11129953,-0.1578567,-0.17738779,-0.13366777,-0.16429956,-0.25953975,-0.14875668,-0.13274434,-0.1418268,-0.15095688,-0.17780018,-0.1638179,-0.22917573,-0.09015879,-0.11017397,-0.13477865,-0.129726,-0.13997786,-0.17383215,-0.13908121,-0.16057305,-0.12777606,-0.07092635,-0.03704006,-0.13725486,-0.16200289,-0.17887485,-0.14332479,-0.12334781,-0.1357471,-0.12023825,-0.13831225,-0.25318068,-0.26654312,-0.08350318,-0.10945694,-0.1443559,-0.09238048,-0.18775427,-0.19043714,-0.15310279,-0.09032246,-0.13230102,-0.14959234,-0.15038481,-0.15900226,-0.17057747,-0.18355748,-0.08801262,-0.123842806,-0.1412236,-0.10256614,-0.17951453,-0.19495486,-0.19118075,-0.10015926,-0.13113372,-0.07985965,-0.12793495,-0.19006202,-0.1933988,-0.19177154,-0.12332526,-0.075448245,-0.097225055,-0.11866215,-0.13656901,-0.12406494,-0.121451,-0.094608605,-0.09677404,-0.10853009,-0.082459606,-0.1129041,-0.13220271,-0.16700508,-0.1410757,-0.13648054,-0.18093297,-0.17825818,-0.19440174,-0.14480639,-0.15549555,-0.13548125,-0.119081676,-0.14001076,-0.19117098,-0.19144075,-0.1815247,-0.19755594,-0.25103784,-0.20219928,-0.19005089,-0.19130862,-0.18260074,-0.17410472,-0.27554205,-0.08916744,-0.11956477,-0.12794748,-0.15751183,-0.20931396,-0.18224281,-0.29657933,-0.32474133,-0.15355888,-0.3242122,-0.17325558,-0.17108874,-0.2185038,-0.17647925,-0.114121355,-0.14004089,-0.15388772,-0.15788373,-0.22984435,-0.18186735,-0.25792533,-0.104452595,-0.12455491,-0.13849296,-0.12414268,-0.15189947,-0.15489806,-0.15605338,-0.14014931,-0.15141064,-0.16293545,-0.15533598,-0.15347444,-0.1532324,-0.13405237,-0.12306738,-0.14629835,-0.19013833,-0.17696768,-0.21025829,-0.3990198,-0.2029798,-0.11345651,-0.1296617,-0.11854315,-0.14794478,-0.16636807,-0.18642983,-0.19168371,-0.13169414,-0.0767028,-0.15303262,-0.13982159,-0.14106366,-0.11785372,-0.19987361,-0.1649412,-0.15877143,-0.14167367,-0.12367217,-0.12722544,-0.14610182,-0.2588673,-0.10736252,-0.13074079,-0.09132757,-0.12832497,-0.12905988,-0.14975184,-0.15167426,-0.096301645,-0.08910369,-0.124325305,-0.110616796,-0.13790372,-0.15079598,-0.17035362,-0.14293548,-0.116358936,-0.17391288,-0.15183952,-0.14232227,-0.12556304,-0.14179006,-0.17466888,-0.13176009,-0.13222411,-0.14578922,-0.12298457,-0.08722703,-0.05825615,-0.14349753,-0.17082691,-0.026243303,-0.16697313,-0.2829064,-0.31316653,-0.19839886,-0.14567488,-0.14331596,-0.14862512,-0.12963767,-0.25088155,-0.19399491,-0.1885054,-0.094637066,-0.109321415,-0.10702289,-0.093722455,-0.12759323,-0.15295343,-0.15746465,-0.16712686,-0.12812386,-0.0969081,-0.16398169,-0.14346418,-0.11335766,-0.18846886,-0.1706479,-0.15397915,-0.12575959,-0.115196005,-0.1129655,-0.11662802,-0.17588389,-0.138464,-0.13438427,-0.096878245,-0.121205956,-0.091709144,-0.12434345,-0.13573936,-0.063823454,-0.13877153,-0.11419349,-0.13391122,-0.24483351,-0.2571875,-0.29957527,-0.1462385,-0.15676711,-0.1322377,-0.19104545,-0.0782174,-0.17236553,-0.16437429,-0.09859173,-0.11065883,-0.114482656,-0.076612435,-0.083404,-0.1213824,-0.13072303,-0.13855581,-0.19385117,-0.099099055,-0.15574765,-0.19487974,-0.19115,-0.18699344,-0.11123673,-0.1430654,-0.102849305,-0.15914783,-0.19417875,-0.1726212,-0.16917036,-0.14283586,-0.14257205,-0.10200018,-0.1532822,-0.16162148,-0.18103807,-0.19527268,-0.1211745,-0.14727965,-0.113753274,-0.08000002,-0.143219,-0.20725825,-0.16080931,-0.125103,-0.15657571,-0.15690626,-0.14369562,-0.19202894,-0.16258733,-0.18187043,-0.2963242,-0.1988746,-0.18139674,-0.17189726,-0.19320543,-0.15770678,-0.14054683,-0.13035141,-0.12557748,-0.1383265,-0.16362979,-0.30584824,-0.16682182,-0.18116648,-0.19282013,-0.11441202,-0.15057246,-0.14067411,-0.17801991,-0.16693705,-0.16449155,-0.14331086,-0.18237996,-0.12844825,-0.15340263,-0.13778709,-0.24156228,-0.17962573,-0.103258654,-0.13533227,-0.1418712,-0.1744146,-0.11035073,-0.1346021,-0.15209806,-0.15994549,-0.18194163,-0.15400729,-0.1491327,-0.19184028,-0.17541468,-0.1639554,-0.14723541,-0.14623587,-0.11499533,-0.10471026,-0.13508105,-0.20148799,-0.1769687,-0.12513243,-0.16588446,-0.18041904,-0.18738703,-0.11705899,-0.17612696,-0.259991,-0.09261191,-0.09228033,-0.114877135,-0.13603276,-0.14803287,-0.09858137,-0.18895036
k__Bacteria|p__Firmicutes|c__Clostridia|o__Eubacteriales|f__Lachnospiraceae|g__Oribacterium|s__Oribacterium_SGB5287,-0.1004395,-0.12316422,-0.14140275,-0.20428483,-0.16616762,-0.19267492,-0.1666669,-0.14440838,-0.124688774,-0.18279177,-0.18229154,-0.22416237,-0.16920245,-0.20387182,-0.10281785,-0.09893988,-0.058144663,-0.099436626,-0.10747729,-0.1702308,-0.1978925,-0.12536043,-0.13580656,-0.1515987,-0.17075391,-0.11658599,-0.16675642,-0.17303473,-0.1509206,-0.12124001,-0.13460645,-0.10559322,-0.14787555,-0.19501269,-0.18851674,-0.2175087,-0.15996553,-0.22338755,-0.19616441,-0.29867563,-0.29210672,-0.19774914,-0.1069369,-0.09162698,-0.13691942,-0.15442926,-0.23188588,-0.19302627,-0.14617938,-0.2026537,-0.18255985,-0.18279888,-0.19620875,-0.19759342,-0.20282848,-0.15735728,-0.12534365,-0.14329916,-0.0918732,-0.095462054,-0.17062183,-0.1416558,-0.13743341,-0.14633882,-0.12719077,-0.15080437,-0.2613474,-0.22333384,-0.18794173,-0.20047067,-0.1450995,-0.14861313,-0.13041562,-0.14233111,-0.15022452,-0.16310614,-0.14593297,-0.16278498,-0.1584636,-0.14998752,-0.14664945,-0.15647942,-0.15268397,-0.22480208,-0.120334074,-0.14103517,-0.11802854,-0.16031946,-0.17325366,-0.15495512,-0.16740394,-0.11139822,-0.1388583,-0.13027036,-0.12832367,-0.15152657,-0.14209959,-0.11497493,-0.10065024,-0.090362445,-0.1053399,-0.120240934,-0.13468774,-0.15027548,-0.15966102,-0.1185138,-0.11129953,-0.1578567,-0.17738779,-0.13287258,-0.16341889,-0.25953975,-0.14807123,-0.13225141,-0.14118585,-0.15095688,-0.17780018,-0.16311194,-0.22917573,-0.09015879,-0.109816134,-0.13424118,-0.12923622,-0.13997786,-0.1730043,-0.13908121,-0.16057305,-0.12777606,-0.07092635,-0.03704006,-0.13689703,-0.16165082,-0.17793155,-0.14332479,-0.12334781,-0.13528076,-0.12023825,-0.13792476,-0.25318068,-0.26654312,-0.08342552,-0.10945694,-0.14402543,-0.09238048,-0.1872019,-0.18953268,-0.15260962,-0.09022248,-0.13230102,-0.14903544,-0.14975682,-0.15830973,-0.16988604,-0.18293059,-0.08782031,-0.12320794,-0.14037508,-0.10256614,-0.17951453,-0.19495486,-0.19021025,-0.099925295,-0.13113372,-0.079691336,-0.12785158,-0.19006202,-0.19254985,-0.19083449,-0.122819185,-0.07524098,-0.096948504,-0.118250445,-0.13614002,-0.12406494,-0.121451,-0.09430303,-0.096526444,-0.10830831,-0.082459606,-0.112707615,-0.13207418,-0.1663719,-0.1410757,-0.13589385,-0.18093297,-0.17825818,-0.19341983,-0.1444004,-0.15549555,-0.13493809,-0.119081676,-0.14001076,-0.19117098,-0.19031207,-0.18047921,-0.19755594,-0.25103784,-0.20219928,-0.18947765,-0.19030458,-0.18190068,-0.17348444,-0.27554205,-0.08916744,-0.11956477,-0.12771624,-0.15751183,-0.20931396,-0.18224281,-0.29657933,-0.32474133,-0.15253335,-0.3242122,-0.17325558,-0.17108874,-0.2185038,-0.17647925,-0.114121355,-0.13944319,-0.15388772,-0.15788373,-0.22984435,-0.18186735,-0.25583425,-0.10416368,-0.12455491,-0.13807853,-0.123922564,-0.15189947,-0.15450823,-0.15552187,-0.14014931,-0.15141064,-0.16232842,-0.15455794,-0.1528205,-0.15248242,-0.13356568,-0.12265965,-0.1458493,-0.1893454,-0.17632109,-0.21025829,-0.3990198,-0.20334247,-0.1131642,-0.1296617,-0.11826129,-0.1475189,-0.16636807,-0.1857341,-0.19080499,-0.13112749,-0.076773524,-0.15260024,-0.13939768,-0.14106366,-0.1175112,-0.19987361,-0.1649412,-0.15788652,-0.14102915,-0.123250976,-0.12722544,-0.14610182,-0.2588673,-0.10708141,-0.13074079,-0.09132757,-0.12832497,-0.12884359,-0.1493032,-0.15111378,-0.096060336,-0.08910369,-0.12401908,-0.11040851,-0.13750756,-0.15035099,-0.16963679,-0.14236733,-0.11615607,-0.17312919,-0.1513604,-0.1418829,-0.1250841,-0.14142963,-0.17466888,-0.13176009,-0.13187192,-0.14514622,-0.122496024,-0.08722703,-0.05825615,-0.14285335,-0.17082691,-0.026243303,-0.16592237,-0.2829064,-0.31316653,-0.19791918,-0.14510378,-0.14331596,-0.14862512,-0.12963767,-0.25088155,-0.19299619,-0.18767183,-0.09451023,-0.108962774,-0.10702289,-0.09365073,-0.12759323,-0.15247425,-0.15746465,-0.16618587,-0.12812386,-0.0969081,-0.16398169,-0.14312062,-0.11335766,-0.18846886,-0.1706479,-0.15320452,-0.1252137,-0.115196005,-0.11262739,-0.11662802,-0.1752275,-0.13794604,-0.13389811,-0.096878245,-0.120781586,-0.09170239,-0.12434345,-0.13527328,-0.063823454,-0.13877153,-0.11419349,-0.13343933,-0.24483351,-0.2571875,-0.29957527,-0.14564157,-0.15607199,-0.13191287,-0.19104545,-0.0782174,-0.17166078,-0.16348727,-0.09859173,-0.11065883,-0.11414315,-0.076612435,-0.083404,-0.1213824,-0.13072303,-0.13855581,-0.19385117,-0.098819405,-0.1550652,-0.19487974,-0.19030562,-0.18610443,-0.11104326,-0.14246339,-0.10282798,-0.15850931,-0.1933077,-0.1720696,-0.16846877,-0.14228983,-0.14193687,-0.10164271,-0.15276192,-0.16082932,-0.18020858,-0.19430345,-0.12094038,-0.14668262,-0.11340252,-0.08003711,-0.14269508,-0.20725825,-0.16005686,-0.125103,-0.15657571,-0.15690626,-0.14305574,-0.19202894,-0.16193719,-0.18112276,-0.2963242,-0.19759339,-0.18061097,-0.17128843,-0.19248539,-0.1570051,-0.14054683,-0.12997189,-0.12557748,-0.13784702,-0.16284302,-0.30584824,-0.16597408,-0.18031359,-0.19184259,-0.11441202,-0.15015575,-0.14024179,-0.17725024,-0.16613954,-0.16380882,-0.14331086,-0.18237996,-0.12792066,-0.1526353,-0.13705125,-0.24156228,-0.17885844,-0.103042796,-0.1347627,-0.14145386,-0.17366953,-0.1101246,-0.13424516,-0.15159243,-0.15913081,-0.18106663,-0.15353388,-0.14868405,-0.19184028,-0.17465648,-0.16323397,-0.14723541,-0.14623587,-0.11499533,-0.10471026,-0.13486266,-0.20148799,-0.17619482,-0.12513243,-0.16485235,-0.18041904,-0.18738703,-0.11705899,-0.17533985,-0.25858968,-0.09239669,-0.092120856,-0.11455416,-0.13564536,-0.14747155,-0.098498985,-0.1881955
k__Bacteria|p__Firmicutes|c__Clostridia|o__Eubacteriales|f__Lachnospiraceae|g__Merdimonas|s__Merdimonas_faecis,-0.1004395,-0.12316422,-0.14072913,-0.20428483,-0.165461,-0.19033408,-0.1666669,-0.14322849,-0.12495528,-0.18025476,-0.18092045,-0.20923203,-0.16728927,-0.1964198,-0.10272946,-0.09855456,-0.058144663,-0.09883103,-0.10772837,-0.16847649,-0.1978925,-0.12536043,-0.13498503,-0.1500737,-0.16858974,-0.11658599,-0.16600621,-0.17082801,-0.1509206,-0.12124001,-0.13445407,-0.10558158,-0.14716125,-0.1911557,-0.1855442,-0.2175087,-0.15989748,-0.22338755,-0.19355318,-0.29867563,-0.29210672,-0.19328064,-0.10655974,-0.09162698,-0.13691942,-0.15354455,-0.23188588,-0.19102624,-0.14500225,-0.2026537,-0.18268573,-0.18279888,-0.19275357,-0.1925994,-0.19412392,-0.15409426,-0.12454959,-0.1419069,-0.092290826,-0.09542976,-0.1687033,-0.14059633,-0.13743341,-0.14526811,-0.12719077,-0.15033165,-0.2613474,-0.22333384,-0.18585935,-0.20047067,-0.14347216,-0.14741607,-0.12943283,-0.14074275,-0.14741701,-0.16074985,-0.14446592,-0.16278498,-0.15828669,-0.14998752,-0.14580521,-0.15542586,-0.1514324,-0.22480208,-0.120334074,-0.14020103,-0.11767909,-0.15828635,-0.17088638,-0.1543304,-0.16562617,-0.11139822,-0.1388583,-0.13027036,-0.12752476,-0.15152657,-0.14209023,-0.1147206,-0.10065024,-0.09063895,-0.10473101,-0.11925428,-0.13364977,-0.15027548,-0.1581518,-0.1185138,-0.11129953,-0.1578567,-0.17738779,-0.13150764,-0.16240206,-0.25953975,-0.14733672,-0.13201365,-0.13997649,-0.15095688,-0.17780018,-0.16255309,-0.22917573,-0.09015879,-0.110477716,-0.13361603,-0.12817962,-0.13997786,-0.17175478,-0.13908121,-0.16057305,-0.12777606,-0.07092635,-0.03704006,-0.13627791,-0.1599046,-0.1760602,-0.14332479,-0.12334781,-0.1351972,-0.12023825,-0.13648906,-0.25318068,-0.26654312,-0.0839718,-0.10945694,-0.14222799,-0.09238048,-0.1855056,-0.18706082,-0.15170416,-0.09061994,-0.13230102,-0.14821133,-0.14864196,-0.15666479,-0.16807343,-0.17988434,-0.08851606,-0.12242128,-0.13921633,-0.10256614,-0.17951453,-0.19495486,-0.18688437,-0.099882364,-0.13113372,-0.07872178,-0.12638831,-0.19006202,-0.18954346,-0.18840513,-0.122107565,-0.076278746,-0.096904576,-0.11760056,-0.13517416,-0.12406494,-0.121451,-0.094282106,-0.09654857,-0.10810741,-0.082459606,-0.11198897,-0.1310249,-0.16433343,-0.1410757,-0.13576412,-0.18093297,-0.17825818,-0.1906662,-0.143262,-0.15549555,-0.13369882,-0.119081676,-0.14001076,-0.19117098,-0.18792965,-0.17907214,-0.19755594,-0.25103784,-0.20219928,-0.18856949,-0.18876117,-0.17987314,-0.17222053,-0.27554205,-0.08916744,-0.11956477,-0.128056,-0.15751183,-0.20931396,-0.18224281,-0.29657933,-0.32474133,-0.15762463,-0.3242122,-0.17325558,-0.17108874,-0.2185038,-0.17647925,-0.114121355,-0.1393583,-0.15388772,-0.15788373,-0.22984435,-0.18186735,-0.24535783,-0.104066,-0.12455491,-0.13737169,-0.12320918,-0.15189947,-0.15259334,-0.15365823,-0.14014931,-0.15141064,-0.16015206,-0.1537615,-0.15156724,-0.15153518,-0.13270506,-0.12238537,-0.14524126,-0.18627298,-0.17428392,-0.21025829,-0.3990198,-0.19878796,-0.112822115,-0.1296617,-0.1169948,-0.146249,-0.16636807,-0.18312655,-0.18855411,-0.13127151,-0.07733929,-0.15066132,-0.138762,-0.14106366,-0.117223404,-0.19987361,-0.1649412,-0.15798502,-0.14040151,-0.12267426,-0.12722544,-0.14610182,-0.2588673,-0.10709754,-0.13074079,-0.09132757,-0.12832497,-0.12777042,-0.14863542,-0.14957254,-0.09606396,-0.08910369,-0.1232567,-0.110185996,-0.13676858,-0.1493869,-0.16738269,-0.14146036,-0.11662704,-0.17137524,-0.15037823,-0.14071938,-0.12460514,-0.1398721,-0.17466888,-0.13176009,-0.13126948,-0.14393264,-0.121680394,-0.08722703,-0.05825615,-0.14193703,-0.17082691,-0.026243303,-0.16607581,-0.2829064,-0.31316653,-0.19458246,-0.14398894,-0.14331596,-0.14862512,-0.12963767,-0.25088155,-0.1899423,-0.18515213,-0.0948414,-0.108598754,-0.10702289,-0.0921596,-0.12759323,-0.15179303,-0.15746465,-0.16437879,-0.12812386,-0.0969081,-0.16398169,-0.14137018,-0.11335766,-0.18846886,-0.1706479,-0.15239158,-0.12475708,-0.115196005,-0.11186979,-0.11662802,-0.17309228,-0.13675341,-0.13253859,-0.096878245,-0.11991119,-0.09157002,-0.12434345,-0.13497865,-0.063823454,-0.13877153,-0.11419349,-0.13280374,-0.24483351,-0.2571875,-0.29957527,-0.14438221,-0.15459879,-0.13070768,-0.19104545,-0.0782174,-0.1698201,-0.16179995,-0.09859173,-0.11065883,-0.1142905,-0.076612435,-0.083404,-0.1213824,-0.13072303,-0.13855581,-0.19385117,-0.09846015,-0.15401497,-0.19487974,-0.18844429,-0.18366042,-0.11085385,-0.1420247,-0.10246143,-0.1561974,-0.1902678,-0.16876861,-0.16681871,-0.14134553,-0.14073576,-0.10227434,-0.15143001,-0.15951583,-0.17882928,-0.19111848,-0.12021944,-0.14521858,-0.11379707,-0.08067203,-0.14117545,-0.20725825,-0.15912321,-0.125103,-0.15657571,-0.15690626,-0.14265609,-0.19202894,-0.16090703,-0.17890337,-0.2963242,-0.19684029,-0.17893517,-0.1698367,-0.19011107,-0.15578577,-0.14054683,-0.1292599,-0.12557748,-0.13720003,-0.16215864,-0.30584824,-0.16591567,-0.17771211,-0.18990403,-0.11441202,-0.1486941,-0.1395227,-0.17562589,-0.16445725,-0.16215259,-0.14331086,-0.18237996,-0.12815095,-0.15188271,-0.13580507,-0.24156228,-0.1783916,-0.10289584,-0.13480233,-0.13988231,-0.17125075,-0.11044595,-0.13374574,-0.1494088,-0.15726525,-0.17999089,-0.15134746,-0.14688973,-0.19184028,-0.1733344,-0.16141942,-0.14723541,-0.14623587,-0.11499533,-0.10471026,-0.13375007,-0.20148799,-0.17429195,-0.12513243,-0.1652746,-0.18041904,-0.18738703,-0.11705899,-0.17218176,-0.25151196,-0.092611134,-0.09235184,-0.11454348,-0.13432004,-0.14593607,-0.09871384,-0.1853623
k__Bacteria|p__Firmicutes|c__Clostridia|o__Eubacteriales|f__Lachnospiraceae|g__Shuttleworthia|s__Shuttleworthia_satelles,-0.1004395,-0.12316422,-0.14187846,-0.20428483,-0.16702381,-0.19339028,-0.1666669,-0.14499915,-0.12496269,-0.18351974,-0.18369359,-0.22807705,-0.16910082,-0.20567515,-0.10297646,-0.09931491,-0.058144663,-0.09946951,-0.107666425,-0.17068416,-0.1978925,-0.12536043,-0.13618453,-0.15210417,-0.17148283,-0.11658599,-0.16739666,-0.17364797,-0.1509206,-0.12124001,-0.13507706,-0.10575792,-0.14839138,-0.19600411,-0.18910295,-0.2175087,-0.160916,-0.22338755,-0.19750094,-0.29867563,-0.29210672,-0.19814077,-0.10692536,-0.09162698,-0.13691942,-0.15506735,-0.23188588,-0.19389069,-0.14636087,-0.2026537,-0.18384495,-0.18279888,-0.19791974,-0.19907929,-0.20426548,-0.15715486,-0.12559299,-0.14368075,-0.09184635,-0.09547368,-0.17114946,-0.1421238,-0.13743341,-0.1468785,-0.12719077,-0.15117395,-0.2613474,-0.22333384,-0.18867221,-0.20047067,-0.1454983,-0.14916514,-0.13075212,-0.1427936,-0.15036184,-0.16385588,-0.14627394,-0.16278498,-0.15954494,-0.14998752,-0.14716415,-0.15717807,-0.15311417,-0.22480208,-0.120334074,-0.14145505,-0.11826578,-0.16070215,-0.17387824,-0.15576287,-0.1680719,-0.11139822,-0.1388583,-0.13027036,-0.128423,-0.15152657,-0.14243156,-0.11529495,-0.10065024,-0.09043789,-0.10524171,-0.12030874,-0.1348518,-0.15027548,-0.16016704,-0.1185138,-0.11129953,-0.1578567,-0.17738779,-0.13350496,-0.16426356,-0.25953975,-0.1486566,-0.13275081,-0.14179838,-0.15095688,-0.17780018,-0.16368327,-0.22917573,-0.09015879,-0.11010001,-0.13470772,-0.12964718,-0.13997786,-0.17385149,-0.13908121,-0.16057305,-0.12777606,-0.07092635,-0.03704006,-0.13720986,-0.16188827,-0.17882621,-0.14332479,-0.12334781,-0.13567476,-0.12023825,-0.13822936,-0.25318068,-0.26654312,-0.08319837,-0.10945694,-0.14422102,-0.09238048,-0.18776822,-0.19050336,-0.1530981,-0.09003581,-0.13230102,-0.14954339,-0.15033889,-0.15891403,-0.17052183,-0.18334734,-0.08774968,-0.123642296,-0.1411289,-0.10256614,-0.17951453,-0.19495486,-0.1909788,-0.0998885,-0.13113372,-0.07963696,-0.12774043,-0.19006202,-0.19333558,-0.19169557,-0.1230575,-0.075122654,-0.09696756,-0.11853638,-0.13650328,-0.12406494,-0.121451,-0.0943382,-0.096551925,-0.10835231,-0.082459606,-0.112762466,-0.13208626,-0.16684555,-0.1410757,-0.13638932,-0.18093297,-0.17825818,-0.19438528,-0.14471132,-0.15549555,-0.13528511,-0.119081676,-0.14001076,-0.19117098,-0.19136265,-0.18153274,-0.19755594,-0.25103784,-0.20219928,-0.19007395,-0.19138563,-0.18260798,-0.17414448,-0.27554205,-0.08916744,-0.11956477,-0.12790588,-0.15751183,-0.20931396,-0.18224281,-0.29657933,-0.32474133,-0.15387763,-0.3242122,-0.17325558,-0.17108874,-0.2185038,-0.17647925,-0.114121355,-0.14003909,-0.15388772,-0.15788373,-0.22984435,-0.18186735,-0.2579953,-0.104240194,-0.12455491,-0.13843933,-0.12397912,-0.15189947,-0.1547724,-0.15585369,-0.14014931,-0.15141064,-0.16282672,-0.15527743,-0.15338977,-0.15319642,-0.13393039,-0.12294401,-0.14634848,-0.19020252,-0.17703998,-0.21025829,-0.3990198,-0.20333415,-0.11324059,-0.1296617,-0.11840987,-0.14789343,-0.16636807,-0.1863246,-0.19158484,-0.13158493,-0.07643671,-0.1528906,-0.1396945,-0.14106366,-0.117634006,-0.19987361,-0.1649412,-0.1587983,-0.14163162,-0.123604864,-0.12722544,-0.14610182,-0.2588673,-0.10712442,-0.13074079,-0.09132757,-0.12832497,-0.12891552,-0.14972621,-0.15147164,-0.09602769,-0.08910369,-0.12419252,-0.11045866,-0.13778657,-0.15076417,-0.17019966,-0.14279224,-0.1162896,-0.17386715,-0.1518079,-0.14224762,-0.12547673,-0.14163278,-0.17466888,-0.13176009,-0.13209751,-0.14574671,-0.12274669,-0.08722703,-0.05825615,-0.14336807,-0.17082691,-0.026243303,-0.16674888,-0.2829064,-0.31316653,-0.19852406,-0.14555076,-0.14331596,-0.14862512,-0.12963767,-0.25088155,-0.19382639,-0.18835412,-0.09442944,-0.10909802,-0.10702289,-0.093479514,-0.12759323,-0.1529192,-0.15746465,-0.16703859,-0.12812386,-0.0969081,-0.16398169,-0.14330512,-0.11335766,-0.18846886,-0.1706479,-0.15391658,-0.12559605,-0.115196005,-0.11278324,-0.11662802,-0.17576748,-0.13831428,-0.13423759,-0.096878245,-0.121089265,-0.09145078,-0.12434345,-0.13561982,-0.063823454,-0.13877153,-0.11419349,-0.13380435,-0.24483351,-0.2571875,-0.29957527,-0.14610797,-0.1567451,-0.1321002,-0.19104545,-0.0782174,-0.17225832,-0.16436714,-0.09859173,-0.11065883,-0.11432579,-0.076612435,-0.083404,-0.1213824,-0.13072303,-0.13855581,-0.19385117,-0.09879591,-0.1555596,-0.19487974,-0.19113493,-0.18693638,-0.11099696,-0.14303535,-0.10259219,-0.15894906,-0.19415744,-0.17251411,-0.16917428,-0.14271843,-0.14245674,-0.10188851,-0.1532277,-0.16157125,-0.18106613,-0.19531238,-0.12096523,-0.1471314,-0.113563925,-0.07980116,-0.14306165,-0.20725825,-0.16059995,-0.125103,-0.15657571,-0.15690626,-0.14360693,-0.19202894,-0.16249937,-0.18176854,-0.2963242,-0.19900167,-0.1816096,-0.17200632,-0.1932883,-0.15772167,-0.14054683,-0.1302033,-0.12557748,-0.1381921,-0.16347837,-0.30584824,-0.16694215,-0.18116842,-0.19279245,-0.11441202,-0.15051734,-0.14055663,-0.17796388,-0.16686285,-0.1643429,-0.14331086,-0.18237996,-0.12830132,-0.15350665,-0.13770963,-0.24156228,-0.17956632,-0.102997005,-0.13529676,-0.14173162,-0.17428918,-0.11017169,-0.1345363,-0.1519773,-0.15975644,-0.18203783,-0.15384997,-0.14894477,-0.19184028,-0.17533465,-0.16380294,-0.14723541,-0.14623587,-0.11499533,-0.10471026,-0.13497463,-0.20148799,-0.17677873,-0.12513243,-0.16603166,-0.18041904,-0.18738703,-0.11705899,-0.17588839,-0.26000187,-0.092310905,-0.092047155,-0.1147298,-0.13591577,-0.14795846,-0.09842311,-0.1888901
k__Bacteria|p__Firmicutes|c__CFGB1195|o__OFGB1195|f__FGB1195|g__GGB2949|s__GGB2949_SGB6657,-0.1004395,-0.12316422,-0.1414983,-0.20428483,-0.16755828,-0.1943962,-0.1666669,-0.14568886,-0.124802776,-0.18437868,-0.18255046,-0.22448623,-0.16853213,-0.20493956,-0.103496954,-0.09923951,-0.058144663,-0.10045238,-0.10790843,-0.1718542,-0.1978925,-0.12536043,-0.137176,-0.1535972,-0.17231894,-0.11658599,-0.16785967,-0.1752267,-0.1509206,-0.12124001,-0.13549629,-0.10571304,-0.14868157,-0.19638962,-0.19019224,-0.2175087,-0.1614247,-0.22338755,-0.19721168,-0.29867563,-0.29210672,-0.19919086,-0.107948005,-0.09162698,-0.13691942,-0.15519996,-0.23188588,-0.19430286,-0.14749303,-0.2026537,-0.18395415,-0.18279888,-0.19732285,-0.19856456,-0.20389432,-0.15907513,-0.1264628,-0.14471573,-0.093033835,-0.09614834,-0.17250016,-0.14347576,-0.13743341,-0.14762773,-0.12719077,-0.15141349,-0.2613474,-0.22333384,-0.18983364,-0.20047067,-0.14693037,-0.15003787,-0.13133515,-0.14339326,-0.15267655,-0.16562864,-0.14811212,-0.16278498,-0.15946712,-0.14998752,-0.14790703,-0.15742278,-0.15412915,-0.22480208,-0.120334074,-0.14199948,-0.11871752,-0.16248354,-0.17539246,-0.15570234,-0.16895697,-0.11139822,-0.1388583,-0.13027036,-0.1294731,-0.15152657,-0.14298178,-0.11596162,-0.10065024,-0.09045397,-0.10611692,-0.12141737,-0.13587932,-0.15027548,-0.16138217,-0.1185138,-0.11129953,-0.1578567,-0.17738779,-0.13444531,-0.16378178,-0.25953975,-0.1491357,-0.13261785,-0.14176029,-0.15095688,-0.17780018,-0.16383454,-0.22917573,-0.09015879,-0.110115394,-0.13513875,-0.13017987,-0.13997786,-0.17388675,-0.13908121,-0.16057305,-0.12777606,-0.07092635,-0.03704006,-0.13737267,-0.16324767,-0.17966184,-0.14332479,-0.12334781,-0.13585927,-0.12023825,-0.13896951,-0.25318068,-0.26654312,-0.08400528,-0.10945694,-0.14563036,-0.09238048,-0.18815924,-0.19067787,-0.1527881,-0.09078711,-0.13230102,-0.14991388,-0.15075105,-0.15973575,-0.17141029,-0.18565592,-0.08811808,-0.12440321,-0.14176273,-0.10256614,-0.17951453,-0.19495486,-0.19252872,-0.100623004,-0.13113372,-0.079875894,-0.12829608,-0.19006202,-0.19440694,-0.19231294,-0.12449877,-0.07576209,-0.097633675,-0.1186285,-0.13690868,-0.12406494,-0.121451,-0.094959155,-0.09666897,-0.10875712,-0.082459606,-0.11317155,-0.13299134,-0.16827855,-0.1410757,-0.1364354,-0.18093297,-0.17825818,-0.19463743,-0.14527299,-0.15549555,-0.13627782,-0.119081676,-0.14001076,-0.19117098,-0.19157152,-0.18170735,-0.19755594,-0.25103784,-0.20219928,-0.19059631,-0.1912314,-0.18282568,-0.17389283,-0.27554205,-0.08916744,-0.11956477,-0.1276488,-0.15751183,-0.20931396,-0.18224281,-0.29657933,-0.32474133,-0.14738916,-0.3242122,-0.17325558,-0.17108874,-0.2185038,-0.17647925,-0.114121355,-0.13987178,-0.15388772,-0.15788373,-0.22984435,-0.18186735,-0.25453806,-0.104842484,-0.12455491,-0.1389021,-0.124854065,-0.15189947,-0.15648636,-0.1577143,-0.14014931,-0.15141064,-0.16467087,-0.15585962,-0.15441653,-0.15327738,-0.13407099,-0.12350325,-0.14666748,-0.19139783,-0.17764837,-0.21025829,-0.3990198,-0.20062697,-0.11384727,-0.1296617,-0.11917775,-0.1484235,-0.16636807,-0.18793122,-0.1923255,-0.1316081,-0.077251,-0.15429702,-0.14021294,-0.14106366,-0.11885264,-0.19987361,-0.1649412,-0.15855119,-0.14155361,-0.12373495,-0.12722544,-0.14610182,-0.2588673,-0.10755329,-0.13074079,-0.09132757,-0.12832497,-0.13012862,-0.15032141,-0.15308972,-0.096838966,-0.08910369,-0.12482034,-0.11088432,-0.13825081,-0.15132666,-0.17143977,-0.14363754,-0.11659497,-0.17449665,-0.15233615,-0.1430907,-0.1255993,-0.14309773,-0.17466888,-0.13176009,-0.13291886,-0.14628588,-0.12357019,-0.08722703,-0.05825615,-0.14393297,-0.17082691,-0.026243303,-0.1658679,-0.2829064,-0.31316653,-0.19772333,-0.1464549,-0.14331596,-0.14862512,-0.12963767,-0.25088155,-0.19495153,-0.18981893,-0.09508644,-0.10994348,-0.10702289,-0.094941474,-0.12759323,-0.15308219,-0.15746465,-0.16776781,-0.12812386,-0.0969081,-0.16398169,-0.14509082,-0.11335766,-0.18846886,-0.1706479,-0.15446104,-0.12652272,-0.115196005,-0.113484666,-0.11662802,-0.17704001,-0.13938542,-0.1353131,-0.096878245,-0.12137091,-0.092373356,-0.12434345,-0.13645352,-0.063823454,-0.13877153,-0.11419349,-0.13413909,-0.24483351,-0.2571875,-0.29957527,-0.14692351,-0.15742192,-0.13302377,-0.19104545,-0.0782174,-0.17314692,-0.16481823,-0.09859173,-0.11065883,-0.115307584,-0.076612435,-0.083404,-0.1213824,-0.13072303,-0.13855581,-0.19385117,-0.10013129,-0.15624164,-0.19487974,-0.19160175,-0.1875933,-0.11190053,-0.14326164,-0.10410077,-0.16091782,-0.19484273,-0.17427835,-0.16931942,-0.14343435,-0.14315505,-0.10144071,-0.15363005,-0.16197674,-0.18096396,-0.19533043,-0.12209866,-0.14818823,-0.11386016,-0.0802985,-0.14359015,-0.20725825,-0.16176626,-0.125103,-0.15657571,-0.15690626,-0.14375041,-0.19202894,-0.16333014,-0.1833474,-0.2963242,-0.19609082,-0.18041618,-0.1713373,-0.19307424,-0.15732221,-0.14054683,-0.13096386,-0.12557748,-0.1387015,-0.16309224,-0.30584824,-0.1669399,-0.18218783,-0.19314788,-0.11441202,-0.15119952,-0.14092782,-0.17860854,-0.16774617,-0.16544738,-0.14331086,-0.18237996,-0.1283957,-0.15328361,-0.13746977,-0.24156228,-0.17948553,-0.10382709,-0.13527237,-0.14306876,-0.17576022,-0.11058976,-0.13495049,-0.15367672,-0.16089186,-0.18200219,-0.15555467,-0.15036173,-0.19184028,-0.17620811,-0.16554737,-0.14723541,-0.14623587,-0.11499533,-0.10471026,-0.13549694,-0.20148799,-0.17843601,-0.12513243,-0.16484572,-0.18041904,-0.18738703,-0.11705899,-0.17844829,-0.2592975,-0.0929534,-0.09264017,-0.11497906,-0.13663611,-0.14859751,-0.0986855,-0.19016203
k__Bacteria|p__Firmicutes|c__Clostridia|o__Eubacteriales|f__Lachnospiraceae|g__Faecalicatena|s__Faecalicatena_orotica,-0.1004395,-0.12316422,-0.14197111,-0.20428483,-0.16627607,-0.19462281,-0.1666669,-0.14508821,-0.12476298,-0.18409795,-0.18321899,-0.23584884,-0.17094757,-0.2080831,-0.10322646,-0.09949212,-0.058144663,-0.099479295,-0.107571945,-0.17113923,-0.1978925,-0.12536043,-0.13625598,-0.15241295,-0.17217612,-0.11658599,-0.16689992,-0.17412415,-0.1509206,-0.12124001,-0.13447672,-0.10585885,-0.14807789,-0.19746274,-0.19004343,-0.2175087,-0.16014865,-0.22338755,-0.1977608,-0.29867563,-0.29210672,-0.20038769,-0.10721457,-0.09162698,-0.13691942,-0.15466824,-0.23188588,-0.19410282,-0.14708564,-0.2026537,-0.18276726,-0.18279888,-0.19880027,-0.2015829,-0.20881313,-0.15870443,-0.12582073,-0.144005,-0.09186745,-0.09573981,-0.17146498,-0.14240518,-0.13743341,-0.14693412,-0.12719077,-0.15117478,-0.2613474,-0.22333384,-0.18904,-0.20047067,-0.14601655,-0.14930423,-0.13105682,-0.14317885,-0.15163398,-0.16435438,-0.14685269,-0.16278498,-0.15892065,-0.14998752,-0.14681149,-0.15719531,-0.15342425,-0.22480208,-0.120334074,-0.14136046,-0.11823772,-0.16121326,-0.17446709,-0.15564129,-0.16824833,-0.11139822,-0.1388583,-0.13027036,-0.12872484,-0.15152657,-0.14191657,-0.11540784,-0.10065024,-0.09029025,-0.10563529,-0.12072899,-0.13503812,-0.15027548,-0.16024877,-0.1185138,-0.11129953,-0.1578567,-0.17738779,-0.13464075,-0.164287,-0.25953975,-0.14851347,-0.13244653,-0.14206006,-0.15095688,-0.17780018,-0.16370748,-0.22917573,-0.09015879,-0.10929716,-0.13455272,-0.13001132,-0.13997786,-0.17364064,-0.13908121,-0.16057305,-0.12777606,-0.07092635,-0.03704006,-0.13681835,-0.16230136,-0.17891389,-0.14332479,-0.12334781,-0.1353065,-0.12023825,-0.13846585,-0.25318068,-0.26654312,-0.08327203,-0.10945694,-0.14482583,-0.09238048,-0.18777376,-0.19067961,-0.15298478,-0.09008506,-0.13230102,-0.14930442,-0.1503629,-0.15927249,-0.170872,-0.18453011,-0.08765203,-0.12396197,-0.14078726,-0.10256614,-0.17951453,-0.19495486,-0.19250736,-0.10023408,-0.13113372,-0.08088195,-0.12833202,-0.19006202,-0.19428013,-0.19232887,-0.1231191,-0.075134166,-0.097372875,-0.11873756,-0.13648692,-0.12406494,-0.121451,-0.094655916,-0.096731715,-0.108417645,-0.082459606,-0.11324602,-0.13229552,-0.16718166,-0.1410757,-0.13596615,-0.18093297,-0.17825818,-0.19535384,-0.14495438,-0.15549555,-0.13573675,-0.119081676,-0.14001076,-0.19117098,-0.19191141,-0.181677,-0.19755594,-0.25103784,-0.20219928,-0.18995461,-0.19118756,-0.18309002,-0.17407337,-0.27554205,-0.08916744,-0.11956477,-0.12716225,-0.15751183,-0.20931396,-0.18224281,-0.29657933,-0.32474133,-0.15013614,-0.3242122,-0.17325558,-0.17108874,-0.2185038,-0.17647925,-0.114121355,-0.13948165,-0.15388772,-0.15788373,-0.22984435,-0.18186735,-0.26414698,-0.10439896,-0.12455491,-0.13827765,-0.12417807,-0.15189947,-0.15524942,-0.1563726,-0.14014931,-0.15141064,-0.1633552,-0.1549631,-0.15360008,-0.15302262,-0.1341671,-0.122831374,-0.1460937,-0.19092235,-0.17743723,-0.21025829,-0.3990198,-0.2068004,-0.11344698,-0.1296617,-0.1191275,-0.14800578,-0.16636807,-0.18696982,-0.19208853,-0.1308572,-0.076966405,-0.15347683,-0.13951606,-0.14106366,-0.11728439,-0.19987361,-0.1649412,-0.15783335,-0.14163855,-0.12356437,-0.12722544,-0.14610182,-0.2588673,-0.10712151,-0.13074079,-0.09132757,-0.12832497,-0.12918982,-0.14923252,-0.15182239,-0.09622012,-0.08910369,-0.12435031,-0.110372156,-0.13778538,-0.15059894,-0.17085947,-0.14291006,-0.11578661,-0.17387423,-0.15178259,-0.1423095,-0.12556636,-0.14226376,-0.17466888,-0.13176009,-0.13234551,-0.14580694,-0.12319395,-0.08722703,-0.05825615,-0.14335415,-0.17082691,-0.026243303,-0.16566668,-0.2829064,-0.31316653,-0.20094517,-0.14566413,-0.14331596,-0.14862512,-0.12963767,-0.25088155,-0.19519812,-0.18929549,-0.09442979,-0.10937538,-0.10702289,-0.094855234,-0.12759323,-0.15260519,-0.15746465,-0.16740438,-0.12812386,-0.0969081,-0.16398169,-0.1435461,-0.11335766,-0.18846886,-0.1706479,-0.1537602,-0.12586966,-0.115196005,-0.11329736,-0.11662802,-0.17624092,-0.13860501,-0.13468324,-0.096878245,-0.121502385,-0.09169865,-0.12434345,-0.1351574,-0.063823454,-0.13877153,-0.11419349,-0.13348499,-0.24483351,-0.2571875,-0.29957527,-0.14637357,-0.15695176,-0.1327878,-0.19104545,-0.0782174,-0.17331722,-0.16426271,-0.09859173,-0.11065883,-0.11381197,-0.076612435,-0.083404,-0.1213824,-0.13072303,-0.13855581,-0.19385117,-0.09956804,-0.15571001,-0.19487974,-0.19141455,-0.1876508,-0.111110136,-0.14254019,-0.10331961,-0.15967411,-0.19535038,-0.17392968,-0.16898495,-0.14272857,-0.14272997,-0.10157217,-0.15333554,-0.1615403,-0.18104744,-0.19623135,-0.12133436,-0.1474426,-0.11331171,-0.0800093,-0.14348374,-0.20725825,-0.16058217,-0.125103,-0.15657571,-0.15690626,-0.14342475,-0.19202894,-0.16238238,-0.18228193,-0.2963242,-0.19926229,-0.18177557,-0.1714904,-0.19375417,-0.1577008,-0.14054683,-0.13028695,-0.12557748,-0.13820167,-0.16292775,-0.30584824,-0.16646811,-0.1817366,-0.19297749,-0.11441202,-0.15054642,-0.14035794,-0.17807724,-0.16720662,-0.16469051,-0.14331086,-0.18237996,-0.12821464,-0.1531294,-0.13823307,-0.24156228,-0.1789599,-0.10321805,-0.13466926,-0.14241269,-0.17477058,-0.110006586,-0.1344589,-0.15256625,-0.16013989,-0.1816854,-0.15491728,-0.14952767,-0.19184028,-0.1753439,-0.16433112,-0.14723541,-0.14623587,-0.11499533,-0.10471026,-0.13523416,-0.20148799,-0.17711361,-0.12513243,-0.16432399,-0.18041904,-0.18738703,-0.11705899,-0.17765379,-0.26302162,-0.09253958,-0.09216626,-0.114559315,-0.1363609,-0.14829506,-0.09850745,-0.18952563
k__Bacteria|p__Firmicutes|c__Bacilli|o__Lactobacillales|f__Streptococcaceae|g__Streptococcus|s__Streptococcus_sobrinus,-0.1004395,-0.12316422,-0.14065944,-0.20428483,-0.16610897,-0.19297509,-0.1666669,-0.14487207,-0.1255126,-0.18417868,-0.18198264,-0.20619142,-0.16974029,-0.19625655,-0.10258502,-0.0977529,-0.058144663,-0.09913966,-0.1072492,-0.17081816,-0.1978925,-0.12536043,-0.13644613,-0.15249074,-0.17076467,-0.11658599,-0.1681335,-0.17416231,-0.1509206,-0.12124001,-0.13536681,-0.10482085,-0.14816734,-0.19356337,-0.18843706,-0.2175087,-0.16037938,-0.22338755,-0.19492088,-0.29867563,-0.29210672,-0.19560343,-0.10681538,-0.09162698,-0.13691942,-0.15452632,-0.23188588,-0.19281022,-0.14645779,-0.2026537,-0.18424276,-0.18279888,-0.19464493,-0.19411078,-0.19548339,-0.15805677,-0.12531564,-0.14328595,-0.09263541,-0.095254324,-0.17121273,-0.14267448,-0.13743341,-0.14659457,-0.12719077,-0.15183493,-0.2613474,-0.22333384,-0.18810412,-0.20047067,-0.14542976,-0.14913009,-0.12997444,-0.14189878,-0.1504783,-0.16386303,-0.14725526,-0.16278498,-0.15911669,-0.14998752,-0.14734066,-0.15644582,-0.15333366,-0.22480208,-0.120334074,-0.14132981,-0.11792585,-0.16103545,-0.17364573,-0.15512022,-0.16828626,-0.11139822,-0.1388583,-0.13027036,-0.12890314,-0.15152657,-0.14357859,-0.11589743,-0.10065024,-0.090084225,-0.105115905,-0.120029606,-0.13457939,-0.15027548,-0.16053134,-0.1185138,-0.11129953,-0.1578567,-0.17738779,-0.13324855,-0.16316086,-0.25953975,-0.14859131,-0.13223377,-0.14058915,-0.15095688,-0.17780018,-0.16288602,-0.22917573,-0.09015879,-0.11039927,-0.13444784,-0.12909982,-0.13997786,-0.17318052,-0.13908121,-0.16057305,-0.12777606,-0.07092635,-0.03704006,-0.136421,-0.16201137,-0.1787869,-0.14332479,-0.12334781,-0.13608626,-0.12023825,-0.1377094,-0.25318068,-0.26654312,-0.08344911,-0.10945694,-0.14433624,-0.09238048,-0.18761182,-0.18883738,-0.15230282,-0.09006596,-0.13230102,-0.14940162,-0.14989398,-0.15855786,-0.17014575,-0.18381497,-0.0873998,-0.12342959,-0.1402202,-0.10256614,-0.17951453,-0.19495486,-0.1903311,-0.09995119,-0.13113372,-0.077785134,-0.12711585,-0.19006202,-0.19215809,-0.1906857,-0.123527855,-0.07538982,-0.09676463,-0.117691144,-0.13616161,-0.12406494,-0.121451,-0.09386828,-0.095934525,-0.10818453,-0.082459606,-0.11235473,-0.13213977,-0.16702908,-0.1410757,-0.13630942,-0.18093297,-0.17825818,-0.19248994,-0.14405991,-0.15549555,-0.13509789,-0.119081676,-0.14001076,-0.19117098,-0.18932417,-0.18089378,-0.19755594,-0.25103784,-0.20219928,-0.190331,-0.1902957,-0.18199217,-0.17279708,-0.27554205,-0.08916744,-0.11956477,-0.12796673,-0.15751183,-0.20931396,-0.18224281,-0.29657933,-0.32474133,-0.1534826,-0.3242122,-0.17325558,-0.17108874,-0.2185038,-0.17647925,-0.114121355,-0.13970098,-0.15388772,-0.15788373,-0.22984435,-0.18186735,-0.24532536,-0.10391334,-0.12455491,-0.13856465,-0.1241769,-0.15189947,-0.154814,-0.1563397,-0.14014931,-0.15141064,-0.16312483,-0.15503481,-0.15345548,-0.1523881,-0.13339934,-0.12311907,-0.14666557,-0.18998379,-0.17600301,-0.21025829,-0.3990198,-0.19919418,-0.11316897,-0.1296617,-0.11777599,-0.14784567,-0.16636807,-0.18664333,-0.19116224,-0.13146293,-0.07680981,-0.15287903,-0.13959411,-0.14106366,-0.11860237,-0.19987361,-0.1649412,-0.15858066,-0.14077255,-0.12311347,-0.12722544,-0.14610182,-0.2588673,-0.10680819,-0.13074079,-0.09132757,-0.12832497,-0.12926564,-0.1496584,-0.15208781,-0.09603603,-0.08910369,-0.12402297,-0.11002199,-0.13754828,-0.15059927,-0.16995564,-0.14276394,-0.11684169,-0.17353588,-0.15175468,-0.1420964,-0.12452809,-0.14263412,-0.17466888,-0.13176009,-0.13231862,-0.14535326,-0.12251598,-0.08722703,-0.05825615,-0.14318334,-0.17082691,-0.026243303,-0.16581579,-0.2829064,-0.31316653,-0.19644457,-0.14542282,-0.14331596,-0.14862512,-0.12963767,-0.25088155,-0.19212861,-0.18821311,-0.09453379,-0.10922725,-0.10702289,-0.09325049,-0.12759323,-0.15302798,-0.15746465,-0.16663468,-0.12812386,-0.0969081,-0.16398169,-0.14369434,-0.11335766,-0.18846886,-0.1706479,-0.15355298,-0.12581094,-0.115196005,-0.11252482,-0.11662802,-0.17617562,-0.13814673,-0.13379826,-0.096878245,-0.12030059,-0.09161416,-0.12434345,-0.13657531,-0.063823454,-0.13877153,-0.11419349,-0.1332206,-0.24483351,-0.2571875,-0.29957527,-0.14558512,-0.15637219,-0.13178681,-0.19104545,-0.0782174,-0.17176484,-0.16395923,-0.09859173,-0.11065883,-0.11537732,-0.076612435,-0.083404,-0.1213824,-0.13072303,-0.13855581,-0.19385117,-0.098328985,-0.15545538,-0.19487974,-0.1906862,-0.18620366,-0.11113629,-0.14270851,-0.10332914,-0.15932594,-0.19297096,-0.17227203,-0.16839024,-0.14239192,-0.14192918,-0.10107188,-0.15288967,-0.16135731,-0.18051137,-0.19347662,-0.121029034,-0.14711237,-0.114210464,-0.080491304,-0.14206558,-0.20725825,-0.16068181,-0.125103,-0.15657571,-0.15690626,-0.14340165,-0.19202894,-0.16246293,-0.18216908,-0.2963242,-0.19427983,-0.18024287,-0.17053081,-0.19113359,-0.156444,-0.14054683,-0.12989902,-0.12557748,-0.13796535,-0.16211426,-0.30584824,-0.1669075,-0.1804469,-0.1922529,-0.11441202,-0.15032037,-0.14016822,-0.17769621,-0.16651185,-0.16454118,-0.14331086,-0.18237996,-0.1281439,-0.15298644,-0.13600436,-0.24156228,-0.17907414,-0.102883264,-0.13507935,-0.1418041,-0.1738319,-0.11027311,-0.13434716,-0.15253483,-0.15934527,-0.18141752,-0.1539934,-0.14851655,-0.19184028,-0.17484453,-0.16460541,-0.14723541,-0.14623587,-0.11499533,-0.10471026,-0.1346434,-0.20148799,-0.17691475,-0.12513243,-0.16587028,-0.18041904,-0.18738703,-0.11705899,-0.17711297,-0.25411916,-0.0921742,-0.09215151,-0.114339866,-0.1355423,-0.14723304,-0.098022394,-0.18865375
k__Bacteria|p__Firmicutes|c__Clostridia|o__Eubacteriales|f__Lachnospiraceae|g__Faecalicatena|s__Faecalicatena_fissicatena,-0.1004395,-0.12316422,-0.1414507,-0.20428483,-0.16614102,-0.19203411,-0.1666669,-0.14407642,-0.12462132,-0.18192378,-0.18230742,-0.22538462,-0.169004,-0.2034188,-0.10284695,-0.09920888,-0.058144663,-0.09916878,-0.107711695,-0.16962218,-0.1978925,-0.12536043,-0.13552734,-0.1511193,-0.17045441,-0.11658599,-0.16624337,-0.17224161,-0.1509206,-0.12124001,-0.13432556,-0.10578519,-0.14756465,-0.19455057,-0.18764934,-0.2175087,-0.1602925,-0.22338755,-0.19615941,-0.29867563,-0.29210672,-0.19675086,-0.10673348,-0.09162698,-0.13691942,-0.15427509,-0.23188588,-0.19250806,-0.14561158,-0.2026537,-0.18255696,-0.18279888,-0.19616988,-0.1978008,-0.20260233,-0.15625301,-0.12514286,-0.14293249,-0.091873124,-0.09561437,-0.1699729,-0.14133272,-0.13743341,-0.1460725,-0.12719077,-0.15051633,-0.2613474,-0.22333384,-0.18746734,-0.20047067,-0.14463139,-0.14830473,-0.13025187,-0.14211293,-0.14945608,-0.16259277,-0.14532942,-0.16278498,-0.15857592,-0.14998752,-0.14638485,-0.15633073,-0.15223175,-0.22480208,-0.120334074,-0.14077912,-0.11803767,-0.1596204,-0.17265904,-0.15495661,-0.16676113,-0.11139822,-0.1388583,-0.13027036,-0.12791157,-0.15152657,-0.14164881,-0.11481953,-0.10065024,-0.09055713,-0.10516126,-0.119980276,-0.13434999,-0.15027548,-0.15904665,-0.1185138,-0.11129953,-0.1578567,-0.17738779,-0.13276494,-0.16350333,-0.25953975,-0.14785446,-0.13223015,-0.14111538,-0.15095688,-0.17780018,-0.16296555,-0.22917573,-0.09015879,-0.109851204,-0.13408355,-0.12911363,-0.13997786,-0.17269668,-0.13908121,-0.16057305,-0.12777606,-0.07092635,-0.03704006,-0.13662021,-0.16094907,-0.17737672,-0.14332479,-0.12334781,-0.13504763,-0.12023825,-0.1376344,-0.25318068,-0.26654312,-0.083464816,-0.10945694,-0.14337702,-0.09238048,-0.18641004,-0.1890168,-0.1522466,-0.09022348,-0.13230102,-0.14876276,-0.1495152,-0.15795942,-0.16943704,-0.181921,-0.08803907,-0.12305928,-0.14028999,-0.10256614,-0.17951453,-0.19495486,-0.1895035,-0.09982969,-0.13113372,-0.07995399,-0.1276066,-0.19006202,-0.1919141,-0.19023907,-0.122463636,-0.07555782,-0.096934624,-0.11827227,-0.13585334,-0.12406494,-0.121451,-0.09437929,-0.09663768,-0.10813132,-0.082459606,-0.11250326,-0.13158081,-0.16559991,-0.1410757,-0.13585582,-0.18093297,-0.17825818,-0.19304107,-0.14404738,-0.15549555,-0.13464719,-0.119081676,-0.14001076,-0.19117098,-0.19000828,-0.1802081,-0.19755594,-0.25103784,-0.20219928,-0.18875235,-0.18997613,-0.18135211,-0.1731352,-0.27554205,-0.08916744,-0.11956477,-0.12753335,-0.15751183,-0.20931396,-0.18224281,-0.29657933,-0.32474133,-0.15326977,-0.3242122,-0.17325558,-0.17108874,-0.2185038,-0.17647925,-0.114121355,-0.13940504,-0.15388772,-0.15788373,-0.22984435,-0.18186735,-0.25585836,-0.10417068,-0.12455491,-0.13774042,-0.12359444,-0.15189947,-0.15384081,-0.15474135,-0.14014931,-0.15141064,-0.16166231,-0.15442532,-0.15241802,-0.15234461,-0.1333422,-0.12257032,-0.1455915,-0.1886119,-0.17576411,-0.21025829,-0.3990198,-0.20179984,-0.1129902,-0.1296617,-0.117948845,-0.14716658,-0.16636807,-0.18478231,-0.1901988,-0.13103259,-0.07694124,-0.15198937,-0.13914089,-0.14106366,-0.117141426,-0.19987361,-0.1649412,-0.15786558,-0.1409274,-0.12319255,-0.12722544,-0.14610182,-0.2588673,-0.10705188,-0.13074079,-0.09132757,-0.12832497,-0.1283837,-0.1489721,-0.15044782,-0.09601579,-0.08910369,-0.12373978,-0.11038618,-0.13721196,-0.14996552,-0.1690265,-0.142048,-0.116013326,-0.17259279,-0.15095039,-0.14148363,-0.12513308,-0.140703,-0.17466888,-0.13176009,-0.13157049,-0.14491177,-0.122316256,-0.08722703,-0.05825615,-0.14258915,-0.17082691,-0.026243303,-0.16577986,-0.2829064,-0.31316653,-0.1969388,-0.14479536,-0.14331596,-0.14862512,-0.12963767,-0.25088155,-0.19248973,-0.18690671,-0.094552726,-0.10884257,-0.10702289,-0.0934928,-0.12759323,-0.15207413,-0.15746465,-0.16586454,-0.12812386,-0.0969081,-0.16398169,-0.142484,-0.11335766,-0.18846886,-0.1706479,-0.1530627,-0.12507126,-0.115196005,-0.11256105,-0.11662802,-0.17437357,-0.13761961,-0.13360137,-0.096878245,-0.12068752,-0.09158032,-0.12434345,-0.13482451,-0.063823454,-0.13877153,-0.11419349,-0.13329536,-0.24483351,-0.2571875,-0.29957527,-0.1453632,-0.15577087,-0.13164158,-0.19104545,-0.0782174,-0.17101018,-0.16314605,-0.09859173,-0.11065883,-0.11384048,-0.076612435,-0.083404,-0.1213824,-0.13072303,-0.13855581,-0.19385117,-0.09888543,-0.15477437,-0.19487974,-0.18976885,-0.18553904,-0.11082718,-0.14225787,-0.10253169,-0.1578261,-0.1928657,-0.17107159,-0.16812515,-0.14201368,-0.14169103,-0.1019616,-0.15235847,-0.16057035,-0.17977923,-0.19372717,-0.12065236,-0.14620107,-0.11325844,-0.08010037,-0.142508,-0.20725825,-0.15958464,-0.125103,-0.15657571,-0.15690626,-0.14295015,-0.19202894,-0.16158211,-0.18033919,-0.2963242,-0.19788925,-0.18027796,-0.17097776,-0.19192484,-0.15681647,-0.14054683,-0.12972923,-0.12557748,-0.13758127,-0.16278239,-0.30584824,-0.16571212,-0.17976397,-0.19139466,-0.11441202,-0.1496835,-0.1400027,-0.17673361,-0.16575946,-0.1632706,-0.14331086,-0.18237996,-0.12793055,-0.1525949,-0.13727605,-0.24156228,-0.17837891,-0.102950916,-0.13476217,-0.14097984,-0.1730318,-0.11011238,-0.13399449,-0.15083832,-0.15867823,-0.18071672,-0.15289819,-0.14834124,-0.19184028,-0.174294,-0.16249928,-0.14723541,-0.14623587,-0.11499533,-0.10471026,-0.13454148,-0.20148799,-0.17550981,-0.12513243,-0.1649324,-0.18041904,-0.18738703,-0.11705899,-0.17428459,-0.25785202,-0.09244542,-0.092119426,-0.11455179,-0.1352959,-0.1471692,-0.09858547,-0.18734035
k__Bacteria|p__Firmicutes|c__CFGB2928|o__OFGB2928|f__FGB2928|g__GGB80050|s__GGB80050_SGB6678,-0.1004395,-0.12316422,-0.14144996,-0.20428483,-0.16708797,-0.19392864,-0.1666669,-0.14515421,-0.12473514,-0.18389584,-0.18325639,-0.22545815,-0.16918103,-0.2058343,-0.103026316,-0.09913143,-0.058144663,-0.09964854,-0.10744744,-0.17105924,-0.1978925,-0.12536043,-0.13639587,-0.15252177,-0.17166948,-0.11658599,-0.16761586,-0.17434576,-0.1509206,-0.12124001,-0.13508418,-0.10546307,-0.14830044,-0.19609907,-0.18954147,-0.2175087,-0.1608499,-0.22338755,-0.19720408,-0.29867563,-0.29210672,-0.19858795,-0.10727739,-0.09162698,-0.13691942,-0.15499137,-0.23188588,-0.1941686,-0.14681268,-0.2026537,-0.18398719,-0.18279888,-0.19729584,-0.19828174,-0.20310335,-0.15812582,-0.12571743,-0.14395714,-0.092023015,-0.09536417,-0.17161426,-0.14245673,-0.13743341,-0.14703383,-0.12719077,-0.15126382,-0.2613474,-0.22333384,-0.1891917,-0.20047067,-0.14593825,-0.14937952,-0.13068351,-0.14272177,-0.15106821,-0.16438666,-0.14690787,-0.16278498,-0.15951896,-0.14998752,-0.14718418,-0.15710661,-0.15337521,-0.22480208,-0.120334074,-0.141489,-0.118134275,-0.16134039,-0.17437723,-0.15555134,-0.16833185,-0.11139822,-0.1388583,-0.13027036,-0.12863946,-0.15152657,-0.14255933,-0.11541075,-0.10065024,-0.090105824,-0.105374284,-0.12054602,-0.13506767,-0.15027548,-0.16060832,-0.1185138,-0.11129953,-0.1578567,-0.17738779,-0.13371089,-0.16349155,-0.25953975,-0.1487389,-0.13248628,-0.14146948,-0.15095688,-0.17780018,-0.163754,-0.22917573,-0.09015879,-0.10983835,-0.13464145,-0.12959203,-0.13997786,-0.17381856,-0.13908121,-0.16057305,-0.12777606,-0.07092635,-0.03704006,-0.13711476,-0.16234174,-0.17912981,-0.14332479,-0.12334781,-0.13571994,-0.12023825,-0.13813198,-0.25318068,-0.26654312,-0.08330615,-0.10945694,-0.14463149,-0.09238048,-0.18804291,-0.19048588,-0.1529772,-0.0901293,-0.13230102,-0.14952436,-0.15034603,-0.1591115,-0.17076655,-0.18423222,-0.08762348,-0.12380831,-0.14125478,-0.10256614,-0.17951453,-0.19495486,-0.19161864,-0.09990803,-0.13113372,-0.079114154,-0.1275559,-0.19006202,-0.1937876,-0.19196194,-0.12351463,-0.07516338,-0.09704283,-0.11827695,-0.13647588,-0.12406494,-0.121451,-0.0943657,-0.09639829,-0.10837616,-0.082459606,-0.11274403,-0.13232559,-0.16745913,-0.1410757,-0.13618866,-0.18093297,-0.17825818,-0.19446994,-0.14471753,-0.15549555,-0.13545202,-0.119081676,-0.14001076,-0.19117098,-0.19154891,-0.18161276,-0.19755594,-0.25103784,-0.20219928,-0.19047955,-0.19122991,-0.1827082,-0.17393383,-0.27554205,-0.08916744,-0.11956477,-0.12760678,-0.15751183,-0.20931396,-0.18224281,-0.29657933,-0.32474133,-0.15147227,-0.3242122,-0.17325558,-0.17108874,-0.2185038,-0.17647925,-0.114121355,-0.13979667,-0.15388772,-0.15788373,-0.22984435,-0.18186735,-0.25660533,-0.10422571,-0.12455491,-0.1384685,-0.12408838,-0.15189947,-0.15535736,-0.15657145,-0.14014931,-0.15141064,-0.1633942,-0.15530565,-0.15367295,-0.15300032,-0.13388349,-0.12285599,-0.14629546,-0.19056726,-0.17730726,-0.21025829,-0.3990198,-0.2029815,-0.11335933,-0.1296617,-0.11853605,-0.1478047,-0.16636807,-0.18709302,-0.19191055,-0.131434,-0.076442786,-0.15321466,-0.13970424,-0.14106366,-0.11793289,-0.19987361,-0.1649412,-0.15863234,-0.14139007,-0.12339143,-0.12722544,-0.14610182,-0.2588673,-0.10706648,-0.13074079,-0.09132757,-0.12832497,-0.12916718,-0.14976647,-0.15211436,-0.09617072,-0.08910369,-0.12422112,-0.11032029,-0.13783495,-0.15081003,-0.17062196,-0.14294764,-0.11619511,-0.17410225,-0.15190263,-0.14242104,-0.12525073,-0.14223884,-0.17466888,-0.13176009,-0.132224,-0.14577025,-0.12291813,-0.08722703,-0.05825615,-0.1434235,-0.17082691,-0.026243303,-0.16662396,-0.2829064,-0.31316653,-0.19854242,-0.14574513,-0.14331596,-0.14862512,-0.12963767,-0.25088155,-0.19438404,-0.18896577,-0.09432629,-0.10926287,-0.10702289,-0.09360094,-0.12759323,-0.15288253,-0.15746465,-0.16730827,-0.12812386,-0.0969081,-0.16398169,-0.14386478,-0.11335766,-0.18846886,-0.1706479,-0.15397906,-0.12578233,-0.115196005,-0.11271772,-0.11662802,-0.17646453,-0.13855696,-0.13451067,-0.096878245,-0.12102224,-0.09154719,-0.12434345,-0.13590229,-0.063823454,-0.13877153,-0.11419349,-0.13358411,-0.24483351,-0.2571875,-0.29957527,-0.14626408,-0.15685844,-0.13213578,-0.19104545,-0.0782174,-0.17270067,-0.16434287,-0.09859173,-0.11065883,-0.11456032,-0.076612435,-0.083404,-0.1213824,-0.13072303,-0.13855581,-0.19385117,-0.09902187,-0.15558794,-0.19487974,-0.19134092,-0.18715222,-0.11115518,-0.14308569,-0.103035234,-0.15954185,-0.19437352,-0.17321493,-0.16902508,-0.14285363,-0.14262149,-0.101351544,-0.15320086,-0.16165283,-0.1810495,-0.19538736,-0.12121034,-0.1474942,-0.11362401,-0.07973717,-0.14270912,-0.20725825,-0.161107,-0.125103,-0.15657571,-0.15690626,-0.14361557,-0.19202894,-0.16267154,-0.18234465,-0.2963242,-0.19800195,-0.18092728,-0.1716702,-0.19323198,-0.15736853,-0.14054683,-0.13029617,-0.12557748,-0.1382362,-0.16304049,-0.30584824,-0.16684802,-0.18136042,-0.19300944,-0.11441202,-0.15050036,-0.14058521,-0.17819497,-0.16704354,-0.16478309,-0.14331086,-0.18237996,-0.12814896,-0.15316756,-0.13686077,-0.24156228,-0.1798176,-0.10309999,-0.13511206,-0.14208542,-0.17474474,-0.11013636,-0.1344623,-0.15254366,-0.16023818,-0.18209128,-0.15438521,-0.14918202,-0.19184028,-0.17557207,-0.1645368,-0.14723541,-0.14623587,-0.11499533,-0.10471026,-0.13484646,-0.20148799,-0.17745455,-0.12513243,-0.16584711,-0.18041904,-0.18738703,-0.11705899,-0.1769191,-0.25992465,-0.0923828,-0.09207769,-0.11455185,-0.13600779,-0.1480102,-0.098178044,-0.18940467
k__Bacteria|p__Firmicutes|c__Tissierellia|o__Tissierellales|f__Peptoniphilaceae|g__Anaerococcus|s__Anaerococcus_hydrogenalis,-0.1004395,-0.12316422,-0.14164199,-0.20428483,-0.16692364,-0.19325538,-0.1666669,-0.14507753,-0.12502709,-0.18346004,-0.18292165,-0.2253464,-0.16937271,-0.20441063,-0.10322137,-0.0994515,-0.058144663,-0.09967604,-0.10781733,-0.17066297,-0.1978925,-0.12536043,-0.1362345,-0.15220284,-0.17135987,-0.11658599,-0.16730438,-0.17382509,-0.1509206,-0.12124001,-0.13513668,-0.10576049,-0.14828226,-0.19551037,-0.18896005,-0.2175087,-0.1609599,-0.22338755,-0.1971763,-0.29867563,-0.29210672,-0.19777364,-0.10726386,-0.09162698,-0.13691942,-0.15502465,-0.23188588,-0.19355628,-0.14652875,-0.2026537,-0.18389316,-0.18279888,-0.19700953,-0.19802338,-0.20292631,-0.15758,-0.12571919,-0.14371295,-0.09223245,-0.09570733,-0.17106155,-0.1422564,-0.13743341,-0.14689973,-0.12719077,-0.15125352,-0.2613474,-0.22333384,-0.18861148,-0.20047067,-0.14559941,-0.14917146,-0.1306875,-0.14260706,-0.15049982,-0.16388938,-0.14659378,-0.16278498,-0.15938708,-0.14998752,-0.14711192,-0.15700352,-0.15310253,-0.22480208,-0.120334074,-0.14145893,-0.1183505,-0.16076648,-0.1739006,-0.1555995,-0.16801062,-0.11139822,-0.1388583,-0.13027036,-0.1285755,-0.15152657,-0.1425167,-0.115590796,-0.10065024,-0.090582296,-0.10548696,-0.12046906,-0.1349411,-0.15027548,-0.1602816,-0.1185138,-0.11129953,-0.1578567,-0.17738779,-0.13354594,-0.163914,-0.25953975,-0.14869323,-0.13263634,-0.14157355,-0.15095688,-0.17780018,-0.16359964,-0.22917573,-0.09015879,-0.11022021,-0.13471165,-0.12962471,-0.13997786,-0.17362282,-0.13908121,-0.16057305,-0.12777606,-0.07092635,-0.03704006,-0.13708888,-0.16192347,-0.1787684,-0.14332479,-0.12334781,-0.13574216,-0.12023825,-0.13817888,-0.25318068,-0.26654312,-0.08357691,-0.10945694,-0.14432332,-0.09238048,-0.18754454,-0.19006959,-0.15295486,-0.09036125,-0.13230102,-0.14950687,-0.15025282,-0.15885396,-0.1703875,-0.18344831,-0.087973595,-0.12379596,-0.14115216,-0.10256614,-0.17951453,-0.19495486,-0.19096133,-0.10017645,-0.13113372,-0.07961348,-0.12781191,-0.19006202,-0.19308642,-0.19149023,-0.12345687,-0.07551199,-0.097186014,-0.11853679,-0.13649735,-0.12406494,-0.121451,-0.09460567,-0.09677136,-0.108527586,-0.082459606,-0.11283739,-0.13218619,-0.1669783,-0.1410757,-0.13641055,-0.18093297,-0.17825818,-0.19396162,-0.1446276,-0.15549555,-0.13542816,-0.119081676,-0.14001076,-0.19117098,-0.19102132,-0.18126339,-0.19755594,-0.25103784,-0.20219928,-0.18990053,-0.19093718,-0.1823785,-0.17376566,-0.27554205,-0.08916744,-0.11956477,-0.12791696,-0.15751183,-0.20931396,-0.18224281,-0.29657933,-0.32474133,-0.15327017,-0.3242122,-0.17325558,-0.17108874,-0.2185038,-0.17647925,-0.114121355,-0.13990276,-0.15388772,-0.15788373,-0.22984435,-0.18186735,-0.25621486,-0.10443026,-0.12455491,-0.13844985,-0.12412798,-0.15189947,-0.15483713,-0.15610999,-0.14014931,-0.15141064,-0.16289137,-0.15520914,-0.15340608,-0.153061,-0.13396382,-0.12305768,-0.14625804,-0.18995687,-0.17687292,-0.21025829,-0.3990198,-0.2020309,-0.11348477,-0.1296617,-0.118453525,-0.14786428,-0.16636807,-0.18634571,-0.19147351,-0.13168356,-0.076709576,-0.15291089,-0.13974087,-0.14106366,-0.11813746,-0.19987361,-0.1649412,-0.15866397,-0.14148533,-0.123578675,-0.12722544,-0.14610182,-0.2588673,-0.107357465,-0.13074079,-0.09132757,-0.12832497,-0.12907442,-0.14967883,-0.15171893,-0.096364394,-0.08910369,-0.12426649,-0.11054668,-0.13781562,-0.1506893,-0.17021218,-0.14287737,-0.11639888,-0.17373946,-0.15177363,-0.14226595,-0.12538764,-0.1419656,-0.17466888,-0.13176009,-0.13216509,-0.14568156,-0.12295443,-0.08722703,-0.05825615,-0.14345874,-0.17082691,-0.026243303,-0.16677922,-0.2829064,-0.31316653,-0.1978275,-0.1456179,-0.14331596,-0.14862512,-0.12963767,-0.25088155,-0.19360456,-0.18833274,-0.09468828,-0.109325685,-0.10702289,-0.09367783,-0.12759323,-0.15289943,-0.15746465,-0.1670146,-0.12812386,-0.0969081,-0.16398169,-0.14348719,-0.11335766,-0.18846886,-0.1706479,-0.15387173,-0.12571047,-0.115196005,-0.11292494,-0.11662802,-0.17584246,-0.13842033,-0.13431418,-0.096878245,-0.12107511,-0.091778964,-0.12434345,-0.13586605,-0.063823454,-0.13877153,-0.11419349,-0.13376942,-0.24483351,-0.2571875,-0.29957527,-0.14612594,-0.1566051,-0.13209264,-0.19104545,-0.0782174,-0.17212237,-0.16421504,-0.09859173,-0.11065883,-0.114675045,-0.076612435,-0.083404,-0.1213824,-0.13072303,-0.13855581,-0.19385117,-0.09900622,-0.15559265,-0.19487974,-0.19090363,-0.18671483,-0.111277126,-0.14294809,-0.1029475,-0.1590799,-0.19385348,-0.17254543,-0.16896296,-0.14276332,-0.14246354,-0.10189055,-0.15314516,-0.16149437,-0.18082741,-0.1948924,-0.12117781,-0.14723916,-0.11387013,-0.08008308,-0.14294119,-0.20725825,-0.16076279,-0.125103,-0.15657571,-0.15690626,-0.14359808,-0.19202894,-0.16246527,-0.18176068,-0.2963242,-0.19792305,-0.18092576,-0.17157671,-0.19273615,-0.15745126,-0.14054683,-0.13029028,-0.12557748,-0.13825297,-0.16331269,-0.30584824,-0.16656266,-0.18088171,-0.1925909,-0.11441202,-0.15044674,-0.14056559,-0.17784196,-0.16672416,-0.164442,-0.14331086,-0.18237996,-0.12837204,-0.15320818,-0.13742578,-0.24156228,-0.1794228,-0.10326567,-0.13522452,-0.1417928,-0.17424552,-0.11035602,-0.13447985,-0.15210855,-0.15987886,-0.18166843,-0.1538977,-0.14895205,-0.19184028,-0.17519909,-0.16398364,-0.14723541,-0.14623587,-0.11499533,-0.10471026,-0.13495095,-0.20148799,-0.17690727,-0.12513243,-0.1657807,-0.18041904,-0.18738703,-0.11705899,-0.17613924,-0.2590087,-0.09264256,-0.09232937,-0.11478683,-0.13593589,-0.14786813,-0.098535284,-0.1887252
k__Bacteria|p__Firmicutes|c__Clostridia|o__Eubacteriales|f__Eubacteriales_unclassified|g__Eubacteriales_unclassified|s__Clostridiales_bacterium_KLE1615,-0.1004395,-0.12316422,-0.14137134,-0.20428483,-0.16693026,-0.1934104,-0.1666669,-0.14521527,-0.12497807,-0.1837165,-0.1831935,-0.22308257,-0.16903572,-0.20387101,-0.103063375,-0.09904886,-0.058144663,-0.09972331,-0.107639395,-0.17086416,-0.1978925,-0.12536043,-0.1364423,-0.15252699,-0.17140347,-0.11658599,-0.16748232,-0.17415608,-0.1509206,-0.12124001,-0.1352031,-0.10543659,-0.14831592,-0.19541836,-0.18903978,-0.2175087,-0.16097699,-0.22338755,-0.1968756,-0.29867563,-0.29210672,-0.19768211,-0.10721254,-0.09162698,-0.13691942,-0.15494305,-0.23188588,-0.1936118,-0.14662102,-0.2026537,-0.18410057,-0.18279888,-0.196892,-0.19774249,-0.20210186,-0.15791959,-0.12571532,-0.14380546,-0.092298895,-0.09554343,-0.17133528,-0.14252335,-0.13743341,-0.14699559,-0.12719077,-0.15129098,-0.2613474,-0.22333384,-0.18885413,-0.20047067,-0.14581531,-0.14932251,-0.13060224,-0.1426206,-0.15085201,-0.16429228,-0.14690952,-0.16278498,-0.15946609,-0.14998752,-0.14724083,-0.15699953,-0.1532976,-0.22480208,-0.120334074,-0.14150661,-0.1182472,-0.16111404,-0.17419752,-0.15557903,-0.1682086,-0.11139822,-0.1388583,-0.13027036,-0.12869257,-0.15152657,-0.14268212,-0.115643844,-0.10065024,-0.09032941,-0.10538502,-0.120458946,-0.13496228,-0.15027548,-0.16048722,-0.1185138,-0.11129953,-0.1578567,-0.17738779,-0.13373958,-0.16365477,-0.25953975,-0.14875528,-0.13253608,-0.14144045,-0.15095688,-0.17780018,-0.1635617,-0.22917573,-0.09015879,-0.11019844,-0.13472968,-0.12960346,-0.13997786,-0.17363596,-0.13908121,-0.16057305,-0.12777606,-0.07092635,-0.03704006,-0.13703337,-0.1621079,-0.17900383,-0.14332479,-0.12334781,-0.13577442,-0.12023825,-0.13813484,-0.25318068,-0.26654312,-0.08341653,-0.10945694,-0.1444866,-0.09238048,-0.187648,-0.19002652,-0.15273654,-0.09019448,-0.13230102,-0.14954254,-0.15027511,-0.15894486,-0.17050931,-0.18379943,-0.08768814,-0.12384118,-0.14123335,-0.10256614,-0.17951453,-0.19495486,-0.19114105,-0.10007055,-0.13113372,-0.0791809,-0.12761393,-0.19006202,-0.19317938,-0.19153924,-0.12365611,-0.07528123,-0.09705898,-0.1183459,-0.13647503,-0.12406494,-0.121451,-0.094438925,-0.09650093,-0.108380616,-0.082459606,-0.11272187,-0.13222308,-0.16723272,-0.1410757,-0.13632222,-0.18093297,-0.17825818,-0.1938656,-0.1445557,-0.15549555,-0.13546953,-0.119081676,-0.14001076,-0.19117098,-0.19091342,-0.18135954,-0.19755594,-0.25103784,-0.20219928,-0.19008864,-0.19090295,-0.18238507,-0.17362513,-0.27554205,-0.08916744,-0.11956477,-0.12777081,-0.15751183,-0.20931396,-0.18224281,-0.29657933,-0.32474133,-0.15220372,-0.3242122,-0.17325558,-0.17108874,-0.2185038,-0.17647925,-0.114121355,-0.13982135,-0.15388772,-0.15788373,-0.22984435,-0.18186735,-0.25450528,-0.10431029,-0.12455491,-0.13849719,-0.124121994,-0.15189947,-0.15508853,-0.1564147,-0.14014931,-0.15141064,-0.1632453,-0.15530393,-0.15360242,-0.1530106,-0.13379572,-0.12304764,-0.14640379,-0.19028294,-0.17704454,-0.21025829,-0.3990198,-0.20134673,-0.113423884,-0.1296617,-0.118456736,-0.14789578,-0.16636807,-0.18674627,-0.19154884,-0.13162622,-0.07648414,-0.15309697,-0.13968018,-0.14106366,-0.1183933,-0.19987361,-0.1649412,-0.15868455,-0.14135975,-0.12346998,-0.12722544,-0.14610182,-0.2588673,-0.107196376,-0.13074079,-0.09132757,-0.12832497,-0.12918001,-0.14975545,-0.15197393,-0.09626338,-0.08910369,-0.12423395,-0.11037092,-0.13779393,-0.15074575,-0.17034742,-0.14296392,-0.11639345,-0.17391181,-0.15184551,-0.14236897,-0.12521233,-0.14230317,-0.17466888,-0.13176009,-0.13220724,-0.14577317,-0.122866206,-0.08722703,-0.05825615,-0.14350407,-0.17082691,-0.026243303,-0.16652794,-0.2829064,-0.31316653,-0.19754715,-0.14571726,-0.14331596,-0.14862512,-0.12963767,-0.25088155,-0.19365035,-0.18857577,-0.094540134,-0.10932545,-0.10702289,-0.09364073,-0.12759323,-0.15294325,-0.15746465,-0.16715826,-0.12812386,-0.0969081,-0.16398169,-0.14376086,-0.11335766,-0.18846886,-0.1706479,-0.15394434,-0.12577859,-0.115196005,-0.112850845,-0.11662802,-0.17612931,-0.1385135,-0.134366,-0.096878245,-0.12094815,-0.09165711,-0.12434345,-0.13606378,-0.063823454,-0.13877153,-0.11419349,-0.13365456,-0.24483351,-0.2571875,-0.29957527,-0.1461879,-0.15671757,-0.1320825,-0.19104545,-0.0782174,-0.17226662,-0.1643166,-0.09859173,-0.11065883,-0.11485453,-0.076612435,-0.083404,-0.1213824,-0.13072303,-0.13855581,-0.19385117,-0.09892112,-0.15565217,-0.19487974,-0.19096659,-0.18675965,-0.111224666,-0.14297578,-0.103046104,-0.15943314,-0.19392838,-0.17296138,-0.16886738,-0.14280652,-0.1425023,-0.10157025,-0.15316606,-0.16157387,-0.18083084,-0.1947907,-0.12121634,-0.14741796,-0.11386491,-0.079998046,-0.14279589,-0.20725825,-0.16089787,-0.125103,-0.15657571,-0.15690626,-0.14360616,-0.19202894,-0.16257665,-0.18206275,-0.2963242,-0.19697288,-0.18068767,-0.1713431,-0.1925641,-0.15728486,-0.14054683,-0.13027269,-0.12557748,-0.1382332,-0.1629937,-0.30584824,-0.16668154,-0.18102252,-0.19261868,-0.11441202,-0.15050322,-0.14050998,-0.17797787,-0.16684319,-0.16460702,-0.14331086,-0.18237996,-0.12827674,-0.15330155,-0.1371057,-0.24156228,-0.17935963,-0.10314578,-0.13518643,-0.14193101,-0.17447908,-0.1102203,-0.1344665,-0.15241104,-0.16004366,-0.18169236,-0.15414792,-0.149017,-0.19184028,-0.17529726,-0.16437495,-0.14723541,-0.14623587,-0.11499533,-0.10471026,-0.13488668,-0.20148799,-0.17715739,-0.12513243,-0.16581374,-0.18041904,-0.18738703,-0.11705899,-0.1766866,-0.2582206,-0.09245495,-0.09220317,-0.114628285,-0.13594063,-0.14787778,-0.09830793,-0.18894035
k__Bacteria|p__Firmicutes|c__Clostridia|o__Clostridia_unclassified|f__Clostridia_unclassified|g__GGB3451|s__GGB3451_SGB4605,-0.1004395,-0.12316422,-0.14094672,-0.20428483,-0.1666052,-0.19343662,-0.1666669,-0.14536151,-0.1250654,-0.18393975,-0.1826138,-0.21796033,-0.16985583,-0.20155779,-0.103197195,-0.09887831,-0.058144663,-0.10005523,-0.10779166,-0.17097363,-0.1978925,-0.12536043,-0.13676989,-0.15300591,-0.17145787,-0.11658599,-0.16770168,-0.17442259,-0.1509206,-0.12124001,-0.135492,-0.10535683,-0.1485092,-0.1948292,-0.18923855,-0.2175087,-0.16053924,-0.22338755,-0.19617902,-0.29867563,-0.29210672,-0.19745593,-0.107422724,-0.09162698,-0.13691942,-0.15477344,-0.23188588,-0.193328,-0.1469459,-0.2026537,-0.18341291,-0.18279888,-0.19602606,-0.19695528,-0.20072158,-0.15878028,-0.12592538,-0.14401805,-0.09284112,-0.09579259,-0.17162675,-0.1429581,-0.13743341,-0.14714476,-0.12719077,-0.15149316,-0.2613474,-0.22333384,-0.18860853,-0.20047067,-0.14612193,-0.14956021,-0.13076904,-0.14273852,-0.15148303,-0.16451663,-0.14752218,-0.16278498,-0.15913877,-0.14998752,-0.14763516,-0.15692806,-0.15357259,-0.22480208,-0.120334074,-0.14174621,-0.118362695,-0.161478,-0.17435391,-0.15547465,-0.16854915,-0.11139822,-0.1388583,-0.13027036,-0.12916093,-0.15152657,-0.14310527,-0.11598098,-0.10065024,-0.09044232,-0.1056737,-0.12067102,-0.1352152,-0.15027548,-0.16085781,-0.1185138,-0.11129953,-0.1578567,-0.17738779,-0.13407144,-0.1634688,-0.25953975,-0.14882992,-0.13256119,-0.14142662,-0.15095688,-0.17780018,-0.16312969,-0.22917573,-0.09015879,-0.110453814,-0.13485694,-0.12978981,-0.13997786,-0.17350379,-0.13908121,-0.16057305,-0.12777606,-0.07092635,-0.03704006,-0.13695891,-0.16247633,-0.17915958,-0.14332479,-0.12334781,-0.13602614,-0.12023825,-0.13857472,-0.25318068,-0.26654312,-0.08382839,-0.10945694,-0.14511585,-0.09238048,-0.1877406,-0.18969199,-0.15279901,-0.0905164,-0.13230102,-0.1496737,-0.15028323,-0.15902013,-0.17054623,-0.18447393,-0.08786094,-0.12393083,-0.141236,-0.10256614,-0.17951453,-0.19495486,-0.19127661,-0.100412495,-0.13113372,-0.07929972,-0.12788442,-0.19006202,-0.1930158,-0.19150686,-0.124070525,-0.0755558,-0.09732314,-0.118363455,-0.13668749,-0.12406494,-0.121451,-0.09462874,-0.09660113,-0.10866627,-0.082459606,-0.11295265,-0.1326023,-0.16753264,-0.1410757,-0.13633879,-0.18093297,-0.17825818,-0.19354592,-0.14468813,-0.15549555,-0.13573875,-0.119081676,-0.14001076,-0.19117098,-0.19034286,-0.18106614,-0.19755594,-0.25103784,-0.20219928,-0.19017917,-0.19053863,-0.18233836,-0.1733704,-0.27554205,-0.08916744,-0.11956477,-0.12794815,-0.15751183,-0.20931396,-0.18224281,-0.29657933,-0.32474133,-0.15168908,-0.3242122,-0.17325558,-0.17108874,-0.2185038,-0.17647925,-0.114121355,-0.13979094,-0.15388772,-0.15788373,-0.22984435,-0.18186735,-0.25116333,-0.1045368,-0.12455491,-0.13874589,-0.12449446,-0.15189947,-0.15548216,-0.15691118,-0.14014931,-0.15141064,-0.16369444,-0.15532337,-0.15386404,-0.15298995,-0.13394195,-0.123413466,-0.14657483,-0.19062147,-0.17672785,-0.21025829,-0.3990198,-0.20055088,-0.113653526,-0.1296617,-0.11858945,-0.14822106,-0.16636807,-0.18705998,-0.19151194,-0.13177945,-0.07699269,-0.15351453,-0.13995884,-0.14106366,-0.11865569,-0.19987361,-0.1649412,-0.15852262,-0.1413967,-0.12368344,-0.12722544,-0.14610182,-0.2588673,-0.10736948,-0.13074079,-0.09132757,-0.12832497,-0.12972361,-0.14996922,-0.15247545,-0.096566744,-0.08910369,-0.124565944,-0.11058007,-0.13798335,-0.15092392,-0.17063546,-0.14318916,-0.116830476,-0.1739659,-0.15198477,-0.14270899,-0.12517248,-0.14285114,-0.17466888,-0.13176009,-0.13264911,-0.14590935,-0.12310575,-0.08722703,-0.05825615,-0.14364347,-0.17082691,-0.026243303,-0.16582647,-0.2829064,-0.31316653,-0.19715638,-0.14592767,-0.14331596,-0.14862512,-0.12963767,-0.25088155,-0.19325209,-0.1888382,-0.095004454,-0.10963908,-0.10702289,-0.09427357,-0.12759323,-0.15310569,-0.15746465,-0.16703695,-0.12812386,-0.0969081,-0.16398169,-0.14431034,-0.11335766,-0.18846886,-0.1706479,-0.15402833,-0.12613001,-0.115196005,-0.11321515,-0.11662802,-0.17648071,-0.13872494,-0.13464421,-0.096878245,-0.12100461,-0.09211825,-0.12434345,-0.13657483,-0.063823454,-0.13877153,-0.11419349,-0.13387215,-0.24483351,-0.2571875,-0.29957527,-0.14626847,-0.15688807,-0.13231254,-0.19104545,-0.0782174,-0.17239377,-0.16449699,-0.09859173,-0.11065883,-0.11543364,-0.076612435,-0.083404,-0.1213824,-0.13072303,-0.13855581,-0.19385117,-0.09930599,-0.15573579,-0.19487974,-0.19080177,-0.18681434,-0.11157507,-0.14311084,-0.10357611,-0.15989457,-0.19353087,-0.17332652,-0.16892375,-0.14291346,-0.1425913,-0.10152656,-0.15333866,-0.161472,-0.18069185,-0.19438165,-0.121580355,-0.14765878,-0.11412717,-0.080490194,-0.14278962,-0.20725825,-0.16103569,-0.125103,-0.15657571,-0.15690626,-0.14351888,-0.19202894,-0.1627002,-0.18259236,-0.2963242,-0.19531548,-0.18052982,-0.17097704,-0.19215126,-0.15709329,-0.14054683,-0.13049206,-0.12557748,-0.138406,-0.16304132,-0.30584824,-0.16672513,-0.18136442,-0.1923506,-0.11441202,-0.15090589,-0.14054531,-0.1779704,-0.16690284,-0.16492185,-0.14331086,-0.18237996,-0.1283099,-0.15343289,-0.13697948,-0.24156228,-0.17911907,-0.10345479,-0.13521813,-0.14230281,-0.17464876,-0.11056043,-0.13468763,-0.15300119,-0.16005784,-0.18139412,-0.15470609,-0.14921299,-0.19184028,-0.17526138,-0.16492033,-0.14723541,-0.14623587,-0.11499533,-0.10471026,-0.13516566,-0.20148799,-0.1774711,-0.12513243,-0.1653553,-0.18041904,-0.18738703,-0.11705899,-0.17767334,-0.25648016,-0.09265059,-0.09256742,-0.11476107,-0.13616547,-0.14803287,-0.09859919,-0.18916939
k__Bacteria|p__Firmicutes|c__Clostridia|o__Eubacteriales|f__Eubacteriales_unclassified|g__Eubacteriales_unclassified|s__Clostridiales_bacterium_Marseille_P2846,-0.1004395,-0.12316422,-0.1413831,-0.20428483,-0.16681615,-0.19284418,-0.1666669,-0.14491956,-0.12468195,-0.18340321,-0.18351732,-0.22607242,-0.16874722,-0.20571089,-0.102924585,-0.09907971,-0.058144663,-0.09960061,-0.10739879,-0.1703498,-0.1978925,-0.12536043,-0.13605803,-0.15200026,-0.17117588,-0.11658599,-0.1673066,-0.17364396,-0.1509206,-0.12124001,-0.13486132,-0.10553454,-0.14801303,-0.1957008,-0.1888327,-0.2175087,-0.16033733,-0.22338755,-0.19681345,-0.29867563,-0.29210672,-0.19765975,-0.10694829,-0.09162698,-0.13691942,-0.15490411,-0.23188588,-0.1935593,-0.14612377,-0.2026537,-0.18372306,-0.18279888,-0.19713536,-0.19792522,-0.20315656,-0.15737182,-0.12545094,-0.14351918,-0.09175599,-0.09528287,-0.17099172,-0.1419899,-0.13743341,-0.14669067,-0.12719077,-0.15079856,-0.2613474,-0.22333384,-0.18848282,-0.20047067,-0.14542061,-0.14901017,-0.13038057,-0.14251992,-0.15039799,-0.16385138,-0.14612393,-0.16278498,-0.15921941,-0.14998752,-0.14693987,-0.15681413,-0.15285133,-0.22480208,-0.120334074,-0.14123575,-0.11806907,-0.16070719,-0.17373814,-0.15528221,-0.1678409,-0.11139822,-0.1388583,-0.13027036,-0.1282933,-0.15152657,-0.14236385,-0.11521241,-0.10065024,-0.090378076,-0.105273604,-0.120215334,-0.13472849,-0.15027548,-0.16010118,-0.1185138,-0.11129953,-0.1578567,-0.17738779,-0.13295078,-0.1632824,-0.25953975,-0.14840543,-0.13242567,-0.14140612,-0.15095688,-0.17780018,-0.16315432,-0.22917573,-0.09015879,-0.109893024,-0.13449709,-0.12942171,-0.13997786,-0.17355965,-0.13908121,-0.16057305,-0.12777606,-0.07092635,-0.03704006,-0.1370404,-0.16178864,-0.17858973,-0.14332479,-0.12334781,-0.1355339,-0.12023825,-0.138054,-0.25318068,-0.26654312,-0.083249405,-0.10945694,-0.14412457,-0.09238048,-0.18751092,-0.19029215,-0.1529777,-0.090023965,-0.13230102,-0.14930198,-0.15011847,-0.1586917,-0.17025721,-0.18320176,-0.087630294,-0.123430416,-0.14100654,-0.10256614,-0.17951453,-0.19495486,-0.1906813,-0.0997795,-0.13113372,-0.079268515,-0.12756306,-0.19006202,-0.19316036,-0.19131872,-0.123120084,-0.07517792,-0.09679361,-0.11828041,-0.13639675,-0.12406494,-0.121451,-0.094248176,-0.09650625,-0.1082972,-0.082459606,-0.11267696,-0.13214725,-0.16682589,-0.1410757,-0.13610353,-0.18093297,-0.17825818,-0.19387192,-0.14435431,-0.15549555,-0.13504922,-0.119081676,-0.14001076,-0.19117098,-0.19101873,-0.18102446,-0.19755594,-0.25103784,-0.20219928,-0.1897399,-0.19089936,-0.18229239,-0.1735886,-0.27554205,-0.08916744,-0.11956477,-0.12773414,-0.15751183,-0.20931396,-0.18224281,-0.29657933,-0.32474133,-0.15226343,-0.3242122,-0.17325558,-0.17108874,-0.2185038,-0.17647925,-0.114121355,-0.1397357,-0.15388772,-0.15788373,-0.22984435,-0.18186735,-0.2565604,-0.10411146,-0.12455491,-0.13834219,-0.12387842,-0.15189947,-0.15487826,-0.15585324,-0.14014931,-0.15141064,-0.16275078,-0.15499225,-0.15316015,-0.15281743,-0.13371018,-0.12273596,-0.14602539,-0.19007,-0.17690982,-0.21025829,-0.3990198,-0.20184627,-0.11320932,-0.1296617,-0.11827231,-0.14768058,-0.16636807,-0.18632416,-0.1912618,-0.1313424,-0.076348364,-0.1526241,-0.13951883,-0.14106366,-0.117725916,-0.19987361,-0.1649412,-0.15844889,-0.14112997,-0.12345767,-0.12722544,-0.14610182,-0.2588673,-0.106960475,-0.13074079,-0.09132757,-0.12832497,-0.12888749,-0.14963095,-0.15150493,-0.096048094,-0.08910369,-0.124024674,-0.110371575,-0.13754767,-0.15058479,-0.1699422,-0.14259368,-0.11607851,-0.1736829,-0.15168121,-0.14212076,-0.12528417,-0.1416052,-0.17466888,-0.13176009,-0.13174835,-0.14560053,-0.12269903,-0.08722703,-0.05825615,-0.14326535,-0.17082691,-0.026243303,-0.16614854,-0.2829064,-0.31316653,-0.19754305,-0.14536346,-0.14331596,-0.14862512,-0.12963767,-0.25088155,-0.19351703,-0.18797936,-0.094366744,-0.10897237,-0.10702289,-0.093378216,-0.12759323,-0.15262751,-0.15746465,-0.16684672,-0.12812386,-0.0969081,-0.16398169,-0.14339806,-0.11335766,-0.18846886,-0.1706479,-0.1535735,-0.12534541,-0.115196005,-0.112485394,-0.11662802,-0.1757442,-0.13818629,-0.13416868,-0.096878245,-0.12092237,-0.09152445,-0.12434345,-0.13561605,-0.063823454,-0.13877153,-0.11419349,-0.13351846,-0.24483351,-0.2571875,-0.29957527,-0.14586215,-0.15649505,-0.13177894,-0.19104545,-0.0782174,-0.1717264,-0.16409485,-0.09859173,-0.11065883,-0.11439941,-0.076612435,-0.083404,-0.1213824,-0.13072303,-0.13855581,-0.19385117,-0.09857887,-0.15508962,-0.19487974,-0.19077845,-0.18649678,-0.110916145,-0.14293605,-0.10258019,-0.15880007,-0.19371097,-0.17223464,-0.1689432,-0.1425673,-0.14223674,-0.101485774,-0.1529954,-0.16140354,-0.18068834,-0.19499008,-0.12088752,-0.14710161,-0.113498874,-0.07970382,-0.14242664,-0.20725825,-0.16042927,-0.125103,-0.15657571,-0.15690626,-0.14331941,-0.19202894,-0.16218813,-0.1815148,-0.2963242,-0.19752313,-0.18085682,-0.17194223,-0.19285238,-0.15739353,-0.14054683,-0.13001567,-0.12557748,-0.13798618,-0.16260466,-0.30584824,-0.16631022,-0.18088433,-0.19249266,-0.11441202,-0.15033999,-0.14040573,-0.17762607,-0.16656494,-0.16415507,-0.14331086,-0.18237996,-0.12776478,-0.15294725,-0.13682055,-0.24156228,-0.1793035,-0.10290319,-0.13504799,-0.14160281,-0.1741321,-0.110014394,-0.13425726,-0.15202457,-0.15972814,-0.18171144,-0.1536187,-0.1487306,-0.19184028,-0.17500487,-0.16372153,-0.14723541,-0.14623587,-0.11499533,-0.10471026,-0.13464901,-0.20148799,-0.17665744,-0.12513243,-0.16581444,-0.18041904,-0.18738703,-0.11705899,-0.17569843,-0.2596215,-0.09228586,-0.09200316,-0.11447825,-0.13572869,-0.1477269,-0.098189846,-0.188692
k__Bacteria|p__Firmicutes|c__Clostridia|o__Eubacteriales|f__Eubacteriales_unclassified|g__Eubacteriales_unclassified|s__Clostridiales_bacterium_VE202_01,-0.1004395,-0.12316422,-0.14104569,-0.20428483,-0.16635029,-0.19272408,-0.1666669,-0.14457317,-0.124443576,-0.18296027,-0.18240164,-0.22485279,-0.16855612,-0.20433825,-0.10266718,-0.09894626,-0.058144663,-0.09930579,-0.10729477,-0.17014502,-0.1978925,-0.12536043,-0.13577826,-0.15174429,-0.17080331,-0.11658599,-0.16678852,-0.1733056,-0.1509206,-0.12124001,-0.13463043,-0.10521434,-0.14780158,-0.19491896,-0.18843473,-0.2175087,-0.16030556,-0.22338755,-0.19645718,-0.29867563,-0.29210672,-0.19729,-0.106785536,-0.09162698,-0.13691942,-0.15443966,-0.23188588,-0.19300964,-0.1460272,-0.2026537,-0.1831419,-0.18279888,-0.19645932,-0.19749284,-0.20231704,-0.15708937,-0.1252206,-0.14323455,-0.09177026,-0.095195204,-0.17061381,-0.14174914,-0.13743341,-0.14638971,-0.12719077,-0.15069973,-0.2613474,-0.22333384,-0.18807158,-0.20047067,-0.14514202,-0.14866742,-0.13021846,-0.14213943,-0.1500891,-0.16340172,-0.14612336,-0.16278498,-0.15883477,-0.14998752,-0.14661959,-0.15647689,-0.15261498,-0.22480208,-0.120334074,-0.14095974,-0.11783107,-0.1603266,-0.17339078,-0.15503149,-0.1675452,-0.11139822,-0.1388583,-0.13027036,-0.12808044,-0.15152657,-0.14197052,-0.11503415,-0.10065024,-0.09004275,-0.104990214,-0.11999108,-0.13446271,-0.15027548,-0.15977183,-0.1185138,-0.11129953,-0.1578567,-0.17738779,-0.13312274,-0.16323258,-0.25953975,-0.14815044,-0.13212487,-0.14105263,-0.15095688,-0.17780018,-0.16300204,-0.22917573,-0.09015879,-0.10971647,-0.13419731,-0.12911949,-0.13997786,-0.1730547,-0.13908121,-0.16057305,-0.12777606,-0.07092635,-0.03704006,-0.1366004,-0.16144627,-0.17822209,-0.14332479,-0.12334781,-0.13521568,-0.12023825,-0.13768916,-0.25318068,-0.26654312,-0.083113045,-0.10945694,-0.14387995,-0.09238048,-0.1870569,-0.18951379,-0.1524032,-0.08989425,-0.13230102,-0.14897743,-0.14972806,-0.15834609,-0.16985919,-0.18297195,-0.08747788,-0.12329259,-0.14071093,-0.10256614,-0.17951453,-0.19495486,-0.19039503,-0.099655055,-0.13113372,-0.079146355,-0.12722582,-0.19006202,-0.19255295,-0.19093162,-0.1229698,-0.07499303,-0.09671867,-0.11799261,-0.13598832,-0.12406494,-0.121451,-0.094121054,-0.09621935,-0.10803826,-0.082459606,-0.11233848,-0.13169381,-0.16648072,-0.1410757,-0.13583398,-0.18093297,-0.17825818,-0.19340408,-0.144101,-0.15549555,-0.13490298,-0.119081676,-0.14001076,-0.19117098,-0.1904799,-0.18074182,-0.19755594,-0.25103784,-0.20219928,-0.18939553,-0.19035068,-0.18181518,-0.17323855,-0.27554205,-0.08916744,-0.11956477,-0.12736467,-0.15751183,-0.20931396,-0.18224281,-0.29657933,-0.32474133,-0.15242693,-0.3242122,-0.17325558,-0.17108874,-0.2185038,-0.17647925,-0.114121355,-0.1393697,-0.15388772,-0.15788373,-0.22984435,-0.18186735,-0.2553514,-0.10394053,-0.12455491,-0.13794254,-0.12361924,-0.15189947,-0.15438245,-0.15561469,-0.14014931,-0.15141064,-0.16243082,-0.1546637,-0.15292221,-0.15248641,-0.13341771,-0.12252634,-0.1457496,-0.18951622,-0.17631961,-0.21025829,-0.3990198,-0.20175849,-0.112972245,-0.1296617,-0.11800043,-0.14730652,-0.16636807,-0.1858788,-0.1908704,-0.13114843,-0.076239824,-0.1524261,-0.13920833,-0.14106366,-0.11759949,-0.19987361,-0.1649412,-0.15808958,-0.14096965,-0.12304601,-0.12722544,-0.14610182,-0.2588673,-0.10683653,-0.13074079,-0.09132757,-0.12832497,-0.12861773,-0.14915363,-0.15123355,-0.09587577,-0.08910369,-0.12378496,-0.11003164,-0.13732979,-0.15017296,-0.16969597,-0.14234439,-0.115909785,-0.17325123,-0.15123372,-0.1418089,-0.12484276,-0.14151466,-0.17466888,-0.13176009,-0.13169429,-0.1451495,-0.12239644,-0.08722703,-0.05825615,-0.14288417,-0.17082691,-0.026243303,-0.16611275,-0.2829064,-0.31316653,-0.19736812,-0.14511095,-0.14331596,-0.14862512,-0.12963767,-0.25088155,-0.19305035,-0.18780693,-0.09416704,-0.10885467,-0.10702289,-0.09323865,-0.12759323,-0.1523492,-0.15746465,-0.16644746,-0.12812386,-0.0969081,-0.16398169,-0.14305444,-0.11335766,-0.18846886,-0.1706479,-0.15334672,-0.12522364,-0.115196005,-0.11242139,-0.11662802,-0.17536294,-0.13791418,-0.13383016,-0.096878245,-0.12056616,-0.09130152,-0.12434345,-0.13536738,-0.063823454,-0.13877153,-0.11419349,-0.1332513,-0.24483351,-0.2571875,-0.29957527,-0.1456228,-0.1561271,-0.13158357,-0.19104545,-0.0782174,-0.17165905,-0.1636712,-0.09859173,-0.11065883,-0.11417099,-0.076612435,-0.083404,-0.1213824,-0.13072303,-0.13855581,-0.19385117,-0.09858669,-0.1550149,-0.19487974,-0.1903249,-0.18616179,-0.110774755,-0.14249012,-0.10248688,-0.15861335,-0.19327612,-0.17214584,-0.16840741,-0.14224315,-0.14196229,-0.10135312,-0.15262102,-0.16092828,-0.18025725,-0.19436224,-0.120687194,-0.14673117,-0.11331875,-0.07963748,-0.14237154,-0.20725825,-0.16023205,-0.125103,-0.15657571,-0.15690626,-0.14306495,-0.19202894,-0.16191897,-0.18126844,-0.2963242,-0.19727457,-0.18033682,-0.17099914,-0.1922479,-0.15684113,-0.14054683,-0.12979174,-0.12557748,-0.13769752,-0.16278931,-0.30584824,-0.16608532,-0.18035765,-0.19197957,-0.11441202,-0.14993176,-0.14005199,-0.17732865,-0.16618071,-0.16391906,-0.14331086,-0.18237996,-0.12781218,-0.15275496,-0.13678262,-0.24156228,-0.17887639,-0.102789246,-0.13470823,-0.14132297,-0.17373347,-0.10985464,-0.13397789,-0.15167905,-0.1593749,-0.18115728,-0.15347192,-0.148433,-0.19184028,-0.17465165,-0.16350532,-0.14723541,-0.14623587,-0.11499533,-0.10471026,-0.13444768,-0.20148799,-0.17638455,-0.12513243,-0.16530903,-0.18041904,-0.18738703,-0.11705899,-0.17567906,-0.25814697,-0.092127204,-0.09185392,-0.11427072,-0.13543709,-0.14737162,-0.09803249,-0.18828246
k__Bacteria|p__Firmicutes|c__Clostridia|o__Eubacteriales|f__Eubacteriales_Family_XIII_Incertae_Sedis|g__Eubacteriales_Family_XIII_Incertae_Sedis_unclassified|s__Eubacterium_brachy,-0.1004395,-0.12316422,-0.14094025,-0.20428483,-0.1667332,-0.19346015,-0.1666669,-0.14532393,-0.124454245,-0.18394506,-0.1819503,-0.22616771,-0.16932124,-0.20530252,-0.103422746,-0.099503264,-0.058144663,-0.10035677,-0.1075162,-0.17093661,-0.1978925,-0.12536043,-0.13652779,-0.15287915,-0.17167264,-0.11658599,-0.16736397,-0.17464949,-0.1509206,-0.12124001,-0.13518022,-0.10540244,-0.1481472,-0.1958006,-0.18968225,-0.2175087,-0.1601902,-0.22338755,-0.19700368,-0.29867563,-0.29210672,-0.19861944,-0.10768129,-0.09162698,-0.13691942,-0.15481983,-0.23188588,-0.19379976,-0.14690799,-0.2026537,-0.18301177,-0.18279888,-0.19676587,-0.1977165,-0.20395026,-0.1592438,-0.12599072,-0.1441612,-0.09250282,-0.0957508,-0.17157066,-0.14275418,-0.13743341,-0.14709166,-0.12719077,-0.15094694,-0.2613474,-0.22333384,-0.18882605,-0.20047067,-0.14626102,-0.14949419,-0.13079484,-0.14283344,-0.15177372,-0.16481209,-0.14738163,-0.16278498,-0.15884066,-0.14998752,-0.14735657,-0.1567648,-0.15338717,-0.22480208,-0.120334074,-0.14156826,-0.118254006,-0.16158018,-0.17450371,-0.15517832,-0.16849446,-0.11139822,-0.1388583,-0.13027036,-0.12900236,-0.15152657,-0.14254647,-0.11590958,-0.10065024,-0.09038066,-0.10581778,-0.12087637,-0.13526365,-0.15027548,-0.16088498,-0.1185138,-0.11129953,-0.1578567,-0.17738779,-0.13393694,-0.16315308,-0.25953975,-0.14863834,-0.13222569,-0.14147304,-0.15095688,-0.17780018,-0.16303656,-0.22917573,-0.09015879,-0.10993712,-0.13465524,-0.12979922,-0.13997786,-0.17344347,-0.13908121,-0.16057305,-0.12777606,-0.07092635,-0.03704006,-0.13706493,-0.16244407,-0.17924654,-0.14332479,-0.12334781,-0.13563259,-0.12023825,-0.1385378,-0.25318068,-0.26654312,-0.08376433,-0.10945694,-0.14519008,-0.09238048,-0.18765229,-0.19026195,-0.15294129,-0.09050098,-0.13230102,-0.14943948,-0.15024225,-0.15908119,-0.17065088,-0.18477869,-0.08782424,-0.12413623,-0.14134961,-0.10256614,-0.17951453,-0.19495486,-0.19186457,-0.1004118,-0.13113372,-0.07975976,-0.12802365,-0.19006202,-0.19365649,-0.1918596,-0.12412248,-0.07549851,-0.09739822,-0.118446164,-0.13665357,-0.12406494,-0.121451,-0.09477545,-0.0967147,-0.108717054,-0.082459606,-0.11306327,-0.13264334,-0.16780663,-0.1410757,-0.13602528,-0.18093297,-0.17825818,-0.194028,-0.14479078,-0.15549555,-0.13583766,-0.119081676,-0.14001076,-0.19117098,-0.19103599,-0.18096519,-0.19755594,-0.25103784,-0.20219928,-0.18979242,-0.19061598,-0.18240164,-0.17332716,-0.27554205,-0.08916744,-0.11956477,-0.127473,-0.15751183,-0.20931396,-0.18224281,-0.29657933,-0.32474133,-0.1494035,-0.3242122,-0.17325558,-0.17108874,-0.2185038,-0.17647925,-0.114121355,-0.13947749,-0.15388772,-0.15788373,-0.22984435,-0.18186735,-0.25579077,-0.104514346,-0.12455491,-0.1385606,-0.12444386,-0.15189947,-0.15567444,-0.15714589,-0.14014931,-0.15141064,-0.16374673,-0.15513365,-0.1537022,-0.15293421,-0.13406503,-0.123082906,-0.14603359,-0.19057396,-0.17690869,-0.21025829,-0.3990198,-0.20173264,-0.1136672,-0.1296617,-0.11887799,-0.14802763,-0.16636807,-0.18726933,-0.19172676,-0.13149056,-0.076719,-0.15362677,-0.13979657,-0.14106366,-0.11839926,-0.19987361,-0.1649412,-0.15803076,-0.14123282,-0.12368012,-0.12722544,-0.14610182,-0.2588673,-0.107337,-0.13074079,-0.09132757,-0.12832497,-0.12963435,-0.1497595,-0.15262029,-0.09664613,-0.08910369,-0.12454091,-0.11057527,-0.13788185,-0.15078329,-0.17090103,-0.14312118,-0.11625065,-0.17400548,-0.15185837,-0.14267,-0.1252217,-0.14275956,-0.17466888,-0.13176009,-0.13232425,-0.14593741,-0.12338396,-0.08722703,-0.05825615,-0.14360347,-0.17082691,-0.026243303,-0.16609941,-0.2829064,-0.31316653,-0.1975736,-0.14585455,-0.14331596,-0.14862512,-0.12963767,-0.25088155,-0.19417843,-0.18904024,-0.09474389,-0.10962616,-0.10702289,-0.09449087,-0.12759323,-0.15276307,-0.15746465,-0.16722059,-0.12812386,-0.0969081,-0.16398169,-0.14449903,-0.11335766,-0.18846886,-0.1706479,-0.15382996,-0.12598455,-0.115196005,-0.113133,-0.11662802,-0.1766277,-0.13881743,-0.13486585,-0.096878245,-0.12123187,-0.09213647,-0.12434345,-0.13626006,-0.063823454,-0.13877153,-0.11419349,-0.13377596,-0.24483351,-0.2571875,-0.29957527,-0.14631101,-0.15679112,-0.13231283,-0.19104545,-0.0782174,-0.17244402,-0.16462812,-0.09859173,-0.11065883,-0.115103856,-0.076612435,-0.083404,-0.1213824,-0.13072303,-0.13855581,-0.19385117,-0.099386744,-0.15561473,-0.19487974,-0.19085836,-0.18709145,-0.111532085,-0.14301285,-0.10343759,-0.16006398,-0.19379547,-0.17365474,-0.1690343,-0.14292225,-0.14272189,-0.10120691,-0.1532709,-0.16147509,-0.18056674,-0.19511583,-0.12154884,-0.14783818,-0.11377843,-0.08003387,-0.14292517,-0.20725825,-0.16111776,-0.125103,-0.15657571,-0.15690626,-0.14328596,-0.19202894,-0.16254735,-0.1825741,-0.2963242,-0.19584268,-0.18050624,-0.17127436,-0.19257843,-0.15729725,-0.14054683,-0.13046741,-0.12557748,-0.13833797,-0.16286951,-0.30584824,-0.1661136,-0.18165495,-0.19249249,-0.11441202,-0.15086523,-0.14055827,-0.17790177,-0.16705656,-0.16493073,-0.14331086,-0.18237996,-0.12790507,-0.15281937,-0.13690202,-0.24156228,-0.17914869,-0.10349,-0.13488893,-0.1423929,-0.17500766,-0.1102493,-0.13450657,-0.15321927,-0.16040418,-0.18129535,-0.154814,-0.14942653,-0.19184028,-0.175235,-0.16498184,-0.14723541,-0.14623587,-0.11499533,-0.10471026,-0.13500632,-0.20148799,-0.17765297,-0.12513243,-0.1646404,-0.18041904,-0.18738703,-0.11705899,-0.17778909,-0.25926566,-0.09275987,-0.09250119,-0.11462213,-0.13627478,-0.14816327,-0.09836097,-0.18950805
k__Bacteria|p__Firmicutes|c__Clostridia|o__Eubacteriales|f__Eubacteriales_unclassified|g__Levyella|s__Levyella_massiliensis,-0.1004395,-0.12316422,-0.14173758,-0.20428483,-0.16626725,-0.19338262,-0.1666669,-0.14483184,-0.12492029,-0.18333815,-0.1830086,-0.22813508,-0.17000744,-0.20568198,-0.10311338,-0.099492736,-0.058144663,-0.09956979,-0.10755238,-0.170632,-0.1978925,-0.12536043,-0.13599584,-0.15188086,-0.17125604,-0.11658599,-0.16696565,-0.17363703,-0.1509206,-0.12124001,-0.1347583,-0.10565799,-0.14803931,-0.19580251,-0.18899113,-0.2175087,-0.16028896,-0.22338755,-0.19703458,-0.29867563,-0.29210672,-0.19844821,-0.10715389,-0.09162698,-0.13691942,-0.15480967,-0.23188588,-0.19353208,-0.14636642,-0.2026537,-0.18304242,-0.18279888,-0.1970728,-0.19876727,-0.20432168,-0.15799507,-0.12553832,-0.1435834,-0.091952726,-0.09554744,-0.17078504,-0.14203742,-0.13743341,-0.1466732,-0.12719077,-0.15122205,-0.2613474,-0.22333384,-0.18842019,-0.20047067,-0.14541179,-0.14890563,-0.13054642,-0.14257002,-0.15047115,-0.16359228,-0.1462646,-0.16278498,-0.15895745,-0.14998752,-0.14669138,-0.15681061,-0.15297356,-0.22480208,-0.120334074,-0.1412772,-0.11818132,-0.16057725,-0.17366582,-0.15543061,-0.16779253,-0.11139822,-0.1388583,-0.13027036,-0.12841345,-0.15152657,-0.14211546,-0.11536665,-0.10065024,-0.090456724,-0.105450355,-0.12039323,-0.13476548,-0.15027548,-0.15995213,-0.1185138,-0.11129953,-0.1578567,-0.17738779,-0.13364197,-0.16373749,-0.25953975,-0.14843464,-0.1324451,-0.14153697,-0.15095688,-0.17780018,-0.16356416,-0.22917573,-0.09015879,-0.10990432,-0.13449973,-0.12952241,-0.13997786,-0.1734499,-0.13908121,-0.16057305,-0.12777606,-0.07092635,-0.03704006,-0.13696979,-0.16176973,-0.17851335,-0.14332479,-0.12334781,-0.13551569,-0.12023825,-0.13793778,-0.25318068,-0.26654312,-0.0833585,-0.10945694,-0.14420846,-0.09238048,-0.18748376,-0.18993738,-0.1528028,-0.09016881,-0.13230102,-0.14929509,-0.15009885,-0.15870583,-0.17021625,-0.18326414,-0.087778,-0.12377338,-0.14090414,-0.10256614,-0.17951453,-0.19495486,-0.1909971,-0.10000402,-0.13113372,-0.07989983,-0.12792951,-0.19006202,-0.19301139,-0.19141594,-0.12319031,-0.07521492,-0.09712236,-0.118525594,-0.1363666,-0.12406494,-0.121451,-0.09450784,-0.09675619,-0.108457744,-0.082459606,-0.11291021,-0.13212346,-0.16681653,-0.1410757,-0.13610253,-0.18093297,-0.17825818,-0.19406715,-0.14455944,-0.15549555,-0.13530713,-0.119081676,-0.14001076,-0.19117098,-0.19099528,-0.18112537,-0.19755594,-0.25103784,-0.20219928,-0.18957713,-0.19065854,-0.18237221,-0.17369834,-0.27554205,-0.08916744,-0.11956477,-0.12764204,-0.15751183,-0.20931396,-0.18224281,-0.29657933,-0.32474133,-0.15363102,-0.3242122,-0.17325558,-0.17108874,-0.2185038,-0.17647925,-0.114121355,-0.13959737,-0.15388772,-0.15788373,-0.22984435,-0.18186735,-0.25863007,-0.104267314,-0.12455491,-0.13823864,-0.123945154,-0.15189947,-0.15465197,-0.1558029,-0.14014931,-0.15141064,-0.1625893,-0.15481901,-0.15315172,-0.15286045,-0.13389295,-0.12270036,-0.1460194,-0.18976763,-0.17688122,-0.21025829,-0.3990198,-0.20490609,-0.11339262,-0.1296617,-0.11859399,-0.14768334,-0.16636807,-0.1862345,-0.19134021,-0.13136825,-0.07655452,-0.15281633,-0.13943338,-0.14106366,-0.11797455,-0.19987361,-0.1649412,-0.15819918,-0.14141805,-0.123438746,-0.12722544,-0.14610182,-0.2588673,-0.107236244,-0.13074079,-0.09132757,-0.12832497,-0.12884584,-0.14929979,-0.15142144,-0.096206084,-0.08910369,-0.12418832,-0.11036467,-0.13771972,-0.15045683,-0.17011544,-0.14261582,-0.11604938,-0.17364213,-0.15157491,-0.14205912,-0.1252442,-0.14192265,-0.17466888,-0.13176009,-0.13198274,-0.14553086,-0.12279993,-0.08722703,-0.05825615,-0.14326432,-0.17082691,-0.026243303,-0.16680844,-0.2829064,-0.31316653,-0.19922245,-0.14538166,-0.14331596,-0.14862512,-0.12963767,-0.25088155,-0.19366519,-0.18819702,-0.094392985,-0.10920424,-0.10702289,-0.09382169,-0.12759323,-0.15282615,-0.15746465,-0.16686508,-0.12812386,-0.0969081,-0.16398169,-0.14326678,-0.11335766,-0.18846886,-0.1706479,-0.15350664,-0.12546909,-0.115196005,-0.112876356,-0.11662802,-0.17577724,-0.13821368,-0.13415213,-0.096878245,-0.121140525,-0.09164551,-0.12434345,-0.13548099,-0.063823454,-0.13877153,-0.11419349,-0.13349207,-0.24483351,-0.2571875,-0.29957527,-0.145972,-0.1564097,-0.13204022,-0.19104545,-0.0782174,-0.17220122,-0.16394354,-0.09859173,-0.11065883,-0.1142625,-0.076612435,-0.083404,-0.1213824,-0.13072303,-0.13855581,-0.19385117,-0.0988412,-0.15542243,-0.19487974,-0.19071212,-0.18667386,-0.11105068,-0.14268143,-0.10285483,-0.15883358,-0.19404365,-0.17288685,-0.16869052,-0.14254391,-0.1423422,-0.10175206,-0.15306577,-0.16132939,-0.1806989,-0.19512537,-0.121013045,-0.14711463,-0.11366339,-0.08002868,-0.14297697,-0.20725825,-0.16032113,-0.125103,-0.15657571,-0.15690626,-0.14350772,-0.19202894,-0.16213189,-0.18144427,-0.2963242,-0.19829267,-0.18104792,-0.17144954,-0.19281481,-0.15742233,-0.14054683,-0.13009068,-0.12557748,-0.13812912,-0.1629748,-0.30584824,-0.166202,-0.18055436,-0.19237879,-0.11441202,-0.15029386,-0.14040685,-0.17771062,-0.16649634,-0.16423452,-0.14331086,-0.18237996,-0.12815192,-0.15308079,-0.1374331,-0.24156228,-0.17909618,-0.10306683,-0.13495615,-0.1416572,-0.17403114,-0.110079125,-0.13431591,-0.15189613,-0.15970823,-0.1813738,-0.15386301,-0.14880349,-0.19184028,-0.17487483,-0.16367291,-0.14723541,-0.14623587,-0.11499533,-0.10471026,-0.13498949,-0.20148799,-0.17649591,-0.12513243,-0.16556603,-0.18041904,-0.18738703,-0.11705899,-0.17601292,-0.25974023,-0.09254537,-0.0921915,-0.11461483,-0.1359179,-0.14777488,-0.098399825,-0.18866634
k__Bacteria|p__Firmicutes|c__Clostridia|o__Eubacteriales|f__Lachnospiraceae|g__Blautia|s__Blautia_sp_MSK_20_85,-0.1004395,-0.12316422,-0.14233498,-0.20428483,-0.16729996,-0.19402473,-0.1666669,-0.1452482,-0.12522304,-0.18371622,-0.18357907,-0.23178834,-0.1700672,-0.20701501,-0.103400744,-0.09996903,-0.058144663,-0.09965172,-0.108111024,-0.17104465,-0.1978925,-0.12536043,-0.136339,-0.1522829,-0.17192152,-0.11658599,-0.16734102,-0.17396928,-0.1509206,-0.12124001,-0.13516772,-0.10623699,-0.14860491,-0.19663672,-0.18956468,-0.2175087,-0.16146341,-0.22338755,-0.19824398,-0.29867563,-0.29210672,-0.19909525,-0.107410505,-0.09162698,-0.13691942,-0.15533212,-0.23188588,-0.1941148,-0.14690086,-0.2026537,-0.18401076,-0.18279888,-0.19834681,-0.2001674,-0.20582786,-0.15758863,-0.12596166,-0.14401273,-0.09212501,-0.09592815,-0.17135462,-0.14228052,-0.13743341,-0.14716223,-0.12719077,-0.15150064,-0.2613474,-0.22333384,-0.18914545,-0.20047067,-0.14580756,-0.14938691,-0.1311763,-0.14306736,-0.15070555,-0.16401485,-0.1466133,-0.16278498,-0.1597316,-0.14998752,-0.147226,-0.15749998,-0.15334885,-0.22480208,-0.120334074,-0.14167826,-0.118614756,-0.16089447,-0.17426199,-0.15607668,-0.16819412,-0.11139822,-0.1388583,-0.13027036,-0.12864892,-0.15152657,-0.14236736,-0.11554407,-0.10065024,-0.0907453,-0.10564942,-0.12073122,-0.13519952,-0.15027548,-0.16038866,-0.1185138,-0.11129953,-0.1578567,-0.17738779,-0.13401751,-0.1647442,-0.25953975,-0.14894602,-0.1330241,-0.14211634,-0.15095688,-0.17780018,-0.16421649,-0.22917573,-0.09015879,-0.11017755,-0.13495234,-0.12997933,-0.13997786,-0.17405592,-0.13908121,-0.16057305,-0.12777606,-0.07092635,-0.03704006,-0.13734514,-0.16219275,-0.1789994,-0.14332479,-0.12334781,-0.13580868,-0.12023825,-0.1384811,-0.25318068,-0.26654312,-0.08358386,-0.10945694,-0.14450541,-0.09238048,-0.18794113,-0.1907326,-0.15333661,-0.0904453,-0.13230102,-0.14976296,-0.15060998,-0.15926245,-0.17083105,-0.18371859,-0.08816314,-0.124001265,-0.14148438,-0.10256614,-0.17951453,-0.19495486,-0.19160695,-0.10027768,-0.13113372,-0.080315664,-0.12821303,-0.19006202,-0.19380778,-0.19212873,-0.1233515,-0.075506665,-0.09739624,-0.118938476,-0.13672118,-0.12406494,-0.121451,-0.09482585,-0.09700777,-0.108680695,-0.082459606,-0.11308928,-0.13228646,-0.1671181,-0.1410757,-0.13665694,-0.18093297,-0.17825818,-0.19496536,-0.14506617,-0.15549555,-0.13570648,-0.119081676,-0.14001076,-0.19117098,-0.19194166,-0.18191868,-0.19755594,-0.25103784,-0.20219928,-0.19026738,-0.19158477,-0.18297888,-0.17452186,-0.27554205,-0.08916744,-0.11956477,-0.12802893,-0.15751183,-0.20931396,-0.18224281,-0.29657933,-0.32474133,-0.15355757,-0.3242122,-0.17325558,-0.17108874,-0.2185038,-0.17647925,-0.114121355,-0.14019348,-0.15388772,-0.15788373,-0.22984435,-0.18186735,-0.2609183,-0.10464674,-0.12455491,-0.13857317,-0.124267384,-0.15189947,-0.15495378,-0.15615988,-0.14014931,-0.15141064,-0.16306025,-0.15548503,-0.1536578,-0.15347238,-0.13434096,-0.1231906,-0.14650679,-0.19041744,-0.17745769,-0.21025829,-0.3990198,-0.204407,-0.11362492,-0.1296617,-0.11879803,-0.14809911,-0.16636807,-0.1865345,-0.19203526,-0.13179174,-0.07687718,-0.15318085,-0.13996898,-0.14106366,-0.117901534,-0.19987361,-0.1649412,-0.15891916,-0.14199948,-0.12379525,-0.12722544,-0.14610182,-0.2588673,-0.107567824,-0.13074079,-0.09132757,-0.12832497,-0.12915725,-0.1497913,-0.15172197,-0.0964373,-0.08910369,-0.124474764,-0.11076218,-0.13810363,-0.15092778,-0.17060947,-0.14307624,-0.11641592,-0.17403847,-0.15199958,-0.14245364,-0.12577602,-0.1419209,-0.17466888,-0.13176009,-0.13243072,-0.14588875,-0.12314929,-0.08722703,-0.05825615,-0.14360088,-0.17082691,-0.026243303,-0.16722555,-0.2829064,-0.31316653,-0.19938265,-0.14586863,-0.14331596,-0.14862512,-0.12963767,-0.25088155,-0.19450589,-0.18883356,-0.09474203,-0.10945353,-0.10702289,-0.0939641,-0.12759323,-0.15310091,-0.15746465,-0.16741352,-0.12812386,-0.0969081,-0.16398169,-0.14347932,-0.11335766,-0.18846886,-0.1706479,-0.15422297,-0.1258814,-0.115196005,-0.11324332,-0.11662802,-0.17600471,-0.13865358,-0.1345801,-0.096878245,-0.121442616,-0.09181404,-0.12434345,-0.1356634,-0.063823454,-0.13877153,-0.11419349,-0.13403043,-0.24483351,-0.2571875,-0.29957527,-0.14650832,-0.15697351,-0.13251525,-0.19104545,-0.0782174,-0.17276084,-0.16446622,-0.09859173,-0.11065883,-0.114343606,-0.076612435,-0.083404,-0.1213824,-0.13072303,-0.13855581,-0.19385117,-0.0993599,-0.15594725,-0.19487974,-0.19150718,-0.18736425,-0.11139044,-0.14308739,-0.10299973,-0.15923735,-0.19483691,-0.17301822,-0.16936508,-0.14302133,-0.1428133,-0.10230548,-0.1534644,-0.16180013,-0.18136156,-0.19577295,-0.12133851,-0.14734566,-0.11382966,-0.08010431,-0.14356297,-0.20725825,-0.16098338,-0.125103,-0.15657571,-0.15690626,-0.14391643,-0.19202894,-0.16276963,-0.18200785,-0.2963242,-0.200043,-0.1817383,-0.17209867,-0.19374523,-0.15794633,-0.14054683,-0.13056284,-0.12557748,-0.13849041,-0.16411836,-0.30584824,-0.16694073,-0.1813297,-0.19319147,-0.11441202,-0.15062745,-0.140845,-0.17828514,-0.16710107,-0.16470496,-0.14331086,-0.18237996,-0.12877765,-0.15363699,-0.13830006,-0.24156228,-0.17983265,-0.10345283,-0.13540621,-0.14204821,-0.1745782,-0.11051603,-0.13471411,-0.15209177,-0.16017452,-0.18220839,-0.15421635,-0.14935479,-0.19184028,-0.17565295,-0.16400297,-0.14723541,-0.14623587,-0.11499533,-0.10471026,-0.13532339,-0.20148799,-0.17714082,-0.12513243,-0.16604015,-0.18041904,-0.18738703,-0.11705899,-0.17621264,-0.26142138,-0.09278526,-0.09239649,-0.11504844,-0.13625632,-0.14828405,-0.098826036,-0.18909751
k__Bacteria|p__Firmicutes|c__Clostridia|o__Eubacteriales|f__Lachnospiraceae|g__Blautia|s__Blautia_sp_Marseille_P3201T,-0.1004395,-0.12316422,-0.14093542,-0.20428483,-0.16570428,-0.19353692,-0.1666669,-0.14533833,-0.12468667,-0.18453021,-0.18203378,-0.22141509,-0.1703093,-0.202696,-0.10305914,-0.098981276,-0.058144663,-0.10025945,-0.10710843,-0.17128645,-0.1978925,-0.12536043,-0.13668309,-0.15301315,-0.17163545,-0.11658599,-0.16742067,-0.17493847,-0.1509206,-0.12124001,-0.13516925,-0.10490365,-0.14815824,-0.19559091,-0.18966925,-0.2175087,-0.15965533,-0.22338755,-0.19631854,-0.29867563,-0.29210672,-0.19826663,-0.10738248,-0.09162698,-0.13691942,-0.15475847,-0.23188588,-0.19346389,-0.14663112,-0.2026537,-0.1824087,-0.18279888,-0.19626738,-0.1975742,-0.20315716,-0.16054785,-0.12583932,-0.14413008,-0.09268218,-0.09564349,-0.17155503,-0.14316905,-0.13743341,-0.14705002,-0.12719077,-0.15146433,-0.2613474,-0.22333384,-0.18841162,-0.20047067,-0.14629361,-0.14946866,-0.13054588,-0.14290553,-0.15224542,-0.16507262,-0.1475755,-0.16278498,-0.15844594,-0.14998752,-0.14734651,-0.15662389,-0.15363732,-0.22480208,-0.120334074,-0.14166848,-0.118226446,-0.16185805,-0.17455156,-0.15504757,-0.16861558,-0.11139822,-0.1388583,-0.13027036,-0.12919784,-0.15152657,-0.1426778,-0.11611664,-0.10065024,-0.090293705,-0.105824426,-0.12084178,-0.135147,-0.15027548,-0.1608989,-0.1185138,-0.11129953,-0.1578567,-0.17738779,-0.13429442,-0.16316578,-0.25953975,-0.14865467,-0.13204062,-0.1413569,-0.15095688,-0.17780018,-0.16276589,-0.22917573,-0.09015879,-0.11002223,-0.13467772,-0.12979561,-0.13997786,-0.17329842,-0.13908121,-0.16057305,-0.12777606,-0.07092635,-0.03704006,-0.13683197,-0.16243468,-0.1794107,-0.14332479,-0.12334781,-0.13567068,-0.12023825,-0.13845243,-0.25318068,-0.26654312,-0.08337231,-0.10945694,-0.14533365,-0.09238048,-0.1876514,-0.18969622,-0.15233302,-0.09010415,-0.13230102,-0.14953622,-0.15024093,-0.15911245,-0.1705833,-0.18503004,-0.08731207,-0.124361455,-0.14113274,-0.10256614,-0.17951453,-0.19495486,-0.19195688,-0.100196674,-0.13113372,-0.07957719,-0.12826324,-0.19006202,-0.19313538,-0.1915715,-0.124250285,-0.07499258,-0.097191356,-0.11837484,-0.13667402,-0.12406494,-0.121451,-0.094409496,-0.09647918,-0.1085304,-0.082459606,-0.113108546,-0.13271978,-0.1679942,-0.1410757,-0.13595095,-0.18093297,-0.17825818,-0.1936255,-0.1446838,-0.15549555,-0.13594997,-0.119081676,-0.14001076,-0.19117098,-0.19020768,-0.18072358,-0.19755594,-0.25103784,-0.20219928,-0.18928108,-0.19013152,-0.18236274,-0.17283967,-0.27554205,-0.08916744,-0.11956477,-0.12726913,-0.15751183,-0.20931396,-0.18224281,-0.29657933,-0.32474133,-0.15028852,-0.3242122,-0.17325558,-0.17108874,-0.2185038,-0.17647925,-0.114121355,-0.13922872,-0.15388772,-0.15788373,-0.22984435,-0.18186735,-0.25339457,-0.10421544,-0.12455491,-0.13861036,-0.12443664,-0.15189947,-0.15574771,-0.15717465,-0.14014931,-0.15141064,-0.16397914,-0.15500209,-0.153763,-0.1527741,-0.13385254,-0.12298678,-0.14629173,-0.19077909,-0.17676759,-0.21025829,-0.3990198,-0.20292738,-0.113560885,-0.1296617,-0.1190274,-0.14824913,-0.16636807,-0.18748207,-0.19159594,-0.13125294,-0.07647385,-0.15390635,-0.13950717,-0.14106366,-0.11914384,-0.19987361,-0.1649412,-0.1577143,-0.14108297,-0.12355557,-0.12722544,-0.14610182,-0.2588673,-0.10710001,-0.13074079,-0.09132757,-0.12832497,-0.12970006,-0.14954716,-0.15267518,-0.096397154,-0.08910369,-0.1245873,-0.11028492,-0.1378456,-0.15069881,-0.17102303,-0.14304516,-0.116140276,-0.1741965,-0.15182114,-0.14265828,-0.124822736,-0.14333546,-0.17466888,-0.13176009,-0.1323759,-0.14607424,-0.12315929,-0.08722703,-0.05825615,-0.14370412,-0.17082691,-0.026243303,-0.16577101,-0.2829064,-0.31316653,-0.19837156,-0.14588046,-0.14331596,-0.14862512,-0.12963767,-0.25088155,-0.19345902,-0.1890163,-0.094485156,-0.109666824,-0.10702289,-0.09489292,-0.12759323,-0.15310714,-0.15746465,-0.16735426,-0.12812386,-0.0969081,-0.16398169,-0.14469793,-0.11335766,-0.18846886,-0.1706479,-0.15358001,-0.12594935,-0.115196005,-0.11330435,-0.11662802,-0.17694697,-0.13877964,-0.13472384,-0.096878245,-0.12115837,-0.092061244,-0.12434345,-0.13643228,-0.063823454,-0.13877153,-0.11419349,-0.1336144,-0.24483351,-0.2571875,-0.29957527,-0.1462319,-0.15684661,-0.13235578,-0.19104545,-0.0782174,-0.17231491,-0.16471604,-0.09859173,-0.11065883,-0.11533061,-0.076612435,-0.083404,-0.1213824,-0.13072303,-0.13855581,-0.19385117,-0.09891373,-0.15572011,-0.19487974,-0.19053084,-0.18702044,-0.11128029,-0.14270526,-0.10358831,-0.16043898,-0.19400302,-0.1744645,-0.16858667,-0.14277703,-0.14266774,-0.10084949,-0.1533854,-0.16167314,-0.18036789,-0.19480136,-0.12148145,-0.14802691,-0.113784835,-0.08019569,-0.14319558,-0.20725825,-0.16056141,-0.125103,-0.15657571,-0.15690626,-0.1433633,-0.19202894,-0.162366,-0.18270865,-0.2963242,-0.19387472,-0.18044333,-0.17073362,-0.1917354,-0.15704897,-0.14054683,-0.1302478,-0.12557748,-0.13829976,-0.16187194,-0.30584824,-0.16578752,-0.18138549,-0.19229814,-0.11441202,-0.15107661,-0.14038686,-0.17795108,-0.16698125,-0.16505352,-0.14331086,-0.18237996,-0.12762736,-0.15307829,-0.13701108,-0.24156228,-0.17822734,-0.10313858,-0.13477139,-0.14249796,-0.17501333,-0.10987885,-0.1344196,-0.15345554,-0.16034223,-0.18083468,-0.1550837,-0.14943236,-0.19184028,-0.17483233,-0.16518949,-0.14723541,-0.14623587,-0.11499533,-0.10471026,-0.13531747,-0.20148799,-0.17735709,-0.12513243,-0.16469538,-0.18041904,-0.18738703,-0.11705899,-0.17855571,-0.2576617,-0.09245484,-0.09233645,-0.11441413,-0.136391,-0.1480614,-0.098043434,-0.18956503
k__Bacteria|p__Firmicutes|c__Clostridia|o__Eubacteriales|f__Eubacteriales_unclassified|g__Intestinimonas|s__Intestinimonas_massiliensis,-0.1004395,-0.12316422,-0.14176038,-0.20428483,-0.16697764,-0.19310309,-0.1666669,-0.14476445,-0.12511711,-0.18300053,-0.18350337,-0.22524741,-0.16974139,-0.20445517,-0.10310028,-0.099251434,-0.058144663,-0.09936915,-0.10787765,-0.17038846,-0.1978925,-0.12536043,-0.1360789,-0.15185618,-0.17116258,-0.11658599,-0.16726601,-0.17336273,-0.1509206,-0.12124001,-0.13493705,-0.10593349,-0.1482158,-0.19538242,-0.18868068,-0.2175087,-0.16095096,-0.22338755,-0.19688125,-0.29867563,-0.29210672,-0.19755766,-0.107029974,-0.09162698,-0.13691942,-0.1549624,-0.23188588,-0.19344802,-0.14643586,-0.2026537,-0.18389753,-0.18279888,-0.19690885,-0.19826517,-0.20262603,-0.15677682,-0.12554699,-0.14345914,-0.09199811,-0.095574856,-0.17083943,-0.14190274,-0.13743341,-0.14671233,-0.12719077,-0.15106449,-0.2613474,-0.22333384,-0.18848494,-0.20047067,-0.14525253,-0.14898205,-0.13061142,-0.14248967,-0.15000238,-0.16335367,-0.14614022,-0.16278498,-0.1594241,-0.14998752,-0.14696313,-0.15699524,-0.1529122,-0.22480208,-0.120334074,-0.14130348,-0.11830772,-0.1603571,-0.17355217,-0.1556503,-0.16776642,-0.11139822,-0.1388583,-0.13027036,-0.12832735,-0.15152657,-0.14249395,-0.11526604,-0.10065024,-0.090596244,-0.10532093,-0.120215096,-0.13477153,-0.15027548,-0.15995565,-0.1185138,-0.11129953,-0.1578567,-0.17738779,-0.13310477,-0.16389662,-0.25953975,-0.14852811,-0.13276637,-0.14151904,-0.15095688,-0.17780018,-0.16362387,-0.22917573,-0.09015879,-0.11015491,-0.13459733,-0.1295068,-0.13997786,-0.17361127,-0.13908121,-0.16057305,-0.12777606,-0.07092635,-0.03704006,-0.13699912,-0.16177267,-0.17838606,-0.14332479,-0.12334781,-0.13564177,-0.12023825,-0.13807473,-0.25318068,-0.26654312,-0.08355898,-0.10945694,-0.1439709,-0.09238048,-0.18750446,-0.19008964,-0.15318893,-0.09034904,-0.13230102,-0.1494113,-0.15017757,-0.15868804,-0.17025715,-0.18287262,-0.088069916,-0.123384155,-0.14086726,-0.10256614,-0.17951453,-0.19495486,-0.19048977,-0.10002178,-0.13113372,-0.07956024,-0.12767676,-0.19006202,-0.19300424,-0.19129664,-0.12300087,-0.07554998,-0.09698404,-0.118443385,-0.13637912,-0.12406494,-0.121451,-0.09451054,-0.09673781,-0.108434565,-0.082459606,-0.11268993,-0.13204812,-0.16648942,-0.1410757,-0.13641074,-0.18093297,-0.17825818,-0.19395706,-0.14450754,-0.15549555,-0.13509499,-0.119081676,-0.14001076,-0.19117098,-0.19103277,-0.18128198,-0.19755594,-0.25103784,-0.20219928,-0.19013122,-0.19101354,-0.18238401,-0.17393424,-0.27554205,-0.08916744,-0.11956477,-0.1280677,-0.15751183,-0.20931396,-0.18224281,-0.29657933,-0.32474133,-0.15407024,-0.3242122,-0.17325558,-0.17108874,-0.2185038,-0.17647925,-0.114121355,-0.13999519,-0.15388772,-0.15788373,-0.22984435,-0.18186735,-0.25654858,-0.104378864,-0.12455491,-0.138345,-0.12398785,-0.15189947,-0.15457001,-0.15562199,-0.14014931,-0.15141064,-0.1624764,-0.15510845,-0.15317738,-0.15296617,-0.13389216,-0.122967675,-0.14622031,-0.18974763,-0.17697814,-0.21025829,-0.3990198,-0.20231283,-0.11334117,-0.1296617,-0.11815277,-0.14773473,-0.16636807,-0.18589254,-0.19127697,-0.1316247,-0.0768187,-0.15244348,-0.13969584,-0.14106366,-0.11773897,-0.19987361,-0.1649412,-0.1587617,-0.14147578,-0.12352176,-0.12722544,-0.14610182,-0.2588673,-0.1072843,-0.13074079,-0.09132757,-0.12832497,-0.12888962,-0.1496877,-0.15129578,-0.09622361,-0.08910369,-0.12407982,-0.11056058,-0.13772294,-0.15064126,-0.16982743,-0.1426625,-0.11645281,-0.1734488,-0.15175797,-0.14210108,-0.12548384,-0.14152727,-0.17466888,-0.13176009,-0.13202675,-0.14543454,-0.12276055,-0.08722703,-0.05825615,-0.14321904,-0.17082691,-0.026243303,-0.16650078,-0.2829064,-0.31316653,-0.19795242,-0.14541206,-0.14331596,-0.14862512,-0.12963767,-0.25088155,-0.19346662,-0.18795148,-0.09473062,-0.10903983,-0.10702289,-0.093309425,-0.12759323,-0.15277055,-0.15746465,-0.16671108,-0.12812386,-0.0969081,-0.16398169,-0.14307101,-0.11335766,-0.18846886,-0.1706479,-0.15381023,-0.12550582,-0.115196005,-0.112709194,-0.11662802,-0.17538702,-0.13818124,-0.13406013,-0.096878245,-0.12094406,-0.09166334,-0.12434345,-0.1355812,-0.063823454,-0.13877153,-0.11419349,-0.13364133,-0.24483351,-0.2571875,-0.29957527,-0.14592747,-0.15645026,-0.13197288,-0.19104545,-0.0782174,-0.17187111,-0.16386615,-0.09859173,-0.11065883,-0.11435059,-0.076612435,-0.083404,-0.1213824,-0.13072303,-0.13855581,-0.19385117,-0.09894313,-0.15528445,-0.19487974,-0.19094211,-0.18650231,-0.11117119,-0.14291939,-0.10276088,-0.15841043,-0.19377324,-0.17188391,-0.16900334,-0.14262094,-0.14222534,-0.1020857,-0.15300433,-0.16132258,-0.18086632,-0.19484584,-0.12100792,-0.14680675,-0.11373375,-0.080050826,-0.14268735,-0.20725825,-0.16057348,-0.125103,-0.15657571,-0.15690626,-0.14352217,-0.19202894,-0.16237554,-0.1813635,-0.2963242,-0.19875091,-0.18103918,-0.17182074,-0.19300774,-0.15746538,-0.14054683,-0.13018677,-0.12557748,-0.13811076,-0.16339865,-0.30584824,-0.1667282,-0.18057917,-0.1925415,-0.11441202,-0.15020746,-0.14050913,-0.17770103,-0.16651365,-0.16411406,-0.14331086,-0.18237996,-0.12838334,-0.15313153,-0.13736023,-0.24156228,-0.17957255,-0.10319048,-0.13525653,-0.14154829,-0.17379618,-0.110470444,-0.13443497,-0.15164185,-0.15949458,-0.18186446,-0.15351826,-0.14872724,-0.19184028,-0.17519635,-0.16347177,-0.14723541,-0.14623587,-0.11499533,-0.10471026,-0.13482432,-0.20148799,-0.17659444,-0.12513243,-0.16593334,-0.18041904,-0.18738703,-0.11705899,-0.17524375,-0.2591123,-0.09256656,-0.092237614,-0.11475368,-0.13571396,-0.14771432,-0.09867048,-0.18836841
k__Bacteria|p__Firmicutes|c__Clostridia|o__Eubacteriales|f__Lachnospiraceae|g__Blautia|s__Blautia_stercoris,-0.1004395,-0.12316422,-0.14144869,-0.20428483,-0.16694725,-0.1935227,-0.1666669,-0.1449837,-0.12491715,-0.1835208,-0.18343931,-0.22383043,-0.17037548,-0.2046196,-0.10311437,-0.09901262,-0.058144663,-0.09957637,-0.107658714,-0.1707128,-0.1978925,-0.12536043,-0.13629045,-0.15233599,-0.17154326,-0.11658599,-0.16763961,-0.17393088,-0.1509206,-0.12124001,-0.13505098,-0.10566506,-0.14827919,-0.19573997,-0.18935555,-0.2175087,-0.1604341,-0.22338755,-0.19691202,-0.29867563,-0.29210672,-0.19826518,-0.10713369,-0.09162698,-0.13691942,-0.15499501,-0.23188588,-0.19392616,-0.14668673,-0.2026537,-0.18359369,-0.18279888,-0.19684818,-0.19810337,-0.20289335,-0.15795115,-0.12566496,-0.14377151,-0.09200865,-0.09545049,-0.17133914,-0.14230174,-0.13743341,-0.14690961,-0.12719077,-0.15120037,-0.2613474,-0.22333384,-0.18880674,-0.20047067,-0.14565934,-0.14927179,-0.13064285,-0.14269237,-0.1507853,-0.16390409,-0.14659134,-0.16278498,-0.15925223,-0.14998752,-0.14724669,-0.15702519,-0.15320694,-0.22480208,-0.120334074,-0.14149997,-0.118213065,-0.16097093,-0.17398687,-0.15557376,-0.1682227,-0.11139822,-0.1388583,-0.13027036,-0.12864244,-0.15152657,-0.14275402,-0.11536235,-0.10065024,-0.09037046,-0.10545006,-0.12038449,-0.13501078,-0.15027548,-0.16043359,-0.1185138,-0.11129953,-0.1578567,-0.17738779,-0.1332725,-0.16359892,-0.25953975,-0.14859906,-0.13261195,-0.14156857,-0.15095688,-0.17780018,-0.16346407,-0.22917573,-0.09015879,-0.10999655,-0.13463211,-0.1296108,-0.13997786,-0.1738058,-0.13908121,-0.16057305,-0.12777606,-0.07092635,-0.03704006,-0.13709788,-0.16227898,-0.1788515,-0.14332479,-0.12334781,-0.13581082,-0.12023825,-0.13841552,-0.25318068,-0.26654312,-0.08353677,-0.10945694,-0.14460412,-0.09238048,-0.1879889,-0.19045964,-0.15342042,-0.090300396,-0.13230102,-0.14953327,-0.15028542,-0.15892133,-0.17056794,-0.18386555,-0.087869994,-0.123467565,-0.14094833,-0.10256614,-0.17951453,-0.19495486,-0.19117811,-0.10004954,-0.13113372,-0.07937372,-0.12792164,-0.19006202,-0.19353116,-0.19178993,-0.12330019,-0.07539311,-0.096994966,-0.11837704,-0.13659218,-0.12406494,-0.121451,-0.094431505,-0.09665276,-0.1085531,-0.082459606,-0.11286947,-0.13248503,-0.16710931,-0.1410757,-0.13626319,-0.18093297,-0.17825818,-0.19428426,-0.1447089,-0.15549555,-0.13530457,-0.119081676,-0.14001076,-0.19117098,-0.19123067,-0.18126991,-0.19755594,-0.25103784,-0.20219928,-0.19046673,-0.19112036,-0.18270051,-0.17395206,-0.27554205,-0.08916744,-0.11956477,-0.12802601,-0.15751183,-0.20931396,-0.18224281,-0.29657933,-0.32474133,-0.15298995,-0.3242122,-0.17325558,-0.17108874,-0.2185038,-0.17647925,-0.114121355,-0.13988887,-0.15388772,-0.15788373,-0.22984435,-0.18186735,-0.2560594,-0.104334846,-0.12455491,-0.13855946,-0.12419149,-0.15189947,-0.15522946,-0.15624508,-0.14014931,-0.15141064,-0.16305128,-0.15517281,-0.15344507,-0.15303874,-0.1340108,-0.12300438,-0.14620031,-0.19037858,-0.17708527,-0.21025829,-0.3990198,-0.20273536,-0.11343454,-0.1296617,-0.11832923,-0.14801021,-0.16636807,-0.18672106,-0.19169897,-0.13159303,-0.07674335,-0.15296268,-0.13988508,-0.14106366,-0.11769903,-0.19987361,-0.1649412,-0.15861155,-0.14143431,-0.123667225,-0.12722544,-0.14610182,-0.2588673,-0.1071988,-0.13074079,-0.09132757,-0.12832497,-0.12924123,-0.14993998,-0.15188247,-0.09625013,-0.08910369,-0.12429426,-0.11058971,-0.13785586,-0.15088347,-0.17036548,-0.14287567,-0.11644244,-0.17388126,-0.1519875,-0.14242135,-0.12546167,-0.14197946,-0.17466888,-0.13176009,-0.13219535,-0.145729,-0.122980684,-0.08722703,-0.05825615,-0.14344059,-0.17082691,-0.026243303,-0.16627848,-0.2829064,-0.31316653,-0.19828911,-0.14561003,-0.14331596,-0.14862512,-0.12963767,-0.25088155,-0.19392061,-0.18856403,-0.09471154,-0.10913572,-0.10702289,-0.09362466,-0.12759323,-0.1529324,-0.15746465,-0.16689867,-0.12812386,-0.0969081,-0.16398169,-0.14369252,-0.11335766,-0.18846886,-0.1706479,-0.15386331,-0.12566483,-0.115196005,-0.11274776,-0.11662802,-0.17612691,-0.13839318,-0.1344069,-0.096878245,-0.121053584,-0.09176872,-0.12434345,-0.13591048,-0.063823454,-0.13877153,-0.11419349,-0.13374904,-0.24483351,-0.2571875,-0.29957527,-0.14607324,-0.15672818,-0.13210487,-0.19104545,-0.0782174,-0.17227888,-0.16424736,-0.09859173,-0.11065883,-0.114613205,-0.076612435,-0.083404,-0.1213824,-0.13072303,-0.13855581,-0.19385117,-0.09899415,-0.15541208,-0.19487974,-0.19118285,-0.18695405,-0.11124125,-0.1431656,-0.10296251,-0.15902323,-0.19392174,-0.17256032,-0.16931143,-0.14277673,-0.14240864,-0.101634115,-0.15327746,-0.1614687,-0.18102716,-0.19521323,-0.12121414,-0.14726955,-0.11373543,-0.07995501,-0.14262427,-0.20725825,-0.16084483,-0.125103,-0.15657571,-0.15690626,-0.14348029,-0.19202894,-0.16257212,-0.18208098,-0.2963242,-0.19788049,-0.18120193,-0.1720134,-0.19324046,-0.15759346,-0.14054683,-0.13030605,-0.12557748,-0.1383075,-0.1632372,-0.30584824,-0.16674325,-0.18130302,-0.19274074,-0.11441202,-0.15068245,-0.14061047,-0.17795533,-0.16684619,-0.16455486,-0.14331086,-0.18237996,-0.1281037,-0.15314136,-0.13701029,-0.24156228,-0.1797648,-0.10318052,-0.1352175,-0.1419306,-0.17438734,-0.110422954,-0.13458484,-0.15234974,-0.1598339,-0.18193471,-0.15414086,-0.14906044,-0.19184028,-0.17543471,-0.16414082,-0.14723541,-0.14623587,-0.11499533,-0.10471026,-0.13497403,-0.20148799,-0.17716724,-0.12513243,-0.1656706,-0.18041904,-0.18738703,-0.11705899,-0.17638245,-0.25960672,-0.092497274,-0.09223377,-0.11467978,-0.13596003,-0.1479896,-0.09853214,-0.18910387
k__Bacteria|p__Firmicutes|c__Clostridia|o__Eubacteriales|f__Clostridiaceae|g__Clostridiaceae_unclassified|s__Clostridiaceae_bacterium_AF18_31LB,-0.1004395,-0.12316422,-0.14183131,-0.20428483,-0.16686665,-0.19361612,-0.1666669,-0.14503,-0.12506208,-0.18351322,-0.18391377,-0.22646219,-0.1693296,-0.2054871,-0.103089824,-0.09916744,-0.058144663,-0.099424206,-0.10764843,-0.1707203,-0.1978925,-0.12536043,-0.13621673,-0.1521305,-0.17151473,-0.11658599,-0.16735667,-0.17366609,-0.1509206,-0.12124001,-0.13496071,-0.10579559,-0.14823323,-0.19611219,-0.18904692,-0.2175087,-0.1607679,-0.22338755,-0.19721988,-0.29867563,-0.29210672,-0.19827074,-0.10707713,-0.09162698,-0.13691942,-0.15490796,-0.23188588,-0.1939081,-0.14650789,-0.2026537,-0.18405493,-0.18279888,-0.19772458,-0.19883013,-0.20370364,-0.15745068,-0.1255975,-0.1437169,-0.09194574,-0.095516115,-0.17120732,-0.1422227,-0.13743341,-0.14687398,-0.12719077,-0.15132076,-0.2613474,-0.22333384,-0.18883866,-0.20047067,-0.1455923,-0.14919306,-0.13066691,-0.14274189,-0.15053236,-0.16392349,-0.14632484,-0.16278498,-0.15958473,-0.14998752,-0.14700606,-0.15715185,-0.15315129,-0.22480208,-0.120334074,-0.14140639,-0.118196204,-0.1608621,-0.17392598,-0.15567331,-0.16789782,-0.11139822,-0.1388583,-0.13027036,-0.12852034,-0.15152657,-0.14244601,-0.11532608,-0.10065024,-0.09042084,-0.105347246,-0.12040497,-0.13486782,-0.15027548,-0.16011703,-0.1185138,-0.11129953,-0.1578567,-0.17738779,-0.13368852,-0.16391353,-0.25953975,-0.14863235,-0.13264737,-0.14168864,-0.15095688,-0.17780018,-0.16384096,-0.22917573,-0.09015879,-0.10996421,-0.13465396,-0.12963355,-0.13997786,-0.17377159,-0.13908121,-0.16057305,-0.12777606,-0.07092635,-0.03704006,-0.13716161,-0.16192432,-0.17873259,-0.14332479,-0.12334781,-0.13576895,-0.12023825,-0.13807595,-0.25318068,-0.26654312,-0.08330767,-0.10945694,-0.14425841,-0.09238048,-0.18772414,-0.19032238,-0.15290141,-0.09010893,-0.13230102,-0.14944725,-0.1502886,-0.15889245,-0.17051092,-0.18345594,-0.08777763,-0.12368606,-0.14098194,-0.10256614,-0.17951453,-0.19495486,-0.19111839,-0.099971525,-0.13113372,-0.079616144,-0.12771113,-0.19006202,-0.19338073,-0.19165993,-0.12309101,-0.07534376,-0.09713578,-0.11851064,-0.13643557,-0.12406494,-0.121451,-0.09441118,-0.096654065,-0.10838937,-0.082459606,-0.1129199,-0.13219222,-0.1668781,-0.1410757,-0.13626473,-0.18093297,-0.17825818,-0.19440424,-0.14466622,-0.15549555,-0.13526198,-0.119081676,-0.14001076,-0.19117098,-0.19134456,-0.18147266,-0.19755594,-0.25103784,-0.20219928,-0.19014823,-0.19122326,-0.18258551,-0.17400678,-0.27554205,-0.08916744,-0.11956477,-0.12779142,-0.15751183,-0.20931396,-0.18224281,-0.29657933,-0.32474133,-0.15297052,-0.3242122,-0.17325558,-0.17108874,-0.2185038,-0.17647925,-0.114121355,-0.13993034,-0.15388772,-0.15788373,-0.22984435,-0.18186735,-0.257842,-0.10427882,-0.12455491,-0.13841535,-0.12398052,-0.15189947,-0.15490723,-0.15592289,-0.14014931,-0.15141064,-0.16286552,-0.15519232,-0.15340684,-0.15305197,-0.13385534,-0.12287505,-0.14630933,-0.19013743,-0.17706068,-0.21025829,-0.3990198,-0.20344712,-0.11335489,-0.1296617,-0.1185801,-0.14778689,-0.16636807,-0.18650573,-0.19158423,-0.13137677,-0.076706044,-0.15291741,-0.1396048,-0.14106366,-0.11751571,-0.19987361,-0.1649412,-0.15868089,-0.141489,-0.12354156,-0.12722544,-0.14610182,-0.2588673,-0.10710166,-0.13074079,-0.09132757,-0.12832497,-0.12888221,-0.14962238,-0.15150364,-0.09612118,-0.08910369,-0.12417459,-0.11042874,-0.1377199,-0.15070668,-0.17014882,-0.14280027,-0.116228566,-0.17384268,-0.15180618,-0.1421755,-0.12549996,-0.14170638,-0.17466888,-0.13176009,-0.1321163,-0.14577049,-0.12278673,-0.08722703,-0.05825615,-0.14336264,-0.17082691,-0.026243303,-0.16655433,-0.2829064,-0.31316653,-0.19871467,-0.1455293,-0.14331596,-0.14862512,-0.12963767,-0.25088155,-0.19401611,-0.1884374,-0.09443079,-0.10921965,-0.10702289,-0.093644895,-0.12759323,-0.15281521,-0.15746465,-0.16707829,-0.12812386,-0.0969081,-0.16398169,-0.14327115,-0.11335766,-0.18846886,-0.1706479,-0.15382254,-0.12567732,-0.115196005,-0.11276752,-0.11662802,-0.17591073,-0.1383177,-0.13432425,-0.096878245,-0.12116629,-0.09152448,-0.12434345,-0.13555002,-0.063823454,-0.13877153,-0.11419349,-0.1335975,-0.24483351,-0.2571875,-0.29957527,-0.14612126,-0.15674615,-0.13215598,-0.19104545,-0.0782174,-0.1725109,-0.16413373,-0.09859173,-0.11065883,-0.1143225,-0.076612435,-0.083404,-0.1213824,-0.13072303,-0.13855581,-0.19385117,-0.09895683,-0.1555277,-0.19487974,-0.19109765,-0.1868481,-0.11101591,-0.14298859,-0.10292174,-0.1590565,-0.19429047,-0.17259932,-0.16888475,-0.14270052,-0.14248665,-0.101779126,-0.15313852,-0.16155933,-0.18098776,-0.19519094,-0.121075064,-0.14725396,-0.113697395,-0.080015406,-0.14275941,-0.20725825,-0.16060507,-0.125103,-0.15657571,-0.15690626,-0.14367113,-0.19202894,-0.1624198,-0.18175317,-0.2963242,-0.19886082,-0.18131793,-0.17179409,-0.19316337,-0.15756851,-0.14054683,-0.13018298,-0.12557748,-0.13821603,-0.16285402,-0.30584824,-0.1668464,-0.18111305,-0.19275959,-0.11441202,-0.1503816,-0.14049658,-0.1778979,-0.16684647,-0.16435829,-0.14331086,-0.18237996,-0.12830132,-0.15335202,-0.13735946,-0.24156228,-0.17957115,-0.10300661,-0.13521871,-0.14180748,-0.17432351,-0.11014597,-0.1345123,-0.15193456,-0.15981469,-0.18199062,-0.15395245,-0.14897221,-0.19184028,-0.17531726,-0.1638884,-0.14723541,-0.14623587,-0.11499533,-0.10471026,-0.13487235,-0.20148799,-0.17678058,-0.12513243,-0.16593733,-0.18041904,-0.18738703,-0.11705899,-0.17617972,-0.26017293,-0.09243621,-0.09213253,-0.11471273,-0.13592784,-0.147908,-0.09841931,-0.18883044
k__Bacteria|p__Firmicutes|c__CFGB7996|o__OFGB7996|f__FGB7996|g__GGB24853|s__GGB24853_SGB36753,-0.1004395,-0.12316422,-0.14209965,-0.20428483,-0.1671777,-0.19392158,-0.1666669,-0.14519349,-0.12523453,-0.18359475,-0.18379545,-0.22804956,-0.17021067,-0.2057921,-0.10346526,-0.09971668,-0.058144663,-0.09967097,-0.107924625,-0.17106305,-0.1978925,-0.12536043,-0.13642174,-0.15237015,-0.17182305,-0.11658599,-0.16750659,-0.17409743,-0.1509206,-0.12124001,-0.13524279,-0.1060752,-0.14850593,-0.19639574,-0.18950059,-0.2175087,-0.16127336,-0.22338755,-0.19783992,-0.29867563,-0.29210672,-0.19876526,-0.107442886,-0.09162698,-0.13691942,-0.1552622,-0.23188588,-0.19416276,-0.14684054,-0.2026537,-0.18405049,-0.18279888,-0.19778758,-0.1993517,-0.20447741,-0.15794837,-0.12592755,-0.14404166,-0.092223465,-0.09581268,-0.17137936,-0.14248504,-0.13743341,-0.14716657,-0.12719077,-0.15150142,-0.2613474,-0.22333384,-0.18910415,-0.20047067,-0.14584443,-0.14944257,-0.13098523,-0.14297134,-0.1508061,-0.1641677,-0.14676215,-0.16278498,-0.15969205,-0.14998752,-0.14727998,-0.15735254,-0.1534108,-0.22480208,-0.120334074,-0.14168431,-0.1185153,-0.16103289,-0.17425598,-0.15596619,-0.16826469,-0.11139822,-0.1388583,-0.13027036,-0.12875642,-0.15152657,-0.1426095,-0.11565994,-0.10065024,-0.09070181,-0.10566153,-0.12072866,-0.13517721,-0.15027548,-0.16048717,-0.1185138,-0.11129953,-0.1578567,-0.17738779,-0.13388795,-0.16435035,-0.25953975,-0.14892483,-0.13290474,-0.14190729,-0.15095688,-0.17780018,-0.16412525,-0.22917573,-0.09015879,-0.110214785,-0.1349194,-0.12991886,-0.13997786,-0.1740334,-0.13908121,-0.16057305,-0.12777606,-0.07092635,-0.03704006,-0.13734254,-0.16224247,-0.17908503,-0.14332479,-0.12334781,-0.1359187,-0.12023825,-0.1383549,-0.25318068,-0.26654312,-0.08356835,-0.10945694,-0.14458472,-0.09238048,-0.18792015,-0.19059414,-0.15323637,-0.09040183,-0.13230102,-0.14974701,-0.15055677,-0.15918276,-0.17081536,-0.18383472,-0.088069126,-0.12403655,-0.14139403,-0.10256614,-0.17951453,-0.19495486,-0.19154933,-0.10023393,-0.13113372,-0.0799087,-0.12813734,-0.19006202,-0.1937021,-0.19201101,-0.1235005,-0.075544216,-0.097348265,-0.1188232,-0.13671765,-0.12406494,-0.121451,-0.09473489,-0.09696389,-0.108688585,-0.082459606,-0.11309476,-0.13243955,-0.16725695,-0.1410757,-0.13656473,-0.18093297,-0.17825818,-0.19470486,-0.14503026,-0.15549555,-0.13567968,-0.119081676,-0.14001076,-0.19117098,-0.19163899,-0.1817221,-0.19755594,-0.25103784,-0.20219928,-0.19027947,-0.19141889,-0.182863,-0.17426166,-0.27554205,-0.08916744,-0.11956477,-0.12800834,-0.15751183,-0.20931396,-0.18224281,-0.29657933,-0.32474133,-0.1533468,-0.3242122,-0.17325558,-0.17108874,-0.2185038,-0.17647925,-0.114121355,-0.1401195,-0.15388772,-0.15788373,-0.22984435,-0.18186735,-0.2588274,-0.104569525,-0.12455491,-0.13862018,-0.1242886,-0.15189947,-0.15512784,-0.1563313,-0.14014931,-0.15141064,-0.16315523,-0.15547648,-0.15366778,-0.15341146,-0.13424765,-0.12316129,-0.14653412,-0.19031304,-0.17748043,-0.21025829,-0.3990198,-0.20383653,-0.113628805,-0.1296617,-0.118777454,-0.14809689,-0.16636807,-0.1866843,-0.19198444,-0.13177025,-0.07683545,-0.15324776,-0.13992979,-0.14106366,-0.11810425,-0.19987361,-0.1649412,-0.15890223,-0.14183098,-0.12381062,-0.12722544,-0.14610182,-0.2588673,-0.107485406,-0.13074079,-0.09132757,-0.12832497,-0.12918513,-0.14989033,-0.15187797,-0.09644158,-0.08910369,-0.12447487,-0.11072701,-0.13804051,-0.15096527,-0.17060393,-0.1430904,-0.11646272,-0.17404263,-0.15205587,-0.14246237,-0.12569074,-0.1421308,-0.17466888,-0.13176009,-0.1323981,-0.14598945,-0.12317944,-0.08722703,-0.05825615,-0.14366251,-0.17082691,-0.026243303,-0.16717191,-0.2829064,-0.31316653,-0.19902153,-0.14585397,-0.14331596,-0.14862512,-0.12963767,-0.25088155,-0.19435173,-0.18882146,-0.09474188,-0.10946481,-0.10702289,-0.0939389,-0.12759323,-0.15316987,-0.15746465,-0.16740221,-0.12812386,-0.0969081,-0.16398169,-0.14367653,-0.11335766,-0.18846886,-0.1706479,-0.15415588,-0.1259217,-0.115196005,-0.1131513,-0.11662802,-0.17617682,-0.13866818,-0.13462086,-0.096878245,-0.12141684,-0.091830194,-0.12434345,-0.13586062,-0.063823454,-0.13877153,-0.11419349,-0.1339203,-0.24483351,-0.2571875,-0.29957527,-0.1464274,-0.15692165,-0.13242835,-0.19104545,-0.0782174,-0.17265505,-0.16450259,-0.09859173,-0.11065883,-0.114624135,-0.076612435,-0.083404,-0.1213824,-0.13072303,-0.13855581,-0.19385117,-0.0992198,-0.15586679,-0.19487974,-0.1914001,-0.18725617,-0.1113852,-0.14313154,-0.10312903,-0.15930317,-0.19460858,-0.17304619,-0.16932748,-0.14301875,-0.14279178,-0.10206908,-0.15341859,-0.16180773,-0.18124388,-0.19560193,-0.121369176,-0.1474823,-0.11392464,-0.08011122,-0.14329499,-0.20725825,-0.16098961,-0.125103,-0.15657571,-0.15690626,-0.14389706,-0.19202894,-0.16278806,-0.18208995,-0.2963242,-0.1991007,-0.18151495,-0.17198262,-0.19337618,-0.157878,-0.14054683,-0.13052517,-0.12557748,-0.13855204,-0.16356412,-0.30584824,-0.16692422,-0.18134215,-0.19309449,-0.11441202,-0.15068111,-0.14079487,-0.178202,-0.1671049,-0.16474491,-0.14331086,-0.18237996,-0.12863131,-0.15351193,-0.13786477,-0.24156228,-0.1797911,-0.103351295,-0.13540892,-0.14206642,-0.17463426,-0.11046132,-0.13472578,-0.15229602,-0.16013648,-0.18208984,-0.15424044,-0.1493247,-0.19184028,-0.1756297,-0.16420835,-0.14723541,-0.14623587,-0.11499533,-0.10471026,-0.13522486,-0.20148799,-0.17720315,-0.12513243,-0.1660039,-0.18041904,-0.18738703,-0.11705899,-0.17640553,-0.26068497,-0.09276681,-0.09239752,-0.114977196,-0.13623375,-0.14821853,-0.09871431,-0.18917288
k__Bacteria|p__Firmicutes|c__CFGB76101|o__OFGB76101|f__FGB76101|g__GGB3499|s__GGB3499_SGB4674,-0.1004395,-0.12316422,-0.14221531,-0.20428483,-0.16760415,-0.19435747,-0.1666669,-0.14569944,-0.12542179,-0.18420056,-0.18387137,-0.22843868,-0.17029098,-0.20532586,-0.103629395,-0.09973604,-0.058144663,-0.09997831,-0.10818027,-0.17155656,-0.1978925,-0.12536043,-0.1368663,-0.15305227,-0.17230617,-0.11658599,-0.1679394,-0.17476305,-0.1509206,-0.12124001,-0.13566492,-0.106057756,-0.14893588,-0.196597,-0.19003981,-0.2175087,-0.16172685,-0.22338755,-0.19827521,-0.29867563,-0.29210672,-0.19902277,-0.10755938,-0.09162698,-0.13691942,-0.15564476,-0.23188588,-0.19447403,-0.14722204,-0.2026537,-0.18449843,-0.18279888,-0.1982347,-0.1998193,-0.20522022,-0.15830794,-0.12628344,-0.14440005,-0.09258643,-0.096041515,-0.17186567,-0.14308715,-0.13743341,-0.14760424,-0.12719077,-0.15174541,-0.2613474,-0.22333384,-0.18951827,-0.20047067,-0.14633381,-0.14988834,-0.1313112,-0.14333674,-0.15142027,-0.16484694,-0.14746249,-0.16278498,-0.15997185,-0.14998752,-0.14781135,-0.15772374,-0.15389481,-0.22480208,-0.120334074,-0.14208177,-0.11882837,-0.16153577,-0.17486767,-0.15642568,-0.16897765,-0.11139822,-0.1388583,-0.13027036,-0.12914188,-0.15152657,-0.14307821,-0.11608336,-0.10065024,-0.0907917,-0.10581804,-0.1209294,-0.13549943,-0.15027548,-0.16106266,-0.1185138,-0.11129953,-0.1578567,-0.17738779,-0.13436708,-0.16494867,-0.25953975,-0.14933272,-0.13315943,-0.14229509,-0.15095688,-0.17780018,-0.16427612,-0.22917573,-0.09015879,-0.11055131,-0.13531703,-0.13027284,-0.13997786,-0.1744411,-0.13908121,-0.16057305,-0.12777606,-0.07092635,-0.03704006,-0.1375068,-0.16273296,-0.17974986,-0.14332479,-0.12334781,-0.1361555,-0.12023825,-0.13890052,-0.25318068,-0.26654312,-0.08370504,-0.10945694,-0.14508733,-0.09238048,-0.18831217,-0.19106221,-0.15356883,-0.09053461,-0.13230102,-0.15016574,-0.15094025,-0.15963486,-0.17126285,-0.18456554,-0.088148445,-0.12437018,-0.1417758,-0.10256614,-0.17951453,-0.19495486,-0.19217804,-0.10055545,-0.13113372,-0.08008489,-0.128427,-0.19006202,-0.19413054,-0.1925635,-0.124048576,-0.07555033,-0.097449064,-0.119017355,-0.13708127,-0.12406494,-0.121451,-0.09492063,-0.09702699,-0.10884677,-0.082459606,-0.11321347,-0.1326907,-0.16778788,-0.1410757,-0.13693082,-0.18093297,-0.17825818,-0.1950377,-0.14534043,-0.15549555,-0.13615932,-0.119081676,-0.14001076,-0.19117098,-0.19191818,-0.18217,-0.19755594,-0.25103784,-0.20219928,-0.19070151,-0.19185007,-0.1832675,-0.17452559,-0.27554205,-0.08916744,-0.11956477,-0.12827423,-0.15751183,-0.20931396,-0.18224281,-0.29657933,-0.32474133,-0.15356748,-0.3242122,-0.17325558,-0.17108874,-0.2185038,-0.17647925,-0.114121355,-0.14039502,-0.15388772,-0.15788373,-0.22984435,-0.18186735,-0.25821072,-0.104806066,-0.12455491,-0.13898957,-0.12463425,-0.15189947,-0.1556144,-0.15694392,-0.14014931,-0.15141064,-0.16381755,-0.15595315,-0.15419191,-0.1538668,-0.1345217,-0.12359016,-0.14685628,-0.19103138,-0.17790172,-0.21025829,-0.3990198,-0.20292366,-0.11385828,-0.1296617,-0.118928954,-0.14862944,-0.16636807,-0.18726939,-0.1924774,-0.13221234,-0.07680301,-0.15374257,-0.14030258,-0.14106366,-0.11874279,-0.19987361,-0.1649412,-0.15928422,-0.14221345,-0.12411378,-0.12722544,-0.14610182,-0.2588673,-0.107736945,-0.13074079,-0.09132757,-0.12832497,-0.12965852,-0.15034752,-0.15246409,-0.09664604,-0.08910369,-0.1247915,-0.11091686,-0.13836998,-0.15136716,-0.17117757,-0.1435822,-0.11677176,-0.17453972,-0.15247951,-0.1429236,-0.12592378,-0.14272776,-0.17466888,-0.13176009,-0.13277087,-0.14640084,-0.12353776,-0.08722703,-0.05825615,-0.14417589,-0.17082691,-0.026243303,-0.167296,-0.2829064,-0.31316653,-0.1990024,-0.14631315,-0.14331596,-0.14862512,-0.12963767,-0.25088155,-0.19467992,-0.18944949,-0.09506518,-0.10968151,-0.10702289,-0.094230026,-0.12759323,-0.1535913,-0.15746465,-0.16784143,-0.12812386,-0.0969081,-0.16398169,-0.14420441,-0.11335766,-0.18846886,-0.1706479,-0.15463603,-0.12630916,-0.115196005,-0.1135011,-0.11662802,-0.176629,-0.1391069,-0.13494414,-0.096878245,-0.121568605,-0.092017055,-0.12434345,-0.13640623,-0.063823454,-0.13877153,-0.11419349,-0.1343584,-0.24483351,-0.2571875,-0.29957527,-0.14682874,-0.15735626,-0.13279164,-0.19104545,-0.0782174,-0.17301673,-0.16511461,-0.09859173,-0.11065883,-0.11511644,-0.076612435,-0.083404,-0.1213824,-0.13072303,-0.13855581,-0.19385117,-0.09946426,-0.15639976,-0.19487974,-0.19184744,-0.18779412,-0.11168458,-0.14343953,-0.10331089,-0.1599297,-0.19491974,-0.17367467,-0.16987285,-0.14340883,-0.14311776,-0.10221708,-0.15389109,-0.16219439,-0.18166587,-0.19599327,-0.12169223,-0.1479154,-0.11417122,-0.08016139,-0.14387429,-0.20725825,-0.1614986,-0.125103,-0.15657571,-0.15690626,-0.14412564,-0.19202894,-0.16329361,-0.18281183,-0.2963242,-0.1986375,-0.18187898,-0.1721524,-0.19362672,-0.15826006,-0.14054683,-0.13086355,-0.12557748,-0.13892043,-0.16411483,-0.30584824,-0.16742712,-0.18196172,-0.19346537,-0.11441202,-0.15123777,-0.14104398,-0.17871422,-0.16763404,-0.1652449,-0.14331086,-0.18237996,-0.12890977,-0.15395696,-0.13849393,-0.24156228,-0.1799631,-0.10360189,-0.13569824,-0.14251313,-0.17520359,-0.110704765,-0.13506699,-0.15298416,-0.16059646,-0.18235844,-0.15480724,-0.14976627,-0.19184028,-0.17611131,-0.16488248,-0.14723541,-0.14623587,-0.11499533,-0.10471026,-0.13559803,-0.20148799,-0.17786525,-0.12513243,-0.16600636,-0.18041904,-0.18738703,-0.11705899,-0.17732762,-0.2603657,-0.092881195,-0.09254727,-0.115167625,-0.1365653,-0.14862093,-0.098872826,-0.18978465
k__Bacteria|p__Firmicutes|c__CFGB76106|o__OFGB76106|f__FGB76106|g__GGB33657|s__GGB33657_SGB66068,-0.1004395,-0.12316422,-0.14178729,-0.20428483,-0.16715929,-0.19383761,-0.1666669,-0.14494115,-0.12468935,-0.18322635,-0.18344635,-0.22928903,-0.16959828,-0.2060247,-0.10305399,-0.09935251,-0.058144663,-0.099435344,-0.10765258,-0.17099798,-0.1978925,-0.12536043,-0.13625383,-0.15231985,-0.17170481,-0.11658599,-0.16724777,-0.17409468,-0.1509206,-0.12124001,-0.13486367,-0.10555611,-0.14823183,-0.1960524,-0.18931991,-0.2175087,-0.16134936,-0.22338755,-0.19758347,-0.29867563,-0.29210672,-0.19856375,-0.10704878,-0.09162698,-0.13691942,-0.15516263,-0.23188588,-0.19398943,-0.14650552,-0.2026537,-0.18379965,-0.18279888,-0.19745865,-0.19955543,-0.2046985,-0.15743697,-0.12568663,-0.14380027,-0.09201279,-0.09547223,-0.17117809,-0.14243019,-0.13743341,-0.14698438,-0.12719077,-0.15105242,-0.2613474,-0.22333384,-0.18911433,-0.20047067,-0.14568779,-0.14919353,-0.1306909,-0.14274183,-0.15074894,-0.16412288,-0.14659259,-0.16278498,-0.15947518,-0.14998752,-0.14704582,-0.15716143,-0.15325573,-0.22480208,-0.120334074,-0.14143278,-0.11832099,-0.16089153,-0.17419942,-0.15588954,-0.16814375,-0.11139822,-0.1388583,-0.13027036,-0.12834212,-0.15152657,-0.14222914,-0.11525853,-0.10065024,-0.090190105,-0.10525553,-0.12036939,-0.13493536,-0.15027548,-0.16029906,-0.1185138,-0.11129953,-0.1578567,-0.17738779,-0.13366768,-0.1640778,-0.25953975,-0.14868647,-0.13257745,-0.1416249,-0.15095688,-0.17780018,-0.16388328,-0.22917573,-0.09015879,-0.10986205,-0.13468522,-0.12961215,-0.13997786,-0.17384812,-0.13908121,-0.16057305,-0.12777606,-0.07092635,-0.03704006,-0.1368874,-0.16212273,-0.17895216,-0.14332479,-0.12334781,-0.13541046,-0.12023825,-0.13812764,-0.25318068,-0.26654312,-0.08321706,-0.10945694,-0.1442821,-0.09238048,-0.18768048,-0.19045967,-0.15291841,-0.09007248,-0.13230102,-0.14953025,-0.15036397,-0.15906617,-0.17065999,-0.18372455,-0.08775739,-0.123789825,-0.14136729,-0.10256614,-0.17951453,-0.19495486,-0.1914756,-0.09983614,-0.13113372,-0.07954566,-0.12773235,-0.19006202,-0.19360375,-0.19187903,-0.123433016,-0.07509011,-0.09682909,-0.118379235,-0.13640648,-0.12406494,-0.121451,-0.09443354,-0.09646729,-0.10822343,-0.082459606,-0.11251126,-0.13203007,-0.16707055,-0.1410757,-0.13628718,-0.18093297,-0.17825818,-0.19453695,-0.14467368,-0.15549555,-0.13546953,-0.119081676,-0.14001076,-0.19117098,-0.19159551,-0.18169522,-0.19755594,-0.25103784,-0.20219928,-0.19007768,-0.19116801,-0.18259361,-0.17393914,-0.27554205,-0.08916744,-0.11956477,-0.12754908,-0.15751183,-0.20931396,-0.18224281,-0.29657933,-0.32474133,-0.15291762,-0.3242122,-0.17325558,-0.17108874,-0.2185038,-0.17647925,-0.114121355,-0.1397717,-0.15388772,-0.15788373,-0.22984435,-0.18186735,-0.25803816,-0.1042665,-0.12455491,-0.1382622,-0.12391436,-0.15189947,-0.15504703,-0.15610445,-0.14014931,-0.15141064,-0.1630804,-0.15535651,-0.15352409,-0.1531753,-0.13382602,-0.12280533,-0.1461018,-0.19027989,-0.1775072,-0.21025829,-0.3990198,-0.20278385,-0.11324849,-0.1296617,-0.11826435,-0.14780158,-0.16636807,-0.18652245,-0.19177671,-0.13158149,-0.0762531,-0.15289834,-0.13960883,-0.14106366,-0.11825644,-0.19987361,-0.1649412,-0.15869527,-0.14161594,-0.12339865,-0.12722544,-0.14610182,-0.2588673,-0.10720523,-0.13074079,-0.09132757,-0.12832497,-0.12894562,-0.14970718,-0.15172662,-0.096104726,-0.08910369,-0.12411075,-0.110355675,-0.1377975,-0.15069553,-0.17049408,-0.1428636,-0.116031975,-0.17394024,-0.15181494,-0.14226249,-0.12538081,-0.14189589,-0.17466888,-0.13176009,-0.13205922,-0.14567511,-0.122902974,-0.08722703,-0.05825615,-0.1434831,-0.17082691,-0.026243303,-0.16685674,-0.2829064,-0.31316653,-0.19870928,-0.1456911,-0.14331596,-0.14862512,-0.12963767,-0.25088155,-0.19428411,-0.1886885,-0.094435476,-0.109031186,-0.10702289,-0.09352195,-0.12759323,-0.15291402,-0.15746465,-0.16722205,-0.12812386,-0.0969081,-0.16398169,-0.14357162,-0.11335766,-0.18846886,-0.1706479,-0.15403226,-0.1256496,-0.115196005,-0.11281064,-0.11662802,-0.17590174,-0.13847385,-0.13429448,-0.096878245,-0.12097255,-0.09142653,-0.12434345,-0.13560183,-0.063823454,-0.13877153,-0.11419349,-0.13364631,-0.24483351,-0.2571875,-0.29957527,-0.1462442,-0.15670754,-0.13211975,-0.19104545,-0.0782174,-0.17228886,-0.16424462,-0.09859173,-0.11065883,-0.11430067,-0.076612435,-0.083404,-0.1213824,-0.13072303,-0.13855581,-0.19385117,-0.09908496,-0.155655,-0.19487974,-0.19123091,-0.18708748,-0.1110693,-0.14289182,-0.10269551,-0.15903585,-0.1944767,-0.17300661,-0.16910443,-0.14281282,-0.14250487,-0.10170685,-0.15319109,-0.1616076,-0.18098846,-0.19538943,-0.12106825,-0.14717221,-0.113427706,-0.07950931,-0.14323437,-0.20725825,-0.16089115,-0.125103,-0.15657571,-0.15690626,-0.1436361,-0.19202894,-0.1626724,-0.18197128,-0.2963242,-0.19842999,-0.18090004,-0.17159364,-0.19317336,-0.15754622,-0.14054683,-0.13025936,-0.12557748,-0.13829476,-0.16349283,-0.30584824,-0.16679642,-0.1809785,-0.19286779,-0.11441202,-0.15042983,-0.14051452,-0.17816561,-0.16694143,-0.16454063,-0.14331086,-0.18237996,-0.12824506,-0.15328193,-0.13773888,-0.24156228,-0.17943856,-0.10306087,-0.13515127,-0.14183946,-0.17446984,-0.11016704,-0.13437432,-0.15210366,-0.16004902,-0.18185842,-0.1541146,-0.14922394,-0.19184028,-0.17561854,-0.1640357,-0.14723541,-0.14623587,-0.11499533,-0.10471026,-0.13495702,-0.20148799,-0.17719817,-0.12513243,-0.16578409,-0.18041904,-0.18738703,-0.11705899,-0.17613834,-0.2596989,-0.092409536,-0.09195511,-0.114564165,-0.13587663,-0.14798515,-0.09829317,-0.1890387
k__Bacteria|p__Firmicutes|c__Clostridia|o__Eubacteriales|f__Clostridiaceae|g__GGB9580|s__GGB9580_SGB14998,-0.1004395,-0.12316422,-0.14175723,-0.20428483,-0.1673733,-0.19386922,-0.1666669,-0.14521804,-0.12557954,-0.18445292,-0.1839332,-0.21579903,-0.17103799,-0.20093805,-0.10261472,-0.09824829,-0.058144663,-0.099065475,-0.10764931,-0.17136738,-0.1978925,-0.12536043,-0.13662985,-0.15267497,-0.17176022,-0.11658599,-0.16848966,-0.17434947,-0.1509206,-0.12124001,-0.1355387,-0.10536733,-0.14882004,-0.19551812,-0.18951604,-0.2175087,-0.16142878,-0.22338755,-0.19714472,-0.29867563,-0.29210672,-0.19755346,-0.10673735,-0.09162698,-0.13691942,-0.15545344,-0.23188588,-0.19421269,-0.14671633,-0.2026537,-0.18483761,-0.18279888,-0.19682726,-0.1974307,-0.20010027,-0.15818948,-0.12561397,-0.14381625,-0.091995284,-0.09526476,-0.17184111,-0.14265124,-0.13743341,-0.14714077,-0.12719077,-0.15211836,-0.2613474,-0.22333384,-0.18924183,-0.20047067,-0.14570165,-0.14956865,-0.13058856,-0.14274728,-0.15071227,-0.16420351,-0.1470928,-0.16278498,-0.15985027,-0.14998752,-0.14783938,-0.1573922,-0.15366967,-0.22480208,-0.120334074,-0.1418429,-0.11831399,-0.16130221,-0.17438862,-0.15601522,-0.16882247,-0.11139822,-0.1388583,-0.13027036,-0.12889688,-0.15152657,-0.14350617,-0.11552723,-0.10065024,-0.09018247,-0.105185956,-0.120263696,-0.13508585,-0.15027548,-0.16084683,-0.1185138,-0.11129953,-0.1578567,-0.17738779,-0.1332342,-0.16450195,-0.25953975,-0.14908624,-0.132893,-0.14156538,-0.15095688,-0.17780018,-0.16393846,-0.22917573,-0.09015879,-0.11045639,-0.13490468,-0.12958863,-0.13997786,-0.17429441,-0.13908121,-0.16057305,-0.12777606,-0.07092635,-0.03704006,-0.13727224,-0.1626033,-0.17942452,-0.14332479,-0.12334781,-0.13627274,-0.12023825,-0.13846514,-0.25318068,-0.26654312,-0.083079845,-0.10945694,-0.14460823,-0.09238048,-0.18864352,-0.19050422,-0.15333633,-0.08989653,-0.13230102,-0.15005213,-0.15058959,-0.15922785,-0.17098415,-0.1841526,-0.087428264,-0.12342475,-0.14096487,-0.10256614,-0.17951453,-0.19495486,-0.19120416,-0.099768594,-0.13113372,-0.078232504,-0.12800196,-0.19006202,-0.19352047,-0.19195214,-0.12330029,-0.07488019,-0.09659761,-0.11829847,-0.13672897,-0.12406494,-0.121451,-0.09386377,-0.096186,-0.108270936,-0.082459606,-0.11259158,-0.13250604,-0.16741636,-0.1410757,-0.13680747,-0.18093297,-0.17825818,-0.19424915,-0.14481284,-0.15549555,-0.13538891,-0.119081676,-0.14001076,-0.19117098,-0.1910527,-0.18183054,-0.19755594,-0.25103784,-0.20219928,-0.19116746,-0.19174719,-0.18312773,-0.17434257,-0.27554205,-0.08916744,-0.11956477,-0.12849656,-0.15751183,-0.20931396,-0.18224281,-0.29657933,-0.32474133,-0.15502942,-0.3242122,-0.17325558,-0.17108874,-0.2185038,-0.17647925,-0.114121355,-0.14034863,-0.15388772,-0.15788373,-0.22984435,-0.18186735,-0.25223675,-0.104048565,-0.12455491,-0.13890982,-0.12433192,-0.15189947,-0.15525213,-0.15641372,-0.14014931,-0.15141064,-0.16342358,-0.15573967,-0.15381071,-0.15334776,-0.13394883,-0.12334137,-0.14709184,-0.19092217,-0.17720215,-0.21025829,-0.3990198,-0.20179501,-0.113257416,-0.1296617,-0.11800352,-0.14850092,-0.16636807,-0.18712115,-0.1922199,-0.13193047,-0.07634425,-0.15331894,-0.14019588,-0.14106366,-0.11822532,-0.19987361,-0.1649412,-0.15937841,-0.14153844,-0.12363709,-0.12722544,-0.14610182,-0.2588673,-0.10703236,-0.13074079,-0.09132757,-0.12832497,-0.12938076,-0.15037638,-0.1520848,-0.09584509,-0.08910369,-0.12430602,-0.11046027,-0.13808163,-0.15127778,-0.1706183,-0.14311631,-0.11687231,-0.17434517,-0.15231171,-0.14257817,-0.12525323,-0.1424438,-0.17466888,-0.13176009,-0.13247818,-0.14594324,-0.12268251,-0.08722703,-0.05825615,-0.14365521,-0.17082691,-0.026243303,-0.16689101,-0.2829064,-0.31316653,-0.19790006,-0.14590223,-0.14331596,-0.14862512,-0.12963767,-0.25088155,-0.19359462,-0.18891117,-0.09449288,-0.10906395,-0.10702289,-0.09306197,-0.12759323,-0.15362039,-0.15746465,-0.16730186,-0.12812386,-0.0969081,-0.16398169,-0.1438768,-0.11335766,-0.18846886,-0.1706479,-0.15426713,-0.1257303,-0.115196005,-0.11270662,-0.11662802,-0.1765215,-0.13848834,-0.13421923,-0.096878245,-0.12075634,-0.09143587,-0.12434345,-0.13642079,-0.063823454,-0.13877153,-0.11419349,-0.13398173,-0.24483351,-0.2571875,-0.29957527,-0.14621758,-0.1570435,-0.13217174,-0.19104545,-0.0782174,-0.17233866,-0.16473073,-0.09859173,-0.11065883,-0.11493624,-0.076612435,-0.083404,-0.1213824,-0.13072303,-0.13855581,-0.19385117,-0.09832148,-0.15603441,-0.19487974,-0.19178492,-0.18727586,-0.111153305,-0.14330122,-0.102808416,-0.15946203,-0.19439776,-0.17269373,-0.1697672,-0.14295349,-0.14245744,-0.101582974,-0.1536211,-0.16203713,-0.18160227,-0.19523117,-0.12117191,-0.14739439,-0.113977924,-0.07989523,-0.1429835,-0.20725825,-0.16108382,-0.125103,-0.15657571,-0.15690626,-0.1439105,-0.19202894,-0.16315593,-0.18262058,-0.2963242,-0.19748041,-0.18177196,-0.17227218,-0.19313937,-0.15770233,-0.14054683,-0.13034119,-0.12557748,-0.13842651,-0.16377977,-0.30584824,-0.16738869,-0.18150643,-0.19342197,-0.11441202,-0.15102565,-0.14087683,-0.17854965,-0.16719513,-0.16499555,-0.14331086,-0.18237996,-0.12847455,-0.1538581,-0.13724852,-0.24156228,-0.18013337,-0.102891535,-0.13564214,-0.14200513,-0.17464705,-0.11043702,-0.13481499,-0.15265061,-0.15991998,-0.18248501,-0.15420887,-0.14922363,-0.19184028,-0.17587042,-0.16451737,-0.14723541,-0.14623587,-0.11499533,-0.10471026,-0.13530636,-0.20148799,-0.17747301,-0.12513243,-0.16678494,-0.18041904,-0.18738703,-0.11705899,-0.17668521,-0.25836474,-0.092034675,-0.091932535,-0.11472522,-0.13601585,-0.14802828,-0.0983366,-0.18957421
k__Bacteria|p__Firmicutes|c__Clostridia|o__Eubacteriales|f__Eubacteriales_Family_XIII_Incertae_Sedis|g__Eubacteriales_Family_XIII_Incertae_Sedis_unclassified|s__Eubacterium_sulci,-0.1004395,-0.12316422,-0.14140818,-0.20428483,-0.16702734,-0.19453713,-0.1666669,-0.14596984,-0.12466122,-0.1853683,-0.18362406,-0.22820163,-0.16988972,-0.20773706,-0.10309598,-0.099268444,-0.058144663,-0.10041664,-0.107346326,-0.17174286,-0.1978925,-0.12536043,-0.13696578,-0.15346548,-0.17245865,-0.11658599,-0.16816255,-0.17544976,-0.1509206,-0.12124001,-0.13545245,-0.105225235,-0.14873205,-0.19718389,-0.1907202,-0.2175087,-0.16026364,-0.22338755,-0.19775546,-0.29867563,-0.29210672,-0.19984528,-0.107519776,-0.09162698,-0.13691942,-0.15541904,-0.23188588,-0.19480054,-0.14714932,-0.2026537,-0.18354249,-0.18279888,-0.19817351,-0.19930485,-0.2055507,-0.16026226,-0.12613231,-0.14463666,-0.0921583,-0.095465004,-0.17249876,-0.14320822,-0.13743341,-0.1475948,-0.12719077,-0.15166685,-0.2613474,-0.22333384,-0.1896753,-0.20047067,-0.14680216,-0.15000889,-0.13102329,-0.1434586,-0.15255743,-0.16562378,-0.14768526,-0.16278498,-0.15942928,-0.14998752,-0.14777735,-0.15745814,-0.15400389,-0.22480208,-0.120334074,-0.14205505,-0.11835101,-0.1624456,-0.17537317,-0.15569043,-0.16924754,-0.11139822,-0.1388583,-0.13027036,-0.12923782,-0.15152657,-0.14287737,-0.11586472,-0.10065024,-0.090151265,-0.10581902,-0.121028915,-0.13559753,-0.15027548,-0.16147134,-0.1185138,-0.11129953,-0.1578567,-0.17738779,-0.13445228,-0.16353199,-0.25953975,-0.14913575,-0.13256133,-0.14203349,-0.15095688,-0.17780018,-0.16351798,-0.22917573,-0.09015879,-0.109947085,-0.13505256,-0.13012403,-0.13997786,-0.1743074,-0.13908121,-0.16057305,-0.12777606,-0.07092635,-0.03704006,-0.13753514,-0.16313964,-0.18012574,-0.14332479,-0.12334781,-0.13603821,-0.12023825,-0.13899328,-0.25318068,-0.26654312,-0.08325906,-0.10945694,-0.14571828,-0.09238048,-0.1888468,-0.19130582,-0.15339342,-0.090077825,-0.13230102,-0.15001333,-0.15084335,-0.15979639,-0.17139384,-0.18567428,-0.087325506,-0.12433691,-0.14190271,-0.10256614,-0.17951453,-0.19495486,-0.19285628,-0.10010427,-0.13113372,-0.07947167,-0.12829155,-0.19006202,-0.19465037,-0.1928305,-0.12422944,-0.074767865,-0.097199455,-0.118608475,-0.13713825,-0.12406494,-0.121451,-0.09445803,-0.09651406,-0.1086839,-0.082459606,-0.11327901,-0.13304585,-0.16859464,-0.1410757,-0.13628528,-0.18093297,-0.17825818,-0.19515558,-0.14512613,-0.15549555,-0.13610296,-0.119081676,-0.14001076,-0.19117098,-0.19203992,-0.18186997,-0.19755594,-0.25103784,-0.20219928,-0.19059995,-0.19155638,-0.18342507,-0.17414638,-0.27554205,-0.08916744,-0.11956477,-0.1276711,-0.15751183,-0.20931396,-0.18224281,-0.29657933,-0.32474133,-0.1502304,-0.3242122,-0.17325558,-0.17108874,-0.2185038,-0.17647925,-0.114121355,-0.13984877,-0.15388772,-0.15788373,-0.22984435,-0.18186735,-0.25811306,-0.10434708,-0.12455491,-0.13903056,-0.12455592,-0.15189947,-0.15638869,-0.15758581,-0.14014931,-0.15141064,-0.16450533,-0.15561411,-0.15430987,-0.1534027,-0.13430683,-0.123155355,-0.14661969,-0.19204101,-0.17778596,-0.21025829,-0.3990198,-0.20434633,-0.11370225,-0.1296617,-0.11923366,-0.14857069,-0.16636807,-0.18845832,-0.19263056,-0.13161251,-0.076196276,-0.15423992,-0.14007777,-0.14106366,-0.118532635,-0.19987361,-0.1649412,-0.15854046,-0.14162594,-0.12385221,-0.12722544,-0.14610182,-0.2588673,-0.1071589,-0.13074079,-0.09132757,-0.12832497,-0.12991151,-0.15018502,-0.15307502,-0.09635484,-0.08910369,-0.12478871,-0.110500425,-0.13828214,-0.15130597,-0.17164356,-0.14344198,-0.1162285,-0.17509195,-0.15237617,-0.14316791,-0.12538853,-0.14326517,-0.17466888,-0.13176009,-0.13257909,-0.14653079,-0.123354465,-0.08722703,-0.05825615,-0.1440793,-0.17082691,-0.026243303,-0.16641054,-0.2829064,-0.31316653,-0.19944741,-0.1463257,-0.14331596,-0.14862512,-0.12963767,-0.25088155,-0.19503027,-0.1899006,-0.094360225,-0.10965517,-0.10702289,-0.09451747,-0.12759323,-0.15341651,-0.15746465,-0.16804773,-0.12812386,-0.0969081,-0.16398169,-0.1449805,-0.11335766,-0.18846886,-0.1706479,-0.15425569,-0.12608641,-0.115196005,-0.11318593,-0.11662802,-0.1776979,-0.1391433,-0.13520795,-0.096878245,-0.12148435,-0.09187274,-0.12434345,-0.13655585,-0.063823454,-0.13877153,-0.11419349,-0.13407832,-0.24483351,-0.2571875,-0.29957527,-0.14679495,-0.15759066,-0.13255851,-0.19104545,-0.0782174,-0.17331424,-0.1653358,-0.09859173,-0.11065883,-0.115088284,-0.076612435,-0.083404,-0.1213824,-0.13072303,-0.13855581,-0.19385117,-0.09905513,-0.15602675,-0.19487974,-0.19175598,-0.18801601,-0.1113341,-0.1435428,-0.10330252,-0.1608229,-0.19508487,-0.17486253,-0.16961384,-0.14331484,-0.14319119,-0.10100192,-0.15395522,-0.16226864,-0.18151231,-0.19633304,-0.121637926,-0.14845644,-0.113748446,-0.079772264,-0.14322764,-0.20725825,-0.16138129,-0.125103,-0.15657571,-0.15690626,-0.143804,-0.19202894,-0.1629945,-0.18343431,-0.2963242,-0.1966196,-0.18154235,-0.1722203,-0.1937545,-0.15787095,-0.14054683,-0.1306302,-0.12557748,-0.1385914,-0.16303352,-0.30584824,-0.1667022,-0.18250903,-0.1935015,-0.11441202,-0.15148258,-0.140959,-0.17883435,-0.16768695,-0.1656063,-0.14331086,-0.18237996,-0.1278423,-0.15372682,-0.13709058,-0.24156228,-0.1797378,-0.10323171,-0.1352472,-0.14285523,-0.175838,-0.11005698,-0.13478893,-0.1538379,-0.16114672,-0.1822411,-0.15547308,-0.14981905,-0.19184028,-0.17582893,-0.16561298,-0.14723541,-0.14623587,-0.11499533,-0.10471026,-0.1354799,-0.20148799,-0.1782274,-0.12513243,-0.16588116,-0.18041904,-0.18738703,-0.11705899,-0.17882448,-0.2611434,-0.09235648,-0.09221669,-0.11462247,-0.13672236,-0.14872195,-0.09809773,-0.19063042
k__Bacteria|p__Firmicutes|c__Clostridia|o__Eubacteriales|f__Clostridiaceae|g__Clostridium|s__Clostridium_sp_1001271st1_H5,-0.1004395,-0.12316422,-0.14190413,-0.20428483,-0.1672258,-0.19346607,-0.1666669,-0.1451468,-0.12494973,-0.1833709,-0.18390603,-0.23054811,-0.16942936,-0.20614801,-0.10314965,-0.09955038,-0.058144663,-0.099543944,-0.107830286,-0.17070131,-0.1978925,-0.12536043,-0.13627285,-0.15222955,-0.1716031,-0.11658599,-0.1671449,-0.17380917,-0.1509206,-0.12124001,-0.1350354,-0.10577583,-0.14832318,-0.19614312,-0.1890259,-0.2175087,-0.16143629,-0.22338755,-0.19790271,-0.29867563,-0.29210672,-0.19815658,-0.1070541,-0.09162698,-0.13691942,-0.15513378,-0.23188588,-0.1938609,-0.14648283,-0.2026537,-0.18425485,-0.18279888,-0.19812402,-0.1996769,-0.20501144,-0.15736538,-0.12569532,-0.14375708,-0.09196858,-0.095609896,-0.171063,-0.14223406,-0.13743341,-0.14700362,-0.12719077,-0.15109098,-0.2613474,-0.22333384,-0.18893191,-0.20047067,-0.14561954,-0.14925607,-0.13077688,-0.14282416,-0.15044703,-0.16410895,-0.14643404,-0.16278498,-0.15974382,-0.14998752,-0.14712557,-0.15724295,-0.15312682,-0.22480208,-0.120334074,-0.14146975,-0.118363135,-0.16068977,-0.17411491,-0.15592971,-0.16802204,-0.11139822,-0.1388583,-0.13027036,-0.12840669,-0.15152657,-0.1422641,-0.11550383,-0.10065024,-0.09047763,-0.10526246,-0.120358616,-0.13485017,-0.15027548,-0.16018625,-0.1185138,-0.11129953,-0.1578567,-0.17738779,-0.13382578,-0.16436431,-0.25953975,-0.14877677,-0.13275126,-0.14184763,-0.15095688,-0.17780018,-0.16389988,-0.22917573,-0.09015879,-0.11015323,-0.13476485,-0.12975976,-0.13997786,-0.17384523,-0.13908121,-0.16057305,-0.12777606,-0.07092635,-0.03704006,-0.13713405,-0.16179697,-0.1789588,-0.14332479,-0.12334781,-0.13558431,-0.12023825,-0.13815424,-0.25318068,-0.26654312,-0.08319269,-0.10945694,-0.14415237,-0.09238048,-0.18749627,-0.19045426,-0.1529623,-0.0900507,-0.13230102,-0.14955917,-0.15039149,-0.15898766,-0.17055412,-0.18329108,-0.08774504,-0.12387563,-0.14137182,-0.10256614,-0.17951453,-0.19495486,-0.19122164,-0.099995576,-0.13113372,-0.07976873,-0.12775967,-0.19006202,-0.19339326,-0.19177276,-0.1233125,-0.07515905,-0.097007826,-0.1186364,-0.13647515,-0.12406494,-0.121451,-0.094516926,-0.09668222,-0.10829152,-0.082459606,-0.11272912,-0.13195777,-0.1669043,-0.1410757,-0.1364461,-0.18093297,-0.17825818,-0.19444495,-0.14466958,-0.15549555,-0.13545568,-0.119081676,-0.14001076,-0.19117098,-0.19149911,-0.18164094,-0.19755594,-0.25103784,-0.20219928,-0.18991248,-0.19131288,-0.18257208,-0.17402175,-0.27554205,-0.08916744,-0.11956477,-0.12773341,-0.15751183,-0.20931396,-0.18224281,-0.29657933,-0.32474133,-0.1532333,-0.3242122,-0.17325558,-0.17108874,-0.2185038,-0.17647925,-0.114121355,-0.1399854,-0.15388772,-0.15788373,-0.22984435,-0.18186735,-0.25904673,-0.10434562,-0.12455491,-0.13835686,-0.123944014,-0.15189947,-0.15471992,-0.1559925,-0.14014931,-0.15141064,-0.16290206,-0.15540487,-0.15346591,-0.1533134,-0.13395602,-0.122998446,-0.14635983,-0.19014654,-0.17734861,-0.21025829,-0.3990198,-0.20248495,-0.11335075,-0.1296617,-0.11848864,-0.14789176,-0.16636807,-0.18631174,-0.19163302,-0.13167566,-0.076272264,-0.1528691,-0.13960612,-0.14106366,-0.11803806,-0.19987361,-0.1649412,-0.15887028,-0.14166269,-0.12362495,-0.12722544,-0.14610182,-0.2588673,-0.10725358,-0.13074079,-0.09132757,-0.12832497,-0.12887451,-0.14966613,-0.15153459,-0.09614225,-0.08910369,-0.12414557,-0.110425636,-0.13777646,-0.15068665,-0.17026769,-0.14289913,-0.11619944,-0.17384715,-0.15180051,-0.14226106,-0.1255089,-0.14185119,-0.17466888,-0.13176009,-0.13203907,-0.1458368,-0.12287228,-0.08722703,-0.05825615,-0.14350197,-0.17082691,-0.026243303,-0.16694686,-0.2829064,-0.31316653,-0.19812334,-0.14566784,-0.14331596,-0.14862512,-0.12963767,-0.25088155,-0.19408853,-0.18846264,-0.094452366,-0.1091733,-0.10702289,-0.09351325,-0.12759323,-0.1528811,-0.15746465,-0.16730072,-0.12812386,-0.0969081,-0.16398169,-0.14331032,-0.11335766,-0.18846886,-0.1706479,-0.1540909,-0.12564951,-0.115196005,-0.11292061,-0.11662802,-0.17570774,-0.13844992,-0.13431796,-0.096878245,-0.1211359,-0.09144203,-0.12434345,-0.1356441,-0.063823454,-0.13877153,-0.11419349,-0.13374797,-0.24483351,-0.2571875,-0.29957527,-0.14626543,-0.15674105,-0.13211823,-0.19104545,-0.0782174,-0.17223516,-0.16444,-0.09859173,-0.11065883,-0.11439246,-0.076612435,-0.083404,-0.1213824,-0.13072303,-0.13855581,-0.19385117,-0.09891534,-0.15571076,-0.19487974,-0.19110185,-0.18694597,-0.111069515,-0.14293699,-0.10263447,-0.15903841,-0.19434986,-0.17274368,-0.1690855,-0.14281419,-0.14258298,-0.101968974,-0.15319127,-0.1616695,-0.18102953,-0.19533086,-0.1210368,-0.14723395,-0.11365326,-0.079722285,-0.14317745,-0.20725825,-0.16073745,-0.125103,-0.15657571,-0.15690626,-0.14369819,-0.19202894,-0.16254233,-0.18171835,-0.2963242,-0.19883157,-0.18131207,-0.17177182,-0.19310756,-0.15777245,-0.14054683,-0.13025278,-0.12557748,-0.13823542,-0.16352369,-0.30584824,-0.1667211,-0.18110031,-0.19282584,-0.11441202,-0.15041727,-0.14055598,-0.17798436,-0.16691059,-0.16442537,-0.14331086,-0.18237996,-0.12846735,-0.15352088,-0.13795158,-0.24156228,-0.1794095,-0.10307847,-0.13527206,-0.14173202,-0.17439003,-0.110160545,-0.13444933,-0.15196058,-0.1600118,-0.1818728,-0.1538628,-0.14900869,-0.19184028,-0.17537454,-0.16391946,-0.14723541,-0.14623587,-0.11499533,-0.10471026,-0.13490212,-0.20148799,-0.1769034,-0.12513243,-0.16593036,-0.18041904,-0.18738703,-0.11705899,-0.1759744,-0.2600952,-0.09242432,-0.09208345,-0.11470862,-0.13594478,-0.14799953,-0.09842256,-0.1887224
k__Bacteria|p__Firmicutes|c__Bacilli|o__Lactobacillales|f__Lactobacillaceae|g__Limosilactobacillus|s__Limosilactobacillus_pontis,-0.1004395,-0.12316422,-0.14154509,-0.20428483,-0.1662851,-0.19439578,-0.1666669,-0.14525092,-0.12459472,-0.1846599,-0.1827779,-0.22793007,-0.17078193,-0.20658892,-0.1028748,-0.09941898,-0.058144663,-0.099567324,-0.107229635,-0.17130226,-0.1978925,-0.12536043,-0.13631162,-0.15254897,-0.1720742,-0.11658599,-0.16740227,-0.17449388,-0.1509206,-0.12124001,-0.1348801,-0.105291665,-0.14825213,-0.19694479,-0.19008335,-0.2175087,-0.16022527,-0.22338755,-0.19778086,-0.29867563,-0.29210672,-0.19951099,-0.10726024,-0.09162698,-0.13691942,-0.15495753,-0.23188588,-0.19426508,-0.14666118,-0.2026537,-0.18286785,-0.18279888,-0.19774364,-0.19941007,-0.20509435,-0.15978837,-0.12569408,-0.14415523,-0.09182778,-0.09542212,-0.17176127,-0.1425796,-0.13743341,-0.14704493,-0.12719077,-0.15180317,-0.2613474,-0.22333384,-0.18897882,-0.20047067,-0.14610179,-0.14940992,-0.13072097,-0.14298758,-0.15169948,-0.16464807,-0.14713903,-0.16278498,-0.15907176,-0.14998752,-0.1470781,-0.15708691,-0.15346979,-0.22480208,-0.120334074,-0.14158568,-0.11805447,-0.16163516,-0.17457923,-0.15534404,-0.16845112,-0.11139822,-0.1388583,-0.13027036,-0.12876323,-0.15152657,-0.14211333,-0.115449995,-0.10065024,-0.09004406,-0.10558757,-0.120786875,-0.13515,-0.15027548,-0.1606506,-0.1185138,-0.11129953,-0.1578567,-0.17738779,-0.1344055,-0.16364336,-0.25953975,-0.14873593,-0.1322504,-0.14167173,-0.15095688,-0.17780018,-0.16356741,-0.22917573,-0.09015879,-0.109517895,-0.1345713,-0.12974563,-0.13997786,-0.17374574,-0.13908121,-0.16057305,-0.12777606,-0.07092635,-0.03704006,-0.13706525,-0.16238719,-0.17931993,-0.14332479,-0.12334781,-0.13569298,-0.12023825,-0.13833247,-0.25318068,-0.26654312,-0.08299416,-0.10945694,-0.14502661,-0.09238048,-0.18817097,-0.19035366,-0.15266293,-0.089825734,-0.13230102,-0.14951468,-0.1503419,-0.15928215,-0.17084283,-0.18487707,-0.08725068,-0.124060765,-0.1412639,-0.10256614,-0.17951453,-0.19495486,-0.19238126,-0.09975877,-0.13113372,-0.07953313,-0.12814775,-0.19006202,-0.19391677,-0.19220135,-0.12346241,-0.07477565,-0.09718974,-0.11851431,-0.13658763,-0.12406494,-0.121451,-0.09424119,-0.096450455,-0.10837762,-0.082459606,-0.11308013,-0.13246709,-0.16778567,-0.1410757,-0.13598645,-0.18093297,-0.17825818,-0.19491526,-0.14481458,-0.15549555,-0.13571402,-0.119081676,-0.14001076,-0.19117098,-0.19158968,-0.18142846,-0.19755594,-0.25103784,-0.20219928,-0.18979153,-0.19100268,-0.18293169,-0.17384633,-0.27554205,-0.08916744,-0.11956477,-0.12719627,-0.15751183,-0.20931396,-0.18224281,-0.29657933,-0.32474133,-0.15130763,-0.3242122,-0.17325558,-0.17108874,-0.2185038,-0.17647925,-0.114121355,-0.13947242,-0.15388772,-0.15788373,-0.22984435,-0.18186735,-0.2595746,-0.10405244,-0.12455491,-0.13842931,-0.12410494,-0.15189947,-0.15545839,-0.15669797,-0.14014931,-0.15141064,-0.16360253,-0.15507936,-0.15369004,-0.15295033,-0.13402425,-0.122749425,-0.14627048,-0.19101113,-0.17684866,-0.21025829,-0.3990198,-0.20578042,-0.11334655,-0.1296617,-0.11896503,-0.14799562,-0.16636807,-0.18747318,-0.19216242,-0.13104393,-0.076422736,-0.15378311,-0.13963568,-0.14106366,-0.11768827,-0.19987361,-0.1649412,-0.15804899,-0.14135489,-0.12339343,-0.12722544,-0.14610182,-0.2588673,-0.106904075,-0.13074079,-0.09132757,-0.12832497,-0.12919271,-0.14935222,-0.15221629,-0.09603636,-0.08910369,-0.12439255,-0.110172406,-0.13787758,-0.15066053,-0.17108655,-0.14285365,-0.11579506,-0.17434168,-0.15165424,-0.14244494,-0.12504351,-0.14262548,-0.17466888,-0.13176009,-0.13232523,-0.14596602,-0.122941926,-0.08722703,-0.05825615,-0.14346668,-0.17082691,-0.026243303,-0.16656174,-0.2829064,-0.31316653,-0.19996768,-0.1457974,-0.14331596,-0.14862512,-0.12963767,-0.25088155,-0.19459218,-0.18932196,-0.093985304,-0.10948412,-0.10702289,-0.09444723,-0.12759323,-0.15297891,-0.15746465,-0.1676049,-0.12812386,-0.0969081,-0.16398169,-0.14406955,-0.11335766,-0.18846886,-0.1706479,-0.15375574,-0.12576646,-0.115196005,-0.11307816,-0.11662802,-0.17699583,-0.13859001,-0.13473159,-0.096878245,-0.12128252,-0.09155109,-0.12434345,-0.13571295,-0.063823454,-0.13877153,-0.11419349,-0.13364789,-0.24483351,-0.2571875,-0.29957527,-0.14633748,-0.15706652,-0.13229278,-0.19104545,-0.0782174,-0.17308575,-0.1646129,-0.09859173,-0.11065883,-0.11431371,-0.076612435,-0.083404,-0.1213824,-0.13072303,-0.13855581,-0.19385117,-0.098885946,-0.15573457,-0.19487974,-0.19120899,-0.18755357,-0.11091542,-0.14285168,-0.10309194,-0.16019449,-0.19498807,-0.17413937,-0.16896924,-0.1427728,-0.14282824,-0.101011604,-0.1533562,-0.16180196,-0.18100226,-0.19589633,-0.12122134,-0.14780948,-0.113426566,-0.079809226,-0.1430487,-0.20725825,-0.16065627,-0.125103,-0.15657571,-0.15690626,-0.14360902,-0.19202894,-0.16243072,-0.18262328,-0.2963242,-0.19771194,-0.18128686,-0.17147198,-0.19313751,-0.15734276,-0.14054683,-0.1301845,-0.12557748,-0.13811989,-0.16285378,-0.30584824,-0.16607827,-0.18169719,-0.19313094,-0.11441202,-0.15072621,-0.14053863,-0.17823876,-0.16709158,-0.165092,-0.14331086,-0.18237996,-0.127837,-0.15338373,-0.13716274,-0.24156228,-0.17917767,-0.10290223,-0.13485494,-0.1422987,-0.17505872,-0.10975696,-0.13433816,-0.15293974,-0.16046374,-0.1816546,-0.15487787,-0.1493721,-0.19184028,-0.17522418,-0.16473994,-0.14723541,-0.14623587,-0.11499533,-0.10471026,-0.13521591,-0.20148799,-0.17733106,-0.12513243,-0.16560727,-0.18041904,-0.18738703,-0.11705899,-0.1781369,-0.26151228,-0.09221804,-0.0920099,-0.11446574,-0.13634633,-0.14820646,-0.09798435,-0.18994527
k__Bacteria|p__Firmicutes|c__Clostridia|o__Eubacteriales|f__Clostridiaceae|g__Clostridium|s__Clostridium_cuniculi,-0.1004395,-0.12316422,-0.1411836,-0.20428483,-0.16714811,-0.19384393,-0.1666669,-0.1455904,-0.124598704,-0.18446149,-0.18273506,-0.22633308,-0.16848703,-0.20529303,-0.103068545,-0.09924504,-0.058144663,-0.10010372,-0.10744285,-0.17136925,-0.1978925,-0.12536043,-0.1367087,-0.15316483,-0.17194477,-0.11658599,-0.16780704,-0.17504686,-0.1509206,-0.12124001,-0.13535288,-0.105089955,-0.1484537,-0.19596472,-0.18980542,-0.2175087,-0.1609759,-0.22338755,-0.19744053,-0.29867563,-0.29210672,-0.19839369,-0.10730524,-0.09162698,-0.13691942,-0.15523149,-0.23188588,-0.19407156,-0.14667696,-0.2026537,-0.18388891,-0.18279888,-0.19747975,-0.19834204,-0.20375931,-0.15861674,-0.12594639,-0.14418018,-0.09239745,-0.095508896,-0.17183273,-0.14308259,-0.13743341,-0.14730757,-0.12719077,-0.15125123,-0.2613474,-0.22333384,-0.18927433,-0.20047067,-0.14635335,-0.14966036,-0.13075468,-0.14293098,-0.15170816,-0.16520719,-0.14750938,-0.16278498,-0.15945637,-0.14998752,-0.1475744,-0.15712339,-0.15366629,-0.22480208,-0.120334074,-0.14173204,-0.11831112,-0.16177692,-0.17483948,-0.15569751,-0.16886124,-0.11139822,-0.1388583,-0.13027036,-0.12885179,-0.15152657,-0.14270526,-0.115853444,-0.10065024,-0.090113334,-0.10545668,-0.12066409,-0.13519424,-0.15027548,-0.16108117,-0.1185138,-0.11129953,-0.1578567,-0.17738779,-0.13419256,-0.16370435,-0.25953975,-0.14894432,-0.13241552,-0.14162391,-0.15095688,-0.17780018,-0.1633343,-0.22917573,-0.09015879,-0.11006133,-0.13489741,-0.12979639,-0.13997786,-0.17389783,-0.13908121,-0.16057305,-0.12777606,-0.07092635,-0.03704006,-0.13700993,-0.16255574,-0.17971705,-0.14332479,-0.12334781,-0.13569884,-0.12023825,-0.13850704,-0.25318068,-0.26654312,-0.0833052,-0.10945694,-0.14503618,-0.09238048,-0.18797363,-0.19058904,-0.15281965,-0.09007693,-0.13230102,-0.14973241,-0.15052757,-0.15940383,-0.17094876,-0.18484184,-0.087475434,-0.12423073,-0.14178741,-0.10256614,-0.17951453,-0.19495486,-0.19206047,-0.1000438,-0.13113372,-0.07921534,-0.1276873,-0.19006202,-0.19384593,-0.19212948,-0.124203615,-0.075002395,-0.097002596,-0.118323445,-0.13669813,-0.12406494,-0.121451,-0.094439566,-0.09628047,-0.108387366,-0.082459606,-0.112666056,-0.13236949,-0.1679641,-0.1410757,-0.13630009,-0.18093297,-0.17825818,-0.19429609,-0.14470369,-0.15549555,-0.13589285,-0.119081676,-0.14001076,-0.19117098,-0.1914043,-0.18172525,-0.19755594,-0.25103784,-0.20219928,-0.19006047,-0.19115128,-0.18266785,-0.17358701,-0.27554205,-0.08916744,-0.11956477,-0.12746584,-0.15751183,-0.20931396,-0.18224281,-0.29657933,-0.32474133,-0.15084262,-0.3242122,-0.17325558,-0.17108874,-0.2185038,-0.17647925,-0.114121355,-0.13972901,-0.15388772,-0.15788373,-0.22984435,-0.18186735,-0.2550658,-0.10428253,-0.12455491,-0.13865621,-0.12425723,-0.15189947,-0.1556972,-0.15709013,-0.14014931,-0.15141064,-0.16401103,-0.15556398,-0.15401953,-0.15321973,-0.13391016,-0.12308491,-0.14634033,-0.19114974,-0.17729437,-0.21025829,-0.3990198,-0.20108351,-0.113420136,-0.1296617,-0.11859389,-0.14814594,-0.16636807,-0.18755588,-0.19206575,-0.13171633,-0.07610111,-0.15364423,-0.13981004,-0.14106366,-0.11886287,-0.19987361,-0.1649412,-0.15861785,-0.14147979,-0.1235442,-0.12722544,-0.14610182,-0.2588673,-0.107149005,-0.13074079,-0.09132757,-0.12832497,-0.12951785,-0.1499289,-0.15266937,-0.09630419,-0.08910369,-0.124428794,-0.11030948,-0.1379504,-0.15093058,-0.17109913,-0.14323793,-0.11617594,-0.17449406,-0.15200931,-0.14272757,-0.12515646,-0.142792,-0.17466888,-0.13176009,-0.13231732,-0.14609654,-0.12316381,-0.08722703,-0.05825615,-0.14383422,-0.17082691,-0.026243303,-0.1665976,-0.2829064,-0.31316653,-0.19782287,-0.14604647,-0.14331596,-0.14862512,-0.12963767,-0.25088155,-0.19425832,-0.18927857,-0.09441725,-0.10944584,-0.10702289,-0.09401834,-0.12759323,-0.15310112,-0.15746465,-0.16765267,-0.12812386,-0.0969081,-0.16398169,-0.1445196,-0.11335766,-0.18846886,-0.1706479,-0.15416968,-0.12602134,-0.115196005,-0.11300101,-0.11662802,-0.17681581,-0.13888785,-0.13471429,-0.096878245,-0.12104292,-0.09164889,-0.12434345,-0.13639338,-0.063823454,-0.13877153,-0.11419349,-0.13386127,-0.24483351,-0.2571875,-0.29957527,-0.14647064,-0.15709871,-0.13224377,-0.19104545,-0.0782174,-0.17255493,-0.16497637,-0.09859173,-0.11065883,-0.115079455,-0.076612435,-0.083404,-0.1213824,-0.13072303,-0.13855581,-0.19385117,-0.099031195,-0.15593374,-0.19487974,-0.19131583,-0.18741016,-0.11124127,-0.14318238,-0.10300195,-0.16023976,-0.19432929,-0.17395073,-0.16924754,-0.1430516,-0.14280541,-0.10117227,-0.1534906,-0.16191909,-0.18103409,-0.19539575,-0.12133263,-0.14788985,-0.113687284,-0.07966012,-0.14324078,-0.20725825,-0.16128623,-0.125103,-0.15657571,-0.15690626,-0.14361764,-0.19202894,-0.16289005,-0.18286355,-0.2963242,-0.19603744,-0.18077993,-0.17140138,-0.19277225,-0.15742664,-0.14054683,-0.13041213,-0.12557748,-0.13837764,-0.16321161,-0.30584824,-0.16678327,-0.18170807,-0.1929805,-0.11441202,-0.1509415,-0.1406036,-0.17844531,-0.16736053,-0.16512363,-0.14331086,-0.18237996,-0.12799437,-0.15346956,-0.13728923,-0.24156228,-0.1792963,-0.103168815,-0.13517104,-0.14237945,-0.17520286,-0.11005458,-0.13450953,-0.15327013,-0.16065696,-0.18181548,-0.15485492,-0.14947572,-0.19184028,-0.1756244,-0.1651566,-0.14723541,-0.14623587,-0.11499533,-0.10471026,-0.13505365,-0.20148799,-0.17786276,-0.12513243,-0.16571334,-0.18041904,-0.18738703,-0.11705899,-0.17789291,-0.25867176,-0.0923674,-0.092107885,-0.11450755,-0.13620228,-0.14824489,-0.09799267,-0.18983325
k__Bacteria|p__Firmicutes|c__Bacilli|o__Lactobacillales|f__Enterococcaceae|g__Enterococcus|s__Enterococcus_canis,-0.1004395,-0.12316422,-0.14044374,-0.20428483,-0.16564259,-0.19345441,-0.1666669,-0.14525601,-0.12420355,-0.18424433,-0.18194135,-0.22650436,-0.16934347,-0.20553377,-0.10328561,-0.09945555,-0.058144663,-0.10043502,-0.10688313,-0.17094047,-0.1978925,-0.12536043,-0.13643178,-0.15298364,-0.17160577,-0.11658599,-0.1673537,-0.1750069,-0.1509206,-0.12124001,-0.1351407,-0.10492563,-0.14804333,-0.1957539,-0.18998359,-0.2175087,-0.15895098,-0.22338755,-0.19647053,-0.29867563,-0.29210672,-0.19891684,-0.10747741,-0.09162698,-0.13691942,-0.15445942,-0.23188588,-0.19344719,-0.14659186,-0.2026537,-0.18161333,-0.18279888,-0.1967473,-0.19801126,-0.20466326,-0.15987784,-0.12582435,-0.14412744,-0.09247425,-0.095413454,-0.17146678,-0.14301631,-0.13743341,-0.14696904,-0.12719077,-0.15080252,-0.2613474,-0.22333384,-0.18823776,-0.20047067,-0.14628653,-0.14941174,-0.13063797,-0.14281166,-0.15213107,-0.16497561,-0.14745402,-0.16278498,-0.15822993,-0.14998752,-0.1472582,-0.15642957,-0.15341392,-0.22480208,-0.120334074,-0.14150368,-0.11796017,-0.16167295,-0.17437121,-0.15490744,-0.16869149,-0.11139822,-0.1388583,-0.13027036,-0.12897529,-0.15152657,-0.14242384,-0.115957424,-0.10065024,-0.09017843,-0.10570547,-0.120735645,-0.13501495,-0.15027548,-0.16098972,-0.1185138,-0.11129953,-0.1578567,-0.17738779,-0.13429132,-0.16278967,-0.25953975,-0.14840163,-0.13199377,-0.14137557,-0.15095688,-0.17780018,-0.1621739,-0.22917573,-0.09015879,-0.10967528,-0.13457605,-0.12977982,-0.13997786,-0.17328283,-0.13908121,-0.16057305,-0.12777606,-0.07092635,-0.03704006,-0.13658245,-0.16240802,-0.17941034,-0.14332479,-0.12334781,-0.13553414,-0.12023825,-0.13850296,-0.25318068,-0.26654312,-0.083446965,-0.10945694,-0.1455503,-0.09238048,-0.1875411,-0.19007406,-0.15267086,-0.09010047,-0.13230102,-0.14930034,-0.15011695,-0.15902284,-0.17049874,-0.18521462,-0.08734814,-0.124290645,-0.14150238,-0.10256614,-0.17951453,-0.19495486,-0.19208282,-0.100119516,-0.13113372,-0.07983832,-0.12783317,-0.19006202,-0.1934464,-0.19179082,-0.12422708,-0.07502355,-0.09722498,-0.11824602,-0.1366623,-0.12406494,-0.121451,-0.094502956,-0.09642038,-0.10870544,-0.082459606,-0.113031626,-0.13262752,-0.1680192,-0.1410757,-0.1356105,-0.18093297,-0.17825818,-0.19383827,-0.14466526,-0.15549555,-0.13590059,-0.119081676,-0.14001076,-0.19117098,-0.19055699,-0.18078658,-0.19755594,-0.25103784,-0.20219928,-0.18914254,-0.19014174,-0.18230268,-0.17279185,-0.27554205,-0.08916744,-0.11956477,-0.12703755,-0.15751183,-0.20931396,-0.18224281,-0.29657933,-0.32474133,-0.14944068,-0.3242122,-0.17325558,-0.17108874,-0.2185038,-0.17647925,-0.114121355,-0.13908878,-0.15388772,-0.15788373,-0.22984435,-0.18186735,-0.25566697,-0.10421009,-0.12455491,-0.13851193,-0.124292545,-0.15189947,-0.15572457,-0.15722738,-0.14014931,-0.15141064,-0.16393995,-0.15477075,-0.15372375,-0.15277907,-0.13401216,-0.12281131,-0.14585933,-0.19095986,-0.17673779,-0.21025829,-0.3990198,-0.20342538,-0.11345121,-0.1296617,-0.11896892,-0.14797986,-0.16636807,-0.18749878,-0.19162941,-0.13123742,-0.076415725,-0.15379016,-0.13951078,-0.14106366,-0.11854275,-0.19987361,-0.1649412,-0.15750945,-0.14123589,-0.123627104,-0.12722544,-0.14610182,-0.2588673,-0.10699951,-0.13074079,-0.09132757,-0.12832497,-0.12964673,-0.14943814,-0.15278454,-0.096455134,-0.08910369,-0.12462085,-0.11025595,-0.137716,-0.15061095,-0.17113608,-0.142954,-0.115955785,-0.1741347,-0.1517227,-0.142636,-0.124829985,-0.14295879,-0.17466888,-0.13176009,-0.13229921,-0.14598148,-0.12332192,-0.08722703,-0.05825615,-0.14355871,-0.17082691,-0.026243303,-0.1655854,-0.2829064,-0.31316653,-0.19880083,-0.14571008,-0.14331596,-0.14862512,-0.12963767,-0.25088155,-0.19367245,-0.18912403,-0.094453454,-0.10957661,-0.10702289,-0.09495964,-0.12759323,-0.15280333,-0.15746465,-0.16715741,-0.12812386,-0.0969081,-0.16398169,-0.14476377,-0.11335766,-0.18846886,-0.1706479,-0.15348268,-0.1259951,-0.115196005,-0.11318888,-0.11662802,-0.17700395,-0.13872504,-0.13486734,-0.096878245,-0.12124897,-0.09198502,-0.12434345,-0.13631582,-0.063823454,-0.13877153,-0.11419349,-0.1335237,-0.24483351,-0.2571875,-0.29957527,-0.14610583,-0.1568133,-0.13219,-0.19104545,-0.0782174,-0.17246962,-0.16485903,-0.09859173,-0.11065883,-0.11517759,-0.076612435,-0.083404,-0.1213824,-0.13072303,-0.13855581,-0.19385117,-0.09907733,-0.15532635,-0.19487974,-0.19055977,-0.18726712,-0.11120917,-0.14284515,-0.10331541,-0.16023472,-0.19366917,-0.17449953,-0.16881505,-0.1426941,-0.14266351,-0.100715294,-0.15331593,-0.1613508,-0.18038872,-0.19517823,-0.12131087,-0.14793392,-0.11356212,-0.07994232,-0.14288306,-0.20725825,-0.16068858,-0.125103,-0.15657571,-0.15690626,-0.14304481,-0.19202894,-0.16224587,-0.18285742,-0.2963242,-0.19449979,-0.18070433,-0.17084801,-0.19215761,-0.15710078,-0.14054683,-0.13024302,-0.12557748,-0.13832632,-0.16223405,-0.30584824,-0.16606894,-0.18181808,-0.1921761,1.9423387,-0.15103175,-0.14016582,-0.17781094,-0.16695347,-0.16499656,-0.14331086,-0.18237996,-0.12738328,-0.1529743,-0.13680235,-0.24156228,-0.17842722,-0.10314812,-0.13454771,-0.14246136,-0.17500432,-0.10983367,-0.1343098,-0.15356947,-0.16028108,-0.1809003,-0.15516403,-0.14922105,-0.19184028,-0.17476827,-0.16526529,-0.14723541,-0.14623587,-0.11499533,-0.10471026,-0.13499889,-0.20148799,-0.17748064,-0.12513243,-0.16451551,-0.18041904,-0.18738703,-0.11705899,-0.17860064,-0.25867635,-0.09245877,-0.09231089,-0.11428419,-0.1362986,-0.14816965,-0.09793832,-0.18977168
k__Bacteria|p__Firmicutes|c__Bacilli|o__Lactobacillales|f__Streptococcaceae|g__Lactococcus|s__Lactococcus_piscium,-0.1004395,-0.12316422,-0.1412108,-0.20428483,-0.16691451,-0.19337572,-0.1666669,-0.14526322,-0.12479433,-0.1838251,-0.1834107,-0.22146937,-0.16828012,-0.20369357,-0.10265593,-0.09834288,-0.058144663,-0.09969258,-0.10730283,-0.17105433,-0.1978925,-0.12536043,-0.13643247,-0.15263143,-0.17125821,-0.11658599,-0.16752307,-0.17430004,-0.1509206,-0.12124001,-0.13519077,-0.10495569,-0.14836639,-0.19530001,-0.18915166,-0.2175087,-0.1607883,-0.22338755,-0.19662578,-0.29867563,-0.29210672,-0.19788393,-0.106947005,-0.09162698,-0.13691942,-0.15491307,-0.23188588,-0.19370404,-0.14658257,-0.2026537,-0.18416184,-0.18279888,-0.19665718,-0.19734417,-0.20194021,-0.15816015,-0.12558284,-0.14377844,-0.092010364,-0.09515052,-0.17149928,-0.14252086,-0.13743341,-0.14697422,-0.12719077,-0.15121743,-0.2613474,-0.22333384,-0.18905707,-0.20047067,-0.14584917,-0.1492541,-0.13040796,-0.14256887,-0.15104985,-0.16441582,-0.1469213,-0.16278498,-0.15921631,-0.14998752,-0.14722867,-0.15693638,-0.15335734,-0.22480208,-0.120334074,-0.14149234,-0.118052825,-0.16132805,-0.17440024,-0.15545386,-0.16833507,-0.11139822,-0.1388583,-0.13027036,-0.12869436,-0.15152657,-0.14277174,-0.11536141,-0.10065024,-0.089910045,-0.105164394,-0.12031721,-0.13497235,-0.15027548,-0.16056404,-0.1185138,-0.11129953,-0.1578567,-0.17738779,-0.13337879,-0.16351002,-0.25953975,-0.14869605,-0.13234028,-0.14130172,-0.15095688,-0.17780018,-0.1636063,-0.22917573,-0.09015879,-0.11010766,-0.1346873,-0.12939307,-0.13997786,-0.1736759,-0.13908121,-0.16057305,-0.12777606,-0.07092635,-0.03704006,-0.13718486,-0.16233864,-0.17910628,-0.14332479,-0.12334781,-0.13567576,-0.12023825,-0.13811532,-0.25318068,-0.26654312,-0.08299671,-0.10945694,-0.1445469,-0.09238048,-0.18793185,-0.19015159,-0.15259756,-0.08984557,-0.13230102,-0.14957762,-0.15022185,-0.1588757,-0.1705195,-0.18394992,-0.087209694,-0.12361106,-0.14112297,-0.10256614,-0.17951453,-0.19495486,-0.19108665,-0.09982821,-0.13113372,-0.0786234,-0.12763825,-0.19006202,-0.19317535,-0.19160348,-0.12368361,-0.07458903,-0.09664789,-0.11809715,-0.13645196,-0.12406494,-0.121451,-0.09403904,-0.09612816,-0.10812564,-0.082459606,-0.11253071,-0.13231501,-0.16743805,-0.1410757,-0.13617021,-0.18093297,-0.17825818,-0.19371964,-0.14454043,-0.15549555,-0.13536562,-0.119081676,-0.14001076,-0.19117098,-0.19075513,-0.18123014,-0.19755594,-0.25103784,-0.20219928,-0.19032262,-0.1909138,-0.1824025,-0.17372137,-0.27554205,-0.08916744,-0.11956477,-0.12782118,-0.15751183,-0.20931396,-0.18224281,-0.29657933,-0.32474133,-0.15201345,-0.3242122,-0.17325558,-0.17108874,-0.2185038,-0.17647925,-0.114121355,-0.13966137,-0.15388772,-0.15788373,-0.22984435,-0.18186735,-0.25334203,-0.104029186,-0.12455491,-0.13850322,-0.12404406,-0.15189947,-0.15530783,-0.15656665,-0.14014931,-0.15141064,-0.16340628,-0.1552635,-0.15361065,-0.15297739,-0.13351473,-0.12287684,-0.14638963,-0.19042566,-0.1773225,-0.21025829,-0.3990198,-0.20136696,-0.113265365,-0.1296617,-0.1183547,-0.1479727,-0.16636807,-0.18707849,-0.19157903,-0.13159624,-0.07580628,-0.15324938,-0.13960965,-0.14106366,-0.118684806,-0.19987361,-0.1649412,-0.15862814,-0.14119023,-0.12326503,-0.12722544,-0.14610182,-0.2588673,-0.10700692,-0.13074079,-0.09132757,-0.12832497,-0.12918873,-0.14991513,-0.15201001,-0.095929936,-0.08910369,-0.124143325,-0.11016721,-0.13777089,-0.15085185,-0.17035122,-0.14297567,-0.116273776,-0.1741221,-0.15192807,-0.14240618,-0.124982834,-0.14246082,-0.17466888,-0.13176009,-0.13206348,-0.14576477,-0.122559756,-0.08722703,-0.05825615,-0.14356433,-0.17082691,-0.026243303,-0.16655265,-0.2829064,-0.31316653,-0.19741336,-0.14570947,-0.14331596,-0.14862512,-0.12963767,-0.25088155,-0.19353187,-0.18865964,-0.094254985,-0.109029874,-0.10702289,-0.09324623,-0.12759323,-0.15310721,-0.15746465,-0.16705947,-0.12812386,-0.0969081,-0.16398169,-0.14390856,1.6074182,-0.18846886,-0.1706479,-0.15382892,-0.12547018,-0.115196005,-0.11256244,-0.11662802,-0.17627893,-0.13846368,-0.1342151,-0.096878245,-0.120670386,-0.09139071,-0.12434345,-0.13612953,-0.063823454,-0.13877153,-0.11419349,-0.13364455,-0.24483351,-0.2571875,-0.29957527,-0.14618127,-0.15664072,-0.13196695,-0.19104545,-0.0782174,-0.1722638,-0.16427612,-0.09859173,-0.11065883,-0.11486794,-0.076612435,-0.083404,-0.1213824,-0.13072303,-0.13855581,-0.19385117,-0.0984511,-0.15574452,-0.19487974,-0.19097367,-0.18668239,-0.11108062,-0.14290872,-0.10281873,-0.15958714,-0.19388185,-0.17331488,-0.16889259,-0.14280267,-0.14236158,-0.10119605,-0.15326616,-0.16151969,-0.18085913,-0.1947389,-0.12115449,-0.14750639,-0.11371644,-0.07956377,-0.14284147,-0.20725825,-0.16089651,-0.125103,-0.15657571,-0.15690626,-0.14349717,-0.19202894,-0.16262975,-0.18217357,-0.2963242,-0.196295,-0.18054806,-0.1714101,-0.19265833,-0.15727963,-0.14054683,-0.1302054,-0.12557748,-0.13823389,-0.16284393,-0.30584824,-0.16660193,-0.18099678,-0.19252193,-0.11441202,-0.15069428,-0.14049104,-0.17811355,-0.16680247,-0.16458346,-0.14331086,-0.18237996,-0.12804303,-0.15326235,-0.13689604,-0.24156228,-0.17938277,-0.10285507,-0.13507429,-0.14185674,-0.17470263,-0.109923616,-0.13446257,-0.1525155,-0.16007093,-0.1816032,-0.15413035,-0.14903787,-0.19184028,-0.17538127,-0.16441278,-0.14723541,-0.14623587,-0.11499533,-0.10471026,-0.13496175,-0.20148799,-0.17727748,-0.12513243,-0.16566245,-0.18041904,-0.18738703,-0.11705899,-0.17672242,-0.25776818,-0.0920547,-0.09182891,-0.11442821,-0.13588323,-0.14782141,-0.09800284,-0.18913272
k__Bacteria|p__Firmicutes|c__Clostridia|o__Eubacteriales|f__Lachnospiraceae|g__GGB3637|s__GGB3637_SGB4930,-0.1004395,-0.12316422,-0.14182317,-0.20428483,-0.167348,-0.19360815,-0.1666669,-0.14499965,-0.12498404,-0.18326363,-0.1833834,-0.22644931,-0.16967739,-0.20468658,-0.10321717,-0.099304475,-0.058144663,-0.099512786,-0.1078532,-0.17087705,-0.1978925,-0.12536043,-0.13632658,-0.15233883,-0.17165785,-0.11658599,-0.16750376,-0.17389184,-0.1509206,-0.12124001,-0.13511992,-0.105763726,-0.14834373,-0.19579586,-0.18918602,-0.2175087,-0.16129887,-0.22338755,-0.19756746,-0.29867563,-0.29210672,-0.198185,-0.10711569,-0.09162698,-0.13691942,-0.15516904,-0.23188588,-0.19410819,-0.14658302,-0.2026537,-0.18412676,-0.18279888,-0.19744691,-0.19875103,-0.20370418,-0.15734679,-0.12574214,-0.14379537,-0.0921381,-0.09563162,-0.17121062,-0.14241496,-0.13743341,-0.14700037,-0.12719077,-0.15121998,-0.2613474,-0.22333384,-0.18903093,-0.20047067,-0.14564717,-0.14929561,-0.13076681,-0.14276883,-0.1505435,-0.16402332,-0.14659363,-0.16278498,-0.15962997,-0.14998752,-0.14729887,-0.15719642,-0.15326886,-0.22480208,-0.120334074,-0.14153773,-0.11837822,-0.16083895,-0.17403808,-0.15593582,-0.16821373,-0.11139822,-0.1388583,-0.13027036,-0.12856822,-0.15152657,-0.14261535,-0.11546446,-0.10065024,-0.09041512,-0.10533276,-0.1204018,-0.13498418,-0.15027548,-0.16033885,-0.1185138,-0.11129953,-0.1578567,-0.17738779,-0.13357514,-0.16429076,-0.25953975,-0.1487492,-0.13271186,-0.14173254,-0.15095688,-0.17780018,-0.16392687,-0.22917573,-0.09015879,-0.11016343,-0.13474387,-0.12967643,-0.13997786,-0.17391682,-0.13908121,-0.16057305,-0.12777606,-0.07092635,-0.03704006,-0.13716483,-0.16209124,-0.17896838,-0.14332479,-0.12334781,-0.1357253,-0.12023825,-0.13827035,-0.25318068,-0.26654312,-0.083454676,-0.10945694,-0.1443422,-0.09238048,-0.18777964,-0.19050026,-0.15317655,-0.09027375,-0.13230102,-0.14960462,-0.15038213,-0.1589928,-0.17065938,-0.18363565,-0.08797787,-0.12376085,-0.14114532,-0.10256614,-0.17951453,-0.19495486,-0.19122191,-0.100101866,-0.13113372,-0.07956899,-0.1278584,-0.19006202,-0.19349861,-0.19185588,-0.12336824,-0.07542583,-0.097054645,-0.118517354,-0.13650948,-0.12406494,-0.121451,-0.09453084,-0.09664872,-0.10843246,-0.082459606,-0.112731725,-0.13219926,-0.16700591,-0.1410757,-0.1364576,-0.18093297,-0.17825818,-0.19441271,-0.14480872,-0.15549555,-0.13544565,-0.119081676,-0.14001076,-0.19117098,-0.19144768,-0.18160322,-0.19755594,-0.25103784,-0.20219928,-0.19034612,-0.19137669,-0.18261516,-0.1740836,-0.27554205,-0.08916744,-0.11956477,-0.12794295,-0.15751183,-0.20931396,-0.18224281,-0.29657933,-0.32474133,-0.15366304,-0.3242122,-0.17325558,-0.17108874,-0.2185038,-0.17647925,-0.114121355,-0.1400356,-0.15388772,-0.15788373,-0.22984435,-0.18186735,-0.2567343,-0.10440685,-0.12455491,-0.13846761,-0.124115676,-0.15189947,-0.15499601,-0.15611789,-0.14014931,-0.15141064,-0.1629842,-0.15544298,-0.15350421,-0.15328938,-0.13396883,-0.12305363,-0.14627266,-0.19009405,-0.17716774,-0.21025829,-0.3990198,-0.2023052,-0.113389276,-0.1296617,-0.11831947,-0.14796618,-0.16636807,-0.18648714,-0.1917563,-0.1317746,-0.07657723,-0.15297452,-0.13982497,-0.14106366,-0.11792919,-0.19987361,-0.1649412,-0.15889776,-0.14166164,-0.12367998,-0.12722544,-0.14610182,-0.2588673,-0.10732278,-0.13074079,-0.09132757,-0.12832497,-0.12905185,-0.14992237,-0.1517399,-0.096238434,-0.08910369,-0.12425199,-0.11058682,-0.13788065,-0.15086322,-0.17038271,-0.14298235,-0.11640416,-0.17390822,-0.15194389,-0.1423434,-0.12557194,-0.1418499,-0.17466888,-0.13176009,-0.13219894,-0.14580536,-0.12300063,-0.08722703,-0.05825615,-0.14352165,-0.17082691,-0.026243303,-0.1670064,-0.2829064,-0.31316653,-0.19813965,-0.14568262,-0.14331596,-0.14862512,-0.12963767,-0.25088155,-0.1941342,-0.1886082,-0.09466918,-0.10917981,-0.10702289,-0.09349364,-0.12759323,-0.15298879,-0.15746465,-0.16708261,-0.12812386,-0.0969081,-0.16398169,-0.14353508,-0.11335766,-0.18846886,-0.1706479,-0.15408519,-0.12578985,-0.115196005,-0.11285135,-0.11662802,-0.17585978,-0.13846377,-0.13434258,-0.096878245,-0.12109425,-0.09160443,-0.12434345,-0.13581666,-0.063823454,-0.13877153,-0.11419349,-0.13384566,-0.24483351,-0.2571875,-0.29957527,-0.14621377,-0.15673584,-0.13220398,-0.19104545,-0.0782174,-0.17231183,-0.16439816,-0.09859173,-0.11065883,-0.114556745,-0.076612435,-0.083404,-0.1213824,-0.13072303,-0.13855581,-0.19385117,-0.099114135,-0.15578747,-0.19487974,-0.1912615,-0.18703899,-0.111237064,-0.14312533,-0.1028222,-0.15903324,-0.19410932,-0.17253828,-0.16932711,-0.14285481,-0.14251277,-0.10191663,-0.15327081,-0.16160944,-0.18107198,-0.19525242,-0.121167645,-0.14724164,-0.11372836,-0.0798389,-0.14315584,-0.20725825,-0.16096467,-0.125103,-0.15657571,-0.15690626,-0.14368738,-0.19202894,-0.1627594,-0.18198249,-0.2963242,-0.19862863,-0.18132368,-0.17186686,-0.19317405,-0.157766,-0.14054683,-0.13035423,-0.12557748,-0.13840784,-0.1636721,-0.30584824,-0.16705123,-0.18123062,-0.19282769,-0.11441202,-0.15061006,-0.14065196,-0.17807844,-0.16703759,-0.1645143,-0.14331086,-0.18237996,-0.1284627,-0.15336974,-0.13771136,-0.24156228,-0.17976509,-0.10319632,-0.13538393,-0.14185357,-0.17444883,-0.110401556,-0.13464598,-0.15215681,-0.15988375,-0.18199655,-0.15404588,-0.149204,-0.19184028,-0.17564596,-0.16406268,-0.14723541,-0.14623587,-0.11499533,-0.10471026,-0.13499635,-0.20148799,-0.17715871,-0.12513243,-0.16579908,-0.18041904,-0.18738703,-0.11705899,-0.17609051,-0.25943696,-0.09255577,-0.09219012,-0.114801675,-0.13593791,-0.14801723,-0.09854441,-0.18901049
k__Bacteria|p__Firmicutes|c__Bacilli|o__Bacillales|f__Staphylococcaceae|g__Staphylococcus|s__Staphylococcus_lugdunensis,-0.1004395,-0.12316422,-0.14259163,-0.20428483,-0.16862786,-0.19857767,-0.1666669,-0.14718577,-0.124880284,-0.18838382,-0.18673855,-0.23899743,-0.17350703,-0.21298659,-0.1025032,-0.09858161,-0.058144663,-0.099282116,-0.10681282,-0.17422247,-0.1978925,-0.12536043,-0.13767928,-0.15502,-0.17519295,-0.11658599,-0.16982955,-0.17806728,-0.1509206,-0.12124001,-0.13584757,-0.10468317,-0.14993861,-0.20150863,-0.1943038,-0.2175087,-0.16202612,-0.22338755,-0.20175968,-0.29867563,-0.29210672,-0.20445995,-0.106963255,-0.09162698,-0.13691942,-0.15685034,-0.23188588,-0.19802389,-0.14865164,-0.2026537,-0.18590526,-0.18279888,-0.20243518,-0.2050722,-0.21255673,-0.16255128,-0.12650102,-0.14585678,-0.090874664,-0.09451711,-0.17480275,-0.14440945,-0.13743341,-0.14890479,-0.12719077,-0.15311307,-0.2613474,-0.22333384,-0.1927928,-0.20047067,-0.14815195,-0.15139131,-0.13170534,-0.14470634,-0.15445173,-0.16782899,-0.149518,-0.16278498,-0.16097206,-0.14998752,-0.14875486,-0.15924819,-0.15564016,-0.22480208,-0.120334074,-0.14300129,-0.11831336,-0.16433689,-0.17813547,-0.15746365,-0.17180721,-0.11139822,-0.1388583,-0.13027036,-0.1296741,-0.15152657,-0.14350292,-0.11578066,-0.10065024,-0.088823915,-0.10528955,-0.12117867,-0.13627176,-0.15027548,-0.16326359,-0.1185138,-0.11129953,-0.1578567,-0.17738779,-0.13589182,-0.16595927,-0.25953975,-0.15045187,-0.13311203,-0.14330286,-0.15095688,-0.17780018,-0.16557482,-0.22917573,-0.09015879,-0.109146595,-0.13575134,-0.13085833,-0.13997786,-0.17670271,-0.13908121,-0.16057305,-0.12777606,-0.07092635,-0.03704006,-0.13795757,-0.1650992,-0.1828939,-0.14332479,-0.12334781,-0.13651615,-0.12023825,-0.13996084,-0.25318068,-0.26654312,-0.08144525,-0.10945694,-0.14704311,-0.09238048,-0.19170134,-0.19450697,-0.15474534,-0.088577345,-0.13230102,-0.1512914,-0.15227726,-0.16175279,-0.17381063,-0.1889672,-0.085723996,-0.12474022,-0.1428343,-0.10256614,-0.17951453,-0.19495486,-0.19694343,-0.099317804,-0.13113372,-0.0784564,-0.12899193,-0.19006202,-0.19829606,-0.19642499,-0.12441282,-0.072588556,-0.09629424,-0.118778884,-0.13790686,-0.12406494,-0.121451,-0.093461774,-0.09562688,-0.108119465,-0.082459606,-0.113156356,-0.1335302,-0.17077929,-0.1410757,-0.13691798,-0.18093297,-0.17825818,-0.19911566,-0.1463696,-0.15549555,-0.13713841,-0.119081676,-0.14001076,-0.19117098,-0.19549534,-0.18480499,-0.19755594,-0.25103784,-0.20219928,-0.1934222,-0.19466314,-0.18652679,-0.17657642,-0.27554205,-0.08916744,-0.11956477,-0.1276066,-0.15751183,-0.20931396,-0.18224281,-0.29657933,-0.32474133,-0.15088621,-0.3242122,-0.17325558,-0.17108874,-0.2185038,-0.17647925,-0.114121355,-0.14048174,-0.15388772,-0.15788373,-0.22984435,-0.18186735,-0.2687773,-0.10370413,-0.12455491,-0.13972002,-0.12473589,-0.15189947,-0.15799445,-0.15937524,-0.14014931,-0.15141064,-0.16665044,-0.1571086,-0.1559707,-0.15501252,-0.13512397,-0.123296976,-0.14775875,-0.1955883,-0.18076843,-0.21025829,-0.3990198,-0.20983279,-0.113470644,-0.1296617,-0.11950607,-0.14997084,-0.16636807,-0.19155772,-0.19615015,-0.13185108,-0.07434572,-0.15598297,-0.14083701,-0.14106366,-0.11848241,-0.19987361,-0.1649412,-0.15992847,-0.14282225,-0.1240101,-0.12722544,-0.14610182,-0.2588673,-0.106608436,-0.13074079,-0.09132757,-0.12832497,-0.13032338,-0.15118381,-0.15453218,-0.0953043,-0.08910369,-0.12503591,-0.10994857,-0.13904846,-0.15255162,-0.17426637,-0.14454862,-0.11574523,-0.17746544,-0.15377048,-0.14414586,-0.12571473,-0.14489865,-0.17466888,-0.13176009,-0.13326545,-0.14779381,-0.12371206,-0.08722703,-0.05825615,-0.14527681,-0.17082691,-0.026243303,-0.16807228,-0.2829064,-0.31316653,-0.2045162,-0.14758876,-0.14331596,-0.14862512,-0.12963767,-0.25088155,-0.19892302,-0.19346936,-0.09323548,-0.10925922,-0.10702289,-0.09409624,-0.12759323,-0.15486237,-0.15746465,-0.17051522,-0.12812386,-0.0969081,-0.16398169,-0.14595614,-0.11335766,-0.18846886,-0.1706479,-0.15582754,-0.12647846,-0.115196005,-0.11330287,-0.11662802,-0.18031621,-0.14014424,-0.13606465,-0.096878245,-0.12177186,-0.090583384,-0.12434345,-0.13695389,-0.063823454,-0.13877153,-0.11419349,-0.13459891,-0.24483351,-0.2571875,-0.29957527,-0.14816767,-0.15938506,-0.13346384,-0.19104545,-0.0782174,-0.17620996,-0.16737309,-0.09859173,-0.11065883,-0.114540085,-0.076612435,-0.083404,-0.1213824,-0.13072303,-0.13855581,-0.19385117,-0.09839377,-0.15777397,-0.19487974,-0.19506904,-0.1914675,-0.11089597,-0.14416908,-0.10274023,-0.162871,-0.1992419,-0.17807788,-0.17206734,-0.1443676,-0.1444072,-0.10020762,-0.15553868,-0.16417211,-0.18434167,-0.20059577,-0.12180583,-0.14979449,-0.11332942,-0.07795906,-0.14471261,-0.20725825,-0.16308393,2.7347975,-0.15657571,-0.15690626,-0.14484054,-0.19202894,-0.16484433,-0.1864197,-0.2963242,-0.20059878,-0.1845213,-0.1741181,-0.19718298,-0.15968403,-0.14054683,-0.13112387,-0.12557748,-0.13946265,-0.16484696,-0.30584824,-0.16856334,-0.18549949,-0.19692796,-0.11441202,-0.15284108,-0.14167306,-0.18150948,-0.16993427,-0.16779408,-0.14331086,-0.18237996,-0.1283302,-0.15529175,-0.13874975,-0.24156228,-0.18182282,-0.102477685,-0.13561296,-0.14409266,-0.17846495,-0.10946436,-0.13533911,-0.15574753,-0.16312246,-0.18471992,-0.1574464,-0.15132974,-0.19184028,-0.1782799,-0.16776411,-0.14723541,-0.14623587,-0.11499533,-0.10471026,-0.13634938,-0.20148799,-0.18085486,-0.12513243,-0.16712141,-0.18041904,-0.18738703,-0.11705899,-0.1822791,-0.26918858,-0.09115796,-0.09093137,-0.11430037,-0.13768196,-0.15018916,-0.09719459,-0.19421883
k__Bacteria|p__Firmicutes|c__Bacilli|o__Lactobacillales|f__Lactobacillaceae|g__Limosilactobacillus|s__Limosilactobacillus_urinaemulieris,-0.1004395,-0.12316422,-0.141692,-0.20428483,-0.1671479,-0.19409361,-0.1666669,-0.14527509,-0.12493883,-0.18415236,-0.18366241,-0.22755802,-0.16893928,-0.20540366,-0.1027804,-0.09860919,-0.058144663,-0.09930928,-0.10754983,-0.17126691,-0.1978925,-0.12536043,-0.13640669,-0.15275672,-0.17202601,-0.11658599,-0.16762917,-0.17428209,-0.1509206,-0.12124001,-0.13499962,-0.10544497,-0.14845677,-0.19644004,-0.18972158,-0.2175087,-0.16095126,-0.22338755,-0.1976,-0.29867563,-0.29210672,-0.19909579,-0.10680957,-0.09162698,-0.13691942,-0.1549512,-0.23188588,-0.19404556,-0.14670712,-0.2026537,-0.18405525,-0.18279888,-0.19840121,-0.19972923,-0.20521785,-0.15754965,-0.12571406,-0.14388904,-0.0919093,-0.09541778,-0.17175412,-0.142649,-0.13743341,-0.14705867,-0.12719077,-0.15132286,-0.2613474,-0.22333384,-0.18944779,-0.20047067,-0.14595896,-0.14944112,-0.1308623,-0.14300472,-0.15127239,-0.1645417,-0.14694697,-0.16278498,-0.15941124,-0.14998752,-0.14741746,-0.15732346,-0.15351757,-0.22480208,1.5557089,-0.1415593,-0.11819519,-0.16137633,-0.17456001,-0.15587248,-0.168565,-0.11139822,-0.1388583,-0.13027036,-0.12871611,-0.15152657,-0.14258334,-0.115209326,-0.10065024,-0.09002313,-0.105198815,-0.12041481,-0.13503796,-0.15027548,-0.16056032,-0.1185138,-0.11129953,-0.1578567,-0.17738779,-0.13393606,-0.16457988,-0.25953975,-0.14871603,-0.1325894,-0.14185598,-0.15095688,-0.17780018,-0.16368143,-0.22917573,-0.09015879,-0.109739654,-0.13479479,-0.12973166,-0.13997786,-0.17397714,-0.13908121,-0.16057305,-0.12777606,-0.07092635,-0.03704006,-0.13695264,-0.16250554,-0.17918412,-0.14332479,-0.12334781,-0.13564469,-0.12023825,-0.13857599,-0.25318068,-0.26654312,-0.08305152,-0.10945694,-0.14474797,-0.09238048,-0.18804127,-0.19078532,-0.15283495,-0.08983253,-0.13230102,-0.14961827,-0.15045461,-0.15925343,-0.17094491,-0.18444452,-0.0874114,-0.12358168,-0.14117855,-0.10256614,-0.17951453,-0.19495486,-0.19181615,-0.09990838,-0.13113372,-0.0796105,-0.12797678,-0.19006202,-0.19399384,-0.19217226,-0.12326346,-0.07483797,-0.09682934,-0.118370146,-0.13653249,-0.12406494,-0.121451,-0.09413731,-0.09617616,-0.10817383,-0.082459606,-0.1126837,-0.13225234,-0.1672802,-0.1410757,-0.13625325,-0.18093297,-0.17825818,-0.19476643,-0.14482607,-0.15549555,-0.13553856,-0.119081676,-0.14001076,-0.19117098,-0.19155964,-0.18186156,-0.19755594,-0.25103784,-0.20219928,-0.19044092,-0.19156775,-0.1829155,-0.17418794,-0.27554205,-0.08916744,-0.11956477,-0.12770116,-0.15751183,-0.20931396,-0.18224281,-0.29657933,-0.32474133,-0.1511213,-0.3242122,-0.17325558,-0.17108874,-0.2185038,-0.17647925,-0.114121355,-0.13984857,-0.15388772,-0.15788373,-0.22984435,-0.18186735,-0.2578352,-0.104158826,-0.12455491,-0.13854522,-0.12413881,-0.15189947,-0.15535286,-0.15637098,-0.14014931,-0.15141064,-0.16358364,-0.15544479,-0.15378422,-0.15325078,-0.1337719,-0.12302537,-0.14642036,-0.19112612,-0.17728429,-0.21025829,-0.3990198,-0.20239216,-0.11317839,-0.1296617,-0.11844757,-0.14819127,-0.16636807,-0.18716714,-0.19213365,-0.13136998,-0.07642017,-0.15346,-0.13983062,-0.14106366,-0.11762492,-0.19987361,-0.1649412,-0.15862414,-0.14158678,-0.123525284,-0.12722544,-0.14610182,-0.2588673,-0.10695022,-0.13074079,-0.09132757,-0.12832497,-0.12923583,-0.14988512,-0.15190631,-0.09589877,-0.08910369,-0.12427365,-0.110368624,-0.13779943,-0.15097763,-0.17070368,-0.14307645,-0.116159365,-0.17423648,-0.15202954,-0.14240348,-0.1254174,-0.14200088,-0.17466888,-0.13176009,-0.13231851,-0.14589839,-0.12279311,-0.08722703,-0.05825615,-0.14351924,-0.17082691,-0.026243303,-0.16604964,-0.2829064,-0.31316653,-0.19868596,-0.14576633,-0.14331596,-0.14862512,-0.12963767,-0.25088155,-0.194397,-0.18914509,-0.09437665,-0.10908219,-0.10702289,-0.09387485,-0.12759323,-0.1529295,-0.15746465,-0.16723959,-0.12812386,-0.0969081,-0.16398169,-0.14377843,-0.11335766,-0.18846886,-0.1706479,-0.15401992,-0.12577724,-0.115196005,-0.1128584,-0.11662802,-0.17624134,-0.13853963,-0.13443705,-0.096878245,-0.12098386,-0.09137608,-0.12434345,-0.13564515,-0.063823454,-0.13877153,-0.11419349,-0.13378777,-0.24483351,-0.2571875,-0.29957527,-0.1463438,-0.15705414,-0.13248807,-0.19104545,-0.0782174,-0.17281167,-0.16454715,-0.09859173,-0.11065883,-0.114286155,-0.076612435,-0.083404,-0.1213824,-0.13072303,-0.13855581,-0.19385117,-0.0990092,-0.1559957,-0.19487974,-0.19160923,-0.18743733,-0.11100514,-0.14292741,-0.10284352,-0.15974869,-0.1948138,-0.1733124,-0.1694982,-0.14283893,-0.14251831,-0.10147561,-0.15349697,-0.16169342,-0.1812614,-0.19562533,-0.121172845,-0.14740263,-0.113457814,-0.07971735,-0.14339167,-0.20725825,-0.16090837,-0.125103,-0.15657571,-0.15690626,-0.14354773,-0.19202894,-0.162862,-0.18255475,-0.2963242,-0.19809155,-0.1816098,-0.17180645,-0.19348702,-0.15763554,-0.14054683,-0.13032082,-0.12557748,-0.13836828,-0.1634808,-0.30584824,-0.16716245,-0.18187523,-0.19302882,-0.11441202,-0.15087278,-0.14048176,-0.17835514,-0.16731134,-0.1647166,-0.14331086,-0.18237996,-0.12823561,-0.15363511,-0.1379695,-0.24156228,-0.17944437,-0.10293198,-0.13510397,-0.14217162,-0.17493477,-0.110041395,-0.13463564,-0.15260452,-0.16002825,-0.18210644,-0.15459913,-0.14955404,-0.19184028,-0.17579734,-0.16437365,-0.14723541,-0.14623587,-0.11499533,-0.10471026,-0.13517651,-0.20148799,-0.17740196,-0.12513243,-0.16544253,-0.18041904,-0.18738703,-0.11705899,-0.17709613,-0.26042038,-0.09210945,-0.09182463,-0.11458435,-0.1360555,-0.1482043,-0.09824619,-0.18966109
k__Bacteria|p__Firmicutes|c__Bacilli|o__Lactobacillales|f__Streptococcaceae|g__Streptococcus|s__Streptococcus_gallolyticus,-0.1004395,-0.12316422,-0.14192446,-0.20428483,-0.16645266,-0.19425422,-0.1666669,-0.14490515,-0.12471084,-0.1837683,-0.18322915,-0.22690588,-0.17041297,-0.20453309,-0.10259549,-0.09867801,-0.058144663,-0.099230595,-0.10728225,-0.17136922,-0.1978925,-0.12536043,-0.1362035,-0.15231234,-0.17168778,-0.11658599,-0.16737598,-0.17409833,-0.1509206,-0.12124001,-0.13494706,-0.105167285,-0.14852872,-0.19620812,-0.1899041,-0.2175087,-0.16052766,-0.22338755,-0.19737373,-0.29867563,-0.29210672,-0.19927856,-0.10669499,-0.09162698,-0.13691942,-0.1551267,-0.23188588,-0.1942212,-0.14663503,-0.2026537,-0.18288678,-0.18279888,-0.19721487,-0.1996027,-0.20533615,-0.15842578,-0.1255635,-0.14385863,-0.09165321,-0.09515401,-0.17143685,-0.14244,-0.13743341,-0.14695093,-0.12719077,-0.15149623,-0.2613474,-0.22333384,-0.18874899,-0.20047067,-0.14568129,-0.14911625,-0.13068488,-0.1428738,-0.15112516,-0.16396719,-0.14670575,-0.16278498,-0.15884197,-0.14998752,-0.14706495,-0.15717554,-0.15349725,-0.22480208,-0.120334074,-0.14156875,-0.11816156,-0.16111155,-0.17427501,-0.15576997,-0.16846849,-0.11139822,-0.1388583,-0.13027036,-0.12858525,-0.15152657,-0.1424728,-0.115055084,-0.10065024,-0.089869514,-0.10520497,-0.120326385,-0.13504946,-0.15027548,-0.16040854,-0.1185138,-0.11129953,-0.1578567,-0.17738779,-0.1335957,-0.16442181,-0.25953975,-0.1486663,-0.13247956,-0.1417672,-0.15095688,-0.17780018,-0.16392764,-0.22917573,-0.09015879,-0.10980051,-0.13466495,-0.12955697,-0.13997786,-0.17396012,-0.13908121,-0.16057305,-0.12777606,-0.07092635,-0.03704006,-0.13717729,-0.16249707,-0.17912738,-0.14332479,-0.12334781,-0.13547355,-0.12023825,-0.13842484,-0.25318068,-0.26654312,-0.08273887,-0.10945694,-0.14467038,-0.09238048,-0.18839255,-0.1905722,-0.15308946,-0.089697964,-0.13230102,-0.14968996,-0.15035552,-0.15905201,-0.17073517,-0.18424127,-0.087273166,-0.12358059,-0.14077167,-0.10256614,-0.17951453,-0.19495486,-0.19171825,-0.09970128,-0.13113372,-0.07938306,-0.12824842,-0.19006202,-0.1935486,-0.19218072,-0.123226024,-0.07424556,-0.096612625,-0.11836249,-0.13657823,-0.12406494,-0.121451,-0.09399311,-0.096232235,-0.108161815,-0.082459606,-0.11269395,-0.13236707,-0.16734236,-0.1410757,-0.13622344,-0.18093297,-0.17825818,-0.19473442,-0.14499418,-0.15549555,-0.13551724,-0.119081676,-0.14001076,-0.19117098,-0.19129737,-0.18145499,-0.19755594,-0.25103784,-0.20219928,-0.19041824,-0.19128376,-0.182973,-0.1743815,-0.27554205,-0.08916744,-0.11956477,-0.12781186,-0.15751183,-0.20931396,-0.18224281,-0.29657933,-0.32474133,-0.15508622,-0.3242122,-0.17325558,-0.17108874,-0.2185038,-0.17647925,-0.114121355,-0.13966784,-0.15388772,-0.15788373,-0.22984435,-0.18186735,-0.2580122,-0.10397793,-0.12455491,-0.13840593,-0.124037534,-0.15189947,-0.1552788,-0.15629342,-0.14014931,-0.15141064,-0.16321725,-0.15516719,-0.15356305,-0.15323484,-0.1338709,-0.12276094,-0.14623484,-0.19055992,-0.17748609,-0.21025829,-0.3990198,-0.20609811,-0.11314261,-0.1296617,-0.11840139,-0.14820269,-0.16636807,-0.18689942,-0.19198841,-0.13150069,-0.075879514,-0.15342343,-0.13970649,-0.14106366,-0.11823134,-0.19987361,-0.1649412,-0.1584545,-0.14172715,-0.12332791,-0.12722544,-0.14610182,-0.2588673,-0.10705481,-0.13074079,-0.09132757,-0.12832497,-0.129105,-0.14980084,-0.15177718,-0.095714174,-0.08910369,-0.12427343,-0.1102034,-0.13797294,-0.1508973,-0.1707626,-0.14289099,-0.116077535,-0.17419827,-0.15193547,-0.14241412,-0.12520069,-0.14226298,-0.17466888,-0.13176009,-0.13227308,-0.1457405,-0.12267843,-0.08722703,-0.05825615,-0.1436065,-0.17082691,-0.026243303,-0.1668876,-0.2829064,-0.31316653,-0.20036872,-0.14571819,-0.14331596,-0.14862512,-0.12963767,-0.25088155,-0.19407162,-0.18901922,-0.094251096,-0.108853534,-0.10702289,-0.093629345,-0.12759323,-0.15341625,-0.15746465,-0.1670805,-0.12812386,-0.0969081,-0.16398169,-0.14366415,-0.11335766,-0.18846886,-0.1706479,-0.15384516,-0.12544715,-0.115196005,-0.11284827,-0.11662802,-0.17630151,-0.138422,-0.13421139,-0.096878245,-0.12090404,-0.09128553,-0.12434345,-0.1356976,-0.063823454,-0.13877153,-0.11419349,-0.13391024,-0.24483351,-0.2571875,-0.29957527,-0.14623159,-0.15676811,-0.13228564,-0.19104545,-0.0782174,-0.17278224,-0.1643392,4.3632097,7.4572845,-0.11426926,8.485132,-0.083404,-0.1213824,-0.13072303,-0.13855581,-0.19385117,-0.09858315,-0.15587524,-0.19487974,-0.1913147,-0.18737203,-0.11094712,-0.14278275,-0.102620125,-0.15934503,-0.1945952,-0.17368267,-0.16920716,-0.14278601,-0.14245495,-0.101440474,-0.15353253,-0.1615411,-0.18122876,-0.19560428,-0.12109734,-0.14733323,-0.11328778,-0.07932016,-0.1436646,-0.20725825,-0.16064544,-0.125103,-0.15657571,-0.15690626,-0.14353818,-0.19202894,-0.16268995,-0.18234548,-0.2963242,-0.19850698,-0.18164307,-0.17172098,-0.19354004,-0.15777779,-0.14054683,-0.13023421,-0.12557748,-0.13835013,-0.16355738,-0.30584824,-0.16682549,-0.18120004,-0.19287962,-0.11441202,-0.15093172,-0.14053676,-0.17838386,-0.16696441,-0.16468324,-0.14331086,-0.18237996,-0.12811582,-0.15343724,-0.13803203,-0.24156228,-0.17939016,-0.10277468,-0.13504958,-0.14196466,-0.17468712,-0.10993411,-0.13459468,-0.15236264,-0.15988399,-0.18171863,-0.15440656,-0.14925933,-0.19184028,-0.17557594,-0.16414672,-0.14723541,-0.14623587,-0.11499533,-0.10471026,-0.13550454,-0.20148799,-0.17719924,-0.12513243,-0.16525453,-0.18041904,-0.18738703,-0.11705899,-0.17691594,-0.25993302,-0.09197243,-0.09168418,-0.11451761,-0.13611507,-0.14807148,-0.09821966,-0.18950237
k__Bacteria|p__Firmicutes|c__Clostridia|o__Eubacteriales|f__Lachnospiraceae|g__Anaerosporobacter|s__Anaerosporobacter_mobilis,-0.1004395,-0.12316422,-0.14139962,-0.20428483,-0.16666406,-0.19425827,-0.1666669,-0.14538121,-0.12459846,-0.18415996,-0.18285225,-0.22418687,-0.17049053,-0.20566009,-0.10309857,-0.098982856,-0.058144663,-0.09999384,-0.10744396,-0.1714297,-0.1978925,4.34441,-0.13650405,-0.15286517,-0.17196903,-0.11658599,-0.16761255,-0.17463054,-0.1509206,-0.12124001,-0.13514718,-0.105283216,-0.14843181,-0.19634067,-0.19020873,-0.2175087,-0.160065,-0.22338755,-0.19723743,-0.29867563,-0.29210672,-0.19969243,-0.10747455,-0.09162698,-0.13691942,-0.1550703,-0.23188588,-0.19441499,-0.1470052,-0.2026537,-0.18294537,-0.18279888,-0.19672593,-0.19829553,-0.20424356,-0.15987676,-0.125916,-0.14431688,-0.09211505,-0.095486164,-0.17193314,-0.14282364,-0.13743341,-0.147221,-0.12719077,-0.15166083,-0.2613474,-0.22333384,-0.18927656,-0.20047067,-0.14629452,-0.14950487,-0.13078102,-0.14302175,-0.15200162,-0.16462925,-0.14726588,-0.16278498,-0.15882614,-0.14998752,-0.14733368,-0.15711516,-0.15362942,-0.22480208,-0.120334074,-0.14179768,-0.11820802,-0.16187489,-0.17471564,-0.15542376,-0.16862692,-0.11139822,-0.1388583,-0.13027036,-0.12908244,-0.15152657,-0.14265111,-0.11541297,-0.10065024,-0.090071425,-0.105795935,-0.12089442,-0.13550375,-0.15027548,-0.16091835,-0.1185138,-0.11129953,-0.1578567,-0.17738779,-0.1338503,-0.1634265,-0.25953975,-0.14877766,-0.13231574,-0.14168635,-0.15095688,-0.17780018,-0.16372809,-0.22917573,-0.09015879,-0.10981842,-0.13476208,-0.12973675,-0.13997786,-0.17391312,-0.13908121,-0.16057305,-0.12777606,-0.07092635,-0.03704006,-0.13744658,-0.16293794,-0.17935123,-0.14332479,-0.12334781,-0.13590772,-0.12023825,-0.13871661,-0.25318068,-0.26654312,-0.083417095,-0.10945694,-0.14540693,-0.09238048,-0.18852478,-0.19059193,-0.15311366,-0.090248674,-0.13230102,-0.14972432,-0.15040497,-0.15922168,-0.17087953,-0.18510997,-0.08758433,-0.12389343,-0.14126503,-0.10256614,-0.17951453,-0.19495486,-0.19218361,-0.10014217,-0.13113372,-0.07945732,-0.12854873,-0.19006202,-0.19393957,-0.19235536,-0.12390574,-0.07494641,-0.09720523,-0.1184936,-0.13684826,-0.12406494,-0.121451,-0.09444834,-0.09666885,-0.1086788,-0.082459606,-0.11322975,-0.13303185,-0.16804895,-0.1410757,-0.13605508,-0.18093297,-0.17825818,-0.19468392,-0.14509967,-0.15549555,-0.13579792,-0.119081676,-0.14001076,-0.19117098,-0.19142792,-0.181132,-0.19755594,-0.25103784,-0.20219928,-0.19042881,-0.19096029,-0.18293083,-0.17405295,-0.27554205,-0.08916744,-0.11956477,-0.12782994,-0.15751183,-0.20931396,-0.18224281,-0.29657933,-0.32474133,-0.15172306,-0.3242122,-0.17325558,-0.17108874,-0.2185038,-0.17647925,-0.114121355,-0.13956335,-0.15388772,-0.15788373,-0.22984435,-0.18186735,-0.2567039,-0.10434332,-0.12455491,-0.13870704,-0.124424666,-0.15189947,-0.15604138,-0.15706676,-0.14014931,-0.15141064,-0.16379756,-0.15519032,-0.15381098,-0.1531448,-0.13405828,-0.12295166,-0.14615315,-0.19090405,-0.17724493,-0.21025829,-0.3990198,-0.20462373,-0.113673985,-0.1296617,-0.118938476,-0.14829284,-0.16636807,-0.18777314,-0.19216901,-0.13152272,-0.07646778,-0.15394019,-0.1400106,-0.14106366,-0.118204944,-0.19987361,-0.1649412,-0.1582179,-0.14145702,-0.12363511,-0.12722544,-0.14610182,-0.2588673,-0.10729982,-0.13074079,-0.09132757,-0.12832497,-0.12960194,-0.15001565,-0.15252517,-0.096326225,-0.08910369,-0.12465656,-0.110581666,-0.13814147,-0.15108396,-0.17113087,-0.14318317,-0.11621702,-0.1745438,-0.15208122,-0.14276841,-0.12531476,-0.1427686,-0.17466888,-0.13176009,-0.132471,-0.14609818,-0.12314885,-0.08722703,-0.05825615,-0.14383554,-0.17082691,-0.026243303,-0.16664997,-0.2829064,-0.31316653,-0.19931072,-0.14597252,-0.14331596,-0.14862512,-0.12963767,-0.25088155,-0.19448207,-0.18940729,-0.094545916,-0.10944396,-0.10702289,-0.094298914,-0.12759323,-0.15330367,-0.15746465,-0.16725826,-0.12812386,-0.0969081,-0.16398169,-0.14448592,-0.11335766,-0.18846886,-0.1706479,-0.15383798,-0.125781,-0.115196005,-0.11303235,-0.11662802,-0.17710899,-0.13875774,-0.13487132,-0.096878245,-0.121268645,-0.09194076,-0.12434345,-0.13615817,-0.063823454,-0.13877153,-0.11419349,-0.13400021,-0.24483351,-0.2571875,-0.29957527,-0.146485,-0.15701061,-0.13240273,-0.19104545,-0.0782174,-0.1730626,-0.16452968,-0.09859173,-0.11065883,-0.1148507,-0.076612435,-0.083404,-0.1213824,-0.13072303,-0.13855581,-0.19385117,-0.09912475,-0.15592326,-0.19487974,-0.19121408,-0.18741342,-0.111383215,-0.1431998,-0.10333562,-0.16014448,-0.1944138,-0.17411034,-0.16931668,-0.14304724,-0.14278424,-0.101155795,-0.15365364,-0.1616416,-0.18105605,-0.1955958,-0.12161832,-0.14802831,-0.113747,-0.079844356,-0.14311376,-0.20725825,-0.16107845,-0.125103,-0.15657571,-0.15690626,-0.14360085,-0.19202894,-0.16273826,-0.1828269,-0.2963242,-0.19697165,-0.18099388,-0.17180839,-0.19337167,-0.15761188,-0.14054683,-0.13053614,-0.12557748,-0.13862225,-0.16309728,-0.30584824,-0.16629526,-0.18179078,-0.19282812,-0.11441202,-0.1512514,-0.14080378,-0.17835823,-0.16711795,-0.16513729,-0.14331086,-0.18237996,-0.12791693,-0.15323384,-0.13700539,-0.24156228,-0.17966756,-0.103214346,-0.1350632,-0.14239821,-0.17530935,-0.11017294,-0.1347323,-0.15311551,-0.16048855,-0.18158123,-0.15497383,-0.14964661,-0.19184028,-0.17562833,-0.16484465,-0.14723541,-0.14623587,-0.11499533,-0.10471026,-0.1354966,-0.20148799,-0.17776522,-0.12513243,-0.16522628,-0.18041904,-0.18738703,-0.11705899,-0.17790851,-0.26023036,-0.092497915,-0.092226155,-0.1147084,-0.13643655,-0.1483517,-0.0983577,-0.19002289
k__Bacteria|p__Firmicutes|c__Bacilli|o__Lactobacillales|f__Enterococcaceae|g__Enterococcus|s__Enterococcus_cecorum,-0.1004395,-0.12316422,-0.14146775,-0.20428483,-0.16713402,-0.19340712,-0.1666669,-0.14534295,-0.12493558,-0.18419202,-0.18381543,-0.22423826,-0.1684539,-0.20445268,-0.10272287,-0.098509625,-0.058144663,-0.099652916,-0.10753248,-0.17097068,-0.1978925,-0.12536043,-0.1365462,-0.15273455,-0.17162743,-0.11658599,-0.16784771,-0.17418903,-0.1509206,-0.12124001,-0.13519073,-0.10535474,-0.14849511,-0.19582918,-0.18933333,-0.2175087,-0.16068882,-0.22338755,-0.19683045,-0.29867563,-0.29210672,-0.19794737,-0.10678319,-0.09162698,-0.13691942,-0.15507701,-0.23188588,-0.19379815,-0.14648099,-0.2026537,-0.18412177,-0.18279888,-0.19769028,-0.19847216,-0.20335624,-0.15748483,-0.12567785,-0.14379057,-0.09200056,-0.095353566,-0.17167723,-0.14258397,-0.13743341,-0.14703864,2.1659644,-0.15114325,-0.2613474,-0.22333384,-0.18898845,-0.20047067,-0.14587831,-0.14942628,-0.13068128,-0.14290614,-0.1510908,-0.16449587,-0.14675899,-0.16278498,-0.15945062,-0.14998752,-0.14752373,-0.15720925,-0.15342833,-0.22480208,-0.120334074,-0.14158398,-0.118258014,-0.16132359,-0.17437923,-0.15570065,-0.16850886,-0.11139822,-0.1388583,-0.13027036,-0.12870303,-0.15152657,-0.14289276,-0.115361705,-0.10065024,-0.09021872,-0.10524515,-0.12031299,-0.13500625,-0.15027548,-0.16059451,-0.1185138,-0.11129953,-0.1578567,-0.17738779,-0.13345194,-0.16397277,-0.25953975,-0.14872815,-0.13265157,-0.14172421,-0.15095688,-0.17780018,-0.16327465,-0.22917573,-0.09015879,-0.11010502,-0.13483545,-0.12968165,-0.13997786,-0.17391582,-0.13908121,-0.16057305,-0.12777606,-0.07092635,-0.03704006,-0.1371257,-0.16239205,-0.17913473,-0.14332479,-0.12334781,-0.13574238,-0.12023825,-0.13857698,-0.25318068,-0.26654312,-0.08317971,-0.10945694,-0.14461192,-0.09238048,-0.18802944,-0.19066137,-0.15305038,-0.08994469,-0.13230102,-0.14968199,-0.15044844,-0.15913495,-0.17075202,-0.18401971,-0.08747341,-0.123508155,-0.14116758,-0.10256614,-0.17951453,-0.19495486,-0.19119115,-0.09991233,-0.13113372,-0.079224154,-0.12775773,-0.19006202,-0.19358934,-0.19177425,-0.12338583,-0.07491681,-0.096727945,-0.118293345,-0.13664784,-0.12406494,-0.121451,-0.09413281,-0.096213445,-0.10823092,-0.082459606,-0.11266547,-0.13234195,-0.1672284,-0.1410757,-0.13637084,-0.18093297,-0.17825818,-0.19417016,-0.14460385,-0.15549555,-0.13537273,-0.119081676,-0.14001076,-0.19117098,-0.19113359,-0.18155998,-0.19755594,-0.25103784,-0.20219928,-0.19037548,-0.1913903,-0.18271291,-0.17393468,-0.27554205,-0.08916744,-0.11956477,-0.12796295,-0.15751183,-0.20931396,-0.18224281,-0.29657933,-0.32474133,-0.15184112,-0.3242122,-0.17325558,-0.17108874,-0.2185038,-0.17647925,-0.114121355,-0.13998862,-0.15388772,-0.15788373,-0.22984435,-0.18186735,-0.2548976,-0.10417198,-0.12455491,-0.13869375,-0.12417431,-0.15189947,-0.15537526,-0.15632552,-0.14014931,-0.15141064,-0.16349453,-0.15544584,-0.15371603,-0.1531318,-0.13373879,-0.12312646,-0.14652303,-0.19104953,-0.17722212,-0.21025829,-0.3990198,-0.20112285,-0.113225125,-0.1296617,-0.118325114,-0.1482105,-0.16636807,-0.1869916,-0.191724,-0.13155255,-0.07633807,-0.15319724,-0.13984832,-0.14106366,-0.11804679,-0.19987361,-0.1649412,-0.15876979,-0.14141023,-0.123595074,-0.12722544,-0.14610182,-0.2588673,-0.10696578,-0.13074079,-0.09132757,-0.12832497,-0.12936026,-0.15007398,-0.15195547,-0.09597716,-0.08910369,-0.124253504,-0.11042835,-0.13781232,-0.15101135,-0.17042372,-0.14301428,-0.116407394,-0.17418014,-0.15207624,-0.14251623,-0.12538913,-0.14204705,-0.17466888,-0.13176009,-0.13218859,-0.14590797,-0.12274784,-0.08722703,-0.05825615,-0.14357659,-0.17082691,-0.026243303,-0.16573215,-0.2829064,-0.31316653,-0.19765,-0.14575195,-0.14331596,-0.14862512,-0.12963767,-0.25088155,-0.19373131,-0.18863854,-0.09452449,-0.10906003,-0.10702289,-0.0936251,-0.12759323,-0.15299734,-0.15746465,-0.16714033,-0.12812386,-0.0969081,-0.16398169,-0.14386968,-0.11335766,-0.18846886,-0.1706479,-0.15398058,-0.12567961,-0.115196005,-0.1127138,-0.11662802,-0.17615658,-0.13851249,-0.13434993,-0.096878245,-0.12088874,-0.09152117,-0.12434345,-0.13600673,-0.063823454,-0.13877153,-0.11419349,-0.1338458,-0.24483351,-0.2571875,-0.29957527,-0.14619763,-0.15698284,-0.13221553,-0.19104545,-0.0782174,-0.17222917,-0.16456294,-0.09859173,-0.11065883,-0.11467789,-0.076612435,-0.083404,-0.1213824,-0.13072303,-0.13855581,-0.19385117,-0.09874603,-0.15563819,-0.19487974,-0.19131628,-0.18700983,-0.111056134,-0.14314632,-0.102767125,-0.15951768,-0.19417581,-0.17289487,-0.16934854,-0.14284658,-0.14242247,-0.101479426,-0.15345347,-0.16171679,-0.18111971,-0.19517022,-0.12114158,-0.14739515,-0.11357404,-0.07978621,-0.14297539,-0.20725825,-0.16079675,-0.125103,-0.15657571,-0.15690626,-0.14348787,-0.19202894,-0.16272354,-0.1823224,-0.2963242,-0.19696072,-0.18133703,-0.17201538,-0.1931686,-0.1575696,-0.14054683,-0.13026439,-0.12557748,-0.1382296,-0.16306779,-0.30584824,-0.16707054,-0.18156815,-0.19283089,-0.11441202,-0.15088226,-0.14055663,-0.17818603,-0.1671024,-0.16457939,-0.14331086,-0.18237996,-0.12800539,-0.15355645,-0.137395,-0.24156228,-0.1793805,-0.10296962,-0.13527521,-0.14207701,-0.17467743,-0.11015111,-0.1346167,-0.15262894,-0.15997975,-0.18208456,-0.1542857,-0.14921992,-0.19184028,-0.17553936,-0.16434,-0.14723541,-0.14623587,-0.11499533,-0.10471026,-0.13506581,-0.20148799,-0.17722788,-0.12513243,-0.16580659,-0.18041904,-0.18738703,-0.11705899,-0.17668712,-0.25887245,-0.09210643,-0.09194483,-0.11456881,-0.13598286,-0.14806789,-0.09825869,-0.18932804
k__Bacteria|p__Firmicutes|c__Clostridia|o__Eubacteriales|f__Oscillospiraceae|g__Fournierella|s__Fournierella_massiliensis,-0.1004395,-0.12316422,-0.14135784,-0.20428483,-0.1669688,-0.19384868,-0.1666669,-0.14527884,-0.124918476,-0.18377802,-0.18346938,-0.22422409,-0.16872296,-0.2052804,-0.10312559,-0.09909271,-0.058144663,-0.09976751,-0.10757415,-0.17098977,-0.1978925,-0.12536043,-0.1364118,-0.15262339,-0.17157537,-0.11658599,-0.16766056,-0.17428087,-0.1509206,-0.12124001,-0.13533375,-0.10551241,-0.1485264,-0.19574112,-0.1895126,-0.2175087,-0.16068354,-0.22338755,-0.19706863,-0.29867563,-0.29210672,-0.19849665,-0.107309915,-0.09162698,-0.13691942,-0.15491015,-0.23188588,-0.19392738,-0.14687717,-0.2026537,-0.18384832,-0.18279888,-0.19721527,-0.19804397,-0.2027467,-0.15779416,-0.12578556,-0.14397842,-0.09219964,-0.09542453,-0.17160445,-0.14255765,-0.13743341,-0.14710215,-0.12719077,-0.15135357,-0.2613474,-0.22333384,-0.18902487,-0.20047067,-0.1459582,-0.14941578,-0.13080329,-0.14273566,-0.15101942,-0.1642741,-0.14699619,-0.16278498,-0.1594646,-0.14998752,-0.14729449,-0.15714079,-0.15341085,-0.22480208,-0.120334074,-0.14161092,-0.118161306,-0.16129005,-0.17428112,-0.1556538,-0.16843048,-0.11139822,-0.1388583,-0.13027036,-0.12875839,-0.15152657,-0.14276415,-0.11546564,-0.10065024,-0.09021662,-0.10539938,-0.12053415,-0.13510306,-0.15027548,-0.16066697,-0.1185138,-0.11129953,-0.1578567,-0.17738779,-0.13385208,-0.16366738,-0.25953975,-0.14877763,-0.13264973,-0.1415954,-0.15095688,-0.17780018,-0.1636751,-0.22917573,-0.09015879,-0.110061236,-0.13480777,-0.12965491,-0.13997786,-0.17386109,-0.13908121,-0.16057305,-0.12777606,-0.07092635,-0.03704006,-0.13716337,-0.16240221,-0.17913784,-0.14332479,-0.12334781,-0.13592255,-0.12023825,-0.1383496,-0.25318068,-0.26654312,-0.08345185,-0.10945694,-0.14483926,-0.09238048,-0.18806466,-0.19042188,-0.15305704,-0.09023345,-0.13230102,-0.14961153,-0.1503594,-0.15904607,-0.17066793,-0.18421033,-0.08773148,-0.12377633,-0.14137906,-0.10256614,-0.17951453,-0.19495486,-0.19143443,-0.10006139,-0.13113372,-0.07928421,-0.12758932,-0.19006202,-0.19354394,-0.19195275,-0.12363883,-0.075233,-0.09716074,-0.118348315,-0.13660413,-0.12406494,-0.121451,-0.09446384,-0.09650918,-0.10857465,-0.082459606,-0.112850994,-0.13242312,-0.16744459,-0.1410757,-0.1362508,-0.18093297,-0.17825818,-0.19432527,-0.14481324,-0.15549555,-0.13551772,-0.119081676,-0.14001076,-0.19117098,-0.19131118,-0.18157214,-0.19755594,-0.25103784,-0.20219928,-0.19054762,-0.19118467,-0.18265973,-0.17404866,-0.27554205,-0.08916744,-0.11956477,-0.12789416,-0.15751183,-0.20931396,-0.18224281,-0.29657933,-0.32474133,-0.15253195,-0.3242122,-0.17325558,-0.17108874,-0.2185038,-0.17647925,-0.114121355,-0.13989356,-0.15388772,-0.15788373,-0.22984435,-0.18186735,-0.25563288,-0.10434892,-0.12455491,-0.13860962,-0.12417247,-0.15189947,-0.15535143,-0.15660922,-0.14014931,-0.15141064,-0.16340342,-0.15530258,-0.15376064,-0.1531559,-0.13395298,-0.12300609,-0.14633815,-0.19055936,-0.17721865,-0.21025829,-0.3990198,-0.2027264,-0.11346651,-0.1296617,-0.118584305,-0.14793146,-0.16636807,-0.18709937,-0.19183755,-0.13169158,-0.07656045,-0.15329182,-0.13985252,-0.14106366,-0.11799043,-0.19987361,-0.1649412,-0.1587646,-0.14162803,-0.123526126,-0.12722544,-0.14610182,-0.2588673,-0.10720809,-0.13074079,-0.09132757,-0.12832497,-0.12926054,-0.1498946,-0.1521188,-0.096279144,-0.08910369,-0.12439795,-0.110426076,-0.13791828,-0.15093496,-0.17057964,-0.14305918,-0.11643602,-0.17414893,-0.15200593,-0.14252281,-0.12533477,-0.14225332,-0.17466888,-0.13176009,-0.13240525,-0.14584455,-0.12292495,-0.08722703,-0.05825615,-0.1435594,-0.17082691,-0.026243303,-0.16670512,-0.2829064,-0.31316653,-0.1985687,-0.14578371,-0.14331596,-0.14862512,2.4283426,-0.25088155,-0.19398692,-0.1889481,-0.09455547,-0.1093373,-0.10702289,-0.09368661,-0.12759323,-0.15304652,-0.15746465,-0.16712284,-0.12812386,-0.0969081,-0.16398169,-0.1438655,-0.11335766,-0.18846886,-0.1706479,-0.1540279,-0.12588353,-0.115196005,-0.11284205,-0.11662802,-0.17645483,-0.1385716,-0.13455729,-0.096878245,-0.12107075,-0.091650076,-0.12434345,-0.13607627,-0.063823454,-0.13877153,-0.11419349,-0.13380241,-0.24483351,-0.2571875,-0.29957527,-0.14630198,-0.15691236,-0.1321896,-0.19104545,-0.0782174,-0.17284474,-0.16438517,-0.09859173,-0.11065883,-0.11480795,-0.076612435,-0.083404,-0.1213824,-0.13072303,-0.13855581,-0.19385117,-0.099081874,-0.15567774,-0.19487974,-0.19125521,-0.18709968,-0.11125761,-0.14321831,-0.10308163,-0.15954152,-0.19406353,-0.17323364,-0.16914001,-0.14290525,-0.14262933,-0.101570815,-0.15333329,-0.16151845,-0.18113151,-0.19519868,-0.121287376,-0.14753231,-0.11385619,-0.079958335,-0.14276625,-0.20725825,-0.1611298,-0.125103,-0.15657571,-0.15690626,-0.14364448,-0.19202894,-0.16271532,-0.18241128,-0.2963242,-0.1979735,-0.18105817,-0.17157719,-0.19321229,-0.1574458,-0.14054683,-0.13042292,-0.12557748,-0.13841787,-0.1633136,-0.30584824,-0.16711786,-0.18142267,-0.1927789,-0.11441202,-0.15068358,-0.14055935,-0.17819646,-0.1669852,-0.16475902,-0.14331086,-0.18237996,-0.12832235,-0.15346286,-0.13707268,-0.24156228,-0.17986262,-0.10317265,-0.13522863,-0.1420676,-0.17471759,-0.110274985,-0.13464636,-0.15254116,-0.1601145,-0.18204796,-0.15441296,-0.1491004,-0.19184028,-0.17556266,-0.16452661,-0.14723541,-0.14623587,-0.11499533,-0.10471026,-0.13497527,-0.20148799,-0.17743254,-0.12513243,-0.16592234,-0.18041904,-0.18738703,-0.11705899,-0.17702977,-0.25911382,-0.092453256,-0.09220581,-0.114717126,-0.13604718,-0.14807862,-0.09836614,-0.18936476
k__Bacteria|p__Firmicutes|c__Clostridia|o__Eubacteriales|f__Clostridiaceae|g__GGB27106|s__GGB27106_SGB6188,-0.1004395,-0.12316422,-0.1415619,-0.20428483,-0.16681068,-0.19347824,-0.1666669,-0.14514083,-0.12467523,-0.1838721,-0.18344133,-0.22888388,-0.16889441,-0.20660982,-0.10292677,-0.09936296,-0.058144663,-0.09976005,-0.1075657,-0.17064469,-0.1978925,-0.12536043,-0.13633618,-0.15229695,-0.1715271,-0.11658599,-0.1673153,-0.17384304,-0.1509206,-0.12124001,-0.13488129,-0.105554625,-0.14818405,-0.19611725,-0.1890773,-0.2175087,-0.16057593,-0.22338755,-0.19708021,-0.29867563,-0.29210672,-0.19805382,-0.107058704,-0.09162698,-0.13691942,-0.1549409,-0.23188588,-0.19384834,-0.14639606,-0.2026537,-0.1836426,-0.18279888,-0.19781585,-0.19899303,-0.20420277,-0.15771937,-0.12561107,-0.14375633,-0.091951355,-0.095491156,-0.17129914,-0.1422334,-0.13743341,-0.14689139,-0.12719077,-0.15107602,-0.2613474,-0.22333384,-0.18867111,-0.20047067,-0.14574374,-0.14923336,-0.13066202,-0.14282212,-0.15081999,-0.1642232,-0.14642619,-0.16278498,-0.1595276,-0.14998752,-0.14703405,-0.1570892,-0.15315032,-0.22480208,-0.120334074,-0.14138436,-0.11820264,-0.16101523,-0.17405784,-0.1555212,-0.16802114,-0.11139822,-0.1388583,-0.13027036,-0.12842563,-0.15152657,-0.14223571,-0.115393095,-0.10065024,-0.09032491,-0.105333,-0.12039986,-0.13486071,-0.15027548,-0.16020542,-0.1185138,-0.11129953,-0.1578567,-0.17738779,-0.13389155,-0.16349712,-0.25953975,-0.14860547,-0.13252309,-0.14168094,-0.15095688,-0.17780018,-0.1634134,-0.22917573,-0.09015879,-0.10991058,-0.13459016,-0.12966916,-0.13997786,-0.17363131,-0.13908121,-0.16057305,-0.12777606,-0.07092635,-0.03704006,-0.13707308,-0.16187139,-0.17885575,-0.14332479,-0.12334781,-0.13553587,-0.12023825,-0.13815552,-0.25318068,-0.26654312,-0.08327699,-0.10945694,-0.14430273,-0.09238048,-0.18767357,-0.19034034,-0.15290436,-0.09008101,-0.13230102,-0.1493895,-0.15028968,-0.1590066,-0.17050649,-0.18359195,-0.08767276,-0.12379782,-0.14116165,-0.10256614,-0.17951453,-0.19495486,-0.19124375,-0.09989409,-0.13113372,-0.079652056,-0.12747304,-0.19006202,-0.193448,-0.19163221,-0.1232374,-0.07520814,-0.09708629,-0.11841042,-0.13643306,-0.12406494,-0.121451,-0.09444345,-0.09649634,-0.10829051,-0.082459606,-0.112806946,-0.13205871,-0.16699256,-0.1410757,-0.13617507,-0.18093297,-0.17825818,-0.19434723,-0.14445873,-0.15549555,-0.13529602,-0.119081676,-0.14001076,-0.19117098,-0.19142598,-0.18147793,-0.19755594,-0.25103784,-0.20219928,-0.18990482,-0.19109058,-0.18251476,-0.1737616,-0.27554205,-0.08916744,-0.11956477,-0.1274721,-0.15751183,-0.20931396,-0.18224281,-0.29657933,-0.32474133,-0.1520035,-0.3242122,-0.17325558,-0.17108874,-0.2185038,-0.17647925,-0.114121355,-0.13981014,-0.15388772,-0.15788373,-0.22984435,-0.18186735,-0.25782222,-0.104241654,-0.12455491,-0.1383591,-0.12392431,-0.15189947,-0.15499939,-0.1560521,-0.14014931,-0.15141064,-0.163052,-0.15516263,-0.15345964,-0.15288895,-0.13382506,-0.12282591,-0.14620072,-0.19047612,-0.17694607,-0.21025829,-0.3990198,-0.20317349,-0.113282755,-0.1296617,-0.11858339,-0.14771262,-0.16636807,-0.18660647,-0.19143659,-0.13128853,-0.07651676,-0.15288836,-0.13948134,-0.14106366,-0.11766876,-0.19987361,-0.1649412,-0.15848327,-0.14136425,-0.12345114,-0.12722544,-0.14610182,-0.2588673,-0.10699995,-0.13074079,-0.09132757,-0.12832497,-0.12899628,-0.14949092,-0.15169743,-0.096129335,-0.08910369,-0.1241198,-0.110282,-0.13771047,-0.15056783,-0.17026497,-0.1427273,-0.11607106,-0.17390059,-0.1516614,-0.142311,-0.12534681,-0.14190784,-0.17466888,-0.13176009,-0.13202967,-0.14573416,-0.12279343,-0.08722703,-0.05825615,-0.1432961,-0.17082691,-0.026243303,-0.16611065,-0.2829064,-0.31316653,-0.1984472,-0.14557981,-0.14331596,-0.14862512,-0.12963767,-0.25088155,-0.1940646,-0.1884225,-0.094301924,-0.10925322,-0.10702289,-0.09377707,-0.12759323,-0.15263431,-0.15746465,-0.16721231,-0.12812386,-0.0969081,-0.16398169,-0.14348805,-0.11335766,-0.18846886,-0.1706479,-0.15384328,-0.12568171,-0.115196005,-0.11277489,-0.11662802,-0.17600222,-0.13838464,-0.13436764,-0.096878245,-0.12110506,-0.09151967,-0.12434345,-0.13563582,-0.063823454,-0.13877153,-0.11419349,-0.13356951,-0.24483351,-0.2571875,-0.29957527,-0.1461207,-0.15683341,-0.13204265,-0.19104545,-0.0782174,-0.17235883,-0.16427615,-0.09859173,-0.11065883,-0.11432289,-0.076612435,-0.083404,-0.1213824,-0.13072303,-0.13855581,-0.19385117,-0.09901616,-0.15531331,-0.19487974,-0.19096035,-0.1868532,-0.11094257,-0.14303885,-0.102818266,-0.15924951,-0.19420664,-0.17285201,-0.1687339,-0.14267579,-0.14253497,-0.101556286,-0.15307763,-0.1615983,-0.18083817,-0.19524178,-0.12101745,-0.14729656,-0.11345485,-0.07988444,-0.14266828,-0.20725825,-0.16057546,-0.125103,-0.15657571,-0.15690626,-0.14352477,-0.19202894,-0.1622824,-0.18183601,-0.2963242,-0.19808216,-0.18106298,-0.1716591,-0.19309056,-0.1573768,-0.14054683,-0.13009769,-0.12557748,-0.13792011,-0.16278349,-0.30584824,-0.16661093,-0.18111253,-0.1927169,-0.11441202,-0.15031624,-0.14046192,-0.1779058,-0.16685368,-0.16441818,-0.14331086,-0.18237996,-0.12798339,-0.1533165,-0.13711646,-0.24156228,-0.17926648,-0.10304308,-0.13512985,-0.14192545,-0.17435716,-0.110038385,-0.13433664,-0.15222982,-0.16005684,-0.18192126,-0.15412843,-0.14890324,-0.19184028,-0.17513788,-0.16411693,-0.14723541,-0.14623587,-0.11499533,-0.10471026,-0.13476667,-0.20148799,-0.17685598,-0.12513243,-0.16588554,-0.18041904,-0.18738703,-0.11705899,-0.17655575,-0.25975424,-0.09233811,-0.09211999,-0.11452601,-0.13594085,-0.14792508,-0.09822768,-0.18893957
k__Bacteria|p__Firmicutes|c__Bacilli|o__Lactobacillales|f__Lactobacillaceae|g__Limosilactobacillus|s__Limosilactobacillus_mucosae,-0.1004395,-0.12316422,-0.14190477,-0.20428483,-0.16750872,-0.1938747,-0.1666669,-0.14524105,-0.12529194,-0.18418305,-0.1836332,-0.22045854,-0.16954108,-0.20364946,-0.102725685,-0.09864832,-0.058144663,-0.09930958,-0.1077237,-0.1712344,-0.1978925,-0.12536043,-0.13645965,-0.15247571,-0.17168587,-0.11658599,-0.16809765,-0.17410287,-0.1509206,-0.12124001,-0.13539438,-0.1055739,-0.14873165,-0.19579482,-0.18943769,-0.2175087,-0.16139445,-0.22338755,-0.19735843,-0.29867563,-0.29210672,-0.19808306,-0.10696596,-0.09162698,-0.13691942,-0.15535972,-0.23188588,-0.19428241,-0.14675885,-0.2026537,-0.18478367,-0.18279888,-0.19726342,-0.1977444,-0.20149216,-0.15767857,-0.12566689,-0.14385289,-0.09193129,-0.0953725,-0.1717678,-0.1423799,-0.13743341,-0.14709696,-0.12719077,-0.15186794,-0.2613474,-0.22333384,-0.1893293,-0.20047067,-0.14573537,-0.14942157,-0.13073221,-0.14277443,-0.15064569,-0.16406608,-0.14679497,-0.16278498,-0.15985405,-0.14998752,-0.14754075,-0.15743107,-0.15348548,-0.22480208,-0.120334074,-0.14172453,-0.11830989,-0.16125315,-0.1743117,-0.1558899,-0.16851068,-0.11139822,-0.1388583,-0.13027036,-0.12874565,-0.15152657,-0.14306557,-0.11528671,-0.10065024,-0.090196565,-0.105261475,-0.12040825,-0.13515997,-0.15027548,-0.16063038,-0.1185138,-0.11129953,-0.1578567,-0.17738779,-0.13328125,-0.16431761,-0.25953975,-0.14898251,-0.13283806,-0.14165112,-0.15095688,-0.17780018,-0.16415334,-0.22917573,-0.09015879,-0.110277474,-0.13485506,-0.12954824,-0.13997786,-0.1741825,-0.13908121,-0.16057305,-0.12777606,-0.07092635,-0.03704006,-0.13745995,-0.16248287,-0.17916036,-0.14332479,-0.12334781,-0.13610864,-0.12023825,-0.13836338,-0.25318068,-0.26654312,-0.08322343,-0.10945694,-0.1444949,-0.09238048,-0.18853891,-0.19061303,-0.15323213,-0.090082124,-0.13230102,-0.14988907,-0.15052587,-0.15916009,-0.1708744,-0.1839582,-0.087656185,-0.12349312,-0.14110124,-0.10256614,-0.17951453,-0.19495486,-0.19117191,-0.09986816,-0.13113372,-0.078712314,-0.12786756,-0.19006202,-0.19360283,-0.19198316,-0.123241365,-0.07503432,-0.096855804,-0.11837088,-0.13664094,-0.12406494,-0.121451,-0.09410512,-0.09634264,-0.10834727,-0.082459606,-0.11270621,-0.13242763,-0.1673186,-0.1410757,-0.13666017,-0.18093297,-0.17825818,-0.19444716,-0.14486432,-0.15549555,-0.13533562,-0.119081676,-0.14001076,-0.19117098,-0.19145468,-0.1818066,-0.19755594,-0.25103784,-0.20219928,-0.19105275,-0.19174284,-0.18297958,-0.17450604,-0.27554205,-0.08916744,-0.11956477,-0.1283519,-0.15751183,-0.20931396,-0.18224281,-0.29657933,-0.32474133,-0.15418994,-0.3242122,-0.17325558,-0.17108874,-0.2185038,-0.17647925,-0.114121355,-0.14028424,-0.15388772,-0.15788373,-0.22984435,-0.18186735,-0.25452924,-0.10418872,-0.12455491,-0.13875455,-0.124222405,-0.15189947,-0.15522553,-0.1562849,-0.14014931,-0.15141064,-0.16325846,-0.15561,-0.15371472,-0.15326892,-0.13390863,-0.123146795,-0.14676452,-0.19063562,-0.17717743,-0.21025829,-0.3990198,-0.20251441,-0.11333476,-0.1296617,-0.11825679,-0.14818126,-0.16636807,-0.18700917,-0.19207294,-0.13180423,-0.07643934,-0.1532265,-0.1400773,-0.14106366,-0.11787347,-0.19987361,-0.1649412,-0.1592392,-0.14157978,-0.12352423,-0.12722544,-0.14610182,-0.2588673,-0.10714109,-0.13074079,-0.09132757,-0.12832497,-0.1292206,-0.1501887,-0.15189895,-0.09596798,-0.08910369,-0.12428643,-0.11050844,-0.13805518,-0.15115076,-0.1704829,-0.14306054,-0.11665085,-0.17431132,-0.15215346,-0.14248928,-0.12538904,-0.14207098,-0.17466888,-0.13176009,-0.1323911,-0.14583024,-0.12267141,-0.08722703,-0.05825615,-0.14354949,-0.17082691,-0.026243303,-0.1670883,-0.2829064,-0.31316653,-0.19820759,-0.14583287,-0.14331596,-0.14862512,-0.12963767,-0.25088155,-0.19393866,-0.18883446,-0.09443727,-0.10913636,-0.10702289,-0.09308815,-0.12759323,-0.15333858,-0.15746465,-0.16721024,-0.12812386,-0.0969081,-0.16398169,-0.14366814,-0.11335766,-0.18846886,-0.1706479,-0.15416971,-0.12568095,-0.115196005,-0.11264996,-0.11662802,-0.17636426,-0.1384607,-0.13428393,-0.096878245,-0.12087923,-0.09147839,-0.12434345,-0.1360833,-0.063823454,-0.13877153,-0.11419349,-0.13397564,-0.24483351,-0.2571875,-0.29957527,-0.14630087,-0.1569817,-0.13218454,-0.19104545,-0.0782174,-0.1725936,-0.16443768,-0.09859173,-0.11065883,-0.114639446,-0.076612435,-0.083404,-0.1213824,-0.13072303,-0.13855581,-0.19385117,-0.098659605,-0.15596206,-0.19487974,-0.19165407,-0.18714924,-0.11118164,-0.14330807,-0.1028225,-0.15939838,-0.19440585,-0.1726509,-0.16951033,-0.14294834,-0.14251974,-0.10171829,-0.15348971,-0.16186912,-0.18147367,-0.19531381,-0.12119514,-0.14737993,-0.11385903,-0.0798572,-0.1429771,-0.20725825,-0.1611269,-0.125103,-0.15657571,-0.15690626,-0.14389613,-0.19202894,-0.16297665,-0.18235528,-0.2963242,-0.19864932,-0.18154447,-0.17228112,-0.19350973,-0.15764976,-0.14054683,-0.13038261,-0.12557748,-0.138391,-0.16377658,-0.30584824,-0.16730429,-0.18137161,-0.19328412,-0.11441202,-0.1508069,-0.14088812,-0.17846513,-0.1671012,-0.16479921,-0.14331086,-0.18237996,-0.12849855,-0.15366536,-0.13722757,-0.24156228,-0.18031189,-0.10303202,-0.13555458,-0.14194532,-0.17467144,-0.11037984,-0.13477072,-0.15234229,-0.16002753,-0.18252677,-0.15410563,-0.1492284,-0.19184028,-0.17585549,-0.16424653,-0.14723541,-0.14623587,-0.11499533,-0.10471026,-0.13519916,-0.20148799,-0.17737502,-0.12513243,-0.16665554,-0.18041904,-0.18738703,-0.11705899,-0.1763324,-0.25932488,-0.09221505,-0.092001766,-0.114819735,-0.13599825,-0.14802608,-0.09839097,-0.18945
k__Bacteria|p__Firmicutes|c__Bacilli|o__Lactobacillales|f__Carnobacteriaceae|g__Granulicatella|s__Granulicatella_adiacens,-0.1004395,-0.12316422,-0.14184625,-0.20428483,-0.16738634,-0.19339865,-0.1666669,-0.14518964,-0.12542817,-0.18324454,-0.18343507,-0.22205898,-0.16948122,-0.20457253,-0.10366274,-0.099715754,-0.058144663,-0.099858716,-0.10808918,-0.1707237,-0.1978925,-0.12536043,-0.1363107,-0.15217854,-0.17135182,-0.11658599,-0.16783783,-0.1738879,-0.1509206,-0.12124001,-0.13545762,-0.106105745,-0.14842609,-0.19526476,-0.18893254,-0.2175087,-0.16109672,-0.22338755,-0.1971171,-0.29867563,-0.29210672,-0.19770722,-0.10763919,-0.09162698,-0.13691942,-0.15532538,-0.23188588,-0.1940282,-0.14669977,-0.2026537,-0.18463702,-0.18279888,-0.19656251,-0.19687724,-0.20097266,-0.15724055,-0.1258524,-0.14379668,-0.092452966,-0.09579706,-0.171087,-0.14234126,-0.13743341,-0.1470474,-0.12719077,-0.15159503,-0.2613474,-0.22333384,-0.18896562,-0.20047067,-0.1455943,-0.14928257,-0.13069525,-0.14250869,-0.15009446,-0.1636371,-0.14646755,-0.16278498,-0.15990156,-0.14998752,-0.14720502,-0.15717748,-0.15317532,-0.22480208,-0.120334074,-0.14163853,-0.118483186,-0.16075742,-0.17371902,-0.15589875,-0.16806003,-0.11139822,-0.1388583,-0.13027036,-0.128683,-0.15152657,-0.14300625,-0.11572884,-0.10065024,-0.09083592,-0.10565534,-0.12054828,-0.13508227,-0.15027548,-0.16041782,-0.1185138,-0.11129953,-0.1578567,-0.17738779,-0.13331723,-0.16370234,-0.25953975,-0.1488941,-0.13293105,-0.14160803,-0.15095688,-0.17780018,-0.1641114,-0.22917573,-0.09015879,-0.11056407,-0.13489343,-0.12961146,-0.13997786,-0.174017,-0.13908121,-0.16057305,-0.12777606,-0.07092635,-0.03704006,-0.1374448,-0.1620815,-0.1788255,-0.14332479,-0.12334781,-0.13629013,-0.12023825,-0.13807805,-0.25318068,-0.26654312,-0.084075324,-0.10945694,-0.14431934,-0.09238048,-0.18797198,-0.19030844,-0.15350126,-0.090818696,-0.13230102,-0.14970905,-0.15041924,-0.15887666,-0.17045955,-0.18325083,-0.08850551,-0.12390411,-0.14135331,-0.10256614,-0.17951453,-0.19495486,-0.190735,-0.10041551,-0.13113372,-0.07937637,-0.12772125,-0.19006202,-0.19317514,-0.19165774,-0.12364225,-0.07613617,-0.09747626,-0.11863908,-0.13668388,-0.12406494,-0.121451,-0.09490998,-0.0971624,-0.10896602,-0.082459606,-0.11305812,-0.13249359,-0.16708826,-0.1410757,-0.13666582,-0.18093297,-0.17825818,-0.19405112,-0.14479202,-0.15549555,-0.13538113,-0.119081676,-0.14001076,-0.19117098,-0.19138753,-0.18154608,-0.19755594,-0.25103784,-0.20219928,-0.19059232,-0.19123733,-0.18255043,-0.17409787,-0.27554205,-0.08916744,-0.11956477,-0.12849332,-0.15751183,-0.20931396,-0.18224281,-0.29657933,-0.32474133,-0.1554841,-0.3242122,-0.17325558,-0.17108874,-0.2185038,-0.17647925,-0.114121355,-0.14031115,-0.15388772,-0.15788373,-0.22984435,-0.18186735,-0.25490475,-0.104706734,-0.12455491,-0.1387252,-0.12425765,-0.15189947,-0.15496743,-0.15608552,-0.14014931,-0.15141064,-0.16268946,-0.15538172,-0.15347806,-0.15326697,-0.13420837,-0.12314261,-0.14630318,-0.18965358,-0.17705512,-0.21025829,-0.3990198,-0.20240656,-0.113826394,-0.1296617,-0.1184613,-0.14782733,-0.16636807,-0.18649824,-0.19164498,-0.13217053,-0.07704125,-0.15273175,-0.14003965,-0.14106366,-0.11817855,-0.19987361,-0.1649412,-0.15923561,-0.14174464,-0.12383792,-0.12722544,-0.14610182,-0.2588673,-0.10769832,-0.13074079,-0.09132757,-0.12832497,-0.12909217,-0.15004969,-0.15184201,-0.09671642,-0.08910369,-0.12445321,-0.11086877,-0.13806932,-0.15096079,-0.17015584,-0.14305016,-0.116788924,-0.1740017,-0.15209067,-0.14236644,-0.12572624,-0.14185238,-0.17466888,-0.13176009,-0.13228507,-0.14581245,-0.12319448,-0.08722703,-0.05825615,-0.1436843,-0.17082691,-0.026243303,-0.16781998,-0.2829064,-0.31316653,-0.19810978,-0.14568332,-0.14331596,-0.14862512,-0.12963767,-0.25088155,-0.19374715,-0.1883145,-0.09497403,-0.109498605,-0.10702289,-0.09327314,-0.12759323,-0.15321328,-0.15746465,-0.16699386,-0.12812386,-0.0969081,-0.16398169,-0.14348044,-0.11335766,-0.18846886,-0.1706479,-0.154024,-0.12590499,-0.115196005,-0.11280017,-0.11662802,-0.17608443,-0.13845222,-0.1343995,-0.096878245,-0.1213056,-0.09200539,-0.12434345,-0.13620201,-0.063823454,-0.13877153,-0.11419349,-0.13388756,-0.24483351,-0.2571875,-0.29957527,-0.1461981,-0.15665296,-0.13201903,-0.19104545,-0.0782174,-0.17233297,-0.16417484,-0.09859173,-0.11065883,-0.11500714,-0.076612435,-0.083404,-0.1213824,-0.13072303,-0.13855581,-0.19385117,-0.099167116,-0.15567815,-0.19487974,-0.1911821,-0.18673247,-0.11155602,-0.14352687,-0.10311052,-0.15872774,-0.19362198,-0.17213112,-0.16921908,-0.14297047,-0.14257228,-0.102258645,-0.15330118,-0.16165122,-0.18120165,-0.19499987,-0.12132223,-0.14739008,-0.114422046,-0.08040084,-0.14259532,-0.20725825,-0.16118744,-0.125103,-0.15657571,-0.15690626,-0.14402024,-0.19202894,-0.16269337,-0.1817295,-0.2963242,-0.19894934,-0.18109156,-0.172137,-0.19311947,-0.15775853,-0.14054683,-0.13050143,-0.12557748,-0.13867335,-0.16353855,-0.30584824,-0.16718157,-0.1807746,-0.19279325,-0.11441202,-0.1505182,-0.1408985,-0.17804565,-0.1667881,-0.16452792,-0.14331086,-0.18237996,-0.12869877,-0.15331358,-0.13694479,-0.24156228,-0.18046218,-0.10351136,-0.13569053,-0.1417352,-0.17418417,-0.11079973,-0.13477868,-0.15196015,-0.1599667,-0.18220925,-0.15373155,-0.14887062,-0.19184028,-0.1755332,-0.16398506,-0.14723541,-0.14623587,-0.11499533,-0.10471026,-0.13492173,-0.20148799,-0.17706792,-0.12513243,-0.16683683,-0.18041904,-0.18738703,-0.11705899,-0.17560582,-0.25873,-0.09308862,-0.09267302,-0.11511462,-0.1359472,-0.14793274,-0.09880235,-0.18878053
k__Bacteria|p__Firmicutes|c__Bacilli|o__Bacillales|f__Bacillaceae|g__Bacillus|s__Bacillus_cereus,-0.1004395,-0.12316422,-0.14147502,-0.20428483,-0.16668978,-0.19409394,-0.1666669,-0.14544523,-0.12508942,-0.1844068,-0.1836632,-0.22213858,-0.17068724,-0.20518711,-0.10311626,-0.09923579,-0.058144663,-0.09986909,-0.107494734,-0.17128214,-0.1978925,-0.12536043,-0.13656867,-0.1527406,-0.17185721,-0.11658599,-0.16796745,-0.17466305,-0.1509206,-0.12124001,-0.13528809,-0.10534841,-0.14845504,-0.19605036,-0.189721,-0.2175087,-0.16043302,-0.22338755,-0.19715786,-0.29867563,-0.29210672,-0.1986283,-0.1074046,-0.09162698,-0.13691942,-0.15523338,-0.23188588,-0.19426663,-0.14671391,-0.2026537,-0.18374327,-0.18279888,-0.19690627,-0.19792202,-0.20216513,-0.15938415,-0.12578115,-0.14411151,-0.09222713,-0.09544113,-0.1717031,-0.1428133,-0.13743341,-0.14720123,-0.12719077,-0.15197405,-0.2613474,-0.22333384,-0.18922076,-0.20047067,-0.14607999,-0.14954516,-0.1305981,-0.14285022,-0.15134314,-0.16454145,-0.14707455,-0.16278498,-0.15952535,-0.14998752,-0.14734048,-0.15717188,-0.15357634,-0.22480208,-0.120334074,-0.14179948,-0.11823589,-0.16160166,-0.17444062,-0.15567935,-0.16855714,-0.11139822,-0.1388583,-0.13027036,-0.1288894,-0.15152657,-0.1428194,-0.115704946,-0.10065024,-0.09027592,-0.10561305,-0.120661765,-0.1351761,-0.15027548,-0.16082019,-0.1185138,-0.11129953,-0.1578567,-0.17738779,-0.13407558,-0.16337745,-0.25953975,-0.14893843,-0.13256854,-0.14160071,-0.15095688,-0.17780018,-0.16374634,-0.22917573,-0.09015879,-0.11012864,-0.13483077,-0.12971444,-0.13997786,-0.17403376,-0.13908121,-0.16057305,-0.12777606,-0.07092635,-0.03704006,-0.13724339,-0.16250597,-0.1794181,-0.14332479,-0.12334781,-0.13617879,-0.12023825,-0.13830021,-0.25318068,-0.26654312,-0.08341062,-0.10945694,-0.14497367,-0.09238048,-0.18838307,-0.19035958,-0.15306799,-0.09017599,-0.13230102,-0.14978458,-0.15050276,-0.15924922,-0.17079425,-0.18446513,-0.087592736,-0.12407297,-0.14153095,-0.10256614,-0.17951453,-0.19495486,-0.1917862,-0.099959284,-0.13113372,-0.07905488,-0.12796241,-0.19006202,-0.19363254,-0.19206157,-0.12384017,-0.07518578,-0.09717719,-0.118463784,-0.13677531,-0.12406494,-0.121451,-0.09441939,-0.096653394,-0.10865898,-0.082459606,-0.11306924,-0.13268659,-0.16781731,-0.1410757,-0.13629799,-0.18093297,-0.17825818,-0.19444486,-0.14475334,-0.15549555,-0.13563417,-0.119081676,-0.14001076,-0.19117098,-0.19139701,-0.18160175,-0.19755594,-0.25103784,-0.20219928,-0.19038141,-0.19105186,-0.1829137,-0.1738636,-0.27554205,-0.08916744,-0.11956477,-0.12785411,-0.15751183,-0.20931396,-0.18224281,-0.29657933,-0.32474133,-0.15342903,-0.3242122,-0.17325558,-0.17108874,-0.2185038,-0.17647925,-0.114121355,-0.13985622,-0.15388772,-0.15788373,-0.22984435,-0.18186735,-0.25549912,-0.10427323,-0.12455491,-0.13875821,-0.12423054,-0.15189947,-0.15555468,-0.15668234,-0.14014931,-0.15141064,-0.16351265,-0.15531714,-0.15380087,-0.15313159,-0.13407052,-0.12294335,-0.14646965,-0.19082339,-0.17717075,-0.21025829,-0.3990198,-0.20420326,-0.11362624,-0.1296617,-0.11875546,-0.14810267,-0.16636807,-0.1875442,-0.19205463,-0.13169122,-0.07646173,-0.15345803,-0.1398513,-0.14106366,-0.11838384,-0.19987361,-0.1649412,-0.15869808,-0.14151135,-0.12364735,-0.12722544,-0.14610182,-0.2588673,-0.10720693,-0.13074079,-0.09132757,-0.12832497,-0.1293374,-0.14985952,-0.15235397,-0.09632142,-0.08910369,-0.12451295,-0.11041592,-0.13808195,-0.15095332,-0.17086081,-0.14304903,-0.1163351,-0.17456064,-0.1520548,-0.14262724,-0.12522882,-0.14272374,-0.17466888,-0.13176009,-0.13236544,-0.14609349,-0.12302187,-0.08722703,-0.05825615,-0.14375049,-0.17082691,-0.026243303,-0.1671316,-0.2829064,-0.31316653,-0.19920462,-0.14589457,-0.14331596,-0.14862512,-0.12963767,-0.25088155,-0.19410068,-0.18904994,-0.09435369,-0.109521255,-0.10702289,-0.09387878,-0.12759323,-0.15336265,-0.15746465,-0.16748847,-0.12812386,-0.0969081,-0.16398169,-0.14417738,-0.11335766,-0.18846886,-0.1706479,-0.15395355,-0.12587424,-0.115196005,-0.11292696,-0.11662802,-0.17704055,-0.1386168,-0.13464765,-0.096878245,-0.12126453,-0.091747984,-0.12434345,-0.13630879,-0.063823454,-0.13877153,-0.11419349,-0.13373706,-0.24483351,-0.2571875,-0.29957527,-0.14635432,-0.15706246,-0.13211122,-0.19104545,-0.0782174,-0.17279057,-0.16461572,-0.09859173,-0.11065883,-0.11495291,-0.076612435,-0.083404,-0.1213824,-0.13072303,-0.13855581,-0.19385117,-0.09882243,-0.15578151,-0.19487974,-0.19127423,-0.18727076,-0.111183465,-0.14337343,-0.10317076,-0.1597801,-0.19443789,-0.1737396,-0.16913527,-0.14295503,-0.14277518,-0.101347044,-0.15353031,-0.16194332,-0.18123649,-0.19548827,-0.12132318,-0.14788166,-0.11404225,-0.08011939,-0.14269611,-0.20725825,-0.16097137,-0.125103,-0.15657571,-0.15690626,-0.14394794,-0.19202894,-0.16266385,-0.18252656,-0.2963242,-0.19711903,-0.18110967,-0.17180398,-0.19301967,-0.15752141,-0.14054683,-0.13034718,-0.12557748,-0.13848566,-0.16292801,-0.30584824,-0.1666428,-0.18135841,-0.1930341,-0.11441202,-0.15087909,-0.14078048,-0.17839865,-0.16703835,-0.16508518,-0.14331086,-0.18237996,-0.12808445,-0.15364122,-0.13669793,-0.24156228,-0.17978615,-0.10308172,-0.13534985,-0.14216915,-0.17486319,-0.11019737,-0.13459733,-0.15282875,-0.16046444,-0.18198326,-0.15462542,-0.149187,-0.19184028,-0.17543282,-0.16477118,-0.14723541,-0.14623587,-0.11499533,-0.10471026,-0.1351767,-0.20148799,-0.1774284,-0.12513243,-0.16668788,-0.18041904,-0.18738703,-0.11705899,-0.17746827,-0.25923648,-0.09249878,-0.0922782,-0.11466499,-0.13624391,-0.1481713,-0.09818812,-0.18968017
k__Bacteria|p__Firmicutes|c__Bacilli|o__Lactobacillales|f__Enterococcaceae|g__Enterococcus|s__Enterococcus_gilvus,-0.1004395,-0.12316422,-0.14156505,-0.20428483,-0.16695502,-0.19332352,-0.1666669,-0.14501151,-0.12529066,-0.18378818,-0.1832437,-0.21886872,-0.17026031,-0.20222902,-0.10289544,-0.09854688,-0.058144663,-0.09931721,-0.10766962,-0.17073719,-0.1978925,-0.12536043,-0.13627353,-0.15217726,-0.17125243,-0.11658599,-0.16775844,-0.17377096,-0.1509206,-0.12124001,-0.13511568,-0.10555663,-0.14827892,-0.19529197,-0.18895346,-0.2175087,-0.16072434,-0.22338755,-0.19658193,-0.29867563,-0.29210672,-0.19744635,-0.106999524,-0.09162698,-0.13691942,-0.1550357,-0.23188588,-0.19374734,-0.14665471,-0.2026537,-0.18442902,-0.18279888,-0.19635451,-0.1968579,-0.20074855,-0.15787187,-0.12553017,-0.14355801,-0.09197436,-0.09540464,-0.17126802,-0.14216056,-0.13743341,-0.14680132,-0.12719077,-0.15155023,-0.2613474,-0.22333384,-0.18875031,-0.20047067,-0.1454722,-0.14916885,-0.13040298,-0.14243552,-0.15041682,-0.1637119,-0.1465899,-0.16278498,-0.15939374,-0.14998752,-0.1471756,-0.15698409,-0.15317427,-0.22480208,-0.120334074,-0.14143635,-0.11818285,-0.16087502,-0.17388779,-0.15550488,-0.16811234,-0.11139822,-0.1388583,-0.13027036,-0.12868904,-0.15152657,-0.14302874,-0.11545308,-0.10065024,-0.09035577,-0.105354264,-0.12026429,-0.13490704,-0.15027548,-0.16032416,-0.1185138,-0.11129953,-0.1578567,-0.17738779,-0.13299109,-0.163681,-0.25953975,-0.14867875,-0.13257357,-0.14135423,-0.15095688,-0.17780018,-0.16370735,-0.22917573,-0.09015879,-0.110205576,-0.13458803,-0.12941428,-0.13997786,-0.17372458,-0.13908121,-0.16057305,-0.12777606,-0.07092635,-0.03704006,-0.13720052,-0.16214149,-0.17873839,-0.14332479,-0.12334781,-0.13595141,-0.12023825,-0.1381326,-0.25318068,-0.26654312,-0.08343024,-0.10945694,-0.14426157,-0.09238048,-0.18801878,-0.19009905,-0.15320294,-0.090214744,-0.13230102,-0.14955637,-0.15021165,-0.15878063,-0.17044596,-0.1834889,-0.087733194,-0.123345286,-0.14052033,-0.10256614,-0.17951453,-0.19495486,-0.19076759,-0.10005833,-0.13113372,-0.07880081,-0.12785253,-0.19006202,-0.19313438,-0.19147679,-0.12317967,-0.07533054,-0.096897766,-0.11829552,-0.13647659,-0.12406494,-0.121451,-0.09422879,-0.0965561,-0.108389154,-0.082459606,-0.11279043,-0.13239448,-0.16697036,-0.1410757,-0.13645071,-0.18093297,-0.17825818,-0.19383693,-0.14454374,-0.15549555,-0.13514292,-0.119081676,1.7753265,-0.19117098,-0.19082755,-0.18118091,-0.19755594,-0.25103784,-0.20219928,-0.19063076,-0.19111726,-0.18261857,-0.17391333,-0.27554205,-0.08916744,-0.11956477,-0.1282606,-0.15751183,-0.20931396,-0.18224281,-0.29657933,-0.32474133,-0.15383501,-0.3242122,-0.17325558,-0.17108874,-0.2185038,-0.17647925,-0.114121355,-0.13998333,-0.15388772,-0.15788373,-0.22984435,-0.18186735,-0.25385073,-0.104209855,-0.12455491,-0.13859041,-0.124190204,-0.15189947,-0.15497184,-0.15611145,-0.14014931,-0.15141064,-0.1628519,-0.15518469,-0.1533455,-0.15290487,-0.13384224,-0.12306769,-0.14645413,-0.19007045,-0.17689592,-0.21025829,-0.3990198,-0.20195283,-0.11341748,-0.1296617,-0.11818858,-0.14801353,-0.16636807,-0.1865931,-0.19158198,-0.13159731,-0.07666524,-0.15284887,-0.13984546,-0.14106366,-0.11792375,-0.19987361,-0.1649412,-0.15878753,-0.1412001,-0.12349163,-0.12722544,-0.14610182,-0.2588673,-0.1071524,-0.13074079,-0.09132757,-0.12832497,-0.12913409,-0.14991632,-0.1517266,-0.09612027,-0.08910369,-0.12413994,-0.110468596,-0.13780801,-0.1508477,-0.17005672,-0.14284873,-0.11659634,-0.17376655,-0.15196723,-0.14225496,-0.12530471,-0.14209816,-0.17466888,-0.13176009,-0.13213041,-0.14560951,-0.122749224,-0.08722703,-0.05825615,-0.14341095,-0.17082691,-0.026243303,-0.16650677,-0.2829064,-0.31316653,-0.19763349,-0.14554131,-0.14331596,-0.14862512,-0.12963767,-0.25088155,-0.19350058,-0.18832268,-0.09461263,-0.10909676,-0.10702289,-0.09320116,-0.12759323,-0.15304333,-0.15746465,-0.16687277,-0.12812386,-0.0969081,-0.16398169,-0.14341687,-0.11335766,-0.18846886,-0.1706479,-0.15377828,-0.12552066,-0.115196005,-0.112581626,-0.11662802,-0.17599623,-0.13827029,-0.1341124,-0.096878245,-0.1208292,-0.09167109,-0.12434345,-0.13601261,-0.063823454,-0.13877153,-0.11419349,-0.13366023,-0.24483351,-0.2571875,-0.29957527,-0.14596361,-0.15655315,-0.13200277,-0.19104545,-0.0782174,-0.17211229,-0.16403788,-0.09859173,-0.11065883,-0.11470551,-0.076612435,-0.083404,-0.1213824,-0.13072303,-0.13855581,-0.19385117,-0.098581,-0.15554683,-0.19487974,-0.19114771,-0.18662041,-0.111220144,-0.14301153,-0.102977596,-0.15897675,-0.19379479,-0.17217702,-0.16909432,-0.14270668,-0.1422418,-0.1016344,-0.15319122,-0.16153418,-0.18102935,-0.1948075,-0.12116179,-0.14719917,-0.11397542,-0.0800726,-0.14249824,-0.20725825,-0.16078302,-0.125103,-0.15657571,-0.15690626,-0.14357859,-0.19202894,-0.16254616,-0.18183395,-0.2963242,-0.19759679,-0.18106502,-0.1719211,-0.19287035,-0.15745166,-0.14054683,-0.13018146,-0.12557748,-0.1381762,-0.16298161,-0.30584824,-0.1666693,-0.18086691,-0.19276688,-0.11441202,-0.150512,-0.14063841,-0.17790642,-0.16670658,-0.16444689,-0.14331086,-0.18237996,-0.12827757,-0.15303768,-0.13679157,-0.24156228,-0.17982458,-0.10307329,-0.13527763,-0.14175974,-0.17416885,-0.1103847,-0.13456115,-0.1521628,-0.1597054,-0.18191452,-0.15378569,-0.14884669,-0.19184028,-0.17530702,-0.16400579,-0.14723541,-0.14623587,-0.11499533,-0.10471026,-0.13492903,-0.20148799,-0.1769577,-0.12513243,-0.16587776,-0.18041904,-0.18738703,-0.11705899,-0.17613718,-0.25873747,-0.09239329,-0.09216684,-0.11467261,-0.13583891,-0.14771195,-0.098457724,-0.18883228
k__Bacteria|p__Firmicutes|c__Bacilli|o__Lactobacillales|f__Lactobacillaceae|g__Lactobacillus|s__Lactobacillus_kalixensis,-0.1004395,-0.12316422,-0.14189184,-0.20428483,-0.1671229,-0.19345003,-0.1666669,-0.1449453,-0.12515682,-0.18352956,-0.18356845,-0.22439124,-0.16992685,-0.20433988,-0.10295457,-0.09920677,-0.058144663,-0.0993271,-0.10769594,-0.1707926,-0.1978925,-0.12536043,-0.13618603,-0.15205154,-0.17140985,-0.11658599,-0.16759965,-0.17373598,-0.1509206,-0.12124001,-0.13518418,-0.10570429,-0.14844427,-0.19569215,-0.18908718,-0.2175087,-0.16115135,-0.22338755,-0.19744922,-0.29867563,-0.29210672,-0.19790107,-0.10697265,-0.09162698,-0.13691942,-0.1551979,-0.23188588,-0.19397424,-0.146454,-0.2026537,-0.18414752,-0.18279888,-0.19726427,-0.19827071,-0.20261845,-0.15744302,-0.125559,-0.14365022,-0.091863304,-0.0954124,-0.17114031,-0.14210002,-0.13743341,-0.14688182,-0.12719077,-0.15146682,-0.2613474,-0.22333384,-0.1887805,-0.20047067,-0.14540976,-0.1491586,-0.13063335,-0.14262281,-0.1501698,-0.16368552,-0.14635149,-0.16278498,-0.15962622,-0.14998752,-0.14720507,-0.15715855,-0.15314719,-0.22480208,-0.120334074,-0.14150578,-0.11826674,-0.16066486,-0.1738486,-0.15580168,-0.1681019,-0.11139822,-0.1388583,-0.13027036,-0.12846652,-0.15152657,-0.14265597,-0.11535604,-0.10065024,-0.090399414,-0.1052316,-0.12027492,-0.13487294,-0.15027548,-0.16025527,-0.1185138,-0.11129953,-0.1578567,-0.17738779,-0.13327721,-0.1642386,-0.25953975,-0.14875683,-0.13277635,-0.14162192,-0.15095688,-0.17780018,-0.16391319,-0.22917573,-0.09015879,-0.11024007,-0.13469602,-0.12953064,-0.13997786,-0.1739272,-0.13908121,-0.16057305,-0.12777606,-0.07092635,-0.03704006,-0.13725677,-0.16196482,-0.178873,-0.14332479,-0.12334781,-0.13584745,-0.12023825,-0.13809478,-0.25318068,-0.26654312,-0.08322415,-0.10945694,-0.1441692,-0.09238048,-0.18796322,-0.19036204,-0.15319657,-0.09007937,-0.13230102,-0.14964315,-0.15033792,-0.15888268,-0.17052895,-0.18331382,-0.087756634,-0.12359513,-0.14105798,-0.10256614,-0.17951453,-0.19495486,-0.19087464,-0.099858604,-0.13113372,-0.0791476,-0.12778069,-0.19006202,-0.19323018,-0.19167887,-0.12311271,-0.075132,-0.09689534,-0.118474424,-0.13650168,-0.12406494,-0.121451,-0.09426786,-0.09655499,-0.10837908,-0.082459606,-0.11269249,-0.13215348,-0.16693096,-0.1410757,-0.13651785,-0.18093297,-0.17825818,-0.19424579,-0.14471844,-0.15549555,-0.1352548,-0.119081676,-0.14001076,-0.19117098,-0.19126545,-0.181546,-0.19755594,-0.25103784,-0.20219928,-0.19036326,-0.19138606,-0.18267241,-0.1742008,-0.27554205,-0.08916744,-0.11956477,-0.12811987,-0.15751183,-0.20931396,-0.18224281,-0.29657933,-0.32474133,-0.15497924,-0.3242122,-0.17325558,-0.17108874,-0.2185038,-0.17647925,-0.114121355,-0.14011306,-0.15388772,-0.15788373,-0.22984435,-0.18186735,-0.25650683,-0.10420418,-0.12455491,-0.13849299,-0.12402407,-0.15189947,-0.15472241,-0.15590319,-0.14014931,-0.15141064,-0.16274492,-0.15532722,-0.1533745,-0.15320247,-0.13396922,-0.12297774,-0.1464759,-0.19002646,-0.17705923,-0.21025829,-0.3990198,-0.20332594,-0.113291234,-0.1296617,-0.118244216,-0.1479279,-0.16636807,-0.18635915,-0.19169392,-0.13176408,-0.07637179,-0.15284994,-0.13979737,-0.14106366,-0.117877185,-0.19987361,-0.1649412,-0.15898782,-0.14159672,-0.12356427,-0.12722544,-0.14610182,-0.2588673,-0.10719489,-0.13074079,-0.09132757,-0.12832497,-0.12892038,-0.14983308,-0.15154567,-0.0960287,-0.08910369,-0.124180414,-0.1104617,-0.1378791,-0.15082662,-0.17020804,-0.14281236,-0.11645361,-0.17389563,-0.15187779,-0.1422453,-0.12536728,-0.14179105,-0.17466888,-0.13176009,-0.13213423,-0.14568567,-0.12272075,-0.08722703,-0.05825615,-0.14339279,-0.17082691,-0.026243303,-0.1672673,-0.2829064,-0.31316653,-0.19839597,-0.14557824,-0.14331596,-0.14862512,-0.12963767,-0.25088155,-0.19370134,-0.18837488,-0.09442551,-0.1090788,-0.10702289,-0.0931503,-0.12759323,-0.15313506,-0.15746465,-0.16703665,-0.12812386,-0.0969081,-0.16398169,-0.1433261,-0.11335766,-0.18846886,-0.1706479,-0.15396257,-0.12554903,-0.115196005,-0.11270613,-0.11662802,-0.17588843,-0.13828668,-0.1341391,-0.096878245,-0.120980434,-0.09145367,-0.12434345,-0.13582234,-0.063823454,-0.13877153,-0.11419349,-0.1337954,-0.24483351,-0.2571875,-0.29957527,-0.14608246,-0.15665747,-0.13199362,-0.19104545,-0.0782174,-0.17219019,-0.16432093,-0.09859173,-0.11065883,-0.114476055,-0.076612435,-0.083404,-0.1213824,-0.13072303,-0.13855581,-0.19385117,-0.09860541,-0.15565795,-0.19487974,-0.19123125,-0.18690783,-0.11108232,-0.14307755,-0.10261035,-0.15884802,-0.19408557,-0.1724065,-0.1692232,-0.1427494,-0.142415,-0.10188924,-0.15324463,-0.16163327,-0.1811751,-0.19518706,-0.120983854,-0.1471194,-0.11376612,-0.07981592,-0.1429611,-0.20725825,-0.16075279,-0.125103,-0.15657571,-0.15690626,-0.1437386,-0.19202894,-0.16262016,-0.18179023,-0.2963242,-0.19893637,-0.18152425,-0.17205793,-0.19318905,-0.1576964,-0.14054683,-0.13022238,-0.12557748,-0.13826269,-0.16369534,-0.30584824,-0.16694003,-0.18095796,-0.19292194,-0.11441202,-0.15051119,-0.14068225,-0.1780593,-0.16679642,-0.1644608,-0.14331086,-0.18237996,-0.12843937,-0.15346973,-0.13744366,-0.24156228,-0.17988275,-0.10300487,-0.13539517,-0.14164504,-0.1742183,-0.11029528,-0.13455775,-0.15192538,-0.15975687,-0.18209463,-0.15373465,-0.14887935,-0.19184028,-0.1754093,-0.16384271,-0.14723541,-0.14623587,-0.11499533,-0.10471026,-0.13500571,-0.20148799,-0.17687704,-0.12513243,-0.16639504,-0.18041904,-0.18738703,-0.11705899,-0.1757375,-0.259485,-0.092335835,-0.09206114,-0.11475509,-0.13587508,-0.14787228,-0.09842517,-0.18886441
k__Bacteria|p__Firmicutes|c__Clostridia|o__Eubacteriales|f__Oscillospiraceae|g__Oscillospiraceae_unclassified|s__Clostridium_methylpentosum,-0.1004395,-0.12316422,-0.14240193,-0.20428483,-0.16714548,-0.19385852,-0.1666669,-0.14530605,-0.12535667,-0.18362838,-0.1835478,-0.23160627,-0.16989353,-0.2065717,-0.10376482,-0.100179315,-0.058144663,-0.09998353,-0.1082257,-0.17104658,-0.1978925,-0.12536043,-0.13647407,-0.15239985,-0.17195365,-0.11658599,-0.16741535,-0.17399368,-0.1509206,-0.12124001,-0.1352801,-0.10646534,-0.14858843,-0.19662474,-0.18955499,-0.2175087,-0.16113693,-0.22338755,-0.19800395,-0.29867563,-0.29210672,-0.19905657,-0.10762267,-0.09162698,-0.13691942,-0.1553494,-0.23188588,-0.19408375,-0.14685321,-0.2026537,-0.18371089,-0.18279888,-0.19830194,-0.20003977,-0.2061525,-0.15767217,-0.12614349,-0.1441276,-0.09246608,-0.096215755,-0.1713252,-0.14255267,-0.13743341,-0.1472292,-0.12719077,-0.15145376,-0.2613474,-0.22333384,-0.18895021,-0.20047067,-0.14593223,-0.14948167,-0.13128304,-0.14322722,-0.15092301,-0.16416842,-0.1466299,-0.16278498,-0.15961036,-0.14998752,-0.14733477,-0.15746169,-0.15345044,-0.22480208,-0.120334074,-0.14177611,-0.118792,-0.16099805,-0.17419215,-0.15608579,-0.16820002,-0.11139822,-0.1388583,-0.13027036,-0.1288743,-0.15152657,-0.14255789,-0.11581457,-0.10065024,-0.09110841,-0.10595545,-0.12094097,-0.13531275,-0.15027548,-0.16044158,-0.1185138,-0.11129953,-0.1578567,-0.17738779,-0.13412747,-0.16471459,-0.25953975,-0.14894122,-0.13308558,-0.14226086,-0.15095688,-0.17780018,-0.16403994,-0.22917573,-0.09015879,-0.11034599,-0.13508508,-0.13017476,-0.13997786,-0.1740419,-0.13908121,-0.16057305,-0.12777606,-0.07092635,-0.03704006,-0.13745302,-0.1622472,-0.1790022,-0.14332479,-0.12334781,-0.13592549,-0.12023825,-0.13867196,-0.25318068,-0.26654312,-0.083938554,-0.10945694,-0.1446995,-0.09238048,-0.18781547,-0.19075418,-0.15341192,-0.09073431,-0.13230102,-0.1497975,-0.15067875,-0.15928945,-0.17084618,-0.18379316,-0.08848756,-0.12423064,-0.14147949,-0.10256614,-0.17951453,-0.19495486,-0.19158922,-0.10059452,1.0577464,-0.08082017,-0.12846312,-0.19006202,-0.19376387,-0.19204277,-0.1235608,-0.07594033,-0.097696945,-0.11915471,-0.13689491,-0.12406494,-0.121451,-0.09511553,-0.09731279,-0.108970374,-0.082459606,-0.113401875,-0.13254505,-0.167161,-0.1410757,-0.13669899,-0.18093297,-0.17825818,-0.19485316,-0.1452018,-0.15549555,-0.1358686,-0.119081676,-0.14001076,-0.19117098,-0.19176093,-0.18175657,-0.19755594,-0.25103784,-0.20219928,-0.19002736,-0.19147557,-0.1828972,-0.17436382,-0.27554205,-0.08916744,-0.11956477,-0.12814163,-0.15751183,-0.20931396,-0.18224281,-0.29657933,-0.32474133,-0.15340787,-0.3242122,-0.17325558,-0.17108874,-0.2185038,-0.17647925,-0.114121355,-0.14024606,-0.15388772,-0.15788373,-0.22984435,-0.18186735,-0.26046172,-0.10488944,-0.12455491,-0.1387351,-0.124489985,-0.15189947,-0.15515399,-0.15624449,-0.14014931,-0.15141064,-0.16314557,-0.15549299,-0.15370226,-0.15354392,-0.13446935,-0.12334865,-0.14648819,-0.1903575,-0.1773831,-0.21025829,-0.3990198,-0.20432177,-0.113832824,-0.1296617,-0.11905865,-0.14824362,-0.16636807,-0.18653479,-0.19193518,-0.13185999,-0.07730848,-0.15333495,-0.14006522,-0.14106366,-0.118075594,-0.19987361,-0.1649412,-0.15881622,-0.14207888,-0.124081716,-0.12722544,-0.14610182,-0.2588673,-0.10776283,-0.13074079,-0.09132757,-0.12832497,-0.12935197,-0.14990613,-0.15184402,-0.09674457,-0.08910369,-0.124710694,-0.111038685,-0.13816902,-0.15103325,-0.17064652,-0.1431942,-0.116563715,-0.1740359,-0.15211174,-0.14255713,-0.1260274,-0.14193791,-0.17466888,-0.13176009,-0.13254018,-0.14609522,-0.12344679,-0.08722703,-0.05825615,-0.14377843,-0.17082691,-0.026243303,-0.16702822,-0.2829064,-0.31316653,-0.19939914,-0.14591682,-0.14331596,-0.14862512,-0.12963767,-0.25088155,-0.19441652,-0.18874702,-0.0950966,-0.109692365,-0.10702289,-0.0944908,-0.12759323,-0.15315607,-0.15746465,-0.16738379,-0.12812386,-0.0969081,-0.16398169,-0.14369345,-0.11335766,-0.18846886,-0.1706479,-0.15416904,-0.12611035,-0.115196005,-0.11347508,-0.11662802,-0.176015,-0.13879237,-0.13477749,-0.096878245,-0.12173185,-0.09217232,-0.12434345,-0.13579497,-0.063823454,-0.13877153,-0.11419349,-0.13417123,-0.24483351,-0.2571875,-0.29957527,-0.14653714,-0.15702623,-0.13272923,-0.19104545,-0.0782174,-0.17270337,-0.16458566,-0.09859173,-0.11065883,-0.11462936,-0.076612435,-0.083404,-0.1213824,-0.13072303,-0.13855581,-0.19385117,-0.09964097,-0.1559608,-0.19487974,-0.19138017,-0.18734053,-0.111587204,-0.14320445,-0.10330284,-0.15932757,-0.19465788,-0.17303053,-0.16937318,-0.14310823,-0.14290415,-0.1024718,-0.15357429,-0.16182977,-0.18124801,-0.19567215,-0.12153543,-0.14751671,-0.114007056,-0.080472104,-0.14372343,-0.20725825,-0.1609101,-0.125103,-0.15657571,-0.15690626,-0.14393187,-0.19202894,-0.16277376,-0.18201289,-0.2963242,-0.1995196,-0.18182456,-0.17213061,-0.19356172,-0.15810165,-0.14054683,-0.13069358,-0.12557748,-0.13868444,-0.16376746,-0.30584824,-0.16698821,-0.1814542,-0.19300723,-0.11441202,-0.15084033,-0.14088741,-0.17817825,-0.1672118,-0.16467543,-0.14331086,-0.18237996,-0.12876157,-0.15360907,-0.13848394,-0.24156228,-0.17961524,-0.10366135,-0.13551298,-0.14223514,-0.1746262,-0.11067951,-0.1349072,-0.1522636,-0.16013056,-0.18206495,-0.1543717,-0.14951548,-0.19184028,-0.17560452,-0.16408333,-0.14723541,-0.14623587,-0.11499533,-0.10471026,-0.13547496,-0.20148799,-0.17707713,-0.12513243,-0.16574264,-0.18041904,-0.18738703,-0.11705899,-0.17636622,-0.26116982,-0.09311169,-0.09271201,-0.11524801,-0.13642974,-0.14840946,-0.09907837,-0.1890794
k__Bacteria|p__Firmicutes|c__Bacilli|o__Lactobacillales|f__Lactobacillaceae|g__Leuconostoc|s__Leuconostoc_mesenteroides,-0.1004395,-0.12316422,-0.14121568,-0.20428483,-0.1666764,-0.19215813,-0.1666669,-0.14445701,-0.124768674,-0.18218201,-0.18290563,-0.2251065,-0.16866289,-0.20400232,-0.103203736,-0.09930478,-0.058144663,-0.099500895,-0.10776886,-0.16981128,-0.1978925,-0.12536043,-0.13583964,-0.15164508,-0.17072746,-0.11658599,-0.16667593,-0.17292984,-0.1509206,-0.12124001,-0.13467446,-0.10584408,-0.14771077,-0.19471832,-0.18796524,-0.2175087,-0.1605953,-0.22338755,-0.1964061,-0.29867563,-0.29210672,-0.19687077,-0.10704331,-0.09162698,-0.13691942,-0.15443262,-0.23188588,-0.19273944,-0.14595395,-0.2026537,-0.18333499,-0.18279888,-0.19646885,-0.1975808,-0.20227921,-0.15640774,-0.12540406,-0.14320704,-0.092144355,-0.09565644,-0.1703188,-0.14174502,-0.13743341,-0.1463899,-0.12719077,-0.1504195,-0.2613474,-0.22333384,-0.18804681,-0.20047067,-0.14502946,-0.14871037,-0.13037997,-0.14222766,-0.14980237,-0.16323508,-0.14587304,-0.16278498,-0.15896694,-0.14998752,-0.1467571,-0.15646058,-0.15247867,-0.22480208,-0.120334074,-0.14097857,-0.11812025,-0.1600147,-0.17312093,-0.15516508,-0.16724347,-0.11139822,-0.1388583,-0.13027036,-0.12816131,-0.15152657,-0.1420747,-0.115213655,-0.10065024,-0.09065804,-0.105273366,-0.12013711,-0.13450594,-0.15027548,-0.15957457,-0.1185138,-0.11129953,-0.1578567,-0.17738779,-0.13291723,-0.16340058,-0.25953975,-0.14810021,-0.13238868,-0.14116305,-0.15095688,-0.17780018,-0.1629687,-0.22917573,-0.09015879,-0.11001153,-0.1343292,-0.12932286,-0.13997786,-0.17298612,-0.13908121,-0.16057305,-0.12777606,-0.07092635,-0.03704006,-0.1366635,-0.16127318,-0.1778852,-0.14332479,-0.12334781,-0.13531446,-0.12023825,-0.13780797,-0.25318068,-0.26654312,-0.08367745,-0.10945694,-0.14374802,-0.09238048,-0.18653497,-0.18945086,-0.15251699,-0.09037383,-0.13230102,-0.14895941,-0.14975679,-0.1582306,-0.16976345,-0.18241408,-0.08809717,-0.12330878,-0.14081004,-0.10256614,-0.17951453,-0.19495486,-0.18989411,-0.10002742,-0.13113372,-0.079772785,-0.1274975,-0.19006202,-0.19240372,-0.1905795,-0.12298141,-0.07580146,-0.09701896,-0.11830293,-0.13606513,-0.12406494,-0.121451,-0.09456225,-0.09671801,-0.10834192,-0.082459606,-0.11255268,-0.13180608,-0.16608262,-0.1410757,-0.1359914,-0.18093297,-0.17825818,-0.19315088,-0.14416716,-0.15549555,-0.1349076,-0.119081676,-0.14001076,-0.19117098,-0.19029504,-0.18056563,-0.19755594,-0.25103784,-0.20219928,-0.18913051,-0.19024792,-0.18155931,-0.17312121,-0.27554205,-0.08916744,-0.11956477,-0.1276488,-0.15751183,-0.20931396,-0.18224281,-0.29657933,-0.32474133,-0.151747,-0.3242122,-0.17325558,-0.17108874,-0.2185038,-0.17647925,-0.114121355,-0.13957962,-0.15388772,-0.15788373,-0.22984435,-0.18186735,-0.25520658,-0.10434735,-0.12455491,-0.1380232,-0.123813674,-0.15189947,-0.15424573,-0.15534908,-0.14014931,-0.15141064,-0.16218397,-0.15475827,-0.15278542,-0.15261173,-0.13353236,-0.12280111,-0.14580223,-0.18907717,-0.17630997,-0.21025829,-0.3990198,-0.19999418,-0.1132061,-0.1296617,-0.11806411,-0.14736205,-0.16636807,-0.1853448,-0.19059148,-0.1313363,-0.076925635,-0.15220499,-0.13936372,-0.14106366,-0.11755876,-0.19987361,-0.1649412,-0.15820797,-0.14103109,-0.12345089,-0.12722544,-0.14610182,-0.2588673,-0.107173055,-0.13074079,-0.09132757,-0.12832497,-0.1286835,-0.14934784,-0.1510067,-0.09628859,-0.08910369,-0.12391509,-0.11053324,-0.13731995,-0.15025817,-0.16936094,-0.14239535,-0.11621939,-0.17289315,-0.15132861,-0.14177607,-0.12527779,-0.14114472,-0.17466888,-0.13176009,-0.13169727,-0.14523351,-0.12265818,-0.08722703,-0.05825615,-0.14288896,-0.17082691,-0.026243303,-0.16589601,-0.2829064,-0.31316653,-0.19626077,-0.14506716,-0.14331596,-0.14862512,-0.12963767,-0.25088155,-0.19286774,-0.18733644,-0.09474027,-0.10902426,-0.10702289,-0.09351966,-0.12759323,-0.15219408,1.9714494,-0.16622926,-0.12812386,-0.0969081,-0.16398169,-0.14299002,-0.11335766,-0.18846886,-0.1706479,-0.15339708,-0.12537119,-0.115196005,-0.11262776,-0.11662802,-0.17480445,-0.13795769,-0.13394313,-0.096878245,-0.12082575,-0.09173216,-0.12434345,-0.13529982,-0.063823454,-0.13877153,-0.11419349,-0.13335353,-0.24483351,-0.2571875,-0.29957527,-0.14560474,-0.15602365,-0.13174812,-0.19104545,-0.0782174,-0.17115608,-0.16359448,-0.09859173,-0.11065883,-0.11434031,-0.076612435,-0.083404,-0.1213824,-0.13072303,-0.13855581,-0.19385117,-0.09901993,-0.15494195,-0.19487974,-0.19015622,-0.18584749,-0.11107848,-0.14257461,-0.10274266,-0.15820593,-0.19298446,-0.17140062,-0.1685859,-0.14230871,-0.14193954,-0.10191187,-0.15255767,-0.16084543,-0.18005475,-0.19405617,-0.120865315,-0.14656836,-0.11358582,-0.08013732,-0.14239912,-0.20725825,-0.1601526,-0.125103,-0.15657571,-0.15690626,-0.14309087,-0.19202894,-0.16195464,-0.18083318,-0.2963242,-0.1972566,-0.180255,-0.1711871,-0.19202122,-0.15701474,-0.14054683,-0.12998097,-0.12557748,-0.13788894,-0.16282758,-0.30584824,-0.16606106,-0.18029246,-0.19170666,-0.11441202,-0.14991975,-0.14014055,-0.17699522,-0.1661309,-0.16363671,-0.14331086,-0.18237996,-0.12805563,-0.15270548,-0.13708848,-0.24156228,-0.17876978,-0.10313852,-0.13491762,-0.14126039,-0.1734815,-0.11027868,-0.13415474,-0.15141588,-0.15909559,-0.1810611,-0.15320428,-0.14856571,-0.19184028,-0.17466117,-0.16312528,-0.14723541,-0.14623587,-0.11499533,-0.10471026,-0.13444538,-0.20148799,-0.17612015,-0.12513243,-0.16518095,-0.18041904,-0.18738703,-0.11705899,-0.174763,-0.2579835,-0.09263086,-0.09227842,-0.114611894,-0.13543695,-0.14742032,-0.09858216,-0.1877713
k__Bacteria|p__Firmicutes|c__Clostridia|o__Eubacteriales|f__Oscillospiraceae|g__Anaeromassilibacillus|s__Anaeromassilibacillus_sp_An172,-0.1004395,-0.12316422,-0.14093406,-0.20428483,-0.16609362,-0.1929864,-0.1666669,-0.1451666,-0.12532602,-0.18467095,-0.18272382,-0.21237761,-0.1704526,-0.19994962,-0.10276518,-0.09790263,-0.058144663,-0.09986965,-0.10726117,-0.17091176,-0.1978925,-0.12536043,-0.13665271,-0.15266907,-0.17109835,-0.11658599,-0.16817962,-0.17431132,-0.1509206,-0.12124001,-0.13520712,-0.10512427,-0.14819841,-0.19485739,-0.18913835,-0.2175087,-0.15932964,-0.22338755,-0.19502902,-0.29867563,-0.29210672,-0.19710195,-0.1070618,-0.09162698,-0.13691942,-0.15477239,-0.23188588,-0.19336762,-0.14668271,-0.2026537,-0.18345949,-0.18279888,-0.19535899,-0.19538718,-0.1991485,-0.1594063,-0.12558556,-0.14365849,-0.09234194,-0.09537731,-0.1716213,-0.14261481,-0.13743341,-0.1467656,-0.12719077,-0.15157352,-0.2613474,-0.22333384,-0.1883409,-0.20047067,-0.14581442,-0.14932829,-0.1302302,-0.1425331,-0.15139756,-0.16425312,-0.14701799,-0.16278498,-0.15866417,-0.14998752,-0.14743069,-0.1565988,-0.15347013,-0.22480208,-0.120334074,-0.14152199,-0.11812754,-0.1615408,-0.17406394,-0.15493234,-0.16841996,-0.11139822,-0.1388583,-0.13027036,-0.12920436,-0.15152657,-0.14356083,-0.11582695,-0.10065024,-0.090399675,-0.10569005,-0.12044999,-0.13502502,-0.15027548,-0.16070963,-0.1185138,-0.11129953,-0.1578567,-0.17738779,-0.13296814,-0.16276246,-0.25953975,-0.14853546,-0.13228771,-0.14108768,-0.15095688,-0.17780018,-0.16271359,-0.22917573,-0.09015879,-0.11025977,-0.1345596,-0.12947719,-0.13997786,-0.17339939,-0.13908121,-0.16057305,-0.12777606,-0.07092635,-0.03704006,-0.13710108,-0.16254002,-0.1788813,-0.14332479,-0.12334781,-0.13606045,-0.12023825,-0.13839817,-0.25318068,-0.26654312,-0.08362948,-0.10945694,-0.14487475,-0.09238048,-0.18815789,-0.18979001,-0.15307766,-0.09028963,-0.13230102,-0.14954618,-0.15015909,-0.1588348,-0.17045638,-0.1842349,-0.08749333,-0.123415746,-0.14020805,-0.10256614,-0.17951453,-0.19495486,-0.19079328,-0.10021775,-0.13113372,-0.07864614,-0.12807801,-0.19006202,-0.19299711,-0.19113751,-0.12356134,-0.07530071,-0.09691758,-0.11811469,-0.13666993,-0.12406494,-0.121451,-0.094114706,-0.0963933,-0.108543366,-0.082459606,-0.11305797,-0.13292916,-0.16742662,-0.1410757,-0.13621154,-0.18093297,-0.17825818,-0.19312224,-0.14441454,-0.15549555,-0.13524985,-0.119081676,-0.14001076,-0.19117098,-0.18989849,-0.18063627,-0.19755594,-0.25103784,-0.20219928,-0.19042255,-0.1905132,-0.18253365,-0.1731977,-0.27554205,-0.08916744,-0.11956477,-0.12821692,-0.15751183,-0.20931396,-0.18224281,-0.29657933,-0.32474133,-0.15153001,-0.3242122,-0.17325558,-0.17108874,-0.2185038,-0.17647925,-0.114121355,-0.13969585,-0.15388772,-0.15788373,-0.22984435,-0.18186735,-0.2496799,-0.10415297,-0.12455491,-0.13890186,-0.124572426,-0.15189947,-0.15558973,-0.15666151,-0.14014931,-0.15141064,-0.16345379,-0.15493588,-0.15348516,-0.15249074,-0.13375689,-0.12318308,-0.14662413,-0.1906947,-0.17664248,-0.21025829,-0.3990198,-0.20174722,-0.11352934,-0.1296617,-0.118465945,-0.14832132,-0.16636807,-0.18722063,-0.19137223,-0.13132107,-0.07693194,-0.15329434,-0.13983662,-0.14106366,-0.11849126,-0.19987361,-0.1649412,-0.15814923,-0.1407333,-0.12358093,-0.12722544,-0.14610182,-0.2588673,-0.10698718,-0.13074079,-0.09132757,-0.12832497,-0.12976944,-0.15000969,-0.15232785,-0.09626471,-0.08910369,-0.12438582,-0.11048487,-0.13782752,-0.15095781,-0.17024934,-0.14289483,-0.11677815,-0.17388903,-0.15211211,-0.14254165,-0.12500669,-0.14284253,-0.17466888,-0.13176009,-0.13226676,-0.14574645,-0.12285082,-0.08722703,-0.05825615,-0.14344868,-0.17082691,-0.026243303,-0.16508389,-0.2829064,-0.31316653,-0.19732244,-0.1455928,-0.14331596,-0.14862512,-0.12963767,-0.25088155,-0.19288915,-0.18833964,-0.094752714,-0.10931892,-0.10702289,-0.09396829,-0.12759323,-0.153114,-0.15746465,-0.1667828,-0.12812386,-0.0969081,-0.16398169,-0.14423338,-0.11335766,-0.18846886,-0.1706479,-0.15341495,-0.12563704,-0.115196005,-0.11269437,-0.11662802,-0.17656396,-0.1384216,-0.1342733,-0.096878245,-0.12082904,-0.09212089,-0.12434345,-0.13654934,-0.063823454,-0.13877153,-0.11419349,-0.13352935,-0.24483351,-0.2571875,-0.29957527,-0.14582604,-0.15663108,-0.13214757,-0.19104545,-0.0782174,-0.17187762,-0.16418816,-0.09859173,-0.11065883,-0.115304306,-0.076612435,-0.083404,-0.1213824,-0.13072303,-0.13855581,-0.19385117,-0.098461196,-0.15531018,-0.19487974,-0.19086275,-0.18648618,-0.111360684,-0.14299114,-0.10354793,-0.15961334,-0.19343211,-0.17285743,-0.16881807,-0.14265698,-0.14216146,-0.10102333,-0.15334298,-0.1615488,-0.18068096,-0.19435109,-0.12140637,-0.14755696,-0.11408952,-0.08054869,-0.14225295,-0.20725825,-0.16053191,-0.125103,-0.15657571,-0.15690626,-0.14328772,-0.19202894,-0.1623962,-0.18226221,-0.2963242,-0.19423974,-0.18077214,-0.17167956,-0.19217618,-0.15708005,-0.14054683,-0.13014601,-0.12557748,-0.13809776,-0.1617409,-0.30584824,-0.16627952,-0.18105008,-0.192402,-0.11441202,-0.15092908,-0.14056659,-0.17779127,-0.16672213,-0.16463338,-0.14331086,-0.18237996,-0.1276667,-0.15279278,-0.13599497,-0.24156228,-0.17909543,-0.1031329,-0.13506381,-0.14224042,-0.17434034,-0.11032745,-0.13461494,-0.15304133,-0.15972884,-0.18148547,-0.15438518,-0.14896972,-0.19184028,-0.17489085,-0.16465348,-0.14723541,-0.14623587,-0.11499533,-0.10471026,-0.135131,-0.20148799,-0.17703098,-0.12513243,-0.16524026,-0.18041904,-0.18738703,-0.11705899,-0.17730415,-0.25698525,-0.09236318,-0.09237171,-0.11448394,-0.13607447,-0.14772597,-0.09833867,-0.18913312
k__Bacteria|p__Firmicutes|c__Clostridia|o__Eubacteriales|f__Clostridiaceae|g__Clostridium|s__Clostridium_SGB6176,-0.1004395,-0.12316422,-0.14189038,-0.20428483,-0.16717415,-0.19347712,-0.1666669,-0.14515242,-0.12503807,-0.1836848,-0.18332581,-0.22687459,-0.16890472,-0.20549476,-0.10303292,-0.099371746,-0.058144663,-0.09969492,-0.10781981,-0.17086309,-0.1978925,-0.12536043,-0.13631305,-0.15226364,-0.17149515,-0.11658599,-0.16749701,-0.17384571,-0.1509206,-0.12124001,-0.13519666,-0.105771296,-0.14850688,-0.19581816,-0.18916336,-0.2175087,-0.16108355,-0.22338755,-0.19739601,-0.29867563,-0.29210672,-0.19817038,-0.1071417,-0.09162698,-0.13691942,-0.15518135,-0.23188588,-0.19389533,-0.14655322,-0.2026537,-0.1839889,-0.18279888,-0.19757892,-0.19859585,-0.20360976,-0.15734822,-0.12573177,-0.14378923,-0.092060104,-0.09561347,-0.17129776,-0.14222105,-0.13743341,-0.14698267,-0.12719077,-0.15134256,-0.2613474,-0.22333384,-0.18886656,-0.20047067,-0.14565694,-0.14923576,-0.13083163,-0.14280659,-0.15053569,-0.16393894,-0.14644405,-0.16278498,-0.15957513,-0.14998752,-0.1472389,-0.15723348,-0.15323289,-0.22480208,-0.120334074,-0.14156263,-0.118393615,-0.16089454,-0.17403215,-0.1557806,-0.16811585,-0.11139822,-0.1388583,-0.13027036,-0.12856007,-0.15152657,-0.14254698,-0.115390286,-0.10065024,-0.090479836,-0.105396464,-0.12046725,-0.13503358,-0.15027548,-0.16032612,-0.1185138,-0.11129953,-0.1578567,-0.17738779,-0.13355774,-0.16418074,-0.25953975,-0.14877596,-0.13279116,-0.14177212,-0.15095688,-0.17780018,-0.16382463,-0.22917573,-0.09015879,-0.11024208,-0.13480306,-0.12966365,-0.13997786,-0.17386395,-0.13908121,-0.16057305,-0.12777606,-0.07092635,-0.03704006,-0.13732459,-0.16208777,-0.17888245,-0.14332479,-0.12334781,-0.13577315,-0.12023825,-0.13829985,-0.25318068,-0.26654312,-0.08342828,-0.10945694,-0.14434971,-0.09238048,-0.187921,-0.1904496,-0.15312016,-0.090268776,-0.13230102,-0.14964953,-0.1504063,-0.15901005,-0.17058313,-0.183505,-0.08791019,-0.12374362,-0.14127132,-0.10256614,-0.17951453,-0.19495486,-0.19101706,-0.100054115,-0.13113372,-0.07960716,-0.12782079,-0.19006202,-0.19335619,-0.19172716,-0.12331721,-0.07526134,-0.09709899,-0.118560895,-0.1365805,-0.12406494,-0.121451,-0.094494686,-0.09663036,-0.10847691,-0.082459606,-0.11281543,-0.13221432,-0.16703537,-0.1410757,-0.13649511,-0.18093297,-0.17825818,-0.19430192,-0.14476418,-0.15549555,-0.13540342,-0.119081676,-0.14001076,-0.19117098,-0.19139165,-0.1815916,-0.19755594,-0.25103784,-0.20219928,-0.19025357,-0.19133966,-0.1826267,-0.17419654,-0.27554205,-0.08916744,-0.11956477,-0.12804364,-0.15751183,-0.20931396,-0.18224281,-0.29657933,-0.32474133,-0.15372822,-0.3242122,-0.17325558,-0.17108874,-0.2185038,-0.17647925,-0.114121355,-0.14008671,-0.15388772,-0.15788373,-0.22984435,-0.18186735,-0.2570163,-0.104389414,-0.12455491,-0.13854182,-0.12412522,-0.15189947,-0.1549361,-0.15605351,-0.14014931,-0.15141064,-0.1629772,-0.1553552,-0.15351403,-0.15319642,-0.13397405,-0.12304445,-0.1464087,-0.19025595,-0.17708373,-0.21025829,-0.3990198,-0.20306692,-0.11341079,-0.1296617,-0.118485436,-0.14794672,-0.16636807,-0.18651126,-0.19164295,-0.1317474,-0.076544024,-0.15300307,-0.13982484,-0.14106366,-0.11798383,-0.19987361,-0.1649412,-0.1588628,-0.14165834,-0.123592705,-0.12722544,-0.14610182,-0.2588673,-0.10731513,-0.13074079,-0.09132757,-0.12832497,-0.12910008,-0.14983372,-0.151677,-0.09621502,-0.08910369,-0.12430329,-0.11056051,-0.13795008,-0.15085681,-0.17030323,-0.1429199,-0.11643195,-0.17399718,-0.1518909,-0.14238065,-0.12547687,-0.1418195,-0.17466888,-0.13176009,-0.13222761,-0.14574194,-0.122823924,-0.08722703,-0.05825615,-0.14346173,-0.17082691,-0.026243303,-0.16695473,-0.2829064,-0.31316653,-0.19837442,-0.14569227,-0.14331596,-0.14862512,-0.12963767,-0.25088155,-0.19384763,-0.18846515,-0.09455803,-0.1092474,-0.10702289,-0.093513094,-0.12759323,-0.15303418,-0.15746465,-0.16708507,-0.12812386,-0.0969081,-0.16398169,-0.14350817,-0.11335766,-0.18846886,-0.1706479,-0.15399906,-0.12567928,-0.115196005,-0.11286012,-0.11662802,-0.17592783,-0.13844238,-0.13430695,-0.096878245,-0.12109169,-0.09164078,-0.12434345,-0.13582131,-0.063823454,-0.13877153,-0.11419349,-0.13390982,-0.24483351,-0.2571875,-0.29957527,-0.1462408,-0.1567882,-0.13217331,-0.19104545,-0.0782174,-0.17235073,-0.16432849,-0.09859173,-0.11065883,-0.11451098,-0.076612435,-0.083404,-0.1213824,-0.13072303,-0.13855581,-0.19385117,-0.09896487,-0.15571328,-0.19487974,-0.1911887,-0.1869256,-0.111210845,-0.14313191,-0.1027894,-0.15912883,-0.19414747,-0.17269185,-0.16911206,-0.14284517,-0.14252824,-0.10195729,-0.15331408,-0.1616263,-0.18110275,-0.19515668,-0.12114622,-0.14724818,-0.11374484,-0.07995884,-0.14314301,-0.20725825,-0.16083054,-0.125103,-0.15657571,-0.15690626,-0.14372125,-0.19202894,-0.16262007,-0.18188182,-0.2963242,-0.19874117,-0.18134557,-0.17195922,-0.19330005,-0.15763721,-0.14054683,-0.13034773,-0.12557748,-0.13828245,-0.16368395,-0.30584824,-0.16693228,-0.18105686,-0.19281834,-0.11441202,-0.1505822,-0.14071433,-0.1781156,-0.16688354,-0.16448385,-0.14331086,-0.18237996,-0.12842461,-0.15350738,-0.1375965,-0.24156228,-0.17973034,-0.10321036,-0.13537827,-0.14184657,-0.17439331,-0.11034062,-0.13461654,-0.15206107,-0.15995115,-0.1820671,-0.15397902,-0.14906546,-0.19184028,-0.17544207,-0.16395167,-0.14723541,-0.14623587,-0.11499533,-0.10471026,-0.135103,-0.20148799,-0.17698103,-0.12513243,-0.16616394,-0.18041904,-0.18738703,-0.11705899,-0.17600548,-0.25946167,-0.09248683,-0.092204556,-0.11483822,-0.13599767,-0.14800477,-0.09852414,-0.18892327
k__Bacteria|p__Firmicutes|c__Bacilli|o__Bacillales|f__Paenibacillaceae|g__Paenibacillus|s__Paenibacillus_sp_79R4,-0.1004395,-0.12316422,-0.14137225,-0.20428483,-0.16626965,-0.19194764,-0.1666669,-0.14424042,-0.12502587,-0.18198137,-0.1826481,-0.221726,-0.16877028,-0.20297456,-0.103080235,-0.09927297,-0.058144663,-0.09923127,-0.10772749,-0.16960874,-0.1978925,-0.12536043,-0.13548611,-0.15109429,-0.1702641,-0.11658599,-0.16665569,-0.17245743,-0.1509206,-0.12124001,-0.13466725,-0.105847865,-0.14768784,-0.19410616,-0.18757832,-0.2175087,-0.16027054,-0.22338755,-0.19601472,-0.29867563,-0.29210672,-0.1964483,-0.10693512,-0.09162698,-0.13691942,-0.15439487,-0.23188588,-0.1924975,-0.14569804,-0.2026537,-0.18324116,-0.18279888,-0.19572464,-0.19646192,-0.20050761,-0.15597963,-0.12515125,-0.14287375,-0.09198407,-0.09551061,-0.16989277,-0.14135087,-0.13743341,-0.14612125,-0.12719077,-0.15076666,-0.2613474,-0.22333384,-0.18759975,-0.20047067,-0.14455381,-0.14832944,-0.13012801,-0.14184086,-0.1490063,-0.16238423,-0.14535484,-0.16278498,-0.15885012,-0.14998752,-0.1464085,-0.15631464,-0.15220907,-0.22480208,-0.120334074,-0.14085305,-0.11800036,-0.15952381,-0.17249727,-0.15507194,-0.166878,-0.11139822,-0.1388583,-0.13027036,-0.1279617,-0.15152657,-0.14208966,-0.11501994,-0.10065024,-0.09068267,-0.10516206,-0.11990385,-0.13429648,-0.15027548,-0.15922752,-0.1185138,-0.11129953,-0.1578567,-0.17738779,-0.13252132,-0.16333658,-0.25953975,-0.14799215,-0.1324068,-0.1409881,-0.15095688,-0.17780018,-0.16310665,-0.22917573,-0.09015879,-0.11013381,-0.13421972,-0.12900364,-0.13997786,-0.17291611,-0.13908121,-0.16057305,-0.12777606,-0.07092635,-0.03704006,-0.13669793,-0.16098756,-0.17748052,-0.14332479,-0.12334781,-0.13549225,-0.12023825,-0.13743994,-0.25318068,-0.26654312,-0.08367788,-0.10945694,-0.14336531,-0.09238048,-0.18662551,-0.18903245,-0.15251508,-0.09037727,-0.13230102,-0.1488905,-0.14956808,-0.15788682,-0.16936421,-0.1817239,-0.08817076,-0.12310664,-0.14051387,-0.10256614,-0.17951453,-0.19495486,-0.18921316,-0.09992283,-0.13113372,-0.07948905,-0.1273738,-0.19006202,-0.19175488,-0.19023776,-0.1226764,-0.075791985,-0.09699371,-0.118235104,-0.1359549,-0.12406494,-0.121451,-0.09443977,-0.09678842,-0.108407274,-0.082459606,-0.11253595,-0.13169935,-0.16573828,-0.1410757,-0.13602561,-0.18093297,-0.17825818,-0.19278699,-0.14403054,-0.15549555,-0.13459745,-0.119081676,-0.14001076,-0.19117098,-0.18997003,-0.18038136,-0.19755594,-0.25103784,-0.20219928,-0.18911472,-0.1900588,-0.18140803,-0.17319909,-0.27554205,-0.08916744,-0.11956477,-0.12797199,-0.15751183,-0.20931396,-0.18224281,-0.29657933,-0.32474133,-0.15498444,-0.3242122,-0.17325558,-0.17108874,-0.2185038,-0.17647925,-0.114121355,-0.13963026,-0.15388772,-0.15788373,-0.22984435,-0.18186735,-0.25425285,-0.10423175,-0.12455491,-0.13795418,-0.123634785,-0.15189947,-0.15375182,-0.15478487,-0.14014931,-0.15141064,-0.16151467,-0.15446031,-0.15246195,-0.15246008,-0.13348356,-0.122613534,-0.14569248,-0.18842198,-0.17588547,-0.21025829,-0.3990198,-0.20151734,-0.11318205,-0.1296617,-0.117864005,-0.14712885,-0.16636807,-0.1849174,-0.19031374,-0.13143784,-0.07691385,-0.15181719,-0.13929841,-0.14106366,-0.11744022,-0.19987361,-0.1649412,-0.15828401,-0.14105576,-0.123292305,-0.12722544,-0.14610182,-0.2588673,-0.10721232,-0.13074079,-0.09132757,-0.12832497,-0.12835842,-0.14915244,-0.15057254,-0.09618676,-0.08910369,-0.12383177,-0.110458456,-0.13730687,-0.15010768,-0.16893521,-0.14215265,-0.11629113,-0.17276238,-0.15116557,-0.14147718,-0.12513936,-0.14077705,-0.17466888,-0.13176009,-0.1315961,-0.14494148,-0.12238428,-0.08722703,-0.05825615,-0.14275481,-0.17082691,-0.026243303,-0.16662593,-0.2829064,-0.31316653,-0.19690181,-0.14478628,-0.14331596,-0.14862512,-0.12963767,-0.25088155,-0.19217776,-0.18684636,-0.09463313,-0.10890801,-0.10702289,-0.09302527,-0.12759323,-0.15236,-0.15746465,-0.16584177,-0.12812386,-0.0969081,-0.16398169,-0.14245194,-0.11335766,-0.18846886,-0.1706479,-0.15308495,-0.12511513,-0.115196005,-0.11240542,-0.11662802,-0.17460191,-0.13758735,-0.13353986,-0.096878245,-0.12071007,-0.09163134,-0.12434345,-0.13520351,-0.063823454,-0.13877153,-0.11419349,-0.13327263,-0.24483351,-0.2571875,-0.29957527,-0.14533098,-0.1557056,-0.13144132,-0.19104545,-0.0782174,-0.17103896,-0.1631634,-0.09859173,-0.11065883,-0.11421557,-0.076612435,-0.083404,-0.1213824,-0.13072303,-0.13855581,-0.19385117,-0.09863198,-0.15482408,-0.19487974,-0.18991913,-0.18547828,-0.110962205,-0.14253356,-0.10252248,-0.15759198,-0.19255911,-0.170883,-0.16829368,-0.14209424,-0.14167787,-0.10210772,-0.15245852,-0.16064888,-0.18006805,-0.19369474,-0.120635,-0.14629176,-0.11378669,-0.080277875,-0.14216675,-0.20725825,-0.15986611,-0.125103,-0.15657571,-0.15690626,-0.14319749,-0.19202894,-0.1616846,-0.18032244,-0.2963242,-0.198077,-0.18034725,-0.1712197,-0.19191784,-0.1569242,-0.14054683,-0.12980303,-0.12557748,-0.13786945,-0.16290674,-0.30584824,-0.16608948,-0.17957373,-0.1914874,-0.11441202,-0.14969628,-0.14011464,-0.17684717,-0.16567324,-0.16334371,-0.14331086,-0.18237996,-0.12815665,-0.15269002,-0.13683113,-0.24156228,-0.17902152,-0.103001624,-0.13497874,-0.14082268,-0.17291053,-0.110298514,-0.13409433,-0.15077867,-0.15870805,-0.18099266,-0.15264915,-0.14805682,-0.19184028,-0.17433837,-0.1625557,-0.14723541,-0.14623587,-0.11499533,-0.10471026,-0.13442683,-0.20148799,-0.17557874,-0.12513243,-0.16584158,-0.18041904,-0.18738703,-0.11705899,-0.17396146,-0.25723487,-0.092628926,-0.092260204,-0.11466901,-0.13522214,-0.14710543,-0.09858649,-0.18733001
k__Bacteria|p__Firmicutes|c__Clostridia|o__Eubacteriales|f__Oscillospiraceae|g__Agathobaculum|s__Agathobaculum_desmolans,-0.1004395,-0.12316422,-0.1413188,-0.20428483,-0.16661072,-0.19323629,-0.1666669,-0.14497614,-0.12494041,-0.1835042,-0.1833179,-0.22230402,-0.16954096,-0.20425832,-0.10293271,-0.0990677,-0.058144663,-0.0994343,-0.107439406,-0.17046931,-0.1978925,-0.12536043,-0.13605234,-0.1520183,-0.17110147,-0.11658599,-0.16746974,-0.17368883,-0.1509206,-0.12124001,-0.13516247,-0.10540964,-0.14825113,-0.19522455,-0.1889153,-0.2175087,-0.1603628,-0.22338755,-0.19681403,-0.29867563,-0.29210672,-0.19760434,-0.10700053,-0.09162698,-0.13691942,-0.15480946,-0.23188588,-0.193645,-0.14641577,-0.2026537,-0.18379788,-0.18279888,-0.19670185,-0.19725466,-0.20153427,-0.15767626,-0.125409,-0.14353089,-0.09185957,-0.095205344,-0.17100129,-0.1420376,-0.13743341,-0.14674161,-0.12719077,-0.15133086,-0.2613474,-0.22333384,-0.18840109,-0.20047067,-0.1453748,-0.14903489,-0.13039552,-0.14234237,-0.15013999,-0.16356649,-0.1463966,-0.16278498,-0.15937012,-0.14998752,-0.14699012,-0.15686889,-0.1529565,-0.22480208,-0.120334074,-0.14135619,-0.11796434,-0.16062284,-0.17363578,-0.15544772,-0.16803946,-0.11139822,-0.1388583,-0.13027036,-0.12843181,-0.15152657,-0.14261484,-0.11537857,-0.10065024,-0.09022416,-0.105144486,-0.12012918,-0.13469738,-0.15027548,-0.16021731,-0.1185138,-0.11129953,-0.1578567,-0.17738779,-0.13333136,-0.16349801,-0.25953975,-0.14857441,-0.13252613,-0.14137903,-0.15095688,-0.17780018,-0.16347882,-0.22917573,-0.09015879,-0.11012706,-0.13452941,-0.12935597,-0.13997786,-0.17366529,-0.13908121,-0.16057305,-0.12777606,-0.07092635,-0.03704006,-0.13706423,-0.16180314,-0.17876326,-0.14332479,-0.12334781,-0.13589758,-0.12023825,-0.13790202,-0.25318068,-0.26654312,-0.083229214,-0.10945694,-0.14424944,-0.09238048,-0.18781078,-0.18999574,-0.15304238,-0.09001696,-0.13230102,-0.14941566,-0.15008323,-0.15861994,-0.17019638,-0.18332659,-0.08758491,-0.12354173,-0.14096756,-0.10256614,-0.17951453,-0.19495486,-0.1907196,-0.099841885,-0.13113372,-0.07891407,-0.12740065,-0.19006202,-0.19287267,-0.19148928,-0.123193875,-0.07509972,-0.09694032,-0.118242666,-0.13639355,-0.12406494,-0.121451,-0.09421694,-0.09650051,-0.10841002,-0.082459606,-0.112715535,-0.13212769,-0.16695297,-0.1410757,-0.13620377,-0.18093297,-0.17825818,-0.19385545,-0.14447714,-0.15549555,-0.13511102,-0.119081676,-0.14001076,-0.19117098,-0.1908811,-0.18117455,-0.19755594,-0.25103784,-0.20219928,-0.19018091,-0.19093235,-0.18239805,-0.17378691,-0.27554205,-0.08916744,-0.11956477,-0.12795912,-0.15751183,-0.20931396,-0.18224281,-0.29657933,-0.32474133,-0.15480915,-0.3242122,-0.17325558,-0.17108874,-0.2185038,-0.17647925,-0.114121355,-0.13985795,-0.15388772,-0.15788373,-0.22984435,-0.18186735,-0.25520906,-0.104094446,-0.12455491,-0.13840641,-0.1238735,-0.15189947,-0.15467374,-0.15596469,-0.14014931,-0.15141064,-0.16265213,-0.15499616,-0.1532765,-0.15293841,-0.13386115,-0.122809894,-0.14620887,-0.18988186,-0.17670588,-0.21025829,-0.3990198,-0.20317894,-0.11329453,-0.1296617,-0.1182556,-0.14768107,-0.16636807,-0.18643796,-0.19140345,-0.13162844,-0.07629898,-0.15273112,-0.13960737,-0.14106366,-0.117702544,-0.19987361,-0.1649412,-0.15872142,-0.14139794,-0.12344085,-0.12722544,-0.14610182,-0.2588673,-0.107048646,-0.13074079,-0.09132757,-0.12832497,-0.12884133,-0.1496005,-0.1516088,-0.09603241,-0.08910369,-0.1241196,-0.11024976,-0.13770244,-0.15061374,-0.17005286,-0.14269759,-0.11636612,-0.17380822,-0.15170458,-0.14215067,-0.12512392,-0.14190245,-0.17466888,-0.13176009,-0.13204393,-0.14558935,-0.122647345,-0.08722703,-0.05825615,-0.14331174,-0.17082691,-0.026243303,-0.16695154,-0.2829064,-0.31316653,-0.19825187,-0.14540322,-0.14331596,-0.14862512,-0.12963767,-0.25088155,-0.19330806,-0.18826613,-0.09432019,-0.10909379,-0.10702289,-0.09311971,-0.12759323,-0.15295568,-0.15746465,-0.16681632,-0.12812386,-0.0969081,-0.16398169,-0.14325665,-0.11335766,-0.18846886,-0.1706479,-0.15369445,-0.12550604,-0.115196005,-0.1125492,-0.11662802,-0.17603725,-0.13812804,-0.13410597,-0.096878245,-0.12089336,-0.0914188,-0.12434345,-0.13591874,-0.063823454,-0.13877153,-0.11419349,-0.13355544,-0.24483351,-0.2571875,-0.29957527,-0.14588937,-0.15650755,-0.13171032,-0.19104545,-0.0782174,-0.1722545,-0.16414993,-0.09859173,-0.11065883,-0.11461989,-0.076612435,-0.083404,-0.1213824,-0.13072303,-0.13855581,-0.19385117,-0.09848777,-0.1553508,-0.19487974,-0.1908291,-0.18664096,-0.11098261,-0.14305268,-0.102636814,-0.15882376,-0.19350973,-0.17244689,-0.16890186,-0.14256945,-0.14230242,-0.10158287,-0.15306716,-0.16134726,-0.18092945,-0.19491142,-0.12089089,-0.14718972,-0.11384803,-0.079850614,-0.14233723,-0.20725825,-0.16064376,-0.125103,-0.15657571,-0.15690626,-0.14353965,-0.19202894,-0.16227636,-0.18175377,-0.2963242,-0.19817221,-0.18118306,-0.17167717,-0.19281247,-0.157401,-0.14054683,-0.13005441,-0.12557748,-0.13816763,-0.16312066,-0.30584824,-0.1667732,-0.18086442,-0.19252038,-0.11441202,-0.15037745,-0.14042777,-0.17777985,-0.16651322,-0.16437992,-0.14331086,-0.18237996,-0.12819168,-0.15328577,-0.13674429,-0.24156228,-0.17976242,-0.102893636,-0.13516825,-0.14152892,-0.17407277,-0.11013761,-0.13438535,-0.1520004,-0.15968761,-0.18177614,-0.15369189,-0.14847481,-0.19184028,-0.17501366,-0.16396049,-0.14723541,-0.14623587,-0.11499533,-0.10471026,-0.13470078,-0.20148799,-0.17676087,-0.12513243,-0.16626441,-0.18041904,-0.18738703,-0.11705899,-0.17610952,-0.25864595,-0.092271,-0.09206881,-0.114563644,-0.13574281,-0.14768758,-0.09821442,-0.18879113
k__Bacteria|p__Firmicutes|c__Negativicutes|o__Veillonellales|f__Veillonellaceae|g__Megasphaera|s__Megasphaera_elsdenii,-0.1004395,-0.12316422,-0.14161354,-0.20428483,-0.16737053,-0.19348009,-0.1666669,-0.14546016,-0.12513566,-0.18418083,-0.18354616,-0.22388664,-0.17019083,-0.20588061,-0.10331468,-0.09955088,-0.058144663,-0.10016434,-0.1078369,-0.17100964,-0.1978925,-0.12536043,-0.1366475,-0.15267077,-0.17175007,-0.11658599,-0.16798823,-0.17448504,-0.1509206,-0.12124001,-0.13538146,-0.105750486,-0.14845967,-0.19590142,-0.1894123,-0.2175087,-0.16087146,-0.22338755,-0.19726673,-0.29867563,-0.29210672,-0.19816306,-0.10753936,-0.09162698,-0.13691942,-0.15540603,-0.23188588,-0.19421668,-0.14674528,-0.2026537,-0.18427986,-0.18279888,-0.19714259,-0.19774681,-0.2023074,-0.15875791,-0.12590778,-0.1440495,-0.09233362,-0.095700964,-0.17158791,-0.14255257,-0.13743341,-0.14720051,-0.12719077,-0.1515469,-0.2613474,-0.22333384,-0.18930516,-0.20047067,-0.14599925,-0.14957398,-0.13075802,-0.14291063,-0.15101321,-0.16445309,-0.14682668,-0.16278498,-0.15976997,-0.14998752,-0.14755286,-0.15722981,-0.1534105,-0.22480208,-0.120334074,-0.14178623,-0.118490875,-0.16137365,-0.17435607,-0.15572524,-0.16846943,-0.11139822,-0.1388583,-0.13027036,-0.12886012,-0.15152657,-0.14289561,-0.11581813,-0.10065024,-0.09063893,-0.10571076,-0.120698035,-0.13523518,-0.15027548,-0.16078395,-0.1185138,-0.11129953,-0.1578567,-0.17738779,-0.13357177,-0.16351473,-0.25953975,-0.14896223,-0.13278346,-0.14168444,-0.15095688,-0.17780018,-0.163681,-0.22917573,-0.09015879,-0.110412665,-0.13489138,-0.12980361,-0.13997786,-0.17403635,-0.13908121,-0.16057305,-0.12777606,-0.07092635,-0.03704006,-0.13743928,-0.16237426,-0.17926824,-0.14332479,-0.12334781,-0.13614523,-0.12023825,-0.13838738,-0.25318068,-0.26654312,-0.083760515,-0.10945694,-0.14472751,-0.09238048,-0.18818744,-0.19060224,-0.15341327,-0.090526834,-0.13230102,-0.14982836,-0.15058175,-0.1592407,-0.17079763,-0.1839973,-0.08799902,-0.12403435,-0.1416576,-0.10256614,-0.17951453,-0.19495486,-0.19133666,-0.100208655,-0.13113372,-0.079305544,-0.12798822,-0.19006202,-0.19368988,-0.19189486,-0.123806655,-0.07560556,-0.09724747,-0.11860265,-0.13682617,-0.12406494,-0.121451,-0.0946731,-0.096857116,-0.10876784,-0.082459606,-0.113058105,-0.1326522,-0.1675939,-0.1410757,-0.13654184,-0.18093297,-0.17825818,-0.19426396,-0.14476201,-0.15549555,-0.13556927,-0.119081676,-0.14001076,-0.19117098,-0.19152632,-0.18160026,-0.19755594,-0.25103784,-0.20219928,-0.19043308,-0.19125941,-0.18282384,-0.17391127,-0.27554205,-0.08916744,-0.11956477,-0.12813818,-0.15751183,-0.20931396,-0.18224281,-0.29657933,-0.32474133,-0.15254667,-0.3242122,-0.17325558,-0.17108874,-0.2185038,-0.17647925,-0.114121355,-0.14015403,-0.15388772,-0.15788373,-0.22984435,-0.18186735,-0.255579,-0.10453175,-0.12455491,-0.13883828,-0.1243765,-0.15189947,-0.1554086,-0.15654212,-0.14014931,-0.15141064,-0.16336197,-0.1555005,-0.1537037,-0.15320216,-0.13419712,-0.12317257,-0.14656715,-0.19064227,-0.17725083,-0.21025829,-0.3990198,-0.20243403,-0.113738775,-0.1296617,-0.118677095,-0.1481227,-0.16636807,-0.18714097,-0.19189313,-0.13191253,-0.076666296,-0.15317324,-0.13999906,-0.14106366,-0.1183684,-0.19987361,-0.1649412,-0.15892985,-0.14148585,-0.123894624,-0.12722544,-0.14610182,-0.2588673,-0.10743202,-0.13074079,-0.09132757,-0.12832497,-0.12946239,-0.15009841,-0.1522762,-0.09654929,-0.08910369,-0.12450978,-0.11076482,-0.13812906,-0.15104425,-0.17063062,-0.14310515,-0.11660327,-0.17437387,-0.15215264,-0.14268404,-0.12549192,-0.14242807,-0.17466888,-0.13176009,-0.13227107,-0.14605102,-0.12316652,-0.08722703,-0.05825615,-0.14367387,-0.17082691,-0.026243303,-0.16700685,-0.2829064,-0.31316653,-0.19782364,-0.14590447,-0.14331596,-0.14862512,-0.12963767,-0.25088155,-0.19409305,-0.1886946,-0.09466133,-0.10954049,-0.10702289,-0.09366445,-0.12759323,-0.15317953,-0.15746465,-0.1674153,-0.12812386,-0.0969081,-0.16398169,-0.14414135,-0.11335766,-0.18846886,-0.1706479,-0.15409714,-0.12586163,-0.115196005,-0.112908125,-0.11662802,-0.17660081,-0.13866746,-0.1346372,-0.096878245,-0.12130451,-0.09199794,-0.12434345,-0.13636579,-0.063823454,-0.13877153,-0.11419349,-0.13385013,-0.24483351,-0.2571875,-0.29957527,-0.14636979,-0.15698521,-0.1321241,-0.19104545,-0.0782174,-0.17223954,-0.16468213,-0.09859173,-0.11065883,-0.115025505,-0.076612435,-0.083404,-0.1213824,-0.13072303,-0.13855581,-0.19385117,-0.09901281,-0.15570892,-0.19487974,-0.1913087,-0.1870828,-0.11145246,-0.14351983,-0.10312225,-0.15945977,-0.19417125,-0.17302646,-0.1693928,-0.14304188,-0.1427409,-0.10172812,-0.15349218,-0.16198596,-0.18117997,-0.19543137,-0.12137972,-0.147711,-0.11411697,-0.080203585,-0.14272769,-0.20725825,-0.16113299,-0.125103,-0.15657571,-0.15690626,-0.14391157,-0.19202894,-0.16273999,-0.18224272,-0.2963242,-0.19737092,-0.18115419,-0.17233837,-0.19316597,-0.15769413,-0.14054683,-0.13047828,-0.12557748,-0.13849714,-0.16333601,-0.30584824,-0.16668272,-0.18136975,-0.19305587,-0.11441202,-0.15085855,-0.1410068,-0.17826834,-0.16706067,-0.16492137,-0.14331086,-0.18237996,-0.12824619,-0.15347394,-0.13678002,-0.24156228,-0.18002614,-0.10341881,-0.13552925,-0.14211413,-0.17472467,-0.110537395,-0.13467377,-0.15270251,-0.16043556,-0.18219689,-0.15430063,-0.14924587,-0.19184028,-0.17550457,-0.16454189,-0.14723541,-0.14623587,-0.11499533,-0.10471026,-0.13508445,-0.20148799,-0.17739683,-0.12513243,-0.16672906,-0.18041904,-0.18738703,-0.11705899,-0.1764549,-0.25935972,-0.09275737,-0.09250659,-0.11485247,-0.13619864,-0.14818722,-0.098491564,-0.18937124
k__Bacteria|p__Firmicutes|c__Negativicutes|o__Veillonellales|f__Veillonellaceae|g__Veillonella|s__Veillonella_seminalis,-0.1004395,-0.12316422,-0.14198324,-0.20428483,-0.16720939,-0.1936459,-0.1666669,-0.14518476,-0.12518877,-0.18378174,-0.18297276,-0.22478276,-0.16888767,-0.20450877,-0.10308403,-0.09926863,-0.058144663,-0.09948306,-0.10787512,-0.17095071,-0.1978925,-0.12536043,-0.13623871,-0.15223366,-0.17153417,-0.11658599,-0.16759796,-0.1738435,-0.1509206,-0.12124001,-0.13527721,-0.10584142,-0.14854984,-0.19574976,-0.1892254,-0.2175087,-0.16120575,-0.22338755,-0.19745629,-0.29867563,-0.29210672,-0.19812949,-0.107171446,-0.09162698,-0.13691942,-0.15521935,-0.23188588,-0.19388884,-0.14665017,-0.2026537,-0.18432656,-0.18279888,-0.19739377,-0.19809854,-0.20296705,-0.1571522,-0.12574771,-0.14376985,-0.09211223,-0.09566736,-0.17133836,-0.14226995,-0.13743341,-0.1469911,-0.12719077,-0.15157753,-0.2613474,-0.22333384,-0.18887568,-0.20047067,-0.14563638,-0.14922345,-0.13082626,-0.14269763,-0.15044792,-0.16382682,-0.14662674,-0.16278498,-0.15960953,-0.14998752,-0.1472215,-0.15728658,-0.15325715,-0.22480208,-0.120334074,-0.14157486,-0.11839865,-0.160906,-0.1740102,-0.15581271,-0.16822127,-0.11139822,-0.1388583,-0.13027036,-0.12862813,-0.15152657,-0.14270484,-0.115410574,-0.10065024,-0.09049365,-0.10543071,-0.12048798,-0.1350761,-0.15027548,-0.16037999,-0.1185138,-0.11129953,-0.1578567,-0.17738779,-0.13348031,-0.16438475,-0.25953975,-0.14884359,-0.132799,-0.1417515,-0.15095688,-0.17780018,-0.16398147,-0.22917573,-0.09015879,-0.110237345,-0.13484001,-0.12961313,-0.13997786,-0.17392507,-0.13908121,-0.16057305,-0.12777606,-0.07092635,-0.03704006,-0.13730839,-0.16216251,-0.17887568,-0.14332479,-0.12334781,-0.13591573,-0.12023825,-0.13830975,-0.25318068,-0.26654312,-0.08350589,-0.10945694,-0.14436439,-0.09238048,-0.18801904,-0.19040057,-0.15311863,-0.09032713,-0.13230102,-0.14968821,-0.15040481,-0.15900487,-0.17059891,-0.18362999,-0.087999985,-0.12370036,-0.14111787,-0.10256614,-0.17951453,-0.19495486,-0.19108057,-0.100153446,-0.13113372,-0.07951537,-0.12787229,-0.19006202,-0.19332659,-0.19179207,-0.12330964,-0.07540947,-0.09717628,-0.11856559,-0.1365852,-0.12406494,-0.121451,-0.094489366,-0.09668079,-0.108526774,-0.082459606,-0.11285333,-0.13225925,-0.16706054,-0.1410757,-0.13659884,-0.18093297,-0.17825818,-0.19432908,-0.14483541,-0.15549555,-0.13543186,-0.119081676,-0.14001076,-0.19117098,-0.19137198,-0.18159893,-0.19755594,-0.25103784,-0.20219928,-0.19040674,-0.19142903,-0.18267927,-0.17427933,-0.27554205,-0.08916744,-0.11956477,-0.1281951,-0.15751183,-0.20931396,-0.18224281,-0.29657933,-0.32474133,-0.15432052,-0.3242122,-0.17325558,-0.17108874,-0.2185038,-0.17647925,-0.114121355,-0.1401485,-0.15388772,-0.15788373,-0.22984435,-0.18186735,-0.25646353,-0.10441155,-0.12455491,-0.13858804,-0.12418173,-0.15189947,-0.1549482,-0.15608618,-0.14014931,-0.15141064,-0.16296747,-0.15538798,-0.153553,-0.1532325,-0.13400832,-0.12311782,-0.14640172,-0.1901792,-0.17694202,-0.21025829,-0.3990198,-0.2026889,-0.11345841,-0.1296617,-0.118426725,-0.14798586,-0.16636807,-0.18654403,-0.19178724,-0.1317763,-0.07673553,-0.1530608,-0.13995272,-0.14106366,-0.117893234,-0.19987361,-0.1649412,-0.15896672,-0.14170125,-0.123558015,-0.12722544,-0.14610182,-0.2588673,-0.10736464,-0.13074079,-0.09132757,-0.12832497,-0.12909183,-0.1498694,-0.15170917,-0.0962435,-0.08910369,-0.12432943,-0.11059773,-0.1379599,-0.15090501,-0.1703308,-0.14300007,-0.11650347,-0.17400864,-0.15193537,-0.14231525,-0.12552428,-0.14182399,-0.17466888,-0.13176009,-0.13233411,-0.14572203,-0.12288668,-0.08722703,-0.05825615,-0.14355528,-0.17082691,-0.026243303,-0.16711807,-0.2829064,-0.31316653,-0.19844401,-0.14571199,-0.14331596,-0.14862512,-0.12963767,-0.25088155,-0.19381502,-0.18857892,-0.0946618,-0.10928342,-0.10702289,-0.09348312,-0.12759323,-0.15311378,-0.15746465,-0.16707617,-0.12812386,-0.0969081,-0.16398169,-0.14340529,-0.11335766,-0.18846886,-0.1706479,-0.15400185,-0.12575239,-0.115196005,-0.112864785,-0.11662802,-0.17599444,-0.1384424,-0.13429889,-0.096878245,-0.1210677,-0.09167634,-0.12434345,-0.13585,-0.063823454,-0.13877153,-0.11419349,-0.13398036,-0.24483351,-0.2571875,-0.29957527,-0.14624953,-0.15678719,-0.13223591,-0.19104545,-0.0782174,-0.1725236,-0.16425566,-0.09859173,-0.11065883,-0.11455457,-0.076612435,-0.083404,-0.1213824,-0.13072303,-0.13855581,-0.19385117,-0.098989815,-0.15585974,-0.19487974,-0.1913039,-0.18697727,-0.11127438,-0.14310516,-0.1028799,-0.15918714,-0.19415903,-0.17250784,-0.16924958,-0.14287189,-0.1425178,-0.1020142,-0.15334818,-0.1616379,-0.18120313,-0.1952019,-0.121203184,-0.14727448,-0.11388419,-0.0800302,-0.14317542,-0.20725825,-0.16095811,-0.125103,-0.15657571,-0.15690626,-0.14378078,-0.19202894,-0.16270463,-0.1819902,-0.2963242,-0.19904989,-0.18138587,-0.17193767,-0.19328965,-0.1576325,-0.14054683,-0.13038613,-0.12557748,-0.13839664,-0.1637181,-0.30584824,-0.1670847,-0.18109345,-0.19293839,-0.11441202,-0.15060402,-0.14072134,-0.17816266,-0.16692518,-0.16455081,-0.14331086,-0.18237996,-0.1285733,-0.15343416,-0.137676,-0.24156228,-0.1799233,-0.10323836,-0.13540655,-0.14186224,-0.17441852,-0.11041616,-0.13467653,-0.15209699,-0.1599176,-0.18212977,-0.15395598,-0.14910308,-0.19184028,-0.1755518,-0.16396601,-0.14723541,-0.14623587,-0.11499533,-0.10471026,-0.13514264,-0.20148799,-0.177071,-0.12513243,-0.16612679,-0.18041904,-0.18738703,-0.11705899,-0.17614466,-0.2595937,-0.09255773,-0.09223024,-0.11492942,-0.13599111,-0.14797196,-0.09857784,-0.18908212
k__Bacteria|p__Firmicutes|c__Bacilli|o__Lactobacillales|f__Lactobacillaceae|g__Pediococcus|s__Pediococcus_pentosaceus,-0.1004395,-0.12316422,-0.14273861,-0.20428483,-0.16794676,-0.19314107,-0.1666669,-0.14455223,-0.12582034,-0.18249005,-0.18417157,-0.22140159,-0.16940002,-0.20324472,-0.10300532,-0.09904819,-0.058144663,-0.09853122,-0.10820483,-0.17049223,-0.1978925,-0.12536043,-0.13572372,-0.15115102,-0.17095254,-0.11658599,-0.16752386,-0.17275196,-0.1509206,-0.12124001,-0.13510883,-0.10641907,-0.14845836,-0.19526325,-0.1882405,-0.2175087,-0.16241303,-0.22338755,-0.19763906,-0.29867563,-0.29210672,-0.19713962,-0.10686648,-0.09162698,-0.13691942,-0.15548325,-0.23188588,-0.19382124,-0.14633533,-0.2026537,-0.18585858,-0.18279888,-0.19685933,-0.19742456,-0.2004545,-0.15512675,-0.1253755,-0.14316714,-0.091608785,-0.09548187,-0.1706056,-0.1413648,-0.13743341,-0.14663832,-0.12719077,-0.15165272,-0.2613474,-0.22333384,-0.18898562,-0.20047067,-0.14465766,-0.14872935,-0.13049966,-0.14214613,-0.14861685,-0.16244575,-0.1455444,-0.16278498,-0.16020839,-0.14998752,-0.14682335,-0.15736942,-0.15271512,-0.22480208,-0.120334074,-0.14128572,-0.11841628,-0.15977633,-0.17318946,-0.15611489,-0.16742945,-0.11139822,-0.1388583,-0.13027036,-0.12804443,-0.15152657,-0.14276755,-0.114839524,-0.10065024,-0.0907029,-0.105069324,-0.120011985,-0.13473216,-0.15027548,-0.15961304,-0.1185138,-0.11129953,-0.1578567,-0.17738779,-0.13207549,-0.16485858,-0.25953975,-0.14877719,-0.13316971,-0.14147279,-0.15095688,-0.17780018,-0.16494787,-0.22917573,-0.09015879,-0.11045069,-0.13471133,-0.12916312,-0.13997786,-0.17410016,-0.13908121,-0.16057305,-0.12777606,-0.07092635,-0.03704006,-0.13748589,-0.16161877,-0.17806223,-0.14332479,-0.12334781,-0.13599928,-0.12023825,-0.1376195,-0.25318068,-0.26654312,-0.083413765,-0.10945694,-0.14313059,-0.09238048,-0.18787149,-0.19026059,-0.1533483,-0.090330146,-0.13230102,-0.14965606,-0.15028031,-0.1585159,-0.17026418,-0.18180984,-0.08832288,-0.12298149,-0.14065035,-0.10256614,-0.17951453,-0.19495486,-0.18971448,-0.09983836,-0.13113372,-0.078791484,-0.12769774,-0.19006202,-0.19281131,-0.19124663,-0.12243155,-0.07563634,-0.09677255,-0.11853758,-0.13626884,-0.12406494,-0.121451,-0.09426719,-0.09683759,-0.108325824,-0.082459606,-0.112465695,-0.13188376,-0.16602471,-0.1410757,-0.13698435,-0.18093297,-0.17825818,-0.19408923,-0.14467558,-0.15549555,-0.13471839,-0.119081676,-0.14001076,-0.19117098,-0.19141534,-0.181683,-0.19755594,-0.25103784,-0.20219928,-0.1909084,-0.19179818,-0.18256131,-0.17484641,-0.27554205,-0.08916744,-0.11956477,-0.12889643,-0.15751183,-0.20931396,-0.18224281,-0.29657933,-0.32474133,-0.15788978,-0.3242122,-0.17325558,-0.17108874,-0.2185038,-0.17647925,-0.114121355,-0.14060375,-0.15388772,-0.15788373,-0.22984435,-0.18186735,-0.25639722,-0.104306445,-0.12455491,-0.13836916,-0.12383962,-0.15189947,-0.15399976,-0.15490031,-0.14014931,-0.15141064,-0.16171212,-0.1554338,-0.15293926,-0.15327743,-0.13382836,-0.122967884,-0.14652394,-0.18886301,-0.17720544,-0.21025829,-0.3990198,-0.2020647,-0.11327873,-0.1296617,-0.11768317,-0.14763454,-0.16636807,-0.18531024,-0.19152354,-0.13202426,-0.076704174,-0.15197864,-0.1399577,-0.14106366,-0.11752978,-0.19987361,-0.1649412,-0.15976116,-0.14168118,-0.12338324,-0.12722544,-0.14610182,-0.2588673,-0.10745902,-0.13074079,-0.09132757,-0.12832497,-0.12834057,-0.14999741,-0.15058869,-0.09596549,-0.08910369,-0.12385181,-0.11072121,-0.13780941,-0.15085763,-0.169295,-0.1426388,-0.11671539,-0.17340897,-0.15191737,-0.14171037,-0.12574077,-0.14074785,-0.17466888,-0.13176009,-0.13190721,-0.14523101,-0.12240569,-0.08722703,-0.05825615,-0.14323482,-0.17082691,-0.026243303,-0.16830276,-0.2829064,-0.31316653,-0.19778149,-0.14530534,-0.14331596,-0.14862512,-0.12963767,-0.25088155,-0.19337657,-0.18757263,-0.09465636,-0.10872066,-0.10702289,-0.091965824,-0.12759323,-0.15315932,-0.15746465,-0.16660576,-0.12812386,-0.0969081,-0.16398169,-0.1422157,-0.11335766,-0.18846886,-0.1706479,-0.1539721,-0.12516943,-0.115196005,-0.112274826,-0.11662802,-0.17488346,-0.13789967,-0.13357902,-0.096878245,-0.12073928,-0.09132221,-0.12434345,-0.13531834,-0.063823454,-0.13877153,-0.11419349,-0.1338121,-0.24483351,-0.2571875,-0.29957527,-0.14590895,-0.15621197,-0.13180682,-0.19104545,-0.0782174,-0.17176408,-0.1634444,-0.09859173,-0.11065883,-0.114029124,-0.076612435,-0.083404,-0.1213824,-0.13072303,-0.13855581,-0.19385117,-0.098429486,-0.15567696,-0.19487974,-0.19145067,-0.18628308,-0.11114524,-0.1429925,-0.10233487,-0.15760398,-0.1940126,-0.17057645,-0.16938376,-0.14269796,-0.14204192,-0.1027382,-0.15299468,-0.16151069,-0.18141201,-0.19487563,-0.120816,-0.14640063,-0.11404401,-0.07987095,-0.14281827,-0.20725825,-0.16079253,-0.125103,-0.15657571,-0.15690626,-0.14404808,-0.19202894,-0.16271996,-0.18075757,-0.2963242,-0.20168127,-0.18141301,-0.17262608,-0.19355647,-0.15782079,-0.14054683,-0.13022488,-0.12557748,-0.13834473,-0.16422774,-0.30584824,-0.1673065,-0.17995064,-0.1931012,-0.11441202,-0.14993544,-0.14086293,-0.17792332,-0.16639173,-0.16384101,-0.14331086,-0.18237996,-0.12910882,-0.1532279,-0.13764653,-0.24156228,-0.18079999,-0.103034884,-0.13575031,-0.14094472,-0.17344645,-0.11068317,-0.13461111,-0.15059797,-0.15917188,-0.18261194,-0.15247267,-0.14858294,-0.19184028,-0.17571917,-0.16255094,-0.14723541,-0.14623587,-0.11499533,-0.10471026,-0.13485269,-0.20148799,-0.17633301,-0.12513243,-0.16727108,-0.18041904,-0.18738703,-0.11705899,-0.17327331,-0.25993514,-0.09256302,-0.092012405,-0.11512187,-0.13541368,-0.14745632,-0.09885359,-0.18800013
k__Bacteria|p__Firmicutes|c__Clostridia|o__Eubacteriales|f__Peptostreptococcaceae|g__GGB47956|s__GGB47956_SGB71712,-0.1004395,-0.12316422,-0.14044774,-0.20428483,-0.16622902,-0.19253191,-0.1666669,-0.1445041,-0.124165505,-0.18286723,-0.1821154,-0.22410317,-0.1689293,-0.20356181,-0.102824785,-0.09849529,-0.058144663,-0.099310994,-0.10711233,-0.169969,-0.1978925,-0.12536043,-0.13582622,-0.15200332,-0.17086883,-0.11658599,-0.16671264,-0.17358725,-0.1509206,-0.12124001,-0.13428232,-0.10506232,-0.14729412,-0.19490834,-0.18846199,-0.2175087,-0.1597876,-0.22338755,-0.19578525,-0.29867563,-0.29210672,-0.1972147,-0.106798105,-0.09162698,-0.13691942,-0.15412645,-0.23188588,-0.19271085,-0.14613031,-0.2026537,-0.1830681,-0.18279888,-0.19600636,-0.19718876,-0.20251997,-0.15736797,-0.1252318,-0.14315993,-0.091888525,-0.09517677,-0.17061828,-0.14197555,-0.13743341,-0.14628229,-0.12719077,-0.15007931,-0.2613474,-0.22333384,-0.18813457,-0.20047067,-0.1452952,-0.1487133,-0.12998816,-0.14200747,-0.15061559,-0.16377601,-0.14638591,-0.16278498,-0.15841547,-0.14998752,-0.14655991,-0.15614401,-0.15256204,-0.22480208,-0.120334074,-0.1407187,-0.11769956,-0.16051373,-0.173554,-0.15469828,-0.16754732,-0.11139822,-0.1388583,-0.13027036,-0.12815407,-0.15152657,-0.14203946,-0.1151502,-0.10065024,-0.08995962,-0.10508019,-0.119949564,-0.13437906,-0.15027548,-0.15987802,-0.1185138,-0.11129953,-0.1578567,-0.17738779,-0.13287452,-0.16255367,-0.25953975,-0.14787568,-0.13174947,-0.14075576,-0.15095688,-0.17780018,-0.16233326,-0.22917573,-0.09015879,-0.10929573,-0.13399222,-0.12910587,-0.13997786,-0.17275164,-0.13908121,-0.16057305,-0.12777606,-0.07092635,-0.03704006,-0.13607773,-0.16158229,-0.17813787,-0.14332479,-0.12334781,-0.13493375,-0.12023825,-0.1377556,-0.25318068,-0.26654312,-0.08330039,-0.10945694,-0.14402762,-0.09238048,-0.18663034,-0.18948272,-0.15235296,-0.089948624,-0.13230102,-0.1486868,-0.14956316,-0.15830407,-0.16985387,-0.18340364,-0.08742085,-0.12311609,-0.14037685,-0.10256614,-0.17951453,-0.19495486,-0.19067873,-0.09980999,-0.13113372,-0.07917486,-0.1272164,-0.19006202,-0.19284734,-0.19081457,-0.12313289,-0.07527304,-0.096587345,-0.11773318,-0.13586894,-0.12406494,-0.121451,-0.09415427,-0.09614941,-0.1079434,-0.082459606,-0.112266734,-0.13179663,-0.16651088,-0.1410757,-0.13551018,-0.18093297,-0.17825818,-0.19315289,-0.14384037,-0.15549555,-0.13488536,-0.119081676,-0.14001076,-0.19117098,-0.19021893,-0.18037616,-0.19755594,-0.25103784,-0.20219928,-0.189206,-0.18995073,-0.18165702,-0.17252137,-0.27554205,-0.08916744,-0.11956477,-0.12699467,-0.15751183,-0.20931396,-0.18224281,-0.29657933,-0.32474133,-0.14873305,-0.3242122,-0.17325558,-0.17108874,-0.2185038,-0.17647925,-0.114121355,-0.13897139,-0.15388772,-0.15788373,-0.22984435,-0.18186735,-0.25456226,-0.103939876,-0.12455491,-0.13784981,-0.12369983,-0.15189947,-0.1547499,-0.15592009,-0.14014931,-0.15141064,-0.1627281,-0.15449238,-0.1528822,-0.15216891,-0.13326529,-0.12251213,-0.14540651,-0.18977407,-0.17642874,-0.21025829,-0.3990198,-0.19918221,-0.11296664,-0.1296617,-0.117856935,-0.14729783,-0.16636807,-0.18605587,-0.1908115,-0.130748,-0.076495364,-0.15234414,-0.13909796,-0.14106366,-0.117606685,-0.19987361,-0.1649412,-0.15757135,-0.1404826,-0.12303309,-0.12722544,-0.14610182,-0.2588673,-0.10667001,-0.13074079,-0.09132757,-0.12832497,-0.12883356,-0.14913982,-0.15153465,-0.09600574,-0.08910369,-0.12364817,-0.11001995,-0.13702132,-0.15005863,-0.16971187,-0.14235072,-0.11570901,-0.1729554,-0.15126973,-0.14174688,-0.12482414,-0.14165428,-0.17466888,-0.13176009,-0.13149607,-0.145091,-0.1226849,-0.08722703,-0.05825615,-0.1428582,-0.17082691,-0.026243303,-0.16463757,-0.2829064,-0.31316653,-0.19630876,-0.1450213,-0.14331596,-0.14862512,-0.12963767,-0.25088155,-0.19325829,-0.18786566,-0.09439711,-0.108754374,-0.10702289,-0.093624964,-0.12759323,-0.15188141,-0.15746465,-0.16636954,-0.12812386,-0.0969081,-0.16398169,-0.14333668,-0.11335766,-0.18846886,-0.1706479,-0.15313765,-0.12526195,-0.115196005,-0.11232819,-0.11662802,-0.17533334,-0.13798395,-0.13394523,-0.096878245,-0.120454796,-0.09149839,-0.12434345,-0.13534129,-0.063823454,-0.13877153,-0.11419349,-0.13287789,-0.24483351,-0.2571875,-0.29957527,-0.14546001,-0.15598828,-0.13163143,-0.19104545,-0.0782174,-0.17130782,-0.16353786,-0.09859173,-0.11065883,-0.11425379,-0.076612435,-0.083404,-0.1213824,-0.13072303,-0.13855581,-0.19385117,-0.098822445,-0.15468279,-0.19487974,-0.19024262,-0.18606429,-0.110849984,-0.14223248,-0.1027946,-0.15871243,-0.19312629,-0.17203707,-0.16838121,-0.142153,-0.14178024,-0.10088296,-0.15245056,-0.16076885,-0.17988849,-0.19421294,-0.120802335,-0.14674781,-0.11318703,-0.07959108,-0.14195897,-0.20725825,-0.16027072,-0.125103,-0.15657571,-0.15690626,-0.14261077,-0.19202894,-0.16182208,-0.18142138,-0.2963242,-0.19530968,-0.17969692,-0.17073938,-0.19181323,-0.15659651,-0.14054683,-0.12970397,-0.12557748,-0.13761671,-0.16180123,-0.30584824,-0.1656715,-0.1806099,-0.19178435,-0.11441202,-0.1498861,-0.13976642,-0.17701916,-0.1662429,-0.16388506,-0.14331086,-0.18237996,-0.12734643,-0.15201214,-0.13633808,-0.24156228,-0.17836408,-0.102848895,-0.13429968,-0.14154506,-0.17380162,-0.109824836,-0.13377027,-0.15209733,-0.1593648,-0.18077523,-0.15370378,-0.14860886,-0.19184028,-0.17458853,-0.16380212,-0.14723541,-0.14623587,-0.11499533,-0.10471026,-0.13412762,-0.20148799,-0.1766339,-0.12513243,-0.1640707,-0.18041904,-0.18738703,-0.11705899,-0.1761744,-0.25826913,-0.09221414,-0.091865435,-0.11395821,-0.13533792,-0.14729658,-0.097933605,-0.1882897
k__Bacteria|p__Firmicutes|c__Clostridia|o__Eubacteriales|f__Clostridiaceae|g__Clostridium|s__Clostridium_culturomicium,-0.1004395,-0.12316422,-0.1416658,-0.20428483,-0.16715574,-0.19390446,-0.1666669,-0.14531147,-0.12497059,-0.18405229,-0.1833764,-0.22573008,-0.16975972,-0.20533544,-0.10306529,-0.099242434,-0.058144663,-0.09971817,-0.1076863,-0.17115892,-0.1978925,-0.12536043,-0.13648845,-0.1526579,-0.17184371,-0.11658599,-0.16775061,-0.17435837,-0.1509206,-0.12124001,-0.13529757,-0.105560906,-0.14857276,-0.19607987,-0.18966608,-0.2175087,-0.16097438,-0.22338755,-0.19758126,-0.29867563,-0.29210672,-0.19862574,-0.107206956,-0.09162698,-0.13691942,-0.15521705,-0.23188588,-0.19418105,-0.14677444,-0.2026537,-0.18389104,-0.18279888,-0.1975627,-0.1987173,-0.20370221,-0.15823944,-0.12582484,-0.14402598,-0.092123464,-0.09553796,-0.17163971,-0.14259514,-0.13743341,-0.14716586,-0.12719077,-0.15151852,-0.2613474,-0.22333384,-0.18916053,-0.20047067,-0.14595886,-0.14948949,-0.1308594,-0.14293152,-0.15108967,-0.16439894,-0.14700249,-0.16278498,-0.15954259,-0.14998752,-0.14746606,-0.15728143,-0.15348923,-0.22480208,-0.120334074,-0.1417223,-0.11833833,-0.16131017,-0.17441633,-0.15583025,-0.16859826,-0.11139822,-0.1388583,-0.13027036,-0.12877831,-0.15152657,-0.1427252,-0.11554472,-0.10065024,-0.0903031,-0.10544692,-0.12057042,-0.13516755,-0.15027548,-0.16071086,-0.1185138,-0.11129953,-0.1578567,-0.17738779,-0.1338498,-0.1641266,-0.25953975,-0.14889385,-0.13271205,-0.14178793,-0.15095688,-0.17780018,-0.16377366,-0.22917573,-0.09015879,-0.110140994,-0.13485633,-0.12977038,-0.13997786,-0.17402463,-0.13908121,-0.16057305,-0.12777606,-0.07092635,-0.03704006,-0.1372553,-0.1624296,-0.17930524,-0.14332479,-0.12334781,-0.13589667,-0.12023825,-0.13849887,-0.25318068,-0.26654312,-0.083354495,-0.10945694,-0.14479856,-0.09238048,-0.18818706,-0.19062975,-0.15319614,-0.09017293,-0.13230102,-0.14976716,-0.15050739,-0.15922332,-0.17084555,-0.18426526,-0.08771312,-0.12387092,-0.141418,-0.10256614,-0.17951453,-0.19495486,-0.19163455,-0.10003954,-0.13113372,-0.07941271,-0.12796682,-0.19006202,-0.19372877,-0.19210994,-0.12359065,-0.07512762,-0.097075306,-0.11851719,-0.13670647,-0.12406494,-0.121451,-0.094427526,-0.09654418,-0.10851359,-0.082459606,-0.112866566,-0.13243747,-0.16749871,-0.1410757,-0.13643607,4.0980396,-0.17825818,-0.19456534,-0.14489551,-0.15549555,-0.1356281,-0.119081676,-0.14001076,-0.19117098,-0.19151694,-0.18169872,-0.19755594,-0.25103784,-0.20219928,-0.19045942,-0.191405,-0.18287635,-0.17416336,-0.27554205,-0.08916744,-0.11956477,-0.12793888,-0.15751183,-0.20931396,-0.18224281,-0.29657933,-0.32474133,-0.15302148,-0.3242122,-0.17325558,-0.17108874,-0.2185038,-0.17647925,-0.114121355,-0.1400032,-0.15388772,-0.15788373,-0.22984435,-0.18186735,-0.25668865,-0.104341626,-0.12455491,-0.13866605,-0.124247946,-0.15189947,-0.15533754,-0.15654604,-0.14014931,-0.15141064,-0.16343954,-0.15546927,-0.15376759,-0.15330634,-0.13407505,-0.12310636,-0.14647791,-0.19074461,-0.17724082,-0.21025829,-0.3990198,-0.20309854,-0.11345701,-0.1296617,-0.118561454,-0.14816386,-0.16636807,-0.18709376,-0.19203271,-0.13175943,-0.07645176,-0.15338892,-0.13994615,-0.14106366,-0.11809617,-0.19987361,-0.1649412,-0.15882698,-0.14167969,-0.12367426,-0.12722544,-0.14610182,-0.2588673,-0.10725085,-0.13074079,-0.09132757,-0.12832497,-0.1293233,-0.14997414,-0.15212879,-0.09622027,-0.08910369,-0.12443444,-0.110520005,-0.1380338,-0.15100515,-0.17076263,-0.14309843,-0.11641862,-0.17429034,-0.15205124,-0.14259335,-0.12540688,-0.1423413,-0.17466888,-0.13176009,-0.13238925,-0.14596601,-0.12299812,-0.08722703,-0.05825615,-0.14364456,-0.17082691,-0.026243303,-0.16689205,-0.2829064,-0.31316653,-0.19861837,-0.14588031,-0.14331596,-0.14862512,-0.12963767,-0.25088155,-0.19418627,-0.1890054,-0.0945262,-0.10932954,-0.10702289,-0.093748406,-0.12759323,-0.15319137,-0.15746465,-0.16733399,-0.12812386,-0.0969081,-0.16398169,-0.14395006,-0.11335766,-0.18846886,-0.1706479,-0.1541322,-0.12585056,-0.115196005,-0.112963185,-0.11662802,-0.1764733,-0.13863012,-0.13455671,-0.096878245,-0.121143766,-0.091657124,-0.12434345,-0.13608254,-0.063823454,-0.13877153,-0.11419349,-0.13394728,-0.24483351,-0.2571875,-0.29957527,-0.14637962,-0.15701053,-0.13227934,-0.19104545,-0.0782174,-0.17266193,-0.16466412,-0.09859173,-0.11065883,-0.11472601,-0.076612435,-0.083404,-0.1213824,-0.13072303,-0.13855581,-0.19385117,-0.09899099,-0.15588248,-0.19487974,-0.19141501,-0.1873279,-0.11124782,-0.14323321,-0.10293911,-0.1596094,-0.19439426,-0.17328453,-0.16945052,-0.1429695,-0.14269595,-0.101647556,-0.15349716,-0.16178508,-0.18125658,-0.19555709,-0.12128167,-0.1475684,-0.11377856,-0.07987517,-0.14316282,-0.20725825,-0.16107097,-0.125103,-0.15657571,-0.15690626,-0.1437454,-0.19202894,-0.1628281,-0.18246548,-0.2963242,-0.19805133,-0.18142764,-0.17192286,-0.19333088,-0.15769696,-0.14054683,-0.13043535,-0.12557748,-0.13843794,-0.16366825,-0.30584824,-0.16696581,-0.18156879,-0.19304463,-0.11441202,-0.15087652,-0.14074552,-0.17834711,-0.16715413,-0.16488826,-0.14331086,-0.18237996,-0.12832889,-0.15360686,-0.13749015,-0.24156228,-0.17979133,-0.1031781,-0.1353428,-0.1421223,-0.17482483,-0.11030125,-0.1346819,-0.15267467,-0.16022858,-0.18209453,-0.15446393,-0.14931688,-0.19184028,-0.1756486,-0.16451602,-0.14723541,-0.14623587,-0.11499533,-0.10471026,-0.13519849,-0.20148799,-0.17745316,-0.12513243,-0.1660442,-0.18041904,-0.18738703,-0.11705899,-0.17695455,-0.2597093,-0.09242064,-0.092173606,-0.114757985,-0.13616693,-0.14820564,-0.09839548,-0.18956676
k__Bacteria|p__Firmicutes|c__Bacilli|o__Lactobacillales|f__Aerococcaceae|g__Abiotrophia|s__Abiotrophia_defectiva,-0.1004395,-0.12316422,-0.14083847,-0.20428483,-0.16837324,-0.19236578,-0.1666669,-0.14519961,-0.12572873,-0.18398164,-0.18289676,-0.20132741,-0.16931257,-0.19555567,-0.102856144,-0.09756096,-0.058144663,-0.09934883,-0.10781287,-0.17082387,-0.1978925,-0.12536043,-0.13687107,-0.15284139,-0.1710201,-0.11658599,-0.1690999,-0.1743756,-0.1509206,-0.12124001,-0.13584685,-0.10515907,-0.14832258,-0.19342509,-0.18816939,-0.2175087,-0.16207165,-0.22338755,-0.19564576,-0.29867563,-0.29210672,-0.19440527,-0.10699723,-0.09162698,-0.13691942,-0.15546954,-0.23188588,-0.19378555,-0.14647098,-0.2026537,-0.18696928,-0.18279888,-0.19451673,-0.19234309,-0.19262335,-0.15738565,-0.12556003,-0.14344738,-0.09267834,-0.09536153,-0.17162922,-0.14278238,-0.13743341,-0.14698562,-0.12719077,-0.15171817,-0.2613474,-0.22333384,-0.1893249,-0.20047067,-0.1455647,-0.14961502,-0.12989275,-0.14195707,-0.1500766,-0.16436465,-0.14724693,-0.16278498,-0.1603696,-0.14998752,-0.14815365,-0.15687075,-0.15340155,-0.22480208,-0.120334074,-0.14163476,-0.11829271,-0.16128704,-0.17406273,-0.15558818,-0.16856405,-0.11139822,-0.1388583,-0.13027036,-0.12900634,-0.15152657,-0.14444068,-0.11607528,-0.10065024,-0.090352856,-0.105146185,-0.120064825,-0.1349281,-0.15027548,-0.16099861,-0.1185138,-0.11129953,-0.1578567,-0.17738779,-0.13197151,-0.1631675,-0.25953975,-0.14906198,-0.13257131,-0.14058882,-0.15095688,-0.17780018,-0.16353387,-0.22917573,-0.09015879,-0.11102525,-0.13472809,-0.12911099,-0.13997786,-0.17390019,-0.13908121,-0.16057305,-0.12777606,-0.07092635,-0.03704006,-0.13721141,-0.16230959,-0.1792212,-0.14332479,-0.12334781,-0.13656184,-0.12023825,-0.13791388,-0.25318068,-0.26654312,-0.08381492,-0.10945694,-0.14404525,-0.09238048,-0.1880325,-0.18978813,-0.15313306,-0.0904534,-0.13230102,-0.14986925,-0.15029672,-0.15880042,-0.17063498,-0.18353164,-0.087859735,-0.123236015,-0.1406199,-0.10256614,-0.17951453,-0.19495486,-0.18993202,-0.10010281,-0.13113372,-0.07664563,-0.12717544,-0.19006202,-0.19280037,-0.19093092,-0.12381463,-0.0760202,-0.09654175,-0.117739454,-0.13643579,-0.12406494,-0.121451,-0.09395226,-0.09611495,-0.10823743,-0.082459606,-0.11215897,-0.13248278,-0.16726793,-0.1410757,-0.13698483,-0.18093297,-0.17825818,-0.19249061,-0.14414173,-0.15549555,-0.13496923,-0.119081676,-0.14001076,-0.19117098,-0.19004671,-0.18121475,-0.19755594,-0.25103784,-0.20219928,-0.19141293,-0.1913074,-0.18220416,-0.17321365,-0.27554205,-0.08916744,-0.11956477,-0.12882043,-0.15751183,-0.20931396,-0.18224281,-0.29657933,-0.32474133,-0.15296486,-0.3242122,-0.17325558,-0.17108874,-0.2185038,-0.17647925,-0.114121355,-0.14049828,-0.15388772,-0.15788373,-0.22984435,-0.18186735,-0.24163434,-0.104158685,-0.12455491,-0.13901985,-0.1244622,-0.15189947,-0.15527502,-0.15659887,-0.14014931,-0.15141064,-0.16330038,-0.15596299,-0.15360156,-0.1528642,-0.13346787,-0.12359694,-0.1470339,-0.18997464,-0.17652984,-0.21025829,-0.3990198,-0.19343972,-0.11339091,-0.1296617,-0.117263235,-0.1481741,-0.16636807,-0.18688232,-0.19155896,-0.13222262,-0.07665722,-0.15265991,-0.14024466,-0.14106366,-0.11884847,-0.19987361,-0.1649412,-0.1598095,-0.14057927,-0.12359157,-0.12722544,-0.14610182,-0.2588673,-0.10707792,-0.13074079,-0.09132757,-0.12832497,-0.12948743,-0.15082926,-0.1524361,-0.096257135,-0.08910369,-0.12396957,-0.110619366,-0.13777193,-0.15123978,-0.16986293,-0.14318237,-0.11741133,-0.17388272,-0.15236428,-0.14243087,-0.12510246,-0.14241704,-0.17466888,-0.13176009,-0.132094,-0.14575991,-0.12280144,-0.08722703,-0.05825615,-0.14359538,-0.17082691,-0.026243303,-0.16662765,-0.2829064,-0.31316653,-0.19285543,-0.14575571,-0.14331596,-0.14862512,-0.12963767,-0.25088155,-0.19269338,-0.18808708,-0.0949231,-0.10912968,-0.10702289,-0.092063144,-0.12759323,-0.15321495,-0.15746465,-0.16695789,-0.12812386,-0.0969081,-0.16398169,-0.14409244,-0.11335766,-0.18846886,-0.1706479,-0.15421925,-0.12582406,-0.115196005,-0.1120545,-0.11662802,-0.17615439,-0.13841245,-0.13395908,-0.096878245,-0.120217174,-0.0917702,-0.12434345,-0.13721415,-0.063823454,-0.13877153,-0.11419349,-0.13365966,-0.24483351,-0.2571875,-0.29957527,-0.14580902,-0.15654114,-0.13159119,-0.19104545,-0.0782174,-0.17096138,-0.16445681,-0.09859173,-0.11065883,-0.115979984,-0.076612435,-0.083404,-0.1213824,-0.13072303,-0.13855581,-0.19385117,-0.09821444,-0.15573436,-0.19487974,-0.1913578,-0.18612441,-0.11153058,-0.14358525,-0.10311502,-0.15918055,-0.19270639,-0.17083824,-0.16949666,-0.14291203,-0.14203534,-0.10131422,-0.15307988,-0.16198435,-0.18095112,-0.19358312,-0.12124403,-0.14733997,-0.11461821,-0.080192104,-0.1416817,-0.20725825,-0.16162126,-0.125103,-0.15657571,-0.15690626,-0.14376315,-0.19202894,-0.16324413,-0.18224923,-0.2963242,-0.19413576,-0.18008253,-0.17205541,-0.1915464,-0.15707013,-0.14054683,-0.13022737,-0.12557748,-0.13828334,-0.16271767,-0.30584824,-0.1672918,-0.18091096,-0.19299012,-0.11441202,-0.15063928,-0.14092302,-0.1780037,-0.16701978,-0.16472761,-0.14331086,-0.18237996,-0.12833813,-0.15288126,-0.13535316,-0.24156228,-0.18051356,-0.10314827,-0.13590729,-0.14174217,-0.17426315,-0.11084661,-0.1347105,-0.15272789,-0.15977773,-0.18238626,-0.1534674,-0.14891458,-0.19184028,-0.17582043,-0.16475162,-0.14723541,-0.14623587,-0.11499533,-0.10471026,-0.13440318,-0.20148799,-0.17766786,-0.12513243,-0.16699047,-0.18041904,-0.18738703,-0.11705899,-0.17580351,-0.25412866,-0.09241161,-0.09228008,-0.11466803,-0.13543913,-0.14738579,-0.09821872,-0.18881598
k__Bacteria|p__Firmicutes|c__Tissierellia|o__Tissierellales|f__Peptoniphilaceae|g__Peptoniphilus|s__Peptoniphilus_duerdenii,-0.1004395,-0.12316422,-0.14182563,-0.20428483,-0.16699573,-0.19380939,-0.1666669,-0.14550847,-0.12538105,-0.18428907,-0.18388918,-0.2263788,-0.17066157,-0.2051644,-0.10333042,-0.09960836,-0.058144663,-0.10001421,-0.10791674,-0.17112368,-0.1978925,-0.12536043,-0.13674714,-0.15282756,-0.17199719,-0.11658599,-0.16786608,-0.1746355,-0.1509206,-0.12124001,-0.13542604,-0.10581865,-0.14865842,-0.19603914,-0.18952146,-0.2175087,-0.16104276,-0.22338755,-0.1974301,-0.29867563,-0.29210672,-0.19815129,-0.10732801,-0.09162698,-0.13691942,-0.15541631,-0.23188588,-0.19388309,-0.1468414,-0.2026537,-0.18408264,-0.18279888,-0.19779092,-0.19920984,-0.2038646,-0.15846579,-0.1259736,-0.14404665,-0.0926089,-0.09586878,-0.17149259,-0.14285445,-0.13743341,-0.14730246,-0.12719077,-0.15161262,-0.2613474,-0.22333384,-0.18903756,-0.20047067,-0.1460486,-0.14966324,-0.1309936,-0.14313059,-0.1511941,-0.16459057,-0.14703149,-0.16278498,-0.15979424,-0.14998752,-0.14761233,-0.15741047,-0.1536006,-0.22480208,-0.120334074,-0.14188704,-0.1186738,-0.16128749,-0.17440121,-0.15608235,-0.16867456,-0.11139822,-0.1388583,-0.13027036,-0.12887834,-0.15152657,-0.1429069,-0.1160371,-0.10065024,-0.090780735,-0.10565187,-0.12061153,-0.13511565,-0.15027548,-0.16077363,-0.1185138,-0.11129953,-0.1578567,-0.17738779,-0.1342204,-0.16426848,-0.25953975,-0.14905864,-0.13300616,-0.14198792,-0.15095688,-0.17780018,-0.16358139,-0.22917573,-0.09015879,-0.11048062,-0.13508075,-0.13007414,-0.13997786,-0.17407972,-0.13908121,-0.16057305,-0.12777606,-0.07092635,-0.03704006,-0.13702703,-0.16227894,-0.17943579,-0.14332479,-0.12334781,-0.13603368,-0.12023825,-0.13864514,-0.25318068,-0.26654312,-0.08367481,-0.10945694,-0.14482492,-0.09238048,-0.18797174,-0.19057426,-0.1533661,-0.090423,-0.13230102,-0.14993696,-0.15074793,-0.15942982,-0.17087431,-0.18410353,-0.08798675,-0.124212295,-0.14168641,-0.10256614,-0.17951453,-0.19495486,-0.19165322,-0.10028179,-0.13113372,-0.079965696,-0.12800765,-0.19006202,-0.19360659,-0.19200619,-0.12384485,-0.07556288,-0.097231984,-0.11872053,-0.13686992,-0.12406494,-0.121451,-0.09475047,-0.0968585,-0.10873434,-0.082459606,-0.11303046,-0.13243179,-0.16745552,-0.1410757,-0.13670266,-0.18093297,-0.17825818,-0.19447984,-0.14483672,-0.15549555,-0.13580772,-0.119081676,-0.14001076,-0.19117098,-0.19141555,-0.18191579,-0.19755594,-0.25103784,-0.20219928,-0.1902726,-0.19130749,-0.18298653,-0.17389455,-0.27554205,-0.08916744,-0.11956477,-0.12801097,-0.15751183,-0.20931396,-0.18224281,-0.29657933,-0.32474133,-0.15347476,-0.3242122,-0.17325558,-0.17108874,-0.2185038,-0.17647925,-0.114121355,-0.14019835,-0.15388772,-0.15788373,-0.22984435,-0.18186735,-0.25649786,-0.10459355,-0.12455491,-0.13884036,-0.12438468,-0.15189947,-0.15529472,-0.15651312,-0.14014931,-0.15141064,-0.1635331,-0.15560624,-0.15390354,-0.15340365,-0.13430096,-0.12329818,-0.14667849,-0.19092155,-0.17747682,-0.21025829,-0.3990198,-0.20261222,-0.113692574,-0.1296617,-0.118715964,-0.14833711,-0.16636807,-0.186988,-0.1919531,-0.13193859,-0.076792926,-0.15316083,-0.13988781,-0.14106366,-0.11864002,-0.19987361,-0.1649412,-0.15899527,-0.14187783,-0.123956636,-0.12722544,-0.14610182,-0.2588673,-0.10744894,-0.13074079,-0.09132757,-0.12832497,-0.1295056,-0.14997825,-0.15221924,-0.09654026,-0.08910369,-0.12457043,-0.1106726,-0.13811958,-0.15102297,-0.1707821,-0.14319165,-0.116609365,-0.1743504,-0.15225863,-0.14274976,-0.12558332,-0.14258271,-0.17466888,-0.13176009,-0.13247925,-0.1461291,-0.12324841,-0.08722703,-0.05825615,-0.14380184,-0.17082691,-0.026243303,-0.16662723,-0.2829064,-0.31316653,-0.19876534,-0.14602393,-0.14331596,-0.14862512,-0.12963767,-0.25088155,-0.19394504,-0.18886104,-0.0948271,-0.10955645,-0.10702289,-0.094076246,-0.12759323,-0.15326768,-0.15746465,-0.16757701,-0.12812386,-0.0969081,-0.16398169,-0.14399043,-0.11335766,-0.18846886,-0.1706479,-0.15430695,-0.12610584,-0.115196005,-0.11327952,-0.11662802,-0.1764411,-0.13876373,-0.13463865,-0.096878245,-0.12136406,-0.09196105,-0.12434345,-0.13632783,-0.063823454,-0.13877153,-0.11419349,-0.13391665,-0.24483351,-0.2571875,-0.29957527,-0.14647263,-0.1572042,-0.13240662,-0.19104545,-0.0782174,-0.17238967,-0.16483873,-0.09859173,-0.11065883,-0.11503685,-0.076612435,-0.083404,-0.1213824,-0.13072303,-0.13855581,-0.19385117,-0.09921558,-0.155841,-0.19487974,-0.19138679,-0.18733653,-0.11138767,-0.14333786,-0.10319142,-0.15950075,-0.1945486,-0.17337315,-0.16937833,-0.14303832,-0.1428191,-0.1020025,-0.1536076,-0.16208762,-0.1813012,-0.1955334,-0.12135178,-0.14761722,-0.11407791,-0.08033373,-0.14325997,-0.20725825,-0.16099289,-0.125103,-0.15657571,-0.15690626,-0.14397067,-0.19202894,-0.16279075,-0.18241991,-0.2963242,-0.1974465,-0.18146847,-0.1719179,-0.19304559,-0.15778014,-0.14054683,-0.1305019,-0.12557748,-0.13855359,-0.16334073,-0.30584824,-0.16703987,-0.18143797,-0.1930875,-0.11441202,-0.15091884,-0.14079556,-0.17840984,-0.16722885,-0.16497573,-0.14331086,-0.18237996,-0.12845968,-0.15385681,-0.13779515,-0.24156228,-0.17949319,-0.10341616,-0.13553873,-0.14227682,-0.17465837,-0.11054,-0.13471755,-0.1526998,-0.1603624,-0.1822388,-0.15457095,-0.14932588,1.6867822,-0.17551637,-0.16462371,-0.14723541,-0.14623587,-0.11499533,-0.10471026,-0.13525409,-0.20148799,-0.17735627,-0.12513243,-0.16650102,-0.18041904,-0.18738703,-0.11705899,-0.17696185,-0.25903577,-0.09272985,-0.0925053,-0.114859805,-0.13627398,-0.14829378,-0.09859004,-0.18928467
k__Bacteria|p__Firmicutes|c__Tissierellia|o__Tissierellales|f__Peptoniphilaceae|g__Anaerococcus|s__Anaerococcus_sp_Marseille_P3915,-0.1004395,-0.12316422,-0.14092281,-0.20428483,-0.1671853,-0.19358842,-0.1666669,-0.1453699,-0.12473902,-0.18412352,-0.18353716,-0.2206025,-0.16910677,-0.20379815,-0.103031546,-0.098760724,-0.058144663,-0.09988397,-0.10737145,-0.17102823,-0.1978925,-0.12536043,-0.13676319,-0.15302254,-0.17170633,-0.11658599,-0.16798134,-0.1746831,-0.1509206,-0.12124001,-0.13532817,-0.105139256,-0.14828078,-0.19562842,-0.1893675,-0.2175087,-0.16082108,-0.22338755,-0.19674724,-0.29867563,-0.29210672,-0.19761972,-0.10722855,-0.09162698,-0.13691942,-0.15495777,-0.23188588,-0.19409987,-0.14669618,-0.2026537,-0.18432684,-0.18279888,-0.19696206,-0.19732612,-0.2012535,-0.15861809,-0.12575631,-0.14404273,-0.092346296,-0.09534339,-0.17182265,-0.14293602,-0.13743341,-0.14717631,-0.12719077,-0.15121676,-0.2613474,-0.22333384,-0.18920708,-0.20047067,-0.14617744,-0.14967997,-0.13052437,-0.14276019,-0.15142022,-0.16501485,-0.14730637,-0.16278498,-0.15970789,-0.14998752,-0.14761499,-0.15701735,-0.15354803,-0.22480208,-0.120334074,-0.14162286,-0.11811044,-0.1616883,-0.17459162,-0.15552175,-0.16860968,-0.11139822,-0.1388583,-0.13027036,-0.12887749,-0.15152657,-0.14298876,-0.11579928,-0.10065024,-0.09008779,-0.10533613,-0.120507404,-0.13504873,-0.15027548,-0.1609177,-0.1185138,-0.11129953,-0.1578567,-0.17738779,-0.13386187,-0.16312012,-0.25953975,-0.14883609,-0.13239744,-0.14133936,-0.15095688,-0.17780018,-0.16331592,-0.22917573,-0.09015879,-0.110093325,-0.13471371,-0.1296725,-0.13997786,-0.17380291,-0.13908121,-0.16057305,-0.12777606,-0.07092635,-0.03704006,-0.1370352,-0.16238469,-0.17948988,-0.14332479,-0.12334781,-0.13590504,-0.12023825,-0.13823724,-0.25318068,-0.26654312,-0.083326265,-0.10945694,-0.14484967,-0.09238048,-0.1879037,-0.19034179,-0.15282492,-0.09006086,-0.13230102,-0.14959967,-0.1503773,-0.15916733,-0.17083101,-0.18453506,-0.087445654,-0.12393801,-0.1413889,-0.10256614,-0.17951453,-0.19495486,-0.19160178,-0.09993489,-0.13113372,-0.078626126,-0.12736942,-0.19006202,-0.19367202,-0.19181898,-0.12388922,-0.07524799,-0.096970186,-0.1181324,-0.13654782,-0.12406494,-0.121451,-0.09427728,-0.09623768,-0.108319506,-0.082459606,-0.11267932,-0.13243097,-0.16770405,-0.1410757,-0.13619055,-0.18093297,-0.17825818,-0.19402048,-0.14454406,-0.15549555,-0.13552493,-0.119081676,-0.14001076,-0.19117098,-0.19109473,-0.18148066,-0.19755594,-0.25103784,-0.20219928,-0.19041848,-0.19109032,-0.18253475,-0.17342268,-0.27554205,-0.08916744,-0.11956477,-0.12754592,-0.15751183,-0.20931396,-0.18224281,-0.29657933,-0.32474133,-0.15032291,-0.3242122,-0.17325558,-0.17108874,-0.2185038,-0.17647925,-0.114121355,-0.13981438,-0.15388772,-0.15788373,-0.22984435,-0.18186735,-0.25264072,-0.10418399,-0.12455491,-0.13864858,-0.12418761,-0.15189947,-0.1556383,-0.156942,-0.14014931,-0.15141064,-0.1638115,-0.15551831,-0.15386921,-0.15300006,-0.13375479,-0.12306645,-0.14650473,-0.19087291,-0.17714936,-0.21025829,-0.3990198,-0.2001985,-0.11336043,-0.1296617,-0.11845948,-0.14798337,-0.16636807,-0.18742199,-0.19181386,-0.13152277,-0.07636687,-0.15337494,-0.13972336,-0.14106366,-0.1182738,-0.19987361,-0.1649412,-0.15874131,-0.1411587,-0.123561844,-0.12722544,-0.14610182,-0.2588673,-0.10692246,-0.13074079,-0.09132757,-0.12832497,-0.12940401,-0.15000501,-0.15251373,-0.096215084,-0.08910369,-0.1242535,-0.11028855,-0.13776855,-0.15090698,-0.17070353,-0.14309716,-0.11638808,-0.17422643,-0.1520159,-0.14262167,-0.1251488,-0.14263618,-0.17466888,-0.13176009,-0.13224375,-0.14606273,-0.12299764,-0.08722703,-0.05825615,-0.14357874,-0.17082691,-0.026243303,-0.166073,-0.2829064,-0.31316653,-0.19697908,-0.14586928,-0.14331596,-0.14862512,-0.12963767,-0.25088155,-0.19407813,-0.18900229,-0.09440547,-0.1093812,-0.10702289,-0.09368911,-0.12759323,-0.15289551,-0.15746465,-0.16744795,-0.12812386,-0.0969081,-0.16398169,-0.14432387,-0.11335766,-0.18846886,-0.1706479,-0.15411031,-0.12600024,-0.115196005,-0.112715386,-0.11662802,-0.17670846,-0.1386905,-0.13465396,-0.096878245,-0.120950654,-0.091599256,-0.12434345,-0.13640639,-0.063823454,-0.13877153,-0.11419349,-0.13356543,-0.24483351,-0.2571875,-0.29957527,-0.14624524,-0.15701455,-0.13205115,-0.19104545,-0.0782174,-0.17240039,-0.1647507,-0.09859173,-0.11065883,-0.11515029,-0.076612435,-0.083404,-0.1213824,-0.13072303,-0.13855581,-0.19385117,-0.09893156,-0.15557867,-0.19487974,-0.1911927,-0.18705589,-0.111164615,-0.14329414,-0.10317057,-0.15993911,-0.19397867,-0.17325924,-0.16906328,-0.14291045,-0.14266315,-0.101036005,-0.15321982,-0.16181156,-0.18088908,-0.19499195,-0.12127544,-0.14777774,-0.11378057,-0.079835296,-0.14237875,-0.20725825,-0.16119143,-0.125103,-0.15657571,-0.15690626,-0.14357084,-0.19202894,-0.16277897,-0.1826777,-0.2963242,-0.19581981,-0.18065512,-0.17147832,-0.19253984,-0.15725863,-0.14054683,-0.13027184,-0.12557748,-0.1382384,-0.16249599,-0.30584824,-0.16690058,-0.18171571,-0.19288123,-0.11441202,-0.15072164,-0.14053625,-0.1781374,-0.16722637,-0.16495952,-0.14331086,-0.18237996,-0.12794212,-0.15331505,-0.13641123,-0.24156228,-0.17954476,-0.10303575,-0.1352317,-0.14224598,-0.17495713,-0.11012197,-0.1345045,-0.15307686,-0.16035467,-0.18197829,-0.15460445,-0.14922002,-0.19184028,-0.17554668,-0.1650984,-0.14723541,-0.14623587,-0.11499533,-0.10471026,-0.13468155,-0.20148799,-0.17768642,-0.12513243,-0.16589579,-0.18041904,-0.18738703,-0.11705899,-0.17756969,-0.2581151,-0.092285946,-0.09213509,-0.11444011,-0.13601029,-0.14803001,-0.09800975,-0.18951339
k__Bacteria|p__Firmicutes|c__CFGB76046|o__OFGB76046|f__FGB76046|g__GGB51510|s__GGB51510_SGB71883,-0.1004395,-0.12316422,-0.14199796,-0.20428483,-0.16684192,-0.1932645,-0.1666669,-0.14481297,-0.12463586,-0.18304847,-0.18324277,-0.2342407,-0.1681529,-0.20718755,-0.10279067,-0.09936186,-0.058144663,-0.099279895,-0.10770397,-0.17046411,-0.1978925,-0.12536043,-0.13587467,-0.15175766,-0.17127451,-0.11658599,-0.16651222,-0.17325445,-0.1509206,-0.12124001,-0.13448772,-0.105721846,-0.14802712,-0.19609359,-0.18867512,-0.2175087,-0.1611608,-0.22338755,-0.19751541,-0.29867563,-0.29210672,-0.19831732,-0.10676489,-0.09162698,-0.13691942,-0.15481485,-0.23188588,-0.19332431,-0.14620611,-0.2026537,-0.18369746,-0.18279888,-0.19820105,-0.20022272,-0.20638232,-0.1563702,-0.12546304,-0.14339633,-0.09167426,-0.09552931,-0.17070696,-0.14175095,-0.13743341,-0.14662184,-0.12719077,-0.15068516,-0.2613474,-0.22333384,-0.18859357,-0.20047067,-0.1452934,-0.14876914,-0.13067207,-0.14263223,-0.15019348,-0.16358733,-0.14592327,-0.16278498,-0.15924649,-0.14998752,-0.14655882,-0.15703917,-0.15278786,-0.22480208,-0.120334074,-0.14106865,-0.11823022,-0.16031283,-0.17376904,-0.15562165,-0.16751072,-0.11139822,-0.1388583,-0.13027036,-0.12800524,-0.15152657,-0.14163756,-0.11494249,-0.10065024,-0.09028771,-0.10509052,-0.12017233,-0.13463062,-0.15027548,-0.15961888,-0.1185138,-0.11129953,-0.1578567,-0.17738779,-0.13356477,-0.16431484,-0.25953975,-0.14837837,-0.13250495,-0.14170602,-0.15095688,-0.17780018,-0.16371253,-0.22917573,-0.09015879,-0.10970272,-0.13449307,-0.12948886,-0.13997786,-0.17340624,-0.13908121,-0.16057305,-0.12777606,-0.07092635,-0.03704006,-0.13682806,-0.16151361,-0.1782859,-0.14332479,-0.12334781,-0.1350126,-0.12023825,-0.13793297,-0.25318068,-0.26654312,-0.08303481,-0.10945694,-0.14369723,-0.09238048,-0.18710455,-0.19016594,-0.15252715,-0.08991837,-0.13230102,-0.14918178,-0.15010247,-0.15872844,-0.17021264,-0.18278098,-0.08768028,-0.12351167,-0.14096743,-0.10256614,-0.17951453,-0.19495486,-0.1908525,-0.099822626,-0.13113372,-0.0801664,-0.1276059,-0.19006202,-0.19312596,-0.1913737,-0.12283647,-0.074938014,-0.09682752,-0.118450925,-0.13612758,-0.12406494,-0.121451,-0.09438941,-0.096459284,-0.10797641,-0.082459606,-0.1124876,-0.1315574,-0.16633232,-0.1410757,-0.13615751,-0.18093297,-0.17825818,-0.1942853,-0.1443938,-0.15549555,-0.13515234,-0.119081676,-0.14001076,-0.19117098,-0.1913638,-0.18141395,-0.19755594,-0.25103784,-0.20219928,-0.1894536,-0.1909878,-0.18224472,-0.17390971,-0.27554205,-0.08916744,-0.11956477,-0.12739265,-0.15751183,-0.20931396,-0.18224281,-0.29657933,-0.32474133,-0.15237409,-0.3242122,-0.17325558,-0.17108874,-0.2185038,-0.17647925,-0.114121355,-0.13964257,-0.15388772,-0.15788373,-0.22984435,-0.18186735,-0.26078624,-0.10419368,-0.12455491,-0.13795152,-0.12365033,-0.15189947,-0.1543605,-0.1554,-0.14014931,-0.15141064,-0.16248891,-0.1549929,-0.15310997,-0.15290463,-0.13358876,-0.12264716,-0.14592035,-0.1898407,-0.17710584,-0.21025829,-0.3990198,-0.20302144,-0.11306636,-0.1296617,-0.118325636,-0.14750525,-0.16636807,-0.18575422,-0.19119453,-0.1311917,-0.07626651,-0.15248786,-0.13925436,-0.14106366,-0.11768368,-0.19987361,-0.1649412,-0.15835541,-0.14145125,-0.12317139,-0.12722544,-0.14610182,-0.2588673,-0.1070808,-0.13074079,-0.09132757,-0.12832497,-0.12856254,-0.14919104,-0.1509482,-0.09590328,-0.08910369,-0.12383814,-0.11020725,-0.13749653,-0.15030628,-0.1698276,-0.14253594,-0.11576259,-0.17342392,-0.15140745,-0.14185807,-0.12536258,-0.14126575,-0.17466888,-0.13176009,-0.13175544,-0.14532402,-0.12251486,-0.08722703,-0.05825615,-0.14310767,-0.17082691,-0.026243303,-0.16630346,-0.2829064,-0.31316653,-0.19850306,-0.1453328,-0.14331596,-0.14862512,-0.12963767,-0.25088155,-0.19389002,-0.18801618,-0.094261065,-0.1088682,-0.10702289,-0.0934905,-0.12759323,-0.1524214,-0.15746465,-0.16688086,-0.12812386,-0.0969081,-0.16398169,-0.14277057,-0.11335766,-0.18846886,-0.1706479,-0.1536751,-0.12528254,-0.115196005,-0.11272618,-0.11662802,-0.17505702,-0.1381418,-0.13393393,-0.096878245,-0.12087054,-0.091254264,-0.12434345,-0.13492873,-0.063823454,-0.13877153,-0.11419349,-0.1334915,-0.24483351,-0.2571875,-0.29957527,-0.14603046,-0.15640374,-0.13205715,-0.19104545,-0.0782174,-0.17203686,-0.16374755,-0.09859173,-0.11065883,-0.11368482,-0.076612435,-0.083404,-0.1213824,-0.13072303,-0.13855581,-0.19385117,-0.09895514,-0.15541622,-0.19487974,-0.19079578,-0.1865502,-0.110818654,-0.14241883,-0.102418214,-0.15863717,-0.19435713,-0.1724383,-0.16859782,-0.14248948,-0.14222488,-0.10194753,-0.15287933,-0.16125593,-0.1806611,-0.19508259,-0.12079846,-0.14672013,-0.11316793,-0.07955274,-0.14328179,-0.20725825,-0.1602788,-0.125103,-0.15657571,-0.15690626,-0.14336298,-0.19202894,-0.16213638,-0.18113932,-0.2963242,-0.19933532,-0.18091112,-0.17140594,-0.19313237,-0.15737492,-0.14054683,-0.12999672,-0.12557748,-0.13784525,-0.1632986,-0.30584824,-0.16637178,-0.18047753,-0.19243479,-0.11441202,-0.14996076,-0.14024006,-0.17769155,-0.16652612,-0.16388644,-0.14331086,-0.18237996,-0.12824087,-0.15311415,-0.13816676,-0.24156228,-0.17886835,-0.10294689,-0.13486905,-0.14147964,-0.17394513,-0.109897405,-0.13413332,-0.15138231,-0.15964472,-0.18155265,-0.15354043,-0.1488494,-0.19184028,-0.1750653,-0.16320226,-0.14723541,-0.14623587,-0.11499533,-0.10471026,-0.13479319,-0.20148799,-0.17637128,-0.12513243,-0.16527966,-0.18041904,-0.18738703,-0.11705899,-0.17530851,-0.260385,-0.092259705,-0.09181988,-0.114509776,-0.13566756,-0.14769676,-0.09832613,-0.18827964
k__Bacteria|p__Firmicutes|c__Clostridia|o__Eubacteriales|f__Lachnospiraceae|g__Eisenbergiella|s__Eisenbergiella_sp_OF01_20,-0.1004395,-0.12316422,-0.14211544,-0.20428483,-0.1673558,-0.19445345,-0.1666669,-0.14559482,-0.12547292,-0.18462922,-0.18338752,-0.22587998,-0.17048045,-0.20474526,-0.103372164,-0.09949112,-0.058144663,-0.099595666,-0.107904926,-0.17170651,-0.1978925,-0.12536043,-0.13663433,-0.15295689,-0.1723336,-0.11658599,-0.16814253,-0.174871,-0.1509206,-0.12124001,-0.13568619,-0.105954096,-0.14900349,-0.19667237,-0.19039573,-0.2175087,-0.16140613,-0.22338755,-0.19833288,-0.29867563,-0.29210672,-0.19942111,-0.10742013,-0.09162698,-0.13691942,-0.15553689,-0.23188588,-0.19431728,-0.1471487,-0.2026537,-0.18414305,-0.18279888,-0.19812414,-0.19943893,-0.20466939,-0.15842497,-0.1261552,-0.1443367,-0.09232501,-0.095825806,-0.17201865,-0.14297345,-0.13743341,-0.14747518,-0.12719077,-0.15199444,-0.2613474,-0.22333384,-0.18947555,-0.20047067,-0.14622305,-0.14979447,-0.13126889,-0.14320564,-0.15140662,-0.16465282,-0.14757854,-0.16278498,-0.15962666,-0.14998752,-0.14785019,-0.15761821,-0.15386009,-0.22480208,-0.120334074,-0.1420441,-0.11863236,-0.16158715,-0.17483917,-0.15619633,-0.1691352,-0.11139822,-0.1388583,-0.13027036,-0.12915593,-0.15152657,-0.1431123,-0.11583451,-0.10065024,-0.09062223,-0.10576415,-0.120911285,-0.13549711,-0.15027548,-0.16120294,-0.1185138,-0.11129953,-0.1578567,-0.17738779,-0.13404796,-0.1651431,-0.25953975,-0.14924994,-0.13308507,-0.14213541,-0.15095688,-0.17780018,-0.1640138,-0.22917573,-0.09015879,-0.11029821,-0.13525543,-0.13011056,-0.13997786,-0.17445183,-0.13908121,-0.16057305,-0.12777606,-0.07092635,-0.03704006,-0.13733745,-0.16294272,-0.17971395,-0.14332479,-0.12334781,-0.13624993,-0.12023825,-0.13894832,-0.25318068,-0.26654312,-0.08351128,-0.10945694,-0.1452771,-0.09238048,-0.18855225,-0.19103646,-0.15345672,-0.090304315,-0.13230102,-0.15016595,-0.15085874,-0.15961888,-0.17129755,-0.18495245,-0.08788393,-0.12409945,-0.1417461,-0.10256614,-0.17951453,-0.19495486,-0.19223404,-0.10030252,-0.13113372,-0.07975419,-0.1285826,-0.19006202,-0.19419135,-0.19258864,-0.12381873,-0.07526207,-0.097271144,-0.1188917,-0.13707888,-0.12406494,-0.121451,-0.094549984,-0.096765555,-0.108818665,-0.082459606,-0.11312482,-0.13276955,-0.16791679,-0.1410757,-0.1368443,-0.18093297,-0.17825818,-0.19503891,-0.1453894,-0.15549555,-0.13610712,-0.119081676,-0.14001076,-0.19117098,-0.19176567,-0.18211105,-0.19755594,-0.25103784,-0.20219928,-0.19065385,-0.19186698,-0.18338434,-0.17459515,-0.27554205,-0.08916744,-0.11956477,-0.12833947,-0.15751183,-0.20931396,-0.18224281,-0.29657933,-0.32474133,-0.15333018,-0.3242122,-0.17325558,-0.17108874,-0.2185038,-0.17647925,-0.114121355,-0.14030796,-0.15388772,-0.15788373,-0.22984435,-0.18186735,-0.2581058,-0.10455723,-0.12455491,-0.13902923,-0.12466019,-0.15189947,-0.15558574,-0.1569364,-0.14014931,-0.15141064,-0.16389121,-0.15581214,-0.15416443,-0.1537804,-0.1345152,-0.12354252,-0.14693421,-0.19133073,-0.17757954,-0.21025829,-0.3990198,-0.2034411,-0.11366807,-0.1296617,-0.1187755,-0.14869463,-0.16636807,-0.18742952,-0.19274926,-0.13204722,-0.07680969,-0.15397033,-0.14046791,-0.14106366,-0.118396685,-0.19987361,-0.1649412,-0.15911812,-0.14213043,-0.123988815,-0.12722544,-0.14610182,-0.2588673,-0.10752447,-0.13074079,-0.09132757,-0.12832497,-0.12969103,-0.15029702,-0.15249544,-0.096407615,-0.08910369,-0.124830365,-0.11086303,-0.13833152,-0.15141843,-0.17133318,-0.1434918,-0.11672285,-0.17460299,-0.15242589,-0.14280257,-0.12565853,-0.14262457,-0.17466888,-0.13176009,-0.13285688,-0.14626199,-0.12337534,-0.08722703,-0.05825615,-0.14403123,-0.17082691,-0.026243303,-0.16722572,-0.2829064,-0.31316653,-0.19936226,-0.1462264,-0.14331596,-0.14862512,-0.12963767,-0.25088155,-0.19441673,-0.18960501,-0.09487389,-0.10957552,5.516125,-0.094253466,4.2019196,-0.15367767,-0.15746465,-0.16771746,-0.12812386,-0.0969081,-0.16398169,-0.14429814,-0.11335766,-0.18846886,-0.1706479,-0.15442859,-0.12617302,-0.115196005,-0.11342472,-0.11662802,-0.17688066,-0.13899061,-0.13487512,-0.096878245,-0.12142014,-0.091921784,-0.12434345,-0.13632402,-0.063823454,-0.13877153,-0.11419349,-0.13435146,-0.24483351,-0.2571875,-0.29957527,-0.14670967,-0.15734574,-0.13278112,-0.19104545,-0.0782174,-0.17307042,-0.16514194,-0.09859173,-0.11065883,-0.114945926,-0.076612435,-0.083404,-0.1213824,-0.13072303,-0.13855581,-0.19385117,-0.099127665,-0.15643056,-0.19487974,-0.19203149,-0.18800363,-0.11156416,-0.14326464,-0.10318752,-0.1600951,-0.19508377,-0.17375244,-0.1701615,-0.14329916,-0.14299119,-0.10196067,-0.15397152,-0.16213769,-0.18177389,-0.19615212,-0.12158376,-0.14782411,-0.11407228,-0.08009735,-0.14392394,-0.20725825,-0.16141708,-0.125103,-0.15657571,-0.15690626,-0.14400592,-0.19202894,-0.16333291,-0.18308444,-0.2963242,-0.19861023,-0.18217103,-0.17228355,-0.19369274,-0.15808246,-0.14054683,-0.13081074,-0.12557748,-0.13893941,-0.1644019,-0.30584824,-0.16737548,-0.18219367,-0.19364698,-0.11441202,-0.1513749,-0.14099039,-0.17877373,-0.16757351,-0.16538315,-0.14331086,-0.18237996,-0.1287753,-0.1539675,-0.13841933,-0.24156228,-0.1800135,-0.103413485,-0.13550778,-0.14250138,-0.17527121,-0.110583976,-0.13500135,-0.1531332,-0.16043156,-0.18237412,-0.1548635,-0.14982253,-0.19184028,-0.17607734,-0.1648549,-0.14723541,-0.14623587,-0.11499533,-0.10471026,-0.13574117,-0.20148799,-0.1778921,-0.12513243,-0.1661238,-0.18041904,-0.18738703,-0.11705899,-0.1774734,-0.26109034,-0.09263308,-0.09233482,-0.115099296,-0.13655074,-0.1486068,-0.098710544,-0.19019687
k__Bacteria|p__Firmicutes|c__Clostridia|o__Eubacteriales|f__Lachnospiraceae|g__Coprococcus|s__Coprococcus_SGB106020,-0.1004395,-0.12316422,-0.14143707,-0.20428483,-0.16696952,-0.19244757,-0.1666669,-0.14485577,-0.124971345,-0.18331271,-0.18218043,-0.22082114,-0.16831715,-0.20254831,-0.10289536,-0.09916754,-0.058144663,-0.099718034,-0.1078081,-0.17028534,-0.1978925,-0.12536043,-0.13612702,-0.15191111,-0.17077568,-0.11658599,-0.16745122,-0.17334843,-0.1509206,-0.12124001,-0.13521135,-0.10559501,-0.14826658,-0.19443981,-0.18833138,-0.2175087,-0.16079913,-0.22338755,-0.19637409,-0.29867563,-0.29210672,-0.19643298,-0.10701936,-0.09162698,-0.13691942,-0.15500927,-0.23188588,-0.19322723,-0.14614588,-0.2026537,-0.1838737,-0.18279888,-0.1961379,-0.19624676,-0.20037657,-0.15677771,-0.12550193,-0.14335728,-0.09219062,-0.09558311,-0.17081502,-0.1418868,-0.13743341,-0.14663203,-0.12719077,-0.15110314,-0.2613474,-0.22333384,-0.18804522,-0.20047067,-0.1452198,-0.14890413,-0.13045274,-0.14229466,-0.1498661,-0.1633763,-0.14614525,-0.16278498,-0.15931092,-0.14998752,-0.14713119,-0.15677464,-0.1528455,-0.22480208,-0.120334074,-0.14132297,-0.11829759,-0.16041736,-0.17336847,-0.15534933,-0.16775978,-0.11139822,-0.1388583,-0.13027036,-0.12839389,-0.15152657,-0.1427015,-0.11544547,-0.10065024,-0.090571985,-0.105287865,-0.12017837,-0.13477111,-0.15027548,-0.1600605,-0.1185138,-0.11129953,-0.1578567,-0.17738779,-0.13283777,-0.16359647,-0.25953975,-0.14853388,-0.13259166,-0.1412982,-0.15095688,-0.17780018,-0.16323742,-0.22917573,-0.09015879,-0.11049418,-0.13455948,-0.12930545,-0.13997786,-0.17339262,-0.13908121,-0.16057305,-0.12777606,-0.07092635,-0.03704006,-0.13717055,-0.1616396,-0.17841865,-0.14332479,-0.12334781,-0.13570754,-0.12023825,-0.13802913,-0.25318068,-0.26654312,-0.08365696,-0.10945694,-0.143915,-0.09238048,-0.1874975,-0.18973467,-0.15301967,-0.09043641,-0.13230102,-0.14941573,-0.15004839,-0.15853634,-0.17003556,-0.18277878,-0.08806719,-0.12344734,-0.14080873,-0.10256614,-0.17951453,-0.19495486,-0.18996948,-0.10007961,-0.13113372,-0.0791025,-0.12743852,-0.19006202,-0.19244471,-0.19091877,-0.12322,-0.07554568,-0.09699834,-0.11827941,-0.13636133,-0.12406494,-0.121451,-0.09443255,-0.096555986,-0.10842934,-0.082459606,-0.11256645,-0.13200283,-0.16658685,-0.1410757,-0.13647953,-0.18093297,-0.17825818,-0.19320637,-0.14432913,-0.15549555,-0.13503492,-0.119081676,-0.14001076,-0.19117098,-0.19048461,-0.18093875,-0.19755594,-0.25103784,-0.20219928,-0.18992656,-0.19079831,-0.18199424,-0.17361672,-0.27554205,-0.08916744,-0.11956477,-0.12819311,-0.15751183,-0.20931396,-0.18224281,-0.29657933,-0.32474133,-0.15471072,-0.3242122,-0.17325558,-0.17108874,-0.2185038,-0.17647925,-0.114121355,-0.14002019,-0.15388772,-0.15788373,-0.22984435,-0.18186735,-0.2524177,-0.104318395,-0.12455491,-0.13842277,-0.12404296,-0.15189947,-0.1545033,-0.15570252,-0.14014931,-0.15141064,-0.16246785,-0.15508692,-0.15311602,-0.15278172,-0.13374475,-0.12304294,-0.14619881,-0.18950313,-0.17624432,-0.21025829,-0.3990198,-0.20078579,-0.11330705,-0.1296617,-0.11801024,-0.14768402,-0.16636807,-0.18584673,-0.19092125,-0.13180155,-0.076652005,-0.15247509,-0.13971764,-0.14106366,-0.11806898,-0.19987361,-0.1649412,-0.15875226,-0.14124486,-0.1234372,-0.12722544,-0.14610182,-0.2588673,-0.107281595,-0.13074079,-0.09132757,-0.12832497,-0.12900117,-0.14972427,-0.15146291,-0.09625067,-0.08910369,-0.12409261,-0.11051538,-0.13774788,-0.15059392,-0.16969992,-0.14264607,-0.11662963,-0.1734801,-0.15160523,-0.14215569,-0.12521015,-0.1415617,-0.17466888,-0.13176009,-0.13199437,-0.14535344,-0.122645736,-0.08722703,-0.05825615,-0.14319451,-0.17082691,-0.026243303,-0.16668826,-0.2829064,-0.31316653,-0.19663633,-0.14538418,-0.14331596,-0.14862512,-0.12963767,-0.25088155,-0.19273911,-0.1876461,-0.09469925,-0.10913828,-0.10702289,-0.09307982,-0.12759323,-0.15280747,-0.15746465,-0.16652505,-0.12812386,-0.0969081,-0.16398169,-0.14325489,-0.11335766,-0.18846886,-0.1706479,-0.15369105,-0.12548545,-0.115196005,-0.112584084,-0.11662802,-0.17540632,-0.1381289,-0.13390246,-0.096878245,-0.12072435,-0.09174186,-0.12434345,-0.13598341,-0.063823454,-0.13877153,-0.11419349,-0.1338005,-0.24483351,-0.2571875,-0.29957527,-0.14578351,-0.15632254,-0.13173415,-0.19104545,-0.0782174,-0.17147236,-0.16397138,-0.09859173,-0.11065883,-0.114759125,-0.076612435,-0.083404,-0.1213824,-0.13072303,-0.13855581,-0.19385117,-0.098707154,-0.15529075,-0.19487974,-0.19057159,-0.18614396,-0.111223325,-0.14304282,-0.10265556,-0.15859807,-0.19294196,-0.17161351,-0.16872266,-0.1425605,-0.14210746,-0.101929575,-0.15294054,-0.16126567,-0.18058945,-0.19412407,-0.12095479,-0.14686891,-0.113830574,-0.080107145,-0.14260513,-0.20725825,-0.16058107,-0.125103,-0.15657571,-0.15690626,-0.14341971,-0.19202894,-0.1622854,-0.18134125,-0.2963242,-0.19743514,-0.1807179,-0.1716492,-0.19241858,-0.1571912,-0.14054683,-0.13010766,-0.12557748,-0.13794526,-0.16341944,-0.30584824,-0.1666267,-0.1803464,-0.19223061,-0.11441202,-0.15027608,-0.14056246,-0.17758706,-0.16638525,-0.16406475,-0.14331086,-0.18237996,-0.12822405,-0.15304111,-0.13689886,-0.24156228,-0.17949674,-0.1032318,-0.1353485,-0.14146991,-0.17371303,-0.11045638,-0.13442777,-0.15175873,-0.15946865,-0.18165475,-0.15336801,-0.14852268,-0.19184028,-0.1749196,-0.16360047,-0.14723541,-0.14623587,-0.11499533,-0.10471026,-0.13477245,-0.20148799,-0.17653346,-0.12513243,-0.16606763,-0.18041904,-0.18738703,-0.11705899,-0.17528215,-0.256942,-0.0925093,-0.0923133,-0.11475617,-0.1356267,-0.14751601,-0.0985093,-0.18821311
k__Bacteria|p__Firmicutes|c__Tissierellia|o__Tissierellales|f__Peptoniphilaceae|g__Parvimonas|s__Parvimonas_micra,-0.1004395,-0.12316422,-0.14223179,-0.20428483,-0.16706613,-0.19382462,-0.1666669,-0.14511253,-0.12552229,-0.18408206,-0.18366481,-0.22534086,-0.17103997,-0.20466378,-0.10307731,-0.09933218,-0.058144663,-0.09926146,-0.10785251,-0.17102465,-0.1978925,-0.12536043,-0.1362593,-0.15211883,-0.17172708,-0.11658599,-0.16769245,-0.17387226,-0.1509206,-0.12124001,-0.1352242,-0.106033474,-0.14859167,-0.19634144,-0.18947405,-0.2175087,-0.16114956,-0.22338755,-0.1978512,-0.29867563,-0.29210672,-0.19859049,-0.107127964,-0.09162698,-0.13691942,-0.1552743,-0.23188588,-0.19407436,-0.14679162,-0.2026537,-0.18423185,-0.18279888,-0.19779925,-0.1989668,-0.2036443,-0.15805341,-0.12570894,-0.14380808,-0.091867454,-0.095642075,-0.17137471,-0.14211819,-0.13743341,-0.14698458,-0.12719077,-0.15184735,-0.2613474,-0.22333384,-0.18898724,-0.20047067,-0.14555418,-0.14931567,-0.13087876,-0.14285731,-0.15044653,-0.1637716,-0.1466139,-0.16278498,-0.15962365,-0.14998752,-0.1473052,-0.15735209,-0.15330516,-0.22480208,-0.120334074,-0.14164072,-0.118408784,-0.16083997,-0.17408393,-0.15587091,-0.16831213,-0.11139822,-0.1388583,-0.13027036,-0.12872909,-0.15152657,-0.14274517,-0.11550811,-0.10065024,-0.09063056,-0.10550369,-0.12052883,-0.13505474,-0.15027548,-0.16038944,-0.1185138,-0.11129953,-0.1578567,-0.17738779,-0.13350892,-0.16469702,-0.25953975,-0.14889973,-0.13294616,-0.14186229,-0.15095688,-0.17780018,-0.16409874,-0.22917573,-0.09015879,-0.110224575,-0.13481405,-0.12976515,-0.13997786,-0.1740548,-0.13908121,-0.16057305,-0.12777606,-0.07092635,-0.03704006,-0.13737074,-0.16218187,-0.1789639,-0.14332479,-0.12334781,-0.13603842,-0.12023825,-0.13833925,-0.25318068,-0.26654312,-0.08332752,-0.10945694,-0.14441928,-0.09238048,-0.18819116,-0.19054523,-0.15335427,-0.09017674,-0.13230102,-0.14978525,-0.15050429,-0.15910152,-0.17076623,-0.18364963,-0.08782031,-0.12367755,-0.1409994,-0.10256614,-0.17951453,-0.19495486,-0.19128202,-0.10006279,-0.13113372,-0.079559356,-0.1282875,-0.19006202,-0.19357456,-0.19193101,-0.123036,-0.075248465,-0.097124934,-0.11877163,-0.1366798,-0.12406494,-0.121451,-0.09437132,-0.096789315,-0.10856061,-0.082459606,-0.11304014,-0.1323903,-0.1670827,-0.1410757,-0.13667803,-0.18093297,-0.17825818,-0.19464155,-0.14496869,-0.15549555,-0.13545674,-0.119081676,-0.14001076,-0.19117098,-0.19147184,-0.18169722,-0.19755594,-0.25103784,-0.20219928,-0.19049487,-0.19160719,-0.18306765,-0.1744822,-0.27554205,-0.08916744,-0.11956477,-0.12828696,-0.15751183,-0.20931396,-0.18224281,-0.29657933,-0.32474133,-0.15440549,-0.3242122,-0.17325558,-0.17108874,-0.2185038,-0.17647925,-0.114121355,-0.14023401,-0.15388772,-0.15788373,-0.22984435,-0.18186735,-0.25871724,-0.104338594,-0.12455491,-0.13867536,-0.12428629,-0.15189947,-0.1548135,-0.15605578,-0.14014931,-0.15141064,-0.16291851,-0.1553827,-0.15350163,-0.15332316,-0.13425454,-0.12318569,-0.14677504,-0.19038275,-0.17716885,-0.21025829,-0.3990198,-0.20453969,-0.113481954,-0.1296617,-0.118575804,-0.14822066,-0.16636807,-0.186582,-0.19206166,-0.13169014,-0.07676186,-0.1531707,-0.14000484,-0.14106366,-0.11769639,-0.19987361,-0.1649412,-0.15894844,-0.1417118,-0.12374924,-0.12722544,-0.14610182,-0.2588673,-0.10730891,-0.13074079,-0.09132757,-0.12832497,-0.12912416,-0.14985192,-0.15164107,-0.096141666,-0.08910369,-0.124382466,-0.11065142,-0.13803184,-0.15098125,-0.17044547,-0.1429522,-0.1165708,-0.17399617,-0.15203747,-0.14234127,-0.12552656,-0.14206406,-0.17466888,-0.13176009,-0.13237372,-0.14582568,-0.12288732,-0.08722703,-0.05825615,-0.14346686,-0.17082691,-0.026243303,-0.16717231,-0.2829064,-0.31316653,-0.19909742,-0.14571582,-0.14331596,-0.14862512,-0.12963767,-0.25088155,-0.19402346,-0.18868026,-0.094540164,-0.10929058,-0.10702289,-0.09359885,-0.12759323,-0.15326098,-0.15746465,-0.16726609,-0.12812386,-0.0969081,-0.16398169,-0.14339164,-0.11335766,-0.18846886,-0.1706479,-0.15402266,-0.12566182,-0.115196005,-0.113000855,-0.11662802,-0.1761205,-0.13843337,-0.13433945,-0.096878245,-0.12123281,-0.091674946,-0.12434345,-0.13579421,-0.063823454,-0.13877153,-0.11419349,-0.13390699,-0.24483351,-0.2571875,-0.29957527,-0.14626035,-0.15685657,-0.1323493,-0.19104545,-0.0782174,-0.17253724,-0.16445377,-0.09859173,-0.11065883,-0.11440515,-0.076612435,-0.083404,-0.1213824,-0.13072303,-0.13855581,-0.19385117,-0.09871589,-0.1559007,-0.19487974,-0.19154915,-0.18724303,-0.11124027,-0.14301547,-0.10290764,-0.15915844,-0.19468561,-0.17269176,-0.1695293,-0.1428626,-0.14258727,-0.102045506,-0.1534629,-0.16183458,-0.1814304,-0.19569266,-0.121190116,-0.14727119,-0.11393762,-0.08013843,-0.14324225,-0.20725825,-0.16077654,-0.125103,-0.15657571,-0.15690626,-0.14387238,-0.19202894,-0.16272768,-0.18199864,-0.2963242,-0.19950218,-0.18203136,-0.17233056,-0.19351718,-0.1578861,-0.14054683,-0.13037813,-0.12557748,-0.13838947,-0.16385269,-0.30584824,-0.16684751,-0.18130276,-0.19327742,-0.11441202,-0.15069655,-0.1408475,-0.17820902,-0.16697913,-0.1646981,-0.14331086,-0.18237996,-0.12866387,-0.15358487,-0.13781986,-0.24156228,-0.1799528,-0.10316613,-0.13539757,-0.14190274,-0.17442305,-0.110418305,-0.13470735,-0.15217453,-0.15988778,-0.18224622,-0.15399742,-0.14915165,-0.19184028,-0.17548461,-0.16395125,-0.14723541,-0.14623587,-0.11499533,-0.10471026,-0.13531661,-0.20148799,-0.17695783,-0.12513243,-0.16629317,-0.18041904,-0.18738703,-0.11705899,-0.17612553,-0.26110917,-0.09247911,-0.09222281,-0.114935935,-0.13616306,-0.14808644,-0.09866175,-0.18920818
k__Bacteria|p__Firmicutes|c__Bacilli|o__Lactobacillales|f__Lactobacillaceae|g__Weissella|s__Weissella_paramesenteroides,-0.1004395,-0.12316422,-0.1417109,-0.20428483,-0.1660916,-0.19332214,-0.1666669,-0.14524364,-0.1254906,-0.18373361,-0.1830354,-0.22476892,-0.16920823,-0.20411204,-0.103833705,-0.09948005,-0.058144663,-0.1004638,-0.10801868,-0.17083354,-0.1978925,-0.12536043,-0.13660714,-0.15260637,-0.17145792,-0.11658599,-0.16761038,-0.17399628,-0.1509206,-0.12124001,-0.13525207,-0.106282905,-0.1483988,-0.19559386,-0.18931386,-0.2175087,-0.15939926,-0.22338755,-0.19582255,-0.29867563,-0.29210672,-0.198496,-0.107696705,-0.09162698,-0.13691942,-0.15479463,-0.23188588,-0.19324785,-0.14684774,-0.2026537,-0.18252522,-0.18279888,-0.19688773,-0.19819099,-0.20410731,-0.15783343,-0.1261451,-0.14396423,-0.09298174,-0.09627684,-0.17129546,-0.14282462,-0.13743341,-0.14699513,-0.12719077,-0.15122789,-0.2613474,-0.22333384,-0.18820655,-0.20047067,-0.14600118,-0.14937104,-0.13109922,-0.14307886,-0.15142739,-0.1640544,-0.14672822,-0.16278498,-0.15871072,-0.14998752,-0.14728239,-0.15695277,-0.15350959,-0.22480208,-0.120334074,-0.14167804,-0.11870389,-0.16121493,-0.17381814,-0.1555208,-0.16819243,-0.11139822,-0.1388583,-0.13027036,-0.12922943,-0.15152657,-0.14307934,-0.11595851,-0.10065024,-0.09128532,-0.10626656,-0.12095551,-0.135284,-0.15027548,-0.16045377,-0.1185138,-0.11129953,-0.1578567,-0.17738779,-0.13393857,-0.16365919,-0.25953975,-0.14854607,-0.13287193,-0.1419532,-0.15095688,-0.17780018,-0.162961,-0.22917573,-0.09015879,-0.11037092,-0.13501503,-0.13010801,-0.13997786,-0.17352864,-0.13908121,-0.16057305,-0.12777606,-0.07092635,-0.03704006,-0.13715363,-0.16247389,-0.1785883,-0.14332479,-0.12334781,-0.13600416,-0.12023825,-0.13889036,-0.25318068,-0.26654312,-0.08453219,-0.10945694,-0.14511596,-0.09238048,-0.18766443,-0.19020286,-0.15336585,-0.09111899,-0.13230102,-0.14956757,-0.15043347,-0.15902966,-0.17049631,-0.18399258,-0.08868641,-0.12400732,-0.14091024,-0.10256614,-0.17951453,-0.19495486,-0.191052,-0.10096072,-0.13113372,-0.08108249,-0.12845778,-0.19006202,-0.19324607,-0.19140661,-0.12376402,-0.07638489,-0.09787459,-0.11890573,-0.13696222,-0.12406494,-0.121451,-0.0952453,-0.09734539,-0.10929896,-0.082459606,-0.11368019,-0.13297936,-0.16707389,-0.1410757,-0.13636073,-0.18093297,-0.17825818,-0.19388549,-0.14496565,-0.15549555,-0.1357426,-0.119081676,-0.14001076,-0.19117098,-0.19061518,-0.18105862,-0.19755594,-0.25103784,-0.20219928,-0.18986858,-0.19062956,-0.18251717,-0.17363903,-0.27554205,-0.08916744,-0.11956477,-0.12829007,-0.15751183,-0.20931396,-0.18224281,-0.29657933,-0.32474133,-0.15211883,-0.3242122,-0.17325558,-0.17108874,-0.2185038,-0.17647925,-0.114121355,-0.13994025,-0.15388772,-0.15788373,-0.22984435,-0.18186735,-0.25575438,-0.10502598,-0.12455491,-0.13893628,-0.124780685,-0.15189947,-0.15554237,-0.15635036,-0.14014931,-0.15141064,-0.16328128,-0.15497974,-0.15363663,-0.15300763,-0.13429508,-0.12339832,-0.146272,-0.19046207,-0.17692736,-0.21025829,-0.3990198,-0.2037786,-0.11400063,-0.1296617,-0.11916754,-0.14829418,-0.16636807,-0.18667503,-0.19131985,-0.13162813,-0.07807109,-0.1533226,-0.14002833,-0.14106366,-0.11829145,-0.19987361,-0.1649412,-0.158136,-0.14174278,-0.12412989,-0.12722544,-0.14610182,-0.2588673,-0.10775496,-0.13074079,-0.09132757,-0.12832497,-0.1298261,-0.14991793,-0.15206048,-0.09706876,-0.08910369,-0.124919385,-0.11116786,-0.13807283,-0.1510334,-0.17036074,-0.143126,-0.11684592,-0.17379291,-0.15219603,-0.14263344,-0.12594101,-0.14216547,-0.17466888,-0.13176009,-0.13266242,-0.14594737,-0.12353023,-0.08722703,-0.05825615,-0.14370455,-0.17082691,-0.026243303,-0.16535607,-0.2829064,-0.31316653,-0.1992816,-0.14571866,-0.14331596,-0.14862512,-0.12963767,-0.25088155,-0.19342215,-0.18834776,-0.095600426,-0.109827004,-0.10702289,-0.09520427,-0.12759323,-0.15301208,-0.15746465,-0.16671757,-0.12812386,-0.0969081,-0.16398169,-0.14403583,-0.11335766,-0.18846886,-0.1706479,-0.15361677,-0.12623428,-0.115196005,-0.113497525,-0.11662802,-0.17605186,-0.13872047,-0.13475892,-0.096878245,-0.121701285,-0.09274416,-0.12434345,-0.1360799,-0.063823454,-0.13877153,-0.11419349,-0.13398737,-0.24483351,-0.2571875,-0.29957527,-0.14620236,-0.15686084,-0.13283777,-0.19104545,-0.0782174,-0.17246358,-0.16415861,-0.09859173,-0.11065883,-0.115109906,-0.076612435,-0.083404,-0.1213824,-0.13072303,-0.13855581,-0.19385117,-0.09987703,-0.15546706,-0.19487974,-0.19086088,-0.18680727,-0.111800075,-0.14317499,-0.10394418,-0.15931731,-0.19374359,-0.17302383,-0.16895562,-0.14291124,-0.14256656,-0.10223352,-0.1535589,-0.16138428,-0.18076313,-0.19483519,-0.12175411,-0.1475092,-0.1142342,-0.08124532,-0.14322731,-0.20725825,-0.16054654,-0.125103,-0.15657571,-0.15690626,-0.14351925,-0.19202894,-0.1624336,-0.18200247,-0.2963242,-0.19684312,-0.1813066,-0.1716538,-0.19289425,-0.15761909,-0.14054683,-0.13065648,-0.12557748,-0.13865641,-0.16249073,-0.30584824,-0.16692184,-0.18119985,-0.192137,-0.11441202,-0.15100354,-0.1406013,-0.17777404,-0.16691649,-0.16440213,-0.14331086,-0.18237996,-0.12828034,-0.15319832,-0.13772112,-0.24156228,-0.17894621,-0.103858694,-0.13528922,-0.14248797,-0.17427723,-0.11086169,-0.13500744,-0.15263778,-0.15968117,-0.18154898,-0.15466845,-0.14936376,-0.19184028,-0.1750993,-0.16420244,-0.14723541,-0.14623587,-0.11499533,-0.10471026,-0.13552418,-0.20148799,-0.17680684,-0.12513243,-0.16487464,-0.18041904,-0.18738703,-0.11705899,-0.17689767,-0.25860277,-0.09334649,-0.09308812,-0.115183756,-0.13642254,-0.14823917,-0.09927091,-0.18891668
k__Bacteria|p__Firmicutes|c__Clostridia|o__Eubacteriales|f__Lachnospiraceae|g__Velocimicrobium|s__Velocimicrobium_porci,-0.1004395,-0.12316422,-0.14100236,-0.20428483,-0.16670713,-0.19264424,-0.1666669,-0.1449301,-0.12489534,-0.18367416,-0.18252167,-0.21786502,-0.16843167,-0.2022076,-0.10304996,-0.09884626,-0.058144663,-0.09976314,-0.107421026,-0.17044233,-0.1978925,-0.12536043,-0.13634369,-0.1522616,-0.17099036,-0.11658599,-0.16759896,-0.17385975,-0.1509206,-0.12124001,-0.1351139,-0.10548918,-0.14796883,-0.19494516,-0.18857452,-0.2175087,-0.16040877,-0.22338755,-0.1959276,-0.29867563,-0.29210672,-0.19659594,-0.10726081,-0.09162698,-0.13691942,-0.1547195,-0.23188588,-0.19325325,-0.14630586,-0.2026537,-0.18397078,-0.18279888,-0.19603136,-0.19585492,-0.19968757,-0.15778716,-0.12556867,-0.14359654,-0.09235779,-0.09553537,-0.17121229,-0.14231497,-0.13743341,-0.14670414,-0.12719077,-0.15103067,-0.2613474,-0.22333384,-0.18829143,-0.20047067,-0.14561895,-0.14917466,-0.13031876,-0.14235367,-0.1506835,-0.16414106,-0.14670376,-0.16278498,-0.15922359,-0.14998752,-0.14717032,-0.1565972,-0.15303761,-0.22480208,-0.120334074,-0.14127065,-0.11811103,-0.16106522,-0.1737833,-0.1549557,-0.16789728,-0.11139822,-0.1388583,-0.13027036,-0.12867978,-0.15152657,-0.14283407,-0.11566323,-0.10065024,-0.09051987,-0.10551655,-0.120467454,-0.13484916,-0.15027548,-0.16035317,-0.1185138,-0.11129953,-0.1578567,-0.17738779,-0.133037,-0.16279647,-0.25953975,-0.1484802,-0.13229176,-0.1409911,-0.15095688,-0.17780018,-0.16292086,-0.22917573,-0.09015879,-0.11011468,-0.1344763,-0.12939927,-0.13997786,-0.17323017,-0.13908121,-0.16057305,-0.12777606,-0.07092635,-0.03704006,-0.13695733,-0.16187434,-0.1786044,-0.14332479,-0.12334781,-0.13575092,-0.12023825,-0.13794447,-0.25318068,-0.26654312,-0.08366147,-0.10945694,-0.14430462,-0.09238048,-0.18733369,-0.18964793,-0.15258965,-0.090349406,-0.13230102,-0.1492674,-0.1500225,-0.15867077,-0.17025489,-0.18356374,-0.08781485,-0.12360432,-0.14075902,-0.10256614,-0.17951453,-0.19495486,-0.19053224,-0.10004347,-0.13113372,-0.07883744,-0.12737443,-0.19006202,-0.19284756,-0.19088191,-0.12345171,-0.07574701,-0.09710722,-0.11814764,-0.13633043,-0.12406494,-0.121451,-0.09435761,-0.09647398,-0.10841322,-0.082459606,-0.11274156,-0.13230243,-0.1670104,-0.1410757,-0.1361585,-0.18093297,-0.17825818,-0.19317694,-0.14427066,-0.15549555,-0.13514507,-0.119081676,-0.14001076,-0.19117098,-0.19031185,-0.18074058,-0.19755594,-0.25103784,-0.20219928,-0.18975672,-0.19052999,-0.18196508,-0.17305018,-0.27554205,-0.08916744,-0.11956477,-0.1277024,-0.15751183,-0.20931396,-0.18224281,-0.29657933,-0.32474133,-0.15052,-0.3242122,-0.17325558,-0.17108874,-0.2185038,-0.17647925,-0.114121355,-0.1397159,-0.15388772,-0.15788373,-0.22984435,-0.18186735,-0.2515173,-0.1042262,-0.12455491,-0.13846788,-0.124165714,-0.15189947,-0.15507574,-0.15628922,-0.14014931,-0.15141064,-0.1630774,-0.15505148,-0.15330377,-0.15251428,-0.13361064,-0.12299051,-0.14628452,-0.1899368,-0.17639284,-0.21025829,-0.3990198,-0.19960876,-0.11333668,-0.1296617,-0.11833361,-0.14766213,-0.16636807,-0.18646486,-0.19109122,-0.1312488,-0.07697539,-0.1528612,-0.1395866,-0.14106366,-0.11802964,-0.19987361,-0.1649412,-0.15836188,-0.14077568,-0.12338805,-0.12722544,-0.14610182,-0.2588673,-0.10697846,-0.13074079,-0.09132757,-0.12832497,-0.1291928,-0.14966008,-0.15192497,-0.096335046,-0.08910369,-0.12410287,-0.11042462,-0.1375224,-0.15058675,-0.16994436,-0.14269847,-0.11642775,-0.17348513,-0.15165949,-0.14218487,-0.12508589,-0.14204895,-0.17466888,-0.13176009,-0.13201231,-0.14557701,-0.122833036,-0.08722703,-0.05825615,-0.1431865,-0.17082691,-0.026243303,-0.16566682,-0.2829064,-0.31316653,-0.19623059,-0.14545557,-0.14331596,-0.14862512,-0.12963767,-0.25088155,-0.19310999,-0.18800506,-0.09461204,-0.10935691,-0.10702289,-0.093703866,-0.12759323,-0.15254219,-0.15746465,-0.16684702,-0.12812386,-0.0969081,-0.16398169,-0.14377968,-0.11335766,-0.18846886,-0.1706479,-0.15356693,-0.12570655,-0.115196005,-0.11260354,-0.11662802,-0.17594397,-0.13834272,-0.13429351,-0.096878245,-0.120833516,-0.09188655,-0.12434345,-0.13604361,-0.063823454,-0.13877153,-0.11419349,-0.13342349,-0.24483351,-0.2571875,-0.29957527,-0.14580548,-0.15648317,-0.13188744,-0.19104545,-0.0782174,-0.17163551,-0.16404206,-0.09859173,-0.11065883,-0.11496986,-0.076612435,-0.083404,-0.1213824,-0.13072303,-0.13855581,-0.19385117,-0.0988243,-0.15509032,-0.19487974,-0.19059795,-0.18622942,-0.111199975,-0.14289835,-0.10324871,-0.15928589,-0.19329628,-0.17210048,-0.16857177,-0.14257972,-0.14225614,-0.10128207,-0.1528031,-0.1614035,-0.1803326,-0.19420296,-0.12115172,-0.14725333,-0.11380897,-0.080256276,-0.14210668,-0.20725825,-0.16062339,-0.125103,-0.15657571,-0.15690626,-0.14328724,-0.19202894,-0.16227092,-0.18176454,-0.2963242,-0.19571331,-0.18018098,-0.17131242,-0.19193475,-0.15683363,-0.14054683,-0.13007416,-0.12557748,-0.13789615,-0.16194968,-0.30584824,-0.1662826,-0.18082066,-0.19236141,-0.11441202,-0.15024884,-0.14038213,-0.17746317,-0.16661173,-0.16432984,-0.14331086,-0.18237996,-0.1278278,-0.15264815,-0.13613991,-0.24156228,-0.17912272,-0.10314368,-0.13505208,-0.14188308,-0.1741534,-0.110210046,-0.13430518,-0.1524361,-0.15971495,-0.181549,-0.1538539,-0.14881425,-0.19184028,-0.17490093,-0.16423896,-0.14723541,-0.14623587,-0.11499533,-0.10471026,-0.1345425,-0.20148799,-0.17684698,-0.12513243,-0.16552655,-0.18041904,-0.18738703,-0.11705899,-0.17639399,-0.2576629,-0.09252073,-0.092342064,-0.114543065,-0.13575888,-0.14756046,-0.098248124,-0.18865189
k__Bacteria|p__Firmicutes|c__Bacilli|o__Lactobacillales|f__Lactobacillaceae|g__Levilactobacillus|s__Levilactobacillus_brevis,-0.1004395,-0.12316422,-0.14067774,-0.20428483,-0.1664939,-0.19375058,-0.1666669,-0.14565411,-0.12535262,-0.18494773,-0.18424357,-0.21064338,-0.17118928,-0.19955698,-0.10278526,-0.09782117,-0.058144663,-0.09980875,-0.10710709,-0.17145163,-0.1978925,-0.12536043,-0.13713005,-0.15345278,-0.17162073,-0.11658599,-0.16868666,-0.17532435,-0.1509206,-0.12124001,-0.13569587,-0.1045617,-0.1485541,-0.19495614,-0.18957278,-0.2175087,-0.16025327,-0.22338755,-0.1957028,-0.29867563,-0.29210672,-0.19698368,-0.106976934,-0.09162698,-0.13691942,-0.15510625,-0.23188588,-0.19391386,-0.14683059,-0.2026537,-0.18441103,-0.18279888,-0.19569938,-0.196049,-0.19831575,-0.16012435,-0.1256851,-0.14403787,-0.09255031,-0.09505206,-0.1720328,-0.1434972,-0.13743341,-0.1473205,-0.12719077,-0.15193842,-0.2613474,-0.22333384,-0.18904927,-0.20047067,-0.14627743,-0.14987352,-0.13017716,-0.14267117,-0.1517837,-0.16521558,-0.1478265,-0.16278498,-0.1595241,-0.14998752,-0.14791477,-0.1569758,-0.15397865,-0.22480208,-0.120334074,-0.14191845,-0.11809534,-0.16204095,-0.17481022,-0.15564042,-0.16917098,-0.11139822,-0.1388583,-0.13027036,-0.12930739,-0.15152657,-0.14391842,-0.11624947,-0.10065024,-0.08999002,-0.105336085,-0.12031885,-0.13502792,-0.15027548,-0.16136721,-0.1185138,-0.11129953,-0.1578567,-0.17738779,-0.13385081,-0.16297512,-0.25953975,-0.14908716,-0.1324562,-0.14118834,-0.15095688,-0.17780018,-0.16311269,-0.22917573,-0.09015879,-0.11054001,-0.13491248,-0.12967262,-0.13997786,-0.17403337,-0.13908121,-0.16057305,-0.12777606,-0.07092635,-0.03704006,-0.13694465,-0.16280103,-0.17997298,-0.14332479,-0.12334781,-0.1364125,-0.12023825,-0.13833195,-0.25318068,-0.26654312,-0.083116755,-0.10945694,-0.1452169,-0.09238048,-0.18845919,-0.19003671,-0.15297382,-0.08980213,-0.13230102,-0.14998703,-0.15051952,-0.15925552,-0.17089206,-0.18493417,-0.08695407,-0.123958826,-0.14117049,-0.10256614,-0.17951453,-0.19495486,-0.19162306,-0.09990084,-0.13113372,-0.07772099,-0.1276311,-0.19006202,-0.1932894,-0.19179805,-0.12428907,-0.074763484,-0.096612975,-0.117976815,-0.13683918,-0.12406494,-0.121451,-0.09389622,-0.09607762,-0.108338304,-0.082459606,-0.11273828,-0.132847,-0.16817108,-0.1410757,-0.13639641,-0.18093297,-0.17825818,-0.1934967,-0.14447583,-0.15549555,-0.13564783,-0.119081676,-0.14001076,3.6000204,-0.19023788,-0.18140969,-0.19755594,-0.25103784,-0.20219928,-0.19082281,-0.19085716,-0.18285908,-0.17317307,-0.27554205,-0.08916744,-0.11956477,-0.12802514,-0.15751183,-0.20931396,-0.18224281,-0.29657933,-0.32474133,-0.15286689,-0.3242122,-0.17325558,-0.17108874,-0.2185038,-0.17647925,-0.114121355,-0.1398623,-0.15388772,-0.15788373,-0.22984435,-0.18186735,-0.24784987,-0.103973195,-0.12455491,-0.13907066,-0.12440878,-0.15189947,-0.1559353,-0.15732037,-0.14014931,-0.15141064,-0.1641655,-0.15557352,-0.15414168,-0.15306513,-0.13379645,-0.12328846,-0.14705744,-0.19140187,-0.17746782,-0.21025829,-0.3990198,-0.20057328,-0.11348666,-0.1296617,-0.11835037,-0.1485492,-0.16636807,-0.18801732,-0.19198567,-0.13183272,-0.076005,-0.15362304,-0.139856,-0.14106366,-0.119446605,-0.19987361,-0.1649412,-0.15893948,-0.14113401,-0.12366648,-0.12722544,-0.14610182,-0.2588673,-0.106867924,-0.13074079,-0.09132757,-0.12832497,-0.12978587,-0.15034047,-0.15296832,-0.09608674,-0.08910369,-0.124424875,-0.11013906,-0.13797025,-0.15119225,-0.17092678,-0.14329879,-0.1168174,-0.17463815,-0.15243743,-0.1428776,-0.12484201,-0.14364946,-0.17466888,-0.13176009,-0.13244987,-0.14631867,-0.12294264,-0.08722703,-0.05825615,-0.14401272,-0.17082691,-0.026243303,-0.16595727,-0.2829064,-0.31316653,-0.19739237,-0.14605898,-0.14331596,-0.14862512,-0.12963767,-0.25088155,-0.19322276,-0.18918246,-0.09446678,-0.10934907,-0.10702289,-0.093596205,-0.12759323,-0.15369788,-0.15746465,-0.1676026,-0.12812386,-0.0969081,-0.16398169,-0.1447328,-0.11335766,-0.18846886,-0.1706479,-0.15410192,-0.12600645,-0.115196005,-0.11276704,-0.11662802,-0.17738873,-0.13876101,-0.13452767,-0.096878245,-0.12078886,-0.091632575,-0.12434345,-0.13724133,-0.063823454,-0.13877153,-0.11419349,-0.13354422,-0.24483351,-0.2571875,-0.29957527,-0.14620864,-0.15712175,-0.13199016,-0.19104545,-0.0782174,-0.1723282,-0.16502713,-0.09859173,-0.11065883,-0.11590919,-0.076612435,-0.083404,-0.1213824,-0.13072303,-0.13855581,-0.19385117,-0.09819829,-0.15577056,-0.19487974,-0.19126071,-0.18711229,-0.111202806,-0.14337486,-0.10334581,-0.16017324,-0.19388346,-0.17395979,-0.1691316,-0.14299232,-0.14259158,-0.10074468,-0.15363929,-0.16211766,-0.18119371,-0.19474366,-0.1213734,-0.14812462,-0.11429767,-0.080037236,-0.14227208,-0.20725825,-0.16112164,-0.125103,-0.15657571,-0.15690626,-0.14377795,-0.19202894,-0.16293454,-0.18314478,-0.2963242,-0.19345638,-0.18084595,-0.17143153,-0.19197819,-0.15732569,-0.14054683,-0.13023669,-0.12557748,-0.13850918,-0.16194427,-0.30584824,-0.16703649,-0.18160771,-0.19293293,-0.11441202,-0.15124309,-0.14059176,-0.17844382,-0.16720773,-0.16535982,-0.14331086,-0.18237996,-0.12788153,-0.15369323,-0.13608219,-0.24156228,-0.17936714,-0.10280888,-0.13538,-0.14238827,-0.17498882,-0.11015585,-0.13465296,-0.15362287,-0.16039413,-0.18181801,-0.15485539,-0.14905125,-0.19184028,-0.17542559,-0.16566688,-0.14723541,-0.14623587,-0.11499533,-0.10471026,-0.13504398,-0.20148799,-0.17783181,-0.12513243,-0.16641271,-0.18041904,-0.18738703,-0.11705899,-0.1784231,-0.25567573,-0.092033,-0.09208022,-0.11429056,-0.13615845,-0.148011,-0.0978548,-0.1897532
k__Bacteria|p__Firmicutes|c__Clostridia|o__Eubacteriales|f__Oscillospiraceae|g__GGB80017|s__GGB80017_SGB63183,-0.1004395,-0.12316422,-0.141354,-0.20428483,-0.16644894,-0.19353068,-0.1666669,-0.14511834,-0.12511978,-0.18423131,-0.18310058,-0.2189711,-0.17013726,-0.20268877,-0.10273162,-0.0986682,-0.058144663,-0.099543676,-0.107288525,-0.17110223,0.9395577,-0.12536043,-0.13637528,-0.15246403,-0.17140344,-0.11658599,-0.16783366,-0.17425834,-0.1509206,-0.12124001,-0.1352435,-0.10511346,-0.14838779,-0.19539493,-0.18931872,-0.2175087,-0.1603336,-0.22338755,-0.1967168,-0.29867563,-0.29210672,-0.19792768,-0.10699495,-0.09162698,-0.13691942,-0.15496887,-0.23188588,-0.19383869,-0.14644891,-0.2026537,-0.18356591,-0.18279888,-0.19652408,-0.19714731,-0.2011646,-0.15891144,-0.12552476,-0.14377153,-0.09204164,-0.09525409,-0.17144641,-0.14252028,-0.13743341,-0.14689103,-0.12719077,-0.15180469,-0.2613474,-0.22333384,-0.18874861,-0.20047067,-0.14570531,-0.14926961,-0.1304078,-0.14260286,-0.1509251,-0.16416976,-0.1468656,-0.16278498,-0.1591534,-0.14998752,-0.14731222,-0.15688437,-0.15339582,-0.22480208,-0.120334074,-0.14159425,-0.11806383,-0.16125375,-0.17409953,-0.15542671,-0.168386,-0.11139822,-0.1388583,-0.13027036,-0.12881106,-0.15152657,-0.14288291,-0.1155463,-0.10065024,-0.09012787,-0.10532655,-0.12038798,-0.13493302,-0.15027548,-0.1605697,-0.1185138,-0.11129953,-0.1578567,-0.17738779,-0.13358085,-0.16364995,-0.25953975,-0.14871258,-0.13241374,-0.14134824,-0.15095688,-0.17780018,-0.16347441,-0.22917573,-0.09015879,-0.110165685,-0.13463661,-0.12945424,-0.13997786,-0.1737271,-0.13908121,-0.16057305,-0.12777606,-0.07092635,-0.03704006,-0.13714565,-0.16226307,-0.17913091,-0.14332479,-0.12334781,-0.13598046,-0.12023825,-0.13813008,-0.25318068,-0.26654312,-0.08311497,-0.10945694,-0.14467393,-0.09238048,-0.18814144,-0.18998244,-0.15276754,-0.08990462,-0.13230102,-0.14962983,-0.15024102,-0.15891454,-0.17053732,-0.18407217,-0.0873141,-0.1237258,-0.1409769,-0.10256614,-0.17951453,-0.19495486,-0.19115594,-0.09980191,-0.13113372,-0.07871525,-0.12789801,-0.19006202,-0.1930959,-0.191594,-0.12347831,-0.074825376,-0.09686376,-0.118259855,-0.13654554,-0.12406494,-0.121451,-0.09402908,-0.096290044,-0.10836987,-0.082459606,-0.112787634,-0.13245292,-0.16744813,-0.1410757,-0.13623738,-0.18093297,-0.17825818,-0.19383645,-0.14461663,-0.15549555,-0.13538536,-0.119081676,-0.14001076,-0.19117098,-0.19066612,-0.1812367,-0.19755594,-0.25103784,-0.20219928,-0.19019955,-0.19090128,-0.1825993,-0.17371386,-0.27554205,-0.08916744,-0.11956477,-0.12791349,-0.15751183,-0.20931396,-0.18224281,-0.29657933,-0.32474133,-0.15372506,-0.3242122,-0.17325558,-0.17108874,-0.2185038,-0.17647925,-0.114121355,-0.1397577,-0.15388772,-0.15788373,-0.22984435,-0.18186735,-0.2534682,-0.10400205,-0.12455491,-0.13862222,-0.12415504,-0.15189947,-0.1551387,-0.15639767,-0.14014931,-0.15141064,-0.16323254,-0.15514259,-0.15352243,-0.15294012,-0.13378884,-0.12291351,-0.14653912,-0.19043016,-0.17674698,-0.21025829,-0.3990198,-0.20353185,-0.11331084,-0.1296617,-0.11843699,-0.14807162,-0.16636807,-0.18707922,-0.19171472,-0.13156052,-0.07623352,-0.15335208,-0.1397178,-0.14106366,-0.118294805,-0.19987361,-0.1649412,-0.15853438,-0.14126173,-0.12345824,-0.12722544,-0.14610182,-0.2588673,-0.10698849,-0.13074079,-0.09132757,-0.12832497,-0.12920554,-0.14976566,-0.152016,-0.095980346,-0.08910369,-0.12431754,-0.11025363,-0.13788097,-0.15083711,-0.17049174,-0.14285585,-0.11639534,-0.17417274,-0.15187058,-0.14238653,-0.12493472,-0.1425027,-0.17466888,-0.13176009,-0.13223556,-0.14581405,-0.12265025,-0.08722703,-0.05825615,-0.14345612,-0.17082691,-0.026243303,-0.16687235,-0.2829064,-0.31316653,-0.1984176,-0.14563476,-0.14331596,-0.14862512,-0.12963767,-0.25088155,-0.1933774,-0.18865372,-0.09421637,-0.10924418,-0.10702289,-0.09356305,-0.12759323,-0.15328221,-0.15746465,-0.16706687,-0.12812386,-0.0969081,-0.16398169,-0.14391938,-0.11335766,-0.18846886,-0.1706479,-0.15370241,-0.12559997,-0.115196005,-0.11274044,-0.11662802,-0.17655295,-0.13835458,-0.13423711,-0.096878245,-0.12089978,-0.09153265,-0.12434345,-0.13619044,-0.063823454,-0.13877153,-0.11419349,-0.13365903,-0.24483351,-0.2571875,-0.29957527,-0.14604542,-0.15672481,-0.13199987,-0.19104545,-0.0782174,-0.1723328,-0.1644551,-0.09859173,-0.11065883,-0.11486055,-0.076612435,-0.083404,-0.1213824,-0.13072303,-0.13855581,-0.19385117,-0.09836028,-0.15573764,-0.19487974,-0.19102152,-0.18691275,-0.111032635,-0.14300886,-0.102923945,-0.1595635,-0.19397186,-0.17327718,-0.16898066,-0.1426926,-0.14240675,-0.10123977,-0.15335044,-0.16165622,-0.18097031,-0.19491273,-0.121096745,-0.14751455,-0.11387248,-0.079997174,-0.14280918,-0.20725825,-0.1606402,-0.125103,-0.15657571,-0.15690626,-0.14364377,-0.19202894,-0.16254534,-0.18224727,-0.2963242,-0.19657785,-0.1811754,-0.17157266,-0.19256777,-0.15732813,-0.14054683,-0.13014017,-0.12557748,-0.13824111,-0.16295865,-0.30584824,-0.16656137,-0.1810883,-0.19268835,-0.11441202,-0.15079261,-0.14057946,-0.17810841,-0.16680673,-0.1647423,-0.14331086,-0.18237996,-0.12804118,-0.15346894,-0.13681,-0.24156228,-0.17942835,-0.10284585,-0.1351833,-0.14190313,-0.17453101,-0.1100276,-0.13452718,-0.15258566,-0.15991502,-0.18166998,-0.1542609,-0.14897485,-0.19184028,-0.17515726,-0.16443689,-0.14723541,-0.14623587,-0.11499533,-0.10471026,-0.13513935,-0.20148799,-0.17704394,-0.12513243,-0.16617405,-0.18041904,-0.18738703,-0.11705899,-0.17699586,-0.25814223,-0.092154175,-0.092027366,-0.114536636,-0.13601694,-0.1478613,-0.0980821,-0.18930697
k__Bacteria|p__Firmicutes|c__CFGB4881|o__OFGB4881|f__FGB4881|g__GGB14025|s__GGB14025_SGB14906,-0.1004395,-0.12316422,-0.14188823,-0.20428483,-0.16709204,-0.19404787,-0.1666669,-0.14506021,-0.12467347,-0.18369128,-0.18337433,-0.23225075,-0.16966029,-0.20731509,-0.1029823,-0.09941223,-0.058144663,-0.099513635,-0.107677296,-0.17105103,-0.1978925,-0.12536043,-0.13628125,-0.15241012,-0.17196988,-0.11658599,-0.1671957,-0.17401853,-0.1509206,-0.12124001,-0.1348102,-0.105680585,-0.14831123,-0.1966765,-0.18962145,-0.2175087,-0.16103518,-0.22338755,-0.19798487,-0.29867563,-0.29210672,-0.1993107,-0.107053235,-0.09162698,-0.13691942,-0.15502486,-0.23188588,-0.19419242,-0.14666043,-0.2026537,-0.18348143,-0.18279888,-0.19839598,-0.20041037,-0.20643099,-0.1578426,-0.12574026,-0.14393213,-0.09186201,-0.095577106,-0.17144096,-0.14234012,-0.13743341,-0.14700225,-0.12719077,-0.15115924,-0.2613474,-0.22333384,-0.1892258,-0.20047067,-0.14584395,-0.14930427,-0.13094403,-0.14304489,-0.15108183,-0.16428892,-0.14662896,-0.16278498,-0.15939218,-0.14998752,-0.14715257,-0.15727387,-0.15331972,-0.22480208,-0.120334074,-0.14148965,-0.11829008,-0.16108648,-0.17435281,-0.1558147,-0.16823052,-0.11139822,2.8535354,-0.13027036,-0.12850565,-0.15152657,-0.14207926,-0.11520782,-0.10065024,-0.09019138,-0.105338365,-0.12053371,-0.13504156,-0.15027548,-0.16030858,-0.1185138,-0.11129953,-0.1578567,-0.17738779,-0.13404873,-0.16436802,-0.25953975,-0.14865673,-0.13258278,-0.14190584,-0.15095688,-0.17780018,-0.16385007,-0.22917573,-0.09015879,-0.10970762,-0.13466452,-0.12978235,-0.13997786,-0.1738414,-0.13908121,-0.16057305,-0.12777606,-0.07092635,-0.03704006,-0.13706401,-0.1622006,-0.17900309,-0.14332479,-0.12334781,-0.13542426,-0.12023825,-0.13840693,-0.25318068,-0.26654312,-0.08316597,-0.10945694,-0.1445474,-0.09238048,-0.18784118,-0.19070859,-0.15295452,-0.090027004,-0.13230102,-0.14950496,-0.15040475,-0.15919021,-0.17081523,-0.18407057,-0.087672584,-0.12379494,-0.14127904,-0.10256614,-0.17951453,-0.19495486,-0.19181398,-0.099919006,-0.13113372,-0.08004069,-0.1280083,-0.19006202,-0.19394709,-0.19213066,-0.12320922,-0.07500586,-0.097037844,-0.11855691,-0.1364733,-0.12406494,-0.121451,-0.094440915,-0.09648158,-0.10827762,-0.082459606,-0.112785906,-0.13213268,-0.16713634,-0.1410757,-0.13619938,-0.18093297,-0.17825818,-0.19495735,-0.14485441,-0.15549555,-0.13554628,-0.119081676,-0.14001076,-0.19117098,-0.19185615,-0.18175353,-0.19755594,-0.25103784,-0.20219928,-0.1901115,-0.19139893,-0.18281925,-0.17420773,-0.27554205,-0.08916744,-0.11956477,-0.12747538,-0.15751183,-0.20931396,-0.18224281,-0.29657933,-0.32474133,-0.15166354,-0.3242122,-0.17325558,-0.17108874,-0.2185038,-0.17647925,-0.114121355,-0.13977769,-0.15388772,-0.15788373,-0.22984435,-0.18186735,-0.2604198,-0.104291335,-0.12455491,-0.13832626,-0.12403355,-0.15189947,-0.15512331,-0.15619141,-0.14014931,-0.15141064,-0.16323955,-0.1553109,-0.15357193,-0.15319955,-0.13394217,-0.12286283,-0.14619277,-0.19064234,-0.17727888,-0.21025829,-0.3990198,-0.2041318,-0.113263756,-0.1296617,-0.11861264,-0.14794151,-0.16636807,-0.18677141,-0.19194254,-0.1313538,-0.07645333,-0.15324616,-0.13966642,-0.14106366,-0.11756657,-0.19987361,-0.1649412,-0.15846568,-0.14165014,-0.123527616,-0.12722544,-0.14610182,-0.2588673,-0.10712533,-0.13074079,-0.09132757,-0.12832497,-0.12905756,-0.14962044,-0.15172777,-0.09606212,-0.08910369,-0.12424298,-0.110413924,-0.13784745,-0.1507494,-0.17065711,-0.14289695,-0.11598662,-0.17403725,-0.15179443,-0.14236528,-0.12546927,-0.14189838,-0.17466888,-0.13176009,-0.13220161,-0.14579265,-0.12289652,-0.08722703,-0.05825615,-0.14336877,-0.17082691,-0.026243303,-0.1665358,-0.2829064,-0.31316653,-0.19920205,-0.1457113,-0.14331596,-0.14862512,-0.12963767,-0.25088155,-0.19468397,-0.18894684,-0.09433274,-0.10917513,-0.10702289,-0.09394954,-0.12759323,-0.15278159,-0.15746465,-0.16727114,-0.12812386,-0.0969081,-0.16398169,-0.14361894,-0.11335766,-0.18846886,-0.1706479,-0.15401006,-0.1257124,-0.115196005,-0.112972245,-0.11662802,-0.17604265,-0.13851182,-0.13448054,-0.096878245,-0.12117459,-0.09147066,-0.12434345,-0.13542181,-0.063823454,-0.13877153,-0.11419349,-0.13375783,-0.24483351,-0.2571875,-0.29957527,-0.14634883,-0.15691976,-0.1323879,-0.19104545,-0.0782174,-0.17271441,-0.16442338,-0.09859173,-0.11065883,-0.11406206,-0.076612435,-0.083404,-0.1213824,-0.13072303,-0.13855581,-0.19385117,-0.09923524,-0.15578851,-0.19487974,-0.19136341,-0.18736403,-0.11103891,-0.14290449,-0.10279984,-0.15943208,-0.19481283,-0.17328319,-0.16923286,-0.14280418,-0.14263162,-0.101672165,-0.15330575,-0.16162148,-0.18107463,-0.19575417,-0.1211419,-0.1472972,-0.11331617,-0.079673074,-0.14341134,-0.20725825,-0.16079296,-0.125103,-0.15657571,-0.15690626,-0.14357418,-0.19202894,-0.16263579,-0.18216377,-0.2963242,-0.19903487,-0.1814633,-0.17177612,-0.19359224,-0.15767135,-0.14054683,-0.13030644,-0.12557748,-0.13821742,-0.16367148,-0.30584824,-0.1667279,-0.18152344,-0.1929622,-0.11441202,-0.15059721,-0.14056212,-0.17819767,-0.16713178,-0.164616,-0.14331086,-0.18237996,-0.12824604,-0.15345393,-0.137979,-0.24156228,-0.17941885,-0.103093304,-0.13507655,-0.14205107,-0.17473131,-0.110083014,-0.13449931,-0.15229867,-0.16010565,-0.18196324,-0.15444385,-0.14943421,-0.19184028,-0.17559958,-0.16412553,-0.14723541,-0.14623587,-0.11499533,-0.10471026,-0.13511899,-0.20148799,-0.17719369,-0.12513243,-0.16544172,-0.18041904,-0.18738703,-0.11705899,-0.17666504,-0.26117754,-0.09234187,-0.09199273,-0.114637166,-0.13609052,-0.14818937,-0.09836936,-0.1893475
k__Bacteria|p__Firmicutes|c__Clostridia|o__Eubacteriales|f__Oscillospiraceae|g__Oscillospiraceae_unclassified|s__Clostridium_sporosphaeroides,-0.1004395,-0.12316422,-0.14190543,-0.20428483,-0.1670979,-0.19413942,-0.1666669,-0.14519787,-0.12512162,-0.18370295,-0.18329105,-0.22644345,-0.17040575,-0.20509294,-0.103549585,-0.09983203,-0.058144663,-0.09975925,-0.10787083,-0.1712148,-0.1978925,-0.12536043,-0.13654637,-0.15254429,-0.17181456,-0.11658599,-0.16771924,-0.17441058,-0.1509206,-0.12124001,-0.13539258,-0.10594754,-0.14857934,-0.19611524,-0.18972048,-0.2175087,-0.16121681,-0.22338755,-0.1975211,-0.29867563,-0.29210672,-0.19864944,-0.107559964,-0.09162698,-0.13691942,-0.15528995,-0.23188588,-0.19420534,-0.14699471,-0.2026537,-0.18377127,-0.18279888,-0.1972418,-0.19892907,-0.20362166,-0.15809336,-0.12600718,-0.14413455,-0.0924194,-0.095782906,-0.171495,-0.14270413,-0.13743341,-0.14724787,-0.12719077,-0.1515044,-0.2613474,-0.22333384,-0.18896192,-0.20047067,-0.1459656,-0.14951515,-0.13100207,-0.1428868,-0.15093987,-0.16423938,-0.14709446,-0.16278498,-0.15966824,-0.14998752,-0.14736886,-0.15731853,-0.15356913,-0.22480208,-0.120334074,-0.14173305,-0.11853449,-0.16115394,-0.17433335,-0.1559931,-0.1685203,-0.11139822,2.8053806,-0.13027036,-0.12882525,-0.15152657,-0.14279081,-0.11583303,-0.10065024,-0.090622626,-0.10569452,-0.12075801,-0.13524371,-0.15027548,-0.16074997,-0.1185138,-0.11129953,-0.1578567,-0.17738779,-0.13400006,-0.16412923,-0.25953975,-0.14900996,-0.13290922,-0.14180061,-0.15095688,-0.17780018,-0.1639904,-0.22917573,-0.09015879,-0.11027104,-0.13494909,-0.1299299,-0.13997786,-0.17406839,-0.13908121,-0.16057305,-0.12777606,-0.07092635,-0.03704006,-0.13720891,-0.16242564,-0.1792772,-0.14332479,-0.12334781,-0.13596207,-0.12023825,-0.13832909,-0.25318068,-0.26654312,-0.08369235,-0.10945694,-0.1447508,-0.09238048,-0.18806933,-0.19052176,-0.15337582,-0.09051102,-0.13230102,-0.1498098,-0.15058352,-0.15927222,-0.17088923,-0.18417944,-0.08814576,-0.12419293,-0.14149295,-0.10256614,-0.17951453,-0.19495486,-0.19172889,-0.10027813,-0.13113372,-0.07967939,-0.12791917,-0.19006202,-0.19373214,-0.19210245,-0.123764664,-0.07560401,-0.09738717,-0.11870609,-0.13676512,-0.12406494,-0.121451,-0.09480099,-0.09688644,-0.1087594,-0.082459606,-0.113011494,-0.13247158,-0.16748622,-0.1410757,-0.13660184,-0.18093297,-0.17825818,-0.1946483,-0.14505246,-0.15549555,-0.13581179,-0.119081676,-0.14001076,-0.19117098,-0.19160402,-0.18182543,-0.19755594,-0.25103784,-0.20219928,-0.19043642,-0.19135042,-0.18288726,-0.17414135,-0.27554205,-0.08916744,-0.11956477,-0.12796885,-0.15751183,-0.20931396,-0.18224281,-0.29657933,-0.32474133,-0.15382807,-0.3242122,-0.17325558,-0.17108874,-0.2185038,-0.17647925,-0.114121355,-0.14012411,-0.15388772,-0.15788373,-0.22984435,-0.18186735,-0.25740594,-0.104609236,-0.12455491,-0.13866198,-0.124350846,-0.15189947,-0.15527844,-0.15659755,-0.14014931,-0.15141064,-0.16334334,-0.15552971,-0.15384755,-0.1533997,-0.1343602,-0.123232566,-0.14655602,-0.19046925,-0.17753822,-0.21025829,-0.3990198,-0.20398827,-0.113652095,-0.1296617,-0.118685246,-0.14807963,-0.16636807,-0.18680668,-0.19207445,-0.13190322,-0.07687351,-0.1533221,-0.1400176,-0.14106366,-0.118439764,-0.19987361,-0.1649412,-0.15895142,-0.14193067,-0.123767674,-0.12722544,-0.14610182,-0.2588673,-0.10753967,-0.13074079,-0.09132757,-0.12832497,-0.12935382,-0.14994577,-0.15222919,-0.09654686,-0.08910369,-0.12454003,-0.11068592,-0.1381388,-0.15098909,-0.17085783,-0.14317575,-0.116591975,-0.17410715,-0.15209073,-0.1425753,-0.12559089,-0.14239872,-0.17466888,-0.13176009,-0.13257523,-0.14595696,-0.12335506,-0.08722703,-0.05825615,-0.14373893,-0.17082691,-0.026243303,-0.16716936,-0.2829064,-0.31316653,-0.1993101,-0.14596313,-0.14331596,-0.14862512,-0.12963767,-0.25088155,-0.19433448,-0.18905543,-0.094853565,-0.10954164,-0.10702289,-0.09399068,-0.12759323,-0.153305,-0.15746465,-0.16749305,-0.12812386,-0.0969081,-0.16398169,-0.14392242,-0.11335766,-0.18846886,-0.1706479,-0.1542663,-0.12612724,-0.115196005,-0.113214925,-0.11662802,-0.17644285,-0.13879417,-0.1346879,-0.096878245,-0.12137541,-0.091896944,-0.12434345,-0.13615578,-0.063823454,-0.13877153,-0.11419349,-0.13391498,-0.24483351,-0.2571875,-0.29957527,-0.14644405,-0.1569637,-0.13240846,-0.19104545,-0.0782174,-0.17278449,-0.16461082,-0.09859173,-0.11065883,-0.114857525,-0.076612435,-0.083404,-0.1213824,-0.13072303,-0.13855581,-0.19385117,-0.099362075,-0.15582258,-0.19487974,-0.1914767,-0.18743476,-0.11151702,-0.14322022,-0.10323693,-0.15938838,-0.19446626,-0.1732966,-0.16929953,-0.14309095,-0.14286704,-0.101980835,-0.15344773,-0.1618187,-0.1812891,-0.1955859,-0.12143923,-0.14755097,-0.11395192,-0.080076605,-0.14325269,-0.20725825,-0.16125101,-0.125103,-0.15657571,-0.15690626,-0.14390093,-0.19202894,-0.16291249,-0.1824209,-0.2963242,-0.1987469,-0.18142968,-0.17178729,-0.19329557,-0.15776533,-0.14054683,-0.13058633,-0.12557748,-0.13862446,-0.16369537,-0.30584824,-0.16723916,-0.18137045,-0.19318461,-0.11441202,-0.15071289,-0.14079368,-0.17832984,-0.16717006,-0.16498023,-0.14331086,-0.18237996,-0.1286563,-0.1534724,-0.13768165,-0.24156228,-0.17988843,-0.103470676,-0.13541672,-0.14222458,-0.1746579,-0.11060799,-0.13472104,-0.15258972,-0.1602449,-0.18210925,-0.1544672,-0.14928636,-0.19184028,-0.17570755,-0.16459513,-0.14723541,-0.14623587,-0.11499533,-0.10471026,-0.13522224,-0.20148799,-0.17749897,-0.12513243,-0.16602454,-0.18041904,-0.18738703,-0.11705899,-0.17682084,-0.25982904,-0.09283623,-0.09247809,-0.11493253,-0.1362673,-0.14824358,-0.09869286,-0.18938024
k__Bacteria|p__Firmicutes|c__Bacilli|o__Lactobacillales|f__Carnobacteriaceae|g__Granulicatella|s__Granulicatella_SGB8244,-0.1004395,-0.12316422,-0.1406811,-0.20428483,-0.16691194,-0.1941396,-0.1666669,-0.14584488,-0.12439279,-0.18522505,-0.18319193,-0.22524548,-0.16898039,-0.206322,-0.102872625,-0.09883244,-0.058144663,-0.10035702,-0.107066706,-0.17159486,-0.1978925,-0.12536043,-0.13699922,-0.15364604,-0.17219232,-0.11658599,-0.16802882,-0.17568594,-0.1509206,-0.12124001,-0.13524193,-0.10469997,-0.14835423,-0.1964349,-0.19023986,-0.2175087,-0.16037668,-0.22338755,-0.1970187,-0.29867563,-0.29210672,-0.19888361,-0.1073817,-0.09162698,-0.13691942,-0.15506984,-0.23188588,-0.19421302,-0.1469213,-0.2026537,-0.18369848,-0.18279888,-0.19749644,-0.19837597,-0.20367764,-0.1600509,-0.12596409,-0.14441666,-0.092342645,-0.095273696,-0.17236122,-0.14335674,-0.13743341,-0.14742461,-0.12719077,-0.15125108,-0.2613474,-0.22333384,-0.18967581,-0.20047067,-0.14679839,-0.1499326,-0.13065252,-0.14309917,-0.15263897,-0.16593185,-0.14795318,-0.16278498,-0.15931931,-0.14998752,-0.14768341,-0.15705422,-0.15390077,-0.22480208,-0.120334074,-0.14178349,-0.11811797,-0.162482,-0.17539713,-0.1553906,-0.16915679,-0.11139822,-0.1388583,-0.13027036,-0.12907006,-0.15152657,-0.14276335,-0.115917005,-0.10065024,-0.08981809,-0.10554248,-0.12080482,-0.13530287,-0.15027548,-0.16144836,-0.1185138,-0.11129953,-0.1578567,-0.17738779,-0.13447006,-0.1628642,-0.25953975,-0.14893356,-0.13217162,-0.14145836,-0.15095688,-0.17780018,-0.16297716,-0.22917573,-0.09015879,-0.10975219,-0.13482425,-0.12986575,-0.13997786,-0.17385036,-0.13908121,-0.16057305,-0.12777606,-0.07092635,-0.03704006,-0.13690662,-0.16293417,-0.18004291,-0.14332479,-0.12334781,-0.1357038,-0.12023825,-0.13860297,-0.25318068,-0.26654312,-0.08314495,-0.10945694,-0.1455189,-0.09238048,-0.1882277,-0.190714,-0.15270187,-0.08988047,-0.13230102,-0.14971039,-0.15057671,-0.15964344,-0.17119142,-0.18565774,-0.087003596,-0.124272674,-0.14192092,-0.10256614,-0.17951453,-0.19495486,-0.19265893,-0.09988232,-0.13113372,-0.07886191,-0.12765534,-0.19006202,-0.19434784,-0.19232216,-0.12444243,-0.07470234,-0.09689143,-0.11811479,-0.1367626,-0.12406494,-0.121451,-0.094257414,-0.09603297,-0.10830349,-0.082459606,-0.11274861,-0.13265482,-0.16850956,-0.1410757,-0.13598722,-0.18093297,-0.17825818,-0.19441172,-0.14458314,-0.15549555,-0.13596517,-0.119081676,-0.14001076,-0.19117098,-0.1914667,-0.1817188,-0.19755594,-0.25103784,-0.20219928,-0.19020386,-0.19097771,-0.18288645,-0.17329139,-0.27554205,-0.08916744,-0.11956477,-0.12709172,-0.15751183,-0.20931396,-0.18224281,-0.29657933,-0.32474133,-0.14758587,-0.3242122,-0.17325558,-0.17108874,-0.2185038,-0.17647925,-0.114121355,-0.13944733,-0.15388772,-0.15788373,-0.22984435,-0.18186735,-0.25474858,-0.10411671,-0.12455491,-0.13876049,-0.12433286,-0.15189947,-0.15629274,-0.15767461,-0.14014931,-0.15141064,-0.16465956,-0.15550588,-0.15425819,-0.15297799,-0.13382034,-0.122979544,-0.14645597,-0.19199674,-0.17759767,-0.21025829,-0.3990198,-0.20118913,-0.11343561,-0.1296617,-0.118855014,-0.14823484,-0.16636807,-0.18841825,-0.19228102,-0.13134703,-0.07594621,-0.1539903,-0.13970312,-0.14106366,-0.118949965,-0.19987361,-0.1649412,-0.15826447,-0.14111313,-0.123466104,-0.12722544,-0.14610182,-0.2588673,-0.10684471,-0.13074079,-0.09132757,-0.12832497,-0.1298253,-0.14992565,-0.15318295,-0.09624736,-0.08910369,-0.12445067,-0.11011156,-0.13791841,-0.15097797,-0.17145036,-0.14327729,-0.11598757,-0.17479967,-0.1521183,-0.14296868,-0.12490238,-0.1434476,-0.17466888,-0.13176009,-0.1323152,-0.14626878,-0.12315887,-0.08722703,-0.05825615,-0.14382014,-0.17082691,-0.026243303,-0.165692,-0.2829064,-0.31316653,-0.19786535,-0.14618468,-0.14331596,-0.14862512,-0.12963767,-0.25088155,-0.19465202,-0.18972087,-0.094138786,-0.10952546,-0.10702289,-0.094356984,-0.12759323,-0.1529942,-0.15746465,-0.16796404,-0.12812386,-0.0969081,-0.16398169,-0.14512017,-0.11335766,-0.18846886,-0.1706479,-0.1541177,-0.12604265,-0.115196005,-0.11294593,-0.11662802,-0.17752141,-0.13905981,-0.13499698,-0.096878245,-0.12103665,-0.09167108,-0.12434345,-0.13658708,-0.063823454,-0.13877153,-0.11419349,-0.13357902,-0.24483351,-0.2571875,-0.29957527,-0.14656824,-0.15735614,-0.13227168,-0.19104545,-0.0782174,-0.17279114,-0.1651385,-0.09859173,-0.11065883,-0.11519621,-0.076612435,-0.083404,-0.1213824,-0.13072303,-0.13855581,-0.19385117,-0.098960906,-0.15576772,-0.19487974,-0.1914296,-0.18760991,-0.11116155,-0.14321642,-0.1033031,-0.16090386,-0.19473083,-0.17483771,-0.16916493,-0.14309078,-0.14293374,-0.10048329,-0.15355265,-0.1620909,-0.18100554,-0.19565922,-0.12145898,-0.14827797,-0.113588125,-0.0796281,-0.14278717,-0.20725825,-0.16135278,-0.125103,-0.15657571,-0.15690626,-0.14351344,-0.19202894,-0.16285896,-0.1833748,-0.2963242,-0.19438648,-0.18044834,-0.17133495,-0.19276291,-0.15716225,-0.14054683,-0.13036922,-0.12557748,-0.1382419,-0.16237299,-0.30584824,-0.16640447,-0.18213941,-0.19313605,-0.11441202,-0.15107371,-0.14056985,-0.17858943,-0.16751844,-0.16548285,-0.14331086,-0.18237996,-0.12751368,-0.15339074,-0.13645151,-0.24156228,-0.17910175,-0.10305622,-0.13492136,-0.1427612,-0.17566773,-0.10979896,-0.13438435,-0.15396838,-0.16109622,-0.18183634,-0.15544522,-0.14966165,-0.19184028,-0.1755926,-0.16582283,-0.14723541,-0.14623587,-0.11499533,-0.10471026,-0.13497809,-0.20148799,-0.17825648,-0.12513243,-0.16559616,-0.18041904,-0.18738703,-0.11705899,-0.17902091,-0.25907627,-0.09215292,-0.09201306,-0.11418542,-0.13636678,-0.1483792,-0.09764151,-0.19037639
k__Bacteria|p__Firmicutes|c__Negativicutes|o__Veillonellales|f__Veillonellaceae|g__Veillonella|s__Veillonella_SGB96765,-0.1004395,-0.12316422,-0.14222673,-0.20428483,-0.16771513,-0.1937134,-0.1666669,-0.14528099,-0.12554348,-0.18401888,-0.1836858,-0.22183424,-0.1691441,-0.203485,-0.10287504,-0.09886787,-0.058144663,-0.099174246,-0.10781992,-0.17118199,-0.1978925,-0.12536043,-0.13631739,-0.15221624,-0.17151251,-0.11658599,-0.16797239,-0.17401144,-0.1509206,-0.12124001,-0.13542177,-0.10567483,-0.14865169,-0.19570367,-0.18909296,-0.2175087,-0.161942,-0.22338755,-0.197737,-0.29867563,-0.29210672,-0.19771343,-0.10696705,-0.09162698,-0.13691942,-0.15553667,-0.23188588,-0.19425547,-0.14664716,-0.2026537,-0.18565828,-0.18279888,-0.19744462,-0.19758528,-0.2014813,-0.15711497,-0.12562525,-0.14367144,-0.09189047,-0.09541051,-0.17139235,-0.14223552,-0.13743341,-0.14705221,-0.12719077,-0.15188834,-0.2613474,-0.22333384,-0.18937615,-0.20047067,-0.14551844,-0.14928697,-0.13059819,-0.14256033,-0.15003513,-0.16388045,-0.14661288,-0.16278498,-0.16015568,-0.14998752,-0.14732504,-0.15744731,-0.15334466,-0.22480208,-0.120334074,-0.14162353,-0.11837223,-0.16088426,-0.17416003,-0.15609385,-0.16835968,-0.11139822,-0.1388583,-0.13027036,-0.12858604,-0.15152657,-0.14304332,-0.11546916,-0.10065024,-0.09032868,-0.105152495,-0.12027976,-0.13497165,-0.15027548,-0.16045113,-0.1185138,-0.11129953,-0.1578567,-0.17738779,-0.13316947,-0.16467218,-0.25953975,-0.1490791,-0.13289651,-0.14164786,-0.15095688,-0.17780018,-0.16455017,-0.22917573,-0.09015879,-0.110460356,-0.13488813,-0.12946565,-0.13997786,-0.17424664,-0.13908121,-0.16057305,-0.12777606,-0.07092635,-0.03704006,-0.13750619,-0.16215062,-0.17913309,-0.14332479,-0.12334781,-0.13611037,-0.12023825,-0.13798457,-0.25318068,-0.26654312,-0.083153635,-0.10945694,-0.14401177,-0.09238048,-0.1883184,-0.19056366,-0.15316816,-0.090047374,-0.13230102,-0.14988878,-0.1505343,-0.15905437,-0.17075568,-0.18334143,-0.08770528,-0.12366234,-0.14107227,-0.10256614,-0.17951453,-0.19495486,-0.1909435,-0.09995049,-0.13113372,-0.078638695,-0.12772995,-0.19006202,-0.19337335,-0.1918814,-0.123253204,-0.075085506,-0.0968343,-0.11846767,-0.13654128,-0.12406494,-0.121451,-0.09416895,-0.09647189,-0.10828011,-0.082459606,-0.11261186,-0.1321557,-0.16713244,-0.1410757,-0.1368733,-0.18093297,-0.17825818,-0.19430241,-0.14477856,-0.15549555,-0.1353096,-0.119081676,-0.14001076,-0.19117098,-0.19151267,-0.18197256,-0.19755594,-0.25103784,-0.20219928,-0.19093806,-0.19186923,-0.18290056,-0.17451955,-0.27554205,-0.08916744,-0.11956477,-0.12845191,-0.15751183,-0.20931396,-0.18224281,-0.29657933,-0.32474133,-0.15562163,-0.3242122,-0.17325558,-0.17108874,-0.2185038,-0.17647925,-0.114121355,-0.14040509,-0.15388772,-0.15788373,-0.22984435,-0.18186735,-0.2553653,-0.10419885,-0.12455491,-0.13867676,-0.124096766,-0.15189947,-0.1547925,-0.15604264,-0.14014931,-0.15141064,-0.16288963,-0.15567552,-0.15358767,-0.1533924,-0.13391393,-0.12311834,-0.1467775,-0.1901116,-0.1773508,-0.21025829,-0.3990198,-0.20221072,-0.113378435,-0.1296617,-0.118181065,-0.14805958,-0.16636807,-0.18666594,-0.19204067,-0.13200039,-0.076167494,-0.15293565,-0.13995364,-0.14106366,-0.11826206,-0.19987361,-0.1649412,-0.15952335,-0.14164679,-0.12348759,-0.12722544,-0.14610182,-0.2588673,-0.10727689,-0.13074079,-0.09132757,-0.12832497,-0.12891826,-0.1500864,-0.15165973,-0.09597852,-0.08910369,-0.124143645,-0.11044426,-0.1379983,-0.15104252,-0.17024463,-0.14307389,-0.11660768,-0.17421266,-0.15212892,-0.1422575,-0.12543671,-0.14198335,-0.17466888,-0.13176009,-0.13218723,-0.14578716,-0.12267691,-0.08722703,-0.05825615,-0.14365473,-0.17082691,-0.026243303,-0.16796267,-0.2829064,-0.31316653,-0.19802874,-0.14575763,-0.14331596,-0.14862512,-0.12963767,-0.25088155,-0.19388543,-0.18860245,-0.09436723,-0.10908979,-0.10702289,-0.09264354,-0.12759323,-0.15342098,-0.15746465,-0.16733712,-0.12812386,-0.0969081,-0.16398169,-0.14325905,-0.11335766,-0.18846886,-0.1706479,-0.15418349,-0.12558612,-0.115196005,-0.11256631,-0.11662802,-0.17606132,-0.13839829,-0.13404569,-0.096878245,-0.12086937,-0.09132354,-0.12434345,-0.13604508,-0.063823454,-0.13877153,-0.11419349,-0.13388869,-0.24483351,-0.2571875,-0.29957527,-0.1462779,-0.15675703,-0.13206059,-0.19104545,-0.0782174,-0.17241691,-0.16437861,-0.09859173,-0.11065883,-0.114627615,-0.076612435,-0.083404,-0.1213824,-0.13072303,-0.13855581,-0.19385117,-0.098394684,-0.15614015,-0.19487974,-0.19166759,-0.18699464,-0.11117023,-0.14318171,-0.10261,-0.15907721,-0.19439855,-0.17235017,-0.16943137,-0.14294794,-0.14247692,-0.10198352,-0.15341969,-0.16197893,-0.18156254,-0.19532777,-0.12105768,-0.14730059,-0.114080094,-0.07975677,-0.14313334,1.6845956,-0.16116355,-0.125103,-0.15657571,-0.15690626,-0.14408022,-0.19202894,-0.16295832,-0.18193929,-0.2963242,-0.19934456,-0.18158671,-0.17229846,-0.19335723,-0.15784524,-0.14054683,-0.1303123,-0.12557748,-0.1384489,-0.16384107,-0.30584824,-0.16735196,-0.18092132,-0.19336012,-0.11441202,-0.15056334,-0.14089975,-0.17844094,-0.16703683,-0.16462834,-0.14331086,-0.18237996,-0.12880394,-0.1535906,-0.13752982,-0.24156228,-0.18043588,-0.10299645,-0.13564056,-0.14166525,-0.17444916,-0.11033253,-0.13470277,-0.15197945,-0.1600219,-0.1825242,-0.15362652,-0.14900136,-0.19184028,-0.17580159,-0.16398565,-0.14723541,-0.14623587,-0.11499533,-0.10471026,-0.1350579,-0.20148799,-0.1771583,-0.12513243,-0.16694161,-0.18041904,-0.18738703,-0.11705899,-0.17568453,-0.25939855,-0.09231673,-0.09196625,-0.11486253,-0.13587455,-0.14785904,-0.09833976,-0.18909906
k__Bacteria|p__Firmicutes|c__Clostridia|o__Eubacteriales|f__Lachnospiraceae|g__Cellulosilyticum|s__Cellulosilyticum_lentocellum,-0.1004395,-0.12316422,-0.14061102,-0.20428483,-0.16640088,-0.19316357,-0.1666669,-0.14519864,-0.12474695,-0.18411335,-0.18343545,-0.217958,-0.16950342,-0.20340016,-0.102972135,-0.098464295,-0.058144663,-0.09986612,-0.10707912,-0.17071566,-0.1978925,-0.12536043,-0.13650802,-0.15270811,-0.17131361,-0.11658599,-0.16781811,-0.17452174,-0.1509206,-0.12124001,-0.13499653,-0.10502645,-0.14789267,-0.19537564,-0.18912086,-0.2175087,-0.1597496,-0.22338755,-0.19575581,-0.29867563,-0.29210672,-0.19742198,-0.10722053,-0.09162698,-0.13691942,-0.15468416,-0.23188588,-0.19351912,-0.14646065,-0.2026537,-0.18372875,-0.18279888,-0.19600937,-0.19635588,-0.20031756,-0.15901433,-0.12555346,-0.14377812,-0.09222567,-0.09518821,-0.17152083,-0.14271168,-0.13743341,-0.1468631,-0.12719077,-0.15110907,-0.2613474,-0.22333384,-0.18875632,-0.20047067,-0.14595422,-0.14937627,-0.13013145,-0.14245552,-0.15140268,-0.16465832,-0.14700936,-0.16278498,-0.15907365,-0.14998752,-0.1471735,-0.15659156,-0.15326853,-0.22480208,-0.120334074,-0.14136839,-0.11790845,-0.16155842,-0.17423658,-0.15497963,-0.16824591,-0.11139822,-0.1388583,-0.13027036,-0.1287882,-0.15152657,-0.14291357,-0.115667894,-0.10065024,-0.09015483,-0.10548842,-0.12041944,-0.13487145,-0.15027548,-0.16067994,-0.1185138,-0.11129953,-0.1578567,-0.17738779,-0.13335791,-0.16222507,-0.25953975,-0.14849287,-0.1321113,-0.14097717,-0.15095688,-0.17780018,-0.16275576,-0.22917573,-0.09015879,-0.10982999,-0.13448781,-0.12944397,-0.13997786,-0.17343162,-0.13908121,-0.16057305,-0.12777606,-0.07092635,-0.03704006,-0.13677707,-0.16228217,-0.17901719,-0.14332479,-0.12334781,-0.13582745,-0.12023825,-0.13805105,-0.25318068,-0.26654312,-0.08342144,-0.10945694,-0.14476597,-0.09238048,-0.18769105,-0.18992296,-0.15268877,-0.09006598,-0.13230102,-0.1493246,-0.15011129,-0.15887046,-0.17044477,-0.18426704,-0.08734831,-0.123650104,-0.14100105,-0.10256614,-0.17951453,-0.19495486,-0.1912201,-0.09986761,-0.13113372,-0.07854682,-0.12744683,-0.19006202,-0.19331086,-0.19131677,-0.12376799,-0.07530947,-0.096870236,-0.11797184,-0.13646746,-0.12406494,-0.121451,-0.094185725,-0.096328504,-0.108377695,-0.082459606,-0.11278922,-0.13258286,-0.16753294,-0.1410757,-0.13587394,-0.18093297,-0.17825818,-0.1934829,-0.14420071,-0.15549555,-0.1352543,-0.119081676,-0.14001076,-0.19117098,-0.1905235,-0.1808733,1.4019498,-0.25103784,-0.20219928,-0.18996547,-0.19041216,-0.18230239,-0.17289981,-0.27554205,-0.08916744,-0.11956477,-0.12748593,-0.15751183,-0.20931396,-0.18224281,-0.29657933,-0.32474133,-0.14965779,-0.3242122,-0.17325558,-0.17108874,-0.2185038,-0.17647925,-0.114121355,-0.13944131,-0.15388772,-0.15788373,-0.22984435,-0.18186735,-0.25204384,-0.10405569,-0.12455491,-0.13856839,-0.12412441,-0.15189947,-0.15561241,-0.15671335,-0.14014931,-0.15141064,-0.16353503,-0.15498503,-0.15353137,-0.15252337,-0.13359556,-0.12281136,-0.14619946,-0.19068483,-0.17693833,-0.21025829,-0.3990198,-0.20051564,-0.11338891,-0.1296617,-0.118443266,-0.14781769,-0.16636807,-0.18731701,-0.19143666,-0.1311579,-0.07653892,-0.15308762,-0.13952012,-0.14106366,-0.11831982,-0.19987361,-0.1649412,-0.15817711,-0.1407096,-0.12340205,-0.12722544,-0.14610182,-0.2588673,-0.10679385,-0.13074079,-0.09132757,-0.12832497,-0.12935382,-0.14973396,-0.15234935,-0.096241854,-0.08910369,-0.12415874,-0.11021733,-0.137548,-0.15067865,-0.17034736,-0.14279473,-0.116183236,-0.17395596,-0.15187064,-0.142383,-0.124948375,-0.14260355,-0.17466888,-0.13176009,-0.13195884,-0.14582217,-0.12289742,-0.08722703,-0.05825615,-0.14343247,-0.17082691,-0.026243303,-0.16536395,-0.2829064,-0.31316653,-0.19707969,-0.14557219,-0.14331596,-0.14862512,-0.12963767,-0.25088155,-0.19350809,-0.18850243,-0.09438761,-0.10927738,-0.10702289,-0.09384741,-0.12759323,-0.15270962,-0.15746465,-0.16710687,-0.12812386,-0.0969081,-0.16398169,-0.14422497,-0.11335766,-0.18846886,-0.1706479,-0.15353143,-0.12567705,-0.115196005,-0.11252663,-0.11662802,-0.17665805,-0.13844845,-0.13448578,-0.096878245,-0.12087274,-0.09177117,-0.12434345,-0.13625062,-0.063823454,-0.13877153,-0.11419349,-0.13321319,-0.24483351,-0.2571875,-0.29957527,-0.14590879,-0.15668978,-0.131829,-0.19104545,-0.0782174,-0.17197384,-0.16423497,-0.09859173,-0.11065883,-0.11508206,-0.076612435,-0.083404,-0.1213824,-0.13072303,-0.13855581,-0.19385117,-0.098642424,-0.1550634,-0.19487974,-0.19077405,-0.1865685,-0.11106099,-0.14302051,-0.10329005,-0.15962899,-0.19367161,-0.17308189,-0.16868958,-0.14265223,-0.14235085,-0.10074732,-0.15304317,-0.16155992,-0.18053931,-0.19466764,-0.12119958,-0.14764954,-0.11381434,-0.08003902,-0.14181834,-0.20725825,-0.16070303,-0.125103,-0.15657571,-0.15690626,-0.14330645,-0.19202894,-0.16229516,-0.18224719,-0.2963242,-0.1945743,-0.18011063,-0.17135417,-0.19211131,-0.15690826,-0.14054683,-0.13003822,-0.12557748,-0.13805175,-0.16143186,-0.30584824,-0.1661425,-0.18116927,-0.19247754,-0.11441202,-0.15052786,-0.14032225,-0.17773724,-0.1667439,-0.16467157,-0.14331086,-0.18237996,-0.12743159,-0.15277544,-0.13567713,-0.24156228,-0.17907783,-0.10292069,-0.1348951,-0.14209129,-0.17455637,-0.109974176,-0.13423608,-0.15294759,-0.16010931,-0.18150523,-0.15435633,-0.14890793,-0.19184028,-0.17498803,-0.16476592,-0.14723541,-0.14623587,-0.11499533,-0.10471026,-0.13455845,-0.20148799,-0.17723325,-0.12513243,-0.16564147,-0.18041904,-0.18738703,-0.11705899,-0.1773599,-0.2579881,-0.09232088,-0.09215464,-0.11423256,-0.13588014,-0.14775142,-0.097904794,-0.18919928
k__Bacteria|p__Firmicutes|c__Bacilli|o__Lactobacillales|f__Lactobacillaceae|g__Limosilactobacillus|s__Limosilactobacillus_oris,-0.1004395,-0.12316422,-0.14204419,-0.20428483,-0.16657087,-0.1939099,-0.1666669,-0.1444717,-0.12455519,-0.18317097,-0.1836136,-0.2354189,-0.16927221,-0.20856851,-0.10271827,-0.098950684,-0.058144663,-0.09861206,-0.10720809,-0.1705353,-0.1978925,-0.12536043,-0.13544771,-0.15147017,-0.17161822,-0.11658599,-0.1667436,-0.17318554,-0.1509206,-0.12124001,-0.13409474,-0.105754346,-0.14773913,-0.1970997,-0.18936126,-0.2175087,-0.16018489,-0.22338755,-0.19785693,-0.29867563,-0.29210672,-0.19984335,-0.10651705,-0.09162698,-0.13691942,-0.15457806,-0.23188588,-0.19398081,-0.14624152,-0.2026537,-0.18332696,-0.18279888,-0.19881307,-0.20082718,-0.20793985,-0.15649831,-0.12520379,-0.14330381,-0.09096861,-0.09507555,-0.17082255,-0.14154129,-0.13743341,-0.1463808,-0.12719077,-0.15073147,-0.2613474,-0.22333384,-0.18887413,-0.20047067,-0.1451132,-0.14865056,-0.13052472,-0.14258063,-0.15018983,-0.16329908,-0.14565492,-0.16278498,-0.15892053,-0.14998752,-0.14631024,-0.15695861,-0.15270463,-0.22480208,-0.120334074,-0.14085987,-0.11777879,-0.16031958,-0.17360088,-0.15547556,-0.16760221,-0.11139822,-0.1388583,-0.13027036,-0.12791541,-0.15152657,-0.1415944,-0.11443288,-0.10065024,-0.08992697,-0.10493606,-0.12001836,-0.13448712,-0.15027548,-0.1595349,-0.1185138,4.8215423,-0.1578567,-0.17738779,-0.13321233,-0.16432545,-0.25953975,-0.14805055,-0.132278,-0.14170587,-0.15095688,-0.17780018,-0.16373527,-0.22917573,-0.09015879,-0.10889986,-0.13418451,-0.12931615,-0.13997786,-0.17363039,-0.13908121,-0.16057305,-0.12777606,-0.07092635,-0.03704006,-0.136693,-0.16173267,-0.17820615,-0.14332479,-0.12334781,-0.13503584,-0.12023825,-0.13791047,-0.25318068,-0.26654312,-0.082727104,-0.10945694,-0.14386149,-0.09238048,-0.18758579,-0.19079112,-0.15290187,-0.089567915,-0.13230102,-0.14895189,-0.14999405,-0.15867993,-0.1704003,-0.18329726,-0.087402076,-0.12306033,-0.14037539,-0.10256614,-0.17951453,-0.19495486,-0.19139363,-0.09953195,-0.13113372,-0.08011559,-0.12779316,-0.19006202,-0.19388714,-0.19190747,-0.12215802,-0.0747428,-0.09665578,-0.11829859,-0.13603869,-0.12406494,-0.121451,-0.09399362,-0.09629912,-0.10796335,-0.082459606,-0.112614855,-0.13177377,-0.16633336,-0.1410757,-0.13575445,-0.18093297,-0.17825818,-0.19511028,-0.14457458,-0.15549555,-0.13488549,-0.119081676,-0.14001076,-0.19117098,-0.19193631,-0.18149748,-0.19755594,-0.25103784,-0.20219928,-0.18991503,-0.19141458,-0.18274881,-0.17427187,-0.27554205,-0.08916744,-0.11956477,-0.12728706,-0.15751183,-0.20931396,-0.18224281,-0.29657933,-0.32474133,-0.15207812,-0.3242122,-0.17325558,-0.17108874,-0.2185038,-0.17647925,-0.114121355,-0.13945892,-0.15388772,-0.15788373,-0.22984435,-0.18186735,-0.2643661,-0.10385505,-0.12455491,-0.13788638,-0.12354179,-0.15189947,-0.15452605,-0.15525109,-0.14014931,-0.15141064,-0.16234265,-0.15466422,-0.15290347,-0.1528244,-0.13364975,-0.12225211,-0.14556327,-0.19006976,-0.17709504,-0.21025829,-0.3990198,-0.20592517,-0.112840176,-0.1296617,-0.11826408,-0.14745194,-0.16636807,-0.18614972,-0.19174477,-0.13066775,-0.0763666,-0.15256749,-0.13926688,-0.14106366,-0.116282724,-0.19987361,-0.1649412,-0.15801299,-0.14136854,-0.12316305,-0.12722544,-0.14610182,-0.2588673,-0.106668,-0.13074079,-0.09132757,-0.12832497,-0.12833339,-0.14910477,-0.15080948,-0.09554577,-0.08910369,-0.12376705,-0.11011319,-0.1373081,-0.1503573,-0.169981,-0.14235759,-0.11537605,-0.17349923,-0.15148354,-0.14161393,-0.12544563,-0.14083356,-0.17466888,-0.13176009,-0.13163403,-0.14527595,-0.12250826,-0.08722703,-0.05825615,-0.14290324,-0.17082691,-0.026243303,-0.16617113,-0.2829064,-0.31316653,-0.20037504,-0.1450161,-0.14331596,-0.14862512,-0.12963767,-0.25088155,-0.19468567,-0.18840742,-0.09392238,-0.10854317,-0.10702289,-0.09346904,-0.12759323,-0.15227325,-0.15746465,-0.16669257,-0.12812386,-0.0969081,-0.16398169,-0.14256239,-0.11335766,-0.18846886,-0.1706479,-0.1533068,-0.12510805,-0.115196005,-0.112368464,-0.11662802,-0.17537832,-0.13787058,-0.13393652,-0.096878245,-0.120976135,-0.09096986,-0.12434345,-0.13440691,-0.063823454,-0.13877153,-0.11419349,-0.13322094,-0.24483351,-0.2571875,-0.29957527,-0.14580075,-0.15639757,-0.13211983,-0.19104545,-0.0782174,-0.17260638,-0.16364434,-0.09859173,-0.11065883,-0.11303104,-0.076612435,-0.083404,-0.1213824,-0.13072303,-0.13855581,-0.19385117,-0.0987362,-0.1552672,-0.19487974,-0.19132313,-0.18708862,-0.11048357,-0.14237243,-0.10227618,-0.15847036,-0.19485888,-0.1723393,-0.16909996,-0.1422826,-0.1420729,-0.101512305,-0.1529427,-0.16114801,-0.1810011,-0.19604045,-0.1205966,-0.14665507,-0.11286993,-0.079281226,-0.14299491,-0.20725825,-0.16015938,-0.125103,-0.15657571,-0.15690626,-0.14317043,-0.19202894,-0.16209152,-0.18138264,-0.2963242,-0.20090304,-0.1818307,-0.17203149,-0.19401275,-0.1576725,-0.14054683,-0.12982048,-0.12557748,-0.1379288,-0.1630094,-0.30584824,-0.16656902,-0.18113539,-0.19280311,-0.11441202,-0.15005395,-0.1400891,-0.17771997,-0.16671172,-0.16386853,-0.14331086,-0.18237996,-0.12789476,-0.15278575,-0.13791278,-0.24156228,-0.17940374,-0.102557614,-0.13458449,-0.14149162,-0.17409134,-0.10962474,-0.13414958,-0.15142454,-0.15936385,-0.18192074,-0.15369704,-0.14895622,-0.19184028,-0.1752682,-0.16307569,-0.14723541,-0.14623587,-0.11499533,-0.10471026,-0.13469712,-0.20148799,-0.17640741,-0.12513243,-0.16490766,-0.18041904,-0.18738703,-0.11705899,-0.1755613,-0.26366135,-0.0920105,-0.09148002,-0.11431906,-0.1356284,-0.14776161,-0.09810603,-0.18896507
k__Bacteria|p__Firmicutes|c__Tissierellia|o__Tissierellales|f__Peptoniphilaceae|g__Urinicoccus|s__Urinicoccus_timonensis,-0.1004395,-0.12316422,-0.14192608,-0.20428483,-0.16708913,-0.19378048,-0.1666669,-0.14531545,-0.124992155,-0.18381393,-0.18329257,-0.23037073,-0.16985613,-0.20676543,-0.103366986,-0.09986752,-0.058144663,-0.099938,-0.107975505,-0.17097005,-0.1978925,-0.12536043,-0.13644157,-0.15249252,-0.17185186,-0.11658599,-0.16735525,-0.17411804,-0.1509206,-0.12124001,-0.13521028,-0.10599292,-0.14854428,-0.1963732,-0.18957272,-0.2175087,-0.16102678,-0.22338755,-0.19784772,-0.29867563,-0.29210672,-0.19886985,-0.107447505,-0.09162698,-0.13691942,-0.1552079,-0.23188588,-0.19396612,-0.1468271,-0.2026537,-0.18355587,-0.18279888,-0.19796094,-0.19963309,-0.2053985,-0.15809608,-0.12597778,-0.14407545,-0.092249505,-0.09589485,-0.171435,-0.14243698,-0.13743341,-0.14717154,-0.12719077,-0.15135038,-0.2613474,-0.22333384,-0.18896139,-0.20047067,-0.14595091,-0.14944284,-0.13110325,-0.14308184,-0.15105243,-0.16426516,-0.14684801,-0.16278498,-0.1594787,-0.14998752,-0.14733078,-0.15732625,-0.15336767,-0.22480208,-0.120334074,-0.14170328,-0.11854895,-0.1610992,-0.17432562,-0.15584311,-0.1683648,-0.11139822,-0.1388583,-0.13027036,-0.12875253,-0.15152657,-0.14240906,-0.11564097,-0.10065024,-0.09068933,-0.10570924,-0.12076812,-0.135234,-0.15027548,-0.16052774,-0.1185138,-0.11129953,-0.1578567,-0.17738779,-0.13405354,-0.16429172,-0.25953975,-0.14887282,-0.1328546,-0.14201143,-0.15095688,-0.17780018,-0.16377518,-0.22917573,-0.09015879,-0.110188186,-0.13491784,-0.12998036,-0.13997786,-0.17389831,-0.13908121,-0.16057305,-0.12777606,-0.07092635,-0.03704006,-0.137302,-0.16225466,-0.17908219,-0.14332479,-0.12334781,-0.13578199,-0.12023825,-0.1385992,-0.25318068,-0.26654312,-0.08362868,-0.10945694,-0.14474529,-0.09238048,-0.18786687,-0.19059864,-0.15324335,-0.09045072,-0.13230102,-0.1497159,-0.15053502,-0.15922797,-0.17076008,-0.18397987,-0.08806099,-0.12404008,-0.14154775,-0.10256614,-0.17951453,-0.19495486,-0.1916133,-0.10029234,-0.13113372,-0.08023301,-0.12819299,-0.19006202,-0.19369726,-0.19202077,-0.123578265,-0.07546091,-0.097392276,-0.11883983,-0.13676618,-0.12406494,-0.121451,-0.09481458,-0.09693906,-0.10870834,-0.082459606,-0.11311144,-0.13240778,-0.16729964,-0.1410757,-0.13649401,-0.18093297,-0.17825818,-0.19467872,-0.14497761,-0.15549555,-0.13575026,-0.119081676,-0.14001076,-0.19117098,-0.19163279,-0.18162176,-0.19755594,-0.25103784,-0.20219928,-0.19004706,-0.19128388,-0.18280602,-0.17418768,-0.27554205,-0.08916744,-0.11956477,-0.12790626,-0.15751183,-0.20931396,-0.18224281,-0.29657933,-0.32474133,-0.15260912,-0.3242122,-0.17325558,-0.17108874,-0.2185038,-0.17647925,-0.114121355,-0.14002533,-0.15388772,-0.15788373,-0.22984435,-0.18186735,-0.25931442,-0.10462278,-0.12455491,-0.13861012,-0.12431924,-0.15189947,-0.15517095,-0.1563983,-0.14014931,-0.15141064,-0.16327552,-0.1554012,-0.15369141,-0.15335172,-0.13427348,-0.123199984,-0.14641972,-0.1905665,-0.17726189,-0.21025829,-0.3990198,-0.20366627,-0.11363681,-0.1296617,-0.118845664,-0.14813498,-0.16636807,-0.1867262,-0.19187623,-0.1317487,-0.07682167,-0.15332133,-0.13994099,-0.14106366,-0.11805776,-0.19987361,-0.1649412,-0.15868378,-0.14182723,-0.12382132,-0.12722544,-0.14610182,-0.2588673,-0.10750444,-0.13074079,-0.09132757,-0.12832497,-0.12933323,-0.14981195,-0.15195769,-0.09649189,-0.08910369,-0.1245368,-0.11073649,-0.138073,-0.15090859,-0.17068657,-0.14308068,-0.11640763,-0.17407598,-0.1519573,-0.14257857,-0.12563682,-0.14220831,-0.17466888,-0.13176009,-0.13242164,-0.14595653,-0.12318463,-0.08722703,-0.05825615,-0.14362603,-0.17082691,-0.026243303,-0.16678432,-0.2829064,-0.31316653,-0.19883363,-0.14588997,-0.14331596,-0.14862512,-0.12963767,-0.25088155,-0.19427684,-0.18882546,-0.09476791,-0.10951841,-0.10702289,-0.09418553,-0.12759323,-0.15304187,-0.15746465,-0.16735035,-0.12812386,-0.0969081,-0.16398169,-0.14380702,-0.11335766,-0.18846886,-0.1706479,-0.15413387,-0.12590998,-0.115196005,-0.11326336,-0.11662802,-0.17617849,-0.13870312,-0.13468552,-0.096878245,-0.12140998,-0.09192762,-0.12434345,-0.1358679,-0.063823454,-0.13877153,-0.11419349,-0.13403547,-0.24483351,-0.2571875,-0.29957527,-0.14646539,-0.15698646,-0.1324465,-0.19104545,-0.0782174,-0.17261286,-0.16458094,-0.09859173,-0.11065883,-0.11459695,-0.076612435,-0.083404,-0.1213824,-0.13072303,-0.13855581,-0.19385117,-0.09935844,-0.15581639,-0.19487974,-0.19124916,-0.18726341,-0.111407414,-0.14313304,-0.10307985,-0.15948083,-0.19449574,-0.17323399,-0.16935657,-0.14300236,-0.1428072,-0.102036424,-0.1534551,-0.16172083,-0.18112944,-0.19563992,-0.12139393,-0.14749855,-0.11379676,-0.0801242,-0.14339423,-0.20725825,-0.16093136,-0.125103,-0.15657571,-0.15690626,-0.1437435,-0.19202894,-0.16267693,-0.18216346,-0.2963242,-0.19869441,-0.18144315,-0.17190886,-0.19340983,-0.15778199,-0.14054683,-0.13054301,-0.12557748,-0.13843176,-0.16380578,-0.30584824,-0.16669372,-0.18145406,-0.19293469,-0.11441202,-0.15076813,-0.14077991,-0.17817295,-0.16706362,-0.16476342,-0.14331086,-0.18237996,-0.12848425,-0.15356532,-0.13795492,-0.24156228,-0.17953724,-0.10345661,-0.13531393,-0.14214891,-0.17469078,-0.110450804,-0.13467656,-0.15248987,-0.16023716,-0.18193018,-0.15440246,-0.14935501,-0.19184028,-0.17548187,-0.16425914,-0.14723541,-0.14623587,-0.11499533,-0.10471026,-0.13529456,-0.20148799,-0.17722353,-0.12513243,-0.16576949,-0.18041904,-0.18738703,-0.11705899,-0.17666066,-0.26056302,-0.09274486,-0.09244511,-0.11494937,-0.13629287,-0.14829499,-0.098726556,-0.1892798
k__Bacteria|p__Firmicutes|c__Clostridia|o__Clostridia_unclassified|f__Clostridia_unclassified|g__GGB3363|s__GGB3363_SGB4448,-0.1004395,-0.12316422,-0.14207135,1.9452614,-0.16659975,-0.19420403,-0.1666669,-0.14537649,-0.12465614,-0.18402423,-0.18292062,-0.23606348,-0.16959123,-0.20885675,-0.103499874,-0.10036292,-0.058144663,-0.10023783,-0.107781105,-0.17122693,-0.1978925,-0.12536043,-0.13641696,-0.15258549,-0.17211846,-0.11658599,-0.16716413,-0.17436679,-0.1509206,-0.12124001,-0.13512637,-0.10595941,-0.14856724,-0.19706511,-0.1901456,-0.2175087,-0.16043273,-0.22338755,-0.19817458,-0.29867563,-0.29210672,-0.19998056,-0.10758071,-0.09162698,-0.13691942,-0.15522812,-0.23188588,-0.19420803,-0.14678293,-0.2026537,-0.1824153,-0.18279888,-0.19852373,-0.20088014,-0.2082741,-0.15862444,-0.12611698,-0.14433189,-0.09224726,-0.0959617,-0.17152415,-0.14266047,-0.13743341,-0.14726087,-0.12719077,-0.15130152,-0.2613474,-0.22333384,-0.18877703,-0.20047067,-0.14619958,-0.14945637,-0.13131045,-0.14338002,-0.1516169,-0.16453438,-0.1468871,-0.16278498,-0.15908998,-0.14998752,-0.14719823,-0.15734452,-0.15352315,-0.22480208,-0.120334074,-0.14177518,-0.11858602,-0.16135025,-0.17446819,-0.15581405,-0.16847399,-0.11139822,-0.1388583,-0.13027036,-0.12879838,-0.15152657,-0.14206702,-0.11564426,-0.10065024,-0.090687156,-0.105918005,-0.12101865,-0.1353756,-0.15027548,-0.16061991,-0.1185138,-0.11129953,-0.1578567,-0.17738779,-0.13457732,-0.16433859,-0.25953975,-0.14882818,-0.13275579,-0.14229858,-0.15095688,-0.17780018,-0.16364548,-0.22917573,-0.09015879,-0.10993859,-0.13497418,-0.1301721,-0.13997786,-0.173935,-0.13908121,-0.16057305,-0.12777606,-0.07092635,-0.03704006,-0.13734253,-0.16241167,-0.17927286,-0.14332479,-0.12334781,-0.13560012,-0.12023825,-0.13881221,-0.25318068,-0.26654312,-0.08357217,-0.10945694,-0.14512007,-0.09238048,-0.18798627,-0.19086698,-0.15323737,-0.09042056,-0.13230102,-0.1497078,-0.15061992,-0.15941334,-0.17088407,-0.18450716,-0.08804855,-0.12440717,-0.14174733,-0.10256614,-0.17951453,-0.19495486,-0.19224437,-0.10032338,-0.13113372,-0.08096209,-0.12844029,-0.19006202,-0.19398606,-0.19236317,-0.12375202,-0.07527775,-0.097593844,-0.11902553,-0.13691963,-0.12406494,-0.121451,-0.09496829,-0.09703228,-0.10885955,-0.082459606,-0.11336391,-0.13254622,-0.16760887,-0.1410757,-0.13630548,-0.18093297,-0.17825818,-0.19516042,-0.145221,-0.15549555,-0.13605027,-0.119081676,-0.14001076,-0.19117098,-0.1919463,-0.18165886,-0.19755594,-0.25103784,-0.20219928,-0.18963107,-0.1912339,-0.18294458,-0.17424646,-0.27554205,-0.08916744,-0.11956477,-0.12757775,-0.15751183,-0.20931396,-0.18224281,-0.29657933,-0.32474133,-0.15259573,-0.3242122,-0.17325558,-0.17108874,-0.2185038,-0.17647925,-0.114121355,-0.13981318,-0.15388772,-0.15788373,-0.22984435,-0.18186735,-0.26231664,-0.10466613,-0.12455491,-0.13858703,-0.12435107,-0.15189947,-0.15546153,-0.15659419,-0.14014931,-0.15141064,-0.16351265,-0.15526538,-0.15380804,-0.1534372,-0.13444059,-0.12304589,-0.14615706,-0.19085053,-0.17734626,-0.21025829,-0.3990198,-0.20635396,-0.11367723,-0.1296617,-0.11927019,-0.14818054,-0.16636807,-0.18699965,-0.19203433,-0.1316058,-0.07678008,-0.15371433,-0.13987392,-0.14106366,-0.118137866,-0.19987361,-0.1649412,-0.15827549,-0.14207754,-0.12386668,-0.12722544,-0.14610182,-0.2588673,-0.10754677,-0.13074079,-0.09132757,-0.12832497,-0.12941623,-0.1496267,-0.15213856,-0.09656401,-0.08910369,-0.12476379,-0.11072179,-0.13817447,-0.15088347,-0.17112616,-0.14311239,-0.11608136,-0.17432688,-0.15189737,-0.1427021,-0.12569621,-0.14229566,-0.17466888,-0.13176009,-0.13252372,-0.14612105,-0.12340355,-0.08722703,-0.05825615,-0.14378041,-0.17082691,-0.026243303,-0.16685921,-0.2829064,-0.31316653,-0.20055097,-0.14597625,-0.14331596,-0.14862512,-0.12963767,-0.25088155,-0.19468059,-0.18916287,-0.09469504,-0.1096675,-0.10702289,-0.09488848,-0.12759323,-0.15312384,-0.15746465,-0.16752516,-0.12812386,-0.0969081,-0.16398169,-0.14407845,-0.11335766,-0.18846886,-0.1706479,-0.15403143,-0.12603664,-0.115196005,-0.113542855,-0.11662802,-0.17651159,-0.1388689,-0.13494483,-0.096878245,-0.12172896,-0.09200614,-0.12434345,-0.13573445,-0.063823454,-0.13877153,-0.11419349,-0.13417345,-0.24483351,-0.2571875,-0.29957527,-0.14660946,-0.15715428,-0.1326741,-0.19104545,-0.0782174,-0.17306125,-0.16479006,-0.09859173,-0.11065883,-0.11446604,-0.076612435,-0.083404,-0.1213824,-0.13072303,-0.13855581,-0.19385117,-0.09959529,-0.15586329,-0.19487974,-0.19122258,-0.18767719,-0.11135924,-0.14310828,-0.103129566,-0.15984024,-0.19484156,-0.1741246,-0.16925463,-0.1430626,-0.14304245,-0.10193229,-0.1536391,-0.16175011,-0.18112996,-0.19610769,-0.1214658,-0.14775634,-0.11354222,-0.08003098,-0.1439057,-0.20725825,-0.16080633,-0.125103,-0.15657571,-0.15690626,-0.14370838,-0.19202894,-0.16259336,-0.18242292,-0.2963242,-0.19899705,-0.18173139,-0.17180929,-0.19370642,-0.1579439,-0.14054683,-0.13060573,-0.12557748,-0.13853127,-0.16371524,-0.30584824,-0.16660869,-0.18171194,-0.19293007,-0.11441202,-0.15099306,-0.14073591,-0.17831245,-0.1672336,-0.16490787,-0.14331086,-0.18237996,-0.12825927,-0.15362865,-0.13842687,-0.24156228,-0.17919892,-0.10347767,-0.13516337,-0.14242214,-0.17500223,-0.11024499,-0.13470605,-0.1527513,-0.16045828,-0.1817525,-0.1548824,-0.1495806,-0.19184028,-0.17543125,-0.16445589,-0.14723541,-0.14623587,-0.11499533,-0.10471026,-0.13557856,-0.20148799,-0.17729168,-0.12513243,-0.16533163,-0.18041904,-0.18738703,-0.11705899,-0.17741291,-0.26170194,-0.09280938,-0.09246856,-0.11495425,-0.13658153,-0.14856014,-0.09866908,-0.18967186
k__Bacteria|p__Firmicutes|c__Bacilli|o__Lactobacillales|f__Lactobacillaceae|g__Lactobacillus|s__Lactobacillus_crispatus,-0.1004395,-0.12316422,-0.14113563,-0.20428483,-0.16533983,-0.1916157,-0.1666669,-0.14395173,-0.12482779,-0.18188886,-0.18202165,-0.22253937,-0.16963896,-0.20163122,-0.10306546,-0.099293366,-0.058144663,-0.099453405,-0.10760084,-0.16938153,-0.1978925,-0.12536043,-0.13557702,-0.15103336,-0.17000517,-0.11658599,-0.16630274,-0.17230736,-0.1509206,-0.12124001,-0.13435867,-0.10572213,-0.14740841,-0.1937985,-0.18736556,-0.2175087,-0.15943772,-0.22338755,-0.19498181,-0.29867563,-0.29210672,-0.19597709,-0.10683428,-0.09162698,-0.13691942,-0.15409833,-0.23188588,-0.19193326,-0.1455496,-0.2026537,-0.18182145,-0.18279888,-0.19511446,-0.19682628,-0.2012035,-0.15651734,-0.12511532,-0.1427435,-0.09221498,-0.095655166,-0.16959032,-0.14140657,-0.13743341,-0.14590985,-0.12719077,-0.15037023,-0.2613474,-0.22333384,-0.18668815,-0.20047067,-0.14448899,-0.14817666,-0.13004962,-0.14187753,-0.14934549,-0.16234784,-0.14530312,-0.16278498,-0.15817201,-0.14998752,-0.14622591,-0.1559477,-0.15219365,-0.22480208,5.937193,-0.14068298,-0.11806019,-0.15938424,-0.1722527,-0.15474778,-0.1666939,-0.11139822,-0.1388583,-0.13027036,-0.12798199,-0.15152657,-0.14193407,-0.1152464,-0.10065024,-0.090845354,-0.10532679,-0.11988142,-0.13414508,-0.15027548,-0.15900837,-0.1185138,-0.11129953,-0.1578567,-0.17738779,-0.13272876,-0.16288877,-0.25953975,-0.14770651,-0.1322065,-0.14088893,-0.15095688,-0.17780018,-0.16233839,-0.22917573,-0.09015879,-0.11007358,-0.13402799,-0.12911195,-0.13997786,-0.17239493,-0.13908121,-0.16057305,-0.12777606,-0.07092635,-0.03704006,-0.13632026,-0.16077909,-0.17721874,-0.14332479,-0.12334781,-0.1350666,-0.12023825,-0.13747701,-0.25318068,-0.26654312,-0.08379234,-0.10945694,-0.14335647,-0.09238048,-0.18614566,-0.18852553,-0.15240332,-0.09045461,-0.13230102,-0.14865097,-0.14939146,-0.15776901,-0.1691232,-0.181624,-0.08819708,-0.12318825,-0.14001173,-0.10256614,-0.17951453,-0.19495486,-0.18909633,-0.100040354,-0.13113372,-0.08004596,-0.12743582,-0.19006202,-0.19137105,-0.18975478,-0.122673154,-0.07585006,-0.097021,-0.11820898,-0.13588083,-0.12406494,-0.121451,-0.094570935,-0.09680496,-0.10836281,-0.082459606,-0.11260125,-0.13162918,-0.16547114,-0.1410757,-0.13581643,-0.18093297,-0.17825818,-0.19233456,-0.14380528,-0.15549555,-0.13462389,-0.119081676,-0.14001076,-0.19117098,-0.18926623,-0.17989653,-0.19755594,-0.25103784,-0.20219928,-0.1884436,-0.18937786,-0.1811267,-0.17254362,-0.27554205,-0.08916744,-0.11956477,-0.12758225,-0.15751183,-0.20931396,-0.18224281,-0.29657933,-0.32474133,-0.15430075,-0.3242122,-0.17325558,-0.17108874,-0.2185038,-0.17647925,-0.114121355,-0.1392828,-0.15388772,-0.15788373,-0.22984435,-0.18186735,-0.25372756,-0.10426137,-0.12455491,-0.13779336,-0.12368764,-0.15189947,-0.15368865,-0.1547054,-0.14014931,-0.15141064,-0.1614668,-0.1541051,-0.15229614,-0.15207985,-0.13344812,-0.12259864,-0.14554703,-0.18837118,-0.17568046,-0.21025829,-0.3990198,-0.20231988,-0.11312909,-0.1296617,-0.11794379,-0.14712065,-0.16636807,-0.18450955,-0.18976068,-0.13109675,-0.07719776,-0.15169674,-0.13898855,-0.14106366,-0.11779104,-0.19987361,-0.1649412,-0.15759647,-0.14084394,-0.123255014,-0.12722544,-0.14610182,-0.2588673,-0.10715754,-0.13074079,-0.09132757,-0.12832497,-0.12853113,-0.14881438,-0.15054731,-0.09628622,-0.08910369,-0.12379959,-0.11036667,-0.13717677,-0.14980736,-0.16882738,-0.14193043,-0.11621513,-0.17229351,-0.15094131,-0.1414654,-0.12499721,-0.14102408,2.637414,2.435012,-0.1315539,-0.14477277,-0.12248523,-0.08722703,-0.05825615,-0.14257123,-0.17082691,-0.026243303,-0.16534533,-0.2829064,-0.31316653,-0.19721107,-0.14465284,-0.14331596,-0.14862512,-0.12963767,-0.25088155,-0.19173941,-0.18649074,-0.09482813,-0.10894328,-0.10702289,-0.09374309,-0.12759323,-0.1521287,-0.15746465,-0.1656574,-0.12812386,-0.0969081,-0.16398169,-0.142524,-0.11335766,-0.18846886,-0.1706479,-0.15280321,-0.12514403,-0.115196005,-0.112662435,-0.11662802,-0.17429054,-0.13756979,-0.13346228,-0.096878245,-0.12071912,-0.09188066,-0.12434345,-0.13514115,-0.063823454,-0.13877153,-0.11419349,-0.13306075,-0.24483351,-0.2571875,-0.29957527,-0.14508697,-0.15552339,-0.13152573,-0.19104545,-0.0782174,-0.17060485,-0.16299912,-0.09859173,-0.11065883,-0.114236,-0.076612435,-0.083404,-0.1213824,-0.13072303,-0.13855581,-0.19385117,-0.09881793,-0.15436715,-0.19487974,-0.18938743,-0.18521413,-0.11096404,-0.14217019,-0.10277456,-0.15745965,-0.19225305,-0.17106801,-0.1677024,-0.14187247,-0.141529,-0.10198982,-0.15226725,-0.16041103,-0.17953052,-0.19325155,-0.12064727,-0.14609952,-0.11351995,-0.08051862,-0.14222014,-0.20725825,-0.15932122,-0.125103,-0.15657571,-0.15690626,-0.14281249,-0.19202894,-0.16129044,-0.18008918,-0.2963242,-0.19647983,-0.18006597,-0.17059931,-0.19127563,-0.15663469,-0.14054683,-0.129627,-0.12557748,-0.13751122,-0.16212651,-0.30584824,-0.16560745,-0.17919832,-0.19096689,-0.11441202,-0.14956267,-0.1398263,-0.17644681,-0.16545933,-0.16312066,-0.14331086,-0.18237996,-0.1277895,-0.15233319,-0.1369112,-0.24156228,-0.17790142,-0.10309537,-0.13467398,-0.1409801,-0.17249307,-0.11027077,-0.13391127,-0.15090346,-0.15842715,-0.18032746,-0.15282956,-0.14790769,-0.19184028,-0.17375678,-0.16256236,-0.14723541,-0.14623587,-0.11499533,-0.10471026,-0.13446744,-0.20148799,-0.17518127,-0.12513243,-0.16474608,-0.18041904,-0.18738703,-0.11705899,-0.17432836,-0.25603318,-0.09268616,-0.09242429,-0.11446111,-0.13526389,-0.14696684,-0.09868012,-0.18689077
k__Bacteria|p__Firmicutes|c__Clostridia|o__Eubacteriales|f__Peptostreptococcaceae|g__Terrisporobacter|s__Terrisporobacter_mayombei,-0.1004395,-0.12316422,-0.14168078,-0.20428483,-0.16814405,-0.19347513,-0.1666669,-0.14554462,-0.12511195,-0.18350711,-0.18398514,-0.22255327,-0.1673286,-0.20497346,-0.103276335,-0.09899548,-0.058144663,-0.09968725,-0.107871324,-0.17094336,-0.1978925,-0.12536043,-0.13654037,-0.1526851,-0.1716199,-0.11658599,-0.16779156,-0.17424786,-0.1509206,-0.12124001,-0.13558877,-0.105749086,-0.14852673,-0.19558077,-0.18895431,-0.2175087,-0.16203442,-0.22338755,-0.19755843,-0.29867563,-0.29210672,-0.19757485,-0.107323065,-0.09162698,-0.13691942,-0.15523235,-0.23188588,-0.19414172,-0.14683843,-0.2026537,-0.18608128,-0.18279888,-0.19769613,-0.19734351,-0.20159462,-0.15681548,-0.12584193,-0.14392407,-0.092377394,-0.09558211,-0.17157212,-0.14261596,-0.13743341,-0.14726707,-0.12719077,-0.15124503,-0.2613474,-0.22333384,-0.18967372,-0.20047067,-0.14594789,-0.14954852,-0.13075978,-0.14267287,-0.15050806,-0.16450539,-0.14690974,-0.16278498,-0.16040991,-0.14998752,-0.14754109,-0.1574654,-0.15331645,-0.22480208,-0.120334074,-0.14164707,-0.11836314,-0.16124678,-0.1744323,-0.15599442,-0.16838501,-0.11139822,-0.1388583,-0.13027036,-0.12871376,-0.15152657,-0.1429952,-0.11560275,-0.10065024,-0.09035854,-0.10522924,-0.120464265,-0.13510342,-0.15027548,-0.16066782,-0.1185138,-0.11129953,-0.1578567,-0.17738779,-0.1334014,-0.16410951,-0.25953975,-0.1490683,-0.13282055,-0.14161952,-0.15095688,-0.17780018,-0.16428436,-0.22917573,-0.09015879,-0.110429674,-0.13500045,-0.1296176,-0.13997786,-0.17414956,-0.13908121,-0.16057305,-0.12777606,-0.07092635,-0.03704006,-0.13740171,-0.1621743,-0.17923999,-0.14332479,-0.12334781,-0.13614374,-0.12023825,-0.13807762,-0.25318068,-0.26654312,-0.08349085,-0.10945694,-0.1443266,-0.09238048,-0.18784064,-0.19062647,-0.15286952,-0.09029801,-0.13230102,-0.14978483,-0.15052494,-0.15906584,-0.17075884,-0.18372738,-0.08792352,-0.12390547,-0.14167883,-0.10256614,-0.17951453,-0.19495486,-0.1910989,-0.10019312,-0.13113372,-0.07889203,-0.12731537,-0.19006202,-0.19350868,-0.19190973,-0.1237453,-0.07558514,-0.09711248,-0.118372306,-0.136528,-0.12406494,-0.121451,-0.09448567,-0.096572235,-0.1083955,-0.082459606,-0.112668574,-0.13223615,-0.16734907,-0.1410757,-0.13663867,-0.18093297,-0.17825818,-0.19418377,-0.14480144,-0.15549555,-0.13543907,-0.119081676,-0.14001076,-0.19117098,-0.19155842,-0.18180461,-0.19755594,-0.25103784,-0.20219928,-0.19078684,-0.19167206,-0.1825074,-0.17406479,-0.27554205,-0.08916744,-0.11956477,-0.12816286,-0.15751183,-0.20931396,-0.18224281,-0.29657933,-0.32474133,-0.15207934,-0.3242122,-0.17325558,-0.17108874,-0.2185038,-0.17647925,-0.114121355,-0.1403408,-0.15388772,-0.15788373,-0.22984435,-0.18186735,-0.2539674,-0.10445556,-0.12455491,-0.13867256,-0.12409904,-0.15189947,-0.155245,-0.15647887,-0.14014931,-0.15141064,-0.16336355,-0.15585762,-0.15383714,-0.15343472,-0.13378502,-0.123188645,-0.14655477,-0.19018552,-0.17746599,-0.21025829,-0.3990198,-0.1987369,-0.1135312,-0.1296617,-0.118403286,-0.14786144,-0.16636807,-0.18689544,-0.19187975,-0.13196546,-0.07640837,-0.15300861,-0.13989499,-0.14106366,-0.1181197,-0.19987361,-0.1649412,-0.15955733,-0.14158627,-0.12364624,-0.12722544,-0.14610182,-0.2588673,-0.1073111,-0.13074079,-0.09132757,-0.12832497,-0.12906715,-0.15025017,-0.15200606,-0.096302286,-0.08910369,-0.12421389,-0.110603735,-0.13782813,-0.15107104,-0.17029944,-0.14331655,-0.11660524,-0.1742731,-0.15219754,-0.1424008,-0.12562412,-0.14189926,-0.17466888,-0.13176009,-0.13222995,-0.14604028,-0.122943595,-0.08722703,-0.05825615,-0.14376822,-0.17082691,-0.026243303,-0.1672104,-0.2829064,-0.31316653,-0.19646072,-0.14589709,-0.14331596,-0.14862512,-0.12963767,-0.25088155,-0.19408765,-0.18878637,-0.09464091,-0.10931381,-0.10702289,-0.0929157,-0.12759323,-0.15298715,-0.15746465,-0.16738135,-0.12812386,-0.0969081,-0.16398169,-0.14360163,-0.11335766,-0.18846886,-0.1706479,-0.15436298,-0.12595151,-0.115196005,-0.11259202,-0.11662802,-0.17615315,-0.13862202,-0.1344963,-0.096878245,-0.1209841,-0.09153188,-0.12434345,-0.13618746,-0.063823454,-0.13877153,-0.11419349,-0.1338141,-0.24483351,-0.2571875,-0.29957527,-0.14646916,-0.15693375,-0.13209057,-0.19104545,-0.0782174,-0.17248756,-0.16449484,-0.09859173,-0.11065883,-0.11502285,-0.076612435,-0.083404,-0.1213824,-0.13072303,-0.13855581,-0.19385117,-0.09907362,-0.15601882,-0.19487974,-0.19139801,-0.18686655,-0.11135491,-0.14340596,-0.10295537,-0.15942924,-0.19402164,-0.17238188,-0.16937095,-0.14308622,-0.14267708,-0.10187353,-0.1532723,-0.1618721,-0.18119499,-0.19506934,-0.121274725,-0.14762396,-0.11412577,-0.079763606,-0.1427137,-0.20725825,-0.16155562,-0.125103,-0.15657571,-0.15690626,-0.14397115,-0.19202894,-0.16298893,-0.18224636,-0.2963242,-0.1984034,-0.18086487,-0.17202817,-0.19305661,-0.15765294,-0.14054683,-0.1304895,-0.12557748,-0.13870998,-0.16319656,-0.30584824,-0.16756955,-0.18152408,-0.19305381,-0.11441202,-0.15062355,-0.14076898,-0.17824745,-0.16721085,-0.16470551,-0.14331086,-0.18237996,-0.12872773,-0.15348275,-0.1371755,-0.24156228,-0.18042476,-0.103212625,-0.13559237,-0.14186606,-0.17488739,-0.11039111,-0.13471662,-0.15226918,-0.16030258,-0.18249637,-0.15388514,-0.14924869,-0.19184028,-0.17598821,-0.16441736,-0.14723541,-0.14623587,-0.11499533,-0.10471026,-0.13465397,-0.20148799,-0.1775903,-0.12513243,-0.16658968,-0.18041904,-0.18738703,-0.11705899,-0.17597944,-0.25884628,-0.09256309,-0.092164874,-0.114896655,-0.1358432,-0.14799199,-0.09834733,-0.1891448
k__Bacteria|p__Firmicutes|c__Bacilli|o__Lactobacillales|f__Lactobacillaceae|g__Dellaglioa|s__Dellaglioa_algida,-0.1004395,-0.12316422,-0.14147127,-0.20428483,-0.16670221,-0.19352002,-0.1666669,-0.14496094,-0.12454954,-0.1832709,-0.18303594,-0.23121318,-0.16894075,-0.20696777,-0.10310373,-0.09953123,-0.058144663,-0.099695735,-0.10762802,-0.17058623,-0.1978925,-0.12536043,-0.13609357,-0.15221989,-0.17152414,-0.11658599,-0.16700892,-0.17377158,-0.1509206,-0.12124001,-0.13477486,-0.10558571,-0.14810275,-0.19592069,-0.18916789,-0.2175087,-0.16045804,-0.22338755,-0.1973105,-0.29867563,-0.29210672,-0.19863787,-0.10709554,-0.09162698,-0.13691942,-0.15476888,-0.23188588,-0.19367367,-0.14641342,-0.2026537,-0.18307093,-0.18279888,-0.19770613,-0.19941522,-0.20536032,-0.15734012,-0.1256289,-0.14369446,-0.09199336,-0.09553236,-0.1710217,-0.14221022,-0.13743341,-0.14680675,-0.12719077,-0.15086147,-0.2613474,-0.22333384,-0.18867311,-0.20047067,-0.14563625,-0.14907393,-0.1307324,-0.14272168,-0.15071906,-0.16393445,-0.14635463,-0.16278498,-0.15915234,-0.14998752,-0.14690201,-0.15694815,-0.15303077,-0.22480208,-0.120334074,-0.14131033,-0.11815964,-0.1607449,-0.17387813,-0.15558475,-0.16792503,-0.11139822,-0.1388583,-0.13027036,-0.12833765,-0.15152657,-0.1420159,-0.11524439,-0.10065024,-0.09026358,-0.10529559,-0.12034507,-0.13481355,-0.15027548,-0.16010791,-0.1185138,-0.11129953,-0.1578567,-0.17738779,-0.13392016,-0.1637754,-0.25953975,-0.14843157,-0.13246071,-0.14169678,-0.15095688,-0.17780018,-0.16337104,-0.22917573,-0.09015879,-0.109757766,-0.13455161,-0.12961328,-0.13997786,-0.17354442,-0.13908121,-0.16057305,-0.12777606,-0.07092635,-0.03704006,-0.13683474,-0.16188452,-0.17869838,-0.14332479,-0.12334781,-0.13538285,-0.12023825,-0.13822247,-0.25318068,-0.26654312,-0.08339208,-0.10945694,-0.14439751,-0.09238048,-0.18745896,-0.19029969,-0.15290391,-0.09016736,-0.13230102,-0.14927101,-0.1501602,-0.15886296,-0.17037053,-0.18361871,-0.087817386,-0.12372963,-0.14123912,-0.10256614,-0.17951453,-0.19495486,-0.19128549,-0.09998843,-0.13113372,-0.08006853,-0.12762997,-0.19006202,-0.19339281,-0.19171424,-0.123287275,-0.075246856,-0.09709971,-0.11840725,-0.13636449,-0.12406494,-0.121451,-0.094574004,-0.09656988,-0.108392805,-0.082459606,-0.11273221,-0.13199563,-0.16687481,-0.1410757,-0.13601892,-0.18093297,-0.17825818,-0.19437823,-0.14455512,-0.15549555,-0.13536589,-0.119081676,-0.14001076,-0.19117098,-0.19140753,-0.18139894,-0.19755594,-0.25103784,-0.20219928,-0.18973933,-0.19089727,-0.1823831,-0.17376825,-0.27554205,-0.08916744,-0.11956477,-0.12744235,-0.15751183,-0.20931396,-0.18224281,-0.29657933,-0.32474133,-0.15237051,-0.3242122,-0.17325558,-0.17108874,-0.2185038,-0.17647925,-0.114121355,-0.13961826,-0.15388772,-0.15788373,-0.22984435,-0.18186735,-0.25890917,-0.10432547,-0.12455491,-0.13821389,-0.12388615,-0.15189947,-0.15487663,-0.15596627,-0.14014931,-0.15141064,-0.16289121,-0.15499584,-0.15335226,-0.15297371,-0.13385093,-0.1227408,-0.14582911,-0.19019952,-0.17689505,-0.21025829,-0.3990198,-0.20342636,-0.113286436,-0.1296617,-0.11847076,-0.14765206,-0.16636807,-0.18643266,-0.19144322,-0.13140492,-0.076525,-0.15285239,-0.139503,-0.14106366,-0.11761676,-0.19987361,-0.1649412,-0.1582895,-0.14155394,-0.12347096,-0.12722544,-0.14610182,-0.2588673,-0.10715747,-0.13074079,-0.09132757,-0.12832497,-0.12892771,-0.14942126,-0.15159719,-0.096207894,-0.08910369,-0.12417837,-0.110351086,-0.13768667,-0.15051053,-0.17029788,-0.1427248,-0.115974925,-0.17377047,-0.15160105,-0.142212,-0.12536675,-0.14166746,-0.17466888,-0.13176009,-0.13203575,-0.14559422,-0.12288031,-0.08722703,-0.05825615,-0.14328083,-0.17082691,-0.026243303,-0.16639216,-0.2829064,-0.31316653,-0.19880332,-0.14547682,-0.14331596,-0.14862512,-0.12963767,-0.25088155,-0.1940559,-0.18847539,-0.09444625,-0.10915853,-0.10702289,-0.09386836,-0.12759323,-0.15258804,-0.15746465,-0.1668929,-0.12812386,-0.0969081,-0.16398169,-0.14342493,-0.11335766,-0.18846886,-0.1706479,-0.15374815,-0.12565655,-0.115196005,-0.1128505,-0.11662802,-0.17579013,-0.13831618,-0.13432425,-0.096878245,-0.1210993,-0.09154543,-0.12434345,-0.13546133,-0.063823454,-0.13877153,-0.11419349,-0.13360763,-0.24483351,-0.2571875,-0.29957527,-0.14608455,-0.15664265,-0.13208234,-0.19104545,-0.0782174,-0.17239657,-0.16415042,-0.09859173,-0.11065883,-0.11420721,-0.076612435,-0.083404,-0.1213824,-0.13072303,-0.13855581,-0.19385117,-0.09923031,-0.15541059,-0.19487974,-0.19087327,-0.18690968,-0.111015275,-0.14290065,-0.1027302,-0.15901896,-0.19401774,-0.17290448,-0.16885039,-0.14261663,-0.14242545,-0.10169062,-0.15308702,-0.16127895,-0.18076056,-0.19519213,-0.12100948,-0.1471335,-0.1134264,-0.07981308,-0.14295985,-0.20725825,-0.1606063,-0.125103,-0.15657571,-0.15690626,-0.14338611,-0.19202894,-0.16229016,-0.18179318,-0.2963242,-0.19841312,-0.18103018,-0.17142643,-0.19312909,-0.1574316,-0.14054683,-0.13016835,-0.12557748,-0.13812155,-0.16335607,-0.30584824,-0.1666094,-0.18107106,-0.19240996,-0.11441202,-0.15036716,-0.14032936,-0.17783076,-0.16675027,-0.16430713,-0.14331086,-0.18237996,-0.12807393,-0.1532462,-0.13755631,-0.24156228,-0.17920631,-0.10311641,-0.13497907,-0.14180103,-0.17428538,-0.11010462,-0.13434541,-0.152032,-0.15985894,-0.18161124,-0.15414885,-0.14897206,-0.19184028,-0.17517868,-0.16391276,-0.14723541,-0.14623587,-0.11499533,-0.10471026,-0.13483025,-0.20148799,-0.1768678,-0.12513243,-0.16541475,-0.18041904,-0.18738703,-0.11705899,-0.17637555,-0.25977612,-0.09247054,-0.09212347,-0.11456227,-0.13586769,-0.14794913,-0.09834816,-0.1888433
k__Bacteria|p__Firmicutes|c__Clostridia|o__Eubacteriales|f__Peptostreptococcaceae|g__Peptostreptococcus|s__Peptostreptococcus_stomatis,-0.1004395,-0.12316422,-0.14132792,-0.20428483,-0.16698924,-0.19411959,-0.1666669,-0.14536187,-0.12487145,-0.18429042,-0.1840992,-0.22551353,-0.16956535,-0.20605743,-0.102939904,-0.09890714,-0.058144663,-0.09967501,-0.1072991,-0.17134751,-0.1978925,-0.12536043,-0.13655353,-0.15294334,-0.17203929,-0.11658599,-0.16797838,-0.17479973,-0.1509206,-0.12124001,-0.13520363,-0.105228096,-0.14847162,-0.19636528,-0.18994074,-0.2175087,-0.1605969,-0.22338755,-0.19745763,-0.29867563,-0.29210672,-0.19907176,-0.10708135,-0.09162698,-0.13691942,-0.15507461,-0.23188588,-0.1942858,-0.14664984,-0.2026537,-0.18373427,-0.18279888,-0.19785681,-0.19904748,-0.20387003,-0.15853727,-0.12574723,-0.14409152,-0.09201452,-0.09522374,-0.1718563,-0.14289136,-0.13743341,-0.14719471,-0.12719077,-0.15145028,-0.2613474,-0.22333384,-0.189517,-0.20047067,-0.14613125,-0.14961241,-0.1307145,-0.14297913,-0.15148392,-0.16483885,-0.14712343,-0.16278498,-0.15948573,-0.14998752,-0.14752117,-0.15719357,-0.15362681,-0.22480208,-0.120334074,-0.14171112,-0.11810782,-0.16164139,-0.17464462,-0.15579471,-0.16876346,-0.11139822,-0.1388583,-0.13027036,-0.12877662,-0.15152657,-0.14274111,-0.11544513,-0.10065024,-0.090010695,-0.10530359,-0.12050503,-0.13507488,-0.15027548,-0.16089109,-0.1185138,-0.11129953,-0.1578567,-0.17738779,-0.13403824,-0.16380648,-0.25953975,-0.14880593,-0.1325601,-0.14167103,-0.15095688,-0.17780018,-0.16350228,-0.22917573,-0.09015879,-0.10983769,-0.13483146,-0.12974146,-0.13997786,-0.17410631,-0.13908121,-0.16057305,-0.12777606,-0.07092635,-0.03704006,-0.13699667,-0.16262758,-0.17953953,-0.14332479,-0.12334781,-0.13588214,-0.12023825,-0.13846317,-0.25318068,-0.26654312,-0.08309242,-0.10945694,-0.14504543,-0.09238048,-0.18825674,-0.19080523,-0.15298736,-0.08984572,-0.13230102,-0.14971569,-0.15052617,-0.1593373,-0.17100152,-0.18471932,-0.08730921,-0.123859555,-0.14166585,-0.10256614,-0.17951453,-0.19495486,-0.19196802,-0.099737495,-0.13113372,-0.07911698,-0.12780105,-0.19006202,-0.19405942,-0.19224817,-0.12367892,-0.074826084,-0.0968346,-0.11829588,-0.1366851,-0.12406494,-0.121451,-0.09416056,-0.09621946,-0.10839286,-0.082459606,-0.11273506,-0.13249198,-0.16775812,-0.1410757,-0.13615048,-0.18093297,-0.17825818,-0.19467577,-0.1447863,-0.15549555,-0.135622,-0.119081676,-0.14001076,-0.19117098,-0.19158342,-0.18188962,-0.19755594,-0.25103784,-0.20219928,-0.19043364,-0.19137135,-0.18296233,-0.17395836,-0.27554205,-0.08916744,-0.11956477,-0.12762403,-0.15751183,-0.20931396,-0.18224281,-0.29657933,-0.32474133,-0.15147251,-0.3242122,-0.17325558,-0.17108874,-0.2185038,-0.17647925,-0.114121355,-0.1397952,-0.15388772,-0.15788373,-0.22984435,-0.18186735,-0.25655028,-0.10410637,-0.12455491,-0.13868351,-0.12414641,-0.15189947,-0.15562056,-0.15672515,-0.14014931,-0.15141064,-0.16378447,-0.15543854,-0.1538974,-0.15325299,-0.13390023,-0.12290464,-0.14645475,-0.19127521,-0.17746937,-0.21025829,-0.3990198,-0.20309693,-0.11329053,-0.1296617,-0.11854846,-0.14815074,-0.16636807,-0.1876171,-0.19223621,-0.13155708,-0.076174706,-0.15354683,-0.13982354,-0.14106366,-0.1181003,-0.19987361,-0.1649412,-0.15867373,-0.14155774,-0.12361654,-0.12722544,-0.14610182,-0.2588673,-0.10693644,-0.13074079,-0.09132757,-0.12832497,-0.1293334,-0.14996785,-0.15232643,-0.09603837,-0.08910369,-0.12440832,-0.110314324,-0.13791084,-0.15103936,-0.17096737,-0.14307377,-0.11616655,-0.1745429,-0.15211983,-0.14261094,-0.12522654,-0.14245018,-0.17466888,-0.13176009,-0.13230023,-0.14609095,-0.12291436,-0.08722703,-0.05825615,-0.14363416,-0.17082691,-0.026243303,-0.16657674,-0.2829064,-0.31316653,-0.1989306,-0.14586127,-0.14331596,-0.14862512,-0.12963767,-0.25088155,-0.19437116,-0.18926546,-0.094223976,-0.10922889,-0.10702289,-0.093844295,-0.12759323,-0.15316013,-0.15746465,-0.1674515,-0.12812386,-0.0969081,-0.16398169,-0.14428268,-0.11335766,-0.18846886,-0.1706479,-0.15404879,-0.12585258,-0.115196005,-0.1128173,-0.11662802,-0.17684965,-0.13864285,-0.13463475,-0.096878245,-0.121105626,-0.09143928,-0.12434345,-0.1360803,-0.063823454,-0.13877153,-0.11419349,-0.13369717,-0.24483351,-0.2571875,-0.29957527,-0.1463562,-0.15714937,-0.13223451,-0.19104545,-0.0782174,-0.17277496,-0.16483355,-0.09859173,-0.11065883,-0.11470216,-0.076612435,-0.083404,-0.1213824,-0.13072303,-0.13855581,-0.19385117,-0.09880935,-0.15581155,-0.19487974,-0.19157317,-0.18754533,-0.11100401,-0.14325431,-0.102889806,-0.15987548,-0.19468358,-0.17383862,-0.16950223,-0.14292774,-0.14269166,-0.1011755,-0.1535576,-0.1618692,-0.1813139,-0.19574207,-0.121175595,-0.14771098,-0.11363994,-0.07971571,-0.1429734,-0.20725825,-0.16103874,-0.125103,-0.15657571,-0.15690626,-0.14369573,-0.19202894,-0.1628779,-0.18278486,-0.2963242,-0.19714113,-0.18139353,-0.17185351,-0.19330351,-0.15759817,-0.14054683,-0.13033944,-0.12557748,-0.13846351,-0.16322246,-0.30584824,-0.16703963,-0.18187833,-0.19310391,-0.11441202,-0.15097316,-0.14057958,-0.17848222,-0.1673008,-0.16501556,-0.14331086,-0.18237996,-0.12797408,-0.1537472,-0.13716078,-0.24156228,-0.17963618,-0.10288547,-0.13519756,-0.14223148,-0.17508487,-0.11000229,-0.13459107,-0.15296888,-0.16033489,-0.1821589,-0.1547836,-0.14942516,-0.19184028,-0.1757231,-0.16481993,-0.14723541,-0.14623587,-0.11499533,-0.10471026,-0.135086,-0.20148799,-0.17762521,-0.12513243,-0.16623175,-0.18041904,-0.18738703,-0.11705899,-0.17747518,-0.25985616,-0.09216195,-0.09192518,-0.11448855,-0.13614266,-0.1482867,-0.098014,-0.18992689
k__Bacteria|p__Firmicutes|c__Clostridia|o__Eubacteriales|f__Clostridiaceae|g__Paraclostridium|s__Paraclostridium_bifermentans,-0.1004395,-0.12316422,-0.1408822,-0.20428483,-0.16694206,-0.19433779,-0.1666669,-0.14588942,-0.12474617,-0.18500642,-0.183148,-0.22209929,-0.16932277,-0.20527974,-0.103173405,-0.098870754,-0.058144663,-0.10042548,-0.107353896,-0.17167981,-0.1978925,-0.12536043,-0.13704775,-0.15364048,-0.17218769,-0.11658599,-0.16810861,-0.17548926,-0.1509206,-0.12124001,-0.13548702,-0.105012745,-0.14852965,-0.19623911,-0.19024761,-0.2175087,-0.16036734,-0.22338755,-0.19698876,-0.29867563,-0.29210672,-0.19910693,-0.107675925,-0.09162698,-0.13691942,-0.15501197,-0.23188588,-0.1943837,-0.14724791,-0.2026537,-0.18382756,-0.18279888,-0.19718508,-0.19775176,-0.20278773,-0.16019712,-0.12610784,-0.14454877,-0.09260668,-0.09553218,-0.17242995,-0.14342341,-0.13743341,-0.14750862,-0.12719077,-0.15166488,-0.2613474,-0.22333384,-0.18975157,-0.20047067,-0.146846,-0.15000176,-0.1308335,-0.14314008,-0.1525881,-0.16569072,-0.14802675,-0.16278498,-0.15938383,-0.14998752,-0.14777586,-0.15716548,-0.15400456,-0.22480208,-0.120334074,-0.14194927,-0.11821373,-0.16252163,-0.17529112,-0.15549079,-0.16910991,-0.11139822,-0.1388583,-0.13027036,-0.12938747,-0.15152657,-0.14305352,-0.1160239,-0.10065024,-0.09001917,-0.10576968,-0.12102059,-0.13551366,-0.15027548,-0.16146249,-0.1185138,-0.11129953,-0.1578567,-0.17738779,-0.13460255,-0.16308025,-0.25953975,-0.14904001,-0.13232897,-0.14157575,-0.15095688,-0.17780018,-0.16343401,-0.22917573,-0.09015879,-0.110004686,-0.13493973,-0.12993947,-0.13997786,-0.17393169,-0.13908121,-0.16057305,-0.12777606,-0.07092635,-0.03704006,-0.13724808,-0.16307724,-0.17996478,-0.14332479,-0.12334781,-0.13610156,-0.12023825,-0.13869539,-0.25318068,-0.26654312,-0.0835065,-0.10945694,-0.14572749,-0.09238048,-0.1884343,-0.1905976,-0.15281835,-0.09023529,-0.13230102,-0.14981762,-0.15059543,-0.15957111,-0.17119172,-0.18572423,-0.08737217,-0.12434651,-0.14176959,-0.10256614,-0.17951453,-0.19495486,-0.19258189,-0.100246735,-0.13113372,-0.07907192,-0.12795407,-0.19006202,-0.19422434,-0.19240983,-0.1244956,-0.07511474,-0.09732206,-0.11833058,-0.1368787,-0.12406494,-0.121451,-0.09450799,-0.09638943,-0.10864775,-0.082459606,-0.113130115,-0.13297293,-0.16854599,-0.1410757,-0.1361073,-0.18093297,-0.17825818,-0.19445693,-0.14491197,-0.15549555,-0.13605428,-0.119081676,-0.14001076,-0.19117098,-0.19139095,-0.18162234,-0.19755594,-0.25103784,-0.20219928,-0.19059145,-0.19103791,-0.18293205,-0.17360081,-0.27554205,-0.08916744,-0.11956477,-0.12751694,-0.15751183,-0.20931396,-0.18224281,-0.29657933,-0.32474133,-0.14871585,-0.3242122,-0.17325558,-0.17108874,-0.2185038,-0.17647925,-0.114121355,-0.13963899,-0.15388772,-0.15788373,-0.22984435,-0.18186735,-0.2539595,-0.10438308,-0.12455491,-0.1389336,-0.124564715,-0.15189947,-0.1563673,-0.15775803,-0.14014931,-0.15141064,-0.16457422,-0.15553862,-0.1543102,-0.15312749,-0.1339917,-0.12317007,-0.14657304,-0.19163746,-0.17741972,-0.21025829,-0.3990198,-0.20199159,-0.11373721,-0.1296617,-0.119117975,-0.14834496,-0.16636807,-0.18848085,-0.19234218,-0.13155764,-0.07645161,-0.15421697,-0.1399474,-0.14106366,-0.118724555,-0.19987361,-0.1649412,-0.15842466,-0.14132133,-0.12367684,-0.12722544,-0.14610182,-0.2588673,-0.10714638,-0.13074079,-0.09132757,-0.12832497,-0.12992436,-0.15010056,-0.15319857,-0.096503116,-0.08910369,-0.12470846,-0.1104044,-0.13811767,-0.1511721,-0.17143494,-0.14346631,-0.11636232,-0.17483917,-0.15226558,-0.14304869,-0.12513882,-0.14346345,-0.17466888,-0.13176009,-0.13263448,-0.14638644,-0.12329241,-0.08722703,-0.05825615,-0.14393237,-0.17082691,-0.026243303,-0.16619089,-0.2829064,-0.31316653,-0.19816904,-0.14624909,-0.14331596,-0.14862512,-0.12963767,-0.25088155,-0.19465207,-0.1898452,-0.094454676,-0.10979368,-0.10702289,-0.09449746,-0.12759323,-0.1532054,-0.15746465,-0.16779506,-0.12812386,-0.0969081,-0.16398169,-0.1450775,-0.11335766,-0.18846886,-0.1706479,-0.15416658,-0.12625422,-0.115196005,-0.11311883,-0.11662802,-0.17762482,-0.13910308,-0.1351457,-0.096878245,-0.12126283,-0.09195624,-0.12434345,-0.13672419,-0.063823454,-0.13877153,-0.11419349,-0.13379806,-0.24483351,-0.2571875,-0.29957527,-0.14668353,-0.15738419,-0.13249192,-0.19104545,-0.0782174,-0.17324118,-0.16504082,-0.09859173,-0.11065883,-0.1154241,-0.076612435,-0.083404,-0.1213824,-0.13072303,-0.13855581,-0.19385117,-0.09926225,-0.15605626,-0.19487974,-0.191439,-0.18759763,-0.1114606,-0.14340758,-0.1037,-0.16095738,-0.19455469,-0.17473152,-0.16920514,-0.14320707,-0.14304116,-0.10081266,-0.15367346,-0.16200733,-0.18110412,-0.19548708,-0.121738,-0.14844012,-0.114007175,-0.080088705,-0.14283262,-0.20725825,-0.16152135,-0.125103,-0.15657571,-0.15690626,-0.14372446,-0.19202894,-0.16298458,-0.18343066,-0.2963242,-0.19514664,-0.1806724,-0.17138064,-0.19288091,-0.15732455,-0.14054683,-0.13059962,-0.12557748,-0.13857359,-0.16259298,-0.30584824,-0.1666843,-0.18224132,-0.19303952,-0.11441202,-0.15125516,-0.14075053,-0.17859778,-0.16754726,-0.16554216,-0.14331086,-0.18237996,-0.12794176,-0.1535081,-0.13651317,-0.24156228,-0.17956202,-0.10329847,-0.1351324,-0.14282238,-0.17573352,-0.11011395,-0.13473377,-0.1538667,-0.1609948,-0.18188372,-0.15552151,-0.14977074,-0.19184028,-0.17573993,-0.16582356,-0.14723541,-0.14623587,-0.11499533,-0.10471026,-0.13519862,-0.20148799,-0.17829156,-0.12513243,-0.16558772,-0.18041904,-0.18738703,-0.11705899,-0.17908123,-0.25890905,-0.092484936,-0.092344955,-0.11455706,-0.13652219,-0.14846376,-0.09804588,-0.190363
k__Bacteria|p__Firmicutes|c__Negativicutes|o__Selenomonadales|f__Selenomonadaceae|g__Selenomonas|s__Selenomonas_SGB5880,-0.1004395,-0.12316422,-0.14111705,-0.20428483,-0.1672816,-0.19350362,-0.1666669,-0.14541629,-0.124697976,-0.18408532,-0.18312696,-0.22287227,-0.16974923,-0.20432818,-0.102976575,-0.098936416,-0.058144663,-0.10005606,-0.10759589,-0.17108099,-0.1978925,-0.12536043,-0.13674887,-0.15300435,-0.17169848,-0.11658599,-0.16786397,-0.17481133,-0.1509206,-0.12124001,-0.1353203,-0.10518363,-0.14844573,-0.19542074,-0.18949546,-0.2175087,-0.16098017,-0.22338755,-0.19678974,-0.29867563,-0.29210672,-0.19775538,-0.10720777,-0.09162698,-0.13691942,-0.15528026,-0.23188588,-0.1938703,-0.14682047,-0.2026537,-0.18407476,-0.18279888,-0.19661182,-0.19775018,-0.20223677,-0.15862478,-0.12585136,-0.14399701,-0.092409074,-0.095453456,-0.17167383,-0.14282025,-0.13743341,-0.14722276,-0.12719077,-0.15110265,-0.2613474,-0.22333384,-0.18915302,-0.20047067,-0.14612076,-0.14957371,-0.1306436,-0.14280376,-0.15142539,-0.16476189,-0.14724673,-0.16278498,-0.15946442,-0.14998752,-0.14761707,-0.15711069,-0.15351918,-0.22480208,-0.120334074,-0.1417095,-0.118394256,-0.16151704,-0.17462716,-0.1556715,-0.16872877,-0.11139822,-0.1388583,-0.13027036,-0.12878336,-0.15152657,-0.14293754,-0.11575328,-0.10065024,-0.090198666,-0.10542734,-0.12045485,-0.13516092,-0.15027548,-0.16096908,-0.1185138,-0.11129953,-0.1578567,-0.17738779,-0.13352317,-0.16339386,-0.25953975,-0.14889805,-0.13255659,-0.14147004,-0.15095688,-0.17780018,-0.16327468,-0.22917573,-0.09015879,-0.11025792,-0.13483618,-0.1297061,-0.13997786,-0.17387155,-0.13908121,-0.16057305,-0.12777606,-0.07092635,-0.03704006,-0.13697751,-0.16253203,-0.1794474,-0.14332479,-0.12334781,-0.13574201,-0.12023825,-0.13851592,-0.25318068,-0.26654312,-0.083475396,-0.10945694,-0.1448356,-0.09238048,-0.18802616,-0.19047788,-0.15322876,-0.09025999,-0.13230102,-0.14978714,-0.15049842,-0.1592587,-0.17079476,-0.18440238,-0.08764057,-0.123862684,-0.1415638,-0.10256614,-0.17951453,-0.19495486,-0.19153178,-0.10005084,-0.13113372,-0.07894248,-0.1276938,-0.19006202,-0.19361588,-0.19189778,-0.124055564,-0.07513039,-0.096781656,-0.11819263,-0.13669682,-0.12406494,-0.121451,-0.09442538,-0.096369974,-0.10839017,-0.082459606,-0.11257504,-0.13244654,-0.16769615,-0.1410757,-0.1364138,-0.18093297,-0.17825818,-0.19400395,-0.14458928,-0.15549555,-0.13562906,-0.119081676,-0.14001076,-0.19117098,-0.19116466,-0.18149585,-0.19755594,-0.25103784,-0.20219928,-0.1904625,-0.19102457,-0.1826756,-0.17356397,-0.27554205,-0.08916744,-0.11956477,-0.12782896,-0.15751183,-0.20931396,-0.18224281,-0.29657933,-0.32474133,-0.15159206,-0.3242122,-0.17325558,-0.17108874,-0.2185038,-0.17647925,-0.114121355,-0.13986568,-0.15388772,-0.15788373,-0.22984435,-0.18186735,-0.25320816,-0.10433745,-0.12455491,-0.13868546,-0.124277584,-0.15189947,-0.1556358,-0.15687832,-0.14014931,-0.15141064,-0.16376166,-0.15554592,-0.15386513,-0.15310867,-0.13392064,-0.123150714,-0.14640272,-0.19095784,-0.17750841,-0.21025829,-0.3990198,-0.20026332,-0.113478914,-0.1296617,-0.11827871,-0.14817573,-0.16636807,-0.18722075,-0.19181597,-0.13185313,-0.07619771,-0.15316173,-0.13985819,-0.14106366,-0.11892833,-0.19987361,-0.1649412,-0.15880117,-0.14137053,-0.12359333,-0.12722544,-0.14610182,-0.2588673,-0.10722941,-0.13074079,-0.09132757,-0.12832497,-0.12960441,-0.15015697,-0.15252909,-0.096328974,-0.08910369,-0.12431674,-0.110449255,-0.13797858,-0.15097949,-0.1707815,-0.14315271,-0.1164772,-0.17429048,-0.15215415,-0.14276832,-0.12520531,-0.14272434,-0.17466888,-0.13176009,-0.13224062,-0.1459091,-0.1230832,-0.08722703,-0.05825615,-0.14373177,-0.17082691,-0.026243303,-0.16616008,-0.2829064,-0.31316653,-0.19717526,-0.14599508,-0.14331596,-0.14862512,-0.12963767,-0.25088155,-0.19387451,-0.18890408,-0.0946735,-0.10922997,-0.10702289,-0.09355644,-0.12759323,-0.15310174,-0.15746465,-0.16737753,-0.12812386,-0.0969081,-0.16398169,-0.14435332,-0.11335766,-0.18846886,-0.1706479,-0.15420699,-0.12583074,-0.115196005,-0.112829596,-0.11662802,-0.17654093,-0.13874802,-0.13453263,-0.096878245,-0.12084712,-0.09178974,-0.12434345,-0.13651669,-0.063823454,-0.13877153,-0.11419349,-0.13378379,-0.24483351,-0.2571875,-0.29957527,-0.14634241,-0.15695183,-0.13205779,-0.19104545,-0.0782174,-0.17204833,-0.16467944,-0.09859173,-0.11065883,-0.115168735,-0.076612435,-0.083404,-0.1213824,-0.13072303,-0.13855581,-0.19385117,-0.098987296,-0.15562424,-0.19487974,-0.19122046,-0.18706825,-0.11137676,-0.14326729,-0.10300705,-0.15962656,-0.1939774,-0.17332357,-0.1692923,-0.14301118,-0.14259212,-0.10134612,-0.15341863,-0.16182685,-0.18098971,-0.1950984,-0.12133901,-0.14761862,-0.11377149,-0.07969173,-0.14282079,-0.20725825,-0.16127749,-0.125103,-0.15657571,-0.15690626,-0.1435728,-0.19202894,-0.16283566,-0.18260829,-0.2963242,-0.19579795,-0.18054798,-0.17172758,-0.19279777,-0.1573911,-0.14054683,-0.13040438,-0.12557748,-0.1383608,-0.1631836,-0.30584824,-0.16673127,-0.18138048,-0.19288158,-0.11441202,-0.15089099,-0.14071316,-0.1783215,-0.16708815,-0.16499259,-0.14331086,-0.18237996,-0.12800139,-0.15328017,-0.13688087,-0.24156228,-0.179531,-0.10328285,-0.13527197,-0.14221084,-0.17482617,-0.11038342,-0.13449419,-0.1529915,-0.16045547,-0.18192247,-0.15451884,-0.14928815,-0.19184028,-0.1756051,-0.1648821,-0.14723541,-0.14623587,-0.11499533,-0.10471026,-0.13497943,-0.20148799,-0.17778125,-0.12513243,-0.16590956,-0.18041904,-0.18738703,-0.11705899,-0.17703386,-0.2577657,-0.09240855,-0.09218344,-0.11449726,-0.13603568,-0.14808984,-0.098220155,-0.1894017
k__Bacteria|p__Firmicutes|c__Clostridia|o__Eubacteriales|f__Lachnospiraceae|g__GGB25053|s__GGB25053_SGB106016,-0.1004395,-0.12316422,-0.1416975,-0.20428483,-0.16833425,-0.19347481,-0.1666669,-0.1455715,-0.12520985,-0.18383932,-0.18431887,-0.22465837,-0.16901109,-0.2069802,-0.103441425,-0.099613495,-0.058144663,-0.100091584,-0.10794751,-0.17084454,-0.1978925,-0.12536043,-0.13664104,-0.15263078,-0.17177156,-0.11658599,-0.16819464,-0.17457716,-0.1509206,-0.12124001,-0.1355329,-0.10586486,-0.14846528,-0.19581541,-0.1890823,-0.2175087,-0.1618365,-0.22338755,-0.19774823,-0.29867563,-0.29210672,-0.1975635,-0.107558705,-0.09162698,-0.13691942,-0.15568703,-0.23188588,-0.19459589,-0.14686206,-0.2026537,-0.18607692,-0.18279888,-0.19760093,-0.19728352,-0.20133829,-0.15754394,-0.12587021,-0.1439477,-0.09232559,-0.095562235,-0.17149268,-0.14244916,-0.13743341,-0.14731088,-0.12719077,-0.15133289,-0.2613474,-0.22333384,-0.18987052,-0.20047067,-0.14593247,-0.14966083,-0.1306817,-0.14272971,-0.1503973,-0.16450605,-0.1466521,-0.16278498,-0.16070479,-0.14998752,-0.1475473,-0.15746856,-0.15329328,-0.22480208,-0.120334074,-0.14174406,-0.11849208,-0.16120364,-0.17433381,-0.15608872,-0.16846094,-0.11139822,-0.1388583,-0.13027036,-0.12857738,-0.15152657,-0.14306341,-0.115850486,-0.10065024,-0.09057654,-0.10537873,-0.12043993,-0.13506472,-0.15027548,-0.16077878,-0.1185138,-0.11129953,-0.1578567,-0.17738779,-0.1333197,-0.16350234,-0.25953975,-0.149142,-0.13295934,-0.14163586,-0.15095688,-0.17780018,-0.16423538,-0.22917573,-0.09015879,-0.110538885,-0.13494574,-0.12968493,-0.13997786,-0.17434697,-0.13908121,-0.16057305,-0.12777606,-0.07092635,-0.03704006,-0.13748148,-0.16211355,-0.17943516,-0.14332479,-0.12334781,-0.13623546,-0.12023825,-0.1380746,-0.25318068,-0.26654312,-0.08377207,-0.10945694,-0.14427398,-0.09238048,-0.18817796,-0.19101684,-0.1536925,-0.09057017,-0.13230102,-0.14987402,-0.1507201,-0.1592708,-0.17086965,-0.18352558,-0.08815081,-0.12403804,-0.14189038,-0.10256614,-0.17951453,-0.19495486,-0.19118458,-0.10016047,-0.13113372,-0.07883482,-0.12724379,-0.19006202,-0.19388236,-0.1920889,-0.12384379,-0.07588492,-0.097120926,-0.11842577,-0.13667634,-0.12406494,-0.121451,-0.09474066,-0.09683682,-0.10867621,-0.082459606,-0.11274427,-0.13233423,-0.16748364,-0.1410757,-0.13676515,-0.18093297,-0.17825818,-0.19443068,-0.14465132,-0.15549555,-0.13536867,-0.119081676,-0.14001076,-0.19117098,-0.19215445,-0.18214199,-0.19755594,-0.25103784,-0.20219928,-0.19111565,-0.19181661,-0.18288445,-0.1741214,-0.27554205,-0.08916744,-0.11956477,-0.1282377,-0.15751183,-0.20931396,-0.18224281,-0.29657933,-0.32474133,-0.15317301,-0.3242122,-0.17325558,-0.17108874,-0.2185038,-0.17647925,-0.114121355,-0.14049435,-0.15388772,-0.15788373,-0.22984435,-0.18186735,-0.25516367,-0.10455704,-0.12455491,-0.13880561,-0.124144316,-0.15189947,-0.15527482,-0.1564804,-0.14014931,-0.15141064,-0.1632045,-0.1558454,-0.15374827,-0.15338397,-0.13413677,-0.123064175,-0.14647606,-0.19030398,-0.17774078,-0.21025829,-0.3990198,-0.20020494,-0.11373606,-0.1296617,-0.11837548,-0.14783677,-0.16636807,-0.1870842,-0.19200467,-0.13220412,-0.07637246,-0.1525887,-0.13989249,-0.14106366,-0.11831164,-0.19987361,-0.1649412,-0.15969251,-0.14158589,-0.12384072,-0.12722544,-0.14610182,-0.2588673,-0.10743961,-0.13074079,-0.09132757,-0.12832497,-0.12914209,-0.1502954,-0.15220256,-0.096566886,-0.08910369,-0.1242372,-0.11067442,-0.13803437,-0.15108238,-0.17038864,-0.14319557,-0.116616085,-0.1744628,-0.1523622,-0.1426333,-0.12569284,-0.14214519,-0.17466888,-0.13176009,-0.13203786,-0.1460469,-0.12316354,-0.08722703,-0.05825615,-0.14373262,-0.17082691,-0.026243303,-0.16781026,-0.2829064,-0.31316653,-0.1970073,-0.14592339,-0.14331596,-0.14862512,-0.12963767,-0.25088155,-0.19450161,-0.18865779,-0.09457174,-0.1093737,-0.10702289,-0.09264673,-0.12759323,-0.15303923,-0.15746465,-0.16760276,-0.12812386,-0.0969081,-0.16398169,-0.14376287,-0.11335766,-0.18846886,-0.1706479,-0.15446755,-0.12590483,-0.115196005,-0.11249061,-0.11662802,-0.17641813,-0.13863397,-0.13452482,-0.096878245,-0.121171646,-0.09170692,-0.12434345,-0.13644542,-0.063823454,-0.13877153,-0.11419349,-0.13371897,-0.24483351,-0.2571875,-0.29957527,-0.14643715,-0.15701154,-0.1318505,-0.19104545,-0.0782174,-0.17220835,-0.16464832,-0.09859173,-0.11065883,-0.11508764,-0.076612435,-0.083404,-0.1213824,-0.13072303,-0.13855581,-0.19385117,-0.099006586,-0.15570585,-0.19487974,-0.1916476,-0.18700911,-0.11140826,-0.14385651,-0.1028748,-0.1590432,-0.19411716,-0.17232276,-0.16952667,-0.14314066,-0.14276925,-0.1019206,-0.15333118,-0.16219388,-0.18147287,-0.19556725,-0.121200204,-0.14763835,-0.11429022,-0.07988244,-0.14229682,-0.20725825,-0.1616773,-0.125103,-0.15657571,-0.15690626,-0.14417519,-0.19202894,-0.16293436,-0.18209702,-0.2963242,-0.19860005,-0.18095142,-0.17264101,-0.19346508,-0.15787035,-0.14054683,-0.13047013,-0.12557748,-0.13856257,-0.16335383,-0.30584824,-0.16731986,-0.18125224,-0.19340187,-0.11441202,-0.15051502,-0.14107543,-0.17844868,-0.1672289,-0.16484118,-0.14331086,-0.18237996,-0.12852272,-0.15341556,-0.13646615,-0.24156228,-0.18093808,-0.1033986,-0.13583264,-0.14187694,-0.17468874,-0.110605106,-0.13465962,-0.15232682,-0.16064072,-0.18298519,-0.1538665,-0.14905375,-0.19184028,-0.17593533,-0.16450953,-0.14723541,-0.14623587,-0.11499533,-0.10471026,-0.13451415,-0.20148799,-0.17766587,-0.12513243,-0.16758275,-0.18041904,-0.18738703,-0.11705899,-0.1757254,-0.2594164,-0.092815086,-0.09241847,-0.114844665,-0.1358853,-0.14805964,-0.09832582,-0.18914984
k__Bacteria|p__Firmicutes|c__Bacilli|o__Lactobacillales|f__Carnobacteriaceae|g__Granulicatella|s__Granulicatella_SGB8239,-0.1004395,-0.12316422,-0.14190118,-0.20428483,-0.16739312,-0.19395113,-0.1666669,-0.14518252,-0.12494128,-0.18388698,-0.18257509,-0.22712006,-0.16935024,-0.20555767,-0.10326419,-0.09928985,-0.058144663,-0.09960979,-0.107878804,-0.17110015,-0.1978925,-0.12536043,-0.13635018,-0.15244347,-0.17185833,-0.11658599,-0.16748321,-0.17411795,-0.1509206,-0.12124001,-0.13501985,-0.10596706,-0.1483179,-0.19638503,-0.1895981,-0.2175087,-0.16116351,-0.22338755,-0.1975761,-0.29867563,-0.29210672,-0.19889143,-0.10744092,-0.09162698,-0.13691942,-0.15513965,-0.23188588,-0.19413936,-0.14702481,-0.2026537,-0.18425086,-0.18279888,-0.19754326,-0.19858065,-0.20431805,-0.15779698,-0.125923,-0.14398402,-0.092157826,-0.09582995,-0.17162152,-0.14236899,-0.13743341,-0.14704928,-0.12719077,-0.15132502,-0.2613474,-0.22333384,-0.18928678,-0.20047067,-0.14595173,-0.14937478,-0.13094664,-0.14286235,-0.1511136,-0.16424215,-0.14694494,-0.16278498,-0.15942872,-0.14998752,-0.14721195,-0.15726009,-0.15336367,-0.22480208,-0.120334074,-0.14151701,-0.11842919,-0.16128504,-0.17440051,-0.15562001,-0.168285,-0.11139822,-0.1388583,-0.13027036,-0.12879291,-0.15152657,-0.14257231,-0.115442865,-0.10065024,-0.09046187,-0.10569194,-0.12078365,-0.13529158,-0.15027548,-0.16053522,-0.1185138,-0.11129953,-0.1578567,-0.17738779,-0.13354129,-0.16409595,-0.25953975,-0.14877553,-0.13259807,-0.14171088,-0.15095688,-0.17780018,-0.16397811,-0.22917573,-0.09015879,-0.10985743,-0.13472828,-0.12974182,-0.13997786,-0.17381032,-0.13908121,-0.16057305,-0.12777606,-0.07092635,-0.03704006,-0.13726282,-0.16245088,-0.17891015,-0.14332479,-0.12334781,-0.13570148,-0.12023825,-0.13846283,-0.25318068,-0.26654312,-0.083697475,-0.10945694,-0.14462724,-0.09238048,-0.18798967,-0.19064108,-0.15316132,-0.09051265,-0.13230102,-0.14956802,-0.15042229,-0.15918814,-0.17086121,-0.1842427,-0.08809203,-0.1237429,-0.140974,-0.10256614,-0.17951453,-0.19495486,-0.19170113,-0.10034211,-0.13113372,-0.07982286,-0.12813127,-0.19006202,-0.19397393,-0.19203211,-0.12341425,-0.075650066,-0.09732834,-0.118586734,-0.13656756,-0.12406494,-0.121451,-0.09467476,-0.096763,-0.10855411,-0.082459606,-0.11300168,-0.13247134,-0.16729483,-0.1410757,-0.13642557,-0.18093297,-0.17825818,-0.19467604,-0.14494753,-0.15549555,-0.1355854,-0.119081676,-0.14001076,-0.19117098,-0.19171754,-0.18153602,-0.19755594,-0.25103784,-0.20219928,-0.1905079,-0.19141738,-0.18281654,-0.17418565,-0.27554205,-0.08916744,-0.11956477,-0.12788452,-0.15751183,-0.20931396,-0.18224281,-0.29657933,-0.32474133,-0.15091577,-0.3242122,-0.17325558,-0.17108874,-0.2185038,-0.17647925,-0.114121355,-0.13993356,-0.15388772,-0.15788373,-0.22984435,-0.18186735,-0.25814247,-0.104541734,-0.12455491,-0.13854186,-0.124373406,-0.15189947,-0.155395,-0.1565117,-0.14014931,-0.15141064,-0.16334146,-0.15538093,-0.15363255,-0.15309502,-0.13406129,-0.12312281,-0.14625373,-0.19045314,-0.17718464,-0.21025829,-0.3990198,-0.20238563,-0.11357266,-0.1296617,-0.11865322,-0.1480194,-0.16636807,-0.18688676,-0.19202971,-0.1314353,-0.07706549,-0.15330803,-0.13997632,-0.14106366,-0.11770707,-0.19987361,-0.1649412,-0.15858454,-0.14146332,-0.12356137,-0.12722544,-0.14610182,-0.2588673,-0.10737504,-0.13074079,-0.09132757,-0.12832497,-0.12933034,-0.14987326,-0.1520221,-0.09642877,-0.08910369,-0.12435161,-0.11070857,-0.13793199,-0.15092313,-0.17060816,-0.1430941,-0.11632556,-0.17393938,-0.15199262,-0.14241408,-0.12563358,-0.14205527,-0.17466888,-0.13176009,-0.13235813,-0.14575031,-0.12318305,-0.08722703,-0.05825615,-0.14351149,-0.17082691,-0.026243303,-0.16645062,-0.2829064,-0.31316653,-0.19832397,-0.14581406,-0.14331596,-0.14862512,-0.12963767,-0.25088155,-0.19464499,-0.18896666,-0.09476924,-0.10939425,-0.10702289,-0.09396472,-0.12759323,-0.15280364,-0.15746465,-0.16724497,-0.12812386,-0.0969081,-0.16398169,-0.14374244,-0.11335766,-0.18846886,-0.1706479,-0.15400827,-0.12586349,-0.115196005,-0.1129591,-0.11662802,-0.17617294,-0.13866504,-0.13460699,-0.096878245,-0.12118487,-0.09192197,-0.12434345,-0.13571328,-0.063823454,-0.13877153,-0.11419349,-0.13386479,-0.24483351,-0.2571875,-0.29957527,-0.1463839,-0.15685584,-0.1325216,-0.19104545,-0.0782174,-0.17271319,-0.16421162,-0.09859173,-0.11065883,-0.11443343,-0.076612435,-0.083404,-0.1213824,-0.13072303,-0.13855581,-0.19385117,-0.099449635,-0.15583834,-0.19487974,-0.1914978,-0.18719652,-0.111463845,-0.1429808,-0.10329674,-0.15957272,-0.19456874,-0.17277607,-0.16932288,-0.14296353,-0.14263812,-0.101762235,-0.1533022,-0.1616583,-0.18107554,-0.19552614,-0.12147557,-0.14743464,-0.11372089,-0.080024466,-0.14317426,-0.20725825,-0.16118889,-0.125103,-0.15657571,-0.15690626,-0.14360619,-0.19202894,-0.1627858,-0.18225625,-0.2963242,-0.19872497,-0.18107495,-0.17192508,-0.19348912,-0.1575633,-0.14054683,-0.13050151,-0.12557748,-0.13835883,-0.16337335,-0.30584824,-0.16671416,-0.18147576,-0.193115,-0.11441202,-0.15060781,-0.14075741,-0.17815748,-0.16717178,-0.1647256,-0.14331086,-0.18237996,-0.12841685,-0.15291777,-0.13751647,-0.24156228,-0.17986293,-0.10346316,-0.1351589,-0.14223245,-0.1747854,-0.11044768,-0.13464919,-0.15250044,-0.16018796,-0.18209246,-0.15437952,-0.14955598,-0.19184028,-0.17575209,-0.16428421,-0.14723541,-0.14623587,-0.11499533,-0.10471026,-0.13511771,-0.20148799,-0.17747454,-0.12513243,-0.16517986,-0.18041904,-0.18738703,-0.11705899,-0.1767047,-0.2611344,-0.09275019,-0.09233552,-0.11487125,-0.13615137,-0.14811717,-0.09864342,-0.1894041
k__Bacteria|p__Firmicutes|c__Bacilli|o__Bacillales|f__Bacillales_unclassified|g__Gemella|s__Gemella_SGB7291,-0.1004395,-0.12316422,-0.14077404,-0.20428483,-0.16666323,-0.19363186,-0.1666669,-0.14563617,-0.1252947,-0.18497276,-0.18365484,-0.2111529,-0.17014498,-0.20014352,-0.10292052,-0.09792669,-0.058144663,-0.10006706,-0.107302666,-0.17136854,-0.1978925,-0.12536043,-0.13717608,-0.1534263,-0.17163427,-0.11658599,-0.1686659,-0.17511705,-0.1509206,-0.12124001,-0.13556054,-0.10488336,-0.14843148,-0.19506201,-0.18943408,-0.2175087,-0.16012466,-0.22338755,-0.1953811,-0.29867563,-0.29210672,-0.19695866,-0.107213974,-0.09162698,-0.13691942,-0.1550715,-0.23188588,-0.19390959,-0.14687797,-0.2026537,-0.184423,-0.18279888,-0.19573627,-0.19567034,-0.19836399,-0.15970436,-0.1258156,-0.14407331,-0.092749745,-0.095368125,-0.17215405,-0.14343037,-0.13743341,-0.14726976,-0.12719077,-0.1518099,-0.2613474,-0.22333384,-0.18906327,-0.20047067,-0.14638609,-0.14986755,-0.13031447,-0.14277133,-0.15197168,-0.16524038,-0.1476965,-0.16278498,-0.15949994,-0.14998752,-0.14786245,-0.15698054,-0.15395033,-0.22480208,-0.120334074,-0.14185597,-0.11823359,-0.16220626,-0.17473844,-0.15543312,-0.16894418,-0.11139822,-0.1388583,-0.13027036,-0.12937936,-0.15152657,-0.1438688,-0.11618262,-0.10065024,-0.09021433,-0.10561779,-0.12056519,-0.13519725,-0.15027548,-0.16125707,-0.1185138,-0.11129953,-0.1578567,-0.17738779,-0.1337561,-0.1626714,-0.25953975,-0.14898214,-0.13241588,-0.14120166,-0.15095688,-0.17780018,-0.16304728,-0.22917573,-0.09015879,-0.11043811,-0.13487321,-0.12971312,-0.13997786,-0.17384964,-0.13908121,-0.16057305,-0.12777606,-0.07092635,-0.03704006,-0.13707337,-0.16284078,-0.1796661,-0.14332479,-0.12334781,-0.13634,-0.12023825,-0.138464,-0.25318068,-0.26654312,-0.083576515,-0.10945694,-0.1452076,-0.09238048,-0.18838045,-0.19007249,-0.15297364,-0.090218216,-0.13230102,-0.14985673,-0.15050694,-0.15929279,-0.17091024,-0.18494317,-0.08739664,-0.12391683,-0.14096418,-0.10256614,-0.17951453,-0.19495486,-0.19152123,-0.10016511,-0.13113372,-0.07818365,-0.12766123,-0.19006202,-0.19344711,-0.19163664,-0.12421644,-0.075358495,-0.09695195,-0.118040115,-0.1368185,-0.12406494,-0.121451,-0.094187714,-0.09625618,-0.108493954,-0.082459606,-0.112941764,-0.13296929,-0.16803107,-0.1410757,-0.13636862,-0.18093297,-0.17825818,-0.19349991,-0.14447448,-0.15549555,-0.13558792,-0.119081676,-0.14001076,-0.19117098,-0.19037804,-0.18129335,-0.19755594,-0.25103784,-0.20219928,-0.19083388,-0.1908435,-0.18273908,-0.17314763,-0.27554205,-0.08916744,-0.11956477,-0.12800151,-0.15751183,-0.20931396,-0.18224281,-0.29657933,-0.32474133,-0.15104765,-0.3242122,-0.17325558,-0.17108874,-0.2185038,-0.17647925,-0.114121355,-0.13988712,-0.15388772,-0.15788373,-0.22984435,-0.18186735,-0.2477529,-0.104213595,-0.12455491,-0.13909039,-0.1245655,-0.15189947,-0.15614907,-0.15727304,-0.14014931,-0.15141064,-0.16418976,-0.1555238,-0.1540925,-0.15283361,-0.13375266,-0.12332395,-0.14688046,-0.19133827,-0.17717564,-0.21025829,-0.3990198,-0.19993043,-0.11361324,-0.1296617,-0.1185273,-0.14843139,-0.16636807,-0.18797597,-0.19181013,-0.13159913,-0.076693356,-0.15359071,-0.13990593,-0.14106366,-0.119048,-0.19987361,-0.1649412,-0.15873492,-0.14096636,-0.12366739,-0.12722544,-0.14610182,-0.2588673,-0.10696171,-0.13074079,-0.09132757,-0.12832497,-0.12991849,-0.15032718,-0.1529519,-0.09636037,-0.08910369,-0.12446982,-0.11037256,-0.1379596,-0.1511834,-0.17077935,-0.14327884,-0.116829336,-0.17449707,-0.15239963,-0.14288881,-0.125085,-0.14336014,-0.17466888,-0.13176009,-0.13248336,-0.1462316,-0.12307576,-0.08722703,-0.05825615,-0.14388171,-0.17082691,-0.026243303,-0.16537823,-0.2829064,-0.31316653,-0.19704929,-0.14603451,-0.14331596,-0.14862512,-0.12963767,-0.25088155,-0.19345883,-0.18902525,-0.09471237,-0.10954028,-0.10702289,-0.09395249,-0.12759323,-0.15335049,-0.15746465,-0.1674675,-0.12812386,-0.0969081,-0.16398169,-0.14475673,-0.11335766,-0.18846886,-0.1706479,-0.15400219,-0.12613581,-0.115196005,-0.112782866,-0.11662802,-0.17723204,-0.13881066,-0.13465634,-0.096878245,-0.12091215,-0.09197824,-0.12434345,-0.13705426,-0.063823454,-0.13877153,-0.11419349,-0.13358465,-0.24483351,-0.2571875,-0.29957527,-0.14621472,-0.15715879,-0.13219301,-0.19104545,-0.0782174,-0.17234357,-0.16473979,-0.09859173,-0.11065883,-0.115800105,-0.076612435,-0.083404,-0.1213824,-0.13072303,-0.13855581,-0.19385117,-0.098731756,-0.15562317,-0.19487974,-0.19122519,-0.18692887,-0.111371815,-0.14345053,-0.10371134,-0.16025212,-0.19383311,-0.17354435,-0.16895357,-0.14300108,-0.14259097,-0.10084471,-0.15352462,-0.16205156,-0.1809865,-0.19457668,-0.12156033,-0.14809006,-0.11425035,-0.08040218,-0.14216499,-0.20725825,-0.16114032,-0.125103,-0.15657571,-0.15690626,-0.14369835,-0.19202894,-0.16285878,-0.18300834,-0.2963242,-0.19357806,-0.18053114,-0.17149124,-0.19210574,-0.15714249,-0.14054683,-0.13031352,-0.12557748,-0.13837714,-0.16157272,-0.30584824,-0.16695648,-0.18158448,-0.19285062,-0.11441202,-0.15111464,-0.14066137,-0.17830971,-0.16726439,-0.1651971,-0.14331086,-0.18237996,-0.12778917,-0.1533385,-0.13585852,-0.24156228,-0.17938736,-0.10310884,-0.13539293,-0.14258362,-0.17496835,-0.110330984,-0.13472515,-0.15359145,-0.160391,-0.1819483,-0.1549361,-0.14926174,-0.19184028,-0.17546204,-0.16554531,-0.14723541,-0.14623587,-0.11499533,-0.10471026,-0.13500662,-0.20148799,-0.17779022,-0.12513243,-0.1660377,-0.18041904,-0.18738703,-0.11705899,-0.17834622,-0.2560575,-0.09235188,-0.09235874,-0.11445083,-0.13619266,-0.14800718,-0.09808807,-0.18967912
k__Bacteria|p__Firmicutes|c__Bacilli|o__Lactobacillales|f__Lactobacillaceae|g__Lentilactobacillus|s__Lentilactobacillus_parafarraginis,-0.1004395,-0.12316422,-0.14200962,-0.20428483,-0.16744709,-0.1940561,-0.1666669,-0.14542395,-0.12519106,-0.18403216,-0.18373659,-0.22771166,-0.16987062,-0.20617372,-0.103361964,-0.09964608,-0.058144663,-0.09984281,-0.10794937,-0.17124167,-0.1978925,-0.12536043,-0.13661335,-0.15267491,-0.17200503,-0.11658599,-0.16775706,-0.1743853,-0.1509206,-0.12124001,-0.13538817,-0.10595715,-0.14866726,-0.19646722,-0.18969929,-0.2175087,-0.16141029,-0.22338755,-0.1979545,-0.29867563,-0.29210672,-0.19882011,-0.10747008,-0.09162698,-0.13691942,-0.15537974,-0.23188588,-0.19435121,-0.14696191,-0.2026537,-0.18429056,-0.18279888,-0.19801098,-0.19925877,-0.20429401,-0.15816122,-0.12601379,-0.14418289,-0.092278205,-0.095807776,-0.17170432,-0.1426363,-0.13743341,-0.14731577,-0.12719077,-0.1516042,-0.2613474,-0.22333384,-0.18938452,-0.20047067,-0.14607394,-0.14963242,-0.13107935,-0.14310563,-0.15109089,-0.16450618,-0.14704037,-0.16278498,-0.15987262,-0.14998752,-0.14752418,-0.15748829,-0.15357593,-0.22480208,-0.120334074,-0.14182231,-0.11855419,-0.16134754,-0.17454314,-0.15602802,-0.16857333,-0.11139822,-0.1388583,-0.13027036,-0.12887073,-0.15152657,-0.14273962,-0.11572109,-0.10065024,-0.090602085,-0.10565458,-0.12079537,-0.1353082,-0.15027548,-0.16074164,-0.1185138,-0.11129953,-0.1578567,-0.17738779,-0.13404462,-0.1643528,-0.25953975,-0.14906387,-0.13294008,-0.14197642,-0.15095688,-0.17780018,-0.16411822,-0.22917573,-0.09015879,-0.11028083,-0.13500945,-0.12998118,-0.13997786,-0.17416093,-0.13908121,-0.16057305,-0.12777606,-0.07092635,-0.03704006,-0.13744311,-0.1624453,-0.1793524,-0.14332479,-0.12334781,-0.13600945,-0.12023825,-0.13852912,-0.25318068,-0.26654312,-0.083568,-0.10945694,-0.14478493,-0.09238048,-0.18817154,-0.19079371,-0.15330587,-0.09040256,-0.13230102,-0.14987719,-0.15068074,-0.15937829,-0.17100671,-0.1841884,-0.08799815,-0.124099456,-0.1416088,-0.10256614,-0.17951453,-0.19495486,-0.19176348,-0.10023869,-0.13113372,-0.079754874,-0.12809011,-0.19006202,-0.19394039,-0.1922148,-0.12366159,-0.075465605,-0.097344965,-0.11878551,-0.13681047,-0.12406494,-0.121451,-0.09470877,-0.09683722,-0.10868125,-0.082459606,-0.11307031,-0.13250744,-0.16752025,-0.1410757,-0.13663486,-0.18093297,-0.17825818,-0.1948225,-0.14506486,-0.15549555,-0.1357743,-0.119081676,-0.14001076,-0.19117098,-0.19183336,-0.18192977,-0.19755594,-0.25103784,-0.20219928,-0.19053388,-0.19161765,-0.18300828,-0.17436263,-0.27554205,-0.08916744,-0.11956477,-0.1280329,-0.15751183,1.9827079,-0.18224281,-0.29657933,-0.32474133,-0.15273458,-0.3242122,-0.17325558,-0.17108874,-0.2185038,-0.17647925,-0.114121355,-0.14021337,-0.15388772,-0.15788373,-0.22984435,-0.18186735,-0.25814775,-0.10457949,-0.12455491,-0.13875455,-0.12437511,-0.15189947,-0.15535843,-0.15659238,-0.14014931,-0.15141064,-0.16347499,-0.15565544,-0.15387478,-0.15347488,-0.134268,-0.12325873,-0.1466693,-0.1907255,-0.17751119,-0.21025829,-0.3990198,-0.20330954,-0.11365025,-0.1296617,-0.118810624,-0.14821465,-0.16636807,-0.18705389,-0.19216472,-0.1318571,-0.07674771,-0.15344058,-0.14004654,-0.14106366,-0.118155494,-0.19987361,-0.1649412,-0.15903202,-0.14184979,-0.123840064,-0.12722544,-0.14610182,-0.2588673,-0.107461855,-0.13074079,-0.09132757,-0.12832497,-0.12936972,-0.15004432,-0.1521454,-0.09644635,-0.08910369,-0.12454341,-0.11072588,-0.13815165,-0.15110025,-0.17081852,-0.14322579,-0.11653731,-0.17431164,-0.15216365,-0.14266342,-0.12566996,-0.1423631,-0.17466888,-0.13176009,-0.13250409,-0.14610405,-0.12319376,-0.08722703,-0.05825615,-0.14373676,-0.17082691,-0.026243303,-0.16713661,-0.2829064,-0.31316653,-0.19875613,-0.14601704,-0.14331596,-0.14862512,-0.12963767,-0.25088155,-0.19453111,-0.18907875,-0.09469582,-0.109540954,-0.10702289,-0.09392408,-0.12759323,-0.1532294,-0.15746465,-0.16757393,-0.12812386,-0.0969081,-0.16398169,-0.14394489,-0.11335766,-0.18846886,-0.1706479,-0.15432787,-0.12602502,-0.115196005,-0.11315864,-0.11662802,-0.17645688,-0.13879898,-0.13473852,-0.096878245,-0.1213948,-0.09183253,-0.12434345,-0.13607176,-0.063823454,-0.13877153,-0.11419349,-0.1340345,-0.24483351,-0.2571875,-0.29957527,-0.1465688,-0.15713727,-0.13247803,-0.19104545,-0.0782174,-0.172811,-0.16473608,-0.09859173,-0.11065883,-0.11475313,-0.076612435,-0.083404,-0.1213824,-0.13072303,-0.13855581,-0.19385117,-0.09926619,-0.1560075,-0.19487974,-0.19159073,-0.18743944,-0.1114285,-0.14332612,-0.10315044,-0.15965325,-0.19472088,-0.17328724,-0.16952154,-0.14313547,-0.14290662,-0.10196288,-0.15355057,-0.1619702,-0.18138868,-0.1957718,-0.12144277,-0.14765935,-0.113941215,-0.080087416,-0.14331733,-0.20725825,-0.16122046,-0.125103,-0.15657571,-0.15690626,-0.14396363,-0.19202894,-0.16295534,-0.18242195,-0.2963242,-0.19881386,-0.18155755,-0.17210053,-0.19353846,-0.15787749,-0.14054683,-0.1306063,-0.12557748,-0.13856275,-0.1637739,-0.30584824,-0.16707914,-0.18163514,-0.19327858,-0.11441202,-0.15084395,-0.1409168,-0.1784313,-0.167304,-0.16496627,-0.14331086,-0.18237996,-0.12862024,-0.15369739,-0.13774924,-0.24156228,-0.17997342,-0.10340074,-0.13550563,-0.1422416,-0.17491066,-0.11048505,-0.13480224,-0.15263757,-0.16039349,-0.1823196,-0.15449004,-0.14947443,-0.19184028,-0.17580815,-0.16452956,-0.14723541,-0.14623587,-0.11499533,-0.10471026,-0.13527246,-0.20148799,-0.17750719,-0.12513243,-0.1662293,-0.18041904,-0.18738703,-0.11705899,-0.1768082,-0.26052377,-0.09269853,-0.09239344,-0.11497764,-0.13631809,-0.14834844,-0.098639265,-0.18953803
k__Bacteria|p__Firmicutes|c__Clostridia|o__Eubacteriales|f__Clostridiaceae|g__Clostridium|s__Clostridium_ihumii,-0.1004395,-0.12316422,-0.14177921,-0.20428483,-0.16640635,-0.19210917,-0.1666669,-0.14428958,-0.12496744,-0.18166034,-0.1825077,-0.22905833,-0.16772561,-0.20459029,-0.103587866,-0.10000207,-0.058144663,-0.09981613,-0.10802432,-0.1698189,-0.1978925,-0.12536043,-0.13573104,-0.15130967,-0.17047575,-0.11658599,-0.16647026,-0.172573,-0.1509206,-0.12124001,-0.13474536,-0.106252,-0.14782362,-0.19451392,-0.18778816,-0.2175087,-0.16044666,-0.22338755,-0.19632798,-0.29867563,-0.29210672,-0.19709118,-0.10724466,-0.09162698,-0.13691942,-0.1545258,-0.23188588,-0.19271407,-0.14584035,-0.2026537,-0.18266349,-0.18279888,-0.19656985,-0.19800729,-0.20358288,-0.15547273,-0.12554759,-0.14315724,-0.09241338,-0.09598753,-0.16988537,-0.14166948,-0.13743341,-0.14632641,-0.12719077,-0.15037498,-0.2613474,-0.22333384,-0.18757112,-0.20047067,-0.14484386,-0.14848098,-0.13062224,-0.14228654,-0.14936852,-0.162721,-0.14539632,-0.16278498,-0.15883572,-0.14998752,-0.14651318,-0.15646978,-0.15247354,-0.22480208,-0.120334074,-0.14098512,-0.11839695,-0.15959756,-0.17262533,-0.15540645,-0.16695994,-0.11139822,-0.1388583,-0.13027036,-0.12810975,-0.15152657,-0.14198522,-0.115304,-0.10065024,-0.091071784,-0.1054686,-0.12024811,-0.13451216,-0.15027548,-0.15926574,-0.1185138,-0.11129953,-0.1578567,-0.17738779,-0.13310932,-0.16381821,-0.25953975,-0.14805233,-0.13263239,-0.14144833,-0.15095688,-0.17780018,-0.16322324,-0.22917573,-0.09015879,-0.11029569,-0.13446356,-0.12942114,-0.13997786,-0.17297037,-0.13908121,-0.16057305,-0.12777606,-0.07092635,-0.03704006,-0.13687962,-0.16108088,-0.17760812,-0.14332479,-0.12334781,-0.1352568,-0.12023825,-0.1377432,-0.25318068,-0.26654312,-0.084059805,-0.10945694,-0.14354882,-0.09238048,-0.18643513,-0.18942176,-0.1527063,-0.09078471,-0.13230102,-0.1489607,-0.14979896,-0.15813002,-0.16959494,-0.18182246,-0.08869865,-0.12362626,-0.14075339,-0.10256614,-0.17951453,-0.19495486,-0.18952328,-0.10037088,-0.13113372,-0.08069688,-0.12757303,-0.19006202,-0.19206856,-0.19044334,-0.1229914,-0.07617145,-0.09741557,-0.118621156,-0.13613398,-0.12406494,-0.121451,-0.09502623,-0.09710349,-0.10868713,-0.082459606,-0.11278063,-0.13174841,-0.1657587,-0.1410757,-0.13614902,-0.18093297,-0.17825818,-0.19313271,-0.14439215,-0.15549555,-0.13500625,-0.119081676,-0.14001076,-0.19117098,-0.1903258,-0.18068421,-0.19755594,-0.25103784,-0.20219928,-0.18892524,-0.19024196,-0.18142675,-0.17338192,-0.27554205,-0.08916744,-0.11956477,-0.12787598,-0.15751183,-0.20931396,-0.18224281,-0.29657933,-0.32474133,-0.15456492,-0.3242122,-0.17325558,-0.17108874,-0.2185038,-0.17647925,-0.114121355,-0.1397419,-0.15388772,-0.15788373,-0.22984435,-0.18186735,-0.25665933,-0.104678795,-0.12455491,-0.13801247,-0.12387541,-0.15189947,-0.15394413,-0.15494871,-0.14014931,-0.15141064,-0.1617154,-0.1546378,-0.15266246,-0.15275341,-0.13373277,-0.122788385,-0.14562942,-0.18842557,-0.17629842,-0.21025829,-0.3990198,-0.20259674,-0.11338191,-0.1296617,-0.11829731,-0.1472477,-0.16636807,-0.18478942,-0.19030738,-0.13162939,-0.07724884,-0.15205005,-0.13934231,-0.14106366,-0.11785518,-0.19987361,-0.1649412,-0.15822122,-0.14152177,-0.12358366,-0.12722544,-0.14610182,-0.2588673,-0.10760656,-0.13074079,-0.09132757,-0.12832497,-0.12858456,-0.1492409,-0.15069683,-0.09659679,-0.08910369,-0.12412014,-0.11076395,-0.13751116,-0.15023029,-0.16918626,-0.14238217,-0.11635449,-0.1727592,-0.15129685,-0.14171518,-0.12558639,-0.14076702,-0.17466888,-0.13176009,-0.13180986,-0.14514095,-0.122827716,-0.08722703,-0.05825615,-0.14294519,-0.17082691,-0.026243303,-0.16670232,-0.2829064,-0.31316653,-0.19771372,-0.14498,-0.14331596,-0.14862512,-0.12963767,-0.25088155,-0.1927025,-0.1870017,-0.09505005,-0.10918253,-0.10702289,-0.0937437,-0.12759323,-0.15237851,-0.15746465,-0.16598433,-0.12812386,-0.0969081,-0.16398169,-0.14269705,-0.11335766,-0.18846886,-0.1706479,-0.15331161,-0.12550962,-0.115196005,-0.112871855,-0.11662802,-0.17437813,-0.13794611,-0.1338256,-0.096878245,-0.121137455,-0.09195635,-0.12434345,-0.13516593,-0.063823454,-0.13877153,-0.11419349,-0.13356405,-0.24483351,-0.2571875,-0.29957527,-0.14560077,-0.1558564,-0.13194074,-0.19104545,-0.0782174,-0.17127368,-0.16340683,-0.09859173,-0.11065883,-0.11429222,-0.076612435,-0.083404,-0.1213824,-0.13072303,-0.13855581,-0.19385117,-0.099373564,-0.15501963,-0.19487974,-0.1900067,-0.18576223,-0.11127481,-0.14263007,-0.102786236,-0.15771669,-0.19274545,-0.1713321,-0.16828904,-0.14232886,-0.14196408,-0.10258052,-0.15262555,-0.16069087,-0.1800608,-0.1939215,-0.12090058,-0.14638901,-0.11371524,-0.08047336,-0.14301804,-0.20725825,-0.1600026,-0.125103,-0.15657571,-0.15690626,-0.14325044,-0.19202894,-0.16188,-0.1803669,-0.2963242,-0.19870365,-0.1806352,-0.17112687,-0.1922337,-0.15729907,-0.14054683,-0.13011074,-0.12557748,-0.13807273,-0.1632285,-0.30584824,-0.16650258,-0.17972673,-0.19139425,-0.11441202,-0.14985505,-0.14020011,-0.17696722,-0.16603726,-0.16330124,-0.14331086,-0.18237996,-0.12841079,-0.15279019,-0.13784698,-0.24156228,-0.1787654,-0.103433594,-0.13511768,-0.14117783,-0.17308442,-0.11052038,-0.13438386,-0.15090832,-0.1588224,-0.18100536,-0.15303779,-0.14845002,-0.19184028,-0.17456333,-0.16267449,-0.14723541,-0.14623587,-0.11499533,-0.10471026,-0.13471308,-0.20148799,-0.17568271,-0.12513243,-0.1651506,-0.18041904,-0.18738703,-0.11705899,-0.17408708,-0.2575261,-0.09307876,-0.09260777,-0.11495711,-0.13551988,-0.14743645,-0.09899399,-0.18731993
k__Bacteria|p__Firmicutes|c__Bacilli|o__Lactobacillales|f__Streptococcaceae|g__Streptococcus|s__Streptococcus_gordonii,-0.1004395,-0.12316422,-0.14127001,-0.20428483,-0.16691127,-0.19363809,-0.1666669,-0.14561729,-0.12518787,-0.18447967,-0.18380177,-0.21923363,-0.16882122,-0.20309323,-0.102890596,-0.09853246,-0.058144663,-0.099835604,-0.10733128,-0.1713635,-0.1978925,-0.12536043,-0.13671133,-0.15301183,-0.17160393,-0.11658599,-0.16804136,-0.17479116,-0.1509206,-0.12124001,-0.13555947,-0.10500158,-0.14856654,-0.1955108,-0.18942626,-0.2175087,-0.16080306,-0.22338755,-0.19689396,-0.29867563,-0.29210672,-0.19789422,-0.107111186,-0.09162698,-0.13691942,-0.15509608,-0.23188588,-0.19396439,-0.14662778,-0.2026537,-0.18452798,-0.18279888,-0.19705306,-0.19721606,-0.20132135,-0.15881969,-0.12573951,-0.14400986,-0.092302114,-0.09528798,-0.1717712,-0.14300957,-0.13743341,-0.14722525,-0.12719077,-0.15173179,-0.2613474,-0.22333384,-0.18927816,-0.20047067,-0.14612038,-0.14960063,-0.1304993,-0.14276397,-0.15130043,-0.16489342,-0.14731929,-0.16278498,-0.15958533,-0.14998752,-0.14760052,-0.15711229,-0.15366238,-0.22480208,-0.120334074,-0.14178066,-0.11816021,-0.16168433,-0.1746349,-0.15570119,-0.16875395,-0.11139822,-0.1388583,-0.13027036,-0.12902051,-0.15152657,-0.14316574,-0.115834326,-0.10065024,-0.09010689,-0.10531549,-0.120490536,-0.13506584,-0.15027548,-0.16094469,-0.1185138,-0.11129953,-0.1578567,-0.17738779,-0.1339001,-0.16375941,-0.25953975,-0.14899053,-0.13251472,-0.14149094,-0.15095688,-0.17780018,-0.16363327,-0.22917573,-0.09015879,-0.11037777,-0.13494056,-0.12963346,-0.13997786,-0.17398766,-0.13908121,-0.16057305,-0.12777606,-0.07092635,-0.03704006,-0.13726105,-0.16249183,-0.17960316,-0.14332479,-0.12334781,-0.13615617,-0.12023825,-0.13822807,3.5073278,-0.26654312,-0.08308761,-0.10945694,-0.14488626,-0.09238048,-0.1881627,-0.19027346,-0.15262747,-0.08986013,-0.13230102,-0.14983928,-0.15046833,-0.15914756,-0.17078248,-0.18440834,-0.08720344,-0.12403975,-0.1414907,-0.10256614,-0.17951453,-0.19495486,-0.1914616,-0.0999543,-0.13113372,-0.07857985,-0.12774691,-0.19006202,-0.19333333,-0.19184554,-0.12399474,-0.0747802,-0.096880734,-0.11828826,-0.1367,-0.12406494,-0.121451,-0.09409907,-0.09624691,-0.108353466,-0.082459606,-0.112783395,-0.13253485,-0.16784951,-0.1410757,-0.1363714,-0.18093297,-0.17825818,-0.19386095,-0.14469,-0.15549555,-0.13564633,-0.119081676,-0.14001076,-0.19117098,-0.1908172,-0.18155332,-0.19755594,-0.25103784,-0.20219928,-0.19036162,-0.19113342,-0.1826526,-0.17368168,-0.27554205,-0.08916744,-0.11956477,-0.12794764,-0.15751183,-0.20931396,-0.18224281,-0.29657933,-0.32474133,-0.15251172,-0.3242122,-0.17325558,-0.17108874,-0.2185038,-0.17647925,-0.114121355,-0.13989832,-0.15388772,-0.15788373,-0.22984435,-0.18186735,-0.2525568,-0.104105,-0.12455491,-0.13882753,-0.12423819,-0.15189947,-0.15549584,-0.15685886,-0.14014931,-0.15141064,-0.16375804,-0.15552455,-0.15392424,-0.15323645,-0.13374797,-0.123108946,-0.14676899,-0.19085,-0.17727667,-0.21025829,-0.3990198,-0.20148659,-0.1134444,-0.1296617,-0.118610196,-0.14824356,-0.16636807,-0.18756327,-0.19193932,-0.13180047,-0.07595892,-0.15362369,-0.13979499,-0.14106366,-0.1188844,-0.19987361,-0.1649412,-0.15890127,-0.14138383,-0.123587,-0.12722544,-0.14610182,-0.2588673,-0.1070552,-0.13074079,-0.09132757,-0.12832497,-0.1293795,-0.15006825,-0.1523937,-0.09608042,-0.08910369,-0.12441735,-0.11027248,-0.13793445,-0.15106529,-0.17071643,-0.14322826,-0.11648623,-0.17455313,-0.152152,-0.14259633,-0.12505804,-0.14284971,-0.17466888,-0.13176009,-0.13231775,-0.14618547,-0.122798726,-0.08722703,-0.05825615,-0.14385295,-0.17082691,-0.026243303,-0.16691774,-0.2829064,-0.31316653,-0.19767441,-0.14592192,-0.14331596,-0.14862512,-0.12963767,-0.25088155,-0.19358587,-0.18900964,-0.09428895,-0.109375164,-0.10702289,-0.09355823,-0.12759323,-0.15343846,-0.15746465,-0.1674657,-0.12812386,-0.0969081,-0.16398169,-0.14425632,-0.11335766,-0.18846886,-0.1706479,-0.15401055,-0.12583861,-0.115196005,-0.11280034,-0.11662802,-0.17684627,-0.13866471,-0.13447434,-0.096878245,-0.12096144,-0.091504104,-0.12434345,-0.13654956,-0.063823454,-0.13877153,-0.11419349,-0.13375023,-0.24483351,-0.2571875,-0.29957527,-0.1463493,-0.15698428,-0.13211742,-0.19104545,-0.0782174,-0.17254269,-0.16483203,-0.09859173,-0.11065883,-0.11528732,-0.076612435,-0.083404,-0.1213824,-0.13072303,-0.13855581,-0.19385117,-0.09842115,-0.15606505,-0.19487974,-0.19121403,-0.18706656,-0.1111484,-0.14320181,-0.10302401,-0.16006342,-0.19413263,-0.1737499,-0.16916043,-0.14297295,-0.14264217,-0.10120489,-0.15355545,-0.16193703,-0.18114647,-0.19502479,-0.12126663,-0.1479333,-0.114099324,-0.07989946,-0.14293164,-0.20725825,-0.16104703,-0.125103,-0.15657571,-0.15690626,-0.143832,-0.19202894,-0.1628469,-0.18263377,-0.2963242,-0.19587243,-0.18105593,-0.17156814,-0.19251363,-0.15749383,-0.14054683,-0.13031958,-0.12557748,-0.1385413,-0.16277337,-0.30584824,-0.16696075,-0.1814901,-0.19283825,-0.11441202,-0.15103306,-0.14063835,-0.17837402,-0.16714734,-0.16498892,-0.14331086,-0.18237996,-0.12819608,-0.15375584,-0.13696253,-0.24156228,-0.17951627,-0.10288082,-0.13533343,-0.14211157,-0.17503038,-0.10999045,-0.13466401,-0.15299389,-0.16033962,-0.18183601,-0.15449026,-0.14919822,-0.19184028,-0.17548293,-0.16494036,-0.14723541,-0.14623587,-0.11499533,-0.10471026,-0.13511023,-0.20148799,-0.1774878,-0.12513243,-0.16635364,-0.18041904,-0.18738703,-0.11705899,-0.17744985,-0.25767806,-0.092168674,-0.0920157,-0.11457287,-0.13612983,-0.14805996,-0.09797485,-0.18960091
k__Bacteria|p__Firmicutes|c__Clostridia|o__Eubacteriales|f__Clostridiaceae|g__Clostridium|s__Clostridium_SGB65129,-0.1004395,-0.12316422,-0.14166275,-0.20428483,-0.1665081,-0.19367129,-0.1666669,-0.14495325,-0.12472088,-0.18352564,-0.18270636,-0.22876108,-0.17048638,-0.20519912,-0.10306542,-0.09937675,-0.058144663,-0.09966062,-0.1076065,-0.17090032,-0.1978925,-0.12536043,-0.13619985,-0.15228145,-0.17158453,-0.11658599,-0.16712904,-0.17396365,-0.1509206,-0.12124001,-0.13492274,-0.10550976,-0.14827415,-0.19593462,-0.18950106,-0.2175087,-0.16043116,-0.22338755,-0.19736837,-0.29867563,-0.29210672,-0.1988288,-0.107093334,-0.09162698,-0.13691942,-0.15496522,-0.23188588,-0.19382587,-0.14660662,-0.2026537,-0.18278679,-0.18279888,-0.1971861,-0.199262,-0.20529628,-0.1584216,-0.12569983,-0.14381689,-0.09200859,-0.09557009,-0.17112353,-0.1423276,-0.13743341,-0.14688647,-0.12719077,-0.15119436,-0.2613474,-0.22333384,-0.18856812,-0.20047067,-0.1456781,-0.14913379,-0.13075805,-0.14281568,-0.1509756,-0.16395047,-0.14666197,-0.16278498,-0.15885732,-0.14998752,-0.14706448,-0.15696414,-0.15323806,-0.22480208,-0.120334074,-0.14148703,-0.11828144,-0.16087288,-0.17404759,-0.1556021,-0.16822249,-0.11139822,-0.1388583,-0.13027036,-0.12861001,-0.15152657,-0.14229232,-0.115434185,-0.10065024,-0.09031087,-0.105463386,-0.12046598,-0.1349928,-0.15027548,-0.16031435,-0.1185138,-0.11129953,-0.1578567,-0.17738779,-0.13377532,-0.16410609,-0.25953975,-0.14857155,-0.13247669,-0.14174032,-0.15095688,-0.17780018,-0.1635215,-0.22917573,-0.09015879,-0.10994476,-0.13461597,-0.12968856,-0.13997786,-0.17364153,-0.13908121,-0.16057305,-0.12777606,-0.07092635,-0.03704006,-0.13704115,-0.16215017,-0.17891288,-0.14332479,-0.12334781,-0.13548309,-0.12023825,-0.13840461,-0.25318068,-0.26654312,-0.083301574,-0.10945694,-0.14462414,-0.09238048,-0.18778308,-0.19028997,-0.15309426,-0.090147644,-0.13230102,-0.14949736,-0.15024558,-0.15893511,-0.1705047,-0.18393108,-0.087715685,-0.123797685,-0.14098763,-0.10256614,-0.17951453,-0.19495486,-0.19148616,-0.100082904,-0.13113372,-0.079950884,-0.128212,-0.19006202,-0.1933642,-0.1918564,-0.12340965,-0.074987784,-0.09703534,-0.1185467,-0.13655038,-0.12406494,-0.121451,-0.09448816,-0.09664591,-0.108454525,-0.082459606,-0.112881884,-0.13229516,-0.16715416,-0.1410757,-0.13619283,-0.18093297,-0.17825818,-0.1943754,-0.14482,-0.15549555,-0.13557181,-0.119081676,-0.14001076,1.0243397,-0.19115648,-0.18121514,-0.19755594,-0.25103784,-0.20219928,-0.1898736,-0.19090551,-0.1826239,-0.17390837,-0.27554205,-0.08916744,-0.11956477,-0.12771048,-0.15751183,-0.20931396,-0.18224281,-0.29657933,-0.32474133,-0.15354536,-0.3242122,-0.17325558,-0.17108874,-0.2185038,-0.17647925,-0.114121355,-0.1396381,-0.15388772,-0.15788373,-0.22984435,-0.18186735,-0.2583815,-0.10431063,-0.12455491,-0.13836962,-0.12413876,-0.15189947,-0.15502942,-0.15624493,-0.14014931,-0.15141064,-0.16303314,-0.1550504,-0.15341088,-0.15311126,-0.13403763,-0.12291237,-0.1460792,-0.1902384,-0.17704743,-0.21025829,-0.3990198,-0.20458397,-0.11339364,-0.1296617,-0.11855343,-0.14804336,-0.16636807,-0.18657273,-0.19166234,-0.13155432,-0.07640234,-0.15320559,-0.13968521,-0.14106366,-0.11811855,-0.19987361,-0.1649412,-0.15825729,-0.14160274,-0.12358109,-0.12722544,-0.14610182,-0.2588673,-0.10729377,-0.13074079,-0.09132757,-0.12832497,-0.12917137,-0.14961284,-0.1518027,-0.096187055,-0.08910369,-0.1243474,-0.11044796,-0.1379005,-0.15069765,-0.17057306,-0.14285973,-0.116169885,-0.17387193,-0.15176833,-0.14237994,-0.12530814,-0.14219822,-0.17466888,-0.13176009,-0.13220744,-0.14571139,-0.122979715,-0.08722703,-0.05825615,-0.14347985,-0.17082691,-0.026243303,-0.16666526,-0.2829064,-0.31316653,-0.19919044,-0.1456339,-0.14331596,-0.14862512,-0.12963767,-0.25088155,-0.19395556,-0.18868402,-0.09455271,-0.10918276,-0.10702289,-0.09399764,-0.12759323,-0.15302244,-0.15746465,-0.16698828,-0.12812386,-0.0969081,-0.16398169,-0.14367752,-0.11335766,-0.18846886,-0.1706479,-0.15378253,-0.12561548,-0.115196005,-0.113051936,-0.11662802,-0.17603125,-0.13844518,-0.13435504,-0.096878245,-0.121123776,-0.09169242,-0.12434345,-0.13573956,-0.063823454,-0.13877153,-0.11419349,-0.13382344,-0.24483351,-0.2571875,-0.29957527,-0.14616477,-0.15663578,-0.13224584,-0.19104545,-0.0782174,-0.17239253,-0.16434881,-0.09859173,-0.11065883,-0.114445284,-0.076612435,-0.083404,-0.1213824,-0.13072303,-0.13855581,-0.19385117,-0.098995246,-0.15568309,-0.19487974,-0.19095404,-0.1870964,-0.11118981,-0.1428113,-0.102848366,-0.15922311,-0.19413382,-0.17328082,-0.16909082,-0.1427331,-0.14248285,-0.10167295,-0.15332943,-0.16141024,-0.18087186,-0.19533691,-0.12118603,-0.14730002,-0.11353943,-0.07979506,-0.14339189,-0.20725825,-0.16061786,-0.125103,-0.15657571,-0.15690626,-0.14343506,-0.19202894,-0.16245621,-0.18202543,-0.2963242,-0.1979626,-0.18131487,-0.17155585,-0.19308014,-0.15765068,-0.14054683,-0.13027865,-0.12557748,-0.13828227,-0.16355829,-0.30584824,-0.16639663,-0.18113145,-0.19254959,-0.11441202,-0.15073413,-0.14052054,-0.17797902,-0.1668202,-0.16455789,-0.14331086,-0.18237996,-0.12816465,-0.15322906,-0.13784313,-0.24156228,-0.17915736,-0.10315855,-0.13501191,-0.14193878,-0.17445305,-0.11018457,-0.13450378,-0.1523547,-0.15989356,-0.1814157,-0.15430441,-0.14915423,-0.19184028,-0.17521772,-0.16410276,-0.14723541,-0.14623587,-0.11499533,-0.10471026,-0.13525692,-0.20148799,-0.17701548,-0.12513243,-0.16508687,-0.18041904,-0.18738703,-0.11705899,-0.17669246,-0.25974402,-0.09245023,-0.09215129,-0.114641964,-0.1361053,-0.14804271,-0.09846992,-0.1891005
k__Bacteria|p__Firmicutes|c__CFGB72924|o__OFGB72924|f__FGB72924|g__GGB3612|s__GGB3612_SGB4882,-0.1004395,-0.12316422,-0.14087921,-0.20428483,-0.16671133,-0.19282696,-0.1666669,-0.14515018,-0.12501982,-0.18361418,-0.18363243,-0.21649753,-0.16826242,-0.20200425,-0.102641866,-0.09809336,-0.058144663,-0.09955449,-0.10727307,-0.1706713,-0.1978925,-0.12536043,-0.13627991,-0.15249397,-0.17096297,-0.11658599,-0.16779721,-0.17403382,-0.1509206,-0.12124001,-0.13531661,-0.10491672,-0.14832437,-0.1945099,-0.18876237,-0.2175087,-0.16030392,-0.22338755,-0.19604579,-0.29867563,-0.29210672,-0.1970333,-0.10675779,-0.09162698,-0.13691942,-0.15476863,-0.23188588,-0.1932922,-0.14622521,-0.2026537,-0.18410584,-0.18279888,-0.19608928,-0.19612134,-0.19976513,-0.15755719,-0.12539548,-0.14348958,-0.09205207,-0.09501839,-0.17123201,-0.14245814,-0.13743341,-0.14679506,-0.12719077,-0.15124422,-0.2613474,-0.22333384,-0.18867356,-0.20047067,-0.14553085,-0.14913225,-0.1301762,-0.14229447,-0.15052314,-0.1639939,-0.146638,-0.16278498,-0.15915956,-0.14998752,-0.14730807,-0.1567342,-0.15314232,-0.22480208,-0.120334074,-0.14144468,-0.11791679,-0.16100074,-0.17388535,-0.15538767,-0.16823798,-0.11139822,-0.1388583,-0.13027036,-0.12861906,-0.15152657,-0.14307743,-0.11532505,-0.10065024,-0.09001279,-0.10502392,-0.120016485,-0.13473263,-0.15027548,-0.16046262,-0.1185138,-0.11129953,-0.1578567,-0.17738779,-0.1329869,-0.16332948,-0.25953975,-0.14854634,-0.1323965,-0.1411447,-0.15095688,-0.17780018,-0.16311692,-0.22917573,-0.09015879,-0.11027697,-0.13466403,-0.12922074,-0.13997786,-0.17363955,-0.13908121,-0.16057305,-0.12777606,-0.07092635,-0.03704006,-0.13697943,-0.16215077,-0.17889042,-0.14332479,-0.12334781,-0.1359442,-0.12023825,-0.1380907,-0.25318068,-0.26654312,-0.08313611,-0.10945694,-0.14445582,-0.09238048,-0.1878107,-0.18989629,-0.15269384,-0.08985212,-0.13230102,-0.1495212,-0.15007547,-0.1586003,-0.17021348,-0.183561,-0.08727356,-0.12330681,-0.14106351,-0.10256614,-0.17951453,-0.19495486,-0.1904127,-0.09975744,-0.13113372,-0.0783184,-0.12743929,-0.19006202,-0.19268154,-0.19123685,-0.12353494,-0.07480165,-0.09653719,-0.11794351,-0.13644421,-0.12406494,-0.121451,-0.09390211,-0.09610726,-0.10823943,-0.082459606,-0.112447664,-0.13230538,-0.16714486,-0.1410757,-0.13615115,-0.18093297,-0.17825818,-0.19318938,-0.14431107,-0.15549555,-0.13508943,-0.119081676,-0.14001076,-0.19117098,-0.19023141,-0.18100747,-0.19755594,-0.25103784,-0.20219928,-0.19023561,-0.19072372,-0.18217611,-0.17347375,-0.27554205,-0.08916744,-0.11956477,-0.12813419,-0.15751183,-0.20931396,-0.18224281,-0.29657933,-0.32474133,-0.15351577,-0.3242122,-0.17325558,-0.17108874,-0.2185038,-0.17647925,-0.114121355,-0.13975158,-0.15388772,-0.15788373,-0.22984435,-0.18186735,-0.2505042,-0.103954226,-0.12455491,-0.13859499,-0.123975836,-0.15189947,-0.15505701,-0.15619999,-0.14014931,-0.15141064,-0.16308182,-0.1551167,-0.15342644,-0.15290199,-0.13344577,-0.122905724,-0.14632955,-0.19023895,-0.17680237,-0.21025829,-0.3990198,-0.20011699,-0.11319537,-0.1296617,-0.11799659,-0.1479336,-0.16636807,-0.18683052,-0.19130002,-0.13175121,-0.07596874,-0.15291598,-0.139687,-0.14106366,-0.11841576,-0.19987361,-0.1649412,-0.1587466,-0.14113688,-0.123390116,-0.12722544,-0.14610182,-0.2588673,-0.10692197,-0.13074079,-0.09132757,-0.12832497,-0.12910923,-0.14999019,-0.15182903,-0.095904775,-0.08910369,-0.12413453,-0.11022523,-0.13765028,-0.1508463,-0.16999722,-0.14283995,-0.11649743,-0.174005,-0.15191956,-0.14227119,-0.124934584,-0.14209087,-0.17466888,-0.13176009,-0.13198823,-0.14568305,-0.12243837,-0.08722703,-0.05825615,-0.14348912,-0.17082691,-0.026243303,-0.16640334,-0.2829064,-0.31316653,-0.19676569,-0.14547487,-0.14331596,-0.14862512,-0.12963767,-0.25088155,-0.19268422,-0.18819512,-0.09438557,-0.10892029,-0.10702289,-0.09298453,-0.12759323,-0.15311638,-0.15746465,-0.16662782,-0.12812386,-0.0969081,-0.16398169,-0.14373899,-0.11335766,-0.18846886,-0.1706479,-0.15363386,-0.12541118,-0.115196005,-0.11236752,-0.11662802,-0.1761102,-0.13818231,-0.13400568,-0.096878245,-0.12055156,-0.09139638,-0.12434345,-0.13626672,-0.063823454,-0.13877153,-0.11419349,-0.13360518,-0.24483351,-0.2571875,-0.29957527,-0.14586231,-0.15650472,-0.1316818,-0.19104545,-0.0782174,-0.17183304,-0.16421276,-0.09859173,-0.11065883,-0.115061544,-0.076612435,-0.083404,-0.1213824,-0.13072303,-0.13855581,-0.19385117,-0.098184764,-0.15549718,-0.19487974,-0.19075692,-0.18637085,-0.11098227,-0.1430693,-0.10263361,-0.15913282,-0.19317767,-0.17260133,-0.16900572,-0.14261821,-0.14208022,-0.10125348,-0.15322539,-0.16133717,-0.1808069,-0.19428122,-0.120955884,-0.1472941,-0.11393216,-0.07980125,-0.14236683,-0.20725825,-0.16067284,-0.125103,-0.15657571,-0.15690626,-0.14341742,-0.19202894,-0.16249111,-0.18198147,-0.2963242,-0.19569506,-0.18065046,-0.17151983,-0.19229306,-0.15720072,-0.14054683,-0.13007638,-0.12557748,-0.13828087,-0.1627926,-0.30584824,-0.16680744,-0.18088174,-0.1921984,-0.11441202,-0.15072751,-0.14036149,-0.17786485,-0.16654223,-0.16435781,-0.14331086,-0.18237996,-0.12792443,-0.15339439,-0.13652427,-0.24156228,-0.1794299,-0.10272726,-0.13518909,-0.14157157,-0.17428541,-0.11004415,-0.1344707,-0.15230975,-0.15962842,-0.18156534,-0.15379259,-0.14867117,-0.19184028,-0.17514451,-0.16414881,-0.14723541,-0.14623587,-0.11499533,-0.10471026,-0.13479581,-0.20148799,-0.17695123,-0.12513243,-0.16619205,-0.18041904,-0.18738703,-0.11705899,-0.17624551,-0.25637758,-0.09201804,-0.091871254,-0.11443415,-0.13564023,-0.14764374,-0.09801824,-0.18886095
k__Bacteria|p__Firmicutes|c__CFGB76096|o__OFGB76096|f__FGB76096|g__GGB3390|s__GGB3390_SGB4478,-0.1004395,-0.12316422,-0.14132702,-0.20428483,-0.16701171,-0.19298694,-0.1666669,-0.14482427,-0.12493071,-0.18307534,-0.1832242,-0.22237033,-0.16964117,-0.20371807,-0.10302962,-0.098983735,-0.058144663,-0.099283315,-0.10763979,-0.17032799,-0.1978925,-0.12536043,-0.13603647,-0.15197115,-0.17115028,-0.11658599,-0.16722307,-0.17351188,-0.1509206,-0.12124001,-0.13493794,-0.105611876,-0.14799683,-0.19524112,-0.18859792,-0.2175087,-0.16093585,-0.22338755,-0.196954,-0.29867563,-0.29210672,-0.19733931,-0.107049,-0.09162698,-0.13691942,-0.15474842,-0.23188588,-0.1934828,-0.14641154,-0.2026537,-0.18429492,-0.18279888,-0.19667849,-0.19732924,-0.20150788,-0.15738955,-0.12543784,-0.14346352,-0.09194882,-0.09541397,-0.17089933,-0.14196806,-0.13743341,-0.14667639,-0.12719077,-0.15107638,-0.2613474,-0.22333384,-0.1886729,-0.20047067,-0.14532909,-0.14902765,-0.13037351,-0.14230537,-0.15011708,-0.16363591,-0.14636245,-0.16278498,-0.15943378,-0.14998752,-0.14698449,-0.15680979,-0.15282583,-0.22480208,-0.120334074,-0.14122526,-0.11804032,-0.16053718,-0.173679,-0.15538512,-0.16774839,-0.11139822,-0.1388583,0.76268786,-0.12838894,-0.15152657,-0.14246814,-0.11533762,-0.10065024,-0.09032461,-0.10519214,-0.12018624,-0.13469428,-0.15027548,-0.1600568,-0.1185138,-0.11129953,-0.1578567,-0.17738779,-0.13310713,-0.16355652,-0.25953975,-0.14848986,-0.13243586,-0.14123595,-0.15095688,-0.17780018,-0.16355096,-0.22917573,-0.09015879,-0.11001228,-0.13443515,-0.12934548,-0.13997786,-0.17347023,-0.13908121,-0.16057305,-0.12777606,-0.07092635,-0.03704006,-0.13692483,-0.16168883,-0.17851914,-0.14332479,-0.12334781,-0.1357004,-0.12023825,-0.13785431,-0.25318068,-0.26654312,-0.08336848,-0.10945694,-0.14403379,-0.09238048,-0.18735129,-0.18986645,-0.1527927,-0.0901365,-0.13230102,-0.14927608,-0.15000471,-0.15856412,-0.17019509,-0.18315151,-0.08773874,-0.12340772,-0.1408458,-0.10256614,-0.17951453,-0.19495486,-0.19062626,-0.099922575,-0.13113372,-0.07901232,-0.12752073,-0.19006202,-0.19294399,-0.19126669,-0.12311601,-0.07543613,-0.09692988,-0.11824694,-0.13622019,-0.12406494,-0.121451,-0.09430507,-0.096561834,-0.108279526,-0.082459606,-0.11260794,-0.13202749,-0.16670719,-0.1410757,-0.1361915,-0.18093297,-0.17825818,-0.19373274,-0.14438248,-0.15549555,-0.13505587,-0.119081676,-0.14001076,-0.19117098,-0.19083261,-0.18102145,-0.19755594,-0.25103784,-0.20219928,-0.19001304,-0.19083291,-0.18218474,-0.17357707,-0.27554205,-0.08916744,-0.11956477,-0.12781504,-0.15751183,-0.20931396,-0.18224281,-0.29657933,-0.32474133,-0.15254481,-0.3242122,-0.17325558,-0.17108874,-0.2185038,-0.17647925,-0.114121355,-0.13978031,-0.15388772,-0.15788373,-0.22984435,-0.18186735,-0.25515282,-0.10418192,-0.12455491,-0.13825881,-0.12389662,-0.15189947,-0.1546191,-0.15588693,-0.14014931,-0.15141064,-0.16261658,-0.15506998,-0.15314756,-0.15283795,-0.13369994,-0.1228687,-0.14614703,-0.18963483,-0.17667967,-0.21025829,-0.3990198,-0.20083457,-0.11327878,-0.1296617,-0.11813253,-0.14761621,-0.16636807,-0.18617311,-0.19130968,-0.13145198,-0.07656607,-0.15259288,-0.13956949,-0.14106366,-0.117574714,-0.19987361,-0.1649412,-0.15863883,-0.14112198,-0.12341748,-0.12722544,-0.14610182,-0.2588673,-0.10706672,-0.13074079,-0.09132757,-0.12832497,-0.12879536,-0.14959705,-0.15146638,-0.096109696,-0.08910369,-0.123963654,-0.11037111,-0.137532,-0.15053287,-0.16985717,-0.14266975,-0.1162978,-0.17347085,-0.15163484,-0.14200804,-0.12521398,-0.14168939,-0.17466888,-0.13176009,-0.13190319,-0.14549811,-0.122688085,-0.08722703,-0.05825615,-0.14317095,-0.17082691,-0.026243303,-0.16654104,-0.2829064,-0.31316653,-0.19691417,-0.14536056,-0.14331596,-0.14862512,-0.12963767,-0.25088155,-0.19349025,-0.18810362,-0.094460264,-0.10906339,-0.10702289,-0.09316009,-0.12759323,-0.15260324,-0.15746465,-0.16676328,-0.12812386,-0.0969081,-0.16398169,-0.14319247,-0.11335766,-0.18846886,-0.1706479,-0.153713,-0.12547192,-0.115196005,-0.11253491,-0.11662802,-0.17562763,-0.13813445,-0.13410707,-0.096878245,-0.12080957,-0.09151475,-0.12434345,-0.1356743,-0.063823454,-0.13877153,-0.11419349,-0.13343844,-0.24483351,-0.2571875,-0.29957527,-0.14587077,-0.15637372,-0.13178688,-0.19104545,-0.0782174,-0.17186858,-0.16394997,-0.09859173,-0.11065883,-0.11449487,-0.076612435,-0.083404,-0.1213824,-0.13072303,-0.13855581,-0.19385117,-0.09872775,-0.15534422,-0.19487974,-0.19077507,-0.18641016,-0.11106334,-0.14283217,-0.10278237,-0.15875995,-0.19357917,-0.17194006,-0.16888735,-0.14254066,-0.14220725,-0.101625636,-0.15284437,-0.1612921,-0.18065134,-0.19463749,-0.120963186,-0.14701796,-0.11377837,-0.07988768,-0.1423094,-0.20725825,-0.16066273,-0.125103,-0.15657571,-0.15690626,-0.14342369,-0.19202894,-0.16231275,-0.18152525,-0.2963242,-0.1978075,-0.1806734,-0.17155254,-0.19252339,-0.15724647,-0.14054683,-0.1300617,-0.12557748,-0.13806853,-0.16296986,-0.30584824,-0.16640311,-0.18080983,-0.1924642,-0.11441202,-0.15017386,-0.14039391,-0.17755438,-0.16651729,-0.16422746,-0.14331086,-0.18237996,-0.12822492,-0.1529387,-0.13680026,-0.24156228,-0.17955816,-0.102996916,-0.13507807,-0.14149098,-0.1740391,-0.110208444,-0.13429092,-0.15183055,-0.15960898,-0.18163225,-0.15354115,-0.14871159,-0.19184028,-0.17510514,-0.1637664,-0.14723541,-0.14623587,-0.11499533,-0.10471026,-0.13453835,-0.20148799,-0.17675692,-0.12513243,-0.1657677,-0.18041904,-0.18738703,-0.11705899,-0.17569757,-0.25895852,-0.09240451,-0.092101514,-0.11457217,-0.13562295,-0.14759566,-0.098330006,-0.18847573
k__Bacteria|p__Firmicutes|c__Clostridia|o__Eubacteriales|f__Clostridiaceae|g__Clostridium|s__Clostridium_sartagoforme,-0.1004395,-0.12316422,-0.14167574,-0.20428483,-0.16724434,-0.19415945,-0.1666669,-0.14517885,-0.12492846,-0.18377943,-0.18297248,-0.22749501,-0.16907269,-0.20541921,-0.10334841,-0.09940611,-0.058144663,-0.0996611,-0.1077027,-0.171275,-0.1978925,-0.12536043,-0.13645485,-0.15271786,-0.17199226,-0.11658599,-0.16764528,-0.1744784,-0.1509206,-0.12124001,-0.13518679,-0.10573423,-0.14841257,-0.19627021,-0.1897578,-0.2175087,-0.16117477,-0.22338755,-0.19772026,-0.29867563,-0.29210672,-0.19898361,-0.107398115,-0.09162698,-0.13691942,-0.15507425,-0.23188588,-0.1942155,-0.14689887,-0.2026537,-0.18391226,-0.18279888,-0.19779323,-0.19900554,-0.20438784,-0.15771614,-0.12594548,-0.14408955,-0.092337936,-0.095708005,-0.17163837,-0.14277643,-0.13743341,-0.14715962,-0.12719077,-0.15132067,-0.2613474,-0.22333384,-0.1893393,-0.20047067,-0.1460708,-0.14951882,-0.130977,-0.14291891,-0.1512368,-0.16456397,-0.1471704,-0.16278498,-0.15952057,-0.14998752,-0.1473756,-0.15721877,-0.15355882,-0.22480208,-0.120334074,-0.14161706,-0.1183493,-0.16137359,-0.17445345,-0.15585257,-0.16852863,-0.11139822,-0.1388583,-0.13027036,-0.12880218,-0.15152657,-0.14263381,-0.11559656,-0.10065024,-0.09032909,-0.10552503,-0.12072274,-0.13518107,-0.15027548,-0.16071422,-0.1185138,-0.11129953,-0.1578567,-0.17738779,-0.13409135,-0.1642259,-0.25953975,-0.1488145,-0.13262674,-0.14172885,-0.15095688,-0.17780018,-0.16385096,-0.22917573,-0.09015879,-0.10989085,-0.13482395,-0.12981677,-0.13997786,-0.17391858,-0.13908121,-0.16057305,-0.12777606,-0.07092635,-0.03704006,-0.13702902,-0.1624694,-0.1792596,-0.14332479,-0.12334781,-0.1357315,-0.12023825,-0.13843682,-0.25318068,-0.26654312,-0.08355844,-0.10945694,-0.14484884,-0.09238048,-0.1879144,-0.19065528,-0.15300688,-0.090332985,-0.13230102,-0.14960799,-0.1504786,-0.15927762,-0.17096078,-0.18452212,-0.0879361,-0.12400732,-0.14136583,-0.10256614,-0.17951453,-0.19495486,-0.19193634,-0.1001921,-0.13113372,-0.07975954,-0.12785897,-0.19006202,-0.19399463,-0.19216684,-0.123670794,-0.07550888,-0.09727773,-0.118507914,-0.13657233,-0.12406494,-0.121451,-0.094630376,-0.09656431,-0.1085634,-0.082459606,-0.11284233,-0.132361,-0.16747423,-0.1410757,-0.1363348,-0.18093297,-0.17825818,-0.19471744,-0.14497885,-0.15549555,-0.13575429,-0.119081676,-0.14001076,-0.19117098,-0.19168006,-0.18185112,-0.19755594,-0.25103784,-0.20219928,-0.19040419,-0.1914131,-0.1827808,-0.17405915,-0.27554205,-0.08916744,-0.11956477,-0.1276497,-0.15751183,-0.20931396,-0.18224281,-0.29657933,-0.32474133,-0.1514095,-0.3242122,-0.17325558,-0.17108874,-0.2185038,-0.17647925,-0.114121355,-0.13988182,-0.15388772,-0.15788373,-0.22984435,-0.18186735,-0.25741684,-0.10446468,-0.12455491,-0.1385506,-0.12429437,-0.15189947,-0.15542695,-0.15668136,-0.14014931,-0.15141064,-0.16356498,-0.15547813,-0.15382446,-0.15327197,-0.13404378,-0.123067595,-0.14628008,-0.19062309,-0.17728037,-0.21025829,-0.3990198,-0.20258531,-0.1134544,-0.1296617,-0.118623555,-0.1480155,-0.16636807,-0.18709679,-0.19214651,-0.13159356,-0.07682282,-0.15346679,-0.1398964,-0.14106366,-0.11798234,-0.19987361,-0.1649412,-0.15867126,-0.14170237,-0.12361159,-0.12722544,-0.14610182,-0.2588673,-0.10728802,-0.13074079,-0.09132757,-0.12832497,-0.12930067,-0.14986697,-0.15221043,-0.09639032,-0.08910369,-0.12443435,-0.11054947,-0.13792856,-0.15094963,-0.17086251,-0.14315458,-0.11628271,-0.17411628,-0.1520256,-0.14249563,-0.12551051,-0.14220974,-0.17466888,-0.13176009,-0.13245618,-0.14590916,-0.1232159,-0.08722703,-0.05825615,-0.14358371,-0.17082691,-0.026243303,-0.16680707,-0.2829064,-0.31316653,-0.1987845,-0.14586706,-0.14331596,-0.14862512,-0.12963767,-0.25088155,-0.19462383,-0.18922105,-0.094646156,-0.10943231,-0.10702289,-0.0940752,-0.12759323,-0.1529479,-0.15746465,-0.16735101,-0.12812386,-0.0969081,-0.16398169,-0.14400068,-0.11335766,-0.18846886,-0.1706479,-0.15414454,-0.12609501,-0.115196005,-0.113052666,-0.11662802,-0.17637596,-0.13874163,-0.13467768,-0.096878245,-0.121224076,-0.091731384,-0.12434345,-0.13588378,-0.063823454,-0.13877153,-0.11419349,-0.13383535,-0.24483351,-0.2571875,-0.29957527,-0.14641291,-0.15698744,-0.13251458,-0.19104545,-0.0782174,-0.17288427,-0.164563,-0.09859173,-0.11065883,-0.11463328,-0.076612435,-0.083404,-0.1213824,-0.13072303,-0.13855581,-0.19385117,-0.09944619,-0.15594526,-0.19487974,-0.19155455,-0.18746498,-0.11133924,-0.14308606,-0.10321182,-0.15973419,-0.19457209,-0.17330998,-0.16936111,-0.14297897,-0.14274192,-0.10164851,-0.15336922,-0.16169947,-0.18115103,-0.19554959,-0.1213751,-0.14752647,-0.11371349,-0.07996108,-0.14333329,-0.20725825,-0.16125879,-0.125103,-0.15657571,-0.15690626,-0.14367807,-0.19202894,-0.16294494,-0.18256742,-0.2963242,-0.19829734,-0.18121792,-0.17154637,-0.19327272,-0.15758663,-0.14054683,-0.13050954,-0.12557748,-0.13848811,-0.16353121,-0.30584824,-0.16715388,-0.1816667,-0.19305749,-0.11441202,-0.15070865,-0.14059877,-0.17831817,-0.16735372,-0.16486642,-0.14331086,-0.18237996,-0.12842563,-0.15333079,-0.13770595,-0.24156228,-0.17971757,-0.10331325,-0.13521288,-0.14229012,-0.17491859,-0.11032349,-0.1346901,-0.15269999,-0.1602037,-0.1821027,-0.15468039,-0.14956936,-0.19184028,-0.17584418,-0.1646303,-0.14723541,-0.14623587,-0.11499533,-0.10471026,-0.13508135,-0.20148799,-0.17762747,-0.12513243,-0.16544972,-0.18041904,-0.18738703,-0.11705899,-0.17722178,-0.26021564,-0.09264979,-0.092258215,-0.11478633,-0.13615385,-0.14822647,-0.09844394,-0.18959859
k__Bacteria|p__Firmicutes|c__CFGB75783|o__OFGB75783|f__FGB75783|g__GGB3579|s__GGB3579_SGB47659,-0.1004395,-0.12316422,-0.14151022,-0.20428483,-0.16755038,-0.19337387,-0.1666669,-0.1452979,-0.12469116,-0.1836735,-0.18298198,-0.22871485,-0.16780947,-0.20577429,-0.10304066,-0.09938056,-0.058144663,-0.09980637,-0.10764319,-0.17110059,-0.1978925,-0.12536043,-0.1363969,-0.15270692,-0.17166957,-0.11658599,-0.167438,-0.17454371,-0.1509206,-0.12124001,-0.13534062,-0.10547551,-0.14855728,-0.19582176,-0.18948628,-0.2175087,-0.16167547,-0.22338755,-0.19786876,-0.29867563,-0.29210672,-0.19829604,-0.107177705,-0.09162698,-0.13691942,-0.15525442,-0.23188588,-0.19366941,-0.14656644,-0.2026537,-0.18411875,-0.18279888,-0.19771145,-0.19886535,-0.20440336,-0.1572737,-0.12588897,-0.1439659,-0.09219207,-0.09553568,-0.17147255,-0.14257789,-0.13743341,-0.14716789,-0.12719077,-0.15088494,-0.2613474,3.4015603,-0.18920755,-0.20047067,-0.14594921,-0.14940262,-0.13089827,-0.14281914,-0.15099376,-0.16461155,-0.1470944,-0.16278498,-0.15943746,-0.14998752,-0.14749013,-0.15715471,-0.15334377,-0.22480208,-0.120334074,-0.14160219,-0.118405506,-0.16117154,-0.17456073,-0.1557846,-0.168559,-0.11139822,-0.1388583,-0.13027036,-0.12855656,-0.15152657,-0.14248008,-0.11548914,-0.10065024,-0.09029538,-0.105318934,-0.12054145,-0.1351183,-0.15027548,-0.16077444,-0.1185138,-0.11129953,-0.1578567,-0.17738779,-0.13350905,-0.16436401,-0.25953975,-0.14885467,-0.13266852,-0.1416294,-0.15095688,-0.17780018,-0.16351297,-0.22917573,-0.09015879,-0.110131666,-0.13493878,-0.12970331,-0.13997786,-0.17386755,-0.13908121,-0.16057305,-0.12777606,-0.07092635,-0.03704006,-0.13701893,-0.16234213,-0.17929175,-0.14332479,-0.12334781,-0.13549744,-0.12023825,-0.13846645,-0.25318068,-0.26654312,-0.083244875,-0.10945694,-0.1446304,-0.09238048,-0.18764193,-0.19062953,-0.1528213,-0.09008238,-0.13230102,-0.14972183,-0.15047166,-0.15919127,-0.17078304,-0.18408823,-0.08764024,-0.123877436,-0.14189988,-0.10256614,-0.17951453,-0.19495486,-0.19142552,-0.09993883,-0.13113372,-0.07939124,-0.12777269,-0.19006202,-0.19361493,-0.19187066,-0.123851135,-0.07494435,-0.09678848,-0.11841218,-0.13659805,-0.12406494,-0.121451,-0.09439829,-0.09632297,-0.108310536,-0.082459606,-0.11241344,-0.13211827,-0.16746776,-0.1410757,-0.13645867,-0.18093297,-0.17825818,-0.19416969,-0.14478374,-0.15549555,-0.13572606,-0.119081676,-0.14001076,-0.19117098,-0.19135079,-0.18167761,-0.19755594,-0.25103784,-0.20219928,-0.18992087,-0.19127221,-0.18249318,-0.17390786,-0.27554205,-0.08916744,-0.11956477,-0.12774391,-0.15751183,-0.20931396,-0.18224281,-0.29657933,-0.32474133,-0.15121451,-0.3242122,-0.17325558,-0.17108874,-0.2185038,-0.17647925,-0.114121355,-0.13987947,-0.15388772,-0.15788373,-0.22984435,-0.18186735,-0.2564297,-0.10431702,-0.12455491,-0.13850814,-0.124162555,-0.15189947,-0.15520559,-0.15662172,-0.14014931,-0.15141064,-0.16358265,-0.15559676,-0.15377599,-0.15336946,-0.13387054,-0.123116985,-0.14637823,-0.19066736,-0.17750068,-0.21025829,-0.3990198,-0.20012589,-0.11327298,-0.1296617,-0.11831206,-0.14806786,-0.16636807,-0.18677883,-0.1919117,-0.13187519,-0.07602741,-0.15329939,-0.13988116,-0.14106366,-0.11877512,-0.19987361,-0.1649412,-0.15884474,-0.14162433,-0.12350145,-0.12722544,-0.14610182,-0.2588673,-0.10727649,-0.13074079,-0.09132757,-0.12832497,-0.12929326,-0.14999661,-0.15211989,-0.09619389,-0.08910369,-0.12430492,-0.11048201,-0.13787404,-0.15093908,-0.17071381,-0.14311825,-0.11625087,-0.17410374,-0.15195824,-0.14250359,-0.12525544,-0.14217281,-0.17466888,-0.13176009,-0.13219193,-0.14582086,-0.12294802,-0.08722703,-0.05825615,-0.1436452,-0.17082691,-0.026243303,-0.16686508,-0.2829064,-0.31316653,-0.19718403,-0.14591631,-0.14331596,-0.14862512,-0.12963767,-0.25088155,-0.19389893,-0.1888383,-0.09454068,-0.10915463,-0.10702289,-0.09358307,-0.12759323,-0.15302601,-0.15746465,-0.16733892,-0.12812386,-0.0969081,-0.16398169,-0.1440902,-0.11335766,-0.18846886,-0.1706479,-0.15420899,-0.1257193,-0.115196005,-0.11293784,-0.11662802,-0.17605822,-0.13873915,-0.134469,-0.096878245,-0.1208719,-0.09155953,-0.12434345,-0.13602367,-0.063823454,-0.13877153,-0.11419349,-0.1339854,-0.24483351,-0.2571875,-0.29957527,-0.14641473,-0.15683354,-0.13220178,-0.19104545,-0.0782174,-0.17206573,-0.16472268,-0.09859173,-0.11065883,-0.11477569,-0.076612435,-0.083404,-0.1213824,-0.13072303,-0.13855581,-0.19385117,-0.09891946,-0.15590253,-0.19487974,-0.19130501,-0.18715462,-0.11127532,-0.14293307,-0.10264616,-0.15962566,-0.19427048,-0.17324743,-0.16951655,-0.14300962,-0.14260665,-0.10165513,-0.15337045,-0.16169265,-0.18100968,-0.19527932,-0.12119012,-0.14737107,-0.113560006,-0.07945184,-0.14357126,-0.20725825,-0.16120349,-0.125103,-0.15657571,-0.15690626,-0.14353102,-0.19202894,-0.16294369,-0.18235949,-0.2963242,-0.1972613,-0.18081063,-0.17163937,-0.19296199,-0.15750489,-0.14054683,-0.13048263,-0.12557748,-0.13840127,-0.16400796,-0.30584824,-0.16678336,-0.18138742,-0.19290784,-0.11441202,-0.15076733,-0.14060867,-0.17828071,-0.16709621,-0.16475885,-0.14331086,-0.18237996,-0.1282954,-0.15343545,-0.13793327,-0.24156228,-0.179376,-0.103194654,-0.13517393,-0.14199391,-0.174879,-0.11017428,-0.13447586,-0.15263411,-0.16026421,-0.18185243,-0.15422258,-0.14942537,-0.19184028,-0.17569861,-0.16439597,-0.14723541,-0.14623587,-0.11499533,-0.10471026,-0.13508,-0.20148799,-0.17756972,-0.12513243,-0.16572955,-0.18041904,-0.18738703,-0.11705899,-0.17639983,-0.25921664,-0.09234519,-0.09197529,-0.11466602,-0.13599625,-0.1481376,-0.09824613,-0.1893406
k__Bacteria|p__Firmicutes|c__Clostridia|o__Eubacteriales|f__Lachnospiraceae|g__Blautia|s__Blautia_pseudococcoides,-0.1004395,-0.12316422,-0.14121231,-0.20428483,-0.16652822,-0.19311137,-0.1666669,-0.14458552,-0.12469874,-0.18295091,-0.18323901,-0.22055319,-0.1692904,-0.20405039,-0.10291615,-0.0987996,-0.058144663,-0.099205226,-0.10724454,-0.17031235,-0.1978925,-0.12536043,-0.13588646,-0.15172686,-0.17091818,-0.11658599,-0.16726631,-0.17344889,-0.1509206,-0.12124001,-0.13472655,-0.105411574,-0.1477788,-0.19519442,-0.18858865,-0.2175087,-0.16026103,-0.22338755,-0.19621034,-0.29867563,-0.29210672,-0.1973705,-0.10701298,-0.09162698,-0.13691942,-0.15463492,-0.23188588,-0.19356203,-0.14621107,-0.2026537,-0.18380612,-0.18279888,-0.19600362,-0.19669515,-0.20061857,-0.15738761,-0.12525675,-0.14337572,-0.09179391,-0.095111094,-0.17083508,-0.14192103,-0.13743341,-0.1465107,-0.12719077,-0.15103315,-0.2613474,-0.22333384,-0.18839578,-0.20047067,-0.14522181,-0.1488153,-0.13008574,-0.14209974,-0.15009885,-0.16342053,-0.14612433,-0.16278498,-0.15920739,-0.14998752,-0.14660722,-0.15661953,-0.15276602,-0.22480208,-0.120334074,-0.14105293,-0.11782239,-0.16058649,-0.17343277,-0.15510851,-0.1675747,-0.11139822,-0.1388583,-0.13027036,-0.12821561,-0.15152657,-0.14239863,-0.11506841,-0.10065024,-0.09012413,-0.10516551,-0.1201112,-0.13460061,-0.15027548,-0.15991503,-0.1185138,-0.11129953,-0.1578567,-0.17738779,-0.13284397,-0.16273949,-0.25953975,-0.14829129,-0.13221405,-0.14095455,-0.15095688,-0.17780018,-0.1634492,-0.22917573,-0.09015879,-0.10971586,-0.1342505,-0.1291059,-0.13997786,-0.17338094,-0.13908121,-0.16057305,-0.12777606,-0.07092635,-0.03704006,-0.13684714,-0.16169254,-0.17831248,-0.14332479,-0.12334781,-0.13561812,-0.12023825,-0.13753161,-0.25318068,-0.26654312,-0.08328497,-0.10945694,-0.14392866,-0.09238048,-0.18749523,-0.18973452,-0.15271112,-0.090052545,-0.13230102,-0.14910085,-0.14986487,-0.15842701,-0.17005283,-0.1831128,-0.08765952,-0.123309165,-0.14059389,-0.10256614,-0.17951453,-0.19495486,-0.19051978,-0.099664256,-0.13113372,-0.0786702,-0.12719758,-0.19006202,-0.19285096,-0.19111185,-0.12299952,-0.07536322,-0.09683713,-0.11798993,-0.13610786,-0.12406494,-0.121451,-0.09415299,-0.096437864,-0.10823487,-0.082459606,-0.11257461,-0.1320865,-0.1666967,-0.1410757,-0.13591222,-0.18093297,-0.17825818,-0.19365984,-0.14423153,-0.15549555,-0.1348173,-0.119081676,-0.14001076,-0.19117098,-0.19077447,-0.18084861,-0.19755594,-0.25103784,-0.20219928,-0.19000635,-0.19058347,-0.18208665,-0.17340434,-0.27554205,-0.08916744,-0.11956477,-0.12761359,-0.15751183,-0.20931396,-0.18224281,-0.29657933,-0.32474133,-0.15305665,-0.3242122,-0.17325558,-0.17108874,-0.2185038,-0.17647925,-0.114121355,-0.1395663,-0.15388772,-0.15788373,-0.22984435,-0.18186735,-0.25443602,-0.10398646,-0.12455491,-0.13813326,-0.12369887,-0.15189947,-0.15476972,-0.15574223,-0.14014931,-0.15141064,-0.16246429,-0.15478125,-0.1530135,-0.15251717,-0.13351685,-0.12248829,-0.14584991,-0.18947397,-0.17668417,-0.21025829,-0.3990198,-0.2023448,-0.11316301,-0.1296617,-0.118085116,-0.14729477,-0.16636807,-0.18622309,-0.19113532,-0.13115594,-0.07653779,-0.15240589,-0.13934672,-0.14106366,-0.11750366,-0.19987361,-0.1649412,-0.15840136,-0.14093941,-0.12313342,-0.12722544,-0.14610182,-0.2588673,-0.106861606,-0.13074079,-0.09132757,-0.12832497,-0.12861797,-0.14942417,-0.15140395,-0.09599792,-0.08910369,-0.123836845,-0.11016578,-0.13741201,-0.1503856,-0.16973597,-0.14243121,-0.11604555,-0.17345838,-0.1515171,-0.14185053,-0.12507227,-0.14157027,-0.17466888,-0.13176009,-0.1317471,-0.14533323,-0.12256949,-0.08722703,-0.05825615,-0.14306498,-0.17082691,-0.026243303,-0.1664079,-0.2829064,-0.31316653,-0.19789907,-0.14517882,-0.14331596,-0.14862512,-0.12963767,-0.25088155,-0.19342288,-0.18794955,-0.09425475,-0.10893136,-0.10702289,-0.09305899,-0.12759323,-0.15255365,-0.15746465,-0.16662325,-0.12812386,-0.0969081,-0.16398169,-0.14312066,-0.11335766,-0.18846886,-0.1706479,-0.1533973,-0.12534553,-0.115196005,-0.11224078,-0.11662802,-0.17579018,-0.13797213,-0.13399892,-0.096878245,-0.12074315,-0.09140958,-0.12434345,-0.13552576,-0.063823454,-0.13877153,-0.11419349,-0.13315803,-0.24483351,-0.2571875,-0.29957527,-0.14566195,-0.15624285,-0.13157031,-0.19104545,-0.0782174,-0.17194042,-0.16356464,-0.09859173,-0.11065883,-0.114344634,-0.076612435,-0.083404,-0.1213824,-0.13072303,-0.13855581,-0.19385117,-0.09860365,-0.15492675,-0.19487974,-0.1906287,-0.18624331,-0.110856965,-0.14281914,-0.1027944,-0.15852484,-0.19347027,-0.17196196,-0.16849798,-0.14239332,-0.14208663,-0.101299286,-0.15267822,-0.16117111,-0.1805192,-0.19459888,-0.12083374,-0.14697063,-0.11358899,-0.079762384,-0.14185522,-0.20725825,-0.16047323,-0.125103,-0.15657571,-0.15690626,-0.14335877,-0.19202894,-0.16206974,-0.18138868,-0.2963242,-0.19776037,-0.18034254,-0.17144588,-0.19251814,-0.15699387,-0.14054683,-0.12986432,-0.12557748,-0.1379436,-0.16210192,-0.30584824,-0.16639547,-0.18042402,-0.19236463,-0.11441202,-0.14994746,-0.14024416,-0.17747405,-0.1663154,-0.16408718,-0.14331086,-0.18237996,-0.12782477,-0.15260217,-0.13608457,0.63339335,-0.17957118,-0.10278688,-0.1349394,-0.14142331,-0.17384912,-0.11000916,-0.13412705,-0.15172207,-0.15950742,-0.18162584,-0.15346636,-0.14847407,-0.19184028,-0.17496064,-0.1636662,-0.14723541,-0.14623587,-0.11499533,-0.10471026,-0.1343693,-0.20148799,-0.17659095,-0.12513243,-0.16589245,-0.18041904,-0.18738703,-0.11705899,-0.1756671,-0.25878224,-0.09232393,-0.09197468,-0.11437428,-0.13549341,-0.14740235,-0.09808177,-0.18851088
k__Bacteria|p__Firmicutes|c__Negativicutes|o__Acidaminococcales|f__Acidaminococcaceae|g__Phascolarctobacterium|s__Phascolarctobacterium_succinatutens,-0.1004395,-0.12316422,-0.14130166,-0.20428483,-0.16743657,-0.19355178,-0.1666669,-0.14490083,-0.124674395,-0.18304612,-0.18302009,-0.22437838,-0.1695199,-0.20436783,-0.10297619,-0.0990487,-0.058144663,-0.09945236,-0.10766432,-0.1709982,-0.1978925,-0.12536043,-0.13630837,-0.15255854,-0.17156456,-0.11658599,-0.16751638,-0.17422034,-0.1509206,-0.12124001,-0.13516834,-0.10532338,-0.14837527,-0.195195,-0.18930537,-0.2175087,-0.16143025,-0.22338755,-0.19738206,-0.29867563,-0.29210672,-0.19826469,-0.10701912,-0.09162698,-0.13691942,-0.1549918,-0.23188588,-0.19387808,-0.14658546,-0.2026537,-0.18376179,-0.18279888,-0.19683002,-0.19839257,-0.2027263,-0.1574125,-0.12567006,-0.14377889,-0.09214108,-0.095352285,-0.17127588,-0.14249952,-0.13743341,-0.14698125,-0.12719077,-0.15101483,-0.2613474,-0.22333384,-0.18925913,-0.20047067,-0.14566636,-0.14925765,-0.13068232,-0.14257312,-0.15063292,-0.16405328,-0.14687432,-0.16278498,-0.15938541,-0.14998752,-0.14745489,-0.15701583,-0.15327092,-0.22480208,-0.120334074,-0.14151363,-0.11820637,-0.16088632,-0.17418382,-0.15586594,-0.16841799,-0.11139822,-0.1388583,-0.13027036,-0.12849155,-0.15152657,-0.14255181,-0.11525896,-0.10065024,-0.08998322,-0.10507486,-0.12025745,-0.1349634,-0.15027548,-0.16055965,-0.1185138,-0.11129953,-0.1578567,-0.17738779,-0.13342108,-0.16416413,-0.25953975,-0.14867865,-0.13257287,-0.14141014,-0.15095688,-0.17780018,-0.16366374,-0.22917573,-0.09015879,-0.110076845,-0.13468646,-0.12947047,-0.13997786,-0.1738389,-0.13908121,-0.16057305,-0.12777606,-0.07092635,-0.03704006,-0.13683699,-0.16230986,-0.17905882,-0.14332479,-0.12334781,-0.13560748,-0.12023825,-0.13819161,-0.25318068,-0.26654312,-0.08328664,-0.10945694,-0.14451063,-0.09238048,-0.18775752,-0.19030598,-0.15292497,-0.090096906,-0.13230102,-0.14959687,-0.15025277,-0.15893538,-0.1706286,-0.18396075,-0.0876957,-0.1236177,-0.14155896,-0.10256614,-0.17951453,-0.19495486,-0.19118403,-0.099831104,-0.13113372,-0.07899268,-0.1276634,-0.19006202,-0.19342569,-0.1918346,-0.123588786,-0.07500415,-0.096696496,-0.118161425,-0.13639382,-0.12406494,-0.121451,-0.09427355,-0.09621239,-0.1082516,-0.082459606,-0.112274095,-0.1320871,-0.1672032,-0.1410757,-0.13626863,-0.18093297,-0.17825818,-0.19410586,-0.14471675,-0.15549555,-0.13545586,-0.119081676,-0.14001076,-0.19117098,-0.1912081,-0.18159804,-0.19755594,-0.25103784,-0.20219928,-0.19035856,-0.19110695,-0.18242261,-0.1738773,-0.27554205,-0.08916744,-0.11956477,-0.12780732,-0.15751183,-0.20931396,-0.18224281,-0.29657933,-0.32474133,-0.15284051,-0.3242122,-0.17325558,-0.17108874,-0.2185038,-0.17647925,-0.114121355,-0.13982373,-0.15388772,-0.15788373,-0.22984435,-0.18186735,-0.2546244,-0.10422849,-0.12455491,-0.13836046,-0.124014124,-0.15189947,-0.15502527,-0.15629879,-0.14014931,-0.15141064,-0.1631965,-0.15544564,-0.15358369,-0.15324439,-0.13377559,-0.122977644,-0.14623797,-0.19027698,-0.17720903,-0.21025829,-0.3990198,-0.20117033,-0.11318329,-0.1296617,-0.11794379,-0.14788559,-0.16636807,-0.18662176,-0.1918068,-0.13191035,-0.07610944,-0.15304443,-0.13985184,-0.14106366,-0.118262246,-0.19987361,-0.1649412,-0.15884873,-0.14160013,-0.1234868,-0.12722544,-0.14610182,-0.2588673,-0.10722056,-0.13074079,-0.09132757,-0.12832497,-0.12913242,-0.14999706,-0.1519514,-0.09606777,-0.08910369,-0.12419289,-0.11043559,-0.13786131,-0.1508589,-0.17056006,-0.14297765,-0.116392195,-0.17397724,-0.15187564,-0.14235777,-0.12515748,-0.14196771,-0.17466888,-0.13176009,-0.13221177,-0.14562309,-0.12281788,-0.08722703,-0.05825615,-0.1434009,-0.17082691,-0.026243303,-0.16702501,-0.2829064,-0.31316653,-0.19749913,-0.14569646,-0.14331596,-0.14862512,-0.12963767,-0.25088155,-0.19385228,-0.18879688,-0.0945183,-0.10898,-0.10702289,-0.09319361,-0.12759323,-0.15302962,-0.15746465,-0.16690944,-0.12812386,-0.0969081,-0.16398169,-0.1438789,-0.11335766,-0.18846886,-0.1706479,-0.15411343,-0.12568922,-0.115196005,-0.11271996,-0.11662802,-0.17598103,-0.13843647,-0.1342398,-0.096878245,-0.12072621,-0.09141779,-0.12434345,-0.1359765,-0.063823454,-0.13877153,-0.11419349,-0.13373893,-0.24483351,-0.2571875,-0.29957527,-0.14618245,-0.15662311,-0.13199931,-0.19104545,-0.0782174,-0.17212479,-0.16445173,-0.09859173,-0.11065883,-0.11464448,-0.076612435,-0.083404,-0.1213824,-0.13072303,-0.13855581,-0.19385117,-0.09899077,-0.15583098,-0.19487974,-0.19122292,-0.18707898,-0.11122647,-0.14303374,-0.10260581,-0.15909335,-0.19387785,-0.17289694,-0.16946876,-0.14281464,-0.1423741,-0.10160933,-0.15325043,-0.16141158,-0.18096223,-0.1950292,-0.12108275,-0.14713126,-0.11358254,-0.079482466,-0.1431565,-0.20725825,-0.16118225,-0.125103,-0.15657571,-0.15690626,-0.14353015,-0.19202894,-0.16292135,-0.18229352,-0.2963242,-0.19759391,-0.18091491,-0.17155777,-0.1929374,-0.15743698,-0.14054683,-0.13036136,-0.12557748,-0.13848478,-0.16430342,-0.30584824,-0.16709837,-0.18125847,-0.19266239,-0.11441202,-0.15069535,-0.14055777,-0.1781756,-0.16691613,-0.16467285,-0.14331086,-0.18237996,-0.12837526,-0.15345459,-0.13748462,-0.24156228,-0.17973688,-0.10309912,-0.13520591,-0.14175738,-0.17454767,-0.11036156,-0.1344972,-0.1523313,-0.15987548,-0.18177158,-0.15416214,-0.14924777,-0.19184028,-0.17574887,-0.1642562,-0.14723541,-0.14623587,-0.11499533,-0.10471026,-0.13495424,-0.20148799,-0.17747703,-0.12513243,-0.16589504,-0.18041904,-0.18738703,-0.11705899,-0.17604774,-0.25804162,-0.09230414,-0.09193985,-0.11458294,-0.1357668,-0.14797582,-0.09830168,-0.18920743
k__Bacteria|p__Firmicutes|c__Clostridia|o__Eubacteriales|f__Oscillospiraceae|g__Pseudoflavonifractor|s__Pseudoflavonifractor_sp_An184,-0.1004395,-0.12316422,-0.14148721,-0.20428483,-0.16690698,-0.19301781,-0.1666669,-0.14484628,-0.1252347,-0.1834064,-0.18323135,-0.21690226,-0.16967814,-0.20156838,-0.10279194,-0.098677486,-0.058144663,-0.09917398,-0.10756934,-0.17059626,-0.1978925,-0.12536043,-0.13613537,-0.1519722,-0.1710113,-0.11658599,-0.16770376,-0.17359987,-0.1509206,-0.12124001,-0.13517863,-0.10538834,-0.1482277,-0.19474337,-0.1885198,-0.2175087,-0.16100882,-0.22338755,-0.19655572,-0.29867563,-0.29210672,-0.19670306,-0.10687215,-0.09162698,-0.13691942,-0.1550325,-0.23188588,-0.19356556,-0.14619592,-0.2026537,-0.18449095,-0.18279888,-0.19603768,-0.1962992,-0.19928452,-0.15738621,-0.12535457,-0.14339578,-0.09201157,-0.095280275,-0.17096263,-0.14212924,-0.13743341,-0.14670268,-0.12719077,-0.15159728,-0.2613474,-0.22333384,-0.18853222,-0.20047067,-0.1452236,-0.14900956,-0.1302019,-0.14220679,-0.14990884,-0.16351089,-0.1463514,-0.16278498,-0.15957332,-0.14998752,-0.14710684,-0.15687248,-0.15300652,-0.22480208,-0.120334074,-0.14137423,-0.11809725,-0.16060182,-0.17356771,-0.1555287,-0.1678983,-0.11139822,-0.1388583,-0.13027036,-0.1284362,-0.15152657,-0.14288414,-0.115379855,-0.10065024,-0.090284884,-0.10511553,-0.12007649,-0.13469213,-0.15027548,-0.16014808,-0.1185138,-0.11129953,-0.1578567,-0.17738779,-0.1329341,-0.16363774,-0.25953975,-0.14865574,-0.13253723,-0.1411533,-0.15095688,-0.17780018,-0.16369137,-0.22917573,-0.09015879,-0.11033237,-0.13454862,-0.12921327,-0.13997786,-0.1736657,-0.13908121,-0.16057305,-0.12777606,-0.07092635,-0.03704006,-0.13706136,-0.16178541,-0.17865266,-0.14332479,-0.12334781,-0.13596283,-0.12023825,-0.13776533,-0.25318068,-0.26654312,-0.083269015,-0.10945694,-0.14393997,-0.09238048,-0.18775134,-0.18971476,-0.15281191,-0.09005231,-0.13230102,-0.14950812,-0.15009701,-0.15859464,-0.17020923,-0.18304244,-0.087666646,-0.12341125,-0.14076883,-0.10256614,-0.17951453,-0.19495486,-0.1903249,-0.09977103,-0.13113372,-0.07840096,-0.12746042,-0.19006202,-0.19261557,-0.19114706,-0.12316257,-0.07526462,-0.096766144,-0.11815614,-0.13630888,-0.12406494,-0.121451,-0.094075695,-0.0964005,-0.10825212,-0.082459606,-0.11250426,-0.13208887,-0.16678998,-0.1410757,-0.13643226,-0.18093297,-0.17825818,-0.19346967,-0.14434665,-0.15549555,-0.13499668,-0.119081676,-0.14001076,-0.19117098,-0.19056278,-0.1811504,-0.19755594,-0.25103784,-0.20219928,-0.19025576,-0.19092485,-0.18225506,-0.17367196,-0.27554205,-0.08916744,-0.11956477,-0.12814261,-0.15751183,-0.20931396,-0.18224281,-0.29657933,-0.32474133,-0.15527275,-0.3242122,-0.17325558,-0.17108874,-0.2185038,-0.17647925,-0.114121355,-0.13998243,-0.15388772,-0.15788373,-0.22984435,-0.18186735,-0.25202566,-0.10404551,-0.12455491,-0.13843536,-0.123911574,-0.15189947,-0.15461405,-0.15577313,-0.14014931,-0.15141064,-0.16257073,-0.15518716,-0.15321472,-0.15287174,-0.13363421,-0.12290418,-0.14640036,-0.18963301,-0.17656803,-0.21025829,-0.3990198,-0.20128825,-0.113226175,-0.1296617,-0.117926575,-0.14773549,-0.16636807,-0.18624818,-0.19131932,-0.1316993,-0.07639176,-0.15259424,-0.13966736,-0.14106366,-0.118060395,-0.19987361,-0.1649412,-0.15896389,-0.14119238,-0.12334697,-0.12722544,-0.14610182,-0.2588673,-0.10705197,-0.13074079,-0.09132757,-0.12832497,-0.12880707,-0.14976777,-0.15149578,-0.095975414,-0.08910369,-0.12399623,-0.11030197,-0.13768736,-0.1506681,-0.1698407,-0.14267637,-0.11651708,-0.1737199,-0.1517371,-0.14204597,-0.12508518,-0.1418101,-0.17466888,-0.13176009,-0.13198462,-0.14551695,-0.12251563,-0.08722703,-0.05825615,-0.14330831,-0.17082691,-0.026243303,-0.16708547,-0.2829064,-0.31316653,-0.19721958,-0.14541009,-0.14331596,-0.14862512,-0.12963767,-0.25088155,-0.19297346,-0.18798737,-0.094389945,-0.10902305,-0.10702289,-0.09281407,-0.12759323,-0.15306222,-0.15746465,-0.16677544,-0.12812386,-0.0969081,-0.16398169,-0.14323053,-0.11335766,-0.18846886,-0.1706479,-0.1537298,-0.12545288,-0.115196005,-0.11242864,-0.11662802,-0.17581601,-0.13807583,-0.13388652,-0.096878245,-0.12066977,-0.091419056,-0.12434345,-0.13599047,-0.063823454,-0.13877153,-0.11419349,-0.13355923,-0.24483351,-0.2571875,-0.29957527,-0.14580901,-0.15640941,-0.13166565,-0.19104545,-0.0782174,-0.17177895,-0.16399825,-0.09859173,-0.11065883,-0.1147349,-0.076612435,-0.083404,-0.1213824,-0.13072303,-0.13855581,-0.19385117,-0.09833515,-0.15547684,-0.19487974,-0.1908513,-0.18635699,-0.110997766,-0.14300671,-0.10266824,-0.15870549,-0.19345927,-0.17190471,-0.16885194,-0.14256695,-0.14214092,-0.10163797,-0.15299907,-0.1614941,-0.18085194,-0.19439743,-0.12088626,-0.14703652,-0.11394763,-0.079948865,-0.1423764,-0.20725825,-0.16062394,-0.125103,-0.15657571,-0.15690626,-0.14367312,-0.19202894,-0.16244352,-0.18157557,-0.2963242,-0.19746833,-0.18080944,-0.17164546,-0.1923605,-0.1572392,-0.14054683,-0.13001065,-0.12557748,-0.13812402,-0.1630063,-0.30584824,-0.1667487,-0.18047082,-0.19257718,-0.11441202,-0.15030077,-0.14052427,-0.17779724,-0.16649291,-0.1642995,-0.14331086,-0.18237996,-0.12826158,-0.15322769,-0.13665733,-0.24156228,-0.17973047,-0.102849215,-0.13536459,-0.14141895,-0.1739084,-0.110245556,-0.13439846,-0.1518071,-0.15953854,-0.18180925,-0.15343358,-0.14857182,-0.19184028,-0.17514634,-0.16378254,-0.14723541,-0.14623587,-0.11499533,-0.10471026,-0.1347305,-0.20148799,-0.17668167,-0.12513243,-0.16659677,-0.18041904,-0.18738703,-0.11705899,-0.17561209,-0.25737384,-0.09226805,-0.092031226,-0.11461161,-0.13559303,-0.14749858,-0.09822792,-0.18853232
k__Bacteria|p__Firmicutes|c__Clostridia|o__Eubacteriales|f__Lachnospiraceae|g__Lachnospiraceae_unclassified|s__Lachnospiraceae_unclassified_SGB65957,-0.1004395,-0.12316422,-0.14221664,-0.20428483,-0.1671218,-0.19415852,-0.1666669,-0.14518231,-0.124693096,-0.18346415,-0.18405622,-0.23847276,-0.16864498,-0.21057072,-0.103456385,-0.09999475,-0.058144663,-0.09968754,-0.1077722,-0.1708323,-0.1978925,-0.12536043,-0.13614729,-0.15215935,-0.17197365,-0.11658599,-0.16682982,-0.1738502,-0.1509206,-0.12124001,-0.13469884,-0.1062804,-0.14820066,-0.19753128,-0.18964982,-0.2175087,-0.16093566,-0.22338755,-0.19824266,-0.29867563,-0.29210672,-0.19998568,-0.107435316,-0.09162698,-0.13691942,-0.15493666,-0.23188588,-0.19417262,-0.14688769,-0.2026537,-0.1837759,-0.18279888,-0.19927001,-0.20135975,-0.20856972,-0.15723953,-0.12589577,-0.14403234,-0.09181023,-0.09576569,-0.17135216,-0.14212503,-0.13743341,-0.14704414,-0.12719077,-0.15081808,-0.2613474,-0.22333384,-0.18925382,-0.20047067,-0.14592537,-0.14927639,-0.1311588,-0.14313929,-0.15101384,-0.16423789,-0.14639094,-0.16278498,-0.15955812,-0.14998752,-0.14676711,-0.15740718,-0.15315789,-0.22480208,-0.120334074,-0.14135659,-0.11835325,-0.16099702,-0.17435166,-0.15577114,-0.16793405,-0.11139822,-0.1388583,-0.13027036,-0.12842484,-0.15152657,-0.14178833,-0.115200326,-0.10065024,-0.090559036,-0.10561164,-0.1207772,-0.13509488,-0.15027548,-0.16013661,-0.1185138,-0.11129953,-0.1578567,-0.17738779,-0.13412307,-0.16417888,-0.25953975,-0.14862892,-0.13273841,-0.14211747,-0.15095688,-0.17780018,-0.16406989,-0.22917573,-0.09015879,-0.109504536,-0.13474584,-0.12997353,-0.13997786,-0.17385694,-0.13908121,-0.16057305,-0.12777606,-0.07092635,-0.03704006,-0.13720463,-0.16207373,-0.178765,-0.14332479,-0.12334781,-0.13538697,-0.12023825,-0.13830729,-0.25318068,-0.26654312,-0.08340004,-0.10945694,-0.1444509,-0.09238048,-0.18761244,-0.19101888,-0.15305898,-0.09026207,-0.13230102,-0.14937174,-0.15047373,-0.15920459,-0.17079936,-0.18379827,-0.0879931,-0.123958424,-0.141421,-0.10256614,-0.17951453,-0.19495486,-0.19195268,-0.1001588,-0.13113372,-0.080794886,-0.12792301,-0.19006202,-0.19424933,-0.192212,-0.12313464,-0.07543108,-0.097431794,-0.11884612,-0.13652155,-0.12406494,-0.121451,-0.09484154,-0.09695013,-0.10851753,-0.082459606,-0.11316027,-0.13218176,-0.16702016,-0.1410757,-0.1361539,-0.18093297,-0.17825818,-0.19535843,-0.14497635,-0.15549555,-0.13557357,-0.119081676,-0.14001076,-0.19117098,-0.19236463,-0.18182507,-0.19755594,-0.25103784,-0.20219928,-0.18995288,-0.1915079,-0.18287535,-0.17437178,-0.27554205,-0.08916744,-0.11956477,-0.12739712,-0.15751183,-0.20931396,-0.18224281,-0.29657933,-0.32474133,-0.15024993,-0.3242122,-0.17325558,-0.17108874,-0.2185038,-0.17647925,-0.114121355,-0.13982823,-0.15388772,-0.15788373,-0.22984435,-0.18186735,-0.2647747,-0.10455692,-0.12455491,-0.13828248,-0.12401175,-0.15189947,-0.15513338,-0.15613028,-0.14014931,-0.15141064,-0.1631108,-0.15521225,-0.15355648,-0.15323752,-0.13413379,-0.122793265,-0.14605433,-0.19050866,-0.17777337,-0.21025829,-0.3990198,-0.20499755,-0.11349596,-0.1296617,-0.11910396,-0.14771268,-0.16636807,-0.18661255,-0.19193466,-0.13114549,-0.07686129,-0.15310344,-0.13957924,-0.14106366,-0.117250115,-0.19987361,-0.1649412,-0.15842268,-0.14178368,-0.1235967,-0.12722544,-0.14610182,-0.2588673,-0.10728114,-0.13074079,-0.09132757,-0.12832497,-0.12891808,-0.14944834,-0.15155083,-0.09634438,-0.08910369,-0.12427881,-0.11057632,-0.137759,-0.15068439,-0.17050767,-0.14291398,-0.11581491,-0.17388567,-0.1518213,-0.14224964,-0.12586862,-0.1416075,-0.17466888,-0.13176009,-0.13214095,-0.14584664,-0.123137854,-0.08722703,-0.05825615,-0.14341828,-0.17082691,-0.026243303,-0.16636573,-0.2829064,-0.31316653,-0.19993827,-0.1456837,-0.14331596,-0.14862512,-0.12963767,-0.25088155,-0.19519678,-0.18888909,-0.09448497,-0.10934062,-0.10702289,-0.09426568,-0.12759323,-0.152506,-0.15746465,-0.16744512,-0.12812386,-0.0969081,-0.16398169,-0.14330727,-0.11335766,-0.18846886,-0.1706479,-0.15396328,-0.12578025,-0.115196005,-0.1130625,-0.11662802,-0.17590785,-0.1386171,-0.13473704,-0.096878245,-0.121562995,-0.0916515,-0.12434345,-0.13504802,-0.063823454,-0.13877153,-0.11419349,-0.13364878,-0.24483351,-0.2571875,-0.29957527,-0.14648455,-0.15694463,-0.13255425,-0.19104545,-0.0782174,-0.17305924,-0.1641712,-0.09859173,-0.11065883,-0.11381892,-0.076612435,-0.083404,-0.1213824,-0.13072303,-0.13855581,-0.19385117,-0.099604,-0.1555506,-0.19487974,-0.19141123,-0.1873428,-0.11114019,-0.14284958,-0.103038296,-0.15928507,-0.1951793,-0.17322282,-0.16908413,-0.14289527,-0.14283217,-0.10197601,-0.1532041,-0.16160041,-0.18111244,-0.1962047,-0.12125747,-0.14736407,-0.113371484,-0.07980551,-0.1432589,-0.20725825,-0.16081288,-0.125103,-0.15657571,-0.15690626,-0.14362422,-0.19202894,-0.16244222,-0.18184838,-0.2963242,-0.20060056,-0.18147284,-0.17198697,-0.19407837,-0.15783557,-0.14054683,-0.13041607,-0.12557748,-0.13830143,-0.16309436,-0.30584824,-0.16671488,-0.18153948,-0.19308311,-0.11441202,-0.15030862,-0.14052619,-0.17803714,-0.16711324,-0.16444694,-0.14331086,-0.18237996,-0.12837729,-0.1531795,-0.13810955,-0.24156228,-0.17955285,-0.10329299,-0.13497153,-0.14211297,-0.17473453,-0.11009048,-0.13446903,-0.15204915,-0.16025236,-0.18215814,-0.15428902,-0.14939284,-0.19184028,-0.17556766,-0.16389075,-0.14723541,-0.14623587,-0.11499533,-0.10471026,-0.13495126,-0.20148799,-0.1770471,-0.12513243,-0.165241,-0.18041904,-0.18738703,-0.11705899,-0.1763423,-0.2635646,-0.09270717,-0.092198655,-0.11479892,-0.13619833,-0.14828125,-0.09858976,-0.18918252
k__Bacteria|p__Firmicutes|c__Clostridia|o__Eubacteriales|f__Lachnospiraceae|g__GGB3463|s__GGB3463_SGB4621,-0.1004395,-0.12316422,-0.14153415,-0.20428483,-0.16641133,-0.19410545,-0.1666669,-0.14507926,-0.12469764,-0.18356022,-0.1833767,-0.22936833,-0.16960312,-0.20663649,-0.10332543,-0.099237,-0.058144663,-0.09972611,-0.10744315,-0.1710851,-0.1978925,-0.12536043,-0.13630787,-0.15253137,-0.1717969,-0.11658599,-0.16710284,-0.17430195,-0.1509206,-0.12124001,-0.13479964,-0.10567345,-0.14812979,-0.19656688,-0.18977435,-0.2175087,-0.16020715,-0.22338755,-0.19706145,-0.29867563,-0.29210672,-0.19957522,-0.107403904,-0.09162698,-0.13691942,-0.15469345,-0.23188588,-0.193801,-0.14690137,-0.2026537,-0.1829452,-0.18279888,-0.19749096,-0.19964601,-0.20583224,-0.15842289,-0.12585376,-0.14405233,-0.092175394,-0.095605224,-0.1714679,-0.14264375,-0.13743341,-0.14700116,-0.12719077,-0.15103838,-0.2613474,-0.22333384,-0.18899107,-0.20047067,-0.1460542,-0.14930312,-0.13084546,-0.14292175,-0.15160882,-0.16441575,-0.14697048,-0.16278498,-0.15885338,-0.14998752,-0.14692777,-0.15699355,-0.15340039,-0.22480208,-0.120334074,-0.14143115,-0.11819964,-0.16136669,-0.17440477,-0.15545288,-0.16821471,-0.11139822,-0.1388583,-0.13027036,-0.12876871,-0.15152657,-0.1422653,-0.11537868,-0.10065024,-0.090309545,-0.10569495,-0.12076811,-0.13514087,-0.15027548,-0.16046166,-0.1185138,-0.11129953,-0.1578567,-0.17738779,-0.13403718,-0.16359544,-0.25953975,-0.14852214,-0.13239929,-0.14165172,-0.15095688,-0.17780018,-0.16352911,-0.22917573,-0.09015879,-0.10953756,-0.13467751,-0.12980947,-0.13997786,-0.17360654,-0.13908121,-0.16057305,-0.12777606,-0.07092635,-0.03704006,-0.13688089,-0.16246611,-0.1788908,-0.14332479,-0.12334781,-0.13549551,-0.12023825,-0.13838333,-0.25318068,-0.26654312,-0.08345965,-0.10945694,-0.1449455,-0.09238048,-0.18768357,-0.19040748,-0.15277447,-0.09023089,-0.13230102,-0.14937794,-0.1502917,-0.15908849,-0.1707024,-0.18448232,-0.08773943,-0.12388989,-0.1411542,-0.10256614,-0.17951453,-0.19495486,-0.19197033,-0.100152045,-0.13113372,-0.080162816,-0.12810868,-0.19006202,-0.19385093,-0.19195843,-0.12358375,-0.07527652,-0.09725067,-0.11850855,-0.13654763,-0.12406494,-0.121451,-0.094617255,-0.0967017,-0.10854686,-0.082459606,-0.11308193,-0.13253438,-0.16739625,-0.1410757,-0.1359278,-0.18093297,-0.17825818,-0.19462718,-0.14488497,-0.15549555,-0.13567904,-0.119081676,-0.14001076,-0.19117098,-0.19135465,-0.18129876,-0.19755594,-0.25103784,-0.20219928,-0.18989983,-0.19079763,-0.18265599,-0.17374916,-0.27554205,-0.08916744,-0.11956477,-0.12739244,-0.15751183,-0.20931396,-0.18224281,-0.29657933,-0.32474133,-0.15006347,-0.3242122,-0.17325558,-0.17108874,-0.2185038,-0.17647925,-0.114121355,-0.13944703,-0.15388772,-0.15788373,-0.22984435,-0.18186735,-0.2593425,-0.104407005,-0.12455491,-0.13838902,-0.12420376,-0.15189947,-0.15555027,-0.15659842,-0.14014931,-0.15141064,-0.16349247,-0.15502068,-0.1536457,-0.15298776,-0.13393845,-0.12282435,-0.14603195,-0.19062585,-0.17750654,-0.21025829,-0.3990198,-0.20415796,-0.11350177,-0.1296617,-0.11892751,-0.1479216,-0.16636807,-0.1870441,-0.19184709,-0.13114414,-0.076850265,-0.15344563,-0.1396236,-0.14106366,-0.11799355,-0.19987361,-0.1649412,-0.15802908,-0.14148533,-0.12349935,-0.12722544,-0.14610182,-0.2588673,-0.10720044,-0.13074079,-0.09132757,-0.12832497,-0.12928033,-0.14957443,-0.15203583,-0.096361086,-0.08910369,-0.124409616,-0.110473506,-0.13776505,-0.15074773,-0.1707204,-0.14296475,-0.11597345,-0.17392358,-0.15188792,-0.14237185,-0.12543353,-0.1422866,-0.17466888,-0.13176009,-0.13230106,-0.1458329,-0.12314935,-0.08722703,-0.05825615,-0.1435251,-0.17082691,-0.026243303,-0.1658719,-0.2829064,-0.31316653,-0.19959,-0.14571497,-0.14331596,-0.14862512,-0.12963767,-0.25088155,-0.19447473,-0.18903989,-0.09462085,-0.10935365,-0.10702289,-0.094556764,-0.12759323,-0.15277722,-0.15746465,-0.1671812,-0.12812386,-0.0969081,-0.16398169,-0.14393455,-0.11335766,-0.18846886,-0.1706479,-0.15372431,-0.1258389,-0.115196005,-0.11309649,-0.11662802,-0.17635241,-0.13865298,-0.13472113,-0.096878245,-0.121304974,-0.09184269,-0.12434345,-0.13555753,-0.063823454,-0.13877153,-0.11419349,-0.13355845,-0.24483351,-0.2571875,-0.29957527,-0.14631948,-0.15681684,-0.13251579,-0.19104545,-0.0782174,-0.17287175,-0.16414715,-0.09859173,-0.11065883,-0.1144128,-0.076612435,-0.083404,-0.1213824,-0.13072303,-0.13855581,-0.19385117,-0.09942581,-0.15555425,-0.19487974,-0.19111559,-0.18720551,-0.111246705,-0.14272308,-0.10339361,-0.15963653,-0.19465068,-0.17374736,-0.16894808,-0.14282933,-0.14264506,-0.10143016,-0.15327463,-0.16142255,-0.1808066,-0.19553627,-0.12142359,-0.14754209,-0.11353186,-0.07996823,-0.14311877,-0.20725825,-0.16077037,-0.125103,-0.15657571,-0.15690626,-0.14341971,-0.19202894,-0.16249344,-0.18229577,-0.2963242,-0.19767392,-0.18085633,-0.17132269,-0.19316517,-0.15741283,-0.14054683,-0.13039085,-0.12557748,-0.1384157,-0.16254905,-0.30584824,-0.16645789,-0.18144105,-0.19264868,-0.11441202,-0.15063977,-0.14036588,-0.17799082,-0.16699094,-0.16467099,-0.14331086,-0.18237996,-0.12803936,-0.1529972,-0.1375311,-0.24156228,-0.17905957,-0.10321163,-0.13478544,-0.14228418,-0.17481062,-0.11008546,-0.13447954,-0.15262347,-0.16011038,-0.18152227,-0.15470329,-0.14946815,-0.19184028,-0.17541157,-0.16439769,-0.14723541,-0.14623587,-0.11499533,-0.10471026,-0.13513033,-0.20148799,-0.17728472,-0.12513243,-0.16471818,-0.18041904,-0.18738703,-0.11705899,-0.17729688,-0.26089925,-0.09262011,-0.092211194,-0.114602834,-0.13621211,-0.1481674,-0.09843781,-0.18940905
k__Bacteria|p__Firmicutes|c__CFGB76046|o__OFGB76046|f__FGB76046|g__GGB55957|s__GGB55957_SGB77276,-0.1004395,-0.12316422,-0.14157197,-0.20428483,-0.1666872,-0.19392216,-0.1666669,-0.14499477,-0.124820605,-0.18384406,-0.18306917,-0.224389,-0.1690765,-0.20474666,-0.10281267,-0.0989521,-0.058144663,-0.09926625,-0.107277304,-0.17105123,-0.1978925,-0.12536043,-0.13617504,-0.15223323,-0.17144783,-0.11658599,-0.16739127,-0.17410529,-0.1509206,-0.12124001,-0.1350368,-0.10535105,-0.14829773,-0.1959518,-0.18939173,-0.2175087,-0.16085668,-0.22338755,-0.19715983,-0.29867563,-0.29210672,-0.19843765,-0.10705721,-0.09162698,-0.13691942,-0.15484089,-0.23188588,-0.1938855,-0.14666867,-0.2026537,-0.1838741,-0.18279888,-0.19719186,-0.19824377,-0.20287511,-0.15792705,-0.12553817,-0.14378107,-0.0918629,-0.0952342,-0.17140621,-0.14229542,-0.13743341,-0.14687537,-0.12719077,-0.15141565,-0.2613474,-0.22333384,-0.18885097,-0.20047067,-0.14569452,-0.14915703,-0.1305728,-0.14254215,-0.15076292,-0.16406856,-0.14683121,-0.16278498,-0.15934497,-0.14998752,-0.14696254,-0.15702191,-0.15327284,-0.22480208,-0.120334074,-0.14136729,-0.1180063,-0.16109502,-0.1741803,-0.15546979,-0.16819993,-0.11139822,-0.1388583,-0.13027036,-0.12853217,-0.15152657,-0.14243323,-0.115287244,-0.10065024,-0.089998424,-0.10520843,-0.12041233,-0.13489932,-0.15027548,-0.16039795,-0.1185138,-0.11129953,-0.1578567,-0.17738779,-0.1336703,-0.16379087,-0.25953975,-0.14867762,-0.13241976,-0.14136851,-0.15095688,-0.17780018,-0.16382794,-0.22917573,-0.09015879,-0.10978328,-0.13456638,-0.12944168,-0.13997786,-0.17369181,-0.13908121,-0.16057305,-0.12777606,-0.07092635,-0.03704006,-0.1369997,-0.16214043,-0.17896496,-0.14332479,-0.12334781,-0.13564993,-0.12023825,-0.13789144,-0.25318068,-0.26654312,-0.08299297,-0.10945694,-0.14441752,-0.09238048,-0.18791874,-0.19014245,-0.15262109,-0.08985551,-0.13230102,-0.14945292,-0.15020654,-0.15893114,-0.1705832,-0.1839957,-0.08738463,-0.12372845,-0.14100693,-0.10256614,-0.17951453,-0.19495486,-0.19143073,-0.099738784,-0.13113372,-0.078972444,-0.12750778,-0.19006202,-0.19338965,-0.19176292,-0.123280704,-0.07484196,-0.09691872,-0.118227884,-0.13632706,-0.12406494,-0.121451,-0.09411794,-0.09624946,-0.10819247,-0.082459606,-0.112637356,-0.1321196,-0.16727015,-0.1410757,-0.13616037,-0.18093297,-0.17825818,-0.19429788,-0.14467743,-0.15549555,-0.13536781,-0.119081676,-0.14001076,-0.19117098,-0.19120032,-0.1814853,-0.19755594,-0.25103784,-0.20219928,-0.19023521,-0.19110417,-0.18258648,-0.17391792,-0.27554205,-0.08916744,-0.11956477,-0.12755457,-0.15751183,-0.20931396,-0.18224281,-0.29657933,-0.32474133,-0.15256068,-0.3242122,-0.17325558,-0.17108874,-0.2185038,-0.17647925,-0.114121355,-0.13970096,-0.15388772,-0.15788373,-0.22984435,-0.18186735,-0.2566603,-0.10401903,-0.12455491,-0.13832076,-0.123932555,-0.15189947,-0.15501083,-0.15633243,-0.14014931,-0.15141064,-0.163163,-0.15515813,-0.1535444,-0.15293537,-0.13375211,-0.12274972,-0.14634386,-0.19028448,-0.17712818,-0.21025829,-0.3990198,-0.20371813,-0.11318331,-0.1296617,-0.11846261,-0.14771473,-0.16636807,-0.18680269,-0.19180328,-0.13129807,-0.07626563,-0.15318729,-0.1395505,-0.14106366,-0.117923774,-0.19987361,-0.1649412,-0.15856043,-0.1413819,-0.12316962,-0.12722544,-0.14610182,-0.2588673,-0.10693742,-0.13074079,-0.09132757,-0.12832497,-0.12892447,-0.14952031,-0.15182208,-0.09591475,-0.08910369,-0.124102816,-0.11010946,-0.13771288,-0.15065596,-0.17046422,-0.14281264,-0.11609565,-0.17393656,-0.1517203,-0.14217201,-0.12503932,-0.14215937,-0.17466888,-0.13176009,-0.13219662,-0.14561418,-0.122663915,-0.08722703,-0.05825615,-0.14332208,-0.17082691,-0.026243303,-0.16679196,-0.2829064,-0.31316653,-0.1989573,-0.14560756,-0.14331596,-0.14862512,-0.12963767,-0.25088155,-0.19397718,-0.18883772,-0.09412558,-0.10914211,-0.10702289,-0.093479216,-0.12759323,-0.1529464,-0.15746465,-0.16720718,-0.12812386,-0.0969081,-0.16398169,-0.14352399,-0.11335766,-0.18846886,-0.1706479,-0.15381303,-0.12562677,-0.115196005,-0.1126892,-0.11662802,-0.17628884,-0.13838564,-0.13427003,-0.096878245,-0.12087242,-0.09131411,-0.12434345,-0.13570851,-0.063823454,-0.13877153,-0.11419349,-0.13349497,-0.24483351,-0.2571875,-0.29957527,-0.1461403,-0.15668851,-0.1320713,-0.19104545,-0.0782174,-0.17271629,-0.16416506,-0.09859173,-0.11065883,-0.11438531,-0.076612435,-0.083404,-0.1213824,-0.13072303,-0.13855581,-0.19385117,-0.098695934,-0.15562975,-0.19487974,-0.19118516,-0.18702695,-0.110969216,-0.14274976,-0.102886096,-0.1594404,-0.19439012,-0.1732003,-0.168807,-0.14269212,-0.14249133,-0.10133733,-0.1530969,-0.16153163,-0.18097702,-0.19522679,-0.121038616,-0.14732562,-0.113550104,-0.07964006,-0.14285594,-0.20725825,-0.1608381,-0.125103,-0.15657571,-0.15690626,-0.14358205,-0.19202894,-0.16253123,-0.18216264,-0.2963242,-0.19831434,-0.18100974,-0.17136152,-0.19297752,-0.15723437,-0.14054683,-0.13014108,-0.12557748,-0.13815041,-0.16295807,-0.30584824,-0.16679785,-0.18107101,-0.19291465,-0.11441202,-0.15035045,-0.14040613,-0.17808859,-0.16684315,-0.16464575,-0.14331086,-0.18237996,-0.12823483,-0.15318659,-0.13712381,-0.24156228,-0.17956433,-0.10286198,-0.13496678,-0.1418823,-0.17454134,-0.10991817,-0.13434753,-0.15228027,-0.15997913,-0.18187273,-0.15415251,-0.14897978,-0.19184028,-0.17535825,-0.1642844,-0.14723541,-0.14623587,-0.11499533,-0.10471026,-0.13487786,-0.20148799,-0.17714064,-0.12513243,-0.16576588,-0.18041904,-0.18738703,-0.11705899,-0.17678922,-0.2597654,-0.0921635,-0.09186722,-0.11448432,-0.13590923,-0.14781895,-0.098054364,-0.18923703
k__Bacteria|p__Firmicutes|c__Clostridia|o__Eubacteriales|f__Lachnospiraceae|g__Lachnoclostridium|s__Lachnoclostridium_edouardi,-0.1004395,-0.12316422,-0.14198312,-0.20428483,-0.16762401,-0.19440177,-0.1666669,-0.14547132,-0.12490597,-0.18405932,-0.18310128,-0.2290924,-0.16967957,-0.2067,-0.10328945,-0.09956871,-0.058144663,-0.1000282,-0.107799254,-0.1718049,-0.1978925,-0.12536043,-0.1366234,-0.1530416,-0.17231965,-0.11658599,-0.16785723,-0.17502776,-0.1509206,-0.12124001,-0.13559446,-0.105720446,-0.14899771,-0.1966038,-0.19055799,-0.2175087,-0.16146232,-0.22338755,-0.19850627,-0.29867563,-0.29210672,-0.2000345,-0.10752694,-0.09162698,-0.13691942,-0.15561707,-0.23188588,-0.19459702,-0.14719424,-0.2026537,-0.18360485,-0.18279888,-0.19787526,-0.1996483,-0.20590398,-0.15865445,-0.1262187,-0.14449316,-0.0923038,-0.095718816,-0.17203024,-0.14293443,-0.13743341,-0.14752457,-0.12719077,-0.15156189,-0.2613474,-0.22333384,-0.18977422,-0.20047067,-0.14636013,-0.14973016,-0.13133983,-0.14332229,-0.15175256,-0.16479148,-0.1474573,-0.16278498,-0.15933052,-0.14998752,-0.14781608,-0.1575424,-0.15385088,-0.22480208,-0.120334074,-0.14207745,-0.11864251,-0.16174194,-0.17497918,-0.15610865,-0.16909136,-0.11139822,-0.1388583,-0.13027036,-0.12904505,-0.15152657,-0.14280626,-0.11553225,-0.10065024,-0.09035592,-0.10573788,-0.12098942,-0.1356684,-0.15027548,-0.16123533,-0.1185138,-0.11129953,-0.1578567,-0.17738779,-0.13382962,-0.16484353,-0.25953975,-0.149131,-0.13290687,-0.14207523,-0.15095688,-0.17780018,-0.16414616,-0.22917573,-0.09015879,-0.11018191,-0.13519552,-0.13001189,-0.13997786,-0.1743972,-0.13908121,-0.16057305,-0.12777606,-0.07092635,-0.03704006,-0.13752516,-0.1631166,-0.17975026,-0.14332479,-0.12334781,-0.13589479,-0.12023825,-0.13906163,-0.25318068,-0.26654312,-0.083475485,-0.10945694,-0.14543428,-0.09238048,-0.188629,-0.19129016,-0.15349951,-0.09038009,-0.13230102,-0.15014534,-0.15083663,-0.15960827,-0.17131637,-0.18511108,-0.0878928,-0.124098286,-0.14201307,-0.10256614,-0.17951453,-0.19495486,-0.19231565,-0.10020535,-0.13113372,-0.07984659,-0.12865883,-0.19006202,-0.19435394,-0.19276094,-0.12408122,-0.0749709,-0.097108245,-0.1187596,-0.13704994,-0.12406494,-0.121451,-0.09461879,-0.09667081,-0.108797036,-0.082459606,-0.11295687,-0.13285175,-0.16813305,-0.1410757,-0.13661934,-0.18093297,-0.17825818,-0.19511868,-0.14553376,-0.15549555,-0.13614714,-0.119081676,-0.14001076,-0.19117098,-0.1920124,-0.18197326,-0.19755594,-0.25103784,-0.20219928,-0.19074762,-0.19174618,-0.1832618,-0.17471506,-0.27554205,-0.08916744,-0.11956477,-0.12818244,-0.15751183,-0.20931396,-0.18224281,-0.29657933,-0.32474133,-0.15259562,-0.3242122,-0.17325558,-0.17108874,-0.2185038,-0.17647925,-0.114121355,-0.14007731,-0.15388772,-0.15788373,-0.22984435,-0.18186735,-0.25829366,-0.10457577,-0.12455491,-0.1388919,-0.12461312,-0.15189947,-0.15591511,-0.15716818,-0.14014931,-0.15141064,-0.16402805,-0.15578634,-0.15412244,-0.15379387,-0.13437445,-0.1232688,-0.14652519,-0.19113007,-0.1779384,-0.21025829,-0.3990198,-0.20370227,-0.113653615,-0.1296617,-0.11878534,-0.14859515,-0.16636807,-0.18758988,-0.19267869,-0.13216366,-0.07631344,-0.154013,-0.1403625,-0.14106366,-0.11874488,-0.19987361,-0.1649412,-0.15894291,-0.14213203,-0.12387379,-0.12722544,-0.14610182,-0.2588673,-0.10763345,-0.13074079,-0.09132757,-0.12832497,-0.12974331,-0.1504424,-0.15259725,-0.09642493,-0.08910369,-0.12484057,-0.11087449,-0.13842599,-0.1514664,-0.17146824,-0.14349037,-0.116502315,-0.17474547,-0.15244684,-0.14299856,-0.12559329,-0.14263335,-0.17466888,-0.13176009,-0.13271374,-0.14619803,-0.12332262,-0.08722703,-0.05825615,-0.14401561,-0.17082691,-0.026243303,-0.16764703,-0.2829064,-0.31316653,-0.19929563,-0.14629427,-0.14331596,-0.14862512,-0.12963767,-0.25088155,-0.19472755,-0.18969323,-0.09478214,-0.10940915,-0.10702289,-0.09405247,-0.12759323,-0.15363789,-0.15746465,-0.16754271,-0.12812386,-0.0969081,-0.16398169,-0.14463541,-0.11335766,-0.18846886,-0.1706479,-0.15446,-0.12598541,-0.115196005,-0.11330144,-0.11662802,-0.17687134,-0.13906156,-0.13492876,-0.096878245,-0.121316284,-0.09192201,-0.12434345,-0.1362943,-0.063823454,-0.13877153,-0.11419349,-0.1344727,-0.24483351,-0.2571875,-0.29957527,-0.1468364,-0.1572564,-0.13271576,-0.19104545,-0.0782174,-0.17297913,-0.16506168,-0.09859173,-0.11065883,-0.11493124,-0.076612435,-0.083404,-0.1213824,-0.13072303,-0.13855581,-0.19385117,-0.09929636,-0.15643847,-0.19487974,-0.1918971,-0.1879579,-0.111632735,-0.14335361,-0.10305978,-0.16009721,-0.19492498,-0.17415556,-0.17014125,-0.14338034,-0.14299926,-0.101812944,-0.15397191,-0.1619695,-0.18158606,-0.19612367,-0.12164355,-0.14785768,-0.11378091,-0.07964674,-0.14417708,-0.20725825,-0.16161312,-0.125103,-0.15657571,-0.15690626,-0.14388497,-0.19202894,-0.1634028,-0.18310659,-0.2963242,-0.19840333,-0.18161023,-0.17225686,-0.19396038,-0.15808602,-0.14054683,-0.13092771,-0.12557748,-0.13898249,-0.16471536,-0.30584824,-0.1671007,-0.1820651,-0.19338465,-0.11441202,-0.15149972,-0.14109083,-0.17889762,-0.16755359,-0.1653451,-0.14331086,-0.18237996,-0.12854582,-0.15375766,-0.13832447,-0.24156228,-0.18012941,-0.10348186,-0.13544095,-0.14248183,-0.17554411,-0.11049718,-0.13501364,-0.15310591,-0.16062376,-0.18226703,-0.15498689,-0.15007547,-0.19184028,-0.17629656,-0.16483383,-0.14723541,-0.14623587,-0.11499533,-0.10471026,-0.135804,-0.20148799,-0.17819065,-0.12513243,-0.16577849,-0.18041904,-0.18738703,-0.11705899,-0.17722695,-0.260806,-0.09262199,-0.092229284,-0.11503949,-0.13653609,-0.14868116,-0.098622985,-0.19024062
k__Bacteria|p__Firmicutes|c__Clostridia|o__Eubacteriales|f__Lachnospiraceae|g__Lachnoclostridium|s__Clostridium_methoxybenzovorans,-0.1004395,-0.12316422,-0.14150488,-0.20428483,-0.16719088,-0.19349647,-0.1666669,-0.1450744,-0.124605246,-0.18352348,-0.18335828,-0.22790492,-0.1681971,-0.20631906,-0.10290334,-0.09916422,-0.058144663,-0.09951857,-0.10749683,-0.17070997,-0.1978925,-0.12536043,-0.13618216,-0.15228184,-0.17153339,-0.11658599,-0.1673294,-0.17386135,-0.1509206,-0.12124001,-0.13492577,-0.10542669,-0.14814016,-0.19593412,-0.18903865,-0.2175087,-0.16097555,-0.22338755,-0.19745147,-0.29867563,-0.29210672,-0.19814329,-0.10698027,-0.09162698,-0.13691942,-0.15492223,-0.23188588,-0.19401753,-0.14633477,-0.2026537,-0.18418005,-0.18279888,-0.19782636,-0.19858235,-0.20378199,-0.15722087,-0.12553814,-0.14369658,-0.09185562,-0.09533653,-0.17124748,-0.14224403,-0.13743341,-0.14687033,-0.12719077,-0.15103038,-0.2613474,-0.22333384,-0.18903188,-0.20047067,-0.14566255,-0.14918056,-0.13056521,-0.14264604,-0.15056393,-0.1641824,-0.14642331,-0.16278498,-0.15964559,-0.14998752,-0.14705169,-0.1570704,-0.15308285,-0.22480208,-0.120334074,-0.14133301,-0.11806494,-0.16094513,-0.1740475,-0.15561663,-0.16802603,-0.11139822,-0.1388583,-0.13027036,-0.12833789,-0.15152657,-0.14224431,-0.11522246,-0.10065024,-0.09007755,-0.10509516,-0.12027776,-0.13480082,-0.15027548,-0.1602141,-0.1185138,-0.11129953,-0.1578567,-0.17738779,-0.1336706,-0.16374491,-0.25953975,-0.14859036,-0.1324246,-0.14155897,-0.15095688,-0.17780018,-0.1636854,-0.22917573,-0.09015879,-0.109833136,-0.13455719,-0.12947541,-0.13997786,-0.17373043,-0.13908121,-0.16057305,-0.12777606,-0.07092635,-0.03704006,-0.13705394,-0.16187415,-0.17890187,-0.14332479,-0.12334781,-0.13555236,-0.12023825,-0.13799171,-0.25318068,-0.26654312,-0.08312917,-0.10945694,-0.1442044,-0.09238048,-0.1876526,-0.19041783,-0.15273887,-0.08994413,-0.13230102,-0.14936134,-0.15021747,-0.1589013,-0.17051089,-0.1836077,-0.08758159,-0.12370372,-0.14123759,-0.10256614,-0.17951453,-0.19495486,-0.1912089,-0.099789456,-0.13113372,-0.07928583,-0.12734936,-0.19006202,-0.19346985,-0.19174327,-0.123240106,-0.07510035,-0.09693128,-0.11825946,-0.13629627,-0.12406494,-0.121451,-0.094281465,-0.096322104,-0.1081676,-0.082459606,-0.112569734,-0.13195002,-0.16701129,-0.1410757,-0.13612907,-0.18093297,-0.17825818,-0.19434059,-0.14450288,-0.15549555,-0.13523462,-0.119081676,-0.14001076,-0.19117098,-0.19151983,-0.18155345,-0.19755594,-0.25103784,-0.20219928,-0.1900695,-0.19124708,-0.18241253,-0.17384642,-0.27554205,-0.08916744,-0.11956477,-0.1274952,-0.15751183,-0.20931396,-0.18224281,-0.29657933,-0.32474133,-0.15214786,-0.3242122,-0.17325558,-0.17108874,-0.2185038,-0.17647925,-0.114121355,-0.13979542,-0.15388772,-0.15788373,-0.22984435,-0.18186735,-0.2571688,-0.10412721,-0.12455491,-0.13827454,-0.12380256,-0.15189947,-0.15493616,-0.15603934,-0.14014931,-0.15141064,-0.1629945,-0.15525366,-0.15342584,-0.15300483,-0.1336623,-0.122724004,-0.14606252,-0.1902089,-0.17692879,-0.21025829,-0.3990198,-0.2020976,-0.11316576,-0.1296617,-0.11834626,-0.14760774,-0.16636807,-0.1866447,-0.1915839,-0.13139716,-0.07621877,-0.15288228,-0.13949794,-0.14106366,-0.11755659,-0.19987361,-0.1649412,-0.15866841,-0.14136648,-0.12336687,-0.12722544,-0.14610182,-0.2588673,-0.10695258,-0.13074079,-0.09132757,-0.12832497,-0.12880145,-0.14958996,-0.15164438,-0.09598606,-0.08910369,-0.12402235,-0.11022498,-0.13762632,-0.1506052,-0.17024264,-0.14278175,-0.115994066,-0.17395976,-0.15166745,-0.14217256,-0.12529351,-0.14167167,-0.17466888,-0.13176009,-0.13193898,-0.14570418,-0.122700915,-0.08722703,-0.05825615,-0.14330952,-0.17082691,-0.026243303,-0.16672134,-0.2829064,-0.31316653,-0.19795445,-0.14552101,-0.14331596,-0.14862512,-0.12963767,-0.25088155,-0.19415794,-0.18853499,-0.09416907,-0.10909031,-0.10702289,-0.09332505,-0.12759323,-0.15264009,-0.15746465,-0.16710773,-0.12812386,-0.0969081,-0.16398169,-0.14341353,-0.11335766,-0.18846886,-0.1706479,-0.15386829,-0.12561765,-0.115196005,-0.112550765,-0.11662802,-0.1759482,-0.13830416,-0.13426414,-0.096878245,-0.120941766,-0.09127812,-0.12434345,-0.13558483,-0.063823454,-0.13877153,-0.11419349,-0.13355416,-0.24483351,-0.2571875,-0.29957527,-0.1461086,-0.15671708,-0.13193524,-0.19104545,-0.0782174,-0.1723899,-0.16427371,-0.09859173,-0.11065883,-0.11429252,-0.076612435,-0.083404,-0.1213824,-0.13072303,-0.13855581,-0.19385117,-0.09889212,-0.1555441,-0.19487974,-0.19106513,-0.18687415,-0.11088078,-0.14303398,-0.1026029,-0.15920267,-0.19409493,-0.17266077,-0.1689252,-0.14266883,-0.14244854,-0.10147987,-0.15304385,-0.16152921,-0.18088415,-0.19519314,-0.12091928,-0.14726594,-0.113461636,-0.07958256,-0.14271986,-0.20725825,-0.16080147,-0.125103,-0.15657571,-0.15690626,-0.14354375,-0.19202894,-0.16245459,-0.1818923,-0.2963242,-0.19841462,-0.18099971,-0.1716538,-0.19308484,-0.15742275,-0.14054683,-0.13009235,2.7759805,-0.13809082,-0.16309687,-0.30584824,-0.16683662,-0.1811992,-0.19272168,-0.11441202,-0.15032743,-0.14042704,-0.17796132,-0.16691273,-0.16438884,-0.14331086,-0.18237996,-0.12809211,-0.15328658,-0.13714935,-0.24156228,-0.17960574,-0.102895185,-0.13513738,-0.14173564,-0.17448878,-0.10994729,-0.13435102,-0.15208924,-0.15999492,-0.181971,-0.15397468,-0.14897308,-0.19184028,-0.17539573,-0.16405937,-0.14723541,-0.14623587,-0.11499533,-0.10471026,-0.13463217,-0.20148799,-0.17702028,-0.12513243,-0.16595587,-0.18041904,-0.18738703,-0.11705899,-0.17627795,-0.2596838,-0.092236415,-0.09191009,-0.114506826,-0.13576685,-0.14785957,-0.09806548,-0.18901742
k__Bacteria|p__Firmicutes|c__CFGB3009|o__OFGB3009|f__FGB3009|g__GGB9474|s__GGB9474_SGB14868,-0.1004395,-0.12316422,-0.14145063,-0.20428483,-0.16795719,-0.19356227,-0.1666669,-0.14545798,-0.12504356,-0.18384525,-0.18361063,-0.22449538,-0.16801934,-0.2051818,-0.10321948,-0.09913875,-0.058144663,-0.09971742,-0.107900456,-0.17099266,-0.1978925,-0.12536043,-0.1365805,-0.15283863,-0.17180623,-0.11658599,-0.16780978,-0.17442504,-0.1509206,-0.12124001,-0.13544075,-0.105798595,-0.14856426,-0.19590622,-0.18934295,-0.2175087,-0.16183281,-0.22338755,-0.19764271,-0.29867563,-0.29210672,-0.19797675,-0.10738516,-0.09162698,-0.13691942,-0.15517128,-0.23188588,-0.19387686,-0.1469015,-0.2026537,-0.18512821,-0.18279888,-0.19775271,-0.19808133,-0.2024205,-0.15711461,-0.12595303,-0.14403433,-0.0923316,-0.09567006,-0.17180258,-0.14261672,-0.13743341,-0.14726004,-0.12719077,-0.15117204,-0.2613474,-0.22333384,-0.18958843,-0.20047067,-0.14608252,-0.1496504,-0.13093586,-0.14281882,-0.15097854,-0.16468763,-0.14721772,-0.16278498,-0.16000086,-0.14998752,-0.1476465,-0.15734199,-0.15341112,-0.22480208,-0.120334074,-0.14165705,-0.11838678,-0.16139165,-0.17462689,-0.1558168,-0.1685107,-0.11139822,-0.1388583,-0.13027036,-0.1287671,-0.15152657,-0.14286435,-0.11557907,-0.10065024,-0.09042373,-0.105430365,-0.120643444,-0.13521759,-0.15027548,-0.16084056,-0.1185138,-0.11129953,-0.1578567,-0.17738779,-0.13358918,-0.16404772,-0.25953975,-0.14897393,-0.13281308,-0.1416029,-0.15095688,-0.17780018,-0.16376579,-0.22917573,-0.09015879,-0.11018093,-0.13496396,-0.12976983,-0.13997786,-0.17397223,-0.13908121,-0.16057305,-0.12777606,-0.07092635,-0.03704006,-0.13716237,-0.1624334,-0.17923966,-0.14332479,-0.12334781,-0.13591957,-0.12023825,-0.13848214,-0.25318068,-0.26654312,-0.0835928,-0.10945694,-0.14468268,-0.09238048,-0.1878036,-0.1906631,-0.15297842,-0.09034746,-0.13230102,-0.14972898,-0.15052825,-0.15925097,-0.17091769,-0.18416916,-0.08789155,-0.12373762,-0.14172912,-0.10256614,-0.17951453,-0.19495486,-0.19141129,-0.100136764,-0.13113372,-0.07915363,-0.12759116,-0.19006202,-0.19386762,-0.1919131,-0.12372901,-0.07557546,-0.0971041,-0.11842164,-0.13661137,-0.12406494,-0.121451,-0.09453294,-0.096500136,-0.10846348,-0.082459606,-0.11265245,-0.13231254,-0.16742425,-0.1410757,-0.13655302,-0.18093297,-0.17825818,-0.19430882,-0.14476734,-0.15549555,-0.13558799,-0.119081676,-0.14001076,-0.19117098,-0.1915523,-0.18181877,-0.19755594,-0.25103784,-0.20219928,-0.1905714,-0.19153245,-0.18263432,-0.17403823,-0.27554205,-0.08916744,-0.11956477,-0.12796111,-0.15751183,-0.20931396,-0.18224281,-0.29657933,-0.32474133,-0.15006913,-0.3242122,-0.17325558,-0.17108874,-0.2185038,-0.17647925,-0.114121355,-0.14014891,-0.15388772,-0.15788373,-0.22984435,-0.18186735,-0.25517058,-0.104485415,-0.12455491,-0.13869132,-0.12429631,-0.15189947,-0.15538749,-0.15671591,-0.14014931,-0.15141064,-0.16365957,-0.15575072,-0.15389751,-0.15330645,-0.13391322,-0.123315185,-0.1466066,-0.19078505,-0.17737277,-0.21025829,-0.3990198,-0.19882822,-0.1134637,-0.1296617,-0.11840099,-0.14804634,-0.16636807,-0.18703176,-0.19202158,-0.1317893,-0.07671574,-0.15326172,-0.14006853,-0.14106366,-0.11806441,-0.19987361,-0.1649412,-0.15914664,-0.14149728,-0.12362634,-0.12722544,-0.14610182,-0.2588673,-0.10725878,-0.13074079,-0.09132757,-0.12832497,-0.1293687,-0.15017042,-0.15220733,-0.09638044,-0.08910369,-0.12431592,-0.110643126,-0.13786791,-0.15107849,-0.17056417,-0.1432311,-0.116553254,-0.17409104,-0.15212569,-0.1425536,-0.1255152,-0.1421152,-0.17466888,-0.13176009,-0.13235989,-0.14593089,-0.12303379,-0.08722703,-0.05825615,-0.14360067,-0.17082691,-0.026243303,-0.16647145,-0.2829064,-0.31316653,-0.19654337,-0.14596125,-0.14331596,-0.14862512,-0.12963767,-0.25088155,-0.19421893,-0.18894258,-0.09473206,-0.10937618,-0.10702289,-0.093551405,-0.12759323,-0.1528481,-0.15746465,-0.16739872,-0.12812386,-0.0969081,-0.16398169,-0.14400113,-0.11335766,-0.18846886,-0.1706479,-0.15436442,-0.1259764,-0.115196005,-0.1128504,-0.11662802,-0.17621982,-0.13876691,-0.1346709,-0.096878245,-0.12098588,-0.091724515,-0.12434345,-0.13610868,-0.063823454,-0.13877153,-0.11419349,-0.13391027,-0.24483351,-0.2571875,-0.29957527,-0.14646363,-0.15704249,-0.13229226,-0.19104545,-0.0782174,-0.1724191,-0.16459428,-0.09859173,-0.11065883,-0.1148843,-0.076612435,-0.083404,-0.1213824,-0.13072303,-0.13855581,-0.19385117,-0.09923391,-0.15585047,-0.19487974,-0.19155711,-0.18709698,-0.11140834,-0.14324392,-0.103085786,-0.15973192,-0.19432025,-0.17268987,-0.16956389,-0.1430869,-0.14269668,-0.10172367,-0.15329662,-0.16178942,-0.1811705,-0.19520482,-0.12138069,-0.14749075,-0.11389492,-0.07992481,-0.14285979,-0.20725825,-0.16147098,-0.125103,-0.15657571,-0.15690626,-0.14369823,-0.19202894,-0.16304791,-0.18246958,-0.2963242,-0.19768584,-0.18078744,-0.1718482,-0.19313022,-0.15743686,-0.14054683,-0.13056871,-0.12557748,-0.13841164,-0.16362017,-0.30584824,-0.16711332,-0.18170741,-0.19314833,-0.11441202,-0.15063982,-0.14071675,-0.17825285,-0.16724542,-0.16484198,-0.14331086,-0.18237996,-0.1285013,-0.15343678,-0.1372697,-0.24156228,-0.17996879,-0.10334404,-0.13538182,-0.14214018,-0.17492983,-0.11044912,-0.13464168,-0.15265839,-0.160315,-0.18235233,-0.1542775,-0.14944643,-0.19184028,-0.17592132,-0.16457212,-0.14723541,-0.14623587,-0.11499533,-0.10471026,-0.13484018,-0.20148799,-0.17772844,-0.12513243,-0.16607553,-0.18041904,-0.18738703,-0.11705899,-0.17661497,-0.2595883,-0.092545345,-0.092231184,-0.11482777,-0.13599469,-0.14815128,-0.09845297,-0.18937379
k__Bacteria|p__Firmicutes|c__Clostridia|o__Eubacteriales|f__Oscillospiraceae|g__Massiliimalia|s__Massiliimalia_massiliensis,-0.1004395,-0.12316422,-0.14140567,-0.20428483,-0.16687343,-0.19378278,-0.1666669,-0.14524995,-0.12480048,-0.18404976,-0.18346992,-0.22610663,-0.16976543,-0.20584321,-0.10321755,-0.09944219,-0.058144663,-0.099933915,-0.10732392,-0.17117497,-0.1978925,-0.12536043,-0.13651276,-0.15268862,-0.1717625,-0.11658599,-0.16778484,-0.17473833,-0.1509206,-0.12124001,-0.13526425,-0.10537955,-0.14835246,-0.19616626,-0.18974389,-0.2175087,-0.16061951,-0.22338755,-0.19736688,-0.29867563,-0.29210672,-0.19861746,-0.107352644,-0.09162698,-0.13691942,-0.15518093,-0.23188588,-0.19421563,-0.14663568,-0.2026537,-0.18358298,-0.18279888,-0.19731383,-0.19845548,-0.20359889,-0.15880334,-0.12580821,-0.14408302,-0.09216084,-0.09538024,-0.17154649,-0.14274584,-0.13743341,-0.14714685,-0.12719077,-0.15127784,-0.2613474,-0.22333384,-0.18906803,-0.20047067,-0.14603357,-0.14950529,-0.13066913,-0.14285246,-0.15125918,-0.16468903,-0.14705293,-0.16278498,-0.15940517,-0.14998752,-0.14736038,-0.1570279,-0.15349469,-0.22480208,-0.120334074,-0.14164738,-0.118229,-0.16142312,-0.17444403,-0.15563159,-0.16860601,-0.11139822,-0.1388583,-0.13027036,-0.12874775,-0.15152657,-0.1426894,-0.11575152,-0.10065024,-0.0902967,-0.105503604,-0.12061688,-0.13506997,-0.15027548,-0.16083647,-0.1185138,-0.11129953,-0.1578567,-0.17738779,-0.13382936,-0.16352941,-0.25953975,-0.14881942,-0.13252965,-0.14155868,-0.15095688,-0.17780018,-0.16348797,-0.22917573,-0.09015879,-0.110029176,-0.13477868,-0.12975039,-0.13997786,-0.17394307,-0.13908121,-0.16057305,-0.12777606,-0.07092635,-0.03704006,-0.1371193,-0.1623785,-0.17946649,-0.14332479,-0.12334781,-0.13580486,-0.12023825,-0.13824075,-0.25318068,-0.26654312,-0.083285734,-0.10945694,-0.14485383,-0.09238048,-0.18803081,-0.19060354,-0.15309739,-0.090085484,-0.13230102,-0.1496718,-0.15047532,-0.15921745,-0.17083806,-0.18438724,-0.087554544,-0.124132864,-0.14158054,-0.10256614,-0.17951453,-0.19495486,-0.1917731,-0.09991431,-0.13113372,-0.07920785,-0.12777245,-0.19006202,-0.19377524,-0.19201866,-0.12384626,-0.07508205,-0.097013235,-0.11842064,-0.1366874,-0.12406494,-0.121451,-0.094414,-0.096506655,-0.108540915,-0.082459606,-0.11283754,-0.13248102,-0.16774756,-0.1410757,-0.13624224,-0.18093297,-0.17825818,-0.19438535,-0.14479116,-0.15549555,-0.13567989,-0.119081676,-0.14001076,-0.19117098,-0.19141407,-0.18160643,-0.19755594,-0.25103784,-0.20219928,-0.19011968,-0.19114056,-0.18276799,-0.17373137,-0.27554205,-0.08916744,-0.11956477,-0.12761518,-0.15751183,-0.20931396,-0.18224281,-0.29657933,-0.32474133,-0.15212932,-0.3242122,-0.17325558,-0.17108874,-0.2185038,-0.17647925,-0.114121355,-0.13979016,-0.15388772,-0.15788373,-0.22984435,-0.18186735,-0.2565815,-0.10423531,-0.12455491,-0.13862216,-0.12419504,-0.15189947,-0.15545729,-0.15676644,-0.14014931,-0.15141064,-0.16355658,-0.15535799,-0.15374863,-0.1531859,-0.13406587,-0.1229103,-0.1463811,-0.19071701,-0.17747454,-0.21025829,-0.3990198,-0.2034317,-0.11344056,-0.1296617,-0.11866087,-0.14802355,-0.16636807,-0.18724638,-0.19200416,-0.13165312,-0.076213956,-0.15338917,-0.13973162,-0.14106366,-0.11855218,-0.19987361,-0.1649412,-0.15861213,-0.1415044,-0.12364468,-0.12722544,-0.14610182,-0.2588673,-0.10714489,-0.13074079,-0.09132757,-0.12832497,-0.12930763,-0.14985983,-0.15236133,-0.09627625,-0.08910369,-0.12441279,-0.110387385,-0.13793197,-0.1509023,-0.17088069,-0.14302397,-0.1162108,-0.17430416,-0.15202287,-0.14257903,-0.12522024,-0.14259394,-0.17466888,-0.13176009,-0.13221365,-0.14603063,-0.12312273,-0.08722703,-0.05825615,-0.14365469,-0.17082691,-0.026243303,-0.16695578,-0.2829064,-0.31316653,-0.19875303,-0.14584234,-0.14331596,-0.14862512,-0.12963767,-0.25088155,-0.19421834,-0.18899666,-0.09435345,-0.109362766,-0.10702289,-0.09384998,3.9643857,-0.15316603,2.6239684,-0.1675058,-0.12812386,-0.0969081,-0.16398169,-0.14424738,-0.11335766,-0.18846886,-0.1706479,-0.15399478,-0.12585238,-0.115196005,-0.11290364,-0.11662802,-0.17671603,-0.13869697,-0.13463187,-0.096878245,-0.12120804,-0.091654636,-0.12434345,-0.13621095,-0.063823454,-0.13877153,-0.11419349,-0.1336774,-0.24483351,-0.2571875,-0.29957527,-0.14629668,-0.15692326,-0.13213065,-0.19104545,-0.0782174,-0.17245853,-0.16479316,-0.09859173,-0.11065883,-0.11490641,-0.076612435,-0.083404,-0.1213824,-0.13072303,-0.13855581,-0.19385117,-0.09881049,-0.1556444,-0.19487974,-0.19129527,-0.1873351,-0.11118333,-0.14318123,-0.10297772,-0.15966523,-0.19435456,-0.17368001,-0.16924539,-0.14294192,-0.14274508,-0.10130715,-0.15340278,-0.1618594,-0.1810879,-0.19560519,-0.121215284,-0.14771664,-0.113741025,-0.07974173,-0.14296669,-0.20725825,-0.16103001,-0.125103,-0.15657571,-0.15690626,-0.14368245,-0.19202894,-0.1627225,-0.1824857,-0.2963242,-0.19707145,-0.18114887,-0.17177512,-0.19298077,-0.15760769,-0.14054683,-0.13034177,-0.12557748,-0.13841456,-0.1629999,-0.30584824,-0.16671896,-0.18147416,-0.19301654,-0.11441202,-0.15080029,-0.14064454,-0.17827173,-0.16714534,-0.16495465,-0.14331086,-0.18237996,-0.12801114,-0.15335116,-0.13703859,-0.24156228,-0.17955613,-0.10308346,-0.13518903,-0.14216834,-0.1748772,-0.11009304,-0.13450766,-0.15290825,-0.16037014,-0.18192853,-0.15453073,-0.14923266,-0.19184028,-0.17546117,-0.16478372,-0.14723541,-0.14623587,-0.11499533,-0.10471026,-0.13501006,-0.20148799,-0.17749177,-0.12513243,-0.16604447,-0.18041904,-0.18738703,-0.11705899,-0.17715293,-0.25967246,-0.09244014,-0.09215701,-0.114552855,-0.1361777,-0.1481651,-0.098109975,-0.18960491
k__Bacteria|p__Firmicutes|c__Clostridia|o__Eubacteriales|f__Lachnospiraceae|g__Lachnotalea|s__Lachnotalea_sp_AF33_28,-0.1004395,-0.12316422,-0.1412135,-0.20428483,-0.16653048,-0.19310005,-0.1666669,-0.14498258,-0.12459347,-0.18385717,-0.18295944,-0.22443983,-0.16838054,-0.20467375,-0.10244898,-0.09836552,-0.058144663,-0.09943916,-0.10721423,-0.1706667,-0.1978925,-0.12536043,-0.1360653,-0.15225378,-0.17125347,-0.11658599,-0.1672647,-0.17375018,-0.1509206,-0.12124001,-0.1348204,-0.10512184,-0.148163,-0.19562209,-0.18913798,-0.2175087,-0.1600524,-0.22338755,-0.19665983,-0.29867563,-0.29210672,-0.19819102,-0.10666716,-0.09162698,-0.13691942,-0.15465498,-0.23188588,-0.19341657,-0.14625543,-0.2026537,-0.18327492,-0.18279888,-0.19717458,-0.19801594,-0.20356536,-0.15775117,-0.12538904,-0.1435378,-0.091640145,-0.09513972,-0.17131442,-0.14208493,-0.13743341,-0.14665276,-0.12719077,-0.15099278,-0.2613474,-0.22333384,-0.18859106,-0.20047067,-0.14555515,-0.14899334,-0.13043496,-0.1426006,-0.15089789,-0.16398545,-0.14643997,-0.16278498,-0.15874471,-0.14998752,-0.14704865,-0.15678704,-0.15302613,-0.22480208,-0.120334074,-0.14127031,-0.11791385,-0.16101936,-0.17399827,-0.15513697,-0.1680735,-0.11139822,-0.1388583,-0.13027036,-0.12848087,-0.15152657,-0.14236826,-0.114959255,-0.10065024,-0.0899584,-0.10513517,-0.12019931,-0.13481534,-0.15027548,-0.16020617,-0.1185138,-0.11129953,-0.1578567,-0.17738779,-0.13312681,-0.16363019,-0.25953975,-0.14832802,-0.13222785,-0.14140008,-0.15095688,-0.17780018,-0.16303843,-0.22917573,-0.09015879,-0.1097018,-0.13445762,-0.12933323,-0.13997786,-0.17343892,-0.13908121,-0.16057305,-0.12777606,-0.07092635,-0.03704006,-0.13697666,-0.16211683,-0.17864734,-0.14332479,-0.12334781,-0.13543227,-0.12023825,-0.13831517,-0.25318068,-0.26654312,-0.08294527,-0.10945694,-0.14446533,-0.09238048,-0.18774998,-0.19019419,-0.15263358,-0.08973846,-0.13230102,-0.1493065,-0.1500302,-0.15871806,-0.17032677,-0.1837976,-0.0872031,-0.123197794,-0.14076887,-0.10256614,-0.17951453,-0.19495486,-0.19091454,-0.09969397,-0.13113372,-0.07919491,-0.12782475,-0.19006202,-0.19317836,-0.19144312,-0.123052455,-0.07458528,-0.096609995,-0.11811435,-0.1363554,-0.12406494,-0.121451,-0.09390175,-0.09608799,-0.10808218,-0.082459606,-0.1125907,-0.13220617,-0.16699274,-0.1410757,-0.13593405,-0.18093297,-0.17825818,-0.1938588,-0.14443955,-0.15549555,-0.13511452,-0.119081676,-0.14001076,-0.19117098,-0.19072807,-0.18092836,-0.19755594,-0.25103784,-0.20219928,-0.18986835,-0.19084698,-0.18235701,-0.17370826,-0.27554205,-0.08916744,-0.11956477,-0.12768358,-0.15751183,-0.20931396,-0.18224281,-0.29657933,-0.32474133,-0.15134656,-0.3242122,-0.17325558,-0.17108874,-0.2185038,-0.17647925,-0.114121355,-0.1395089,-0.15388772,-0.15788373,-0.22984435,-0.18186735,-0.25573274,-0.10390806,-0.12455491,-0.13834858,-0.12394881,-0.15189947,-0.15505847,-0.15606108,-0.14014931,-0.15141064,-0.16309054,-0.15490092,-0.1532731,-0.15274093,-0.13349065,-0.12273899,-0.14608413,-0.19049655,-0.17667544,-0.21025829,-0.3990198,-0.20216751,-0.11303905,-0.1296617,-0.11827581,-0.14789456,-0.16636807,-0.18671158,-0.1913915,-0.13115136,-0.07614486,-0.15309253,-0.13955839,-0.14106366,-0.11760539,-0.19987361,-0.1649412,-0.15813464,-0.14105296,-0.123260364,-0.12722544,-0.14610182,-0.2588673,-0.10677169,-0.13074079,-0.09132757,-0.12832497,-0.12906604,-0.14961821,-0.15158732,-0.09574877,-0.08910369,-0.12407029,-0.110201545,-0.13756265,-0.15065992,-0.170137,-0.14265427,-0.116024524,-0.17382859,-0.15165734,-0.14218256,-0.12501244,-0.14181602,-0.17466888,-0.13176009,-0.13192455,-0.14553605,-0.122419655,-0.08722703,-0.05825615,-0.1432029,-0.17082691,-0.026243303,-0.1656946,-0.2829064,-0.31316653,-0.19775426,-0.14539681,-0.14331596,-0.14862512,-0.12963767,-0.25088155,-0.19339061,-0.18833713,-0.09419064,-0.10886595,-0.10702289,-0.093565255,2.7815382,-0.1526948,0.7312304,-0.16667219,-0.12812386,-0.0969081,-0.16398169,-0.14358121,-0.11335766,-0.18846886,-0.1706479,-0.15345928,-0.1252521,-0.115196005,-0.112516746,-0.11662802,-0.17592146,-0.13816893,-0.13410363,-0.096878245,-0.12068088,-0.09138386,-0.12434345,-0.13557023,-0.063823454,-0.13877153,-0.11419349,-0.13361683,-0.24483351,-0.2571875,-0.29957527,-0.14590803,-0.15656199,-0.1319794,-0.19104545,-0.0782174,-0.17206785,-0.16408893,-0.09859173,-0.11065883,-0.1142847,-0.076612435,-0.083404,-0.1213824,-0.13072303,-0.13855581,-0.19385117,-0.09845976,-0.15540105,-0.19487974,-0.19082108,-0.18663745,-0.11083178,-0.14269845,-0.10259828,-0.15933461,-0.19385374,-0.17279902,-0.16897978,-0.14250079,-0.14212427,-0.10116677,-0.15315154,-0.16124341,-0.18067701,-0.19488244,-0.12093853,-0.14714786,-0.11331251,-0.079617254,-0.1428,-0.20725825,-0.16036168,-0.125103,-0.15657571,-0.15690626,-0.14312738,-0.19202894,-0.16226794,-0.18191656,-0.2963242,-0.19685835,-0.1809518,-0.17163211,-0.1928849,-0.1572018,-0.14054683,-0.1300092,-0.12557748,-0.13794225,-0.16285244,-0.30584824,-0.1662645,-0.18116674,-0.1923473,-0.11441202,-0.15062815,-0.14029887,-0.17777535,-0.16662325,-0.16425735,-0.14331086,-0.18237996,-0.12768747,-0.15309803,-0.13708341,-0.24156228,-0.17902237,-0.10273978,-0.13481599,-0.14175121,-0.17442447,-0.10979828,-0.13432539,-0.15229274,-0.15965304,-0.18148404,-0.15401107,-0.14897853,-0.19184028,-0.17505193,-0.16388173,-0.14723541,-0.14623587,-0.11499533,-0.10471026,-0.13495252,-0.20148799,-0.17680609,-0.12513243,-0.1651815,-0.18041904,-0.18738703,-0.11705899,-0.1764527,-0.25923732,-0.091908604,-0.09173455,-0.11436451,-0.1357952,-0.14776953,-0.098049834,-0.18907161
k__Bacteria|p__Firmicutes|c__Clostridia|o__Eubacteriales|f__Clostridiaceae|g__Clostridiaceae_unclassified|s__Clostridiaceae_bacterium_NSJ_33,-0.1004395,-0.12316422,-0.14336982,-0.20428483,-0.167816,-0.19415784,-0.1666669,-0.14516836,-0.12569246,-0.18356751,-0.1838624,-0.23769575,-0.17123853,-0.2080003,-0.10376642,-0.100905985,-0.058144663,-0.09978451,-0.108716846,-0.17118385,-0.1978925,-0.12536043,-0.13645,-0.15207186,-0.17222282,-0.11658599,-0.1676223,-0.17370406,-0.1509206,-0.12124001,-0.13536155,-0.106921725,-0.14896704,-0.19701236,-0.18966243,-0.2175087,-0.16207609,-0.22338755,-0.19921067,-0.29867563,-0.29210672,-0.19934893,-0.107407525,-0.09162698,-0.13691942,-0.156003,-0.23188588,-0.19475655,-0.14682016,-0.2026537,-0.18398747,-0.18279888,-0.1993717,-0.20181012,-0.20804986,-0.1568827,-0.12617743,-0.1440465,-0.092208736,-0.09636806,-0.17110212,-0.14219955,-0.13743341,-0.147302,-0.12719077,-0.15170807,-0.2613474,-0.22333384,-0.18911684,-0.20047067,-0.1455907,-0.14946094,-0.13161817,-0.14348048,-0.15009658,-0.16363937,-0.14615852,-0.16278498,-0.16022825,-0.14998752,-0.1475082,-0.15793903,-0.15349331,-0.22480208,-0.120334074,-0.14195135,-0.11917728,-0.16040538,-0.17397097,-0.15688232,-0.1683839,-0.11139822,-0.1388583,-0.13027036,-0.12860802,-0.15152657,-0.14250222,-0.115785345,-0.10065024,-0.09133795,-0.105775535,-0.12075804,-0.1352749,-0.15027548,-0.16025262,-0.1185138,-0.11129953,-0.1578567,-0.17738779,-0.13416263,-0.16602646,-0.25953975,-0.14920297,-0.13366184,-0.14282727,-0.15095688,-0.17780018,-0.1647565,-0.22917573,-0.09015879,-0.11072956,-0.13523555,-0.1303466,-0.13997786,-0.1745819,-0.13908121,-0.16057305,-0.12777606,-0.07092635,-0.03704006,-0.13776323,-0.16206133,-0.17913061,-0.14332479,-0.12334781,-0.13593557,-0.12023825,-0.13875654,-0.25318068,-0.26654312,-0.083880186,-0.10945694,-0.14423147,-0.09238048,-0.18824266,-0.19138235,-0.15424913,-0.0908112,-0.13230102,-0.15012614,-0.15101802,-0.15952328,-0.17109522,-0.18311962,-0.088845894,-0.12431383,-0.14159384,-0.10256614,-0.17951453,-0.19495486,-0.19149931,-0.100571126,-0.13113372,-0.08124249,-0.12864977,-0.19006202,-0.19403076,-0.19246837,-0.12313811,-0.075883135,-0.09762862,-0.11951742,-0.13701785,-0.12406494,-0.121451,-0.09525043,-0.09746752,-0.109001815,-0.082459606,-0.11329305,-0.13223341,-0.16679558,-0.1410757,-0.13728172,-0.18093297,-0.17825818,-0.19559933,-0.14547223,-0.15549555,-0.1358788,-0.119081676,-0.14001076,-0.19117098,-0.19264436,-0.1826019,-0.19755594,-0.25103784,-0.20219928,-0.19054253,-0.1923843,-0.18344752,-0.17529142,-0.27554205,-0.08916744,-0.11956477,-0.12858492,-0.15751183,-0.20931396,-0.18224281,-0.29657933,-0.32474133,-0.15777919,-0.3242122,-0.17325558,-0.17108874,-0.2185038,-0.17647925,-0.114121355,-0.14086667,-0.15388772,-0.15788373,-0.22984435,-0.18186735,-0.26402146,-0.105027735,-0.12455491,-0.13878506,-0.12446225,-0.15189947,-0.1545822,-0.15564597,-0.14014931,-0.15141064,-0.16261815,-0.15585059,-0.15364262,-0.15405025,-0.13490763,-0.12348631,-0.14675729,-0.19023322,-0.17768475,-0.21025829,-0.3990198,-0.20707957,-0.11379072,-0.1296617,-0.11882108,-0.14841506,-0.16636807,-0.18598771,-0.19224018,-0.13242075,-0.07712217,-0.15299024,-0.14027494,-0.14106366,-0.117940545,-0.19987361,-0.1649412,-0.15950486,-0.14275959,-0.12435608,-0.12722544,-0.14610182,-0.2588673,-0.10806054,-0.13074079,-0.09132757,-0.12832497,-0.12916914,-0.15006897,-0.15144351,-0.096656725,-0.08910369,-0.12472597,-0.111228734,-0.13853887,-0.15118563,-0.17069742,-0.14319904,-0.11680123,-0.17416698,-0.15225175,-0.14262785,-0.12639686,-0.14159755,-0.17466888,-0.13176009,-0.13260283,-0.14606073,-0.12347315,-0.08722703,-0.05825615,-0.14376815,-0.17082691,-0.026243303,-0.16840133,-0.2829064,-0.31316653,-0.2006967,-0.14597914,-0.14331596,-0.14862512,-0.12963767,-0.25088155,-0.19487002,-0.18867783,-0.09510377,-0.10954217,-0.10702289,-0.09391901,3.856989,-0.15353072,0.6456852,-0.16754447,-0.12812386,-0.0969081,-0.16398169,-0.14321487,-0.11335766,-0.18846886,-0.1706479,-0.15461212,-0.1260845,-0.115196005,-0.113585085,-0.11662802,-0.17559952,-0.13873108,-0.13451105,-0.096878245,-0.121891305,-0.09197268,-0.12434345,-0.13567461,-0.063823454,-0.13877153,-0.11419349,-0.13452648,-0.24483351,-0.2571875,-0.29957527,-0.14665532,-0.15713216,-0.13280578,-0.19104545,-0.0782174,-0.17269291,-0.16489911,-0.09859173,-0.11065883,-0.114213124,-0.076612435,-0.083404,-0.1213824,-0.13072303,-0.13855581,-0.19385117,-0.09961739,-0.15629333,-0.19487974,-0.19196521,-0.18781546,-0.11160332,-0.14350696,-0.10272363,-0.1586175,-0.19511738,-0.1726148,-0.1699886,-0.14322343,-0.14299741,-0.1032913,-0.15383825,-0.16215822,-0.18191688,-0.19648406,-0.12132478,-0.14714211,-0.11395663,-0.080325864,-0.14449419,-0.20725825,-0.16100983,-0.125103,-0.15657571,-0.15690626,-0.14434692,-0.19202894,-0.16307941,-0.18175334,-0.2963242,-0.20250466,-0.18313958,-0.17301013,-0.19458552,-0.15886682,-0.14054683,-0.13079253,-0.12557748,-0.1387606,-0.16553521,-0.30584824,-0.1677036,-0.18132165,-0.19359058,-0.11441202,-0.15087263,-0.14130393,-0.17861669,-0.16742894,-0.1646455,-0.14331086,-0.18237996,-0.12936503,-0.15420598,-0.139597,-0.24156228,-0.18032949,-0.10379872,-0.13604397,-0.14203191,-0.17431203,-0.1110435,-0.13514362,-0.15179372,-0.1600564,-0.18279737,-0.15406874,-0.14948401,-0.19184028,-0.17597,-0.16360962,-0.14723541,-0.14623587,-0.11499533,-0.10471026,-0.13577923,-0.20148799,-0.1769167,-0.12513243,-0.16673654,-0.18041904,-0.18738703,-0.11705899,-0.17520517,-0.2621963,-0.09316878,-0.092720404,-0.11553383,-0.13647157,-0.14859402,-0.099416554,-0.18904985
k__Bacteria|p__Firmicutes|c__Negativicutes|o__Veillonellales|f__Veillonellaceae|g__Veillonella|s__Veillonella_tobetsuensis,-0.1004395,-0.12316422,-0.14147349,-0.20428483,-0.16693273,-0.19281216,-0.1666669,-0.14469658,-0.12502882,-0.18299645,-0.18322217,-0.2210184,-0.16869581,-0.2028546,-0.10281141,-0.09885415,-0.058144663,-0.09932259,-0.10763304,-0.17036997,-0.1978925,-0.12536043,-0.1360403,-0.15186894,-0.17088214,-0.11658599,-0.16752999,-0.17334872,-0.1509206,-0.12124001,-0.13508755,-0.10549486,-0.14824209,-0.19463943,-0.18843669,-0.2175087,-0.16081172,-0.22338755,-0.19644812,-0.29867563,-0.29210672,-0.19682391,-0.1067681,-0.09162698,-0.13691942,-0.15493718,-0.23188588,-0.19342144,-0.14609106,-0.2026537,-0.18395154,-0.18279888,-0.196385,-0.1969769,-0.20066395,-0.15640002,-0.12535718,-0.14329037,-0.09196748,-0.09528156,-0.17078283,-0.14196062,-0.13743341,-0.14661229,-0.12719077,-0.1511018,-0.2613474,-0.22333384,-0.18829525,-0.20047067,-0.14510825,-0.14888002,-0.13034812,-0.14225698,-0.14972581,-0.16328129,-0.14601587,-0.16278498,-0.15942626,-0.14998752,-0.14704128,-0.1568367,-0.1528891,-0.22480208,-0.120334074,-0.14127587,-0.11812717,-0.16032396,-0.17333287,-0.15558949,-0.16778791,-0.11139822,-0.1388583,-0.13027036,-0.12823892,-0.15152657,-0.14270887,-0.11518219,-0.10065024,-0.090322286,-0.1050182,-0.11995141,-0.13460878,-0.15027548,-0.15996954,-0.1185138,-0.11129953,-0.1578567,-0.17738779,-0.1328707,-0.16372016,-0.25953975,-0.1484728,-0.13263121,-0.1412932,-0.15095688,-0.17780018,-0.16344136,-0.22917573,-0.09015879,-0.110285014,-0.13453567,-0.12923399,-0.13997786,-0.17359725,-0.13908121,-0.16057305,-0.12777606,-0.07092635,-0.03704006,-0.13698274,-0.16168678,-0.1784485,-0.14332479,-0.12334781,-0.13570002,-0.12023825,-0.1378953,-0.25318068,-0.26654312,-0.083365,-0.10945694,-0.14384955,-0.09238048,-0.18759657,-0.18990952,-0.15303046,-0.09014349,-0.13230102,-0.14939752,-0.15005977,-0.15852132,-0.17010693,-0.18275172,-0.08785467,-0.12327635,-0.14080332,-0.10256614,-0.17951453,-0.19495486,-0.19007558,-0.09979458,-0.13113372,-0.07888411,-0.12728333,-0.19006202,-0.19261645,-0.1910991,-0.12302057,-0.07528974,-0.09673196,-0.11813685,-0.13627785,-0.12406494,-0.121451,-0.0942017,-0.09636845,-0.10827915,-0.082459606,-0.1123935,-0.13192005,-0.16648307,-0.1410757,-0.13635969,-0.18093297,-0.17825818,-0.19350429,-0.14433002,-0.15549555,-0.13490862,-0.119081676,-0.14001076,-0.19117098,-0.19067183,-0.1812188,-0.19755594,-0.25103784,-0.20219928,-0.19019696,-0.19096825,-0.18214941,-0.17378369,-0.27554205,-0.08916744,-0.11956477,-0.12812465,-0.15751183,-0.20931396,-0.18224281,-0.29657933,-0.32474133,-0.15546605,-0.3242122,-0.17325558,-0.17108874,-0.2185038,-0.17647925,-0.114121355,-0.13999256,-0.15388772,-0.15788373,-0.22984435,-0.18186735,-0.2531145,-0.10413421,-0.12455491,-0.138344,-0.123837665,-0.15189947,-0.15448476,-0.15552461,-0.14014931,-0.15141064,-0.16239457,-0.15509363,-0.15312392,-0.1528841,-0.13363306,-0.12284912,-0.14616254,-0.18958339,-0.17661844,-0.21025829,-0.3990198,-0.2015611,-0.11312472,-0.1296617,-0.11782077,-0.14762576,-0.16636807,-0.18591276,-0.19108938,-0.13175403,-0.07641916,-0.15235135,-0.1396242,-0.14106366,-0.11786917,-0.19987361,-0.1649412,-0.15889275,-0.14137682,-0.12337126,-0.12722544,-0.14610182,-0.2588673,-0.107096285,-0.13074079,-0.09132757,-0.12832497,-0.12877586,-0.149752,-0.15128939,-0.09599659,-0.08910369,-0.123976514,-0.11035329,-0.13765648,-0.15062538,-0.16968647,-0.14258564,-0.11649355,-0.17354809,-0.15169027,-0.1420426,-0.12522301,-0.14138895,-0.17466888,-0.13176009,-0.13192701,-0.14536001,-0.122500375,-0.08722703,-0.05825615,-0.14317924,-0.17082691,-0.026243303,-0.1668103,-0.2829064,-0.31316653,-0.19745739,-0.14529577,-0.14331596,-0.14862512,-0.12963767,-0.25088155,-0.19292918,-0.18777019,-0.094520465,-0.10887435,-0.10702289,-0.09281637,-0.12759323,-0.15288123,-0.15746465,-0.16649222,-0.12812386,-0.0969081,-0.16398169,-0.14308366,-0.11335766,-0.18846886,-0.1706479,-0.15371363,-0.12542099,-0.115196005,-0.11240577,-0.11662802,-0.17540617,-0.13800782,-0.13379872,-0.096878245,-0.12066075,-0.091403514,-0.12434345,-0.13579103,-0.063823454,-0.13877153,-0.11419349,-0.13362563,4.32201,-0.2571875,-0.29957527,-0.14573207,-0.15634228,-0.13167669,-0.19104545,-0.0782174,-0.17166947,-0.16390526,-0.09859173,-0.11065883,-0.11453421,-0.076612435,-0.083404,-0.1213824,-0.13072303,-0.13855581,-0.19385117,-0.09855798,-0.15526628,-0.19487974,-0.190795,-0.1863063,-0.11098419,-0.14304304,-0.10246224,-0.158333,-0.19321671,-0.17168978,-0.16885933,-0.14250374,-0.14203338,-0.101855874,-0.15295887,-0.1612466,-0.18080615,-0.19437385,-0.12078552,-0.14675006,-0.113713816,-0.079869494,-0.1425172,-0.20725825,-0.16054285,-0.125103,-0.15657571,-0.15690626,-0.14348224,-0.19202894,-0.16237494,-0.18137899,-0.2963242,-0.19805029,-0.18095307,-0.17168856,-0.19267747,-0.15731663,-0.14054683,-0.13002408,-0.12557748,-0.13804755,-0.16337806,-0.30584824,-0.16702428,-0.1803981,-0.19232847,-0.11441202,-0.15023431,-0.14041921,-0.1777089,-0.16643013,-0.16401064,-0.14331086,-0.18237996,-0.12822065,-0.15323474,-0.13698038,-0.24156228,-0.1796521,-0.10293417,-0.13534576,-0.14134683,-0.17368034,-0.11032215,-0.13441929,-0.15157178,-0.15931302,-0.18185578,-0.1533506,-0.14847934,-0.19184028,-0.17513493,-0.16349632,-0.14723541,-0.14623587,-0.11499533,-0.10471026,-0.13468707,-0.20148799,-0.17652869,-0.12513243,-0.1663287,-0.18041904,-0.18738703,-0.11705899,-0.17515028,-0.25725532,-0.09228979,-0.09203409,-0.11462086,-0.13549495,-0.14751752,-0.098364465,-0.18830422
k__Bacteria|p__Firmicutes|c__Bacilli|o__Lactobacillales|f__Lactobacillaceae|g__Limosilactobacillus|s__Limosilactobacillus_vaginalis,-0.1004395,-0.12316422,-0.14042658,-0.20428483,-0.1668792,-0.19375731,-0.1666669,-0.1455718,-0.1248856,-0.18477027,-0.18311268,-0.21164142,-0.17054254,-0.20071709,-0.1026271,-0.097957805,-0.058144663,-0.09976536,-0.10728045,-0.17126685,-0.1978925,-0.12536043,-0.13691701,-0.15335554,-0.17161621,-0.11658599,-0.1684085,-0.17512244,-0.1509206,-0.12124001,-0.13549992,-0.10457127,-0.14847225,-0.19481617,-0.18956494,-0.2175087,-0.16053955,-0.22338755,-0.19591904,-0.29867563,-0.29210672,-0.19710642,-0.10711714,-0.09162698,-0.13691942,-0.15503024,-0.23188588,-0.19378789,-0.1469394,-0.2026537,-0.18432099,-0.18279888,-0.19534859,-0.19564171,-0.19802032,-0.15972388,-0.12568226,-0.14402184,-0.092440575,-0.09510067,-0.17213199,-0.14315297,-0.13743341,-0.14724138,-0.12719077,-0.15179196,-0.2613474,-0.22333384,-0.18920143,-0.20047067,-0.14628181,-0.14974403,-0.13024358,-0.14250657,-0.15178478,-0.16500127,-0.14787717,-0.16278498,-0.15941915,-0.14998752,-0.14777905,-0.15693834,-0.15374175,-0.22480208,-0.120334074,-0.14178982,-0.11802061,-0.16203202,-0.17482814,-0.1553711,-0.16898832,-0.11139822,-0.1388583,-0.13027036,-0.12909973,-0.15152657,-0.14350156,-0.11584636,-0.10065024,-0.08976543,-0.10533019,-0.12037947,-0.13516624,-0.15027548,-0.16131645,-0.1185138,-0.11129953,-0.1578567,-0.17738779,-0.13364181,-0.162659,-0.25953975,-0.14897813,-0.13228121,-0.14100127,-0.15095688,-0.17780018,-0.16309132,-0.22917573,-0.09015879,-0.110233694,-0.13473497,-0.12947157,-0.13997786,-0.17380534,-0.13908121,-0.16057305,-0.12777606,-0.07092635,-0.03704006,-0.13686293,-0.16285057,-0.17968348,-0.14332479,-0.12334781,-0.13618793,-0.12023825,-0.13841888,-0.25318068,-0.26654312,-0.08330118,-0.10945694,-0.14520258,-0.09238048,-0.18841825,-0.18992862,-0.15290742,-0.0899992,-0.13230102,-0.14981134,-0.1503423,-0.15920094,-0.17079139,-0.18506023,-0.0871271,-0.12363997,-0.14125635,-0.10256614,-0.17951453,-0.19495486,-0.19163054,-0.09985086,-0.13113372,-0.07764882,-0.12749586,-0.19006202,-0.19340381,-0.19180417,-0.12421161,-0.074907735,-0.0966604,-0.117801584,-0.13666758,-0.12406494,-0.121451,-0.093979016,-0.09600447,-0.10827956,-0.082459606,-0.112537414,-0.1327101,-0.16810355,-0.1410757,-0.13625991,-0.18093297,-0.17825818,-0.1935689,-0.14436136,-0.15549555,-0.1355325,-0.119081676,-0.14001076,-0.19117098,-0.1905297,-0.18126313,-0.19755594,-0.25103784,-0.20219928,-0.19089164,-0.1907318,-0.18268143,-0.17325369,-0.27554205,-0.08916744,-0.11956477,-0.12786725,-0.15751183,-0.20931396,-0.18224281,-0.29657933,-0.32474133,-0.1513687,-0.3242122,-0.17325558,-0.17108874,-0.2185038,-0.17647925,-0.114121355,-0.13969924,-0.15388772,-0.15788373,-0.22984435,-0.18186735,-0.24804607,-0.10401982,-0.12455491,-0.13885382,-0.124325946,-0.15189947,-0.15595938,-0.157337,-0.14014931,-0.15141064,-0.16412877,-0.15547588,-0.15404885,-0.15282878,-0.13368736,-0.12320038,-0.1466738,-0.19133332,-0.1770443,-0.21025829,-0.3990198,-0.19923042,-0.11343375,-0.1296617,-0.11812651,-0.148275,-0.16636807,-0.18795785,-0.19193968,-0.13170937,-0.07617449,-0.15351312,-0.13995367,-0.14106366,-0.11891811,-0.19987361,-0.1649412,-0.15877403,-0.14095214,-0.12336566,-0.12722544,-0.14610182,-0.2588673,-0.106885426,-0.13074079,-0.09132757,-0.12832497,-0.12975946,-0.15022068,-0.15295798,-0.09613528,-0.08910369,-0.12429455,-0.11013566,-0.13793072,-0.15104154,-0.17089234,-0.1431868,-0.11665538,-0.17447764,-0.15217331,-0.14283076,-0.12473856,-0.14336702,-0.17466888,-0.13176009,-0.13242234,-0.14596835,-0.122856334,-0.08722703,-0.05825615,-0.14376366,-0.17082691,-0.026243303,-0.16580822,-0.2829064,-0.31316653,-0.19661431,-0.14603461,-0.14331596,1.1826513,-0.12963767,-0.25088155,-0.19344395,-0.18921995,-0.094458506,-0.109305896,-0.10702289,-0.093454115,-0.12759323,-0.15330082,-0.15746465,-0.16738467,-0.12812386,-0.0969081,-0.16398169,-0.14468351,-0.11335766,-0.18846886,-0.1706479,-0.15410402,-0.12589006,-0.115196005,-0.11263271,-0.11662802,-0.17727554,-0.13869673,-0.13455068,-0.096878245,-0.120549835,-0.091676496,-0.12434345,-0.13699722,-0.063823454,-0.13877153,-0.11419349,-0.13361354,-0.24483351,-0.2571875,-0.29957527,-0.1462174,-0.15704551,-0.13186234,-0.19104545,-0.0782174,-0.17236164,-0.16466269,-0.09859173,-0.11065883,-0.11560254,-0.076612435,-0.083404,-0.1213824,-0.13072303,-0.13855581,-0.19385117,-0.09855694,-0.15563795,-0.19487974,-0.19120048,-0.18698028,-0.1112615,-0.14333567,-0.10329911,-0.16021065,-0.19373268,-0.17358309,-0.16912094,-0.14294732,-0.14251709,-0.10065828,-0.15340614,-0.16183163,-0.18101011,-0.19460419,-0.12140917,-0.14792387,-0.1140589,-0.079884216,-0.14202395,-0.20725825,-0.16136384,-0.125103,-0.15657571,-0.15690626,-0.1435728,-0.19202894,-0.16288228,-0.18313685,-0.2963242,-0.19388117,-0.18014123,-0.17126171,-0.19218284,-0.1568966,-0.14054683,-0.13026881,-0.12557748,-0.13825427,-0.16252919,-0.30584824,-0.16665669,-0.1815253,-0.19289444,-0.11441202,-0.15097809,-0.14060238,-0.17837282,-0.1670266,-0.16534407,-0.14331086,-0.18237996,-0.12779081,-0.15335512,-0.13570103,-0.24156228,-0.17961067,-0.10298196,-0.13520883,-0.14232147,-0.17499493,-0.11024462,-0.13446586,-0.15349893,-0.16049892,-0.18179563,-0.15481444,-0.14910993,-0.19184028,-0.17551896,-0.16551082,-0.14723541,-0.14623587,-0.11499533,-0.10471026,-0.13488066,-0.20148799,-0.1780583,-0.12513243,-0.16619304,-0.18041904,-0.18738703,-0.11705899,-0.17833665,-0.2560637,-0.092073664,-0.092066064,-0.11427106,-0.13599814,-0.14792699,-0.09787187,-0.18978673
k__Bacteria|p__Firmicutes|c__Clostridia|o__Eubacteriales|f__Clostridiaceae|g__Clostridiaceae_unclassified|s__Clostridiaceae_bacterium_Marseille_Q4143,-0.1004395,-0.12316422,-0.14118387,-0.20428483,-0.16700989,-0.19307053,-0.1666669,-0.14468887,-0.12478174,-0.18282531,-0.18335155,-0.2215818,-0.17028359,-0.20398235,-0.103075735,-0.09913899,-0.058144663,-0.09936325,-0.107755266,-0.17023602,-0.1978925,-0.12536043,-0.13612105,-0.15200952,-0.17120585,-0.11658599,-0.16738603,-0.17346762,-0.1509206,-0.12124001,-0.13482612,-0.10562059,-0.14793465,-0.1950115,-0.18854393,-0.2175087,-0.16078553,-0.22338755,-0.19654846,-0.29867563,-0.29210672,-0.19712168,-0.10707614,-0.09162698,-0.13691942,-0.15481915,-0.23188588,-0.19354975,-0.14628059,-0.2026537,-0.18383323,-0.18279888,-0.19617894,-0.19735149,-0.20072733,-0.15725702,-0.12543623,-0.14346397,-0.09208141,-0.09542894,-0.17088741,-0.142071,-0.13743341,-0.14668374,-0.12719077,-0.15104605,-0.2613474,-0.22333384,-0.18860397,-0.20047067,-0.14531422,-0.14904004,-0.1303289,-0.14230344,-0.1501297,-0.1635195,-0.14623633,-0.16278498,-0.15951605,-0.14998752,-0.14700255,-0.15681288,-0.15284202,-0.22480208,-0.120334074,-0.14125042,-0.118098356,-0.16051997,-0.17352657,-0.15547134,-0.16769436,-0.11139822,-0.1388583,-0.13027036,-0.12826028,-0.15152657,-0.14244491,-0.115235314,-0.10065024,-0.090326495,-0.10522574,-0.12012918,-0.13470548,-0.15027548,-0.16002607,-0.1185138,-0.11129953,-0.1578567,-0.17738779,-0.13315806,-0.16308007,-0.25953975,-0.14844126,-0.13248496,-0.14119028,-0.15095688,-0.17780018,-0.16337296,-0.22917573,-0.09015879,-0.10999283,-0.13440266,-0.12934336,-0.13997786,-0.17350075,-0.13908121,-0.16057305,-0.12777606,-0.07092635,-0.03704006,-0.13675737,-0.16173497,-0.17842597,-0.14332479,-0.12334781,-0.13569868,-0.12023825,-0.1378969,-0.25318068,-0.26654312,-0.08361828,-0.10945694,-0.14403439,-0.09238048,-0.1874094,-0.18980974,-0.15301123,-0.09033269,-0.13230102,-0.14926147,-0.15001765,-0.15861332,-0.1701743,-0.18311697,-0.08799979,-0.12334954,-0.14098847,-0.10256614,-0.17951453,-0.19495486,-0.19055417,-0.09983865,-0.13113372,-0.0789869,-0.12733774,-0.19006202,-0.19297725,-0.1912176,-0.12314441,-0.07572254,-0.09694046,-0.1181421,-0.13623664,-0.12406494,-0.121451,-0.09443908,-0.09659619,-0.10835653,-0.082459606,-0.11253226,-0.1320404,-0.16660531,-0.1410757,-0.13614434,-0.18093297,-0.17825818,-0.19378567,-0.14423577,-0.15549555,-0.1349628,-0.119081676,-0.14001076,-0.19117098,-0.19096914,-0.18110262,-0.19755594,-0.25103784,-0.20219928,-0.19009344,-0.1906905,-0.18215379,-0.17346305,-0.27554205,-0.08916744,-0.11956477,-0.12775186,-0.15751183,-0.20931396,-0.18224281,-0.29657933,-0.32474133,-0.15319593,-0.3242122,-0.17325558,-0.17108874,-0.2185038,-0.17647925,-0.114121355,-0.13979658,-0.15388772,-0.15788373,-0.22984435,-0.18186735,-0.2540874,-0.104265586,-0.12455491,-0.13823344,-0.123831294,-0.15189947,-0.15474354,-0.15571913,-0.14014931,-0.15141064,-0.1625521,-0.15506072,-0.15315098,-0.15273339,-0.13371027,-0.122817695,-0.14597787,-0.1897411,-0.176593,-0.21025829,-0.3990198,-0.20091674,-0.11327685,-0.1296617,-0.11792359,-0.14749506,-0.16636807,-0.18611772,-0.19118096,-0.13150586,-0.076821215,-0.15233788,-0.13960603,-0.14106366,-0.11749651,-0.19987361,-0.1649412,-0.1586639,-0.14116624,-0.1234363,-0.12722544,-0.14610182,-0.2588673,-0.10709141,-0.13074079,-0.09132757,-0.12832497,-0.12883422,-0.14963657,-0.15151092,-0.0962279,-0.08910369,-0.12395589,-0.11042614,-0.13758923,-0.15049255,-0.16985801,-0.14256215,-0.116330445,-0.17348558,-0.15159927,-0.14207867,-0.12528206,-0.14154565,-0.17466888,-0.13176009,-0.13191727,-0.14542633,-0.12276271,-0.08722703,-0.05825615,-0.14311627,-0.17082691,-0.026243303,-0.1662842,-0.2829064,-0.31316653,-0.19714059,-0.1453525,-0.14331596,-0.14862512,-0.12963767,-0.25088155,-0.19351079,-0.18798546,-0.094600186,-0.1090575,-0.10702289,-0.09319766,-0.12759323,-0.15254886,-0.15746465,-0.16666564,-0.12812386,-0.0969081,-0.16398169,-0.14328122,-0.11335766,-0.18846886,-0.1706479,-0.15376456,-0.12557316,-0.115196005,-0.1124973,-0.11662802,-0.17564966,-0.13809176,-0.13412955,-0.096878245,-0.1208182,-0.09160623,-0.12434345,-0.13570207,-0.063823454,-0.13877153,-0.11419349,-0.13339812,-0.24483351,-0.2571875,-0.29957527,-0.14579621,-0.1564424,-0.13165693,-0.19104545,-0.0782174,-0.17174847,-0.16383722,-0.09859173,-0.11065883,-0.11447403,-0.076612435,-0.083404,-0.1213824,-0.13072303,-0.13855581,-0.19385117,-0.09903571,-0.15504488,-0.19487974,-0.19073123,-0.18638426,-0.11105423,-0.14309436,-0.102797866,-0.15846369,-0.19342446,-0.17175068,-0.1688362,-0.14252229,-0.14218497,-0.101656504,-0.15279338,-0.16126065,-0.18061598,-0.19454852,-0.12094899,-0.14689583,-0.11368784,-0.07998781,-0.14198382,-0.20725825,-0.16065857,-0.125103,-0.15657571,-0.15690626,-0.14345588,-0.19202894,-0.16228744,-0.18151508,-0.2963242,-0.19764894,-0.18043621,-0.17156018,-0.19257891,-0.15711464,-0.14054683,-0.1300438,-0.12557748,-0.13801286,-0.163012,-0.30584824,-0.16655068,-0.18065807,-0.19240871,-0.11441202,-0.15008955,-0.14041287,-0.17757203,-0.16644984,-0.16422758,-0.14331086,-0.18237996,-0.12804525,-0.15300405,-0.13642685,-0.24156228,-0.17961884,-0.10308422,-0.13520935,-0.1415061,-0.17382458,-0.110427216,-0.13424653,-0.15178365,-0.15959118,-0.18173672,-0.15362978,-0.14864752,-0.19184028,-0.17515825,-0.16374883,-0.14723541,-0.14623587,-0.11499533,-0.10471026,-0.13446283,-0.20148799,-0.1767754,-0.12513243,-0.16619313,-0.18041904,-0.18738703,-0.11705899,-0.17559002,-0.25811738,-0.09252557,-0.092222586,-0.11454101,-0.1355383,-0.14760694,-0.09840892,-0.18843472
k__Bacteria|p__Firmicutes|c__Clostridia|o__Eubacteriales|f__Clostridiaceae|g__Clostridium|s__Clostridium_sp_AF27_2AA,-0.1004395,-0.12316422,-0.14264047,-0.20428483,-0.16689977,-0.19374539,-0.1666669,-0.144826,-0.12561479,-0.18335237,-0.18406698,-0.22789562,-0.17043775,-0.20502004,-0.10318093,-0.09954086,-0.058144663,-0.09904611,-0.10791087,-0.17085454,-0.1978925,-0.12536043,-0.13605037,-0.15164976,-0.17145824,-0.11658599,-0.16727298,-0.17336255,-0.1509206,-0.12124001,-0.13496402,-0.106225446,-0.14837803,-0.19628185,-0.18892077,-0.2175087,-0.16141428,-0.22338755,-0.1977704,-0.29867563,-0.29210672,-0.19835839,-0.10703842,-0.09162698,-0.13691942,-0.15520418,-0.23188588,-0.19393943,-0.1464907,-0.2026537,-0.184346,-0.18279888,-0.19794704,-0.19954485,-0.20417613,-0.15705736,-0.12558076,-0.14356998,-0.09184639,-0.095694534,-0.17085245,-0.14192954,-0.13743341,-0.14680472,-0.12719077,-0.15170422,-0.2613474,-0.22333384,-0.18877123,-0.20047067,-0.14522058,-0.14901608,-0.13076681,-0.142712,-0.14984427,-0.16334121,-0.14605254,-0.16278498,-0.1597649,-0.14998752,-0.14684835,-0.15731896,-0.15311152,-0.22480208,-0.120334074,-0.14141771,-0.1184373,-0.16034636,-0.1736592,-0.1560229,-0.16777322,-0.11139822,-0.1388583,-0.13027036,-0.12841094,-0.15152657,-0.14241108,-0.11536521,-0.10065024,-0.09074165,-0.10537987,-0.120387875,-0.1347986,-0.15027548,-0.15983783,-0.1185138,-0.11129953,-0.1578567,-0.17738779,-0.13356084,-0.16482964,-0.25953975,-0.14877054,-0.13297436,-0.14185226,-0.15095688,-0.17780018,-0.1644672,-0.22917573,-0.09015879,-0.110202566,-0.13474056,-0.12966694,-0.13997786,-0.17393473,-0.13908121,-0.16057305,-0.12777606,-0.07092635,-0.03704006,-0.13728762,-0.16171682,-0.17855188,-0.14332479,-0.12334781,-0.13582164,-0.12023825,-0.13786057,-0.25318068,-0.26654312,-0.083270155,-0.10945694,-0.1438134,-0.09238048,-0.18775532,-0.19027607,-0.15304077,-0.09015596,-0.13230102,-0.1495983,-0.15040159,-0.1588802,-0.17051287,-0.1827915,-0.08799344,-0.123756625,-0.1408206,-0.10256614,-0.17951453,-0.19495486,-0.19087222,-0.1000073,-0.13113372,-0.079863966,-0.12803382,-0.19006202,-0.19319837,-0.1915964,-0.12277863,-0.075382486,-0.09716168,-0.118828826,-0.13643657,-0.12406494,-0.121451,-0.09447286,-0.09690149,-0.108430654,-0.082459606,-0.11295675,-0.13202903,-0.16653661,-0.1410757,-0.13665429,-0.18093297,-0.17825818,-0.194565,-0.1448389,-0.15549555,-0.13527411,-0.119081676,-0.14001076,-0.19117098,-0.19145346,-0.18175861,-0.19755594,-0.25103784,-0.20219928,-0.19016276,-0.19148995,-0.18278697,-0.17443979,-0.27554205,-0.08916744,-0.11956477,-0.1281243,-0.15751183,-0.20931396,-0.18224281,-0.29657933,-0.32474133,-0.15574926,-0.3242122,-0.17325558,-0.17108874,-0.2185038,-0.17647925,-0.114121355,-0.14021154,-0.15388772,-0.15788373,-0.22984435,-0.18186735,-0.2600125,-0.1043494,-0.12455491,-0.13839185,-0.12399438,-0.15189947,-0.15434584,-0.15543765,-0.14014931,-0.15141064,-0.16235426,-0.15526208,-0.153245,-0.15326424,-0.13407105,-0.12294522,-0.14659747,-0.18965772,-0.17726767,-0.21025829,-0.3990198,-0.20544754,-0.113394625,-0.1296617,-0.11854737,-0.14785519,-0.16636807,-0.18592423,-0.19169408,-0.13158825,-0.07677749,-0.1527173,-0.13965857,-0.14106366,-0.11773528,-0.19987361,-0.1649412,-0.15898144,-0.1418,-0.12358703,-0.12722544,-0.14610182,-0.2588673,-0.10735138,-0.13074079,-0.09132757,-0.12832497,-0.12865038,-0.14954117,-0.15105689,-0.0960948,-0.08910369,-0.12416802,-0.11054714,-0.13786522,-0.1507114,-0.16999301,-0.1427423,-0.11636719,-0.1736803,-0.15182596,-0.14197397,-0.12563701,-0.14157444,-0.17466888,-0.13176009,-0.13215235,-0.14564759,-0.122745685,-0.08722703,-0.05825615,-0.14334366,-0.17082691,-0.026243303,-0.16755219,-0.2829064,-0.31316653,-0.19970006,-0.14548561,-0.14331596,-0.14862512,-0.12963767,-0.25088155,-0.19394036,-0.18821122,-0.09446725,-0.10918524,-0.10702289,-0.09341715,-0.12759323,-0.1531318,-0.15746465,-0.16714118,-0.12812386,-0.0969081,-0.16398169,-0.14277753,-0.11335766,-0.18846886,-0.1706479,-0.15388322,-0.12556636,-0.115196005,-0.112923,-0.11662802,-0.17552063,-0.13823043,-0.1340523,-0.096878245,-0.12126753,-0.091484725,-0.12434345,-0.13533929,-0.063823454,-0.13877153,-0.11419349,-0.13367453,-0.24483351,-0.2571875,-0.29957527,-0.14613073,-0.15658876,-0.1322705,-0.19104545,-0.0782174,-0.17241906,-0.16401598,-0.09859173,-0.11065883,-0.11406085,-0.076612435,-0.083404,-0.1213824,-0.13072303,-0.13855581,-0.19385117,-0.09876433,-0.15578714,-0.19487974,-0.19131011,-0.18689993,-0.11107083,-0.1427924,-0.102784395,-0.15855043,-0.19470586,-0.17232162,-0.16902441,-0.1427072,-0.14246517,-0.10237099,-0.1532027,-0.1617101,-0.1812622,-0.19546379,-0.12099104,-0.14695421,-0.11385854,-0.080142125,-0.14333147,-0.20725825,-0.16045484,-0.125103,-0.15657571,-0.15690626,-0.14398241,-0.19202894,-0.16250284,-0.18130389,-0.2963242,-0.20059973,-0.18189636,-0.17204766,-0.19336998,-0.1578809,-0.14054683,-0.13021444,-0.12557748,-0.13831156,-0.16350795,-0.30584824,-0.16696328,-0.18059179,-0.19304152,-0.11441202,-0.1502302,-0.14067304,-0.17799929,-0.16675675,-0.16423413,-0.14331086,-0.18237996,-0.12883559,-0.15351331,-0.13816793,-0.24156228,-0.17973492,-0.10305823,-0.13540702,-0.14157617,-0.17394352,-0.110314,-0.13458633,-0.15142521,-0.15958709,-0.18213539,-0.15352981,-0.14889786,-0.19184028,-0.1753352,-0.1633468,-0.14723541,-0.14623587,-0.11499533,-0.10471026,-0.13515201,-0.20148799,-0.17638741,-0.12513243,-0.16639395,-0.18041904,-0.18738703,-0.11705899,-0.17522365,-0.26092893,-0.092581294,-0.092170656,-0.114952445,-0.13595422,-0.14784902,-0.09869877,-0.18855312
k__Bacteria|p__Firmicutes|c__Clostridia|o__Eubacteriales|f__Clostridiaceae|g__Clostridium|s__Clostridium_SGB4648,-0.1004395,-0.12316422,-0.14216304,-0.20428483,-0.16638415,-0.19450912,-0.1666669,-0.1455318,-0.12524348,-0.18432482,-0.18418406,-0.23111103,-0.17054346,-0.20699081,-0.10343063,-0.09976064,-0.058144663,-0.100183666,-0.10773008,-0.17160743,-0.1978925,-0.12536043,-0.1367439,-0.1529042,-0.17215952,-0.11658599,-0.16768381,-0.17470154,-0.1509206,-0.12124001,-0.13545656,-0.10586159,-0.14894477,-0.19688201,-0.1903643,-0.2175087,-0.16029003,-0.22338755,-0.19764143,-0.29867563,-0.29210672,-0.20002124,-0.10744086,-0.09162698,-0.13691942,-0.15528673,-0.23188588,-0.19425136,-0.1470459,-0.2026537,-0.18257663,-0.18279888,-0.19831422,-0.20086655,-0.2070874,-0.1590566,-0.12615886,-0.1444249,-0.09240541,-0.09582162,-0.1717886,-0.14303869,-0.13743341,-0.14744136,-0.12719077,-0.15172371,-0.2613474,-0.22333384,-0.18894053,-0.20047067,-0.14630696,-0.14967772,-0.13134529,-0.1435256,-0.15182093,-0.16463989,-0.14714018,-0.16278498,-0.15918052,-0.14998752,-0.1475184,-0.15751915,-0.1539237,-0.22480208,-0.120334074,-0.14204758,-0.11865387,-0.16158187,-0.17465818,-0.15613516,-0.16886966,-0.11139822,-0.1388583,-0.13027036,-0.1291348,-0.15152657,-0.14274395,-0.11581396,-0.10065024,-0.09070215,-0.10590175,-0.12096371,-0.13543876,-0.15027548,-0.16088675,-0.1185138,-0.11129953,-0.1578567,-0.17738779,-0.13469014,-0.16461168,-0.25953975,-0.14903267,-0.13306305,-0.1423946,-0.15095688,-0.17780018,-0.1637983,-0.22917573,-0.09015879,-0.11028458,-0.13523921,-0.1303091,-0.13997786,-0.17425731,-0.13908121,-0.16057305,-0.12777606,-0.07092635,-0.03704006,-0.13742325,-0.16280189,-0.17956653,-0.14332479,-0.12334781,-0.13600057,-0.12023825,-0.1389626,-0.25318068,-0.26654312,-0.08347645,-0.10945694,-0.14541906,-0.09238048,-0.18844731,-0.1909391,-0.15343419,-0.09031275,-0.13230102,-0.15004578,-0.15084091,-0.15955254,-0.17109051,-0.18471909,-0.087861225,-0.12439927,-0.14174384,-0.10256614,-0.17951453,-0.19495486,-0.1922305,-0.10033044,-0.13113372,-0.08064907,-0.12862495,-0.19006202,-0.19396192,-0.19248667,-0.1238807,-0.07501809,-0.09744013,-0.11903601,-0.13716124,-0.12406494,-0.121451,-0.094786555,-0.0969553,-0.108948395,-0.082459606,-0.11346705,-0.13286465,-0.16781986,-0.1410757,-0.13650173,-0.18093297,-0.17825818,-0.19511025,-0.14540727,-0.15549555,-0.13614613,-0.119081676,-0.14001076,-0.19117098,-0.19162768,-0.18192208,-0.19755594,-0.25103784,-0.20219928,-0.19022489,-0.19139476,-0.18330026,-0.17447305,-0.27554205,-0.08916744,-0.11956477,-0.12803712,-0.15751183,-0.20931396,-0.18224281,-0.29657933,-0.32474133,-0.1540746,-0.3242122,-0.17325558,-0.17108874,-0.2185038,-0.17647925,-0.114121355,-0.14004722,-0.15388772,-0.15788373,-0.22984435,-0.18186735,-0.26020044,-0.10464456,-0.12455491,-0.13893703,-0.12455186,-0.15189947,-0.15568489,-0.15677676,-0.14014931,-0.15141064,-0.16378602,-0.1554454,-0.15409702,-0.15367197,-0.13451955,-0.12325753,-0.14672138,-0.19128388,-0.1779049,-0.21025829,-0.3990198,-0.20728046,-0.11376648,-0.1296617,-0.11932537,-0.14859626,-0.16636807,-0.18736678,-0.19225316,-0.13188103,-0.07671222,-0.15393941,-0.14004554,-0.14106366,-0.118677035,-0.19987361,-0.1649412,-0.15861927,-0.142326,-0.12405703,-0.12722544,-0.14610182,-0.2588673,-0.10757445,-0.13074079,-0.09132757,-0.12832497,-0.1296854,-0.15000853,-0.15231337,-0.09648915,-0.08910369,-0.12496734,-0.11076831,-0.13838942,-0.15125278,-0.17126328,-0.14332817,-0.116519876,-0.17463249,-0.15233895,-0.14293626,-0.12571788,-0.14276621,-0.17466888,-0.13176009,-0.13281673,-0.14635924,-0.123337105,-0.08722703,-0.05825615,-0.14402053,-0.17082691,-0.026243303,-0.16682333,0.5295504,-0.31316653,-0.20128673,-0.14614901,-0.14331596,-0.14862512,-0.12963767,-0.25088155,-0.19435133,-0.18938482,-0.09482574,-0.109652065,-0.10702289,-0.094851926,-0.12759323,-0.15369514,-0.15746465,-0.16759804,-0.12812386,-0.0969081,-0.16398169,-0.14430374,-0.11335766,-0.18846886,-0.1706479,-0.15419328,-0.12615016,-0.115196005,-0.11364299,-0.11662802,-0.17684513,-0.13897191,-0.13494155,-0.096878245,-0.121749595,-0.09201449,-0.12434345,-0.13615966,-0.063823454,-0.13877153,-0.11419349,-0.13423353,-0.24483351,-0.2571875,-0.29957527,-0.14671326,-0.15736023,-0.1328541,-0.19104545,-0.0782174,-0.1732865,-0.16498846,-0.09859173,-0.11065883,-0.11485697,-0.076612435,-0.083404,-0.1213824,-0.13072303,-0.13855581,-0.19385117,-0.0993345,-0.15608981,-0.19487974,-0.1915156,-0.18786137,-0.11144751,-0.1432734,-0.1033206,-0.15991569,-0.19504356,-0.1746257,-0.16947323,-0.14320731,-0.14307834,-0.10201354,-0.15400401,-0.16195223,-0.18152529,-0.19612533,-0.12159305,-0.14791544,-0.1138815,-0.08026589,-0.144025,-0.20725825,-0.16085121,-0.125103,-0.15657571,-0.15690626,-0.14396304,-0.19202894,-0.16288838,-0.18276632,-0.2963242,-0.1984694,-0.18223351,-0.17197737,-0.19379035,-0.15817434,-0.14054683,-0.13074139,-0.12557748,-0.1388684,-0.1636599,-0.30584824,-0.16721497,-0.18184409,-0.19305265,-0.11441202,-0.15139318,-0.14083807,-0.17864141,-0.16736785,-0.1651259,-0.14331086,-0.18237996,-0.12849355,-0.15416145,-0.13855666,-0.24156228,-0.17934063,-0.10339408,-0.13539973,-0.14257962,-0.17509314,-0.110392675,-0.1350156,-0.15297356,-0.16038537,-0.18199605,-0.1551213,-0.14963064,-0.19184028,-0.17563182,-0.16473266,-0.14723541,-0.14623587,-0.11499533,-0.10471026,-0.13591948,-0.20148799,-0.17740917,-0.12513243,-0.1658118,-0.18041904,-0.18738703,-0.11705899,-0.17767224,-0.26057148,-0.092685536,-0.09246234,-0.11502269,-0.13673866,-0.14870074,-0.09878242,-0.1898641
k__Bacteria|p__Firmicutes|c__Clostridia|o__Eubacteriales|f__Oscillospiraceae|g__GGB79118|s__GGB79118_SGB105839,-0.1004395,-0.12316422,-0.14182122,-0.20428483,-0.16679826,-0.19426772,-0.1666669,-0.14540938,-0.12513432,-0.18443361,-0.18418455,-0.22706,-0.16986625,-0.20726432,-0.10328099,-0.09955291,-0.058144663,-0.09989111,-0.107549205,-0.1712634,-0.1978925,-0.12536043,-0.13659304,-0.15262762,-0.17200512,-0.11658599,-0.16780482,-0.17442295,-0.1509206,-0.12124001,-0.13515985,-0.105805814,-0.14843103,-0.19693695,-0.18978806,-0.2175087,-0.16050878,-0.22338755,-0.19750261,-0.29867563,-0.29210672,-0.19923511,-0.10753897,-0.09162698,-0.13691942,-0.15508297,-0.23188588,-0.19446583,-0.14680432,-0.2026537,-0.18375294,-0.18279888,-0.19812858,-0.19919978,-0.20408177,-0.1589266,-0.12588057,-0.14423877,-0.09211217,-0.09561393,-0.17185393,-0.14267026,-0.13743341,-0.14720707,-0.12719077,-0.15179542,-0.2613474,-0.22333384,-0.18933517,-0.20047067,-0.14617471,-0.14962393,-0.13089025,-0.14313123,-0.15141892,-0.16468476,-0.14691354,-0.16278498,-0.15972778,-0.14998752,-0.14726737,-0.15731886,-0.1535992,-0.22480208,-0.120334074,-0.14172173,-0.11826953,-0.16165413,-0.17451571,-0.15567052,-0.16837324,-0.11139822,-0.1388583,-0.13027036,-0.12890786,-0.15152657,-0.14256977,-0.115632996,-0.10065024,-0.090479374,-0.1057409,-0.120908275,-0.1352319,-0.15027548,-0.16065374,-0.1185138,-0.11129953,-0.1578567,-0.17738779,-0.13438913,-0.16356048,-0.25953975,-0.14889374,-0.13269898,-0.14183137,-0.15095688,-0.17780018,-0.16392006,-0.22917573,-0.09015879,-0.10992621,-0.1348364,-0.1299349,-0.13997786,-0.17401582,-0.13908121,-0.16057305,-0.12777606,-0.07092635,-0.03704006,-0.1374273,-0.16242626,-0.179281,-0.14332479,-0.12334781,-0.13607565,-0.12023825,-0.13828489,-0.25318068,-0.26654312,-0.083430156,-0.10945694,-0.14492464,-0.09238048,-0.18825136,-0.19064309,-0.15297595,-0.090213954,-0.13230102,-0.1496669,-0.15057516,-0.15935938,-0.17097855,-0.18440634,-0.08771548,-0.1241769,-0.14149916,-0.10256614,-0.17951453,-0.19495486,-0.19195423,-0.100016646,-0.13113372,-0.079658456,-0.12794407,-0.19006202,-0.19405183,-0.19211575,-0.12351854,-0.07539147,-0.09748298,-0.118710145,-0.13674799,-0.12406494,-0.121451,-0.09456952,-0.096762344,-0.10869152,-0.082459606,-0.11331475,-0.13265267,-0.16765217,-0.1410757,-0.13624215,-0.18093297,-0.17825818,-0.1949063,-0.14491525,-0.15549555,-0.13564697,-0.119081676,-0.14001076,-0.19117098,-0.19181697,-0.1818262,-0.19755594,-0.25103784,-0.20219928,-0.1903005,-0.1913656,-0.18300845,-0.17412615,-0.27554205,-0.08916744,-0.11956477,-0.12763928,-0.15751183,-0.20931396,-0.18224281,-0.29657933,-0.32474133,-0.15139106,-0.3242122,-0.17325558,-0.17108874,-0.2185038,-0.17647925,-0.114121355,-0.1399495,-0.15388772,-0.15788373,-0.22984435,-0.18186735,-0.25890476,-0.10438456,-0.12455491,-0.1387186,-0.12426482,-0.15189947,-0.15552703,-0.15659294,-0.14014931,-0.15141064,-0.16353783,-0.15534252,-0.15382251,-0.15313922,-0.13413695,-0.122949935,-0.1466249,-0.19093624,-0.17731154,-0.21025829,-0.3990198,-0.20538256,-0.11360582,-0.1296617,-0.11917295,-0.14799628,-0.16636807,-0.18745288,-0.19210446,-0.13134187,-0.07687701,-0.15359941,-0.13978781,-0.14106366,-0.117731795,-0.19987361,-0.1649412,-0.15859301,-0.14156297,-0.12371223,-0.12722544,-0.14610182,-0.2588673,-0.1071396,-0.13074079,-0.09132757,-0.12832497,-0.12926391,-0.14970717,-0.15215755,-0.09635892,-0.08910369,-0.12453434,-0.110508576,-0.13801554,-0.15094212,-0.17081583,-0.14301415,-0.11623162,-0.17440663,-0.15199736,-0.14256686,-0.12549281,-0.14243522,-0.17466888,-0.13176009,-0.13242441,-0.14616865,-0.12306365,-0.08722703,-0.05825615,-0.14355347,-0.17082691,-0.026243303,-0.16675843,-0.2829064,-0.31316653,-0.19974467,-0.14586502,-0.14331596,-0.14862512,-0.12963767,-0.25088155,-0.19469915,-0.18910512,-0.09430158,-0.10968368,-0.10702289,-0.09431249,-0.12759323,-0.15306638,-0.15746465,-0.16765073,-0.12812386,-0.0969081,-0.16398169,-0.14403933,-0.11335766,-0.18846886,-0.1706479,-0.15397695,-0.1260091,-0.115196005,-0.11305826,-0.11662802,-0.17687875,-0.13870317,-0.13485265,-0.096878245,-0.12156828,-0.09176801,-0.12434345,-0.13588002,-0.063823454,-0.13877153,-0.11419349,-0.13367862,-0.24483351,-0.2571875,-0.29957527,-0.14645255,-0.15721273,-0.13242555,-0.19104545,-0.0782174,-0.17315388,-0.1646058,-0.09859173,-0.11065883,-0.114569575,-0.076612435,-0.083404,-0.1213824,-0.13072303,-0.13855581,-0.19385117,-0.09914555,-0.1557102,-0.19487974,-0.19146004,-0.18741938,-0.11115052,-0.1433044,-0.10336752,-0.15992236,-0.1949726,-0.17374998,-0.16905004,-0.14297444,-0.14295483,-0.101496905,-0.15343717,-0.16197932,-0.1812588,-0.19585216,-0.12137656,-0.14785683,-0.11385335,-0.08030089,-0.14279729,-0.20725825,-0.16086495,-0.125103,-0.15657571,-0.15690626,-0.14394982,-0.19202894,-0.1626339,-0.18240663,-0.2963242,-0.19844773,-0.18150392,-0.17194286,-0.19346166,-0.15761416,-0.14054683,-0.13040191,-0.12557748,-0.1383537,-0.16270691,-0.30584824,-0.16679122,-0.18166459,-0.19322671,-0.11441202,-0.15068479,-0.14076397,-0.17831549,-0.16723606,-0.16495863,-0.14331086,-0.18237996,-0.12820189,-0.1536544,-0.13698223,-0.24156228,-0.17974475,-0.1031504,-0.13530104,-0.14234823,-0.17496142,-0.110125184,-0.13466358,-0.15274575,-0.1604456,-0.18226223,-0.1547232,-0.14935449,-0.19184028,-0.17548689,-0.1646622,-0.14723541,-0.14623587,-0.11499533,-0.10471026,-0.13513884,-0.20148799,-0.17726153,-0.12513243,-0.16640648,-0.18041904,-0.18738703,-0.11705899,-0.17743507,-0.26124907,-0.09258461,-0.09235536,-0.11478749,-0.13638966,-0.14831246,-0.09834319,-0.18970497
k__Bacteria|p__Firmicutes|c__Erysipelotrichia|o__Erysipelotrichales|f__Erysipelotrichaceae|g__Catenibacterium|s__Candidatus_Catenibacterium_tridentinum,-0.1004395,-0.12316422,-0.14175609,-0.20428483,-0.16717644,-0.19388415,-0.1666669,-0.14524055,-0.124990925,-0.18401702,-0.1837798,-0.22531785,-0.16996637,-0.2049204,-0.10294564,-0.09901598,-0.058144663,-0.09949709,-0.10751102,-0.17115803,-0.1978925,-0.12536043,-0.13644107,-0.15252656,-0.17177619,-0.11658599,-0.16778179,-0.1743272,-0.1509206,-0.12124001,-0.1352097,-0.10540275,-0.14845473,-0.19615614,-0.18953733,-0.2175087,-0.16109121,-0.22338755,-0.1976164,-0.29867563,-0.29210672,-0.19838397,-0.10699996,-0.09162698,-0.13691942,-0.15529886,-0.23188588,-0.19435471,-0.14662316,-0.2026537,-0.18430947,-0.18279888,-0.19758704,-0.19867484,-0.20351325,-0.1582424,-0.12567571,-0.14390655,-0.091907024,-0.095326334,-0.17151782,-0.14254713,-0.13743341,-0.14710812,-0.12719077,-0.15150319,-0.2613474,-0.22333384,-0.18918799,-0.20047067,-0.14582059,-0.14942679,-0.13062865,-0.14282775,-0.15086798,-0.16439557,-0.14684398,-0.16278498,-0.15968144,-0.14998752,-0.14735161,-0.15726222,-0.15345144,-0.22480208,-0.120334074,-0.14163637,-0.11824386,-0.16120748,-0.17437975,-0.15588367,-0.16854617,-0.11139822,-0.1388583,-0.13027036,-0.12865302,-0.15152657,-0.14276043,-0.115530156,-0.10065024,-0.09017727,-0.10525956,-0.12038514,-0.13500112,-0.15027548,-0.16060644,-0.1185138,-0.11129953,-0.1578567,-0.17738779,-0.13366279,-0.16410989,-0.25953975,-0.14889309,-0.13263327,-0.14170851,-0.15095688,-0.17780018,-0.16393855,-0.22917573,-0.09015879,-0.11011043,-0.13477546,-0.12966272,-0.13997786,-0.17410092,-0.13908121,-0.16057305,-0.12777606,-0.07092635,-0.03704006,-0.13726805,-0.16228145,-0.17936215,-0.14332479,-0.12334781,-0.13584155,-0.12023825,-0.13824388,-0.25318068,-0.26654312,-0.08305455,-0.10945694,-0.14451802,-0.09238048,-0.18819433,-0.1906794,-0.15316796,-0.08991507,-0.13230102,-0.14974667,-0.15049356,-0.1591623,-0.17083466,-0.18402234,-0.087478876,-0.12384029,-0.1412115,-0.10256614,-0.17951453,-0.19495486,-0.19158009,-0.09986198,-0.13113372,-0.0790391,-0.12783816,-0.19006202,-0.19369432,-0.19209182,-0.1234681,-0.07488878,-0.09683693,-0.118428275,-0.13661452,-0.12406494,-0.121451,-0.094215356,-0.09642123,-0.10830133,-0.082459606,-0.112735376,-0.1323202,-0.16743232,-0.1410757,-0.13644347,-0.18093297,-0.17825818,-0.19455336,-0.1447902,-0.15549555,-0.13549863,-0.119081676,-0.14001076,-0.19117098,-0.19152796,-0.18173707,-0.19755594,-0.25103784,-0.20219928,-0.19051082,-0.19151552,-0.18291175,-0.17413065,-0.27554205,-0.08916744,-0.11956477,-0.12788261,-0.15751183,-0.20931396,-0.18224281,-0.29657933,-0.32474133,-0.15373069,-0.3242122,-0.17325558,-0.17108874,-0.2185038,-0.17647925,-0.114121355,-0.13999715,-0.15388772,-0.15788373,-0.22984435,-0.18186735,-0.25671762,-0.104145624,-0.12455491,-0.13859448,-0.12409298,-0.15189947,-0.15522422,-0.15642278,-0.14014931,-0.15141064,-0.16329451,-0.15548918,-0.15367272,-0.15330386,-0.13396245,-0.12297177,-0.14649533,-0.19059068,-0.17743635,-0.21025829,-0.3990198,-0.20322758,-0.11333443,-0.1296617,-0.11842942,-0.14811394,-0.16636807,-0.18703538,-0.1920361,-0.13170266,-0.076080546,-0.15322772,-0.13977994,-0.14106366,-0.1182063,-0.19987361,-0.1649412,-0.1589343,-0.14157087,-0.123587176,-0.12722544,-0.14610182,-0.2588673,-0.107099086,-0.13074079,-0.09132757,-0.12832497,-0.12911226,-0.14995056,-0.1519989,-0.0960065,-0.08910369,-0.124247864,-0.1103397,-0.13792777,-0.15094775,-0.1706453,-0.14302768,-0.116288066,-0.17428227,-0.15205333,-0.1424666,-0.12534861,-0.14233682,-0.17466888,-0.13176009,-0.13217641,-0.14597932,-0.12288562,-0.08722703,-0.05825615,-0.14366609,-0.17082691,-0.026243303,-0.16711435,-0.2829064,-0.31316653,-0.19863802,-0.14579976,-0.14331596,-0.14862512,-0.12963767,-0.25088155,-0.19423313,-0.18890828,-0.09430361,-0.1091412,-0.10702289,-0.09337931,-0.12759323,-0.15324134,-0.15746465,-0.167434,-0.12812386,-0.0969081,-0.16398169,-0.14376312,-0.11335766,-0.18846886,-0.1706479,-0.15409552,-0.12569663,-0.115196005,-0.11275636,-0.11662802,-0.17641088,-0.13853614,-0.13438287,-0.096878245,-0.12104817,-0.091397315,-0.12434345,-0.13603765,-0.063823454,-0.13877153,-0.11419349,-0.13378815,-0.24483351,-0.2571875,-0.29957527,-0.14628918,-0.15691176,-0.13212566,-0.19104545,-0.0782174,-0.17252779,-0.16465719,-0.09859173,-0.11065883,-0.11465362,-0.076612435,-0.083404,-0.1213824,-0.13072303,-0.13855581,-0.19385117,-0.09862583,-0.15585567,-0.19487974,-0.19145119,-0.18727066,-0.1110608,-0.14316377,-0.102730885,-0.15943503,-0.19446576,-0.17316788,-0.16938224,-0.14291273,-0.14262092,-0.10151875,-0.153436,-0.1618916,-0.18130739,-0.1956254,-0.12111566,-0.14754213,-0.11372027,-0.07960653,-0.14306888,-0.20725825,-0.1609833,-0.125103,-0.15657571,-0.15690626,-0.14378287,-0.19202894,-0.16279437,-0.18230835,-0.2963242,-0.19811544,-0.18149373,-0.17201379,-0.19326603,-0.15780891,-0.14054683,-0.13027182,-0.12557748,-0.13836804,-0.16332276,-0.30584824,-0.16696355,-0.18140969,-0.19315138,-0.11441202,-0.15076885,-0.14069948,-0.1783443,-0.16715556,-0.1648012,-0.14331086,-0.18237996,-0.12825856,-0.15352024,-0.13740364,-0.24156228,-0.1798133,-0.10293186,-0.1353474,-0.14197002,-0.17475158,-0.110106155,-0.13459341,-0.1525451,-0.1601955,-0.18213809,-0.15423313,-0.14916928,-0.19184028,-0.17563549,-0.16444279,-0.14723541,-0.14623587,-0.11499533,-0.10471026,-0.13505682,-0.20148799,-0.17734642,-0.12513243,-0.16616485,-0.18041904,-0.18738703,-0.11705899,-0.17674002,-0.25981447,-0.09223183,-0.09195693,-0.11460732,-0.13605908,-0.14807802,-0.09817738,-0.18946812
k__Bacteria|p__Firmicutes|c__CFGB76688|o__OFGB76688|f__FGB76688|g__GGB4250|s__GGB4250_SGB5751,-0.1004395,-0.12316422,-0.14208965,-0.20428483,-0.16748065,-0.19429773,-0.1666669,-0.14525908,-0.124956295,-0.18370895,-0.18412203,-0.22881609,-0.16942874,-0.20653766,-0.10307923,-0.09922269,-0.058144663,-0.099611185,-0.107715115,-0.1714526,-0.1978925,-0.12536043,-0.13653696,-0.15266587,-0.17204376,-0.11658599,-0.167638,-0.17434902,-0.1509206,-0.12124001,-0.1352394,-0.105673924,-0.14867213,-0.19661003,-0.18983163,-0.2175087,-0.16149311,-0.22338755,-0.19807428,-0.29867563,-0.29210672,-0.19934824,-0.10717076,-0.09162698,-0.13691942,-0.15533045,-0.23188588,-0.19461016,-0.1468566,-0.2026537,-0.18412533,-0.18279888,-0.19819957,-0.1999235,-0.20524852,-0.15796278,-0.12589005,-0.1441722,-0.09200938,-0.095515594,-0.17174491,-0.14266968,-0.13743341,-0.14728735,-0.12719077,-0.15148175,-0.2613474,-0.22333384,-0.18962435,-0.20047067,-0.14603275,-0.14953667,-0.13101643,-0.1431497,-0.15116754,-0.16451865,-0.14688012,-0.16278498,-0.15974551,-0.14998752,-0.14745316,-0.15752167,-0.15363896,-0.22480208,-0.120334074,-0.14177898,-0.11841248,-0.16138856,-0.17463276,-0.15612903,-0.16854972,-0.11139822,-0.1388583,-0.13027036,-0.12874389,-0.15152657,-0.14258817,-0.11532366,-0.10065024,-0.09020278,-0.10538019,-0.12065418,-0.13527375,-0.15027548,-0.16064112,-0.1185138,-0.11129953,-0.1578567,-0.17738779,-0.13395564,-0.16456154,-0.25953975,-0.14896858,-0.13282043,-0.14197373,-0.15095688,-0.17780018,-0.16437213,-0.22917573,-0.09015879,-0.110064566,-0.1349519,-0.12984788,-0.13997786,-0.17425576,-0.13908121,-0.16057305,-0.12777606,-0.07092635,-0.03704006,-0.13746503,-0.16256376,-0.17937672,-0.14332479,-0.12334781,-0.13579187,-0.12023825,-0.13846411,-0.25318068,-0.26654312,-0.083144575,-0.10945694,-0.1447421,-0.09238048,-0.1883044,-0.19097012,-0.15311635,-0.09006046,-0.13230102,-0.14986058,-0.15064782,-0.15934312,-0.17107709,-0.18426943,-0.08768809,-0.123945765,-0.1415461,-0.10256614,-0.17951453,-0.19495486,-0.19185805,-0.09994633,-0.13113372,-0.079572126,-0.12809734,-0.19006202,-0.19405437,-0.19238174,-0.12352194,-0.07491326,-0.09701335,-0.11862074,-0.1367014,-0.12406494,-0.121451,-0.09440384,-0.0965094,-0.10839907,-0.082459606,-0.112841226,-0.1324378,-0.167516,-0.1410757,-0.13646066,-0.18093297,-0.17825818,-0.19503336,-0.14515321,-0.15549555,-0.13569863,-0.119081676,-0.14001076,-0.19117098,-0.19194639,-0.1820072,-0.19755594,-0.25103784,-0.20219928,-0.19068274,-0.19174248,-0.18303402,-0.1745758,-0.27554205,-0.08916744,-0.11956477,-0.12789834,-0.15751183,-0.20931396,-0.18224281,-0.29657933,-0.32474133,-0.15296775,-0.3242122,-0.17325558,-0.17108874,-0.2185038,-0.17647925,-0.114121355,-0.14007503,-0.15388772,-0.15788373,-0.22984435,-0.18186735,-0.25856298,-0.10435065,-0.12455491,-0.13861191,-0.124193184,-0.15189947,-0.1554517,-0.15651265,-0.14014931,-0.15141064,-0.16350588,-0.15566613,-0.15386003,-0.15354586,-0.13401407,-0.12302249,-0.14655446,-0.19072416,-0.17780593,-0.21025829,-0.3990198,-0.20409521,-0.113405064,-0.1296617,-0.11868249,-0.14818409,-0.16636807,-0.18714043,-0.19224267,-0.13176908,-0.07624412,-0.15352498,-0.13991784,-0.14106366,-0.118133605,-0.19987361,-0.1649412,-0.15900256,-0.1418942,-0.12366133,-0.12722544,-0.14610182,-0.2588673,-0.10728805,-0.13074079,-0.09132757,-0.12832497,-0.12920415,-0.15009922,-0.15198597,-0.096096575,-0.08910369,-0.12442696,-0.1105478,-0.13810033,-0.15113777,-0.17085953,-0.14318748,-0.116308205,-0.17442931,-0.15216388,-0.14260197,-0.1255902,-0.14218357,-0.17466888,-0.13176009,-0.13240542,-0.14608121,-0.12294232,-0.08722703,-0.05825615,-0.14371604,-0.17082691,-0.026243303,-0.16730458,-0.2829064,-0.31316653,-0.19927575,-0.14597219,-0.14331596,-0.14862512,-0.12963767,-0.25088155,-0.19472402,-0.18922171,-0.094428584,-0.109230414,-0.10702289,-0.09366363,-0.12759323,-0.15330619,-0.15746465,-0.16747591,-0.12812386,-0.0969081,-0.16398169,-0.14391322,-0.11335766,-0.18846886,-0.1706479,-0.15429996,-0.12583895,-0.115196005,-0.11297083,-0.11662802,-0.17640173,-0.13871975,-0.13460597,-0.096878245,-0.12122871,-0.091475874,-0.12434345,-0.13584206,-0.063823454,-0.13877153,-0.11419349,-0.13400629,-0.24483351,-0.2571875,-0.29957527,-0.14658195,-0.15709677,-0.13247025,-0.19104545,-0.0782174,-0.17295463,-0.16466826,-0.09859173,-0.11065883,-0.11449207,-0.076612435,-0.083404,-0.1213824,-0.13072303,-0.13855581,-0.19385117,-0.09910013,-0.1561318,-0.19487974,-0.19166666,-0.18753098,-0.11121093,-0.14322549,-0.102886654,-0.15961854,-0.19491443,-0.17356618,-0.1695222,-0.14310022,-0.14281839,-0.101778656,-0.15358701,-0.16188523,-0.18142606,-0.19583927,-0.12132252,-0.14759386,-0.11361586,-0.07962364,-0.14358461,-0.20725825,-0.16117,-0.125103,-0.15657571,-0.15690626,-0.14391696,-0.19202894,-0.16305545,-0.18247822,-0.2963242,-0.1991379,-0.18162075,-0.1720706,-0.19378638,-0.15795961,-0.14054683,-0.1305445,-0.12557748,-0.13861111,-0.16385859,-0.30584824,-0.16725838,-0.18166314,-0.19322789,-0.11441202,-0.1509268,-0.1408322,-0.17857239,-0.16735744,-0.16487734,-0.14331086,-0.18237996,-0.12852442,-0.15377972,-0.13799424,-0.24156228,-0.17996752,-0.10310426,-0.1354275,-0.14214507,-0.17506738,-0.110221446,-0.13481088,-0.15247557,-0.16029678,-0.18230706,-0.15452017,-0.14960891,-0.19184028,-0.17604089,-0.164406,-0.14723541,-0.14623587,-0.11499533,-0.10471026,-0.13534532,-0.20148799,-0.17755403,-0.12513243,-0.16603887,-0.18041904,-0.18738703,-0.11705899,-0.17667478,-0.26058316,-0.092366256,-0.09200596,-0.114834994,-0.13623293,-0.14835134,-0.09843314,-0.1896416
k__Bacteria|p__Firmicutes|c__Firmicutes_unclassified|o__Firmicutes_unclassified|f__Firmicutes_unclassified|g__GGB3680|s__GGB3680_SGB4994,-0.1004395,-0.12316422,-0.1413811,-0.20428483,-0.16672686,-0.19364007,-0.1666669,-0.14508937,-0.124890156,-0.18397933,-0.18307225,-0.22296163,-0.17011476,-0.20368013,-0.10286161,-0.09890255,-0.058144663,-0.09959923,-0.10756921,-0.17090406,-0.1978925,-0.12536043,-0.13645673,-0.15254301,-0.17157924,-0.11658599,-0.16773956,-0.1741009,-0.1509206,-0.12124001,-0.13509834,-0.10532731,-0.14835018,-0.1955142,-0.18930367,-0.2175087,-0.16047569,-0.22338755,-0.19672972,-0.29867563,-0.29210672,-0.19788733,-0.10694691,-0.09162698,-0.13691942,-0.15499032,-0.23188588,-0.19387743,-0.14654793,-0.2026537,-0.18347594,-0.18279888,-0.19694099,-0.19813867,-0.20251259,-0.15814176,-0.12561953,-0.14375773,-0.09213847,-0.09542875,-0.17142601,-0.14253175,-0.13743341,-0.14693579,-0.12719077,-0.15140039,-0.2613474,-0.22333384,-0.18867615,-0.20047067,-0.14574781,-0.14932093,-0.1306031,-0.1427356,-0.15093763,-0.16415504,-0.14678572,-0.16278498,-0.1593326,-0.14998752,-0.14734714,-0.15704353,-0.15337852,-0.22480208,-0.120334074,-0.14154765,-0.11821464,-0.16111815,-0.17407805,-0.15564714,-0.16839427,-0.11139822,-0.1388583,-0.13027036,-0.12867182,-0.15152657,-0.14275883,-0.11551447,-0.10065024,-0.09019716,-0.10530016,-0.12030753,-0.13492897,-0.15027548,-0.16048887,-0.1185138,-0.11129953,-0.1578567,-0.17738779,-0.1337637,-0.16372247,-0.25953975,-0.14868069,-0.13254267,-0.1415795,-0.15095688,-0.17780018,-0.1633385,-0.22917573,-0.09015879,-0.11009533,-0.13464388,-0.12961732,-0.13997786,-0.17375341,-0.13908121,-0.16057305,-0.12777606,-0.07092635,-0.03704006,-0.13696009,-0.1622116,-0.17905882,-0.14332479,-0.12334781,-0.13576831,-0.12023825,-0.13834853,-0.25318068,-0.26654312,-0.08334936,-0.10945694,-0.14459151,-0.09238048,-0.18800129,-0.19022822,-0.15311669,-0.09011313,-0.13230102,-0.14957266,-0.15030675,-0.15902677,-0.17059669,-0.18401825,-0.087648794,-0.12367874,-0.14097363,-0.10256614,-0.17951453,-0.19495486,-0.19128263,-0.09995918,-0.13113372,-0.0792401,-0.12769932,-0.19006202,-0.19335315,-0.19174,-0.12339884,-0.0751493,-0.09694271,-0.118275926,-0.1365344,-0.12406494,-0.121451,-0.094298705,-0.096364856,-0.10835933,-0.082459606,-0.11272457,-0.13227493,-0.16718197,-0.1410757,-0.13629025,-0.18093297,-0.17825818,-0.19415748,-0.14457387,-0.15549555,-0.13538623,-0.119081676,-0.14001076,-0.19117098,-0.19105367,-0.18145192,-0.19755594,-0.25103784,-0.20219928,-0.19032983,-0.19107303,-0.18265012,-0.17376354,-0.27554205,-0.08916744,-0.11956477,-0.12780169,-0.15751183,-0.20931396,-0.18224281,-0.29657933,-0.32474133,-0.15345517,-0.3242122,-0.17325558,-0.17108874,-0.2185038,-0.17647925,-0.114121355,-0.13986184,-0.15388772,-0.15788373,-0.22984435,-0.18186735,-0.25465244,-0.1042101,-0.12455491,-0.13854212,-0.12412384,-0.15189947,-0.15516579,-0.15626816,-0.14014931,-0.15141064,-0.16321857,-0.1552443,-0.15358378,-0.152982,-0.13388838,-0.12301669,-0.14634143,-0.19061564,-0.17683646,-0.21025829,-0.3990198,-0.2028737,-0.11330084,-0.1296617,-0.1182996,-0.14802057,-0.16636807,-0.1868299,-0.19163899,-0.1315637,-0.0765453,-0.15307894,-0.13974622,-0.14106366,-0.11795846,-0.19987361,-0.1649412,-0.15859848,-0.14144567,-0.12354749,-0.12722544,-0.14610182,-0.2588673,-0.1070606,-0.13074079,-0.09132757,-0.12832497,-0.1292609,-0.14979252,-0.1519858,-0.09611113,-0.08910369,-0.12425825,-0.1103477,-0.13786763,-0.15078717,-0.17048724,-0.14288107,-0.116411045,-0.17402843,-0.15187499,-0.14245595,-0.12523992,-0.1422203,-0.17466888,-0.13176009,-0.13227326,-0.14575398,-0.12285973,-0.08722703,-0.05825615,-0.14343333,-0.17082691,-0.026243303,-0.16620088,-0.2829064,-0.31316653,-0.19843224,-0.14566663,-0.14331596,-0.14862512,-0.12963767,-0.25088155,-0.19374442,-0.18866345,-0.094511196,-0.10920194,-0.10702289,-0.09370055,-0.12759323,-0.15300436,-0.15746465,-0.16705413,-0.12812386,-0.0969081,-0.16398169,-0.14376739,-0.11335766,-0.18846886,-0.1706479,-0.15391374,-0.12578925,-0.115196005,-0.112817734,-0.11662802,-0.17624815,-0.13840798,-0.13430563,-0.096878245,-0.120949745,-0.091599196,-0.12434345,-0.13604802,-0.063823454,-0.13877153,-0.11419349,-0.13370734,-0.24483351,-0.2571875,-0.29957527,-0.14607857,-0.15684271,-0.13209777,-0.19104545,-0.0782174,-0.17235816,-0.16442978,-0.09859173,-0.11065883,-0.11467792,-0.076612435,-0.083404,-0.1213824,-0.13072303,-0.13855581,-0.19385117,-0.09892085,-0.15554945,-0.19487974,-0.19111678,-0.18702644,-0.11109732,-0.1431334,-0.10290737,-0.15931115,-0.19395874,-0.17293048,-0.1690534,-0.14272045,-0.14243492,-0.101486936,-0.1532973,-0.16159126,-0.18099155,-0.19505665,-0.121119596,-0.14733051,-0.11365679,-0.07996596,-0.1427981,-0.20725825,-0.16076133,-0.125103,-0.15657571,-0.15690626,-0.14353861,-0.19202894,-0.16256446,-0.18226117,-0.2963242,-0.19722262,-0.1812504,-0.17162538,-0.19291814,-0.15741909,-0.14054683,-0.13018602,-0.12557748,-0.13816434,-0.16319825,-0.30584824,-0.16692662,-0.18126094,-0.19271699,-0.11441202,-0.15068524,-0.1405266,-0.17808743,-0.16694063,-0.16465855,-0.14331086,-0.18237996,-0.12808022,-0.1534369,-0.13712405,-0.24156228,-0.17942795,-0.103064656,-0.13523798,-0.14201686,-0.17440176,-0.110272706,-0.1345306,-0.1525267,-0.1599103,-0.18186891,-0.15435961,-0.14901426,-0.19184028,-0.1753267,-0.16440701,-0.14723541,-0.14623587,-0.11499533,-0.10471026,-0.13500851,-0.20148799,-0.17714587,-0.12513243,-0.16584253,-0.18041904,-0.18738703,-0.11705899,-0.17693025,-0.2583179,-0.09229696,-0.092138484,-0.1145505,-0.13596424,-0.1479535,-0.09830606,-0.1891992
k__Bacteria|p__Firmicutes|c__Clostridia|o__Eubacteriales|f__Lachnospiraceae|g__Coprococcus|s__Coprococcus_sp_AF21_14LB,-0.1004395,-0.12316422,-0.14194795,-0.20428483,-0.16733299,-0.19413495,-0.1666669,-0.14530453,-0.12504639,-0.18426675,-0.18347874,-0.22622931,-0.17003277,-0.20529808,-0.10294053,-0.09911528,-0.058144663,-0.09938094,-0.10765974,-0.17129353,-0.1978925,-0.12536043,-0.1364504,-0.1525484,-0.17197767,-0.11658599,-0.16770056,-0.17433682,-0.1509206,-0.12124001,-0.13516386,-0.10562595,-0.14851564,-0.19654346,-0.18970132,-0.2175087,-0.1614195,-0.22338755,-0.19793229,-0.29867563,-0.29210672,-0.19874018,-0.10712125,-0.09162698,-0.13691942,-0.1553038,-0.23188588,-0.19433375,-0.14683309,-0.2026537,-0.18448843,-0.18279888,-0.19792199,-0.19909893,-0.20401627,-0.15828216,-0.12577485,-0.14400955,-0.091923684,-0.09551604,-0.17172565,-0.14249608,-0.13743341,-0.14715913,-0.12719077,-0.15165904,-0.2613474,-0.22333384,-0.18939552,-0.20047067,-0.14593413,-0.14948903,-0.13082553,-0.14293438,-0.15105101,-0.16446194,-0.14701101,-0.16278498,-0.15973961,-0.14998752,-0.14737517,-0.15740898,-0.15349746,-0.22480208,-0.120334074,-0.14165545,-0.118332095,-0.16134925,-0.17458627,-0.15585513,-0.16852267,-0.11139822,-0.1388583,-0.13027036,-0.1287297,-0.15152657,-0.14262854,-0.11547409,-0.10065024,-0.09023538,-0.10539861,-0.12059167,-0.13516104,-0.15027548,-0.16064873,-0.1185138,-0.11129953,-0.1578567,-0.17738779,-0.13378689,-0.1643711,-0.25953975,-0.14897025,-0.13268346,-0.1417731,-0.15095688,-0.17780018,-0.16410461,-0.22917573,-0.09015879,-0.10998593,-0.1348091,-0.1297493,-0.13997786,-0.17408109,-0.13908121,-0.16057305,-0.12777606,-0.07092635,-0.03704006,-0.13727412,-0.16240051,-0.17930703,-0.14332479,-0.12334781,-0.13583457,-0.12023825,-0.138349,-0.25318068,-0.26654312,-0.083128646,-0.10945694,-0.1445917,-0.09238048,-0.18821691,-0.19069408,-0.15303811,-0.0899996,-0.13230102,-0.1497708,-0.15054834,-0.15930586,-0.17097977,-0.18426019,-0.08756181,-0.123836994,-0.14124759,-0.10256614,-0.17951453,-0.19495486,-0.19183116,-0.09993301,-0.13113372,-0.07925254,-0.1280183,-0.19006202,-0.19392753,-0.19218306,-0.12338568,-0.07501058,-0.09699052,-0.11853943,-0.13661295,-0.12406494,-0.121451,-0.0942774,-0.096469894,-0.108301565,-0.082459606,-0.11282003,-0.1323376,-0.16747147,-0.1410757,-0.13651443,-0.18093297,-0.17825818,-0.19480395,-0.14489901,-0.15549555,-0.13559857,-0.119081676,-0.14001076,-0.19117098,-0.19173297,-0.18183236,-0.19755594,-0.25103784,-0.20219928,-0.19053036,-0.1916253,-0.18302432,-0.17428297,-0.27554205,-0.08916744,-0.11956477,-0.12783463,-0.15751183,-0.20931396,-0.18224281,-0.29657933,-0.32474133,-0.15239218,-0.3242122,-0.17325558,-0.17108874,-0.2185038,-0.17647925,-0.114121355,-0.14002895,-0.15388772,-0.15788373,-0.22984435,-0.18186735,-0.25794613,-0.10422937,-0.12455491,-0.13859089,-0.124193825,-0.15189947,-0.15527534,-0.15649849,-0.14014931,-0.15141064,-0.16344734,-0.15556484,-0.15376309,-0.15329042,-0.13401824,-0.12307838,-0.14662024,-0.19078672,-0.17738764,-0.21025829,-0.3990198,-0.20309067,-0.11337468,-0.1296617,-0.11856297,-0.14815255,-0.16636807,-0.18708661,-0.19222546,-0.13154168,-0.07639894,-0.15340924,-0.13989194,-0.14106366,-0.117957816,-0.19987361,-0.1649412,-0.15889047,-0.1415646,-0.12353553,-0.12722544,-0.14610182,-0.2588673,-0.10713238,-0.13074079,-0.09132757,-0.12832497,-0.12919155,-0.14989194,-0.15202108,-0.09605263,-0.08910369,-0.12428318,-0.11042598,-0.13796212,-0.15096733,-0.17076597,-0.143083,-0.11627534,-0.17426088,-0.15202425,-0.1424598,-0.12540239,-0.14231029,-0.17466888,-0.13176009,-0.1323274,-0.14594656,-0.122921765,-0.08722703,-0.05825615,-0.1436039,-0.17082691,-0.026243303,-0.1669006,-0.2829064,-0.31316653,-0.1986568,-0.1458982,-0.14331596,-0.14862512,-0.12963767,-0.25088155,-0.19451287,-0.18911225,-0.09434272,-0.109269306,-0.10702289,-0.093635306,-0.12759323,-0.15313786,-0.15746465,-0.16757208,-0.12812386,-0.0969081,-0.16398169,-0.14376691,-0.11335766,-0.18846886,-0.1706479,-0.15417114,-0.12577206,-0.115196005,-0.11290601,-0.11662802,-0.17645067,-0.13863245,-0.13451184,-0.096878245,-0.12109399,-0.09149815,-0.12434345,-0.13587177,-0.063823454,-0.13877153,-0.11419349,-0.13384166,-0.24483351,-0.2571875,-0.29957527,-0.14643046,-0.15703224,-0.13234346,-0.19104545,-0.0782174,-0.17274609,-0.16459963,-0.09859173,-0.11065883,-0.114469156,-0.076612435,-0.083404,-0.1213824,-0.13072303,-0.13855581,-0.19385117,-0.09886956,-0.15599021,-0.19487974,-0.19162378,-0.187412,-0.111149706,-0.14303747,-0.10292862,-0.1597082,-0.1948932,-0.17321631,-0.16941935,-0.14297134,-0.14272337,-0.10158776,-0.15343687,-0.16195674,-0.18134332,-0.19575086,-0.121248245,-0.14754868,-0.1136775,-0.0797261,-0.14323154,-0.20725825,-0.16107863,-0.125103,-0.15657571,-0.15690626,-0.14381966,-0.19202894,-0.1628744,-0.18243633,-0.2963242,-0.19860445,-0.18147644,-0.17200981,-0.1934343,-0.15769431,-0.14054683,-0.13036925,-0.12557748,-0.13834327,-0.16349787,-0.30584824,-0.16686054,-0.18158667,-0.19339168,-0.11441202,-0.15072489,-0.14076927,-0.17841205,-0.16724788,-0.16493185,-0.14331086,-0.18237996,-0.12840953,-0.15349483,-0.13760874,-0.24156228,-0.17983322,-0.1030654,-0.13528243,-0.1421276,-0.17490806,-0.11016784,-0.13459164,-0.15257746,-0.1603147,-0.1822412,-0.1543769,-0.14941943,-0.19184028,-0.17575651,-0.16445935,-0.14723541,-0.14623587,-0.11499533,-0.10471026,-0.13516645,-0.20148799,-0.1774648,-0.12513243,-0.16602008,-0.18041904,-0.18738703,-0.11705899,-0.1769092,-0.26085073,-0.09230368,-0.092005834,-0.11470734,-0.13616145,-0.14816028,-0.09829602,-0.18959677
k__Bacteria|p__Firmicutes|c__CFGB75522|o__OFGB75522|f__FGB75522|g__GGB4249|s__GGB4249_SGB5749,-0.1004395,-0.12316422,-0.14153725,-0.20428483,-0.16706802,-0.1937364,-0.1666669,-0.14517972,-0.12508954,-0.18401513,-0.18331271,-0.22068588,-0.17016226,-0.2033006,-0.10286062,-0.098887816,-0.058144663,-0.0993392,-0.1075966,-0.1709532,-0.1978925,-0.12536043,-0.13640739,-0.1523968,-0.1714904,-0.11658599,-0.16779451,-0.1741374,-0.1509206,-0.12124001,-0.13523157,-0.10537578,-0.14839065,-0.19549143,-0.18915209,-0.2175087,-0.1611523,-0.22338755,-0.19700594,-0.29867563,-0.29210672,-0.19755994,-0.107033536,-0.09162698,-0.13691942,-0.15512773,-0.23188588,-0.19397321,-0.14668587,-0.2026537,-0.18456686,-0.18279888,-0.19677989,-0.19749667,-0.2010424,-0.158079,-0.1255684,-0.1437292,-0.092048496,-0.0953407,-0.17142281,-0.1423963,-0.13743341,-0.14698766,-0.12719077,-0.1516577,-0.2613474,-0.22333384,-0.1889433,-0.20047067,-0.14567123,-0.14932066,-0.13048261,-0.14251325,-0.15054944,-0.16406147,-0.14685968,-0.16278498,-0.15978065,-0.14998752,-0.14726402,-0.15716246,-0.15331864,-0.22480208,-0.120334074,-0.14153053,-0.11817926,-0.16105305,-0.17416264,-0.15571813,-0.1683355,-0.11139822,-0.1388583,-0.13027036,-0.12861408,-0.15152657,-0.14284538,-0.115565896,-0.10065024,-0.09015432,-0.105207816,-0.12028007,-0.1349073,-0.15027548,-0.16051921,-0.1185138,-0.11129953,-0.1578567,-0.17738779,-0.13356456,-0.16375813,-0.25953975,-0.14888702,-0.13260767,-0.14141583,-0.15095688,-0.17780018,-0.16385368,-0.22917573,-0.09015879,-0.11020494,-0.13466842,-0.12949151,-0.13997786,-0.17388615,-0.13908121,-0.16057305,-0.12777606,-0.07092635,-0.03704006,-0.13707641,-0.16212022,-0.17911479,-0.14332479,-0.12334781,-0.13596445,-0.12023825,-0.13798188,-0.25318068,-0.26654312,-0.0832205,-0.10945694,-0.14431629,-0.09238048,-0.18807392,-0.19012661,-0.1530051,-0.09003933,-0.13230102,-0.1496576,-0.15033206,-0.15899716,-0.17060345,-0.1837896,-0.08756895,-0.12371631,-0.14105082,-0.10256614,-0.17951453,-0.19495486,-0.19120339,-0.099880636,-0.13113372,-0.07863182,-0.1274902,-0.19006202,-0.19327441,-0.19174327,-0.123405285,-0.07512973,-0.09690118,-0.118246585,-0.13645561,-0.12406494,-0.121451,-0.09420326,-0.0963834,-0.108263336,-0.082459606,-0.112630725,-0.13217479,-0.1672451,-0.1410757,-0.13647571,-0.18093297,-0.17825818,-0.19412267,-0.14454636,-0.15549555,-0.13532308,-0.119081676,-0.14001076,-0.19117098,-0.19116934,-0.18159008,-0.19755594,-0.25103784,-0.20219928,-0.19058311,-0.19123477,-0.18268904,-0.1738781,-0.27554205,-0.08916744,-0.11956477,-0.12792933,-0.15751183,-0.20931396,-0.18224281,-0.29657933,-0.32474133,-0.15401149,-0.3242122,-0.17325558,-0.17108874,-0.2185038,-0.17647925,-0.114121355,-0.14001714,-0.15388772,-0.15788373,-0.22984435,-0.18186735,-0.25429064,-0.104141094,-0.12455491,-0.13852578,-0.12402716,-0.15189947,-0.15498608,-0.15628435,-0.14014931,-0.15141064,-0.16310367,-0.15540004,-0.15360646,-0.15303911,-0.13387433,-0.1230186,-0.14655915,-0.19035597,-0.1770398,-0.21025829,-0.3990198,-0.20223793,-0.11333975,-0.1296617,-0.11822568,-0.14789677,-0.16636807,-0.18679813,-0.1917879,-0.13166356,-0.07634883,-0.15296,-0.13974866,-0.14106366,-0.118109316,-0.19987361,-0.1649412,-0.15899867,-0.14139591,-0.123404235,-0.12722544,-0.14610182,-0.2588673,-0.107074775,-0.13074079,-0.09132757,-0.12832497,-0.12906037,-0.14980552,-0.15194684,-0.09604602,-0.08910369,-0.12411678,-0.11025579,-0.13785397,-0.15077952,-0.17039074,-0.14292812,-0.11646633,-0.17405671,-0.15189633,-0.14232373,-0.1251642,-0.14229187,-0.17466888,-0.13176009,-0.13222659,-0.14572953,-0.122767136,-0.08722703,-0.05825615,-0.14348315,-0.17082691,-0.026243303,-0.16687897,-0.2829064,-0.31316653,-0.19803289,-0.14571315,-0.14331596,-0.14862512,-0.12963767,-0.25088155,-0.19378048,-0.18869773,-0.0943545,-0.10919687,-0.10702289,-0.09315297,-0.12759323,-0.15311754,-0.15746465,-0.16728489,-0.12812386,-0.0969081,-0.16398169,-0.1435358,-0.11335766,-0.18846886,-0.1706479,-0.15404296,-0.12572095,-0.115196005,-0.11265998,-0.11662802,-0.17632326,-0.13839328,-0.1342239,-0.096878245,-0.12084398,-0.091434464,-0.12434345,-0.13612394,-0.063823454,-0.13877153,-0.11419349,-0.1335989,-0.24483351,-0.2571875,-0.29957527,-0.14614224,-0.15677902,-0.13192931,-0.19104545,-0.0782174,-0.1724191,-0.16434072,-0.09859173,-0.11065883,-0.11472681,-0.076612435,-0.083404,-0.1213824,-0.13072303,-0.13855581,-0.19385117,-0.09865679,-0.15567815,-0.19487974,-0.19125324,-0.18694365,-0.111104846,-0.14310339,-0.102864414,-0.15925673,-0.19410785,-0.1727272,-0.16901022,-0.14278659,-0.14248762,-0.101530306,-0.15320295,-0.16175666,-0.18114725,-0.19506612,-0.12108165,-0.14737453,-0.11388103,-0.07983155,-0.14256984,-0.20725825,-0.16100404,-0.125103,-0.15657571,-0.15690626,-0.1437817,-0.19202894,-0.16265146,-0.18217355,-0.2963242,-0.19785191,-0.18108076,-0.1716968,-0.19286184,-0.15738317,-0.14054683,-0.13017166,-0.12557748,-0.13821986,-0.16318443,-0.30584824,-0.16697559,-0.18105377,-0.19303828,-0.11441202,-0.15046158,-0.14062724,-0.17816873,-0.16688226,-0.16476163,-0.14331086,-0.18237996,-0.12837107,-0.15339524,-0.13686551,-0.24156228,-0.17988396,-0.10299517,-0.1353217,-0.14184134,-0.17440271,-0.110257626,-0.13444874,-0.15232614,-0.16006532,-0.18208303,-0.15402448,-0.1488613,-0.19184028,-0.17543373,-0.16439742,-0.14723541,-0.14623587,-0.11499533,-0.10471026,-0.13483676,-0.20148799,-0.1772266,-0.12513243,-0.16644199,-0.18041904,-0.18738703,-0.11705899,-0.17659134,-0.25856686,-0.09227592,-0.09205425,-0.11457242,-0.1358712,-0.14781503,-0.098195925,-0.18911158
k__Bacteria|p__Firmicutes|c__Negativicutes|o__Veillonellales|f__Veillonellaceae|g__Allisonella|s__Allisonella_histaminiformans,-0.1004395,-0.12316422,-0.14210314,-0.20428483,-0.16673218,-0.19403274,-0.1666669,-0.14515856,-0.12526347,-0.18447667,-0.18298092,-0.22565353,-0.17096007,-0.20384094,-0.10296315,-0.099289685,-0.058144663,-0.09977886,-0.10777776,-0.17136842,-0.1978925,-0.12536043,-0.13667837,-0.15258935,-0.1718542,-0.11658599,-0.16799146,-0.17421438,-0.1509206,-0.12124001,-0.13528757,-0.105639234,-0.1487115,-0.19604951,-0.18972933,-0.2175087,-0.16060826,-0.22338755,-0.19719708,-0.29867563,-0.29210672,-0.19854,-0.10702147,-0.09162698,-0.13691942,-0.15535939,-0.23188588,-0.19436796,-0.1467342,-0.2026537,-0.18315786,-0.18279888,-0.19761267,-0.1992044,-0.20418242,-0.15858598,-0.12583575,-0.14396796,-0.0922157,-0.09571526,-0.17160077,-0.14262801,-0.13743341,-0.14709389,-0.12719077,-0.15180811,-0.2613474,-0.22333384,-0.18869776,-0.20047067,-0.14584999,-0.14946876,-0.13098069,-0.14316164,-0.1510897,-0.16420203,-0.1468007,-0.16278498,-0.15939854,-0.14998752,-0.14758712,-0.15733641,-0.15372896,-0.22480208,-0.120334074,-0.14181799,-0.11856727,-0.16121866,-0.17420441,-0.15599632,-0.16867335,-0.11139822,-0.1388583,-0.13027036,-0.12893668,-0.15152657,-0.14294559,-0.11576052,-0.10065024,-0.09050022,-0.10554491,-0.120565824,-0.13515964,-0.15027548,-0.1606035,-0.1185138,-0.11129953,-0.1578567,-0.17738779,-0.13408835,-0.16456935,-0.25953975,-0.14891513,-0.13287231,-0.14203963,-0.15095688,-0.17780018,-0.16372955,-0.22917573,-0.09015879,-0.110397846,-0.13485894,-0.12993243,-0.13997786,-0.17404711,-0.13908121,-0.16057305,-0.12777606,-0.07092635,-0.03704006,-0.13738,-0.16241983,-0.17931229,-0.14332479,-0.12334781,-0.13588826,-0.12023825,-0.13861763,-0.25318068,-0.26654312,-0.08341973,-0.10945694,-0.14473855,-0.09238048,-0.18846913,-0.19061193,-0.15352173,-0.09026818,-0.13230102,-0.14988628,-0.15062286,-0.15933803,-0.17094454,-0.18416286,-0.08785978,-0.12401688,-0.14090306,-0.10256614,-0.17951453,-0.19495486,-0.1915602,-0.10018633,-0.13113372,-0.07983002,-0.12824686,-0.19006202,-0.19363588,-0.19206345,-0.123358205,-0.07511909,-0.09717371,-0.11869615,-0.13681331,-0.12406494,-0.121451,-0.09446909,-0.09656219,-0.10857247,-0.082459606,-0.11304663,-0.13247487,-0.16732346,-0.1410757,-0.13665214,-0.18093297,-0.17825818,-0.1946288,-0.14501233,-0.15549555,-0.13568026,-0.119081676,-0.14001076,-0.19117098,-0.19136992,-0.18184856,-0.19755594,-0.25103784,-0.20219928,-0.19057038,-0.19155979,-0.18312249,-0.17432337,-0.27554205,-0.08916744,-0.11956477,-0.12810576,-0.15751183,-0.20931396,-0.18224281,-0.29657933,-0.32474133,-0.15519385,-0.3242122,-0.17325558,-0.17108874,-0.2185038,-0.17647925,-0.114121355,-0.14019474,-0.15388772,-0.15788373,-0.22984435,-0.18186735,-0.25667882,-0.10439901,-0.12455491,-0.13879116,-0.12444096,-0.15189947,-0.15519908,-0.15630615,-0.14014931,-0.15141064,-0.16329841,-0.15544897,-0.15374123,-0.15329161,-0.1342738,-0.12325068,-0.14675094,-0.19082496,-0.17706138,-0.21025829,-0.3990198,-0.20595591,-0.11345458,-0.1296617,-0.118653804,-0.1484094,-0.16636807,-0.18688878,-0.19195262,-0.13178529,-0.07671206,-0.15344653,-0.1399648,-0.14106366,-0.11819346,-0.19987361,-0.1649412,-0.158737,-0.14186607,-0.123839185,-0.12722544,-0.14610182,-0.2588673,-0.107326284,-0.13074079,-0.09132757,-0.12832497,-0.12950142,-0.14994712,-0.15205367,-0.096208975,-0.08910369,-0.12456408,-0.11059354,-0.13825566,-0.15105186,-0.17081976,-0.14305642,-0.11667183,-0.17427224,-0.15209827,-0.14270124,-0.12549175,-0.14244342,-0.17466888,-0.13176009,-0.13258614,-0.1459564,-0.12304734,-0.08722703,-0.05825615,-0.14357576,-0.17082691,-0.026243303,-0.16677338,-0.2829064,-0.31316653,-0.19990408,-0.14587069,-0.14331596,-0.14862512,-0.12963767,-0.25088155,-0.19407971,-0.1889007,-0.094633296,-0.10941198,-0.10702289,-0.094056115,-0.12759323,-0.15344726,-0.15746465,-0.16730873,-0.12812386,-0.0969081,-0.16398169,-0.14390534,-0.11335766,-0.18846886,-0.1706479,-0.15410432,-0.12597115,-0.115196005,-0.113200165,-0.11662802,-0.17637734,-0.13861592,-0.1343936,-0.096878245,-0.12129408,-0.0917854,-0.12434345,-0.13615778,-0.063823454,-0.13877153,-0.11419349,-0.13405624,-0.24483351,-0.2571875,-0.29957527,-0.14630039,-0.15706834,-0.13253632,-0.19104545,-0.0782174,-0.172676,-0.16479789,-0.09859173,-0.11065883,-0.114667505,-0.076612435,-0.083404,-0.1213824,-0.13072303,-0.13855581,-0.19385117,-0.09902178,-0.15595911,-0.19487974,-0.19150317,-0.18750407,-0.11129698,-0.1432639,-0.10302769,-0.15947652,-0.19448906,-0.17338158,-0.16929512,-0.14291531,-0.14267635,-0.101889886,-0.15367869,-0.16191953,-0.18137437,-0.19556834,-0.121287294,-0.14744978,-0.11373616,-0.08021623,-0.14365333,-0.20725825,-0.1607664,-0.125103,-0.15657571,-0.15690626,-0.14382388,-0.19202894,-0.16282216,-0.1824209,-0.2963242,-0.19833277,-0.18225694,-0.17207593,-0.19347112,-0.1579267,-0.14054683,-0.13039877,-0.12557748,-0.13833758,-0.16385317,-0.30584824,-0.16727956,-0.18143086,-0.19308707,-0.11441202,-0.15103222,-0.1408756,-0.17845473,-0.16727799,-0.16485193,-0.14331086,-0.18237996,-0.12843487,-0.15380898,-0.13797197,-0.24156228,-0.17957173,-0.10328675,-0.13552025,-0.14230172,-0.17454171,-0.11048006,-0.13488989,-0.15267786,-0.15999019,-0.1821678,-0.15465328,-0.1493159,-0.19184028,-0.17550777,-0.16448885,-0.14723541,-0.14623587,-0.11499533,-0.10471026,-0.13558674,-0.20148799,-0.17714325,-0.12513243,-0.16593981,-0.18041904,-0.18738703,-0.11705899,-0.1770372,-0.25912914,-0.09245397,-0.09233743,-0.1148541,-0.13635501,-0.1482526,-0.0986319,-0.18947423
k__Bacteria|p__Firmicutes|c__CFGB1507|o__OFGB1507|f__FGB1507|g__GGB3819|s__GGB3819_SGB5184,-0.1004395,-0.12316422,-0.14171237,-0.20428483,-0.16740608,-0.19357538,-0.1666669,-0.14498061,-0.12492664,-0.18337053,-0.18398449,-0.22575745,-0.16928953,-0.20596257,-0.10305038,-0.09936841,-0.058144663,-0.09941198,-0.10767777,-0.17067298,-0.1978925,-0.12536043,-0.13623115,-0.15211624,-0.17148185,-0.11658599,-0.16761822,-0.17383009,-0.1509206,-0.12124001,-0.13511084,-0.1057564,-0.14834332,-0.19587907,-0.18905652,-0.2175087,-0.16130838,-0.22338755,-0.19741938,-0.29867563,-0.29210672,-0.19786666,-0.10711554,-0.09162698,-0.13691942,-0.15517695,-0.23188588,-0.19409962,-0.1465098,-0.2026537,-0.1844622,-0.18279888,-0.19741344,-0.19836597,-0.20240153,-0.15706202,-0.1255821,-0.14372154,-0.091877565,-0.09534375,-0.17124996,-0.14211832,-0.13743341,-0.14695016,-0.12719077,-0.15122294,-0.2613474,-0.22333384,-0.18900856,-0.20047067,-0.14553446,-0.14924157,-0.13062644,-0.14259706,-0.15021622,-0.1638636,-0.14634813,-0.16278498,-0.15995751,-0.14998752,-0.14712703,-0.1572187,-0.15310577,-0.22480208,-0.120334074,-0.14144093,-0.11820558,-0.16077814,-0.17394048,-0.15579498,-0.16802871,-0.11139822,-0.1388583,-0.13027036,-0.12830973,-0.15152657,-0.14252776,-0.11526815,-0.10065024,-0.09032476,-0.105195254,-0.12028742,-0.1348691,-0.15027548,-0.16028823,-0.1185138,-0.11129953,-0.1578567,-0.17738779,-0.13335253,-0.16369998,-0.25953975,-0.14875726,-0.13277319,-0.14153379,-0.15095688,-0.17780018,-0.1639258,-0.22917573,-0.09015879,-0.1100639,-0.1346673,-0.12952608,-0.13997786,-0.17395863,-0.13908121,-0.16057305,-0.12777606,-0.07092635,-0.03704006,-0.13716038,-0.1619445,-0.17888165,-0.14332479,-0.12334781,-0.13579662,-0.12023825,-0.13797626,-0.25318068,-0.26654312,-0.083313495,-0.10945694,-0.14412373,-0.09238048,-0.18789671,-0.19050026,-0.15321797,-0.09014851,-0.13230102,-0.14955318,-0.15036166,-0.15895659,-0.17058335,-0.18334255,-0.0878446,-0.123610556,-0.14132999,-0.10256614,-0.17951453,-0.19495486,-0.19099408,-0.09975883,-0.13113372,-0.0790181,-0.12731992,-0.19006202,-0.19349696,-0.19174512,-0.12317696,-0.075351246,-0.09693596,-0.118342035,-0.13642876,-0.12406494,-0.121451,-0.09437448,-0.09653528,-0.10836075,-0.082459606,-0.11259818,-0.13206849,-0.16695899,-0.1410757,-0.13641113,-0.18093297,-0.17825818,-0.19442794,-0.1445896,-0.15549555,-0.13517314,-0.119081676,-0.14001076,-0.19117098,-0.19165497,-0.18173473,-0.19755594,-0.25103784,-0.20219928,-0.19050178,-0.19143204,-0.18263629,-0.17413117,-0.27554205,-0.08916744,-0.11956477,-0.12787512,-0.15751183,-0.20931396,-0.18224281,-0.29657933,-0.32474133,-0.15371858,-0.3242122,-0.17325558,-0.17108874,-0.2185038,-0.17647925,-0.114121355,-0.14010784,-0.15388772,-0.15788373,-0.22984435,-0.18186735,-0.2568006,-0.10424021,-0.12455491,-0.13841332,-0.12388384,-0.15189947,-0.15487921,-0.15597306,-0.14014931,-0.15141064,-0.16284034,-0.15539005,-0.15345621,-0.15311927,-0.13391137,-0.12285467,-0.14633071,-0.19014125,-0.17727259,-0.21025829,-0.3990198,-0.2024919,-0.1132783,-0.1296617,-0.118218616,-0.14765938,-0.16636807,-0.18646532,-0.19169185,-0.13166317,-0.07644493,-0.15264845,-0.13971056,-0.14106366,-0.11767737,-0.19987361,-0.1649412,-0.15909247,-0.14154348,-0.123464316,-0.12722544,-0.14610182,-0.2588673,-0.107111245,-0.13074079,-0.09132757,-0.12832497,-0.12883969,-0.1498079,-0.15163255,-0.096107975,-0.08910369,-0.12406525,-0.1103943,-0.13778833,-0.15076056,-0.17019257,-0.14277789,-0.11631673,-0.17391007,-0.1518583,-0.1422556,-0.12543029,-0.14166655,-0.17466888,-0.13176009,-0.1320537,-0.14566824,-0.12277151,-0.08722703,-0.05825615,-0.14333309,-0.17082691,-0.026243303,-0.1670568,-0.2829064,-0.31316653,-0.19820672,-0.14560142,-0.14331596,-0.14862512,-0.12963767,-0.25088155,-0.19407627,-0.18843378,-0.09437382,-0.10908987,-0.10702289,-0.093040064,-0.12759323,-0.1528736,-0.15746465,-0.16717038,-0.12812386,-0.0969081,-0.16398169,-0.14334093,-0.11335766,-0.18846886,-0.1706479,-0.15408222,-0.12564333,-0.115196005,-0.11255532,-0.11662802,-0.17596358,-0.13833174,-0.13427591,-0.096878245,-0.12098555,-0.091398776,-0.12434345,-0.13575163,-0.063823454,-0.13877153,-0.11419349,-0.13362616,-0.24483351,-0.2571875,-0.29957527,-0.14612432,-0.15676051,-0.13187087,-0.19104545,-0.0782174,-0.17229655,-0.16422014,-0.09859173,-0.11065883,-0.114408016,-0.076612435,-0.083404,-0.1213824,-0.13072303,-0.13855581,-0.19385117,-0.09886344,-0.15538603,-0.19487974,-0.19130567,-0.18689719,-0.11103159,-0.1432419,-0.102655075,-0.15880442,-0.194163,-0.17230807,-0.16911305,-0.14278637,-0.14250663,-0.10178888,-0.15307362,-0.16165537,-0.1811637,-0.19527936,-0.12096369,-0.14713268,-0.11366692,-0.07971094,-0.14249119,-0.20725825,-0.16096354,-0.125103,-0.15657571,-0.15690626,-0.14375839,-0.19202894,-0.1626072,-0.18182093,-0.2963242,-0.19919258,-0.18111683,-0.17202908,-0.19334742,-0.15753323,-0.14054683,-0.13021433,-0.12557748,-0.13817286,-0.1633915,-0.30584824,-0.16707747,-0.18100046,-0.19304745,-0.11441202,-0.15024714,-0.14063147,-0.17807129,-0.16683799,-0.16448155,-0.14331086,-0.18237996,-0.1283265,-0.1533644,-0.13695401,-0.24156228,-0.18011105,-0.10303131,-0.13539508,-0.14168295,-0.17426467,-0.11029144,-0.13443168,-0.15190654,-0.15996265,-0.18238385,-0.153759,-0.14883016,-0.19184028,-0.17555012,-0.16395974,-0.14723541,-0.14623587,-0.11499533,-0.10471026,-0.13466263,-0.20148799,-0.17706501,-0.12513243,-0.16668217,-0.18041904,-0.18738703,-0.11705899,-0.17574435,-0.25980246,-0.09239425,-0.092066586,-0.11466531,-0.1357715,-0.14787242,-0.098317236,-0.1888785
k__Bacteria|p__Firmicutes|c__Clostridia|o__Eubacteriales|f__Eubacteriales_unclassified|g__Gemmiger|s__Gemmiger_SGB1481,-0.1004395,-0.12316422,-0.14205095,-0.20428483,-0.1663252,-0.19339564,-0.1666669,-0.14471859,-0.12495454,-0.18298256,-0.18314536,-0.2292847,-0.16938673,-0.20424995,-0.10310472,-0.099213436,-0.058144663,-0.099535674,-0.10780966,-0.1707443,-0.1978925,-0.12536043,-0.13617828,-0.1520812,-0.17143005,-0.11658599,-0.16695891,-0.17326123,-0.1509206,-0.12124001,-0.13485882,-0.105868414,-0.14831954,-0.19580182,-0.18906441,-0.2175087,-0.16033933,-0.22338755,-0.19697127,-0.29867563,-0.29210672,-0.19857074,-0.10685071,-0.09162698,-0.13691942,-0.15475915,-0.23188588,-0.19354406,-0.14629318,-0.2026537,-0.18244122,-0.18279888,-0.19767562,-0.19996628,-0.20606928,-0.15712164,-0.12568775,-0.14366506,-0.09215099,-0.095816106,-0.17092231,-0.14233056,-0.13743341,-0.1467544,-0.12719077,-0.15104842,-0.2613474,-0.22333384,-0.18815377,-0.20047067,-0.14546165,-0.14899792,-0.13093518,-0.14299466,-0.15071149,-0.16363406,-0.14618434,-0.16278498,-0.1587923,-0.14998752,-0.14707045,-0.15702948,-0.15321615,-0.22480208,-0.120334074,-0.14143372,-0.11842361,-0.16058367,-0.17364293,-0.1557509,-0.16788211,-0.11139822,-0.1388583,-0.13027036,-0.1286109,-0.15152657,-0.14229518,-0.115238294,-0.10065024,-0.09060399,-0.10546218,-0.120435834,-0.13492143,-0.15027548,-0.15987192,-0.1185138,-0.11129953,-0.1578567,-0.17738779,-0.1338242,-0.16467686,-0.25953975,-0.14840096,-0.1326766,-0.14199977,-0.15095688,-0.17780018,-0.16348003,-0.22917573,-0.09015879,-0.11006658,-0.13470447,-0.12979704,-0.13997786,-0.17354286,-0.13908121,-0.16057305,-0.12777606,-0.07092635,-0.03704006,-0.13709167,-0.16195059,-0.17846553,-0.14332479,-0.12334781,-0.13541451,-0.12023825,-0.13852179,-0.25318068,-0.26654312,-0.08341563,-0.10945694,-0.14440559,-0.09238048,-0.18745063,-0.19016856,-0.15286873,-0.090226054,-0.13230102,-0.14942198,-0.15021181,-0.15877917,-0.1703769,-0.18340147,-0.08801618,-0.123663545,-0.14066994,-0.10256614,-0.17951453,-0.19495486,-0.19092965,-0.10020603,-0.13113372,-0.08067432,-0.12832049,-0.19006202,-0.1930252,-0.19148406,-0.123003274,-0.07524456,-0.09718551,-0.11872839,-0.13651448,-0.12406494,-0.121451,-0.09455419,-0.09671556,-0.108453706,-0.082459606,-0.11300381,-0.13221213,-0.16653468,-0.1410757,-0.13623157,-0.18093297,-0.17825818,-0.19426203,-0.1449104,-0.15549555,-0.13544725,-0.119081676,-0.14001076,-0.19117098,-0.19081546,-0.18112874,-0.19755594,-0.25103784,-0.20219928,-0.189602,-0.19095357,-0.18237722,-0.17402093,-0.27554205,-0.08916744,-0.11956477,-0.12785679,-0.15751183,-0.20931396,-0.18224281,-0.29657933,-0.32474133,-0.15411088,-0.3242122,-0.17325558,-0.17108874,-0.2185038,-0.17647925,-0.114121355,-0.13979705,-0.15388772,-0.15788373,-0.22984435,-0.18186735,-0.25823683,-0.10444221,-0.12455491,-0.13835123,-0.1241486,-0.15189947,-0.15481284,-0.15565741,-0.14014931,-0.15141064,-0.1627504,-0.15503116,-0.15328836,-0.15315843,-0.13387986,-0.12302445,-0.14614308,-0.18996692,-0.17677285,-0.21025829,-0.3990198,-0.20470583,-0.11328137,-0.1296617,-0.118609585,-0.14806402,-0.16636807,-0.18597353,-0.19125438,-0.13143553,-0.07693747,-0.15312734,-0.13966084,-0.14106366,-0.11768402,-0.19987361,-0.1649412,-0.15823385,-0.14178851,-0.12371963,-0.12722544,-0.14610182,-0.2588673,-0.107316166,-0.13074079,-0.09132757,-0.12832497,-0.12906885,-0.14961618,-0.15125507,-0.09615109,-0.08910369,-0.12439415,-0.11065655,-0.13781056,-0.1507198,-0.17016347,-0.14278482,-0.11632185,-0.1735741,-0.15171108,-0.14221595,-0.12564515,-0.14151035,-0.17466888,-0.13176009,-0.13229895,-0.14570488,-0.12285465,-0.08722703,-0.05825615,-0.14336604,-0.17082691,-0.026243303,-0.16606249,-0.2829064,-0.31316653,-0.1993699,-0.14546724,-0.14331596,-0.14862512,-0.12963767,-0.25088155,-0.19355905,-0.18823062,-0.09484487,-0.10916355,-0.10702289,-0.09435444,-0.12759323,-0.1529161,-0.15746465,-0.16660249,-0.12812386,-0.0969081,-0.16398169,-0.14330725,-0.11335766,-0.18846886,-0.1706479,-0.15366876,-0.1257106,-0.115196005,-0.11318782,-0.11662802,-0.1753588,-0.1383129,-0.13423212,-0.096878245,-0.12124744,-0.091747396,-0.12434345,-0.13534796,-0.063823454,-0.13877153,-0.11419349,-0.13395765,-0.24483351,-0.2571875,-0.29957527,-0.14605366,-0.15661368,-0.13252918,-0.19104545,-0.0782174,-0.17230338,-0.16413979,-0.09859173,-0.11065883,-0.11423118,-0.076612435,-0.083404,-0.1213824,-0.13072303,-0.13855581,-0.19385117,-0.09928392,-0.1556611,-0.19487974,-0.19075514,-0.18684095,-0.111132786,-0.14272785,-0.102906264,-0.15890741,-0.19399266,-0.17273673,-0.1689342,-0.14262119,-0.142339,-0.10212964,-0.15329874,-0.16120306,-0.18070099,-0.19492787,-0.1211636,-0.14699268,-0.11341191,-0.08015906,-0.14375548,-0.20725825,-0.16015399,-0.125103,-0.15657571,-0.15690626,-0.14338122,-0.19202894,-0.16238509,-0.18163653,-0.2963242,-0.19858252,-0.18172145,-0.17149842,-0.19304422,-0.15774721,-0.14054683,-0.13027847,-0.12557748,-0.13830173,-0.16340372,-0.30584824,-0.1668745,-0.1810658,-0.19215298,-0.11441202,-0.15073997,-0.14037593,-0.17772202,-0.16679859,-0.16406918,-0.14331086,-0.18237996,-0.12832274,-0.15347305,-0.13862158,-0.24156228,-0.17872646,-0.103155226,-0.13514581,-0.14187853,-0.17413117,-0.11027801,-0.13472676,-0.15188871,-0.15929282,-0.18135715,-0.15414149,-0.14921758,-0.19184028,-0.17517328,-0.16353646,-0.14723541,-0.14623587,-0.11499533,-0.10471026,-0.13542846,-0.20148799,-0.17643207,-0.12513243,-0.1647248,-0.18041904,-0.18738703,-0.11705899,-0.17607574,-0.25920814,-0.09250617,-0.09222778,-0.114882305,-0.13606349,-0.14802238,-0.09884286,-0.18865517
k__Bacteria|p__Firmicutes|c__Clostridia|o__Eubacteriales|f__Christensenellaceae|g__Christensenellaceae_unclassified|s__Christensenellaceae_bacterium_NSJ_63,-0.1004395,-0.12316422,-0.14126876,-0.20428483,-0.16725475,-0.19379826,-0.1666669,-0.14539242,-0.12501326,-0.18416457,-0.18307658,-0.22038558,-0.1694905,-0.20310408,-0.1029314,-0.0987594,-0.058144663,-0.099596724,-0.10761626,-0.17116368,-0.1978925,-0.12536043,-0.13658644,-0.15284091,-0.17168602,-0.11658599,-0.16786152,-0.17452225,-0.1509206,-0.12124001,-0.13538188,-0.105241835,-0.14848505,-0.19547708,-0.1893942,-0.2175087,-0.16124615,-0.22338755,-0.19715282,-0.29867563,-0.29210672,-0.19783674,-0.107183784,-0.09162698,-0.13691942,-0.15507728,-0.23188588,-0.19397399,-0.14686221,-0.2026537,-0.18457937,-0.18279888,-0.19687703,-0.19737571,-0.20127693,-0.15836342,-0.12575223,-0.14394736,-0.09227966,-0.09543809,-0.17172137,-0.1427299,-0.13743341,-0.14715594,-0.12719077,-0.151612,-0.2613474,-0.22333384,-0.18927962,-0.20047067,-0.14601171,-0.14953986,-0.13062179,-0.14265558,-0.15109727,-0.16457497,-0.14730859,-0.16278498,-0.15967715,-0.14998752,-0.14752689,-0.15715519,-0.15351374,-0.22480208,-0.120334074,-0.1416659,-0.118201286,-0.16145056,-0.17453222,-0.15570045,-0.16858149,-0.11139822,-0.1388583,-0.13027036,-0.12886052,-0.15152657,-0.14296107,-0.11569168,-0.10065024,-0.09008067,-0.105301686,-0.12047057,-0.13509417,-0.15027548,-0.16083236,-0.1185138,-0.11129953,-0.1578567,-0.17738779,-0.1338191,-0.16381143,-0.25953975,-0.14894685,-0.13252823,-0.14143255,-0.15095688,-0.17780018,-0.16374898,-0.22917573,-0.09015879,-0.1102047,-0.13478167,-0.12959394,-0.13997786,-0.17387012,-0.13908121,-0.16057305,-0.12777606,-0.07092635,-0.03704006,-0.1370894,-0.16241643,-0.17937656,-0.14332479,-0.12334781,-0.13598028,-0.12023825,-0.13827226,-0.25318068,-0.26654312,-0.08331412,-0.10945694,-0.144739,-0.09238048,-0.18806534,-0.19022414,-0.15285367,-0.09009972,-0.13230102,-0.14971629,-0.15038331,-0.15913463,-0.17077492,-0.18436989,-0.08751756,-0.12381958,-0.14129388,-0.10256614,-0.17951453,-0.19495486,-0.19153015,-0.10002639,-0.13113372,-0.07869618,-0.12764043,-0.19006202,-0.1934928,-0.19190983,-0.12377891,-0.07513136,-0.09697382,-0.11823881,-0.13654137,-0.12406494,-0.121451,-0.09427274,-0.09631243,-0.10832979,-0.082459606,-0.11264981,-0.13234234,-0.16759098,-0.1410757,-0.13641754,-0.18093297,-0.17825818,-0.19409528,-0.14466669,-0.15549555,-0.13556817,-0.119081676,-0.14001076,-0.19117098,-0.19112381,-0.1815925,-0.19755594,-0.25103784,-0.20219928,-0.19061226,-0.19120698,-0.18266077,-0.17381325,-0.27554205,-0.08916744,-0.11956477,-0.12786847,-0.15751183,-0.20931396,-0.18224281,-0.29657933,-0.32474133,-0.15216208,-0.3242122,-0.17325558,-0.17108874,-0.2185038,-0.17647925,-0.114121355,-0.13991803,-0.15388772,-0.15788373,-0.22984435,-0.18186735,-0.25334364,-0.10422844,-0.12455491,-0.13863938,-0.12421651,-0.15189947,-0.15534803,-0.15677363,-0.14014931,-0.15141064,-0.16358584,-0.15552837,-0.15383388,-0.15313408,-0.13383771,-0.123155706,-0.14657208,-0.190667,-0.17706826,-0.21025829,-0.3990198,-0.20081921,-0.1134188,-0.1296617,-0.118355356,-0.14808148,-0.16636807,-0.1872456,-0.19196135,-0.13173747,-0.07634368,-0.15337217,-0.13988158,-0.14106366,-0.11833821,-0.19987361,-0.1649412,-0.15891227,-0.14137714,-0.12347345,-0.12722544,-0.14610182,-0.2588673,-0.107127644,-0.13074079,-0.09132757,-0.12832497,-0.12933286,-0.14998047,-0.15231426,-0.09617114,-0.08910369,-0.124279074,-0.11032519,-0.13790983,-0.15093878,-0.17067277,-0.14315224,-0.116503455,-0.17422396,-0.15201566,-0.14253658,-0.12514034,-0.14258178,-0.17466888,-0.13176009,-0.13237283,-0.14589706,-0.12288938,-0.08722703,-0.05825615,-0.14362362,-0.17082691,-0.026243303,-0.16674331,-0.2829064,-0.31316653,-0.19738528,-0.14589445,-0.14331596,-0.14862512,-0.12963767,-0.25088155,-0.19393432,-0.18905449,-0.094455935,-0.10933632,-0.10702289,-0.09345788,-0.12759323,-0.1531226,-0.15746465,-0.16735074,-0.12812386,-0.0969081,-0.16398169,-0.14401132,-0.11335766,-0.18846886,-0.1706479,-0.15415883,-0.12588829,-0.115196005,-0.112800755,-0.11662802,-0.17656457,-0.13861984,-0.13446492,-0.096878245,-0.12085084,-0.091564804,-0.12434345,-0.13633396,-0.063823454,-0.13877153,-0.11419349,-0.13375759,-0.24483351,-0.2571875,-0.29957527,-0.14632097,-0.15692355,-0.13212284,-0.19104545,-0.0782174,-0.1725744,-0.16457742,-0.09859173,-0.11065883,-0.11500475,-0.076612435,-0.083404,-0.1213824,-0.13072303,-0.13855581,-0.19385117,-0.09885447,-0.15593731,-0.19487974,-0.19132186,-0.187091,-0.111259595,-0.1431495,-0.1030693,-0.1598214,-0.19411421,-0.17317164,-0.16917832,-0.1429309,-0.14260072,-0.101364635,-0.15333249,-0.16176245,-0.18110698,-0.19498318,-0.12129413,-0.1476292,-0.113946676,-0.07987203,-0.1427822,-0.20725825,-0.16126728,-0.125103,-0.15657571,-0.15690626,-0.14371458,-0.19202894,-0.16287512,-0.18258801,-0.2963242,-0.19685066,-0.18084334,-0.17147577,-0.19274035,-0.15733387,-0.14054683,-0.13035177,-0.12557748,-0.13834925,-0.16332537,-0.30584824,-0.16693062,-0.18145353,-0.19296974,-0.11441202,-0.1507313,-0.14064158,-0.17829059,-0.16710906,-0.16497047,-0.14331086,-0.18237996,-0.12835555,-0.15345576,-0.13694806,-0.24156228,-0.17978291,-0.10310596,-0.13528158,-0.14209078,-0.17484215,-0.11025342,-0.13457446,-0.15275906,-0.16027707,-0.18197113,-0.15443102,-0.1492114,-0.19184028,-0.17563093,-0.16480823,-0.14723541,-0.14623587,-0.11499533,-0.10471026,-0.13494304,-0.20148799,-0.17763743,-0.12513243,-0.16602483,-0.18041904,-0.18738703,-0.11705899,-0.17728528,-0.25825,-0.09231369,-0.09210721,-0.114607066,-0.13600376,-0.14799188,-0.09818371,-0.18941972
k__Bacteria|p__Firmicutes|c__Clostridia|o__Clostridia_unclassified|f__Clostridia_unclassified|g__GGB33586|s__GGB33586_SGB53517,-0.1004395,-0.12316422,-0.14196846,-0.20428483,-0.16730434,-0.19387911,-0.1666669,-0.14543337,-0.1249627,-0.18399464,-0.18316403,-0.23089641,-0.16880022,-0.2064352,-0.103217095,-0.09964294,-0.058144663,-0.0999039,-0.1078939,-0.1711915,-0.1978925,-0.12536043,-0.13652204,-0.1526595,-0.17189747,-0.11658599,-0.16739859,-0.17429203,-0.1509206,-0.12124001,-0.13522151,-0.10573511,-0.14853758,-0.19633216,-0.18950045,-0.2175087,-0.16139683,-0.22338755,-0.19799568,-0.29867563,-0.29210672,-0.19877458,-0.10730151,-0.09162698,-0.13691942,-0.15524697,-0.23188588,-0.19412006,-0.14676054,-0.2026537,-0.18409732,-0.18279888,-0.19833422,-0.19964589,-0.20554382,-0.15781783,-0.1259557,-0.14404982,-0.09225659,-0.09582275,-0.17150055,-0.14259696,-0.13743341,-0.14720783,-0.12719077,-0.15134752,-0.2613474,-0.22333384,-0.18924221,-0.20047067,-0.14603455,-0.14947489,-0.1310406,-0.14307123,-0.15107462,-0.16456066,-0.14690891,-0.16278498,-0.15967983,-0.14998752,-0.14736336,-0.15737613,-0.15348364,-0.22480208,-0.120334074,-0.14168009,-0.11851788,-0.16122243,-0.17450207,-0.15598471,-0.16841453,-0.11139822,-0.1388583,-0.13027036,-0.12873724,-0.15152657,-0.14242055,-0.11568676,-0.10065024,-0.09046063,-0.10549643,-0.12068659,-0.1351623,-0.15027548,-0.1605547,-0.1185138,-0.11129953,-0.1578567,-0.17738779,-0.13426095,-0.1645422,-0.25953975,-0.14893955,-0.13275227,-0.14200656,-0.15095688,-0.17780018,-0.16397434,-0.22917573,-0.09015879,-0.11019838,-0.13493173,-0.1299164,-0.13997786,-0.17394035,-0.13908121,-0.16057305,-0.12777606,-0.07092635,-0.03704006,-0.13729823,-0.16222557,-0.17927374,-0.14332479,-0.12334781,-0.13568544,-0.12023825,-0.13844138,-0.25318068,-0.26654312,-0.08340652,-0.10945694,-0.14460568,-0.09238048,-0.1878481,-0.19065024,-0.15295649,-0.090256184,-0.13230102,-0.14972062,-0.15056343,-0.15929335,-0.1708548,-0.18402913,-0.087856255,-0.124179766,-0.14155385,-0.10256614,-0.17951453,-0.19495486,-0.1917221,-0.100249514,-0.13113372,-0.08003523,-0.12797692,-0.19006202,-0.19374219,-0.1920915,-0.12367229,-0.0752295,-0.09727513,-0.11872864,-0.13664922,-0.12406494,-0.121451,-0.09468502,-0.096664995,-0.10846874,-0.082459606,-0.11290779,-0.1321989,-0.16736639,-0.1410757,-0.13651706,-0.18093297,-0.17825818,-0.19465348,-0.14491683,-0.15549555,-0.13579032,-0.119081676,-0.14001076,-0.19117098,-0.19171004,-0.18188268,-0.19755594,-0.25103784,-0.20219928,-0.19011386,-0.19146186,-0.18276206,-0.174167,-0.27554205,-0.08916744,-0.11956477,-0.12774867,-0.15751183,-0.20931396,-0.18224281,-0.29657933,-0.32474133,-0.15236092,-0.3242122,-0.17325558,-0.17108874,-0.2185038,-0.17647925,-0.114121355,-0.14001636,-0.15388772,-0.15788373,-0.22984435,-0.18186735,-0.25876036,-0.1045122,-0.12455491,-0.13856159,-0.124230415,-0.15189947,-0.15514736,-0.15645511,-0.14014931,-0.15141064,-0.16340299,-0.15555021,-0.15378848,-0.15339595,-0.13407278,-0.12314969,-0.14645451,-0.19060127,-0.1773277,-0.21025829,-0.3990198,-0.2030477,-0.11351746,-0.1296617,-0.118790805,-0.14809546,-0.16636807,-0.18687451,-0.19194311,-0.13175559,-0.076457866,-0.15339625,-0.13980865,-0.14106366,-0.11829447,-0.19987361,-0.1649412,-0.15879217,-0.14180382,-0.123687334,-0.12722544,-0.14610182,-0.2588673,-0.10740821,-0.13074079,-0.09132757,-0.12832497,-0.129242,-0.1497941,-0.15199274,-0.09634068,-0.08910369,-0.12442537,-0.11054309,-0.13802506,-0.15088934,-0.17072332,-0.1431677,-0.11629242,-0.1742171,-0.1519495,-0.14253274,-0.12554714,-0.1422283,-0.17466888,-0.13176009,-0.1323539,-0.14599353,-0.123081684,-0.08722703,-0.05825615,-0.14367612,-0.17082691,-0.026243303,-0.16704917,-0.2829064,-0.31316653,-0.19859657,-0.14592105,-0.14331596,-0.14862512,-0.12963767,-0.25088155,-0.19444036,-0.18896681,-0.094548255,-0.10946575,-0.10702289,-0.09396816,-0.12759323,-0.15305054,-0.15746465,-0.16749844,-0.12812386,-0.0969081,-0.16398169,-0.14380008,-0.11335766,-0.18846886,-0.1706479,-0.15420407,-0.12594095,-0.115196005,-0.11315924,-0.11662802,-0.1761674,-0.138736,-0.13456684,-0.096878245,-0.1212833,-0.091671795,-0.12434345,-0.13588768,-0.063823454,-0.13877153,-0.11419349,-0.13397384,-0.24483351,-0.2571875,-0.29957527,-0.14652489,-0.15699983,-0.1324622,-0.19104545,-0.0782174,-0.17271541,-0.16468742,-0.09859173,-0.11065883,-0.11458632,-0.076612435,-0.083404,-0.1213824,-0.13072303,-0.13855581,-0.19385117,-0.09925516,-0.1560908,-0.19487974,-0.1913557,-0.18731555,-0.11130352,-0.14308089,-0.10295601,-0.15969975,-0.19460955,-0.1734261,-0.16920298,-0.1430147,-0.14280364,-0.10191426,-0.15346298,-0.16183487,-0.1811676,-0.19554123,-0.121315226,-0.14756905,-0.11374554,-0.07992303,-0.14362964,-0.20725825,-0.16105378,-0.125103,-0.15657571,-0.15690626,-0.14380856,-0.19202894,-0.1627987,-0.18224576,-0.2963242,-0.19854164,-0.18142375,-0.17171797,-0.19331318,-0.1577844,-0.14054683,-0.13047902,-0.12557748,-0.13841197,-0.16379382,-0.30584824,-0.16694301,-0.18145132,-0.19298261,-0.11441202,-0.15073794,-0.14073193,-0.1783323,-0.16725157,-0.1647627,-0.14331086,-0.18237996,-0.1285558,-0.1536527,-0.13813636,-0.24156228,-0.17950428,-0.103326276,-0.13532838,-0.14215225,-0.17484564,-0.11025381,-0.13467014,-0.15248893,-0.16034853,-0.1819846,-0.15445049,-0.1494275,-0.19184028,-0.17561983,-0.16440961,-0.14723541,-0.14623587,-0.11499533,-0.10471026,-0.13522233,-0.20148799,-0.17732534,-0.12513243,-0.16575867,-0.18041904,-0.18738703,-0.11705899,-0.1768252,-0.2600492,-0.092583045,-0.092251614,-0.11484854,-0.1362282,-0.1482515,-0.09847815,-0.18929937
k__Bacteria|p__Firmicutes|c__Clostridia|o__Eubacteriales|f__Oscillospiraceae|g__Anaerotruncus|s__Anaerotruncus_rubiinfantis,-0.1004395,-0.12316422,-0.14271235,-0.20428483,-0.16825673,-0.1948524,-0.1666669,-0.14576249,-0.12590222,-0.18476737,-0.18455076,-0.22554588,-0.17053014,-0.2058695,-0.10334702,-0.09960644,-0.058144663,-0.09958816,-0.108196095,-0.17194927,-0.1978925,-0.12536043,-0.13685101,-0.15289932,-0.1724678,-0.11658599,-0.16865438,-0.1748831,-0.1509206,-0.12124001,-0.13586517,-0.10615078,-0.14926419,-0.19689089,-0.19023445,-0.2175087,-0.16239606,-0.22338755,-0.19882627,-0.29867563,-0.29210672,-0.19923906,-0.107481405,-0.09162698,-0.13691942,-0.15609461,-0.23188588,-0.1951842,-0.14729503,-0.2026537,-0.18567297,-0.18279888,-0.19857869,-0.1993698,-0.2033764,-0.1580124,-0.12616993,-0.14438708,-0.092214204,-0.095768355,-0.17218688,-0.14285682,-0.13743341,-0.14767739,-0.12719077,-0.1524845,-0.2613474,-0.22333384,-0.19025089,-0.20047067,-0.14619774,-0.14996329,-0.13128215,-0.14328066,-0.15087685,-0.16461009,-0.14727463,-0.16278498,-0.16071299,-0.14998752,-0.14794305,-0.15808795,-0.1540267,-0.22480208,-0.120334074,-0.14222966,-0.11880245,-0.16160384,-0.17492232,-0.15676025,-0.16913733,-0.11139822,-0.1388583,-0.13027036,-0.12905452,-0.15152657,-0.14338739,-0.11583769,-0.10065024,-0.09062719,-0.10561033,-0.120847136,-0.13554591,-0.15027548,-0.16117907,-0.1185138,-0.11129953,-0.1578567,-0.17738779,-0.13406473,-0.16529232,-0.25953975,-0.14962265,-0.13346377,-0.14228787,-0.15095688,-0.17780018,-0.16507867,-0.22917573,-0.09015879,-0.11066353,-0.13539885,-0.13009308,-0.13997786,-0.17498899,-0.13908121,-0.16057305,-0.12777606,-0.07092635,-0.03704006,-0.13787505,-0.16292068,-0.1799378,-0.14332479,-0.12334781,-0.13658808,-0.12023825,-0.13865705,-0.25318068,-0.26654312,-0.083501086,-0.10945694,-0.14485286,-0.09238048,-0.18915072,-0.19148397,-0.15389037,-0.09040101,-0.13230102,-0.15045802,-0.15117902,-0.15984017,-0.17158133,-0.18443257,-0.08806205,-0.124213755,-0.14192027,-0.10256614,-0.17951453,-0.19495486,-0.19209817,-0.1002149,-0.13113372,-0.07921721,-0.12826249,-0.19006202,-0.19450264,-0.19288725,-0.12371971,-0.075374484,-0.09727852,-0.118962556,-0.13711628,-0.12406494,-0.121451,-0.09460528,-0.09683323,-0.10880993,-0.082459606,-0.113075554,-0.13269967,-0.16791068,-0.1410757,-0.13726558,-0.18093297,-0.17825818,-0.19549157,-0.14544165,-0.15549555,-0.13594656,-0.119081676,-0.14001076,-0.19117098,-0.19261162,-0.18292381,-0.19755594,-0.25103784,-0.20219928,-0.19166942,-0.19264558,-0.18380004,-0.17529915,-0.27554205,-0.08916744,-0.11956477,-0.12871839,-0.15751183,-0.20931396,-0.18224281,-0.29657933,-0.32474133,-0.15568545,-0.3242122,-0.17325558,-0.17108874,-0.2185038,-0.17647925,-0.114121355,-0.14087163,-0.15388772,-0.15788373,-0.22984435,-0.18186735,-0.25822657,-0.10462238,-0.12455491,-0.13918693,-0.12457861,-0.15189947,-0.15550072,-0.15673965,-0.14014931,-0.15141064,-0.16367419,-0.15624273,-0.15427507,-0.15402588,-0.13459164,-0.12351756,-0.14729296,-0.19119918,-0.1781137,-0.21025829,-0.3990198,-0.20443763,-0.11378354,-0.1296617,-0.11872492,-0.148617,-0.16636807,-0.18758225,-0.1930129,-0.13244513,-0.07658537,-0.15366085,-0.14053252,-0.14106366,-0.11845032,-0.19987361,-0.1649412,-0.15999492,-0.1423627,-0.12401998,-0.12722544,-0.14610182,-0.2588673,-0.10765596,-0.13074079,-0.09132757,-0.12832497,-0.1294788,-0.1505813,-0.15237473,-0.09638925,-0.08910369,-0.12473092,-0.11087568,-0.138603,-0.15163204,-0.17121245,-0.1435838,-0.11694396,-0.17498517,-0.15269887,-0.14291164,-0.12591021,-0.14256556,-0.17466888,-0.13176009,-0.13282208,-0.1463713,-0.12324791,-0.08722703,-0.05825615,-0.14410532,-0.17082691,-0.026243303,-0.16859296,-0.2829064,-0.31316653,-0.19973774,-0.14636521,-0.14331596,-0.14862512,-0.12963767,-0.25088155,-0.19502741,-0.18962784,-0.09466011,-0.10957664,-0.10702289,-0.093329236,-0.12759323,-0.1539735,-0.15746465,-0.1680678,-0.12812386,-0.0969081,-0.16398169,-0.14402804,-0.11335766,-0.18846886,-0.1706479,-0.15485227,-0.12619334,-0.115196005,-0.113146976,-0.11662802,-0.17697474,-0.13899584,-0.13475204,-0.096878245,-0.121485114,-0.09168725,-0.12434345,-0.13646686,-0.063823454,-0.13877153,-0.11419349,-0.1343869,-0.24483351,-0.2571875,-0.29957527,-0.14690979,-0.15753675,-0.13266268,-0.19104545,-0.0782174,-0.17335188,-0.1651616,-0.09859173,-0.11065883,-0.11489354,-0.076612435,-0.083404,-0.1213824,-0.13072303,-0.13855581,-0.19385117,-0.09901665,-0.15667292,-0.19487974,-0.19259223,-0.18809572,-0.11156094,-0.14381199,-0.10303782,-0.15978591,-0.19549617,-0.1734471,-0.17024617,-0.14351147,-0.14316344,-0.102317855,-0.15406798,-0.16261011,-0.18237478,-0.19648738,-0.1215263,-0.14786641,-0.1143589,-0.08008516,-0.1437422,-0.20725825,-0.1618221,-0.125103,-0.15657571,-0.15690626,-0.14463857,-0.19202894,-0.16364512,-0.18290019,-0.2963242,-0.20052803,-0.18249652,-0.17295688,-0.19442418,-0.15845141,-0.14054683,-0.13087839,-0.12557748,-0.13899195,-0.1648407,-0.30584824,-0.16805062,-0.18190157,-0.19425647,-0.11441202,-0.1511822,-0.14143413,-0.1792677,-0.16779123,-0.16545005,-0.14331086,-0.18237996,-0.12922826,-0.15437102,-0.13811524,-0.24156228,-0.18115681,-0.10342966,-0.13610387,-0.14236647,-0.17524314,-0.11077687,-0.13520786,-0.15272962,-0.16073532,-0.18335809,-0.15458484,-0.14972115,-0.19184028,-0.17657204,-0.16477774,-0.14723541,-0.14623587,-0.11499533,-0.10471026,-0.13564426,-0.20148799,-0.17800115,-0.12513243,-0.16771084,-0.18041904,-0.18738703,-0.11705899,-0.17673142,-0.26125616,-0.09269507,-0.09234838,-0.115275756,-0.13650428,-0.14862986,-0.09872413,-0.19014472
k__Bacteria|p__Firmicutes|c__Clostridia|o__Eubacteriales|f__Lachnospiraceae|g__Mediterraneibacter|s__Mediterraneibacter_massiliensis,-0.1004395,-0.12316422,-0.14193286,-0.20428483,-0.16812226,-0.19369382,-0.1666669,-0.14540024,-0.12557131,-0.18364042,-0.184012,-0.22123805,-0.1691334,-0.20417278,-0.10359645,-0.0993848,-0.058144663,-0.099583305,-0.10826819,-0.1708669,-0.1978925,-0.12536043,-0.13664284,-0.15250927,-0.17168167,-0.11658599,-0.16813609,-0.174092,-0.1509206,-0.12124001,-0.13544047,-0.10623127,-0.14842454,-0.19561958,-0.18883723,-0.2175087,-0.16204396,-0.22338755,-0.19717807,-0.29867563,-0.29210672,-0.19721042,-0.10754721,-0.09162698,-0.13691942,-0.15541965,-0.23188588,-0.19418862,-0.14693677,-0.2026537,-0.18609512,-0.18279888,-0.1972519,-0.19726616,-0.20032038,-0.15664645,-0.12592646,-0.14384189,-0.09255533,-0.095882244,-0.17149392,-0.14255765,-0.13743341,-0.1472201,-0.12719077,-0.15155557,-0.2613474,-0.22333384,-0.18955022,-0.20047067,-0.14581877,-0.14958929,-0.13075939,-0.14260447,-0.15022351,-0.16415568,-0.14679766,-0.16278498,-0.16068056,-0.14998752,-0.14745493,-0.15751174,-0.153371,-0.22480208,-0.120334074,-0.14162576,-0.11858599,-0.16104393,-0.17417304,-0.1561578,-0.16822785,-0.11139822,-0.1388583,-0.13027036,-0.12871543,-0.15152657,-0.14321235,-0.11584226,-0.10065024,-0.09077822,-0.10552579,-0.120533414,-0.13509974,-0.15027548,-0.16056632,-0.1185138,-0.11129953,-0.1578567,-0.17738779,-0.13349316,-0.163856,-0.25953975,-0.14912459,-0.13306603,-0.14161545,-0.15095688,-0.17780018,-0.16433275,-0.22917573,-0.09015879,-0.11051942,-0.13497303,-0.12974146,-0.13997786,-0.17418161,-0.13908121,-0.16057305,-0.12777606,-0.07092635,-0.03704006,-0.13727999,-0.16215524,-0.17901066,-0.14332479,-0.12334781,-0.13631329,-0.12023825,-0.13801615,-0.25318068,-0.26654312,-0.08405217,-0.10945694,-0.14411627,-0.09238048,-0.1879211,-0.19050781,-0.15337989,-0.09076741,-0.13230102,-0.1497782,-0.1506129,-0.1591857,-0.17082283,-0.18341963,-0.0884867,-0.12389724,-0.14138478,-0.10256614,-0.17951453,-0.19495486,-0.191012,-0.10041478,-0.13113372,-0.079055995,-0.12731987,-0.19006202,-0.19366127,-0.19176492,-0.12357952,-0.07638374,-0.097416766,-0.118531846,-0.13658302,-0.12406494,-0.121451,-0.09485533,-0.09694058,-0.10866085,-0.082459606,-0.1128543,-0.13228539,-0.16705027,-0.1410757,-0.13688974,-0.18093297,-0.17825818,-0.19430256,-0.14465055,-0.15549555,-0.13536902,-0.119081676,-0.14001076,-0.19117098,-0.19177043,-0.182085,-0.19755594,-0.25103784,-0.20219928,-0.19104365,-0.1917098,-0.18272518,-0.1740793,-0.27554205,-0.08916744,-0.11956477,-0.12833183,-0.15751183,-0.20931396,-0.18224281,-0.29657933,-0.32474133,-0.15308794,-0.3242122,-0.17325558,-0.17108874,-0.2185038,-0.17647925,-0.114121355,-0.14057125,-0.15388772,-0.15788373,-0.22984435,-0.18186735,-0.25425893,-0.10472873,-0.12455491,-0.13876289,-0.124258384,-0.15189947,-0.15510824,-0.15620115,-0.14014931,-0.15141064,-0.16306262,-0.1558365,-0.15378048,-0.15327735,-0.13408557,-0.12337011,-0.14668575,-0.19019376,-0.17737728,-0.21025829,-0.3990198,-0.19966017,-0.11373528,-0.1296617,-0.118313804,-0.14783198,-0.16636807,-0.18664318,-0.19188723,-0.13198645,-0.07728034,-0.1526544,-0.14006963,-0.14106366,-0.117984205,-0.19987361,-0.1649412,-0.1596519,-0.14161494,-0.12377248,-0.12722544,-0.14610182,-0.2588673,-0.107511126,-0.13074079,-0.09132757,-0.12832497,-0.1291489,-0.15018956,-0.15198204,-0.096656054,-0.08910369,-0.12423423,-0.11081034,-0.13795707,-0.15102655,-0.17018339,-0.14321604,-0.11686656,-0.17401442,-0.15223001,-0.14237049,-0.12588331,-0.14186338,-0.17466888,-0.13176009,-0.13234454,-0.1458957,-0.12323794,-0.08722703,-0.05825615,-0.14367111,-0.17082691,-0.026243303,-0.16701768,-0.2829064,-0.31316653,-0.19707006,-0.14586292,-0.14331596,-0.14862512,-0.12963767,-0.25088155,-0.19429529,-0.18857548,-0.09499618,-0.109520614,-0.10702289,-0.09314209,-0.12759323,-0.15295896,-0.15746465,-0.16745004,-0.12812386,-0.0969081,-0.16398169,-0.1434362,-0.11335766,-0.18846886,-0.1706479,-0.15441427,-0.12616898,-0.115196005,-0.11272436,-0.11662802,-0.17605832,-0.13862434,-0.1344846,-0.096878245,-0.12119055,-0.09186641,-0.12434345,-0.13618988,-0.063823454,-0.13877153,-0.11419349,-0.13369876,-0.24483351,-0.2571875,-0.29957527,-0.146353,-0.15694794,-0.13217314,-0.19104545,-0.0782174,-0.17243193,-0.16426438,-0.09859173,-0.11065883,-0.11493474,-0.076612435,-0.083404,-0.1213824,-0.13072303,-0.13855581,-0.19385117,-0.099432155,-0.15574811,-0.19487974,-0.19165492,-0.18688332,-0.11154717,-0.14356178,-0.10328902,-0.15898621,-0.1941855,-0.17181724,-0.16930099,-0.14309156,-0.14268112,-0.102226004,-0.1532059,-0.16200209,-0.1813744,-0.19513035,-0.12137772,-0.14739688,-0.11436696,-0.080381155,-0.14236537,-0.20725825,-0.16154568,-0.125103,-0.15657571,-0.15690626,-0.14415,-0.19202894,-0.16298318,-0.18199712,-0.2963242,-0.19900358,-0.1809842,-0.17219688,-0.19319327,-0.15763503,-0.14054683,-0.13050722,-0.12557748,-0.13855551,-0.16322303,-0.30584824,-0.1676881,-0.18114619,-0.19334644,-0.11441202,-0.15029512,-0.14090952,-0.17822284,-0.1671832,-0.16469611,-0.14331086,-0.18237996,-0.12889329,-0.153358,-0.13689157,-0.24156228,-0.18062158,-0.10354264,-0.13580212,-0.14197594,-0.17436671,-0.11088642,-0.13473535,-0.1521321,-0.1602104,-0.18278211,-0.15384789,-0.14909461,-0.19184028,-0.17595488,-0.1643132,-0.14723541,-0.14623587,-0.11499533,-0.10471026,-0.13462755,-0.20148799,-0.17741811,-0.12513243,-0.16701585,-0.18041904,-0.18738703,-0.11705899,-0.17579469,-0.25904846,-0.093013816,-0.092591204,-0.115038015,-0.13587086,-0.14795566,-0.09874134,-0.18890956
k__Bacteria|p__Firmicutes|c__Clostridia|o__Eubacteriales|f__Lachnospiraceae|g__Blautia|s__Blautia_sp_OF03_15BH,-0.1004395,-0.12316422,-0.14202413,-0.20428483,-0.1670563,-0.19327796,-0.1666669,-0.14497104,-0.12514965,-0.18339132,-0.18311615,-0.22691885,-0.1682075,-0.20549788,-0.103168935,-0.0994996,-0.058144663,-0.09944827,-0.107759625,-0.17063865,-0.1978925,-0.12536043,-0.1359936,-0.15184373,-0.17125885,-0.11658599,-0.16734667,-0.17350557,-0.1509206,-0.12124001,-0.13505456,-0.105939806,-0.14824608,-0.1957269,-0.18880466,-0.2175087,-0.1610068,-0.22338755,-0.19736485,-0.29867563,-0.29210672,-0.19795585,-0.10714887,-0.09162698,-0.13691942,-0.15505627,-0.23188588,-0.19375134,-0.14630786,-0.2026537,-0.18429297,-0.18279888,-0.19758381,-0.1980834,-0.20322907,-0.15657797,-0.1255881,-0.14353845,-0.09196827,-0.09560685,-0.17092045,-0.1419819,-0.13743341,-0.14675525,-0.12719077,-0.15129605,-0.2613474,-0.22333384,-0.18868764,-0.20047067,-0.1453551,-0.14897765,-0.13064966,-0.14251554,-0.14995125,-0.1635385,-0.14609307,-0.16278498,-0.1596052,-0.14998752,-0.14688687,-0.1570807,-0.15296139,-0.22480208,-0.120334074,-0.1413226,-0.118277736,-0.16052902,-0.17360821,-0.15567945,-0.1677792,-0.11139822,-0.1388583,-0.13027036,-0.12836137,-0.15152657,-0.14241129,-0.11531535,-0.10065024,-0.09057693,-0.10533442,-0.12036148,-0.13480571,-0.15027548,-0.16000307,-0.1185138,-0.11129953,-0.1578567,-0.17738779,-0.13332587,-0.16415581,-0.25953975,-0.14862046,-0.13270281,-0.14163226,-0.15095688,-0.17780018,-0.16390741,-0.22917573,-0.09015879,-0.11011854,-0.13467386,-0.12947246,-0.13997786,-0.17374352,-0.13908121,-0.16057305,-0.12777606,-0.07092635,-0.03704006,-0.13722503,-0.16173774,-0.17854431,-0.14332479,-0.12334781,-0.13576481,-0.12023825,-0.137902,-0.25318068,-0.26654312,-0.083479196,-0.10945694,-0.14394808,-0.09238048,-0.18763348,-0.19026251,-0.1529272,-0.09028104,-0.13230102,-0.14942928,-0.15023969,-0.15876357,-0.17034183,-0.1830017,-0.08804068,-0.12370589,-0.14103796,-0.10256614,-0.17951453,-0.19495486,-0.19068255,-0.100058906,-0.13113372,-0.079643615,-0.1276004,-0.19006202,-0.19310531,-0.19146432,-0.12307065,-0.07553167,-0.097190596,-0.11854382,-0.13638286,-0.12406494,-0.121451,-0.094508044,-0.096725464,-0.10847984,-0.082459606,-0.11280589,-0.13201675,-0.16670078,-0.1410757,-0.13643172,-0.18093297,-0.17825818,-0.19413303,-0.14462866,-0.15549555,-0.13519728,-0.119081676,-0.14001076,-0.19117098,-0.1913332,-0.18150805,-0.19755594,-0.25103784,-0.20219928,-0.18999773,-0.19127262,-0.18240017,-0.17406824,-0.27554205,-0.08916744,-0.11956477,-0.12800397,-0.15751183,-0.20931396,-0.18224281,-0.29657933,-0.32474133,-0.15427673,-0.3242122,-0.17325558,-0.17108874,-0.2185038,-0.17647925,-0.114121355,-0.14005479,-0.15388772,-0.15788373,-0.22984435,-0.18186735,-0.2576297,-0.104344845,-0.12455491,-0.1383859,-0.12395255,-0.15189947,-0.15456244,-0.1556442,-0.14014931,-0.15141064,-0.16251439,-0.15516046,-0.15324625,-0.15306064,-0.13387907,-0.12286079,-0.14618267,-0.18968073,-0.17680217,-0.21025829,-0.3990198,-0.20313393,-0.11336313,-0.1296617,-0.11841592,-0.14762744,-0.16636807,-0.18613206,-0.19147204,-0.13160282,-0.07670337,-0.15268767,-0.139664,-0.14106366,-0.1176666,-0.19987361,-0.1649412,-0.15882055,-0.14156735,-0.12348537,-0.12722544,-0.14610182,-0.2588673,-0.10728084,-0.13074079,-0.09132757,-0.12832497,-0.12874068,-0.14957449,-0.15132663,-0.09621173,-0.08910369,-0.12415515,-0.11051518,-0.13774277,-0.15064988,-0.16994761,-0.14275204,-0.116277196,-0.17374875,-0.15171242,-0.14200391,-0.12550427,-0.14137146,-0.17466888,-0.13176009,-0.13202666,-0.14556693,-0.12277813,-0.08722703,-0.05825615,-0.14332879,-0.17082691,-0.026243303,-0.16728218,-0.2829064,-0.31316653,-0.19846892,-0.14541942,-0.14331596,-0.14862512,-0.12963767,-0.25088155,-0.19370961,-0.18812388,-0.09447996,-0.10920804,-0.10702289,-0.09332356,-0.12759323,-0.15284473,-0.15746465,-0.16691196,-0.12812386,-0.0969081,-0.16398169,-0.14304334,-0.11335766,-0.18846886,-0.1706479,-0.15373136,-0.12559444,-0.115196005,-0.11267717,-0.11662802,-0.17562371,-0.13821787,-0.13410082,-0.096878245,-0.12110558,-0.091552705,-0.12434345,-0.1355223,-0.063823454,-0.13877153,-0.11419349,-0.13369052,-0.24483351,-0.2571875,-0.29957527,-0.14602968,-0.15652134,-0.13203841,-0.19104545,-0.0782174,-0.17225255,-0.16401425,-0.09859173,-0.11065883,-0.114295274,-0.076612435,-0.083404,-0.1213824,-0.13072303,-0.13855581,-0.19385117,-0.0988674,-0.1555981,-0.19487974,-0.19106217,-0.18667653,-0.111095056,-0.14297348,-0.102704525,-0.15874499,-0.19398199,-0.17212936,-0.1689184,-0.14266756,-0.14236698,-0.1020556,-0.15309238,-0.16149782,-0.18098783,-0.1950672,-0.120963275,-0.14705467,-0.11381317,-0.08003044,-0.14295897,-0.20725825,-0.16066045,-0.125103,-0.15657571,-0.15690626,-0.14371851,-0.19202894,-0.16240379,-0.18143515,-0.2963242,-0.19949107,-0.18131754,-0.17190194,-0.19313022,-0.15757453,-0.14054683,-0.13018501,-0.12557748,-0.13824894,-0.16333778,-0.30584824,-0.16694665,-0.1807023,-0.19270737,-0.11441202,-0.15024343,-0.14056411,-0.17786045,-0.16670358,-0.1641677,-0.14331086,-0.18237996,-0.1284698,-0.15322948,-0.13751414,-0.24156228,-0.17978784,-0.10311887,-0.13530493,-0.14157403,-0.17405863,-0.11024725,-0.13449566,-0.1516383,-0.15968683,-0.18201964,-0.15355039,-0.14881599,-0.19184028,-0.17525358,-0.16354138,-0.14723541,-0.14623587,-0.11499533,-0.10471026,-0.13484894,-0.20148799,-0.17659102,-0.12513243,-0.16624387,-0.18041904,-0.18738703,-0.11705899,-0.17541693,-0.259879,-0.09260168,-0.092194796,-0.11485122,-0.13579491,-0.14776346,-0.09846773,-0.18863516
k__Bacteria|p__Firmicutes|c__Clostridia|o__Eubacteriales|f__Peptostreptococcaceae|g__Peptacetobacter|s__Peptacetobacter_hiranonis,-0.1004395,-0.12316422,-0.14084363,-0.20428483,-0.1665596,-0.19251826,-0.1666669,-0.14447854,-0.12455268,-0.18261057,-0.18251888,-0.21865016,-0.1680073,-0.20179516,-0.10253529,-0.098220736,-0.058144663,-0.09889799,-0.107237145,-0.16994894,-0.1978925,-0.12536043,-0.13566977,-0.15162238,-0.1705019,-0.11658599,-0.16696589,-0.17305312,-0.1509206,-0.12124001,-0.13463187,-0.10498321,-0.14762668,-0.1941587,-0.1879105,-0.2175087,-0.16049743,-0.22338755,-0.19589487,-0.29867563,-0.29210672,-0.19624539,-0.10652956,-0.09162698,-0.13691942,-0.15436801,-0.23188588,-0.19294296,-0.14589657,-0.2026537,-0.18418768,-0.18279888,-0.19567348,-0.19585666,-0.19957355,-0.15628532,-0.12499062,-0.14292511,-0.09173648,-0.09495511,-0.1704427,-0.14173128,-0.13743341,-0.14625283,-0.12719077,-0.15072232,-0.2613474,-0.22333384,-0.18807524,-0.20047067,-0.14488873,-0.14853097,-0.12980646,-0.14170259,-0.14955944,-0.16313285,-0.14599296,-0.16278498,-0.15908675,-0.14998752,-0.14650893,-0.1563867,-0.1524756,-0.22480208,-0.120334074,-0.14079814,-0.11763562,-0.16013707,-0.17312291,-0.1550444,-0.16738862,-0.11139822,-0.1388583,-0.13027036,-0.12795974,-0.15152657,-0.1423256,-0.11493205,-0.10065024,-0.08981263,-0.10467118,-0.11962095,-0.13423333,-0.15027548,-0.15961622,-0.1185138,-0.11129953,-0.1578567,-0.17738779,-0.13262653,-0.16298449,-0.25953975,-0.14810047,-0.13198406,-0.14073026,-0.15095688,-0.17780018,-0.1631639,-0.22917573,-0.09015879,-0.10976848,-0.13407725,-0.12877744,-0.13997786,-0.17304946,-0.13908121,-0.16057305,-0.12777606,-0.07092635,-0.03704006,-0.13649467,-0.1612807,-0.17806321,-0.14332479,-0.12334781,-0.13534331,-0.12023825,-0.13735245,-0.25318068,-0.26654312,-0.08304915,-0.10945694,-0.14348032,-0.09238048,-0.18699706,-0.18926054,-0.15230164,-0.08979353,-0.13230102,-0.14887759,-0.1495539,-0.1580626,-0.16964582,-0.18258588,-0.08741961,-0.122965135,-0.14025107,-0.10256614,-0.17951453,-0.19495486,-0.18991464,-0.09959194,-0.13113372,-0.07833002,-0.12677625,-0.19006202,-0.1921803,-0.19069596,-0.12285293,-0.075097024,-0.096483916,-0.11764619,-0.13576418,-0.12406494,-0.121451,-0.09388393,-0.09603697,-0.10781829,-0.082459606,-0.112064496,-0.13154586,-0.16621685,-0.1410757,-0.13585268,-0.18093297,-0.17825818,-0.1929709,-0.14383079,-0.15549555,-0.13455997,-0.119081676,-0.14001076,-0.19117098,-0.19016533,-0.1806101,-0.19755594,-0.25103784,-0.20219928,-0.18978989,-0.19035493,-0.18158671,-0.17306994,-0.27554205,-0.08916744,-0.11956477,-0.12754767,-0.15751183,-0.20931396,-0.18224281,-0.29657933,-0.32474133,-0.15359583,-0.3242122,-0.17325558,-0.17108874,-0.2185038,-0.17647925,-0.114121355,-0.1394169,-0.15388772,-0.15788373,-0.22984435,-0.18186735,-0.251774,-0.10377409,-0.12455491,-0.1378762,-0.12342646,-0.15189947,-0.1542564,-0.15540172,-0.14014931,-0.15141064,-0.16214935,-0.15467945,-0.1527878,-0.15236095,-0.13309231,-0.122452706,-0.1456118,-0.18904805,-0.1761404,-0.21025829,-0.3990198,-0.19948277,-0.11285975,-0.1296617,-0.117521785,-0.1471225,-0.16636807,-0.18573382,-0.19068073,-0.13118656,-0.07612492,-0.15202323,-0.13913089,-0.14106366,-0.11749309,-0.19987361,-0.1649412,-0.15839967,-0.14073564,-0.12285326,-0.12722544,-0.14610182,-0.2588673,-0.10668867,-0.13074079,-0.09132757,-0.12832497,-0.12835522,-0.1492649,-0.1510614,-0.09570782,-0.08910369,-0.123495325,-0.10986529,-0.13711321,-0.1501201,-0.16926673,-0.142309,-0.11599079,-0.17310855,-0.15125132,-0.1415636,-0.124799825,-0.1412622,-0.17466888,-0.13176009,-0.13150164,-0.14501074,-0.12221098,-0.08722703,-0.05825615,-0.14290333,-0.17082691,-0.026243303,-0.16616872,-0.2829064,-0.31316653,-0.19634256,-0.14493267,-0.14331596,-0.14862512,-0.12963767,-0.25088155,-0.19269879,-0.18754703,-0.09416489,-0.10859946,-0.10702289,-0.09248977,-0.12759323,-0.15229477,-0.15746465,-0.16619626,-0.12812386,-0.0969081,-0.16398169,-0.14266223,-0.11335766,-0.18846886,-0.1706479,-0.15327556,-0.12512468,-0.115196005,-0.11196838,-0.11662802,-0.17514266,-0.13767314,-0.13351023,-0.096878245,-0.12022018,-0.09105608,-0.12434345,-0.13544023,-0.063823454,-0.13877153,-0.11419349,-0.1330629,-0.24483351,-0.2571875,-0.29957527,-0.14538884,-0.15589719,-0.13127774,-0.19104545,-0.0782174,-0.17147335,-0.16333514,-0.09859173,-0.11065883,-0.11429347,-0.076612435,-0.083404,-0.1213824,-0.13072303,-0.13855581,-0.19385117,-0.09832229,-0.15495148,-0.19487974,-0.19025132,-0.18574923,-0.110655904,-0.14252359,-0.102365345,-0.15824248,-0.19273701,-0.17130327,-0.1682699,-0.14212245,-0.14166924,-0.101245314,-0.15242033,-0.16081104,-0.18021671,-0.19382633,-0.12053658,-0.14659038,-0.113481835,-0.0795033,-0.14180942,-0.20725825,-0.16032979,-0.125103,-0.15657571,-0.15690626,-0.14305604,-0.19202894,-0.16191167,-0.18107037,-0.2963242,-0.19700499,-0.17996398,-0.1708833,-0.19189313,-0.15671192,-0.14054683,-0.12960327,-0.12557748,-0.13768452,-0.16229796,-0.30584824,-0.16640894,-0.1800471,-0.19184181,-0.11441202,-0.14971462,-0.1399048,-0.17718577,-0.16605124,-0.16368371,-0.14331086,-0.18237996,-0.12783474,-0.15250635,-0.13625365,-0.24156228,-0.17919937,-0.10256586,-0.13479458,-0.14101815,-0.17346518,-0.10984329,-0.13393414,-0.15135853,-0.15910894,-0.18122482,-0.1530214,-0.14812227,-0.19184028,-0.17473388,-0.16335294,-0.14723541,-0.14623587,-0.11499533,-0.10471026,-0.13406211,-0.20148799,-0.17632702,-0.12513243,-0.16545664,-0.18041904,-0.18738703,-0.11705899,-0.17529707,-0.25671095,-0.09200005,-0.09168123,-0.114157744,-0.13506128,-0.14701661,-0.0978672,-0.18796688
k__Bacteria|p__Firmicutes|c__Tissierellia|o__Tissierellales|f__Peptoniphilaceae|g__Parvimonas|s__Parvimonas_parva,-0.1004395,-0.12316422,-0.14205147,-0.20428483,-0.16721135,-0.1947537,-0.1666669,-0.14568818,-0.1253429,-0.18470798,-0.18382934,-0.22698568,-0.17084387,-0.20584641,-0.10330755,-0.09947489,-0.058144663,-0.100057945,-0.10801496,-0.17177442,-0.1978925,-0.12536043,-0.13698593,-0.15321755,-0.17242283,-0.11658599,-0.16816956,-0.17488846,-0.1509206,-0.12124001,-0.1355609,-0.10582067,-0.14902419,-0.19667022,-0.19035399,-0.2175087,-0.16105478,-0.22338755,-0.1977784,-0.29867563,-0.29210672,-0.1995592,-0.10748762,-0.09162698,-0.13691942,-0.1554918,-0.23188588,-0.1946275,-0.14731513,-0.2026537,-0.18368636,-0.18279888,-0.19811441,-0.19995469,-0.20491454,-0.1590093,-0.1262186,-0.1444807,-0.09251684,-0.09589176,-0.1722041,-0.14313547,-0.13743341,-0.14757612,-0.12719077,-0.15203694,-0.2613474,-0.22333384,-0.18958783,-0.20047067,-0.1464697,-0.14992988,-0.13134569,-0.14347902,-0.15185669,-0.16486959,-0.14750125,-0.16278498,-0.15975973,-0.14998752,-0.14786828,-0.15772763,-0.1540809,-0.22480208,-0.120334074,-0.14215428,-0.11871021,-0.1618692,-0.17494297,-0.15629497,-0.16910487,-0.11139822,-0.1388583,-0.13027036,-0.12924454,-0.15152657,-0.14306715,-0.11586917,-0.10065024,-0.0905209,-0.10581904,-0.12096351,-0.13558352,-0.15027548,-0.16113964,-0.1185138,-0.11129953,-0.1578567,-0.17738779,-0.1346753,-0.16459545,-0.25953975,-0.1492552,-0.13309571,-0.14227869,-0.15095688,-0.17780018,-0.1641008,-0.22917573,-0.09015879,-0.11037662,-0.13523024,-0.13024805,-0.13997786,-0.17441657,-0.13908121,-0.16057305,-0.12777606,-0.07092635,-0.03704006,-0.13747898,-0.16301706,-0.1797654,-0.14332479,-0.12334781,-0.13621157,-0.12023825,-0.13901865,-0.25318068,-0.26654312,-0.08366347,-0.10945694,-0.14540571,-0.09238048,-0.18876617,-0.1910285,-0.15358621,-0.090477705,-0.13230102,-0.15016714,-0.15093659,-0.15975724,-0.17136165,-0.18502471,-0.08797754,-0.1242692,-0.14172664,-0.10256614,-0.17951453,-0.19495486,-0.19237065,-0.10038513,-0.13113372,-0.08001387,-0.12843665,-0.19006202,-0.19430925,-0.1926796,-0.12393083,-0.0753125,-0.09744714,-0.1188657,-0.13710895,-0.12406494,-0.121451,-0.09476693,-0.09678821,-0.10885283,-0.082459606,-0.1132822,-0.13285083,-0.16795132,-0.1410757,-0.13672262,-0.18093297,-0.17825818,-0.19522128,-0.14532846,-0.15549555,-0.13610008,-0.119081676,-0.14001076,-0.19117098,-0.19197395,-0.18227464,-0.19755594,-0.25103784,-0.20219928,-0.1909885,-0.1917733,-0.18346985,-0.17462173,-0.27554205,-0.08916744,-0.11956477,-0.12817016,-0.15751183,-0.20931396,-0.18224281,-0.29657933,-0.32474133,-0.15329084,-0.3242122,-0.17325558,-0.17108874,-0.2185038,-0.17647925,-0.114121355,-0.14029044,-0.15388772,-0.15788373,-0.22984435,-0.18186735,-0.25774497,-0.10469526,-0.12455491,-0.1390495,-0.12466053,-0.15189947,-0.15586126,-0.15699235,-0.14014931,-0.15141064,-0.16401714,-0.15579826,-0.15428641,-0.1536505,-0.13448018,-0.12346697,-0.14691615,-0.1915521,-0.17771465,-0.21025829,-0.3990198,-0.20507146,-0.113794416,-0.1296617,-0.11902802,-0.14864245,-0.16636807,-0.1877061,-0.19253841,-0.13200614,-0.076905265,-0.1539438,-0.14029936,-0.14106366,-0.118414596,-0.19987361,-0.1649412,-0.15902045,-0.14217544,-0.12401788,-0.12722544,-0.14610182,-0.2588673,-0.107560135,-0.13074079,-0.09132757,-0.12832497,-0.12983687,-0.15027589,-0.15260144,-0.09652851,-0.08910369,-0.12487889,-0.11080697,-0.13849422,-0.15139762,-0.17136973,-0.14348876,-0.116763845,-0.17478558,-0.15245847,-0.14307313,-0.12573692,-0.14289168,-0.17466888,-0.13176009,-0.13294505,-0.1463418,-0.12335991,-0.08722703,-0.05825615,-0.14398226,-0.17082691,-0.026243303,-0.16687182,-0.2829064,-0.31316653,-0.2000802,-0.14631559,-0.14331596,-0.14862512,-0.12963767,-0.25088155,-0.19477001,-0.18967801,-0.09485969,-0.10972039,-0.10702289,-0.09445286,-0.12759323,-0.15362766,-0.15746465,-0.16775388,-0.12812386,-0.0969081,-0.16398169,-0.1444432,-0.11335766,-0.18846886,-0.1706479,-0.15452896,-0.1263287,-0.115196005,-0.11348362,-0.11662802,-0.17704089,-0.13905044,-0.13497528,-0.096878245,-0.12155387,-0.0920085,-0.12434345,-0.13641173,-0.063823454,-0.13877153,-0.11419349,-0.1342775,-0.24483351,-0.2571875,-0.29957527,-0.14681788,-0.15754706,-0.13284479,-0.19104545,-0.0782174,-0.17340037,-0.16506106,-0.09859173,-0.11065883,-0.114958644,-0.076612435,-0.083404,-0.1213824,-0.13072303,-0.13855581,-0.19385117,-0.09953974,-0.15631069,-0.19487974,-0.19193025,-0.18797834,-0.11158347,-0.14357078,-0.103443675,-0.16015914,-0.19511262,-0.17420487,-0.16973513,-0.14332992,-0.14311543,-0.1019385,-0.15399507,-0.16216518,-0.18173635,-0.19607851,-0.1217074,-0.1479623,-0.11402349,-0.0803335,-0.1437121,-0.20725825,-0.16138695,-0.125103,-0.15657571,-0.15690626,-0.14411992,-0.19202894,-0.16323812,-0.1831117,-0.2963242,-0.19841777,-0.1820399,-0.1721339,-0.19392325,-0.1580352,-0.14054683,-0.13081907,-0.12557748,-0.13879743,-0.16411899,-0.30584824,-0.16751146,-0.18209267,-0.19346239,-0.11441202,-0.15135211,-0.14106993,-0.17890169,-0.1676366,-0.16540082,-0.14331086,-0.18237996,-0.12868232,-0.15418908,-0.13805434,-0.24156228,-0.17999208,-0.10354359,-0.13563967,-0.14271182,-0.17527285,-0.11066614,-0.1350978,-0.15319055,-0.16063043,-0.18248962,-0.15526181,-0.1498209,-0.19184028,-0.17607418,-0.16508058,-0.14723541,-0.14623587,-0.11499533,-0.10471026,-0.13576491,-0.20148799,-0.17791109,-0.12513243,-0.16625002,-0.18041904,-0.18738703,-0.11705899,-0.17790875,-0.2600783,-0.09270391,-0.0925131,-0.11505452,-0.13665807,-0.14870338,-0.09877999,-0.19014019
k__Bacteria|p__Firmicutes|c__Tissierellia|o__Tissierellales|f__Peptoniphilaceae|g__Anaerococcus|s__Anaerococcus_vaginalis,-0.1004395,-0.12316422,-0.14183438,-0.20428483,-0.1675075,-0.19375391,-0.1666669,-0.14525142,-0.12514153,-0.18365568,-0.18307051,-0.22681874,-0.16892871,-0.20524049,-0.103342846,-0.099531785,-0.058144663,-0.099658355,-0.10801892,-0.17105022,-0.1978925,-0.12536043,-0.13644738,-0.15254603,-0.17177254,-0.11658599,-0.1674417,-0.17415804,-0.1509206,-0.12124001,-0.13529399,-0.10602324,-0.14852981,-0.19602911,-0.18935712,-0.2175087,-0.16170824,-0.22338755,-0.19776493,-0.29867563,-0.29210672,-0.19844481,-0.10747689,-0.09162698,-0.13691942,-0.15509208,-0.23188588,-0.19380754,-0.1469628,-0.2026537,-0.18442118,-0.18279888,-0.19775018,-0.19881107,-0.20367646,-0.15738675,-0.12597594,-0.14401078,-0.09239254,-0.09590708,-0.17153105,-0.14247292,-0.13743341,-0.14715214,-0.12719077,-0.1513389,-0.2613474,-0.22333384,-0.18927957,-0.20047067,-0.14593989,-0.14946836,-0.13107687,-0.14287046,-0.15088148,-0.16430622,-0.14708611,-0.16278498,-0.15971243,-0.14998752,-0.14741112,-0.15731055,-0.15338123,-0.22480208,-0.120334074,-0.14161775,-0.118501216,-0.16113348,-0.17440212,-0.15583245,-0.1683272,-0.11139822,-0.1388583,-0.13027036,-0.12878223,-0.15152657,-0.14258274,-0.11560857,-0.10065024,-0.09058824,-0.10558669,-0.120764166,-0.13522235,-0.15027548,-0.16058086,-0.1185138,-0.11129953,-0.1578567,-0.17738779,-0.1338627,-0.16443007,-0.25953975,-0.14891146,-0.13283563,-0.14172992,-0.15095688,-0.17780018,-0.16397536,-0.22917573,-0.09015879,-0.11017212,-0.13490817,-0.12983856,-0.13997786,-0.17382196,-0.13908121,-0.16057305,-0.12777606,-0.07092635,-0.03704006,-0.1371612,-0.16229089,-0.17900598,-0.14332479,-0.12334781,-0.13581166,-0.12023825,-0.13839692,-0.25318068,-0.26654312,-0.08367708,-0.10945694,-0.14460643,-0.09238048,-0.1876925,-0.19040376,-0.15289858,-0.09047733,-0.13230102,-0.14967078,-0.15047054,-0.15918201,-0.17081204,-0.1840049,-0.088086605,-0.123915404,-0.14149761,-0.10256614,-0.17951453,-0.19495486,-0.1914572,-0.1002935,-0.13113372,-0.079787195,-0.1279206,-0.19006202,-0.1936709,-0.19185783,-0.12358108,-0.075648546,-0.097350135,-0.11865489,-0.13656959,-0.12406494,-0.121451,-0.09472044,-0.096735075,-0.10856725,-0.082459606,-0.11285691,-0.13226578,-0.16723415,-0.1410757,-0.13655749,-0.18093297,-0.17825818,-0.19442913,-0.14493354,-0.15549555,-0.13569212,-0.119081676,-0.14001076,-0.19117098,-0.19148393,-0.18172684,-0.19755594,-0.25103784,-0.20219928,-0.19028871,-0.19135544,-0.18262736,-0.17412409,-0.27554205,-0.08916744,-0.11956477,-0.12791067,-0.15751183,-0.20931396,-0.18224281,-0.29657933,-0.32474133,-0.15119736,-0.3242122,-0.17325558,-0.17108874,-0.2185038,-0.17647925,-0.114121355,-0.14007415,-0.15388772,-0.15788373,-0.22984435,-0.18186735,-0.25721782,-0.10460072,-0.12455491,-0.13856173,-0.12433021,-0.15189947,-0.15511224,-0.15648389,-0.14014931,-0.15141064,-0.16337168,-0.15556218,-0.15375558,-0.15328878,-0.1340618,-0.123279296,-0.14655897,-0.19040337,-0.17722785,-0.21025829,-0.3990198,-0.20131771,-0.11354555,-0.1296617,-0.118625104,-0.14801128,-0.16636807,-0.18667603,-0.19193624,-0.13171394,-0.07697089,-0.15330307,-0.13998322,-0.14106366,-0.11803705,-0.19987361,-0.1649412,-0.15888599,-0.1416753,-0.12363427,-0.12722544,-0.14610182,-0.2588673,-0.10744794,-0.13074079,-0.09132757,-0.12832497,-0.12928867,-0.14988507,-0.151973,-0.09646465,-0.08910369,-0.12440161,-0.11070664,-0.13794872,-0.15093362,-0.1705648,-0.14315091,-0.11651956,-0.17390436,-0.15196833,-0.14243552,-0.12554914,-0.14210528,-0.17466888,-0.13176009,-0.13247484,-0.14581427,-0.12309228,-0.08722703,-0.05825615,-0.14350495,-0.17082691,-0.026243303,-0.16676134,-0.2829064,-0.31316653,-0.19774264,-0.14589143,-0.14331596,-0.14862512,-0.12963767,-0.25088155,-0.19423184,-0.18889122,-0.09479512,-0.109496795,-0.10702289,-0.093907915,-0.12759323,-0.15290146,-0.15746465,-0.1673083,-0.12812386,-0.0969081,-0.16398169,-0.14376336,-0.11335766,-0.18846886,-0.1706479,-0.15423214,-0.1259932,-0.115196005,-0.11312945,-0.11662802,-0.17602754,-0.13871625,-0.13460894,-0.096878245,-0.121166356,-0.091850564,-0.12434345,-0.13585949,-0.063823454,-0.13877153,-0.11419349,-0.13391516,-0.24483351,-0.2571875,-0.29957527,-0.14646116,-0.15690696,-0.1324805,-0.19104545,-0.0782174,-0.17258322,-0.16441493,-0.09859173,-0.11065883,-0.114651844,-0.076612435,-0.083404,-0.1213824,-0.13072303,-0.13855581,-0.19385117,-0.09943106,-0.15595801,-0.19487974,-0.1914015,-0.18713367,-0.111485295,-0.1429927,-0.103223324,-0.15957364,-0.1944784,-0.172872,-0.16934341,-0.14300631,-0.14271767,-0.10200445,-0.15327948,-0.16167353,-0.18106943,-0.1952751,-0.12142378,-0.14737016,-0.11388063,-0.08014043,-0.14330128,-0.20725825,-0.16122425,-0.125103,-0.15657571,-0.15690626,-0.14374477,-0.19202894,-0.162898,-0.18223432,-0.2963242,-0.19855937,-0.18104282,-0.17163073,-0.1931364,-0.15748745,-0.14054683,-0.1305802,-0.12557748,-0.1384399,-0.16383174,0.51501995,-0.16695309,-0.18142235,-0.19301547,-0.11441202,-0.15056443,-0.14071466,-0.17816356,-0.16712198,-0.16475528,-0.14331086,-0.18237996,-0.12872815,-0.15340582,-0.13782209,-0.24156228,-0.17972389,-0.103474274,-0.13529234,-0.1421214,-0.17471835,-0.11050911,-0.13466135,-0.15241495,-0.16014475,-0.18206789,-0.15429503,-0.14946377,-0.19184028,-0.17572331,-0.16430911,-0.14723541,-0.14623587,-0.11499533,-0.10471026,-0.13509591,-0.20148799,-0.1774135,-0.12513243,-0.1657167,-0.18041904,-0.18738703,-0.11705899,-0.17648962,-0.2600171,-0.09273984,-0.09237802,-0.11496102,-0.13611288,-0.1481416,-0.09869007,-0.18920225
k__Bacteria|p__Firmicutes|c__Negativicutes|o__Veillonellales|f__Veillonellaceae|g__Veillonellaceae_unclassified|s__Veillonellaceae_bacterium_DNF00626,-0.1004395,-0.12316422,-0.1410951,-0.20428483,-0.16574119,-0.19205435,-0.1666669,-0.14418921,-0.1252121,-0.1823569,-0.18272209,-0.21372771,-0.16978629,-0.19908527,-0.1027678,-0.09829673,-0.058144663,-0.09906785,-0.10756217,-0.16977093,-0.1978925,-0.12536043,-0.13576499,-0.15139523,-0.17024536,-0.11658599,-0.16705215,-0.17243886,-0.1509206,-0.12124001,-0.13477542,-0.10550286,-0.14780745,-0.19366805,-0.18765587,-0.2175087,-0.15963632,-0.22338755,-0.19501299,-0.29867563,-0.29210672,-0.19594008,-0.106626734,-0.09162698,-0.13691942,-0.15419471,-0.23188588,-0.19245124,-0.14576371,-0.2026537,-0.18278494,-0.18279888,-0.19494002,-0.19561356,-0.19857001,-0.15676075,-0.12506978,-0.1428925,-0.09211753,-0.09540163,-0.17023252,-0.1417139,-0.13743341,-0.14611451,-0.12719077,-0.15113506,-0.2613474,-0.22333384,-0.18724898,-0.20047067,-0.14464596,-0.14847183,-0.13000593,-0.14192504,-0.14950117,-0.1625288,-0.14567026,-0.16278498,-0.15854487,-0.14998752,-0.14671493,-0.15624675,-0.15252522,-0.22480208,-0.120334074,-0.14098999,-0.11790487,-0.15988371,-0.17254314,-0.15494168,-0.16712075,-0.11139822,-0.1388583,-0.13027036,-0.12835142,-0.15152657,-0.14267984,-0.1150929,-0.10065024,-0.09052293,-0.105160356,-0.11984299,-0.13435498,-0.15027548,-0.15937254,-0.1185138,-0.11129953,-0.1578567,-0.17738779,-0.13259014,-0.16320145,-0.25953975,-0.14796841,-0.13230908,-0.1409066,-0.15095688,-0.17780018,-0.16279788,-0.22917573,-0.09015879,-0.11023805,-0.13419214,-0.12901966,-0.13997786,-0.17285019,-0.13908121,-0.16057305,-0.12777606,-0.07092635,-0.03704006,-0.13669713,-0.16128361,-0.17758447,-0.14332479,-0.12334781,-0.13569666,-0.12023825,-0.13772887,-0.25318068,-0.26654312,-0.08357859,-0.10945694,-0.14372805,-0.09238048,-0.1869364,-0.18874368,-0.15247911,-0.090234116,-0.13230102,-0.1489745,-0.1495205,-0.15786806,-0.16942704,-0.18222329,-0.08791387,-0.12286824,-0.13985386,-0.10256614,-0.17951453,-0.19495486,-0.18919863,-0.099920146,-0.13113372,-0.07908748,-0.12758231,-0.19006202,-0.1915474,-0.1901297,-0.12260366,-0.075614914,-0.09689222,-0.118072644,-0.1360417,-0.12406494,-0.121451,-0.09412398,-0.09654203,-0.10833104,-0.082459606,-0.112653956,-0.13202876,-0.165827,-0.1410757,-0.13597777,-0.18093297,-0.17825818,-0.1925162,-0.14405872,-0.15549555,-0.1345618,-0.119081676,-0.14001076,-0.19117098,-0.18924117,-0.18005338,-0.19755594,-0.25103784,-0.20219928,-0.18945557,-0.18992577,-0.18148625,-0.17306817,-0.27554205,-0.08916744,-0.11956477,-0.12813887,-0.15751183,-0.20931396,-0.18224281,-0.29657933,-0.32474133,-0.15536669,-0.3242122,-0.17325558,-0.17108874,-0.2185038,-0.17647925,-0.114121355,-0.13959214,-0.15388772,-0.15788373,-0.22984435,-0.18186735,-0.25014287,-0.104078494,-0.12455491,-0.13816094,-0.12384417,-0.15189947,-0.15411112,-0.15500826,-0.14014931,-0.15141064,-0.16182524,-0.15443388,-0.1525872,-0.15232474,-0.13334815,-0.12280641,-0.14597748,-0.18877344,-0.17554963,-0.21025829,-0.3990198,-0.20148069,-0.113106355,-0.1296617,-0.11781435,-0.14749743,-0.16636807,-0.18524222,-0.19024225,-0.13127781,-0.07714973,-0.15217504,-0.13940296,-0.14106366,-0.11735346,-0.19987361,-0.1649412,-0.15813586,-0.14087766,-0.123333566,-0.12722544,-0.14610182,-0.2588673,-0.106983855,-0.13074079,-0.09132757,-0.12832497,-0.12867491,-0.14936565,-0.15077218,-0.09600687,-0.08910369,-0.12392774,-0.11040002,-0.13733295,-0.15028556,-0.16899987,-0.1422072,-0.11660384,-0.1727907,-0.15130538,-0.1416589,-0.12502381,-0.14116307,-0.17466888,-0.13176009,-0.13186789,-0.14507209,-0.122267544,-0.08722703,-0.05825615,-0.14279497,-0.17082691,-0.026243303,-0.16564465,-0.2829064,-0.31316653,-0.19687656,-0.14482743,-0.14331596,-0.14862512,-0.12963767,-0.25088155,-0.19172058,-0.1869748,-0.094765276,-0.108903036,-0.10702289,-0.09333225,-0.12759323,-0.15257396,-0.15746465,-0.16565837,-0.12812386,-0.0969081,-0.16398169,-0.14271447,-0.11335766,-0.18846886,-0.1706479,-0.15301296,-0.12523636,-0.115196005,-0.11245474,-0.11662802,-0.17486939,-0.13757622,-0.13354686,-0.096878245,-0.120578684,-0.09169875,-0.12434345,-0.13551179,-0.063823454,-0.13877153,-0.11419349,-0.13334933,-0.24483351,-0.2571875,-0.29957527,-0.14520872,-0.15585044,-0.13160181,-0.19104545,-0.0782174,-0.17116487,-0.16322747,-0.09859173,-0.11065883,-0.11453755,-0.076612435,-0.083404,-0.1213824,-0.13072303,-0.13855581,-0.19385117,-0.09849945,-0.15483019,-0.19487974,-0.18984576,-0.18545121,-0.110929415,-0.14256656,-0.102846466,-0.1579417,-0.19232056,-0.17099626,-0.16821867,-0.14203475,-0.14156821,-0.10178462,-0.15258582,-0.16060492,-0.18001227,-0.1932377,-0.12077509,-0.14641985,-0.11381212,-0.08055138,-0.14201282,-0.20725825,-0.15965414,-0.125103,-0.15657571,-0.15690626,-0.14306386,-0.19202894,-0.1617473,-0.1807344,-0.2963242,-0.19650804,-0.18052526,-0.17099401,-0.19155663,-0.15679678,-0.14054683,-0.12974912,-0.12557748,-0.13781068,-0.16230959,2.2191846,-0.16626075,-0.179866,-0.19131377,-0.11441202,-0.1500541,-0.14002962,-0.17682582,-0.16576535,-0.16345702,-0.14331086,-0.18237996,-0.12796924,-0.15281741,-0.13657627,-0.24156228,-0.17870684,-0.10283939,-0.13501245,-0.1410805,-0.1729756,-0.11031689,-0.13431212,-0.15118697,-0.15842664,-0.1808416,-0.15303934,-0.14812554,-0.19184028,-0.1742976,-0.16291824,-0.14723541,-0.14623587,-0.11499533,-0.10471026,-0.13466251,-0.20148799,-0.17561856,-0.12513243,-0.16534077,-0.18041904,-0.18738703,-0.11705899,-0.17493758,-0.2556015,-0.09235747,-0.092239924,-0.1146024,-0.13532329,-0.14708814,-0.098621696,-0.18751898
k__Bacteria|p__Firmicutes|c__Tissierellia|o__Tissierellales|f__Peptoniphilaceae|g__Anaerococcus|s__Anaerococcus_lactolyticus,-0.1004395,-0.12316422,-0.14099976,-0.20428483,-0.16804822,-0.19291183,-0.1666669,-0.14528379,-0.12498489,-0.18344769,-0.18328106,-0.21648568,-0.16779175,-0.20236067,-0.10304028,-0.09883481,-0.058144663,-0.09976503,-0.10779822,-0.17070729,-0.1978925,-0.12536043,-0.13659051,-0.1526905,-0.17120685,-0.11658599,-0.16807443,-0.17434245,-0.1509206,-0.12124001,-0.13562211,-0.10537432,-0.14847031,-0.19450715,-0.18865192,-0.2175087,-0.16199562,-0.22338755,-0.19672014,-0.29867563,-0.29210672,-0.19618791,-0.107296705,-0.09162698,-0.13691942,-0.15530351,-0.23188588,-0.19366348,-0.14657778,-0.2026537,-0.18556724,-0.18279888,-0.19599631,-0.1955423,-0.19802773,-0.15690605,-0.12573358,-0.14376254,-0.09248464,-0.09540305,-0.17150095,-0.14255038,-0.13743341,-0.1471362,-0.12719077,-0.15116516,-0.2613474,-0.22333384,-0.18921232,-0.20047067,-0.145792,-0.14948615,-0.13043356,-0.14230064,-0.15038428,-0.16438466,-0.14705637,-0.16278498,-0.16017056,-0.14998752,-0.14762768,-0.15705971,-0.15323886,-0.22480208,-0.120334074,-0.14159065,-0.11829162,-0.16115926,-0.17422819,-0.155666,-0.16833317,-0.11139822,-0.1388583,-0.13027036,-0.1285727,-0.15152657,-0.14322115,-0.11566624,-0.10065024,-0.090294346,-0.10519985,-0.12030587,-0.13501775,-0.15027548,-0.16080901,-0.1185138,-0.11129953,-0.1578567,-0.17738779,-0.13293043,-0.16320983,-0.25953975,-0.14897557,-0.13268545,-0.14104965,-0.15095688,-0.17780018,-0.1636272,-0.22917573,-0.09015879,-0.11056648,-0.13483496,-0.12937066,-0.13997786,-0.1738387,-0.13908121,-0.16057305,-0.12777606,-0.07092635,-0.03704006,-0.13712567,-0.16217148,-0.17915961,-0.14332479,-0.12334781,-0.13602209,-0.12023825,-0.13805324,-0.25318068,-0.26654312,-0.08364488,-0.10945694,-0.14427629,-0.09238048,-0.18774411,-0.1901095,-0.15297924,-0.09040021,-0.13230102,-0.14971891,-0.15034604,-0.15893787,-0.17055666,-0.1835736,-0.08789937,-0.123594336,-0.141617,-0.10256614,-0.17951453,-0.19495486,-0.1905666,-0.09994169,-0.13113372,-0.077971876,-0.12697726,-0.19006202,-0.19310498,-0.1913693,-0.123935625,-0.075639576,-0.09680628,-0.11800715,-0.13645771,-0.12406494,-0.121451,-0.09437403,-0.09632321,-0.10835256,-0.082459606,-0.11224325,-0.13216859,-0.1673204,-0.1410757,-0.13663329,-0.18093297,-0.17825818,-0.19338048,-0.14435358,-0.15549555,-0.13526103,-0.119081676,-0.14001076,-0.19117098,-0.19093601,-0.18150467,-0.19755594,-0.25103784,-0.20219928,-0.19071904,-0.19115932,-0.18218972,-0.17359471,-0.27554205,-0.08916744,-0.11956477,-0.1281471,-0.15751183,-0.20931396,-0.18224281,-0.29657933,-0.32474133,-0.152287,-0.3242122,-0.17325558,-0.17108874,-0.2185038,-0.17647925,-0.114121355,-0.14018576,-0.15388772,-0.15788373,-0.22984435,-0.18186735,-0.2492407,-0.104327,-0.12455491,-0.13864627,-0.124114275,-0.15189947,-0.15521106,-0.156597,-0.14014931,-0.15141064,-0.16333798,-0.15574053,-0.15371297,-0.15306154,-0.13365194,-0.1232137,-0.14651847,-0.19013867,-0.17710292,-0.21025829,-0.3990198,-0.19666415,-0.11338765,-0.1296617,-0.11782632,-0.14778301,-0.16636807,-0.18675098,-0.19153666,-0.13211423,-0.07634547,-0.15271702,-0.13995261,-0.14106366,-0.118716165,-0.19987361,-0.1649412,-0.15947248,-0.14119557,-0.12340179,-0.12722544,-0.14610182,-0.2588673,-0.10722517,-0.13074079,-0.09132757,-0.12832497,-0.12922758,-0.15029606,-0.15223071,-0.09635121,-0.08910369,-0.12407135,-0.110459834,-0.13780418,-0.15095943,-0.17015839,-0.14306901,-0.11676528,-0.17395926,-0.15204404,-0.14249149,-0.12518658,-0.14216435,-0.17466888,-0.13176009,-0.13211696,-0.14570564,-0.122822136,-0.08722703,-0.05825615,-0.14356276,-0.17082691,-0.026243303,-0.16694665,-0.2829064,-0.31316653,-0.19507101,-0.14584708,-0.14331596,-0.14862512,-0.12963767,-0.25088155,-0.19334301,-0.1883778,-0.09469797,-0.10920192,-0.10702289,-0.09263508,-0.12759323,-0.15295994,-0.15746465,-0.16714513,-0.12812386,-0.0969081,-0.16398169,-0.14394987,-0.11335766,-0.18846886,-0.1706479,-0.15432978,-0.12580928,-0.115196005,-0.1124181,-0.11662802,-0.17609923,-0.13855936,-0.134303,-0.096878245,-0.1205515,-0.09162508,-0.12434345,-0.13658082,-0.063823454,-0.13877153,-0.11419349,-0.13377582,-0.24483351,-0.2571875,-0.29957527,-0.14616334,-0.15671949,-0.13167208,-0.19104545,-0.0782174,-0.17169276,-0.16436708,-0.09859173,-0.11065883,-0.11536987,-0.076612435,-0.083404,-0.1213824,-0.13072303,-0.13855581,-0.19385117,-0.09880075,-0.15553081,-0.19487974,-0.19115776,-0.1864531,-0.111375615,-0.14344266,-0.10287168,-0.15922937,-0.19330424,-0.17198327,-0.16918658,-0.14298084,-0.14242667,-0.101568654,-0.15302306,-0.16170585,-0.18092653,-0.19428048,-0.12118654,-0.14732787,-0.11409,-0.07978669,-0.14215827,-0.20725825,-0.1615472,-0.125103,-0.15657571,-0.15690626,-0.14371675,-0.19202894,-0.16295713,-0.1821538,-0.2963242,-0.19631697,-0.1799359,-0.17161864,-0.19235927,-0.15708047,-0.14054683,-0.13037217,-0.12557748,-0.13823786,-0.16332516,3.0898142,-0.16708776,-0.18089175,-0.19284987,-0.11441202,-0.15037766,-0.14071472,-0.17809612,-0.16686419,-0.16468897,-0.14331086,-0.18237996,-0.12833768,-0.15320176,-0.13620257,-0.24156228,-0.18018775,-0.10323414,-0.13558401,-0.14175162,-0.17445806,-0.1105377,-0.13447724,-0.15240675,-0.16017291,-0.18226108,-0.15372616,-0.14889383,-0.19184028,-0.17573003,-0.1645258,-0.14723541,-0.14623587,-0.11499533,-0.10471026,-0.13446113,-0.20148799,-0.17764118,-0.12513243,-0.16682774,-0.18041904,-0.18738703,-0.11705899,-0.17598477,-0.2563945,-0.09247394,-0.09220862,-0.114670396,-0.13560943,-0.14771096,-0.09821841,-0.18882662
k__Bacteria|p__Firmicutes|c__Tissierellia|o__Tissierellales|f__Peptoniphilaceae|g__Peptoniphilus|s__Peptoniphilus_coxii,-0.1004395,-0.12316422,-0.14055577,-0.20428483,-0.16622125,-0.19269605,-0.1666669,-0.144606,-0.12430167,-0.18289867,-0.18220009,-0.2212114,-0.16965027,-0.20231496,-0.10288172,-0.098911,-0.058144663,-0.0994403,-0.10727231,-0.17004812,-0.1978925,-0.12536043,-0.13604313,-0.15204531,-0.17078692,-0.11658599,-0.1669205,-0.17364839,-0.1509206,-0.12124001,-0.13475028,-0.10504073,-0.14769316,-0.19447887,-0.18842867,-0.2175087,-0.1602487,-0.22338755,-0.19586632,-0.29867563,-0.29210672,-0.19649082,-0.106926784,-0.09162698,-0.13691942,-0.15440777,-0.23188588,-0.1928694,-0.14622289,-0.2026537,-0.18309763,-0.18279888,-0.19549668,-0.1967453,-0.2007493,-0.15773472,-0.12530808,-0.14332989,-0.092141815,-0.09523017,-0.17065749,-0.14212073,-0.13743341,-0.14651069,-0.12719077,-0.15053728,-0.2613474,-0.22333384,-0.18777893,-0.20047067,-0.14532638,-0.148859,-0.13008854,-0.1420254,-0.15040489,-0.16371572,-0.14660054,-0.16278498,-0.15885058,-0.14998752,-0.14676726,-0.156346,-0.15273508,-0.22480208,-0.120334074,-0.14099672,-0.117858596,-0.16048396,-0.17353044,-0.15496284,-0.16772622,-0.11139822,-0.1388583,-0.13027036,-0.1282256,-0.15152657,-0.1422792,-0.11547842,-0.10065024,-0.09007242,-0.10508981,-0.119986646,-0.13447335,-0.15027548,-0.16006576,-0.1185138,-0.11129953,-0.1578567,-0.17738779,-0.13322717,-0.16262266,-0.25953975,-0.14823861,-0.13203627,-0.1408342,-0.15095688,-0.17780018,-0.1626363,-0.22917573,-0.09015879,-0.109836206,-0.13418293,-0.12921351,-0.13997786,-0.17295545,-0.13908121,-0.16057305,-0.12777606,-0.07092635,-0.03704006,-0.13632014,-0.16150285,-0.1784649,-0.14332479,-0.12334781,-0.13525358,-0.12023825,-0.13770288,-0.25318068,-0.26654312,-0.08330718,-0.10945694,-0.14406353,-0.09238048,-0.18688709,-0.18924212,-0.15253367,-0.09003414,-0.13230102,-0.14899032,-0.14971262,-0.15838243,-0.1698599,-0.18330944,-0.08753083,-0.12345822,-0.14066777,-0.10256614,-0.17951453,-0.19495486,-0.1905999,-0.09979439,-0.13113372,-0.07880482,-0.12699556,-0.19006202,-0.19245991,-0.190868,-0.123396024,-0.07526378,-0.09673925,-0.11784689,-0.13602945,-0.12406494,-0.121451,-0.09425786,-0.09627256,-0.10807669,-0.082459606,-0.11229775,-0.1317797,-0.1666981,-0.1410757,-0.13584676,-0.18093297,-0.17825818,-0.19310705,-0.14396906,-0.15549555,-0.13504289,-0.119081676,-0.14001076,-0.19117098,-0.1901332,-0.18052725,-0.19755594,-0.25103784,-0.20219928,-0.18940838,-0.19001831,-0.18171176,-0.17269209,-0.27554205,-0.08916744,-0.11956477,-0.12721676,-0.15751183,-0.20931396,-0.18224281,-0.29657933,-0.32474133,-0.15197563,-0.3242122,-0.17325558,-0.17108874,-0.2185038,-0.17647925,-0.114121355,-0.13928607,-0.15388772,-0.15788373,-0.22984435,-0.18186735,-0.2525798,-0.104018144,-0.12455491,-0.13797697,-0.12371287,-0.15189947,-0.15464386,-0.15606698,-0.14014931,-0.15141064,-0.16271932,-0.15474372,-0.15309061,-0.15240477,-0.13350624,-0.12270362,-0.14576113,-0.1896144,-0.17641915,-0.21025829,-0.3990198,-0.19998759,-0.11307963,-0.1296617,-0.117880695,-0.14736019,-0.16636807,-0.18596596,-0.19079335,-0.13121247,-0.07637271,-0.15239051,-0.13920945,-0.14106366,-0.11810099,-0.19987361,-0.1649412,-0.15809357,-0.14083657,-0.12309857,-0.12722544,-0.14610182,-0.2588673,-0.10685524,-0.13074079,-0.09132757,-0.12832497,-0.12885877,-0.14924866,-0.15171018,-0.09609012,-0.08910369,-0.123776875,-0.10998761,-0.13729256,-0.15013105,-0.16986947,-0.14245394,-0.1160769,-0.17312738,-0.15130137,-0.14197552,-0.124766365,-0.14202437,-0.17466888,-0.13176009,-0.13178399,-0.1452369,-0.12271674,-0.08722703,-0.05825615,-0.14304854,-0.17082691,-0.026243303,-0.16549891,-0.2829064,-0.31316653,-0.19662222,-0.14525688,-0.14331596,-0.14862512,-0.12963767,-0.25088155,-0.19292462,-0.18793988,-0.09445669,-0.10896766,-0.10702289,-0.093411855,-0.12759323,-0.15233915,-0.15746465,-0.16662036,-0.12812386,-0.0969081,-0.16398169,-0.14337352,-0.11335766,-0.18846886,-0.1706479,-0.15351056,-0.1254889,-0.115196005,-0.112528704,-0.11662802,-0.17558631,-0.1380991,-0.13400874,-0.096878245,-0.1205104,-0.09149624,-0.12434345,-0.13583153,-0.063823454,-0.13877153,-0.11419349,-0.13313934,-0.24483351,-0.2571875,-0.29957527,-0.1455934,-0.1561552,-0.1314919,-0.19104545,-0.0782174,-0.17147456,-0.16381344,-0.09859173,-0.11065883,-0.11469498,-0.076612435,-0.083404,-0.1213824,-0.13072303,-0.13855581,-0.19385117,-0.09876638,-0.15477638,-0.19487974,-0.19016519,-0.18613039,-0.110947914,-0.14254326,-0.1027892,-0.15872422,-0.19290997,-0.17220046,-0.16824722,-0.14231345,-0.14204271,-0.10113868,-0.15251592,-0.16096027,-0.18007107,-0.19404474,-0.12083992,-0.14689821,-0.11343503,-0.07965765,-0.14195137,-0.20725825,-0.16045433,-0.125103,-0.15657571,-0.15690626,-0.14295971,-0.19202894,-0.1619497,-0.18157876,-0.2963242,-0.19567834,-0.17981797,-0.17059731,-0.19164881,-0.15665814,-0.14054683,-0.12980457,-0.12557748,-0.13769275,-0.16223392,2.0988982,-0.1660429,-0.18043527,-0.19194442,-0.11441202,-0.14992414,-0.13995467,-0.17721742,-0.16622178,-0.16417435,-0.14331086,-0.18237996,-0.12769413,-0.1524947,-0.13631715,-0.24156228,-0.17865816,-0.102926046,-0.13467558,-0.14152695,-0.17373896,-0.110029384,-0.13388696,-0.15210335,-0.15952842,-0.18094055,-0.15368724,-0.14834218,-0.19184028,-0.1745973,-0.16408741,-0.14723541,-0.14623587,-0.11499533,-0.10471026,-0.13423914,-0.20148799,-0.17673509,-0.12513243,-0.16494806,-0.18041904,-0.18738703,-0.11705899,-0.17638618,-0.25677204,-0.09225504,-0.092038736,-0.11413004,-0.13544697,-0.14733273,-0.09802657,-0.18822014
k__Bacteria|p__Firmicutes|c__Tissierellia|o__Tissierellales|f__Peptoniphilaceae|g__Peptoniphilus|s__Peptoniphilus_obesi,-0.1004395,-0.12316422,-0.14109895,-0.20428483,-0.16644152,-0.19207099,-0.1666669,-0.14494509,-0.12492089,-0.18296036,-0.18214183,-0.217807,-0.16795985,-0.2014916,-0.10325456,-0.09903725,-0.058144663,-0.10034609,-0.10802032,-0.17023169,-0.1978925,-0.12536043,-0.13657461,-0.15232798,-0.17072684,-0.11658599,-0.1669608,-0.17328098,-0.1509206,-0.12124001,-0.1349416,-0.10571065,-0.14783716,-0.19416529,-0.18774708,-0.2175087,-0.16040304,-0.22338755,-0.19508302,-0.29867563,-0.29210672,-0.1960311,-0.10748319,-0.09162698,-0.13691942,-0.15448439,-0.23188588,-0.19257264,-0.14611647,-0.2026537,-0.18329883,-0.18279888,-0.1954517,-0.19599903,-0.19979185,-0.15774676,-0.12575781,-0.14357933,-0.09306316,-0.09622222,-0.17088754,-0.1424636,-0.13743341,-0.14666699,-0.12719077,-0.15092641,-0.2613474,-0.22333384,-0.18800586,-0.20047067,-0.14567107,-0.14905055,-0.13046435,-0.14254344,-0.15090242,-0.16401984,-0.14644586,-0.16278498,-0.1589579,-0.14998752,-0.1471212,-0.15652241,-0.15298063,-0.22480208,-0.120334074,-0.14130738,-0.1185005,-0.16096666,-0.17356879,-0.15492171,-0.1673123,-0.11139822,-0.1388583,-0.13027036,-0.12883815,-0.15152657,-0.14251721,-0.11574772,-0.10065024,-0.09093358,-0.105875134,-0.12071276,-0.13500002,-0.15027548,-0.15989703,-0.1185138,-0.11129953,-0.1578567,-0.17738779,-0.13348776,-0.16268522,-0.25953975,-0.14835769,-0.1322912,-0.14111304,-0.15095688,-0.17780018,-0.16283436,-0.22917573,-0.09015879,-0.11050773,-0.13456638,-0.12955786,-0.13997786,-0.17273048,-0.13908121,-0.16057305,-0.12777606,-0.07092635,-0.03704006,-0.13701858,-0.16165568,-0.17801489,-0.14332479,-0.12334781,-0.1356175,-0.12023825,-0.13804588,-0.25318068,-0.26654312,-0.08426339,-0.10945694,-0.14419404,-0.09238048,-0.18663374,-0.18883374,-0.15197209,-0.090902224,-0.13230102,-0.14916685,-0.14989433,-0.15848316,-0.1698724,-0.18299341,-0.088389054,-0.12382779,-0.14082581,-0.10256614,-0.17951453,-0.19495486,-0.18991321,-0.1005346,-0.13113372,-0.07985768,-0.12775436,-0.19006202,-0.19208792,-0.19018835,-0.12370032,-0.07631801,-0.09757154,-0.118414074,-0.13630101,-0.12406494,-0.121451,-0.09490863,-0.09688704,-0.108542904,-0.082459606,-0.11301237,-0.13232102,-0.16655862,-0.1410757,-0.13611889,-0.18093297,-0.17825818,-0.19251472,-0.14415115,-0.15549555,-0.1352331,-0.119081676,-0.14001076,-0.19117098,-0.18963388,-0.1802127,-0.19755594,-0.25103784,-0.20219928,-0.18898721,-0.18972057,-0.18128797,-0.17258729,-0.27554205,-0.08916744,-0.11956477,-0.1276891,-0.15751183,-0.20931396,-0.18224281,-0.29657933,-0.32474133,-0.14972708,-0.3242122,-0.17325558,-0.17108874,-0.2185038,-0.17647925,-0.114121355,-0.1395987,-0.15388772,-0.15788373,-0.22984435,-0.18186735,-0.24965835,-0.10470223,-0.12455491,-0.13837314,-0.12428193,-0.15189947,-0.15499249,-0.15590152,-0.14014931,-0.15141064,-0.16288918,-0.15494886,-0.1531826,-0.15233755,-0.13337827,-0.12318537,-0.14618742,-0.18942428,-0.17591089,-0.21025829,-0.3990198,-0.19855306,-0.1136311,-0.1296617,-0.11864125,-0.14760955,-0.16636807,-0.18590939,-0.19025344,-0.13127856,-0.07761967,-0.15279791,-0.13946748,-0.14106366,-0.11844984,-0.19987361,-0.1649412,-0.15800887,-0.1407294,-0.12352966,-0.12722544,-0.14610182,-0.2588673,-0.10740891,-0.13074079,-0.09132757,-0.12832497,-0.12934306,-0.14952978,-0.15161356,-0.09676774,-0.08910369,-0.124255426,-0.110773996,-0.1375905,-0.1504099,-0.16952667,-0.14269824,-0.116612375,-0.1732001,-0.15141523,-0.14218462,-0.12528384,-0.14189504,-0.17466888,-0.13176009,-0.13209835,-0.14555183,-0.12284373,-0.08722703,-0.05825615,-0.14316158,-0.17082691,-0.026243303,-0.16498479,-0.2829064,-0.31316653,-0.19525489,-0.14545529,-0.14331596,-0.14862512,-0.12963767,-0.25088155,-0.19251543,-0.18738845,-0.09513449,-0.10970539,-0.10702289,-0.0944251,-0.12759323,-0.15234123,-0.15746465,-0.1664555,-0.12812386,-0.0969081,-0.16398169,-0.14376196,-0.11335766,-0.18846886,-0.1706479,-0.15342143,-0.12583512,-0.115196005,-0.11301899,-0.11662802,-0.17531452,-0.1383546,-0.13430054,-0.096878245,-0.120994315,-0.092418015,-0.12434345,-0.13591132,-0.063823454,-0.13877153,-0.11419349,-0.13352731,-0.24483351,-0.2571875,-0.29957527,-0.14587146,-0.15633516,-0.13210058,-0.19104545,-0.0782174,-0.17123714,-0.16360861,-0.09859173,-0.11065883,-0.115109235,-0.076612435,-0.083404,-0.1213824,-0.13072303,-0.13855581,-0.19385117,-0.09958866,-0.15515175,-0.19487974,-0.18974197,-0.18550062,-0.11149915,-0.1427935,-0.10371652,-0.15919992,-0.1927906,-0.17200053,-0.16788009,-0.14254445,-0.14219385,-0.101784796,-0.15269274,-0.16111474,-0.17962025,-0.19315138,-0.121463075,-0.14718488,-0.113953486,-0.08098574,-0.14240366,-0.20725825,-0.16019192,-0.125103,-0.15657571,-0.15690626,-0.14330128,-0.19202894,-0.16198426,-0.18116492,-0.2963242,-0.19446707,-0.1793755,-0.17066643,-0.19118199,-0.15652594,-0.14054683,-0.13018438,-0.12557748,-0.13791667,-0.16171733,3.2731633,-0.16582352,-0.18021134,-0.19140097,-0.11441202,-0.15022084,-0.1403943,-0.17705563,-0.1662789,-0.1639363,-0.14331086,-0.18237996,-0.12796786,-0.15277699,-0.136539,-0.24156228,-0.17820357,-0.103572816,-0.13512978,-0.14187054,-0.17383781,-0.11051486,-0.1343903,-0.15205857,-0.15952584,-0.18073061,-0.15385422,-0.14898258,-0.19184028,-0.1745433,-0.16380593,-0.14723541,-0.14623587,-0.11499533,-0.10471026,-0.13481128,-0.20148799,-0.17629758,-0.12513243,-0.16504395,-0.18041904,-0.18738703,-0.11705899,-0.17589381,-0.2551227,-0.093008116,-0.09283131,-0.11483414,-0.13581261,-0.14750978,-0.0987928,-0.18784148
k__Bacteria|p__Firmicutes|c__Clostridia|o__Eubacteriales|f__Peptostreptococcaceae|g__Paeniclostridium|s__Eubacterium_tenue,-0.1004395,-0.12316422,-0.1410639,-0.20428483,-0.16708952,-0.19375347,-0.1666669,-0.14561397,-0.124900304,-0.18444999,-0.18327406,-0.22242755,-0.16991577,-0.20411651,-0.10332875,-0.09898667,-0.058144663,-0.10016016,-0.10764118,-0.17134215,-0.1978925,-0.12536043,-0.13693449,-0.15340899,-0.17215568,-0.11658599,-0.16795292,-0.17502853,-0.1509206,-0.12124001,-0.13539863,-0.105455995,-0.14844427,-0.19613707,-0.1899244,-0.2175087,-0.16065726,-0.22338755,-0.19707903,-0.29867563,-0.29210672,-0.19858848,-0.107517675,-0.09162698,-0.13691942,-0.15502799,-0.23188588,-0.1939139,-0.14693862,-0.2026537,-0.18369201,-0.18279888,-0.19726518,-0.1982977,-0.20325385,-0.15939823,-0.12611656,-0.14436862,-0.09266448,-0.09580256,-0.17211348,-0.1432975,-0.13743341,-0.14738707,-0.12719077,-0.15135662,-0.2613474,-0.22333384,-0.18941936,-0.20047067,-0.1465433,-0.14991274,-0.13091609,-0.14317432,-0.15222962,-0.16538364,-0.14776197,-0.16278498,-0.1592689,-0.14998752,-0.14791742,-0.15712759,-0.15378675,-0.22480208,-0.120334074,-0.1418792,-0.11841915,-0.16206835,-0.1749998,-0.15555304,-0.16890174,-0.11139822,-0.1388583,-0.13027036,-0.12929095,-0.15152657,-0.14301851,-0.11597209,-0.10065024,-0.090449706,-0.10585417,-0.12096559,-0.13544476,-0.15027548,-0.16123286,-0.1185138,-0.11129953,-0.1578567,-0.17738779,-0.13412414,-0.16361494,-0.25953975,-0.14892045,-0.13251697,-0.14166173,-0.15095688,-0.17780018,-0.16309103,-0.22917573,-0.09015879,-0.11009387,-0.13498375,-0.13005131,-0.13997786,-0.17384791,-0.13908121,-0.16057305,-0.12777606,-0.07092635,-0.03704006,-0.13704379,-0.16287836,-0.17960489,-0.14332479,-0.12334781,-0.13599256,-0.12023825,-0.13890573,-0.25318068,-0.26654312,-0.08368378,-0.10945694,-0.1454992,-0.09238048,-0.18791774,-0.19052306,-0.15286064,-0.09034787,-0.13230102,-0.14979392,-0.15056773,-0.15945575,-0.17108724,-0.18525767,-0.08767654,-0.12409203,-0.14170349,-0.10256614,-0.17951453,-0.19495486,-0.19212937,-0.100309476,-0.13113372,-0.07951203,-0.12830509,-0.19006202,-0.19403121,-0.19204143,-0.12420509,-0.07547553,-0.09724772,-0.11852186,-0.13689835,-0.12406494,-0.121451,-0.09456824,-0.0965766,-0.10865781,-0.082459606,-0.113082126,-0.13289778,-0.16803437,-0.1410757,-0.13626856,-0.18093297,-0.17825818,-0.1942548,-0.14489575,-0.15549555,-0.13598901,-0.119081676,-0.14001076,-0.19117098,-0.19106948,-0.18136714,-0.19755594,-0.25103784,-0.20219928,-0.19008149,-0.19097933,-0.18274051,-0.17345712,-0.27554205,-0.08916744,-0.11956477,-0.12769502,-0.15751183,-0.20931396,-0.18224281,-0.29657933,-0.32474133,-0.14841971,-0.3242122,-0.17325558,-0.17108874,-0.2185038,-0.17647925,-0.114121355,-0.139765,-0.15388772,-0.15788373,-0.22984435,-0.18186735,-0.25418627,-0.104508355,-0.12455491,-0.13890389,-0.12464093,-0.15189947,-0.15607864,-0.15730938,-0.14014931,-0.15141064,-0.16431472,-0.1555952,-0.15410212,-0.15321313,-0.13403621,-0.12342264,-0.14663379,-0.1914679,-0.177222,-0.21025829,-0.3990198,-0.20005669,-0.11365231,-0.1296617,-0.11885068,-0.14849436,-0.16636807,-0.18774845,-0.19213799,-0.13156235,-0.07690284,-0.15398495,-0.14010978,-0.14106366,-0.11851153,-0.19987361,-0.1649412,-0.1584324,-0.1413224,-0.1239243,-0.12722544,-0.14610182,-0.2588673,-0.10722566,-0.13074079,-0.09132757,-0.12832497,-0.12992577,-0.15020101,-0.1528408,-0.096551545,-0.08910369,-0.124693274,-0.11074192,-0.13799009,-0.15117687,-0.17116682,-0.1433755,-0.1165093,-0.17439705,-0.1522221,-0.14288694,-0.12538445,-0.14293274,-0.17466888,-0.13176009,-0.13257608,-0.14632848,-0.12338109,-0.08722703,-0.05825615,-0.14384845,-0.17082691,-0.026243303,-0.16553347,-0.2829064,-0.31316653,-0.19712822,-0.14614004,-0.14331596,-0.14862512,-0.12963767,-0.25088155,-0.19421782,-0.18935858,-0.094869256,-0.10968462,-0.10702289,-0.094724685,-0.12759323,-0.15304834,-0.15746465,-0.16755646,-0.12812386,-0.0969081,-0.16398169,-0.14489517,-0.11335766,-0.18846886,-0.1706479,-0.15414661,-0.12620686,-0.115196005,-0.113278195,-0.11662802,-0.17695743,-0.13902539,-0.13507861,-0.096878245,-0.12127808,-0.09214548,-0.12434345,-0.13647586,-0.063823454,-0.13877153,-0.11419349,-0.13392524,-0.24483351,-0.2571875,-0.29957527,-0.14653045,-0.15726155,-0.13258758,-0.19104545,-0.0782174,-0.17249523,-0.16503173,-0.09859173,-0.11065883,-0.11531308,-0.076612435,-0.083404,-0.1213824,-0.13072303,-0.13855581,-0.19385117,-0.099370316,-0.15591219,-0.19487974,-0.19131316,-0.18741329,-0.111521155,-0.14321849,-0.10359787,-0.16051435,-0.19441977,-0.17386788,-0.16955855,-0.14313793,-0.14286453,-0.1012007,-0.15360813,-0.16191164,-0.1809088,-0.1952966,-0.12170307,-0.14804924,-0.11390358,-0.08023162,-0.14306372,-0.20725825,-0.16120943,-0.125103,-0.15657571,-0.15690626,-0.14354615,-0.19202894,-0.16298461,-0.18309449,-0.2963242,-0.1950261,-0.18082537,-0.17160976,-0.19262138,-0.15742044,-0.14054683,-0.13062304,-0.12557748,-0.13859153,-0.16283792,-0.30584824,-0.16653958,-0.18228015,-0.19291711,-0.11441202,-0.15128414,-0.14070255,-0.17825283,-0.16744788,-0.16526827,-0.14331086,-0.18237996,-0.12798312,-0.15345833,-0.13716492,-0.24156228,-0.17912045,-0.103391774,-0.13517076,-0.14268431,-0.17540552,-0.11036044,-0.13472912,-0.15362203,-0.16053927,-0.18168648,-0.15517347,-0.14988354,-0.19184028,-0.17567497,-0.1653013,-0.14723541,-0.14623587,-0.11499533,-0.10471026,-0.13527516,-0.20148799,-0.17794758,-0.12513243,-0.16526356,-0.18041904,-0.18738703,-0.11705899,-0.1781713,-0.2591352,-0.09260619,-0.092432104,-0.11471379,-0.13643315,-0.14845024,-0.09841786,-0.189977
k__Bacteria|p__Firmicutes|c__Clostridia|o__Eubacteriales|f__Oscillospiraceae|g__Anaeromassilibacillus|s__Anaeromassilibacillus_sp_An250,-0.1004395,-0.12316422,-0.14185232,-0.20428483,-0.16672724,-0.19373369,-0.1666669,-0.1454283,-0.12543741,-0.18396355,-0.18381906,-0.22462353,-0.17023696,-0.20449908,-0.10327728,-0.09924661,-0.058144663,-0.099880785,-0.107840605,-0.17110185,-0.1978925,-0.12536043,-0.1364846,-0.15256712,-0.17162345,-0.11658599,-0.16771105,-0.17419592,-0.1509206,-0.12124001,-0.13544542,-0.10570212,-0.14868,-0.1957768,-0.18949234,-0.2175087,-0.16053748,-0.22338755,-0.1972602,-0.29867563,-0.29210672,-0.19861539,-0.107269466,-0.09162698,-0.13691942,-0.15518168,-0.23188588,-0.19392623,-0.14680627,-0.2026537,-0.18373236,-0.18279888,-0.19733831,-0.19853921,-0.20365717,-0.15840657,-0.12586343,-0.1439517,-0.092280194,-0.09567208,-0.17137505,-0.14261322,-0.13743341,-0.147153,-0.12719077,-0.15175545,-0.2613474,-0.22333384,-0.18890205,-0.20047067,-0.14584568,-0.14941576,-0.13085838,-0.14292672,-0.15089367,-0.16408402,-0.1468155,-0.16278498,-0.15936816,-0.14998752,-0.14739345,-0.157255,-0.15349264,-0.22480208,-0.120334074,-0.14181547,-0.11844222,-0.16109523,-0.17417803,-0.15595052,-0.16849506,-0.11139822,-0.1388583,-0.13027036,-0.12895787,-0.15152657,-0.14296335,-0.11575857,-0.10065024,-0.09060843,-0.105601236,-0.12055988,-0.135135,-0.15027548,-0.16059063,-0.1185138,-0.11129953,-0.1578567,-0.17738779,-0.13392965,-0.16433018,-0.25953975,-0.14891441,-0.13288593,-0.1419602,-0.15095688,-0.17780018,-0.16384673,-0.22917573,-0.09015879,-0.11049217,-0.13500717,-0.12985405,-0.13997786,-0.17404887,-0.13908121,-0.16057305,-0.12777606,-0.07092635,-0.03704006,-0.13741718,-0.16237795,-0.1791905,-0.14332479,-0.12334781,-0.13616309,-0.12023825,-0.13853726,-0.25318068,-0.26654312,-0.08353071,-0.10945694,-0.14482981,-0.09238048,-0.18819046,-0.19045019,-0.15332767,-0.090319574,-0.13230102,-0.14986211,-0.15052193,-0.1590733,-0.17064247,-0.18388578,-0.08784953,-0.123960994,-0.14130409,-0.10256614,-0.17951453,-0.19495486,-0.19130519,-0.100333855,-0.13113372,-0.07977326,-0.12829871,-0.19006202,-0.19330624,-0.19196999,-0.12367221,-0.07521096,-0.097248174,-0.118756905,-0.13687453,-0.12406494,-0.121451,-0.094596714,-0.09689387,-0.10878581,-0.082459606,-0.11319255,-0.1326302,-0.16738708,-0.1410757,-0.13655117,-0.18093297,-0.17825818,-0.1942985,-0.14498132,-0.15549555,-0.13567886,-0.119081676,-0.14001076,-0.19117098,-0.19112402,-0.18154341,-0.19755594,-0.25103784,-0.20219928,-0.19038577,-0.19122434,-0.18288052,-0.17421822,-0.27554205,-0.08916744,-0.11956477,-0.12837267,-0.15751183,-0.20931396,-0.18224281,-0.29657933,-0.32474133,-0.15508161,-0.3242122,-0.17325558,-0.17108874,-0.2185038,-0.17647925,-0.114121355,-0.14009723,-0.15388772,-0.15788373,-0.22984435,-0.18186735,-0.25663126,-0.10450846,-0.12455491,-0.13883875,-0.1243754,-0.15189947,-0.15516609,-0.15638006,-0.14014931,-0.15141064,-0.163176,-0.15532997,-0.15369952,-0.15343943,-0.13422354,-0.123231135,-0.14659332,-0.19047233,-0.17729169,-0.21025829,-0.3990198,-0.20436478,-0.113721065,-0.1296617,-0.11878531,-0.14835192,-0.16636807,-0.18696067,-0.19186227,-0.13202739,-0.07656069,-0.1533714,-0.13999733,-0.14106366,-0.118456125,-0.19987361,-0.1649412,-0.15886083,-0.14188862,-0.12391823,-0.12722544,-0.14610182,-0.2588673,-0.10752406,-0.13074079,-0.09132757,-0.12832497,-0.12936786,-0.15001658,-0.15197122,-0.09639061,-0.08910369,-0.12463996,-0.11068794,-0.13816337,-0.15108639,-0.1705719,-0.14317602,-0.116683975,-0.1742985,-0.15219036,-0.1426003,-0.12554589,-0.14244333,-0.17466888,-0.13176009,-0.13246837,-0.14607014,-0.12304343,-0.08722703,-0.05825615,-0.14384586,-0.17082691,-0.026243303,-0.16720971,-0.2829064,2.8447297,-0.19918391,-0.14583603,-0.14331596,-0.14862512,-0.12963767,-0.25088155,-0.19368614,-0.1887614,-0.094773754,-0.1094393,-0.10702289,-0.09387644,-0.12759323,-0.15351264,-0.15746465,-0.16715452,-0.12812386,-0.0969081,-0.16398169,-0.14378895,-0.11335766,-0.18846886,-0.1706479,-0.1539926,-0.12583049,-0.115196005,-0.11314064,-0.11662802,-0.17638743,-0.13858138,-0.13447857,-0.096878245,-0.12134332,-0.0918619,-0.12434345,-0.13624004,-0.063823454,-0.13877153,-0.11419349,-0.1340464,-0.24483351,-0.2571875,-0.29957527,-0.14636537,-0.15689936,-0.13235494,-0.19104545,-0.0782174,-0.17267787,-0.16459897,-0.09859173,-0.11065883,-0.114968896,-0.076612435,-0.083404,-0.1213824,-0.13072303,-0.13855581,-0.19385117,-0.09886049,-0.15601806,-0.19487974,-0.19121821,-0.18714386,-0.11139801,-0.14325655,-0.10305591,-0.15937412,-0.19414696,-0.17337233,-0.16936426,-0.14298433,-0.1426537,-0.10200912,-0.1536954,-0.16172197,-0.18133402,-0.195355,-0.12137433,-0.14763772,-0.11421619,-0.08028354,-0.1433172,-0.20725825,-0.16084403,-0.125103,-0.15657571,-0.15690626,-0.1438892,-0.19202894,-0.16271418,-0.18218951,-0.2963242,-0.19803888,-0.18175916,-0.17198241,-0.19322295,-0.15797195,-0.14054683,-0.13050646,-0.12557748,-0.13870299,-0.16363022,-0.30584824,-0.16699164,-0.18128873,-0.19272785,-0.11441202,-0.1510648,-0.14079353,-0.1782667,-0.16696654,-0.16474706,-0.14331086,-0.18237996,-0.12856984,-0.15382677,-0.13779695,-0.24156228,-0.1797041,-0.103266455,-0.13546568,-0.14201649,-0.17459607,-0.110449485,-0.13488223,-0.15246779,-0.16003782,-0.18184575,-0.15431726,-0.14912802,-0.19184028,-0.17540541,-0.16429752,-0.14723541,-0.14623587,-0.11499533,-0.10471026,-0.13546056,-0.20148799,-0.17709534,-0.12513243,-0.16614243,-0.18041904,-0.18738703,-0.11705899,-0.17671639,-0.2590485,-0.09262926,-0.09240207,-0.11496244,-0.1362806,-0.14821419,-0.09868035,-0.18923399
k__Bacteria|p__Firmicutes|c__Bacilli|o__Lactobacillales|f__Lactobacillaceae|g__Schleiferilactobacillus|s__Schleiferilactobacillus_harbinensis,-0.1004395,-0.12316422,-0.14103511,-0.20428483,-0.16636595,-0.19363481,-0.1666669,-0.14535207,-0.12521541,-0.18436122,-0.18348852,-0.21870527,-0.17016041,-0.20223874,-0.1031404,-0.098839566,-0.058144663,-0.09988925,-0.10735129,-0.17115334,-0.1978925,-0.12536043,-0.13672045,-0.15295649,-0.17159353,-0.11658599,-0.1680826,-0.17484033,-0.1509206,-0.12124001,-0.13543981,-0.10519077,-0.14843771,-0.19536078,-0.18950285,-0.2175087,-0.16025221,-0.22338755,-0.19631311,-0.29867563,-0.29210672,-0.19762659,-0.10725145,-0.09162698,-0.13691942,-0.1550028,-0.23188588,-0.1935948,-0.14666948,-0.2026537,-0.18355265,-0.18279888,-0.1964077,-0.1972653,-0.2009792,-0.15894887,-0.12579264,-0.14397818,-0.092577934,-0.09544201,-0.1716133,-0.14309582,-0.13743341,-0.14714012,-0.12719077,-0.15159234,-0.2613474,-0.22333384,-0.1886867,-0.20047067,-0.14607398,-0.1495948,-0.13052835,-0.14272434,-0.15145165,-0.16473857,-0.14740956,-0.16278498,-0.15925533,-0.14998752,-0.1475243,-0.15689917,-0.1536608,-0.22480208,-0.120334074,-0.14172834,-0.118236884,-0.16155785,-0.1743683,-0.1555587,-0.16872585,-0.11139822,-0.1388583,-0.13027036,-0.12901302,-0.15152657,-0.14322917,-0.116037965,-0.10065024,-0.09039575,-0.105565906,-0.12052896,-0.13500664,-0.15027548,-0.16096044,-0.1185138,-0.11129953,-0.1578567,-0.17738779,-0.13399056,-0.16331664,-0.25953975,-0.14884423,-0.13255236,-0.14138226,-0.15095688,-0.17780018,-0.1630367,-0.22917573,-0.09015879,-0.11027396,-0.13486645,-0.12976155,-0.13997786,-0.17376977,-0.13908121,-0.16057305,-0.12777606,-0.07092635,-0.03704006,-0.13681397,-0.16247031,-0.17945114,-0.14332479,-0.12334781,-0.13605466,-0.12023825,-0.138394,-0.25318068,-0.26654312,-0.08348616,-0.10945694,-0.14505397,-0.09238048,-0.1879479,-0.19005114,-0.15294096,-0.090156555,-0.13230102,-0.14972134,-0.15042728,-0.15916787,-0.1707058,-0.18451662,-0.08752431,-0.124017,-0.14130639,-0.10256614,-0.17951453,-0.19495486,-0.19152,-0.10005637,-0.13113372,-0.07895562,-0.12771606,-0.19006202,-0.19329493,-0.19164975,-0.12402767,-0.07528258,-0.0970207,-0.11828105,-0.136741,-0.12406494,-0.121451,-0.09436071,-0.09644786,-0.10860577,-0.082459606,-0.11286712,-0.13260005,-0.16771027,-0.1410757,-0.13631403,-0.18093297,-0.17825818,-0.19376594,-0.14458235,-0.15549555,-0.135687,2.7437463,2.5434256,7.3905253,-0.19057192,-0.18140551,-0.19755594,-0.25103784,-0.20219928,-0.19015086,-0.19075122,-0.1826401,-0.17331918,-0.27554205,-0.08916744,-0.11956477,-0.12780304,-0.15751183,-0.20931396,-0.18224281,-0.29657933,-0.32474133,-0.15246066,-0.3242122,-0.17325558,-0.17108874,-0.2185038,-0.17647925,-0.114121355,-0.13977298,-0.15388772,-0.15788373,-0.22984435,-0.18186735,-0.25221977,-0.10425198,-0.12455491,-0.13881421,-0.12436029,-0.15189947,-0.1555458,-0.1568852,-0.14014931,-0.15141064,-0.16374259,-0.15530708,-0.15387732,-0.15302038,-0.13396427,-0.12315566,-0.14660366,-0.19092539,-0.17715737,-0.21025829,-0.3990198,-0.20178762,-0.113506645,-0.1296617,-0.11853902,-0.14823341,-0.16636807,-0.18734747,-0.19178875,-0.1316833,-0.0766073,-0.15341333,-0.1397973,-0.14106366,-0.11891738,-0.19987361,-0.1649412,-0.15859057,-0.14138466,-0.123650864,-0.12722544,-0.14610182,-0.2588673,-0.107103616,-0.13074079,-0.09132757,-0.12832497,-0.12956606,-0.149923,-0.15253046,-0.09637017,-0.08910369,-0.12449022,-0.110349774,-0.13790101,-0.15094477,-0.17076457,-0.1430798,-0.1165508,-0.17421037,-0.15212606,-0.14265178,-0.12508574,-0.14296016,-0.17466888,-0.13176009,-0.13242552,-0.14603487,-0.12309413,-0.08722703,-0.05825615,-0.14374089,-0.17082691,-0.026243303,-0.16614243,-0.2829064,-0.31316653,-0.1982303,-0.14587241,-0.14331596,-0.14862512,-0.12963767,-0.25088155,-0.19339575,-0.18887936,-0.09464803,-0.10947704,-0.10702289,-0.09411813,-0.12759323,-0.15328884,-0.15746465,-0.16735047,-0.12812386,-0.0969081,-0.16398169,-0.14437151,-0.11335766,-0.18846886,-0.1706479,-0.15393999,-0.12603477,-0.115196005,-0.11302342,-0.11662802,-0.17679952,-0.13869607,-0.13457438,-0.096878245,-0.12105921,-0.09185296,-0.12434345,-0.13659021,-0.063823454,-0.13877153,-0.11419349,-0.1336486,-0.24483351,-0.2571875,-0.29957527,-0.14616908,-0.15697311,-0.13217485,-0.19104545,-0.0782174,-0.17232761,-0.16470891,-0.09859173,-0.11065883,-0.11537929,-0.076612435,-0.083404,-0.1213824,-0.13072303,-0.13855581,-0.19385117,-0.09877137,-0.15557958,-0.19487974,-0.19111207,-0.18707645,-0.111255765,-0.14315057,-0.103337824,-0.15981391,-0.19398052,-0.17361888,-0.16904193,-0.14288051,-0.14260282,-0.101242885,-0.15343252,-0.16180587,-0.18098506,-0.19491184,-0.12132566,-0.14773113,-0.11406769,-0.080264695,-0.14269054,-0.20725825,-0.16089417,-0.125103,-0.15657571,-0.15690626,-0.14363916,-0.19202894,-0.16269831,-0.18264456,-0.2963242,-0.19521675,-0.18085115,-0.17126665,-0.1922593,-0.15727377,-0.14054683,-0.13031134,-0.12557748,-0.13838361,-0.16244783,-0.30584824,-0.16681264,-0.1813244,-0.19273835,-0.11441202,-0.15088496,-0.14047489,-0.17817925,-0.16704018,-0.16499233,-0.14331086,-0.18237996,-0.12798925,-0.15347949,-0.13679302,-0.24156228,-0.17912778,-0.10309777,-0.13522582,-0.14229512,-0.17466569,-0.110243425,-0.13457027,-0.15312651,-0.16015884,-0.18171763,-0.15469044,-0.14908975,-0.19184028,-0.17525077,-0.16502288,-0.14723541,-0.14623587,-0.11499533,-0.10471026,-0.13506442,-0.20148799,-0.17742777,-0.12513243,-0.16599238,-0.18041904,-0.18738703,-0.11705899,-0.17780367,-0.25737783,-0.0924436,-0.092319876,-0.114529505,-0.13615085,-0.14803797,-0.098190576,-0.18943483
k__Bacteria|p__Firmicutes|c__Bacilli|o__Lactobacillales|f__Carnobacteriaceae|g__Granulicatella|s__Granulicatella_SGB8245,-0.1004395,-0.12316422,-0.14147064,-0.20428483,-0.16713516,-0.19288743,-0.1666669,-0.14495328,-0.12569478,-0.1836228,-0.18334979,-0.2119886,-0.16907623,-0.19981614,-0.10281843,-0.0983448,-0.058144663,-0.09910639,-0.10770843,-0.17062867,-0.1978925,-0.12536043,-0.13626535,-0.15205441,-0.1708468,-0.11658599,-0.16804361,-0.17361519,-0.1509206,-0.12124001,-0.13544409,-0.10555349,-0.14839561,-0.19433582,-0.18831646,-0.2175087,-0.1612778,-0.22338755,-0.1961213,-0.29867563,-0.29210672,-0.19611374,-0.106952325,-0.09162698,-0.13691942,-0.1549874,-0.23188588,-0.19333774,-0.14641617,-0.2026537,-0.18528336,-0.18279888,-0.19578442,-0.19518936,-0.19708556,-0.15688431,-0.12540556,-0.14334218,-0.092218146,-0.09535836,-0.17112936,-0.14214528,-0.13743341,-0.14672625,-0.12719077,-0.15178916,-0.2613474,-0.22333384,-0.1886352,-0.20047067,-0.14522734,-0.14910576,-0.13023719,-0.14208615,-0.14972432,-0.16345608,-0.14654784,-0.16278498,-0.15982565,-0.14998752,-0.14729005,-0.15692443,-0.15309069,-0.22480208,-0.120334074,-0.14141369,-0.11814585,-0.16066098,-0.1735709,-0.15553734,-0.16797212,-0.11139822,-0.1388583,-0.13027036,-0.12863204,-0.15152657,-0.14336587,-0.11552198,-0.10065024,-0.09043345,-0.105150685,-0.1201054,-0.13473317,-0.15027548,-0.1602687,-0.1185138,-0.11129953,-0.1578567,-0.17738779,-0.13274205,-0.16370739,-0.25953975,-0.14877336,-0.1327252,-0.14102213,-0.15095688,-0.17780018,-0.16376522,-0.22917573,-0.09015879,-0.11058148,-0.13466349,-0.12919103,-0.13997786,-0.17367886,-0.13908121,-0.16057305,-0.12777606,-0.07092635,-0.03704006,-0.13711807,-0.16188937,-0.17859489,-0.14332479,-0.12334781,-0.13625619,-0.12023825,-0.13773286,-0.25318068,-0.26654312,-0.08349095,-0.10945694,-0.1439155,-0.09238048,-0.18781966,-0.18957594,-0.15280282,-0.090222865,-0.13230102,-0.14959762,-0.15013514,-0.15858495,-0.17024726,-0.1829592,-0.08779478,-0.123289704,-0.1406572,-0.10256614,-0.17951453,-0.19495486,-0.18997994,-0.09993379,-0.13113372,-0.07806839,-0.12730867,-0.19006202,-0.19249715,-0.1909441,-0.12316327,-0.075558245,-0.096855946,-0.11811389,-0.13632423,-0.12406494,-0.121451,-0.0940703,-0.09638251,-0.10833651,-0.082459606,-0.112513885,-0.13216072,-0.16674247,-0.1410757,-0.13664998,-0.18093297,-0.17825818,-0.19313553,-0.1443367,-0.15549555,-0.13493592,-0.119081676,-0.14001076,-0.19117098,-0.19028915,-0.18125322,-0.19755594,-0.25103784,-0.20219928,-0.1906648,-0.19105268,-0.18224645,-0.17373136,-0.27554205,-0.08916744,-0.11956477,-0.12850279,-0.15751183,-0.20931396,-0.18224281,-0.29657933,-0.32474133,-0.15487544,-0.3242122,-0.17325558,-0.17108874,-0.2185038,-0.17647925,-0.114121355,-0.14023316,-0.15388772,-0.15788373,-0.22984435,-0.18186735,-0.24955428,-0.104135424,-0.12455491,-0.13863397,-0.124090366,-0.15189947,-0.15458326,-0.15584686,-0.14014931,-0.15141064,-0.16263938,-0.1553231,-0.15332691,-0.15284331,-0.1336155,-0.12315394,-0.14677075,-0.18965343,-0.17653725,-0.21025829,-0.3990198,-0.1997832,-0.11330897,-0.1296617,-0.11787052,-0.14780231,-0.16636807,-0.18626371,-0.19132689,-0.13180879,-0.07675004,-0.15258533,-0.1398507,-0.14106366,-0.11810346,-0.19987361,-0.1649412,-0.15926437,-0.14113888,-0.12335971,-0.12722544,-0.14610182,-0.2588673,-0.10710067,-0.13074079,-0.09132757,-0.12832497,-0.12894961,-0.14996041,-0.15155494,-0.09607337,-0.08910369,-0.124028906,-0.110412404,-0.13771409,-0.15083091,-0.16966242,-0.14279641,-0.116916716,-0.1736404,-0.15190898,-0.14205296,-0.12511407,-0.14186668,-0.17466888,-0.13176009,-0.13216177,-0.14547354,-0.122470625,-0.08722703,-0.05825615,-0.14328092,-0.17082691,-0.026243303,-0.16692185,-0.2829064,-0.31316653,-0.19645378,-0.14545096,-0.14331596,-0.14862512,-0.12963767,-0.25088155,-0.19265398,-0.18792966,-0.094588265,-0.10912706,-0.10702289,-0.09264845,-0.12759323,-0.15311784,-0.15746465,-0.16672143,-0.12812386,-0.0969081,-0.16398169,-0.1432064,-0.11335766,-0.18846886,-0.1706479,-0.15381768,-0.12557967,-0.115196005,-0.11238893,-0.11662802,-0.1757853,-0.13811195,-0.13384454,-0.096878245,-0.12057495,-0.09154521,-0.12434345,-0.13621303,-0.063823454,-0.13877153,-0.11419349,-0.13356042,-0.24483351,-0.2571875,-0.29957527,-0.14580663,-0.15643182,-0.13175333,-0.19104545,-0.0782174,-0.1717861,-0.16390717,-0.09859173,-0.11065883,-0.11498901,-0.076612435,-0.083404,-0.1213824,-0.13072303,-0.13855581,-0.19385117,-0.09832394,-0.15555568,-0.19487974,-0.19102904,-0.18619905,-0.11118585,-0.1430637,-0.10292897,-0.15875486,-0.19333689,-0.17153233,-0.16890478,-0.14262488,-0.14208665,-0.10178561,-0.15299779,-0.16153026,-0.18096471,-0.19407623,-0.12099919,-0.14699274,-0.114285976,-0.08031045,-0.14217687,-0.20725825,-0.16082677,-0.125103,-0.15657571,-0.15690626,-0.14376691,-0.19202894,-0.16261658,-0.18162315,-0.2963242,-0.19729412,-0.18077558,-0.17167234,-0.19223416,-0.15709785,-0.14054683,-0.13011035,-0.12557748,-0.13817671,-0.16297272,-0.30584824,-0.16712612,-0.18043981,-0.19266951,-0.11441202,-0.15025386,-0.14058815,-0.17781755,-0.16651303,-0.16431095,-0.14331086,-0.18237996,-0.12855949,-0.15325886,-0.13642928,-0.24156228,-0.18001907,-0.10297954,-0.13550715,-0.14146973,-0.173824,-0.1104787,-0.1345433,-0.15182884,-0.15942448,-0.18208724,-0.15333079,-0.14853361,-0.19184028,-0.17524883,-0.16385126,-0.14723541,-0.14623587,-0.11499533,-0.10471026,-0.13469148,-0.20148799,-0.17673533,-0.12513243,-0.16685863,-0.18041904,-0.18738703,-0.11705899,-0.17547455,-0.2566139,-0.092356354,-0.09217202,-0.11475612,-0.13555163,-0.14741376,-0.0983855,-0.18844919
k__Bacteria|p__Firmicutes|c__Clostridia|o__Eubacteriales|f__Lachnospiraceae|g__Roseburia|s__Roseburia_sp_AF02_12,-0.1004395,-0.12316422,-0.14116141,-0.20428483,-0.16637781,-0.19308493,-0.1666669,-0.14510685,-0.12497909,-0.18349501,-0.18324056,-0.22271156,-0.16862616,-0.20405614,-0.10325548,-0.09898119,-0.058144663,-0.09992195,-0.107592076,-0.17060673,-0.1978925,-0.12536043,-0.13637558,-0.15246317,-0.17125581,-0.11658599,-0.16726689,-0.17395353,-0.1509206,-0.12124001,-0.13498172,-0.10563252,-0.14806242,-0.1953958,-0.18886846,-0.2175087,-0.16013148,-0.22338755,-0.1961003,-0.29867563,-0.29210672,-0.19774759,-0.10735954,-0.09162698,-0.13691942,-0.1545932,-0.23188588,-0.19308847,-0.14650095,-0.2026537,-0.18336487,-0.18279888,-0.19661647,-0.19759226,-0.20235,-0.15785958,-0.12574498,-0.1437581,-0.09249501,-0.09571527,-0.17122169,-0.14255475,-0.13743341,-0.1468413,-0.12719077,-0.1510321,-0.2613474,-0.22333384,-0.18851621,-0.20047067,-0.1458312,-0.14922205,-0.13058239,-0.14264245,-0.15114681,-0.16423273,-0.14677823,-0.16278498,-0.15896606,-0.14998752,-0.14704774,-0.15674447,-0.15317789,-0.22480208,-0.120334074,-0.14137699,-0.11822526,-0.16115567,-0.17397642,-0.1552062,-0.16793054,-0.11139822,-0.1388583,-0.13027036,-0.12877318,-0.15152657,-0.14259201,-0.115578115,-0.10065024,-0.09059946,-0.10568706,-0.12061021,-0.13496275,-0.15027548,-0.16030374,-0.1185138,-0.11129953,-0.1578567,-0.17738779,-0.13366991,-0.16310862,-0.25953975,-0.1484549,-0.13241583,-0.14135283,-0.15095688,-0.17780018,-0.16301674,-0.22917573,-0.09015879,-0.10999146,-0.13467321,-0.12965138,-0.13997786,-0.17328992,-0.13908121,-0.16057305,-0.12777606,-0.07092635,-0.03704006,-0.13684317,-0.16209972,-0.17857346,-0.14332479,-0.12334781,-0.13569483,-0.12023825,-0.13826233,-0.25318068,-0.26654312,-0.083765976,-0.10945694,-0.14464875,-0.09238048,-0.18726802,-0.18977556,-0.15253218,-0.09042297,-0.13230102,-0.14930406,-0.15012634,-0.15879655,-0.17029965,-0.18377426,-0.087897375,-0.1237206,-0.14106126,-0.10256614,-0.17951453,-0.19495486,-0.19093576,-0.100234225,-0.13113372,-0.079759166,-0.12777996,-0.19006202,-0.19303358,-0.19114317,-0.12362221,-0.07570064,-0.09727348,-0.11838332,-0.13648012,-0.12406494,-0.121451,-0.094624974,-0.096718356,-0.108585805,-0.082459606,-0.11299445,-0.13244021,-0.16703857,-0.1410757,-0.13603783,-0.18093297,-0.17825818,-0.19356789,-0.14444998,-0.15549555,-0.13539992,-0.119081676,-0.14001076,-0.19117098,-0.19049108,-0.1808902,-0.19755594,-0.25103784,-0.20219928,-0.18959066,-0.19038078,-0.18211016,-0.1732179,-0.27554205,-0.08916744,-0.11956477,-0.12765595,-0.15751183,-0.20931396,-0.18224281,-0.29657933,-0.32474133,-0.15021032,-0.3242122,-0.17325558,-0.17108874,-0.2185038,-0.17647925,-0.114121355,-0.13956794,-0.15388772,-0.15788373,-0.22984435,-0.18186735,-0.2544012,-0.10444717,-0.12455491,-0.13848734,-0.12421848,-0.15189947,-0.15525827,-0.15630822,-0.14014931,-0.15141064,-0.16323338,-0.15496498,-0.1534587,-0.15271342,-0.13369846,-0.12299542,-0.14616065,-0.19025208,-0.17681712,-0.21025829,1.7925862,-0.2010121,-0.113524824,-0.1296617,-0.1186844,-0.14782374,-0.16636807,-0.18664914,-0.19119173,-0.13127236,-0.07712071,-0.15306392,-0.13959739,-0.14106366,-0.11818358,-0.19987361,-0.1649412,-0.158151,-0.14113726,-0.1235244,-0.12722544,-0.14610182,-0.2588673,-0.10719071,-0.13074079,-0.09132757,-0.12832497,-0.12929422,-0.14960662,-0.15187323,-0.09649449,-0.08910369,-0.12432884,-0.11053951,-0.13762699,-0.15065065,-0.17011832,-0.1428314,-0.116310805,-0.17363739,-0.151772,-0.14228332,-0.1253126,-0.14213979,-0.17466888,-0.13176009,-0.13216987,-0.14571933,-0.12295334,-0.08722703,-0.05825615,-0.14339519,-0.17082691,-0.026243303,-0.16545516,-0.2829064,-0.31316653,-0.1975095,-0.14555699,-0.14331596,-0.14862512,-0.12963767,-0.25088155,-0.19334845,-0.1882503,-0.09481242,-0.109442934,-0.10702289,-0.094327495,-0.12759323,-0.15262955,-0.15746465,-0.16684029,-0.12812386,-0.0969081,-0.16398169,-0.1438325,-0.11335766,-0.18846886,-0.1706479,-0.15357172,-0.12579729,-0.115196005,-0.1129494,-0.11662802,-0.17597298,-0.13846858,-0.13448928,-0.096878245,-0.12110047,-0.09202482,-0.12434345,-0.13583711,-0.063823454,-0.13877153,-0.11419349,-0.13351753,-0.24483351,-0.2571875,-0.29957527,-0.1460388,-0.15663156,-0.13221556,-0.19104545,-0.0782174,-0.17208453,-0.16397002,-0.09859173,-0.11065883,-0.11483898,-0.076612435,-0.083404,-0.1213824,-0.13072303,-0.13855581,-0.19385117,-0.09922376,-0.15527596,-0.19487974,-0.19060451,-0.18643042,-0.11127494,-0.14282322,-0.10343325,-0.15939274,-0.19373192,-0.17284775,-0.16863582,-0.1426772,-0.1423792,-0.10152591,-0.15304905,-0.16130804,-0.18043356,-0.1945037,-0.12134181,-0.14736474,-0.11385447,-0.08045206,-0.14254841,-0.20725825,-0.16051583,-0.125103,-0.15657571,-0.15690626,-0.14335343,-0.19202894,-0.162268,-0.18183076,-0.2963242,-0.19600694,-0.18028194,-0.17112121,-0.19225794,-0.15701815,-0.14054683,-0.13025655,-0.12557748,-0.13817918,-0.16209477,-0.30584824,-0.16628073,-0.18092829,-0.19215252,-0.11441202,-0.15045424,-0.14030579,-0.17758995,-0.16663896,-0.16433945,-0.14331086,-0.18237996,-0.12794618,-0.15298793,-0.13688487,-0.24156228,-0.17878237,-0.10325506,-0.13496247,-0.14203557,-0.17431271,-0.11023462,-0.13442543,-0.15243076,-0.15979958,-0.18132798,-0.15422657,-0.1490646,-0.19184028,-0.17497557,-0.16416362,-0.14723541,-0.14623587,-0.11499533,-0.10471026,-0.13487585,-0.20148799,-0.17683783,-0.12513243,-0.1651991,-0.18041904,-0.18738703,-0.11705899,-0.17673275,-0.25825804,-0.09269199,-0.09243083,-0.114650875,-0.13596225,-0.1478383,-0.09849046,-0.18875405
k__Bacteria|p__Firmicutes|c__Clostridia|o__Eubacteriales|f__Clostridiaceae|g__Clostridium|s__Clostridium_sp_AF34_10BH,-0.1004395,-0.12316422,-0.14183371,-0.20428483,-0.16709441,-0.19313587,-0.1666669,-0.1451944,-0.12502861,-0.18339306,-0.18324353,-0.22706118,-0.16852468,-0.20553689,-0.103318505,-0.099645555,-0.058144663,-0.100239515,-0.107934564,-0.17100859,-0.1978925,-0.12536043,-0.13648972,-0.1525192,-0.17153165,-0.11658599,-0.16749153,-0.17408277,-0.1509206,-0.12124001,-0.13525832,-0.10579176,-0.14848366,-0.19557807,-0.18912335,-0.2175087,-0.16094787,-0.22338755,-0.19721068,-0.29867563,-0.29210672,-0.19821644,-0.1073927,-0.09162698,-0.13691942,-0.15531392,-0.23188588,-0.19373593,-0.14627671,-0.2026537,-0.18333286,-0.18279888,-0.19719711,-0.198544,-0.20393029,-0.1576524,-0.12595469,-0.14396073,-0.09250195,-0.09589952,-0.17123094,-0.14262792,-0.13743341,-0.14708889,-0.12719077,-0.15123974,-0.2613474,-0.22333384,-0.18891087,-0.20047067,-0.14584392,-0.14931118,-0.13088748,-0.14299884,-0.15095314,-0.1642603,-0.14653039,-0.16278498,-0.15927103,-0.14998752,-0.14740214,-0.15709467,-0.15336125,-0.22480208,-0.120334074,-0.14172778,-0.11863949,-0.16109435,-0.17407869,-0.15579477,-0.16815525,-0.11139822,-0.1388583,-0.13027036,-0.12872005,-0.15152657,-0.14255679,-0.11555832,-0.10065024,-0.09077264,-0.10572727,-0.12073244,-0.1352152,-0.15027548,-0.1604304,-0.1185138,-0.11129953,-0.1578567,-0.17738779,-0.13363719,-0.16404077,-0.25953975,-0.14874528,-0.1327722,-0.14180623,-0.15095688,-0.17780018,-0.16356519,-0.22917573,-0.09015879,-0.11044216,-0.13498358,-0.12980412,-0.13997786,-0.1737952,-0.13908121,-0.16057305,-0.12777606,-0.07092635,-0.03704006,-0.13737348,-0.1622537,-0.17891121,-0.14332479,-0.12334781,-0.13574424,-0.12023825,-0.13853511,-0.25318068,-0.26654312,-0.08377349,-0.10945694,-0.14461836,-0.09238048,-0.18768689,-0.19036888,-0.15294823,-0.090552524,-0.13230102,-0.14972949,-0.15047926,-0.15907177,-0.17058264,-0.183599,-0.088180706,-0.124020286,-0.141698,-0.10256614,-0.17951453,-0.19495486,-0.19093326,-0.10022631,-0.13113372,-0.08004168,-0.12823193,-0.19006202,-0.19323963,-0.19152352,-0.12381144,-0.07552144,-0.09722726,-0.11872844,-0.13676822,-0.12406494,-0.121451,-0.094778895,-0.096845895,-0.10872921,-0.082459606,-0.11293778,-0.13248372,-0.16720754,-0.1410757,-0.136462,-0.18093297,-0.17825818,-0.19397552,-0.14482327,-0.15549555,-0.13564892,-0.119081676,-0.14001076,-0.19117098,-0.19110948,-0.1813913,-0.19755594,-0.25103784,-0.20219928,-0.18969864,-0.19094577,-0.18236573,-0.17388058,-0.27554205,-0.08916744,-0.11956477,-0.12805274,-0.15751183,-0.20931396,-0.18224281,-0.29657933,-0.32474133,-0.15308252,-0.3242122,-0.17325558,-0.17108874,-0.2185038,-0.17647925,-0.114121355,-0.13996854,-0.15388772,-0.15788373,-0.22984435,-0.18186735,-0.25571102,-0.104619086,-0.12455491,-0.13866244,-0.12432657,-0.15189947,-0.15523884,-0.15617129,-0.14014931,-0.15141064,-0.16318001,-0.15538456,-0.15355581,-0.15326977,-0.1339473,-0.12311538,-0.14629845,-0.19023155,-0.1770971,-0.21025829,2.2478523,-0.20234425,-0.11359234,-0.1296617,-0.118652776,-0.14810611,-0.16636807,-0.1865966,-0.19147976,-0.13195932,-0.07667533,-0.1532171,-0.13990599,-0.14106366,-0.11875907,-0.19987361,-0.1649412,-0.15865341,-0.14168358,-0.12382114,-0.12722544,-0.14610182,-0.2588673,-0.10758576,-0.13074079,-0.09132757,-0.12832497,-0.12935212,-0.15000275,-0.15186048,-0.096546695,-0.08910369,-0.12457438,-0.11085215,-0.13807823,-0.15097034,-0.17042355,-0.1430091,-0.11645618,-0.17411828,-0.15195788,-0.14255205,-0.12556458,-0.14197856,-0.17466888,-0.13176009,-0.13223463,-0.14593372,-0.123037994,-0.08722703,-0.05825615,-0.1436716,-0.17082691,-0.026243303,-0.16703586,-0.2829064,-0.31316653,-0.19795772,-0.14580148,-0.14331596,-0.14862512,-0.12963767,-0.25088155,-0.19360098,-0.18829724,-0.094847634,-0.109443754,-0.10702289,-0.09405336,-0.12759323,-0.15317613,-0.15746465,-0.16701216,-0.12812386,-0.0969081,-0.16398169,-0.14407025,-0.11335766,-0.18846886,-0.1706479,-0.15392862,-0.12578154,-0.115196005,-0.113113254,-0.11662802,-0.175942,-0.13862827,-0.13448073,-0.096878245,-0.12128182,-0.09202209,-0.12434345,-0.13600037,-0.063823454,-0.13877153,-0.11419349,-0.13410428,-0.24483351,-0.2571875,-0.29957527,-0.14632285,-0.15678464,-0.13230462,-0.19104545,-0.0782174,-0.17194065,-0.16447183,-0.09859173,-0.11065883,-0.11487247,-0.076612435,-0.083404,-0.1213824,-0.13072303,-0.13855581,-0.19385117,-0.09920211,-0.1558078,-0.19487974,-0.19091836,-0.18680197,-0.11141066,-0.14323115,-0.102975786,-0.15928668,-0.19395377,-0.17304811,-0.16919921,-0.14297134,-0.14258267,-0.102036685,-0.15347183,-0.16165462,-0.18083446,-0.19493255,-0.12135132,-0.14741462,-0.11385131,-0.08022195,-0.14354672,-0.20725825,-0.1607249,-0.125103,-0.15657571,-0.15690626,-0.14374721,-0.19202894,-0.16269447,-0.18184328,-0.2963242,-0.19717596,-0.18091874,-0.1718286,-0.19287187,-0.15765145,-0.14054683,-0.13052274,-0.12557748,-0.13850304,-0.16362558,-0.30584824,-0.16660756,-0.18092081,-0.192437,-0.11441202,-0.15088819,-0.14081016,-0.17809841,-0.16690108,-0.16447096,-0.14331086,-0.18237996,-0.12823683,-0.15358977,-0.13779306,-0.24156228,-0.17923295,-0.10341114,-0.13547897,-0.1419718,-0.17452557,-0.11044946,-0.13473633,-0.15232268,-0.16002065,-0.18165064,-0.15418914,-0.14940059,-0.19184028,-0.17541635,-0.1639806,-0.14723541,-0.14623587,-0.11499533,-0.10471026,-0.13539386,-0.20148799,-0.17697304,-0.12513243,-0.16608304,-0.18041904,-0.18738703,-0.11705899,-0.17595768,-0.2582965,-0.09280272,-0.09245784,-0.11498846,-0.13614988,-0.14816555,-0.09867901,-0.18896881
k__Bacteria|p__Firmicutes|c__CFGB75721|o__OFGB75721|f__FGB75721|g__GGB9524|s__GGB9524_SGB14924,-0.1004395,-0.12316422,-0.14171588,-0.20428483,-0.16623622,-0.19289778,-0.1666669,-0.14456716,-0.124646306,-0.182216,-0.18269524,-0.23461822,-0.1686694,-0.20724154,-0.10361584,-0.100207545,-0.058144663,-0.09972265,-0.10797472,-0.1698398,-0.1978925,-0.12536043,-0.1357273,-0.15150169,-0.17102179,-0.11658599,-0.1662206,-0.17277181,-0.1509206,-0.12124001,-0.134492,-0.10628835,-0.14774476,-0.19566695,-0.18839358,-0.2175087,-0.16014582,-0.22338755,-0.19694963,-0.29867563,-0.29210672,-0.19819719,-0.10732672,-0.09162698,-0.13691942,-0.15438348,-0.23188588,-0.19298601,-0.14624724,-0.2026537,-0.18251765,-0.18279888,-0.1975747,-0.19962758,-0.20624106,-0.1562648,-0.1256131,-0.14339535,-0.09217438,-0.09598924,-0.1702281,-0.14170793,-0.13743341,-0.14647149,-0.12719077,-0.15041491,-0.2613474,-0.22333384,-0.18778808,-0.20047067,-0.14518991,-0.14866887,-0.1308057,-0.1425336,-0.15000239,-0.16309983,-0.145717,-0.16278498,-0.15888608,-0.14998752,-0.1463579,-0.15669641,-0.15252832,-0.22480208,-0.120334074,-0.1409764,-0.11826835,-0.15992579,-0.17307137,-0.15536922,-0.16712236,-0.11139822,-0.1388583,-0.13027036,-0.12813316,-0.15152657,-0.14158508,-0.115272574,-0.10065024,-0.09088193,-0.10554602,-0.12038338,-0.13460171,-0.15027548,-0.15938476,-0.1185138,-0.11129953,-0.1578567,-0.17738779,-0.13383219,-0.16370416,-0.25953975,-0.14809875,-0.1325244,-0.1417337,-0.15095688,-0.17780018,-0.16323352,-0.22917573,-0.09015879,-0.109780565,-0.1343995,-0.12965354,-0.13997786,-0.17303628,-0.13908121,-0.16057305,-0.12777606,-0.07092635,-0.03704006,-0.13672921,-0.16120115,-0.17782938,-0.14332479,-0.12334781,-0.13517568,-0.12023825,-0.13797578,-0.25318068,-0.26654312,-0.08390543,-0.10945694,-0.14389676,-0.09238048,-0.186575,-0.18974993,-0.15280478,-0.09063104,-0.13230102,-0.1488722,-0.14986669,-0.1583972,-0.16980681,-0.18253678,-0.08848859,-0.12371584,-0.14080396,-0.10256614,-0.17951453,-0.19495486,-0.19055712,-0.10039058,-0.13113372,-0.081163704,-0.12762472,-0.19006202,-0.19274023,-0.19105232,-0.12292252,-0.076063015,-0.09760921,-0.118714966,-0.13617477,-0.12406494,-0.121451,-0.0951095,-0.0971926,-0.10864984,-0.082459606,-0.113044396,-0.13177446,-0.16601747,-0.1410757,-0.13594061,-0.18093297,-0.17825818,-0.1940198,-0.14445958,-0.15549555,-0.13517949,-0.119081676,-0.14001076,-0.19117098,-0.19102207,-0.18085271,-0.19755594,-0.25103784,-0.20219928,-0.18897678,-0.19039364,-0.18184012,-0.1735046,-0.27554205,-0.08916744,-0.11956477,-0.12742029,-0.15751183,-0.20931396,-0.18224281,-0.29657933,-0.32474133,-0.15273273,-0.3242122,-0.17325558,-0.17108874,-0.2185038,-0.17647925,-0.114121355,-0.13955638,-0.15388772,-0.15788373,-0.22984435,-0.18186735,-0.2610781,-0.1046767,-0.12455491,-0.13792805,-0.123812415,-0.15189947,-0.15422747,-0.15527429,-0.14014931,-0.15141064,-0.16205852,-0.15457298,-0.1528655,-0.15275565,-0.13393389,-0.12272619,-0.14547028,-0.18910922,-0.17644627,-0.21025829,4.212054,-0.20385268,-0.11344811,-0.1296617,-0.118661895,-0.1472624,-0.16636807,-0.18527934,-0.19070202,-0.13120805,-0.07737284,-0.15229887,-0.13928245,-0.14106366,-0.11712399,-0.19987361,-0.1649412,-0.15794712,-0.14157182,-0.12355781,-0.12722544,-0.14610182,-0.2588673,-0.1074415,-0.13074079,-0.09132757,-0.12832497,-0.12861171,-0.14896417,-0.15090719,-0.096574485,-0.08910369,-0.124122605,-0.11060119,-0.13745627,-0.15011683,-0.16959527,-0.14244714,-0.11598435,-0.17292723,-0.15124345,-0.14180696,-0.1256868,-0.1409995,-0.17466888,-0.13176009,-0.13191074,-0.1452961,-0.123021334,-0.08722703,-0.05825615,-0.14300457,-0.17082691,-0.026243303,-0.16602811,-0.2829064,-0.31316653,-0.19881631,-0.14510795,-0.14331596,-0.14862512,-0.12963767,-0.25088155,-0.1936397,-0.18764742,-0.09489263,-0.109305784,-0.10702289,-0.09427849,-0.12759323,-0.15210429,-0.15746465,-0.16640308,-0.12812386,-0.0969081,-0.16398169,-0.1426635,-0.11335766,-0.18846886,-0.1706479,-0.15340807,-0.12565017,-0.115196005,-0.11304872,-0.11662802,-0.17483303,-0.13808224,-0.13420981,-0.096878245,-0.1213643,-0.09189591,-0.12434345,-0.13490975,-0.063823454,-0.13877153,-0.11419349,-0.13347334,-0.24483351,-0.2571875,-0.29957527,-0.14581889,-0.1562041,-0.13211885,-0.19104545,-0.0782174,-0.17207018,-0.16351464,-0.09859173,-0.11065883,-0.11393319,-0.076612435,-0.083404,-0.1213824,-0.13072303,-0.13855581,-0.19385117,-0.09971233,-0.15496655,-0.19487974,-0.19022202,-0.18627101,-0.11115047,-0.14257312,-0.10294901,-0.15821424,-0.19347082,-0.17193715,-0.16831681,-0.14237028,-0.14225823,-0.1023288,-0.15266004,-0.16077964,-0.18023303,-0.19471315,-0.12099679,-0.14668192,-0.11349833,-0.08034296,-0.14282407,-0.20725825,-0.16009258,-0.125103,-0.15657571,-0.15690626,-0.14318842,-0.19202894,-0.16174507,-0.1808012,-0.2963242,-0.19952986,-0.18084337,-0.17108727,-0.19278407,-0.15734652,-0.14054683,-0.13010111,-0.12557748,-0.13797602,-0.16294761,-0.30584824,-0.16628179,-0.1804145,-0.19176836,-0.11441202,-0.14982688,-0.14008999,-0.17706801,-0.1662614,-0.16362774,-0.14331086,-0.18237996,-0.12828535,-0.15277962,-0.13790685,-0.24156228,-0.17873503,-0.10341622,-0.13483661,-0.14150041,-0.1734975,-0.11032536,-0.13424744,-0.15124494,-0.15927161,-0.18111487,-0.15355456,-0.14859025,-0.19184028,-0.17460713,-0.16306484,-0.14723541,-0.14623587,-0.11499533,-0.10471026,-0.13463119,-0.20148799,-0.17600334,-0.12513243,-0.16467167,-0.18041904,-0.18738703,-0.11705899,-0.1753247,-0.2601161,-0.093009345,-0.092555776,-0.11481146,-0.13573462,-0.14768688,-0.098891675,-0.18781993
k__Bacteria|p__Firmicutes|c__Clostridia|o__Eubacteriales|f__Oscillospiraceae|g__Dysosmobacter|s__Dysosmobacter_sp_NSJ_60,-0.1004395,-0.12316422,-0.14132932,-0.20428483,-0.1664288,-0.19350865,-0.1666669,-0.14526495,-0.12403388,-0.18318038,-0.18331698,-0.23966001,-0.16840914,-0.21169859,-0.10361175,-0.100410745,-0.058144663,-0.10054354,-0.10765885,-0.17039509,-0.1978925,-0.12536043,-0.13624544,-0.15235612,-0.17163937,-0.11658599,-0.1663008,-0.17404145,-0.1509206,-0.12124001,-0.13436677,-0.10579875,-0.14765295,-0.19678706,-0.18914826,-0.2175087,-0.16003102,-0.22338755,-0.19718853,-0.29867563,-0.29210672,-0.19933526,-0.10775327,-0.09162698,-0.13691942,-0.15462917,-0.23188588,-0.1935178,-0.14653586,-0.2026537,-0.18261236,-0.18279888,-0.19810335,-0.20062917,-0.20814806,-0.15826175,-0.12590164,-0.14400303,-0.09225237,-0.0958723,-0.17097254,-0.14231424,-0.13743341,-0.14693832,-0.12719077,-0.15028097,-0.2613474,-0.22333384,-0.18880516,-0.20047067,-0.14611515,-0.1491491,-0.13081264,-0.14296892,-0.15152082,-0.16455698,-0.14638565,-0.16278498,-0.15904057,-0.14998752,-0.14643851,-0.15686208,-0.15292747,-0.22480208,-0.120334074,-0.14118841,-0.11828935,-0.16109544,-0.17424102,-0.15525171,-0.16757597,-0.11139822,-0.1388583,-0.13027036,-0.1282976,-0.15152657,-0.1412706,-0.11546639,-0.10065024,-0.09055113,-0.105819225,-0.12081548,-0.13496979,-0.15027548,-0.16003022,-0.1185138,-0.11129953,-0.1578567,-0.17738779,-0.13453314,-0.16258435,-0.25953975,-0.14833878,-0.13223577,-0.14175528,-0.15095688,-0.17780018,-0.16316015,-0.22917573,-0.09015879,-0.10943704,-0.13453093,-0.12990558,-0.13997786,-0.17320806,-0.13908121,-0.16057305,-0.12777606,-0.07092635,-0.03704006,-0.13679042,-0.16177139,-0.17857844,-0.14332479,-0.12334781,-0.13503686,-0.12023825,-0.13810647,-0.25318068,-0.26654312,-0.08375299,-0.10945694,-0.14452283,-0.09238048,-0.1868843,-0.19026785,-0.15259278,-0.09050605,-0.13230102,-0.1490092,-0.15017892,-0.15900837,-0.17029712,-0.18369184,-0.088034734,-0.12430794,-0.14179367,-0.10256614,-0.17951453,-0.19495486,-0.19181696,-0.10025502,-0.13113372,-0.08102804,-0.12760532,-0.19006202,-0.19371492,-0.19164345,-0.12380099,-0.07566704,-0.09757352,-0.11863984,-0.13639987,-0.12406494,-0.121451,-0.09522107,-0.09708432,-0.10857685,-0.082459606,-0.113148116,-0.13210347,-0.16710828,-0.1410757,-0.1356466,-0.18093297,-0.17825818,-0.19454116,-0.14437573,-0.15549555,-0.1356028,-0.119081676,-0.14001076,-0.19117098,-0.19181456,-0.18116933,-0.19755594,-0.25103784,-0.20219928,-0.18887609,-0.1902544,-0.18215042,-0.17316882,-0.27554205,-0.08916744,-0.11956477,-0.12670726,-0.15751183,-0.20931396,-0.18224281,-0.29657933,-0.32474133,-0.14820799,-0.3242122,-0.17325558,-0.17108874,-0.2185038,-0.17647925,-0.114121355,-0.13919565,-0.15388772,-0.15788373,-0.22984435,-0.18186735,-0.26290023,-0.104667574,-0.12455491,-0.13802953,-0.123840496,-0.15189947,-0.15526831,-0.15625408,-0.14014931,-0.15141064,-0.16314441,-0.15477404,-0.15339664,-0.15270483,-0.1338954,-0.12252212,-0.14542824,-0.19032818,-0.17740247,-0.21025829,0.43295935,-0.20376417,-0.11366666,-0.1296617,-0.11924012,-0.14731327,-0.16636807,-0.18662213,-0.19115692,-0.13098645,-0.07676013,-0.15282492,-0.13911107,-0.14106366,-0.11802659,-0.19987361,-0.1649412,-0.15766504,-0.1413198,-0.123471126,-0.12722544,-0.14610182,-0.2588673,-0.107334524,-0.13074079,-0.09132757,-0.12832497,-0.12900239,-0.14900213,-0.15181214,-0.09673385,-0.08910369,-0.124221385,-0.11040148,-0.13758689,-0.15018463,-0.17038089,-0.14269593,-0.115444295,-0.17374057,-0.15141231,-0.14228237,-0.1255224,-0.14199685,-0.17466888,-0.13176009,-0.13180023,-0.14574824,-0.1232728,-0.08722703,-0.05825615,-0.14336959,-0.17082691,-0.026243303,-0.16562855,-0.2829064,-0.31316653,-0.1989823,-0.1455828,-0.14331596,-0.14862512,-0.12963767,-0.25088155,-0.19476339,-0.18844233,-0.09449442,-0.10956056,-0.10702289,-0.09476958,-0.12759323,-0.15207064,-0.15746465,-0.1673195,-0.12812386,-0.0969081,-0.16398169,-0.14370805,-0.11335766,-0.18846886,-0.1706479,-0.15360326,-0.12575424,-0.115196005,-0.113113895,-0.11662802,-0.17595258,-0.13861275,-0.13481668,-0.096878245,-0.12155685,-0.09196293,-0.12434345,-0.13522083,-0.063823454,-0.13877153,-0.11419349,-0.13326879,-0.24483351,-0.2571875,-0.29957527,-0.14632645,-0.15669826,-0.13215058,-0.19104545,-0.0782174,-0.17245325,-0.16393924,-0.09859173,-0.11065883,-0.114145026,-0.076612435,-0.083404,-0.1213824,-0.13072303,-0.13855581,-0.19385117,-0.09989956,-0.15498355,-0.19487974,-0.19041067,-0.18671647,-0.11114785,-0.14278924,-0.103228346,-0.15932083,-0.19438446,-0.17370132,-0.1682031,-0.14272046,-0.14276722,-0.10155437,-0.15287697,-0.16132288,-0.18026263,-0.19546974,-0.1212824,-0.14752665,-0.113333836,-0.07996738,-0.14264733,-0.20725825,-0.16050595,-0.125103,-0.15657571,-0.15690626,-0.1433347,-0.19202894,-0.16182846,-0.18150982,-0.2963242,-0.19762608,-0.17997754,-0.17107907,-0.19298957,-0.15719752,-0.14054683,-0.1302146,-0.12557748,-0.13799989,-0.16206613,-0.30584824,-0.16562471,-0.18088916,-0.19217867,-0.11441202,-0.15003878,-0.1402628,-0.17757359,-0.1666471,-0.1643061,-0.14331086,-0.18237996,-0.12767899,-0.15278089,-0.13714173,-0.24156228,-0.17852901,-0.1034479,-0.13463593,-0.14208698,-0.17450282,-0.10993928,-0.13401338,-0.15224847,-0.16053629,-0.18116134,-0.15443407,-0.14909376,-0.19184028,-0.17481805,-0.16409686,-0.14723541,-0.14623587,-0.11499533,-0.10471026,-0.13459909,-0.20148799,-0.17684959,-0.12513243,-0.16491503,-0.18041904,-0.18738703,-0.11705899,-0.17676215,-0.26116312,-0.09297015,-0.09247443,-0.11445763,-0.13609803,-0.148093,-0.09833881,-0.18870872
k__Bacteria|p__Firmicutes|c__Clostridia|o__Eubacteriales|f__Clostridiaceae|g__Clostridium|s__Clostridium_sp_AF36_4,-0.1004395,-0.12316422,-0.14186832,-0.20428483,-0.16680017,-0.19308744,-0.1666669,-0.1447725,-0.12493919,-0.18297713,-0.18347095,-0.22932084,-0.16938198,-0.20602645,-0.103081286,-0.0995335,-0.058144663,-0.0994968,-0.10778207,-0.1703999,-0.1978925,-0.12536043,-0.13597733,-0.15177888,-0.17120695,-0.11658599,-0.16696775,-0.17330657,-0.1509206,-0.12124001,-0.13484277,-0.105909236,-0.14818247,-0.19573727,-0.1887657,-0.2175087,-0.16078788,-0.22338755,-0.19728693,-0.29867563,-0.29210672,-0.19810781,-0.1070296,-0.09162698,-0.13691942,-0.1548973,-0.23188588,-0.19349867,-0.14629154,-0.2026537,-0.18343538,-0.18279888,-0.19748774,-0.19909008,-0.20442386,-0.15699485,-0.12553933,-0.14351238,-0.091863126,-0.09558103,-0.17074986,-0.14182094,-0.13743341,-0.14668636,-0.12719077,-0.150976,-0.2613474,-0.22333384,-0.18845901,-0.20047067,-0.14526804,-0.14891212,-0.13069174,-0.14262818,-0.15008694,-0.16341567,-0.14594904,-0.16278498,-0.15925808,-0.14998752,-0.14685556,-0.15697013,-0.15284842,-0.22480208,-0.120334074,-0.14128354,-0.118273705,-0.16032901,-0.17356333,-0.15560083,-0.16763629,-0.11139822,-0.1388583,-0.13027036,-0.12826607,-0.15152657,-0.14212367,-0.11518529,-0.10065024,-0.09057238,-0.10531987,-0.12028776,-0.13475591,-0.15027548,-0.15984234,-0.1185138,-0.11129953,-0.1578567,-0.17738779,-0.13333957,-0.16406265,-0.25953975,-0.14845571,-0.13269243,-0.1416648,-0.15095688,-0.17780018,-0.16362506,-0.22917573,-0.09015879,-0.11004841,-0.13457568,-0.12955342,-0.13997786,-0.17355737,-0.13908121,-0.16057305,-0.12777606,-0.07092635,-0.03704006,-0.13708328,-0.16165785,-0.17838565,-0.14332479,-0.12334781,-0.13549353,-0.12023825,-0.13806185,-0.25318068,-0.26654312,-0.08338082,-0.10945694,-0.14400008,-0.09238048,-0.18739727,-0.19015679,-0.15299395,-0.090211645,-0.13230102,-0.14934969,-0.15015374,-0.15867501,-0.17022052,-0.18285373,-0.08794132,-0.12354174,-0.14103775,-0.10256614,-0.17951453,-0.19495486,-0.19061604,-0.09995666,-0.13113372,-0.07994271,-0.12781766,-0.19006202,-0.19302073,-0.19135836,-0.12296282,-0.0753006,-0.09703122,-0.118569896,-0.13637,-0.12406494,-0.121451,-0.094512045,-0.096750274,-0.108411655,-0.082459606,-0.1127693,-0.13198557,-0.16651618,-0.1410757,-0.13626868,-0.18093297,-0.17825818,-0.19411379,-0.14458309,-0.15549555,-0.13516805,-0.119081676,-0.14001076,-0.19117098,-0.19114816,-0.18124223,-0.19755594,-0.25103784,-0.20219928,-0.18973151,-0.19096565,-0.18233716,-0.17397384,-0.27554205,-0.08916744,-0.11956477,-0.12786178,-0.15751183,-0.20931396,-0.18224281,-0.29657933,-0.32474133,-0.15379575,-0.3242122,-0.17325558,-0.17108874,-0.2185038,-0.17647925,-0.114121355,-0.13986543,-0.15388772,-0.15788373,-0.22984435,-0.18186735,-0.2587697,-0.104335934,-0.12455491,-0.13824764,-0.123905495,-0.15189947,-0.15447783,-0.15555118,-0.14014931,-0.15141064,-0.16243711,-0.15500605,-0.15310976,-0.15301394,-0.13388817,-0.122829214,-0.1461199,-0.18970677,-0.1769394,-0.21025829,-0.3990198,-0.20361218,-0.113299474,-0.1296617,-0.11838854,-0.14768642,-0.16636807,-0.18587472,-0.19124863,-0.13152853,-0.07659069,-0.15258843,-0.13955858,-0.14106366,-0.11766264,-0.19987361,-0.1649412,-0.15853932,-0.14153898,-0.12353356,-0.12722544,-0.14610182,-0.2588673,-0.10726449,-0.13074079,-0.09132757,-0.12832497,-0.12878168,-0.14949957,-0.15117149,-0.096153006,-0.08910369,-0.12412174,-0.11051476,-0.13770846,-0.15055168,-0.1698921,-0.14260475,-0.1162158,-0.17351283,-0.15161759,-0.14206314,-0.12544446,-0.14141852,-0.17466888,-0.13176009,-0.13195162,-0.14549148,-0.1227009,-0.08722703,-0.05825615,-0.14317971,-0.17082691,-0.026243303,-0.1667358,-0.2829064,-0.31316653,-0.19844149,-0.14536965,-0.14331596,-0.14862512,-0.12963767,-0.25088155,-0.19359025,-0.18796265,-0.09452292,-0.109065905,-0.10702289,-0.09350741,-0.12759323,-0.15272835,-0.15746465,-0.16674247,-0.12812386,-0.0969081,-0.16398169,-0.14306337,-0.11335766,-0.18846886,-0.1706479,-0.15370333,-0.1254178,-0.115196005,-0.11279807,-0.11662802,-0.17536686,-0.13816488,-0.13409635,-0.096878245,-0.12107339,-0.09158032,-0.12434345,-0.13537255,-0.063823454,-0.13877153,-0.11419349,-0.13366234,-0.24483351,-0.2571875,-0.29957527,-0.145977,-0.1564404,-0.13200736,-0.19104545,-0.0782174,-0.17195895,-0.16396233,-0.09859173,-0.11065883,-0.114155665,-0.076612435,-0.083404,-0.1213824,-0.13072303,-0.13855581,-0.19385117,-0.09890026,-0.15535887,-0.19487974,-0.19080141,-0.18657629,-0.11105648,-0.14281406,-0.102619395,-0.15852423,-0.19392788,-0.17226315,-0.16888449,-0.14257935,-0.14229429,-0.10206422,-0.15302789,-0.16128947,-0.18078059,-0.19499336,-0.12093929,-0.14686641,-0.11357399,-0.07993846,-0.1429839,-0.20725825,-0.16037431,-0.125103,-0.15657571,-0.15690626,-0.14349431,-0.19202894,-0.16224311,-0.18126747,-0.2963242,-0.19908029,-0.18121739,-0.17179087,-0.19309232,-0.15755634,-0.14054683,-0.13015592,-0.12557748,-0.1380983,-0.16349229,-0.30584824,-0.16649143,-0.1806396,-0.19242612,-0.11441202,-0.1502516,-0.14047644,-0.17766766,-0.16649726,-0.1640546,-0.14331086,-0.18237996,-0.12831128,-0.15324393,-0.13767941,-0.24156228,-0.17933097,-0.103109464,-0.13514322,-0.14150836,-0.17390873,-0.11024234,-0.13439134,-0.15155154,-0.1595434,-0.18167242,-0.15356451,-0.14878026,-0.19184028,-0.175052,-0.16336042,-0.14723541,-0.14623587,-0.11499533,-0.10471026,-0.13491693,-0.20148799,-0.17642966,-0.12513243,-0.1658031,-0.18041904,-0.18738703,-0.11705899,-0.17524818,-0.25985253,-0.09250113,-0.092160806,-0.114741966,-0.13579921,-0.14779407,-0.09858391,-0.18836229
k__Bacteria|p__Firmicutes|c__Erysipelotrichia|o__Erysipelotrichales|f__Erysipelotrichaceae|g__Longibaculum|s__Longibaculum_muris,-0.1004395,-0.12316422,-0.14161855,-0.20428483,-0.16704383,-0.19386455,-0.1666669,-0.14505476,-0.12484617,-0.18373159,-0.18365875,-0.22534084,-0.16897473,-0.20514862,-0.10280897,-0.09881008,-0.058144663,-0.09939812,-0.10744277,-0.17107543,-0.1978925,-0.12536043,-0.13634753,-0.15243888,-0.17160958,-0.11658599,-0.16756785,-0.17412542,-0.1509206,-0.12124001,-0.13502009,-0.10538699,-0.14835657,-0.1959788,-0.18936329,-0.2175087,-0.16099334,-0.22338755,-0.19715853,-0.29867563,-0.29210672,-0.19842955,-0.106946334,-0.09162698,-0.13691942,-0.15498815,-0.23188588,-0.1940471,-0.14660381,-0.2026537,-0.1840299,-0.18279888,-0.19748978,-0.19872704,-0.2033504,-0.15759534,-0.12560278,-0.1438055,-0.09191662,-0.095277816,-0.17149813,-0.14243722,-0.13743341,-0.14696598,-0.12719077,-0.15127265,-0.2613474,-0.22333384,-0.18913682,-0.20047067,-0.14576453,-0.14927916,-0.13063844,-0.1427348,-0.15086687,-0.16423464,-0.14671789,-0.16278498,-0.1595135,-0.14998752,-0.14717674,-0.15715803,-0.15336972,-0.22480208,-0.120334074,-0.14146312,-0.118135534,-0.16116354,-0.1742672,-0.1557146,-0.16828516,-0.11139822,-0.1388583,-0.13027036,-0.12853378,-0.15152657,-0.14255494,-0.11522566,-0.10065024,-0.09003268,-0.10517265,-0.120352596,-0.13494384,-0.15027548,-0.16041613,-0.1185138,-0.11129953,-0.1578567,-0.17738779,-0.13364473,-0.16390166,-0.25953975,-0.14869416,-0.1325469,-0.14153907,-0.15095688,-0.17780018,-0.16381592,-0.22917573,-0.09015879,-0.10987645,-0.13466732,-0.12954049,-0.13997786,-0.17385639,-0.13908121,-0.16057305,-0.12777606,-0.07092635,-0.03704006,-0.13705271,-0.16225888,-0.179028,-0.14332479,-0.12334781,-0.135634,-0.12023825,-0.13812897,-0.25318068,-0.26654312,-0.083078146,-0.10945694,-0.14443626,-0.09238048,-0.18798521,-0.19045445,-0.15284093,-0.089918815,-0.13230102,-0.1495467,-0.15034023,-0.15904918,-0.17071721,-0.1839458,-0.08749214,-0.12364098,-0.14113119,-0.10256614,-0.17951453,-0.19495486,-0.19138207,-0.09976485,-0.13113372,-0.079112425,-0.12758093,-0.19006202,-0.1936057,-0.19185597,-0.12330233,-0.07490818,-0.09681377,-0.118242286,-0.136416,-0.12406494,-0.121451,-0.09416945,-0.0962318,-0.108183324,-0.082459606,-0.11258484,-0.13217151,-0.16719839,-0.1410757,-0.1362311,-0.18093297,-0.17825818,-0.1944176,-0.14467469,-0.15549555,-0.13534841,-0.119081676,-0.14001076,-0.19117098,-0.19139303,-0.18168114,-0.19755594,-0.25103784,-0.20219928,-0.19044626,-0.19130717,-0.18267772,-0.17403452,-0.27554205,-0.08916744,-0.11956477,-0.12767456,-0.15751183,-0.20931396,-0.18224281,-0.29657933,-0.32474133,-0.152406,-0.3242122,-0.17325558,-0.17108874,-0.2185038,-0.17647925,-0.114121355,-0.1398348,-0.15388772,-0.15788373,-0.22984435,-0.18186735,-0.2563496,-0.10410929,-0.12455491,-0.13842013,-0.12397894,-0.15189947,-0.15517965,-0.15625902,-0.14014931,-0.15141064,-0.16325514,-0.1553345,-0.15361202,-0.15306443,-0.13371664,-0.12283148,-0.14635848,-0.19053076,-0.17733908,-0.21025829,-0.3990198,-0.2029356,-0.113185525,-0.1296617,-0.11835697,-0.14786115,-0.16636807,-0.1868738,-0.19181326,-0.1314413,-0.07626503,-0.15311138,-0.13964069,-0.14106366,-0.11794603,-0.19987361,-0.1649412,-0.15872264,-0.14146349,-0.123340786,-0.12722544,-0.14610182,-0.2588673,-0.10697836,-0.13074079,-0.09132757,-0.12832497,-0.12903404,-0.14978448,-0.15181682,-0.09593961,-0.08910369,-0.12412974,-0.110248335,-0.1377792,-0.15081553,-0.17045042,-0.14288726,-0.116180204,-0.17406155,-0.15189558,-0.14231718,-0.12525448,-0.1420342,-0.17466888,-0.13176009,-0.13216543,-0.14572707,-0.12269367,-0.08722703,-0.05825615,-0.14340046,-0.17082691,-0.026243303,-0.1665647,-0.2829064,-0.31316653,-0.19863185,-0.14567,-0.14331596,-0.14862512,-0.12963767,-0.25088155,-0.19413094,-0.18879378,-0.09426768,-0.10905673,-0.10702289,-0.093434855,-0.12759323,-0.15295544,-0.15746465,-0.16717699,-0.12812386,-0.0969081,-0.16398169,-0.14364144,-0.11335766,-0.18846886,-0.1706479,-0.15396029,-0.12565932,-0.115196005,-0.11265939,-0.11662802,-0.17617048,-0.13843198,-0.1342912,-0.096878245,-0.12089313,-0.09133847,-0.12434345,-0.1357424,-0.063823454,-0.13877153,-0.11419349,-0.13360721,-0.24483351,-0.2571875,-0.29957527,-0.14620012,-0.15681833,-0.1321406,-0.19104545,-0.0782174,-0.1725674,-0.16427678,-0.09859173,-0.11065883,-0.11440263,-0.076612435,-0.083404,-0.1213824,-0.13072303,-0.13855581,-0.19385117,-0.09884077,-0.15566403,-0.19487974,-0.19133095,-0.18706796,-0.11099045,-0.14297974,-0.10281105,-0.15934123,-0.19442165,-0.17307281,-0.16905892,-0.14277661,-0.14247468,-0.101455994,-0.15323058,-0.16161886,-0.18108526,-0.19528306,-0.12107061,-0.14729816,-0.113508075,-0.07964158,-0.14294168,-0.20725825,-0.16088703,-0.125103,-0.15657571,-0.15690626,-0.14361775,-0.19202894,-0.16268867,-0.18218482,-0.2963242,-0.1981463,-0.18111439,-0.17165491,-0.19321945,-0.1574345,-0.14054683,-0.13021347,-0.12557748,-0.13821547,-0.1631458,-0.30584824,-0.16703203,-0.18121986,-0.19291112,-0.11441202,-0.15051693,-0.1405001,-0.17820844,-0.16700283,-0.16458945,-0.14331086,-0.18237996,-0.12819235,-0.15338632,-0.1372794,-0.24156228,-0.1796247,-0.10290919,-0.13515896,-0.14193508,-0.17459536,-0.11004968,-0.1344848,-0.15230559,-0.15998912,-0.18207496,-0.15422572,-0.14915228,-0.19184028,-0.17559706,-0.16424617,-0.14723541,-0.14623587,-0.11499533,-0.10471026,-0.1349326,-0.20148799,-0.17722216,-0.12513243,-0.16589949,-0.18041904,-0.18738703,-0.11705899,-0.1765635,-0.2594493,-0.09217371,-0.09187601,-0.114523806,-0.13590166,-0.14794882,-0.09816022,-0.1892551
k__Bacteria|p__Firmicutes|c__Bacilli|o__Lactobacillales|f__Streptococcaceae|g__Streptococcus|s__Streptococcus_SGB14888,-0.1004395,-0.12316422,-0.14050457,-0.20428483,-0.16543967,-0.1937823,-0.1666669,-0.14549965,-0.12430853,-0.1851211,-0.18166947,-0.22363354,-0.1703222,-0.2046668,-0.10309981,-0.09895099,-0.058144663,-0.10056535,-0.106990844,-0.17115879,-0.1978925,-0.12536043,-0.13676268,-0.15324667,-0.17182422,-0.11658599,-0.16742697,-0.17503896,-0.1509206,-0.12124001,-0.13496983,-0.10495732,-0.14802015,-0.19622622,-0.1901688,-0.2175087,-0.1585964,-0.22338755,-0.19592018,-0.29867563,-0.29210672,-0.19909768,-0.107605785,-0.09162698,-0.13691942,-0.15439759,-0.23188588,-0.19354746,-0.14701399,-0.2026537,-0.1816604,-0.18279888,-0.19655833,-0.19780949,-0.20438449,-0.16123751,-0.12594293,-0.14432853,-0.092551425,-0.09565476,-0.17202452,-0.14310724,-0.13743341,-0.14704522,-0.12719077,-0.1512107,-0.2613474,-0.22333384,-0.18837342,-0.20047067,-0.14665303,-0.1496147,-0.13070431,-0.14308876,-0.1529991,-0.16535091,-0.14779715,-0.16278498,-0.15808564,-0.14998752,-0.14732164,-0.15655388,-0.1536701,-0.22480208,-0.120334074,-0.14159423,-0.11805397,-0.16230989,-0.17480975,-0.15459019,-0.16871259,-0.11139822,-0.1388583,-0.13027036,-0.1294029,-0.15152657,-0.14257462,-0.116047904,-0.10065024,-0.0902127,-0.106094316,-0.12108357,-0.13534333,-0.15027548,-0.16108951,-0.1185138,-0.11129953,-0.1578567,-0.17738779,-0.13451731,-0.16238639,-0.25953975,-0.14847375,-0.13185275,-0.1414169,-0.15095688,-0.17780018,-0.16221833,-0.22917573,-0.09015879,-0.10956486,-0.13452268,-0.1299423,-0.13997786,-0.17311427,-0.13908121,-0.16057305,-0.12777606,-0.07092635,-0.03704006,-0.13683793,-0.16275787,-0.17936984,-0.14332479,-0.12334781,-0.13561693,-0.12023825,-0.13879925,-0.25318068,-0.26654312,-0.08360227,-0.10945694,-0.14585397,-0.09238048,-0.18786228,-0.18995635,-0.15259865,-0.09026147,-0.13230102,-0.14932874,-0.15017201,-0.15923463,-0.17070466,-0.18578032,-0.08730212,-0.124224976,-0.1409406,-0.10256614,-0.17951453,-0.19495486,-0.19248271,-0.10037185,-0.13113372,-0.079955645,-0.12830546,-0.19006202,-0.19373947,-0.19181769,-0.124178536,-0.07514776,-0.09748611,-0.118343785,-0.13676837,-0.12406494,-0.121451,-0.09454562,-0.09652123,-0.10869746,-0.082459606,-0.113473885,-0.13304341,-0.16823666,-0.1410757,-0.13559787,-0.18093297,-0.17825818,-0.19398014,-0.14469525,-0.15549555,-0.13596775,-0.119081676,-0.14001076,-0.19117098,-0.19048731,-0.18052234,-0.19755594,-0.25103784,-0.20219928,-0.18942225,-0.19005878,-0.18255697,-0.17278767,-0.27554205,-0.08916744,-0.11956477,-0.1270193,-0.15751183,-0.20931396,-0.18224281,-0.29657933,-0.32474133,-0.14695124,-0.3242122,-0.17325558,-0.17108874,-0.2185038,-0.17647925,-0.114121355,-0.13901213,-0.15388772,-0.15788373,-0.22984435,-0.18186735,-0.25529426,-0.10430506,-0.12455491,-0.1386771,-0.124616444,-0.15189947,-0.15624577,-0.15758653,-0.14014931,-0.15141064,-0.16436076,-0.15473819,-0.15386644,-0.15247266,-0.13399962,-0.1230056,-0.14612156,-0.19148803,-0.17659894,-0.21025829,-0.3990198,-0.20378631,-0.11367127,-0.1296617,-0.119404435,-0.14824939,-0.16636807,-0.18800753,-0.19168642,-0.13077044,-0.07698758,-0.1542085,-0.13959594,-0.14106366,-0.11830348,-0.19987361,-0.1649412,-0.15714054,-0.14084575,-0.12359598,-0.12722544,-0.14610182,-0.2588673,-0.1069465,-0.13074079,-0.09132757,-0.12832497,-0.13005242,-0.14944385,-0.15303692,-0.09655066,-0.08910369,-0.12470765,-0.11033686,-0.137816,-0.15068975,-0.17125657,-0.14304699,-0.11604099,-0.17419063,-0.1517916,-0.14284725,-0.12489093,-0.14347973,-0.17466888,-0.13176009,-0.13250953,-0.14608954,-0.12336801,-0.08722703,-0.05825615,-0.14355671,-0.17082691,-0.026243303,-0.16438776,-0.2829064,-0.31316653,-0.19874868,-0.1458889,-0.14331596,-0.14862512,-0.12963767,-0.25088155,-0.19403875,-0.18937191,-0.09455721,-0.10985345,-0.10702289,-0.09559942,-0.12759323,-0.15269265,-0.15746465,-0.1673529,-0.12812386,-0.0969081,-0.16398169,-0.14500836,-0.11335766,-0.18846886,-0.1706479,-0.15341744,-0.12607521,-0.115196005,-0.11336392,-0.11662802,-0.17737107,-0.13889977,-0.13512245,-0.096878245,-0.1213487,-0.09234423,-0.12434345,-0.13634549,-0.063823454,-0.13877153,-0.11419349,-0.13353084,-0.24483351,-0.2571875,-0.29957527,-0.1462566,-0.15705821,-0.13255194,-0.19104545,-0.0782174,-0.17282985,-0.16468549,-0.09859173,-0.11065883,-0.115171,-0.076612435,-0.083404,-0.1213824,-0.13072303,-0.13855581,-0.19385117,-0.09934506,-0.15535548,-0.19487974,-0.19060192,-0.18724285,-0.1113696,-0.14277813,-0.10398804,-0.16091862,-0.19410986,-0.17478715,-0.16854471,-0.14276847,-0.14278343,-0.100461006,-0.15338087,-0.1615055,-0.18029594,-0.19514014,-0.12170908,-0.14824891,-0.11359133,-0.08038807,-0.14269254,-0.20725825,-0.16061106,-0.125103,-0.15657571,-0.15690626,-0.1430135,-0.19202894,-0.16217104,-0.18309793,-0.2963242,-0.19363606,-0.1804898,-0.17084715,-0.19222176,-0.1568802,-0.14054683,-0.13029298,-0.12557748,-0.13809316,-0.16139877,-0.30584824,-0.16553564,-0.18205905,-0.19233035,-0.11441202,-0.15113932,-0.14032608,-0.17782576,-0.16708532,-0.16521087,-0.14331086,-0.18237996,-0.12723263,-0.1527338,-0.1363807,-0.24156228,-0.17820174,-0.103329346,-0.13444561,-0.14294174,-0.17529556,-0.10988234,-0.13439766,-0.15400526,-0.16054824,-0.1808575,-0.15564276,-0.14954998,-0.19184028,-0.17471763,-0.1655978,-0.14723541,-0.14623587,-0.11499533,-0.10471026,-0.13524222,-0.20148799,-0.17761269,-0.12513243,-0.16384698,-0.18041904,-0.18738703,-0.11705899,-0.17961922,-0.2593348,-0.092508554,-0.09250899,-0.114309505,-0.13660882,-0.14825386,-0.09810299,-0.19001263
k__Bacteria|p__Firmicutes|c__Clostridia|o__Eubacteriales|f__Lachnospiraceae|g__Lachnospiraceae_unclassified|s__Lachnospiraceae_bacterium_NSJ_29,-0.1004395,-0.12316422,-0.14228955,-0.20428483,-0.16793385,-0.19470719,-0.1666669,-0.14562431,-0.12563857,-0.18525657,-0.18411213,-0.22262292,-0.17127663,-0.20388794,-0.10313344,-0.09889911,-0.058144663,-0.09973626,-0.10775536,-0.17209885,-0.1978925,-0.12536043,-0.13720328,-0.15329763,-0.17257805,-0.11658599,-0.16893208,-0.17528199,-0.1509206,-0.12124001,-0.13570428,-0.10574433,-0.14898734,-0.19690412,-0.19042973,-0.2175087,-0.16166864,-0.22338755,-0.19791308,-0.29867563,-0.29210672,-0.19898787,-0.10724085,-0.09162698,-0.13691942,-0.15588309,-0.23188588,-0.19532603,-0.14734137,-0.2026537,-0.18517306,-0.18279888,-0.19832198,-0.19906513,-0.20335582,-0.15916023,-0.12612481,-0.14441808,-0.092325166,-0.09565353,-0.17246616,-0.14321029,-0.13743341,-0.14759734,-0.12719077,-0.15209945,-0.2613474,-0.22333384,-0.19009493,-0.20047067,-0.14642383,-0.150137,-0.13112679,-0.1434574,-0.15168354,-0.16524565,-0.14755683,-0.16278498,-0.16029492,-0.14998752,-0.14824715,-0.1578249,-0.15428112,-0.22480208,-0.120334074,-0.14216593,-0.11872122,-0.16207904,-0.17516364,-0.15641443,-0.16944024,-0.11139822,-0.1388583,-0.13027036,-0.12935206,-0.15152657,-0.1437163,-0.11608869,-0.10065024,-0.09043638,-0.10561699,-0.12083021,-0.1355149,-0.15027548,-0.16140853,-0.1185138,-0.11129953,-0.1578567,-0.17738779,-0.13394451,-0.16485068,-0.25953975,-0.1494361,-0.1331084,-0.14209181,-0.15095688,-0.17780018,-0.16437626,-0.22917573,-0.09015879,-0.110477716,-0.13518065,-0.13016209,-0.13997786,-0.17476402,-0.13908121,-0.16057305,-0.12777606,-0.07092635,-0.03704006,-0.13765797,-0.16311738,-0.18017063,-0.14332479,-0.12334781,-0.13634166,-0.12023825,-0.13878208,-0.25318068,-0.26654312,-0.083373666,-0.10945694,-0.14511526,-0.09238048,-0.1891434,-0.19154231,-0.15386671,-0.09023704,-0.13230102,-0.150353,-0.15114097,-0.15994643,-0.17180121,-0.18513446,-0.087730095,-0.12422582,-0.14131914,-0.10256614,-0.17951453,-0.19495486,-0.19241038,-0.1002177,-0.13113372,-0.07905133,-0.12832643,-0.19006202,-0.19477823,-0.19281521,-0.12375173,-0.07522064,-0.09704717,-0.11868862,-0.13707131,-0.12406494,-0.121451,-0.09434107,-0.09643971,-0.10857923,-0.082459606,-0.11304404,-0.13289532,-0.16813427,-0.1410757,-0.13702716,-0.18093297,-0.17825818,-0.19525915,-0.14537038,-0.15549555,-0.1359632,-0.119081676,-0.14001076,-0.19117098,-0.19216064,-0.18262397,-0.19755594,-0.25103784,-0.20219928,-0.19169238,-0.19250773,-0.183833,-0.17470095,-0.27554205,-0.08916744,-0.11956477,-0.1283504,-0.15751183,-0.20931396,-0.18224281,-0.29657933,-0.32474133,-0.15278576,-0.3242122,-0.17325558,-0.17108874,-0.2185038,-0.17647925,-0.114121355,-0.14063111,-0.15388772,-0.15788373,-0.22984435,-0.18186735,-0.2558252,-0.10442792,-0.12455491,-0.13924214,-0.12478067,-0.15189947,-0.15598297,-0.15715809,-0.14014931,-0.15141064,-0.16420189,-0.15621227,-0.15433569,-0.15371355,-0.1344394,-0.12354082,-0.14737743,-0.19169119,-0.17810567,-0.21025829,-0.3990198,-0.20380434,-0.113610916,-0.1296617,-0.11873028,-0.14883494,-0.16636807,-0.187937,-0.19296512,-0.13198283,-0.07660646,-0.15391338,-0.14034963,-0.14106366,-0.11852022,-0.19987361,-0.1649412,-0.1594848,-0.14187744,-0.12408003,-0.12722544,-0.14610182,-0.2588673,-0.107287884,-0.13074079,-0.09132757,-0.12832497,-0.12987888,-0.15067938,-0.15280831,-0.096254356,-0.08910369,-0.12467668,-0.110773265,-0.13845277,-0.15165982,-0.1714392,-0.14359516,-0.1169188,-0.17492998,-0.1528101,-0.14307748,-0.12573132,-0.14301097,-0.17466888,-0.13176009,-0.1327853,-0.14647546,-0.123369336,-0.08722703,-0.05825615,-0.1439759,-0.17082691,-0.026243303,-0.16707523,-0.2829064,-0.31316653,-0.19920492,-0.1463622,-0.14331596,-0.14862512,-0.12963767,-0.25088155,-0.19515,-0.18980773,-0.09463294,-0.10950961,-0.10702289,-0.09374984,-0.12759323,-0.15376663,-0.15746465,-0.16811703,-0.12812386,-0.0969081,-0.16398169,-0.14457959,-0.11335766,-0.18846886,-0.1706479,-0.15470704,-0.12630254,-0.115196005,-0.11310132,-0.11662802,-0.1771893,-0.1391029,-0.13481888,-0.096878245,-0.121378146,-0.091782816,-0.12434345,-0.13668312,-0.063823454,-0.13877153,-0.11419349,-0.13410485,-0.24483351,-0.2571875,-0.29957527,-0.14675114,-0.15759483,-0.13283911,-0.19104545,-0.0782174,-0.17304486,-0.16543852,-0.09859173,-0.11065883,-0.115096256,-0.076612435,-0.083404,-0.1213824,-0.13072303,-0.13855581,-0.19385117,-0.098997876,-0.15647471,-0.19487974,-0.19257137,-0.18821454,-0.11153467,-0.14367509,-0.10334267,-0.16020328,-0.19543701,-0.1737446,-0.17013907,-0.1434051,-0.14306161,-0.10165763,-0.15404887,-0.1627024,-0.18204552,-0.19637951,-0.12159093,-0.1480132,-0.11403196,-0.08001521,-0.14366654,-0.20725825,-0.16169536,-0.125103,-0.15657571,-0.15690626,-0.14424787,-0.19202894,-0.1636409,-0.1833506,-0.2963242,-0.19819915,-0.18252675,-0.1728814,-0.19400364,-0.15831637,-0.14054683,-0.13072574,-0.12557748,-0.13879995,-0.16374727,-0.30584824,-0.16794184,-0.18241276,-0.19419359,-0.11441202,-0.15144646,-0.14130202,-0.17915736,-0.16811433,-0.16557239,-0.14331086,-0.18237996,-0.12867743,-0.15392053,-0.13771889,-0.24156228,-0.18056042,-0.103348464,-0.13585329,-0.14280613,-0.17548007,-0.11061997,-0.13518932,-0.15346248,-0.16068862,-0.18319182,-0.15511604,-0.15002027,-0.19184028,-0.17648749,-0.16539448,-0.14723541,-0.14623587,-0.11499533,-0.10471026,-0.13558745,-0.20148799,-0.17822425,-0.12513243,-0.16656676,-0.18041904,-0.18738703,-0.11705899,-0.17759348,-0.26062006,-0.09246147,-0.09226784,-0.11492516,-0.13658988,-0.14862424,-0.09848945,-0.19042727
k__Bacteria|p__Firmicutes|c__Clostridia|o__Eubacteriales|f__Eubacteriaceae|g__Anaerofustis|s__Anaerofustis_stercorihominis,-0.1004395,-0.12316422,-0.14173749,-0.20428483,-0.1676983,-0.19420731,-0.1666669,-0.1455418,-0.12522733,-0.1845025,-0.18296501,-0.2177915,-0.17007634,-0.20258775,-0.10265041,-0.098597474,-0.058144663,-0.099344485,-0.10783738,-0.171593,-0.1978925,-0.12536043,-0.13665019,-0.15283382,-0.17181449,-0.11658599,-0.16806683,-0.17462237,-0.1509206,-0.12124001,-0.13552657,-0.10524039,-0.14882526,-0.19548848,-0.18956317,-0.2175087,-0.16208217,-0.22338755,-0.19750789,-0.29867563,-0.29210672,-0.1979317,-0.10715413,-0.09162698,-0.13691942,-0.15552053,-0.23188588,-0.19421512,-0.14705616,-0.2026537,-0.1852906,-0.18279888,-0.19655563,-0.19719116,-0.20025674,-0.15854897,-0.12578928,-0.14402497,-0.09219034,-0.09544349,-0.17198208,-0.14267296,-0.13743341,-0.14731543,-0.12719077,-0.15222597,-0.2613474,-0.22333384,-0.18971407,-0.20047067,-0.14601973,-0.14955929,-0.1306777,-0.14266202,-0.15101095,-0.16441557,-0.14746806,-0.16278498,-0.15997195,-0.14998752,-0.14762568,-0.15751159,-0.15367079,-0.22480208,-0.120334074,-0.14186403,-0.11839177,-0.16158661,-0.17480984,-0.15595315,-0.1687566,-0.11139822,-0.1388583,-0.13027036,-0.12888375,-0.15152657,-0.14307953,-0.11551057,-0.10065024,-0.08996363,-0.10530144,-0.12053161,-0.13534716,-0.15027548,-0.16096649,-0.1185138,-0.11129953,-0.1578567,-0.17738779,-0.13358073,-0.16426744,-0.25953975,-0.14927569,-0.13271643,-0.14147052,-0.15095688,-0.17780018,-0.16444409,-0.22917573,-0.09015879,-0.110401735,-0.13494349,-0.1295098,-0.13997786,-0.17418148,-0.13908121,-0.16057305,-0.12777606,-0.07092635,-0.03704006,-0.13736755,-0.16271585,-0.1794793,-0.14332479,-0.12334781,-0.13617407,-0.12023825,-0.1382939,-0.25318068,-0.26654312,-0.08319981,-0.10945694,-0.1446447,-0.09238048,-0.1886194,-0.19026858,-0.15290715,-0.09009676,-0.13230102,-0.1500606,-0.15057129,-0.1593234,-0.17096207,-0.18441598,-0.087508604,-0.12373961,-0.14143093,-0.10256614,-0.17951453,-0.19495486,-0.19157767,-0.09992637,-0.13113372,-0.07820964,-0.12790361,-0.19006202,-0.1935392,-0.19212016,-0.1237915,-0.07487086,-0.09682741,-0.11827753,-0.13663921,-0.12406494,-0.121451,-0.09412725,-0.096266136,-0.10822806,-0.082459606,-0.112545714,-0.13241185,-0.16777346,-0.1410757,-0.13678691,-0.18093297,-0.17825818,-0.19430593,-0.1448157,-0.15549555,-0.13561752,-0.119081676,-0.14001076,-0.19117098,-0.19139498,-0.18186665,-0.19755594,-0.25103784,-0.20219928,-0.19112405,-0.19151536,-0.18296306,-0.17432483,-0.27554205,-0.08916744,-0.11956477,-0.12825757,-0.15751183,-0.20931396,-0.18224281,-0.29657933,-0.32474133,-0.15384787,-0.3242122,-0.17325558,-0.17108874,-0.2185038,-0.17647925,-0.114121355,-0.1401723,-0.15388772,-0.15788373,-0.22984435,-0.18186735,-0.25271142,-0.10420938,-0.12455491,-0.13874635,-0.1242675,-0.15189947,-0.15540254,-0.15676242,-0.14014931,-0.15141064,-0.16363369,-0.15581414,-0.15398592,-0.15329841,-0.133865,-0.12326887,-0.14688972,-0.19079188,-0.17729752,-0.21025829,-0.3990198,-0.20111758,-0.11347383,-0.1296617,-0.11820656,-0.14825362,-0.16636807,-0.18737379,-0.1922926,-0.13199927,-0.07614228,-0.15347084,-0.1401465,-0.14106366,-0.11870225,-0.19987361,-0.1649412,-0.15936333,-0.1415184,-0.12332028,-0.12722544,-0.14610182,-0.2588673,-0.10728529,-0.13074079,-0.09132757,-0.12832497,-0.12937674,-0.15021156,-0.15232748,-0.096044764,-0.08910369,-0.12428585,-0.1103737,-0.13819335,-0.15113781,-0.17081879,-0.14328259,-0.11666997,-0.17454684,-0.15214741,-0.14261173,-0.12511024,-0.14274254,-0.17466888,-0.13176009,-0.13253015,-0.14585426,-0.12272448,-0.08722703,-0.05825615,-0.14378794,-0.17082691,-0.026243303,-0.16748239,-0.2829064,-0.31316653,-0.19757551,-0.14613052,-0.14331596,-0.14862512,-0.12963767,-0.25088155,-0.19398221,-0.18925384,-0.09440072,-0.109281346,-0.10702289,-0.09299338,-0.12759323,-0.15355343,-0.15746465,-0.1675547,-0.12812386,-0.0969081,-0.16398169,-0.14397536,-0.11335766,-0.18846886,-0.1706479,-0.15440051,-0.12576309,-0.115196005,-0.11277619,-0.11662802,-0.17676136,-0.13867694,-0.13435732,-0.096878245,-0.12068093,-0.0914945,-0.12434345,-0.1364516,-0.063823454,-0.13877153,-0.11419349,-0.13400017,-0.24483351,-0.2571875,-0.29957527,-0.14655009,-0.1570314,-0.13213752,-0.19104545,-0.0782174,-0.17272362,-0.16450082,-0.09859173,-0.11065883,-0.11495426,-0.076612435,-0.083404,-0.1213824,-0.13072303,-0.13855581,-0.19385117,-0.098689914,-0.15633738,-0.19487974,-0.1916545,-0.18721199,-0.111358866,-0.14321578,-0.102979854,-0.15990052,-0.19455653,-0.1732358,-0.16941366,-0.14312272,-0.14266762,-0.10154557,-0.15354225,-0.16203693,-0.18146609,-0.19515273,-0.12139018,-0.14765877,-0.11405769,-0.079726465,-0.14308769,-0.20725825,-0.16154157,-0.125103,-0.15657571,-0.15690626,-0.14407444,-0.19202894,-0.16317485,-0.1827232,-0.2963242,-0.1976202,-0.18083373,-0.17179722,-0.19309765,-0.15737143,-0.14054683,-0.13048282,-0.12557748,-0.13849162,-0.16403732,-0.30584824,-0.1670243,-0.18123665,-0.19343556,-0.11441202,-0.15084115,-0.14099677,-0.17873222,-0.16712019,-0.16524044,-0.14331086,-0.18237996,-0.12868208,-0.15370047,-0.1371091,-0.24156228,-0.18030313,-0.10313825,-0.13551888,-0.14205125,-0.17497927,-0.11041087,-0.13465372,-0.15266123,-0.16052198,-0.18227972,-0.15433249,-0.14938006,-0.19184028,-0.17599648,-0.16472724,-0.14723541,-0.14623587,-0.11499533,-0.10471026,-0.13528445,-0.20148799,-0.1778729,-0.12513243,-0.16679622,-0.18041904,-0.18738703,-0.11705899,-0.17697012,-0.25821772,-0.09223527,-0.09198608,-0.11475601,-0.13605732,-0.1480248,-0.098241925,-0.18966459
k__Bacteria|p__Firmicutes|c__CFGB76783|o__OFGB76783|f__FGB76783|g__GGB80011|s__GGB80011_SGB15265,-0.1004395,-0.12316422,-0.14191775,-0.20428483,-0.16726777,-0.19377545,-0.1666669,-0.1448749,-0.12514491,-0.18344417,-0.18414964,-0.22345497,-0.16916406,-0.20383278,-0.1028024,-0.09856244,-0.058144663,-0.09901801,-0.1075343,-0.17097425,-0.1978925,-0.12536043,-0.13624996,-0.15219954,-0.17155798,-0.11658599,-0.16778588,-0.17375705,-0.1509206,-0.12124001,-0.135039,-0.10554724,-0.14836285,-0.19584942,-0.18910584,-0.2175087,-0.16121991,-0.22338755,-0.19721498,-0.29867563,-0.29210672,-0.1979937,-0.10668033,-0.09162698,-0.13691942,-0.15511614,-0.23188588,-0.19423103,-0.14641252,-0.2026537,-0.18459153,-0.18279888,-0.1975893,-0.19854105,-0.20268531,-0.15677461,-0.12547475,-0.14359775,-0.091788635,-0.09522231,-0.17131446,-0.14234427,-0.13743341,-0.14687732,-0.12719077,-0.15137362,-0.2613474,-0.22333384,-0.18909243,-0.20047067,-0.14545853,-0.14920434,-0.130534,-0.14264938,-0.1502957,-0.16389063,-0.1463716,-0.16278498,-0.15978926,-0.14998752,-0.1472041,-0.15725039,-0.15330862,-0.22480208,-0.120334074,-0.14143187,-0.11814864,-0.16084324,-0.17394528,-0.15596746,-0.16820258,-0.11139822,-0.1388583,-0.13027036,-0.1284348,-0.15152657,-0.14281686,-0.11513581,-0.10065024,-0.09011346,-0.10499422,-0.12011548,-0.1347881,-0.15027548,-0.16020314,-0.1185138,-0.11129953,-0.1578567,-0.17738779,-0.13329849,-0.16431409,-0.25953975,-0.14869013,-0.13269526,-0.14160874,-0.15095688,-0.17780018,-0.16406812,-0.22917573,-0.09015879,-0.11000143,-0.13466832,-0.12946165,-0.13997786,-0.17405328,-0.13908121,-0.16057305,-0.12777606,-0.07092635,-0.03704006,-0.13712943,-0.1620956,-0.1789125,-0.14332479,-0.12334781,-0.13576159,-0.12023825,-0.13804793,-0.25318068,-0.26654312,-0.083025634,-0.10945694,-0.14409456,-0.09238048,-0.1880462,-0.19058616,-0.15306202,-0.08986184,-0.13230102,-0.14958434,-0.15036154,-0.15893695,-0.17069885,-0.18348184,-0.08760593,-0.123423845,-0.14077434,-0.10256614,-0.17951453,-0.19495486,-0.19102302,-0.09972518,-0.13113372,-0.07895365,-0.12754574,-0.19006202,-0.19350164,-0.19180751,-0.12295163,-0.07503871,-0.09669289,-0.11825395,-0.13637444,-0.12406494,-0.121451,-0.09404595,-0.09624441,-0.108127296,-0.082459606,-0.11251895,-0.13209161,-0.16683762,-0.1410757,-0.13641515,-0.18093297,-0.17825818,-0.19445542,-0.14468673,-0.15549555,-0.13513061,-0.119081676,-0.14001076,-0.19117098,-0.19140825,-0.18179882,-0.19755594,-0.25103784,-0.20219928,-0.1907408,-0.19166028,-0.18274707,-0.17426594,-0.27554205,-0.08916744,-0.11956477,-0.12798405,-0.15751183,-0.20931396,-0.18224281,-0.29657933,-0.32474133,-0.1544019,-0.3242122,-0.17325558,-0.17108874,-0.2185038,-0.17647925,-0.114121355,-0.14009626,-0.15388772,-0.15788373,-0.22984435,-0.18186735,-0.25576508,-0.104056135,-0.12455491,-0.13845368,-0.12391478,-0.15189947,-0.15494612,-0.15584993,-0.14014931,-0.15141064,-0.16289307,-0.15543446,-0.15346746,-0.15319252,-0.13368717,-0.12286134,-0.14641076,-0.19021638,-0.17728133,-0.21025829,-0.3990198,-0.20272999,-0.11308725,-0.1296617,-0.11807795,-0.14789642,-0.16636807,-0.18655787,-0.19180186,-0.13155109,-0.07633608,-0.15283424,-0.13969812,-0.14106366,-0.11761904,-0.19987361,-0.1649412,-0.15907101,-0.14155486,-0.12343843,-0.12722544,-0.14610182,-0.2588673,-0.10694417,-0.13074079,-0.09132757,-0.12832497,-0.12881827,-0.14994133,-0.15148403,-0.09579879,-0.08910369,-0.12402618,-0.11031225,-0.13772932,-0.15089698,-0.17016771,-0.1428454,-0.11632325,-0.17396381,-0.15199539,-0.14216389,-0.12546867,-0.14161718,-0.17466888,-0.13176009,-0.13208732,-0.14572272,-0.122618124,-0.08722703,-0.05825615,-0.14340502,-0.17082691,-0.026243303,-0.16684781,-0.2829064,-0.31316653,-0.19860819,-0.14553255,-0.14331596,-0.14862512,-0.12963767,-0.25088155,-0.19402464,-0.188541,-0.09433701,-0.10886563,-0.10702289,-0.09301904,-0.12759323,-0.15304491,-0.15746465,-0.167021,-0.12812386,-0.0969081,-0.16398169,-0.14324182,-0.11335766,-0.18846886,-0.1706479,-0.1539844,-0.12561285,-0.115196005,-0.11247605,-0.11662802,-0.17584406,-0.13825046,-0.13406493,-0.096878245,-0.12085764,-0.09118211,-0.12434345,-0.13564393,-0.063823454,-0.13877153,-0.11419349,-0.13364989,-0.24483351,-0.2571875,-0.29957527,-0.14605147,-0.1567472,-0.13209654,-0.19104545,-0.0782174,-0.17242382,-0.1642192,-0.09859173,-0.11065883,-0.11430786,-0.076612435,-0.083404,-0.1213824,-0.13072303,-0.13855581,-0.19385117,-0.098658875,-0.15569994,-0.19487974,-0.1914905,-0.18699822,-0.11088756,-0.14308363,-0.10260636,-0.15887305,-0.19431251,-0.17231844,-0.16927081,-0.14271998,-0.14232004,-0.10170024,-0.1532332,-0.16165873,-0.18127422,-0.19527313,-0.120919555,-0.14708173,-0.113572806,-0.079638526,-0.14291805,-0.20725825,-0.16080156,-0.125103,-0.15657571,-0.15690626,-0.14371705,-0.19202894,-0.16277406,-0.18194456,-0.2963242,-0.19902484,-0.1815772,-0.17200652,-0.19335409,-0.15771851,-0.14054683,-0.1301378,-0.12557748,-0.13827513,-0.1632129,-0.30584824,-0.16748358,-0.18114692,-0.19300294,-0.11441202,-0.15048945,-0.14051898,-0.17817897,-0.16704792,-0.16435891,-0.14331086,-0.18237996,-0.12835234,-0.15345906,-0.13748409,-0.24156228,-0.17993401,-0.102769405,-0.13540138,-0.14172083,-0.1743329,-0.110144064,-0.13462238,-0.1519467,-0.1596383,-0.18236324,-0.1538609,-0.14903414,-0.19184028,-0.17574807,-0.16389593,-0.14723541,-0.14623587,-0.11499533,-0.10471026,-0.13487577,-0.20148799,-0.17699182,-0.12513243,-0.16617481,-0.18041904,-0.18738703,-0.11705899,-0.17592055,-0.25941855,-0.09212791,-0.09180031,-0.114619054,-0.1357446,-0.14784575,-0.09825883,-0.1890661
k__Bacteria|p__Firmicutes|c__Clostridia|o__Eubacteriales|f__Christensenellaceae|g__Christensenella|s__Christensenella_minuta,-0.1004395,-0.12316422,-0.1416587,-0.20428483,-0.16751316,-0.19381969,-0.1666669,-0.1452056,-0.12505892,-0.1842956,-0.18288817,-0.22277871,-0.16975966,-0.20361885,-0.10294304,-0.09899014,-0.058144663,-0.09959215,-0.107801534,-0.17131077,-0.1978925,-0.12536043,-0.13671306,-0.15282297,-0.17189837,-0.11658599,-0.16804737,-0.17449598,-0.1509206,-0.12124001,-0.13530055,-0.105658695,-0.14859709,-0.195885,-0.18961933,-0.2175087,-0.16146375,-0.22338755,-0.19717187,-0.29867563,-0.29210672,-0.19807023,-0.107159756,-0.09162698,-0.13691942,-0.1552861,-0.23188588,-0.1940291,-0.14686549,-0.2026537,-0.18419392,-0.18279888,-0.19730067,-0.19838488,-0.20243791,-0.15789676,-0.12589844,-0.14400369,-0.09232444,-0.09567967,-0.17188802,-0.14268798,-0.13743341,-0.14716403,-0.12719077,-0.15142822,-0.2613474,-0.22333384,-0.18926178,-0.20047067,-0.14601237,-0.14959866,-0.13093331,-0.14294544,-0.15121844,-0.16455181,-0.147223,-0.16278498,-0.15964913,-0.14998752,-0.14775275,-0.1573125,-0.15363549,-0.22480208,-0.120334074,-0.14170356,-0.118506774,-0.16146111,-0.17457832,-0.15580267,-0.16868794,-0.11139822,-0.1388583,-0.13027036,-0.12886328,-0.15152657,-0.14296925,-0.11559459,-0.10065024,-0.09036277,-0.105494335,-0.12063334,-0.13526268,-0.15027548,-0.16086565,-0.1185138,-0.11129953,-0.1578567,-0.17738779,-0.13357362,-0.16421169,-0.25953975,-0.14894366,-0.13278422,-0.14161123,-0.15095688,-0.17780018,-0.16357857,-0.22917573,-0.09015879,-0.1101721,-0.13486227,-0.12979756,-0.13997786,-0.17395112,-0.13908121,-0.16057305,-0.12777606,-0.07092635,-0.03704006,-0.13706347,-0.1626172,-0.17925933,-0.14332479,-0.12334781,-0.135806,-0.12023825,-0.13856857,-0.25318068,-0.26654312,-0.083529666,-0.10945694,-0.14472973,-0.09238048,-0.1881477,-0.19056581,-0.15315542,-0.09031583,-0.13230102,-0.14982031,-0.15057434,-0.15939304,-0.17105868,-0.18444431,-0.08785199,-0.12374042,-0.1413018,-0.10256614,-0.17951453,-0.19495486,-0.1915455,-0.10005547,-0.13113372,-0.079179734,-0.12789983,-0.19006202,-0.19389935,-0.19190536,-0.12354201,-0.075370446,-0.09697446,-0.11838783,-0.13665465,-0.12406494,-0.121451,-0.09437114,-0.09631542,-0.108376496,-0.082459606,-0.112639755,-0.13239212,-0.16743474,-0.1410757,-0.13661993,-0.18093297,-0.17825818,-0.19437554,-0.14482172,-0.15549555,-0.13562351,-0.119081676,-0.14001076,-0.19117098,-0.19138424,-0.18183479,-0.19755594,-0.25103784,-0.20219928,-0.19063815,-0.19150236,-0.1828709,-0.17401929,-0.27554205,-0.08916744,-0.11956477,-0.12794021,-0.15751183,-0.20931396,-0.18224281,-0.29657933,-0.32474133,-0.15119287,-0.3242122,-0.17325558,-0.17108874,-0.2185038,-0.17647925,-0.114121355,-0.14013365,-0.15388772,-0.15788373,-0.22984435,-0.18186735,-0.25451407,-0.10438241,-0.12455491,-0.13872069,-0.12442979,-0.15189947,-0.15544328,-0.15661311,-0.14014931,-0.15141064,-0.16370079,-0.15569282,-0.15388754,-0.1531548,-0.1340025,-0.123346955,-0.14677638,-0.19106874,-0.17721932,-0.21025829,-0.3990198,-0.20112567,-0.113341995,-0.1296617,-0.11829664,-0.14824535,-0.16636807,-0.18699116,-0.19207506,-0.13165335,-0.076839656,-0.15337972,-0.1400984,-0.14106366,-0.118202895,-0.19987361,-0.1649412,-0.1588951,-0.14148846,-0.12360585,-0.12722544,-0.14610182,-0.2588673,-0.10719068,-0.13074079,-0.09132757,-0.12832497,-0.12959082,-0.15013728,-0.15229297,-0.09624219,-0.08910369,-0.124361515,-0.11062557,-0.13802941,-0.15108658,-0.17079943,-0.14313175,-0.11663853,-0.17411713,-0.1521099,-0.14262821,-0.1253775,-0.14231738,-0.17466888,-0.13176009,-0.13251506,-0.14581653,-0.12303665,-0.08722703,-0.05825615,-0.14347777,-0.17082691,-0.026243303,-0.16607668,-0.2829064,-0.31316653,-0.19764434,-0.14597398,-0.14331596,-0.14862512,-0.12963767,-0.25088155,-0.19415195,-0.18900752,-0.09472175,-0.10932855,-0.10702289,-0.093815416,-0.12759323,-0.15306005,-0.15746465,-0.1673908,-0.12812386,-0.0969081,-0.16398169,-0.14416799,-0.11335766,-0.18846886,-0.1706479,-0.15427914,-0.12598895,-0.115196005,-0.11298154,-0.11662802,-0.17633657,-0.13874564,-0.1345247,-0.096878245,-0.120940894,-0.09179541,-0.12434345,-0.13615625,-0.063823454,-0.13877153,-0.11419349,-0.13389932,-0.24483351,-0.2571875,-0.29957527,-0.14635898,-0.157074,-0.13244218,-0.19104545,-0.0782174,-0.17232375,-0.16465724,-0.09859173,-0.11065883,-0.11475053,-0.076612435,-0.083404,-0.1213824,-0.13072303,-0.13855581,-0.19385117,-0.0992037,-0.15583721,-0.19487974,-0.1916616,-0.18734291,-0.111401126,-0.14314432,-0.10314448,-0.15971205,-0.19453615,-0.17294443,-0.16950803,-0.14300303,-0.14261964,-0.101624876,-0.15342735,-0.16190103,-0.18118742,-0.19529226,-0.121374086,-0.14736313,-0.11365097,-0.07999155,-0.14322057,-0.20725825,-0.16123813,-0.125103,-0.15657571,-0.15690626,-0.14366134,-0.19202894,-0.16307195,-0.18265477,-0.2963242,-0.19732402,-0.1812253,-0.17192797,-0.19316924,-0.15740517,-0.14054683,-0.1304858,-0.12557748,-0.13829447,-0.16373625,-0.30584824,-0.16715896,-0.18163362,-0.1932895,-0.11441202,-0.15081057,-0.1408068,-0.17839953,-0.1673121,-0.1649791,-0.14331086,-0.18237996,-0.12835991,-0.1534344,-0.13743433,-0.24156228,-0.17968974,-0.10335505,-0.13536502,-0.14234531,-0.17478225,-0.11054373,-0.13466394,-0.15285733,-0.16017006,-0.1823059,-0.15457252,-0.14957558,-0.19184028,-0.17585205,-0.16466329,-0.14723541,-0.14623587,-0.11499533,-0.10471026,-0.13520133,-0.20148799,-0.17765597,-0.12513243,-0.16589707,-0.18041904,-0.18738703,-0.11705899,-0.17684034,-0.2591082,-0.09243211,-0.092211485,-0.1147409,-0.13611868,-0.148165,-0.09849484,-0.18956822
k__Bacteria|p__Firmicutes|c__CFGB3009|o__OFGB3009|f__FGB3009|g__GGB48538|s__GGB48538_SGB66596,-0.1004395,-0.12316422,-0.14009395,-0.20428483,-0.16523364,-0.19117612,-0.1666669,-0.14460143,-0.12412916,-0.18190971,-0.18135452,-0.22185867,-0.16611727,-0.20261195,-0.10353178,-0.09936856,-0.058144663,-0.10091463,-0.107486814,-0.16949278,-0.1978925,-0.12536043,-0.13614587,-0.15211429,-0.16998658,-0.11658599,-0.16618359,-0.173049,-0.1509206,-0.12124001,-0.13477364,-0.10533364,-0.14740312,-0.19333327,-0.18751413,-0.2175087,-0.15864271,-0.22338755,-0.1940968,1.7945092,-0.29210672,-0.19606891,-0.107546814,-0.09162698,-0.13691942,-0.1536733,-0.23188588,-0.19165856,-0.14569353,-0.2026537,-0.18104884,-0.18279888,-0.19472665,-0.19558781,-0.20128636,-0.15735847,-0.12562704,-0.14337036,-0.09313215,-0.09598079,-0.1701659,-0.1423522,-0.13743341,-0.1463013,-0.12719077,-0.14975293,-0.2613474,-0.22333384,-0.18677524,-0.20047067,-0.14549108,-0.14861238,-0.1302727,-0.14220633,-0.15089434,-0.16371399,-0.14614515,-0.16278498,-0.1577298,-0.14998752,-0.14663164,-0.15569074,-0.152522,-0.22480208,-0.120334074,-0.14092484,-0.118089326,-0.16049933,-0.17291147,-0.15426236,-0.16697176,-0.11139822,-0.1388583,-0.13027036,-0.128605,-0.15152657,-0.14204288,-0.11569744,-0.10065024,-0.0908705,-0.10582554,-0.12052278,-0.13464385,-0.15027548,-0.15964949,-0.1185138,-0.11129953,-0.1578567,-0.17738779,-0.13345453,-0.16168058,-0.25953975,-0.14768833,-0.13183033,-0.14084184,-0.15095688,-0.17780018,-0.16153415,-0.22917573,-0.09015879,-0.110216126,-0.1342954,-0.12938902,-0.13997786,-0.17203082,-0.13908121,-0.16057305,-0.12777606,-0.07092635,-0.03704006,-0.13654654,-0.1612738,-0.17761907,-0.14332479,-0.12334781,-0.13510934,-0.12023825,-0.13794838,-0.25318068,-0.26654312,-0.08435683,-0.10945694,-0.14441924,-0.09238048,-0.18577294,-0.1883761,-0.15174752,-0.09089054,-0.13230102,-0.14859167,-0.14935613,-0.15786743,-0.16914086,-0.1827867,-0.088319615,-0.12383543,-0.14084515,-0.10256614,-0.17951453,-0.19495486,-0.18946202,-0.10058359,-0.13113372,-0.08048606,-0.12735054,-0.19006202,-0.19136637,-0.18967772,-0.12395894,-0.076188475,-0.097605005,-0.11817889,-0.13614991,-0.12406494,-0.121451,-0.0950802,-0.0968903,-0.10874061,-0.082459606,-0.11297648,-0.13220158,-0.16636518,-0.1410757,-0.13535078,-0.18093297,-0.17825818,-0.19168681,-0.14391345,-0.15549555,-0.13516626,-0.119081676,-0.14001076,-0.19117098,-0.18873718,-0.1792818,-0.19755594,-0.25103784,-0.20219928,-0.18780923,-0.18861943,-0.1804418,-0.17172372,-0.27554205,-0.08916744,-0.11956477,-0.12719072,-0.15751183,-0.20931396,-0.18224281,-0.29657933,-0.32474133,-0.1490684,-0.3242122,-0.17325558,-0.17108874,-0.2185038,-0.17647925,-0.114121355,-0.13887534,-0.15388772,-0.15788373,-0.22984435,-0.18186735,-0.24970892,-0.10465893,-0.12455491,-0.13803712,-0.12404905,-0.15189947,-0.15481736,-0.15589562,-0.14014931,-0.15141064,-0.16260199,-0.15415078,-0.15281177,-0.15201421,-0.13323855,-0.12279622,-0.14527732,-0.18882912,-0.17551994,-0.21025829,-0.3990198,-0.1990084,-0.11351811,-0.1296617,-0.11871137,-0.14717549,-0.16636807,-0.18547022,-0.18941781,-0.13113567,-0.077370286,-0.15260723,-0.13903478,-0.14106366,-0.118591994,-0.19987361,-0.1649412,-0.15705045,-0.14063883,-0.12346517,-0.12722544,-0.14610182,-0.2588673,-0.107351966,-0.13074079,-0.09132757,-0.12832497,-0.12923478,-0.14907466,-0.15154524,-0.0969165,-0.08910369,-0.12429395,-0.11058979,-0.1372211,-0.14997768,-0.16926542,-0.1423957,-0.11625581,-0.17267549,-0.15100026,-0.1420111,-0.12498315,-0.14166597,-0.17466888,-0.13176009,-0.13180946,-0.14530243,-0.12291496,-0.08722703,-0.05825615,-0.14299005,-0.17082691,-0.026243303,-0.16433549,-0.2829064,-0.31316653,-0.1953873,-0.14501691,-0.14331596,-0.14862512,-0.12963767,-0.25088155,-0.19163808,-0.18688837,-0.09522976,-0.10958393,-0.10702289,-0.09492159,-0.12759323,-0.15192391,-0.15746465,-0.16569358,-0.12812386,-0.0969081,-0.16398169,-0.14384195,-0.11335766,-0.18846886,-0.1706479,-0.15277748,-0.12569004,-0.115196005,-0.11300346,-0.11662802,-0.17495963,-0.13815212,-0.1342608,-0.096878245,-0.12098785,-0.09250872,-0.12434345,-0.13579935,-0.063823454,-0.13877153,-0.11419349,-0.13330504,-0.24483351,-0.2571875,-0.29957527,-0.14543882,-0.1557954,-0.13177252,-0.19104545,-0.0782174,-0.17086262,-0.1633977,-0.09859173,-0.11065883,-0.115277275,-0.076612435,-0.083404,-0.1213824,-0.13072303,-0.13855581,-0.19385117,-0.09961876,-0.15443,-0.19487974,-0.18870491,-0.18501267,-0.111401804,-0.14249033,-0.103538424,-0.1588194,-0.19143099,-0.1722926,-0.16731688,-0.14219029,-0.14190665,-0.101472944,-0.15237625,-0.16020826,-0.17882279,-0.19252446,-0.12126103,-0.14702192,-0.11368528,-0.08082372,-0.1421424,-0.20725825,-0.15969746,-0.125103,-0.15657571,-0.15690626,-0.1425339,-0.19202894,-0.16131857,-0.180806,-0.2963242,-0.19289711,-0.17882225,-0.16977158,-0.19046555,-0.15623435,-0.14054683,-0.12999979,-0.12557748,-0.13781674,-0.1611237,-0.30584824,-0.1653684,-0.17991675,-0.19010365,-0.11441202,-0.15012076,-0.13973346,-0.17629199,-0.1657039,-0.16339907,-0.14331086,-0.18237996,-0.12733018,-0.1522574,-0.1363138,-0.24156228,-0.17720968,-0.103502765,-0.13451788,-0.14162573,-0.1734443,-0.11019303,-0.1341129,-0.15203121,-0.15903401,-0.17958331,-0.15377203,-0.14841947,-0.19184028,-0.17370142,-0.16364801,-0.14723541,-0.14623587,-0.11499533,-0.10471026,-0.13448356,-0.20148799,-0.17584768,-0.12513243,-0.16364329,-0.18041904,-0.18738703,-0.11705899,-0.17601062,-0.25369155,-0.093051,-0.09287876,-0.11454143,-0.13562366,-0.14731109,-0.09863643,-0.18733692
k__Bacteria|p__Firmicutes|c__Clostridia|o__Eubacteriales|f__Lachnospiraceae|g__GGB3636|s__GGB3636_SGB4929,-0.1004395,-0.12316422,-0.14198813,-0.20428483,-0.16717863,-0.19392058,-0.1666669,-0.14535594,-0.12518524,-0.18390378,-0.1831609,-0.22708511,-0.16929959,-0.20555577,-0.10350826,-0.09976752,-0.058144663,-0.09979972,-0.10797016,-0.17106032,-0.1978925,-0.12536043,-0.1365025,-0.15248449,-0.1718127,-0.11658599,-0.16749504,-0.17417085,-0.1509206,-0.12124001,-0.1352407,-0.106066026,-0.14840601,-0.19628629,-0.18934205,-0.2175087,-0.16131946,-0.22338755,-0.19757989,2.7912035,-0.29210672,-0.19839764,-0.10760099,-0.09162698,-0.13691942,-0.15517929,-0.23188588,-0.19401813,-0.14688347,-0.2026537,-0.18438002,-0.18279888,-0.19773465,-0.19873054,-0.20375142,-0.1578594,-0.12598667,-0.14405854,-0.09246088,-0.095981106,-0.1714819,-0.14259174,-0.13743341,-0.14717677,-0.12719077,-0.15154797,-0.2613474,-0.22333384,-0.1890806,-0.20047067,-0.14600109,-0.14948136,-0.13097435,-0.14290974,-0.150956,-0.16437748,-0.14696029,-0.16278498,-0.15982056,-0.14998752,-0.14722857,-0.1573379,-0.15342627,-0.22480208,-0.120334074,-0.14162996,-0.11853508,-0.16122982,-0.17432742,-0.15581694,-0.16822138,-0.11139822,-0.1388583,-0.13027036,-0.12882179,-0.15152657,-0.14258395,-0.11581689,-0.10065024,-0.090728946,-0.10575405,-0.12084651,-0.13520771,-0.15027548,-0.16052124,-0.1185138,-0.11129953,-0.1578567,-0.17738779,-0.13412863,-0.16407828,-0.25953975,-0.14896066,-0.13278684,-0.14181471,-0.15095688,-0.17780018,-0.16404049,-0.22917573,-0.09015879,-0.11018728,-0.13490272,-0.12991033,-0.13997786,-0.17386302,-0.13908121,-0.16057305,-0.12777606,-0.07092635,-0.03704006,-0.13726306,-0.16217728,-0.17905393,-0.14332479,-0.12334781,-0.13593312,-0.12023825,-0.13825426,-0.25318068,-0.26654312,-0.08376002,-0.10945694,-0.14455746,-0.09238048,-0.18776786,-0.19036216,-0.15294386,-0.09054661,-0.13230102,-0.14965612,-0.1505192,-0.15922633,-0.17078453,-0.18396667,-0.08817591,-0.12420221,-0.14137581,-0.10256614,-0.17951453,-0.19495486,-0.19161743,-0.10038981,-0.13113372,-0.07993628,-0.12788332,-0.19006202,-0.19364129,-0.19187647,-0.12364276,-0.07585051,-0.09758266,-0.11877023,-0.1366351,-0.12406494,-0.121451,-0.09486548,-0.09696283,-0.1086802,-0.082459606,-0.11313795,-0.13236156,-0.16730537,-0.1410757,-0.1365536,-0.18093297,-0.17825818,-0.19454297,-0.14488906,-0.15549555,-0.13571744,-0.119081676,-0.14001076,-0.19117098,-0.19159168,-0.18170588,-0.19755594,-0.25103784,-0.20219928,-0.19014986,-0.19129196,-0.18269196,-0.17398685,-0.27554205,-0.08916744,-0.11956477,-0.12781721,-0.15751183,-0.20931396,-0.18224281,-0.29657933,-0.32474133,-0.15208611,-0.3242122,-0.17325558,-0.17108874,-0.2185038,-0.17647925,-0.114121355,-0.14008036,-0.15388772,-0.15788373,-0.22984435,-0.18186735,-0.25781083,-0.10464707,-0.12455491,-0.13859895,-0.12430579,-0.15189947,-0.15519385,-0.1564405,-0.14014931,-0.15141064,-0.16329277,-0.15548447,-0.15375276,-0.1532197,-0.13415678,-0.12319885,-0.14648952,-0.1903407,-0.17717215,-0.21025829,-0.3990198,-0.20270833,-0.11369495,-0.1296617,-0.11888838,-0.14794162,-0.16636807,-0.18677205,-0.19188136,-0.13160452,-0.07712467,-0.1532729,-0.13985951,-0.14106366,-0.11807603,-0.19987361,-0.1649412,-0.15882015,-0.14166942,-0.123689756,-0.12722544,-0.14610182,-0.2588673,-0.107468545,-0.13074079,-0.09132757,-0.12832497,-0.12922503,-0.14973222,-0.15201792,-0.09658708,-0.08910369,-0.124442026,-0.110675454,-0.13796864,-0.15084115,-0.1705803,-0.14312947,-0.11642318,-0.17402229,-0.15194139,-0.1424197,-0.12565526,-0.14219439,-0.17466888,-0.13176009,-0.13244322,-0.14595935,-0.1232503,-0.08722703,-0.05825615,-0.14364234,-0.17082691,-0.026243303,-0.16684592,-0.2829064,-0.31316653,-0.19855453,-0.14588618,-0.14331596,-0.14862512,-0.12963767,-0.25088155,-0.19437748,-0.18884924,-0.09476612,-0.109682545,-0.10702289,-0.094132364,-0.12759323,-0.15295166,-0.15746465,-0.16751413,-0.12812386,-0.0969081,-0.16398169,-0.14368948,-0.11335766,-0.18846886,-0.1706479,-0.15412785,-0.12610513,-0.115196005,-0.113175884,-0.11662802,-0.17625359,-0.13873154,-0.1346899,-0.096878245,-0.12141412,-0.09193806,-0.12434345,-0.13589457,-0.063823454,-0.13877153,-0.11419349,-0.1338215,-0.24483351,-0.2571875,-0.29957527,-0.14645356,-0.15697224,-0.13246259,-0.19104545,-0.0782174,-0.17276843,-0.16440299,-0.09859173,-0.11065883,-0.11470096,-0.076612435,-0.083404,-0.1213824,-0.13072303,-0.13855581,-0.19385117,-0.09947238,-0.15585455,-0.19487974,-0.19129664,-0.18713616,-0.11143645,-0.14310338,-0.10338279,-0.1595956,-0.19455387,-0.17299782,-0.16901098,-0.14300784,-0.14284587,-0.10198112,-0.15328552,-0.16184351,-0.18106967,-0.19538303,-0.121447094,-0.14759436,-0.11399096,-0.08031708,-0.14311339,-0.20725825,-0.16108286,-0.125103,-0.15657571,-0.15690626,-0.1439035,-0.19202894,-0.16270071,-0.18214267,-0.2963242,-0.19867253,-0.18111885,-0.17165951,-0.19308044,-0.15757018,-0.14054683,-0.13049427,-0.12557748,-0.13843879,-0.16311403,-0.30584824,-0.16690253,-0.18130568,-0.19307172,-0.11441202,-0.15050116,-0.14073548,-0.17813864,-0.16714606,-0.16478273,-0.14331086,-0.18237996,-0.1286202,-0.1533508,-0.13759811,-0.24156228,-0.17967533,-0.10347207,-0.1353555,-0.14220259,-0.1746735,-0.11045075,-0.13464358,-0.15241924,-0.1602976,-0.18206765,-0.15434442,-0.14933418,-0.19184028,-0.17554405,-0.16440429,-0.14723541,-0.14623587,-0.11499533,-0.10471026,-0.13506134,-0.20148799,-0.17725536,-0.12513243,-0.16591531,-0.18041904,-0.18738703,-0.11705899,-0.17680278,-0.2602778,-0.09289878,-0.09252906,-0.11497052,-0.13622093,-0.1481373,-0.09864849,-0.18917596
k__Bacteria|p__Firmicutes|c__CFGB76238|o__OFGB76238|f__FGB76238|g__GGB3478|s__GGB3478_SGB14857,-0.1004395,-0.12316422,-0.14157963,-0.20428483,-0.16664317,-0.19336581,-0.1666669,-0.14507622,-0.1253272,-0.18379603,-0.18371287,-0.2239728,-0.17005052,-0.20441332,-0.10340367,-0.09950641,-0.058144663,-0.09985439,-0.10774143,-0.17066206,-0.1978925,-0.12536043,-0.13645399,-0.15232648,-0.17145056,-0.11658599,-0.16781788,-0.1739422,-0.1509206,-0.12124001,-0.13522622,-0.10591127,-0.14831765,-0.19570836,-0.18909997,-0.2175087,-0.16028437,-0.22338755,-0.19669442,-0.29867563,-0.29210672,-0.19777082,-0.10733238,-0.09162698,-0.13691942,-0.15498659,-0.23188588,-0.19378419,-0.14653108,-0.2026537,-0.18353733,-0.18279888,-0.19719753,-0.19804749,-0.20235863,-0.15782802,-0.12575352,-0.14378579,-0.09233025,-0.09569402,-0.17122257,-0.14244364,-0.13743341,-0.14692919,-0.12719077,-0.1513826,-0.2613474,-0.22333384,-0.1884888,-0.20047067,-0.14567727,-0.14937064,-0.1307175,-0.14277211,-0.15062174,-0.16401228,-0.14654619,-0.16278498,-0.15952161,-0.14998752,-0.14727955,-0.15699714,-0.15329587,-0.22480208,-0.120334074,-0.14155325,-0.11834361,-0.16091351,-0.1737844,-0.15565217,-0.1681634,-0.11139822,-0.1388583,-0.13027036,-0.12875032,-0.15152657,-0.1428912,-0.11582103,-0.10065024,-0.09080069,-0.105623856,-0.12051262,-0.13490441,-0.15027548,-0.16039038,-0.1185138,-0.11129953,-0.1578567,-0.17738779,-0.13380113,-0.16356604,-0.25953975,-0.14868197,-0.13281086,-0.1416672,-0.15095688,-0.17780018,-0.16331938,-0.22917573,-0.09015879,-0.110296175,-0.13475242,-0.12981096,-0.13997786,-0.17375588,-0.13908121,-0.16057305,-0.12777606,-0.07092635,-0.03704006,-0.13711965,-0.16201046,-0.17889033,-0.14332479,-0.12334781,-0.13601318,-0.12023825,-0.13825935,-0.25318068,-0.26654312,-0.083779186,-0.10945694,-0.1445336,-0.09238048,-0.1877782,-0.1902559,-0.15333824,-0.09046996,-0.13230102,-0.14953983,-0.15037574,-0.15897758,-0.17053768,-0.1835648,-0.08808169,-0.12388569,-0.14107184,-0.10256614,-0.17951453,-0.19495486,-0.19099009,-0.10021582,-0.13113372,-0.07969953,-0.12771222,-0.19006202,-0.19331467,-0.1915128,-0.12338287,-0.07581626,-0.09736667,-0.11860292,-0.136662,-0.12406494,-0.121451,-0.094686724,-0.096862175,-0.10878653,-0.082459606,-0.113105625,-0.1324236,-0.16701627,-0.1410757,-0.13639833,-0.18093297,-0.17825818,-0.19408257,-0.14463678,-0.15549555,-0.13539362,-0.119081676,-0.14001076,-0.19117098,-0.1910604,-0.1814783,-0.19755594,-0.25103784,-0.20219928,-0.19013649,-0.19107117,-0.18261752,-0.17375359,-0.27554205,-0.08916744,-0.11956477,-0.12799546,-0.15751183,-0.20931396,-0.18224281,1.1896152,-0.32474133,-0.15348917,-0.3242122,-0.17325558,-0.17108874,-0.2185038,-0.17647925,-0.114121355,-0.14006966,-0.15388772,-0.15788373,-0.22984435,-0.18186735,-0.25591034,-0.10449053,-0.12455491,-0.13869114,-0.124273784,-0.15189947,-0.15499777,-0.15613237,-0.14014931,-0.15141064,-0.16296744,-0.1551804,-0.15349457,-0.15302815,-0.13416238,-0.12312333,-0.14647922,-0.19031556,-0.17689717,-0.21025829,-0.3990198,-0.20352605,-0.1135602,-0.1296617,-0.118635386,-0.14795779,-0.16636807,-0.1865831,-0.19151646,-0.13164258,-0.077134416,-0.15293866,-0.13979815,-0.14106366,-0.117882445,-0.19987361,-0.1649412,-0.15867499,-0.14154893,-0.12385159,-0.12722544,-0.14610182,-0.2588673,-0.10727599,-0.13074079,-0.09132757,-0.12832497,-0.12924148,-0.14975968,-0.15187296,-0.09649836,-0.08910369,-0.124430895,-0.11063683,-0.13788885,-0.15081891,-0.17026821,-0.14285406,-0.11661008,-0.17382602,-0.15195334,-0.14242028,-0.12553465,-0.14207709,-0.17466888,-0.13176009,-0.13229719,-0.14586347,-0.12310751,-0.08722703,-0.05825615,-0.1434182,-0.17082691,-0.026243303,-0.16641015,-0.2829064,-0.31316653,-0.19864672,-0.14559168,-0.14331596,-0.14862512,-0.12963767,-0.25088155,-0.1936876,-0.18833503,-0.094771445,-0.10949853,-0.10702289,-0.09400591,-0.12759323,-0.1529664,-0.15746465,-0.1670745,-0.12812386,-0.0969081,-0.16398169,-0.1436773,-0.11335766,-0.18846886,-0.1706479,-0.15385748,-0.12595591,-0.115196005,-0.112981915,-0.11662802,-0.176119,-0.13845421,-0.13446295,-0.096878245,-0.12135914,-0.09193137,-0.12434345,-0.13604587,-0.063823454,-0.13877153,-0.11419349,-0.13367519,-0.24483351,-0.2571875,-0.29957527,-0.14603722,-0.15681803,-0.13218974,-0.19104545,-0.0782174,-0.17228094,-0.16442071,-0.09859173,-0.11065883,-0.11482267,-0.076612435,-0.083404,-0.1213824,-0.13072303,-0.13855581,-0.19385117,-0.09906836,-0.15534246,-0.19487974,-0.19109514,-0.18689981,-0.11126943,-0.1432735,-0.10318646,-0.15904614,-0.1938995,-0.17261496,-0.16901553,-0.1427631,-0.14255014,-0.1018727,-0.15324962,-0.16163838,-0.18101683,-0.19510163,-0.1212012,-0.14733146,-0.11401378,-0.080527365,-0.14259455,-0.20725825,-0.16064857,-0.125103,-0.15657571,-0.15690626,-0.1436808,-0.19202894,-0.16246286,-0.18189178,-0.2963242,-0.19779986,-0.18147579,-0.17184807,-0.19290398,-0.15759084,-0.14054683,-0.13028985,-0.12557748,-0.13824439,-0.16289172,-0.30584824,-0.16696374,-0.18113074,-0.19270612,-0.11441202,-0.150531,-0.14059488,-0.17787239,-0.16689005,-0.16450055,-0.14331086,-0.18237996,-0.12825483,-0.1534164,-0.13703541,-0.24156228,-0.17952655,-0.1032947,-0.13539633,-0.1420191,-0.17415223,-0.1104896,-0.13464946,-0.152366,-0.15979567,-0.18201657,-0.15416342,-0.14886059,-0.19184028,-0.17513718,-0.16423106,-0.14723541,-0.14623587,-0.11499533,-0.10471026,-0.13493687,-0.20148799,-0.17681843,-0.12513243,-0.16617419,-0.18041904,-0.18738703,-0.11705899,-0.17650121,-0.25906223,-0.09274516,-0.0925602,-0.1148172,-0.13607287,-0.14799678,-0.098628655,-0.18889242
k__Bacteria|p__Firmicutes|c__Clostridia|o__Eubacteriales|f__Oscillospiraceae|g__Oscillospiraceae_unclassified|s__Eubacterium_siraeum,-0.1004395,-0.12316422,-0.14234363,-0.20428483,-0.16702315,-0.19380127,-0.1666669,-0.14490043,-0.1254637,-0.18338206,-0.18365468,-0.22597057,-0.17065698,-0.20385864,-0.10311304,-0.0992943,-0.058144663,-0.09931505,-0.10801521,-0.17107193,-0.1978925,-0.12536043,-0.13632596,-0.152111,-0.17155957,-0.11658599,-0.16746648,-0.1736974,-0.1509206,-0.12124001,-0.1351697,-0.106023744,-0.14863715,-0.19585267,-0.18924077,-0.2175087,-0.16141091,-0.22338755,-0.19746327,-0.29867563,-0.29210672,-0.19840384,-0.107052095,-0.09162698,-0.13691942,-0.15525433,-0.23188588,-0.19388448,-0.14674324,-0.2026537,-0.18382049,-0.18279888,-0.19738802,-0.19939542,-0.20389046,-0.15738231,-0.12576167,-0.14375687,-0.092120364,-0.09574768,-0.17116082,-0.14224702,-0.13743341,-0.14697789,-0.12719077,-0.15161158,-0.2613474,-0.22333384,-0.18881872,-0.20047067,-0.14547908,-0.14919975,-0.13094899,-0.14286545,-0.15038224,-0.16358781,-0.14648855,-0.16278498,-0.15949513,-0.14998752,-0.14724822,-0.15734154,-0.15337834,-0.22480208,-0.120334074,-0.1416287,-0.118570834,-0.16064441,-0.17394966,-0.15608716,-0.1681551,-0.11139822,-0.1388583,-0.13027036,-0.12864816,-0.15152657,-0.14269827,-0.11541818,-0.10065024,-0.090635,-0.10545311,-0.12046371,-0.13505197,-0.15027548,-0.16020977,-0.1185138,-0.11129953,-0.1578567,-0.17738779,-0.13357592,-0.16487244,-0.25953975,-0.14884222,-0.1330227,-0.14187858,-0.15095688,-0.17780018,-0.16420946,-0.22917573,-0.09015879,-0.11036523,-0.13487262,-0.12977111,-0.13997786,-0.17396443,-0.13908121,-0.16057305,-0.12777606,-0.07092635,-0.03704006,-0.13726659,-0.1621758,-0.17878519,-0.14332479,-0.12334781,-0.13579887,-0.12023825,-0.13833413,-0.25318068,-0.26654312,-0.08343171,-0.10945694,-0.14428222,-0.09238048,-0.18797645,-0.19034754,-0.15326212,-0.090313524,-0.13230102,-0.14978544,-0.15048334,-0.15902898,-0.17067352,-0.18336494,-0.08804608,-0.123692006,-0.14096792,-0.10256614,-0.17951453,-0.19495486,-0.19102493,-0.100132175,-0.13113372,-0.0798291,-0.12824446,-0.19006202,-0.19329831,-0.1917533,-0.123137966,-0.07527288,-0.09706853,-0.11874018,-0.13661434,-0.12406494,-0.121451,-0.09451814,-0.09676901,-0.108504,-0.082459606,-0.11286409,-0.13225749,-0.16682367,-0.1410757,-0.1367087,-0.18093297,-0.17825818,-0.19445965,-0.1449922,-0.15549555,-0.13549188,-0.119081676,-0.14001076,-0.19117098,-0.1912567,-0.18171112,-0.19755594,-0.25103784,-0.20219928,-0.19045691,-0.1914193,-0.18284184,-0.17446975,-0.27554205,-0.08916744,-0.11956477,-0.1282878,-0.15751183,-0.20931396,-0.18224281,4.968098,-0.32474133,-0.15538117,-0.3242122,-0.17325558,-0.17108874,-0.2185038,-0.17647925,-0.114121355,-0.1402027,-0.15388772,-0.15788373,-0.22984435,-0.18186735,-0.25765657,-0.10446936,-0.12455491,-0.13855389,-0.12424874,-0.15189947,-0.15476072,-0.15587848,-0.14014931,-0.15141064,-0.16281009,-0.15541545,-0.15349942,-0.15336946,-0.13412449,-0.123193,-0.14667037,-0.1900843,-0.1773884,-0.21025829,-0.3990198,-0.20447613,-0.11344255,-0.1296617,-0.11842437,-0.14817542,-0.16636807,-0.18620044,-0.19178008,-0.13185905,-0.076768756,-0.15301591,-0.1399324,-0.14106366,-0.11818573,-0.19987361,-0.1649412,-0.1589748,-0.14191437,-0.123680145,-0.12722544,-0.14610182,-0.2588673,-0.10748948,-0.13074079,-0.09132757,-0.12832497,-0.12911624,-0.14990754,-0.15147981,-0.09619701,-0.08910369,-0.124364614,-0.11068654,-0.13807808,-0.15095863,-0.17032315,-0.14295468,-0.11665201,-0.17381865,-0.15202427,-0.14234015,-0.12560211,-0.14192516,-0.17466888,-0.13176009,-0.13242492,-0.14569539,-0.12286444,-0.08722703,-0.05825615,-0.14348745,-0.17082691,-0.026243303,-0.16714105,-0.2829064,-0.31316653,-0.19927126,-0.14572513,-0.14331596,-0.14862512,-0.12963767,-0.25088155,-0.19381322,-0.18850768,-0.09478591,-0.109185904,-0.10702289,-0.09361034,-0.12759323,-0.15332869,-0.15746465,-0.16703954,-0.12812386,-0.0969081,-0.16398169,-0.14332807,-0.11335766,-0.18846886,-0.1706479,-0.1540994,-0.12570783,-0.115196005,-0.113096714,-0.11662802,-0.17569996,-0.13844901,-0.13419688,-0.096878245,-0.12113847,-0.091695264,-0.12434345,-0.13573246,-0.063823454,-0.13877153,-0.11419349,-0.13397126,-0.24483351,-0.2571875,-0.29957527,-0.14626528,-0.15672676,-0.13242945,-0.19104545,-0.0782174,-0.1723955,-0.1642292,-0.09859173,-0.11065883,-0.11442012,-0.076612435,-0.083404,-0.1213824,-0.13072303,-0.13855581,-0.19385117,-0.099010386,-0.1559191,-0.19487974,-0.19137762,-0.18706429,-0.11133428,-0.14293432,-0.10291931,-0.1588372,-0.19448097,-0.17268983,-0.16928884,-0.14287435,-0.14249411,-0.102319464,-0.15342365,-0.16163889,-0.18127468,-0.19526184,-0.121232264,-0.14703691,-0.11382873,-0.080116004,-0.14360982,-0.20725825,-0.1607396,-0.125103,-0.15657571,-0.15690626,-0.14385432,-0.19202894,-0.16280326,-0.18181017,-0.2963242,-0.19943611,-0.1817452,-0.17194226,-0.19338614,-0.1578489,-0.14054683,-0.13044506,-0.12557748,-0.13844968,-0.16407831,-0.30584824,-0.1671235,-0.180873,-0.1929318,-0.11441202,-0.15064092,-0.14077029,-0.1782009,-0.16689174,-0.16448653,-0.14331086,-0.18237996,-0.12881589,-0.15363473,-0.13829899,-0.24156228,-0.17967561,-0.10327144,-0.13546023,-0.1418453,-0.17419204,-0.110571556,-0.13477159,-0.15187624,-0.15966737,-0.18203783,-0.15396507,-0.14918803,-0.19184028,-0.17558777,-0.16374025,-0.14723541,-0.14623587,-0.11499533,-0.10471026,-0.13544089,-0.20148799,-0.17686537,-0.12513243,-0.16597919,-0.18041904,-0.18738703,-0.11705899,-0.17572206,-0.25954282,-0.09257427,-0.09224769,-0.114987195,-0.13607767,-0.14803687,-0.0988646,-0.18881254
k__Bacteria|p__Firmicutes|c__Clostridia|o__Eubacteriales|f__Eubacteriaceae|g__Eubacterium|s__Eubacterium_limosum,-0.1004395,-0.12316422,-0.14249504,-0.20428483,-0.16797614,-0.19405413,-0.1666669,-0.14539436,-0.12557247,-0.1837703,-0.18395513,-0.22910714,-0.16951944,-0.20705749,-0.1039228,-0.100336045,-0.058144663,-0.10013888,-0.108372316,-0.1712766,-0.1978925,-0.12536043,-0.13677064,-0.15255833,-0.17207159,-0.11658599,-0.16787407,-0.17435327,-0.1509206,-0.12124001,-0.13547814,-0.1066999,-0.1486883,-0.196765,-0.18952736,-0.2175087,-0.16205919,-0.22338755,-0.19813305,-0.29867563,-0.29210672,-0.19874287,-0.1080261,-0.09162698,-0.13691942,-0.15565094,-0.23188588,-0.19454464,-0.14716636,-0.2026537,-0.18490651,-0.18279888,-0.19819401,-0.19923617,-0.2039912,-0.15761015,-0.12631023,-0.14434364,-0.0926625,-0.096291974,-0.17170358,-0.14261693,3.9557123,-0.14743692,-0.12719077,-0.15162,-0.2613474,-0.22333384,-0.18965918,-0.20047067,-0.14615855,-0.14977065,-0.13134988,-0.14323889,-0.15093428,-0.1645241,-0.14692882,-0.16278498,-0.16035546,-0.14998752,-0.14753324,-0.15765022,-0.15364212,-0.22480208,-0.120334074,-0.14188719,-0.118924305,-0.16134556,-0.17449993,-0.15618323,-0.16832581,-0.11139822,-0.1388583,-0.13027036,-0.12895484,-0.15152657,-0.1428451,-0.11597434,-0.10065024,-0.09120063,-0.10607801,-0.12118972,-0.13551448,-0.15027548,-0.16071054,-0.1185138,-0.11129953,-0.1578567,-0.17738779,-0.13402316,-0.16431677,-0.25953975,-0.14921594,-0.1332618,-0.14204201,-0.15095688,-0.17780018,-0.16457054,-0.22917573,-0.09015879,-0.11049118,-0.1351676,-0.13019672,-0.13997786,-0.17422944,-0.13908121,-0.16057305,-0.12777606,-0.07092635,-0.03704006,-0.1377083,-0.16242194,-0.17919883,-0.14332479,-0.12334781,-0.13613309,-0.12023825,-0.13845837,-0.25318068,-0.26654312,-0.084196165,-0.10945694,-0.14462727,-0.09238048,-0.18804863,-0.19094487,-0.15352237,-0.091021955,-0.13230102,-0.14994174,-0.15088871,-0.15954195,-0.17118838,-0.18385959,-0.088725984,-0.12437933,-0.14176843,-0.10256614,-0.17951453,-0.19495486,-0.1916424,-0.1005849,-0.13113372,-0.080214694,-0.12811667,-0.19006202,-0.1942023,-0.19210029,-0.1237603,-0.07639052,-0.09783253,-0.11910978,-0.13688979,-0.12406494,-0.121451,-0.095268026,-0.097338766,-0.10905134,-0.082459606,-0.113333374,-0.13263431,-0.16741616,-0.1410757,-0.13692948,-0.18093297,-0.17825818,-0.19496149,-0.14523076,-0.15549555,-0.13586682,-0.119081676,-0.14001076,-0.19117098,-0.19223985,-0.18221587,-0.19755594,-0.25103784,-0.20219928,-0.19069204,-0.19183075,-0.18303894,-0.17454071,-0.27554205,-0.08916744,-0.11956477,-0.12819839,-0.15751183,-0.20931396,-0.18224281,-0.29657933,-0.32474133,-0.15189852,-0.3242122,-0.17325558,-0.17108874,-0.2185038,-0.17647925,-0.114121355,-0.1405375,-0.15388772,-0.15788373,-0.22984435,-0.18186735,-0.25902975,-0.105024,-0.12455491,-0.13887134,-0.124617524,-0.15189947,-0.15540187,-0.1565767,-0.14014931,-0.15141064,-0.16339535,-0.1558679,-0.1539121,-0.1535302,-0.13449973,-0.12342094,-0.14682743,-0.19039291,-0.17780843,-0.21025829,-0.3990198,-0.2030705,-0.113967605,-0.1296617,-0.119089946,-0.14811385,-0.16636807,-0.18683556,-0.1921888,-0.13197637,-0.07751976,-0.15329546,-0.14018211,-0.14106366,-0.11828144,-0.19987361,-0.1649412,-0.15929791,-0.14195696,-0.12402412,-0.12722544,-0.14610182,-0.2588673,-0.10783708,-0.13074079,-0.09132757,-0.12832497,-0.12944108,-0.15016003,-0.1521425,-0.096964076,-0.08910369,-0.124670565,-0.111131385,-0.13829693,-0.15121272,-0.17071013,-0.14331067,-0.11676415,-0.17415059,-0.15231818,-0.1427153,-0.12609509,-0.14220718,-0.17466888,-0.13176009,-0.13260669,-0.14613986,-0.12353266,-0.08722703,-0.05825615,-0.14372334,-0.17082691,-0.026243303,-0.16751683,-0.2829064,-0.31316653,-0.19864401,-0.14613123,-0.14331596,-0.14862512,-0.12963767,-0.25088155,-0.19497356,-0.18891822,-0.09507163,-0.10989081,-0.10702289,-0.094126046,-0.12759323,-0.15313762,-0.15746465,-0.16776009,-0.12812386,-0.0969081,-0.16398169,-0.14396217,-0.11335766,-0.18846886,-0.1706479,-0.15453011,-0.12630564,-0.115196005,-0.1133361,-0.11662802,-0.17626642,-0.13901731,-0.134954,-0.096878245,-0.12174191,-0.09227033,-0.12434345,-0.13603371,-0.063823454,-0.13877153,-0.11419349,-0.13408485,-0.24483351,-0.2571875,-0.29957527,-0.14672762,-0.15719557,-0.13273495,-0.19104545,-0.0782174,-0.17277479,-0.16459274,-0.09859173,-0.11065883,-0.11483173,-0.076612435,-0.083404,-0.1213824,-0.13072303,-0.13855581,-0.19385117,-0.09983146,-0.15597908,-0.19487974,-0.19182365,-0.18737242,-0.11179538,-0.14351806,-0.10362241,-0.1594906,-0.19498369,-0.17286453,-0.16946763,-0.14334384,-0.14312091,-0.102478966,-0.1534657,-0.1621774,-0.18143785,-0.19579747,-0.12170082,-0.14762998,-0.11422073,-0.08060047,-0.14334768,-0.20725825,-0.16147953,-0.125103,-0.15657571,-0.15690626,-0.1442571,-0.19202894,-0.16312648,-0.1821352,-0.2963242,-0.1997985,-0.18136564,-0.17233673,-0.19372837,-0.15795504,-0.14054683,-0.13086548,-0.12557748,-0.13864312,-0.16371265,-0.30584824,-0.16722313,-0.18138617,-0.19354722,-0.11441202,-0.15058124,-0.14119619,-0.17845151,-0.1674517,-0.16491878,-0.14331086,-0.18237996,-0.12897941,-0.15350474,-0.13773386,-0.24156228,-0.18035443,-0.10387813,-0.13579589,-0.14240123,-0.17481785,-0.11090244,-0.13497147,-0.15243137,-0.16051832,-0.18276551,-0.15439355,-0.14968407,-0.19184028,-0.17604175,-0.1644088,-0.14723541,-0.14623587,-0.11499533,-0.10471026,-0.13524774,-0.20148799,-0.17751823,-0.12513243,-0.16656318,-0.18041904,-0.18738703,-0.11705899,-0.17619461,-0.26131144,-0.09333405,-0.092883766,-0.115354,-0.13643654,-0.14842752,-0.09908095,-0.18926288
k__Bacteria|p__Firmicutes|c__Tissierellia|o__Tissierellales|f__Peptoniphilaceae|g__Lagierella|s__Lagierella_massiliensis,-0.1004395,-0.12316422,-0.1413433,-0.20428483,-0.16705447,-0.19336587,-0.1666669,-0.14524165,-0.12511854,-0.18384023,-0.18276846,-0.21968283,-0.16914253,-0.2022278,-0.103065416,-0.09884945,-0.058144663,-0.09974402,-0.10767184,-0.17096412,-0.1978925,-0.12536043,-0.13649255,-0.15260151,-0.17131808,-0.11658599,-0.1678244,-0.1742689,-0.1509206,-0.12124001,-0.1354683,-0.105376065,-0.14849994,-0.19499,-0.18915716,-0.2175087,-0.16095203,-0.22338755,-0.19669536,-0.29867563,-0.29210672,-0.19740371,-0.10719779,-0.09162698,-0.13691942,-0.15509856,-0.23188588,-0.19371065,-0.14675334,-0.2026537,-0.1842501,-0.18279888,-0.19635615,-0.19675666,-0.20091441,-0.15788335,-0.12575388,-0.14379415,-0.092378244,-0.09550853,-0.17140971,-0.14258528,-0.13743341,-0.147035,-0.12719077,-0.15142487,-0.2613474,-0.22333384,-0.18875673,-0.20047067,-0.14579058,-0.14935707,-0.13059533,-0.14253157,-0.15075389,-0.16417392,-0.14707038,-0.16278498,-0.15942147,-0.14998752,-0.1474364,-0.15700398,-0.15339899,-0.22480208,-0.120334074,-0.14161456,-0.11829749,-0.1611287,-0.17415278,-0.15563971,-0.1684801,-0.11139822,-0.1388583,-0.13027036,-0.12883806,-0.15152657,-0.14312851,-0.1157641,-0.10065024,-0.09033795,-0.105389684,-0.1204072,-0.13504133,-0.15027548,-0.16069788,-0.1185138,-0.11129953,-0.1578567,-0.17738779,-0.1334185,-0.16379187,-0.25953975,-0.14884885,-0.1326108,-0.14141542,-0.15095688,-0.17780018,-0.16357362,-0.22917573,-0.09015879,-0.11043319,-0.13480023,-0.12955026,-0.13997786,-0.17377017,-0.13908121,-0.16057305,-0.12777606,-0.07092635,-0.03704006,-0.13717204,-0.16229801,-0.17914629,-0.14332479,-0.12334781,-0.13595733,-0.12023825,-0.13827547,-0.25318068,-0.26654312,-0.08352989,-0.10945694,-0.14459437,-0.09238048,-0.18796545,-0.19012004,-0.1530957,-0.09031139,-0.13230102,-0.1496991,-0.15032023,-0.1589366,-0.17055304,-0.18392402,-0.087781005,-0.12376064,-0.14105314,-0.10256614,-0.17951453,-0.19495486,-0.19101846,-0.1002031,-0.13113372,-0.0788839,-0.1276811,-0.19006202,-0.19310664,-0.19162694,-0.12376503,-0.075303555,-0.097011015,-0.11829664,-0.13659436,-0.12406494,-0.121451,-0.09440642,-0.09648739,-0.10849945,-0.082459606,-0.11270565,-0.13238443,-0.16736226,-0.1410757,-0.13651404,-0.18093297,-0.17825818,-0.19370967,-0.14467809,-0.15549555,-0.13549705,-0.119081676,-0.14001076,-0.19117098,-0.19076437,-0.18133828,-0.19755594,-0.25103784,-0.20219928,-0.19050805,-0.19106415,-0.18249461,-0.17377798,-0.27554205,-0.08916744,-0.11956477,-0.12816522,-0.15751183,-0.20931396,-0.18224281,-0.29657933,-0.32474133,-0.15368655,-0.3242122,-0.17325558,-0.17108874,-0.2185038,-0.17647925,-0.114121355,-0.13998811,-0.15388772,-0.15788373,-0.22984435,-0.18186735,-0.25246668,-0.10434125,-0.12455491,-0.13868076,-0.124293745,-0.15189947,-0.15518042,-0.15658173,-0.14014931,-0.15141064,-0.16327675,-0.15539046,-0.15366265,-0.15311344,-0.1339125,-0.12320906,-0.14648151,-0.19024459,-0.17701012,-0.21025829,-0.3990198,-0.2010591,-0.11348875,-0.1296617,-0.11828793,-0.1480886,-0.16636807,-0.18682817,-0.1916556,-0.13192374,-0.076465555,-0.15315428,-0.13991448,-0.14106366,-0.11861263,-0.19987361,-0.1649412,-0.15889812,-0.1414499,-0.12355244,-0.12722544,-0.14610182,-0.2588673,-0.10731408,-0.13074079,-0.09132757,-0.12832497,-0.12935916,-0.15004137,-0.152167,-0.09630729,-0.08910369,-0.12433435,-0.11047075,-0.13794081,-0.15094475,-0.17041978,-0.14309971,-0.11669776,-0.17399558,-0.152041,-0.14249995,-0.12523094,-0.14245164,-0.17466888,-0.13176009,-0.13233846,-0.14577496,-0.1229499,-0.08722703,-0.05825615,-0.14364746,-0.17082691,-0.026243303,-0.16681765,-0.2829064,-0.31316653,-0.19739251,-0.14578289,-0.14331596,-0.14862512,-0.12963767,-0.25088155,-0.19342542,-0.18864414,-0.09473403,-0.10929115,-0.10702289,-0.09339936,-0.12759323,-0.15321666,-0.15746465,-0.16705076,-0.12812386,-0.0969081,-0.16398169,-0.14387205,-0.11335766,-0.18846886,-0.1706479,-0.15401973,-0.1258211,-0.115196005,-0.1128079,-0.11662802,-0.1762397,-0.1385505,-0.1343084,-0.096878245,-0.12085877,-0.09175024,-0.12434345,-0.13641576,-0.063823454,-0.13877153,-0.11419349,-0.13386363,-0.24483351,-0.2571875,-0.29957527,-0.14616641,-0.15669432,-0.13208434,-0.19104545,-0.0782174,-0.17224415,-0.16442823,-0.09859173,-0.11065883,-0.11515924,-0.076612435,-0.083404,-0.1213824,-0.13072303,-0.13855581,-0.19385117,-0.09879804,-0.1557819,-0.19487974,-0.19111353,-0.18681964,-0.111399956,-0.14314002,-0.103040285,-0.15939942,-0.19359913,-0.17278701,-0.16913468,-0.14289233,-0.1424515,-0.10163054,-0.153323,-0.16158733,-0.18100828,-0.19472238,-0.12128897,-0.1474519,-0.11405511,-0.080001496,-0.14287254,-0.20725825,-0.16112988,-0.125103,-0.15657571,-0.15690626,-0.143621,-0.19202894,-0.16277224,-0.1822627,2.6276746,-0.19683066,-0.18089384,-0.17154379,-0.1926282,-0.15743183,-0.14054683,-0.13037091,-0.12557748,-0.13838404,-0.16333418,-0.30584824,-0.16698858,-0.18106805,-0.19268295,-0.11441202,-0.15073559,-0.14064096,-0.17810631,-0.16690867,-0.16470921,-0.14331086,-0.18237996,-0.1283912,-0.15326476,-0.13706669,-0.24156228,-0.17971954,-0.1032375,-0.13534409,-0.14196305,-0.17448667,-0.110427395,-0.13465513,-0.15257896,-0.15997908,-0.181819,-0.1541341,-0.1489954,-0.19184028,-0.17544226,-0.16451758,-0.14723541,-0.14623587,-0.11499533,-0.10471026,-0.13501337,-0.20148799,-0.17736125,-0.12513243,-0.16582045,-0.18041904,-0.18738703,-0.11705899,-0.17672151,-0.2574631,-0.092485785,-0.092267394,-0.11472523,-0.13595994,-0.1478767,-0.09840539,-0.18908349
k__Bacteria|p__Firmicutes|c__Tissierellia|o__Tissierellales|f__Peptoniphilaceae|g__Anaerococcus|s__Anaerococcus_prevotii,-0.1004395,-0.12316422,-0.14133933,-0.20428483,-0.1668495,-0.19267398,-0.1666669,-0.14475557,-0.12502271,-0.18286209,-0.18242007,-0.21910164,-0.16904803,-0.20236239,-0.10321705,-0.099176556,-0.058144663,-0.099673375,-0.10784179,-0.17031516,-0.1978925,-0.12536043,-0.13613637,-0.1519416,-0.17085856,-0.11658599,-0.16733286,-0.17339271,-0.1509206,-0.12124001,-0.1350608,-0.10569757,-0.1480057,-0.19445151,-0.18826815,-0.2175087,-0.16073209,-0.22338755,-0.19616854,-0.29867563,-0.29210672,-0.19669361,-0.107283026,-0.09162698,-0.13691942,-0.15482229,-0.23188588,-0.19327451,-0.14627108,-0.2026537,-0.18389809,-0.18279888,-0.19568264,-0.1960823,-0.19984227,-0.15715405,-0.12554824,-0.14343187,-0.09242216,-0.09569555,-0.17074506,-0.14209707,-0.13743341,-0.14663622,-0.12719077,-0.1511631,-0.2613474,-0.22333384,-0.18829918,-0.20047067,-0.14529838,-0.14893056,-0.13035974,-0.14221689,-0.15003568,-0.16341433,-0.14627808,-0.16278498,-0.1592898,-0.14998752,-0.14698288,-0.15667753,-0.15286304,-0.22480208,-0.120334074,-0.14127855,-0.11825451,-0.1605084,-0.17336056,-0.15531757,-0.16761354,-0.11139822,-0.1388583,-0.13027036,-0.12848938,-0.15152657,-0.14266351,-0.1154961,-0.10065024,-0.09059711,-0.10544564,-0.12031345,-0.13480006,-0.15027548,-0.16000246,-0.1185138,-0.11129953,-0.1578567,-0.17738779,-0.13301341,-0.16322629,-0.25953975,-0.14846784,-0.13246214,-0.14113358,-0.15095688,-0.17780018,-0.16343033,-0.22917573,-0.09015879,-0.11034079,-0.13449647,-0.12930211,-0.13997786,-0.17330554,-0.13908121,-0.16057305,-0.12777606,-0.07092635,-0.03704006,-0.13702253,-0.16168532,-0.17829493,-0.14332479,-0.12334781,-0.13579282,-0.12023825,-0.13783549,-0.25318068,-0.26654312,-0.08389057,-0.10945694,-0.14399685,-0.09238048,-0.18729508,-0.18948668,-0.15279168,-0.09061189,-0.13230102,-0.14929298,-0.14996597,-0.15846887,-0.17000827,-0.18291797,-0.088238336,-0.12356051,-0.14078584,-0.10256614,-0.17951453,-0.19495486,-0.1901473,-0.10019998,-0.13113372,-0.07917106,-0.12750885,-0.19006202,-0.19248557,-0.19088036,-0.123368695,-0.07594532,-0.097206995,-0.1182746,-0.13627598,-0.12406494,-0.121451,-0.094616234,-0.09676867,-0.10854432,-0.082459606,-0.112713404,-0.13215414,-0.16661839,-0.1410757,-0.13629231,-0.18093297,-0.17825818,-0.19321236,-0.14434083,-0.15549555,-0.13506931,-0.119081676,-0.14001076,-0.19117098,-0.1904429,-0.18080664,-0.19755594,-0.25103784,-0.20219928,-0.18988438,-0.19048856,-0.18186949,-0.17335564,-0.27554205,-0.08916744,-0.11956477,-0.12802851,-0.15751183,-0.20931396,-0.18224281,-0.29657933,-0.32474133,-0.15373692,-0.3242122,-0.17325558,-0.17108874,-0.2185038,-0.17647925,-0.114121355,-0.13984294,-0.15388772,-0.15788373,-0.22984435,-0.18186735,-0.25213772,-0.10443336,-0.12455491,-0.1383436,-0.12404803,-0.15189947,-0.15466514,-0.15577416,-0.14014931,-0.15141064,-0.16246885,-0.15500507,-0.1530982,-0.15269265,-0.13368978,-0.12295317,-0.14603889,-0.18923637,-0.1763086,-0.21025829,-0.3990198,-0.20066482,-0.11346732,-0.1296617,-0.11813684,-0.14754105,-0.16636807,-0.18595184,-0.19092783,-0.13166574,-0.0770031,-0.15248752,-0.13964261,-0.14106366,-0.11803176,-0.19987361,-0.1649412,-0.15860002,-0.14114133,-0.1234582,-0.12722544,-0.14610182,-0.2588673,-0.10735814,-0.13074079,-0.09132757,-0.12832497,-0.12894912,-0.14965644,-0.1515195,-0.096453816,-0.08910369,-0.1241146,-0.11058662,-0.13767597,-0.15053047,-0.16969758,-0.14266887,-0.11655824,-0.17340076,-0.15160228,-0.14205684,-0.12527679,-0.14165667,-0.17466888,-0.13176009,-0.13200977,-0.14540091,-0.12281376,-0.08722703,-0.05825615,-0.14321333,-0.17082691,-0.026243303,-0.16666782,-0.2829064,-0.31316653,-0.19673964,-0.1453532,-0.14331596,-0.14862512,-0.12963767,-0.25088155,-0.19298734,-0.18774346,-0.09481718,-0.109277666,-0.10702289,-0.09332386,-0.12759323,-0.15270226,-0.15746465,-0.16649759,-0.12812386,-0.0969081,-0.16398169,-0.14331342,-0.11335766,-0.18846886,-0.1706479,-0.15360266,-0.12562558,-0.115196005,-0.11262411,-0.11662802,-0.17550984,-0.13814744,-0.13404854,-0.096878245,-0.12086006,-0.09189496,-0.12434345,-0.13590205,-0.063823454,-0.13877153,-0.11419349,-0.13356209,-0.24483351,-0.2571875,-0.29957527,-0.14579317,-0.15624803,-0.1317892,-0.19104545,-0.0782174,-0.17162386,-0.16373298,-0.09859173,-0.11065883,-0.11481725,-0.076612435,-0.083404,-0.1213824,-0.13072303,-0.13855581,-0.19385117,-0.09903128,-0.15527725,-0.19487974,-0.19046324,-0.18606555,-0.111318275,-0.14299649,-0.1030442,-0.15858652,-0.19299388,-0.17168923,-0.16858605,-0.1425563,-0.14214239,-0.10186309,-0.15282364,-0.1611906,-0.18040846,-0.19405076,-0.12111022,-0.14698154,-0.11399639,-0.08032646,-0.14234015,-0.20725825,-0.16063341,-0.125103,-0.15657571,-0.15690626,-0.1434916,-0.19202894,-0.16225833,-0.18131685,3.7592158,-0.19714722,-0.18027607,-0.17134959,-0.19214535,-0.15706308,-0.14054683,-0.13014153,-0.12557748,-0.13812882,-0.16287565,-0.30584824,-0.16648984,-0.18029013,-0.1920899,-0.11441202,-0.15017074,-0.14049327,-0.17746001,-0.16635904,-0.16409236,-0.14331086,-0.18237996,-0.1282494,-0.15282947,-0.13659593,-0.24156228,-0.17948063,-0.10329986,-0.13526852,-0.14151195,-0.17375164,-0.11051978,-0.13441055,-0.15175858,-0.15947965,-0.18144983,-0.153494,-0.14865622,-0.19184028,-0.1749731,-0.16367133,-0.14723541,-0.14623587,-0.11499533,-0.10471026,-0.13466239,-0.20148799,-0.17658995,-0.12513243,-0.1658871,-0.18041904,-0.18738703,-0.11705899,-0.1754235,-0.25694722,-0.09278687,-0.092470035,-0.11477538,-0.13561973,-0.14749268,-0.09858234,-0.1882084
k__Bacteria|p__Firmicutes|c__Negativicutes|o__Veillonellales|f__Veillonellaceae|g__Veillonella|s__Veillonella_sp_3310,-0.1004395,-0.12316422,-0.14173967,-0.20428483,-0.1669462,-0.19351622,-0.1666669,-0.14486921,-0.12472266,-0.18325761,-0.18308645,-0.22908935,-0.1696473,-0.20610997,-0.10323923,-0.099695235,-0.058144663,-0.09955907,-0.107715264,-0.1706634,-0.1978925,-0.12536043,-0.13615763,-0.15212584,-0.17164752,-0.11658599,-0.1671656,-0.17370975,-0.1509206,-0.12124001,-0.13488497,-0.10585971,-0.14812708,-0.19615391,-0.18916488,-0.2175087,-0.16088517,-0.22338755,-0.19761944,-0.29867563,-0.29210672,-0.19842398,-0.10722005,-0.09162698,-0.13691942,-0.15494916,-0.23188588,-0.19392653,-0.14639634,-0.2026537,-0.18342271,-0.18279888,-0.19767855,-0.19919318,-0.20461965,-0.15761647,-0.1256849,-0.14380349,-0.092047825,-0.09568766,-0.17110531,-0.1422354,-0.13743341,-0.14686611,-0.12719077,-0.15109502,-0.2613474,-0.22333384,-0.18872932,-0.20047067,-0.14561847,-0.14918306,-0.13078043,-0.14279908,-0.15064633,-0.16398764,-0.14640847,-0.16278498,-0.15939875,-0.14998752,-0.14706567,-0.15704311,-0.15307699,-0.22480208,-0.120334074,-0.14139684,-0.11827722,-0.16080019,-0.17389928,-0.1556024,-0.16791236,-0.11139822,-0.1388583,-0.13027036,-0.12844655,-0.15152657,-0.14214072,-0.11536217,-0.10065024,-0.090485126,-0.10545221,-0.120530605,-0.13493171,-0.15027548,-0.16015553,-0.1185138,-0.11129953,-0.1578567,-0.17738779,-0.13374996,-0.16395035,-0.25953975,-0.14856589,-0.13255304,-0.14168534,-0.15095688,-0.17780018,-0.16361952,-0.22917573,-0.09015879,-0.10986791,-0.13458633,-0.12969115,-0.13997786,-0.17365015,-0.13908121,-0.16057305,-0.12777606,-0.07092635,-0.03704006,-0.13703416,-0.16186851,-0.17874381,-0.14332479,-0.12334781,-0.13555402,-0.12023825,-0.13818312,-0.25318068,-0.26654312,-0.083446994,-0.10945694,-0.14434865,-0.09238048,-0.18749078,-0.1903078,-0.15289876,-0.09024608,-0.13230102,-0.14937827,-0.15024619,-0.15892766,-0.17052105,-0.18363559,-0.08796172,-0.12382636,-0.141198,-0.10256614,-0.17951453,-0.19495486,-0.19130048,-0.099989384,-0.13113372,-0.07992988,-0.1278335,-0.19006202,-0.19346663,-0.19168416,-0.12320462,-0.075508304,-0.09722367,-0.11857257,-0.13641647,-0.12406494,-0.121451,-0.094581455,-0.09672009,-0.10845223,-0.082459606,-0.11285731,-0.13212743,-0.16691917,-0.1410757,-0.13619764,-0.18093297,-0.17825818,-0.19447376,-0.14471842,-0.15549555,-0.1354056,-0.119081676,-0.14001076,-0.19117098,-0.19144918,-0.18135807,-0.19755594,-0.25103784,-0.20219928,-0.1897411,-0.19107501,-0.18244335,-0.17383702,-0.27554205,-0.08916744,-0.11956477,-0.12753966,-0.15751183,-0.20931396,-0.18224281,-0.29657933,-0.32474133,-0.1523085,-0.3242122,-0.17325558,-0.17108874,-0.2185038,-0.17647925,-0.114121355,-0.13980436,-0.15388772,-0.15788373,-0.22984435,-0.18186735,-0.25860497,-0.104364425,-0.12455491,-0.13828865,-0.12400633,-0.15189947,-0.15490171,-0.15598853,-0.14014931,-0.15141064,-0.16289884,-0.15518415,-0.15335011,-0.1530551,-0.13395548,-0.12287106,-0.14607956,-0.19004498,-0.17681521,-0.21025829,-0.3990198,-0.20316988,-0.1133281,-0.1296617,-0.11853668,-0.14773266,-0.16636807,-0.1863457,-0.19158144,-0.13138449,-0.0767958,-0.15297791,-0.13963464,-0.14106366,-0.117488444,-0.19987361,-0.1649412,-0.15846442,-0.141503,-0.12359728,-0.12722544,-0.14610182,-0.2588673,-0.10718787,-0.13074079,-0.09132757,-0.12832497,-0.12892994,-0.14953706,-0.15161158,-0.096254714,-0.08910369,-0.12422459,-0.11052803,-0.13772896,-0.1506074,-0.17034999,-0.14275573,-0.11610225,-0.17373547,-0.15163925,-0.14220667,-0.12547599,-0.1416516,-0.17466888,-0.13176009,-0.13211265,-0.14572725,-0.122981556,-0.08722703,-0.05825615,-0.14328614,-0.17082691,-0.026243303,-0.16662693,-0.2829064,-0.31316653,-0.19845839,-0.14555006,-0.14331596,-0.14862512,-0.12963767,-0.25088155,-0.1941742,-0.18847646,-0.094505355,-0.109294385,-0.10702289,-0.09392566,-0.12759323,-0.1526623,-0.15746465,-0.1670695,-0.12812386,-0.0969081,-0.16398169,-0.14348379,-0.11335766,-0.18846886,-0.1706479,-0.15385199,-0.12575214,-0.115196005,-0.11292952,-0.11662802,-0.17584158,-0.13838607,-0.13444701,-0.096878245,-0.12122552,-0.091655746,-0.12434345,-0.13548551,-0.063823454,-0.13877153,-0.11419349,-0.13368951,-0.24483351,-0.2571875,-0.29957527,-0.14612466,-0.15671016,-0.13216773,-0.19104545,-0.0782174,-0.17229454,-0.1642833,-0.09859173,-0.11065883,-0.11427906,-0.076612435,-0.083404,-0.1213824,-0.13072303,-0.13855581,-0.19385117,-0.09923604,-0.15548924,-0.19487974,-0.19097728,-0.18697092,-0.111087754,-0.14294697,-0.10287933,-0.15910149,-0.1942028,-0.17261617,-0.1690081,-0.142696,-0.14254883,-0.101771355,-0.15306355,-0.16149196,-0.180771,-0.19527031,-0.12109112,-0.14719962,-0.11349265,-0.07992146,-0.14299029,-0.20725825,-0.16064042,-0.125103,-0.15657571,-0.15690626,-0.14353588,-0.19202894,-0.16242513,-0.18181653,-0.2963242,-0.19869168,-0.18116185,-0.17166874,-0.19303179,-0.15751041,-0.14054683,-0.13023065,-0.12557748,-0.13817796,-0.16327038,-0.30584824,-0.16655907,-0.18122326,-0.19270289,-0.11441202,-0.15039666,-0.14050491,-0.17781207,-0.16688067,-0.1644274,-0.14331086,-0.18237996,-0.12819162,-0.15320934,-0.13754451,-0.24156228,-0.17936641,-0.10315852,-0.13513787,-0.1418565,-0.17437941,-0.11020586,-0.13442641,-0.15207596,-0.15986544,-0.18176746,-0.15407991,-0.14915064,-0.19184028,-0.17529927,-0.16393209,-0.14723541,-0.14623587,-0.11499533,-0.10471026,-0.13488773,-0.20148799,-0.1768909,-0.12513243,-0.16561164,-0.18041904,-0.18738703,-0.11705899,-0.17621803,-0.26041228,-0.09257749,-0.09222695,-0.11472761,-0.13596034,-0.14798564,-0.09846422,-0.18892404
k__Bacteria|p__Firmicutes|c__Clostridia|o__Eubacteriales|f__Lachnospiraceae|g__Lachnospira|s__Lachnospira_sp_NSJ_43,-0.1004395,-0.12316422,-0.14134072,-0.20428483,-0.16668202,-0.19340861,-0.1666669,-0.14519805,-0.124888934,-0.18371795,-0.18296652,-0.22455549,-0.16942966,-0.20458537,-0.10331347,-0.09940157,-0.058144663,-0.09996249,-0.107665315,-0.1708337,-0.1978925,-0.12536043,-0.13646333,-0.15257505,-0.17153983,-0.11658599,-0.16746524,-0.17421982,-0.1509206,-0.12124001,-0.13513996,-0.10559681,-0.1482182,-0.19562857,-0.18921036,-0.2175087,-0.16050583,-0.22338755,-0.19680327,-0.29867563,-0.29210672,-0.19800526,-0.10740237,-0.09162698,-0.13691942,-0.15492238,-0.23188588,-0.19361158,-0.14656329,-0.2026537,-0.18342936,-0.18279888,-0.19689696,-0.19802877,-0.20295236,-0.1582652,-0.12582731,-0.14391495,-0.09245929,-0.09572981,-0.17131993,-0.14265999,-0.13743341,-0.14700773,-0.12719077,-0.15122285,-0.2613474,-0.22333384,-0.18869108,-0.20047067,-0.14591819,-0.14936113,-0.13069293,-0.14275976,-0.15113196,-0.16437382,-0.1469173,-0.16278498,-0.15923819,-0.14998752,-0.14724621,-0.15693,-0.15331489,-0.22480208,-0.120334074,-0.14154258,-0.11833081,-0.16120331,-0.17414275,-0.15549068,-0.16822244,-0.11139822,-0.1388583,-0.13027036,-0.12877624,-0.15152657,-0.1425977,-0.11574437,-0.10065024,-0.09054125,-0.10564907,-0.12063897,-0.13505016,-0.15027548,-0.16052674,-0.1185138,-0.11129953,-0.1578567,-0.17738779,-0.13388544,-0.16346295,-0.25953975,-0.14867747,-0.1325107,-0.14153889,-0.15095688,-0.17780018,-0.16326931,-0.22917573,-0.09015879,-0.11011867,-0.1347443,-0.1297481,-0.13997786,-0.17358539,-0.13908121,-0.16057305,-0.12777606,-0.07092635,-0.03704006,-0.13697934,-0.16216742,-0.17897347,-0.14332479,-0.12334781,-0.13577524,-0.12023825,-0.13831016,-0.25318068,-0.26654312,-0.0836833,-0.10945694,-0.14471428,-0.09238048,-0.18757476,-0.19007155,-0.15283817,-0.090399936,-0.13230102,-0.1495015,-0.15029584,-0.15900628,-0.17052257,-0.18401939,-0.08791503,-0.12399459,-0.14132473,-0.10256614,-0.17951453,-0.19495486,-0.19132367,-0.10021341,-0.13113372,-0.07967668,-0.12783286,-0.19006202,-0.19329497,-0.19155796,-0.123759754,-0.07558501,-0.09728542,-0.11848527,-0.1365928,-0.12406494,-0.121451,-0.09466413,-0.09672718,-0.108613804,-0.082459606,-0.11295898,-0.13241039,-0.16730589,-0.1410757,-0.13622746,-0.18093297,-0.17825818,-0.19396308,-0.14462335,-0.15549555,-0.13559046,-0.119081676,-0.14001076,-0.19117098,-0.19094914,-0.18122502,-0.19755594,-0.25103784,-0.20219928,-0.18977493,-0.19072758,-0.18237823,-0.17345451,-0.27554205,-0.08916744,-0.11956477,-0.127676,-0.15751183,-0.20931396,-0.18224281,4.279342,-0.32474133,-0.15168242,-0.3242122,-0.17325558,-0.17108874,-0.2185038,-0.17647925,-0.114121355,-0.13974035,-0.15388772,-0.15788373,-0.22984435,-0.18186735,-0.25533253,-0.1044606,-0.12455491,-0.13854337,-0.12423839,-0.15189947,-0.15526861,-0.15645817,-0.14014931,-0.15141064,-0.16331601,-0.15519898,-0.15359873,-0.152978,-0.13394828,-0.123062305,-0.14624253,-0.19038823,-0.17690209,-0.21025829,-0.3990198,-0.20197943,-0.11354783,-0.1296617,-0.11865373,-0.14793316,-0.16636807,-0.18679595,-0.19153114,-0.13154852,-0.076849125,-0.15320018,-0.13972902,-0.14106366,-0.11830935,-0.19987361,-0.1649412,-0.15841296,-0.14139394,-0.123650745,-0.12722544,-0.14610182,-0.2588673,-0.10728821,-0.13074079,-0.09132757,-0.12832497,-0.12932315,-0.1497085,-0.15209933,-0.09648975,-0.08910369,-0.12440761,-0.110549636,-0.13783139,-0.15073687,-0.17049411,-0.14295828,-0.11634528,-0.17392571,-0.15183166,-0.14243765,-0.12534058,-0.14230134,-0.17466888,-0.13176009,-0.13226539,-0.14586511,-0.1231224,-0.08722703,-0.05825615,-0.14354533,-0.17082691,-0.026243303,-0.16623822,-0.2829064,-0.31316653,-0.19796208,-0.14572403,-0.14331596,-0.14862512,-0.12963767,-0.25088155,-0.19374467,-0.18858309,-0.094724715,-0.10950017,-0.10702289,-0.09418315,-0.12759323,-0.152879,-0.15746465,-0.16714674,-0.12812386,-0.0969081,-0.16398169,-0.14397413,-0.11335766,-0.18846886,-0.1706479,-0.1538388,-0.12591964,-0.115196005,-0.11304205,-0.11662802,-0.17624727,-0.13858795,-0.13456985,-0.096878245,-0.12119734,-0.0919375,-0.12434345,-0.13604373,-0.063823454,-0.13877153,-0.11419349,-0.13369504,-0.24483351,-0.2571875,-0.29957527,-0.1461868,-0.15678321,-0.13220233,-0.19104545,-0.0782174,-0.17225628,-0.1643916,-0.09859173,-0.11065883,-0.11489305,-0.076612435,-0.083404,-0.1213824,-0.13072303,-0.13855581,-0.19385117,-0.09921409,-0.15552863,-0.19487974,-0.19086641,-0.18686347,-0.111312404,-0.14304131,-0.10323736,-0.15949884,-0.19392057,-0.17310216,-0.16891149,-0.1428185,-0.14258638,-0.101584196,-0.15322213,-0.16156507,-0.18071383,-0.19493824,-0.121324785,-0.14751802,-0.113848746,-0.080220446,-0.1428392,-0.20725825,-0.16078839,-0.125103,-0.15657571,-0.15690626,-0.14355046,-0.19202894,-0.16248511,-0.1821248,-0.2963242,-0.19668053,-0.18073314,-0.1713864,-0.19254583,-0.15731883,-0.14054683,-0.13033116,-0.12557748,-0.13831076,-0.16280024,-0.30584824,-0.16651824,-0.18118468,-0.19252785,-0.11441202,-0.15062824,-0.14051686,-0.17789063,-0.16688415,-0.16465163,-0.14331086,-0.18237996,-0.1280977,-0.15322532,-0.13713092,-0.24156228,-0.17914352,-0.103301615,-0.1351478,-0.14210102,-0.17452043,-0.1103079,-0.13449468,-0.1526123,-0.16007525,-0.18154888,-0.15437858,-0.14915606,-0.19184028,-0.17519552,-0.16444074,-0.14723541,-0.14623587,-0.11499533,-0.10471026,-0.13498537,-0.20148799,-0.17713277,-0.12513243,-0.16559657,-0.18041904,-0.18738703,-0.11705899,-0.17692892,-0.25864112,-0.09269315,-0.09242447,-0.11469875,-0.13608357,-0.14801247,-0.098441616,-0.18907994
k__Bacteria|p__Firmicutes|c__CFGB3012|o__OFGB3012|f__FGB3012|g__GGB9480|s__GGB9480_SGB14875,-0.1004395,-0.12316422,-0.14253604,-0.20428483,-0.16763845,-0.19452202,-0.1666669,-0.14568326,-0.12520862,-0.18436432,-0.1836955,-0.23501825,-0.17005906,-0.20927528,-0.10369858,-0.100468025,-0.058144663,-0.10014183,-0.108207494,-0.17148902,-0.1978925,-0.12536043,-0.13664076,-0.15275043,-0.17249192,-0.11658599,-0.16766484,-0.17456734,-0.1509206,-0.12124001,-0.13544397,-0.106431335,-0.14887786,-0.19751722,-0.19029915,-0.2175087,-0.16150238,-0.22338755,-0.19900054,-0.29867563,-0.29210672,-0.20013756,-0.10781193,-0.09162698,-0.13691942,-0.15564728,-0.23188588,-0.19475812,-0.14721175,-0.2026537,-0.18403205,-0.18279888,-0.19919866,-0.20089683,-0.20752987,-0.15845917,-0.12631911,-0.14451805,-0.092278,-0.096154444,-0.17190254,-0.14266014,-0.13743341,-0.14754464,-0.12719077,-0.1517368,-0.2613474,-0.22333384,-0.18967865,-0.20047067,-0.14634588,-0.14979964,-0.13155612,-0.1435442,-0.15142402,-0.16469969,-0.14706881,-0.16278498,-0.15994704,-0.14998752,-0.1475837,-0.15781647,-0.15370521,-0.22480208,-0.120334074,-0.14202419,-0.118823215,-0.16151953,-0.17482634,-0.15625411,-0.16871247,-0.11139822,-0.1388583,-0.13027036,-0.12899393,-0.15152657,-0.1424724,-0.11580385,-0.10065024,-0.09090524,-0.10600604,-0.12119122,-0.1356135,-0.15027548,-0.16088924,-0.1185138,-0.11129953,-0.1578567,-0.17738779,-0.13449013,-0.16491929,-0.25953975,-0.14923951,-0.13317883,-0.14250726,-0.15095688,-0.17780018,-0.16441405,-0.22917573,-0.09015879,-0.11023408,-0.13523076,-0.13034105,-0.13997786,-0.1744341,-0.13908121,-0.16057305,-0.12777606,-0.07092635,-0.03704006,-0.13774231,-0.16264749,-0.17955017,-0.14332479,-0.12334781,-0.13606314,-0.12023825,-0.13890302,-0.25318068,-0.26654312,-0.08376049,-0.10945694,-0.14509937,-0.09238048,-0.18841243,-0.19137649,-0.1536322,-0.09063324,-0.13230102,-0.15005127,-0.15096092,-0.1597178,-0.17130914,-0.18454325,-0.08829321,-0.12445264,-0.14203672,-0.10256614,-0.17951453,-0.19495486,-0.19239935,-0.10049677,-0.13113372,-0.0807198,-0.1285981,-0.19006202,-0.19453236,-0.19275683,-0.123749614,-0.07562526,-0.09774279,-0.11926161,-0.13709398,-0.12406494,-0.121451,-0.095088445,-0.09724103,-0.1090076,-0.082459606,-0.11348428,-0.13270834,-0.16778126,-0.1410757,-0.13678235,-0.18093297,-0.17825818,-0.19562352,-0.1454835,-0.15549555,-0.13613513,-0.119081676,-0.14001076,-0.19117098,-0.19261777,-0.18226734,-0.19755594,-0.25103784,-0.20219928,-0.19046265,-0.19200565,-0.18341812,-0.17486182,-0.27554205,-0.08916744,-0.11956477,-0.12808362,-0.15751183,-0.20931396,-0.18224281,-0.29657933,-0.32474133,-0.15249719,-0.3242122,-0.17325558,-0.17108874,-0.2185038,-0.17647925,-0.114121355,-0.14037164,-0.15388772,-0.15788373,-0.22984435,-0.18186735,-0.2629323,-0.10487874,-0.12455491,-0.1388918,-0.124580234,-0.15189947,-0.15553436,-0.15674548,-0.14014931,-0.15141064,-0.1636529,-0.15577981,-0.15405232,-0.1538068,-0.1347028,-0.12337747,-0.14668761,-0.1910705,-0.1777643,-0.21025829,4.3026505,-0.20542942,-0.113909364,-0.1296617,-0.11932467,-0.14841348,-0.16636807,-0.18726951,-0.1925924,-0.13194953,-0.07699915,-0.15380044,-0.1402733,-0.14106366,-0.11798027,-0.19987361,-0.1649412,-0.15901981,-0.14226872,-0.12413013,-0.12722544,-0.14610182,-0.2588673,-0.107760474,-0.13074079,-0.09132757,-0.12832497,-0.12952664,-0.15006085,-0.15226832,-0.09670657,-0.08910369,-0.1248637,-0.11103074,-0.13842228,-0.15126278,-0.17124736,-0.14342101,-0.11646956,-0.17461213,-0.15228508,-0.14286475,-0.12603694,-0.14233956,-0.17466888,-0.13176009,-0.1327154,-0.14634788,-0.12353999,-0.08722703,-0.05825615,-0.14393523,-0.17082691,-0.026243303,-0.16757897,-0.2829064,-0.31316653,-0.20001517,-0.14623818,-0.14331596,-0.14862512,-0.12963767,-0.25088155,-0.19527909,-0.18947637,-0.09482105,-0.1098266,-0.10702289,-0.09449569,5.274409,-0.15333828,-0.15746465,-0.16791168,-0.12812386,-0.0969081,-0.16398169,-0.144091,-0.11335766,-0.18846886,-0.1706479,-0.15449879,-0.12620652,-0.115196005,-0.11355397,-0.11662802,-0.17669845,-0.13906175,-0.1351147,-0.096878245,-0.12187813,-0.092083454,-0.12434345,-0.13593613,-0.063823454,-0.13877153,-0.11419349,-0.13436553,-0.24483351,-0.2571875,-0.29957527,-0.14692089,-0.15743777,-0.13286296,-0.19104545,-0.0782174,-0.17331886,-0.16504353,-0.09859173,-0.11065883,-0.11456764,-0.076612435,-0.083404,-0.1213824,-0.13072303,-0.13855581,-0.19385117,-0.09967971,-0.15629867,-0.19487974,-0.19191879,-0.1879875,-0.11162017,-0.14346841,-0.103259504,-0.15996152,-0.1953944,-0.17381206,-0.16985618,-0.14337757,-0.14328255,-0.10230832,-0.15386051,-0.16220139,-0.18170135,-0.19657362,-0.12165785,-0.14791283,-0.11395575,-0.0802044,-0.14393389,-0.20725825,-0.16137257,-0.125103,-0.15657571,-0.15690626,-0.14416543,-0.19202894,-0.16308361,-0.1826283,-0.2963242,-0.20034604,-0.18218577,-0.1725695,-0.19431426,-0.15832031,-0.14054683,-0.13088831,-0.12557748,-0.1388147,-0.16439915,-0.30584824,-0.16708153,-0.18210512,-0.19365743,-0.11441202,-0.15110499,-0.14118743,-0.17870581,-0.16760257,-0.16521373,-0.14331086,-0.18237996,-0.12883425,-0.15392946,-0.1384997,-0.24156228,-0.18018612,-0.10370134,-0.13559178,-0.14252585,-0.17530054,-0.11060715,-0.13499367,-0.15277898,-0.16077136,-0.18256158,-0.15483242,-0.14987005,-0.19184028,-0.17601846,-0.16458917,-0.14723541,-0.14623587,-0.11499533,-0.10471026,-0.13564467,-0.20148799,-0.17768997,-0.12513243,-0.16623543,-0.18041904,-0.18738703,-0.11705899,-0.17704943,-0.26297867,-0.093008384,-0.0926204,-0.1152787,-0.13670744,-0.14877498,-0.09892073,-0.18993582
k__Bacteria|p__Firmicutes|c__CFGB14224|o__OFGB14224|f__FGB14224|g__GGB38873|s__GGB38873_SGB47522,-0.1004395,-0.12316422,-0.14299387,-0.20428483,-0.16830799,-0.19556482,-0.1666669,-0.14596382,-0.12583011,-0.18522324,-0.18529701,-0.22764549,-0.17139807,-0.20764019,-0.103396,-0.099622875,-0.058144663,-0.099547155,-0.10801542,-0.17225707,-0.1978925,-0.12536043,-0.13691732,-0.1530329,-0.17294799,-0.11658599,-0.16897714,-0.17515855,-0.1509206,-0.12124001,-0.13591145,-0.10616689,-0.14939082,-0.19789961,-0.19094625,-0.2175087,-0.1620487,-0.22338755,-0.19938791,-0.29867563,-0.29210672,-0.20031244,-0.107474655,-0.09162698,-0.13691942,-0.15634298,-0.23188588,-0.19604935,-0.14747511,-0.2026537,-0.18573567,-0.18279888,-0.19929525,-0.20022617,-0.20500746,-0.15877035,-0.12621689,-0.14466359,-0.09190506,-0.095586255,-0.17256467,-0.14303502,-0.13743341,-0.14788786,-0.12719077,-0.15276432,-0.2613474,-0.22333384,-0.19058453,-0.20047067,-0.1464278,-0.15017304,-0.13136268,-0.14357919,-0.15124756,-0.1648815,-0.14728878,-0.16278498,-0.16090009,-0.14998752,-0.14801334,-0.15840104,-0.15425183,-0.22480208,-0.120334074,-0.14241682,-0.1187515,-0.16197914,-0.17522326,-0.15695658,-0.16945848,-0.11139822,-0.1388583,-0.13027036,-0.12917209,-0.15152657,-0.14350021,-0.115775116,-0.10065024,-0.09049797,-0.10566812,-0.12094227,-0.1357179,-0.15027548,-0.161416,-0.1185138,-0.11129953,-0.1578567,-0.17738779,-0.13421454,-0.1653603,-0.25953975,-0.14978042,-0.1335195,-0.14263105,-0.15095688,-0.17780018,-0.16542208,-0.22917573,-0.09015879,-0.11047676,-0.13548481,-0.13024887,-0.13997786,-0.17548884,-0.13908121,-0.16057305,-0.12777606,-0.07092635,-0.03704006,-0.13820258,-0.16324446,-0.18036032,-0.14332479,-0.12334781,-0.13681938,-0.12023825,-0.13885802,-0.25318068,-0.26654312,-0.0832738,-0.10945694,-0.14517364,-0.09238048,-0.18983391,-0.192203,-0.1543602,-0.09022428,-0.13230102,-0.1506525,-0.15142155,-0.16011094,-0.17194189,-0.18501133,-0.08790748,-0.12433114,-0.14195032,-0.10256614,-0.17951453,-0.19495486,-0.19282374,-0.100135446,-0.13113372,-0.07923624,-0.12850311,-0.19006202,-0.19516794,-0.19360608,-0.12366467,-0.07513714,-0.097304784,-0.11909577,-0.13736671,-0.12406494,-0.121451,-0.094510004,-0.0969206,-0.10890658,-0.082459606,-0.1133849,-0.13304815,-0.16833618,-0.1410757,-0.13726267,-0.18093297,-0.17825818,-0.19636497,-0.14577009,-0.15549555,-0.13605297,-0.119081676,-0.14001076,-0.19117098,-0.19334023,-0.18319838,-0.19755594,-0.25103784,-0.20219928,-0.1921459,-0.19319096,-0.18439978,-0.17577593,-0.27554205,-0.08916744,-0.11956477,-0.12878972,-0.15751183,-0.20931396,-0.18224281,-0.29657933,-0.32474133,-0.1566082,-0.3242122,-0.17325558,-0.17108874,-0.2185038,-0.17647925,-0.114121355,-0.1410006,-0.15388772,-0.15788373,-0.22984435,-0.18186735,-0.26084995,-0.1045488,-0.12455491,-0.13937137,-0.1246115,-0.15189947,-0.15595758,-0.15697503,-0.14014931,-0.15141064,-0.163912,-0.15636398,-0.15447038,-0.1542961,-0.13484447,-0.12343474,-0.1473064,-0.19168998,-0.17851992,-0.21025829,-0.3990198,-0.20690659,-0.11386179,-0.1296617,-0.11900303,-0.14882912,-0.16636807,-0.1881984,-0.19356269,-0.13240312,-0.076419175,-0.15397945,-0.14066482,-0.14106366,-0.11805671,-0.19987361,-0.1649412,-0.16013378,-0.14259015,-0.12421059,-0.12722544,-0.14610182,-0.2588673,-0.107571706,-0.13074079,-0.09132757,-0.12832497,-0.1295159,-0.15077604,-0.15259911,-0.09627476,-0.08910369,-0.12488032,-0.11089876,-0.13876326,-0.15187651,-0.17164762,-0.14373766,-0.116818935,-0.17551333,-0.15296426,-0.14310578,-0.12615636,-0.14266673,-0.17466888,-0.13176009,-0.13290823,-0.14674035,-0.12342386,-0.08722703,-0.05825615,-0.14439517,-0.17082691,-0.026243303,-0.1689006,-0.2829064,-0.31316653,-0.2013027,-0.14651543,-0.14331596,-0.14862512,-0.12963767,-0.25088155,-0.19581598,-0.19017336,-0.09450051,-0.10957495,-0.10702289,-0.09340019,-0.12759323,-0.1542505,-0.15746465,-0.1684285,-0.12812386,-0.0969081,-0.16398169,-0.14416006,-0.11335766,-0.18846886,3.449505,-0.15495956,-0.12626424,1.8308067,-0.11311985,-0.11662802,-0.17761198,-0.13911071,-0.13503343,-0.096878245,-0.12178805,-0.091582194,-0.12434345,-0.13650082,-0.063823454,-0.13877153,-0.11419349,-0.13451862,-0.24483351,-0.2571875,-0.29957527,-0.14710283,-0.157885,-0.13278541,-0.19104545,-0.0782174,-0.17401633,-0.1654988,-0.09859173,-0.11065883,-0.11479762,-0.076612435,-0.083404,-0.1213824,-0.13072303,-0.13855581,-0.19385117,-0.0989434,-0.15680271,-0.19487974,-0.19303575,-0.18869546,-0.111455664,-0.14413844,-0.102998964,-0.16004202,-0.19607064,-0.17393064,-0.170609,-0.14368713,-0.14344089,-0.10215832,-0.15439594,-0.16293237,-0.18285584,-0.19738589,-0.12158586,-0.14827953,-0.114303,-0.079835,-0.1437619,-0.20725825,-0.16196987,-0.125103,-0.15657571,-0.15690626,-0.14484298,-0.19202894,-0.16378379,-0.18335739,-0.2963242,-0.20166668,-0.1832752,-0.17364073,-0.19525301,-0.1589775,-0.14054683,-0.13094342,-0.12557748,-0.13925308,-0.1646745,-0.30584824,-0.16835523,-0.18257193,-0.19478744,-0.11441202,-0.15154985,-0.14162105,-0.17962678,-0.16816232,-0.16578123,-0.14331086,-0.18237996,-0.12911704,-0.15455511,-0.13812888,-0.24156228,-0.18170084,-0.10328008,-0.1362266,-0.14259657,-0.17573148,-0.11066031,-0.13539466,-0.1530188,-0.16106674,-0.1838192,-0.15492299,-0.14992057,-0.19184028,-0.17690372,-0.16508713,-0.14723541,-0.14623587,-0.11499533,-0.10471026,-0.13581109,-0.20148799,-0.17832187,-0.12513243,-0.16795927,-0.18041904,-0.18738703,-0.11705899,-0.1773439,-0.26336318,-0.09259455,-0.09223997,-0.11529921,-0.13676834,-0.14894646,-0.098626465,-0.19082649
k__Bacteria|p__Firmicutes|c__Bacilli|o__Lactobacillales|f__Lactobacillaceae|g__Lactobacillus|s__Lactobacillus_helveticus,-0.1004395,-0.12316422,-0.14215824,-0.20428483,-0.16649695,-0.19356379,-0.1666669,-0.14498872,-0.1252101,-0.18309456,-0.1836852,-0.23129913,-0.17005183,-0.20636813,-0.10361626,-0.100068755,-0.058144663,-0.09988007,-0.10807121,-0.17062736,-0.1978925,-0.12536043,-0.136233,-0.152028,-0.17149714,-0.11658599,-0.16711044,-0.17352138,-0.1509206,-0.12124001,-0.13500142,-0.10625182,-0.14834931,-0.19604766,-0.18909407,-0.2175087,-0.16047485,-0.22338755,-0.19724266,-0.29867563,-0.29210672,-0.19859241,-0.10738316,-0.09162698,-0.13691942,-0.15505624,-0.23188588,-0.19367406,-0.14651734,-0.2026537,-0.18293533,-0.18279888,-0.19765243,-0.19985402,-0.20561007,-0.15730119,-0.1258664,-0.14379573,-0.09232789,-0.095988706,-0.17083445,-0.14229195,-0.13743341,-0.14693528,-0.12719077,-0.15123728,-0.2613474,-0.22333384,-0.18832724,-0.20047067,-0.1455605,-0.14913109,-0.13098532,-0.14294043,-0.15049264,-0.16360027,-0.14619356,-0.16278498,-0.15929042,-0.14998752,-0.14692071,-0.15716419,-0.15317312,-0.22480208,-0.120334074,-0.14153403,-0.11858547,-0.16052355,-0.17363724,-0.15592584,-0.16786236,-0.11139822,-0.1388583,-0.13027036,-0.12856022,-0.15152657,-0.14232755,-0.115597904,-0.10065024,-0.09099257,-0.10574936,-0.12059438,-0.13497478,-0.15027548,-0.16000274,-0.1185138,-0.11129953,-0.1578567,-0.17738779,-0.13405035,-0.16419265,-0.25953975,-0.14863274,-0.13294564,-0.14207102,-0.15095688,-0.17780018,-0.16372003,-0.22917573,-0.09015879,-0.11025843,-0.13485572,-0.12994912,-0.13997786,-0.1737507,-0.13908121,-0.16057305,-0.12777606,-0.07092635,-0.03704006,-0.13718113,-0.16187531,-0.17858246,-0.14332479,-0.12334781,-0.1357242,-0.12023825,-0.13838011,-0.25318068,-0.26654312,-0.08385368,-0.10945694,-0.14437915,-0.09238048,-0.18753985,-0.19030005,-0.1533364,-0.09062642,-0.13230102,-0.14952664,-0.15039924,-0.15892728,-0.17038813,-0.18315518,-0.08841878,-0.12400621,-0.1411762,-0.10256614,-0.17951453,-0.19495486,-0.19105348,-0.100408636,-0.13113372,-0.08078706,-0.12812503,-0.19006202,-0.19319148,-0.19162786,-0.12332152,-0.0758145,-0.09754292,-0.11895118,-0.13669315,-0.12406494,-0.121451,-0.09504116,-0.09725062,-0.10887003,-0.082459606,-0.113259666,-0.13230073,-0.16669859,-0.1410757,-0.13643464,-0.18093297,-0.17825818,-0.1944679,-0.14485824,-0.15549555,-0.13554677,-0.119081676,-0.14001076,-0.19117098,-0.19134377,-0.18145955,-0.19755594,-0.25103784,-0.20219928,-0.18973437,-0.19098468,-0.18257757,-0.17407703,-0.27554205,-0.08916744,-0.11956477,-0.12799717,-0.15751183,-0.20931396,-0.18224281,-0.29657933,-0.32474133,-0.15505773,-0.3242122,-0.17325558,-0.17108874,-0.2185038,-0.17647925,-0.114121355,-0.14000955,-0.15388772,-0.15788373,-0.22984435,-0.18186735,-0.25991648,-0.104745075,-0.12455491,-0.13848582,-0.12418113,-0.15189947,-0.15478268,-0.15574521,-0.14014931,-0.15141064,-0.16261607,-0.15508062,-0.15337588,-0.15325569,-0.1342772,-0.123056635,-0.14615205,-0.18991503,-0.17714499,-0.21025829,-0.3990198,-0.20537533,-0.113681674,-0.1296617,-0.11883255,-0.14792581,-0.16636807,-0.18606715,-0.19138652,-0.13174471,-0.07718058,-0.15283549,-0.13974018,-0.14106366,-0.11799068,-0.19987361,-0.1649412,-0.15855761,-0.14199181,-0.12388667,-0.12722544,-0.14610182,-0.2588673,-0.10764103,-0.13074079,-0.09132757,-0.12832497,-0.12905483,-0.14958186,-0.1514394,-0.09661617,-0.08910369,-0.12450881,-0.11079693,-0.13798445,-0.15070997,-0.17020768,-0.14284761,-0.11641531,-0.1737113,-0.15183842,-0.14232028,-0.1258514,-0.14173019,-0.17466888,-0.13176009,-0.13230245,-0.14579952,-0.1231969,-0.08722703,-0.05825615,-0.14355528,-0.17082691,-0.026243303,-0.1668027,-0.2829064,-0.31316653,-0.19988239,-0.1455894,-0.14331596,-0.14862512,-0.12963767,-0.25088155,-0.1938579,-0.18821561,-0.09499391,-0.10946665,-0.10702289,-0.094298,-0.12759323,-0.15300992,-0.15746465,-0.16695632,-0.12812386,-0.0969081,-0.16398169,-0.14327599,-0.11335766,-0.18846886,-0.1706479,-0.15384799,-0.12587416,-0.115196005,-0.11328338,-0.11662802,-0.17564142,-0.13845047,-0.13444118,-0.096878245,-0.12157793,-0.092006445,-0.12434345,-0.13558286,-0.063823454,-0.13877153,-0.11419349,-0.1339018,-0.24483351,-0.2571875,-0.29957527,-0.14619607,-0.15670994,-0.13238916,-0.19104545,-0.0782174,-0.17244299,-0.16414788,-0.09859173,-0.11065883,-0.11443806,-0.076612435,-0.083404,-0.1213824,-0.13072303,-0.13855581,-0.19385117,-0.09946594,-0.15549718,-0.19487974,-0.19089872,-0.1868975,-0.11134125,-0.14307112,-0.10307539,-0.15868056,-0.19412574,-0.17275806,-0.16893265,-0.1428048,-0.14260723,-0.10244301,-0.15331963,-0.16145016,-0.18097901,-0.19530916,-0.12126299,-0.14717129,-0.11387431,-0.08045834,-0.14331385,-0.20725825,-0.16044435,-0.125103,-0.15657571,-0.15690626,-0.14374429,-0.19202894,-0.16233951,-0.1814821,-0.2963242,-0.19937101,-0.1815742,-0.17175406,-0.19327913,-0.15788351,-0.14054683,-0.13041082,-0.12557748,-0.13842528,-0.16341265,-0.30584824,-0.16683993,-0.18078908,-0.19246505,-0.11441202,-0.1505051,-0.14058948,-0.17784083,-0.16673659,-0.16425249,-0.14331086,-0.18237996,-0.12852293,-0.15350541,-0.13817382,-0.24156228,-0.17925927,-0.10346101,-0.1353654,-0.14188185,-0.17400631,-0.11055961,-0.13468665,-0.15183672,-0.15972102,-0.18169941,-0.15403123,-0.14896062,-0.19184028,-0.17514162,-0.16364488,-0.14723541,-0.14623587,-0.11499533,-0.10471026,-0.13525742,-0.20148799,-0.17652312,-0.12513243,-0.16573419,-0.18041904,-0.18738703,-0.11705899,-0.17593405,-0.25992662,-0.092996135,-0.09262583,-0.1150379,-0.13615814,-0.14810881,-0.098991334,-0.18857686
k__Bacteria|p__Firmicutes|c__Clostridia|o__Eubacteriales|f__Lachnospiraceae|g__GGB3424|s__GGB3424_SGB4551,-0.1004395,-0.12316422,-0.14115682,-0.20428483,-0.16630816,-0.19362134,-0.1666669,-0.14516294,-0.12501243,-0.18380696,-0.18328735,-0.2202943,-0.170088,-0.20335257,-0.10323818,-0.0987806,-0.058144663,-0.09990403,-0.107486024,-0.17095348,-0.1978925,-0.12536043,-0.13653715,-0.15266454,-0.17143048,-0.11658599,-0.16760498,-0.1742858,-0.1509206,-0.12124001,-0.13516858,-0.10549324,-0.14827764,-0.19555819,-0.18945327,-0.2175087,-0.15990047,-0.22338755,-0.19608518,-0.29867563,-0.29210672,-0.19832313,-0.107418,-0.09162698,-0.13691942,-0.15469843,-0.23188588,-0.19358593,-0.14691134,-0.2026537,-0.1831272,-0.18279888,-0.19622183,-0.19746009,-0.20203778,-0.1588986,-0.12581193,-0.1439815,-0.09242065,-0.09556107,-0.17156392,-0.14272222,-0.13743341,-0.14699791,-0.12719077,-0.1513495,-0.2613474,-0.22333384,-0.18865278,-0.20047067,-0.14600682,-0.14939359,-0.130638,-0.14273453,-0.15149012,-0.1643087,-0.14710677,-0.16278498,-0.15887791,-0.14998752,-0.14723916,-0.15685077,-0.15346546,-0.22480208,-0.120334074,-0.14157219,-0.11819309,-0.16145088,-0.17424193,-0.15528384,-0.16831046,-0.11139822,-0.1388583,-0.13027036,-0.12904245,-0.15152657,-0.14294587,-0.115662396,-0.10065024,-0.090418175,-0.10575576,-0.12069306,-0.135172,-0.15027548,-0.16065434,-0.1185138,-0.11129953,-0.1578567,-0.17738779,-0.13369143,-0.16309719,-0.25953975,-0.14861336,-0.1324554,-0.14139986,-0.15095688,-0.17780018,-0.16324276,-0.22917573,-0.09015879,-0.11003565,-0.13471152,-0.1297135,-0.13997786,-0.17355134,-0.13908121,-0.16057305,-0.12777606,-0.07092635,-0.03704006,-0.13706236,-0.16253886,-0.17892732,-0.14332479,-0.12334781,-0.13592243,-0.12023825,-0.13841863,-0.25318068,-0.26654312,-0.083683744,-0.10945694,-0.1450445,-0.09238048,-0.18790165,-0.19000751,-0.15295622,-0.09039755,-0.13230102,-0.14951918,-0.15023933,-0.15894108,-0.17055368,-0.18438146,-0.08776678,-0.123750776,-0.14092687,-0.10256614,-0.17951453,-0.19495486,-0.19137457,-0.10025908,-0.13113372,-0.07941657,-0.12803608,-0.19006202,-0.19333774,-0.19159201,-0.12374285,-0.07543866,-0.09725045,-0.11837897,-0.13667396,-0.12406494,-0.121451,-0.09452786,-0.09669936,-0.10869444,-0.082459606,-0.11314576,-0.13280228,-0.1674774,-0.1410757,-0.13609102,-0.18093297,-0.17825818,-0.19388789,-0.14474894,-0.15549555,-0.1355492,-0.119081676,-0.14001076,-0.19117098,-0.19062516,-0.18095775,-0.19755594,-0.25103784,-0.20219928,-0.19022058,-0.19058573,-0.18252927,-0.1735331,-0.27554205,-0.08916744,-0.11956477,-0.12788053,-0.15751183,-0.20931396,-0.18224281,-0.29657933,-0.32474133,-0.1512701,-0.3242122,-0.17325558,-0.17108874,-0.2185038,-0.17647925,-0.114121355,-0.13963287,-0.15388772,-0.15788373,-0.22984435,-0.18186735,-0.25408208,-0.10441357,-0.12455491,-0.13867599,-0.12440739,-0.15189947,-0.15561265,-0.15674192,-0.14014931,-0.15141064,-0.16349599,-0.15504146,-0.15366033,-0.15286091,-0.13393658,-0.123086594,-0.14636162,-0.19055372,-0.17712204,-0.21025829,-0.3990198,-0.20286715,-0.11362996,-0.1296617,-0.118770584,-0.14809766,-0.16636807,-0.18712637,-0.19159144,-0.13141833,-0.076994136,-0.1534282,-0.13982253,-0.14106366,-0.11829522,-0.19987361,-0.1649412,-0.15823925,-0.14127694,-0.12361879,-0.12722544,-0.14610182,-0.2588673,-0.10723457,-0.13074079,-0.09132757,-0.12832497,-0.1295476,-0.1498684,-0.15225792,-0.096456625,-0.08910369,-0.12450219,-0.110562116,-0.13787647,-0.15090278,-0.17053181,-0.14301097,-0.11652158,-0.17392135,-0.15202045,-0.14254318,-0.12528585,-0.14261398,-0.17466888,-0.13176009,-0.13242859,-0.14586873,-0.12308029,-0.08722703,-0.05825615,-0.14357139,-0.17082691,-0.026243303,-0.16571361,-0.2829064,-0.31316653,-0.19842872,-0.14573857,-0.14331596,-0.14862512,-0.12963767,-0.25088155,-0.19364515,-0.18876585,-0.09483321,-0.10946055,-0.10702289,-0.09431082,-0.12759323,-0.15303174,-0.15746465,-0.1669782,-0.12812386,-0.0969081,-0.16398169,-0.1441454,-0.11335766,-0.18846886,-0.1706479,-0.153709,-0.12587619,-0.115196005,-0.11300674,-0.11662802,-0.17653191,-0.13860989,-0.13464352,-0.096878245,-0.12115534,-0.09206281,-0.12434345,-0.13617891,-0.063823454,-0.13877153,-0.11419349,-0.13364604,-0.24483351,-0.2571875,-0.29957527,-0.14616291,-0.15677476,-0.13232045,-0.19104545,-0.0782174,-0.1725433,-0.16419592,-0.09859173,-0.11065883,-0.11504154,-0.076612435,-0.083404,-0.1213824,-0.13072303,-0.13855581,-0.19385117,-0.09913379,-0.15544754,-0.19487974,-0.19091167,-0.18684107,-0.11141982,-0.14299937,-0.10357617,-0.15962812,-0.19388756,-0.1733726,-0.16887477,-0.14283639,-0.14252678,-0.101365924,-0.1533112,-0.16141859,-0.18075478,-0.19483261,-0.1215199,-0.1476318,-0.11395192,-0.080347165,-0.14259082,2.798339,-0.16079405,-0.125103,-0.15657571,-0.15690626,-0.1434454,-0.19202894,-0.16250908,-0.18234812,-0.2963242,-0.19615595,-0.18070626,-0.17137131,-0.19264565,-0.15725532,-0.14054683,-0.130395,-0.12557748,-0.13839811,-0.16234548,-0.30584824,-0.16651142,-0.18128881,-0.19245043,-0.11441202,-0.15080658,-0.1404976,-0.17788737,-0.16682036,-0.16473523,-0.14331086,-0.18237996,-0.12802331,-0.1530585,-0.13672745,-0.24156228,-0.17922875,-0.10327576,-0.13502492,-0.14226094,-0.17461416,-0.110348865,-0.13462661,-0.15281224,-0.15996356,-0.18147972,-0.15458629,-0.14918305,-0.19184028,-0.17521934,-0.16461694,-0.14723541,-0.14623587,-0.11499533,-0.10471026,-0.13513622,-0.20148799,-0.17726001,-0.12513243,-0.16514544,-0.18041904,-0.18738703,-0.11705899,-0.17737031,-0.258535,-0.09262462,-0.09243119,-0.114667416,-0.13618624,-0.14801729,-0.09853211,-0.1892275
k__Bacteria|p__Firmicutes|c__Bacilli|o__Bacillales|f__Staphylococcaceae|g__Staphylococcus|s__Staphylococcus_hominis,-0.1004395,-0.12316422,-0.14194971,-0.20428483,-0.16697896,-0.19412124,-0.1666669,-0.14496073,-0.12446846,-0.18340601,-0.18286814,-0.23677517,-0.1698059,-0.20898102,-0.10325146,-0.100142896,-0.058144663,-0.09958024,-0.10770213,-0.1709121,-0.1978925,-0.12536043,-0.13605866,-0.1521502,-0.17192401,-0.11658599,-0.16682282,-0.17401561,-0.1509206,-0.12124001,-0.13469905,-0.10585194,-0.14817607,-0.19687566,-0.18968493,-0.2175087,-0.16110012,-0.22338755,-0.19840734,-0.29867563,-0.29210672,-0.19964941,-0.10731052,-0.09162698,-0.13691942,-0.15502968,-0.23188588,-0.19412467,-0.14670327,-0.2026537,-0.18314414,-0.18279888,-0.19843453,-0.20087776,-0.20760933,-0.15777706,-0.12578504,-0.14393903,-0.09183945,-0.09566299,-0.17114443,-0.1421408,-0.13743341,-0.14695793,-0.12719077,-0.15096563,-0.2613474,-0.22333384,-0.18904528,-0.20047067,-0.14577103,-0.14916192,-0.1310021,-0.1429245,-0.15087906,-0.16408649,-0.14656234,-0.16278498,-0.15930751,-0.14998752,-0.14683446,-0.15718359,-0.15313229,-0.22480208,-0.120334074,-0.14136721,-0.11830307,-0.16081329,-0.17422545,-0.15576527,-0.16806361,-0.11139822,-0.1388583,-0.13027036,-0.12830037,-0.15152657,-0.14166984,-0.11526959,-0.10065024,-0.090293586,-0.10542853,-0.12060725,-0.13499054,-0.15027548,-0.16021782,-0.1185138,-0.11129953,-0.1578567,-0.17738779,-0.13416803,-0.16427751,-0.25953975,-0.14861633,-0.13254985,-0.14188936,-0.15095688,-0.17780018,-0.16389906,-0.22917573,-0.09015879,-0.1095671,-0.13459277,-0.12978873,-0.13997786,-0.17373572,-0.13908121,-0.16057305,-0.12777606,-0.07092635,-0.03704006,-0.13693453,-0.16199204,-0.17891487,-0.14332479,-0.12334781,-0.13523832,-0.12023825,-0.13821451,-0.25318068,-0.26654312,-0.083266914,-0.10945694,-0.14443374,-0.09238048,-0.18759999,-0.1906553,-0.1530078,-0.09015505,-0.13230102,-0.14937626,-0.15034232,-0.15914392,-0.17069297,-0.1839172,-0.0878512,-0.12400951,-0.14147064,-0.10256614,-0.17951453,-0.19495486,-0.19197601,-0.09996975,-0.13113372,-0.0803835,-0.12790495,-0.19006202,-0.19394983,-0.19217633,-0.123289436,-0.07514926,-0.09720358,-0.11865798,-0.13640526,-0.12406494,-0.121451,-0.09470262,-0.09670698,-0.108392805,-0.082459606,-0.11279622,-0.1319569,-0.16710892,-0.1410757,-0.13614443,-0.18093297,-0.17825818,-0.19510172,-0.1448586,-0.15549555,-0.1356395,-0.119081676,-0.14001076,-0.19117098,-0.19211692,-0.18175952,-0.19755594,-0.25103784,-0.20219928,-0.1897664,-0.1912365,-0.18274215,-0.17414531,-0.27554205,-0.08916744,-0.11956477,-0.12724122,-0.15751183,-0.20931396,-0.18224281,-0.29657933,-0.32474133,-0.15193102,-0.3242122,-0.17325558,-0.17108874,-0.2185038,-0.17647925,-0.114121355,-0.13964891,-0.15388772,-0.15788373,-0.22984435,-0.18186735,-0.26303697,-0.104388945,-0.12455491,-0.13812658,-0.12392551,-0.15189947,-0.15489307,-0.15616024,-0.14014931,-0.15141064,-0.16301858,-0.15515979,-0.15346496,-0.15318689,-0.13412705,-0.122722454,-0.14591244,-0.1903126,-0.17735378,-0.21025829,-0.3990198,-0.20512992,-0.113335535,-0.1296617,-0.11869721,-0.14768842,-0.16636807,-0.18650204,-0.19193245,-0.13136387,-0.07644585,-0.15307924,-0.13955268,-0.14106366,-0.11765362,-0.19987361,-0.1649412,-0.15832673,-0.14176889,-0.123451345,-0.12722544,-0.14610182,-0.2588673,-0.10728069,-0.13074079,-0.09132757,-0.12832497,-0.12888917,-0.14932398,-0.1516882,-0.09623359,-0.08910369,-0.124216676,-0.1103806,-0.13782397,-0.15052545,-0.17071204,-0.14280815,-0.11576943,-0.17386615,-0.15160802,-0.14224817,-0.12545235,-0.14184555,-0.17466888,-0.13176009,-0.13212326,-0.14564735,-0.123077944,-0.08722703,-0.05825615,-0.14332548,-0.17082691,-0.026243303,-0.16701975,-0.2829064,-0.31316653,-0.19979107,-0.1456637,2.0980923,-0.14862512,-0.12963767,-0.25088155,-0.19489951,-0.18893686,-0.09431554,-0.10924412,-0.10702289,-0.09402558,-0.12759323,-0.15265813,-0.15746465,-0.16735193,-0.12812386,-0.0969081,-0.16398169,-0.143464,-0.11335766,-0.18846886,-0.1706479,-0.15397748,-0.12570596,-0.115196005,-0.11307573,-0.11662802,-0.1759561,-0.13852681,-0.13451901,-0.096878245,-0.12129253,-0.09151268,-0.12434345,-0.13525683,-0.063823454,-0.13877153,-0.11419349,-0.13367474,-0.24483351,-0.2571875,-0.29957527,-0.14635631,-0.15676594,-0.13230315,-0.19104545,-0.0782174,-0.17275307,-0.16432332,-0.09859173,-0.11065883,-0.11390546,-0.076612435,-0.083404,-0.1213824,-0.13072303,-0.13855581,-0.19385117,-0.09939636,-0.15565968,-0.19487974,-0.1912606,-0.18741718,-0.1110891,-0.14275964,-0.10274331,-0.15922613,-0.19485085,-0.1733779,-0.16908121,-0.14278328,-0.14271943,-0.101798445,-0.1531566,-0.1615231,-0.18099603,-0.19597033,-0.12109459,-0.1472196,-0.11326991,-0.07956004,-0.14346953,-0.20725825,-0.16084555,-0.125103,-0.15657571,-0.15690626,-0.143554,-0.19202894,-0.16247997,-0.18196799,-0.2963242,-0.19985655,-0.18129471,-0.17159048,-0.19363466,-0.15765107,-0.14054683,-0.13030896,-0.12557748,-0.13818994,-0.16388355,-0.30584824,-0.16647272,-0.1812627,-0.19297741,-0.11441202,-0.15032108,-0.14050606,-0.1781027,-0.16698942,-0.16460231,-0.14331086,-0.18237996,-0.12831473,-0.15320703,-0.13810268,-0.24156228,-0.17940724,-0.103229344,-0.13492002,-0.14195816,-0.17459321,-0.11007843,-0.13430838,-0.15212427,-0.1602174,-0.181808,-0.15432772,-0.14928773,-0.19184028,-0.17544834,-0.16401994,-0.14723541,-0.14623587,-0.11499533,-0.10471026,-0.1349988,-0.20148799,-0.17715156,-0.12513243,-0.16533482,-0.18041904,-0.18738703,-0.11705899,-0.17650433,-0.26208192,-0.09256707,-0.09208855,-0.11463401,-0.13608369,-0.14816156,-0.09838463,-0.1891994
k__Bacteria|p__Firmicutes|c__Negativicutes|o__Veillonellales|f__Veillonellaceae|g__Veillonella|s__Veillonella_SGB6928,-0.1004395,-0.12316422,-0.1418333,-0.20428483,-0.16704021,-0.19305062,-0.1666669,-0.14486137,-0.12486163,-0.18291715,-0.18342674,-0.22987114,-0.16782501,-0.20582643,-0.10298981,-0.09924673,-0.058144663,-0.09949829,-0.10772704,-0.1704894,-0.1978925,-0.12536043,-0.13602085,-0.15193188,-0.17115483,-0.11658599,-0.1670016,-0.1733606,-0.1509206,-0.12124001,-0.13487959,-0.10569422,-0.1481756,-0.19550689,-0.18861282,-0.2175087,-0.16101104,-0.22338755,-0.19722393,-0.29867563,-0.29210672,-0.19792461,-0.1068488,-0.09162698,-0.13691942,-0.15485966,-0.23188588,-0.19355346,-0.14620054,-0.2026537,-0.18391605,-0.18279888,-0.19780695,-0.19898903,-0.20458448,-0.15623322,-0.12551522,-0.14343058,-0.09190046,-0.095492914,-0.17074928,-0.14196885,-0.13743341,-0.14669494,-0.12719077,-0.15077311,-0.2613474,-0.22333384,-0.1886312,-0.20047067,-0.1453034,-0.14889985,-0.1306414,-0.14257836,-0.15000412,-0.16358975,-0.14597112,-0.16278498,-0.15941219,-0.14998752,-0.14688665,-0.1569987,-0.15290593,-0.22480208,-0.120334074,-0.14122611,-0.11822995,-0.1603528,-0.17361777,-0.15575781,-0.16773644,-0.11139822,-0.1388583,-0.13027036,-0.12821668,-0.15152657,-0.14219522,-0.11516027,-0.10065024,-0.090366535,-0.10507001,-0.12013063,-0.13465664,-0.15027548,-0.15982677,-0.1185138,-0.11129953,-0.1578567,-0.17738779,-0.13340908,-0.16427298,-0.25953975,-0.14845178,-0.1326272,-0.14168233,-0.15095688,-0.17780018,-0.16370416,-0.22917573,-0.09015879,-0.11007825,-0.13460898,-0.12947057,-0.13997786,-0.17359748,-0.13908121,-0.16057305,-0.12777606,-0.07092635,-0.03704006,-0.13705257,-0.16162369,-0.17847925,-0.14332479,-0.12334781,-0.1353926,-0.12023825,-0.13795629,-0.25318068,-0.26654312,-0.083250806,-0.10945694,-0.14385065,-0.09238048,-0.18732233,-0.19025737,-0.15280423,-0.09008254,-0.13230102,-0.14931959,-0.15014741,-0.15865704,-0.17023642,-0.18279815,-0.08784263,-0.12358083,-0.14102802,-0.10256614,-0.17951453,-0.19495486,-0.19054845,-0.09997206,-0.13113372,-0.079836585,-0.12750809,-0.19006202,-0.19299656,-0.19138646,-0.12303752,-0.075157106,-0.096909426,-0.11841923,-0.13626033,-0.12406494,-0.121451,-0.09442474,-0.09649417,-0.10821663,-0.082459606,-0.112547696,-0.13177909,-0.16646747,-0.1410757,-0.13626355,-0.18093297,-0.17825818,-0.19400808,-0.1445179,-0.15549555,-0.1351457,-0.119081676,-0.14001076,-0.19117098,-0.19116507,-0.1814447,-0.19755594,-0.25103784,-0.20219928,-0.18984091,-0.19113582,-0.18220934,-0.17395294,-0.27554205,-0.08916744,-0.11956477,-0.12779951,-0.15751183,-0.20931396,-0.18224281,-0.29657933,-0.32474133,-0.15373774,-0.3242122,-0.17325558,-0.17108874,-0.2185038,-0.17647925,-0.114121355,-0.13988625,-0.15388772,-0.15788373,-0.22984435,-0.18186735,-0.257821,-0.10427623,-0.12455491,-0.1382061,-0.12380086,-0.15189947,-0.1544589,-0.15552756,-0.14014931,-0.15141064,-0.16249585,-0.15512589,-0.1531845,-0.15307745,-0.13366714,-0.12279427,-0.14604902,-0.18968126,-0.17700729,-0.21025829,-0.3990198,-0.20255396,-0.11317518,-0.1296617,-0.11825719,-0.14761505,-0.16636807,-0.18591012,-0.19120383,-0.13159448,-0.07629536,-0.1525554,-0.13945758,-0.14106366,-0.1177998,-0.19987361,-0.1649412,-0.15868136,-0.14157611,-0.123443924,-0.12722544,-0.14610182,-0.2588673,-0.10719685,-0.13074079,-0.09132757,-0.12832497,-0.12869301,-0.14955811,-0.15114969,-0.09603401,-0.08910369,-0.12401709,-0.11038302,-0.13762666,-0.15055805,-0.1698202,-0.14270009,-0.1161645,-0.17359388,-0.15164176,-0.14200431,-0.12544888,-0.14130536,-0.17466888,-0.13176009,-0.13187698,-0.1454993,-0.12261683,-0.08722703,-0.05825615,-0.14324455,-0.17082691,-0.026243303,-0.1668115,-0.2829064,-0.31316653,-0.19807643,-0.1453484,-0.14331596,-0.14862512,-0.12963767,-0.25088155,-0.19362028,-0.18800092,-0.09444488,-0.10894896,-0.10702289,-0.093242824,-0.12759323,-0.15269001,-0.15746465,-0.16671744,-0.12812386,-0.0969081,-0.16398169,-0.14298835,-0.11335766,-0.18846886,-0.1706479,-0.15375042,-0.12546027,-0.115196005,-0.11264172,-0.11662802,-0.17521726,-0.13815892,-0.13395551,-0.096878245,-0.12093037,-0.09135036,-0.12434345,-0.13538285,-0.063823454,-0.13877153,-0.11419349,-0.1336317,-0.24483351,-0.2571875,-0.29957527,-0.1459862,-0.1564124,-0.13200222,-0.19104545,-0.0782174,-0.17201626,-0.16400293,-0.09859173,-0.11065883,-0.11417491,-0.076612435,-0.083404,-0.1213824,-0.13072303,-0.13855581,-0.19385117,-0.098881066,-0.155541,-0.19487974,-0.19085306,-0.18654561,-0.11098163,-0.14282213,-0.10245466,-0.15856701,-0.19379446,-0.17224285,-0.1688534,-0.14257905,-0.14222078,-0.1020277,-0.15303057,-0.16127251,-0.18079515,-0.19488847,-0.120851666,-0.14686373,-0.11352001,-0.07973303,-0.14314948,-0.20725825,-0.1605066,-0.125103,-0.15657571,-0.15690626,-0.1434805,-0.19202894,-0.16234949,-0.18130216,-0.2963242,-0.1990039,-0.1812141,-0.17164606,-0.19305545,-0.15759724,-0.14054683,-0.13011232,-0.12557748,-0.1381428,-0.16349019,-0.30584824,-0.16694748,-0.18065989,-0.19232234,-0.11441202,-0.15024635,-0.1403716,-0.17774999,-0.166643,-0.16393265,-0.14331086,-0.18237996,-0.12837625,-0.15330616,-0.13788731,-0.24156228,-0.17934372,-0.10300961,-0.13517515,-0.14146501,-0.1739791,-0.11012074,-0.13443077,-0.15154067,-0.15952145,-0.18173197,-0.15353513,-0.14879118,-0.19184028,-0.17521203,-0.16341327,-0.14723541,-0.14623587,-0.11499533,-0.10471026,-0.13479295,-0.20148799,-0.17649767,-0.12513243,-0.16568202,-0.18041904,-0.18738703,-0.11705899,-0.17520767,-0.25903198,-0.09237434,-0.09198954,-0.11467007,-0.13566765,-0.1477384,-0.09841654,-0.18838185
k__Bacteria|p__Firmicutes|c__Tissierellia|o__Tissierellales|f__Peptoniphilaceae|g__Anaerococcus|s__Anaerococcus_octavius,-0.1004395,-0.12316422,-0.14139986,-0.20428483,-0.16678718,-0.19310862,-0.1666669,-0.14469856,-0.12495345,-0.18312585,-0.1836625,-0.22245544,-0.17042378,-0.20407705,-0.10300428,-0.09912646,-0.058144663,-0.09923809,-0.10751571,-0.17036767,-0.1978925,-0.12536043,-0.13611126,-0.15186599,-0.17114055,-0.11658599,-0.16726017,-0.17357892,-0.1509206,-0.12124001,-0.13475764,-0.10557514,-0.14784189,-0.1954161,-0.18849441,-0.2175087,-0.16091572,-0.22338755,-0.19670415,-0.29867563,-0.29210672,-0.197173,-0.107048735,-0.09162698,-0.13691942,-0.1548004,-0.23188588,-0.19356225,-0.14626703,-0.2026537,-0.18416902,-0.18279888,-0.19654775,-0.19764708,-0.2011137,-0.15773997,-0.12535857,-0.14344072,-0.09192723,-0.09534204,-0.17082171,-0.14199224,-0.13743341,-0.14663763,-0.12719077,-0.1511417,-0.2613474,-0.22333384,-0.18863192,-0.20047067,-0.14528266,-0.14901137,-0.13022003,-0.14229083,-0.15009624,-0.16367814,-0.14625295,-0.16278498,-0.15957904,-0.14998752,-0.14682761,-0.15677065,-0.1528585,-0.22480208,-0.120334074,-0.14116287,-0.11803767,-0.1605314,-0.17364034,-0.15538494,-0.16763192,-0.11139822,-0.1388583,-0.13027036,-0.12826361,-0.15152657,-0.14234777,-0.1153916,-0.10065024,-0.09033631,-0.105198294,-0.12016824,-0.1345823,-0.15027548,-0.15995201,-0.1185138,-0.11129953,-0.1578567,-0.17738779,-0.1332503,-0.16316548,-0.25953975,-0.14848626,-0.13241541,-0.14110962,-0.15095688,-0.17780018,-0.16357186,-0.22917573,-0.09015879,-0.10994579,-0.13435125,-0.12934601,-0.13997786,-0.17344378,-0.13908121,-0.16057305,-0.12777606,-0.07092635,-0.03704006,-0.13679487,-0.16155767,-0.17849895,-0.14332479,-0.12334781,-0.1356312,-0.12023825,-0.137545,-0.25318068,-0.26654312,-0.083281495,-0.10945694,-0.14383087,-0.09238048,-0.18729803,-0.1897152,-0.15269089,-0.09005761,-0.13230102,-0.14923027,-0.15002885,-0.15862297,-0.17021172,-0.18297178,-0.0876699,-0.12355521,-0.14086506,-0.10256614,-0.17951453,-0.19495486,-0.19065528,-0.09971833,-0.13113372,-0.07884544,-0.12732825,-0.19006202,-0.19295447,-0.19111916,-0.123065814,-0.07543943,-0.0968747,-0.11820462,-0.13614534,-0.12406494,-0.121451,-0.09427651,-0.09653191,-0.10818437,-0.082459606,-0.11256155,-0.131932,-0.16666074,-0.1410757,-0.13614392,-0.18093297,-0.17825818,-0.19375534,-0.14420286,-0.15549555,-0.13498414,-0.119081676,-0.14001076,-0.19117098,-0.19088905,-0.18115401,-0.19755594,-0.25103784,-0.20219928,-0.1898673,-0.19069694,-0.1822037,-0.17336796,-0.27554205,-0.08916744,-0.11956477,-0.12754475,-0.15751183,-0.20931396,-0.18224281,-0.29657933,-0.32474133,-0.15260538,-0.3242122,-0.17325558,-0.17108874,-0.2185038,-0.17647925,-0.114121355,-0.13972577,-0.15388772,-0.15788373,-0.22984435,-0.18186735,-0.2554373,-0.104092225,-0.12455491,-0.13816701,-0.123766124,-0.15189947,-0.15455654,-0.1557383,-0.14014931,-0.15141064,-0.162537,-0.15502965,-0.15310767,-0.15267608,-0.13366038,-0.122707084,-0.14622977,-0.1896508,-0.17686069,-0.21025829,-0.3990198,-0.20190164,-0.113220856,-0.1296617,-0.1181483,-0.14745031,-0.16636807,-0.18611209,-0.19123258,-0.1312793,-0.0765415,-0.15240662,-0.1393486,-0.14106366,-0.11777429,-0.19987361,-0.1649412,-0.15858784,-0.14101337,-0.123315185,-0.12722544,-0.14610182,-0.2588673,-0.10695077,-0.13074079,-0.09132757,-0.12832497,-0.12867391,-0.14940587,-0.1514189,-0.09607175,-0.08910369,-0.12384255,-0.11022033,-0.13748872,-0.15037946,-0.16982588,-0.14250064,-0.11615345,-0.1734386,-0.15154397,-0.14193162,-0.12511191,-0.14181525,-0.17466888,-0.13176009,-0.13178802,-0.14546633,-0.122649446,-0.08722703,-0.05825615,-0.14306265,-0.17082691,-0.026243303,-0.16649054,-0.2829064,-0.31316653,-0.19746053,-0.14532,-0.14331596,-0.14862512,-0.12963767,-0.25088155,-0.19359079,-0.18798032,-0.094263956,-0.10907585,-0.10702289,-0.09317535,-0.12759323,-0.15258092,-0.15746465,-0.16696839,-0.12812386,-0.0969081,-0.16398169,-0.14317054,-0.11335766,-0.18846886,-0.1706479,-0.153673,-0.12545982,-0.115196005,-0.11249732,-0.11662802,-0.17568885,-0.1381023,-0.1340503,-0.096878245,-0.12084962,-0.09143388,-0.12434345,-0.13560092,2.2099724,5.6652813,2.0561657,-0.13314387,-0.24483351,-0.2571875,-0.29957527,-0.14580071,-0.15636984,-0.13167359,-0.19104545,-0.0782174,-0.17174849,-0.16386905,-0.09859173,-0.11065883,-0.114379734,-0.076612435,-0.083404,-0.1213824,-0.13072303,-0.13855581,-0.19385117,-0.098653,-0.15510711,-0.19487974,-0.19074741,-0.18637533,-0.110916644,-0.14279062,-0.10281782,-0.15860415,-0.19385204,-0.1720885,-0.16858685,-0.14247315,-0.14223641,-0.10151462,-0.1527137,-0.16145025,-0.1805978,-0.19471751,-0.12085771,-0.14696954,-0.1136882,-0.07991238,-0.14208573,-0.20725825,-0.16048059,-0.125103,-0.15657571,-0.15690626,-0.14353904,-0.19202894,-0.16218878,-0.181355,-0.2963242,-0.19765033,-0.18051969,-0.17145841,-0.19237003,-0.15710759,-0.14054683,-0.12991177,-0.12557748,-0.1378951,-0.16246739,-0.30584824,-0.1662848,-0.18048112,-0.192588,-0.11441202,-0.14991,-0.14036442,-0.17755392,-0.16645524,-0.16422959,-0.14331086,-0.18237996,-0.12808248,-0.15292096,-0.1364763,-0.24156228,-0.17937315,-0.10289487,-0.13506828,-0.14148226,-0.17385069,-0.11011584,-0.1341095,-0.15177247,-0.15967336,-0.181676,-0.1535199,-0.14857909,-0.19184028,-0.17496474,-0.1637747,-0.14723541,-0.14623587,-0.11499533,-0.10471026,-0.1344194,-0.20148799,-0.17658257,-0.12513243,-0.1661997,-0.18041904,-0.18738703,-0.11705899,-0.17561376,-0.25888515,-0.09238759,-0.09207801,-0.114418015,-0.13559301,-0.14751202,-0.09818153,-0.18837443
k__Bacteria|p__Firmicutes|c__Bacilli|o__Lactobacillales|f__Lactobacillaceae|g__Fructobacillus|s__Fructobacillus_fructosus,-0.1004395,-0.12316422,-0.14052567,-0.20428483,-0.16692713,-0.19310473,-0.1666669,-0.14481354,-0.12449863,-0.1831919,-0.18351495,-0.21739045,-0.1696175,-0.20314728,-0.10278654,-0.09835577,-0.058144663,-0.09942192,-0.107271545,-0.17040086,-0.1978925,-0.12536043,-0.13628733,-0.15241611,-0.17114109,-0.11658599,-0.16764893,-0.17400245,-0.1509206,-0.12124001,-0.13491254,-0.10506964,-0.14793372,-0.19488882,-0.18884923,-0.2175087,-0.16041969,-0.22338755,-0.19591992,-0.29867563,-0.29210672,-0.19705212,-0.10699965,-0.09162698,-0.13691942,-0.15464163,-0.23188588,-0.19350731,-0.14645182,-0.2026537,-0.1838736,-0.18279888,-0.19559872,-0.19637375,-0.19937724,-0.15786076,-0.12539047,-0.14358804,-0.09199119,-0.09500313,-0.17134406,-0.14232527,-0.13743341,-0.14675626,-0.12719077,-0.15085122,-0.2613474,-0.22333384,-0.18876548,-0.20047067,-0.14561038,-0.14919771,-0.13012034,-0.14221144,-0.15076044,-0.16405907,-0.14674126,-0.16278498,-0.15927082,-0.14998752,-0.14713788,-0.15664129,-0.15301847,-0.22480208,-0.120334074,-0.14124325,-0.117811665,-0.16107526,-0.1739635,-0.1551247,-0.16802242,-0.11139822,-0.1388583,-0.13027036,-0.12841475,-0.15152657,-0.1427509,-0.11517744,-0.10065024,-0.08989603,-0.10512433,-0.12010829,-0.13477649,-0.15027548,-0.16044395,-0.1185138,-0.11129953,-0.1578567,-0.17738779,-0.13290933,-0.16233796,-0.25953975,-0.14840683,-0.13220948,-0.1408291,-0.15095688,-0.17780018,-0.16299483,-0.22917573,-0.09015879,-0.10977468,-0.13434723,-0.12921175,-0.13997786,-0.17344429,-0.13908121,-0.16057305,-0.12777606,-0.07092635,-0.03704006,-0.13666725,-0.16214758,-0.17871985,-0.14332479,-0.12334781,-0.13566305,-0.12023825,-0.13796136,-0.25318068,-0.26654312,-0.08334331,-0.10945694,-0.14442477,-0.09238048,-0.18762988,-0.18986619,-0.15286839,-0.09004776,-0.13230102,-0.14924952,-0.1499601,-0.15865633,-0.17030327,-0.18381746,-0.08747212,-0.12315112,-0.14096293,-0.10256614,-0.17951453,-0.19495486,-0.1907953,-0.09960826,-0.13113372,-0.07813364,-0.12710188,-0.19006202,-0.19318512,-0.19127676,-0.12341899,-0.07526112,-0.09659712,-0.11773895,-0.13624448,-0.12406494,-0.121451,-0.09406908,-0.09615171,-0.10817102,-0.082459606,-0.11234145,-0.13226537,-0.1670945,-0.1410757,-0.13588984,-0.18093297,-0.17825818,-0.19353798,-0.1441351,-0.15549555,-0.13495055,-0.119081676,-0.14001076,-0.19117098,-0.190678,-0.18090929,-0.19755594,-0.25103784,-0.20219928,-0.1903797,-0.19054338,-0.18215877,-0.17320755,-0.27554205,-0.08916744,-0.11956477,-0.12758738,-0.15751183,-0.20931396,-0.18224281,-0.29657933,-0.32474133,-0.1508488,-0.3242122,-0.17325558,-0.17108874,-0.2185038,-0.17647925,1.9347894,-0.13953534,-0.15388772,-0.15788373,-0.22984435,-0.18186735,-0.251362,-0.10399233,-0.12455491,-0.13831627,-0.12386973,-0.15189947,-0.1553027,-0.15636317,-0.14014931,-0.15141064,-0.1631487,-0.15504897,-0.15336397,-0.1525518,-0.13346855,-0.122749455,-0.14603105,-0.19028407,-0.17689776,-0.21025829,-0.3990198,-0.19940512,-0.113143235,-0.1296617,-0.11784275,-0.14757308,-0.16636807,-0.18678284,-0.19130641,-0.13131848,-0.0764198,-0.15263566,-0.13958922,-0.14106366,-0.11781356,-0.19987361,-0.1649412,-0.15850687,-0.1407999,-0.123207144,-0.12722544,-0.14610182,-0.2588673,-0.10676426,-0.13074079,-0.09132757,-0.12832497,-0.12908441,-0.14983419,-0.1519984,-0.096038654,-0.08910369,-0.12389344,-0.11017337,-0.13747907,-0.15061694,-0.17006965,-0.14263602,-0.116264045,-0.17363963,-0.15173799,-0.14225243,-0.1249454,-0.14204903,-0.17466888,-0.13176009,-0.13189545,-0.14547795,-0.12264934,-0.08722703,-0.05825615,-0.14317358,-0.17082691,-0.026243303,-0.1655536,-0.2829064,-0.31316653,-0.19644858,-0.1454533,-0.14331596,-0.14862512,-0.12963767,-0.25088155,-0.19345497,-0.18832338,-0.094421305,-0.108909786,-0.10702289,-0.09311052,-0.12759323,-0.15255195,-0.15746465,-0.166738,-0.12812386,-0.0969081,-0.16398169,-0.14381972,-0.11335766,-0.18846886,-0.1706479,-0.15373044,-0.12550151,-0.115196005,-0.11225386,-0.11662802,-0.17615207,-0.1382226,-0.13425173,-0.096878245,-0.120518036,-0.09149064,-0.12434345,-0.13602033,-0.063823454,-0.13877153,-0.11419349,-0.1332587,-0.24483351,-0.2571875,-0.29957527,-0.14578882,-0.1565139,-0.13155606,-0.19104545,-0.0782174,-0.171803,-0.16391814,-0.09859173,-0.11065883,-0.114784375,-0.076612435,-0.083404,-0.1213824,-0.13072303,-0.13855581,-0.19385117,-0.09872964,-0.15488353,-0.19487974,-0.19079754,-0.18639687,-0.11099192,-0.1430625,-0.10290639,-0.15898801,-0.19333631,-0.17225641,-0.16883725,-0.1425689,-0.14214838,-0.100942925,-0.1527936,-0.16123082,-0.18055317,-0.19441618,-0.12101875,-0.14714468,-0.113564596,-0.079653926,-0.14156298,-0.20725825,-0.16087583,-0.125103,-0.15657571,-0.15690626,-0.14319989,-0.19202894,-0.16239744,-0.18204086,-0.2963242,-0.19579849,-0.17989603,-0.17135476,-0.19238394,-0.156804,-0.14054683,-0.1300152,-0.12557748,-0.13792543,-0.16233242,-0.30584824,-0.16643599,-0.18096164,-0.19243196,-0.11441202,-0.15023854,-0.14027654,-0.1776569,-0.16652218,-0.16446349,-0.14331086,-0.18237996,-0.1276137,-0.1527564,-0.13562745,-0.24156228,-0.1795448,-0.10286662,-0.13496815,-0.14172001,-0.17422694,-0.1101664,-0.13415885,-0.15238927,-0.15978855,-0.18168874,-0.15393835,-0.14870651,-0.19184028,-0.17525148,-0.16433683,-0.14723541,-0.14623587,-0.11499533,-0.10471026,-0.13432148,-0.20148799,-0.17726803,-0.12513243,-0.165806,-0.18041904,-0.18738703,-0.11705899,-0.17645791,-0.2575109,-0.09216059,-0.091954954,-0.11421409,-0.13552408,-0.14758462,-0.098012894,-0.18885574
k__Bacteria|p__Firmicutes|c__Clostridia|o__Eubacteriales|f__Clostridiaceae|g__Clostridium|s__Clostridium_sp_NSJ_6,-0.1004395,-0.12316422,-0.14177108,-0.20428483,-0.1659998,-0.19185147,-0.1666669,-0.14490037,-0.1257275,-0.18300575,-0.18182531,-0.2184252,-0.17022924,-0.19989511,-0.10362822,-0.09971273,-0.058144663,-0.10043158,-0.10864948,-0.1699192,-0.1978925,-0.12536043,-0.13649654,-0.15182967,-0.17045993,-0.11658599,-0.166916,-0.17265004,-0.1509206,-0.12124001,-0.13518193,-0.10640618,-0.14814454,-0.19384009,-0.1875231,-0.2175087,-0.16014051,-0.22338755,-0.19511276,-0.29867563,-0.29210672,-0.19565827,-0.10761398,-0.09162698,-0.13691942,-0.15469265,-0.23188588,-0.19230172,-0.1463576,-0.2026537,-0.18288578,-0.18279888,-0.19527051,-0.19612981,-0.20006672,-0.15778267,-0.12586233,-0.14338973,-0.09322741,-0.09672749,-0.17036673,-0.14202562,-0.13743341,-0.14657933,-0.12719077,-0.15140563,-0.2613474,-0.22333384,-0.18712026,-0.20047067,-0.1452538,-0.1489053,-0.13074303,-0.14258218,-0.15013768,-0.16304821,-0.14609101,-0.16278498,-0.15887767,-0.14998752,-0.14707837,-0.15662974,-0.15287606,-0.22480208,-0.120334074,-0.14145166,-0.11890183,-0.16020328,-0.17293248,-0.15519682,-0.16719282,-0.11139822,-0.1388583,-0.13027036,-0.12900797,-0.15152657,-0.14282496,-0.11623199,-0.10065024,-0.091726765,-0.10621278,-0.12070884,-0.13497232,-0.15027548,-0.1596128,-0.1185138,-0.11129953,-0.1578567,-0.17738779,-0.13355005,-0.16349538,-0.25953975,-0.14849146,-0.13283002,-0.14157459,-0.15095688,-0.17780018,-0.16300343,-0.22917573,-0.09015879,-0.11119443,-0.13470918,-0.12982488,-0.13997786,-0.17275912,-0.13908121,-0.16057305,-0.12777606,-0.07092635,-0.03704006,-0.13733257,-0.16133279,-0.17773287,-0.14332479,-0.12334781,-0.13595437,-0.12023825,-0.13827416,-0.25318068,-0.26654312,-0.084771976,-0.10945694,-0.14400402,-0.09238048,-0.18674348,-0.18863739,-0.15284051,-0.091425695,-0.13230102,-0.1493612,-0.1499833,-0.15834364,-0.1696147,-0.18213943,-0.08902739,-0.12390652,-0.14028898,-0.10256614,-0.17951453,-0.19495486,-0.18937522,-0.10114437,-0.13113372,-0.080768004,-0.12833323,-0.19006202,-0.19151667,-0.19004409,-0.12342429,-0.07681792,-0.09804728,-0.11901495,-0.13657898,-0.12406494,-0.121451,-0.095403396,-0.09765424,-0.10907792,-0.082459606,-0.11356372,-0.13241269,-0.16606137,-0.1410757,-0.13667744,-0.18093297,-0.17825818,-0.19243576,-0.14438275,-0.15549555,-0.13530216,-0.119081676,-0.14001076,-0.19117098,-0.18935926,-0.18012503,-0.19755594,-0.25103784,-0.20219928,-0.18908945,-0.18980856,-0.18155836,-0.17303996,-0.27554205,-0.08916744,-0.11956477,-0.12852514,-0.15751183,-0.20931396,-0.18224281,-0.29657933,-0.32474133,-0.15457839,-0.3242122,-0.17325558,-0.17108874,-0.2185038,-0.17647925,-0.114121355,-0.14007086,-0.15388772,-0.15788373,-0.22984435,-0.18186735,-0.25141466,-0.10513271,-0.12455491,-0.13860951,-0.12460925,-0.15189947,-0.15430477,-0.1554393,-0.14014931,-0.15141064,-0.16213931,-0.15480015,-0.15295115,-0.15256068,-0.13405478,-0.12362518,-0.14649098,-0.18884875,-0.17562558,-0.21025829,-0.3990198,-0.20156094,-0.114052944,-0.1296617,-0.11884009,-0.147951,-0.16636807,-0.1851205,-0.1900403,-0.13178265,-0.078276664,-0.15252213,-0.13974354,-0.14106366,-0.11847457,-0.19987361,-0.1649412,-0.15821522,-0.14123926,-0.1240015,-0.12722544,-0.14610182,-0.2588673,-0.10799554,-0.13074079,-0.09132757,-0.12832497,-0.12944917,-0.14949301,-0.1512444,-0.097149566,-0.08910369,-0.124550626,-0.11118454,-0.13794643,-0.15045778,-0.16924183,-0.14271179,-0.11727292,-0.1728592,-0.15152214,-0.14224532,-0.12566188,-0.14194772,-0.17466888,-0.13176009,-0.13238946,-0.14547938,-0.12309417,-0.08722703,-0.05825615,-0.14323717,-0.17082691,-0.026243303,-0.16558248,-0.2829064,-0.31316653,-0.19641577,-0.1454005,-0.14331596,-0.14862512,-0.12963767,-0.25088155,-0.19193405,-0.18691395,-0.09573114,-0.10995798,-0.10702289,-0.09460656,-0.12759323,-0.1527428,-0.15746465,-0.16622725,-0.12812386,-0.0969081,-0.16398169,-0.14316176,-0.11335766,-0.18846886,-0.1706479,-0.15344562,-0.12589923,-0.115196005,-0.11350507,-0.11662802,-0.17485994,-0.13826099,-0.13412586,-0.096878245,-0.12136915,-0.092899874,-0.12434345,-0.13608721,-0.063823454,-0.13877153,-0.11419349,-0.13391119,-0.24483351,-0.2571875,-0.29957527,-0.14579627,-0.15618941,-0.13229892,-0.19104545,-0.0782174,-0.17117946,-0.16357139,-0.09859173,-0.11065883,-0.11523929,-0.076612435,-0.083404,-0.1213824,-0.13072303,-0.13855581,-0.19385117,-0.099624634,-0.1552375,-0.19487974,-0.18965422,-0.1854149,-0.11188777,-0.14286259,-0.10384005,-0.15849835,-0.19245145,-0.17141995,-0.16796222,-0.14254597,-0.14218843,-0.1027971,-0.1529029,-0.16106689,-0.17990947,-0.19315101,-0.121577896,-0.1469364,-0.114533156,-0.08176717,-0.14278495,-0.20725825,-0.15989979,-0.125103,-0.15657571,-0.15690626,-0.14350688,-0.19202894,-0.16181275,-0.18061495,-0.2963242,-0.1961289,-0.18046565,-0.17105609,-0.19141352,-0.15708442,-0.14054683,-0.13032928,-0.12557748,-0.1380098,-0.16259179,-0.30584824,-0.16590609,-0.17973956,-0.19131882,-0.11441202,-0.150292,-0.14066309,-0.17690052,-0.16601837,-0.16375518,-0.14331086,-0.18237996,-0.12864982,-0.1530004,-0.13736719,-0.24156228,-0.17836559,-0.10403843,-0.13547084,-0.14173815,-0.17310372,-0.111141175,-0.1347194,-0.15161157,-0.15911634,-0.1806948,-0.15347734,-0.14855137,-0.19184028,-0.17412375,-0.16329941,-0.14723541,-0.14623587,-0.11499533,-0.10471026,-0.13526557,-0.20148799,-0.1756669,-0.12513243,-0.16513762,-0.18041904,-0.18738703,-0.11705899,-0.17527378,-0.25514156,-0.093509026,-0.09344065,-0.115337245,-0.13604417,-0.1475197,-0.0996158,-0.18720023
k__Bacteria|p__Firmicutes|c__Clostridia|o__Eubacteriales|f__Clostridiaceae|g__Clostridium|s__Clostridium_SGB6177,-0.1004395,-0.12316422,-0.14121082,-0.20428483,-0.1669651,-0.19339488,-0.1666669,-0.14517674,-0.12490948,-0.18362164,-0.18313509,-0.22209299,-0.16900186,-0.20382738,-0.10320373,-0.09907715,-0.058144663,-0.09974247,-0.10757503,-0.17083058,-0.1978925,-0.12536043,-0.13642693,-0.15257543,-0.17146564,-0.11658599,-0.1675584,-0.17424168,-0.1509206,-0.12124001,-0.13520233,-0.105471745,-0.14820677,-0.19545549,-0.18909846,-0.2175087,-0.16085386,-0.22338755,-0.19684547,-0.29867563,-0.29210672,-0.19772343,-0.10733029,-0.09162698,-0.13691942,-0.15488401,1.2304008,-0.19367194,-0.14660789,-0.2026537,-0.18408844,-0.18279888,-0.1967571,-0.19739649,-0.20173374,-0.15799603,-0.12573902,-0.143859,-0.09236443,-0.09554899,-0.17138086,-0.14261997,-0.13743341,-0.14699796,-0.12719077,-0.15122896,-0.2613474,-0.22333384,-0.1889193,-0.20047067,-0.14587453,-0.14937302,-0.13056564,-0.14258707,-0.15095395,-0.16439795,-0.14696476,-0.16278498,-0.15944356,-0.14998752,-0.14727002,-0.1569208,-0.15328299,-0.22480208,-0.120334074,-0.14149038,-0.118189126,-0.16121647,-0.17419338,-0.1554777,-0.16818853,-0.11139822,-0.1388583,-0.13027036,-0.12873393,-0.15152657,-0.14272341,-0.11566447,-0.10065024,-0.09034622,-0.10545614,-0.12052946,-0.13498875,-0.15027548,-0.16056569,-0.1185138,-0.11129953,-0.1578567,-0.17738779,-0.133672,-0.16341603,-0.25953975,-0.14870691,-0.13245475,-0.1413441,-0.15095688,-0.17780018,-0.16345176,-0.22917573,-0.09015879,-0.11008984,-0.1346958,-0.12959263,-0.13997786,-0.1736194,-0.13908121,-0.16057305,-0.12777606,-0.07092635,-0.03704006,-0.13697612,-0.16215768,-0.17901623,-0.14332479,-0.12334781,-0.13582745,-0.12023825,-0.13813473,-0.25318068,-0.26654312,-0.08352952,-0.10945694,-0.1446023,-0.09238048,-0.1875917,-0.19004837,-0.15271674,-0.09026109,-0.13230102,-0.14948283,-0.15024222,-0.15893444,-0.17053549,-0.18399423,-0.087754086,-0.12384936,-0.14127228,-0.10256614,-0.17951453,-0.19495486,-0.19123077,-0.10008295,-0.13113372,-0.0791237,-0.12758824,-0.19006202,-0.19328953,-0.19154832,-0.12372235,-0.075490445,-0.09712912,-0.11830489,-0.13647027,-0.12406494,-0.121451,-0.094473794,-0.09654024,-0.10846302,-0.082459606,-0.11276339,-0.13232853,-0.16732243,-0.1410757,-0.13622403,-0.18093297,-0.17825818,-0.19386294,-0.14456631,-0.15549555,-0.13547266,-0.119081676,-0.14001076,-0.19117098,-0.19092524,-0.18126768,-0.19755594,-0.25103784,-0.20219928,-0.19004989,-0.19084412,-0.18232825,-0.17348242,-0.27554205,-0.08916744,-0.11956477,-0.12769637,-0.15751183,-0.20931396,-0.18224281,-0.29657933,-0.32474133,-0.1513717,-0.3242122,-0.17325558,-0.17108874,-0.2185038,-0.17647925,-0.114121355,-0.13976249,-0.15388772,-0.15788373,-0.22984435,-0.18186735,-0.25407544,-0.104325905,-0.12455491,-0.13850787,-0.1241529,-0.15189947,-0.15523934,-0.1565299,-0.14014931,-0.15141064,-0.1633294,-0.1552864,-0.15360406,-0.15296763,-0.13379332,-0.123020865,-0.14629644,-0.19026966,-0.17695558,-0.21025829,-0.3990198,-0.2007572,-0.113447286,-0.1296617,-0.11846615,-0.14784586,-0.16636807,-0.18686378,-0.19159961,-0.13155328,-0.076651596,-0.15314573,-0.13971204,-0.14106366,-0.11823673,-0.19987361,-0.1649412,-0.1586138,-0.14126638,-0.123512544,-0.12722544,-0.14610182,-0.2588673,-0.10716192,-0.13074079,-0.09132757,-0.12832497,-0.12920442,-0.14978728,-0.15209581,-0.09634754,-0.08910369,-0.12426269,-0.110428154,-0.13773376,-0.15075922,-0.17040126,-0.14297232,-0.1163566,-0.17390311,-0.15185617,-0.14236024,-0.12523529,-0.14224243,-0.17466888,-0.13176009,-0.1321997,-0.1458199,-0.12297984,-0.08722703,-0.05825615,-0.14350113,-0.17082691,-0.026243303,-0.16642989,-0.2829064,-0.31316653,-0.1973098,-0.14570019,-0.14331596,-0.14862512,-0.12963767,-0.25088155,-0.19375041,-0.18863511,-0.0945867,-0.10938077,-0.10702289,-0.09375282,-0.12759323,-0.15284583,-0.15746465,-0.167142,-0.12812386,-0.0969081,-0.16398169,-0.14390251,-0.11335766,-0.18846886,-0.1706479,-0.1539002,-0.12585866,-0.115196005,-0.1128161,-0.11662802,-0.1762487,-0.13853729,-0.13448891,-0.096878245,-0.12099905,-0.09173815,-0.12434345,-0.13608077,-0.063823454,-0.13877153,-0.11419349,-0.13360396,-0.24483351,-0.2571875,-0.29957527,-0.14615716,-0.15672742,-0.13207461,-0.19104545,-0.0782174,-0.17226079,-0.16433604,-0.09859173,-0.11065883,-0.11493134,-0.076612435,-0.083404,-0.1213824,-0.13072303,-0.13855581,-0.19385117,-0.099024385,-0.15557447,-0.19487974,-0.19096513,-0.18678232,-0.11124883,-0.14303055,-0.10316283,-0.1595086,-0.19385484,-0.17288275,-0.16890885,-0.14280912,-0.14252193,-0.10144088,-0.15311766,-0.16155502,-0.18075348,-0.19476444,-0.121258095,-0.14749208,-0.11388369,-0.08003644,-0.14260611,-0.20725825,-0.16097021,-0.125103,-0.15657571,-0.15690626,-0.14355817,-0.19202894,-0.16259217,-0.1821667,-0.2963242,-0.1966858,-0.18054315,-0.17133927,-0.19246617,-0.15722564,-0.14054683,-0.13028929,-0.12557748,-0.1382905,-0.16275483,-0.30584824,-0.16664347,-0.18119329,-0.1926176,-0.11441202,-0.15051857,-0.14047994,-0.17790782,-0.1668956,-0.164654,-0.14331086,-0.18237996,-0.12816018,-0.1531502,-0.13684332,-0.24156228,-0.1794177,-0.1031615,-0.13515116,-0.14198844,-0.174575,-0.11022936,-0.13446084,-0.15251713,-0.16005826,-0.18169063,-0.15422502,-0.14909878,-0.19184028,-0.17534226,-0.16448823,2.4236426,3.2322884,-0.11499533,-0.10471026,-0.13478132,-0.20148799,-0.17727043,-0.12513243,-0.16573074,-0.18041904,-0.18738703,-0.11705899,-0.17683335,-0.25844032,-0.09254164,-0.0922597,-0.114624865,-0.13593277,-0.14789407,-0.098280266,-0.18903278
k__Bacteria|p__Firmicutes|c__Tissierellia|o__Tissierellales|f__Peptoniphilaceae|g__Anaerococcus|s__Anaerococcus_degeneri,-0.1004395,-0.12316422,-0.14164321,-0.20428483,-0.16680175,-0.19332841,-0.1666669,-0.14475363,-0.12435932,-0.18268937,-0.18307333,-0.23653296,-0.16916499,-0.20866898,-0.103337765,-0.10003346,-0.058144663,-0.09955746,-0.107747614,-0.17022356,-0.1978925,-0.12536043,-0.13582951,-0.15186033,-0.17152959,-0.11658599,-0.16646582,-0.17338212,-0.1509206,-0.12124001,-0.13454068,-0.10598416,-0.14789313,-0.19638044,-0.1890526,-0.2175087,-0.16066246,-0.22338755,-0.1978949,-0.29867563,-0.29210672,-0.19893076,-0.10717119,-0.09162698,-0.13691942,-0.15465711,-0.23188588,-0.19353738,-0.14637879,-0.2026537,-0.18294291,-0.18279888,-0.19825025,-0.20048463,-0.20736252,-0.15693182,-0.12562811,-0.14363562,-0.091818705,-0.095679484,-0.17069863,-0.14185923,-0.13743341,-0.1467002,-0.12719077,-0.15042861,-0.2613474,-0.22333384,-0.18852666,-0.20047067,-0.14545587,-0.14893273,-0.13085221,-0.1427309,-0.15044245,-0.16369191,-0.14611633,-0.16278498,-0.15909395,-0.14998752,-0.1466739,-0.15691808,-0.15271257,-0.22480208,-0.120334074,-0.14112441,-0.11817911,-0.16034189,-0.17371792,-0.15551901,-0.16764183,-0.11139822,-0.1388583,-0.13027036,-0.128116,-0.15152657,-0.14153637,-0.11512828,-0.10065024,-0.090468675,-0.105343744,-0.120379984,-0.13473606,-0.15027548,-0.15981969,-0.1185138,-0.11129953,-0.1578567,-0.17738779,-0.13378437,-0.16397795,-0.25953975,-0.14828944,-0.13247643,-0.1417918,-0.15095688,-0.17780018,-0.16338328,-0.22917573,-0.09015879,-0.1095455,-0.13444936,-0.12968826,-0.13997786,-0.1734091,-0.13908121,-0.16057305,-0.12777606,-0.07092635,-0.03704006,-0.13675156,-0.1615684,-0.17840526,-0.14332479,-0.12334781,-0.13512099,-0.12023825,-0.13816646,-0.25318068,-0.26654312,-0.08340806,-0.10945694,-0.14416847,-0.09238048,-0.18698564,-0.19036758,-0.15290582,-0.09020884,-0.13230102,-0.14908203,-0.15006796,-0.15873554,-0.17025125,-0.18325964,-0.0879865,-0.12368615,-0.14125136,-0.10256614,-0.17951453,-0.19495486,-0.19127694,-0.10002436,-0.13113372,-0.080634445,-0.1277355,-0.19006202,-0.19346106,-0.19166447,-0.12302655,-0.07543058,-0.09719322,-0.11859846,-0.13625978,-0.12406494,-0.121451,-0.09474693,-0.09682396,-0.10838872,-0.082459606,-0.11278208,-0.13181534,-0.16654909,-0.1410757,-0.13594504,-0.18093297,-0.17825818,-0.19459873,-0.14460087,-0.15549555,-0.13533166,-0.119081676,-0.14001076,-0.19117098,-0.19161993,-0.181225,-0.19755594,-0.25103784,-0.20219928,-0.1892989,-0.19086763,-0.1822646,-0.17377141,-0.27554205,-0.08916744,-0.11956477,-0.12725362,-0.15751183,-0.20931396,-0.18224281,-0.29657933,-0.32474133,-0.15140837,-0.3242122,-0.17325558,-0.17108874,-0.2185038,-0.17647925,-0.114121355,-0.13954917,-0.15388772,-0.15788373,-0.22984435,-0.18186735,-0.26239198,-0.10441756,-0.12455491,-0.13797772,-0.12377832,-0.15189947,-0.15457916,-0.15571955,-0.14014931,-0.15141064,-0.1625917,-0.15489516,-0.15312426,-0.15300685,-0.13395292,-0.122689396,-0.14562222,-0.18984549,-0.17694506,-0.21025829,-0.3990198,-0.20334706,-0.113263965,-0.1296617,-0.11853297,-0.1474866,-0.16636807,-0.18590099,-0.19134669,-0.13122861,-0.07668029,-0.15264353,-0.13940883,-0.14106366,-0.117160186,-0.19987361,-0.1649412,-0.15813643,-0.14156918,-0.12352661,-0.12722544,-0.14610182,-0.2588673,-0.10721131,-0.13074079,-0.09132757,-0.12832497,-0.12870486,-0.14921081,-0.1512675,-0.09625761,-0.08910369,-0.12407765,-0.11045954,-0.13751693,-0.15032451,-0.17013858,-0.14259788,-0.11576695,-0.17338485,-0.15141685,-0.14200859,-0.12554267,-0.14130074,-0.17466888,-0.13176009,-0.13187595,-0.1455014,-0.12298347,-0.08722703,-0.05825615,-0.14313057,-0.17082691,-0.026243303,-0.16625372,-0.2829064,-0.31316653,-0.19864932,-0.145349,-0.14331596,-0.14862512,-0.12963767,-0.25088155,-0.19430248,-0.18828517,-0.0945178,-0.109105736,-0.10702289,-0.094004944,-0.12759323,-0.15224338,-0.15746465,-0.1668508,-0.12812386,-0.0969081,-0.16398169,-0.14308697,-0.11335766,-0.18846886,-0.1706479,-0.15370674,-0.12555486,-0.115196005,-0.112936676,-0.11662802,-0.17533419,-0.1382589,-0.13437918,-0.096878245,-0.121229865,-0.09156936,-0.12434345,-0.13501033,-0.063823454,-0.13877153,-0.11419349,-0.13355076,-0.24483351,-0.2571875,-0.29957527,-0.14605346,-0.15648836,-0.13210154,-0.19104545,-0.0782174,-0.17221531,-0.16402598,-0.09859173,-0.11065883,-0.11384757,-0.076612435,-0.083404,-0.1213824,-0.13072303,-0.13855581,-0.19385117,-0.09942116,-0.15522778,-0.19487974,-0.19073845,-0.18685308,-0.111003734,-0.14265138,-0.10262887,-0.15870255,-0.19412594,-0.17251709,-0.16894494,-0.14254552,-0.14243299,-0.101914,-0.15287611,-0.16111606,-0.18057904,-0.1954574,-0.12094891,-0.1469154,-0.11322403,-0.079678655,-0.1430212,-0.20725825,-0.16046008,-0.125103,-0.15657571,-0.15690626,-0.14322488,-0.19202894,-0.16211174,-0.18143006,-0.2963242,-0.19946435,-0.18105385,-0.17149782,-0.19324161,-0.15753296,-0.14054683,-0.13015607,-0.12557748,-0.13805437,-0.16344953,-0.30584824,-0.1662592,-0.18110453,-0.19237748,-0.11441202,-0.15012816,-0.14023435,-0.17751235,-0.16663463,-0.16409154,-0.14331086,-0.18237996,-0.12813213,-0.15297304,-0.13796172,-0.24156228,-0.17904201,-0.10318549,-0.13479885,-0.14164871,-0.174148,-0.11008943,-0.13419423,-0.15174729,-0.15973425,-0.18145257,-0.15386486,-0.14896533,-0.19184028,-0.1750681,-0.163512,-0.14723541,-0.14623587,-0.11499533,-0.10471026,-0.13468125,-0.20148799,-0.17664796,-0.12513243,-0.16491276,-0.18041904,-0.18738703,-0.11705899,-0.17578787,-0.26153105,-0.092603385,-0.0921461,-0.11460923,-0.13582188,-0.14794199,-0.098515116,-0.18859011
k__Bacteria|p__Firmicutes|c__CFGB3012|o__OFGB3012|f__FGB3012|g__GGB9480|s__GGB9480_SGB14874,-0.1004395,-0.12316422,-0.14133754,-0.20428483,-0.16718915,-0.19349287,-0.1666669,-0.145286,-0.1250611,-0.184073,-0.18372846,-0.21989553,-0.16929303,-0.20341805,-0.102711394,-0.09869543,-0.058144663,-0.09940688,-0.10747852,-0.17093116,-0.1978925,-0.12536043,-0.13642395,-0.1525385,-0.1714543,-0.11658599,-0.16791661,-0.17422234,-0.1509206,-0.12124001,-0.1354221,-0.105220236,-0.14855906,-0.19539665,-0.18918169,-0.2175087,-0.16116521,-0.22338755,-0.19712915,-0.29867563,-0.29210672,-0.19744025,-0.10692018,-0.09162698,-0.13691942,-0.15512758,-0.23188588,-0.19388062,-0.14653552,-0.2026537,-0.18461211,-0.18279888,-0.19697729,-0.19731525,-0.200766,-0.15791035,-0.1255466,-0.1437695,-0.09196292,-0.095178366,-0.17155516,-0.14244397,-0.13743341,-0.14704749,-0.12719077,-0.15159869,-0.2613474,-0.22333384,-0.18900277,-0.20047067,-0.14571631,-0.14939697,-0.13048956,-0.14256199,-0.15059549,-0.1642458,-0.14693636,-0.16278498,-0.15978368,-0.14998752,-0.14746585,-0.15715888,-0.1533247,-0.22480208,-0.120334074,-0.14161691,-0.118095085,-0.16115525,-0.1742553,-0.15569319,-0.16850129,-0.11139822,-0.1388583,-0.13027036,-0.12862429,-0.15152657,-0.14294079,-0.115475,-0.10065024,-0.09008244,-0.10509347,-0.120234504,-0.13491467,-0.15027548,-0.16065624,-0.1185138,-0.11129953,-0.1578567,-0.17738779,-0.13344906,-0.16381271,-0.25953975,-0.14890394,-0.13264626,-0.1414193,-0.15095688,-0.17780018,-0.16366705,-0.22917573,-0.09015879,-0.11028075,-0.1347663,-0.12947267,-0.13997786,-0.17396088,-0.13908121,-0.16057305,-0.12777606,-0.07092635,-0.03704006,-0.13716163,-0.16219063,-0.17925861,-0.14332479,-0.12334781,-0.136031,-0.12023825,-0.13814326,-0.25318068,-0.26654312,-0.08303815,-0.10945694,-0.14447165,-0.09238048,-0.1881141,-0.19025366,-0.15292828,-0.089850634,-0.13230102,-0.14973632,-0.15035553,-0.15898962,-0.17061947,-0.18385637,-0.08734271,-0.1236002,-0.14132974,-0.10256614,-0.17951453,-0.19495486,-0.19106486,-0.09970929,-0.13113372,-0.07838075,-0.1274524,-0.19006202,-0.19323447,-0.19173396,-0.123466015,-0.074853525,-0.09672561,-0.11819257,-0.1365338,-0.12406494,-0.121451,-0.09401089,-0.0962096,-0.10822988,-0.082459606,-0.112526946,-0.13221566,-0.16736387,-0.1410757,-0.13645303,-0.18093297,-0.17825818,-0.19399258,-0.1445533,-0.15549555,-0.1353111,-0.119081676,-0.14001076,-0.19117098,-0.19103564,-0.18156628,-0.19755594,-0.25103784,-0.20219928,-0.19054025,-0.19130662,-0.18263987,-0.17393947,-0.27554205,-0.08916744,-0.11956477,-0.12802157,-0.15751183,-0.20931396,-0.18224281,-0.29657933,-0.32474133,-0.1537078,-0.3242122,-0.17325558,-0.17108874,-0.2185038,-0.17647925,-0.114121355,-0.14004579,-0.15388772,-0.15788373,-0.22984435,-0.18186735,-0.253353,-0.104026735,-0.12455491,-0.13862565,-0.12401674,-0.15189947,-0.15505934,-0.15639281,-0.14014931,-0.15141064,-0.16327281,-0.15547784,-0.15367293,-0.15315288,-0.13378128,-0.12304817,-0.14666307,-0.19056506,-0.17704104,-0.21025829,-0.3990198,-0.20122683,-0.11323553,-0.1296617,-0.118171215,-0.1480059,-0.16636807,-0.18695998,-0.19180463,-0.13177788,-0.07605352,-0.15310286,-0.13982534,-0.14106366,-0.118158475,-0.19987361,-0.1649412,-0.15911144,-0.14139746,-0.12343764,-0.12722544,-0.14610182,-0.2588673,-0.106963925,-0.13074079,-0.09132757,-0.12832497,-0.12909932,-0.14997265,-0.151986,-0.09591406,-0.08910369,-0.12416189,-0.11023235,-0.13783738,-0.15091234,-0.17040376,-0.1429579,-0.11649978,-0.17419477,-0.15195623,-0.14241886,-0.12507594,-0.14230064,-0.17466888,-0.13176009,-0.1322065,-0.14583997,-0.12260516,-0.08722703,-0.05825615,-0.1435286,-0.17082691,-0.026243303,-0.16691166,-0.2829064,-0.31316653,-0.19743094,-0.14574862,-0.14331596,-0.14862512,-0.12963767,-0.25088155,-0.19350311,-0.18868603,-0.09425616,-0.109118246,2.1860387,-0.09302943,3.710292,-0.15319987,1.9907138,-0.16724274,-0.12812386,-0.0969081,-0.16398169,-0.14372346,-0.11335766,-0.18846886,-0.1706479,-0.15408733,-0.1256392,-0.115196005,-0.11258958,-0.11662802,-0.17639466,-0.13840431,-0.1342564,-0.096878245,-0.12075259,-0.09132005,-0.12434345,-0.13624376,-0.063823454,-0.13877153,-0.11419349,-0.13374975,-0.24483351,-0.2571875,-0.29957527,-0.14616041,-0.15686353,-0.13185063,-0.19104545,-0.0782174,-0.1723052,-0.16455725,-0.09859173,-0.11065883,-0.11487514,-0.076612435,-0.083404,-0.1213824,-0.13072303,-0.13855581,-0.19385117,-0.0983865,-0.15571032,-0.19487974,-0.19124725,-0.1869252,-0.111009605,-0.14320067,-0.102663696,-0.15943113,-0.19397934,-0.17280835,-0.16926569,-0.1428217,-0.14247862,-0.10141826,-0.1532885,-0.1617542,-0.18119453,-0.19503564,-0.12101962,-0.14743176,-0.11385903,-0.079699814,-0.1425747,-0.20725825,-0.16099723,-0.125103,-0.15657571,-0.15690626,-0.1437294,-0.19202894,-0.16273962,-0.18230046,-0.2963242,-0.19734067,-0.18110956,-0.17178784,-0.19282855,-0.15739952,-0.14054683,-0.13020033,-0.12557748,-0.13823591,-0.16335252,-0.30584824,-0.16700193,-0.18126751,-0.19298111,-0.11441202,-0.1506482,-0.14061351,-0.17821352,-0.16689695,-0.16477522,-0.14331086,-0.18237996,-0.12825966,-0.1536527,-0.13684195,-0.24156228,-0.17986812,-0.102839045,-0.13537061,-0.14178982,-0.1745753,-0.11012858,-0.13449791,-0.15247811,-0.1600582,-0.18212433,-0.15400442,-0.14886841,-0.19184028,-0.17547095,-0.16444232,-0.14723541,-0.14623587,-0.11499533,-0.10471026,-0.1348592,-0.20148799,-0.17728925,-0.12513243,-0.16667381,-0.18041904,-0.18738703,-0.11705899,-0.17662154,-0.25825095,-0.092051335,-0.09191026,-0.1145575,-0.13585675,-0.14787744,-0.09806919,-0.18927735
k__Bacteria|p__Firmicutes|c__Clostridia|o__Eubacteriales|f__Eubacteriaceae|g__Eubacterium|s__Eubacterium_maltosivorans,-0.1004395,-0.12316422,-0.1410636,-0.20428483,-0.16686496,-0.19360177,-0.1666669,-0.14535314,-0.124647334,-0.18408924,-0.18305878,-0.22287655,-0.17029232,-0.20391715,-0.10296673,-0.098941445,-0.058144663,-0.09974538,-0.10750579,-0.17087063,-0.1978925,-0.12536043,-0.13653186,-0.1527898,-0.17171006,-0.11658599,-0.16761212,-0.17443848,-0.1509206,-0.12124001,-0.1351613,-0.10515402,-0.14826125,-0.19567853,-0.18942654,-0.2175087,-0.16063565,-0.22338755,-0.19702643,-0.29867563,-0.29210672,-0.1978151,-0.10712302,-0.09162698,-0.13691942,-0.15503271,-0.23188588,-0.19386567,-0.146663,-0.2026537,-0.18383886,-0.18279888,-0.19678655,-0.19786867,-0.20252416,-0.15892375,-0.12570477,-0.14393693,-0.09218249,-0.095416844,-0.17155775,-0.14271131,-0.13743341,-0.14710143,-0.12719077,-0.15131515,-0.2613474,-0.22333384,-0.18884909,-0.20047067,-0.14600644,-0.14948559,-0.13051638,-0.14272249,-0.15132451,-0.16463134,-0.14718026,-0.16278498,-0.15936464,-0.14998752,-0.14739367,-0.15701933,-0.15336591,-0.22480208,-0.120334074,-0.14159855,-0.1181654,-0.16139476,-0.17445606,-0.15550745,-0.16851106,-0.11139822,-0.1388583,-0.13027036,-0.12875462,-0.15152657,-0.14270535,-0.1157128,-0.10065024,-0.09013455,-0.105390355,-0.120423034,-0.13502821,-0.15027548,-0.16074699,-0.1185138,-0.11129953,-0.1578567,-0.17738779,-0.13382214,-0.16337323,-0.25953975,-0.14879556,-0.13236415,-0.14149496,-0.15095688,-0.17780018,-0.16326559,-0.22917573,-0.09015879,-0.11004264,-0.13467002,-0.12966847,-0.13997786,-0.17373693,-0.13908121,-0.16057305,-0.12777606,-0.07092635,-0.03704006,-0.1369555,-0.1622738,-0.17933482,-0.14332479,-0.12334781,-0.1357838,-0.12023825,-0.13841116,-0.25318068,-0.26654312,-0.08327807,-0.10945694,-0.14479971,-0.09238048,-0.18787044,-0.19022503,-0.15298396,-0.09004374,-0.13230102,-0.14959455,-0.15031087,-0.15908444,-0.17062953,-0.18438166,-0.08745835,-0.12382318,-0.14123657,-0.10256614,-0.17951453,-0.19495486,-0.19166493,-0.09999018,-0.13113372,-0.07899742,-0.12774988,-0.19006202,-0.19345857,-0.19187585,-0.12378541,-0.075087175,-0.09693126,-0.11826814,-0.13659483,-0.12406494,-0.121451,-0.09432782,-0.0964434,-0.10832928,-0.082459606,-0.112757675,-0.1323833,-0.16756073,-0.1410757,-0.1362272,-0.18093297,-0.17825818,-0.19412664,-0.1445317,-0.15549555,-0.1355575,-0.119081676,-0.14001076,-0.19117098,-0.19105957,-0.18122172,-0.19755594,-0.25103784,-0.20219928,-0.19012778,-0.19090174,-0.18259811,-0.17348592,-0.27554205,-0.08916744,-0.11956477,-0.12762135,-0.15751183,-0.20931396,-0.18224281,-0.29657933,-0.32474133,-0.15193906,-0.3242122,-0.17325558,3.6619065,3.2408047,-0.17647925,-0.114121355,-0.13969783,-0.15388772,-0.15788373,-0.22984435,-0.18186735,-0.2545176,-0.1042002,-0.12455491,-0.13854615,-0.12413739,-0.15189947,-0.15543716,-0.15673973,-0.14014931,-0.15141064,-0.16354582,-0.15532778,-0.15370539,-0.15302616,-0.13389483,-0.123061836,-0.1462732,-0.19075766,-0.17698026,-0.21025829,-0.3990198,-0.2010914,-0.113417715,-0.1296617,-0.118405595,-0.14808533,-0.16636807,-0.18715653,-0.19175977,-0.13155524,-0.07629445,-0.15326583,-0.13974537,-0.14106366,-0.11826388,-0.19987361,-0.1649412,-0.1585582,-0.14125821,-0.123552725,-0.12722544,-0.14610182,-0.2588673,-0.107051596,-0.13074079,-0.09132757,-0.12832497,-0.1293437,-0.14983454,-0.15232274,-0.09619225,-0.08910369,-0.12425421,-0.11029436,-0.13780588,-0.15077183,-0.17069373,-0.1430188,-0.116269335,-0.17413685,-0.15188786,-0.14256313,-0.12515876,-0.14261785,-0.17466888,-0.13176009,-0.13219681,-0.14595379,-0.123018034,-0.08722703,-0.05825615,-0.14366591,-0.17082691,-0.026243303,-0.16611934,-0.2829064,-0.31316653,-0.1974875,-0.145832,-0.14331596,-0.14862512,-0.12963767,-0.25088155,-0.19390403,-0.1888966,-0.09448987,-0.109290056,-0.10702289,-0.093784645,-0.12759323,-0.15295857,-0.15746465,-0.16734803,-0.12812386,-0.0969081,-0.16398169,-0.14404947,-0.11335766,-0.18846886,-0.1706479,-0.15400593,-0.12579826,-0.115196005,-0.11285728,-0.11662802,-0.17655954,-0.13858789,-0.13455904,-0.096878245,-0.120946124,-0.09164773,-0.12434345,-0.1362592,-0.063823454,-0.13877153,-0.11419349,-0.13371643,-0.24483351,-0.2571875,-0.29957527,-0.14621839,-0.15690452,-0.13200194,-0.19104545,-0.0782174,-0.17231938,-0.16462283,-0.09859173,-0.11065883,-0.11496071,-0.076612435,-0.083404,-0.1213824,-0.13072303,-0.13855581,-0.19385117,-0.09886414,-0.15557967,-0.19487974,-0.19099519,-0.18703438,-0.11114566,-0.14310856,-0.10298501,-0.15973194,-0.1939581,-0.17321956,-0.16909933,-0.14284512,-0.14259565,-0.1011975,-0.15327853,-0.16169451,-0.18087652,-0.19510192,-0.121246204,-0.1476766,-0.11372816,-0.07974531,-0.1425932,-0.20725825,-0.16096263,-0.125103,-0.15657571,-0.15690626,-0.14348915,-0.19202894,-0.16256621,-0.18249387,-0.2963242,-0.19618717,-0.18073237,-0.17148265,-0.19260813,-0.15736644,-0.14054683,-0.13022524,-0.12557748,-0.13820653,-0.16283667,-0.30584824,-0.16641699,-0.18151385,-0.19278017,-0.11441202,-0.15076596,-0.1405202,-0.1780515,-0.16698922,-0.16491261,-0.14331086,-0.18237996,-0.1279231,-0.1532624,-0.13685252,-0.24156228,-0.17930935,-0.1030556,-0.13511728,-0.14210366,-0.17477682,-0.110137016,-0.13440089,-0.15288915,-0.16031282,-0.18162368,-0.15446599,-0.14910112,-0.19184028,-0.17531997,-0.16479117,-0.14723541,-0.14623587,-0.11499533,-0.10471026,-0.1348778,-0.20148799,-0.17749725,-0.12513243,-0.16560163,-0.18041904,-0.18738703,-0.11705899,-0.17751741,-0.2586392,-0.09229472,-0.0921233,-0.11445139,-0.13603969,-0.1480143,-0.09813246,-0.18936592
k__Bacteria|p__Firmicutes|c__Clostridia|o__Eubacteriales|f__Clostridiaceae|g__Lactonifactor|s__Lactonifactor_sp_BIOML_A6,-0.1004395,-0.12316422,-0.14192985,-0.20428483,-0.16721615,-0.19459058,-0.1666669,-0.14562818,-0.12516013,-0.18487531,-0.18282405,-0.22541545,-0.16961557,-0.20608538,-0.103286296,-0.09945744,-0.058144663,-0.09994747,-0.10758756,-0.1717613,-0.1978925,-0.12536043,-0.13665599,-0.15290391,-0.17217234,-0.11658599,-0.16799654,-0.17502448,-0.1509206,-0.12124001,-0.13552684,-0.105715476,-0.14874224,-0.19678685,-0.1903313,-0.2175087,-0.16105732,-0.22338755,-0.19795322,-0.29867563,-0.29210672,-0.19959618,-0.10772433,-0.09162698,-0.13691942,-0.1553708,-0.23188588,-0.19464621,-0.14736521,-0.2026537,-0.18431562,-0.18279888,-0.19780125,-0.19837919,-0.20394939,-0.15928182,-0.1260973,-0.14442378,-0.09230736,-0.09570752,-0.17215037,-0.14282791,-0.13743341,-0.14740247,-0.12719077,-0.15199009,-0.2613474,-0.22333384,-0.18965852,-0.20047067,-0.14641732,-0.14973995,-0.13109866,-0.14310373,-0.15171349,-0.16487418,-0.14756656,-0.16278498,-0.15961872,-0.14998752,-0.14751749,-0.15745291,-0.15383428,-0.22480208,-0.120334074,-0.14190473,-0.118430056,-0.1619605,-0.1749314,-0.15573269,-0.16891241,-0.11139822,-0.1388583,-0.13027036,-0.12918876,-0.15152657,-0.14291596,-0.11583784,-0.10065024,-0.09036136,-0.105831176,-0.121086344,-0.13553876,-0.15027548,-0.16116372,-0.1185138,-0.11129953,-0.1578567,-0.17738779,-0.13413718,-0.16415268,-0.25953975,-0.14916506,-0.13270038,-0.14181781,-0.15095688,-0.17780018,-0.16425058,-0.22917573,-0.09015879,-0.11006302,-0.1349937,-0.12991533,-0.13997786,-0.1741835,-0.13908121,-0.16057305,-0.12777606,-0.07092635,-0.03704006,-0.1375618,-0.1628734,-0.17968114,-0.14332479,-0.12334781,-0.136152,-0.12023825,-0.13852356,-0.25318068,-0.26654312,-0.08350821,-0.10945694,-0.14524777,-0.09238048,-0.18867096,-0.19088368,-0.15317933,-0.09037152,-0.13230102,-0.1499438,-0.15072271,-0.15956108,-0.1712442,-0.18512234,-0.087759584,-0.12430574,-0.14151376,-0.10256614,-0.17951453,-0.19495486,-0.19239922,-0.10029614,-0.13113372,-0.07946774,-0.12821975,-0.19006202,-0.19426955,-0.19255431,-0.12393304,-0.075267754,-0.09746815,-0.11868485,-0.13687101,-0.12406494,-0.121451,-0.0945875,-0.09670262,-0.10877743,-0.082459606,-0.113244295,-0.13282725,-0.16819441,-0.1410757,-0.13653567,-0.18093297,-0.17825818,-0.19497576,-0.14529341,-0.15549555,-0.13599214,-0.119081676,-0.14001076,-0.19117098,-0.1919215,-0.18193597,-0.19755594,-0.25103784,-0.20219928,-0.19083685,-0.19165531,-0.1832646,-0.17440794,-0.27554205,-0.08916744,-0.11956477,-0.12794822,-0.15751183,-0.20931396,-0.18224281,-0.29657933,-0.32474133,-0.1515425,-0.3242122,-0.17325558,-0.17108874,-0.2185038,-0.17647925,-0.114121355,-0.1400455,-0.15388772,-0.15788373,-0.22984435,-0.18186735,-0.2578294,-0.10447252,-0.12455491,-0.13888913,-0.124575675,-0.15189947,-0.15581742,-0.15723991,-0.14014931,-0.15141064,-0.16396725,-0.15559484,-0.15409642,-0.1533626,-0.13432573,-0.1231644,-0.14670366,-0.19102493,-0.17754725,-0.21025829,-0.3990198,-0.20455872,-0.11376004,-0.1296617,-0.11913942,-0.14829046,-0.16636807,-0.18782954,-0.192613,-0.13167325,-0.07669267,-0.1539937,-0.14009675,3.7741091,-0.11833115,1.990337,-0.1649412,-0.15879759,-0.14172107,-0.12366144,-0.12722544,-0.14610182,-0.2588673,-0.10739804,-0.13074079,-0.09132757,-0.12832497,-0.12960383,-0.1500195,-0.15266815,-0.0964621,-0.08910369,-0.12470022,-0.11061022,-0.13826117,-0.15121765,-0.17128952,-0.14339522,-0.11643972,-0.17467457,-0.15228593,-0.14278981,-0.12542206,-0.142916,-0.17466888,-0.13176009,-0.13270295,-0.14616394,-0.123284385,-0.08722703,-0.05825615,-0.14383365,-0.17082691,-0.026243303,-0.16741142,-0.2829064,-0.31316653,-0.19956404,-0.14617276,-0.14331596,-0.14862512,-0.12963767,-0.25088155,-0.19486818,-0.18970922,-0.09447399,-0.10972996,-0.10702289,-0.09412107,3.417564,-0.15339977,-0.15746465,-0.16781482,-0.12812386,-0.0969081,-0.16398169,-0.14436856,-0.11335766,-0.18846886,-0.1706479,-0.15422133,-0.12611741,-0.115196005,-0.113164306,-0.11662802,-0.17722909,-0.1389822,-0.13493094,-0.096878245,-0.12141083,-0.09191999,-0.12434345,-0.13630207,-0.063823454,-0.13877153,-0.11419349,-0.13399929,-0.24483351,-0.2571875,-0.29957527,-0.14672264,-0.15725699,-0.13265406,-0.19104545,-0.0782174,-0.17341168,-0.16481917,-0.09859173,-0.11065883,-0.11491841,-0.076612435,-0.083404,-0.1213824,-0.13072303,-0.13855581,-0.19385117,-0.09918243,-0.15627404,-0.19487974,-0.19184677,-0.1877852,-0.11153646,-0.14325945,-0.10350852,-0.16039966,-0.19506398,-0.1741062,-0.16946192,-0.14323106,-0.14306669,-0.10149965,-0.15370217,-0.16212124,-0.18150468,-0.1960414,-0.12163468,-0.14808547,-0.114044376,-0.08006721,-0.14341849,-0.20725825,-0.16154,-0.125103,-0.15657571,-0.15690626,-0.14400922,-0.19202894,-0.1630722,-0.18301767,-0.2963242,-0.19844186,-0.18149623,-0.1720037,-0.19363716,-0.1577188,-0.14054683,-0.1306877,-0.12557748,-0.13869175,-0.16341746,-0.30584824,-0.16698287,-0.18191779,-0.1935811,-0.11441202,-0.1510481,-0.14100346,-0.17873022,-0.16751868,-0.16539845,-0.14331086,-0.18237996,-0.12853852,-0.15342873,-0.137353,-0.24156228,-0.18024154,-0.103416994,-0.13530588,-0.14259177,-0.17544146,-0.11029996,-0.13485059,-0.15317608,-0.16077216,-0.18241203,-0.15497756,-0.14974448,-0.19184028,-0.17591813,-0.16511808,-0.14723541,-0.14623587,-0.11499533,-0.10471026,-0.13543019,-0.20148799,-0.17798713,-0.12513243,-0.16598159,-0.18041904,-0.18738703,-0.11705899,-0.17788398,-0.2612922,-0.09267741,-0.09236545,-0.11492409,-0.13654646,-0.14842205,-0.098377325,-0.190209
k__Bacteria|p__Firmicutes|c__Bacilli|o__Lactobacillales|f__Streptococcaceae|g__Streptococcus|s__Streptococcus_rubneri,-0.1004395,-0.12316422,-0.14205852,-0.20428483,-0.16706866,-0.19371603,-0.1666669,-0.14492269,-0.1252826,-0.18337737,-0.18361245,-0.22496866,-0.16984257,-0.20471379,-0.10316782,-0.099291876,-0.058144663,-0.09929234,-0.107817635,-0.17090029,-0.1978925,-0.12536043,-0.13618295,-0.1520614,-0.17153296,-0.11658599,-0.16749658,-0.17369533,-0.1509206,-0.12124001,-0.13513404,-0.10597586,-0.14843631,-0.19592993,-0.1891825,-0.2175087,-0.16117185,-0.22338755,-0.19746274,-0.29867563,-0.29210672,-0.19837542,-0.10715916,-0.09162698,-0.13691942,-0.15508667,-0.23188588,-0.19394681,-0.14663622,-0.2026537,-0.18408409,-0.18279888,-0.1974122,-0.19864957,-0.2031601,-0.15728611,-0.12567726,-0.14374605,-0.09202817,-0.09561474,-0.17120147,-0.14219734,-0.13743341,-0.14691436,-0.12719077,-0.1515349,-0.2613474,-0.22333384,-0.18891504,-0.20047067,-0.14550233,-0.14918453,-0.13079831,-0.1427075,-0.15033376,-0.16366862,-0.14650035,-0.16278498,-0.15958148,-0.14998752,-0.14713773,-0.1572249,-0.15321779,-0.22480208,-0.120334074,-0.14151338,-0.11833778,-0.1607455,-0.17388353,-0.15583654,-0.16810578,-0.11139822,-0.1388583,-0.13027036,-0.12857944,-0.15152657,-0.14261267,-0.11532381,-0.10065024,-0.09052682,-0.105413064,-0.12047033,-0.13498843,-0.15027548,-0.16021594,-0.1185138,-0.11129953,-0.1578567,-0.17738779,-0.13347012,-0.16437268,-0.25953975,-0.14874317,-0.13283089,-0.14169225,-0.15095688,-0.17780018,-0.1640915,-0.22917573,-0.09015879,-0.11013248,-0.13475513,-0.12962794,-0.13997786,-0.1739048,-0.13908121,-0.16057305,-0.12777606,-0.07092635,-0.03704006,-0.13723049,-0.16208366,-0.17873862,-0.14332479,-0.12334781,-0.13588595,-0.12023825,-0.13814908,-0.25318068,-0.26654312,-0.08343738,-0.10945694,-0.14429289,-0.09238048,-0.18789747,-0.19033942,-0.15308142,-0.09026462,-0.13230102,-0.14961292,-0.15035959,-0.15892577,-0.17059493,-0.18346944,-0.08798267,-0.1236517,-0.14104044,-0.10256614,-0.17951453,-0.19495486,-0.19104023,-0.10003172,-0.13113372,-0.079561695,-0.12794451,-0.19006202,-0.1933625,-0.19172466,-0.12311053,-0.075430185,-0.09714487,-0.11859849,-0.13651031,-0.12406494,-0.121451,-0.09445408,-0.09673093,-0.10851836,-0.082459606,-0.11287768,-0.13226597,-0.16690119,-0.1410757,-0.13648775,-0.18093297,-0.17825818,-0.19442877,-0.14487761,-0.15549555,-0.1353524,-0.119081676,-0.14001076,-0.19117098,-0.19134875,-0.18158369,-0.19755594,-0.25103784,-0.20219928,-0.19037363,-0.19136235,-0.18269137,-0.17428179,-0.27554205,-0.08916744,-0.11956477,-0.12810642,-0.15751183,-0.20931396,-0.18224281,-0.29657933,-0.32474133,-0.15418193,-0.3242122,-0.17325558,-0.17108874,-0.2185038,-0.17647925,-0.114121355,-0.14009646,-0.15388772,-0.15788373,-0.22984435,-0.18186735,-0.25740123,-0.10437093,-0.12455491,-0.1384963,-0.124122575,-0.15189947,-0.1548335,-0.15592426,-0.14014931,-0.15141064,-0.16280638,-0.15531123,-0.15343651,-0.1532193,-0.13400894,-0.12301658,-0.1464558,-0.18999833,-0.17711875,-0.21025829,-0.3990198,-0.20367879,-0.11340665,-0.1296617,-0.118448235,-0.14791727,-0.16636807,-0.18637958,-0.191774,-0.13165379,-0.076820165,-0.15298203,-0.13985425,-0.14106366,-0.11770417,-0.19987361,-0.1649412,-0.1588972,-0.14169301,-0.123597994,-0.12722544,-0.14610182,-0.2588673,-0.10730933,-0.13074079,-0.09132757,-0.12832497,-0.12896144,-0.14980155,-0.15152112,-0.09618906,-0.08910369,-0.12428767,-0.11060716,-0.13789494,-0.15086499,-0.17024936,-0.1428814,-0.11646478,-0.17384091,-0.15191527,-0.14221077,-0.1255377,-0.14177495,-0.17466888,-0.13176009,-0.1322931,-0.14570332,-0.12284449,-0.08722703,-0.05825615,-0.14340201,-0.17082691,-0.026243303,-0.16712111,-0.2829064,-0.31316653,-0.19886011,-0.14560762,-0.14331596,-0.14862512,-0.12963767,-0.25088155,-0.19391766,-0.18851079,-0.09460768,-0.10922329,-0.10702289,-0.09352108,-0.12759323,-0.1530754,-0.15746465,-0.16701391,-0.12812386,-0.0969081,-0.16398169,-0.14331207,-0.11335766,-0.18846886,-0.1706479,-0.15394855,-0.12570645,-0.115196005,-0.11286862,-0.11662802,-0.17587742,-0.1383613,-0.13428442,-0.096878245,-0.121142216,-0.09162548,-0.12434345,-0.1356503,-0.063823454,-0.13877153,-0.11419349,-0.13379663,-0.24483351,-0.2571875,-0.29957527,-0.14617653,-0.15670751,-0.1322489,-0.19104545,-0.0782174,-0.17248514,-0.16415812,-0.09859173,-0.11065883,-0.114394054,-0.076612435,-0.083404,-0.1213824,-0.13072303,-0.13855581,-0.19385117,-0.0989774,-0.15574498,-0.19487974,-0.19129995,-0.1869756,-0.111207865,-0.14300609,-0.102926984,-0.15893674,-0.19432783,-0.17248788,-0.16927941,-0.14279579,-0.14248791,-0.10203863,-0.15325484,-0.16157807,-0.18116015,-0.19533435,-0.12115349,-0.14714353,-0.11382957,-0.080068916,-0.14309157,-0.20725825,-0.16079122,-0.125103,-0.15657571,-0.15690626,-0.14379065,-0.19202894,-0.16266981,-0.18182924,-0.2963242,-0.1993918,-0.18149313,-0.17193525,-0.19329077,-0.15766795,-0.14054683,-0.13034737,-0.12557748,-0.13840838,-0.16358675,-0.30584824,-0.1670371,-0.18103981,-0.19291629,-0.11441202,-0.15049723,-0.14066552,-0.178052,-0.16686136,-0.16446465,-0.14331086,-0.18237996,-0.12860017,-0.15342861,-0.13766842,-0.24156228,-0.17987156,-0.10315052,-0.1353574,-0.14178224,-0.17429164,-0.11039981,-0.13465342,-0.15195511,-0.15972348,-0.18209931,-0.15389763,-0.14909771,-0.19184028,-0.1755307,-0.16380264,-0.14723541,-0.14623587,-0.11499533,1.8800381,-0.13510776,2.0916412,-0.17690012,-0.12513243,-0.16612518,-0.18041904,-0.18738703,-0.11705899,-0.17584503,-0.26007053,-0.092559546,-0.09220603,-0.11490472,-0.13596523,-0.1479542,-0.09863502,-0.18900654
k__Bacteria|p__Firmicutes|c__Erysipelotrichia|o__Erysipelotrichales|f__Erysipelotrichaceae|g__Solobacterium|s__Solobacterium_moorei,-0.1004395,-0.12316422,-0.14101306,-0.20428483,-0.16675514,-0.19316232,-0.1666669,-0.14527136,-0.12472671,-0.18388742,-0.18258327,-0.22073373,-0.1682103,-0.2029031,-0.10293288,-0.09861556,-0.058144663,-0.1000219,-0.10748878,-0.17087607,-0.1978925,-0.12536043,-0.13654572,-0.15278529,-0.17130941,-0.11658599,-0.1676437,-0.17426781,-0.1509206,-0.12124001,-0.1352678,-0.10515615,-0.14832789,-0.19503269,-0.18915278,-0.2175087,-0.16031536,-0.22338755,-0.19619839,-0.29867563,-0.29210672,-0.1975227,-0.10713242,-0.09162698,-0.13691942,-0.15485784,-0.23188588,-0.19351257,-0.14657389,-0.2026537,-0.18357371,-0.18279888,-0.19638562,-0.19688493,-0.20176594,-0.15807085,-0.12574789,-0.14383239,-0.09241645,-0.095490605,-0.1715202,-0.14271575,-0.13743341,-0.1469797,-0.12719077,-0.15108472,-0.2613474,-0.22333384,-0.18860997,-0.20047067,-0.14596635,-0.14933938,-0.1305595,-0.14266276,-0.15129304,-0.16447659,-0.14703977,-0.16278498,-0.15902558,-0.14998752,-0.14740212,-0.156847,-0.1533871,-0.22480208,-0.120334074,-0.14154345,-0.11821237,-0.16140236,-0.17423199,-0.15533198,-0.16840033,-0.11139822,-0.1388583,-0.13027036,-0.1288648,-0.15152657,-0.14292973,-0.115613684,-0.10065024,-0.0902254,-0.10545081,-0.120465904,-0.13507505,-0.15027548,-0.16066188,-0.1185138,-0.11129953,-0.1578567,-0.17738779,-0.13350189,-0.16330856,-0.25953975,-0.14862773,-0.13235381,-0.14139041,-0.15095688,-0.17780018,-0.16305545,-0.22917573,-0.09015879,-0.110194236,-0.1347203,-0.12955925,-0.13997786,-0.1735211,-0.13908121,-0.16057305,-0.12777606,-0.07092635,-0.03704006,-0.1370752,-0.16236559,-0.1790412,-0.14332479,-0.12334781,-0.13572097,-0.12023825,-0.13846192,-0.25318068,-0.26654312,-0.08352688,-0.10945694,-0.14480078,-0.09238048,-0.18778586,-0.19007659,-0.15282126,-0.090262994,-0.13230102,-0.14952883,-0.15021564,-0.15891409,-0.17047969,-0.18419132,-0.087660536,-0.12370008,-0.14102799,-0.10256614,-0.17951453,-0.19495486,-0.19107743,-0.100176185,-0.13113372,-0.079157874,-0.12769575,-0.19006202,-0.19312598,-0.19148885,-0.1238295,-0.075214654,-0.09699349,-0.118181914,-0.13657519,-0.12406494,-0.121451,-0.094377175,-0.09635264,-0.108424604,-0.082459606,-0.112748176,-0.13247022,-0.16740072,-0.1410757,-0.13619035,-0.18093297,-0.17825818,-0.19356996,-0.14455241,-0.15549555,-0.1354757,-0.119081676,-0.14001076,-0.19117098,-0.19056502,-0.18101144,-0.19755594,-0.25103784,-0.20219928,-0.19012296,-0.1907381,-0.18227386,-0.17344026,-0.27554205,-0.08916744,-0.11956477,-0.12784946,-0.15751183,-0.20931396,-0.18224281,-0.29657933,-0.32474133,-0.15156132,-0.3242122,-0.17325558,-0.17108874,-0.2185038,-0.17647925,-0.114121355,-0.13969462,-0.15388772,-0.15788373,-0.22984435,-0.18186735,-0.25205284,-0.10430004,-0.12455491,-0.13862222,-0.124277204,-0.15189947,-0.1554962,-0.15666345,-0.14014931,-0.15141064,-0.16351935,-0.15521452,-0.15365162,-0.15288454,-0.133685,-0.12309578,-0.14622147,-0.19051754,-0.17681524,-0.21025829,-0.3990198,-0.20049213,-0.113414705,-0.1296617,-0.118419796,-0.14805175,-0.16636807,-0.18700537,-0.19139998,-0.1315991,-0.07650792,-0.15328763,-0.1397697,-0.14106366,-0.1184946,-0.19987361,-0.1649412,-0.15842485,-0.1412113,-0.12349418,-0.12722544,-0.14610182,-0.2588673,-0.10714715,-0.13074079,-0.09132757,-0.12832497,-0.1294882,-0.1499565,-0.15223572,-0.096289344,-0.08910369,-0.12434186,-0.11042686,-0.13780719,-0.15086228,-0.17041717,-0.1430292,-0.1164667,-0.17399818,-0.15192576,-0.14255053,-0.12517646,-0.14239995,-0.17466888,3.0286186,-0.13224852,-0.14580059,-0.122907735,-0.08722703,-0.05825615,-0.14359103,-0.17082691,-0.026243303,-0.16583773,-0.2829064,-0.31316653,-0.19710568,-0.14573513,-0.14331596,-0.14862512,-0.12963767,-0.25088155,-0.19336686,-0.1885789,-0.09471533,-0.10928612,-0.10702289,-0.093847625,-0.12759323,-0.15293781,-0.15746465,-0.16690661,-0.12812386,-0.0969081,-0.16398169,-0.14412236,-0.11335766,-0.18846886,-0.1706479,-0.15379974,-0.12579209,-0.115196005,-0.11279554,-0.11662802,-0.17626128,-0.13856092,-0.13441741,-0.096878245,-0.12084446,-0.0918321,-0.12434345,-0.13629135,-0.063823454,-0.13877153,-0.11419349,-0.13381198,-0.24483351,-0.2571875,-0.29957527,-0.14611894,-0.15673646,-0.13212676,-0.19104545,-0.0782174,-0.17215729,-0.16436125,-0.09859173,-0.11065883,-0.11511633,-0.076612435,-0.083404,-0.1213824,-0.13072303,-0.13855581,-0.19385117,-0.098968044,-0.15556324,-0.19487974,-0.19080928,-0.18667293,-0.11130059,-0.14307645,-0.103134155,-0.15967324,-0.1934517,-0.17303011,-0.16890264,-0.14280838,-0.14239289,-0.10130826,-0.15327387,-0.16142763,-0.18065792,-0.19451761,-0.12132847,-0.14753848,-0.11377168,-0.07999234,-0.14278607,-0.20725825,-0.16089065,-0.125103,-0.15657571,-0.15690626,-0.14333501,-0.19202894,-0.16256714,-0.18232052,-0.2963242,-0.19560683,-0.1805211,-0.17132273,-0.19245306,-0.15719977,-0.14054683,-0.13029891,-0.12557748,-0.13823307,-0.16270302,-0.30584824,-0.16667295,-0.18122455,-0.192315,-0.11441202,-0.15082568,-0.14046971,-0.17793429,-0.16688466,-0.16459301,-0.14331086,-0.18237996,-0.1279175,-0.15311675,-0.1368748,-0.24156228,-0.17916195,-0.103186965,-0.13512519,-0.14211501,-0.17462763,-0.110224955,-0.13457438,-0.15279594,-0.15998852,-0.18150589,-0.15439144,-0.14912856,-0.19184028,-0.17526928,-0.16458659,-0.14723541,-0.14623587,-0.11499533,-0.10471026,-0.13499254,-0.20148799,-0.17731455,-0.12513243,-0.16520339,-0.18041904,-0.18738703,-0.11705899,-0.17714238,-0.2571577,-0.09239058,-0.092224225,-0.114574835,-0.1359793,-0.14790332,-0.09828566,-0.18914519
k__Bacteria|p__Firmicutes|c__Erysipelotrichia|o__Erysipelotrichales|f__Turicibacteraceae|g__Turicibacter|s__Turicibacter_sanguinis,-0.1004395,-0.12316422,-0.1410904,-0.20428483,-0.16698089,-0.19353428,-0.1666669,-0.1451292,-0.12467229,-0.18372282,-0.18298095,-0.22344881,-0.16930528,-0.20459473,-0.103152856,-0.09921281,-0.058144663,-0.09985086,-0.107525826,-0.17084637,-0.1978925,-0.12536043,-0.13649674,-0.15268508,-0.17160991,-0.11658599,-0.16766551,-0.17434238,-0.1509206,-0.12124001,-0.13519563,-0.10541306,-0.14825964,-0.19559214,-0.1893543,-0.2175087,-0.1606724,-0.22338755,-0.19689986,-0.29867563,-0.29210672,-0.19793329,-0.10731013,-0.09162698,-0.13691942,-0.15491067,-0.23188588,-0.19387963,-0.14664397,-0.2026537,-0.18359779,-0.18279888,-0.19687442,-0.19777025,-0.20225646,-0.1581823,-0.12576386,-0.14395384,-0.09232354,-0.09549926,-0.17152666,-0.1426532,-0.13743341,-0.1470381,-0.12719077,-0.15112269,-0.2613474,-0.22333384,-0.18886513,-0.20047067,-0.145963,-0.14945282,-0.13066547,-0.14271438,-0.15115407,-0.16449976,-0.14706343,-0.16278498,-0.1594044,-0.14998752,-0.14739507,-0.15694574,-0.15335241,-0.22480208,-0.120334074,-0.14153981,-0.11818027,-0.16131644,-0.17424896,-0.15547904,-0.16840838,-0.11139822,-0.1388583,-0.13027036,-0.12871665,-0.15152657,-0.14268005,-0.11562594,-0.10065024,-0.090257466,-0.105441354,-0.12053615,-0.13504076,-0.15027548,-0.16068286,-0.1185138,-0.11129953,-0.1578567,-0.17738779,-0.13378459,-0.16330501,-0.25953975,-0.1486885,-0.13245955,-0.14141396,-0.15095688,-0.17780018,-0.16326064,-0.22917573,-0.09015879,-0.11000866,-0.13465972,-0.12965867,-0.13997786,-0.1736672,-0.13908121,-0.16057305,-0.12777606,-0.07092635,-0.03704006,-0.13695244,-0.1622571,-0.17914993,-0.14332479,-0.12334781,-0.13575229,-0.12023825,-0.13830462,-0.25318068,-0.26654312,-0.08352961,-0.10945694,-0.14477777,-0.09238048,-0.18775755,-0.19024682,-0.15295765,-0.090268165,-0.13230102,-0.14949659,-0.15028432,-0.159047,-0.17064942,-0.18427429,-0.087758884,-0.123851106,-0.14134732,-0.10256614,-0.17951453,-0.19495486,-0.19144247,-0.10000943,-0.13113372,-0.07918583,-0.12752852,-0.19006202,-0.19352463,-0.19173473,-0.1237121,-0.07543413,-0.09711312,-0.118260324,-0.1365214,-0.12406494,-0.121451,-0.09448091,-0.096450955,-0.10848453,-0.082459606,-0.11273365,-0.13235226,-0.16742411,-0.1410757,-0.13616583,-0.18093297,2.96369,-0.19409554,-0.14461511,-0.15549555,-0.1355061,-0.119081676,-0.14001076,-0.19117098,-0.19113696,-0.18135843,-0.19755594,-0.25103784,-0.20219928,-0.19016519,-0.1909402,-0.1824503,-0.17354834,-0.27554205,-0.08916744,-0.11956477,-0.12758316,-0.15751183,-0.20931396,-0.18224281,-0.29657933,-0.32474133,-0.15126316,-0.3242122,-0.17325558,-0.17108874,-0.2185038,-0.17647925,-0.114121355,-0.13976082,-0.15388772,-0.15788373,-0.22984435,-0.18186735,-0.25441742,-0.10431585,-0.12455491,-0.13851568,-0.12416902,-0.15189947,-0.15538532,-0.1566433,-0.14014931,-0.15141064,-0.1634674,-0.15530518,-0.15367237,-0.1529704,-0.13389055,-0.123008095,-0.14623995,-0.19054535,-0.17693096,-0.21025829,-0.3990198,-0.20137644,-0.11338355,-0.1296617,-0.11843743,-0.14787,-0.16636807,-0.18698448,-0.19167668,-0.13154173,-0.07664931,-0.15320742,-0.1397564,-0.14106366,-0.11803832,-0.19987361,-0.1649412,-0.15855223,-0.14133525,-0.12355393,-0.12722544,-0.14610182,-0.2588673,-0.10710144,-0.13074079,-0.09132757,-0.12832497,-0.1293171,-0.14982423,-0.15225351,-0.096334025,-0.08910369,-0.12430477,-0.11041793,-0.13779798,-0.15078707,-0.17060634,-0.14295313,-0.11634235,-0.17398156,-0.15185657,-0.14251344,-0.1252302,-0.14231962,-0.17466888,-0.13176009,-0.13226877,-0.14583305,-0.12304585,-0.08722703,-0.05825615,-0.14344162,-0.17082691,-0.026243303,-0.16623361,-0.2829064,-0.31316653,-0.19763592,-0.14574787,-0.14331596,-0.14862512,-0.12963767,-0.25088155,-0.19396779,-0.18879944,-0.094567336,-0.109371394,-0.10702289,-0.09385851,-0.12759323,-0.15280831,-0.15746465,-0.16716895,-0.12812386,-0.0969081,-0.16398169,-0.14408638,-0.11335766,-0.18846886,-0.1706479,-0.15398934,-0.12593544,-0.115196005,-0.11284446,-0.11662802,-0.17639339,-0.13858387,-0.1345906,-0.096878245,-0.12102463,-0.09173916,-0.12434345,-0.13612683,-0.063823454,-0.13877153,-0.11419349,-0.13366728,-0.24483351,-0.2571875,-0.29957527,-0.14616928,-0.15685984,-0.13208336,-0.19104545,-0.0782174,-0.17234957,-0.16450687,-0.09859173,-0.11065883,-0.11488924,-0.076612435,-0.083404,-0.1213824,-0.13072303,-0.13855581,-0.19385117,-0.09916213,-0.15545887,-0.19487974,-0.19105642,-0.18700817,-0.11122874,-0.14317802,-0.103111014,-0.15957172,-0.19386834,-0.17302863,-0.16907859,-0.14282285,-0.14258981,-0.101341315,-0.15315512,-0.1615586,-0.18080285,-0.19503626,-0.12124723,-0.14749698,-0.11368717,-0.0799365,-0.14259,-0.20725825,-0.16103563,-0.125103,-0.15657571,-0.15690626,-0.143478,-0.19202894,-0.162633,-0.18240112,-0.2963242,-0.19675976,-0.18071386,-0.1714324,-0.1927129,-0.15724981,-0.14054683,-0.1303077,-0.12557748,-0.138215,-0.1629903,-0.30584824,-0.16675797,-0.18144938,-0.1927056,-0.11441202,-0.15060458,-0.14050505,-0.1779952,-0.16700807,-0.16477397,-0.14331086,-0.18237996,-0.12801605,-0.1532068,-0.13676907,-0.24156228,-0.1794807,-0.10319547,-0.13515803,-0.1421217,-0.17466092,-0.11026585,-0.1344748,-0.15276894,-0.1601264,-0.18182614,-0.15446404,-0.14915302,-0.19184028,-0.17541294,-0.16467641,-0.14723541,-0.14623587,-0.11499533,-0.10471026,-0.13479352,-0.20148799,-0.17744176,-0.12513243,-0.16568711,-0.18041904,-0.18738703,-0.11705899,-0.17712712,-0.2586022,-0.092482045,-0.092261136,-0.114569895,-0.13598685,-0.14800948,-0.09826101,-0.18932529
k__Bacteria|p__Firmicutes|c__Tissierellia|o__Tissierellales|f__Peptoniphilaceae|g__Anaerococcus|s__Anaerococcus_jeddahensis,-0.1004395,-0.12316422,-0.14170444,-0.20428483,-0.16671371,-0.19351825,-0.1666669,-0.1450113,-0.1250297,-0.18373966,-0.18243805,-0.22734115,-0.16934514,-0.20492041,-0.10300478,-0.09965732,-0.058144663,-0.099258564,-0.107737795,-0.17065388,-0.1978925,-0.12536043,-0.1359002,-0.15195015,-0.17140435,-0.11658599,-0.16712835,-0.17366427,-0.1509206,-0.12124001,-0.13509144,-0.105743885,-0.14838807,-0.1957941,-0.18916395,-0.2175087,-0.16104938,-0.22338755,-0.19788456,-0.29867563,-0.29210672,-0.19818464,-0.107151076,-0.09162698,-0.13691942,-0.15492243,-0.23188588,-0.19342192,-0.14647216,-0.2026537,-0.18361713,-0.18279888,-0.19748774,-0.1984954,-0.20352823,-0.1573452,-0.12559459,-0.14364126,-0.0918834,-0.095593855,-0.17103943,-0.14195278,-0.13743341,-0.14679287,-0.12719077,-0.15154684,-0.2613474,-0.22333384,-0.18846662,-0.20047067,-0.14543875,-0.14903624,-0.1307605,-0.14249462,-0.15023503,-0.1636127,-0.14667258,-0.16278498,-0.15928896,-0.14998752,-0.14693815,-0.15700206,-0.15297094,-0.22480208,-0.120334074,-0.14138195,-0.11816049,-0.16056365,-0.17381516,-0.15553328,-0.16801967,-0.11139822,-0.1388583,-0.13027036,-0.12840703,-0.15152657,-0.14217988,-0.115381554,-0.10065024,-0.09042342,-0.10533555,-0.120423615,-0.13484162,-0.15027548,-0.16020055,-0.1185138,0.7144727,-0.1578567,-0.17738779,-0.13378662,-0.16437218,-0.25953975,-0.14867255,-0.13261688,-0.14159966,-0.15095688,-0.17780018,-0.16364822,-0.22917573,-0.09015879,-0.10997707,-0.13462776,-0.12952939,-0.13997786,-0.17357455,-0.13908121,-0.16057305,-0.12777606,-0.07092635,-0.03704006,-0.13696703,-0.16179745,-0.17872345,-0.14332479,-0.12334781,-0.13569221,-0.12023825,-0.13815029,-0.25318068,-0.26654312,-0.08328332,-0.10945694,-0.14431001,-0.09238048,-0.18758549,-0.18997325,-0.15278497,-0.09009147,-0.13230102,-0.14942592,-0.15014976,-0.1588211,-0.17033324,-0.18350318,-0.087736234,-0.123663954,-0.14116132,-0.10256614,-0.17951453,-0.19495486,-0.19112593,-0.09994605,-0.13113372,-0.07960108,-0.1277833,-0.19006202,-0.19306809,-0.19160262,-0.12314649,-0.07519683,-0.09717847,-0.118565544,-0.13639331,-0.12406494,-0.121451,-0.094414175,-0.09662503,-0.10844436,-0.082459606,-0.11274502,-0.13192879,-0.16690801,-0.1410757,-0.13637075,-0.18093297,-0.17825818,-0.19422227,-0.14463773,-0.15549555,-0.13542177,-0.119081676,-0.14001076,-0.19117098,-0.19115981,-0.1813958,-0.19755594,-0.25103784,-0.20219928,-0.18972501,-0.19104412,-0.18246675,-0.17404261,-0.27554205,-0.08916744,-0.11956477,-0.12778482,-0.15751183,-0.20931396,-0.18224281,-0.29657933,-0.32474133,-0.15394425,-0.3242122,-0.17325558,-0.17108874,-0.2185038,-0.17647925,-0.114121355,-0.13981974,-0.15388772,-0.15788373,-0.22984435,-0.18186735,-0.2584685,-0.10423797,-0.12455491,-0.1383085,-0.123986065,-0.15189947,-0.15445587,-0.1559844,-0.14014931,-0.15141064,-0.16273731,-0.15506029,-0.15333652,-0.1530644,-0.13401909,-0.122968085,-0.14624539,-0.1899988,-0.17646936,-0.21025829,-0.3990198,-0.20325369,-0.11329353,-0.1296617,-0.1184053,-0.14777714,-0.16636807,-0.18626912,-0.19167039,-0.13155921,-0.07660633,-0.15303174,-0.1397593,-0.14106366,-0.1176237,-0.19987361,-0.1649412,-0.15857178,-0.14158991,-0.12336003,-0.12722544,-0.14610182,-0.2588673,-0.10721192,-0.13074079,-0.09132757,-0.12832497,-0.1288403,-0.14933813,-0.151521,-0.09613234,-0.08910369,-0.12421577,-0.110327765,-0.13776365,-0.15053979,-0.17028712,-0.14273027,-0.11620122,-0.17366458,-0.15151215,-0.14209056,-0.12516543,-0.14185795,-0.17466888,-0.13176009,-0.13222748,-0.14549987,-0.12274335,-0.08722703,-0.05825615,-0.14327177,-0.17082691,-0.026243303,-0.16722414,-0.2829064,-0.31316653,-0.19853677,-0.14552432,-0.14331596,-0.14862512,-0.12963767,-0.25088155,-0.19359538,-0.18848579,-0.09436671,-0.10929145,-0.10702289,-0.093670025,-0.12759323,-0.15286791,-0.15746465,-0.16701439,-0.12812386,-0.0969081,-0.16398169,-0.14320618,-0.11335766,-0.18846886,1.8135201,-0.1538119,-0.12559643,-0.115196005,-0.112971365,-0.11662802,-0.17585862,-0.13828564,-0.13422504,-0.096878245,-0.12099804,-0.091509424,-0.12434345,-0.1355769,-0.063823454,-0.13877153,-0.11419349,-0.13383083,-0.24483351,-0.2571875,-0.29957527,-0.14608473,-0.15659887,-0.13205564,-0.19104545,-0.0782174,-0.17245841,-0.16420723,-0.09859173,-0.11065883,-0.11428538,-0.076612435,-0.083404,-0.1213824,-0.13072303,-0.13855581,-0.19385117,-0.09877732,-0.15569015,-0.19487974,-0.19101298,-0.18692233,-0.11105628,-0.14271383,-0.102680445,-0.15920182,-0.19412595,-0.17263411,-0.16905569,-0.14263353,-0.1424589,-0.101861954,-0.15308854,-0.1613796,-0.1809803,-0.19515975,-0.12098455,-0.14707297,-0.11373165,-0.07998124,-0.14309686,-0.20725825,-0.16065091,-0.125103,-0.15657571,-0.15690626,-0.14355168,-0.19202894,-0.16239211,-0.18178831,-0.2963242,-0.19907095,-0.18124878,-0.1713734,-0.1929115,-0.15733132,-0.14054683,-0.13020116,-0.12557748,-0.13805065,-0.16398454,-0.30584824,-0.16642776,-0.1809143,-0.19276664,-0.11441202,-0.15027398,-0.14043923,-0.1778737,-0.16662101,-0.1644792,-0.14331086,-0.18237996,-0.12848231,-0.15338716,-0.13772884,-0.24156228,-0.17943223,-0.10308188,-0.13505246,-0.1416541,-0.17419428,-0.11014165,-0.13434565,-0.15199144,-0.15979278,-0.18166217,-0.15384623,-0.14879885,-0.19184028,-0.1750699,-0.16382231,-0.14723541,-0.14623587,-0.11499533,-0.10471026,-0.13498874,-0.20148799,-0.17678523,-0.12513243,-0.16588902,-0.18041904,-0.18738703,-0.11705899,-0.17641759,-0.26021546,-0.09240867,-0.09212944,-0.114756756,-0.13591066,-0.14783666,-0.09839756,-0.18890777
k__Bacteria|p__Firmicutes|c__Bacilli|o__Lactobacillales|f__Enterococcaceae|g__Enterococcus|s__Enterococcus_italicus,-0.1004395,-0.12316422,-0.14034201,-0.20428483,-0.16463643,-0.19245437,-0.1666669,-0.14507693,-0.12476964,-0.18392606,-0.18100493,-0.21582556,-0.17053053,-0.20068198,-0.1034946,-0.09927281,-0.058144663,-0.10117504,-0.10718197,-0.17061156,-0.1978925,-0.12536043,-0.13672006,-0.15280107,-0.17081314,-0.11658599,-0.16719891,-0.17450763,-0.1509206,-0.12124001,-0.13532785,-0.10505435,-0.14795586,-0.19408318,-0.18897298,-0.2175087,-0.1580722,-0.22338755,-0.19447097,-0.29867563,-0.29210672,-0.19719344,-0.10784781,-0.09162698,-0.13691942,-0.15423669,-0.23188588,-0.19263202,-0.14662683,-0.2026537,-0.18083467,-0.18279888,-0.1944237,-0.19525102,-0.20072113,-0.16121863,-0.12587872,-0.14397521,-0.09342005,-0.09600668,-0.17099321,-0.14303666,-0.13743341,-0.14675759,3.369308,-0.15118669,-0.2613474,-0.22333384,-0.18716475,-0.20047067,-0.14612281,-0.1492342,-0.13048062,-0.14271021,-0.15218541,-0.16448723,-0.14727505,-0.16278498,-0.15763721,-0.14998752,-0.14724222,-0.15598792,-0.1533848,-0.22480208,-0.120334074,-0.14161581,-0.11829187,-0.16156325,-0.17368868,-0.15439466,-0.16818717,-0.11139822,-0.1388583,-0.13027036,-0.12949741,-0.15152657,-0.14294285,-0.116566196,-0.10065024,-0.09087451,-0.106296316,-0.12096525,-0.13509704,-0.15027548,-0.16066706,-0.1185138,-0.11129953,-0.1578567,-0.17738779,-0.13412052,-0.16200702,-0.25953975,-0.14827968,-0.13194233,-0.14106727,-0.15095688,-0.17780018,-0.16186857,-0.22917573,-0.09015879,-0.11050564,-0.13452733,-0.12977803,-0.13997786,-0.17258179,-0.13908121,-0.16057305,-0.12777606,-0.07092635,-0.03704006,-0.1368564,-0.16210279,-0.17882255,-0.14332479,-0.12334781,-0.13582826,-0.12023825,-0.13845202,-0.25318068,-0.26654312,-0.084277295,-0.10945694,-0.14554575,-0.09238048,-0.1871795,-0.18877104,-0.15247357,-0.090883255,-0.13230102,-0.14927661,-0.14989051,-0.15857953,-0.16989076,-0.18454242,-0.08794935,-0.12448441,-0.14070916,-0.10256614,-0.17951453,-0.19495486,-0.19093227,-0.10078375,-0.13113372,-0.080193385,-0.12828273,-0.19006202,-0.19203083,-0.19067843,-0.12451958,-0.07583536,-0.09777195,-0.118410036,-0.13672328,-0.12406494,-0.121451,-0.09496418,-0.09702702,-0.10918168,-0.082459606,-0.113611236,-0.13308072,-0.16772456,-0.1410757,-0.13571182,-0.18093297,-0.17825818,-0.19238445,-0.14457038,-0.15549555,-0.1358296,-0.119081676,-0.14001076,-0.19117098,-0.18891418,-0.17964278,-0.19755594,-0.25103784,-0.20219928,-0.18879545,-0.1890027,-0.18166967,-0.17205968,-0.27554205,-0.08916744,-0.11956477,-0.12753543,-0.15751183,-0.20931396,-0.18224281,-0.29657933,-0.32474133,-0.15092154,-0.3242122,-0.17325558,-0.17108874,-0.2185038,-0.17647925,-0.114121355,-0.13905194,-0.15388772,-0.15788373,-0.22984435,-0.18186735,-0.24904996,-0.104609326,-0.12455491,-0.13870479,-0.124725126,-0.15189947,-0.1556401,-0.15711558,-0.14014931,-0.15141064,-0.1635662,-0.1543926,-0.15340075,-0.15229116,-0.13397466,-0.123048395,-0.146009,-0.18984708,-0.17594874,-0.21025829,-0.3990198,-0.20348781,-0.113979384,-0.1296617,-0.11935231,-0.14808497,-0.16636807,-0.18697786,-0.19055268,-0.13135615,-0.0773215,-0.15362637,-0.13936476,-0.14106366,-0.11937831,-0.19987361,-0.1649412,-0.15710938,-0.14087875,-0.12383808,-0.12722544,-0.14610182,-0.2588673,-0.10746238,-0.13074079,-0.09132757,-0.12832497,-0.13002284,-0.14940268,-0.1526997,-0.097048104,-0.08910369,-0.12489016,-0.11062037,-0.13787699,-0.15051565,-0.17051415,-0.14286649,-0.116644025,-0.17367807,-0.15169936,-0.14276361,-0.12476131,-0.14348987,-0.17466888,-0.13176009,-0.13247809,-0.14588742,-0.12335581,-0.08722703,-0.05825615,-0.14347416,-0.17082691,-0.026243303,-0.16515121,-0.2829064,-0.31316653,-0.1978924,-0.14561507,-0.14331596,-0.14862512,-0.12963767,-0.25088155,-0.19217555,-0.18818353,-0.095104784,-0.11006629,-0.10702289,-0.09545307,-0.12759323,-0.15294166,-0.15746465,-0.16653213,-0.12812386,-0.0969081,-0.16398169,-0.14482832,-0.11335766,-0.18846886,-0.1706479,-0.15307695,-0.12608162,-0.115196005,-0.1135139,-0.11662802,-0.17668875,-0.13862252,-0.13472289,-0.096878245,-0.12136012,-0.092895664,-0.12434345,-0.13684763,-0.063823454,-0.13877153,-0.11419349,-0.1335383,-0.24483351,-0.2571875,-0.29957527,-0.14586312,-0.15643981,-0.13224483,-0.19104545,-0.0782174,-0.17175604,-0.1643089,-0.09859173,-0.11065883,-0.11603467,-0.076612435,-0.083404,-0.1213824,-0.13072303,-0.13855581,-0.19385117,-0.09929229,-0.1551207,-0.19487974,-0.18945813,-0.1861579,-0.111718066,-0.142818,-0.10424182,-0.15998262,-0.19242278,-0.17409573,-0.16784096,-0.14254044,-0.14245027,-0.10106088,-0.15315273,-0.16108672,-0.17957655,-0.19359417,-0.121696785,-0.14796212,-0.11425565,-0.08118653,-0.14262216,-0.20725825,-0.16012862,-0.125103,-0.15657571,-0.15690626,-0.14306635,-0.19202894,-0.16176486,-0.18218344,-0.2963242,-0.19196624,-0.17987576,-0.17022839,-0.19076726,-0.15667138,-0.14054683,-0.13026805,-0.12557748,-0.13827291,-0.16103667,-0.30584824,-0.16533598,-0.18072422,-0.19108768,-0.11441202,-0.1510749,-0.14029625,-0.17721067,-0.1663698,-0.1646574,-0.14331086,-0.18237996,-0.12744316,-0.1526187,-0.13614582,-0.24156228,-0.17775385,-0.103640065,-0.13472384,-0.14246169,-0.1743285,-0.11030571,-0.13453841,-0.15336278,-0.15982518,-0.18008563,-0.15498991,-0.14896229,-0.19184028,-0.17394052,-0.16505495,-0.14723541,-0.14623587,-0.11499533,-0.10471026,-0.13528273,-0.20148799,-0.1767538,-0.12513243,-0.16410345,-0.18041904,-0.18738703,-0.11705899,-0.17831674,-0.25456363,-0.093079,-0.09313962,-0.114614554,-0.13640982,-0.14779776,-0.09853798,-0.18870899
k__Bacteria|p__Firmicutes|c__Bacilli|o__Lactobacillales|f__Aerococcaceae|g__Abiotrophia|s__Abiotrophia_sp_HMSC24B09,-0.1004395,-0.12316422,-0.1429643,-0.20428483,-0.16781557,-0.19494368,-0.1666669,-0.14575528,-0.12570667,-0.18424605,-0.18450351,-0.23141411,-0.16926788,-0.20767832,-0.103667736,-0.09991704,-0.058144663,-0.09999266,-0.10850121,-0.17177106,-0.1978925,-0.12536043,-0.13684663,-0.15283255,-0.17243336,-0.11658599,-0.16801819,-0.17435102,-0.1509206,-0.12124001,-0.13559574,-0.10659355,-0.14920491,-0.19724578,-0.1901573,-0.2175087,-0.16181275,-0.22338755,-0.19840749,-0.29867563,-0.29210672,-0.19992119,-0.10771557,-0.09162698,-0.13691942,-0.15579908,-0.23188588,-0.19488952,-0.14739111,-0.2026537,-0.18463711,-0.18279888,-0.19897881,-0.20068254,-0.20622389,-0.15738052,-0.12640193,-0.14451186,-0.09247416,-0.09622422,-0.1721129,-0.14288127,-0.13743341,-0.14767152,-0.12719077,-0.15212545,-0.2613474,-0.22333384,-0.18983954,-0.20047067,-0.14636455,-0.14985073,-0.13164611,-0.14359906,-0.1513058,-0.16449328,-0.14701329,-0.16278498,-0.16029423,-0.14998752,-0.1476105,-0.15814841,-0.1540161,-0.22480208,-0.120334074,-0.14216772,-0.11900255,-0.1616118,-0.1747998,-0.15668187,-0.16871485,-0.11139822,-0.1388583,-0.13027036,-0.1291219,-0.15152657,-0.14298543,-0.11566079,-0.10065024,-0.09095428,-0.106005825,-0.12116231,-0.13574827,-0.15027548,-0.16081026,-0.1185138,-0.11129953,-0.1578567,-0.17738779,-0.13454893,-0.1651862,-0.25953975,-0.14940688,-0.13350376,-0.14266938,-0.15095688,-0.17780018,-0.16501147,-0.22917573,-0.09015879,-0.110502824,-0.13547659,-0.1303612,-0.13997786,-0.17470399,-0.13908121,-0.16057305,-0.12777606,-0.07092635,-0.03704006,-0.13799179,-0.16293423,-0.17944008,-0.14332479,-0.12334781,-0.13631137,-0.12023825,-0.13900255,-0.25318068,-0.26654312,-0.083947,-0.10945694,-0.14500687,-0.09238048,-0.18881786,-0.19143763,-0.15378855,-0.09082745,-0.13230102,-0.15025803,-0.15113302,-0.15979268,-0.17142774,-0.18432216,-0.0885865,-0.12428212,-0.14173937,-0.10256614,-0.17951453,-0.19495486,-0.19212574,-0.100656025,-0.13113372,-0.08065171,-0.12853019,-0.19006202,-0.19447246,-0.19277795,-0.12368376,-0.075818226,-0.097817704,-0.11927928,-0.13718851,-0.12406494,-0.121451,-0.09515849,-0.09727533,-0.109061435,-0.082459606,-0.11354805,-0.13284129,-0.16757779,-0.1410757,-0.13707027,-0.18093297,-0.17825818,-0.19571203,-0.14560398,-0.15549555,-0.13606116,-0.119081676,-0.14001076,-0.19117098,-0.19265252,-0.18263932,-0.19755594,-0.25103784,-0.20219928,-0.19126336,-0.19234493,-0.18358988,-0.175384,-0.27554205,-0.08916744,-0.11956477,-0.12858546,-0.15751183,-0.20931396,-0.18224281,-0.29657933,-0.32474133,-0.15460236,-0.3242122,-0.17325558,-0.17108874,-0.2185038,-0.17647925,-0.114121355,-0.1407131,-0.15388772,-0.15788373,-0.22984435,-0.18186735,-0.26089856,-0.105046935,-0.12455491,-0.13909276,-0.124677345,-0.15189947,-0.15571643,-0.15657124,-0.14014931,-0.15141064,-0.16361901,-0.15598933,-0.15425426,-0.15394408,-0.1346021,-0.12353961,-0.14691672,-0.19108318,-0.1780886,-0.21025829,-0.3990198,-0.20571326,-0.11400621,-0.1296617,-0.1192656,-0.1485421,-0.16636807,-0.18730314,-0.19258776,-0.13217217,-0.077352576,-0.1537466,-0.14046744,-0.14106366,-0.11813998,-0.19987361,-0.1649412,-0.15950137,-0.14257193,-0.12408799,-0.12722544,-0.14610182,-0.2588673,-0.107928306,-0.13074079,-0.09132757,-0.12832497,-0.12957454,-0.15039214,-0.15211235,-0.096742086,-0.08910369,-0.12492601,-0.11113821,-0.13861126,-0.15154305,-0.17104341,-0.14358607,-0.116839856,-0.1747236,-0.15258169,-0.14293978,-0.12637761,-0.14220588,-0.17466888,-0.13176009,-0.13297766,-0.14636624,-0.12344157,-0.08722703,-0.05825615,-0.14414242,-0.17082691,-0.026243303,-0.16763544,-0.2829064,-0.31316653,-0.20072272,-0.14634456,-0.14331596,-0.14862512,-0.12963767,-0.25088155,-0.19521639,-0.18946126,-0.095139846,-0.1098019,-0.10702289,-0.09431815,-0.12759323,-0.15366615,-0.15746465,-0.16779388,-0.12812386,-0.0969081,-0.16398169,-0.14386262,-0.11335766,-0.18846886,-0.1706479,-0.15468505,-0.12636833,-0.115196005,-0.11351897,-0.11662802,-0.1765737,-0.13909864,-0.13500518,-0.096878245,-0.12185751,-0.0920999,-0.12434345,-0.13599268,-0.063823454,-0.13877153,-0.11419349,-0.13456985,-0.24483351,-0.2571875,-0.29957527,-0.1470283,-0.15757999,-0.1330997,-0.19104545,-0.0782174,-0.17375827,-0.1647068,-0.09859173,-0.11065883,-0.11463636,-0.076612435,-0.083404,-0.1213824,-0.13072303,-0.13855581,-0.19385117,-0.099900514,-0.15649116,-0.19487974,-0.19221911,-0.18789077,-0.11173505,-0.14371026,-0.1034869,-0.15978013,-0.19549112,-0.1735678,-0.16978231,-0.1435355,-0.14325401,-0.10271675,-0.15403432,-0.16223925,-0.18205658,-0.19631645,-0.12183218,-0.14784451,-0.114188485,-0.080516875,-0.14403334,-0.20725825,-0.16151173,-0.125103,-0.15657571,-0.15690626,-0.1444695,-0.19202894,-0.16336419,-0.18259239,-0.2963242,-0.20119908,-0.18229817,-0.17260906,-0.19470866,-0.15844652,-0.14054683,-0.13104403,-0.12557748,-0.13898358,-0.1643909,-0.30584824,-0.16797139,-0.18180765,-0.19371277,-0.11441202,-0.15112658,-0.14129004,-0.17899242,-0.16770318,-0.16508116,-0.14331086,-0.18237996,-0.12922338,-0.15424147,-0.13873313,-0.24156228,-0.18058434,-0.1037735,-0.13597825,-0.14259632,-0.17516035,-0.110900074,-0.13535671,-0.15248443,-0.16059527,-0.1830089,-0.15481845,-0.14989802,-0.19184028,-0.1764434,-0.1644255,-0.14723541,-0.14623587,-0.11499533,-0.10471026,-0.1358749,-0.20148799,-0.17767718,-0.12513243,-0.1665774,-0.18041904,-0.18738703,-0.11705899,-0.1768854,-0.2618025,-0.09310466,-0.09269482,-0.11553232,-0.13670176,-0.14878061,-0.099247485,-0.18981695
k__Bacteria|p__Firmicutes|c__CFGB3070|o__OFGB3070|f__FGB3070|g__GGB9512|s__GGB9512_SGB14909,-0.1004395,-0.12316422,-0.14134648,-0.20428483,-0.16667175,-0.19339028,-0.1666669,-0.14525864,-0.12494361,-0.18364811,-0.18246233,-0.22344953,-0.16900562,-0.20495874,-0.10351072,-0.099686995,-0.058144663,-0.10036634,-0.107975826,-0.17061898,3.0183506,-0.12536043,-0.13657215,-0.15249401,-0.17132278,-0.11658599,-0.16738528,-0.17383623,-0.1509206,-0.12124001,-0.13523431,-0.10587499,-0.14824694,-0.19526982,-0.18890002,-0.2175087,-0.16025478,-0.22338755,-0.1963045,-0.29867563,-0.29210672,-0.19780515,-0.107770026,-0.09162698,-0.13691942,-0.15470544,-0.23188588,-0.1936895,-0.14689371,-0.2026537,-0.1834034,-0.18279888,-0.19664656,-0.19720373,-0.20189413,-0.15827304,-0.12592074,-0.14396003,-0.09274733,-0.09602508,-0.17134506,-0.14245713,-0.13743341,-0.14698236,-0.12719077,-0.15134814,-0.2613474,-0.22333384,-0.18852642,-0.20047067,-0.14597815,-0.14935479,-0.13086867,-0.14276329,-0.1510166,-0.16409285,-0.14677697,-0.16278498,-0.15942213,-0.14998752,-0.14718431,-0.15696746,-0.15327041,-0.22480208,-0.120334074,-0.14155215,-0.11839382,-0.1611949,-0.17390487,-0.15536088,-0.16795872,-0.11139822,-0.1388583,-0.13027036,-0.12894356,-0.15152657,-0.1426259,-0.115866065,-0.10065024,-0.090708934,-0.10583849,-0.120815516,-0.13517177,-0.15027548,-0.16036966,-0.1185138,-0.11129953,-0.1578567,-0.17738779,-0.13419604,-0.16304937,-0.25953975,-0.14867957,-0.13258307,-0.14158377,-0.15095688,-0.17780018,-0.16348091,-0.22917573,-0.09015879,-0.11034408,-0.13468446,-0.1297816,-0.13997786,-0.17339006,-0.13908121,-0.16057305,-0.12777606,-0.07092635,-0.03704006,-0.13730593,-0.1620319,-0.17870575,-0.14332479,-0.12334781,-0.13598621,-0.12023825,-0.13821071,-0.25318068,-0.26654312,-0.08418773,-0.10945694,-0.14470255,-0.09238048,-0.18764085,-0.18979229,-0.15294585,-0.09090283,-0.13230102,-0.14940621,-0.15021202,-0.15888777,-0.17036092,-0.1838119,-0.0883823,-0.12413265,-0.1411224,-0.10256614,-0.17951453,-0.19495486,-0.19103861,-0.1006117,-0.13113372,-0.08000016,-0.12761635,-0.19006202,-0.1930806,-0.19142848,-0.123728365,-0.07615177,-0.09787165,-0.11858067,-0.13655525,-0.12406494,-0.121451,-0.09507027,-0.09702797,-0.10889515,-0.082459606,-0.11331096,-0.13248809,-0.1671646,-0.1410757,-0.13622722,-0.18093297,-0.17825818,-0.19386384,-0.14467603,-0.15549555,-0.13550738,-0.119081676,-0.14001076,-0.19117098,-0.19097608,-0.18111582,-0.19755594,-0.25103784,-0.20219928,-0.19010694,-0.19063827,-0.18223418,-0.17355743,-0.27554205,-0.08916744,-0.11956477,-0.1278205,-0.15751183,-0.20931396,-0.18224281,-0.29657933,-0.32474133,-0.15185174,-0.3242122,-0.17325558,-0.17108874,-0.2185038,-0.17647925,-0.114121355,-0.13989794,-0.15388772,-0.15788373,-0.22984435,-0.18186735,-0.25460187,-0.10477644,-0.12455491,-0.13857609,-0.124343194,-0.15189947,-0.15520242,-0.15641826,-0.14014931,-0.15141064,-0.16310315,-0.15509199,-0.15356793,-0.15279496,-0.13405481,-0.123143695,-0.14623667,-0.1899852,-0.17646828,-0.21025829,6.858943,-0.20298606,-0.11383274,-0.1296617,-0.11899015,-0.14769724,-0.16636807,-0.18669346,-0.19120255,-0.13156615,-0.07745783,-0.15312228,-0.139729,-0.14106366,-0.11781465,-0.19987361,-0.1649412,-0.1584115,-0.1414234,-0.12371316,-0.12722544,-0.14610182,-0.2588673,-0.10751563,-0.13074079,-0.09132757,-0.12832497,-0.1293876,-0.14960748,-0.15207097,-0.09682394,-0.08910369,-0.12451368,-0.110706806,-0.13796338,-0.15066859,-0.17026517,-0.14297868,-0.11665487,-0.17381296,-0.15174192,-0.14251143,-0.1254937,-0.14223433,-0.17466888,-0.13176009,-0.13248047,-0.14578153,-0.1231803,-0.08722703,-0.05825615,-0.14336519,-0.17082691,-0.026243303,-0.16624898,-0.2829064,-0.31316653,-0.1980264,-0.1456923,-0.14331596,-0.14862512,-0.12963767,-0.25088155,-0.19380638,-0.18846944,-0.094922036,-0.10986052,-0.10702289,-0.09427484,-0.12759323,-0.15269157,-0.15746465,-0.16694556,-0.12812386,-0.0969081,-0.16398169,-0.14378108,-0.11335766,-0.18846886,-0.1706479,-0.15383422,-0.12614876,-0.115196005,-0.113108754,-0.11662802,-0.17621078,-0.138556,-0.13466129,-0.096878245,-0.121388376,-0.0922434,-0.12434345,-0.13611096,-0.063823454,-0.13877153,-0.11419349,-0.13369864,-0.24483351,-0.2571875,-0.29957527,-0.14621894,-0.15678093,-0.13226151,-0.19104545,-0.0782174,-0.17266843,-0.16410255,-0.09859173,-0.11065883,-0.11497541,-0.076612435,-0.083404,-0.1213824,-0.13072303,-0.13855581,-0.19385117,-0.09975141,-0.1554502,-0.19487974,-0.19063479,-0.18660189,-0.11157638,-0.143301,-0.10366672,-0.15944831,-0.19348595,-0.17283352,-0.1684339,-0.14280823,-0.14267972,-0.10186316,-0.15307745,-0.1613783,-0.18057495,-0.19457717,-0.12152074,-0.14757474,-0.11411543,-0.08077307,-0.1424467,-0.20725825,-0.1609038,-0.125103,-0.15657571,-0.15690626,-0.14365241,-0.19202894,-0.16230154,-0.1819434,-0.2963242,-0.19751412,-0.18066628,-0.17127508,-0.19267179,-0.15717432,-0.14054683,-0.13042226,-0.12557748,-0.13825117,-0.1627523,-0.30584824,-0.16672966,-0.18104339,-0.19226952,-0.11441202,-0.1504334,-0.1406485,-0.17772889,-0.16677056,-0.16455519,-0.14331086,-0.18237996,-0.12838826,-0.15316884,-0.13663948,-0.24156228,-0.17955296,-0.10367897,-0.13528574,-0.14216563,-0.17433724,-0.11061908,-0.13466065,-0.15240248,-0.16006409,-0.18166655,-0.15440863,-0.14897612,-0.19184028,-0.17505178,-0.16444615,-0.14723541,-0.14623587,-0.11499533,-0.10471026,-0.13488677,-0.20148799,-0.1769998,-0.12513243,-0.1656363,-0.18041904,-0.18738703,-0.11705899,-0.17691565,-0.2579975,-0.093062535,-0.09287715,-0.114945784,-0.13614002,-0.14795429,-0.09877788,-0.18878418
k__Bacteria|p__Firmicutes|c__Negativicutes|o__Veillonellales|f__Veillonellaceae|g__Anaeroglobus|s__Anaeroglobus_geminatus,-0.1004395,-0.12316422,-0.14185016,-0.20428483,-0.1672881,-0.19426642,-0.1666669,-0.14523132,-0.12508403,-0.18392548,-0.18402982,-0.22629973,-0.17021558,-0.2055406,-0.10307767,-0.099146366,-0.058144663,-0.099331945,-0.10760795,-0.17126697,-0.1978925,-0.12536043,-0.13642757,-0.15256268,-0.17197749,-0.11658599,-0.1677472,-0.17439523,-0.1509206,-0.12124001,-0.13518986,-0.10560408,-0.1485019,-0.19645981,-0.18971756,-0.2175087,-0.16136247,-0.22338755,-0.19791363,-0.29867563,-0.29210672,-0.1988602,-0.10712734,-0.09162698,-0.13691942,-0.15523863,-0.23188588,-0.19440588,-0.14684278,-0.2026537,-0.18443309,-0.18279888,-0.19788146,-0.1992704,-0.20390019,-0.15807697,-0.1257506,-0.14400506,-0.091951594,-0.09540099,-0.17162532,-0.1425977,-0.13743341,-0.14717954,-0.12719077,-0.15159586,-0.2613474,-0.22333384,-0.18946473,-0.20047067,-0.14589852,-0.1495035,-0.13078594,-0.14287467,-0.150931,-0.16440576,-0.14699703,-0.16278498,-0.15982035,-0.14998752,-0.14733925,-0.15738489,-0.15351325,-0.22480208,-0.120334074,-0.1416553,-0.11825468,-0.1612507,-0.17449716,-0.15600923,-0.16856581,-0.11139822,-0.1388583,-0.13027036,-0.12867114,-0.15152657,-0.1426827,-0.11547112,-0.10065024,-0.090180784,-0.105299026,-0.1204894,-0.13506478,-0.15027548,-0.160646,-0.1185138,-0.11129953,-0.1578567,-0.17738779,-0.13390121,-0.16429949,-0.25953975,-0.14894542,-0.13273533,-0.1417531,-0.15095688,-0.17780018,-0.16416398,-0.22917573,-0.09015879,-0.10997235,-0.13482451,-0.12974113,-0.13997786,-0.17417535,-0.13908121,-0.16057305,-0.12777606,-0.07092635,-0.03704006,-0.13715728,-0.1623885,-0.17936084,-0.14332479,-0.12334781,-0.13588995,-0.12023825,-0.13825421,-0.25318068,-0.26654312,-0.083122976,-0.10945694,-0.14461827,-0.09238048,-0.18819368,-0.19073583,-0.15312296,-0.089970484,-0.13230102,-0.1497537,-0.1505453,-0.15926197,-0.1709639,-0.18421459,-0.08757146,-0.12386023,-0.14136735,-0.10256614,-0.17951453,-0.19495486,-0.19184873,-0.099877134,-0.13113372,-0.07919322,-0.12784505,-0.19006202,-0.19394174,-0.19226444,-0.12344083,-0.075037055,-0.096956864,-0.118482776,-0.13659528,-0.12406494,-0.121451,-0.09430288,-0.09648009,-0.10835686,-0.082459606,-0.11276544,-0.13231409,-0.16745219,-0.1410757,-0.13644262,-0.18093297,-0.17825818,-0.19486877,-0.1449078,-0.15549555,-0.13558146,-0.119081676,-0.14001076,-0.19117098,-0.19178854,-0.18196966,-0.19755594,-0.25103784,-0.20219928,-0.19065422,-0.19161963,-0.18303221,-0.1742891,-0.27554205,-0.08916744,-0.11956477,-0.1278176,-0.15751183,-0.20931396,-0.18224281,-0.29657933,-0.32474133,-0.15309271,-0.3242122,-0.17325558,-0.17108874,-0.2185038,-0.17647925,-0.114121355,-0.14002061,-0.15388772,-0.15788373,-0.22984435,-0.18186735,-0.25794393,-0.10422519,-0.12455491,-0.13856903,-0.124105856,-0.15189947,-0.15525451,-0.15647928,-0.14014931,-0.15141064,-0.16338393,-0.15555407,-0.15378337,-0.1533813,-0.13403448,-0.12299489,-0.14654607,-0.19070032,-0.17759788,-0.21025829,-0.3990198,-0.20343152,-0.11336755,-0.1296617,-0.11849564,-0.14807853,-0.16636807,-0.18710548,-0.19225904,-0.13165501,-0.076323,-0.15330341,-0.13984749,-0.14106366,-0.11798401,-0.19987361,-0.1649412,-0.15899944,-0.14170945,-0.123576984,-0.12722544,-0.14610182,-0.2588673,-0.107136,-0.13074079,-0.09132757,-0.12832497,-0.12909374,-0.14992018,-0.15201297,-0.096065626,-0.08910369,-0.12428409,-0.11038144,-0.13794167,-0.1509791,-0.17076725,-0.14308444,-0.116277084,-0.17427868,-0.15208878,-0.14244503,-0.1254301,-0.14229682,-0.17466888,-0.13176009,-0.1323213,-0.14597772,-0.122953296,-0.08722703,-0.05825615,-0.14363737,-0.17082691,-0.026243303,-0.1671524,-0.2829064,-0.31316653,-0.1990554,-0.14585936,-0.14331596,-0.14862512,-0.12963767,-0.25088155,-0.19455661,-0.18916419,-0.094346836,-0.10921222,-0.10702289,-0.093520075,-0.12759323,-0.15319672,-0.15746465,-0.16752559,-0.12812386,-0.0969081,-0.16398169,-0.1437359,-0.11335766,-0.18846886,-0.1706479,-0.15421537,-0.12583086,-0.115196005,-0.11285968,-0.11662802,-0.17647517,-0.13860163,-0.13451165,-0.096878245,-0.12112736,-0.091403574,-0.12434345,-0.13589907,-0.063823454,-0.13877153,-0.11419349,-0.13375184,-0.24483351,-0.2571875,-0.29957527,-0.14640345,-0.15701483,-0.13227297,-0.19104545,-0.0782174,-0.17285077,-0.16460545,-0.09859173,-0.11065883,-0.1145208,-0.076612435,-0.083404,-0.1213824,-0.13072303,-0.13855581,-0.19385117,-0.09888557,-0.15594113,-0.19487974,-0.19166559,-0.18747169,-0.11110972,-0.14312977,-0.10288465,-0.15950347,-0.19482791,-0.17328513,-0.16948345,-0.14296733,-0.14272413,-0.10161477,-0.15343265,-0.16189782,-0.18143037,-0.19583198,-0.121191174,-0.14752606,-0.113743365,-0.07968604,-0.14310445,-0.20725825,-0.1611405,-0.125103,-0.15657571,-0.15690626,-0.1438734,-0.19202894,-0.16291882,-0.18245143,-0.2963242,-0.19882137,-0.18152569,-0.17193294,-0.19347164,-0.15777923,-0.14054683,-0.13037395,-0.12557748,-0.13847262,-0.16352174,-0.30584824,-0.16713771,-0.18157241,-0.19333532,-0.11441202,-0.15069556,-0.14068602,-0.17843932,-0.16724613,-0.1649161,-0.14331086,-0.18237996,-0.1284613,-0.153606,-0.13756512,-0.24156228,-0.1799722,-0.102999315,-0.13532245,-0.14205383,-0.17484961,-0.11018395,-0.13461593,-0.1525144,-0.16024679,-0.18230107,-0.15438084,-0.14931971,-0.19184028,-0.17583671,-0.16448712,-0.14723541,-0.14623587,-0.11499533,-0.10471026,-0.13506281,-0.20148799,-0.1774978,-0.12513243,-0.16621447,-0.18041904,-0.18738703,-0.11705899,-0.17686483,-0.26059482,-0.0923263,-0.09198849,-0.11467649,-0.1360952,-0.14817274,-0.09827374,-0.1895985
k__Bacteria|p__Firmicutes|c__Clostridia|o__Eubacteriales|f__Peptostreptococcaceae|g__Terrisporobacter|s__Terrisporobacter_glycolicus,-0.1004395,-0.12316422,-0.1430247,-0.20428483,-0.1689751,-0.1945217,-0.1666669,-0.14557248,-0.1254679,-0.18406545,-0.18391588,-0.23274373,-0.16717276,-0.20711282,-0.103233546,-0.09937988,-0.058144663,-0.09924499,-0.10840611,-0.1716411,-0.1978925,-0.12536043,-0.1366257,-0.1525884,-0.17231938,-0.11658599,-0.16769542,-0.17419903,-0.1509206,-0.12124001,-0.1351582,-0.10639401,-0.14867947,-0.19722658,-0.18936831,-0.2175087,-0.16355446,-0.22338755,-0.19899383,-0.29867563,-0.29210672,-0.19884208,-0.107289195,-0.09162698,-0.13691942,-0.15579751,-0.23188588,-0.19478814,-0.14712556,-0.2026537,-0.1869609,-0.18279888,-0.19965784,-0.20034486,-0.20563793,-0.1557613,-0.12611218,-0.14405166,-0.09211394,-0.0960443,-0.17189611,-0.14248316,-0.13743341,-0.14741111,-0.12719077,-0.15152606,-0.2613474,-0.22333384,-0.19054787,-0.20047067,-0.14607671,-0.14964497,-0.13126485,-0.14314291,-0.1506032,-0.164707,-0.14689387,0.9633406,-0.16095151,0.8720442,-0.14739098,-0.15809083,-0.15365699,-0.22480208,-0.120334074,-0.14163592,-0.118834965,-0.16131599,-0.17496042,-0.15662937,-0.16836005,-0.11139822,-0.1388583,-0.13027036,-0.12859724,-0.15152657,-0.14259769,-0.11542578,-0.10065024,-0.09051342,-0.10536735,-0.120780595,-0.13533777,-0.15027548,-0.16046765,-0.1185138,-0.11129953,-0.1578567,-0.17738779,-0.13390851,-0.16554913,-0.25953975,-0.14933184,-0.13313639,-0.14217071,-0.15095688,-0.17780018,-0.16539073,-0.22917573,-0.09015879,-0.11012984,-0.13513945,-0.12992749,-0.13997786,-0.17445703,-0.13908121,-0.16057305,-0.12777606,-0.07092635,-0.03704006,-0.13759917,-0.16237925,-0.17923342,-0.14332479,-0.12334781,-0.13569927,-0.12023825,-0.13822451,-0.25318068,-0.26654312,-0.083423615,-0.10945694,-0.1438976,-0.09238048,-0.18807238,-0.1913605,-0.1529698,-0.09037042,-0.13230102,-0.14991608,-0.15093648,-0.15967613,-0.1714389,-0.18368962,-0.08821073,-0.12401605,-0.14143872,-0.10256614,-0.17951453,-0.19495486,-0.19187455,-0.10032116,-0.13113372,-0.079790205,-0.12776375,-0.19006202,-0.19459431,-0.19242802,-0.12329629,-0.07566607,-0.09724586,-0.11882432,-0.13648462,-0.12406494,-0.121451,-0.09471682,-0.09661075,-0.108138785,-0.082459606,-0.112651795,-0.13191678,-0.16708837,-0.1410757,-0.13711688,-0.18093297,-0.17825818,-0.19542383,-0.1450689,-0.15549555,-0.13568696,-0.119081676,-0.14001076,-0.19117098,-0.19288303,-0.18292561,-0.19755594,-0.25103784,-0.20219928,-0.19117674,-0.19269374,-0.18318528,-0.17503488,-0.27554205,-0.08916744,-0.11956477,-0.12800321,-0.15751183,-0.20931396,-0.18224281,-0.29657933,-0.32474133,-0.15102428,-0.3242122,-0.17325558,-0.17108874,-0.2185038,-0.17647925,-0.114121355,-0.14063086,-0.15388772,-0.15788373,-0.22984435,-0.18186735,-0.26062793,-0.10466486,-0.12455491,-0.13857707,-0.12423388,-0.15189947,-0.1551463,-0.15623435,-0.14014931,-0.15141064,-0.16343245,-0.15627557,-0.15401065,-0.15366697,-0.13392839,-0.123327784,-0.14684555,-0.19063228,-0.17813219,-0.21025829,-0.3990198,-0.20059973,-0.11347501,-0.1296617,-0.11857672,-0.14802635,-0.16636807,-0.18678796,-0.19253846,-0.1317303,-0.07676298,-0.15316379,-0.14002328,-0.14106366,-0.11797324,-0.19987361,-0.1649412,-0.15973589,-0.14189884,-0.1234785,-0.12722544,-0.14610182,-0.2588673,-0.10748507,-0.13074079,-0.09132757,-0.12832497,-0.12898982,-0.15013516,-0.15169719,-0.09625903,-0.08910369,-0.124104366,-0.110691875,-0.13803023,-0.15115532,-0.1705387,-0.1434272,-0.1163392,-0.17424828,-0.15226239,-0.14232741,-0.12611632,-0.14166823,-0.17466888,-0.13176009,-0.13234209,-0.1459421,-0.123055845,-0.08722703,-0.05825615,-0.1437332,-0.17082691,-0.026243303,-0.16751744,-0.2829064,-0.31316653,-0.1979557,-0.14612308,-0.14331596,-0.14862512,-0.12963767,-0.25088155,-0.1956476,-0.18920878,-0.09458923,-0.10933684,-0.10702289,-0.093218684,-0.12759323,-0.1529164,-0.15746465,-0.16800666,-0.12812386,-0.0969081,-0.16398169,-0.14325055,-0.11335766,-0.18846886,-0.1706479,-0.15475352,-0.1260446,-0.115196005,-0.112884566,-0.11662802,-0.17573756,-0.13890737,-0.13447526,-0.096878245,-0.12117845,-0.09141068,-0.12434345,-0.13543911,-0.063823454,-0.13877153,-0.11419349,-0.13399924,-0.24483351,-0.2571875,-0.29957527,-0.14687254,-0.15720326,-0.13282597,-0.19104545,-0.0782174,-0.17306182,-0.16439424,-0.09859173,-0.11065883,-0.11405628,-0.076612435,-0.083404,-0.1213824,-0.13072303,-0.13855581,-0.19385117,-0.09958014,-0.15659982,-0.19487974,-0.1924249,-0.18750697,-0.1114022,-0.14310275,-0.103009194,-0.15963334,-0.19578925,-0.17248231,-0.1695896,-0.1433227,-0.14291099,-0.102419496,-0.15341908,-0.16234711,-0.18176983,-0.19605634,-0.12141341,-0.14736244,-0.11375736,-0.079742014,-0.1439322,-0.20725825,-0.16174954,-0.125103,-0.15657571,-0.15690626,-0.14429003,-0.19202894,-0.16344492,-0.18212895,-0.2963242,-0.20132113,-0.18148479,-0.17234944,-0.1942409,-0.1580222,-0.14054683,-0.13066569,-0.12557748,-0.13846928,-0.16411844,-0.30584824,-0.16782542,-0.18146321,-0.19404855,-0.11441202,-0.15030146,-0.14104924,-0.1788232,-0.16780621,-0.1647163,-0.14331086,-0.18237996,-0.12929705,-0.15354037,-0.13869584,-0.24156228,-0.18053544,-0.103452645,-0.135708,-0.1422076,-0.17505348,-0.11046988,-0.1348313,-0.15201417,-0.16059107,-0.18319716,-0.15408355,-0.14992642,-0.19184028,-0.17667407,-0.16410165,-0.14723541,-0.14623587,-0.11499533,-0.10471026,-0.13506237,-0.20148799,-0.17769681,-0.12513243,-0.1662676,-0.18041904,-0.18738703,-0.11705899,-0.17581844,-0.2622935,-0.09270726,-0.09206651,-0.115115836,-0.13608223,-0.14825518,-0.09864615,-0.18937099
k__Bacteria|p__Firmicutes|c__Negativicutes|o__Acidaminococcales|f__Acidaminococcaceae|g__Phascolarctobacterium|s__Phascolarctobacterium_faecium,-0.1004395,-0.12316422,-0.14262542,-0.20428483,-0.16727774,-0.19412111,-0.1666669,-0.14524631,-0.12537667,-0.18384042,-0.18333578,-0.23150557,-0.17033449,-0.20675388,-0.103514135,-0.100127324,-0.058144663,-0.099679194,-0.1082037,-0.1711624,-0.1978925,-0.12536043,-0.13635242,-0.15222646,-0.17201264,-0.11658599,-0.16748145,-0.17389362,-0.1509206,-0.12124001,-0.13525996,-0.106411606,-0.14868858,-0.19676137,-0.18967168,-0.2175087,-0.16138905,-0.22338755,-0.19839187,-0.29867563,-0.29210672,-0.19924054,-0.10746893,-0.09162698,-0.13691942,-0.15547046,-0.23188588,-0.19434914,-0.14688888,-0.2026537,-0.18392561,-0.18279888,-0.1984469,-0.20012386,-0.20604889,-0.15769143,-0.12602636,-0.14406778,-0.09218374,-0.096080005,-0.17137457,-0.14232536,-0.13743341,-0.14718698,-0.12719077,-0.15173985,-0.2613474,-0.22333384,-0.18906379,-0.20047067,-0.14579558,-0.14940655,-0.13127196,-0.14317493,-0.15067068,-0.16393164,-0.14661969,4.252421,-0.15974598,-0.14998752,-0.14729786,-0.15758675,-0.15342836,3.193094,-0.120334074,-0.14177498,-0.118731424,-0.1609076,-0.17417243,-0.15616362,-0.16832536,-0.11139822,-0.1388583,-0.13027036,-0.12877029,-0.15152657,-0.14248936,-0.1156304,-0.10065024,-0.09091326,-0.10578704,-0.12084104,-0.13529328,-0.15027548,-0.16039294,-0.1185138,-0.11129953,-0.1578567,-0.17738779,-0.13403893,-0.16503154,-0.25953975,-0.14901,-0.13310774,-0.14228208,-0.15095688,-0.17780018,-0.16436902,-0.22917573,-0.09015879,-0.11029515,-0.13501537,-0.1300542,-0.13997786,-0.17417371,-0.13908121,-0.16057305,-0.12777606,-0.07092635,-0.03704006,-0.13755299,-0.16223237,-0.17903078,-0.14332479,-0.12334781,-0.13595495,-0.12023825,-0.13857384,-0.25318068,-0.26654312,-0.08370328,-0.10945694,-0.14455102,-0.09238048,-0.18812731,-0.19083652,-0.15349507,-0.0905714,-0.13230102,-0.14985725,-0.15068863,-0.15931109,-0.17090426,-0.18376206,-0.08835282,-0.12411605,-0.14135471,-0.10256614,-0.17951453,-0.19495486,-0.19164403,-0.10041982,-0.13113372,-0.08054364,-0.1284587,-0.19006202,-0.19383043,-0.19222237,-0.12329893,-0.07567045,-0.0975789,-0.11911665,-0.1368319,-0.12406494,-0.121451,-0.0949132,-0.09717105,-0.108835265,-0.082459606,-0.11329635,-0.13242808,-0.1671404,-0.1410757,-0.13678889,-0.18093297,-0.17825818,-0.19511154,-0.14525501,-0.15549555,-0.13577771,-0.119081676,-0.14001076,-0.19117098,-0.19201818,-0.18194146,-0.19755594,-0.25103784,-0.20219928,-0.1903239,-0.19175923,-0.1831005,-0.17470485,-0.27554205,-0.08916744,-0.11956477,-0.12821786,-0.15751183,-0.20931396,-0.18224281,-0.29657933,-0.32474133,-0.15466964,-0.3242122,-0.17325558,-0.17108874,-0.2185038,-0.17647925,-0.114121355,-0.14034225,-0.15388772,-0.15788373,-0.22984435,-0.18186735,-0.2612064,-0.10473715,-0.12455491,-0.13868552,-0.124396,-0.15189947,-0.15497696,-0.15610468,-0.14014931,-0.15141064,-0.16299528,-0.15552822,-0.15365785,-0.15357766,-0.13449171,-0.123274595,-0.14656219,-0.19033122,-0.17729616,-0.21025829,-0.3990198,-0.20544662,-0.11371781,-0.1296617,-0.11892558,-0.14821945,1.908932,-0.1865255,-0.19212691,-0.1318669,-0.07709844,-0.15331537,-0.14009726,-0.14106366,-0.11778778,-0.19987361,-0.1649412,-0.15897124,-0.14213793,-0.123950705,-0.12722544,-0.14610182,-0.2588673,-0.10768594,-0.13074079,-0.09132757,-0.12832497,-0.12920463,-0.14986038,-0.15171692,-0.0965154,-0.08910369,-0.12461892,-0.1109228,-0.13823047,-0.15102804,-0.17068504,-0.14313751,-0.11653049,-0.17413017,-0.15206191,-0.1424911,-0.12593627,-0.14192799,-0.17466888,-0.13176009,-0.1325508,-0.14598921,-0.12326925,-0.08722703,-0.05825615,-0.14368604,-0.17082691,-0.026243303,-0.16753393,-0.2829064,-0.31316653,-0.1998846,-0.1458956,-0.14331596,-0.14862512,-0.12963767,-0.25088155,-0.19456726,-0.18886235,-0.0948494,-0.1095739,-0.10702289,-0.09411488,-0.12759323,-0.15326181,-0.15746465,-0.1674242,-0.12812386,-0.0969081,-0.16398169,-0.14346975,-0.11335766,-0.18846886,-0.1706479,-0.15421647,-0.12598175,-0.115196005,-0.113355234,-0.11662802,-0.17606771,-0.13867831,-0.13462389,-0.096878245,-0.12162106,-0.09194191,-0.12434345,-0.13569616,-0.063823454,-0.13877153,-0.11419349,-0.1342032,-0.24483351,-0.2571875,-0.29957527,-0.14653806,-0.15703154,-0.13265887,-0.19104545,-0.0782174,-0.17289013,-0.16456747,-0.09859173,-0.11065883,-0.11437354,-0.076612435,-0.083404,-0.1213824,-0.13072303,-0.13855581,-0.19385117,-0.09942588,-0.1561028,-0.19487974,-0.19158787,-0.18749487,-0.1114707,-0.14319757,-0.10307461,-0.15926279,-0.19487646,-0.17295012,-0.16955553,-0.14307125,-0.142883,-0.10247484,-0.15359706,-0.16189793,-0.18146832,-0.19600166,-0.12140853,-0.14742434,-0.11392338,-0.080275744,-0.14380234,-0.20725825,-0.160959,-0.125103,-0.15657571,-0.15690626,-0.14403518,-0.19202894,-0.16282722,-0.18203959,-0.2963242,-0.20056972,-0.18215308,-0.17233214,-0.19389306,-0.15816092,-0.14054683,-0.13062951,-0.12557748,-0.13861796,-0.16424122,-0.30584824,-0.1670965,-0.18142971,-0.19328558,-0.11441202,-0.15079148,-0.14098394,-0.17834796,-0.16721739,-0.16474223,-0.14331086,-0.18237996,-0.12888862,-0.15370741,-0.13853645,-0.24156228,-0.17997986,-0.10353724,-0.13555673,-0.1421206,-0.17461029,-0.110624835,-0.13489124,-0.15217906,-0.16013134,-0.18230143,-0.15426457,-0.14945874,-0.19184028,-0.17570584,-0.1639728,-0.14723541,-0.14623587,-0.11499533,-0.10471026,-0.13552412,-0.20148799,-0.17708434,-0.12513243,-0.16608575,-0.18041904,-0.18738703,-0.11705899,-0.17622416,-0.2617475,-0.092921406,-0.09253109,-0.11523256,-0.13638735,-0.14836717,-0.09898284,-0.1893081
k__Bacteria|p__Firmicutes|c__Bacilli|o__Lactobacillales|f__Streptococcaceae|g__Lactococcus|s__Lactococcus_cremoris,-0.1004395,-0.12316422,-0.14241645,-0.20428483,-0.16744098,-0.1943709,-0.1666669,-0.14548427,-0.12547591,-0.18449548,-0.1838755,-0.23035386,-0.16866517,-0.20683324,-0.103213385,-0.099396005,-0.058144663,-0.09965357,-0.10774702,-0.17149927,-0.1978925,-0.12536043,-0.13647833,-0.15254688,-0.17198189,-0.11658599,-0.16802637,-0.17443791,-0.1509206,-0.12124001,-0.13540739,-0.10591625,-0.14878412,-0.19676793,-0.18989445,-0.2175087,-0.16119814,-0.22338755,-0.19810404,-0.29867563,-0.29210672,-0.19939186,-0.10719671,-0.09162698,-0.13691942,-0.1554355,-0.23188588,-0.1946887,-0.14700219,-0.2026537,-0.18474132,-0.18279888,-0.19895336,-0.199593,-0.20550981,-0.15729815,-0.1259107,-0.14400218,-0.09196317,-0.09557171,-0.17169316,-0.14250547,-0.13743341,-0.14722046,-0.12719077,-0.15167677,-0.2613474,-0.22333384,-0.18954149,-0.20047067,-0.1459412,-0.149517,-0.13109142,-0.143078,-0.15072863,-0.16432902,-0.14674026,-0.16278498,-0.15997842,-0.14998752,-0.14738119,-0.15760498,-0.15367077,-0.22480208,-0.120334074,-0.14173618,-0.118458495,-0.16122773,-0.17443642,-0.15627223,-0.16870719,-0.11139822,-0.1388583,-0.13027036,-0.12881026,-0.15152657,-0.14293389,-0.115634754,-0.10065024,-0.09044298,-0.105385944,-0.120576136,-0.13512424,-0.15027548,-0.16066834,2.6116333,1.0833911,1.8784659,-0.17738779,-0.13402423,-0.1649576,-0.25953975,-0.14905007,-0.13303353,-0.1421791,-0.15095688,-0.17780018,-0.16441533,-0.22917573,-0.09015879,-0.11021331,-0.13503301,-0.12988931,-0.13997786,-0.17441893,-0.13908121,-0.16057305,-0.12777606,-0.07092635,-0.03704006,-0.13755679,-0.16246332,-0.17944747,-0.14332479,-0.12334781,-0.13602078,-0.12023825,-0.13837402,-0.25318068,-0.26654312,-0.08331245,-0.10945694,-0.14457528,-0.09238048,-0.18857199,-0.19129041,-0.15355104,-0.09017883,-0.13230102,-0.14989597,-0.15077494,-0.1594226,-0.17113197,-0.18404756,-0.08783522,-0.124073595,-0.14127499,-0.10256614,-0.17951453,-0.19495486,-0.19178648,-0.10023885,-0.13113372,-0.079824544,-0.12789695,-0.19006202,-0.1941773,-0.1925031,-0.123361066,-0.07513753,-0.097224094,-0.11874581,-0.1367729,-0.12406494,-0.121451,-0.094515145,-0.09660737,-0.10860577,-0.082459606,-0.11302454,-0.13235387,-0.16743422,-0.1410757,-0.1367271,-0.18093297,-0.17825818,-0.19512111,-0.14516434,-0.15549555,-0.13567637,-0.119081676,-0.14001076,-0.19117098,-0.1921954,-0.18248315,-0.19755594,-0.25103784,-0.20219928,-0.19103411,-0.19222656,-0.18335485,-0.17484406,-0.27554205,-0.08916744,-0.11956477,-0.12822251,-0.15751183,-0.20931396,-0.18224281,-0.29657933,-0.32474133,-0.15435325,-0.3242122,-0.17325558,-0.17108874,-0.2185038,-0.17647925,-0.114121355,-0.14039311,-0.15388772,-0.15788373,-0.22984435,-0.18186735,-0.26002038,-0.10443254,-0.12455491,-0.13882743,-0.12431379,-0.15189947,-0.15515591,-0.15637833,-0.14014931,-0.15141064,-0.1633013,-0.15562877,-0.15387863,-0.15359338,-0.13428651,-0.12311708,-0.14670894,-0.19080308,-0.17777383,-0.21025829,-0.3990198,-0.20552096,-0.113525406,-0.1296617,-0.1188132,-0.14821512,-0.16636807,-0.18716747,-0.19241798,-0.1318857,-0.07644583,-0.15338175,-0.13997716,-0.14106366,-0.11798964,-0.19987361,-0.1649412,-0.1592043,-0.14209536,-0.12377715,-0.12722544,-0.14610182,-0.2588673,-0.107366905,-0.13074079,-0.09132757,-0.12832497,-0.12920272,-0.15002133,-0.15196246,-0.09620469,-0.08910369,-0.12449463,-0.1105617,-0.13817413,-0.15119365,-0.17077021,-0.14326635,-0.116488196,-0.17450732,-0.1523343,-0.14253518,-0.12574925,-0.14211595,-0.17466888,-0.13176009,-0.13246006,-0.14603972,-0.12306821,-0.08722703,-0.05825615,-0.14374277,-0.17082691,-0.026243303,-0.1676909,-0.2829064,-0.31316653,-0.20021126,-0.14588204,-0.14331596,-0.14862512,-0.12963767,-0.25088155,-0.19478494,-0.18920535,-0.09443951,-0.10934463,-0.10702289,-0.09352972,-0.12759323,-0.15339592,-0.15746465,-0.1675703,-0.12812386,-0.0969081,-0.16398169,-0.14358121,-0.11335766,-0.18846886,-0.1706479,-0.154239,-0.12595806,-0.115196005,-0.112936124,-0.11662802,-0.17642179,-0.13868651,-0.13444516,-0.096878245,-0.121395014,-0.09150015,-0.12434345,-0.13594076,-0.063823454,-0.13877153,-0.11419349,-0.13397162,-0.24483351,-0.2571875,-0.29957527,-0.1465263,-0.15711832,-0.13259394,-0.19104545,-0.0782174,-0.1732535,-0.16476053,-0.09859173,-0.11065883,-0.11446262,-0.076612435,-0.083404,-0.1213824,-0.13072303,-0.13855581,-0.19385117,-0.098945186,-0.1562523,-0.19487974,-0.19207616,-0.18772723,-0.11127748,-0.1433287,-0.102873355,-0.15948935,-0.19500633,-0.1733721,-0.16958638,-0.14308764,-0.14280502,-0.10205868,-0.1537448,-0.16206025,-0.18186411,-0.19620128,-0.12123126,-0.14757442,-0.11395349,-0.07994783,-0.14367616,-0.20725825,-0.1612651,-0.125103,-0.15657571,-0.15690626,-0.14406645,-0.19202894,-0.16304505,-0.18240167,-0.2963242,-0.20035243,-0.18249585,-0.17247148,-0.19421689,-0.15825951,-0.14054683,-0.1305249,-0.12557748,-0.13864332,-0.16397311,-0.30584824,-0.16786048,-0.18163742,-0.1935279,-0.11441202,-0.15085806,-0.14089437,-0.1787245,-0.16751707,-0.16481161,-0.14331086,-0.18237996,-0.12882032,-0.15380767,-0.13817683,-0.24156228,-0.18040904,-0.10322595,-0.13555007,-0.14219639,-0.17485432,-0.11031951,-0.1349577,-0.15242985,-0.16025998,-0.18281323,-0.15440792,-0.14935148,-0.19184028,-0.17595853,-0.16440114,6.4827104,2.614324,-0.11499533,1.4006262,-0.13531438,-0.20148799,-0.17738935,-0.12513243,-0.16637436,-0.18041904,-0.18738703,-0.11705899,-0.1766257,-0.26137525,-0.09252034,-0.09215993,-0.11494987,-0.13628149,-0.14833006,-0.098482825,-0.18966939
k__Bacteria|p__Firmicutes|c__Clostridia|o__Eubacteriales|f__Lachnospiraceae|g__Blautia|s__Blautia_faecicola,-0.1004395,-0.12316422,-0.14280492,-0.20428483,-0.16838004,-0.19524646,-0.1666669,-0.14626713,-0.1257279,-0.1851418,-0.18472967,-0.23017403,-0.1694963,-0.2083165,-0.10381896,-0.10012913,-0.058144663,-0.10021896,-0.108235896,-0.17220655,-0.1978925,-0.12536043,-0.1371248,-0.15333426,-0.17281777,-0.11658599,-0.16871,-0.17546019,-0.1509206,-0.12124001,-0.13609585,-0.10634048,-0.14941236,-0.1976489,-0.19079016,-0.2175087,-0.16225252,-0.22338755,-0.19912301,-0.29867563,-0.29210672,-0.19999634,-0.107955255,-0.09162698,-0.13691942,-0.1562995,-0.23188588,-0.19551644,-0.14764328,-0.2026537,-0.18576188,-0.18279888,-0.19922668,-0.20000008,-0.20544103,-0.1583948,-0.12656356,-0.14484581,-0.09250342,-0.096002005,-0.17256173,-0.14330456,-0.13743341,-0.14806062,-0.12719077,-0.15234195,-0.2613474,-0.22333384,-0.19045672,-0.20047067,-0.14677912,-0.1502871,-0.13159323,-0.14363472,-0.15161718,-0.16531563,-0.14767718,-0.16278498,-0.16085087,-0.14998752,-0.1480194,-0.15833648,-0.15430607,-0.22480208,-0.120334074,-0.14244291,-0.11900987,-0.16216442,-0.1754421,-0.15686072,-0.1694649,-0.11139822,-0.1388583,-0.13027036,-0.12931362,-0.15152657,-0.1434474,-0.1161814,-0.10065024,-0.09085336,-0.1060081,-0.12127061,-0.13589117,-0.15027548,-0.16160332,-0.1185138,-0.11129953,-0.1578567,-0.17738779,-0.13453482,-0.16508295,-0.25953975,-0.14986052,-0.13355742,-0.14263749,-0.15095688,-0.17780018,-0.16514052,-0.22917573,-0.09015879,-0.11067636,-0.13570362,-0.13046119,-0.13997786,-0.1752328,-0.13908121,-0.16057305,-0.12777606,-0.07092635,-0.03704006,-0.13813877,-0.16326141,-0.18037945,-0.14332479,-0.12334781,-0.13668822,-0.12023825,-0.13897528,-0.25318068,-0.26654312,-0.083765686,-0.10945694,-0.14534211,-0.09238048,-0.18932831,-0.19202678,-0.15411872,-0.090664476,-0.13230102,-0.15062785,-0.15147386,-0.16019794,-0.1718804,-0.1850799,-0.08828008,-0.124748565,-0.14241153,-0.10256614,-0.17951453,-0.19495486,-0.19283633,-0.1005791,-0.13113372,-0.07980777,-0.12834662,-0.19006202,-0.19504139,-0.19337893,-0.12430775,-0.075617544,-0.0976794,-0.11923161,-0.13745418,-0.12406494,-0.121451,-0.095041275,-0.09718104,-0.10913879,-0.082459606,-0.11348571,-0.1330463,-0.16849601,-0.1410757,-0.13732257,-0.18093297,-0.17825818,-0.1959624,-0.14573939,-0.15549555,-0.13638338,-0.119081676,-0.14001076,-0.19117098,-0.1931499,-0.18311013,-0.19755594,-0.25103784,-0.20219928,-0.19166455,-0.19282618,-0.18403311,-0.17537743,-0.27554205,-0.08916744,-0.11956477,-0.12864515,-0.15751183,-0.20931396,-0.18224281,-0.29657933,-0.32474133,-0.15440331,-0.3242122,-0.17325558,-0.17108874,-0.2185038,-0.17647925,-0.114121355,-0.14093147,-0.15388772,-0.15788373,-0.22984435,-0.18186735,-0.26025367,-0.10494134,-0.12455491,-0.13941556,-0.12480069,-0.15189947,-0.15614256,-0.15737426,-0.14014931,-0.15141064,-0.16424769,-0.15643586,-0.15468681,-0.1542821,-0.13488807,-0.123648204,-0.14723295,-0.19168502,-0.17869003,-0.21025829,-0.3990198,-0.20471215,-0.11413886,-0.1296617,-0.119317815,-0.14876832,-0.16636807,-0.18815365,-0.19331239,-0.1325392,-0.076721855,-0.15407154,-0.14065999,-0.14106366,-0.11886881,-0.19987361,-0.1649412,-0.16002455,-0.14263113,-0.1242429,-0.12722544,-0.14610182,-0.2588673,-0.107901186,-0.13074079,-0.09132757,-0.12832497,-0.12979384,-0.15075068,-0.15292016,-0.09678962,-0.08910369,-0.12504292,-0.11106367,-0.13878235,-0.1518347,-0.17169376,-0.14394686,-0.116890244,-0.17539531,-0.1529648,-0.14325412,-0.12625575,-0.1429345,-0.17466888,-0.13176009,-0.13301249,-0.14679024,-0.12375916,-0.08722703,-0.05825615,-0.14458793,-0.17082691,-0.026243303,-0.16853054,-0.2829064,-0.31316653,-0.20038165,-0.14671582,-0.14331596,-0.14862512,-0.12963767,-0.25088155,-0.19567367,-0.19013184,-0.094914295,-0.109932385,-0.10702289,-0.09394396,-0.12759323,-0.15407842,-0.15746465,-0.16857013,-0.12812386,-0.0969081,-0.16398169,-0.14448535,-0.11335766,-0.18846886,-0.1706479,-0.1550663,-0.12655851,-0.115196005,-0.11344355,-0.11662802,-0.17751396,-0.13945752,-0.13530341,-0.096878245,-0.12191863,-0.092008695,-0.12434345,-0.13672182,-0.063823454,-0.13877153,-0.11419349,-0.13461316,-0.24483351,-0.2571875,-0.29957527,-0.14730468,-0.1579003,-0.13296404,-0.19104545,-0.0782174,-0.17390355,-0.16550401,-0.09859173,-0.11065883,-0.11522694,-0.076612435,-0.083404,-0.1213824,-0.13072303,-0.13855581,-0.19385117,-0.09948386,-0.15678133,-0.19487974,-0.19276698,-0.1884823,-0.111825034,-0.1440779,-0.103398785,-0.16037866,-0.19582903,-0.17422178,-0.17032683,-0.143875,-0.14362356,-0.10234905,-0.15433316,-0.1628797,-0.1825424,-0.19703364,-0.12188023,-0.14845684,-0.11448644,-0.08010936,-0.14394784,-0.20725825,-0.1622118,-0.125103,-0.15657571,-0.15690626,-0.14477803,-0.19202894,-0.16378012,-0.18335858,-0.2963242,-0.20057425,-0.18248758,-0.17310463,-0.19480318,-0.15873879,-0.14054683,-0.13117549,-0.12557748,-0.13931271,-0.1644176,-0.30584824,-0.16821659,-0.18241537,-0.19450292,-0.11441202,-0.15146647,-0.1415703,-0.17951915,-0.16817415,-0.16579603,-0.14331086,-0.18237996,-0.1292153,-0.15436104,-0.13829872,-0.24156228,-0.1812526,-0.103729606,-0.13616046,-0.14284438,-0.17584434,-0.11081834,-0.1353752,-0.15328443,-0.16136482,-0.18352553,-0.15508369,-0.15003881,-0.19184028,-0.1768077,-0.16535573,-0.14723541,-0.14623587,-0.11499533,-0.10471026,-0.13576928,-0.20148799,-0.1785022,-0.12513243,-0.1674611,-0.18041904,-0.18738703,-0.11705899,-0.17761552,-0.2624404,-0.0930408,-0.09261705,-0.11543687,-0.13688812,-0.14901525,-0.09881371,-0.19063142
k__Bacteria|p__Firmicutes|c__Tissierellia|o__Tissierellales|f__Peptoniphilaceae|g__Anaerococcus|s__Anaerococcus_SGB53821,-0.1004395,-0.12316422,-0.14223671,-0.20428483,-0.16726086,-0.19373518,-0.1666669,-0.14520574,-0.12524839,-0.18362549,-0.18359457,-0.22854996,-0.16984805,-0.20595373,-0.103314765,-0.099710055,-0.058144663,-0.099871576,-0.10814033,-0.17098533,-0.1978925,-0.12536043,-0.13646382,-0.15234676,-0.17173024,-0.11658599,-0.1676031,-0.17381337,-0.1509206,-0.12124001,-0.13534279,-0.10614765,-0.14874923,-0.1961014,-0.18944336,-0.2175087,-0.16110232,-0.22338755,-0.19766393,-0.29867563,-0.29210672,-0.19865666,-0.107313275,-0.09162698,-0.13691942,-0.1553667,1.2345502,-0.19415364,-0.14679387,-0.2026537,-0.18367893,-0.18279888,-0.19783518,-0.19938898,-0.2047094,-0.15751812,-0.12595084,-0.14398752,-0.092224024,-0.095894575,-0.17139703,-0.14233163,-0.13743341,-0.14715189,-0.12719077,-0.15150528,-0.2613474,-0.22333384,-0.18888664,-0.20047067,-0.1457615,-0.14938982,-0.13115588,-0.14310986,-0.15067717,-0.16388449,-0.14653239,-0.16278498,-0.15962583,-0.14998752,-0.14743468,-0.15746514,-0.15341297,-0.22480208,-0.120334074,-0.14178792,-0.118659005,-0.16091445,-0.1740756,-0.15606703,-0.16833675,-0.11139822,-0.1388583,-0.13027036,-0.12875833,-0.15152657,-0.14269991,-0.11551918,-0.10065024,-0.0907848,-0.105653,-0.12066207,-0.13525812,-0.15027548,-0.16041175,-0.1185138,-0.11129953,-0.1578567,-0.17738779,-0.13376784,-0.16459018,-0.25953975,-0.14891309,-0.13309371,-0.14213946,-0.15095688,-0.17780018,-0.16403648,-0.22917573,-0.09015879,-0.110454485,-0.13499638,-0.12994918,-0.13997786,-0.1740892,-0.13908121,-0.16057305,-0.12777606,-0.07092635,-0.03704006,-0.13756967,-0.16228811,-0.17897022,-0.14332479,-0.12334781,-0.13594157,-0.12023825,-0.1386615,-0.25318068,-0.26654312,-0.08371167,-0.10945694,-0.14459388,-0.09238048,-0.18816254,-0.19073245,-0.15358353,-0.0905647,-0.13230102,-0.14985575,-0.15060954,-0.15917608,-0.17076412,-0.18362181,-0.08827528,-0.123870745,-0.14133555,-0.10256614,-0.17951453,-0.19495486,-0.19119672,-0.100329764,-0.13113372,-0.08018835,-0.128248,-0.19006202,-0.1935707,-0.19200008,-0.123360515,-0.07552155,-0.09736601,-0.11888973,-0.13684148,-0.12406494,-0.121451,-0.09479713,-0.096981585,-0.108784825,-0.082459606,-0.11313397,-0.13247697,-0.16707632,-0.1410757,-0.13670504,-0.18093297,-0.17825818,-0.19468778,-0.14510295,-0.15549555,-0.13560693,-0.119081676,-0.14001076,-0.19117098,-0.19164231,-0.18173885,-0.19755594,-0.25103784,-0.20219928,-0.19049476,-0.19157597,-0.18291512,-0.1745844,-0.27554205,-0.08916744,-0.11956477,-0.12835723,-0.15751183,-0.20931396,-0.18224281,-0.29657933,-0.32474133,-0.15483676,-0.3242122,-0.17325558,-0.17108874,-0.2185038,-0.17647925,-0.114121355,-0.14032832,-0.15388772,-0.15788373,-0.22984435,-0.18186735,-0.25833714,-0.10468265,-0.12455491,-0.13873625,-0.12437332,-0.15189947,-0.15507981,-0.15610869,-0.14014931,-0.15141064,-0.16301814,-0.1554906,-0.15363872,-0.15347724,-0.13431785,-0.12328309,-0.1465529,-0.1903724,-0.17727657,-0.21025829,-0.3990198,-0.20443842,-0.11364226,-0.1296617,-0.11870867,-0.1482289,-0.16636807,-0.1865166,-0.19181383,-0.13199517,-0.07691917,-0.15317638,-0.14009592,-0.14106366,-0.1179506,-0.19987361,-0.1649412,-0.1590051,-0.14203238,-0.123930305,-0.12722544,-0.14610182,-0.2588673,-0.10761735,-0.13074079,-0.09132757,-0.12832497,-0.12932198,-0.15006,-0.15174374,-0.09645282,-0.08910369,-0.12458387,-0.110892065,-0.13822377,-0.15108895,-0.17049867,-0.14308956,-0.11670906,-0.17410138,-0.15210783,-0.1426164,-0.12583196,-0.14193413,-0.17466888,-0.13176009,-0.13250303,-0.14592817,-0.12309041,-0.08722703,-0.05825615,-0.14363569,-0.17082691,-0.026243303,-0.1671101,-0.2829064,-0.31316653,-0.19914733,-0.145857,-0.14331596,-0.14862512,-0.12963767,-0.25088155,-0.19409078,-0.18862256,-0.09491995,-0.1094193,-0.10702289,-0.0938628,-0.12759323,-0.15327266,-0.15746465,-0.16712996,-0.12812386,-0.0969081,-0.16398169,-0.14360884,-0.11335766,-0.18846886,-0.1706479,-0.15420023,-0.12588267,-0.115196005,-0.11317925,-0.11662802,-0.17597777,-0.13860512,-0.13452,-0.096878245,-0.121405676,-0.09192926,-0.12434345,-0.13591449,-0.063823454,-0.13877153,-0.11419349,-0.13422808,-0.24483351,-0.2571875,-0.29957527,-0.14642107,-0.15697661,-0.13247168,-0.19104545,-0.0782174,-0.17259662,-0.16450533,-0.09859173,-0.11065883,-0.11459765,-0.076612435,-0.083404,-0.1213824,-0.13072303,-0.13855581,-0.19385117,-0.099313274,-0.1558757,-0.19487974,-0.19137879,-0.18720165,-0.11146225,-0.14336003,-0.10298027,-0.1591013,-0.19431819,-0.17279929,-0.1694912,-0.14303172,-0.14271846,-0.10236626,-0.15357262,-0.16171643,-0.18134262,-0.19554615,-0.12137565,-0.14733571,-0.11388845,-0.080230184,-0.14349735,-0.20725825,-0.16091852,-0.125103,-0.15657571,-0.15690626,-0.14388129,-0.19202894,-0.16280013,-0.18200989,-0.2963242,-0.19955565,-0.1818785,-0.17229532,-0.19374955,-0.15802778,-0.14054683,-0.13060102,-0.12557748,-0.13853048,-0.16418707,-0.30584824,-0.16719225,-0.18130633,-0.1929434,-0.11441202,-0.15087004,-0.1409429,-0.17826794,-0.16705766,-0.16460975,-0.14331086,-0.18237996,-0.1286912,-0.15376225,-0.1381081,-0.24156228,-0.1799372,-0.103489965,-0.13561566,-0.14204043,-0.1744767,-0.11068159,-0.13492191,-0.15219653,-0.15997514,-0.1822367,-0.15419704,-0.14928275,-0.19184028,-0.17564556,-0.16397434,-0.14723541,-0.14623587,-0.11499533,-0.10471026,-0.13545468,-0.20148799,-0.17706919,-0.12513243,-0.16613945,-0.18041904,-0.18738703,-0.11705899,-0.17604825,-0.2600065,-0.092764586,-0.092490755,-0.11513969,-0.13625798,-0.14828336,-0.098962545,-0.18913162
k__Bacteria|p__Firmicutes|c__Clostridia|o__Eubacteriales|f__Lachnospiraceae|g__GGB79912|s__GGB79912_SGB4550,-0.1004395,-0.12316422,-0.14274539,-0.20428483,-0.16817135,-0.1939703,-0.1666669,-0.14512199,-0.12604612,-0.18313077,-0.18493347,-0.2240623,-0.17005643,-0.2037699,-0.103436604,-0.09949846,-0.058144663,-0.09912312,-0.10852598,-0.1710788,-0.1978925,-0.12536043,-0.1365107,-0.15218212,-0.17174187,-0.11658599,-0.1680291,-0.17366041,-0.1509206,-0.12124001,-0.13556969,-0.10649731,-0.14891645,-0.19573867,-0.18889292,-0.2175087,-0.16275264,-0.22338755,-0.19802967,-0.29867563,-0.29210672,-0.19766867,-0.10716316,-0.09162698,-0.13691942,-0.15567562,-0.23188588,-0.19431028,-0.14684749,-0.2026537,-0.18581697,-0.18279888,-0.1979593,-0.1991089,-0.20192313,-0.15587667,-0.12587586,-0.14376412,-0.0923384,-0.09588847,-0.17123595,-0.14236784,-0.13743341,-0.14724413,-0.12719077,-0.15190578,-0.2613474,-0.22333384,-0.18949756,-0.20047067,-0.14543666,-0.14946994,-0.13106592,-0.14282829,-0.14961839,-0.16356088,-0.14641345,-0.16278498,-0.16079238,-0.14998752,-0.1475482,-0.1578375,-0.15346348,-0.22480208,-0.120334074,-0.14181148,-0.118793204,-0.1604879,-0.17393413,-0.15681125,-0.1682263,-0.11139822,-0.1388583,-0.13027036,-0.12857458,-0.15152657,-0.14316812,-0.115577266,-0.10065024,-0.09088207,-0.10528823,-0.12035822,-0.13504027,-0.15027548,-0.16027884,-0.1185138,-0.11129953,-0.1578567,-0.17738779,-0.13360041,-0.16535977,-0.25953975,-0.1492523,-0.13356954,-0.14205308,-0.15095688,-0.17780018,-0.16499966,-0.22917573,-0.09015879,-0.11082972,-0.13518673,-0.12985215,-0.13997786,-0.17453009,-0.13908121,-0.16057305,-0.12777606,-0.07092635,-0.03704006,-0.13746418,-0.16207348,-0.1789746,-0.14332479,-0.12334781,-0.13631088,-0.12023825,-0.13816953,-0.25318068,-0.26654312,-0.08369791,-0.10945694,-0.14390527,-0.09238048,-0.18811904,-0.19069466,-0.15359163,-0.090549365,-0.13230102,-0.15006998,-0.15079346,-0.15919548,-0.17090017,-0.18284701,-0.08850089,-0.123776495,-0.14141215,-0.10256614,-0.17951453,-0.19495486,-0.19075537,-0.1002278,-0.13113372,-0.07944271,-0.12774307,-0.19006202,-0.19347061,-0.19193622,-0.12315197,-0.07590964,-0.09720317,-0.11884108,-0.13666396,-0.12406494,-0.121451,-0.09471838,-0.09695126,-0.1086126,-0.082459606,-0.112744324,-0.13208921,-0.16664502,-0.1410757,-0.13724437,-0.18093297,-0.17825818,-0.19472215,-0.1450348,-0.15549555,-0.13541019,-0.119081676,-0.14001076,-0.19117098,-0.1918819,-0.1825315,-0.19755594,-0.25103784,-0.20219928,-0.19125766,-0.192195,-0.18302643,-0.17493993,-0.27554205,-0.08916744,-0.11956477,-0.12877244,-0.15751183,-0.20931396,-0.18224281,-0.29657933,-0.32474133,-0.15720612,-0.3242122,-0.17325558,-0.17108874,-0.2185038,-0.17647925,-0.114121355,-0.14091246,-0.15388772,4.8615065,5.809282,1.4970142,-0.25648296,-0.10470578,-0.12455491,-0.13876341,-0.12420465,-0.15189947,-0.15457852,-0.1556575,-0.14014931,-0.15141064,-0.16265279,-0.15601888,-0.15372449,-0.1537997,-0.1342389,-0.123452865,-0.14703646,-0.18993711,-0.1777201,-0.21025829,-0.3990198,-0.20231408,-0.113571785,-0.1296617,-0.11816955,-0.14811629,-0.16636807,-0.18609059,-0.19203958,-0.13240951,-0.07699781,-0.15262884,-0.14019617,-0.14106366,-0.118050784,-0.19987361,-0.1649412,-0.16011135,-0.14229903,-0.123900294,-0.12722544,-0.14610182,-0.2588673,-0.107690975,-0.13074079,-0.09132757,-0.12832497,-0.12891707,-0.15031907,-0.15138282,-0.09635809,-0.08910369,-0.12431908,-0.11089195,-0.13819559,-0.15122062,-0.17013055,-0.14319564,-0.11707798,-0.17401083,-0.15234555,-0.14235029,-0.126052,-0.14154416,-0.17466888,-0.13176009,-0.13252622,-0.14587998,-0.1229539,-0.08722703,-0.05825615,-0.14367926,-0.17082691,-0.026243303,-0.16811848,-0.2829064,-0.31316653,-0.19853672,-0.1458765,-0.14331596,-0.14862512,-0.12963767,-0.25088155,-0.19409017,-0.1884964,-0.09498999,-0.10926738,-0.10702289,-0.0928469,-0.12759323,-0.1534883,-0.15746465,-0.16730934,-0.12812386,-0.0969081,-0.16398169,-0.14298823,-0.11335766,-0.18846886,-0.1706479,-0.15467161,-0.12602505,-0.115196005,-0.112946525,-0.11662802,-0.17556247,-0.13850394,-0.13419631,-0.096878245,-0.12121855,-0.09156957,-0.12434345,-0.13593574,-0.063823454,-0.13877153,-0.11419349,-0.13408656,-0.24483351,-0.2571875,-0.29957527,-0.14644442,-0.15696515,-0.13236839,-0.19104545,-0.0782174,-0.17252974,-0.16436628,-0.09859173,-0.11065883,-0.11460905,-0.076612435,-0.083404,-0.1213824,-0.13072303,-0.13855581,-0.19385117,-0.09919293,-0.15617557,-0.19487974,-0.19192652,-0.18713342,-0.1114447,-0.14349699,-0.10284041,-0.15846688,-0.1945993,-0.1718218,-0.16968372,-0.14312312,-0.14265649,-0.102927536,-0.1534695,-0.16201803,-0.1818289,-0.19536814,-0.12121034,-0.1469972,-0.11430398,-0.08028296,-0.14334652,-0.20725825,-0.1613095,-0.125103,-0.15657571,-0.15690626,-0.14443329,-0.19202894,-0.16325784,-0.1817564,-0.2963242,-0.20115209,-0.18202369,-0.1724455,-0.19374481,-0.15818077,-0.14054683,-0.13062215,-0.12557748,-0.13874997,-0.16463196,-0.30584824,-0.168237,-0.18092941,-0.19346534,-0.11441202,-0.15046927,-0.1410343,-0.17851058,-0.16718036,-0.1645367,-0.14331086,-0.18237996,-0.12949389,-0.15414482,-0.1383418,-0.24156228,-0.1807513,-0.103396095,-0.13612181,-0.14169155,-0.17411873,-0.11099398,-0.13502388,-0.15149337,-0.15977463,-0.18300995,-0.1535969,-0.14912263,-0.19184028,-0.176207,-0.16368523,-0.14723541,-0.14623587,-0.11499533,-0.10471026,-0.13516371,-0.20148799,-0.17706577,-0.12513243,-0.16749763,-0.18041904,-0.18738703,-0.11705899,-0.17490274,-0.25925422,-0.092822134,-0.092396945,-0.11531468,-0.13591221,-0.1480859,-0.099071026,-0.18867867
k__Bacteria|p__Firmicutes|c__Clostridia|o__Eubacteriales|f__Eubacteriales_unclassified|g__Gemmiger|s__Gemmiger_SGB15299,-0.1004395,-0.12316422,-0.14140444,-0.20428483,-0.16601974,-0.19296744,-0.1666669,-0.14488538,-0.12489079,-0.18337855,-0.18179171,-0.22358432,-0.16849431,-0.20298044,-0.1032249,-0.099163786,-0.058144663,-0.10001796,-0.107666954,-0.1705449,-0.1978925,-0.12536043,-0.13623354,-0.15214264,-0.17091626,-0.11658599,-0.16703023,-0.1734728,-0.1509206,-0.12124001,-0.13501297,-0.10565395,-0.14810619,-0.19493997,-0.18876728,-0.2175087,-0.15972349,-0.22338755,-0.19587082,-0.29867563,-0.29210672,-0.19775747,-0.10730377,-0.09162698,-0.13691942,-0.15445828,-0.23188588,-0.19314732,-0.14655086,-0.2026537,-0.1825843,-0.18279888,-0.1963492,-0.19724807,-0.20295806,-0.1577635,-0.12570691,-0.14361404,-0.09248764,-0.0958519,-0.17093995,-0.14225398,-0.13743341,-0.14663586,-0.12719077,-0.15102533,-0.2613474,-0.22333384,-0.18784198,-0.20047067,-0.14559323,-0.14894247,-0.13069187,-0.1425746,-0.15079975,-0.1636551,-0.14650542,-0.16278498,-0.15857217,-0.14998752,-0.14692126,-0.15662262,-0.15310661,-0.22480208,-0.120334074,-0.14129409,-0.1182661,-0.16079244,-0.17355056,-0.15511906,-0.16779873,-0.11139822,-0.1388583,-0.13027036,-0.12883352,-0.15152657,-0.14254707,-0.11562835,-0.10065024,-0.09061669,-0.10567732,-0.12057162,-0.13494056,-0.15027548,-0.16005628,-0.1185138,-0.11129953,-0.1578567,-0.17738779,-0.13366708,-0.16350257,-0.25953975,-0.14833727,-0.13236022,-0.14147907,-0.15095688,-0.17780018,-0.1630877,-0.22917573,-0.09015879,-0.110180706,-0.1345298,-0.12957834,-0.13997786,-0.1730847,-0.13908121,-0.16057305,-0.12777606,-0.07092635,-0.03704006,-0.13709955,-0.16190848,-0.17835066,-0.14332479,-0.12334781,-0.13558081,-0.12023825,-0.1381906,-0.25318068,3.1994317,-0.08384954,-0.10945694,-0.14449401,-0.09238048,-0.1873555,-0.18956229,-0.15270032,-0.09058774,-0.13230102,-0.14921808,-0.1499568,-0.15855907,-0.170079,-0.1835179,-0.088106945,-0.123803034,-0.14044751,-0.10256614,-0.17951453,-0.19495486,-0.19063678,-0.100525744,-0.13113372,-0.08017734,-0.12789592,-0.19006202,-0.19261205,-0.19106114,-0.12340355,-0.075642645,-0.09750751,-0.11848457,-0.13641424,-0.12406494,-0.121451,-0.09473355,-0.09677674,-0.1086552,-0.082459606,-0.113133535,-0.13234875,-0.16679563,-0.1410757,-0.13608241,-0.18093297,-0.17825818,-0.19340971,-0.1446375,-0.15549555,-0.13538727,-0.119081676,-0.14001076,-0.19117098,-0.1902383,-0.18063718,-0.19755594,-0.25103784,-0.20219928,-0.18959996,-0.19036436,-0.18198898,-0.17340627,-0.27554205,-0.08916744,-0.11956477,-0.12783316,-0.15751183,-0.20931396,-0.18224281,-0.29657933,-0.32474133,-0.15257579,-0.3242122,-0.17325558,-0.17108874,-0.2185038,-0.17647925,-0.114121355,-0.13960497,-0.15388772,-0.15788373,-0.22984435,-0.18186735,-0.25461608,-0.10452462,-0.12455491,-0.13840011,-0.12428905,-0.15189947,-0.15489586,-0.15608785,-0.14014931,-0.15141064,-0.16280939,-0.15474302,-0.15324786,-0.15266052,-0.13382855,-0.123030156,-0.14604616,-0.18965228,-0.17629199,-0.21025829,-0.3990198,-0.2035276,-0.11353694,-0.1296617,-0.11876606,-0.14777909,-0.16636807,-0.18618579,-0.19091055,-0.13135609,-0.077189855,-0.15309757,-0.13957241,-0.14106366,-0.117997184,-0.19987361,-0.1649412,-0.15794282,-0.14130549,-0.12353079,-0.12722544,-0.14610182,-0.2588673,-0.107377164,-0.13074079,-0.09132757,-0.12832497,-0.12927447,-0.14944309,-0.15167779,-0.09649616,-0.08910369,-0.12439798,-0.110576324,-0.13775274,-0.15054005,-0.17000446,-0.14278753,-0.1164947,-0.17341445,-0.1515843,-0.14221512,-0.12530686,-0.14198425,-0.17466888,-0.13176009,-0.13230342,-0.14550665,-0.12295265,-0.08722703,-0.05825615,-0.1432572,-0.17082691,-0.026243303,-0.16583075,5.343094,-0.31316653,-0.19828938,-0.14540267,-0.14331596,-0.14862512,-0.12963767,-0.25088155,-0.19312051,-0.18809944,-0.09490642,-0.109482534,-0.10702289,-0.094336554,-0.12759323,-0.1527105,-0.15746465,-0.16647722,-0.12812386,-0.0969081,-0.16398169,-0.14351709,-0.11335766,-0.18846886,-0.1706479,-0.15339282,-0.12579176,-0.115196005,-0.113052875,-0.11662802,-0.17566675,-0.13833259,-0.1342533,-0.096878245,-0.12113127,-0.092093825,-0.12434345,-0.13580425,-0.063823454,-0.13877153,-0.11419349,-0.13368317,-0.24483351,-0.2571875,-0.29957527,-0.14590734,-0.15636496,-0.13230762,-0.19104545,-0.0782174,-0.17224988,-0.16386439,-0.09859173,-0.11065883,-0.11474327,-0.076612435,-0.083404,-0.1213824,-0.13072303,-0.13855581,-0.19385117,-0.09930301,-0.15540865,-0.19487974,-0.19035542,-0.18636455,-0.11141516,-0.1427172,-0.10338448,-0.15916559,-0.19319892,-0.17269656,-0.16832958,-0.14254923,-0.14227267,-0.10178729,-0.15303999,-0.16101104,-0.18030879,-0.19425684,-0.12132841,-0.14720845,-0.11381125,-0.0805334,-0.14299393,-0.20725825,-0.16037503,-0.125103,-0.15657571,-0.15690626,-0.14322758,-0.19202894,-0.16210797,-0.18162103,-0.2963242,-0.19699804,-0.18085457,-0.17102255,-0.19235468,-0.15716779,-0.14054683,-0.13022938,-0.12557748,-0.13813722,-0.16261926,-0.30584824,-0.16649547,-0.18070063,-0.19182098,-0.11441202,-0.15049073,-0.14033642,-0.17743602,-0.16652043,-0.16412474,-0.14331086,-0.18237996,-0.12819654,-0.15283705,-0.13731875,-0.24156228,-0.17880642,-0.103421405,-0.13494176,-0.14195715,-0.17401345,-0.11035159,-0.13458206,-0.15218568,-0.15945138,-0.18105224,-0.15412474,-0.14886934,-0.19184028,-0.17472385,-0.16395417,-0.14723541,-0.14623587,-0.11499533,-0.10471026,-0.13509029,-0.20148799,-0.17652178,-0.12513243,-0.16449821,-0.18041904,-0.18738703,-0.11705899,-0.17654541,-0.2576473,-0.09277287,-0.09256729,-0.114797466,-0.13601246,-0.14772348,-0.098725155,-0.18849015
k__Bacteria|p__Firmicutes|c__Clostridia|o__Eubacteriales|f__Lachnospiraceae|g__Blautia|s__Blautia_SGB4793,-0.1004395,-0.12316422,-0.14131671,-0.20428483,-0.16716205,-0.19361793,-0.1666669,-0.14551438,-0.12523045,-0.18434879,-0.18312784,-0.2168219,-0.16890028,-0.20129518,-0.10285801,-0.09815239,-0.058144663,-0.09985188,-0.10773669,-0.17127061,-0.1978925,-0.12536043,-0.1368503,-0.15308791,-0.17154104,-0.11658599,-0.16818002,-0.17444167,-0.1509206,-0.12124001,-0.13562346,-0.10528304,-0.14878055,-0.19506617,-0.1894474,-0.2175087,-0.16076219,-0.22338755,-0.19623956,-0.29867563,-0.29210672,-0.19761801,-0.10706814,-0.09162698,-0.13691942,-0.15507674,-0.23188588,-0.19383392,-0.14703813,-0.2026537,-0.18434918,-0.18279888,-0.19651347,-0.19681704,-0.20080423,-0.15813494,-0.1258814,-0.14397797,-0.09249985,-0.0955407,-0.17198107,-0.1429173,-0.13743341,-0.14722031,-0.12719077,-0.15159078,-0.2613474,-0.22333384,-0.18901803,-0.20047067,-0.14612195,-0.14961872,-0.13077538,-0.14284483,-0.15139653,-0.16454661,-0.14736855,-0.16278498,-0.15940398,-0.14998752,-0.14782894,-0.15724422,-0.15375456,-0.22480208,-0.120334074,-0.14183187,-0.1183817,-0.16166094,-0.17455438,-0.15572049,-0.16881591,-0.11139822,-0.1388583,-0.13027036,-0.12920827,-0.15152657,-0.14355566,-0.11571212,-0.10065024,-0.090235546,-0.1054599,-0.12051049,-0.13530986,-0.15027548,-0.16096844,-0.1185138,-0.11129953,-0.1578567,-0.17738779,-0.13352661,-0.1639354,-0.25953975,-0.14895983,-0.13270965,-0.14161335,-0.15095688,-0.17780018,-0.16352719,-0.22917573,-0.09015879,-0.1105202,-0.13497928,-0.12970875,-0.13997786,-0.17393075,-0.13908121,-0.16057305,-0.12777606,-0.07092635,-0.03704006,-0.13736036,-0.16280392,-0.17933017,-0.14332479,-0.12334781,-0.13613775,-0.12023825,-0.13874643,-0.25318068,-0.26654312,-0.08355789,-0.10945694,-0.14501497,-0.09238048,-0.18839815,-0.19036105,-0.15318264,-0.09032069,-0.13230102,-0.14990814,-0.1504842,-0.15915567,-0.1708313,-0.18451017,-0.08769369,-0.1236101,-0.14093557,-0.10256614,-0.17951453,-0.19495486,-0.19121365,-0.10033756,-0.13113372,-0.078887194,-0.12793681,-0.19006202,-0.19338104,-0.19184044,-0.12382111,-0.07517059,-0.09699631,-0.11827527,-0.13679948,-0.12406494,-0.121451,-0.09429369,-0.09632866,-0.10848593,-0.082459606,-0.112857185,-0.13272983,-0.16758685,-0.1410757,-0.1365808,-0.18093297,-0.17825818,-0.19383958,-0.14485481,-0.15549555,-0.13558911,-0.119081676,-0.14001076,-0.19117098,-0.19069603,-0.18140604,-0.19755594,-0.25103784,-0.20219928,-0.19103494,-0.19129905,-0.18274985,-0.17400485,-0.27554205,-0.08916744,-0.11956477,-0.12842257,-0.15751183,-0.20931396,-0.18224281,-0.29657933,-0.32474133,-0.15265086,-0.3242122,-0.17325558,-0.17108874,-0.2185038,-0.17647925,-0.114121355,-0.14012536,-0.15388772,-0.15788373,-0.22984435,-0.18186735,-0.25074458,-0.10439735,-0.12455491,-0.13896966,-0.12455576,-0.15189947,-0.15571356,-0.15688239,-0.14014931,-0.15141064,-0.16379714,-0.15559067,-0.15398219,-0.15319137,-0.13385871,-0.123475865,-0.14678887,-0.19095834,-0.17713888,-0.21025829,-0.3990198,-0.20054582,-0.113540016,-0.1296617,-0.118413225,-0.14847985,-0.16636807,-0.18733786,-0.19181976,-0.1318988,-0.0766609,-0.15357001,-0.14016618,-0.14106366,-0.11853005,-0.19987361,-0.1649412,-0.15896185,-0.14148071,-0.12367684,-0.12722544,-0.14610182,-0.2588673,-0.10726634,-0.13074079,-0.09132757,-0.12832497,-0.12978064,-0.15042508,-0.15242954,-0.096255414,-0.08910369,-0.12451309,-0.11060518,-0.13809478,-0.15128581,-0.170615,-0.1433537,-0.11697963,-0.17429495,-0.15234019,-0.1428025,-0.12537469,-0.14265344,-0.17466888,-0.13176009,-0.13263787,-0.14598987,-0.12292646,-0.08722703,-0.05825615,-0.14380985,-0.17082691,-0.026243303,-0.16592902,-0.2829064,-0.31316653,-0.19728531,-0.14599952,-0.14331596,-0.14862512,-0.12963767,-0.25088155,-0.19348651,-0.1889804,-0.09493509,-0.10933216,-0.10702289,-0.09367716,-0.12759323,-0.15337306,-0.15746465,-0.16706347,-0.12812386,-0.0969081,-0.16398169,-0.14421284,-0.11335766,-0.18846886,-0.1706479,-0.15415873,-0.12597755,-0.115196005,-0.11289134,-0.11662802,-0.17652331,-0.13872236,-0.13448359,-0.096878245,-0.1208461,-0.09187734,-0.12434345,-0.13663019,-0.063823454,-0.13877153,-0.11419349,-0.13408604,-0.24483351,-0.2571875,-0.29957527,-0.14634767,-0.15702954,-0.13241307,-0.19104545,-0.0782174,-0.17258078,-0.16457282,-0.09859173,-0.11065883,-0.11533507,-0.076612435,-0.083404,-0.1213824,-0.13072303,-0.13855581,-0.19385117,-0.09897278,-0.15599085,-0.19487974,-0.19135153,-0.1869953,-0.11152077,-0.14332515,-0.103318304,-0.1598896,-0.19377038,-0.17308362,-0.16933611,-0.1430514,-0.14251038,-0.10154608,-0.15362626,-0.1616871,-0.18118231,-0.19469318,-0.121553056,-0.14768167,-0.11406919,-0.08016653,-0.14299676,-0.20725825,-0.16125408,-0.125103,-0.15657571,-0.15690626,-0.14362021,-0.19202894,-0.16302349,-0.18277188,-0.2963242,-0.19617221,-0.18114422,-0.1717498,-0.19292526,-0.15749723,-0.14054683,-0.13053857,-0.12557748,-0.13852337,-0.16323754,-0.30584824,-0.16738433,-0.18162751,-0.19275382,-0.11441202,-0.1511881,-0.14075533,-0.17834786,-0.16719276,-0.16490206,-0.14331086,-0.18237996,-0.12838537,-0.15354171,-0.13715324,-0.24156228,-0.17975636,-0.10329513,-0.1354567,-0.1423349,-0.17486773,-0.11054861,-0.13495575,-0.15298918,-0.16005284,-0.18202908,-0.15460014,-0.14935699,-0.19184028,-0.17574778,-0.1648546,-0.14723541,-0.14623587,-0.11499533,-0.10471026,-0.13532352,-0.20148799,-0.17767131,-0.12513243,-0.16555397,-0.18041904,-0.18738703,-0.11705899,-0.17736141,-0.25700986,-0.09235042,-0.09227022,-0.11480339,-0.13615465,-0.14809857,-0.098550305,-0.18947586
k__Bacteria|p__Firmicutes|c__Bacilli|o__Lactobacillales|f__Lactobacillaceae|g__Lactobacillus|s__Lactobacillus_delbrueckii,-0.1004395,-0.12316422,-0.14221638,-0.20428483,-0.1675576,-0.1939443,-0.1666669,-0.14511833,-0.12523407,-0.18390045,-0.18325043,-0.22433224,-0.16972642,-0.2042036,-0.10296881,-0.09922849,-0.058144663,-0.09936626,-0.10791446,-0.17120364,-0.1978925,-0.12536043,-0.13643542,-0.15233448,-0.1717739,-0.11658599,-0.16786171,-0.1739252,-0.1509206,-0.12124001,-0.13535383,-0.10583633,-0.1487017,-0.19599669,-0.18940206,-0.2175087,-0.16167776,-0.22338755,-0.19781055,-0.29867563,-0.29210672,-0.19819689,-0.10707073,-0.09162698,-0.13691942,-0.15543668,-0.23188588,-0.19443083,-0.14673242,-0.2026537,-0.18454093,-0.18279888,-0.19766292,-0.19855547,-0.20290157,-0.15746108,-0.12576436,-0.1438956,-0.09204259,-0.095635675,-0.17156327,-0.14235224,-0.13743341,-0.1471069,-0.12719077,-0.15177211,-0.2613474,-0.22333384,-0.18914707,-0.20047067,-0.14568843,-0.14939457,-0.130918,-0.1428902,-0.15049812,-0.16399321,-0.14672107,-0.16278498,-0.15993981,-0.14998752,-0.1474894,-0.15749109,-0.15346794,-0.22480208,-0.120334074,-0.1417152,-0.118478104,-0.16103342,-0.17418809,-0.15605566,-0.16844696,-0.11139822,-0.1388583,-0.13027036,-0.12868871,-0.15152657,-0.14283505,-0.11543139,-0.10065024,-0.09039755,-0.10533954,-0.120504215,-0.13515905,-0.15027548,-0.1604844,-0.1185138,-0.11129953,-0.1578567,-0.17738779,-0.1335738,-0.16470535,-0.25953975,-0.14900714,-0.13291556,-0.14185207,-0.15095688,-0.17780018,-0.1643278,-0.22917573,-0.09015879,-0.11033839,-0.13485953,-0.12969574,-0.13997786,-0.17416173,-0.13908121,-0.16057305,-0.12777606,-0.07092635,-0.03704006,-0.13749972,-0.16226579,-0.17913671,-0.14332479,-0.12334781,-0.13596559,-0.12023825,-0.13833413,-0.25318068,-0.26654312,-0.08333543,-0.10945694,-0.14435548,-0.09238048,-0.18832728,-0.19063872,-0.1532867,-0.09023219,-0.13230102,-0.1498598,-0.1505616,-0.15919064,-0.17089173,-0.18378717,-0.0879384,-0.123768,-0.14109227,-0.10256614,-0.17951453,-0.19495486,-0.1912824,-0.10002671,-0.13113372,-0.07927063,-0.12792875,-0.19006202,-0.19361082,-0.19203636,-0.12320666,-0.07526713,-0.097091265,-0.118597284,-0.13661683,-0.12406494,-0.121451,-0.09437184,-0.09654653,-0.10841344,-0.082459606,-0.112786874,-0.13226935,-0.16715968,-0.1410757,-0.13675576,-0.18093297,-0.17825818,-0.19466923,-0.14500126,-0.15549555,-0.13547122,-0.119081676,-0.14001076,-0.19117098,-0.19166419,-0.18190417,-0.19755594,-0.25103784,-0.20219928,-0.19081488,-0.19183388,-0.18294159,-0.1745747,-0.27554205,-0.08916744,-0.11956477,-0.12822181,-0.15751183,-0.20931396,-0.18224281,-0.29657933,-0.32474133,-0.15486214,-0.3242122,-0.17325558,-0.17108874,-0.2185038,-0.17647925,-0.114121355,-0.14035247,-0.15388772,-0.15788373,-0.22984435,-0.18186735,-0.25636715,-0.10435319,-0.12455491,-0.13864462,-0.12422551,-0.15189947,-0.15502027,-0.15615627,-0.14014931,-0.15141064,-0.16308755,-0.15566295,-0.15366672,-0.15339048,-0.13407359,-0.12318855,-0.14669047,-0.19033065,-0.17711107,-0.21025829,-0.3990198,-0.20339544,-0.11337222,-0.1296617,-0.1183759,-0.14812161,-0.16636807,-0.18665579,-0.19203229,-0.13185158,-0.0766103,-0.15319872,-0.14002904,-0.14106366,-0.11781387,-0.19987361,-0.1649412,-0.15923157,-0.14179517,-0.12362897,-0.12722544,-0.14610182,-0.2588673,-0.107309654,-0.13074079,-0.09132757,-0.12832497,-0.12912707,-0.15005228,-0.15178442,-0.09610182,-0.08910369,-0.12432221,-0.11059857,-0.13809812,-0.15105216,-0.17053097,-0.14306241,-0.11661732,-0.17416286,-0.15204263,-0.14245456,-0.12556453,-0.14195946,-0.17466888,-0.13176009,-0.13243881,-0.14584479,-0.122863516,-0.08722703,-0.05825615,-0.14353412,-0.17082691,-0.026243303,-0.16741863,-0.2829064,-0.31316653,-0.19862999,-0.14584026,-0.14331596,-0.14862512,-0.12963767,-0.25088155,-0.19420302,-0.18881507,-0.094543725,-0.109260306,-0.10702289,-0.09330977,-0.12759323,-0.15327972,-0.15746465,-0.16729197,-0.12812386,-0.0969081,-0.16398169,-0.14351586,-0.11335766,-0.18846886,-0.1706479,-0.15426838,-0.12583533,-0.115196005,-0.11287327,-0.11662802,-0.17611474,-0.13851678,-0.13432755,-0.096878245,-0.121078685,-0.09154062,-0.12434345,-0.13593203,-0.063823454,-0.13877153,-0.11419349,-0.13406461,-0.24483351,-0.2571875,-0.29957527,-0.14635065,-0.15696037,-0.13231981,-0.19104545,-0.0782174,-0.17264047,-0.16452399,-0.09859173,-0.11065883,-0.11451878,-0.076612435,-0.083404,-0.1213824,-0.13072303,-0.13855581,-0.19385117,-0.09896541,-0.15604222,-0.19487974,-0.19161145,-0.1872668,-0.111250624,-0.14326589,-0.102827,-0.15927936,-0.19447523,-0.17258102,-0.16947843,-0.14296554,-0.1426417,-0.10201573,-0.15343478,-0.16187984,-0.18141729,-0.19549045,-0.12120432,-0.14730982,-0.11377816,-0.07989587,-0.14335391,-0.20725825,-0.16110224,-0.125103,-0.15657571,-0.15690626,-0.14394662,-0.19202894,-0.1629687,-0.1822111,-0.2963242,-0.19955587,-0.18178776,-0.17219374,-0.19355664,-0.1578271,-0.14054683,-0.1304268,-0.12557748,-0.13839293,-0.16407555,-0.30584824,-0.1673877,-0.18133935,-0.1932979,-0.11441202,-0.15071252,-0.14091142,-0.17841,-0.16719776,-0.16474038,-0.14331086,-0.18237996,-0.12870747,-0.15366402,-0.13778721,-0.24156228,-0.18021202,-0.103191875,-0.13561419,-0.14196303,-0.1745867,-0.110468216,-0.13480788,-0.15222697,-0.15999866,-0.18247716,-0.15410136,-0.14928684,-0.19184028,-0.17585258,-0.1641509,-0.14723541,-0.14623587,-0.11499533,-0.10471026,-0.13524383,-0.20148799,-0.17726542,-0.12513243,-0.1664004,-0.18041904,-0.18738703,-0.11705899,-0.17619832,-0.2597807,-0.09242558,-0.09215151,-0.1149557,-0.13607109,-0.14808539,-0.098572984,-0.18934533
k__Bacteria|p__Firmicutes|c__Bacilli|o__Lactobacillales|f__Lactobacillaceae|g__Weissella|s__Weissella_confusa,-0.1004395,-0.12316422,-0.1419771,-0.20428483,-0.16708693,-0.19435328,-0.1666669,-0.14513135,-0.12478882,-0.18389675,-0.18360183,-0.2333335,-0.16985187,-0.20793939,-0.10306856,-0.099494934,-0.058144663,-0.09946075,-0.10756467,-0.17124431,-0.1978925,-0.12536043,-0.13625212,-0.15245375,-0.17209956,-0.11658599,-0.16739628,-0.17430693,-0.1509206,-0.12124001,-0.13488124,-0.10566363,-0.1483784,-0.19694206,-0.18993685,-0.2175087,-0.16096452,-0.22338755,-0.19824724,-0.29867563,-0.29210672,-0.19978508,-0.107079364,-0.09162698,-0.13691942,-0.15513197,-0.23188588,-0.19442819,-0.14675741,-0.2026537,-0.1835888,-0.18279888,-0.19865415,-0.2006501,-0.2069127,-0.15789448,-0.1257613,-0.14397836,-0.09177104,-0.09545611,-0.17148939,-0.14242336,-0.13743341,-0.14706285,-0.12719077,-0.15126409,-0.2613474,-0.22333384,-0.189414,-0.20047067,-0.14588262,-0.14935388,-0.13095194,-0.14303972,-0.15106398,-0.16433632,-0.14671963,-0.16278498,-0.1594533,-0.14998752,-0.14713737,-0.15732887,-0.15341976,-0.22480208,-0.120334074,-0.14153185,-0.11825305,-0.16112629,-0.17443192,-0.15596923,-0.16845712,-0.11139822,-0.1388583,-0.13027036,-0.12851615,-0.15152657,-0.14219181,-0.115271956,-0.10065024,-0.090141915,-0.1053077,-0.12051253,-0.13502172,-0.15027548,-0.16045988,-0.1185138,-0.11129953,-0.1578567,-0.17738779,-0.13411608,-0.16451602,-0.25953975,-0.14872724,-0.13264456,-0.14197114,-0.15095688,-0.17780018,-0.1639785,-0.22917573,-0.09015879,-0.109656386,-0.13472599,-0.12980191,-0.13997786,-0.1740599,-0.13908121,-0.16057305,-0.12777606,-0.07092635,-0.03704006,-0.1370512,-0.16233154,-0.17921975,-0.14332479,-0.12334781,-0.135519,-0.12023825,-0.13837478,-0.25318068,-0.26654312,-0.083091326,-0.10945694,-0.14463878,-0.09238048,-0.1880804,-0.19098711,-0.15316525,-0.08995135,-0.13230102,-0.14958355,-0.15050583,-0.15929583,-0.17095332,-0.18424883,-0.08759944,-0.123891465,-0.14138114,-0.10256614,-0.17951453,-0.19495486,-0.1920807,-0.09989391,-0.13113372,-0.079981655,-0.127998,-0.19006202,-0.19419695,-0.19241211,-0.12327357,-0.07489669,-0.09699709,-0.11857122,-0.1365472,-0.12406494,-0.121451,-0.09441203,-0.096472405,-0.10835269,-0.082459606,-0.1127982,-0.13218012,-0.1673226,-0.1410757,-0.1362375,-0.18093297,-0.17825818,-0.19520926,-0.14495392,-0.15549555,-0.13562799,-0.119081676,-0.14001076,-0.19117098,-0.19212306,-0.18204512,-0.19755594,-0.25103784,-0.20219928,-0.19032204,-0.1916186,-0.18307242,-0.17437725,-0.27554205,-0.08916744,-0.11956477,-0.12753165,-0.15751183,-0.20931396,-0.18224281,-0.29657933,-0.32474133,-0.15239042,-0.3242122,-0.17325558,-0.17108874,-0.2185038,-0.17647925,-0.114121355,-0.13982478,-0.15388772,-0.15788373,-0.22984435,-0.18186735,-0.26152685,-0.104252346,-0.12455491,-0.13840407,-0.124042846,-0.15189947,-0.15516725,-0.15629834,-0.14014931,-0.15141064,-0.16329388,-0.15533973,-0.15366283,-0.15334073,-0.13408196,-0.122812346,-0.14621344,-0.19080287,-0.17757195,-0.21025829,-0.3990198,-0.20520684,-0.11328851,-0.1296617,-0.118637875,-0.14799583,-0.16636807,-0.18700388,-0.19224453,-0.13146195,-0.07628915,-0.15330854,-0.13971448,-0.14106366,-0.11768477,-0.19987361,-0.1649412,-0.15857556,-0.1418196,-0.12356865,-0.12722544,-0.14610182,-0.2588673,-0.10713783,-0.13074079,-0.09132757,-0.12832497,-0.12904668,-0.14966324,-0.15185234,-0.0960471,-0.08910369,-0.124301866,-0.11037165,-0.13791585,-0.15083972,-0.17085093,-0.14297186,-0.11595243,-0.17423233,-0.15193819,-0.14238985,-0.1254862,-0.14202313,-0.17466888,-0.13176009,-0.13222778,-0.14586088,-0.12299049,-0.08722703,-0.05825615,-0.14348805,-0.17082691,-0.026243303,-0.16699061,-0.2829064,-0.31316653,-0.20002514,-0.14574444,-0.14331596,-0.14862512,-0.12963767,-0.25088155,-0.19492155,-0.18918994,-0.09424867,-0.109148845,-0.10702289,-0.093862236,-0.12759323,-0.15296999,-0.15746465,-0.16741979,-0.12812386,-0.0969081,-0.16398169,-0.14366603,-0.11335766,-0.18846886,-0.1706479,-0.1540488,-0.12574685,-0.115196005,-0.1129518,-0.11662802,-0.17628574,-0.1385597,-0.13449848,-0.096878245,-0.121252425,-0.09138351,-0.12434345,-0.13549988,-0.063823454,-0.13877153,-0.11419349,-0.13373676,-0.24483351,-0.2571875,-0.29957527,-0.14639752,-0.15697439,-0.13241345,-0.19104545,-0.0782174,-0.17295659,-0.1645745,-0.09859173,-0.11065883,-0.114067525,-0.076612435,-0.083404,-0.1213824,-0.13072303,-0.13855581,-0.19385117,-0.09910221,-0.15590097,-0.19487974,-0.19165704,-0.18766247,-0.11102618,-0.1429719,-0.10272613,-0.15943986,-0.195052,-0.17357352,-0.16945204,-0.14286797,-0.1426983,-0.10165149,-0.15345687,-0.161746,-0.1813668,-0.19617788,-0.12110764,-0.14738919,-0.11340354,-0.079575405,-0.14351708,-0.20725825,-0.16094314,-0.125103,-0.15657571,-0.15690626,-0.14368528,-0.19202894,-0.16275764,-0.18233882,-0.2963242,-0.19951445,-0.18181297,-0.17195815,-0.19387928,-0.15788299,-0.14054683,-0.13034044,-0.12557748,-0.13837987,-0.16383046,-0.30584824,-0.16698544,-0.18163687,-0.19320744,-0.11441202,-0.15068275,-0.14059462,-0.17841402,-0.16726619,-0.16475597,-0.14331086,-0.18237996,-0.12831172,-0.15353474,-0.13807012,-0.24156228,-0.17968881,-0.1030434,-0.13509962,-0.14209262,-0.17483681,-0.11005098,-0.1345482,-0.15242028,-0.16021195,-0.18216969,-0.15453559,-0.14943543,-0.19184028,-0.1757344,-0.16426815,-0.14723541,-0.14623587,-0.11499533,-0.10471026,-0.13515942,-0.20148799,-0.17734507,-0.12513243,-0.16567929,-0.18041904,-0.18738703,-0.11705899,-0.17681997,-0.26182604,-0.09233867,-0.091935374,-0.11461827,-0.13614762,-0.14827988,-0.098280385,-0.18963262
k__Bacteria|p__Firmicutes|c__Clostridia|o__Eubacteriales|f__Eubacteriales_unclassified|g__Fenollaria|s__Fenollaria_timonensis,-0.1004395,-0.12316422,-0.14149049,-0.20428483,-0.16654044,-0.19333756,-0.1666669,-0.14501843,-0.12463817,-0.18384707,-0.1827239,-0.22991836,-0.16826338,-0.20603819,-0.1028471,-0.09905465,-0.058144663,-0.09962995,-0.107440494,-0.17072955,-0.1978925,-0.12536043,-0.13616602,-0.15230191,-0.1714744,-0.11658599,-0.16697311,-0.17382213,-0.1509206,-0.12124001,-0.13478377,-0.10558151,-0.14815721,-0.19619614,-0.18928047,-0.2175087,-0.160337,-0.22338755,-0.19707325,-0.29867563,-0.29210672,-0.19869399,-0.10699827,-0.09162698,-0.13691942,-0.15458179,-0.23188588,-0.19336835,-0.14653069,-0.2026537,-0.18309107,-0.18279888,-0.19799954,-0.19933197,-0.20566857,-0.15762933,-0.12564677,-0.14372475,-0.09191573,-0.095562086,-0.17131905,-0.14215802,-0.13743341,-0.14675045,-0.12719077,-0.15081179,-0.2613474,-0.22333384,-0.18858978,-0.20047067,-0.14575197,-0.14911297,-0.13082473,-0.14284769,-0.15112102,-0.1642015,-0.14661855,-0.16278498,-0.15883048,-0.14998752,-0.14702207,-0.15689442,-0.15311536,-0.22480208,-0.120334074,-0.14126441,-0.11813839,-0.16102952,-0.17414743,-0.15523316,-0.16803214,-0.11139822,-0.1388583,-0.13027036,-0.12857953,-0.15152657,-0.1421097,-0.11523808,-0.10065024,-0.090291336,-0.10540129,-0.12052199,-0.13491744,-0.15027548,-0.1602031,-0.1185138,-0.11129953,-0.1578567,-0.17738779,-0.13371676,-0.16398099,-0.25953975,-0.14838827,-0.13237454,-0.14163515,-0.15095688,-0.17780018,-0.16311556,-0.22917573,-0.09015879,-0.10965148,-0.1345468,-0.12966408,-0.13997786,-0.17333919,-0.13908121,-0.16057305,-0.12777606,-0.07092635,-0.03704006,-0.13689895,-0.16204785,-0.17864761,-0.14332479,-0.12334781,-0.13528138,-0.12023825,-0.13837275,-0.25318068,-0.26654312,-0.08321187,-0.10945694,-0.14454335,-0.09238048,-0.18741636,-0.19025615,-0.15256086,-0.0900027,-0.13230102,-0.14925674,-0.15013978,-0.15890881,-0.17048505,-0.1839291,-0.087527096,-0.12359722,-0.14093405,-0.10256614,-0.17951453,-0.19495486,-0.19131036,-0.100005575,-0.13113372,-0.08008818,-0.12790129,-0.19006202,-0.1934597,-0.19153208,-0.123135544,-0.07499494,-0.09703939,-0.11842538,-0.13637048,-0.12406494,-0.121451,-0.09432785,-0.09636038,-0.10824244,-0.082459606,-0.11281319,-0.13211721,-0.1669626,-0.1410757,-0.13599926,-0.18093297,-0.17825818,-0.19418484,-0.14463112,-0.15549555,-0.1354136,-0.119081676,-0.14001076,-0.19117098,-0.19101067,-0.18115556,-0.19755594,-0.25103784,-0.20219928,-0.18957794,-0.19090009,-0.18239197,-0.17370838,-0.27554205,-0.08916744,-0.11956477,-0.12741224,-0.15751183,-0.20931396,-0.18224281,-0.29657933,-0.32474133,-0.14965916,-0.3242122,-0.17325558,-0.17108874,-0.2185038,-0.17647925,-0.114121355,-0.13953963,-0.15388772,-0.15788373,-0.22984435,-0.18186735,-0.25873208,-0.10421151,-0.12455491,-0.13829514,-0.12409481,-0.15189947,-0.15500446,-0.15618995,-0.14014931,-0.15141064,-0.16323324,-0.15497334,-0.1534057,-0.15282126,-0.13373262,-0.122890025,-0.14616995,-0.19054893,-0.1768482,-0.21025829,-0.3990198,-0.20277652,-0.11318549,-0.1296617,-0.118681625,-0.14786333,-0.16636807,-0.18654248,-0.1914719,-0.13102707,-0.076646104,-0.15324602,-0.13952658,-0.14106366,-0.1175707,-0.19987361,-0.1649412,-0.15799287,-0.1412594,-0.123384096,-0.12722544,-0.14610182,-0.2588673,-0.10696609,-0.13074079,-0.09132757,-0.12832497,-0.12916061,-0.14941469,-0.15164776,-0.096053645,-0.08910369,-0.12419714,-0.11035374,-0.13759246,-0.15058775,-0.17031804,-0.14275709,-0.116001084,-0.17364496,-0.15161374,-0.14220962,-0.125232,-0.14186183,-0.17466888,-0.13176009,-0.13212034,-0.14559072,-0.12274511,-0.08722703,-0.05825615,-0.14316005,-0.17082691,-0.026243303,-0.16546708,-0.2829064,-0.31316653,-0.19824879,-0.14551061,-0.14331596,-0.14862512,-0.12963767,-0.25088155,-0.19388272,-0.18853915,-0.094397835,-0.1091853,-0.10702289,-0.094236776,-0.12759323,-0.15248516,-0.15746465,-0.1669384,-0.12812386,-0.0969081,-0.16398169,-0.14360023,-0.11335766,-0.18846886,-0.1706479,-0.15360975,-0.12557979,-0.115196005,-0.11293887,-0.11662802,-0.17579053,-0.13841262,-0.1343705,-0.096878245,-0.12100769,-0.09162614,-0.12434345,-0.13538203,-0.063823454,-0.13877153,-0.11419349,-0.13360848,-0.24483351,-0.2571875,-0.29957527,-0.14610279,-0.15668115,-0.13236654,-0.19104545,-0.0782174,-0.17233911,-0.16418207,-0.09859173,-0.11065883,-0.11417101,-0.076612435,-0.083404,-0.1213824,-0.13072303,-0.13855581,-0.19385117,-0.09905414,-0.15547621,-0.19487974,-0.19091132,-0.18687963,-0.11103971,-0.142534,-0.10295533,-0.15954104,-0.19429529,-0.1730863,-0.1688586,-0.14259425,-0.14238402,-0.10146487,-0.15310216,-0.16129807,-0.18061331,-0.195137,-0.12112136,-0.14717343,-0.11328459,-0.079891235,-0.1432021,-0.20725825,-0.16044325,-0.125103,-0.15657571,-0.15690626,-0.1431575,-0.19202894,-0.1622976,-0.1819498,-0.2963242,-0.19759426,-0.18108949,-0.17139505,-0.1929734,-0.15723827,-0.14054683,-0.1301758,-0.12557748,-0.1379629,-0.16292608,-0.30584824,-0.16632198,-0.181353,-0.1924724,-0.11441202,-0.15048629,-0.14028087,-0.17774111,-0.16682985,-0.16432703,-0.14331086,-0.18237996,-0.12798123,-0.15305875,-0.13770932,-0.24156228,-0.1787584,-0.103075795,-0.13473088,-0.14203581,-0.17451122,-0.10992421,-0.13435256,-0.1523666,-0.15978995,-0.18149203,-0.15428571,-0.14922374,2.2781546,-0.17506884,-0.1640093,-0.14723541,-0.14623587,-0.11499533,-0.10471026,-0.13500683,-0.20148799,-0.17684408,-0.12513243,-0.16466263,-0.18041904,-0.18738703,-0.11705899,-0.17670625,-0.26043496,-0.09225835,-0.09201768,-0.11452728,-0.13600838,-0.1479488,-0.09832183,-0.18902811
k__Bacteria|p__Firmicutes|c__CFGB1437|o__OFGB1437|f__FGB1437|g__GGB51420|s__GGB51420_SGB4586,-0.1004395,-0.12316422,-0.14229646,-0.20428483,-0.1669076,-0.19352308,-0.1666669,-0.14512125,-0.12536219,-0.18355653,-0.18359336,-0.22877778,-0.16984098,-0.20508182,-0.10333006,-0.09943804,-0.058144663,-0.09976135,-0.10819842,-0.17085798,-0.1978925,-0.12536043,-0.13641474,-0.15228695,-0.1717034,-0.11658599,-0.16739118,-0.17350349,-0.1509206,-0.12124001,-0.13509199,-0.106278256,-0.14855587,-0.19617586,-0.18924777,-0.2175087,-0.16070758,-0.22338755,-0.19728109,-0.29867563,-0.29210672,-0.19864106,-0.1071728,-0.09162698,-0.13691942,-0.15513793,-0.23188588,-0.1937692,-0.14662857,-0.2026537,-0.18334755,-0.18279888,-0.19797067,-0.19978265,-0.20555174,-0.15730861,-0.12593037,-0.1438554,-0.0922717,-0.09607375,-0.17127343,-0.14235862,-0.13743341,-0.14700367,-0.12719077,-0.15138695,-0.2613474,-0.22333384,-0.18864958,-0.20047067,-0.14568844,-0.14929226,-0.1311362,-0.14317642,-0.15081212,-0.16382232,-0.14636323,-0.16278498,-0.1592789,-0.14998752,-0.14733617,-0.15735729,-0.15335329,-0.22480208,-0.120334074,-0.14166933,-0.118690506,-0.16084112,-0.17394388,-0.15594205,-0.16809075,-0.11139822,-0.1388583,-0.13027036,-0.12882623,-0.15152657,-0.14263448,-0.11546378,-0.10065024,-0.09095599,-0.10577218,-0.12067646,-0.13519812,-0.15027548,-0.16016242,-0.1185138,-0.11129953,-0.1578567,-0.17738779,-0.13376892,-0.1647217,-0.25953975,-0.14871013,-0.13301033,-0.14220814,-0.15095688,-0.17780018,-0.16373554,-0.22917573,-0.09015879,-0.11032047,-0.13495368,-0.1300134,-0.13997786,-0.17386213,-0.13908121,-0.16057305,-0.12777606,-0.07092635,-0.03704006,-0.13740805,-0.16222446,-0.178642,-0.14332479,-0.12334781,-0.13581139,-0.12023825,-0.13879964,-0.25318068,4.9979877,-0.08380194,-0.10945694,-0.14455518,-0.09238048,-0.18782663,-0.19055422,-0.15334967,-0.09057996,-0.13230102,-0.14970055,-0.15050995,-0.15907827,-0.17065099,-0.18350674,-0.0883299,-0.123716444,-0.140959,-0.10256614,-0.17951453,-0.19495486,-0.19106485,-0.100474976,-0.13113372,-0.08071056,-0.12855667,-0.19006202,-0.19344732,-0.19172186,-0.12315287,-0.075683236,-0.097424105,-0.118981555,-0.13680613,-0.12406494,-0.121451,-0.09481863,-0.09706039,-0.10875067,-0.082459606,-0.1132859,-0.13251457,-0.16675942,-0.1410757,-0.13659906,-0.18093297,-0.17825818,-0.19453081,-0.14502242,-0.15549555,-0.13556153,-0.119081676,-0.14001076,-0.19117098,-0.19128223,-0.18145043,-0.19755594,-0.25103784,-0.20219928,-0.19008264,-0.1913479,-0.1827699,-0.17435764,-0.27554205,-0.08916744,-0.11956477,-0.12830408,-0.15751183,-0.20931396,-0.18224281,-0.29657933,-0.32474133,-0.15371066,-0.3242122,-0.17325558,-0.17108874,-0.2185038,-0.17647925,-0.114121355,-0.14018774,-0.15388772,-0.15788373,-0.22984435,-0.18186735,-0.25874403,-0.10472984,-0.12455491,-0.13870084,-0.12444047,-0.15189947,-0.15504903,-0.15585895,-0.14014931,-0.15141064,-0.16294545,-0.1553171,-0.15350431,-0.15333518,-0.13419333,-0.12334694,-0.1464816,-0.19039075,-0.1770304,-0.21025829,-0.3990198,-0.20401065,-0.11362371,-0.1296617,-0.118785866,-0.14832053,-0.16636807,-0.18630026,-0.19158942,-0.13168998,-0.077329874,-0.15319037,-0.14004356,-0.14106366,-0.11771822,-0.19987361,-0.1649412,-0.15863657,-0.1418803,-0.12399262,-0.12722544,-0.14610182,-0.2588673,-0.10757068,-0.13074079,-0.09132757,-0.12832497,-0.12935695,-0.14994147,-0.15150435,-0.09646425,-0.08910369,-0.12458591,-0.110994026,-0.13806823,-0.15101343,-0.17028615,-0.14301923,-0.116645515,-0.17384064,-0.15203282,-0.1424661,-0.12596026,-0.14169571,-0.17466888,-0.13176009,-0.13246273,-0.14590494,-0.12309564,-0.08722703,-0.05825615,-0.1435791,-0.17082691,-0.026243303,-0.16618392,-0.2829064,-0.31316653,-0.19901252,-0.14571892,-0.14331596,-0.14862512,-0.12963767,-0.25088155,-0.19388801,-0.18837272,-0.09511362,-0.10941594,-0.10702289,-0.09437476,-0.12759323,-0.153067,-0.15746465,-0.1669184,-0.12812386,-0.0969081,-0.16398169,-0.14347947,-0.11335766,-0.18846886,-0.1706479,-0.15394282,-0.12585726,-0.115196005,-0.11329825,-0.11662802,-0.17564662,-0.138533,-0.13448179,-0.096878245,-0.12146739,-0.09207849,-0.12434345,-0.13562298,-0.063823454,-0.13877153,-0.11419349,-0.13417375,-0.24483351,-0.2571875,-0.29957527,-0.14630094,-0.15690032,-0.13268238,-0.19104545,-0.0782174,-0.17241955,-0.16430664,-0.09859173,-0.11065883,-0.11443121,-0.076612435,-0.083404,-0.1213824,-0.13072303,-0.13855581,-0.19385117,-0.099446625,-0.15580416,-0.19487974,-0.19118315,-0.1870093,-0.11143042,-0.14309326,-0.10315001,-0.15907872,-0.19433369,-0.17258671,-0.16935208,-0.14290267,-0.14255853,-0.10241501,-0.1535413,-0.1615699,-0.18109979,-0.19529615,-0.12142497,-0.14721516,-0.1138103,-0.080514476,-0.1436234,-0.20725825,-0.16051076,-0.125103,-0.15657571,-0.15690626,-0.14368235,-0.19202894,-0.16262165,-0.1817885,-0.2963242,-0.19899663,-0.18189672,-0.17215927,-0.19350916,-0.15797243,-0.14054683,-0.13053218,-0.12557748,-0.13846135,-0.16368593,-0.30584824,-0.16694891,-0.18130808,-0.19264778,-0.11441202,-0.15088812,-0.14076823,-0.17798477,-0.16699556,-0.16434276,-0.14331086,-0.18237996,-0.12856048,-0.15362805,-0.13845433,-0.24156228,-0.17931458,-0.103485234,-0.1354577,-0.14208981,-0.17432402,-0.11065097,-0.13492292,-0.15210134,-0.15967184,-0.18188763,-0.15420511,-0.14939466,-0.19184028,-0.17544033,-0.16369855,-0.14723541,-0.14623587,-0.11499533,-0.10471026,-0.13555565,-0.20148799,-0.17671533,-0.12513243,-0.16541553,-0.18041904,-0.18738703,-0.11705899,-0.17604184,-0.2601722,-0.09281302,-0.09253895,-0.11515392,-0.13626905,-0.14824596,-0.09912948,-0.18888913
k__Bacteria|p__Firmicutes|c__Clostridia|o__Eubacteriales|f__Clostridiaceae|g__Clostridium|s__Clostridium_sp_12_A,-0.1004395,-0.12316422,-0.14245372,-0.20428483,-0.16710743,-0.1938968,-0.1666669,-0.14491153,-0.124952674,-0.18311203,-0.18369064,-0.23510394,-0.16901657,-0.2077477,-0.10335881,-0.09991881,-0.058144663,-0.099500924,-0.10794376,-0.17088455,-0.1978925,6.252921,-0.13609682,-0.15200864,-0.17181215,-0.11658599,-0.16708168,-0.1735603,-0.1509206,-0.12124001,-0.13490817,-0.10625404,-0.14843509,-0.1967543,-0.18944769,-0.2175087,-0.16114724,-0.22338755,-0.19817743,-0.29867563,-0.29210672,-0.19931592,-0.10714412,-0.09162698,-0.13691942,-0.15518932,-0.23188588,-0.1941166,-0.14651288,-0.2026537,-0.18340339,-0.18279888,-0.19869351,-0.20089331,-0.20742498,-0.1566065,-0.1258349,-0.1438568,-0.09192613,-0.09581499,-0.17108461,-0.1421828,-0.13743341,-0.14697376,-0.12719077,-0.15107061,-0.2613474,-0.22333384,-0.1888377,-0.20047067,-0.14558521,-0.14914554,-0.13114017,-0.14307746,-0.15050712,-0.16377717,-0.14615688,-0.16278498,-0.15946475,-0.14998752,-0.14698906,-0.15739161,-0.15320396,-0.22480208,-0.120334074,-0.14148739,-0.1185199,-0.16062117,-0.17392164,-0.15606728,-0.16796952,-0.11139822,-0.1388583,-0.13027036,-0.12838772,-0.15152657,-0.14209431,-0.11518022,-0.10065024,-0.0906784,-0.10549256,-0.12057614,-0.13503446,-0.15027548,-0.16003653,-0.1185138,-0.11129953,-0.1578567,-0.17738779,-0.13384537,-0.16485983,-0.25953975,-0.14865446,-0.13292666,-0.1421893,-0.15095688,-0.17780018,-0.16408116,-0.22917573,-0.09015879,-0.109913185,-0.13484302,-0.12989405,-0.13997786,-0.17397863,-0.13908121,-0.16057305,-0.12777606,-0.07092635,-0.03704006,-0.13725625,-0.16201383,-0.17871591,-0.14332479,-0.12334781,-0.13547373,-0.12023825,-0.1384483,-0.25318068,-0.26654312,-0.083432436,-0.10945694,-0.14429718,-0.09238048,-0.1877119,-0.19087276,-0.15325446,-0.090301536,-0.13230102,-0.1495541,-0.15048924,-0.1590899,-0.17070235,-0.18342248,-0.08819437,-0.123833105,-0.14124824,-0.10256614,-0.17951453,-0.19495486,-0.19141082,-0.10012478,-0.13113372,-0.08070101,-0.12812376,-0.19006202,-0.19375482,-0.19202584,-0.12303291,-0.07540923,-0.097269654,-0.11888629,-0.13659063,-0.12406494,-0.121451,-0.09474699,-0.09689964,-0.10855994,-0.082459606,-0.11298032,-0.13212398,-0.16674314,-0.1410757,-0.13644053,-0.18093297,-0.17825818,-0.1950632,-0.14506347,-0.15549555,-0.13553712,-0.119081676,-0.14001076,-0.19117098,-0.19196075,-0.18181789,-0.19755594,-0.25103784,-0.20219928,-0.1899736,-0.19159627,-0.18279111,-0.1745526,-0.27554205,-0.08916744,-0.11956477,-0.12784034,-0.15751183,-0.20931396,-0.18224281,-0.29657933,-0.32474133,-0.15396896,-0.3242122,-0.17325558,-0.17108874,-0.2185038,-0.17647925,-0.114121355,-0.14005812,-0.15388772,-0.15788373,-0.22984435,-0.18186735,-0.26217496,-0.10454763,-0.12455491,-0.13836731,-0.1240665,-0.15189947,-0.15485285,-0.1557531,-0.14014931,-0.15141064,-0.16278762,-0.15531096,-0.1534414,-0.1534398,-0.13415372,-0.122942016,-0.14612597,-0.19014466,-0.17740068,-0.21025829,-0.3990198,-0.20511653,-0.11337599,-0.1296617,-0.11868508,-0.14792296,-0.16636807,-0.18616466,-0.19180116,-0.13158913,-0.076828375,-0.15300448,-0.13978359,-0.14106366,-0.1175326,-0.19987361,-0.1649412,-0.15870172,-0.1420624,-0.123721145,-0.12722544,-0.14610182,-0.2588673,-0.10743222,-0.13074079,-0.09132757,-0.12832497,-0.12889683,-0.14967665,-0.15133162,-0.09625969,-0.08910369,-0.12436424,-0.11071132,-0.13791618,-0.15081637,-0.17039713,-0.14288339,-0.11613597,-0.17383751,-0.15185687,-0.14224917,-0.1259006,-0.14133596,-0.17466888,-0.13176009,-0.1322402,-0.14578007,-0.12304841,-0.08722703,-0.05825615,-0.14348173,-0.17082691,-0.026243303,-0.16701716,-0.2829064,-0.31316653,-0.19996737,-0.14563203,-0.14331596,-0.14862512,-0.12963767,-0.25088155,-0.19450505,-0.18856543,-0.094698556,-0.109195694,-0.10702289,-0.09401344,-0.12759323,-0.15291083,-0.15746465,-0.16710174,-0.12812386,-0.0969081,-0.16398169,-0.14321251,-0.11335766,-0.18846886,-0.1706479,-0.1540097,-0.12576109,-0.115196005,-0.113111034,-0.11662802,-0.17556617,-0.13847883,-0.13443127,-0.096878245,-0.12143805,-0.09162769,-0.12434345,-0.13521121,-0.063823454,-0.13877153,-0.11419349,-0.13400711,-0.24483351,-0.2571875,-0.29957527,-0.1463267,-0.15682714,-0.1325174,-0.19104545,-0.0782174,-0.1726613,-0.16427617,-0.09859173,-0.11065883,-0.11397411,-0.076612435,-0.083404,-0.1213824,-0.13072303,-0.13855581,-0.19385117,-0.09940758,-0.15574335,-0.19487974,-0.19136527,-0.1872767,-0.11115272,-0.14296572,-0.10273407,-0.15886544,-0.19471404,-0.17274147,-0.16930774,-0.14285976,-0.14263986,-0.102333516,-0.1533534,-0.16154817,-0.18120149,-0.19579987,-0.12113896,-0.14707458,-0.11342961,-0.07986939,-0.14375769,-0.20725825,-0.16065481,-0.125103,-0.15657571,-0.15690626,-0.14370033,-0.19202894,-0.16262577,-0.18171498,-0.2963242,-0.20066103,-0.18189158,-0.17206365,-0.19389549,-0.15804121,-0.14054683,-0.1304324,1.6587939,-0.13841422,-0.16392514,-0.30584824,-0.16711351,-0.18123402,-0.1929082,-0.11441202,-0.15053964,-0.1406114,-0.17809828,-0.16705474,-0.16429281,-0.14331086,-0.18237996,-0.12855321,-0.15351072,-0.13868782,-0.24156228,-0.17955263,-0.10325797,-0.13530609,-0.14189592,-0.17438787,-0.110323325,-0.13468999,-0.15177783,-0.1597907,-0.18210463,-0.15405393,-0.14932415,-0.19184028,-0.17562896,-0.16356057,-0.14723541,-0.14623587,-0.11499533,-0.10471026,-0.1352675,-0.20148799,-0.17680907,-0.12513243,-0.16555203,-0.18041904,-0.18738703,-0.11705899,-0.1757698,-0.26175106,-0.09267373,-0.09220253,-0.11498716,-0.13610904,-0.14821954,-0.09879251,-0.18895665
k__Bacteria|p__Firmicutes|c__Clostridia|o__Eubacteriales|f__Lachnospiraceae|g__Robinsoniella|s__Robinsoniella_peoriensis,1.9360272,-0.12316422,-0.14197147,-0.20428483,-0.16789407,-0.19493237,-0.1666669,-0.14558315,-0.12517405,-0.18482837,-0.18445992,-0.22440942,-0.17070086,-0.20600548,-0.10291148,-0.0989466,-0.058144663,-0.09935831,-0.10761413,-0.17178825,-0.1978925,-0.12536043,-0.13679853,-0.15302935,-0.17249894,-0.11658599,-0.16843942,-0.17496692,-0.1509206,-0.12124001,-0.13545758,-0.1055506,-0.14885601,-0.19707316,-0.1903546,-0.2175087,-0.16176562,-0.22338755,-0.19833037,-0.29867563,-0.29210672,-0.19931649,-0.10719608,-0.09162698,-0.13691942,-0.15561129,-0.23188588,-0.19517234,-0.14722215,-0.2026537,-0.18515675,-0.18279888,-0.19833152,-0.19933149,-0.20331743,-0.15878645,-0.12589914,-0.14436153,-0.09187595,-0.095306404,-0.17240134,-0.14286841,-0.13743341,-0.14751863,-0.12719077,-0.15207303,-0.2613474,-0.22333384,-0.19019848,-0.20047067,-0.14631185,-0.1499342,-0.1309627,-0.14317612,-0.15144259,-0.16497234,-0.14738502,-0.16278498,-0.16035658,-0.14998752,-0.14780182,-0.15780449,-0.15392938,-0.22480208,-0.120334074,-0.14197037,-0.11832543,-0.16192587,-0.17512463,-0.1562287,-0.16904145,-0.11139822,-0.1388583,-0.13027036,-0.12893033,-0.15152657,-0.14306849,-0.115511596,-0.10065024,-0.089993194,-0.10534029,-0.120681055,-0.13539693,-0.15027548,-0.16118087,-0.1185138,-0.11129953,-0.1578567,-0.17738779,-0.13404402,-0.16437307,-0.25953975,-0.14931524,-0.13290805,-0.14190328,-0.15095688,-0.17780018,-0.16453376,-0.22917573,-0.09015879,-0.11000982,-0.13500068,-0.12988797,-0.13997786,-0.17466518,-0.13908121,-0.16057305,-0.12777606,-0.07092635,-0.03704006,-0.13748613,-0.16293293,-0.17993522,-0.14332479,-0.12334781,-0.13622884,-0.12023825,-0.13852096,-0.25318068,-0.26654312,-0.08302505,-0.10945694,-0.14499582,-0.09238048,-0.18900679,-0.1913218,-0.15346512,-0.08991569,-0.13230102,-0.15011087,-0.15089047,-0.15973632,-0.17153378,-0.1850096,-0.08742328,-0.12392618,-0.14163852,-0.10256614,-0.17951453,-0.19495486,-0.19247255,-0.09977383,-0.13113372,-0.07865539,-0.1279022,-0.19006202,-0.19469549,-0.19286992,-0.12355721,-0.07488492,-0.096928,-0.11847229,-0.13683167,-0.12406494,-0.121451,-0.094148815,-0.09630386,-0.10835971,-0.082459606,-0.112826854,-0.13261732,-0.16804053,-0.1410757,-0.13666743,-0.18093297,-0.17825818,-0.19548848,-0.14514434,-0.15549555,-0.13573048,0.795916,-0.14001076,-0.19117098,-0.19245082,-0.1825159,3.5321918,-0.25103784,-0.20219928,-0.19151172,-0.19228438,-0.18363339,-0.1747737,-0.27554205,-0.08916744,-0.11956477,-0.12798461,-0.15751183,-0.20931396,-0.18224281,-0.29657933,-0.32474133,-0.15249963,-0.3242122,-0.17325558,-0.17108874,-0.2185038,-0.17647925,-0.114121355,-0.14033514,-0.15388772,-0.15788373,-0.22984435,-0.18186735,-0.25756538,-0.104188964,-0.12455491,-0.13888906,-0.124304295,-0.15189947,-0.15580909,-0.15698433,-0.14014931,-0.15141064,-0.16398591,-0.1559878,-0.15421495,-0.1535823,-0.13419786,-0.12316909,-0.14698943,-0.19155759,-0.17794204,-0.21025829,-0.3990198,-0.20366669,-0.11342184,-0.1296617,-0.11858855,-0.14837243,-0.16636807,-0.18792614,-0.19291273,-0.13174883,-0.076259114,-0.15373194,-0.14017613,-0.14106366,-0.11786942,-0.19987361,-0.1649412,-0.15942204,-0.14178967,-0.12366006,-0.12722544,-0.14610182,-0.2588673,-0.10704705,-0.13074079,-0.09132757,-0.12832497,-0.12940332,-0.15032344,-0.15252295,-0.095990926,-0.08910369,-0.12441602,-0.11042635,-0.1382211,-0.15136349,-0.17128906,-0.1433546,-0.116457224,-0.17487508,-0.1524308,-0.14281765,-0.1254981,-0.14262366,-0.17466888,-0.13176009,-0.13259232,-0.14627057,-0.12301801,-0.08722703,-0.05825615,-0.14381167,-0.17082691,-0.026243303,-0.16729671,-0.2829064,-0.31316653,-0.19928366,-0.14621805,-0.14331596,-0.14862512,-0.12963767,-0.25088155,-0.19525751,-0.1898421,-0.09420797,-0.10932444,-0.10702289,-0.093396544,-0.12759323,-0.15347874,-0.15746465,-0.16803128,-0.12812386,-0.0969081,-0.16398169,-0.14420031,-0.11335766,-0.18846886,-0.1706479,-0.15461731,-0.12602791,-0.115196005,-0.11282875,-0.11662802,-0.17722349,-0.13886932,-0.13480449,-0.096878245,-0.12117834,-0.091361254,-0.12434345,-0.1362447,-0.063823454,-0.13877153,-0.11419349,-0.13393967,-0.24483351,-0.2571875,-0.29957527,-0.14671834,-0.15752049,-0.13243306,-0.19104545,-0.0782174,-0.17337953,-0.16504285,-0.09859173,-0.11065883,-0.11464496,-0.076612435,-0.083404,-0.1213824,-0.13072303,-0.13855581,-0.19385117,-0.09889126,-0.15622613,-0.19487974,-0.19235197,-0.18805069,-0.11117436,-0.14355835,-0.10300627,-0.16011615,-0.19547747,-0.17371449,-0.16986886,-0.14326227,-0.14303428,-0.101407364,-0.15374792,-0.16239189,-0.18196586,-0.19634384,-0.12136911,-0.14791101,-0.113788165,-0.079590484,-0.14306012,-0.20725825,-0.16165361,-0.125103,-0.15657571,-0.15690626,-0.14417265,-0.19202894,-0.16337334,-0.18319204,-0.2963242,-0.19914596,-0.18192166,-0.17252108,-0.19413531,-0.15794808,-0.14054683,-0.13055852,-0.12557748,-0.13859439,-0.16381958,-0.30584824,-0.16757709,-0.18226725,-0.19411072,-0.11441202,-0.15102312,-0.1410526,-0.17902222,-0.16773832,-0.16549096,-0.14331086,-0.18237996,-0.12852472,-0.15394567,-0.13724679,-0.24156228,-0.18070635,-0.10302019,-0.13559261,-0.14244357,-0.17545947,-0.110275805,-0.1348277,-0.15300608,-0.16077024,-0.18306163,-0.1548624,-0.14969268,-0.19184028,-0.17640027,-0.1651159,-0.14723541,-0.14623587,-0.11499533,-0.10471026,-0.13522573,-0.20148799,-0.17817457,-0.12513243,-0.16692379,-0.18041904,-0.18738703,-0.11705899,-0.17758682,-0.26149622,-0.09217803,-0.09193,-0.11472502,-0.13633443,-0.14848208,-0.09817324,-0.19032568
k__Bacteria|p__Firmicutes|c__Erysipelotrichia|o__Erysipelotrichales|f__Erysipelotrichaceae|g__Erysipelotrichaceae_unclassified|s__Erysipelotrichaceae_bacterium_3_1_53,-0.1004395,-0.12316422,-0.141754,-0.20428483,-0.16679777,-0.19314909,-0.1666669,-0.14483112,-0.12506546,-0.18329161,-0.18248323,-0.22381338,-0.16981071,-0.20332086,-0.10305283,-0.09935758,-0.058144663,-0.09943916,-0.107911006,-0.17058901,-0.1978925,-0.12536043,-0.13611525,-0.15197834,-0.17126335,-0.11658599,-0.16723718,-0.17347601,-0.1509206,-0.12124001,-0.13497108,-0.10577434,-0.1482082,-0.19520089,-0.18871613,-0.2175087,-0.16098222,-0.22338755,-0.19697954,-0.29867563,-0.29210672,-0.19746795,-0.107090764,-0.09162698,-0.13691942,-0.15500547,-0.23188588,-0.19340247,-0.14631,-0.2026537,-0.18361408,-0.18279888,-0.19665268,-0.19788033,-0.20233184,-0.15731512,-0.12559782,-0.14352733,-0.092211366,-0.09576382,-0.17088097,-0.14210846,-0.13743341,-0.14672914,-0.12719077,-0.15138389,-0.2613474,-0.22333384,-0.18839788,-0.20047067,-0.14535457,-0.14898875,-0.13061151,-0.14251438,-0.15024441,-0.1635138,-0.1463556,-0.16278498,-0.1592619,-0.14998752,-0.14703535,-0.15694024,-0.15300137,-0.22480208,-0.120334074,-0.14138295,-0.11837569,-0.16053423,-0.17360926,-0.15557393,-0.1678039,-0.11139822,-0.1388583,-0.13027036,-0.12845942,-0.15152657,-0.14241394,-0.115409605,-0.10065024,-0.090577096,-0.10543171,-0.12036237,-0.13486332,-0.15027548,-0.16002922,-0.1185138,-0.11129953,-0.1578567,-0.17738779,-0.13340268,-0.1640538,-0.25953975,-0.1485827,-0.13260134,-0.14150278,-0.15095688,-0.17780018,-0.16357164,-0.22917573,-0.09015879,-0.11020653,-0.13460018,-0.12950052,-0.13997786,-0.17349169,-0.13908121,-0.16057305,-0.12777606,-0.07092635,-0.03704006,-0.13697517,-0.16178915,-0.17847562,-0.14332479,-0.12334781,-0.13565928,-0.12023825,-0.13812555,-0.25318068,-0.26654312,-0.08360848,-0.10945694,-0.14409949,-0.09238048,-0.18746673,-0.18978566,-0.15284869,-0.090385534,-0.13230102,-0.14943719,-0.15014404,-0.1587391,-0.17024747,-0.18317682,-0.08807573,-0.12360954,-0.14088827,-0.10256614,-0.17951453,-0.19495486,-0.19066174,-0.10010108,-0.13113372,-0.07963528,-0.12788624,-0.19006202,-0.19281977,-0.19124795,-0.123192966,-0.07557715,-0.09712992,-0.11849083,-0.13637805,-0.12406494,-0.121451,-0.09453429,-0.09671673,-0.10843794,-0.082459606,-0.11273368,-0.13205765,-0.16665766,-0.1410757,-0.13642359,-0.18093297,-0.17825818,-0.19381946,-0.14452252,-0.15549555,-0.13527581,-0.119081676,-0.14001076,-0.19117098,-0.19082767,-0.18115059,-0.19755594,-0.25103784,-0.20219928,-0.18978298,-0.19081081,-0.1822528,-0.17373067,-0.27554205,-0.08916744,-0.11956477,-0.12794128,-0.15751183,-0.20931396,-0.18224281,-0.29657933,-0.32474133,-0.1541822,-0.3242122,-0.17325558,-0.17108874,-0.2185038,-0.17647925,-0.114121355,-0.13988379,-0.15388772,-0.15788373,-0.22984435,-0.18186735,-0.25543964,-0.104384705,-0.12455491,-0.13833903,-0.12406471,-0.15189947,-0.15460783,-0.1557244,-0.14014931,-0.15141064,-0.16260782,-0.15511143,-0.15321964,-0.15291771,-0.1338543,-0.12301909,-0.14618418,-0.18972325,-0.17646052,-0.21025829,-0.3990198,-0.20219797,-0.113370106,-0.1296617,-0.11822645,-0.14779729,-0.16636807,-0.18600453,-0.19128492,-0.1316083,-0.07688962,-0.15273188,-0.13971965,-0.14106366,-0.11792816,-0.19987361,-0.1649412,-0.15857545,-0.14142302,-0.123485,-0.12722544,-0.14610182,-0.2588673,-0.10733405,-0.13074079,-0.09132757,-0.12832497,-0.12896904,-0.14956659,-0.15144539,-0.09627555,-0.08910369,-0.12417919,-0.11055062,-0.13778499,-0.15057562,-0.17001975,-0.1427079,-0.116402656,-0.17356,-0.15160827,-0.1421135,-0.12533674,-0.14168587,-0.17466888,-0.13176009,-0.13213724,-0.1454755,-0.12280612,-0.08722703,-0.05825615,-0.14327788,-0.17082691,-0.026243303,-0.16670237,-0.2829064,-0.31316653,-0.1978333,-0.14548188,-0.14331596,-0.14862512,-0.12963767,-0.25088155,-0.19333276,-0.18806179,-0.094701275,-0.109238684,-0.10702289,-0.093625695,-0.12759323,-0.15284264,-0.15746465,-0.1667651,-0.12812386,-0.0969081,-0.16398169,-0.143265,-0.11335766,-0.18846886,-0.1706479,-0.15374753,-0.12561667,-0.115196005,-0.11289033,-0.11662802,-0.17555435,-0.13823174,-0.13409281,-0.096878245,-0.1209532,-0.091761306,-0.12434345,-0.13567427,-0.063823454,-0.13877153,-0.11419349,-0.13375857,-0.24483351,-0.2571875,-0.29957527,-0.14596768,-0.15647721,-0.13204707,-0.19104545,-0.0782174,-0.17189649,-0.1639792,-0.09859173,-0.11065883,-0.11446219,-0.076612435,-0.083404,-0.1213824,-0.13072303,-0.13855581,-0.19385117,-0.0990213,-0.15554617,-0.19487974,-0.19077228,-0.18654206,-0.11120115,-0.1428428,-0.102866456,-0.1588074,-0.19373398,-0.17214042,-0.16885316,-0.14261034,-0.14227712,-0.101987496,-0.15304807,-0.16137913,-0.18069695,-0.1946226,-0.121079355,-0.14695907,-0.11376158,-0.08018583,-0.14299697,-0.20725825,-0.16052422,-0.125103,-0.15657571,-0.15690626,-0.14356038,-0.19202894,-0.16237172,-0.18152319,-0.2963242,-0.1980398,-0.18089199,-0.17148644,-0.19259194,-0.15729931,-0.14054683,-0.1301817,-0.12557748,-0.13811536,-0.16348566,4.9198456,-0.16648328,-0.18057574,-0.1924507,-0.11441202,-0.15033323,-0.14053553,-0.17773333,-0.16656111,-0.16426298,-0.14331086,-0.18237996,-0.12835747,-0.15318832,-0.13751093,-0.24156228,-0.17927328,-0.10323385,-0.13523763,-0.14164612,-0.17393269,-0.11042018,-0.13443004,-0.15181738,-0.15959276,-0.18155268,-0.1537374,-0.14890115,-0.19184028,-0.17509712,-0.1636394,-0.14723541,-0.14623587,-0.11499533,-0.10471026,-0.13500975,-0.20148799,-0.17662492,-0.12513243,-0.16581279,-0.18041904,-0.18738703,-0.11705899,-0.17575929,-0.25843352,-0.09261578,-0.092306755,-0.114797905,-0.13580854,-0.1477221,-0.0986093,-0.1885052
k__Bacteria|p__Firmicutes|c__Bacilli|o__Lactobacillales|f__Lactobacillaceae|g__Lacticaseibacillus|s__Lacticaseibacillus_zeae,-0.1004395,-0.12316422,-0.14066389,-0.20428483,-0.16691117,-0.19343239,-0.1666669,-0.1454428,-0.12477318,-0.18395731,-0.18286578,-0.21626201,-0.16975513,-0.20197706,-0.103041954,-0.09853999,-0.058144663,-0.100015454,-0.10751642,-0.1709725,-0.1978925,-0.12536043,-0.13670337,-0.1530862,-0.17150317,-0.11658599,-0.16791508,-0.17463017,-0.1509206,-0.12124001,-0.13551699,-0.10498567,-0.14842376,-0.19485044,-0.18938695,-0.2175087,-0.16044855,-0.22338755,-0.19636239,-0.29867563,-0.29210672,-0.19749542,-0.10731961,-0.09162698,-0.13691942,-0.15490434,-0.23188588,-0.19376478,-0.14686199,-0.2026537,-0.18387389,-0.18279888,-0.19577748,-0.19616911,-0.20002514,-0.15914303,-0.12579638,-0.14403787,-0.092536256,-0.09540409,-0.17175253,-0.14296792,-0.13743341,-0.14718434,-0.12719077,-0.15144904,-0.2613474,-0.22333384,-0.18894169,-0.20047067,-0.14615767,-0.1495943,-0.13048849,-0.14260738,-0.15150654,-0.16468808,-0.14749101,-0.16278498,-0.159235,-0.14998752,-0.14766389,-0.15689698,-0.15351427,-0.22480208,-0.120334074,-0.14175332,-0.11812812,-0.16166005,-0.17448623,-0.15539992,-0.16866739,-0.11139822,-0.1388583,-0.13027036,-0.12907532,-0.15152657,-0.1432079,-0.1158166,-0.10065024,-0.09008227,-0.10547379,-0.12051079,-0.1352015,-0.15027548,-0.16102733,-0.1185138,-0.11129953,-0.1578567,-0.17738779,-0.13365515,-0.16303939,-0.25953975,-0.14883548,-0.13234755,-0.14127395,-0.15095688,-0.17780018,-0.16320685,-0.22917573,-0.09015879,-0.11032303,-0.13476712,-0.12957755,-0.13997786,-0.1737064,-0.13908121,-0.16057305,-0.12777606,-0.07092635,-0.03704006,-0.13710517,-0.16259009,-0.17940725,-0.14332479,-0.12334781,-0.13610458,-0.12023825,-0.13850944,-0.25318068,-0.26654312,-0.08355829,-0.10945694,-0.14516017,-0.09238048,-0.18805018,-0.18999839,-0.15295509,-0.090274885,-0.13230102,-0.14969598,-0.15025665,-0.15897763,-0.1705862,-0.18467613,-0.08755239,-0.12377531,-0.1412949,-0.10256614,-0.17951453,-0.19495486,-0.19139765,-0.10016917,-0.13113372,-0.07855931,-0.12775102,-0.19006202,-0.19321017,-0.19176771,-0.12415762,-0.07523468,-0.097020745,-0.118121296,-0.13668801,-0.12406494,-0.121451,-0.094351985,-0.09641973,-0.10854447,-0.082459606,-0.112804234,-0.13272011,-0.1678312,-0.1410757,-0.13620797,-0.18093297,-0.17825818,-0.19362392,-0.14463167,-0.15549555,-0.13559876,-0.119081676,-0.14001076,-0.19117098,-0.19057041,-0.18098365,-0.19755594,-0.25103784,-0.20219928,-0.1904985,-0.19068828,-0.18241948,-0.17340033,-0.27554205,-0.08916744,-0.11956477,-0.12796938,-0.15751183,-0.20931396,-0.18224281,-0.29657933,-0.32474133,-0.1518934,-0.3242122,-0.17325558,-0.17108874,-0.2185038,-0.17647925,-0.114121355,-0.139723,-0.15388772,-0.15788373,-0.22984435,-0.18186735,-0.2502638,-0.10429889,-0.12455491,-0.13876262,-0.12435449,-0.15189947,-0.1557446,-0.15711014,-0.14014931,-0.15141064,-0.16377321,-0.15536404,-0.15384221,-0.15302306,-0.13382241,-0.123212464,-0.14636564,-0.19066061,-0.17685243,-0.21025829,-0.3990198,-0.19984221,-0.11358102,-0.1296617,-0.11838983,-0.14819053,-0.16636807,-0.18747854,-0.19169515,-0.1318408,-0.07640675,-0.15349953,-0.13996066,-0.14106366,-0.1185886,-0.19987361,-0.1649412,-0.15866,-0.1412113,-0.12362273,-0.12722544,-0.14610182,-0.2588673,-0.10718952,-0.13074079,-0.09132757,-0.12832497,-0.12962647,-0.15017489,-0.15264907,-0.09636782,-0.08910369,-0.12445183,-0.11043966,-0.13793278,-0.15100646,-0.17071415,-0.14320812,-0.11666297,-0.17425811,-0.15207662,-0.14275326,-0.12506801,-0.1428763,-0.17466888,-0.13176009,-0.13241392,-0.14601432,-0.12302828,-0.08722703,-0.05825615,-0.14377576,-0.17082691,-0.026243303,-0.16623384,-0.2829064,-0.31316653,-0.19668749,-0.14591995,-0.14331596,-0.14862512,-0.12963767,-0.25088155,-0.1934604,-0.1889819,-0.09473185,-0.10941321,-0.10702289,-0.09370222,-0.12759323,-0.15317282,-0.15746465,-0.16707736,-0.12812386,-0.0969081,-0.16398169,-0.14444837,-0.11335766,-0.18846886,-0.1706479,-0.15401602,-0.12592751,-0.115196005,-0.11281965,-0.11662802,-0.17682156,-0.13866247,-0.13464291,-0.096878245,-0.12084793,-0.09187421,-0.12434345,-0.13673761,-0.063823454,-0.13877153,-0.11419349,-0.13384631,-0.24483351,-0.2571875,2.8998609,-0.1462397,-0.15687674,-0.13199615,-0.19104545,-0.0782174,-0.17236999,-0.16461402,-0.09859173,-0.11065883,-0.11553112,-0.076612435,-0.083404,-0.1213824,-0.13072303,-0.13855581,-0.19385117,-0.09891601,-0.15571235,-0.19487974,-0.1908857,-0.18685149,-0.11141835,-0.14333557,-0.103282645,-0.15994042,-0.1933602,-0.1732936,-0.16913456,-0.1429466,-0.14255701,-0.101111755,-0.15337445,-0.16154382,-0.18080485,-0.1945377,-0.121474095,-0.14786677,-0.1140862,-0.07999142,-0.14239523,-0.20725825,-0.1612476,-0.125103,-0.15657571,-0.15690626,-0.14349999,-0.19202894,-0.16275655,-0.18277109,-0.2963242,-0.19500816,-0.18038148,-0.17131782,-0.19230336,-0.15721327,-0.14054683,-0.13040756,-0.12557748,-0.13846812,-0.162871,-0.30584824,-0.16663724,-0.18156789,-0.19247665,-0.11441202,-0.15104264,-0.14060286,-0.17807841,-0.16695136,-0.16503116,-0.14331086,-0.18237996,-0.12800322,-0.15329263,-0.13634178,-0.24156228,-0.17958681,-0.103192516,-0.13523588,-0.14217553,-0.17492518,-0.11035265,-0.1346366,-0.15312897,-0.16026302,-0.18152726,-0.15461516,-0.14916052,-0.19184028,-0.17543752,-0.16509034,-0.14723541,-0.14623587,-0.11499533,-0.10471026,-0.13495882,-0.20148799,-0.17777506,-0.12513243,-0.16563179,-0.18041904,-0.18738703,-0.11705899,-0.17774448,-0.256707,-0.09240651,-0.092300564,-0.1145775,-0.13605443,-0.14800704,-0.09823628,-0.18944666
k__Bacteria|p__Firmicutes|c__CFGB1507|o__OFGB1507|f__FGB1507|g__GGB3818|s__GGB3818_SGB5183,-0.1004395,-0.12316422,-0.14237517,-0.20428483,-0.16690885,-0.19404231,-0.1666669,-0.14499563,-0.12530825,-0.18388075,-0.18279168,-0.2270684,-0.17083278,-0.2042194,-0.10320342,-0.099334314,-0.058144663,-0.09962651,-0.10806257,-0.17131847,-0.1978925,-0.12536043,-0.1364825,-0.1523978,-0.17191651,-0.11658599,-0.16756696,-0.17378664,-0.1509206,-0.12124001,-0.13515809,-0.10614723,-0.14868148,-0.19638085,-0.18978612,-0.2175087,-0.16080017,-0.22338755,-0.19755219,-0.29867563,-0.29210672,-0.19931066,-0.10723961,-0.09162698,-0.13691942,-0.15517223,-0.23188588,-0.1942325,-0.14695156,-0.2026537,-0.1830056,-0.18279888,-0.19774562,-0.19969568,-0.20546988,-0.15823662,-0.12597948,-0.1440531,-0.09221354,-0.09602897,-0.17159958,-0.142436,-0.13743341,-0.14705148,-0.12719077,-0.15171263,-0.2613474,-0.22333384,-0.1888636,-0.20047067,-0.14582549,-0.14938363,-0.13125235,-0.14325747,-0.1511629,-0.16392867,-0.14676413,-0.16278498,-0.15908852,-0.14998752,-0.14750428,-0.1573728,-0.15360907,-0.22480208,-0.120334074,-0.14177313,-0.11865418,-0.16113563,-0.17419586,-0.15588681,-0.16840175,-0.11139822,-0.1388583,-0.13027036,-0.12905613,-0.15152657,-0.14273366,-0.11546633,-0.10065024,-0.090709046,-0.10581883,-0.1208628,-0.13540481,-0.15027548,-0.16042224,-0.1185138,-0.11129953,-0.1578567,-0.17738779,-0.1338431,-0.16498184,-0.25953975,-0.14879209,-0.13290584,-0.14213738,-0.15095688,-0.17780018,-0.164012,-0.22917573,-0.09015879,-0.11021067,-0.13487431,-0.12999833,-0.13997786,-0.1739223,-0.13908121,-0.16057305,-0.12777606,-0.07092635,-0.03704006,-0.13754246,-0.16257182,-0.17888865,-0.14332479,-0.12334781,-0.13582945,-0.12023825,-0.13884899,-0.25318068,-0.26654312,-0.083674416,-0.10945694,-0.14485654,-0.09238048,-0.18826786,-0.19062278,-0.15339044,-0.09053182,-0.13230102,-0.14979976,-0.15053639,-0.15922242,-0.17093793,-0.18419462,-0.08819311,-0.123786226,-0.14074978,-0.10256614,-0.17951453,-0.19495486,-0.1915451,-0.100437984,-0.13113372,-0.08046093,-0.12884624,-0.19006202,-0.19376333,-0.19205064,-0.123157315,-0.07543488,-0.097438246,-0.11895226,-0.13681428,-0.12406494,-0.121451,-0.09466941,-0.0968794,-0.108732216,-0.082459606,-0.11330266,-0.13269521,-0.16713072,-0.1410757,-0.1365955,-0.18093297,-0.17825818,-0.19481757,-0.14533636,-0.15549555,-0.13573506,-0.119081676,-0.14001076,-0.19117098,-0.19139561,-0.18152109,-0.19755594,-0.25103784,-0.20219928,-0.1904729,-0.19152422,-0.18303543,-0.1746127,-0.27554205,-0.08916744,-0.11956477,-0.12826997,-0.15751183,-0.20931396,-0.18224281,-0.29657933,-0.32474133,-0.15355009,-0.3242122,-0.17325558,-0.17108874,-0.2185038,-0.17647925,-0.114121355,-0.14013663,-0.15388772,-0.15788373,-0.22984435,-0.18186735,-0.25865185,-0.104636416,-0.12455491,-0.13873194,-0.12462342,-0.15189947,-0.1552586,-0.15624747,-0.14014931,-0.15141064,-0.16321588,-0.15537694,-0.1536232,-0.15335591,-0.1343025,-0.12336694,-0.14664666,-0.19052063,-0.17700261,-0.21025829,4.2500353,-0.20567222,-0.11358443,-0.1296617,-0.118855745,-0.1484729,-0.16636807,-0.18665397,-0.19199663,-0.13163543,-0.077285334,-0.15367085,-0.14018497,-0.14106366,-0.117670275,-0.19987361,-0.1649412,-0.1585203,-0.14188631,-0.12392074,-0.12722544,-0.14610182,-0.2588673,-0.10754678,-0.13074079,-0.09132757,-0.12832497,-0.12953661,-0.15000829,-0.15180703,-0.09636249,-0.08910369,-0.12469138,-0.110966355,-0.1382456,-0.15114576,-0.17072545,-0.1431134,-0.11670258,-0.17397988,-0.15207992,-0.1425947,-0.12577993,-0.14207935,-0.17466888,-0.13176009,-0.13271582,-0.14589773,-0.12313229,-0.08722703,-0.05825615,-0.14351228,-0.17082691,-0.026243303,-0.16656154,-0.2829064,-0.31316653,-0.19968218,-0.14584549,-0.14331596,-0.14862512,-0.12963767,-0.25088155,-0.19429432,-0.18891415,-0.09497191,-0.10947305,-0.10702289,-0.09446444,-0.12759323,-0.15327416,-0.15746465,-0.16702288,-0.12812386,-0.0969081,-0.16398169,-0.14380234,-0.11335766,-0.18846886,-0.1706479,-0.1540144,-0.1259324,-0.115196005,-0.11338881,-0.11662802,-0.17604883,-0.1386498,-0.1345703,-0.096878245,-0.12143615,-0.09207168,-0.12434345,-0.13573179,-0.063823454,-0.13877153,-0.11419349,-0.13425523,-0.24483351,-0.2571875,-0.29957527,-0.14640227,-0.15696317,-0.13288641,-0.19104545,-0.0782174,-0.17281826,-0.16447602,-0.09859173,-0.11065883,-0.1144129,-0.076612435,-0.083404,-0.1213824,-0.13072303,-0.13855581,-0.19385117,-0.099450305,-0.15611374,-0.19487974,-0.19148146,-0.18742926,-0.111538306,-0.14302722,-0.10331723,-0.1594981,-0.19464445,-0.17308724,-0.16952398,-0.14296882,-0.14266545,-0.10217941,-0.15365532,-0.16163605,-0.18122345,-0.1955632,-0.12155898,-0.14734472,-0.11371584,-0.080404356,-0.14396752,-0.20725825,-0.1607531,-0.125103,-0.15657571,-0.15690626,-0.14369941,-0.19202894,-0.16288498,-0.18227515,-0.2963242,-0.19921747,-0.18217674,-0.17213628,-0.19371223,-0.15797293,-0.14054683,-0.13063109,-0.12557748,-0.1385192,-0.16413696,-0.30584824,-0.16699162,-0.18161383,-0.19294819,-0.11441202,-0.15109555,-0.14092135,-0.17824256,-0.16722393,-0.16469868,-0.14331086,-0.18237996,-0.12866418,-0.15355524,-0.13847665,-0.24156228,-0.17957412,-0.10351233,-0.13538884,-0.14232668,-0.17466247,-0.11065387,-0.13504449,-0.1524683,-0.15976888,-0.18194902,-0.1546106,-0.14971533,-0.19184028,-0.17568111,-0.1640775,-0.14723541,-0.14623587,-0.11499533,-0.10471026,-0.13582274,-0.20148799,-0.17710087,-0.12513243,-0.16507393,-0.18041904,-0.18738703,-0.11705899,-0.17665477,-0.2606818,-0.09271982,-0.092477135,-0.11516024,-0.13645394,-0.14835255,-0.099091396,-0.18942517
k__Bacteria|p__Firmicutes|c__Erysipelotrichia|o__Erysipelotrichales|f__Erysipelotrichaceae|g__Holdemania|s__Holdemania_filiformis,-0.1004395,-0.12316422,-0.14203463,-0.20428483,-0.16703206,-0.19357812,-0.1666669,-0.14487526,-0.12530512,-0.18303274,-0.18368267,-0.22658515,-0.16984643,-0.2051493,-0.10342911,-0.099507235,-0.058144663,-0.099453576,-0.108038254,-0.17067355,-0.1978925,-0.12536043,-0.136213,-0.15202284,-0.17148437,-0.11658599,-0.16728139,-0.17351691,-0.1509206,-0.12124001,-0.13495873,-0.106220685,-0.14824083,-0.19585545,-0.18890049,-0.2175087,-0.16109642,-0.22338755,-0.19716486,-0.29867563,-0.29210672,-0.19824266,-0.10731971,-0.09162698,-0.13691942,-0.15495303,-0.23188588,-0.1937201,-0.14666855,-0.2026537,-0.18400782,-0.18279888,-0.19738403,-0.19890627,-0.20350784,-0.15696613,-0.12575091,-0.14369124,-0.09225532,-0.09585757,-0.17101054,-0.14218637,-0.13743341,-0.14686514,-0.12719077,-0.15128973,-0.2613474,-0.22333384,-0.18885246,-0.20047067,-0.14549743,-0.14915282,-0.13083874,-0.14270929,-0.15031412,-0.16359565,-0.1463438,-0.16278498,-0.15959,-0.14998752,-0.14700212,-0.15716663,-0.15312526,-0.22480208,-0.120334074,-0.1414158,-0.11844088,-0.16060685,-0.1737425,-0.15583324,-0.16782448,-0.11139822,-0.1388583,-0.13027036,-0.12854698,-0.15152657,-0.14248705,-0.11540739,-0.10065024,-0.0907487,-0.10555446,-0.12051606,-0.13494763,-0.15027548,-0.1600241,-0.1185138,-0.11129953,-0.1578567,-0.17738779,-0.13361922,-0.1641357,-0.25953975,-0.14863671,-0.13285223,-0.14170794,-0.15095688,-0.17780018,-0.16398686,-0.22917573,-0.09015879,-0.11011583,-0.13472551,-0.12971582,-0.13997786,-0.17372242,-0.13908121,-0.16057305,-0.12777606,-0.07092635,-0.03704006,-0.13707882,-0.1619355,-0.1784746,-0.14332479,-0.12334781,-0.13578835,-0.12023825,-0.1381177,-0.25318068,-0.26654312,-0.08378537,-0.10945694,-0.1441809,-0.09238048,-0.18753502,-0.19019015,-0.15307228,-0.09055145,-0.13230102,-0.14946322,-0.15031144,-0.15887193,-0.1704767,-0.18320552,-0.08831026,-0.12369989,-0.1410032,-0.10256614,-0.17951453,-0.19495486,-0.190918,-0.10026036,-0.13113372,-0.0800443,-0.12788603,-0.19006202,-0.1933154,-0.19152674,-0.12313479,-0.07590261,-0.09736158,-0.11866833,-0.13644943,-0.12406494,-0.121451,-0.09477733,-0.0969702,-0.10862534,-0.082459606,-0.112979844,-0.13221249,-0.16663882,-0.1410757,-0.1364325,-0.18093297,-0.17825818,-0.19433594,-0.1447575,-0.15549555,-0.13532752,-0.119081676,-0.14001076,-0.19117098,-0.19133306,-0.18152189,-0.19755594,-0.25103784,-0.20219928,-0.19019356,-0.19113398,-0.18251845,-0.17405687,-0.27554205,-0.08916744,-0.11956477,-0.12800238,-0.15751183,-0.20931396,-0.18224281,-0.29657933,-0.32474133,-0.15328103,-0.3242122,-0.17325558,-0.17108874,-0.2185038,-0.17647925,-0.114121355,-0.14005063,-0.15388772,-0.15788373,-0.22984435,-0.18186735,-0.25789064,-0.10459913,-0.12455491,-0.13841856,-0.12413451,-0.15189947,-0.15477467,-0.15576951,-0.14014931,-0.15141064,-0.16267005,-0.15522346,-0.15335964,-0.15310004,-0.13401303,-0.12304199,-0.14629723,-0.18982369,-0.17710909,-0.21025829,4.207564,-0.20314768,-0.11353891,-0.1296617,-0.11852481,-0.14777945,-0.16636807,-0.18613067,-0.19152045,-0.13157529,-0.077248365,-0.15273708,-0.13976388,-0.14106366,-0.11764098,-0.19987361,-0.1649412,-0.15875886,-0.14165857,-0.123669066,-0.12722544,-0.14610182,-0.2588673,-0.10744414,-0.13074079,-0.09132757,-0.12832497,-0.1289639,-0.14968672,-0.15141496,-0.09644943,-0.08910369,-0.12427001,-0.110730916,-0.13782507,-0.15073705,-0.170049,-0.14284195,-0.116468206,-0.17359376,-0.15186003,-0.14215076,-0.12571925,-0.14161214,-0.17466888,-0.13176009,-0.13225013,-0.14563417,-0.12299845,-0.08722703,-0.05825615,-0.14333117,-0.17082691,-0.026243303,-0.16666497,-0.2829064,-0.31316653,-0.19865789,-0.14554083,-0.14331596,-0.14862512,-0.12963767,-0.25088155,-0.19398405,-0.18828961,-0.0948609,-0.10933195,-0.10702289,-0.09378636,-0.12759323,-0.15280212,-0.15746465,-0.16691214,-0.12812386,-0.0969081,-0.16398169,-0.14319077,-0.11335766,-0.18846886,-0.1706479,-0.15390357,-0.12581387,-0.115196005,-0.11296163,-0.11662802,-0.1755862,-0.13836211,-0.13432601,-0.096878245,-0.121263474,-0.091843024,-0.12434345,-0.13550821,-0.063823454,-0.13877153,-0.11419349,-0.13366163,-0.24483351,-0.2571875,-0.29957527,-0.14614335,-0.15663497,-0.13231447,-0.19104545,-0.0782174,-0.17236537,-0.16392168,-0.09859173,-0.11065883,-0.11434822,-0.076612435,-0.083404,-0.1213824,-0.13072303,-0.13855581,-0.19385117,-0.09939664,-0.15555793,-0.19487974,-0.19112836,-0.18676615,-0.1113248,-0.14297599,-0.103156514,-0.15870817,-0.19421731,-0.1722417,-0.16903082,-0.14275718,-0.14245987,-0.10223858,-0.15311176,-0.16145727,-0.18095571,-0.19511527,-0.12123597,-0.14703369,-0.11388728,-0.080361366,-0.14293328,-0.20725825,-0.1607193,-0.125103,-0.15657571,-0.15690626,-0.14374241,-0.19202894,-0.16252415,-0.18155226,-0.2963242,-0.19931799,-0.18119553,-0.17175749,-0.193164,-0.15757923,-0.14054683,-0.13036278,-0.12557748,-0.13836572,-0.16330558,-0.30584824,-0.16695048,-0.18084592,-0.19268279,-0.11441202,-0.15028769,-0.14058964,-0.17783673,-0.16677624,-0.1642742,-0.14331086,-0.18237996,-0.128631,-0.15325719,-0.1376558,-0.24156228,-0.17966211,-0.10336855,-0.1353241,-0.1418018,-0.17406338,-0.11057029,-0.13461217,-0.15176478,-0.15965596,-0.18197456,-0.15386713,-0.14907384,-0.19184028,-0.17542133,-0.16365446,-0.14723541,-0.14623587,-0.11499533,-0.10471026,-0.13497226,-0.20148799,-0.17673749,-0.12513243,-0.16586268,-0.18041904,-0.18738703,-0.11705899,-0.17562488,-0.25990295,-0.09286156,-0.092447795,-0.11495341,-0.13592225,-0.14791697,-0.09885377,-0.18862087
k__Bacteria|p__Firmicutes|c__Clostridia|o__Clostridia_unclassified|f__Clostridia_unclassified|g__Clostridia_unclassified|s__Clostridia_bacterium_UC5_1_1E11,-0.1004395,-0.12316422,-0.14253695,-0.20428483,-0.16786127,-0.19448651,-0.1666669,-0.14558825,-0.12565856,-0.1843471,-0.18425828,-0.22601017,-0.17035891,-0.2053717,-0.10335264,-0.0995027,-0.058144663,-0.099674135,-0.1081571,-0.17164236,-0.1978925,-0.12536043,-0.13678077,-0.1527741,-0.17223366,-0.11658599,-0.16824004,-0.17452873,-0.1509206,-0.12124001,-0.13565557,-0.10610558,-0.1490281,-0.19663222,-0.18992223,-0.2175087,-0.16195633,-0.22338755,-0.19830737,-0.29867563,-0.29210672,-0.19894207,-0.10740338,-0.09162698,-0.13691942,-0.15580766,-0.23188588,-0.1948247,-0.14714643,-0.2026537,-0.18507236,-0.18279888,-0.19826007,-0.19937475,-0.20387389,-0.15799487,-0.12610617,-0.14426948,-0.09228407,-0.09584269,-0.17193124,-0.14278883,-0.13743341,-0.14751603,-0.12719077,-0.1521196,-0.2613474,-0.22333384,-0.18976407,-0.20047067,-0.14610377,-0.14979553,-0.13120252,-0.1432453,-0.15094785,-0.16448687,-0.1471102,-0.16278498,-0.16032101,-0.14998752,-0.14776555,-0.15786943,-0.15386087,-0.22480208,-0.120334074,-0.14207084,-0.11876202,-0.1614447,-0.17470023,-0.15650795,-0.16887039,-0.11139822,-0.1388583,-0.13027036,-0.12901469,-0.15152657,-0.14318725,-0.11579229,-0.10065024,-0.09067134,-0.105644785,-0.120800614,-0.13545397,-0.15027548,-0.16091055,-0.1185138,-0.11129953,-0.1578567,-0.17738779,-0.13401544,-0.16501829,-0.25953975,-0.14938273,-0.1332726,-0.14222813,-0.15095688,-0.17780018,-0.16473356,-0.22917573,-0.09015879,-0.11058299,-0.13525584,-0.13007164,-0.13997786,-0.1746414,-0.13908121,-0.16057305,-0.12777606,-0.07092635,-0.03704006,-0.13775387,-0.162705,-0.17962784,-0.14332479,-0.12334781,-0.13633722,-0.12023825,-0.13865292,-0.25318068,-0.26654312,-0.08354832,-0.10945694,-0.14477102,-0.09238048,-0.18873324,-0.19116518,-0.15367997,-0.0904332,-0.13230102,-0.15023711,-0.15097556,-0.15960985,-0.17131023,-0.18422121,-0.08809977,-0.12413951,-0.14160138,-0.10256614,-0.17951453,-0.19495486,-0.19186325,-0.10030475,-0.13113372,-0.07956368,-0.12829244,-0.19006202,-0.19415879,-0.19256052,-0.123646714,-0.075435564,-0.09731423,-0.1189329,-0.1370067,-0.12406494,-0.121451,-0.094668806,-0.09688856,-0.1087457,-0.082459606,-0.11312772,-0.13265,-0.16763991,-0.1410757,-0.13705263,-0.18093297,-0.17825818,-0.1951768,-0.14532298,-0.15549555,-0.13586205,-0.119081676,-0.14001076,-0.19117098,-0.19217427,-0.18242541,-0.19755594,-0.25103784,-0.20219928,-0.19122225,-0.19221893,-0.1834569,-0.17493993,-0.27554205,-0.08916744,-0.11956477,-0.12852818,-0.15751183,-0.20931396,-0.18224281,-0.29657933,-0.32474133,-0.15502243,-0.3242122,-0.17325558,-0.17108874,-0.2185038,-0.17647925,-0.114121355,-0.14063612,-0.15388772,-0.15788373,-0.22984435,-0.18186735,-0.2578833,-0.10464335,-0.12455491,-0.13901931,-0.12452234,-0.15189947,-0.15544198,-0.15659222,-0.14014931,-0.15141064,-0.16352546,-0.15600535,-0.15408218,-0.1538214,-0.13444126,-0.1234581,-0.1470404,-0.19089967,-0.1778681,-0.21025829,5.2363424,-0.20406124,-0.1137481,-0.1296617,-0.11876455,-0.1485174,-0.16636807,-0.18724227,-0.19256656,-0.13221404,-0.076718636,-0.15354532,-0.14032996,-0.14106366,-0.11836025,-0.19987361,-0.1649412,-0.15960647,-0.142185,-0.12398707,-0.12722544,-0.14610182,-0.2588673,-0.1076211,-0.13074079,-0.09132757,-0.12832497,-0.1294445,-0.15040767,-0.15219107,-0.09640972,-0.08910369,-0.12466091,-0.11086266,-0.13842869,-0.15143415,-0.1709692,-0.14345366,-0.116842106,-0.17465544,-0.15250875,-0.14280823,-0.12590446,-0.14245006,-0.17466888,-0.13176009,-0.13270918,-0.14627889,-0.12322986,-0.08722703,-0.05825615,-0.14400275,-0.17082691,-0.026243303,-0.16786373,-0.2829064,-0.31316653,-0.19938731,-0.14621422,-0.14331596,-0.14862512,-0.12963767,-0.25088155,-0.19473195,-0.18931298,-0.094788596,-0.109536126,-0.10702289,-0.09361084,-0.12759323,-0.15371087,-0.15746465,-0.16779068,-0.12812386,-0.0969081,-0.16398169,-0.14390312,-0.11335766,-0.18846886,-0.1706479,-0.15462443,-0.12612543,-0.115196005,-0.11318522,-0.11662802,-0.17662898,-0.1388995,-0.13470344,-0.096878245,-0.121460244,-0.09178573,-0.12434345,-0.13628782,-0.063823454,-0.13877153,-0.11419349,-0.13429847,-0.24483351,-0.2571875,-0.29957527,-0.1467561,-0.15734777,-0.13264856,-0.19104545,-0.0782174,-0.17309637,-0.16492671,-0.09859173,-0.11065883,-0.11485194,-0.076612435,-0.083404,-0.1213824,-0.13072303,-0.13855581,-0.19385117,-0.09915832,-0.15642151,-0.19487974,-0.19211155,-0.18774909,-0.11153205,-0.14359495,-0.10311964,-0.15964271,-0.19510174,-0.17326808,-0.16991174,-0.14335465,-0.1430214,-0.10227421,-0.15387869,-0.16231963,-0.1819366,-0.19609925,-0.121526495,-0.1477551,-0.114189886,-0.08012997,-0.14366539,-0.20725825,-0.16148847,-0.125103,-0.15657571,-0.15690626,-0.14435592,-0.19202894,-0.16334593,-0.18262309,-0.2963242,-0.19984289,-0.18217875,-0.1726113,-0.19403748,-0.15829588,-0.14054683,-0.13076887,-0.12557748,-0.1388437,-0.16429588,-0.30584824,-0.16771147,-0.18173379,-0.19376007,-0.11441202,-0.15109403,-0.14122143,-0.1788795,-0.16758382,-0.16516367,-0.14331086,-0.18237996,-0.12901819,-0.15408555,-0.13814527,-0.24156228,-0.18058285,-0.10343249,-0.13590382,-0.14231162,-0.17503907,-0.11070433,-0.1351116,-0.15262276,-0.16048805,-0.18286788,-0.15450445,-0.14962873,-0.19184028,-0.17625432,-0.1645805,-0.14723541,-0.14623587,-0.11499533,-0.10471026,-0.13556963,-0.20148799,-0.17770198,-0.12513243,-0.16690147,-0.18041904,-0.18738703,-0.11705899,-0.17667371,-0.26067334,-0.09271717,-0.09239283,-0.11520237,-0.13643868,-0.14849797,-0.09879655,-0.18978721
k__Bacteria|p__Firmicutes|c__Negativicutes|o__Veillonellales|f__Veillonellaceae|g__Colibacter|s__Colibacter_massiliensis,-0.1004395,-0.12316422,-0.14111489,-0.20428483,-0.16618082,-0.19324206,-0.1666669,-0.14485748,-0.12469472,-0.18392166,-0.18279712,-0.22096577,-0.17171389,-0.2025182,-0.102833256,-0.098921925,-0.058144663,-0.09945968,-0.10722229,-0.17075154,-0.1978925,-0.12536043,-0.13631316,-0.15233018,-0.1713996,-0.11658599,-0.16747993,-0.17412212,-0.1509206,-0.12124001,-0.13497874,-0.10516885,-0.14809082,-0.19560342,-0.18936148,-0.2175087,-0.16009043,-0.22338755,-0.19664216,-0.29867563,-0.29210672,-0.19771932,-0.10695684,-0.09162698,-0.13691942,-0.15486464,-0.23188588,-0.19358365,-0.14634126,-0.2026537,-0.18274695,-0.18279888,-0.19617702,-0.19780013,-0.20222086,-0.15947132,-0.12550125,-0.1437566,-0.09193445,-0.09529403,-0.17125279,-0.14242071,-0.13743341,-0.14679654,-0.12719077,-0.15130019,-0.2613474,-0.22333384,-0.1881986,-0.20047067,-0.14562365,-0.14921716,-0.13034105,-0.14259872,-0.1510884,-0.16416654,-0.14690599,-0.16278498,-0.15876621,-0.14998752,-0.14724846,-0.15667269,-0.1532039,-0.22480208,-0.120334074,-0.14144012,-0.11806196,-0.16105969,-0.17407168,-0.15515661,-0.16829288,-0.11139822,-0.1388583,-0.13027036,-0.12869722,-0.15152657,-0.14259733,-0.11561261,-0.10065024,-0.09024607,-0.105450876,-0.12038607,-0.13488416,-0.15027548,-0.16051917,-0.1185138,-0.11129953,-0.1578567,-0.17738779,-0.1333487,-0.16332392,-0.25953975,-0.14854836,-0.13225916,-0.14126304,-0.15095688,-0.17780018,-0.16289613,-0.22917573,-0.09015879,-0.10994825,-0.13445267,-0.12956168,-0.13997786,-0.1734831,-0.13908121,-0.16057305,-0.12777606,-0.07092635,-0.03704006,-0.13685553,-0.16212007,-0.17901224,-0.14332479,-0.12334781,-0.13564464,-0.12023825,-0.13821885,-0.25318068,-0.26654312,-0.08308008,-0.10945694,-0.14466175,-0.09238048,-0.18771869,-0.18985441,-0.15287492,-0.08986345,-0.13230102,-0.14946868,-0.1501116,-0.15884228,-0.17044204,-0.18411362,-0.08729084,-0.12365337,-0.14082646,-0.10256614,-0.17951453,-0.19495486,-0.19129728,-0.09974567,-0.13113372,-0.07889978,-0.12807512,-0.19006202,-0.19311109,-0.19143924,-0.12340186,-0.074854776,-0.09675686,-0.11829305,-0.13653174,-0.12406494,-0.121451,-0.09406181,-0.096394785,-0.1082787,-0.082459606,-0.11277141,-0.13242957,-0.16733384,-0.1410757,-0.13609603,-0.18093297,-0.17825818,-0.19379374,-0.14450757,-0.15549555,-0.13541149,-0.119081676,-0.14001076,-0.19117098,-0.19045745,-0.18074347,-0.19755594,-0.25103784,-0.20219928,-0.18959308,-0.19053783,-0.18247145,-0.17326497,-0.27554205,-0.08916744,8.237197,-0.12758255,7.995766,7.4778686,-0.18224281,-0.29657933,-0.32474133,-0.15243803,-0.3242122,-0.17325558,-0.17108874,-0.2185038,-0.17647925,-0.114121355,-0.13951656,-0.15388772,-0.15788373,-0.22984435,-0.18186735,-0.25470108,-0.10397803,-0.12455491,-0.1384337,-0.12413825,-0.15189947,-0.15512457,-0.15642613,-0.14014931,-0.15141064,-0.16321039,-0.15500034,-0.15336183,-0.15280202,-0.13390511,-0.1229631,-0.14638773,-0.19046834,-0.17671958,-0.21025829,-0.3990198,-0.20294704,-0.11322344,-0.1296617,-0.11833343,-0.14809066,-0.16636807,-0.18668726,-0.19154681,-0.13129237,-0.076334186,-0.1532551,-0.13965678,-0.14106366,-0.11822906,-0.19987361,-0.1649412,-0.15813334,-0.14103782,-0.123518154,-0.12722544,-0.14610182,-0.2588673,-0.10690149,-0.13074079,-0.09132757,-0.12832497,-0.12927066,-0.14962536,-0.15205246,-0.095993966,-0.08910369,-0.12421733,-0.110282436,-0.13770863,-0.15063056,-0.170551,-0.14269486,-0.116236836,-0.17375453,-0.1516704,-0.14234228,-0.12490224,-0.14255305,-0.17466888,-0.13176009,-0.13209943,-0.14576058,-0.12286882,-0.08722703,-0.05825615,-0.14337127,-0.17082691,-0.026243303,-0.16588475,-0.2829064,-0.31316653,-0.19791688,-0.145583,-0.14331596,-0.14862512,-0.12963767,-0.25088155,-0.19336018,-0.18850341,-0.09437752,-0.10915846,-0.10702289,-0.09397087,-0.12759323,-0.1530157,-0.15746465,-0.16710103,-0.12812386,-0.0969081,-0.16398169,-0.14400148,-0.11335766,-0.18846886,-0.1706479,-0.15362549,-0.12552339,-0.115196005,-0.11288841,-0.11662802,-0.17636077,-0.13838322,-0.1343554,-0.096878245,-0.12090899,-0.09166685,-0.12434345,-0.13606125,-0.063823454,-0.13877153,-0.11419349,-0.13355969,-0.24483351,-0.2571875,-0.29957527,-0.14589608,-0.15659934,-0.13192761,-0.19104545,-0.0782174,-0.17181702,-0.16451544,-0.09859173,-0.11065883,-0.11477533,-0.076612435,-0.083404,-0.1213824,-0.13072303,-0.13855581,-0.19385117,-0.09842956,-0.15528743,-0.19487974,-0.19073011,-0.1868845,-0.111023046,-0.14272794,-0.10290052,-0.15941556,-0.19386846,-0.17310706,-0.16899922,-0.142604,-0.14238068,-0.101072825,-0.15315422,-0.16153133,-0.18060955,-0.19497496,-0.121089265,-0.14738669,-0.113520175,-0.07977442,-0.14266416,-0.20725825,-0.16038842,-0.125103,-0.15657571,-0.15690626,-0.14326397,-0.19202894,-0.16232777,-0.18217918,-0.2963242,-0.19577408,-0.18097305,-0.17149422,-0.1922445,-0.1572541,-0.14054683,-0.1300413,-0.12557748,-0.13802433,-0.16264495,-0.30584824,-0.16590863,-0.18122026,-0.1926235,-0.11441202,-0.15071884,-0.14042673,-0.17771876,-0.16667204,-0.16473758,-0.14331086,-0.18237996,-0.12768905,-0.1530306,-0.13682829,-0.24156228,-0.17879236,-0.10287344,-0.13489217,-0.14194474,-0.17439863,-0.11002557,-0.13425347,-0.15278077,-0.15983422,-0.18118191,-0.15423098,-0.14894144,-0.19184028,-0.1748707,-0.16444157,-0.14723541,-0.14623587,-0.11499533,-0.10471026,-0.13503681,-0.20148799,-0.17698279,-0.12513243,-0.1653051,-0.18041904,-0.18738703,-0.11705899,-0.17705816,-0.2588588,-0.09214501,-0.09203975,-0.1143542,-0.13603379,-0.14784671,-0.09814279,-0.1891703
k__Bacteria|p__Firmicutes|c__Clostridia|o__Eubacteriales|f__Clostridiaceae|g__GGB9580|s__GGB9580_SGB14996,-0.1004395,-0.12316422,-0.14170983,-0.20428483,-0.16710396,-0.19336377,-0.1666669,-0.14495404,-0.12484602,-0.18339573,-0.18287514,-0.22635928,-0.16812317,-0.2048898,-0.10291389,-0.09915899,-0.058144663,-0.09948446,-0.107711434,-0.17074576,-0.1978925,-0.12536043,-0.13615997,-0.15216377,-0.1713617,-0.11658599,-0.1673133,-0.17366907,-0.1509206,-0.12124001,-0.13501427,-0.10562755,-0.14830604,-0.19553468,-0.18892956,-0.2175087,-0.161098,-0.22338755,-0.19717261,-0.29867563,-0.29210672,-0.19791152,-0.10699414,-0.09162698,-0.13691942,-0.15496154,-0.23188588,-0.1936769,-0.14638054,-0.2026537,-0.18393143,-0.18279888,-0.19740544,-0.19833067,-0.20328707,-0.15675454,-0.12560685,-0.14362018,-0.0920444,-0.09554044,-0.17115264,-0.142175,-0.13743341,-0.1468175,-0.12719077,-0.15112725,-0.2613474,-0.22333384,-0.18875182,-0.20047067,-0.14553282,-0.149074,-0.13070153,-0.14261642,-0.15040657,-0.1638349,-0.14638478,-0.16278498,-0.15944293,-0.14998752,-0.14708164,-0.15706778,-0.15310498,-0.22480208,-0.120334074,-0.14136553,-0.11825271,-0.16076872,-0.17386691,-0.15564813,-0.16795087,-0.11139822,-0.1388583,-0.13027036,-0.12840186,-0.15152657,-0.14238167,-0.11521083,-0.10065024,-0.09029376,-0.105221376,-0.12033038,-0.13488069,-0.15027548,-0.16014645,-0.1185138,-0.11129953,-0.1578567,-0.17738779,-0.13348222,-0.1640977,-0.25953975,-0.14859241,-0.13258854,-0.14157316,-0.15095688,-0.17780018,-0.16368073,-0.22917573,-0.09015879,-0.11003013,-0.13464597,-0.12948395,-0.13997786,-0.17364186,-0.13908121,-0.16057305,-0.12777606,-0.07092635,-0.03704006,-0.13705713,-0.16193555,-0.1786699,-0.14332479,-0.12334781,-0.13555183,-0.12023825,-0.13813013,-0.25318068,-0.26654312,-0.08336218,-0.10945694,-0.14416786,-0.09238048,-0.18762822,-0.190213,-0.15278897,-0.09017661,-0.13230102,-0.14943385,-0.15021735,-0.15885282,-0.17043601,-0.18341675,-0.08785914,-0.12359563,-0.1410769,-0.10256614,-0.17951453,-0.19495486,-0.1908732,-0.09995453,-0.13113372,-0.07951972,-0.12755743,-0.19006202,-0.19319153,-0.19152015,-0.12319406,-0.0752693,-0.09700005,-0.118348375,-0.13634151,-0.12406494,-0.121451,-0.094387114,-0.09641503,-0.10828288,-0.082459606,-0.11258058,-0.13197717,-0.16681138,-0.1410757,-0.13632083,-0.18093297,-0.17825818,-0.19410084,-0.14459258,-0.15549555,-0.1352663,-0.119081676,-0.14001076,-0.19117098,-0.19120663,-0.18147455,-0.19755594,-0.25103784,-0.20219928,-0.19007328,-0.19116652,-0.18234411,-0.17396384,-0.27554205,-0.08916744,-0.11956477,-0.12779327,-0.15751183,-0.20931396,-0.18224281,-0.29657933,-0.32474133,-0.15306391,-0.3242122,-0.17325558,-0.17108874,-0.2185038,-0.17647925,-0.114121355,-0.1399007,-0.15388772,-0.15788373,-0.22984435,-0.18186735,-0.25617716,-0.104274906,-0.12455491,-0.13833104,-0.123964265,-0.15189947,-0.15480834,-0.15589395,-0.14014931,-0.15141064,-0.16287243,-0.15523852,-0.15339279,-0.15300657,-0.13371485,-0.12290047,-0.14616472,-0.19003576,-0.17680758,-0.21025829,-0.3990198,-0.20206507,-0.11321506,-0.1296617,-0.11826491,-0.14771834,-0.16636807,-0.18631111,-0.19145568,-0.13154179,-0.07655245,-0.15285538,-0.13965979,-0.14106366,-0.1177789,-0.19987361,-0.1649412,-0.15869139,-0.14149532,-0.12336771,-0.12722544,-0.14610182,-0.2588673,-0.107159376,-0.13074079,-0.09132757,-0.12832497,-0.12892884,-0.14965823,-0.15152273,-0.09609704,-0.08910369,-0.12411951,-0.11040417,-0.1377362,-0.15067229,-0.17012902,-0.14279178,-0.11625283,-0.17377107,-0.15169394,-0.14216855,-0.12535019,-0.14155969,-0.17466888,-0.13176009,-0.13211145,-0.14553714,-0.12269601,-0.08722703,-0.05825615,-0.14328434,-0.17082691,-0.026243303,-0.1666741,-0.2829064,-0.31316653,-0.19799313,-0.14553072,-0.14331596,-0.14862512,-0.12963767,-0.25088155,-0.19372788,-0.18834183,-0.094477385,-0.1091148,-0.10702289,-0.0934342,-0.12759323,-0.15276718,-0.15746465,-0.16687506,-0.12812386,-0.0969081,-0.16398169,-0.14334047,-0.11335766,-0.18846886,-0.1706479,-0.15385851,-0.12563424,-0.115196005,-0.11271055,-0.11662802,-0.17566554,-0.13830477,-0.1341483,-0.096878245,-0.120887965,-0.0914903,-0.12434345,-0.1355964,-0.063823454,-0.13877153,-0.11419349,-0.13374457,-0.24483351,-0.2571875,-0.29957527,-0.14608347,-0.15662453,-0.13209087,-0.19104545,-0.0782174,-0.17223859,-0.16408986,-0.09859173,-0.11065883,-0.11433941,-0.076612435,-0.083404,-0.1213824,-0.13072303,-0.13855581,-0.19385117,-0.09901838,-0.1556104,-0.19487974,-0.19103274,-0.1867406,-0.11107562,-0.14292872,-0.10271758,-0.15903157,-0.19395092,-0.17242044,-0.16891202,-0.1426788,-0.14234555,-0.10181333,-0.15308896,-0.16140899,-0.18085782,-0.19486403,-0.1210174,-0.14704171,-0.11354822,-0.079843484,-0.14305589,-0.20725825,-0.16074683,-0.125103,-0.15657571,-0.15690626,-0.14353284,-0.19202894,-0.16252264,-0.18176483,-0.2963242,-0.19851708,-0.1810045,-0.17157057,-0.19302072,-0.15735848,-0.14054683,-0.13020563,-0.12557748,-0.13812828,-0.16349083,-0.30584824,-0.16693321,-0.18089986,-0.19259723,-0.11441202,-0.15035695,-0.14047895,-0.17794032,-0.16679229,-0.16428119,-0.14331086,-0.18237996,-0.12831339,-0.1532855,-0.13754043,-0.24156228,-0.17950551,-0.103095144,-0.13520664,-0.1417318,-0.17424636,-0.11020763,-0.13446896,-0.15190439,-0.15974042,-0.1818942,-0.15387976,-0.14900872,-0.19184028,-0.17538467,-0.16380984,-0.14723541,-0.14623587,-0.11499533,-0.10471026,-0.13489291,-0.20148799,-0.17688024,-0.12513243,-0.16579723,-0.18041904,-0.18738703,-0.11705899,-0.17592637,-0.25894916,-0.09238783,-0.0920594,-0.11470027,-0.13578123,-0.14781532,-0.0983818,-0.18877825
k__Bacteria|p__Firmicutes|c__Clostridia|o__Eubacteriales|f__Lachnospiraceae|g__Eisenbergiella|s__Eisenbergiella_tayi,-0.1004395,-0.12316422,-0.1409374,-0.20428483,-0.166928,-0.19292165,-0.1666669,-0.14532834,-0.12543365,-0.18422505,-0.1830089,-0.21057317,-0.1691883,-0.19863677,-0.10274957,-0.097837776,-0.058144663,-0.09945732,-0.10756728,-0.17082895,-0.1978925,-0.12536043,-0.13665591,-0.15274191,-0.17105597,-0.11658599,-0.16810821,-0.17421548,-0.1509206,-0.12124001,-0.13543141,-0.105071254,-0.14829275,-0.19429833,-0.1885638,-0.2175087,-0.16088486,-0.22338755,-0.19558722,-0.29867563,-0.29210672,-0.19599603,-0.10693763,-0.09162698,-0.13691942,-0.15488449,-0.23188588,-0.19319177,-0.14659593,-0.2026537,-0.18514928,-0.18279888,-0.1955159,-0.19501458,-0.19738337,-0.15802313,-0.1255517,-0.14353408,-0.09249786,-0.095395744,-0.17150128,-0.14271668,-0.13743341,-0.14690317,-0.12719077,-0.15162018,-0.2613474,-0.22333384,-0.18871495,-0.20047067,-0.14572474,-0.14938301,-0.13015358,-0.14224666,-0.15074755,-0.1643142,-0.14721715,-0.16278498,-0.15952307,-0.14998752,-0.14752844,-0.15683143,-0.15338004,-0.22480208,-0.120334074,-0.14150164,-0.11815137,-0.16129132,-0.17415659,-0.1553676,-0.16836247,-0.11139822,-0.1388583,-0.13027036,-0.12897481,-0.15152657,-0.14357394,-0.11587553,-0.10065024,-0.090253994,-0.10527688,-0.12020631,-0.13486806,-0.15027548,-0.16067047,-0.1185138,-0.11129953,-0.1578567,-0.17738779,-0.13310304,-0.16328731,-0.25953975,-0.14881615,-0.13242197,-0.14098842,-0.15095688,-0.17780018,-0.16323443,-0.22917573,-0.09015879,-0.11052509,-0.13470273,-0.1293503,-0.13997786,-0.17353374,-0.13908121,-0.16057305,-0.12777606,-0.07092635,-0.03704006,-0.13693097,-0.16222781,-0.17898935,-0.14332479,-0.12334781,-0.13614862,-0.12023825,-0.13806076,-0.25318068,-0.26654312,-0.08347506,-0.10945694,-0.14438768,-0.09238048,-0.18775919,-0.18952726,-0.15261242,-0.09014544,-0.13230102,-0.14962041,-0.15016603,-0.15878254,-0.17039627,-0.18378502,-0.087483294,-0.12345645,-0.14061446,-0.10256614,-0.17951453,-0.19495486,-0.19054675,-0.10013142,-0.13113372,-0.07802151,-0.12745938,-0.19006202,-0.19267792,-0.19104835,-0.1237011,-0.07538393,-0.09678447,-0.11798193,-0.1364383,-0.12406494,-0.121451,-0.094054416,-0.096216425,-0.10821214,-0.082459606,-0.11256229,-0.1323793,-0.16721486,-0.1410757,-0.13650608,-0.18093297,-0.17825818,-0.19291955,-0.14421421,-0.15549555,-0.13521978,-0.119081676,-0.14001076,-0.19117098,-0.18994904,-0.18101335,-0.19755594,-0.25103784,-0.20219928,-0.19051267,-0.19073837,-0.18223116,-0.1731745,-0.27554205,-0.08916744,-0.11956477,-0.12821648,-0.15751183,-0.20931396,-0.18224281,-0.29657933,-0.32474133,-0.15222807,-0.3242122,-0.17325558,-0.17108874,-0.2185038,-0.17647925,-0.114121355,-0.13993871,-0.15388772,-0.15788373,-0.22984435,-0.18186735,-0.24760337,-0.10413297,-0.12455491,-0.13875319,-0.124287516,-0.15189947,-0.15518624,-0.15652126,-0.14014931,-0.15141064,-0.16336276,-0.15538453,-0.15362675,-0.1527397,-0.13350281,-0.12333245,-0.14677288,-0.19035704,-0.17664236,-0.21025829,-0.3990198,-0.1978273,-0.11339702,-0.1296617,-0.11801307,-0.1481134,-0.16636807,-0.18689647,-0.19136724,-0.13165343,-0.0766191,-0.1530063,-0.13982512,-0.14106366,-0.118701436,-0.19987361,-0.1649412,-0.15890568,-0.14084801,-0.12339481,-0.12722544,-0.14610182,-0.2588673,-0.1070015,-0.13074079,-0.09132757,-0.12832497,-0.1294074,-0.15007089,-0.15216506,-0.09615043,-0.08910369,-0.12410196,-0.110312685,-0.13768002,-0.15087824,-0.17002434,-0.14304051,-0.116857946,-0.1738297,-0.15202573,-0.14233443,-0.12498572,-0.14260618,-0.17466888,-0.13176009,-0.13221866,-0.14572614,-0.12268804,-0.08722703,-0.05825615,-0.14356662,-0.17082691,-0.026243303,-0.16574664,-0.2829064,-0.31316653,-0.195595,-0.14568207,-0.14331596,-0.14862512,-0.12963767,-0.25088155,-0.19272923,-0.1883149,-0.094711915,-0.10924074,-0.10702289,-0.093211204,-0.12759323,-0.15307303,-0.15746465,-0.16697352,-0.12812386,-0.0969081,-0.16398169,-0.14383192,-0.11335766,-0.18846886,-0.1706479,-0.15383989,-0.12574932,-0.115196005,-0.112550154,-0.11662802,-0.17620343,-0.13840538,-0.13409641,-0.096878245,-0.1205104,-0.09171687,-0.12434345,-0.13660717,-0.063823454,-0.13877153,-0.11419349,-0.13353199,-0.24483351,-0.2571875,-0.29957527,-0.14593163,-0.15661047,-0.13191208,-0.19104545,-0.0782174,-0.17178012,-0.16419981,-0.09859173,-0.11065883,-0.11542143,-0.076612435,-0.083404,-0.1213824,-0.13072303,-0.13855581,-0.19385117,-0.09843603,-0.15563473,-0.19487974,-0.19090623,-0.18628624,-0.11128661,-0.14298603,-0.103252724,-0.15952313,-0.19330767,-0.17226441,-0.16882262,-0.1427314,-0.14216803,-0.10127071,-0.15313724,-0.16163516,-0.18074976,-0.19393244,-0.12125838,-0.14743347,-0.11426054,-0.0802752,-0.14218032,-0.20725825,-0.16093114,-0.125103,-0.15657571,-0.15690626,-0.14353627,-0.19202894,-0.16265613,-0.1821781,-0.2963242,-0.1946767,-0.18030903,-0.17127353,-0.19174108,-0.15694562,-0.14054683,-0.13013074,-0.12557748,-0.1381596,-0.16222724,-0.30584824,-0.16678472,-0.18088141,-0.19252795,-0.11441202,-0.15059295,-0.14047837,-0.1778545,-0.16675359,-0.16461474,-0.14331086,-0.18237996,-0.12819116,-0.15310693,-0.13627146,-0.24156228,-0.17935589,-0.10302292,-0.13529232,-0.1419098,-0.17429173,-0.11035156,-0.13450772,-0.15266111,-0.15979953,-0.18164814,-0.15394099,-0.14882077,-0.19184028,-0.17520654,-0.16460586,-0.14723541,-0.14623587,-0.11499533,-0.10471026,-0.13474716,-0.20148799,-0.17718741,-0.12513243,-0.16591662,-0.18041904,-0.18738703,-0.11705899,-0.17684807,-0.25563377,-0.09226596,-0.092179045,-0.114515156,-0.13573511,-0.14754209,-0.09820269,-0.18880181
k__Bacteria|p__Firmicutes|c__Clostridia|o__Eubacteriales|f__Oscillospiraceae|g__Ruminococcus|s__Ruminococcus_bromii,-0.1004395,-0.12316422,-0.14160386,-0.20428483,-0.16659856,-0.19324592,-0.1666669,-0.14469597,-0.12459162,-0.182886,-0.18302634,-0.22927994,-0.16854656,-0.20598261,-0.10305263,-0.099255726,-0.058144663,-0.099524766,-0.10756398,-0.1705133,-0.1978925,-0.12536043,-0.13592812,-0.15198936,-0.17136978,-0.11658599,-0.1670198,-0.17335878,-0.1509206,-0.12124001,-0.13475148,-0.10567521,-0.14808023,-0.19577432,-0.18905029,-0.2175087,-0.16017814,-0.22338755,-0.1971297,-0.29867563,-0.29210672,-0.19862553,-0.106926955,-0.09162698,-0.13691942,-0.1546898,-0.23188588,-0.1936695,-0.14613238,-0.2026537,-0.18272303,-0.18279888,-0.1975327,-0.19908075,-0.20521015,-0.15689881,-0.1255377,-0.14358898,-0.09187729,-0.095498666,-0.17091112,-0.14211759,-0.13743341,-0.1466542,-0.12719077,-0.15082994,-0.2613474,-0.22333384,-0.18843989,-0.20047067,-0.14541335,-0.14891553,-0.1306881,-0.14271009,-0.15051764,-0.16362077,-0.14605027,-0.16278498,-0.15887202,-0.14998752,-0.14690952,-0.15685114,-0.15294431,-0.22480208,-0.120334074,-0.14126909,-0.11811288,-0.16059586,-0.17356566,-0.15548924,-0.16778523,-0.11139822,-0.1388583,-0.13027036,-0.12834571,-0.15152657,-0.14210045,-0.114976466,-0.10065024,-0.09032172,-0.105291,-0.12031214,-0.13481,-0.15027548,-0.15991062,-0.1185138,-0.11129953,-0.1578567,-0.17738779,-0.13346277,-0.16397302,-0.25953975,-0.14825386,-0.13243347,-0.14169508,-0.15095688,-0.17780018,-0.16332446,-0.22917573,-0.09015879,-0.10974072,-0.13451171,-0.12950864,-0.13997786,-0.17352156,-0.13908121,-0.16057305,-0.12777606,-0.07092635,-0.03704006,-0.13699247,-0.1618825,-0.17843075,-0.14332479,-0.12334781,-0.13539737,-0.12023825,-0.13829374,-0.25318068,-0.26654312,-0.08336784,-0.10945694,-0.14434615,-0.09238048,-0.18746036,-0.19030035,-0.1528634,-0.09013782,-0.13230102,-0.14922377,-0.1500572,-0.15865956,-0.17027137,-0.18343155,-0.08788764,-0.12347072,-0.14091995,-0.10256614,-0.17951453,-0.19495486,-0.19089419,-0.09993827,-0.13113372,-0.080125496,-0.1278843,-0.19006202,-0.19320083,-0.1915285,-0.12299681,-0.0752487,-0.09704587,-0.11843204,-0.13636307,-0.12406494,-0.121451,-0.09442445,-0.09656057,-0.108416244,-0.082459606,-0.11278771,-0.13213316,-0.16664448,-0.1410757,-0.13595763,-0.18093297,-0.17825818,-0.19424327,-0.14467761,-0.15549555,-0.13520764,-0.119081676,-0.14001076,-0.19117098,-0.19112532,-0.18109003,-0.19755594,-0.25103784,-0.20219928,-0.18964678,-0.1909138,-0.18224661,-0.17388393,-0.27554205,-0.08916744,-0.11956477,-0.12766078,-0.15751183,-0.20931396,-0.18224281,5.4410415,-0.32474133,-0.15305033,-0.3242122,-0.17325558,-0.17108874,-0.2185038,-0.17647925,-0.114121355,-0.13963315,-0.15388772,-0.15788373,-0.22984435,-0.18186735,-0.2581681,-0.1042629,-0.12455491,-0.1382265,-0.12391405,-0.15189947,-0.1548506,-0.15568095,-0.14014931,-0.15141064,-0.16266888,-0.15489355,-0.15315203,-0.15297641,-0.13373482,-0.122708604,-0.14574951,-0.18989478,-0.17660701,-0.21025829,-0.3990198,-0.20366557,-0.11317564,-0.1296617,-0.11838856,-0.14770319,-0.16636807,-0.18619625,-0.1912986,-0.13134381,-0.076667905,-0.152898,-0.13958481,-0.14106366,-0.11726642,-0.19987361,-0.1649412,-0.15819807,-0.14152142,-0.123536356,-0.12722544,-0.14610182,-0.2588673,-0.10711486,-0.13074079,-0.09132757,-0.12832497,-0.12885387,-0.14954008,-0.151315,-0.09608567,-0.08910369,-0.12421794,-0.110503405,-0.13763303,-0.15059912,-0.17008987,-0.14263302,-0.11602685,-0.17364444,-0.15158376,-0.14209002,-0.1254667,-0.14125091,-0.17466888,-0.13176009,-0.1320033,-0.14557065,-0.12276095,-0.08722703,-0.05825615,-0.1432159,-0.17082691,-0.026243303,-0.16635287,-0.2829064,-0.31316653,-0.19877017,-0.14530937,-0.14331596,-0.14862512,-0.12963767,-0.25088155,-0.19374543,-0.18820271,-0.09453116,-0.1090238,-0.10702289,-0.09387864,4.498178,-0.15262884,4.0386953,-0.16651243,-0.12812386,-0.0969081,-0.16398169,-0.1433254,-0.11335766,-0.18846886,-0.1706479,-0.15352859,-0.12552883,-0.115196005,-0.11275738,-0.11662802,-0.17553917,-0.13815758,-0.13421853,-0.096878245,-0.12109358,-0.09155887,-0.12434345,-0.13527289,-0.063823454,-0.13877153,-0.11419349,-0.13374534,-0.24483351,-0.2571875,-0.29957527,-0.14592111,-0.15650809,-0.13212803,-0.19104545,-0.0782174,-0.17222166,-0.16402861,-0.09859173,-0.11065883,-0.11411399,-0.076612435,-0.083404,-0.1213824,-0.13072303,-0.13855581,-0.19385117,-0.09911288,-0.15539232,-0.19487974,-0.19075732,-0.18675117,-0.11095608,-0.142872,-0.10264462,-0.1588126,-0.19375569,-0.17246947,-0.16900319,-0.14252591,-0.14224613,-0.10175012,-0.15310213,-0.16109724,-0.18065423,-0.19502498,-0.120967016,-0.14698571,-0.11332913,-0.079843834,-0.14309864,-0.20725825,-0.16033712,-0.125103,-0.15657571,-0.15690626,-0.14326882,-0.19202894,-0.16227223,-0.18161035,-0.2963242,-0.19859202,-0.18127634,-0.17163149,-0.193135,-0.1575365,-0.14054683,-0.13014702,-0.12557748,-0.1381921,-0.16331035,-0.30584824,-0.16667132,-0.18108678,-0.19218123,-0.11441202,-0.15052198,-0.14030746,-0.17765406,-0.16667648,-0.1640406,-0.14331086,-0.18237996,-0.12798053,-0.15318638,-0.13771872,-0.24156228,-0.17916426,-0.10299644,-0.13501728,-0.14167044,-0.174183,-0.110091135,-0.13449201,-0.15185174,-0.15942936,-0.18150318,-0.153954,-0.14903527,-0.19184028,-0.175178,-0.16352698,-0.14723541,-0.14623587,-0.11499533,-0.10471026,-0.13497645,-0.20148799,-0.17658693,-0.12513243,-0.1651539,-0.18041904,-0.18738703,-0.11705899,-0.1758994,-0.25976422,-0.092412785,-0.09206245,-0.11468019,-0.1358183,-0.14789881,-0.09847076,-0.1888031
k__Bacteria|p__Firmicutes|c__Tissierellia|o__Tissierellales|f__Peptoniphilaceae|g__Anaerococcus|s__Anaerococcus_provencensis,-0.1004395,-0.12316422,-0.14242417,-0.20428483,-0.16766356,-0.19396138,-0.1666669,-0.14539681,-0.12514086,-0.18367067,-0.1844821,-0.23680626,-0.16808876,-0.2089493,-0.10354397,-0.09997998,-0.058144663,-0.099724896,-0.10810764,-0.17083904,-0.1978925,-0.12536043,-0.13641821,-0.15235466,-0.17200011,-0.11658599,-0.16738246,-0.1738574,-0.1509206,-0.12124001,-0.1350204,-0.1063774,-0.14841923,-0.19709745,-0.18930057,-0.2175087,-0.16153392,-0.22338755,-0.19824027,-0.29867563,-0.29210672,-0.19889858,-0.1072626,-0.09162698,-0.13691942,-0.15529428,-0.23188588,-0.19429722,-0.14671305,-0.2026537,-0.18479392,-0.18279888,-0.19962087,-0.20100765,-0.2073156,-0.1562027,-0.12596321,-0.14391789,-0.09205731,-0.09590529,-0.1713328,-0.14236006,-0.13743341,-0.14717889,-0.12719077,-0.15095866,-0.2613474,-0.22333384,-0.18930042,-0.20047067,-0.14587104,-0.14946207,-0.13117251,-0.14316845,-0.15054518,-0.16434267,-0.14634147,-0.16278498,-0.16026029,-0.14998752,-0.14712927,-0.15764572,-0.15331605,-0.22480208,-0.120334074,-0.14150631,-0.11859602,-0.16085601,-0.17426178,-0.1563018,-0.16814312,-0.11139822,-0.1388583,-0.13027036,-0.1284475,-0.15152657,-0.14232096,-0.11556043,-0.10065024,-0.09079492,-0.10545844,-0.12056955,-0.13498452,-0.15027548,-0.16020979,-0.1185138,-0.11129953,-0.1578567,-0.17738779,-0.13422945,-0.16467577,-0.25953975,-0.14888701,-0.13308448,-0.1423375,-0.15095688,-0.17780018,-0.16416302,-0.22917573,-0.09015879,-0.11004402,-0.13498585,-0.13008723,-0.13997786,-0.17417026,-0.13908121,-0.16057305,-0.12777606,-0.07092635,-0.03704006,-0.13728893,-0.1619401,-0.17900982,-0.14332479,-0.12334781,-0.13564694,-0.12023825,-0.13835663,-0.25318068,-0.26654312,-0.08355962,-0.10945694,-0.14416204,-0.09238048,-0.18767059,-0.19120446,-0.15337618,-0.090367064,-0.13230102,-0.14960158,-0.15070227,-0.15933986,-0.17091441,-0.18337473,-0.08823137,-0.12407908,-0.141487,-0.10256614,-0.17951453,-0.19495486,-0.19160911,-0.100324586,-0.13113372,-0.080634505,-0.12761897,-0.19006202,-0.19414836,-0.19217695,-0.12320591,-0.07574116,-0.097423926,-0.118913606,-0.13662735,-0.12406494,-0.121451,-0.09493178,-0.09694074,-0.10852626,-0.082459606,-0.11302908,-0.13199505,-0.16682544,-0.1410757,-0.13662416,-0.18093297,-0.17825818,-0.195213,-0.14486691,-0.15549555,-0.13556597,-0.119081676,-0.14001076,-0.19117098,-0.19242361,-0.1823462,-0.19755594,-0.25103784,-0.20219928,-0.19028817,-0.19199939,-0.18295246,-0.1744794,-0.27554205,-0.08916744,-0.11956477,-0.12777682,-0.15751183,-0.20931396,-0.18224281,-0.29657933,-0.32474133,-0.15236098,-0.3242122,-0.17325558,-0.17108874,-0.2185038,-0.17647925,-0.114121355,-0.1403371,-0.15388772,-0.15788373,-0.22984435,-0.18186735,-0.26256475,-0.104687944,-0.12455491,-0.13852292,-0.12407168,-0.15189947,-0.154938,-0.15592873,-0.14014931,-0.15141064,-0.16303337,-0.15562044,-0.15371074,-0.15350822,-0.13420269,-0.12312036,-0.14637488,-0.19059199,-0.17774972,-0.21025829,-0.3990198,-0.20330527,-0.11351558,-0.1296617,-0.118828595,-0.14788324,-0.16636807,-0.18645601,-0.19192153,-0.13161376,-0.07690746,-0.1528579,-0.13974643,-0.14106366,-0.1175274,-0.19987361,-0.1649412,-0.1590986,-0.1420296,-0.12384486,-0.12722544,-0.14610182,-0.2588673,-0.10739303,-0.13074079,-0.09132757,-0.12832497,-0.1289461,-0.14975262,-0.15154998,-0.09641987,-0.08910369,-0.12427875,-0.11067294,-0.13786653,-0.15085647,-0.17036404,-0.1430889,-0.11621437,-0.1740058,-0.15203924,-0.14233956,-0.12612942,-0.14149183,-0.17466888,-0.13176009,-0.1321933,-0.1460086,-0.12322533,-0.08722703,-0.05825615,-0.14362451,-0.17082691,-0.026243303,-0.16667181,-0.2829064,-0.31316653,-0.19922137,-0.14577095,-0.14331596,-0.14862512,-0.12963767,-0.25088155,-0.19499604,-0.18869692,-0.09470771,-0.109379426,-0.10702289,-0.09390031,-0.12759323,-0.152715,-0.15746465,-0.16758853,-0.12812386,-0.0969081,-0.16398169,-0.14317472,-0.11335766,-0.18846886,-0.1706479,-0.15429777,-0.12603125,-0.115196005,-0.113043964,-0.11662802,-0.1756896,-0.1386635,-0.1345827,-0.096878245,-0.12156549,-0.09159283,-0.12434345,-0.13540587,-0.063823454,4.144394,2.2595398,-0.1338329,-0.24483351,-0.2571875,-0.29957527,-0.14648852,-0.15709642,-0.13254401,-0.19104545,-0.0782174,-0.17284313,-0.1645067,-0.09859173,-0.11065883,-0.114126295,-0.076612435,-0.083404,-0.1213824,-0.13072303,-0.13855581,-0.19385117,-0.09956217,-0.1557484,-0.19487974,-0.19167824,-0.1873559,-0.111189835,-0.1432313,-0.1028603,-0.15907586,-0.19496249,-0.17264333,-0.16930246,-0.1430126,-0.14283693,-0.10237795,-0.15335153,-0.16190732,-0.18144166,-0.1960604,-0.12118062,-0.1473116,-0.11366594,-0.080002144,-0.14335065,-0.20725825,-0.16099004,-0.125103,-0.15657571,-0.15690626,-0.14389534,-0.19202894,-0.16271354,-0.18181022,4.8045154,-0.20071258,-0.18194589,-0.17226782,-0.19403867,-0.15815039,-0.14054683,-0.130445,-0.12557748,-0.13836952,-0.1634713,-0.30584824,-0.16754706,-0.18152487,-0.19326983,-0.11441202,-0.15036249,-0.14065866,-0.17822562,-0.16737586,-0.16439798,-0.14331086,-0.18237996,-0.12870242,-0.1536307,-0.13841976,-0.24156228,-0.1798226,-0.103367805,-0.13547984,-0.14208032,-0.17453419,-0.11037229,-0.13469085,-0.15200202,-0.16020286,-0.18262386,-0.1541056,-0.14925581,-0.19184028,-0.17577656,-0.16395286,-0.14723541,-0.14623587,-0.11499533,-0.10471026,-0.13488933,-0.20148799,-0.17702144,-0.12513243,-0.16600823,-0.18041904,-0.18738703,-0.11705899,-0.17603165,-0.2620889,-0.092778735,-0.09232023,-0.11495427,-0.13611808,-0.14829358,-0.09870637,-0.18900809
k__Bacteria|p__Firmicutes|c__Bacilli|o__Bacillales|f__Staphylococcaceae|g__Staphylococcus|s__Staphylococcus_haemolyticus,-0.1004395,-0.12316422,-0.14151989,-0.20428483,-0.16700469,-0.1939244,-0.1666669,-0.14538723,-0.1247049,-0.18372965,-0.18285754,-0.23083544,-0.16925082,-0.20711234,-0.10345933,-0.0999532,-0.058144663,-0.09991304,-0.10785727,-0.17098494,-0.1978925,-0.12536043,-0.13639584,-0.15269756,-0.17199278,-0.11658599,-0.16706365,-0.17437042,-0.1509206,-0.12124001,-0.13506067,-0.105781734,-0.14827071,-0.19639498,-0.1895368,-0.2175087,-0.16116329,-0.22338755,-0.19800219,-0.29867563,-0.29210672,-0.19897524,-0.10761229,-0.09162698,-0.13691942,-0.15492721,-0.23188588,-0.19376162,-0.14679688,-0.2026537,-0.18361425,-0.18279888,-0.19797325,-0.1995891,-0.20538709,-0.1582869,-0.12599298,-0.14415176,-0.0924359,-0.09593582,-0.17145467,-0.14268802,-0.13743341,-0.14718628,-0.12719077,-0.15125963,-0.2613474,-0.22333384,-0.18919508,-0.20047067,-0.14616066,-0.14948443,-0.13101536,-0.14296272,-0.15138423,-0.16466844,-0.14721455,-0.16278498,-0.15945016,-0.14998752,-0.1472,-0.15717101,-0.15332744,-0.22480208,-0.120334074,-0.14159,-0.11838194,-0.16131361,-0.17452437,-0.1556736,-0.16828758,-0.11139822,-0.1388583,-0.13027036,-0.12872392,-0.15152657,-0.14206374,-0.11569238,-0.10065024,-0.09047648,-0.10568288,-0.120866254,-0.13518277,-0.15027548,-0.16058068,-0.1185138,-0.11129953,-0.1578567,-0.17738779,-0.1345439,-0.16398421,-0.25953975,-0.14880869,-0.13253376,-0.14178988,-0.15095688,-0.17780018,-0.1636487,-0.22917573,-0.09015879,-0.10986973,-0.13482256,-0.12992626,-0.13997786,-0.17365235,-0.13908121,-0.16057305,-0.12777606,-0.07092635,-0.03704006,-0.13691705,-0.16217862,-0.1791327,-0.14332479,-0.12334781,-0.13564804,-0.12023825,-0.13841313,-0.25318068,-0.26654312,-0.0836125,-0.10945694,-0.14486527,-0.09238048,-0.18742053,-0.19026145,-0.15258366,-0.09036796,-0.13230102,-0.14949675,-0.15038407,-0.15922293,-0.1707096,-0.18437622,-0.08792055,-0.12424126,-0.1418281,-0.10256614,-0.17951453,-0.19495486,-0.19201145,-0.100252524,-0.13113372,-0.0802086,-0.1279485,-0.19006202,-0.19372268,-0.19198644,-0.12385795,-0.07556847,-0.09750299,-0.11869155,-0.13655728,-0.12406494,-0.121451,-0.09485919,-0.09682811,-0.108590074,-0.082459606,-0.11299318,-0.13223495,-0.16746414,-0.1410757,-0.13619877,-0.18093297,-0.17825818,-0.19460411,-0.14480625,-0.15549555,-0.13587663,-0.119081676,-0.14001076,-0.19117098,-0.19159119,-0.18155235,-0.19755594,-0.25103784,-0.20219928,-0.18958497,-0.1909057,-0.18249571,-0.17369007,-0.27554205,-0.08916744,-0.11956477,-0.12732852,-0.15751183,-0.20931396,-0.18224281,-0.29657933,-0.32474133,-0.15017685,0.98558813,-0.17325558,-0.17108874,-0.2185038,-0.17647925,-0.114121355,-0.13966502,-0.15388772,-0.15788373,-0.22984435,-0.18186735,-0.2591428,-0.10457601,-0.12455491,-0.13839407,-0.124175936,-0.15189947,-0.15525436,-0.15663993,-0.14014931,-0.15141064,-0.16352972,-0.15534154,-0.15376921,-0.15319675,-0.13405561,-0.12305817,-0.14615837,-0.19057554,-0.17702353,-0.21025829,-0.3990198,-0.20204732,-0.11359546,-0.1296617,-0.11890835,-0.14787787,-0.16636807,-0.18695036,-0.19188982,-0.13148369,-0.07683374,-0.15346442,-0.13973737,-0.14106366,-0.11803662,-0.19987361,-0.1649412,-0.15839921,-0.14161894,-0.1236182,-0.12722544,-0.14610182,-0.2588673,-0.10737586,-0.13074079,-0.09132757,-0.12832497,-0.12922485,-0.1495088,-0.15213645,-0.09654949,-0.08910369,-0.12444952,-0.110533714,-0.1378503,-0.15066753,-0.17082317,-0.14308633,-0.116056666,-0.17404464,-0.15171878,-0.14244244,-0.1254212,-0.14232183,-0.17466888,-0.13176009,-0.1323717,-0.14595678,-0.12323567,-0.08722703,-0.05825615,-0.14358485,-0.17082691,-0.026243303,-0.16660827,-0.2829064,-0.31316653,-0.1982722,-0.14589114,-0.14331596,-0.14862512,-0.12963767,-0.25088155,-0.19447848,-0.18907517,-0.09460203,-0.10966397,-0.10702289,-0.09448163,-0.12759323,-0.15271169,-0.15746465,-0.16748092,-0.12812386,-0.0969081,-0.16398169,-0.14395788,-0.11335766,-0.18846886,-0.1706479,-0.15407449,-0.12605622,-0.115196005,-0.11330189,-0.11662802,-0.17633662,-0.13875936,-0.13484043,-0.096878245,-0.12136018,-0.09185593,-0.12434345,-0.13574924,-0.063823454,-0.13877153,-0.11419349,-0.13378432,-0.24483351,-0.2571875,-0.29957527,-0.14650819,-0.15698057,-0.13240641,-0.19104545,-0.0782174,-0.17276591,-0.16453296,-0.09859173,-0.11065883,-0.11459487,-0.076612435,-0.083404,-0.1213824,-0.13072303,-0.13855581,-0.19385117,-0.09960599,-0.1558603,-0.19487974,-0.1910471,-0.18724558,-0.11131793,-0.14291894,-0.10324877,-0.15991297,-0.19456913,-0.17357963,-0.16907907,-0.14293802,-0.14287421,-0.10168673,-0.15323412,-0.16163413,-0.18080877,-0.19546473,-0.12140796,-0.14765117,-0.11373586,-0.08007859,-0.14322582,-0.20725825,-0.16102695,-0.125103,-0.15657571,-0.15690626,-0.14365658,-0.19202894,-0.16259538,-0.18233827,-0.2963242,-0.19781281,-0.18071836,-0.17117906,-0.19285539,-0.15735805,-0.14054683,-0.13047472,-0.12557748,-0.13838676,-0.16339436,-0.30584824,-0.16637728,-0.18156113,-0.19278231,-0.11441202,-0.15056247,-0.14051978,-0.17805701,-0.16708495,-0.16487564,-0.14331086,-0.18237996,-0.12835583,-0.15342042,-0.13774587,-0.24156228,-0.179165,-0.10339507,-0.13502996,-0.1422085,-0.1749229,-0.110204704,-0.13443056,-0.15266213,-0.16045013,-0.1815782,-0.1546463,-0.14948028,-0.19184028,-0.1754227,-0.1645498,-0.14723541,-0.14623587,-0.11499533,-0.10471026,-0.13501695,-0.20148799,-0.17741522,-0.12513243,-0.16545859,-0.18041904,-0.18738703,-0.11705899,-0.1773503,-0.26043713,-0.092771225,-0.09239181,-0.11477624,-0.13621452,-0.14824453,-0.09844138,-0.18938556
k__Bacteria|p__Firmicutes|c__Clostridia|o__Eubacteriales|f__Lachnospiraceae|g__Anaerobutyricum|s__Anaerobutyricum_hallii,-0.1004395,-0.12316422,-0.14092125,-0.20428483,-0.1667023,-0.19353384,-0.1666669,-0.1453096,-0.124581136,-0.1839996,-0.18241054,-0.22292155,-0.16878028,-0.20373398,-0.10288471,-0.09889626,-0.058144663,-0.099845305,-0.10749815,-0.17098616,-0.1978925,-0.12536043,-0.13653573,-0.1528871,-0.17156108,-0.11658599,-0.16732493,-0.17443688,-0.1509206,-0.12124001,-0.135148,-0.10510011,-0.14828733,-0.1953797,-0.1892979,-0.2175087,-0.16075607,-0.22338755,-0.19676319,-0.29867563,-0.29210672,-0.1979188,-0.10722327,-0.09162698,-0.13691942,-0.1546981,-0.23188588,-0.19340119,-0.14670086,-0.2026537,-0.18347067,-0.18279888,-0.19677718,-0.19783312,-0.20247878,-0.15855,-0.12576807,-0.14395964,-0.09242825,-0.09555611,-0.17161223,-0.14276335,-0.13743341,-0.14704223,-0.12719077,-0.15121023,-0.2613474,-0.22333384,-0.18884522,-0.20047067,-0.14610976,-0.14941561,-0.13066927,-0.14270636,-0.15153258,-0.16471352,-0.14739479,-0.16278498,-0.15910648,-0.14998752,-0.14736003,-0.15688917,-0.15340263,-0.22480208,-0.120334074,-0.14152512,-0.1181488,-0.16149853,-0.17451704,-0.15532425,-0.16840681,-0.11139822,-0.1388583,-0.13027036,-0.12882206,-0.15152657,-0.14248697,-0.11562338,-0.10065024,-0.09005964,-0.10540941,-0.12058586,-0.13507825,-0.15027548,-0.16070211,-0.1185138,-0.11129953,-0.1578567,-0.17738779,-0.13411944,-0.16346729,-0.25953975,-0.14869419,-0.13226897,-0.14135009,-0.15095688,-0.17780018,-0.16314797,-0.22917573,-0.09015879,-0.10996796,-0.1346713,-0.12962991,-0.13997786,-0.17339775,-0.13908121,-0.16057305,-0.12777606,-0.07092635,-0.03704006,-0.13679332,-0.16230644,-0.17913988,-0.14332479,-0.12334781,-0.13559912,-0.12023825,-0.13835496,-0.25318068,-0.26654312,-0.08334772,-0.10945694,-0.14489597,-0.09238048,-0.18754585,-0.18982239,-0.15234569,-0.09009753,-0.13230102,-0.14946254,-0.1501803,-0.15903348,-0.17055362,-0.18451655,-0.087454155,-0.12388511,-0.14137253,-0.10256614,-0.17951453,-0.19495486,-0.19156133,-0.10003574,-0.13113372,-0.079227224,-0.12765115,-0.19006202,-0.19325326,-0.19159633,-0.123887315,-0.07507348,-0.09706321,-0.11819862,-0.13643655,-0.12406494,-0.121451,-0.0943659,-0.09625172,-0.10826795,-0.082459606,-0.11265139,-0.13224101,-0.16752051,-0.1410757,-0.13607353,-0.18093297,-0.17825818,-0.19380939,-0.1445226,-0.15549555,-0.13565315,-0.119081676,-0.14001076,-0.19117098,-0.19071509,-0.18116185,-0.19755594,-0.25103784,-0.20219928,-0.18980554,-0.1905845,-0.18224852,-0.17331491,-0.27554205,-0.08916744,-0.11956477,-0.1273775,-0.15751183,-0.20931396,-0.18224281,-0.29657933,-0.32474133,-0.14996529,-0.3242122,-0.17325558,-0.17108874,-0.2185038,-0.17647925,-0.114121355,-0.1395007,-0.15388772,-0.15788373,-0.22984435,-0.18186735,-0.2536829,-0.104243234,-0.12455491,-0.13842477,-0.12416433,-0.15189947,-0.15538043,-0.1568114,-0.14014931,-0.15141064,-0.16372047,-0.15524578,-0.1537678,-0.15286237,-0.13366473,-0.12306048,-0.14629784,-0.19071484,-0.17674795,-0.21025829,-0.3990198,-0.2004751,-0.11334039,-0.1296617,-0.11852753,-0.14793648,-0.16636807,-0.18709299,-0.1915738,-0.13139647,-0.07646321,-0.15348828,-0.13965404,-0.14106366,-0.11838743,-0.19987361,-0.1649412,-0.15827765,-0.1411998,-0.123331636,-0.12722544,-0.14610182,-0.2588673,-0.10705295,-0.13074079,-0.09132757,-0.12832497,-0.12940326,-0.14963634,-0.15230128,-0.09622899,-0.08910369,-0.12428467,-0.11024037,-0.13774157,-0.15067047,-0.17066485,-0.1430107,-0.1162324,-0.17397723,-0.15169507,-0.14248809,-0.12495087,-0.14261201,-0.17466888,-0.13176009,-0.13234022,-0.14577827,-0.12286413,-0.08722703,-0.05825615,-0.14345938,-0.17082691,-0.026243303,-0.16582626,-0.2829064,-0.31316653,-0.19717234,-0.14582296,-0.14331596,-0.14862512,-0.12963767,-0.25088155,-0.19366793,-0.18892671,-0.09447181,-0.10941996,-0.10702289,-0.09411827,-0.12759323,-0.15277159,-0.15746465,-0.1671843,-0.12812386,-0.0969081,-0.16398169,-0.14417116,-0.11335766,-0.18846886,-0.1706479,-0.15391749,-0.12588239,-0.115196005,-0.113000475,-0.11662802,-0.17640156,-0.13863394,-0.1345524,-0.096878245,-0.12083233,-0.091695726,-0.12434345,-0.13611017,-0.063823454,-0.13877153,-0.11419349,-0.13366385,-0.24483351,-0.2571875,-0.29957527,-0.14626199,-0.15683836,-0.13217553,-0.19104545,-0.0782174,-0.17241839,-0.1644322,-0.09859173,-0.11065883,-0.11491144,-0.076612435,-0.083404,-0.1213824,-0.13072303,-0.13855581,-0.19385117,-0.09913322,-0.15569712,-0.19487974,-0.19080031,-0.18687916,-0.111211315,-0.1428179,-0.103201956,-0.16005382,-0.19393566,-0.17354172,-0.16877963,-0.14278252,-0.14255626,-0.10116717,-0.15314728,-0.1614543,-0.18056488,-0.19466266,-0.12132316,-0.14757857,-0.113636926,-0.07992908,-0.14287576,-0.20725825,-0.16093417,-0.125103,-0.15657571,-0.15690626,-0.1433652,-0.19202894,-0.16256043,-0.18251632,-0.2963242,-0.19567057,-0.18028237,-0.17081316,-0.19225746,-0.1569109,-0.14054683,-0.13028175,-0.12557748,-0.13812733,-0.16293755,-0.30584824,-0.16637787,-0.18137738,-0.19245207,-0.11441202,-0.1506404,-0.14035735,-0.1779717,-0.16690826,-0.1648328,-0.14331086,-0.18237996,-0.1280267,-0.15327834,-0.13704541,-0.24156228,-0.17887892,-0.10314691,-0.13490732,-0.14218125,-0.17481631,-0.110061385,-0.13435684,-0.15289167,-0.16021684,-0.18133113,-0.15464473,-0.14925998,-0.19184028,-0.17523883,-0.16479285,-0.14723541,-0.14623587,-0.11499533,-0.10471026,-0.13493964,-0.20148799,-0.17745472,-0.12513243,-0.1651776,-0.18041904,-0.18738703,-0.11705899,-0.1776771,-0.25777072,-0.09230611,-0.09213559,-0.11446798,-0.13602069,-0.14795849,-0.09813838,-0.18929546
k__Bacteria|p__Firmicutes|c__Clostridia|o__Eubacteriales|f__Lachnospiraceae|g__Dorea|s__Dorea_phocaeensis,-0.1004395,-0.12316422,-0.14138453,-0.20428483,-0.16637899,-0.19330388,-0.1666669,-0.14484757,-0.12459858,-0.18353358,-0.18256871,-0.22576371,-0.16869023,-0.20523934,-0.102933854,-0.09902143,-0.058144663,-0.099404186,-0.10720055,-0.17060028,-0.1978925,-0.12536043,-0.13589561,-0.15194336,-0.17120229,-0.11658599,-0.16705048,-0.17373122,-0.1509206,-0.12124001,-0.13474774,-0.10541797,-0.14789131,-0.1958477,-0.18908325,-0.2175087,-0.16011383,-0.22338755,-0.19685194,-0.29867563,-0.29210672,-0.19833171,-0.10707255,-0.09162698,-0.13691942,-0.15461908,-0.23188588,-0.19356352,-0.14634591,-0.2026537,-0.18340662,-0.18279888,-0.19698381,-0.19778699,-0.20355846,-0.15782958,-0.12543769,-0.14356968,-0.0917678,-0.095294476,-0.17102768,-0.14203694,-0.13743341,-0.14660648,-0.12719077,-0.15100938,-0.2613474,-0.22333384,-0.18846399,-0.20047067,-0.14549685,-0.14889807,-0.13038164,-0.14239976,-0.15063362,-0.16382048,-0.14639676,-0.16278498,-0.15886787,-0.14998752,-0.14667866,-0.15668747,-0.15290523,-0.22480208,-0.120334074,-0.14112669,-0.117904976,-0.16084406,-0.17379928,-0.15506902,-0.16780435,-0.11139822,-0.1388583,-0.13027036,-0.12841673,-0.15152657,-0.14217937,-0.11519401,-0.10065024,-0.090155914,-0.105325714,-0.12036864,-0.13476224,-0.15027548,-0.16009405,-0.1185138,-0.11129953,-0.1578567,-0.17738779,-0.13326217,-0.16336356,-0.25953975,-0.14833231,-0.13214864,-0.14127517,-0.15095688,-0.17780018,-0.16334412,-0.22917573,-0.09015879,-0.10958497,-0.13436113,-0.1293239,-0.13997786,-0.17336234,-0.13908121,-0.16057305,-0.12777606,-0.07092635,-0.03704006,-0.13692689,-0.16186777,-0.17854548,-0.14332479,-0.12334781,-0.13546503,-0.12023825,-0.13786012,-0.25318068,-0.26654312,-0.08316706,-0.10945694,-0.1442753,-0.09238048,-0.18750618,-0.19000827,-0.1525624,-0.0899598,-0.13230102,-0.14914683,-0.14995879,-0.15863153,-0.17023896,-0.18366107,-0.08750427,-0.1235708,-0.14071624,-0.10256614,-0.17951453,-0.19495486,-0.19109598,-0.09985887,-0.13113372,-0.079367384,-0.12765017,-0.19006202,-0.1931566,-0.19142318,-0.12313527,-0.07508074,-0.09698536,-0.11823733,-0.1362418,-0.12406494,-0.121451,-0.09421157,-0.096443385,-0.10826883,-0.082459606,-0.11277777,-0.13215202,-0.16699323,-0.1410757,-0.13589433,-0.18093297,-0.17825818,-0.19396439,-0.1444891,-0.15549555,-0.13518107,-0.119081676,-0.14001076,-0.19117098,-0.19092613,-0.18089718,-0.19755594,-0.25103784,-0.20219928,-0.18963939,-0.19070522,-0.18224935,-0.17352334,-0.27554205,-0.08916744,-0.11956477,-0.12746096,-0.15751183,-0.20931396,-0.18224281,-0.29657933,-0.32474133,-0.15162848,-0.3242122,-0.17325558,-0.17108874,-0.2185038,-0.17647925,-0.114121355,-0.13944414,-0.15388772,-0.15788373,-0.22984435,-0.18186735,-0.25736764,-0.10403803,-0.12455491,-0.13819018,-0.12388216,-0.15189947,-0.15489882,-0.15605447,-0.14014931,-0.15141064,-0.1628269,-0.15478134,-0.15316929,-0.15267415,-0.13366002,-0.122594185,-0.14587632,-0.1898912,-0.17668848,-0.21025829,-0.3990198,-0.20324115,-0.11321083,-0.1296617,-0.118492275,-0.14755377,-0.16636807,-0.18650198,-0.19141184,-0.13104746,-0.07644645,-0.1529575,-0.13940562,-0.14106366,-0.117587075,-0.19987361,-0.1649412,-0.1580703,-0.14107198,-0.12322057,-0.12722544,-0.14610182,-0.2588673,-0.10691981,-0.13074079,-0.09132757,-0.12832497,-0.12882173,-0.14931896,-0.1515865,-0.09601328,-0.08910369,-0.12404497,-0.11020764,-0.13748768,-0.1504421,-0.17012924,-0.1426121,-0.11587235,-0.17363657,-0.15151708,-0.14195749,-0.12508875,-0.14176995,-0.17466888,-0.13176009,-0.13188474,-0.14549452,-0.1227183,-0.08722703,-0.05825615,-0.14320302,-0.17082691,-0.026243303,-0.16631392,-0.2829064,-0.31316653,-0.19842553,-0.14531842,-0.14331596,-0.14862512,-0.12963767,-0.25088155,-0.19373193,-0.18835175,-0.09421136,-0.109090194,-0.10702289,-0.09368133,-0.12759323,-0.15258342,-0.15746465,-0.16684155,-0.12812386,-0.0969081,-0.16398169,-0.14336231,-0.11335766,-0.18846886,-0.1706479,-0.15336843,-0.12541509,-0.115196005,-0.112576395,-0.11662802,-0.17596386,-0.13818987,-0.13419983,-0.096878245,-0.12093027,-0.09149343,-0.12434345,-0.1354446,-0.063823454,-0.13877153,-0.11419349,-0.13337483,-0.24483351,-0.2571875,-0.29957527,-0.14588252,-0.15638989,-0.13194555,-0.19104545,-0.0782174,-0.17227136,-0.16390556,-0.09859173,-0.11065883,-0.1142546,-0.076612435,-0.083404,-0.1213824,-0.13072303,-0.13855581,-0.19385117,-0.09868787,-0.15530547,-0.19487974,-0.19073774,-0.186638,-0.11092532,-0.14259255,-0.102843836,-0.15916437,-0.19390619,-0.17271756,-0.16863874,-0.14248632,-0.14226557,-0.10125849,-0.15292314,-0.16124824,-0.18056418,-0.19499877,-0.120967805,-0.14721894,-0.11347295,-0.07971917,-0.14262196,-0.20725825,-0.16046152,-0.125103,-0.15657571,-0.15690626,-0.1432591,-0.19202894,-0.16212137,-0.18170598,-0.2963242,-0.19777507,-0.18076885,-0.17141196,-0.19271292,-0.15717737,-0.14054683,-0.12998843,-0.12557748,-0.13803299,-0.16239165,-0.30584824,-0.16618752,-0.18090782,-0.1924465,-0.11441202,-0.15026581,-0.14025229,-0.17760845,-0.16657321,-0.16426417,-0.14331086,-0.18237996,-0.1278522,-0.15268227,-0.13690458,-0.24156228,-0.17918664,-0.102871515,-0.13473208,-0.14171231,-0.1742985,-0.10981956,-0.1342027,-0.15209734,-0.15973613,-0.18141066,-0.15387487,-0.14884607,-0.19184028,-0.1749413,-0.1638879,-0.14723541,-0.14623587,-0.11499533,-0.10471026,-0.13471536,-0.20148799,-0.17673472,-0.12513243,-0.1651341,-0.18041904,-0.18738703,-0.11705899,-0.17638731,-0.2601831,-0.09230288,-0.09195319,-0.11443217,-0.1358017,-0.14766476,-0.098076105,-0.18890186
k__Bacteria|p__Firmicutes|c__Clostridia|o__Eubacteriales|f__Oscillospiraceae|g__Neobittarella|s__Neobittarella_massiliensis,-0.1004395,-0.12316422,-0.14190382,-0.20428483,-0.16738385,-0.19380373,-0.1666669,-0.14564049,-0.12558275,-0.18402058,-0.18333633,-0.22368185,-0.16885972,-0.20405075,-0.10377492,-0.09955011,-0.058144663,-0.10024913,-0.108170554,-0.17140926,-0.1978925,-0.12536043,-0.13683483,-0.15301338,-0.17184779,-0.11658599,-0.16792512,-0.17465079,-0.1509206,-0.12124001,-0.13583198,-0.10621588,-0.14892605,-0.19593017,-0.18976848,-0.2175087,-0.1613122,-0.22338755,-0.19736013,-0.29867563,-0.29210672,-0.19865152,-0.107870236,-0.09162698,-0.13691942,-0.15530355,-0.23188588,-0.19384472,-0.14729887,-0.2026537,-0.18425323,-0.18279888,-0.1973728,-0.19816303,-0.20323732,-0.15800053,-0.12636387,-0.1443681,-0.09290518,-0.0961853,-0.17187616,-0.14301984,-0.13743341,-0.1474787,-0.12719077,-0.15161288,-0.2613474,-0.22333384,-0.18925497,-0.20047067,-0.14633924,-0.14979446,-0.13133141,-0.1431477,-0.15145767,-0.1646707,-0.14754066,-0.16278498,-0.15956023,-0.14998752,-0.14780648,-0.15742373,-0.15380615,-0.22480208,-0.120334074,-0.14201118,-0.11880151,-0.16160536,-0.17467631,-0.15596168,-0.16876791,-0.11139822,-0.1388583,-0.13027036,-0.12936689,-0.15152657,-0.14331084,-0.11609365,-0.10065024,-0.091028854,-0.10609036,-0.121151,-0.13561803,-0.15027548,-0.1610929,-0.1185138,-0.11129953,-0.1578567,-0.17738779,-0.13395444,-0.16447768,-0.25953975,-0.1491684,-0.13311696,-0.1419701,-0.15095688,-0.17780018,-0.16391283,-0.22917573,-0.09015879,-0.11065301,-0.13533276,-0.13016796,-0.13997786,-0.17407595,-0.13908121,-0.16057305,-0.12777606,-0.07092635,-0.03704006,-0.13755187,-0.16285025,-0.17936118,-0.14332479,-0.12334781,-0.13627946,-0.12023825,-0.13889842,-0.25318068,-0.26654312,-0.08414157,-0.10945694,-0.14526236,-0.09238048,-0.1880832,-0.19062898,-0.1532902,-0.09088719,-0.13230102,-0.15004438,-0.15075503,-0.1593954,-0.17103618,-0.18452147,-0.088391334,-0.12422359,-0.14169571,-0.10256614,-0.17951453,-0.19495486,-0.19159386,-0.10078947,-0.13113372,-0.080075346,-0.12844104,-0.19006202,-0.19374032,-0.19202325,-0.12418098,-0.07594793,-0.09768723,-0.11896268,-0.13707839,-0.12406494,-0.121451,-0.095043406,-0.09712375,-0.109112695,-0.082459606,-0.11335759,-0.13294718,-0.16775696,-0.1410757,-0.13682272,-0.18093297,-0.17825818,-0.19429523,-0.14533432,-0.15549555,-0.13609928,-0.119081676,-0.14001076,-0.19117098,-0.19121227,-0.18167529,-0.19755594,-0.25103784,-0.20219928,-0.19053438,-0.19138698,-0.18285088,-0.17425509,-0.27554205,-0.08916744,-0.11956477,-0.12850112,-0.15751183,-0.20931396,-0.18224281,-0.29657933,-0.32474133,-0.15175056,-0.3242122,-0.17325558,-0.17108874,-0.2185038,-0.17647925,-0.114121355,-0.14030856,-0.15388772,-0.15788373,-0.22984435,-0.18186735,-0.25538075,-0.10496303,-0.12455491,-0.1390959,-0.12486826,-0.15189947,-0.1557019,-0.15706995,-0.14014931,-0.15141064,-0.16385481,-0.15573904,-0.15412343,-0.15359712,-0.13440523,-0.12370141,-0.1468952,-0.19075726,-0.17758743,-0.21025829,-0.3990198,-0.20154843,-0.11399744,-0.1296617,-0.11906394,-0.14854649,-0.16636807,-0.18717897,-0.19213805,-0.13215464,-0.07734406,-0.15384552,-0.14041767,-0.14106366,-0.11885659,-0.19987361,-0.1649412,-0.15903482,-0.14196876,-0.124075204,-0.12722544,-0.14610182,-0.2588673,-0.10785499,-0.13074079,-0.09132757,-0.12832497,-0.12988327,-0.15040171,-0.15251902,-0.096916646,-0.08910369,-0.12494016,-0.11114068,-0.13831955,-0.15142041,-0.17090523,-0.1435747,-0.1170465,-0.1742565,-0.15246455,-0.14288232,-0.12583701,-0.14266953,-0.17466888,-0.13176009,-0.13289079,-0.146235,-0.123512425,-0.08722703,-0.05825615,-0.14403066,-0.17082691,-0.026243303,-0.16681245,-0.2829064,2.1642516,-0.19804513,-0.14622524,-0.14331596,-0.14862512,-0.12963767,-0.25088155,-0.19399665,-0.1891449,-0.095373064,-0.10986654,-0.10702289,-0.094493516,-0.12759323,-0.15346658,-0.15746465,-0.1674222,-0.12812386,-0.0969081,-0.16398169,-0.14440808,-0.11335766,-0.18846886,-0.1706479,-0.15436077,-0.12633198,-0.115196005,-0.113517284,-0.11662802,-0.17652571,-0.13911474,-0.13499129,-0.096878245,-0.12151916,-0.092424646,-0.12434345,-0.13651547,-0.063823454,-0.13877153,-0.11419349,-0.13434981,-0.24483351,-0.2571875,-0.29957527,-0.1467162,-0.15715334,-0.13286532,-0.19104545,-0.0782174,-0.17280969,-0.16477472,-0.09859173,-0.11065883,-0.11542844,-0.076612435,-0.083404,-0.1213824,-0.13072303,-0.13855581,-0.19385117,-0.099598035,-0.15623215,-0.19487974,-0.19154125,-0.1873217,-0.11196993,-0.14332905,-0.10374743,-0.16001645,-0.1943577,-0.17343792,-0.16964944,-0.14337255,-0.14297043,-0.102227256,-0.15376607,-0.16186681,-0.18130498,-0.19527274,-0.121900976,-0.14786363,-0.11441952,-0.08064774,-0.14364436,-0.20725825,-0.16147292,-0.125103,-0.15657571,-0.15690626,-0.14393225,-0.19202894,-0.16321026,-0.18268049,-0.2963242,-0.1975654,-0.18130665,-0.17188378,-0.19317004,-0.15783337,-0.14054683,-0.13099064,-0.12557748,-0.13895756,-0.16374403,-0.30584824,-0.16725272,-0.18174186,-0.19301349,-0.11441202,-0.15120912,-0.14099059,-0.17840035,-0.16736312,-0.16507024,-0.14331086,-0.18237996,-0.1288972,-0.15362586,-0.1380134,-0.24156228,-0.17982578,-0.103836566,-0.13557296,-0.14255172,-0.17508072,-0.110872924,-0.1351387,-0.1530081,-0.16033249,-0.18208432,-0.15472098,-0.14975712,-0.19184028,-0.17589432,-0.16479014,-0.14723541,-0.14623587,-0.11499533,-0.10471026,-0.13561265,-0.20148799,-0.17774007,-0.12513243,-0.16564429,-0.18041904,-0.18738703,-0.11705899,-0.17711067,-0.25931066,-0.093129635,-0.09282318,-0.11532827,-0.1365467,-0.14848098,-0.099092714,-0.1895444
k__Bacteria|p__Firmicutes|c__Clostridia|o__Eubacteriales|f__Oscillospiraceae|g__Ruminococcus|s__Ruminococcus_sp_AF13_28,-0.1004395,-0.12316422,-0.14176369,-0.20428483,-0.1667647,-0.193338,-0.1666669,-0.14479356,-0.1252422,-0.18306175,-0.18351886,-0.21820793,-0.17049359,-0.20300624,-0.10309769,-0.09904663,-0.058144663,-0.09922742,-0.10770332,-0.170584,-0.1978925,-0.12536043,-0.13599956,-0.15172532,-0.17100862,-0.11658599,-0.16752353,-0.17338283,-0.1509206,-0.12124001,-0.13523856,-0.105827734,-0.14838871,-0.19520958,-0.18891299,-0.2175087,-0.16071916,-0.22338755,-0.1967304,-0.29867563,-0.29210672,-0.19764721,-0.10723211,-0.09162698,-0.13691942,-0.15504837,-0.23188588,-0.1937347,-0.1465516,-0.2026537,-0.18393257,-0.18279888,-0.19578037,-0.19667594,-0.20015565,-0.1577315,-0.125502,-0.14362277,-0.09189105,-0.095370665,-0.17103517,-0.14192423,-0.13743341,-0.14678699,-0.12719077,-0.15171926,-0.2613474,-0.22333384,-0.18842277,-0.20047067,-0.14524779,-0.14897108,-0.1304363,-0.14229998,-0.14997223,-0.16311128,-0.14629872,-0.16278498,-0.15934499,-0.14998752,-0.14693527,-0.15699436,-0.15297559,-0.22480208,-0.120334074,-0.14146714,-0.11815615,-0.16057557,-0.17354727,-0.15546344,-0.16780713,-0.11139822,-0.1388583,-0.13027036,-0.12854025,-0.15152657,-0.1428161,-0.11519478,-0.10065024,-0.0904998,-0.105474114,-0.120372504,-0.13499713,-0.15027548,-0.16015881,-0.1185138,-0.11129953,-0.1578567,-0.17738779,-0.13274556,-0.16352783,-0.25953975,-0.14868666,-0.13271926,-0.14131413,-0.15095688,-0.17780018,-0.164031,-0.22917573,-0.09015879,-0.110276714,-0.13463235,-0.12932718,-0.13997786,-0.17379636,-0.13908121,-0.16057305,-0.12777606,-0.07092635,-0.03704006,-0.13743165,-0.16205242,-0.17847362,-0.14332479,-0.12334781,-0.13613765,-0.12023825,-0.13794553,-0.25318068,-0.26654312,-0.08348363,-0.10945694,-0.14421391,-0.09238048,-0.18806696,-0.18988548,-0.15320826,-0.09032692,-0.13230102,-0.14959303,-0.15013415,-0.15855888,-0.1702169,-0.18313351,-0.0879648,-0.12334649,-0.14079382,-0.10256614,-0.17951453,-0.19495486,-0.19045322,-0.09992249,-0.13113372,-0.078756005,-0.1279073,-0.19006202,-0.19277316,-0.191384,-0.12310803,-0.075400814,-0.09706451,-0.11844463,-0.13653788,-0.12406494,-0.121451,-0.09431966,-0.09687307,-0.10862651,-0.082459606,-0.11293797,-0.13251555,-0.16690534,-0.1410757,-0.13643244,-0.18093297,-0.17825818,-0.19388238,-0.14474282,-0.15549555,-0.1350799,-0.119081676,-0.14001076,-0.19117098,-0.19081853,-0.18092394,-0.19755594,-0.25103784,-0.20219928,-0.19045042,-0.19092879,-0.18247312,-0.17415854,-0.27554205,-0.08916744,-0.11956477,-0.12846568,-0.15751183,-0.20931396,-0.18224281,-0.29657933,-0.32474133,-0.15608959,-0.3242122,-0.17325558,-0.17108874,-0.2185038,-0.17647925,-0.114121355,-0.14003576,-0.15388772,-0.15788373,-0.22984435,-0.18186735,-0.25453866,-0.10426578,-0.12455491,-0.13851488,-0.124062955,-0.15189947,-0.15481302,-0.15586922,-0.14014931,-0.15141064,-0.16245572,-0.15505591,-0.1532048,-0.1530115,-0.13396952,-0.1229417,-0.14636463,-0.18948734,-0.17686965,-0.21025829,-0.3990198,-0.20364812,-0.11349949,-0.1296617,-0.1182688,-0.14780124,-0.16636807,-0.18623464,-0.19146885,-0.13176307,-0.07673979,-0.15277737,-0.13993278,-0.14106366,-0.11781913,-0.19987361,-0.1649412,-0.15892553,-0.14144424,-0.1234725,-0.12722544,-0.14610182,-0.2588673,-0.10733798,-0.13074079,-0.09132757,-0.12832497,-0.1288867,-0.14987615,-0.1514705,-0.096180305,-0.08910369,-0.12424141,-0.11060085,-0.13789463,-0.15082666,-0.16994631,-0.14272486,-0.11663865,-0.17370668,-0.15183473,-0.1421391,-0.12534869,-0.14178443,-0.17466888,-0.13176009,-0.1321965,-0.14555852,-0.12269431,-0.08722703,-0.05825615,-0.14342989,-0.17082691,-0.026243303,-0.1673536,-0.2829064,-0.31316653,-0.19840336,-0.1454856,-0.14331596,-0.14862512,-0.12963767,-0.25088155,-0.19319998,-0.18811932,-0.09466047,-0.10913353,-0.10702289,-0.09307684,-0.12759323,-0.15326409,-0.15746465,-0.16669849,-0.12812386,-0.0969081,-0.16398169,-0.14320809,-0.11335766,-0.18846886,-0.1706479,-0.15371028,-0.12541884,-0.115196005,-0.11260898,-0.11662802,-0.17599458,-0.13816074,-0.1341638,-0.096878245,-0.12096797,-0.09171361,-0.12434345,-0.13588636,-0.063823454,-0.13877153,-0.11419349,-0.13379782,-0.24483351,-0.2571875,-0.29957527,-0.14595346,-0.1564222,-0.13181332,-0.19104545,-0.0782174,-0.17221794,-0.16379347,-0.09859173,-0.11065883,-0.11466672,-0.076612435,-0.083404,-0.1213824,-0.13072303,-0.13855581,-0.19385117,-0.0985575,-0.15539323,-0.19487974,-0.1908905,-0.18647113,-0.11124245,-0.14308487,-0.10290133,-0.15858348,-0.19360021,-0.17203633,-0.16902223,-0.14272812,-0.14232016,-0.10190536,-0.15312086,-0.16134724,-0.1810056,-0.19476123,-0.12115109,-0.14713956,-0.114050224,-0.08004781,-0.14236909,-0.20725825,-0.16068858,-0.125103,-0.15657571,-0.15690626,-0.14374037,-0.19202894,-0.16243356,-0.18156102,-0.2963242,-0.1988864,-0.18099034,-0.17199421,-0.19297788,-0.15746881,-0.14054683,-0.13026297,-0.12557748,-0.13838159,-0.16322613,-0.30584824,-0.16661823,-0.18054415,-0.19266796,-0.11441202,-0.15042615,-0.14071223,-0.17778443,-0.16634502,-0.16438589,-0.14331086,-0.18237996,-0.1284225,-0.15312459,-0.13670062,-0.24156228,-0.18014038,-0.10306167,-0.13536696,-0.14147395,-0.17398962,-0.110473506,-0.13456449,-0.1517125,-0.1595604,-0.18181609,-0.15343389,-0.14862281,-0.19184028,-0.17523427,-0.16360119,-0.14723541,-0.14623587,-0.11499533,-0.10471026,-0.13502246,-0.20148799,-0.17672607,-0.12513243,-0.16644889,-0.18041904,-0.18738703,-0.11705899,-0.17546816,-0.2590494,-0.092542395,-0.092246935,-0.11489737,-0.1358354,-0.14768434,-0.098642536,-0.18866113
k__Bacteria|p__Firmicutes|c__Clostridia|o__Eubacteriales|f__Eubacteriales_Family_XIII_Incertae_Sedis|g__Mogibacterium|s__Mogibacterium_sp_NSJ_24,-0.1004395,-0.12316422,-0.1411823,-0.20428483,-0.16686773,-0.1938524,-0.1666669,-0.14528042,-0.124526694,-0.18379392,-0.18302065,-0.22452778,-0.16925144,-0.20464566,-0.10304365,-0.09893671,-0.058144663,-0.099868864,-0.107504815,-0.17110892,-0.1978925,-0.12536043,-0.13661528,-0.15288766,-0.17176332,-0.11658599,-0.16736673,-0.17446278,-0.1509206,-0.12124001,-0.13505542,-0.105231,-0.14823645,-0.19588342,-0.1894763,-0.2175087,-0.16080193,-0.22338755,-0.19693142,-0.29867563,-0.29210672,-0.19836138,-0.1072904,-0.09162698,-0.13691942,-0.15486693,-0.23188588,-0.19390948,-0.1467923,-0.2026537,-0.18361229,-0.18279888,-0.19696496,-0.19841135,-0.20339699,-0.15874386,-0.1258322,-0.14410037,-0.09236595,-0.09555496,-0.17169216,-0.14287032,-0.13743341,-0.14714718,-0.12719077,-0.1511811,-0.2613474,-0.22333384,-0.18908589,-0.20047067,-0.14620331,-0.14949796,-0.1306901,-0.14287126,-0.15169361,-0.16483563,-0.14727724,-0.16278498,-0.15926456,-0.14998752,-0.14730805,-0.15704273,-0.15351106,-0.22480208,-0.120334074,-0.14157592,-0.11821544,-0.16162767,-0.17462915,-0.15548185,-0.16838954,-0.11139822,-0.1388583,-0.13027036,-0.12883553,-0.15152657,-0.14250588,-0.11557716,-0.10065024,-0.09008008,-0.10549837,-0.120670244,-0.13518135,-0.15027548,-0.16068763,-0.1185138,-0.11129953,-0.1578567,-0.17738779,-0.13410075,-0.16337377,-0.25953975,-0.14874,-0.13229957,-0.14148654,-0.15095688,-0.17780018,-0.16350874,-0.22917573,-0.09015879,-0.10988358,-0.13469464,-0.12972413,-0.13997786,-0.173611,-0.13908121,-0.16057305,-0.12777606,-0.07092635,-0.03704006,-0.13699585,-0.16242267,-0.17922574,-0.14332479,-0.12334781,-0.1355967,-0.12023825,-0.13836943,-0.25318068,-0.26654312,-0.0833467,-0.10945694,-0.14490142,-0.09238048,-0.18773508,-0.19017266,-0.1525828,-0.090143636,-0.13230102,-0.14951716,-0.15030633,-0.15913942,-0.17073247,-0.18458639,-0.08755912,-0.123965666,-0.14129601,-0.10256614,-0.17951453,-0.19495486,-0.19183645,-0.10005617,-0.13113372,-0.07934381,-0.12777996,-0.19006202,-0.19360274,-0.19186157,-0.123880744,-0.075151786,-0.09710016,-0.11829104,-0.13651016,-0.12406494,-0.121451,-0.094458126,-0.09641017,-0.108306,-0.082459606,-0.11280055,-0.13241784,-0.16759917,-0.1410757,-0.13607496,-0.18093297,-0.17825818,-0.19423592,-0.14468594,-0.15549555,-0.13567477,-0.119081676,-0.14001076,-0.19117098,-0.19112617,-0.1812647,-0.19755594,-0.25103784,-0.20219928,-0.19006641,-0.1908066,-0.18245926,-0.1735177,-0.27554205,-0.08916744,-0.11956477,-0.12737042,-0.15751183,-0.20931396,-0.18224281,-0.29657933,-0.32474133,-0.15017495,-0.3242122,-0.17325558,-0.17108874,-0.2185038,-0.17647925,-0.114121355,-0.13955528,-0.15388772,-0.15788373,-0.22984435,-0.18186735,-0.25499102,-0.10430545,-0.12455491,-0.13844436,-0.12417265,-0.15189947,-0.15565555,-0.15685888,-0.14014931,-0.15141064,-0.16375116,-0.15534171,-0.15380433,-0.1529774,-0.13373092,-0.122981384,-0.1462236,-0.1906966,-0.17718354,-0.21025829,-0.3990198,-0.20144325,-0.11342488,-0.1296617,-0.11866376,-0.14796837,-0.16636807,-0.18723086,-0.19172683,-0.13136195,-0.07647907,-0.15349974,-0.13964514,-0.14106366,-0.1183422,-0.19987361,-0.1649412,-0.15836106,-0.1412772,-0.12342494,-0.12722544,-0.14610182,-0.2588673,-0.107100755,-0.13074079,-0.09132757,-0.12832497,-0.12937263,-0.14977786,-0.15232146,-0.096267246,-0.08910369,-0.12429963,-0.11032353,-0.13780048,-0.15077388,-0.17075834,-0.14307089,-0.116149485,-0.17410117,-0.1518504,-0.14255926,-0.12521105,-0.14259075,-0.17466888,-0.13176009,-0.1323022,-0.14594458,-0.12301573,-0.08722703,-0.05825615,-0.14360459,-0.17082691,-0.026243303,-0.1659618,-0.2829064,-0.31316653,-0.19781306,-0.14589068,-0.14331596,-0.14862512,-0.12963767,-0.25088155,-0.19422643,-0.18906379,-0.09451186,-0.10939396,-0.10702289,-0.09413557,-0.12759323,-0.1528363,-0.15746465,-0.16734067,-0.12812386,-0.0969081,-0.16398169,-0.14419104,-0.11335766,-0.18846886,-0.1706479,-0.1540016,-0.12592112,-0.115196005,-0.11296948,-0.11662802,-0.17650378,-0.13871942,-0.1346902,-0.096878245,-0.12101563,-0.09171031,-0.12434345,-0.1360314,-0.063823454,-0.13877153,-0.11419349,-0.13367349,-0.24483351,-0.2571875,-0.29957527,-0.14636573,-0.15692967,-0.13227013,-0.19104545,-0.0782174,-0.17261465,-0.16442758,-0.09859173,-0.11065883,-0.114841856,-0.076612435,-0.083404,-0.1213824,-0.13072303,-0.13855581,-0.19385117,-0.09928041,-0.1556909,-0.19487974,-0.19097047,-0.18703073,-0.111224316,-0.14296708,-0.10328885,-0.15998212,-0.19422558,-0.17361154,-0.16884042,-0.14290059,-0.14268419,-0.10119188,-0.15321393,-0.16159646,-0.18069234,-0.1950029,-0.121414915,-0.14771762,-0.113578275,-0.07980654,-0.14288196,-0.20725825,-0.1610153,-0.125103,-0.15657571,-0.15690626,-0.1434887,-0.19202894,-0.16264503,-0.18253371,-0.2963242,-0.19629717,-0.18039206,-0.17111036,-0.19263701,-0.15719908,-0.14054683,-0.13034022,-0.12557748,-0.1382556,-0.16262245,-0.30584824,-0.16648734,-0.18148938,-0.19264486,-0.11441202,-0.15069874,-0.14046866,-0.17808273,-0.16708729,-0.16486551,-0.14331086,-0.18237996,-0.12799412,-0.15318587,-0.13705651,-0.24156228,-0.17911695,-0.10314964,-0.13501209,-0.14227825,-0.17497793,-0.110077925,-0.13445996,-0.15287346,-0.16034961,-0.18153724,-0.15472284,-0.14942554,-0.19184028,-0.17549357,-0.16481853,-0.14723541,-0.14623587,-0.11499533,-0.10471026,-0.13496906,-0.20148799,-0.17757666,-0.12513243,-0.16512138,-0.18041904,-0.18738703,-0.11705899,-0.17764947,-0.25870508,-0.0924038,-0.0921462,-0.11451079,-0.13611452,-0.14807743,-0.098201126,-0.18940604
k__Bacteria|p__Firmicutes|c__Clostridia|o__Eubacteriales|f__Lachnospiraceae|g__Mediterraneibacter|s__Mediterraneibacter_SGB48424,-0.1004395,-0.12316422,-0.14228117,-0.20428483,-0.16746458,-0.19383547,-0.1666669,-0.14563993,-0.1252191,-0.18454814,-0.18346478,-0.23145726,-0.16927691,-0.20648044,-0.103338525,-0.09959368,-0.058144663,-0.100197,-0.10793507,-0.17148402,-0.1978925,-0.12536043,-0.13680482,-0.15287495,-0.17210087,-0.11658599,-0.16768298,-0.1746647,-0.1509206,-0.12124001,-0.13533354,-0.10595612,-0.14867261,-0.19690415,-0.18984851,-0.2175087,-0.16138518,-0.22338755,-0.19803172,-0.29867563,-0.29210672,-0.1990555,-0.10744019,-0.09162698,-0.13691942,-0.15558353,-0.23188588,-0.19430424,-0.14695945,-0.2026537,-0.18429884,-0.18279888,-0.19858779,-0.19992557,-0.20648444,-0.15851818,-0.12618637,-0.14426053,-0.092322975,-0.09600282,-0.17179823,-0.14276049,-0.13743341,-0.14738137,-0.12719077,-0.151365,-0.2613474,-0.22333384,-0.1894345,-0.20047067,-0.14628045,-0.1497047,-0.1311916,-0.14340222,-0.15157574,-0.16498709,-0.14710662,-0.16278498,-0.15960744,-0.14998752,-0.14761457,-0.15750805,-0.15373738,-0.22480208,-0.120334074,-0.14186177,-0.1188011,-0.161586,-0.17488769,-0.15599307,-0.16870368,-0.11139822,-0.1388583,-0.13027036,-0.12904792,-0.15152657,-0.14276432,-0.11595512,-0.10065024,-0.09080216,-0.10586446,-0.12097627,-0.13543049,-0.15027548,-0.16084346,-0.1185138,-0.11129953,-0.1578567,-0.17738779,-0.13398907,-0.16468431,-0.25953975,-0.14909786,-0.13290092,-0.14218837,-0.15095688,-0.17780018,-0.16395839,-0.22917573,-0.09015879,-0.11034794,-0.13512747,-0.1301844,-0.13997786,-0.17411831,-0.13908121,-0.16057305,-0.12777606,-0.07092635,-0.03704006,-0.1376093,-0.16258055,-0.17950402,-0.14332479,-0.12334781,-0.13574576,-0.12023825,-0.1387887,-0.25318068,-0.26654312,-0.08352167,-0.10945694,-0.14483657,-0.09238048,-0.18810642,-0.19110297,-0.15329683,-0.09039514,-0.13230102,-0.14996709,-0.1508448,-0.15958084,-0.1711902,-0.18430823,-0.087911665,-0.124295115,-0.14150503,-0.10256614,-0.17951453,-0.19495486,-0.19195849,-0.10046226,-0.13113372,-0.080260426,-0.12854794,-0.19006202,-0.1941626,-0.19222158,-0.12383875,-0.07527259,-0.09728394,-0.11898745,-0.13696219,-0.12406494,-0.121451,-0.094771564,-0.0968578,-0.10862191,-0.082459606,-0.11319101,-0.1326174,-0.16767392,-0.1410757,-0.13675877,-0.18093297,-0.17825818,-0.1947747,-0.14514232,-0.15549555,-0.13600807,-0.119081676,-0.14001076,-0.19117098,-0.19178851,-0.18189973,-0.19755594,-0.25103784,-0.20219928,-0.19022734,-0.19170284,-0.18311614,-0.17429635,-0.27554205,-0.08916744,-0.11956477,-0.12801242,-0.15751183,-0.20931396,-0.18224281,-0.29657933,-0.32474133,-0.15112166,-0.3242122,-0.17325558,-0.17108874,-0.2185038,-0.17647925,-0.114121355,-0.14017189,-0.15388772,-0.15788373,-0.22984435,-0.18186735,-0.25948417,-0.1046547,-0.12455491,-0.13887611,-0.124617785,-0.15189947,-0.15556158,-0.15679891,-0.14014931,-0.15141064,-0.16377851,-0.15573761,-0.15394156,-0.15352523,-0.13429071,-0.123399176,-0.14679606,-0.19105057,-0.17786932,-0.21025829,-0.3990198,-0.20311859,-0.11372238,-0.1296617,-0.119085744,-0.14854458,-0.16636807,-0.18716532,-0.19220051,-0.13178536,-0.07658589,-0.153698,-0.14002225,-0.14106366,-0.118819885,-0.19987361,-0.1649412,-0.15878728,-0.14175472,-0.12395029,-0.12722544,-0.14610182,-0.2588673,-0.10754962,-0.13074079,-0.09132757,-0.12832497,-0.12965441,-0.15012918,-0.15227714,-0.096503,-0.08910369,-0.12463104,-0.110832244,-0.13821048,-0.15120316,-0.17095292,-0.14336911,-0.116455704,-0.17438015,-0.15230829,-0.14280376,-0.12576899,-0.14263833,-0.17466888,-0.13176009,-0.13241906,-0.1462518,-0.12333763,-0.08722703,-0.05825615,-0.1439197,-0.17082691,-0.026243303,-0.16670449,-0.2829064,-0.31316653,-0.19853905,-0.1461519,-0.14331596,-0.14862512,-0.12963767,-0.25088155,-0.19467121,-0.18907511,-0.09477903,-0.10957363,-0.10702289,-0.09432925,-0.12759323,-0.15327555,-0.15746465,-0.16780785,-0.12812386,-0.0969081,-0.16398169,-0.14422837,-0.11335766,-0.18846886,-0.1706479,-0.15428564,-0.12596095,-0.115196005,-0.11335175,-0.11662802,-0.1763699,-0.13903852,-0.13478264,-0.096878245,-0.12148923,-0.09201625,-0.12434345,-0.13610959,-0.063823454,-0.13877153,-0.11419349,-0.13416335,-0.24483351,-0.2571875,-0.29957527,-0.14670709,-0.15717223,-0.13279521,-0.19104545,-0.0782174,-0.17254113,-0.16496633,-0.09859173,-0.11065883,-0.114811875,-0.076612435,-0.083404,-0.1213824,-0.13072303,-0.13855581,-0.19385117,-0.09919473,-0.15620586,-0.19487974,-0.19165882,-0.18750885,-0.111552596,-0.14311749,-0.10322269,-0.16001272,-0.19504845,-0.17370626,-0.1695557,-0.14325713,-0.14295223,-0.10195531,-0.15375966,-0.16219512,-0.18133622,-0.19592997,-0.12158907,-0.1478164,-0.11384454,-0.080051854,-0.14399989,-0.20725825,-0.16111116,-0.125103,-0.15657571,-0.15690626,-0.14386049,-0.19202894,-0.16300571,-0.18241851,-0.2963242,-0.19789575,-0.18167624,-0.17228675,-0.19354269,-0.15810339,-0.14054683,-0.13067693,-0.12557748,-0.13853249,-0.16351497,-0.30584824,-0.16672803,-0.18170545,-0.19332507,-0.11441202,-0.1510983,-0.14101753,-0.17851248,-0.16752905,-0.16495106,-0.14331086,-0.18237996,-0.1284928,-0.15352592,-0.13835627,-0.24156228,-0.17942466,-0.10352249,-0.13541979,-0.14250839,-0.175156,-0.11037286,-0.13486421,-0.15295795,-0.16058952,-0.18214288,-0.15465178,-0.14981556,-0.19184028,-0.17576486,-0.164619,-0.14723541,-0.14623587,-0.11499533,-0.10471026,-0.13557193,-0.20148799,-0.1775188,-0.12513243,-0.16548553,-0.18041904,-0.18738703,-0.11705899,-0.1769473,-0.2610922,-0.0927228,-0.0924011,-0.11497562,-0.1365557,-0.14848623,-0.098666266,-0.18958634
k__Bacteria|p__Firmicutes|c__Clostridia|o__Eubacteriales|f__Oscillospiraceae|g__Massiliimalia|s__Massiliimalia_timonensis,-0.1004395,-0.12316422,-0.14111993,-0.20428483,-0.16606538,-0.19225395,-0.1666669,-0.14437076,-0.12525794,-0.18249482,-0.18296668,-0.21516323,-0.17103574,-0.19965151,-0.10307805,-0.099037126,-0.058144663,-0.09942044,-0.10778816,-0.16983896,-0.1978925,-0.12536043,-0.13610059,-0.1516409,-0.17049795,-0.11658599,-0.16728416,-0.17286631,-0.1509206,-0.12124001,-0.13501537,-0.10558839,-0.14793175,-0.19373359,-0.18773493,-0.2175087,-0.1602,-0.22338755,-0.19545038,-0.29867563,-0.29210672,-0.19556467,-0.10691892,-0.09162698,-0.13691942,-0.1545671,-0.23188588,-0.19282576,-0.14592895,-0.2026537,-0.18307245,-0.18279888,-0.19501661,-0.1959442,-0.19822842,-0.1573953,-0.12525877,-0.14312352,-0.09243631,-0.095582776,-0.17026994,-0.14196324,-0.13743341,-0.14639604,-0.12719077,-0.15126327,-0.2613474,-0.22333384,-0.18738076,-0.20047067,-0.14485373,-0.14878228,-0.13012534,-0.14207388,-0.14954723,-0.16289881,-0.14593557,-0.16278498,-0.15914491,-0.14998752,-0.14696196,-0.15642795,-0.15270747,-0.22480208,-0.120334074,-0.141216,-0.11814516,-0.15995939,-0.17273802,-0.15528601,-0.16736412,-0.11139822,-0.1388583,-0.13027036,-0.12838563,-0.15152657,-0.14277345,-0.11563453,-0.10065024,-0.09072384,-0.10525672,-0.119940475,-0.1344094,-0.15027548,-0.15964842,-0.1185138,-0.11129953,-0.1578567,-0.17738779,-0.13312373,-0.1630918,-0.25953975,-0.14829992,-0.13253291,-0.1410293,-0.15095688,-0.17780018,-0.16296747,-0.22917573,-0.09015879,-0.11059235,-0.13432929,-0.12927938,-0.13997786,-0.1730716,-0.13908121,-0.16057305,-0.12777606,-0.07092635,-0.03704006,-0.13673319,-0.16119003,-0.17806423,-0.14332479,-0.12334781,-0.13584563,-0.12023825,-0.13769388,-0.25318068,-0.26654312,-0.08376316,-0.10945694,-0.14376965,-0.09238048,-0.18698794,-0.18884861,-0.15283866,-0.09044085,-0.13230102,-0.14918955,-0.14977252,-0.15815334,-0.16962978,-0.18227974,-0.088121966,-0.12339511,-0.14035426,-0.10256614,-0.17951453,-0.19495486,-0.18953353,-0.100013755,-0.13113372,-0.079041734,-0.12736264,-0.19006202,-0.19171885,-0.19036439,-0.123019494,-0.07590264,-0.097074,-0.11822226,-0.13618147,-0.12406494,-0.121451,-0.09445709,-0.096760765,-0.108490445,-0.082459606,-0.112674475,-0.13196525,-0.1660969,-0.1410757,-0.13624969,-0.18093297,-0.17825818,-0.19272831,-0.144074,-0.15549555,-0.13481358,-0.119081676,-0.14001076,-0.19117098,-0.18963315,-0.18047282,-0.19755594,-0.25103784,-0.20219928,-0.18958645,-0.19007,-0.18166846,-0.17300433,-0.27554205,-0.08916744,-0.11956477,-0.12804922,-0.15751183,-0.20931396,-0.18224281,-0.29657933,-0.32474133,-0.15634167,-0.3242122,-0.17325558,-0.17108874,-0.2185038,-0.17647925,-0.114121355,-0.13983229,-0.15388772,-0.15788373,-0.22984435,-0.18186735,-0.25015026,-0.1042758,-0.12455491,-0.13825819,-0.12389745,-0.15189947,-0.1541296,-0.15529215,-0.14014931,-0.15141064,-0.16197878,-0.15475792,-0.15281755,-0.15254027,-0.13368525,-0.12296207,-0.14618789,-0.18887702,-0.17584288,-0.21025829,-0.3990198,-0.20155413,-0.113305226,-0.1296617,-0.11789201,-0.1475338,-0.16636807,-0.18534216,-0.19039848,-0.13165362,-0.077089995,-0.15209593,-0.13942428,-0.14106366,-0.11787747,-0.19987361,-0.1649412,-0.15853067,-0.14111088,-0.123554096,-0.12722544,-0.14610182,-0.2588673,-0.10718708,-0.13074079,-0.09132757,-0.12832497,-0.12877962,-0.14944011,-0.15114707,-0.09629312,-0.08910369,-0.12401071,-0.11042887,-0.13754861,-0.15030497,-0.16931102,-0.14234796,-0.11676997,-0.17298426,-0.1514147,-0.14194438,-0.12509319,-0.14163947,-0.17466888,-0.13176009,-0.13197297,-0.14529887,-0.12259507,-0.08722703,-0.05825615,-0.14296333,-0.17082691,-0.026243303,-0.16627029,-0.2829064,-0.31316653,-0.1968765,-0.1450944,-0.14331596,-0.14862512,-0.12963767,-0.25088155,-0.19207874,-0.18717739,-0.094829224,-0.109175555,-0.10702289,-0.093299,-0.12759323,-0.15273823,-0.15746465,-0.16617069,-0.12812386,-0.0969081,-0.16398169,-0.14296111,-0.11335766,-0.18846886,-0.1706479,-0.1534653,-0.12556052,-0.115196005,-0.112676606,-0.11662802,-0.17515026,-0.13782313,-0.1337607,-0.096878245,-0.12078655,-0.091799945,-0.12434345,-0.13595384,-0.063823454,-0.13877153,-0.11419349,-0.13338947,-0.24483351,-0.2571875,-0.29957527,-0.14540437,-0.15608159,-0.13152733,-0.19104545,-0.0782174,-0.17115837,-0.16368157,-0.09859173,-0.11065883,-0.11490086,-0.076612435,-0.083404,-0.1213824,-0.13072303,-0.13855581,-0.19385117,-0.09870745,-0.15486339,-0.19487974,-0.18998083,-0.18572032,-0.11108321,-0.14292464,-0.10291887,-0.15798928,-0.1924313,-0.17126241,-0.1682467,-0.1422396,-0.1419124,-0.10195108,-0.15262803,-0.16098839,-0.18019201,-0.19347854,-0.12083993,-0.14663464,-0.11402098,-0.080611974,-0.14194438,-0.20725825,-0.15999725,-0.125103,-0.15657571,-0.15690626,-0.14338562,-0.19202894,-0.16191247,-0.18092486,-0.2963242,-0.19651847,-0.18054432,-0.17101756,-0.191494,-0.15696602,-0.14054683,-0.12985821,-0.12557748,-0.13785182,-0.16261001,-0.30584824,-0.1664191,-0.17990196,-0.19165924,-0.11441202,-0.15001354,-0.14024998,-0.17705972,-0.16598554,-0.16382521,-0.14331086,-0.18237996,-0.12817238,-0.15308815,-0.13647076,-0.24156228,-0.17895088,-0.10307117,-0.13531959,-0.14122634,-0.17304468,-0.1105507,-0.13432255,-0.15142521,-0.15888321,-0.18112531,-0.15322408,-0.14807779,-0.19184028,-0.17440155,-0.16341197,-0.14723541,-0.14623587,-0.11499533,-0.10471026,-0.13456225,-0.20148799,-0.1759322,-0.12513243,-0.16608134,-0.18041904,-0.18738703,-0.11705899,-0.17523023,-0.2551384,-0.09260203,-0.09251517,-0.11465348,-0.13545878,-0.14724725,-0.098654106,-0.18754594
k__Bacteria|p__Firmicutes|c__Clostridia|o__Eubacteriales|f__Clostridiaceae|g__Clostridium|s__Clostridium_SGB4750,-0.1004395,-0.12316422,-0.14196208,-0.20428483,-0.16738826,-0.19467714,-0.1666669,-0.14545575,-0.124595515,-0.18411896,-0.1839489,-0.2388955,-0.16994247,-0.21134436,-0.103524685,-0.10022032,-0.058144663,-0.09999099,-0.10773295,-0.1712952,-0.1978925,-0.12536043,-0.13647947,-0.15275256,-0.1725002,-0.11658599,-0.16731973,-0.17475957,-0.1509206,-0.12124001,-0.13488056,-0.10603389,-0.14837505,-0.19785173,-0.19038115,-0.2175087,-0.16104507,-0.22338755,-0.19870786,-0.29867563,-0.29210672,-0.20059025,-0.10764825,-0.09162698,-0.13691942,-0.15525061,-0.23188588,-0.19467148,-0.14718103,-0.2026537,-0.18362579,-0.18279888,-0.19929746,-0.20165864,-0.20876049,-0.15848297,-0.12610841,-0.14439306,-0.09194939,-0.09573096,-0.17182028,-0.14257103,-0.13743341,-0.14735672,-0.12719077,-0.15103671,-0.2613474,-0.22333384,-0.18983075,-0.20047067,-0.14637038,-0.14967439,-0.13127622,-0.14336452,-0.15170541,-0.16490996,-0.14705385,-0.16278498,-0.15967098,-0.14998752,-0.14717773,-0.15751618,-0.15353462,-0.22480208,-0.120334074,-0.14164943,-0.11843383,-0.16154206,-0.17492723,-0.15595788,-0.16860053,-0.11139822,-0.1388583,-0.13027036,-0.12864155,-0.15152657,-0.14198524,-0.115503594,-0.10065024,-0.09040291,-0.105725616,-0.12095271,-0.1353262,-0.15027548,-0.16076615,-0.1185138,-0.11129953,-0.1578567,-0.17738779,-0.13453062,-0.16406879,-0.25953975,-0.14887929,-0.132754,-0.14217095,-0.15095688,-0.17780018,-0.16399518,-0.22917573,-0.09015879,-0.10951092,-0.13486847,-0.13016155,-0.13997786,-0.17415416,-0.13908121,-0.16057305,-0.12777606,-0.07092635,-0.03704006,-0.13715377,-0.1625643,-0.17945072,-0.14332479,-0.12334781,-0.13551441,-0.12023825,-0.13861042,-0.25318068,-0.26654312,-0.08344636,-0.10945694,-0.14501742,-0.09238048,-0.18808076,-0.19142209,-0.15342209,-0.09029363,-0.13230102,-0.1496301,-0.15073314,-0.15964784,-0.17124483,-0.18473247,-0.087870255,-0.12425192,-0.14195815,-0.10256614,-0.17951453,-0.19495486,-0.19276941,-0.10013431,-0.13113372,-0.08054556,-0.12807506,-0.19006202,-0.19490491,-0.19278346,-0.1236534,-0.075309955,-0.097383454,-0.118822746,-0.13675913,-0.12406494,-0.121451,-0.09489759,-0.09685787,-0.108649686,-0.082459606,-0.11312717,-0.13242336,-0.16772977,-0.1410757,-0.13621505,-0.18093297,-0.17825818,-0.1957518,-0.14510481,-0.15549555,-0.13593516,-0.119081676,-0.14001076,-0.19117098,-0.19282389,-0.18225135,-0.19755594,-0.25103784,-0.20219928,-0.19030116,-0.19168817,-0.18330666,-0.17440273,-0.27554205,-0.08916744,-0.11956477,-0.12729341,-0.15751183,-0.20931396,-0.18224281,-0.29657933,-0.32474133,-0.14954443,-0.3242122,-0.17325558,-0.17108874,-0.2185038,-0.17647925,-0.114121355,-0.1398268,-0.15388772,-0.15788373,-0.22984435,-0.18186735,-0.26467463,-0.10458865,-0.12455491,-0.13850056,-0.12422307,-0.15189947,-0.15563285,-0.15681012,-0.14014931,-0.15141064,-0.16374275,-0.15546909,-0.15393367,-0.15342307,-0.134404,-0.12290302,-0.14619216,-0.19129442,-0.17811553,-0.21025829,-0.3990198,-0.2052331,-0.113615274,-0.1296617,-0.119139336,-0.14800422,-0.16636807,-0.18741569,-0.19252019,-0.13139981,-0.07662724,-0.1535043,-0.13980922,-0.14106366,-0.11773632,-0.19987361,-0.1649412,-0.15849921,-0.14189386,-0.12375507,-0.12722544,-0.14610182,-0.2588673,-0.1073357,-0.13074079,-0.09132757,-0.12832497,-0.12931827,-0.1496942,-0.1522834,-0.096483424,-0.08910369,-0.124491036,-0.110585645,-0.13803717,-0.1509135,-0.1712319,-0.14315423,-0.11585128,-0.17439541,-0.1520744,-0.14267612,-0.1257563,-0.14234883,-0.17466888,-0.13176009,-0.1323306,-0.14609793,-0.12344003,-0.08722703,-0.05825615,-0.14363848,-0.17082691,-0.026243303,-0.16668314,-0.2829064,-0.31316653,-0.20021026,-0.1460239,-0.14331596,-0.14862512,-0.12963767,-0.25088155,-0.1957842,-0.18958402,-0.09442934,-0.10949664,-0.10702289,-0.09444311,-0.12759323,-0.15277669,-0.15746465,-0.16790012,-0.12812386,-0.0969081,-0.16398169,-0.14407957,-0.11335766,-0.18846886,-0.1706479,-0.15428871,-0.12601079,-0.115196005,-0.11322619,-0.11662802,-0.17667474,-0.13894701,-0.13505909,-0.096878245,-0.121647015,-0.09174652,-0.12434345,-0.13554753,-0.063823454,-0.13877153,-0.11419349,-0.13375966,-0.24483351,-0.2571875,-0.29957527,-0.14673889,-0.15728544,-0.13263157,-0.19104545,-0.0782174,-0.1732829,-0.1647628,-0.09859173,-0.11065883,-0.114138395,-0.076612435,-0.083404,-0.1213824,-0.13072303,-0.13855581,-0.19385117,-0.09968697,-0.1557805,-0.19487974,-0.19186065,-0.18797821,-0.111288264,-0.14316149,-0.10312576,-0.15984526,-0.1955716,-0.17410567,-0.16957732,-0.14314511,-0.14311835,-0.10167651,-0.15351425,-0.16196135,-0.18143749,-0.1967963,-0.12142514,-0.14774585,-0.113441594,-0.079693705,-0.14339063,-0.20725825,-0.16129822,-0.125103,-0.15657571,-0.15690626,-0.14376424,-0.19202894,-0.16281837,-0.18260905,-0.2963242,-0.1997218,-0.18155557,-0.17213964,-0.1943017,-0.15795425,-0.14054683,-0.13060251,-0.12557748,-0.13845801,-0.16364387,-0.30584824,-0.1667321,-0.18206203,-0.19354169,-0.11441202,-0.15067875,-0.14076139,-0.17853516,-0.16750808,-0.16508435,-0.14331086,-0.18237996,-0.1282746,-0.15341151,-0.13790408,-0.24156228,-0.1798146,-0.10342467,-0.13505894,-0.1424999,-0.17526785,-0.11018984,-0.13453566,-0.15285784,-0.16083369,-0.18238935,-0.15495852,-0.14974053,-0.19184028,-0.17590153,-0.16469514,-0.14723541,-0.14623587,-0.11499533,-0.10471026,-0.13511285,2.892586,-0.17779323,-0.12513243,-0.16559333,-0.18041904,-0.18738703,-0.11705899,-0.17735498,-0.26371685,-0.09272937,-0.092256725,-0.11471162,-0.13644901,-0.14862172,-0.098434664,-0.18997534
k__Bacteria|p__Firmicutes|c__CFGB4806|o__OFGB4806|f__FGB4806|g__GGB51647|s__GGB51647_SGB4348,-0.1004395,-0.12316422,-0.14182197,-0.20428483,-0.16716862,-0.19298944,-0.1666669,-0.14482969,-0.12539174,-0.18272725,-0.18320589,-0.22161588,-0.16887265,-0.20323285,-0.10345228,-0.0993741,-0.058144663,-0.099598244,-0.10820052,-0.17033675,-0.1978925,-0.12536043,-0.13622686,-0.15189059,-0.17099738,-0.11658599,-0.16729504,-0.17315692,-0.1509206,-0.12124001,-0.13518006,-0.10627585,-0.14826345,-0.19491479,-0.18830624,-0.2175087,-0.16120832,-0.22338755,-0.19649974,-0.29867563,-0.29210672,-0.19706446,-0.10742122,-0.09162698,-0.13691942,-0.15483263,-0.23188588,-0.19337356,-0.14666554,-0.2026537,-0.18440014,-0.18279888,-0.19652946,-0.19712521,-0.20084539,-0.15642047,-0.12572011,-0.14354044,-0.09249614,-0.095951095,-0.17087018,-0.14200374,-0.13743341,-0.1467712,-0.12719077,-0.15122373,-0.2613474,-0.22333384,-0.18848845,-0.20047067,-0.14534642,-0.14905927,-0.13075376,-0.14244503,-0.14989462,-0.16328995,-0.14623529,-0.16278498,-0.15969403,-0.14998752,-0.14704125,-0.15703347,-0.15295915,6.451272,-0.120334074,-0.14136215,-0.1184509,-0.16042143,-0.17342624,-0.15563376,-0.16756743,-0.11139822,-0.1388583,-0.13027036,-0.12858635,-0.15152657,-0.14274517,-0.11550099,-0.10065024,-0.09088701,-0.10555233,-0.12046397,-0.1349257,-0.15027548,-0.15992422,-0.1185138,-0.11129953,-0.1578567,-0.17738779,-0.13325308,-0.16379485,-0.25953975,-0.14862147,-0.1328761,-0.1414676,-0.15095688,-0.17780018,-0.16391554,-0.22917573,-0.09015879,-0.110464156,-0.13469246,-0.1295586,-0.13997786,-0.17349102,-0.13908121,-0.16057305,-0.12777606,-0.07092635,-0.03704006,-0.13722783,-0.1617248,-0.17820525,-0.14332479,-0.12334781,-0.13593337,-0.12023825,-0.13796999,-0.25318068,-0.26654312,-0.084075905,-0.10945694,-0.14396971,-0.09238048,-0.1873515,-0.18975031,-0.15301204,-0.090826064,-0.13230102,-0.14940614,-0.15015167,-0.15859458,-0.17018518,-0.18274067,-0.0885634,-0.12357566,-0.14080006,-0.10256614,-0.17951453,-0.19495486,-0.19018134,-0.100438006,-0.13113372,-0.0797086,-0.12756729,-0.19006202,-0.19273326,-0.1910563,-0.12316276,-0.07625882,-0.09750116,-0.118563905,-0.13636199,-0.12406494,-0.121451,-0.0948706,-0.09703402,-0.10869895,-0.082459606,-0.11294577,-0.13217321,-0.16641268,-0.1410757,-0.13653551,-0.18093297,-0.17825818,-0.19365771,-0.14462394,-0.15549555,-0.13513514,-0.119081676,-0.14001076,-0.19117098,-0.19081537,-0.18117408,-0.19755594,-0.25103784,-0.20219928,-0.19029903,-0.19092938,-0.18211731,-0.17389224,-0.27554205,-0.08916744,-0.11956477,-0.12828483,-0.15751183,-0.20931396,-0.18224281,-0.29657933,-0.32474133,-0.1537184,-0.3242122,-0.17325558,-0.17108874,-0.2185038,-0.17647925,-0.114121355,-0.14019045,-0.15388772,-0.15788373,-0.22984435,-0.18186735,-0.25432175,-0.104707815,-0.12455491,-0.13844407,-0.12417413,-0.15189947,-0.1545892,-0.15569136,-0.14014931,-0.15141064,-0.16243573,-0.15520348,-0.15324315,-0.15293482,-0.13390079,-0.12318026,-0.14634442,-0.18927206,-0.17668596,-0.21025829,-0.3990198,-0.2012735,-0.11361347,-0.1296617,-0.11838883,-0.14761996,-0.16636807,-0.1857754,-0.1910692,-0.131733,-0.07748686,-0.15249638,-0.13979821,-0.14106366,-0.117658824,-0.19987361,-0.1649412,-0.1589366,-0.14149514,-0.123622,-0.12722544,-0.14610182,-0.2588673,-0.10754907,-0.13074079,-0.09132757,-0.12832497,-0.12896833,-0.14976782,-0.15133174,-0.096594036,-0.08910369,-0.12421659,-0.110814646,-0.13778667,-0.15069854,-0.16962753,-0.1428181,-0.11682013,-0.1733131,-0.15178768,-0.14210843,-0.12568226,-0.14145984,-0.17466888,-0.13176009,-0.13226902,-0.14547335,-0.12290035,-0.08722703,-0.05825615,-0.1432216,-0.17082691,-0.026243303,-0.16662374,-0.2829064,3.7522814,-0.1972731,-0.14546093,-0.14331596,-0.14862512,-0.12963767,-0.25088155,-0.1933428,-0.18785968,-0.09508312,-0.109409936,-0.10702289,-0.0934532,-0.12759323,-0.15270308,-0.15746465,-0.16659519,-0.12812386,-0.0969081,-0.16398169,-0.14302626,-0.11335766,-0.18846886,-0.1706479,-0.15387884,-0.12583032,-0.115196005,-0.11283226,-0.11662802,-0.17529424,-0.13826412,-0.13419446,-0.096878245,-0.12109476,-0.09199914,-0.12434345,-0.13572827,-0.063823454,-0.13877153,-0.11419349,-0.13370237,-0.24483351,-0.2571875,-0.29957527,-0.14600368,-0.15643728,-0.13213377,-0.19104545,-0.0782174,-0.17206883,-0.16366878,-0.09859173,-0.11065883,-0.11467059,-0.076612435,-0.083404,-0.1213824,-0.13072303,-0.13855581,-0.19385117,-0.09942667,-0.15540893,-0.19487974,-0.19078642,-0.18621585,-0.11149816,-0.14306839,-0.103280246,-0.15849568,-0.1934124,-0.17151213,-0.16871527,-0.14270754,-0.14231908,-0.10239658,-0.15289082,-0.16124326,-0.18069862,-0.19429934,-0.12127539,-0.14690901,-0.114131466,-0.08061002,-0.14252332,-0.20725825,-0.16078717,-0.125103,-0.15657571,-0.15690626,-0.14368942,-0.19202894,-0.16243206,-0.18127197,-0.2963242,-0.19892019,-0.18074988,-0.17157799,-0.19272257,-0.15731624,-0.14054683,-0.1303657,-0.12557748,-0.13826784,-0.1631889,-0.30584824,-0.16702782,-0.18048656,-0.19234207,-0.11441202,-0.15010512,-0.14060372,-0.17755464,-0.16652161,-0.16405955,-0.14331086,-0.18237996,-0.12878036,-0.15307093,-0.13715698,-0.24156228,-0.17983139,-0.10352774,-0.13545299,-0.14162877,-0.17375225,-0.11079028,-0.13465567,-0.1515113,-0.15943232,-0.1819101,-0.1534922,-0.14877546,-0.19184028,-0.1752527,-0.1635221,-0.14723541,-0.14623587,-0.11499533,-0.10471026,-0.13476846,-0.20148799,-0.17658055,-0.12513243,-0.16592924,-0.18041904,-0.18738703,-0.11705899,-0.17515565,-0.25811547,-0.0929951,-0.09265629,-0.115082026,-0.13574852,-0.14765826,-0.09901287,-0.18809518
k__Bacteria|p__Firmicutes|c__Erysipelotrichia|o__Erysipelotrichales|f__Erysipelotrichaceae|g__Amedibacterium|s__Amedibacterium_intestinale,-0.1004395,-0.12316422,-0.14087197,-0.20428483,-0.16652593,-0.19314754,-0.1666669,-0.14515759,-0.12506682,-0.18362412,-0.18347436,-0.21954554,-0.16988853,-0.20290029,-0.103346005,-0.0989657,-0.058144663,-0.10001075,-0.107522056,-0.17078198,-0.1978925,-0.12536043,-0.13658741,-0.15278594,-0.17145686,-0.11658599,-0.16763127,-0.17438868,-0.1509206,-0.12124001,-0.13522664,-0.10544416,-0.1481483,-0.19530332,-0.18911554,-0.2175087,-0.1602598,-0.22338755,-0.19636714,-0.29867563,-0.29210672,-0.19767925,-0.107463405,-0.09162698,-0.13691942,-0.15469989,-0.23188588,-0.19339558,-0.14658007,-0.2026537,-0.18338244,-0.18279888,-0.1963197,-0.19715928,-0.20120364,-0.15886392,-0.12580822,-0.14395693,-0.09260785,-0.09564328,-0.17141916,-0.14285785,-0.13743341,-0.14700374,-0.12719077,-0.15125272,-0.2613474,-0.22333384,-0.18878506,-0.20047067,-0.14599854,-0.14950338,-0.13054004,-0.14270407,-0.1513985,-0.16462329,-0.14717348,-0.16278498,-0.15907332,-0.14998752,-0.14743164,-0.15669167,-0.15337676,-0.22480208,-0.120334074,-0.14158645,-0.11818814,-0.16140443,-0.17420429,-0.15527928,-0.16825503,-0.11139822,-0.1388583,-0.13027036,-0.12899727,-0.15152657,-0.14290045,-0.115874514,-0.10065024,-0.09054428,-0.10570514,-0.120678455,-0.1350357,-0.15027548,-0.16067487,-0.1185138,-0.11129953,-0.1578567,-0.17738779,-0.13381122,-0.1630435,-0.25953975,-0.14860223,-0.13240562,-0.14125961,-0.15095688,-0.17780018,-0.16298735,-0.22917573,-0.09015879,-0.1101547,-0.13471435,-0.129729,-0.13997786,-0.17344078,-0.13908121,-0.16057305,-0.12777606,-0.07092635,-0.03704006,-0.13689293,-0.16228311,-0.17902145,-0.14332479,-0.12334781,-0.13592881,-0.12023825,-0.13835657,-0.25318068,-0.26654312,-0.083722144,-0.10945694,-0.14499113,-0.09238048,-0.18743488,-0.18982524,-0.15265316,-0.0903626,-0.13230102,-0.14946264,-0.15020612,-0.1589095,-0.17050335,-0.18422252,-0.0877336,-0.123870544,-0.14128703,-0.10256614,-0.17951453,-0.19495486,-0.19120367,-0.100171,-0.13113372,-0.07927805,-0.12791856,-0.19006202,-0.19319339,-0.19132923,-0.12391847,-0.07564334,-0.09721888,-0.11837155,-0.13660067,-0.12406494,-0.121451,-0.094549194,-0.09667124,-0.10867523,-0.082459606,-0.11298585,-0.1326508,-0.16744271,-0.1410757,-0.13606682,-0.18093297,-0.17825818,-0.19354577,-0.1445502,-0.15549555,-0.13556784,-0.119081676,-0.14001076,-0.19117098,-0.1904113,-0.18093279,-0.19755594,-0.25103784,-0.20219928,-0.18976548,-0.19041578,-0.18223578,-0.17313196,-0.27554205,-0.08916744,-0.11956477,-0.12768866,-0.15751183,-0.20931396,-0.18224281,-0.29657933,-0.32474133,-0.1501267,-0.3242122,-0.17325558,-0.17108874,-0.2185038,-0.17647925,-0.114121355,-0.13959077,-0.15388772,-0.15788373,-0.22984435,-0.18186735,-0.25274336,-0.10439537,-0.12455491,-0.13865155,-0.12436774,-0.15189947,-0.15546116,-0.15674877,-0.14014931,-0.15141064,-0.16353652,-0.15514463,-0.15360512,-0.15287347,-0.13382147,-0.12311764,-0.1463897,-0.1904316,-0.17685704,-0.21025829,-0.3990198,-0.20055376,-0.113574505,-0.1296617,-0.11866,-0.1480537,-0.16636807,-0.1870648,-0.19147156,-0.13149941,-0.0769313,-0.15336691,-0.13974565,-0.14106366,-0.118449494,-0.19987361,-0.1649412,-0.15828109,-0.14110485,-0.123726346,-0.12722544,-0.14610182,-0.2588673,-0.10717496,-0.13074079,-0.09132757,-0.12832497,-0.12947741,-0.14984292,-0.15227976,-0.096531086,-0.08910369,-0.12446299,-0.110563144,-0.13774224,-0.15082851,-0.17045096,-0.14296468,-0.116477795,-0.17383829,-0.15192902,-0.14251602,-0.12517518,-0.14262703,-0.17466888,-0.13176009,-0.13227256,-0.14597064,-0.12307669,-0.08722703,-0.05825615,-0.14350267,-0.17082691,-0.026243303,-0.1658817,-0.2829064,-0.31316653,-0.19701341,-0.14570929,-0.14331596,-0.14862512,-0.12963767,-0.25088155,-0.1934358,-0.18855955,-0.09476411,-0.109549075,-0.10702289,-0.094318435,-0.12759323,-0.15286982,-0.15746465,-0.16702527,-0.12812386,-0.0969081,-0.16398169,-0.1443355,-0.11335766,-0.18846886,-0.1706479,-0.15376052,-0.12592846,-0.115196005,-0.11302109,-0.11662802,-0.17640533,-0.13861069,-0.1346736,-0.096878245,-0.121135645,-0.09205027,-0.12434345,-0.13627231,-0.063823454,-0.13877153,-0.11419349,-0.13358347,-0.24483351,-0.2571875,-0.29957527,-0.14610013,-0.15675327,-0.132177,-0.19104545,-0.0782174,-0.17204113,-0.16444051,-0.09859173,-0.11065883,-0.11525521,-0.076612435,-0.083404,-0.1213824,-0.13072303,-0.13855581,-0.19385117,-0.0990493,-0.15544738,-0.19487974,-0.1907381,-0.18667659,-0.11134569,-0.1430307,-0.10349913,-0.15971106,-0.19368896,-0.17318438,-0.16894871,-0.14279188,-0.14251721,-0.10129108,-0.15317494,-0.16149086,-0.18053627,-0.19455084,-0.12142057,-0.14762358,-0.11403988,-0.08044867,-0.1424773,-0.20725825,-0.16073552,-0.125103,-0.15657571,-0.15690626,-0.14343974,-0.19202894,-0.16252653,-0.18223962,-0.2963242,-0.19500914,-0.18036327,-0.17115036,-0.19201343,-0.15712361,-0.14054683,-0.13034382,-0.12557748,-0.1383094,-0.16233075,-0.30584824,-0.16621867,-0.18129708,-0.1923035,-0.11441202,-0.15073398,-0.14043383,-0.17773338,-0.16683838,-0.16469812,-0.14331086,-0.18237996,-0.12792863,-0.15318355,-0.13659325,-0.24156228,-0.17893863,-0.10321897,-0.13508734,-0.14215142,-0.17461179,-0.11027571,-0.13453108,-0.15288499,-0.1599682,-0.18133284,-0.15450259,-0.14920375,-0.19184028,-0.17511022,-0.16467322,-0.14723541,-0.14623587,-0.11499533,-0.10471026,-0.13491684,-0.20148799,-0.17720442,-0.12513243,-0.16545273,-0.18041904,-0.18738703,-0.11705899,-0.17728367,-0.25779057,-0.092649624,-0.09247594,-0.1146287,-0.13608049,-0.14797848,-0.098394394,-0.18906862
k__Bacteria|p__Firmicutes|c__Negativicutes|o__Veillonellales|f__Veillonellaceae|g__Veillonella|s__Veillonella_sp_3627,-0.1004395,-0.12316422,-0.14231977,-0.20428483,-0.1675528,-0.19415136,-0.1666669,-0.14517051,-0.12526119,-0.18385291,-0.18413657,-0.22983932,-0.16954082,-0.20727511,-0.10318102,-0.0994915,-0.058144663,-0.099473745,-0.10780409,-0.17124203,-0.1978925,-0.12536043,-0.13629662,-0.15232378,-0.1720314,2.3460197,-0.16785266,-0.1740159,-0.1509206,-0.12124001,-0.13518287,-0.10597715,-0.14858718,-0.19677392,-0.18970472,-0.2175087,-0.16121995,-0.22338755,-0.19838867,-0.29867563,-0.29210672,-0.19943762,-0.107144594,-0.09162698,0.90531266,-0.15536836,-0.23188588,-0.19479412,-0.14664254,-0.2026537,-0.18430513,-0.18279888,-0.19873543,-0.19974901,-0.20526478,-0.15742713,-0.12577847,-0.14396554,-0.09177758,-0.09554106,-0.17153862,-0.14232871,-0.13743341,-0.14710233,-0.12719077,-0.15165961,-0.2613474,-0.22333384,-0.18961513,-0.20047067,-0.1457385,-0.14942266,-0.13098414,-0.14306892,-0.15055485,-0.16409403,-0.14640443,-0.16278498,-0.15991387,-0.14998752,-0.14737329,-0.15750149,-0.15343565,-0.22480208,-0.120334074,-0.14169481,-0.11835465,-0.16104563,-0.17419724,-0.15617478,-0.16839331,-0.11139822,-0.1388583,-0.13027036,-0.12863158,-0.15152657,-0.14260378,-0.115279116,-0.10065024,-0.09040053,-0.10534999,-0.12054771,-0.13510048,-0.15027548,-0.16041785,-0.1185138,-0.11129953,-0.1578567,-0.17738779,-0.13380675,-0.16477743,-0.25953975,-0.14886984,-0.13292742,-0.1420874,-0.15095688,-0.17780018,-0.16439858,-0.22917573,-0.09015879,-0.11005313,-0.13486639,-0.12978184,-0.13997786,-0.17435253,-0.13908121,-0.16057305,-0.12777606,-0.07092635,-0.03704006,-0.1375666,-0.16231737,-0.17918229,-0.14332479,-0.12334781,-0.13598418,-0.12023825,-0.1383613,-0.25318068,-0.26654312,-0.083283305,-0.10945694,-0.14449973,-0.09238048,-0.18839908,-0.19116455,-0.15342692,-0.090137586,-0.13230102,-0.14977074,-0.15062207,-0.15924886,-0.17100702,-0.183842,-0.087881744,-0.12382972,-0.14136723,-0.10256614,-0.17951453,-0.19495486,-0.19157545,-0.09997834,-0.13113372,-0.07974955,-0.12809423,-0.19006202,-0.19411647,-0.19236511,-0.1231004,-0.0752176,-0.09716137,-0.11874637,-0.1366798,-0.12406494,-0.121451,-0.094435275,-0.09666057,-0.108572096,-0.082459606,-0.112979546,-0.13237423,-0.1672142,-0.1410757,-0.13652055,-0.18093297,-0.17825818,-0.19517663,-0.14511082,-0.15549555,-0.13547824,-0.119081676,-0.14001076,-0.19117098,-0.19222082,-0.182187,-0.19755594,-0.25103784,-0.20219928,-0.19075446,-0.19204906,-0.18315764,-0.17480431,-0.27554205,-0.08916744,-0.11956477,-0.1281202,-0.15751183,-0.20931396,-0.18224281,-0.29657933,-0.32474133,-0.15419334,-0.3242122,-0.17325558,-0.17108874,-0.2185038,-0.17647925,-0.114121355,-0.1402795,-0.15388772,-0.15788373,-0.22984435,-0.18186735,-0.26019055,-0.10435772,-0.12455491,-0.13866605,-0.124165624,-0.15189947,-0.155069,-0.15604955,-0.14014931,-0.15141064,-0.16302867,-0.15553689,-0.15360995,-0.1535378,-0.13416494,-0.12296628,-0.14649898,-0.19051115,-0.1773726,-0.21025829,-0.3990198,-0.2052982,-0.11340946,-0.1296617,-0.11864427,-0.14808707,-0.16636807,-0.18695652,-0.19228286,-0.13178274,-0.0765129,-0.15328091,-0.13998483,-0.14106366,-0.11738513,-0.19987361,-0.1649412,-0.15907763,-0.14193921,-0.1238305,-0.12722544,-0.14610182,-0.2588673,-0.107280076,-0.13074079,-0.09132757,-0.12832497,-0.12899439,-0.14999402,-0.15167905,-0.0961115,-0.08910369,-0.12442924,-0.110660926,-0.13808474,-0.15110941,-0.17062154,-0.14304088,-0.11634076,-0.1743801,-0.15212108,-0.1424165,-0.12574834,-0.14169945,-0.17466888,-0.13176009,-0.13229659,-0.14601102,-0.12292971,-0.08722703,-0.05825615,-0.1435335,-0.17082691,-0.026243303,-0.16779733,-0.2829064,-0.31316653,-0.19968927,-0.14572415,-0.14331596,-0.14862512,-0.12963767,-0.25088155,-0.19479263,-0.1889528,-0.09434448,-0.109246664,-0.10702289,-0.09348327,-0.12759323,-0.15321934,-0.15746465,-0.16730818,-0.12812386,-0.0969081,-0.16398169,-0.14354527,-0.11335766,-0.18846886,-0.1706479,-0.15412688,-0.12578039,-0.115196005,-0.11282995,-0.11662802,-0.17624694,-0.13848051,-0.13445458,-0.096878245,-0.12139805,-0.09145209,-0.12434345,-0.13564357,-0.063823454,-0.13877153,-0.11419349,-0.13397379,-0.24483351,-0.2571875,-0.29957527,-0.14639361,-0.15702543,-0.13240314,-0.19104545,-0.0782174,-0.1729453,-0.1646553,-0.09859173,-0.11065883,-0.11421744,-0.076612435,-0.083404,-0.1213824,-0.13072303,-0.13855581,-0.19385117,-0.09896204,-0.15609089,-0.19487974,-0.19184068,-0.18756427,-0.11111502,-0.14338955,-0.10269317,-0.1592352,-0.19486158,-0.17294015,-0.16972765,-0.14296226,-0.14271086,-0.10199976,-0.15359032,-0.1619002,-0.18163791,-0.1961047,-0.12112753,-0.14741448,-0.11376173,-0.079890236,-0.14342739,-0.20725825,-0.16101187,-0.125103,-0.15657571,-0.15690626,-0.14399895,-0.19202894,-0.16293982,-0.18215467,-0.2963242,-0.20044787,-0.18231916,-0.17259344,-0.19413517,-0.15819724,-0.14054683,-0.13044664,-0.12557748,-0.13856824,-0.16416928,-0.30584824,-0.16742387,-0.18165943,-0.1933394,-0.11441202,-0.15081888,-0.1409067,-0.17848828,-0.16733558,-0.16466364,-0.14331086,-0.18237996,-0.12859908,-0.15383837,-0.13792717,-0.24156228,-0.18038864,-0.10308649,-0.13556518,-0.1419484,-0.17476729,-0.11029406,-0.13487902,-0.1521712,-0.16005278,-0.18262592,-0.15423037,-0.14940389,-0.19184028,-0.17592496,-0.16402584,-0.14723541,-0.14623587,-0.11499533,-0.10471026,-0.13524817,-0.20148799,-0.1771825,-0.12513243,-0.16657561,-0.18041904,-0.18738703,-0.11705899,-0.17611726,-0.26169527,-0.09247493,-0.092103556,-0.114960045,-0.13615838,-0.14830637,-0.09850875,-0.1895777
k__Bacteria|p__Firmicutes|c__Clostridia|o__Eubacteriales|f__Oscillospiraceae|g__Hydrogeniiclostidium|s__Hydrogeniiclostidium_mannosilyticum,-0.1004395,-0.12316422,-0.14196081,-0.20428483,-0.16673416,-0.19311197,-0.1666669,-0.14489189,-0.12550044,-0.18298645,-0.18362154,-0.22085127,-0.16986518,-0.20248485,-0.10326372,-0.09904328,-0.058144663,-0.09965036,-0.10792659,-0.17075008,-0.1978925,-0.12536043,-0.13630217,-0.15204361,-0.17105334,-0.11658599,-0.16753103,-0.17349587,-0.1509206,-0.12124001,-0.13526866,-0.10585266,-0.1484223,-0.19490966,-0.18868017,-0.2175087,-0.16070685,-0.22338755,-0.1964427,-0.29867563,-0.29210672,-0.19756126,-0.107134625,-0.09162698,-0.13691942,-0.15505928,-0.23188588,-0.19360784,-0.1464573,-0.2026537,-0.18377393,-0.18279888,-0.19633146,-0.19748479,-0.20165467,-0.15734792,-0.12566751,-0.14357887,-0.09235148,-0.09569548,-0.17085704,-0.14229779,-0.13743341,-0.14683175,-0.12719077,-0.15148365,-0.2613474,-0.22333384,-0.18847375,-0.20047067,-0.1453439,-0.14904788,-0.13060644,-0.1425818,-0.15013391,-0.1633807,-0.14620991,-0.16278498,-0.1593016,-0.14998752,-0.14715861,-0.15701112,-0.15320343,-0.22480208,-0.120334074,-0.14155623,-0.118462,-0.16053864,-0.17353,-0.15583137,-0.16790545,-0.11139822,-0.1388583,-0.13027036,-0.12871632,-0.15152657,-0.14297786,-0.1155339,-0.10065024,-0.09073491,-0.105494976,-0.12034823,-0.13493127,-0.15027548,-0.16008073,-0.1185138,-0.11129953,-0.1578567,-0.17738779,-0.133201,-0.16411653,-0.25953975,-0.14866786,-0.13285297,-0.14161852,-0.15095688,-0.17780018,-0.16389963,-0.22917573,-0.09015879,-0.11062348,-0.13481489,-0.12956534,-0.13997786,-0.17376566,-0.13908121,-0.16057305,-0.12777606,-0.07092635,-0.03704006,-0.13736346,-0.162005,-0.17854683,-0.14332479,-0.12334781,-0.13600731,-0.12023825,-0.13810655,-0.25318068,-0.26654312,-0.083702385,-0.10945694,-0.14419092,-0.09238048,-0.18778123,-0.18994588,-0.15315573,-0.09049701,-0.13230102,-0.14965817,-0.15027246,-0.15865627,-0.17027165,-0.18294373,-0.0881768,-0.12367471,-0.14081621,-0.10256614,-0.17951453,-0.19495486,-0.1903174,-0.10029207,-0.13113372,-0.07955988,-0.12807164,-0.19006202,-0.19266456,-0.19127059,-0.123338744,-0.07554956,-0.09714687,-0.118601955,-0.13659662,-0.12406494,-0.121451,-0.094580665,-0.09690308,-0.10867173,-0.082459606,-0.112970635,-0.13242927,-0.16672483,-0.1410757,-0.1365537,-0.18093297,-0.17825818,-0.19365302,-0.14477631,-0.15549555,-0.13528025,-0.119081676,-0.14001076,-0.19117098,-0.19059213,-0.18117353,-0.19755594,-0.25103784,-0.20219928,-0.19026569,-0.19092883,-0.18237394,-0.17399201,-0.27554205,-0.08916744,-0.11956477,-0.12851006,-0.15751183,-0.20931396,-0.18224281,-0.29657933,-0.32474133,-0.15614733,-0.3242122,-0.17325558,-0.17108874,-0.2185038,-0.17647925,-0.114121355,-0.14012635,-0.15388772,-0.15788373,-0.22984435,-0.18186735,-0.25401843,-0.10450861,-0.12455491,-0.13862062,-0.12422834,-0.15189947,-0.15475824,-0.15574098,-0.14014931,-0.15141064,-0.16253419,-0.15518615,-0.1532926,-0.1531735,-0.13393545,-0.12312047,-0.14645353,-0.18952599,-0.17702919,-0.21025829,2.1941495,-0.20347786,-0.113585,-0.1296617,-0.11839456,-0.14801928,-0.16636807,-0.18610075,-0.19125584,-0.13198978,-0.07680332,-0.15278932,-0.13983516,-0.14106366,-0.11843109,-0.19987361,-0.1649412,-0.15889186,-0.141676,-0.12376748,-0.12722544,-0.14610182,-0.2588673,-0.10755902,-0.13074079,-0.09132757,-0.12832497,-0.12908655,-0.14997849,-0.15144078,-0.09636401,-0.08910369,-0.12439029,-0.11076161,-0.13798638,-0.15090722,-0.16990775,-0.1429006,-0.116811335,-0.17374757,-0.15200242,-0.14225405,-0.12556112,-0.14183106,-0.17466888,-0.13176009,-0.13224754,-0.14570358,-0.12283862,-0.08722703,-0.05825615,-0.14354871,-0.17082691,-0.026243303,-0.1671507,-0.2829064,-0.31316653,-0.19839635,-0.14552277,-0.14331596,-0.14862512,-0.12963767,-0.25088155,-0.1930779,-0.18798064,-0.09493995,-0.109225616,-0.10702289,-0.09342936,2.2645986,-0.15333465,-0.15746465,-0.16662624,-0.12812386,-0.0969081,-0.16398169,-0.14333239,-0.11335766,-0.18846886,-0.1706479,-0.1537652,-0.12564263,-0.115196005,-0.11287233,-0.11662802,-0.17562237,-0.1382752,-0.13406575,-0.096878245,-0.12111639,-0.09187025,-0.12434345,-0.13599904,-0.063823454,-0.13877153,-0.11419349,-0.13385311,-0.24483351,-0.2571875,-0.29957527,-0.14601916,-0.15643972,-0.13214046,-0.19104545,-0.0782174,-0.1720028,-0.16401142,-0.09859173,-0.11065883,-0.11485678,-0.076612435,-0.083404,-0.1213824,-0.13072303,-0.13855581,-0.19385117,-0.09885387,-0.15570192,-0.19487974,-0.19083372,-0.18646519,-0.11139717,-0.14310205,-0.10300078,-0.15854457,-0.19351101,-0.17229712,-0.16896188,-0.142764,-0.14227918,-0.10225178,-0.1533274,-0.1614131,-0.18093154,-0.19454843,-0.121224605,-0.14711991,-0.11415918,-0.080369726,-0.14308584,-0.20725825,-0.16056618,-0.125103,-0.15657571,-0.15690626,-0.14379,-0.19202894,-0.16254249,-0.18145886,-0.2963242,-0.1981167,-0.18131433,-0.17184909,-0.19277266,-0.1577394,-0.14054683,-0.13034852,-0.12557748,-0.138563,-0.16333711,-0.30584824,-0.167041,-0.18048435,-0.19229214,-0.11441202,-0.1506694,-0.14070204,-0.177849,-0.16657911,-0.16419196,-0.14331086,-0.18237996,-0.12861006,-0.15342867,-0.13756636,-0.24156228,-0.17962433,-0.1032622,-0.13552518,-0.14161986,-0.17391601,-0.11061362,-0.1348063,-0.15174967,-0.1594294,-0.18166278,-0.15365449,-0.14885321,-0.19184028,-0.17524546,-0.16361246,-0.14723541,-0.14623587,-0.11499533,-0.10471026,-0.13525203,-0.20148799,-0.17655161,-0.12513243,-0.16608778,-0.18041904,-0.18738703,-0.11705899,-0.17532244,-0.25747868,-0.09273916,-0.0924318,-0.115000024,-0.13591957,-0.14780195,-0.09885319,-0.18841386
k__Bacteria|p__Firmicutes|c__Tissierellia|o__Tissierellales|f__Peptoniphilaceae|g__Urinicoccus|s__Urinicoccus_massiliensis,-0.1004395,-0.12316422,-0.14195745,-0.20428483,-0.16689993,-0.19322652,-0.1666669,-0.14485656,-0.12492146,-0.18306798,-0.18315843,-0.23067483,-0.16915122,-0.20689435,-0.10331008,-0.09989474,-0.058144663,-0.09979352,-0.10791057,-0.1705644,-0.1978925,-0.12536043,-0.13608298,-0.1519553,-0.17143577,-0.11658599,-0.16705212,-0.17343155,-0.1509206,-0.12124001,-0.13498035,-0.1061214,-0.14830661,-0.19599119,-0.18905422,-0.2175087,-0.16071422,-0.22338755,-0.1975754,-0.29867563,-0.29210672,-0.1986453,-0.107298166,-0.09162698,-0.13691942,-0.15493771,-0.23188588,-0.19371954,-0.14639944,-0.2026537,-0.18306649,-0.18279888,-0.19780332,-0.19934149,-0.2052227,-0.1572197,-0.125748,-0.14375666,-0.09206559,-0.0958278,-0.17095491,-0.14198911,-0.13743341,-0.14681374,-0.12719077,-0.15105686,-0.2613474,-0.22333384,-0.18858856,-0.20047067,-0.1454904,-0.1490649,-0.13097084,-0.14287649,-0.15040904,-0.1636172,-0.14613818,-0.16278498,-0.159218,-0.14998752,-0.14705682,-0.15705147,-0.15299135,-0.22480208,-0.120334074,-0.14144343,-0.11840584,-0.16056547,-0.17367736,-0.155629,-0.16781849,-0.11139822,-0.1388583,-0.13027036,-0.12847349,-0.15152657,-0.14212537,-0.115274236,-0.10065024,-0.090738475,-0.10556643,-0.12058832,-0.13499221,-0.15027548,-0.16001004,-0.1185138,-0.11129953,-0.1578567,-0.17738779,-0.13360192,-0.16422147,-0.25953975,-0.14851126,-0.132768,-0.14185537,-0.15095688,-0.17780018,-0.16364089,-0.22917573,-0.09015879,-0.110089615,-0.13469157,-0.12973571,-0.13997786,-0.1736244,-0.13908121,-0.16057305,-0.12777606,-0.07092635,-0.03704006,-0.13727328,-0.16185433,-0.1784993,-0.14332479,-0.12334781,-0.13560155,-0.12023825,-0.13832329,-0.25318068,-0.26654312,-0.0836421,-0.10945694,-0.1443428,-0.09238048,-0.18751138,-0.19034436,-0.1530671,-0.09045474,-0.13230102,-0.14942849,-0.15025763,-0.15882522,-0.1703914,-0.18324205,-0.08819415,-0.123755805,-0.14127062,-0.10256614,-0.17951453,-0.19495486,-0.19086693,-0.10015272,-0.13113372,-0.08039245,-0.12807894,-0.19006202,-0.19326574,-0.19154859,-0.12311569,-0.075557366,-0.09735116,-0.11877206,-0.13652705,-0.12406494,-0.121451,-0.09474361,-0.09692182,-0.10867436,-0.082459606,-0.11301548,-0.13221107,-0.1667291,-0.1410757,-0.13628283,-0.18093297,-0.17825818,-0.19434658,-0.14485373,-0.15549555,-0.135385,-0.119081676,-0.14001076,-0.19117098,-0.19134942,-0.18129843,-0.19755594,-0.25103784,-0.20219928,-0.189704,-0.19106695,-0.1824058,-0.17411992,-0.27554205,-0.08916744,-0.11956477,-0.12789914,-0.15751183,-0.20931396,-0.18224281,-0.29657933,-0.32474133,-0.1531471,-0.3242122,-0.17325558,-0.17108874,-0.2185038,-0.17647925,-0.114121355,-0.13993448,-0.15388772,-0.15788373,-0.22984435,-0.18186735,-0.25941423,-0.104540125,-0.12455491,-0.13837951,-0.12411735,-0.15189947,-0.1547146,-0.15575898,-0.14014931,-0.15141064,-0.16265658,-0.15508595,-0.1532425,-0.15314144,-0.13406461,-0.12294867,-0.14613754,-0.18984957,-0.17680874,-0.21025829,-0.3990198,-0.20419066,-0.113447204,-0.1296617,-0.11867578,-0.14780003,-0.16636807,-0.1860849,-0.19140497,-0.13159722,-0.07692266,-0.1529383,-0.13974915,-0.14106366,-0.117515974,-0.19987361,-0.1649412,-0.1584694,-0.14170341,-0.123742655,-0.12722544,-0.14610182,-0.2588673,-0.107428774,-0.13074079,-0.09132757,-0.12832497,-0.12898971,-0.14960183,-0.15137443,-0.096377015,-0.08910369,-0.124388605,-0.11076118,-0.137873,-0.150702,-0.17015806,-0.14274397,-0.11630753,-0.17367342,-0.15168276,-0.14224198,-0.12560761,-0.1414761,-0.17466888,-0.13176009,-0.13217428,-0.14565793,-0.12291661,-0.08722703,-0.05825615,-0.14324038,-0.17082691,-0.026243303,-0.16687079,-0.2829064,-0.31316653,-0.19870591,-0.14549658,-0.14331596,-0.14862512,-0.12963767,-0.25088155,-0.19385794,-0.1881957,-0.09468369,-0.109327495,-0.10702289,-0.09396203,-0.12759323,-0.15276898,-0.15746465,-0.16678539,-0.12812386,-0.0969081,-0.16398169,-0.14337933,-0.11335766,-0.18846886,-0.1706479,-0.15377513,-0.12564942,-0.115196005,-0.11303571,-0.11662802,-0.17557114,-0.13833648,-0.13437697,-0.096878245,-0.121334955,-0.09183729,-0.12434345,-0.13543138,-0.063823454,-0.13877153,-0.11419349,-0.13389175,-0.24483351,-0.2571875,-0.29957527,-0.14613716,-0.15661901,-0.13225959,-0.19104545,-0.0782174,-0.17221567,-0.16417985,-0.09859173,-0.11065883,-0.11425069,-0.076612435,-0.083404,-0.1213824,-0.13072303,-0.13855581,-0.19385117,-0.09926699,-0.15553278,-0.19487974,-0.19088775,-0.18682106,-0.11124153,-0.14299098,-0.10284297,-0.1588469,-0.19401978,-0.17252246,-0.16911882,-0.14271069,-0.14249137,-0.10216955,-0.15317936,-0.16133621,-0.18080744,-0.1952292,-0.121138476,-0.1470576,-0.113622695,-0.08016877,-0.14326665,-0.20725825,-0.16050509,-0.125103,-0.15657571,-0.15690626,-0.1435548,-0.19202894,-0.16238022,-0.1815203,-0.2963242,-0.19929537,-0.18143457,-0.17190234,-0.19329068,-0.15766765,-0.14054683,-0.1303624,-0.12557748,-0.13827364,-0.163796,2.9451718,-0.16658895,-0.18101776,-0.19246191,-0.11441202,-0.15049736,-0.1406256,-0.17776383,-0.16670632,-0.1642156,-0.14331086,-0.18237996,-0.12838227,-0.1533739,-0.13787828,-0.24156228,-0.1794305,-0.10333492,-0.13523293,-0.1417486,-0.17419174,-0.11038263,-0.13459587,-0.15184441,-0.15966466,-0.18173833,-0.15390328,-0.1491004,1.2388753,-0.17519563,-0.16354316,-0.14723541,-0.14623587,-0.11499533,-0.10471026,-0.13513382,-0.20148799,-0.17660616,-0.12513243,-0.16570209,-0.18041904,-0.18738703,-0.11705899,-0.17556678,-0.26034355,-0.09272891,-0.0923909,-0.11496152,-0.13602325,-0.14803603,-0.0987777,-0.18873012
k__Bacteria|p__Firmicutes|c__Clostridia|o__Eubacteriales|f__Oscillospiraceae|g__Faecalibacterium|s__Faecalibacterium_SGB15315,-0.1004395,-0.12316422,-0.14162034,-0.20428483,-0.1666235,-0.19350104,-0.1666669,-0.14492032,-0.124608725,-0.18334448,-0.18270075,-0.23070987,-0.16964091,-0.2064856,-0.10319981,-0.09960912,-0.058144663,-0.0997628,-0.10771563,-0.17067593,-0.1978925,-0.12536043,-0.13618417,-0.15222174,-0.1715912,-0.11658599,-0.16687614,-0.17375337,-0.1509206,-0.12124001,-0.1347613,-0.10579182,-0.14809689,-0.1961481,-0.18926027,-0.2175087,-0.16051489,-0.22338755,-0.1973261,-0.29867563,-0.29210672,-0.19879122,-0.10727224,-0.09162698,-0.13691942,-0.15475541,-0.23188588,-0.19362614,-0.14658822,-0.2026537,-0.18286207,-0.18279888,-0.19757704,-0.19952694,-0.20568988,-0.158005,-0.12575138,-0.1438313,-0.09211737,-0.095777914,-0.17112216,-0.1422178,-0.13743341,-0.14683366,-0.12719077,-0.15092981,-0.2613474,-0.22333384,-0.1886149,-0.20047067,-0.14573538,-0.14913395,-0.13086915,-0.14287199,-0.15102997,-0.16403228,-0.14658237,-0.16278498,-0.15895838,-0.14998752,-0.14697361,-0.15694275,-0.15309608,-0.22480208,-0.120334074,-0.14136004,-0.11829896,-0.1608864,-0.17401695,-0.15542352,-0.16796032,-0.11139822,-0.1388583,-0.13027036,-0.12855318,-0.15152657,-0.142002,-0.115364194,-0.10065024,-0.09046796,-0.10557902,-0.120621726,-0.13500378,-0.15027548,-0.16014667,-0.1185138,-0.11129953,-0.1578567,-0.17738779,-0.13388918,-0.16386381,-0.25953975,-0.14845964,-0.13244915,-0.14170828,-0.15095688,-0.17780018,-0.16340339,-0.22917573,-0.09015879,-0.10977753,-0.13455778,-0.12974992,-0.13997786,-0.17341724,-0.13908121,-0.16057305,-0.12777606,-0.07092635,-0.03704006,-0.13695964,-0.16198272,-0.17863661,-0.14332479,-0.12334781,-0.13536361,-0.12023825,-0.13834661,-0.25318068,-0.26654312,-0.083515145,-0.10945694,-0.14453848,-0.09238048,-0.18739209,-0.19018634,-0.15281242,-0.0903168,-0.13230102,-0.14930302,-0.15017882,-0.15891387,-0.17045334,-0.18381315,-0.08791991,-0.12381233,-0.14108874,-0.10256614,-0.17951453,-0.19495486,-0.19141284,-0.10015392,-0.13113372,-0.080330476,-0.12805475,-0.19006202,-0.19343883,-0.19164118,-0.12330477,-0.07539013,-0.09727506,-0.11859357,-0.13642967,-0.12406494,-0.121451,-0.09467879,-0.09674716,-0.10847113,-0.082459606,-0.11295694,-0.1321997,-0.16695566,-0.1410757,-0.13606307,-0.18093297,-0.17825818,-0.19437206,-0.14472836,-0.15549555,-0.13550977,-0.119081676,-0.14001076,-0.19117098,-0.19124566,-0.18114182,-0.19755594,-0.25103784,-0.20219928,-0.18957956,-0.1907816,-0.18239647,-0.17372738,7.7465343,-0.08916744,-0.11956477,-0.1274467,-0.15751183,-0.20931396,-0.18224281,-0.29657933,-0.32474133,-0.1511027,-0.3242122,-0.17325558,-0.17108874,-0.2185038,-0.17647925,-0.114121355,-0.13958459,-0.15388772,-0.15788373,-0.22984435,-0.18186735,-0.25926703,-0.1044416,-0.12455491,-0.13825296,-0.12410754,-0.15189947,-0.15500274,-0.15613976,-0.14014931,-0.15141064,-0.16303203,-0.15500525,-0.1533576,-0.1529338,-0.13394521,-0.122891136,-0.14599586,-0.19017875,-0.17687395,-0.21025829,-0.3990198,-0.20356408,-0.11340651,-0.1296617,-0.11871966,-0.14780703,-0.16636807,-0.18639931,-0.19146541,-0.13125923,-0.07685025,-0.15311453,-0.1395804,-0.14106366,-0.11767037,-0.19987361,-0.1649412,-0.1580848,-0.14144385,-0.12355135,-0.12722544,-0.14610182,-0.2588673,-0.107258104,-0.13074079,-0.09132757,-0.12832497,-0.12911941,-0.1494322,-0.1516746,-0.096333176,-0.08910369,-0.124290384,-0.110532045,-0.13774323,-0.150555,-0.17039606,-0.14277543,-0.1160564,-0.17364411,-0.15160617,-0.14227477,-0.12541206,-0.14192513,-0.17466888,-0.13176009,-0.13216466,-0.14564931,-0.12300396,-0.08722703,-0.05825615,-0.14326356,-0.17082691,-0.026243303,-0.16607334,-0.2829064,-0.31316653,-0.19861773,-0.1455698,-0.14331596,-0.14862512,-0.12963767,-0.25088155,-0.19412437,-0.18853122,-0.09460688,-0.10933107,-0.10702289,-0.09429815,-0.12759323,-0.15257517,-0.15746465,-0.16696519,-0.12812386,-0.0969081,-0.16398169,-0.14359716,-0.11335766,-0.18846886,-0.1706479,-0.15373161,-0.12570573,-0.115196005,-0.11309022,-0.11662802,-0.1758068,-0.13845077,-0.1344897,-0.096878245,-0.121219635,-0.09182389,-0.12434345,-0.1354408,-0.063823454,-0.13877153,-0.11419349,-0.13368058,-0.24483351,-0.2571875,-0.29957527,-0.14616913,-0.15665554,-0.13232288,-0.19104545,-0.0782174,-0.17235023,-0.16415305,-0.09859173,-0.11065883,-0.114257075,-0.076612435,-0.083404,-0.1213824,-0.13072303,-0.13855581,-0.19385117,-0.09939322,-0.15547839,-0.19487974,-0.19081086,-0.1869117,-0.11120332,-0.14273202,-0.10306336,-0.15927035,-0.19420356,-0.1730146,-0.1689024,-0.14267641,-0.14251694,-0.10172182,-0.15309191,-0.16131729,-0.18059763,-0.19524886,-0.121230856,-0.14721909,-0.113432705,-0.080008745,-0.14316991,-0.20725825,-0.16054708,-0.125103,-0.15657571,-0.15690626,-0.14334582,-0.19202894,-0.16230565,-0.18183571,-0.2963242,-0.19809663,-0.1809624,-0.17140713,-0.19299218,-0.15739085,-0.14054683,-0.1302771,-0.12557748,-0.13812566,-0.16319111,-0.30584824,-0.16622742,-0.18117845,-0.19244607,-0.11441202,-0.1504603,-0.14043243,-0.17773749,-0.16678756,-0.16440377,-0.14331086,-0.18237996,-0.12812167,-0.15305996,-0.13770096,-0.24156228,-0.17897081,-0.103290446,-0.13490418,-0.1419912,-0.17441818,-0.11018957,-0.13440003,-0.15225834,-0.15988842,-0.18142112,-0.15428752,-0.14923863,-0.19184028,-0.17513521,-0.16397068,-0.14723541,-0.14623587,-0.11499533,-0.10471026,-0.13504079,-0.20148799,-0.17688712,-0.12513243,-0.16489397,-0.18041904,-0.18738703,-0.11705899,-0.17652887,-0.26034003,-0.092616454,-0.09228746,-0.11468256,-0.13606265,-0.14801793,-0.098557055,-0.18894953
k__Bacteria|p__Firmicutes|c__Negativicutes|o__Veillonellales|f__Veillonellaceae|g__Megasphaera|s__Megasphaera_massiliensis,-0.1004395,-0.12316422,-0.1418438,-0.20428483,-0.16724688,-0.19421226,-0.1666669,-0.14528345,-0.12470551,-0.18398497,-0.18355763,-0.23112758,-0.16953442,-0.20807797,-0.10302059,-0.09950033,-0.058144663,-0.09973566,-0.107664846,-0.17123328,-0.1978925,-0.12536043,-0.13643152,-0.15256721,-0.17200121,-0.11658599,-0.16743502,-0.17439872,-0.1509206,-0.12124001,-0.13487211,-0.105564386,-0.14832106,-0.19665,-0.18965925,-0.2175087,-0.16115959,-0.22338755,-0.19781938,-0.29867563,-0.29210672,-0.19923401,-0.10725562,-0.09162698,-0.13691942,-0.15524068,-0.23188588,-0.19435334,-0.14672604,-0.2026537,-0.18392569,-0.18279888,-0.19807385,-0.19987433,-0.20536706,-0.15816928,-0.12580076,-0.14402646,-0.09196997,-0.09552716,-0.17158408,-0.14248666,-0.13743341,-0.1471319,-0.12719077,-0.15133902,-0.2613474,-0.22333384,-0.1895579,-0.20047067,-0.14601511,-0.14939757,-0.13082966,-0.14298713,-0.1512,-0.16450237,-0.1467719,-0.16278498,-0.15966052,-0.14998752,-0.14711821,-0.15734017,-0.15342668,7.72579,-0.120334074,-0.14156422,-0.118336216,-0.16134076,-0.17455032,-0.15586305,-0.16834167,-0.11139822,-0.1388583,-0.13027036,-0.12850758,-0.15152657,-0.14217502,-0.115318306,-0.10065024,-0.090148956,-0.105413884,-0.12060146,-0.13512063,-0.15027548,-0.1604923,-0.1185138,-0.11129953,-0.1578567,-0.17738779,-0.13409768,-0.16387916,-0.25953975,-0.1488145,-0.1325857,-0.1417911,-0.15095688,-0.17780018,-0.16401444,-0.22917573,-0.09015879,-0.10978323,-0.13473894,-0.12974223,-0.13997786,-0.17397119,-0.13908121,-0.16057305,-0.12777606,-0.07092635,-0.03704006,-0.13712278,-0.1623399,-0.17917481,-0.14332479,-0.12334781,-0.13556468,-0.12023825,-0.13824344,-0.25318068,-0.26654312,-0.08326738,-0.10945694,-0.14454928,-0.09238048,-0.18806063,-0.19073609,-0.15298323,-0.090124026,-0.13230102,-0.14960787,-0.15051755,-0.15933567,-0.17089447,-0.18414482,-0.08768971,-0.123980194,-0.14159307,-0.10256614,-0.17951453,-0.19495486,-0.19192058,-0.099893846,-0.13113372,-0.07967126,-0.12781146,-0.19006202,-0.19406037,-0.19219348,-0.12352534,-0.07507128,-0.097048424,-0.11848037,-0.13653329,-0.12406494,-0.121451,-0.09451732,-0.09650682,-0.10832919,-0.082459606,-0.1127651,-0.13221118,-0.1674209,-0.1410757,-0.13625903,-0.18093297,-0.17825818,-0.19493105,-0.14473535,-0.15549555,-0.13558018,-0.119081676,-0.14001076,-0.19117098,-0.19208078,-0.18197261,-0.19755594,-0.25103784,-0.20219928,-0.19030146,-0.19136852,-0.18289694,-0.17413405,-0.27554205,-0.08916744,-0.11956477,-0.12747446,-0.15751183,-0.20931396,-0.18224281,-0.29657933,-0.32474133,-0.1516845,-0.3242122,-0.17325558,-0.17108874,-0.2185038,-0.17647925,-0.114121355,-0.13981374,-0.15388772,-0.15788373,-0.22984435,-0.18186735,-0.2595622,-0.10432326,-0.12455491,-0.13841252,-0.12401798,-0.15189947,-0.1553286,-0.15635762,-0.14014931,-0.15141064,-0.16337997,-0.15540288,-0.15371346,-0.15315269,-0.13393798,-0.12279734,-0.14622997,-0.19080213,-0.1775569,-0.21025829,-0.3990198,-0.20403418,-0.11340456,-0.1296617,-0.11864877,-0.14785647,-0.16636807,-0.18711035,-0.19204114,-0.13147753,-0.076316714,-0.1531846,-0.13965988,-0.14106366,-0.118060246,-0.19987361,-0.1649412,-0.15863682,-0.14160037,-0.12344727,-0.12722544,-0.14610182,-0.2588673,-0.107191995,-0.13074079,-0.09132757,-0.12832497,-0.12910914,-0.14967805,-0.1519782,-0.09618891,-0.08910369,-0.1242435,-0.11036186,-0.13795446,-0.15077989,-0.1707556,-0.14296027,-0.115968406,-0.17432088,-0.15188703,-0.14245689,-0.12540938,-0.14219558,-0.17466888,-0.13176009,-0.13216037,-0.14584228,-0.122948125,-0.08722703,-0.05825615,-0.14351147,-0.17082691,-0.026243303,-0.16688551,-0.2829064,-0.31316653,-0.1992566,-0.14583701,-0.14331596,-0.14862512,-0.12963767,-0.25088155,-0.1948296,-0.18903251,-0.09424653,-0.109272584,-0.10702289,-0.09375699,-0.12759323,-0.15291144,-0.15746465,-0.1675266,-0.12812386,-0.0969081,-0.16398169,-0.14381433,-0.11335766,-0.18846886,-0.1706479,-0.15408379,-0.125746,-0.115196005,-0.1128711,-0.11662802,-0.17639735,-0.13861227,-0.13452731,-0.096878245,-0.12117796,-0.09150586,-0.12434345,-0.13566257,-0.063823454,-0.13877153,-0.11419349,-0.13365455,-0.24483351,-0.2571875,-0.29957527,-0.14645436,-0.15699692,-0.13225147,-0.19104545,-0.0782174,-0.1727687,-0.16440341,-0.09859173,-0.11065883,-0.11424015,-0.076612435,-0.083404,-0.1213824,-0.13072303,-0.13855581,-0.19385117,-0.0992062,-0.15578204,-0.19487974,-0.19146805,-0.18735737,-0.11109349,-0.14310424,-0.102880195,-0.15952338,-0.19493768,-0.17355415,-0.16914311,-0.14292595,-0.14273612,-0.10156852,-0.15335247,-0.16184808,-0.18119344,-0.19585851,-0.12119827,-0.1474984,-0.11349882,-0.07968188,-0.14315736,-0.20725825,-0.16102725,-0.125103,-0.15657571,-0.15690626,-0.14380519,-0.19202894,-0.1626898,-0.18223348,-0.2963242,-0.19866431,-0.1810743,-0.17183663,-0.19360535,-0.15757403,-0.14054683,-0.13033153,-0.12557748,-0.13826878,-0.1634518,-0.30584824,-0.16672409,-0.18129165,-0.19315007,-0.11441202,-0.15052736,-0.14070565,-0.17842217,-0.16714239,-0.16480184,-0.14331086,-0.18237996,-0.12819692,-0.15346389,-0.13744447,-0.24156228,-0.1796852,-0.10314941,-0.13518466,-0.14210472,-0.17482057,-0.11011203,-0.1344357,-0.15244311,-0.16048151,-0.18214846,-0.15449297,-0.14939405,-0.19184028,-0.1756833,-0.16435456,-0.14723541,-0.14623587,-0.11499533,-0.10471026,-0.13504417,-0.20148799,-0.1773988,-0.12513243,-0.16614234,-0.18041904,-0.18738703,-0.11705899,-0.17674312,-0.260742,-0.09244674,-0.09204838,-0.11458907,-0.13610283,-0.14819017,-0.09821832,-0.18950757
k__Bacteria|p__Firmicutes|c__Clostridia|o__Eubacteriales|f__Clostridiaceae|g__GGB57353|s__GGB57353_SGB58537,-0.1004395,-0.12316422,-0.14164409,-0.20428483,-0.16754098,-0.19311833,-0.1666669,-0.14495382,-0.1251,-0.18302351,-0.1832268,-0.22513738,-0.16947535,-0.20450218,-0.1035164,-0.09968664,-0.058144663,-0.099615574,-0.10817196,-0.17051299,-0.1978925,-0.12536043,-0.1363416,-0.1522598,-0.17149764,-0.11658599,-0.16745465,-0.1737194,-0.1509206,-0.12124001,-0.1351475,-0.10622738,-0.14825979,-0.19552292,-0.18884024,-0.2175087,-0.16153792,-0.22338755,-0.19723126,-0.29867563,-0.29210672,-0.1975014,-0.10743696,-0.09162698,-0.13691942,-0.15507683,-0.23188588,-0.19349942,-0.14657845,-0.2026537,-0.1842199,-0.18279888,-0.19705632,-0.19823503,-0.20236248,-0.15675181,-0.12587324,-0.14376113,-0.092433274,-0.09595482,-0.17113918,-0.14228895,-0.13743341,-0.14696619,-0.12719077,-0.15099114,-0.2613474,-0.22333384,-0.18884665,-0.20047067,-0.1456074,-0.14931767,-0.13086466,-0.14265318,-0.15036935,-0.16388686,-0.14663568,-0.16278498,-0.15971291,-0.14998752,-0.14735033,-0.157103,-0.15307531,-0.22480208,-0.120334074,-0.14146096,-0.11853202,-0.16068515,-0.17390631,-0.15574431,-0.16796589,-0.11139822,-0.1388583,-0.13027036,-0.12854758,-0.15152657,-0.14260055,-0.115568586,-0.10065024,-0.09086032,-0.10561319,-0.12057459,-0.13504589,-0.15027548,-0.16032611,-0.1185138,-0.11129953,-0.1578567,-0.17738779,-0.1333313,-0.16393697,-0.25953975,-0.14871809,-0.13287409,-0.14155656,-0.15095688,-0.17780018,-0.16353402,-0.22917573,-0.09015879,-0.11024837,-0.13478966,-0.12975685,-0.13997786,-0.17368212,-0.13908121,-0.16057305,-0.12777606,-0.07092635,-0.03704006,-0.13696575,-0.16199858,-0.17861128,-0.14332479,-0.12334781,-0.13577667,-0.12023825,-0.13830292,-0.25318068,-0.26654312,-0.08398485,-0.10945694,-0.14426893,-0.09238048,-0.18731351,-0.19018984,-0.15312932,-0.090693116,-0.13230102,-0.14951709,-0.1503298,-0.15894465,-0.17053159,-0.18336089,-0.08842941,-0.12366503,-0.14140083,-0.10256614,-0.17951453,-0.19495486,-0.19081706,-0.10026953,-0.13113372,-0.07972334,-0.12775616,-0.19006202,-0.19336444,-0.19139051,-0.123408765,-0.07614489,-0.09729563,-0.11859894,-0.13651562,-0.12406494,-0.121451,-0.09483908,-0.09691414,-0.10863733,-0.082459606,-0.112762354,-0.13219364,-0.16676831,-0.1410757,-0.13654986,-0.18093297,-0.17825818,-0.19402732,-0.14463305,-0.15549555,-0.135407,-0.119081676,-0.14001076,-0.19117098,-0.19122423,-0.18142101,-0.19755594,-0.25103784,-0.20219928,-0.18999854,-0.19107792,-0.18231949,-0.17376241,-0.27554205,-0.08916744,-0.11956477,-0.12800062,-0.15751183,-0.20931396,-0.18224281,-0.29657933,-0.32474133,-0.15171038,-0.3242122,-0.17325558,-0.17108874,-0.2185038,1.2086734,-0.114121355,-0.14012131,-0.15388772,-0.15788373,-0.22984435,-0.18186735,-0.25585347,-0.10467912,-0.12455491,-0.13848597,-0.12424232,-0.15189947,-0.15488532,-0.1560267,-0.14014931,-0.15141064,-0.16292965,-0.155446,-0.15346156,-0.15311904,-0.13404481,-0.12330097,-0.14636531,-0.19004996,-0.17694569,-0.21025829,-0.3990198,-0.19984345,-0.11351296,-0.1296617,-0.11825247,-0.14783904,-0.16636807,-0.18608099,-0.19150805,-0.13175046,-0.07731411,-0.15274292,-0.13999681,-0.14106366,-0.11785251,-0.19987361,-0.1649412,-0.15889499,-0.14150563,-0.123753294,-0.12722544,-0.14610182,-0.2588673,-0.107471034,-0.13074079,-0.09132757,-0.12832497,-0.12918828,-0.14990804,-0.15173097,-0.09659881,-0.08910369,-0.12427316,-0.110875025,-0.13780172,-0.15079552,-0.17014918,-0.14291789,-0.11662188,-0.17350516,-0.15184543,-0.14227915,-0.12567267,-0.14162287,-0.17466888,-0.13176009,-0.13224982,-0.14565368,-0.123164386,-0.08722703,-0.05825615,-0.14336099,-0.17082691,-0.026243303,-0.16629261,-0.2829064,-0.31316653,-0.19679546,-0.14567167,-0.14331596,-0.14862512,-0.12963767,-0.25088155,-0.19379342,-0.1882373,-0.09507949,-0.10938589,-0.10702289,-0.093781754,-0.12759323,-0.1526713,-0.15746465,-0.16699336,-0.12812386,-0.0969081,-0.16398169,-0.14357609,-0.11335766,-0.18846886,-0.1706479,-0.15410535,-0.12591451,-0.115196005,-0.112987,-0.11662802,-0.17556891,-0.13852131,-0.13447613,-0.096878245,-0.12112801,-0.09200165,-0.12434345,-0.1357964,-0.063823454,-0.13877153,-0.11419349,-0.13380498,-0.24483351,-0.2571875,-0.29957527,-0.14614913,-0.15668161,-0.13219497,-0.19104545,-0.0782174,-0.17184037,-0.16420263,-0.09859173,-0.11065883,-0.114662915,-0.076612435,-0.083404,-0.1213824,-0.13072303,-0.13855581,-0.19385117,-0.099487886,-0.15543446,-0.19487974,-0.19110832,-0.1867187,-0.11148116,-0.14308843,-0.103102595,-0.15886718,-0.19388449,-0.17189002,-0.16931024,-0.14286512,-0.14248943,-0.10216381,-0.1530447,-0.16150172,-0.18081309,-0.19487092,-0.1212976,-0.1470256,-0.1138643,-0.08027496,-0.142771,-0.20725825,-0.16098687,-0.125103,-0.15657571,-0.15690626,-0.14358903,-0.19202894,-0.1626955,-0.181754,-0.2963242,-0.19814047,-0.18076867,-0.1717931,-0.19281892,-0.15739973,-0.14054683,-0.1304594,-0.12557748,-0.13830096,-0.16364041,-0.30584824,-0.16681036,-0.18108709,-0.19275683,-0.11441202,-0.15033528,-0.14064737,-0.17775619,-0.16682887,-0.16442995,-0.14331086,-0.18237996,-0.12851429,-0.15316091,-0.13741873,2.0262892,-0.17960005,-0.1035379,-0.13537458,-0.1418681,-0.17416254,-0.11075943,-0.13452552,-0.15209365,-0.15979153,-0.18193713,-0.15384483,-0.14916177,-0.19184028,-0.17549878,-0.16390282,-0.14723541,-0.14623587,-0.11499533,-0.10471026,-0.13482192,-0.20148799,-0.17705858,-0.12513243,-0.16589832,-0.18041904,-0.18738703,-0.11705899,-0.17560127,-0.25925612,-0.09291628,-0.09253852,-0.11495129,-0.13586861,-0.1479556,-0.09886783,-0.18866077
k__Bacteria|p__Firmicutes|c__Clostridia|o__Eubacteriales|f__Clostridiaceae|g__Clostridium|s__Clostridium_jeddahense,-0.1004395,-0.12316422,-0.14213894,-0.20428483,-0.1669651,-0.1935198,-0.1666669,-0.14491972,-0.12545784,-0.18380964,-0.18335834,-0.21953224,-0.17026359,-0.20172036,-0.10254528,-0.09857538,-0.058144663,-0.0990639,-0.10773959,-0.1710368,-0.1978925,-0.12536043,-0.13626869,-0.15201977,-0.17123964,-0.11658599,-0.16772962,-0.17354125,-0.1509206,-0.12124001,-0.13532966,-0.10555401,-0.14874002,-0.19527283,-0.18902175,-0.2175087,-0.16129531,-0.22338755,-0.19705401,-0.29867563,-0.29210672,-0.19756521,-0.10668655,-0.09162698,-0.13691942,-0.15523812,-0.23188588,-0.1938603,-0.14655292,-0.2026537,-0.18422212,-0.18279888,-0.19679321,-0.19777766,-0.20135002,-0.15757802,-0.12547854,-0.14356603,-0.091833785,-0.09537132,-0.17127535,-0.142055,-0.13743341,-0.14685258,-0.12719077,-0.1519193,-0.2613474,-0.22333384,-0.18860415,-0.20047067,-0.145295,-0.14909104,-0.13063592,-0.1426196,-0.15011296,-0.16342324,-0.14644593,-0.16278498,-0.15950806,-0.14998752,-0.14733315,-0.15726855,-0.15330958,-0.22480208,-0.120334074,-0.14161037,-0.11832705,-0.16068485,-0.17385119,-0.1558474,-0.1682177,-0.11139822,3.6543074,-0.13027036,-0.12863863,-0.15152657,-0.14296857,-0.115257576,-0.10065024,-0.09029063,-0.1051462,-0.12020117,-0.13495016,-0.15027548,-0.16022456,-0.1185138,-0.11129953,-0.1578567,-0.17738779,-0.13310695,-0.16472103,-0.25953975,-0.14886308,-0.13286698,-0.1416238,-0.15095688,-0.17780018,-0.1641574,-0.22917573,-0.09015879,-0.11049922,-0.13475195,-0.12944497,-0.13997786,-0.17394392,-0.13908121,-0.16057305,-0.12777606,-0.07092635,-0.03704006,-0.13745075,-0.16211694,-0.17881642,-0.14332479,-0.12334781,-0.13596578,-0.12023825,-0.13817108,-0.25318068,-0.26654312,-0.08302766,-0.10945694,-0.14412616,-0.09238048,-0.18830255,-0.19010365,-0.15310329,-0.08995718,-0.13230102,-0.14983329,-0.1503454,-0.1588409,-0.17052568,-0.18326512,-0.08759129,-0.123383775,-0.14062405,-0.10256614,-0.17951453,-0.19495486,-0.19058862,-0.09983623,-0.13113372,-0.07882173,-0.12802777,-0.19006202,-0.19287223,-0.19155955,-0.12292835,-0.07475579,-0.09673908,-0.11844501,-0.13652791,-0.12406494,-0.121451,-0.09398241,-0.096360035,-0.10822436,-0.082459606,-0.11265895,-0.13221538,-0.16686022,-0.1410757,-0.13673292,-0.18093297,-0.17825818,-0.19402696,-0.14482424,-0.15549555,-0.1352072,-0.119081676,-0.14001076,-0.19117098,-0.19081128,-0.18146053,-0.19755594,-0.25103784,-0.20219928,-0.19071297,-0.19146493,-0.18276627,-0.17448281,-0.27554205,-0.08916744,-0.11956477,-0.12850116,-0.15751183,-0.20931396,-0.18224281,-0.29657933,-0.32474133,-0.15665308,-0.3242122,-0.17325558,-0.17108874,-0.2185038,-0.17647925,-0.114121355,-0.14025313,-0.15388772,-0.15788373,-0.22984435,-0.18186735,-0.25427645,-0.1040934,-0.12455491,-0.1385999,-0.12413269,-0.15189947,-0.15464732,-0.15581828,-0.14014931,-0.15141064,-0.16272646,-0.15538873,-0.1534107,-0.15321031,-0.13386784,-0.1231429,-0.14685662,-0.19002351,-0.17693801,-0.21025829,-0.3990198,-0.20390551,-0.11322088,-0.1296617,-0.11814198,-0.14818312,-0.16636807,-0.18628925,-0.19165747,-0.13183911,-0.07629971,-0.15301934,-0.13991612,-0.14106366,-0.11806652,-0.19987361,-0.1649412,-0.15912884,-0.1416271,-0.123448536,-0.12722544,-0.14610182,-0.2588673,-0.10718862,-0.13074079,-0.09132757,-0.12832497,-0.12902457,-0.1499737,-0.15141746,-0.09578447,-0.08910369,-0.12419619,-0.11042605,-0.13802058,-0.15096793,-0.17012633,-0.14285688,-0.1167579,-0.17392205,-0.15194705,-0.14227742,-0.12524235,-0.14197291,-0.17466888,-0.13176009,-0.13234308,-0.14560436,-0.12242152,-0.08722703,-0.05825615,-0.14339915,-0.17082691,-0.026243303,-0.16724913,-0.2829064,-0.31316653,-0.19852741,-0.14563285,-0.14331596,-0.14862512,-0.12963767,3.5830328,-0.19320054,-0.18835047,-0.09443884,-0.1089843,-0.10702289,-0.092955574,-0.12759323,-0.1534831,-0.15746465,-0.16689283,-0.12812386,-0.0969081,-0.16398169,-0.14320697,-0.11335766,-0.18846886,-0.1706479,-0.15397586,-0.12543856,-0.115196005,-0.11273021,-0.11662802,-0.175832,-0.13822027,-0.13389923,-0.096878245,-0.12075373,-0.09138863,-0.12434345,-0.13594273,-0.063823454,-0.13877153,-0.11419349,-0.13397947,-0.24483351,-0.2571875,-0.29957527,-0.14608271,-0.15664431,-0.13210577,-0.19104545,-0.0782174,-0.17225464,-0.16420959,-0.09859173,-0.11065883,-0.11452559,-0.076612435,-0.083404,-0.1213824,-0.13072303,-0.13855581,-0.19385117,-0.098324195,-0.15592897,-0.19487974,-0.19125679,-0.18680725,-0.11110925,-0.14295787,-0.10262941,-0.15891697,-0.19407591,-0.17239738,-0.16919486,-0.14274055,-0.14228924,-0.10198192,-0.15338358,-0.16163231,-0.1812798,-0.19488335,-0.12103173,-0.14703265,-0.11382373,-0.079894006,-0.1432733,-0.20725825,-0.16063969,-0.125103,-0.15657571,-0.15690626,-0.14381063,-0.19202894,-0.16273409,-0.18184145,-0.2963242,-0.19887842,-0.18176952,-0.17202824,-0.19314772,-0.15765858,-0.14054683,-0.13022846,6.6795197,-0.1382514,-0.16394436,-0.30584824,-0.16712019,-0.18077025,-0.19291449,-0.11441202,-0.15068793,-0.14077944,-0.17819269,-0.16672477,-0.1644685,-0.14331086,-0.18237996,-0.12866977,-0.15368578,-0.13771427,-0.24156228,-0.17987113,-0.10292292,-0.13549963,-0.1416256,-0.17413658,-0.11035282,-0.13472503,-0.15186131,-0.15953043,-0.18207511,-0.1536816,-0.14888166,-0.19184028,-0.17543748,-0.1637367,-0.14723541,-0.14623587,-0.11499533,-0.10471026,-0.13536981,-0.20148799,-0.17676482,-0.12513243,-0.16637966,-0.18041904,-0.18738703,-0.11705899,-0.17570546,-0.25834623,-0.09209243,-0.09194355,-0.11483668,-0.13591,-0.14778046,-0.09853259,-0.18884766
k__Bacteria|p__Firmicutes|c__Clostridia|o__Eubacteriales|f__Peptostreptococcaceae|g__Peptostreptococcus|s__Peptostreptococcus_SGB749,-0.1004395,-0.12316422,-0.14144138,-0.20428483,-0.1668509,-0.19362986,-0.1666669,-0.14530279,-0.12489355,-0.18363267,-0.18342596,-0.2240375,-0.17058319,-0.20433164,-0.10338071,-0.09944929,-0.058144663,-0.1000773,-0.107830636,-0.1709275,-0.1978925,-0.12536043,-0.1366871,-0.15273902,-0.17170319,-0.11658599,-0.16749863,-0.17427006,-0.1509206,-0.12124001,-0.1352928,-0.105617166,-0.14839989,-0.19574091,-0.18935022,-0.2175087,-0.16077402,-0.22338755,-0.19702959,-0.29867563,-0.29210672,-0.19804457,-0.10747743,-0.09162698,-0.13691942,-0.1550985,-0.23188588,-0.19394755,-0.14679743,-0.2026537,-0.18350422,-0.18279888,-0.1967856,-0.19835845,-0.20300807,-0.15898228,-0.12593564,-0.1441303,-0.09253298,-0.09579807,-0.17147705,-0.14280072,-0.13743341,-0.14722058,-0.12719077,-0.15139964,-0.2613474,-0.22333384,-0.18879676,-0.20047067,-0.14607058,-0.14955544,-0.13080208,-0.1429601,-0.15134938,-0.16453138,-0.14708018,-0.16278498,-0.15943593,-0.14998752,-0.14744323,-0.15713234,-0.15347993,-0.22480208,-0.120334074,-0.14175865,-0.118456505,-0.16134632,-0.17436454,-0.15568677,-0.16836004,-0.11139822,-0.1388583,-0.13027036,-0.12893198,-0.15152657,-0.14272611,-0.11588062,-0.10065024,-0.0905669,-0.105727226,-0.1207308,-0.13522884,-0.15027548,-0.1606599,-0.1185138,-0.11129953,-0.1578567,-0.17738779,-0.13407351,-0.16352853,-0.25953975,-0.14888203,-0.13263685,-0.14170781,-0.15095688,-0.17780018,-0.16359077,-0.22917573,-0.09015879,-0.11034404,-0.13484824,-0.12991636,-0.13997786,-0.17377031,-0.13908121,-0.16057305,-0.12777606,-0.07092635,-0.03704006,-0.1372521,-0.16229075,-0.17921926,-0.14332479,-0.12334781,-0.1359143,-0.12023825,-0.13848302,-0.25318068,-0.26654312,-0.08366256,-0.10945694,-0.1448822,-0.09238048,-0.18779765,-0.1901718,-0.15307441,-0.09045118,-0.13230102,-0.1497063,-0.15043308,-0.1591162,-0.17066127,-0.18416508,-0.08794036,-0.1241187,-0.14139424,-0.10256614,-0.17951453,-0.19495486,-0.19154051,-0.10028662,-0.13113372,-0.07962738,-0.12805161,-0.19006202,-0.19337492,-0.19180535,-0.1239146,-0.07552318,-0.09734395,-0.11862795,-0.13675123,-0.12406494,-0.121451,-0.09475368,-0.09689006,-0.108668484,-0.082459606,-0.11310613,-0.13259651,-0.16749454,-0.1410757,-0.13636544,-0.18093297,-0.17825818,-0.19419749,-0.1448214,-0.15549555,-0.13573119,-0.119081676,-0.14001076,-0.19117098,-0.19107239,-0.18122339,-0.19755594,-0.25103784,-0.20219928,-0.19006869,-0.19084725,-0.18256493,-0.17366724,-0.27554205,-0.08916744,-0.11956477,-0.12781887,-0.15751183,-0.20931396,-0.18224281,-0.29657933,-0.32474133,-0.15254766,-0.3242122,-0.17325558,-0.17108874,-0.2185038,-0.17647925,-0.114121355,-0.13987362,-0.15388772,-0.15788373,-0.22984435,-0.18186735,-0.25519264,-0.10456085,-0.12455491,-0.13864446,-0.124334425,-0.15189947,-0.15546575,-0.15669432,-0.14014931,-0.15141064,-0.16345595,-0.15540124,-0.15374263,-0.15319636,-0.13410446,-0.12321341,-0.14642769,-0.19043678,-0.17716971,-0.21025829,-0.3990198,-0.20239198,-0.11369647,-0.1296617,-0.11878141,-0.14814708,-0.16636807,-0.1869379,-0.19164208,-0.13175476,-0.07675846,-0.15336503,-0.13984124,-0.14106366,-0.11848159,-0.19987361,-0.1649412,-0.1586359,-0.14154434,-0.12381843,-0.12722544,-0.14610182,-0.2588673,-0.107424736,-0.13074079,-0.09132757,-0.12832497,-0.12944758,-0.14993145,-0.15225214,-0.09654303,-0.08910369,-0.12451239,-0.11063929,-0.13802052,-0.15088998,-0.17067686,-0.1431136,-0.11652771,-0.1740802,-0.15198165,-0.1426878,-0.12546578,-0.14262447,-0.17466888,-0.13176009,-0.13241297,-0.1460953,-0.123221636,-0.08722703,-0.05825615,-0.14374281,-0.17082691,-0.026243303,-0.16645744,-0.2829064,-0.31316653,-0.19800727,-0.14593658,-0.14331596,-0.14862512,-0.12963767,-0.25088155,-0.19395721,-0.18879391,-0.09483698,-0.10958065,-0.10702289,-0.09418281,-0.12759323,-0.15311597,-0.15746465,-0.1673333,-0.12812386,-0.0969081,-0.16398169,-0.14411518,-0.11335766,-0.18846886,-0.1706479,-0.1541136,-0.12600888,-0.115196005,-0.11319424,-0.11662802,-0.17643388,-0.13873634,-0.13475141,-0.096878245,-0.12130719,-0.09200432,-0.12434345,-0.13627571,-0.063823454,-0.13877153,-0.11419349,-0.1338965,-0.24483351,4.0347867,-0.29957527,-0.14637741,-0.15694648,-0.13226233,-0.19104545,-0.0782174,-0.17242494,-0.16459185,-0.09859173,-0.11065883,-0.115108795,-0.076612435,-0.083404,-0.1213824,-0.13072303,-0.13855581,-0.19385117,-0.09929809,-0.15566927,-0.19487974,-0.19089627,-0.18699023,-0.11143425,-0.14324209,-0.103337385,-0.15961944,-0.19399382,-0.17332216,-0.16901687,-0.14299642,-0.14278969,-0.10168043,-0.1533528,-0.16170447,-0.1808374,-0.19503926,-0.121496975,-0.14773484,-0.11394143,-0.08017865,-0.14288856,-0.20725825,-0.16093725,-0.125103,-0.15657571,-0.15690626,-0.14371079,-0.19202894,-0.16263174,-0.1823055,-0.2963242,-0.19679359,-0.18083364,-0.17150977,-0.19268194,-0.15755835,-0.14054683,-0.13046944,-0.12557748,-0.13843516,-0.16296932,-0.30584824,-0.16653076,-0.18137346,-0.19264804,-0.11441202,-0.15083554,-0.1407096,-0.17802662,-0.16699907,-0.16487111,-0.14331086,-0.18237996,-0.1282497,-0.153434,-0.13720834,-0.24156228,-0.17932782,-0.103377745,-0.1353418,-0.14220172,-0.17472702,-0.11044282,-0.13465345,-0.15273614,-0.16027217,-0.18160084,-0.15452576,-0.14925772,-0.19184028,-0.17536956,-0.1646643,-0.14723541,-0.14623587,-0.11499533,-0.10471026,-0.13514452,-0.20148799,-0.17735437,-0.12513243,-0.16565797,-0.18041904,-0.18738703,-0.11705899,-0.1771859,-0.2585323,-0.09272242,-0.09251535,-0.11480537,-0.13625482,-0.1481723,-0.09859757,-0.18915248
k__Bacteria|p__Firmicutes|c__Bacilli|o__Lactobacillales|f__Lactobacillaceae|g__Limosilactobacillus|s__Limosilactobacillus_portuensis,-0.1004395,-0.12316422,-0.14132735,-0.20428483,-0.16727158,-0.19315867,-0.1666669,-0.145278,-0.12524518,-0.18402329,-0.18299907,-0.21922538,-0.169191,-0.20243368,-0.10301548,-0.09897348,-0.058144663,-0.09972596,-0.10769997,-0.1709206,-0.1978925,-0.12536043,-0.13651638,-0.15263125,-0.1713945,-0.11658599,-0.16803434,-0.17426066,-0.1509206,-0.12124001,-0.13560557,-0.10543676,-0.14858717,-0.19501214,-0.1891142,-0.2175087,-0.16109464,-0.22338755,-0.19702186,-0.29867563,-0.29210672,-0.1972732,-0.10714241,-0.09162698,-0.13691942,-0.15512864,-0.23188588,-0.19376874,-0.14658271,-0.2026537,-0.18439813,-0.18279888,-0.19680415,-0.19677563,-0.20054229,-0.15785211,-0.12572053,-0.14378807,-0.09231632,-0.095500134,-0.17146316,-0.14253129,-0.13743341,-0.14703983,-0.12719077,-0.15152767,-0.2613474,-0.22333384,-0.18888766,-0.20047067,-0.14573723,-0.1494468,-0.13064532,-0.14259946,-0.15056317,-0.1642237,-0.14699836,-0.16278498,-0.15964215,-0.14998752,-0.1476966,-0.15704212,-0.1533642,-0.22480208,6.0050707,-0.14168519,-0.118283704,-0.16108873,-0.1741203,-0.15569684,-0.16854927,-0.11139822,-0.1388583,-0.13027036,-0.12884626,-0.15152657,-0.14316398,-0.11579222,-0.10065024,-0.090401426,-0.10530769,-0.12038444,-0.13499756,-0.15027548,-0.1607532,-0.1185138,1.8648078,-0.1578567,-0.17738779,-0.13342491,-0.16403808,-0.25953975,-0.14889538,-0.13272753,-0.14146723,-0.15095688,-0.17780018,-0.16346624,-0.22917573,-0.09015879,-0.11055581,-0.13483825,-0.12958226,-0.13997786,-0.17386955,-0.13908121,-0.16057305,-0.12777606,-0.07092635,-0.03704006,-0.13722412,-0.16221581,-0.17923774,-0.14332479,-0.12334781,-0.13612467,-0.12023825,-0.13829044,-0.25318068,-0.26654312,-0.083470546,-0.10945694,-0.14459404,-0.09238048,-0.18797746,-0.19019815,-0.1530776,-0.09022222,-0.13230102,-0.14976592,-0.15036581,-0.15897143,-0.17061384,-0.18386507,-0.08771475,-0.12376713,-0.14132625,-0.10256614,-0.17951453,-0.19495486,-0.19087416,-0.100084394,-0.13113372,-0.07875947,-0.12767336,-0.19006202,-0.19313537,-0.19160149,-0.12364844,-0.07529008,-0.09699071,-0.11834985,-0.13662708,-0.12406494,-0.121451,-0.09429343,-0.09640735,-0.10851019,-0.082459606,-0.112668976,-0.132337,-0.16735455,-0.1410757,-0.1365807,-0.18093297,-0.17825818,-0.19369619,-0.14467597,-0.15549555,-0.13546106,-0.119081676,-0.14001076,-0.19117098,-0.19079901,-0.18148011,-0.19755594,-0.25103784,-0.20219928,-0.19043428,-0.1912466,-0.18251611,-0.17382494,-0.27554205,-0.08916744,-0.11956477,-0.1282422,-0.15751183,-0.20931396,-0.18224281,-0.29657933,-0.32474133,-0.15355246,-0.3242122,-0.17325558,-0.17108874,-0.2185038,-0.17647925,-0.114121355,-0.1401564,-0.15388772,-0.15788373,-0.22984435,-0.18186735,-0.25233108,-0.10428552,-0.12455491,-0.13876936,-0.1242996,-0.15189947,-0.15501076,-0.15646993,-0.14014931,-0.15141064,-0.16326626,-0.15550596,-0.15366013,-0.15320814,-0.13395588,-0.12329395,-0.1467168,-0.19038701,-0.17676549,-0.21025829,-0.3990198,-0.20071849,-0.11340998,-0.1296617,-0.1182439,-0.14813812,-0.16636807,-0.18682662,-0.19173124,-0.13200909,-0.076433405,-0.15320694,-0.14000896,-0.14106366,-0.11833264,-0.19987361,-0.1649412,-0.15905832,-0.14146434,-0.12371199,-0.12722544,-0.14610182,-0.2588673,-0.10723199,-0.13074079,-0.09132757,-0.12832497,-0.12934637,-0.15009835,-0.15213081,-0.09623107,-0.08910369,-0.12437647,-0.110537134,-0.13795641,-0.15100968,-0.17042825,-0.1430817,-0.11680426,-0.17408977,-0.15202743,-0.14250742,-0.12519002,-0.14230767,-0.17466888,-0.13176009,-0.13234995,-0.14586356,-0.122862294,-0.08722703,-0.05825615,-0.14353746,-0.17082691,-0.026243303,-0.16700625,-0.2829064,-0.31316653,-0.19690397,-0.1457628,-0.14331596,-0.14862512,-0.12963767,-0.25088155,-0.19331518,-0.18859139,-0.094606504,-0.10933745,-0.10702289,-0.09330608,-0.12759323,-0.15322874,-0.15746465,-0.16708383,-0.12812386,-0.0969081,-0.16398169,-0.14393845,-0.11335766,-0.18846886,-0.1706479,-0.15407948,-0.12583598,-0.115196005,-0.11279872,-0.11662802,-0.17626859,-0.13849963,-0.13431135,-0.096878245,-0.12089418,-0.09167944,-0.12434345,-0.1364657,-0.063823454,-0.13877153,-0.11419349,-0.13390446,-0.24483351,-0.2571875,-0.29957527,-0.14614597,-0.15678796,-0.13202858,-0.19104545,-0.0782174,-0.17209302,-0.1647229,-0.09859173,-0.11065883,-0.11516307,-0.076612435,-0.083404,-0.1213824,-0.13072303,-0.13855581,-0.19385117,-0.0986353,-0.15585756,-0.19487974,-0.19119969,-0.18691146,-0.11132796,-0.14327583,-0.10286903,-0.15944588,-0.19361107,-0.17264707,-0.16938724,-0.14287129,-0.14247268,-0.10166255,-0.15337227,-0.16170439,-0.18109359,-0.19479239,-0.12117668,-0.1474325,-0.11409644,-0.08007714,-0.1428582,5.4204917,-0.16109033,-0.125103,-0.15657571,-0.15690626,-0.14369294,-0.19202894,-0.16284207,-0.18230706,-0.2963242,-0.19690321,-0.18128033,-0.17182507,-0.19262335,-0.15749413,-0.14054683,-0.13036108,-0.12557748,-0.1383931,-0.16373725,-0.30584824,-0.16709486,-0.18133977,-0.19279474,-0.11441202,-0.15083033,-0.14072789,-0.17812383,-0.16697516,-0.16476195,-0.14331086,-0.18237996,-0.1284366,-0.15359631,-0.13705835,-0.24156228,-0.1798401,-0.1031728,-0.13547097,-0.14189693,-0.1745204,-0.1104342,-0.13469172,-0.15261391,-0.15993598,-0.18199375,-0.15408298,-0.14900662,-0.19184028,-0.17543025,-0.16450953,-0.14723541,-0.14623587,-0.11499533,-0.10471026,-0.13499975,-0.20148799,-0.17729107,-0.12513243,-0.16639292,-0.18041904,-0.18738703,-0.11705899,-0.1764959,-0.25758168,-0.09238836,-0.09225176,-0.11477621,-0.13595477,-0.14794183,-0.098363325,-0.18917659
k__Bacteria|p__Firmicutes|c__Clostridia|o__Eubacteriales|f__Clostridiaceae|g__Clostridium|s__Clostridium_celatum,-0.1004395,-0.12316422,-0.14165238,-0.20428483,-0.1668231,-0.19335489,-0.1666669,-0.1448966,-0.124965414,-0.18334723,-0.18339738,-0.22402027,-0.16889471,-0.20368542,-0.10278088,-0.098716505,-0.058144663,-0.09932025,-0.107606575,-0.17076063,-0.1978925,-0.12536043,-0.13621338,-0.15218168,-0.1712935,-0.11658599,-0.16729644,-0.17362958,-0.1509206,-0.12124001,-0.13493082,-0.10546928,-0.14825222,-0.19542757,-0.18883502,-0.2175087,-0.16092034,-0.22338755,-0.19678588,-0.29867563,-0.29210672,-0.19775416,-0.106808886,-0.09162698,-0.13691942,-0.15486029,-0.23188588,-0.19354779,-0.14635596,-0.2026537,-0.1838755,-0.18279888,-0.19710106,-0.19835976,-0.20284942,-0.15712583,-0.12550783,-0.143551,-0.09200506,-0.095423505,-0.17111787,-0.14225402,-0.13743341,-0.14677608,-0.12719077,-0.15119544,-0.2613474,-0.22333384,-0.18868844,-0.20047067,-0.14547762,-0.14905618,-0.1305452,-0.14259598,-0.1504973,-0.16382651,-0.14639194,-0.16278498,-0.15931189,-0.14998752,-0.14705624,-0.15701129,-0.15315083,-0.22480208,-0.120334074,-0.14135179,-0.11819001,-0.16077618,-0.17387795,-0.15563148,-0.16792767,-0.11139822,-0.1388583,-0.13027036,-0.12845576,-0.15152657,-0.14249712,-0.115194425,-0.10065024,-0.09021793,-0.10516198,-0.12022075,-0.13480243,-0.15027548,-0.16007668,-0.1185138,-0.11129953,-0.1578567,-0.17738779,-0.1334394,-0.16402481,-0.25953975,-0.14854862,-0.13253674,-0.14149682,-0.15095688,-0.17780018,-0.16364416,-0.22917573,-0.09015879,-0.110032886,-0.13461241,-0.12945968,-0.13997786,-0.17360005,-0.13908121,-0.16057305,-0.12777606,-0.07092635,-0.03704006,-0.13697098,-0.16195515,-0.17863247,-0.14332479,-0.12334781,-0.1355581,-0.12023825,-0.13808829,-0.25318068,-0.26654312,-0.08319013,-0.10945694,-0.14415315,-0.09238048,-0.18760145,-0.19003454,-0.15267032,-0.090002656,-0.13230102,-0.1494348,-0.15017489,-0.15878141,-0.17038654,-0.1833671,-0.08764019,-0.12347788,-0.14084592,-0.10256614,-0.17951453,-0.19495486,-0.1908027,-0.09986971,-0.13113372,-0.07933244,-0.12766966,-0.19006202,-0.1930367,-0.19139919,-0.123134285,-0.07506269,-0.09682153,-0.1182817,-0.13632077,-0.12406494,-0.121451,-0.09421138,-0.09634033,-0.10815643,-0.082459606,-0.11257218,-0.13203627,-0.16675162,-0.1410757,-0.13626057,-0.18093297,-0.17825818,-0.19394703,-0.14451966,-0.15549555,-0.13520092,-0.119081676,-0.14001076,-0.19117098,-0.19087204,-0.1813204,-0.19755594,-0.25103784,-0.20219928,-0.19007614,-0.19099922,-0.18234724,-0.17383286,-0.27554205,-0.08916744,-0.11956477,-0.12780538,-0.15751183,-0.20931396,-0.18224281,-0.29657933,-0.32474133,-0.1532017,-0.3242122,-0.17325558,-0.17108874,-0.2185038,-0.17647925,-0.114121355,-0.13980862,-0.15388772,-0.15788373,-0.22984435,-0.18186735,-0.25529844,-0.10415854,-0.12455491,-0.13832878,-0.123939745,-0.15189947,-0.15483111,-0.15585057,-0.14014931,-0.15141064,-0.16287413,-0.15517944,-0.15336077,-0.15295112,-0.13359421,-0.122885264,-0.14627448,-0.19006819,-0.17694142,-0.21025829,-0.3990198,-0.20213231,-0.113170095,-0.1296617,-0.118221745,-0.14782062,-0.16636807,-0.18632382,-0.19137302,-0.13144477,-0.07644822,-0.15284738,-0.13956863,-0.14106366,-0.117938034,-0.19987361,-0.1649412,-0.1586196,-0.14138106,-0.123344325,-0.12722544,-0.14610182,-0.2588673,-0.10705286,-0.13074079,-0.09132757,-0.12832497,-0.12892652,-0.1496733,-0.15144767,-0.09595761,-0.08910369,-0.124061644,-0.11031643,-0.13767383,-0.15067038,-0.17003822,-0.14275478,-0.116267085,-0.17372072,-0.1517372,-0.14213532,-0.12527093,-0.14172894,-0.17466888,-0.13176009,-0.13207129,-0.1455663,-0.12257494,-0.08722703,-0.05825615,-0.14330417,-0.17082691,-0.026243303,-0.1663215,-0.2829064,-0.31316653,-0.19801982,-0.14549392,-0.14331596,-0.14862512,-0.12963767,-0.25088155,-0.19350794,-0.18827295,-0.09445008,-0.10900288,-0.10702289,-0.093434684,-0.12759323,-0.15285279,-0.15746465,-0.16682678,-0.12812386,-0.0969081,-0.16398169,-0.1433127,-0.11335766,-0.18846886,-0.1706479,-0.15377687,-0.12553504,-0.115196005,-0.11268349,-0.11662802,-0.17564768,-0.13824335,-0.13405924,-0.096878245,-0.12080542,-0.0914235,-0.12434345,-0.13560808,-0.063823454,-0.13877153,-0.11419349,-0.13362214,-0.24483351,-0.2571875,-0.29957527,-0.14601418,-0.15657577,-0.13207686,0.9784668,-0.0782174,-0.17213625,-0.16400567,-0.09859173,-0.11065883,-0.11437926,-0.076612435,-0.083404,-0.1213824,-0.13072303,-0.13855581,-0.19385117,-0.09881115,-0.15557261,-0.19487974,-0.19093415,-0.18662061,-0.11099021,-0.14279912,-0.10276299,-0.15898004,-0.19397786,-0.17251647,-0.1688205,-0.1426171,-0.14224508,-0.1016954,-0.15309606,-0.1613926,-0.18080267,-0.1947127,-0.12100606,-0.14703234,-0.11355877,-0.07985023,-0.1429683,-0.20725825,-0.16054085,-0.125103,-0.15657571,-0.15690626,-0.1435018,-0.19202894,-0.16246866,-0.18171757,-0.2963242,-0.19783883,-0.18095434,-0.17145865,-0.19279346,-0.15733263,-0.14054683,-0.13011904,-0.12557748,-0.13811652,-0.16307518,-0.30584824,-0.16681302,-0.1808038,-0.1924802,-0.11441202,-0.15040208,-0.14039123,-0.17787685,-0.1667082,-0.16423576,-0.14331086,-0.18237996,-0.1282335,-0.15331116,-0.1374932,-0.24156228,-0.17923832,-0.102930695,-0.13514872,-0.14169794,-0.17417604,-0.110123284,-0.13444816,-0.15189928,-0.15960892,-0.18170871,-0.15386674,-0.14896172,-0.19184028,-0.1752937,-0.16378608,-0.14723541,-0.14623587,-0.11499533,-0.10471026,-0.13493899,-0.20148799,-0.17675665,-0.12513243,-0.16565742,-0.18041904,-0.18738703,-0.11705899,-0.17599328,-0.25843948,-0.09223612,-0.09195345,-0.114590794,-0.13575946,-0.1477465,-0.09834105,-0.18867362
k__Bacteria|p__Firmicutes|c__Tissierellia|o__Tissierellales|f__Peptoniphilaceae|g__Anaerococcus|s__Anaerococcus_SGB6671,-0.1004395,-0.12316422,-0.14107372,-0.20428483,-0.16560565,-0.19255096,-0.1666669,-0.14462478,-0.12505192,-0.18286906,-0.18184836,-0.22174844,-0.1705564,-0.20158753,-0.10351886,-0.09974267,-0.058144663,-0.100121155,-0.10786455,-0.17033033,-0.1978925,-0.12536043,-0.13627172,-0.15218922,-0.17089303,-0.11658599,-0.166997,-0.1735827,-0.1509206,-0.12124001,-0.13517654,-0.10585038,-0.14821279,-0.19436292,-0.18875444,-0.2175087,-0.15966877,-0.22338755,-0.19575393,-0.29867563,-0.29210672,-0.19731998,-0.107466444,-0.09162698,-0.13691942,-0.15443565,-0.23188588,-0.19241884,-0.14636864,-0.2026537,-0.18129212,-0.18279888,-0.19550914,-0.19754857,-0.20214069,-0.1581797,-0.12581874,-0.14366153,-0.09291753,-0.09609211,-0.17064756,-0.14243571,-0.13743341,-0.146659,-0.12719077,-0.15099263,-0.2613474,-0.22333384,-0.18732008,-0.20047067,-0.1454741,-0.1490023,-0.13082385,-0.14259478,-0.15081283,-0.16347635,-0.14672817,-0.16278498,-0.1581952,-0.14998752,-0.14720985,-0.1563896,-0.15306309,-0.22480208,-0.120334074,-0.14145693,-0.118463516,-0.16049317,-0.1733169,-0.15514047,-0.16787225,-0.11139822,-0.1388583,-0.13027036,-0.12886493,-0.15152657,-0.1425543,-0.115882106,-0.10065024,-0.09105843,-0.10592326,-0.1206467,-0.13493845,-0.15027548,-0.16019568,-0.1185138,-0.11129953,-0.1578567,-0.17738779,-0.13374066,-0.16355333,-0.25953975,-0.14830549,-0.13260105,-0.14138669,-0.15095688,-0.17780018,-0.1623767,-0.22917573,-0.09015879,-0.11044468,-0.13465913,-0.12978494,-0.13997786,-0.17292869,-0.13908121,-0.16057305,-0.12777606,-0.07092635,-0.03704006,-0.13662304,-0.16188642,-0.17829598,-0.14332479,-0.12334781,-0.13563882,-0.12023825,-0.13849548,-0.25318068,-0.26654312,-0.084193304,-0.10945694,-0.14482138,-0.09238048,-0.18690324,-0.18908922,-0.15278095,-0.09082067,-0.13230102,-0.14931841,-0.14994818,-0.15853469,-0.16993333,-0.18350281,-0.08837011,-0.12384815,-0.1410063,-0.10256614,-0.17951453,-0.19495486,-0.1904061,-0.1004951,-0.13113372,-0.08046676,-0.12822847,-0.19006202,-0.19220975,-0.19069949,-0.12367077,-0.07595545,-0.09751673,-0.11863701,-0.13659176,-0.12406494,-0.121451,-0.094944775,-0.097023636,-0.108981565,-0.082459606,-0.113088414,-0.13243176,-0.16672803,-0.1410757,-0.13614418,-0.18093297,-0.17825818,-0.19298813,-0.14462423,-0.15549555,-0.13560326,-0.119081676,-0.14001076,-0.19117098,-0.18959391,-0.18037763,-0.19755594,-0.25103784,-0.20219928,-0.18890317,-0.1897439,-0.18177876,-0.17297375,-0.27554205,-0.08916744,-0.11956477,-0.12789372,-0.15751183,-0.20931396,-0.18224281,-0.29657933,-0.32474133,-0.15308762,-0.3242122,-0.17325558,-0.17108874,-0.2185038,-0.17647925,-0.114121355,-0.13954517,-0.15388772,-0.15788373,-0.22984435,-0.18186735,-0.25320578,-0.1047035,-0.12455491,-0.13845775,-0.12445651,-0.15189947,-0.15472603,-0.15607516,-0.14014931,-0.15141064,-0.16282243,-0.1546931,-0.15322903,-0.15275162,-0.13410029,-0.123285964,-0.14618221,-0.1896954,-0.17610842,-0.21025829,-0.3990198,-0.20269284,-0.11359725,-0.1296617,-0.11857686,-0.14798608,-0.16636807,-0.1857705,-0.19074988,-0.13167399,-0.077574864,-0.15306175,-0.13978052,-0.14106366,-0.11852336,-0.19987361,-0.1649412,-0.15782586,-0.14148769,-0.1238279,-0.12722544,-0.14610182,-0.2588673,-0.10759573,-0.13074079,-0.09132757,-0.12832497,-0.12953222,-0.14947802,-0.15178919,-0.09679078,-0.08910369,-0.12465197,-0.11084813,-0.13784224,-0.15053976,-0.17014727,-0.14269514,-0.11677923,-0.17313911,-0.15154165,-0.14235035,-0.12518182,-0.14217746,-0.17466888,-0.13176009,-0.13250244,-0.1454882,-0.123155534,-0.08722703,-0.05825615,-0.14321464,-0.17082691,-0.026243303,-0.16559602,-0.2829064,-0.31316653,-0.19787619,-0.14546208,-0.14331596,-0.14862512,-0.12963767,-0.25088155,-0.19228755,-0.18784967,-0.09534283,-0.10962133,-0.10702289,-0.09489843,-0.12759323,-0.15286526,-0.15746465,-0.16630062,-0.12812386,-0.0969081,-0.16398169,-0.14392751,-0.11335766,-0.18846886,-0.1706479,-0.15347233,-0.1259245,-0.115196005,-0.11352481,-0.11662802,-0.1755499,-0.13839677,-0.13438717,-0.096878245,-0.12120417,-0.0924858,-0.12434345,-0.1360543,-0.063823454,-0.13877153,-0.11419349,-0.1338247,-0.24483351,-0.2571875,-0.29957527,-0.14581141,-0.15633754,-0.13227329,-0.19104545,-0.0782174,-0.1715416,-0.16409805,-0.09859173,-0.11065883,-0.115118,-0.076612435,-0.083404,-0.1213824,-0.13072303,-0.13855581,-0.19385117,-0.09944663,-0.15516977,-0.19487974,-0.19004288,-0.18634182,-0.11160275,-0.14266631,-0.10347068,-0.15891819,-0.19288594,-0.17275336,-0.16862589,-0.14253241,-0.1422657,-0.10203883,-0.15306169,-0.16088179,-0.18007953,-0.19393799,-0.121381536,-0.14697506,-0.11393258,-0.08091546,-0.14311935,-0.20725825,-0.16014616,-0.125103,-0.15657571,-0.15690626,-0.14313632,-0.19202894,-0.16213259,-0.18165082,-0.2963242,-0.19554779,-0.18064407,-0.17070346,-0.19165735,-0.15698466,-0.14054683,-0.13037297,-0.12557748,-0.13824347,-0.16325442,0.933358,-0.16611059,-0.18058825,-0.19153416,-0.11441202,-0.15065043,-0.14028583,-0.17723523,-0.16625267,-0.16426079,-0.14331086,-0.18237996,-0.12817356,-0.15313801,-0.1375888,-0.24156228,-0.17817448,-0.10363227,-0.13496703,-0.14193602,-0.1737011,-0.11071912,-0.13452229,-0.15233894,-0.1591978,-0.18057881,-0.15421778,-0.14886916,-0.19184028,-0.17445147,-0.16392902,-0.14723541,-0.14623587,-0.11499533,-0.10471026,-0.13531761,-0.20148799,-0.1764186,-0.12513243,-0.16472915,-0.18041904,-0.18738703,-0.11705899,-0.17640021,-0.25628912,-0.09300932,-0.092881344,-0.11490287,-0.13606966,-0.14783174,-0.09905921,-0.18828076
k__Bacteria|p__Firmicutes|c__Tissierellia|o__Tissierellales|f__Peptoniphilaceae|g__Anaerococcus|s__Anaerococcus_mediterraneensis,-0.1004395,-0.12316422,-0.14155684,-0.20428483,-0.16669796,-0.19325827,-0.1666669,-0.14485243,-0.125104,-0.18350707,-0.18213803,-0.21911435,-0.16961281,-0.20134386,-0.102929346,-0.098730154,-0.058144663,-0.099355064,-0.10782589,-0.17070764,-0.1978925,-0.12536043,-0.13627088,-0.15217789,-0.1712222,-0.11658599,-0.16737661,-0.17350376,-0.1509206,-0.12124001,-0.13498223,-0.10560366,-0.14815079,-0.19493158,-0.1886681,-0.2175087,-0.16080028,-0.22338755,-0.19632663,-0.29867563,-0.29210672,-0.1972059,-0.10704236,-0.09162698,-0.13691942,-0.1547704,-0.23188588,-0.19339131,-0.14652112,-0.2026537,-0.18384701,-0.18279888,-0.19623038,-0.19699696,-0.20098725,-0.15755978,-0.12557912,-0.14352967,-0.092363045,-0.09575753,-0.17112821,-0.14228982,-0.13743341,-0.14670375,-0.12719077,-0.15148462,-0.2613474,-0.22333384,-0.18842421,-0.20047067,-0.1454866,-0.14905651,-0.13053443,-0.14246336,-0.1505476,-0.16367343,-0.1466513,-0.16278498,-0.15918654,-0.14998752,-0.14712378,-0.15688896,-0.15315226,-0.22480208,-0.120334074,-0.14135456,-0.11828391,-0.16082974,-0.17372334,-0.15540446,-0.16789666,-0.11139822,-0.1388583,-0.13027036,-0.12870917,-0.15152657,-0.14270943,-0.1154588,-0.10065024,-0.090404004,-0.10542576,-0.12038803,-0.13491742,-0.15027548,-0.16010536,-0.1185138,-0.11129953,-0.1578567,-0.17738779,-0.13342571,-0.16385704,-0.25953975,-0.14855632,-0.13243195,-0.1413373,-0.15095688,-0.17780018,-0.16354549,-0.22917573,-0.09015879,-0.11016315,-0.13452281,-0.12943718,-0.13997786,-0.17335331,-0.13908121,-0.16057305,-0.12777606,-0.07092635,-0.03704006,-0.13695571,-0.16195257,-0.17846186,-0.14332479,-0.12334781,-0.13573527,-0.12023825,-0.1381072,-0.25318068,-0.26654312,-0.08364599,-0.10945694,-0.14421898,-0.09238048,-0.18754457,-0.18956538,-0.15263167,-0.09039518,-0.13230102,-0.14938076,-0.15005717,-0.15870525,-0.17029,-0.18353081,-0.08798887,-0.12352123,-0.14043759,-0.10256614,-0.17951453,-0.19495486,-0.19070739,-0.10022415,-0.13113372,-0.07936163,-0.12782264,-0.19006202,-0.19278291,-0.19117148,-0.123195276,-0.075641856,-0.09718184,-0.11831201,-0.13629209,-0.12406494,-0.121451,-0.09441678,-0.0965417,-0.108336784,-0.082459606,-0.11277566,-0.13218057,-0.1667265,-0.1410757,-0.13634361,-0.18093297,-0.17825818,-0.19361544,-0.14451031,-0.15549555,-0.13523719,-0.119081676,-0.14001076,-0.19117098,-0.19049735,-0.18097931,-0.19755594,-0.25103784,-0.20219928,-0.19008711,-0.19073895,-0.18219241,-0.17356755,-0.27554205,-0.08916744,-0.11956477,-0.12792426,-0.15751183,-0.20931396,-0.18224281,-0.29657933,-0.32474133,-0.15300521,-0.3242122,-0.17325558,-0.17108874,-0.2185038,-0.17647925,-0.114121355,-0.13981964,-0.15388772,-0.15788373,-0.22984435,-0.18186735,-0.25292447,-0.10434233,-0.12455491,-0.13838416,-0.12417534,-0.15189947,-0.154845,-0.15594399,-0.14014931,-0.15141064,-0.16283622,-0.15510926,-0.15331243,-0.15272738,-0.13367441,-0.12309861,-0.14627877,-0.18979865,-0.17626294,-0.21025829,-0.3990198,-0.2013706,-0.11336344,-0.1296617,-0.118248746,-0.14783587,-0.16636807,-0.18624073,-0.19124717,-0.13138756,-0.077128336,-0.1529229,-0.13971174,-0.14106366,-0.11777513,-0.19987361,-0.1649412,-0.1584616,-0.1411852,-0.12338759,-0.12722544,-0.14610182,-0.2588673,-0.10720488,-0.13074079,-0.09132757,-0.12832497,-0.12912124,-0.14962523,-0.15161097,-0.09623402,-0.08910369,-0.124150634,-0.11049201,-0.13771918,-0.15061456,-0.1700028,-0.142797,-0.11653219,-0.17351934,-0.1516525,-0.14212367,-0.1252659,-0.14189017,-0.17466888,-0.13176009,-0.13227417,-0.14547141,-0.12276939,-0.08722703,-0.05825615,-0.14323828,-0.17082691,-0.026243303,-0.16605306,-0.2829064,-0.31316653,-0.19741231,-0.14549217,-0.14331596,-0.14862512,-0.12963767,-0.25088155,-0.19330063,-0.18822792,-0.09476041,-0.10929313,-0.10702289,-0.09372677,-0.12759323,-0.15276128,-0.15746465,-0.16668451,-0.12812386,-0.0969081,-0.16398169,-0.14335358,-0.11335766,-0.18846886,-0.1706479,-0.15368605,-0.12574589,-0.115196005,-0.11282778,-0.11662802,-0.175685,-0.1382511,-0.13410659,-0.096878245,-0.12082786,-0.09181076,-0.12434345,-0.1357848,-0.063823454,-0.13877153,-0.11419349,-0.13364941,-0.24483351,-0.2571875,-0.29957527,-0.14593473,-0.15649699,-0.13217764,-0.19104545,-0.0782174,-0.17210723,-0.16385129,-0.09859173,-0.11065883,-0.114605814,-0.076612435,-0.083404,-0.1213824,-0.13072303,-0.13855581,-0.19385117,-0.099130124,-0.1556102,-0.19487974,-0.19075565,-0.18645203,-0.11126379,-0.14277796,-0.10321568,-0.15912126,-0.1936079,-0.1721217,-0.16867432,-0.14257659,-0.14221117,-0.10173823,-0.15299529,-0.16131523,-0.1805648,-0.19430977,-0.12122172,-0.14706977,-0.11380835,-0.08034022,-0.14279859,-0.20725825,-0.16060519,-0.125103,-0.15657571,-0.15690626,-0.14346677,-0.19202894,-0.1624128,-0.1817671,1.6353865,-0.19725879,-0.18071422,-0.1712196,-0.19234529,-0.15707034,-0.14054683,-0.1301572,-0.12557748,-0.13808689,-0.1629206,-0.30584824,-0.16664109,-0.1807473,-0.1923622,-0.11441202,-0.15037636,-0.14045918,-0.17768231,-0.16665989,-0.16431421,-0.14331086,-0.18237996,-0.12834391,-0.15299512,-0.13717896,-0.24156228,-0.17923318,-0.103229344,-0.1351577,-0.14183477,-0.17405194,-0.11042111,-0.13450879,-0.15206018,-0.15952134,-0.18150221,-0.15395734,-0.14900929,0.9851359,-0.17515099,-0.16392432,-0.14723541,-0.14623587,-0.11499533,-0.10471026,-0.13496779,-0.20148799,-0.17676896,-0.12513243,-0.16528511,-0.18041904,-0.18738703,-0.11705899,-0.17631666,-0.2576382,-0.09255243,-0.092313886,-0.114743575,-0.1358048,-0.14763144,-0.09858388,-0.18863177
k__Bacteria|p__Firmicutes|c__Bacilli|o__Lactobacillales|f__Streptococcaceae|g__Streptococcus|s__Streptococcus_equinus,-0.1004395,-0.12316422,-0.1417773,-0.20428483,-0.16639264,-0.19346905,-0.1666669,-0.14500178,-0.12474589,-0.18369657,-0.18295893,-0.23168525,-0.16916898,-0.20665723,-0.10307467,-0.099596545,-0.058144663,-0.09987542,-0.10759659,-0.1707983,-0.1978925,-0.12536043,-0.13621517,-0.15224157,-0.17156684,-0.11658599,-0.16708425,-0.17379287,-0.1509206,-0.12124001,-0.1348938,-0.10571081,-0.14829817,-0.19624034,-0.18939441,-0.2175087,-0.160169,-0.22338755,-0.19731846,-0.29867563,-0.29210672,-0.19891429,-0.10710349,-0.09162698,-0.13691942,-0.15486084,-0.23188588,-0.19369309,-0.14639206,-0.2026537,-0.18251486,-0.18279888,-0.19799387,-0.1998205,-0.20631255,-0.15791032,-0.12573251,-0.1438265,-0.09201725,-0.09568495,-0.17115957,-0.14226526,-0.13743341,-0.14684555,-0.12719077,-0.15105179,-0.2613474,-0.22333384,-0.1884216,1.283371,-0.14571309,-0.14913589,-0.13091873,-0.14301538,-0.15101023,-0.16405049,-0.14642116,-0.16278498,-0.15888643,-0.14998752,-0.14705801,-0.15698907,-0.15320739,-0.22480208,-0.120334074,-0.14145769,-0.11831951,-0.16090253,-0.17395464,-0.15552455,-0.1680927,-0.11139822,-0.1388583,-0.13027036,-0.12858404,-0.15152657,-0.14212683,-0.11537994,-0.10065024,-0.090514526,-0.10553853,-0.12057402,-0.13497043,-0.15027548,-0.16017796,-0.1185138,-0.11129953,-0.1578567,-0.17738779,-0.13398331,-0.16412923,-0.25953975,-0.14848247,-0.13256812,-0.14191124,-0.15095688,-0.17780018,-0.16327825,-0.22917573,-0.09015879,-0.109912515,-0.13467112,-0.12980995,-0.13997786,-0.17356142,-0.13908121,-0.16057305,-0.12777606,-0.07092635,-0.03704006,-0.1371136,-0.16201825,-0.1787744,-0.14332479,-0.12334781,-0.13542828,-0.12023825,-0.13847685,-0.25318068,-0.26654312,-0.08335906,-0.10945694,-0.14460915,-0.09238048,-0.18762745,-0.19039023,-0.15294039,-0.09016924,-0.13230102,-0.14941925,-0.15028247,-0.1589775,-0.17049778,-0.18376708,-0.087790236,-0.12386894,-0.14112417,-0.10256614,-0.17951453,-0.19495486,-0.19132987,-0.10008105,-0.13113372,-0.080446385,-0.12812129,-0.19006202,-0.19339788,-0.19169107,-0.12324716,-0.0751041,-0.097210094,-0.11867769,-0.1365765,-0.12406494,-0.121451,-0.09456402,-0.09665978,-0.108517244,-0.082459606,-0.11302027,-0.13224117,-0.16699609,-0.1410757,-0.13613267,-0.18093297,-0.17825818,-0.19440967,-0.14479618,-0.15549555,-0.13553713,-0.119081676,-0.14001076,-0.19117098,-0.19121131,-0.18129745,-0.19755594,-0.25103784,-0.20219928,-0.18953823,-0.19096498,-0.18253887,-0.17392024,-0.27554205,-0.08916744,-0.11956477,-0.12759605,-0.15751183,-0.20931396,-0.18224281,-0.29657933,-0.32474133,-0.15248695,-0.3242122,-0.17325558,-0.17108874,-0.2185038,-0.17647925,-0.114121355,-0.13969448,-0.15388772,-0.15788373,-0.22984435,-0.18186735,-0.25960332,-0.10436466,-0.12455491,-0.13840078,-0.124137156,-0.15189947,-0.1549722,-0.1560463,-0.14014931,-0.15141064,-0.163037,-0.15499702,-0.15339845,-0.15305327,-0.1340038,-0.12289607,-0.14613274,-0.19040453,-0.17687939,-0.21025829,-0.3990198,-0.20501885,-0.113343984,-0.1296617,-0.11880888,-0.14796823,-0.16636807,-0.1864819,-0.19148564,-0.13136807,-0.076651424,-0.15323794,-0.13960859,-0.14106366,-0.11779917,-0.19987361,-0.1649412,-0.15812494,-0.14163002,-0.12364539,-0.12722544,-0.14610182,-0.2588673,-0.1072171,-0.13074079,-0.09132757,-0.12832497,-0.12915792,-0.14947994,-0.15163109,-0.09621902,-0.08910369,-0.1244108,-0.110507354,-0.13784459,-0.15066513,-0.17044762,-0.14277253,-0.116101556,-0.17384733,-0.15168196,-0.14235868,-0.12541834,-0.14190397,-0.17466888,-0.13176009,-0.13220109,-0.14575617,-0.12291464,-0.08722703,-0.05825615,-0.14334114,-0.17082691,-0.026243303,-0.16626845,-0.2829064,-0.31316653,-0.19937941,-0.14556536,-0.14331596,-0.14862512,-0.12963767,-0.25088155,-0.19391073,-0.18847969,-0.0945074,-0.10930711,-0.10702289,-0.09435459,-0.12759323,-0.15282503,-0.15746465,-0.16697168,-0.12812386,-0.0969081,-0.16398169,-0.14364469,-0.11335766,-0.18846886,-0.1706479,-0.15368396,-0.12567621,-0.115196005,-0.113128334,-0.11662802,-0.17588612,-0.13843855,-0.13442121,-0.096878245,-0.12130202,-0.09174227,-0.12434345,-0.13551843,-0.063823454,-0.13877153,-0.11419349,-0.13383752,-0.24483351,-0.2571875,-0.29957527,-0.14615498,-0.15675563,-0.13237086,-0.19104545,-0.0782174,-0.17240842,-0.16438231,-0.09859173,-0.11065883,-0.11427723,-0.076612435,-0.083404,-0.1213824,-0.13072303,2.683022,-0.19385117,-0.09912281,-0.1555464,-0.19487974,-0.19088823,-0.18704613,-0.11109142,-0.14283976,-0.10286955,-0.15930657,-0.19424343,-0.17327337,-0.16896453,-0.142681,-0.14252694,-0.10177453,-0.15330681,-0.16141364,-0.1807939,-0.19537613,-0.12113365,-0.14725707,-0.11341636,-0.08003585,-0.14346379,-0.20725825,-0.16035393,-0.125103,-0.15657571,-0.15690626,-0.1434015,-0.19202894,-0.16231418,-0.18186465,-0.2963242,-0.19821995,-0.18153399,-0.17162634,-0.19318902,-0.15761334,-0.14054683,-0.13025928,-0.12557748,-0.13814434,-0.16333768,-0.30584824,-0.16647598,-0.1812213,-0.19245662,-0.11441202,-0.15067394,-0.14046499,-0.17788273,-0.16685443,-0.16436823,-0.14331086,-0.18237996,-0.12806597,-0.15340346,-0.13799474,-0.24156228,-0.17889337,-0.103170246,-0.13502003,-0.14201146,-0.1744124,-0.11008848,-0.13452953,-0.1523008,-0.15981732,-0.18153252,-0.15433617,-0.14916848,-0.19184028,-0.17505893,-0.16393995,-0.14723541,-0.14623587,-0.11499533,-0.10471026,-0.13526076,-0.20148799,-0.17671366,-0.12513243,-0.16517958,-0.18041904,-0.18738703,-0.11705899,-0.17659116,-0.26022074,-0.09246737,-0.09222295,-0.11471433,-0.13616416,-0.1481108,-0.09850812,-0.18905133
k__Bacteria|p__Firmicutes|c__Clostridia|o__Eubacteriales|f__Lachnospiraceae|g__Lacrimispora|s__Lacrimispora_saccharolytica,-0.1004395,-0.12316422,-0.1417913,-0.20428483,-0.16649538,-0.19278947,-0.1666669,-0.14467749,-0.12484818,-0.18294477,-0.18260309,-0.2290686,-0.16857752,-0.20519516,-0.10293582,-0.099313065,-0.058144663,-0.09931503,-0.107747555,-0.17015372,-0.1978925,-0.12536043,-0.13570347,-0.1515488,-0.17098624,-0.11658599,-0.16667956,-0.17289305,-0.1509206,-0.12124001,-0.13466094,-0.10584076,-0.14799388,-0.19544537,-0.18848163,-0.2175087,-0.1604225,-0.22338755,-0.1970557,-0.29867563,-0.29210672,-0.1978595,-0.10684179,-0.09162698,-0.13691942,-0.15463924,-0.23188588,-0.19310293,-0.14607969,-0.2026537,-0.18324953,-0.18279888,-0.19740883,-0.19862162,-0.20457889,-0.15648937,-0.12539417,-0.14325196,-0.09177323,-0.095614076,-0.17051193,-0.14160681,-0.13743341,-0.14643617,-0.12719077,-0.1508859,-0.2613474,-0.22333384,-0.18806039,-0.20047067,-0.14505796,-0.14864619,-0.13057609,-0.14243674,-0.14987391,-0.1631008,-0.14578113,-0.16278498,-0.15890673,-0.14998752,-0.14662603,-0.15678272,-0.15260851,-0.22480208,-0.120334074,-0.14107321,-0.11814842,-0.16009457,-0.17325354,-0.15534863,-0.16742341,-0.11139822,-0.1388583,-0.13027036,-0.12817854,-0.15152657,-0.14195126,-0.11503267,-0.10065024,-0.09052226,-0.10523903,-0.12015488,-0.1346027,-0.15027548,-0.15955672,-0.1185138,-0.11129953,-0.1578567,-0.17738779,-0.13319892,-0.16416565,-0.25953975,-0.14822873,-0.13247243,-0.14160699,-0.15095688,-0.17780018,-0.16336322,-0.22917573,-0.09015879,-0.109894514,-0.13441613,-0.12937877,-0.13997786,-0.17325878,-0.13908121,-0.16057305,-0.12777606,-0.07092635,-0.03704006,-0.13694042,-0.16142276,-0.17803457,-0.14332479,-0.12334781,-0.13534275,-0.12023825,-0.13802819,-0.25318068,-0.26654312,-0.08336882,-0.10945694,-0.14381844,-0.09238048,-0.18712501,-0.18986356,-0.15272331,-0.09015934,-0.13230102,-0.14911509,-0.14991006,-0.15842178,-0.169926,-0.18264546,-0.08792122,-0.12332703,-0.14060083,-0.10256614,-0.17951453,-0.19495486,-0.19034207,-0.10003368,-0.13113372,-0.08015573,-0.12781739,-0.19006202,-0.19266124,-0.19109203,-0.12271245,-0.07531558,-0.09705413,-0.118498236,-0.13619934,-0.12406494,-0.121451,-0.09443185,-0.096688494,-0.10830706,-0.082459606,-0.112750895,-0.13181478,-0.16619414,-0.1410757,-0.13613555,-0.18093297,-0.17825818,-0.19382763,-0.1444279,-0.15549555,-0.13501418,-0.119081676,-0.14001076,-0.19117098,-0.19080096,-0.18088806,-0.19755594,-0.25103784,-0.20219928,-0.18938187,-0.19075365,-0.18206039,-0.1737925,-0.27554205,-0.08916744,-0.11956477,-0.12780723,-0.15751183,-0.20931396,-0.18224281,-0.29657933,-0.32474133,-0.15376419,-0.3242122,-0.17325558,-0.17108874,-0.2185038,-0.17647925,-0.114121355,-0.13969299,-0.15388772,-0.15788373,-0.22984435,-0.18186735,-0.25860238,-0.10426015,-0.12455491,-0.13809766,-0.12381822,-0.15189947,-0.15422156,-0.15526009,-0.14014931,-0.15141064,-0.16216797,-0.15473814,-0.15287432,-0.15280151,-0.13370734,-0.12276313,-0.14583308,-0.18941674,-0.1763139,-0.21025829,-0.3990198,-0.20307843,-0.11319266,-0.1296617,-0.11829184,-0.14756669,-0.16636807,-0.18557985,-0.19096649,-0.131297,-0.07672348,-0.15248513,-0.139454,-0.14106366,-0.11725001,-0.19987361,-0.1649412,-0.1582254,-0.14136703,-0.12339011,-0.12722544,-0.14610182,-0.2588673,-0.10717377,-0.13074079,-0.09132757,-0.12832497,-0.12863503,-0.14924514,-0.15088795,-0.09605615,-0.08910369,-0.124013446,-0.110438734,-0.13750952,-0.15034394,-0.16960515,-0.14247051,-0.116079,-0.17325254,-0.15137208,-0.14180583,-0.1253768,-0.14110163,-0.17466888,-0.13176009,-0.13184293,-0.1452805,-0.122568324,-0.08722703,-0.05825615,-0.14304242,-0.17082691,-0.026243303,-0.16636127,-0.2829064,-0.31316653,-0.19814114,-0.1451364,-0.14331596,-0.14862512,-0.12963767,-0.25088155,-0.19322555,-0.18769133,-0.094519645,-0.10898708,-0.10702289,-0.09357643,-0.12759323,-0.15247461,-0.15746465,-0.16639924,-0.12812386,-0.0969081,-0.16398169,-0.14271292,-0.11335766,-0.18846886,-0.1706479,-0.15338555,-0.12528652,-0.115196005,-0.11271955,-0.11662802,-0.17502871,-0.13794625,-0.13388717,-0.096878245,-0.12094146,-0.09154579,-0.12434345,-0.13510431,-0.063823454,-0.13877153,-0.11419349,-0.13362956,-0.24483351,-0.2571875,-0.29957527,-0.14577067,-0.15622249,-0.13197452,-0.19104545,-0.0782174,-0.17185858,-0.16368216,-0.09859173,-0.11065883,-0.1139466,-0.076612435,-0.083404,-0.1213824,-0.13072303,-0.13855581,-0.19385117,-0.09885727,-0.15531415,-0.19487974,-0.19050401,-0.18629771,-0.11094691,-0.14254661,-0.102531254,-0.15844125,-0.19357783,-0.17183936,-0.16870299,-0.14235571,-0.14205027,-0.102034315,-0.15288289,-0.16100135,-0.18052086,-0.19469285,-0.120828256,-0.14668302,-0.11347958,-0.079994895,-0.14299467,-0.20725825,-0.16008916,-0.125103,-0.15657571,-0.15690626,-0.14324206,-0.19202894,-0.1619693,-0.18101114,-0.2963242,-0.19900942,-0.1811527,-0.17153735,-0.19283724,-0.15737829,-0.14054683,-0.12998885,-0.12557748,-0.13793427,-0.16331276,-0.30584824,-0.16628481,-0.18048894,-0.19207318,-0.11441202,-0.15013474,-0.14025728,-0.17736551,-0.1663008,-0.16374855,-0.14331086,-0.18237996,-0.12820953,-0.1529953,-0.13781908,-0.24156228,-0.1790021,-0.10303355,-0.13493559,-0.14135191,-0.17367777,-0.11011018,-0.13429467,-0.15135801,-0.15923192,-0.18132578,-0.15336108,-0.14863637,-0.19184028,-0.17475936,-0.16303068,-0.14723541,-0.14623587,-0.11499533,-0.10471026,-0.1348476,-0.20148799,-0.17608961,-0.12513243,-0.1652008,-0.18041904,-0.18738703,-0.11705899,-0.17518325,-0.25969243,-0.09243703,-0.09209624,-0.11470173,-0.13565159,-0.14758737,-0.0985575,-0.18816407
k__Bacteria|p__Firmicutes|c__Clostridia|o__Eubacteriales|f__Clostridiaceae|g__Clostridium|s__Clostridium_SGB29100,-0.1004395,-0.12316422,-0.14093773,-0.20428483,-0.16678151,-0.19275919,-0.1666669,-0.14484172,-0.12488678,-0.18295813,-0.18336278,-0.21940173,-0.16890857,-0.20314866,-0.10319302,-0.09917205,-0.058144663,-0.099630885,-0.107543774,-0.17014086,-0.1978925,-0.12536043,-0.13622186,-0.1520879,-0.17089298,-0.11658599,-0.16747224,-0.17372075,-0.1509206,-0.12124001,-0.13509473,-0.10547529,-0.14793007,-0.19453949,-0.18823792,-0.2175087,-0.16069457,-0.22338755,-0.196024,1.1105926,-0.29210672,-0.19624949,-0.10719001,-0.09162698,-0.13691942,-0.15473591,-0.23188588,-0.19323362,-0.14623836,-0.2026537,-0.18424991,-0.18279888,-0.19594884,-0.19625814,-0.1992617,-0.1570505,-0.12543575,-0.14341998,-0.092393056,-0.09538221,-0.17077178,-0.1422459,-0.13743341,-0.14670512,-0.12719077,-0.15092675,-0.2613474,-0.22333384,-0.18828002,-0.20047067,-0.14537662,-0.1490703,-0.13020174,-0.14212869,-0.15003304,-0.1637469,-0.14638461,-0.16278498,-0.15967979,-0.14998752,-0.14695856,-0.15666983,-0.15285447,-0.22480208,-0.120334074,-0.14121565,-0.11805673,-0.16056636,-0.17344698,-0.15535502,-0.1677295,-0.11139822,-0.1388583,-0.13027036,-0.12830046,-0.15152657,-0.1426852,-0.11562741,-0.10065024,-0.09043464,-0.105191074,-0.12009031,-0.13454685,-0.15027548,-0.16013038,-0.1185138,-0.11129953,-0.1578567,-0.17738779,-0.13326755,-0.16269402,-0.25953975,-0.14850403,-0.13246424,-0.14099738,-0.15095688,-0.17780018,-0.16315186,-0.22917573,-0.09015879,-0.11022379,-0.1344736,-0.12931523,-0.13997786,-0.17337544,-0.13908121,-0.16057305,-0.12777606,-0.07092635,-0.03704006,-0.13666129,-0.16150409,-0.17856686,-0.14332479,-0.12334781,-0.13578957,-0.12023825,-0.13761392,-0.25318068,-0.26654312,-0.0836568,-0.10945694,-0.14396036,-0.09238048,-0.18715581,-0.18954675,-0.15277793,-0.09033699,-0.13230102,-0.14923254,-0.15000315,-0.15853934,-0.17002532,-0.18296291,-0.08794276,-0.123652324,-0.14108986,-0.10256614,-0.17951453,-0.19495486,-0.1903242,-0.09990835,-0.13113372,-0.07874079,-0.12678084,-0.19006202,-0.19258273,-0.19092904,-0.12346867,-0.07584517,-0.09701349,-0.11802318,-0.13619371,-0.12406494,-0.121451,-0.09448625,-0.09655659,-0.10839916,-0.082459606,-0.112489976,-0.13192257,-0.16670865,-0.1410757,-0.13617286,-0.18093297,-0.17825818,-0.19325553,-0.14407206,-0.15549555,-0.13498774,-0.119081676,-0.14001076,-0.19117098,-0.19055817,-0.18107276,-0.19755594,-0.25103784,-0.20219928,-0.18991461,-0.19049144,-0.18189119,-0.17304057,-0.27554205,-0.08916744,-0.11956477,-0.12766221,-0.15751183,-0.20931396,-0.18224281,-0.29657933,-0.32474133,-0.1531934,-0.3242122,-0.17325558,-0.17108874,-0.2185038,-0.17647925,-0.114121355,-0.13981053,-0.15388772,-0.15788373,-0.22984435,-0.18186735,-0.25178468,-0.10424883,-0.12455491,-0.13828412,-0.123788744,-0.15189947,-0.15468076,-0.15590934,-0.14014931,-0.15141064,-0.16264054,-0.15506247,-0.15324126,-0.15264645,-0.13363339,-0.122798994,-0.14605272,-0.18954441,-0.1766434,-0.21025829,-0.3990198,-0.19977869,-0.11332011,-0.1296617,-0.11802198,-0.14733195,-0.16636807,-0.18611379,-0.1909352,-0.13156985,-0.07671305,-0.1522153,-0.1393801,-0.14106366,-0.11806668,0.62840325,-0.1649412,-0.15878353,-0.14110357,-0.123360455,-0.12722544,-0.14610182,-0.2588673,-0.107050434,-0.13074079,-0.09132757,-0.12832497,-0.1288058,-0.14954576,-0.15167372,-0.09634426,-0.08910369,-0.12392541,-0.11025312,-0.13747066,-0.15040231,-0.16972566,-0.14260167,-0.11639692,-0.1734597,-0.15162006,-0.14206326,-0.12512907,-0.14179519,-0.17466888,-0.13176009,-0.13187778,-0.14547344,-0.122786365,-0.08722703,-0.05825615,-0.14319518,-0.17082691,-0.026243303,-0.1663363,-0.2829064,-0.31316653,-0.19670677,-0.14535442,-0.14331596,-0.14862512,-0.12963767,-0.25088155,-0.19303676,-0.18783239,-0.09457233,-0.109196216,-0.10702289,-0.09309753,-0.12759323,-0.1525463,-0.15746465,-0.16678824,-0.12812386,-0.0969081,-0.16398169,-0.14330392,-0.11335766,-0.18846886,-0.1706479,-0.15374869,-0.1257257,-0.115196005,-0.11245068,-0.11662802,-0.17571893,-0.13814917,-0.1341005,-0.096878245,-0.1207822,-0.09160669,-0.12434345,-0.1360263,-0.063823454,-0.13877153,-0.11419349,-0.13322243,-0.24483351,-0.2571875,-0.29957527,-0.14574033,-0.15639912,-0.131513,-0.19104545,-0.0782174,-0.17163539,-0.16389117,-0.09859173,-0.11065883,-0.114923395,-0.076612435,-0.083404,-0.1213824,-0.13072303,-0.13855581,-0.19385117,-0.09888187,-0.15491003,-0.19487974,-0.19050622,-0.18613301,-0.111056425,-0.14309795,-0.10292488,-0.15854727,-0.19305134,-0.17183375,-0.16842726,-0.14250642,-0.14221796,-0.10157326,-0.1526582,-0.16131967,-0.18046893,-0.19416943,-0.12088941,-0.14703076,-0.11392445,-0.08009465,-0.14172503,-0.20725825,-0.16071267,-0.125103,-0.15657571,-0.15690626,-0.14349644,-0.19202894,-0.16217491,-0.18147773,-0.2963242,-0.19673592,-0.180085,-0.17115517,-0.1919794,-0.1569114,-0.14054683,-0.12997234,-0.12557748,-0.13799061,-0.16223174,-0.30584824,-0.16674623,-0.18040143,-0.19225365,-0.11441202,-0.14991874,-0.14025241,-0.17747858,-0.16640578,-0.16419673,-0.14331086,-0.18237996,-0.12804598,-0.15292802,-0.13608184,-0.24156228,-0.17946291,-0.103061885,-0.13521838,-0.14150491,-0.17373507,-0.11030874,-0.13417235,-0.15187097,-0.15965915,-0.18173043,-0.15352423,-0.14834341,-0.19184028,-0.17491715,-0.16402143,-0.14723541,-0.14623587,-0.11499533,-0.10471026,-0.13417786,-0.20148799,-0.17672648,-0.12513243,-0.16640377,-0.18041904,-0.18738703,-0.11705899,-0.17579056,-0.25671464,-0.09257505,-0.09230919,-0.11446695,-0.1354647,-0.14743477,-0.098198116,-0.18820381
k__Bacteria|p__Firmicutes|c__Erysipelotrichia|o__Erysipelotrichales|f__Erysipelotrichaceae|g__Longicatena|s__Longicatena_caecimuris,-0.1004395,-0.12316422,-0.1413734,-0.20428483,-0.16607456,-0.19323921,-0.1666669,-0.14468145,-0.124062516,-0.18299851,-0.18258108,-0.23494191,-0.16964056,-0.20805645,-0.1029672,-0.099748775,-0.058144663,-0.09972273,-0.107338704,-0.17030086,-0.1978925,-0.12536043,-0.13577701,-0.15186101,-0.17136344,-0.11658599,-0.16645335,-0.17341727,-0.1509206,-0.12124001,-0.13451679,-0.10544656,-0.14791816,-0.19618918,-0.18929482,-0.2175087,-0.15968508,-0.22338755,-0.19750735,-0.29867563,-0.29210672,-0.19914176,-0.106963724,-0.09162698,-0.13691942,-0.15456179,-0.23188588,-0.19358222,-0.14615636,-0.2026537,-0.18169777,-0.18279888,-0.19767511,-0.20006743,-0.20743836,-0.15810563,-0.12547159,-0.14364989,-0.09159142,-0.09538607,-0.17073235,-0.14185396,-0.13743341,-0.14659348,-0.12719077,-0.15056929,-0.2613474,-0.22333384,-0.18805334,-0.20047067,-0.14544213,-0.14880848,-0.1306725,-0.1427578,-0.15078327,-0.16367036,-0.14605445,-0.16278498,-0.15843558,-0.14998752,-0.14664063,-0.15667,-0.1527532,-0.22480208,-0.120334074,-0.14117151,-0.11797626,-0.16049907,-0.1736477,-0.15518686,-0.16772456,-0.11139822,-0.1388583,-0.13027036,-0.12819155,-0.15152657,-0.14149618,-0.115018785,-0.10065024,-0.09018665,-0.10531088,-0.12032362,-0.13473767,-0.15027548,-0.15986355,-0.1185138,-0.11129953,-0.1578567,-0.17738779,-0.1337529,-0.16363817,-0.25953975,-0.1481382,-0.1321909,-0.14172706,-0.15095688,-0.17780018,-0.16300267,-0.22917573,-0.09015879,-0.109492406,-0.13430788,-0.12956148,-0.13997786,-0.17327757,-0.13908121,-0.16057305,-0.12777606,-0.07092635,-0.03704006,-0.13689262,-0.16167128,-0.17850703,-0.14332479,-0.12334781,-0.13505015,-0.12023825,-0.13828269,-0.25318068,-0.26654312,-0.08307621,-0.10945694,-0.1444568,-0.09238048,-0.1872972,-0.19022179,-0.15287608,-0.08992545,-0.13230102,-0.1490682,-0.14992931,-0.15861735,-0.17011406,-0.1835521,-0.08755742,-0.1236314,-0.14101313,-0.10256614,-0.17951453,-0.19495486,-0.1912943,-0.099809244,-0.13113372,-0.080416344,-0.12798199,-0.19006202,-0.19319785,-0.19165081,-0.12304036,-0.074773885,-0.09700425,-0.11848506,-0.1363369,-0.12406494,-0.121451,-0.094440594,-0.0966077,-0.108342364,-0.082459606,-0.112847775,-0.13201663,-0.16680032,-0.1410757,-0.13568512,-0.18093297,-0.17825818,-0.19440779,-0.14460804,-0.15549555,-0.13531439,-0.119081676,-0.14001076,-0.19117098,-0.19119745,-0.18077788,-0.19755594,-0.25103784,-0.20219928,-0.18908113,-0.1905475,-0.18224928,-0.17367843,-0.27554205,-0.08916744,-0.11956477,-0.12719204,-0.15751183,-0.20931396,-0.18224281,-0.29657933,-0.32474133,-0.15257804,-0.3242122,-0.17325558,-0.17108874,-0.2185038,-0.17647925,-0.114121355,-0.13925761,-0.15388772,-0.15788373,-0.22984435,-0.18186735,-0.2614594,-0.1041407,-0.12455491,-0.13799009,-0.123765096,-0.15189947,-0.15472838,-0.15584397,-0.14014931,-0.15141064,-0.16264138,-0.15458973,-0.15301871,-0.15286067,-0.13388476,-0.1225002,-0.14550026,-0.18994173,-0.17661928,-0.21025829,-0.3990198,-0.20554724,-0.113151625,-0.1296617,-0.118613556,-0.14761683,-0.16636807,-0.18616948,-0.19121236,-0.13114,-0.07620187,-0.15294512,-0.13931523,-0.14106366,-0.11731141,-0.19987361,-0.1649412,-0.1576918,-0.1414382,-0.123447716,-0.12722544,-0.14610182,-0.2588673,-0.107038364,-0.13074079,-0.09132757,-0.12832497,-0.12879735,-0.14912927,-0.15137032,-0.09601423,-0.08910369,-0.12416728,-0.110262364,-0.13758212,-0.15029398,-0.17029193,-0.14246105,-0.115639746,-0.17356245,-0.15129721,-0.14212811,-0.12519507,-0.1415957,-0.17466888,-0.13176009,-0.13184112,-0.14552072,-0.12278111,-0.08722703,-0.05825615,-0.14312448,-0.17082691,-0.026243303,-0.1662642,-0.2829064,-0.31316653,-0.19936828,-0.14527965,-0.14331596,-0.14862512,-0.12963767,-0.25088155,-0.19390994,-0.18828791,-0.09423493,-0.109010965,-0.10702289,-0.09413278,-0.12759323,-0.15247822,-0.15746465,-0.16666022,-0.12812386,-0.0969081,-0.16398169,-0.14335994,-0.11335766,-0.18846886,-0.1706479,-0.15340173,-0.1253168,-0.115196005,-0.112900175,-0.11662802,-0.17567089,-0.13815269,-0.13430525,-0.096878245,-0.12115157,-0.09149228,-0.12434345,-0.1351588,-0.063823454,-0.13877153,-0.11419349,-0.13364176,-0.24483351,-0.2571875,-0.29957527,-0.14591789,-0.15642335,-0.13196191,-0.19104545,-0.0782174,-0.17221563,-0.16414109,-0.09859173,-0.11065883,-0.11392534,-0.076612435,-0.083404,-0.1213824,-0.13072303,-0.13855581,-0.19385117,-0.09896654,-0.15515572,-0.19487974,-0.19041257,-0.1868461,-0.110822536,-0.14261937,-0.10245845,-0.15892102,-0.19381815,-0.17311731,-0.1687566,-0.14241906,-0.14234817,-0.101477936,-0.1530003,-0.16098073,-0.18043812,-0.1953336,-0.1208696,-0.14706823,-0.1130332,-0.07950193,-0.14309624,-0.20725825,-0.16010043,-0.125103,-0.15657571,-0.15690626,-0.14302804,-0.19202894,-0.16189449,-0.18156171,-0.2963242,-0.19841805,-0.18119128,-0.17140228,-0.19310482,-0.15749648,-0.14054683,-0.13001144,-0.12557748,-0.13792594,-0.16329873,-0.30584824,-0.16582674,-0.18107556,-0.19206563,-0.11441202,-0.15044041,-0.14019266,-0.17749181,-0.1664685,-0.16413313,-0.14331086,-0.18237996,-0.12767524,-0.15300965,-0.1377013,-0.24156228,-0.1786946,-0.10292986,-0.13464096,-0.14164487,-0.1742245,-0.10978681,-0.13417754,-0.15198556,-0.15966874,-0.18101397,-0.15405959,-0.14883843,-0.19184028,-0.17471775,-0.16362965,-0.14723541,-0.14623587,-0.11499533,-0.10471026,-0.13493976,-0.20148799,-0.17651907,-0.12513243,-0.16463807,-0.18041904,-0.18738703,-0.11705899,-0.17637216,-0.26083115,-0.09226566,-0.09197634,-0.114426136,-0.13593264,-0.1479275,-0.09826511,-0.18878432
k__Bacteria|p__Firmicutes|c__Clostridia|o__Eubacteriales|f__Lachnospiraceae|g__Lachnospiraceae_unclassified|s__Lachnospiraceae_bacterium,-0.1004395,-0.12316422,-0.14157254,-0.20428483,-0.16701588,-0.19377033,-0.1666669,-0.1455208,-0.12484501,-0.18393704,-0.18254288,-0.23014826,-0.16812211,-0.20645069,-0.10361825,-0.09993422,-0.058144663,-0.10038419,-0.10792443,-0.17108963,-0.1978925,-0.12536043,-0.1365988,-0.15287352,-0.17181718,-0.11658599,-0.16744217,-0.1745247,-0.1509206,-0.12124001,-0.13537838,-0.105866306,-0.14852618,-0.19604412,-0.18966365,-0.2175087,-0.16076675,-0.22338755,-0.19740266,-0.29867563,-0.29210672,-0.19879892,-0.10771845,-0.09162698,-0.13691942,-0.15507463,-0.23188588,-0.193802,-0.14694947,-0.2026537,-0.18342671,-0.18279888,-0.19775915,-0.1989012,-0.20518127,-0.15783429,-0.12618256,-0.14420849,-0.092696786,-0.09603554,-0.17157528,-0.1428417,-0.13743341,-0.14727086,-0.12719077,-0.15111548,-0.2613474,-0.22333384,-0.1889131,-0.20047067,-0.14628002,-0.14955461,-0.1311798,-0.14305498,-0.15147096,-0.16468221,-0.1472046,-0.16278498,-0.15933618,-0.14998752,-0.14739019,-0.15719503,-0.15353484,-0.22480208,-0.120334074,-0.14171723,-0.118575305,-0.16142517,-0.17446703,-0.15574405,-0.16849875,-0.11139822,-0.1388583,-0.13027036,-0.1289429,-0.15152657,-0.14258099,-0.11591992,-0.10065024,-0.090702415,-0.105853885,-0.12093625,-0.13533026,-0.15027548,-0.1608011,-0.1185138,-0.11129953,-0.1578567,-0.17738779,-0.13436422,-0.16396567,-0.25953975,-0.14886555,-0.13272744,-0.14194173,-0.15095688,-0.17780018,-0.16345775,-0.22917573,-0.09015879,-0.110202745,-0.1350142,-0.13003504,-0.13997786,-0.17375973,-0.13908121,-0.16057305,-0.12777606,-0.07092635,-0.03704006,-0.13717893,-0.16243246,-0.17924263,-0.14332479,-0.12334781,-0.13575697,-0.12023825,-0.13868973,-0.25318068,-0.26654312,-0.08396195,-0.10945694,-0.14505227,-0.09238048,-0.187727,-0.19055067,-0.15309829,-0.09070141,-0.13230102,-0.14965262,-0.1505273,-0.15929677,-0.17078327,-0.18443424,-0.088235974,-0.12432247,-0.14170171,-0.10256614,-0.17951453,-0.19495486,-0.19179943,-0.10059664,-0.13113372,-0.0804273,-0.12792826,-0.19006202,-0.19372296,-0.19201505,-0.12408744,-0.07576284,-0.09764118,-0.118744686,-0.13680053,-0.12406494,-0.121451,-0.095073774,-0.09691702,-0.10888006,-0.082459606,-0.11314429,-0.132481,-0.1675761,-0.1410757,-0.13640207,-0.18093297,-0.17825818,-0.19441494,-0.14497304,-0.15549555,-0.1359754,-0.119081676,-0.14001076,-0.19117098,-0.19148435,-0.18162441,-0.19755594,-0.25103784,-0.20219928,-0.18995483,-0.1910899,-0.18258694,-0.17385802,-0.27554205,-0.08916744,-0.11956477,-0.12775318,-0.15751183,-0.20931396,-0.18224281,-0.29657933,-0.32474133,-0.15123038,-0.3242122,-0.17325558,-0.17108874,-0.2185038,-0.17647925,-0.114121355,-0.13990179,-0.15388772,-0.15788373,-0.22984435,-0.18186735,-0.25756854,-0.10480063,-0.12455491,-0.13868833,-0.12446597,-0.15189947,-0.15550233,-0.1568369,-0.14014931,-0.15141064,-0.16365734,-0.15540269,-0.15391877,-0.15328914,-0.13423723,-0.123270825,-0.14622514,-0.19069177,-0.17719486,-0.21025829,-0.3990198,-0.20239282,-0.11376396,-0.1296617,-0.11899525,-0.14808074,-0.16636807,-0.1870302,-0.19182207,-0.13180292,-0.07701976,-0.15353084,-0.13995183,-0.14106366,-0.118472226,-0.19987361,-0.1649412,-0.15852705,-0.14184007,-0.12380478,-0.12722544,-0.14610182,-0.2588673,-0.10761112,-0.13074079,-0.09132757,-0.12832497,-0.12957956,-0.14983863,-0.15238942,-0.09679666,-0.08910369,-0.12468486,-0.11075265,-0.13806984,-0.15093055,-0.17086506,-0.1432772,-0.11643696,-0.17414722,-0.15200955,-0.14270583,-0.12563542,-0.14237738,-0.17466888,-0.13176009,-0.13255931,-0.14601067,-0.1234535,-0.08722703,-0.05825615,-0.14378452,-0.17082691,-0.026243303,-0.16652086,-0.2829064,-0.31316653,-0.19855487,-0.14599061,-0.14331596,-0.14862512,-0.12963767,-0.25088155,-0.1942668,-0.18903413,-0.094992995,-0.109749176,-0.10702289,-0.094569534,-0.12759323,-0.15295354,-0.15746465,-0.16735873,-0.12812386,-0.0969081,-0.16398169,-0.14418665,-0.11335766,-0.18846886,-0.1706479,-0.15412731,-0.12623635,-0.115196005,-0.11336753,-0.11662802,-0.17637396,-0.13892597,-0.1348729,-0.096878245,-0.1214545,-0.092150494,-0.12434345,-0.13614133,-0.063823454,-0.13877153,-0.11419349,-0.13405988,-0.24483351,-0.2571875,-0.29957527,-0.14653645,-0.15703475,-0.13258477,-0.19104545,-0.0782174,-0.17280701,-0.16465347,-0.09859173,-0.11065883,-0.11498135,-0.076612435,-0.083404,-0.1213824,-0.13072303,-0.13855581,-0.19385117,-0.09974512,-0.15585925,-0.19487974,-0.19117549,-0.18727942,-0.111614645,-0.1432011,-0.10339807,-0.15988576,-0.19417153,-0.17358148,-0.16911656,-0.14309627,-0.14288929,-0.1019087,-0.15347177,-0.16163602,-0.18097019,-0.19531557,-0.12158102,-0.14772815,-0.11391631,-0.080287576,-0.14344862,-0.20725825,-0.1612218,-0.125103,-0.15657571,-0.15690626,-0.14363858,-0.19202894,-0.16274953,-0.1824764,-0.2963242,-0.19763586,-0.1810246,-0.17143698,-0.19311766,-0.15758955,-0.14054683,-0.13066663,-0.12557748,-0.13854384,-0.16349208,1.8831401,-0.16695032,-0.18156734,-0.19270512,-0.11441202,-0.15083683,-0.14065841,-0.17819521,-0.16722716,-0.16484913,-0.14331086,1.1327431,-0.12842566,-0.15338929,-0.1378441,-0.24156228,-0.17937507,-0.103682324,-0.13523996,-0.14243174,-0.17489669,-0.11049543,-0.13474295,-0.15284845,-0.16040687,-0.18179506,-0.15476835,-0.14947233,-0.19184028,-0.17552055,-0.16472319,-0.14723541,-0.14623587,-0.11499533,-0.10471026,-0.13522038,-0.20148799,-0.17753756,-0.12513243,-0.16527429,-0.18041904,-0.18738703,-0.11705899,-0.1773903,-0.2594699,-0.0929811,-0.09264652,-0.1149597,-0.13635187,-0.14834455,-0.09869294,-0.18938038
k__Bacteria|p__Firmicutes|c__Bacilli|o__Lactobacillales|f__Carnobacteriaceae|g__Dolosigranulum|s__Dolosigranulum_pigrum,-0.1004395,-0.12316422,-0.14177915,-0.20428483,-0.16664112,-0.1934798,-0.1666669,-0.14525741,-0.1250189,-0.18370852,-0.18358047,-0.22920953,-0.16962442,-0.20670988,-0.10341559,-0.09969069,-0.058144663,-0.10005235,-0.10774187,-0.17083961,-0.1978925,-0.12536043,-0.13636255,-0.15236792,-0.17159846,-0.11658599,-0.1672118,-0.17405607,-0.1509206,-0.12124001,-0.1351202,-0.10595783,-0.1483675,-0.19635382,-0.18944386,-0.2175087,-0.16042173,-0.22338755,-0.19733493,-0.29867563,-0.29210672,-0.19888443,-0.10751036,-0.09162698,-0.13691942,-0.15499428,-0.23188588,-0.19370028,-0.14672096,-0.2026537,-0.1832409,-0.18279888,-0.19762877,-0.19918898,-0.20520324,-0.15843508,-0.1259148,-0.14402696,-0.092214,-0.095810585,-0.17131285,-0.14238486,-0.13743341,-0.14705142,-0.12719077,-0.15121627,-0.2613474,-0.22333384,-0.18874632,-0.20047067,-0.14590925,-0.14933386,-0.13093749,-0.14300585,-0.151152,-0.16423358,-0.14669627,-0.16278498,-0.15912387,-0.14998752,-0.14713201,-0.15708666,-0.15326639,-0.22480208,-0.120334074,-0.14159948,-0.11842826,-0.16112101,-0.17421076,-0.15551957,-0.1681428,-0.11139822,-0.1388583,-0.13027036,-0.12880534,-0.15152657,-0.14240368,-0.11562653,-0.10065024,-0.09077591,-0.105835676,-0.120819665,-0.13517985,-0.15027548,-0.16042534,-0.1185138,-0.11129953,-0.1578567,-0.17738779,-0.13382652,-0.16381603,-0.25953975,-0.14869735,-0.13270813,-0.14184567,-0.15095688,-0.17780018,-0.16353801,-0.22917573,-0.09015879,-0.110099845,-0.1348494,-0.12992062,-0.13997786,-0.1737,-0.13908121,-0.16057305,-0.12777606,-0.07092635,-0.03704006,-0.13732019,-0.16221398,-0.1788857,-0.14332479,-0.12334781,-0.13576776,-0.12023825,-0.1384818,-0.25318068,-0.26654312,-0.08361775,-0.10945694,-0.14478229,-0.09238048,-0.18769635,-0.19041623,-0.15304983,-0.090412594,-0.13230102,-0.14958228,-0.15040925,-0.15904674,-0.17058235,-0.18385689,-0.0879444,-0.1239924,-0.14139494,-0.10256614,-0.17951453,-0.19495486,-0.19140258,-0.10028303,-0.13113372,-0.080243826,-0.12828985,-0.19006202,-0.1934978,-0.19173467,-0.123583496,-0.075428754,-0.09739289,-0.11882685,-0.13676126,-0.12406494,-0.121451,-0.094767705,-0.09702053,-0.10877074,-0.082459606,-0.113272905,-0.13258557,-0.16729476,-0.1410757,-0.13628091,-0.18093297,-0.17825818,-0.19435182,-0.14490575,-0.15549555,-0.13566315,-0.119081676,-0.14001076,-0.19117098,-0.19123587,-0.18122041,-0.19755594,-0.25103784,-0.20219928,-0.18972963,-0.19092083,-0.18263057,-0.17391711,-0.27554205,-0.08916744,-0.11956477,-0.12786858,-0.15751183,-0.20931396,-0.18224281,-0.29657933,-0.32474133,-0.15170687,-0.3242122,-0.17325558,-0.17108874,-0.2185038,-0.17647925,-0.114121355,-0.13981853,-0.15388772,-0.15788373,-0.22984435,-0.18186735,-0.25912374,-0.10456431,-0.12455491,-0.13860655,-0.12432774,-0.15189947,-0.15523419,-0.15639752,-0.14014931,-0.15141064,-0.16321824,-0.15514065,-0.15354508,-0.1531661,-0.13416724,-0.123071134,-0.146353,-0.19040316,-0.17730607,-0.21025829,-0.3990198,-0.20397684,-0.11368281,-0.1296617,-0.11903833,-0.14808142,-0.16636807,-0.18673265,-0.19165233,-0.13154015,-0.07684381,-0.15333253,-0.13979521,-0.14106366,-0.11818519,-0.19987361,-0.1649412,-0.15836677,-0.14158994,-0.1238001,-0.12722544,-0.14610182,-0.2588673,-0.10743858,-0.13074079,-0.09132757,-0.12832497,-0.12932068,-0.14971885,-0.15188602,-0.09651435,-0.08910369,-0.124549605,-0.110729694,-0.13794614,-0.15085024,-0.17049979,-0.142975,-0.11631365,-0.17394978,-0.15192841,-0.14248621,-0.12555751,-0.1422479,-0.17466888,-0.13176009,-0.1322816,-0.14595982,-0.12312953,-0.08722703,-0.05825615,-0.14359444,-0.17082691,-0.026243303,-0.16645727,1.3374503,-0.31316653,-0.19882327,-0.1457577,-0.14331596,-0.14862512,-0.12963767,-0.25088155,-0.19397902,-0.18858081,-0.094740614,-0.10951875,-0.10702289,-0.094371565,-0.12759323,-0.15298441,-0.15746465,-0.1672074,-0.12812386,-0.0969081,-0.16398169,-0.14385353,-0.11335766,-0.18846886,-0.1706479,-0.15381777,-0.12575671,-0.115196005,-0.11320637,-0.11662802,-0.17618279,-0.13864294,-0.13468936,-0.096878245,-0.12145973,-0.09203298,-0.12434345,-0.13580865,-0.063823454,-0.13877153,-0.11419349,-0.13386482,-0.24483351,-0.2571875,-0.29957527,-0.14634217,-0.15682386,-0.13240129,-0.19104545,-0.0782174,-0.1724427,-0.16438904,-0.09859173,-0.11065883,-0.11466806,-0.076612435,-0.083404,-0.1213824,-0.13072303,-0.13855581,-0.19385117,-0.099160746,-0.15559259,-0.19487974,-0.19096605,-0.1869775,-0.1113738,-0.14297253,-0.1032259,-0.15945438,-0.19434297,-0.17333537,-0.16910121,-0.14291313,-0.14271332,-0.10186078,-0.15338056,-0.16159189,-0.18089105,-0.19542629,-0.12141119,-0.14755592,-0.11384749,-0.0802383,-0.14317213,-0.20725825,-0.16064432,-0.125103,-0.15657571,-0.15690626,-0.14361075,-0.19202894,-0.16243899,-0.18193687,-0.2963242,-0.19790046,-0.18118814,-0.17182626,-0.19312325,-0.15767235,-0.14054683,-0.1304693,-0.12557748,-0.13841043,-0.16301255,-0.30584824,-0.16628498,-0.18126711,-0.1926466,-0.11441202,-0.15074378,-0.1406645,-0.1779198,-0.16685341,-0.16459364,-0.14331086,-0.18237996,-0.12823415,-0.15330991,-0.13761798,-0.24156228,-0.17921667,-0.10336548,-0.13512939,-0.14210474,-0.17462084,-0.11028514,-0.13460886,-0.15246332,-0.16011436,-0.18161742,-0.15429813,-0.14925206,-0.19184028,-0.17518024,-0.16414112,-0.14723541,-0.14623587,-0.11499533,-0.10471026,-0.13526338,-0.20148799,-0.1769662,-0.12513243,-0.16548875,-0.18041904,-0.18738703,-0.11705899,-0.1765872,-0.26061678,-0.09275907,-0.09246273,-0.11488234,-0.13630407,-0.14819682,-0.098674394,-0.18909508
k__Bacteria|p__Firmicutes|c__Clostridia|o__Eubacteriales|f__Eubacteriales_unclassified|g__Eubacteriales_unclassified|s__Eubacteriales_unclassified_SGB4861,-0.1004395,-0.12316422,-0.14183487,-0.20428483,-0.16773124,-0.19433026,-0.1666669,-0.14566606,-0.12527037,-0.18392128,-0.18428183,-0.22539936,-0.16836046,-0.20568174,-0.10367404,-0.09939714,-0.058144663,-0.100063264,-0.10798503,-0.17157948,3.1903546,-0.12536043,-0.13702631,-0.15321133,-0.17215478,-0.11658599,-0.167864,-0.17487824,-0.1509206,-0.12124001,-0.13541949,-0.10593994,-0.14852066,-0.19645822,-0.18953955,-0.2175087,-0.16192347,-0.22338755,-0.19741347,-0.29867563,-0.29210672,-0.1986305,-0.10780689,-0.09162698,-0.13691942,-0.1552469,-0.23188588,-0.19432844,-0.14715402,-0.2026537,-0.18516427,-0.18279888,-0.19793127,-0.19895703,-0.20318058,-0.15793604,-0.12625326,-0.14442521,-0.09286934,-0.09600398,-0.17203166,-0.14331901,-0.13743341,-0.14755386,-0.12719077,-0.15150037,-0.2613474,-0.22333384,-0.19001934,-0.20047067,-0.14655888,-0.1499269,-0.13106847,-0.14315581,-0.15168634,-0.16530254,-0.14752416,-0.16278498,-0.16027004,-0.14998752,-0.1475924,-0.1575478,-0.15390864,-0.22480208,-0.120334074,-0.1418435,-0.118638776,-0.16194128,-0.17502293,-0.15612102,-0.16854632,-0.11139822,-0.1388583,-0.13027036,-0.12910816,-0.15152657,-0.1429301,-0.115972325,-0.10065024,-0.09059406,-0.10580769,-0.12107885,-0.13545096,-0.15027548,-0.16095218,-0.1185138,-0.11129953,-0.1578567,-0.17738779,-0.13453677,-0.163878,-0.25953975,-0.14919376,-0.13285652,-0.14177592,-0.15095688,-0.17780018,-0.16432989,-0.22917573,-0.09015879,-0.11024477,-0.1351735,-0.13009605,-0.13997786,-0.17411205,-0.13908121,-0.16057305,-0.12777606,-0.07092635,-0.03704006,-0.13728121,-0.16268583,-0.1794972,-0.14332479,-0.12334781,-0.136058,-0.12023825,-0.13831395,-0.25318068,-0.26654312,-0.08383327,-0.10945694,-0.14490417,-0.09238048,-0.18785056,-0.19061589,-0.15265939,-0.09058506,-0.13230102,-0.14984772,-0.15077737,-0.15957434,-0.17123306,-0.18458116,-0.08812077,-0.12447192,-0.14191866,-0.10256614,-0.17951453,-0.19495486,-0.19206315,-0.10042791,-0.13113372,-0.07963254,-0.1277369,-0.19006202,-0.1941661,-0.192106,-0.12421268,-0.07593761,-0.09756853,-0.11867297,-0.13672915,-0.12406494,-0.121451,-0.09493314,-0.09679406,-0.10863529,-0.082459606,-0.11305589,-0.13258243,-0.1677775,-0.1410757,-0.13655621,-0.18093297,-0.17825818,-0.19465312,-0.1449834,-0.15549555,-0.1359745,-0.119081676,-0.14001076,-0.19117098,-0.1918019,-0.18216778,-0.19755594,-0.25103784,-0.20219928,-0.1905657,-0.19144326,-0.182762,-0.17391405,-0.27554205,-0.08916744,-0.11956477,-0.12768108,-0.15751183,-0.20931396,-0.18224281,-0.29657933,-0.32474133,-0.1493775,-0.3242122,-0.17325558,-0.17108874,-0.2185038,-0.17647925,-0.114121355,-0.1401273,-0.15388772,-0.15788373,-0.22984435,-0.18186735,-0.25577402,-0.104766384,-0.12455491,-0.13878727,-0.12444772,-0.15189947,-0.15586926,-0.15702033,-0.14014931,-0.15141064,-0.16404992,-0.15593195,-0.15425122,-0.15340096,-0.13396648,-0.12332435,-0.1467849,-0.19091594,-0.17795664,-0.21025829,-0.3990198,-0.20068878,-0.11379078,-0.1296617,-0.11903596,-0.14807189,-0.16636807,-0.187486,-0.1921879,-0.1317033,-0.07708071,-0.15364262,-0.13993251,-0.14106366,-0.118738785,-0.19987361,-0.1649412,-0.15910624,-0.14168324,-0.12374133,-0.12722544,-0.14610182,-0.2588673,-0.10747965,-0.13074079,-0.09132757,-0.12832497,-0.12950444,-0.15014015,-0.15251687,-0.096723855,-0.08910369,-0.1245412,-0.110722244,-0.13804728,-0.15115207,-0.17090507,-0.14348568,-0.11651114,-0.17440614,-0.15229908,-0.142694,-0.12576166,-0.14261349,-0.17466888,-0.13176009,-0.13260372,-0.1463126,-0.123387516,-0.08722703,-0.05825615,-0.14391753,-0.17082691,-0.026243303,-0.16661942,-0.2829064,-0.31316653,-0.19794825,-0.14622656,-0.14331596,-0.14862512,-0.12963767,-0.25088155,-0.19490549,-0.18936221,-0.094851725,-0.10982454,-0.10702289,-0.09428566,-0.12759323,-0.15306573,-0.15746465,-0.16790688,-0.12812386,-0.0969081,-0.16398169,-0.14434254,-0.11335766,-0.18846886,-0.1706479,-0.15448898,-0.1264494,-0.115196005,-0.11321437,-0.11662802,-0.17665905,-0.13912362,-0.13502158,-0.096878245,-0.1214526,-0.09196207,-0.12434345,-0.13619754,-0.063823454,-0.13877153,-0.11419349,-0.13375628,-0.24483351,-0.2571875,-0.29957527,-0.14679492,-0.15730116,-0.13271073,-0.19104545,-0.0782174,-0.1730493,-0.1646336,-0.09859173,-0.11065883,-0.11509133,-0.076612435,-0.083404,-0.1213824,-0.13072303,-0.13855581,-0.19385117,-0.09980957,-0.15613496,-0.19487974,-0.19165036,-0.18733984,-0.11159134,-0.14333019,-0.10378055,-0.16018033,-0.19499606,-0.17368679,-0.16910647,-0.14332734,-0.14309187,-0.10178505,-0.15344048,-0.16213754,-0.1811862,-0.19537395,-0.12174311,-0.14798263,-0.11411892,-0.080331326,-0.14314501,-0.20725825,-0.16158155,-0.125103,-0.15657571,-0.15690626,-0.14413473,-0.19202894,-0.16319288,-0.18267496,-0.2963242,-0.19748408,-0.18062894,-0.17147943,-0.19302456,-0.15752421,-0.14054683,-0.13073991,-0.12557748,-0.1387375,-0.16272488,-0.30584824,-0.16738784,-0.18168288,-0.19326022,-0.11441202,-0.15068948,-0.14081115,-0.1785157,-0.1675965,-0.16510111,-0.14331086,-0.18237996,-0.12869701,-0.15360259,-0.13743624,-0.24156228,-0.17975877,-0.10353205,-0.13551113,-0.1425857,-0.17527053,-0.110486254,-0.13481976,-0.15290512,-0.16072369,-0.18233843,-0.15487143,-0.1498478,-0.19184028,-0.17613891,-0.16505054,-0.14723541,-0.14623587,-0.11499533,-0.10471026,-0.13505428,-0.20148799,-0.17789163,-0.12513243,-0.16609943,-0.18041904,-0.18738703,-0.11705899,-0.17737333,-0.25944245,-0.09296113,-0.09252708,-0.11495975,-0.13633567,-0.14838144,-0.09856263,-0.18956819
k__Bacteria|p__Firmicutes|c__Bacilli|o__Lactobacillales|f__Lactobacillaceae|g__Lactiplantibacillus|s__Lactiplantibacillus_plantarum,-0.1004395,-0.12316422,-0.14235814,-0.20428483,-0.1680444,-0.19546978,-0.1666669,-0.1461998,-0.12541829,-0.18549177,-0.18443865,-0.2294901,-0.17115054,-0.20772353,-0.10336215,-0.099691644,-0.058144663,-0.09987588,-0.10796575,-0.17224264,-0.1978925,-0.12536043,-0.13705955,-0.15350488,-0.17303666,-0.11658599,-0.1685817,-0.17559645,-0.1509206,-0.12124001,-0.13591164,-0.105853505,-0.14936358,-0.19777444,-0.1911567,-0.2175087,-0.16193663,-0.22338755,-0.19934945,-0.29867563,-0.29210672,-0.2004151,-0.10761638,-0.09162698,-0.13691942,-0.15603304,-0.23188588,-0.19545434,-0.14770123,-0.2026537,-0.18508604,-0.18279888,-0.19921957,-0.20056257,-0.20596854,-0.159535,-0.12637487,-0.14484274,-0.09217298,-0.09571393,-0.17273954,-0.14327702,-0.13743341,-0.1479899,-0.12719077,-0.15243384,-0.2613474,-0.22333384,-0.19047731,-0.20047067,-0.14680931,-0.1503147,-0.13150507,-0.14365412,-0.15202609,-0.16545191,-0.14798585,-0.16278498,-0.1604467,-0.14998752,-0.14813945,-0.15821579,-0.15430522,-0.22480208,-0.120334074,-0.142424,-0.118719846,-0.16229108,-0.17567778,-0.15666349,-0.16968283,-0.11139822,-0.1388583,-0.13027036,-0.12933224,-0.15152657,-0.14323059,-0.11600455,-0.10065024,-0.09036459,-0.105767205,-0.12110925,-0.13581711,-0.15027548,-0.1617204,-0.1185138,-0.11129953,-0.1578567,-0.17738779,-0.13474242,-0.16516809,-0.25953975,-0.14975141,-0.13328107,-0.14254612,-0.15095688,-0.17780018,-0.16478364,-0.22917573,-0.09015879,-0.11034055,-0.13548623,-0.13039534,-0.13997786,-0.1751058,-0.13908121,-0.16057305,-0.12777606,-0.07092635,-0.03704006,-0.13782272,-0.1633732,-0.1805546,-0.14332479,-0.12334781,-0.13653916,-0.12023825,-0.13915074,-0.25318068,-0.26654312,-0.08328247,-0.10945694,-0.1456519,-0.09238048,-0.18941551,-0.19189365,-0.1539475,-0.09019185,-0.13230102,-0.15055755,-0.15132079,-0.16020238,-0.17191389,-0.18569171,-0.087660745,-0.1244936,-0.14229634,-0.10256614,-0.17951453,-0.19495486,-0.19328931,-0.10025929,-0.13113372,-0.07949845,-0.12855048,-0.19006202,-0.19515821,-0.19358885,-0.124146804,-0.07494335,-0.09734307,-0.11902347,-0.13736144,-0.12406494,-0.121451,-0.09460802,-0.09678182,-0.1088379,-0.082459606,-0.113306835,-0.13299017,-0.16866884,-0.1410757,-0.13704328,-0.18093297,-0.17825818,-0.19610855,-0.14567286,-0.15549555,-0.13639592,-0.119081676,-0.14001076,2.9787538,-0.1929755,-0.18291968,-0.19755594,-0.25103784,-0.20219928,-0.19158635,-0.19265854,-0.18416496,-0.17525458,-0.27554205,-0.08916744,-0.11956477,-0.12832627,-0.15751183,-0.20931396,-0.18224281,-0.29657933,-0.32474133,-0.15339911,-0.3242122,-0.17325558,-0.17108874,-0.2185038,-0.17647925,-0.114121355,-0.14059871,-0.15388772,-0.15788373,-0.22984435,-0.18186735,-0.26059872,-0.104597285,-0.12455491,-0.1392852,-0.12471479,-0.15189947,-0.15616143,-0.15757766,-0.14014931,-0.15141064,-0.16449174,-0.1562963,-0.15468583,-0.15418349,-0.13480836,-0.123582095,-0.14723818,-0.19217378,-0.17840527,-0.21025829,-0.3990198,-0.20501357,-0.113882095,-0.1296617,-0.11915364,-0.14892706,-0.16636807,-0.1884557,-0.19350982,-0.13227092,-0.076326266,-0.15436056,-0.14061168,-0.14106366,-0.11847167,-0.19987361,-0.1649412,-0.15965183,-0.14243412,-0.12412153,-0.12722544,-0.14610182,-0.2588673,-0.10755034,-0.13074079,-0.09132757,-0.12832497,-0.12985459,-0.15059566,-0.15304449,-0.09639951,-0.08910369,-0.12495701,-0.11077505,-0.13868804,-0.1517366,-0.17199105,-0.14385565,-0.11668845,-0.17543338,-0.15280627,-0.14328894,-0.12584461,-0.14324415,-0.17466888,-0.13176009,-0.1330339,-0.14674738,-0.12354407,-0.08722703,-0.05825615,-0.1444127,-0.17082691,-0.026243303,-0.16798712,-0.2829064,-0.31316653,-0.20035455,-0.14669535,-0.14331596,-0.14862512,-0.12963767,-0.25088155,-0.19570042,-0.19051349,-0.094568565,-0.10974637,-0.10702289,-0.09404622,-0.12759323,-0.15400794,-0.15746465,-0.1685482,-0.12812386,-0.0969081,-0.16398169,-0.14465839,-0.11335766,-0.18846886,-0.1706479,-0.15500791,-0.12638858,-0.115196005,-0.11345415,-0.11662802,-0.17778559,-0.13935912,-0.13529587,-0.096878245,-0.12167579,-0.09174298,-0.12434345,-0.13667153,-0.063823454,-0.13877153,-0.11419349,-0.13452303,-0.24483351,-0.2571875,0.8678424,-0.14724419,-0.15795577,-0.13289396,-0.19104545,-0.0782174,-0.17399412,-0.16570653,-0.09859173,-0.11065883,-0.115032926,-0.076612435,-0.083404,-0.1213824,-0.13072303,-0.13855581,-0.19385117,-0.09920181,-0.15682465,-0.19487974,-0.19273578,-0.18874978,-0.111582026,-0.14382872,-0.10321161,-0.16074538,-0.19599524,-0.17471167,-0.17048115,-0.14371103,-0.14354423,-0.10182507,-0.15434965,-0.1627632,-0.18248369,-0.19716124,-0.121766075,-0.14846414,-0.11417219,-0.07979041,-0.14391193,-0.20725825,-0.16206345,-0.125103,-0.15657571,-0.15690626,-0.14449728,-0.19202894,-0.1637235,-0.1837842,-0.2963242,-0.19973256,-0.18262291,-0.17286478,-0.19469446,-0.15856004,-0.14054683,-0.13101977,-0.12557748,-0.13912305,-0.16471255,-0.30584824,-0.16776279,-0.18288724,-0.19450366,-0.11441202,-0.15164877,-0.14140293,-0.17951982,-0.16815472,-0.1660451,-0.14331086,-0.18237996,-0.12894219,-0.15447518,-0.13825294,-0.24156228,-0.18090717,-0.10343225,-0.13582158,-0.14287919,-0.1760639,-0.110538386,-0.13519308,-0.15361881,-0.16136205,-0.18319514,-0.15542692,-0.15010759,-0.19184028,-0.17668234,-0.1656263,-0.14723541,-0.14623587,-0.11499533,-0.10471026,-0.13582414,-0.20148799,-0.17868,-0.12513243,-0.16699238,-0.18041904,-0.18738703,-0.11705899,-0.17846282,-0.26275653,-0.09254109,-0.09227579,-0.11511152,-0.13689402,-0.14905158,-0.09851979,-0.19098452
k__Bacteria|p__Firmicutes|c__Clostridia|o__Eubacteriales|f__Oscillospiraceae|g__Phocea|s__Phocea_massiliensis,-0.1004395,-0.12316422,-0.14227891,-0.20428483,-0.16847542,-0.19315934,-0.1666669,-0.14512536,-0.1264584,-0.18334702,-0.18504709,-0.21260507,-0.16960837,-0.20076673,-0.10337284,-0.099028334,-0.058144663,-0.09923057,-0.10838708,-0.17080149,-0.1978925,-0.12536043,-0.13660392,-0.15209724,-0.1711396,-0.11658599,-0.168935,-0.17372216,-0.1509206,-0.12124001,-0.13602594,-0.10632835,-0.14894405,-0.19447905,-0.18832847,-0.2175087,-0.16258071,-0.22338755,-0.1969199,-0.29867563,-0.29210672,-0.19583473,-0.10720113,-0.09162698,-0.13691942,-0.15583672,-0.23188588,-0.19424167,-0.14665513,-0.2026537,-0.18686745,-0.18279888,-0.19645882,-0.1955635,-0.19611235,-0.1556134,-0.12569264,-0.1435014,-0.09243402,-0.095580354,-0.17121676,-0.14223991,-0.13743341,-0.14713176,-0.12719077,-0.15209925,-0.2613474,-0.22333384,-0.18932942,-0.20047067,-0.14517635,-0.14948118,-0.13058595,-0.14231159,-0.14889303,-0.1632909,-0.14627211,-0.16278498,-0.16118428,-0.14998752,-0.14779532,-0.15758932,-0.15334897,-0.22480208,-0.120334074,-0.14181961,-0.1186559,-0.16041976,-0.17352505,-0.15657903,-0.16826294,-0.11139822,-0.1388583,-0.13027036,-0.12862667,-0.15152657,-0.14407952,-0.11581914,-0.10065024,-0.090984434,-0.10518387,-0.120097265,-0.13489117,-0.15027548,-0.1604906,-0.1185138,-0.11129953,-0.1578567,-0.17738779,-0.13258338,-0.1644333,-0.25953975,-0.1493217,-0.13363804,-0.14149213,-0.15095688,-0.17780018,-0.16473015,-0.22917573,-0.09015879,-0.111348584,-0.13514835,-0.12949008,-0.13997786,-0.1746029,-0.13908121,-0.16057305,-0.12777606,-0.07092635,-0.03704006,-0.13766484,-0.16200309,-0.17897652,-0.14332479,-0.12334781,-0.1368745,-0.12023825,-0.13780889,-0.25318068,-0.26654312,-0.08395752,-0.10945694,-0.14364812,-0.09238048,-0.1884205,-0.19046736,-0.15396023,-0.09072072,-0.13230102,-0.15016496,-0.15072471,-0.15894759,-0.17070542,-0.182347,-0.08856987,-0.12351316,-0.14125323,-0.10256614,-0.17951453,-0.19495486,-0.18972537,-0.10014419,-0.13113372,-0.0779779,-0.12714234,-0.19006202,-0.19297889,-0.19141546,-0.123231575,-0.076259695,-0.09702514,-0.11848054,-0.13668895,-0.12406494,-0.121451,-0.09449595,-0.09683779,-0.1087642,-0.082459606,-0.112571195,-0.13226005,-0.16667825,-0.1410757,-0.13746576,-0.18093297,-0.17825818,-0.19374272,-0.1446924,-0.15549555,-0.13498066,-0.119081676,-0.14001076,-0.19117098,-0.19131109,-0.18236712,-0.19755594,-0.25103784,-0.20219928,-0.19185458,-0.192197,-0.18284535,-0.17467298,-0.27554205,-0.08916744,-0.11956477,-0.12940393,-0.15751183,-0.20931396,-0.18224281,-0.29657933,-0.32474133,-0.15878123,-0.3242122,-0.17325558,-0.17108874,-0.2185038,-0.17647925,-0.114121355,-0.1412666,-0.15388772,-0.15788373,-0.22984435,-0.18186735,-0.24983144,-0.10457972,-0.12455491,-0.13908193,-0.12427342,-0.15189947,-0.15450236,-0.15563957,-0.14014931,-0.15141064,-0.16241264,-0.15607148,-0.15360276,-0.15357134,-0.13416052,-0.12354118,-0.14731708,-0.189605,-0.17740586,-0.21025829,-0.3990198,-0.19998038,-0.11361617,-0.1296617,-0.11770022,-0.14801124,-0.16636807,-0.18612453,-0.19179115,-0.1327855,-0.076979,-0.15218216,-0.14036508,-0.14106366,-0.11832315,-0.19987361,-0.1649412,-0.16065612,-0.1419129,-0.12393053,-0.12722544,-0.14610182,-0.2588673,-0.10761145,-0.13074079,-0.09132757,-0.12832497,-0.12897518,-0.15071133,-0.15156882,-0.0964217,-0.08910369,-0.124227166,-0.110928684,-0.13819584,-0.15138206,-0.16968268,-0.14312734,-0.11763412,-0.17401695,-0.15254366,-0.14235955,-0.12584664,-0.14157724,-0.17466888,-0.13176009,-0.13237876,-0.1457839,-0.12281153,-0.08722703,-0.05825615,-0.1436198,-0.17082691,-0.026243303,-0.16850667,-0.2829064,-0.31316653,-0.19677922,-0.14574085,-0.14331596,-0.14862512,-0.12963767,-0.25088155,-0.19317332,-0.18793544,-0.09502597,-0.10922271,-0.10702289,-0.09185098,-0.12759323,-0.15368392,-0.15746465,-0.167077,-0.12812386,-0.0969081,-0.16398169,-0.14307575,-0.11335766,-0.18846886,-0.1706479,-0.1545945,-0.12593555,-0.115196005,-0.112389095,-0.11662802,-0.17572968,-0.13831285,-0.13392073,-0.096878245,-0.1209245,-0.091639474,-0.12434345,-0.13665229,-0.063823454,-0.13877153,-0.11419349,-0.13395233,-0.24483351,-0.2571875,-0.29957527,-0.14609402,-0.1567688,-0.1318159,-0.19104545,-0.0782174,-0.17185915,-0.16433209,-0.09859173,-0.11065883,-0.11529089,-0.076612435,-0.083404,-0.1213824,-0.13072303,-0.13855581,-0.19385117,-0.09854157,-0.15583122,-0.19487974,-0.19191109,-0.18659541,-0.111532494,-0.14397731,-0.1027841,-0.15805256,-0.19358586,-0.17079964,-0.16970769,-0.14308172,-0.14239387,-0.10277343,-0.15335728,-0.16211769,-0.18190071,-0.19467866,-0.121073455,-0.1469551,-0.11484967,-0.080516554,-0.14228158,-0.20725825,-0.16152498,-0.125103,-0.15657571,-0.15690626,-0.14453867,-0.19202894,-0.1632989,-0.18159217,-0.2963242,-0.1998963,-0.18174899,-0.17290574,-0.19326295,-0.15798323,-0.14054683,-0.13050795,-0.12557748,-0.13869512,-0.16422725,-0.30584824,-0.16854826,-0.18051234,-0.19348128,-0.11441202,-0.15037474,-0.14121804,-0.17840943,-0.16695035,-0.16447632,-0.14331086,-0.18237996,-0.12938198,-0.15395361,-0.13676903,-0.24156228,-0.18153653,-0.10335165,-0.1364907,-0.14142214,-0.17371492,-0.111251265,-0.13506901,-0.15149826,-0.15959296,-0.18343364,-0.153016,-0.14855018,-0.19184028,-0.17607863,-0.16377965,-0.14723541,-0.14623587,-0.11499533,-0.10471026,-0.13475604,-0.20148799,-0.17702505,-0.12513243,-0.16878638,-0.18041904,-0.18738703,-0.11705899,-0.17418268,-0.2568416,-0.09282622,-0.09253624,-0.115299344,-0.13561334,-0.14772055,-0.09891851,-0.18842499
k__Bacteria|p__Firmicutes|c__Clostridia|o__Eubacteriales|f__Lachnospiraceae|g__GGB3602|s__GGB3602_SGB4574,-0.1004395,-0.12316422,-0.14166531,-0.20428483,-0.16718136,-0.19402727,-0.1666669,-0.14541247,-0.1249564,-0.18399619,-0.1835383,-0.2270674,-0.16995837,-0.20580238,-0.10328694,-0.09945762,-0.058144663,-0.09981531,-0.107786044,-0.1711449,-0.1978925,-0.12536043,-0.13655478,-0.15273663,-0.1719583,-0.11658599,-0.16762675,-0.17448401,-0.1509206,-0.12124001,-0.13523409,-0.105695054,-0.14848068,-0.19631025,-0.18968417,-0.2175087,-0.16109438,-0.22338755,-0.19764008,-0.29867563,-0.29210672,-0.19871542,-0.10741143,-0.09162698,-0.13691942,-0.1552327,-0.23188588,-0.19413301,-0.14689687,-0.2026537,-0.18404317,-0.18279888,-0.1976026,-0.19902353,-0.20409925,-0.15839078,-0.12593722,-0.14412588,-0.092272416,-0.095684335,-0.17164955,-0.14271376,-0.13743341,-0.14725631,-0.12719077,-0.15146142,-0.2613474,4.2465754,-0.18926592,-0.20047067,-0.14610323,-0.14957105,-0.13089746,-0.14297041,-0.15128115,-0.1645813,-0.14704974,-0.16278498,-0.15963513,-0.14998752,-0.14738306,-0.1573214,-0.15350816,-0.22480208,-0.120334074,-0.14172134,-0.11841627,-0.16140303,-0.17456011,-0.15584743,-0.1684339,-0.11139822,-0.1388583,-0.13027036,-0.12880206,-0.15152657,-0.14263454,-0.11567851,-0.10065024,-0.09042566,-0.105607666,-0.12070463,-0.13522658,-0.15027548,-0.16074726,-0.1185138,-0.11129953,-0.1578567,-0.17738779,-0.13405094,-0.16393164,-0.25953975,-0.1489459,-0.13271394,-0.14180523,-0.15095688,-0.17780018,-0.1638205,-0.22917573,-0.09015879,-0.110080436,-0.13490035,-0.12988567,-0.13997786,-0.17399952,-0.13908121,-0.16057305,-0.12777606,-0.07092635,-0.03704006,-0.13717178,-0.16243877,-0.17932047,-0.14332479,-0.12334781,-0.1358779,-0.12023825,-0.13849604,-0.25318068,-0.26654312,-0.08350909,-0.10945694,-0.1448417,-0.09238048,-0.18802035,-0.19060774,-0.15315154,-0.09030547,-0.13230102,-0.14974436,-0.15055422,-0.15930727,-0.17088145,-0.18434183,-0.087838575,-0.12402408,-0.14155948,-0.10256614,-0.17951453,-0.19495486,-0.19186507,-0.100161254,-0.13113372,-0.079617396,-0.1279733,-0.19006202,-0.19385707,-0.19214329,-0.12376887,-0.07537298,-0.09722422,-0.11859831,-0.13672899,-0.12406494,-0.121451,-0.09463851,-0.09673582,-0.10858443,-0.082459606,-0.11297026,-0.13247252,-0.16756535,-0.1410757,-0.13643071,-0.18093297,-0.17825818,-0.19466469,-0.14487167,-0.15549555,-0.13573976,-0.119081676,-0.14001076,-0.19117098,-0.19165108,-0.18171602,-0.19755594,-0.25103784,-0.20219928,-0.19033347,-0.19129157,-0.1828712,-0.17402121,-0.27554205,-0.08916744,-0.11956477,-0.12779763,-0.15751183,-0.20931396,-0.18224281,-0.29657933,-0.32474133,-0.15207939,-0.3242122,-0.17325558,-0.17108874,-0.2185038,-0.17647925,-0.114121355,-0.13994917,-0.15388772,-0.15788373,-0.22984435,-0.18186735,-0.25750437,-0.10447892,-0.12455491,-0.13864473,-0.1242727,-0.15189947,-0.1554585,-0.15667516,-0.14014931,-0.15141064,-0.16354722,-0.15549865,-0.1538428,-0.15330034,-0.13413355,-0.12313566,-0.14642283,-0.19079177,-0.17743573,-0.21025829,-0.3990198,-0.20261905,-0.11359702,-0.1296617,-0.11870602,-0.14812647,-0.16636807,-0.18714654,-0.19206256,-0.13170126,-0.07663798,-0.15337393,-0.13991609,-0.14106366,-0.11824632,-0.19987361,-0.1649412,-0.1587871,-0.14166696,-0.12369707,-0.12722544,-0.14610182,-0.2588673,-0.10734032,-0.13074079,-0.09132757,-0.12832497,-0.12935644,-0.14991783,-0.15223345,-0.0964091,-0.08910369,-0.124449566,-0.11056623,-0.1380134,-0.15095688,-0.17082337,-0.14315714,-0.11634473,-0.1742599,-0.1520657,-0.14261113,-0.12551029,-0.14237896,-0.17466888,-0.13176009,-0.13239256,-0.1460324,-0.12318397,-0.08722703,-0.05825615,-0.14374092,-0.17082691,-0.026243303,-0.16671525,-0.2829064,-0.31316653,-0.1985818,-0.14596334,-0.14331596,-0.14862512,-0.12963767,-0.25088155,-0.19442382,-0.18908174,-0.0946462,-0.1094604,-0.10702289,-0.09399149,-0.12759323,-0.15309298,-0.15746465,-0.16751726,-0.12812386,-0.0969081,-0.16398169,-0.14400303,-0.11335766,-0.18846886,-0.1706479,-0.15419346,-0.12596346,-0.115196005,-0.11308064,-0.11662802,-0.1765286,-0.13875529,-0.13472447,-0.096878245,-0.12126613,-0.09179355,-0.12434345,-0.13606407,-0.063823454,-0.13877153,-0.11419349,-0.13387856,-0.24483351,-0.2571875,-0.29957527,-0.14647955,-0.15706487,-0.13234416,-0.19104545,-0.0782174,-0.1727235,-0.16461435,-0.09859173,-0.11065883,-0.114770785,-0.076612435,-0.083404,-0.1213824,-0.13072303,-0.13855581,-0.19385117,-0.09924117,-0.15583082,-0.19487974,-0.19139767,-0.18733408,-0.11133548,-0.14320481,-0.10315146,-0.15969601,-0.19457164,-0.17340267,-0.1692448,-0.14304586,-0.14281747,-0.101679295,-0.15345183,-0.16184877,-0.18120106,-0.19549048,-0.12140421,-0.14767712,-0.11384581,-0.07996239,-0.14307268,-0.20725825,-0.1611538,-0.125103,-0.15657571,-0.15690626,-0.14379266,-0.19202894,-0.16280419,-0.18246688,-0.2963242,-0.1979155,-0.18111955,-0.17178807,-0.19325341,-0.15765272,-0.14054683,-0.13049276,-0.12557748,-0.1384747,-0.16336061,-0.30584824,-0.16680017,-0.18156077,-0.19309847,-0.11441202,-0.15077707,-0.1407304,-0.17831886,-0.16718546,-0.16496067,-0.14331086,-0.18237996,-0.12834343,-0.15349154,-0.13746482,-0.24156228,-0.17968415,-0.10330402,-0.13529895,-0.14223027,-0.17489266,-0.11034821,-0.13461842,-0.15264344,-0.16042534,-0.18204024,-0.15455508,-0.14939137,-0.19184028,-0.175664,-0.16462484,-0.14723541,-0.14623587,-0.11499533,-0.10471026,-0.1351289,-0.20148799,-0.17755271,-0.12513243,-0.16593444,-0.18041904,-0.18738703,-0.11705899,-0.17714843,-0.26011473,-0.0926168,-0.09230274,-0.11477223,-0.13622639,-0.14825627,-0.09845657,-0.18939896
k__Bacteria|p__Firmicutes|c__Erysipelotrichia|o__Erysipelotrichales|f__Erysipelotrichaceae|g__Solobacterium|s__Solobacterium_SGB6834,-0.1004395,-0.12316422,-0.14184843,-0.20428483,-0.16693464,-0.19318321,-0.1666669,-0.14496037,-0.12536922,-0.18362823,-0.18309087,-0.22050875,-0.16955751,-0.2032358,-0.10296954,-0.099071965,-0.058144663,-0.09957923,-0.107821524,-0.17076817,-0.1978925,-0.12536043,-0.1362615,-0.15203819,-0.17116475,-0.11658599,-0.16777906,-0.17359568,-0.1509206,-0.12124001,-0.13518664,-0.10568991,-0.1483674,-0.19504535,-0.18871897,-0.2175087,-0.16075343,-0.22338755,-0.1966252,-0.29867563,-0.29210672,-0.19740981,-0.107071,-0.09162698,-0.13691942,-0.15514854,-0.23188588,-0.19380473,-0.1463312,-0.2026537,-0.18406823,-0.18279888,-0.19656765,-0.19702078,-0.20085314,-0.15741012,-0.12555052,-0.14352226,-0.0921472,-0.09556951,-0.1710541,-0.14213116,-0.13743341,-0.14676808,-0.12719077,-0.15167865,-0.2613474,-0.22333384,-0.18866053,-0.20047067,-0.14535317,-0.14906156,-0.13050848,-0.14251111,-0.15007734,-0.16347782,-0.14619371,-0.16278498,-0.15953901,-0.14998752,-0.14717449,-0.15702745,-0.15314859,-0.22480208,-0.120334074,-0.14150195,-0.11833895,-0.1606847,-0.17357004,-0.1556873,-0.16795313,-0.11139822,-0.1388583,-0.13027036,-0.12858196,-0.15152657,-0.14285892,-0.1154321,-0.10065024,-0.090528294,-0.105367616,-0.120295174,-0.13487908,-0.15027548,-0.16013616,-0.1185138,-0.11129953,-0.1578567,-0.17738779,-0.1332151,-0.16387844,-0.25953975,-0.14868331,-0.13273105,-0.14149985,-0.15095688,-0.17780018,-0.16380677,-0.22917573,-0.09015879,-0.11045188,-0.1346727,-0.12941876,-0.13997786,-0.17376533,-0.13908121,-0.16057305,-0.12777606,-0.07092635,-0.03704006,-0.1373266,-0.16194457,-0.17861861,-0.14332479,-0.12334781,-0.13601463,-0.12023825,-0.13799691,-0.25318068,-0.26654312,-0.08360535,-0.10945694,-0.14408642,-0.09238048,-0.18799484,-0.19000918,-0.15311906,-0.09038764,-0.13230102,-0.1496003,-0.15026014,-0.15876812,-0.17034546,-0.18307602,-0.08802755,-0.1236075,-0.14086168,-0.10256614,-0.17951453,-0.19495486,-0.19041066,-0.10006634,-0.13113372,-0.079157844,-0.12776452,-0.19006202,-0.19286984,-0.19132152,-0.123175696,-0.07549828,-0.097089745,-0.11842805,-0.1364884,-0.12406494,-0.121451,-0.094404526,-0.09664436,-0.10853376,-0.082459606,-0.11281415,-0.13226266,-0.16680308,-0.1410757,-0.13652742,-0.18093297,-0.17825818,-0.19376814,-0.14456123,-0.15549555,-0.13513279,-0.119081676,-0.14001076,-0.19117098,-0.19091901,-0.18139616,-0.19755594,-0.25103784,-0.20219928,-0.19038002,-0.19111177,-0.18246248,-0.1739911,-0.27554205,-0.08916744,-0.11956477,-0.12832177,-0.15751183,-0.20931396,-0.18224281,-0.29657933,-0.32474133,-0.15553945,-0.3242122,-0.17325558,-0.17108874,-0.2185038,-0.17647925,-0.114121355,-0.1401453,-0.15388772,-0.15788373,-0.22984435,-0.18186735,-0.2538864,-0.10432975,-0.12455491,-0.13858867,-0.12411962,-0.15189947,-0.15470853,-0.15569645,-0.14014931,-0.15141064,-0.16256765,-0.15519214,-0.15327719,-0.15296412,-0.13386324,-0.122994974,-0.14643472,-0.18979812,-0.17661636,-0.21025829,-0.3990198,-0.20333672,-0.11343862,-0.1296617,-0.11825891,-0.14784947,-0.16636807,-0.1863279,-0.19137374,-0.1318157,-0.07673244,-0.15272304,-0.13980192,-0.14106366,-0.11799626,-0.19987361,-0.1649412,-0.15889564,-0.14145902,-0.12358102,-0.12722544,-0.14610182,-0.2588673,-0.10732126,-0.13074079,-0.09132757,-0.12832497,-0.12901309,-0.14982322,-0.151512,-0.09622353,-0.08910369,-0.1242491,-0.110577345,-0.13794896,-0.15080068,-0.1699557,-0.14277005,-0.11664997,-0.17389727,-0.15184987,-0.14221582,-0.12536182,-0.14175685,-0.17466888,-0.13176009,-0.13215443,-0.1455847,-0.122687474,-0.08722703,-0.05825615,-0.14333388,-0.17082691,-0.026243303,-0.16721492,-0.2829064,-0.31316653,-0.19819379,-0.14547881,-0.14331596,-0.14862512,-0.12963767,-0.25088155,-0.19329044,-0.18803939,-0.09457363,-0.109233975,-0.10702289,-0.09318721,-0.12759323,-0.15314573,-0.15746465,-0.16676012,-0.12812386,-0.0969081,-0.16398169,-0.14333051,-0.11335766,-0.18846886,-0.1706479,-0.15374373,-0.12559374,-0.115196005,-0.11264985,-0.11662802,-0.17584239,-0.13817953,-0.13399546,-0.096878245,-0.120986015,-0.091700196,-0.12434345,-0.13595864,-0.063823454,-0.13877153,-0.11419349,-0.1337417,-0.24483351,-0.2571875,0.6882152,-0.14595672,-0.15654428,-0.13196146,-0.19104545,-0.0782174,-0.17204204,-0.16405794,-0.09859173,-0.11065883,-0.114639305,-0.076612435,-0.083404,-0.1213824,-0.13072303,-0.13855581,-0.19385117,-0.09872068,-0.1556289,-0.19487974,-0.1910062,-0.18655606,-0.11120578,-0.14321367,-0.10283476,-0.1587233,-0.19365603,-0.17215574,-0.16893478,-0.14267252,-0.14226547,-0.1019755,-0.15323429,-0.16156365,-0.18100983,-0.19470303,-0.121052206,-0.14709902,-0.114024594,-0.080301195,-0.14277631,-0.20725825,-0.16063309,-0.125103,-0.15657571,-0.15690626,-0.14381145,-0.19202894,-0.16248891,-0.18155795,-0.2963242,-0.19826525,-0.18129653,-0.17198731,-0.19290504,-0.15749937,-0.14054683,-0.13019037,-0.12557748,-0.13825761,-0.16343299,-0.30584824,-0.16696775,-0.18054412,-0.1925887,-0.11441202,-0.15048602,-0.14075461,-0.17796722,-0.16663563,-0.16429675,-0.14331086,-0.18237996,-0.1284134,-0.15341976,-0.1370169,-0.24156228,-0.17987771,-0.10316266,-0.13551849,-0.14162074,-0.17394479,-0.110479906,-0.13464066,-0.1518375,-0.15961732,-0.18199213,-0.15368104,-0.14877924,-0.19184028,-0.1752183,-0.16371962,-0.14723541,-0.14623587,-0.11499533,-0.10471026,-0.13504778,-0.20148799,-0.17662184,-0.12513243,-0.16665716,-0.18041904,-0.18738703,-0.11705899,-0.17551452,-0.25788432,-0.09256299,-0.09231453,-0.11485304,-0.13582487,-0.14772809,-0.09854373,-0.18866256
k__Bacteria|p__Firmicutes|c__Clostridia|o__Eubacteriales|f__Lachnospiraceae|g__Enterocloster|s__Enterocloster_citroniae,-0.1004395,-0.12316422,-0.14171258,-0.20428483,-0.16700757,-0.19323356,-0.1666669,-0.1449497,-0.12472795,-0.18331835,-0.18290564,-0.2278969,-0.16817203,-0.20578943,-0.10291459,-0.09919518,-0.058144663,-0.09956353,-0.1075576,-0.17071447,-0.1978925,-0.12536043,-0.13600051,-0.15203351,-0.17126167,-0.11658599,-0.16727531,-0.17373914,-0.1509206,-0.12124001,-0.13493545,-0.10548482,-0.14821026,-0.19556087,-0.1890085,-0.2175087,-0.16077101,-0.22338755,-0.19722994,-0.29867563,-0.29210672,-0.19816697,-0.10694611,-0.09162698,-0.13691942,-0.15508755,-0.23188588,-0.19375661,-0.14622512,-0.2026537,-0.18376844,-0.18279888,-0.19723389,-0.1982363,-0.20393655,-0.15689251,-0.12553899,-0.14354129,-0.0918327,-0.0953607,-0.17095897,-0.14207359,-0.13743341,-0.14675768,-0.12719077,-0.15099874,-0.2613474,-0.22333384,-0.18872932,-0.20047067,-0.14542723,-0.14893134,-0.13052943,-0.14251786,-0.15028849,-0.16370392,-0.1461893,-0.16278498,-0.15922244,-0.14998752,-0.14690596,-0.1569606,-0.15299183,-0.22480208,-0.120334074,-0.14131612,-0.118194275,-0.16064909,-0.17377812,-0.15561499,-0.16797532,-0.11139822,-0.1388583,-0.13027036,-0.1282726,-0.15152657,-0.1423205,-0.11513169,-0.10065024,-0.09023692,-0.10519219,-0.120217845,-0.13481551,-0.15027548,-0.1601181,-0.1185138,-0.11129953,-0.1578567,-0.17738779,-0.13314834,-0.16394103,-0.25953975,-0.14851362,-0.1324924,-0.1415589,-0.15095688,-0.17780018,-0.16363609,-0.22917573,-0.09015879,-0.109976724,-0.13460985,-0.12937057,-0.13997786,-0.17371562,-0.13908121,-0.16057305,-0.12777606,-0.07092635,-0.03704006,-0.13711302,-0.16193658,-0.17867935,-0.14332479,-0.12334781,-0.13548212,-0.12023825,-0.1380724,-0.25318068,-0.26654312,-0.08325979,-0.10945694,-0.14410073,-0.09238048,-0.18772778,-0.19039637,-0.15298823,-0.090094335,-0.13230102,-0.1494243,-0.15019317,-0.15876985,-0.17033774,-0.18326497,-0.08776502,-0.123559475,-0.14109586,-0.10256614,-0.17951453,-0.19495486,-0.1908235,-0.099889085,-0.13113372,-0.07945511,-0.12766169,-0.19006202,-0.19318023,-0.19158795,-0.12325236,-0.07503914,-0.09681597,-0.11832148,-0.13639052,-0.12406494,-0.121451,-0.09433385,-0.09645726,-0.1083045,-0.082459606,-0.112554625,-0.13203385,-0.16687766,-0.1410757,-0.1362543,-0.18093297,-0.17825818,-0.1940721,-0.14455283,-0.15549555,-0.13521478,-0.119081676,-0.14001076,-0.19117098,-0.19128008,-0.18137345,-0.19755594,-0.25103784,-0.20219928,-0.1899817,-0.19111201,-0.18238075,-0.17396495,-0.27554205,-0.08916744,-0.11956477,-0.12786984,-0.15751183,-0.20931396,-0.18224281,-0.29657933,-0.32474133,-0.15406078,-0.3242122,-0.17325558,-0.17108874,-0.2185038,-0.17647925,-0.114121355,-0.13979909,-0.15388772,-0.15788373,-0.22984435,-0.18186735,-0.2570483,-0.10419299,-0.12455491,-0.1383155,-0.123885445,-0.15189947,-0.15480715,-0.15582205,-0.14014931,-0.15141064,-0.16270429,-0.15509942,-0.15325454,-0.15303376,-0.13373414,-0.12272486,-0.14592323,-0.18991837,-0.17700593,-0.21025829,-0.3990198,-0.20282695,-0.11323157,-0.1296617,-0.118199416,-0.1477113,-0.16636807,-0.18633957,-0.19146171,-0.13164732,-0.07615015,-0.15272827,-0.13961263,-0.14106366,-0.11805557,-0.19987361,-0.1649412,-0.15861665,-0.14148763,-0.12336933,-0.12722544,-0.14610182,-0.2588673,-0.10719751,-0.13074079,-0.09132757,-0.12832497,-0.12884748,-0.14967754,-0.1514878,-0.096052654,-0.08910369,-0.12409975,-0.110373646,-0.13774423,-0.15066093,-0.17010976,-0.14273956,-0.1160894,-0.17387584,-0.15172683,-0.14212939,-0.12532279,-0.1415677,-0.17466888,-0.13176009,-0.13188463,-0.14551988,-0.12270612,-0.08722703,-0.05825615,-0.14340523,-0.17082691,-0.026243303,-0.16708064,-0.2829064,-0.31316653,-0.19834158,-0.14544958,-0.14331596,-0.14862512,-0.12963767,-0.25088155,-0.19369087,-0.18822181,-0.09438552,-0.10894108,-0.10702289,-0.093201555,-0.12759323,-0.1528934,-0.15746465,-0.1668115,-0.12812386,-0.0969081,-0.16398169,-0.14332707,-0.11335766,-0.18846886,-0.1706479,-0.1536934,-0.12539396,-0.115196005,-0.11255665,-0.11662802,-0.1756995,-0.13823164,-0.13403645,-0.096878245,-0.12087761,-0.09143081,-0.12434345,-0.13560751,-0.063823454,-0.13877153,-0.11419349,-0.13373256,-0.24483351,-0.2571875,-0.29957527,-0.14601463,-0.15646392,-0.13191512,-0.19104545,-0.0782174,-0.1720576,-0.16407207,-0.09859173,-0.11065883,-0.11431698,-0.076612435,-0.083404,-0.1213824,-0.13072303,-0.13855581,-0.19385117,-0.09871441,-0.15555415,-0.19487974,-0.19098651,-0.18671212,-0.1110183,-0.14293891,-0.10244982,-0.1587944,-0.19383264,-0.17250359,-0.1690408,-0.14266455,-0.14225572,-0.101740144,-0.15317503,-0.16139212,-0.18091182,-0.19509661,-0.120918244,-0.14706488,-0.11354023,-0.07958031,-0.14308877,-0.20725825,-0.16068104,-0.125103,-0.15657571,-0.15690626,-0.14349574,-0.19202894,-0.16242889,-0.18160582,-0.2963242,-0.19847402,-0.18103193,-0.1718305,-0.19315651,-0.15755782,-0.14054683,-0.13014586,-0.12557748,-0.13820803,-0.16348238,-0.30584824,-0.1667184,-0.18070072,-0.19253245,-0.11441202,-0.1504392,-0.14050397,-0.17795746,-0.16667444,-0.16419943,-0.14331086,-0.18237996,-0.1281158,-0.15313411,-0.13747828,-0.24156228,-0.17956886,-0.10299777,-0.13515654,-0.14157252,-0.17420362,-0.110096365,-0.13440692,-0.15187621,-0.15977517,-0.18176767,-0.15369643,-0.14888632,-0.19184028,-0.17530313,-0.16365415,-0.14723541,-0.14623587,-0.11499533,-0.10471026,-0.1349129,-0.20148799,-0.17681526,-0.12513243,-0.16585718,-0.18041904,-0.18738703,-0.11705899,-0.1756134,-0.2592402,-0.09235874,-0.09195063,-0.11461347,-0.1357458,-0.14778852,-0.09825398,-0.18882573
k__Bacteria|p__Firmicutes|c__Clostridia|o__Eubacteriales|f__Lachnospiraceae|g__Blautia|s__Blautia_hydrogenotrophica,-0.1004395,-0.12316422,-0.14164391,-0.20428483,-0.16697866,-0.19393282,-0.1666669,-0.14503214,-0.12514925,-0.18414468,-0.1837722,-0.22188048,-0.1716935,-0.20411745,-0.103083044,-0.099237844,-0.058144663,-0.099332266,-0.10761113,-0.17100483,-0.1978925,-0.12536043,-0.13652655,-0.15242219,-0.1718532,-0.11658599,-0.1679326,-0.17426643,-0.1509206,-0.12124001,-0.1350735,-0.10574511,-0.1482934,-0.19626594,-0.18947572,-0.2175087,-0.16101119,-0.22338755,-0.19716129,-0.29867563,-0.29210672,-0.19798642,-0.10723035,-0.09162698,-0.13691942,-0.1551983,-0.23188588,-0.19413477,-0.14670134,-0.2026537,-0.18405366,-0.18279888,-0.19703987,-0.19842374,-0.20177546,-0.15871942,-0.12568742,-0.14393543,-0.09208125,-0.0955172,-0.17161337,-0.142505,-0.13743341,-0.14704517,-0.12719077,-0.15168858,-0.2613474,-0.22333384,-0.1890034,-0.20047067,-0.14579952,-0.14951368,-0.13062489,-0.14279115,-0.15095454,-0.16430035,-0.14694008,-0.16278498,-0.15976013,-0.14998752,-0.14737311,-0.15719193,-0.15342303,-0.22480208,-0.120334074,-0.14159091,-0.11829416,-0.16125408,-0.1742867,-0.15564457,-0.1683546,-0.11139822,-0.1388583,-0.13027036,-0.128703,-0.15152657,-0.14277497,-0.11563292,-0.10065024,-0.09045405,-0.10554679,-0.12056874,-0.13504377,-0.15027548,-0.16061106,-0.1185138,-0.11129953,-0.1578567,-0.17738779,-0.13365978,-0.16356009,-0.25953975,-0.14886978,-0.1326968,-0.14146939,-0.15095688,-0.17780018,-0.16364965,-0.22917573,-0.09015879,-0.1099874,-0.13466358,-0.12975216,-0.13997786,-0.17392154,-0.13908121,-0.16057305,-0.12777606,-0.07092635,-0.03704006,-0.13698637,-0.16226488,-0.17912424,-0.14332479,-0.12334781,-0.13596538,-0.12023825,-0.13817695,-0.25318068,-0.26654312,-0.083396934,-0.10945694,-0.14454749,-0.09238048,-0.1880532,-0.19030666,-0.15316421,-0.09016658,-0.13230102,-0.14966403,-0.1504645,-0.15923342,-0.17086759,-0.18411802,-0.08772998,-0.12377657,-0.14114043,-0.10256614,-0.17951453,-0.19495486,-0.19158381,-0.09982187,-0.13113372,-0.07896363,-0.12781364,-0.19006202,-0.19376725,-0.19179296,-0.123299494,-0.07548804,-0.09705106,-0.11844347,-0.13658653,-0.12406494,-0.121451,-0.09433164,-0.096589215,-0.10843241,-0.082459606,-0.112867564,-0.13242403,-0.16732329,-0.1410757,-0.13643777,-0.18093297,-0.17825818,-0.19451554,-0.14464384,-0.15549555,-0.1354225,-0.119081676,-0.14001076,-0.19117098,-0.19140801,-0.1816245,-0.19755594,-0.25103784,-0.20219928,-0.19038811,-0.19124193,-0.18291795,-0.17380664,-0.27554205,-0.08916744,-0.11956477,-0.127731,-0.15751183,-0.20931396,-0.18224281,-0.29657933,-0.32474133,-0.1521909,-0.3242122,-0.17325558,-0.17108874,-0.2185038,-0.17647925,-0.114121355,-0.14000787,-0.15388772,-0.15788373,-0.22984435,-0.18186735,-0.2560681,-0.10423266,-0.12455491,-0.1385941,-0.124199174,-0.15189947,-0.15524672,-0.1563715,-0.14014931,-0.15141064,-0.16331239,-0.15542287,-0.15364476,-0.15298721,-0.1340897,-0.12307814,-0.14669752,-0.19075221,-0.17716116,-0.21025829,-0.3990198,-0.20294484,-0.113387436,-0.1296617,-0.11842845,-0.14801177,-0.16636807,-0.18689488,-0.19199285,-0.13137615,-0.07692109,-0.15310669,-0.13984764,-0.14106366,-0.11781906,-0.19987361,-0.1649412,-0.15878119,-0.14131746,-0.12359919,-0.12722544,-0.14610182,-0.2588673,-0.10702195,-0.13074079,-0.09132757,-0.12832497,-0.12923457,-0.14979821,-0.15207753,-0.0962041,-0.08910369,-0.124236554,-0.1104639,-0.1378716,-0.15083507,-0.17062616,-0.1428507,-0.11640851,-0.17398438,-0.15194342,-0.14241882,-0.12532216,-0.14235654,-0.17466888,-0.13176009,-0.1323097,-0.14586514,-0.12301995,-0.08722703,-0.05825615,-0.1433863,-0.17082691,-0.026243303,-0.1662653,-0.2829064,-0.31316653,-0.19847141,-0.1457835,-0.14331596,-0.14862512,-0.12963767,-0.25088155,-0.1942114,-0.18879676,-0.09446795,-0.109368965,-0.10702289,-0.09381382,-0.12759323,-0.15299544,-0.15746465,-0.16751888,-0.12812386,-0.0969081,-0.16398169,-0.14385001,-0.11335766,-0.18846886,-0.1706479,-0.15407002,-0.12587184,-0.115196005,-0.11289131,-0.11662802,-0.17650993,-0.13853997,-0.13455075,-0.096878245,-0.121140085,-0.09170729,-0.12434345,-0.1359765,-0.063823454,-0.13877153,-0.11419349,-0.13354175,-0.24483351,-0.2571875,-0.29957527,-0.14617214,-0.15699473,-0.13214886,-0.19104545,-0.0782174,-0.17234652,-0.1644776,-0.09859173,-0.11065883,-0.11460282,-0.076612435,-0.083404,-0.1213824,-0.13072303,-0.13855581,-0.19385117,-0.09892925,-0.15542382,-0.19487974,-0.1914446,-0.1872161,-0.11113617,-0.14312157,-0.103179395,-0.15938374,-0.1946657,-0.17282051,-0.1692145,-0.14283514,-0.14266074,-0.1014719,-0.15320382,-0.1619529,-0.18113564,-0.19548848,-0.121211335,-0.14740555,-0.11373878,-0.080090836,-0.1424849,-0.20725825,-0.16086456,-0.125103,-0.15657571,-0.15690626,-0.1437766,-0.19202894,-0.16268285,-0.18230745,-0.2963242,-0.19772334,-0.18119574,-0.17193823,-0.1929785,-0.15738092,-0.14054683,-0.13023958,-0.12557748,-0.13814923,-0.16285084,-0.30584824,-0.1666713,-0.18138456,-0.1933646,-0.11441202,-0.15047961,-0.14070249,-0.17813447,-0.16704728,-0.16493821,-0.14331086,-0.18237996,-0.12815484,-0.15331969,-0.13676889,-0.24156228,-0.17967567,-0.103101686,-0.13529469,-0.14213914,-0.17450371,-0.11036039,-0.1344298,-0.15261132,-0.1601382,-0.1822235,-0.15433073,-0.14916626,-0.19184028,-0.17546988,-0.1645132,-0.14723541,-0.14623587,-0.11499533,-0.10471026,-0.13492595,-0.20148799,-0.1772713,-0.12513243,-0.1664067,-0.18041904,-0.18738703,-0.11705899,-0.17684807,-0.26018715,-0.09244931,-0.09223756,-0.114611305,-0.13607931,-0.14802238,-0.09835543,-0.18936603
k__Bacteria|p__Firmicutes|c__CFGB28775|o__OFGB28775|f__FGB28775|g__GGB3511|s__GGB3511_SGB4688,-0.1004395,-0.12316422,-0.14122629,-0.20428483,-0.16659984,-0.1931556,-0.1666669,-0.1448853,-0.12479082,-0.18338916,-0.18273754,-0.22317347,-0.16978967,-0.20335075,-0.10306821,-0.09898936,-0.058144663,-0.09973308,-0.10755919,-0.17067358,-0.1978925,-0.12536043,-0.1363182,-0.15239355,-0.1713512,-0.11658599,-0.16737854,-0.1738958,-0.1509206,-0.12124001,-0.1350056,-0.1054277,-0.1481247,-0.19527434,-0.18905294,-0.2175087,-0.1603144,-0.22338755,-0.19660482,-0.29867563,-0.29210672,-0.1978246,-0.10709183,-0.09162698,-0.13691942,-0.15476549,-0.23188588,-0.1935704,-0.14644113,-0.2026537,-0.18310751,-0.18279888,-0.19659355,-0.19779548,-0.20274255,-0.15812731,-0.1256368,-0.1437045,-0.09224667,-0.0955551,-0.17114285,-0.14243633,-0.13743341,-0.1467981,-0.12719077,-0.15105036,-0.2613474,-0.22333384,-0.18849045,-0.20047067,-0.14565216,-0.14918618,-0.1305635,-0.14264697,-0.15090556,-0.16405603,-0.14668086,-0.16278498,-0.15894558,-0.14998752,-0.1472396,-0.15675306,-0.15318531,-0.22480208,-0.120334074,-0.14142123,-0.11819022,-0.16094571,-0.17388612,-0.15538391,-0.1681191,-0.11139822,-0.1388583,-0.13027036,-0.12869157,-0.15152657,-0.14260995,-0.115525916,-0.10065024,-0.09035344,-0.10542757,-0.120398894,-0.13490361,-0.15027548,-0.1603293,-0.1185138,-0.11129953,-0.1578567,-0.17738779,-0.13351208,-0.1635779,-0.25953975,-0.1484667,-0.13238198,-0.1414234,-0.15095688,-0.17780018,-0.16314465,-0.22917573,-0.09015879,-0.110056214,-0.13454598,-0.12957303,-0.13997786,-0.17344727,-0.13908121,-0.16057305,-0.12777606,-0.07092635,-0.03704006,-0.13693354,-0.1620664,-0.17878489,-0.14332479,-0.12334781,-0.13560645,-0.12023825,-0.13829926,-0.25318068,-0.26654312,-0.08350489,-0.10945694,-0.14457564,-0.09238048,-0.18753558,-0.18998876,-0.15289104,-0.09024781,-0.13230102,-0.14938298,-0.15011682,-0.15878007,-0.1703863,-0.18382478,-0.087773025,-0.12365378,-0.14087114,-0.10256614,-0.17951453,-0.19495486,-0.19101281,-0.10009231,-0.13113372,-0.0795082,-0.12789139,-0.19006202,-0.19310889,-0.1914226,-0.12345108,-0.07534322,-0.097028315,-0.11832461,-0.13644814,-0.12406494,-0.121451,-0.09442543,-0.096520275,-0.108443245,-0.082459606,-0.1127825,-0.13232663,-0.16703984,-0.1410757,-0.13611336,-0.18093297,-0.17825818,-0.1937767,-0.14458206,-0.15549555,-0.13537705,-0.119081676,-0.14001076,-0.19117098,-0.19065833,-0.1809734,-0.19755594,-0.25103784,-0.20219928,-0.18987057,-0.19068734,-0.18227813,-0.17347015,-0.27554205,-0.08916744,-0.11956477,-0.12772888,-0.15751183,-0.20931396,-0.18224281,-0.29657933,-0.32474133,-0.15219966,-0.3242122,-0.17325558,-0.17108874,-0.2185038,-0.17647925,-0.114121355,-0.139647,-0.15388772,-0.15788373,-0.22984435,-0.18186735,-0.25449252,-0.10429081,-0.12455491,-0.13842703,-0.12417421,-0.15189947,-0.15508732,-0.15625274,-0.14014931,-0.15141064,-0.16307718,-0.15505694,-0.15336132,-0.1528814,-0.13380289,-0.1229797,-0.14613144,-0.19011809,-0.17668116,-0.21025829,-0.3990198,-0.20203702,-0.11334548,-0.1296617,-0.1183718,-0.14793858,-0.16636807,-0.18654522,-0.1913601,-0.13148485,-0.07667492,-0.15307146,-0.1396644,-0.14106366,-0.11801927,-0.19987361,-0.1649412,-0.15827414,-0.14126007,-0.12359448,-0.12722544,-0.14610182,-0.2588673,-0.10715307,-0.13074079,-0.09132757,-0.12832497,-0.12923703,-0.14972478,-0.15186815,-0.09625246,-0.08910369,-0.12427433,-0.11048113,-0.13773283,-0.15069306,-0.17029287,-0.1428121,-0.11635781,-0.17369507,-0.15175836,-0.14234017,-0.12522858,-0.14210303,-0.17466888,-0.13176009,-0.13214777,-0.14568576,-0.122916944,-0.08722703,-0.05825615,-0.14333573,-0.17082691,-0.026243303,-0.166087,-0.2829064,-0.31316653,-0.19767332,-0.14553028,-0.14331596,-0.14862512,-0.12963767,-0.25088155,-0.1935175,-0.18838736,-0.09465976,-0.109222904,-0.10702289,-0.09390712,-0.12759323,-0.15280437,-0.15746465,-0.16677064,-0.12812386,-0.0969081,-0.16398169,-0.14381117,-0.11335766,-0.18846886,-0.1706479,-0.15369684,-0.12570107,-0.115196005,-0.11286363,-0.11662802,-0.17593285,-0.13837299,-0.13432045,-0.096878245,-0.12097624,-0.09178792,-0.12434345,-0.13592151,-0.063823454,-0.13877153,-0.11419349,-0.13366434,-0.24483351,-0.2571875,-0.29957527,-0.1459701,-0.156565,-0.13211021,-0.19104545,-0.0782174,-0.17199863,-0.16427192,-0.09859173,-0.11065883,-0.11474696,-0.076612435,-0.083404,-0.1213824,-0.13072303,-0.13855581,-0.19385117,-0.099000424,-0.15545808,-0.19487974,-0.1907523,-0.18671195,-0.11120643,-0.14291437,-0.103024825,-0.15920895,-0.19358517,-0.17274019,-0.16895106,-0.14264014,-0.14232117,-0.10149388,-0.15313256,-0.16131921,-0.18058689,-0.19470274,-0.12117979,-0.14725032,-0.113661036,-0.08004734,-0.14284445,-0.20725825,-0.16060306,-0.125103,-0.15657571,-0.15690626,-0.14331253,-0.19202894,-0.16242678,-0.18197137,-0.2963242,-0.19658068,-0.18086714,-0.17139265,-0.19249809,-0.15732807,-0.14054683,-0.13020381,-0.12557748,-0.1381765,-0.16297927,-0.30584824,-0.1664603,-0.18111306,-0.19228463,-0.11441202,-0.1506437,-0.14042261,-0.17772225,-0.1667622,-0.16442205,-0.14331086,-0.18237996,-0.12799758,-0.15307598,-0.13714316,-0.24156228,-0.17907988,-0.1031481,-0.13506094,-0.1419142,-0.17431854,-0.110255435,-0.1344951,-0.15242848,-0.15969037,-0.18139087,-0.15420398,-0.14906588,-0.19184028,-0.17512473,-0.16419233,-0.14723541,-0.14623587,-0.11499533,-0.10471026,-0.13496107,-0.20148799,-0.17696188,-0.12513243,-0.16514751,-0.18041904,-0.18738703,-0.11705899,-0.17659384,-0.25819027,-0.09246801,-0.09224865,-0.11459291,-0.13592312,-0.14786229,-0.09842181,-0.18888964
k__Bacteria|p__Firmicutes|c__CFGB1362|o__OFGB1362|f__FGB1362|g__GGB48159|s__GGB48159_SGB105301,-0.1004395,-0.12316422,-0.14168034,-0.20428483,-0.16723803,-0.1935744,-0.1666669,-0.14517108,-0.12526366,-0.1835483,-0.18348211,-0.22220722,-0.16865651,-0.2030091,-0.10321565,-0.098810114,-0.058144663,-0.09961097,-0.10777764,-0.17113458,-0.1978925,-0.12536043,-0.13657632,-0.15263651,-0.17153631,-0.11658599,-0.1676,-0.17420374,-0.1509206,-0.12124001,-0.13524152,-0.10569413,-0.14837706,-0.19558376,-0.18907443,-0.2175087,-0.16142543,-0.22338755,-0.19688022,-0.29867563,-0.29210672,-0.19787017,-0.10726644,-0.09162698,-0.13691942,-0.1549944,-0.23188588,-0.1937205,-0.14679085,-0.2026537,-0.18458307,-0.18279888,-0.19709206,-0.1979681,-0.20224372,-0.15746154,-0.12585904,-0.14388353,-0.09248565,-0.0957243,-0.1714803,-0.1427284,-0.13743341,-0.14707455,-0.12719077,-0.15129974,-0.2613474,-0.22333384,-0.18920152,-0.20047067,-0.14590466,-0.149428,-0.1307489,-0.14274667,-0.15097691,-0.16443461,-0.14704171,-0.16278498,-0.15957883,-0.14998752,-0.14737102,-0.15713094,-0.1534975,-0.22480208,-0.120334074,-0.14155424,-0.1184101,-0.16125014,-0.17435029,-0.1557653,-0.16826092,-0.11139822,-0.1388583,-0.13027036,-0.12886986,-0.15152657,-0.14292488,-0.11565845,-0.10065024,-0.09046361,-0.105491176,-0.120612465,-0.13509646,-0.15027548,-0.16052154,-0.1185138,-0.11129953,-0.1578567,-0.17738779,-0.13365726,-0.16407908,-0.25953975,-0.14881751,-0.13266134,-0.14149424,-0.15095688,-0.17780018,-0.1638906,-0.22917573,-0.09015879,-0.11023159,-0.13486013,-0.12970388,-0.13997786,-0.17373636,-0.13908121,-0.16057305,-0.12777606,-0.07092635,-0.03704006,-0.13710672,-0.16232494,-0.1789797,-0.14332479,-0.12334781,-0.1357987,-0.12023825,-0.13820797,-0.25318068,-0.26654312,-0.08355177,-0.10945694,-0.14449959,-0.09238048,-0.18763536,-0.19018063,-0.15266275,-0.090327576,-0.13230102,-0.14962518,-0.15039536,-0.15905067,-0.17073855,-0.1838984,-0.08787961,-0.12384172,-0.14109923,-0.10256614,-0.17951453,-0.19495486,-0.19119304,-0.100238845,-0.13113372,-0.07934759,-0.12782338,-0.19006202,-0.19340622,-0.19156677,-0.12365739,-0.07551921,-0.097120956,-0.1184382,-0.13649438,-0.12406494,-0.121451,-0.0945078,-0.09653959,-0.10839905,-0.082459606,-0.11276606,-0.13234846,-0.16719437,-0.1410757,-0.13646159,-0.18093297,-0.17825818,-0.19396055,-0.14476585,-0.15549555,-0.13556206,-0.119081676,-0.14001076,-0.19117098,-0.19094642,-0.18153012,-0.19755594,-0.25103784,-0.20219928,-0.19034383,-0.19113716,-0.18245772,-0.17379433,-0.27554205,-0.08916744,-0.11956477,-0.12791428,-0.15751183,-0.20931396,-0.18224281,-0.29657933,-0.32474133,-0.15125576,-0.3242122,-0.17325558,-0.17108874,-0.2185038,-0.17647925,-0.114121355,-0.13995174,-0.15388772,-0.15788373,-0.22984435,-0.18186735,-0.25418866,-0.1044469,-0.12455491,-0.13858803,-0.12430842,-0.15189947,-0.15526612,-0.1564804,-0.14014931,-0.15141064,-0.16340908,-0.15551162,-0.15371837,-0.15313412,-0.13375075,-0.12319812,-0.14659007,-0.19027758,-0.17736658,-0.21025829,-0.3990198,-0.20063275,-0.11347078,-0.1296617,-0.11851316,-0.14804113,-0.16636807,-0.18676147,-0.1917113,-0.13161886,-0.076804236,-0.1532507,-0.13980389,-0.14106366,-0.11850459,-0.19987361,-0.1649412,-0.15881908,-0.14142068,-0.12354166,-0.12722544,-0.14610182,-0.2588673,-0.107298546,-0.13074079,-0.09132757,-0.12832497,-0.12928621,-0.14998484,-0.15196948,-0.09634195,-0.08910369,-0.12429558,-0.11056848,-0.13782531,-0.15095116,-0.1703597,-0.14313166,-0.116538204,-0.17386666,-0.15206116,-0.14237207,-0.12544826,-0.14224991,-0.17466888,-0.13176009,-0.13233927,-0.14584824,-0.122966394,-0.08722703,-0.05825615,-0.14357725,-0.17082691,-0.026243303,-0.1664108,-0.2829064,-0.31316653,-0.19743021,-0.14580677,-0.14331596,-0.14862512,-0.12963767,-0.25088155,-0.19388646,-0.18869613,-0.09477484,-0.109354764,-0.10702289,-0.093784295,-0.12759323,-0.15299498,-0.15746465,-0.16718853,-0.12812386,-0.0969081,-0.16398169,-0.14383146,-0.11335766,-0.18846886,-0.1706479,-0.15405603,-0.12592687,-0.115196005,-0.11293326,-0.11662802,-0.17598741,-0.13865724,-0.13442796,-0.096878245,-0.12100448,-0.09177076,-0.12434345,-0.13599405,-0.063823454,-0.13877153,-0.11419349,-0.13371181,-0.24483351,-0.2571875,-0.29957527,-0.14630407,-0.1567672,-0.13242313,-0.19104545,-0.0782174,-0.17234918,-0.16426368,-0.09859173,-0.11065883,-0.11487917,-0.076612435,-0.083404,-0.1213824,-0.13072303,-0.13855581,-0.19385117,-0.09916103,-0.1558953,-0.19487974,-0.19124609,-0.18683207,-0.11139513,-0.14291385,-0.10332509,-0.1595217,-0.19423631,-0.17287052,-0.16904154,-0.14293468,-0.14252457,-0.10174881,-0.15324228,-0.16166009,-0.18090585,-0.19479753,-0.12140389,-0.14740536,-0.113931835,-0.08014582,-0.14314064,-0.20725825,-0.16105077,-0.125103,-0.15657571,-0.15690626,-0.1436935,-0.19202894,-0.16287309,-0.1821371,-0.2963242,-0.19715863,-0.18074067,-0.17140031,-0.1926544,-0.15739515,-0.14054683,-0.13044061,-0.12557748,-0.13842902,-0.16291952,-0.30584824,-0.16701397,-0.18113823,-0.19274998,-0.11441202,-0.15058625,-0.1405761,-0.1780808,-0.16708829,-0.16458756,-0.14331086,-0.18237996,-0.12852296,-0.15324962,-0.13750806,-0.24156228,-0.17942128,-0.10326157,-0.13528034,-0.14209795,-0.17462394,-0.11036542,-0.1346781,-0.15243247,-0.1599565,-0.18186831,-0.15424149,-0.149395,-0.19184028,-0.17566061,-0.16436204,-0.14723541,-0.14623587,-0.11499533,-0.10471026,-0.13503581,-0.20148799,-0.17728765,-0.12513243,-0.16549256,-0.18041904,-0.18738703,-0.11705899,-0.17653403,-0.25845724,-0.09260361,-0.09225628,-0.11479643,-0.13600469,-0.14795586,-0.09852464,-0.18900388
k__Bacteria|p__Firmicutes|c__Bacilli|o__Lactobacillales|f__Streptococcaceae|g__Streptococcus|s__Streptococcus_agalactiae,-0.1004395,-0.12316422,-0.14068341,-0.20428483,-0.16617817,-0.19299874,-0.1666669,-0.14505431,-0.12456243,-0.18367413,-0.18223661,-0.22214775,-0.16850549,-0.20247895,-0.103110835,-0.09842174,-0.058144663,-0.09995625,-0.107357875,-0.17068106,-0.1978925,-0.12536043,-0.1364419,-0.15279892,-0.17132871,-0.11658599,-0.16720283,-0.1741805,-0.1509206,-0.12124001,-0.13483459,-0.105258964,-0.14788957,-0.19532925,-0.1891869,-0.2175087,-0.15962672,-0.22338755,-0.19572917,-0.29867563,-0.29210672,-0.1978991,-0.10719527,-0.09162698,-0.13691942,-0.15435845,-0.23188588,-0.1929553,-0.14658529,-0.2026537,-0.1827163,-0.18279888,-0.19628966,-0.19740722,-0.20319875,-0.15831986,-0.12578107,-0.14379606,-0.09249407,-0.09565669,-0.17143293,-0.142789,-0.13743341,-0.14678599,-0.12719077,-0.15061502,-0.2613474,-0.22333384,-0.18834546,3.3961306,-0.14603688,-0.14926687,-0.13053282,-0.14267553,-0.15184359,-0.16463305,-0.14719382,-0.16278498,-0.15829325,-0.14998752,-0.14718491,-0.15648451,-0.15328914,-0.22480208,-0.120334074,-0.14128828,-0.1181079,-0.16146187,-0.17424275,-0.15488428,-0.16817057,-0.11139822,-0.1388583,-0.13027036,-0.12896976,-0.15152657,-0.1426834,-0.11559972,-0.10065024,-0.09034075,-0.105709426,-0.12062658,-0.1350362,-0.15027548,-0.1605247,-0.1185138,-0.11129953,-0.1578567,-0.17738779,-0.13354215,-0.16298088,-0.25953975,-0.14825362,-0.13203426,-0.14123741,-0.15095688,-0.17780018,-0.16241148,-0.22917573,-0.09015879,-0.109693654,-0.13452604,-0.12964895,-0.13997786,-0.17303123,-0.13908121,-0.16057305,-0.12777606,-0.07092635,-0.03704006,-0.13662848,-0.16240038,-0.17868444,-0.14332479,-0.12334781,-0.13535812,-0.12023825,-0.13861713,-0.25318068,-0.26654312,-0.08368893,-0.10945694,-0.14501613,-0.09238048,-0.18717399,-0.18982126,-0.15247396,-0.09031212,-0.13230102,-0.14916053,-0.14998299,-0.15879962,-0.17038208,-0.18450463,-0.08765195,-0.12353988,-0.1406163,-0.10256614,-0.17951453,-0.19495486,-0.19130634,-0.100338265,-0.13113372,-0.079789005,-0.12802216,-0.19006202,-0.19324274,-0.19120555,-0.12375584,-0.07546958,-0.09709447,-0.118186474,-0.13646051,-0.12406494,-0.121451,-0.09447633,-0.096432686,-0.10842331,-0.082459606,-0.1129085,-0.13258263,-0.16723716,-0.1410757,-0.13579227,-0.18093297,-0.17825818,-0.1934065,-0.14444894,-0.15549555,-0.13552798,-0.119081676,-0.14001076,-0.19117098,-0.19012544,-0.1804761,-0.19755594,-0.25103784,-0.20219928,-0.18946394,-0.19017783,-0.1820303,-0.17287818,-0.27554205,-0.08916744,-0.11956477,-0.12740824,-0.15751183,-0.20931396,-0.18224281,-0.29657933,-0.32474133,-0.14779586,-0.3242122,-0.17325558,-0.17108874,-0.2185038,-0.17647925,-0.114121355,-0.13920195,-0.15388772,-0.15788373,-0.22984435,-0.18186735,-0.2532966,-0.10434678,2.0414734,-0.13845553,-0.124397665,2.0643358,-0.15566738,-0.15677474,-0.14014931,-0.15141064,-0.16367838,-0.1548537,-0.15350619,-0.15255243,-0.13356885,-0.12307803,-0.14593868,-0.1906225,-0.1766626,-0.21025829,-0.3990198,-0.19962135,-0.113394424,-0.1296617,-0.11858976,-0.14805555,-0.16636807,-0.18692283,-0.1912213,-0.13099912,-0.07707419,-0.15343449,-0.1396352,-0.14106366,-0.118228644,-0.19987361,-0.1649412,-0.15760314,-0.14083137,-0.12347027,-0.12722544,-0.14610182,-0.2588673,-0.1070215,-0.13074079,-0.09132757,-0.12832497,-0.12962982,-0.14968377,-0.15223113,-0.096417286,-0.08910369,-0.1243303,-0.11048037,-0.13749957,-0.15066996,-0.17037037,-0.14291316,-0.11619423,-0.17349774,-0.15176663,-0.14239132,-0.1251775,-0.14240423,-0.17466888,-0.13176009,-0.13218078,-0.1457036,-0.123093225,-0.08722703,-0.05825615,-0.1434212,-0.17082691,-0.026243303,-0.16432795,-0.2829064,-0.31316653,-0.19682148,-0.1455751,-0.14331596,-0.14862512,-0.12963767,-0.25088155,-0.19342232,-0.18852589,-0.09494284,-0.10932334,-0.10702289,-0.09477935,-0.12759323,-0.15244256,-0.15746465,-0.16670321,-0.12812386,-0.0969081,-0.16398169,-0.1442663,-0.11335766,-0.18846886,-0.1706479,-0.15343049,-0.1258044,-0.115196005,-0.11298967,-0.11662802,-0.17603733,-0.13859534,-0.1345855,-0.096878245,-0.1209141,-0.092115946,-0.12434345,-0.13590896,-0.063823454,-0.13877153,-0.11419349,-0.13355972,-0.24483351,-0.2571875,-0.29957527,-0.14596352,-0.1565794,-0.1324015,-0.19104545,-0.0782174,-0.1719836,-0.16409585,-0.09859173,-0.11065883,-0.11494013,-0.076612435,-0.083404,-0.1213824,-0.13072303,-0.13855581,-0.19385117,-0.09929871,-0.15526196,-0.19487974,-0.1905412,-0.1865386,-0.111332804,-0.14256042,-0.10355969,-0.15986459,-0.19352114,-0.17310065,-0.16872641,-0.14264002,-0.14225268,-0.101030424,-0.15307355,-0.16110028,-0.18015563,-0.19434497,-0.12148139,-0.14744872,-0.11354167,-0.08022346,-0.1427398,-0.20725825,-0.16053587,-0.125103,-0.15657571,-0.15690626,-0.1428389,-0.19202894,-0.16231681,-0.1822595,-0.2963242,-0.19426389,-0.18007839,-0.1708152,-0.19200549,-0.15689513,-0.14054683,-0.130243,-0.12557748,-0.13806179,-0.16182114,-0.30584824,-0.16597494,-0.18138874,-0.1919401,-0.11441202,-0.15073393,-0.14010625,-0.177463,-0.16681007,-0.1644085,-0.14331086,-0.18237996,-0.127545,-0.15252012,-0.13695574,-0.24156228,-0.17821851,-0.1032483,-0.13460213,-0.14233759,-0.17460983,-0.110105306,-0.1344055,-0.15302913,-0.15974706,-0.18085468,-0.15465322,-0.14936388,-0.19184028,-0.17497654,-0.16455954,-0.14723541,-0.14623587,-0.11499533,-0.10471026,-0.13494527,-0.20148799,-0.17717409,-0.12513243,-0.16363767,-0.18041904,-0.18738703,-0.11705899,-0.17767215,-0.2580709,-0.09251462,-0.09230602,-0.11442514,-0.13602562,-0.14787734,-0.098390706,-0.18904534
k__Bacteria|p__Firmicutes|c__Clostridia|o__Eubacteriales|f__Lachnospiraceae|g__Coprococcus|s__Coprococcus_catus,-0.1004395,-0.12316422,-0.14186664,-0.20428483,-0.16714372,-0.19342619,-0.1666669,-0.14524773,-0.12532252,-0.18358998,-0.18374702,-0.22421123,-0.16825876,-0.20466772,-0.10327402,-0.099291645,-0.058144663,-0.09984092,-0.10784888,-0.17093551,-0.1978925,-0.12536043,-0.1364632,-0.15238893,-0.17137982,-0.11658599,-0.16767283,-0.17396566,-0.1509206,-0.12124001,-0.13537413,-0.10585821,-0.14852986,-0.19556938,-0.18899262,-0.2175087,-0.16109121,-0.22338755,-0.19696,-0.29867563,-0.29210672,-0.1978685,-0.10731982,-0.09162698,-0.13691942,-0.15513217,-0.23188588,-0.19380073,-0.14660287,-0.2026537,-0.18434374,-0.18279888,-0.19734247,-0.1979709,-0.20242782,-0.1571244,-0.1258254,-0.14383516,-0.09236892,-0.09569983,-0.17131726,-0.14247811,-0.13743341,-0.14705583,-0.12719077,-0.15140384,-0.2613474,-0.22333384,-0.18892142,-0.20047067,-0.14575103,-0.14932601,-0.13080521,-0.1427633,-0.15054345,-0.16406788,-0.14656955,-0.16278498,-0.15973,-0.14998752,-0.147277,-0.15721565,-0.15335697,-0.22480208,-0.120334074,-0.14161034,-0.11844501,-0.16100687,-0.17402431,-0.15584376,-0.16812879,-0.11139822,-0.1388583,-0.13027036,-0.12872335,-0.15152657,-0.14285517,-0.11560689,-0.10065024,-0.09064898,-0.10550594,-0.120557226,-0.13505237,-0.15027548,-0.16039632,-0.1185138,-0.11129953,-0.1578567,-0.17738779,-0.13364841,-0.1640071,-0.25953975,-0.14884272,-0.13287571,-0.14170027,-0.15095688,-0.17780018,-0.16389821,-0.22917573,-0.09015879,-0.11043355,-0.13493694,-0.12970884,-0.13997786,-0.1738852,-0.13908121,-0.16057305,-0.12777606,-0.07092635,-0.03704006,-0.13736266,-0.16213942,-0.17890221,-0.14332479,-0.12334781,-0.13598198,-0.12023825,-0.13818045,-0.25318068,-0.26654312,-0.08364028,-0.10945694,-0.14438683,-0.09238048,-0.18783772,-0.19031915,-0.15299328,-0.090425685,-0.13230102,-0.14968817,-0.15045075,-0.15899476,-0.17058364,-0.1834451,-0.088057265,-0.123909056,-0.14133531,-0.10256614,-0.17951453,-0.19495486,-0.19086035,-0.10021931,-0.13113372,-0.07954042,-0.12768713,-0.19006202,-0.1932251,-0.19156797,-0.12354561,-0.07556241,-0.09726404,-0.11858347,-0.13662592,-0.12406494,-0.121451,-0.094627745,-0.096740924,-0.10862342,-0.082459606,-0.112923235,-0.13233672,-0.16708574,-0.1410757,-0.13654922,-0.18093297,-0.17825818,-0.19403917,-0.14477202,-0.15549555,-0.13545293,-0.119081676,-0.14001076,-0.19117098,-0.19116649,-0.18163717,-0.19755594,-0.25103784,-0.20219928,-0.19031547,-0.19125819,-0.1825119,-0.17405602,-0.27554205,-0.08916744,-0.11956477,-0.1281636,-0.15751183,-0.20931396,-0.18224281,-0.29657933,-0.32474133,-0.15359208,-0.3242122,-0.17325558,-0.17108874,-0.2185038,-0.17647925,-0.114121355,-0.14017093,-0.15388772,-0.15788373,-0.22984435,-0.18186735,-0.255319,-0.1045142,-0.12455491,-0.13867165,-0.12421764,-0.15189947,-0.15504092,-0.15615213,-0.14014931,-0.15141064,-0.1630571,-0.15542297,-0.15362632,-0.15322,-0.13393727,-0.123130135,-0.14654961,-0.19014737,-0.17723572,-0.21025829,-0.3990198,-0.20242997,-0.11355296,-0.1296617,-0.118614286,-0.14793405,-0.16636807,-0.18659185,-0.19157034,-0.13184777,-0.07676644,-0.15303366,-0.13983664,-0.14106366,-0.118328586,-0.19987361,-0.1649412,-0.15900639,-0.14168227,-0.12366538,-0.12722544,-0.14610182,-0.2588673,-0.10741317,-0.13074079,-0.09132757,-0.12832497,-0.12915857,-0.14994097,-0.15177445,-0.09640393,-0.08910369,-0.12439297,-0.11064089,-0.13795727,-0.15094668,-0.17021498,-0.1430361,-0.11661485,-0.17401424,-0.15202838,-0.14239106,-0.12556353,-0.14193963,-0.17466888,-0.13176009,-0.13231169,-0.14585711,-0.12291676,-0.08722703,-0.05825615,-0.14358944,-0.17082691,-0.026243303,-0.16699709,-0.2829064,5.082868,-0.19820563,-0.1457309,-0.14331596,-0.14862512,-0.12963767,-0.25088155,-0.19367397,-0.18841393,-0.094731316,-0.10940842,-0.10702289,-0.09359969,-0.12759323,-0.15313238,-0.15746465,-0.16711074,-0.12812386,-0.0969081,-0.16398169,-0.14360228,-0.11335766,-0.18846886,-0.1706479,-0.1540105,-0.12586692,-0.115196005,-0.11289403,-0.11662802,-0.17598626,-0.13853297,-0.13437083,-0.096878245,-0.12118683,-0.09177539,-0.12434345,-0.1360117,-0.063823454,-0.13877153,-0.11419349,-0.1338474,-0.24483351,-0.2571875,-0.29957527,-0.14626774,-0.15679601,-0.13224381,-0.19104545,-0.0782174,-0.17240462,-0.16428849,-0.09859173,-0.11065883,-0.11482919,-0.076612435,-0.083404,-0.1213824,-0.13072303,-0.13855581,-0.19385117,-0.099052235,-0.15574898,-0.19487974,-0.19116679,-0.18678641,-0.11133963,-0.14321989,-0.10307258,-0.15917107,-0.19402407,-0.17271826,-0.16899127,-0.14292367,-0.14257143,-0.10204314,-0.15332532,-0.16167173,-0.18108839,-0.19492549,-0.12126721,-0.14737514,-0.11404255,-0.08025366,-0.14302558,-0.20725825,-0.16091673,-0.125103,-0.15657571,-0.15690626,-0.1438595,-0.19202894,-0.16269663,-0.18186745,-0.2963242,-0.19828016,-0.18117179,-0.17180523,-0.1930303,-0.15760332,-0.14054683,-0.13042831,-0.12557748,-0.1384568,-0.16323036,-0.30584824,-0.16721791,-0.180947,-0.19271988,-0.11441202,-0.15057242,-0.14070061,-0.17810239,-0.16692142,-0.16446505,-0.14331086,-0.18237996,-0.12856095,-0.15354633,-0.13744032,-0.24156228,-0.17975335,-0.10328719,-0.13549575,-0.14191318,-0.17438337,-0.110436134,-0.13473567,-0.15211576,-0.15993373,-0.18209794,-0.15399024,-0.14905272,-0.19184028,-0.17547932,-0.16407895,-0.14723541,-0.14623587,-0.11499533,-0.10471026,-0.13506284,-0.20148799,-0.17697643,-0.12513243,-0.1663342,-0.18041904,-0.18738703,-0.11705899,-0.17603078,-0.25859326,-0.09268308,-0.0923755,-0.114941284,-0.13601777,-0.14798546,-0.09860264,-0.18884923
k__Bacteria|p__Firmicutes|c__Negativicutes|o__Acidaminococcales|f__Acidaminococcaceae|g__Acidaminococcus|s__Acidaminococcus_intestini,-0.1004395,-0.12316422,-0.14358115,-0.20428483,-0.16894175,-0.19365707,-0.1666669,-0.14518514,-0.12650871,-0.18313375,-0.18387896,-0.22249071,-0.16989468,-0.20276397,-0.103648104,-0.09995257,-0.058144663,-0.09931962,-0.109219536,-0.17100075,-0.1978925,-0.12536043,-0.13653186,-0.15178113,-0.17152536,-0.11658599,-0.16821328,-0.17312482,-0.1509206,-0.12124001,-0.13588119,-0.107134596,-0.1491708,-0.1952768,-0.18843758,-0.2175087,-0.16353749,-0.22338755,-0.1982505,-0.29867563,-0.29210672,-0.1968776,-0.107414216,-0.09162698,-0.13691942,-0.15622908,-0.23188588,-0.19463515,-0.1470611,-0.2026537,-0.18695989,-0.18279888,-0.19769128,-0.197799,-0.20064144,-0.15518767,-0.12603015,-0.14364666,-0.09256072,-0.09640998,-0.171043,-0.14192094,-0.13743341,-0.14725259,-0.12719077,-0.15228179,-0.2613474,-0.22333384,-0.18939976,-0.20047067,-0.14517915,-0.14936548,-0.13127942,-0.14279278,-0.14879185,-0.16289721,-0.1460137,-0.16278498,-0.1613219,-0.14998752,-0.14764267,-0.15815541,-0.15336007,-0.22480208,-0.120334074,-0.14194016,-0.11928134,-0.16011244,-0.17355725,-0.15705718,-0.1680603,-0.11139822,-0.1388583,-0.13027036,-0.12866005,-0.15152657,-0.14351591,-0.11579962,-0.10065024,-0.09141949,-0.10551973,-0.12046757,-0.13525136,-0.15027548,-0.16009381,-0.1185138,-0.11129953,-0.1578567,-0.17738779,-0.13302739,-0.16596799,-0.25953975,-0.14953578,-0.13394994,-0.14229457,-0.15095688,-0.17780018,-0.16577263,-0.22917573,-0.09015879,-0.11152169,-0.13531601,-0.12984407,-0.13997786,-0.17470282,-0.13908121,-0.16057305,-0.12777606,-0.07092635,-0.03704006,-0.13817832,-0.16186655,-0.17872933,-0.14332479,-0.12334781,-0.1366217,-0.12023825,-0.13815278,-0.25318068,-0.26654312,-0.08428627,-0.10945694,-0.1433838,-0.09238048,-0.18844011,-0.19078133,-0.15421394,-0.09123656,-0.13230102,-0.1503239,-0.15095335,-0.15915367,-0.17084502,-0.18204382,-0.08933382,-0.123859294,-0.14102541,-0.10256614,-0.17951453,-0.19495486,-0.19008195,-0.10079414,-0.13113372,-0.0796796,-0.12795141,-0.19006202,-0.19316903,-0.19184923,-0.122997425,-0.07662189,-0.09762293,-0.119188964,-0.13677266,-0.12406494,-0.121451,-0.095148,-0.09747555,-0.10891123,-0.082459606,-0.11299828,-0.13212696,-0.16632985,-0.1410757,-0.13793375,-0.18093297,-0.17825818,-0.19462958,-0.14527258,-0.15549555,-0.13532609,-0.119081676,-0.14001076,-0.19117098,-0.19213574,-0.18260118,-0.19755594,-0.25103784,-0.20219928,-0.19186495,-0.19271772,-0.18311843,-0.17552584,-0.27554205,-0.08916744,-0.11956477,-0.12962425,-0.15751183,-0.20931396,-0.18224281,-0.29657933,-0.32474133,-0.16045162,-0.3242122,-0.17325558,-0.17108874,-0.2185038,-0.17647925,-0.114121355,-0.14158793,-0.15388772,-0.15788373,8.088508,-0.18186735,-0.25564855,-0.10513438,-0.12455491,-0.13896477,-0.12447113,-0.15189947,-0.15422812,-0.1552913,-0.14014931,-0.15141064,-0.16207594,-0.1562804,-0.15356591,-0.15395586,-0.13455553,-0.123790145,-0.14721495,-0.18910688,-0.17741606,-0.21025829,-0.3990198,-0.2024112,-0.11393949,-0.1296617,-0.11816408,-0.1481742,-0.16636807,-0.18549937,-0.19190946,-0.13293134,-0.07748765,-0.15228394,-0.14051789,-0.14106366,-0.118024275,-0.19987361,1.8654401,-0.16073966,-0.14252275,-0.1241191,-0.12722544,-0.14610182,-0.2588673,-0.10826474,-0.13074079,-0.09132757,-0.12832497,-0.1289459,-0.1505996,-0.15113747,-0.09670827,-0.08910369,-0.1244058,-0.11137197,-0.13854879,-0.15138575,-0.16977474,-0.1433474,-0.11766754,-0.1739456,-0.15249383,-0.14238751,-0.12650593,-0.14122447,-0.17466888,-0.13176009,-0.13265193,-0.14576349,-0.123112,-0.08722703,-0.05825615,-0.14375539,-0.17082691,-0.026243303,-0.1692209,-0.2829064,-0.31316653,-0.1980285,-0.14594221,-0.14331596,-0.14862512,-0.12963767,-0.25088155,-0.19401102,-0.18807271,-0.0954377,-0.10946924,-0.10702289,-0.09226637,-0.12759323,-0.15369691,-0.15746465,-0.16720006,-0.12812386,-0.0969081,-0.16398169,-0.14248407,-0.11335766,-0.18846886,-0.1706479,-0.15487573,-0.126077,-0.115196005,-0.1129595,-0.11662802,-0.17512383,-0.13847712,-0.13399161,-0.096878245,-0.121337496,-0.09195233,-0.12434345,-0.13612784,-0.063823454,-0.13877153,-0.11419349,-0.13451687,-0.24483351,-0.2571875,-0.29957527,-0.1465284,-0.15684387,-0.13245073,-0.19104545,-0.0782174,-0.17236967,-0.16418386,-0.09859173,-0.11065883,-0.11473572,-0.076612435,-0.083404,-0.1213824,-0.13072303,-0.13855581,-0.19385117,-0.099419,-0.15649217,-0.19487974,-0.19204491,-0.1868686,-0.11191456,-0.14383546,-0.10291682,-0.15797068,-0.19421527,-0.17065114,-0.1697756,-0.14328843,-0.14267117,-0.10379663,-0.15354155,-0.16219829,-0.18204257,-0.19520926,-0.1213783,-0.14686573,-0.11476625,-0.08066953,-0.14362521,-0.20725825,-0.16161263,-0.125103,-0.15657571,-0.15690626,-0.14481226,-0.19202894,-0.16338104,-0.18127367,-0.2963242,-0.20313105,-0.18241379,-0.17319006,-0.19415143,-0.15856299,-0.14054683,-0.13082609,-0.12557748,-0.13888048,-0.16541703,-0.30584824,-0.16859867,-0.18045521,-0.19368097,-0.11441202,-0.15042906,-0.14160271,-0.1785813,-0.16717535,-0.16437852,-0.14331086,-0.18237996,-0.1301803,-0.15399605,-0.13859564,-0.24156228,-0.18170086,-0.1039412,-0.13668919,-0.14154391,-0.17377204,-0.111627564,-0.13537505,-0.15097116,-0.15972596,-0.18351427,-0.15301341,-0.1490548,-0.19184028,-0.17637244,-0.16321816,-0.14723541,-0.14623587,-0.11499533,-0.10471026,-0.13534898,-0.20148799,-0.17689195,-0.12513243,-0.16800924,-0.18041904,-0.18738703,-0.11705899,-0.17363,-0.25899976,-0.09335428,-0.09287094,-0.11588329,-0.13594306,-0.14797984,-0.09966701,-0.18823884
k__Bacteria|p__Firmicutes|c__CFGB76110|o__OFGB76110|f__FGB76110|g__GGB35456|s__GGB35456_SGB66051,-0.1004395,-0.12316422,-0.14109564,-0.20428483,-0.16645941,-0.19252977,-0.1666669,-0.14515495,-0.1253051,-0.18343139,-0.18244463,-0.21557689,-0.16908047,-0.20015764,-0.103323795,-0.09907371,-0.058144663,-0.100172326,-0.10796127,-0.17052622,-0.1978925,-0.12536043,-0.13665086,-0.15251926,-0.17084128,-0.11658599,-0.16748743,-0.17384976,-0.1509206,-0.12124001,-0.13543388,-0.10558996,-0.14828062,-0.19407803,-0.18828563,-0.2175087,-0.16063283,-0.22338755,-0.19548279,-0.29867563,-0.29210672,-0.1960572,-0.10748018,-0.09162698,-0.13691942,-0.15479824,-0.23188588,-0.19274722,-0.14646798,-0.2026537,-0.18364361,-0.18279888,-0.19526888,-0.19573997,-0.19886145,-0.15802011,-0.12582707,-0.14368737,-0.09304543,-0.09600377,-0.17104459,-0.1426688,-0.13743341,-0.14690037,-0.12719077,-0.15135607,-0.2613474,-0.22333384,-0.18800955,-0.20047067,-0.14572231,-0.14925686,-0.13051714,-0.14244957,-0.15076676,-0.16403821,-0.14696139,-0.16278498,-0.1591695,-0.14998752,-0.14735833,-0.1566833,-0.15324332,-0.22480208,-0.120334074,-0.14155653,-0.11850724,-0.16097575,-0.17375898,-0.15528661,-0.16793221,-0.11139822,-0.1388583,-0.13027036,-0.12897274,-0.15152657,-0.14308318,-0.11610007,-0.10065024,-0.090898685,-0.10578328,-0.12059946,-0.1350134,-0.15027548,-0.16039771,-0.1185138,-0.11129953,-0.1578567,-0.17738779,-0.1335815,-0.1631248,-0.25953975,-0.14870733,-0.13258639,-0.14119045,-0.15095688,-0.17780018,-0.1630081,-0.22917573,-0.09015879,-0.110796385,-0.13480173,-0.12963714,-0.13997786,-0.17316985,-0.13908121,-0.16057305,-0.12777606,-0.07092635,-0.03704006,-0.13700765,-0.16193013,-0.17860785,-0.14332479,-0.12334781,-0.13598157,-0.12023825,-0.13817737,-0.25318068,-0.26654312,-0.08411473,-0.10945694,-0.14447466,-0.09238048,-0.18716949,-0.18909639,-0.15254861,-0.090775244,-0.13230102,-0.14952439,-0.15011914,-0.15867314,-0.17008963,-0.18334249,-0.0882145,-0.12392937,-0.14101268,-0.10256614,-0.17951453,-0.19495486,-0.19024897,-0.10051633,-0.13113372,-0.07931337,-0.12770644,-0.19006202,-0.19220027,-0.19065195,-0.12397684,-0.07603255,-0.097419426,-0.11843006,-0.1365533,-0.12406494,-0.121451,-0.09480412,-0.09686185,-0.10870673,-0.082459606,-0.11294313,-0.13241576,-0.16697752,-0.1410757,-0.1364706,-0.18093297,-0.17825818,-0.19270238,-0.14435467,-0.15549555,-0.13547128,-0.119081676,-0.14001076,-0.19117098,-0.18972376,-0.18065546,1.9990298,-0.25103784,-0.20219928,-0.18959153,-0.19010216,-0.18178016,-0.17294998,-0.27554205,-0.08916744,-0.11956477,-0.12809871,-0.15751183,-0.20931396,-0.18224281,-0.29657933,-0.32474133,-0.15266046,2.2493722,-0.17325558,-0.17108874,-0.2185038,-0.17647925,-0.114121355,-0.1398598,-0.15388772,-0.15788373,-0.22984435,-0.18186735,-0.2491393,-0.10464427,-0.12455491,-0.13864997,-0.1244124,-0.15189947,-0.15499562,-0.15633208,-0.14014931,-0.15141064,-0.16308212,-0.15516627,-0.15348712,-0.15273087,-0.13377067,-0.12340088,-0.14653678,-0.18975389,-0.17637634,-0.21025829,1.1885712,-0.19931665,-0.11371094,-0.1296617,-0.118484125,-0.14794815,-0.16636807,-0.18624258,-0.19079778,-0.1318157,-0.07725504,-0.15295392,-0.13976437,-0.14106366,-0.119042456,-0.19987361,-0.1649412,-0.15854007,-0.14115208,-0.123633236,-0.12722544,-0.14610182,-0.2588673,-0.10751732,-0.13074079,-0.09132757,-0.12832497,-0.12949093,-0.14980012,-0.15201288,-0.09674626,-0.08910369,-0.12441562,-0.11068331,-0.13783811,-0.15068275,-0.16993594,-0.14294194,-0.11693762,-0.17349505,-0.15176398,-0.14241716,-0.12519774,-0.14247966,-0.17466888,-0.13176009,-0.13236836,-0.14569242,-0.122998014,-0.08722703,-0.05825615,-0.14350952,-0.17082691,-0.026243303,-0.1658903,-0.2829064,-0.31316653,-0.19609009,-0.14568728,-0.14331596,-0.14862512,-0.12963767,-0.25088155,-0.19241068,-0.18786693,-0.09518145,-0.10968155,-0.10702289,-0.09408164,-0.12759323,-0.1529653,-0.15746465,-0.16676202,-0.12812386,-0.0969081,-0.16398169,-0.14390713,-0.11335766,-0.18846886,-0.1706479,-0.1537663,-0.12596726,-0.115196005,-0.11312065,-0.11662802,-0.17580977,-0.13852043,-0.13432616,-0.096878245,-0.1209604,-0.09230231,-0.12434345,-0.13649288,-0.063823454,-0.13877153,-0.11419349,-0.13374609,-0.24483351,-0.2571875,-0.29957527,-0.14599034,-0.15649566,-0.1320669,-0.19104545,-0.0782174,-0.17156681,-0.1640621,-0.09859173,-0.11065883,-0.11553774,-0.076612435,-0.083404,-0.1213824,-0.13072303,-0.13855581,-0.19385117,-0.09917095,-0.15540981,-0.19487974,-0.19024277,-0.18600294,-0.111607105,-0.142981,-0.10357697,-0.15927348,-0.192908,-0.17241222,-0.16837685,-0.14275226,-0.14235112,-0.10186362,-0.15301892,-0.16135792,-0.18025933,-0.19356954,-0.121466815,-0.1473455,-0.11431631,-0.080839485,-0.14255047,-0.20725825,-0.16062182,-0.125103,-0.15657571,-0.15690626,-0.14353144,-0.19202894,-0.16235565,-0.181689,-0.2963242,-0.19483086,-0.17996901,-0.17082581,-0.19141845,-0.15686671,-0.14054683,-0.13033423,-0.12557748,-0.13819103,-0.16245188,-0.30584824,-0.16636951,-0.18039261,-0.19190684,-0.11441202,-0.15048188,-0.14050798,-0.17750081,-0.16645136,-0.1643933,-0.14331086,-0.18237996,-0.12831163,-0.15313727,-0.13674371,-0.24156228,-0.17875117,-0.10353993,-0.13532978,-0.14193588,-0.17395793,-0.1106631,-0.13454825,-0.15239623,-0.15970162,-0.1810879,-0.15396957,-0.14880058,-0.19184028,-0.17477913,-0.16428506,-0.14723541,-0.14623587,-0.11499533,-0.10471026,-0.13497716,-0.20148799,-0.17674762,-0.12513243,-0.16563329,-0.18041904,-0.18738703,-0.11705899,-0.17646196,-0.25498104,-0.09291513,-0.0927924,-0.11486857,-0.13593762,-0.14764847,-0.098754436,-0.18823236
k__Bacteria|p__Firmicutes|c__Clostridia|o__Eubacteriales|f__Oscillospiraceae|g__Pseudoflavonifractor|s__Pseudoflavonifractor_gallinarum,-0.1004395,-0.12316422,-0.14202677,-0.20428483,-0.16730198,-0.19297501,-0.1666669,-0.14453551,-0.12508617,-0.18202825,-0.183184,-0.22869144,-0.16948465,-0.20565382,-0.10363278,-0.10024452,-0.058144663,-0.09961573,-0.10838668,-0.17016621,-0.1978925,-0.12536043,-0.1360685,-0.15162098,-0.17110349,-0.11658599,-0.16680537,-0.17296448,-0.1509206,-0.12124001,-0.13487302,-0.10650657,-0.14808393,-0.19519739,-0.18819387,-0.2175087,-0.16167067,-0.22338755,-0.19718099,-0.29867563,-0.29210672,-0.19741884,-0.10749965,-0.09162698,-0.13691942,-0.15490985,-0.23188588,-0.1933859,-0.1464319,-0.2026537,-0.18380019,-0.18279888,-0.19695744,-0.19877473,-0.20292383,-0.1560862,-0.12573579,-0.14351845,-0.092450544,-0.09610493,-0.17046386,-0.14179957,-0.13743341,-0.14671429,-0.12719077,-0.15086746,-0.2613474,-0.22333384,-0.18849516,-0.20047067,-0.14517853,-0.14891772,-0.13087907,-0.14251256,-0.14961764,-0.16309401,-0.14589077,-0.16278498,-0.1597502,-0.14998752,-0.14684132,-0.15701962,-0.15275171,-0.22480208,-0.120334074,-0.14125231,-0.11858058,-0.15999022,-0.17325722,-0.15581644,-0.16726503,-0.11139822,-0.1388583,-0.13027036,-0.12819858,-0.15152657,-0.14205231,-0.11537357,-0.10065024,-0.09098896,-0.10552278,-0.12046106,-0.13482077,-0.15027548,-0.15962969,-0.1185138,-0.11129953,-0.1578567,-0.17738779,-0.13348459,-0.1639685,-0.25953975,-0.14852343,-0.13293245,-0.14156228,-0.15095688,-0.17780018,-0.16398953,-0.22917573,-0.09015879,-0.11032608,-0.1346066,-0.12963352,-0.13997786,-0.17341208,-0.13908121,-0.16057305,-0.12777606,-0.07092635,-0.03704006,-0.13700202,-0.16139546,-0.17802495,-0.14332479,-0.12334781,-0.13554202,-0.12023825,-0.13781002,-0.25318068,-0.26654312,-0.08410272,-0.10945694,-0.14367408,-0.09238048,-0.1869075,-0.18974586,-0.1529763,-0.090894684,-0.13230102,-0.14927785,-0.15013418,-0.15860502,-0.17011765,-0.1823177,-0.088796414,-0.12375609,-0.14122711,-0.10256614,-0.17951453,-0.19495486,-0.19023097,-0.10029867,-0.13113372,-0.08027688,-0.12753421,-0.19006202,-0.1928057,-0.1910304,-0.12308119,-0.07636061,-0.09751608,-0.1187046,-0.13622564,-0.12406494,-0.121451,-0.09512484,-0.09717357,-0.10865425,-0.082459606,-0.1127647,-0.13180606,-0.16611579,-0.1410757,-0.13646974,-0.18093297,-0.17825818,-0.19394502,-0.14457005,-0.15549555,-0.13517454,-0.119081676,-0.14001076,-0.19117098,-0.1912398,-0.18135628,-0.19755594,-0.25103784,-0.20219928,-0.18975702,-0.19080499,-0.18197444,-0.17384833,-0.27554205,-0.08916744,-0.11956477,-0.12788591,-0.15751183,-0.20931396,-0.18224281,2.970314,-0.32474133,-0.15380666,-0.3242122,-0.17325558,-0.17108874,-0.2185038,-0.17647925,-0.114121355,-0.14009331,-0.15388772,-0.15788373,-0.22984435,-0.18186735,-0.25761384,-0.104809,-0.12455491,-0.13811791,-0.12394799,-0.15189947,-0.15422094,-0.1553118,-0.14014931,-0.15141064,-0.16211388,-0.15517646,-0.15306348,-0.15299019,-0.13398191,-0.12300357,-0.14608306,-0.18897605,-0.17680225,-0.21025829,-0.3990198,-0.20215021,-0.11352505,-0.1296617,-0.11830795,-0.14734384,-0.16636807,-0.18522918,-0.19095284,-0.13175413,-0.077414155,-0.15217564,-0.13961536,-0.14106366,-0.11764841,-0.19987361,-0.1649412,-0.15883425,-0.14167817,-0.12361891,-0.12722544,-0.14610182,-0.2588673,-0.10767517,-0.13074079,-0.09132757,-0.12832497,-0.1287054,-0.14948133,-0.15104344,-0.09666629,-0.08910369,-0.12411189,-0.11083537,-0.13775922,-0.15043303,-0.16962561,-0.14261478,-0.11652243,-0.17309372,-0.15151161,-0.14197636,-0.12573287,-0.1411142,-0.17466888,-0.13176009,-0.13209444,-0.1453197,-0.122972056,-0.08722703,-0.05825615,-0.1430229,-0.17082691,-0.026243303,-0.16702142,-0.2829064,1.1027433,-0.19765729,-0.14538741,-0.14331596,-0.14862512,-0.12963767,-0.25088155,-0.19368236,-0.18767409,-0.095014974,-0.109362885,-0.10702289,-0.09352521,-0.12759323,-0.15247642,-0.15746465,-0.16663617,-0.12812386,-0.0969081,-0.16398169,-0.14285947,-0.11335766,-0.18846886,-0.1706479,-0.15395996,-0.12577903,-0.115196005,-0.11297204,-0.11662802,-0.17487115,-0.13821906,-0.13416111,-0.096878245,-0.121204995,-0.091928676,-0.12434345,-0.13532223,-0.063823454,-0.13877153,-0.11419349,-0.13361162,-0.24483351,-0.2571875,-0.29957527,-0.1460118,-0.15631998,-0.13204704,-0.19104545,-0.0782174,-0.17178273,-0.16362897,-0.09859173,-0.11065883,-0.11425037,-0.076612435,-0.083404,-0.1213824,-0.13072303,-0.13855581,-0.19385117,-0.09973776,-0.15526584,-0.19487974,-0.19065976,-0.1862753,-0.111425295,-0.14295042,-0.103007466,-0.15804483,-0.19362912,-0.17149092,-0.1686522,-0.14264336,-0.14237027,-0.1026682,-0.15270439,-0.16117615,-0.18053755,-0.19452268,-0.12111387,-0.14659768,-0.11381485,-0.080416754,-0.14280134,-0.20725825,-0.16065666,-0.125103,-0.15657571,-0.15690626,-0.14369948,-0.19202894,-0.1623286,-0.18089166,-0.2963242,-0.19986962,-0.18063107,-0.1714637,-0.19281182,-0.1573427,-0.14054683,-0.13033587,-0.12557748,-0.13816112,-0.16381669,-0.30584824,-0.1667744,-0.18018743,-0.19229648,-0.11441202,-0.14979511,-0.1405752,-0.17746513,-0.16640651,-0.16391692,-0.14331086,-0.18237996,-0.12881888,-0.15310994,-0.13762708,-0.24156228,-0.17958891,-0.10361877,-0.1354006,-0.1414386,-0.17350774,-0.11081702,-0.13442934,-0.15111712,-0.15943636,-0.18176499,-0.15335065,-0.14878413,-0.19184028,-0.17520007,-0.16315286,-0.14723541,-0.14623587,-0.11499533,-0.10471026,-0.13468562,-0.20148799,-0.17638084,-0.12513243,-0.16606426,-0.18041904,-0.18738703,-0.11705899,-0.17443673,-0.25879186,-0.093150645,-0.09266906,-0.115060434,-0.13566488,-0.14769438,-0.099083394,-0.18778688
k__Bacteria|p__Firmicutes|c__Clostridia|o__Eubacteriales|f__Clostridiaceae|g__GGB9568|s__GGB9568_SGB14980,-0.1004395,-0.12316422,-0.14138713,-0.20428483,-0.1666483,-0.19275755,-0.1666669,-0.14478612,-0.12474581,-0.18322656,-0.18290603,-0.2258712,-0.16876444,-0.20444888,-0.10290033,-0.099009156,-0.058144663,-0.09941287,-0.10747978,-0.17027524,-0.1978925,-0.12536043,-0.13594335,-0.15188825,-0.17105456,-0.11658599,-0.16701823,-0.17342556,-0.1509206,-0.12124001,-0.13480651,-0.10556207,-0.14797166,-0.19543627,-0.18866517,-0.2175087,-0.16046944,-0.22338755,-0.19681945,-0.29867563,-0.29210672,-0.19751438,-0.10688473,-0.09162698,-0.13691942,-0.15470009,-0.23188588,-0.19322552,-0.14618468,-0.2026537,-0.18359722,-0.18279888,-0.19703844,-0.19792777,-0.20328379,-0.15714894,-0.12542239,-0.14339799,-0.091828436,-0.09540682,-0.17081162,-0.14188963,-0.13743341,-0.146572,-0.12719077,-0.15077296,-0.2613474,-0.22333384,-0.18825738,-0.20047067,-0.14529619,-0.14888877,-0.13042384,-0.14241725,-0.15026975,-0.16365212,-0.1462281,-0.16278498,-0.15900531,-0.14998752,-0.146863,-0.15670756,-0.15277457,-0.22480208,-0.120334074,-0.14113641,-0.11805962,-0.16048922,-0.17361194,-0.15522121,-0.16776001,-0.11139822,-0.1388583,-0.13027036,-0.12831184,-0.15152657,-0.14227188,-0.11524257,-0.10065024,-0.090385966,-0.10522929,-0.120181605,-0.1346504,-0.15027548,-0.15995029,-0.1185138,-0.11129953,-0.1578567,-0.17738779,-0.13303709,-0.16365218,-0.25953975,-0.14832596,-0.13236344,-0.14135851,-0.15095688,-0.17780018,-0.16313799,-0.22917573,-0.09015879,-0.1098848,-0.13442394,-0.12938651,-0.13997786,-0.17332184,-0.13908121,-0.16057305,-0.12777606,-0.07092635,-0.03704006,-0.13688196,-0.16164139,-0.1784099,-0.14332479,-0.12334781,-0.13540037,-0.12023825,-0.13802493,-0.25318068,-0.26654312,-0.083250806,-0.10945694,-0.1440388,-0.09238048,-0.18722218,-0.18996961,-0.15274489,-0.09002755,-0.13230102,-0.14919177,-0.14997637,-0.1585511,-0.1701211,-0.18310219,-0.08764477,-0.12337203,-0.14072487,-0.10256614,-0.17951453,-0.19495486,-0.19057997,-0.09989883,-0.13113372,-0.07947477,-0.1276393,-0.19006202,-0.19289333,-0.19115105,-0.123017825,-0.07519582,-0.0968442,-0.118294805,-0.13625559,-0.12406494,-0.121451,-0.09426047,-0.096485436,-0.10822496,-0.082459606,-0.11262415,-0.13197643,-0.16660689,-0.1410757,-0.1360994,-0.18093297,-0.17825818,-0.19367698,-0.14435712,-0.15549555,-0.13507552,-0.119081676,-0.14001076,-0.19117098,-0.19069096,-0.1808635,-0.19755594,-0.25103784,-0.20219928,-0.1895616,-0.19074142,-0.18212055,-0.17350921,-0.27554205,-0.08916744,-0.11956477,-0.12768656,-0.15751183,-0.20931396,-0.18224281,-0.29657933,-0.32474133,-0.15215583,-0.3242122,-0.17325558,-0.17108874,-0.2185038,-0.17647925,-0.114121355,-0.13963702,-0.15388772,-0.15788373,-0.22984435,-0.18186735,-0.25648242,-0.1041261,-0.12455491,-0.1382144,-0.12389433,-0.15189947,-0.154608,-0.15577963,-0.14014931,-0.15141064,-0.16262597,-0.15489703,-0.15306537,-0.15276209,-0.13365829,-0.12280402,-0.14600444,-0.18978585,-0.17664167,-0.21025829,-0.3990198,-0.20147444,-0.113160394,-0.1296617,-0.118223056,-0.1476689,-0.16636807,-0.18602201,-0.1911365,-0.13127336,-0.07647785,-0.15263745,-0.13946661,-0.14106366,-0.11765936,-0.19987361,-0.1649412,-0.15829414,-0.14111233,-0.12337357,-0.12722544,-0.14610182,-0.2588673,-0.10699442,-0.13074079,-0.09132757,-0.12832497,-0.12883812,-0.14946273,-0.15134835,-0.09602824,-0.08910369,-0.123978615,-0.110333905,-0.13746327,-0.15046197,-0.16982943,-0.14256904,-0.1161063,-0.17338379,-0.15154237,-0.14198476,-0.12520328,-0.14160144,-0.17466888,-0.13176009,-0.13180867,-0.14544037,-0.12264956,-0.08722703,-0.05825615,-0.14314577,-0.17082691,-0.026243303,-0.16603327,-0.2829064,-0.31316653,-0.1973098,-0.14528485,-0.14331596,-0.14862512,-0.12963767,-0.25088155,-0.19330035,-0.18792558,-0.094444275,-0.10897136,-0.10702289,-0.093488105,-0.12759323,-0.1525194,-0.15746465,-0.16667181,-0.12812386,-0.0969081,-0.16398169,-0.14319348,-0.11335766,-0.18846886,-0.1706479,-0.15351126,-0.12534548,-0.115196005,-0.11260553,-0.11662802,-0.17543414,-0.13812602,-0.13404858,-0.096878245,-0.120821774,-0.09152898,-0.12434345,-0.13548408,-0.063823454,-0.13877153,-0.11419349,-0.13351136,-0.24483351,-0.2571875,-0.29957527,-0.1457985,-0.15633184,-0.13187924,-0.19104545,-0.0782174,-0.1717001,-0.1639539,-0.09859173,-0.11065883,-0.11432674,-0.076612435,-0.083404,-0.1213824,-0.13072303,-0.13855581,2.8135123,-0.098646834,-0.15520346,-0.19487974,-0.19063033,-0.18638198,-0.11096032,-0.14263016,-0.10264161,-0.15878667,-0.19358617,-0.17209893,-0.16884492,-0.14246075,-0.14212754,-0.10158837,-0.15288056,-0.16119723,-0.18051627,-0.19474246,-0.1208892,-0.14692494,-0.11349146,-0.079794034,-0.14265761,-0.20725825,-0.16033693,-0.125103,-0.15657571,-0.15690626,-0.14318287,-0.19202894,-0.16213559,-0.18140528,-0.2963242,-0.19753686,-0.18080886,-0.17153299,-0.19256404,-0.15726444,-0.14054683,-0.12999257,-0.12557748,-0.13791165,-0.16279078,-0.30584824,-0.1662066,-0.18076096,-0.19228604,-0.11441202,-0.15023561,-0.14026275,-0.17745528,-0.1664716,-0.16403356,-0.14331086,-0.18237996,-0.12795536,-0.15283838,-0.13720818,-0.24156228,-0.17901717,-0.10294477,-0.1349011,-0.1415416,-0.1739818,-0.11002061,-0.13423178,-0.15191227,-0.15949321,-0.18141583,-0.15355796,-0.14871556,-0.19184028,-0.1748767,-0.163589,-0.14723541,-0.14623587,-0.11499533,-0.10471026,-0.13467833,-0.20148799,-0.17651887,-0.12513243,-0.16521373,-0.18041904,-0.18738703,-0.11705899,-0.17572169,-0.25930902,-0.09229344,-0.09201136,-0.11450107,-0.1356761,-0.14761166,-0.0982925,-0.18849227
k__Bacteria|p__Firmicutes|c__Clostridia|o__Eubacteriales|f__Eubacteriales_unclassified|g__Eubacteriales_unclassified|s__Clostridiales_bacterium,-0.1004395,-0.12316422,-0.14112966,-0.20428483,-0.16537052,-0.19340274,-0.1666669,-0.14526659,-0.12541309,-0.18405762,-0.1830144,-0.22050777,-0.17067795,-0.20231488,-0.10349871,-0.0992285,-0.058144663,-0.10039409,-0.10758127,-0.17106433,-0.1978925,-0.12536043,-0.13673386,-0.15287906,-0.17136014,-0.11658599,-0.16754612,-0.17450249,-0.1509206,-0.12124001,-0.13535981,-0.105535224,-0.14841503,-0.1951218,-0.18941331,-0.2175087,-0.15921599,-0.22338755,-0.19559495,-0.29867563,-0.29210672,-0.1982956,-0.107569784,-0.09162698,-0.13691942,-0.15452859,-0.23188588,-0.1929479,-0.14678353,-0.2026537,-0.18184546,-0.18279888,-0.19615619,-0.19790949,-0.20261729,-0.15955883,-0.12597942,-0.14403057,-0.093025394,-0.09594708,-0.17132024,-0.14311086,-0.13743341,-0.14701262,-0.12719077,-0.15156329,-0.2613474,-0.22333384,-0.18808457,-0.20047067,-0.14609244,-0.14943276,-0.13083446,-0.14294288,-0.15178186,-0.16438252,-0.14727987,-0.16278498,-0.15841363,-0.14998752,-0.14738747,-0.15666753,-0.15365654,-0.22480208,-0.120334074,-0.14175412,-0.1184324,-0.16141003,-0.17406468,-0.15534297,-0.16843718,-0.11139822,-0.1388583,-0.13027036,-0.12935156,-0.15152657,-0.1430167,-0.11620075,-0.10065024,-0.09086536,-0.1060578,-0.12086479,-0.13513522,-0.15027548,-0.16069898,-0.1185138,-0.11129953,-0.1578567,-0.17738779,-0.13448264,-0.16341278,-0.25953975,-0.14860266,-0.13260657,-0.14159828,-0.15095688,-0.17780018,-0.16267285,-0.22917573,-0.09015879,-0.11043063,-0.13492353,-0.13001654,-0.13997786,-0.17332956,-0.13908121,-0.16057305,-0.12777606,-0.07092635,-0.03704006,-0.13682127,-0.16247037,-0.17897296,-0.14332479,-0.12334781,-0.13604221,-0.12023825,-0.13860705,-0.25318068,-0.26654312,-0.08399674,-0.10945694,-0.14540058,-0.09238048,-0.18757781,-0.18950534,-0.15272173,-0.0906011,-0.13230102,-0.14960164,-0.15028699,-0.15897956,-0.17040354,-0.18442827,-0.087920964,-0.124258384,-0.14120165,-0.10256614,-0.17951453,-0.19495486,-0.19128329,-0.10057994,-0.13113372,-0.08030692,-0.12839203,-0.19006202,-0.19280723,-0.19127233,-0.12411275,-0.07560302,-0.0975848,-0.11867521,-0.13687447,-0.12406494,-0.121451,-0.09483272,-0.09693411,-0.10904908,-0.082459606,-0.113451935,-0.13289055,-0.16750747,-0.1410757,-0.13612314,-0.18093297,-0.17825818,-0.1934197,-0.14479665,-0.15549555,-0.13591424,-0.119081676,-0.14001076,-0.19117098,-0.18988705,-0.1808764,-0.19755594,-0.25103784,-0.20219928,-0.18943991,-0.19001725,-0.18236239,-0.17309499,-0.27554205,-0.08916744,-0.11956477,-0.12789002,-0.15751183,-0.20931396,-0.18224281,-0.29657933,-0.32474133,-0.15210585,-0.3242122,-0.17325558,-0.17108874,-0.2185038,-0.17647925,-0.114121355,-0.1395591,-0.15388772,-0.15788373,-0.22984435,-0.18186735,-0.25343576,-0.104647085,-0.12455491,-0.13884807,-0.12465423,-0.15189947,-0.15543929,-0.15672614,-0.14014931,-0.15141064,-0.16358653,-0.15487298,-0.15375367,-0.15290819,-0.1341441,-0.12330139,-0.14658129,-0.19066751,-0.17682502,-0.21025829,3.9389164,-0.20438732,-0.1138376,-0.1296617,-0.11916011,-0.14834595,-0.16636807,-0.18701884,-0.19132663,-0.13160886,-0.077340074,-0.153691,-0.13978219,-0.14106366,-0.11904316,-0.19987361,-0.1649412,-0.15789132,-0.14156243,-0.12393817,-0.12722544,-0.14610182,-0.2588673,-0.107495144,-0.13074079,-0.09132757,-0.12832497,-0.12985273,-0.14966497,-0.15236944,-0.09678261,-0.08910369,-0.124902815,-0.11071111,-0.1380419,-0.15086511,-0.17067647,-0.14306828,-0.11675864,-0.17394063,-0.15200166,-0.14267468,-0.1251958,-0.14303792,-0.17466888,-0.13176009,-0.1327205,-0.14601108,-0.1232594,-0.08722703,-0.05825615,-0.14365757,-0.17082691,-0.026243303,-0.16556275,-0.2829064,-0.31316653,-0.1992464,-0.14578053,-0.14331596,-0.14862512,-0.12963767,-0.25088155,-0.19286664,-0.18862523,-0.0951097,-0.109862566,-0.10702289,-0.095251426,-0.12759323,-0.15329856,-0.15746465,-0.16690788,-0.12812386,-0.0969081,-0.16398169,-0.14445762,-0.11335766,-0.18846886,-0.1706479,-0.15356068,-0.12616703,-0.115196005,-0.11361554,-0.11662802,-0.1765691,-0.13871573,-0.13470109,-0.096878245,-0.12146758,-0.092461914,-0.12434345,-0.13645677,-0.063823454,-0.13877153,-0.11419349,-0.13371651,-0.24483351,-0.2571875,-0.29957527,-0.14616692,-0.15681614,-0.13258925,-0.19104545,-0.0782174,-0.17241544,-0.16447446,-0.09859173,-0.11065883,-0.11543999,-0.076612435,-0.083404,-0.1213824,-0.13072303,-0.13855581,-0.19385117,-0.099299274,-0.15559494,-0.19487974,-0.19052008,-0.18685795,-0.11159506,-0.1428915,-0.103890486,-0.1598019,-0.19371673,-0.17415348,-0.16864583,-0.14279027,-0.14259458,-0.1016483,-0.1535384,-0.16140175,-0.18055718,-0.19452673,-0.12163344,-0.14772546,-0.114265636,-0.08108344,-0.14317787,-0.20725825,-0.16037042,-0.125103,-0.15657571,-0.15690626,-0.14350975,-0.19202894,-0.16236153,-0.18235734,-0.2963242,-0.19474806,-0.18100926,-0.1708461,-0.19196402,-0.15721953,-0.14054683,-0.13048103,-0.12557748,-0.13858551,-0.16240035,-0.30584824,-0.16645242,-0.1811249,-0.19194096,-0.11441202,-0.15110038,-0.14041176,-0.17781171,-0.16673353,-0.16477753,-0.14331086,-0.18237996,-0.12813742,-0.15356153,-0.13738878,-0.24156228,-0.178319,-0.10349861,-0.13502982,-0.14244664,-0.17441992,-0.11047953,-0.13475329,-0.15305567,-0.15981,-0.1809112,-0.15497212,-0.14919138,-0.19184028,-0.17471005,-0.16475761,-0.14723541,-0.14623587,-0.11499533,-0.10471026,-0.13557544,-0.20148799,-0.17687604,-0.12513243,-0.16510928,-0.18041904,-0.18738703,-0.11705899,-0.1778301,-0.25676265,-0.092907354,-0.09283395,-0.11482017,-0.13645697,-0.14815581,-0.098777935,-0.18907745
k__Bacteria|p__Firmicutes|c__Bacilli|o__Lactobacillales|f__Streptococcaceae|g__Streptococcus|s__Streptococcus_anginosus,-0.1004395,-0.12316422,-0.14139979,-0.20428483,-0.16692543,-0.19344333,-0.1666669,-0.145108,-0.12515792,-0.18352613,-0.18369748,-0.22065042,-0.16931622,-0.20309854,-0.102988645,-0.09876075,-0.058144663,-0.099382356,-0.10757138,-0.17080116,-0.1978925,-0.12536043,-0.13634193,-0.1523754,-0.17131421,-0.11658599,-0.16752502,-0.17395619,-0.1509206,-0.12124001,-0.13522053,-0.10542831,-0.1483039,-0.19531222,-0.1888868,-0.2175087,-0.16106026,-0.22338755,-0.19685972,-0.29867563,-0.29210672,-0.19754772,-0.1070658,-0.09162698,-0.13691942,-0.15482312,-0.23188588,-0.19364503,-0.14660323,-0.2026537,-0.184468,-0.18279888,-0.1968583,-0.19750449,-0.2012103,-0.15772633,-0.12556615,-0.14368987,-0.09215622,-0.0953832,-0.17126012,-0.1424267,-0.13743341,-0.14692184,-0.12719077,-0.15143344,-0.2613474,-0.22333384,-0.18890774,-0.20047067,-0.14563638,-0.14926739,-0.13048452,-0.14248578,-0.15052375,-0.16406658,-0.14681183,-0.16278498,-0.15961105,-0.14998752,-0.14720297,-0.1570068,-0.15323114,-0.22480208,-0.120334074,-0.14145635,-0.11810028,-0.16095665,-0.17405395,-0.15562972,-0.1681444,-0.11139822,-0.1388583,3.2947116,-0.12865598,2.077744,-0.14278266,-0.115532145,-0.10065024,-0.09022815,-0.1052012,-0.120302945,-0.13483144,-0.15027548,-0.16036433,-0.1185138,-0.11129953,-0.1578567,-0.17738779,-0.13361695,-0.16377808,-0.25953975,-0.14873795,-0.1325613,-0.14135686,-0.15095688,-0.17780018,-0.163772,-0.22917573,-0.09015879,-0.110197276,-0.13467717,-0.12948895,-0.13997786,-0.17369522,-0.13908121,-0.16057305,-0.12777606,-0.07092635,-0.03704006,-0.13702707,-0.16200486,-0.1789247,-0.14332479,-0.12334781,-0.13591817,-0.12023825,-0.13793248,-0.25318068,-0.26654312,-0.083241895,-0.10945694,-0.14433803,-0.09238048,-0.18766785,-0.18992528,-0.15264675,-0.090023406,-0.13230102,-0.1495194,-0.1502045,-0.15880084,-0.17044586,-0.18360181,-0.08755352,-0.123683825,-0.14106804,-0.10256614,-0.17951453,-0.19495486,-0.19095492,-0.09994227,-0.13113372,-0.07885105,-0.12751088,-0.19006202,-0.19304147,-0.19149296,-0.12342555,-0.07519327,-0.09696318,-0.118273675,-0.13637522,-0.12406494,-0.121451,-0.09424019,-0.09642556,-0.108288236,-0.082459606,-0.11266945,-0.13216713,-0.16708408,-0.1410757,-0.13630621,-0.18093297,-0.17825818,-0.19383678,-0.14454862,-0.15549555,-0.13530499,-0.119081676,-0.14001076,-0.19117098,-0.19080389,-0.18136393,-0.19755594,-0.25103784,-0.20219928,-0.19028187,-0.1909891,-0.18238516,-0.17371552,-0.27554205,-0.08916744,-0.11956477,-0.12787494,-0.15751183,-0.20931396,-0.18224281,-0.29657933,-0.32474133,-0.15293401,-0.3242122,-0.17325558,-0.17108874,-0.2185038,-0.17647925,-0.114121355,-0.13988213,-0.15388772,-0.15788373,-0.22984435,-0.18186735,-0.25402346,-0.10417701,-0.12455491,-0.13846482,-0.12401015,-0.15189947,-0.15490237,-0.15623781,-0.14014931,-0.15141064,-0.16305421,-0.15529406,-0.15352416,-0.15303448,-0.13370824,-0.12299545,-0.14650962,-0.19007318,-0.17701584,-0.21025829,-0.3990198,-0.20143314,-0.11333574,-0.1296617,-0.11834282,-0.14783543,-0.16636807,-0.18665561,-0.19156173,-0.13159946,-0.0764184,-0.15300365,-0.13964143,-0.14106366,-0.11809562,-0.19987361,-0.1649412,-0.15885136,-0.14134376,-0.12343596,-0.12722544,-0.14610182,-0.2588673,-0.10707772,-0.13074079,-0.09132757,-0.12832497,-0.12898073,-0.14975736,-0.1517689,-0.096082926,-0.08910369,-0.12413623,-0.11029205,-0.13770467,-0.15074626,-0.1701713,-0.14291434,-0.116447665,-0.17385215,-0.15184963,-0.14221628,-0.12517479,-0.14217472,-0.17466888,-0.13176009,-0.1321812,-0.14575258,-0.12268984,-0.08722703,-0.05825615,-0.14342833,-0.17082691,-0.026243303,-0.1667212,-0.2829064,-0.31316653,-0.19754973,-0.14560568,4.154337,-0.14862512,-0.12963767,-0.25088155,-0.19352683,-0.18852472,-0.094420455,-0.10921162,-0.10702289,-0.09332204,-0.12759323,-0.15298352,-0.15746465,-0.16705954,-0.12812386,-0.0969081,-0.16398169,-0.1434978,-0.11335766,-0.18846886,-0.1706479,-0.15391314,-0.12570563,-0.115196005,-0.11269793,-0.11662802,-0.17606166,-0.13835461,-0.13423672,-0.096878245,-0.12087016,-0.09145689,-0.12434345,-0.13598615,-0.063823454,-0.13877153,-0.11419349,-0.13353685,-0.24483351,-0.2571875,-0.29957527,-0.14609763,-0.15664612,-0.13198882,-0.19104545,-0.0782174,-0.17233776,-0.16421968,3.0315819,0.79132336,-0.11478593,-0.076612435,-0.083404,-0.1213824,-0.13072303,-0.13855581,-0.19385117,-0.098696835,-0.15568024,-0.19487974,-0.19099717,-0.18668607,-0.11110313,-0.14294346,-0.10296566,-0.15924616,-0.19390106,-0.17270759,-0.16890672,-0.14272292,-0.14241102,-0.101570874,-0.15310213,-0.16152582,-0.18090555,-0.19474839,-0.12110357,-0.14733276,-0.113942675,-0.07996888,-0.14259052,-0.20725825,-0.1608409,-0.125103,-0.15657571,-0.15690626,-0.14366856,-0.19202894,-0.16257733,-0.1819727,-0.2963242,-0.19743824,-0.18086752,-0.17137796,-0.19253427,-0.15731105,-0.14054683,-0.13018967,-0.12557748,-0.13828096,-0.16292061,-0.30584824,-0.16687849,-0.18101256,-0.1926328,-0.11441202,-0.15042868,-0.14044778,-0.17792007,-0.16677433,-0.16452709,-0.14331086,-0.18237996,-0.12840809,-0.15339082,-0.13700625,-0.24156228,-0.17956766,-0.10294962,-0.13521583,-0.1417463,-0.17437434,-0.11016306,-0.13448118,-0.15219805,-0.15983418,-0.18178105,-0.15393995,-0.14887397,-0.19184028,-0.1753206,-0.16423029,-0.14723541,-0.14623587,-0.11499533,-0.10471026,-0.1347805,-0.20148799,-0.1770251,-0.12513243,-0.16605185,-0.18041904,-0.18738703,-0.11705899,-0.17643109,-0.25821048,-0.09231391,-0.09207247,-0.114613086,-0.1358192,-0.14776787,-0.098257996,-0.18886924
k__Bacteria|p__Firmicutes|c__Clostridia|o__Clostridiales|f__Ruminococcaceae|g__Candidatus_Cibionibacter|s__Candidatus_Cibionibacter_quicibialis,-0.1004395,-0.12316422,-0.1415557,-0.20428483,-0.166246,-0.19304337,-0.1666669,-0.1447565,-0.12504956,-0.18297768,-0.18329784,-0.2242129,-0.16971561,-0.2045492,-0.10346556,-0.09925639,-0.058144663,-0.099897,-0.10771665,-0.17030972,-0.1978925,-0.12536043,-0.1361384,-0.15190616,-0.17104146,-0.11658599,-0.1672748,-0.17327052,-0.1509206,-0.12124001,-0.13488355,-0.10599417,-0.14800122,-0.19544819,-0.1888198,-0.2175087,-0.1594908,-0.22338755,-0.1960375,-0.29867563,-0.29210672,-0.19807136,-0.10734876,-0.09162698,-0.13691942,-0.15463895,-0.23188588,-0.19359443,-0.14648522,-0.2026537,-0.18280962,-0.18279888,-0.19646831,-0.19759548,-0.20300794,-0.15764141,-0.12564668,-0.14360528,-0.09218928,-0.09570059,-0.17086986,-0.1420888,-0.13743341,-0.14664158,-0.12719077,-0.15101169,-0.2613474,-0.22333384,-0.18809047,-0.20047067,-0.14543527,-0.14898174,-0.13058373,-0.14260948,-0.15051009,-0.16340405,-0.14603099,-0.16278498,-0.15884948,-0.14998752,-0.14682907,-0.1567229,-0.15298575,-0.22480208,-0.120334074,-0.14130542,-0.11822103,-0.16063327,-0.17335156,-0.15527156,-0.16763574,-0.11139822,-0.1388583,-0.13027036,-0.12868473,-0.15152657,-0.14265512,-0.11542906,-0.10065024,-0.09079066,-0.1057394,-0.12049018,-0.13490462,-0.15027548,-0.15993345,-0.1185138,-0.11129953,-0.1578567,-0.17738779,-0.13326475,-0.16312179,-0.25953975,-0.14828508,-0.13254547,-0.14156686,-0.15095688,-0.17780018,-0.1632883,-0.22917573,-0.09015879,-0.110073656,-0.13451362,-0.12960601,-0.13997786,-0.17341267,-0.13908121,-0.16057305,-0.12777606,-0.07092635,-0.03704006,-0.13726795,-0.16192514,-0.17824566,-0.14332479,-0.12334781,-0.13579038,-0.12023825,-0.13820682,-0.25318068,3.3355634,-0.08395302,-0.10945694,-0.14440748,-0.09238048,-0.18759276,-0.19004047,-0.15332459,-0.09066291,-0.13230102,-0.14923409,-0.15005358,-0.15854067,-0.17013967,-0.18318601,-0.08829272,-0.12354697,-0.14044407,-0.10256614,-0.17951453,-0.19495486,-0.19055486,-0.10039785,-0.13113372,-0.08010694,-0.12797982,-0.19006202,-0.19298558,-0.19123709,-0.12313116,-0.07592213,-0.09746081,-0.11857689,-0.13653968,-0.12406494,-0.121451,-0.09479226,-0.09709209,-0.108858325,-0.082459606,-0.11331625,-0.13260044,-0.16665065,-0.1410757,-0.13606574,-0.18093297,-0.17825818,-0.19384566,-0.1446591,-0.15549555,-0.13513824,-0.119081676,-0.14001076,-0.19117098,-0.1907438,-0.18073645,-0.19755594,-0.25103784,-0.20219928,-0.189984,-0.19063428,-0.18228891,-0.17370632,-0.27554205,-0.08916744,-0.11956477,-0.12808397,-0.15751183,-0.20931396,-0.18224281,-0.29657933,-0.32474133,-0.15350753,-0.3242122,-0.17325558,-0.17108874,-0.2185038,-0.17647925,-0.114121355,-0.13977642,-0.15388772,-0.15788373,-0.22984435,-0.18186735,-0.25639743,-0.10456244,-0.12455491,-0.1384919,-0.12422728,-0.15189947,-0.15500377,-0.15582715,-0.14014931,-0.15141064,-0.16250628,-0.15471913,-0.1530923,-0.15276429,-0.1339956,-0.12290159,-0.14593974,-0.1896057,-0.1766904,-0.21025829,-0.3990198,-0.20446283,-0.113634616,-0.1296617,-0.11871212,-0.14776252,-0.16636807,-0.18620837,-0.19104284,-0.1314007,-0.07735184,-0.15275401,-0.13967422,-0.14106366,-0.11748746,-0.19987361,-0.1649412,-0.1581724,-0.14135294,-0.12377185,-0.12722544,-0.14610182,-0.2588673,-0.10737848,-0.13074079,-0.09132757,-0.12832497,-0.12911808,-0.1496557,-0.15148671,-0.0965482,-0.08910369,-0.12438371,-0.1107665,-0.13776097,-0.15067792,-0.16983895,-0.14267737,-0.11648877,-0.17345248,-0.15179591,-0.14221281,-0.12566447,-0.1416494,-0.17466888,-0.13176009,-0.13211481,-0.14562666,-0.123047136,-0.08722703,-0.05825615,-0.14329621,-0.17082691,-0.026243303,-0.16602406,-0.2829064,-0.31316653,-0.19882932,-0.14529777,-0.14331596,-0.14862512,-0.12963767,-0.25088155,-0.1935139,-0.18791705,-0.09497234,-0.10933767,-0.10702289,-0.094081976,-0.12759323,-0.15273087,-0.15746465,-0.16644073,-0.12812386,-0.0969081,-0.16398169,-0.14335519,-0.11335766,-0.18846886,-0.1706479,-0.15339269,-0.12566605,-0.115196005,-0.11282777,-0.11662802,-0.17569502,-0.13821767,-0.13433942,-0.096878245,-0.121359035,-0.09211233,-0.12434345,-0.13566162,-0.063823454,-0.13877153,-0.11419349,-0.13362615,-0.24483351,-0.2571875,-0.29957527,-0.14582908,-0.1564084,-0.13216336,-0.19104545,-0.0782174,-0.17219989,-0.16376677,-0.09859173,-0.11065883,-0.11458756,-0.076612435,-0.083404,-0.1213824,-0.13072303,-0.13855581,-0.19385117,-0.09923071,-0.15507272,-0.19487974,-0.19059849,-0.18639955,-0.111334994,-0.14307553,-0.10328993,-0.15859339,-0.1933413,-0.17218947,-0.16868497,-0.14258829,-0.14227434,-0.101911485,-0.153077,-0.16109878,-0.18060336,-0.19472131,-0.12127506,-0.14715979,-0.113895334,-0.08054496,-0.14243472,-0.20725825,-0.16032547,-0.125103,-0.15657571,-0.15690626,-0.14336178,-0.19202894,-0.16209224,-0.18136886,-0.2963242,-0.19805488,-0.18114142,-0.17179665,-0.19295791,-0.15755954,-0.14054683,-0.13023251,-0.12557748,-0.13823965,-0.16240187,-0.30584824,-0.16654097,-0.18075846,-0.192056,-0.11441202,-0.15045768,-0.14047214,-0.1774154,-0.16649571,-0.16401142,-0.14331086,-0.18237996,-0.12805578,-0.1528104,-0.13687283,-0.24156228,-0.17938814,-0.10334504,-0.1351519,-0.14181352,-0.17387547,-0.110489756,-0.13465694,-0.15192616,-0.15938625,-0.18149132,-0.15387347,-0.14875373,-0.19184028,-0.1748937,-0.16364914,-0.14723541,-0.14623587,-0.11499533,-0.10471026,-0.13494775,-0.20148799,-0.17642413,-0.12513243,-0.16513096,-0.18041904,-0.18738703,-0.11705899,-0.17591564,-0.25920224,-0.09289721,-0.0926204,-0.114859335,-0.13597253,-0.14780663,-0.098865,-0.1884573
k__Bacteria|p__Firmicutes|c__Bacilli|o__Lactobacillales|f__Lactobacillaceae|g__Ligilactobacillus|s__Ligilactobacillus_animalis,-0.1004395,-0.12316422,-0.14173815,-0.20428483,-0.16694239,-0.19400412,-0.1666669,-0.14526737,-0.12533875,-0.1844167,-0.183758,-0.22320838,-0.16917998,-0.20359938,-0.10292664,-0.098550886,-0.058144663,-0.0992143,-0.10745393,-0.17125255,-0.1978925,-0.12536043,-0.13646129,-0.15258974,-0.1717726,-0.11658599,-0.1678141,-0.17436148,-0.1509206,-0.12124001,-0.13508207,-0.105561525,-0.14835237,-0.19634871,-0.18947674,-0.2175087,-0.161027,-0.22338755,-0.19712102,-0.29867563,-0.29210672,-0.19832423,-0.10700898,-0.09162698,-0.13691942,-0.15499167,-0.23188588,-0.1938851,-0.1467874,-0.2026537,-0.1846917,-0.18279888,-0.1977869,-0.19851089,-0.2029942,-0.1577751,-0.12569809,-0.14383285,-0.092029534,-0.09544103,-0.17171068,-0.14263874,-0.13743341,-0.14701763,-0.12719077,-0.15156479,-0.2613474,-0.22333384,-0.18923134,-0.20047067,-0.14590752,-0.14945504,-0.1306462,-0.14276743,-0.15109947,-0.16454804,-0.1470963,-0.16278498,-0.15958577,-0.14998752,-0.14724608,-0.15720272,-0.15354082,-0.22480208,-0.120334074,-0.14148149,-0.11818991,-0.16140172,-0.17449492,-0.15568075,-0.16844228,-0.11139822,-0.1388583,-0.13027036,-0.12881494,-0.15152657,-0.14290643,-0.11555994,-0.10065024,-0.090266496,-0.10537452,-0.12050788,-0.13497123,-0.15027548,-0.16058409,-0.1185138,-0.11129953,-0.1578567,-0.17738779,-0.13376744,-0.16413426,-0.25953975,-0.14881359,-0.13258547,-0.14155293,-0.15095688,-0.17780018,-0.16377702,-0.22917573,-0.09015879,-0.10985555,-0.13476789,-0.12968743,-0.13997786,-0.17386861,-0.13908121,-0.16057305,-0.12777606,-0.07092635,-0.03704006,-0.13697478,-0.16238408,-0.17914055,-0.14332479,-0.12334781,-0.13581926,-0.12023825,-0.13821651,-0.25318068,-0.26654312,-0.083153,-0.10945694,-0.14454317,-0.09238048,-0.18796021,-0.19045524,-0.1527425,-0.08991688,-0.13230102,-0.14959279,-0.1504418,-0.15920484,-0.17090264,-0.1842201,-0.08743476,-0.123691574,-0.14084522,-0.10256614,-0.17951453,-0.19495486,-0.19164559,-0.09997448,-0.13113372,-0.07914654,-0.12778375,-0.19006202,-0.1937953,-0.1918354,-0.123315394,-0.0751466,-0.09694864,-0.118373886,-0.13649476,-0.12406494,-0.121451,-0.09416139,-0.096316114,-0.108233735,-0.082459606,-0.11279769,-0.13231392,-0.16730201,-0.1410757,-0.13639466,-0.18093297,-0.17825818,-0.1944032,-0.14468186,-0.15549555,-0.13548437,-0.119081676,-0.14001076,-0.19117098,-0.19123608,-0.18176746,-0.19755594,-0.25103784,-0.20219928,-0.1904614,-0.19143689,-0.1828778,-0.17393741,-0.27554205,-0.08916744,-0.11956477,-0.12774855,-0.15751183,-0.20931396,-0.18224281,-0.29657933,-0.32474133,-0.15101242,-0.3242122,-0.17325558,-0.17108874,-0.2185038,-0.17647925,-0.114121355,-0.13989773,-0.15388772,-0.15788373,-0.22984435,-0.18186735,-0.2563907,-0.10414324,-0.12455491,-0.1386151,-0.12422091,-0.15189947,-0.15528315,-0.15648814,-0.14014931,-0.15141064,-0.16351701,-0.15540801,-0.15375522,-0.15304564,-0.13379405,-0.12307131,-0.14668038,-0.19086419,-0.17737398,-0.21025829,-0.3990198,-0.20203774,-0.113295555,-0.1296617,-0.118543915,-0.14811021,-0.16636807,-0.18711582,-0.19206771,-0.1312466,-0.07668093,-0.15335101,-0.13974884,-0.14106366,-0.11801009,-0.19987361,-0.1649412,-0.1586993,-0.14132106,-0.12340775,-0.12722544,-0.14610182,-0.2588673,-0.10692991,-0.13074079,-0.09132757,-0.12832497,-0.12919974,-0.14978527,-0.1519779,-0.09602886,-0.08910369,-0.12419286,-0.11029279,-0.13771944,-0.1509115,-0.17051671,-0.14303158,-0.116272435,-0.17401578,-0.15205869,-0.14228767,-0.12533426,-0.14233242,-0.17466888,-0.13176009,-0.13228706,-0.14586592,-0.122855484,-0.08722703,-0.05825615,-0.14352638,-0.17082691,-0.026243303,-0.16608071,-0.2829064,-0.31316653,-0.19847262,-0.14574835,-0.14331596,-0.14862512,-0.12963767,-0.25088155,-0.194192,-0.1889609,-0.09439358,-0.10924363,-0.10702289,-0.093835324,-0.12759323,-0.15297198,-0.15746465,-0.1674535,-0.12812386,-0.0969081,-0.16398169,-0.14369571,-0.11335766,-0.18846886,-0.1706479,-0.15394157,-0.12582438,-0.115196005,-0.11281778,-0.11662802,-0.17632985,-0.1385839,-0.13440463,-0.096878245,-0.12099615,-0.09149629,-0.12434345,-0.13581598,-0.063823454,-0.13877153,-0.11419349,-0.13355286,-0.24483351,-0.2571875,-0.29957527,-0.146242,-0.15694258,-0.13243532,-0.19104545,-0.0782174,-0.1726984,-0.16436428,-0.09859173,-0.11065883,-0.11453449,-0.076612435,4.644684,-0.1213824,-0.13072303,-0.13855581,-0.19385117,-0.09876993,-0.15581787,-0.19487974,-0.19160706,-0.1871841,-0.111072496,-0.14279535,-0.10318613,-0.15975183,-0.19484088,-0.1730954,-0.16914907,-0.14283648,-0.14253214,-0.10140858,-0.1533126,-0.1618533,-0.18121998,-0.19539371,-0.12122702,-0.14745839,-0.113764666,-0.08000621,-0.14298052,-0.20725825,-0.16089383,-0.125103,-0.15657571,-0.15690626,-0.1436587,-0.19202894,-0.16278343,-0.18235748,-0.2963242,-0.19762228,-0.1812734,-0.17162699,-0.19301546,-0.15743127,-0.14054683,-0.13024506,-0.12557748,-0.13821828,-0.1625694,-0.30584824,-0.16697821,-0.1814453,-0.1932169,-0.11441202,-0.15054405,-0.1404671,-0.1782262,-0.1672197,-0.16472536,-0.14331086,-0.18237996,-0.12829536,-0.15327689,-0.13740796,-0.24156228,-0.17943077,-0.102945045,-0.13510649,-0.14220047,-0.17472552,-0.110044256,-0.13454598,-0.15262553,-0.16004483,-0.18215498,-0.15437756,-0.14930816,-0.19184028,-0.17559223,-0.16448809,-0.14723541,-0.14623587,-0.11499533,-0.10471026,-0.1349942,-0.20148799,-0.17727561,-0.12513243,-0.16560465,-0.18041904,-0.18738703,-0.11705899,-0.17718658,-0.2602892,-0.092258066,-0.09197649,-0.11457271,-0.1360537,-0.14797883,-0.09820789,-0.18942335
k__Bacteria|p__Firmicutes|c__Clostridia|o__Eubacteriales|f__Oscillospiraceae|g__GGB9739|s__GGB9739_SGB15313,-0.1004395,-0.12316422,-0.14205492,-0.20428483,-0.16702503,-0.19380349,-0.1666669,-0.14498353,-0.12530547,-0.18377578,-0.18348515,-0.22480652,-0.16920903,-0.20491648,-0.10305254,-0.09919003,-0.058144663,-0.0995269,-0.107651785,-0.17115264,-0.1978925,-0.12536043,-0.13630837,-0.1522171,-0.17151095,-0.11658599,-0.1678333,-0.1739731,-0.1509206,-0.12124001,-0.13528685,-0.10582875,-0.14861915,-0.19590405,-0.18945396,-0.2175087,-0.16086417,-0.22338755,-0.19722827,-0.29867563,-0.29210672,-0.19862369,-0.10713755,-0.09162698,-0.13691942,-0.15516579,-0.23188588,-0.19415548,-0.1466897,-0.2026537,-0.18381423,-0.18279888,-0.1974912,-0.1984409,-0.20315555,-0.15734744,-0.12571797,-0.14381495,-0.092018336,-0.09548956,-0.17141397,-0.14228301,-0.13743341,-0.14695206,-0.12719077,-0.1515579,-0.2613474,-0.22333384,-0.18894802,-0.20047067,-0.14561127,-0.14924343,-0.13086702,-0.14280322,-0.15050189,-0.16379488,-0.1465249,-0.16278498,-0.15949222,-0.14998752,-0.1472812,-0.15722805,-0.15341684,-0.22480208,-0.120334074,-0.14160052,-0.11834116,-0.16095525,-0.17396183,-0.15584637,-0.16834143,-0.11139822,-0.1388583,-0.13027036,-0.12868708,-0.15152657,-0.14284596,-0.1153484,-0.10065024,-0.09044269,-0.105402336,-0.12049642,-0.13505703,-0.15027548,-0.16041768,-0.1185138,-0.11129953,-0.1578567,-0.17738779,-0.13345227,-0.16435274,-0.25953975,-0.14876704,-0.13287908,-0.14172909,-0.15095688,-0.17780018,-0.16399804,-0.22917573,-0.09015879,-0.11020548,-0.13481513,-0.12963228,-0.13997786,-0.17401685,-0.13908121,-0.16057305,-0.12777606,-0.07092635,-0.03704006,-0.13738108,-0.16232175,-0.17893378,-0.14332479,-0.12334781,-0.13592127,-0.12023825,-0.13823842,-0.25318068,-0.26654312,-0.083412305,-0.10945694,-0.1444735,-0.09238048,-0.188276,-0.19059736,-0.15328872,-0.090256065,-0.13230102,-0.14971685,-0.15045917,-0.15904671,-0.17074741,-0.18370852,-0.08790928,-0.12370852,-0.14106165,-0.10256614,-0.17951453,-0.19495486,-0.19107027,-0.10001082,-0.13113372,-0.0794639,-0.1278877,-0.19006202,-0.19352728,-0.19185278,-0.12318995,-0.075221546,-0.097089514,-0.11853248,-0.13661811,-0.12406494,-0.121451,-0.09437634,-0.096544914,-0.10858442,-0.082459606,-0.11286896,-0.13238771,-0.16712299,-0.1410757,-0.13651055,-0.18093297,-0.17825818,-0.19444326,-0.14497831,-0.15549555,-0.1353961,-0.119081676,-0.14001076,-0.19117098,-0.1914087,-0.18179318,-0.19755594,-0.25103784,-0.20219928,-0.19066828,-0.191553,-0.18285966,-0.17445481,-0.27554205,-0.08916744,-0.11956477,-0.12821928,-0.15751183,-0.20931396,-0.18224281,-0.29657933,-0.32474133,-0.15450831,-0.3242122,-0.17325558,-0.17108874,-0.2185038,-0.17647925,-0.114121355,-0.14017141,-0.15388772,-0.15788373,-0.22984435,-0.18186735,-0.2567926,-0.10432924,-0.12455491,-0.13865595,-0.124236695,-0.15189947,-0.15501297,-0.15609303,-0.14014931,-0.15141064,-0.16299365,-0.15533425,-0.15355927,-0.15323661,-0.13405554,-0.12300575,-0.14657044,-0.19028732,-0.17725906,-0.21025829,-0.3990198,-0.20486785,-0.11337805,-0.1296617,-0.118506484,-0.14801583,-0.16636807,-0.18667012,-0.19188543,-0.13175602,-0.0766643,-0.15315259,-0.1399189,-0.14106366,-0.11792131,-0.19987361,-0.1649412,-0.15891,-0.1417838,-0.12361006,-0.12722544,-0.14610182,-0.2588673,-0.107287884,-0.13074079,-0.09132757,-0.12832497,-0.1291493,-0.14994305,-0.15172644,-0.09615575,-0.08910369,-0.12440431,-0.11058955,-0.13804424,-0.15102854,-0.17041916,-0.14294052,-0.11656907,-0.17407262,-0.1520639,-0.14238295,-0.12547505,-0.141907,-0.17466888,-0.13176009,-0.1323874,-0.1457256,-0.12282248,-0.08722703,-0.05825615,-0.14341447,-0.17082691,-0.026243303,-0.16725112,-0.2829064,-0.31316653,-0.19944969,-0.14566123,-0.14331596,-0.14862512,-0.12963767,-0.25088155,-0.19393435,-0.18865299,-0.09453179,-0.10921835,-0.10702289,-0.093487024,-0.12759323,-0.15326986,-0.15746465,-0.16701931,-0.12812386,-0.0969081,-0.16398169,-0.1435812,-0.11335766,-0.18846886,-0.1706479,-0.15395144,-0.12574193,-0.115196005,-0.11282408,-0.11662802,-0.1761163,-0.13843434,-0.1342683,-0.096878245,-0.12114084,-0.09162138,-0.12434345,-0.13585716,-0.063823454,-0.13877153,-0.11419349,-0.133873,-0.24483351,-0.2571875,-0.29957527,-0.14620075,-0.15679729,-0.13232169,-0.19104545,-0.0782174,-0.172631,-0.1643315,-0.09859173,-0.11065883,-0.11449771,-0.076612435,-0.083404,-0.1213824,-0.13072303,-0.13855581,-0.19385117,-0.09886948,-0.1558004,-0.19487974,-0.19151142,-0.18716666,-0.111243516,-0.14316641,-0.10290441,-0.15908045,-0.19433452,-0.17285317,-0.16932353,-0.14285362,-0.14250773,-0.10194374,-0.15343684,-0.1616532,-0.18134126,-0.19543436,-0.121159896,-0.14721921,-0.11380865,-0.08005516,-0.1432715,-0.20725825,-0.16089377,-0.125103,-0.15657571,-0.15690626,-0.14380613,-0.19202894,-0.16280156,-0.18206063,-0.2963242,-0.19928186,-0.18181394,-0.1721232,-0.19357651,-0.15775096,-0.14054683,-0.13040158,-0.12557748,-0.13843986,-0.16375738,-0.30584824,-0.16738454,-0.18112499,-0.19299933,-0.11441202,-0.15069067,-0.14076094,-0.17829221,-0.16700558,-0.16455305,-0.14331086,-0.18237996,-0.1285373,-0.153539,-0.13759096,-0.24156228,-0.18004909,-0.103164665,-0.13542569,-0.1419374,-0.17440517,-0.11039515,-0.13479483,-0.15217379,-0.15977395,-0.18233503,-0.15411207,-0.14914107,-0.19184028,-0.17561936,-0.16401672,-0.14723541,-0.14623587,-0.11499533,-0.10471026,-0.13525951,-0.20148799,-0.17703459,-0.12513243,-0.16626775,-0.18041904,-0.18738703,-0.11705899,-0.17603514,-0.25972927,-0.09247601,-0.09218317,-0.114891216,-0.1360602,-0.14804222,-0.09856027,-0.18925396
k__Bacteria|p__Firmicutes|c__Clostridia|o__Eubacteriales|f__Oscillospiraceae|g__Ruminococcus|s__Ruminococcus_bicirculans,-0.1004395,-0.12316422,-0.14343686,-0.20428483,-0.16836774,-0.19499765,-0.1666669,-0.14539012,-0.12565702,-0.18374795,-0.18548757,-0.23819357,-0.17058474,-0.21072593,-0.10384855,-0.100455746,-0.058144663,-0.099569164,-0.108478695,-0.17158948,-0.1978925,-0.12536043,-0.1365352,-0.15231907,-0.17269073,-0.11658599,-0.16789368,-0.17414951,-0.1509206,-0.12124001,-0.13519022,-0.10703514,-0.14889027,-0.19832164,-0.1902422,-0.2175087,-0.16230917,-0.22338755,-0.19954729,-0.29867563,-0.29210672,-0.20063388,-0.10765274,-0.09162698,-0.13691942,-0.15605372,-0.23188588,-0.19544742,-0.14718896,-0.2026537,-0.18504438,-0.18279888,-0.19997963,-0.20231631,-0.20845118,-0.15700361,-0.12627551,-0.14440191,-0.09187187,-0.096083015,-0.17180163,-0.14240909,-0.13743341,-0.14754893,-0.12719077,-0.15178144,-0.2613474,-0.22333384,-0.190301,-0.20047067,-0.14602658,-0.1497501,-0.13158923,-0.14362007,-0.15071736,-0.1642485,-0.14641434,-0.16278498,-0.16063142,-0.14998752,-0.14738476,-0.1582213,-0.15371922,-0.22480208,-0.120334074,-0.14196211,-0.11897294,-0.16114087,-0.17466559,-0.15687774,-0.16846247,-0.11139822,-0.1388583,-0.13027036,-0.12867764,-0.15152657,-0.14254642,-0.115389824,-0.10065024,-0.0910576,-0.10588787,-0.1210469,-0.1355535,-0.15027548,-0.16052048,-0.1185138,-0.11129953,-0.1578567,-0.17738779,-0.13405591,-0.16543463,-0.25953975,-0.14930099,-0.13360058,-0.14274186,-0.15095688,-0.17780018,-0.16537867,-0.22917573,-0.09015879,-0.11013004,-0.13529989,-0.13035822,-0.13997786,-0.17496574,-0.13908121,-0.16057305,-0.12777606,-0.07092635,-0.03704006,-0.13797271,-0.1626609,-0.17931418,-0.14332479,-0.12334781,-0.13607684,-0.12023825,-0.13871011,-0.25318068,-0.26654312,-0.08371718,-0.10945694,-0.14450455,-0.09238048,-0.18869992,-0.19207135,-0.15418044,-0.09065586,-0.13230102,-0.15014608,-0.15120564,-0.15982357,-0.17159286,-0.18379366,-0.08862119,-0.12415056,-0.14182523,-0.10256614,-0.17951453,-0.19495486,-0.19225392,-0.10033232,-0.13113372,-0.08075478,-0.12862045,-0.19006202,-0.19511402,-0.19300357,-0.12315642,-0.075854585,-0.09757878,-0.11942533,-0.13707036,-0.12406494,-0.121451,-0.09511001,-0.097415656,-0.10894683,-0.082459606,-0.1134222,-0.13263959,-0.16727379,-0.1410757,-0.1370647,-0.18093297,-0.17825818,-0.19640902,-0.14562047,-0.15549555,-0.13584898,-0.119081676,-0.14001076,-0.19117098,-0.19354105,-0.18298063,-0.19755594,-0.25103784,-0.20219928,-0.19122577,-0.19282708,-0.1838831,-0.17568147,-0.27554205,-0.08916744,-0.11956477,-0.1284157,-0.15751183,-0.20931396,-0.18224281,-0.29657933,-0.32474133,-0.1542828,-0.3242122,-0.17325558,-0.17108874,-0.2185038,-0.17647925,-0.114121355,-0.14079985,-0.15388772,-0.15788373,-0.22984435,-0.18186735,-0.26622444,-0.10493947,-0.12455491,-0.13887309,-0.12444477,-0.15189947,-0.1553804,-0.15610324,-0.14014931,-0.15141064,-0.16315538,-0.1560286,-0.15393065,-0.15407929,-0.1347613,-0.12326917,-0.14679193,-0.19086394,-0.17863283,-0.21025829,2.2054183,-0.20687965,-0.11384521,-0.1296617,-0.119093716,-0.14835048,-0.16636807,-0.18692237,-0.19289482,-0.13202234,-0.07715758,-0.15330143,-0.14036758,-0.14106366,-0.11755831,-0.19987361,-0.1649412,-0.15962663,-0.14256221,-0.12419015,-0.12722544,-0.14610182,-0.2588673,-0.10782979,-0.13074079,-0.09132757,-0.12832497,-0.12914214,-0.1503133,-0.15169346,-0.09658384,-0.08910369,-0.12467091,-0.11120276,-0.13846847,-0.15145731,-0.17094606,-0.14334548,-0.11646399,-0.17454301,-0.15255815,-0.14266622,-0.12661213,-0.14165044,-0.17466888,-0.13176009,-0.13254695,-0.14630869,-0.12350424,-0.08722703,-0.05825615,-0.14392586,-0.17082691,-0.026243303,-0.16820377,-0.2829064,-0.31316653,-0.20116544,-0.14614807,-0.14331596,-0.14862512,-0.12963767,-0.25088155,-0.1960893,-0.18930487,-0.09486337,-0.10949546,-0.10702289,-0.09390225,-0.12759323,-0.1534389,2.7067847,-0.1679888,-0.12812386,-0.0969081,-0.16398169,-0.14349559,-0.11335766,-0.18846886,-0.1706479,-0.15470874,-0.12607557,-0.115196005,-0.11328468,-0.11662802,-0.17623577,-0.13895373,-0.13493058,-0.096878245,-0.12201423,-0.09183289,-0.12434345,-0.1354163,-0.063823454,-0.13877153,-0.11419349,-0.13431549,-0.24483351,-0.2571875,-0.29957527,-0.14694306,-0.15744734,-0.1329659,-0.19104545,-0.0782174,-0.17342776,-0.16472638,-0.09859173,-0.11065883,-0.1139639,-0.076612435,-0.083404,-0.1213824,-0.13072303,-0.13855581,-0.19385117,-0.09970948,-0.15627982,-0.19487974,-0.1926336,-0.18814151,-0.11151478,-0.1436453,-0.10303516,-0.15910013,-0.19615884,-0.17303374,-0.17025036,-0.14348131,-0.14324006,-0.10284315,-0.15389517,-0.16242343,-0.18228392,-0.19723186,-0.121541545,-0.14752828,-0.11388697,-0.08006829,-0.14398742,-0.20725825,-0.16143629,-0.125103,-0.15657571,-0.15690626,-0.1445237,-0.19202894,-0.16337308,-0.18214169,-0.2963242,-0.20317438,-0.18278092,-0.17342862,-0.1953783,-0.158892,-0.14054683,-0.13092995,-0.12557748,-0.13891953,-0.16467285,-0.30584824,-0.16776422,-0.18184258,-0.19425425,-0.11441202,-0.1508162,-0.14138746,-0.17895168,-0.16777265,-0.16491102,-0.14331086,-0.18237996,-0.12917703,-0.15399903,-0.13889486,-0.24156228,-0.18097992,-0.10361406,-0.13596058,-0.14231561,-0.17501564,-0.11081192,-0.135162,-0.15205726,-0.16055697,-0.18341759,-0.15436168,-0.14992753,-0.19184028,-0.17663273,-0.16390115,-0.14723541,-0.14623587,-0.11499533,-0.10471026,-0.13561538,-0.20148799,-0.177507,-0.12513243,-0.16694942,-0.18041904,-0.18738703,-0.11705899,-0.17566368,-0.2650543,-0.09310607,-0.09247975,-0.11545153,-0.13657358,-0.1488142,-0.099191844,-0.18976079
k__Bacteria|p__Firmicutes|c__Bacilli|o__Lactobacillales|f__Streptococcaceae|g__Streptococcus|s__Streptococcus_sanguinis,-0.1004395,-0.12316422,-0.14181238,-0.20428483,-0.16657536,-0.19264098,-0.1666669,-0.14464961,-0.1254658,-0.18263224,-0.1836299,-0.22256172,-0.1699807,-0.20265502,-0.10329673,-0.09927991,-0.058144663,-0.09941028,-0.10796692,-0.17021568,-0.1978925,-0.12536043,-0.13603072,-0.15169552,-0.1708726,-0.11658599,-0.16718519,-0.17305367,-0.1509206,-0.12124001,-0.1350867,-0.1060893,-0.14822757,-0.19486317,-0.18832502,-0.2175087,-0.16066115,-0.22338755,-0.19651926,-0.29867563,-0.29210672,-0.19712001,-0.10703927,-0.09162698,-0.13691942,-0.1548062,-0.23188588,-0.19305018,-0.14623123,-0.2026537,-0.18354024,-0.18279888,-0.19653687,-0.19780761,-0.20191136,-0.15671064,-0.1255326,-0.14334229,-0.09222326,-0.09573856,-0.17050174,-0.14192908,-0.13743341,-0.14660916,-0.12719077,-0.15115103,-0.2613474,-0.22333384,-0.18803155,-0.20047067,-0.1450395,-0.1488766,-0.13058457,-0.142432,-0.14970422,-0.1630409,-0.1459476,-0.16278498,-0.15919909,-0.14998752,-0.1469982,-0.15682909,-0.15283224,-0.22480208,-0.120334074,-0.14132936,-0.11837077,-0.16005987,-0.17317131,-0.15563425,-0.1675725,-0.11139822,-0.1388583,-0.13027036,-0.12846312,-0.15152657,-0.14266732,-0.115445115,-0.10065024,-0.09092659,-0.1054267,-0.12020912,-0.13468248,-0.15027548,-0.1597814,-0.1185138,-0.11129953,-0.1578567,-0.17738779,-0.1330441,-0.1641232,2.3884587,-0.1484537,-0.13286519,-0.14153266,-0.15095688,-0.17780018,-0.1634661,-0.22917573,-0.09015879,-0.11047587,-0.13466805,-0.12954143,-0.13997786,-0.17348188,-0.13908121,-0.16057305,-0.12777606,-0.07092635,-0.03704006,-0.13703191,-0.16157836,-0.17817019,-0.14332479,-0.12334781,-0.13582622,-0.12023825,-0.13804165,-0.25318068,-0.26654312,-0.08371632,-0.10945694,-0.14393646,-0.09238048,-0.18721277,-0.18969777,-0.15304813,-0.09045347,-0.13230102,-0.14941254,-0.15008406,-0.15843992,-0.17000194,-0.18246575,-0.088222824,-0.12343783,-0.14075257,-0.10256614,-0.17951453,-0.19495486,-0.18996584,-0.10019608,-0.13113372,-0.0798098,-0.12792113,-0.19006202,-0.19241932,-0.19090152,-0.12298791,-0.075742796,-0.09712827,-0.118618354,-0.13643387,-0.12406494,-0.121451,-0.09458634,-0.09696418,-0.1086245,-0.082459606,-0.112877004,-0.13213822,-0.16625157,-0.1410757,-0.13645959,-0.18093297,-0.17825818,-0.19346261,-0.14455642,-0.15549555,-0.1350942,-0.119081676,-0.14001076,-0.19117098,-0.1903655,-0.18093958,-0.19755594,-0.25103784,-0.20219928,-0.18973613,-0.19071153,-0.18211827,-0.17374851,-0.27554205,-0.08916744,-0.11956477,-0.1283429,-0.15751183,-0.20931396,-0.18224281,-0.29657933,-0.32474133,-0.15535039,-0.3242122,-0.17325558,-0.17108874,-0.2185038,-0.17647925,-0.114121355,-0.14004529,-0.15388772,-0.15788373,-0.22984435,-0.18186735,-0.25522673,-0.10447565,-0.12455491,-0.13842228,-0.12408303,-0.15189947,-0.15429491,-0.15537326,-0.14014931,-0.15141064,-0.1621954,-0.15498674,-0.1530236,-0.15302171,-0.13392302,-0.12310447,-0.14634456,-0.18929753,-0.17667887,-0.21025829,-0.3990198,-0.2024357,-0.113434896,-0.1296617,-0.118234396,-0.14783064,-0.16636807,-0.18550643,-0.19096468,-0.1317761,-0.077055916,-0.15243897,-0.13971914,-0.14106366,-0.11790645,-0.19987361,-0.1649412,-0.15871838,-0.1415484,-0.12374675,-0.12722544,-0.14610182,-0.2588673,-0.107436046,-0.13074079,-0.09132757,-0.12832497,-0.12887818,-0.14968951,-0.15107426,-0.09633444,-0.08910369,-0.12422973,-0.11074534,-0.13771647,-0.15064967,-0.1695708,-0.1426408,-0.116711505,-0.17324664,-0.15173906,-0.14200288,-0.12552658,-0.1414167,-0.17466888,-0.13176009,-0.13208772,-0.14548826,-0.12275908,-0.08722703,-0.05825615,-0.14324316,-0.17082691,-0.026243303,-0.16660303,-0.2829064,-0.31316653,-0.19776328,-0.14528804,-0.14331596,-0.14862512,-0.12963767,-0.25088155,-0.19273652,-0.18755794,-0.094971254,-0.109144464,-0.10702289,-0.09351274,-0.12759323,-0.15292893,-0.15746465,-0.16641784,-0.12812386,-0.0969081,-0.16398169,-0.14296746,-0.11335766,-0.18846886,-0.1706479,-0.15363015,-0.1255265,-0.115196005,-0.11288141,-0.11662802,-0.17511913,-0.13807973,-0.13396983,-0.096878245,-0.121064395,-0.0918487,-0.12434345,-0.13565771,-0.063823454,-0.13877153,-0.11419349,-0.13370708,-0.24483351,-0.2571875,-0.29957527,-0.14578864,-0.15627019,-0.13200706,-0.19104545,-0.0782174,-0.17158024,-0.1638492,-0.09859173,-0.11065883,-0.11459771,-0.076612435,-0.083404,-0.1213824,-0.13072303,-0.13855581,-0.19385117,-0.09883782,-0.15532249,-0.19487974,-0.19058253,-0.18621303,-0.11126045,-0.14284281,-0.102853045,-0.15817581,-0.19332479,-0.17166471,-0.16890804,-0.14253934,-0.14211734,-0.102364585,-0.15302786,-0.16117173,-0.18067944,-0.19437349,-0.121024035,-0.1467381,-0.11401169,-0.08044547,-0.1428236,-0.20725825,-0.16023743,-0.125103,-0.15657571,-0.15690626,-0.14353195,-0.19202894,-0.1622588,-0.18106404,-0.2963242,-0.19829984,-0.18123536,-0.17170107,-0.19250126,-0.15754303,-0.14054683,-0.13019988,-0.12557748,-0.1382845,-0.16331145,-0.30584824,-0.16670643,-0.18037587,-0.19211169,-0.11441202,-0.15033147,-0.14045723,-0.17741722,-0.16630706,-0.1638998,-0.14331086,-0.18237996,-0.12853718,-0.15327904,-0.13764003,-0.24156228,-0.17924803,-0.10321878,-0.13533555,-0.1413917,-0.17350978,-0.11058469,-0.13456878,-0.15143192,-0.15909088,-0.18148085,-0.15330145,-0.14859131,-0.19184028,-0.17489417,-0.16320352,-0.14723541,-0.14623587,-0.11499533,-0.10471026,-0.13498265,-0.20148799,-0.17614979,-0.12513243,-0.16588515,-0.18041904,-0.18738703,-0.11705899,-0.1748461,-0.25803787,-0.09271972,-0.09243526,-0.11494152,-0.13573125,-0.1476424,-0.09891847,-0.18796515
k__Bacteria|p__Firmicutes|c__Bacilli|o__Bacillales|f__Bacillales_unclassified|g__Gemella|s__Gemella_SGB47116,-0.1004395,-0.12316422,-0.1411455,-0.20428483,-0.16651753,-0.19350249,-0.1666669,-0.14549944,-0.12499724,-0.18474364,-0.18211311,-0.21949995,-0.16983134,-0.20290458,-0.10321653,-0.09895738,-0.058144663,-0.10041553,-0.10747002,-0.17138842,-0.1978925,-0.12536043,-0.13688122,-0.15310633,-0.1716584,-0.11658599,-0.16788688,-0.17493808,-0.1509206,-0.12124001,-0.13535337,-0.105291,-0.14830905,-0.19559705,-0.18964918,-0.2175087,-0.16009936,-0.22338755,-0.19625196,-0.29867563,-0.29210672,-0.19820726,-0.10764624,-0.09162698,-0.13691942,-0.15497491,-0.23188588,-0.19378716,-0.14693883,-0.2026537,-0.18335357,-0.18279888,-0.19629042,-0.19680105,-0.20186496,-0.16006774,-0.12601988,-0.14420402,-0.092748344,-0.09582216,-0.17188008,-0.14305271,-0.13743341,-0.14715463,-0.12719077,-0.15155917,-0.2613474,-0.22333384,-0.18895221,-0.20047067,-0.14638816,-0.14963545,-0.13069841,-0.14293863,-0.15208265,-0.16504014,-0.14757876,-0.16278498,-0.15889154,-0.14998752,-0.14760366,-0.15683468,-0.15373315,-0.22480208,-0.120334074,-0.1417567,-0.11841105,-0.16200203,-0.17468996,-0.15516515,-0.16867745,-0.11139822,-0.1388583,-0.13027036,-0.12937543,-0.15152657,-0.14308253,-0.11614776,-0.10065024,-0.090492584,-0.1059968,-0.121014416,-0.13539672,-0.15027548,-0.16106491,-0.1185138,-0.11129953,-0.1578567,0.95030785,-0.13390347,-0.1631521,-0.25953975,-0.14882281,-0.13229913,-0.14138487,-0.15095688,-0.17780018,-0.16311032,-0.22917573,-0.09015879,-0.11025124,-0.1347957,-0.12983179,-0.13997786,-0.17351438,-0.13908121,-0.16057305,-0.12777606,-0.07092635,-0.03704006,-0.13723662,-0.16272205,-0.17936619,-0.14332479,-0.12334781,-0.13596123,-0.12023825,-0.13851431,-0.25318068,-0.26654312,-0.083797425,-0.10945694,-0.14527749,-0.09238048,-0.18801484,-0.19003299,-0.15274611,-0.09051484,-0.13230102,-0.14968863,-0.15040049,-0.1592471,-0.17082073,-0.18495277,-0.08771058,-0.12424745,-0.14115494,-0.10256614,-0.17951453,-0.19495486,-0.1917307,-0.10046174,-0.13113372,-0.079372495,-0.12829487,-0.19006202,-0.1935161,-0.19163989,-0.12422554,-0.07546178,-0.09738357,-0.11846057,-0.1367951,-0.12406494,-0.121451,-0.09459612,-0.096619636,-0.10871859,-0.082459606,-0.11321926,-0.13294467,-0.16802649,-0.1410757,-0.13624367,-0.18093297,-0.17825818,-0.19368304,-0.14479138,-0.15549555,-0.13588391,-0.119081676,-0.14001076,-0.19117098,-0.19058697,-0.18101364,-0.19755594,-0.25103784,-0.20219928,-0.19000112,-0.19059211,-0.18255728,-0.17323223,-0.27554205,-0.08916744,-0.11956477,-0.12775968,-0.15751183,-0.20931396,-0.18224281,-0.29657933,-0.32474133,-0.14949605,-0.3242122,-0.17325558,-0.17108874,-0.2185038,-0.17647925,-0.114121355,-0.13963757,-0.15388772,-0.15788373,-0.22984435,-0.18186735,-0.2526371,-0.104473144,-0.12455491,-0.13887009,-0.12470566,-0.15189947,-0.15589872,-0.15723741,-0.14014931,-0.15141064,-0.16401415,-0.15526517,-0.15386818,-0.15282848,-0.1339859,-0.123264514,-0.14660008,-0.19090012,-0.17691968,-0.21025829,-0.3990198,-0.2020467,-0.11376884,-0.1296617,-0.11902408,-0.14832388,-0.16636807,-0.18761079,-0.19178075,-0.13147104,-0.07689172,-0.15389504,-0.13988495,-0.14106366,-0.118975885,-0.19987361,-0.1649412,-0.15811107,-0.14106166,-0.12371578,-0.12722544,-0.14610182,-0.2588673,-0.10731712,-0.13074079,-0.09132757,-0.12832497,-0.1299307,-0.14994173,-0.15280578,-0.09662981,-0.08910369,-0.124671176,-0.110636435,-0.1380529,-0.15099293,-0.17094508,-0.14322776,-0.11655905,-0.17427093,-0.15207589,-0.14278427,-0.12511116,-0.1432141,-0.17466888,-0.13176009,-0.13250366,-0.14607646,-0.12327993,-0.08722703,-0.05825615,-0.14369957,-0.17082691,-0.026243303,-0.16588232,-0.2829064,-0.31316653,-0.197602,-0.14599045,-0.14331596,-0.14862512,-0.12963767,-0.25088155,-0.19379714,-0.18902898,-0.0947471,-0.10979765,-0.10702289,-0.09462468,-0.12759323,-0.15313768,-0.15746465,-0.16738437,-0.12812386,-0.0969081,-0.16398169,-0.1447968,-0.11335766,-0.18846886,-0.1706479,-0.15377277,-0.12605196,-0.115196005,-0.1131964,-0.11662802,-0.17696784,-0.13890228,-0.13480024,-0.096878245,-0.12122065,-0.09230973,-0.12434345,-0.13660708,-0.063823454,-0.13877153,-0.11419349,-0.13374174,-0.24483351,2.5125842,-0.29957527,-0.14635208,-0.15692753,-0.13248968,-0.19104545,-0.0782174,-0.1723707,-0.16468278,-0.09859173,-0.11065883,-0.11541697,-0.076612435,-0.083404,-0.1213824,-0.13072303,-0.13855581,-0.19385117,-0.09913391,-0.15584067,-0.19487974,-0.19097431,-0.18702938,-0.11162441,-0.14304446,-0.10379818,-0.16040897,-0.19404438,-0.17395192,-0.16890155,-0.14298925,-0.14271662,-0.10111681,-0.15348993,-0.16182835,-0.1806499,-0.1948717,-0.12170696,-0.14804265,-0.11406751,-0.08047402,-0.14302745,-0.20725825,-0.1610047,-0.125103,-0.15657571,-0.15690626,-0.14354473,-0.19202894,-0.16267751,-0.1827298,-0.2963242,-0.19456828,-0.18058994,-0.17138964,-0.19225848,-0.15718237,-0.14054683,-0.13048035,-0.12557748,-0.13841087,-0.162321,-0.30584824,-0.16618484,-0.18151407,-0.19264303,-0.11441202,-0.15110227,-0.14076546,-0.17811742,-0.16715221,-0.16511485,-0.14331086,-0.18237996,-0.12793416,-0.15301841,-0.13666308,-0.24156228,-0.17902356,-0.10348399,-0.13506866,-0.14261863,-0.1750736,-0.110314,-0.13466778,-0.1534946,-0.16045362,-0.18139507,-0.15499699,-0.14959544,-0.19184028,-0.17521137,-0.16520822,-0.14723541,-0.14623587,-0.11499533,-0.10471026,-0.13533837,-0.20148799,-0.17759451,-0.12513243,-0.16512612,-0.18041904,-0.18738703,-0.11705899,-0.17801279,-0.2580337,-0.09272923,-0.09258534,-0.11468105,-0.136442,-0.14814645,-0.09835961,-0.18966052
k__Bacteria|p__Firmicutes|c__CFGB75916|o__OFGB75916|f__FGB75916|g__GGB2993|s__GGB2993_SGB3978,-0.1004395,-0.12316422,-0.14204757,-0.20428483,-0.1669739,-0.19534099,-0.1666669,-0.14612359,-0.12501264,-0.18571483,-0.18373236,-0.23235789,-0.17012972,-0.208334,-0.10333896,-0.09946949,-0.058144663,-0.10031679,-0.10748972,-0.17233454,-0.1978925,-0.12536043,-0.13702807,-0.15367042,-0.17298366,-0.11658599,-0.16831844,-0.17568581,-0.1509206,-0.12124001,-0.13559112,-0.10552754,-0.14906138,-0.19801718,-0.19145316,-0.2175087,-0.16029829,-0.22338755,-0.19855657,-0.29867563,-0.29210672,-0.20128751,-0.107556686,-0.09162698,-0.13691942,-0.15557304,-0.23188588,-0.19524431,-0.14741877,-0.2026537,-0.18326952,-0.18279888,-0.19932741,-0.2009889,-0.20847774,-0.16020077,-0.12638618,-0.14489472,-0.092210576,-0.095702946,-0.17274877,-0.1435562,-0.13743341,-0.1478008,-0.12719077,-0.15204173,-0.2613474,-0.22333384,-0.18997328,-0.20047067,-0.1470171,-0.15018114,-0.13146567,-0.14386806,-0.15289257,-0.16577978,-0.14794937,-0.16278498,-0.15936717,-0.14998752,-0.14794233,-0.1577949,-0.15440002,-0.22480208,-0.120334074,-0.14229098,-0.11855647,-0.16263245,-0.17563176,-0.15617046,-0.16967946,-0.11139822,-0.1388583,-0.13027036,-0.12953325,-0.15152657,-0.14300367,-0.115952194,-0.10065024,-0.090284236,-0.10599177,-0.12127883,-0.13581908,-0.15027548,-0.16165194,-0.1185138,-0.11129953,-0.1578567,-0.17738779,-0.1350432,-0.16473132,-0.25953975,-0.14930889,-0.13282174,-0.14259894,-0.15095688,-0.17780018,-0.1639495,-0.22917573,-0.09015879,-0.109924376,-0.13534036,-0.1304542,-0.13997786,-0.17470276,-0.13908121,-0.16057305,-0.12777606,-0.07092635,-0.03704006,-0.13770023,-0.16354,-0.18043202,-0.14332479,-0.12334781,-0.13617763,-0.12023825,-0.13939068,-0.25318068,-0.26654312,-0.083265506,-0.10945694,-0.1461162,-0.09238048,-0.18923914,-0.19185236,-0.15360396,-0.09009672,-0.13230102,-0.15025556,-0.1511296,-0.16012208,-0.17180878,-0.18625121,-0.08745586,-0.12461116,-0.1419347,-0.10256614,-0.17951453,-0.19495486,-0.19355853,-0.100374505,-0.13113372,-0.080315426,-0.12890285,-0.19006202,-0.19517875,-0.19345804,-0.124233365,-0.07471059,-0.09745602,-0.119006276,-0.13739958,-0.12406494,-0.121451,-0.09459788,-0.09666947,-0.10890636,-0.082459606,-0.11360929,-0.13326326,-0.16880724,-0.1410757,-0.1364768,-0.18093297,-0.17825818,-0.19593802,-0.14568758,-0.15549555,-0.1365205,-0.119081676,-0.14001076,-0.19117098,-0.192506,-0.18238986,-0.19755594,-0.25103784,-0.20219928,-0.19081648,-0.19211242,-0.18394479,-0.17477489,-0.27554205,-0.08916744,-0.11956477,-0.12787215,-0.15751183,-0.20931396,-0.18224281,-0.29657933,-0.32474133,-0.15128967,-0.3242122,-0.17325558,-0.17108874,-0.2185038,-0.17647925,-0.114121355,-0.1400296,-0.15388772,-0.15788373,-0.22984435,-0.18186735,-0.2614652,-0.10452446,-0.12455491,-0.13924363,-0.124825336,-0.15189947,-0.1565686,-0.1577241,-0.14014931,-0.15141064,-0.16475871,-0.15579076,-0.15459697,-0.15387553,-0.13463777,-0.12335196,-0.14680137,-0.19245264,-0.17808273,-0.21025829,-0.3990198,-0.20699462,-0.11382206,-0.1296617,-0.11960269,-0.14898737,-0.16636807,-0.18876936,-0.19323596,-0.1317485,-0.076431185,-0.1548303,-0.14036667,-0.14106366,-0.118461326,-0.19987361,-0.1649412,-0.15860017,-0.14222024,-0.124135956,-0.12722544,-0.14610182,-0.2588673,-0.10737647,-0.13074079,-0.09132757,-0.12832497,-0.13008156,-0.15032318,-0.15317023,-0.09641054,-0.08910369,-0.12515515,-0.11071997,-0.13855326,-0.15162101,-0.17214584,-0.14375567,-0.11630149,-0.17542863,-0.15265344,-0.14330238,-0.12574556,-0.14334273,-0.17466888,-0.13176009,-0.13298003,-0.14681786,-0.12363365,-0.08722703,-0.05825615,-0.14438242,-0.17082691,-0.026243303,-0.16688678,-0.2829064,-0.31316653,-0.20141059,-0.14651823,-0.14331596,-0.14862512,-0.12963767,-0.25088155,-0.19561778,-0.19052377,-0.09453473,-0.10981524,-0.10702289,-0.0951242,-0.12759323,-0.15381822,-0.15746465,-0.1682575,-0.12812386,-0.0969081,-0.16398169,-0.14508592,-0.11335766,-0.18846886,-0.1706479,-0.15440792,-0.1263848,-0.115196005,-0.11361201,-0.11662802,-0.17792931,-0.13937902,-0.13542053,-0.096878245,-0.121875435,-0.09194289,-0.12434345,-0.13646168,-0.063823454,-0.13877153,-0.11419349,-0.13443543,-0.24483351,-0.2571875,-0.29957527,-0.1470907,-0.1578851,-0.13317242,-0.19104545,-0.0782174,-0.17410575,-0.16569889,-0.09859173,-0.11065883,-0.11495543,-0.076612435,-0.083404,-0.1213824,-0.13072303,-0.13855581,-0.19385117,-0.09932834,-0.15665337,-0.19487974,-0.19231504,-0.18876278,-0.11147103,-0.14355704,-0.10344355,-0.16119215,-0.1958386,-0.17555448,-0.17013624,-0.14352807,-0.1434432,-0.10134053,-0.15443988,-0.1624609,-0.18201852,-0.19712058,-0.12184175,-0.14866357,-0.113821335,-0.07993131,-0.14425299,-0.20725825,-0.16150191,-0.125103,-0.15657571,-0.15690626,-0.14402774,-0.19202894,-0.16336864,-0.18388776,-0.2963242,-0.19808036,-0.18267009,-0.1724658,-0.19445665,-0.15845722,-0.14054683,-0.1309087,-0.12557748,-0.13904686,-0.16373089,-0.30584824,-0.16733971,-0.18310249,-0.19385093,-0.11441202,-0.15196049,-0.14108437,-0.17926228,-0.16817597,-0.1658447,-0.14331086,-0.18237996,-0.12825894,-0.1541779,-0.1383834,-0.24156228,-0.17985934,-0.10334236,-0.13536459,-0.14319949,-0.17624262,-0.110145584,-0.13519923,-0.15409547,-0.16118652,-0.1824601,-0.15599236,-0.1503247,-0.19184028,-0.1762451,-0.16575956,-0.14723541,-0.14623587,-0.11499533,-0.10471026,-0.13607141,-0.20148799,-0.17842236,-0.12513243,-0.16554937,-0.18041904,-0.18738703,-0.11705899,-0.17941873,-0.26279753,-0.09249383,-0.09227515,-0.11492485,-0.13710731,-0.14914611,-0.09838167,-0.1912684
k__Bacteria|p__Firmicutes|c__Tissierellia|o__Tissierellia_unclassified|f__Tissierellia_unclassified|g__Ezakiella|s__Ezakiella_coagulans,-0.1004395,-0.12316422,-0.14175718,-0.20428483,-0.16688275,-0.19375645,-0.1666669,-0.14531964,-0.12475935,-0.18388781,-0.18336964,-0.2313438,-0.16982481,-0.20735735,-0.10305406,-0.09952872,-0.058144663,-0.09978144,-0.10775498,-0.17083737,-0.1978925,-0.12536043,-0.13628238,-0.15236573,-0.17170636,-0.11658599,-0.1671162,-0.17404795,-0.1509206,-0.12124001,-0.13491967,-0.10564749,-0.14833394,-0.19637044,-0.1894443,-0.2175087,-0.16077158,-0.22338755,-0.19764608,-0.29867563,-0.29210672,-0.19886956,-0.10720273,-0.09162698,-0.13691942,-0.15508907,-0.23188588,-0.19384053,-0.14673093,-0.2026537,-0.18362844,-0.18279888,-0.1978642,-0.19967821,-0.20568234,-0.15821484,-0.12575988,-0.14388013,-0.091923475,-0.09560123,-0.17130288,-0.14222485,-0.13743341,-0.14702654,-0.12719077,-0.15121178,-0.2613474,-0.22333384,-0.18895352,-0.20047067,-0.14583772,-0.14925241,-0.13082518,-0.14289764,-0.15098947,-0.16416368,-0.14663401,-0.16278498,-0.15933645,-0.14998752,-0.14701323,-0.15721989,-0.1531939,-0.22480208,-0.120334074,-0.14150839,-0.118333966,-0.16100855,-0.17431694,-0.15568621,-0.16817665,-0.11139822,-0.1388583,-0.13027036,-0.12852454,-0.15152657,-0.14215854,-0.115418464,-0.10065024,-0.09036213,-0.10547784,-0.12051437,-0.13503993,-0.15027548,-0.16034508,-0.1185138,-0.11129953,-0.1578567,-0.17738779,-0.13392887,-0.16394755,-0.25953975,-0.14873418,-0.13261443,-0.14186892,-0.15095688,-0.17780018,-0.16370542,-0.22917573,-0.09015879,-0.10994017,-0.1347292,-0.12977141,-0.13997786,-0.17377308,-0.13908121,-0.16057305,-0.12777606,-0.07092635,-0.03704006,-0.13714245,-0.16211906,-0.17896527,-0.14332479,-0.12334781,-0.1355654,-0.12023825,-0.13838235,-0.25318068,-0.26654312,-0.08330649,-0.10945694,-0.14451754,-0.09238048,-0.1878264,-0.19050409,-0.15309918,-0.090156496,-0.13230102,-0.1495544,-0.15038738,-0.15909971,-0.17057927,-0.18379608,-0.08769678,-0.12384339,-0.14136302,-0.10256614,-0.17951453,-0.19495486,-0.19158861,-0.100080356,-0.13113372,-0.07995877,-0.12799889,-0.19006202,-0.19360709,-0.19197115,-0.12344426,-0.07503769,-0.097098276,-0.118612334,-0.1365951,-0.12406494,-0.121451,-0.09458178,-0.09673132,-0.10841994,-0.082459606,-0.11292973,-0.13221604,-0.16720605,-0.1410757,-0.13629058,-0.18093297,-0.17825818,-0.19460751,-0.14469296,-0.15549555,-0.13554679,-0.119081676,-0.14001076,-0.19117098,-0.191621,-0.18150915,-0.19755594,-0.25103784,-0.20219928,-0.18998379,-0.19110899,-0.18276015,-0.17404082,-0.27554205,-0.08916744,-0.11956477,-0.12769243,-0.15751183,-0.20931396,-0.18224281,-0.29657933,-0.32474133,-0.15247446,-0.3242122,-0.17325558,-0.17108874,-0.2185038,-0.17647925,-0.114121355,-0.13978189,-0.15388772,-0.15788373,-0.22984435,-0.18186735,-0.25994378,-0.10438355,-0.12455491,-0.13841708,-0.12405737,-0.15189947,-0.15506083,-0.15624875,-0.14014931,-0.15141064,-0.16312784,-0.15519166,-0.15354308,-0.15314129,-0.1340518,-0.12293579,-0.1461961,-0.19056912,-0.17733575,-0.21025829,-0.3990198,-0.20383766,-0.11349875,-0.1296617,-0.11870298,-0.14796221,-0.16636807,-0.18674116,-0.1917434,-0.131532,-0.07635922,-0.15307638,-0.13967243,-0.14106366,-0.11804117,-0.19987361,-0.1649412,-0.15849821,-0.14159721,-0.12354837,-0.12722544,-0.14610182,-0.2588673,-0.107293114,-0.13074079,-0.09132757,-0.12832497,-0.12912858,-0.14958996,-0.15179567,-0.096237615,-0.08910369,-0.12427809,-0.11042447,-0.13790259,-0.15069267,-0.17051455,-0.14291763,-0.11609495,-0.1740478,-0.15181172,-0.14241654,-0.12542385,-0.14217636,-0.17466888,-0.13176009,-0.1321345,-0.14578736,-0.122942865,-0.08722703,-0.05825615,-0.14354579,-0.17082691,-0.026243303,-0.16656071,-0.2829064,-0.31316653,-0.19890402,-0.14574444,-0.14331596,-0.14862512,-0.12963767,-0.25088155,-0.19425559,-0.18871555,-0.09445357,-0.1092603,-0.10702289,-0.09385778,-0.12759323,-0.15289289,-0.15746465,-0.16730398,-0.12812386,-0.0969081,-0.16398169,-0.14355627,-0.11335766,-0.18846886,-0.1706479,-0.15394107,-0.12559998,-0.115196005,-0.11299386,-0.11662802,-0.17612222,-0.13852003,-0.13446103,-0.096878245,-0.121183015,-0.09164744,-0.12434345,-0.13568854,-0.063823454,-0.13877153,-0.11419349,-0.13377175,-0.24483351,-0.2571875,-0.29957527,-0.14634846,-0.15682921,-0.13219383,-0.19104545,-0.0782174,-0.17254423,-0.16432561,-0.09859173,-0.11065883,-0.114339575,-0.076612435,-0.083404,-0.1213824,-0.13072303,-0.13855581,-0.19385117,-0.099046856,-0.15564787,-0.19487974,-0.19110364,-0.18707949,-0.11116043,-0.1429387,-0.102827534,-0.15933363,-0.1944983,-0.17329478,-0.169056,-0.1428431,-0.14263195,-0.101754695,-0.15333104,-0.16162032,-0.18104936,-0.19558689,-0.12120123,-0.14741895,-0.11362079,-0.079794414,-0.14311674,-0.20725825,-0.16076349,-0.125103,-0.15657571,-0.15690626,-0.14360988,-0.19202894,-0.16241926,-0.18196216,-0.2963242,-0.19847922,-0.18116406,-0.17179546,-0.1933963,-0.15763935,-0.14054683,-0.13030437,-0.12557748,-0.13821569,-0.16343883,-0.30584824,-0.16636388,-0.18117307,-0.19282474,-0.11441202,-0.15056401,-0.14061515,-0.17809957,-0.16684735,-0.1646197,-0.14331086,-0.18237996,-0.12823056,-0.15337482,-0.13766062,-0.24156228,-0.17938223,-0.103205845,-0.13507801,-0.14195561,-0.17456602,-0.11015752,-0.13441104,-0.15228686,-0.16026923,-0.18175586,-0.1542207,-0.14910093,-0.19184028,-0.17528033,-0.16411059,-0.14723541,-0.14623587,-0.11499533,-0.10471026,-0.13509475,-0.20148799,-0.17708504,-0.12513243,-0.16567832,-0.18041904,-0.18738703,-0.11705899,-0.17660105,-0.26062787,-0.09246911,-0.09215499,-0.11464773,-0.13611624,-0.14810646,-0.098415315,-0.18909526
k__Bacteria|p__Firmicutes|c__Tissierellia|o__Tissierellales|f__Peptoniphilaceae|g__Peptoniphilus|s__Peptoniphilus_lacrimalis,-0.1004395,-0.12316422,-0.1423608,-0.20428483,-0.16699176,-0.1936727,-0.1666669,-0.14486912,-0.12541214,-0.18381971,-0.18335958,-0.22343898,-0.17066476,-0.20384622,-0.10295241,-0.099177614,-0.058144663,-0.09944719,-0.10792879,-0.17104787,-0.1978925,-0.12536043,-0.13642363,-0.15203315,-0.17152283,-0.11658599,-0.16770574,-0.17359214,-0.1509206,-0.12124001,-0.13501963,-0.10600521,-0.14845882,-0.1959343,-0.18907768,-0.2175087,-0.16107407,-0.22338755,-0.19696209,-0.29867563,-0.29210672,-0.19803101,-0.10708822,-0.09162698,-0.13691942,-0.15531704,-0.23188588,-0.19411477,-0.14658019,-0.2026537,-0.1838867,-0.18279888,-0.19712761,-0.19854194,-0.2026524,-0.15783538,-0.12568435,-0.14373074,-0.09207961,-0.09576401,-0.17131984,-0.14215018,-0.13743341,-0.14687777,-0.12719077,-0.15177321,-0.2613474,-0.22333384,-0.18878546,-0.20047067,-0.14549604,-0.14919364,-0.13078555,-0.14288889,-0.1504943,-0.16365516,-0.14628145,-0.16278498,-0.15958025,-0.14998752,-0.14721832,-0.15729225,-0.15336852,-0.22480208,-0.120334074,-0.14158094,-0.11855874,-0.1608825,-0.17387219,-0.15579617,-0.16800153,-0.11139822,-0.1388583,-0.13027036,-0.12867789,-0.15152657,-0.14273638,-0.11538373,-0.10065024,-0.09066215,-0.10558183,-0.12055299,-0.13509572,-0.15027548,-0.16013037,-0.1185138,-0.11129953,-0.1578567,-0.17738779,-0.13338114,-0.16424231,-0.25953975,-0.14878443,-0.13287199,-0.14173523,-0.15095688,-0.17780018,-0.16411212,-0.22917573,-0.09015879,-0.1103038,-0.13471508,-0.12968357,-0.13997786,-0.17386276,-0.13908121,-0.16057305,-0.12777606,-0.07092635,-0.03704006,-0.13745141,-0.16213644,-0.17865086,-0.14332479,-0.12334781,-0.13585013,-0.12023825,-0.13820836,-0.25318068,-0.26654312,-0.08354152,-0.10945694,-0.14415425,-0.09238048,-0.18815835,-0.19027948,-0.15323517,-0.09041071,-0.13230102,-0.1497099,-0.15046018,-0.15905851,-0.17069001,-0.18333644,-0.088097915,-0.123663515,-0.14067659,-0.10256614,-0.17951453,-0.19495486,-0.19088256,-0.10007185,-0.13113372,-0.079596065,-0.1281702,-0.19006202,-0.19335346,-0.19154619,-0.122965984,-0.07548636,-0.097160235,-0.11866444,-0.13657483,-0.12406494,-0.121451,-0.09446435,-0.096738055,-0.10847741,-0.082459606,-0.11299126,-0.13238099,-0.16682127,-0.1410757,-0.13665277,-0.18093297,-0.17825818,-0.19436997,-0.14482209,-0.15549555,-0.13528475,-0.119081676,-0.14001076,-0.19117098,-0.19129285,-0.1815731,-0.19755594,-0.25103784,-0.20219928,-0.19050577,-0.19139196,-0.18282785,-0.1743139,-0.27554205,-0.08916744,-0.11956477,-0.12820676,-0.15751183,-0.20931396,-0.18224281,-0.29657933,-0.32474133,-0.15456635,-0.3242122,-0.17325558,-0.17108874,-0.2185038,-0.17647925,-0.114121355,-0.14022096,-0.15388772,-0.15788373,-0.22984435,-0.18186735,-0.256473,-0.10440929,-0.12455491,-0.13859366,-0.12427418,-0.15189947,-0.15492052,-0.155771,-0.14014931,-0.15141064,-0.16278069,-0.15534346,-0.15339127,-0.1530269,-0.13401511,-0.12309128,-0.1466834,-0.19012603,-0.17702079,-0.21025829,-0.3990198,-0.20480847,-0.113444,-0.1296617,-0.11850588,-0.1480508,-0.16636807,-0.18633032,-0.19162431,-0.13155288,-0.077037066,-0.15294851,-0.13985436,-0.14106366,-0.11786917,-0.19987361,-0.1649412,-0.15881787,-0.14153898,-0.12361218,-0.12722544,-0.14610182,-0.2588673,-0.107332215,-0.13074079,-0.09132757,-0.12832497,-0.12915097,-0.14984336,-0.1514988,-0.09620136,-0.08910369,-0.124292165,-0.11068919,-0.13805917,-0.15089518,-0.17019406,-0.1428004,-0.11660552,-0.17386222,-0.15193574,-0.14233054,-0.12557217,-0.14187495,-0.17466888,-0.13176009,-0.132318,-0.14566463,-0.12279658,-0.08722703,-0.05825615,-0.14330876,-0.17082691,-0.026243303,-0.16676304,-0.2829064,-0.31316653,-0.1990708,-0.14565267,-0.14331596,-0.14862512,-0.12963767,-0.25088155,-0.19390754,-0.18829408,-0.094639316,-0.10928889,-0.10702289,-0.09363784,-0.12759323,-0.15315458,-0.15746465,-0.16706806,-0.12812386,-0.0969081,-0.16398169,-0.14338951,-0.11335766,-0.18846886,-0.1706479,-0.1539174,-0.1256727,-0.115196005,-0.11291115,-0.11662802,-0.17585017,-0.13837123,-0.1341841,-0.096878245,-0.1211644,-0.09180571,-0.12434345,-0.13570589,-0.063823454,-0.13877153,-0.11419349,-0.13382551,-0.24483351,-0.2571875,-0.29957527,-0.14614925,-0.15676883,-0.13235265,-0.19104545,-0.0782174,-0.17226535,-0.16408598,-0.09859173,-0.11065883,-0.114339285,-0.076612435,-0.083404,-0.1213824,-0.13072303,-0.13855581,-0.19385117,-0.09900142,-0.15567875,-0.19487974,-0.19131213,-0.18687904,-0.11126034,-0.14307685,-0.10308494,-0.15891577,-0.1944717,-0.17240933,-0.1690116,-0.1427916,-0.14246137,-0.10208383,-0.1533069,-0.1617841,-0.18112469,-0.19517228,-0.12122838,-0.1470974,-0.11375517,-0.08031971,-0.14318192,-0.20725825,-0.16058019,-0.125103,-0.15657571,-0.15690626,-0.14387462,-0.19202894,-0.1626251,-0.1816871,-0.2963242,-0.19904035,-0.18157881,-0.17217882,-0.19334446,-0.15763518,-0.14054683,-0.1302991,-0.12557748,-0.13817498,-0.16336907,3.311798,-0.16688544,-0.18076031,-0.19301467,-0.11441202,-0.15051521,-0.14089379,-0.17812563,-0.16688566,-0.16444226,-0.14331086,-0.18237996,-0.12848993,-0.15339148,-0.13751698,-0.24156228,-0.17973438,-0.10326749,-0.13551217,-0.14193678,-0.17412962,-0.110534504,-0.13471416,-0.1519404,-0.15973414,-0.18220948,-0.15396373,-0.14917457,0.71677214,-0.17544314,-0.163747,-0.14723541,-0.14623587,-0.11499533,-0.10471026,-0.13533527,-0.20148799,-0.17671427,-0.12513243,-0.16624819,-0.18041904,-0.18738703,-0.11705899,-0.17572236,-0.25956935,-0.09258912,-0.09233335,-0.114934385,-0.1360774,-0.14792706,-0.09876029,-0.18885711
k__Bacteria|p__Firmicutes|c__Clostridia|o__Eubacteriales|f__Lachnospiraceae|g__Mediterraneibacter|s__Ruminococcus_lactaris,-0.1004395,-0.12316422,-0.14055079,-0.20428483,-0.16612618,-0.19342493,-0.1666669,-0.14559588,-0.124723874,-0.18468885,-0.18219073,-0.22072452,-0.16951746,-0.20320646,-0.103051126,-0.098897345,-0.058144663,-0.10018779,-0.10718858,-0.17104039,-0.1978925,-0.12536043,-0.13662383,-0.15309724,-0.17149831,-0.11658599,-0.16747499,-0.17506644,-0.1509206,-0.12124001,-0.1353355,-0.104907036,-0.14824048,-0.19537185,-0.18959148,-0.2175087,-0.15999582,-0.22338755,-0.19638997,-0.29867563,-0.29210672,-0.1979334,-0.10747936,-0.09162698,-0.13691942,-0.15464798,-0.23188588,-0.1931432,-0.14694166,-0.2026537,-0.18332502,-0.18279888,-0.19629511,-0.1969021,-0.20195158,-0.15994799,-0.12583597,-0.14405921,-0.0925907,-0.09549961,-0.17166743,-0.14295286,-0.13743341,-0.14709789,-0.12719077,-0.15130691,-0.2613474,-0.22333384,-0.18864113,-0.20047067,-0.14632756,-0.14953357,-0.13053396,-0.14263214,-0.15198189,-0.16504905,-0.1478328,-0.16278498,-0.15875223,-0.14998752,-0.1473571,-0.15665545,-0.15347797,-0.22480208,-0.120334074,-0.14158887,-0.118080266,-0.16179153,-0.17470483,-0.15499325,-0.16870028,-0.11139822,-0.1388583,-0.13027036,-0.12911582,-0.15152657,-0.14278471,-0.11613278,-0.10065024,-0.090193376,-0.10567036,-0.12071529,-0.13508987,-0.15027548,-0.16108462,-0.1185138,-0.11129953,-0.1578567,-0.17738779,-0.13413651,-0.16294748,-0.25953975,-0.14874656,-0.13212952,-0.14119329,-0.15095688,-0.17780018,-0.16269363,-0.22917573,-0.09015879,-0.11002296,-0.1347068,-0.12970296,-0.13997786,-0.17330325,-0.13908121,-0.16057305,-0.12777606,-0.07092635,-0.03704006,-0.1366981,-0.16244033,-0.17944308,-0.14332479,-0.12334781,-0.1357944,-0.12023825,-0.13838992,-0.25318068,-0.26654312,-0.08341818,-0.10945694,-0.1453012,-0.09238048,-0.18760662,-0.189721,-0.15244016,-0.0901105,-0.13230102,-0.14950922,-0.15019816,-0.15907535,-0.17052239,-0.18497407,-0.087223455,-0.12414018,-0.14139546,-0.10256614,-0.17951453,-0.19495486,-0.19185457,-0.100213096,-0.13113372,-0.079100475,-0.12779547,-0.19006202,-0.19320048,-0.19160523,-0.124331445,-0.075028725,-0.09712694,-0.1182032,-0.1366204,-0.12406494,-0.121451,-0.09439656,-0.0964009,-0.10850824,-0.082459606,-0.11291647,-0.13256247,-0.16803485,-0.1410757,-0.13601308,-0.18093297,-0.17825818,-0.19348176,-0.14449498,-0.15549555,-0.13586149,-0.119081676,-0.14001076,-0.19117098,-0.19031462,-0.180875,-0.19755594,-0.25103784,-0.20219928,-0.18961897,-0.19022596,-0.18235838,-0.17287377,-0.27554205,-0.08916744,-0.11956477,-0.12739076,-0.15751183,-0.20931396,-0.18224281,5.585078,-0.32474133,-0.14917098,-0.3242122,-0.17325558,-0.17108874,-0.2185038,-0.17647925,-0.114121355,-0.13931565,-0.15388772,-0.15788373,-0.22984435,-0.18186735,-0.25305855,-0.104223445,-0.12455491,-0.13863547,-0.12437828,-0.15189947,-0.15562057,-0.15737614,-0.14014931,-0.15141064,-0.16404253,-0.15506266,-0.15386894,-0.15276119,-0.13387366,-0.12310345,-0.14637664,-0.19096383,-0.17690767,-0.21025829,-0.3990198,-0.20065925,-0.11359209,-0.1296617,-0.1188364,-0.14812696,-0.16636807,-0.1875676,-0.19168779,-0.13138524,-0.07637507,-0.15370831,-0.13962018,-0.14106366,-0.11903444,-0.19987361,-0.1649412,-0.15800835,-0.14101636,-0.12343225,-0.12722544,-0.14610182,-0.2588673,-0.10707247,-0.13074079,-0.09132757,-0.12832497,-0.12969992,-0.14959113,-0.15279932,-0.09643167,-0.08910369,-0.124460936,-0.11019033,-0.13775787,-0.15069431,-0.17090884,-0.14312318,-0.11626491,-0.1741193,-0.15186313,-0.14264217,-0.12472557,-0.14338806,-0.17466888,-0.13176009,-0.1323607,-0.145936,-0.12310445,-0.08722703,-0.05825615,-0.14367256,-0.17082691,-0.026243303,-0.16565378,-0.2829064,-0.31316653,-0.19727871,-0.14591078,-0.14331596,-0.14862512,-0.12963767,-0.25088155,-0.19339268,-0.18910132,-0.094491825,-0.10962212,-0.10702289,-0.09443447,-0.12759323,-0.15293786,-0.15746465,-0.16740459,-0.12812386,-0.0969081,-0.16398169,-0.14457357,-0.11335766,-0.18846886,-0.1706479,-0.1537455,-0.1259149,-0.115196005,-0.11312595,-0.11662802,-0.1769748,-0.13879293,-0.13472918,-0.096878245,-0.12093942,-0.09196975,-0.12434345,-0.13658765,-0.063823454,-0.13877153,-0.11419349,-0.13352667,-0.24483351,-0.2571875,-0.29957527,-0.1462648,-0.15683694,-0.1321525,-0.19104545,-0.0782174,-0.17238022,-0.16465262,-0.09859173,-0.11065883,-0.115429595,-0.076612435,-0.083404,-0.1213824,-0.13072303,-0.13855581,-0.19385117,-0.09882116,-0.15562099,-0.19487974,-0.1906959,-0.18693238,-0.11135831,-0.14273696,-0.10350882,-0.16044185,-0.1938474,-0.17419004,-0.16872695,-0.14282472,-0.14264464,-0.100831926,-0.15327589,-0.1615884,-0.18053311,-0.19475496,-0.121457756,-0.14797655,-0.113990486,-0.08010133,-0.14266042,2.433306,-0.16096449,-0.125103,-0.15657571,-0.15690626,-0.14330386,-0.19202894,-0.16241884,-0.18279321,-0.2963242,-0.19402221,-0.18014117,-0.17072445,-0.19183107,-0.15686065,-0.14054683,-0.13029127,-0.12557748,-0.13823637,-0.16218048,-0.30584824,-0.16589423,-0.18146393,-0.19245513,-0.11441202,-0.15084596,-0.14033212,-0.17794614,-0.16687149,-0.16513416,-0.14331086,-0.18237996,-0.12780824,-0.15302032,-0.13657272,-0.24156228,-0.17865822,-0.10320294,-0.13469952,-0.1423955,-0.17499906,-0.10996342,-0.13428639,-0.15347414,-0.16050172,-0.1810688,-0.1548765,-0.14915878,-0.19184028,-0.17488453,-0.16532172,-0.14723541,-0.14623587,-0.11499533,-0.10471026,-0.13495961,-0.20148799,-0.17762855,-0.12513243,-0.16498397,-0.18041904,-0.18738703,-0.11705899,-0.17851502,-0.25779176,-0.0924041,-0.09230018,-0.11434503,-0.1362251,-0.14797938,-0.09797314,-0.18950754
k__Bacteria|p__Firmicutes|c__Clostridia|o__Eubacteriales|f__Clostridiaceae|g__Clostridium|s__Clostridium_moniliforme,-0.1004395,-0.12316422,-0.14104521,-0.20428483,-0.16579211,-0.19140144,-0.1666669,-0.14417785,-0.12469348,-0.18144181,-0.18162589,-0.22367734,-0.16764905,-0.2031931,-0.10361829,-0.10006726,-0.058144663,-0.100015916,-0.10801482,-0.16918547,-0.1978925,-0.12536043,-0.13569184,-0.15114844,-0.16996452,-0.11658599,-0.1660036,-0.17223012,-0.1509206,-0.12124001,-0.13453764,-0.10618556,-0.14737228,-0.19367741,-0.18700773,-0.2175087,-0.15998891,-0.22338755,-0.1950885,-0.29867563,-0.29210672,-0.19568375,-0.10754585,-0.09162698,-0.13691942,-0.15401423,-0.23188588,-0.19172947,-0.14568186,4.485163,-0.18224859,-0.18279888,-0.19510782,-0.19622388,-0.20055911,-0.1559741,-0.12544346,-0.14301142,-0.09279918,-0.09618375,-0.16965257,-0.14151928,-0.13743341,-0.14609317,-0.12719077,-0.15020877,-0.2613474,-0.22333384,-0.1868451,-0.20047067,-0.14480227,-0.1483125,-0.13032249,-0.14191332,-0.14945978,-0.16260967,-0.14550495,-0.16278498,-0.15855116,-0.14998752,-0.14620766,-0.15600845,-0.15210491,-0.22480208,-0.120334074,-0.14072433,-0.1182611,-0.15957081,-0.17232917,-0.15462723,-0.16640273,-0.11139822,-0.1388583,-0.13027036,-0.12806931,-0.15152657,-0.14169183,-0.11543674,-0.10065024,-0.09122969,-0.10571173,-0.12035668,-0.13441628,-0.15027548,-0.15903302,-0.1185138,-0.11129953,-0.1578567,-0.17738779,-0.13309523,-0.16242278,-0.25953975,-0.1478166,-0.13226801,-0.14085898,-0.15095688,-0.17780018,-0.16249833,-0.22917573,-0.09015879,-0.11022043,-0.13418317,-0.12925556,-0.13997786,-0.17218553,-0.13908121,-0.16057305,-0.12777606,-0.07092635,-0.03704006,-0.13649619,-0.16066104,-0.17704266,-0.14332479,-0.12334781,-0.13517605,-0.12023825,-0.13742362,-0.25318068,-0.26654312,-0.0844504,-0.10945694,-0.14342882,-0.09238048,-0.18565375,-0.18825296,-0.15200251,-0.0910609,-0.13230102,-0.14856249,-0.14938638,-0.15777849,-0.16903639,-0.18156251,-0.08883098,-0.12358273,-0.14062305,-0.10256614,-0.17951453,-0.19495486,-0.18900459,-0.10042846,-0.13113372,-0.08050317,-0.12717143,-0.19006202,-0.19127847,-0.18952921,-0.123121314,-0.0767546,-0.09770601,-0.11841214,-0.13587424,-0.12406494,-0.121451,-0.09520508,-0.09724898,-0.10869178,-0.082459606,-0.11283754,-0.13165917,-0.16553167,-0.1410757,-0.13582522,-0.18093297,-0.17825818,-0.19216537,-0.1438402,-0.15549555,-0.13480145,-0.119081676,-0.14001076,-0.19117098,-0.1894136,-0.17978735,-0.19755594,-0.25103784,-0.20219928,-0.18808645,-0.18911609,-0.18064618,-0.1723304,-0.27554205,-0.08916744,-0.11956477,-0.12743334,-0.15751183,-0.20931396,-0.18224281,-0.29657933,-0.32474133,-0.15191054,-0.3242122,-0.17325558,-0.17108874,-0.2185038,-0.17647925,-0.114121355,-0.13934124,-0.15388772,-0.15788373,-0.22984435,-0.18186735,-0.25321355,-0.10473259,-0.12455491,-0.13776836,-0.123776525,-0.15189947,-0.15383345,-0.15491852,-0.14014931,-0.15141064,-0.16159849,-0.1542387,-0.15243083,-0.15204534,-0.13345337,-0.1227382,-0.1454167,-0.18799764,-0.17543937,-0.21025829,-0.3990198,-0.19998436,-0.11346574,-0.1296617,-0.118342444,-0.14678508,-0.16636807,-0.18442142,-0.189506,-0.1311565,-0.077877365,-0.15175383,-0.13904683,-0.14106366,-0.11777933,-0.19987361,-0.1649412,-0.15767086,-0.14084427,-0.123298205,-0.12722544,-0.14610182,-0.2588673,-0.10749778,-0.13074079,-0.09132757,-0.12832497,-0.12857327,-0.14875415,-0.15068975,-0.096871346,-0.08910369,-0.123945355,-0.11065961,-0.13718286,-0.14973311,-0.16873391,-0.14207387,-0.11628696,-0.17218363,-0.15079358,-0.14150952,-0.12523319,-0.14088339,-0.17466888,-0.13176009,-0.1316943,-0.14485347,-0.12275846,-0.08722703,-0.05825615,-0.14260693,-0.17082691,-0.026243303,-0.16544089,-0.2829064,-0.31316653,-0.19596559,-0.14480561,-0.14331596,-0.14862512,-0.12963767,-0.25088155,-0.19189428,-0.18641478,-0.09516725,-0.109473094,-0.10702289,-0.09415361,-0.12759323,-0.1517702,-0.15746465,-0.16574895,-0.12812386,-0.0969081,-0.16398169,-0.14266577,-0.11335766,-0.18846886,-0.1706479,-0.152958,-0.12551966,-0.115196005,-0.11288412,-0.11662802,-0.17422678,-0.13781041,-0.13387562,-0.096878245,-0.12098194,-0.0923133,-0.12434345,-0.13514811,-0.063823454,-0.13877153,-0.11419349,-0.13316333,-0.24483351,-0.2571875,-0.29957527,-0.14532697,-0.15560319,-0.13161379,-0.19104545,-0.0782174,-0.17074183,-0.16283035,-0.09859173,-0.11065883,-0.11450285,-0.076612435,-0.083404,2.1249206,2.6180806,-0.13855581,-0.19385117,-0.09963688,-0.15433888,-0.19487974,-0.1890696,-0.1848945,-0.11130584,-0.14234889,-0.103279516,-0.15776047,-0.1920026,-0.17086886,-0.16738643,-0.1420568,-0.14182346,-0.10227996,-0.15202066,-0.16033354,-0.17916423,-0.19286345,-0.12096695,-0.14630915,-0.113772355,-0.080960676,-0.14197832,0.7405344,-0.15965375,-0.125103,-0.15657571,-0.15690626,-0.1429475,-0.19202894,-0.16126394,-0.17996192,-0.2963242,-0.1965589,-0.17913064,-0.17018655,-0.19095616,-0.15629011,-0.14054683,-0.12988874,-0.12557748,-0.13759157,-0.1619278,-0.30584824,-0.16549215,-0.17914474,-0.19075486,-0.11441202,-0.14928588,-0.1399006,-0.17624067,-0.16543512,-0.16311893,-0.14331086,-0.18237996,-0.1280238,-0.15221086,-0.13662763,-0.24156228,-0.1779838,-0.1035711,-0.13477622,-0.14109953,-0.17265183,-0.11051202,-0.13392985,-0.15086624,-0.15874135,-0.18027464,-0.15284997,-0.1480617,-0.19184028,-0.17379981,-0.1626494,-0.14723541,-0.14623587,-0.11499533,-0.10471026,-0.1342428,-0.20148799,-0.17531604,-0.12513243,-0.1648357,-0.18041904,-0.18738703,-0.11705899,-0.17429124,-0.25576055,-0.09328609,-0.09292281,-0.114796124,-0.13532089,-0.14702141,-0.09895821,-0.18669802
k__Bacteria|p__Firmicutes|c__Clostridia|o__Eubacteriales|f__Lachnospiraceae|g__Bariatricus|s__Bariatricus_massiliensis,-0.1004395,-0.12316422,-0.1420885,-0.20428483,-0.16550064,-0.19339325,-0.1666669,-0.14456838,-0.12453625,-0.18283972,-0.18251383,-0.23919794,-0.16937084,-0.208955,-0.10343814,-0.10022122,-0.058144663,-0.09981343,-0.10772526,-0.17039052,-0.1978925,-0.12536043,-0.13574219,-0.15161818,-0.17145678,-0.11658599,-0.16592012,-0.17296955,-0.1509206,-0.12124001,-0.13421822,-0.10633427,-0.1478263,-0.19691084,-0.1892175,-0.2175087,-0.15942773,-0.22338755,-0.19731101,-0.29867563,-0.29210672,-0.20005645,-0.10735446,-0.09162698,-0.13691942,-0.15427136,-0.23188588,-0.19306074,-0.14629203,-0.2026537,-0.18096164,-0.18279888,-0.19837484,-0.20161049,-0.20997036,-0.1577282,-0.12575343,-0.14374152,-0.09198353,-0.09613274,-0.1706197,-0.14184809,-0.13743341,-0.14650407,-0.12719077,-0.15065357,-0.2613474,-0.22333384,-0.18785432,-0.20047067,-0.14550301,-0.14870656,-0.13113315,-0.14310804,-0.151097,-0.16347045,-0.14589755,-0.16278498,-0.15803725,-0.14998752,-0.14633687,-0.15672769,-0.15280199,-0.22480208,-0.120334074,-0.14110258,-0.11833201,-0.16046174,-0.1735101,-0.1551001,-0.16725224,-0.11139822,-0.1388583,-0.13027036,-0.12843803,-0.15152657,-0.14115007,-0.11503099,-0.10065024,-0.09089872,-0.10595739,-0.12088761,-0.13494432,-0.15027548,-0.1594511,-0.1185138,-0.11129953,-0.1578567,-0.17738779,-0.13423675,-0.164128,-0.25953975,-0.14798254,-0.13238353,-0.1420415,-0.15095688,-0.17780018,-0.16310346,-0.22917573,-0.09015879,-0.10933927,-0.13444275,-0.12992723,-0.13997786,-0.17294806,-0.13908121,-0.16057305,-0.12777606,-0.07092635,-0.03704006,-0.13687529,-0.16167349,-0.17784905,-0.14332479,-0.12334781,-0.1349452,-0.12023825,-0.13844769,-0.25318068,-0.26654312,-0.08364597,-0.10945694,-0.14452177,-0.09238048,-0.18680167,-0.18994755,-0.15243946,-0.09042548,-0.13230102,-0.14891653,-0.1499606,-0.15867071,-0.17010362,-0.18339792,-0.08818247,-0.12383495,-0.14078933,-0.10256614,-0.17951453,-0.19495486,-0.19131972,-0.10032141,-0.13113372,-0.08207828,-0.12867907,-0.19006202,-0.19321494,-0.19130254,-0.12280741,-0.075531095,-0.09771402,-0.11905418,-0.13638824,-0.12406494,-0.121451,-0.09499182,-0.09719659,-0.10869455,-0.082459606,-0.113487214,-0.13220683,-0.16638345,-0.1410757,-0.13567293,-0.18093297,-0.17825818,-0.19458173,-0.14487639,-0.15549555,-0.13553122,-0.119081676,-0.14001076,-0.19117098,-0.19106431,-0.18065073,-0.19755594,-0.25103784,-0.20219928,-0.18839428,-0.19025692,-0.18215424,-0.17371029,-0.27554205,-0.08916744,-0.11956477,-0.1271283,-0.15751183,-0.20931396,-0.18224281,-0.29657933,-0.32474133,-0.15034938,-0.3242122,-0.17325558,-0.17108874,-0.2185038,-0.17647925,-0.114121355,-0.139197,-0.15388772,-0.15788373,-0.22984435,-0.18186735,-0.2651829,-0.10461439,-0.12455491,-0.13797702,-0.12407394,-0.15189947,-0.15467554,-0.15550226,-0.14014931,-0.15141064,-0.16254635,-0.15436006,-0.15295434,-0.15274043,-0.13400567,-0.122659534,-0.14558661,-0.1898053,-0.17653242,1.3077921,1.422947,-0.20737335,-0.1134371,-0.1296617,-0.11934407,-0.14764787,-0.16636807,-0.185741,-0.19102329,-0.13067399,-0.07752007,-0.15318486,-0.13932016,-0.14106366,-0.117030054,-0.19987361,-0.1649412,-0.15712765,-0.14157449,-0.12359831,-0.12722544,-0.14610182,-0.2588673,-0.10736303,-0.13074079,-0.09132757,-0.12832497,-0.12891752,-0.14878532,-0.15097243,-0.09645069,-0.08910369,-0.12445459,-0.11071215,-0.13759114,-0.15022838,-0.17012626,-0.14244053,-0.11563217,-0.17315558,-0.15120344,-0.14193997,-0.12563974,-0.14128904,-0.17466888,-0.13176009,-0.13212559,-0.14548504,-0.123013124,-0.08722703,-0.05825615,-0.14299397,-0.17082691,-0.026243303,-0.16540676,-0.2829064,-0.31316653,-0.20060888,-0.14523077,-0.14331596,-0.14862512,-0.12963767,-0.25088155,-0.19403014,-0.18808421,-0.09472412,-0.1094581,-0.10702289,-0.095501676,-0.12759323,-0.15222573,-0.15746465,-0.16654837,-0.12812386,-0.0969081,-0.16398169,-0.14316618,-0.11335766,-0.18846886,-0.1706479,-0.15311797,-0.12556022,-0.115196005,-0.1135193,-0.11662802,-0.17522368,-0.1382764,-0.13453314,-0.096878245,-0.1216886,-0.092100054,-0.12434345,-0.13449809,-0.063823454,-0.13877153,-0.11419349,-0.13364768,-0.24483351,-0.2571875,-0.29957527,-0.1460394,-0.15643875,-0.13270888,-0.19104545,-0.0782174,-0.17249312,-0.16365962,-0.09859173,-0.11065883,-0.11352916,-0.076612435,-0.083404,-0.1213824,-0.13072303,-0.13855581,-0.19385117,-0.09979431,-0.15521169,-0.19487974,-0.19027895,-0.18674363,-0.11109856,-0.14217193,-0.10324256,-0.15901372,-0.19448014,-0.17323285,-0.1684188,-0.1424044,-0.14244565,-0.10207306,-0.15298755,-0.16084583,-0.18015645,-0.19533041,-0.121236935,-0.14693974,-0.11309376,-0.080452316,-0.14373845,-0.20725825,-0.15960836,-0.125103,-0.15657571,-0.15690626,-0.1430586,-0.19202894,-0.16169916,-0.18113893,-0.2963242,-0.19925766,-0.18128875,-0.17112267,-0.1931293,-0.1573982,-0.14054683,-0.13021836,-0.12557748,-0.13801342,-0.16279364,-0.30584824,-0.16556674,-0.18090203,-0.19183156,-0.11441202,-0.15030625,-0.14013551,-0.177209,-0.16642877,-0.16383775,-0.14331086,-0.18237996,-0.12797216,-0.15289807,-0.13867593,-0.24156228,-0.17792702,-0.103360035,-0.13447043,-0.14195657,-0.17405537,-0.10999174,-0.13433212,-0.15171507,-0.15938607,-0.18071015,-0.15427053,-0.14928487,-0.19184028,-0.17451534,-0.16310957,-0.14723541,-0.14623587,-0.11499533,-0.10471026,-0.13539091,-0.20148799,-0.17593981,-0.12513243,-0.16374996,-0.18041904,-0.18738703,-0.11705899,-0.17620642,-0.26247627,-0.09287784,-0.092463054,-0.114850715,-0.13625215,-0.14807136,-0.09894803,-0.18850183
k__Bacteria|p__Firmicutes|c__Bacilli|o__Lactobacillales|f__Streptococcaceae|g__Streptococcus|s__Streptococcus_oralis,-0.1004395,-0.12316422,-0.14176789,-0.20428483,-0.16681807,-0.1934218,-0.1666669,-0.14502615,-0.12511477,-0.18303072,-0.18299922,-0.22613691,-0.16917062,-0.2041496,-0.10358203,-0.09966038,-0.058144663,-0.099974506,-0.10811731,-0.17079152,-0.1978925,-0.12536043,-0.1364708,-0.15243423,-0.17148815,-0.11658599,-0.16724133,-0.17377852,-0.1509206,-0.12124001,-0.13520622,-0.106090635,-0.14840767,-0.19545345,-0.18902771,-0.2175087,-0.16090538,-0.22338755,-0.19684695,-0.29867563,-0.29210672,-0.19805983,-0.10750194,-0.09162698,-0.13691942,-0.1549289,-0.23188588,-0.1934641,-0.14669043,-0.2026537,-0.18321879,-0.18279888,-0.1969899,-0.19870967,-0.2037085,-0.15729132,-0.12600005,-0.14392702,-0.09274533,-0.09611298,-0.17114784,-0.1426293,-0.13743341,-0.14703707,-0.12719077,-0.1511611,-0.2613474,-0.22333384,-0.18852238,-0.20047067,-0.14581484,-0.14930488,-0.13103697,-0.14289993,-0.15090322,-0.1639953,-0.14674348,-0.16278498,-0.15925494,-0.14998752,-0.1472691,-0.15708959,-0.15334535,-0.22480208,-0.120334074,-0.14160581,-0.118622534,-0.1609041,-0.17391732,-0.15577945,-0.16802704,-0.11139822,-0.1388583,-0.13027036,-0.12881595,-0.15152657,-0.14260224,-0.11569238,-0.10065024,-0.09088056,-0.105794266,-0.120752916,-0.13517061,-0.15027548,-0.16029987,-0.1185138,-0.11129953,-0.1578567,-0.17738779,-0.13397726,-0.16408113,1.0459697,-0.14868994,-0.132826,-0.14179508,-0.15095688,-0.17780018,-0.16357754,-0.22917573,-0.09015879,-0.110348865,-0.13490513,-0.12991352,-0.13997786,-0.1735793,-0.13908121,-0.16057305,-0.12777606,-0.07092635,-0.03704006,-0.13708952,-0.1621423,-0.1786747,-0.14332479,-0.12334781,-0.13574177,-0.12023825,-0.13850665,-0.25318068,-0.26654312,-0.08403924,-0.10945694,-0.14463735,-0.09238048,-0.18739757,-0.19002298,-0.15295549,-0.09077475,-0.13230102,-0.14955953,-0.15035127,-0.15896143,-0.17048848,-0.18365918,-0.08846368,-0.12398415,-0.14124766,-0.10256614,-0.17951453,-0.19495486,-0.19104055,-0.1005211,-0.13113372,-0.08041315,-0.12805304,-0.19006202,-0.1931274,-0.19146691,-0.12366414,-0.07599835,-0.09755954,-0.11875047,-0.13663787,-0.12406494,-0.121451,-0.09501988,-0.09702976,-0.10880856,-0.082459606,-0.11308285,-0.132397,-0.16691849,-0.1410757,-0.1364342,-0.18093297,-0.17825818,-0.1940394,-0.14488474,-0.15549555,-0.1356726,-0.119081676,-0.14001076,-0.19117098,-0.19092198,-0.18127954,-0.19755594,-0.25103784,-0.20219928,-0.18984435,-0.19080749,-0.18229349,-0.17379017,-0.27554205,-0.08916744,-0.11956477,-0.12795964,-0.15751183,-0.20931396,-0.18224281,-0.29657933,-0.32474133,-0.15277569,-0.3242122,-0.17325558,-0.17108874,-0.2185038,-0.17647925,-0.114121355,-0.13995254,-0.15388772,-0.15788373,-0.22984435,-0.18186735,-0.2558486,-0.104807705,-0.12455491,-0.13854232,-0.12437396,-0.15189947,-0.15511732,-0.15619825,-0.14014931,-0.15141064,-0.16309516,-0.15528846,-0.15358786,-0.15317528,-0.13406122,-0.12327377,-0.14627205,-0.19000381,-0.17695595,-0.21025829,-0.3990198,-0.20222872,-0.11366803,-0.1296617,-0.118708685,-0.147995,-0.16636807,-0.1862708,-0.19136606,-0.131763,-0.07738328,-0.15313159,-0.13988513,-0.14106366,-0.118262455,-0.19987361,-0.1649412,-0.15856816,-0.14177741,-0.12380185,-0.12722544,-0.14610182,-0.2588673,-0.10764108,-0.13074079,-0.09132757,-0.12832497,-0.12935181,-0.14982107,-0.15180771,-0.09671667,-0.08910369,-0.12454943,-0.11087065,-0.13796258,-0.15083306,-0.17032757,-0.14303666,-0.11663034,-0.17366457,-0.15188782,-0.14244899,-0.1257118,-0.14194432,-0.17466888,-0.13176009,-0.1325031,-0.14580116,-0.12322874,-0.08722703,-0.05825615,-0.14355527,-0.17082691,-0.026243303,-0.16631398,-0.2829064,-0.31316653,-0.19825733,-0.14575675,-0.14331596,-0.14862512,-0.12963767,-0.25088155,-0.19366235,-0.18841714,-0.095206514,-0.10958047,-0.10702289,-0.09441221,-0.12759323,-0.15292288,-0.15746465,-0.16689113,-0.12812386,-0.0969081,-0.16398169,-0.1437336,-0.11335766,-0.18846886,-0.1706479,-0.15399143,-0.12608942,-0.115196005,-0.113324404,-0.11662802,-0.17572004,-0.13863525,-0.13457704,-0.096878245,-0.12134341,-0.09217276,-0.12434345,-0.13586664,-0.063823454,-0.13877153,-0.11419349,-0.13397726,-0.24483351,-0.2571875,-0.29957527,-0.14627624,-0.15675366,-0.13251092,-0.19104545,-0.0782174,-0.17232847,-0.16418535,-0.09859173,-0.11065883,-0.11483673,-0.076612435,-0.083404,-0.1213824,-0.13072303,-0.13855581,-0.19385117,-0.099743605,-0.15565938,-0.19487974,-0.19084266,-0.18677837,-0.111567825,-0.14303914,-0.10341643,-0.15917158,-0.19384427,-0.17274508,-0.16893438,-0.14289965,-0.14260052,-0.10223712,-0.15324795,-0.1613795,-0.18070757,-0.19471435,-0.12149619,-0.14726695,-0.11391412,-0.08053479,-0.14331912,-0.20725825,-0.16078597,-0.125103,-0.15657571,-0.15690626,-0.14362285,-0.19202894,-0.16261521,-0.18188679,-0.2963242,-0.19781819,-0.18089248,-0.17130436,-0.19273888,-0.15748237,-0.14054683,-0.13056037,-0.12557748,-0.13847816,-0.16336511,-0.30584824,-0.16691105,-0.18101075,-0.1923311,-0.11441202,-0.15062436,-0.14057386,-0.1778356,-0.16687165,-0.16442767,-0.14331086,-0.18237996,-0.12855718,-0.15336521,-0.13794577,-0.24156228,-0.17914847,-0.10361287,-0.13534102,-0.14209725,-0.17429672,-0.11068727,-0.13475698,-0.15220779,-0.15976548,-0.18156633,-0.1542967,-0.14929841,-0.19184028,-0.17537591,-0.16405292,-0.14723541,-0.14623587,-0.11499533,-0.10471026,-0.135237,-0.20148799,-0.17696294,-0.12513243,-0.16527914,-0.18041904,-0.18738703,-0.11705899,-0.17636278,-0.25832525,-0.093022436,-0.09268662,-0.11506292,-0.13613012,-0.14808723,-0.099005364,-0.18870611
k__Bacteria|p__Firmicutes|c__Clostridia|o__Eubacteriales|f__Eubacteriales_unclassified|g__Fenollaria|s__Fenollaria_massiliensis,-0.1004395,-0.12316422,-0.14279357,-0.20428483,-0.16698174,-0.19371617,-0.1666669,-0.14473261,-0.124973536,-0.18298163,-0.18328193,-0.24108306,-0.17004108,-0.21031392,-0.103559285,-0.10076252,-0.058144663,-0.09962804,-0.10814251,-0.17058387,-0.1978925,-0.12536043,-0.13581708,-0.1514833,-0.17171544,-0.11658599,-0.16665006,-0.17320056,-0.1509206,-0.12124001,-0.13461924,-0.106696665,-0.14824122,-0.1971491,-0.1893398,-0.2175087,-0.16098352,-0.22338755,-0.19863963,-0.29867563,-0.29210672,-0.19983602,-0.10738012,-0.09162698,-0.13691942,-0.1552016,-0.23188588,-0.19406682,-0.14652586,-0.2026537,-0.1829372,-0.18279888,-0.19905014,-0.20168622,-0.20919088,-0.15680653,-0.12581964,-0.14373237,-0.09171804,-0.09603223,-0.17065907,-0.14156735,-0.13743341,-0.14677092,-0.12719077,-0.15096447,1.8048284,-0.22333384,-0.18867894,-0.20047067,-0.14531563,-0.14890233,-0.13124765,-0.14306608,-0.1500777,-0.16324036,-0.14568065,-0.16278498,-0.15932214,-0.14998752,-0.14663553,-0.15730166,-0.15286419,-0.22480208,-0.120334074,-0.14132646,-0.11861415,-0.16012886,-0.17358589,-0.15594204,-0.16760832,-0.11139822,-0.1388583,-0.13027036,-0.12817836,-0.15152657,-0.14156629,-0.11516732,-0.10065024,-0.09099687,-0.10568172,-0.12065984,-0.13495559,-0.15027548,-0.15967911,-0.1185138,-0.11129953,-0.1578567,-0.17738779,-0.1337842,-0.16489443,-0.25953975,-0.14851362,-0.13298881,-0.14229445,-0.15095688,-0.17780018,-0.16415647,-0.22917573,-0.09015879,-0.109833464,-0.13467374,-0.12992856,-0.13997786,-0.17380029,-0.13908121,-0.16057305,-0.12777606,-0.07092635,-0.03704006,-0.13732585,-0.16165704,-0.17833436,-0.14332479,-0.12334781,-0.13530523,-0.12023825,-0.13827299,-0.25318068,-0.26654312,-0.08363895,-0.10945694,-0.14399755,-0.09238048,-0.1875234,-0.19086313,-0.15351434,-0.09054585,-0.13230102,-0.14938834,-0.15041679,-0.15898812,-0.17051658,-0.18283936,-0.08848454,-0.12390602,-0.14121655,-0.10256614,-0.17951453,-0.19495486,-0.19126597,-0.100248516,-0.13113372,-0.08139398,-0.12835747,-0.19006202,-0.19376752,-0.19192879,-0.12273197,-0.07563999,-0.09751274,-0.11917242,-0.13653237,-0.12406494,-0.121451,-0.09505822,-0.09729949,-0.10874852,-0.082459606,-0.11319116,-0.1319915,-0.16643292,-0.1410757,-0.13643017,-0.18093297,-0.17825818,-0.19524068,-0.14504816,-0.15549555,-0.13546197,-0.119081676,-0.14001076,-0.19117098,-0.1922926,-0.18176475,-0.19755594,-0.25103784,-0.20219928,-0.1896274,-0.19149455,-0.18283126,-0.17466621,-0.27554205,-0.08916744,-0.11956477,-0.12779948,-0.15751183,-0.20931396,-0.18224281,-0.29657933,-0.32474133,-0.15420075,-0.3242122,-0.17325558,-0.17108874,-0.2185038,-0.17647925,-0.114121355,-0.14003542,-0.15388772,-0.15788373,-0.22984435,-0.18186735,-0.26650965,-0.10470832,-0.12455491,-0.13819937,-0.12403414,-0.15189947,-0.1543548,-0.1553458,-0.14014931,-0.15141064,-0.1622288,-0.15502034,-0.15308426,-0.15332192,-0.13443972,-0.122813836,-0.14596733,-0.18971872,-0.17729858,-0.21025829,-0.3990198,-0.20752212,-0.11352006,-0.1296617,-0.11889274,-0.14771453,-0.16636807,-0.18567018,-0.1916681,-0.1315137,-0.077030614,-0.1526807,-0.13967317,-0.14106366,-0.11720723,-0.19987361,-0.1649412,-0.15843067,-0.14208445,-0.1237982,-0.12722544,-0.14610182,-0.2588673,-0.10764649,-0.13074079,-0.09132757,-0.12832497,-0.12872666,-0.14930114,-0.15097961,-0.096445054,-0.08910369,-0.12434821,-0.11085024,-0.13795835,-0.15056814,-0.17021017,-0.14264634,-0.11600053,-0.17355265,-0.15163437,-0.14208499,-0.12597564,-0.14113115,-0.17466888,-0.13176009,-0.13207106,-0.14554238,-0.12312497,-0.08722703,-0.05825615,-0.14319417,-0.17082691,-0.026243303,-0.16743314,-0.2829064,-0.31316653,-0.20067146,-0.14544263,-0.14331596,-0.14862512,-0.12963767,-0.25088155,-0.19473779,-0.18822923,-0.094649106,-0.10928115,-0.10702289,-0.09409319,-0.12759323,-0.15269004,-0.15746465,-0.16702856,-0.12812386,-0.0969081,-0.16398169,-0.14284544,-0.11335766,-0.18846886,-0.1706479,-0.1538206,-0.1255567,-0.115196005,-0.113219455,-0.11662802,-0.17523816,-0.1383361,-0.13434544,-0.096878245,-0.1216777,-0.09180342,-0.12434345,-0.13484013,-0.063823454,-0.13877153,-0.11419349,-0.13388701,-0.24483351,-0.2571875,-0.29957527,-0.14625508,-0.15659253,-0.13247833,-0.19104545,-0.0782174,-0.17249042,-0.16405973,-0.09859173,-0.11065883,-0.113530904,-0.076612435,-0.083404,-0.1213824,-0.13072303,-0.13855581,-0.19385117,-0.099501595,-0.15556139,-0.19487974,-0.1912508,-0.18720636,-0.11122757,-0.14281414,-0.10265738,-0.15838265,-0.19485502,-0.17253311,-0.16922736,-0.14273477,-0.14262742,-0.10267689,-0.15322134,-0.16145706,-0.18113188,-0.19617404,-0.12105784,-0.14682323,-0.11342107,-0.08004739,-0.14381817,-0.20725825,-0.16041313,-0.125103,-0.15657571,-0.15690626,-0.1436962,-0.19202894,-0.16229278,-0.18112028,-0.2963242,-0.20207399,-0.18213052,-0.17235242,-0.19422022,-0.15815324,-0.14054683,-0.13039097,-0.12557748,-0.13824767,-0.16435209,3.2590435,-0.16653931,-0.18083993,-0.1928997,-0.11441202,-0.15023056,-0.14073321,-0.17788371,-0.16677931,-0.16408613,-0.14331086,-0.18237996,-0.12865701,-0.15327206,-0.13880822,-0.24156228,-0.1795956,-0.1034922,-0.13518752,-0.14170565,-0.17400128,-0.11042606,-0.13453698,-0.15138012,-0.15974844,-0.18201308,-0.1537478,-0.14914046,-0.19184028,-0.1752629,-0.16304722,-0.14723541,-0.14623587,-0.11499533,-0.10471026,-0.1352638,-0.20148799,-0.17636651,-0.12513243,-0.16560188,-0.18041904,-0.18738703,-0.11705899,-0.17495522,-0.26349574,-0.09297263,-0.092424914,-0.11508055,-0.13614714,-0.14817914,-0.0990172,-0.18862173
k__Bacteria|p__Firmicutes|c__Clostridia|o__Eubacteriales|f__Clostridiaceae|g__Clostridium|s__Clostridium_fessum,-0.1004395,-0.12316422,-0.14137158,-0.20428483,-0.166096,-0.19339642,-0.1666669,-0.14495362,-0.124920726,-0.18386394,-0.18326467,-0.22339252,-0.16987672,-0.20429406,-0.10274898,-0.098596394,-0.058144663,-0.0995863,-0.107271805,-0.1708218,-0.1978925,-0.12536043,-0.13616441,-0.1522716,-0.17132524,-0.11658599,-0.16746692,-0.17385103,-0.1509206,-0.12124001,-0.1349306,-0.10527876,-0.14824827,-0.19564004,-0.18936403,-0.2175087,-0.15952867,-0.22338755,-0.19644578,-0.29867563,-0.29210672,-0.19862607,-0.106852405,-0.09162698,-0.13691942,-0.15467483,-0.23188588,-0.19361636,-0.14640936,-0.2026537,-0.18268344,-0.18279888,-0.19691065,-0.19816592,-0.20356524,-0.15843865,-0.1254786,-0.1436446,-0.09183783,-0.095251635,-0.17125782,-0.14227605,-0.13743341,-0.1467071,-0.12719077,-0.1513303,-0.2613474,-0.22333384,-0.18846935,-0.20047067,-0.14557704,-0.14905927,-0.13051033,-0.14270839,-0.15097591,-0.16382745,-0.14643583,-0.16278498,-0.15862982,-0.14998752,-0.14708099,-0.15679228,-0.15320823,-0.22480208,-0.120334074,-0.14142933,-0.11800664,-0.16101858,-0.1738551,-0.15529849,-0.16817215,-0.11139822,-0.1388583,-0.13027036,-0.12870763,-0.15152657,-0.14261168,-0.115202844,-0.10065024,-0.09017281,-0.10535881,-0.120308265,-0.13487425,-0.15027548,-0.16026583,-0.1185138,-0.11129953,-0.1578567,-0.17738779,-0.13342708,-0.16365266,-0.25953975,-0.14837494,-0.13238317,-0.14154804,-0.15095688,-0.17780018,-0.16313623,-0.22917573,-0.09015879,-0.10987874,-0.13454314,-0.12949088,-0.13997786,-0.17357692,-0.13908121,-0.16057305,-0.12777606,-0.07092635,-0.03704006,-0.13706143,-0.16224982,-0.17872886,-0.14332479,-0.12334781,-0.13571705,-0.12023825,-0.13836467,-0.25318068,-0.26654312,-0.08318248,-0.10945694,-0.14471507,-0.09238048,-0.18800095,-0.1901772,-0.15295655,-0.089944065,-0.13230102,-0.14942253,-0.15012076,-0.15875779,-0.17036973,-0.18391064,-0.08741252,-0.12342895,-0.14071298,-0.10256614,-0.17951453,-0.19495486,-0.1910374,-0.09989376,-0.13113372,-0.079505004,-0.12811884,-0.19006202,-0.19316375,-0.19157566,-0.123154104,-0.07479139,-0.096864894,-0.11831292,-0.13654539,-0.12406494,-0.121451,-0.09410635,-0.09639211,-0.10843094,-0.082459606,-0.112940446,-0.13250515,-0.16710302,-0.1410757,-0.13597667,-0.18093297,-0.17825818,-0.1939902,-0.14465353,-0.15549555,-0.13525331,-0.119081676,-0.14001076,-0.19117098,-0.19067866,-0.18098767,-0.19755594,-0.25103784,-0.20219928,-0.19001782,-0.19078219,-0.18257637,-0.17379974,-0.27554205,-0.08916744,-0.11956477,-0.12790571,-0.15751183,-0.20931396,-0.18224281,-0.29657933,-0.32474133,-0.15317616,-0.3242122,-0.17325558,-0.17108874,-0.2185038,-0.17647925,-0.114121355,-0.13959074,-0.15388772,-0.15788373,-0.22984435,-0.18186735,-0.25604016,-0.104068816,-0.12455491,-0.1385234,-0.12412366,-0.15189947,-0.15512687,-0.15608642,-0.14014931,-0.15141064,-0.16301739,-0.1548158,-0.15331887,-0.15285707,-0.13378598,-0.12279815,-0.14618714,-0.19045307,-0.17677033,-0.21025829,-0.3990198,-0.20474163,-0.11327714,-0.1296617,-0.11852481,-0.14805233,-0.16636807,-0.18683161,-0.19149064,-0.13132957,-0.07643761,-0.15321694,-0.13965462,-0.14106366,-0.11775054,-0.19987361,-0.1649412,-0.15811145,-0.14132205,-0.123536974,-0.12722544,-0.14610182,-0.2588673,-0.10698291,-0.13074079,-0.09132757,-0.12832497,-0.12920097,-0.149669,-0.15169711,-0.095963076,-0.08910369,-0.12434121,-0.110369906,-0.13778025,-0.15077865,-0.17029814,-0.14272524,-0.11625031,-0.17395887,-0.15182665,-0.14230467,-0.12514403,-0.14205709,-0.17466888,-0.13176009,-0.13214514,-0.14568704,-0.12264247,-0.08722703,-0.05825615,-0.14333084,-0.17082691,-0.026243303,-0.16605838,-0.2829064,-0.31316653,-0.19913504,-0.14542568,-0.14331596,-0.14862512,-0.12963767,-0.25088155,-0.19339347,-0.18844603,-0.09438217,-0.109063506,-0.10702289,-0.09389059,-0.12759323,-0.15302882,-0.15746465,-0.16665441,-0.12812386,-0.0969081,-0.16398169,-0.1436938,-0.11335766,-0.18846886,-0.1706479,-0.15342306,-0.12543833,-0.115196005,-0.11274839,-0.11662802,-0.17618991,-0.13821076,-0.13420616,-0.096878245,-0.12099883,-0.09162062,-0.12434345,-0.13576698,-0.063823454,-0.13877153,-0.11419349,-0.13364893,-0.24483351,-0.2571875,-0.29957527,-0.1459277,-0.15661457,-0.1321288,-0.19104545,-0.0782174,-0.1723451,-0.16418236,-0.09859173,-0.11065883,-0.11447796,-0.076612435,-0.083404,-0.1213824,-0.13072303,-0.13855581,-0.19385117,-0.09857394,-0.15547183,-0.19487974,-0.19086748,-0.18684073,-0.110990375,-0.14287506,-0.10286325,-0.15922013,-0.19387704,-0.17315888,-0.16900405,-0.14255309,-0.14223188,-0.10135789,-0.15336493,-0.16129637,-0.18084854,-0.19504625,-0.12107332,-0.14729318,-0.11361067,-0.08001068,-0.14289191,-0.20725825,-0.16029862,-0.125103,-0.15657571,-0.15690626,-0.14332646,-0.19202894,-0.16228741,-0.18199803,-0.2963242,-0.19710474,-0.18144512,-0.17173906,-0.19299409,-0.15746531,-0.14054683,-0.13011596,-0.12557748,-0.1382264,-0.16287358,-0.30584824,-0.16648498,-0.18116926,-0.1923165,-0.11441202,-0.1508492,-0.1404104,-0.1778635,-0.16665477,-0.16438507,-0.14331086,-0.18237996,-0.12783942,-0.15330249,-0.13715665,5.369294,-0.1791479,-0.10287327,-0.13495848,-0.14187121,-0.17435019,-0.11001682,-0.13454667,-0.15236661,-0.1595892,-0.18147215,-0.15424423,-0.14896852,-0.19184028,-0.17500344,-0.16399941,-0.14723541,-0.14623587,-0.11499533,-0.10471026,-0.13521802,-0.20148799,-0.17673296,-0.12513243,-0.16538192,-0.18041904,-0.18738703,-0.11705899,-0.17667165,-0.25909185,-0.09217192,-0.09201655,-0.11452601,-0.13600606,-0.14791086,-0.09829497,-0.18915129
k__Bacteria|p__Firmicutes|c__Bacilli|o__Lactobacillales|f__Streptococcaceae|g__Streptococcus|s__Streptococcus_pneumoniae,-0.1004395,-0.12316422,-0.14179417,-0.20428483,-0.167503,-0.19429764,-0.1666669,-0.14557627,-0.12511392,-0.18452564,-0.18365942,-0.22504213,-0.16942585,-0.20569046,-0.10303452,-0.09905514,-0.058144663,-0.0996223,-0.10769738,-0.17146313,-0.1978925,-0.12536043,-0.13658836,-0.15287179,-0.17208515,-0.11658599,-0.16802597,-0.17471544,-0.1509206,-0.12124001,-0.13546401,-0.10564551,-0.14880359,-0.1965091,-0.19006625,-0.2175087,-0.16131616,-0.22338755,-0.19784805,-0.29867563,-0.29210672,-0.19902053,-0.10729906,-0.09162698,-0.13691942,-0.15539986,-0.23188588,-0.19434336,-0.14709929,-0.2026537,-0.18457267,-0.18279888,-0.19784401,-0.19874275,-0.2036232,-0.1582186,-0.12595199,-0.14420548,-0.09207584,-0.095501706,-0.1720663,-0.14271393,-0.13743341,-0.147365,-0.12719077,-0.15172444,-0.2613474,-0.22333384,-0.18960309,-0.20047067,-0.14619505,-0.14968029,-0.13099419,-0.14301804,-0.15135792,-0.16465993,-0.14732209,-0.16278498,-0.15976003,-0.14998752,-0.14760092,-0.15753743,-0.15367894,-0.22480208,-0.120334074,-0.14184892,-0.11838664,-0.16166592,-0.17483374,-0.15592133,-0.16885337,-0.11139822,-0.1388583,-0.13027036,-0.1289134,-0.15152657,-0.14294967,-0.11550794,-0.10065024,-0.09026015,-0.105525434,-0.12071818,-0.1353834,-0.15027548,-0.16103116,-0.1185138,-0.11129953,-0.1578567,-0.17738779,-0.1337622,-0.16428602,-0.25953975,-0.14910972,-0.13284662,-0.1418478,-0.15095688,-0.17780018,-0.16402487,-0.22917573,-0.09015879,-0.11008176,-0.13503462,-0.12983736,-0.13997786,-0.17428973,-0.13908121,-0.16057305,-0.12777606,-0.07092635,-0.03704006,-0.1373664,-0.16281232,-0.17953458,-0.14332479,-0.12334781,-0.1360685,-0.12023825,-0.13867685,-0.25318068,-0.26654312,-0.08332561,-0.10945694,-0.14501405,-0.09238048,-0.18855745,-0.1909762,-0.15331012,-0.09015873,-0.13230102,-0.14996481,-0.15070269,-0.15947276,-0.17113966,-0.18470584,-0.087649,-0.123817965,-0.14159556,-0.10256614,-0.17951453,-0.19495486,-0.19199014,-0.10004482,-0.13113372,-0.07918668,-0.12803933,-0.19006202,-0.19415489,-0.19243184,-0.12369236,-0.07506485,-0.097046144,-0.118530124,-0.13684984,-0.12406494,-0.121451,-0.09436065,-0.09650421,-0.108538866,-0.082459606,-0.112900406,-0.13262124,-0.16782159,-0.1410757,-0.1365993,-0.18093297,-0.17825818,-0.19488326,-0.14505851,-0.15549555,-0.13574836,-0.119081676,-0.14001076,-0.19117098,-0.19185066,-0.18198094,-0.19755594,-0.25103784,-0.20219928,-0.19090296,-0.19176006,-0.18320753,-0.17448191,-0.27554205,-0.08916744,-0.11956477,-0.1281151,-0.15751183,-0.20931396,0.6028342,-0.29657933,-0.32474133,-0.15218192,-0.3242122,-0.17325558,-0.17108874,-0.2185038,-0.17647925,-0.114121355,-0.14015129,-0.15388772,-0.15788373,-0.22984435,-0.18186735,-0.2570416,-0.10435835,-0.12455491,-0.13884944,-0.12438333,-0.15189947,-0.15566437,-0.15687749,-0.14014931,-0.15141064,-0.1638155,-0.15569091,-0.15404251,-0.1534464,-0.1341549,-0.12323402,-0.14670151,-0.19123185,-0.17764051,-0.21025829,-0.3990198,-0.20252874,-0.11352749,-0.1296617,-0.118627444,-0.14833969,-0.16636807,-0.18751913,-0.19246541,-0.13178998,-0.076482706,-0.15362728,-0.14018217,-0.14106366,-0.11816549,-0.19987361,-0.1649412,-0.15907852,-0.14175013,-0.12363671,-0.12722544,-0.14610182,-0.2588673,-0.107256144,-0.13074079,-0.09132757,-0.12832497,-0.1294932,-0.1502051,-0.15237913,-0.09621538,-0.08910369,-0.12450671,-0.110573605,-0.13813603,-0.15124822,-0.17100888,-0.14330469,-0.11648865,-0.17455304,-0.1522993,-0.14272407,-0.12548912,-0.14248854,-0.17466888,-0.13176009,-0.13255036,-0.14607184,-0.12305402,-0.08722703,-0.05825615,-0.14382902,-0.17082691,-0.026243303,-0.16687031,-0.2829064,-0.31316653,-0.19871111,-0.14609972,-0.14331596,-0.14862512,-0.12963767,-0.25088155,-0.1944979,-0.18940437,-0.094556846,-0.10935524,-0.10702289,-0.09370673,-0.12759323,-0.15334308,-0.15746465,-0.1676146,-0.12812386,-0.0969081,-0.16398169,-0.14412126,-0.11335766,-0.18846886,-0.1706479,-0.15432855,-0.12591568,-0.115196005,-0.11296111,-0.11662802,-0.17682238,-0.13882414,-0.13473111,-0.096878245,-0.12113182,-0.09167345,-0.12434345,-0.13619265,-0.063823454,-0.13877153,-0.11419349,-0.13406958,-0.24483351,-0.2571875,-0.29957527,-0.14660218,-0.15724862,-0.13244183,-0.19104545,-0.0782174,-0.1730027,-0.16474977,-0.09859173,-0.11065883,-0.11477748,-0.076612435,-0.083404,-0.1213824,-0.13072303,-0.13855581,-0.19385117,-0.09898911,-0.15606698,-0.19487974,-0.19186327,-0.18760611,-0.11134641,-0.14330484,-0.10306493,-0.15996648,-0.1948776,-0.17349769,-0.1697315,-0.14317845,-0.14284436,-0.101606846,-0.15368089,-0.16200858,-0.18159583,-0.19587152,-0.121438704,-0.14775348,-0.11386661,-0.07980051,-0.14321512,-0.20725825,-0.16142565,-0.125103,-0.15657571,-0.15690626,-0.14387974,-0.19202894,-0.16310844,-0.18285593,-0.2963242,-0.19838011,-0.18147463,-0.17219743,-0.19373511,-0.1577483,-0.14054683,-0.1306043,-0.12557748,-0.13859092,-0.16374929,-0.30584824,-0.16717792,-0.18189093,-0.19351764,-0.11441202,-0.15101393,-0.1408858,-0.17866611,-0.16737418,-0.16517699,-0.14331086,-0.18237996,-0.12844992,-0.15365979,-0.13750054,-0.24156228,-0.18017788,-0.10322052,-0.13539147,-0.14233401,-0.17518961,-0.110346824,-0.13477302,-0.15290111,-0.16052046,-0.18249801,-0.15463506,-0.14955598,-0.19184028,-0.17601359,-0.16476327,-0.14723541,-0.14623587,-0.11499533,-0.10471026,-0.1353091,-0.20148799,-0.17787236,-0.12513243,-0.16624597,-0.18041904,-0.18738703,-0.11705899,-0.17727457,-0.2607071,-0.092388526,-0.09210947,-0.114824936,-0.1362871,-0.1483596,-0.09838877,-0.18995833
k__Bacteria|p__Firmicutes|c__CFGB14936|o__OFGB14936|f__FGB14936|g__GGB3256|s__GGB3256_SGB4303,-0.1004395,-0.12316422,-0.14155519,-0.20428483,-0.16624755,-0.19301265,-0.1666669,-0.14542256,-0.12531233,-0.18429513,-0.18184325,-0.21949504,-0.16880484,-0.20130068,-0.10332678,-0.09931371,-0.058144663,-0.10048462,-0.10790379,-0.17093647,-0.1978925,-0.12536043,-0.13680732,-0.15262634,-0.17105217,-0.11658599,-0.1675277,-0.17412092,-0.1509206,-0.12124001,-0.13550684,-0.10566903,-0.14848211,-0.19483025,-0.18882404,-0.2175087,-0.1603561,-0.22338755,-0.19571611,-0.29867563,3.3828585,-0.1968559,-0.10762522,-0.09162698,-0.13691942,-0.15499453,-0.23188588,-0.19315153,-0.14679787,-0.2026537,-0.18342006,-0.18279888,-0.19595829,-0.19641331,-0.20101696,-0.15870705,-0.12601899,-0.14392912,-0.09302518,-0.09616539,-0.17135674,-0.14273147,-0.13743341,-0.14703844,-0.12719077,-0.15156646,-0.2613474,-0.22333384,-0.18793797,-0.20047067,-0.14602122,-0.14935869,-0.13079533,-0.14278296,-0.15127072,-0.16433083,-0.14714062,-0.16278498,-0.15906125,-0.14998752,-0.14732864,-0.15689331,-0.15352964,-0.22480208,-0.120334074,-0.14168167,-0.11867966,-0.16134533,-0.17407739,-0.15528138,-0.1681946,-0.11139822,-0.1388583,-0.13027036,-0.12922272,-0.15152657,-0.14310026,-0.116320044,-0.10065024,-0.09098588,-0.10604476,-0.1209039,-0.13525443,-0.15027548,-0.16057588,-0.1185138,-0.11129953,-0.1578567,-0.17738779,-0.13395548,-0.1634109,-0.25953975,-0.148873,-0.13261956,-0.14153844,-0.15095688,-0.17780018,-0.16322899,-0.22917573,-0.09015879,-0.11079608,-0.13490537,-0.12986565,-0.13997786,-0.17328036,-0.13908121,-0.16057305,-0.12777606,-0.07092635,-0.03704006,-0.13738458,-0.16215286,-0.17888352,-0.14332479,-0.12334781,-0.13594508,-0.12023825,-0.13837568,-0.25318068,-0.26654312,-0.084083796,-0.10945694,-0.14470401,-0.09238048,-0.18762088,-0.18947458,-0.15276554,-0.090839416,-0.13230102,-0.14966857,-0.15033256,-0.15896943,-0.1703645,-0.18379708,-0.08821097,-0.12429819,-0.14080393,-0.10256614,-0.17951453,-0.19495486,-0.19082358,-0.10077289,-0.13113372,-0.07984954,-0.12799597,-0.19006202,-0.1925693,-0.19104303,-0.12405425,-0.07585877,-0.09769136,-0.118688546,-0.13675377,-0.12406494,-0.121451,-0.09494327,-0.09696858,-0.10881929,-0.082459606,-0.113315,-0.13260704,-0.16733217,-0.1410757,-0.13660848,-0.18093297,-0.17825818,-0.19317219,-0.14467083,-0.15549555,-0.13575992,-0.119081676,-0.14001076,-0.19117098,-0.1900954,-0.18084687,-0.19755594,-0.25103784,-0.20219928,-0.18974456,-0.19043165,-0.18218684,-0.17329887,-0.27554205,-0.08916744,-0.11956477,-0.12809578,-0.15751183,-0.20931396,-0.18224281,6.4431305,-0.32474133,-0.15275681,-0.3242122,-0.17325558,-0.17108874,-0.2185038,-0.17647925,-0.114121355,-0.13993418,-0.15388772,-0.15788373,-0.22984435,-0.18186735,-0.25170964,-0.10474222,-0.12455491,-0.13880421,-0.12464516,-0.15189947,-0.15526,-0.1566638,-0.14014931,-0.15141064,-0.16336766,-0.15519515,-0.15368965,-0.15280381,-0.13403699,-0.12346655,-0.14667648,-0.19010168,-0.1766011,-0.21025829,-0.3990198,-0.2020927,-0.11387627,-0.1296617,-0.11902532,-0.14816266,-0.16636807,-0.18659408,-0.19106728,-0.1317095,-0.07728724,-0.15338837,-0.13979116,-0.14106366,-0.11921519,-0.19987361,-0.1649412,-0.1583829,-0.14133163,-0.12366636,-0.12722544,-0.14610182,-0.2588673,-0.10762735,-0.13074079,-0.09132757,-0.12832497,-0.12972826,-0.14974356,-0.15226062,-0.09682155,-0.08910369,-0.12461856,-0.11069901,-0.13807231,-0.15079,-0.17031048,-0.14311777,-0.11690053,-0.1737738,-0.15188459,-0.14263238,-0.12532185,-0.14286733,-0.17466888,-0.13176009,-0.13257799,-0.14584798,-0.123193674,-0.08722703,-0.05825615,-0.1436867,-0.17082691,-0.026243303,-0.1659745,-0.2829064,-0.31316653,-0.19758013,-0.14588761,-0.14331596,-0.14862512,-0.12963767,-0.25088155,-0.19293107,-0.18826929,-0.095139936,-0.109910004,-0.10702289,-0.0945328,-0.12759323,-0.1531585,-0.15746465,-0.16713047,-0.12812386,-0.0969081,-0.16398169,-0.14404377,-0.11335766,-0.18846886,-0.1706479,-0.15379803,-0.12610292,-0.115196005,-0.113377675,-0.11662802,-0.17617214,-0.13877246,-0.13450554,-0.096878245,-0.12123595,-0.092450924,-0.12434345,-0.13655369,-0.063823454,-0.13877153,-0.11419349,-0.13394077,-0.24483351,-0.2571875,-0.29957527,-0.14623341,-0.15671928,-0.13244757,-0.19104545,-0.0782174,-0.17216001,-0.16426739,-0.09859173,-0.11065883,-0.11549027,-0.076612435,-0.083404,-0.1213824,-0.13072303,-0.13855581,-0.19385117,-0.099282056,-0.15565774,-0.19487974,-0.19049548,-0.18640967,-0.11173691,-0.14296873,-0.103805825,-0.15978636,-0.19343,-0.17313942,-0.16826752,-0.1429136,-0.14262669,-0.10188841,-0.15327881,-0.16161337,-0.18048733,-0.19411412,-0.121663384,-0.14767447,-0.114272,-0.08089058,-0.1431149,-0.20725825,-0.1606949,-0.125103,-0.15657571,-0.15690626,-0.14363083,-0.19202894,-0.16238508,-0.18196751,-0.2963242,-0.19556847,-0.18053313,-0.17102288,-0.1919481,-0.15713422,-0.14054683,-0.13044956,-0.12557748,-0.13820255,-0.16233578,-0.30584824,-0.16644336,-0.18061697,-0.19224185,-0.11441202,-0.15069067,-0.14069343,-0.17779467,-0.16675916,-0.16461973,-0.14331086,-0.18237996,-0.12839015,-0.15309687,-0.1371768,-0.24156228,-0.17877367,-0.10371122,-0.13531068,-0.14234218,-0.17429677,-0.11058834,-0.13471878,-0.15274364,-0.16004959,-0.18126869,-0.15437545,-0.14901845,-0.19184028,-0.1748082,-0.16460305,-0.14723541,-0.14623587,-0.11499533,-0.10471026,-0.13533875,-0.20148799,-0.17689398,-0.12513243,-0.16519052,-0.18041904,-0.18738703,-0.11705899,-0.17722118,-0.25635538,-0.09298806,-0.09289673,-0.11497385,-0.13632882,-0.14786556,-0.09880677,-0.18863468
k__Bacteria|p__Firmicutes|c__Clostridia|o__Eubacteriales|f__Eubacteriales_Family_XIII_Incertae_Sedis|g__Eubacteriales_Family_XIII_Incertae_Sedis_unclassified|s__Clostridiales_Family_XIII_bacterium_BX16,-0.1004395,-0.12316422,-0.14232872,-0.20428483,-0.1672129,-0.19321965,-0.1666669,-0.14505267,-0.12517433,-0.18321924,-0.1827327,-0.22861546,-0.16959308,-0.20551804,-0.103686556,-0.10029696,-0.058144663,-0.10014803,-0.10827408,-0.17078294,-0.1978925,-0.12536043,-0.13640858,-0.15209219,-0.17150876,-0.11658599,-0.16726921,-0.1736173,-0.1509206,-0.12124001,-0.13527453,-0.106429756,-0.14845316,-0.1959146,-0.18901904,-0.2175087,-0.1612632,-0.22338755,-0.19757923,-0.29867563,-0.29210672,-0.19810769,-0.107696086,-0.09162698,-0.13691942,-0.15538879,-0.23188588,-0.19393656,-0.14658643,-0.2026537,-0.18357627,-0.18279888,-0.1973061,-0.19866951,-0.20428628,-0.15767333,-0.12605408,-0.14398909,-0.092539236,-0.09627658,-0.17105982,-0.14226487,-0.13743341,-0.14705971,-0.12719077,-0.15134037,-0.2613474,-0.22333384,-0.18855953,-0.20047067,-0.14569715,-0.14927,-0.1311045,-0.1430117,-0.15055573,-0.16384572,-0.14638531,-0.16278498,-0.15951897,-0.14998752,-0.14726184,-0.15723431,-0.1532202,-0.22480208,-0.120334074,-0.14167967,-0.11883193,-0.16077358,-0.17384917,-0.15578684,-0.1678958,-0.11139822,-0.1388583,-0.13027036,-0.12876076,-0.15152657,-0.14247844,-0.115782455,-0.10065024,-0.09119441,-0.10599263,-0.12093672,-0.13530248,-0.15027548,-0.16023283,-0.1185138,-0.11129953,-0.1578567,-0.17738779,-0.13360491,-0.16427025,-0.25953975,-0.14884895,-0.1329531,-0.14196032,-0.15095688,-0.17780018,-0.16398394,-0.22917573,-0.09015879,-0.110563375,-0.13492158,-0.12995784,-0.13997786,-0.1737566,-0.13908121,-0.16057305,-0.12777606,-0.07092635,-0.03704006,-0.13764349,-0.16197039,-0.17869312,-0.14332479,-0.12334781,-0.13582921,-0.12023825,-0.13841718,-0.25318068,-0.26654312,-0.08407727,-0.10945694,-0.14436266,-0.09238048,-0.18761547,-0.19031459,-0.15327883,-0.09092262,-0.13230102,-0.14970349,-0.15049168,-0.15902403,-0.17055936,-0.1832675,-0.08867401,-0.12418093,-0.14130619,-0.10256614,-0.17951453,-0.19495486,-0.19092476,-0.10056664,-0.13113372,-0.08049159,-0.12835722,-0.19006202,-0.19322821,-0.19153392,-0.123534665,-0.07609926,-0.09770484,-0.119075045,-0.13676465,-0.12406494,-0.121451,-0.09514397,-0.09734823,-0.10893739,-0.082459606,-0.11329455,-0.13247699,-0.16696271,-0.1410757,-0.13671474,-0.18093297,-0.17825818,-0.19425763,-0.14504826,-0.15549555,-0.13566867,-0.119081676,-0.14001076,-0.19117098,-0.19135913,-0.18128712,-0.19755594,-0.25103784,-0.20219928,-0.18978485,-0.19114548,-0.18246272,-0.1741204,-0.27554205,-0.08916744,-0.11956477,-0.1281952,-0.15751183,-0.20931396,-0.18224281,-0.29657933,-0.32474133,-0.15392081,-0.3242122,-0.17325558,-0.17108874,-0.2185038,-0.17647925,-0.114121355,-0.14022818,-0.15388772,-0.15788373,-0.22984435,-0.18186735,-0.25796664,-0.10489012,-0.12455491,-0.13861254,-0.12444668,-0.15189947,-0.15494765,-0.15603952,-0.14014931,-0.15141064,-0.16280398,-0.15540105,-0.1534195,-0.15329713,-0.13432348,-0.123292536,-0.14639512,-0.18967356,-0.1769438,-0.21025829,-0.3990198,-0.20356247,-0.11381167,-0.1296617,-0.11889726,-0.14801833,-0.16636807,-0.18607043,-0.19145615,-0.13190751,-0.07729884,-0.15308481,-0.13998178,-0.14106366,-0.11824906,-0.19987361,-0.1649412,-0.15876375,-0.14179322,-0.12396153,-0.12722544,-0.14610182,-0.2588673,-0.107835725,-0.13074079,-0.09132757,-0.12832497,-0.1292656,-0.14986657,-0.15168774,-0.09679735,-0.08910369,-0.124593884,-0.11108727,-0.13814569,-0.15087935,-0.17030966,-0.14300403,-0.11665194,-0.17376035,-0.1518754,-0.14246649,-0.1258744,-0.14182739,-0.17466888,-0.13176009,-0.13237482,-0.14588061,-0.123314776,-0.08722703,-0.05825615,-0.14358154,-0.17082691,-0.026243303,-0.16726366,2.7396455,2.8129492,-0.19828163,-0.14579573,-0.14331596,-0.14862512,-0.12963767,-0.25088155,-0.19393122,-0.1882082,-0.0951093,-0.109690525,-0.10702289,-0.09417672,-0.12759323,-0.15305845,-0.15746465,-0.16712219,-0.12812386,-0.0969081,-0.16398169,-0.14363068,-0.11335766,-0.18846886,-0.1706479,-0.15403047,-0.12593581,-0.115196005,-0.11332463,-0.11662802,-0.17570333,-0.13865457,-0.13458785,-0.096878245,-0.121567205,-0.092284024,-0.12434345,-0.13584968,-0.063823454,-0.13877153,-0.11419349,-0.13417333,-0.24483351,-0.2571875,-0.29957527,-0.14635348,-0.15672342,-0.13245402,-0.19104545,-0.0782174,-0.17211434,-0.16434115,-0.09859173,-0.11065883,-0.11473955,-0.076612435,-0.083404,-0.1213824,-0.13072303,-0.13855581,-0.19385117,-0.09955014,-0.1557473,-0.19487974,-0.19092564,-0.18680769,-0.11165367,-0.14319298,-0.10324842,-0.1590358,-0.19401276,-0.17244694,-0.16907401,-0.14300647,-0.14275235,-0.10249271,-0.1533043,-0.16167895,-0.1808353,-0.19509357,-0.12148619,-0.14734131,-0.1139753,-0.08047961,-0.14351422,-0.20725825,-0.1607832,-0.125103,-0.15657571,-0.15690626,-0.14385167,-0.19202894,-0.16259313,-0.18157089,-0.2963242,-0.19901371,-0.18126372,-0.17203945,-0.19308762,-0.15783444,-0.14054683,-0.13060305,-0.12557748,-0.13846123,-0.16369087,-0.30584824,-0.1665832,-0.1808826,-0.19269459,-0.11441202,-0.15062858,-0.14097846,-0.17788553,-0.16689235,-0.16444603,-0.14331086,-0.18237996,-0.12865847,-0.15327229,-0.13798156,-0.24156228,-0.17957042,-0.103741854,-0.13556889,-0.14199302,-0.17430595,-0.110756055,-0.13480213,-0.15203616,-0.15996732,-0.18180406,-0.15395065,-0.14930981,-0.19184028,-0.17534573,-0.16380048,-0.14723541,-0.14623587,-0.11499533,-0.10471026,-0.13535966,-0.20148799,-0.17681049,-0.12513243,-0.16581024,-0.18041904,-0.18738703,-0.11705899,-0.17562775,-0.25981688,-0.09319217,-0.09281599,-0.1152805,-0.13627337,-0.14813548,-0.099109225,-0.18866551
k__Bacteria|p__Firmicutes|c__Clostridia|o__Eubacteriales|f__Lachnospiraceae|g__Enterocloster|s__Enterocloster_lavalensis,-0.1004395,-0.12316422,-0.14238128,-0.20428483,-0.16709265,-0.19312292,-0.1666669,-0.14482248,-0.12562889,-0.18332222,-0.18299583,-0.2238535,-0.16893405,-0.20268036,-0.10321404,-0.099260494,-0.058144663,-0.09940109,-0.107959256,-0.17084798,-0.1978925,-0.12536043,-0.13617401,-0.15184852,-0.17119078,-0.11658599,-0.16753832,-0.17339107,-0.1509206,-0.12124001,-0.13520458,-0.10608817,-0.14838824,-0.19538775,-0.18865225,-0.2175087,-0.16128474,-0.22338755,-0.1971835,-0.29867563,-0.29210672,-0.19758788,-0.10706186,-0.09162698,-0.13691942,-0.15518637,-0.23188588,-0.19378248,-0.146348,-0.2026537,-0.1843717,-0.18279888,-0.19732863,-0.19785556,-0.2026313,-0.15663558,-0.12566164,-0.14349324,-0.092198804,-0.09583637,-0.17084974,-0.14209588,-0.13743341,-0.14674294,-0.12719077,-0.15151131,-0.2613474,-0.22333384,-0.18859792,-0.20047067,-0.14524347,-0.14901502,-0.13072813,-0.14262053,-0.14984655,-0.16343813,-0.14610736,-0.16278498,-0.15954858,-0.14998752,-0.1471453,-0.15709294,-0.15316239,-0.22480208,-0.120334074,-0.14144248,-0.11851953,-0.16042921,-0.17350951,-0.15587533,-0.167839,-0.11139822,-0.1388583,-0.13027036,-0.1286251,-0.15152657,-0.14283562,-0.11555996,-0.10065024,-0.09082777,-0.105425805,-0.12040415,-0.13485613,-0.15027548,-0.15996814,-0.1185138,-0.11129953,-0.1578567,-0.17738779,-0.13319792,-0.16480583,-0.25953975,-0.14869513,-0.13286602,-0.14170678,-0.15095688,-0.17780018,-0.1641133,-0.22917573,-0.09015879,-0.1105082,-0.13476437,-0.12956786,-0.13997786,-0.17376462,-0.13908121,-0.16057305,-0.12777606,-0.07092635,-0.03704006,-0.13741112,-0.1617893,-0.17853644,-0.14332479,-0.12334781,-0.13585038,-0.12023825,-0.13799712,-0.25318068,-0.26654312,-0.08359238,-0.10945694,-0.14387703,-0.09238048,-0.1876664,-0.19015983,-0.1530181,-0.09041862,-0.13230102,-0.14959297,-0.15032086,-0.15875733,-0.17043698,-0.18281943,-0.08820997,-0.12374163,-0.14061578,-0.10256614,-0.17951453,-0.19495486,-0.1903995,-0.10029034,-0.13113372,-0.07975404,-0.12802598,-0.19006202,-0.19290486,-0.19129342,-0.123019814,-0.07564625,-0.09721109,-0.11871535,-0.13645108,-0.12406494,-0.121451,-0.09452932,-0.096792124,-0.108529285,-0.082459606,-0.11288243,-0.13213497,-0.1665507,-0.1410757,-0.13672227,-0.18093297,-0.17825818,-0.1938828,-0.14482485,-0.15549555,-0.13528006,-0.119081676,-0.14001076,-0.19117098,-0.19091928,-0.18149033,-0.19755594,-0.25103784,-0.20219928,-0.19017275,-0.19139847,-0.18244492,-0.17419034,-0.27554205,-0.08916744,-0.11956477,-0.12837683,-0.15751183,-0.20931396,-0.18224281,-0.29657933,-0.32474133,-0.15541416,-0.3242122,-0.17325558,-0.17108874,-0.2185038,-0.17647925,-0.114121355,-0.14026524,-0.15388772,-0.15788373,-0.22984435,-0.18186735,-0.2559378,-0.10445381,-0.12455491,-0.13854465,-0.12423335,-0.15189947,-0.15445575,-0.15557781,-0.14014931,-0.15141064,-0.16244394,-0.15531051,-0.15321897,-0.15319116,-0.13393636,-0.12313433,-0.14654474,-0.18942472,-0.17679846,-0.21025829,-0.3990198,-0.20331034,-0.11342123,-0.1296617,-0.118395545,-0.14795634,-0.16636807,-0.1858971,-0.19143888,-0.13180667,-0.076907784,-0.1528152,-0.13980111,3.4231315,-0.1180465,4.43654,-0.1649412,-0.15894471,-0.1416423,-0.12368938,-0.12722544,-0.14610182,-0.2588673,-0.10746549,-0.13074079,-0.09132757,-0.12832497,-0.12891236,-0.14981073,-0.15125161,-0.09625846,-0.08910369,-0.12427296,-0.11073093,-0.1378941,-0.15084353,-0.16987655,-0.14286298,-0.1166683,-0.17361492,-0.1518946,-0.14206482,-0.12561929,-0.14150928,-0.17466888,-0.13176009,-0.13218638,-0.14561951,-0.1228182,-0.08722703,-0.05825615,-0.1433667,-0.17082691,-0.026243303,-0.16745822,-0.2829064,-0.31316653,-0.1982816,-0.1454587,-0.14331596,-0.14862512,-0.12963767,-0.25088155,-0.1934458,-0.18798995,-0.09474842,-0.109248824,-0.10702289,-0.09338808,-0.12759323,-0.15313241,-0.15746465,-0.1668005,-0.12812386,-0.0969081,-0.16398169,-0.14308324,-0.11335766,-0.18846886,-0.1706479,-0.15379468,-0.12567031,-0.115196005,-0.11286056,-0.11662802,-0.17535304,-0.13826774,-0.13396105,-0.096878245,-0.12113031,-0.091723934,-0.12434345,-0.13569129,-0.063823454,-0.13877153,-0.11419349,-0.13386604,-0.24483351,-0.2571875,-0.29957527,-0.14601246,-0.15644129,-0.13231531,-0.19104545,-0.0782174,-0.17201468,-0.16411135,-0.09859173,-0.11065883,-0.11450769,-0.076612435,-0.083404,-0.1213824,-0.13072303,-0.13855581,-0.19385117,-0.09881963,-0.1559144,-0.19487974,-0.19114426,-0.1866338,-0.11130555,-0.14291291,-0.10287973,-0.1586672,-0.19391638,-0.17194088,-0.16902913,-0.14271565,-0.14229006,-0.1023552,-0.15323427,-0.16158056,-0.18101849,-0.19478048,-0.12109205,-0.14695959,-0.11400479,-0.08033322,-0.14349586,-0.20725825,-0.16058141,-0.125103,-0.15657571,-0.15690626,-0.14380664,-0.19202894,-0.16263294,-0.18135028,-0.2963242,-0.19921662,-0.18171474,-0.17197213,-0.19292368,-0.15780553,-0.14054683,-0.1302886,-0.12557748,-0.13836396,-0.1635884,-0.30584824,-0.1671465,-0.18057752,-0.19265659,-0.11441202,-0.15046075,-0.14072028,-0.17788844,-0.16682984,-0.16409712,-0.14331086,-0.18237996,-0.12878662,-0.15331069,-0.13805358,-0.24156228,-0.17967947,-0.10324626,-0.13552101,-0.14163432,-0.17393476,-0.110486984,-0.13478938,-0.15161696,-0.15938516,-0.18196738,-0.15352587,-0.1490029,-0.19184028,-0.17533803,-0.16346136,-0.14723541,-0.14623587,-0.11499533,-0.10471026,-0.13518956,-0.20148799,-0.17645366,-0.12513243,-0.16595554,-0.18041904,-0.18738703,-0.11705899,-0.17513573,-0.2589268,-0.0927083,-0.09234166,-0.115061,-0.13589795,-0.1477605,-0.09878215,-0.18843628
k__Bacteria|p__Firmicutes|c__Tissierellia|o__Tissierellales|f__Peptoniphilaceae|g__Peptoniphilus|s__Peptoniphilus_phoceensis,-0.1004395,-0.12316422,-0.14160213,-0.20428483,-0.1674332,-0.19342129,-0.1666669,-0.14540668,-0.12508386,-0.18374605,-0.18294892,-0.22235714,-0.16745119,-0.20358701,-0.10315542,-0.098991394,-0.058144663,-0.10010333,-0.10775548,-0.17143206,-0.1978925,-0.12536043,-0.13669519,-0.15295,-0.17155537,-0.11658599,-0.16778007,-0.1745422,-0.1509206,-0.12124001,-0.13565345,-0.10548568,-0.14875321,-0.19532378,-0.18940827,-0.2175087,-0.16142046,-0.22338755,-0.19716634,-0.29867563,-0.29210672,-0.19821584,-0.107381016,-0.09162698,-0.13691942,-0.15518229,-0.23188588,-0.19385614,-0.14672957,-0.2026537,-0.18412375,-0.18279888,-0.19708987,-0.19761492,-0.20251225,-0.15773137,-0.12603068,-0.14412946,-0.092609234,-0.09572926,-0.17172481,-0.14292413,-0.13743341,-0.14726427,-0.12719077,-0.15135941,-0.2613474,-0.22333384,-0.18931001,-0.20047067,-0.14613159,-0.14953364,-0.1309599,-0.14293167,-0.15125589,-0.16468543,-0.14724565,-0.16278498,-0.15939808,-0.14998752,-0.14774503,-0.15717837,-0.15366536,-0.22480208,-0.120334074,-0.14183088,-0.11851019,-0.16153783,-0.17456838,-0.15580198,-0.16862252,-0.11139822,-0.1388583,-0.13027036,-0.12905169,-0.15152657,-0.143021,-0.11566828,-0.10065024,-0.09040508,-0.10555225,-0.120793134,-0.13537201,-0.15027548,-0.16088949,-0.1185138,-0.11129953,-0.1578567,-0.17738779,-0.13365033,-0.16434002,-0.25953975,-0.14895466,-0.13272177,-0.14163649,-0.15095688,-0.17780018,-0.16380693,-0.22917573,-0.09015879,-0.110523164,-0.13508984,-0.12974164,-0.13997786,-0.17389926,-0.13908121,-0.16057305,-0.12777606,-0.07092635,-0.03704006,-0.1374638,-0.16264863,-0.17931506,-0.14332479,-0.12334781,-0.13592097,-0.12023825,-0.13852452,-0.25318068,-0.26654312,-0.08354898,-0.10945694,-0.1449202,-0.09238048,-0.18795994,-0.19039622,-0.15267974,-0.09036683,-0.13230102,-0.1498844,-0.15051147,-0.15915889,-0.17084351,-0.18429644,-0.08784344,-0.12404133,-0.14168717,-0.10256614,-0.17951453,-0.19495486,-0.19119649,-0.10026244,-0.13113372,-0.07932228,-0.12805733,-0.19006202,-0.19337457,-0.19175854,-0.12407033,-0.07518342,-0.09712495,-0.11850813,-0.13674532,-0.12406494,-0.121451,-0.09449501,-0.09643856,-0.10856459,-0.082459606,-0.112764075,-0.13256744,-0.16766213,-0.1410757,-0.13653228,-0.18093297,-0.17825818,-0.19385132,-0.14504284,-0.15549555,-0.1358197,-0.119081676,-0.14001076,-0.19117098,-0.19091177,-0.18153039,-0.19755594,-0.25103784,-0.20219928,-0.19029036,-0.1912126,-0.18242717,-0.17400569,-0.27554205,-0.08916744,-0.11956477,-0.12815735,-0.15751183,-0.20931396,-0.18224281,-0.29657933,-0.32474133,-0.15181069,-0.3242122,-0.17325558,-0.17108874,-0.2185038,-0.17647925,-0.114121355,-0.14003107,-0.15388772,-0.15788373,-0.22984435,-0.18186735,-0.2529605,-0.1044963,-0.12455491,-0.13880132,-0.12447892,-0.15189947,-0.15551744,-0.1568124,-0.14014931,-0.15141064,-0.16373801,-0.1556703,-0.1539198,-0.15340213,-0.13382159,-0.123313956,-0.14667481,-0.19049792,-0.17729658,-0.21025829,-0.3990198,-0.20076823,-0.11352347,-0.1296617,-0.118628696,-0.14826751,-0.16636807,-0.18709859,-0.19183747,-0.13204786,-0.0764022,-0.15373048,-0.14006831,-0.14106366,-0.11900036,-0.19987361,-0.1649412,-0.15891352,-0.14165802,-0.1236811,-0.12722544,-0.14610182,-0.2588673,-0.107479185,-0.13074079,-0.09132757,-0.12832497,-0.12956578,-0.15029167,-0.15229304,-0.096383624,1.4298726,-0.12460779,-0.11072491,-0.13811056,-0.15122361,-0.1707118,-0.14334308,-0.11670077,-0.17431366,-0.15216425,-0.14267743,-0.12535153,-0.14241272,-0.17466888,-0.13176009,-0.13252123,-0.14603136,-0.12296429,-0.08722703,-0.05825615,-0.1437895,-0.17082691,-0.026243303,-0.16709644,-0.2829064,-0.31316653,-0.19722065,-0.14601645,-0.14331596,-0.14862512,-0.12963767,-0.25088155,-0.19364184,-0.18890722,-0.09477817,-0.10945727,-0.10702289,-0.09380965,-0.12759323,-0.15337336,-0.15746465,-0.16716236,-0.12812386,-0.0969081,-0.16398169,-0.14438882,-0.11335766,-0.18846886,-0.1706479,-0.15416016,-0.12595534,-0.115196005,-0.11305489,-0.11662802,-0.17631665,-0.13883491,-0.13456357,-0.096878245,-0.12102517,-0.091858536,-0.12434345,-0.13637733,-0.063823454,-0.13877153,-0.11419349,-0.13416323,-0.24483351,-0.2571875,-0.29957527,-0.1465051,-0.15689385,-0.13246238,-0.19104545,-0.0782174,-0.17238688,-0.16470715,-0.09859173,-0.11065883,-0.11523369,-0.076612435,-0.083404,-0.1213824,-0.13072303,-0.13855581,-0.19385117,-0.09907515,-0.15625462,-0.19487974,-0.19122887,-0.18702304,-0.1115546,-0.1431743,-0.10315277,-0.15994862,-0.19398347,-0.1734578,-0.16936553,-0.14313361,-0.14266358,-0.101746425,-0.15357523,-0.16170144,-0.1809865,-0.19480103,-0.12151301,-0.14767525,-0.113976374,-0.080007926,-0.14369038,-0.20725825,-0.16126987,-0.125103,-0.15657571,-0.15690626,-0.14375085,-0.19202894,-0.16312216,-0.18251789,3.311504,-0.19665681,-0.18090764,-0.1715826,-0.19277167,-0.15753973,-0.14054683,-0.13067493,-0.12557748,-0.13871136,-0.16378027,-0.30584824,-0.16714966,-0.18142012,-0.19264771,-0.11441202,-0.15111917,-0.14081264,-0.17836215,-0.1672,-0.16482003,-0.14331086,-0.18237996,-0.12853101,-0.15364107,-0.1377509,-0.24156228,-0.17956635,-0.10335438,-0.13543688,-0.14218685,-0.17504612,-0.11038793,-0.1349031,-0.15279134,-0.16016337,-0.18180129,-0.15447712,-0.14963503,-0.19184028,-0.17580938,-0.16460474,-0.14723541,-0.14623587,-0.11499533,-0.10471026,-0.13541898,-0.20148799,-0.17758287,-0.12513243,-0.1657596,-0.18041904,-0.18738703,-0.11705899,-0.17667216,-0.25758815,-0.09255485,-0.09226647,-0.11496336,-0.1361958,-0.14819887,-0.09850523,-0.18943511
k__Bacteria|p__Firmicutes|c__Clostridia|o__Eubacteriales|f__Oscillospiraceae|g__Oscillospiraceae_unclassified|s__Clostridium_leptum,-0.1004395,-0.12316422,-0.14123893,-0.20428483,-0.16659474,-0.19239683,-0.1666669,-0.1449009,-0.12524295,-0.18297468,-0.18286993,-0.21951422,-0.16908303,-0.20220399,-0.103318736,-0.09932247,-0.058144663,-0.09981716,-0.107877314,-0.17027378,-0.1978925,-0.12536043,-0.13623595,-0.15214704,-0.17093247,-0.11658599,-0.16730814,-0.17363396,-0.1509206,-0.12124001,-0.135236,-0.105803564,-0.14815687,-0.1943842,-0.18827283,-0.2175087,-0.16068305,-0.22338755,-0.1961426,-0.29867563,-0.29210672,-0.19652513,-0.10728167,-0.09162698,-0.13691942,-0.15477835,-0.23188588,-0.19267565,-0.14618406,-0.2026537,-0.18362942,-0.18279888,-0.19599047,-0.19666156,-0.20033205,-0.15716255,-0.12564959,-0.14347261,-0.09271844,-0.09585413,-0.1706933,-0.14233176,-0.13743341,-0.14672525,-0.12719077,-0.15109012,-0.2613474,-0.22333384,-0.18812616,-0.20047067,-0.14537829,-0.14904672,-0.13052088,-0.14237776,-0.15023747,-0.16363075,-0.1464598,-0.16278498,-0.15917414,-0.14998752,-0.14720362,-0.1566764,-0.15290248,-0.22480208,-0.120334074,-0.14140314,-0.11840223,-0.16051562,-0.17342761,-0.15537643,-0.16776946,-0.11139822,-0.1388583,-0.13027036,-0.12858328,-0.15152657,-0.14271161,-0.11571057,-0.10065024,-0.09089969,-0.105553925,-0.120364904,-0.13477355,-0.15027548,-0.1601399,-0.1185138,-0.11129953,-0.1578567,-0.17738779,-0.13321403,-0.16353041,-0.25953975,-0.14851068,-0.13266085,-0.1412484,-0.15095688,-0.17780018,-0.16294107,-0.22917573,-0.09015879,-0.11050706,-0.13472769,-0.12952574,-0.13997786,-0.17327341,-0.13908121,-0.16057305,-0.12777606,-0.07092635,-0.03704006,-0.13672303,-0.16167367,-0.1783785,-0.14332479,-0.12334781,-0.13585217,-0.12023825,-0.1381044,-0.25318068,-0.26654312,-0.08396204,-0.10945694,-0.14423648,-0.09238048,-0.18696423,-0.18938242,-0.15262386,-0.09059957,-0.13230102,-0.14940956,-0.1500756,-0.15856469,-0.16998889,-0.18298815,-0.08821984,-0.12368223,-0.14125727,-0.10256614,-0.17951453,-0.19495486,-0.19010665,-0.100235805,-0.13113372,-0.079582214,-0.12766373,-0.19006202,-0.19230554,-0.19071147,-0.12357585,-0.07599132,-0.09718833,-0.11840564,-0.13643071,-0.12406494,-0.121451,-0.09467269,-0.09684013,-0.10866659,-0.082459606,-0.1127439,-0.132168,-0.16664547,-0.1410757,-0.13636732,-0.18093297,-0.17825818,-0.19298518,-0.14433795,-0.15549555,-0.13526687,-0.119081676,-0.14001076,-0.19117098,-0.19005954,-0.18079695,-0.19755594,-0.25103784,-0.20219928,-0.18936867,-0.19026582,-0.181804,-0.1730786,-0.27554205,-0.08916744,-0.11956477,-0.12804735,-0.15751183,-0.20931396,-0.18224281,-0.29657933,-0.32474133,-0.15299703,-0.3242122,-0.17325558,-0.17108874,-0.2185038,-0.17647925,-0.114121355,-0.13986051,-0.15388772,-0.15788373,-0.22984435,-0.18186735,-0.25188127,-0.10451883,-0.12455491,-0.1384754,-0.12415378,-0.15189947,-0.1546361,-0.15581878,-0.14014931,-0.15141064,-0.16271274,-0.15506394,-0.15323567,-0.15282524,-0.13376918,-0.12314451,-0.14624973,-0.18958923,-0.17639408,-0.21025829,-0.3990198,-0.1994559,-0.113502786,-0.1296617,-0.11822432,-0.1477618,-0.16636807,-0.1858823,-0.19088079,-0.13176094,-0.07713543,-0.15256453,-0.13968244,-0.14106366,-0.118431024,-0.19987361,-0.1649412,-0.1585823,-0.14128643,-0.12366076,-0.12722544,-0.14610182,-0.2588673,-0.10740238,-0.13074079,-0.09132757,-0.12832497,-0.12914114,-0.14967892,-0.15158112,-0.09656544,-0.08910369,-0.124287486,-0.110706046,-0.13765651,-0.15059069,-0.16977824,-0.14273603,-0.11666132,-0.17341782,-0.15169697,-0.14214665,-0.12526199,-0.14177874,-0.17466888,-0.13176009,-0.1321216,-0.14554065,-0.12287939,-0.08722703,-0.05825615,-0.14330989,-0.17082691,-0.026243303,-0.16616908,-0.2829064,2.1757367,-0.19643182,-0.1454506,-0.14331596,-0.14862512,-0.12963767,-0.25088155,-0.19243884,-0.18766466,-0.09501685,-0.1093833,-0.10702289,-0.0937731,-0.12759323,-0.15276408,-0.15746465,-0.16655865,-0.12812386,-0.0969081,-0.16398169,-0.14352712,-0.11335766,-0.18846886,-0.1706479,-0.15365654,-0.12574014,-0.115196005,-0.11293508,-0.11662802,-0.17547348,-0.13825554,-0.13416408,-0.096878245,-0.12093996,-0.092069946,-0.12434345,-0.13602822,-0.063823454,-0.13877153,-0.11419349,-0.13363108,-0.24483351,-0.2571875,-0.29957527,-0.14585322,-0.1563926,-0.1319116,-0.19104545,-0.0782174,-0.17130868,-0.1639888,-0.09859173,-0.11065883,-0.115065254,-0.076612435,-0.083404,-0.1213824,-0.13072303,-0.13855581,-0.19385117,-0.099046454,-0.15527378,-0.19487974,-0.19034396,-0.18608974,-0.111358866,-0.14289956,-0.10311252,-0.15871558,-0.19307068,-0.17196177,-0.16875787,-0.14258239,-0.14218652,-0.10201369,-0.15295303,-0.16126542,-0.1803424,-0.19397518,-0.121134266,-0.14698796,-0.114103556,-0.08057125,-0.1425932,-0.20725825,-0.16045442,-0.125103,-0.15657571,-0.15690626,-0.1434768,-0.19202894,-0.16226253,-0.18142833,-0.2963242,-0.19609146,-0.18029879,-0.17121309,-0.19175406,-0.15701029,-0.14054683,-0.13022861,-0.12557748,-0.1382739,-0.1628502,-0.30584824,-0.16642167,-0.18044513,-0.19196498,-0.11441202,-0.15037563,-0.14039361,-0.17742497,-0.1663436,-0.16416532,-0.14331086,-0.18237996,-0.12824973,-0.15317851,-0.13707772,-0.24156228,-0.17891487,-0.10335106,-0.1352504,-0.14160216,-0.17376868,-0.11055964,-0.13440293,-0.15193519,-0.15944888,-0.18129672,-0.15361916,-0.14875767,-0.19184028,-0.17481366,-0.16372165,-0.14723541,-0.14623587,-0.11499533,-0.10471026,-0.1348145,-0.20148799,-0.1765118,-0.12513243,-0.16602275,-0.18041904,-0.18738703,-0.11705899,-0.17550413,-0.25645792,-0.092825785,-0.09256593,-0.114826545,-0.13570696,-0.14762352,-0.098670855,-0.18816595
k__Bacteria|p__Firmicutes|c__Clostridia|o__Eubacteriales|f__Eubacteriales_unclassified|g__Gemmiger|s__Gemmiger_formicilis,-0.1004395,-0.12316422,-0.14180613,-0.20428483,-0.16657116,-0.19315605,-0.1666669,-0.14506456,-0.1252069,-0.1834039,-0.18239656,-0.22497255,-0.16923596,-0.20413058,-0.10359323,-0.09984912,-0.058144663,-0.100244686,-0.10796012,-0.17079015,-0.1978925,-0.12536043,-0.13641909,-0.15222195,-0.17118378,-0.11658599,-0.1673156,-0.1738536,-0.1509206,-0.12124001,-0.13524058,-0.10598454,-0.14828892,-0.19526047,-0.18889478,-0.2175087,-0.1605194,-0.22338755,-0.19658214,-0.29867563,-0.29210672,-0.19784616,-0.10767065,-0.09162698,-0.13691942,-0.15501505,-0.23188588,-0.19354323,-0.14662862,-0.2026537,-0.18323705,-0.18279888,-0.19652215,-0.19756123,-0.20279917,-0.1579825,-0.12593669,-0.14384085,-0.092690825,-0.09606677,-0.17097709,-0.14241472,-0.13743341,-0.1469145,-0.12719077,-0.15131912,-0.2613474,-0.22333384,-0.18833916,-0.20047067,-0.14571834,-0.14916877,-0.13082628,-0.1427207,-0.15069565,-0.1638553,-0.14658308,-0.16278498,-0.15914334,-0.14998752,-0.14708367,-0.15688482,-0.15325877,-0.22480208,-0.120334074,-0.1415452,-0.11858846,-0.1608577,-0.17374772,-0.15552437,-0.16793194,-0.11139822,-0.1388583,-0.13027036,-0.12885293,-0.15152657,-0.14266157,-0.11592566,-0.10065024,-0.09096062,-0.10590271,-0.12079087,-0.1351134,-0.15027548,-0.16027582,-0.1185138,-0.11129953,-0.1578567,-0.17738779,-0.13376102,-0.16367246,-0.25953975,-0.14868309,-0.13268946,-0.14162135,-0.15095688,-0.17780018,-0.16359553,-0.22917573,-0.09015879,-0.1105015,-0.13479151,-0.12977143,-0.13997786,-0.1734683,-0.13908121,-0.16057305,-0.12777606,-0.07092635,-0.03704006,-0.1373294,-0.16199207,-0.17865826,-0.14332479,-0.12334781,-0.13582745,-0.12023825,-0.13816875,-0.25318068,-0.26654312,-0.08408244,-0.10945694,-0.14446723,-0.09238048,-0.18752958,-0.18986028,-0.153013,-0.09084958,-0.13230102,-0.14952445,-0.15028498,-0.15884896,-0.17034012,-0.18340185,-0.088426486,-0.1241882,-0.14106476,-0.10256614,-0.17951453,-0.19495486,-0.19081134,-0.10059585,-0.13113372,-0.08016835,-0.12803565,-0.19006202,-0.19289225,-0.19128095,-0.123744234,-0.075970754,-0.097646974,-0.118765384,-0.13663211,-0.12406494,4.7778983,-0.09503971,-0.09712697,-0.1089102,-0.082459606,-0.113217175,-0.13246197,-0.16704892,-0.1410757,-0.13645047,-0.18093297,-0.17825818,-0.19369361,-0.14478783,-0.15549555,-0.13560912,-0.119081676,-0.14001076,-0.19117098,-0.19077215,-0.18111166,-0.19755594,-0.25103784,-0.20219928,-0.18975262,-0.1906504,-0.1822479,-0.17364065,-0.27554205,-0.08916744,-0.11956477,-0.12804297,-0.15751183,-0.20931396,-0.18224281,-0.29657933,-0.32474133,-0.15360078,-0.3242122,-0.17325558,-0.17108874,-0.2185038,-0.17647925,-0.114121355,-0.13992351,-0.15388772,-0.15788373,-0.22984435,-0.18186735,-0.2555166,-0.10475918,-0.12455491,-0.13858306,-0.1244078,-0.15189947,-0.15495868,-0.15619862,-0.14014931,-0.15141064,-0.16286115,-0.1550956,-0.1534123,-0.15298429,-0.13412932,-0.12315118,-0.1462855,-0.18965401,-0.17681465,-0.21025829,-0.3990198,-0.20368178,-0.113800555,-0.1296617,-0.11887052,-0.14788258,-0.16636807,-0.18629539,-0.19123688,-0.13179739,-0.0771884,-0.15306035,-0.13975969,-0.14106366,-0.118627004,-0.19987361,-0.1649412,-0.15844223,-0.14157484,-0.12375874,-0.12722544,-0.14610182,-0.2588673,-0.10770891,-0.13074079,-0.09132757,-0.12832497,-0.12931988,-0.14967093,-0.15186171,-0.09679559,-0.08910369,-0.12454963,-0.110810384,-0.13802685,-0.15072991,-0.17022392,-0.1429507,-0.11663319,-0.17370154,-0.15182073,-0.14239427,-0.12552164,-0.14219785,-0.17466888,-0.13176009,-0.13234839,-0.14573053,-0.1232209,-0.08722703,-0.05825615,-0.14351669,-0.17082691,-0.026243303,-0.16693647,5.720082,6.5129337,-0.19843616,-0.14565843,-0.14331596,-0.14862512,-0.12963767,-0.25088155,-0.19348814,-0.1881923,-0.095010094,-0.109690666,-0.10702289,-0.09420402,-0.12759323,-0.1530374,-0.15746465,-0.16692513,-0.12812386,-0.0969081,-0.16398169,-0.143729,-0.11335766,-0.18846886,-0.1706479,-0.15374398,-0.12593684,-0.115196005,-0.113207534,-0.11662802,-0.1758801,-0.1385669,-0.13442789,-0.096878245,-0.12138863,-0.092256695,-0.12434345,-0.13606001,-0.063823454,-0.13877153,-0.11419349,-0.13383517,-0.24483351,-0.2571875,-0.29957527,-0.1461651,-0.15653321,-0.1323268,-0.19104545,-0.0782174,-0.17217335,-0.16413885,-0.09859173,-0.11065883,-0.11497165,-0.076612435,-0.083404,-0.1213824,-0.13072303,-0.13855581,-0.19385117,-0.09937824,-0.1556181,-0.19487974,-0.19068639,-0.18658869,-0.11162019,-0.14303626,-0.10342473,-0.15910907,-0.19361076,-0.1728285,-0.16863304,-0.14284034,-0.14256424,-0.1021335,-0.15321597,-0.16146067,-0.18064283,-0.1946556,-0.12144708,-0.14738229,-0.11413219,-0.08063287,-0.14318025,-0.20725825,-0.16070674,-0.125103,-0.15657571,-0.15690626,-0.14369589,-0.19202894,-0.16240449,-0.18161902,-0.2963242,-0.19756469,-0.18087813,-0.17143181,-0.19255927,-0.15747151,-0.14054683,-0.13045123,-0.12557748,-0.13839144,-0.16307181,-0.30584824,-0.16656521,-0.18056998,-0.19229293,-0.11441202,-0.1505292,-0.14070944,-0.17777671,-0.16670108,-0.16439675,-0.14331086,-0.18237996,-0.12848395,-0.15309249,-0.13741949,-0.24156228,-0.17927116,-0.10364561,-0.13532238,-0.14199963,-0.17414004,-0.11061022,-0.13468677,-0.15220588,-0.15986188,-0.18145092,-0.15408683,-0.14902711,-0.19184028,-0.17502357,-0.16405712,-0.14723541,-0.14623587,-0.11499533,-0.10471026,-0.13520493,-0.20148799,-0.17675094,-0.12513243,-0.16554835,-0.18041904,-0.18738703,-0.11705899,-0.17617056,-0.2581207,-0.0931207,-0.09279751,-0.11502886,-0.13616513,-0.14792107,-0.09886499,-0.18858513
k__Bacteria|p__Firmicutes|c__Clostridia|o__Eubacteriales|f__Lachnospiraceae|g__Lachnospiraceae_unclassified|s__Lachnospiraceae_bacterium_oral_taxon_096,-0.1004395,-0.12316422,-0.14102462,-0.20428483,-0.16745271,-0.19376385,-0.1666669,-0.14543448,-0.124577865,-0.18389663,-0.18309653,-0.22486562,-0.16907573,-0.20660006,-0.103395246,-0.09936021,-0.058144663,-0.09998475,-0.10761076,-0.17083828,-0.1978925,-0.12536043,-0.1364874,-0.15281287,-0.17187119,-0.11658599,-0.16758497,-0.17452365,-0.1509206,-0.12124001,-0.13519934,-0.10562197,-0.14817013,-0.19622424,-0.18958874,-0.2175087,-0.16084495,-0.22338755,-0.19747913,-0.29867563,-0.29210672,-0.19860011,-0.10771167,-0.09162698,-0.13691942,-0.15488356,-0.23188588,-0.19419566,-0.14705059,-0.2026537,-0.18440484,-0.18279888,-0.1972988,-0.19760673,-0.20273688,-0.15866332,-0.12590705,-0.14418656,-0.09225288,-0.09558895,-0.17182317,-0.14258635,-0.13743341,-0.14718819,-0.12719077,-0.15114674,-0.2613474,-0.22333384,-0.18950322,-0.20047067,-0.14625895,-0.14963475,-0.13075987,-0.14276594,-0.15144439,-0.16481212,-0.14727187,-0.16278498,-0.15964985,-0.14998752,-0.14736524,-0.1570768,-0.15329567,-0.22480208,-0.120334074,-0.14155969,-0.11811122,-0.16165169,-0.17462298,-0.15533544,-0.16837995,-0.11139822,-0.1388583,-0.13027036,-0.12885574,-0.15152657,-0.14257637,-0.11563852,-0.10065024,-0.09024853,-0.10563287,-0.1208131,-0.13525927,-0.15027548,-0.16086242,-0.1185138,-0.11129953,-0.1578567,-0.17738779,-0.13381389,-0.16301537,-0.25953975,-0.14878643,-0.13237438,-0.14143318,-0.15095688,-0.17780018,-0.1635943,-0.22917573,-0.09015879,-0.10979701,-0.1346608,-0.12971368,-0.13997786,-0.17374507,-0.13908121,-0.16057305,-0.12777606,-0.07092635,-0.03704006,-0.1371915,-0.16241398,-0.17924693,-0.14332479,-0.12334781,-0.13592401,-0.12023825,-0.13833728,-0.25318068,-0.26654312,-0.083677575,-0.10945694,-0.14499086,-0.09238048,-0.18785241,-0.19053553,-0.15297729,-0.090415746,-0.13230102,-0.14946426,-0.1503219,-0.15914112,-0.17080022,-0.1846567,-0.087808035,-0.123909876,-0.14155164,-0.10256614,-0.17951453,-0.19495486,-0.19189738,-0.100191094,-0.13113372,-0.07919945,-0.1276269,-0.19006202,-0.19402802,-0.19207811,-0.123847716,-0.07568791,-0.09738915,-0.11835663,-0.13655895,-0.12406494,-0.121451,-0.09465486,-0.096695274,-0.1086228,-0.082459606,-0.113000095,-0.13258126,-0.16775429,-0.1410757,-0.13608253,-0.18093297,-0.17825818,-0.19447042,-0.1447458,-0.15549555,-0.13558275,-0.119081676,-0.14001076,-0.19117098,-0.19166997,-0.18133926,-0.19755594,-0.25103784,-0.20219928,-0.19041118,-0.19110426,-0.1825934,-0.1736863,-0.27554205,-0.08916744,-0.11956477,-0.12754549,-0.15751183,-0.20931396,-0.18224281,-0.29657933,-0.32474133,-0.1487771,-0.3242122,-0.17325558,-0.17108874,-0.2185038,-0.17647925,-0.114121355,-0.13974257,-0.15388772,-0.15788373,-0.22984435,-0.18186735,-0.25631976,-0.10444888,-0.12455491,-0.13856515,-0.1242526,-0.15189947,-0.15569082,-0.15704,-0.14014931,-0.15141064,-0.16369644,-0.15537065,-0.15376991,-0.15300234,-0.13398758,-0.12301409,-0.14616135,-0.19064304,-0.17708261,-0.21025829,-0.3990198,-0.20056035,-0.11363554,-0.1296617,-0.11877231,-0.14781278,-0.16636807,-0.18745399,-0.19199583,-0.13141578,-0.076800615,-0.15341274,-0.13986246,-0.14106366,-0.11759736,-0.19987361,-0.1649412,-0.15856573,-0.14118482,-0.12360858,-0.12722544,-0.14610182,-0.2588673,-0.10716388,-0.13074079,-0.09132757,-0.12832497,-0.12935686,-0.14987566,-0.15248157,-0.096523166,-0.08910369,-0.12435165,-0.1105409,-0.13778889,-0.15085989,-0.17074582,-0.14312798,-0.1162336,-0.174139,-0.15194294,-0.14257121,-0.12538251,-0.14240159,-0.17466888,-0.13176009,-0.13226426,-0.1459945,-0.12322796,-0.08722703,-0.05825615,-0.1435278,-0.17082691,-0.026243303,-0.16634479,-0.2829064,-0.31316653,-0.19712044,-0.14586508,-0.14331596,-0.14862512,-0.12963767,-0.25088155,-0.19469249,-0.18917072,-0.09453866,-0.10956977,-0.10702289,-0.09390335,-0.12759323,-0.1525922,-0.15746465,-0.16741037,-0.12812386,-0.0969081,-0.16398169,-0.1441901,-0.11335766,-0.18846886,-0.1706479,-0.15406117,-0.1259853,-0.115196005,-0.112798974,-0.11662802,-0.1767475,-0.13873301,-0.13494736,-0.096878245,-0.12120113,-0.0918756,-0.12434345,-0.13608839,-0.063823454,-0.13877153,-0.11419349,-0.13364111,-0.24483351,-0.2571875,-0.29957527,-0.14640142,-0.15698484,-0.13215357,-0.19104545,-0.0782174,-0.17277236,-0.16449863,-0.09859173,-0.11065883,-0.11488254,-0.076612435,-0.083404,-0.1213824,-0.13072303,-0.13855581,-0.19385117,-0.09938978,-0.15557384,-0.19487974,-0.19123378,-0.18712279,-0.11138247,-0.14328542,-0.10338101,-0.1599808,-0.19415693,-0.17310593,-0.16921738,-0.14298363,-0.14281365,-0.10121234,-0.1531417,-0.16164696,-0.18087706,-0.19538115,-0.121472836,-0.14785326,-0.113865554,-0.079934254,-0.14224264,-0.20725825,-0.16142611,-0.125103,-0.15657571,-0.15690626,-0.14354682,-0.19202894,-0.1626766,-0.1825879,-0.2963242,-0.19727716,-0.18046847,-0.17168558,-0.19304876,-0.1572921,-0.14054683,-0.1304579,-0.12557748,-0.13834661,-0.16278633,-0.30584824,-0.16645628,-0.18190959,-0.1929733,-0.11441202,-0.1505959,-0.14065127,-0.17801933,-0.16715297,-0.16499321,-0.14331086,-0.18237996,-0.12807631,-0.15295276,-0.13633442,-0.24156228,-0.1799955,-0.10334435,-0.13507582,-0.14225902,-0.17513435,-0.110253796,-0.13448535,-0.15293494,-0.1605674,-0.18201044,-0.15458052,-0.14937976,-0.19184028,-0.17561805,-0.16490999,-0.14723541,-0.14623587,-0.11499533,-0.10471026,-0.13462245,-0.20148799,-0.1778315,-0.12513243,-0.16558796,-0.18041904,-0.18738703,-0.11705899,-0.17745247,-0.2605748,-0.09267545,-0.092370935,-0.1146562,-0.13610719,-0.14814705,-0.09826262,-0.18960328
k__Bacteria|p__Firmicutes|c__Clostridia|o__Eubacteriales|f__Lachnospiraceae|g__Enterocloster|s__Enterocloster_asparagiformis,-0.1004395,-0.12316422,-0.14135078,-0.20428483,-0.16586858,-0.19325918,-0.1666669,-0.14497781,-0.12504128,-0.183474,-0.1822272,-0.2202872,-0.17042738,-0.20164439,-0.10339981,-0.09893594,-0.058144663,-0.09995487,-0.107807145,-0.17087112,-0.1978925,-0.12536043,-0.136511,-0.15256713,-0.17136967,-0.11658599,-0.1671421,-0.17391463,-0.1509206,-0.12124001,-0.13495162,-0.10577609,-0.14811411,-0.1952594,-0.18916011,-0.2175087,-0.15978873,-0.22338755,-0.19566226,-0.29867563,-0.29210672,-0.1980661,-0.10747282,-0.09162698,-0.13691942,-0.15457535,-0.23188588,-0.19289777,-0.14670682,-0.2026537,-0.18226334,-0.18279888,-0.19574428,-0.19777128,-0.20285216,-0.15883508,-0.12594295,-0.14390785,-0.0928532,-0.09612081,-0.17127794,-0.14283189,-0.13743341,-0.1468685,-0.12719077,-0.15126708,-0.2613474,-0.22333384,-0.18810919,-0.20047067,-0.14593235,-0.14921884,-0.13076648,-0.14282891,-0.1517084,-0.16411547,-0.14708814,-0.16278498,-0.15829328,-0.14998752,-0.14717653,-0.15670641,-0.15339844,-0.22480208,-0.120334074,-0.14152122,-0.11850712,-0.16129398,-0.17403273,-0.15513258,-0.16802597,-0.11139822,-0.1388583,-0.13027036,-0.12915769,-0.15152657,-0.14271925,-0.11572589,-0.10065024,-0.09083168,-0.10612859,-0.12090943,-0.13527806,-0.15027548,-0.16038546,-0.1185138,-0.11129953,-0.1578567,-0.17738779,-0.13371676,-0.16342263,-0.25953975,-0.14845175,-0.13239077,-0.14146566,-0.15095688,-0.17780018,-0.16287968,-0.22917573,-0.09015879,-0.11008294,-0.13473499,-0.12984622,-0.13997786,-0.17314139,-0.13908121,-0.16057305,-0.12777606,-0.07092635,-0.03704006,-0.13683024,-0.16245487,-0.1784526,-0.14332479,-0.12334781,-0.13568735,-0.12023825,-0.13866413,-0.25318068,-0.26654312,-0.084086716,-0.10945694,-0.145028,-0.09238048,-0.18731855,-0.18945283,-0.15255888,-0.090735964,-0.13230102,-0.14942127,-0.15012562,-0.15884668,-0.1703415,-0.18426217,-0.088192016,-0.12379499,-0.14068228,-0.10256614,-0.17951453,-0.19495486,-0.19115907,-0.100605845,-0.13113372,-0.080344126,-0.12863575,-0.19006202,-0.1928879,-0.19110039,-0.12376168,-0.07588823,-0.09750046,-0.11861914,-0.13667452,-0.12406494,-0.121451,-0.09481992,-0.09698872,-0.1087808,-0.082459606,-0.11332435,-0.13284041,-0.16712478,-0.1410757,-0.13611637,-0.18093297,-0.17825818,-0.1934967,-0.1447539,-0.15549555,-0.13570875,-0.119081676,-0.14001076,-0.19117098,-0.18999551,-0.18042074,-0.19755594,-0.25103784,-0.20219928,-0.18935892,-0.19000703,-0.18214063,-0.17310834,-0.27554205,-0.08916744,-0.11956477,-0.12783007,-0.15751183,-0.20931396,-0.18224281,-0.29657933,1.5241412,-0.15050581,0.9791099,-0.17325558,-0.17108874,1.7530811,-0.17647925,-0.114121355,-0.139456,-0.15388772,-0.15788373,-0.22984435,-0.18186735,-0.25361967,-0.10468384,-0.12455491,-0.13858238,-0.12460408,-0.15189947,-0.15553969,-0.15646458,-0.14014931,-0.15141064,-0.16340466,-0.15489198,-0.15351179,-0.15270996,-0.13388965,-0.12329901,-0.14622253,-0.1902989,-0.17660244,-0.21025829,-0.3990198,-0.20197679,-0.113728315,-0.1296617,-0.11885314,-0.14822128,-0.16636807,-0.18655336,-0.19118991,-0.13124168,-0.07771602,-0.15349531,-0.13985917,-0.14106366,-0.11850184,-0.19987361,-0.1649412,-0.15774448,-0.141211,-0.12370291,-0.12722544,-0.14610182,-0.2588673,-0.107482985,-0.13074079,-0.09132757,-0.12832497,-0.12972581,-0.14970376,-0.15205786,-0.09671559,-0.08910369,-0.12463075,-0.11087299,-0.13783972,-0.15075901,-0.17040248,-0.14296786,-0.116555065,-0.17352313,-0.15181339,-0.14242029,-0.12541825,-0.1424379,-0.17466888,-0.13176009,-0.13253868,-0.14575595,-0.1232544,-0.08722703,-0.05825615,-0.14355735,-0.17082691,-0.026243303,-0.16483293,-0.2829064,-0.31316653,-0.19802521,-0.14570355,-0.14331596,-0.14862512,-0.12963767,-0.25088155,-0.19313276,-0.1883932,-0.09534534,-0.109635934,-0.10702289,-0.09518269,2.7547653,-0.15287632,1.7376152,-0.16669677,-0.12812386,-0.0969081,-0.16398169,-0.14414069,-0.11335766,-0.18846886,-0.1706479,-0.15347816,-0.12596184,-0.115196005,-0.113442995,-0.11662802,-0.17602338,-0.1386351,-0.13464402,-0.096878245,-0.12124527,-0.09253904,-0.12434345,-0.13593253,-0.063823454,-0.13877153,-0.11419349,-0.13378683,-0.24483351,-0.2571875,-0.29957527,-0.14610326,-0.15661834,-0.13263944,-0.19104545,-0.0782174,-0.17208144,-0.16392967,-0.09859173,-0.11065883,-0.11500571,-0.076612435,-0.083404,-0.1213824,-0.13072303,-0.13855581,-0.19385117,-0.09963077,-0.15546775,-0.19487974,-0.19042535,-0.1865369,-0.11163284,-0.14260244,-0.10391767,-0.15961044,-0.19373268,-0.17314199,-0.1686666,-0.14275141,-0.14240283,-0.101673305,-0.1532582,-0.16121241,-0.1802215,-0.19431217,-0.12173104,-0.14744228,-0.11387599,-0.080806196,-0.14314844,-0.20725825,-0.16035998,-0.125103,-0.15657571,-0.15690626,-0.14325145,-0.19202894,-0.16233096,-0.18206725,-0.2963242,-0.19516747,-0.18034574,-0.17093082,-0.19200611,-0.15702754,-0.14054683,-0.13045049,-0.12557748,-0.13840446,-0.1621737,-0.30584824,-0.16599748,-0.18101698,-0.191962,-0.11441202,-0.15087058,-0.1404037,-0.17752534,-0.16664413,-0.16451323,-0.14331086,-0.18237996,-0.12800846,-0.15284044,-0.13747853,-0.24156228,-0.17824689,-0.10357132,-0.13488305,-0.14236003,-0.17436674,-0.11055887,-0.13461524,-0.15272772,-0.15964857,-0.18075004,-0.15463081,-0.14947869,-0.19184028,-0.17493375,-0.16424923,-0.14723541,-0.14623587,-0.11499533,-0.10471026,-0.13548696,-0.20148799,-0.17687757,-0.12513243,-0.16416533,-0.18041904,-0.18738703,-0.11705899,-0.1772021,-0.25778732,-0.0929664,-0.09272121,-0.11486044,-0.1362712,-0.14798288,-0.09896371,-0.18887106
k__Bacteria|p__Firmicutes|c__CFGB76352|o__OFGB76352|f__FGB76352|g__GGB4593|s__GGB4593_SGB6353,-0.1004395,-0.12316422,-0.14133283,-0.20428483,-0.1677824,-0.19400539,-0.1666669,-0.14563593,-0.124842465,-0.18443717,-0.18349063,-0.22428855,-0.16939244,-0.20512109,-0.103055105,-0.0991653,-0.058144663,-0.099899955,-0.1076932,-0.17138427,-0.1978925,-0.12536043,-0.13682517,-0.15320158,-0.1721083,-0.11658599,-0.16812423,-0.17501864,-0.1509206,-0.12124001,-0.13554658,-0.10532755,-0.14870325,-0.19606954,-0.18987682,-0.2175087,-0.16163205,-0.22338755,-0.19780898,-0.29867563,-0.29210672,-0.19826819,-0.10731757,-0.09162698,-0.13691942,-0.15546086,-0.23188588,-0.19436409,-0.1469419,-0.2026537,-0.18467173,-0.18279888,-0.19756028,-0.19834416,-0.20268403,-0.15849209,-0.125985,-0.1442588,-0.092307106,-0.09548697,-0.17206666,-0.14297864,-0.13743341,-0.14746109,-0.12719077,-0.15146907,-0.2613474,-0.22333384,-0.18967623,-0.20047067,-0.14633921,-0.1498517,-0.13087308,-0.14299047,-0.1514971,-0.16512607,-0.14755926,-0.16278498,-0.15996736,-0.14998752,-0.14785713,-0.1574144,-0.15372391,-0.22480208,-0.120334074,-0.1418902,-0.11839566,-0.1617747,-0.1749812,-0.15595439,-0.16898304,-0.11139822,-0.1388583,-0.13027036,-0.12888357,-0.15152657,-0.14297834,-0.11579182,-0.10065024,-0.09015639,-0.105407014,-0.120644145,-0.13531724,-0.15027548,-0.1612223,-0.1185138,-0.11129953,-0.1578567,-0.17738779,-0.13395694,-0.163928,-0.25953975,-0.14916672,-0.13272414,-0.1416879,-0.15095688,-0.17780018,-0.16372561,-0.22917573,-0.09015879,-0.11024113,-0.13500538,-0.12985402,-0.13997786,-0.17421442,-0.13908121,-0.16057305,-0.12777606,-0.07092635,-0.03704006,-0.13720702,-0.16270459,-0.17983162,-0.14332479,-0.12334781,-0.13597104,-0.12023825,-0.13862526,-0.25318068,-0.26654312,-0.08333512,-0.10945694,-0.14502336,-0.09238048,-0.18829821,-0.19085513,-0.1532127,-0.090140924,-0.13230102,-0.14995763,-0.15069488,-0.15952593,-0.17115918,-0.1847972,-0.08757004,-0.12402511,-0.14192292,-0.10256614,-0.17951453,-0.19495486,-0.19201791,-0.09998294,-0.13113372,-0.07881814,-0.12771153,-0.19006202,-0.19410348,-0.19234353,-0.1240718,-0.07509812,-0.09693252,-0.11836682,-0.13679637,-0.12406494,-0.121451,-0.094397016,-0.09633372,-0.10841867,-0.082459606,-0.11262716,-0.13246092,-0.16797565,-0.1410757,-0.13657287,-0.18093297,-0.17825818,-0.19457713,-0.14483294,-0.15549555,-0.13582516,-0.119081676,-0.14001076,-0.19117098,-0.19173604,-0.18200156,-0.19755594,-0.25103784,-0.20219928,-0.19072779,-0.19159396,-0.1829697,-0.1740292,-0.27554205,-0.08916744,-0.11956477,-0.12783474,-0.15751183,-0.20931396,-0.18224281,-0.29657933,-0.32474133,-0.15135446,-0.3242122,-0.17325558,-0.17108874,-0.2185038,-0.17647925,-0.114121355,-0.14008784,-0.15388772,-0.15788373,-0.22984435,-0.18186735,-0.25473702,-0.10433901,-0.12455491,-0.13880822,-0.12433183,-0.15189947,-0.15572603,-0.15712634,-0.14014931,-0.15141064,-0.16403477,-0.15587057,-0.15413213,-0.1534319,-0.1340599,-0.123285584,-0.14668229,-0.1913004,-0.17756602,-0.21025829,-0.3990198,-0.20037392,-0.11346727,-0.1296617,-0.11842575,-0.1482925,-0.16636807,-0.18760294,-0.19234031,-0.13195466,-0.07618056,-0.15357307,-0.14009213,-0.14106366,-0.11860737,-0.19987361,-0.1649412,-0.15915236,-0.1415984,-0.12367133,-0.12722544,-0.14610182,-0.2588673,-0.107203245,-0.13074079,-0.09132757,-0.12832497,-0.12957129,-0.1502712,-0.15268672,-0.096279636,-0.08910369,-0.1244265,-0.11046505,-0.13809273,-0.15117343,-0.17111695,-0.14334187,-0.11648961,-0.17457928,-0.15223685,-0.14286572,-0.125317,-0.14275587,-0.17466888,-0.13176009,-0.13244441,-0.14616348,-0.123137616,-0.08722703,-0.05825615,-0.14385033,-0.17082691,-0.026243303,-0.16683626,-0.2829064,-0.31316653,-0.19737163,-0.14619,-0.14331596,-0.14862512,-0.12963767,-0.25088155,-0.1944657,-0.18940507,-0.09451249,-0.10939731,-0.10702289,-0.09359326,-0.12759323,-0.15324229,-0.15746465,-0.1677674,-0.12812386,-0.0969081,-0.16398169,-0.14448008,-0.11335766,-0.18846886,-0.1706479,-0.15452272,-0.12604247,-0.115196005,-0.11293553,-0.11662802,-0.17687301,-0.13892928,-0.1347815,-0.096878245,-0.12100677,-0.09162426,-0.12434345,-0.13652897,-0.063823454,-0.13877153,-0.11419349,-0.13400596,-0.24483351,-0.2571875,-0.29957527,-0.14659329,-0.15727177,-0.13223064,-0.19104545,-0.0782174,-0.17260838,-0.16507591,-0.09859173,-0.11065883,-0.11512026,-0.076612435,-0.083404,-0.1213824,-0.13072303,-0.13855581,-0.19385117,-0.09901719,-0.15601063,-0.19487974,-0.19170156,-0.18754628,-0.111343086,-0.1434533,-0.10297258,-0.16011456,-0.19452548,-0.17356412,-0.16967149,-0.14320862,-0.14289095,-0.101379424,-0.15357018,-0.1620946,-0.18138956,-0.19557813,-0.12139441,-0.14784566,-0.11383079,-0.07964373,-0.14303352,-0.20725825,-0.16160029,-0.125103,-0.15657571,-0.15690626,-0.1438235,-0.19202894,-0.16318583,-0.1829998,-0.2963242,-0.19689873,-0.18101183,-0.17190292,-0.1932002,-0.15760358,-0.14054683,-0.13055891,-0.12557748,-0.13846916,-0.16377719,-0.30584824,-0.1670872,-0.18194199,-0.19340816,-0.11441202,-0.15099125,-0.14085689,-0.17864291,-0.16746932,-0.16530155,-0.14331086,-0.18237996,-0.12828514,-0.1537014,-0.13716486,-0.24156228,-0.1799733,-0.1032329,-0.13545462,-0.14235662,-0.17527018,-0.11033537,-0.1346543,-0.15319568,-0.16072586,-0.18235327,-0.15474434,-0.14953262,-0.19184028,-0.17600095,-0.16516967,-0.14723541,-0.14623587,-0.11499533,-0.10471026,-0.1350533,-0.20148799,-0.17811806,-0.12513243,-0.16635938,-0.18041904,-0.18738703,-0.11705899,-0.17754088,-0.25914484,-0.09234784,-0.09212488,-0.11465313,-0.13619849,-0.14834143,-0.09817658,-0.18990509
k__Bacteria|p__Firmicutes|c__Bacilli|o__Lactobacillales|f__Lactobacillaceae|g__Limosilactobacillus|s__Limosilactobacillus_reuteri,-0.1004395,-0.12316422,-0.14172843,-0.20428483,-0.16689655,-0.19400592,-0.1666669,-0.14493144,-0.12493673,-0.18363184,-0.18312186,-0.22433501,-0.1699472,-0.20347369,-0.10278845,-0.09868368,-0.058144663,-0.09907077,-0.10743058,-0.17119616,-0.1978925,-0.12536043,-0.13617583,-0.15234801,-0.17165184,-0.11658599,-0.16752559,-0.17409566,-0.1509206,-0.12124001,-0.13506976,-0.10529317,-0.14841293,-0.19583182,-0.18955746,-0.2175087,-0.16103381,-0.22338755,-0.19751503,-0.29867563,-0.29210672,-0.19863412,-0.10678829,-0.09162698,-0.13691942,-0.15503281,-0.23188588,-0.19408077,-0.14663477,-0.2026537,-0.183844,-0.18279888,-0.19723779,-0.19870631,-0.20367253,-0.15777746,-0.12555519,-0.14373615,-0.09182912,-0.09524503,-0.17134547,-0.14245257,-0.13743341,-0.14691925,-0.12719077,-0.15147296,-0.2613474,-0.22333384,-0.18899664,-0.20047067,-0.14560723,-0.14918524,-0.13061005,-0.14263591,-0.15072316,-0.16398901,-0.1468412,-0.16278498,-0.15923634,-0.14998752,-0.14719091,-0.15711403,-0.15338019,-0.22480208,-0.120334074,-0.14149094,-0.11811014,-0.16096725,-0.1741781,-0.15582432,-0.16844116,-0.11139822,-0.1388583,-0.13027036,-0.12858501,-0.15152657,-0.14265049,-0.115247265,-0.10065024,-0.08994639,-0.10509434,-0.12024872,-0.13491127,-0.15027548,-0.16043675,-0.1185138,-0.11129953,-0.1578567,-0.17738779,-0.1335406,-0.16451406,-0.25953975,-0.14870311,-0.13249914,-0.1415827,-0.15095688,-0.17780018,-0.16394398,-0.22917573,-0.09015879,-0.1098949,-0.1346491,-0.12947968,-0.13997786,-0.17392209,-0.13908121,-0.16057305,-0.12777606,-0.07092635,-0.03704006,-0.13699841,-0.16230386,-0.1791077,-0.14332479,-0.12334781,-0.1356493,-0.12023825,-0.13821459,-0.25318068,-0.26654312,-0.082930386,-0.10945694,-0.14448932,-0.09238048,-0.18807647,-0.1904155,-0.15293856,-0.089798175,-0.13230102,-0.14960903,-0.15028748,-0.15896398,-0.17069507,-0.18407667,-0.08740761,-0.12357075,-0.14085145,-0.10256614,-0.17951453,-0.19495486,-0.19150704,-0.09980829,-0.13113372,-0.07908952,-0.1279291,-0.19006202,-0.19347605,-0.19202268,-0.12325553,-0.0746925,-0.09670126,-0.11828245,-0.13642687,-0.12406494,-0.121451,-0.0940445,-0.09622565,-0.10816795,-0.082459606,-0.11254597,-0.13218114,-0.16720907,-0.1410757,-0.13631018,-0.18093297,-0.17825818,-0.19446072,-0.14484891,-0.15549555,-0.13544655,-0.119081676,-0.14001076,-0.19117098,-0.1912193,-0.18157399,-0.19755594,-0.25103784,-0.20219928,-0.19048062,-0.19135818,-0.18277551,-0.17417169,-0.27554205,-0.08916744,-0.11956477,-0.12784922,-0.15751183,-0.20931396,-0.18224281,-0.29657933,-0.32474133,-0.1542306,-0.3242122,-0.17325558,-0.17108874,-0.2185038,-0.17647925,-0.114121355,-0.13979353,-0.15388772,-0.15788373,-0.22984435,-0.18186735,-0.2564637,-0.10403028,-0.12455491,-0.13840333,-0.12402643,-0.15189947,-0.15503617,-0.15626799,-0.14014931,-0.15141064,-0.16313675,-0.15530238,-0.15354618,-0.15323679,-0.1338139,-0.122887194,-0.14630061,-0.19032034,-0.17720851,-0.21025829,-0.3990198,-0.2035023,-0.11314805,-0.1296617,-0.11818958,-0.14806351,-0.16636807,-0.18678507,-0.19200596,-0.13159451,-0.07609681,-0.15325084,-0.1397568,-0.14106366,-0.11801352,-0.19987361,-0.1649412,-0.15871489,-0.1416091,-0.12337588,-0.12722544,-0.14610182,-0.2588673,-0.10704898,5.31757,5.0672793,-0.12832497,-0.12899938,-0.14982164,-0.15178578,-0.09582189,-0.08910369,-0.12417575,-0.11024232,-0.13782462,-0.15086031,-0.17058307,-0.14294918,-0.11622092,-0.17403226,-0.15192139,-0.1422567,-0.12520368,-0.14210838,-0.17466888,-0.13176009,-0.13223961,-0.14570482,-0.12273421,-0.08722703,-0.05825615,-0.14351916,-0.17082691,-0.026243303,-0.16705976,-0.2829064,-0.31316653,-0.19900809,-0.145648,-0.14331596,-0.14862512,-0.12963767,-0.25088155,-0.19400103,-0.18895006,-0.0943196,-0.10893471,-0.10702289,-0.09336062,-0.12759323,-0.1532096,-0.15746465,-0.16705945,-0.12812386,-0.0969081,-0.16398169,-0.14354375,-0.11335766,-0.18846886,-0.1706479,-0.15393275,-0.12559769,-0.115196005,-0.1127395,-0.11662802,-0.17614086,-0.13837668,-0.1341686,-0.096878245,-0.12082176,-0.09126398,-0.12434345,-0.13577974,-0.063823454,-0.13877153,-0.11419349,-0.1337694,-0.24483351,-0.2571875,-0.29957527,-0.1461567,-0.15668797,-0.13219464,-0.19104545,-0.0782174,-0.17261568,-0.16437127,-0.09859173,-0.11065883,-0.11442003,-0.076612435,-0.083404,-0.1213824,5.786752,-0.13855581,-0.19385117,-0.09863507,-0.15596011,-0.19487974,-0.19138846,-0.18724659,-0.11101206,-0.1428146,-0.10266413,-0.15929039,-0.19435135,-0.17308271,-0.16933586,-0.14275232,-0.14239037,-0.10150701,-0.15336058,-0.16154213,-0.1811957,-0.19536588,-0.121047966,-0.14725465,-0.11355625,-0.07948817,-0.14335936,-0.20725825,-0.16088921,-0.125103,-0.15657571,-0.15690626,-0.14357744,-0.19202894,-0.1627985,-0.18230247,-0.2963242,-0.1983891,-0.18148437,-0.17160994,-0.19317064,-0.1576542,-0.14054683,-0.1302245,-0.12557748,-0.13838814,-0.16365746,-0.30584824,-0.16704054,-0.18128064,-0.19291356,-0.11441202,-0.15073206,-0.14048012,-0.1782522,-0.16701835,-0.16465174,-0.14331086,4.804031,-0.12835325,-0.15337865,-0.13781339,2.085017,-0.17963913,-0.102831334,-0.13512073,-0.14184463,-0.17460102,-0.11005734,-0.13456875,-0.15230806,-0.15980326,-0.18184501,-0.15420122,-0.1491953,-0.19184028,-0.17564926,-0.16419831,-0.14723541,-0.14623587,-0.11499533,-0.10471026,-0.13515308,-0.20148799,-0.17726527,-0.12513243,-0.16549858,-0.18041904,-0.18738703,-0.11705899,-0.17668745,-0.2595146,-0.09210271,-0.09177245,-0.11456173,-0.13591987,-0.14794269,-0.098204516,-0.18936846
k__Bacteria|p__Firmicutes|c__Clostridia|o__Eubacteriales|f__Clostridiaceae|g__Clostridium|s__Clostridium_sp_AF20_17LB,-0.1004395,-0.12316422,-0.14099589,-0.20428483,-0.16637391,-0.19387256,-0.1666669,-0.14519528,-0.124704584,-0.18389192,-0.18308151,-0.22445187,-0.17147493,-0.20516747,-0.103206515,-0.09899552,-0.058144663,-0.09985745,-0.10747246,-0.17093547,-0.1978925,-0.12536043,-0.1364145,-0.15277168,-0.17181084,-0.11658599,-0.16738385,-0.17446545,-0.1509206,-0.12124001,-0.13503972,-0.10544331,-0.14826356,-0.1960775,-0.18996672,-0.2175087,-0.15978006,-0.22338755,-0.19692218,-0.29867563,-0.29210672,-0.19932199,-0.10741147,-0.09162698,-0.13691942,-0.15464664,-0.23188588,-0.19375491,-0.14712952,-0.2026537,-0.18264833,-0.18279888,-0.19673476,-0.19859475,-0.20421273,-0.15970698,-0.12582879,-0.14410378,-0.092170686,-0.09551267,-0.17164466,-0.1426082,-0.13743341,-0.14704156,-0.12719077,-0.15125029,-0.2613474,-0.22333384,-0.1889228,-0.20047067,-0.14610314,-0.14946325,-0.13079554,-0.14288887,-0.15180057,-0.16439995,-0.14728555,-0.16278498,-0.15863642,-0.14998752,-0.14732833,-0.15688014,-0.15339094,-0.22480208,-0.120334074,-0.14161596,-0.118105695,-0.16147675,-0.1744752,-0.1552674,-0.16853765,-0.11139822,-0.1388583,-0.13027036,-0.1290268,-0.15152657,-0.14260975,-0.115549505,-0.10065024,-0.090231255,-0.105724305,-0.12070567,-0.13523313,-0.15027548,-0.16079448,-0.1185138,-0.11129953,-0.1578567,-0.17738779,-0.13384704,-0.16335905,-0.25953975,-0.1485683,-0.13237053,-0.14156175,-0.15095688,-0.17780018,-0.1631288,-0.22917573,-0.09015879,-0.10974935,-0.13462773,-0.12980375,-0.13997786,-0.17360389,-0.13908121,-0.16057305,-0.12777606,-0.07092635,-0.03704006,-0.13693541,-0.16266102,-0.17910737,-0.14332479,-0.12334781,-0.13580392,-0.12023825,-0.1387225,-0.25318068,2.454287,-0.08353452,-0.10945694,-0.14538112,-0.09238048,-0.1879858,-0.19031242,-0.15317766,-0.090268165,-0.13230102,-0.14951004,-0.15023564,-0.15903977,-0.17066574,-0.18488242,-0.087578624,-0.12367774,-0.14114597,-0.10256614,-0.17951453,-0.19495486,-0.19195566,-0.100203335,-0.13113372,-0.07971156,-0.12839697,-0.19006202,-0.19376183,-0.19206196,-0.12371133,-0.075155824,-0.09716982,-0.11843275,-0.13672009,-0.12406494,-0.121451,-0.09449802,-0.09670696,-0.1087002,-0.082459606,-0.11316468,-0.13284126,-0.16768482,-0.1410757,-0.13593175,-0.18093297,-0.17825818,-0.19438933,-0.1449011,-0.15549555,-0.13569085,-0.119081676,-0.14001076,-0.19117098,-0.19100782,-0.18094301,-0.19755594,-0.25103784,-0.20219928,-0.19019556,-0.1906474,-0.1827878,-0.17367506,-0.27554205,-0.08916744,-0.11956477,-0.12771863,-0.15751183,-0.20931396,-0.18224281,-0.29657933,-0.32474133,-0.15032795,-0.3242122,-0.17325558,-0.17108874,-0.2185038,-0.17647925,-0.114121355,-0.13946149,-0.15388772,-0.15788373,-0.22984435,-0.18186735,-0.2570657,-0.10437368,-0.12455491,-0.13860428,-0.124413446,-0.15189947,-0.15567529,-0.15695453,-0.14014931,-0.15141064,-0.16365066,-0.15498586,-0.15366429,-0.1529936,-0.13413794,-0.123052716,-0.14618753,-0.19089013,-0.17714947,-0.21025829,-0.3990198,-0.20350493,-0.113621034,-0.1296617,-0.118801355,-0.14824161,-0.16636807,-0.18736342,-0.19193575,-0.13138132,-0.07677706,-0.15362275,-0.13990363,-0.14106366,-0.11786796,-0.19987361,-0.1649412,-0.15801327,-0.14135069,-0.12373546,-0.12722544,-0.14610182,-0.2588673,-0.10720919,-0.13074079,-0.09132757,-0.12832497,-0.12962666,-0.1498245,-0.15239316,-0.096387,-0.08910369,-0.124564484,-0.110574596,-0.13791159,-0.15090334,-0.17089887,-0.14304316,-0.11632848,-0.17403689,-0.15200564,-0.14265752,-0.1252327,-0.1427479,-0.17466888,-0.13176009,-0.13244265,-0.14591226,-0.12317534,-0.08722703,-0.05825615,-0.14353612,-0.17082691,-0.026243303,-0.16570027,-0.2829064,-0.31316653,-0.19868283,-0.14579163,-0.14331596,-0.14862512,-0.12963767,-0.25088155,-0.19411653,-0.18918267,-0.09472291,-0.10938965,-0.10702289,-0.094462976,-0.12759323,-0.15293862,-0.15746465,-0.1670295,-0.12812386,-0.0969081,-0.16398169,-0.14429554,-0.11335766,-0.18846886,-0.1706479,-0.15377507,-0.12578839,-0.115196005,-0.11312481,-0.11662802,-0.17673585,-0.13863553,-0.13482162,-0.096878245,-0.121203035,-0.09202717,-0.12434345,-0.13607231,-0.063823454,-0.13877153,-0.11419349,-0.13371873,-0.24483351,-0.2571875,-0.29957527,-0.14627363,-0.15686695,-0.13236037,-0.19104545,-0.0782174,-0.17270903,-0.16445534,-0.09859173,-0.11065883,-0.114826135,-0.076612435,-0.083404,-0.1213824,-0.13072303,-0.13855581,-0.19385117,-0.099195436,-0.15555668,-0.19487974,-0.19103706,-0.18725777,-0.111404106,-0.14294603,-0.10341323,-0.15981168,-0.19416165,-0.17376295,-0.16934134,-0.1428405,-0.14261109,-0.10122121,-0.15343028,-0.16136721,-0.18084824,-0.19542061,-0.12152381,-0.14770064,-0.11376962,-0.080066025,-0.1427511,-0.20725825,-0.16089135,-0.125103,-0.15657571,-0.15690626,-0.14329243,-0.19202894,-0.16252926,-0.18267202,-0.2963242,-0.19647446,-0.18099408,-0.1715557,-0.19302957,-0.15742488,-0.14054683,-0.13045269,-0.12557748,-0.13846251,-0.16303313,-0.30584824,-0.16613299,-0.18185559,-0.19257951,-0.11441202,-0.1510393,-0.14052299,-0.17796208,-0.16690531,-0.16498384,-0.14331086,-0.18237996,-0.127939,-0.15310219,-0.13698193,-0.24156228,-0.17928748,-0.103281245,-0.13481444,-0.1423192,-0.17492731,-0.110290356,-0.13456434,-0.15306304,-0.16014948,-0.18138048,-0.15487108,-0.14939973,-0.19184028,-0.17528787,-0.16475534,-0.14723541,-0.14623587,-0.11499533,-0.10471026,-0.1352223,-0.20148799,-0.17755666,-0.12513243,-0.16477714,-0.18041904,-0.18738703,-0.11705899,-0.17775974,-0.26016366,-0.09251836,-0.092329025,-0.11458154,-0.13629502,-0.14824039,-0.09849752,-0.18963066
k__Bacteria|p__Firmicutes|c__Tissierellia|o__Tissierellales|f__Peptoniphilaceae|g__Peptoniphilus|s__Peptoniphilus_senegalensis,-0.1004395,-0.12316422,-0.14178522,-0.20428483,-0.16698895,-0.19408163,-0.1666669,-0.14520255,-0.12473154,-0.1839834,-0.18326323,-0.23053217,-0.16947469,-0.20684245,-0.10295385,-0.09939023,-0.058144663,-0.099416666,-0.10748196,-0.17107195,-0.1978925,-0.12536043,-0.13617694,-0.15237407,-0.1718423,-0.11658599,-0.16734892,-0.1742162,-0.1509206,-0.12124001,-0.13509712,-0.10554504,-0.14848441,-0.19657709,-0.18982199,-0.2175087,-0.16096011,-0.22338755,-0.19811584,-0.29867563,-0.29210672,-0.19919384,-0.10705506,-0.09162698,-0.13691942,-0.1550831,-0.23188588,-0.19415468,-0.14676203,-0.2026537,-0.18372962,-0.18279888,-0.1982109,-0.19969994,-0.20567633,-0.1579472,-0.12569913,-0.1439378,-0.09173124,-0.09536058,-0.17147914,-0.14229956,-0.13743341,-0.14704995,-0.12719077,-0.15130642,-0.2613474,-0.22333384,-0.18903297,-0.20047067,-0.1458193,-0.14930326,-0.13087755,-0.14286423,-0.15090805,-0.16422585,-0.14686495,-0.16278498,-0.15939967,-0.14998752,-0.14714941,-0.1572671,-0.15330452,-0.22480208,-0.120334074,-0.14152905,-0.11816421,-0.1610707,-0.17438248,-0.1557638,-0.16849612,-0.11139822,-0.1388583,-0.13027036,-0.12853056,-0.15152657,-0.14229503,-0.11532214,-0.10065024,-0.090122,-0.10526198,-0.12046323,-0.1350147,-0.15027548,-0.16053519,-0.1185138,-0.11129953,-0.1578567,-0.17738779,-0.13387723,-0.16440213,-0.25953975,-0.14878426,-0.13261393,-0.14184412,-0.15095688,-0.17780018,-0.16384126,-0.22917573,-0.09015879,-0.10979605,-0.13472955,-0.12970474,-0.13997786,-0.17397466,-0.13908121,-0.16057305,-0.12777606,-0.07092635,-0.03704006,-0.13712558,-0.16224077,-0.17923072,-0.14332479,-0.12334781,-0.13561937,-0.12023825,-0.13835144,-0.25318068,-0.26654312,-0.08298382,-0.10945694,-0.1446389,-0.09238048,-0.1880639,-0.19075239,-0.15309098,-0.08986777,-0.13230102,-0.14961109,-0.15041223,-0.15915021,-0.17078146,-0.18419313,-0.087461784,-0.12380973,-0.14133623,-0.10256614,-0.17951453,-0.19495486,-0.19185409,-0.09985986,-0.13113372,-0.07959545,-0.12786812,-0.19006202,-0.19382715,-0.19226377,-0.12331491,-0.07474844,-0.096955545,-0.11850869,-0.13655968,-0.12406494,-0.121451,-0.0942823,-0.09643567,-0.1083252,-0.082459606,-0.112766474,-0.13216789,-0.16738418,-0.1410757,-0.13629396,-0.18093297,-0.17825818,-0.19488382,-0.1449168,-0.15549555,-0.13559008,-0.119081676,-0.14001076,-0.19117098,-0.1917614,-0.18173563,-0.19755594,1.6533942,3.0353374,-0.19024202,-0.191501,-0.182927,-0.174303,-0.27554205,-0.08916744,-0.11956477,-0.1276643,-0.15751183,-0.20931396,-0.18224281,-0.29657933,-0.32474133,-0.15295415,-0.3242122,-0.17325558,-0.17108874,-0.2185038,-0.17647925,-0.114121355,-0.13984197,-0.15388772,-0.15788373,-0.22984435,-0.18186735,-0.26001272,-0.104163036,-0.12455491,-0.1384246,-0.12402301,-0.15189947,-0.15507405,-0.15641639,-0.14014931,-0.15141064,-0.16327547,-0.15531072,-0.15365121,-0.15331358,-0.13407168,-0.12289255,-0.1462912,-0.19066374,-0.17734957,-0.21025829,-0.3990198,-0.20427483,-0.11326906,-0.1296617,-0.11857712,-0.14799675,-0.16636807,-0.18690585,-0.19212042,-0.13152498,-0.07613974,-0.15333356,-0.13975684,-0.14106366,-0.11775783,-0.19987361,-0.1649412,-0.15866295,-0.1417394,-0.12347712,-0.12722544,-0.14610182,-0.2588673,-0.10709575,-0.13074079,-0.09132757,-0.12832497,-0.12903862,-0.14966756,-0.15188935,-0.09597691,-0.08910369,-0.124275245,-0.11029333,-0.13787141,-0.15081304,-0.17076632,-0.14297202,-0.116064414,-0.17415805,-0.15186621,-0.14238006,-0.12532105,-0.14213702,-0.17466888,-0.13176009,-0.13225389,-0.14582682,-0.12288882,-0.08722703,-0.05825615,-0.1435296,-0.17082691,-0.026243303,-0.16699778,-0.2829064,-0.31316653,-0.19937041,-0.14575538,-0.14331596,-0.14862512,-0.12963767,-0.25088155,-0.1944235,-0.18909782,-0.094241574,-0.1091429,-0.10702289,-0.093667895,-0.12759323,-0.15303372,-0.15746465,-0.16737868,-0.12812386,-0.0969081,-0.16398169,-0.14359844,-0.11335766,-0.18846886,-0.1706479,-0.1540361,-0.12566832,-0.115196005,-0.11290802,-0.11662802,-0.176327,-0.13852781,-0.13446821,-0.096878245,-0.12110077,-0.09135598,-0.12434345,-0.13568789,-0.063823454,-0.13877153,-0.11419349,-0.13383584,-0.24483351,-0.2571875,-0.29957527,-0.14634739,-0.15690917,-0.13224018,-0.19104545,-0.0782174,-0.17286482,-0.16458486,-0.09859173,-0.11065883,-0.11428714,-0.076612435,-0.083404,-0.1213824,-0.13072303,-0.13855581,-0.19385117,-0.09882904,-0.15583327,-0.19487974,-0.19144455,-0.18747091,-0.11102797,-0.14291762,-0.10265185,-0.15952274,-0.19467866,-0.1734057,-0.16939981,-0.14285283,-0.14267586,-0.10158093,-0.15338689,-0.16166218,-0.18128589,-0.19592395,-0.12108202,-0.1474303,-0.11348177,-0.07947712,-0.14332107,-0.20725825,-0.16095492,-0.125103,-0.15657571,-0.15690626,-0.1436027,-0.19202894,-0.1626721,-0.18236288,-0.2963242,-0.19919004,-0.18165274,-0.17184527,-0.19359633,-0.15774491,-0.14054683,-0.13030931,-0.12557748,-0.13831873,-0.16376376,-0.30584824,-0.16685353,-0.18159801,-0.1931417,-0.11441202,-0.15067914,-0.14055362,-0.17828594,-0.16708922,-0.1647896,-0.14331086,-0.18237996,-0.12831879,-0.15347417,-0.13786644,-0.24156228,-0.17969596,-0.10298078,-0.1350629,-0.1419859,-0.1748096,-0.10999924,-0.13448799,-0.15246662,-0.16018558,-0.18203363,-0.15432633,-0.14919516,-0.19184028,-0.1755542,-0.1643137,-0.14723541,-0.14623587,-0.11499533,-0.10471026,-0.13509637,-0.20148799,-0.1773375,-0.12513243,-0.16567487,-0.18041904,-0.18738703,-0.11705899,-0.17690681,-0.26130137,-0.092208415,-0.09189541,-0.11461428,-0.13610622,-0.14815806,-0.09821506,-0.1895684
k__Bacteria|p__Firmicutes|c__Clostridia|o__Eubacteriales|f__Clostridiaceae|g__Sarcina|s__Sarcina_ventriculi,-0.1004395,-0.12316422,-0.14249739,-0.20428483,-0.16729239,-0.19416821,-0.1666669,-0.145011,-0.12508112,-0.18335289,-0.18376619,-0.23443142,-0.16992351,-0.20819993,-0.10343449,-0.09993206,-0.058144663,-0.09970595,-0.10799126,-0.17126226,-0.1978925,-0.12536043,-0.1362659,-0.15226308,-0.17203042,-0.11658599,-0.1673036,-0.17397645,-0.1509206,-0.12124001,-0.13510007,-0.106342904,-0.14869595,-0.19703937,-0.19001564,-0.2175087,-0.16118845,-0.22338755,-0.19844049,-0.29867563,-0.29210672,-0.20018826,-0.107409656,-0.09162698,-0.13691942,-0.15532023,-0.23188588,-0.19437674,-0.14693066,-0.2026537,-0.1831584,-0.18279888,-0.1985644,-0.20102783,-0.2076833,-0.15754339,-0.12604207,-0.1441597,-0.091958806,-0.09586166,-0.1714639,-0.14227983,-0.13743341,-0.14715981,-0.12719077,-0.15127188,-0.2613474,-0.22333384,-0.18929124,-0.20047067,-0.14583902,-0.14935541,-0.1313757,-0.14329419,-0.15098253,-0.16397111,-0.14654404,-0.16278498,-0.15928337,-0.14998752,-0.14727867,-0.15747792,-0.1534509,-0.22480208,-0.120334074,-0.14172544,-0.11862476,-0.1609742,-0.17431131,-0.15607786,-0.16832377,-0.11139822,-0.1388583,-0.13027036,-0.12870173,-0.15152657,-0.14230236,-0.11521535,-0.10065024,-0.09070809,-0.10574484,-0.12087794,-0.13537835,-0.15027548,-0.16042086,-0.1185138,-0.11129953,-0.1578567,-0.17738779,-0.13376093,-0.1649913,-0.25953975,-0.14879194,-0.13305013,-0.14223903,-0.15095688,-0.17780018,-0.164256,-0.22917573,-0.09015879,-0.109976694,-0.13497895,-0.13003188,-0.13997786,-0.17415452,-0.13908121,-0.16057305,-0.12777606,-0.07092635,-0.03704006,-0.13751951,-0.16254354,-0.17895487,-0.14332479,-0.12334781,-0.1356405,-0.12023825,-0.1387593,-0.25318068,-0.26654312,-0.08353864,-0.10945694,-0.14479497,-0.09238048,-0.18815185,-0.19115952,-0.15352684,-0.090446666,-0.13230102,-0.14979047,-0.15065105,-0.15929663,-0.1710071,-0.1839969,-0.08819784,-0.12385501,-0.14148787,-0.10256614,-0.17951453,-0.19495486,-0.19174437,-0.10021355,-0.13113372,-0.080675535,-0.12865916,-0.19006202,-0.19417298,-0.19234717,-0.123254776,-0.075287744,-0.09730965,-0.11902082,-0.1368343,-0.12406494,-0.121451,-0.094789825,-0.096983604,-0.10878867,-0.082459606,-0.113155365,-0.13256097,-0.16720393,-0.1410757,-0.1365096,-0.18093297,-0.17825818,-0.19528738,-0.14542118,-0.15549555,-0.1357781,-0.119081676,-0.14001076,-0.19117098,-0.19211075,-0.18188229,-0.19755594,-0.25103784,-0.20219928,-0.1903606,-0.1917206,-0.18312307,-0.1748917,-0.27554205,-0.08916744,-0.11956477,-0.12810755,-0.15751183,-0.20931396,-0.18224281,-0.29657933,-0.32474133,-0.15308806,-0.3242122,-0.17325558,-0.17108874,-0.2185038,-0.17647925,-0.114121355,-0.14010614,-0.15388772,-0.15788373,-0.22984435,-0.18186735,-0.26259246,-0.104660414,-0.12455491,-0.13860172,-0.124398306,-0.15189947,-0.15523165,-0.15622918,-0.14014931,-0.15141064,-0.16316581,-0.15542479,-0.1536341,-0.15361187,-0.13438725,-0.123104244,-0.14640069,-0.19050986,-0.17779544,-0.21025829,-0.3990198,-0.20604756,-0.113563046,-0.1296617,-0.118898064,-0.14825489,5.8261757,-0.18663296,-0.192215,-0.13177574,-0.076847926,-0.1534713,-0.14010857,-0.14106366,-0.11780687,-0.19987361,-0.1649412,-0.15869841,-0.142157,-0.123888806,-0.12722544,-0.14610182,-0.2588673,-0.10761975,-0.13074079,-0.09132757,-0.12832497,-0.12928158,-0.14999813,-0.15169655,-0.0963863,-0.08910369,-0.12464674,-0.11095415,-0.13820888,-0.15114973,-0.17080109,-0.14308685,-0.11635649,-0.17408508,-0.1521343,-0.14255634,-0.12590356,-0.14180052,-0.17466888,-0.13176009,-0.13249168,-0.14591354,-0.12317665,-0.08722703,-0.05825615,-0.14358155,-0.17082691,-0.026243303,-0.16727982,-0.2829064,-0.31316653,-0.20023102,-0.14586747,-0.14331596,-0.14862512,-0.12963767,-0.25088155,-0.19478777,-0.18899028,-0.09480873,-0.109307945,-0.10702289,-0.094204456,-0.12759323,-0.1532182,-0.15746465,-0.16720054,-0.12812386,-0.0969081,-0.16398169,-0.1437544,-0.11335766,-0.18846886,-0.1706479,-0.15414926,-0.12578243,-0.115196005,-0.11329463,-0.11662802,-0.1759919,-0.1387183,-0.13468663,-0.096878245,-0.121546894,-0.0918777,-0.12434345,-0.13546151,-0.063823454,-0.13877153,-0.11419349,-0.13422328,-0.24483351,-0.2571875,-0.29957527,-0.14656168,-0.15696685,-0.13276154,-0.19104545,-0.0782174,-0.17286798,-0.16449746,-0.09859173,-0.11065883,-0.11416131,-0.076612435,-0.083404,-0.1213824,-0.13072303,-0.13855581,-0.19385117,-0.09944833,-0.15600404,-0.19487974,-0.19168998,-0.18761313,-0.111449994,-0.14306912,-0.10297179,-0.15922591,-0.1950402,-0.17333779,-0.16977775,-0.14309058,-0.14280576,-0.10230927,-0.1536475,-0.16165537,-0.18142805,-0.19615743,-0.12143114,-0.14729244,-0.11356909,-0.07993821,-0.14405262,-0.20725825,-0.16095018,-0.125103,-0.15657571,-0.15690626,-0.1437789,-0.19202894,-0.16295019,-0.18212976,4.234609,-0.20050207,-0.18206042,-0.17239189,-0.19427937,-0.15819764,-0.14054683,-0.1307326,-0.12557748,-0.13867065,-0.16450879,-0.30584824,-0.16699456,-0.1815781,-0.1931495,1.3138989,-0.15093625,-0.14091179,-0.178388,-0.16721086,-0.1646576,-0.14331086,-0.18237996,-0.12866965,-0.15359956,-0.13870156,-0.24156228,-0.1798708,-0.10346009,-0.13533983,-0.14215451,-0.17479965,-0.11051151,-0.13491166,-0.1522134,-0.16001531,-0.18220636,-0.15442106,-0.14971969,-0.19184028,-0.1759114,-0.16385671,-0.14723541,-0.14623587,-0.11499533,-0.10471026,-0.13566032,-0.20148799,-0.17723945,-0.12513243,-0.16551767,-0.18041904,-0.18738703,-0.11705899,-0.17602755,-0.26246023,-0.09276472,-0.09231129,-0.11513586,-0.13639744,-0.14849955,-0.09897803,-0.18945423
k__Bacteria|p__Firmicutes|c__Clostridia|o__Clostridia_unclassified|f__Clostridia_unclassified|g__Clostridia_unclassified|s__Clostridia_bacterium,-0.1004395,-0.12316422,-0.14204353,-0.20428483,-0.16714609,-0.19351073,4.5918684,-0.14529955,-0.12525877,-0.18368788,-0.18335073,-0.22763762,-0.16945583,-0.20562485,-0.103417516,-0.09982464,-0.058144663,-0.10004439,-0.10811125,-0.1709345,-0.1978925,-0.12536043,-0.13649732,-0.15240824,-0.17163113,-0.11658599,-0.16752416,-0.17395674,-0.1509206,-0.12124001,-0.13530728,-0.10604991,-0.14855838,-0.1958758,-0.18918373,-0.2175087,-0.16109473,-0.22338755,-0.19745484,-0.29867563,-0.29210672,-0.1982694,-0.107468955,-0.09162698,-0.13691942,-0.1552996,-0.23188588,-0.19391169,-0.14665648,-0.2026537,-0.18384306,-0.18279888,-0.19757861,-0.19880821,-0.2039357,-0.1577274,-0.12596184,-0.14395878,-0.092431545,-0.09598254,-0.17128241,-0.14244603,-0.13743341,-0.14712638,-0.12719077,-0.15149903,-0.2613474,-0.22333384,-0.18889582,-0.20047067,-0.14582208,-0.14938226,-0.13100478,-0.14298733,-0.15072648,-0.16407603,-0.14655307,-0.16278498,-0.15964013,-0.14998752,-0.14734407,-0.1573014,-0.15335986,-0.22480208,-0.120334074,-0.14172661,-0.11864759,-0.1609782,-0.17407665,-0.15592463,-0.16812979,-0.11139822,-0.1388583,-0.13027036,-0.12876815,-0.15152657,-0.1426245,-0.1157262,-0.10065024,-0.090849444,-0.105727956,-0.12072191,-0.13518941,-0.15027548,-0.16040482,-0.1185138,-0.11129953,-0.1578567,-0.17738779,-0.1339197,-0.16423337,-0.25953975,-0.14889714,-0.1329425,-0.14195691,-0.15095688,-0.17780018,-0.16388607,-0.22917573,-0.09015879,-0.11048247,-0.13496813,-0.1299073,-0.13997786,-0.1738989,-0.13908121,-0.16057305,-0.12777606,-0.07092635,-0.03704006,-0.13743234,-0.16214001,-0.17894658,-0.14332479,-0.12334781,-0.13593905,-0.12023825,-0.13844965,-0.25318068,-0.26654312,-0.08382335,-0.10945694,-0.14452413,-0.09238048,-0.18785083,-0.19041023,-0.1532282,-0.09062195,-0.13230102,-0.14975631,-0.1505371,-0.15913144,-0.17064162,-0.18354629,-0.088271394,-0.12407537,-0.1414798,-0.10256614,-0.17951453,-0.19495486,-0.19113056,-0.10038616,-0.13113372,-0.080117464,-0.12810731,-0.19006202,-0.19337006,-0.19174182,-0.12360281,-0.07570508,-0.09746178,-0.11885105,-0.13676172,-0.12406494,-0.121451,-0.09489046,-0.097020686,-0.10878846,-0.082459606,-0.11312406,-0.13240811,-0.16712964,-0.1410757,-0.13663125,-0.18093297,-0.17825818,-0.19432822,-0.14488949,-0.15549555,-0.13564092,-0.119081676,-0.14001076,-0.19117098,-0.19141884,-0.18162803,-0.19755594,-0.25103784,-0.20219928,-0.19010268,-0.19123974,-0.18265244,-0.17414275,-0.27554205,-0.08916744,-0.11956477,-0.12815247,-0.15751183,-0.20931396,-0.18224281,-0.29657933,-0.32474133,-0.15386146,-0.3242122,-0.17325558,-0.17108874,-0.2185038,-0.17647925,-0.114121355,-0.14018574,-0.15388772,-0.15788373,-0.22984435,-0.18186735,-0.25734732,-0.10470382,-0.12455491,-0.13868898,-0.12434044,-0.15189947,-0.15503603,-0.15615675,-0.14014931,-0.15141064,-0.16304511,-0.15543012,-0.15361318,-0.15331931,-0.13420248,-0.1232386,-0.14649194,-0.19023934,-0.17710713,-0.21025829,-0.3990198,-0.20339246,-0.11371209,-0.1296617,-0.11877866,-0.14808492,-0.16636807,-0.18654716,-0.19164804,-0.13193434,-0.07694058,-0.15312958,-0.13994625,-0.14106366,-0.118288115,-0.19987361,-0.1649412,-0.15887117,-0.1418241,-0.12386986,-0.12722544,-0.14610182,-0.2588673,-0.10762462,-0.13074079,-0.09132757,-0.12832497,-0.12929016,-0.14989021,-0.15182754,-0.096590765,-0.08910369,-0.124547124,-0.11082771,-0.13812737,-0.15093361,-0.17042255,-0.1430646,-0.11660783,-0.17406186,-0.15198778,-0.14253175,-0.1256955,-0.1420153,-0.17466888,-0.13176009,-0.13239135,-0.14592975,-0.12312847,-0.08722703,-0.05825615,-0.14363751,-0.17082691,-0.026243303,-0.1671135,-0.2829064,-0.31316653,-0.19853711,-0.14582987,-0.14331596,-0.14862512,-0.12963767,-0.25088155,-0.19392677,-0.18848473,-0.09486826,-0.109572425,-0.10702289,-0.09397608,-0.12759323,-0.15315026,-0.15746465,-0.1672083,-0.12812386,-0.0969081,-0.16398169,-0.14370313,-0.11335766,-0.18846886,-0.1706479,-0.1540874,-0.12592462,-0.115196005,-0.113187164,-0.11662802,-0.17601141,-0.1386226,-0.13452274,-0.096878245,-0.121407494,-0.09200506,-0.12434345,-0.13598981,-0.063823454,-0.13877153,-0.11419349,-0.13404486,-0.24483351,-0.2571875,-0.29957527,-0.14638537,-0.15688896,-0.1323721,-0.19104545,-0.0782174,-0.1723961,-0.16445667,-0.09859173,-0.11065883,-0.11475806,-0.076612435,-0.083404,-0.1213824,-0.13072303,-0.13855581,-0.19385117,-0.09931624,-0.15584165,-0.19487974,-0.19114104,-0.18697973,-0.111468494,-0.14327696,-0.103109434,-0.1592308,-0.19418617,-0.17288136,-0.1691142,-0.14298856,-0.14271446,-0.10224183,-0.1534446,-0.16174757,-0.18109936,-0.19516271,-0.1213792,-0.1474326,-0.1140284,-0.08038536,-0.14332885,-0.20725825,-0.16087165,-0.125103,-0.15657571,-0.15690626,-0.14390019,-0.19202894,-0.16266733,-0.18188009,-0.2963242,-0.19855979,-0.18137407,-0.17195451,-0.19320405,-0.15777919,-0.14054683,-0.13052915,-0.12557748,-0.13847336,-0.1637337,-0.30584824,-0.16687728,-0.18106405,-0.1927725,-0.11441202,-0.15071303,-0.14086747,-0.17813742,-0.16696802,-0.16459098,-0.14331086,-0.18237996,-0.12859741,-0.15364067,-0.13780686,6.1179686,-0.17964558,-0.10351513,-0.13553934,-0.14201899,-0.17443536,-0.11059508,-0.13477182,-0.15218127,-0.16009432,-0.18197782,-0.15416875,-0.14921978,-0.19184028,-0.17542627,-0.16406953,-0.14723541,-0.14623587,-0.11499533,-0.10471026,-0.1352936,-0.20148799,-0.17698948,-0.12513243,-0.16623211,-0.18041904,-0.18738703,-0.11705899,-0.17615697,-0.25931048,-0.092886984,-0.09258379,-0.11507029,-0.13621083,-0.14817284,-0.098823085,-0.18888293
k__Bacteria|p__Firmicutes|c__Bacilli|o__Lactobacillales|f__Enterococcaceae|g__Enterococcus|s__Enterococcus_raffinosus,-0.1004395,-0.12316422,-0.14187993,-0.20428483,-0.16761541,-0.19345322,-0.1666669,-0.1452831,-0.12529653,-0.18414342,-0.18315144,-0.22330633,-0.1682662,-0.20474142,-0.102947414,-0.099277444,-0.058144663,-0.09966018,-0.10782224,-0.1709928,-0.1978925,-0.12536043,-0.13643043,-0.15229918,-0.1713889,-0.11658599,-0.16790855,-0.17411044,-0.1509206,-0.12124001,-0.13533217,-0.10569319,-0.14850914,-0.19553962,-0.18891996,-0.2175087,-0.16167462,-0.22338755,-0.19726571,-0.29867563,-0.29210672,-0.1974046,-0.107241966,-0.09162698,-0.13691942,-0.15539354,-0.23188588,-0.19400507,-0.14660394,-0.2026537,-0.18517989,-0.18279888,-0.19731313,-0.19727112,-0.20108336,-0.15710291,-0.12570196,-0.14371079,-0.09213552,-0.095550925,-0.17142113,-0.142194,-0.13743341,-0.14700398,-0.12719077,-0.1515914,-0.2613474,-0.22333384,-0.18920809,-0.20047067,-0.1456664,-0.14930907,-0.13065058,-0.14256726,-0.15024795,-0.16407147,-0.14662209,-0.16278498,-0.16011512,-0.14998752,-0.14727129,-0.15726273,-0.15328738,-0.22480208,-0.120334074,-0.14153573,-0.11839588,-0.1610083,-0.1741147,-0.15579803,-0.16820663,-0.11139822,-0.1388583,-0.13027036,-0.12853032,-0.15152657,-0.14282772,-0.11558467,-0.10065024,-0.090436324,-0.10530802,-0.1204295,-0.13497655,-0.15027548,-0.16046116,-0.1185138,-0.11129953,-0.1578567,-0.17738779,-0.13340944,-0.16391924,-0.25953975,-0.14896348,-0.13280845,-0.14148234,-0.15095688,-0.17780018,-0.16407791,-0.22917573,-0.09015879,-0.11039887,-0.1347948,-0.12949905,-0.13997786,-0.17392069,-0.13908121,-0.16057305,-0.12777606,-0.07092635,-0.03704006,-0.13736013,-0.16203693,-0.1790078,-0.14332479,-0.12334781,-0.13593452,-0.12023825,-0.13792911,-0.25318068,-0.26654312,-0.08348514,-0.10945694,-0.14405245,-0.09238048,-0.18805529,-0.19036227,-0.15305632,-0.09032151,-0.13230102,-0.14970246,-0.15046841,-0.15909694,-0.1706725,-0.18334284,-0.087900735,-0.12381718,-0.14129585,-0.10256614,-0.17951453,-0.19495486,-0.19084823,-0.1000009,-0.13113372,-0.07884391,-0.12734368,-0.19006202,-0.1933748,-0.19159426,-0.12342042,-0.075439095,-0.09705828,-0.11838102,-0.13646685,-0.12406494,-0.121451,-0.09443178,-0.09646969,-0.108384594,-0.082459606,-0.11260053,-0.13206048,-0.16713125,-0.1410757,-0.1367104,-0.18093297,-0.17825818,-0.1940507,-0.14453542,-0.15549555,-0.13529432,-0.119081676,-0.14001076,5.1174135,-0.19149835,-0.18194038,4.888769,-0.25103784,-0.20219928,-0.1906421,-0.19153337,-0.18263997,-0.17413351,-0.27554205,-0.08916744,-0.11956477,-0.12809637,-0.15751183,-0.20931396,-0.18224281,-0.29657933,-0.32474133,-0.15354562,-0.3242122,-0.17325558,-0.17108874,-0.2185038,-0.17647925,-0.114121355,-0.14027265,-0.15388772,-0.15788373,-0.22984435,-0.18186735,-0.25483903,-0.104327366,-0.12455491,-0.13860811,-0.12410797,-0.15189947,-0.1548459,-0.1561346,-0.14014931,-0.15141064,-0.16299742,-0.15554255,-0.15358613,-0.15305796,-0.13387874,-0.12305223,-0.14664397,-0.19020855,-0.17710996,-0.21025829,-0.3990198,-0.20173281,-0.113415636,-0.1296617,-0.1183089,-0.14777955,-0.16636807,-0.18665783,-0.19172993,-0.13183439,-0.076474234,-0.15280637,-0.13980335,-0.14106366,-0.11829239,-0.19987361,-0.1649412,-0.15923011,-0.14144668,-0.12339364,-0.12722544,-0.14610182,-0.2588673,-0.10726404,-0.13074079,-0.09132757,-0.12832497,-0.1290448,-0.14986008,-0.15182531,-0.096240625,-0.08910369,-0.12413515,-0.11041883,-0.13795263,-0.15084809,-0.17019656,-0.14293784,-0.116536506,-0.17406824,-0.1519375,-0.14233127,-0.12531915,-0.14202969,-0.17466888,-0.13176009,-0.13215327,-0.14563921,-0.122743845,-0.08722703,-0.05825615,-0.14340194,-0.17082691,-0.026243303,-0.16742992,-0.2829064,-0.31316653,-0.1976158,-0.14573334,-0.14331596,-0.14862512,-0.12963767,-0.25088155,-0.19388439,-0.18842788,-0.094372414,-0.10931241,-0.10702289,-0.09295869,-0.12759323,-0.15304029,-0.15746465,-0.16733044,-0.12812386,-0.0969081,-0.16398169,-0.14349085,-0.11335766,-0.18846886,-0.1706479,-0.15412089,-0.12571757,-0.115196005,-0.11260621,-0.11662802,-0.17605779,-0.138461,-0.13415626,-0.096878245,-0.12090489,-0.091543734,-0.12434345,-0.13606569,-0.063823454,-0.13877153,-0.11419349,-0.13371898,-0.24483351,-0.2571875,-0.29957527,-0.14622763,-0.1567744,-0.13199645,-0.19104545,-0.0782174,-0.17225416,-0.16427886,-0.09859173,-0.11065883,-0.11466503,-0.076612435,-0.083404,-0.1213824,-0.13072303,-0.13855581,-0.19385117,-0.09875779,-0.15576008,-0.19487974,-0.19144389,-0.18680415,-0.11123376,-0.14324269,-0.10282857,-0.15917918,-0.19419338,-0.17241569,-0.16901246,-0.14288495,-0.14251806,-0.10186647,-0.15318914,-0.16189381,-0.18124288,-0.19505766,-0.12108445,-0.14725447,-0.11398342,-0.08002064,-0.14279315,-0.20725825,-0.16115332,-0.125103,-0.15657571,-0.15690626,-0.14394456,-0.19202894,-0.16275518,-0.18184875,-0.2963242,-0.19857499,-0.18100747,-0.1719698,-0.19312817,-0.15740576,-0.14054683,-0.13028446,-0.12557748,-0.13812627,-0.16354972,-0.30584824,-0.1671096,-0.1807211,-0.19316684,-0.11441202,-0.15026817,-0.14083827,-0.17828947,-0.16694373,-0.1645788,-0.14331086,-0.18237996,-0.12855837,-0.15339696,-0.13694537,-0.24156228,-0.18017443,-0.10322744,-0.13553622,-0.1418109,-0.17431828,-0.11037575,-0.13453057,-0.15210605,-0.1601657,-0.18248934,-0.1537877,-0.14891392,-0.19184028,-0.17554305,-0.16414025,-0.14723541,-0.14623587,-0.11499533,-0.10471026,-0.13482173,-0.20148799,-0.17712817,-0.12513243,-0.16695783,-0.18041904,-0.18738703,-0.11705899,-0.17585945,-0.25878668,-0.09250593,-0.092207685,-0.11477978,-0.13585278,-0.14780891,-0.09830173,-0.18893847
k__Bacteria|p__Firmicutes|c__Clostridia|o__Eubacteriales|f__Lachnospiraceae|g__Blautia|s__Blautia_marasmi,-0.1004395,-0.12316422,-0.14141756,-0.20428483,-0.16715626,-0.19406119,-0.1666669,-0.14560261,-0.12501945,-0.18454187,-0.18439,-0.22256975,-0.16944693,-0.20493811,-0.10296993,-0.098480046,-0.058144663,-0.09963119,-0.10741505,-0.17127639,-0.1978925,-0.12536043,-0.13670784,-0.15302426,-0.17204458,-0.11658599,-0.16799454,-0.1746322,-0.1509206,-0.12124001,-0.13528635,-0.105396256,-0.14848165,-0.19657974,-0.18982261,-0.2175087,-0.16068652,-0.22338755,-0.1972314,-0.29867563,-0.29210672,-0.19870302,-0.10713616,-0.09162698,-0.13691942,-0.15504724,-0.23188588,-0.19429386,-0.14690533,-0.2026537,-0.18458152,-0.18279888,-0.19785646,-0.1984854,-0.2032392,-0.15878728,-0.1258153,-0.14417112,-0.09204249,-0.09535767,-0.17211965,-0.14291579,-0.13743341,-0.14728872,-0.12719077,-0.15155461,-0.2613474,-0.22333384,-0.1895388,-0.20047067,-0.14628366,-0.14975393,-0.13071513,-0.1430519,-0.15169853,-0.16503434,-0.14728397,-0.16278498,-0.15966639,-0.14998752,-0.14759183,-0.15735374,-0.15366563,-0.22480208,-0.120334074,-0.14174485,-0.118153155,-0.16189726,-0.17487282,-0.15565856,-0.1687207,-0.11139822,-0.1388583,-0.13027036,-0.12903598,-0.15152657,-0.14301816,-0.11555683,-0.10065024,-0.09015067,-0.105475485,-0.12064847,-0.13523933,-0.15027548,-0.16093113,-0.1185138,-0.11129953,-0.1578567,-0.17738779,-0.13386118,-0.16369843,-0.25953975,-0.14892992,-0.13256355,-0.1417247,-0.15095688,-0.17780018,-0.16367425,-0.22917573,-0.09015879,-0.10992037,-0.13489106,-0.1298353,-0.13997786,-0.1741098,-0.13908121,-0.16057305,-0.12777606,-0.07092635,-0.03704006,-0.1372957,-0.16270418,-0.17950815,-0.14332479,-0.12334781,-0.13607997,-0.12023825,-0.13857934,-0.25318068,-0.26654312,-0.083145246,-0.10945694,-0.14506803,-0.09238048,-0.18830228,-0.19080603,-0.15294771,-0.0899075,-0.13230102,-0.14976937,-0.15056208,-0.15933774,-0.17105615,-0.1847963,-0.087314755,-0.12376649,-0.14129522,-0.10256614,-0.17951453,-0.19495486,-0.19198164,-0.099974036,-0.13113372,-0.0790153,-0.12796828,-0.19006202,-0.19408587,-0.1922156,-0.12363039,-0.07501075,-0.09699066,-0.118402265,-0.136767,-0.12406494,-0.121451,-0.094164275,-0.09639418,-0.10836972,-0.082459606,-0.113029644,-0.13273862,-0.16779879,-0.1410757,-0.13627097,-0.18093297,-0.17825818,-0.1946455,-0.14485013,-0.15549555,-0.1356008,-0.119081676,-0.14001076,-0.19117098,-0.19144951,-0.18159834,-0.19755594,-0.25103784,-0.20219928,-0.1906484,-0.19148883,-0.18301496,-0.17398843,-0.27554205,-0.08916744,-0.11956477,-0.12783054,-0.15751183,-0.20931396,-0.18224281,-0.29657933,-0.32474133,-0.15022534,-0.3242122,-0.17325558,-0.17108874,-0.2185038,-0.17647925,-0.114121355,-0.13992447,-0.15388772,-0.15788373,-0.22984435,-0.18186735,-0.25580543,-0.10418813,-0.12455491,-0.13882901,-0.12430838,-0.15189947,-0.15587053,-0.1569238,-0.14014931,-0.15141064,-0.16395113,-0.15555966,-0.15398061,-0.15323228,-0.13387442,-0.12314266,-0.14668392,-0.19133824,-0.17749858,-0.21025829,-0.3990198,-0.20163003,-0.11345607,-0.1296617,-0.11877543,-0.14832158,-0.16636807,-0.18773697,-0.19222245,-0.13137461,-0.07648314,-0.15370578,-0.13992915,-0.14106366,-0.1178767,-0.19987361,-0.1649412,-0.15877232,-0.14133736,-0.12368562,-0.12722544,-0.14610182,-0.2588673,-0.1069224,-0.13074079,-0.09132757,-0.12832497,-0.1294604,-0.15013856,-0.1523751,-0.09608179,-0.08910369,-0.12440528,-0.11043851,-0.13786072,-0.15115876,-0.1708357,-0.1432373,-0.116337724,-0.17449313,-0.15225056,-0.14265427,-0.12543944,-0.14256701,-0.17466888,-0.13176009,-0.13237059,-0.14627913,-0.12297104,-0.08722703,-0.05825615,-0.14379548,-0.17082691,-0.026243303,-0.16589238,-0.2829064,-0.31316653,-0.19805539,-0.1459679,-0.14331596,-0.14862512,-0.12963767,-0.25088155,-0.19443047,-0.18929034,-0.0944233,-0.109347165,-0.10702289,-0.09395932,-0.12759323,-0.15309557,-0.15746465,-0.16758925,-0.12812386,-0.0969081,-0.16398169,-0.14420107,-0.11335766,-0.18846886,-0.1706479,-0.15409088,-0.12590204,-0.115196005,-0.11282689,-0.11662802,-0.17690256,-0.13874769,-0.13480827,-0.096878245,-0.12116046,-0.09160535,-0.12434345,-0.13614738,-0.063823454,-0.13877153,-0.11419349,-0.13376991,-0.24483351,-0.2571875,-0.29957527,-0.14645502,-0.15725711,-0.1323894,-0.19104545,-0.0782174,-0.17290851,-0.16475382,-0.09859173,-0.11065883,-0.11486682,-0.076612435,-0.083404,-0.1213824,-0.13072303,-0.13855581,-0.19385117,-0.098848835,-0.15584542,-0.19487974,-0.19155449,-0.18736446,-0.111127585,-0.1432443,-0.10323416,-0.1601798,-0.19472753,-0.17352599,-0.16945127,-0.14303756,-0.14277148,-0.101161465,-0.15355189,-0.16197142,-0.18128046,-0.19561888,-0.121416435,-0.14795557,-0.11380532,-0.07987022,-0.14269985,-0.20725825,-0.16108811,-0.125103,-0.15657571,-0.15690626,-0.14369881,-0.19202894,-0.16286826,-0.18282956,-0.2963242,-0.19692804,-0.18129608,-0.17202647,-0.19325292,-0.15763623,-0.14054683,-0.13039657,-0.12557748,-0.1384716,-0.1624579,-0.30584824,-0.16691774,-0.18215843,-0.19321942,-0.11441202,-0.15103942,-0.14065379,-0.17834803,-0.16738702,-0.16504781,-0.14331086,-0.18237996,-0.12804347,-0.15354066,-0.13698202,-0.24156228,-0.17969154,-0.10294285,-0.13523144,-0.14238831,-0.17528766,-0.1100449,-0.13470188,-0.153095,-0.1604273,-0.18220548,-0.15473163,-0.14951906,-0.19184028,-0.17576873,-0.16492881,-0.14723541,-0.14623587,-0.11499533,-0.10471026,-0.1350681,-0.20148799,-0.17768958,-0.12513243,-0.16580245,-0.18041904,-0.18738703,-0.11705899,-0.17774564,-0.2604184,-0.09219752,-0.09202014,-0.114603415,-0.13625574,-0.1482819,-0.098168835,-0.18990174
k__Bacteria|p__Firmicutes|c__Clostridia|o__Eubacteriales|f__Eubacteriales_unclassified|g__Eubacteriales_unclassified|s__Clostridiales_bacterium_1_7_47FAA,-0.1004395,-0.12316422,-0.14209887,-0.20428483,-0.16669792,-0.19412133,-0.1666669,-0.14533034,-0.124717325,-0.18402857,-0.18340436,-0.23654418,-0.16916932,-0.20844269,-0.103252314,-0.09965786,-0.058144663,-0.09979542,-0.10767922,-0.17114133,-0.1978925,-0.12536043,-0.13630101,-0.15249464,-0.17207314,-0.11658599,-0.1669811,-0.17415184,-0.1509206,-0.12124001,-0.1347901,-0.10589002,-0.14833125,-0.19733693,-0.18993822,-0.2175087,-0.16055176,-0.22338755,-0.19806904,-0.29867563,-0.29210672,-0.1999664,-0.1072405,-0.09162698,-0.13691942,-0.15503713,-0.23188588,-0.19401255,-0.14674476,-0.2026537,-0.1830791,-0.18279888,-0.1989272,-0.20125294,-0.20887077,-0.15809423,-0.12595505,-0.14410111,-0.091913864,-0.09579985,-0.17150357,-0.1424944,-0.13743341,-0.14710295,-0.12719077,-0.15106133,-0.2613474,-0.22333384,-0.1890065,-0.20047067,-0.14607814,-0.14935035,-0.1311211,-0.1432789,-0.15155433,-0.16455352,-0.14676459,-0.16278498,-0.15904033,-0.14998752,-0.14700787,-0.15731011,-0.1534103,-0.22480208,-0.120334074,-0.14152685,-0.11842869,-0.16127309,-0.17456624,-0.15573543,-0.16829142,-0.11139822,-0.1388583,-0.13027036,-0.12869126,-0.15152657,-0.1420053,-0.115396574,-0.10065024,-0.09050588,-0.10571181,-0.1208207,-0.13519928,-0.15027548,-0.16038498,-0.1185138,-0.11129953,-0.1578567,-0.17738779,-0.13428277,-0.1644719,-0.25953975,-0.14866993,-0.13260186,-0.14220704,-0.15095688,-0.17780018,-0.16367353,-0.22917573,-0.09015879,-0.1096286,-0.13484015,-0.13005333,-0.13997786,-0.17382434,-0.13908121,-0.16057305,-0.12777606,-0.07092635,-0.03704006,-0.13717958,-0.16235405,-0.17904359,-0.14332479,-0.12334781,-0.13536304,-0.12023825,-0.13870321,-0.25318068,-0.26654312,-0.08326861,-0.10945694,-0.1448174,-0.09238048,-0.18776414,-0.19091934,-0.15297885,-0.0901103,-0.13230102,-0.14952612,-0.15051135,-0.15931457,-0.17086986,-0.18429753,-0.08773027,-0.1240192,-0.14128661,-0.10256614,-0.17951453,-0.19495486,-0.192177,-0.10022096,-0.13113372,-0.080822304,-0.12844223,-0.19006202,-0.19411811,-0.19223873,-0.12339811,-0.075041324,-0.09728723,-0.11888829,-0.13671681,-0.12406494,-0.121451,-0.094683856,-0.09680381,-0.108485,-0.082459606,-0.11319941,-0.13238198,-0.16730848,-0.1410757,-0.13619865,-0.18093297,-0.17825818,-0.19513017,-0.14501798,-0.15549555,-0.13583308,-0.119081676,-0.14001076,-0.19117098,-0.19187315,-0.18161142,-0.19755594,-0.25103784,-0.20219928,-0.18966043,-0.19132176,-0.1829344,-0.17420284,-0.27554205,-0.08916744,-0.11956477,-0.12746435,-0.15751183,-0.20931396,-0.18224281,-0.29657933,-0.32474133,-0.15075305,-0.3242122,-0.17325558,-0.17108874,-0.2185038,-0.17647925,-0.114121355,-0.13967437,-0.15388772,-0.15788373,-0.22984435,-0.18186735,-0.2632109,-0.10447249,-0.12455491,-0.13845024,-0.1242323,-0.15189947,-0.15536734,-0.15640408,-0.14014931,-0.15141064,-0.16345409,-0.15520349,-0.15367763,-0.1532942,-0.1341336,-0.12297889,-0.14615348,-0.1909371,-0.1775417,-0.21025829,2.8246546,-0.20502351,-0.11348142,-0.1296617,-0.11910992,-0.14817038,-0.16636807,-0.18691522,-0.19201115,-0.13122928,-0.07665548,-0.15357444,-0.13972107,-0.14106366,-0.117862955,-0.19987361,-0.1649412,-0.15814655,-0.1417582,-0.123675905,-0.12722544,-0.14610182,-0.2588673,-0.10728346,-0.13074079,-0.09132757,-0.12832497,-0.1292525,-0.14955513,-0.15183774,-0.09627309,-0.08910369,-0.12447131,-0.11056079,-0.13788685,-0.15080434,-0.17082515,-0.14303552,-0.11586419,-0.17408046,-0.15187597,-0.14244321,-0.12569967,-0.14209393,-0.17466888,-0.13176009,-0.13226885,-0.14600188,-0.12318251,-0.08722703,-0.05825615,-0.14366962,-0.17082691,-0.026243303,-0.1661008,-0.2829064,-0.31316653,-0.19995156,-0.14581677,-0.14331596,-0.14862512,-0.12963767,-0.25088155,-0.19481036,-0.18904692,-0.09455883,-0.10936791,-0.10702289,-0.094719656,-0.12759323,-0.15284316,-0.15746465,-0.16746747,-0.12812386,-0.0969081,-0.16398169,-0.14375442,-0.11335766,-0.18846886,-0.1706479,-0.15387906,-0.12577988,-0.115196005,-0.113305986,-0.11662802,-0.1761523,-0.13874389,-0.13474244,-0.096878245,-0.12150655,-0.09175536,-0.12434345,-0.13535321,-0.063823454,-0.13877153,-0.11419349,-0.13392293,-0.24483351,-0.2571875,-0.29957527,-0.14650196,-0.15701479,-0.13271742,-0.19104545,-0.0782174,-0.17293136,-0.1645101,-0.09859173,-0.11065883,-0.11410385,-0.076612435,-0.083404,-0.1213824,-0.13072303,-0.13855581,-0.19385117,-0.09936072,-0.15583014,-0.19487974,-0.19132736,-0.18749543,-0.11116454,-0.14273821,-0.10303528,-0.15977529,-0.19512045,-0.1738021,-0.16923028,-0.14293611,-0.14280298,-0.10176047,-0.15350989,-0.16167508,-0.18108374,-0.19608349,-0.121365204,-0.14756653,-0.11335983,-0.079834744,-0.14381237,-0.20725825,-0.16063033,-0.125103,-0.15657571,-0.15690626,-0.14350162,-0.19202894,-0.16253036,-0.18219535,-0.2963242,-0.19887078,-0.18163078,-0.171805,-0.19371638,-0.15789303,-0.14054683,-0.13043459,-0.12557748,-0.13833407,-0.16321295,-0.30584824,-0.1664312,-0.18169591,-0.19294351,-0.11441202,-0.15079832,-0.14052945,-0.1781599,-0.16721798,-0.16463512,-0.14331086,-0.18237996,-0.1281646,-0.15334952,-0.13853616,-0.24156228,-0.17893454,-0.10323333,-0.13492256,-0.14232379,-0.17494594,-0.11000112,-0.13456818,-0.15257898,-0.1602754,-0.18168724,-0.15465961,-0.1496014,-0.19184028,-0.17544806,-0.16418707,-0.14723541,-0.14623587,-0.11499533,-0.10471026,-0.13540629,-0.20148799,-0.17713381,-0.12513243,-0.1647233,-0.18041904,-0.18738703,-0.11705899,-0.1771938,-0.26254556,-0.09254035,-0.0921479,-0.11474977,-0.13640817,-0.14840044,-0.09853533,-0.18949887
k__Bacteria|p__Firmicutes|c__Clostridia|o__Eubacteriales|f__Lachnospiraceae|g__Blautia|s__Blautia_argi,-0.1004395,-0.12316422,-0.14081576,-0.20428483,-0.16643403,-0.19272918,-0.1666669,-0.14499684,-0.1248662,-0.18312544,-0.18227245,-0.21935403,-0.1696358,-0.20274867,-0.10345055,-0.09924891,-0.058144663,-0.10013749,-0.10782908,-0.17031808,-0.1978925,-0.12536043,-0.13638222,-0.15240262,-0.17104979,-0.11658599,-0.16711593,-0.17378946,-0.1509206,-0.12124001,-0.1350056,-0.105637684,-0.14787479,-0.19466041,-0.18851733,-0.2175087,-0.16017474,-0.22338755,-0.19586207,-0.29867563,-0.29210672,-0.1971016,-0.10766375,-0.09162698,-0.13691942,-0.15449345,-0.23188588,-0.19296108,-0.14659268,-0.2026537,-0.18322927,-0.18279888,-0.19550869,-0.19626361,-0.20044123,-0.15849635,-0.1257678,-0.14372985,-0.09277511,-0.09592927,-0.17101204,-0.14243686,-0.13743341,-0.14676957,-0.12719077,-0.15106025,-0.2613474,-0.22333384,-0.18834752,-0.20047067,-0.14576858,-0.14918041,-0.130478,-0.14241838,-0.15100637,-0.16402258,-0.14685093,-0.16278498,-0.15889421,-0.14998752,-0.14707005,-0.15650934,-0.15300068,-0.22480208,-0.120334074,-0.14135465,-0.118245155,-0.16100982,-0.17376773,-0.15497983,-0.16770986,-0.11139822,-0.1388583,-0.13027036,-0.12884694,-0.15152657,-0.14257024,-0.1158049,-0.10065024,-0.09068726,-0.10582828,-0.12067493,-0.13500041,-0.15027548,-0.16027068,-0.1185138,-0.11129953,-0.1578567,-0.17738779,-0.1336017,-0.1626203,-0.25953975,-0.1484195,-0.13226101,-0.14108816,-0.15095688,-0.17780018,-0.16294682,-0.22917573,-0.09015879,-0.11018769,-0.13450363,-0.12955578,-0.13997786,-0.17299342,-0.13908121,-0.16057305,-0.12777606,-0.07092635,-0.03704006,-0.13685302,-0.16192074,-0.17841335,-0.14332479,-0.12334781,-0.13577425,-0.12023825,-0.13813409,-0.25318068,-0.26654312,-0.08415857,-0.10945694,-0.14462191,-0.09238048,-0.18703258,-0.18924811,-0.15253726,-0.09079202,-0.13230102,-0.14919427,-0.14992315,-0.15858436,-0.1700522,-0.1836454,-0.08818887,-0.123782255,-0.1409758,-0.10256614,-0.17951453,-0.19495486,-0.19067967,-0.10046449,-0.13113372,-0.079596415,-0.12779114,-0.19006202,-0.19265994,-0.19088092,-0.12382018,-0.07614819,-0.097518906,-0.11835526,-0.13638642,-0.12406494,-0.121451,-0.094883956,-0.09695336,-0.108740605,-0.082459606,-0.11304422,-0.1324741,-0.16700631,-0.1410757,-0.13600487,-0.18093297,-0.17825818,-0.193115,-0.14433742,-0.15549555,-0.13537526,-0.119081676,-0.14001076,-0.19117098,-0.19017133,-0.18044809,-0.19755594,-0.25103784,-0.20219928,-0.18949836,-0.18992956,-0.18177772,-0.17286333,-0.27554205,-0.08916744,-0.11956477,-0.12767808,-0.15751183,-0.20931396,-0.18224281,6.5939584,-0.32474133,-0.1501999,-0.3242122,-0.17325558,-0.17108874,-0.2185038,-0.17647925,-0.114121355,-0.13948305,-0.15388772,-0.15788373,-0.22984435,-0.18186735,-0.2522134,-0.10461697,-0.12455491,-0.13840652,-0.124292165,-0.15189947,-0.15512928,-0.1563952,-0.14014931,-0.15141064,-0.16302842,-0.15486218,-0.15328851,-0.15252542,-0.13375387,-0.123079404,-0.14601201,-0.18968548,-0.17627665,-0.21025829,-0.3990198,-0.19995636,-0.11372203,-0.1296617,-0.11860944,-0.14767973,-0.16636807,-0.18644778,-0.19090869,-0.13141134,-0.07737254,-0.15293387,-0.13962606,-0.14106366,-0.1182008,-0.19987361,-0.1649412,-0.15804029,-0.14091276,-0.12357485,-0.12722544,-0.14610182,-0.2588673,-0.10739896,-0.13074079,-0.09132757,-0.12832497,-0.12935323,-0.14954752,-0.15199402,-0.09678447,-0.08910369,-0.12433327,-0.11065789,-0.13765968,-0.15049496,-0.17000021,-0.14279476,-0.11650256,-0.17338783,-0.15159276,-0.14229687,-0.12519494,-0.14229031,-0.17466888,-0.13176009,-0.1321761,-0.14559373,-0.12308499,-0.08722703,-0.05825615,-0.14327362,-0.17082691,-0.026243303,-0.16566718,-0.2829064,-0.31316653,-0.19633418,-0.14551732,-0.14331596,-0.14862512,-0.12963767,-0.25088155,-0.19313899,-0.18806398,-0.09500277,-0.109643064,-0.10702289,-0.094269216,-0.12759323,-0.15248448,-0.15746465,-0.16663423,-0.12812386,-0.0969081,-0.16398169,-0.14389929,-0.11335766,-0.18846886,-0.1706479,-0.15354171,-0.12584883,-0.115196005,-0.11298975,-0.11662802,-0.17591122,-0.13841955,-0.13450977,-0.096878245,-0.1210617,-0.09231135,-0.12434345,-0.13606821,-0.063823454,-0.13877153,-0.11419349,-0.13348353,-0.24483351,-0.2571875,-0.29957527,-0.14594519,-0.1564034,-0.13202032,-0.19104545,-0.0782174,-0.17179683,-0.16383725,-0.09859173,-0.11065883,-0.115121424,-0.076612435,-0.083404,-0.1213824,-0.13072303,-0.13855581,-0.19385117,-0.09944798,-0.15519682,-0.19487974,-0.19019917,-0.18609679,-0.11152629,-0.14288583,-0.103648394,-0.159284,-0.19306065,-0.1724704,-0.16840664,-0.14262477,-0.14233896,-0.10154389,-0.15282772,-0.16111356,-0.18007231,-0.19394231,-0.12146517,-0.14736363,-0.114091486,-0.08069401,-0.14216161,-0.20725825,-0.16063377,-0.125103,-0.15657571,-0.15690626,-0.14329478,-0.19202894,-0.16213928,-0.1816728,-0.2963242,-0.19528605,-0.17970648,-0.17083108,-0.19171625,-0.15677017,-0.14054683,-0.13027322,-0.12557748,-0.13811533,-0.1622558,-0.30584824,-0.1658136,-0.18067735,-0.19183019,-0.11441202,-0.15032448,-0.14039189,-0.17729917,-0.16639982,-0.16436243,-0.14331086,-0.18237996,-0.12800953,-0.15268546,-0.13629355,-0.24156228,-0.17886534,-0.10352852,-0.1349698,-0.14192861,-0.17412275,-0.11050309,-0.13436344,-0.15238884,-0.15979251,-0.18094581,-0.1541212,-0.14892979,-0.19184028,-0.17475373,-0.1642314,-0.14723541,-0.14623587,-0.11499533,-0.10471026,-0.13471614,6.6481385,-0.17685822,-0.12513243,-0.16506305,-0.18041904,-0.18738703,-0.11705899,-0.17664956,-0.25701883,-0.09299113,-0.09275816,-0.11471642,-0.13589478,-0.14768207,-0.09865138,-0.18841001
k__Bacteria|p__Firmicutes|c__CFGB75783|o__OFGB75783|f__FGB75783|g__GGB79419|s__GGB79419_SGB105985,-0.1004395,-0.12316422,-0.1417232,-0.20428483,-0.16696666,-0.19272366,-0.1666669,-0.1449933,-0.12562373,-0.18335408,-0.18262132,-0.21442509,-0.16854848,-0.20001373,-0.102990285,-0.0988989,-0.058144663,-0.09950111,-0.10799146,-0.17065786,-0.1978925,-0.12536043,-0.13624725,-0.15204737,-0.17082025,-0.11658599,-0.16780044,-0.17337745,-0.1509206,-0.12124001,-0.13569647,-0.10573653,-0.14869963,-0.19410065,-0.18839374,-0.2175087,-0.16117376,-0.22338755,-0.19643417,-0.29867563,-0.29210672,-0.19638123,-0.10709022,-0.09162698,-0.13691942,-0.1550757,-0.23188588,-0.19323571,-0.14630717,-0.2026537,-0.1843131,-0.18279888,-0.19586423,-0.19559273,-0.1984902,-0.15679957,-0.12560353,-0.14349419,-0.09248406,-0.09571236,-0.17100693,-0.14220983,-0.13743341,-0.14681384,-0.12719077,-0.15186986,-0.2613474,-0.22333384,-0.18820034,-0.20047067,-0.14525513,-0.14905345,-0.13059494,-0.1423339,-0.14977297,-0.16327177,-0.14647722,-0.16278498,-0.15951473,-0.14998752,-0.14743721,-0.15699595,-0.15312329,-0.22480208,-0.120334074,-0.1416312,-0.11840531,-0.16054824,-0.17340453,-0.15565242,-0.16799475,-0.11139822,-0.1388583,-0.13027036,-0.12876223,-0.15152657,-0.14322922,-0.11556795,-0.10065024,-0.090712026,-0.10537024,-0.12032018,-0.13495423,-0.15027548,-0.16024138,-0.1185138,-0.11129953,-0.1578567,-0.17738779,-0.13300496,-0.16429837,-0.25953975,-0.14881843,-0.13288903,-0.14139742,-0.15095688,-0.17780018,-0.16374485,-0.22917573,-0.09015879,-0.110917136,-0.13487232,-0.12936883,-0.13997786,-0.17367059,-0.13908121,-0.16057305,-0.12777606,-0.07092635,-0.03704006,-0.13741878,-0.16189829,-0.17856547,-0.14332479,-0.12334781,-0.13628757,-0.12023825,-0.13812557,-0.25318068,-0.26654312,-0.08372134,-0.10945694,-0.1441675,-0.09238048,-0.18780422,-0.18952349,-0.15284805,-0.090488486,-0.13230102,-0.14974666,-0.15018062,-0.15855786,-0.17013904,-0.18294169,-0.08814873,-0.12352967,-0.14091164,-0.10256614,-0.17951453,-0.19495486,-0.18984707,-0.100207895,-0.13113372,-0.07887702,-0.12775974,-0.19006202,-0.1921497,-0.19096896,-0.1233404,-0.07561676,-0.09717944,-0.11846088,-0.13654654,-0.12406494,-0.121451,-0.09436988,-0.096668884,-0.108638555,-0.082459606,-0.112762764,-0.132281,-0.16674526,-0.1410757,-0.13677444,-0.18093297,-0.17825818,-0.19311973,-0.1446798,-0.15549555,-0.13520667,-0.119081676,-0.14001076,-0.19117098,-0.19013388,-0.18105128,-0.19755594,-0.25103784,-0.20219928,-0.19026464,-0.19096123,-0.18209933,-0.17396665,-0.27554205,-0.08916744,-0.11956477,-0.12875399,-0.15751183,-0.20931396,-0.18224281,-0.29657933,-0.32474133,-0.15677321,-0.3242122,-0.17325558,-0.17108874,-0.2185038,-0.17647925,-0.114121355,-0.14032751,-0.15388772,-0.15788373,6.5759993,-0.18186735,-0.24996933,-0.10440564,-0.12455491,-0.1387189,-0.12425868,-0.15189947,-0.15453446,-0.15578847,-0.14014931,-0.15141064,-0.16257139,-0.15532677,-0.15334734,-0.15311806,-0.13381904,-0.123338096,-0.14669222,-0.18941715,-0.17616269,-0.21025829,-0.3990198,-0.20093003,-0.11346234,-0.1296617,-0.11811968,-0.14799288,-0.16636807,-0.18601188,-0.19116452,-0.13216214,-0.076893896,-0.15288809,-0.14005506,-0.14106366,-0.11826898,-0.19987361,-0.1649412,-0.15920775,-0.14157459,-0.12360723,-0.12722544,-0.14610182,-0.2588673,-0.10747504,-0.13074079,-0.09132757,-0.12832497,-0.12909624,-0.15002863,-0.15149704,-0.09628131,-0.08910369,-0.12438339,-0.11071341,-0.13797492,-0.15093192,-0.16979322,-0.14291175,-0.11710444,-0.17372766,-0.1518502,-0.14222687,-0.12528552,-0.14173615,-0.17466888,-0.13176009,-0.132426,-0.14558662,-0.12259093,-0.08722703,-0.05825615,-0.1434513,-0.17082691,-0.026243303,-0.16742727,-0.2829064,-0.31316653,-0.19688712,-0.1455551,-0.14331596,-0.14862512,-0.12963767,-0.25088155,-0.19229276,-0.187861,-0.094900385,-0.10934207,-0.10702289,-0.093099184,-0.12759323,-0.15337461,-0.15746465,-0.16650592,-0.12812386,-0.0969081,-0.16398169,-0.14331381,-0.11335766,-0.18846886,-0.1706479,-0.15385143,-0.12570435,-0.115196005,-0.112798154,-0.11662802,-0.17565058,-0.13819963,-0.13396159,-0.096878245,-0.12081075,-0.0918224,-0.12434345,-0.13628292,-0.063823454,-0.13877153,-0.11419349,-0.13410766,-0.24483351,-0.2571875,-0.29957527,-0.14594671,-0.15647388,-0.13195822,-0.19104545,-0.0782174,-0.17186195,-0.16409926,-0.09859173,-0.11065883,-0.11514776,-0.076612435,-0.083404,-0.1213824,-0.13072303,-0.13855581,-0.19385117,-0.098621555,-0.155834,-0.19487974,-0.19072662,-0.18624187,-0.11139419,-0.14317645,-0.10290165,-0.15883914,-0.19299534,-0.17174175,-0.16899565,-0.14272629,-0.14221562,-0.10223716,-0.15322536,-0.16138166,-0.18087834,-0.19393867,-0.12115012,-0.14705822,-0.11432874,-0.08050722,-0.14292428,-0.20725825,-0.16071072,-0.125103,-0.15657571,-0.15690626,-0.14380437,-0.19202894,-0.16263272,-0.1816158,-0.2963242,-0.19770983,-0.18110827,-0.17162447,-0.1922785,-0.15733004,-0.14054683,-0.13033953,-0.12557748,-0.13841642,-0.16380385,-0.30584824,-0.16717812,-0.18048598,-0.1923066,-0.11441202,-0.15063497,-0.14072506,-0.17781723,-0.16647746,-0.1642794,-0.14331086,-0.18237996,-0.12876621,-0.15362431,-0.1372864,2.7975352,-0.17982353,-0.1032328,-0.13567702,-0.14149436,-0.17387694,-0.11066545,-0.13481358,-0.15177971,-0.15932646,-0.18176857,-0.15344076,-0.14868432,-0.19184028,-0.17517796,-0.16367877,-0.14723541,-0.14623587,-0.11499533,-0.10471026,-0.13517919,-0.20148799,-0.1765942,-0.12513243,-0.1666481,-0.18041904,-0.18738703,-0.11705899,-0.17542106,-0.25599074,-0.09257925,-0.092428185,-0.11512417,-0.13577831,-0.1476222,-0.098761335,-0.18842812
k__Bacteria|p__Firmicutes|c__Clostridia|o__Eubacteriales|f__Lachnospiraceae|g__Stomatobaculum|s__Stomatobaculum_longum,-0.1004395,-0.12316422,-0.14197761,-0.20428483,-0.16710699,-0.19361398,-0.1666669,-0.14508212,-0.12519833,-0.18344502,-0.18399228,-0.22904278,-0.16998336,-0.20605835,-0.10339998,-0.09981504,-0.058144663,-0.09958339,-0.1079106,-0.17070419,-0.1978925,-0.12536043,-0.13629943,-0.15217832,-0.17163393,-0.11658599,-0.16752067,-0.17385913,-0.1509206,-0.12124001,-0.13516518,-0.10605906,-0.14841433,-0.19610143,-0.18917988,-0.2175087,-0.1611155,-0.22338755,-0.19761887,-0.29867563,-0.29210672,-0.19817367,-0.10722234,-0.09162698,-0.13691942,-0.15521637,-0.23188588,-0.19393158,-0.14655566,-0.2026537,-0.18400401,-0.18279888,-0.19788738,-0.19938567,-0.20420843,-0.1571598,-0.12576675,-0.143781,-0.09212266,-0.095690496,-0.17108588,-0.142295,-0.13743341,-0.14701892,-0.12719077,-0.15125638,-0.2613474,-0.22333384,-0.18876272,-0.20047067,-0.14558181,-0.14930543,-0.13086069,-0.14281398,-0.15031345,-0.16387965,-0.14643273,-0.16278498,-0.15981427,-0.14998752,-0.14718199,-0.15727544,-0.15320027,-0.22480208,-0.120334074,-0.14154223,-0.1184483,-0.16064404,-0.1738974,-0.15601686,-0.16815995,-0.11139822,-0.1388583,-0.13027036,-0.12846929,-0.15152657,-0.14254493,-0.1156117,-0.10065024,-0.09072819,-0.105438456,-0.120414965,-0.13489072,-0.15027548,-0.16028449,-0.1185138,-0.11129953,-0.1578567,-0.17738779,-0.13378663,-0.16423616,-0.25953975,-0.1488073,-0.13297036,-0.14188825,-0.15095688,-0.17780018,-0.16379333,-0.22917573,-0.09015879,-0.11023781,-0.13484278,-0.12983772,-0.13997786,-0.17399114,-0.13908121,-0.16057305,-0.12777606,-0.07092635,-0.03704006,-0.13709792,-0.16191188,-0.17893186,-0.14332479,-0.12334781,-0.13583669,-0.12023825,-0.13822265,-0.25318068,-0.26654312,-0.08354719,-0.10945694,-0.14426893,-0.09238048,-0.18772139,-0.19054942,-0.15338722,-0.09033276,-0.13230102,-0.14963196,-0.15048495,-0.1590578,-0.17061089,-0.18333197,-0.088096045,-0.123900235,-0.14138716,-0.10256614,1.1862395,-0.19495486,-0.19116867,-0.10010344,-0.13113372,-0.079882115,-0.12771222,-0.19006202,-0.19348264,-0.19180831,-0.1232901,-0.07559577,-0.09720699,-0.11870337,-0.13661897,-0.12406494,-0.121451,-0.09469609,-0.09688197,-0.10861402,-0.082459606,-0.11289461,-0.13213333,-0.1668945,-0.1410757,-0.13656001,-0.18093297,-0.17825818,-0.19454548,-0.14475015,-0.15549555,-0.13545279,-0.119081676,-0.14001076,-0.19117098,-0.19159906,-0.18181014,-0.19755594,-0.25103784,-0.20219928,-0.19014996,-0.19140458,-0.18274513,-0.17411676,-0.27554205,-0.08916744,-0.11956477,-0.12797078,-0.15751183,-0.20931396,-0.18224281,-0.29657933,-0.32474133,-0.15441391,-0.3242122,-0.17325558,-0.17108874,-0.2185038,-0.17647925,-0.114121355,-0.1401839,-0.15388772,-0.15788373,-0.22984435,-0.18186735,-0.25873142,-0.104497895,-0.12455491,-0.13852695,-0.12407632,-0.15189947,-0.15477578,-0.15593013,-0.14014931,-0.15141064,-0.16282612,-0.15538485,-0.15351637,-0.15333089,-0.1342153,-0.123082444,-0.14641024,-0.19023092,-0.17731848,-0.21025829,-0.3990198,-0.2034913,-0.11347522,-0.1296617,-0.11848509,-0.14790879,-0.16636807,-0.18630312,-0.19172382,-0.13180237,-0.07677532,-0.15277204,-0.13979894,-0.14106366,-0.11790025,-0.19987361,-0.1649412,-0.15899554,-0.14185914,-0.123791836,-0.12722544,-0.14610182,-0.2588673,-0.107371986,-0.13074079,-0.09132757,-0.12832497,-0.12899242,-0.14975885,-0.15163645,-0.09636216,-0.08910369,-0.12430872,-0.11061329,-0.13790314,-0.1507968,-0.17032367,-0.14290135,-0.11643679,-0.17387266,-0.15193951,-0.14232403,-0.12567621,-0.14180323,3.2560573,-0.13176009,-0.1322206,-0.14583129,-0.12308397,-0.08722703,-0.05825615,-0.14351705,-0.17082691,-0.026243303,-0.16698234,-0.2829064,-0.31316653,-0.19892141,-0.14566484,-0.14331596,-0.14862512,-0.12963767,-0.25088155,-0.19404,-0.18844804,-0.09470298,-0.10930189,-0.10702289,-0.09365794,-0.12759323,-0.15300703,-0.15746465,-0.16725247,-0.12812386,-0.0969081,-0.16398169,-0.14334959,-0.11335766,-0.18846886,-0.1706479,-0.15410699,-0.12585363,-0.115196005,-0.11298936,-0.11662802,-0.17586009,-0.13846429,-0.13439545,-0.096878245,-0.12131873,-0.09166886,-0.12434345,-0.13577846,-0.063823454,-0.13877153,-0.11419349,-0.13378198,-0.24483351,-0.2571875,-0.29957527,-0.14620692,-0.15683043,-0.13217199,-0.19104545,-0.0782174,-0.1723429,-0.1644432,-0.09859173,-0.11065883,-0.1144969,-0.076612435,-0.083404,-0.1213824,-0.13072303,-0.13855581,-0.19385117,-0.0991029,-0.15554255,-0.19487974,-0.19129497,-0.18709707,-0.11120157,-0.14318545,-0.10280719,-0.15880458,-0.19429937,-0.17255329,-0.1692731,-0.14285174,-0.14262456,-0.102169044,-0.15327848,-0.16171649,-0.18123206,-0.19552886,-0.12108949,-0.1471879,-0.113838136,-0.08006422,-0.143002,-0.20725825,-0.16080853,-0.125103,-0.15657571,-0.15690626,-0.1438128,-0.19202894,-0.16259854,-0.18180181,-0.2963242,-0.19932449,-0.18163264,-0.17202449,-0.19333017,-0.15784644,-0.14054683,-0.13034067,-0.12557748,-0.13836813,-0.16359515,-0.30584824,-0.16713323,-0.18111771,-0.19297956,-0.11441202,-0.15044585,-0.14063859,-0.17804974,-0.16694085,-0.16449869,-0.14331086,-0.18237996,-0.12853503,-0.15357359,-0.13777551,-0.24156228,-0.17973398,-0.10325314,-0.1354416,-0.14183643,-0.17420334,-0.11046675,-0.13457799,-0.15203595,-0.15991414,-0.18218687,-0.15393476,-0.14893198,-0.19184028,-0.1754239,-0.16395475,-0.14723541,-0.14623587,-0.11499533,-0.10471026,-0.13495098,-0.20148799,-0.17690444,-0.12513243,-0.16636787,-0.18041904,-0.18738703,-0.11705899,-0.17592639,-0.26014656,-0.09268169,-0.09234214,-0.1148572,-0.13600168,-0.14806804,-0.098640695,-0.18887058
k__Bacteria|p__Firmicutes|c__Clostridia|o__Eubacteriales|f__Clostridiaceae|g__Clostridium|s__Clostridium_sp_D5,-0.1004395,-0.12316422,-0.14262879,-0.20428483,-0.16782397,-0.19344974,-0.1666669,-0.14564225,-0.1259583,-0.18344544,-0.1840325,-0.2268915,-0.16861263,-0.20523284,-0.10401747,-0.10029172,-0.058144663,-0.100331396,-0.108850986,-0.17090535,-0.1978925,-0.12536043,-0.1367749,-0.15244584,-0.17149931,-0.11658599,-0.16783324,-0.1738101,-0.1509206,-0.12124001,-0.13587174,-0.106827825,-0.1490289,-0.19552885,-0.18889086,-0.2175087,-0.16192608,-0.22338755,-0.19735509,-0.29867563,-0.29210672,-0.19762804,-0.10786031,-0.09162698,-0.13691942,-0.15567243,-0.23188588,-0.19383435,-0.14706546,-0.2026537,-0.18506193,-0.18279888,-0.19766852,-0.19848882,-0.20289876,-0.15632771,-0.12633196,-0.14404453,-0.092967495,-0.09647998,-0.17126945,-0.14253421,-0.13743341,-0.14742745,1.6508596,-0.15163012,3.345407,2.3113723,-0.18892336,-0.20047067,-0.14586154,-0.14956659,-0.13139424,-0.14305459,-0.15017077,-0.16380149,-0.14658329,-0.16278498,-0.16040383,-0.14998752,-0.14756896,-0.15776408,-0.15350035,-0.22480208,-0.120334074,-0.14197329,-0.119167514,-0.16075546,-0.17400894,-0.15651621,-0.1682288,-0.11139822,-0.1388583,-0.13027036,-0.12896016,-0.15152657,-0.1432316,-0.116130725,-0.10065024,-0.09154675,-0.10600887,-0.12087777,-0.13541594,-0.15027548,-0.16050461,-0.1185138,-0.11129953,-0.1578567,-0.17738779,-0.13387245,-0.16475368,-0.25953975,-0.14931959,-0.13367048,-0.14232728,-0.15095688,-0.17780018,-0.16445094,-0.22917573,-0.09015879,-0.11125493,-0.13547093,-0.1302067,-0.13997786,-0.17428228,-0.13908121,-0.16057305,-0.12777606,-0.07092635,-0.03704006,-0.13783525,-0.1622031,-0.17891969,-0.14332479,-0.12334781,-0.13643599,-0.12023825,-0.13857493,-0.25318068,-0.26654312,-0.08451889,-0.10945694,-0.1443508,-0.09238048,-0.1879549,-0.19060105,-0.1538052,-0.09130089,-0.13230102,-0.15013045,-0.15087786,-0.15925027,-0.1707151,-0.18293753,-0.08911419,-0.12430298,-0.14177224,-0.10256614,-0.17951453,-0.19495486,-0.19064768,-0.10100852,-0.13113372,-0.080504775,-0.12801662,-0.19006202,-0.19322412,-0.19173422,-0.1238543,-0.07653637,-0.09793113,-0.11925325,-0.13707493,-0.12406494,-0.121451,-0.0954987,-0.09762224,-0.10924756,-0.082459606,-0.113402575,-0.132528,-0.16694474,-0.1410757,-0.13732463,-0.18093297,1.8585557,-0.19428167,-0.14514725,1.1481689,-0.13579427,-0.119081676,-0.14001076,-0.19117098,-0.19160736,-0.18207051,-0.19755594,-0.25103784,-0.20219928,-0.19068642,-0.19169793,-0.18277492,-0.17463082,-0.27554205,-0.08916744,-0.11956477,-0.1290042,-0.15751183,-0.20931396,-0.18224281,-0.29657933,-0.32474133,-0.15616292,-0.3242122,-0.17325558,-0.17108874,-0.2185038,-0.17647925,-0.114121355,-0.14093405,-0.15388772,-0.15788373,-0.22984435,-0.18186735,-0.25654173,-0.10531497,-0.12455491,-0.13906145,-0.12463394,-0.15189947,-0.15493456,-0.15606567,-0.14014931,-0.15141064,-0.16288878,-0.15587452,-0.15388829,-0.15376423,-0.13459769,-0.123798296,-0.14694218,-0.19001964,-0.17761075,-0.21025829,-0.3990198,-0.20230407,-0.11417788,-0.1296617,-0.11890077,-0.14824781,-0.16636807,-0.18615457,-0.19162947,-0.13264838,-0.07758812,-0.15288734,-0.14038122,-0.14106366,-0.118767396,-0.19987361,-0.1649412,-0.1597775,-0.14241725,-0.12425144,-0.12722544,-0.14610182,-0.2588673,-0.108260006,-0.13074079,-0.09132757,-0.12832497,-0.12948021,-0.15036152,-0.15181321,-0.097132094,-0.08910369,-0.12480259,-0.11135134,-0.13845897,-0.15128115,-0.17020673,-0.14345115,-0.11737205,-0.17406853,-0.15240476,-0.14270502,-0.12633899,-0.14189944,-0.17466888,-0.13176009,-0.13275203,-0.14608015,-0.123483,-0.08722703,-0.05825615,-0.1440287,-0.17082691,-0.026243303,-0.16759312,-0.2829064,-0.31316653,-0.19828448,-0.14609113,-0.14331596,-0.14862512,-0.12963767,-0.25088155,-0.19373617,-0.18830207,-0.09565185,-0.10987379,-0.10702289,-0.093807325,-0.12759323,-0.15350407,-0.15746465,-0.16732442,-0.12812386,-0.0969081,-0.16398169,-0.14344114,-0.11335766,-0.18846886,-0.1706479,-0.15456258,-0.12631929,-0.115196005,-0.11344679,-0.11662802,-0.17572427,-0.13887393,-0.13462815,-0.096878245,-0.121690944,-0.09242572,-0.12434345,-0.13637453,-0.063823454,-0.13877153,-0.11419349,-0.13443145,-0.24483351,-0.2571875,-0.29957527,-0.14665627,-0.15703031,-0.13261008,-0.19104545,-0.0782174,-0.172527,-0.16444603,-0.09859173,-0.11065883,-0.11522482,-0.076612435,-0.083404,-0.1213824,-0.13072303,-0.13855581,-0.19385117,-0.09979213,-0.15604979,-0.19487974,-0.19141942,-0.18688181,-0.11202662,-0.14370644,-0.103404224,-0.15883279,-0.19401315,-0.17225194,-0.16936295,-0.14336887,-0.14292781,-0.103268735,-0.15365905,-0.16193879,-0.18152726,-0.19510454,-0.12169871,-0.14744067,-0.11470236,-0.08093296,-0.14347765,-0.20725825,-0.1613517,-0.125103,-0.15657571,-0.15690626,-0.14436893,-0.19202894,-0.16300601,-0.18170324,-0.2963242,-0.20004818,-0.18168694,-0.17240204,-0.19357322,-0.1581993,-0.14054683,-0.13094935,-0.12557748,-0.13893262,-0.16428378,-0.30584824,-0.16788621,-0.18087631,-0.19298431,-0.11441202,-0.15073866,-0.14121462,-0.17830783,-0.16706592,-0.16457193,-0.14331086,-0.18237996,-0.12946345,-0.1539739,-0.13833423,-0.24156228,-0.18036339,-0.10409377,-0.13614532,-0.14206812,-0.17420879,-0.111346796,-0.13519856,-0.15191987,-0.16012935,-0.18255329,-0.1538483,-0.1491332,-0.19184028,-0.17578356,-0.16393927,-0.14723541,-0.14623587,-0.11499533,-0.10471026,-0.13543922,-0.20148799,-0.1770382,-0.12513243,-0.16696568,-0.18041904,-0.18738703,-0.11705899,-0.1752964,-0.25856954,-0.09351452,-0.09313628,-0.11566565,-0.13632369,-0.14830804,-0.09955442,-0.18854363
k__Bacteria|p__Firmicutes|c__Clostridia|o__Eubacteriales|f__Clostridiaceae|g__Clostridium|s__Clostridium_sp_AM22_11AC,-0.1004395,-0.12316422,-0.14217111,-0.20428483,-0.16709572,-0.19362094,-0.1666669,-0.14520651,-0.125002,-0.18334691,-0.18272226,-0.23199278,-0.16898273,-0.20740166,-0.10362025,-0.100503534,-0.058144663,-0.100231044,-0.1082736,-0.17082919,-0.1978925,-0.12536043,-0.1363493,-0.15222037,-0.1715922,-0.11658599,-0.16718385,-0.17381066,-0.1509206,-0.12124001,-0.13526955,-0.10630619,-0.14860722,-0.19595689,-0.1892786,-0.2175087,-0.16113368,-0.22338755,-0.19768766,-0.29867563,-0.29210672,-0.19864596,-0.10771952,-0.09162698,-0.13691942,-0.15530889,-0.23188588,-0.19381969,-0.14674611,-0.2026537,-0.18323061,-0.18279888,-0.19761556,-0.19935614,-0.20518297,-0.15728924,-0.12608244,-0.1440308,-0.09251905,-0.09617088,-0.17113715,-0.14227535,-0.13743341,-0.14712965,-0.12719077,-0.15130919,-0.2613474,-0.22333384,-0.1886345,-0.20047067,-0.14581454,-0.14925775,-0.13124868,-0.14300554,-0.15064894,-0.1638104,-0.14649522,-0.16278498,-0.15951613,-0.14998752,-0.14713648,-0.15732749,-0.15325001,-0.22480208,-0.120334074,-0.14169118,-0.11876185,-0.16079292,-0.17393652,-0.15591282,-0.16802686,-0.11139822,-0.1388583,-0.13027036,-0.12861526,-0.15152657,-0.1422552,-0.11563475,-0.10065024,-0.09098135,-0.10587399,-0.120866165,-0.13528666,-0.15027548,-0.16031328,-0.1185138,-0.11129953,-0.1578567,-0.17738779,-0.13406545,-0.16423121,-0.25953975,-0.14886141,-0.13302088,-0.14206602,-0.15095688,-0.17780018,-0.16392174,-0.22917573,-0.09015879,-0.11041331,-0.13498303,-0.12996438,-0.13997786,-0.17380619,-0.13908121,-0.16057305,-0.12777606,-0.07092635,-0.03704006,-0.1374205,-0.16207218,-0.17877132,-0.14332479,-0.12334781,-0.13575801,-0.12023825,-0.13850328,-0.25318068,-0.26654312,-0.08406811,-0.10945694,-0.14453399,-0.09238048,-0.18774313,-0.19040722,-0.15334803,-0.09090088,-0.13230102,-0.14969179,-0.15051866,-0.15912975,-0.17054713,-0.1834655,-0.08863423,-0.12419904,-0.14169157,-0.10256614,-0.17951453,-0.19495486,-0.1911875,-0.10050276,-0.13113372,-0.08068546,-0.12804367,-0.19006202,-0.19335693,-0.19179606,-0.12365307,-0.075921446,-0.097717114,-0.118975535,-0.13676636,-0.12406494,-0.121451,-0.095226586,-0.097241625,-0.10897294,-0.082459606,-0.113178656,-0.13230976,-0.16704763,-0.1410757,-0.13661966,-0.18093297,-0.17825818,-0.19452848,-0.14500324,-0.15549555,-0.13574152,-0.119081676,-0.14001076,-0.19117098,-0.19169225,-0.18163958,-0.19755594,-0.25103784,-0.20219928,-0.18991046,-0.19114143,-0.18256639,-0.17428285,-0.27554205,-0.08916744,-0.11956477,-0.12805368,-0.15751183,-0.20931396,-0.18224281,-0.29657933,-0.32474133,-0.15431103,-0.3242122,-0.17325558,-0.17108874,-0.2185038,-0.17647925,-0.114121355,-0.14015341,-0.15388772,-0.15788373,-0.22984435,-0.18186735,-0.25930366,-0.104913585,-0.12455491,-0.13855287,-0.12431046,-0.15189947,-0.15494983,-0.15609635,-0.14014931,-0.15141064,-0.16290289,-0.15532903,-0.15358713,-0.15333086,-0.13437462,-0.12318448,-0.1462146,-0.1900214,-0.17708172,-0.21025829,0.48288786,-0.20442015,-0.11379349,-0.1296617,-0.11888668,-0.14788744,-0.16636807,-0.18625632,-0.19155526,-0.13199629,-0.07716103,-0.15303792,-0.13995935,-0.14106366,-0.11823019,-0.19987361,-0.1649412,-0.1587697,-0.14207974,-0.12380917,-0.12722544,-0.14610182,-0.2588673,-0.10785292,-0.13074079,-0.09132757,-0.12832497,-0.12925403,-0.14971894,-0.15176852,-0.09680751,-0.08910369,-0.124621436,-0.110917866,-0.13820803,-0.15081626,-0.17047793,-0.14301625,-0.11652956,-0.1739338,-0.15183684,-0.14253765,-0.12579836,-0.1418429,-0.17466888,-0.13176009,-0.13248172,-0.14576548,-0.12327466,-0.08722703,-0.05825615,-0.14358827,-0.17082691,-0.026243303,-0.16734126,-0.2829064,-0.31316653,-0.19923416,-0.14584771,-0.14331596,-0.14862512,-0.12963767,-0.25088155,-0.1940598,-0.18847238,-0.09502561,-0.109673515,-0.10702289,-0.09418377,-0.12759323,-0.15304291,-0.15746465,-0.1671371,-0.12812386,-0.0969081,-0.16398169,-0.1435964,-0.11335766,-0.18846886,-0.1706479,-0.15412474,-0.12599874,-0.115196005,-0.11336115,-0.11662802,-0.17586198,-0.13867214,-0.13461438,-0.096878245,-0.12152861,-0.092157386,-0.12434345,-0.135812,-0.063823454,-0.13877153,-0.11419349,-0.13417783,-0.24483351,-0.2571875,-0.29957527,-0.1464581,-0.15685228,-0.13241562,-0.19104545,-0.0782174,-0.17256069,-0.16428944,-0.09859173,-0.11065883,-0.11459441,-0.076612435,-0.083404,-0.1213824,-0.13072303,-0.13855581,-0.19385117,-0.099745706,-0.15571949,-0.19487974,-0.19103327,-0.18701969,-0.111597754,-0.14326257,-0.10312709,-0.15906519,-0.19413781,-0.17291567,-0.16902468,-0.14301923,-0.14281774,-0.102521054,-0.15336454,-0.16156407,-0.18102649,-0.19530278,-0.12143014,-0.14730819,-0.113905564,-0.08038666,-0.14351839,-0.20725825,-0.16094777,-0.125103,-0.15657571,-0.15690626,-0.14386824,-0.19202894,-0.1625771,-0.18176693,-0.2963242,-0.1996205,-0.18122907,-0.17179656,-0.19346632,-0.15772346,-0.14054683,-0.13064301,-0.12557748,-0.13846213,-0.1641816,-0.30584824,-0.16686785,-0.18087062,-0.19269541,-0.11441202,-0.15054822,-0.14086819,-0.17810537,-0.16685034,-0.16454273,-0.14331086,-0.18237996,-0.1287063,-0.15353778,-0.13808051,-0.24156228,-0.17968383,-0.10377236,-0.1354881,-0.14202227,-0.17432044,-0.110736236,-0.13472798,-0.15201934,-0.16013986,-0.18193623,-0.15417098,-0.14918685,-0.19184028,-0.17539889,-0.16390067,-0.14723541,-0.14623587,-0.11499533,-0.10471026,-0.13533548,-0.20148799,-0.17697978,-0.12513243,-0.16607293,-0.18041904,-0.18738703,-0.11705899,-0.17599104,-0.25977716,-0.09314492,-0.092756286,-0.11520356,-0.13624841,-0.14822492,-0.09902668,-0.18882084
k__Bacteria|p__Firmicutes|c__Bacilli|o__Lactobacillales|f__Lactobacillaceae|g__Ligilactobacillus|s__Ligilactobacillus_salivarius,-0.1004395,-0.12316422,-0.14166552,-0.20428483,-0.16704305,-0.19339311,-0.1666669,-0.14495194,-0.12477188,-0.1832939,-0.18354097,-0.22927698,-0.16848277,-0.20574653,-0.102824375,-0.09903897,-0.058144663,-0.099274665,-0.10757278,-0.17067084,-0.1978925,-0.12536043,-0.13600531,-0.15215279,-0.17149493,-0.11658599,-0.16720863,-0.1736509,-0.1509206,-0.12124001,-0.13493273,-0.10550691,-0.14830734,-0.19587861,-0.18912359,-0.2175087,-0.16094024,-0.22338755,-0.19767842,-0.29867563,-0.29210672,-0.19838658,-0.106721714,-0.09162698,-0.13691942,-0.15492323,-0.23188588,-0.19371903,-0.14624435,-0.2026537,-0.18375598,-0.18279888,-0.19800915,-0.19931856,-0.20492741,-0.15670595,-0.12550586,-0.14357209,-0.09170537,-0.0953152,-0.17106807,-0.14213397,-0.13743341,-0.1468046,-0.12719077,-0.15098462,-0.2613474,-0.22333384,-0.1888181,-0.20047067,-0.1454479,-0.14905712,-0.13066894,-0.14267701,-0.15036356,-0.16384773,-0.146303,-0.16278498,-0.15932052,-0.14998752,-0.14707601,-0.15707666,-0.15302995,-0.22480208,-0.120334074,-0.14135006,-0.11810731,-0.1606229,-0.17389922,-0.15577117,-0.16807319,-0.11139822,-0.1388583,-0.13027036,-0.12828179,-0.15152657,-0.14225292,-0.11505119,-0.10065024,-0.09015096,-0.10501828,-0.12013682,-0.13474353,-0.15027548,-0.16011196,-0.1185138,-0.11129953,-0.1578567,-0.17738779,-0.13348728,-0.16443694,-0.25953975,-0.14851561,-0.13258117,-0.14173687,-0.15095688,-0.17780018,-0.1635808,-0.22917573,-0.09015879,-0.10986823,-0.13464405,-0.12950432,-0.13997786,-0.17378242,-0.13908121,-0.16057305,-0.12777606,-0.07092635,-0.03704006,-0.13696617,-0.16191141,-0.17878503,-0.14332479,-0.12334781,-0.13546872,-0.12023825,-0.13827035,-0.25318068,-0.26654312,-0.08300784,-0.10945694,-0.14422841,-0.09238048,-0.18761432,-0.19050784,-0.15288933,-0.0898262,-0.13230102,-0.14942521,-0.1502145,-0.15882304,-0.17044552,-0.1834283,-0.08754255,-0.123435475,-0.1411553,-0.10256614,5.028142,2.9717853,-0.19103695,-0.09976541,-0.13113372,-0.07959607,-0.12770537,-0.19006202,-0.19333729,-0.19174945,-0.12304732,-0.074844286,-0.096733175,-0.118366584,-0.13637397,-0.12406494,-0.121451,-0.09418102,-0.096320584,-0.10817337,-0.082459606,-0.11250594,-0.13191937,-0.16677867,-0.1410757,-0.13621327,-0.18093297,-0.17825818,-0.19435795,-0.1446195,-0.15549555,-0.13525286,-0.119081676,-0.14001076,-0.19117098,-0.19132465,-0.18151824,-0.19755594,-0.25103784,-0.20219928,-0.18996483,-0.19130707,-0.18248759,-0.17410254,-0.27554205,-0.08916744,-0.11956477,-0.1277602,-0.15751183,-0.20931396,-0.18224281,-0.29657933,-0.32474133,-0.15345167,-0.3242122,-0.17325558,-0.17108874,-0.2185038,-0.17647925,-0.114121355,-0.13981733,-0.15388772,-0.15788373,-0.22984435,-0.18186735,-0.2581933,-0.10410634,-0.12455491,-0.13829246,-0.12383709,-0.15189947,-0.15472522,-0.15581565,-0.14014931,-0.15141064,-0.16283573,-0.15519506,-0.15334104,-0.15320301,-0.1337254,-0.12281986,-0.1460772,-0.19022623,-0.17698984,-0.21025829,-0.3990198,-0.20243229,-0.113071054,-0.1296617,-0.11817718,-0.14785029,-0.16636807,-0.18635783,-0.1916103,-0.13155304,-0.07613452,-0.15288323,-0.13963893,-0.14106366,-0.11757949,-0.19987361,-0.1649412,-0.15866478,-0.14160559,-0.12345295,-0.12722544,-0.14610182,-0.2588673,-0.107020505,3.4926894,4.8299813,-0.12832497,-0.12880012,-0.14967045,-0.15138358,-0.09585698,-0.08910369,-0.124087736,-0.11031069,-0.13765153,-0.15069865,-0.17018668,-0.14276522,-0.11606714,-0.17383619,-0.1517258,-0.1421347,-0.12535793,-0.14148028,-0.17466888,-0.13176009,-0.1319786,-0.14563602,-0.12261477,-0.08722703,-0.05825615,-0.14335132,-0.17082691,-0.026243303,-0.16672319,-0.2829064,-0.31316653,-0.19829378,-0.14546308,-0.14331596,-0.14862512,-0.12963767,-0.25088155,-0.19380225,-0.18842332,-0.094321534,-0.10887524,-0.10702289,-0.09335994,-0.12759323,-0.15281388,-0.15746465,-0.16685447,-0.12812386,-0.0969081,-0.16398169,-0.14325532,-0.11335766,-0.18846886,-0.1706479,-0.1538378,-0.125458,-0.115196005,-0.112667665,-0.11662802,-0.17562327,-0.13822503,-0.13411742,-0.096878245,-0.12088215,-0.091231205,-0.12434345,-0.13544735,-0.063823454,-0.13877153,-0.11419349,-0.13378322,-0.24483351,-0.2571875,-0.29957527,-0.14605778,-0.1566369,-0.13204096,-0.19104545,-0.0782174,-0.17224278,-0.16428944,-0.09859173,-0.11065883,-0.114164226,-0.076612435,-0.083404,-0.1213824,-0.13072303,-0.13855581,-0.19385117,-0.09871629,-0.15565112,-0.19487974,-0.19111356,-0.18693301,-0.110858195,-0.14286485,-0.10234836,-0.15895194,-0.19409333,-0.17256823,-0.16927955,-0.14263485,-0.14229727,-0.1017386,-0.15320614,-0.16136713,-0.18101695,-0.19524927,-0.120853454,-0.1470131,-0.11340268,-0.07952261,-0.1431959,-0.20725825,-0.16059682,-0.125103,-0.15657571,-0.15690626,-0.14342675,-0.19202894,-0.16251807,-0.18179932,-0.2963242,-0.19876572,-0.18142915,-0.17175405,-0.19324847,-0.15765157,-0.14054683,-0.1301429,-0.12557748,-0.13818425,-0.1637451,-0.30584824,-0.16688237,-0.18118997,-0.19260272,-0.11441202,-0.15052244,-0.14036065,-0.17795435,-0.16682073,-0.16423647,-0.14331086,-0.18237996,-0.1282035,-0.15348831,-0.13793537,-0.24156228,-0.17939985,-0.10283027,-0.13511705,-0.14160186,-0.17433706,-0.1099934,-0.13444617,-0.1519174,-0.15965787,-0.18182203,-0.15384428,-0.1489828,-0.19184028,-0.1753987,-0.16369638,-0.14723541,-0.14623587,-0.11499533,-0.10471026,-0.13491896,-0.20148799,-0.17683828,-0.12513243,-0.16567728,-0.18041904,-0.18738703,-0.11705899,-0.17594561,-0.25986958,-0.09212142,-0.09179385,-0.11458559,-0.13576186,-0.14791486,-0.09825574,-0.18892941
k__Bacteria|p__Firmicutes|c__Clostridia|o__Eubacteriales|f__Peptostreptococcaceae|g__Paeniclostridium|s__Paeniclostridium_sordellii,-0.1004395,-0.12316422,-0.14157525,-0.20428483,-0.16709636,-0.1937162,-0.1666669,-0.1450333,-0.12502712,-0.18413788,-0.18399304,-0.22304702,-0.16979629,-0.20492458,-0.102539346,-0.09854588,-0.058144663,-0.099000774,-0.10726772,-0.17087753,-0.1978925,-0.12536043,-0.13615204,-0.15218143,-0.17154713,-0.11658599,-0.16781405,-0.17398386,-0.1509206,-0.12124001,-0.13498741,-0.10530883,-0.14828858,-0.19607139,-0.18927985,-0.2175087,-0.16086178,-0.22338755,-0.19733602,-0.29867563,-0.29210672,-0.19815087,-0.106692284,-0.09162698,-0.13691942,-0.15500666,-0.23188588,-0.19414008,-0.14647603,-0.2026537,-0.18460505,-0.18279888,-0.19763434,-0.19816267,-0.20223135,-0.15774956,-0.12532964,-0.14357564,-0.09145821,-0.0949684,-0.1714531,-0.1420666,-0.13743341,-0.14680663,-0.12719077,-0.15150045,-0.2613474,-0.22333384,-0.18917735,-0.20047067,-0.14548469,-0.14920726,-0.13038322,-0.14253172,-0.15038419,-0.16396883,-0.14648059,-0.16278498,-0.15970637,-0.14998752,-0.14715289,-0.15713085,-0.15315852,-0.22480208,-0.120334074,-0.1413682,-0.117900446,-0.16096698,-0.17409995,-0.15560783,-0.16827227,-0.11139822,-0.1388583,-0.13027036,-0.12839991,-0.15152657,-0.14265433,-0.11512181,-0.10065024,-0.08991369,-0.10493618,-0.120081335,-0.13472031,-0.15027548,-0.16034766,-0.1185138,-0.11129953,-0.1578567,-0.17738779,-0.13323344,-0.16387731,-0.25953975,-0.14867339,-0.13252783,-0.14141932,-0.15095688,-0.17780018,-0.16378304,-0.22917573,-0.09015879,-0.109808445,-0.1345096,-0.12934841,-0.13997786,-0.17396183,-0.13908121,-0.16057305,-0.12777606,-0.07092635,-0.03704006,-0.13705958,-0.16207066,-0.1790111,-0.14332479,-0.12334781,-0.13582902,-0.12023825,-0.13792932,-0.25318068,-0.26654312,-0.082782395,-0.10945694,-0.14419483,-0.09238048,-0.18819243,-0.19052598,-0.15300791,-0.08961453,-0.13230102,-0.14952114,-0.15027538,-0.158941,-0.1706544,-0.18369713,-0.08716869,-0.12333782,-0.14091444,-0.10256614,-0.17951453,-0.19495486,-0.19117942,-0.09949303,-0.13113372,-0.078495815,-0.12746501,-0.19006202,-0.19360036,-0.19184527,-0.12288389,-0.07468565,-0.09656526,-0.118125506,-0.13634293,-0.12406494,-0.121451,-0.093794,-0.096086934,-0.10804531,-0.082459606,-0.112504244,-0.1320856,-0.16709416,4.0561976,-0.13625655,-0.18093297,-0.17825818,-0.19442075,-0.14449501,-0.15549555,-0.13504264,-0.119081676,-0.14001076,-0.19117098,-0.1914407,-0.18170026,-0.19755594,-0.25103784,-0.20219928,-0.19065532,-0.19153962,-0.18286556,-0.17412171,-0.27554205,-0.08916744,-0.11956477,-0.12782732,-0.15751183,-0.20931396,-0.18224281,-0.29657933,-0.32474133,-0.15312935,-0.3242122,-0.17325558,-0.17108874,-0.2185038,-0.17647925,-0.114121355,-0.13994305,-0.15388772,-0.15788373,-0.22984435,-0.18186735,-0.2565924,-0.10381636,-0.12455491,-0.13844413,-0.1238382,-0.15189947,-0.15487403,-0.15601422,-0.14014931,-0.15141064,-0.16297857,-0.15525936,-0.15342075,-0.15298183,-0.13372046,-0.12274303,-0.1465007,-0.1905632,-0.17711549,-0.21025829,-0.3990198,-0.20309684,-0.11304115,-0.1296617,-0.11813006,-0.14783064,-0.16636807,-0.18687972,-0.19193193,-0.13134548,-0.07603067,-0.15288627,-0.13963038,-0.14106366,-0.11738852,-0.19987361,-0.1649412,-0.15887694,-0.14125109,-0.12331263,-0.12722544,-0.14610182,-0.2588673,-0.10670233,-0.13074079,-0.09132757,-0.12832497,-0.12882274,-0.14972824,-0.15163192,-0.095640495,-0.08910369,-0.12394497,-0.11009824,-0.13766319,-0.15077354,-0.17026132,-0.14272127,-0.11616258,-0.17407541,-0.15186864,-0.14214727,-0.12509817,-0.14189662,2.4229968,-0.13176009,-0.13196772,-0.14565699,-0.12245287,-0.08722703,-0.05825615,-0.14323065,-0.17082691,-0.026243303,-0.16673446,-0.2829064,-0.31316653,-0.19840041,-0.14548688,-0.14331596,-0.14862512,-0.12963767,-0.25088155,-0.19400613,-0.18864867,-0.09392378,-0.108866885,-0.10702289,-0.09287669,-0.12759323,-0.15293649,-0.15746465,-0.16717546,-0.12812386,-0.0969081,4.4018383,-0.14333236,-0.11335766,-0.18846886,-0.1706479,-0.15384212,-0.12539187,-0.115196005,-0.11233577,-0.11662802,-0.17624316,-0.1381664,-0.13407545,-0.096878245,-0.12075466,-0.09106776,-0.12434345,-0.13570566,-0.063823454,-0.13877153,-0.11419349,-0.1334305,-0.24483351,-0.2571875,1.69906,-0.14599891,-0.15675879,-0.13184902,-0.19104545,-0.0782174,-0.17241813,-0.16431227,-0.09859173,-0.11065883,-0.11422007,-0.076612435,-0.083404,-0.1213824,0.91480714,-0.13855581,-0.19385117,-0.09823151,-0.15554956,-0.19487974,-0.19148493,-0.18704978,-0.11073971,-0.14300217,-0.102484524,-0.15912405,-0.19444682,-0.1726022,-0.16925965,-0.14261605,-0.14232025,-0.10128261,-0.15318225,-0.16172147,-0.18129471,-0.19550031,-0.12079371,-0.14719334,-0.11356452,-0.07952152,-0.1424616,-0.20725825,-0.16075984,-0.125103,-0.15657571,-0.15690626,-0.14363104,-0.19202894,-0.1625677,-0.1820634,-0.2963242,-0.19858247,-0.18153879,-0.17213528,-0.19334203,-0.15749118,-0.14054683,-0.12998766,-0.12557748,-0.13805687,-0.16313034,-0.30584824,-0.1669288,-0.18128724,-0.19318812,-0.11441202,-0.15041858,-0.14052206,-0.17815849,-0.16689321,-0.16456713,-0.14331086,-0.18237996,-0.12810336,-0.15339682,-0.13680068,-0.24156228,-0.17999655,-0.10261627,-0.13515875,-0.14167991,-0.17443168,-0.109906964,-0.13435915,-0.1521698,-0.1598806,-0.18234456,-0.15386854,-0.14883605,-0.19184028,-0.17544606,-0.16408493,2.7497766,-0.14623587,-0.11499533,-0.10471026,-0.1347177,-0.20148799,-0.17703651,-0.12513243,-0.1665281,-0.18041904,-0.18738703,-0.11705899,-0.17624448,-0.26031053,-0.09187667,-0.09166054,-0.11438199,-0.13574773,-0.14779374,-0.09792161,-0.18928698
k__Bacteria|p__Firmicutes|c__Erysipelotrichia|o__Erysipelotrichales|f__Erysipelotrichaceae|g__Faecalicoccus|s__Faecalicoccus_pleomorphus,-0.1004395,-0.12316422,-0.14215429,-0.20428483,-0.16674593,-0.19391173,-0.1666669,-0.14488874,-0.12502792,-0.18316562,-0.1834353,-0.23106447,-0.17045568,-0.20626956,-0.10339275,-0.09974702,-0.058144663,-0.09940884,-0.10792594,-0.17075649,-0.1978925,-0.12536043,-0.13614492,-0.15201215,-0.17173,-0.11658599,-0.16690657,-0.17350751,-0.1509206,-0.12124001,-0.13479936,-0.10614288,-0.14818329,-0.19649553,-0.18921258,-0.2175087,-0.16095309,-0.22338755,-0.1977816,-0.29867563,-0.29210672,-0.1989806,-0.10727689,-0.09162698,-0.13691942,-0.15486602,-0.23188588,-0.19393787,-0.14671227,-0.2026537,-0.18347102,-0.18279888,-0.19803768,-0.20015731,-0.20590734,-0.15769896,-0.12575257,-0.14382523,-0.092072256,-0.09588118,-0.17102566,-0.14218554,-0.13743341,-0.146889,-0.12719077,-0.15130469,-0.2613474,-0.22333384,-0.18877137,-0.20047067,-0.14560178,-0.14915778,-0.13095108,-0.14291072,-0.15063198,-0.16377768,-0.14642061,-0.16278498,-0.15939972,-0.14998752,-0.14689294,-0.15720743,-0.15314566,-0.22480208,-0.120334074,-0.1414104,-0.11837998,-0.16067246,-0.17391089,-0.15580074,-0.1678465,-0.11139822,-0.1388583,-0.13027036,-0.12855777,-0.15152657,-0.14208071,-0.11540958,-0.10065024,-0.09062037,-0.10555874,-0.12061235,-0.13496521,-0.15027548,-0.15997133,-0.1185138,-0.11129953,-0.1578567,-0.17738779,-0.13410541,-0.16441855,-0.25953975,-0.14861852,-0.13269813,-0.14192413,-0.15095688,-0.17780018,-0.16406763,-0.22917573,-0.09015879,-0.10988337,-0.13464478,-0.12984255,-0.13997786,-0.17367843,-0.13908121,-0.16057305,-0.12777606,-0.07092635,-0.03704006,-0.13710392,-0.16186032,-0.17861883,-0.14332479,-0.12334781,-0.1355954,-0.12023825,-0.13818392,-0.25318068,-0.26654312,-0.08348967,-0.10945694,-0.14431855,-0.09238048,-0.18749401,-0.19026631,-0.15292259,-0.09032427,-0.13230102,-0.1494005,-0.15029266,-0.15893689,-0.17054012,-0.18351829,-0.08807883,-0.123904966,-0.14094676,-0.10256614,-0.17951453,-0.19495486,-0.1914742,-0.10022807,-0.13113372,-0.080469824,-0.12813023,-0.19006202,-0.19348744,-0.19181651,-0.1230659,-0.07557372,-0.09744397,-0.11882064,-0.13643295,-0.12406494,-0.121451,-0.09475592,-0.09698388,-0.108523995,-0.082459606,-0.11312497,-0.13215588,-0.16676071,-0.1410757,-0.13628018,-0.18093297,-0.17825818,-0.19477539,-0.14491169,-0.15549555,-0.1355055,-0.119081676,-0.14001076,-0.19117098,-0.1915441,-0.18145868,-0.19755594,-0.25103784,-0.20219928,-0.18987516,-0.19114548,-0.18263142,-0.17411731,-0.27554205,-0.08916744,-0.11956477,-0.12764533,-0.15751183,-0.20931396,-0.18224281,-0.29657933,-0.32474133,-0.15297015,-0.3242122,-0.17325558,-0.17108874,-0.2185038,-0.17647925,-0.114121355,-0.13985385,-0.15388772,-0.15788373,-0.22984435,-0.18186735,-0.26091313,-0.10452101,-0.12455491,-0.13827246,-0.124070436,-0.15189947,-0.15476836,-0.15588143,-0.14014931,-0.15141064,-0.162756,-0.15514328,-0.15336348,-0.15317169,-0.13409561,-0.12294744,-0.1461947,-0.18990815,-0.17705896,-0.21025829,-0.3990198,-0.20488682,-0.113491744,-0.1296617,-0.118813366,-0.14782256,-0.16636807,-0.18621978,-0.1916571,-0.13134433,-0.077049926,-0.1530374,-0.13961896,-0.14106366,-0.11739163,-0.19987361,-0.1649412,-0.15845312,-0.14172924,-0.123664245,-0.12722544,-0.14610182,-0.2588673,-0.1073652,-0.13074079,-0.09132757,-0.12832497,-0.12888366,-0.14942893,-0.15140599,-0.09632225,-0.08910369,-0.1242931,-0.11059736,-0.13780358,-0.15060923,-0.17031588,-0.14283574,-0.116166264,-0.17364383,-0.15169951,-0.14215209,-0.12568177,-0.14175096,-0.17466888,-0.13176009,-0.1322695,-0.14575285,-0.12304241,-0.08722703,-0.05825615,-0.1433446,-0.17082691,-0.026243303,-0.1667,-0.2829064,-0.31316653,-0.19949442,-0.14557076,-0.14331596,-0.14862512,-0.12963767,-0.25088155,-0.19441208,-0.18859765,-0.094641075,-0.10938361,-0.10702289,-0.0941659,-0.12759323,-0.15274882,-0.15746465,-0.16710842,-0.12812386,-0.0969081,-0.16398169,-0.1431652,-0.11335766,-0.18846886,-0.1706479,-0.15387875,-0.12581411,-0.115196005,-0.11316353,-0.11662802,-0.17571053,-0.1384093,-0.13446316,-0.096878245,-0.12141986,-0.09172223,-0.12434345,-0.13528489,-0.063823454,-0.13877153,-0.11419349,-0.13369022,-0.24483351,-0.2571875,-0.29957527,-0.14624745,-0.15671265,-0.13244843,-0.19104545,-0.0782174,-0.1727212,-0.16410503,-0.09859173,-0.11065883,-0.11410124,-0.076612435,-0.083404,-0.1213824,-0.13072303,-0.13855581,-0.19385117,-0.09943782,-0.15569875,-0.19487974,-0.1910547,-0.18705733,-0.11119144,-0.14277883,-0.103109434,-0.15902834,-0.19457702,-0.17279458,-0.16894826,-0.14272784,-0.14262459,-0.102102995,-0.1531375,-0.16146566,-0.18090558,-0.19549522,-0.12122722,-0.1471955,-0.113637686,-0.08015282,-0.14327316,-0.20725825,-0.16056502,-0.125103,-0.15657571,-0.15690626,-0.1436745,-0.19202894,-0.16240588,-0.18168809,-0.2963242,-0.19979423,-0.18150318,-0.17159246,-0.19328293,-0.15771757,-0.14054683,-0.13031432,-0.12557748,-0.13831067,-0.16331485,-0.30584824,-0.16664809,-0.18115899,-0.19272746,-0.11441202,-0.15036362,-0.14051422,-0.17783108,-0.16688901,-0.16438645,-0.14331086,-0.18237996,-0.12857848,-0.1533005,-0.13811931,-0.24156228,-0.17934978,-0.10326346,-0.13512218,-0.14190176,-0.17431787,-0.110297814,-0.13455226,-0.15188266,-0.15979747,-0.18172365,-0.15412557,-0.14920288,-0.19184028,-0.17532013,-0.16377315,-0.14723541,-0.14623587,-0.11499533,-0.10471026,-0.13509086,-0.20148799,-0.17673734,-0.12513243,-0.16528496,-0.18041904,-0.18738703,-0.11705899,-0.17624918,-0.26123464,-0.09273453,-0.09233661,-0.11488338,-0.13609973,-0.14804912,-0.098753884,-0.18882358
k__Bacteria|p__Firmicutes|c__Bacilli|o__Lactobacillales|f__Carnobacteriaceae|g__Granulicatella|s__Granulicatella_SGB64171,-0.1004395,-0.12316422,-0.1415418,-0.20428483,-0.16631278,-0.19215712,-0.1666669,-0.1444492,-0.124661446,-0.18245094,-0.18212175,-0.22671153,-0.16744831,-0.2037687,-0.1029658,-0.0993143,-0.058144663,-0.09943345,-0.10765801,-0.16988148,-0.1978925,-0.12536043,-0.13568486,-0.15143177,-0.17061862,-0.11658599,-0.1664728,-0.17262165,-0.1509206,-0.12124001,-0.13463639,-0.10575114,-0.14776455,-0.19479346,-0.18790136,-0.2175087,-0.16038801,-0.22338755,-0.19646358,-0.29867563,-0.29210672,-0.1968565,-0.10682921,-0.09162698,-0.13691942,-0.15442947,-0.23188588,-0.1927047,-0.14567398,-0.2026537,-0.18300295,-0.18279888,-0.19684476,-0.19771561,-0.20329845,-0.15607515,-0.1253205,-0.14311811,-0.09203099,-0.09569459,-0.17023215,-0.14165238,-0.13743341,-0.14627804,-0.12719077,-0.15056524,-0.2613474,-0.22333384,-0.18757401,-0.20047067,-0.14492834,-0.14850459,-0.13040894,-0.14227414,-0.14971226,-0.16309324,-0.14565457,-0.16278498,-0.1587772,-0.14998752,-0.14657342,-0.15648937,-0.1524504,-0.22480208,-0.120334074,-0.14092234,-0.11812003,-0.15995336,-0.17294219,-0.15508303,-0.16712935,-0.11139822,-0.1388583,-0.13027036,-0.12810075,-0.15152657,-0.1418652,-0.11509761,-0.10065024,-0.090616226,-0.105216965,-0.12013006,-0.13446513,-0.15027548,-0.1593501,-0.1185138,-0.11129953,-0.1578567,1.7875112,-0.13305694,-0.16380046,-0.25953975,-0.14805426,-0.13228485,-0.14133379,-0.15095688,-0.17780018,-0.16300082,-0.22917573,-0.09015879,-0.109985724,-0.13430786,-0.12926173,-0.13997786,-0.17289147,-0.13908121,-0.16057305,-0.12777606,-0.07092635,-0.03704006,-0.13681266,-0.16108233,-0.17777997,-0.14332479,-0.12334781,-0.13517599,-0.12023825,-0.13778488,-0.25318068,-0.26654312,-0.08345467,-0.10945694,-0.14358664,-0.09238048,-0.18655692,-0.18934813,-0.15222758,-0.090208896,-0.13230102,-0.14891264,-0.14970008,-0.1581676,-0.16964397,-0.18229531,-0.08801306,-0.12339825,-0.14050928,-0.10256614,-0.17951453,-0.19495486,-0.1898197,-0.10000987,-0.13113372,-0.08008273,-0.1275251,-0.19006202,-0.19210531,-0.19050106,-0.12276893,-0.07554436,-0.0970916,-0.11837815,-0.13601393,-0.12406494,-0.121451,-0.094446495,-0.09661418,-0.10821457,-0.082459606,-0.11261467,-0.13164404,-0.1659477,-0.1410757,-0.13600248,-0.18093297,-0.17825818,-0.19316344,-0.14421493,-0.15549555,-0.13490185,-0.119081676,-0.14001076,-0.19117098,-0.19018438,-0.1804615,-0.19755594,-0.25103784,-0.20219928,-0.1887808,-0.19030632,-0.18145868,-0.17322758,-0.27554205,-0.08916744,-0.11956477,-0.12756988,-0.15751183,-0.20931396,-0.18224281,-0.29657933,-0.32474133,-0.15307108,-0.3242122,-0.17325558,-0.17108874,-0.2185038,-0.17647925,-0.114121355,-0.13955146,-0.15388772,-0.15788373,-0.22984435,-0.18186735,-0.25587338,-0.104234844,-0.12455491,-0.13793805,-0.12372206,-0.15189947,-0.15407023,-0.15509436,-0.14014931,-0.15141064,-0.16203117,-0.15464592,-0.15270162,-0.15256748,-0.1334256,-0.12270773,-0.1456986,-0.18890622,-0.17585617,-0.21025829,-0.3990198,-0.20134416,-0.11306815,-0.1296617,-0.11819673,-0.14731616,-0.16636807,-0.18514831,-0.19042724,-0.13116574,-0.07683688,-0.15233257,-0.13923141,-0.14106366,-0.117403544,-0.19987361,-0.1649412,-0.158042,-0.14110547,-0.12329337,1.0650901,-0.14610182,-0.2588673,-0.107095554,-0.13074079,-0.09132757,-0.12832497,-0.12852144,-0.14910167,-0.15075396,-0.09609645,-0.08910369,-0.12390226,-0.1103998,-0.13728976,-0.1501316,-0.16929096,-0.14231595,-0.11604418,-0.17291808,-0.15111148,-0.14163758,-0.12524323,-0.1408988,-0.17466888,-0.13176009,-0.13170263,-0.14518522,-0.122492895,-0.08722703,-0.05825615,-0.14288442,-0.17082691,-0.026243303,-0.16602364,-0.2829064,-0.31316653,-0.19699168,-0.14498244,0.68099296,-0.14862512,-0.12963767,-0.25088155,-0.19265404,-0.18721853,-0.09456801,-0.10902799,-0.10702289,-0.093660556,-0.12759323,-0.15222463,-0.15746465,-0.16617069,-0.12812386,-0.0969081,2.7414384,-0.14270417,-0.11335766,-0.18846886,-0.1706479,-0.15320596,-0.12531546,-0.115196005,-0.11266877,-0.11662802,-0.17466344,-0.13785586,-0.13378389,-0.096878245,-0.12083078,-0.09159216,-0.12434345,-0.13507122,-0.063823454,-0.13877153,-0.11419349,-0.13350573,0.6808855,-0.2571875,-0.29957527,-0.14555928,-0.1560008,-0.13182491,-0.19104545,-0.0782174,-0.17133658,-0.1635394,-0.09859173,-0.11065883,-0.11411211,-0.076612435,-0.083404,-0.1213824,-0.13072303,-0.13855581,-0.19385117,-0.09890672,-0.15507384,-0.19487974,-0.18996689,-0.1858066,-0.11089225,-0.14240627,-0.102578014,-0.15833832,-0.19297367,-0.17143862,-0.16827413,-0.14219798,-0.14190845,-0.101952285,-0.15256804,-0.16080627,-0.17996874,-0.19397977,-0.12074426,-0.1465494,-0.11337723,-0.080077685,-0.14284383,-0.20725825,-0.15983649,-0.125103,-0.15657571,-0.15690626,-0.14306098,-0.19202894,-0.1617671,-0.18069896,0.49559155,-0.19785261,-0.18056491,-0.17103714,-0.19201124,-0.15701906,-0.14054683,-0.12985033,-0.12557748,-0.13775772,-0.1627107,-0.30584824,-0.16611403,-0.18015714,-0.19158788,-0.11441202,-0.1499229,-0.14005442,-0.1769651,-0.16611269,-0.16345781,-0.14331086,-0.18237996,-0.12802255,-0.15276235,-0.13759445,-0.24156228,-0.17846474,-0.10299661,-0.13487439,-0.14121988,-0.17343068,-0.110022016,-0.13416353,-0.15123782,-0.15896295,-0.18092078,-0.15313627,-0.14850402,-0.19184028,-0.17445996,-0.1628983,-0.14723541,-0.14623587,-0.11499533,-0.10471026,-0.1346197,-0.20148799,-0.17577927,-0.12513243,-0.16491655,-0.18041904,-0.18738703,-0.11705899,-0.17488888,-0.25803083,-0.09247458,-0.09215178,-0.11465204,-0.13547173,-0.14734294,-0.098486945,-0.18774396
k__Bacteria|p__Firmicutes|c__Clostridia|o__Eubacteriales|f__Lachnospiraceae|g__GGB3653|s__GGB3653_SGB4964,-0.1004395,-0.12316422,-0.14154485,-0.20428483,-0.16685887,-0.1937369,-0.1666669,-0.14545447,-0.12497265,-0.18419522,-0.18331315,-0.22831522,-0.1695509,-0.20607364,-0.10325873,-0.099374086,-0.058144663,-0.10007988,-0.10766454,-0.17111085,-0.1978925,-0.12536043,-0.13656393,-0.15276873,-0.17177673,-0.11658599,-0.16754647,-0.1745618,-0.1509206,-0.12124001,-0.13516453,-0.10557242,-0.14839306,-0.19619074,-0.18963507,-0.2175087,-0.16057028,-0.22338755,-0.19726013,-0.29867563,-0.29210672,-0.19878975,-0.1073861,-0.09162698,-0.13691942,-0.15510118,-0.23188588,-0.19388512,-0.14685072,-0.2026537,-0.18365216,-0.18279888,-0.1976193,-0.19895437,-0.20476526,-0.15857829,-0.12593181,-0.14403787,-0.092282705,-0.09567558,-0.17153889,-0.14267288,-0.13743341,-0.14715123,-0.12719077,-0.15124746,-0.2613474,-0.22333384,-0.18909901,-0.20047067,-0.14610557,-0.14949073,-0.1308479,-0.1429721,-0.15140301,-0.16462684,-0.14705515,-0.16278498,-0.1592731,-0.14998752,-0.14731169,-0.15712169,-0.15348877,-0.22480208,-0.120334074,-0.14164576,-0.118397966,-0.16138601,-0.1745168,-0.15568085,-0.16851965,-0.11139822,-0.1388583,-0.13027036,-0.12886351,-0.15152657,-0.14263937,-0.115789905,-0.10065024,-0.09047277,-0.10565364,-0.12068303,-0.13514847,-0.15027548,-0.1607148,-0.1185138,-0.11129953,-0.1578567,-0.17738779,-0.13403054,-0.16381057,-0.25953975,-0.14880562,-0.1326141,-0.14178842,-0.15095688,-0.17780018,-0.16347909,-0.22917573,-0.09015879,-0.110094905,-0.13486068,-0.12988624,-0.13997786,-0.17381492,-0.13908121,-0.16057305,-0.12777606,-0.07092635,-0.03704006,-0.1371375,-0.1624186,-0.17926155,-0.14332479,-0.12334781,-0.1357429,-0.12023825,-0.13850766,-0.25318068,-0.26654312,-0.08353008,-0.10945694,-0.1448743,-0.09238048,-0.18790984,-0.19057077,-0.15312959,-0.09030241,-0.13230102,-0.14965628,-0.1504931,-0.1592419,-0.17077945,-0.18426725,-0.087739184,-0.12405847,-0.1414287,-0.10256614,-0.17951453,-0.19495486,-0.19173752,-0.100275576,-0.13113372,-0.079854645,-0.12805855,-0.19006202,-0.193756,-0.19198047,-0.12383558,-0.07524279,-0.09719354,-0.118594475,-0.13674006,-0.12406494,-0.121451,-0.09465696,-0.09670396,-0.10860881,-0.082459606,-0.1130231,-0.13249457,-0.16755474,-0.1410757,-0.13632604,-0.18093297,-0.17825818,-0.19436926,-0.14478084,-0.15549555,-0.13575214,-0.119081676,-0.14001076,-0.19117098,-0.19137496,-0.18157682,-0.19755594,-0.25103784,-0.20219928,-0.19010517,-0.1910854,-0.18279186,-0.17382227,-0.27554205,-0.08916744,-0.11956477,-0.12777004,-0.15751183,-0.20931396,-0.18224281,-0.29657933,-0.32474133,-0.15142186,-0.3242122,-0.17325558,-0.17108874,-0.2185038,-0.17647925,-0.114121355,-0.13980362,-0.15388772,-0.15788373,-0.22984435,-0.18186735,-0.25770533,-0.10447514,-0.12455491,-0.1386697,-0.124343224,-0.15189947,-0.15541795,-0.15669456,-0.14014931,-0.15141064,-0.16354528,-0.15530549,-0.15376335,-0.15317626,-0.13410398,-0.123106256,-0.14638226,-0.19084014,-0.17745677,-0.21025829,-0.3990198,-0.2030808,-0.11362374,-0.1296617,-0.11882718,-0.14817384,-0.16636807,-0.18716182,-0.19188836,-0.13164833,-0.076528326,-0.1533899,-0.13980159,-0.14106366,-0.11853834,-0.19987361,-0.1649412,-0.15847957,-0.14155635,-0.1237208,-0.12722544,-0.14610182,-0.2588673,-0.10734846,-0.13074079,-0.09132757,-0.12832497,-0.12947021,-0.14982852,-0.15224832,-0.09644735,-0.08910369,-0.1244855,-0.110539295,-0.13798703,-0.15090777,-0.17074956,-0.14312443,-0.116311595,-0.17419851,-0.15206079,-0.14261764,-0.12541711,-0.1425999,-0.17466888,-0.13176009,-0.13229585,-0.14598432,-0.1231757,-0.08722703,-0.05825615,-0.1437036,-0.17082691,-0.026243303,-0.1664237,-0.2829064,-0.31316653,-0.19861822,-0.14587653,-0.14331596,-0.14862512,-0.12963767,-0.25088155,-0.19421339,-0.18892889,-0.09463717,-0.10945409,-0.10702289,-0.09416513,-0.12759323,-0.15305433,-0.15746465,-0.16740227,-0.12812386,-0.0969081,-0.16398169,-0.14409569,-0.11335766,-0.18846886,-0.1706479,-0.1539782,-0.12586445,-0.115196005,-0.11310426,-0.11662802,-0.1764503,-0.13874602,-0.13463393,-0.096878245,-0.12127236,-0.09188239,-0.12434345,-0.13610327,-0.063823454,-0.13877153,-0.11419349,-0.13378997,-0.24483351,-0.2571875,2.18474,-0.14639767,-0.15693268,-0.13238302,-0.19104545,-0.0782174,-0.17254551,-0.16461027,-0.09859173,-0.11065883,-0.114820674,-0.076612435,-0.083404,-0.1213824,-0.13072303,-0.13855581,-0.19385117,-0.09910779,-0.1557785,-0.19487974,-0.19125327,-0.18721673,-0.11136684,-0.1430665,-0.10316683,-0.15971395,-0.19441657,-0.17365006,-0.1691963,-0.14297266,-0.14270724,-0.10160242,-0.15349326,-0.16175899,-0.18107384,-0.19550702,-0.1213958,-0.14767373,-0.11386226,-0.08005846,-0.14319938,-0.20725825,-0.16096868,-0.125103,-0.15657571,-0.15690626,-0.14362794,-0.19202894,-0.16265443,-0.18233506,-0.2963242,-0.1971284,-0.18115023,-0.17172112,-0.1931203,-0.15764888,-0.14054683,-0.13044377,-0.12557748,-0.13840209,-0.16315752,-0.30584824,-0.16658422,-0.181419,-0.19283238,-0.11441202,-0.15083258,-0.1406599,-0.17821896,-0.1671064,-0.16482307,-0.14331086,-0.18237996,-0.12819597,-0.15336391,-0.13749312,-0.24156228,-0.17932585,-0.10333486,-0.1351448,-0.14226148,-0.17480794,-0.11025858,-0.13459629,-0.15283081,-0.16036081,-0.1817772,-0.15458773,-0.14932531,-0.19184028,-0.17539333,-0.16461268,-0.14723541,-0.14623587,-0.11499533,-0.10471026,-0.1351862,-0.20148799,-0.17737734,-0.12513243,-0.16553433,-0.18041904,-0.18738703,-0.11705899,-0.1771748,-0.2597853,-0.09261739,-0.092334546,-0.11468471,-0.13626546,-0.1482217,-0.09842131,-0.18939538
k__Bacteria|p__Firmicutes|c__Clostridia|o__Eubacteriales|f__Lachnospiraceae|g__Roseburia|s__Roseburia_porci,-0.1004395,-0.12316422,-0.14124858,-0.20428483,-0.16643488,-0.19318381,-0.1666669,-0.14488846,-0.124328494,-0.18360722,-0.1825187,-0.22976252,-0.16902298,-0.20735034,-0.10301532,-0.099757135,-0.058144663,-0.09962183,-0.10728447,-0.1702962,-0.1978925,-0.12536043,-0.13592362,-0.15185978,-0.17127629,-0.11658599,-0.16677868,-0.17373456,-0.1509206,-0.12124001,-0.13452297,-0.10547674,-0.14763597,-0.19611195,-0.18880184,-0.2175087,-0.16036704,-0.22338755,-0.19715482,-0.29867563,-0.29210672,-0.19793388,-0.107267946,-0.09162698,-0.13691942,-0.15465839,-0.23188588,-0.19350486,-0.14617711,-0.2026537,-0.18343197,-0.18279888,-0.19730765,-0.19831267,-0.20385563,-0.15812534,-0.12542263,-0.14358124,-0.09180435,-0.095422566,-0.17087036,-0.14188445,-0.13743341,-0.14660096,-0.12719077,-0.15086246,-0.2613474,-0.22333384,-0.18842551,-0.20047067,-0.14553767,-0.14892954,-0.13033465,-0.14240476,-0.15058254,-0.16402504,-0.14630795,-0.16278498,-0.15922612,-0.14998752,-0.14650168,-0.15665123,-0.15271035,-0.22480208,-0.120334074,-0.14102167,-0.11793004,-0.16076258,-0.17379665,-0.15496844,-0.16755389,-0.11139822,-0.1388583,-0.13027036,-0.12814519,-0.15152657,-0.14164865,-0.115363926,-0.10065024,-0.09025847,-0.1053595,-0.12041359,-0.13463028,-0.15027548,-0.15995511,-0.1185138,-0.11129953,-0.1578567,-0.17738779,-0.13371205,-0.1628061,-0.25953975,-0.14834473,-0.13207498,-0.14121126,-0.15095688,-0.17780018,-0.16318923,-0.22917573,-0.09015879,-0.10949054,-0.13422473,-0.12939529,-0.13997786,-0.17316431,-0.13908121,-0.16057305,-0.12777606,-0.07092635,-0.03704006,-0.13673367,-0.16142829,-0.17852563,-0.14332479,-0.12334781,-0.13527413,-0.12023825,-0.1376019,-0.25318068,-0.26654312,-0.08323033,-0.10945694,-0.14401925,-0.09238048,-0.18709682,-0.18981,-0.15239707,-0.09001428,-0.13230102,-0.1489765,-0.1499373,-0.1587117,-0.17014787,-0.18338397,-0.08756061,-0.12385779,-0.14109221,-0.10256614,-0.17951453,-0.19495486,-0.19121736,-0.09974028,-0.13113372,-0.07949893,-0.12724596,4.69666,-0.19318686,-0.19126877,-0.12319002,-0.075335875,-0.09713961,-0.118269525,-0.136099,-0.12406494,-0.121451,-0.09444126,-0.096554786,-0.108201034,-0.082459606,-0.11271903,-0.13181263,-0.16690777,-0.1410757,-0.13581526,-0.18093297,-0.17825818,-0.19403106,-0.14414468,-0.15549555,-0.13515532,-0.119081676,-0.14001076,-0.19117098,-0.19125162,-0.18100223,-0.19755594,-0.25103784,-0.20219928,-0.18913192,-0.19048095,-0.18208751,-0.17314142,-0.27554205,-0.08916744,-0.11956477,-0.12691164,-0.15751183,-0.20931396,-0.18224281,-0.29657933,-0.32474133,-0.1503846,-0.3242122,-0.17325558,-0.17108874,-0.2185038,-0.17647925,-0.114121355,-0.13934703,-0.15388772,-0.15788373,-0.22984435,-0.18186735,-0.25899407,-0.10407613,-0.12455491,-0.13796976,-0.12366272,-0.15189947,-0.15467036,-0.15595087,-0.14014931,-0.15141064,-0.16272882,-0.1547519,-0.1530925,-0.15246534,-0.13368598,-0.122452244,-0.145756,-0.1898644,-0.1765258,-0.21025829,-0.3990198,-0.20288137,-0.11321718,-0.1296617,-0.11857966,-0.14720024,-0.16636807,-0.18633205,-0.1912064,-0.13086328,-0.076470576,-0.15263554,-0.13911133,-0.14106366,-0.11750412,-0.19987361,-0.1649412,-0.15796673,-0.1408956,-0.12313151,-0.12722544,-0.14610182,-0.2588673,-0.106852025,-0.13074079,-0.09132757,-0.12832497,-0.12863469,-0.14890645,-0.15156552,-0.09615239,-0.08910369,-0.12386505,-0.110045105,-0.1373708,-0.15007553,-0.17007613,-0.14240535,-0.11557454,-0.173513,-0.15119737,-0.1419048,-0.12498634,-0.14181948,-0.17466888,-0.13176009,-0.13166952,-0.14544104,-0.122769475,-0.08722703,-0.05825615,-0.14299852,-0.17082691,-0.026243303,-0.16624635,-0.2829064,-0.31316653,-0.19802883,-0.14530125,-0.14331596,-0.14862512,-0.12963767,-0.25088155,-0.19401956,-0.18816894,-0.09397745,-0.109275535,-0.10702289,-0.09377578,-0.12759323,-0.15217476,-0.15746465,-0.1671678,-0.12812386,-0.0969081,-0.16398169,-0.1432823,-0.11335766,-0.18846886,-0.1706479,-0.15343988,-0.12545979,-0.115196005,-0.11261881,-0.11662802,-0.1759165,-0.13818917,-0.13428605,-0.096878245,-0.12102388,-0.091473125,-0.12434345,-0.13530691,-0.063823454,-0.13877153,-0.11419349,-0.133108,-0.24483351,-0.2571875,-0.29957527,-0.1458794,-0.15643653,-0.13170215,-0.19104545,-0.0782174,-0.17205165,-0.16391644,-0.09859173,-0.11065883,-0.1140876,-0.076612435,-0.083404,-0.1213824,-0.13072303,-0.13855581,-0.19385117,-0.09887759,-0.15496728,-0.19487974,-0.19050738,-0.18652168,-0.110785335,-0.14260405,-0.10280566,-0.1591336,-0.19404498,-0.17268898,-0.16824928,-0.14240448,-0.14241698,-0.1011959,-0.15260443,-0.1613802,-0.1803278,-0.19507223,-0.12083175,-0.14719269,-0.11334258,-0.07975004,-0.14219856,-0.20725825,-0.16036873,-0.125103,-0.15657571,-0.15690626,-0.14330502,-0.19202894,-0.161824,-0.18143064,-0.2963242,-0.19771051,-0.18026966,-0.17116313,-0.19245158,-0.15689206,-0.14054683,-0.12982664,-0.12557748,-0.137636,-0.16213074,-0.30584824,-0.16566482,-0.18066484,-0.19252035,-0.11441202,-0.14977874,-0.14020744,-0.17745242,-0.16646834,-0.16427593,-0.14331086,2.3190038,-0.12768191,-0.15262604,-0.13647711,-0.24156228,-0.17893156,-0.10293491,-0.13467124,-0.14166354,-0.17413661,-0.10971758,-0.1338383,-0.1520232,-0.1600661,-0.18139406,-0.153812,-0.14863485,-0.19184028,-0.17463285,-0.16393372,-0.14723541,-0.14623587,-0.11499533,-0.10471026,-0.13432166,-0.20148799,-0.1766002,-0.12513243,-0.1655983,-0.18041904,-0.18738703,-0.11705899,-0.17641217,-0.26054883,-0.092412814,-0.09207122,-0.114276364,-0.13573521,-0.14759552,-0.09789799,-0.1886507
k__Bacteria|p__Firmicutes|c__Clostridia|o__Eubacteriales|f__Lachnospiraceae|g__Dorea|s__Dorea_formicigenerans,-0.1004395,-0.12316422,-0.14206967,-0.20428483,-0.16688338,-0.19286643,-0.1666669,-0.14459619,-0.12516809,-0.18245628,-0.18299662,-0.2273225,-0.17076537,-0.20416735,-0.10369559,-0.09998083,-0.058144663,-0.099609256,-0.10820195,-0.17028424,-0.1978925,-0.12536043,-0.13611941,-0.15172742,-0.17127961,-0.11658599,-0.16688162,-0.17312619,-0.1509206,-0.12124001,-0.13485229,-0.1064599,-0.14797498,-0.1955913,-0.18851082,-0.2175087,-0.16105571,-0.22338755,-0.19716024,-0.29867563,-0.29210672,-0.19764343,-0.10742498,-0.09162698,-0.13691942,-0.15495169,-0.23188588,-0.19343093,-0.14637941,-0.2026537,-0.18343517,-0.18279888,-0.19690043,-0.19876838,-0.20388776,-0.15728456,-0.12577388,-0.1436002,-0.09241054,-0.09617534,-0.17053668,-0.1420215,-0.13743341,-0.14671601,-0.12719077,-0.15096793,-0.2613474,-0.22333384,-0.18826109,-0.20047067,-0.14527157,-0.14900213,-0.13079879,-0.14268628,-0.15011077,-0.16337839,-0.1460709,-0.16278498,-0.15927184,-0.14998752,-0.1469723,-0.1569105,-0.1528557,-0.22480208,-0.120334074,-0.14132671,-0.118612155,-0.16022076,-0.17340219,-0.15562046,-0.16746542,-0.11139822,-0.1388583,-0.13027036,-0.12851463,-0.15152657,-0.14227581,-0.115622036,-0.10065024,-0.09115683,-0.105782,-0.12059668,-0.13490799,-0.15027548,-0.15978365,-0.1185138,-0.11129953,-0.1578567,-0.17738779,-0.13330248,-0.1641161,-0.25953975,-0.14849225,-0.13276432,-0.14166781,-0.15095688,-0.17780018,-0.16366762,-0.22917573,-0.09015879,-0.11027947,-0.13461123,-0.12978221,-0.13997786,-0.17341322,-0.13908121,-0.16057305,-0.12777606,-0.07092635,-0.03704006,-0.13708225,-0.1615611,-0.17819357,-0.14332479,-0.12334781,-0.13560063,-0.12023825,-0.13810822,-0.25318068,-0.26654312,-0.08400887,-0.10945694,-0.14397693,-0.09238048,-0.18696171,-0.18985547,-0.15304685,-0.09077464,-0.13230102,-0.14934169,-0.15016541,-0.15864608,-0.1702156,-0.18276137,-0.08860703,-0.12380612,-0.1408307,-0.10256614,-0.17951453,-0.19495486,-0.1905559,-0.100446746,-0.13113372,-0.08047711,-0.12824139,-0.19006202,-0.19289602,-0.19109896,-0.12312119,-0.076251164,-0.09749177,-0.11888749,-0.13643193,-0.12406494,-0.121451,-0.09500638,-0.09731399,-0.10871847,-0.082459606,-0.11309862,-0.13220194,-0.16635841,-0.1410757,-0.13645136,-0.18093297,-0.17825818,-0.19392884,-0.14472999,-0.15549555,-0.1353482,-0.119081676,-0.14001076,-0.19117098,-0.19088623,-0.18090314,-0.19755594,-0.25103784,-0.20219928,-0.18942472,-0.19071895,-0.18214022,-0.17363095,-0.27554205,-0.08916744,-0.11956477,-0.12795915,-0.15751183,-0.20931396,-0.18224281,-0.29657933,-0.32474133,-0.15324959,-0.3242122,-0.17325558,-0.17108874,-0.2185038,-0.17647925,-0.114121355,-0.13996434,-0.15388772,-0.15788373,-0.22984435,-0.18186735,-0.25792658,-0.104747236,-0.12455491,-0.13829184,-0.12420955,-0.15189947,-0.15451208,-0.15555863,-0.14014931,-0.15141064,-0.16233978,-0.15510148,-0.1530351,-0.15302983,-0.13410898,-0.12314364,-0.14615124,-0.18920138,-0.17672504,-0.21025829,-0.3990198,-0.20243135,-0.11361197,-0.1296617,-0.11853225,-0.14778045,4.6704435,-0.18546121,-0.191108,-0.13156676,-0.07748218,-0.152583,-0.13970907,-0.14106366,-0.117767125,-0.19987361,-0.1649412,-0.15847561,-0.1414918,-0.123878844,-0.12722544,-0.14610182,-0.2588673,-0.10762521,-0.13074079,-0.09132757,-0.12832497,-0.12895383,-0.1495844,-0.151239,-0.0966506,-0.08910369,-0.124281,-0.110975295,-0.13774538,-0.1505561,-0.1698485,-0.14271042,-0.11649583,-0.17314991,-0.15164624,-0.14205025,-0.12578884,-0.14144498,-0.17466888,-0.13176009,-0.13209577,-0.14560279,-0.12319884,-0.08722703,-0.05825615,-0.14325882,-0.17082691,-0.026243303,-0.16649997,6.1054664,4.19683,-0.19768886,-0.14542563,-0.14331596,-0.14862512,-0.12963767,-0.25088155,-0.19361785,-0.18777555,-0.0951397,-0.1094124,-0.10702289,-0.09408538,-0.12759323,-0.15263794,-0.15746465,-0.16673738,-0.12812386,-0.0969081,-0.16398169,-0.14315155,-0.11335766,-0.18846886,-0.1706479,-0.15374792,-0.12574695,-0.115196005,-0.11316091,-0.11662802,-0.17511491,-0.13831946,-0.13431774,-0.096878245,-0.12138046,-0.09215382,-0.12434345,-0.13544212,-0.063823454,-0.13877153,-0.11419349,-0.1337193,-0.24483351,-0.2571875,-0.29957527,-0.14597964,-0.156349,-0.1322662,-0.19104545,-0.0782174,-0.17161556,-0.16392845,-0.09859173,-0.11065883,-0.11444551,-0.076612435,-0.083404,-0.1213824,-0.13072303,-0.13855581,-0.19385117,-0.0994858,-0.1553694,-0.19487974,-0.19060284,-0.18643126,-0.111462995,-0.14278364,-0.1031797,-0.15840682,-0.19373833,-0.17173047,-0.16890031,-0.14266391,-0.14238647,-0.102428645,-0.1529275,-0.16132459,-0.1804609,-0.19473124,-0.12126075,-0.146893,-0.11384082,-0.08047267,-0.14307095,-0.20725825,-0.1603851,-0.125103,-0.15657571,-0.15690626,-0.14354324,-0.19202894,-0.16228613,-0.18110417,-0.2963242,-0.19865784,-0.18100616,-0.17171142,-0.19256163,-0.15761413,-0.14054683,-0.1303255,-0.12557748,-0.1382894,-0.16318516,-0.30584824,-0.16627699,-0.18062362,-0.19232321,-0.11441202,-0.15025792,-0.140597,-0.17735249,-0.16656306,-0.1640528,-0.14331086,-0.18237996,-0.12853208,-0.15289146,-0.13787422,-0.24156228,-0.1791142,-0.10354711,-0.13526914,-0.14166671,-0.17377806,-0.11069695,-0.13452235,-0.15160486,-0.15941964,-0.18138608,-0.15356657,-0.14905016,-0.19184028,-0.17503873,-0.16334997,-0.14723541,-0.14623587,-0.11499533,-0.10471026,-0.13498661,-0.20148799,-0.17637098,-0.12513243,-0.1652484,-0.18041904,-0.18738703,-0.11705899,-0.17504486,-0.2596867,-0.09312314,-0.09269349,-0.115051895,-0.13593069,-0.1478194,-0.099105194,-0.18808575
k__Bacteria|p__Firmicutes|c__Clostridia|o__Eubacteriales|f__Lachnospiraceae|g__Coprococcus|s__Coprococcus_comes,-0.1004395,-0.12316422,-0.14147484,-0.20428483,-0.16686864,-0.19342929,-0.1666669,-0.1454317,-0.12489925,-0.18396932,-0.18198815,-0.22485116,-0.16843316,-0.20382029,-0.103363134,-0.09962198,-0.058144663,-0.10038498,-0.10787976,-0.17121875,-0.1978925,-0.12536043,-0.1367436,-0.15292075,-0.17161357,-0.11658599,-0.16741802,-0.17450446,-0.1509206,-0.12124001,-0.13536605,-0.10550158,-0.14840809,-0.1953596,-0.18920025,-0.2175087,-0.16104716,-0.22338755,-0.19697472,-0.29867563,-0.29210672,-0.19789281,-0.10761526,-0.09162698,-0.13691942,-0.15507515,-0.23188588,-0.19362666,-0.14665033,-0.2026537,-0.18348351,-0.18279888,-0.19691047,-0.19785428,-0.20308518,-0.15853253,-0.12607867,-0.14412335,-0.092914686,-0.09608705,-0.17147687,-0.14298908,-0.13743341,-0.14719093,-0.12719077,-0.15139565,-0.2613474,-0.22333384,-0.18883678,-0.20047067,-0.14621866,-0.14949834,-0.13091034,-0.14294066,-0.1515021,-0.16480657,-0.14731425,-0.16278498,-0.15927404,-0.14998752,-0.14747721,-0.15700547,-0.15358405,-0.22480208,-0.120334074,-0.1417295,-0.11860165,-0.16150662,-0.1744422,-0.15560265,-0.16838966,-0.11139822,-0.1388583,-0.13027036,-0.1290303,-0.15152657,-0.14261568,-0.11606698,-0.10065024,-0.09060736,-0.10580653,-0.120926425,-0.13528222,-0.15027548,-0.16071674,-0.1185138,-0.11129953,-0.1578567,-0.17738779,-0.13437489,-0.16385189,-0.25953975,-0.14888655,-0.13249663,-0.14163788,-0.15095688,-0.17780018,-0.16346948,-0.22917573,-0.09015879,-0.11044201,-0.13492052,-0.12987688,-0.13997786,-0.17350525,-0.13908121,-0.16057305,-0.12777606,-0.07092635,-0.03704006,-0.13717498,-0.16227832,-0.17921522,-0.14332479,-0.12334781,-0.1357349,-0.12023825,-0.1384137,-0.25318068,-0.26654312,-0.08384091,-0.10945694,-0.14486,-0.09238048,-0.18751702,-0.18989298,-0.15248425,-0.090600595,-0.13230102,-0.14965448,-0.15040319,-0.15918282,-0.17065017,-0.18428478,-0.088050276,-0.12445378,-0.14155987,-0.10256614,-0.17951453,-0.19495486,-0.19147667,-0.1004979,-0.13113372,-0.07992399,-0.12799284,-0.19006202,-0.19317499,-0.19155064,-0.124230206,-0.07562928,-0.09752917,-0.118628845,-0.13664886,-0.12406494,-0.121451,-0.094888374,-0.09671919,-0.10864287,-0.082459606,-0.11298,-0.13239446,-0.1675756,-0.1410757,-0.1364108,-0.18093297,-0.17825818,-0.19376782,-0.14476958,-0.15549555,-0.13595155,-0.119081676,-0.14001076,-0.19117098,-0.19082712,-0.18132737,-0.19755594,-0.25103784,-0.20219928,-0.18960305,-0.19067785,-0.18222125,-0.1734032,-0.27554205,-0.08916744,-0.11956477,-0.12762776,-0.15751183,-0.20931396,-0.18224281,-0.29657933,-0.32474133,-0.15126243,-0.3242122,-0.17325558,-0.17108874,-0.2185038,-0.17647925,-0.114121355,-0.1397711,-0.15388772,-0.15788373,-0.22984435,-0.18186735,-0.25393102,-0.1046568,-0.12455491,-0.1386154,-0.12444648,-0.15189947,-0.15538266,-0.15678306,-0.14014931,-0.15141064,-0.1636469,-0.1554331,-0.15382662,-0.15308727,-0.13392341,-0.12326968,-0.14640245,-0.19036551,-0.17676632,5.809556,6.00109,-0.20136982,-0.11368431,-0.1296617,-0.11888542,-0.14806807,-0.16636807,-0.18693903,-0.19152528,-0.13177168,-0.076818526,-0.15360883,-0.13978285,-0.14106366,-0.119037166,-0.19987361,-0.1649412,-0.15842584,-0.14149557,-0.12365788,-0.12722544,-0.14610182,-0.2588673,-0.107546695,-0.13074079,-0.09132757,-0.12832497,-0.12955782,-0.1497561,-0.15237582,-0.09669097,-0.08910369,-0.12458657,-0.11062363,-0.13803881,-0.15080146,-0.17074114,-0.1432031,-0.11646917,-0.17410013,-0.15181808,-0.1426293,-0.12528905,-0.14267898,-0.17466888,-0.13176009,-0.13248298,-0.14598155,-0.12322779,-0.08722703,-0.05825615,-0.1437056,-0.17082691,-0.026243303,-0.16667016,-0.2829064,-0.31316653,-0.19748895,-0.14597708,-0.14331596,-0.14862512,-0.12963767,-0.25088155,-0.19374907,-0.18878582,-0.09482078,-0.10981079,-0.10702289,-0.09448023,-0.12759323,-0.15303929,7.8046274,-0.16733417,-0.12812386,-0.0969081,-0.16398169,-0.14433518,-0.11335766,-0.18846886,-0.1706479,-0.15402019,-0.12616226,-0.115196005,-0.1133524,-0.11662802,-0.17631567,-0.13885967,-0.13466401,-0.096878245,-0.12123634,-0.09211522,-0.12434345,-0.13631114,-0.063823454,-0.13877153,-0.11419349,-0.13395303,-0.24483351,-0.2571875,-0.29957527,-0.14644238,-0.15686947,-0.13245496,-0.19104545,-0.0782174,-0.17234777,-0.16462131,-0.09859173,-0.11065883,-0.11520421,-0.076612435,-0.083404,-0.1213824,-0.13072303,-0.13855581,-0.19385117,-0.09949307,-0.15602735,-0.19487974,-0.19078627,-0.18690553,-0.11156278,-0.1430303,-0.10345777,-0.16006762,-0.19392002,-0.1736227,-0.16873996,-0.1429943,-0.14277071,-0.10170022,-0.15334278,-0.16170117,-0.18058597,-0.19464952,-0.12155549,-0.14775331,-0.113966435,-0.08038239,-0.14352082,-0.20725825,-0.16100529,-0.125103,-0.15657571,-0.15690626,-0.14369449,-0.19202894,-0.16269892,-0.18232381,-0.2963242,-0.19597025,-0.18049267,-0.17096713,-0.19220772,-0.15724464,-0.14054683,-0.13051718,-0.12557748,-0.13839328,-0.16318814,-0.30584824,-0.16653043,-0.18112917,-0.19242878,-0.11441202,-0.15080014,-0.14067402,-0.17808977,-0.1670933,-0.16482934,-0.14331086,-0.18237996,-0.12835562,-0.1534011,-0.1376006,-0.24156228,-0.17889774,-0.10356359,-0.13526422,-0.1423277,-0.17481244,-0.11037249,-0.13464595,-0.15288037,-0.16034901,-0.18133983,-0.15469089,-0.14948878,-0.19184028,-0.17529291,-0.16476494,-0.14723541,-0.14623587,-0.11499533,-0.10471026,-0.13527064,-0.20148799,-0.17734665,-0.12513243,-0.16538125,-0.18041904,-0.18738703,-0.11705899,-0.17736702,-0.25733042,-0.09286493,-0.09260099,-0.11487044,-0.13627611,-0.14811766,-0.09851104,-0.18916982
k__Bacteria|p__Firmicutes|c__Bacilli|o__Lactobacillales|f__Streptococcaceae|g__Streptococcus|s__Streptococcus_SGB3665,-0.1004395,-0.12316422,-0.1418582,-0.20428483,-0.16660489,-0.19316427,-0.1666669,-0.14477274,-0.12510929,-0.1830312,-0.18253615,-0.22896484,-0.16896641,-0.2055209,-0.10364368,-0.10000269,-0.058144663,-0.09972341,-0.10793996,-0.17036575,-0.1978925,-0.12536043,-0.13602573,-0.15181771,-0.17121708,-0.11658599,-0.16707623,-0.17338738,-0.1509206,-0.12124001,-0.13491303,-0.10630324,-0.14802337,-0.19561261,-0.18875483,-0.2175087,-0.16044141,-0.22338755,-0.19686815,-0.29867563,-0.29210672,-0.19804299,-0.10745476,-0.09162698,-0.13691942,-0.15472844,-0.23188588,-0.193386,-0.14649543,-0.2026537,-0.18331984,-0.18279888,-0.19736081,-0.19847463,-0.20410857,-0.15664741,-0.12574582,-0.14354825,-0.09237695,-0.09599159,-0.17067832,-0.1420305,-0.13743341,-0.14665836,-0.12719077,-0.1509238,-0.2613474,-0.22333384,-0.18820047,-0.20047067,-0.1453825,-0.14895675,-0.13084239,-0.14256197,-0.15012278,-0.16339955,-0.14615878,-0.16278498,-0.15923785,-0.14998752,-0.14680395,-0.15686221,-0.15290469,-0.22480208,-0.120334074,-0.1412177,-0.118402645,-0.16034758,-0.17335382,-0.15553105,-0.1676566,-0.11139822,-0.1388583,-0.13027036,-0.1284772,-0.15152657,-0.14230597,-0.11560394,-0.10065024,-0.090947315,-0.10565431,-0.12052655,-0.13479406,-0.15027548,-0.15990424,-0.1185138,-0.11129953,-0.1578567,-0.17738779,-0.13363847,-0.16391425,-0.25953975,-0.14841825,-0.13271055,-0.14166164,-0.15095688,-0.17780018,-0.16342323,-0.22917573,-0.09015879,-0.11006142,-0.13459425,-0.12969267,-0.13997786,-0.1734002,-0.13908121,-0.16057305,-0.12777606,-0.07092635,-0.03704006,-0.13690549,-0.16162714,-0.17827186,-0.14332479,2.646015,-0.13562706,-0.12023825,-0.13800338,-0.25318068,-0.26654312,-0.08403717,-0.10945694,-0.14410812,-0.09238048,-0.18717083,-0.190003,-0.15306725,-0.090738215,-0.13230102,-0.14921185,-0.15013379,-0.15869749,-0.17021042,-0.18304923,-0.08852513,-0.123879634,-0.14087275,-0.10256614,-0.17951453,-0.19495486,-0.1907286,-0.100470714,-0.13113372,-0.08053973,-0.12767214,-0.19006202,-0.19305205,-0.1912652,-0.123139404,-0.07620251,-0.09761684,-0.11868872,-0.13637377,-0.12406494,-0.121451,-0.09499504,-0.09707977,-0.10879275,-0.082459606,-0.11307052,-0.132065,-0.16648413,-0.1410757,-0.13629603,-0.18093297,-0.17825818,-0.19401902,-0.14464912,-0.15549555,-0.13532658,-0.119081676,4.0638123,-0.19117098,-0.19110301,-0.18126625,-0.19755594,-0.25103784,-0.20219928,-0.18963027,-0.19084555,-0.18221743,-0.17367068,-0.27554205,-0.08916744,-0.11956477,-0.12781411,-0.15751183,-0.20931396,-0.18224281,0.73914,-0.32474133,-0.1530828,-0.3242122,-0.17325558,-0.17108874,-0.2185038,-0.17647925,-0.114121355,-0.13991696,-0.15388772,-0.15788373,-0.22984435,-0.18186735,-0.258477,-0.10468352,-0.12455491,-0.13831687,-0.12413123,-0.15189947,-0.15451962,-0.15565448,-0.14014931,-0.15141064,-0.16244522,-0.15492195,-0.15317544,-0.15289107,-0.13411327,-0.12298224,-0.14598534,-0.18952334,-0.17660576,-0.21025829,-0.3990198,-0.20357066,-0.11355236,-0.1296617,-0.118624106,-0.14754716,-0.16636807,-0.18578972,-0.19120324,-0.13145979,-0.077499375,-0.15259624,-0.13962178,-0.14106366,-0.11750537,-0.19987361,-0.1649412,-0.15837587,-0.14161325,-0.12369172,-0.12722544,-0.14610182,-0.2588673,-0.10748553,-0.13074079,-0.09132757,-0.12832497,-0.12894103,-0.14936282,-0.15139894,-0.0966454,-0.08910369,-0.12430121,-0.11074069,-0.13770092,-0.15048593,-0.16993731,-0.1427148,-0.11638495,-0.1733202,-0.15162125,-0.14200796,-0.12567057,-0.14139158,-0.17466888,-0.13176009,-0.1321811,-0.14546752,-0.12317976,-0.08722703,-0.05825615,-0.14317909,-0.17082691,-0.026243303,-0.16645056,-0.2829064,-0.31316653,-0.19876954,-0.14533794,-0.14331596,-0.14862512,-0.12963767,-0.25088155,-0.19371101,-0.1880201,-0.09494978,-0.1094684,-0.10702289,-0.09410207,-0.12759323,-0.15252665,-0.15746465,-0.16671687,-0.12812386,-0.0969081,-0.16398169,-0.14309025,-0.11335766,-0.18846886,-0.1706479,-0.15361765,-0.12589538,-0.115196005,-0.11303109,-0.11662802,-0.1753927,-0.13828793,-0.13428172,-0.096878245,-0.12137219,-0.09201972,-0.12434345,-0.13544914,-0.063823454,-0.13877153,-0.11419349,-0.13356127,-0.24483351,-0.2571875,-0.29957527,-0.14593545,-0.15642864,-0.13226701,-0.19104545,-0.0782174,-0.17219576,-0.16388838,-0.09859173,-0.11065883,-0.11434841,-0.076612435,-0.083404,-0.1213824,-0.13072303,-0.13855581,-0.19385117,-0.0995425,-0.15529662,-0.19487974,-0.19080153,-0.18663935,-0.11137084,-0.14285085,-0.10317078,-0.15856981,-0.19371766,-0.17206466,-0.16872218,-0.14258534,-0.14238232,-0.10226585,-0.15294752,-0.16122934,-0.18065046,-0.19493943,-0.12114298,-0.14693168,-0.11384614,-0.08052627,-0.1429171,-0.20725825,-0.16054468,-0.125103,-0.15657571,-0.15690626,-0.14349023,-0.19202894,-0.16220197,-0.18134713,-0.2963242,-0.19919811,-0.18124679,-0.1715382,-0.1928837,-0.1574552,-0.14054683,-0.13026282,-0.12557748,-0.13824415,-0.16310754,-0.30584824,-0.16686097,-0.1807198,-0.19235879,-0.11441202,-0.15013008,-0.14040771,-0.17750517,-0.16663796,-0.16407043,-0.14331086,-0.18237996,-0.12849255,-0.15291214,-0.137642,-0.24156228,-0.17934516,-0.103524506,-0.13512552,-0.14178625,-0.1737823,-0.110557094,-0.13449164,-0.15174235,-0.1594852,-0.18168347,-0.1537916,-0.14883175,-0.19184028,-0.17498009,-0.16359074,-0.14723541,-0.14623587,-0.11499533,-0.10471026,-0.13480766,-0.20148799,-0.17645581,-0.12513243,-0.16537364,-0.18041904,-0.18738703,-0.11705899,-0.17560971,-0.25979912,-0.09307034,-0.0926512,-0.114935294,-0.13588655,-0.14779955,-0.09886273,-0.18838781
k__Bacteria|p__Firmicutes|c__Bacilli|o__Lactobacillales|f__Enterococcaceae|g__GGB9582|s__GGB9582_SGB4865,-0.1004395,-0.12316422,-0.14179182,-0.20428483,-0.16601224,-0.19283198,-0.1666669,-0.14501049,-0.1253831,-0.1832222,-0.18269499,-0.2232772,-0.1695365,-0.20287158,-0.1036382,-0.09958424,-0.058144663,-0.10041174,-0.108023465,-0.1706229,-0.1978925,-0.12536043,-0.13648322,-0.15222077,-0.17096399,-0.11658599,-0.16728602,-0.17356414,-0.1509206,-0.12124001,-0.13533488,-0.10610485,-0.14842777,-0.19490054,-0.18882746,-0.2175087,-0.15972558,-0.22338755,-0.19577375,-0.29867563,-0.29210672,-0.19771925,-0.10754819,-0.09162698,-0.13691942,-0.15482906,-0.23188588,-0.19310993,-0.14661095,-0.2026537,-0.18236491,-0.18279888,-0.19617957,-0.19762293,-0.20306818,-0.15795879,-0.12596855,-0.14378473,-0.0928572,-0.09617226,-0.17087556,-0.14247452,-0.13743341,-0.14685841,-0.12719077,-0.15121025,-0.2613474,-0.22333384,-0.1877276,-0.20047067,-0.1456388,-0.14910747,-0.1309303,-0.14285792,-0.1508125,-0.16357648,-0.14642279,-0.16278498,-0.15865874,-0.14998752,-0.14718226,-0.156818,-0.15328754,-0.22480208,-0.120334074,-0.14162043,-0.11869255,-0.16074152,-0.17349844,-0.15546772,-0.16792423,-0.11139822,-0.1388583,-0.13027036,-0.12905234,-0.15152657,-0.1429288,-0.115937606,-0.10065024,-0.091232486,-0.10606715,-0.12076762,-0.13515101,-0.15027548,-0.16018835,-0.1185138,-0.11129953,-0.1578567,-0.17738779,-0.13361794,-0.16375078,-0.25953975,-0.1485506,-0.13284636,-0.14180098,-0.15095688,-0.17780018,-0.16315438,-0.22917573,-0.09015879,-0.110723,-0.13490531,-0.12991154,-0.13997786,-0.17337808,-0.13908121,-0.16057305,-0.12777606,-0.07092635,-0.03704006,-0.13736558,-0.16208485,-0.17843156,-0.14332479,-0.12334781,-0.1359117,-0.12023825,-0.13853179,-0.25318068,-0.26654312,-0.084268615,-0.10945694,-0.14468761,-0.09238048,-0.18750505,-0.18973961,-0.15321639,-0.090986654,-0.13230102,-0.14957902,-0.1502625,-0.15870792,-0.17016497,-0.1832801,-0.088571824,-0.12402128,-0.14080256,-0.10256614,-0.17951453,-0.19495486,-0.19042131,-0.1008112,-0.13113372,-0.08067514,-0.12839165,-0.19006202,-0.19252056,-0.19104832,-0.12367525,-0.076010674,-0.09770028,-0.118892014,-0.13683528,-0.12406494,-0.121451,-0.09510328,-0.09730228,-0.10911718,-0.082459606,-0.11348607,-0.13273987,-0.16684635,-0.1410757,-0.13645159,-0.18093297,-0.17825818,-0.19339505,-0.14490227,-0.15549555,-0.13560367,-0.119081676,-0.14001076,-0.19117098,-0.19016,-0.18071164,-0.19755594,-0.25103784,-0.20219928,-0.1896232,-0.19039907,-0.18219072,-0.17360553,-0.27554205,-0.08916744,-0.11956477,-0.12840894,-0.15751183,-0.20931396,-0.18224281,-0.29657933,-0.32474133,-0.15454161,-0.3242122,-0.17325558,-0.17108874,-0.2185038,-0.17647925,-0.114121355,-0.13996357,-0.15388772,-0.15788373,-0.22984435,-0.18186735,-0.25447434,-0.10489626,-0.12455491,-0.13875619,-0.12459969,-0.15189947,-0.15502821,-0.1560563,-0.14014931,-0.15141064,-0.16280124,-0.15492678,-0.15337193,-0.15300849,-0.13421023,-0.123346984,-0.14636248,-0.18970647,-0.17674968,2.9959757,4.74377,-0.20429565,-0.113895476,-0.1296617,-0.1189807,-0.14816278,-0.16636807,-0.18606427,-0.19091484,-0.1318619,-0.07752853,-0.15310475,-0.13987559,-0.14106366,-0.118681744,-0.19987361,-0.1649412,-0.15826602,-0.14171767,-0.12401396,-0.12722544,-0.14610182,-0.2588673,-0.10782589,-0.13074079,-0.09132757,-0.12832497,-0.12957641,-0.14983001,-0.15174285,-0.09687954,-0.08910369,-0.124770686,-0.11104998,-0.13809173,-0.15086508,-0.17006572,-0.14296746,-0.11695038,-0.17357072,-0.15195228,-0.14250444,-0.12568888,-0.1421416,-0.17466888,-0.13176009,-0.13251732,-0.14578417,-0.1232477,-0.08722703,-0.05825615,-0.14359799,-0.17082691,-0.026243303,-0.16611193,-0.2829064,-0.31316653,-0.19875596,-0.1456112,-0.14331596,-0.14862512,-0.12963767,-0.25088155,-0.19280133,-0.18790492,-0.09544021,-0.10968326,-0.10702289,-0.09463417,-0.12759323,-0.15319416,-0.15746465,-0.16653895,-0.12812386,-0.0969081,-0.16398169,-0.14374396,-0.11335766,-0.18846886,-0.1706479,-0.15358195,-0.12594676,-0.115196005,-0.11341511,-0.11662802,-0.17568292,-0.13853039,-0.1344275,-0.096878245,-0.12149318,-0.09255424,-0.12434345,-0.13614976,-0.063823454,-0.13877153,-0.11419349,-0.13402522,-0.24483351,-0.2571875,-0.29957527,-0.14606862,-0.15651505,-0.13250163,-0.19104545,-0.0782174,-0.17201602,-0.16407767,-0.09859173,-0.11065883,-0.115170054,-0.076612435,-0.083404,-0.1213824,-0.13072303,-0.13855581,-0.19385117,-0.099444285,-0.15546551,-0.19487974,-0.1904031,-0.18640618,-0.111751005,-0.14303696,-0.103583485,-0.15890576,-0.19320664,-0.17277195,-0.1686508,-0.14280489,-0.14244014,-0.10237409,-0.15339045,-0.16123544,-0.18053555,-0.1943517,-0.12157108,-0.14731216,-0.11420977,-0.080979444,-0.14331797,-0.20725825,-0.16034126,-0.125103,-0.15657571,-0.15690626,-0.14353144,-0.19202894,-0.1622768,-0.18153968,-0.2963242,-0.19696309,-0.18120612,-0.17150989,-0.19248846,-0.15760386,-0.14054683,-0.13052869,-0.12557748,-0.13853791,-0.16287686,-0.30584824,-0.166675,-0.18060054,-0.19184402,-0.11441202,-0.15086502,-0.14065011,-0.17757253,-0.16653767,-0.16420507,-0.14331086,-0.18237996,-0.12843616,-0.1532247,-0.13776,1.3314979,-0.17886579,-0.103742145,-0.1353484,-0.14206213,-0.17392342,-0.11080989,-0.13490374,-0.15220377,-0.15946144,-0.18116897,-0.15412396,-0.14897531,-0.19184028,-0.17479642,-0.1638596,-0.14723541,-0.14623587,-0.11499533,-0.10471026,-0.13552818,-0.20148799,-0.17643705,-0.12513243,-0.16507113,-0.18041904,-0.18738703,-0.11705899,-0.17606753,-0.25719392,-0.09318307,-0.09298068,-0.115174256,-0.13627923,-0.14798227,-0.09924196,-0.18836835
k__Bacteria|p__Firmicutes|c__Clostridia|o__Eubacteriales|f__Lachnospiraceae|g__Stomatobaculum|s__Stomatobaculum_SGB5266,-0.1004395,-0.12316422,-0.14221641,-0.20428483,-0.16778547,-0.1944505,-0.1666669,-0.145843,-0.12554182,-0.18494599,-0.18285061,-0.22201662,-0.16785164,-0.20300943,-0.10304811,-0.0986764,-0.058144663,-0.099781655,-0.10802937,-0.17197165,-0.1978925,-0.12536043,-0.13694237,-0.15322313,-0.17211881,-0.11658599,-0.1682682,-0.17479944,-0.1509206,-0.12124001,-0.135744,-0.10571298,-0.14907688,-0.19613142,-0.18992949,-0.2175087,-0.16188766,-0.22338755,-0.19754347,-0.29867563,-0.29210672,-0.1986516,-0.10734677,-0.09162698,-0.13691942,-0.15553848,-0.23188588,-0.19438207,-0.14732318,-0.2026537,-0.18532243,-0.18279888,-0.19791488,-0.19809899,-0.20294936,-0.15770522,-0.12620327,-0.14428967,-0.09260179,-0.09592917,-0.17235121,-0.1431219,-0.13743341,-0.14751741,-0.12719077,-0.15208435,-0.2613474,-0.22333384,-0.18978477,-0.20047067,-0.14644295,-0.1498236,-0.1312202,-0.14317939,-0.15159643,-0.16495025,-0.14767477,-0.16278498,-0.15994422,-0.14998752,-0.14787477,-0.15776423,-0.1540906,-0.22480208,-0.120334074,-0.14202198,-0.11872144,-0.16200337,-0.17506266,-0.15617909,-0.16903466,-0.11139822,-0.1388583,-0.13027036,-0.12933318,-0.15152657,-0.1434311,-0.11581003,-0.10065024,-0.09039624,-0.10566729,-0.120941676,-0.13562554,-0.15027548,-0.16114691,-0.1185138,-0.11129953,-0.1578567,-0.17738779,-0.13407454,-0.16502145,-0.25953975,-0.14935325,-0.13295689,-0.14202566,-0.15095688,-0.17780018,-0.16445492,-0.22917573,-0.09015879,-0.11049317,-0.13528979,-0.12995254,-0.13997786,-0.1743148,-0.13908121,-0.16057305,-0.12777606,-0.07092635,-0.03704006,-0.13765576,-0.16305187,-0.17964086,-0.14332479,-0.12334781,-0.13620001,-0.12023825,-0.13882875,0.7594876,-0.26654312,-0.08359736,-0.10945694,-0.1450308,-0.09238048,-0.18868755,-0.19087094,-0.15303835,-0.090440385,-0.13230102,-0.15016966,-0.1508655,-0.15964648,-0.17134912,-0.1848852,-0.087929375,-0.12407478,-0.1412752,-0.10256614,-0.17951453,-0.19495486,-0.19194895,-0.10054146,-0.13113372,-0.0794245,-0.12821245,-0.19006202,-0.19403765,-0.19238359,-0.12393297,-0.07532734,-0.09733842,-0.118662946,-0.13690811,-0.12406494,-0.121451,-0.09452873,-0.09647077,-0.10854644,-0.082459606,-0.113011986,-0.13268824,-0.16787164,-0.1410757,-0.13697344,-0.18093297,-0.17825818,-0.19466394,-0.14526871,-0.15549555,-0.13599846,-0.119081676,-0.14001076,-0.19117098,-0.19161642,-0.18221185,-0.19755594,-0.25103784,-0.20219928,-0.19124047,-0.19203055,-0.18317798,-0.17465433,-0.27554205,-0.08916744,-0.11956477,-0.12842241,-0.15751183,-0.20931396,-0.18224281,-0.29657933,-0.32474133,-0.15228479,-0.3242122,-0.17325558,-0.17108874,-0.2185038,-0.17647925,-0.114121355,-0.14041685,-0.15388772,-0.15788373,-0.22984435,-0.18186735,-0.25429654,-0.10461083,-0.12455491,-0.13907504,-0.124724,-0.15189947,-0.15583386,-0.15705566,-0.14014931,-0.15141064,-0.16410866,-0.15601963,-0.15432854,-0.15356143,-0.13405022,-0.123611204,-0.1470393,-0.19122261,-0.17750761,-0.21025829,-0.3990198,-0.20147969,-0.11368431,-0.1296617,-0.11880185,-0.14860843,-0.16636807,-0.18763798,-0.19249031,-0.1319637,-0.07685296,-0.15401244,-0.14036173,-0.14106366,-0.11867166,-0.19987361,-0.1649412,-0.15929973,-0.14188081,-0.12365936,-0.12722544,-0.14610182,-0.2588673,-0.10751349,-0.13074079,-0.09132757,-0.12832497,-0.1297799,-0.15044108,-0.15252665,-0.09638247,-0.08910369,-0.12467489,-0.11074292,-0.13833717,-0.1514822,-0.17104569,-0.14366943,-0.11686957,-0.17467904,-0.1524936,-0.14284253,-0.12568556,-0.14266789,-0.17466888,-0.13176009,-0.1329024,-0.14617859,-0.123136565,-0.08722703,-0.05825615,-0.14405745,-0.17082691,-0.026243303,-0.16691694,-0.2829064,-0.31316653,-0.19833794,-0.1463234,-0.14331596,-0.14862512,-0.12963767,-0.25088155,-0.19444424,-0.18957545,-0.09488578,-0.10962562,-0.10702289,-0.09393499,-0.12759323,-0.15356906,-0.15746465,-0.16767982,-0.12812386,-0.0969081,-0.16398169,-0.14421783,-0.11335766,-0.18846886,-0.1706479,-0.1544995,-0.12626567,-0.115196005,-0.113189965,-0.11662802,-0.17672524,-0.1390636,-0.13469717,-0.096878245,-0.12113443,-0.09188323,-0.12434345,-0.13643312,-0.063823454,-0.13877153,-0.11419349,-0.13436538,-0.24483351,3.29104,-0.29957527,-0.1468226,-0.15736954,-0.13293555,-0.19104545,-0.0782174,-0.17330529,-0.16477513,-0.09859173,-0.11065883,-0.11508109,-0.076612435,-0.083404,-0.1213824,-0.13072303,-0.13855581,-0.19385117,-0.09933536,-0.15671319,-0.19487974,-0.19204025,-0.18758881,-0.1116685,-0.1433075,-0.103491426,-0.1604678,-0.194918,-0.17355353,-0.16957816,-0.1433709,-0.14290598,-0.10191083,-0.15388659,-0.16217391,-0.18165553,-0.19542605,-0.12175842,-0.14791824,-0.11414319,-0.08022158,-0.14394152,-0.20725825,-0.16167948,-0.125103,-0.15657571,-0.15690626,-0.14408964,-0.19202894,-0.16346183,-0.18305238,-0.2963242,-0.19811562,-0.18156064,-0.17193648,-0.19356962,-0.15778118,-0.14054683,-0.13081673,-0.12557748,-0.1387656,-0.16383351,-0.30584824,-0.1677921,-0.18186697,-0.19350612,-0.11441202,-0.1512248,-0.14104548,-0.17891745,-0.16773394,-0.16520856,-0.14331086,-0.18237996,-0.1289405,-0.15379843,-0.13816357,-0.24156228,-0.18014205,-0.10350628,-0.13565207,-0.14264941,-0.17538416,-0.11056714,-0.13516244,-0.15304786,-0.16053827,-0.18258733,-0.15488815,-0.14994869,-0.19184028,-0.17632365,-0.16497907,-0.14723541,-0.14623587,-0.11499533,-0.10471026,-0.13566945,-0.20148799,-0.17801613,-0.12513243,-0.16582948,-0.18041904,-0.18738703,-0.11705899,-0.17763259,-0.25917226,-0.092592716,-0.09231214,-0.11513364,-0.13644993,-0.14839895,-0.09865324,-0.18999149
k__Bacteria|p__Firmicutes|c__CFGB1362|o__OFGB1362|f__FGB1362|g__GGB48159|s__GGB48159_SGB105302,-0.1004395,-0.12316422,-0.14065878,-0.20428483,-0.16642335,-0.19202778,-0.1666669,-0.14495835,-0.12505445,-0.18247503,-0.18222919,-0.21505558,-0.16781202,-0.2009924,-0.10367854,-0.09924781,-0.058144663,-0.10020367,-0.10782497,-0.16992524,-0.1978925,-0.12536043,-0.13623372,-0.15219274,-0.17050588,-0.11658599,-0.16707698,-0.17348693,-0.1509206,-0.12124001,-0.13541815,-0.10572861,-0.14792328,-0.19362032,-0.18785718,-0.2175087,-0.16024128,-0.22338755,-0.19540808,-0.29867563,-0.29210672,-0.19592288,-0.10770495,-0.09162698,-0.13691942,-0.1543122,-0.23188588,-0.19248281,-0.1464021,-0.2026537,-0.1837998,-0.18279888,-0.19502589,-0.19457823,-0.19824734,-0.15734719,-0.12569498,-0.14351454,-0.09310916,-0.09594567,-0.17059031,-0.1424037,-0.13743341,-0.14667976,-0.12719077,-0.15087739,-0.2613474,-0.22333384,-0.1878472,-0.20047067,-0.14550662,-0.1490237,-0.13037914,-0.1420797,-0.15027997,-0.16365892,-0.14663821,-0.16278498,-0.15906036,-0.14998752,-0.14706735,-0.15636152,-0.15275528,-0.22480208,-0.120334074,-0.14129558,-0.118200436,-0.16061665,-0.1732434,-0.1549426,-0.16750675,-0.11139822,-0.1388583,-0.13027036,-0.12881227,-0.15152657,-0.1428695,-0.11596989,-0.10065024,-0.0909072,-0.105684996,-0.12049674,-0.13479723,-0.15027548,-0.16014087,-0.1185138,-0.11129953,-0.1578567,-0.17738779,-0.13324511,-0.16264358,-0.25953975,-0.14839569,-0.13236308,-0.14092277,-0.15095688,-0.17780018,-0.16286007,-0.22917573,-0.09015879,-0.110607,-0.1346016,-0.12939152,-0.13997786,-0.17289317,-0.13908121,-0.16057305,-0.12777606,-0.07092635,-0.03704006,-0.13685934,-0.16151267,-0.17822549,-0.14332479,-0.12334781,-0.13602966,-0.12023825,-0.13784865,-0.25318068,-0.26654312,-0.084337965,-0.10945694,-0.14437252,-0.09238048,-0.18662174,-0.18886128,-0.15232706,-0.090923116,-0.13230102,-0.14915414,-0.14977615,-0.15819295,-0.16964614,-0.18302748,-0.0884178,-0.12383619,-0.14103195,-0.10256614,-0.17951453,-0.19495486,-0.18984427,-0.10061847,-0.13113372,-0.079416156,-0.12730053,-0.19006202,-0.19183281,-0.19042274,-0.1239309,-0.0764918,-0.097633064,-0.11827558,-0.13629948,-0.12406494,-0.121451,-0.09494141,-0.097058356,-0.108885266,-0.082459606,-0.112981215,-0.13233125,-0.16674662,-0.1410757,-0.13609952,-0.18093297,-0.17825818,-0.19236478,-0.14430088,-0.15549555,-0.1352272,-0.119081676,-0.14001076,-0.19117098,-0.18952438,-0.18015373,-0.19755594,-0.25103784,-0.20219928,-0.18933205,-0.18975526,-0.18125214,-0.17260616,-0.27554205,-0.08916744,-0.11956477,-0.12799712,-0.15751183,-0.20931396,-0.18224281,-0.29657933,2.612332,-0.15184665,4.9000297,-0.17325558,-0.17108874,-0.2185038,-0.17647925,-0.114121355,-0.1396713,-0.15388772,-0.15788373,-0.22984435,-0.18186735,-0.24880908,-0.104683384,-0.12455491,-0.13843015,-0.124197066,-0.15189947,-0.15477301,-0.15618885,-0.14014931,-0.15141064,-0.16268906,-0.15485764,-0.15317586,-0.15259486,-0.13364063,-0.12312903,-0.14596142,-0.18886316,-0.17596099,-0.21025829,-0.3990198,-0.19786534,-0.11375663,-0.1296617,-0.11848079,-0.14745441,-0.16636807,-0.18594211,-0.19045976,-0.13171962,-0.07742502,-0.15261379,-0.1395557,-0.14106366,-0.11833048,-0.19987361,-0.1649412,-0.15840325,-0.14101264,-0.12363473,-0.12722544,-0.14610182,-0.2588673,-0.10750526,-0.13074079,-0.09132757,-0.12832497,-0.12914231,-0.14961642,-0.1517869,-0.09689495,-0.08910369,-0.12432642,-0.1107236,-0.13750346,-0.15046328,-0.16953206,-0.14282714,-0.11679897,-0.17318743,-0.15158734,-0.14210966,-0.12521334,-0.14190465,-0.17466888,-0.13176009,-0.13215244,-0.14556143,-0.12302075,-0.08722703,-0.05825615,-0.14332251,-0.17082691,-0.026243303,-0.16610342,-0.2829064,-0.31316653,-0.19527408,-0.14536175,-0.14331596,-0.14862512,-0.12963767,-0.25088155,-0.19218086,-0.18758366,-0.095218934,-0.1096695,-0.10702289,-0.0938282,-0.12759323,-0.1525012,-0.15746465,-0.16627927,-0.12812386,-0.0969081,-0.16398169,-0.14356151,-0.11335766,-0.18846886,-0.1706479,-0.15347722,-0.12593442,-0.115196005,-0.11285031,-0.11662802,-0.17554986,-0.13825952,-0.1343375,-0.096878245,-0.12097579,-0.09232472,-0.12434345,-0.13628618,-0.063823454,-0.13877153,-0.11419349,-0.13349918,-0.24483351,-0.2571875,-0.29957527,-0.14577544,-0.15616356,-0.13178217,-0.19104545,-0.0782174,-0.17149547,-0.16372523,-0.09859173,-0.11065883,-0.1155826,-0.076612435,-0.083404,-0.1213824,-0.13072303,-0.13855581,-0.19385117,-0.09933126,-0.15513772,-0.19487974,-0.18977125,-0.18558192,-0.111594945,-0.14296326,-0.10359368,-0.1588915,-0.19210917,-0.1717484,-0.16820106,-0.14254549,-0.14219677,-0.10183875,-0.15265289,-0.16089013,-0.17985293,-0.193197,-0.12134537,-0.14727134,-0.114457816,-0.08083542,-0.14192057,0.6725865,-0.16065605,-0.125103,-0.15657571,-0.15690626,-0.1433247,-0.19202894,-0.16203584,-0.18136856,-0.2963242,-0.19521394,-0.17952538,-0.17061014,-0.19108853,-0.1567012,-0.14054683,-0.13025883,-0.12557748,-0.13835421,-0.16197139,-0.30584824,-0.16630717,-0.18039471,-0.19136351,-0.11441202,-0.1502333,-0.14023703,-0.17697987,-0.16616073,-0.1640575,-0.14331086,-0.18237996,-0.12827128,-0.1526829,-0.13621253,-0.24156228,-0.17902425,-0.103524834,-0.13513175,-0.14158475,-0.17380784,-0.11059104,-0.13444197,-0.1519785,-0.15941936,-0.18088062,-0.15357219,-0.14853409,-0.19184028,-0.17457314,-0.16399963,-0.14723541,-0.14623587,-0.11499533,-0.10471026,-0.13442785,-0.20148799,-0.1765773,-0.12513243,-0.16536458,-0.18041904,-0.18738703,-0.11705899,-0.1759108,-0.2550889,-0.09313025,-0.09288501,-0.1148915,-0.13563803,-0.14741485,-0.098707005,-0.18785037
k__Bacteria|p__Firmicutes|c__Negativicutes|o__Veillonellales|f__Veillonellaceae|g__Dialister|s__Dialister_invisus,-0.1004395,-0.12316422,-0.14178962,-0.20428483,-0.16734195,-0.19386023,-0.1666669,-0.14514971,-0.12501258,-0.18363294,-0.18356383,-0.22219929,-0.16981384,-0.20459202,-0.10304128,-0.0989223,-0.058144663,-0.09938184,-0.10768981,-0.1709823,-0.1978925,-0.12536043,-0.1363132,-0.15227458,-0.17155372,-0.11658599,-0.16764437,-0.17399508,-0.1509206,-0.12124001,-0.13518,-0.10568105,-0.14840296,-0.19591692,-0.18932636,-0.2175087,-0.16122594,-0.22338755,-0.19724083,-0.29867563,-0.29210672,-0.19822422,-0.10724044,-0.09162698,-0.13691942,-0.15520334,-0.23188588,-0.19420794,-0.14687908,-0.2026537,-0.18469605,-0.18279888,-0.19682312,-0.19768786,-0.20197713,-0.15792413,-0.1256828,-0.14386956,-0.09195156,-0.09541382,-0.17151584,-0.14228043,-0.13743341,-0.14704761,-0.12719077,-0.15154812,-0.2613474,-0.22333384,-0.18919575,-0.20047067,-0.14573276,-0.14929831,-0.13061318,-0.14260867,-0.1506606,-0.16396418,-0.14672595,-0.16278498,-0.15970829,-0.14998752,-0.14714967,-0.15727873,-0.1532793,-0.22480208,-0.120334074,-0.14154628,-0.1182416,-0.16113763,-0.17424408,-0.15567821,-0.16819085,-0.11139822,-0.1388583,-0.13027036,-0.12864548,-0.15152657,-0.14278078,-0.115310326,-0.10065024,-0.09024677,-0.10541191,-0.12048837,-0.13514365,-0.15027548,-0.16048232,-0.1185138,-0.11129953,-0.1578567,-0.17738779,-0.13319792,-0.16371733,-0.25953975,-0.14886685,-0.13264646,-0.14150128,-0.15095688,-0.17780018,-0.16422138,-0.22917573,-0.09015879,-0.11006753,-0.13471743,-0.12951258,-0.13997786,-0.1739895,-0.13908121,-0.16057305,-0.12777606,-0.07092635,-0.03704006,-0.13738692,-0.16233167,-0.17895368,-0.14332479,-0.12334781,-0.13596019,-0.12023825,-0.13811985,-0.25318068,-0.26654312,-0.08336006,-0.10945694,-0.14439972,-0.09238048,-0.18821278,-0.19044234,-0.15317231,-0.0902299,-0.13230102,-0.14967735,-0.15037557,-0.15898876,-0.17067927,-0.18383083,-0.08779744,-0.12358774,-0.1410212,-0.10256614,-0.17951453,-0.19495486,-0.19127865,-0.09999141,-0.13113372,-0.07887445,-0.12779908,-0.19006202,-0.19355132,-0.19191733,-0.12336455,-0.075279064,-0.097014114,-0.118381225,-0.13654217,-0.12406494,-0.121451,-0.09434597,-0.09664057,-0.10841139,-0.082459606,-0.11283529,-0.13245575,-0.16729099,-0.1410757,-0.13645376,-0.18093297,-0.17825818,-0.19443062,-0.1448099,-0.15549555,-0.13532251,-0.119081676,-0.14001076,-0.19117098,-0.19149207,-0.181449,-0.19755594,-0.25103784,-0.20219928,-0.19079626,-0.19137153,-0.18277875,-0.17422545,-0.27554205,-0.08916744,-0.11956477,-0.12811077,-0.15751183,-0.20931396,-0.18224281,-0.29657933,-0.32474133,-0.15339278,-0.3242122,-0.17325558,-0.17108874,-0.2185038,-0.17647925,-0.114121355,-0.14003716,-0.15388772,-0.15788373,-0.22984435,-0.18186735,-0.25585443,-0.104289174,-0.12455491,-0.1385473,-0.12411667,-0.15189947,-0.15526825,-0.15635097,-0.14014931,-0.15141064,-0.16309564,-0.1554052,-0.15357411,-0.15312949,-0.13392308,-0.12297949,-0.1464007,-0.1901892,-0.17737293,-0.21025829,-0.3990198,-0.20251898,-0.11348809,-0.1296617,-0.118403964,-0.14791211,-0.16636807,-0.1868453,-0.19190346,-0.1316322,-0.07652849,-0.1530399,-0.13988909,-0.14106366,-0.117912695,-0.19987361,-0.1649412,-0.15900052,-0.1414384,-0.12344357,-0.12722544,-0.14610182,-0.2588673,-0.10723783,-0.13074079,-0.09132757,-0.12832497,-0.12907496,-0.1499928,-0.15187961,-0.09615973,-0.08910369,-0.124194644,-0.11049833,-0.13791169,-0.15093571,-0.17037651,-0.1430004,-0.116427094,-0.17406541,-0.15202773,-0.1423521,-0.12544893,-0.14207298,-0.17466888,-0.13176009,-0.13222621,-0.14576969,-0.12286655,-0.08722703,-0.05825615,-0.143583,-0.17082691,-0.026243303,-0.16699272,-0.2829064,-0.31316653,-0.19823092,-0.1457603,-0.14331596,-0.14862512,-0.12963767,-0.25088155,-0.19416447,-0.1887576,-0.09453048,-0.10917167,-0.10702289,-0.09318952,-0.12759323,-0.15310535,-0.15746465,-0.16721155,-0.12812386,-0.0969081,-0.16398169,-0.14352752,-0.11335766,-0.18846886,-0.1706479,-0.15403329,-0.12563789,-0.115196005,-0.11262905,-0.11662802,-0.1762982,-0.13846773,-0.13439858,-0.096878245,-0.120977625,-0.09160037,-0.12434345,-0.13592628,-0.063823454,-0.13877153,-0.11419349,-0.13375556,-0.24483351,-0.2571875,-0.29957527,-0.14627634,-0.15676883,-0.13207516,-0.19104545,-0.0782174,-0.172599,-0.16411617,-0.09859173,-0.11065883,-0.114610784,-0.076612435,-0.083404,-0.1213824,-0.13072303,-0.13855581,-0.19385117,-0.09887372,-0.15569188,-0.19487974,-0.19135413,-0.18693347,-0.111258656,-0.14314899,-0.10300729,-0.15920839,-0.19427091,-0.17260437,-0.16917658,-0.14292707,-0.14255485,-0.101661116,-0.15325037,-0.16168983,-0.18119168,-0.19527195,-0.12127791,-0.14744163,-0.1138612,-0.07975556,-0.14262974,-0.20725825,-0.16114128,-0.125103,-0.15657571,-0.15690626,-0.14379358,-0.19202894,-0.16272731,-0.18210489,-0.2963242,-0.19873084,-0.18095861,-0.17204139,-0.19334552,-0.15756258,-0.14054683,-0.13035403,-0.12557748,-0.13840625,-0.16312614,-0.30584824,-0.16686574,-0.18113887,-0.19310622,-0.11441202,-0.15053824,-0.14077,-0.1781761,-0.16689971,-0.164706,-0.14331086,-0.18237996,-0.12840512,-0.1531318,-0.1369147,-0.24156228,-0.18022478,-0.10312122,-0.13532892,-0.14187694,-0.17460233,-0.110344365,-0.13458061,-0.1521893,-0.1601207,-0.18219197,-0.153961,-0.14910603,1.8505394,-0.17569986,-0.16418153,-0.14723541,-0.14623587,-0.11499533,-0.10471026,-0.13495022,-0.20148799,-0.17735183,-0.12513243,-0.16613272,-0.18041904,-0.18738703,-0.11705899,-0.17625356,-0.2599716,-0.09246191,-0.09210907,-0.11475816,-0.13595837,-0.14792171,-0.098419756,-0.18917774
k__Bacteria|p__Firmicutes|c__CFGB76106|o__OFGB76106|f__FGB76106|g__GGB3600|s__GGB3600_SGB47662,-0.1004395,-0.12316422,-0.14198261,-0.20428483,-0.16724233,-0.19400221,-0.1666669,-0.14549765,-0.1252943,-0.18427548,-0.18331635,-0.2234498,-0.16996902,-0.20416975,-0.10330039,-0.09948165,-0.058144663,-0.100042894,-0.107992485,-0.17139933,-0.1978925,-0.12536043,-0.13683125,-0.15282866,-0.17189333,-0.11658599,-0.168017,-0.17448609,-0.1509206,-0.12124001,-0.13553229,-0.105775505,-0.14875335,-0.19593337,-0.18957926,-0.2175087,-0.161262,-0.22338755,-0.19730198,-0.29867563,-0.29210672,-0.19818813,-0.10748186,-0.09162698,-0.13691942,-0.15551949,-0.23188588,-0.19431195,-0.14688228,-0.2026537,-0.18414749,-0.18279888,-0.1972233,-0.1983053,-0.20265575,-0.15851143,-0.12605578,-0.14420322,-0.09258115,-0.09589826,-0.17177376,-0.14290047,-0.13743341,-0.14736524,-0.12719077,-0.15188897,-0.2613474,-0.22333384,-0.18913658,-0.20047067,-0.14614666,-0.14966848,-0.13098451,-0.14309475,-0.15124625,-0.16457035,-0.14711407,-0.16278498,-0.15983567,-0.14998752,-0.14763834,-0.15746686,-0.15376136,-0.22480208,-0.120334074,-0.14194867,-0.11868578,-0.16153175,-0.17451091,-0.15602788,-0.16860552,-0.11139822,-0.1388583,-0.13027036,-0.12903418,-0.15152657,-0.14304717,-0.11592324,-0.10065024,-0.09065575,-0.105769366,-0.120833054,-0.1353942,-0.15027548,-0.16084078,-0.1185138,-0.11129953,-0.1578567,-0.17738779,-0.13410006,-0.16412628,-0.25953975,-0.1491622,-0.13292482,-0.14191315,-0.15095688,-0.17780018,-0.16403785,-0.22917573,-0.09015879,-0.11056723,-0.13508028,-0.12996963,-0.13997786,-0.17413667,-0.13908121,-0.16057305,-0.12777606,-0.07092635,-0.03704006,-0.13752392,-0.16254443,-0.17942655,-0.14332479,-0.12334781,-0.13614643,-0.12023825,-0.13856338,-0.25318068,-0.26654312,-0.083729744,-0.10945694,-0.1448378,-0.09238048,-0.1883362,-0.19051598,-0.15328445,-0.09054932,-0.13230102,-0.15000209,-0.15072018,-0.159415,-0.17097633,-0.18424958,-0.08809998,-0.12423396,-0.14148203,-0.10256614,-0.17951453,-0.19495486,-0.19160667,-0.1003441,-0.13113372,-0.079550125,-0.12810317,-0.19006202,-0.19363245,-0.19203818,-0.12389864,-0.075562894,-0.09740308,-0.11874311,-0.13690233,-0.12406494,-0.121451,-0.094745815,-0.096832894,-0.10873815,-0.082459606,-0.113117695,-0.13264152,-0.16763052,-0.1410757,-0.13676304,-0.18093297,-0.17825818,-0.19447774,-0.14500439,-0.15549555,-0.13582683,-0.119081676,-0.14001076,-0.19117098,-0.19147578,-0.18182622,-0.19755594,-0.25103784,-0.20219928,-0.19057587,-0.19143483,-0.18293077,-0.17418131,-0.27554205,-0.08916744,-0.11956477,-0.12817676,-0.15751183,-0.20931396,-0.18224281,-0.29657933,-0.32474133,-0.15397626,-0.3242122,-0.17325558,-0.17108874,-0.2185038,-0.17647925,-0.114121355,-0.14026964,3.5206177,-0.15788373,5.0332136,6.493993,-0.2550417,-0.10462918,-0.12455491,-0.13889138,-0.12449345,-0.15189947,-0.15552285,-0.15666169,-0.14014931,-0.15141064,-0.16356525,-0.15570226,-0.15396348,-0.15339084,-0.1342282,-0.12336643,-0.14676657,-0.19072926,-0.17730172,-0.21025829,-0.3990198,-0.20322052,-0.113740884,-0.1296617,-0.118788585,-0.14832062,-0.16636807,-0.18714195,-0.19200176,-0.1319946,-0.076850116,-0.15350363,-0.14009589,-0.14106366,-0.11867155,-0.19987361,-0.1649412,-0.1590718,-0.14181763,-0.1238383,-0.12722544,-0.14610182,-0.2588673,-0.10754946,-0.13074079,-0.09132757,-0.12832497,-0.12955521,-0.15014793,-0.15233168,-0.09654692,-0.08910369,-0.12463418,-0.110746376,-0.13829023,-0.15115166,-0.17084397,-0.14328256,-0.11674395,-0.17443639,-0.15220788,-0.14279196,-0.12561253,-0.14258197,-0.17466888,-0.13176009,-0.13262402,-0.14614843,-0.12322576,-0.08722703,-0.05825615,-0.14387923,-0.17082691,-0.026243303,-0.16710213,-0.2829064,-0.31316653,-0.19869792,-0.14611006,-0.14331596,-0.14862512,-0.12963767,-0.25088155,-0.19414556,-0.18898526,-0.09483892,-0.10966923,-0.10702289,-0.0940066,-0.12759323,-0.15346637,-0.15746465,-0.16756698,-0.12812386,-0.0969081,-0.16398169,-0.14414147,-0.11335766,-0.18846886,-0.1706479,-0.1543203,-0.12614465,-0.115196005,-0.11321868,-0.11662802,-0.1766146,-0.13885295,-0.13469166,-0.096878245,-0.12135731,-0.09199719,-0.12434345,-0.13641351,-0.063823454,-0.13877153,-0.11419349,-0.13413337,-0.24483351,-0.2571875,-0.29957527,-0.14655024,-0.15717322,-0.13247061,-0.19104545,-0.0782174,-0.17271161,-0.16474125,-0.09859173,-0.11065883,-0.11509573,-0.076612435,-0.083404,-0.1213824,-0.13072303,-0.13855581,-0.19385117,-0.099277206,-0.15604798,-0.19487974,-0.19143966,-0.1872991,-0.111526474,-0.14346606,-0.10332526,-0.15976138,-0.19443837,-0.17336163,-0.1692323,-0.14317773,-0.14289986,-0.10194586,-0.15363373,-0.1620662,-0.18131658,-0.19530961,-0.12154697,-0.14778003,-0.11409338,-0.0803143,-0.1433323,-0.20725825,-0.1611943,-0.125103,-0.15657571,-0.15690626,-0.14406833,-0.19202894,-0.16297501,-0.18249838,-0.2963242,-0.19779895,-0.18136027,-0.17193751,-0.19318336,-0.1577594,-0.14054683,-0.13060938,-0.12557748,-0.13857254,-0.16352013,-0.30584824,-0.16716416,-0.18137605,-0.1931561,-0.11441202,-0.15096894,-0.14100479,-0.17850623,-0.16729045,-0.16504139,-0.14331086,-0.18237996,-0.12856857,-0.15376166,-0.13754295,-0.24156228,-0.17984228,-0.10348028,-0.13567695,-0.14234926,-0.17483684,-0.110611126,-0.13489212,-0.15274322,-0.16042188,-0.1822167,-0.15460241,-0.14944373,-0.19184028,-0.1757372,-0.16471355,-0.14723541,-0.14623587,-0.11499533,-0.10471026,-0.13543157,-0.20148799,-0.17750281,-0.12513243,-0.16641259,-0.18041904,-0.18738703,-0.11705899,-0.17708309,-0.25871488,-0.09277251,-0.09254109,-0.11502151,-0.13637297,-0.14829461,-0.09867218,-0.18944779
k__Bacteria|p__Firmicutes|c__CFGB1292|o__OFGB1292|f__FGB1292|g__GGB3109|s__GGB3109_SGB4119,-0.1004395,-0.12316422,-0.1416597,-0.20428483,-0.1664152,-0.19242094,-0.1666669,-0.14463185,-0.12515397,-0.18255632,-0.18232599,-0.22369528,-0.1692912,-0.20374261,-0.103466034,-0.09972389,-0.058144663,-0.09979527,-0.10808009,-0.17004156,-0.1978925,-0.12536043,-0.13592073,-0.15158007,-0.17075156,-0.11658599,-0.16673246,-0.17288043,-0.1509206,-0.12124001,-0.13493283,-0.1062745,-0.14801538,-0.1948365,-0.18821535,-0.2175087,-0.16038808,-0.22338755,-0.19638391,-0.29867563,-0.29210672,-0.19732457,-0.10749757,-0.09162698,-0.13691942,-0.15457654,0.7490108,-0.1927823,-0.14632772,-0.2026537,-0.18299855,-0.18279888,-0.19615728,-0.19720522,-0.20209408,-0.15711904,-0.1256553,-0.14344147,-0.092428565,-0.09607606,-0.17048055,-0.1417276,-0.13743341,-0.1465128,-0.12719077,-0.15103877,-0.2613474,-0.22333384,-0.1878711,-0.20047067,-0.1451684,-0.14876017,-0.13069737,-0.1424053,-0.14999032,-0.16299942,-0.14598966,-0.16278498,-0.15882987,-0.14998752,-0.14677969,-0.15662739,-0.15264037,-0.22480208,-0.120334074,-0.14122295,-0.11839938,-0.16018267,-0.17311716,-0.15512533,-0.16723448,-0.11139822,-0.1388583,-0.13027036,-0.12853646,-0.15152657,-0.14224553,-0.115422145,-0.10065024,-0.09107805,-0.10579617,-0.12058386,-0.13488214,-0.15027548,-0.1596798,-0.1185138,-0.11129953,-0.1578567,-0.17738779,-0.13310173,-0.16359094,-0.25953975,-0.14829932,-0.1326176,-0.14138715,-0.15095688,-0.17780018,-0.16330534,-0.22917573,-0.09015879,-0.11030479,-0.13452482,-0.12951411,-0.13997786,-0.17303155,-0.13908121,-0.16057305,-0.12777606,-0.07092635,-0.03704006,-0.1371118,-0.16151372,-0.17781419,-0.14332479,-0.12334781,-0.13568571,-0.12023825,-0.138043,-0.25318068,-0.26654312,-0.08412996,-0.10945694,-0.14406332,-0.09238048,-0.18691823,-0.18932743,-0.15272222,-0.090852536,-0.13230102,-0.14917716,-0.14988875,-0.15833119,-0.16980705,-0.18259242,-0.088535435,-0.12355023,-0.14075571,-0.10256614,-0.17951453,-0.19495486,-0.1899597,-0.10045428,-0.13113372,-0.080292255,-0.12806499,-0.19006202,-0.19230339,-0.19065294,-0.123108014,-0.0761744,-0.09758273,-0.118708104,-0.13635173,-0.12406494,-0.121451,-0.09492835,-0.09722796,-0.1088233,-0.082459606,-0.11313225,-0.13224238,-0.16629058,-0.1410757,-0.13624054,-0.18093297,-0.17825818,-0.1932658,-0.14455003,-0.15549555,-0.13515282,-0.119081676,-0.14001076,-0.19117098,-0.19027236,-0.18044469,-0.19755594,-0.25103784,-0.20219928,-0.18926057,-0.19022155,-0.18176411,-0.17348206,-0.27554205,-0.08916744,-0.11956477,-0.12810197,-0.15751183,-0.20931396,-0.18224281,-0.29657933,-0.32474133,-0.15299988,-0.3242122,-0.17325558,-0.17108874,-0.2185038,-0.17647925,-0.114121355,-0.13978028,-0.15388772,-0.15788373,-0.22984435,-0.18186735,-0.25574166,-0.10469219,-0.12455491,-0.13828631,-0.12418955,-0.15189947,-0.15438044,-0.1555002,-0.14014931,-0.15141064,-0.16219184,-0.15472054,-0.15288706,-0.15268959,-0.13390729,-0.12304861,-0.14603311,-0.18897901,-0.17613602,-0.21025829,1.2744462,-0.2022489,-0.11363149,-0.1296617,-0.11858207,-0.14758165,-0.16636807,-0.18544206,-0.1906946,-0.13149872,-0.07756378,-0.15257047,-0.13967368,-0.14106366,-0.11766242,-0.19987361,-0.1649412,-0.15819094,-0.14127855,-0.123637624,-0.12722544,-0.14610182,-0.2588673,-0.10759558,-0.13074079,-0.09132757,-0.12832497,-0.12897138,-0.14940006,-0.1511316,-0.096665606,-0.08910369,-0.12431435,-0.110894546,-0.13768736,-0.15044111,-0.16952118,-0.14256105,-0.11657387,-0.17302814,-0.15144336,-0.14196283,-0.12547404,-0.14138171,-0.17466888,-0.13176009,-0.13211395,-0.14532438,-0.12287298,-0.08722703,-0.05825615,-0.143049,-0.17082691,-0.026243303,-0.16632886,-0.2829064,-0.31316653,-0.19728586,-0.14525047,-0.14331596,-0.14862512,-0.12963767,-0.25088155,-0.19279495,-0.18745446,-0.095078886,-0.109466106,-0.10702289,-0.094030775,-0.12759323,-0.15253587,-0.15746465,-0.16625929,-0.12812386,-0.0969081,-0.16398169,-0.14308476,-0.11335766,-0.18846886,-0.1706479,-0.15338843,-0.12555507,-0.115196005,-0.113029435,-0.11662802,-0.17509976,-0.1381216,-0.134171,-0.096878245,-0.12118086,-0.09225339,-0.12434345,-0.13547626,-0.063823454,-0.13877153,-0.11419349,-0.13369998,-0.24483351,-0.2571875,-0.29957527,-0.14581455,-0.15614344,-0.13208008,-0.19104545,-0.0782174,-0.17160685,-0.16352099,-0.09859173,-0.11065883,-0.11453673,-0.076612435,-0.083404,-0.1213824,-0.13072303,-0.13855581,-0.19385117,-0.09931957,-0.15519002,-0.19487974,-0.19016385,-0.1859289,-0.1114736,-0.14269087,-0.10325025,-0.15845257,-0.19310676,-0.17166406,-0.16851059,-0.14248943,-0.14217146,-0.10231243,-0.15279834,-0.16092035,-0.18018791,-0.19407582,-0.12124197,-0.14680918,-0.11398767,-0.08075183,-0.14270651,-0.20725825,-0.16020215,-0.125103,-0.15657571,-0.15690626,-0.1433573,-0.19202894,-0.16197631,-0.18089953,-0.2963242,-0.19800553,-0.18052247,-0.17134848,-0.19225723,-0.15711771,-0.14054683,-0.13026632,-0.12557748,-0.13812938,-0.16306901,-0.30584824,-0.16597846,-0.18022607,-0.19178888,-0.11441202,-0.15014768,-0.14047107,-0.1771101,-0.16609801,-0.16384257,-0.14331086,-0.18237996,-0.12841287,-0.15279981,-0.1372722,-0.24156228,-0.17902257,-0.103548415,-0.13508701,-0.14149502,-0.17355399,-0.11062476,-0.13445213,-0.15145215,-0.15921214,-0.1810757,-0.15339516,-0.14871708,-0.19184028,-0.17460997,-0.16314101,-0.14723541,-0.14623587,-0.11499533,-0.10471026,-0.13495535,-0.20148799,-0.17608938,-0.12513243,-0.16527915,-0.18041904,-0.18738703,-0.11705899,-0.17500114,-0.25843224,-0.09306882,-0.09274857,-0.11505346,-0.13581486,-0.14758901,-0.09906323,-0.18785703
k__Bacteria|p__Firmicutes|c__Bacilli|o__Lactobacillales|f__Lactobacillaceae|g__Pediococcus|s__Pediococcus_acidilactici,-0.1004395,-0.12316422,-0.14141664,-0.20428483,-0.1666686,-0.19310075,-0.1666669,-0.1447241,-0.124794446,-0.1830277,-0.18314008,-0.22435144,-0.16908303,-0.20503119,-0.10295527,-0.09885094,-0.058144663,-0.099263474,-0.10742862,-0.1703699,-0.1978925,-0.12536043,-0.13582394,-0.1517773,-0.17106546,-0.11658599,-0.16706309,-0.17340824,-0.1509206,-0.12124001,-0.1346577,-0.10554834,-0.14781883,-0.19546893,-0.1886903,-0.2175087,-0.16032039,-0.22338755,-0.1966944,-0.29867563,-0.29210672,-0.19801956,-0.10699332,-0.09162698,-0.13691942,-0.15461805,-0.23188588,-0.19350755,-0.14630495,-0.2026537,-0.18385321,-0.18279888,-0.19672146,-0.19753765,-0.20260789,-0.15725818,-0.1253424,-0.14336744,-0.0917345,-0.095276475,-0.17079985,-0.14183778,-0.13743341,-0.14651516,-0.12719077,-0.15097281,-0.2613474,-0.22333384,-0.18866561,-0.20047067,-0.14525244,-0.14880003,-0.13027078,-0.14225349,-0.1501607,-0.16342291,-0.14605418,-0.16278498,-0.15906802,-0.14998752,-0.14663401,-0.15670046,-0.15274027,-0.22480208,-0.120334074,-0.14106905,-0.11791366,-0.16052124,-0.17353863,-0.1552269,-0.16757455,-0.11139822,-0.1388583,-0.13027036,-0.1282782,-0.15152657,-0.14224981,-0.1150282,-0.10065024,-0.09019022,-0.10519962,-0.12015831,-0.13464673,-0.15027548,-0.1598556,-0.1185138,-0.11129953,-0.1578567,-0.17738779,-0.13295493,-0.16333978,-0.25953975,-0.14826614,-0.13226245,-0.1412158,-0.15095688,-0.17780018,-0.16353807,-0.22917573,-0.09015879,-0.10969417,-0.13432099,-0.12920439,-0.13997786,-0.17339979,1.306673,-0.16057305,-0.12777606,-0.07092635,-0.03704006,-0.13690715,-0.16174245,-0.1782708,-0.14332479,-0.12334781,-0.13554397,-0.12023825,-0.13774742,-0.25318068,-0.26654312,-0.08331022,-0.10945694,-0.14398512,-0.09238048,-0.1874358,-0.18995252,-0.15272477,-0.09007807,-0.13230102,-0.1491147,-0.14990547,-0.15846744,-0.1700947,-0.18311201,-0.08768627,-0.123294406,-0.14064471,-0.10256614,6.496447,6.050631,-0.19063123,-0.09986478,-0.13113372,-0.079242304,-0.12758727,-0.19006202,-0.19301175,-0.19127199,-0.122954085,-0.07528676,-0.096888736,-0.11817775,-0.13615404,4.7829876,-0.121451,-0.09424648,-0.09653104,-0.10826735,-0.082459606,-0.11267388,-0.13208072,-0.16663527,-0.1410757,-0.13594443,-0.18093297,-0.17825818,-0.1938328,-0.14435852,-0.15549555,-0.13493046,-0.119081676,-0.14001076,-0.19117098,-0.19093506,-0.1809315,-0.19755594,-0.25103784,-0.20219928,-0.18992457,-0.19071895,-0.18218361,-0.1736134,-0.27554205,-0.08916744,-0.11956477,-0.12771966,-0.15751183,-0.20931396,-0.18224281,-0.29657933,-0.32474133,-0.15245691,-0.3242122,-0.17325558,-0.17108874,-0.2185038,-0.17647925,-0.114121355,-0.13956678,-0.15388772,-0.15788373,-0.22984435,-0.18186735,-0.25668037,-0.10409974,-0.12455491,-0.13815713,-0.12379283,-0.15189947,-0.15468004,-0.15567914,-0.14014931,-0.15141064,-0.16245696,-0.15477923,-0.15299453,-0.15267098,-0.13357836,-0.12257564,-0.14582348,-0.18956877,-0.17673074,-0.21025829,-0.3990198,-0.20251867,-0.113239065,-0.1296617,-0.11822175,-0.14746188,-0.16636807,-0.1862281,-0.19125184,-0.13120931,-0.07651743,-0.15253514,-0.13942386,-0.14106366,-0.11740645,-0.19987361,-0.1649412,-0.15830192,-0.14106241,-0.12327161,-0.12722544,-0.14610182,-0.2588673,-0.10700312,-0.13074079,-0.09132757,-0.12832497,-0.12867446,-0.14943118,-0.15128654,-0.096027926,-0.08910369,-0.12392829,-0.11030653,-0.13746354,-0.15044741,-0.16976461,-0.14253923,-0.11601367,-0.17350103,-0.15156934,-0.14184922,-0.1252127,-0.14145753,-0.17466888,-0.13176009,-0.13175319,-0.14536485,-0.122600555,-0.08722703,-0.05825615,-0.1431085,-0.17082691,-0.026243303,-0.16646445,-0.2829064,-0.31316653,-0.1979367,-0.14518514,-0.14331596,-0.14862512,-0.12963767,-0.25088155,-0.19360673,-0.18802735,-0.09432161,-0.108930506,-0.10702289,-0.09322199,-0.12759323,-0.15252635,-0.15746465,-0.16656575,-0.12812386,-0.0969081,-0.16398169,-0.14305781,-0.11335766,-0.18846886,-0.1706479,-0.15337682,-0.12528181,-0.115196005,-0.11237872,-0.11662802,-0.17561387,-0.1379979,-0.1339978,-0.096878245,-0.12083472,-0.09146326,-0.12434345,-0.13535926,-0.063823454,-0.13877153,-0.11419349,-0.13329019,-0.24483351,-0.2571875,3.6231372,-0.14577891,-0.15623681,-0.13179135,-0.19104545,-0.0782174,-0.17201942,-0.16362786,-0.09859173,-0.11065883,-0.114170015,-0.076612435,-0.083404,-0.1213824,-0.13072303,-0.13855581,-0.19385117,-0.098693,-0.15523563,4.596486,-0.19072747,-0.186361,-0.11094312,-0.14270684,-0.10273428,-0.15860763,-0.19367726,-0.17209615,-0.16872182,-0.14242639,-0.14207318,-0.10150534,-0.15284911,-0.16113693,-0.18060431,-0.19479136,-0.12089639,-0.14696455,-0.113622464,-0.07980956,-0.14233595,-0.20725825,-0.16045564,-0.125103,-0.15657571,-0.15690626,-0.1433304,-0.19202894,-0.16211523,-0.18134065,-0.2963242,-0.19818527,-0.1806753,-0.1716156,-0.1927993,-0.15723464,2.077099,-0.12996492,-0.12557748,-0.13807419,-0.16261858,-0.30584824,-0.16630128,-0.18060942,-0.19230545,-0.11441202,-0.15012605,-0.14029801,-0.17752019,-0.16639438,-0.16402182,-0.14331086,-0.18237996,-0.12799498,-0.15271032,-0.13673717,-0.24156228,-0.17949754,-0.10289107,-0.13488251,-0.14143503,-0.17397307,-0.110024676,-0.13423008,-0.15166122,-0.15951176,-0.1815288,-0.15351799,-0.14869457,-0.19184028,-0.17501363,-0.16349146,-0.14723541,-0.14623587,-0.11499533,-0.10471026,-0.13457772,-0.20148799,-0.17655376,-0.12513243,-0.16552868,-0.18041904,-0.18738703,-0.11705899,-0.1755273,-0.25965118,-0.092382565,-0.091981374,-0.11448378,-0.13558584,-0.14754044,-0.098233484,-0.18852118
k__Bacteria|p__Firmicutes|c__CFGB8822|o__OFGB8822|f__FGB8822|g__GGB42994|s__GGB42994_SGB4746,-0.1004395,-0.12316422,-0.14153464,-0.20428483,-0.1668956,-0.19336765,-0.1666669,-0.14508349,-0.12504885,-0.1838691,-0.18339396,-0.22282603,-0.16980127,-0.20397153,-0.10280292,-0.098698676,-0.058144663,-0.09953335,-0.10761818,-0.17081086,-0.1978925,-0.12536043,-0.1363398,-0.15234882,-0.1714245,-0.11658599,-0.16763079,-0.17390198,-0.1509206,-0.12124001,-0.13501151,-0.105454,-0.14830041,-0.19557023,-0.18910182,-0.2175087,-0.16059183,-0.22338755,-0.19674674,-0.29867563,-0.29210672,-0.19789296,-0.10692884,-0.09162698,-0.13691942,-0.15501907,-0.23188588,-0.19374794,-0.14652118,-0.2026537,-0.18391737,-0.18279888,-0.19694638,-0.19792183,-0.20245895,-0.15792075,-0.12557182,-0.14364578,-0.09196414,-0.095410034,-0.17133823,-0.14226684,-0.13743341,-0.14685242,-0.12719077,-0.15135539,-0.2613474,-0.22333384,-0.18884772,-0.20047067,-0.14561439,-0.14920934,-0.13052846,-0.14266983,-0.15073779,-0.16397509,-0.14655867,-0.16278498,-0.15929443,-0.14998752,-0.14722641,-0.15702787,-0.15322876,-0.22480208,-0.120334074,-0.14147355,-0.11821771,-0.161004,-0.17403677,-0.15555596,-0.16819495,-0.11139822,-0.1388583,-0.13027036,-0.12862423,-0.15152657,-0.1427426,-0.11534824,-0.10065024,-0.090280876,-0.10532578,-0.120296314,-0.13492638,-0.15027548,-0.16033165,-0.1185138,-0.11129953,-0.1578567,-0.17738779,-0.1333079,-0.16374455,-0.25953975,-0.14862546,-0.1325568,-0.14152333,-0.15095688,-0.17780018,-0.16349947,-0.22917573,-0.09015879,-0.110093586,-0.13463196,-0.12952243,-0.13997786,-0.17372173,-0.13908121,-0.16057305,-0.12777606,-0.07092635,-0.03704006,-0.13711946,-0.16218182,-0.17882225,-0.14332479,-0.12334781,-0.13575503,-0.12023825,-0.13829471,-0.25318068,-0.26654312,-0.08332899,-0.10945694,-0.14439635,-0.09238048,-0.18795626,-0.19026911,-0.15308474,-0.09011436,-0.13230102,-0.14955018,-0.1502743,-0.15891436,-0.17051628,-0.18365006,-0.08763271,-0.123451814,-0.140858,-0.10256614,-0.17951453,-0.19495486,-0.19096896,-0.09995866,-0.13113372,-0.079184085,-0.12788351,-0.19006202,-0.19330505,-0.19157837,-0.12324466,-0.07511485,-0.09684269,-0.118317276,-0.13651083,-0.12406494,-0.121451,-0.09424057,-0.0964419,-0.10832704,-0.082459606,-0.11274512,-0.13232636,-0.16703077,-0.1410757,-0.13632141,-0.18093297,-0.17825818,-0.19402103,-0.14453626,-0.15549555,-0.13523734,-0.119081676,-0.14001076,-0.19117098,-0.19100669,-0.18131456,-0.19755594,-0.25103784,-0.20219928,-0.19035307,-0.19108857,-0.18262172,-0.1738821,-0.27554205,-0.08916744,-0.11956477,-0.12800671,-0.15751183,-0.20931396,-0.18224281,-0.29657933,-0.32474133,-0.1529558,-0.3242122,-0.17325558,-0.17108874,-0.2185038,-0.17647925,-0.114121355,-0.13987857,-0.15388772,-0.15788373,-0.22984435,-0.18186735,-0.2551549,-0.10420029,-0.12455491,-0.13854715,-0.124130696,-0.15189947,-0.15507574,-0.15610033,-0.14014931,-0.15141064,-0.16303807,-0.15519038,-0.15342209,-0.15294118,-0.13379174,-0.12298643,-0.14636983,-0.19042523,-0.17698348,-0.21025829,-0.3990198,-0.20238498,-0.11333577,-0.1296617,-0.11829465,-0.14802755,-0.16636807,-0.18670867,-0.19156906,-0.13153043,-0.07649341,-0.15295061,-0.13975404,-0.14106366,-0.11796166,-0.19987361,-0.1649412,-0.15861459,-0.14128865,-0.12351374,-0.12722544,-0.14610182,-0.2588673,-0.107095204,-0.13074079,-0.09132757,-0.12832497,-0.12918589,-0.14984941,-0.15174451,-0.096072525,-0.08910369,-0.12418561,-0.110431686,-0.13782042,-0.15082252,-0.17021179,-0.14283139,-0.11639914,-0.17392719,-0.15191644,-0.14234701,-0.1252916,-0.14207405,-0.17466888,-0.13176009,-0.13210267,-0.1456776,-0.12271593,-0.08722703,-0.05825615,-0.1433944,-0.17082691,-0.026243303,-0.16624951,-0.2829064,-0.31316653,-0.19794796,-0.14558592,-0.14331596,-0.14862512,-0.12963767,-0.25088155,-0.19364887,-0.18840156,-0.09450044,-0.10908573,-0.10702289,-0.093468755,-0.12759323,-0.15296488,-0.15746465,-0.16693528,-0.12812386,-0.0969081,-0.16398169,-0.14359877,-0.11335766,-0.18846886,-0.1706479,-0.15379277,-0.12552626,-0.115196005,-0.112676404,-0.11662802,-0.17601928,-0.13832527,-0.13418898,-0.096878245,-0.12088883,-0.09161711,-0.12434345,-0.13589221,-0.063823454,-0.13877153,-0.11419349,-0.13368762,-0.24483351,-0.2571875,-0.29957527,-0.14605182,-0.15669207,-0.13206992,-0.19104545,-0.0782174,-0.17212656,-0.1641939,-0.09859173,-0.11065883,-0.114560634,-0.076612435,-0.083404,-0.1213824,-0.13072303,-0.13855581,-0.19385117,-0.09871173,-0.1555478,-0.19487974,-0.19111073,-0.1867662,-0.11111357,-0.14302304,-0.10285617,-0.15913548,-0.19400367,-0.17262693,-0.16912019,-0.14270866,-0.14230594,-0.101573065,-0.1532729,-0.1615578,-0.18098047,-0.19501048,-0.12111965,-0.1472308,-0.113727495,-0.07996656,-0.14275983,-0.20725825,-0.16066815,-0.125103,-0.15657571,-0.15690626,-0.14352746,-0.19202894,-0.16251552,-0.18192564,-0.2963242,-0.1973736,-0.18111287,-0.17188552,-0.1930081,-0.15745799,-0.14054683,-0.13018364,-0.12557748,-0.13814339,-0.16310869,-0.30584824,-0.1666264,-0.18102989,-0.1926824,-0.11441202,-0.15062009,-0.14059569,-0.17799722,-0.16678861,-0.16445725,-0.14331086,-0.18237996,-0.1280967,-0.15327111,-0.13707407,-0.24156228,-0.1795035,-0.10304104,-0.1352151,-0.141853,-0.17432123,-0.11024792,-0.13451986,-0.15228763,-0.15982819,-0.18186164,-0.15402928,-0.1490062,-0.19184028,-0.17530146,-0.16404097,-0.14723541,-0.14623587,-0.11499533,-0.10471026,-0.13501924,-0.20148799,-0.17696469,-0.12513243,-0.16585359,-0.18041904,-0.18738703,-0.11705899,-0.17628925,-0.25886774,-0.092297494,-0.09208453,-0.1145966,-0.13590258,-0.14786525,-0.09836618,-0.18899778
k__Bacteria|p__Firmicutes|c__Clostridia|o__Eubacteriales|f__Clostridiaceae|g__Clostridiaceae_unclassified|s__Clostridiaceae_bacterium_Marseille_Q3526,-0.1004395,-0.12316422,-0.14185,-0.20428483,-0.1672976,-0.19332995,6.621341,-0.14484948,-0.12503915,-0.18311101,-0.18332636,-0.22376265,-0.1683631,-0.20435414,-0.10312687,-0.099046625,-0.058144663,-0.09934048,-0.107716635,-0.17068857,-0.1978925,-0.12536043,-0.13613164,-0.15196225,-0.17122251,-0.11658599,-0.16744976,-0.17361474,-0.1509206,-0.12124001,-0.13499266,-0.10585345,-0.14816697,-0.19555005,-0.18877222,-0.2175087,-0.1612656,-0.22338755,-0.1968809,-0.29867563,-0.29210672,-0.19761911,-0.10713978,-0.09162698,-0.13691942,-0.15507302,-0.23188588,-0.1937851,-0.1464738,-0.2026537,-0.18462011,-0.18279888,-0.19688097,-0.19758338,-0.20199856,-0.1565277,-0.12560007,-0.14356783,-0.09203982,-0.09550887,-0.17107788,-0.14211008,-0.13743341,-0.14679664,-0.12719077,-0.15109839,-0.2613474,-0.22333384,-0.18884778,-0.20047067,-0.14543039,-0.14904147,-0.13053149,-0.14242947,-0.15015344,-0.16367108,-0.14629191,-0.16278498,-0.15963648,-0.14998752,-0.14692497,-0.15705976,-0.15305045,-0.22480208,-0.120334074,-0.14128298,-0.11827303,-0.16070315,-0.17377836,-0.15562361,-0.16781113,-0.11139822,-0.1388583,-0.13027036,-0.12837934,-0.15152657,-0.14262702,-0.115232795,-0.10065024,-0.09044583,-0.10532823,-0.12034516,-0.13488548,-0.15027548,-0.16010275,-0.1185138,-0.11129953,-0.1578567,-0.17738779,-0.13295536,-0.16373768,-0.25953975,-0.14861713,-0.132631,-0.14137727,-0.15095688,-0.17780018,-0.16395874,-0.22917573,-0.09015879,-0.110036165,-0.1346283,-0.12940092,-0.13997786,-0.17372319,-0.13908121,-0.16057305,-0.12777606,-0.07092635,-0.03704006,-0.13714468,-0.16195077,-0.17852378,-0.14332479,-0.12334781,-0.13566896,-0.12023825,-0.1378819,-0.25318068,-0.26654312,-0.0835171,-0.10945694,-0.1439358,-0.09238048,-0.1876517,-0.19024825,-0.15296067,-0.09033151,-0.13230102,-0.14942689,-0.15023088,-0.15877749,-0.17043662,-0.18314552,-0.0880508,-0.12350478,-0.14085095,-0.10256614,-0.17951453,-0.19495486,-0.19068533,-0.10000421,-0.13113372,-0.07918144,-0.12748034,-0.19006202,-0.19323672,-0.19140518,-0.12316056,-0.07560426,-0.09699793,-0.11832295,-0.13632458,-0.12406494,-0.121451,-0.09444247,-0.096606955,-0.108348176,-0.082459606,-0.11263102,-0.1321178,-0.1667442,-0.1410757,-0.13641274,-0.18093297,-0.17825818,-0.194023,-0.1445729,-0.15549555,-0.13512245,-0.119081676,-0.14001076,-0.19117098,-0.19124581,-0.18140984,-0.19755594,-0.25103784,-0.20219928,-0.19035302,-0.19121535,-0.1823673,-0.17395346,-0.27554205,-0.08916744,-0.11956477,-0.1279806,-0.15751183,-0.20931396,-0.18224281,-0.29657933,-0.32474133,-0.15315059,-0.3242122,-0.17325558,-0.17108874,-0.2185038,-0.17647925,-0.114121355,-0.14000136,-0.15388772,-0.15788373,-0.22984435,-0.18186735,-0.2555756,-0.10432552,-0.12455491,-0.1383616,-0.12398499,-0.15189947,-0.15488392,-0.1558557,-0.14014931,-0.15141064,-0.16270807,-0.15526691,-0.15331306,-0.15294814,-0.13372111,-0.12287407,-0.14617902,-0.1897142,-0.17716496,-0.21025829,-0.3990198,-0.2015223,-0.11332602,-0.1296617,-0.11819561,-0.14762023,-0.16636807,-0.18620361,-0.19146648,-0.13152638,-0.07675003,-0.15260094,-0.13968354,-0.14106366,-0.1178958,-0.19987361,-0.1649412,-0.15888686,-0.14135672,-0.12334561,-0.12722544,-0.14610182,-0.2588673,-0.10722149,-0.13074079,-0.09132757,-0.12832497,-0.12884724,-0.14979663,-0.15148154,-0.09620564,-0.08910369,-0.12402341,-0.11050363,-0.1376822,-0.15072413,-0.16992192,-0.1427854,-0.11633071,-0.17362872,-0.15183777,-0.14205539,-0.1255068,-0.14150818,-0.17466888,-0.13176009,-0.13199885,-0.14550352,-0.12280244,-0.08722703,-0.05825615,-0.14334702,-0.17082691,-0.026243303,-0.16676244,-0.2829064,-0.31316653,-0.19779754,-0.14549157,-0.14331596,-0.14862512,-0.12963767,-0.25088155,-0.19381888,-0.18817364,-0.094624065,-0.109062985,-0.10702289,-0.09315275,-0.12759323,-0.15278241,-0.15746465,-0.16690677,-0.12812386,-0.0969081,-0.16398169,-0.14320089,-0.11335766,-0.18846886,-0.1706479,-0.15383212,-0.12559032,-0.115196005,-0.11252028,-0.11662802,-0.17561196,-0.1383003,-0.1341262,-0.096878245,-0.12089953,-0.09158334,-0.12434345,-0.13560629,-0.063823454,-0.13877153,-0.11419349,-0.13358885,-0.24483351,-0.2571875,-0.29957527,-0.14602137,-0.15648894,-0.13202012,-0.19104545,-0.0782174,-0.1720967,-0.16381425,-0.09859173,-0.11065883,-0.11441627,-0.076612435,-0.083404,-0.1213824,-0.13072303,-0.13855581,-0.19385117,-0.098968074,-0.1554319,-0.19487974,-0.19114283,-0.18654907,-0.11117908,-0.1429539,-0.10288722,-0.15870616,-0.19394985,-0.17194194,-0.16891079,-0.14273475,-0.14230143,-0.10187068,-0.15297842,-0.16147748,-0.18089911,-0.19486764,-0.12108098,-0.14701289,-0.11372417,-0.07986601,-0.14267977,-0.20725825,-0.1608724,-0.125103,-0.15657571,-0.15690626,-0.14362675,-0.19202894,-0.16255705,-0.1815454,-0.2963242,-0.19877535,-0.18073711,-0.17181125,-0.19303076,-0.15739757,-0.14054683,-0.13021618,-0.12557748,-0.13820973,-0.16291106,-0.30584824,-0.16696626,-0.18063197,-0.19277152,-0.11441202,-0.1501644,-0.14054719,-0.17786351,-0.16673501,-0.16420136,-0.14331086,-0.18237996,-0.12835836,-0.15288225,-0.13710813,-0.24156228,-0.17985348,-0.103135884,-0.13527824,-0.14166424,-0.1741065,-0.110338956,-0.13446242,-0.15175356,-0.15970553,-0.18208414,-0.15356934,-0.14892945,-0.19184028,-0.17550474,-0.16368495,-0.14723541,-0.14623587,-0.11499533,-0.10471026,-0.13471898,-0.20148799,-0.17688435,-0.12513243,-0.16592976,-0.18041904,-0.18738703,-0.11705899,-0.17541209,-0.25933152,-0.092580065,-0.09213193,-0.11474343,-0.13569765,-0.14768255,-0.09846498,-0.1886237
k__Bacteria|p__Firmicutes|c__Clostridia|o__Eubacteriales|f__Lachnospiraceae|g__Lacrimispora|s__Lacrimispora_amygdalina,-0.1004395,-0.12316422,-0.14197922,-0.20428483,-0.16708626,-0.19393292,-0.1666669,-0.14549503,-0.12518726,-0.18402658,-0.18374228,-0.22821915,-0.16975677,-0.20597747,-0.103374556,-0.099549115,-0.058144663,-0.100093916,-0.10800965,-0.17125152,-0.1978925,-0.12536043,-0.1367077,-0.15281498,-0.17198607,-0.11658599,-0.167612,-0.17433402,-0.1509206,-0.12124001,-0.1353527,-0.10594289,-0.14870188,-0.19637996,-0.1896994,-0.2175087,-0.16095603,-0.22338755,-0.19756633,-0.29867563,-0.29210672,-0.19897592,-0.10745825,-0.09162698,-0.13691942,-0.15526652,-0.23188588,-0.19407418,-0.14691624,-0.2026537,-0.18363762,-0.18279888,-0.1979554,-0.1996113,-0.20513342,-0.1583806,-0.12609565,-0.14422858,-0.092456795,-0.095960334,-0.17170614,-0.14279407,-0.13743341,-0.14732763,-0.12719077,-0.151546,-0.2613474,-0.22333384,-0.18917602,-0.20047067,-0.14617601,-0.14962733,-0.13117135,-0.1432836,-0.15145093,-0.16457486,-0.1469971,-0.16278498,-0.15951064,-0.14998752,-0.1475577,-0.15744841,-0.15364793,-0.22480208,-0.120334074,-0.14188777,-0.11865423,-0.16144943,-0.174556,-0.15597382,-0.16851038,-0.11139822,-0.1388583,-0.13027036,-0.1290169,-0.15152657,-0.14272016,-0.11573259,-0.10065024,-0.090721145,-0.10581948,-0.12088767,-0.13539404,-0.15027548,-0.16070268,-0.1185138,-0.11129953,-0.1578567,-0.17738779,-0.13422182,-0.16435936,-0.25953975,-0.14898206,-0.13293411,-0.1421209,-0.15095688,-0.17780018,-0.16384439,-0.22917573,-0.09015879,-0.11033943,-0.13509317,-0.13010627,-0.13997786,-0.17403671,-0.13908121,-0.16057305,-0.12777606,-0.07092635,-0.03704006,-0.13744079,-0.16254951,-0.17925471,-0.14332479,-0.12334781,-0.13595843,-0.12023825,-0.13880107,-0.25318068,-0.26654312,-0.083689764,-0.10945694,-0.14500305,-0.09238048,-0.1880759,-0.19068547,-0.1532082,-0.09049094,-0.13230102,-0.14988592,-0.15067865,-0.159374,-0.17093408,-0.18427409,-0.08805218,-0.12412341,-0.14159714,-0.10256614,-0.17951453,-0.19495486,-0.19172147,-0.10039655,-0.13113372,-0.08025146,-0.12839743,-0.19006202,-0.1937893,-0.19210082,-0.12377037,-0.07545388,-0.09743074,-0.1188894,-0.13692655,-0.12406494,-0.121451,-0.09481487,-0.096931934,-0.10877438,-0.082459606,-0.11325131,-0.13266966,-0.16749975,-0.1410757,-0.13655832,-0.18093297,-0.17825818,-0.19468038,-0.14510278,-0.15549555,-0.13587722,-0.119081676,-0.14001076,-0.19117098,-0.1915279,-0.18170092,-0.19755594,-0.25103784,-0.20219928,-0.19024777,-0.191346,-0.1829184,-0.17424275,-0.27554205,-0.08916744,-0.11956477,-0.12806582,-0.15751183,-0.20931396,-0.18224281,-0.29657933,-0.32474133,-0.15239085,-0.3242122,-0.17325558,-0.17108874,-0.2185038,-0.17647925,-0.114121355,-0.14010634,-0.15388772,-0.15788373,-0.22984435,-0.18186735,-0.25794274,-0.104694456,-0.12455491,-0.13882124,-0.124494076,-0.15189947,-0.1555153,-0.1565911,-0.14014931,-0.15141064,-0.16358915,-0.15555027,-0.15390268,-0.15345643,-0.13424131,-0.12333902,-0.14663225,-0.19087958,-0.17744622,-0.21025829,0.69483584,-0.2035613,-0.11373821,-0.1296617,-0.11900106,-0.14838177,-0.16636807,-0.18707186,-0.19197084,-0.13182509,-0.07691357,-0.15360071,-0.14005736,-0.14106366,-0.11834201,-0.19987361,-0.1649412,-0.15876138,-0.1418908,-0.12395175,-0.12722544,-0.14610182,-0.2588673,-0.10755236,-0.13074079,-0.09132757,-0.12832497,-0.12956616,-0.15005884,-0.15214302,-0.096543625,-0.08910369,-0.12470448,-0.11084537,-0.13820045,-0.15113604,-0.17082246,-0.14326371,-0.11657764,-0.17432548,-0.1521824,-0.14276451,-0.12573907,-0.1423938,-0.17466888,-0.13176009,-0.13258983,-0.14617985,-0.12322529,-0.08722703,-0.05825615,-0.14382294,-0.17082691,-0.026243303,-0.16658272,-0.2829064,-0.31316653,-0.19892251,-0.1460456,-0.14331596,-0.14862512,-0.12963767,-0.25088155,-0.19426611,-0.1889919,-0.094900906,-0.1096179,-0.10702289,-0.09441295,-0.12759323,-0.15326343,-0.15746465,-0.16742384,-0.12812386,-0.0969081,-0.16398169,-0.14410035,-0.11335766,-0.18846886,-0.1706479,-0.15420981,-0.12605333,-0.115196005,-0.113367185,-0.11662802,-0.17640439,-0.13884944,-0.13481005,-0.096878245,-0.12149259,-0.09204565,-0.12434345,-0.13607356,-0.063823454,-0.13877153,-0.11419349,-0.1341533,-0.24483351,-0.2571875,0.71604073,-0.14660084,-0.1571761,-0.13265346,-0.19104545,-0.0782174,-0.17277123,-0.16471024,-0.09859173,-0.11065883,-0.11483899,-0.076612435,-0.083404,-0.1213824,-0.13072303,-0.13855581,-0.19385117,-0.09943713,-0.1560153,-0.19487974,-0.19135249,-0.18734527,-0.11150128,-0.14327684,-0.10331093,-0.15977609,-0.19462483,-0.17357224,-0.16938199,-0.14313853,-0.14288855,-0.10202667,-0.15367708,-0.16186412,-0.18122563,-0.1955309,-0.12157839,-0.14772284,-0.11393305,-0.08031438,-0.14355561,-0.20725825,-0.16098021,-0.125103,-0.15657571,-0.15690626,-0.14386886,-0.19202894,-0.16285881,-0.18241405,-0.2963242,-0.19803824,-0.18152113,-0.17196107,-0.19341338,-0.15787257,-0.14054683,-0.13066778,-0.12557748,-0.13862616,-0.16359733,-0.30584824,-0.16692375,-0.18164977,-0.19293381,-0.11441202,-0.1510686,-0.14087343,-0.17835325,-0.16724959,-0.16488963,-0.14331086,-0.18237996,-0.12850943,-0.1538058,-0.13804005,-0.24156228,-0.1794922,-0.10348779,-0.13545649,-0.14236574,-0.17492913,-0.110514514,-0.13489321,-0.15269671,-0.16031784,-0.18199307,-0.15469056,-0.14959997,-0.19184028,-0.17566055,-0.1644863,-0.14723541,-0.14623587,-0.11499533,-0.10471026,-0.13552922,-0.20148799,-0.17736721,-0.12513243,-0.16580988,-0.18041904,-0.18738703,-0.11705899,-0.17701563,-0.2599432,-0.092764914,-0.092507906,-0.115038395,-0.13644679,-0.14844318,-0.09880644,-0.18943262
k__Bacteria|p__Firmicutes|c__Clostridia|o__Eubacteriales|f__Peptostreptococcaceae|g__GGB4456|s__GGB4456_SGB6141,-0.1004395,-0.12316422,-0.14173266,-0.20428483,-0.16794243,-0.19283764,-0.1666669,-0.14522251,-0.12508585,-0.18300511,-0.18348563,-0.22323939,-0.16762882,-0.20485389,-0.10315846,-0.09922454,-0.058144663,-0.09964152,-0.107986085,-0.17049813,-0.1978925,-0.12536043,-0.13620153,-0.15212867,-0.17116576,-0.11658599,-0.16735959,-0.1736795,-0.1509206,-0.12124001,-0.13539258,-0.105855465,-0.14839715,-0.19508593,-0.18845506,-0.2175087,-0.16198114,-0.22338755,-0.19745392,-0.29867563,-0.29210672,-0.1970772,-0.10725656,-0.09162698,-0.13691942,-0.155209,-0.23188588,-0.19363615,-0.14655556,-0.2026537,-0.18562014,-0.18279888,-0.19709866,-0.19698328,-0.20128658,-0.15649635,-0.12567252,-0.14361101,-0.0922138,-0.095615506,-0.17102921,-0.14203101,-0.13743341,-0.1469748,-0.12719077,-0.15109283,-0.2613474,-0.22333384,-0.18916823,-0.20047067,-0.1454894,-0.14916378,-0.13063297,-0.14242873,-0.1499008,-0.16379689,-0.14637423,-0.16278498,-0.16007134,-0.14998752,-0.1472327,-0.15721749,-0.15289737,-0.22480208,-0.120334074,-0.1414634,-0.11837782,-0.16064182,-0.17391013,-0.15575767,-0.16789296,-0.11139822,-0.1388583,-0.13027036,-0.12841293,-0.15152657,-0.14266315,-0.11539967,-0.10065024,-0.0905265,-0.10521616,-0.1203115,-0.13493699,-0.15027548,-0.16023974,-0.1185138,-0.11129953,-0.1578567,-0.17738779,-0.13288155,-0.16402997,-0.25953975,-0.14885141,-0.13279247,-0.14145875,-0.15095688,-0.17780018,-0.16413791,-0.22917573,-0.09015879,-0.110500544,-0.13482288,-0.12941286,-0.13997786,-0.1738241,-0.13908121,-0.16057305,-0.12777606,-0.07092635,-0.03704006,-0.13737237,-0.16177207,-0.1787129,-0.14332479,-0.12334781,-0.13591486,-0.12023825,-0.13794188,3.260183,-0.26654312,-0.0835512,-0.10945694,-0.14391497,-0.09238048,-0.18751141,-0.19023487,-0.1528835,-0.09039523,-0.13230102,-0.14962333,-0.15030068,-0.15872909,-0.17032725,-0.1828931,-0.088060096,-0.123624496,-0.14148077,-0.10256614,-0.17951453,-0.19495486,-0.19038494,-0.1001212,-0.13113372,-0.07901426,-0.12741464,-0.19006202,-0.19293582,-0.19141562,-0.12346929,-0.07558999,-0.09700823,-0.11839509,-0.13638917,-0.12406494,-0.121451,-0.09451959,-0.09671526,-0.10839258,-0.082459606,-0.112557195,-0.13203019,-0.16686764,-0.1410757,-0.13663155,-0.18093297,-0.17825818,-0.19373953,-0.14459884,-0.15549555,-0.13518634,-0.119081676,-0.14001076,-0.19117098,-0.19120823,-0.18138233,-0.19755594,-0.25103784,-0.20219928,-0.19036798,-0.19129056,-0.18219829,-0.17399293,-0.27554205,-0.08916744,-0.11956477,-0.12827879,-0.15751183,-0.20931396,-0.18224281,-0.29657933,-0.32474133,-0.15328214,-0.3242122,-0.17325558,-0.17108874,-0.2185038,2.4362364,-0.114121355,-0.14024015,-0.15388772,-0.15788373,-0.22984435,-0.18186735,-0.2543013,-0.10444295,-0.12455491,-0.13846612,-0.12397465,-0.15189947,-0.15471113,-0.15597227,-0.14014931,-0.15141064,-0.16274166,-0.15554883,-0.15338938,-0.15322886,-0.1337371,-0.123062596,-0.14633672,-0.18951465,-0.17712812,-0.21025829,-0.3990198,-0.19892761,-0.113484725,-0.1296617,-0.118186355,-0.14767891,-0.16636807,-0.18618044,-0.19140811,-0.13200289,-0.0763655,-0.15254205,-0.13977745,-0.14106366,-0.11813809,-0.19987361,-0.1649412,-0.15937254,-0.14145121,-0.12352191,-0.12722544,-0.14610182,-0.2588673,-0.10742001,-0.13074079,-0.09132757,-0.12832497,-0.12885138,-0.15001993,-0.15151894,-0.09629467,-0.08910369,-0.12407051,-0.11062843,-0.13775855,-0.15082563,-0.1698298,-0.14299345,-0.11656382,-0.1738356,-0.15192425,-0.14218852,-0.12549469,-0.14156476,-0.17466888,-0.13176009,-0.13197605,-0.14566247,-0.12272069,-0.08722703,-0.05825615,-0.14349592,-0.17082691,-0.026243303,-0.16743927,-0.2829064,-0.31316653,-0.19605206,-0.14564551,-0.14331596,-0.14862512,-0.12963767,-0.25088155,-0.19347912,-0.18809997,-0.09465082,-0.10914728,-0.10702289,-0.092637226,-0.12759323,-0.15284994,-0.15746465,-0.16696028,-0.12812386,-0.0969081,-0.16398169,-0.14320254,-0.11335766,-0.18846886,-0.1706479,-0.15411323,-0.12555613,-0.115196005,-0.11251256,-0.11662802,-0.17555809,-0.13833922,-0.13416298,-0.096878245,-0.12082279,-0.091586754,-0.12434345,-0.13594252,-0.063823454,-0.13877153,-0.11419349,-0.1338094,-0.24483351,-0.2571875,-0.29957527,-0.14622258,-0.1565329,-0.1318239,2.0363798,-0.0782174,-0.17184635,-0.16408356,-0.09859173,-0.11065883,-0.114804484,-0.076612435,-0.083404,-0.1213824,-0.13072303,-0.13855581,-0.19385117,-0.09885591,-0.15573983,-0.19487974,-0.1909691,-0.18634781,-0.111324795,-0.14317529,-0.10268909,-0.15879592,-0.19357502,-0.17176627,-0.16915022,-0.14287233,-0.14239506,-0.102114424,-0.1530394,-0.16156979,-0.18090716,-0.19464669,-0.12109576,-0.14717662,-0.114066325,-0.07978971,-0.14266859,-0.20725825,-0.16117397,-0.125103,-0.15657571,-0.15690626,-0.14380682,-0.19202894,-0.16265243,-0.18152937,-0.2963242,-0.1986011,-0.18054506,-0.17198102,-0.19283563,-0.15749441,-0.14054683,-0.13035776,-0.12557748,-0.13843256,-0.16351782,-0.30584824,-0.16691755,-0.180758,-0.19267386,-0.11441202,-0.1503272,-0.14074317,-0.17789817,-0.16668147,-0.16429585,-0.14331086,-0.18237996,-0.12867466,-0.15322842,-0.13715819,-0.24156228,-0.18020296,-0.10324521,-0.13550411,-0.14144337,-0.17430164,-0.110436015,-0.134523,-0.15167105,-0.15995567,-0.18214235,-0.15329273,-0.1488957,-0.19184028,-0.17555751,-0.16370568,-0.14723541,-0.14623587,-0.11499533,-0.10471026,-0.13462658,-0.20148799,-0.17704274,-0.12513243,-0.16658646,-0.18041904,-0.18738703,-0.11705899,-0.17492779,-0.25847822,-0.09260781,-0.09219591,-0.11491056,-0.13564157,-0.1477151,-0.098479256,-0.1884545
k__Bacteria|p__Firmicutes|c__Erysipelotrichia|o__Erysipelotrichales|f__Erysipelotrichaceae|g__Faecalibacillus|s__Faecalibacillus_intestinalis,-0.1004395,-0.12316422,-0.14117141,-0.20428483,-0.16725709,-0.19357856,-0.1666669,-0.14536852,-0.124875225,-0.18412134,-0.1836048,-0.22297162,-0.16946653,-0.20462583,-0.10307525,-0.09903334,-0.058144663,-0.09963363,-0.10733575,-0.17099896,-0.1978925,-0.12536043,-0.13652013,-0.15270291,-0.17163758,-0.11658599,-0.16768274,-0.17472664,-0.1509206,-0.12124001,-0.13524893,-0.105277,-0.14820611,-0.19597346,-0.18933555,-0.2175087,-0.1613157,-0.22338755,-0.19737357,-0.29867563,-0.29210672,-0.19778723,-0.10731079,-0.09162698,-0.13691942,-0.15506777,-0.23188588,-0.19394542,-0.14676869,-0.2026537,-0.18489961,-0.18279888,-0.1971635,-0.19761807,-0.20182699,-0.15867499,-0.12570536,-0.14395742,-0.09211269,-0.09530245,-0.17158347,-0.14261892,-0.13743341,-0.14712755,-0.12719077,-0.1512466,-0.2613474,-0.22333384,-0.18933201,-0.20047067,-0.14601567,-0.14954731,-0.13045669,-0.14258215,-0.15107618,-0.16485134,-0.14728719,-0.16278498,-0.15977843,-0.14998752,-0.14732558,-0.15700996,-0.15335028,-0.22480208,-0.120334074,-0.14150144,-0.118096024,-0.16142729,-0.17463708,-0.15549125,-0.16847369,-0.11139822,-0.1388583,-0.13027036,-0.12870073,-0.15152657,-0.14273539,-0.115826845,-0.10065024,-0.0901614,-0.10532301,-0.12050635,-0.1349497,-0.15027548,-0.16082852,-0.1185138,-0.11129953,-0.1578567,-0.17738779,-0.13364573,-0.1633519,-0.25953975,-0.14890361,-0.1324087,-0.14124307,-0.15095688,-0.17780018,-0.16363029,-0.22917573,-0.09015879,-0.11000722,-0.13468549,-0.12960313,-0.13997786,-0.17379236,-0.13908121,-0.16057305,-0.12777606,-0.07092635,-0.03704006,-0.1369851,-0.16218516,-0.17943493,-0.14332479,-0.12334781,-0.13581572,-0.12023825,-0.1379426,-0.25318068,-0.26654312,-0.08312403,-0.10945694,-0.14455947,-0.09238048,-0.1877243,-0.19030625,-0.15271074,-0.08992475,-0.13230102,-0.14958073,-0.15036774,-0.15912339,-0.17077103,-0.18421236,-0.087304786,-0.1239791,-0.14147633,-0.10256614,-0.17951453,-0.19495486,-0.19164959,-0.099849105,-0.13113372,-0.078529,-0.127431,-0.19006202,-0.19365434,-0.19180116,-0.123829484,-0.075091854,-0.09686767,-0.11822946,-0.13645804,-0.12406494,1.5039105,-0.09423895,-0.09635264,-0.10823622,-0.082459606,-0.11260705,-0.13224868,-0.16768064,-0.1410757,-0.13628826,-0.18093297,-0.17825818,-0.19406623,-0.14451388,-0.15549555,-0.13553828,-0.119081676,-0.14001076,-0.19117098,-0.19123091,-0.18152517,-0.19755594,-0.25103784,-0.20219928,-0.190208,-0.19109923,-0.18259247,-0.17347631,-0.27554205,-0.08916744,-0.11956477,-0.12750253,-0.15751183,-0.20931396,-0.18224281,-0.29657933,-0.32474133,-0.15026242,-0.3242122,-0.17325558,-0.17108874,4.2356076,4.922958,-0.114121355,-0.13976729,-0.15388772,-0.15788373,-0.22984435,-0.18186735,-0.25511682,-0.10410716,-0.12455491,-0.13851456,-0.12408047,-0.15189947,-0.15529591,-0.15688175,-0.14014931,-0.15141064,-0.163603,-0.15547906,-0.15374175,-0.15303744,-0.13382521,-0.122970276,-0.1465556,-0.19059554,-0.17748313,-0.21025829,-0.3990198,-0.20033966,-0.11337869,-0.1296617,-0.11847791,-0.14788546,3.4957683,-0.18720742,-0.19196114,-0.13149786,-0.0760805,-0.15321815,-0.13961408,-0.14106366,-0.11854021,-0.19987361,-0.1649412,-0.15880376,-0.14111117,-0.12341191,-0.12722544,-0.14610182,-0.2588673,-0.106968105,-0.13074079,-0.09132757,-0.12832497,-0.12916274,-0.14979756,-0.15233703,-0.09616025,-0.08910369,-0.12410873,-0.11018784,-0.13768744,-0.15077323,-0.17062916,-0.14303476,-0.116191484,-0.17408748,-0.15194967,-0.14240783,-0.12503928,-0.14271992,-0.17466888,-0.13176009,-0.13205674,-0.14594439,-0.12295234,-0.08722703,-0.05825615,-0.14356755,-0.17082691,-0.026243303,-0.16668025,-0.2829064,-0.31316653,-0.19701478,-0.14583868,-0.14331596,-0.14862512,-0.12963767,-0.25088155,-0.1941559,-0.1889481,-0.09420891,-0.10930689,-0.10702289,-0.093408935,-0.12759323,-0.15290093,-0.15746465,-0.16766828,-0.12812386,-0.0969081,-0.16398169,-0.1440378,-0.11335766,-0.18846886,-0.1706479,-0.15408725,-0.12576014,-0.115196005,-0.11269192,-0.11662802,-0.17658947,-0.1386663,-0.13454485,-0.096878245,-0.12090878,-0.09147549,-0.12434345,-0.13622805,-0.063823454,-0.13877153,-0.11419349,-0.13341969,-0.24483351,-0.2571875,-0.29957527,-0.14627972,-0.15682752,-0.13195077,-0.19104545,-0.0782174,-0.17226838,-0.16463383,-0.09859173,-0.11065883,-0.11496643,-0.076612435,-0.083404,-0.1213824,-0.13072303,-0.13855581,-0.19385117,-0.09859811,-0.15563951,-0.19487974,-0.19126493,-0.18702048,-0.11113318,-0.14296,-0.10302293,-0.1597969,-0.19435355,-0.17326173,-0.16907814,-0.1429036,-0.14267184,-0.10111541,-0.15311652,-0.16190267,-0.18095937,-0.19526109,-0.12117645,-0.14769338,-0.1138546,-0.079621375,-0.14247623,-0.20725825,-0.1612033,-0.125103,-0.15657571,-0.15690626,-0.14365044,-0.19202894,-0.16271134,-0.18239179,-0.2963242,-0.19650555,-0.18052553,-0.17150806,-0.192515,-0.15728244,-0.14054683,-0.13022628,-0.12557748,-0.13820794,-0.1625697,-0.30584824,-0.16645056,-0.18138564,-0.1931383,-0.11441202,-0.15045004,-0.14054222,-0.17811629,-0.16706848,-0.16495535,-0.14331086,-0.18237996,-0.12811986,-0.15310144,-0.13659078,-0.24156228,-0.17958449,-0.102974236,-0.1350744,-0.14203456,-0.17488357,-0.10997367,-0.13428247,-0.1528371,-0.16047627,-0.18192837,-0.15423042,-0.14910021,-0.19184028,-0.17544317,-0.16486487,-0.14723541,-0.14623587,-0.11499533,-0.10471026,-0.13459861,-0.20148799,-0.17759243,-0.12513243,-0.16603604,-0.18041904,-0.18738703,-0.11705899,-0.17710964,-0.25950453,-0.09228962,-0.09201047,-0.114397876,-0.13596521,-0.14791672,-0.09790553,-0.18934324
k__Bacteria|p__Firmicutes|c__Clostridia|o__Eubacteriales|f__Oscillospiraceae|g__Monoglobus|s__Monoglobus_pectinilyticus,-0.1004395,-0.12316422,-0.14244363,-0.20428483,-0.16689834,-0.19341198,-0.1666669,-0.1460096,-0.12609753,-0.18420008,-0.18290809,-0.2259754,-0.17075619,-0.20504442,-0.10471003,-0.101161644,-0.058144663,-0.10171342,-0.1091132,-0.17133309,-0.1978925,-0.12536043,-0.13738157,-0.15316197,-0.17190936,-0.11658599,-0.16790266,-0.17455453,-0.1509206,-0.12124001,-0.13617642,-0.107132316,-0.14920974,-0.19580762,-0.1896513,-0.2175087,-0.16066295,-0.22338755,-0.19693942,-0.29867563,-0.29210672,-0.19858657,-0.1088478,-0.09162698,-0.13691942,-0.1557132,-0.23188588,-0.19367614,-0.14745712,-0.2026537,-0.18281415,-0.18279888,-0.19690192,-0.19844097,-0.20405485,-0.15955581,-0.12700444,-0.14481212,-0.09396226,-0.09737688,-0.17172793,-0.14328185,-0.13743341,-0.1477794,-0.12719077,-0.15208006,-0.2613474,-0.22333384,-0.18861201,-0.20047067,-0.14667466,-0.15004684,-0.13192317,-0.14379838,-0.15194781,-0.16463327,-0.14742571,-0.16278498,-0.15942073,-0.14998752,-0.14808609,-0.15757129,-0.15402323,-0.22480208,-0.120334074,-0.14254513,-0.11969428,-0.1617059,-0.17447042,-0.15608114,-0.16862595,-0.11139822,-0.1388583,-0.13027036,-0.12995645,-0.15152657,-0.14342393,-0.11699346,-0.10065024,-0.092368156,-0.10727573,-0.12195503,-0.136177,-0.15027548,-0.16114312,-0.1185138,-0.11129953,-0.1578567,-0.17738779,-0.13473302,-0.16425455,-0.25953975,-0.14943701,-0.13365841,-0.1426146,-0.15095688,-0.17780018,-0.16372663,-0.22917573,-0.09015879,-0.11161928,-0.13577503,-0.13090077,-0.13997786,-0.1739904,-0.13908121,-0.16057305,-0.12777606,-0.07092635,-0.03704006,-0.13819316,-0.16287588,-0.17924134,-0.14332479,-0.12334781,-0.13675123,-0.12023825,-0.13952029,-0.25318068,-0.26654312,-0.085485354,-0.10945694,-0.14574507,-0.09238048,-0.18805486,-0.19033757,-0.153908,-0.09215909,-0.13230102,-0.15039718,-0.15110129,-0.15964407,-0.17095022,-0.18424687,-0.089651585,-0.1251162,-0.14218867,-0.10256614,-0.17951453,-0.19495486,-0.19137773,-0.10180493,-0.13113372,-0.08188926,-0.12946305,-0.19006202,-0.1933561,-0.19174498,-0.12484225,-0.07722781,-0.09887224,-0.1199418,-0.13776405,-0.12406494,-0.121451,-0.0963081,-0.09845512,-0.110205024,-0.082459606,-0.11450127,-0.13365862,-0.16787201,-0.1410757,-0.13726886,-0.18093297,-0.17825818,-0.19410871,-0.14567557,-0.15549555,-0.13665292,-0.119081676,-0.14001076,-0.19117098,-0.19102694,-0.18135522,-0.19755594,-0.25103784,-0.20219928,-0.18987876,-0.19083804,-0.18285048,-0.17415228,-0.27554205,-0.08916744,-0.11956477,-0.12906864,-0.15751183,-0.20931396,-0.18224281,-0.29657933,-0.32474133,-0.15349779,-0.3242122,-0.17325558,-0.17108874,-0.2185038,-0.17647925,-0.114121355,-0.14068739,-0.15388772,-0.15788373,-0.22984435,-0.18186735,-0.25603127,-0.105977386,-0.12455491,-0.13959907,-0.12557927,-0.15189947,-0.15589878,-0.15709332,-0.14014931,-0.15141064,-0.16377904,-0.15572646,-0.15421554,-0.15375191,-0.1352128,-0.12429583,-0.1471613,-0.1906127,-0.17726374,1.8784664,1.3104473,-0.20431957,-0.11497088,-0.1296617,-0.12007861,-0.14896962,-0.16636807,-0.18694302,-0.19167538,-0.13272817,-0.07867399,-0.1540713,-0.14079544,-0.14106366,-0.11968586,-0.19987361,-0.1649412,-0.15885344,-0.14243372,-0.12496056,-0.12722544,-0.14610182,-0.2588673,-0.108881444,-0.13074079,-0.09132757,-0.12832497,-0.13060492,-0.15051123,-0.15279481,-0.09809878,-0.08910369,-0.12577388,-0.11208516,-0.1390202,-0.15159297,-0.17105146,-0.14379455,-0.11775164,-0.17438275,-0.15261263,-0.14347324,-0.12646082,-0.14316742,-0.17466888,-0.13176009,-0.13339448,-0.14665204,-0.12428214,-0.08722703,-0.05825615,-0.14438617,-0.17082691,-0.026243303,-0.16694814,3.6200595,3.860769,-0.19879888,-0.14657348,-0.14331596,-0.14862512,-0.12963767,-0.25088155,-0.19364798,-0.18869151,-0.09638666,-0.11089511,-0.10702289,-0.09597796,-0.12759323,-0.15384842,-0.15746465,-0.1675156,-0.12812386,-0.0969081,-0.16398169,-0.14493865,-0.11335766,-0.18846886,-0.1706479,-0.15443885,-0.12686694,-0.115196005,-0.11455731,-0.11662802,-0.17665255,-0.13952571,-0.13555196,-0.096878245,-0.12251419,-0.093789265,-0.12434345,-0.13706708,-0.063823454,-0.13877153,-0.11419349,-0.13494915,-0.24483351,-0.2571875,-0.29957527,-0.14703587,-0.15740998,-0.13333872,-0.19104545,-0.0782174,-0.17261983,-0.16501552,-0.09859173,-0.11065883,-0.11614382,-0.076612435,-0.083404,-0.1213824,-0.13072303,-0.13855581,-0.19385117,-0.10060282,-0.15624973,-0.19487974,-0.1909787,-0.18716499,-0.11279689,-0.14389503,-0.104648516,-0.16005674,-0.19403768,-0.17381874,-0.1694057,-0.14371207,-0.14346416,-0.1032559,-0.15416531,-0.16210935,-0.18110204,-0.19508097,-0.12258948,-0.14828911,-0.11516273,-0.08214103,-0.14411017,-0.20725825,-0.16119814,-0.125103,-0.15657571,-0.15690626,-0.14437348,-0.19202894,-0.16299407,-0.1823409,-0.2963242,-0.19701587,-0.18149489,-0.17218512,-0.19300912,-0.15817961,-0.14054683,-0.13149501,-0.12557748,-0.13928318,-0.16396011,-0.30584824,-0.16672309,-0.18141319,-0.19259635,-0.11441202,-0.15166031,-0.14162782,-0.1782886,-0.16725586,-0.16522132,-0.14331086,-0.18237996,-0.12919627,-0.15403527,-0.13838585,-0.24156228,-0.1794301,-0.10491133,-0.13612776,-0.14300859,-0.17486191,-0.11177905,-0.13560835,-0.15321842,-0.16063425,-0.18170917,-0.15511459,-0.14995334,-0.19184028,-0.1753926,-0.16480868,-0.14723541,-0.14623587,-0.11499533,-0.10471026,-0.1364086,-0.20148799,-0.17733146,-0.12513243,-0.16604589,-0.18041904,-0.18738703,-0.11705899,-0.17708878,-0.25826216,-0.094353005,-0.0941654,-0.11612536,-0.1372745,-0.14893535,-0.100208044,-0.18915541
k__Bacteria|p__Firmicutes|c__Tissierellia|o__Tissierellales|f__Peptoniphilaceae|g__Anaerococcus|s__Anaerococcus_senegalensis,-0.1004395,-0.12316422,-0.14083809,-0.20428483,-0.16661835,-0.19280745,-0.1666669,-0.14484854,-0.12451162,-0.18342365,-0.18283126,-0.22199558,-0.16847461,-0.20321323,-0.10262865,-0.098721534,-0.058144663,-0.09943442,-0.10714543,-0.17034252,-0.1978925,-0.12536043,-0.1361123,-0.15214244,-0.17089424,-0.11658599,-0.16728364,-0.17379466,-0.1509206,-0.12124001,-0.1349636,-0.10489394,-0.14794676,-0.19480073,-0.18853208,-0.2175087,-0.16054827,-0.22338755,-0.1964252,3.0573843,-0.29210672,-0.19672891,-0.10673433,-0.09162698,-0.13691942,-0.1546275,-0.23188588,-0.1933696,-0.14610298,-0.2026537,-0.18386339,-0.18279888,-0.19648384,-0.19686936,-0.20097966,-0.15750688,-0.1252536,-0.14336595,-0.091863155,-0.0950122,-0.17089666,-0.14211203,-0.13743341,-0.14660713,-0.12719077,-0.15081424,-0.2613474,-0.22333384,-0.18826458,-0.20047067,-0.14537,-0.1489698,-0.13010861,-0.14216705,-0.15023835,-0.16395645,-0.14647913,-0.16278498,-0.15928698,-0.14998752,-0.14695615,-0.15657344,-0.1528809,-0.22480208,-0.120334074,-0.14112331,-0.11779929,-0.1606501,-0.1737091,-0.1552079,-0.16793871,-0.11139822,-0.1388583,-0.13027036,-0.12824313,-0.15152657,-0.14243641,-0.11541552,-0.10065024,-0.08990181,-0.104841426,-0.11991675,-0.13445106,-0.15027548,-0.16015784,-0.1185138,-0.11129953,-0.1578567,-0.17738779,-0.13329902,-0.16310239,-0.25953975,-0.14841178,-0.13215551,-0.14102145,-0.15095688,-0.17780018,-0.16303775,-0.22917573,-0.09015879,-0.10998128,-0.13430862,-0.1291796,-0.13997786,-0.1733073,-0.13908121,-0.16057305,-0.12777606,-0.07092635,-0.03704006,-0.1367161,-0.16154572,-0.1787958,-0.14332479,-0.12334781,-0.13544029,-0.12023825,-0.13763109,-0.25318068,-0.26654312,-0.08292408,-0.10945694,-0.14398348,-0.09238048,-0.18730918,-0.18969363,-0.15252039,-0.08971407,-0.13230102,-0.14917539,-0.14989118,-0.15852049,-0.1700858,-0.18326044,-0.08720837,-0.12353274,-0.14085335,-0.10256614,-0.17951453,-0.19495486,-0.19059852,-0.099602,-0.13113372,-0.078455664,-0.1268962,-0.19006202,-0.19267944,-0.1911294,-0.12328888,-0.07481274,-0.096590206,-0.117872596,-0.13608539,-0.12406494,-0.121451,-0.09397197,-0.09600823,-0.107946575,-0.082459606,-0.11223442,-0.13172728,-0.16686895,-0.1410757,-0.13598825,-0.18093297,-0.17825818,-0.19334099,-0.14407066,-0.15549555,-0.13500494,-0.119081676,-0.14001076,-0.19117098,-0.19049685,-0.18101582,-0.19755594,-0.25103784,-0.20219928,-0.1897709,-0.19063175,-0.18196678,-0.1731577,-0.27554205,-0.08916744,-0.11956477,-0.12739137,-0.15751183,-0.20931396,-0.18224281,-0.29657933,-0.32474133,-0.15276912,-0.3242122,-0.17325558,-0.17108874,-0.2185038,-0.17647925,-0.114121355,-0.1395481,-0.15388772,-0.15788373,-0.22984435,-0.18186735,-0.25306666,-0.10382961,-0.12455491,-0.13814011,-0.12365745,-0.15189947,-0.1545929,-0.1560389,-0.14014931,-0.15141064,-0.16279176,-0.15497853,-0.15320331,-0.15264347,-0.13343725,-0.12265619,-0.14606972,-0.18983786,-0.17657456,-0.21025829,-0.3990198,-0.20078032,-0.11296326,-0.1296617,-0.11795615,-0.14745724,-0.16636807,-0.18631816,-0.19107197,-0.13136852,-0.07582718,-0.15257923,-0.13923125,-0.14106366,-0.11804785,-0.19987361,-0.1649412,-0.15847993,-0.14095944,-0.123125896,-0.12722544,-0.14610182,-0.2588673,-0.106716976,-0.13074079,-0.09132757,-0.12832497,-0.1287387,-0.149407,-0.15165569,-0.095807165,1.1196367,-0.12378059,-0.1098735,-0.13739073,-0.15033403,-0.16992036,-0.14254972,-0.116079085,-0.17356402,-0.15144813,-0.1420277,-0.124752246,-0.14198095,3.7201555,-0.13176009,-0.13173737,-0.145435,-0.122459546,-0.08722703,-0.05825615,-0.14311334,-0.17082691,-0.026243303,-0.16634212,-0.2829064,-0.31316653,-0.1968401,-0.14530244,-0.14331596,-0.14862512,-0.12963767,-0.25088155,-0.19313304,-0.18808952,-0.094036564,-0.108903125,-0.10702289,-0.09294154,-0.12759323,-0.152592,-0.15746465,-0.1668339,-0.12812386,-0.0969081,-0.16398169,-0.14336076,-0.11335766,-0.18846886,-0.1706479,-0.15362604,-0.12540719,-0.115196005,-0.112331964,-0.11662802,-0.17578064,-0.13808703,-0.13390839,-0.096878245,-0.1205138,-0.091135055,-0.12434345,-0.13590023,-0.063823454,-0.13877153,-0.11419349,-0.13324854,-0.24483351,-0.2571875,-0.29957527,-0.14571074,-0.15632914,-0.13148344,-0.19104545,-0.0782174,-0.1717344,-0.16415411,-0.09859173,-0.11065883,-0.1146359,-0.076612435,-0.083404,-0.1213824,-0.13072303,6.308949,2.691345,-0.09830527,-0.15515193,-0.19487974,-0.1905374,-0.18635133,-0.110753566,-0.14276809,-0.10245165,-0.15895048,-0.19322407,-0.17241798,-0.16847537,-0.14239466,-0.14212099,-0.10110584,-0.15273657,-0.16126105,-0.18047912,-0.19438791,-0.12068166,-0.14705816,-0.11348535,-0.07947008,-0.14219381,-0.20725825,-0.16054797,-0.125103,-0.15657571,-0.15690626,-0.14322138,-0.19202894,-0.16216071,-0.18167797,-0.2963242,-0.19645423,-0.18047513,-0.17106304,-0.1920843,-0.15697771,-0.14054683,-0.12978813,-0.12557748,-0.1377518,-0.1625801,-0.30584824,-0.16649348,-0.18065913,-0.19226295,-0.11441202,-0.15009215,-0.14012916,-0.17757422,-0.16648468,-0.16422269,-0.14331086,-0.18237996,-0.12782604,-0.1529746,-0.13645059,-0.24156228,-0.17911485,-0.1026707,-0.1349151,-0.14146519,-0.17401387,-0.10979043,-0.13405855,-0.15210752,-0.15967053,-0.18143564,-0.15363654,-0.1483745,-0.19184028,-0.1748219,-0.16413501,-0.14723541,-0.14623587,-0.11499533,-0.10471026,-0.13431007,-0.20148799,-0.17675939,-0.12513243,-0.16573727,0.6903595,0.71334964,-0.11705899,-0.17627467,-0.25721222,-0.09195044,-0.091783226,-0.11415887,-0.13548547,-0.14742795,-0.09776424,-0.18852764
k__Bacteria|p__Firmicutes|c__CFGB1872|o__OFGB1872|f__FGB1872|g__GGB4964|s__GGB4964_SGB6927,-0.1004395,-0.12316422,-0.14163415,-0.20428483,-0.16681182,-0.19415683,-0.1666669,-0.14514673,-0.12464185,-0.18407701,-0.1835176,-0.23019318,-0.17014346,-0.20732802,-0.1027923,-0.09935281,-0.058144663,-0.09953129,-0.10731886,-0.1712222,-0.1978925,-0.12536043,-0.13625935,-0.15248583,-0.17191862,-0.11658599,-0.16739795,-0.17441152,-0.1509206,-0.12124001,-0.13502233,-0.10531042,-0.14847462,-0.19663967,-0.18995823,-0.2175087,-0.16076145,-0.22338755,-0.19808455,-0.29867563,-0.29210672,-0.1995085,-0.10704169,-0.09162698,-0.13691942,-0.15505905,-0.23188588,-0.19427517,-0.14666867,-0.2026537,-0.18319446,-0.18279888,-0.19808732,-0.19994414,-0.20560634,-0.1587493,-0.12565261,-0.1440287,-0.091674015,-0.09522796,-0.17157713,-0.14237268,-0.13743341,-0.14705768,-0.12719077,-0.15142077,-0.2613474,-0.22333384,-0.18921372,-0.20047067,-0.14589319,-0.14934985,-0.13082018,-0.14296472,-0.15118864,-0.16439395,-0.14685768,-0.16278498,-0.15926042,-0.14998752,-0.14721638,-0.157182,-0.1533925,-0.22480208,-0.120334074,-0.14159825,-0.118090466,-0.16125265,-0.1744917,-0.15569419,-0.16850616,-0.11139822,-0.1388583,-0.13027036,-0.12855041,-0.15152657,-0.14217687,-0.11524613,-0.10065024,-0.0899603,-0.10524762,-0.12050287,-0.13503511,-0.15027548,-0.16059452,-0.1185138,-0.11129953,-0.1578567,-0.17738779,-0.13404149,-0.16415717,-0.25953975,-0.14874256,-0.13252279,-0.14175665,-0.15095688,-0.17780018,-0.16376314,-0.22917573,-0.09015879,-0.10973102,-0.13467237,-0.12968843,-0.13997786,-0.1739514,-0.13908121,4.5858483,4.779868,-0.07092635,-0.03704006,-0.1371161,-0.1623456,-0.17933533,-0.14332479,-0.12334781,-0.13558903,-0.12023825,-0.13833544,-0.25318068,-0.26654312,-0.082831845,-0.10945694,-0.14481145,-0.09238048,-0.1881789,-0.19069426,-0.15295842,-0.08972987,-0.13230102,-0.1496275,-0.15041009,-0.15920772,-0.17084113,-0.18438852,-0.08723082,-0.12385322,-0.14153883,-0.10256614,-0.17951453,-0.19495486,-0.1919668,-0.099629715,-0.13113372,-0.0794234,-0.12797591,-0.19006202,-0.19389954,-0.19227535,-0.12337911,-0.07446405,-0.09683444,-0.118444,-0.1365664,-0.12406494,-0.121451,-0.09415053,-0.09628855,-0.108283736,-0.082459606,-0.1127251,-0.13225114,-0.16756862,-0.1410757,-0.13612494,-0.18093297,-0.17825818,-0.19489592,-0.1448881,-0.15549555,-0.13560508,-0.119081676,-0.14001076,-0.19117098,-0.19173184,-0.18174218,-0.19755594,-0.25103784,-0.20219928,-0.19016,-0.19133008,-0.18295881,-0.17423014,-0.27554205,-0.08916744,-0.11956477,-0.12748998,2.669263,-0.20931396,-0.18224281,-0.29657933,-0.32474133,-0.15249711,-0.3242122,-0.17325558,-0.17108874,-0.2185038,-0.17647925,-0.114121355,-0.13968745,-0.15388772,-0.15788373,-0.22984435,-0.18186735,-0.25981566,-0.10403733,-0.12455491,-0.13841373,-0.12399658,-0.15189947,-0.15518694,-0.15649563,-0.14014931,-0.15141064,-0.16340868,-0.15525289,-0.15365638,-0.1532445,-0.13400224,-0.122752294,-0.14634869,-0.19085705,-0.17738447,-0.21025829,-0.3990198,-0.20530292,-0.11320781,-0.1296617,-0.11863346,-0.14801532,-0.16636807,-0.1871682,-0.19215406,-0.13147232,-0.07589978,-0.15348467,-0.13967672,-0.14106366,-0.11790182,-0.19987361,-0.1649412,-0.15848526,-0.14164847,-0.123451635,-0.12722544,-0.14610182,-0.2588673,-0.106991515,-0.13074079,-0.09132757,-0.12832497,-0.12908718,-0.14963213,-0.15197937,-0.0958826,-0.08910369,-0.12431167,-0.11020443,-0.13793007,-0.15081277,-0.1709187,-0.14288545,-0.115959935,-0.17432141,-0.15182787,-0.1424757,-0.12510341,-0.1423389,3.1673822,1.9182203,-0.13222584,-0.14586797,-0.122755095,-0.08722703,-0.05825615,-0.14342967,-0.17082691,-0.026243303,-0.16710413,-0.2829064,-0.31316653,-0.19964656,-0.14577115,-0.14331596,-0.14862512,-0.12963767,-0.25088155,-0.19446282,-0.18917814,-0.09399236,-0.109139696,-0.10702289,-0.09374224,-0.12759323,-0.15311074,-0.15746465,-0.16740681,-0.12812386,-0.0969081,-0.16398169,-0.14390513,-0.11335766,-0.18846886,-0.1706479,-0.15398511,-0.12558255,-0.115196005,-0.11290656,-0.11662802,-0.17657162,-0.13851903,-0.13449627,-0.096878245,-0.12109145,-0.091296226,-0.12434345,-0.13572553,-0.063823454,-0.13877153,-0.11419349,-0.133751,-0.24483351,-0.2571875,-0.29957527,-0.1463559,-0.15695652,-0.13217789,-0.19104545,-0.0782174,-0.1728252,-0.1646851,-0.09859173,-0.11065883,-0.1142702,-0.076612435,-0.083404,-0.1213824,-0.13072303,-0.13855581,-0.19385117,-0.09869448,-0.15582128,-0.19487974,-0.1913974,-0.18754086,-0.11092374,-0.14294961,-0.10262628,-0.15967247,-0.19482805,-0.1739119,-0.16932729,-0.14282086,-0.14269836,-0.1013301,-0.153429,-0.16170593,-0.18123402,-0.19592586,-0.121049106,-0.14750005,-0.11338262,-0.07944642,-0.14330937,-0.20725825,-0.16083416,-0.125103,-0.15657571,-0.15690626,-0.14362636,-0.19202894,-0.1626631,-0.18245724,-0.2963242,-0.19852571,-0.18156376,-0.17178562,-0.19353381,-0.15764147,-0.14054683,-0.130271,-0.12557748,-0.1382595,-0.16380256,-0.30584824,-0.16658144,-0.18158773,-0.19308996,-0.11441202,-0.15076935,-0.14059313,-0.17837977,-0.16706032,-0.16490328,-0.14331086,-0.18237996,-0.12810862,-0.15365362,-0.13759801,-0.24156228,-0.17955153,-0.10286115,-0.1350193,-0.14201301,-0.1749213,-0.10986377,-0.13443846,-0.15258151,-0.1602752,-0.18193245,-0.15454112,-0.14927697,-0.19184028,-0.17549464,-0.16443378,-0.14723541,-0.14623587,-0.11499533,-0.10471026,-0.13519195,-0.20148799,-0.17735647,-0.12513243,-0.16594909,-0.18041904,-0.18738703,-0.11705899,-0.17709494,-0.2610228,-0.09206475,-0.091812596,-0.114491515,-0.13616118,-0.14821795,-0.09804985,-0.18969372
k__Bacteria|p__Firmicutes|c__Clostridia|o__Eubacteriales|f__Lachnospiraceae|g__Faecalicatena|s__Faecalicatena_contorta,-0.1004395,-0.12316422,-0.14125732,-0.20428483,-0.16593064,-0.19232887,-0.1666669,-0.14481652,-0.12488242,-0.18262142,-0.18246081,-0.22479647,-0.16859579,-0.2039321,-0.103651404,-0.099778205,-0.058144663,-0.10035983,-0.10798358,-0.16996372,-0.1978925,-0.12536043,-0.13623422,-0.1519966,-0.17076647,-0.11658599,-0.16671953,-0.1731109,-0.1509206,-0.12124001,-0.13491508,-0.106059685,-0.14788932,-0.19468774,-0.18816672,-0.2175087,-0.15964028,-0.22338755,-0.19557138,-0.29867563,-0.29210672,-0.1970425,-0.10756749,-0.09162698,-0.13691942,-0.1543932,-0.23188588,-0.19261086,-0.1462042,-0.2026537,-0.1822676,-0.18279888,-0.19610666,-0.19741265,-0.20268306,-0.15737557,-0.12578142,-0.14357144,-0.09284377,-0.09618506,-0.17053428,-0.14223981,-0.13743341,-0.14661384,-0.12719077,-0.15069537,-0.2613474,-0.22333384,-0.1874977,-0.20047067,-0.14549698,-0.1489119,-0.13068922,-0.14259502,-0.1506113,-0.163531,-0.14614215,-0.16278498,-0.15866996,-0.14998752,-0.14682525,-0.15651138,-0.15281767,-0.22480208,-0.120334074,-0.14126037,-0.11844322,-0.16049433,-0.17319433,-0.15506431,-0.16732034,-0.11139822,-0.1388583,-0.13027036,-0.12867042,-0.15152657,-0.14228758,-0.11573005,-0.10065024,-0.09115198,-0.10593754,-0.12064579,-0.13487026,-0.15027548,-0.15977518,-0.1185138,-0.11129953,-0.1578567,-0.17738779,-0.13370982,-0.16293871,-0.25953975,-0.14821859,-0.13249603,-0.14148381,-0.15095688,-0.17780018,-0.16268753,-0.22917573,-0.09015879,-0.1103383,-0.1345897,-0.12972912,-0.13997786,-0.17286809,-0.13908121,-0.16057305,-0.12777606,-0.07092635,-0.03704006,-0.1369273,-0.16152191,-0.17796355,-0.14332479,-0.12334781,-0.13558424,-0.12023825,-0.13820675,-0.25318068,-0.26654312,-0.08433513,-0.10945694,-0.14434852,-0.09238048,-0.18666138,-0.18922529,-0.15261808,-0.09096198,-0.13230102,-0.14908692,-0.1499052,-0.15841119,-0.16975705,-0.1828698,-0.08859448,-0.12388553,-0.14087462,-0.10256614,-0.17951453,-0.19495486,-0.19014192,-0.1006403,-0.13113372,-0.08073546,-0.12782443,-0.19006202,-0.19222966,-0.19054809,-0.12352132,-0.07636592,-0.097769916,-0.11867122,-0.13645044,-0.12406494,-0.121451,-0.09517748,-0.09726296,-0.10891423,-0.082459606,-0.11328842,-0.13232552,-0.16641483,-0.1410757,-0.13602716,-0.18093297,-0.17825818,-0.19306776,-0.14439145,-0.15549555,-0.13531141,-0.119081676,-0.14001076,-0.19117098,-0.19001654,-0.18031453,-0.19755594,-0.25103784,-0.20219928,-0.18886086,-0.18983164,-0.18154785,-0.1729222,-0.27554205,-0.08916744,-0.11956477,-0.12774976,-0.15751183,-0.20931396,-0.18224281,-0.29657933,-0.32474133,-0.15199354,-0.3242122,-0.17325558,-0.17108874,-0.2185038,-0.17647925,-0.114121355,-0.13959649,-0.15388772,-0.15788373,-0.22984435,-0.18186735,-0.25446346,-0.1048283,-0.12455491,-0.13833603,-0.12421971,-0.15189947,-0.1547584,-0.15572822,-0.14014931,-0.15141064,-0.16253152,-0.1546497,-0.15307201,-0.15257582,-0.13384843,-0.12306849,-0.1458471,-0.18931775,-0.17611992,-0.21025829,2.6261764,-0.20186183,-0.113719955,-0.1296617,-0.11883342,-0.14757828,-0.16636807,-0.1856569,-0.19036198,-0.1313949,-0.07772735,-0.15265281,-0.13948411,-0.14106366,-0.118018195,-0.19987361,-0.1649412,-0.15788235,-0.14126816,-0.12376237,-0.12722544,-0.14610182,-0.2588673,-0.107566476,-0.13074079,-0.09132757,-0.12832497,-0.12920062,-0.1493384,-0.15144005,-0.096896246,-0.08910369,-0.12443371,-0.110847175,-0.13763337,-0.1503586,-0.16962692,-0.14262444,-0.11651084,-0.17310423,-0.15143618,-0.14216071,-0.12554449,-0.14163621,-0.17466888,-0.13176009,-0.13215134,-0.14554602,-0.12311372,-0.08722703,-0.05825615,-0.14322183,-0.17082691,-0.026243303,-0.16535197,0.65339524,2.3678734,-0.19738728,-0.14531642,-0.14331596,-0.14862512,-0.12963767,-0.25088155,-0.19270068,-0.18744592,-0.09527843,-0.10967088,-0.10702289,-0.09470681,1.3206942,-0.15240133,-0.15746465,-0.16632663,-0.12812386,-0.0969081,-0.16398169,-0.14344023,-0.11335766,-0.18846886,-0.1706479,-0.15333925,-0.12586854,-0.115196005,-0.1132143,-0.11662802,-0.17525531,-0.138289,-0.13439927,-0.096878245,-0.12136452,-0.09245137,-0.12434345,-0.13569076,-0.063823454,-0.13877153,-0.11419349,-0.13362692,-0.24483351,-0.2571875,-0.29957527,-0.14581758,-0.15630925,-0.13215071,-0.19104545,-0.0782174,-0.17163463,-0.1636754,-0.09859173,-0.11065883,-0.114873685,-0.076612435,-0.083404,-0.1213824,-0.13072303,-0.13855581,-0.19385117,-0.09970425,-0.15492448,-0.19487974,-0.18980679,-0.18586472,-0.11147704,-0.14283767,-0.10352361,-0.1587128,-0.19279557,-0.172151,-0.16810456,-0.14250186,-0.14228068,-0.102130294,-0.15280978,-0.16089076,-0.17989543,-0.19382854,-0.12135398,-0.14707372,-0.113929614,-0.08096145,-0.14255348,-0.20725825,-0.16005322,-0.125103,-0.15657571,-0.15690626,-0.14322096,-0.19202894,-0.16179228,-0.18106672,-0.2963242,-0.19637525,-0.18022604,-0.17089388,-0.19185132,-0.15700805,-0.14054683,-0.13023841,-0.12557748,-0.13809496,-0.16215307,-0.30584824,-0.16607192,-0.18035726,-0.19137394,-0.11441202,-0.15025291,-0.14025879,-0.17698732,-0.16620016,-0.16383354,-0.14331086,-0.18237996,-0.1280492,-0.15284897,-0.13712622,-0.24156228,-0.17835021,-0.10363116,-0.13504171,-0.1417993,-0.17361876,-0.11057219,-0.1344501,-0.1518592,-0.15934306,-0.1807743,-0.15384167,-0.14869821,-0.19184028,-0.17438734,-0.16357255,-0.14723541,-0.14623587,-0.11499533,-0.10471026,-0.13487397,-0.20148799,-0.17609923,-0.12513243,-0.1648327,-0.18041904,-0.18738703,-0.11705899,-0.17586759,-0.2569958,-0.09318968,-0.092951834,-0.11493233,-0.13592368,-0.147689,-0.099018365,-0.18784343
k__Bacteria|p__Firmicutes|c__Bacilli|o__Lactobacillales|f__Lactobacillaceae|g__GGB4585|s__GGB4585_SGB4995,-0.1004395,-0.12316422,-0.14132622,-0.20428483,-0.16683313,-0.19355573,-0.1666669,-0.14549318,-0.12495671,-0.18373348,-0.18296742,-0.22467855,-0.16877231,-0.2058757,-0.10342257,-0.099627085,-0.058144663,-0.10035357,-0.10785408,-0.1710459,3.171871,-0.12536043,-0.13655166,-0.15280175,-0.17160639,-0.11658599,-0.1674195,-0.17445374,-0.1509206,-0.12124001,-0.13530527,-0.105572104,-0.1483883,-0.19546416,-0.18925168,-0.2175087,-0.160676,-0.22338755,-0.196992,-0.29867563,-0.29210672,-0.19845754,-0.10773261,-0.09162698,-0.13691942,-0.15497229,-0.23188588,-0.19362906,-0.14671262,-0.2026537,-0.18353736,-0.18279888,-0.19683139,-0.19780798,-0.20272243,-0.15855885,-0.12598817,-0.14410622,-0.09271808,-0.0958771,-0.17144196,-0.14280544,-0.13743341,-0.1471788,-0.12719077,-0.15150921,-0.2613474,-0.22333384,-0.18916798,-0.20047067,-0.14615396,-0.14944047,-0.13082543,-0.14283219,-0.1513413,-0.1645059,-0.1470636,-0.16278498,-0.1593292,-0.14998752,-0.1472877,-0.15703021,-0.15340525,-0.22480208,-0.120334074,-0.14172956,-0.11841808,-0.16144554,-0.17433073,-0.15558624,-0.16824526,-0.11139822,-0.1388583,-0.13027036,-0.12890384,-0.15152657,-0.14251094,-0.11575149,-0.10065024,-0.090529226,-0.10578402,-0.12085229,-0.1352564,-0.15027548,-0.16065273,-0.1185138,-0.11129953,-0.1578567,-0.17738779,-0.13424812,-0.1634073,-0.25953975,-0.14881323,-0.13256177,-0.14159462,-0.15095688,-0.17780018,-0.16358529,-0.22917573,-0.09015879,-0.11028545,-0.13491835,-0.12976308,-0.13997786,-0.17364249,-0.13908121,-0.16057305,-0.12777606,-0.07092635,-0.03704006,-0.1371684,-0.16234773,-0.17905469,-0.14332479,-0.12334781,-0.13597909,-0.12023825,-0.1383526,-0.25318068,-0.26654312,-0.08389923,-0.10945694,-0.1449588,-0.09238048,-0.18769939,-0.1899867,-0.15263301,-0.0906144,-0.13230102,-0.14962347,-0.1503653,-0.15908015,-0.17051992,-0.18416272,-0.08804094,-0.12422563,-0.14189255,-0.10256614,-0.17951453,-0.19495486,-0.19138837,-0.100351915,-0.13113372,-0.07980143,-0.12794206,-0.19006202,-0.19324951,-0.1916701,-0.12416215,-0.07564804,-0.097516514,-0.118571416,-0.13668478,-0.12406494,-0.121451,-0.094886184,-0.09687558,-0.10882206,-0.082459606,-0.11307756,-0.13254963,-0.16759005,-0.1410757,-0.13622251,-0.18093297,-0.17825818,-0.19394307,-0.14472134,-0.15549555,-0.1357623,-0.119081676,-0.14001076,-0.19117098,-0.19108897,-0.1813494,-0.19755594,-0.25103784,-0.20219928,-0.18982735,-0.19058624,-0.18231964,-0.17357442,-0.27554205,-0.08916744,-0.11956477,-0.12778428,-0.15751183,-0.20931396,-0.18224281,-0.29657933,-0.32474133,-0.15160835,-0.3242122,-0.17325558,-0.17108874,-0.2185038,-0.17647925,-0.114121355,-0.13973568,-0.15388772,-0.15788373,-0.22984435,-0.18186735,-0.25498754,-0.10464716,-0.12455491,-0.1386354,-0.12429666,-0.15189947,-0.15541853,-0.1566315,-0.14014931,-0.15141064,-0.16346294,-0.15525511,-0.15375368,-0.15308484,-0.13394114,-0.123054475,-0.14622574,-0.1903798,-0.17693731,-0.21025829,6.706453,-0.20211777,-0.11379807,-0.1296617,-0.11890547,-0.14791024,-0.16636807,-0.18714936,-0.19159265,-0.13182294,-0.07679571,-0.15340191,-0.13981257,-0.14106366,-0.11865857,-0.19987361,-0.1649412,-0.15850109,-0.14154997,-0.123673886,-0.12722544,-0.14610182,-0.2588673,-0.10755265,-0.13074079,-0.09132757,-0.12832497,-0.12940943,-0.14976439,-0.15224653,-0.09671384,-0.08910369,-0.12461087,-0.11065431,-0.13803989,-0.15082997,-0.17061749,-0.1431202,-0.11639716,-0.17427371,-0.15188408,-0.14258304,-0.1253204,-0.14248452,-0.17466888,-0.13176009,-0.13239595,-0.14596021,-0.12310891,-0.08722703,-0.05825615,-0.14368811,-0.17082691,-0.026243303,-0.16695915,-0.2829064,-0.31316653,-0.19800064,-0.14588036,-0.14331596,-0.14862512,-0.12963767,-0.25088155,-0.19377744,-0.18875386,-0.09472543,-0.109736755,-0.10702289,-0.09421787,-0.12759323,-0.15304276,-0.15746465,-0.1671676,-0.12812386,-0.0969081,-0.16398169,-0.14420667,-0.11335766,-0.18846886,-0.1706479,-0.15391089,-0.12599047,-0.115196005,-0.11315061,-0.11662802,-0.17652181,-0.13869348,-0.13470705,-0.096878245,-0.12129768,-0.09207915,-0.12434345,-0.13620412,-0.063823454,-0.13877153,-0.11419349,-0.13382778,-0.24483351,-0.2571875,-0.29957527,-0.14643705,-0.15687236,-0.13223228,-0.19104545,-0.0782174,-0.17255041,-0.16436745,-0.09859173,-0.11065883,-0.115082055,-0.076612435,-0.083404,-0.1213824,-0.13072303,-0.13855581,-0.19385117,-0.099423535,-0.15585105,-0.19487974,-0.19080222,-0.18683706,-0.11148555,-0.14323638,-0.103386775,-0.15977278,-0.19394144,-0.17362052,-0.16886777,-0.14296913,-0.14273775,-0.10170569,-0.15337303,-0.16158645,-0.18075714,-0.1948536,-0.121503904,-0.14776964,-0.11414783,-0.08042695,-0.14296597,-0.20725825,-0.16101743,-0.125103,-0.15657571,-0.15690626,-0.143813,-0.19202894,-0.1625734,-0.18220773,-0.2963242,-0.19661474,-0.18038625,-0.17125447,-0.19259214,-0.15725043,-0.14054683,-0.13052934,-0.12557748,-0.13856715,-0.16320299,-0.30584824,-0.1664614,-0.18107672,-0.19238023,-0.11441202,-0.15075985,-0.14069356,-0.17810757,-0.1668438,-0.1648041,-0.14331086,-0.18237996,-0.12829155,-0.1535417,-0.13705614,-0.24156228,-0.1793802,-0.10347742,-0.1352646,-0.14211646,-0.17476599,-0.11038607,-0.13460581,-0.15261568,-0.16038808,-0.18150689,-0.15455365,-0.14930946,-0.19184028,-0.17530313,-0.16453063,-0.14723541,-0.14623587,-0.11499533,-0.10471026,-0.13515344,-0.20148799,-0.17730257,-0.12513243,-0.166143,-0.18041904,-0.18738703,-0.11705899,-0.17700917,-0.25801116,-0.092902586,-0.09258571,-0.11487408,-0.13618605,-0.14814094,-0.09849407,-0.18920115
k__Bacteria|p__Firmicutes|c__Bacilli|o__Lactobacillales|f__Enterococcaceae|g__Enterococcus|s__Enterococcus_canintestini,-0.1004395,-0.12316422,-0.141981,-0.20428483,-0.16740271,-0.19255824,-0.1666669,-0.14516996,-0.12500176,-0.18328677,-0.18317088,-0.22862121,-0.16776352,-0.20679213,-0.10330352,-0.09982851,-0.058144663,-0.09995656,-0.108163506,-0.17020556,-0.1978925,-0.12536043,-0.13610116,-0.15185764,-0.17119579,-0.11658599,-0.1671264,-0.17316401,-0.1509206,-0.12124001,-0.1350451,-0.106298566,-0.14823276,-0.19576728,-0.18847746,-0.2175087,-0.16103186,-0.22338755,-0.19732806,-0.29867563,-0.29210672,-0.19749406,-0.10737551,-0.09162698,-0.13691942,-0.15516774,-0.23188588,-0.19343781,-0.14618428,-0.2026537,-0.18427247,-0.18279888,-0.19762549,-0.19801852,-0.20360908,-0.15657787,-0.1257595,-0.14362016,-0.092081994,-0.09597455,-0.17094906,-0.14177927,-0.13743341,-0.14681855,-0.12719077,-0.15100147,-0.2613474,-0.22333384,-0.18855952,-0.20047067,-0.14544886,-0.14904352,-0.13080029,-0.14272857,-0.15009645,-0.16362399,-0.14590335,-0.16278498,-0.1596101,-0.14998752,-0.1470244,-0.15713234,-0.15274447,-0.22480208,-0.120334074,-0.14138868,-0.11852963,-0.16055511,-0.17364228,-0.15546294,-0.16753422,-0.11139822,-0.1388583,-0.13027036,-0.12839065,-0.15152657,-0.14224452,-0.11531407,-0.10065024,-0.09102535,-0.10568632,-0.1205913,-0.1350326,-0.15027548,-0.15992746,-0.1185138,-0.11129953,-0.1578567,-0.17738779,-0.13303396,-0.16379556,3.4162142,-0.1486101,-0.13280675,-0.14178914,-0.15095688,-0.17780018,-0.16357234,4.783785,-0.09015879,-0.11031832,-0.13476838,-0.12965092,-0.13997786,-0.1735882,-0.13908121,-0.16057305,1.2963749,-0.07092635,-0.03704006,-0.13752739,-0.16166028,-0.17827684,-0.14332479,-0.12334781,-0.13574798,-0.12023825,-0.13829213,-0.25318068,-0.26654312,-0.083879605,-0.10945694,-0.14396401,-0.09238048,-0.187359,-0.19029233,-0.15304764,-0.09065365,-0.13230102,-0.14944257,-0.15027088,-0.15875387,-0.17021498,-0.18267211,-0.088397905,-0.12360195,-0.14130214,-0.10256614,-0.17951453,-0.19495486,-0.1903044,-0.100287825,-0.13113372,-0.08011171,-0.12791008,-0.19006202,-0.19303146,-0.19117104,-0.123135805,-0.07594882,-0.09740512,-0.11880433,-0.13657086,-0.12406494,-0.121451,-0.09483568,-0.09711738,-0.10866103,-0.082459606,-0.113058895,-0.13220653,-0.16656381,-0.1410757,-0.136516,-0.18093297,-0.17825818,-0.19392218,-0.14454097,-0.15549555,-0.13517112,-0.119081676,-0.14001076,-0.19117098,-0.19129619,-0.18107003,-0.19755594,-0.25103784,-0.20219928,-0.18957928,-0.19108568,-0.1821816,-0.17396513,-0.27554205,-0.08916744,-0.11956477,-0.12818044,3.9786398,5.821505,2.3769855,5.9127364,-0.32474133,-0.1524788,-0.3242122,-0.17325558,-0.17108874,-0.2185038,-0.17647925,-0.114121355,-0.1401542,-0.15388772,-0.15788373,-0.22984435,-0.18186735,-0.25784582,-0.1046498,-0.12455491,-0.13848865,-0.124114014,-0.15189947,-0.15469107,-0.15557587,-0.14014931,-0.15141064,-0.16251154,-0.15519893,-0.15315337,-0.15300906,-0.13393779,-0.123105615,-0.14616278,-0.18974084,-0.17658517,-0.21025829,-0.3990198,-0.2010246,-0.1135869,-0.1296617,-0.11859492,-0.14772408,-0.16636807,-0.18590342,-0.19110557,-0.13163182,-0.07708775,-0.15260427,-0.13984114,-0.14106366,-0.117551535,-0.19987361,-0.1649412,-0.15874259,-0.14137977,-0.12372951,-0.12722544,-0.14610182,-0.2588673,-0.107487895,-0.13074079,-0.09132757,-0.12832497,-0.12896287,-0.14972362,-0.1512599,-0.096519545,-0.08910369,-0.124255076,-0.11090882,-0.13778241,-0.15068454,-0.16971095,-0.14274484,-0.116400704,-0.17361401,-0.1516618,-0.14216833,-0.12577976,-0.14119026,-0.17466888,-0.13176009,-0.13193569,-0.14565954,-0.122881405,-0.08722703,-0.05825615,-0.143356,-0.17082691,-0.026243303,-0.1665471,-0.2829064,-0.31316653,-0.19683482,-0.14549772,-0.14331596,-0.14862512,-0.12963767,-0.25088155,-0.19352037,-0.18765819,-0.09484341,-0.10938409,-0.10702289,-0.093644805,-0.12759323,-0.15257674,-0.15746465,-0.1668377,-0.12812386,-0.0969081,-0.16398169,-0.14317358,-0.11335766,-0.18846886,-0.1706479,-0.15374835,-0.12551424,-0.115196005,-0.11281489,-0.11662802,-0.1753483,-0.13830942,-0.13433194,-0.096878245,-0.12125518,-0.09199917,-0.12434345,-0.1355092,-0.063823454,-0.13877153,-0.11419349,-0.13397054,-0.24483351,-0.2571875,-0.29957527,-0.14610758,-0.15658447,-0.13203822,-0.19104545,-0.0782174,-0.17171514,-0.16398303,-0.09859173,-0.11065883,-0.11439788,-0.076612435,-0.083404,-0.1213824,-0.13072303,-0.13855581,-0.19385117,-0.099154554,-0.15534449,-0.19487974,-0.1907114,-0.18627279,-0.111300826,-0.14313999,-0.10280531,-0.15876243,-0.19369125,-0.17161712,-0.16900688,-0.14277132,-0.14242363,-0.10230003,-0.15305832,-0.16147298,-0.18069781,-0.1948461,-0.12116809,-0.14709066,-0.11383146,-0.08029485,-0.1427633,-0.20725825,-0.16051659,-0.125103,-0.15657571,-0.15690626,-0.14359954,-0.19202894,-0.16222829,-0.18110824,-0.2963242,-0.19885896,-0.18088478,-0.17226925,-0.19309175,-0.15754668,-0.14054683,-0.1303198,-0.12557748,-0.13810843,-0.16328129,-0.30584824,-0.16627562,-0.1807448,-0.19248757,5.3683863,-0.15030658,-0.14076486,-0.17756271,-0.16653904,-0.16401465,-0.14331086,-0.18237996,-0.12828581,-0.15314072,-0.13736865,-0.24156228,-0.17955005,-0.10344078,-0.13540828,-0.1415998,-0.17404824,-0.11047734,-0.1345011,-0.15165454,-0.15981333,-0.18185598,-0.15336284,-0.14890715,-0.19184028,-0.17506984,-0.16327477,-0.14723541,-0.14623587,-0.11499533,-0.10471026,-0.13488871,-0.20148799,-0.1764358,-0.12513243,-0.16615713,-0.18041904,-0.18738703,-0.11705899,-0.1749338,-0.2601267,-0.092859976,-0.09251591,-0.11506422,-0.13589132,-0.14786361,-0.098820046,-0.18835327
k__Bacteria|p__Firmicutes|c__Negativicutes|o__Veillonellales|f__Veillonellaceae|g__Dialister|s__Dialister_pneumosintes,-0.1004395,-0.12316422,-0.14071427,-0.20428483,-0.16636851,-0.19298771,-0.1666669,-0.14558157,-0.12551056,-0.18448344,-0.18263982,-0.20821604,-0.16937453,-0.19758683,-0.10313146,-0.09796647,-0.058144663,-0.100423545,-0.10762206,-0.17128214,-0.1978925,-0.12536043,-0.13724281,-0.1534862,-0.1712352,-0.11658599,-0.16837761,-0.1749031,-0.1509206,-0.12124001,-0.13583194,-0.105040565,-0.1485807,-0.19395138,-0.18902102,-0.2175087,-0.16007723,-0.22338755,-0.19470191,-0.29867563,-0.29210672,-0.19636625,-0.10737365,-0.09162698,-0.13691942,-0.15484443,-0.23188588,-0.19307801,-0.14690772,-0.2026537,-0.18381855,-0.18279888,-0.19493109,-0.19485873,-0.1976509,-0.1593566,-0.12599683,-0.14400873,-0.09340638,-0.09582922,-0.17186174,-0.14355887,-0.13743341,-0.14721358,-0.12719077,-0.15168235,-0.2613474,-0.22333384,-0.18852249,-0.20047067,-0.14632922,-0.14974353,-0.13052753,-0.14274019,-0.15195003,-0.16496767,-0.14780873,-0.16278498,-0.15898737,-0.14998752,-0.14803696,-0.15678243,-0.1539375,4.00661,-0.120334074,-0.1419284,-0.118511215,-0.16199665,-0.17446911,-0.15534899,-0.16883665,-0.11139822,-0.1388583,-0.13027036,-0.12965873,-0.15152657,-0.14404492,-0.11642584,-0.10065024,-0.090596005,-0.10585335,-0.12070829,-0.13530493,-0.15027548,-0.16119736,-0.1185138,-0.11129953,-0.1578567,-0.17738779,-0.13370825,-0.16308728,1.6736817,-0.1489162,-0.1325151,-0.14118819,-0.15095688,-0.17780018,-0.16273169,-0.22917573,-0.09015879,-0.11092347,-0.13504246,-0.12978184,-0.13997786,-0.17347932,-0.13908121,-0.16057305,-0.12777606,-0.07092635,-0.03704006,-0.13702363,-0.16280986,-0.17935285,-0.14332479,-0.12334781,-0.13635471,-0.12023825,-0.13867107,-0.25318068,-0.26654312,-0.08406226,-0.10945694,-0.14533997,-0.09238048,-0.1879044,-0.18944655,-0.15266958,-0.090653256,-0.13230102,-0.14989203,-0.1503869,-0.15906149,-0.17060232,-0.18473193,-0.087819435,-0.124023214,-0.14095175,-0.10256614,-0.17951453,-0.19495486,-0.19089158,-0.10065237,-0.13113372,-0.07879459,-0.12799487,-0.19006202,-0.19265364,-0.19110018,-0.12452457,-0.07570426,-0.097216696,-0.11818758,-0.13687341,-0.12406494,-0.121451,-0.0944949,-0.096467935,-0.108744815,-0.082459606,-0.11304208,-0.13304442,-0.16782725,-0.1410757,-0.13649294,-0.18093297,-0.17825818,-0.19265151,-0.14460641,-0.15549555,-0.13578375,-0.119081676,-0.14001076,-0.19117098,-0.18940054,-0.1807982,-0.19755594,-0.25103784,-0.20219928,-0.19036677,-0.19028954,-0.1822206,-0.1728429,-0.27554205,-0.08916744,-0.11956477,-0.1283385,-0.15751183,-0.20931396,-0.18224281,-0.29657933,-0.32474133,-0.1512909,-0.3242122,-0.17325558,-0.17108874,-0.2185038,-0.17647925,-0.114121355,-0.13988559,-0.15388772,-0.15788373,-0.22984435,-0.18186735,-0.24465941,-0.10455078,-0.12455491,-0.13916634,-0.12485699,-0.15189947,-0.15598089,-0.1572414,-0.14014931,-0.15141064,-0.16413945,-0.15545626,-0.15406133,-0.15285118,-0.13373658,-0.123663634,-0.14694642,-0.1908504,-0.17676702,-0.21025829,-0.3990198,-0.1984877,-0.11380449,-0.1296617,-0.11859744,-0.1485894,-0.16636807,-0.18746719,-0.19132243,-0.13190328,-0.077137604,-0.15370794,-0.14003575,-0.14106366,-0.119673446,-0.19987361,-0.1649412,-0.15857549,-0.14109896,-0.123832345,-0.12722544,-0.14610182,2.497822,-0.10737314,-0.13074079,-0.09132757,-0.12832497,-0.13021702,-0.15041427,-0.15290596,-0.096698694,-0.08910369,-0.1247354,-0.110713415,-0.13805428,-0.15122566,-0.17058602,-0.14341739,-0.11728087,-0.17419276,-0.15237969,-0.14292482,-0.12509441,-0.14336324,-0.17466888,-0.13176009,-0.13275443,-0.14612946,-0.12315863,-0.08722703,-0.05825615,-0.14391997,-0.17082691,-0.026243303,-0.16512956,-0.2829064,-0.31316653,-0.1961123,-0.14605269,-0.14331596,-0.14862512,-0.12963767,-0.25088155,-0.19243705,-0.18867287,-0.09530987,-0.10975325,-0.10702289,-0.0943865,-0.12759323,-0.15345004,-0.15746465,-0.16698101,-0.12812386,-0.0969081,-0.16398169,-0.1448726,-0.11335766,-0.18846886,-0.1706479,-0.15390672,-0.12628722,-0.115196005,-0.113171384,-0.11662802,-0.17676666,-0.13886786,-0.13459069,-0.096878245,-0.12088901,-0.09245938,-0.12434345,-0.13727649,-0.063823454,-0.13877153,-0.11419349,-0.13384989,-0.24483351,-0.2571875,-0.29957527,-0.1462006,-0.15692855,-0.13242774,-0.19104545,-0.0782174,-0.17194197,-0.16461521,-0.09859173,-0.11065883,-0.11626166,-0.076612435,-0.083404,-0.1213824,-0.13072303,-0.13855581,-0.19385117,-0.09907528,-0.15583271,-0.19487974,-0.19069308,-0.18650332,-0.11179698,-0.14325038,-0.10403654,-0.1602163,-0.19308096,-0.17343178,-0.1687792,-0.14299893,-0.14245136,-0.10129832,-0.15356456,-0.16170684,-0.18054777,-0.19365346,-0.12180662,-0.14795989,-0.114538595,-0.08092301,-0.14273101,2.4129057,-0.16102482,-0.125103,-0.15657571,-0.15690626,-0.14356898,-0.19202894,-0.16285352,-0.18284753,-0.2963242,-0.1923834,-0.18023615,-0.17096409,-0.19136669,-0.15696073,-0.14054683,-0.13052915,-0.12557748,-0.13862532,-0.1619159,-0.30584824,-0.16694961,-0.18127649,-0.1921131,-0.11441202,-0.15134534,-0.14062786,-0.178032,-0.16702986,-0.16500255,-0.14331086,-0.18237996,-0.12811477,-0.15336454,-0.13649473,-0.24156228,-0.17882223,-0.10350344,-0.13540654,-0.14258295,-0.17473829,-0.11068766,-0.13493022,-0.15350346,-0.16000432,-0.1813072,-0.1549001,-0.14936903,-0.19184028,-0.17522386,-0.16536114,-0.14723541,-0.14623587,-0.11499533,-0.10471026,-0.13535121,-0.20148799,-0.17756028,-0.12513243,-0.1653561,-0.18041904,-0.18738703,-0.11705899,-0.17799096,-0.25357008,-0.09270054,-0.0927352,-0.11476384,-0.1362388,-0.14794682,-0.09857015,-0.18918571
k__Bacteria|p__Firmicutes|c__Clostridia|o__Eubacteriales|f__Lachnospiraceae|g__Anaerobutyricum|s__Anaerobutyricum_soehngenii,-0.1004395,-0.12316422,-0.14218655,-0.20428483,-0.16727163,-0.1935118,-0.1666669,-0.14524803,-0.12547064,-0.18368779,-0.1834313,-0.22448966,-0.16954486,-0.20418835,-0.10334526,-0.09942303,-0.058144663,-0.099727094,-0.108118564,-0.17098522,-0.1978925,-0.12536043,-0.13643786,-0.15232334,-0.17159921,-0.11658599,-0.16769801,-0.17384009,-0.1509206,-0.12124001,-0.13536382,-0.106104225,-0.14860617,-0.19578665,-0.18915328,-0.2175087,-0.16124369,-0.22338755,-0.19738,-0.29867563,-0.29210672,-0.1980586,-0.10732763,-0.09162698,-0.13691942,-0.15536845,-0.23188588,-0.1939268,-0.14667396,-0.2026537,-0.18432462,-0.18279888,-0.1973653,-0.1982897,-0.20307928,-0.15741989,-0.1259065,-0.14386818,-0.0923523,-0.09592972,-0.17131943,-0.14242506,-0.13743341,-0.14709404,-0.12719077,-0.15165204,-0.2613474,-0.22333384,-0.1889223,-0.20047067,-0.14570226,-0.14935084,-0.13092765,-0.14289226,-0.15055028,-0.16391204,-0.14659801,-0.16278498,-0.15967417,-0.14998752,-0.14738512,-0.15735754,-0.15336832,-0.22480208,-0.120334074,-0.14172377,-0.11864021,-0.16093844,-0.17402686,-0.15596369,-0.16822407,-0.11139822,-0.1388583,-0.13027036,-0.12881514,-0.15152657,-0.14290026,-0.11563945,-0.10065024,-0.09085125,-0.105685025,-0.12064576,-0.13519657,-0.15027548,-0.16039886,-0.1185138,-0.11129953,-0.1578567,-0.17738779,-0.13352093,-0.16447887,5.7861357,-0.14892808,-0.13298285,-0.14191245,-0.15095688,-0.17780018,-0.16404334,-0.22917573,-0.09015879,-0.110512,-0.1349921,-0.12981986,-0.13997786,-0.1740056,-0.13908121,-0.16057305,-0.12777606,-0.07092635,-0.03704006,-0.13748911,-0.16222624,-0.17888606,-0.14332479,-0.12334781,-0.13606213,-0.12023825,-0.13847238,-0.25318068,-0.26654312,-0.083776765,-0.10945694,-0.14443609,-0.09238048,-0.18798901,-0.19045128,-0.15329248,-0.09057517,-0.13230102,-0.14982346,-0.15054272,-0.15907867,-0.17067061,-0.18350099,-0.08826625,-0.12384599,-0.14117754,-0.10256614,-0.17951453,-0.19495486,-0.19098768,-0.10038602,-0.13113372,-0.079845384,-0.12822405,-0.19006202,-0.1933296,-0.19172555,-0.12344268,-0.075717375,-0.0973447,-0.118816815,-0.13676879,-0.12406494,-0.121451,-0.09472765,-0.09698962,-0.1087389,-0.082459606,-0.11309902,-0.1324898,-0.167049,-0.1410757,-0.1367611,-0.18093297,-0.17825818,-0.1942836,-0.1449473,-0.15549555,-0.13554685,-0.119081676,-0.14001076,-0.19117098,-0.19129707,-0.18157434,-0.19755594,-0.25103784,-0.20219928,-0.1903679,-0.191419,-0.18273239,-0.17428865,-0.27554205,-0.08916744,-0.11956477,-0.12842846,-0.15751183,-0.20931396,-0.18224281,-0.29657933,-0.32474133,-0.1544933,-0.3242122,-0.17325558,-0.17108874,-0.2185038,2.4020264,-0.114121355,-0.1403028,-0.15388772,-0.15788373,-0.22984435,-0.18186735,-0.25631514,-0.104642436,-0.12455491,-0.13876371,-0.12439205,-0.15189947,-0.15504828,-0.15608355,-0.14014931,-0.15141064,-0.16298312,-0.15549731,-0.15358557,-0.15336466,-0.13415557,-0.1233177,-0.1465857,-0.19016136,-0.17710692,3.2683437,-0.3990198,-0.20271873,-0.11367661,-0.1296617,-0.118607804,-0.14820325,-0.16636807,-0.18649994,-0.19174595,-0.1319482,-0.077019945,-0.15311454,-0.14007956,-0.14106366,-0.11818434,-0.19987361,-0.1649412,-0.15904534,-0.14178641,-0.12385766,-0.12722544,-0.14610182,-0.2588673,-0.107594654,-0.13074079,-0.09132757,-0.12832497,-0.12927063,-0.15006304,-0.15173864,-0.09648451,-0.08910369,-0.12450805,-0.11088455,-0.13810275,-0.15105715,-0.17031866,-0.1431064,-0.116731755,-0.17402644,-0.15210804,-0.14245361,-0.12576857,-0.14194337,-0.17466888,-0.13176009,-0.13241051,-0.14591414,-0.12307599,-0.08722703,-0.05825615,-0.14370292,-0.17082691,-0.026243303,-0.16710006,-0.2829064,-0.31316653,-0.19831577,-0.14580733,-0.14331596,-0.14862512,-0.12963767,-0.25088155,-0.1937862,-0.18845099,-0.09495998,-0.10944817,-0.10702289,-0.09375885,-0.12759323,-0.15326424,-0.15746465,-0.16712293,-0.12812386,-0.0969081,-0.16398169,-0.14356062,-0.11335766,-0.18846886,-0.1706479,-0.15407404,-0.12586218,-0.115196005,-0.11307426,-0.11662802,-0.1759421,-0.13856533,-0.13442102,-0.096878245,-0.12130073,-0.09197212,-0.12434345,-0.13599092,-0.063823454,-0.13877153,-0.11419349,-0.13411047,-0.24483351,-0.2571875,-0.29957527,-0.14633207,-0.15684812,-0.13240677,-0.19104545,-0.0782174,-0.17235199,-0.16436431,-0.09859173,-0.11065883,-0.11477359,-0.076612435,-0.083404,-0.1213824,-0.13072303,-0.13855581,-0.19385117,-0.099143304,-0.15593253,-0.19487974,-0.19129108,-0.18693784,-0.11147679,-0.14324144,-0.10309999,-0.1591402,-0.19418272,-0.17248781,-0.16937014,-0.14299758,-0.14260378,-0.102284014,-0.15349028,-0.16177218,-0.1812189,-0.19518617,-0.121388175,-0.14736968,-0.11410543,-0.08036344,-0.14333126,-0.20725825,-0.16090146,-0.125103,-0.15657571,-0.15690626,-0.14391768,-0.19202894,-0.16278446,-0.18188944,-0.2963242,-0.19873917,-0.18150556,-0.17215487,-0.19324043,-0.15785886,-0.14054683,-0.13053149,-0.12557748,-0.13855904,-0.1636684,-0.30584824,-0.16704163,-0.1810883,-0.19289781,-0.11441202,-0.15078424,-0.14089593,-0.17815386,-0.16699347,-0.16455215,-0.14331086,-0.18237996,-0.1286835,-0.15355408,-0.13786918,-0.24156228,-0.17984106,-0.10343736,-0.13560843,-0.14196485,-0.17440927,-0.11065096,-0.1348635,-0.15215778,-0.15992248,-0.18210167,-0.15399705,-0.14925519,-0.19184028,-0.1755772,-0.16394182,-0.14723541,-0.14623587,-0.11499533,-0.10471026,-0.13534644,-0.20148799,-0.17699486,-0.12513243,-0.16619186,-0.18041904,-0.18738703,-0.11705899,-0.17595454,-0.25940228,-0.092824444,-0.09249968,-0.11513111,-0.13615336,-0.14810348,-0.09887997,-0.18897942
k__Bacteria|p__Firmicutes|c__Clostridia|o__Eubacteriales|f__Lachnospiraceae|g__Mediterraneibacter|s__Mediterraneibacter_glycyrrhizinilyticus,-0.1004395,-0.12316422,-0.14096373,-0.20428483,-0.16550994,-0.19289926,-0.1666669,-0.1449802,-0.12498249,-0.18339896,-0.18278378,-0.22286077,-0.17107362,-0.20445368,-0.10357868,-0.099765584,-0.058144663,-0.10023284,-0.107592955,-0.17018354,1.9828995,-0.12536043,-0.13621843,-0.15209427,-0.1709659,-0.11658599,-0.16700032,-0.17372301,-0.1509206,-0.12124001,-0.13498336,-0.1057357,-0.14790383,-0.19513728,-0.18881074,-0.2175087,-0.15910825,-0.22338755,-0.19586,-0.29867563,-0.29210672,-0.1977908,-0.10769353,-0.09162698,-0.13691942,-0.15437819,-0.23188588,-0.19296765,-0.14658031,-0.2026537,-0.18215126,-0.18279888,-0.19585949,-0.1971933,-0.20206973,-0.15932724,-0.12567675,-0.14372216,-0.0925215,-0.09579751,-0.17076147,-0.14222789,-0.13743341,-0.14668381,-0.12719077,-0.15121374,-0.2613474,-0.22333384,-0.18775529,-0.20047067,-0.14562419,-0.14906271,-0.1305021,-0.14249405,-0.1508792,-0.16367137,-0.14655638,-0.16278498,-0.15860002,-0.14998752,-0.1467931,-0.15643981,-0.15292256,3.6223044,-0.120334074,-0.14135437,-0.11814125,-0.1607543,-0.17348501,-0.15491922,-0.16769889,-0.11139822,-0.1388583,-0.13027036,-0.12882215,-0.15152657,-0.14240593,-0.11593821,-0.10065024,-0.09086486,-0.10593301,-0.12064602,-0.13484642,-0.15027548,-0.16015828,-0.1185138,-0.11129953,-0.1578567,-0.17738779,-0.13392782,-0.16252433,-0.25953975,-0.14834908,-0.13237366,-0.14132264,-0.15095688,-0.17780018,-0.16274291,-0.22917573,-0.09015879,-0.110162325,-0.13447492,-0.12969542,-0.13997786,-0.17304641,-0.13908121,-0.16057305,-0.12777606,-0.07092635,-0.03704006,-0.13688648,-0.1617425,-0.17842576,-0.14332479,-0.12334781,-0.13589996,-0.12023825,-0.13805032,-0.25318068,-0.26654312,-0.08401357,-0.10945694,-0.1447401,-0.09238048,-0.1872074,-0.18928793,-0.15287733,-0.090657726,-0.13230102,-0.14917764,-0.14992845,-0.15852383,-0.16990177,-0.18349838,-0.088050105,-0.123993516,-0.14095548,-0.10256614,-0.17951453,-0.19495486,-0.19080475,-0.100421995,-0.13113372,-0.08006033,-0.12792563,-0.19006202,-0.19255137,-0.19100025,-0.123637885,-0.07589705,-0.09766814,-0.11859329,-0.13655119,-0.12406494,-0.121451,-0.09492322,-0.097220756,-0.10899379,-0.082459606,-0.11343637,-0.13257298,-0.16702697,-0.1410757,-0.13589045,-0.18093297,-0.17825818,-0.19337493,-0.14443046,-0.15549555,-0.1354036,-0.119081676,-0.14001076,-0.19117098,-0.19019274,-0.18040514,-0.19755594,-0.25103784,-0.20219928,-0.18920526,-0.189807,-0.18204854,-0.17295006,-0.27554205,-0.08916744,-0.11956477,-0.12768342,-0.15751183,-0.20931396,-0.18224281,-0.29657933,-0.32474133,-0.15238833,-0.3242122,-0.17325558,-0.17108874,-0.2185038,2.140077,-0.114121355,-0.13944131,-0.15388772,-0.15788373,3.3270144,1.1108837,-0.25574172,-0.10456237,-0.12455491,-0.13844417,-0.12422943,-0.15189947,-0.15487319,-0.15621793,-0.14014931,-0.15141064,-0.16272902,-0.15449724,-0.15317294,-0.15255979,-0.13413362,-0.1229275,-0.14604527,-0.18973091,-0.17636995,-0.21025829,0.78665304,-0.20438981,-0.11381913,-0.1296617,-0.1190035,-0.14768916,-0.16636807,-0.18638337,-0.19089879,-0.13135645,-0.07729543,-0.1529219,-0.13948491,-0.14106366,-0.11805842,-0.19987361,-0.1649412,-0.15779498,-0.14117964,-0.12375159,-0.12722544,-0.14610182,-0.2588673,-0.107397184,-0.13074079,-0.09132757,-0.12832497,-0.1292592,-0.14922392,-0.15186945,-0.096770704,-0.08910369,-0.124497175,-0.11058022,-0.13773705,-0.15037875,-0.17007893,-0.14263523,-0.11642924,-0.17344862,-0.15154117,-0.1422796,-0.12516415,-0.1424423,-0.17466888,-0.13176009,-0.13220169,-0.14566995,-0.12314099,-0.08722703,-0.05825615,-0.1432698,-0.17082691,-0.026243303,-0.16590372,-0.2829064,-0.31316653,-0.19852906,-0.14538547,-0.14331596,-0.14862512,-0.12963767,-0.25088155,-0.1930128,-0.18801549,-0.094838426,-0.10972603,-0.10702289,-0.09458339,-0.12759323,-0.15270394,-0.15746465,-0.16669369,-0.12812386,-0.0969081,-0.16398169,-0.14370042,-0.11335766,-0.18846886,-0.1706479,-0.15330267,-0.12577558,-0.115196005,-0.11317439,-0.11662802,-0.17616291,-0.13830742,-0.13453394,-0.096878245,-0.12142319,-0.09231571,-0.12434345,-0.13601923,-0.063823454,-0.13877153,-0.11419349,-0.13337561,-0.24483351,-0.2571875,-0.29957527,-0.14585358,-0.15640241,-0.13196614,-0.19104545,-0.0782174,-0.17209193,-0.16395864,-0.09859173,-0.11065883,-0.11499202,-0.076612435,-0.083404,-0.1213824,-0.13072303,-0.13855581,-0.19385117,-0.099158116,-0.15495244,-0.19487974,-0.19007255,-0.18631625,-0.11139105,-0.14286825,-0.10355884,-0.1590336,-0.1931954,-0.17302515,-0.16826868,-0.14251047,-0.14244395,-0.10162495,-0.1529596,-0.1611031,-0.18024758,-0.19447586,-0.12132554,-0.14744067,-0.1141596,-0.0808334,-0.14211404,-0.20725825,-0.16020097,-0.125103,-0.15657571,-0.15690626,-0.14334752,-0.19202894,-0.16176426,-0.18152958,-0.2963242,-0.19619271,-0.18055153,-0.17104486,-0.19200626,-0.15706636,-0.14054683,-0.13016722,-0.12557748,-0.13815609,-0.1620878,-0.30584824,-0.16571227,-0.18063976,-0.19181708,-0.11441202,-0.15037614,-0.1403369,-0.17722628,-0.16619864,-0.16437715,-0.14331086,-0.18237996,-0.12794387,-0.15290348,-0.13639168,-0.24156228,-0.17874421,-0.103423804,-0.13486236,-0.14188033,-0.17389065,-0.11037488,-0.13432476,-0.1523315,-0.15972295,-0.18083866,-0.15413874,-0.1485178,-0.19184028,-0.17425278,-0.16414821,-0.14723541,-0.14623587,-0.11499533,-0.10471026,-0.134864,-0.20148799,-0.17642343,-0.12513243,-0.16533259,-0.18041904,-0.18738703,-0.11705899,-0.1768135,-0.25823462,-0.09298722,-0.09284371,-0.11468876,-0.13610154,-0.1477706,-0.09866626,-0.18841732
k__Bacteria|p__Firmicutes|c__Clostridia|o__Eubacteriales|f__Lachnospiraceae|g__Lachnospiraceae_unclassified|s__Lachnospiraceae_bacterium_NSJ_12,-0.1004395,-0.12316422,-0.14145418,-0.20428483,-0.16627961,-0.19257508,-0.1666669,-0.1446757,-0.12446235,-0.18244255,-0.18217266,-0.23398855,-0.16877681,-0.20720148,-0.10360404,-0.10029432,-0.058144663,-0.09986909,-0.107852995,-0.1698611,-0.1978925,-0.12536043,-0.1357688,-0.15161291,-0.17099464,-0.11658599,-0.16602677,-0.17312106,-0.1509206,-0.12124001,-0.1344592,-0.10614571,-0.1475757,-0.19570792,-0.18838118,-0.2175087,-0.16038983,-0.22338755,-0.19704333,-0.29867563,-0.29210672,-0.19797704,-0.10752169,-0.09162698,-0.13691942,-0.15439722,-0.23188588,-0.19268346,-0.14624214,-0.2026537,-0.18267417,-0.18279888,-0.19720834,-0.19915453,-0.20588431,-0.15713271,-0.12566832,-0.1434825,-0.09224079,-0.09604122,-0.1702764,-0.14173259,-0.13743341,-0.1464976,-0.12719077,-0.15027994,-0.2613474,-0.22333384,-0.18789369,-0.20047067,-0.1453433,-0.14871489,-0.13069135,-0.14246026,-0.15033716,-0.16349469,-0.14609429,-0.16278498,-0.15870775,-0.14998752,-0.14637364,-0.15651211,-0.15245575,-0.22480208,-0.120334074,-0.14093292,-0.118274584,-0.16014074,-0.17339538,-0.15502152,-0.16716263,-0.11139822,-0.1388583,-0.13027036,-0.12818858,-0.15152657,-0.14141534,-0.11545546,-0.10065024,-0.09090566,-0.10570578,-0.12057242,-0.13468108,-0.15027548,-0.15957718,-0.1185138,-0.11129953,-0.1578567,-0.17738779,-0.13364388,-0.16336341,-0.25953975,-0.14813216,-0.13229503,-0.14145043,-0.15095688,-0.17780018,-0.16298983,-0.22917573,-0.09015879,-0.10971531,-0.13435349,-0.12963217,-0.13997786,-0.17280433,-0.13908121,-0.16057305,-0.12777606,-0.07092635,-0.03704006,-0.13662693,-0.16121416,-0.17791286,-0.14332479,-0.12334781,-0.13503933,-0.12023825,-0.13788718,-0.25318068,-0.26654312,-0.08385104,-0.10945694,-0.14395988,-0.09238048,-0.18626972,-0.18950754,-0.15241188,-0.09058301,-0.13230102,-0.14883938,-0.14981066,-0.1584279,-0.16979758,-0.1827565,-0.08828035,-0.123851106,-0.14105266,-0.10256614,-0.17951453,-0.19495486,-0.19069868,-0.1003502,-0.13113372,-0.08089396,-0.12776595,-0.19006202,-0.19271606,-0.19085045,-0.12323727,-0.07597785,-0.09752622,-0.11868577,-0.13614537,-0.12406494,-0.121451,-0.09506978,-0.09716828,-0.108548634,-0.082459606,-0.11296843,-0.13180615,-0.16631551,-0.1410757,-0.13587974,-0.18093297,3.096427,-0.19366756,-0.14432655,-0.15549555,-0.13531968,-0.119081676,-0.14001076,-0.19117098,-0.19076455,-0.18052757,-0.19755594,-0.25103784,-0.20219928,-0.18845607,-0.19001865,-0.18164077,-0.17303035,-0.27554205,-0.08916744,-0.11956477,-0.12715751,-0.15751183,-0.20931396,-0.18224281,-0.29657933,-0.32474133,-0.15010989,-0.3242122,-0.17325558,-0.17108874,-0.2185038,-0.17647925,-0.114121355,-0.13931362,-0.15388772,-0.15788373,-0.22984435,-0.18186735,-0.2606024,-0.10461894,-0.12455491,-0.13787124,-0.12387467,-0.15189947,-0.15433086,-0.15562797,-0.14014931,-0.15141064,-0.16234124,-0.15457758,-0.15286995,-0.15260096,-0.1338568,-0.12275194,-0.14553332,-0.18918379,-0.17648448,-0.21025829,1.7985836,-0.201989,-0.113484204,-0.1296617,-0.118733525,-0.14726818,-0.16636807,-0.18539317,-0.19070458,-0.13106357,-0.077180624,-0.15246265,-0.13921958,-0.14106366,-0.11767158,-0.19987361,-0.1649412,-0.15770003,-0.14117876,-0.12344752,-0.12722544,-0.14610182,-0.2588673,-0.1074103,-0.13074079,-0.09132757,-0.12832497,-0.12873694,-0.14887658,-0.1511682,-0.09663827,-0.08910369,-0.12407115,-0.11056363,-0.13736083,-0.15001327,-0.16971911,-0.14245465,-0.11582003,-0.17286158,-0.15113208,-0.14180213,-0.12540515,-0.14142984,-0.17466888,-0.13176009,-0.13177203,-0.14530304,-0.123072654,-0.08722703,-0.05825615,-0.14301232,-0.17082691,-0.026243303,-0.16579747,-0.2829064,-0.31316653,-0.19753073,-0.14520654,-0.14331596,-0.14862512,-0.12963767,-0.25088155,-0.19354357,-0.18766005,-0.094793946,-0.10939928,-0.10702289,-0.09443187,-0.12759323,-0.15198079,-0.15746465,-0.16664703,-0.12812386,-0.0969081,-0.16398169,-0.14302558,-0.11335766,-0.18846886,-0.1706479,-0.15334813,-0.1255355,-0.115196005,-0.1131082,-0.11662802,-0.17498088,-0.13823068,-0.13432568,-0.096878245,-0.12125777,-0.092023134,-0.12434345,-0.13502671,-0.063823454,-0.13877153,-0.11419349,-0.13335127,-0.24483351,-0.2571875,-0.29957527,-0.14587256,-0.15611142,-0.13203798,-0.19104545,-0.0782174,-0.17163613,-0.16359943,-0.09859173,-0.11065883,-0.11411677,-0.076612435,-0.083404,-0.1213824,-0.13072303,-0.13855581,-0.19385117,-0.09954746,-0.15494633,-0.19487974,-0.19002385,-0.18612963,-0.11122941,-0.14228874,-0.10306054,-0.15861586,-0.19355333,-0.17221254,-0.16827905,-0.14240602,-0.14230435,-0.102002904,-0.1525422,-0.16088018,-0.17991354,-0.19463174,-0.12108463,-0.14684309,-0.11348325,-0.08021339,-0.14278668,-0.20725825,-0.16013248,-0.125103,-0.15657571,-0.15690626,-0.14306435,-0.19202894,-0.16169219,-0.1808509,-0.2963242,-0.1979571,-0.18012527,-0.1708677,-0.19219601,-0.15703264,-0.14054683,-0.1300911,-0.12557748,-0.13786843,-0.16259852,-0.30584824,-0.16544622,-0.18036875,-0.19179747,-0.11441202,-0.14978305,-0.14010054,-0.17694515,-0.16617796,-0.16381043,-0.14331086,-0.18237996,-0.12807304,-0.15243447,-0.13760744,3.1057906,-0.17831056,-0.10345256,-0.13458584,-0.14156273,-0.17372146,-0.1101678,-0.13398485,-0.1516104,-0.15957597,-0.18071446,-0.1535586,-0.14873615,-0.19184028,-0.17442,-0.16329122,-0.14723541,1.0916721,-0.11499533,-0.10471026,-0.1345647,-0.20148799,-0.17617065,-0.12513243,-0.16440667,-0.18041904,-0.18738703,-0.11705899,-0.17550339,-0.2602532,-0.09300822,-0.092534184,-0.114670455,-0.13577989,-0.14763378,-0.09869175,-0.18790653
k__Bacteria|p__Firmicutes|c__Clostridia|o__Eubacteriales|f__Lachnospiraceae|g__Blautia|s__Blautia_obeum,-0.1004395,-0.12316422,-0.14135242,-0.20428483,-0.16698721,-0.19283,-0.1666669,-0.1452159,-0.12500766,-0.18343243,-0.18261775,-0.22447109,-0.16859686,-0.20417404,-0.10359138,-0.09959847,-0.058144663,-0.10026779,-0.10802001,-0.17043732,-0.1978925,-0.12536043,-0.13650349,-0.152446,-0.17121254,-0.11658599,-0.16741753,-0.17390984,-0.1509206,-0.12124001,-0.13524406,-0.10598704,-0.14819892,-0.19515026,-0.18876353,-0.2175087,-0.16060683,-0.22338755,-0.19634847,-0.29867563,-0.29210672,-0.19720459,-0.10760286,-0.09162698,-0.13691942,-0.15494412,-0.23188588,-0.19327934,-0.14668989,-0.2026537,-0.18382506,-0.18279888,-0.19659632,-0.19721715,-0.20226097,-0.15739512,-0.12595254,-0.14378491,-0.09271328,-0.09602337,-0.17112368,-0.14242989,-0.13743341,-0.14695704,-0.12719077,-0.15084347,-0.2613474,-0.22333384,-0.188382,-0.20047067,-0.14582011,-0.14930885,-0.13078722,-0.1426578,-0.15078093,-0.1641095,-0.14673069,-0.16278498,-0.1593367,-0.14998752,-0.14724885,-0.15689301,-0.15313989,-0.22480208,-0.120334074,-0.14146483,-0.11854185,-0.16092765,-0.17388974,-0.15542625,-0.16801716,-0.11139822,-0.1388583,-0.13027036,-0.12878607,-0.15152657,-0.14280081,-0.1159359,-0.10065024,-0.09095521,-0.10582272,-0.120656475,-0.13507271,-0.15027548,-0.16042095,-0.1185138,-0.11129953,-0.1578567,-0.17738779,-0.13348323,-0.16328937,-0.25953975,-0.14865269,-0.13268395,-0.14154169,-0.15095688,-0.17780018,-0.16311546,-0.22917573,-0.09015879,-0.11041556,-0.13478814,-0.1297959,-0.13997786,-0.1734273,-0.13908121,-0.16057305,-0.12777606,-0.07092635,-0.03704006,-0.13709605,-0.16199872,-0.17867106,-0.14332479,-0.12334781,-0.13577314,-0.12023825,-0.1383744,4.4500136,-0.26654312,-0.08420565,-0.10945694,-0.144481,-0.09238048,-0.18731391,-0.19003017,-0.15318166,-0.090887524,-0.13230102,-0.14945096,-0.15027428,-0.15887529,-0.17034459,-0.18347853,-0.088440046,-0.12391187,-0.1411435,-0.10256614,-0.17951453,-0.19495486,-0.19075903,-0.1006254,-0.13113372,-0.079974614,-0.1276894,-0.19006202,-0.19307569,-0.19123438,-0.12378591,-0.0762005,-0.09751148,-0.11857441,-0.13662091,-0.12406494,-0.121451,-0.09504216,-0.097037256,-0.10882102,-0.082459606,-0.1130485,-0.13239774,-0.1669836,-0.1410757,-0.13643938,-0.18093297,-0.17825818,-0.19356737,-0.14454582,-0.15549555,-0.13549478,-0.119081676,-0.14001076,-0.19117098,-0.19079497,-0.18104771,-0.19755594,-0.25103784,-0.20219928,-0.18986201,-0.19069973,-0.18216951,-0.17338914,-0.27554205,-0.08916744,-0.11956477,-0.12800172,-0.15751183,-0.20931396,-0.18224281,-0.29657933,-0.32474133,-0.15147166,-0.3242122,-0.17325558,-0.17108874,-0.2185038,3.7377968,-0.114121355,-0.13996176,-0.15388772,-0.15788373,-0.22984435,-0.18186735,-0.25436825,-0.10479065,-0.12455491,-0.13861477,-0.124397285,-0.15189947,-0.15513176,-0.15635045,-0.14014931,-0.15141064,-0.16308036,-0.1552103,-0.1534938,-0.15290585,-0.13405786,-0.123302676,-0.14620677,-0.19002803,-0.17685048,-0.21025829,-0.3990198,-0.20022872,-0.11375171,-0.1296617,-0.118610576,-0.14787593,-0.16636807,-0.18632407,-0.19116536,-0.13172868,-0.077319905,-0.15282676,-0.13983548,-0.14106366,-0.118365,-0.19987361,-0.1649412,-0.15855137,-0.14136276,-0.12378557,-0.12722544,-0.14610182,-0.2588673,-0.10756601,-0.13074079,-0.09132757,-0.12832497,-0.12945133,-0.14983907,-0.15202029,-0.0968439,-0.08910369,-0.12440763,-0.11083238,-0.13783509,-0.15074293,-0.17011341,-0.14299786,-0.11667873,-0.17356592,-0.15189391,-0.14245705,-0.12561561,-0.14207594,-0.17466888,-0.13176009,-0.13224582,-0.14572322,-0.12330978,-0.08722703,-0.05825615,-0.1435197,-0.17082691,-0.026243303,-0.16586071,5.690253,5.122462,-0.19686271,-0.14568603,-0.14331596,-0.14862512,-0.12963767,-0.25088155,-0.19347575,-0.18813461,-0.0952138,-0.10958728,-0.10702289,-0.09410183,-0.12759323,-0.15267074,-0.15746465,-0.16693185,-0.12812386,-0.0969081,-0.16398169,-0.14378056,-0.11335766,-0.18846886,-0.1706479,-0.15388077,-0.12598608,-0.115196005,-0.11305025,-0.11662802,-0.17576815,-0.13861641,-0.13453469,-0.096878245,-0.12121918,-0.0922967,-0.12434345,-0.13615207,-0.063823454,-0.13877153,-0.11419349,-0.13378608,-0.24483351,-0.2571875,-0.29957527,-0.14612105,-0.15662867,-0.13221481,-0.19104545,-0.0782174,-0.17187995,-0.16417482,-0.09859173,-0.11065883,-0.115091585,-0.076612435,-0.083404,-0.1213824,-0.13072303,-0.13855581,-0.19385117,-0.099517524,-0.15530036,-0.19487974,-0.19072609,-0.18646596,-0.11163759,-0.14313592,-0.10340583,-0.15911728,-0.19336063,-0.17228714,-0.16882932,-0.1428613,-0.14249852,-0.10200088,-0.15309219,-0.161423,-0.18057464,-0.19454437,-0.12145269,-0.1473315,-0.114059985,-0.08052135,-0.14264092,-0.20725825,-0.16090795,-0.125103,-0.15657571,-0.15690626,-0.14344788,-0.19202894,-0.1624156,-0.1817539,-0.2963242,-0.19676909,-0.18050423,-0.17153364,-0.1925016,-0.15732613,-0.14054683,-0.13043998,-0.12557748,-0.13825129,-0.16278532,-0.30584824,-0.16660264,-0.18091395,-0.19233294,-0.11441202,-0.15045495,-0.14059103,-0.1776271,-0.16675554,-0.16438064,-0.14331086,-0.18237996,-0.12827711,-0.15288058,-0.13704373,-0.24156228,-0.17927438,-0.10370269,-0.13527207,-0.14206618,-0.1741727,-0.11070312,-0.13457227,-0.15240799,-0.15993395,-0.18161595,-0.15403453,-0.14898202,-0.19184028,-0.1751052,-0.16421762,-0.14723541,-0.14623587,-0.11499533,-0.10471026,-0.1348303,-0.20148799,-0.17700595,-0.12513243,-0.16532625,-0.18041904,-0.18738703,-0.11705899,-0.17625049,-0.2580577,-0.09306984,-0.092786014,-0.11489973,-0.13600719,-0.14790028,-0.09883511,-0.1885452
k__Bacteria|p__Firmicutes|c__Firmicutes_unclassified|o__Firmicutes_unclassified|f__Firmicutes_unclassified|g__Firmicutes_unclassified|s__Firmicutes_bacterium_AF16_15,-0.1004395,-0.12316422,-0.1412298,-0.20428483,-0.16612671,-0.19221747,-0.1666669,-0.14508536,-0.12502271,-0.18261,-0.18184185,-0.22449982,-0.16859768,-0.20315824,-0.1041664,-0.10036464,-0.058144663,-0.100919574,-0.108366475,-0.17013898,-0.1978925,-0.12536043,-0.13654718,-0.15239835,-0.17093316,-0.11658599,-0.16671674,-0.1734811,-0.1509206,-0.12124001,-0.13524258,-0.106288165,-0.14801426,-0.19447196,-0.1882066,-0.2175087,-0.16005668,-0.22338755,-0.19579527,-0.29867563,-0.29210672,-0.19689177,-0.10809779,-0.09162698,-0.13691942,-0.15454023,-0.23188588,-0.1924966,-0.14639932,-0.2026537,-0.18225136,-0.18279888,-0.19587524,-0.1971265,-0.20254037,-0.15791805,-0.1261802,-0.14389339,-0.09352408,-0.096737,-0.17062253,-0.14269012,-0.13743341,-0.14688744,-0.12719077,-0.15079957,-0.2613474,-0.22333384,-0.18759733,-0.20047067,-0.14586237,-0.14919114,-0.13096541,-0.14278609,-0.15103838,-0.16399837,-0.14663395,-0.16278498,-0.1587206,-0.14998752,-0.1471506,-0.15653661,-0.15303138,-0.22480208,-0.120334074,-0.1415197,-0.118796766,-0.16076103,-0.17345934,-0.15516779,-0.16744849,-0.11139822,-0.1388583,-0.13027036,-0.12904266,-0.15152657,-0.14243355,-0.11630447,-0.10065024,-0.0915736,-0.10637474,-0.12108253,-0.13517359,-0.15027548,-0.16010097,-0.1185138,-0.11129953,-0.1578567,-0.17738779,-0.13417473,-0.16308743,-0.25953975,-0.14845465,-0.13259998,-0.14159432,-0.15095688,-0.17780018,-0.162685,5.037809,-0.09015879,-0.110733725,-0.13485241,-0.13003403,-0.13997786,-0.17281711,-0.13908121,-0.16057305,-0.12777606,-0.07092635,-0.03704006,-0.13703993,-0.16166373,-0.17821291,-0.14332479,-0.12334781,-0.13575344,-0.12023825,-0.13846119,-0.25318068,6.505064,-0.08486588,-0.10945694,-0.1447159,-0.09238048,-0.18640998,-0.18904732,-0.152512,-0.091444954,-0.13230102,-0.14925963,-0.15004861,-0.15858856,-0.16987145,-0.18320848,-0.08902492,-0.124421105,-0.14133789,-0.10256614,-0.17951453,-0.19495486,-0.19036135,-0.10113067,-0.13113372,-0.08120206,-0.12816237,-0.19006202,-0.19217765,-0.19053222,-0.124192506,-0.07692892,-0.098240286,-0.11898747,-0.13666566,-0.12406494,-0.121451,-0.0956943,-0.09765777,-0.1092754,-0.082459606,-0.11354612,-0.13254976,-0.16675223,-0.1410757,-0.13623631,-0.18093297,-0.17825818,-0.19285405,-0.14459531,-0.15549555,-0.1357863,-0.119081676,-0.14001076,-0.19117098,-0.18985036,-0.18025024,-0.19755594,-0.25103784,-0.20219928,-0.18853515,-0.18961143,-0.18138453,-0.17268112,-0.27554205,-0.08916744,-0.11956477,-0.1278159,-0.15751183,-0.20931396,-0.18224281,-0.29657933,-0.32474133,-0.15104412,-0.3242122,-0.17325558,-0.17108874,-0.2185038,-0.17647925,-0.114121355,-0.13966608,-0.15388772,-0.15788373,-0.22984435,-0.18186735,-0.25326854,-0.10525502,-0.12455491,-0.13852528,-0.1245841,-0.15189947,-0.15498462,-0.15620768,-0.14014931,-0.15141064,-0.16289666,-0.15488775,-0.15332058,-0.15277795,-0.13408,-0.12344706,-0.14599031,-0.18927659,-0.17604306,4.866069,6.101122,-0.20036542,-0.114098474,-0.1296617,-0.119164005,-0.14779997,-0.16636807,-0.1857836,-0.19040304,-0.13173851,-0.078131296,-0.15304145,-0.13971427,-0.14106366,-0.118740305,-0.19987361,-0.1649412,-0.15791228,-0.14140862,-0.12406988,-0.12722544,-0.14610182,-0.2588673,-0.10800785,-0.13074079,-0.09132757,-0.12832497,-0.12957424,-0.14949822,-0.1518872,-0.09743968,-0.08910369,-0.12477961,-0.11119616,-0.13785386,-0.15049078,-0.16993184,-0.14294583,-0.11678964,-0.17317687,-0.1515357,-0.14243083,-0.12568808,-0.14205,-0.17466888,-0.13176009,-0.13243787,-0.14581564,-0.123563856,-0.08722703,-0.05825615,-0.14351042,-0.17082691,-0.026243303,-0.165625,5.9786882,4.952351,-0.19653353,-0.14562218,-0.14331596,-0.14862512,-0.12963767,-0.25088155,-0.19268933,-0.1876274,-0.09573576,-0.110171214,-0.10702289,-0.09533449,-0.12759323,-0.15253702,-0.15746465,-0.16654603,-0.12812386,-0.0969081,-0.16398169,-0.14397478,-0.11335766,-0.18846886,-0.1706479,-0.15357302,-0.12627932,-0.115196005,-0.11371173,-0.11662802,-0.17541516,-0.13867173,-0.13477157,-0.096878245,-0.121643774,-0.092970535,-0.12434345,-0.1361122,-0.063823454,-0.13877153,-0.11419349,-0.1339179,-0.24483351,-0.2571875,-0.29957527,-0.14609098,-0.15643111,-0.13242964,-0.19104545,-0.0782174,-0.1715838,-0.16400924,-0.09859173,-0.11065883,-0.1154639,-0.076612435,-0.083404,-0.1213824,-0.13072303,-0.13855581,-0.19385117,-0.10021226,-0.15526631,-0.19487974,-0.18967484,-0.18592186,-0.1119388,-0.1429528,-0.10399656,-0.15920573,-0.19266108,-0.17250729,-0.1681273,-0.14277053,-0.14257541,-0.10238394,-0.15294436,-0.1610296,-0.17973404,-0.1935482,-0.12175251,-0.14741647,-0.11431281,-0.08140385,-0.14296232,-0.20725825,-0.1603505,-0.125103,-0.15657571,-0.15690626,-0.1433712,-0.19202894,-0.16201362,-0.18130323,-0.2963242,-0.19530542,-0.1798844,-0.1705849,-0.19135457,-0.1570248,-0.14054683,-0.13056913,-0.12557748,-0.13837713,-0.16241649,-0.30584824,-0.16590564,-0.18050605,-0.19126625,-0.11441202,-0.1505025,-0.1404508,-0.17702025,-0.16638987,-0.16412076,-0.14331086,-0.18237996,-0.12832455,-0.1529436,-0.13744769,-0.24156228,-0.1781322,-0.10410586,-0.13520232,-0.14209849,-0.17391199,-0.11089536,-0.13464162,-0.1522389,-0.15965359,-0.18048057,-0.15418632,-0.1490628,-0.19184028,-0.17445241,-0.16399974,-0.14723541,-0.14623587,-0.11499533,-0.10471026,-0.13510782,-0.20148799,-0.1764055,-0.12513243,-0.16461992,-0.18041904,-0.18738703,-0.11705899,-0.17635015,-0.25611097,-0.093706,-0.09344359,-0.115243316,-0.13620797,-0.14791268,-0.09934209,-0.1878551
k__Bacteria|p__Firmicutes|c__Clostridia|o__Eubacteriales|f__Lachnospiraceae|g__Roseburia|s__Roseburia_intestinalis,-0.1004395,-0.12316422,-0.14136305,-0.20428483,-0.16647866,-0.19264704,-0.1666669,-0.14523904,-0.12507585,-0.18331894,-0.18165141,-0.22363058,-0.16902882,-0.20339304,-0.10387322,-0.10020661,-0.058144663,-0.10062176,-0.10834045,-0.17039895,-0.1978925,-0.12536043,-0.1365651,-0.15247346,-0.17120653,-0.11658599,-0.16698742,-0.17369387,-0.1509206,-0.12124001,-0.13532436,-0.10624561,-0.14821963,-0.19490424,-0.18858889,-0.2175087,-0.16048378,-0.22338755,-0.19633493,-0.29867563,1.7475736,-0.19717263,-0.10802687,-0.09162698,-0.13691942,-0.15472919,-0.23188588,-0.19280607,-0.14665271,-0.2026537,-0.18285015,-0.18279888,-0.19623241,-0.1971516,-0.20221919,-0.1582259,-0.12615973,-0.14398275,-0.093256,-0.09661673,-0.17103113,-0.14257528,-0.13743341,-0.14698255,-0.12719077,-0.15118483,-0.2613474,-0.22333384,-0.18797569,-0.20047067,-0.14595786,-0.14932156,-0.1310451,-0.1428272,-0.15112314,-0.1641132,-0.1469543,-0.16278498,-0.15899047,-0.14998752,-0.14730185,-0.15677926,-0.15313834,-0.22480208,-0.120334074,-0.14160496,-0.118753396,-0.16100118,-0.17379364,-0.15519933,-0.16777578,-0.11139822,-0.1388583,-0.13027036,-0.1290799,-0.15152657,-0.14250141,-0.11620018,-0.10065024,-0.09136012,-0.10628961,-0.121117055,-0.13529839,4.1100783,-0.1603376,-0.1185138,-0.11129953,-0.1578567,-0.17738779,-0.1341267,-0.1633777,-0.25953975,-0.14865974,-0.13265306,-0.14161497,-0.15095688,-0.17780018,-0.16296163,-0.22917573,-0.09015879,-0.11062364,-0.13486028,-0.13000399,-0.13997786,-0.17303358,-0.13908121,-0.16057305,-0.12777606,-0.07092635,-0.03704006,-0.13714299,-0.16188118,-0.17845242,-0.14332479,-0.12334781,-0.13587865,-0.12023825,-0.13854076,-0.25318068,-0.26654312,-0.08463383,-0.10945694,-0.14479238,-0.09238048,-0.18688089,-0.1892979,-0.1526221,-0.09126916,-0.13230102,-0.14941718,-0.1501708,-0.15881498,-0.17014775,-0.18361463,-0.088793546,-0.12429601,-0.14135236,-0.10256614,-0.17951453,-0.19495486,-0.19073126,-0.10096343,-0.13113372,-0.08075301,-0.12818997,-0.19006202,-0.19256975,-0.19088125,-0.12403466,-0.07666448,-0.09812792,-0.11893977,-0.13669178,-0.12406494,-0.121451,-0.09544639,-0.097451195,-0.10913846,-0.082459606,-0.11346722,-0.13255066,-0.16700149,-0.1410757,-0.13639714,-0.18093297,-0.17825818,-0.19325933,-0.14468579,-0.15549555,-0.13580272,-0.119081676,-0.14001076,-0.19117098,-0.19025749,-0.18055722,-0.19755594,-0.25103784,-0.20219928,-0.1890142,-0.19005677,-0.18177566,-0.17306265,-0.27554205,-0.08916744,-0.11956477,-0.12788649,-0.15751183,-0.20931396,-0.18224281,-0.29657933,-0.32474133,-0.15076038,-0.3242122,-0.17325558,-0.17108874,-0.2185038,-0.17647925,-0.114121355,-0.13981484,-0.15388772,-0.15788373,-0.22984435,-0.18186735,-0.2539112,-0.10510455,-0.12455491,-0.13860531,-0.12462133,-0.15189947,-0.15506177,-0.15640372,-0.14014931,-0.15141064,-0.1631226,-0.1550751,-0.15348133,-0.15282893,-0.13416083,-0.12351402,-0.14625809,-0.1897274,-0.17606483,-0.21025829,2.6692786,-0.20050272,-0.11401912,-0.1296617,-0.11909579,-0.14791827,-0.16636807,-0.18612808,-0.19086346,-0.13167952,-0.07801009,-0.15324143,-0.1398946,-0.14106366,-0.11842568,-0.19987361,-0.1649412,-0.15813242,-0.14138712,-0.1239412,-0.12722544,-0.14610182,-0.2588673,-0.10786532,-0.13074079,-0.09132757,-0.12832497,-0.12962773,-0.14956665,-0.15204228,-0.09723239,-0.08910369,-0.12473322,-0.11110021,-0.13794678,-0.15060912,-0.17018937,-0.14301652,-0.11680109,-0.17340994,-0.15160382,-0.14250171,-0.12558258,-0.1422486,-0.17466888,-0.13176009,-0.13256216,-0.14580691,-0.123456344,-0.08722703,-0.05825615,-0.14347926,-0.17082691,-0.026243303,-0.16579433,-0.2829064,2.0208519,-0.19663489,-0.14576767,-0.14331596,-0.14862512,-0.12963767,-0.25088155,-0.19305347,-0.18803719,-0.09549333,-0.11014211,-0.10702289,-0.09508086,-0.12759323,-0.15262604,-0.15746465,-0.1668339,-0.12812386,-0.0969081,-0.16398169,-0.14399898,-0.11335766,-0.18846886,-0.1706479,-0.15376358,-0.12624428,-0.115196005,-0.113637544,-0.11662802,-0.17576349,-0.13872306,-0.13480797,-0.096878245,-0.121519715,-0.092803314,-0.12434345,-0.13614732,-0.063823454,-0.13877153,-0.11419349,-0.13399637,-0.24483351,-0.2571875,-0.29957527,-0.14622708,-0.15664694,-0.13246647,-0.19104545,-0.0782174,-0.17190897,-0.1641582,-0.09859173,-0.11065883,-0.11529979,-0.076612435,-0.083404,-0.1213824,-0.13072303,-0.13855581,-0.19385117,-0.10002961,-0.1554709,-0.19487974,-0.19013275,-0.18626994,-0.111887485,-0.14298385,-0.10391883,-0.15955187,-0.19317609,-0.17259496,-0.1684719,-0.14285156,-0.1426784,-0.10223424,-0.15304396,-0.16127259,-0.1800836,-0.19402513,-0.12174705,-0.1474903,-0.11425708,-0.08121883,-0.14296499,-0.20725825,-0.16062103,-0.125103,-0.15657571,-0.15690626,-0.14348482,-0.19202894,-0.16222094,-0.18168288,-0.2963242,-0.19601524,-0.1801624,-0.17089246,-0.19178587,-0.15700926,-0.14054683,-0.13059336,-0.12557748,-0.13829987,-0.1628505,-0.30584824,-0.1659818,-0.18084475,-0.19186105,-0.11441202,-0.15054467,-0.1406198,-0.17733853,-0.16657788,-0.16445147,-0.14331086,-0.18237996,-0.12843144,-0.1530489,-0.13735446,-0.24156228,-0.17859904,-0.10403466,-0.13522574,-0.1422098,-0.17419209,-0.110855445,-0.13463253,-0.15247965,-0.15990975,-0.18092668,-0.15430571,-0.14919448,-0.19184028,-0.17471027,-0.1642156,-0.14723541,-0.14623587,-0.11499533,-0.10471026,-0.13516855,-0.20148799,-0.17674385,-0.12513243,-0.16498692,-0.18041904,-0.18738703,-0.11705899,-0.17669782,-0.25730488,-0.09347202,-0.0932613,-0.115216196,-0.13627091,-0.14798617,-0.09919982,-0.18837422
k__Bacteria|p__Firmicutes|c__Clostridia|o__Clostridia_unclassified|f__Clostridia_unclassified|g__Clostridia_unclassified|s__Clostridia_bacterium_UC5_1_1D1,-0.1004395,-0.12316422,-0.14243874,-0.20428483,-0.16701292,-0.1937938,-0.1666669,-0.14547075,-0.12526897,-0.18343285,-0.1835481,-0.23575878,-0.1692343,-0.20788985,-0.10406781,-0.10057977,-0.058144663,-0.10046905,-0.10847121,-0.17104195,-0.1978925,-0.12536043,-0.13668236,-0.15261321,-0.17200452,-0.11658599,-0.16692078,-0.1740334,-0.1509206,-0.12124001,-0.13521257,-0.1067144,-0.14856072,-0.19684815,-0.18946928,-0.2175087,-0.16122621,-0.22338755,-0.19791478,-0.29867563,-0.29210672,-0.19933666,-0.1079662,-0.09162698,-0.13691942,-0.15518096,-0.23188588,-0.19371371,-0.1470376,-0.2026537,-0.18331449,-0.18279888,-0.19863598,-0.20103762,-0.20790897,-0.15783519,-0.1264252,-0.14434731,-0.092880584,-0.09665169,-0.17134269,-0.1427419,-0.13743341,-0.14736143,-0.12719077,-0.15115985,-0.2613474,-0.22333384,-0.18893185,-0.20047067,-0.14624602,-0.14958282,-0.13158253,-0.14350718,-0.15146287,-0.16453241,-0.14688203,-0.16278498,-0.15946245,-0.14998752,-0.14729166,-0.15748402,-0.15352961,-0.22480208,-0.120334074,-0.14180988,-0.11903216,-0.16117258,-0.17444429,-0.15603524,-0.1681093,-0.11139822,-0.1388583,-0.13027036,-0.12903571,-0.15152657,-0.14225167,-0.116016,-0.10065024,-0.09140701,-0.10629603,-0.12130119,-0.13549832,-0.15027548,-0.16040346,-0.1185138,-0.11129953,-0.1578567,-0.17738779,-0.13468915,-0.16465528,-0.25953975,-0.14894406,-0.13312033,-0.14242607,-0.15095688,-0.17780018,-0.1639531,-0.22917573,-0.09015879,-0.11038789,-0.13522358,-0.13047943,-0.13997786,-0.17377445,-0.13908121,-0.16057305,-0.12777606,-0.07092635,-0.03704006,-0.13743949,-0.162254,-0.17889479,-0.14332479,-0.12334781,-0.13571984,-0.12023825,-0.1388377,-0.25318068,-0.26654312,-0.08423899,-0.10945694,-0.14488693,-0.09238048,-0.18733428,-0.19057085,-0.15306054,-0.09102488,-0.13230102,-0.14974037,-0.1507217,-0.15938684,-0.17083937,-0.18386379,-0.08873312,-0.124572545,-0.14177227,-0.10256614,-0.17951453,-0.19495486,-0.1917665,-0.100933775,-0.13113372,-0.08170609,-0.12866017,-0.19006202,-0.1937594,-0.19189514,-0.123891614,-0.0762251,-0.0980676,-0.11941731,-0.13695206,-0.12406494,-0.121451,-0.095562845,-0.09760113,-0.109099135,-0.082459606,-0.11364997,-0.13258997,-0.16717595,-0.1410757,-0.13663213,-0.18093297,-0.17825818,-0.19479781,-0.14527303,-0.15549555,-0.13616452,-0.119081676,-0.14001076,-0.19117098,-0.19166216,-0.18162712,-0.19755594,-0.25103784,-0.20219928,-0.18949898,-0.19111115,-0.18266918,-0.17413089,-0.27554205,-0.08916744,-0.11956477,-0.12787473,-0.15751183,-0.20931396,-0.18224281,-0.29657933,-0.32474133,-0.15092129,-0.3242122,-0.17325558,-0.17108874,-0.2185038,-0.17647925,-0.114121355,-0.1400989,-0.15388772,-0.15788373,-0.22984435,-0.18186735,-0.26183254,-0.10523018,-0.12455491,-0.13869089,-0.12463815,-0.15189947,-0.1553103,-0.1564456,-0.14014931,-0.15141064,-0.16341019,-0.15549442,-0.1538388,-0.15353239,-0.134488,-0.12349209,-0.14649814,-0.19042103,-0.17759372,-0.21025829,0.4407386,-0.20384851,-0.11405866,-0.1296617,-0.11954366,-0.14825496,-0.16636807,-0.18645705,-0.1917052,-0.13174959,-0.07767378,-0.15354118,-0.13997184,-0.14106366,-0.11846171,-0.19987361,-0.1649412,-0.15851057,-0.14212611,-0.12416486,-0.12722544,-0.14610182,-0.2588673,-0.108006164,-0.13074079,-0.09132757,-0.12832497,-0.12955758,-0.1497725,-0.15191579,-0.097097784,-0.08910369,-0.12486768,-0.11120752,-0.13818982,-0.15096141,-0.17069653,-0.14331129,-0.1165245,-0.17389046,-0.1520495,-0.14267322,-0.1261824,-0.14219281,-0.17466888,-0.13176009,-0.13266501,-0.14620042,-0.12365234,-0.08722703,-0.05825615,-0.14384004,-0.17082691,-0.026243303,-0.16639975,1.0294667,3.2236686,-0.19917959,-0.14607362,-0.14331596,-0.14862512,-0.12963767,-0.25088155,-0.19454233,-0.18875894,-0.09538626,-0.1100115,-0.10702289,-0.09528085,-0.12759323,-0.15294693,-0.15746465,-0.16750589,-0.12812386,-0.0969081,-0.16398169,-0.1439018,-0.11335766,-0.18846886,-0.1706479,-0.15422273,-0.12631708,-0.115196005,-0.1139044,-0.11662802,-0.17585197,-0.1390613,-0.13507287,-0.096878245,-0.121978074,-0.09252894,-0.12434345,-0.13569173,-0.063823454,-0.13877153,-0.11419349,-0.13420752,-0.24483351,-0.2571875,-0.29957527,-0.14677124,-0.1571009,-0.13305643,-0.19104545,-0.0782174,-0.17276278,-0.16452372,-0.09859173,-0.11065883,-0.11471398,-0.076612435,-0.083404,-0.1213824,-0.13072303,-0.13855581,-0.19385117,-0.10023929,-0.15598348,-0.19487974,-0.19108686,-0.18721603,-0.11182928,-0.14302282,-0.10374604,-0.15965606,-0.19482708,-0.17352782,-0.16910616,-0.14322439,-0.1431063,-0.102674186,-0.15353256,-0.16175841,-0.18091157,-0.19557175,-0.121836334,-0.14765403,-0.114007786,-0.080791235,-0.14403999,-0.20725825,-0.16084738,-0.125103,-0.15657571,-0.15690626,-0.14388393,-0.19202894,-0.16268694,-0.18193033,-0.2963242,-0.19892624,-0.18133947,-0.17165408,-0.19331998,-0.15795992,-0.14054683,-0.13088185,-0.12557748,-0.13869956,-0.16347437,-0.30584824,-0.16664746,-0.18143052,-0.19270308,-0.11441202,-0.15080266,-0.14083886,-0.17803347,-0.1672214,-0.16464609,-0.14331086,-0.18237996,-0.12885523,-0.15359063,-0.13891965,-0.24156228,-0.17896137,-0.10399622,-0.13538149,-0.1424951,-0.17476942,-0.110745445,-0.13491303,-0.15243255,-0.16032188,-0.18167534,-0.1546572,-0.14978574,-0.19184028,-0.17548466,-0.16416545,-0.14723541,-0.14623587,-0.11499533,-0.10471026,-0.13560724,-0.20148799,-0.1770513,-0.12513243,-0.16505173,-0.18041904,-0.18738703,-0.11705899,-0.17664123,-0.2611329,-0.09344119,-0.09300928,-0.115378805,-0.13664433,-0.14856455,-0.099355556,-0.18894081
k__Bacteria|p__Firmicutes|c__Clostridia|o__Eubacteriales|f__Lachnospiraceae|g__Eisenbergiella|s__Eisenbergiella_massiliensis,-0.1004395,-0.12316422,-0.14168113,-0.20428483,-0.16620292,-0.19260842,-0.1666669,-0.14443329,-0.12512979,-0.18263915,-0.18255803,-0.22505827,-0.17004474,-0.20341851,-0.103278145,-0.0994831,-0.058144663,-0.09949322,-0.10790846,-0.1700245,-0.1978925,-0.12536043,-0.13590938,-0.15147877,-0.17077675,-0.11658599,-0.16672894,-0.1728628,-0.1509206,-0.12124001,-0.13456425,-0.10607158,-0.1477429,-0.19497952,-0.18809137,-0.2175087,-0.16029868,-0.22338755,-0.19613597,-0.29867563,-0.29210672,-0.19714344,-0.10717493,-0.09162698,-0.13691942,-0.15453815,-0.23188588,-0.19286402,-0.14619592,-0.2026537,-0.18302782,-0.18279888,-0.19630376,-0.19782925,-0.20249742,-0.15701282,-0.12546307,-0.14321813,-0.09224117,-0.095890254,-0.17030947,-0.14169973,-0.13743341,-0.14635633,-0.12719077,-0.15091214,-0.2613474,-0.22333384,-0.18781957,-0.20047067,-0.1450144,-0.14866675,-0.13045913,-0.1423161,-0.14987983,-0.1629871,-0.1458053,-0.16278498,-0.15888569,-0.14998752,-0.14655446,-0.156549,-0.15264392,-0.22480208,-0.120334074,-0.14101812,-0.11829816,-0.16002241,-0.17302507,-0.15520832,-0.16714627,-0.11139822,-0.1388583,-0.13027036,-0.12831765,-0.15152657,-0.14215109,-0.115411155,-0.10065024,-0.090880156,-0.10555448,-0.120296,-0.13458034,-0.15027548,-0.15946119,-0.1185138,-0.11129953,-0.1578567,-0.17738779,-0.13323134,-0.16348124,-0.25953975,-0.14817426,-0.13248312,-0.14129972,-0.15095688,-0.17780018,-0.16324443,-0.22917573,-0.09015879,-0.110069394,-0.13431573,-0.12944123,-0.13997786,-0.17296581,-0.13908121,-0.16057305,-0.12777606,-0.07092635,-0.03704006,-0.13676625,-0.16131175,-0.17777984,-0.14332479,-0.12334781,-0.13540132,-0.12023825,-0.13777363,-0.25318068,-0.26654312,-0.0838839,-0.10945694,-0.14371315,-0.09238048,-0.18681438,-0.18930802,-0.15273221,-0.09060463,-0.13230102,-0.14901055,-0.1498419,-0.15834521,-0.16981666,-0.18238977,-0.088322714,-0.1234854,-0.14033607,-0.10256614,-0.17951453,-0.19495486,-0.19007035,-0.10026695,-0.13113372,-0.08017729,-0.12777853,-0.19006202,-0.1924107,-0.19060878,-0.12285431,-0.07601832,-0.09732163,-0.11851863,-0.13613695,-0.12406494,-0.121451,-0.09476845,-0.09698929,-0.10851367,-0.082459606,-0.11290296,-0.13193443,-0.16602907,-0.1410757,-0.13614994,-0.18093297,-0.17825818,-0.19336542,-0.14426228,-0.15549555,-0.1349852,-0.119081676,-0.14001076,-0.19117098,-0.19036187,-0.18067378,-0.19755594,-0.25103784,-0.20219928,-0.18930537,-0.19024703,-0.18185586,-0.17328945,-0.27554205,-0.08916744,-0.11956477,-0.12775415,-0.15751183,-0.20931396,-0.18224281,-0.29657933,-0.32474133,-0.1531821,-0.3242122,-0.17325558,-0.17108874,-0.2185038,-0.17647925,-0.114121355,-0.13965131,-0.15388772,-0.15788373,-0.22984435,-0.18186735,-0.2564651,-0.104490444,-0.12455491,-0.13809341,-0.123981476,-0.15189947,-0.15419862,-0.15524971,-0.14014931,-0.15141064,-0.16203201,-0.15462711,-0.1527742,-0.1524941,-0.13377024,-0.12284658,-0.14594132,-0.18903941,-0.17629279,2.5230904,6.6110935,-0.2029483,-0.113414794,-0.1296617,-0.11835301,-0.14744589,-0.16636807,-0.18531796,-0.19063847,-0.13122687,-0.077393495,-0.1522315,-0.13935652,-0.14106366,-0.11762946,-0.19987361,-0.1649412,-0.15806502,-0.1411336,-0.1234574,-0.12722544,-0.14610182,-0.2588673,-0.107342765,-0.13074079,-0.09132757,-0.12832497,-0.12877259,-0.14915603,-0.1509729,-0.096448325,-0.08910369,-0.12402244,-0.110581145,-0.13751167,-0.15021756,-0.1694094,-0.14237168,-0.1163234,-0.17286581,-0.1513566,-0.14179173,-0.12538242,-0.14137556,-0.17466888,-0.13176009,-0.13188887,-0.14517173,-0.122789904,-0.08722703,-0.05825615,-0.14288777,-0.17082691,-0.026243303,-0.1659567,-0.2829064,-0.31316653,-0.19786021,-0.14509201,-0.14331596,-0.14862512,-0.12963767,-0.25088155,-0.19304161,-0.1873743,-0.09484422,-0.10923951,2.1698036,-0.09388003,-0.12759323,-0.15236437,-0.15746465,-0.16634426,-0.12812386,-0.0969081,-0.16398169,-0.14281663,-0.11335766,-0.18846886,-0.1706479,-0.15331466,-0.12547824,-0.115196005,-0.11286113,-0.11662802,-0.17491384,-0.13798365,-0.13391161,-0.096878245,-0.121050164,-0.091966316,-0.12434345,-0.13526416,-0.063823454,-0.13877153,-0.11419349,-0.13332221,-0.24483351,-0.2571875,-0.29957527,-0.14562896,-0.15605623,-0.1319947,-0.19104545,-0.0782174,-0.17150393,-0.16338927,-0.09859173,-0.11065883,-0.11421847,-0.076612435,-0.083404,-0.1213824,-0.13072303,-0.13855581,-0.19385117,-0.0991852,-0.15498935,-0.19487974,-0.19026549,-0.18595502,-0.11120647,-0.14250734,-0.10310863,-0.15816331,-0.1933507,-0.171601,-0.16824213,-0.14230484,-0.1420156,-0.102129504,-0.152642,-0.16097546,-0.18019551,-0.19417852,-0.121007875,-0.14658475,-0.11374509,-0.08058663,-0.14256988,-0.20725825,-0.16000041,-0.125103,-0.15657571,-0.15690626,-0.14328381,-0.19202894,-0.16184792,-0.18072511,-0.2963242,-0.19797562,-0.18058613,-0.17118111,-0.1922171,-0.1570748,-0.14054683,-0.12998776,-0.12557748,-0.1378293,-0.16262302,-0.30584824,-0.16603261,-0.17995986,-0.19187953,-0.11441202,-0.14983334,-0.14026842,-0.17709512,-0.166129,-0.16369277,-0.14331086,-0.18237996,-0.12824214,-0.15263838,-0.13722277,-0.24156228,-0.17875703,-0.10333313,-0.13496321,-0.14144918,-0.17326249,-0.110445656,-0.13424444,-0.1513154,-0.1591061,-0.18112653,-0.15336293,-0.14853522,-0.19184028,-0.17451748,-0.16309835,-0.14723541,-0.14623587,-0.11499533,-0.10471026,-0.1347233,-0.20148799,-0.17591316,-0.12513243,-0.16513321,-0.18041904,-0.18738703,-0.11705899,-0.17504552,-0.25843567,-0.092877485,-0.09253744,-0.11473559,-0.1356481,-0.14742017,-0.09882651,-0.18767518
k__Bacteria|p__Firmicutes|c__Clostridia|o__Eubacteriales|f__Lachnospiraceae|g__Anaerostipes|s__Anaerostipes_hominis,-0.1004395,-0.12316422,-0.14169738,-0.20428483,-0.16718158,-0.19395398,-0.1666669,-0.1453549,-0.12564301,-0.18440208,-0.18328883,-0.22110248,-0.17106768,-0.2025153,-0.10381245,-0.099531636,-0.058144663,-0.10006271,-0.10811983,-0.17132723,-0.1978925,-0.12536043,-0.1370911,-0.15307845,-0.17201912,-0.11658599,-0.16839519,-0.17475875,-0.1509206,-0.12124001,-0.13557965,-0.106281325,-0.1486377,-0.19603755,-0.18979499,-0.2175087,-0.16097963,-0.22338755,-0.19663894,-0.29867563,-0.29210672,-0.19803363,-0.107795045,-0.09162698,-0.13691942,-0.15527126,-0.23188588,-0.1939893,-0.14729379,-0.2026537,-0.18390888,-0.18279888,-0.19700824,-0.19819361,-0.20193824,-0.15846819,-0.12630206,-0.1442933,-0.09299292,-0.096209906,-0.17198233,-0.14315054,-0.13743341,-0.14737408,-0.12719077,-0.15157622,-0.2613474,-0.22333384,-0.18899615,-0.20047067,-0.14631297,-0.14995171,-0.13118716,-0.14314644,-0.1515904,-0.16478524,-0.1476331,-0.16278498,-0.1596978,-0.14998752,-0.14793912,-0.15730289,-0.1539407,-0.22480208,-0.120334074,-0.14190477,-0.11881316,-0.16165307,-0.17458528,-0.15589453,-0.16884772,-0.11139822,-0.1388583,-0.13027036,-0.12938777,-0.15152657,-0.1435534,-0.11637594,-0.10065024,-0.09112334,-0.10616214,-0.121076375,-0.13547452,-0.15027548,-0.16115001,-0.1185138,-0.11129953,-0.1578567,-0.17738779,-0.13405667,-0.16390982,-0.25953975,-0.14909399,-0.13309485,-0.14178179,-0.15095688,-0.17780018,-0.16339499,-0.22917573,-0.09015879,-0.110499114,-0.13510436,-0.13028279,-0.13997786,-0.17398609,-0.13908121,-0.16057305,-0.12777606,-0.07092635,-0.03704006,-0.13712786,-0.16282399,-0.17937842,-0.14332479,-0.12334781,-0.1362338,-0.12023825,-0.13881013,-0.25318068,-0.26654312,-0.08434209,-0.10945694,-0.14518298,-0.09238048,-0.18807508,-0.19053519,-0.15363818,-0.090983324,-0.13230102,-0.14992511,-0.15077132,-0.15956694,-0.17122458,-0.1847116,-0.08850159,-0.12419411,-0.1412431,-0.10256614,-0.17951453,-0.19495486,-0.19177845,-0.10072369,-0.13113372,-0.0798622,-0.12818535,-0.19006202,-0.19406907,-0.19188052,-0.12394706,-0.07640561,-0.09768304,-0.118815,-0.1370101,-0.12406494,-0.121451,-0.09504696,-0.09702261,-0.10905717,-0.082459606,-0.11331716,-0.13291685,-0.167608,-0.1410757,-0.13681635,-0.18093297,-0.17825818,-0.19435608,-0.145055,-0.15549555,-0.1359785,-0.119081676,-0.14001076,-0.19117098,-0.19120982,-0.18183151,-0.19755594,-0.25103784,-0.20219928,-0.19068275,-0.19136599,-0.18303682,-0.173819,4.335108,-0.08916744,-0.11956477,-0.1281962,-0.15751183,-0.20931396,-0.18224281,-0.29657933,-0.32474133,-0.15077418,-0.3242122,-0.17325558,-0.17108874,-0.2185038,-0.17647925,-0.114121355,-0.14034027,-0.15388772,-0.15788373,-0.22984435,-0.18186735,-0.25433388,-0.104926065,-0.12455491,-0.1391001,-0.12494889,-0.15189947,-0.15576215,-0.1570284,-0.14014931,-0.15141064,-0.16391797,-0.15572968,-0.1541215,-0.15325476,-0.13453692,-0.1237929,-0.14706998,-0.19118278,-0.17742628,-0.21025829,-0.3990198,-0.20174351,-0.11388491,-0.1296617,-0.11883585,-0.14852114,-0.16636807,-0.18712482,-0.19214126,-0.13180542,-0.0779559,-0.15360633,-0.14037555,-0.14106366,-0.118518114,-0.19987361,-0.1649412,-0.1588681,-0.14168659,-0.12414391,-0.12722544,-0.14610182,-0.2588673,-0.107600555,-0.13074079,-0.09132757,-0.12832497,-0.13005808,-0.15030202,-0.15274252,-0.09697534,-0.08910369,-0.12480504,-0.111090615,-0.1382327,-0.15129389,-0.17098522,-0.14339244,-0.117146,-0.17398022,-0.15243526,-0.14289802,-0.12582082,-0.1428259,-0.17466888,-0.13176009,-0.13292313,-0.14614922,-0.12374971,-0.08722703,-0.05825615,-0.14374787,-0.17082691,-0.026243303,-0.16563596,-0.2829064,-0.31316653,-0.1981827,-0.14615671,-0.14331596,-0.14862512,-0.12963767,-0.25088155,-0.19427165,-0.18911971,-0.095464095,-0.109926075,-0.10702289,-0.094814956,-0.12759323,-0.15321004,-0.15746465,-0.16759679,-0.12812386,-0.0969081,-0.16398169,-0.14454685,-0.11335766,-0.18846886,-0.1706479,-0.15438558,-0.12659155,-0.115196005,-0.113526374,-0.11662802,-0.1766156,-0.13911477,-0.13501571,-0.096878245,-0.121550605,-0.092547745,-0.12434345,-0.13658689,-0.063823454,-0.13877153,-0.11419349,-0.1339629,-0.24483351,-0.2571875,-0.29957527,-0.14645971,-0.15725818,-0.13287696,2.2854886,-0.0782174,-0.17255785,-0.16485271,-0.09859173,-0.11065883,-0.11536305,-0.076612435,-0.083404,-0.1213824,-0.13072303,-0.13855581,-0.19385117,-0.09980896,-0.155725,-0.19487974,-0.19175452,-0.18749988,-0.11192617,-0.14338425,-0.10402673,-0.15985192,-0.19450611,-0.17309368,-0.16953897,-0.14323668,-0.14292924,-0.10198359,-0.15357886,-0.16204354,-0.18125787,-0.1953521,-0.121855155,-0.14768152,-0.11425043,-0.08093535,-0.14307417,-0.20725825,-0.16136622,-0.125103,-0.15657571,-0.15690626,-0.14381313,-0.19202894,-0.16316763,-0.18282646,-0.2963242,-0.19680488,-0.1814626,-0.17190862,-0.1929824,-0.15762466,-0.14054683,-0.13080093,-0.12557748,-0.13858725,-0.16315258,-0.30584824,-0.1673723,-0.18186581,-0.19333777,-0.11441202,-0.1509578,-0.14092013,-0.17828792,-0.16752723,-0.1651954,-0.14331086,-0.18237996,-0.12861565,-0.15336451,-0.13738242,-0.24156228,-0.17962174,-0.103902526,-0.13555637,-0.14284068,-0.17474958,-0.11108778,-0.1349899,-0.1533402,-0.16022402,-0.18231648,-0.15499187,-0.1496782,-0.19184028,-0.17578833,-0.16514479,-0.14723541,-0.14623587,-0.11499533,-0.10471026,-0.13535598,-0.20148799,-0.17774731,-0.12513243,-0.16559562,-0.18041904,-0.18738703,-0.11705899,-0.17754537,-0.2592072,-0.09317942,-0.09298785,-0.11509311,-0.13652,-0.14841837,-0.09909991,-0.18957642
k__Bacteria|p__Firmicutes|c__Clostridia|o__Eubacteriales|f__Peptococcaceae|g__Peptococcus|s__Peptococcus_niger,-0.1004395,-0.12316422,-0.14060616,-0.20428483,-0.166121,-0.19303396,-0.1666669,-0.1451591,-0.1252878,-0.18403539,-0.18212013,-0.21094751,-0.17020528,-0.19791928,-0.10302073,-0.0981479,-0.058144663,-0.0999525,-0.10765043,-0.17095235,-0.1978925,-0.12536043,-0.13684963,-0.15307593,-0.17115757,-0.11658599,-0.1679065,-0.17438582,-0.1509206,-0.12124001,-0.13547027,-0.10513547,-0.1483941,-0.19403246,-0.18898596,-0.2175087,-0.16000448,-0.22338755,-0.1950171,-0.29867563,-0.29210672,-0.196679,-0.10723477,-0.09162698,-0.13691942,-0.15451735,-0.23188588,-0.19280359,-0.14684412,-0.2026537,-0.18302336,-0.18279888,-0.19495246,-0.19562805,-0.19853684,-0.1589691,-0.12582295,-0.14381284,-0.0930623,-0.0957731,-0.1715877,-0.14309733,-0.13743341,-0.14694288,-0.12719077,-0.15151766,-0.2613474,-0.22333384,-0.1882059,-0.20047067,-0.14600515,-0.1494798,-0.13054368,-0.14255795,-0.15161015,-0.16441534,-0.14764705,-0.16278498,-0.1586434,-0.14998752,-0.14774415,-0.15659419,-0.15363169,-0.22480208,-0.120334074,-0.14166977,-0.11830622,-0.16151226,-0.17415576,-0.1551778,-0.16854376,-0.11139822,-0.1388583,-0.13027036,-0.1293709,-0.15152657,-0.1435301,-0.116074994,-0.10065024,-0.0904565,-0.10570994,-0.12057257,-0.13512795,-0.15027548,-0.16085693,-0.1185138,-0.11129953,-0.1578567,-0.17738779,-0.13372898,-0.16323285,-0.25953975,-0.14864087,-0.1323995,-0.141093,-0.15095688,-0.17780018,-0.16258085,-0.22917573,-0.09015879,-0.11052743,-0.13475162,-0.12965952,-0.13997786,-0.17318612,-0.13908121,-0.16057305,-0.12777606,-0.07092635,-0.03704006,-0.13669911,-0.16257028,-0.17894654,-0.14332479,-0.12334781,-0.13603528,-0.12023825,-0.13861074,-0.25318068,-0.26654312,-0.08394874,-0.10945694,-0.1451815,-0.09238048,-0.18760431,-0.18919143,-0.15260562,-0.09054282,-0.13230102,-0.14958815,-0.15010585,-0.158842,-0.17039628,-0.18453653,-0.087786525,-0.123665705,-0.14067295,-0.10256614,-0.17951453,-0.19495486,-0.19085383,-0.10047321,-0.13113372,-0.079006866,-0.12799604,-0.19006202,-0.19259816,-0.19100204,-0.12403993,-0.075628564,-0.09717575,-0.11814396,-0.13662407,-0.12406494,-0.121451,-0.09443182,-0.09640269,-0.10861948,-0.082459606,-0.11288565,-0.1327379,-0.16739568,-0.1410757,-0.13626733,-0.18093297,-0.17825818,-0.19280607,-0.14450869,-0.15549555,-0.13562216,-0.119081676,-0.14001076,-0.19117098,-0.18940866,-0.18063453,-0.19755594,-0.25103784,-0.20219928,-0.19010134,-0.19010836,-0.18210408,-0.17290208,3.3750315,-0.08916744,-0.11956477,-0.1280669,-0.15751183,-0.20931396,-0.18224281,-0.29657933,-0.32474133,-0.1511203,-0.3242122,-0.17325558,-0.17108874,-0.2185038,-0.17647925,-0.114121355,-0.13964021,-0.15388772,-0.15788373,-0.22984435,-0.18186735,-0.24706402,-0.10444391,-0.12455491,-0.13882267,-0.12467136,-0.15189947,-0.15552887,-0.15690954,-0.14014931,-0.15141064,-0.16374652,-0.15514253,-0.15376656,-0.15267533,-0.13373297,-0.123529285,-0.1466839,-0.19060354,-0.17634456,-0.21025829,-0.3990198,-0.19933975,-0.11357418,-0.1296617,-0.11837015,-0.14836639,-0.16636807,-0.18698403,-0.19122368,-0.1316294,-0.07729176,-0.15353453,-0.13996601,-0.14106366,-0.118891865,-0.19987361,-0.1649412,-0.15821828,-0.14105082,-0.12363498,-0.12722544,-0.14610182,-0.2588673,-0.107248776,-0.13074079,-0.09132757,-0.12832497,-0.12995866,-0.15002444,-0.15252951,-0.096536934,-0.08910369,-0.124558985,-0.110584006,-0.13787724,-0.15093,-0.1704419,-0.14311476,-0.11706337,-0.17369267,-0.15200046,-0.14265618,-0.12495476,-0.143011,-0.17466888,-0.13176009,-0.13269629,-0.14575481,-0.12301181,-0.08722703,-0.05825615,-0.1435135,-0.17082691,-0.026243303,-0.16491418,-0.2829064,-0.31316653,-0.19643022,-0.14579773,-0.14331596,-0.14862512,-0.12963767,-0.25088155,-0.19249009,-0.18856907,-0.09520409,-0.109582916,-0.10702289,-0.094463065,-0.12759323,-0.15310311,-0.15746465,-0.16666612,-0.12812386,-0.0969081,-0.16398169,-0.14448088,-0.11335766,-0.18846886,-0.1706479,-0.15375198,-0.1261071,-0.115196005,-0.11318437,-0.11662802,-0.17635882,-0.13862693,-0.13444932,-0.096878245,-0.12076425,-0.092300326,-0.12434345,-0.13675736,-0.063823454,-0.13877153,-0.11419349,-0.13374257,-0.24483351,-0.2571875,-0.29957527,-0.14598992,-0.15670007,-0.13235532,-0.19104545,-0.0782174,-0.171951,-0.16431537,-0.09859173,-0.11065883,-0.115695894,-0.076612435,-0.083404,-0.1213824,-0.13072303,-0.13855581,-0.19385117,-0.09915091,-0.15560198,-0.19487974,-0.19057973,-0.18648553,-0.11163575,-0.14289542,-0.10383752,-0.15989193,-0.19307162,-0.17309257,-0.16875562,-0.14274286,-0.14227289,-0.10130932,-0.1532825,-0.16128853,-0.18039015,-0.19367592,-0.12162618,-0.14750291,-0.114202656,-0.08082205,-0.14266263,-0.20725825,-0.16077574,-0.125103,-0.15657571,-0.15690626,-0.14325996,-0.19202894,-0.16264322,-0.18259476,2.8914506,-0.19335337,-0.1802715,-0.17064336,-0.19145182,-0.156751,-0.14054683,-0.13039055,-0.12557748,-0.13829762,-0.16249815,-0.30584824,-0.16659999,-0.18116309,-0.19197628,-0.11441202,-0.15099317,-0.14038534,-0.17773458,-0.16675478,-0.16479094,-0.14331086,-0.18237996,-0.1281066,-0.15318343,-0.13668108,-0.24156228,-0.17861049,-0.10342647,-0.135093,-0.14236376,-0.17438796,-0.11063391,-0.13470381,-0.15317312,-0.15963429,-0.1810247,-0.15474859,-0.14918694,0.82700557,-0.17501593,-0.16495427,-0.14723541,-0.14623587,-0.11499533,-0.10471026,-0.13523716,-0.20148799,-0.17729771,-0.12513243,-0.1648024,-0.18041904,-0.18738703,-0.11705899,-0.17783043,-0.2545877,-0.09258337,-0.09261197,-0.11465846,-0.13607728,-0.14781807,-0.0986367,-0.1889826
k__Bacteria|p__Firmicutes|c__Bacilli|o__Lactobacillales|f__Lactobacillaceae|g__Lactobacillus|s__Lactobacillus_acidophilus,-0.1004395,-0.12316422,-0.14229348,-0.20428483,-0.16736504,-0.19336796,-0.1666669,-0.14526546,-0.12556556,-0.18350387,-0.18442297,-0.22745883,-0.16929656,-0.2057831,-0.10347187,-0.09962873,-0.058144663,-0.09977213,-0.10806146,-0.17083582,-0.1978925,-0.12536043,-0.13640878,-0.15219384,-0.1715594,-0.11658599,-0.16761965,-0.17380078,-0.1509206,-0.12124001,-0.13526073,-0.1062009,-0.14845438,-0.19608492,-0.18891537,-0.2175087,-0.16133079,-0.22338755,-0.19757713,-0.29867563,-0.29210672,-0.19806103,-0.10732342,-0.09162698,-0.13691942,-0.15537739,-0.23188588,-0.19401261,-0.14649986,-0.2026537,-0.1847322,-0.18279888,-0.19797257,-0.19886616,-0.20374063,-0.15716006,-0.12584218,-0.14379437,-0.092225365,-0.09584668,-0.17110705,-0.14233121,-0.13743341,-0.14706917,-0.12719077,-0.15145999,-0.2613474,-0.22333384,-0.1891064,-0.20047067,-0.14561471,-0.14933825,-0.13082907,-0.14289571,-0.15026642,-0.16397119,-0.14626649,-0.16278498,-0.1599804,-0.14998752,-0.14723618,-0.15736039,-0.15325338,4.2997093,-0.120334074,-0.14163303,-0.11859879,-0.16076228,-0.17395222,-0.15608099,-0.1680276,-0.11139822,-0.1388583,-0.13027036,-0.12864058,-0.15152657,-0.14275235,-0.115683064,-0.10065024,-0.09094317,-0.10558522,-0.12055063,-0.13499773,-0.15027548,-0.1602191,-0.1185138,-0.11129953,-0.1578567,-0.17738779,-0.13358788,-0.16436924,-0.25953975,-0.14889947,-0.13304396,-0.14194945,-0.15095688,-0.17780018,-0.16415808,-0.22917573,-0.09015879,-0.110504806,-0.13498455,-0.12984645,-0.13997786,-0.1740739,-0.13908121,-0.16057305,-0.12777606,-0.07092635,-0.03704006,-0.1374935,-0.16195047,-0.17886901,-0.14332479,-0.12334781,-0.1360337,-0.12023825,-0.13818182,-0.25318068,-0.26654312,-0.083660014,-0.10945694,-0.14415124,-0.09238048,-0.18776982,-0.19059381,-0.15325081,-0.090455964,-0.13230102,-0.14974919,-0.15057965,-0.15904567,-0.17063478,-0.1830315,-0.08819665,-0.12397077,-0.14137068,-0.10256614,-0.17951453,2.660788,-0.19086766,-0.100282274,-0.13113372,-0.0798994,-0.1280022,-0.19006202,-0.19339085,-0.1916596,-0.12336813,-0.07572624,-0.097299516,-0.11887385,-0.13670477,1.9021846,-0.121451,-0.09475625,-0.097058535,-0.10869083,-0.082459606,-0.11308654,-0.13233155,-0.1669007,-0.1410757,-0.13671634,-0.18093297,-0.17825818,-0.19434057,-0.14481346,-0.15549555,-0.13543957,-0.119081676,-0.14001076,-0.19117098,-0.19151387,-0.18177766,-0.19755594,-0.25103784,-0.20219928,-0.19021034,-0.19149831,-0.18271105,-0.17422807,-0.27554205,-0.08916744,-0.11956477,-0.12829682,-0.15751183,-0.20931396,-0.18224281,-0.29657933,-0.32474133,-0.15428215,-0.3242122,-0.17325558,-0.17108874,-0.2185038,-0.17647925,-0.114121355,-0.140342,-0.15388772,-0.15788373,-0.22984435,-0.18186735,-0.2580107,-0.10460894,-0.12455491,-0.13870016,-0.12421377,6.7463727,-0.1548377,-0.15585475,-0.14014931,-0.15141064,-0.16278148,-0.15549928,-0.15348922,-0.15340714,-0.13411933,-0.123162925,-0.14660348,-0.19002572,-0.17743948,-0.21025829,-0.3990198,-0.20300847,-0.11366176,-0.1296617,-0.118692905,-0.14803267,-0.16636807,-0.18638451,-0.19167063,-0.13192137,-0.07680376,-0.15284607,-0.13985327,-0.14106366,-0.11820698,-0.19987361,-0.1649412,-0.15915665,-0.1417767,-0.12391837,-0.12722544,-0.14610182,-0.2588673,-0.10753462,-0.13074079,-0.09132757,-0.12832497,-0.12901896,-0.1499553,-0.15152451,-0.096459866,-0.08910369,-0.124389574,-0.11081375,-0.13798665,-0.15096489,-0.1701169,-0.14301887,-0.11657208,-0.17401023,-0.15210357,-0.14232704,-0.12584314,-0.14179078,-0.17466888,-0.13176009,-0.13215479,-0.14599064,-0.123031005,-0.08722703,-0.05825615,-0.14366409,-0.17082691,-0.026243303,-0.16735622,-0.2829064,-0.31316653,-0.19838025,-0.14570084,-0.14331596,-0.14862512,-0.12963767,-0.25088155,-0.19395861,-0.18823609,-0.09476464,-0.10940179,-0.10702289,-0.09356137,-0.12759323,-0.15316086,-0.15746465,-0.16726416,-0.12812386,-0.0969081,-0.16398169,-0.14336307,-0.11335766,-0.18846886,-0.1706479,-0.1540532,-0.12578031,-0.115196005,-0.112953305,-0.11662802,-0.17578943,-0.13850039,-0.1343642,-0.096878245,-0.12142262,-0.091805585,-0.12434345,-0.13583958,-0.063823454,-0.13877153,-0.11419349,-0.13386875,-0.24483351,-0.2571875,6.0739045,-0.1463022,-0.15679926,-0.13227712,-0.19104545,-0.0782174,-0.17221591,-0.16438319,-0.09859173,-0.11065883,-0.11465064,-0.076612435,-0.083404,-0.1213824,-0.13072303,-0.13855581,-0.19385117,-0.09898108,-0.1558121,-0.19487974,-0.19129229,-0.18685028,-0.11132124,-0.14326657,-0.10294047,-0.15886915,-0.19434538,-0.17244032,-0.169267,-0.14295968,-0.1426222,-0.10234779,-0.15340286,-0.16188377,-0.18125646,-0.19536243,-0.121221244,-0.14734334,-0.11413962,-0.08030865,-0.14315462,-0.20725825,-0.16077504,-0.125103,-0.15657571,-0.15690626,-0.14403185,-0.19202894,-0.16267005,-0.18154326,-0.2963242,-0.1991371,-0.18159056,-0.17231515,-0.19328007,-0.15801589,-0.14054683,-0.1304277,-0.12557748,-0.13853249,-0.16334404,-0.30584824,-0.1670445,-0.18093745,-0.192925,-0.11441202,-0.15056978,-0.14085263,-0.17808612,-0.16697161,-0.16437525,-0.14331086,-0.18237996,-0.12867627,-0.15362978,-0.1378044,-0.24156228,-0.17984647,-0.10330854,-0.13564421,-0.14179558,-0.17429039,-0.11049945,-0.1347664,-0.15190707,-0.15995638,-0.18222725,-0.15374848,-0.14908308,-0.19184028,-0.17548764,-0.16376671,-0.14723541,-0.14623587,-0.11499533,-0.10471026,-0.13510546,-0.20148799,-0.17675005,-0.12513243,-0.16663459,-0.18041904,-0.18738703,-0.11705899,-0.17544952,-0.25997663,-0.09282961,-0.09244494,-0.115058795,-0.13607273,-0.14806943,-0.09875542,-0.18872894
k__Bacteria|p__Firmicutes|c__Bacilli|o__Bacillales|f__Staphylococcaceae|g__Staphylococcus|s__Staphylococcus_epidermidis,-0.1004395,-0.12316422,-0.14104898,-0.20428483,-0.16632581,-0.19269644,-0.1666669,-0.14437094,-0.1242799,-0.18287838,-0.18319455,-0.22560516,-0.16826692,-0.20403183,-0.102101326,-0.09808598,-0.058144663,-0.09877301,-0.106939785,-0.17016637,-0.1978925,-0.12536043,-0.13566685,-0.15168029,-0.17082107,-0.11658599,-0.1666914,-0.17312369,-0.1509206,-0.12124001,-0.13428459,-0.10481041,-0.14765283,-0.19514465,-0.18832771,-0.2175087,-0.16033368,-0.22338755,-0.19643214,-0.29867563,-0.29210672,-0.19731815,-0.1060971,-0.09162698,1.0949796,-0.15431479,-0.23188588,-0.19303317,-0.14567918,-0.2026537,-0.18329802,-0.18279888,-0.19700351,-0.1983896,-0.20328447,-0.15665461,-0.12490548,-0.14298871,-0.09126981,-0.094758004,-0.17058748,-0.14167272,-0.13743341,-0.14621946,-0.12719077,-0.15044603,-0.2613474,-0.22333384,-0.18822108,-0.20047067,-0.14494143,-0.14853117,-0.12996498,-0.14214423,-0.15004483,-0.16346616,-0.14583486,-0.16278498,-0.15874228,-0.14998752,-0.14654352,-0.15645786,-0.15256748,-0.22480208,-0.120334074,-0.14077276,-0.117587045,-0.16024867,-0.17343639,-0.15507004,-0.16749159,1.2698033,-0.1388583,-0.13027036,-0.12782606,-0.15152657,-0.14182228,-0.114574775,-0.10065024,-0.08958693,-0.10450667,-0.11959395,-0.13418463,-0.15027548,-0.15951476,-0.1185138,-0.11129953,-0.1578567,-0.17738779,-0.13286257,-0.16351007,-0.25953975,-0.14794853,-0.13193798,-0.14100389,-0.15095688,-0.17780018,-0.16294207,-0.22917573,2.7304192,-0.109381154,-0.13403378,-0.12893699,-0.13997786,-0.17306916,-0.13908121,1.3249269,-0.12777606,-0.07092635,-0.03704006,-0.13639146,-0.16136324,-0.17816281,3.0155952,0.84480655,-0.13486534,-0.12023825,-0.13759564,1.8973175,-0.26654312,-0.082415104,-0.10945694,-0.14358495,-0.09238048,-0.18699025,-0.1896768,-0.15209986,-0.08924041,-0.13230102,-0.14886118,-0.14964357,-0.15826902,-0.16988373,-0.18281782,-0.0868649,-0.12287533,-0.1403698,1.7271205,-0.17951453,-0.19495486,-0.19033109,-0.09917298,-0.13113372,-0.07879497,-0.12713698,-0.19006202,-0.19263268,-0.1908991,-0.12251277,-0.074253015,-0.096082665,-0.117710076,-0.1357649,-0.12406494,-0.121451,-0.09352599,-0.0956613,-0.10746129,-0.082459606,-0.11193906,-0.1314205,-0.16620353,3.9526803,-0.1356342,-0.18093297,-0.17825818,-0.19348463,-0.14390817,-0.15549555,-0.13462272,-0.119081676,-0.14001076,-0.19117098,-0.19040671,-0.1807925,-0.19755594,-0.25103784,-0.20219928,-0.18938845,-0.1905213,-0.18183835,-0.17325166,-0.27554205,-0.08916744,-0.11956477,-0.12711436,-0.15751183,-0.20931396,-0.18224281,-0.29657933,-0.32474133,-0.1518754,-0.3242122,-0.17325558,-0.17108874,-0.2185038,-0.17647925,-0.114121355,-0.13919753,-0.15388772,-0.15788373,-0.22984435,-0.18186735,-0.25570595,-0.10349178,-0.12455491,-0.13774475,-0.123317525,-0.15189947,-0.15429148,-0.15528685,-0.14014931,-0.15141064,-0.16239747,-0.1546439,-0.15278798,-0.15242396,-0.13298096,-0.12227526,-0.14572114,-0.18973023,-0.17652294,-0.21025829,-0.3990198,-0.2013662,-0.11250149,-0.1296617,-0.11765346,-0.14731704,-0.16636807,-0.18582454,-0.19084086,-0.13080062,-0.07561963,-0.15229939,-0.1389325,-0.14106366,-0.11733766,-0.19987361,-0.1649412,-0.15800047,-0.1407568,-0.12281056,-0.12722544,-0.14610182,-0.2588673,-0.10635705,-0.13074079,-0.09132757,-0.12832497,-0.1283473,-0.1491171,-0.15085655,-0.095257655,-0.08910369,-0.1234408,-0.10968882,-0.13704586,-0.15010628,-0.16950634,-0.14216086,-0.11555979,-0.1732083,-0.15117808,-0.14159751,-0.1246884,-0.14122649,-0.17466888,-0.13176009,-0.13137555,-0.1450768,-0.121949516,-0.08722703,-0.05825615,-0.1427286,-0.17082691,-0.026243303,-0.16554019,-0.2829064,-0.31316653,-0.19727367,-0.14492491,6.2673326,-0.14862512,-0.12963767,-0.25088155,-0.19306031,-0.18771057,-0.09374182,-0.10832821,-0.10702289,-0.09286328,-0.12759323,-0.15221962,-0.15746465,-0.1663498,-0.12812386,-0.0969081,-0.16398169,-0.14280733,-0.11335766,-0.18846886,-0.1706479,-0.15322098,-0.124866806,-0.115196005,-0.11207608,-0.11662802,-0.17505747,-0.13768339,-0.13350266,-0.096878245,-0.12022531,-0.09073431,-0.12434345,-0.13496956,-0.063823454,-0.13877153,-0.11419349,-0.13303368,-0.24483351,-0.2571875,-0.29957527,-0.14545739,-0.15606308,-0.13149032,3.3902123,-0.0782174,-0.1714389,-0.16360095,1.480168,1.7220721,-0.11371601,-0.076612435,-0.083404,-0.1213824,-0.13072303,2.4403257,-0.19385117,-0.09809427,-0.15497237,-0.19487974,-0.19040224,-0.18612295,-0.110293776,-0.14220475,-0.102018215,-0.15847655,-0.19356486,-0.17206874,-0.16844916,-0.14203933,-0.14167866,-0.101007655,-0.1525605,-0.1608947,-0.1802467,-0.19442111,-0.1203558,-0.1464799,-0.112824544,-0.07908767,-0.14245887,-0.20725825,-0.15987866,3.9255311,-0.15657571,3.0704064,-0.14285639,-0.19202894,-0.16188663,-0.18116337,-0.2963242,-0.19704533,-0.1805028,-0.17103875,-0.1923107,-0.15686256,-0.14054683,-0.12949763,-0.12557748,-0.13747069,-0.16246212,1.1369431,-0.16611351,-0.18041468,-0.19195876,-0.11441202,-0.14989832,-0.1397961,-0.17732087,-0.16621181,-0.16365126,2.6349962,-0.18237996,-0.1275007,-0.15280841,-0.13702828,-0.24156228,-0.17850468,-0.102237836,-0.13452864,-0.14113241,-0.1737184,-0.1093953,-0.1338254,-0.15149164,-0.15910086,-0.18114954,-0.15331924,-0.14844656,-0.19184028,-0.17471738,-0.16322581,-0.14723541,-0.14623587,-0.11499533,-0.10471026,-0.13434544,-0.20148799,-0.17618516,-0.12513243,-0.16502587,-0.18041904,-0.18738703,-0.11705899,-0.17543069,-0.25836366,-0.09149504,-0.091237344,-0.11391196,-0.13519952,-0.14724064,-0.09764445,-0.18826172
k__Bacteria|p__Firmicutes|c__Clostridia|o__Eubacteriales|f__Lachnospiraceae|g__Lachnoanaerobaculum|s__Lachnoanaerobaculum_sp_ICM7,-0.1004395,-0.12316422,-0.14188936,-0.20428483,-0.16608697,-0.19267231,-0.1666669,-0.14429912,-0.12482779,-0.18235883,-0.18238896,-0.22959834,-0.16978344,-0.20462689,-0.10316631,-0.09970471,-0.058144663,-0.09928942,-0.10781233,-0.1699267,-0.1978925,-0.12536043,-0.13561715,-0.15118667,-0.17073834,-0.11658599,-0.1663701,-0.17260133,-0.1509206,-0.12124001,-0.13447714,-0.10605951,-0.1477953,-0.19524857,-0.18824443,-0.2175087,-0.16028959,-0.22338755,-0.19666296,-0.29867563,-0.29210672,-0.19757672,-0.10696587,-0.09162698,-0.13691942,-0.15456289,-0.23188588,-0.19288798,-0.14605588,-0.2026537,-0.18257281,-0.18279888,-0.19672087,-0.19879085,-0.20450309,-0.15657839,-0.12537163,-0.14315236,-0.09189529,-0.095750034,-0.17009903,-0.14144681,-0.13743341,-0.1462883,-0.12719077,-0.15070796,-0.2613474,-0.22333384,-0.18750778,-0.20047067,-0.14482453,-0.14845592,-0.1305279,-0.14231312,-0.14962637,-0.1626797,-0.14556521,-0.16278498,-0.15868883,-0.14998752,-0.14634678,-0.15659532,-0.15247549,-0.22480208,-0.120334074,-0.14093399,-0.11823706,-0.15970567,-0.17289206,-0.15526134,-0.1670975,-0.11139822,-0.1388583,-0.13027036,-0.12805778,-0.15152657,-0.14178622,-0.1151343,-0.10065024,-0.09076245,-0.10538834,-0.120163664,-0.13450633,-0.15027548,-0.15928861,-0.1185138,-0.11129953,-0.1578567,-0.17738779,-0.13312371,-0.16389808,-0.25953975,-0.14810115,-0.13248247,-0.14147985,-0.15095688,-0.17780018,-0.1633052,-0.22917573,-0.09015879,-0.10991411,-0.13428023,-0.12939698,-0.13997786,-0.17302033,-0.13908121,-0.16057305,-0.12777606,-0.07092635,1.5490681,-0.13678092,-0.1611689,-0.17771664,-0.14332479,-0.12334781,-0.13515803,-0.12023825,-0.13780047,3.6266427,-0.26654312,-0.08356413,-0.10945694,-0.14358288,-0.09238048,-0.1868018,-0.18948944,-0.15281157,-0.09037304,-0.13230102,-0.1489756,-0.14979249,-0.15825441,-0.16971597,-0.18222135,-0.08820801,-0.1234042,-0.14033264,-0.10256614,-0.17951453,-0.19495486,-0.19012183,-0.10010496,-0.13113372,-0.08042981,-0.12781766,-0.19006202,-0.1923573,-0.19077854,-0.122630544,-0.075606436,-0.097170666,-0.11857346,-0.13611084,-0.12406494,-0.121451,-0.094661675,-0.0969474,-0.108395904,-0.082459606,-0.11280568,-0.13173926,-0.1658897,-0.1410757,-0.13611078,-0.18093297,-0.17825818,-0.19365637,-0.14437716,-0.15549555,-0.13497144,-0.119081676,-0.14001076,-0.19117098,-0.19055647,-0.18063149,-0.19755594,-0.25103784,-0.20219928,-0.18908311,-0.19036976,-0.18188354,-0.17355712,-0.27554205,-0.08916744,-0.11956477,-0.12769207,-0.15751183,-0.20931396,-0.18224281,-0.29657933,-0.32474133,-0.15465155,-0.3242122,-0.17325558,-0.17108874,-0.2185038,-0.17647925,-0.114121355,-0.13959481,-0.15388772,1.720445,-0.22984435,-0.18186735,-0.25907964,-0.104373686,-0.12455491,-0.13791338,-0.12378546,-0.15189947,-0.1539738,-0.15503052,-0.14014931,-0.15141064,-0.16179791,-0.15453267,-0.15265527,-0.15264116,-0.13382038,-0.12270407,-0.14571524,-0.1888853,-0.1763516,-0.21025829,-0.3990198,-0.2042566,-0.113244355,-0.1296617,-0.11827934,-0.14738923,-0.16636807,-0.18500078,-0.1906472,-0.13122843,-0.07702035,-0.15217286,-0.1392962,-0.14106366,-0.117438406,-0.19987361,-0.1649412,-0.15802434,-0.14136618,-0.12336695,-0.12722544,-0.14610182,-0.2588673,-0.107314795,-0.13074079,-0.09132757,-0.12832497,-0.1285409,-0.14902389,-0.15070355,-0.09622299,0.8919791,-0.12395583,-0.11048001,-0.13747251,-0.15012306,-0.16942714,-0.14227714,-0.116093926,-0.17281203,-0.15121275,-0.14167726,-0.125395,-0.14107275,-0.17466888,-0.13176009,-0.13180257,-0.14508148,-0.122701205,-0.08722703,-0.05825615,-0.1428991,-0.17082691,-0.026243303,-0.16626087,-0.2829064,-0.31316653,-0.19864397,-0.14501452,1.3619868,-0.14862512,-0.12963767,-0.25088155,-0.19306064,-0.18735859,-0.09471615,-0.10900946,-0.10702289,-0.09374988,-0.12759323,-0.15239806,-0.15746465,-0.16627242,-0.12812386,-0.0969081,2.0621965,-0.14250797,-0.11335766,-0.18846886,-0.1706479,-0.15327899,-0.12528378,-0.115196005,-0.112852745,-0.11662802,-0.17469889,-0.13788281,-0.13380656,-0.096878245,-0.1210195,-0.09172185,-0.12434345,-0.13497403,-0.063823454,-0.13877153,-0.11419349,-0.13346362,-0.24483351,1.5897411,-0.29957527,-0.1456103,-0.15596868,-0.13192788,-0.19104545,-0.0782174,-0.17158076,-0.16338798,-0.09859173,-0.11065883,-0.11388617,-0.076612435,-0.083404,-0.1213824,-0.13072303,-0.13855581,-0.19385117,-0.0990387,-0.15497324,-0.19487974,-0.1902096,-0.18608005,-0.111036584,-0.14234987,-0.102682084,-0.15793304,-0.19339475,-0.17161761,-0.16833618,-0.14224859,-0.14199257,-0.102232784,-0.15265039,-0.16082919,-0.18025382,-0.19447917,-0.12082611,-0.14642899,-0.1134311,-0.08013266,-0.14291936,-0.20725825,-0.15985899,-0.125103,-0.15657571,-0.15690626,-0.1431709,-0.19202894,-0.16174962,-0.18060994,-0.2963242,-0.19918144,-0.18092981,-0.17126353,-0.19255894,-0.15728179,-0.14054683,-0.12993045,-0.12557748,-0.13781944,-0.16306496,-0.30584824,-0.1660433,-0.17995408,-0.19187522,-0.11441202,-0.14983222,-0.14017433,-0.17707643,-0.16603403,-0.16356799,-0.14331086,-0.18237996,-0.12823763,-0.15266383,-0.13782057,-0.24156228,-0.1787037,-0.10317759,-0.13485107,-0.14126003,-0.17320967,-0.110269755,-0.13416654,-0.15106478,-0.1589934,-0.18102688,-0.15316747,-0.14841983,-0.19184028,-0.17448252,-0.16278423,-0.14723541,-0.14623587,-0.11499533,-0.10471026,-0.13479927,-0.20148799,-0.17577483,-0.12513243,-0.16488077,-0.18041904,1.0907578,-0.11705899,-0.17476615,-0.25940344,-0.092686296,-0.09229547,-0.11470596,-0.1356125,-0.14743347,-0.09877965,-0.18766451
k__Bacteria|p__Firmicutes|c__Clostridia|o__Eubacteriales|f__Lachnospiraceae|g__Lachnoanaerobaculum|s__Lachnoanaerobaculum_orale,-0.1004395,-0.12316422,-0.13989682,-0.20428483,-0.16546635,-0.19355002,-0.1666669,-0.14580241,-0.12420665,-0.18538024,-0.18191916,-0.22076273,-0.1701748,-0.20333904,-0.10303714,-0.09857881,-0.058144663,-0.100969434,-0.10688847,-0.17124173,-0.1978925,-0.12536043,-0.13716868,-0.1538882,-0.17182368,-0.11658599,-0.1677722,-0.17573836,-0.1509206,-0.12124001,-0.13523227,-0.104471,-0.14814144,-0.19556497,-0.19021475,-0.2175087,-0.158522,-0.22338755,-0.19523895,-0.29867563,-0.29210672,-0.19832934,-0.1075188,-0.09162698,-0.13691942,-0.15449698,-0.23188588,-0.19324544,-0.14706956,-0.2026537,-0.18174,-0.18279888,-0.19596767,-0.19723952,-0.20322414,-0.1615847,-0.1260444,-0.14440334,-0.092941776,-0.095532045,-0.17220181,-0.14365065,-0.13743341,-0.14726049,-0.12719077,-0.15093687,-0.2613474,-0.22333384,-0.1883787,-0.20047067,-0.14695731,-0.14987554,-0.1305955,-0.1431067,-0.15350218,-0.16595931,-0.14830282,-0.16278498,-0.1580763,-0.14998752,-0.14770205,-0.15648991,-0.15391532,-0.22480208,-0.120334074,-0.14176114,-0.11812956,-0.16264465,-0.175158,-0.15468493,-0.16920367,-0.11139822,-0.1388583,-0.13027036,-0.12954272,-0.15152657,-0.14302424,-0.11641416,-0.10065024,-0.09010825,-0.10601881,-0.120935,-0.13534133,-0.15027548,-0.16155851,4.045353,-0.11129953,-0.1578567,1.3806443,-0.13458584,-0.16198009,-0.25953975,-0.14860106,-0.13185167,-0.14130303,-0.15095688,-0.17780018,-0.16162261,-0.22917573,-0.09015879,-0.10984193,-0.13470395,-0.13003035,-0.13997786,-0.17315978,-0.13908121,-0.16057305,-0.12777606,-0.07092635,-0.03704006,-0.13653734,-0.16300616,-0.17983119,-0.14332479,-0.12334781,-0.13562495,-0.12023825,-0.13904878,-0.25318068,-0.26654312,-0.08364067,-0.10945694,-0.14616743,-0.09238048,-0.18783793,-0.18995708,-0.15271093,-0.09023081,-0.13230102,-0.14951193,-0.15029858,-0.15940057,-0.17077497,-0.18616506,-0.08710847,-0.12433245,-0.14131764,-0.10256614,-0.17951453,-0.19495486,-0.19255689,-0.100398704,-0.13113372,-0.07954771,-0.12804718,-0.19006202,-0.19366612,-0.1918032,-0.12482311,-0.074986055,-0.09717433,-0.118079774,-0.13692623,-0.12406494,-0.121451,-0.09451274,-0.09628418,-0.10864793,-0.082459606,-0.113210104,-0.13310787,-0.16860102,-0.1410757,-0.13565491,2.1355007,2.0345821,-0.19350797,-0.14448631,-0.15549555,-0.13614371,-0.119081676,-0.14001076,-0.19117098,-0.19008724,-0.1805653,-0.19755594,-0.25103784,-0.20219928,-0.18950066,-0.18982638,-0.1825045,-0.17229559,-0.27554205,-0.08916744,-0.11956477,-0.1270156,-0.15751183,-0.20931396,-0.18224281,-0.29657933,-0.32474133,-0.14638452,-0.3242122,-0.17325558,-0.17108874,-0.2185038,-0.17647925,-0.114121355,-0.13897139,-0.15388772,-0.15788373,-0.22984435,-0.18186735,-0.25144058,-0.10430543,-0.12455491,-0.13887277,-0.124712706,1.6567333,-0.15664001,-0.15808621,-0.14014931,-0.15141064,-0.16491966,-0.15494412,-0.1541919,-0.1525245,-0.13393289,-0.12318966,-0.14622095,-0.19207685,-0.1769894,-0.21025829,-0.3990198,-0.20109434,-0.1136989,-0.1296617,-0.11917254,-0.14849916,-0.16636807,-0.1883897,-0.19163147,-0.13108562,-0.07660773,-0.15420946,-0.13961875,-0.14106366,-0.11935212,-0.19987361,-0.1649412,-0.15728258,-0.14081144,-0.12367227,-0.12722544,-0.14610182,-0.2588673,-0.10693053,-0.13074079,-0.09132757,-0.12832497,-0.13045532,-0.14976902,-0.15359879,-0.09664142,-0.08910369,-0.124755636,-0.11024612,-0.13785717,-0.1508304,-0.17148204,-0.14325906,-0.116228834,-0.17442703,-0.15205911,-0.14319254,-0.12472397,-0.14409322,-0.17466888,-0.13176009,-0.1325357,-0.14625348,-0.12349552,-0.08722703,-0.05825615,-0.14385569,-0.17082691,-0.026243303,-0.16374663,-0.2829064,-0.31316653,-0.19768822,-0.14612603,-0.14331596,-0.14862512,-0.12963767,-0.25088155,-0.19360904,-0.18949614,-0.0947547,-0.1098033,-0.10702289,-0.095564604,-0.12759323,-0.15286432,-0.15746465,-0.16750038,-0.12812386,-0.0969081,-0.16398169,-0.1455919,-0.11335766,-0.18846886,-0.1706479,-0.1536447,-0.12622327,-0.115196005,-0.113385335,-0.11662802,-0.17764147,-0.13912702,-0.13518801,-0.096878245,-0.12112894,-0.09241746,-0.12434345,-0.13701302,-0.063823454,-0.13877153,-0.11419349,-0.13354056,-0.24483351,-0.2571875,-0.29957527,-0.14631563,-0.15720785,-0.1324359,-0.19104545,-0.0782174,-0.1724414,-0.16504756,-0.09859173,-0.11065883,-0.11584288,-0.076612435,-0.083404,-0.1213824,-0.13072303,-0.13855581,-0.19385117,-0.09927072,-0.15528616,-0.19487974,-0.19054732,-0.18723452,-0.11147567,-0.14296052,-0.10400687,-0.16115355,-0.19374433,-0.17523044,-0.16864339,-0.14290586,-0.14278275,-0.10020451,-0.15354137,-0.16164194,-0.18026826,-0.1948461,-0.121783495,-0.1484513,-0.113702856,-0.08026406,-0.14257413,-0.20725825,-0.16086273,-0.125103,-0.15657571,-0.15690626,-0.14292742,-0.19202894,-0.1623477,-0.18355078,-0.2963242,-0.19112541,-0.1800065,-0.17060553,-0.19172806,-0.15676941,-0.14054683,-0.13034701,-0.12557748,-0.13818157,-0.1611599,-0.30584824,-0.16569687,-0.18216598,-0.19219317,-0.11441202,-0.1514306,-0.14026174,-0.17799912,-0.16719845,-0.16546386,-0.14331086,-0.18237996,-0.1269938,-0.15287837,-0.13613327,-0.24156228,-0.17787763,-0.103368685,-0.13450333,-0.14314473,-0.1754584,-0.10995712,-0.13437617,-0.15460075,-0.16081053,-0.1807597,-0.15594828,-0.14955063,-0.19184028,-0.1747706,-0.16622475,-0.14723541,-0.14623587,-0.11499533,-0.10471026,-0.13518405,-0.20148799,-0.17806458,-0.12513243,-0.16389956,-0.18041904,-0.18738703,-0.11705899,-0.1802161,-0.25688827,-0.09240517,-0.09250434,-0.11408828,-0.1365917,-0.14831668,-0.097920656,-0.19012739
k__Bacteria|p__Firmicutes|c__Clostridia|o__Eubacteriales|f__Eubacteriales_unclassified|g__Evtepia|s__Evtepia_gabavorous,-0.1004395,-0.12316422,-0.14245275,-0.20428483,-0.16698919,-0.19371206,-0.1666669,-0.14542292,-0.1259914,-0.18393803,-0.1829727,-0.22337243,-0.17065296,-0.2032983,-0.10390033,-0.10007469,-0.058144663,-0.1001538,-0.10859659,-0.17123406,-0.1978925,-0.12536043,-0.13672835,-0.15253982,-0.17176898,-0.11658599,-0.16774973,-0.17405847,-0.1509206,-0.12124001,-0.13568115,-0.10671135,-0.14891191,-0.19584754,-0.18942934,-0.2175087,-0.161259,-0.22338755,-0.19728541,-0.29867563,-0.29210672,-0.19835743,-0.107964076,-0.09162698,-0.13691942,-0.15543616,-0.23188588,-0.19361213,-0.14715058,-0.2026537,-0.18374023,-0.18279888,-0.1970487,-0.19842522,-0.20301598,-0.15816662,-0.12635577,-0.14422236,-0.093045175,-0.096620664,-0.17150421,-0.14272726,-0.13743341,-0.14732614,-0.12719077,-0.15209812,-0.2613474,-0.22333384,-0.18874651,-0.20047067,-0.14601202,-0.14959882,-0.13141614,-0.14318739,-0.15104419,-0.1639958,-0.14712633,-0.16278498,-0.15950349,-0.14998752,-0.14762503,-0.15746763,-0.15366566,-0.22480208,-0.120334074,-0.14203417,-0.11908974,-0.1611725,-0.17417935,-0.15600803,-0.16837198,-0.11139822,-0.1388583,-0.13027036,-0.12933485,-0.15152657,-0.14314358,-0.11616344,-0.10065024,-0.09153708,-0.10639543,-0.12125113,-0.13561675,-0.15027548,-0.16067667,-0.1185138,-0.11129953,-0.1578567,-0.17738779,-0.13404034,-0.1647523,-0.25953975,-0.14916317,-0.13332981,-0.14212808,-0.15095688,-0.17780018,-0.16405113,-0.22917573,-0.09015879,-0.110881016,-0.13531148,-0.13026029,-0.13997786,-0.1739404,-0.13908121,-0.16057305,-0.12777606,-0.07092635,-0.03704006,-0.13760862,-0.1625425,-0.17889696,-0.14332479,-0.12334781,-0.13638568,-0.12023825,-0.13888994,-0.25318068,-0.26654312,-0.08450401,-0.10945694,-0.1449752,-0.09238048,-0.18797837,-0.19018318,-0.1534046,-0.091241755,-0.13230102,-0.15006,-0.15074545,-0.15931745,-0.17082077,-0.18389586,-0.08888313,-0.12426016,-0.14140299,-0.10256614,-0.17951453,-0.19495486,-0.19121242,-0.10097613,-0.13113372,-0.08070497,-0.12887436,-0.19006202,-0.19330582,-0.19167572,-0.12384927,-0.07644442,-0.09802994,-0.11932252,-0.13711748,-0.12406494,-0.121451,-0.09533547,-0.09760468,-0.10934374,-0.082459606,-0.11367543,-0.13293883,-0.16728349,-0.1410757,-0.13705683,-0.18093297,-0.17825818,-0.1942627,-0.14532751,-0.15549555,-0.1360396,-0.119081676,-0.14001076,-0.19117098,-0.19105384,-0.18151923,-0.19755594,-0.25103784,-0.20219928,-0.19020173,-0.19117352,-0.1828472,-0.17432544,-0.27554205,-0.08916744,-0.11956477,-0.12873386,-0.15751183,-0.20931396,-0.18224281,-0.29657933,-0.32474133,-0.1540457,-0.3242122,-0.17325558,-0.17108874,-0.2185038,-0.17647925,-0.114121355,-0.1404671,-0.15388772,-0.15788373,-0.22984435,-0.18186735,-0.25639236,-0.10519034,-0.12455491,-0.13907634,-0.124951094,-0.15189947,-0.1552597,-0.15646008,-0.14014931,-0.15141064,-0.16328494,-0.15557371,-0.15385205,-0.15349457,-0.13463353,-0.123809166,-0.14697677,-0.19030695,-0.17706987,-0.21025829,4.4928513,-0.20349589,-0.11417954,-0.1296617,-0.11916618,-0.14855772,-0.16636807,-0.18654282,-0.19186027,-0.13215598,-0.078046516,-0.15358515,-0.14046541,-0.14106366,-0.1186567,-0.19987361,-0.1649412,-0.15895008,-0.14208332,-0.1242097,-0.12722544,-0.14610182,-0.2588673,-0.108129606,-0.13074079,-0.09132757,-0.12832497,-0.12980601,-0.15014902,-0.15208608,-0.09712878,-0.08910369,-0.12503043,-0.11139234,-0.13846248,-0.15126663,-0.1706373,-0.14337099,-0.11722139,-0.17398188,-0.15228382,-0.14275074,-0.12601025,-0.14245231,-0.17466888,-0.13176009,-0.13299066,-0.14608285,-0.12354978,-0.08722703,-0.05825615,-0.14388652,-0.17082691,-0.026243303,-0.16697413,3.4325426,4.587601,-0.19881216,-0.1461199,-0.14331596,-0.14862512,-0.12963767,-0.25088155,-0.19365409,-0.18864939,-0.09562187,-0.11007935,-0.10702289,-0.09482293,-0.12759323,-0.15352479,-0.15746465,-0.16726713,-0.12812386,-0.0969081,-0.16398169,-0.14398748,-0.11335766,-0.18846886,-0.1706479,-0.15422732,-0.12632602,-0.115196005,-0.113817066,-0.11662802,-0.17616898,-0.1389485,-0.13485616,-0.096878245,-0.12175265,-0.09275577,-0.12434345,-0.13629174,-0.063823454,-0.13877153,-0.11419349,-0.13444124,-0.24483351,-0.2571875,-0.29957527,-0.1466115,-0.15705895,-0.13295212,-0.19104545,-0.0782174,-0.17259651,-0.16447067,-0.09859173,-0.11065883,-0.11521015,-0.076612435,-0.083404,-0.1213824,-0.13072303,-0.13855581,-0.19385117,-0.099800184,-0.15615648,-0.19487974,-0.19130215,-0.1871028,-0.11206525,-0.14326194,-0.103914544,-0.15954937,-0.19439901,-0.17293645,-0.16942777,-0.14325595,-0.14292872,-0.102786615,-0.15372044,-0.16187072,-0.1812185,-0.1951226,-0.12193032,-0.14759095,-0.11458336,-0.08127242,-0.1437882,-0.20725825,-0.16101024,-0.125103,-0.15657571,-0.15690626,-0.144124,-0.19202894,-0.16294703,-0.18212354,-0.2963242,-0.19844627,-0.18154117,-0.17195788,-0.19306973,-0.15783441,-0.14054683,-0.13096203,-0.12557748,-0.13884893,-0.1639457,-0.30584824,-0.16691646,-0.18116832,-0.19292898,-0.11441202,-0.15103495,-0.14114381,-0.1782064,-0.16707134,-0.16488352,-0.14331086,-0.18237996,-0.12912178,-0.15371458,-0.13833562,-0.24156228,-0.17962576,-0.104071826,-0.13574189,-0.1424268,-0.17450505,-0.11119582,-0.1351631,-0.15251634,-0.16005193,-0.18194446,-0.15446883,-0.14962009,-0.19184028,-0.17554173,-0.16421196,-0.14723541,-0.14623587,-0.11499533,-0.10471026,-0.135892,-0.20148799,-0.1771091,-0.12513243,-0.16598538,-0.18041904,-0.18738703,-0.11705899,-0.17650673,-0.25936437,-0.09348509,-0.09319574,-0.11561486,-0.13662292,-0.14839798,-0.0995569,-0.1890652
k__Bacteria|p__Firmicutes|c__Bacilli|o__Bacillales|f__Bacillales_unclassified|g__Gemella|s__Gemella_haemolysans,-0.1004395,-0.12316422,-0.14091754,-0.20428483,-0.16584796,-0.19279177,-0.1666669,-0.14474732,-0.124779485,-0.18334374,-0.18274373,-0.22136045,-0.16923171,-0.2021921,-0.102970704,-0.09870356,-0.058144663,-0.099697076,-0.10728866,-0.17041981,-0.1978925,-0.12536043,-0.13627118,-0.15230608,-0.17099729,-0.11658599,-0.16730247,-0.17378542,-0.1509206,-0.12124001,-0.13481027,-0.10519184,-0.14783812,-0.19471064,-0.18860292,1.0835873,-0.15956071,1.6725614,-0.19543941,-0.29867563,-0.29210672,-0.19706234,-0.10683738,-0.09162698,-0.13691942,-0.15441903,-0.23188588,-0.19292712,-0.14606652,-0.2026537,-0.18263598,-0.18279888,-0.1961917,-0.19741659,-0.20196027,-0.15768132,-0.12543571,-0.1433878,-0.09240624,-0.09543987,-0.17080274,-0.1425386,-0.13743341,-0.14655058,-0.12719077,-0.15077496,-0.2613474,-0.22333384,-0.1878672,-0.20047067,-0.14546683,-0.14896987,-0.1302711,-0.14242399,-0.15077949,-0.16391428,-0.14644098,-0.16278498,-0.15867065,-0.14998752,-0.14699396,-0.15645121,-0.15306786,-0.22480208,-0.120334074,-0.14118162,-0.118061826,-0.16074982,-0.17350286,-0.15518907,-0.16790321,-0.11139822,-0.1388583,-0.13027036,-0.12855022,-0.15152657,-0.14260636,-0.11557862,-0.10065024,-0.09035136,-0.1052957,-0.12012262,-0.1345475,-0.15027548,-0.16008067,-0.1185138,-0.11129953,-0.1578567,0.67481214,-0.13355428,-0.16310541,-0.25953975,-0.14820331,-0.1322243,-0.14120762,-0.15095688,-0.17780018,-0.16246688,-0.22917573,-0.09015879,-0.109980315,-0.1344274,-0.12945488,-0.13997786,-0.17312697,-0.13908121,1.1006906,-0.12777606,-0.07092635,-0.03704006,-0.13641155,-0.1617684,-0.17850146,1.0735649,-0.12334781,-0.13545665,-0.12023825,-0.13801774,-0.25318068,-0.26654312,-0.08349948,-0.10945694,-0.14434445,-0.09238048,-0.18709454,-0.18949866,-0.15253878,-0.090127595,-0.13230102,-0.14913896,-0.14992681,-0.15857297,-0.17004994,-0.1834971,-0.08767035,-0.12363267,-0.14063695,-0.10256614,-0.17951453,-0.19495486,-0.19060424,-0.100016184,-0.13113372,-0.07955773,-0.127444,-0.19006202,-0.1925866,-0.19088522,-0.12338537,-0.07539204,-0.096906915,-0.118073404,-0.13627365,-0.12406494,-0.121451,-0.09432152,-0.09633608,-0.10830845,-0.082459606,-0.112647906,-0.13209298,-0.16670275,0.9375438,-0.13589466,-0.18093297,-0.17825818,-0.19318393,-0.14416654,-0.15549555,-0.13517961,-0.119081676,-0.14001076,-0.19117098,-0.19000769,-0.18077025,-0.19755594,-0.25103784,-0.20219928,-0.18934801,-0.19016607,-0.181912,-0.17278181,-0.27554205,-0.08916744,-0.11956477,-0.12745726,-0.15751183,-0.20931396,-0.18224281,-0.29657933,-0.32474133,-0.15219414,-0.3242122,-0.17325558,-0.17108874,-0.2185038,-0.17647925,-0.114121355,-0.13943285,-0.15388772,-0.15788373,-0.22984435,-0.18186735,-0.25260428,-0.10415682,-0.12455491,-0.13829976,-0.123978004,-0.15189947,-0.15488519,-0.15589191,-0.14014931,-0.15141064,-0.16290627,-0.15475926,-0.15322886,-0.15252954,-0.13354152,-0.1228202,-0.14597067,-0.19006722,-0.1764324,-0.21025829,-0.3990198,-0.20164812,-0.11318074,-0.1296617,-0.11822231,-0.14770302,-0.16636807,-0.18623619,-0.19085075,-0.1312083,-0.07677925,-0.152699,-0.13930677,-0.14106366,-0.11818506,-0.19987361,-0.1649412,-0.15796499,-0.14107424,-0.123450026,-0.12722544,-0.14610182,-0.2588673,-0.10692516,-0.13074079,-0.09132757,-0.12832497,-0.129129,-0.14941067,-0.15169427,-0.09618473,-0.08910369,-0.12411569,-0.11025359,-0.13744962,-0.15040167,-0.16995898,-0.14258878,-0.11623904,-0.17345405,-0.15157968,-0.14209157,-0.1250446,-0.14193666,-0.17466888,-0.13176009,-0.13198265,-0.14550917,-0.12280163,-0.08722703,-0.05825615,-0.14319468,-0.17082691,-0.026243303,-0.1651325,-0.2829064,-0.31316653,-0.19779286,-0.1452705,-0.14331596,-0.14862512,-0.12963767,-0.25088155,-0.19280584,-0.18793562,-0.09464872,-0.10913029,-0.10702289,-0.0940689,-0.12759323,-0.15259218,-0.15746465,-0.16653942,-0.12812386,-0.0969081,-0.16398169,-0.14360963,-0.11335766,-0.18846886,-0.1706479,-0.15334676,-0.12570077,-0.115196005,-0.11276057,-0.11662802,-0.17568626,-0.13816302,-0.13405591,-0.096878245,-0.120846935,-0.09172788,-0.12434345,-0.13584295,-0.063823454,-0.13877153,-0.11419349,-0.13325518,-0.24483351,-0.2571875,-0.29957527,-0.1456432,-0.15638773,-0.13194348,-0.19104545,-0.0782174,-0.17163575,-0.16400963,-0.09859173,-0.11065883,-0.1147538,-0.076612435,-0.083404,-0.1213824,-0.13072303,-0.13855581,-0.19385117,-0.0989134,-0.15503526,-0.19487974,-0.19033414,-0.18634178,-0.110987596,-0.14269231,-0.10303076,-0.15889405,-0.19319725,-0.17261553,-0.16838427,-0.14235054,-0.14204746,-0.10133845,-0.15293068,-0.1611403,-0.18023536,-0.1941831,-0.12095529,-0.14703879,-0.11357723,-0.08021805,-0.14252304,-0.20725825,-0.16014145,-0.125103,-0.15657571,-0.15690626,-0.14311406,-0.19202894,-0.16204411,-0.18169785,-0.2963242,-0.19531952,-0.18060623,-0.17090434,-0.19183336,-0.15696356,-0.14054683,-0.12990469,-0.12557748,-0.13800572,-0.16197327,-0.30584824,-0.16655362,-0.18069415,-0.19181837,-0.11441202,-0.15040359,-0.14002225,-0.17740475,-0.16650225,-0.16410396,-0.14331086,-0.18237996,-0.12767899,-0.15295622,-0.13691887,-0.24156228,-0.17835683,-0.10297405,-0.13485938,-0.141817,-0.17383173,-0.11009824,-0.13425678,-0.1522803,-0.15934724,-0.18106045,-0.15408818,-0.1486947,-0.19184028,-0.17464358,-0.16406211,-0.14723541,-0.14623587,-0.11499533,-0.10471026,-0.13471279,-0.20148799,-0.17648369,-0.12513243,-0.16503346,-0.18041904,-0.18738703,-0.11705899,-0.17653054,-0.25651062,-0.09238384,-0.092201464,-0.11432874,-0.13569537,-0.14758359,-0.0982295,-0.18846592
k__Bacteria|p__Firmicutes|c__Clostridia|o__Eubacteriales|f__Eubacteriaceae|g__Eubacterium|s__Eubacterium_ramulus,-0.1004395,-0.12316422,-0.14147416,-0.20428483,-0.16708754,-0.19196282,-0.1666669,-0.14428252,-0.12544322,-0.18152523,-0.18205675,-0.21545742,-0.16841865,-0.199845,-0.103568844,-0.09944573,-0.058144663,-0.09931307,-0.108477846,-0.1696128,-0.1978925,-0.12536043,-0.13583152,-0.15132394,-0.17028472,-0.11658599,-0.16697988,-0.17229733,-0.1509206,-0.12124001,-0.13508283,-0.10637578,-0.14789236,-0.19325662,-0.18713348,-0.2175087,-0.16142023,-0.22338755,-0.19576491,-0.29867563,-0.29210672,-0.19525419,-0.10737895,-0.09162698,-0.13691942,-0.15454133,-0.23188588,-0.19249082,-0.14609045,-0.2026537,-0.1843362,-0.18279888,-0.19495282,-0.19500412,-0.19726333,-0.15501451,-0.12547949,-0.14299983,-0.09281026,-0.09613198,-0.17004564,-0.14166151,-0.13743341,-0.14634077,-0.12719077,-0.15103547,-0.2613474,2.703704,-0.18775019,-0.20047067,-0.14469053,-0.1485953,-0.13039804,-0.14177597,-0.14878625,-0.16235395,-0.14577426,-0.16278498,-0.1595446,-0.14998752,-0.14680511,-0.15654796,-0.15240167,-0.22480208,-0.120334074,-0.14104387,-0.118391275,-0.15956625,-0.17244834,-0.15539269,-0.1668644,-0.11139822,-0.1388583,-0.13027036,-0.12825888,-0.15152657,-0.14265725,-0.11541516,-0.10065024,-0.09109102,-0.105411656,-0.12015167,-0.13457315,-0.15027548,-0.15937044,-0.1185138,-0.11129953,-0.1578567,-0.17738779,-0.13265964,-0.16353321,-0.25953975,-0.14830305,-0.13273287,-0.1409424,-0.15095688,-0.17780018,-0.16357076,-0.22917573,-0.09015879,-0.11068107,-0.13443848,-0.12913957,-0.13997786,-0.17294174,-0.13908121,-0.16057305,-0.12777606,-0.07092635,-0.03704006,-0.13682163,-0.16105604,-0.17741281,-0.14332479,-0.12334781,-0.13587478,-0.12023825,-0.13753423,-0.25318068,-0.26654312,-0.084521025,-0.10945694,-0.14332163,-0.09238048,-0.1864866,-0.18869287,-0.1526086,-0.09115313,-0.13230102,-0.14905176,-0.1496732,-0.15795493,-0.16947004,-0.18166247,-0.08906135,-0.123246044,-0.14048433,-0.10256614,-0.17951453,-0.19495486,-0.18891852,-0.10049479,-0.13113372,-0.07945651,-0.12717634,-0.19006202,-0.19157767,-0.19006336,-0.122975126,-0.07698172,-0.09755437,-0.118346125,-0.13596967,-0.12406494,-0.121451,-0.09498839,-0.09713325,-0.10870337,-0.082459606,-0.112599924,-0.13175485,-0.165584,-0.1410757,-0.13650283,-0.18093297,-0.17825818,-0.19252753,-0.14416891,-0.15549555,-0.13472876,-0.119081676,-0.14001076,-0.19117098,-0.1898754,-0.18054062,-0.19755594,-0.25103784,-0.20219928,-0.1897032,-0.19021222,-0.18119116,-0.17325294,-0.27554205,-0.08916744,-0.11956477,-0.1283879,-0.15751183,-0.20931396,-0.18224281,-0.29657933,-0.32474133,-0.15524545,-0.3242122,-0.17325558,-0.17108874,-0.2185038,-0.17647925,-0.114121355,-0.14010635,-0.15388772,-0.15788373,-0.22984435,-0.18186735,-0.24981548,-0.10477112,-0.12455491,-0.13813056,-0.12396179,-0.15189947,-0.1538296,-0.15494838,-0.14014931,-0.15141064,-0.16158111,-0.15492636,-0.15270472,-0.15258062,-0.13359207,-0.12315583,-0.14594077,-0.18798192,-0.1755548,-0.21025829,2.7149494,-0.19813848,-0.11350057,-0.1296617,-0.11772678,-0.14713934,-0.16636807,-0.18465756,-0.19023986,-0.13185883,-0.07796034,-0.15175636,-0.13970007,-0.14106366,-0.11747764,-0.19987361,-0.1649412,-0.15890694,-0.14121927,-0.12346528,-0.12722544,-0.14610182,-0.2588673,-0.107662275,-0.13074079,-0.09132757,-0.12832497,-0.12859094,-0.14952748,-0.15078433,-0.09674327,-0.08910369,-0.1239648,-0.11088684,-0.13748924,-0.15030243,-0.1688202,-0.14247233,-0.1169923,-0.17253679,-0.15132692,-0.14161818,-0.1255272,-0.14071637,-0.17466888,-0.13176009,-0.13204876,-0.14495695,-0.12273464,-0.08722703,-0.05825615,-0.14285606,-0.17082691,-0.026243303,-0.16675979,-0.2829064,-0.31316653,-0.19532189,-0.14502856,-0.14331596,-0.14862512,-0.12963767,-0.25088155,-0.19214627,-0.18686157,-0.09538831,-0.10932985,-0.10702289,-0.09303662,-0.12759323,-0.15233918,-0.15746465,-0.16579908,-0.12812386,-0.0969081,-0.16398169,-0.14246935,-0.11335766,-0.18846886,-0.1706479,-0.15357232,-0.12572429,-0.115196005,-0.11262965,-0.11662802,-0.17436689,-0.13781585,-0.13372156,-0.096878245,-0.12075059,-0.09210024,-0.12434345,-0.13558318,-0.063823454,-0.13877153,-0.11419349,-0.13355672,-0.24483351,-0.2571875,-0.29957527,-0.1454904,-0.15581715,-0.13168332,-0.19104545,-0.0782174,-0.17111695,-0.16304423,-0.09859173,-0.11065883,-0.11474909,-0.076612435,-0.083404,-0.1213824,-0.13072303,-0.13855581,-0.19385117,-0.09950526,-0.15507188,-0.19487974,-0.19003096,-0.18528134,-0.11152102,-0.14288273,-0.103153944,-0.15760574,-0.1921128,-0.16995582,-0.16830459,-0.14234181,-0.14181851,-0.10269979,-0.15234025,-0.1606789,-0.1800386,-0.19297227,-0.12104356,-0.14626303,-0.11429637,-0.08094019,-0.14204247,-0.20725825,-0.16049604,-0.125103,-0.15657571,-0.15690626,-0.14347664,-0.19202894,-0.16211393,-0.18044078,-0.2963242,-0.19829905,-0.1798753,-0.17092893,-0.19157973,-0.15675893,-0.14054683,-0.13015033,-0.12557748,-0.138067,-0.1633125,-0.30584824,-0.1668061,-0.17953447,-0.19154033,-0.11441202,-0.14956789,-0.14034,-0.17685077,-0.16588014,-0.1634495,-0.14331086,-0.18237996,-0.12886003,-0.15268901,-0.13679346,-0.24156228,-0.17957371,-0.10360226,-0.13547097,-0.14100572,-0.17281356,-0.111063346,-0.13443792,-0.15071616,-0.15866849,-0.18132606,-0.15266582,-0.14826253,-0.19184028,-0.17480649,-0.16276613,-0.14723541,-0.14623587,-0.11499533,-0.10471026,-0.13435273,-0.20148799,-0.17593318,-0.12513243,-0.16597621,-0.18041904,-0.18738703,-0.11705899,-0.17386892,-0.25529075,-0.0932561,-0.09285357,-0.115158156,-0.13519385,-0.14708528,-0.09919846,-0.18704456
k__Bacteria|p__Firmicutes|c__Bacilli|o__Lactobacillales|f__Enterococcaceae|g__Enterococcus|s__Enterococcus_hirae,-0.1004395,-0.12316422,-0.14197174,-0.20428483,-0.16783115,-0.19486505,-0.1666669,-0.14580059,-0.12513638,-0.1848872,-0.18352966,-0.2274136,-0.16979983,-0.20577541,-0.10325678,-0.099303775,-0.058144663,-0.09983668,-0.107894376,-0.17195338,-0.1978925,-0.12536043,-0.13699755,-0.15342472,-0.172681,-0.11658599,-0.16824913,-0.17522424,-0.1509206,-0.12124001,-0.13555531,-0.105685264,-0.14891277,-0.19699824,-0.1904735,-0.2175087,-0.16179809,-0.22338755,-0.19838087,-0.29867563,-0.29210672,-0.19949113,-0.10745198,-0.09162698,-0.13691942,-0.15560606,-0.23188588,-0.19485563,-0.147314,-0.2026537,-0.18469098,-0.18279888,-0.19856653,-0.19981454,-0.20500143,-0.15869394,-0.12624784,-0.14455077,-0.09244373,-0.09582135,-0.1724374,-0.14330414,-0.13743341,-0.14767149,-0.12719077,-0.15187985,-0.2613474,-0.22333384,-0.19009486,-0.20047067,-0.14664572,-0.1500707,-0.13128585,-0.14342642,-0.15200612,-0.1654026,-0.1478302,-0.16278498,-0.16006404,-0.14998752,-0.14797743,-0.15779418,-0.15412456,-0.22480208,-0.120334074,-0.14208984,-0.11863988,-0.16213389,-0.17533427,-0.15630668,-0.169258,-0.11139822,-0.1388583,-0.13027036,-0.12919821,-0.15152657,-0.14304352,-0.11587821,-0.10065024,-0.09029455,-0.10567057,-0.12099084,-0.13560282,-0.15027548,-0.16135477,-0.1185138,-0.11129953,-0.1578567,6.40761,-0.13456865,-0.16476116,-0.25953975,-0.14935535,-0.13291273,-0.14215039,-0.15095688,-0.17780018,-0.1642411,-0.22917573,-0.09015879,-0.11014478,-0.1352151,-0.13018386,-0.13997786,-0.17450142,-0.13908121,-0.16057305,-0.12777606,-0.07092635,-0.03704006,-0.13737974,-0.16308132,-0.18004088,-0.14332479,-0.12334781,-0.13608022,4.5375466,-0.1389404,-0.25318068,-0.26654312,-0.08344932,-0.10945694,-0.14534113,-0.09238048,-0.1886543,-0.19127882,-0.153303,-0.09027304,-0.13230102,-0.15014488,-0.15097831,-0.15990725,-0.17160785,-0.1854049,-0.08777621,-0.12430591,-0.1418436,-0.10256614,-0.17951453,-0.19495486,-0.19277057,-0.10027453,-0.13113372,-0.079596445,-0.12823376,-0.19006202,-0.19471061,-0.19287635,-0.124047056,-0.0752577,-0.09728214,-0.11871539,-0.13697875,-0.12406494,-0.121451,-0.094597936,-0.09651707,-0.10857692,-0.082459606,-0.11300197,-0.13269147,-0.1681731,-0.1410757,-0.13674212,-0.18093297,-0.17825818,-0.19537283,-0.14529522,-0.15549555,-0.1361754,-0.119081676,-0.14001076,-0.19117098,-0.19227958,-0.18246827,-0.19755594,-0.25103784,-0.20219928,-0.19102521,-0.19207746,-0.18345954,-0.1745287,-0.27554205,-0.08916744,-0.11956477,-0.12788615,-0.15751183,-0.20931396,-0.18224281,3.583705,-0.32474133,-0.15112117,-0.3242122,-0.17325558,-0.17108874,-0.2185038,-0.17647925,-0.114121355,-0.14024934,-0.15388772,-0.15788373,-0.22984435,-0.18186735,-0.25760502,-0.10455651,-0.12455491,-0.13897493,-0.12460428,-0.15189947,-0.15603408,-0.15729713,-0.14014931,-0.15141064,-0.16436192,-0.1560742,-0.15442592,-0.15370539,-0.13430476,-0.12345976,-0.14688028,-0.19172646,-0.17782241,-0.21025829,-0.3990198,-0.20246485,-0.11363445,-0.1296617,-0.11886476,-0.14859834,-0.16636807,-0.18796147,-0.1928658,-0.13186893,-0.07665851,-0.15408789,-0.1402956,-0.14106366,-0.11839993,-0.19987361,-0.1649412,-0.15915781,-0.1419717,-0.12385809,-0.12722544,-0.14610182,-0.2588673,-0.107371524,-0.13074079,-0.09132757,-0.12832497,-0.12976731,-0.15034659,-0.15281485,-0.09639799,-0.08910369,-0.124700464,-0.11067639,-0.1383223,-0.15141337,-0.17155392,-0.14361791,-0.116522744,-0.17486286,-0.15246734,-0.1430019,-0.12568572,-0.14286765,-0.17466888,-0.13176009,-0.13282456,-0.146413,-0.12341372,-0.08722703,-0.05825615,-0.14405197,-0.17082691,-0.026243303,-0.16690296,-0.2829064,-0.31316653,-0.19897878,-0.14641614,-0.14331596,-0.14862512,-0.12963767,-0.25088155,-0.1952586,-0.19000608,-0.09467539,-0.109647244,-0.10702289,-0.094253,-0.12759323,-0.1534365,-0.15746465,-0.16807835,-0.12812386,-0.0969081,-0.16398169,-0.14458106,-0.11335766,-0.18846886,-0.1706479,-0.15469268,-0.1263829,-0.115196005,-0.11331977,-0.11662802,-0.17713407,-0.1391887,-0.13505687,-0.096878245,-0.12138356,-0.091785654,-0.12434345,-0.13637322,-0.063823454,-0.13877153,-0.11419349,-0.13422224,-0.24483351,-0.2571875,-0.29957527,-0.14691812,-0.15762079,-0.13285618,-0.19104545,-0.0782174,-0.1733955,-0.16525333,-0.09859173,-0.11065883,-0.114931524,-0.076612435,-0.083404,4.085736,-0.13072303,-0.13855581,-0.19385117,-0.09949863,-0.15651438,-0.19487974,-0.19221877,-0.18815902,-0.1115034,-0.14346626,-0.10335529,-0.16057926,-0.19541138,-0.17412499,-0.16992627,-0.14341521,-0.14317945,-0.10162749,-0.15390651,-0.16236159,-0.18175256,-0.19623193,-0.12168025,-0.14808473,-0.11386376,-0.07991485,-0.1437715,-0.20725825,-0.16174945,-0.125103,-0.15657571,-0.15690626,-0.14407593,-0.19202894,-0.16348755,-0.183412,-0.2963242,-0.19816123,-0.18174455,-0.17208219,-0.19382298,-0.15796152,-0.14054683,-0.13080256,-0.12557748,-0.13876745,-0.16399287,5.2425666,-0.16753475,-0.18246171,-0.19383326,-0.11441202,-0.15128505,-0.14102289,-0.17902172,-0.16796347,-0.16556428,-0.14331086,-0.18237996,-0.12863106,-0.15395176,-0.13805929,-0.24156228,-0.18009277,-0.1034227,-0.13555354,-0.1428003,-0.17568798,-0.110451594,-0.1349825,-0.15343195,-0.16090275,-0.18266289,-0.15531063,-0.15010807,-0.19184028,-0.1764198,-0.16537662,1.6773585,-0.14623587,-0.11499533,-0.10471026,-0.1355149,3.3067763,-0.17835209,-0.12513243,-0.16601945,-0.18041904,-0.18738703,-0.11705899,-0.1782099,-0.26086634,-0.09255657,-0.09225993,-0.11492164,-0.13657045,-0.14870077,-0.09845738,-0.19044846
k__Bacteria|p__Firmicutes|c__Bacilli|o__Lactobacillales|f__Streptococcaceae|g__Streptococcus|s__Streptococcus_SGB4454,-0.1004395,-0.12316422,-0.14070025,-0.20428483,-0.16646057,-0.19455686,-0.1666669,-0.14580333,-0.12380206,-0.18497843,-0.18272893,-0.23284069,-0.17009552,-0.20846003,-0.10308336,-0.09918305,-0.058144663,-0.100375466,-0.106966175,-0.17163846,-0.1978925,-0.12536043,-0.13676667,-0.15373772,-0.17272255,-0.11658599,-0.16740054,-0.17566212,-0.1509206,-0.12124001,-0.13502942,-0.10479368,-0.14830148,-0.1974976,-0.1911223,-0.2175087,-0.15964068,-0.22338755,-0.19802445,-0.29867563,-0.29210672,-0.200778,-0.10741634,-0.09162698,-0.13691942,-0.15483966,-0.23188588,-0.19441968,-0.14707154,3.7016947,-0.18211606,-0.18279888,-0.19834033,-0.20055658,-0.20868257,-0.16106653,-0.12611562,-0.14474256,-0.09211257,-0.09540449,-0.17243302,-0.14346686,-0.13743341,-0.14749695,-0.12719077,-0.15097295,-0.2613474,-0.22333384,-0.18951938,-0.20047067,-0.1470283,-0.14995462,-0.13101704,-0.14352956,-0.15344512,-0.16610858,-0.14812788,-0.16278498,-0.15847954,-0.14998752,-0.14766721,-0.15706095,-0.15388587,-0.22480208,-0.120334074,-0.1418522,-0.118059546,-0.16261838,-0.17564213,-0.15527147,-0.16932255,-0.11139822,-0.1388583,-0.13027036,-0.12922269,-0.15152657,-0.14220402,-0.115714,-0.10065024,-0.08975384,-0.10577682,-0.12107755,-0.13554484,-0.15027548,-0.16151927,-0.1185138,-0.11129953,-0.1578567,-0.17738779,-0.1348369,-0.16341995,1.605027,-0.14874375,-0.13196237,-0.14193606,-0.15095688,-0.17780018,-0.1627382,-0.22917573,-0.09015879,-0.10923919,-0.13479899,-0.13016045,-0.13997786,-0.17384413,-0.13908121,-0.16057305,-0.12777606,-0.07092635,-0.03704006,-0.13690394,-0.16319162,-0.18015958,-0.14332479,-0.12334781,-0.13543431,-0.12023825,-0.13925841,-0.25318068,-0.26654312,-0.082977794,-0.10945694,-0.14622416,-0.09238048,-0.18818015,-0.1911415,-0.15279317,-0.08974427,-0.13230102,-0.14963493,-0.15053189,-0.15970007,-0.17130303,-0.18656947,-0.08689908,-0.12433033,-0.14195393,-0.10256614,-0.17951453,-0.19495486,-0.19362843,-0.10001943,-0.13113372,-0.08003729,-0.12857753,-0.19006202,-0.19482467,-0.19296212,-0.12442037,-0.07437982,-0.09705941,-0.11844818,-0.13695964,-0.12406494,-0.121451,-0.09435697,-0.09627853,-0.10845385,-0.082459606,-0.11315753,-0.13297588,-0.16878325,-0.1410757,-0.13562149,-0.18093297,-0.17825818,-0.19522336,-0.14511095,-0.15549555,-0.13635735,-0.119081676,-0.14001076,-0.19117098,-0.19174398,-0.18126601,-0.19755594,-0.25103784,-0.20219928,-0.18963769,-0.19090159,-0.1830856,-0.17347327,-0.27554205,-0.08916744,-0.11956477,-0.12680203,-0.15751183,-0.20931396,-0.18224281,-0.29657933,-0.32474133,-0.14640157,-0.3242122,-0.17325558,-0.17108874,-0.2185038,-0.17647925,-0.114121355,-0.1390546,-0.15388772,-0.15788373,-0.22984435,-0.18186735,-0.26000088,-0.10417899,-0.12455491,-0.13865572,-0.12445173,-0.15189947,-0.15665734,-0.15799168,-0.14014931,-0.15141064,-0.1649425,-0.15529102,-0.15426622,-0.15326089,-0.13410431,-0.12295668,-0.14599913,-0.19229344,-0.1775368,2.1076357,-0.3990198,-0.20325544,-0.11347644,-0.1296617,-0.11929478,-0.14855617,-0.16636807,-0.18863145,-0.19262062,-0.13108538,-0.07597448,-0.15467092,-0.13982761,-0.14106366,-0.11829512,-0.19987361,-0.1649412,-0.15757346,-0.14137283,-0.12374677,-0.12722544,-0.14610182,-0.2588673,-0.106895454,-0.13074079,-0.09132757,-0.12832497,-0.1299752,-0.14983845,-0.153288,-0.09623018,-0.08910369,-0.12475948,-0.1103011,-0.13793173,-0.15101969,-0.17203674,-0.14339244,-0.115602516,-0.1748766,-0.15205082,-0.14309502,-0.12510702,-0.14341411,-0.17466888,-0.13176009,-0.13247162,-0.14653794,-0.12349422,-0.08722703,-0.05825615,-0.14400627,-0.17082691,-0.026243303,-0.1652697,-0.2829064,-0.31316653,-0.19911078,-0.14625166,-0.14331596,-0.14862512,-0.12963767,-0.25088155,-0.19526216,-0.19031297,-0.09426871,-0.10954444,-0.10702289,-0.09538208,-0.12759323,-0.15292874,-0.15746465,-0.16791093,-0.12812386,-0.0969081,-0.16398169,-0.14537588,-0.11335766,-0.18846886,-0.1706479,-0.15399009,-0.12606025,-0.115196005,-0.113398075,-0.11662802,-0.17772798,-0.13920382,-0.13546701,-0.096878245,-0.121407986,-0.09182069,-0.12434345,-0.1362088,-0.063823454,-0.13877153,-0.11419349,-0.13392869,-0.24483351,-0.2571875,-0.29957527,-0.1467549,-0.15749183,-0.13267373,-0.19104545,-0.0782174,-0.17329514,-0.16546637,-0.09859173,-0.11065883,-0.114902005,-0.076612435,2.4729462,-0.1213824,2.8950884,-0.13855581,-0.19385117,-0.09932959,-0.15595624,-0.19487974,-0.19131397,-0.1882113,-0.11117338,-0.14297983,-0.103312716,-0.16137318,-0.19506198,-0.17562266,-0.16963151,-0.143135,-0.143145,-0.10035742,-0.15381171,-0.16184008,-0.18089959,-0.19639564,-0.12165609,-0.14855471,-0.11316973,-0.079317704,-0.14350541,1.8728657,-0.1611687,-0.125103,-0.15657571,2.8685725,-0.14315298,-0.19202894,-0.16278681,-0.18383794,-0.2963242,-0.19489846,-0.18103975,-0.17138864,-0.19322397,-0.15758966,-0.14054683,-0.13053742,-0.12557748,-0.13853602,-0.16271777,-0.30584824,-0.1658845,-0.18314627,-0.19298938,-0.11441202,-0.15166408,-0.14045551,-0.17848513,-0.16771191,-0.16567288,-0.14331086,-0.18237996,-0.127282,-0.15333435,-0.13749573,-0.24156228,-0.17862114,-0.10306539,-0.13452296,-0.14302886,-0.17627503,-0.109602705,-0.1344845,-0.15435913,-0.16114414,-0.18124174,-0.15603442,-0.15020187,-0.19184028,-0.17562295,-0.16591445,2.4767897,-0.14623587,-0.11499533,-0.10471026,-0.13542086,-0.20148799,-0.17847157,-0.12513243,-0.16400032,-0.18041904,-0.18738703,-0.11705899,-0.17997253,-0.2618817,-0.09214095,-0.09195717,-0.11425044,-0.13675007,-0.14882886,-0.09781642,-0.19097115
k__Bacteria|p__Firmicutes|c__Clostridia|o__Eubacteriales|f__Oscillospiraceae|g__Dysosmobacter|s__Dysosmobacter_welbionis,-0.1004395,-0.12316422,-0.1410242,-0.20428483,-0.16614518,-0.19296204,-0.1666669,-0.14472052,-0.124680966,-0.18267189,-0.18264276,-0.22533694,-0.16926782,-0.20418122,-0.103427865,-0.09947184,-0.058144663,-0.09985742,-0.10762863,-0.17030554,-0.1978925,-0.12536043,-0.13616571,-0.15217263,-0.1710764,-0.11658599,-0.16675791,-0.17362171,-0.1509206,-0.12124001,-0.13475114,-0.10560161,-0.14775738,-0.19501297,-0.188541,-0.2175087,-0.16015795,-0.22338755,-0.19621181,-0.29867563,-0.29210672,-0.19763619,-0.107380845,-0.09162698,-0.13691942,-0.15432972,-0.23188588,-0.1929929,-0.14634696,-0.2026537,-0.182696,-0.18279888,-0.19635312,-0.1979731,-0.2028822,-0.15773582,-0.12563436,-0.14360055,-0.09255415,-0.095770195,-0.17067876,-0.14238626,-0.13743341,-0.14664462,-0.12719077,-0.15072456,1.5991684,-0.22333384,-0.18817914,-0.20047067,-0.14557028,-0.14898932,-0.13050959,-0.14244312,-0.15074143,-0.163867,-0.14655419,-0.16278498,-0.15882376,-0.14998752,-0.14678964,-0.15648644,-0.15293056,-0.22480208,-0.120334074,-0.14116924,-0.118135944,-0.16064158,-0.17356949,-0.15520155,-0.16761172,-0.11139822,-0.1388583,-0.13027036,-0.12852459,-0.15152657,-0.14213237,-0.115605325,-0.10065024,-0.0905269,-0.10552902,-0.120459676,-0.13471152,-0.15027548,-0.15996073,-0.1185138,-0.11129953,-0.1578567,-0.17738779,-0.13394257,-0.16307545,-0.25953975,-0.14824757,-0.13224906,-0.14123401,-0.15095688,-0.17780018,-0.16299026,-0.22917573,-0.09015879,-0.109914765,-0.13442272,-0.12955925,-0.13997786,-0.17299516,-0.13908121,-0.16057305,-0.12777606,-0.07092635,-0.03704006,-0.13655388,-0.16164047,-0.17834613,-0.14332479,-0.12334781,-0.13540763,-0.12023825,-0.13789785,-0.25318068,-0.26654312,-0.08379057,-0.10945694,-0.14436613,-0.09238048,-0.18674615,-0.18935601,-0.15235679,-0.09046075,-0.13230102,-0.14902472,-0.14987034,-0.15852645,-0.17000595,-0.18339032,-0.088029996,-0.12387753,-0.14099109,-0.10256614,-0.17951453,-0.19495486,-0.19081005,-0.1002308,-0.13113372,-0.080028385,-0.1275486,-0.19006202,-0.19268906,-0.19096482,-0.12355344,-0.07581886,-0.09736383,-0.11834119,-0.13619667,-0.12406494,-0.121451,-0.09479255,-0.09677057,-0.10852222,-0.082459606,-0.11283524,-0.13206172,-0.16669911,-0.1410757,-0.13582778,-0.18093297,-0.17825818,-0.19343975,-0.14433974,-0.15549555,-0.13535216,-0.119081676,-0.14001076,-0.19117098,-0.19037962,-0.18073565,-0.19755594,-0.25103784,-0.20219928,-0.18916106,-0.19001156,-0.18173975,-0.17291275,-0.27554205,-0.08916744,-0.11956477,-0.12727168,-0.15751183,-0.20931396,-0.18224281,-0.29657933,-0.32474133,-0.1510069,-0.3242122,-0.17325558,-0.17108874,-0.2185038,-0.17647925,-0.114121355,-0.13934481,-0.15388772,-0.15788373,-0.22984435,-0.18186735,-0.2552364,-0.10446322,-0.12455491,-0.13811332,-0.123977125,-0.15189947,-0.15477815,-0.1560192,-0.14014931,-0.15141064,-0.1627846,-0.15475315,-0.15318954,-0.1526185,-0.13367708,-0.122802466,-0.14580554,-0.1895431,-0.17650473,-0.21025829,4.876605,-0.20177913,-0.113431916,-0.1296617,-0.11855161,-0.14745952,-0.16636807,-0.18608472,-0.19087039,-0.13125682,-0.07705775,-0.15276556,-0.13930407,-0.14106366,-0.11803675,-0.19987361,-0.1649412,-0.15792073,-0.14118001,-0.12346184,-0.12722544,-0.14610182,-0.2588673,-0.10724473,-0.13074079,-0.09132757,-0.12832497,-0.12898222,-0.14922866,-0.15162928,-0.0965299,-0.08910369,-0.12418183,-0.110411406,-0.13749003,-0.15028065,-0.1699754,-0.14263165,-0.11614102,-0.17325243,-0.15141357,-0.14205313,-0.12518758,-0.14194119,-0.17466888,-0.13176009,-0.13204175,-0.14549945,-0.122985065,-0.08722703,-0.05825615,-0.14314212,-0.17082691,-0.026243303,-0.16583018,-0.2829064,-0.31316653,-0.19765016,-0.14533614,-0.14331596,-0.14862512,-0.12963767,-0.25088155,-0.19334528,-0.18805772,-0.09474881,-0.109415434,-0.10702289,-0.094286196,3.5167625,-0.15237977,0.7706187,-0.166615,-0.12812386,-0.0969081,-0.16398169,-0.14353871,-0.11335766,-0.18846886,-0.1706479,-0.15348154,-0.12580895,-0.115196005,-0.11299293,-0.11662802,-0.17556667,-0.13828829,-0.13433193,-0.096878245,-0.12109188,-0.09191151,-0.12434345,-0.13560821,-0.063823454,-0.13877153,-0.11419349,-0.13329068,-0.24483351,-0.2571875,-0.29957527,-0.14586079,-0.15631065,-0.13203216,-0.19104545,-0.0782174,-0.17193511,-0.1638247,-0.09859173,-0.11065883,-0.11465384,-0.076612435,-0.083404,-0.1213824,-0.13072303,-0.13855581,-0.19385117,-0.099435866,-0.15514857,-0.19487974,-0.19020402,-0.18629009,-0.111214966,-0.1426309,-0.10329274,-0.15894729,-0.19333726,-0.17269734,-0.16829215,-0.14246275,-0.14228947,-0.101615965,-0.15273297,-0.1609866,-0.18007964,-0.19427311,-0.12116405,-0.14709835,-0.11370829,-0.080354504,-0.14254642,-0.20725825,-0.16037217,-0.125103,-0.15657571,-0.15690626,-0.14322668,-0.19202894,-0.16203684,-0.18148395,-0.2963242,-0.19641663,-0.1801238,-0.17057852,-0.19188541,-0.15691444,-0.14054683,-0.13011129,-0.12557748,-0.13807458,-0.16237119,-0.30584824,-0.16615447,-0.18058944,-0.19175038,-0.11441202,-0.1501204,-0.1400949,-0.17727382,-0.16642,-0.16412316,-0.14331086,-0.18237996,-0.12803322,-0.15283236,-0.13701996,4.3516436,-0.1785339,-0.103271306,-0.1348075,-0.14176953,-0.17394197,-0.11021855,-0.13423346,-0.15206693,-0.1595543,-0.18088186,-0.1540654,-0.14882204,-0.19184028,-0.17471507,-0.16396192,-0.14723541,-0.14623587,-0.11499533,-0.10471026,-0.1346311,-0.20148799,-0.17657267,-0.12513243,-0.16484381,-0.18041904,-0.18738703,-0.11705899,-0.17640412,-0.2576355,-0.09280276,-0.09247324,-0.11455633,-0.13577792,-0.14766407,-0.09849085,-0.18831366
k__Bacteria|p__Firmicutes|c__CFGB2107|o__OFGB2107|f__FGB2107|g__GGB6020|s__GGB6020_SGB14985,-0.1004395,-0.12316422,-0.14098242,-0.20428483,-0.16648647,-0.193336,-0.1666669,-0.14517976,-0.12507062,-0.18381159,-0.18307352,-0.22076501,-0.17011642,-0.20344944,-0.10339315,-0.0992706,-0.058144663,-0.10008578,-0.10762886,-0.17078972,-0.1978925,-0.12536043,-0.1365485,-0.15270633,-0.17143705,-0.11658599,-0.16775897,-0.17439038,-0.1509206,-0.12124001,-0.13533923,-0.10558294,-0.14834496,-0.19529809,-0.18937,-0.2175087,-0.1600908,-0.22338755,-0.19637054,-0.29867563,-0.29210672,-0.19788697,-0.107546195,-0.09162698,-0.13691942,-0.1548252,-0.23188588,-0.19345585,-0.14676252,-0.2026537,-0.18304408,-0.18279888,-0.19623655,-0.19721556,-0.2014324,-0.158678,-0.12587413,-0.14397904,-0.092573285,-0.09566821,-0.1714583,-0.14271814,-0.13743341,-0.14703074,-0.12719077,-0.15132299,-0.2613474,-0.22333384,-0.18855584,1.1526552,-0.1459707,-0.14947306,-0.13070008,-0.14269987,-0.15127139,-0.16433427,-0.14715454,-0.16278498,-0.15903693,-0.14998752,-0.14741927,-0.15678513,-0.15339877,-0.22480208,-0.120334074,-0.14164022,-0.118269265,-0.16130114,-0.17411548,-0.15534985,-0.16838148,-0.11139822,-0.1388583,-0.13027036,-0.1289753,-0.15152657,-0.1429687,-0.11587739,-0.10065024,-0.09061885,-0.105780095,-0.120688975,-0.13511904,-0.15027548,-0.16076885,-0.1185138,-0.11129953,-0.1578567,-0.17738779,-0.13378337,-0.16310959,-0.25953975,-0.14866698,-0.13258299,-0.14139117,-0.15095688,-0.17780018,-0.16296795,-0.22917573,-0.09015879,-0.110225484,-0.1347684,-0.12977189,-0.13997786,-0.17355332,-0.13908121,-0.16057305,-0.12777606,-0.07092635,-0.03704006,-0.13696115,-0.16239639,-0.17903513,-0.14332479,-0.12334781,-0.13599199,-0.12023825,-0.13849732,-0.25318068,-0.26654312,-0.08388829,-0.10945694,-0.14506873,-0.09238048,-0.18774949,-0.18998851,-0.15312453,-0.09054531,-0.13230102,-0.14955348,-0.1502765,-0.15898123,-0.17052571,-0.18426134,-0.087942086,-0.12385374,-0.14129966,-0.10256614,-0.17951453,-0.19495486,-0.19123611,-0.10026806,-0.13113372,-0.079427466,-0.12789059,-0.19006202,-0.19327122,-0.19150862,-0.12389021,-0.075699486,-0.097323,-0.1184326,-0.13672853,-0.12406494,-0.121451,-0.09468503,-0.0967742,-0.10886179,-0.082459606,-0.113053516,-0.13269001,-0.16747138,-0.1410757,-0.13620868,-0.18093297,-0.17825818,-0.19374013,-0.14465758,-0.15549555,-0.13560866,-0.119081676,-0.14001076,-0.19117098,-0.19064006,-0.18108886,-0.19755594,-0.25103784,-0.20219928,-0.19003364,-0.19057378,-0.1824474,-0.17342545,-0.27554205,-0.08916744,-0.11956477,-0.12790765,-0.15751183,-0.20931396,-0.18224281,3.3874462,-0.32474133,-0.15163928,-0.3242122,-0.17325558,-0.17108874,-0.2185038,2.743294,-0.114121355,-0.1397431,-0.15388772,-0.15788373,-0.22984435,-0.18186735,-0.25357056,-0.10450658,-0.12455491,-0.13873324,-0.1244442,-0.15189947,-0.15542944,-0.15675002,-0.14014931,-0.15141064,-0.16345438,-0.15511337,-0.15365985,-0.15293096,-0.1340937,-0.12319627,-0.14638053,-0.19055101,-0.17687711,-0.21025829,-0.3990198,-0.20193985,-0.11365336,-0.1296617,-0.11863935,-0.14808634,-0.16636807,-0.18700996,-0.191568,-0.13168359,-0.07706618,-0.15331307,-0.13992742,-0.14106366,-0.11839721,-0.19987361,-0.1649412,-0.1583786,-0.14136323,-0.123757645,-0.12722544,-0.14610182,2.2154365,-0.10732727,-0.13074079,-0.09132757,-0.12832497,-0.1295886,-0.14987749,-0.15236042,-0.096633814,-0.08910369,-0.12457052,-0.110639855,-0.1379253,-0.1508874,-0.17056796,-0.14298627,-0.116638064,-0.17388311,-0.15198055,-0.14262348,-0.12525243,-0.14260463,-0.17466888,-0.13176009,-0.13243763,-0.14586543,-0.12319149,-0.08722703,-0.05825615,-0.14353007,-0.17082691,-0.026243303,-0.166056,-0.2829064,-0.31316653,-0.19785208,-0.14575826,-0.14331596,-0.14862512,-0.12963767,-0.25088155,-0.19345592,-0.18863966,-0.09490984,-0.1095791,-0.10702289,-0.09429729,-0.12759323,-0.15301126,-0.15746465,-0.16699976,-0.12812386,-0.0969081,-0.16398169,-0.14428186,-0.11335766,-0.18846886,-0.1706479,-0.15383825,-0.12598448,-0.115196005,-0.11309576,-0.11662802,-0.17649288,-0.13863993,-0.13468137,-0.096878245,-0.12119207,-0.09215544,-0.12434345,-0.13637304,-0.063823454,-0.13877153,-0.11419349,-0.13375157,-0.24483351,-0.2571875,-0.29957527,-0.14612485,-0.15680504,-0.13219726,-0.19104545,-0.0782174,-0.17225045,-0.16444835,-0.09859173,-0.11065883,-0.1152275,-0.076612435,-0.083404,-0.1213824,-0.13072303,-0.13855581,-0.19385117,-0.09915965,-0.15538035,-0.19487974,-0.19090605,-0.1868676,-0.111475915,-0.14317621,-0.10345523,-0.15955284,-0.1936415,-0.17317611,-0.16905393,-0.14285192,-0.14256941,-0.10149994,-0.15328819,-0.16146234,-0.1807749,-0.19476905,-0.121450394,-0.14755401,-0.11407072,-0.080488235,-0.1425394,-0.20725825,-0.16087897,-0.125103,-0.15657571,-0.15690626,-0.14346895,-0.19202894,-0.1625577,-0.1823352,-0.2963242,-0.19591454,-0.18070045,-0.17136967,-0.19246641,-0.15723237,-0.14054683,-0.13043791,-0.12557748,-0.13833672,-0.16288537,-0.30584824,-0.16649532,-0.18127187,-0.19246498,-0.11441202,-0.1507661,-0.14054392,-0.17787293,-0.16681276,-0.16478911,-0.14331086,-0.18237996,-0.12805378,-0.15322584,-0.13667609,-0.24156228,-0.17927012,-0.10340432,-0.13516387,-0.1422089,-0.17448917,-0.11050205,-0.13460216,-0.15287948,-0.15999354,-0.1815518,-0.15453741,-0.14907297,-0.19184028,-0.17514199,-0.16467951,-0.14723541,-0.14623587,-0.11499533,-0.10471026,-0.13504311,-0.20148799,-0.17728367,-0.12513243,-0.16561933,-0.18041904,-0.18738703,-0.11705899,-0.17728004,-0.25805783,-0.09275551,-0.092601046,-0.11473006,-0.136154,-0.14805207,-0.09856812,-0.18915805
k__Bacteria|p__Firmicutes|c__Tissierellia|o__Tissierellales|f__Peptoniphilaceae|g__Peptoniphilus|s__Peptoniphilus_sp_Marseille_P3761,-0.1004395,-0.12316422,-0.14176294,-0.20428483,-0.16662292,-0.19284329,-0.1666669,-0.14496069,-0.12518306,-0.183216,-0.18153465,-0.21987465,-0.16915351,-0.20135489,-0.10335178,-0.099632755,-0.058144663,-0.10020468,-0.10823625,-0.17074522,-0.1978925,-0.12536043,-0.13653088,-0.15226093,-0.17099024,-0.11658599,-0.1673438,-0.17349845,-0.1509206,-0.12124001,-0.13540643,-0.10588321,-0.14846942,-0.19429925,-0.18850751,-0.2175087,-0.16083598,-0.22338755,-0.19609371,-0.29867563,-0.29210672,-0.19684464,-0.10750316,-0.09162698,-0.13691942,-0.1550269,-0.23188588,-0.19323145,-0.14645612,-0.2026537,-0.18300402,-0.18279888,-0.19568747,-0.19668832,-0.20083216,-0.15769124,-0.12591797,-0.14375216,-0.092994265,-0.09625813,-0.17095976,-0.14247394,-0.13743341,-0.14688456,-0.12719077,-0.15151682,-0.2613474,-0.22333384,-0.18794733,-0.20047067,-0.14560035,-0.14910135,-0.1308616,-0.14267404,-0.15055144,-0.16359471,-0.14661443,-0.16278498,-0.15910524,-0.14998752,-0.1473512,-0.15690726,-0.1532765,-0.22480208,-0.120334074,-0.14164598,-0.1187482,-0.16076434,-0.17355347,-0.15554586,-0.16788699,-0.11139822,-0.1388583,-0.13027036,-0.12891392,-0.15152657,-0.14279437,-0.11587082,-0.10065024,-0.090962715,-0.105851516,-0.120730005,-0.13520011,-0.15027548,-0.16020513,-0.1185138,-0.11129953,-0.1578567,-0.17738779,-0.13366854,-0.16391371,-0.25953975,-0.14873278,-0.13274002,-0.14156748,-0.15095688,-0.17780018,-0.16348584,-0.22917573,-0.09015879,-0.110866904,-0.13482963,-0.12969169,-0.13997786,-0.17332241,-0.13908121,-0.16057305,-0.12777606,-0.07092635,-0.03704006,-0.13734509,-0.1619511,-0.1784837,-0.14332479,-0.12334781,-0.13588375,-0.12023825,-0.13830334,-0.25318068,-0.26654312,-0.08422802,-0.10945694,-0.14438763,-0.09238048,-0.18747455,-0.1893394,-0.15280177,-0.09099755,-0.13230102,-0.14962691,-0.15020207,-0.15873972,-0.17017528,-0.18325801,-0.088623196,-0.12406768,-0.14096433,-0.10256614,-0.17951453,-0.19495486,-0.19029799,-0.10064489,-0.13113372,-0.08000458,-0.1280652,-0.19006202,-0.19228955,-0.19093055,-0.12373767,-0.07605878,-0.09765074,-0.118695065,-0.13660347,-0.12406494,-0.121451,-0.09499719,-0.097007364,-0.10882485,-0.082459606,-0.11305959,-0.13237862,-0.16683157,-0.1410757,-0.13663,-0.18093297,-0.17825818,-0.19321305,-0.14474541,-0.15549555,-0.13556725,-0.119081676,-0.14001076,-0.19117098,-0.19021475,-0.18085192,-0.19755594,2.8122973,-0.20219928,-0.18969145,-0.19045089,-0.18192737,-0.17354685,-0.27554205,-0.08916744,-0.11956477,-0.1282659,-0.15751183,-0.20931396,-0.18224281,-0.29657933,0.82912356,-0.15497185,-0.3242122,-0.17325558,-0.17108874,-0.2185038,-0.17647925,-0.114121355,-0.14005648,-0.15388772,-0.15788373,-0.22984435,-0.18186735,-0.25149572,-0.104817286,-0.12455491,-0.13858896,-0.124460205,-0.15189947,-0.15483779,-0.15599312,-0.14014931,-0.15141064,-0.16278823,-0.15521577,-0.15341005,-0.15293592,-0.13397996,-0.12339157,-0.14641035,-0.18945472,-0.17614985,-0.21025829,-0.3990198,-0.20221552,-0.11372529,-0.1296617,-0.11857171,-0.14795376,-0.16636807,-0.1859223,-0.1908897,-0.13198939,-0.077396154,-0.1530565,-0.13991438,-0.14106366,-0.11870237,-0.19987361,-0.1649412,-0.15857613,-0.1415915,-0.12372416,-0.12722544,-0.14610182,-0.2588673,-0.10779954,-0.13074079,-0.09132757,-0.12832497,-0.12943746,-0.14979497,-0.15177722,-0.096767575,-0.08910369,-0.124572195,-0.11091362,-0.1381219,-0.15073693,-0.17008418,-0.14295235,-0.11697802,-0.17359966,-0.15167923,-0.1424339,-0.12543744,-0.14204866,-0.17466888,-0.13176009,-0.13255459,-0.14560738,-0.12305768,-0.08722703,-0.05825615,-0.14345872,-0.17082691,-0.026243303,-0.16671742,-0.2829064,-0.31316653,-0.19743916,-0.14570206,-0.14331596,-0.14862512,-0.12963767,-0.25088155,-0.19276054,-0.18793786,-0.09525379,-0.10972179,-0.10702289,-0.09414288,-0.12759323,-0.15313248,-0.15746465,-0.16662095,-0.12812386,-0.0969081,-0.16398169,-0.14371562,-0.11335766,-0.18846886,-0.1706479,-0.15382692,-0.1260123,-0.115196005,-0.11329891,-0.11662802,-0.17561257,-0.13848847,-0.13426556,-0.096878245,-0.121150166,-0.09235501,-0.12434345,-0.13623117,-0.063823454,-0.13877153,-0.11419349,-0.13410303,-0.24483351,-0.2571875,-0.29957527,-0.14610395,-0.15650532,-0.13229206,-0.19104545,-0.0782174,-0.17186725,-0.16406733,-0.09859173,-0.11065883,-0.115159646,-0.076612435,-0.083404,-0.1213824,-0.13072303,-0.13855581,-0.19385117,-0.09953527,-0.15572666,-0.19487974,-0.19036242,-0.18629584,-0.11171818,-0.14308664,-0.10341747,-0.159069,-0.19305119,-0.1723773,-0.16851115,-0.14279813,-0.14243378,-0.102327526,-0.15318266,-0.16132349,-0.18040112,-0.1938996,-0.12149017,-0.14720248,-0.11411689,-0.080804296,-0.14333725,-0.20725825,-0.16063282,-0.125103,-0.15657571,-0.15690626,-0.1436818,-0.19202894,-0.16245934,-0.1816169,3.4731236,-0.19691883,-0.18066534,-0.17115918,-0.1920977,-0.15720281,-0.14054683,-0.13047132,-0.12557748,-0.13834497,-0.16355145,-0.30584824,-0.16672836,-0.18038046,-0.19198203,-0.11441202,-0.15063617,-0.14076725,-0.17769626,-0.16655633,-0.1643449,-0.14331086,-0.18237996,-0.12862022,-0.15331869,-0.13756964,-0.24156228,-0.17908598,-0.10375096,-0.13551801,-0.14192414,-0.17392969,-0.110868424,-0.13477638,-0.15208203,-0.1595982,-0.18123358,-0.15401,-0.14903219,-0.19184028,-0.17499283,-0.16393337,-0.14723541,-0.14623587,-0.11499533,-0.10471026,-0.13539042,-0.20148799,-0.17664288,-0.12513243,-0.165617,-0.18041904,-0.18738703,-0.11705899,-0.17595138,-0.25567788,-0.09308312,-0.092881635,-0.11517329,-0.13607115,-0.14780445,-0.09906843,-0.1883495
k__Bacteria|p__Firmicutes|c__Bacilli|o__Lactobacillales|f__Enterococcaceae|g__Enterococcus|s__Enterococcus_SGB6173,-0.1004395,-0.12316422,-0.1421596,-0.20428483,-0.1668699,-0.19353835,-0.1666669,-0.14501768,-0.12491761,-0.18326926,-0.18257523,-0.23328519,-0.16943593,-0.20732269,-0.10354759,-0.10025999,-0.058144663,-0.10001674,-0.108182296,-0.17068586,-0.1978925,-0.12536043,-0.13623993,-0.15208238,-0.17161274,-0.11658599,-0.16684233,-0.1735347,-0.1509206,-0.12124001,-0.13493517,-0.10636102,-0.14831957,-0.19627842,-0.18919225,-0.2175087,-0.1608761,-0.22338755,-0.1976448,-0.29867563,-0.29210672,-0.19890556,-0.10759165,-0.09162698,-0.13691942,-0.15498522,-0.23188588,-0.19370013,-0.14676161,-0.2026537,-0.18301821,-0.18279888,-0.19792923,-0.19988921,-0.20634387,-0.1575339,-0.1259844,-0.14392743,-0.09235593,-0.09621234,-0.17105305,-0.14210287,-0.13743341,-0.14694,-0.12719077,-0.15109792,-0.2613474,-0.22333384,-0.18857095,-0.20047067,-0.14573625,-0.14916234,-0.13121475,-0.1430411,-0.15078118,-0.16378996,-0.14643237,-0.16278498,-0.15922184,-0.14998752,-0.14699554,-0.15718497,-0.15312453,-0.22480208,-0.120334074,-0.14149185,-0.11864525,-0.16072276,-0.17389962,-0.15566829,-0.16785619,-0.11139822,-0.1388583,-0.13027036,-0.12863474,-0.15152657,-0.14201689,-0.115532205,-0.10065024,-0.09094026,-0.10586831,-0.1208659,-0.13518834,-0.15027548,-0.16006659,-0.1185138,-0.11129953,-0.1578567,-0.17738779,-0.13404751,-0.16429697,-0.25953975,-0.1486321,-0.1328084,-0.14202835,-0.15095688,-0.17780018,-0.1637874,-0.22917573,-0.09015879,-0.11010546,-0.13476372,-0.12996385,-0.13997786,-0.17353177,-0.13908121,-0.16057305,-0.12777606,-0.07092635,-0.03704006,-0.13728854,-0.16193196,-0.17851731,-0.14332479,-0.12334781,-0.1355209,-0.12023825,-0.13846225,-0.25318068,0.6171786,-0.08394786,-0.10945694,-0.14445621,-0.09238048,-0.1874409,-0.1902957,-0.15310034,-0.09077476,-0.13230102,-0.14944974,-0.1503517,-0.15900877,-0.17049375,-0.18347566,-0.08849202,-0.12404503,-0.14122216,-0.10256614,-0.17951453,-0.19495486,-0.19126795,-0.10052678,-0.13113372,-0.080995455,-0.12825078,-0.19006202,-0.19342704,-0.19167197,-0.12332004,-0.07589126,-0.09771678,-0.11898398,-0.13659096,-0.12406494,-0.121451,-0.095134065,-0.0972018,-0.10880401,-0.082459606,-0.11325811,-0.1322571,-0.16681506,-0.1410757,-0.13639602,-0.18093297,-0.17825818,-0.19456036,-0.1449678,3.0262403,-0.13564962,-0.119081676,-0.14001076,-0.19117098,-0.19153629,-0.18135193,-0.19755594,-0.25103784,-0.20219928,-0.18966211,-0.19101153,-0.18249032,-0.17411214,-0.27554205,-0.08916744,-0.11956477,-0.12778816,-0.15751183,-0.20931396,-0.18224281,-0.29657933,-0.32474133,-0.15231353,-0.3242122,-0.17325558,-0.17108874,-0.2185038,-0.17647925,-0.114121355,-0.13992923,-0.15388772,-0.15788373,-0.22984435,-0.18186735,-0.26079965,-0.104831904,-0.12455491,-0.13838139,-0.12429703,-0.15189947,-0.15485406,-0.15598503,-0.14014931,-0.15141064,-0.1628329,-0.15513518,-0.15339515,-0.15313253,-0.13425401,-0.123117685,-0.14613771,-0.18993673,-0.17690633,-0.21025829,-0.3990198,-0.20452842,-0.11369137,-0.1296617,-0.11898997,-0.14785573,1.0327283,-0.18610363,-0.19145274,-0.13153742,-0.07734227,-0.15307802,-0.13978037,-0.14106366,-0.11769738,-0.19987361,-0.1649412,-0.15833822,-0.1418009,-0.12377266,-0.12722544,-0.14610182,-0.2588673,-0.107674405,-0.13074079,-0.09132757,-0.12832497,-0.12918636,-0.14949396,-0.15155603,-0.09668408,-0.08910369,-0.12449846,-0.11087723,-0.13798988,-0.15065752,-0.17034167,-0.14289427,-0.11633694,-0.17361984,-0.15168618,-0.14235596,-0.12578195,-0.14176396,-0.17466888,-0.13176009,-0.13237318,-0.14568575,-0.123217165,-0.08722703,-0.05825615,-0.14334857,-0.17082691,-0.026243303,-0.1665896,-0.2829064,-0.31316653,-0.19906607,-0.14567807,-0.14331596,-0.14862512,-0.12963767,-0.25088155,-0.19423965,-0.18841812,-0.09495108,-0.1096115,-0.10702289,-0.09447789,-0.12759323,-0.15269078,-0.15746465,-0.16701603,-0.12812386,-0.0969081,-0.16398169,-0.14342597,-0.11335766,-0.18846886,-0.1706479,-0.15390158,-0.12589453,-0.115196005,-0.11337264,-0.11662802,-0.17560875,-0.13856977,-0.13458773,-0.096878245,-0.12153001,-0.09214291,-0.12434345,-0.13543275,-0.063823454,-0.13877153,-0.11419349,-0.13396293,1.6603857,-0.2571875,-0.29957527,-0.14634451,-0.15672745,-0.13255842,-0.19104545,-0.0782174,-0.17251065,-0.16412492,-0.09859173,-0.11065883,-0.11427175,-0.076612435,-0.083404,-0.1213824,-0.13072303,2.0081348,-0.19385117,-0.09979631,-0.15564142,-0.19487974,-0.19090596,-0.18693785,-0.11150505,-0.14290479,-0.10324859,-0.15911078,-0.19429055,-0.17279543,-0.16893962,-0.14284053,-0.14269695,-0.10236359,-0.1531977,-0.16140476,-0.18075925,-0.19535151,-0.121414945,-0.14719579,-0.113686785,-0.08041428,-0.14351553,-0.20725825,-0.16065657,-0.125103,-0.15657571,-0.15690626,-0.14360753,-0.19202894,-0.16238219,-0.18161538,-0.2963242,-0.19950904,-0.18127854,-0.17166692,-0.19334891,-0.15764126,-0.14054683,-0.1305133,-0.12557748,-0.13827835,-0.16373053,-0.30584824,-0.16647562,-0.18102717,-0.19255134,-0.11441202,-0.15044285,-0.14069512,-0.17780823,-0.16682962,-0.1643621,-0.14331086,-0.18237996,-0.12858292,-0.15321979,-0.13819867,-0.24156228,-0.17926896,-0.103692725,-0.13518788,-0.14204648,-0.17429367,-0.1105656,-0.13463011,-0.15201214,-0.15992752,-0.18165924,-0.15419179,-0.14929864,-0.19184028,-0.17521912,-0.16374615,-0.14723541,-0.14623587,-0.11499533,-0.10471026,-0.13526613,-0.20148799,-0.17676258,-0.12513243,-0.1651689,-0.18041904,-0.18738703,-0.11705899,-0.17605858,-0.26079887,-0.093059085,-0.09267776,-0.115091324,-0.13623457,-0.14814988,-0.099032745,-0.18875483
k__Bacteria|p__Firmicutes|c__Clostridia|o__Eubacteriales|f__Eubacteriaceae|g__Eubacterium|s__Eubacterium_callanderi,-0.1004395,-0.12316422,-0.14180487,-0.20428483,-0.16695371,-0.19273676,-0.1666669,-0.14505416,-0.12583476,-0.18364727,-0.18278943,-0.21509165,-0.16938828,-0.20019208,-0.10326614,-0.09891285,-0.058144663,-0.09973857,-0.10820888,-0.1706365,-0.1978925,6.3536444,-0.1365399,-0.1522076,-0.170998,-0.11658599,-0.16784701,-0.17344975,-0.1509206,-0.12124001,-0.13545913,-0.106131755,-0.14847219,-0.19454211,-0.18836005,-0.2175087,-0.16095456,-0.22338755,-0.19590464,-0.29867563,-0.29210672,-0.19644019,-0.10734704,-0.09162698,-0.13691942,-0.15499918,-0.23188588,-0.19316605,-0.14660698,-0.2026537,-0.1844181,-0.18279888,-0.19601546,-0.195984,-0.19898799,-0.15724178,-0.12579355,-0.14357418,-0.092757106,-0.096090674,-0.17117171,-0.14230862,-0.13743341,-0.14682946,-0.12719077,-0.15171956,-0.2613474,-0.22333384,-0.18834263,-0.20047067,-0.1454756,-0.14923297,-0.13070951,-0.14255635,-0.15025356,-0.16356131,-0.14657648,-0.16278498,-0.1595214,-0.14998752,-0.14746904,-0.15700924,-0.15324321,-0.22480208,-0.120334074,-0.1415877,-0.11862253,-0.16079174,-0.17358503,-0.15553212,-0.1679078,-0.11139822,-0.1388583,-0.13027036,-0.1290099,-0.15152657,-0.14334168,-0.115845695,-0.10065024,-0.09108485,-0.1057733,-0.12058887,-0.13507834,-0.15027548,-0.16023672,-0.1185138,-0.11129953,-0.1578567,-0.17738779,-0.13312997,-0.16394037,-0.25953975,-0.14877686,-0.13292503,-0.14144143,-0.15095688,-0.17780018,-0.16355887,-0.22917573,-0.09015879,-0.1108364,-0.1348513,-0.12964085,-0.13997786,-0.17350255,-0.13908121,-0.16057305,-0.12777606,-0.07092635,-0.03704006,-0.13734862,-0.16201311,-0.1784009,-0.14332479,-0.12334781,-0.13624418,-0.12023825,-0.13825664,-0.25318068,-0.26654312,-0.08418331,-0.10945694,-0.1442332,-0.09238048,-0.18763074,-0.18956126,-0.15297799,-0.09087022,-0.13230102,-0.14966339,-0.1502738,-0.1587419,-0.17031151,-0.18306848,-0.08846797,-0.12360597,-0.14062059,-0.10256614,-0.17951453,-0.19495486,-0.19003767,-0.100579396,-0.13113372,-0.07943477,-0.12799501,-0.19006202,-0.19253907,-0.19083588,-0.12333333,-0.076244436,-0.09747931,-0.11862195,-0.13660178,-0.12406494,-0.121451,-0.09470978,-0.096954554,-0.10877878,-0.082459606,-0.113098115,-0.13250542,-0.16666695,-0.1410757,-0.13679032,-0.18093297,-0.17825818,-0.19317715,-0.14462352,-0.15549555,-0.1352652,-0.119081676,-0.14001076,-0.19117098,-0.19018668,-0.18102488,-0.19755594,-0.25103784,-0.20219928,-0.1902873,-0.19086865,-0.18221991,-0.17370728,-0.27554205,-0.08916744,-0.11956477,-0.12865466,-0.15751183,-0.20931396,-0.18224281,-0.29657933,-0.32474133,-0.15375087,-0.3242122,-0.17325558,-0.17108874,-0.2185038,-0.17647925,-0.114121355,-0.14033493,-0.15388772,-0.15788373,-0.22984435,-0.18186735,-0.25078446,-0.10469496,-0.12455491,-0.13882238,-0.12454976,-0.15189947,-0.15480505,-0.1559009,-0.14014931,-0.15141064,-0.16277522,-0.15531929,-0.15339515,-0.15288615,-0.13393101,-0.12353477,-0.14684144,-0.18973209,-0.17635453,-0.21025829,4.4478602,-0.20051117,-0.11370409,-0.1296617,-0.118431196,-0.14809379,-0.16636807,-0.18607815,-0.19111559,-0.13182274,-0.07769343,-0.152874,-0.1400592,-0.14106366,-0.1181764,-0.19987361,-0.1649412,-0.15892121,-0.14132011,-0.123792104,-0.12722544,-0.14610182,-0.2588673,-0.107556716,-0.13074079,-0.09132757,-0.12832497,-0.1294211,-0.1500201,-0.15164277,-0.096629724,-0.08910369,-0.12443745,-0.110966414,-0.13796005,-0.15094164,-0.16975978,-0.14296143,-0.117206,-0.17351374,-0.15197842,-0.14231104,-0.12556145,-0.14193103,-0.17466888,-0.13176009,-0.1324829,-0.14563908,-0.12290969,-0.08722703,-0.05825615,-0.14337206,-0.17082691,-0.026243303,-0.1661867,3.685176,4.6679616,-0.19665085,-0.14561075,-0.14331596,-0.14862512,-0.12963767,-0.25088155,-0.19272159,-0.18782672,-0.095247716,-0.109595954,-0.10702289,-0.093765005,-0.12759323,-0.15305525,-0.15746465,-0.16666186,-0.12812386,-0.0969081,-0.16398169,-0.14347568,-0.11335766,-0.18846886,-0.1706479,-0.1538215,-0.12591416,-0.115196005,-0.11300294,-0.11662802,-0.17559944,-0.13838273,-0.13418815,-0.096878245,-0.121060014,-0.09228809,-0.12434345,-0.13621517,-0.063823454,-0.13877153,-0.11419349,-0.1338953,-0.24483351,-0.2571875,-0.29957527,-0.14599243,-0.15657863,-0.13231048,3.351791,-0.0782174,-0.17177968,-0.16396335,-0.09859173,-0.11065883,-0.115133286,-0.076612435,-0.083404,-0.1213824,-0.13072303,-0.13855581,-0.19385117,-0.099138595,-0.15563147,-0.19487974,-0.1908274,-0.18620294,-0.11165048,-0.14311466,-0.103529856,-0.1589616,-0.19334571,-0.17165795,-0.1688618,-0.14277495,-0.14228168,-0.10229245,-0.1531773,-0.16151507,-0.18073256,-0.19400755,-0.121446885,-0.14711118,-0.11440572,-0.08104797,-0.14273465,-0.20725825,-0.16066381,-0.125103,-0.15657571,-0.15690626,-0.1437447,-0.19202894,-0.16257226,-0.18156216,-0.2963242,-0.19706282,-0.18095532,-0.17172712,-0.19227138,-0.15725322,-0.14054683,-0.13041545,-0.12557748,-0.13830473,-0.16301155,-0.30584824,-0.16693096,-0.1806055,-0.19240028,-0.11441202,-0.15053827,-0.140789,-0.17767105,-0.16663319,-0.16428128,-0.14331086,-0.18237996,-0.1287044,-0.15325806,-0.13709576,-0.24156228,-0.17953001,-0.10358948,-0.13560382,-0.14188881,-0.17385325,-0.11091728,-0.13484105,-0.15203267,-0.15942498,-0.18182132,-0.15371889,-0.14895482,-0.19184028,-0.17513096,-0.16382681,-0.14723541,-0.14623587,-0.11499533,-0.10471026,-0.13516405,-0.20148799,-0.17658979,-0.12513243,-0.16606331,-0.18041904,-0.18738703,-0.11705899,-0.17563139,-0.25678113,-0.09295182,-0.09279849,-0.11516917,-0.13595414,-0.14770435,-0.0990738,-0.18833971
k__Bacteria|p__Firmicutes|c__Clostridia|o__Eubacteriales|f__Lachnospiraceae|g__GGB3602|s__GGB3602_SGB66069,-0.1004395,-0.12316422,-0.14317381,-0.20428483,-0.16895497,-0.19614384,-0.1666669,-0.1467608,-0.12653352,-0.18626346,-0.18535711,-0.22566997,-0.17141306,-0.20604303,-0.10401642,-0.099721014,-0.058144663,-0.100429125,-0.10860957,-0.1732595,-0.1978925,-0.12536043,-0.13797931,-0.15435836,-0.1736926,-0.11658599,-0.16971716,-0.17643434,-0.1509206,-0.12124001,-0.13663349,-0.1065491,-0.15002987,-0.19823916,-0.19171247,-0.2175087,-0.16285881,-0.22338755,-0.19946398,-0.29867563,-0.29210672,-0.20078972,-0.108200885,-0.09162698,-0.13691942,-0.15672565,-0.23188588,-0.19625957,-0.1484411,-0.2026537,-0.18638033,6.831752,-0.19973317,-0.20059349,-0.20522253,-0.15984163,-0.12708473,-0.1454635,-0.09305079,-0.09641722,-0.17359433,-0.14421503,-0.13743341,-0.14864226,-0.12719077,-0.15317273,-0.2613474,-0.22333384,-0.19150516,-0.20047067,-0.14751299,-0.15109915,-0.13211745,-0.14433992,-0.15276931,-0.16632739,-0.14875662,-0.16278498,-0.16123514,-0.14998752,-0.14903526,-0.1588676,-0.15526438,-0.22480208,-0.120334074,-0.14310196,-0.1194736,-0.16316849,-0.1764279,-0.15744914,-0.17045629,-0.11139822,-0.1388583,-0.13027036,-0.13024269,-0.15152657,-0.1444547,-0.116788715,-0.10065024,-0.091069944,-0.10643353,-0.12180168,-0.13650097,-0.15027548,-0.16246596,-0.1185138,-0.11129953,-0.1578567,-0.17738779,-0.13518068,-0.16603437,-0.25953975,-0.1504345,-0.13399506,-0.14306048,-0.15095688,-0.17780018,-0.1656177,-0.22917573,-0.09015879,-0.111123994,-0.13620067,-0.13104466,-0.13997786,-0.1758261,-0.13908121,-0.16057305,-0.12777606,-0.07092635,-0.03704006,-0.1385198,-0.16427724,-0.18124428,-0.14332479,-0.12334781,-0.13728,-0.12023825,-0.1397368,-0.25318068,-0.26654312,-0.084049955,-0.10945694,-0.14624743,-0.09238048,-0.19017476,-0.19261853,-0.15453172,-0.09092373,-0.13230102,-0.1512877,-0.15207571,-0.1609487,-0.17283039,-0.1864213,-0.08837946,-0.12509924,-0.14257127,-0.10256614,-0.17951453,-0.19495486,-0.19378506,-0.10102528,-0.13113372,-0.07987744,-0.12925068,-0.19006202,-0.19598012,-0.19409579,-0.12478753,-0.07579876,-0.09791957,-0.11958982,-0.13798243,-0.12406494,-0.121451,-0.095161594,-0.09724659,-0.10943387,-0.082459606,-0.11389192,-0.1337812,-0.16929497,-0.1410757,-0.13784358,-0.18093297,-0.17825818,-0.19653809,-0.14638472,-0.15549555,-0.13702413,-0.119081676,-0.14001076,-0.19117098,-0.19340602,-0.18380994,-0.19755594,-0.25103784,-0.20219928,-0.19271258,-0.19355398,-0.18488526,-0.17591405,-0.27554205,-0.08916744,-0.11956477,-0.12917307,-0.15751183,-0.20931396,-0.18224281,-0.29657933,-0.32474133,-0.15308543,-0.3242122,-0.17325558,-0.17108874,-0.2185038,-0.17647925,-0.114121355,-0.14140987,-0.15388772,-0.15788373,-0.22984435,-0.18186735,-0.2586264,-0.105266094,-0.12455491,-0.1401175,-0.12560329,-0.15189947,-0.15700078,-0.15830728,-0.14014931,-0.15141064,-0.1653395,-0.15715572,-0.15544032,-0.15480672,-0.135297,-0.12437921,-0.14823657,-0.19288635,-0.17930332,-0.21025829,0.823729,-0.2047576,-0.114504874,-0.1296617,-0.11972222,-0.14974828,-0.16636807,-0.18925625,-0.1942688,-0.13290496,-0.07723795,-0.15512127,-0.1413399,-0.14106366,-0.1194154,-0.19987361,-0.1649412,-0.16045147,-0.14295055,-0.12481359,-0.12722544,-0.14610182,-0.2588673,-0.10817287,-0.13074079,-0.09132757,-0.12832497,-0.13068786,-0.15154742,-0.15378585,-0.09705678,-0.08910369,-0.12561306,-0.111533284,-0.13935807,-0.1526314,-0.17257519,-0.14463924,-0.11760888,-0.17605779,-0.15374333,-0.14395252,-0.12658206,-0.14397296,-0.17466888,-0.13176009,-0.13377109,-0.14743513,-0.124201305,-0.08722703,-0.05825615,-0.14504436,-0.17082691,-0.026243303,-0.16841692,-0.2829064,-0.31316653,-0.20060913,-0.14737178,-0.14331596,-0.14862512,-0.12963767,-0.25088155,-0.19640683,-0.19119018,-0.09535737,-0.11038606,-0.10702289,-0.09465347,-0.12759323,-0.15476543,-0.15746465,-0.16918147,-0.12812386,-0.0969081,-0.16398169,-0.14550638,-0.11335766,-0.18846886,-0.1706479,-0.1556957,-0.12718442,-0.115196005,-0.114023,-0.11662802,-0.17836034,-0.1401018,-0.13584551,-0.096878245,-0.12225428,-0.09246133,-0.12434345,-0.13745502,-0.063823454,-0.13877153,-0.11419349,-0.13507476,-0.24483351,-0.2571875,-0.29957527,-0.14786933,-0.15860634,-0.13382542,-0.19104545,-0.0782174,-0.1745464,-0.16634066,-0.09859173,-0.11065883,-0.115855694,-0.076612435,-0.083404,-0.1213824,-0.13072303,-0.13855581,-0.19385117,-0.0998577,-0.15768836,-0.19487974,-0.1937442,-0.18939042,-0.112369016,-0.14447409,-0.10417472,-0.16148008,-0.19680203,-0.1752074,-0.17120425,-0.14442305,-0.14408389,-0.10246419,-0.15507188,-0.16357604,-0.1832181,-0.19758928,-0.12254037,-0.14907369,-0.11496709,-0.08069982,-0.14474322,-0.20725825,-0.1628448,-0.125103,-0.15657571,-0.15690626,-0.1452298,-0.19202894,-0.16471842,-0.1845306,-0.2963242,-0.19972612,-0.18336295,-0.17358273,-0.19522324,-0.15922959,-0.14054683,-0.13173719,-0.12557748,-0.13986352,-0.1650359,-0.30584824,-0.16890356,-0.18353131,-0.19527587,-0.11441202,-0.15237804,-0.14212503,-0.18031073,-0.16909769,-0.1666516,-0.14331086,-0.18237996,-0.12973864,-0.15503737,-0.13889827,0.7626512,-0.18163532,-0.10411966,-0.1366227,-0.14372331,-0.17675164,-0.11132237,-0.13608262,-0.15440077,-0.16182497,-0.1841188,-0.1561887,-0.15105622,-0.19184028,-0.17765197,-0.16641136,-0.14723541,-0.14623587,-0.11499533,-0.10471026,-0.13655622,-0.20148799,-0.17942789,-0.12513243,-0.16749711,-0.18041904,-0.18738703,-0.11705899,-0.17899826,-0.2625892,-0.09323892,-0.09295049,-0.115815155,-0.13753898,-0.14966354,-0.09924668,-0.19168027
k__Bacteria|p__Firmicutes|c__Clostridia|o__Eubacteriales|f__Clostridiaceae|g__Clostridium|s__Clostridium_tertium,-0.1004395,-0.12316422,-0.14143926,-0.20428483,-0.16673654,-0.1934302,-0.1666669,-0.1449348,-0.1249773,-0.18339694,-0.18362781,-0.22237639,-0.1693225,-0.20410845,-0.10304165,-0.098934054,-0.058144663,-0.09950489,-0.1073671,-0.17083146,-0.1978925,-0.12536043,-0.1362226,-0.1522446,-0.1713008,-0.11658599,-0.16762158,-0.17401856,-0.1509206,-0.12124001,-0.13512821,-0.10539205,-0.14822644,-0.19545698,-0.18910815,-0.2175087,-0.16054246,-0.22338755,-0.19679356,-0.29867563,-0.29210672,-0.19795564,-0.10705453,-0.09162698,-0.13691942,-0.1549356,2.4769104,-0.19386834,-0.14638975,-0.2026537,-0.183795,-0.18279888,-0.19673972,-0.19761577,-0.2019983,-0.15774076,-0.12553468,-0.14368457,-0.09202129,-0.09524712,-0.17115264,-0.1424099,-0.13743341,-0.146851,-0.12719077,-0.15127327,-0.2613474,-0.22333384,-0.1887615,-0.20047067,-0.14556012,-0.14915837,-0.13042066,-0.14250311,-0.15052691,-0.16394985,-0.1465475,-0.16278498,-0.15933496,-0.14998752,-0.14709435,-0.15689087,-0.15320757,-0.22480208,-0.120334074,-0.14143011,-0.1180722,-0.16091453,-0.17387338,-0.15557967,-0.16816229,-0.11139822,-0.1388583,-0.13027036,-0.12854315,-0.15152657,-0.14273244,-0.115400136,-0.10065024,-0.09022793,-0.105248794,-0.12028243,-0.1348173,-0.15027548,-0.16035222,-0.1185138,-0.11129953,-0.1578567,-0.17738779,-0.1333529,-0.16355905,-0.25953975,-0.14859724,-0.13250239,-0.14136827,-0.15095688,-0.17780018,-0.16360286,-0.22917573,-0.09015879,-0.11006118,-0.13462725,-0.12943687,-0.13997786,-0.17377494,-0.13908121,-0.16057305,-0.12777606,-0.07092635,-0.03704006,-0.13705829,-0.16207732,-0.17891352,2.3593981,-0.12334781,-0.13581604,-0.12023825,-0.13795944,-0.25318068,-0.26654312,-0.08325006,-0.10945694,-0.14438593,-0.09238048,-0.18783498,-0.19019459,-0.15292713,-0.090034105,-0.13230102,-0.14948997,-0.1502129,-0.15879044,-0.17044696,-0.18362235,-0.087613046,-0.123677894,-0.14106418,-0.10256614,-0.17951453,-0.19495486,-0.19096836,-0.09983426,-0.13113372,-0.07896584,-0.12758332,-0.19006202,-0.19317335,-0.19157375,-0.123403914,-0.07513051,-0.09687419,-0.11825077,-0.13644685,-0.12406494,-0.121451,-0.094234355,-0.096443504,-0.10840236,-0.082459606,-0.11268614,-0.13229026,-0.16713843,-0.1410757,-0.1361885,-0.18093297,-0.17825818,-0.19395727,-0.14460263,-0.15549555,-0.13526267,-0.119081676,-0.14001076,-0.19117098,-0.19095957,-0.18133037,-0.19755594,-0.25103784,-0.20219928,-0.19020328,-0.19098797,-0.18245135,-0.17375043,-0.27554205,-0.08916744,-0.11956477,-0.12786236,-0.15751183,-0.20931396,-0.18224281,-0.29657933,-0.32474133,-0.15380211,-0.3242122,-0.17325558,-0.17108874,-0.2185038,-0.17647925,-0.114121355,-0.13980311,-0.15388772,-0.15788373,-0.22984435,-0.18186735,-0.2548356,-0.104126826,-0.12455491,-0.13846469,-0.12398433,-0.15189947,-0.15502802,-0.15614903,-0.14014931,4.9505286,-0.16295074,-0.15514664,-0.15341195,-0.15302062,-0.13377334,-0.12279019,-0.1462368,-0.19004014,-0.17711422,-0.21025829,-0.3990198,-0.20296958,-0.11329319,-0.1296617,-0.11831194,-0.14779843,-0.16636807,-0.18668197,-0.19157909,-0.13161051,-0.07630429,-0.15294099,-0.13962416,-0.14106366,-0.118146025,-0.19987361,-0.1649412,-0.1586875,-0.14140338,-0.12347613,-0.12722544,-0.14610182,-0.2588673,-0.10707484,-0.13074079,-0.09132757,-0.12832497,-0.12896308,-0.14978541,-0.15177715,-0.09608277,-0.08910369,-0.12419249,-0.110330224,-0.13774222,-0.15077066,-0.17025109,-0.14280754,-0.1162952,-0.17394206,-0.1518785,-0.14222933,-0.12521222,-0.14202285,-0.17466888,-0.13176009,-0.13205966,-0.1457322,-0.12277116,-0.08722703,-0.05825615,-0.1434467,-0.17082691,-0.026243303,-0.16694629,-0.2829064,-0.31316653,-0.19842312,-0.14551508,-0.14331596,-0.14862512,-0.12963767,-0.25088155,-0.1936038,-0.18844257,-0.0943825,-0.10909368,-0.10702289,-0.09334405,-0.12759323,-0.15306613,-0.15746465,-0.16694611,-0.12812386,-0.0969081,3.4068525,-0.14361784,-0.11335766,-0.18846886,-0.1706479,-0.15374443,-0.12560819,-0.115196005,-0.112600565,-0.11662802,-0.17613865,-0.13830718,-0.13421384,-0.096878245,-0.12095772,-0.09147674,-0.12434345,-0.13593262,-0.063823454,-0.13877153,-0.11419349,-0.13355443,-0.24483351,-0.2571875,-0.29957527,-0.14599395,-0.15658109,-0.13192186,-0.19104545,-0.0782174,-0.17223242,-0.16423611,-0.09859173,-0.11065883,-0.1147031,-0.076612435,-0.083404,-0.1213824,-0.13072303,1.8637352,-0.19385117,-0.098616816,-0.15549819,-0.19487974,-0.19102146,-0.1867945,-0.11103855,-0.14304766,-0.10280353,-0.15901184,-0.19383349,-0.17279315,-0.16901109,-0.14269488,-0.14236249,-0.10149046,-0.15317914,-0.16149867,-0.18093754,-0.19500631,-0.12101705,-0.14730097,-0.113783106,-0.07981296,-0.14266932,-0.20725825,-0.16073406,-0.125103,-0.15657571,-0.15690626,-0.14360318,-0.19202894,-0.16252445,-0.18192568,-0.2963242,-0.19758596,-0.18103947,-0.17165625,-0.19279008,-0.15747389,-0.14054683,-0.13015798,-0.12557748,-0.13833287,-0.16287515,-0.30584824,-0.16687936,-0.1809366,-0.19260424,-0.11441202,-0.15053225,-0.14046714,-0.17795773,-0.16676287,-0.16445398,-0.14331086,-0.18237996,-0.12811299,-0.15324864,-0.13693023,-0.24156228,-0.17962116,-0.10289813,-0.13520494,-0.1417281,-0.17432594,-0.11011335,-0.13448763,-0.1522148,-0.15977311,-0.18180564,-0.15394887,-0.14886522,-0.19184028,-0.17530912,-0.16412,-0.14723541,-0.14623587,-0.11499533,-0.10471026,-0.13484868,-0.20148799,-0.17697012,-0.12513243,-0.16608009,1.2807293,-0.18738703,-0.11705899,-0.17623225,-0.25861168,-0.09234144,-0.09203775,-0.1145679,-0.13583182,-0.14781171,-0.09819443,-0.18901339
k__Bacteria|p__Firmicutes|c__Clostridia|o__Eubacteriales|f__Lachnospiraceae|g__Lachnospira|s__Lachnospira_pectinoschiza,-0.1004395,-0.12316422,-0.14112434,-0.20428483,-0.16665503,-0.19289565,-0.1666669,-0.14510164,-0.12531842,-0.18339525,-0.18357457,-0.21521017,-0.16957414,-0.20109501,-0.10323551,-0.09872791,-0.058144663,-0.099811584,-0.10761048,-0.17067891,-0.1978925,-0.12536043,-0.13649875,-0.15246293,-0.17100406,-0.11658599,-0.16789003,-0.1741151,-0.1509206,-0.12124001,-0.13542286,-0.10541497,-0.14829096,-0.19450021,-0.18869045,-0.2175087,-0.16050379,-0.22338755,-0.19580108,-0.29867563,-0.29210672,-0.19663528,-0.107257836,-0.09162698,-0.13691942,-0.15500468,-0.23188588,-0.19330157,-0.1464197,-0.2026537,-0.18406624,-0.18279888,-0.1954197,-0.1958709,-0.19890851,-0.15792868,-0.12566379,-0.14366333,-0.09257458,-0.09547925,-0.17112851,-0.14268291,-0.13743341,-0.14693408,-0.12719077,-0.15139613,-0.2613474,-0.22333384,-0.18843995,-0.20047067,-0.1456248,-0.14927247,-0.13028945,-0.1423526,-0.15058835,-0.16399577,-0.14680627,-0.16278498,-0.15933004,-0.14998752,-0.1473094,-0.15676817,-0.15327197,-0.22480208,-0.120334074,-0.14156368,-0.11827415,-0.16099939,-0.17381157,-0.15548572,-0.16816285,-0.11139822,-0.1388583,-0.13027036,-0.12880205,-0.15152657,-0.14329706,-0.11581884,-0.10065024,-0.09059526,-0.10552456,-0.12034491,-0.13491023,-0.15027548,-0.16053626,-0.1185138,-0.11129953,-0.1578567,-0.17738779,-0.13311924,-0.1630541,-0.25953975,-0.1487174,-0.13260624,-0.14115381,-0.15095688,-0.17780018,-0.16325228,-0.22917573,-0.09015879,-0.1105584,-0.1347949,-0.12948006,-0.13997786,-0.17363718,-0.13908121,-0.16057305,-0.12777606,-0.07092635,-0.03704006,-0.13702706,-0.16215175,-0.17886192,-0.14332479,-0.12334781,-0.13611633,-0.12023825,-0.13808487,7.2426333,-0.26654312,-0.08374003,-0.10945694,-0.14448063,-0.09238048,-0.18766958,-0.1897016,-0.15296948,-0.09042124,-0.13230102,-0.14962354,-0.1502215,-0.1587182,-0.17027356,-0.1834686,-0.08790204,-0.12368531,-0.14106408,-0.10256614,-0.17951453,-0.19495486,-0.19046746,-0.10013958,-0.13113372,-0.07867317,-0.1276106,-0.19006202,-0.19264393,-0.19109215,-0.123841174,-0.07563765,-0.09698756,-0.118241705,-0.13661236,-0.12406494,-0.121451,-0.09444632,-0.09668522,-0.1086352,-0.082459606,-0.11278282,-0.13254309,-0.16717163,-0.1410757,-0.13641268,-0.18093297,-0.17825818,-0.19314499,-0.14441806,-0.15549555,-0.13530529,-0.119081676,-0.14001076,-0.19117098,-0.19019765,-0.18096216,-0.19755594,-0.25103784,-0.20219928,-0.19015425,-0.19053575,-0.18218713,-0.17328861,-0.27554205,-0.08916744,-0.11956477,-0.12824887,-0.15751183,-0.20931396,-0.18224281,-0.29657933,-0.32474133,-0.15403093,-0.3242122,-0.17325558,-0.17108874,-0.2185038,-0.17647925,-0.114121355,-0.13991393,-0.15388772,-0.15788373,-0.22984435,-0.18186735,-0.25005436,-0.10435864,-0.12455491,-0.1387176,-0.12424239,-0.15189947,-0.15518329,-0.15633188,-0.14014931,-0.15141064,-0.1630561,-0.15521592,-0.15349524,-0.1529227,-0.13378304,-0.1231402,-0.14644372,-0.18996012,-0.17697798,-0.21025829,1.2517476,-0.20025697,-0.11357063,-0.1296617,-0.118220374,-0.14798217,-0.16636807,-0.18661825,-0.19124691,-0.13190365,-0.07671347,-0.15283665,-0.13981311,-0.14106366,-0.11892043,-0.19987361,-0.1649412,-0.15883979,-0.1412409,-0.12362175,-0.12722544,-0.14610182,-0.2588673,-0.10730983,-0.13074079,-0.09132757,-0.12832497,-0.12930101,-0.15005101,-0.15203497,-0.09645012,-0.08910369,-0.124321595,-0.110551104,-0.13781628,-0.15087695,-0.17005962,-0.14293137,-0.11677192,-0.17382264,-0.15203632,-0.1423885,-0.12522638,-0.1423735,-0.17466888,-0.13176009,-0.13217655,-0.14578885,-0.1229306,-0.08722703,-0.05825615,-0.14366265,-0.17082691,-0.026243303,-0.16647227,-0.2829064,-0.31316653,-0.19696936,-0.14563641,-0.14331596,-0.14862512,-0.12963767,-0.25088155,-0.19276768,-0.18809268,-0.09490514,-0.10930297,-0.10702289,-0.09346006,-0.12759323,-0.15322581,-0.15746465,-0.16684636,-0.12812386,-0.0969081,5.6414657,-0.14388257,-0.11335766,-0.18846886,-0.1706479,-0.15378135,-0.1257571,-0.115196005,-0.11272058,-0.11662802,-0.17614089,-0.13842213,-0.13425592,-0.096878245,-0.1208938,-0.09193224,-0.12434345,-0.13649687,-0.063823454,-0.13877153,-0.11419349,-0.1336496,-0.24483351,-0.2571875,-0.29957527,-0.14594185,-0.1565357,-0.13185528,-0.19104545,-0.0782174,-0.17171583,-0.16416347,-0.09859173,-0.11065883,-0.11542071,-0.076612435,-0.083404,-0.1213824,1.8137952,-0.13855581,-0.19385117,-0.098669425,-0.15536365,-0.19487974,-0.19071488,-0.18632472,-0.11136399,-0.14318804,-0.10319214,-0.15899633,-0.19319233,-0.17244883,-0.16886726,-0.14279446,-0.14229977,-0.10161957,-0.15318745,-0.16151483,-0.18073621,-0.19420789,-0.12126373,-0.14739186,-0.11426673,-0.08032224,-0.14230834,-0.20725825,-0.16078398,-0.125103,-0.15657571,-0.15690626,-0.14363666,-0.19202894,-0.16253887,-0.1818713,-0.2963242,-0.1955712,-0.18037389,-0.17144571,-0.19201681,-0.15723696,-0.14054683,-0.13026732,-0.12557748,-0.13840686,-0.16241962,-0.30584824,-0.1667273,-0.1805953,-0.19231853,-0.11441202,-0.15061769,-0.14053652,-0.17779127,-0.16657415,-0.164487,-0.14331086,-0.18237996,-0.12813076,-0.1531728,-0.13646033,-0.24156228,-0.17940502,-0.10316661,-0.135398,-0.14179179,-0.17410992,-0.110490024,-0.13456422,-0.15238851,-0.15974271,-0.18155783,-0.1538534,-0.14873481,-0.19184028,-0.17513372,-0.16428708,-0.14723541,-0.14623587,-0.11499533,-0.10471026,-0.1348727,-0.20148799,-0.17697892,-0.12513243,-0.16623724,-0.18041904,-0.18738703,-0.11705899,-0.17625666,-0.25617453,-0.092639595,-0.0924208,-0.11469952,-0.13583264,-0.14770083,-0.09845152,-0.18864337
k__Bacteria|p__Firmicutes|c__Clostridia|o__Eubacteriales|f__Clostridiaceae|g__Clostridium|s__Clostridium_sp_1001270J_160509_D11,-0.1004395,-0.12316422,-0.1418863,-0.20428483,-0.1668298,-0.19248873,-0.1666669,-0.14464615,-0.12563185,-0.1826725,-0.18350519,-0.22050121,-0.16948913,-0.20159891,-0.10330055,-0.09903243,-0.058144663,-0.09931218,-0.108033404,-0.17034142,-0.1978925,-0.12536043,-0.13601658,-0.1517477,-0.17087969,-0.11658599,-0.16741028,-0.17299089,-0.1509206,-0.12124001,-0.13523322,-0.106196895,-0.14835757,-0.19484182,-0.1884431,-0.2175087,-0.16075598,-0.22338755,-0.19663233,-0.29867563,-0.29210672,-0.19722545,-0.10701613,-0.09162698,-0.13691942,-0.15485612,-0.23188588,-0.19307882,-0.14617978,-0.2026537,-0.18363847,-0.18279888,-0.19652514,-0.19738896,-0.20156112,-0.15639561,-0.12560105,-0.143377,-0.09216337,-0.09577781,-0.1706779,-0.14195976,-0.13743341,-0.14662081,-0.12719077,-0.15122786,-0.2613474,-0.22333384,-0.18815584,-0.20047067,-0.14503258,-0.14892003,-0.13065249,-0.1424621,-0.14969575,-0.16303286,-0.14603429,-0.16278498,-0.15907422,-0.14998752,-0.14722443,-0.15683484,-0.15289591,-0.22480208,-0.120334074,-0.1413967,-0.11839832,-0.16013639,-0.17322534,-0.1556249,-0.16768476,-0.11139822,-0.1388583,-0.13027036,-0.12862773,-0.15152657,-0.14292568,-0.11535269,-0.10065024,-0.09100133,-0.1055045,-0.12031003,-0.13483188,-0.15027548,-0.15990227,-0.1185138,-0.11129953,-0.1578567,-0.17738779,-0.13268273,-0.16447923,-0.25953975,-0.14846343,-0.13292362,-0.14155811,-0.15095688,-0.17780018,-0.16346548,-0.22917573,-0.09015879,-0.110539444,-0.1347608,-0.1295327,-0.13997786,-0.17357707,-0.13908121,-0.16057305,-0.12777606,-0.07092635,-0.03704006,-0.13724282,-0.16183305,-0.17815427,-0.14332479,-0.12334781,-0.13595377,-0.12023825,-0.1382635,-0.25318068,0.7711368,-0.08376534,-0.10945694,-0.14407028,-0.09238048,-0.18735355,-0.18985787,-0.15308747,-0.09048088,-0.13230102,-0.14950317,-0.15010306,-0.15843199,-0.17011672,-0.18260045,-0.088264875,-0.12323949,-0.14067873,-0.10256614,-0.17951453,-0.19495486,-0.18982297,-0.10025582,-0.13113372,-0.0796973,-0.12825963,-0.19006202,-0.19251746,-0.19089605,-0.122925855,-0.07575309,-0.09710573,-0.11869751,-0.1365475,-0.12406494,-0.121451,-0.094484136,-0.0969325,-0.10869129,-0.082459606,-0.112915985,-0.13235185,-0.16629466,-0.1410757,-0.13655846,-0.18093297,-0.17825818,-0.19338658,-0.14472643,-0.15549555,-0.1351213,-0.119081676,-0.14001076,-0.19117098,-0.19024089,-0.18086082,-0.19755594,-0.25103784,-0.20219928,-0.18983176,-0.1909109,-0.18214297,-0.17396843,-0.27554205,-0.08916744,-0.11956477,-0.1286674,-0.15751183,-0.20931396,-0.18224281,-0.29657933,-0.32474133,-0.15500584,-0.3242122,-0.17325558,-0.17108874,-0.2185038,0.7650121,-0.114121355,-0.14015582,-0.15388772,-0.15788373,-0.22984435,-0.18186735,-0.25445727,-0.104493104,-0.12455491,-0.13858727,-0.12428525,-0.15189947,-0.15440395,-0.15543061,-0.14014931,-0.15141064,-0.1622818,-0.1550816,-0.15304059,-0.15314513,-0.13392192,-0.12330066,-0.14650287,-0.18938695,-0.17654955,-0.21025829,-0.3990198,-0.20165755,-0.11341743,-0.1296617,-0.1181734,-0.14806306,-0.16636807,-0.18557273,-0.19111896,-0.13187185,-0.077187285,-0.15272614,-0.1400353,-0.14106366,-0.11780803,-0.19987361,-0.1649412,-0.15877758,-0.14153202,-0.12386297,-0.12722544,-0.14610182,-0.2588673,-0.10747978,-0.13074079,-0.09132757,-0.12832497,-0.12902349,-0.14996949,-0.15109786,-0.09631002,-0.08910369,-0.12435758,-0.11096443,-0.13777843,-0.15089154,-0.16959524,-0.14274514,-0.1168998,-0.17325506,-0.15185003,-0.1420255,-0.12561946,-0.1412802,-0.17466888,-0.13176009,-0.13218504,-0.14554982,-0.12276059,-0.08722703,-0.05825615,-0.14330585,-0.17082691,-0.026243303,-0.16663232,-0.2829064,-0.31316653,-0.19720618,-0.14530951,-0.14331596,-0.14862512,-0.12963767,-0.25088155,-0.19262455,-0.18757744,-0.09512483,-0.10912591,-0.10702289,-0.09356935,-0.12759323,-0.15306875,-0.15746465,-0.16627859,-0.12812386,-0.0969081,1.2543083,-0.14314508,-0.11335766,-0.18846886,-0.1706479,-0.15360674,-0.12549968,-0.115196005,-0.11288814,-0.11662802,-0.17509203,-0.13812795,-0.13400365,-0.096878245,-0.12105,-0.09193754,-0.12434345,-0.13569713,-0.063823454,-0.13877153,-0.11419349,-0.13396388,-0.24483351,-0.2571875,-0.29957527,-0.14579271,-0.15626499,-0.1321645,2.563019,-0.0782174,-0.17151397,-0.16396059,-0.09859173,-0.11065883,-0.114668116,-0.076612435,-0.083404,-0.1213824,-0.13072303,1.2133554,-0.19385117,-0.098732166,-0.15552887,-0.19487974,-0.19076255,-0.18626389,-0.11137277,-0.14286356,-0.10284729,-0.15833288,-0.19327301,-0.17144766,-0.16931969,-0.14262441,-0.1420608,-0.10240856,-0.15318318,-0.16114667,-0.18077523,-0.1943403,-0.12113096,-0.14674057,-0.114069656,-0.08050646,-0.14307363,-0.20725825,-0.16029498,-0.125103,-0.15657571,-0.15690626,-0.14347371,-0.19202894,-0.16249517,-0.18117777,-0.2963242,-0.1981973,-0.18148947,-0.17198855,-0.19260305,-0.15767494,-0.14054683,-0.13033459,-0.12557748,-0.13841683,-0.16370067,-0.30584824,-0.16679484,-0.18064207,-0.19216415,-0.11441202,-0.1505982,-0.14056814,-0.17744017,-0.16640985,-0.16389553,-0.14331086,-0.18237996,-0.12859893,-0.15330888,-0.13784465,-0.24156228,-0.17936662,-0.103239015,-0.13541178,-0.14143199,-0.17366275,-0.1106801,-0.13477121,-0.15157712,-0.15892717,-0.18148819,-0.15328006,-0.14881897,-0.19184028,-0.17508385,-0.16313475,-0.14723541,-0.14623587,-0.11499533,-0.10471026,-0.13520887,-0.20148799,-0.17622098,-0.12513243,-0.16569492,-0.18041904,-0.18738703,-0.11705899,-0.17471649,-0.2583006,-0.09270246,-0.09242362,-0.115109645,-0.13579822,-0.1477297,-0.0990687,-0.1881818
k__Bacteria|p__Firmicutes|c__CFGB76106|o__OFGB76106|f__FGB76106|g__GGB3600|s__GGB3600_SGB4859,-0.1004395,-0.12316422,-0.14230531,-0.20428483,-0.16600043,-0.19379783,-0.1666669,-0.1447418,-0.12474625,-0.18302658,-0.1822991,-0.23671627,-0.17013137,-0.20903645,-0.10370217,-0.100836016,-0.058144663,-0.100008495,-0.10799595,-0.17054859,-0.1978925,-0.12536043,-0.13588461,-0.15160337,-0.17149293,-0.11658599,-0.1665015,-0.1732575,-0.1509206,-0.12124001,-0.13463199,-0.10646176,-0.148108,-0.19657326,-0.18932736,-0.2175087,-0.15994412,-0.22338755,-0.19752775,-0.29867563,-0.29210672,-0.19963923,-0.10771626,-0.09162698,-0.13691942,-0.15483677,-0.23188588,-0.19369504,-0.14656502,-0.2026537,-0.1817109,-0.18279888,-0.1977301,-0.20044647,-0.20764384,-0.15779707,-0.12587279,-0.14386344,-0.09218487,-0.09616716,-0.17067909,-0.1418801,-0.13743341,-0.14673448,-0.12719077,-0.15118086,4.2897224,5.6085343,-0.18801618,-0.20047067,-0.14552593,-0.1488441,-0.13114697,-0.14295095,-0.1506292,-0.16325128,-0.14597745,-0.16278498,-0.15876986,-0.14998752,-0.14643249,-0.15699735,-0.15293765,4.4578905,-0.120334074,-0.14134067,-0.118522175,-0.1604376,-0.1734344,-0.1554845,-0.16749021,-0.11139822,-0.1388583,-0.13027036,-0.12841886,-0.15152657,-0.14154747,-0.115352914,-0.10065024,-0.09100054,-0.10601823,-0.12089899,-0.1350745,-0.15027548,-0.159738,-0.1185138,-0.11129953,-0.1578567,-0.17738779,-0.13425656,-0.16391106,-0.25953975,-0.14839181,-0.13268906,-0.14205831,-0.15095688,-0.17780018,-0.16371058,-0.22917573,-0.09015879,-0.109794155,-0.13458999,-0.12989959,-0.13997786,-0.17339167,-0.13908121,-0.16057305,-0.12777606,-0.07092635,-0.03704006,-0.13718612,-0.16173449,-0.17819792,-0.14332479,-0.12334781,-0.13541107,-0.12023825,-0.13825119,-0.25318068,-0.26654312,-0.083997816,-0.10945694,-0.14442173,-0.09238048,-0.18743548,-0.19011465,-0.15315759,-0.090823695,-0.13230102,-0.14922935,-0.15019776,-0.1588471,-0.170227,-0.18329263,-0.08862513,-0.1241562,-0.14108644,-0.10256614,-0.17951453,-0.19495486,-0.19134584,-0.10044771,-0.13113372,-0.08152723,-0.1282966,-0.19006202,-0.19326639,-0.19164348,-0.12312308,-0.07593624,-0.0979414,-0.11908464,-0.13655454,-0.12406494,-0.121451,-0.09528729,-0.097464904,-0.10901612,-0.082459606,-0.11351209,-0.1322654,-0.16667008,-0.1410757,-0.1361108,-0.18093297,-0.17825818,-0.19479781,-0.14496824,-0.15549555,-0.13558409,-0.119081676,-0.14001076,-0.19117098,-0.19165194,-0.18116936,-0.19755594,-0.25103784,-0.20219928,-0.18921041,-0.19064687,-0.18246768,-0.174083,-0.27554205,-0.08916744,-0.11956477,-0.12755361,-0.15751183,-0.20931396,-0.18224281,2.460241,-0.32474133,-0.154135,-0.3242122,-0.17325558,-0.17108874,-0.2185038,-0.17647925,-0.114121355,-0.1396658,-0.15388772,-0.15788373,-0.22984435,-0.18186735,-0.2637859,-0.104815476,-0.12455491,-0.13818005,-0.12411331,-0.15189947,-0.15467376,-0.15563062,-0.14014931,-0.15141064,-0.16238073,-0.15464336,-0.15313348,-0.1529465,-0.13439937,-0.122740574,-0.14568831,-0.18958221,-0.17669286,-0.21025829,-0.3990198,-0.20843162,-0.11372887,-0.1296617,-0.11921596,-0.1475533,-0.16636807,-0.18588537,-0.19129199,-0.13131037,-0.077517614,-0.15292521,-0.13956496,-0.14106366,-0.117406026,-0.19987361,-0.1649412,-0.15787414,-0.14193852,-0.123676986,-0.12722544,-0.14610182,-0.2588673,-0.107708454,-0.13074079,-0.09132757,-0.12832497,-0.12892158,-0.14901963,-0.15130068,-0.096747294,-0.08910369,-0.124549694,-0.11079134,-0.1379728,-0.1503717,-0.17031033,-0.14259782,-0.1160001,-0.17352101,-0.15141186,-0.1421538,-0.12575811,-0.14151788,-0.17466888,-0.13176009,-0.13230258,-0.14551964,-0.12326695,-0.08722703,-0.05825615,-0.14323293,-0.17082691,-0.026243303,-0.16692214,-0.2829064,-0.31316653,-0.20124242,-0.14544076,-0.14331596,-0.14862512,3.223555,3.7136488,-0.1942671,-0.18825433,-0.09482313,-0.10965681,-0.10702289,-0.09482959,-0.12759323,-0.15266636,-0.15746465,-0.16684204,-0.12812386,-0.0969081,-0.16398169,-0.14314398,-0.11335766,-0.18846886,-0.1706479,-0.15351018,-0.1258016,-0.115196005,-0.11343743,-0.11662802,-0.17566387,-0.13837205,-0.13455212,-0.096878245,-0.12178919,-0.092181996,-0.12434345,-0.1350641,-0.063823454,-0.13877153,-0.11419349,-0.13380894,-0.24483351,-0.2571875,-0.29957527,-0.14617541,-0.15656233,-0.13246158,-0.19104545,-0.0782174,-0.17278323,-0.16379103,-0.09859173,-0.11065883,-0.11390061,-0.076612435,-0.083404,-0.1213824,-0.13072303,-0.13855581,-0.19385117,-0.099869676,-0.1553075,-0.19487974,-0.19062617,-0.18695332,-0.111346036,-0.1427975,-0.103227824,-0.15873054,-0.1943119,-0.17304306,-0.16851237,-0.14264676,-0.14268768,-0.102393046,-0.15310547,-0.16117933,-0.18065804,-0.19556072,-0.1212863,-0.14710274,-0.11355724,-0.080513686,-0.143436,-0.20725825,-0.16023637,-0.125103,-0.15657571,-0.15690626,-0.14358652,-0.19202894,-0.16194618,-0.18128218,-0.2963242,-0.20057008,-0.18141763,-0.17151594,-0.19352402,-0.15761739,-0.14054683,-0.13036779,-0.12557748,-0.138225,-0.16344932,-0.30584824,-0.16620126,-0.1806054,-0.19234292,-0.11441202,-0.15022814,-0.14054945,-0.17763829,-0.16651437,-0.16419286,-0.14331086,-0.18237996,-0.12837175,-0.15306464,-0.13813281,-0.24156228,-0.1791016,-0.103636704,-0.13499093,-0.14192161,-0.17395239,-0.11043518,-0.1344773,-0.15165752,-0.15977682,-0.18138921,-0.1541584,-0.14900298,-0.19184028,-0.17481613,-0.16340141,-0.14723541,-0.14623587,-0.11499533,-0.10471026,-0.13531546,-0.20148799,-0.17631118,-0.12513243,-0.16517365,-0.18041904,-0.18738703,-0.11705899,-0.17604142,-0.26176023,-0.09321959,-0.092761435,-0.115062594,-0.13627145,-0.14809269,-0.09903675,-0.18861882
k__Bacteria|p__Firmicutes|c__Bacilli|o__Lactobacillales|f__Streptococcaceae|g__Streptococcus|s__Streptococcus_sp_F0442,-0.1004395,-0.12316422,-0.1419918,-0.20428483,-0.16742048,-0.19399689,-0.1666669,-0.14559504,-0.12540221,-0.18496633,-0.18309721,-0.2244488,-0.16871676,-0.20452732,-0.102921784,-0.09907727,-0.058144663,-0.0998368,-0.10771887,-0.17163649,0.98088694,-0.12536043,-0.13670665,-0.15289623,-0.17196584,-0.11658599,-0.16824739,-0.17473625,-0.1509206,-0.12124001,-0.13555585,-0.10556303,-0.14886576,-0.19621688,-0.18984091,-0.2175087,-0.16131286,-0.22338755,-0.19771937,-0.29867563,-0.29210672,-0.19858016,-0.10721025,-0.09162698,-0.13691942,-0.15553017,1.9604005,-0.19432893,-0.14682235,-0.2026537,-0.18453053,-0.18279888,-0.19802818,-0.19831884,-0.20326057,-0.15813139,-0.12595855,-0.14410383,-0.09222412,-0.09564504,-0.17199281,-0.14276576,-0.13743341,-0.14728609,-0.12719077,-0.15191898,-0.2613474,-0.22333384,-0.18947482,-0.20047067,-0.14613599,-0.14965841,-0.13098454,-0.14308494,-0.15124114,-0.16475037,-0.14722857,-0.16278498,-0.15974888,-0.14998752,-0.14773482,-0.15745062,-0.15379973,-0.22480208,-0.120334074,-0.14189234,-0.11852057,-0.16165552,-0.17469457,-0.15596195,-0.16890028,-0.11139822,-0.1388583,-0.13027036,-0.12901491,-0.15152657,-0.1431112,-0.11575555,-0.10065024,-0.0904088,-0.105532624,-0.12073241,-0.13531046,-0.15027548,-0.1609778,-0.1185138,-0.11129953,-0.1578567,-0.17738779,-0.13390335,-0.16462763,-0.25953975,-0.14912644,-0.13285878,-0.14189321,-0.15095688,-0.17780018,-0.16394252,-0.22917573,-0.09015879,-0.11037204,-0.13506621,-0.1298402,-0.13997786,-0.17420764,-0.13908121,-0.16057305,-0.12777606,-0.07092635,-0.03704006,-0.13750757,-0.16268046,-0.17958686,-0.14332479,-0.12334781,-0.13605922,-0.12023825,-0.1386298,-0.25318068,-0.26654312,-0.08335969,-0.10945694,-0.14486359,-0.09238048,-0.18855146,-0.19087249,-0.15317996,-0.090185866,-0.13230102,-0.15000862,-0.15074751,-0.15950932,-0.17115352,-0.18447626,-0.08766657,-0.12401959,-0.14143345,-0.10256614,-0.17951453,-0.19495486,-0.19169709,-0.100136735,-0.13113372,-0.07928994,-0.12809733,-0.19006202,-0.19393322,-0.1921803,-0.12369862,-0.07506207,-0.097096294,-0.11861082,-0.1368484,-0.12406494,-0.121451,-0.094348885,-0.096389905,-0.10853489,-0.082459606,-0.11288911,-0.13252094,-0.16774614,-0.1410757,-0.13676026,-0.18093297,-0.17825818,-0.19454147,-0.14499766,-0.15549555,-0.13578331,-0.119081676,-0.14001076,-0.19117098,-0.19159062,-0.1821224,-0.19755594,-0.25103784,-0.20219928,-0.19072732,-0.19183218,-0.18312816,-0.1744237,-0.27554205,-0.08916744,-0.11956477,-0.1281902,-0.15751183,-0.20931396,-0.18224281,-0.29657933,-0.32474133,-0.15287063,-0.3242122,-0.17325558,-0.17108874,-0.2185038,-0.17647925,-0.114121355,-0.14025784,-0.15388772,-0.15788373,-0.22984435,-0.18186735,-0.25580227,-0.104350075,-0.12455491,-0.13895531,-0.12450594,-0.15189947,-0.1554517,-0.15673529,-0.14014931,-0.15141064,-0.16374841,-0.15572158,-0.15398973,-0.15340166,-0.13410084,-0.123305164,-0.1469008,-0.19114211,-0.1772913,-0.21025829,-0.3990198,-0.20299593,-0.11348952,-0.1296617,-0.118677914,-0.14843737,-0.16636807,-0.18744981,-0.19232267,-0.13188809,-0.07645109,-0.15370795,-0.14013048,-0.14106366,-0.11852314,-0.19987361,-0.1649412,-0.15904349,-0.141717,-0.12368733,-0.12722544,-0.14610182,-0.2588673,-0.10728894,-0.13074079,-0.09132757,-0.12832497,-0.12955298,-0.15015686,-0.15233007,-0.09622245,-0.08910369,-0.124567226,-0.110570595,-0.13822252,-0.15125576,-0.17092746,-0.14328516,-0.11660124,-0.17458917,-0.15226778,-0.14273435,-0.12540331,-0.14257544,-0.17466888,-0.13176009,-0.13254118,-0.14607096,-0.12297152,-0.08722703,-0.05825615,-0.14376053,-0.17082691,-0.026243303,-0.16722363,-0.2829064,-0.31316653,-0.19860886,-0.14605519,-0.14331596,-0.14862512,-0.12963767,-0.25088155,-0.19421153,-0.18916932,-0.094465986,-0.10947409,-0.10702289,-0.09376402,-0.12759323,-0.15346375,-0.15746465,-0.16759643,-0.12812386,-0.0969081,-0.16398169,-0.14419621,-0.11335766,-0.18846886,-0.1706479,-0.15424022,-0.12595049,-0.115196005,-0.11302501,-0.11662802,-0.1766819,-0.13881093,-0.13452284,-0.096878245,-0.121146455,-0.091703296,-0.12434345,-0.1363202,-0.063823454,-0.13877153,-0.11419349,-0.1341418,2.3392367,5.335889,-0.29957527,-0.14652777,-0.15720344,-0.13253881,-0.19104545,-0.0782174,-0.17276594,-0.1649265,-0.09859173,-0.11065883,-0.11487678,-0.076612435,-0.083404,-0.1213824,-0.13072303,-0.13855581,-0.19385117,-0.098801136,-0.156292,-0.19487974,-0.19184779,-0.18752967,-0.11134277,-0.14330582,-0.10302475,-0.16007552,-0.194774,-0.1735225,-0.16960332,-0.14312404,-0.14277351,-0.10169503,-0.15376014,-0.16215134,-0.18156685,-0.19564864,-0.121368214,-0.14771312,-0.11395803,-0.080083,-0.14365007,-0.20725825,-0.16123685,-0.125103,-0.15657571,-0.15690626,-0.1439563,-0.19202894,-0.1631313,-0.18269184,-0.2963242,-0.19786406,-0.1817722,-0.17215398,-0.19346465,-0.157781,-0.14054683,-0.13054466,-0.12557748,-0.13845278,-0.16389464,-0.30584824,-0.16725162,-0.18162885,-0.1934171,-0.11441202,-0.15106618,-0.14096993,-0.17872764,-0.16747089,-0.16505131,-0.14331086,-0.18237996,-0.1285001,-0.15382522,-0.13774233,-0.24156228,-0.17992899,-0.10324615,-0.13554339,-0.1423577,-0.17505243,-0.11031135,-0.134888,-0.15295096,-0.16040795,-0.18247882,-0.15463145,-0.14956248,-0.19184028,-0.17584309,-0.16473298,-0.14723541,-0.14623587,-0.11499533,-0.10471026,-0.1354787,2.3758426,-0.17759499,-0.12513243,-0.16640279,-0.18041904,-0.18738703,-0.11705899,-0.17720081,-0.25963756,-0.092394486,-0.09218894,-0.11488841,-0.13633434,-0.14830124,-0.098353446,-0.18986791
k__Bacteria|p__Firmicutes|c__Bacilli|o__Lactobacillales|f__Streptococcaceae|g__Streptococcus|s__Streptococcus_pasteurianus,-0.1004395,-0.12316422,-0.14136046,-0.20428483,-0.16670159,-0.19295086,-0.1666669,-0.14482524,-0.1245784,-0.18288955,-0.18269259,-0.22755018,-0.1680336,-0.20546174,-0.10316292,-0.09943573,-0.058144663,-0.09965534,-0.107661076,-0.1702624,-0.1978925,-0.12536043,-0.13600194,-0.15194654,-0.17105621,-0.11658599,-0.16681904,-0.1734614,-0.1509206,-0.12124001,-0.13478214,-0.10570559,-0.14793566,-0.19534588,-0.18857872,-0.2175087,-0.1606732,-0.22338755,-0.19668537,-0.29867563,-0.29210672,-0.19754556,-0.10720453,-0.09162698,-0.13691942,-0.15466765,-0.23188588,-0.19314875,-0.14630257,-0.2026537,-0.1835057,-0.18279888,-0.19685286,-0.19804215,-0.2033041,-0.15677458,-0.12557638,-0.14351851,-0.092152745,-0.095614456,-0.1707885,-0.14202201,-0.13743341,-0.1466662,-0.12719077,-0.15066029,-0.2613474,-0.22333384,-0.18827999,-0.20047067,-0.1454551,-0.14889969,-0.130547,-0.14240491,-0.15037593,-0.16369708,-0.14629525,-0.16278498,-0.15914337,-0.14998752,-0.14670587,-0.15675525,-0.15279528,-0.22480208,-0.120334074,-0.1411265,-0.11816923,-0.16054744,-0.17363004,-0.15527198,-0.16758744,-0.11139822,-0.1388583,-0.13027036,-0.12825277,-0.15152657,-0.1420678,-0.11527673,-0.10065024,-0.09046048,-0.10537403,-0.12034771,-0.13475099,-0.15027548,-0.15992747,-0.1185138,-0.11129953,-0.1578567,-0.17738779,-0.133394,-0.16331773,-0.25953975,-0.14836103,-0.13238865,-0.14134249,-0.15095688,-0.17780018,-0.1632637,-0.22917573,-0.09015879,-0.10986301,-0.13448146,-0.12944423,-0.13997786,-0.17323208,-0.13908121,-0.16057305,-0.12777606,-0.07092635,-0.03704006,-0.13679373,-0.16162959,-0.17831549,-0.14332479,-0.12334781,-0.13533188,-0.12023825,-0.13794184,-0.25318068,-0.26654312,-0.08357769,-0.10945694,-0.14405033,-0.09238048,-0.18703249,-0.18980865,-0.15261364,-0.09033963,-0.13230102,-0.14912796,-0.14998321,-0.15860024,-0.17007571,-0.1831083,-0.08799688,-0.12360537,-0.14101817,-0.10256614,-0.17951453,-0.19495486,-0.19067834,-0.10005037,-0.13113372,-0.079774246,-0.12736636,-0.19006202,-0.19287959,-0.19112395,-0.12328768,-0.0755929,-0.09713741,-0.11831042,-0.13621396,-0.12406494,-0.121451,-0.09462744,-0.0966621,-0.108354285,-0.082459606,-0.11265158,-0.13190672,-0.16661146,-0.1410757,-0.13606003,-0.18093297,-0.17825818,-0.19372523,-0.14433537,-0.15549555,-0.13518155,-0.119081676,-0.14001076,-0.19117098,-0.19088426,-0.18096095,-0.19755594,-0.25103784,-0.20219928,-0.18947342,-0.19053829,-0.18193409,-0.17340212,-0.27554205,-0.08916744,-0.11956477,-0.127486,-0.15751183,-0.20931396,-0.18224281,-0.29657933,-0.32474133,-0.1517247,-0.3242122,-0.17325558,-0.17108874,-0.2185038,-0.17647925,-0.114121355,-0.13958958,-0.15388772,-0.15788373,-0.22984435,-0.18186735,-0.25655067,-0.10436474,-0.12455491,-0.13811305,-0.1238499,-0.15189947,-0.1547127,-0.15584236,-0.14014931,-0.15141064,-0.1626702,-0.15491308,-0.15317594,-0.15271026,-0.13366008,-0.12276667,-0.14579722,-0.18964207,-0.17671697,-0.21025829,-0.3990198,-0.20121083,-0.113302395,-0.1296617,-0.11834402,-0.14741376,-0.16636807,-0.18596107,-0.19100723,-0.13130441,-0.07677472,-0.15254298,-0.1394093,-0.14106366,-0.11782981,-0.19987361,-0.1649412,-0.15829588,-0.14123856,-0.123278126,-0.12722544,-0.14610182,-0.2588673,-0.10718408,7.028633,-0.09132757,-0.12832497,-0.12882645,-0.14934978,-0.15143387,-0.09631924,-0.08910369,-0.12400937,-0.11037165,-0.13749415,-0.15035324,-0.16985318,-0.14260733,-0.11605488,-0.1733439,-0.1514552,-0.14200458,-0.12530538,-0.14154091,-0.17466888,-0.13176009,-0.13190004,-0.14538261,-0.122814566,-0.08722703,-0.05825615,-0.14318158,-0.17082691,-0.026243303,-0.16606586,-0.2829064,-0.31316653,-0.19750473,-0.14536846,-0.14331596,-0.14862512,-0.12963767,-0.25088155,-0.19349125,-0.18797049,-0.094619766,-0.109167084,-0.10702289,-0.09369646,-0.12759323,-0.1523764,-0.15746465,-0.16672496,-0.12812386,-0.0969081,-0.16398169,-0.1432116,-0.11335766,-0.18846886,-0.1706479,-0.15361252,-0.12557006,-0.115196005,-0.112722635,-0.11662802,-0.17541692,-0.13824454,-0.13419954,-0.096878245,-0.120919585,-0.09168494,-0.12434345,-0.13544253,-0.063823454,-0.13877153,-0.11419349,-0.1334801,-0.24483351,-0.2571875,-0.29957527,-0.14591943,-0.15636754,-0.13191053,-0.19104545,-0.0782174,-0.17191355,-0.16373536,-0.09859173,-0.11065883,-0.11436286,-0.076612435,-0.083404,-0.1213824,-0.13072303,-0.13855581,-0.19385117,-0.09919811,-0.15511191,-0.19487974,-0.1905049,-0.18630369,-0.111101165,-0.14270085,-0.102886364,-0.15878204,-0.1935502,-0.1722074,-0.16849466,-0.14253947,-0.14226723,-0.10174231,-0.15274946,-0.1611166,-0.18037736,-0.1945592,-0.12102284,-0.14695466,-0.113518625,-0.07992781,-0.14257166,-0.20725825,-0.16053036,-0.125103,-0.15657571,-0.15690626,-0.1432716,-0.19202894,-0.16210857,-0.18136919,-0.2963242,-0.19779499,-0.18024479,-0.17113376,-0.19251707,-0.15704586,-0.14054683,-0.1300976,-0.12557748,-0.13794766,-0.16269931,-0.30584824,-0.16632049,-0.18052942,-0.19217409,-0.11441202,-0.1500005,-0.14022696,-0.1774554,-0.16643351,-0.16404286,-0.14331086,-0.18237996,-0.12805933,-0.15276954,-0.13712755,4.8881397,-0.17902175,-0.103188016,-0.13491544,-0.14162529,-0.17395246,-0.11016244,-0.1341822,-0.15179129,-0.15967293,-0.18139677,-0.1536717,-0.14873393,-0.19184028,-0.17494568,-0.16365355,-0.14723541,-0.14623587,-0.11499533,-0.10471026,-0.1345683,-0.20148799,-0.17663105,-0.12513243,-0.16525012,-0.18041904,-0.18738703,-0.11705899,-0.17580618,-0.25884652,-0.09260708,-0.092224516,-0.11458209,-0.13566807,-0.14762539,-0.09840785,-0.18833268
k__Bacteria|p__Firmicutes|c__Tissierellia|o__Tissierellales|f__Peptoniphilaceae|g__Peptoniphilus|s__Peptoniphilus_grossensis,-0.1004395,-0.12316422,-0.14184561,-0.20428483,-0.16689543,-0.1937745,-0.1666669,-0.14509098,-0.124818206,-0.18330356,-0.18311474,-0.23175207,-0.16935822,-0.2066913,-0.10337365,-0.09977782,-0.058144663,-0.09980947,-0.10788026,-0.17088515,-0.1978925,-0.12536043,-0.136278,-0.15236592,-0.17172179,-0.11658599,-0.16708113,-0.1739589,-0.1509206,-0.12124001,-0.13497707,-0.105860464,-0.14832035,-0.19614537,-0.18937995,-0.2175087,-0.16091189,-0.22338755,-0.19765076,-0.29867563,-0.29210672,-0.1989145,-0.10731962,-0.09162698,-0.13691942,-0.15500957,-0.23188588,-0.19383729,-0.14666873,-0.2026537,-0.18327841,-0.18279888,-0.19783768,-0.19984365,-0.20591913,-0.1575397,-0.12587516,-0.14391148,-0.09224883,-0.09582024,-0.17114368,-0.14243913,-0.13743341,-0.14701961,-0.12719077,-0.15107515,-0.2613474,-0.22333384,-0.18885377,-0.20047067,-0.14580825,-0.14924392,-0.13097891,-0.14292683,-0.1509024,-0.16409448,-0.14666475,-0.16278498,-0.15928398,-0.14998752,-0.14707065,-0.1571593,-0.15326557,-0.22480208,-0.120334074,-0.14151432,-0.11844152,-0.16087568,-0.17410612,-0.15585127,-0.16816135,-0.11139822,-0.1388583,-0.13027036,-0.12856734,-0.15152657,-0.14219806,-0.115491435,-0.10065024,-0.090526156,-0.10554224,-0.12060097,-0.13504636,-0.15027548,-0.16028102,-0.1185138,-0.11129953,-0.1578567,-0.17738779,-0.13410428,-0.16425498,-0.25953975,-0.14866643,-0.13268325,-0.14190993,-0.15095688,-0.17780018,-0.16374308,-0.22917573,-0.09015879,-0.10999644,-0.13478515,-0.12984443,-0.13997786,-0.17373295,-0.13908121,-0.16057305,-0.12777606,-0.07092635,-0.03704006,-0.13703941,-0.16209184,-0.17888306,-0.14332479,-0.12334781,-0.13551855,-0.12023825,-0.1383989,-0.25318068,-0.26654312,-0.08357503,-0.10945694,-0.14455421,-0.09238048,-0.18757233,-0.19043833,-0.15302952,-0.09038414,-0.13230102,-0.14950423,-0.15037255,-0.15905774,-0.17059126,-0.18378603,-0.08806182,-0.123995155,-0.14137368,-0.10256614,-0.17951453,-0.19495486,-0.19152649,-0.10025075,-0.13113372,-0.080378294,-0.12799671,-0.19006202,-0.19354075,-0.19190317,-0.123520985,-0.07543455,-0.097306296,-0.11869135,-0.13655722,-0.12406494,-0.121451,-0.094812766,-0.09683135,-0.10857761,-0.082459606,-0.112930514,-0.132184,-0.16705248,-0.1410757,-0.1362927,-0.18093297,-0.17825818,-0.19457677,-0.14485897,-0.15549555,-0.13566086,-0.119081676,-0.14001076,-0.19117098,-0.19153267,-0.18157285,-0.19755594,-0.25103784,-0.20219928,-0.1898644,-0.1910806,-0.18257022,-0.17400466,-0.27554205,-0.08916744,-0.11956477,-0.12766215,-0.15751183,-0.20931396,-0.18224281,-0.29657933,-0.32474133,-0.15278903,-0.3242122,-0.17325558,-0.17108874,-0.2185038,-0.17647925,-0.114121355,-0.1398074,-0.15388772,-0.15788373,-0.22984435,-0.18186735,-0.25944573,-0.10456504,-0.12455491,-0.13837768,-0.12413058,-0.15189947,-0.1550242,-0.1561825,-0.14014931,-0.15141064,-0.16307113,-0.15523495,-0.15354896,-0.15324956,-0.13407497,-0.12298734,-0.14607531,-0.19023485,-0.17722967,-0.21025829,-0.3990198,-0.20373271,-0.11350586,-0.1296617,-0.11869135,-0.14790945,-0.16636807,-0.18649402,-0.19167945,-0.13164163,-0.07672594,-0.1531147,-0.13971144,-0.14106366,-0.11805156,-0.19987361,-0.1649412,-0.15849262,-0.14181696,-0.12366237,-0.12722544,-0.14610182,-0.2588673,-0.107454106,-0.13074079,-0.09132757,-0.12832497,-0.1291181,-0.14962405,-0.15175562,-0.09642574,-0.08910369,-0.12439233,-0.11058941,-0.13790804,-0.15071982,-0.170528,-0.14296779,-0.11618827,-0.17388336,-0.15181169,-0.14237612,-0.12559149,-0.14196718,-0.17466888,-0.13176009,-0.13227455,-0.14578646,-0.12312822,-0.08722703,-0.05825615,-0.14353436,-0.17082691,-0.026243303,-0.16676205,-0.2829064,-0.31316653,-0.1990974,-0.14571331,-0.14331596,-0.14862512,-0.12963767,-0.25088155,-0.19426033,-0.18870358,-0.09472367,-0.10935779,-0.10702289,-0.09413017,-0.12759323,-0.15287301,-0.15746465,-0.16712372,-0.12812386,-0.0969081,-0.16398169,-0.14359489,-0.11335766,-0.18846886,-0.1706479,-0.15398006,-0.12586021,-0.115196005,-0.11315966,-0.11662802,-0.17587784,-0.13856938,-0.13450697,-0.096878245,-0.12130763,-0.09177378,-0.12434345,-0.13562201,-0.063823454,-0.13877153,-0.11419349,-0.13385183,-0.24483351,-0.2571875,-0.29957527,-0.14632916,-0.15677404,-0.13238594,-0.19104545,-0.0782174,-0.17257185,-0.16432631,-0.09859173,-0.11065883,-0.11441186,-0.076612435,-0.083404,-0.1213824,-0.13072303,-0.13855581,-0.19385117,-0.09945227,-0.15574217,-0.19487974,-0.19107778,-0.18712604,-0.11128929,-0.14294782,-0.10297947,-0.15920742,-0.19432214,-0.1731628,-0.1691097,-0.14285377,-0.14263983,-0.102000296,-0.15329584,-0.16147965,-0.18093759,-0.19544274,-0.12126574,-0.14730349,-0.11363582,-0.07998444,-0.14344743,-0.20725825,-0.16081348,-0.125103,-0.15657571,-0.15690626,-0.14360875,-0.19202894,-0.16256107,-0.1819529,2.0181391,-0.19873504,-0.1812167,-0.17151847,-0.19324547,-0.15768725,-0.14054683,-0.13042071,-0.12557748,-0.13839343,-0.16365048,-0.30584824,-0.16676499,-0.18117383,-0.19262227,-0.11441202,-0.1505747,-0.14053774,-0.1780351,-0.16696231,-0.16450715,-0.14331086,-0.18237996,-0.12842017,-0.15338787,-0.13810158,-0.24156228,-0.1792972,-0.10335645,-0.13515967,-0.14200136,-0.17449012,-0.11032954,-0.13457069,-0.15222633,-0.16001815,-0.18168664,-0.15431769,-0.1492678,2.2578804,-0.17542788,-0.16405725,-0.14723541,-0.14623587,-0.11499533,-0.10471026,-0.13514538,-0.20148799,-0.17706531,-0.12513243,-0.16535872,-0.18041904,-0.18738703,-0.11705899,-0.17648432,-0.26005137,-0.09272894,-0.09232655,-0.11482033,-0.13610691,-0.14814857,-0.0986362,-0.18904027
k__Bacteria|p__Firmicutes|c__Negativicutes|o__Selenomonadales|f__Selenomonadaceae|g__Megamonas|s__Megamonas_funiformis,-0.1004395,-0.12316422,-0.14257146,-0.20428483,-0.16730444,-0.19392516,-0.1666669,-0.14538074,-0.12583588,-0.18353182,-0.18361257,-0.22470276,-0.16997668,-0.20453443,-0.10396888,-0.100308925,-0.058144663,-0.10033701,-0.108625785,-0.17127389,-0.1978925,-0.12536043,-0.13684636,-0.15257281,-0.17179585,-0.11658599,-0.16796467,-0.17399529,-0.1509206,-0.12124001,-0.13582146,-0.10668062,-0.14905187,-0.1957597,-0.18938841,-0.2175087,-0.161421,-0.22338755,-0.19735478,-0.29867563,-0.29210672,-0.19834569,-0.1079444,-0.09162698,-0.13691942,-0.1555992,-0.23188588,-0.19420142,-0.14704113,-0.2026537,-0.18378021,-0.18279888,-0.19728522,-0.19868316,-0.20293042,-0.15759125,-0.12635784,-0.14430812,-0.093070924,-0.09649435,-0.17151618,-0.14284107,-0.13743341,-0.14744675,-0.12719077,-0.15203902,-0.2613474,-0.22333384,-0.18886675,-0.20047067,-0.1460231,-0.14966132,-0.1314714,-0.14328516,-0.15080303,-0.16397719,-0.14683948,-0.16278498,-0.15997931,-0.14998752,-0.14770204,-0.1576581,-0.15376958,-0.22480208,-0.120334074,-0.14213887,-0.1191093,-0.16114146,-0.1740528,-0.15636843,-0.16839966,-0.11139822,-0.1388583,-0.13027036,-0.1291908,-0.15152657,-0.14318846,-0.11606837,-0.10065024,-0.091417715,-0.10620049,-0.121142596,-0.13560317,-0.15027548,-0.1606422,-0.1185138,-0.11129953,-0.1578567,-0.17738779,-0.13424774,-0.1646556,-0.25953975,-0.14924642,-0.1334956,-0.14228658,-0.15095688,-0.17780018,-0.16439489,-0.22917573,-0.09015879,-0.11105019,-0.13538226,-0.13026616,-0.13997786,-0.17424062,-0.13908121,-0.16057305,-0.12777606,-0.07092635,-0.03704006,-0.1378451,-0.16249153,-0.17906591,-0.14332479,-0.12334781,-0.1364691,-0.12023825,-0.13876614,-0.25318068,-0.26654312,-0.08449043,-0.10945694,-0.14487055,-0.09238048,-0.1882385,-0.1904823,-0.15366778,-0.091277696,-0.13230102,-0.15015063,-0.15086451,-0.15936463,-0.17090029,-0.18370226,-0.08904933,-0.12443206,-0.14167145,-0.10256614,-0.17951453,-0.19495486,-0.19112724,-0.10085906,-0.13113372,-0.080598466,-0.12843221,-0.19006202,-0.19338721,-0.1918999,-0.12388264,-0.0764612,-0.098061696,-0.11927338,-0.13713823,-0.12406494,-0.121451,-0.095416814,-0.09755715,-0.10937872,-0.082459606,-0.1135902,-0.13285765,-0.16726837,-0.1410757,-0.13708857,-0.18093297,-0.17825818,-0.19455351,-0.14541692,-0.15549555,-0.13596472,-0.119081676,-0.14001076,-0.19117098,-0.19151187,-0.18191579,-0.19755594,-0.25103784,-0.20219928,-0.19061272,-0.19150867,-0.18288772,-0.17462507,-0.27554205,-0.08916744,-0.11956477,-0.1287638,-0.15751183,-0.20931396,-0.18224281,-0.29657933,6.015183,-0.15612003,6.520154,-0.17325558,-0.17108874,-0.2185038,-0.17647925,-0.114121355,-0.1407052,-0.15388772,-0.15788373,-0.22984435,-0.18186735,-0.2560044,-0.105228305,-0.12455491,-0.13908185,-0.12477824,-0.15189947,-0.15531097,-0.1563202,-0.14014931,-0.15141064,-0.1631693,-0.15576145,-0.15394291,-0.15369353,-0.13464054,-0.12367639,-0.14690244,-0.19016352,-0.1772752,-0.21025829,-0.3990198,-0.20465252,-0.11413497,-0.1296617,-0.119110644,-0.14837688,-0.16636807,-0.18655497,-0.19182488,-0.13243887,-0.077824205,-0.1534194,-0.14041969,-0.14106366,-0.11857021,-0.19987361,-0.1649412,-0.15936384,-0.14241782,-0.12427939,-0.12722544,-0.14610182,-0.2588673,-0.108165264,-0.13074079,-0.09132757,-0.12832497,-0.12964332,-0.1503141,-0.15205173,-0.097107865,-0.08910369,-0.1250342,-0.1113648,-0.13859057,-0.15134937,-0.17064855,-0.14339373,-0.11728302,-0.17423904,-0.15235534,-0.1428663,-0.12618494,-0.1421969,-0.17466888,-0.13176009,-0.13300574,-0.14619806,-0.12353109,-0.08722703,-0.05825615,-0.14394194,-0.17082691,-0.026243303,-0.16767779,-0.2829064,-0.31316653,-0.19948089,-0.14614893,-0.14331596,-0.14862512,-0.12963767,-0.25088155,-0.19393547,-0.18867673,-0.095539734,-0.11003916,-0.10702289,-0.09442672,-0.12759323,-0.1536637,-0.15746465,-0.16728511,-0.12812386,-0.0969081,-0.16398169,-0.14393392,-0.11335766,-0.18846886,-0.1706479,-0.15445794,-0.12647483,-0.115196005,-0.11366305,-0.11662802,-0.17621079,-0.13893022,-0.13485467,-0.096878245,-0.12184839,-0.09254815,-0.12434345,-0.13637583,-0.063823454,-0.13877153,-0.11419349,-0.13451636,-0.24483351,-0.2571875,7.296543,-0.1466687,-0.15719041,-0.13281524,-0.19104545,-0.0782174,-0.17285588,-0.16459292,-0.09859173,-0.11065883,-0.11523389,-0.076612435,-0.083404,-0.1213824,-0.13072303,-0.13855581,-0.19385117,-0.099958256,-0.15613163,-0.19487974,-0.19139954,-0.18721855,-0.11197969,-0.14373913,-0.103698365,-0.15926442,-0.19423777,-0.17291185,-0.16938564,-0.14333835,-0.14305256,-0.10294338,-0.15375549,-0.16193599,-0.18141977,-0.19522914,-0.12182161,-0.14761975,-0.11452207,-0.08109526,-0.14370324,-0.20725825,-0.16119571,-0.125103,-0.15657571,-0.15690626,-0.14436445,-0.19202894,-0.16307467,-0.18213487,-0.2963242,-0.1995486,-0.18180707,-0.17215475,-0.19349033,-0.1580842,-0.14054683,-0.13098978,-0.12557748,-0.1389675,-0.16421425,-0.30584824,-0.16769361,-0.18116465,-0.19296128,-0.11441202,-0.15102684,-0.14124316,-0.17841999,-0.16721499,-0.16484532,-0.14331086,-0.18237996,-0.12921521,-0.15407431,-0.13823459,-0.24156228,-0.18016443,-0.10402615,-0.13608946,-0.14234816,-0.17449397,-0.11126371,-0.13532224,-0.15230913,-0.16009828,-0.18238848,-0.1544612,-0.14949977,-0.19184028,-0.17582619,-0.16424519,-0.14723541,-0.14623587,-0.11499533,-0.10471026,-0.13577807,-0.20148799,-0.17717688,4.973916,-0.1667234,4.1445556,8.652979,7.918698,-0.17621082,-0.25863862,-0.09348515,-0.09318358,-0.1156771,-0.13655823,-0.14847657,-0.09952429,-0.18907854
k__Bacteria|p__Firmicutes|c__Clostridia|o__Eubacteriales|f__Clostridiaceae|g__Clostridium|s__Clostridium_sp_NSJ_42,-0.1004395,-0.12316422,-0.14153498,-0.20428483,-0.16555986,-0.19082555,-0.1666669,-0.14339614,-0.12485474,-0.18057501,-0.18124327,-0.22100592,-0.16797979,-0.2006012,-0.102942854,-0.09949723,-0.058144663,-0.09908925,-0.10797314,-0.16875276,-0.1978925,-0.12536043,-0.13499624,-0.15006647,-0.16924018,-0.11658599,-0.16574699,-0.17090555,-0.1509206,-0.12124001,-0.13427672,-0.106067374,-0.14734527,-0.19271642,-0.18624508,-0.2175087,-0.15998393,1.317116,-0.19494508,-0.29867563,-0.29210672,-0.1949141,-0.10667438,-0.09162698,-0.13691942,-0.1539812,-0.23188588,-0.19153705,-0.14500375,-0.2026537,-0.18196148,-0.18279888,-0.19450605,-0.19565874,-0.19948667,-0.1544531,-0.124830306,-0.14223564,-0.09207013,-0.09577493,-0.16881546,-0.14057896,-0.13743341,-0.14548442,-0.12719077,-0.15033369,-0.2613474,-0.22333384,-0.18607175,2.3612258,-0.1436862,-0.14754222,-0.1299507,-0.14141764,-0.14785664,-0.1610083,-0.14428341,-0.16278498,-0.15824232,-0.14998752,-0.14580949,-0.15582529,-0.1515702,-0.22480208,-0.120334074,-0.14040196,-0.11804604,-0.15836883,-0.17120515,-0.15468061,-0.1657672,-0.11139822,-0.1388583,-0.13027036,-0.1274957,-0.15152657,-0.14154814,-0.11467589,-0.10065024,-0.09098342,-0.10506781,-0.11961005,-0.13391766,-0.15027548,-0.15814027,-0.1185138,-0.11129953,-0.1578567,-0.17738779,-0.13201606,-0.16325177,0.876792,-0.14745873,-0.13227734,-0.1407387,-0.15095688,-0.17780018,-0.16279721,-0.22917573,-0.09015879,-0.11032355,-0.13383587,-0.12865736,-0.13997786,-0.17208591,-0.13908121,-0.16057305,-0.12777606,-0.07092635,-0.03704006,-0.13658005,-0.16004339,-0.17626269,-0.14332479,-0.12334781,-0.13497065,-0.12023825,-0.13702127,-0.25318068,-0.26654312,-0.083931655,-0.10945694,-0.14244196,-0.09238048,-0.1857045,-0.18788834,-0.15211162,-0.09066726,-0.13230102,-0.14840329,-0.14900878,-0.15710852,-0.16845211,-0.18009773,-0.08870585,-0.12276141,-0.13962507,-0.10256614,-0.17951453,-0.19495486,-0.18765938,-0.099985644,-0.13113372,-0.08007214,-0.12716573,-0.19006202,-0.19029742,-0.18901846,-0.12202051,-0.07615946,-0.0971221,-0.11821492,-0.13550763,-0.12406494,-0.121451,-0.09460884,-0.09693926,-0.10829597,-0.082459606,-0.11238016,-0.13114631,-0.16445944,-0.1410757,-0.13591278,-0.18093297,-0.17825818,-0.191767,-0.14368358,-0.15549555,-0.13408482,-0.119081676,-0.14001076,-0.19117098,-0.18891211,-0.17948054,-0.19755594,-0.25103784,-0.20219928,-0.1882017,-0.18924579,-0.18041816,-0.17282835,-0.27554205,-0.08916744,-0.11956477,-0.1279538,-0.15751183,-0.20931396,-0.18224281,-0.29657933,-0.32474133,-0.15768176,-0.3242122,-0.17325558,-0.17108874,-0.2185038,-0.17647925,-0.114121355,-0.13946491,-0.15388772,-0.15788373,-0.22984435,-0.18186735,-0.25248936,-0.104299694,-0.12455491,-0.13743389,-0.123346716,-0.15189947,-0.15273598,-0.15359552,-0.14014931,-0.15141064,-0.16027805,-0.15388507,-0.15166695,-0.15194608,-0.13315141,-0.122431144,-0.14521325,-0.18680184,-0.17473981,-0.21025829,-0.3990198,-0.20197514,-0.11295635,-0.1296617,-0.11752063,-0.14657232,-0.16636807,-0.1831936,-0.1889793,-0.13126388,-0.07738422,-0.15099625,-0.13889846,-0.14106366,-0.11710228,-0.19987361,-0.1649412,-0.15783347,-0.14089078,-0.123007,-0.12722544,-0.14610182,-0.2588673,-0.107339054,-0.13074079,-0.09132757,-0.12832497,-0.12786832,-0.14859101,-0.14949572,-0.09617634,-0.08910369,-0.1235369,-0.110467486,-0.13704157,-0.14951378,-0.16785929,-0.14154787,-0.11632856,-0.17167652,-0.15045676,-0.14093465,-0.12506351,-0.13978526,-0.17466888,-0.13176009,-0.13133992,-0.14422843,-0.121992774,-0.08722703,-0.05825615,-0.14214978,-0.17082691,-0.026243303,-0.16635445,-0.2829064,-0.31316653,-0.19641486,-0.14420335,-0.14331596,-0.14862512,-0.12963767,-0.25088155,-0.19087927,-0.18544814,-0.094874345,-0.10873491,-0.10702289,-0.09291658,-0.12759323,-0.15191355,-0.15746465,-0.16481477,-0.12812386,-0.0969081,-0.16398169,-0.14147529,-0.11335766,-0.18846886,-0.1706479,-0.15255608,-0.1247901,-0.115196005,-0.11235419,-0.11662802,-0.17314132,-0.13701394,-0.13287368,-0.096878245,-0.12046737,-0.09172006,-0.12434345,-0.13458622,-0.063823454,-0.13877153,-0.11419349,-0.13321167,3.302525,-0.2571875,2.1325252,-0.14474383,-0.15494974,-0.13116485,-0.19104545,-0.0782174,-0.17014147,-0.16221185,-0.09859173,-0.11065883,-0.11380688,-0.076612435,-0.083404,-0.1213824,-0.13072303,-0.13855581,-0.19385117,-0.09878823,-0.15425912,-0.19487974,-0.18879557,-0.18433154,-0.1108704,-0.14206788,-0.10232437,-0.15640083,-0.19130403,-0.1694434,-0.16728052,-0.14156827,-0.14111632,-0.102667615,-0.15181676,-0.15984437,-0.17916945,-0.1922886,-0.12033513,-0.1453698,-0.113489136,-0.080590606,-0.14217615,-0.20725825,-0.158963,-0.125103,-0.15657571,-0.15690626,-0.1428088,-0.19202894,-0.1609798,-0.17895326,-0.2963242,-0.19857751,-0.17983209,-0.17048508,-0.19110724,-0.15645099,-0.14054683,-0.12947387,-0.12557748,-0.13731377,-0.16285835,-0.30584824,-0.16568121,-0.17815709,-0.19034463,-0.11441202,-0.14901067,-0.13979074,-0.1759393,-0.16480872,-0.16229458,-0.14331086,-0.18237996,-0.12817687,-0.15222512,-0.1370907,-0.24156228,-0.17820509,-0.10307831,-0.13487153,-0.14016566,-0.17161539,-0.11042273,-0.13388751,-0.14952277,-0.15762764,-0.18016571,-0.15169993,-0.14738728,-0.19184028,-0.1735112,-0.16125366,-0.14723541,-0.14623587,-0.11499533,-0.10471026,-0.13429698,-0.20148799,-0.17428234,-0.12513243,-0.1651139,-0.18041904,-0.18738703,-0.11705899,-0.17228168,-0.25478286,-0.092783555,-0.09243254,-0.11477705,-0.1347788,-0.146465,-0.098985024,-0.18579307
k__Bacteria|p__Firmicutes|c__Bacilli|o__Lactobacillales|f__Enterococcaceae|g__Enterococcus|s__Enterococcus_durans,-0.1004395,-0.12316422,-0.13940886,-0.20428483,-0.16519895,-0.1899339,-0.1666669,-0.14415121,-0.12449303,-0.18127806,-0.18055868,-0.20934793,-0.1658755,-0.19660228,-0.10295533,-0.09846718,-0.058144663,-0.09996398,-0.10742645,-0.16861886,-0.1978925,-0.12536043,-0.13569516,-0.15141669,-0.16886933,-0.11658599,-0.16589256,-0.17231119,-0.1509206,-0.12124001,-0.1346218,-0.10480817,-0.14687596,-0.19101426,-0.18564701,-0.2175087,-0.15956756,-0.22338755,-0.19298947,-0.29867563,-0.29210672,-0.19272973,-0.10701597,-0.09162698,-0.13691942,-0.15322992,-0.23188588,-0.19029751,-0.14518698,-0.2026537,-0.18286681,-0.18279888,-0.19276783,-0.19204569,-0.1942505,-0.1560452,-0.12492232,-0.14235198,-0.093155615,-0.095639974,-0.16918759,-0.14168006,-0.13743341,-0.14567167,-0.12719077,-0.14979516,-0.2613474,-0.22333384,-0.18621549,-0.20047067,-0.14453906,-0.14802644,-0.12932865,-0.14095074,-0.14917964,-0.1627473,-0.14582685,-0.16278498,-0.15809613,-0.14998752,-0.14619544,-0.15509251,-0.15176895,-0.22480208,-0.120334074,-0.14033212,-0.11766793,-0.1594437,-0.17200242,-0.15387878,-0.16618171,-0.11139822,-0.1388583,-0.13027036,-0.1280374,-0.15152657,-0.14212012,-0.11572249,-0.10065024,-0.09056935,-0.105028436,-0.11962819,-0.13376164,-0.15027548,-0.15897642,-0.1185138,-0.11129953,-0.1578567,-0.17738779,-0.1326237,-0.16123274,-0.25953975,-0.14747274,-0.13148122,-0.1397185,-0.15095688,-0.17780018,-0.16136238,-0.22917573,-0.09015879,-0.110477164,-0.13378875,-0.1285334,-0.13997786,-0.17127961,-0.13908121,-0.16057305,-0.12777606,-0.07092635,-0.03704006,-0.13572231,-0.16012096,-0.17688139,-0.14332479,-0.12334781,-0.13504517,-0.12023825,-0.13673455,-0.25318068,-0.26654312,-0.08410989,-0.10945694,-0.1430744,-0.09238048,-0.18471146,-0.18669584,-0.15077797,-0.09057228,-0.13230102,-0.14813618,-0.14869104,-0.15702784,-0.16819736,-0.18116657,-0.08797443,-0.12323758,-0.14014187,-0.10256614,-0.17951453,-0.19495486,-0.18781677,-0.10021283,-0.13113372,-0.078740895,-0.12613095,-0.19006202,-0.18968634,-0.1882866,-0.12356004,-0.076294705,-0.09703183,-0.11741191,-0.13528489,-0.12406494,-0.121451,-0.09453362,-0.0963738,-0.10804695,-0.082459606,-0.1120122,-0.13115394,-0.16536145,-0.1410757,-0.13539676,-0.18093297,-0.17825818,-0.18988366,-0.14281818,-0.15549555,-0.1343577,-0.119081676,-0.14001076,-0.19117098,-0.18728545,-0.17877603,-0.19755594,-0.25103784,-0.20219928,-0.18754168,-0.18782571,-0.17941535,-0.1706753,-0.27554205,-0.08916744,-0.11956477,-0.127117,-0.15751183,-0.20931396,-0.18224281,-0.29657933,4.135775,-0.15037692,1.729521,-0.17325558,-0.17108874,3.524371,-0.17647925,-0.114121355,-0.13873146,-0.15388772,-0.15788373,-0.22984435,-0.18186735,-0.24215801,-0.10416821,-0.12455491,-0.13751574,-0.12343791,-0.15189947,-0.15344067,-0.15505876,-0.14014931,-0.15141064,-0.16158736,-0.15389623,-0.15217188,-0.151312,-0.13246843,-0.12260354,-0.14526251,-0.18737324,-0.17447369,-0.21025829,-0.3990198,-0.19332287,-0.11309377,-0.1296617,-0.11754326,-0.14643382,-0.16636807,-0.18428606,-0.1884636,-0.13106176,-0.077015616,-0.15131915,-0.13844918,-0.14106366,-0.1187377,-0.19987361,-0.1649412,-0.15736948,-0.13980074,-0.122731715,-0.12722544,-0.14610182,-0.2588673,-0.106963724,-0.13074079,-0.09132757,-0.12832497,-0.12845454,-0.14852476,-0.15080273,-0.09651648,-0.08910369,-0.123407505,-0.109932154,-0.13654993,-0.14925276,-0.16798365,-0.14187641,-0.116340905,-0.17171487,-0.15041758,-0.14116968,-0.12415298,-0.14133874,-0.17466888,-0.13176009,-0.13122666,-0.14446488,-0.12211713,-0.08722703,-0.05825615,-0.1423538,-0.17082691,-0.026243303,-0.16446534,-0.2829064,-0.31316653,-0.19194824,-0.14443082,-0.14331596,-0.14862512,-0.12963767,-0.25088155,-0.18989724,-0.18570304,-0.094854,-0.10915783,-0.10702289,-0.09327637,-0.12759323,-0.15141574,-0.15746465,-0.16511577,-0.12812386,-0.0969081,-0.16398169,-0.14269862,-0.11335766,-0.18846886,5.062691,-0.15248144,-0.12521175,2.770685,-0.11225968,-0.11662802,-0.17391235,-0.13739724,-0.13318765,-0.096878245,-0.11993036,-0.091938555,-0.12434345,-0.13578874,-0.063823454,-0.13877153,-0.11419349,-0.13249132,-0.24483351,-0.2571875,-0.29957527,-0.14470696,-0.15492746,-0.13078716,-0.19104545,-0.0782174,-0.16955957,-0.162504,-0.09859173,-0.11065883,-0.1153539,-0.076612435,-0.083404,-0.1213824,-0.13072303,-0.13855581,-0.19385117,-0.098725796,-0.15406065,-0.19487974,-0.18793128,-0.18360384,-0.11103746,-0.14187151,-0.10312525,-0.15782195,-0.19015965,-0.17041095,-0.16638982,-0.14154516,-0.141087,-0.10133125,-0.15143026,-0.15979621,-0.1781596,-0.19068345,-0.12060252,-0.14616154,-0.11401078,-0.08081268,-0.14091243,3.8111095,-0.15941761,-0.125103,-0.15657571,-0.15690626,-0.14237055,-0.19202894,-0.16082779,-0.17973208,-0.2963242,-0.1913516,-0.1773652,-0.16863292,-0.1885486,-0.15513721,-0.14054683,-0.12931673,-0.12557748,-0.13714278,-0.16056009,-0.30584824,-0.16494745,-0.17833534,-0.18950069,4.5881767,-0.14895503,-0.1392115,-0.17554706,-0.16478013,-0.16274482,-0.14331086,-0.18237996,-0.12752365,-0.15173939,-0.13515636,-0.24156228,-0.17696652,-0.10306744,-0.13433912,-0.14058146,-0.17216633,-0.110038444,-0.13341588,-0.15093112,-0.15829551,-0.1791226,-0.15235773,-0.14727332,-0.19184028,-0.17295821,-0.16295895,-0.14723541,-0.14623587,-0.11499533,-0.10471026,-0.13342652,-0.20148799,-0.17507176,-0.12513243,-0.16434981,-0.18041904,-0.18738703,-0.11705899,-0.17456116,-0.24945924,-0.09268515,-0.0925529,-0.11408958,-0.1345881,-0.14613587,-0.098128274,-0.18577081
k__Bacteria|p__Firmicutes|c__Negativicutes|o__Veillonellales|f__Veillonellaceae|g__Megasphaera|s__Megasphaera_sp_MJR8396C,-0.1004395,-0.12316422,-0.14158982,-0.20428483,-0.16605073,-0.19215982,-0.1666669,-0.14438516,-0.12490727,-0.1819447,-0.18214603,-0.22793683,-0.16903318,-0.20429936,-0.103511125,-0.100018404,-0.058144663,-0.09989181,-0.10814429,-0.16973469,6.516168,-0.12536043,-0.1358051,-0.15140536,-0.17055263,-0.11658599,-0.1662356,-0.17253391,-0.1509206,-0.12124001,-0.13467972,-0.106266946,-0.1478431,-0.1945582,-0.18788561,-0.2175087,-0.16018282,-0.22338755,-0.19616388,-0.29867563,-0.29210672,-0.19717133,-0.10736973,-0.09162698,-0.13691942,-0.15435666,-0.23188588,-0.1923853,-0.14607486,-0.2026537,-0.18212683,-0.18279888,-0.19622484,-0.19812836,-0.20353246,-0.15653285,-0.12559971,-0.1432685,-0.092510425,-0.09616621,-0.17003284,-0.14162818,-0.13743341,-0.14635125,2.678465,-0.1505759,7.08588,4.000063,-0.18738224,7.5072904,-0.1449838,-0.14854093,-0.13072124,-0.14238888,-0.149815,-0.16275257,-0.1456829,-0.16278498,-0.15855213,-0.14998752,-0.14654621,-0.15645167,-0.1524645,-0.22480208,-0.120334074,-0.14105223,-0.11842654,-0.15976262,-0.17278382,-0.15514606,-0.16695273,-0.11139822,-0.1388583,-0.13027036,-0.12828729,-0.15152657,-0.14183289,-0.11535996,-0.10065024,-0.091129154,-0.10569957,-0.120427005,-0.13466717,-0.15027548,-0.15931761,-0.1185138,-0.11129953,-0.1578567,-0.17738779,-0.13336548,-0.16360718,-0.25953975,-0.14806104,-0.13257176,-0.1414477,-0.15095688,-0.17780018,-0.16298757,-0.22917573,-0.09015879,-0.110255264,-0.13442335,-0.12953758,-0.13997786,-0.17273684,-0.13908121,-0.16057305,-0.12777606,-0.07092635,-0.03704006,-0.13681,-0.16116303,-0.1775209,-0.14332479,-0.12334781,-0.13528803,-0.12023825,-0.13798666,-0.25318068,-0.26654312,-0.0841666,-0.10945694,-0.14384648,-0.09238048,-0.18639071,-0.18906613,-0.15258887,-0.09087869,-0.13230102,-0.14895415,-0.14973524,-0.15815812,-0.16952686,-0.18213817,-0.08865915,-0.12358442,-0.14072242,-0.10256614,-0.17951453,-0.19495486,-0.1897175,-0.10047029,-0.13113372,-0.08090787,-0.12790643,-0.19006202,-0.19196829,-0.19037938,-0.1230312,-0.07619232,-0.09758219,-0.118710786,-0.13619947,-0.12406494,-0.121451,-0.09510268,-0.09724663,-0.10875097,-0.082459606,-0.11300334,-0.13190779,-0.1658564,-0.1410757,-0.13607538,-0.18093297,-0.17825818,-0.1930955,-0.14438194,-0.15549555,-0.13511232,-0.119081676,-0.14001076,-0.19117098,-0.19006903,-0.180324,-0.19755594,-0.25103784,-0.20219928,-0.18871573,-0.1898607,-0.18143356,-0.17322336,-0.27554205,-0.08916744,-0.11956477,-0.1278001,-0.15751183,-0.20931396,-0.18224281,-0.29657933,-0.32474133,-0.15338746,-0.3242122,-0.17325558,-0.17108874,-0.2185038,-0.17647925,-0.114121355,-0.13958465,-0.15388772,-0.15788373,-0.22984435,-0.18186735,-0.25675613,-0.10475548,-0.12455491,-0.13801892,-0.12400623,-0.15189947,-0.15404868,-0.15513718,-0.14014931,-0.15141064,-0.16189069,-0.15450701,-0.1526989,-0.15259531,-0.13382292,-0.12293044,-0.14572069,-0.1886743,-0.17601383,-0.21025829,-0.3990198,-0.2026559,-0.11351772,-0.1296617,-0.11850481,-0.14737982,-0.16636807,-0.18488121,-0.19023892,-0.13144413,-0.07756203,-0.152261,-0.13940245,-0.14106366,-0.117715776,-0.19987361,-0.1649412,-0.15790105,-0.14138108,-0.123591684,-0.12722544,-0.14610182,-0.2588673,-0.10763549,-0.13074079,-0.09132757,-0.12832497,-0.12881422,-0.14910215,-0.15081885,-0.09669471,-0.08910369,-0.12422025,-0.11081275,-0.13755947,-0.15015605,-0.1693005,-0.14236943,-0.116408765,-0.1726804,-0.15118405,-0.14183477,-0.1254715,-0.14112099,-0.17466888,-0.13176009,-0.1319885,-0.14513367,-0.12284461,-0.08722703,-0.05825615,-0.14288504,-0.17082691,-0.026243303,-0.16599406,-0.2829064,-0.31316653,-0.19753766,-0.14507693,-0.14331596,-0.14862512,-0.12963767,-0.25088155,-0.19256124,-0.18710199,-0.09515861,-0.10937635,-0.10702289,-0.09424341,-0.12759323,-0.15228957,-0.15746465,-0.16599709,-0.12812386,-0.0969081,-0.16398169,-0.14283726,-0.11335766,-0.18846886,-0.1706479,-0.15327698,-0.12552488,-0.115196005,-0.113144055,-0.11662802,-0.1745535,-0.13800085,-0.13401325,-0.096878245,-0.12117144,-0.092217445,-0.12434345,-0.13519642,-0.063823454,-0.13877153,-0.11419349,-0.13360614,-0.24483351,-0.2571875,-0.29957527,-0.14567088,-0.15595,-0.1320324,-0.19104545,-0.0782174,-0.17134589,-0.16334042,-0.09859173,-0.11065883,-0.114327624,-0.076612435,-0.083404,-0.1213824,-0.13072303,-0.13855581,-0.19385117,-0.09955808,-0.15495011,-0.19487974,-0.18976136,-0.18571153,-0.111381546,-0.14249057,-0.103095636,-0.1580427,-0.19281194,-0.17159995,-0.16817248,-0.14230998,-0.14203888,-0.10249807,-0.15261087,-0.16061121,-0.17986463,-0.19381201,-0.12109574,-0.14649029,-0.11373451,-0.080740914,-0.14288251,-0.20725825,-0.15986337,-0.125103,-0.15657571,-0.15690626,-0.14314684,-0.19202894,-0.16170868,-0.18050447,-0.2963242,-0.19798464,-0.18037172,-0.17088123,-0.19202596,-0.15702873,-0.14054683,-0.13015223,-0.12557748,-0.13794899,-0.16314438,2.8326433,-0.16589199,-0.17984983,-0.19129005,-0.11441202,-0.14992006,-0.14021023,-0.17683545,-0.1658796,-0.16348909,-0.14331086,-0.18237996,-0.12834412,-0.15278494,-0.13771236,-0.24156228,-0.17840582,-0.103576556,-0.13494527,-0.14134112,-0.17315125,-0.110592276,-0.13430709,-0.1511298,-0.15893373,-0.18066686,-0.15329303,-0.14852113,-0.19184028,-0.17431201,-0.16281174,-0.14723541,-0.14623587,-0.11499533,-0.10471026,-0.13487396,-0.20148799,-0.17570153,-0.12513243,-0.16480023,-0.18041904,-0.18738703,-0.11705899,-0.17468199,-0.25762677,-0.09311411,-0.092771366,-0.114966616,-0.13568437,-0.147493,-0.09914641,-0.18736419
k__Bacteria|p__Firmicutes|c__Erysipelotrichia|o__Erysipelotrichales|f__Erysipelotrichaceae|g__Holdemanella|s__Holdemanella_porci,-0.1004395,-0.12316422,-0.14196861,-0.20428483,-0.16656813,-0.19294536,-0.1666669,-0.14476949,-0.125117,-0.18260941,-0.18254004,-0.22768149,-0.16935876,-0.20403552,-0.103736535,-0.09998359,-0.058144663,-0.10004464,-0.10825969,-0.17042495,-0.1978925,-0.12536043,-0.1363092,-0.15201059,-0.1712209,-0.11658599,-0.16683292,-0.17319945,-0.1509206,-0.12124001,-0.134967,-0.10636343,-0.14811543,-0.1953186,-0.18851906,-0.2175087,-0.16069208,-0.22338755,-0.19665813,-0.29867563,-0.29210672,-0.19769906,-0.107549556,-0.09162698,-0.13691942,-0.15479332,-0.23188588,-0.19325466,-0.14645109,-0.2026537,-0.1828821,-0.18279888,-0.19689551,-0.19868174,-0.20418388,-0.1571542,-0.12593347,-0.14372802,-0.092786156,-0.096369915,-0.17068477,-0.14231275,-0.13743341,-0.14679453,-0.12719077,-0.15097639,-0.2613474,-0.22333384,-0.18805516,-0.20047067,-0.14553365,-0.149057,-0.1309832,-0.14284232,-0.15053731,-0.1636005,-0.14626049,-0.16278498,-0.159078,-0.14998752,-0.14700927,-0.15690231,-0.15306456,-0.22480208,-0.120334074,-0.1414173,-0.11869894,-0.1604907,-0.17345816,-0.15559334,-0.16753507,-0.11139822,-0.1388583,-0.13027036,-0.12871693,-0.15152657,-0.14232142,-0.115739614,-0.10065024,-0.09118478,-0.1059196,-0.12076579,-0.13503602,-0.15027548,-0.1598414,-0.1185138,-0.11129953,-0.1578567,-0.17738779,-0.1338591,-0.16402823,-0.25953975,-0.14848337,-0.13274541,-0.14179492,-0.15095688,-0.17780018,-0.1635044,-0.22917573,-0.09015879,-0.110394895,-0.13473122,-0.12989515,-0.13997786,-0.17325643,-0.13908121,-0.16057305,-0.12777606,-0.07092635,-0.03704006,-0.13713814,-0.16168852,-0.17821588,-0.14332479,-0.12334781,-0.13557526,-0.12023825,-0.13830452,-0.25318068,-0.26654312,-0.08423551,-0.10945694,-0.14425874,-0.09238048,-0.18694617,-0.18969372,-0.15284193,-0.09097097,-0.13230102,-0.14933276,-0.15017475,-0.15870278,-0.1701872,-0.18301271,-0.08874991,-0.12403013,-0.14086609,-0.10256614,-0.17951453,-0.19495486,-0.19059843,-0.10070087,-0.13113372,-0.080941066,-0.12817252,-0.19006202,-0.1927386,-0.1910406,-0.12340281,-0.07635079,-0.097784534,-0.11891958,-0.136499,-0.12406494,-0.121451,-0.09522954,-0.097310685,-0.10885507,-0.082459606,-0.113254204,-0.13227174,-0.1664541,-0.1410757,-0.13638303,-0.18093297,-0.17825818,-0.19377398,-0.14478713,-0.15549555,-0.13552764,-0.119081676,-0.14001076,-0.19117098,-0.19067198,-0.18089321,-0.19755594,-0.25103784,-0.20219928,-0.18933128,-0.1905257,-0.1819786,-0.17355978,-0.27554205,-0.08916744,-0.11956477,-0.12788978,-0.15751183,-0.20931396,-0.18224281,-0.29657933,3.6466868,-0.15296409,4.1773047,-0.17325558,-0.17108874,-0.2185038,-0.17647925,-0.114121355,-0.13989457,-0.15388772,-0.15788373,-0.22984435,-0.18186735,-0.25675586,-0.104923874,-0.12455491,-0.1383675,-0.12433473,-0.15189947,-0.15473156,-0.1557459,-0.14014931,-0.15141064,-0.16258857,-0.15505122,-0.15322228,-0.15297899,-0.13404733,-0.12321678,-0.14609343,-0.189334,-0.17653652,-0.21025829,-0.3990198,-0.20279147,-0.11371824,-0.1296617,-0.118820846,-0.14780335,-0.16636807,-0.1856429,-0.1909017,-0.13158658,-0.077714965,-0.15284811,-0.13968521,-0.14106366,-0.11800872,-0.19987361,-0.1649412,-0.15828164,-0.14162971,-0.12386394,-0.12722544,-0.14610182,-0.2588673,-0.107742004,-0.13074079,-0.09132757,-0.12832497,-0.12916848,-0.14953978,-0.15140268,-0.09684087,-0.08910369,-0.1244764,-0.11098711,-0.1378451,-0.15057622,-0.16992787,-0.14282823,-0.11657897,-0.17324598,-0.15163119,-0.14221844,-0.12581697,-0.14160609,-0.17466888,-0.13176009,-0.1323291,-0.14565694,-0.123249546,-0.08722703,-0.05825615,-0.14334148,-0.17082691,-0.026243303,-0.166196,-0.2829064,-0.31316653,-0.19806778,-0.14551808,-0.14331596,-0.14862512,-0.12963767,-0.25088155,-0.19346659,-0.18786879,-0.095307745,-0.10965368,-0.10702289,-0.09458637,-0.12759323,-0.15265101,-0.15746465,-0.16664469,-0.12812386,-0.0969081,-0.16398169,-0.14336115,-0.11335766,-0.18846886,-0.1706479,-0.15372564,-0.12600033,-0.115196005,-0.11338119,-0.11662802,-0.17519182,-0.13845772,-0.13443354,-0.096878245,-0.12147627,-0.092342034,-0.12434345,-0.1355659,-0.063823454,-0.13877153,-0.11419349,-0.1338689,-0.24483351,-0.2571875,-0.29957527,-0.1460833,-0.15646994,-0.13249297,-0.19104545,-0.0782174,-0.17196047,-0.16390677,-0.09859173,-0.11065883,-0.11464644,-0.076612435,-0.083404,-0.1213824,-0.13072303,-0.13855581,-0.19385117,-0.09987366,-0.15546787,-0.19487974,-0.19041118,-0.18638332,-0.11158503,-0.14285213,-0.1034738,-0.15877122,-0.19353516,-0.17219993,-0.16856042,-0.14271191,-0.14247157,-0.10247801,-0.15300906,-0.16119975,-0.18032263,-0.19441144,-0.1214411,-0.14704973,-0.11388449,-0.08079205,-0.1433163,-0.20725825,-0.16037744,-0.125103,-0.15657571,-0.15690626,-0.14351793,-0.19202894,-0.16225988,-0.18125957,-0.2963242,-0.19810069,-0.18085274,-0.1712313,-0.19244061,-0.15746161,4.4595127,-0.13043272,-0.12557748,-0.13830341,-0.16304573,-0.30584824,-0.16651371,-0.18060362,-0.19196603,-0.11441202,-0.1503714,-0.14052391,-0.1773986,-0.16662899,-0.16403303,-0.14331086,-0.18237996,-0.12855262,-0.15305682,-0.13804954,-0.24156228,-0.17879736,-0.103724435,-0.13528018,-0.14191361,-0.17387345,-0.11072573,-0.13468194,-0.15179166,-0.15946081,-0.18121931,-0.15395151,-0.14913705,6.062369,-0.17497319,-0.16357034,-0.14723541,-0.14623587,-0.11499533,-0.10471026,-0.1351615,-0.20148799,-0.17638838,-0.12513243,-0.16487567,-0.18041904,-0.18738703,-0.11705899,-0.17570393,-0.25839213,-0.0932529,-0.09288889,-0.11514954,-0.13606948,-0.14790279,-0.09921014,-0.18812525
k__Bacteria|p__Firmicutes|c__Tissierellia|o__Tissierellales|f__Peptoniphilaceae|g__Peptoniphilus|s__Peptoniphilus_gorbachii,-0.1004395,-0.12316422,-0.14149868,-0.20428483,-0.1666216,-0.19404389,-0.1666669,-0.1455566,-0.12474348,-0.18433541,-0.1824486,-0.22614773,-0.16883491,-0.20557214,-0.10295149,-0.09936519,-0.058144663,-0.09991257,-0.107556686,-0.17133266,-0.1978925,-0.12536043,-0.13636768,-0.152786,-0.17179894,-0.11658599,-0.16741183,-0.1744908,-0.1509206,-0.12124001,-0.1354649,-0.105270095,-0.14875785,-0.19594666,-0.18993124,-0.2175087,-0.16060762,-0.22338755,-0.19775142,-0.29867563,-0.29210672,-0.1991543,-0.10732398,-0.09162698,-0.13691942,-0.15502378,-0.23188588,-0.19387507,-0.1467993,-0.2026537,-0.18314597,-0.18279888,-0.19746062,-0.19855997,-0.20437509,-0.15882726,-0.1258817,-0.14418674,-0.092210144,-0.09556803,-0.17173137,-0.14271308,-0.13743341,-0.14722545,-0.12719077,-0.15178959,1.1260564,-0.22333384,-0.18891671,-0.20047067,-0.14615297,-0.14941542,-0.13097742,-0.14294691,-0.15147361,-0.16447905,-0.14731382,-0.16278498,-0.15907086,-0.14998752,-0.14738375,-0.15721966,-0.1535185,-0.22480208,-0.120334074,-0.14182316,-0.118243046,-0.16153246,-0.17455766,-0.15561223,-0.16867346,-0.11139822,-0.1388583,-0.13027036,-0.1289241,-0.15152657,-0.14245377,-0.11551121,-0.10065024,-0.09013128,-0.10553007,-0.12075955,-0.13531923,-0.15027548,-0.16084376,-0.1185138,-0.11129953,-0.1578567,-0.17738779,-0.13431367,-0.1642634,-0.25953975,-0.14892107,-0.132533,-0.14185145,-0.15095688,-0.17780018,-0.16367163,-0.22917573,-0.09015879,-0.11011276,-0.13494068,-0.12974396,-0.13997786,-0.1738654,-0.13908121,-0.16057305,-0.12777606,-0.07092635,-0.03704006,-0.13730949,-0.16254313,-0.1794028,-0.14332479,-0.12334781,-0.13593313,-0.12023825,-0.13864438,-0.25318068,-0.26654312,-0.083224446,-0.10945694,-0.14521617,-0.09238048,-0.18822122,-0.1903024,-0.15270615,-0.090065375,-0.13230102,-0.1497876,-0.15040155,-0.15917495,-0.17068678,-0.18474135,-0.0874919,-0.12408123,-0.14170593,-0.10256614,-0.17951453,-0.19495486,-0.1918844,-0.10008683,-0.13113372,-0.07963325,-0.1281676,-0.19006202,-0.19339107,-0.19219364,-0.12389524,-0.07473125,-0.09725799,-0.11857513,-0.13677624,-0.12406494,-0.121451,-0.094403505,-0.09651214,-0.10859117,-0.082459606,-0.1130088,-0.13250865,-0.16785449,-0.1410757,-0.13627219,-0.18093297,-0.17825818,-0.19445626,-0.14504358,-0.15549555,-0.13589555,-0.119081676,-0.14001076,-0.19117098,-0.19122204,-0.18140835,-0.19755594,-0.25103784,-0.20219928,-0.18998674,-0.19104016,-0.18270272,-0.1741282,-0.27554205,-0.08916744,-0.11956477,-0.12783372,-0.15751183,-0.20931396,-0.18224281,-0.29657933,-0.32474133,-0.15327194,-0.3242122,-0.17325558,-0.17108874,-0.2185038,-0.17647925,-0.114121355,-0.1397385,-0.15388772,-0.15788373,-0.22984435,-0.18186735,-0.25679052,-0.104305826,-0.12455491,-0.13864663,-0.12425481,-0.15189947,-0.15541103,-0.1568251,-0.14014931,-0.15141064,-0.16366132,-0.15529054,-0.15389016,-0.15333846,-0.1340482,-0.12307198,-0.14635086,-0.19080207,-0.17682773,-0.21025829,-0.3990198,-0.20398206,-0.113517866,-0.1296617,-0.11888015,-0.14820057,-0.16636807,-0.18736744,-0.1920316,-0.1317742,-0.07623066,-0.1539079,-0.13995714,-0.14106366,-0.11830357,-0.19987361,-0.1649412,-0.15851459,-0.14180943,-0.12353501,-0.12722544,-0.14610182,-0.2588673,-0.10731702,-0.13074079,-0.09132757,-0.12832497,-0.12938951,-0.14975792,-0.15228225,-0.0962055,-0.08910369,-0.124652855,-0.110406935,-0.1381137,-0.15094352,-0.17103189,-0.14319022,-0.11628331,-0.17452674,-0.15185684,-0.14264435,-0.12513472,-0.14257994,5.1977367,-0.13176009,-0.13259767,-0.14601517,-0.12290764,-0.08722703,-0.05825615,-0.14379263,-0.17082691,-0.026243303,-0.16721475,-0.2829064,-0.31316653,-0.1991207,-0.14597446,-0.14331596,-0.14862512,-0.12963767,-0.25088155,-0.19382586,-0.18928888,-0.09439926,-0.10952519,-0.10702289,-0.094151184,-0.12759323,-0.15336336,-0.15746465,-0.16729032,-0.12812386,-0.0969081,-0.16398169,-0.14413252,-0.11335766,-0.18846886,-0.1706479,-0.15398264,-0.12585886,-0.115196005,-0.113207996,-0.11662802,-0.17682421,-0.1386895,-0.13468185,-0.096878245,-0.12115828,-0.09168039,-0.12434345,-0.13615371,-0.063823454,4.70544,2.84391,-0.13418049,-0.24483351,1.5099036,-0.29957527,-0.14652756,-0.15704796,-0.13233334,-0.19104545,-0.0782174,-0.1731078,-0.16473013,-0.09859173,-0.11065883,-0.1148497,-0.076612435,-0.083404,-0.1213824,-0.13072303,-0.13855581,-0.19385117,-0.09896478,-0.15618047,-0.19487974,-0.19106892,-0.18738337,-0.1112504,-0.14306796,-0.10297063,-0.16021101,-0.19427688,-0.17411394,-0.16922323,-0.14297912,-0.14281513,-0.10150425,-0.15362854,-0.16160494,-0.18111181,-0.19537915,-0.121375985,-0.14785981,-0.11381096,-0.07986512,-0.14354588,-0.20725825,-0.16100869,-0.125103,-0.15657571,-0.15690626,-0.14370428,-0.19202894,-0.16270286,-0.18274462,3.309502,-0.19765383,-0.18127415,-0.17138839,-0.19309413,-0.15749513,-0.14054683,-0.1305036,-0.12557748,-0.13856742,-0.16390339,-0.30584824,-0.16666678,-0.1816575,-0.19273466,-0.11441202,-0.15112159,-0.14065573,-0.17838952,-0.16701698,-0.16506958,-0.14331086,2.6168783,-0.12832749,-0.15383309,-0.13777955,-0.24156228,-0.17945828,-0.10314478,-0.13513307,-0.14217326,-0.1751383,-0.11006124,-0.13467306,-0.15285139,-0.16039161,-0.1815727,-0.15474582,-0.14936383,2.9289956,-0.17541984,-0.16468893,-0.14723541,-0.14623587,-0.11499533,2.433485,-0.13549814,-0.20148799,-0.17750534,-0.12513243,-0.1657728,-0.18041904,-0.18738703,-0.11705899,-0.1777762,-0.25931177,-0.09233461,-0.09213956,-0.11480956,-0.13634092,-0.14828578,-0.09827668,-0.18981236
k__Bacteria|p__Firmicutes|c__Erysipelotrichia|o__Erysipelotrichales|f__Erysipelotrichaceae|g__Solobacterium|s__Solobacterium_SGB6829,-0.1004395,-0.12316422,-0.14152876,-0.20428483,-0.16746396,-0.19311602,-0.1666669,-0.14511754,-0.12518151,-0.18359244,-0.18405819,-0.2176798,-0.16972059,-0.20295724,-0.10290442,-0.09856069,-0.058144663,-0.09946452,-0.10774181,-0.17066652,-0.1978925,-0.12536043,-0.13642481,-0.15230519,-0.17134993,-0.11658599,-0.16800101,-0.1737799,-0.1509206,-0.12124001,-0.13519348,-0.10555382,-0.14828432,-0.19527847,-0.18874374,-0.2175087,-0.16106662,-0.22338755,-0.19663374,-0.29867563,-0.29210672,-0.1969704,-0.106999144,-0.09162698,-0.13691942,-0.15528646,-0.23188588,-0.19400156,-0.14635202,-0.2026537,-0.18496205,-0.18279888,-0.19638912,-0.19660951,-0.19980875,-0.1576204,-0.12554024,-0.14363948,-0.0920165,-0.09536309,-0.17138372,-0.14231615,-0.13743341,-0.14694095,-0.12719077,-0.15150812,-0.2613474,-0.22333384,-0.18905152,-0.20047067,-0.14554478,-0.14930883,-0.13030988,-0.14252482,-0.15038352,-0.16396663,-0.14640668,-0.16278498,-0.15986322,-0.14998752,-0.14736575,-0.15713233,-0.15316811,-0.22480208,-0.120334074,-0.1415479,-0.11824731,-0.16103339,-0.17395541,-0.15563904,-0.16806409,-0.11139822,-0.1388583,-0.13027036,-0.1285857,-0.15152657,-0.14308454,-0.115354255,-0.10065024,-0.09038843,-0.10531854,-0.12025081,-0.13496673,-0.15027548,-0.16036709,-0.1185138,-0.11129953,-0.1578567,-0.17738779,-0.13280942,-0.16334033,-0.25953975,-0.14877802,-0.13264959,-0.141361,-0.15095688,-0.17780018,-0.16376919,-0.22917573,-0.09015879,-0.11033584,-0.13469347,-0.12941289,-0.13997786,-0.17394401,-0.13908121,-0.16057305,-0.12777606,-0.07092635,-0.03704006,-0.1373679,-0.16213188,-0.17883348,-0.14332479,-0.12334781,-0.13608953,-0.12023825,-0.13813956,-0.25318068,-0.26654312,-0.083458476,-0.10945694,-0.14416906,-0.09238048,-0.18805203,-0.19028673,-0.15320164,-0.09022662,-0.13230102,-0.14966631,-0.15033199,-0.15885669,-0.17051435,-0.18332908,-0.08781248,-0.123349875,-0.14095095,-0.10256614,-0.17951453,-0.19495486,-0.19058532,-0.09987892,-0.13113372,-0.078461185,-0.12767121,-0.19006202,-0.1932073,-0.19144258,-0.12328823,-0.07547828,-0.09680705,-0.11825524,-0.13654932,-0.12406494,-0.121451,-0.094211966,-0.096560106,-0.10835753,-0.082459606,-0.11270526,-0.13245231,-0.16701579,-0.1410757,-0.13650468,-0.18093297,-0.17825818,-0.19384657,-0.14443848,-0.15549555,-0.13503319,-0.119081676,-0.14001076,-0.19117098,-0.19105425,-0.18126497,-0.19755594,-0.25103784,-0.20219928,-0.19065744,-0.19124593,-0.18253458,-0.17387345,-0.27554205,-0.08916744,-0.11956477,-0.12830159,-0.15751183,-0.20931396,-0.18224281,-0.29657933,-0.32474133,-0.15373316,-0.3242122,-0.17325558,-0.17108874,-0.2185038,-0.17647925,-0.114121355,-0.14015561,-0.15388772,-0.15788373,1.397885,-0.18186735,-0.25237265,-0.1042161,-0.12455491,-0.1386683,-0.12408783,-0.15189947,-0.15518835,-0.15601897,-0.14014931,-0.15141064,-0.16292083,-0.15543856,-0.15340325,-0.15299374,-0.13370861,-0.12304725,-0.14646366,-0.19015858,-0.176974,-0.21025829,-0.3990198,-0.20028436,-0.113404125,-0.1296617,-0.118068464,-0.14795989,-0.16636807,-0.18669233,-0.19152167,-0.13172755,-0.07656115,-0.1527073,-0.13989335,-0.14106366,-0.11793809,-0.19987361,-0.1649412,-0.15913185,-0.14114353,-0.12358984,-0.12722544,-0.14610182,-0.2588673,-0.107105695,-0.13074079,-0.09132757,-0.12832497,-0.12907672,-0.15017584,-0.1517416,-0.09612696,-0.08910369,-0.1240999,-0.110563636,-0.13780956,-0.15095395,-0.16997993,-0.14285925,-0.116593644,-0.17400375,-0.15203762,-0.14233974,-0.12544751,-0.14186189,-0.17466888,-0.13176009,-0.13198736,-0.14581087,-0.12271279,-0.08722703,-0.05825615,-0.14352617,-0.17082691,-0.026243303,-0.16659683,-0.2829064,-0.31316653,-0.19673407,-0.1456183,-0.14331596,-0.14862512,-0.12963767,-0.25088155,-0.19354008,-0.18814841,-0.094591066,-0.10907586,-0.10702289,-0.092934474,-0.12759323,-0.15304144,-0.15746465,-0.16698721,-0.12812386,-0.0969081,-0.16398169,-0.14356491,-0.11335766,-0.18846886,-0.1706479,-0.15393323,-0.1255314,-0.115196005,-0.112395525,-0.11662802,-0.17605802,-0.13828816,-0.13420671,-0.096878245,-0.12084474,-0.0916239,-0.12434345,-0.13610728,-0.063823454,-0.13877153,-0.11419349,-0.13372639,-0.24483351,1.0111146,-0.29957527,-0.14601578,-0.15671527,-0.131802,-0.19104545,-0.0782174,-0.17183301,-0.1641586,-0.09859173,-0.11065883,-0.11483793,-0.076612435,-0.083404,-0.1213824,-0.13072303,-0.13855581,-0.19385117,-0.09858484,-0.15543982,-0.19487974,-0.19112968,-0.18649113,-0.11112654,-0.1433938,-0.10283145,-0.15891604,-0.19371617,-0.17186588,-0.16921684,-0.14281237,-0.14231212,-0.1016137,-0.15319122,-0.16174397,-0.18103597,-0.1947478,-0.121123925,-0.14730829,-0.11396122,-0.079966314,-0.14217508,-0.20725825,-0.160853,-0.125103,-0.15657571,-0.15690626,-0.14375116,-0.19202894,-0.16263455,-0.18179262,-0.2963242,-0.1972744,-0.18078533,-0.1722663,-0.19286387,-0.15749294,-0.14054683,-0.13018766,-0.12557748,-0.1382268,-0.16277325,-0.30584824,-0.16676977,-0.18094006,-0.19284596,-0.11441202,-0.15055645,-0.14077815,-0.17796794,-0.16677672,-0.16444725,-0.14331086,-0.18237996,-0.12809284,-0.15324569,-0.1363937,-0.24156228,-0.18004218,-0.10299361,-0.13556871,-0.14168511,-0.17428452,-0.11040671,-0.13457331,-0.1521228,-0.15987556,-0.18218525,-0.15365148,-0.14890304,-0.19184028,-0.17551053,-0.16398332,-0.14723541,-0.14623587,-0.11499533,-0.10471026,-0.13477619,-0.20148799,-0.17703044,-0.12513243,-0.16670081,-0.18041904,-0.18738703,-0.11705899,-0.17573875,-0.2582629,-0.09237979,-0.092142634,-0.114702955,-0.13575418,-0.14776458,-0.0983681,-0.18885204
k__Bacteria|p__Firmicutes|c__Clostridia|o__Eubacteriales|f__Lachnospiraceae|g__Roseburia|s__Roseburia_hominis,-0.1004395,-0.12316422,-0.14122798,-0.20428483,-0.16474329,-0.19274771,-0.1666669,-0.14497982,-0.12489281,-0.1832866,-0.1821192,-0.22732303,-0.16909006,-0.20344457,-0.10373323,-0.09969473,-0.058144663,-0.100882694,-0.10768393,-0.1704951,-0.1978925,-0.12536043,-0.13656834,-0.15250385,-0.17098984,-0.11658599,-0.16656506,-0.17359385,-0.1509206,-0.12124001,-0.13499266,-0.10585195,-0.148074,-0.19520354,-0.18892387,-0.2175087,-0.15841904,-0.22338755,-0.1951724,-0.29867563,-0.29210672,-0.19829991,-0.10765808,-0.09162698,-0.13691942,-0.15405577,-0.23188588,-0.19252418,-0.14650065,-0.2026537,-0.18040568,-0.18279888,-0.1965179,-0.19875857,-0.2057426,-0.15908459,-0.12604205,-0.14396428,-0.0931539,-0.096385404,-0.1708615,-0.1428273,-0.13743341,-0.14674807,-0.12719077,-0.1507812,-0.2613474,-0.22333384,-0.18706551,-0.20047067,-0.14600115,-0.14911683,-0.13104111,-0.14315513,-0.15191169,-0.16417137,-0.14671704,-0.16278498,-0.15772754,-0.14998752,-0.14699142,-0.15638688,-0.1533471,-0.22480208,-0.120334074,-0.14148197,-0.11851956,-0.16109031,-0.17359784,-0.15489747,-0.16775846,-0.11139822,-0.1388583,-0.13027036,-0.12929806,-0.15152657,-0.14236584,-0.11613141,-0.10065024,-0.09122948,-0.10633612,-0.12107183,-0.13511291,-0.15027548,-0.16006924,-0.1185138,-0.11129953,-0.1578567,-0.17738779,-0.13469215,-0.16323093,-0.25953975,-0.1481602,-0.13237324,-0.14183676,-0.15095688,-0.17780018,-0.16222179,-0.22917573,-0.09015879,-0.11029805,-0.13473022,-0.13017322,-0.13997786,-0.17267519,-0.13908121,-0.16057305,-0.12777606,-0.07092635,-0.03704006,-0.1369851,-0.16196662,-0.17832154,-0.14332479,-0.12334781,-0.13547096,-0.12023825,-0.13872844,-0.25318068,-0.26654312,-0.08425403,-0.10945694,-0.14524907,-0.09238048,-0.18677504,-0.18920426,-0.1524083,-0.09088234,-0.13230102,-0.14915721,-0.14999244,-0.1586327,-0.16997734,-0.18391806,-0.088311315,-0.12437816,-0.14066622,-0.10256614,-0.17951453,-0.19495486,-0.19092326,-0.10096882,-0.13113372,-0.081767045,-0.12857477,-0.19006202,-0.19236147,-0.19077194,-0.1238758,-0.07593419,-0.09807179,-0.11896852,-0.13675024,-0.12406494,-0.121451,-0.0952754,-0.0972869,-0.10913001,-0.082459606,-0.11384499,-0.13279435,-0.16693199,-0.1410757,-0.13578287,-0.18093297,-0.17825818,-0.19319156,-0.14483193,-0.15549555,-0.13588974,-0.119081676,-0.14001076,-0.19117098,-0.18948925,-0.18007037,-0.19755594,-0.25103784,-0.20219928,-0.18840806,-0.18949555,-0.18174177,-0.17278619,-0.27554205,-0.08916744,-0.11956477,-0.12749839,-0.15751183,-0.20931396,-0.18224281,-0.29657933,-0.32474133,-0.15065187,-0.3242122,-0.17325558,-0.17108874,-0.2185038,-0.17647925,-0.114121355,-0.13924634,-0.15388772,-0.15788373,-0.22984435,-0.18186735,-0.25586402,-0.10491307,-0.12455491,-0.13854042,-0.124648064,-0.15189947,-0.15527156,-0.15638609,-0.14014931,-0.15141064,-0.16322678,-0.15443492,-0.15337852,-0.15264004,-0.13404584,-0.123222396,-0.14605927,-0.18996654,-0.17625432,-0.21025829,5.114652,-0.20533042,-0.11386841,-0.1296617,-0.11966805,-0.14810807,-0.16636807,-0.186234,-0.19046727,-0.1311457,-0.07786462,-0.15366259,-0.13943623,-0.14106366,-0.11854812,-0.19987361,-0.1649412,-0.15707529,-0.14146012,-0.123998895,-0.12722544,-0.14610182,-0.2588673,-0.107611045,-0.13074079,-0.09132757,-0.12832497,-0.12976846,-0.14923054,-0.15189499,-0.09700151,-0.08910369,-0.1249349,-0.11087157,-0.1378265,-0.1505053,-0.17025292,-0.14284974,-0.11651633,-0.1732983,-0.15155882,-0.14252943,-0.12546968,-0.14251047,-0.17466888,-0.13176009,-0.13259837,-0.14591004,-0.12336155,-0.08722703,-0.05825615,-0.14342779,-0.17082691,-0.026243303,-0.16452852,6.0686727,0.94417906,-0.19925326,-0.14551947,-0.14331596,-0.14862512,-0.12963767,-0.25088155,-0.19272807,-0.1880237,-0.09540197,-0.11002475,-0.10702289,-0.09617468,-0.12759323,-0.15270153,-0.15746465,-0.1664512,-0.12812386,-0.0969081,-0.16398169,-0.14414853,-0.11335766,-0.18846886,-0.1706479,-0.15315497,-0.12616758,-0.115196005,-0.11390575,-0.11662802,-0.17576298,-0.13864936,-0.13478227,-0.096878245,-0.12176596,-0.09279307,-0.12434345,-0.13587391,-0.063823454,-0.13877153,-0.11419349,-0.13380471,-0.24483351,-0.2571875,-0.29957527,-0.14601931,-0.1565519,-0.13283363,-0.19104545,-0.0782174,-0.17225353,-0.16411752,-0.09859173,-0.11065883,-0.11514861,-0.076612435,-0.083404,-0.1213824,-0.13072303,-0.13855581,-0.19385117,-0.09991103,-0.15521872,-0.19487974,-0.18965513,-0.1863392,-0.11163305,-0.14255595,-0.104104444,-0.15966761,-0.19314827,-0.17387296,-0.16791272,-0.14257905,-0.14253758,-0.10188807,-0.15321565,-0.16085684,-0.17975652,-0.19402707,-0.121721596,-0.14756256,-0.11384901,-0.08132948,-0.14347883,1.6375018,-0.15970601,-0.125103,-0.15657571,-0.15690626,-0.14302236,-0.19202894,-0.16176751,-0.18167856,-0.2963242,-0.19489223,-0.18082857,-0.17035851,-0.19169898,-0.15716025,-0.14054683,-0.13041228,-0.12557748,-0.13826174,-0.16168213,-0.30584824,-0.16589996,-0.18092978,-0.19104321,-0.11441202,-0.15090951,-0.14013207,-0.17707595,-0.16649754,-0.1641154,-0.14331086,-0.18237996,-0.1279028,-0.1530731,-0.13796079,-0.24156228,-0.17729034,-0.103724256,-0.13473225,-0.14246896,-0.17413157,-0.110359766,-0.1347378,-0.15271497,-0.15940197,-0.1801272,-0.15488341,-0.14915505,-0.19184028,-0.17411795,-0.16423133,-0.14723541,-0.14623587,-0.11499533,-0.10471026,-0.13558877,-0.20148799,-0.17616144,-0.12513243,-0.16333863,-0.18041904,-0.18738703,-0.11705899,-0.17765203,-0.25704682,-0.09317975,-0.09312248,-0.1149508,-0.13654363,-0.14808276,-0.09914583,-0.18837285
k__Bacteria|p__Firmicutes|c__Clostridia|o__Eubacteriales|f__Lachnospiraceae|g__Roseburia|s__Roseburia_faecis,-0.1004395,-0.12316422,-0.14194876,-0.20428483,-0.16626605,-0.1934581,-0.1666669,-0.1456287,-0.12523992,-0.18437648,-0.18182892,-0.22674926,-0.16949424,-0.20427352,-0.10384895,-0.10017787,-0.058144663,-0.10123732,-0.108114794,-0.17134246,-0.1978925,-0.12536043,-0.13709952,-0.15303336,-0.17170545,-0.11658599,-0.16747291,-0.17462373,-0.1509206,-0.12124001,-0.13560535,-0.10603146,-0.14865023,-0.19568829,-0.18951279,-0.2175087,-0.16013291,-0.22338755,-0.19648823,-0.29867563,-0.29210672,-0.19835821,-0.10806738,-0.09162698,-0.13691942,-0.15523702,-0.23188588,-0.19372083,-0.14708532,-0.2026537,-0.18255366,-0.18279888,-0.19698706,-0.19828027,-0.20485938,-0.15974425,-0.12645108,-0.14442866,-0.09346051,-0.09666185,-0.17153575,-0.14318243,-0.13743341,-0.14736035,-0.12719077,-0.15154228,-0.2613474,-0.22333384,-0.18830158,-0.20047067,-0.1465057,-0.14967334,-0.13135967,-0.1434842,-0.15212727,-0.1648896,-0.14730728,-0.16278498,-0.15893778,-0.14998752,-0.1476225,-0.15713716,-0.15387222,-0.22480208,-0.120334074,-0.14204136,-0.11908658,-0.16175476,-0.17440785,-0.15558378,-0.16855055,-0.11139822,-0.1388583,-0.13027036,-0.12956119,-0.15152657,-0.14294146,-0.11664005,-0.10065024,-0.09134813,-0.106515676,-0.12140265,-0.13562813,-0.15027548,-0.16083951,-0.1185138,-0.11129953,-0.1578567,-0.17738779,-0.13469493,-0.16388798,-0.25953975,-0.14899674,-0.13279814,-0.14213562,-0.15095688,-0.17780018,-0.1633543,4.2224026,-0.09015879,-0.11087574,-0.13517363,-0.13038787,-0.13997786,-0.1735176,-0.13908121,-0.16057305,-0.12777606,-0.07092635,-0.03704006,-0.1376246,-0.16245659,-0.17928028,-0.14332479,-0.12334781,-0.13595194,-0.12023825,-0.1389249,4.832822,-0.26654312,-0.08446784,7.554093,-0.14534554,-0.09238048,-0.18777935,-0.19008693,-0.15310419,-0.09123949,-0.13230102,-0.14989343,-0.15068926,-0.15939304,-0.17075434,-0.18449214,-0.08863452,-0.12496317,-0.14134663,-0.10256614,-0.17951453,-0.19495486,-0.19164738,-0.1011935,-0.13113372,-0.08123496,-0.12869754,-0.19006202,-0.19318342,-0.19164504,-0.1244947,-0.07616134,-0.09816818,-0.11917698,-0.13711448,-0.12406494,-0.121451,-0.0955074,-0.09743509,-0.10929629,-0.082459606,-0.11383361,-0.13300861,-0.16778511,-0.1410757,-0.13663565,-0.18093297,-0.17825818,-0.19390452,-0.14524251,-0.15549555,-0.13631544,-0.119081676,-0.14001076,-0.19117098,-0.19070712,-0.1811036,-0.19755594,-0.25103784,-0.20219928,-0.189604,-0.19060305,-0.18253595,-0.17351705,-0.27554205,-0.08916744,-0.11956477,-0.12801602,-0.15751183,-0.20931396,-0.18224281,5.9832993,-0.32474133,-0.15208215,-0.3242122,-0.17325558,-0.17108874,-0.2185038,-0.17647925,-0.114121355,-0.13998976,-0.15388772,-0.15788373,-0.22984435,-0.18186735,-0.25516394,-0.10517771,-0.12455491,-0.1390103,-0.124998085,-0.15189947,-0.15576625,-0.15705039,-0.14014931,-0.15141064,-0.16381559,-0.15536124,-0.15395556,-0.15319407,-0.1344831,-0.12356259,-0.14658631,-0.19043477,-0.1769854,-0.21025829,-0.3990198,-0.20446949,-0.11424993,-0.1296617,-0.11971666,-0.14849667,-0.16636807,-0.1870152,-0.19141385,-0.13189527,-0.07758652,-0.15389735,-0.13990906,-0.14106366,-0.119433135,-0.19987361,-0.1649412,-0.15818723,-0.1418277,-0.124202736,-0.12722544,-0.14610182,-0.2588673,-0.10803682,-0.13074079,-0.09132757,-0.12832497,-0.13012554,-0.1499016,-0.1526386,-0.09727746,-0.08910369,-0.125131,-0.11113401,-0.13843459,-0.1510445,-0.17095858,-0.1434268,-0.1168845,-0.17423446,-0.15217231,-0.14307672,-0.12574224,-0.14316136,-0.17466888,-0.13176009,-0.13286793,-0.1462991,-0.12374683,-0.08722703,-0.05825615,-0.14397031,-0.17082691,-0.026243303,-0.16630311,-0.2829064,-0.31316653,-0.1990059,-0.14620084,-0.14331596,-0.14862512,-0.12963767,-0.25088155,-0.19373547,-0.18878591,-0.09543032,-0.1103142,-0.10702289,-0.095475696,-0.12759323,-0.15332723,-0.15746465,-0.16741319,-0.12812386,-0.0969081,-0.16398169,-0.14463559,-0.11335766,-0.18846886,-0.1706479,-0.15400392,-0.12650251,-0.115196005,-0.1139556,-0.11662802,-0.1765389,-0.13916555,-0.13503712,-0.096878245,-0.12187852,-0.09293166,-0.12434345,-0.1366452,-0.063823454,-0.13877153,-0.11419349,-0.13427413,-0.24483351,-0.2571875,-0.29957527,-0.14665519,-0.15710235,-0.13299799,-0.19104545,-0.0782174,-0.17256323,-0.1647976,-0.09859173,-0.11065883,-0.115636766,-0.076612435,-0.083404,-0.1213824,-0.13072303,-0.13855581,-0.19385117,-0.100021616,-0.15603368,-0.19487974,-0.19065788,-0.18704462,-0.11206232,-0.14326,-0.104176626,-0.16021752,-0.19394945,-0.17414388,-0.16862983,-0.1431995,-0.14307573,-0.10218193,-0.15370762,-0.16188325,-0.18059498,-0.19487801,-0.122018635,-0.14811635,-0.11430615,-0.08115326,-0.14399466,-0.20725825,-0.16084778,-0.125103,-0.15657571,-0.15690626,-0.14383824,-0.19202894,-0.16258219,-0.18239124,-0.2963242,-0.19594085,-0.18108565,-0.17133011,-0.19246517,-0.15767369,-0.14054683,-0.13082896,-0.12557748,-0.13868143,-0.16268505,1.2269845,-0.16650942,-0.18125322,-0.1923118,-0.11441202,-0.15127867,-0.14098862,-0.17811859,-0.16725104,-0.16495278,-0.14331086,-0.18237996,-0.12847628,-0.15339082,-0.13803223,-0.24156228,-0.17871937,-0.10414471,-0.13546026,-0.14284703,-0.17487952,-0.11078329,-0.13507816,-0.15320846,-0.16047147,-0.18135367,-0.15515088,-0.14972977,-0.19184028,-0.1750786,-0.1649659,-0.14723541,1.1274519,-0.11499533,-0.10471026,-0.13584618,-0.20148799,-0.17722964,-0.12513243,-0.1648778,-0.18041904,-0.18738703,-0.11705899,-0.17777334,-0.2576452,-0.0934737,-0.09330727,-0.11528796,-0.1368449,-0.14844148,-0.09914674,-0.18917203
k__Bacteria|p__Firmicutes|c__Erysipelotrichia|o__Erysipelotrichales|f__Erysipelotrichaceae|g__Solobacterium|s__Solobacterium_SGB6833,-0.1004395,-0.12316422,-0.14091417,-0.20428483,-0.16692728,-0.19226955,-0.1666669,-0.14484435,-0.12526974,-0.18361151,-0.18180183,-0.20619178,-0.16859648,-0.19786097,-0.10272675,-0.0983072,-0.058144663,-0.0995359,-0.107529916,-0.17045756,-0.1978925,-0.12536043,-0.13632843,-0.152075,-0.17045403,-0.11658599,-0.16807169,-0.17360698,-0.1509206,-0.12124001,-0.13550282,-0.10513934,-0.14814809,-0.19338709,-0.18794574,-0.2175087,-0.16085826,-0.22338755,-0.1952994,-0.29867563,-0.29210672,-0.19502926,-0.10712897,-0.09162698,-0.13691942,-0.15490943,-0.23188588,-0.19323571,-0.14614461,-0.2026537,-0.18481866,-0.18279888,-0.19428997,-0.19282103,-0.1943211,-0.15770492,-0.12534216,-0.14331889,-0.09248705,-0.095373064,-0.17106605,-0.14218496,-0.13743341,-0.14659354,-0.12719077,-0.15173717,-0.2613474,-0.22333384,-0.18815848,-0.20047067,-0.14525232,-0.14900765,-0.12992251,-0.14183363,-0.14986679,-0.16354339,-0.14662188,-0.16278498,-0.15951161,-0.14998752,-0.14731696,-0.15650699,-0.15298349,-0.22480208,-0.120334074,-0.14135882,-0.11805689,-0.16084634,-0.17336965,-0.15497382,-0.16782108,-0.11139822,-0.1388583,-0.13027036,-0.1287163,-0.15152657,-0.14342134,-0.115699664,-0.10065024,-0.09034312,-0.10526538,-0.120184794,-0.13477954,-0.15027548,-0.1603302,-0.1185138,-0.11129953,-0.1578567,-0.17738779,-0.13244492,-0.16270795,-0.25953975,-0.1486522,-0.13228968,-0.14055777,-0.15095688,-0.17780018,-0.1633219,-0.22917573,-0.09015879,-0.110724136,-0.13442877,-0.1289355,-0.13997786,-0.17326055,-0.13908121,-0.16057305,-0.12777606,-0.07092635,-0.03704006,-0.13722485,-0.16175778,-0.1785261,-0.14332479,-0.12334781,-0.13622263,-0.12023825,-0.13754141,-0.25318068,1.797435,-0.08369836,-0.10945694,-0.14393044,-0.09238048,-0.18768871,-0.18898055,-0.152522,-0.09041751,-0.13230102,-0.14944449,-0.14987123,-0.15835285,-0.16996595,-0.18304066,-0.0878426,-0.1234053,-0.14045495,-0.10256614,-0.17951453,-0.19495486,-0.18960732,-0.09996675,-0.13113372,-0.077507064,-0.12711369,-0.19006202,-0.19195679,-0.19047125,-0.12347807,-0.075737536,-0.09695171,-0.117862925,-0.13621676,-0.12406494,-0.121451,-0.0940745,-0.096296236,-0.10835032,-0.082459606,-0.11246722,-0.13226059,-0.16692899,-0.1410757,-0.13646784,-0.18093297,-0.17825818,-0.19232821,-0.1441004,-0.15549555,-0.13484599,-0.119081676,-0.14001076,-0.19117098,-0.18965589,-0.18055566,-0.19755594,-0.25103784,-0.20219928,-0.19031921,-0.190449,-0.18170245,-0.17307566,-0.27554205,-0.08916744,-0.11956477,-0.12833568,-0.15751183,-0.20931396,1.193796,-0.29657933,-0.32474133,-0.1544405,-0.3242122,-0.17325558,-0.17108874,-0.2185038,-0.17647925,-0.114121355,-0.1399931,-0.15388772,-0.15788373,-0.22984435,-0.18186735,-0.2448727,-0.10407523,-0.12455491,-0.13857353,-0.12412532,2.5578082,-0.15473324,-0.15606466,-0.14014931,-0.15141064,-0.16264686,-0.15514712,-0.15315962,-0.15242356,-0.13340488,-0.12306817,-0.14651816,-0.18918183,-0.17573366,-0.21025829,-0.3990198,-0.19846025,-0.113331705,-0.1296617,-0.117795765,-0.14759068,-0.16636807,-0.18628393,-0.19084924,-0.13175316,-0.076730505,-0.15261471,-0.13973601,-0.14106366,-0.11839918,-0.19987361,-0.1649412,-0.15893047,-0.14063294,-0.12321142,-0.12722544,-0.14610182,-0.2588673,-0.10706478,-0.13074079,-0.09132757,-0.12832497,-0.1290625,-0.1498918,-0.15184462,-0.09620662,-0.08910369,-0.1239958,-0.11035195,-0.13766865,-0.15064612,-0.16957182,-0.14267454,-0.1169391,-0.17354508,-0.15163556,-0.1420936,-0.12475869,-0.14208457,-0.17466888,-0.13176009,-0.13204752,-0.14536849,-0.12246385,-0.08722703,-0.05825615,-0.1431687,-0.17082691,-0.026243303,-0.16687801,-0.2829064,-0.31316653,-0.1950497,-0.14538202,-0.14331596,-0.14862512,-0.12963767,0.7800549,-0.19213244,-0.18762675,-0.09454938,-0.10928916,-0.10702289,-0.09261504,-0.12759323,-0.15298408,-0.15746465,-0.16650333,-0.12812386,-0.0969081,-0.16398169,-0.1435697,-0.11335766,-0.18846886,-0.1706479,-0.15356585,-0.12556271,-0.115196005,-0.11223489,-0.11662802,-0.17594038,-0.13805981,-0.13381243,-0.096878245,-0.12039367,-0.091761455,-0.12434345,-0.13657643,-0.063823454,-0.13877153,-0.11419349,-0.13351694,-0.24483351,-0.2571875,-0.29957527,-0.14559442,-0.15619975,-0.13143224,0.61160076,-0.0782174,-0.17131098,-0.16383019,-0.09859173,-0.11065883,-0.11542671,-0.076612435,-0.083404,-0.1213824,-0.13072303,-0.13855581,-0.19385117,-0.09827478,-0.15532538,-0.19487974,-0.19040821,-0.18571153,-0.11126444,-0.14314307,-0.10307919,-0.15895729,-0.19239615,-0.17133436,-0.1683934,-0.14251035,-0.1419828,-0.10134907,-0.15274036,-0.16137928,-0.18036358,-0.19325837,-0.12103933,-0.14714067,-0.11429231,-0.0803698,-0.14173926,-0.20725825,-0.16078806,-0.125103,-0.15657571,-0.15690626,-0.14356682,-0.19202894,-0.162381,-0.18157157,-0.2963242,-0.19528277,-0.17990106,-0.1712625,-0.19135639,-0.15660672,-0.14054683,-0.12997496,-0.12557748,-0.13793226,-0.16239524,-0.30584824,-0.16655716,-0.18010744,-0.19220805,-0.11441202,-0.15020698,-0.14060432,-0.17751262,-0.16628999,-0.16429895,-0.14331086,-0.18237996,-0.12813097,-0.15277168,-0.13538097,-0.24156228,-0.17980048,-0.103049666,-0.13544983,-0.14144662,-0.17376246,-0.110437304,-0.13440861,-0.1520687,-0.15945882,-0.18159145,-0.15329984,-0.14838302,-0.19184028,-0.17487292,-0.16410208,-0.14723541,1.7517674,-0.11499533,-0.10471026,-0.13450763,-0.20148799,-0.17673211,-0.12513243,-0.16663593,-0.18041904,-0.18738703,-0.11705899,-0.17573392,-0.2543857,-0.09242293,-0.09233846,-0.1146488,-0.13546404,-0.14714743,-0.09817987,-0.18830442
k__Bacteria|p__Firmicutes|c__Bacilli|o__Lactobacillales|f__Lactobacillaceae|g__Limosilactobacillus|s__Limosilactobacillus_fermentum,-0.1004395,-0.12316422,-0.14099468,-0.20428483,-0.16610733,-0.19240674,-0.1666669,-0.14465742,-0.124775715,-0.18302983,-0.18219018,-0.22278397,-0.17000662,-0.20300832,-0.10329663,-0.09947264,-0.058144663,-0.100006625,-0.107652634,-0.170127,-0.1978925,-0.12536043,-0.13622947,-0.15206572,-0.17093322,-0.11658599,-0.16702774,-0.17358898,-0.1509206,-0.12124001,-0.13473389,-0.10559292,-0.14767553,-0.19466916,-0.18829414,-0.2175087,-0.15993698,-0.22338755,-0.19577831,-0.29867563,-0.29210672,-0.1967459,-0.10728947,-0.09162698,-0.13691942,-0.15457202,-0.23188588,-0.192838,-0.14608204,-0.2026537,-0.18264516,-0.18279888,-0.1958254,-0.19708163,-0.201617,-0.15805635,-0.12556335,-0.14342964,-0.092593595,-0.09583156,-0.17055634,-0.14224377,-0.13743341,-0.14652377,-0.12719077,-0.15074392,-0.2613474,-0.22333384,-0.18783809,2.9043524,-0.1454046,-0.14894149,-0.1303396,-0.14239809,-0.15059856,-0.16376449,-0.14632243,-0.16278498,-0.15875705,-0.14998752,-0.14690965,-0.15635636,-0.15283287,-0.22480208,5.8715506,-0.14116845,-0.11827324,-0.16054934,-0.17335024,-0.15502426,-0.16756457,-0.11139822,1.5954239,-0.13027036,-0.12849605,-0.15152657,-0.14232501,-0.115771174,-0.10065024,-0.09076468,-0.10563086,-0.12037588,-0.1346502,-0.15027548,-0.15994704,-0.1185138,7.3138914,-0.1578567,-0.17738779,-0.13344774,-0.16279931,-0.25953975,-0.14821647,-0.1322484,-0.14112064,-0.15095688,-0.17780018,-0.16255218,-0.22917573,-0.09015879,-0.11012155,-0.13435277,-0.12951422,-0.13997786,-0.17290354,-0.13908121,5.289652,4.8271794,-0.07092635,-0.03704006,-0.13654953,-0.16150369,-0.17826311,-0.14332479,-0.12334781,-0.13541621,7.64211,-0.137957,-0.25318068,-0.26654312,-0.083950326,-0.10945694,-0.14418174,-0.09238048,-0.18676345,-0.18926775,-0.15262783,-0.09058821,-0.13230102,-0.14906687,-0.14988744,-0.15852103,-0.16991812,-0.18310241,-0.08813158,-0.12378162,-0.14078873,-0.10256614,-0.17951453,-0.19495486,-0.19040714,-0.100223854,-0.13113372,-0.07985814,-0.12763256,-0.19006202,-0.19248413,-0.19063033,-0.12348275,-0.075993255,-0.09723704,-0.11831197,-0.13625845,-0.12406494,-0.121451,-0.09475688,-0.096801914,-0.10855097,-0.082459606,-0.1128078,-0.13210249,-0.16658744,-0.1410757,-0.1359911,-0.18093297,-0.17825818,-0.19304001,-0.1441116,-0.15549555,-0.13520476,-0.119081676,-0.14001076,3.4343371,-0.19010454,-0.18052764,-0.19755594,-0.25103784,-0.20219928,-0.18901625,-0.18990378,-0.18171617,-0.17263709,-0.27554205,-0.08916744,-0.11956477,-0.1274394,-0.15751183,4.969686,-0.18224281,-0.29657933,-0.32474133,-0.15148062,-0.3242122,-0.17325558,-0.17108874,-0.2185038,-0.17647925,-0.114121355,-0.13944674,-0.15388772,-0.15788373,-0.22984435,-0.18186735,-0.25341898,-0.104440756,-0.12455491,-0.13822222,-0.12407926,-0.15189947,-0.15469873,-0.15583916,-0.14014931,-0.15141064,-0.16264413,-0.15471779,-0.15301338,-0.15241516,-0.13372377,-0.12287846,-0.14587069,-0.18955018,-0.17619547,-0.21025829,-0.3990198,-0.20106457,-0.113436505,-0.1296617,-0.118349336,-0.14755732,-0.16636807,-0.1858859,-0.19064787,-0.13128519,-0.07716556,-0.15248647,-0.13933027,-0.14106366,-0.11823583,-0.19987361,-0.1649412,-0.15788175,-0.14091882,-0.12355213,-0.12722544,-0.14610182,-0.2588673,-0.107228905,-0.13074079,-0.09132757,-0.12832497,-0.1291265,-0.1492863,-0.15164162,-0.0965847,-0.08910369,-0.124140024,-0.11050929,-0.13751322,-0.1502532,-0.16981345,-0.14248788,-0.1162757,-0.17317155,-0.1514168,-0.14209819,-0.12512687,-0.14195001,7.920798,4.7594266,-0.13188665,-0.14541304,-0.12299771,-0.08722703,-0.05825615,-0.1430558,-0.17082691,-0.026243303,-0.165511,-0.2829064,-0.31316653,-0.19691522,-0.14527619,-0.14331596,4.872035,-0.12963767,-0.25088155,-0.19290324,-0.18760367,-0.09482857,-0.10939202,-0.10702289,-0.094182864,-0.12759323,-0.15236694,-0.15746465,-0.16655593,-0.12812386,-0.0969081,-0.16398169,-0.14361197,-0.11335766,-0.18846886,-0.1706479,-0.1533707,-0.12568301,-0.115196005,-0.11291367,-0.11662802,-0.17546284,-0.13820328,-0.13416998,-0.096878245,-0.12101111,-0.0921126,-0.12434345,-0.13580772,-0.063823454,-0.13877153,-0.11419349,-0.13329057,-0.24483351,3.2143283,6.801421,-0.14566246,-0.1562405,-0.13186902,-0.19104545,-0.0782174,-0.17121646,-0.16386959,-0.09859173,-0.11065883,-0.11479291,-0.076612435,-0.083404,-0.1213824,-0.13072303,-0.13855581,-0.19385117,-0.09920357,-0.1548913,-0.19487974,-0.19008532,-0.18605952,-0.11123606,-0.14271599,-0.10322285,-0.1587176,-0.19304444,-0.17219248,-0.16828275,-0.14237924,-0.142133,-0.10160071,-0.15271349,-0.16113925,-0.179963,-0.19404253,-0.12108335,-0.14696854,-0.11373499,-0.08051599,-0.14236867,-0.20725825,-0.16016082,-0.125103,-0.15657571,-0.15690626,-0.1431641,-0.19202894,-0.16190025,-0.18126932,-0.2963242,-0.19540198,-0.180073,-0.17092381,-0.1916078,-0.15684754,-0.14054683,-0.12998971,-0.12557748,-0.13784978,-0.16216856,-0.30584824,-0.16580525,-0.1803165,-0.19176254,-0.11441202,-0.15013374,-0.14023267,-0.17716262,-0.16630593,-0.16405211,-0.14331086,-0.18237996,-0.12775382,-0.15264091,-0.13664374,-0.24156228,-0.17838693,-0.10334503,-0.13491781,-0.14173487,-0.17363977,-0.110353306,-0.13415557,-0.1521061,-0.15948437,-0.18090662,-0.15385592,-0.1486911,-0.19184028,-0.17444679,-0.16384992,-0.14723541,-0.14623587,-0.11499533,-0.10471026,-0.13462472,-0.20148799,-0.17636226,-0.12513243,-0.16513856,-0.18041904,-0.18738703,-0.11705899,-0.176009,-0.25692207,-0.09283744,-0.09259805,-0.11451406,-0.13572876,-0.14753398,-0.09849985,-0.18808642
k__Bacteria|p__Firmicutes|c__Clostridia|o__Eubacteriales|f__Lachnospiraceae|g__Oribacterium|s__Oribacterium_sinus,-0.1004395,-0.12316422,-0.14185806,-0.20428483,-0.16852224,-0.1938763,-0.1666669,-0.14522731,-0.12549415,-0.18343502,-0.18386711,-0.22084951,-0.16973002,-0.20356847,-0.10348443,-0.09927888,-0.058144663,-0.09922205,-0.10817944,-0.17096178,-0.1978925,-0.12536043,-0.13655458,-0.15247592,-0.17177455,-0.11658599,-0.16810034,-0.1742669,-0.1509206,-0.12124001,-0.13541253,-0.1060729,-0.14838132,-0.19562575,-0.1889134,-0.2175087,-0.16278648,-0.22338755,-0.19778407,-0.29867563,-0.29210672,-0.19719431,-0.10747195,-0.09162698,-0.13691942,-0.15548865,-0.23188588,-0.19439964,-0.14708254,-0.2026537,-0.18664142,-0.18279888,-0.19717197,-0.19723353,-0.19988498,-0.15671022,-0.125844,-0.14381774,-0.09239049,-0.09569968,-0.17147663,-0.14246951,-0.13743341,-0.14721984,-0.12719077,-0.15153378,-0.2613474,-0.22333384,-0.18990931,-0.20047067,-0.1457451,-0.14960928,-0.13067523,-0.14243916,-0.15005976,-0.16421223,-0.147017,-0.16278498,-0.16085379,-0.14998752,-0.14747803,-0.15748656,-0.15334933,-0.22480208,-0.120334074,-0.14156683,-0.11846882,-0.16095915,-0.17431802,-0.15623337,-0.16831553,-0.11139822,-0.1388583,-0.13027036,-0.12858981,-0.15152657,-0.1431627,-0.115806386,-0.10065024,-0.09049427,-0.10527399,-0.120414026,-0.13501559,-0.15027548,-0.16064528,-0.1185138,-0.11129953,-0.1578567,-0.17738779,-0.1333556,-0.16408458,1.8735701,-0.14918154,-0.13296887,-0.14139378,-0.15095688,-0.17780018,-0.16465963,-0.22917573,-0.09015879,-0.110391386,-0.13484581,-0.12960142,-0.13997786,-0.17421868,-0.13908121,-0.16057305,-0.12777606,-0.07092635,-0.03704006,-0.13714203,-0.16211745,-0.1791889,-0.14332479,-0.12334781,-0.13617204,-0.12023825,-0.13782471,2.006717,-0.26654312,-0.0837744,-0.10945694,-0.14398631,0.67320824,-0.18789153,-0.19054447,-0.1533345,-0.090560935,-0.13230102,-0.14976424,-0.15057442,-0.15918884,-0.17094082,-0.18351784,-0.08826255,-0.12381221,-0.14135003,-0.10256614,-0.17951453,-0.19495486,-0.19122538,-0.100203715,-0.13113372,-0.07851124,-0.12718281,-0.19006202,-0.19383374,-0.1919345,-0.1235564,-0.07615887,-0.0971476,-0.11835912,-0.13638902,-0.12406494,-0.121451,-0.09466149,-0.09671062,-0.108425826,-0.082459606,-0.11250115,-0.13206851,-0.16712184,-0.1410757,-0.13691154,-0.18093297,-0.17825818,-0.19442001,-0.14465904,-0.15549555,-0.13536032,-0.119081676,-0.14001076,-0.19117098,-0.19193912,-0.18224913,-0.19755594,-0.25103784,-0.20219928,-0.1913238,-0.19188228,-0.18278821,-0.17415899,-0.27554205,-0.08916744,-0.11956477,-0.12817302,-0.15751183,-0.20931396,-0.18224281,-0.29657933,-0.32474133,-0.15281151,-0.3242122,-0.17325558,-0.17108874,-0.2185038,-0.17647925,-0.114121355,-0.14050859,-0.15388772,0.9661139,-0.22984435,-0.18186735,-0.25425386,-0.1045489,-0.12455491,-0.13859895,-0.124154046,1.0065514,-0.15497737,-0.15638158,-0.14014931,-0.15141064,-0.16308768,-0.15597261,-0.15375987,-0.15333705,-0.13402392,-0.1232828,-0.14669377,-0.19000512,-0.17758308,-0.21025829,-0.3990198,-0.1987866,-0.113570414,-0.1296617,-0.11801547,-0.14776868,-0.16636807,-0.18665601,-0.19215402,-0.13202529,-0.07688158,-0.15260574,-0.14001358,-0.14106366,-0.11804001,-0.19987361,-0.1649412,-0.1598191,-0.14153059,-0.123585954,-0.12722544,-0.14610182,-0.2588673,-0.10740633,-0.13074079,-0.09132757,-0.12832497,-0.12898764,-0.1501979,-0.15202944,-0.09647019,-0.08910369,-0.12402725,-0.11061363,-0.13788158,-0.15099035,-0.17028959,-0.14321086,-0.11675723,-0.17392012,-0.15221919,-0.14230531,-0.12567988,-0.14200893,-0.17466888,-0.13176009,-0.13225329,-0.14578195,-0.12315908,-0.08722703,-0.05825615,-0.143568,-0.17082691,-0.026243303,-0.16758966,-0.2829064,-0.31316653,-0.19658633,-0.14588383,0.8664241,-0.14862512,-0.12963767,-0.25088155,-0.19461437,-0.1888228,-0.09476043,-0.10932916,-0.10702289,-0.092643686,-0.12759323,-0.15292804,-0.15746465,-0.16757086,-0.12812386,-0.0969081,-0.16398169,-0.14340419,-0.11335766,-0.18846886,-0.1706479,-0.15460445,-0.1260752,-0.115196005,-0.11257355,-0.11662802,-0.17602947,-0.13861802,-0.1343874,-0.096878245,-0.12093786,-0.09158067,-0.12434345,-0.1361771,-0.063823454,-0.13877153,-0.11419349,-0.1335923,-0.24483351,-0.2571875,-0.29957527,-0.14636388,-0.15684564,-0.13205868,0.8789451,-0.0782174,-0.17238416,-0.16431843,-0.09859173,-0.11065883,-0.114860974,-0.076612435,-0.083404,-0.1213824,-0.13072303,-0.13855581,-0.19385117,-0.09923691,-0.1558989,-0.19487974,-0.191888,-0.1870206,-0.1114857,-0.14340842,-0.10311608,-0.15898226,-0.19435905,-0.17176016,-0.16947424,-0.14308715,-0.14265501,-0.10205302,-0.15306485,-0.16203493,-0.18144973,-0.1952296,-0.12127097,-0.14728434,-0.11427234,-0.07996566,-0.14239214,-0.20725825,-0.16184035,-0.125103,-0.15657571,-0.15690626,-0.14413758,-0.19202894,-0.16319692,-0.18211664,-0.2963242,-0.19925225,-0.18079609,-0.17204238,-0.19314384,-0.15759368,-0.14054683,-0.13047245,-0.12557748,-0.13848026,-0.16363256,-0.30584824,-0.16761547,-0.18114667,-0.1936146,-0.11441202,-0.15013011,-0.14089008,-0.17833313,-0.16727033,-0.16482574,-0.14331086,-0.18237996,-0.12902611,-0.15319303,-0.13686255,-0.24156228,-0.18088797,-0.10341162,-0.13572769,-0.14185822,-0.17447174,-0.11078657,-0.13461784,-0.15210547,-0.1602743,-0.18288958,-0.15376392,-0.1491471,-0.19184028,-0.17619917,-0.16443238,-0.14723541,-0.14623587,-0.11499533,-0.10471026,-0.13443863,-0.20148799,-0.17773071,-0.12513243,-0.16694726,-0.18041904,-0.18738703,-0.11705899,-0.17577195,-0.25938454,-0.092834495,-0.09234665,-0.11488888,-0.13572574,-0.14786251,-0.0985288,-0.18896315
k__Bacteria|p__Firmicutes|c__Erysipelotrichia|o__Erysipelotrichales|f__Erysipelotrichaceae|g__Amedibacillus|s__Amedibacillus_dolichus,-0.1004395,-0.12316422,-0.14163588,-0.20428483,-0.16612996,-0.19251335,-0.1666669,-0.14464161,-0.12466784,-0.18235509,-0.1823794,-0.23145722,-0.16780648,-0.20623502,-0.10344648,-0.09996268,-0.058144663,-0.10011749,-0.10793716,-0.170032,-0.1978925,-0.12536043,-0.13593358,-0.15168473,-0.17078099,-0.11658599,-0.16631736,-0.1729284,-0.1509206,-0.12124001,-0.13466053,-0.106091835,-0.14790036,-0.1951398,-0.18827224,-0.2175087,-0.1600575,-0.22338755,-0.19630963,-0.29867563,3.4473062,-0.19781584,-0.10737185,-0.09162698,-0.13691942,-0.15445688,-0.23188588,-0.19271238,-0.1461379,-0.2026537,-0.18220025,-0.18279888,-0.1969037,-0.198789,-0.20514746,-0.15657365,-0.12569484,-0.14346018,-0.09242739,-0.09604817,-0.17035128,-0.14186168,-0.13743341,-0.14650911,-0.12719077,-0.1504404,-0.2613474,-0.22333384,-0.18768713,-0.20047067,-0.14530623,-0.148669,-0.13079745,-0.14260119,-0.15030819,-0.16326371,-0.14584571,-0.16278498,-0.15860325,-0.14998752,-0.14653133,-0.15659726,-0.15266988,-0.22480208,-0.120334074,-0.14110006,-0.1184107,-0.16018388,-0.17317307,-0.15520081,-0.16721654,-0.11139822,-0.1388583,-0.13027036,-0.12831125,-0.15152657,-0.1417708,-0.11530836,-0.10065024,-0.09094263,-0.10569517,-0.1205266,-0.13477698,-0.15027548,-0.15951297,-0.1185138,-0.11129953,-0.1578567,-0.17738779,-0.13360885,-0.16350561,-0.25953975,-0.1481223,-0.13250282,-0.14160629,-0.15095688,-0.17780018,-0.16303648,-0.22917573,-0.09015879,-0.11006195,-0.1345186,-0.12962198,-0.13997786,-0.17290556,-0.13908121,-0.16057305,-0.12777606,-0.07092635,-0.03704006,-0.13691396,-0.16140884,-0.17781714,-0.14332479,-0.12334781,-0.13516894,-0.12023825,-0.1380899,-0.25318068,-0.26654312,-0.08399157,-0.10945694,-0.14403656,-0.09238048,-0.18663219,-0.1895251,-0.1525714,-0.09073489,-0.13230102,-0.1490048,-0.14989093,-0.15840203,-0.16976964,-0.18257096,-0.088470995,-0.12376194,-0.1409275,-0.10256614,-0.17951453,-0.19495486,-0.19020435,-0.10041995,-0.13113372,-0.08101435,-0.12780382,-0.19006202,-0.19242504,-0.19072801,-0.123218596,-0.07591383,-0.09753698,-0.11867678,-0.13628614,-0.12406494,-0.121451,-0.09507099,-0.09709053,-0.108676374,-0.082459606,-0.113022245,-0.13197297,-0.16619273,-0.1410757,-0.13598782,-0.18093297,-0.17825818,-0.19346656,-0.14445682,-0.15549555,-0.13524982,-0.119081676,-0.14001076,-0.19117098,-0.19050391,-0.18060574,-0.19755594,-0.25103784,-0.20219928,-0.18881883,-0.19010052,-0.18162838,-0.1733451,-0.27554205,-0.08916744,-0.11956477,-0.12758482,-0.15751183,-0.20931396,-0.18224281,-0.29657933,-0.32474133,-0.15231371,-0.3242122,-0.17325558,-0.17108874,-0.2185038,-0.17647925,-0.114121355,-0.13952282,-0.15388772,1.3392555,3.4953024,3.0447805,-0.25811735,-0.1047071,-0.12455491,-0.13807127,-0.123987064,-0.15189947,-0.15445048,-0.15542363,-0.14014931,-0.15141064,-0.16228426,-0.1546003,-0.15293173,-0.15266469,-0.13377242,-0.122813255,-0.14564508,-0.18916985,-0.1764412,-0.21025829,3.2826273,-0.20321724,-0.11349444,-0.1296617,-0.11872627,-0.14740887,-0.16636807,-0.18537167,-0.19046393,-0.13133574,-0.07726988,-0.15250039,-0.13933548,-0.14106366,-0.11789242,4.9574366,-0.1649412,-0.15785426,-0.14144576,-0.123518385,-0.12722544,-0.14610182,-0.2588673,-0.10753912,-0.13074079,-0.09132757,-0.12832497,-0.12889475,-0.14915013,-0.15105504,-0.09663503,-0.08910369,-0.12425455,-0.110694684,-0.1375902,-0.15024638,-0.16958079,-0.14249566,-0.116160005,-0.17303589,-0.15130094,-0.14197595,-0.12552652,-0.14128625,-0.17466888,-0.13176009,-0.13196814,-0.14530438,-0.12289888,-0.08722703,-0.05825615,-0.14306754,-0.17082691,-0.026243303,-0.16587994,-0.2829064,-0.31316653,-0.1981897,-0.1452176,-0.14331596,-0.14862512,-0.12963767,-0.25088155,-0.19307055,-0.18745479,-0.094984695,-0.109368965,-0.10702289,-0.09438294,-0.12759323,-0.15231228,-0.15746465,-0.16629046,-0.12812386,-0.0969081,-0.16398169,-0.14307953,-0.11335766,-0.18846886,-0.1706479,-0.15333416,-0.12558198,-0.115196005,-0.113104716,-0.11662802,-0.17487985,-0.13818532,-0.13417399,-0.096878245,-0.121247575,-0.092103615,-0.12434345,-0.13518953,-0.063823454,-0.13877153,-0.11419349,-0.1336259,-0.24483351,-0.2571875,-0.29957527,-0.14585862,-0.15617208,-0.13215657,-0.19104545,-0.0782174,-0.17172228,-0.16350687,-0.09859173,-0.11065883,-0.11427261,-0.076612435,-0.083404,-0.1213824,-0.13072303,-0.13855581,-0.19385117,-0.09960774,-0.15502998,-0.19487974,-0.18998958,-0.1859962,-0.1112984,-0.14257585,-0.10307592,-0.1584431,-0.19321427,-0.17222866,-0.16820577,-0.14244282,-0.14220494,-0.10226935,-0.15276633,-0.16078854,-0.18002132,-0.1942729,-0.12113826,-0.14676395,-0.11354886,-0.08047442,-0.1430682,-0.20725825,-0.16001609,-0.125103,-0.15657571,-0.15690626,-0.14317246,-0.19202894,-0.16179809,-0.18080789,-0.2963242,-0.1980055,-0.18041788,-0.17097385,-0.19242063,-0.1571393,-0.14054683,-0.1301904,-0.12557748,-0.13798906,-0.16283867,4.5671234,-0.16608119,-0.18012954,-0.19148958,-0.11441202,-0.15004875,-0.14021108,-0.17711598,-0.16615938,-0.1636242,-0.14331086,-0.18237996,-0.12815423,-0.15282485,-0.137787,-0.24156228,-0.17841369,-0.10350448,-0.13489425,-0.14158556,-0.17356291,-0.11035633,-0.13432899,-0.15146448,-0.15929356,-0.18087481,-0.15361977,-0.14872439,-0.19184028,-0.17452087,-0.16311558,-0.14723541,-0.14623587,-0.11499533,-0.10471026,-0.13491127,-0.20148799,-0.1759863,-0.12513243,-0.16469511,-0.18041904,-0.18738703,-0.11705899,-0.17522669,-0.2583723,-0.09300056,-0.09261766,-0.11486273,-0.13581422,-0.14767046,-0.09891531,-0.18782783
k__Bacteria|p__Firmicutes|c__Negativicutes|o__Veillonellales|f__Veillonellaceae|g__Veillonella|s__Veillonella_ratti,-0.1004395,-0.12316422,-0.14121944,-0.20428483,-0.16729651,-0.19426128,-0.1666669,-0.14582248,-0.124939956,-0.18475685,-0.18355483,-0.22318415,-0.16940469,-0.2044332,-0.10309149,-0.098695636,-0.058144663,-0.10020298,-0.10748773,-0.17188668,5.8673124,-0.12536043,-0.13701151,-0.15369204,-0.17233749,-0.11658599,-0.16823526,-0.17548919,-0.1509206,-0.12124001,-0.13569668,-0.10511186,-0.14890176,-0.19630271,-0.19052231,-0.2175087,-0.16087769,-0.22338755,-0.1976448,-0.29867563,-0.29210672,-0.19938073,-0.10738493,-0.09162698,-0.13691942,-0.15532792,-0.23188588,-0.19439948,-0.14714631,-0.2026537,-0.18377364,-0.18279888,-0.19754894,-0.19861421,-0.20404567,-0.15958202,-0.12618682,-0.14457326,-0.09247866,-0.09551838,-0.1724472,-0.14349626,-0.13743341,-0.14761887,-0.12719077,-0.15163906,-0.2613474,-0.22333384,-0.18984735,-0.20047067,-0.14673507,-0.15004125,-0.13104337,-0.1433334,-0.15248352,-0.16561711,-0.14804178,-0.16278498,-0.15925488,-0.14998752,-0.14811051,-0.15734571,-0.15412074,-0.22480208,-0.120334074,-0.14214283,-0.118402004,-0.16236372,-0.17537913,-0.15587091,-0.16940746,-0.11139822,-0.1388583,-0.13027036,-0.12940273,-0.15152657,-0.14326732,-0.11586043,-0.10065024,-0.09010823,-0.10568489,-0.12094826,-0.13561743,-0.15027548,-0.16158152,-0.1185138,-0.11129953,-0.1578567,-0.17738779,-0.13421388,-0.16415982,-0.25953975,-0.14913616,-0.13261622,-0.14185701,5.719156,4.7500854,-0.16354258,6.92464,-0.09015879,-0.110196754,-0.13519357,-0.13004193,-0.13997786,-0.17425698,-0.13908121,-0.16057305,-0.12777606,-0.07092635,-0.03704006,-0.13736972,-0.16332981,-0.18012193,-0.14332479,-0.12334781,-0.1360678,-0.12023825,-0.13916865,-0.25318068,-0.26654312,-0.08331071,-0.10945694,-0.14583829,-0.09238048,-0.18859403,-0.19104245,-0.15310818,-0.090090185,-0.13230102,-0.15011162,-0.15078007,-0.15966122,-0.17138244,-0.18571836,-0.0873446,-0.12411125,-0.14190555,-0.10256614,-0.17951453,-0.19495486,-0.19250578,-0.10017538,-0.13113372,-0.07920276,-0.12848845,-0.19006202,-0.19432268,-0.19261862,-0.124436334,-0.07475752,-0.09698103,-0.11849638,-0.137093,-0.12406494,-0.121451,-0.09434172,-0.09632429,-0.10863376,-0.082459606,-0.1129694,-0.1330539,-0.16850927,-0.1410757,-0.13639459,-0.18093297,-0.17825818,-0.19462341,-0.14523183,-0.15549555,-0.13619582,-0.119081676,-0.14001076,-0.19117098,-0.19137816,-0.18176708,-0.19755594,-0.25103784,-0.20219928,-0.19070242,-0.19144598,-0.18314841,-0.17410211,-0.27554205,-0.08916744,-0.11956477,-0.12796703,-0.15751183,-0.20931396,-0.18224281,-0.29657933,-0.32474133,-0.15021485,-0.3242122,-0.17325558,-0.17108874,-0.2185038,-0.17647925,-0.114121355,-0.13984996,-0.15388772,-0.15788373,-0.22984435,-0.18186735,-0.25437155,-0.1043749,-0.12455491,-0.13908976,-0.1247122,-0.15189947,-0.156367,-0.15770935,-0.14014931,-0.15141064,-0.16464418,-0.155801,-0.15437333,-0.15359896,-0.13408796,-0.123397894,-0.14675826,-0.19180356,-0.17776704,-0.21025829,-0.3990198,-0.20146933,-0.11361711,-0.1296617,-0.11885813,-0.14881642,-0.16636807,-0.18833072,-0.1926184,-0.13195558,-0.07616545,-0.15440282,-0.14028959,-0.14106366,-0.11903371,-0.19987361,-0.1649412,-0.15873075,-0.14168414,-0.12388201,-0.12722544,-0.14610182,-0.2588673,-0.10727851,-0.13074079,-0.09132757,-0.12832497,-0.1300388,-0.15053973,-0.15308204,-0.09633471,-0.08910369,-0.12485035,-0.11062695,-0.13827224,-0.1515255,-0.17157647,-0.14361736,-0.11654748,-0.17492479,-0.15253308,-0.14317708,-0.1253156,-0.14331096,-0.17466888,-0.13176009,-0.1327275,-0.14649597,-0.123262525,-0.08722703,-0.05825615,-0.1441575,-0.17082691,-0.026243303,-0.16655862,-0.2829064,-0.31316653,-0.1980928,-0.14637367,-0.14331596,-0.14862512,-0.12963767,-0.25088155,-0.19444755,-0.18989389,-0.09466973,-0.10952059,-0.10702289,-0.0943755,-0.12759323,-0.15361056,-0.15746465,-0.1676936,-0.12812386,-0.0969081,-0.16398169,-0.14518249,-0.11335766,-0.18846886,-0.1706479,-0.15438224,-0.12612963,-0.115196005,-0.11324701,-0.11662802,-0.17736936,-0.13918272,-0.13507982,-0.096878245,-0.12118746,-0.09188649,-0.12434345,-0.13675362,-0.063823454,-0.13877153,-0.11419349,-0.1342889,-0.24483351,-0.2571875,-0.29957527,-0.14678356,-0.15743913,-0.13268909,-0.19104545,-0.0782174,-0.17298846,-0.1653584,-0.09859173,-0.11065883,-0.11545412,-0.076612435,-0.083404,-0.1213824,-0.13072303,-0.13855581,6.90109,-0.09902346,-0.1564092,7.187242,-0.19175246,-0.18785499,-0.11151191,-0.14339845,-0.10333468,-0.1608509,-0.19470423,-0.17466119,-0.16997471,-0.14336568,-0.14298594,-0.10112935,-0.15401836,-0.16205916,-0.1814214,-0.19570675,-0.12173954,-0.14828016,-0.113923,-0.0798163,-0.14366378,-0.20725825,-0.16154933,-0.125103,-0.15657571,-0.15690626,-0.14371803,-0.19202894,-0.16339532,-0.1835674,-0.2963242,-0.19548312,-0.1812509,-0.17180525,-0.19321644,-0.15779895,-0.14054683,-0.13080353,-0.12557748,-0.13884312,-0.16363937,-0.30584824,-0.16694711,-0.18248254,-0.1931745,-0.11441202,-0.15172237,-0.14087826,-0.17883623,-0.16771089,-0.16554078,-0.14331086,-0.18237996,-0.12812935,-0.15386802,-0.13759485,-0.24156228,-0.17957768,-0.10323906,-0.13532495,-0.14276451,-0.17587215,-0.11022699,-0.13499749,-0.15386853,-0.16077633,-0.18196931,-0.15544043,-0.15007481,-0.19184028,-0.17611997,-0.16557679,-0.14723541,-0.14623587,-0.11499533,-0.10471026,-0.13565522,-0.20148799,-0.17840436,-0.12513243,-0.16547829,-0.18041904,-0.18738703,-0.11705899,-0.17862032,-0.2591481,-0.092320696,-0.09215292,-0.11474161,-0.13659136,-0.14867598,-0.09826079,-0.19052708
k__Bacteria|p__Firmicutes|c__Clostridia|o__Eubacteriales|f__Oscillospiraceae|g__Anaerotruncus|s__Anaerotruncus_colihominis,-0.1004395,-0.12316422,-0.14181504,-0.20428483,-0.16658834,-0.1930459,-0.1666669,-0.14504182,-0.12521677,-0.18300489,-0.18280712,-0.22732814,-0.17009507,-0.20512794,-0.10385965,-0.10030559,-0.058144663,-0.100206584,-0.10824156,-0.17047244,-0.1978925,-0.12536043,-0.13633515,-0.15213993,-0.17135677,-0.11658599,-0.16701564,-0.17358696,-0.1509206,-0.12124001,-0.13515437,-0.10634578,-0.14821701,-0.19549543,-0.18877962,-0.2175087,-0.16063416,-0.22338755,-0.19702159,-0.29867563,-0.29210672,-0.19793433,-0.10779563,-0.09162698,-0.13691942,-0.15493158,-0.23188588,-0.19331403,-0.14656624,-0.2026537,-0.18303305,-0.18279888,-0.19687012,-0.19844298,-0.20371181,-0.15793534,-0.12599745,-0.1438796,-0.09277381,-0.09632096,-0.17080681,-0.1423572,-0.13743341,-0.1469409,-0.12719077,-0.1512564,-0.2613474,-0.22333384,-0.18828337,-0.20047067,-0.1456753,-0.14920792,-0.1309743,-0.14283141,-0.15063196,-0.16376016,-0.14652736,-0.16278498,-0.15921447,-0.14998752,-0.14709073,-0.15694088,-0.1530753,-0.22480208,-0.120334074,-0.14156543,-0.1186708,-0.16064596,-0.1736463,-0.15558633,-0.16777569,-0.11139822,-0.1388583,-0.13027036,-0.12878832,-0.15152657,-0.1423654,-0.11592511,-0.10065024,-0.09124209,-0.10603813,-0.12086898,-0.1351111,-0.15027548,-0.16012837,-0.1185138,-0.11129953,-0.1578567,-0.17738779,-0.1339861,-0.16380411,-0.25953975,-0.14865296,-0.13281399,-0.1417886,-0.15095688,-0.17780018,-0.16348614,-0.22917573,-0.09015879,-0.110469125,-0.13483128,-0.12995113,-0.13997786,-0.17342067,-0.13908121,-0.16057305,-0.12777606,-0.07092635,-0.03704006,-0.13718468,-0.16179667,-0.17848864,-0.14332479,-0.12334781,-0.13586426,-0.12023825,-0.13833266,-0.25318068,3.0386624,-0.08427179,-0.10945694,-0.14450979,-0.09238048,-0.18714637,-0.18977006,-0.15298823,-0.090980664,-0.13230102,-0.14947098,-0.1502724,-0.1588207,-0.17024432,-0.18324572,-0.08865663,-0.124190435,-0.1413542,-0.10256614,-0.17951453,-0.19495486,-0.19084008,-0.10066724,-0.13113372,-0.08071135,-0.12823623,-0.19006202,-0.1928664,-0.1912379,-0.123669386,-0.07633042,-0.097850874,-0.11899804,-0.13666931,-0.12406494,-0.121451,-0.09527603,-0.09746261,-0.109055325,-0.082459606,-0.11337675,-0.13243504,-0.16683528,-0.1410757,-0.13642615,-0.18093297,-0.17825818,-0.1938632,-0.14479515,-0.15549555,-0.13565624,-0.119081676,-0.14001076,2.8010309,-0.19084963,-0.1809897,5.203758,-0.25103784,-0.20219928,-0.18933201,-0.190498,-0.18216209,-0.17356026,-0.27554205,-0.08916744,-0.11956477,-0.12797435,-0.15751183,-0.20931396,-0.18224281,-0.29657933,-0.32474133,-0.1530758,-0.3242122,-0.17325558,-0.17108874,-0.2185038,-0.17647925,-0.114121355,-0.13992839,-0.15388772,-0.15788373,-0.22984435,-0.18186735,-0.2572988,-0.104938224,-0.12455491,-0.13851884,-0.12438187,-0.15189947,-0.15481082,-0.1560102,-0.14014931,-0.15141064,-0.16273299,-0.15508091,-0.15334101,-0.15308288,-0.13426712,-0.123248324,-0.14620969,-0.18959667,-0.17663659,-0.21025829,4.56031,-0.2030309,-0.11389686,-0.1296617,-0.11895502,-0.14787598,-0.16636807,-0.18601865,-0.19116525,-0.13177486,-0.0775743,-0.15296766,-0.13981396,-0.14106366,-0.1182022,-0.19987361,-0.1649412,-0.15840167,-0.1416744,-0.12397589,-0.12722544,-0.14610182,-0.2588673,-0.10781134,-0.13074079,-0.09132757,-0.12832497,-0.12925203,-0.14956933,-0.15168191,-0.096964285,-0.08910369,-0.124614,-0.111007735,-0.13796675,-0.15064524,-0.17016456,-0.14290558,-0.1166058,-0.17353243,-0.15171562,-0.14235115,-0.12571779,-0.14199127,-0.17466888,-0.13176009,-0.1323686,-0.14581141,-0.12335139,-0.08722703,-0.05825615,-0.1434884,-0.17082691,-0.026243303,-0.16669247,1.9806237,-0.31316653,-0.19813651,-0.14564419,-0.14331596,-0.14862512,-0.12963767,-0.25088155,-0.19350314,-0.18807006,-0.095211886,-0.109816246,-0.10702289,-0.094566315,1.5085135,-0.15283594,-0.15746465,-0.16690184,-0.12812386,-0.0969081,-0.16398169,-0.14360195,-0.11335766,-0.18846886,-0.1706479,-0.15380028,-0.1260123,-0.115196005,-0.113441534,-0.11662802,-0.17568046,-0.13854814,-0.13461727,-0.096878245,-0.12159723,-0.09241645,-0.12434345,-0.135845,-0.063823454,-0.13877153,-0.11419349,-0.13389115,-0.24483351,-0.2571875,-0.29957527,-0.1462,-0.15659833,-0.132359,-0.19104545,-0.0782174,-0.17206049,-0.16415422,-0.09859173,-0.11065883,-0.114867106,-0.076612435,-0.083404,-0.1213824,-0.13072303,-0.13855581,-0.19385117,-0.09968911,-0.15551314,-0.19487974,-0.19050689,-0.18656053,-0.11163801,-0.14303151,-0.10347311,-0.15897605,-0.19366615,-0.17257556,-0.16881868,-0.14282379,-0.14264816,-0.10239503,-0.15314643,-0.16138987,-0.18052554,-0.19476724,-0.12148289,-0.14731613,-0.11416055,-0.080845326,-0.1430896,-0.20725825,-0.16054745,-0.125103,-0.15657571,-0.15690626,-0.14369301,-0.19202894,-0.16228479,-0.18146369,-0.2963242,-0.19789568,-0.1808579,-0.17142601,-0.19248,-0.15750603,-0.14054683,-0.13050812,-0.12557748,-0.13843898,-0.16323313,-0.30584824,-0.16627628,-0.18075007,-0.19219573,-0.11441202,-0.15048528,-0.1406677,-0.17754933,-0.1666073,-0.16435629,-0.14331086,-0.18237996,-0.12854825,-0.15324861,-0.1376931,3.3207498,-0.17906584,-0.1037533,-0.1353251,-0.14193459,-0.17406423,-0.11074032,-0.13463819,-0.15208223,-0.15981041,-0.18129861,-0.15403673,-0.1490731,-0.19184028,-0.17492408,-0.16383722,-0.14723541,-0.14623587,-0.11499533,-0.10471026,-0.13517126,-0.20148799,-0.17659308,-0.12513243,-0.16557987,-0.18041904,-0.18738703,-0.11705899,-0.17599833,-0.25890172,-0.09331806,-0.092978105,-0.11516434,-0.13619074,-0.14802939,-0.09911415,-0.18845147
k__Bacteria|p__Firmicutes|c__Clostridia|o__Eubacteriales|f__Lachnospiraceae|g__Dorea|s__Dorea_longicatena,-0.1004395,-0.12316422,-0.14018783,-0.20428483,-0.16585508,-0.19225569,-0.1666669,-0.14495638,-0.12484586,-0.18322457,-0.18241364,-0.21152365,-0.16966945,-0.19983596,-0.10320969,-0.098506674,-0.058144663,-0.10005686,-0.10739899,-0.17014039,-0.1978925,-0.12536043,-0.13644469,-0.15245771,-0.17058358,-0.11658599,-0.16724594,-0.17389387,-0.1509206,-0.12124001,-0.13505793,-0.105131686,-0.14768927,-0.19387437,-0.18816501,-0.2175087,-0.15960105,-0.22338755,-0.19460973,-0.29867563,-0.29210672,-0.19594923,-0.10748369,-0.09162698,-0.13691942,-0.15421091,-0.23188588,-0.19242284,-0.14639854,-0.2026537,-0.1832024,-0.18279888,-0.19422449,-0.19450983,-0.19740433,-0.15903482,-0.12554564,-0.14355561,-0.092834614,-0.095590085,-0.17096189,-0.1425783,-0.13743341,-0.14663374,-0.12719077,-0.15100193,-0.2613474,-0.22333384,-0.1878649,-0.20047067,-0.14569628,-0.14910951,-0.12999645,-0.14206594,-0.15107588,-0.1640956,-0.14699778,-0.16278498,-0.15861711,-0.14998752,-0.14702076,-0.15614296,-0.15294945,-0.22480208,-0.120334074,-0.1412314,-0.11797857,-0.16111511,-0.17368211,-0.1545496,-0.16764954,-0.11139822,-0.1388583,-0.13027036,-0.12891117,-0.15152657,-0.14290969,-0.11592594,-0.10065024,-0.09051673,-0.1057209,-0.12046987,-0.13480735,-0.15027548,-0.16034263,-0.1185138,-0.11129953,-0.1578567,-0.17738779,-0.13322517,-0.1617401,-0.25953975,-0.1483069,-0.13198683,-0.14057438,-0.15095688,-0.17780018,-0.16237728,-0.22917573,-0.09015879,-0.11023773,-0.134375,-0.12932292,-0.13997786,-0.17271586,-0.13908121,-0.16057305,-0.12777606,-0.07092635,-0.03704006,-0.13660312,-0.16186395,-0.1783688,-0.14332479,-0.12334781,-0.13585208,-0.12023825,-0.13785239,-0.25318068,-0.26654312,-0.08396311,-0.10945694,-0.1446022,-0.09238048,-0.18685363,-0.18864253,-0.15216263,-0.09053527,-0.13230102,-0.14909051,-0.149699,-0.15832506,-0.16977367,-0.18362053,-0.08776204,-0.123619385,-0.14069864,-0.10256614,-0.17951453,-0.19495486,-0.19027066,-0.1002612,-0.13113372,-0.07867761,-0.1274636,-0.19006202,-0.19207947,-0.19034922,-0.12396249,-0.07591647,-0.09721863,-0.117981404,-0.1362935,-0.12406494,-0.121451,-0.09451744,-0.09667842,-0.10855144,-0.082459606,-0.112890534,-0.13254207,-0.16708067,-0.1410757,-0.13581315,-0.18093297,-0.17825818,-0.19225053,-0.14396685,-0.15549555,-0.13517842,-0.119081676,-0.14001076,-0.19117098,-0.18920764,-0.1798951,-0.19755594,-0.25103784,-0.20219928,-0.18927492,-0.18933816,-0.18143171,-0.17215726,-0.27554205,-0.08916744,-0.11956477,-0.12760419,-0.15751183,-0.20931396,-0.18224281,-0.29657933,-0.32474133,-0.14971867,-0.3242122,-0.17325558,3.4150803,-0.2185038,4.893745,-0.114121355,-0.13924056,-0.15388772,-0.15788373,-0.22984435,-0.18186735,-0.24767658,-0.104323275,-0.12455491,-0.13841271,-0.124208406,-0.15189947,-0.15520678,-0.15653495,-0.14014931,-0.15141064,-0.16311888,-0.15466861,-0.15323289,-0.15217388,-0.13344303,-0.12302127,-0.14611228,-0.18965498,-0.17613447,5.871645,5.27526,-0.19827273,-0.113602474,-0.1296617,-0.11841024,-0.14761963,-0.16636807,-0.1865091,-0.19054031,-0.13122506,-0.077148244,-0.1528446,-0.13943003,-0.14106366,-0.11867764,-0.19987361,-0.1649412,-0.1578715,-0.14043038,-0.12336907,-0.12722544,-0.14610182,-0.2588673,-0.107094094,-0.13074079,-0.09132757,-0.12832497,-0.12939021,-0.14951569,-0.15213619,-0.096618265,-0.08910369,-0.124173865,-0.11038473,-0.13741937,-0.15037632,-0.16976856,-0.14267124,-0.116553865,-0.17323694,-0.1515289,-0.14220057,-0.12477513,-0.14262019,-0.17466888,-0.13176009,-0.13203225,-0.14554071,-0.122878075,-0.08722703,-0.05825615,-0.14325924,-0.17082691,-0.026243303,-0.16488801,7.3866324,7.4682884,-0.1953264,-0.14540273,-0.14331596,-0.14862512,-0.12963767,-0.25088155,-0.19224988,-0.18777625,-0.09490699,-0.10953002,-0.10702289,-0.094114855,-0.12759323,-0.15250331,-0.15746465,-0.1665115,-0.12812386,-0.0969081,-0.16398169,-0.14404044,-0.11335766,-0.18846886,-0.1706479,-0.15327008,-0.12570968,-0.115196005,-0.11275233,-0.11662802,-0.1760658,-0.13830355,-0.13435547,-0.096878245,-0.12074135,-0.092245996,-0.12434345,-0.13639335,-0.063823454,-0.13877153,-0.11419349,-0.13315645,-0.24483351,-0.2571875,-0.29957527,-0.14566258,-0.15621053,-0.13168553,-0.19104545,-0.0782174,-0.17134824,-0.16369276,-0.09859173,-0.11065883,-0.115542345,-0.076612435,-0.083404,-0.1213824,-0.13072303,-0.13855581,-0.19385117,-0.09892054,-0.15482572,-0.19487974,-0.18976419,-0.18561739,-0.11138742,-0.14270946,-0.103737995,-0.15932304,-0.19249213,-0.17243922,-0.16796428,-0.14245881,-0.14210954,-0.101019904,-0.15263774,-0.16100344,-0.17972103,-0.19320863,-0.12137841,-0.14742106,-0.11417609,-0.08066977,-0.14147952,-0.20725825,-0.16039442,-0.125103,-0.15657571,-0.15690626,-0.14308393,-0.19202894,-0.16190794,-0.18166178,-0.2963242,-0.1929259,-0.17905566,-0.17039627,-0.19077629,-0.15630917,-0.14054683,-0.13002822,-0.12557748,-0.13795614,-0.16106613,-0.30584824,-0.1655187,-0.18038936,-0.19149604,-0.11441202,-0.15025166,-0.14013037,-0.17700294,-0.16609058,-0.16431937,-0.14331086,-0.18237996,-0.12760891,-0.15242434,-0.13538107,-0.24156228,-0.17838976,-0.10323754,-0.13477477,-0.14183572,-0.17393902,-0.11028886,-0.13413952,-0.15256833,-0.1596274,-0.18051843,-0.15396477,-0.1485558,-0.19184028,-0.17434144,-0.16444871,-0.14723541,-0.14623587,-0.11499533,-0.10471026,-0.13446707,-0.20148799,-0.17672463,-0.12513243,-0.16499002,-0.18041904,-0.18738703,-0.11705899,-0.17693341,-0.25496447,-0.09271361,-0.09261681,-0.1143986,-0.13571812,-0.14736052,-0.098319076,-0.1881693
k__Bacteria|p__Firmicutes|c__Bacilli|o__Lactobacillales|f__Lactobacillaceae|g__Lacticaseibacillus|s__Lacticaseibacillus_paracasei,-0.1004395,-0.12316422,-0.14148572,-0.20428483,-0.16659763,-0.19314098,-0.1666669,-0.14494815,-0.12487547,-0.18341237,-0.18248348,-0.22449228,-0.16803868,-0.20411055,-0.103129566,-0.099093795,-0.058144663,-0.099707335,-0.10755265,-0.1706884,-0.1978925,-0.12536043,-0.13609305,-0.15218776,-0.17122701,-0.11658599,-0.1673458,-0.1736733,-0.1509206,-0.12124001,-0.13509229,-0.105606794,-0.14821297,-0.19538409,-0.18905236,-0.2175087,-0.16018786,-0.22338755,-0.19676925,-0.29867563,4.142068,-0.19813146,-0.10713766,-0.09162698,-0.13691942,-0.15474334,-0.23188588,-0.19355461,-0.14633307,-0.2026537,-0.18323699,-0.18279888,-0.19700253,-0.19756,-0.20324957,-0.15723665,-0.12564757,-0.14365613,-0.09214708,-0.0955816,-0.17110452,-0.14229685,-0.13743341,-0.14674008,-0.12719077,-0.15111347,-0.2613474,-0.22333384,-0.18840936,-0.20047067,-0.14557286,-0.14903827,-0.13064897,-0.14258999,-0.15062484,-0.16381565,-0.14645883,-0.16278498,-0.15891506,-0.14998752,-0.14707051,-0.15680254,-0.15309969,-0.22480208,-0.120334074,-0.14137033,-0.11815798,-0.16085863,-0.17370497,-0.15536356,-0.16800153,-0.11139822,-0.1388583,-0.13027036,-0.1286532,-0.15152657,-0.14256877,-0.11535119,-0.10065024,-0.090430826,-0.10545099,-0.12045945,-0.13492768,6.083755,-0.16021788,-0.1185138,-0.11129953,-0.1578567,-0.17738779,-0.13339913,-0.16385242,-0.25953975,-0.14843176,-0.13243172,-0.14154455,-0.15095688,-0.17780018,-0.16330531,-0.22917573,-0.09015879,-0.11001971,-0.13462473,-0.12949488,-0.13997786,-0.1735043,-0.13908121,-0.16057305,-0.12777606,-0.07092635,-0.03704006,-0.13714252,-0.16204375,-0.17861919,-0.14332479,2.1605818,-0.13568956,-0.12023825,-0.13826804,-0.25318068,-0.26654312,-0.08354952,-0.10945694,-0.1445032,-0.09238048,-0.18761349,-0.19012016,-0.15281358,-0.0902895,-0.13230102,-0.14934926,-0.15009522,-0.15869294,-0.17030907,-0.18366422,-0.0879047,-0.12363222,-0.1408517,-0.10256614,-0.17951453,2.9657173,-0.19083351,-0.10017595,-0.13113372,-0.0797455,-0.12786208,-0.19006202,-0.19303936,-0.19142944,-0.12331807,-0.07540258,-0.09720193,-0.11842342,-0.13646558,6.100305,-0.121451,-0.0944546,-0.096588254,-0.10856051,-0.082459606,-0.11290252,-0.1323252,-0.16695407,-0.1410757,-0.13613757,-0.18093297,-0.17825818,-0.1938344,-0.14470571,-0.15549555,-0.13533682,7.028769,7.5828404,6.052387,-0.19077682,-0.18101731,-0.19755594,-0.25103784,-0.20219928,-0.1898171,-0.1908784,-0.18222544,-0.17375578,-0.27554205,-0.08916744,-0.11956477,-0.12791263,-0.15751183,3.763701,-0.18224281,-0.29657933,-0.32474133,-0.15291405,-0.3242122,-0.17325558,-0.17108874,-0.2185038,-0.17647925,-0.114121355,-0.13973707,-0.15388772,-0.15788373,-0.22984435,-0.18186735,-0.2555206,-0.10432635,-0.12455491,-0.13845953,-0.12415464,-0.15189947,-0.15498567,-0.15606484,-0.14014931,-0.15141064,-0.16289899,-0.15497786,-0.15331423,-0.1529455,-0.13379098,-0.12292689,-0.14601517,-0.18992174,-0.17649296,-0.21025829,-0.3990198,-0.20268872,-0.1133564,-0.1296617,-0.11850202,-0.14783716,-0.16636807,-0.18647021,-0.19136722,-0.13149557,-0.07678312,-0.15313421,-0.13973846,-0.14106366,-0.11774175,-0.19987361,-0.1649412,-0.15831847,-0.14141473,-0.12354941,-0.12722544,-0.14610182,-0.2588673,-0.10721655,-0.13074079,-0.09132757,-0.12832497,-0.12909292,-0.14967723,-0.15166676,-0.09625514,-0.08910369,-0.12434782,-0.11054918,-0.13772857,-0.15073094,-0.17016289,-0.14282735,-0.11631733,-0.17374445,-0.15172209,-0.14219251,-0.12536249,-0.14168055,-0.17466888,-0.13176009,-0.13217124,-0.14564738,-0.12286416,-0.08722703,-0.05825615,-0.1433787,-0.17082691,-0.026243303,-0.16650674,-0.2829064,-0.31316653,-0.1981714,-0.14543739,-0.14331596,-0.14862512,-0.12963767,-0.25088155,-0.19344163,-0.18830685,-0.09465362,-0.10925501,-0.10702289,-0.09388675,-0.12759323,-0.15283324,-0.15746465,-0.16662917,-0.12812386,-0.0969081,-0.16398169,-0.14356863,-0.11335766,-0.18846886,-0.1706479,-0.15354359,-0.12567788,-0.115196005,-0.112804584,-0.11662802,-0.17584532,-0.13830784,-0.13427353,-0.096878245,-0.12106644,-0.09176126,-0.12434345,-0.13572864,1.320886,2.7967365,-0.11419349,-0.13381314,-0.24483351,-0.2571875,0.6724992,-0.14597008,-0.15652046,-0.1321818,3.4927928,2.8797054,-0.1722784,-0.16413778,-0.09859173,-0.11065883,-0.11459965,-0.076612435,-0.083404,2.442639,-0.13072303,-0.13855581,-0.19385117,-0.09898146,-0.15557662,-0.19487974,-0.19079767,-0.1866837,-0.111188225,-0.14292082,-0.10293883,-0.15919133,-0.19353922,-0.17256713,-0.16895045,-0.14263955,-0.14230296,-0.10167927,-0.15318635,-0.16122316,-0.180692,-0.1947585,-0.121146716,-0.14723879,-0.11371806,-0.080105245,-0.14303873,2.4270291,-0.16058034,-0.125103,-0.15657571,-0.15690626,-0.1433564,1.1202993,-0.16239297,-0.18183142,-0.2963242,-0.1976976,-0.18113698,-0.17153352,-0.19278517,-0.15742512,-0.14054683,-0.13024306,-0.12557748,-0.13828975,-0.16309236,-0.30584824,-0.16673832,-0.18107653,-0.1922513,-0.11441202,-0.15063585,-0.14041248,-0.17772327,-0.16673899,-0.16424079,-0.14331086,-0.18237996,-0.1281227,-0.15309358,-0.13740285,-0.24156228,-0.17930329,-0.10313746,-0.13508853,-0.1418258,-0.17431185,-0.11019174,-0.1346036,-0.15219174,-0.15957084,-0.18150465,-0.1540224,-0.14902072,-0.19184028,-0.1751436,-0.16390519,-0.14723541,-0.14623587,-0.11499533,-0.10471026,-0.13503073,6.258122,-0.17678131,-0.12513243,-0.16521409,-0.18041904,-0.18738703,-0.11705899,-0.17633091,-0.2588669,-0.09253332,-0.09224033,-0.1147744,-0.13592096,-0.14785285,-0.09846905,-0.1889261
k__Bacteria|p__Firmicutes|c__Erysipelotrichia|o__Erysipelotrichales|f__Coprobacillaceae|g__Coprobacillus|s__Coprobacillus_cateniformis,-0.1004395,-0.12316422,-0.1421566,-0.20428483,-0.16632694,-0.19271818,-0.1666669,-0.14415888,-0.12499228,-0.18195504,-0.18251318,-0.23165299,-0.16886997,-0.20506182,-0.10342495,-0.0998602,-0.058144663,-0.099237144,-0.10797596,-0.16996136,-0.1978925,-0.12536043,-0.1356133,-0.15111378,-0.1707727,-0.11658599,-0.16622597,-0.17245865,-0.1509206,-0.12124001,-0.13439634,-0.10644731,-0.14771752,-0.19542548,-0.18807778,-0.2175087,-0.16069573,-0.22338755,-0.19675434,-0.29867563,-0.29210672,-0.19777831,-0.107106686,-0.09162698,-0.13691942,-0.15444031,-0.23188588,-0.19284773,-0.14614151,-0.2026537,-0.18287383,-0.18279888,-0.197231,-0.19932438,-0.20520553,-0.1556812,-0.12547979,-0.14314735,-0.09208749,-0.09599293,-0.17002375,-0.14145923,-0.13743341,-0.14625964,-0.12719077,-0.15049528,-0.2613474,-0.22333384,-0.18772261,-0.20047067,-0.14481764,-0.14844866,-0.13071811,-0.14237176,-0.14950915,-0.16266686,-0.1454899,-0.16278498,-0.1588452,-0.14998752,-0.14628911,-0.15664175,-0.15248784,-0.22480208,-0.120334074,-0.1408369,-0.118349805,-0.15960875,-0.17283233,-0.15538004,-0.16691586,-0.11139822,-0.1388583,-0.13027036,-0.12805837,-0.15152657,-0.14170599,-0.11511785,-0.10065024,-0.09095251,-0.10545136,-0.12029573,-0.13450517,-0.15027548,-0.15912035,-0.1185138,-0.11129953,-0.1578567,-0.17738779,-0.13322571,-0.16421811,-0.25953975,-0.14804393,-0.13258916,-0.1415179,-0.15095688,-0.17780018,-0.1635432,-0.22917573,-0.09015879,-0.10984591,-0.1343164,-0.1294796,-0.13997786,-0.17295206,-0.13908121,-0.16057305,-0.12777606,-0.07092635,-0.03704006,-0.13671702,-0.16109759,-0.17749849,-0.14332479,-0.12334781,-0.13504967,-0.12023825,-0.13768417,-0.25318068,-0.26654312,-0.0837826,-0.10945694,-0.14342485,-0.09238048,-0.18648067,-0.18952483,-0.1526128,-0.09057097,-0.13230102,-0.14887068,-0.14981149,-0.15826377,-0.16979322,-0.18204519,-0.08851984,-0.123485304,-0.14030874,-0.10256614,-0.17951453,-0.19495486,-0.19005889,-0.10027548,2.2813253,-0.08089974,-0.12775004,2.61211,-0.19249913,-0.19067416,-0.12252807,-0.076022364,-0.09738068,-0.118675195,-0.13598618,-0.12406494,-0.121451,-0.09487595,-0.097038925,-0.1084348,-0.082459606,-0.11282285,-0.13162446,-0.16563368,-0.1410757,-0.13613108,-0.18093297,-0.17825818,-0.19374225,-0.14448117,-0.15549555,-0.1349947,-0.119081676,-0.14001076,-0.19117098,-0.1906907,-0.18083762,2.5988536,-0.25103784,-0.20219928,-0.18906197,-0.19048962,-0.18176827,-0.17361158,-0.27554205,-0.08916744,-0.11956477,-0.12760273,-0.15751183,-0.20931396,-0.18224281,-0.29657933,-0.32474133,-0.15326531,-0.3242122,-0.17325558,-0.17108874,-0.2185038,-0.17647925,-0.114121355,-0.13966376,-0.15388772,-0.15788373,-0.22984435,-0.18186735,-0.26008168,-0.10455826,-0.12455491,-0.13783467,-0.1238285,-0.15189947,-0.15387705,-0.15488818,-0.14014931,-0.15141064,-0.16174373,-0.15460809,-0.15265141,-0.1526613,-0.13376856,-0.122731805,-0.14573097,-0.18864578,-0.17649817,-0.21025829,-0.3990198,-0.20382431,-0.113255665,-0.1296617,-0.11838655,-0.14724615,-0.16636807,-0.1847421,-0.19062094,-0.13111706,-0.07745456,-0.15211484,-0.13924786,3.8481424,-0.11726103,3.188644,-0.1649412,-0.15804416,-0.14144422,-0.12338459,-0.12722544,-0.14610182,5.415559,-0.107409805,-0.13074079,-0.09132757,-0.12832497,-0.12846442,-0.1489783,-0.15051931,-0.09636924,-0.08910369,-0.12394246,-0.11062567,-0.1373922,-0.15011552,-0.16928738,-0.14231017,-0.11610322,-0.17257853,-0.15122348,-0.14153516,-0.12561858,-0.14075685,-0.17466888,-0.13176009,-0.13185126,-0.14502025,-0.12278865,-0.08722703,-0.05825615,-0.14276756,-0.17082691,-0.026243303,-0.16616918,-0.2829064,-0.31316653,-0.19862202,-0.14496806,-0.14331596,-0.14862512,-0.12963767,-0.25088155,-0.19334143,-0.18731683,-0.0948769,-0.109092936,-0.10702289,-0.093935475,-0.12759323,-0.1521695,-0.15746465,-0.1662279,-0.12812386,-0.0969081,-0.16398169,-0.14235848,-0.11335766,-0.18846886,-0.1706479,-0.15331858,-0.12545578,-0.115196005,-0.11293429,-0.11662802,-0.17433302,-0.1379345,-0.1338354,-0.096878245,-0.12113455,-0.091801696,-0.12434345,-0.13467734,-0.063823454,-0.13877153,-0.11419349,-0.1333656,-0.24483351,-0.2571875,-0.29957527,-0.14565685,-0.15592787,-0.13219315,-0.19104545,-0.0782174,-0.17165941,-0.16320884,-0.09859173,-0.11065883,-0.11371103,-0.076612435,-0.083404,-0.1213824,-0.13072303,-0.13855581,-0.19385117,-0.099457785,-0.15504752,-0.19487974,-0.19033268,-0.18605305,-0.11114697,-0.14222118,-0.10291305,-0.15783125,-0.19361454,-0.17138705,-0.16828069,-0.14225927,-0.14200379,-0.102507405,-0.15252683,-0.160772,-0.18017614,-0.19445163,-0.1208967,-0.14626282,-0.1134212,-0.08034162,-0.14314464,-0.20725825,-0.15992522,-0.125103,-0.15657571,-0.15690626,-0.14320424,-0.19202894,-0.16185257,-0.18043712,-0.2963242,-0.19992885,-0.18090488,-0.17113142,-0.1926144,-0.15726325,-0.14054683,-0.13002643,-0.12557748,-0.13788855,-0.16301547,5.121186,-0.16635402,-0.17992501,-0.19186044,-0.11441202,-0.1496258,-0.140117,-0.1770032,-0.16616131,-0.16337898,-0.14331086,-0.18237996,-0.12851211,-0.15255566,-0.13820542,-0.24156228,-0.17868744,-0.10334061,-0.13484965,-0.1413161,-0.17315386,-0.110376045,-0.13424467,-0.15084273,-0.15883753,-0.1811662,-0.15314421,-0.14863424,-0.19184028,-0.17466441,-0.1625983,-0.14723541,-0.14623587,-0.11499533,-0.10471026,-0.13473111,-0.20148799,-0.17569599,-0.12513243,-0.1645864,-0.18041904,-0.18738703,-0.11705899,-0.17435974,-0.25988713,-0.09293075,-0.09241055,-0.11485424,-0.13557824,-0.14743647,-0.09898656,-0.18749031
k__Bacteria|p__Firmicutes|c__Clostridia|o__Eubacteriales|f__Lachnospiraceae|g__Lachnospira|s__Lachnospira_eligens,-0.1004395,-0.12316422,-0.14189142,-0.20428483,-0.16738579,-0.19435859,-0.1666669,-0.14534906,-0.12487195,-0.18410383,-0.18389532,-0.22970492,-0.169879,-0.20708136,-0.103050604,-0.09933591,-0.058144663,-0.099519074,-0.107618794,-0.1713025,-0.1978925,-0.12536043,-0.13644294,-0.15263557,-0.17211315,-0.11658599,-0.16764705,-0.17448658,-0.1509206,-0.12124001,-0.13514063,-0.10561797,-0.14854263,-0.19681974,-0.18993026,-0.2175087,-0.161318,-0.22338755,-0.19819278,-0.29867563,-0.29210672,-0.19928905,-0.107181266,-0.09162698,-0.13691942,-0.15530705,-0.23188588,-0.19452445,-0.14691049,-0.2026537,-0.18426767,-0.18279888,-0.19830447,-0.19984707,-0.20526682,-0.15819544,-0.12582508,-0.14411189,-0.09186666,-0.09543076,-0.1717475,-0.14255092,-0.13743341,-0.14724454,-0.12719077,-0.15147057,-0.2613474,-0.22333384,-0.18955952,-0.20047067,-0.14603755,-0.1495424,-0.13091847,-0.1430293,-0.15116344,-0.16456428,-0.14696902,-0.16278498,-0.15977985,-0.14998752,-0.14733374,-0.15746826,-0.15352413,-0.22480208,-0.120334074,-0.14168182,-0.11829604,-0.16137719,-0.17466931,-0.15598565,-0.16858137,-0.11139822,-0.1388583,-0.13027036,-0.12864658,-0.15152657,-0.14249158,-0.115408845,-0.10065024,-0.09015289,-0.105355866,-0.12058213,-0.13516587,-0.15027548,-0.16070607,-0.1185138,-0.11129953,-0.1578567,-0.17738779,-0.13400084,-0.16429469,-0.25953975,-0.14895761,-0.13272515,-0.14189902,-0.15095688,-0.17780018,-0.16413584,6.744119,-0.09015879,-0.109870106,-0.13484584,-0.12982096,-0.13997786,-0.17420438,-0.13908121,-0.16057305,-0.12777606,-0.07092635,-0.03704006,-0.13724661,-0.1624662,-0.17943648,-0.14332479,-0.12334781,-0.13576876,-0.12023825,-0.1384162,-0.25318068,0.6432041,-0.08310419,-0.10945694,-0.14472674,-0.09238048,-0.18827923,-0.19098607,-0.15322049,-0.0899833,-0.13230102,-0.14976618,-0.15061016,-0.1593825,-0.17104979,-0.18438363,-0.08756145,-0.123912245,-0.1415235,-0.10256614,-0.17951453,-0.19495486,-0.19208634,-0.09989305,-0.13113372,-0.07945424,-0.12791276,-0.19006202,-0.19419059,-0.19245581,-0.12348282,-0.07493266,-0.09698963,-0.118543044,-0.13665794,-0.12406494,-0.121451,-0.09437446,-0.09649487,-0.10836719,-0.082459606,-0.11281586,-0.13233311,-0.16757306,-0.1410757,-0.1364104,-0.18093297,-0.17825818,-0.19512323,-0.1449673,-0.15549555,-0.13566135,-0.119081676,-0.14001076,-0.19117098,-0.19209652,-0.18203494,-0.19755594,-0.25103784,-0.20219928,-0.19062138,-0.19171676,-0.18313602,-0.17441323,-0.27554205,-0.08916744,-0.11956477,-0.12772015,-0.15751183,-0.20931396,3.75756,5.5159307,-0.32474133,-0.15239702,-0.3242122,6.4591475,-0.17108874,-0.2185038,-0.17647925,-0.114121355,-0.13998975,-0.15388772,-0.15788373,-0.22984435,-0.18186735,-0.25956064,-0.10426685,-0.12455491,-0.13856441,-0.1241204,-0.15189947,-0.15538746,-0.15658873,-0.14014931,-0.15141064,-0.16351852,-0.15556526,-0.15384051,-0.15341224,-0.13409883,-0.12296903,-0.14645666,-0.19093171,-0.17770565,-0.21025829,-0.3990198,-0.2038391,-0.113391116,-0.1296617,-0.11863184,-0.148101,-0.16636807,-0.18724072,-0.19233987,-0.13161403,-0.076235525,-0.15339595,-0.13985814,-0.14106366,-0.11792566,-0.19987361,-0.1649412,-0.15890703,-0.14175618,-0.12358038,-0.12722544,-0.14610182,-0.2588673,-0.10715653,-0.13074079,-0.09132757,-0.12832497,-0.12916571,-0.14990477,-0.15209056,-0.09608787,-0.08910369,-0.1243231,-0.1103971,-0.1379951,-0.15099046,-0.170912,-0.14311501,-0.11615182,-0.1743941,-0.15208471,-0.14254987,-0.12548241,-0.1422779,-0.17466888,-0.13176009,-0.13231234,-0.14601143,-0.12300347,-0.08722703,-0.05825615,-0.14366423,-0.17082691,-0.026243303,-0.16706663,-0.2829064,-0.31316653,-0.19926912,-0.14593427,-0.14331596,-0.14862512,-0.12963767,-0.25088155,-0.19485241,-0.18929645,-0.09430263,-0.109232046,-0.10702289,-0.093649656,-0.12759323,-0.15312779,-0.15746465,-0.1676318,-0.12812386,-0.0969081,1.4599853,-0.14383331,-0.11335766,-0.18846886,-0.1706479,-0.15425983,-0.12581167,-0.115196005,-0.112909086,-0.11662802,-0.17655693,-0.13868831,-0.13462672,-0.096878245,-0.12119449,-0.091429055,-0.12434345,-0.13583422,-0.063823454,-0.13877153,-0.11419349,-0.13384455,-0.24483351,-0.2571875,2.3964214,-0.1465185,-0.15711923,-0.13233602,-0.19104545,-0.0782174,-0.17297366,-0.16468704,-0.09859173,-0.11065883,-0.11440584,-0.076612435,-0.083404,-0.1213824,-0.13072303,-0.13855581,-0.19385117,-0.099003755,-0.15594435,4.764676,-0.19172591,-0.18761319,-0.1111193,-0.14316738,-0.10283791,-0.15966627,-0.19500726,-0.17352447,-0.16949452,-0.14303012,-0.14282429,-0.1015895,-0.1534971,-0.1619351,-0.18146944,-0.19604081,-0.121230885,-0.14760715,-0.11359889,-0.079561695,-0.14324053,-0.20725825,-0.16119856,-0.125103,-0.15657571,-0.15690626,-0.14383256,-0.19202894,-0.16290674,-0.18254113,-0.2963242,-0.19908014,-0.18156216,-0.17206402,-0.1937826,-0.15784442,-0.14054683,-0.13042605,-0.12557748,-0.13843217,-0.1636698,-0.30584824,-0.16702051,-0.1817351,-0.1934191,-0.11441202,-0.1507557,-0.14074405,-0.17852835,-0.1673249,-0.16497834,5.5692587,2.5758858,-0.12837328,-0.15360038,-0.13767898,-0.24156228,-0.17997572,-0.103067026,-0.13527218,-0.14215998,-0.17502785,-0.1101339,-0.1346021,-0.15258656,-0.16045238,-0.18236147,-0.15452111,-0.14943309,-0.19184028,-0.17588118,-0.16454409,-0.14723541,-0.14623587,-0.11499533,-0.10471026,-0.13512027,-0.20148799,-0.17761844,-0.12513243,-0.16607997,-0.18041904,-0.18738703,-0.11705899,-0.17702344,-0.26136976,-0.09231982,-0.091976225,-0.11467004,-0.13619033,-0.1482979,-0.09825868,-0.18970557
k__Bacteria|p__Firmicutes|c__Tissierellia|o__Tissierellales|f__Peptoniphilaceae|g__Peptoniphilus|s__Peptoniphilus_lacydonensis,-0.1004395,-0.12316422,-0.1407395,-0.20428483,-0.16551164,-0.1923061,-0.1666669,-0.14463839,-0.1250618,-0.18306834,-0.1827338,-0.21894631,-0.1693806,-0.20052624,-0.10293643,-0.09869519,-0.058144663,-0.09944458,-0.107314795,-0.17005132,-0.1978925,-0.12536043,-0.13607563,-0.15197721,-0.17049389,-0.11658599,-0.1668802,-0.17343476,4.9943285,3.6289518,-0.13487521,-0.10522482,-0.14779553,-0.19413832,-0.18804288,4.070214,-0.15980907,4.049416,-0.19528078,5.790162,-0.29210672,-0.19626528,-0.10683957,-0.09162698,-0.13691942,-0.15407392,-0.23188588,-0.19213925,-0.14606856,-0.2026537,-0.18282737,-0.18279888,-0.19576131,-0.19680744,-0.20045425,-0.1575545,-0.12528872,-0.14315015,-0.092403114,-0.09543648,-0.1704162,-0.14218415,-0.13743341,-0.14636712,-0.12719077,-0.15080236,-0.2613474,-0.22333384,-0.18743286,-0.20047067,-0.14516291,-0.14877868,-0.13014647,-0.1420731,-0.15022893,-0.16351825,-0.14647882,0.69414014,-0.15858719,-0.14998752,-0.14679225,-0.15620911,-0.15278189,-0.22480208,-0.120334074,-0.14100924,-0.11792697,-0.1602794,-0.17324695,-0.15496531,-0.16757885,-0.11139822,-0.1388583,-0.13027036,-0.12848601,-0.15152657,-0.14250195,-0.115717426,-0.10065024,-0.09046915,-0.10519295,-0.12000932,-0.13430293,-0.15027548,-0.15984344,-0.1185138,-0.11129953,-0.1578567,-0.17738779,-0.13352041,-0.16316864,-0.25953975,-0.14815722,-0.13223355,-0.14092243,-0.15095688,-0.17780018,-0.16240032,-0.22917573,-0.09015879,-0.110155195,-0.13433993,-0.12933387,-0.13997786,-0.17274925,-0.13908121,-0.16057305,-0.12777606,-0.07092635,-0.03704006,-0.13623512,-0.161335,-0.17819834,-0.14332479,-0.12334781,-0.13547015,-0.12023825,-0.1376535,-0.25318068,-0.26654312,-0.08337868,-0.10945694,-0.14405327,-0.09238048,-0.18654314,-0.18875426,-0.15208218,-0.09000952,-0.13230102,-0.14899078,-0.1496728,-0.15822186,-0.1696575,-0.18288097,-0.08749057,-0.12354153,-0.14052525,-0.10256614,-0.17951453,-0.19495486,-0.19004896,-0.099993184,-0.13113372,-0.07930626,-0.12728056,-0.19006202,-0.19186716,-0.19033253,-0.12327045,-0.07531604,-0.096906826,-0.11808007,-0.1360706,-0.12406494,-0.121451,-0.0942436,-0.096370265,-0.10821709,-0.082459606,-0.11255431,-0.1318042,-0.16638348,-0.1410757,-0.13590619,-0.18093297,-0.17825818,-0.19252735,-0.14395994,-0.15549555,-0.1350753,-0.119081676,-0.14001076,-0.19117098,-0.18927437,-0.18043222,-0.19755594,-0.25103784,-0.20219928,-0.18892412,-0.18972526,-0.18153355,-0.1725119,-0.27554205,-0.08916744,-0.11956477,-0.1274711,-0.15751183,-0.20931396,-0.18224281,-0.29657933,-0.32474133,-0.15221441,-0.3242122,-0.17325558,-0.17108874,-0.2185038,-0.17647925,-0.114121355,-0.13933961,-0.15388772,-0.15788373,-0.22984435,-0.18186735,-0.25190854,-0.104079895,-0.12455491,-0.13813944,-0.123873055,-0.15189947,-0.15423602,-0.15573192,3.794733,5.644387,-0.16255686,-0.15456778,-0.15302432,-0.15239325,-0.13345814,-0.122892275,-0.1462133,-0.18951659,-0.17619404,-0.21025829,-0.3990198,-0.20073095,-0.11314526,-0.1296617,-0.1181783,-0.14754722,-0.16636807,-0.18568996,-0.19049674,-0.13118944,-0.07672894,-0.1525164,-0.13914293,-0.14106366,-0.11834551,-0.19987361,-0.1649412,-0.15793666,-0.1409106,-0.123285994,-0.12722544,-0.14610182,-0.2588673,-0.10691302,-0.13074079,-0.09132757,-0.12832497,-0.12890872,-0.14909293,-0.15137729,-0.09612978,-0.08910369,-0.123967245,-0.110092394,-0.1372581,-0.15014721,-0.1695436,-0.1424364,-0.11635932,-0.17294553,-0.15132242,-0.14181907,-0.1247297,-0.14205009,-0.17466888,-0.13176009,-0.13193277,-0.14528114,-0.12254125,-0.08722703,-0.05825615,-0.14297152,-0.17082691,-0.026243303,-0.16520882,-0.2829064,-0.31316653,-0.19688581,-0.14510769,-0.14331596,-0.14862512,-0.12963767,-0.25088155,-0.19202879,-0.18755193,-0.094582334,-0.10915346,-0.10702289,-0.093893796,-0.12759323,-0.15249975,-0.15746465,-0.16638684,-0.12812386,-0.0969081,-0.16398169,-0.14321858,-0.11335766,-0.18846886,-0.1706479,-0.15323055,-0.12552999,-0.115196005,-0.11282121,-0.11662802,-0.17529118,-0.13799968,-0.1338349,-0.096878245,-0.12066011,-0.09164965,-0.12434345,-0.13579944,-0.063823454,3.7979088,-0.11419349,-0.13306013,-0.24483351,-0.2571875,-0.29957527,-0.14548269,-0.15605834,-0.13175589,-0.19104545,-0.0782174,-0.17134197,-0.1637667,-0.09859173,-0.11065883,-0.11482549,-0.076612435,-0.083404,-0.1213824,-0.13072303,8.024714,6.1989756,-0.098556675,-0.1549511,-0.19487974,-0.1899267,-0.18586032,-0.11097273,-0.14225377,-0.10302965,-0.15870611,-0.19287518,-0.17235596,-0.16802894,-0.14216937,-0.14189802,-0.10145876,-0.15262553,-0.16088021,-0.17996922,-0.19359294,-0.12084268,-0.14679259,-0.113805085,-0.08039395,-0.14230427,-0.20725825,-0.15989904,-0.125103,-0.15657571,-0.15690626,-0.14302284,-0.19202894,-0.16180065,-0.18124983,4.0614634,-0.1950231,-0.1802768,-0.17032261,-0.1911023,-0.15662813,-0.14054683,-0.12978837,-0.12557748,-0.1378043,-0.16196114,-0.30584824,-0.16612197,-0.18019181,-0.1915114,-0.11441202,-0.15001847,-0.13980813,-0.1770041,-0.16604577,-0.1639027,-0.14331086,-0.18237996,-0.12796971,-0.15291545,-0.13689025,-0.24156228,-0.17798738,-0.102899514,-0.13466452,-0.14147747,-0.17341267,-0.11002294,-0.13404489,-0.15192857,-0.15904875,-0.18060204,-0.15360719,-0.14824215,-0.19184028,-0.1741513,-0.16379158,-0.14723541,-0.14623587,-0.11499533,-0.10471026,-0.13453385,-0.20148799,-0.17605518,-0.12513243,-0.16497126,-0.18041904,-0.18738703,-0.11705899,-0.1761623,-0.2557574,-0.09231447,-0.092205234,-0.114300326,-0.13553646,-0.14727314,-0.098254025,-0.1878219
k__Bacteria|p__Firmicutes|c__Clostridia|o__Eubacteriales|f__Lachnospiraceae|g__Blautia|s__Blautia_faecis,-0.1004395,-0.12316422,-0.14136185,-0.20428483,-0.16662112,-0.19131353,-0.1666669,-0.14427307,-0.12486631,-0.1816577,-0.18147853,-0.22263227,-0.16686627,-0.2027016,-0.103369296,-0.09976823,-0.058144663,-0.099761635,-0.108126536,-0.16927987,-0.1978925,7.852472,-0.13557838,-0.15105662,-0.1699837,-0.11658599,-0.16638812,-0.17212038,-0.1509206,-0.12124001,-0.13482675,-0.10621789,-0.1476927,-0.1936101,-0.18709216,-0.2175087,-0.16062094,-0.22338755,-0.19578919,-0.29867563,-0.29210672,-0.1955713,-0.107295804,-0.09162698,-0.13691942,-0.15438394,-0.23188588,-0.1921559,-0.14572611,-0.2026537,-0.18333986,-0.18279888,-0.19552416,-0.19559994,-0.20011355,-0.15516502,-0.12538764,-0.14290895,-0.09245075,-0.09602151,-0.1697937,-0.14123407,-0.13743341,-0.14612773,-0.12719077,-0.15037188,-0.2613474,-0.22333384,-0.18718703,-0.20047067,-0.14462805,-0.1483132,-0.13037813,-0.14186066,-0.1489209,-0.16238745,-0.14534819,-0.16278498,-0.15890858,-0.14998752,-0.14647448,-0.15626349,-0.15207236,-0.22480208,-0.120334074,-0.14081888,-0.11828072,-0.15944141,-0.1723364,-0.15487194,-0.16662037,-0.11139822,-0.1388583,-0.13027036,-0.12802514,-0.15152657,-0.14203528,-0.115245976,-0.10065024,-0.09110804,-0.10544188,-0.120166734,-0.13446596,-0.15027548,-0.15914151,-0.1185138,-0.11129953,-0.1578567,-0.17738779,-0.1324391,-0.1631971,0.8697267,-0.14799055,-0.1324574,-0.1410025,-0.15095688,-0.17780018,-0.1629421,-0.22917573,-0.09015879,-0.11043458,-0.1342732,-0.12910035,-0.13997786,-0.17257467,-0.13908121,-0.16057305,-0.12777606,-0.07092635,-0.03704006,-0.1369164,-0.16075723,-0.17720681,-0.14332479,-0.12334781,-0.13535833,-0.12023825,-0.13756436,-0.25318068,-0.26654312,-0.084257305,-0.10945694,-0.1432387,-0.09238048,-0.18616417,-0.18880388,-0.1524489,-0.09095123,-0.13230102,-0.14879632,-0.14951013,-0.15779653,-0.16919406,-0.18139943,-0.08878778,-0.12326746,-0.14050421,-0.10256614,-0.17951453,-0.19495486,-0.18876117,-0.100381516,-0.13113372,-0.080016434,-0.12721968,-0.19006202,-0.19143942,-0.18983571,-0.12286864,-0.07649883,-0.09745221,-0.11839123,-0.1359371,-0.12406494,-0.121451,-0.09493937,-0.097076,-0.10860509,-0.082459606,-0.11264673,-0.1316246,-0.16552427,-0.1410757,-0.13618442,-0.18093297,-0.17825818,-0.19234273,-0.1440328,-0.15549555,-0.13466427,-0.119081676,-0.14001076,-0.19117098,-0.18976939,-0.18006802,-0.19755594,-0.25103784,-0.20219928,-0.18881576,-0.18990263,-0.18093163,-0.17302266,2.4365146,-0.08916744,-0.11956477,-0.12802334,-0.15751183,-0.20931396,-0.18224281,-0.29657933,-0.32474133,-0.15373713,-0.3242122,-0.17325558,-0.17108874,-0.2185038,-0.17647925,-0.114121355,-0.13975921,-0.15388772,-0.15788373,-0.22984435,-0.18186735,-0.2528378,-0.104630515,-0.12455491,-0.13793865,-0.12382163,-0.15189947,-0.15369971,-0.15483785,-0.14014931,-0.15141064,-0.16146463,-0.15453178,-0.1524195,-0.1523513,-0.1335046,-0.12287018,-0.14557824,-0.18794064,-0.175442,-0.21025829,-0.3990198,-0.19920811,-0.1133655,-0.1296617,-0.11800811,-0.14698236,-0.16636807,-0.18443534,-0.18983202,-0.13153093,-0.07748948,-0.15172486,-0.13936481,-0.14106366,-0.1174975,-0.19987361,-0.1649412,-0.15826285,-0.14099394,-0.12334706,-0.12722544,-0.14610182,-0.2588673,-0.10752159,-0.13074079,-0.09132757,-0.12832497,-0.12851512,-0.14916441,-0.15058252,-0.09662482,-0.08910369,-0.12389827,-0.1107502,-0.13731581,-0.15003397,-0.16867852,-0.14221637,-0.11652297,-0.17239477,-0.15101996,-0.14154677,-0.12535396,-0.14055982,-0.17466888,-0.13176009,-0.13167502,-0.14484039,-0.1225921,-0.08722703,-0.05825615,-0.14268827,-0.17082691,-0.026243303,-0.16631748,5.797865,5.962941,-0.19537425,-0.14483881,-0.14331596,-0.14862512,-0.12963767,-0.25088155,-0.19195345,-0.18647096,-0.09509357,-0.109214276,-0.10702289,-0.093286574,-0.12759323,-0.15201527,-0.15746465,-0.1656829,-0.12812386,-0.0969081,-0.16398169,-0.14245011,-0.11335766,-0.18846886,-0.1706479,-0.15316804,-0.12533377,-0.115196005,-0.11258658,-0.11662802,-0.17412554,-0.13773331,-0.1336635,-0.096878245,-0.12077559,-0.09207149,-0.12434345,-0.13526541,-0.063823454,-0.13877153,-0.11419349,-0.13352625,-0.24483351,-0.2571875,-0.29957527,-0.1453717,-0.15562047,-0.13155547,-0.19104545,-0.0782174,-0.17073989,-0.16302735,-0.09859173,-0.11065883,-0.114460185,-0.076612435,-0.083404,-0.1213824,2.8014483,-0.13855581,-0.19385117,-0.09922814,-0.1547144,-0.19487974,-0.18954796,-0.18504593,-0.111319914,-0.14258566,-0.10281406,-0.15763775,-0.1919307,-0.17024475,-0.16799687,-0.14216764,-0.14173478,-0.10247509,-0.15222728,-0.1604712,-0.17964101,-0.19307426,-0.120853424,-0.14621907,-0.113845706,-0.08061085,-0.14223215,-0.20725825,-0.16000386,-0.125103,-0.15657571,-0.15690626,-0.14305848,-0.19202894,-0.16161059,-0.18004479,-0.2963242,-0.1979028,-0.17978317,-0.17096563,-0.1915921,-0.15670943,-0.14054683,-0.12996888,-0.12557748,-0.13771118,-0.16293141,1.0827372,-0.16599444,-0.17937893,-0.19115385,-0.11441202,-0.14950871,-0.14018232,-0.1765317,-0.16562156,-0.16311888,-0.14331086,-0.18237996,-0.12831348,-0.15234767,-0.13688906,-0.24156228,-0.17887677,-0.103497565,-0.13507646,-0.14090848,-0.17277755,-0.110604495,-0.1341679,-0.15070048,-0.15868986,-0.18086307,-0.15249248,-0.14809008,4.5017366,-0.17422459,-0.1624616,-0.14723541,-0.14623587,-0.11499533,-0.10471026,-0.13432188,-0.20148799,-0.1755174,-0.12513243,-0.165274,-0.18041904,-0.18738703,-0.11705899,-0.17365432,-0.25632256,-0.09306632,-0.09270051,-0.11495685,-0.13522846,-0.14703336,-0.09895929,-0.18686664
k__Bacteria|p__Firmicutes|c__Clostridia|o__Eubacteriales|f__Lachnospiraceae|g__Roseburia|s__Roseburia_inulinivorans,-0.1004395,-0.12316422,-0.14071822,-0.20428483,-0.16515902,-0.19104943,-0.1666669,-0.14391792,-0.12445125,-0.18102786,-0.18019028,-0.2219078,-0.16838022,-0.20160434,-0.1037385,-0.10007481,-0.058144663,-0.1003489,-0.10807145,-0.16909537,-0.1978925,-0.12536043,-0.13562644,-0.15116842,-0.16976452,-0.11658599,-0.16564083,-0.17205408,-0.1509206,-0.12124001,-0.1344813,-0.10615234,-0.14728892,-0.193062,-0.18710473,-0.2175087,-0.15913811,-0.22338755,-0.19447923,5.851483,1.2645912,-0.19598177,-0.10772685,-0.09162698,-0.13691942,-0.15367398,-0.23188588,-0.19127618,-0.1457555,-0.2026537,-0.18056674,-0.18279888,-0.19398904,-0.19568658,-0.20088911,-0.15680376,-0.12555075,-0.14306107,-0.09310853,-0.09645527,-0.16950539,-0.14154857,-0.13743341,-0.14594343,-0.12719077,-0.1500397,-0.2613474,-0.22333384,-0.18627274,-0.20047067,-0.14481261,-0.14815497,-0.13043976,-0.14194028,-0.14991784,-0.16235057,-0.14562297,-0.16278498,-0.15750626,-0.14998752,-0.14625269,-0.1556212,-0.15205999,-0.22480208,-0.120334074,-0.1407373,-0.11831464,-0.15955791,-0.17211832,-0.15420273,-0.16630262,-0.11139822,-0.1388583,-0.13027036,-0.12835273,-0.15152657,-0.14161952,-0.11544132,-0.10065024,-0.091345124,-0.10605699,-0.12057866,-0.13461712,-0.15027548,-0.15902068,-0.1185138,-0.11129953,-0.1578567,-0.17738779,-0.13297352,-0.16228381,-0.25953975,-0.14752905,-0.13203534,-0.1407688,-0.15095688,-0.17780018,-0.16194879,-0.22917573,-0.09015879,-0.11022261,-0.1340714,-0.12926987,-0.13997786,-0.17172684,-0.13908121,-0.16057305,-0.12777606,-0.07092635,-0.03704006,-0.13644655,-0.16085128,-0.17673247,-0.14332479,-0.12334781,-0.1350233,-0.12023825,-0.13780035,-0.25318068,-0.26654312,-0.08483667,-0.10945694,-0.14389694,-0.09238048,-0.1854517,-0.18779317,-0.15194319,-0.09141028,-0.13230102,-0.14843574,-0.14913282,-0.15754485,-0.16878872,-0.18191642,-0.08907619,-0.12350421,-0.14032558,-0.10256614,-0.17951453,-0.19495486,-0.18887264,-0.10075971,-0.13113372,-0.0811082,-0.12783384,-0.19006202,-0.19089669,-0.18927307,-0.12329398,-0.07689453,-0.09792319,-0.118479714,-0.13594264,-0.12406494,-0.121451,-0.09541154,-0.09743744,-0.108968586,-0.082459606,-0.11307729,-0.13200718,-0.1655527,-0.1410757,-0.13557568,-0.18093297,-0.17825818,-0.19170322,-0.14402787,-0.15549555,-0.13496348,-0.119081676,-0.14001076,-0.19117098,-0.18866035,-0.17896432,-0.19755594,-0.25103784,-0.20219928,-0.18763065,-0.18840295,-0.18031293,-0.17202242,-0.27554205,-0.08916744,-0.11956477,-0.12749779,-0.15751183,-0.20931396,-0.18224281,-0.29657933,-0.32474133,-0.15128326,-0.3242122,-0.17325558,-0.17108874,-0.2185038,-0.17647925,-0.114121355,-0.13898349,-0.15388772,-0.15788373,-0.22984435,-0.18186735,-0.25182253,-0.10492428,-0.12455491,-0.13774559,-0.124080844,-0.15189947,-0.1540012,-0.15509441,-0.14014931,-0.15141064,-0.16162707,-0.15387142,-0.15226331,-0.15186328,-0.13351257,-0.122846976,-0.14512473,-0.1877146,-0.17486924,-0.21025829,4.2692943,-0.20048156,-0.11361289,-0.1296617,-0.11847802,-0.14695778,-0.16636807,-0.18426916,-0.18918471,-0.13112678,-0.07829918,-0.1520881,-0.13917938,-0.14106366,-0.117877305,-0.19987361,-0.1649412,-0.15695457,-0.14075005,-0.12342572,-0.12722544,-0.14610182,-0.2588673,-0.107742995,-0.13074079,-0.09132757,-0.12832497,-0.1289491,-0.14873895,-0.15081829,-0.097126774,-0.08910369,-0.124232486,-0.11094358,-0.13727213,-0.14971572,-0.1688222,-0.14205867,-0.11643755,-0.17190163,-0.15066485,-0.14162056,-0.12513444,-0.14101562,-0.17466888,-0.13176009,-0.1318953,-0.1447215,-0.122921176,-0.08722703,-0.05825615,-0.14252523,-0.17082691,-0.026243303,-0.16488332,4.963429,4.220731,-0.19581157,-0.14474785,-0.14331596,-0.14862512,-0.12963767,-0.25088155,-0.19138229,-0.18632403,-0.095595956,-0.10960626,-0.10702289,-0.09489192,-0.12759323,-0.1517444,2.099102,-0.1651734,-0.12812386,-0.0969081,-0.16398169,-0.14304727,-0.11335766,-0.18846886,-0.1706479,-0.15263502,-0.1255195,-0.115196005,-0.11321329,-0.11662802,-0.17412744,-0.1378228,-0.1339782,-0.096878245,-0.12101964,-0.092834815,-0.12434345,-0.13521384,-0.063823454,-0.13877153,-0.11419349,-0.13337779,-0.24483351,-0.2571875,-0.29957527,-0.14522274,-0.15536046,-0.13181698,-0.19104545,-0.0782174,-0.17052867,-0.16268295,-0.09859173,-0.11065883,-0.11471191,-0.076612435,-0.083404,-0.1213824,-0.13072303,-0.13855581,-0.19385117,-0.09999229,-0.15431413,-0.19487974,-0.18852746,-0.18470795,-0.11163374,-0.14213318,-0.10363117,-0.15787429,-0.19134794,-0.17107487,-0.16729122,-0.14196974,-0.14168197,-0.102254525,-0.15205544,-0.15984225,-0.1786403,-0.19229995,-0.12124907,-0.14628011,-0.11373953,-0.08127518,-0.14231741,-0.20725825,-0.1594254,-0.125103,-0.15657571,-0.15690626,-0.14254852,-0.19202894,-0.16111222,-0.18001659,-0.2963242,-0.19518226,-0.17885175,-0.16977984,-0.19052492,-0.15609936,-0.14054683,-0.13003018,-0.12557748,-0.13768677,-0.16213785,-0.30584824,-0.16489404,-0.17913999,-0.19003627,-0.11441202,-0.14963731,-0.13985437,-0.1758999,-0.16518827,-0.16305792,7.879286,2.195654,-0.12785211,-0.15187767,-0.13678521,-0.24156228,-0.17739765,-0.10387619,-0.13451315,-0.1412319,-0.17261264,-0.11072032,-0.13404325,-0.15107246,-0.15842223,-0.17941721,-0.15314837,-0.14828643,-0.19184028,-0.17349228,-0.16261163,-0.14723541,1.0870355,-0.11499533,-0.10471026,-0.13463941,-0.20148799,-0.17524672,-0.12513243,-0.16352808,-0.18041904,-0.18738703,-0.11705899,-0.17458287,-0.2547055,-0.09352997,-0.093221925,-0.11491944,-0.13547955,-0.14705396,-0.09932545,-0.18659666
k__Bacteria|p__Firmicutes|c__Clostridia|o__Eubacteriales|f__Clostridiaceae|g__Clostridium|s__Clostridium_cadaveris,-0.1004395,-0.12316422,-0.1419383,-0.20428483,-0.16671154,-0.19259422,-0.1666669,-0.14475365,-0.12550509,-0.18281397,-0.18338248,-0.22286463,-0.16969727,-0.20351362,-0.10323569,-0.09960249,-0.058144663,-0.09947832,-0.10815512,-0.17007166,-0.1978925,-0.12536043,-0.13598081,-0.15151665,-0.17078267,-0.11658599,-0.16711104,-0.17283553,-0.1509206,-0.12124001,-0.13511503,-0.106229424,-0.14828862,-0.19480968,-0.1880918,-0.2175087,-0.16090202,-0.22338755,-0.19665946,-0.29867563,-0.29210672,-0.19682954,-0.10716853,-0.09162698,-0.13691942,-0.15487999,-0.23188588,-0.19301088,-0.14624074,-0.2026537,-0.18386386,-0.18279888,-0.19660333,-0.19749221,-0.2012133,-0.1565807,-0.12551218,-0.14330658,-0.092206195,-0.09584579,-0.17047857,-0.14164892,-0.13743341,-0.14659548,-0.12719077,-0.15137768,-0.2613474,-0.22333384,-0.18800068,-0.20047067,-0.14497975,-0.14882152,-0.13062751,-0.14237446,-0.14941931,-0.1628346,-0.14579937,-0.16278498,-0.15949744,-0.14998752,-0.1468933,-0.15693717,-0.15269434,-0.22480208,-0.120334074,-0.14132605,-0.11841586,-0.15996504,-0.1730671,-0.15558927,-0.1673826,-0.11139822,1.0976692,-0.13027036,-0.12835762,-0.15152657,-0.14248833,-0.11541851,-0.10065024,-0.09100768,-0.10545175,-0.120250165,-0.13469857,-0.15027548,-0.15965693,-0.1185138,-0.11129953,-0.1578567,-0.17738779,-0.13313895,-0.16400802,1.1868769,-0.14854512,-0.1329482,-0.14154494,-0.15095688,-0.17780018,-0.16365968,-0.22917573,-0.09015879,-0.110585734,-0.13465355,-0.12949377,-0.13997786,-0.17343602,-0.13908121,-0.16057305,-0.12777606,-0.07092635,-0.03704006,-0.13718072,-0.16137087,-0.17803124,-0.14332479,-0.12334781,-0.13592598,-0.12023825,-0.13790634,-0.25318068,-0.26654312,-0.08382279,-0.10945694,-0.1437318,-0.09238048,-0.1872496,-0.18953261,-0.15301134,-0.09058565,-0.13230102,-0.1494104,-0.15007734,-0.15842724,-0.16988912,-0.18214995,-0.088363186,-0.1234783,-0.14087366,-0.10256614,-0.17951453,-0.19495486,-0.18976802,-0.100204326,-0.13113372,-0.07978532,-0.12772799,1.3550223,-0.19225869,-0.19080146,-0.122890815,-0.07590187,-0.09731846,-0.11867951,-0.13638815,-0.12406494,-0.121451,-0.09469734,-0.09707753,-0.10866157,-0.082459606,-0.11292672,-0.13199744,-0.16614656,-0.1410757,-0.136569,-0.18093297,-0.17825818,-0.19346398,-0.14445423,-0.15549555,-0.13499811,-0.119081676,-0.14001076,-0.19117098,-0.1905475,-0.18101037,-0.19755594,-0.25103784,-0.20219928,-0.18975197,-0.1907371,-0.1820746,-0.17386758,-0.27554205,-0.08916744,-0.11956477,-0.1283877,-0.15751183,-0.20931396,-0.18224281,-0.29657933,-0.32474133,-0.15586677,-0.3242122,-0.17325558,-0.17108874,-0.2185038,-0.17647925,-0.114121355,-0.14018089,-0.15388772,-0.15788373,-0.22984435,-0.18186735,-0.2555625,-0.1045412,-0.12455491,-0.13838822,-0.124003306,-0.15189947,-0.15406486,-0.15519121,-0.14014931,-0.15141064,-0.1619875,-0.15498295,-0.15297182,-0.15293008,-0.13395968,-0.12309508,-0.1463908,-0.1891391,-0.176393,-0.21025829,-0.3990198,-0.20264554,-0.11350942,-0.1296617,-0.118299924,-0.14763945,-0.16636807,-0.18536514,-0.19084358,-0.13180016,-0.07717542,-0.15226448,-0.13970208,-0.14106366,-0.11767787,-0.19987361,-0.1649412,-0.15886372,-0.1415438,-0.12365217,-0.12722544,-0.14610182,2.9943225,-0.10750061,-0.13074079,-0.09132757,-0.12832497,-0.12875749,-0.14952564,-0.15093522,-0.09639928,-0.08910369,-0.1241796,-0.11072995,-0.13776949,-0.15053111,-0.16940987,-0.14256051,-0.11674379,-0.17324835,-0.1515845,-0.14196017,-0.12550735,-0.1413024,2.6986327,3.99689,-0.13209102,-0.14537963,-0.12264591,-0.08722703,-0.05825615,-0.14312448,-0.17082691,-0.026243303,-0.16692233,-0.2829064,-0.31316653,-0.19764169,-0.14528298,-0.14331596,-0.14862512,5.1854815,2.303939,-0.19269489,-0.18739638,-0.09487244,-0.109284855,-0.10702289,-0.09332325,-0.12759323,-0.1528369,-0.15746465,-0.16647002,-0.12812386,-0.0969081,-0.16398169,-0.14271542,-0.11335766,-0.18846886,-0.1706479,-0.15367143,-0.12550169,-0.115196005,-0.11285435,-0.11662802,-0.17508256,-0.13800472,-0.1339269,-0.096878245,-0.12107615,-0.09186257,-0.12434345,-0.13560611,-0.063823454,-0.13877153,-0.11419349,-0.13372284,-0.24483351,-0.2571875,-0.29957527,-0.1458224,-0.1562949,-0.13187563,-0.19104545,-0.0782174,-0.1716549,-0.16369587,-0.09859173,-0.11065883,-0.11448591,-0.076612435,-0.083404,-0.1213824,-0.13072303,-0.13855581,-0.19385117,-0.0988937,-0.15527761,-0.19487974,-0.19049957,-0.18604988,-0.11125781,-0.14294055,-0.10283035,-0.15811469,-0.19330612,-0.17141332,-0.16868941,-0.14251886,-0.14217606,-0.10253756,-0.15291324,-0.16121185,-0.18069184,-0.19430114,-0.12098408,-0.14669383,-0.114106745,-0.08060138,-0.14259706,-0.20725825,-0.16025247,-0.125103,-0.15657571,-0.15690626,-0.14368929,-0.19202894,-0.16211574,-0.18084131,1.1773036,-0.19907282,-0.18110874,-0.17173779,-0.19258565,-0.15738684,-0.14054683,-0.13017127,-0.12557748,-0.13811871,-0.16349867,7.1471424,-0.166605,-0.18011722,-0.1921888,-0.11441202,-0.15007828,-0.1405721,-0.17740539,-0.16615202,-0.163875,-0.14331086,-0.18237996,-0.12868103,-0.153366,-0.13738659,-0.24156228,-0.17949833,-0.10331632,-0.13543782,-0.14127614,-0.17335352,-0.110647574,-0.13449217,-0.15117298,-0.15921432,-0.18165442,-0.1530987,-0.14839037,-0.19184028,-0.1747646,-0.16304092,-0.14723541,4.0716214,4.8946652,4.420743,-0.1348859,-0.20148799,-0.17599863,-0.12513243,-0.16648933,-0.18041904,-0.18738703,-0.11705899,-0.17459002,-0.25810897,-0.092800334,-0.09254791,-0.11503595,-0.13569191,-0.14755788,-0.09895167,-0.18778732
k__Bacteria|p__Firmicutes|c__Erysipelotrichia|o__Erysipelotrichales|f__Turicibacteraceae|g__Turicibacter|s__Turicibacter_bilis,-0.1004395,-0.12316422,-0.141236,-0.20428483,-0.16627692,-0.19324607,2.3114045,-0.14504632,-0.12436052,-0.18334813,-0.1827764,-0.23177889,-0.16905579,-0.2069439,-0.10313699,-0.09954892,-0.058144663,-0.10002031,-0.107478045,-0.17057006,-0.1978925,-0.12536043,-0.13618293,-0.15235828,-0.17144111,-0.11658599,-0.1666919,-0.17392695,-0.1509206,-0.12124001,-0.1347034,-0.105390884,-0.1479469,-0.19592674,-0.18914336,-0.2175087,-0.16007695,-0.22338755,-0.19706954,-0.29867563,1.4783756,-0.19866177,-0.107203506,-0.09162698,-0.13691942,-0.15460455,-0.23188588,-0.19339333,-0.1463615,-0.2026537,-0.18252212,-0.18279888,-0.19747524,-0.19943607,-0.20603879,-0.15833393,-0.12568158,-0.14379036,-0.092122756,-0.09561272,-0.170977,-0.14234775,-0.13743341,-0.14680581,-0.12719077,-0.15069184,-0.2613474,2.0823064,-0.18847127,-0.20047067,-0.14580314,-0.14908364,-0.13066895,-0.14280239,-0.1512028,-0.16427243,-0.14658287,-0.16278498,-0.15873194,-0.14998752,-0.14685938,-0.15672994,-0.15303391,-0.22480208,-0.120334074,-0.14129823,-0.118153065,-0.16093177,-0.17404625,-0.15528637,-0.16793671,-0.11139822,-0.1388583,-0.13027036,-0.12848906,-0.15152657,-0.14184824,-0.11544719,-0.10065024,-0.09031109,-0.10547651,-0.12050691,-0.134855,-0.15027548,-0.16014823,-0.1185138,-0.11129953,-0.1578567,-0.17738779,-0.1340859,-0.16345507,-0.25953975,-0.14835371,-0.13222462,-0.14162321,-0.15095688,-0.17780018,-0.16303602,-0.22917573,-0.09015879,-0.10974419,-0.13451484,-0.12969255,-0.13997786,-0.17326197,-0.13908121,-0.16057305,-0.12777606,-0.07092635,-0.03704006,-0.13681382,-0.16186123,-0.17873403,-0.14332479,-0.12334781,-0.1352289,-0.12023825,-0.13824949,-0.25318068,-0.26654312,-0.0833413,-0.10945694,-0.14458863,-0.09238048,-0.18715726,-0.1900273,-0.15255074,-0.09011683,-0.13230102,-0.1491924,-0.15007225,-0.15881404,-0.17026624,-0.18379879,-0.08762292,-0.12394427,-0.14127424,-0.10256614,1.1345528,-0.19495486,-0.19140501,-0.10007241,-0.13113372,-0.08026989,-0.12788369,-0.19006202,-0.19321148,-0.19152257,-0.12356818,-0.075087525,-0.09714456,-0.11846874,-0.13639386,-0.12406494,-0.121451,-0.0946168,-0.09662723,-0.1083773,-0.082459606,-0.11287485,-0.13211557,-0.16706999,-0.1410757,-0.13582674,-0.18093297,-0.17825818,-0.19405687,-0.14450537,-0.15549555,-0.13553107,-0.119081676,-0.14001076,-0.19117098,-0.19097579,-0.18095556,-0.19755594,-0.25103784,-0.20219928,-0.1891383,-0.19040829,-0.18215981,-0.17331645,-0.27554205,-0.08916744,-0.11956477,-0.12717989,-0.15751183,-0.20931396,-0.18224281,-0.29657933,-0.32474133,-0.15072224,-0.3242122,-0.17325558,-0.17108874,-0.2185038,-0.17647925,-0.114121355,-0.13931015,-0.15388772,-0.15788373,-0.22984435,-0.18186735,-0.25882006,-0.10432117,-0.12455491,-0.13817531,-0.12395868,-0.15189947,-0.1550163,-0.15622672,-0.14014931,-0.15141064,-0.1630998,-0.15484536,-0.15333267,-0.152849,-0.13378254,-0.1227322,-0.14579752,-0.19021752,-0.17687283,-0.21025829,-0.3990198,-0.20324366,-0.1133662,-0.1296617,-0.11876413,-0.14772558,-0.16636807,-0.18653351,-0.19124246,-0.1312376,-0.076386556,-0.15310486,-0.13933685,-0.14106366,-0.118083574,-0.19987361,-0.1649412,-0.15784425,-0.14131941,-0.12348913,-0.12722544,-0.14610182,-0.2588673,-0.10715668,-0.13074079,-0.09132757,-0.12832497,-0.12907267,-0.1492805,-0.15175352,-0.09628385,-0.08910369,-0.1242463,-0.11031613,-0.13762549,-0.15040132,-0.17037795,-0.14272913,-0.11583127,-0.17371881,-0.15149385,-0.14226753,-0.12519556,-0.14211726,-0.17466888,-0.13176009,-0.13196582,-0.14570618,-0.122937836,-0.08722703,-0.05825615,-0.14334077,-0.17082691,-0.026243303,-0.16596423,-0.2829064,-0.31316653,-0.19839111,-0.14551148,-0.14331596,-0.14862512,-0.12963767,2.2065368,-0.19386825,-0.18843845,-0.09442505,-0.10928936,-0.10702289,-0.094343066,-0.12759323,-0.15253106,-0.15746465,-0.16695887,-0.12812386,-0.0969081,-0.16398169,-0.1437327,-0.11335766,-0.18846886,-0.1706479,-0.15356949,-0.12560685,-0.115196005,-0.113034844,-0.11662802,-0.17588484,-0.13842458,-0.13445166,-0.096878245,-0.12116212,-0.09170973,-0.12434345,-0.13554034,-0.063823454,-0.13877153,-0.11419349,-0.13353917,1.1889611,-0.2571875,-0.29957527,-0.14610747,-0.15656595,-0.13212273,1.0167316,-0.0782174,-0.17219096,-0.16423142,-0.09859173,-0.11065883,-0.114405185,-0.076612435,-0.083404,-0.1213824,-0.13072303,-0.13855581,-0.19385117,-0.09917656,-0.15537855,-0.19487974,-0.19046491,-0.18675,-0.11105581,-0.14266378,-0.102912515,-0.15937434,-0.19392475,-0.17344597,-0.16863357,-0.14259806,-0.14246988,-0.10144081,-0.15306114,-0.16123244,-0.18038207,-0.19505498,-0.12112543,-0.14735705,-0.1133959,-0.07984707,-0.14306298,-0.20725825,-0.16037886,-0.125103,-0.15657571,-0.15690626,-0.14321657,-0.19202894,-0.16209298,-0.18177995,-0.2963242,-0.19685975,-0.18063813,-0.17107144,-0.19258966,-0.15729128,-0.14054683,-0.13014199,-0.12557748,-0.13806729,-0.16278367,-0.30584824,-0.16593093,-0.1810532,-0.19208467,-0.11441202,-0.15047738,-0.1402428,-0.17762756,-0.16665702,-0.1643382,-0.14331086,-0.18237996,-0.12782183,-0.15307707,-0.13751996,0.8242617,-0.17851546,-0.1031248,-0.13473716,-0.1419121,-0.17444412,-0.10990516,-0.13423523,-0.1523771,-0.15998587,-0.1810067,-0.15431935,-0.14905602,-0.19184028,-0.17483899,-0.16409913,-0.14723541,-0.14623587,-0.11499533,-0.10471026,-0.13491434,-0.20148799,-0.17679967,-0.12513243,-0.16477676,-0.18041904,-0.18738703,-0.11705899,-0.17682052,-0.25944138,-0.092479005,-0.09217706,-0.114457324,-0.13601226,-0.14796111,-0.09826361,-0.18885352
k__Bacteria|p__Firmicutes|c__Erysipelotrichia|o__Erysipelotrichales|f__Erysipelotrichaceae|g__Erysipelatoclostridium|s__Clostridium_spiroforme,-0.1004395,-0.12316422,-0.14159901,-0.20428483,-0.16633965,-0.19251361,-0.1666669,-0.14479658,-0.12532699,-0.1827774,-0.18201521,-0.2201015,-0.1684164,-0.20123592,-0.10342808,-0.09938733,-0.058144663,-0.10010078,-0.10809402,-0.17048435,-0.1978925,-0.12536043,-0.13636214,-0.15203248,-0.17061232,-0.11658599,-0.1669961,-0.1733346,-0.1509206,-0.12124001,-0.13517775,-0.10592522,-0.1481863,-0.19412702,-0.18808377,-0.2175087,-0.1606856,-0.22338755,-0.1955834,-0.29867563,-0.29210672,-0.19663578,-0.10751036,-0.09162698,-0.13691942,-0.15467396,4.817965,-0.19267407,-0.14643377,-0.2026537,-0.18318021,-0.18279888,-0.19551766,-0.1965155,-0.2006164,-0.15713681,-0.12580898,-0.14352092,-0.09297192,-0.096170396,-0.1706316,-0.14228751,-0.13743341,-0.14667583,-0.12719077,-0.15113902,-0.2613474,3.87211,-0.18785824,-0.20047067,-0.14542621,-0.14890338,-0.13067037,-0.14241555,-0.15033093,-0.1634302,-0.14644182,-0.16278498,-0.15890197,-0.14998752,-0.14697137,-0.15662476,-0.15306988,-0.22480208,-0.120334074,-0.14135861,-0.11859442,-0.1605061,-0.17336494,-0.15532587,-0.16750419,-0.11139822,-0.1388583,-0.13027036,-0.12878624,-0.15152657,-0.14269121,-0.11582358,-0.10065024,-0.09101704,-0.105800346,-0.1206248,-0.13495165,-0.15027548,-0.1599201,-0.1185138,-0.11129953,-0.1578567,-0.17738779,-0.13347799,-0.1635744,-0.25953975,-0.14849253,-0.13262807,-0.14128083,-0.15095688,-0.17780018,-0.16336337,1.0425222,-0.09015879,-0.11069651,-0.13470662,-0.12956358,-0.13997786,-0.17299283,-0.13908121,-0.16057305,-0.12777606,-0.07092635,-0.03704006,-0.13707642,-0.16172032,-0.17810431,-0.14332479,-0.12334781,-0.13567385,-0.12023825,-0.13796802,-0.25318068,-0.26654312,-0.0842203,-0.10945694,-0.14411815,-0.09238048,-0.18694824,-0.18903348,-0.15246683,-0.09094982,-0.13230102,-0.14934549,-0.1500027,-0.15847684,-0.16991845,-0.18276928,-0.08853599,-0.12390594,-0.14073518,-0.10256614,-0.17951453,-0.19495486,-0.1899329,-0.10064295,-0.13113372,-0.080033585,-0.127839,-0.19006202,-0.19204703,-0.19049262,-0.123648986,-0.0761272,-0.09756636,-0.11857815,-0.1363773,-0.12406494,-0.121451,-0.09499803,-0.097008415,-0.108739674,-0.082459606,-0.112971544,-0.13222024,-0.16650942,-0.1410757,-0.13642386,-0.18093297,-0.17825818,-0.19277966,-0.14450072,-0.15549555,-0.1353866,-0.119081676,-0.14001076,-0.19117098,-0.18982239,-0.18065803,-0.19755594,-0.25103784,-0.20219928,-0.1894341,-0.19007844,-0.18162763,-0.17322505,-0.27554205,-0.08916744,-0.11956477,-0.12810314,-0.15751183,-0.20931396,-0.18224281,-0.29657933,-0.32474133,-0.1534156,-0.3242122,-0.17325558,-0.17108874,-0.2185038,-0.17647925,-0.114121355,-0.13981342,-0.15388772,-0.15788373,-0.22984435,-0.18186735,-0.25175598,-0.10477404,-0.12455491,-0.13841185,-0.1243415,-0.15189947,-0.1545996,-0.15583813,-0.14014931,-0.15141064,-0.16256857,-0.1549474,-0.15320358,-0.1526902,-0.13374582,-0.12322366,-0.14630154,-0.18908207,-0.17640501,4.2684464,-0.3990198,-0.20142286,-0.11368658,-0.1296617,-0.118572116,-0.14770818,-0.16636807,-0.18563402,-0.19057323,-0.13174528,-0.07742968,-0.15274546,-0.13961622,-0.14106366,-0.1188726,-0.19987361,-0.1649412,-0.1583382,-0.14133692,-0.123530194,-0.12722544,-0.14610182,-0.2588673,-0.10772236,-0.13074079,-0.09132757,-0.12832497,-0.12924312,-0.1495599,-0.15149337,-0.09678018,-0.08910369,-0.124375395,-0.110779755,-0.13783276,-0.15053645,-0.16964826,-0.14279065,-0.11682868,-0.1731624,-0.15159792,-0.1421544,-0.12534231,-0.14196247,-0.17466888,-0.13176009,-0.13230953,-0.1453873,-0.12292219,-0.08722703,-0.05825615,-0.14327556,-0.17082691,-0.026243303,-0.16631398,3.0753367,4.2259846,-0.19708821,-0.1454716,-0.14331596,-0.14862512,-0.12963767,-0.25088155,-0.19250429,-0.18757783,-0.0952328,-0.109598294,-0.10702289,-0.094094045,-0.12759323,-0.15284345,-0.15746465,-0.16641717,-0.12812386,-0.0969081,-0.16398169,-0.14344491,-0.11335766,-0.18846886,-0.1706479,-0.15356694,-0.12583199,-0.115196005,-0.11316191,-0.11662802,-0.1752,-0.13836783,-0.13408977,-0.096878245,-0.12103689,-0.09231478,-0.12434345,-0.13596943,-0.063823454,-0.13877153,-0.11419349,-0.1337134,-0.24483351,-0.2571875,-0.29957527,-0.14592636,-0.1561841,-0.13222866,-0.19104545,-0.0782174,-0.17161629,-0.16361189,-0.09859173,-0.11065883,-0.11505947,-0.076612435,-0.083404,-0.1213824,-0.13072303,-0.13855581,-0.19385117,-0.099416286,-0.155456,-0.19487974,-0.19014704,-0.18585184,-0.111663565,-0.1427017,-0.10353234,-0.1587663,-0.19295397,-0.17220351,-0.16813004,-0.14263228,-0.14221059,-0.102288246,-0.15289825,-0.16106246,-0.18013462,-0.19353685,-0.12141298,-0.14696547,-0.1141659,-0.08089422,-0.14306068,-0.20725825,-0.16041747,-0.125103,-0.15657571,-0.15690626,-0.14349595,-0.19202894,-0.1622286,-0.18113458,-0.2963242,-0.19646966,-0.18013163,-0.1707439,-0.19172166,-0.15694928,-0.14054683,-0.13034752,-0.12557748,-0.138194,-0.16283041,-0.30584824,-0.1664405,-0.1798779,-0.19164456,-0.11441202,-0.15022911,-0.14046994,-0.17736165,-0.16627046,-0.16396628,-0.14331086,-0.18237996,-0.12858109,-0.15293282,-0.1373865,-0.24156228,-0.17870799,-0.103669986,-0.1352345,-0.14173937,-0.1736043,-0.11071126,-0.1345833,-0.15175796,-0.15933958,-0.18096046,-0.15369314,-0.14879996,-0.19184028,-0.17472503,-0.1636264,-0.14723541,-0.14623587,-0.11499533,-0.10471026,-0.13510445,-0.20148799,-0.17631112,-0.12513243,-0.16517761,-0.18041904,-0.18738703,-0.11705899,-0.17551981,-0.25558397,-0.09311725,-0.092830636,-0.11502455,-0.135871,-0.14754415,-0.09901935,-0.18780583
k__Bacteria|p__Firmicutes|c__Clostridia|o__Eubacteriales|f__Oscillospiraceae|g__Ruthenibacterium|s__Ruthenibacterium_lactatiformans,-0.1004395,-0.12316422,-0.14112607,-0.20428483,-0.16533512,-0.19252881,-0.1666669,-0.14481957,-0.1243372,-0.18293908,-0.181496,-0.23396616,-0.1693796,-0.20655346,-0.103705764,-0.10044582,-0.058144663,-0.10067797,-0.10782631,-0.17011039,0.66124225,-0.12536043,-0.13623759,-0.15216827,-0.17110738,-0.11658599,-0.16594358,-0.17349595,-0.1509206,-0.12124001,-0.1344457,-0.10595117,-0.1475811,-0.19559091,-0.18862161,-0.2175087,-0.15933287,-0.22338755,-0.19612387,-0.29867563,-0.29210672,-0.19825241,-0.10776895,-0.09162698,-0.13691942,-0.1541371,-0.23188588,-0.19234216,-0.14627022,-0.2026537,-0.18083757,-0.18279888,-0.19685,-0.19959866,-0.20685625,-0.15878214,-0.1259354,-0.14379954,-0.09286073,-0.096438125,-0.170513,-0.1423125,-0.13743341,-0.14659572,-0.12719077,-0.15030834,-0.2613474,-0.22333384,-0.18744779,-0.20047067,-0.14582579,-0.14892018,-0.13090691,-0.14291343,-0.1515449,-0.1641096,-0.14651063,-0.16278498,-0.15797552,-0.14998752,-0.1466187,-0.15628946,-0.15283711,-0.22480208,-0.120334074,-0.14114106,-0.11848113,-0.16071564,-0.17363568,-0.1547397,-0.16732351,-0.11139822,-0.1388583,-0.13027036,-0.1286885,-0.15152657,-0.14139557,-0.11588937,-0.10065024,-0.09112145,-0.106205225,-0.12100113,-0.13493237,-0.15027548,-0.15979376,-0.1185138,-0.11129953,-0.1578567,-0.17738779,-0.13453163,-0.16293931,-0.25953975,-0.14804387,-0.13213922,-0.14157575,-0.15095688,-0.17780018,-0.16220823,-0.22917573,-0.09015879,-0.109834686,-0.13443097,-0.13000295,-0.13997786,-0.17241108,-0.13908121,-0.16057305,-0.12777606,-0.07092635,-0.03704006,-0.13653943,-0.16149634,-0.17804006,-0.14332479,-0.12334781,-0.13494082,-0.12023825,-0.13833156,-0.25318068,-0.26654312,-0.08419423,-0.10945694,-0.14467469,-0.09238048,-0.18611977,-0.1890907,-0.15210578,-0.09084427,-0.13230102,-0.14884332,-0.14983368,-0.15862109,-0.16984108,-0.1834918,-0.088334605,-0.12432952,-0.14114037,-0.10256614,-0.17951453,-0.19495486,-0.19104622,-0.10067622,-0.13113372,-0.081747524,-0.12826623,-0.19006202,-0.19259201,-0.19064184,-0.12374619,-0.07607014,-0.09790954,-0.118864805,-0.13637814,-0.12406494,-0.121451,-0.09537768,-0.097269654,-0.10880329,-0.082459606,-0.11339252,-0.13219044,-0.16666777,-0.1410757,-0.1356436,-0.18093297,-0.17825818,-0.19334745,-0.14438596,-0.15549555,-0.13574608,-0.119081676,-0.14001076,-0.19117098,-0.19011453,-0.18014726,-0.19755594,-0.25103784,-0.20219928,-0.18776089,-0.18928878,-0.18147948,-0.17243429,-0.27554205,-0.08916744,-0.11956477,-0.12682189,-0.15751183,-0.20931396,-0.18224281,-0.29657933,-0.32474133,-0.14806426,-0.3242122,-0.17325558,-0.17108874,-0.2185038,-0.17647925,-0.114121355,-0.13897966,-0.15388772,-0.15788373,-0.22984435,-0.18186735,-0.25927043,-0.10485083,-0.12455491,-0.13803129,-0.12425509,-0.15189947,-0.15482381,-0.156073,-0.14014931,-0.15141064,-0.1629318,-0.1543884,-0.15308742,-0.15238783,-0.13392618,-0.122938536,-0.14563383,-0.18974426,-0.17616695,-0.21025829,6.334466,-0.20332548,-0.11369944,-0.1296617,-0.11933297,-0.1475731,-0.16636807,-0.18577358,-0.19041465,-0.13087423,-0.07764159,-0.15309557,-0.1391663,-0.14106366,-0.118288055,-0.19987361,-0.1649412,-0.15690954,-0.14110681,-0.123673886,-0.12722544,-0.14610182,-0.2588673,-0.10752709,-0.13074079,-0.09132757,-0.12832497,-0.12936291,-0.14874853,-0.15165469,-0.09698826,-0.08910369,-0.124491185,-0.110701874,-0.13754557,-0.15000458,-0.17012167,-0.14253882,-0.115907595,-0.17296237,-0.15107553,-0.14218812,-0.125281,-0.14213996,-0.17466888,-0.13176009,-0.1321042,-0.14553405,-0.12332702,-0.08722703,-0.05825615,-0.14306328,-0.17082691,-0.026243303,-0.16462901,-0.2829064,2.0361915,-0.19801137,-0.14539051,-0.14331596,-0.14862512,-0.12963767,-0.25088155,-0.1932765,-0.18780027,-0.095060214,-0.10988498,-0.10702289,-0.09584321,-0.12759323,-0.15202013,-0.15746465,-0.16666505,-0.12812386,-0.0969081,-0.16398169,-0.14386135,-0.11335766,-0.18846886,-0.1706479,-0.15317431,-0.12587962,-0.115196005,-0.113725334,-0.11662802,-0.17535105,-0.13852781,-0.13468415,-0.096878245,-0.12156713,-0.09259583,-0.12434345,-0.13532531,-0.063823454,-0.13877153,-0.11419349,-0.13343206,-0.24483351,-0.2571875,-0.29957527,-0.145974,-0.15632181,-0.13244869,-0.19104545,-0.0782174,-0.17166704,-0.1638653,-0.09859173,-0.11065883,-0.11452039,-0.076612435,-0.083404,-0.1213824,-0.13072303,-0.13855581,-0.19385117,-0.10005063,-0.15492807,-0.19487974,-0.18954791,-0.18618634,-0.11145635,-0.1422331,-0.10371363,-0.15936294,-0.19347385,-0.17340502,-0.16782504,-0.14243084,-0.14248306,-0.10178985,-0.15273234,-0.16084541,-0.17944111,-0.19425742,-0.121455744,-0.14720541,-0.11345205,-0.080860615,-0.14318529,-0.20725825,-0.15976435,-0.125103,-0.15657571,-0.15690626,-0.14289288,-0.19202894,-0.16152899,-0.1812087,-0.2963242,-0.19536439,-0.17992637,-0.17023054,-0.19157963,-0.15676105,-0.14054683,-0.13020873,-0.12557748,-0.13782832,-0.16205099,7.2745776,-0.16496705,-0.18055575,-0.19124787,6.3660054,-0.15020499,-0.14006025,-0.17686096,-0.16625589,-0.16402192,-0.14331086,-0.18237996,-0.12772319,-0.15260485,-0.13771626,-0.24156228,-0.17714974,-0.103752814,-0.13442102,-0.14214724,-0.17394121,-0.110210195,-0.13409728,-0.15234825,-0.15971069,-0.17999274,-0.15446787,-0.14909466,-0.19184028,-0.17399502,-0.16386347,-0.14723541,-0.14623587,-0.11499533,-0.10471026,-0.13504806,-0.20148799,-0.17613964,-0.12513243,-0.16354887,-0.18041904,-0.18738703,-0.11705899,-0.1768474,-0.2586399,-0.09322232,-0.09295263,-0.11467828,-0.13622361,-0.14789325,-0.098870575,-0.18807551
k__Bacteria|p__Firmicutes|c__Clostridia|o__Eubacteriales|f__Peptostreptococcaceae|g__GGB4455|s__GGB4455_SGB5796,-0.1004395,-0.12316422,-0.14141104,-0.20428483,-0.16661909,-0.19262525,-0.1666669,-0.14467874,-0.12519114,-0.18293718,-0.18182018,-0.21856041,-0.16944447,-0.20116343,-0.10319944,-0.099391304,-0.058144663,-0.099509425,-0.10800741,-0.17023018,-0.1978925,-0.12536043,-0.13607681,-0.15179907,-0.17076498,-0.11658599,-0.1671174,-0.17319566,-0.1509206,-0.12124001,-0.13509595,-0.10585773,-0.1480812,-0.19426179,-0.18811807,1.0115757,-0.1609761,2.247343,-0.19622213,4.4473543,3.925496,-0.19635947,-0.10731949,-0.09162698,-0.13691942,-0.15470284,-0.23188588,-0.19283855,-0.1463399,-0.2026537,-0.18370333,1.9168915,-0.19559589,-0.19615212,-0.19947946,-0.15708587,-0.12555838,-0.14336887,-0.09255644,-0.09591091,-0.17063232,-0.14196071,-0.13743341,-0.14656936,-0.12719077,-0.15134245,-0.2613474,-0.22333384,-0.18793726,3.2031763,-0.14519238,-0.14886698,-0.13048865,-0.14215696,-0.14987963,-0.16319463,-0.14639863,-0.16278498,-0.15922135,-0.14998752,-0.14695463,-0.15664959,-0.1528039,-0.22480208,-0.120334074,-0.1412493,-0.11832768,-0.16030437,-0.17324515,-0.15525077,-0.16748232,-0.11139822,-0.1388583,-0.13027036,-0.12851125,-0.15152657,-0.1425463,-0.11561842,-0.10065024,-0.0907585,-0.105507016,-0.12037523,-0.13477024,-0.15027548,-0.15990767,-0.1185138,-0.11129953,-0.1578567,-0.17738779,-0.13324425,-0.16356248,-0.25953975,-0.14850059,-0.1325402,-0.14111051,-0.15095688,-0.17780018,-0.16336562,-0.22917573,-0.09015879,-0.11042895,-0.13448657,-0.12935185,-0.13997786,-0.1730821,-0.13908121,-0.16057305,-0.12777606,-0.07092635,-0.03704006,-0.13686171,-0.16150266,-0.17813407,-0.14332479,-0.12334781,-0.13576785,-0.12023825,-0.13782188,-0.25318068,-0.26654312,-0.083960354,-0.10945694,-0.14393014,-0.09238048,-0.18704247,-0.18905097,-0.15257275,-0.09067931,-0.13230102,-0.14926113,-0.14989328,-0.15842365,-0.16989392,-0.18279785,-0.08832029,-0.123591125,-0.1406943,-0.10256614,-0.17951453,-0.19495486,-0.19004136,-0.10028011,-0.13113372,-0.07937446,-0.12754722,-0.19006202,-0.19217134,-0.19064899,-0.12326374,-0.076065645,-0.09736831,-0.11838102,-0.13620335,-0.12406494,-0.121451,-0.09468612,-0.09682642,-0.1085498,-0.082459606,-0.112722605,-0.13197091,-0.1664288,-0.1410757,-0.13640754,-0.18093297,-0.17825818,-0.19304559,-0.14432299,-0.15549555,-0.13514072,-0.119081676,-0.14001076,-0.19117098,-0.19013856,-0.18072912,-0.19755594,-0.25103784,-0.20219928,-0.1896066,-0.19031434,-0.1817537,-0.17328805,-0.27554205,-0.08916744,-0.11956477,-0.12799305,-0.15751183,-0.20931396,-0.18224281,-0.29657933,-0.32474133,-0.15386231,-0.3242122,-0.17325558,-0.17108874,-0.2185038,-0.17647925,-0.114121355,-0.13985203,-0.15388772,-0.15788373,-0.22984435,-0.18186735,-0.2521805,-0.10449222,-0.12455491,-0.13826884,-0.12409477,-0.15189947,-0.15432277,-0.15568532,-0.14014931,-0.15141064,-0.16236715,-0.15495458,-0.1530683,-0.15262282,-0.1337644,-0.1231114,-0.14621304,-0.18909705,-0.17594516,-0.21025829,-0.3990198,-0.20058148,-0.11345768,-0.1296617,-0.11815511,-0.1475316,-0.16636807,-0.18559639,-0.1908156,-0.13161245,-0.077314645,-0.15250586,-0.13965335,-0.14106366,-0.117981896,-0.19987361,-0.1649412,-0.1585283,-0.14117739,-0.1233844,-0.12722544,-0.14610182,-0.2588673,-0.107416235,0.86099374,-0.09132757,-0.12832497,-0.12894525,-0.14941844,-0.15139954,-0.09650033,-0.08910369,-0.12412059,-0.11057475,-0.137663,-0.15038785,-0.16963792,-0.14261015,-0.11667247,-0.17311363,-0.15141487,-0.14196655,-0.12516333,-0.14168158,-0.17466888,-0.13176009,-0.13218087,-0.14524293,-0.12277423,-0.08722703,-0.05825615,-0.14305809,-0.17082691,-0.026243303,-0.16654108,-0.2829064,-0.31316653,-0.19663873,-0.14534788,-0.14331596,-0.14862512,-0.12963767,-0.25088155,-0.19265601,-0.18766338,-0.09490174,-0.109423414,-0.10702289,-0.09356105,-0.12759323,-0.15263927,-0.15746465,-0.1664747,-0.12812386,-0.0969081,-0.16398169,-0.14313042,-0.11335766,-0.18846886,-0.1706479,-0.15362327,-0.12570113,2.8679454,-0.11287531,4.55893,-0.17530298,-0.13813016,-0.13399869,-0.096878245,-0.120825216,-0.09198053,-0.12434345,-0.13582996,-0.063823454,3.776993,-0.11419349,-0.13359386,-0.24483351,-0.2571875,-0.29957527,-0.14576915,-0.1562022,-0.1318793,-0.19104545,-0.0782174,-0.17160003,-0.16365132,-0.09859173,-0.11065883,-0.11476815,-0.076612435,-0.083404,-0.1213824,-0.13072303,-0.13855581,-0.19385117,-0.099128306,-0.15531246,-0.19487974,-0.19032691,-0.18598966,-0.11138034,-0.1427357,-0.1031695,-0.15863176,-0.19300658,-0.17158212,-0.16838017,-0.14247729,-0.14214134,-0.10205974,-0.15270074,-0.16109934,-0.1802854,-0.19376393,-0.121123746,-0.14680293,-0.114039555,-0.08058897,-0.14249754,-0.20725825,-0.16050914,-0.125103,-0.15657571,-0.15690626,-0.14346358,-0.19202894,-0.16217937,-0.18122837,5.3616805,-0.19729903,-0.1802528,-0.17094931,-0.19182317,-0.15682302,-0.14054683,-0.13014054,-0.12557748,-0.13797559,-0.16315897,-0.30584824,-0.16633613,-0.18012105,-0.19204868,-0.11441202,-0.14999175,-0.14041914,-0.17732292,-0.16621937,-0.16409299,-0.14331086,-0.18237996,-0.12849975,-0.15288442,-0.1369173,-0.24156228,-0.17917815,-0.103412904,-0.13519084,-0.14150012,-0.17353275,-0.11060898,-0.13433954,-0.1516189,-0.15933377,-0.181263,-0.15344885,-0.14857195,-0.19184028,-0.17475057,-0.16358015,-0.14723541,-0.14623587,-0.11499533,-0.10471026,-0.13473478,-0.20148799,-0.17640533,-0.12513243,-0.16572995,-0.18041904,-0.18738703,-0.11705899,-0.17551073,-0.25671554,-0.09284184,-0.09258734,-0.11486019,-0.13563605,-0.14740832,-0.09874197,-0.18794152
k__Bacteria|p__Firmicutes|c__Erysipelotrichia|o__Erysipelotrichales|f__Erysipelotrichaceae|g__Solobacterium|s__Solobacterium_SGB6828,-0.1004395,-0.12316422,-0.1408354,-0.20428483,-0.1656689,-0.19128041,-0.1666669,-0.14426479,-0.124800146,-0.18163571,-0.18195966,-0.22208029,-0.16764727,-0.2019563,-0.10340944,-0.09926516,-0.058144663,-0.09986758,-0.10784736,-0.16925485,-0.1978925,-0.12536043,-0.13571632,-0.15139613,-0.17001484,-0.11658599,-0.16608141,-0.1723033,-0.1509206,-0.12124001,-0.13454035,-0.10594583,-0.14739475,-0.19365239,-0.18716127,-0.2175087,-0.15956591,-0.22338755,-0.19490814,-0.29867563,-0.29210672,-0.19598082,-0.107216425,-0.09162698,-0.13691942,-0.15377477,-0.23188588,-0.1915845,-0.14574093,-0.2026537,-0.1822463,-0.18279888,-0.19536951,-0.19632268,-0.20118514,-0.1561575,-0.12537694,-0.14294222,-0.09265487,-0.09601635,-0.16979429,-0.14164257,-0.13743341,-0.1460504,-0.12719077,-0.15010321,-0.2613474,-0.22333384,-0.18698959,-0.20047067,-0.144842,-0.14836343,-0.13027802,-0.14198814,-0.14974678,-0.16277692,-0.14561853,-0.16278498,-0.15818965,-0.14998752,-0.1464169,-0.15593836,-0.1521822,-0.22480208,-0.120334074,-0.14073154,-0.11811372,-0.15970212,-0.17249185,-0.15458244,-0.16660686,-0.11139822,-0.1388583,-0.13027036,-0.12828583,-0.15152657,-0.14195824,-0.11535845,-0.10065024,-0.09104271,-0.10556884,-0.1202128,-0.13437271,-0.15027548,-0.15912566,-0.1185138,-0.11129953,-0.1578567,2.2127192,-0.13293795,-0.16278237,1.2182968,-0.14769703,-0.13216932,-0.14091921,-0.15095688,-0.17780018,-0.16222431,-0.22917573,-0.09015879,-0.11014183,-0.13419253,-0.12925431,-0.13997786,-0.1721921,-0.13908121,-0.16057305,-0.12777606,-0.07092635,-0.03704006,-0.13643375,-0.16088848,-0.17712188,-0.14332479,-0.12334781,-0.13519296,-0.12023825,-0.13770495,-0.25318068,-0.26654312,-0.084207706,2.5015962,-0.14368476,-0.09238048,-0.18570763,-0.18841021,-0.15194854,-0.09077571,-0.13230102,-0.14857014,-0.14933896,-0.15771928,-0.1690881,-0.18187737,-0.0884489,-0.12328875,-0.14034405,-0.10256614,-0.17951453,-0.19495486,-0.18904725,-0.10045625,-0.13113372,-0.08047517,-0.12750539,-0.19006202,-0.19135517,-0.18961471,-0.123029046,-0.07635245,-0.09743877,-0.11832493,-0.13591817,-0.12406494,-0.121451,-0.09489061,-0.09701103,-0.10856103,-0.082459606,-0.112837605,-0.13182203,-0.16557595,-0.1410757,-0.13570274,-0.18093297,-0.17825818,-0.19204947,-0.14390281,-0.15549555,-0.13479331,-0.119081676,-0.14001076,-0.19117098,-0.18904838,-0.17961466,-0.19755594,1.3806472,1.1325396,-0.1882065,-0.1891726,-0.18073723,-0.17232564,-0.27554205,-0.08916744,-0.11956477,-0.12759058,-0.15751183,-0.20931396,-0.18224281,-0.29657933,-0.32474133,-0.15084083,-0.3242122,-0.17325558,-0.17108874,-0.2185038,-0.17647925,-0.114121355,-0.13923751,-0.15388772,-0.15788373,-0.22984435,-0.18186735,-0.25262028,-0.10458124,-0.12455491,-0.13789016,-0.12389162,-0.15189947,-0.15398017,-0.15504918,-0.14014931,-0.15141064,-0.16182606,-0.15419795,-0.15245917,-0.15211606,-0.1333183,-0.12284141,-0.14551674,-0.18835595,-0.17548336,-0.21025829,-0.3990198,-0.19920705,-0.11336822,-0.1296617,-0.118298516,-0.14712532,-0.16636807,-0.18469441,-0.18961391,-0.13107227,-0.07767648,-0.15202749,-0.13911937,-0.14106366,-0.11764431,-0.19987361,-0.1649412,-0.15750411,-0.14073753,-0.123418294,-0.12722544,-0.14610182,-0.2588673,-0.10732636,-0.13074079,-0.09132757,-0.12832497,-0.12874644,-0.1489535,-0.15071492,-0.09663794,-0.08910369,-0.12398891,-0.11065815,-0.1370945,-0.14991277,-0.16875392,-0.14219338,-0.11634871,-0.17224136,-0.15097727,-0.14154243,-0.1251955,-0.14095393,-0.17466888,-0.13176009,-0.13170062,-0.14496782,-0.12264124,-0.08722703,-0.05825615,-0.14266941,-0.17082691,-0.026243303,-0.16478302,-0.2829064,1.1768719,-0.19554874,-0.14476022,-0.14331596,-0.14862512,-0.12963767,-0.25088155,-0.19171083,-0.18656145,-0.09518219,-0.10927452,-0.10702289,-0.09423496,-0.12759323,-0.15182018,-0.15746465,-0.16554809,-0.12812386,-0.0969081,-0.16398169,-0.14279363,-0.11335766,-0.18846886,-0.1706479,-0.15283099,-0.12540112,-0.115196005,-0.11283766,-0.11662802,-0.17423353,-0.13777484,-0.13382864,-0.096878245,-0.12085907,-0.09222934,-0.12434345,-0.13518517,-0.063823454,-0.13877153,-0.11419349,-0.13319178,-0.24483351,-0.2571875,-0.29957527,-0.1452845,-0.15560503,-0.13177478,-0.19104545,-0.0782174,-0.17073157,-0.16298422,-0.09859173,-0.11065883,-0.11455991,-0.076612435,-0.083404,-0.1213824,-0.13072303,-0.13855581,-0.19385117,-0.09936081,-0.15454194,-0.19487974,-0.18914557,-0.18496525,-0.11125654,-0.14220247,-0.10323486,-0.15799002,-0.19196565,-0.17103481,-0.16769527,-0.14201045,-0.14164653,-0.10206255,-0.1522269,-0.1602298,-0.17920732,-0.19281614,-0.12098906,-0.1463708,-0.11376335,-0.08088888,-0.14215896,-0.20725825,-0.1595404,-0.125103,-0.15657571,-0.15690626,-0.14271387,-0.19202894,-0.16135159,-0.18020722,-0.2963242,-0.19562575,-0.17950866,-0.17030126,-0.19094685,-0.15645325,-0.14054683,-0.12988093,-0.12557748,-0.13772723,-0.16185388,0.5132636,-0.16552863,-0.17963216,-0.19057901,-0.11441202,-0.14969146,-0.13978149,-0.17621645,-0.16554657,-0.16308618,-0.14331086,-0.18237996,-0.12792133,-0.15228802,-0.13691077,-0.24156228,-0.17774966,-0.10338126,-0.13462311,-0.14116195,-0.17287499,-0.11037277,-0.1340696,-0.1511083,-0.15853074,-0.18008608,-0.15301077,-0.14824373,-0.19184028,-0.17384097,-0.16272844,-0.14723541,-0.14623587,-0.11499533,-0.10471026,-0.13439779,-0.20148799,-0.17537141,-0.12513243,-0.16415161,-0.18041904,-0.18738703,-0.11705899,-0.1745986,-0.255752,-0.09299101,-0.092707574,-0.114699006,-0.1353479,-0.14708999,-0.09891008,-0.18687102
k__Bacteria|p__Firmicutes|c__Clostridia|o__Eubacteriales|f__Peptostreptococcaceae|g__Peptostreptococcus|s__Peptostreptococcus_anaerobius,-0.1004395,-0.12316422,-0.14155069,-0.20428483,-0.1659579,-0.19155982,-0.1666669,-0.1442182,-0.124975584,-0.18208285,-0.18065408,-0.22232944,-0.16902503,-0.2018035,-0.10338862,-0.099933505,-0.058144663,-0.09991041,-0.10817731,-0.16954745,-0.1978925,-0.12536043,-0.13564107,-0.15105844,-0.1701017,-0.11658599,-0.16636027,-0.17225413,-0.1509206,-0.12124001,-0.13472918,-0.10622374,-0.14773473,-0.19374222,-0.1874986,3.9200778,-0.16000885,4.1998878,-0.19559807,1.4442463,2.619999,-0.19612852,-0.10741164,-0.09162698,-0.13691942,-0.15449412,-0.23188588,-0.19213706,-0.14586987,1.7134383,-0.18216322,-0.18279888,-0.1949197,-0.19589272,-0.20091692,-0.15660472,-0.12549102,-0.14302,-0.09255441,-0.0962401,-0.16980754,-0.14131086,-0.13743341,-0.14611289,-0.12719077,-0.15076736,1.0397838,-0.22333384,-0.18685529,2.5179968,-0.14468805,-0.14828178,-0.13045818,-0.14202914,-0.14939497,-0.1622701,-0.14551365,-0.16278498,-0.15828334,-0.14998752,-0.14645274,-0.15617953,-0.15224844,-0.22480208,-0.120334074,-0.14095494,-0.118463084,-0.1595598,-0.17236495,-0.15475434,-0.16674757,-0.11139822,-0.1388583,-0.13027036,-0.12828325,-0.15152657,-0.142045,-0.115427986,-0.10065024,-0.091276295,-0.10582857,-0.12039518,-0.13466239,-0.15027548,-0.15922126,-0.1185138,-0.11129953,-0.1578567,-0.17738779,-0.13260154,-0.16327736,-0.25953975,-0.14798951,-0.13240676,-0.14111224,-0.15095688,-0.17780018,-0.16280554,-0.22917573,-0.09015879,-0.11046758,-0.13425893,-0.12924251,-0.13997786,-0.17247806,-0.13908121,-0.16057305,-0.12777606,-0.07092635,-0.03704006,-0.13695943,-0.16101019,-0.17721413,-0.14332479,-0.12334781,-0.1353499,-0.12023825,-0.13784875,-0.25318068,-0.26654312,-0.08441995,-0.10945694,-0.14356898,-0.09238048,-0.18643388,-0.18863258,-0.1526693,-0.09113054,-0.13230102,-0.14890203,-0.14954698,-0.15790582,-0.1692341,-0.18177196,-0.08887244,-0.123400316,-0.1402062,-0.10256614,-0.17951453,-0.19495486,-0.18907654,-0.10058071,-0.13113372,-0.08047146,-0.12797356,-0.19006202,-0.19141531,-0.18990052,-0.12296252,-0.0764457,-0.09760058,-0.118616715,-0.13614279,-0.12406494,-0.121451,-0.09507136,-0.0973158,-0.108824246,-0.082459606,-0.112982884,-0.13196374,-0.16572112,-0.1410757,-0.13622236,-0.18093297,-0.17825818,-0.19240944,-0.14420916,-0.15549555,-0.13490734,-0.119081676,-0.14001076,-0.19117098,-0.18954557,-0.17980652,-0.19755594,-0.25103784,-0.20219928,-0.18863189,-0.18959776,-0.18117097,-0.17301014,-0.27554205,-0.08916744,-0.11956477,-0.12811922,-0.15751183,-0.20931396,-0.18224281,-0.29657933,-0.32474133,-0.15471128,-0.3242122,-0.17325558,-0.17108874,-0.2185038,-0.17647925,-0.114121355,-0.13960677,-0.15388772,-0.15788373,-0.22984435,-0.18186735,-0.25362286,-0.10473325,-0.12455491,-0.13804269,-0.12411416,-0.15189947,-0.15385383,-0.15497187,-0.14014931,-0.15141064,-0.16152471,-0.1543235,-0.15239397,-0.15227857,-0.13378452,-0.12296678,-0.14561471,-0.18809542,-0.17530799,-0.21025829,-0.3990198,-0.20189479,-0.113567665,2.754455,-0.11825256,-0.14731376,-0.16636807,-0.18454921,-0.18991989,-0.1315052,-0.07774456,-0.1520435,-0.13949081,-0.14106366,-0.11787368,-0.19987361,-0.1649412,-0.15780914,-0.14103538,-0.12346357,-0.12722544,-0.14610182,-0.2588673,-0.10773222,-0.13074079,-0.09132757,-0.12832497,-0.12884411,-0.14908504,-0.1507664,-0.09678125,-0.08910369,-0.124159515,-0.110894784,-0.13757631,-0.15006256,-0.16899468,-0.14221784,-0.11659226,-0.17244147,-0.15103656,-0.14171368,-0.12529941,-0.14105928,-0.17466888,-0.13176009,-0.13188085,-0.14484352,-0.12279169,-0.08722703,-0.05825615,-0.14277557,-0.17082691,-0.026243303,-0.16622609,-0.2829064,-0.31316653,-0.1966162,-0.1449288,-0.14331596,-0.14862512,-0.12963767,-0.25088155,-0.19188882,-0.18659492,-0.09527072,-0.10938631,-0.10702289,-0.09393686,-0.12759323,-0.15231423,-0.15746465,-0.16568254,-0.12812386,-0.0969081,4.8445454,-0.14273076,2.5763242,-0.18846886,-0.1706479,-0.15300022,-0.12532902,-0.115196005,-0.11296719,-0.11662802,-0.1743911,-0.1378263,-0.1337336,-0.096878245,-0.12095793,-0.09245014,-0.12434345,-0.13538274,-0.063823454,-0.13877153,-0.11419349,-0.13368212,-0.24483351,-0.2571875,-0.29957527,-0.14539921,-0.15561613,-0.13180178,-0.19104545,-0.0782174,-0.17078611,-0.16305625,1.0290316,-0.11065883,-0.11450793,-0.076612435,-0.083404,-0.1213824,-0.13072303,-0.13855581,-0.19385117,-0.099288724,-0.15481605,-0.19487974,-0.18947312,-0.18524101,-0.1115157,-0.1424445,-0.10309942,-0.15780953,-0.19211943,-0.17082512,-0.16797903,-0.1421855,-0.1417813,-0.102489695,-0.15246515,-0.16050932,-0.17961678,-0.19322313,-0.12107475,-0.14632942,-0.11389496,-0.080914214,-0.14268273,-0.20725825,-0.15976512,-0.125103,-0.15657571,-0.15690626,-0.14304265,-0.19202894,-0.16153376,-0.18016663,4.860515,-0.19733405,-0.18001032,-0.17094621,-0.19157106,-0.1567784,1.4641837,-0.13004354,-0.12557748,-0.13774574,-0.16306324,-0.30584824,-0.16545817,-0.17925888,-0.19112355,-0.11441202,-0.14980964,-0.1403374,-0.17660129,-0.16556594,-0.16332683,-0.14331086,-0.18237996,-0.12822726,-0.1522695,-0.13715701,-0.24156228,-0.17849335,-0.10369788,-0.13498446,-0.14115506,-0.17276436,-0.11074737,-0.13424662,-0.15099551,-0.15872264,-0.18045767,-0.1528621,-0.1482716,-0.19184028,-0.17399684,-0.16255666,-0.14723541,-0.14623587,-0.11499533,-0.10471026,-0.13486862,-0.20148799,-0.17546082,-0.12513243,-0.16479678,-0.18041904,-0.18738703,-0.11705899,-0.17420459,-0.25648728,-0.09324032,-0.09292707,-0.11503185,-0.13555421,-0.14716148,-0.09919536,-0.18705365
k__Bacteria|p__Firmicutes|c__Clostridia|o__Eubacteriales|f__Lachnospiraceae|g__Lachnoclostridium|s__Clostridium_scindens,-0.1004395,-0.12316422,-0.1406678,-0.20428483,-0.16567916,-0.1925948,-0.1666669,-0.14484522,-0.1245841,-0.18307573,-0.18186797,-0.22473311,-0.16893587,-0.20425999,-0.10357618,-0.099541895,-0.058144663,-0.100338876,-0.107580855,-0.17009723,-0.1978925,-0.12536043,-0.13619195,-0.1522849,-0.17091922,-0.11658599,-0.16684365,-0.17366588,-0.1509206,-0.12124001,-0.13485897,-0.10570504,-0.14777078,-0.19485779,-0.18876101,5.7127104,-0.15900794,3.3864608,-0.1954892,4.093536,3.7872143,-0.19775656,-0.107591465,-0.09162698,-0.13691942,-0.15410286,-0.23188588,-0.19262177,-0.14648223,-0.2026537,-0.18175977,-0.18279888,-0.19602212,-0.19724289,-0.20308085,-0.15811475,-0.12576032,-0.14365277,-0.092705384,-0.09590857,-0.17080076,-0.14235383,-0.13743341,-0.14658187,-0.12719077,-0.1504989,-0.2613474,-0.22333384,-0.18764056,-0.20047067,-0.14571023,-0.1489971,-0.13063952,-0.14250436,-0.1511257,-0.16383535,-0.14663002,-0.16278498,-0.15822703,-0.14998752,-0.14687924,-0.15627462,-0.15289228,-0.22480208,-0.120334074,-0.14117905,-0.11814433,-0.16080019,-0.17347479,-0.15476614,-0.16770673,-0.11139822,-0.1388583,-0.13027036,-0.12878996,-0.15152657,-0.1423209,-0.11575275,-0.10065024,-0.09078072,-0.10588019,-0.12064092,-0.13486129,-0.15027548,-0.16015156,-0.1185138,-0.11129953,-0.1578567,-0.17738779,-0.13376537,-0.16260695,-0.25953975,-0.14808324,-0.13220742,-0.14127469,-0.15095688,-0.17780018,-0.16219449,-0.22917573,-0.09015879,-0.10991916,-0.13443026,-0.12966947,-0.13997786,-0.17277479,-0.13908121,-0.16057305,-0.12777606,-0.07092635,-0.03704006,-0.136591,-0.16184637,-0.17822358,-0.14332479,-0.12334781,-0.13549224,-0.12023825,-0.138298,-0.25318068,-0.26654312,-0.08420892,-0.10945694,-0.14482012,-0.09238048,-0.18681073,-0.18937029,-0.15267318,-0.090779364,-0.13230102,-0.14895815,-0.14979908,-0.1584792,-0.16989025,-0.18374166,-0.08822372,-0.12380944,-0.14085904,-0.10256614,1.838806,1.2194005,-0.19072337,-0.10056541,1.1842155,-0.080488764,-0.12776469,4.6286783,-0.19265674,-0.19084825,-0.12366405,-0.076077856,-0.09763209,-0.11840342,-0.13642004,-0.12406494,-0.121451,-0.094986096,-0.09695868,-0.108890824,-0.082459606,-0.113197826,-0.13243708,-0.16684085,-0.1410757,-0.13570438,-0.18093297,-0.17825818,-0.19315822,-0.14438932,-0.15549555,-0.13541666,-0.119081676,-0.14001076,-0.19117098,-0.19002366,-0.18027574,-0.19755594,-0.25103784,-0.20219928,-0.18897599,-0.18972236,-0.1816979,-0.17270121,-0.27554205,-0.08916744,-0.11956477,-0.12745544,-0.15751183,-0.20931396,-0.18224281,-0.29657933,-0.32474133,-0.14980713,-0.3242122,-0.17325558,-0.17108874,-0.2185038,-0.17647925,-0.114121355,-0.13926636,-0.15388772,-0.15788373,-0.22984435,-0.18186735,-0.2547772,-0.104644746,-0.12455491,-0.13832797,-0.124285415,-0.15189947,-0.1550458,-0.15626226,-0.14014931,-0.15141064,-0.16295412,-0.15447007,-0.1531915,-0.15243027,-0.13389343,-0.12297845,-0.14570361,-0.18985386,-0.17614457,-0.21025829,-0.3990198,-0.20199738,-0.11362679,-0.1296617,-0.118808165,-0.14761332,-0.16636807,-0.18622056,-0.19069932,-0.13117471,-0.077558264,-0.15296021,-0.1395008,-0.14106366,-0.1178654,-0.19987361,-0.1649412,-0.15747583,-0.1410875,-0.12366988,-0.12722544,-0.14610182,-0.2588673,-0.10733493,-0.13074079,-0.09132757,-0.12832497,-0.1294214,-0.1492731,-0.15191549,-0.096817575,-0.08910369,-0.12445989,-0.11066111,-0.13754731,-0.15035437,-0.1700381,-0.14266708,-0.11634447,-0.17318676,-0.15146148,-0.14223522,-0.1252366,-0.1420202,-0.17466888,-0.13176009,-0.13220105,-0.14549372,-0.12322333,-0.08722703,-0.05825615,-0.14314112,-0.17082691,-0.026243303,-0.16485819,-0.2829064,-0.31316653,-0.19760509,-0.14531088,-0.14331596,-0.14862512,-0.12963767,-0.25088155,-0.19297898,-0.187983,-0.09510934,-0.10961521,5.5763764,-0.09490858,5.0094495,-0.1522779,3.4798977,-0.16635318,-0.12812386,-0.0969081,-0.16398169,-0.1438613,-0.11335766,-0.18846886,-0.1706479,-0.15322,-0.12589519,-0.115196005,-0.11315639,-0.11662802,-0.17575103,-0.1383622,-0.13454205,-0.096878245,-0.12125093,-0.09240445,-0.12434345,-0.13581964,-0.063823454,-0.13877153,-0.11419349,-0.13342589,-0.24483351,-0.2571875,-0.29957527,-0.14577314,-0.15632935,-0.1321657,-0.19104545,-0.0782174,-0.17189631,-0.16386603,-0.09859173,-0.11065883,-0.114903495,-0.076612435,-0.083404,-0.1213824,-0.13072303,-0.13855581,-0.19385117,-0.099630445,-0.15486223,3.0197976,-0.19000077,-0.1862443,-0.111467466,-0.14270177,-0.103593715,-0.15913835,-0.19285852,-0.17275697,-0.1683097,-0.1424492,-0.1422617,-0.101547495,-0.15284953,-0.160772,-0.17991202,-0.19414814,-0.12136774,-0.14722067,-0.11379508,-0.08073816,-0.14238536,-0.20725825,-0.16027528,-0.125103,-0.15657571,-0.15690626,-0.14290439,-0.19202894,-0.16183472,-0.18165702,-0.2963242,-0.19547486,-0.18024072,-0.17073102,-0.19190085,-0.15683663,-0.14054683,-0.13021481,-0.12557748,-0.13808814,-0.16212445,-0.30584824,-0.16595876,-0.18089151,-0.19146305,-0.11441202,-0.15040118,-0.14008658,-0.17704904,-0.16632688,-0.16413856,-0.14331086,-0.18237996,-0.12775353,-0.15257192,-0.13673285,-0.24156228,-0.178327,-0.10356301,-0.13464431,-0.1420376,-0.17394477,-0.11040224,-0.13432786,-0.1524764,-0.15948391,-0.18065774,-0.1543142,-0.14880137,-0.19184028,-0.17438719,-0.16413176,-0.14723541,-0.14623587,-0.11499533,-0.10471026,-0.13477267,-0.20148799,-0.1765617,-0.12513243,-0.16419849,-0.18041904,-0.18738703,-0.11705899,-0.1768482,-0.25766677,-0.09300627,-0.09280304,-0.11463699,-0.13596913,-0.14776474,-0.09872186,-0.18842691
k__Bacteria|p__Firmicutes|c__Clostridia|o__Eubacteriales|f__Oscillospiraceae|g__Faecalibacterium|s__Faecalibacterium_prausnitzii,-0.1004395,-0.12316422,-0.1412642,-0.20428483,-0.16607264,-0.19263068,-0.1666669,-0.14506972,-0.124767005,-0.18254422,-0.18251492,-0.22902334,-0.16851261,-0.20537244,-0.10387762,-0.10030465,-0.058144663,-0.10075922,-0.10803482,-0.17038152,-0.1978925,-0.12536043,-0.13638493,-0.15242553,-0.1710673,6.7478094,-0.16674042,-0.17382276,-0.1509206,-0.12124001,-0.13516916,-0.10586697,-0.14815247,-0.19470513,-0.18863866,-0.2175087,-0.15998235,-0.22338755,-0.19625275,-0.29867563,-0.29210672,-0.19775774,-0.10773091,-0.09162698,-0.13691942,-0.15469755,5.6577153,-0.19276145,-0.14625621,-0.2026537,-0.18190658,-0.18279888,-0.19637334,-0.19841939,-0.20440885,-0.15765779,-0.12602854,-0.14384493,-0.09312096,-0.09623587,-0.17054424,-0.14271563,-0.13743341,-0.14692369,-0.12719077,-0.1506608,-0.2613474,-0.22333384,-0.18786177,-0.20047067,-0.14578575,-0.14908403,-0.13089958,-0.1427919,-0.15094955,-0.16394652,-0.14650401,-0.16278498,-0.1586544,-0.14998752,-0.14703593,-0.15662992,-0.15307681,-0.22480208,-0.120334074,-0.14153358,-0.118641794,-0.16064835,-0.17354718,-0.15550953,-0.16777703,-0.11139822,-0.1388583,-0.13027036,-0.1287067,-0.15152657,-0.14221945,-0.11595387,-0.10065024,-0.09110685,-0.10595378,-0.12073687,-0.13500327,-0.15027548,-0.16015826,-0.1185138,-0.11129953,-0.1578567,-0.17738779,-0.13421059,-0.1633863,-0.25953975,-0.14843526,-0.13262679,-0.14172113,-0.15095688,-0.17780018,-0.16278031,8.113704,-0.09015879,-0.110530965,-0.1348936,-0.12991577,-0.13997786,-0.17316234,-0.13908121,-0.16057305,-0.12777606,-0.07092635,-0.03704006,-0.1368463,-0.16178852,-0.17850369,-0.14332479,-0.12334781,-0.13555428,-0.12023825,-0.13842028,-0.25318068,-0.26654312,-0.08432483,-0.10945694,-0.1447189,-0.09238048,-0.18674496,-0.18952334,-0.1527062,-0.09097426,-0.13230102,-0.14936078,-0.1501455,-0.1586827,-0.16995233,-0.18328185,-0.08859575,-0.12436767,-0.14175195,-0.10256614,-0.17951453,-0.19495486,-0.190642,-0.10068832,-0.13113372,-0.08102686,-0.12798235,-0.19006202,-0.19241104,-0.1909925,-0.124199465,-0.07609624,-0.09770817,-0.11878617,-0.13667223,-0.12406494,-0.121451,-0.095379435,-0.09729113,-0.109065205,-0.082459606,-0.11316339,-0.1323395,-0.16689616,-0.1410757,-0.13612333,-0.18093297,-0.17825818,-0.19328168,-0.14461327,-0.15549555,-0.13577914,-0.119081676,-0.14001076,-0.19117098,-0.19030571,-0.1807349,6.4684825,-0.25103784,-0.20219928,-0.18871239,-0.18985075,-0.18166968,-0.17299119,-0.27554205,-0.08916744,-0.11956477,-0.12770854,-0.15751183,-0.20931396,-0.18224281,-0.29657933,-0.32474133,-0.15305832,-0.3242122,-0.17325558,-0.17108874,-0.2185038,-0.17647925,-0.114121355,-0.1395722,-0.15388772,-0.15788373,-0.22984435,-0.18186735,-0.25530332,-0.104963645,-0.12455491,-0.13842404,-0.12426701,-0.15189947,-0.15494955,-0.15609333,-0.14014931,-0.15141064,-0.16289136,-0.15488383,-0.1533873,-0.1530248,-0.13403974,-0.123102605,-0.14578363,-0.18960397,-0.17667711,5.1341333,6.120223,-0.20227832,-0.113839716,-0.1296617,-0.11889291,-0.14777943,-0.16636807,-0.18598634,-0.19069302,-0.13194785,-0.07717264,-0.15292007,-0.13958216,-0.14106366,-0.11905676,-0.19987361,-0.1649412,-0.15805677,-0.14177,-0.12392681,-0.12722544,-0.14610182,-0.2588673,-0.10786794,-0.13074079,-0.09132757,-0.12832497,-0.129368,-0.14951542,-0.15182963,-0.09706006,-0.08910369,-0.12469294,-0.11088768,-0.13790119,-0.15052274,-0.17017911,-0.14290182,-0.11646286,-0.17357738,-0.15162677,-0.14244229,-0.12552643,-0.14203516,-0.17466888,-0.13176009,-0.1322749,-0.1457818,-0.123361364,-0.08722703,-0.05825615,-0.14362364,-0.17082691,-0.026243303,-0.16632245,3.356473,4.3348756,-0.19802806,-0.14560917,-0.14331596,-0.14862512,-0.12963767,-0.25088155,-0.19286314,-0.18788448,-0.09533085,-0.10973662,-0.10702289,-0.09482086,-0.12759323,-0.1528301,-0.15746465,-0.16660005,-0.12812386,-0.0969081,-0.16398169,-0.14394045,-0.11335766,-0.18846886,-0.1706479,-0.15363424,-0.1260334,-0.115196005,-0.11350148,-0.11662802,-0.17556998,-0.13857841,-0.13456175,-0.096878245,-0.12148331,-0.09245058,-0.12434345,-0.13603364,-0.063823454,-0.13877153,-0.11419349,-0.13388005,-0.24483351,-0.2571875,-0.29957527,-0.14612913,-0.15646142,-0.13222362,-0.19104545,-0.0782174,-0.1717471,-0.16417603,-0.09859173,-0.11065883,-0.1151921,-0.076612435,-0.083404,-0.1213824,-0.13072303,-0.13855581,-0.19385117,-0.099811375,-0.1553478,-0.19487974,-0.18995056,-0.18632013,-0.11162074,-0.14299631,-0.10333848,-0.15893726,-0.19297576,-0.17316663,-0.16845356,-0.14276084,-0.1425236,-0.102255985,-0.1531693,-0.161068,-0.18012369,-0.19419636,-0.12143079,-0.14733148,-0.114022106,-0.080699384,-0.14329879,-0.20725825,-0.16039568,-0.125103,-0.15657571,-0.15690626,-0.14342986,-0.19202894,-0.16211867,-0.18147182,-0.2963242,-0.19602862,-0.18027768,-0.1707735,-0.1919367,-0.15730779,1.333844,-0.1304842,-0.12557748,-0.13853425,-0.16304713,-0.30584824,-0.1662958,-0.18047516,-0.19140717,-0.11441202,-0.15064588,-0.14036758,-0.17743725,-0.1664179,-0.16417882,-0.14331086,-0.18237996,-0.12819669,-0.15332219,-0.13783896,-0.24156228,-0.17831396,-0.10374637,-0.13515797,-0.14190704,-0.17399648,-0.11060737,-0.13454744,-0.15218012,-0.15974891,-0.18067089,-0.15421852,-0.14896551,-0.19184028,-0.17466593,-0.16393988,-0.14723541,-0.14623587,-0.11499533,-0.10471026,-0.13517493,-0.20148799,-0.17654708,-0.12513243,-0.16515571,-0.18041904,-0.18738703,-0.11705899,-0.1761725,-0.25634956,-0.093301065,-0.09295273,-0.114979565,-0.13609828,-0.14801173,-0.098957166,-0.18821666
k__Bacteria|p__Firmicutes|c__Clostridia|o__Eubacteriales|f__Lachnospiraceae|g__GGB79634|s__GGB79634_SGB5832,-0.1004395,-0.12316422,-0.14165705,-0.20428483,-0.16568887,-0.1919785,-0.1666669,-0.1445542,-0.12551072,-0.18222795,-0.18162103,-0.22225,-0.16827603,-0.20160428,-0.1039519,-0.10013558,-0.058144663,-0.10044213,-0.10835847,-0.17002067,-0.1978925,-0.12536043,-0.13623081,-0.15169275,-0.17031443,-0.11658599,-0.1665201,-0.1728046,-0.1509206,-0.12124001,-0.13507816,-0.10655306,-0.14799947,-0.19392693,-0.18765804,-0.2175087,-0.16006115,-0.22338755,-0.19508508,-0.29867563,-0.29210672,-0.19651298,-0.10789131,-0.09162698,-0.13691942,-0.15428041,-0.23188588,-0.19195166,-0.14631197,-0.2026537,-0.18207431,-0.18279888,-0.19544512,-0.19674718,-0.20131075,-0.15676522,-0.12593582,-0.1434446,-0.09340249,-0.09670426,-0.1701607,-0.142115,-0.13743341,-0.14647032,-0.12719077,-0.15088163,2.3292677,-0.22333384,-0.18710266,1.1116326,-0.14526379,-0.14872059,-0.13090172,-0.1424551,-0.15016085,-0.16299848,-0.14614329,-0.16278498,-0.15848666,-0.14998752,-0.14675191,-0.15635483,-0.15282282,-0.22480208,-0.120334074,-0.14122947,-0.118767135,-0.16010123,-0.17279416,-0.15505639,-0.16702016,-0.11139822,-0.1388583,-0.13027036,-0.1288464,-0.15152657,-0.14241502,-0.116018295,-0.10065024,-0.09169897,-0.10623829,-0.12088902,-0.13490544,-0.15027548,-0.159539,-0.1185138,-0.11129953,-0.1578567,-0.17738779,-0.13371006,-0.16344215,-0.25953975,-0.14822288,-0.13274227,-0.14134565,-0.15095688,-0.17780018,-0.16288202,-0.22917573,-0.09015879,-0.11078238,-0.13469109,-0.12976399,-0.13997786,-0.1725148,-0.13908121,-0.16057305,-0.12777606,-0.07092635,-0.03704006,-0.1369268,-0.1613478,-0.17749129,1.418691,-0.12334781,-0.13562311,-0.12023825,-0.13798115,-0.25318068,0.5551438,-0.08485809,-0.10945694,-0.14410791,-0.09238048,-0.18623304,-0.18851244,-0.1522977,-0.09147459,-0.13230102,-0.14908306,-0.14983381,-0.15823561,-0.16955125,-0.18227172,-0.089157924,-0.124083966,-0.1406841,-0.10256614,-0.17951453,-0.19495486,-0.18944943,-0.10105005,-0.13113372,-0.08122462,-0.12801667,-0.19006202,-0.1915661,-0.18989253,-0.12355608,-0.07694261,-0.09817245,-0.11892402,-0.136372,-0.12406494,-0.121451,-0.09554754,-0.09755874,-0.10918116,-0.082459606,-0.11339858,-0.13224742,-0.16602841,-0.1410757,-0.13630895,-0.18093297,-0.17825818,-0.19239111,-0.14450803,-0.15549555,-0.13542283,-0.119081676,-0.14001076,-0.19117098,-0.18931952,-0.18021433,-0.19755594,4.2562714,-0.20219928,-0.18857387,-0.18947822,-0.18118387,-0.17284624,7.831784,-0.08916744,-0.11956477,-0.12804808,-0.15751183,3.7398956,-0.18224281,-0.29657933,-0.32474133,-0.1526175,2.4404905,-0.17325558,0.8474621,-0.2185038,-0.17647925,-0.114121355,-0.13973232,-0.15388772,-0.15788373,-0.22984435,-0.18186735,-0.25295424,-0.10516898,-0.12455491,-0.13834202,-0.124489605,-0.15189947,-0.15425874,-0.15547156,-0.14014931,-0.15141064,-0.16219017,-0.1545788,-0.15294835,-0.15248759,-0.13391992,-0.12332166,-0.14616725,-0.18854928,-0.17588843,-0.21025829,-0.3990198,-0.20215794,-0.113910004,1.0367737,-0.11896933,-0.14752518,-0.16636807,-0.184932,-0.19000143,-0.13158119,-0.07843414,-0.1525963,-0.13953564,-0.14106366,-0.11861049,-0.19987361,-0.1649412,-0.15785459,-0.14139375,-0.12376485,-0.12722544,-0.14610182,-0.2588673,-0.1080022,-0.13074079,-0.09132757,-0.12832497,-0.12927698,-0.14919952,-0.15118018,-0.09726605,-0.08910369,-0.12458819,-0.111129455,-0.13775352,-0.15030804,-0.16930246,-0.14261374,-0.116953984,-0.1725992,-0.1513531,-0.14199673,-0.1255464,-0.14163631,-0.17466888,-0.13176009,-0.1324175,-0.1452577,-0.12314773,-0.08722703,-0.05825615,-0.14302553,-0.17082691,-0.026243303,-0.16572824,-0.2829064,-0.31316653,-0.19728956,-0.14526044,-0.14331596,-0.14862512,-0.12963767,-0.25088155,-0.19200012,-0.18700778,-0.09569901,-0.109975666,-0.10702289,-0.094996154,-0.12759323,-0.15250501,-0.15746465,-0.16603783,-0.12812386,-0.0969081,-0.16398169,-0.14326799,-0.11335766,-0.18846886,-0.1706479,-0.15325475,-0.12602305,-0.115196005,-0.11358313,-0.11662802,-0.17468597,-0.1383108,-0.13420317,-0.096878245,-0.12142472,-0.09287334,-0.12434345,-0.13568452,-0.063823454,-0.13877153,-0.11419349,-0.1336602,-0.24483351,-0.2571875,-0.29957527,-0.14576855,-0.15599173,-0.13243973,-0.19104545,-0.0782174,-0.17136754,-0.1633079,-0.09859173,-0.11065883,-0.11503888,-0.076612435,-0.083404,-0.1213824,-0.13072303,-0.13855581,-0.19385117,-0.09999219,-0.15510812,-0.19487974,-0.18958548,-0.18546855,-0.11189118,-0.1425047,-0.103981175,-0.15844534,-0.1925689,-0.17187718,-0.16774914,-0.14246932,-0.14218147,-0.10277037,-0.15268195,-0.16070448,-0.17963451,-0.19313046,-0.12153655,-0.1467315,-0.1143079,-0.08170599,-0.14308779,-0.20725825,-0.15993392,-0.125103,-0.15657571,-0.15690626,-0.1433404,-0.19202894,-0.16182002,-0.18057951,5.0731287,-0.19650938,-0.18004286,-0.17037643,-0.19127512,-0.15675277,-0.14054683,-0.13041067,-0.12557748,-0.1381571,-0.16251281,4.113476,-0.16612718,-0.17956299,-0.19103874,-0.11441202,-0.15000837,-0.1403124,-0.17678405,-0.16594502,-0.16358532,-0.14331086,-0.18237996,-0.1286704,-0.15276851,-0.13765669,-0.24156228,-0.17805678,-0.104061455,-0.13511309,-0.14174426,-0.17309941,-0.11097341,-0.13459124,-0.15147485,-0.15891287,-0.18048368,-0.15359738,-0.14868945,-0.19184028,-0.17416199,-0.16318554,-0.14723541,-0.14623587,-0.11499533,-0.10471026,-0.13514917,-0.20148799,-0.17565277,-0.12513243,-0.16466399,-0.18041904,-0.18738703,-0.11705899,-0.1750909,-0.25551158,-0.093684554,-0.093394205,-0.11530785,-0.13595346,-0.14750126,-0.09954658,-0.18721107
k__Bacteria|p__Firmicutes|c__Bacilli|o__Lactobacillales|f__Enterococcaceae|g__Enterococcus|s__Enterococcus_casseliflavus,-0.1004395,-0.12316422,-0.1411914,-0.20428483,-0.16575077,-0.19186357,-0.1666669,-0.14450452,-0.12480018,-0.18224122,-0.182185,-0.22501622,-0.16815986,-0.2037101,-0.10357651,-0.09970772,-0.058144663,-0.10030569,-0.107871726,-0.16969332,-0.1978925,-0.12536043,-0.13604999,-0.15164492,-0.17036232,-0.11658599,-0.16642213,-0.17281401,-0.1509206,-0.12124001,-0.13468155,-0.10609612,-0.1476489,-0.19441319,-0.18778783,-0.2175087,-0.15951642,-0.22338755,-0.19509606,-0.29867563,-0.29210672,-0.19667146,-0.107517004,-0.09162698,-0.13691942,-0.15420863,-0.23188588,-0.19221072,-0.14605981,1.3374017,-0.18204582,-0.18279888,-0.19569197,-0.19706456,-0.2023951,-0.1569567,-0.12565039,-0.14333138,-0.09274446,-0.09612824,-0.17021438,-0.14188924,-0.13743341,-0.14635234,3.9944494,-0.15030201,3.5612583,-0.22333384,-0.18717936,-0.20047067,-0.14523062,-0.14864095,-0.13053814,-0.1423758,-0.15031597,-0.16320157,-0.1458214,-0.16278498,-0.1583758,-0.14998752,-0.14654186,-0.15623127,-0.15256757,-0.22480208,-0.120334074,-0.14099328,-0.118376724,-0.16017808,-0.17290244,-0.15476173,-0.166944,-0.11139822,-0.1388583,-0.13027036,-0.12847662,-0.15152657,-0.14210713,-0.11558974,-0.10065024,-0.09120208,-0.10590576,-0.12055252,-0.13470438,-0.15027548,-0.15948254,-0.1185138,-0.11129953,-0.1578567,-0.17738779,-0.13323897,-0.16263145,-0.25953975,-0.14796996,-0.1323711,-0.14120416,-0.15095688,-0.17780018,-0.1624754,-0.22917573,-0.09015879,-0.1102245,-0.13439256,-0.12955528,-0.13997786,-0.1725266,-0.13908121,-0.16057305,-0.12777606,-0.07092635,-0.03704006,-0.13679063,-0.16128144,-0.17754392,-0.14332479,-0.12334781,-0.13527912,6.4910555,-0.13794407,-0.25318068,-0.26654312,-0.08434163,-0.10945694,-0.14400706,-0.09238048,-0.18629631,-0.18895505,-0.15246521,-0.09098208,-0.13230102,-0.14885145,-0.14970222,-0.158164,-0.16950902,-0.18236583,-0.08861096,-0.1236813,-0.14057097,-0.10256614,-0.17951453,-0.19495486,-0.18966049,-0.10057008,-0.13113372,-0.080718026,-0.12768565,-0.19006202,-0.191955,-0.19008648,-0.12331271,-0.076385766,-0.09763978,-0.11855045,-0.13624498,-0.12406494,-0.121451,-0.09513885,-0.09720805,-0.10880041,-0.082459606,-0.1131357,-0.13215765,-0.16607085,3.718745,-0.13589898,-0.18093297,-0.17825818,-0.19264585,-0.14419034,-0.15549555,-0.13508742,-0.119081676,1.6413321,2.318492,-0.18968011,-0.18001364,3.2227385,-0.25103784,0.6646213,-0.1885827,-0.1895236,-0.18124944,-0.172679,2.414833,-0.08916744,-0.11956477,-0.12763423,-0.15751183,-0.20931396,-0.18224281,-0.29657933,0.9526171,-0.15115106,-0.3242122,-0.17325558,-0.17108874,-0.2185038,-0.17647925,-0.114121355,-0.13942538,-0.15388772,-0.15788373,-0.22984435,-0.18186735,-0.25435472,-0.104762875,-0.12455491,-0.13813546,-0.12412843,-0.15189947,-0.15449229,-0.15547109,-0.14014931,-0.15141064,-0.16222453,-0.15440315,-0.15277895,-0.1522783,-0.13367678,-0.12291549,-0.14571159,-0.18889508,-0.17610243,-0.21025829,-0.3990198,-0.2015641,-0.11360121,-0.1296617,-0.11870189,-0.14734009,-0.16636807,-0.18518409,-0.18998644,-0.13118283,-0.077745326,-0.15232012,-0.13926868,-0.14106366,-0.118085146,-0.19987361,-0.1649412,-0.1576164,-0.14099284,-0.12356115,-0.12722544,-0.14610182,-0.2588673,-0.1075051,-0.13074079,-0.09132757,-0.12832497,-0.12906754,-0.14914429,-0.15115556,-0.0968579,-0.08910369,-0.124233775,-0.11078441,-0.1374428,-0.15015097,-0.16924909,-0.1423793,-0.116407305,-0.17265975,-0.15125664,-0.14193538,-0.12541024,-0.14141159,-0.17466888,-0.13176009,-0.1319134,-0.14522518,-0.12296419,-0.08722703,-0.05825615,-0.14293388,-0.17082691,-0.026243303,-0.16500534,-0.2829064,-0.31316653,-0.19696012,-0.1450896,-0.14331596,-0.14862512,-0.12963767,-0.25088155,-0.1923931,-0.1869829,-0.09525131,-0.109506324,-0.10702289,-0.09457194,-0.12759323,-0.15213367,-0.15746465,-0.16605616,-0.12812386,-0.0969081,-0.16398169,-0.14322454,-0.11335766,-0.18846886,-0.1706479,-0.15308672,-0.12562206,-0.115196005,-0.11305974,-0.11662802,-0.17479286,-0.13813195,-0.13416187,-0.096878245,-0.121191755,-0.09245818,-0.12434345,-0.13544506,-0.063823454,-0.13877153,-0.11419349,-0.1333876,-0.24483351,-0.2571875,-0.29957527,-0.14558822,-0.15596724,-0.13202581,-0.19104545,-0.0782174,-0.17116106,-0.16328317,-0.09859173,-0.11065883,-0.11469039,-0.076612435,-0.083404,-0.1213824,-0.13072303,-0.13855581,-0.19385117,-0.099589884,-0.1545882,-0.19487974,-0.18955106,-0.18545051,-0.11144458,-0.1425235,-0.10348549,-0.15832102,-0.19255382,-0.1717619,-0.16777524,-0.1423167,-0.14203268,-0.10210668,-0.15252165,-0.160644,-0.17956734,-0.19346726,-0.12123564,-0.14673033,-0.11376931,-0.08092384,-0.14241064,-0.20725825,-0.15980838,-0.125103,-0.15657571,-0.15690626,-0.14297679,-0.19202894,-0.16155747,-0.18058345,-0.2963242,-0.19611493,-0.17981482,-0.17071816,-0.19159093,-0.15674928,-0.14054683,-0.1300976,-0.12557748,-0.13782823,-0.16181886,4.2392554,-0.16571309,-0.17982996,-0.19110411,-0.11441202,-0.14990789,-0.14011055,-0.17666441,-0.16589299,-0.16347699,-0.14331086,-0.18237996,-0.12790868,-0.15238543,-0.13692318,-0.24156228,-0.17804727,-0.103619084,-0.13482276,-0.14160602,-0.1732286,-0.11050679,-0.13424748,-0.15153182,-0.15905309,-0.18053691,-0.15347567,-0.148496,-0.19184028,-0.17410515,-0.16318461,-0.14723541,-0.14623587,-0.11499533,-0.10471026,-0.13469517,-0.20148799,-0.17575568,-0.12513243,-0.16443108,-0.18041904,-0.18738703,-0.11705899,-0.17517555,-0.2567917,-0.09318511,-0.0929057,-0.11481139,-0.13573265,-0.14742047,-0.09900853,-0.18734601
k__Bacteria|p__Firmicutes|c__Clostridia|o__Eubacteriales|f__Peptostreptococcaceae|g__Terrisporobacter|s__Terrisporobacter_othiniensis,-0.1004395,-0.12316422,-0.14098585,-0.20428483,-0.16628978,-0.19241115,-0.1666669,-0.14445561,-0.12448863,-0.1827796,-0.18211445,-0.22410575,-0.16861135,-0.20366299,-0.10265678,-0.09887707,-0.058144663,-0.09929049,-0.10738489,-0.16993077,-0.1978925,-0.12536043,-0.13570794,-0.15158248,-0.17055894,-0.11658599,-0.16666692,-0.17310528,-0.1509206,-0.12124001,-0.13452968,-0.10527284,-0.14769375,-0.19454902,-0.18814608,-0.2175087,-0.160259,-0.22338755,-0.19606194,-0.29867563,-0.29210672,-0.19684756,-0.10675964,-0.09162698,-0.13691942,-0.15437622,-0.23188588,-0.19266978,-0.14601141,-0.2026537,-0.18313053,-0.18279888,-0.1960192,-0.19707981,-0.20176235,-0.15678175,-0.12517366,-0.14305091,-0.09180842,-0.09524813,-0.17040062,-0.14155616,-0.13743341,-0.14625245,-0.12719077,-0.1505264,-0.2613474,-0.22333384,-0.1878415,-0.20047067,-0.14497295,-0.14852265,-0.13013598,-0.14197788,-0.14986613,-0.16312522,-0.14600042,-0.16278498,-0.15869176,-0.14998752,-0.14650007,-0.15634409,-0.152466,-0.22480208,-0.120334074,-0.1408345,-0.11786449,-0.16008675,-0.17318918,-0.15491816,-0.16738321,-0.11139822,-0.1388583,-0.13027036,-0.12800162,-0.15152657,-0.14197853,-0.11503131,-0.10065024,-0.09014113,-0.10500299,-0.11989497,-0.13437682,-0.15027548,-0.15961817,-0.1185138,-0.11129953,-0.1578567,2.3231277,-0.13283485,-0.16309112,-0.25953975,-0.14804463,-0.13211043,-0.14092214,-0.15095688,-0.17780018,-0.16283894,-0.22917573,-0.09015879,-0.10976124,-0.13411744,-0.12903729,-0.13997786,-0.1728612,-0.13908121,-0.16057305,-0.12777606,-0.07092635,-0.03704006,-0.13648267,-0.16131914,-0.17795373,-0.14332479,-0.12334781,-0.13510361,-0.12023825,-0.1376267,-0.25318068,-0.26654312,-0.08326244,1.8200186,-0.1436745,-0.09238048,-0.18685651,-0.18930158,-0.15245348,-0.090025604,-0.13230102,-0.1488803,-0.14962319,-0.1582034,-0.16967633,-0.18262458,-0.08760503,-0.12312734,-0.14048368,-0.10256614,-0.17951453,-0.19495486,-0.19004504,-0.09974152,-0.13113372,-0.07917449,-0.12718177,-0.19006202,-0.19231689,-0.19064587,-0.12289267,-0.07514174,-0.09667474,-0.11793647,-0.13590772,-0.12406494,-0.121451,-0.094183005,-0.09626837,-0.10802488,-0.082459606,-0.11226593,-0.13160641,-0.16622412,-0.1410757,-0.1358583,-0.18093297,-0.17825818,-0.19308013,-0.14394128,-0.15549555,-0.13477835,-0.119081676,-0.14001076,1.4389967,-0.19022515,-0.18055922,-0.19755594,4.9741983,4.8837123,-0.18932937,-0.19014993,-0.18166012,-0.17308375,-0.27554205,-0.08916744,-0.11956477,-0.12744212,-0.15751183,-0.20931396,-0.18224281,-0.29657933,-0.32474133,-0.1524066,-0.3242122,-0.17325558,-0.17108874,-0.2185038,-0.17647925,-0.114121355,-0.13933632,-0.15388772,-0.15788373,-0.22984435,-0.18186735,-0.25469112,-0.10399024,-0.12455491,-0.13787813,-0.12362231,-0.15189947,-0.15420304,-0.15544319,-0.14014931,3.5690548,-0.16221529,-0.15454245,-0.1527659,-0.15232453,-0.1333741,-0.12255123,-0.14567654,-0.18928769,-0.17624249,-0.21025829,-0.3990198,-0.20106871,-0.11298331,-0.1296617,-0.117843956,-0.14723736,-0.16636807,-0.18555433,-0.19061969,-0.13113824,-0.07637403,-0.15214628,-0.139168,-0.14106366,-0.11769476,-0.19987361,-0.1649412,-0.15800816,-0.14084232,-0.12298448,-0.12722544,-0.14610182,-0.2588673,-0.106895626,-0.13074079,-0.09132757,-0.12832497,-0.12861681,-0.14909826,-0.15109372,-0.09594083,-0.08910369,-0.1236892,-0.11006023,-0.1372647,-0.1500715,-0.1694369,-0.1422484,-0.115979776,-0.17297012,-0.15117495,-0.14171499,-0.124822676,-0.14144132,-0.17466888,1.7467093,-0.13160175,-0.14493951,-0.122370094,2.2095826,-0.05825615,-0.14277413,-0.17082691,-0.026243303,-0.16581032,-0.2829064,-0.31316653,-0.19690461,-0.14500481,-0.14331596,-0.14862512,-0.12963767,-0.25088155,-0.19275698,-0.187493,-0.09431548,-0.10878008,-0.10702289,-0.09313992,-0.12759323,-0.1522206,-0.15746465,-0.16624424,-0.12812386,-0.0969081,-0.16398169,-0.14288387,-0.11335766,-0.18846886,2.7084882,-0.15324566,-0.1251171,-0.115196005,-0.11237045,-0.11662802,-0.1750436,-0.13782403,-0.13366556,-0.096878245,-0.12044358,-0.09140215,-0.12434345,-0.13532698,-0.063823454,-0.13877153,-0.11419349,-0.13316953,-0.24483351,-0.2571875,-0.29957527,-0.14548722,-0.15592802,-0.13151205,-0.19104545,-0.0782174,-0.17132586,-0.16341402,-0.09859173,-0.11065883,-0.11415236,-0.076612435,-0.083404,-0.1213824,-0.13072303,7.0712705,3.9419703,-0.09859371,-0.1548366,-0.19487974,-0.19017267,-0.18587366,-0.110847905,-0.1423593,-0.10250245,-0.15830709,-0.19300649,-0.17175317,-0.16828932,-0.14215451,-0.14178514,-0.10145788,-0.15249091,-0.1607768,-0.1801029,-0.19408631,-0.12066749,-0.14650396,-0.11334552,-0.07973141,-0.14224806,-0.20725825,-0.16014072,-0.125103,-0.15657571,-0.15690626,-0.14293616,-0.19202894,-0.16179425,-0.18097973,2.6994755,-0.19700113,-0.18007831,-0.1709159,-0.1920689,-0.15670562,-0.14054683,-0.1297405,-0.12557748,-0.13756707,-0.16273014,-0.30584824,-0.1659131,-0.18000144,-0.19179457,-0.11441202,-0.14975758,-0.13999958,-0.17713986,-0.16597262,-0.16372004,-0.14331086,-0.18237996,-0.1278081,-0.15249944,-0.13669059,-0.24156228,-0.17874068,-0.10288766,-0.13464376,-0.14121163,-0.17341301,-0.10997257,-0.13389309,-0.15150633,-0.15919538,-0.18101197,-0.15323526,-0.1482731,1.1317767,-0.17448457,-0.16327393,5.8772388,7.2981696,3.6086862,5.183776,-0.13436607,-0.20148799,-0.17620319,-0.12513243,-0.1650915,3.2613049,-0.18738703,-0.11705899,-0.17526266,-0.25761172,-0.092210025,-0.09192427,-0.1142472,-0.13531405,-0.14720567,-0.09814374,-0.18794033
k__Bacteria|p__Firmicutes|c__Bacilli|o__Lactobacillales|f__Streptococcaceae|g__Lactococcus|s__Lactococcus_lactis,-0.1004395,-0.12316422,-0.1425451,-0.20428483,-0.16746679,-0.19354299,-0.1666669,-0.14508276,-0.12583351,-0.18353868,-0.18352678,-0.22463307,-0.1686401,-0.204691,-0.10336472,-0.09938373,-0.058144663,-0.09946353,-0.1081901,-0.17102432,-0.1978925,-0.12536043,-0.13624264,-0.1519956,-0.17150871,-0.11658599,-0.16755854,-0.17351806,-0.1509206,-0.12124001,-0.1352206,-0.10645294,-0.14850834,-0.19600478,-0.18887043,-0.2175087,-0.16162215,-0.22338755,-0.19760752,-0.29867563,-0.29210672,-0.19837202,-0.107436225,-0.09162698,-0.13691942,-0.15518658,-0.23188588,-0.19391441,-0.14672655,1.2210357,-0.1849555,2.4196963,-0.19786423,-0.19821402,-0.20284247,-0.15673423,-0.12584713,-0.14374495,-0.09226595,-0.096035816,-0.17124236,-0.14210021,-0.13743341,-0.14692226,-0.12719077,-0.1518125,-0.2613474,-0.22333384,-0.1893171,0.82084113,-0.1455309,-0.14921232,-0.13098422,-0.14280412,-0.15016612,-0.16364014,-0.14633797,-0.16278498,-0.15984884,-0.14998752,-0.14716977,-0.15735842,-0.15324816,-0.22480208,-0.120334074,-0.14156142,-0.1185838,-0.16079423,-0.17385766,-0.15589958,-0.1678496,-0.11139822,-0.1388583,-0.13027036,-0.128779,-0.15152657,-0.1427455,-0.115427755,-0.10065024,-0.09092587,-0.10567331,-0.12075276,-0.13513663,-0.15027548,-0.1600814,4.4206915,3.4808447,4.143511,0.73823524,-0.13344699,-0.16478083,0.6379101,-0.14883417,-0.13301025,-0.14180264,-0.15095688,-0.17780018,-0.16454396,-0.22917573,-0.09015879,-0.11036676,-0.13490464,-0.12969244,-0.13997786,-0.17388357,-0.13908121,-0.16057305,-0.12777606,-0.07092635,-0.03704006,-0.13758665,-0.16206637,-0.1785011,-0.14332479,-0.12334781,-0.13608274,-0.12023825,-0.13813189,-0.25318068,2.5546002,-0.08383055,-0.10945694,-0.14412957,-0.09238048,-0.18783653,-0.19033985,-0.15290514,-0.0906367,-0.13230102,-0.14966223,-0.15045959,-0.15896532,-0.17065708,-0.1831286,-0.088379174,-0.123745665,-0.14098205,-0.10256614,-0.17951453,-0.19495486,-0.19072269,-0.10039863,-0.13113372,-0.079968095,-0.12820253,-0.19006202,-0.19336501,-0.19152305,-0.12306226,-0.07595961,-0.09752484,-0.118878804,-0.13653046,-0.12406494,-0.121451,-0.09472361,-0.09700945,-0.10871909,-0.082459606,-0.113141894,-0.13236144,-0.16674446,-0.1410757,-0.13673362,-0.18093297,-0.17825818,-0.1943124,-0.14499119,-0.15549555,-0.13537098,-0.119081676,-0.14001076,-0.19117098,-0.1914169,-0.18173566,-0.19755594,2.2109673,-0.20219928,-0.190468,-0.19157061,-0.18265125,-0.17452209,-0.27554205,-0.08916744,-0.11956477,-0.12843582,-0.15751183,-0.20931396,-0.18224281,-0.29657933,-0.32474133,-0.15325996,-0.3242122,-0.17325558,-0.17108874,-0.2185038,-0.17647925,-0.114121355,-0.14035165,-0.15388772,-0.15788373,-0.22984435,-0.18186735,-0.25757587,-0.10465431,-0.12455491,-0.13865837,-0.12436266,-0.15189947,-0.15473261,-0.15577015,-0.14014931,-0.15141064,-0.16270311,-0.15542668,-0.15340868,-0.15323788,-0.13399595,-0.123191796,-0.14668456,-0.18972316,-0.1769905,-0.21025829,-0.3990198,-0.20312694,-0.11365004,-0.1296617,-0.1187482,-0.14795265,-0.16636807,-0.18631554,-0.19175434,-0.1317046,-0.07735418,-0.15304753,-0.13998139,-0.14106366,-0.11766571,-0.19987361,-0.1649412,-0.15903866,-0.14167118,-0.12371,-0.12722544,-0.14610182,-0.2588673,-0.10757558,-0.13074079,-0.09132757,-0.12832497,-0.12900397,-0.14986783,-0.1513306,-0.09645824,2.53393,-0.12441006,-0.11092292,-0.1379935,-0.15099683,-0.16998824,-0.14300118,-0.11667499,-0.1738125,-0.15201788,-0.14214917,-0.1258052,-0.14155468,-0.17466888,-0.13176009,-0.13236734,-0.14572328,-0.12285625,-0.08722703,-0.05825615,-0.14337313,-0.17082691,-0.026243303,-0.16748878,-0.2829064,-0.31316653,-0.19836207,-0.14562388,-0.14331596,-0.14862512,-0.12963767,-0.25088155,-0.19399059,-0.18830909,-0.09478435,-0.109502554,-0.10702289,-0.09362462,-0.12759323,-0.15303189,-0.15746465,-0.16698638,0.73303634,-0.0969081,-0.16398169,-0.14318858,-0.11335766,-0.18846886,-0.1706479,-0.15392451,-0.12578781,-0.115196005,-0.11295872,-0.11662802,-0.17563367,-0.13841893,-0.13428181,-0.096878245,-0.12132608,-0.09191038,-0.12434345,-0.13554104,-0.063823454,-0.13877153,-0.11419349,-0.1339063,-0.24483351,-0.2571875,-0.29957527,-0.14630462,-0.15670067,-0.13255337,-0.19104545,-0.0782174,-0.17252646,-0.16397096,-0.09859173,-0.11065883,-0.114385076,-0.076612435,-0.083404,-0.1213824,-0.13072303,-0.13855581,-0.19385117,-0.09919897,-0.1560869,-0.19487974,-0.19143775,-0.18676373,-0.11145517,-0.14302827,-0.10326122,-0.15904456,-0.19451854,-0.17213684,-0.16921693,-0.14288965,-0.1425128,-0.102459244,-0.15330043,-0.16170101,-0.18119836,-0.19512412,-0.121350735,-0.14715415,-0.11419582,-0.08064629,-0.14336535,-0.20725825,-0.16084597,-0.125103,-0.15657571,-0.15690626,-0.14403558,-0.19202894,-0.16277358,-0.18150695,-0.2963242,-0.19998962,-0.18151534,-0.17213228,-0.19336408,-0.15771459,5.9092536,-0.13051727,-0.12557748,-0.13849865,-0.16364428,0.58531636,-0.16707076,-0.18084584,-0.19294465,-0.11441202,-0.15043291,-0.14089897,-0.17806943,-0.16694722,-0.1642909,-0.14331086,-0.18237996,-0.12899421,-0.15343723,-0.13788967,0.6515151,-0.18008904,-0.103436306,-0.13556194,-0.14182407,-0.17428648,-0.110594526,-0.13488902,-0.15168615,-0.15970638,-0.1823214,-0.15374774,-0.14934039,-0.19184028,-0.17562988,-0.16351233,-0.14723541,-0.14623587,-0.11499533,-0.10471026,-0.13525566,-0.20148799,-0.17670143,-0.12513243,-0.1663173,-0.18041904,-0.18738703,-0.11705899,-0.17530864,-0.26045382,-0.09292856,-0.092499316,-0.115271404,-0.1360519,-0.1479578,-0.09894881,-0.18876864
k__Bacteria|p__Firmicutes|c__Clostridia|o__Eubacteriales|f__Clostridiaceae|g__Clostridiaceae_unclassified|s__Clostridiaceae_bacterium_OM02_2AC,-0.1004395,-0.12316422,-0.14148669,-0.20428483,-0.16638052,-0.1925475,-0.1666669,-0.14480172,-0.1250909,-0.18259388,-0.18240541,-0.22309555,-0.16846101,-0.20351884,-0.10356222,-0.09967823,-0.058144663,-0.10016121,-0.1080899,-0.17029762,-0.1978925,-0.12536043,-0.13622525,-0.15201013,-0.17084077,-0.11658599,-0.16684759,-0.1732685,-0.1509206,-0.12124001,-0.13504395,-0.106114194,-0.1480955,-0.19464976,-0.18828255,3.8592608,-0.1604099,-0.22338755,-0.1959853,3.5225947,3.7876527,-0.19727176,-0.10763784,-0.09162698,-0.13691942,-0.15458837,-0.23188588,-0.19272928,-0.14636345,-0.2026537,-0.18281755,-0.18279888,-0.19598177,-0.19720516,-0.20188501,-0.15718904,-0.12583733,-0.14363842,-0.09283976,-0.0961848,-0.17069149,-0.14221916,-0.13743341,-0.14669764,-0.12719077,-0.15098488,-0.2613474,-0.22333384,-0.18800622,-0.20047067,-0.14550152,-0.14894134,-0.13077402,-0.14255273,-0.15051451,-0.16348532,-0.14630613,-0.16278498,-0.15883671,-0.14998752,-0.14693172,-0.15664802,-0.152923,-0.22480208,-0.120334074,-0.14135677,-0.11851899,-0.16056992,-0.17338179,-0.15521815,-0.16739327,-0.11139822,-0.1388583,-0.13027036,-0.1286986,-0.15152657,-0.1423732,-0.115587994,-0.10065024,-0.0910664,-0.10590953,-0.120739914,-0.13502106,-0.15027548,-0.15989928,-0.1185138,-0.11129953,-0.1578567,-0.17738779,-0.13351117,-0.16335668,-0.25953975,-0.14837855,-0.13260946,-0.14138794,5.1439424,5.000682,-0.16319123,-0.22917573,-0.09015879,-0.11040336,-0.13468999,-0.12963907,1.7389606,-0.17302221,2.5156124,-0.16057305,-0.12777606,-0.07092635,-0.03704006,-0.13704136,-0.16175099,-0.17801853,-0.14332479,-0.12334781,-0.13566786,-0.12023825,-0.1381675,-0.25318068,-0.26654312,-0.08429368,-0.10945694,-0.14433494,-0.09238048,-0.18687496,-0.18927014,-0.15251301,-0.09097804,-0.13230102,-0.14925544,-0.1499936,-0.15850386,-0.16992928,-0.18294962,-0.088603854,-0.12381396,-0.14106528,-0.10256614,-0.17951453,-0.19495486,-0.19014575,-0.10055444,-0.13113372,-0.08038559,-0.12796341,-0.19006202,-0.19234672,-0.19064805,-0.12356818,-0.076267675,-0.09766834,-0.11866015,-0.13643613,-0.12406494,-0.121451,-0.09508469,-0.09716566,-0.10887772,-0.082459606,-0.113117926,-0.13234359,-0.1665427,-0.1410757,-0.13620852,-0.18093297,-0.17825818,-0.19313788,-0.14455119,-0.15549555,-0.13536993,-0.119081676,-0.14001076,-0.19117098,-0.19016555,-0.18056689,-0.19755594,-0.25103784,-0.20219928,-0.18920681,-0.1900463,-0.18165435,-0.17326365,-0.27554205,-0.08916744,-0.11956477,-0.12795359,-0.15751183,-0.20931396,-0.18224281,-0.29657933,-0.32474133,-0.15208429,-0.3242122,-0.17325558,-0.17108874,-0.2185038,-0.17647925,-0.114121355,-0.13971272,-0.15388772,-0.15788373,-0.22984435,1.2600996,-0.2539281,-0.104819804,-0.12455491,-0.13837583,-0.1242877,-0.15189947,-0.15476401,-0.15581408,-0.14014931,-0.15141064,-0.16261566,-0.15485507,-0.15316272,-0.15270957,-0.13380806,-0.12311399,-0.14605394,-0.18926777,-0.17633721,-0.21025829,-0.3990198,-0.20145516,-0.11371064,-0.1296617,-0.11870755,-0.14763863,-0.16636807,-0.18575527,-0.19065537,-0.13158402,-0.07761864,-0.15278365,-0.13966511,-0.14106366,-0.11827182,-0.19987361,-0.1649412,-0.15816519,-0.14134328,-0.1236407,-0.12722544,-0.14610182,-0.2588673,-0.10767244,-0.13074079,-0.09132757,-0.12832497,-0.1292054,-0.14951697,-0.15145704,-0.09684512,-0.08910369,-0.12444687,-0.11090473,-0.13776734,-0.15052855,-0.16972402,-0.14272256,-0.11661221,-0.17321871,-0.15154524,-0.14216655,-0.12547809,-0.14166728,-0.17466888,-0.13176009,-0.13225585,-0.14547278,-0.12299526,-0.08722703,-0.05825615,-0.14322934,3.5064342,-0.026243303,-0.16606997,3.4533906,5.117461,-0.1972089,-0.14544004,-0.14331596,-0.14862512,-0.12963767,-0.25088155,-0.19279757,-0.18763304,-0.09522441,-0.109629646,2.5397472,-0.0943802,-0.12759323,-0.15261379,-0.15746465,-0.16638114,-0.12812386,-0.0969081,-0.16398169,-0.14352205,-0.11335766,-0.18846886,-0.1706479,-0.15350802,-0.12581143,-0.115196005,-0.113180734,-0.11662802,-0.17530209,-0.1383526,-0.13434471,-0.096878245,-0.12121998,-0.0923897,-0.12434345,-0.13571468,-0.063823454,-0.13877153,-0.11419349,-0.13374384,-0.24483351,-0.2571875,-0.29957527,-0.14596622,-0.15630955,-0.13222176,-0.19104545,-0.0782174,-0.17170481,-0.16362426,-0.09859173,-0.11065883,-0.11485483,-0.076612435,-0.083404,-0.1213824,-0.13072303,-0.13855581,-0.19385117,-0.09963168,-0.1552679,-0.19487974,-0.19011895,-0.18595907,-0.11158544,-0.1428054,-0.103513464,-0.15880552,-0.19310486,-0.17219993,-0.16833466,-0.14262843,-0.14229727,-0.10223134,-0.15288725,-0.16099,-0.18009466,-0.1938391,-0.12142194,-0.1470191,-0.11402483,-0.08087956,-0.14285155,-0.20725825,-0.16034898,-0.125103,-0.15657571,-0.15690626,-0.14341636,-0.19202894,-0.1621241,-0.1811738,6.7554345,-0.1968436,-0.18010038,-0.17096283,-0.19200909,-0.15697007,-0.14054683,-0.1303904,-0.12557748,-0.13823545,-0.16280377,-0.30584824,-0.16617599,-0.18024501,-0.19164342,-0.11441202,-0.15027633,-0.1404446,-0.17726739,-0.1662584,-0.16397661,-0.14331086,-0.18237996,-0.1283481,-0.15295088,-0.13727349,-0.24156228,-0.17874296,-0.103663936,-0.13514706,-0.14175734,-0.17377342,-0.11066052,-0.13453163,-0.15176155,-0.15941939,-0.1809957,-0.15379168,-0.1489332,-0.19184028,-0.17474541,-0.16352007,-0.14723541,-0.14623587,-0.11499533,-0.10471026,-0.13504201,-0.20148799,-0.17634146,-0.12513243,-0.1652201,-0.18041904,-0.18738703,-0.11705899,-0.17554976,-0.257069,-0.09317802,-0.09285649,-0.11505265,-0.13591112,-0.1477077,-0.09904614,-0.18797806
k__Bacteria|p__Firmicutes|c__Clostridia|o__Eubacteriales|f__Lachnospiraceae|g__GGB3746|s__GGB3746_SGB5089,-0.1004395,-0.12316422,-0.14121702,-0.20428483,-0.16617498,-0.1922296,-0.1666669,-0.14465758,-0.124671094,-0.1824817,-0.18234181,-0.22886102,-0.1683055,-0.20659432,-0.1034234,-0.10014062,-0.058144663,-0.100039154,-0.107772104,-0.1697401,0.66124225,-0.12536043,-0.13571699,-0.15151232,-0.17060466,-0.11658599,-0.16649589,-0.17303447,-0.1509206,-0.12124001,-0.13475159,-0.1059421,-0.14778617,-0.19482076,-0.18815237,-0.2175087,-0.15992305,-0.22338755,-0.19644341,-0.29867563,2.0933905,-0.19740936,-0.10745756,-0.09162698,-0.13691942,-0.15443957,-0.23188588,-0.19262952,-0.14601502,-0.2026537,-0.1825219,-0.18279888,-0.19645803,-0.19755155,-0.20313096,-0.15685989,-0.12550959,-0.1433186,-0.092224285,-0.095773205,-0.17019834,-0.14158553,-0.13743341,-0.14640507,0.91439754,-0.15055814,-0.2613474,-0.22333384,-0.1877144,-0.20047067,-0.14511839,-0.1486074,-0.1305134,-0.14223245,-0.14983788,-0.16304998,-0.14579871,-0.16278498,-0.15875271,-0.14998752,-0.14646986,-0.1563962,-0.15238622,-0.22480208,-0.120334074,-0.14102416,-0.11815181,-0.15999487,-0.17297181,-0.15499467,-0.16719928,-0.11139822,-0.1388583,-0.13027036,-0.1281369,-0.15152657,-0.14177427,-0.11534698,-0.10065024,-0.09084972,-0.105551496,-0.12034619,-0.13458312,-0.15027548,-0.159598,-0.1185138,-0.11129953,-0.1578567,-0.17738779,-0.13330793,-0.1629853,-0.25953975,-0.14810702,-0.13242078,-0.14128608,-0.15095688,-0.17780018,-0.16284075,4.2608075,-0.09015879,-0.11005421,-0.13437717,-0.12938131,-0.13997786,-0.17290175,-0.13908121,-0.16057305,-0.12777606,-0.07092635,-0.03704006,-0.13679567,-0.16120337,-0.1778545,-0.14332479,-0.12334781,-0.13540138,-0.12023825,-0.13778728,2.1741657,-0.26654312,-0.08394726,-0.10945694,-0.14394292,-0.09238048,-0.18665671,-0.18937394,-0.15266883,-0.0906408,-0.13230102,-0.14893365,-0.14975682,-0.15823957,-0.1695733,-0.18239427,-0.08830084,-0.12365924,-0.14118637,-0.10256614,-0.17951453,-0.19495486,-0.1899813,-0.100189775,-0.13113372,-0.08029067,-0.12746184,-0.19006202,-0.19226742,-0.19063771,-0.12322361,-0.07591188,-0.09742434,-0.11849287,-0.13621268,-0.12406494,-0.121451,-0.09492249,-0.09705794,-0.10873657,-0.082459606,-0.1128792,-0.13188818,-0.16629022,-0.1410757,-0.13591422,-0.18093297,-0.17825818,-0.19320807,-0.14419842,-0.15549555,-0.13504925,-0.119081676,-0.14001076,1.3860605,-0.19048488,-0.18054,-0.19755594,-0.25103784,-0.20219928,-0.18880692,-0.18996918,-0.1815634,-0.17314823,-0.27554205,-0.08916744,-0.11956477,-0.12762074,-0.15751183,-0.20931396,-0.18224281,-0.29657933,-0.32474133,-0.15281966,-0.3242122,-0.17325558,-0.17108874,-0.2185038,-0.17647925,-0.114121355,-0.13950059,-0.15388772,-0.15788373,-0.22984435,-0.18186735,-0.2573392,-0.10452697,-0.12455491,-0.1380549,-0.12382189,-0.15189947,-0.15417996,-0.15539896,-0.14014931,-0.15141064,-0.16205254,-0.15446475,-0.15277475,-0.1525452,-0.13382365,-0.122668155,-0.145583,-0.18901443,-0.176155,-0.21025829,-0.3990198,-0.20264716,-0.113477185,-0.1296617,-0.11849351,-0.14718463,-0.16636807,-0.18543908,-0.19049548,-0.13145036,-0.07700358,-0.15222895,-0.13932288,-0.14106366,-0.117723025,-0.19987361,-0.1649412,-0.15797707,-0.14124767,-0.12346378,-0.12722544,-0.14610182,-0.2588673,-0.107419156,-0.13074079,-0.09132757,-0.12832497,-0.1287122,-0.14904039,-0.15111381,-0.09660053,-0.08910369,-0.12414479,-0.110553525,-0.13750258,-0.150121,-0.1694797,-0.14234057,-0.1161308,-0.17306238,-0.15119188,-0.1418617,-0.12522618,-0.14131567,-0.17466888,-0.13176009,-0.13177058,-0.14519352,-0.12279727,-0.08722703,-0.05825615,-0.14293364,-0.17082691,-0.026243303,-0.16647878,-0.2829064,-0.31316653,-0.1975779,-0.14507443,-0.14331596,-0.14862512,2.8685884,4.3633523,-0.19280002,-0.18731496,-0.094702676,-0.109332696,-0.10702289,-0.09383482,-0.12759323,-0.15227023,1.5059453,-0.16626652,-0.12812386,-0.0969081,-0.16398169,-0.14302388,-0.11335766,-0.18846886,-0.1706479,-0.1532354,-0.12540734,-0.115196005,-0.11281955,-0.11662802,-0.17511547,-0.13799083,-0.13407692,-0.096878245,-0.12111886,-0.09197287,-0.12434345,-0.13537565,-0.063823454,-0.13877153,-0.11419349,-0.13341805,-0.24483351,-0.2571875,-0.29957527,-0.14567643,-0.15603131,-0.13167168,4.1558547,-0.0782174,-0.17148323,-0.16354775,-0.09859173,-0.11065883,-0.11437827,-0.076612435,-0.083404,-0.1213824,-0.13072303,-0.13855581,-0.19385117,-0.09915131,-0.15481302,-0.19487974,-0.18992913,-0.18587977,-0.11118153,-0.14270362,-0.102813676,-0.15824088,-0.19287439,-0.17194635,-0.16830984,-0.14232557,-0.1421223,-0.10204737,-0.15262349,-0.16078052,-0.18006894,-0.19428934,-0.1209079,-0.14674518,-0.11376527,-0.0803916,-0.1423692,-0.20725825,-0.16010192,-0.125103,-0.15657571,-0.15690626,-0.14319456,-0.19202894,-0.16164905,-0.1807226,-0.2963242,-0.19782877,-0.18025343,-0.17112052,-0.19221926,-0.15697336,-0.14054683,-0.13004139,-0.12557748,-0.13790874,-0.16297406,-0.30584824,-0.16580422,-0.18000491,-0.19157057,-0.11441202,-0.14986025,-0.14021322,-0.17701888,-0.1659005,-0.16370839,-0.14331086,-0.18237996,-0.12802865,-0.15276583,-0.13690239,-0.24156228,-0.17883486,-0.10336465,-0.1348643,-0.1412831,-0.17339915,-0.11029403,-0.13409841,-0.15142758,-0.15936133,-0.18094534,-0.15329584,-0.14830133,6.3594556,-0.17428312,-0.16313772,-0.14723541,-0.14623587,1.9367123,-0.10471026,-0.13454613,3.860487,-0.17597446,-0.12513243,-0.16558108,-0.18041904,-0.18738703,-0.11705899,-0.17499122,-0.25836527,-0.09292619,-0.09257464,-0.11471927,-0.13561818,-0.14749853,-0.09862667,-0.1878264
k__Bacteria|p__Firmicutes|c__Clostridia|o__Eubacteriales|f__Clostridiaceae|g__Clostridium|s__Clostridium_porci,-0.1004395,1.3358878,-0.14128855,-0.20428483,-0.16672546,-0.19302973,-0.1666669,-0.14466533,-0.12460534,-0.18245307,-0.18345487,-0.22808063,-0.16906723,-0.20648353,-0.10330072,-0.09952034,-0.058144663,-0.09941585,-0.107582554,-0.17013364,-0.1978925,-0.12536043,-0.13577364,-0.15179339,-0.17118427,-0.11658599,-0.1668114,-0.1733809,-0.1509206,-0.12124001,-0.13470662,-0.105802014,-0.14783968,-0.19559912,-0.18872806,2.559539,-0.16049063,3.754653,-0.19715258,1.9917672,-0.29210672,-0.19816032,-0.1072006,-0.09162698,-0.13691942,-0.15457952,-0.23188588,-0.19333836,-0.14622757,-0.2026537,-0.18335333,-0.18279888,-0.19700986,-0.19843936,-0.20368692,-0.15690216,-0.12547453,-0.14350544,-0.09189982,-0.095434986,-0.1706532,-0.1419141,-0.13743341,-0.14661738,-0.12719077,-0.1506766,-0.2613474,-0.22333384,-0.18853602,-0.20047067,-0.14530054,-0.14887166,-0.13048199,-0.14235522,-0.15015706,-0.16347376,-0.14607349,-0.16278498,-0.15911704,-0.14998752,-0.14666936,-0.15670595,-0.15264013,-0.22480208,-0.120334074,-0.14111385,-0.117986426,-0.16035903,-0.17348123,-0.1553336,-0.1675041,-0.11139822,-0.1388583,-0.13027036,-0.12815185,-0.15152657,-0.14196056,-0.11506322,-0.10065024,-0.090404585,-0.10529204,-0.12025885,-0.13466334,6.068174,-0.15986697,-0.1185138,-0.11129953,-0.1578567,-0.17738779,-0.13324702,-0.16334866,-0.25953975,-0.14825141,-0.13240424,-0.14133954,-0.15095688,-0.17780018,-0.16334304,-0.22917573,-0.09015879,-0.10967408,-0.13441873,-0.12939142,5.13811,-0.17339085,-0.13908121,4.20642,0.8181301,-0.07092635,-0.03704006,-0.13673288,-0.16162068,-0.17827609,-0.14332479,-0.12334781,-0.13547036,-0.12023825,-0.13790503,-0.25318068,-0.26654312,-0.08348723,-0.10945694,-0.14413533,-0.09238048,-0.18705812,-0.18998621,-0.15275913,-0.09021709,-0.13230102,-0.14908041,-0.14992858,-0.15848807,-0.17005233,-0.18308732,-0.087931156,-0.123438224,-0.14119852,-0.10256614,-0.17951453,-0.19495486,-0.19073336,-0.099867344,3.4060094,-0.07971669,-0.1275235,2.9514184,-0.19304514,-0.1913057,-0.12311435,-0.07556233,-0.097053185,-0.11833111,-0.13621515,-0.12406494,-0.121451,-0.09453578,-0.09676005,-0.1084567,3.4147723,-0.11268501,-0.13200518,-0.16658404,-0.1410757,-0.13588715,-0.18093297,-0.17825818,-0.19399363,-0.14442165,-0.15549555,-0.13508084,-0.119081676,-0.14001076,-0.19117098,-0.19108725,-0.1809478,3.120603,-0.25103784,-0.20219928,-0.1895029,-0.19057983,-0.18203425,-0.17353423,-0.27554205,-0.08916744,-0.11956477,-0.12753761,-0.15751183,-0.20931396,-0.18224281,-0.29657933,-0.32474133,-0.15211362,-0.3242122,-0.17325558,-0.17108874,-0.2185038,-0.17647925,-0.114121355,-0.1395404,-0.15388772,-0.15788373,-0.22984435,1.2783207,-0.25812757,-0.10428232,-0.12455491,-0.13807708,-0.12374117,-0.15189947,-0.15463662,-0.1556972,-0.14014931,-0.15141064,-0.16247171,-0.15481442,-0.15303472,-0.15284571,-0.13373703,-0.122612685,-0.14565936,-0.18952928,-0.1767792,1.5221038,-0.3990198,-0.20193973,-0.113277644,-0.1296617,-0.11827086,-0.14737831,-0.16636807,-0.18600671,-0.19120213,-0.13133805,-0.07669261,-0.15248655,-0.13946177,-0.14106366,-0.11733948,-0.19987361,-0.1649412,-0.15831491,-0.1413104,-0.12342976,-0.12722544,-0.14610182,5.6311107,-0.107131794,-0.13074079,-0.09132757,-0.12832497,-0.12863675,-0.14938354,-0.15128905,-0.096242175,-0.08910369,-0.1240322,-0.110437095,-0.13743992,-0.15039375,-0.16986188,-0.14252785,-0.11595484,-0.17338231,-0.1514876,-0.14190577,-0.12534928,-0.14127731,-0.17466888,-0.13176009,-0.13180289,-0.1454429,-0.12280082,-0.08722703,-0.05825615,-0.1431327,-0.17082691,-0.026243303,-0.16649938,-0.2829064,-0.31316653,-0.19785826,-0.1452355,-0.14331596,-0.14862512,-0.12963767,-0.25088155,-0.19365299,-0.18801647,-0.094514474,-0.1090391,-0.10702289,-0.093549535,-0.12759323,-0.15239406,-0.15746465,-0.16658545,-0.12812386,-0.0969081,-0.16398169,-0.14314644,-0.11335766,-0.18846886,-0.1706479,-0.15353712,-0.12544645,-0.115196005,-0.11261487,-0.11662802,-0.1754907,-0.13809338,-0.13424605,-0.096878245,-0.1210206,-0.09157075,-0.12434345,-0.13527626,-0.063823454,-0.13877153,-0.11419349,-0.13340545,-0.24483351,-0.2571875,-0.29957527,-0.1458507,-0.15631649,-0.13178374,-0.19104545,-0.0782174,-0.17195079,-0.16377296,-0.09859173,-0.11065883,-0.11420752,-0.076612435,-0.083404,-0.1213824,-0.13072303,-0.13855581,6.5410757,-0.099055,-0.15507123,-0.19487974,-0.19058669,-0.18644346,-0.11098367,-0.14278242,-0.10270349,-0.15850778,-0.1936117,-0.17211866,-0.1688488,-0.1424832,-0.14223257,-0.101715565,-0.15277827,-0.16102818,-0.18050447,-0.194861,-0.120911196,-0.14691545,-0.11355515,-0.079823315,-0.14236242,-0.20725825,-0.16047966,-0.125103,-0.15657571,-0.15690626,-0.14329298,-0.19202894,-0.16211018,-0.18133557,-0.2963242,-0.19843939,-0.18052876,-0.17143811,-0.19274946,-0.15725604,-0.14054683,-0.13008904,-0.12557748,-0.13815182,-0.16295633,-0.30584824,-0.16625892,-0.18076333,-0.19219393,-0.11441202,-0.15007941,-0.1402094,-0.17740102,-0.16636723,-0.16403563,-0.14331086,-0.18237996,-0.12801924,-0.15287751,-0.13702732,-0.24156228,-0.17932738,-0.10301888,-0.13489437,-0.14142087,-0.1739742,-0.11012651,-0.13418499,-0.1516164,-0.15953831,-0.18143053,-0.15357076,-0.14871953,3.4126873,-0.17501804,-0.16346228,-0.14723541,-0.14623587,-0.11499533,-0.10471026,-0.13450177,-0.20148799,-0.17659596,-0.12513243,-0.16556522,-0.18041904,-0.18738703,-0.11705899,-0.17548506,-0.2599712,-0.092578694,-0.09213424,-0.11458117,-0.13560835,-0.14769778,-0.098390564,-0.18842463
k__Bacteria|p__Firmicutes|c__Bacilli|o__Bacillales|f__Bacillales_unclassified|g__Gemella|s__Gemella_sanguinis,-0.1004395,-0.12316422,-0.14080365,-0.20428483,-0.16527238,-0.19240746,-0.1666669,-0.14532733,-0.12473412,-0.18386081,-0.18100558,-0.22476962,-0.16826777,-0.20306009,-0.10369934,-0.09982455,-0.058144663,-0.10113462,-0.10771599,-0.17051151,-0.1978925,-0.12536043,-0.13678946,-0.1528472,-0.17103136,-0.11658599,-0.16654542,-0.17420074,-0.1509206,-0.12124001,-0.13505068,-0.10562987,-0.14782974,-0.19481263,-0.18854499,-0.2175087,-0.15929464,-0.22338755,-0.195161,0.7913569,-0.29210672,-0.19722894,-0.10795894,-0.09162698,-0.13691942,-0.15411761,-0.23188588,-0.1921776,-0.14660975,-0.2026537,-0.18174958,-0.18279888,-0.1962142,-0.19735506,-0.20363384,-0.15958038,-0.126118,-0.14398316,-0.09359433,-0.09658866,-0.17098483,-0.142976,-0.13743341,-0.14683338,-0.12719077,-0.15071067,-0.2613474,-0.22333384,-0.18751349,-0.20047067,-0.14629193,-0.14928293,-0.130884,-0.14294018,-0.15214503,-0.16484836,-0.14728618,-0.16278498,-0.15817156,-0.14998752,-0.14711824,-0.15630154,-0.15328176,-0.22480208,-0.120334074,-0.14141116,-0.118593186,-0.1614491,-0.17401922,-0.15462328,-0.167822,-0.11139822,-0.1388583,-0.13027036,-0.12932229,-0.15152657,-0.14226806,-0.11657574,-0.10065024,-0.09117987,-0.10635794,-0.12119912,-0.1351114,-0.15027548,-0.16035452,1.760942,-0.11129953,-0.1578567,-0.17738779,-0.13476957,-0.16273652,-0.25953975,-0.1483553,-0.13210768,-0.14139251,-0.15095688,-0.17780018,-0.16205712,-0.22917573,-0.09015879,-0.1103615,-0.13467827,-0.13007855,-0.13997786,-0.17238025,-0.13908121,-0.16057305,-0.12777606,-0.07092635,-0.03704006,-0.13665798,-0.16177851,-0.17852235,-0.14332479,-0.12334781,-0.13541766,-0.12023825,-0.13837871,-0.25318068,1.6704861,-0.0844177,-0.10945694,-0.14508091,1.3772339,-0.18630464,-0.18875892,-0.15176165,-0.09100114,-0.13230102,-0.14910251,-0.14997397,-0.15878138,-0.16998868,-0.18414271,-0.08824304,-0.12473894,-0.14111339,-0.10256614,-0.17951453,-0.19495486,-0.19105962,-0.10104816,-0.13113372,-0.08122133,-0.12808582,-0.19006202,-0.1922884,-0.19048867,-0.12440448,-0.07626496,-0.09811048,-0.11872417,-0.13652155,-0.12406494,-0.121451,-0.095352665,-0.09712145,-0.10891052,-0.082459606,-0.11354237,-0.1324991,-0.16724886,-0.1410757,-0.13586022,-0.18093297,-0.17825818,-0.19263229,-0.14442858,-0.15549555,-0.136001,-0.119081676,-0.14001076,-0.19117098,-0.18937723,-0.18008293,-0.19755594,0.6288888,1.376738,-0.18809067,-0.18918705,-0.18138897,-0.1719887,-0.27554205,-0.08916744,-0.11956477,-0.1270504,-0.15751183,-0.20931396,-0.18224281,-0.29657933,-0.32474133,-0.14698434,-0.3242122,-0.17325558,-0.17108874,-0.2185038,-0.17647925,-0.114121355,-0.13914403,-0.15388772,-0.15788373,-0.22984435,1.0780565,-0.2530403,-0.10492734,-0.12455491,-0.13845044,-0.124630705,-0.15189947,-0.15529358,-0.15680283,-0.14014931,-0.15141064,-0.16364433,-0.1546748,-0.15353428,-0.15233704,-0.1338268,-0.12329014,-0.14614496,-0.19003475,-0.17603567,-0.21025829,0.883544,-0.20089433,-0.11393912,-0.1296617,-0.119593635,-0.14785323,-0.16636807,-0.18643355,-0.19042277,-0.13102865,-0.07780002,-0.15355721,-0.13924032,-0.14106366,-0.119131655,-0.19987361,-0.1649412,-0.157127,-0.1409301,-0.12375068,-0.12722544,-0.14610182,1.2398626,-0.10755195,-0.13074079,-0.09132757,-0.12832497,-0.12986656,-0.14905488,-0.1523431,-0.09719886,-0.08910369,-0.124713905,-0.11071078,-0.1376566,-0.1502649,-0.17031229,-0.14295164,-0.11640175,-0.17332536,-0.15140887,-0.14249319,-0.1251016,-0.14296061,-0.17466888,-0.13176009,-0.13245444,-0.14583978,-0.12343503,-0.08722703,-0.05825615,-0.14335658,-0.17082691,-0.026243303,-0.16429538,-0.2829064,-0.31316653,-0.1968265,-0.14569217,-0.14331596,-0.14862512,-0.12963767,-0.25088155,-0.19272204,-0.18809433,-0.09524087,-0.11029068,-0.10702289,-0.095993906,-0.12759323,-0.15229818,-0.15746465,-0.16690737,-0.12812386,-0.0969081,1.0510405,-0.14443296,-0.11335766,0.6280233,-0.1706479,-0.15330242,-0.12631243,-0.115196005,-0.113834016,-0.11662802,-0.1759426,-0.138823,-0.13483857,-0.096878245,-0.121496014,-0.09288733,1.9799742,-0.13618515,-0.063823454,-0.13877153,-0.11419349,-0.13345788,-0.24483351,1.7441691,-0.29957527,-0.14613271,-0.15655866,-0.13263561,0.8241223,-0.0782174,-0.1717946,-0.16418481,-0.09859173,-0.11065883,-0.11548956,-0.076612435,-0.083404,-0.1213824,-0.13072303,-0.13855581,-0.19385117,-0.100029245,-0.15529378,-0.19487974,-0.18950647,-0.18608457,-0.111759715,-0.14240703,-0.10435088,-0.16022302,-0.19313847,-0.17385054,-0.16758487,-0.14260736,-0.14261761,-0.10154123,-0.15290827,-0.16115786,-0.17936599,-0.19363265,-0.12177028,-0.14776388,-0.11401109,-0.08133146,-0.14311329,-0.20725825,-0.16013023,-0.125103,-0.15657571,-0.15690626,-0.1430741,-0.19202894,-0.1617586,-0.18183352,-0.2963242,-0.19297972,-0.17961375,-0.1698643,-0.19076176,-0.15648901,-0.14054683,-0.13034025,-0.12557748,-0.13806638,-0.16115351,-0.30584824,-0.16538389,-0.180805,-0.19120577,-0.11441202,-0.1505678,-0.14014968,-0.17705023,-0.16655368,-0.1644126,-0.14331086,-0.18237996,-0.12786296,-0.15269764,-0.13723548,-0.24156228,-0.17711963,-0.103911534,-0.13459456,-0.14257488,-0.17435168,-0.11029364,-0.13435027,-0.15306887,-0.15999602,-0.18006912,-0.15490124,-0.14927058,-0.19184028,-0.17402562,-0.16475904,-0.14723541,1.5246156,-0.11499533,-0.10471026,-0.13510987,-0.20148799,-0.17656085,-0.12513243,-0.16362435,-0.18041904,-0.18738703,-0.11705899,-0.17792417,-0.2559601,-0.093298614,-0.09320143,-0.114749774,-0.13639419,-0.14787194,-0.09875384,-0.18833919
k__Bacteria|p__Firmicutes|c__Bacilli|o__Bacillales|f__Staphylococcaceae|g__Staphylococcus|s__Staphylococcus_aureus,0.7546924,-0.12316422,-0.1400558,-0.20428483,-0.16445264,-0.1908548,-0.1666669,-0.14424339,-0.12423399,-0.18159251,-0.1798919,-0.2187947,-0.16620865,-0.1995663,-0.103294,-0.09905848,-0.058144663,-0.100431725,-0.107481465,-0.1692302,-0.1978925,-0.12536043,-0.13582775,-0.15161373,-0.16943207,-0.11658599,-0.16524217,-0.17244127,-0.1509206,-0.12124001,-0.13440058,-0.10527356,-0.14702567,-0.19261959,-0.18672098,2.9345946,-0.15882492,1.9165905,-0.19348007,2.3437047,1.4522375,-0.19530186,-0.10747456,-0.09162698,-0.13691942,-0.15303709,-0.23188588,-0.19058347,-0.14574823,-0.2026537,-0.18095335,-0.18279888,-0.19389448,-0.19488826,-0.20017003,-0.15741605,-0.12539504,-0.14297664,-0.093301,-0.09620866,-0.16962975,-0.14194864,-0.13743341,-0.1458742,-0.12719077,-0.14981955,-0.2613474,-0.22333384,-0.18614481,-0.20047067,-0.14513473,-0.14814991,-0.13008302,-0.14176324,-0.15060133,-0.16317087,-0.14618969,-0.16278498,-0.15720478,-0.14998752,-0.14607179,-0.1552947,-0.15218562,-0.22480208,-0.120334074,-0.14051256,-0.11796272,-0.1600562,-0.172555,-0.15373296,-0.16630587,-0.11139822,-0.1388583,-0.13027036,-0.12854978,-0.15152657,-0.14157207,-0.115700334,-0.10065024,-0.09082817,-0.10577613,-0.12048086,-0.13437234,-0.15027548,-0.15906024,-0.1185138,-0.11129953,2.862044,1.1728088,-0.1335584,-0.16180333,-0.25953975,-0.147428,-0.13145018,-0.14036891,-0.15095688,-0.17780018,-0.16154502,-0.22917573,3.7257328,-0.11006211,-0.13394424,-0.12911466,-0.13997786,-0.17116348,-0.13908121,-0.16057305,-0.12777606,-0.07092635,-0.03704006,-0.136082,-0.16069926,-0.17689314,-0.14332479,-0.12334781,-0.13473839,-0.12023825,-0.13738942,-0.25318068,-0.26654312,-0.08427437,-0.10945694,-0.14392531,-0.09238048,-0.18488681,-0.18705025,-0.15064067,-0.09083343,-0.13230102,-0.14816523,-0.14886616,-0.15739906,-0.16858713,-0.18227783,-0.0881906,-0.12374155,-0.14005357,-0.10256614,-0.17951453,0.8231481,-0.18901405,-0.100700215,-0.13113372,-0.08063634,-0.12731439,2.8247125,-0.19038635,-0.18884456,-0.12366727,-0.076219454,-0.0977235,-0.11806274,-0.13560778,-0.12406494,-0.121451,-0.095006935,-0.09682132,-0.10839665,-0.082459606,-0.11286463,-0.13172579,-0.16579217,1.092973,-0.1351687,-0.18093297,-0.17825818,-0.19086817,-0.14361937,-0.15549555,-0.13503161,-0.119081676,-0.14001076,-0.19117098,-0.1876742,-0.17859484,-0.19755594,-0.25103784,-0.20219928,-0.18706822,-0.1877543,-0.17978218,-0.17110315,-0.27554205,-0.08916744,-0.11956477,-0.12678522,-0.15751183,-0.20931396,-0.18224281,-0.29657933,2.4679136,-0.14772286,-0.3242122,-0.17325558,-0.17108874,-0.2185038,-0.17647925,-0.114121355,-0.13841882,-0.15388772,-0.15788373,-0.22984435,-0.18186735,-0.24868272,-0.10455328,-0.12455491,-0.13755529,-0.12390125,-0.15189947,-0.15410495,-0.15556984,-0.14014931,-0.15141064,-0.16217944,-0.1537106,-0.15243587,-0.15145355,-0.13284586,-0.1226982,-0.14521897,-0.18789099,-0.17480445,-0.21025829,-0.3990198,-0.19822592,-0.113406725,-0.1296617,-0.118723385,-0.1468101,-0.16636807,-0.18467934,-0.18880224,-0.13056758,-0.07768516,-0.15242428,-0.1385541,-0.14106366,-0.1185904,-0.19987361,1.7430692,-0.15644693,-0.14016882,-0.12293155,-0.12722544,-0.14610182,-0.2588673,-0.1072744,-0.13074079,-0.09132757,-0.12832497,-0.12893154,-0.14832348,-0.15102747,-0.0968134,-0.08910369,-0.123969585,-0.11028469,-0.13684788,-0.14939398,-0.16872023,-0.14211518,-0.11609092,-0.17185211,-0.15043679,-0.14146137,-0.12451688,-0.14170668,-0.17466888,-0.13176009,-0.1317524,-0.14475656,-0.12256378,-0.08722703,-0.05825615,-0.14252026,-0.17082691,-0.026243303,-0.16376832,0.54098755,1.4602308,-0.19468942,-0.14472252,-0.14331596,-0.14862512,-0.12963767,-0.25088155,-0.19089326,-0.18646911,-0.09513192,-0.10963291,-0.10702289,-0.09510835,-0.12759323,-0.15146989,-0.15746465,-0.16534957,3.721637,-0.0969081,-0.16398169,-0.14318427,-0.11335766,-0.18846886,-0.1706479,-0.15235731,-0.12550594,-0.115196005,-0.11312467,-0.11662802,-0.17427064,-0.13787436,-0.13385789,-0.096878245,-0.120639265,-0.09250057,-0.12434345,-0.13532788,-0.063823454,-0.13877153,-0.11419349,-0.13286097,-0.24483351,-0.2571875,-0.29957527,-0.14519253,-0.15525332,-0.13179348,2.9825556,-0.0782174,-0.17063525,-0.16259426,1.6128322,2.1686783,-0.11499571,-0.076612435,-0.083404,-0.1213824,-0.13072303,-0.13855581,-0.19385117,-0.099633425,-0.154423,-0.19487974,-0.18797803,-0.18428302,-0.111368306,-0.14150947,-0.10388919,-0.15877016,-0.19122493,-0.17200646,-0.16631061,-0.14177829,-0.14157653,-0.10145618,-0.1518014,-0.15973778,-0.1780549,-0.19149728,-0.12120911,-0.14661407,-0.1136598,-0.08112319,-0.14218497,-0.20725825,-0.15921152,-0.125103,-0.15657571,-0.15690626,-0.14226191,-0.19202894,-0.16082118,-0.18019244,-0.2963242,-0.19228382,-0.17792857,-0.16847008,-0.18928123,-0.15541561,-0.14054683,-0.12971973,-0.12557748,-0.1373998,-0.1604616,-0.30584824,-0.16453826,-0.17903532,-0.18949878,-0.11441202,-0.14946413,-0.1393082,-0.1756786,-0.16514389,-0.16301495,-0.14331086,-0.18237996,-0.1275725,-0.15167713,-0.13648328,2.9138422,-0.17624392,-0.103479385,-0.13396594,-0.14136621,-0.17289835,-0.109977156,-0.13372704,-0.15146996,-0.15857182,-0.17866755,-0.15341252,-0.14817853,-0.19184028,-0.17302477,-0.16319677,2.2435324,3.8098335,2.230751,-0.10471026,-0.13433261,2.820277,-0.17521575,-0.12513243,-0.16248755,-0.18041904,3.5657535,-0.11705899,-0.17588292,-0.25261003,-0.093038276,-0.092854135,-0.11441234,-0.13538378,-0.1467407,-0.098639034,-0.18645695
k__Bacteria|p__Firmicutes|c__Clostridia|o__Eubacteriales|f__Eubacteriales_Family_XIII_Incertae_Sedis|g__Mogibacterium|s__Mogibacterium_diversum,-0.1004395,-0.12316422,-0.14090636,-0.20428483,-0.16586132,-0.19250739,-0.1666669,-0.14501372,-0.12465938,-0.18269601,-0.18188053,-0.2258014,-0.16875598,-0.20359302,-0.103765056,-0.09976008,-0.058144663,-0.10060046,-0.10796277,-0.17024387,-0.1978925,-0.12536043,-0.13634333,-0.15247074,-0.17095181,-0.11658599,-0.16664758,-0.1736218,-0.1509206,-0.12124001,-0.13509962,-0.105798386,-0.14805408,-0.19462733,-0.18873441,-0.2175087,-0.15952033,-0.22338755,-0.19583285,-0.29867563,-0.29210672,-0.19774245,-0.107700735,-0.09162698,-0.13691942,-0.15433156,-0.23188588,-0.19252571,-0.14648402,-0.2026537,-0.18161272,-0.18279888,-0.19590631,-0.19769642,-0.20386958,-0.15806651,-0.1260047,-0.14383638,-0.09299999,-0.09621903,-0.17076033,-0.14260846,-0.13743341,-0.14680906,-0.12719077,-0.15057953,-0.2613474,-0.22333384,-0.18761998,-0.20047067,-0.14583477,-0.14907932,-0.130865,-0.14270627,-0.15125984,-0.16392913,-0.14679503,-0.16278498,-0.15817998,-0.14998752,-0.14707288,-0.1564357,-0.15303674,-0.22480208,-0.120334074,-0.14142688,-0.118455455,-0.16079208,-0.1736329,-0.15507591,-0.16777398,-0.11139822,-0.1388583,-0.13027036,-0.1289462,-0.15152657,-0.14235722,-0.11589109,-0.10065024,-0.09100091,-0.10605322,-0.120814025,-0.1351018,-0.15027548,-0.16021901,-0.1185138,-0.11129953,-0.1578567,1.1937762,-0.13397336,-0.16317031,-0.25953975,-0.14827852,-0.13239497,-0.14156012,-0.15095688,-0.17780018,-0.16245331,-0.22917573,-0.09015879,-0.11032926,-0.13472496,-0.12986697,-0.13997786,-0.17287637,-0.13908121,-0.16057305,-0.12777606,-0.07092635,-0.03704006,-0.13686368,-0.16197507,-0.17833655,-0.14332479,-0.12334781,-0.13552535,-0.12023825,-0.1386291,-0.25318068,1.0188918,-0.08433956,-0.10945694,-0.1449697,-0.09238048,-0.18672541,-0.18932764,-0.15264216,-0.09095877,-0.13230102,-0.14920235,-0.14992636,-0.15852726,-0.1698995,-0.18366942,-0.08844644,-0.12401122,-0.1411688,-0.10256614,-0.17951453,-0.19495486,-0.19067767,-0.100823835,-0.13113372,-0.08088446,-0.12823078,-0.19006202,-0.19241855,-0.19089104,-0.124041855,-0.07606302,-0.09775245,-0.11870852,-0.1366411,-0.12406494,-0.121451,-0.095243454,-0.097218886,-0.109022304,-0.082459606,-0.113299906,-0.1325587,-0.16691239,-0.1410757,-0.13594827,-0.18093297,-0.17825818,-0.19308075,-0.14463282,-0.15549555,-0.13573173,-0.119081676,-0.14001076,-0.19117098,-0.18986727,-0.18019256,-0.19755594,1.1795897,2.1325717,-0.18877009,-0.18966626,-0.18159539,-0.17288747,-0.27554205,-0.08916744,-0.11956477,-0.12774016,-0.15751183,-0.20931396,-0.18224281,1.8966799,-0.32474133,-0.15109175,-0.3242122,-0.17325558,-0.17108874,-0.2185038,-0.17647925,-0.114121355,-0.13937247,-0.15388772,-0.15788373,-0.22984435,-0.18186735,-0.25439852,-0.1049106,-0.12455491,-0.13843442,-0.12445359,-0.15189947,-0.15512048,-0.15637353,-0.14014931,-0.15141064,-0.16304445,-0.15469277,-0.15333104,-0.1528031,-0.1339826,-0.12326566,-0.14579903,-0.18971631,-0.17629635,-0.21025829,-0.3990198,-0.20139886,-0.113820754,-0.1296617,-0.118923604,-0.14792046,-0.16636807,-0.18609142,-0.19064972,-0.13163045,-0.077474765,-0.15322793,-0.13972524,-0.14106366,-0.11857337,-0.19987361,-0.1649412,-0.15766256,-0.14142035,-0.12387274,-0.12722544,-0.14610182,-0.2588673,-0.10773381,-0.13074079,-0.09132757,-0.12832497,-0.12958139,-0.14953077,-0.1519434,-0.097006835,-0.08910369,-0.12469691,-0.11091383,-0.13778491,-0.15053627,-0.1701497,-0.14291134,-0.11655977,-0.17327866,-0.15155621,-0.14243558,-0.12543729,-0.14217246,5.449026,-0.13176009,-0.13238049,-0.14570303,-0.123353265,-0.08722703,-0.05825615,-0.14350958,-0.17082691,-0.026243303,-0.16533384,-0.2829064,-0.31316653,-0.19725682,-0.14554982,-0.14331596,-0.14862512,-0.12963767,1.1644089,-0.19276297,-0.1879886,-0.09547365,-0.10973844,-0.10702289,-0.09513829,-0.12759323,-0.15263128,-0.15746465,-0.16636632,-0.12812386,-0.0969081,-0.16398169,-0.144039,-0.11335766,-0.18846886,-0.1706479,-0.15344805,-0.1259805,-0.115196005,-0.11351462,-0.11662802,-0.17559494,-0.1385768,-0.1346589,-0.096878245,-0.12136223,-0.092598975,-0.12434345,-0.13601267,-0.063823454,-0.13877153,-0.11419349,-0.13390887,-0.24483351,2.8377695,-0.29957527,-0.1460211,-0.15637013,-0.13235505,1.4355897,-0.0782174,-0.17183936,-0.1640456,-0.09859173,-0.11065883,-0.115214095,-0.076612435,-0.083404,-0.1213824,-0.13072303,-0.13855581,-0.19385117,-0.09981279,-0.15525974,-0.19487974,-0.1898407,-0.18621063,-0.111720204,-0.14275867,-0.10360719,-0.15927228,-0.19272877,-0.173,-0.16846825,-0.14268926,-0.14240521,-0.101957455,-0.15308619,-0.16077608,-0.17991108,-0.19393313,-0.12161048,-0.14735822,-0.11395882,-0.08079004,-0.14306381,-0.20725825,-0.16034383,-0.125103,-0.15657571,-0.15690626,-0.14303896,-0.19202894,-0.16205072,-0.18165246,-0.2963242,-0.19525056,-0.18017176,-0.17060627,-0.19178152,-0.15710561,-0.14054683,-0.13048461,-0.12557748,-0.13836914,-0.16278337,-0.30584824,-0.165923,-0.18082663,-0.19124731,-0.11441202,-0.1507329,-0.14024977,-0.1771465,-0.16635704,-0.16417965,-0.14331086,-0.18237996,-0.1280565,-0.15291794,-0.13756768,-0.24156228,-0.17810535,-0.10376717,-0.13486782,-0.14205647,-0.1741013,-0.1105995,-0.13456613,-0.15248387,-0.15955666,-0.18031755,-0.1543523,-0.1490278,-0.19184028,-0.17453644,-0.16408014,-0.14723541,-0.14623587,-0.11499533,-0.10471026,-0.13519844,-0.20148799,-0.17663169,-0.12513243,-0.1640079,-0.18041904,1.2400997,-0.11705899,-0.17678621,-0.25671905,-0.093191236,-0.09295989,-0.114932194,-0.13615575,-0.14795786,-0.09906096,-0.18831623
k__Bacteria|p__Firmicutes|c__Clostridia|o__Eubacteriales|f__Clostridiaceae|g__Clostridium|s__Clostridium_baratii,-0.1004395,-0.12316422,-0.14169429,-0.20428483,-0.16675563,-0.19401875,-0.1666669,-0.14553356,-0.12508115,-0.18470736,-0.18351401,-0.22764313,-0.16965249,-0.20624784,-0.1031639,-0.09912263,-0.058144663,-0.0999627,-0.10747124,-0.17146212,-0.1978925,-0.12536043,-0.1366024,-0.15293437,-0.1720929,-0.11658599,-0.1678008,-0.17478749,-0.1509206,-0.12124001,-0.13523233,-0.105620146,-0.14853913,-0.19682232,-0.19016626,-0.2175087,-0.16027871,-0.22338755,-0.19749561,-0.29867563,-0.29210672,-0.19960958,-0.1073394,2.8339367,-0.13691942,-0.1551026,-0.23188588,-0.19409648,-0.14689144,-0.2026537,-0.18342286,-0.18279888,-0.19814557,-0.19938415,-0.2056233,-0.15906873,-0.12598683,-0.14422815,-0.09215156,-0.09563689,-0.17193815,-0.14285003,-0.13743341,-0.14722514,-0.12719077,-0.15149766,-0.2613474,-0.22333384,-0.18933064,-0.20047067,-0.1462835,-0.14963385,-0.13099322,-0.14323445,-0.15186974,-0.16489655,-0.14723378,-0.16278498,-0.15907633,3.041112,-0.14752945,-0.1572285,-0.15369296,-0.22480208,-0.120334074,-0.14177997,-0.11836826,-0.16178244,-0.17478573,-0.15561469,-0.16878398,-0.11139822,-0.1388583,-0.13027036,-0.12910908,-0.15152657,-0.14276704,-0.11566579,-0.10065024,-0.09045321,-0.105785996,-0.120892756,-0.1353398,-0.15027548,-0.16094035,-0.1185138,-0.11129953,-0.1578567,4.339331,-0.13400179,-0.16414993,-0.25953975,-0.14883114,-0.13262834,-0.14192769,-0.15095688,-0.17780018,-0.16342814,-0.22917573,-0.09015879,-0.10991214,-0.13496017,-0.12999536,-0.13997786,-0.1739957,-0.13908121,-0.16057305,4.179024,-0.07092635,-0.03704006,-0.13726251,-0.16279867,-0.17942818,-0.14332479,-0.12334781,-0.13589379,-0.12023825,-0.13879624,-0.25318068,-0.26654312,-0.083374664,-0.10945694,-0.14527774,-0.09238048,-0.18824814,-0.19089143,-0.15306339,-0.09013305,-0.13230102,-0.14978515,-0.15061522,-0.15942957,-0.17106909,-0.1848973,-0.08754066,-0.12401208,-0.1414578,-0.10256614,3.3291833,-0.19495486,-0.1921134,-0.1001905,-0.13113372,-0.07994324,-0.12851065,-0.19006202,-0.1941489,-0.19223177,-0.123728715,-0.07503254,-0.09718177,-0.118696265,-0.13691354,-0.12406494,-0.121451,-0.09443101,-0.09660623,-0.10866076,-0.082459606,-0.113224864,-0.13282824,-0.16785613,-0.1410757,-0.13628276,-0.18093297,-0.17825818,-0.1947032,-0.14506589,-0.15549555,-0.13587937,-0.119081676,-0.14001076,-0.19117098,-0.19145232,-0.18160883,-0.19755594,-0.25103784,-0.20219928,-0.19014028,-0.19132558,-0.1830846,-0.17404196,-0.27554205,-0.08916744,-0.11956477,-0.1278419,-0.15751183,-0.20931396,-0.18224281,-0.29657933,-0.32474133,-0.15027928,-0.3242122,-0.17325558,-0.17108874,-0.2185038,-0.17647925,-0.114121355,-0.13981505,-0.15388772,-0.15788373,-0.22984435,-0.18186735,-0.25856185,-0.10437588,1.9665049,-0.1388632,-0.124531895,-0.15189947,-0.15576363,-0.15688914,-0.14014931,-0.15141064,-0.16391802,-0.15535851,-0.1539126,-0.15328062,-0.13415548,-0.1231644,-0.1465995,-0.19138056,-0.17747721,-0.21025829,-0.3990198,-0.20395328,-0.1135789,-0.1296617,-0.11905444,-0.1484656,-0.16636807,-0.18760526,-0.19228114,-0.13145044,-0.07665256,-0.15391591,-0.14000158,-0.14106366,-0.118242264,-0.19987361,-0.1649412,-0.15834454,-0.14157099,-0.12383741,3.1502173,-0.14610182,-0.2588673,-0.10720788,1.7456986,-0.09132757,-0.12832497,-0.12966609,-0.14997765,-0.15239522,-0.096311465,-0.08910369,-0.12468783,-0.110658586,-0.13804872,-0.15115756,-0.1710709,-0.14322487,-0.11628816,-0.17447704,-0.15221824,-0.14270505,-0.12545195,-0.14263535,-0.17466888,-0.13176009,-0.13247389,-0.14619642,-0.12317856,-0.08722703,-0.05825615,-0.14376727,-0.17082691,-0.026243303,-0.16615464,-0.2829064,-0.31316653,-0.19920078,-0.14596564,-0.14331596,-0.14862512,-0.12963767,-0.25088155,-0.19439264,-0.18928245,-0.09456231,-0.10950004,-0.10702289,-0.09457609,-0.12759323,-0.15321276,-0.15746465,-0.16750827,5.0304294,-0.0969081,-0.16398169,-0.14441782,-0.11335766,-0.18846886,3.7386732,-0.15390745,-0.12589851,3.1336823,-0.11320558,1.9822208,-0.17684016,-0.13884538,-0.13483894,-0.096878245,-0.121408604,-0.091925755,-0.12434345,-0.13604559,-0.063823454,-0.13877153,-0.11419349,-0.13392681,-0.24483351,1.5277953,4.094682,-0.14650217,-0.15717347,-0.13267633,-0.19104545,-0.0782174,-0.17282924,-0.16486079,-0.09859173,-0.11065883,-0.11475022,-0.076612435,4.2820106,-0.1213824,-0.13072303,-0.13855581,2.3490815,-0.09900902,-0.15598443,-0.19487974,-0.19154833,-0.18759814,-0.11132698,-0.14304724,-0.103285775,-0.1602019,-0.19492242,-0.17406651,-0.16957468,-0.14304438,-0.14280362,-0.10140998,-0.15375933,-0.1619182,-0.1812499,-0.19591692,-0.121499345,-0.14788395,-0.113775186,-0.080100134,-0.14350542,3.0201797,-0.16090614,-0.125103,-0.15657571,-0.15690626,-0.14363238,-0.19202894,-0.16282499,-0.18276483,2.796405,-0.19708204,-0.1816698,-0.17207085,-0.19341058,-0.15777566,-0.14054683,-0.13053894,-0.12557748,-0.13858455,-0.16308406,-0.30584824,-0.16663238,-0.18203855,-0.1931028,-0.11441202,-0.15123785,-0.14073788,-0.17839901,-0.1673631,-0.16504607,-0.14331086,-0.18237996,-0.12807663,-0.15353021,-0.13771775,-0.24156228,-0.17931154,-0.10322058,-0.13509372,-0.14252345,-0.1752428,-0.11013571,-0.13476056,-0.15320125,-0.16039032,-0.18191755,-0.15494414,-0.14973724,-0.19184028,-0.17557079,-0.16477533,-0.14723541,-0.14623587,-0.11499533,-0.10471026,-0.13551693,-0.20148799,-0.17752677,2.0002522,-0.16542047,2.4598734,2.996041,-0.11705899,-0.17764308,-0.26115036,-0.0924698,-0.09222792,-0.11475183,-0.13649955,-0.14845929,-0.09839499,-0.19000249
k__Bacteria|p__Firmicutes|c__Clostridia|o__Eubacteriales|f__Clostridiaceae|g__Clostridiaceae_unclassified|s__Clostridiaceae_bacterium,-0.1004395,-0.12316422,-0.14132874,-0.20428483,-0.16545852,-0.19228975,-0.1666669,-0.14500976,-0.12535098,-0.18306395,-0.1816876,-0.21894886,-0.16850996,-0.20143092,-0.10366643,-0.099795714,-0.058144663,-0.10090294,-0.10814111,-0.17043021,-0.1978925,-0.12536043,-0.13658255,-0.15228558,-0.17056695,-0.11658599,-0.16695079,-0.17334333,-0.1509206,-0.12124001,-0.13532963,-0.105909064,-0.14823243,-0.19386977,-0.18807253,-0.2175087,-0.15947652,-0.22338755,-0.19493467,-0.29867563,-0.29210672,-0.1967541,-0.10787198,-0.09162698,-0.13691942,-0.15442488,-0.23188588,-0.19243108,-0.1462897,-0.2026537,-0.18172011,-0.18279888,-0.19521445,-0.19614726,-0.20058905,-0.15839511,-0.1259767,-0.1437586,-0.093474,-0.096519426,-0.17067882,-0.14261386,-0.13743341,-0.14672849,-0.12719077,-0.1514363,-0.2613474,3.4465027,-0.18734622,-0.20047067,-0.14570871,-0.14900747,-0.13081096,-0.14271061,-0.15095676,-0.1636404,-0.14649771,-0.16278498,-0.15844771,-0.14998752,-0.14708531,-0.1564413,-0.15319541,-0.22480208,-0.120334074,-0.14158705,-0.118680686,-0.16083983,-0.17322049,-0.15504362,-0.16745555,-0.11139822,-0.1388583,-0.13027036,-0.12917969,-0.15152657,-0.14266409,-0.11615482,-0.10065024,-0.091351494,-0.10626386,-0.120989226,-0.13512832,-0.15027548,-0.15996674,-0.1185138,-0.11129953,-0.1578567,-0.17738779,-0.13424574,-0.16303447,-0.25953975,-0.1484166,-0.13256586,-0.14145708,-0.15095688,-0.17780018,-0.16281337,-0.22917573,-0.09015879,-0.11094934,-0.1348036,-0.1298052,-0.13997786,-0.1727249,-0.13908121,-0.16057305,-0.12777606,-0.07092635,-0.03704006,-0.1372619,-0.16174032,-0.17808835,-0.14332479,-0.12334781,-0.13594374,-0.12023825,-0.13826476,5.0057974,-0.26654312,-0.084656194,-0.10945694,-0.14470547,-0.09238048,-0.1868871,-0.18859705,-0.15225793,-0.09128174,-0.13230102,-0.14933366,-0.14996251,-0.15845488,-0.16972354,-0.18306395,-0.088743426,-0.12433602,-0.14095983,-0.10256614,-0.17951453,-0.19495486,-0.18990058,-0.10095845,-0.13113372,-0.080782935,-0.1281861,-0.19006202,-0.19163997,-0.19025779,-0.12401596,-0.07644282,-0.09815818,-0.11884683,-0.13663349,-0.12406494,-0.121451,-0.09536022,-0.097368285,-0.10922071,-0.082459606,-0.11357999,-0.13263524,-0.16674171,-0.1410757,-0.13620201,-0.18093297,-0.17825818,-0.19245577,-0.14456552,-0.15549555,-0.1356149,-0.119081676,-0.14001076,-0.19117098,-0.18929553,-0.18019986,-0.19755594,-0.25103784,-0.20219928,-0.1887887,-0.18943772,-0.18138582,-0.17284274,-0.27554205,-0.08916744,-0.11956477,-0.12806122,-0.15751183,-0.20931396,-0.18224281,5.916238,-0.32474133,-0.153344,-0.3242122,-0.17325558,-0.17108874,-0.2185038,4.0396833,-0.114121355,-0.1396569,-0.15388772,-0.15788373,-0.22984435,1.631849,-0.2505783,-0.10502811,-0.12455491,-0.13862158,-0.124582365,-0.15189947,-0.15485203,-0.15599084,-0.14014931,-0.15141064,-0.16273496,-0.15466529,-0.15325657,-0.15256032,-0.13387676,-0.12330565,-0.14626789,-0.18917602,-0.17570469,3.8230097,4.6459484,-0.20318985,-0.11401583,-0.1296617,-0.11922966,-0.14782159,-0.16636807,-0.18592387,-0.19018942,-0.13173524,-0.07794365,-0.15318303,-0.1396115,-0.14106366,-0.1189538,-0.19987361,-0.1649412,-0.15781844,-0.14137605,-0.123851895,-0.12722544,-0.14610182,-0.2588673,-0.10790394,-0.13074079,-0.09132757,-0.12832497,-0.1295726,-0.14940219,-0.15172043,-0.09717952,-0.08910369,-0.12483731,-0.110988945,-0.1380158,-0.15051627,-0.16977216,-0.14280601,-0.116970494,-0.17336038,-0.15148702,-0.14241998,-0.12533076,-0.14229645,-0.17466888,-0.13176009,-0.13257203,-0.14566842,-0.12307835,-0.08722703,-0.05825615,-0.14334711,-0.17082691,-0.026243303,-0.16600907,-0.2829064,3.9913714,-0.19763288,-0.14551172,-0.14331596,-0.14862512,-0.12963767,-0.25088155,-0.19201809,-0.18746504,-0.095422246,-0.1101574,-0.10702289,-0.095137164,-0.12759323,-0.1529264,-0.15746465,-0.16626078,-0.12812386,-0.0969081,-0.16398169,-0.14391905,-0.11335766,-0.18846886,-0.1706479,-0.15329823,-0.12610847,-0.115196005,-0.11360471,-0.11662802,-0.17559509,-0.1384501,-0.1344217,-0.096878245,-0.121482834,-0.09284021,-0.12434345,-0.13623981,-0.063823454,-0.13877153,-0.11419349,-0.13388246,-0.24483351,-0.2571875,-0.29957527,-0.14595845,-0.1563516,-0.1323807,-0.19104545,-0.0782174,-0.17179486,-0.16377826,-0.09859173,-0.11065883,-0.115482524,-0.076612435,-0.083404,-0.1213824,-0.13072303,-0.13855581,-0.19385117,-0.099757835,-0.15540132,-0.19487974,-0.18952808,-0.18571128,-0.111804515,-0.14294237,-0.10401669,-0.15923181,-0.19251284,-0.17289874,-0.16772318,-0.1426112,-0.14239597,-0.10227988,-0.1530542,-0.16096169,-0.17977735,-0.19315845,-0.12166233,-0.1473752,-0.11443192,-0.08168881,-0.14304003,-0.20725825,-0.16000539,-0.125103,-0.15657571,-0.15690626,-0.14352089,-0.19202894,-0.16189753,-0.18120232,-0.2963242,-0.19503042,-0.18011531,-0.1703986,-0.19124448,-0.15681128,-0.14054683,-0.13043445,-0.12557748,-0.13827418,-0.16236228,-0.30584824,-0.16605955,-0.17997193,-0.19100702,-0.11441202,-0.15057959,-0.14049816,-0.17716557,-0.1661498,-0.16403146,-0.14331086,-0.18237996,-0.128344,-0.15328588,-0.13714999,3.8852985,-0.17811413,-0.10389263,-0.1352774,-0.14200194,-0.17367837,-0.11076433,-0.13476619,-0.15211257,-0.1593885,-0.18042475,-0.15420538,-0.14882502,-0.19184028,-0.17418829,-0.16387571,-0.14723541,-0.14623587,-0.11499533,-0.10471026,-0.13543105,-0.20148799,-0.17601329,-0.12513243,-0.16516027,-0.18041904,-0.18738703,-0.11705899,-0.17639765,-0.25426832,-0.09343255,-0.09334521,-0.11522482,-0.13621922,-0.14773244,-0.09922314,-0.18785346
k__Bacteria|p__Firmicutes|c__Bacilli|o__Lactobacillales|f__Streptococcaceae|g__Streptococcus|s__Streptococcus_lactarius,2.2831526,5.5214996,-0.13999958,6.6653814,-0.16551787,-0.19223095,-0.1666669,-0.14393005,-0.12372835,-0.18256694,-0.18193802,-0.22198455,-0.16833195,-0.20301652,-0.10186875,-0.09796697,-0.058144663,-0.098441765,-0.10627861,-0.16958275,-0.1978925,-0.12536043,-0.1351414,-0.15123197,-0.17015606,-0.11658599,-0.16623509,-0.17303658,-0.1509206,-0.12124001,-0.133951,-0.10419263,-0.14702517,-0.1942821,-0.1879183,-0.2175087,-0.15958178,-0.22338755,-0.19568351,-0.29867563,-0.29210672,-0.19658083,-0.10605623,-0.09162698,-0.13691942,-0.15361908,-0.23188588,-0.19232303,-0.14544879,4.0975695,-0.18267345,-0.18279888,-0.19559357,-0.1965043,-0.20073658,-0.15701045,-0.124443695,-0.14257659,-0.090997666,-0.09422591,-0.17007208,-0.14121494,-0.13743341,-0.14572343,-0.12719077,-0.15005863,-0.2613474,3.8783314,-0.18755807,2.6921365,-0.14456096,-0.14808276,-0.12933469,-0.14130747,-0.14960197,-0.16302693,-0.14580128,-0.16278498,-0.15816645,4.5725775,-0.14594032,-0.15566753,-0.15201348,-0.22480208,-0.120334074,-0.14022486,-0.11691272,-0.15984473,-0.17294794,-0.15422952,-0.16703841,-0.11139822,-0.1388583,-0.13027036,-0.12743238,-0.15152657,-0.14138192,-0.11446554,-0.10065024,-0.08907704,-0.104159705,-0.11923203,-0.13366866,-0.15027548,-0.15930793,-0.1185138,-0.11129953,-0.1578567,-0.17738779,-0.13254675,-0.16224034,-0.25953975,-0.14749229,-0.13126773,-0.14009842,-0.15095688,3.117521,-0.16220623,-0.22917573,6.4764256,-0.10885906,-0.13342446,-0.12835658,2.0562568,-0.1723504,-0.13908121,-0.16057305,-0.12777606,-0.07092635,-0.03704006,-0.13567042,-0.16083908,-0.17779799,6.9861426,6.9447007,-0.13455188,4.93277,-0.13679326,-0.25318068,-0.26654312,-0.08214332,1.1150601,-0.1433107,-0.09238048,-0.18638767,-0.18872648,-0.15151778,-0.08890933,-0.13230102,-0.1482518,-0.1489962,-0.15769735,-0.1692572,-0.18265477,-0.08636039,-0.12263772,-0.14005941,-0.10256614,-0.17951453,-0.19495486,-0.19001573,-0.0987564,-0.13113372,-0.07784574,-0.1263017,-0.19006202,-0.19198883,-0.19031362,-0.12241286,-0.07401733,-0.09582913,-0.11708007,-0.13521338,-0.12406494,2.9713414,-0.09317711,-0.095263205,-0.10718407,4.299126,-0.11148954,-0.13097392,-0.16607577,-0.1410757,-0.13500538,-0.18093297,-0.17825818,-0.19264716,-0.1432885,-0.15549555,-0.13423994,-0.119081676,-0.14001076,-0.19117098,-0.18967606,-0.18011631,-0.19755594,-0.25103784,-0.20219928,-0.18877953,-0.18956932,-0.18118738,-0.1722934,-0.27554205,-0.08916744,-0.11956477,-0.12641758,-0.15751183,-0.20931396,-0.18224281,-0.29657933,6.1635137,-0.15064499,3.5065172,-0.17325558,-0.17108874,-0.2185038,-0.17647925,-0.114121355,-0.1385046,-0.15388772,-0.15788373,-0.22984435,1.9779395,-0.25390238,-0.10301505,-0.12455491,-0.13722554,-0.12286052,-0.15189947,-0.15378304,-0.15526003,-0.14014931,-0.15141064,-0.16200699,-0.15396819,-0.15234587,-0.1517082,-0.13264623,-0.12175138,-0.14518376,-0.18908432,-0.17582235,-0.21025829,-0.3990198,-0.2006595,-0.11217783,-0.1296617,-0.117250524,-0.14658839,3.3453279,-0.18554935,-0.19038294,-0.13031664,-0.07523671,-0.15185608,-0.1384004,-0.14106366,-0.1171043,-0.19987361,-0.1649412,-0.15735173,-0.1400796,-0.12220305,-0.12722544,-0.14610182,-0.2588673,-0.105898425,-0.13074079,-0.09132757,-0.12832497,-0.12792253,-0.14839047,-0.15081051,-0.09503056,-0.08910369,-0.12298848,-0.10905981,-0.1365207,-0.14943618,-0.16918474,-0.14166206,-0.11510361,-0.17262307,-0.150558,-0.14110042,-0.12384362,-0.14124125,-0.17466888,-0.13176009,-0.1309667,-0.14449081,-0.12165524,-0.08722703,-0.05825615,-0.14217815,-0.17082691,-0.026243303,-0.16532251,-0.2829064,-0.31316653,-0.19655946,-0.144446,-0.14331596,-0.14862512,-0.12963767,-0.25088155,-0.1924375,-0.18741024,-0.093200736,-0.10811812,-0.10702289,-0.09244315,-0.12759323,-0.15167025,-0.15746465,-0.16598302,-0.12812386,-0.0969081,-0.16398169,-0.14255978,-0.11335766,-0.18846886,-0.1706479,-0.15266302,-0.12453334,2.1207647,-0.11162486,-0.11662802,-0.17503348,-0.13726415,-0.13316646,-0.096878245,-0.1197304,-0.09040694,-0.12434345,-0.13483757,-0.063823454,-0.13877153,-0.11419349,-0.13228008,-0.24483351,-0.2571875,-0.29957527,-0.14490646,-0.15545355,-0.13077629,-0.19104545,-0.0782174,-0.17106327,-0.16310897,-0.09859173,5.1570363,-0.11360048,2.8340547,-0.083404,-0.1213824,-0.13072303,6.5888305,4.0281796,-0.09759958,-0.15429561,-0.19487974,-0.18974325,-0.18560287,-0.10996175,-0.14167072,-0.101831034,-0.15820095,-0.1927564,-0.1718724,-0.1676577,-0.14152291,-0.14129168,-0.10021661,-0.1518677,-0.16032258,-0.17959559,-0.19372216,-0.119933814,-0.14617932,-0.1126387,-0.07875732,-0.14138818,-0.20725825,-0.1596594,8.389668,5.132051,5.7460766,-0.14233476,4.1068554,-0.16127291,-0.18087572,-0.2963242,-0.1957266,-0.179459,-0.1700429,-0.19127804,-0.15596136,1.5632803,-0.12899786,-0.12557748,-0.13695091,-0.16171709,-0.30584824,-0.1653083,-0.17980671,-0.19145939,-0.11441202,-0.14917593,-0.13922167,-0.17670107,-0.1655447,-0.1634616,-0.14331086,-0.18237996,-0.12699708,-0.15199639,-0.135654,-0.24156228,-0.17812854,-0.101882756,-0.13383034,-0.1406934,-0.17321298,-0.10893649,-0.13312149,-0.15129742,-0.15883905,-0.18043247,-0.15294212,-0.14767784,2.260287,-0.17393982,-0.16323827,-0.14723541,-0.14623587,-0.11499533,-0.10471026,-0.13356212,-0.20148799,-0.17593893,-0.12513243,-0.16464877,-0.18041904,-0.18738703,-0.11705899,-0.17559502,-0.25741532,-0.09120642,-0.09096852,-0.11330986,-0.13471091,-0.14662421,-0.09698881,-0.1878025
k__Bacteria|p__Firmicutes|c__Bacilli|o__Lactobacillales|f__Enterococcaceae|g__Enterococcus|s__Enterococcus_gallinarum,-0.1004395,-0.12316422,-0.14000984,-0.20428483,-0.16533443,-0.19125898,-0.1666669,-0.14398217,-0.123943105,-0.18186331,-0.18094955,-0.21885078,-0.16810244,-0.20077941,-0.10253996,-0.098676845,-0.058144663,-0.09942603,-0.10711498,-0.1691796,-0.1978925,-0.12536043,-0.13551056,-0.15134344,-0.16981815,-0.11658599,-0.16599381,-0.17250885,-0.1509206,-0.12124001,-0.13414702,-0.10471522,-0.14696668,-0.19303733,-0.1869935,-0.2175087,-0.15942806,-0.22338755,-0.19462611,-0.29867563,-0.29210672,-0.19514328,-0.10662604,-0.09162698,-0.13691942,-0.15363306,1.4887244,-0.19164856,-0.14521155,-0.2026537,-0.18193573,-0.18279888,-0.19437087,-0.19528718,-0.19918105,-0.15697917,-0.124829665,-0.14263952,-0.092151746,-0.095239356,-0.16967265,-0.14153399,-0.13743341,-0.14577141,-0.12719077,-0.15002647,-0.2613474,-0.22333384,-0.18680345,-0.20047067,-0.14463925,-0.14810473,-0.12954393,-0.14147605,-0.14968945,-0.16289885,-0.14567122,-0.16278498,-0.15801041,-0.14998752,-0.14615446,-0.15551497,-0.15198249,-0.22480208,-0.120334074,-0.14042407,-0.11753589,-0.1597128,-0.17246605,-0.15417767,-0.16659412,2.484968,2.9184048,2.27307,-0.12778586,-0.15152657,-0.14152674,-0.11505987,-0.10065024,-0.09001556,-0.10486314,-0.11964291,-0.13393115,-0.15027548,-0.15907125,3.9297373,-0.11129953,3.0719457,2.8434954,-0.13284731,-0.16188937,-0.25953975,-0.14748675,-0.13142982,-0.1402415,-0.15095688,-0.17780018,-0.16181177,-0.22917573,-0.09015879,-0.10967704,-0.1336405,-0.12866104,-0.13997786,-0.1718848,-0.13908121,-0.16057305,-0.12777606,-0.07092635,-0.03704006,-0.13588756,-0.16056935,-0.17731632,-0.14332479,-0.12334781,-0.1347269,-0.12023825,-0.13710323,4.118239,-0.26654312,-0.0833453,-0.10945694,-0.14334206,-0.09238048,-0.18567517,-0.18788397,-0.15139267,-0.08997701,-0.13230102,-0.14826596,-0.14895321,-0.15752333,-0.16884306,-0.18205033,-0.08749863,-0.123084486,-0.14013539,-0.10256614,-0.17951453,-0.19495486,-0.18916512,-0.09961447,-0.13113372,-0.07897569,-0.12670344,-0.19006202,-0.19104378,-0.18947539,-0.122958854,-0.075361416,-0.096665025,-0.11752869,-0.13541904,-0.12406494,-0.121451,-0.09412122,-0.09608765,-0.10777922,-0.082459606,-0.11201171,-0.13123964,-0.16570455,-0.1410757,-0.13523743,-0.18093297,-0.17825818,-0.19168098,-0.14323676,-0.15549555,-0.13444692,-0.119081676,-0.14001076,-0.19117098,-0.18879966,-0.17941177,-0.19755594,-0.25103784,-0.20219928,-0.18797,-0.18873231,-0.18042764,-0.17164719,-0.27554205,-0.08916744,-0.11956477,-0.12674314,-0.15751183,-0.20931396,-0.18224281,2.4444182,-0.32474133,-0.15112957,-0.3242122,-0.17325558,-0.17108874,-0.2185038,-0.17647925,-0.114121355,-0.13865435,-0.15388772,-0.15788373,1.2317142,0.5989454,-0.24968652,-0.10379762,-0.12455491,-0.13739564,-0.12327376,-0.15189947,-0.15379249,-0.1550422,-0.14014931,-0.15141064,-0.16178405,-0.15395933,-0.15224437,-0.15159965,-0.132752,-0.12224533,-0.14509308,-0.18833525,-0.17495188,-0.21025829,-0.3990198,-0.1985656,-0.11274864,-0.1296617,-0.117577806,-0.14666298,-0.16636807,-0.18487078,-0.18943496,-0.13070138,-0.07645052,-0.1517455,-0.13855979,-0.14106366,-0.117724165,-0.19987361,3.3350518,-0.15718113,-0.14011422,-0.12269847,-0.12722544,-0.14610182,-0.2588673,-0.10661967,-0.13074079,-0.09132757,-0.12832497,-0.12832674,-0.14848825,-0.15080315,-0.095936224,-0.08910369,-0.123389244,-0.10975538,-0.13674037,-0.14938588,-0.16879521,-0.14176795,-0.11569463,-0.17227107,-0.15044156,-0.14130063,-0.12426745,-0.14119327,-0.17466888,-0.13176009,-0.1312058,-0.14460799,-0.122103274,-0.08722703,-0.05825615,-0.14233148,-0.17082691,-0.026243303,-0.16484824,-0.2829064,-0.31316653,-0.19495474,-0.14452794,6.573983,-0.14862512,4.147492,2.1639707,-0.19152391,-0.18658236,-0.0942207,-0.10878998,-0.10702289,-0.09338805,-0.12759323,-0.15158601,-0.15746465,-0.16557004,2.6951451,3.856165,4.7543154,-0.14278476,-0.11335766,4.552526,5.3042803,-0.15261263,-0.12498255,-0.115196005,-0.112220675,-0.11662802,-0.1744822,-0.13741454,-0.13336344,-0.096878245,-0.12012469,-0.09142543,-0.12434345,-0.1351911,-0.063823454,-0.13877153,-0.11419349,-0.13266456,-0.24483351,-0.2571875,-0.29957527,-0.1449078,-0.15534686,-0.13098499,-0.19104545,-0.0782174,-0.17036273,-0.16292882,-0.09859173,-0.11065883,-0.11432493,-0.076612435,-0.083404,-0.1213824,2.7493317,-0.13855581,-0.19385117,-0.09858523,-0.15422122,-0.19487974,-0.18879442,-0.18480833,-0.11058302,-0.1419479,-0.10254687,-0.15804034,-0.19162226,-0.1712422,-0.16714498,-0.14160979,-0.14133781,-0.10097437,-0.15180059,-0.16012995,-0.17884988,-0.19247058,-0.12041275,-0.14623207,-0.11315301,-0.07993514,-0.14151874,-0.20725825,-0.15938541,-0.125103,-0.15657571,-0.15690626,-0.14240497,-0.19202894,-0.16104454,-0.18031576,-0.2963242,-0.19394849,-0.17869057,-0.16957755,-0.19021867,-0.15577796,-0.14054683,-0.12926051,-0.12557748,-0.13707463,-0.16147555,4.406273,-0.1649625,-0.17922786,-0.19048056,2.3371937,-0.14928631,-0.13941187,-0.17617385,-0.16528401,-0.16315365,-0.14331086,-0.18237996,-0.12717004,-0.15200022,-0.13579884,-0.24156228,-0.17740309,-0.1026757,-0.13422549,-0.14081097,-0.17275973,-0.10966465,-0.13340409,-0.15118895,-0.15863685,-0.17969686,-0.15291879,-0.14776376,-0.19184028,-0.1735044,-0.16301519,-0.14723541,-0.14623587,-0.11499533,-0.10471026,-0.13382763,-0.20148799,-0.17545632,-0.12513243,-0.16434088,0.6031984,-0.18738703,-0.11705899,-0.17518023,-0.2540055,-0.092158034,-0.09197268,-0.11387995,-0.13487428,-0.14661878,-0.09784362,-0.18694592
k__Bacteria|p__Firmicutes|c__Clostridia|o__Eubacteriales|f__Clostridiaceae|g__Clostridium|s__Clostridium_sp_AT4,-0.1004395,-0.12316422,-0.1416556,-0.20428483,-0.16584998,-0.19254908,8.095406,-0.1447316,-0.12537456,-0.18336006,-0.18213104,-0.22052506,-0.17069396,-0.20094338,-0.103086375,-0.09920073,-0.058144663,-0.099709526,-0.107932135,-0.170305,4.3541207,-0.12536043,-0.13617426,-0.15182053,-0.17078668,-0.11658599,-0.16702154,-0.17306578,-0.1509206,-0.12124001,-0.13504475,-0.105853096,-0.14821163,-0.19462535,-0.18839052,-0.2175087,-0.15998492,-0.22338755,-0.195959,-0.29867563,-0.29210672,-0.19695063,-0.10709651,-0.09162698,-0.13691942,-0.15463269,-0.23188588,-0.19275126,-0.14633064,-0.2026537,-0.18256623,-0.18279888,-0.19596942,-0.19725059,-0.20178854,-0.15811326,-0.12557548,-0.14340055,-0.09243119,-0.09598016,-0.17062423,-0.14197212,-0.13743341,-0.14652914,-0.12719077,-0.15143442,-0.2613474,1.6162622,-0.18746027,-0.20047067,-0.14519945,-0.14885351,-0.13061863,-0.14253889,-0.15029645,-0.16316603,-0.1462664,-0.16278498,-0.15859841,-0.14998752,-0.14702757,-0.15663415,-0.1529442,6.3107295,-0.120334074,-0.14137416,-0.118427664,-0.16033281,-0.1732371,-0.15519994,-0.16763246,-0.11139822,1.0760128,-0.13027036,-0.12879032,-0.15152657,-0.1426267,-0.11572015,-0.10065024,-0.09095996,-0.10570471,-0.12042846,-0.1348202,-0.15027548,-0.15983324,-0.1185138,-0.11129953,-0.1578567,-0.17738779,-0.13340464,-0.16394728,-0.25953975,-0.14840749,-0.13260366,-0.14150691,-0.15095688,-0.17780018,-0.16304277,-0.22917573,-0.09015879,-0.11054458,-0.13454962,-0.12960953,-0.13997786,-0.17305814,-0.13908121,-0.16057305,-0.12777606,-0.07092635,-0.03704006,-0.13707867,-0.16161913,-0.17814383,-0.14332479,-0.12334781,-0.1357471,-0.12023825,-0.13824573,-0.25318068,-0.26654312,-0.08380954,-0.10945694,-0.14422636,-0.09238048,-0.18723404,-0.18917413,-0.15280831,-0.09055257,-0.13230102,-0.14936407,-0.14996032,-0.15844359,-0.16989389,-0.18288103,-0.08812497,-0.12360015,-0.14030105,-0.10256614,-0.17951453,-0.19495486,-0.19010752,-0.10043755,-0.13113372,-0.08010094,-0.12830919,-0.19006202,-0.19209346,-0.19068854,-0.12309712,-0.07564762,-0.09737165,-0.118689224,-0.13647714,-0.12406494,-0.121451,-0.094627984,-0.09696987,-0.108656496,-0.082459606,-0.11315621,-0.13229352,-0.16642241,-0.1410757,-0.1363858,-0.18093297,-0.17825818,-0.19311684,-0.14453523,-0.15549555,-0.13526988,-0.119081676,-0.14001076,-0.19117098,-0.18976784,-0.18043122,-0.19755594,-0.25103784,-0.20219928,-0.18935162,-0.19023433,-0.1820197,-0.17341463,-0.27554205,-0.08916744,-0.11956477,-0.12820272,-0.15751183,-0.20931396,-0.18224281,-0.29657933,-0.32474133,-0.15469259,-0.3242122,-0.17325558,-0.17108874,-0.2185038,-0.17647925,-0.114121355,-0.139801,-0.15388772,-0.15788373,-0.22984435,7.4360666,-0.25401962,-0.10449657,-0.12455491,-0.13845743,-0.124329,-0.15189947,-0.15438911,-0.15563262,-0.14014931,-0.15141064,-0.16239609,-0.15474187,-0.15301427,-0.1527043,-0.13395768,-0.12324104,-0.1464175,-0.18943045,-0.17599958,-0.21025829,2.3013659,-0.20348151,-0.11354056,-0.1296617,-0.118556365,-0.14801814,-0.16636807,-0.18563393,-0.19073367,-0.13152203,-0.07730469,-0.15284744,-0.13967223,-0.14106366,-0.118070975,3.0669675,-0.1649412,-0.1581125,-0.14129396,-0.123694256,-0.12722544,-0.14610182,-0.2588673,-0.10745019,-0.13074079,-0.09132757,-0.12832497,-0.12922019,-0.14943144,-0.15130433,-0.09641837,-0.08910369,-0.124380305,-0.11070103,-0.13781059,-0.15051204,-0.16972771,-0.14262082,-0.11677082,-0.17317733,-0.15153421,-0.14214307,-0.12525839,-0.14198214,-0.17466888,-0.13176009,-0.13228767,-0.14544642,-0.122779876,-0.08722703,-0.05825615,-0.14316656,-0.17082691,-0.026243303,-0.16593431,-0.2829064,-0.31316653,-0.19783063,-0.14534077,-0.14331596,3.4292734,-0.12963767,-0.25088155,-0.19239305,-0.18759963,-0.09500581,-0.10943656,-0.10702289,-0.09420764,-0.12759323,-0.15291727,-0.15746465,-0.16637802,-0.12812386,-0.0969081,-0.16398169,-0.14322759,-0.11335766,-0.18846886,-0.1706479,-0.15339842,-0.12558086,-0.115196005,-0.113204196,-0.11662802,-0.17532632,-0.13814412,-0.13402046,-0.096878245,-0.121080615,-0.09216907,-0.12434345,-0.13583261,-0.063823454,-0.13877153,-0.11419349,-0.13379037,-0.24483351,-0.2571875,-0.29957527,-0.14576271,-0.15626779,-0.1321917,-0.19104545,-0.0782174,-0.17162347,-0.16386738,-0.09859173,-0.11065883,-0.11475351,-0.076612435,-0.083404,-0.1213824,-0.13072303,-0.13855581,-0.19385117,-0.09890936,-0.1553793,-0.19487974,-0.19018188,-0.18611857,-0.11138383,-0.14260653,-0.10322796,-0.15874512,-0.19314349,-0.17215133,-0.1684741,-0.14244309,-0.14213115,-0.10213664,-0.15305004,-0.16109776,-0.18032007,-0.19402033,-0.121219195,-0.14692006,-0.113993615,-0.08081711,-0.14303233,-0.20725825,-0.15994458,-0.125103,-0.15657571,-0.15690626,-0.14333513,-0.19202894,-0.16199988,-0.18121311,-0.2963242,-0.19686146,-0.18111874,-0.17123118,-0.19200122,-0.1572275,-0.14054683,-0.1301488,-0.12557748,-0.13801888,-0.16300708,-0.30584824,-0.16605672,-0.18033436,-0.1918216,-0.11441202,-0.15048999,-0.14045721,-0.1772707,-0.16621739,-0.16403328,-0.14331086,-0.18237996,-0.12835804,-0.15311971,-0.13758159,-0.24156228,-0.17856348,-0.10337974,-0.13511792,-0.14167944,-0.17354602,-0.11053848,-0.13455111,-0.15185523,-0.15913853,-0.18090211,-0.15369946,-0.14865255,-0.19184028,-0.17440864,-0.16349535,-0.14723541,-0.14623587,-0.11499533,-0.10471026,-0.13529637,3.7328084,-0.17603174,-0.12513243,-0.16505343,-0.18041904,-0.18738703,-0.11705899,-0.17585218,-0.25718933,-0.092726976,-0.092643544,-0.11491428,-0.13598347,-0.14761001,-0.09896892,-0.1880297
k__Bacteria|p__Firmicutes|c__Negativicutes|o__Veillonellales|f__Veillonellaceae|g__Negativicoccus|s__Negativicoccus_succinicivorans,-0.1004395,-0.12316422,-0.14202781,-0.20428483,-0.16622609,-0.1927641,-0.1666669,-0.14421785,-0.12445989,-0.18228404,-0.1831972,-0.23713939,-0.16789946,-0.20802717,-0.10280082,-0.09982214,-0.058144663,-0.09910143,-0.10748427,-0.16992912,-0.1978925,-0.12536043,-0.13546345,-0.15106131,-0.1708393,-0.11658599,-0.16606362,-0.1725063,-0.1509206,-0.12124001,-0.13414201,-0.1058324,-0.14764662,-0.19589822,-0.18809274,-0.2175087,-0.16061261,-0.22338755,-0.19728498,-0.29867563,-0.29210672,-0.19801173,-0.10657254,-0.09162698,-0.13691942,-0.15443793,-0.23188588,-0.19306348,-0.14556165,3.2142243,-0.18268266,3.95176,-0.1983515,-0.2006292,-0.20689538,-0.15561473,-0.12514311,-0.14303106,-0.09145235,-0.095425,-0.16999845,-0.1412899,-0.13743341,-0.14618476,-0.12719077,-0.15031728,-0.2613474,-0.22333384,-0.18783219,-0.20047067,-0.14473589,-0.1483326,-0.13049218,-0.14242357,-0.14940509,-0.16291645,-0.14511949,-0.16278498,-0.15902615,-0.14998752,-0.14611778,-0.15667228,-0.15235013,-0.22480208,-0.120334074,-0.14071035,-0.118016794,-0.15958259,-0.17292759,-0.155408,-0.16691624,-0.11139822,-0.1388583,-0.13027036,-0.12756574,-0.15152657,-0.14108407,-0.114713326,-0.10065024,-0.09037574,-0.10487868,-0.11992289,-0.13417184,-0.15027548,-0.15895015,-0.1185138,-0.11129953,-0.1578567,-0.17738779,-0.13353087,-0.16413733,-0.25953975,-0.14795336,-0.13238764,-0.14157492,-0.15095688,-0.17780018,-0.16338834,-0.22917573,-0.09015879,-0.109522715,-0.13416709,-0.12930715,-0.13997786,-0.17304377,-0.13908121,3.2553744,-0.12777606,-0.07092635,-0.03704006,-0.13658994,-0.16078097,-0.17772242,-0.14332479,-0.12334781,-0.13471583,-0.12023825,-0.1374039,-0.25318068,-0.26654312,-0.08290814,-0.10945694,-0.14314944,-0.09238048,-0.18651251,-0.18975466,-0.15224238,-0.08977546,-0.13230102,-0.14876524,-0.14977807,-0.15830423,-0.1697571,-0.18187818,-0.08773528,-0.12348431,-0.14073385,-0.10256614,-0.17951453,-0.19495486,-0.19020003,-0.09954324,-0.13113372,-0.08051246,-0.12721872,-0.19006202,-0.1925846,-0.19081877,-0.12227316,-0.07500821,-0.09685457,-0.1184196,-0.13579918,-0.12406494,-0.121451,-0.09434127,-0.096436016,-0.1078946,-0.082459606,-0.11238983,-0.13111609,-0.16564012,-0.1410757,-0.13583726,-0.18093297,-0.17825818,-0.19403327,-0.14415145,-0.15549555,-0.13478899,-0.119081676,-0.14001076,-0.19117098,-0.19109434,-0.18117343,-0.19755594,-0.25103784,-0.20219928,-0.18867704,-0.1906428,-0.1817777,-0.17360517,-0.27554205,4.5743575,3.8258991,-0.12700784,4.9149194,2.103399,-0.18224281,2.2228768,-0.32474133,-0.15350157,-0.3242122,-0.17325558,-0.17108874,-0.2185038,-0.17647925,-0.114121355,-0.13946886,-0.15388772,-0.15788373,5.573888,-0.18186735,-0.2623096,-0.10402487,-0.12455491,-0.13756469,-0.12326278,-0.15189947,-0.15362993,-0.15457572,-0.14014931,-0.15141064,-0.1617035,-0.15455468,-0.15259099,-0.15262671,-0.13344593,-0.122252464,-0.14560106,-0.18904854,-0.17653932,-0.21025829,-0.3990198,-0.20503613,-0.11276424,-0.1296617,-0.11823806,-0.14697082,-0.16636807,-0.18488486,-0.19059332,-0.13088149,-0.076326236,-0.15197834,-0.13880111,-0.14106366,-0.11704561,-0.19987361,-0.1649412,-0.1579979,-0.14138907,-0.123075284,-0.12722544,-0.14610182,-0.2588673,-0.10687424,-0.13074079,-0.09132757,-0.12832497,-0.12801552,-0.1486291,-0.15026239,-0.09573868,2.6339688,-0.12361963,-0.11003918,-0.13719131,-0.14984807,-0.1693115,-0.14202361,-0.11547202,-0.17290747,-0.15091212,-0.1414009,-0.12523702,-0.14055467,-0.17466888,-0.13176009,-0.13144152,-0.14502145,-0.12227233,-0.08722703,-0.05825615,-0.14259467,-0.17082691,-0.026243303,-0.16639958,-0.2829064,-0.31316653,-0.19916227,-0.144829,-0.14331596,-0.14862512,-0.12963767,-0.25088155,-0.1934863,-0.18729988,-0.09397694,-0.108737715,-0.10702289,-0.09345984,-0.12759323,-0.1520483,-0.15746465,-0.16645794,1.8931718,-0.0969081,-0.16398169,-0.14218989,-0.11335766,-0.18846886,-0.1706479,-0.1532518,-0.12510236,-0.115196005,-0.11258626,-0.11662802,-0.1744198,-0.13770553,-0.133599,-0.096878245,-0.120926805,-0.09102139,-0.12434345,-0.13436036,-0.063823454,3.7615387,3.3878427,-0.13313106,-0.24483351,3.6110027,3.1162689,-0.14558914,-0.15602444,-0.13176951,-0.19104545,-0.0782174,-0.17165256,-0.16344965,-0.09859173,-0.11065883,-0.11319323,-0.076612435,-0.083404,-0.1213824,-0.13072303,-0.13855581,-0.19385117,-0.09883451,-0.154912,-0.19487974,-0.19027297,-0.18618731,-0.110446066,-0.14218852,-0.102080435,-0.15786816,-0.19395123,-0.17189895,-0.16811149,-0.14205676,-0.14197445,-0.10204002,-0.1524553,-0.16089173,-0.18024103,-0.19486374,-0.12034418,-0.14621806,-0.11284296,-0.07958975,-0.14308155,-0.20725825,-0.15958484,-0.125103,-0.15657571,-0.15690626,-0.14317274,-0.19202894,-0.16161065,-0.1803644,-0.2963242,-0.20019937,-0.1811172,-0.17115119,-0.19281916,-0.15722303,-0.14054683,-0.1296367,-0.12557748,-0.13751975,-0.16302624,-0.30584824,-0.16627501,-0.17994492,-0.19194287,-0.11441202,-0.14946008,-0.13990986,-0.17715365,-0.16612312,-0.16329484,-0.14331086,-0.18237996,-0.12805186,-0.15301299,-0.1381431,-0.24156228,-0.17842688,-0.102701515,-0.13470459,-0.14103398,-0.17323402,-0.109661646,-0.13387477,-0.15071237,-0.15902159,-0.1812588,-0.15304661,-0.14834478,2.3355076,-0.17447935,-0.1625085,-0.14723541,-0.14623587,-0.11499533,-0.10471026,-0.13447419,-0.20148799,-0.17547691,5.480142,-0.16534594,5.6164885,4.0264974,2.0300815,-0.17435998,-0.26032156,-0.092202544,-0.09175656,-0.114388734,-0.13538545,-0.14739218,-0.09823111,-0.18766674
k__Bacteria|p__Firmicutes|c__Bacilli|o__Lactobacillales|f__Lactobacillaceae|g__Lactobacillus|s__Lactobacillus_gasseri,3.3691292,2.5856335,-0.14109209,-0.20428483,-0.16678792,-0.1922484,-0.1666669,-0.14403297,-0.124499045,-0.1823065,-0.18254927,-0.22116388,-0.16767007,-0.20248875,-0.10225473,-0.09818745,-0.058144663,-0.09832729,-0.107055396,-0.16985825,-0.1978925,-0.12536043,-0.13528065,-0.15114427,-0.1704424,-0.11658599,-0.16676328,-0.17273644,-0.1509206,-0.12124001,-0.13433501,-0.105127804,-0.14747857,-0.19452709,-0.18781531,-0.2175087,-0.16094688,-0.22338755,-0.19647598,-0.29867563,-0.29210672,-0.19645946,-0.10622275,-0.09162698,-0.13691942,-0.15434729,-0.23188588,-0.1928087,-0.14551994,-0.2026537,-0.18421097,-0.18279888,-0.19622667,-0.19657917,-0.20045531,-0.15541469,-0.124768615,-0.14267819,-0.09123416,-0.09476403,-0.17022628,-0.14125067,-0.13743341,-0.14597923,-0.12719077,-0.1504542,-0.2613474,-0.22333384,-0.18817207,4.4003663,-0.14448416,-0.14826699,-0.12975316,-0.1415906,-0.14905235,-0.16279748,-0.14556587,0.74528337,-0.15896855,-0.14998752,-0.14636344,-0.15627939,-0.15218678,-0.22480208,8.358776,-0.14054078,-0.117514186,-0.15974052,-0.17292431,-0.15492852,-0.1671044,-0.11139822,-0.1388583,-0.13027036,-0.12758213,-0.15152657,-0.14192715,-0.11444208,-0.10065024,-0.08973737,-0.10443166,-0.11947953,-0.13403761,-0.15027548,-0.159317,-0.1185138,4.8215423,-0.1578567,-0.17738779,-0.13198373,-0.16347846,-0.25953975,-0.14787853,-0.13195083,-0.14056656,-0.15095688,-0.17780018,-0.16315365,-0.22917573,-0.09015879,-0.109408945,-0.13389671,-0.12857476,-0.13997786,-0.172973,-0.13908121,4.144205,3.8591437,-0.07092635,-0.03704006,-0.136313,-0.16107391,-0.17772806,-0.14332479,-0.12334781,-0.13498989,-0.12023825,-0.13714893,-0.25318068,-0.26654312,-0.082669266,-0.10945694,-0.14305705,-0.09238048,-0.18673714,-0.18938103,-0.15205525,-0.08945809,3.031016,-0.14871678,-0.149442,-0.1579481,-0.1696407,-0.18218157,-0.08721834,-0.1225761,-0.14018995,-0.10256614,3.8632004,6.356788,-0.18962891,-0.09913938,6.064128,-0.078209355,-0.12682289,-0.19006202,-0.1922964,-0.1904834,-0.12226342,-0.07480528,-0.09608567,-0.11757341,-0.13551891,-0.12406494,-0.121451,-0.093509704,-0.095741704,-0.10750872,-0.082459606,-0.1116889,-0.13122344,-0.16582856,-0.1410757,-0.13578436,-0.18093297,-0.17825818,-0.1930457,-0.14376925,-0.15549555,-0.1343061,-0.119081676,-0.14001076,4.7304854,-0.19026883,-0.18065989,-0.19755594,-0.25103784,-0.20219928,-0.18946646,-0.19053757,-0.18151723,-0.17321065,-0.27554205,-0.08916744,-0.11956477,-0.12738495,-0.15751183,2.01341,-0.18224281,-0.29657933,-0.32474133,-0.15254378,-0.3242122,-0.17325558,-0.17108874,-0.2185038,-0.17647925,-0.114121355,-0.13934878,-0.15388772,-0.15788373,-0.22984435,-0.18186735,-0.25391537,-0.10348449,-0.12455491,-0.13762197,-0.123226255,-0.15189947,-0.15382764,-0.15491848,-0.14014931,-0.15141064,-0.16184266,-0.15461208,-0.1524702,-0.1522833,-0.1329014,-0.12223813,-0.14559966,-0.18887073,-0.17611665,-0.21025829,-0.3990198,-0.19926599,-0.11244379,-0.1296617,-0.11718312,-0.14695628,-0.16636807,-0.18524098,-0.1907365,-0.13089713,-0.07592884,-0.1518152,-0.13904026,-0.14106366,-0.11703801,-0.19987361,-0.1649412,-0.15830179,-0.14056261,-0.12263943,-0.12722544,-0.14610182,-0.2588673,-0.10642202,1.2414799,2.2176154,0.7960582,-0.12801868,-0.14910468,-0.1505575,-0.09532405,-0.08910369,-0.123226985,-0.10979582,-0.13687345,-0.15000446,-0.16904427,-0.14200024,-0.11568482,-0.17278267,-0.15104467,-0.14119753,-0.12465915,-0.1406199,-0.17466888,3.6759253,-0.13121143,-0.14470595,-0.12188636,-0.08722703,-0.05825615,-0.14249626,-0.17082691,-0.026243303,-0.16623776,-0.2829064,-0.31316653,-0.19607145,-0.1446805,-0.14331596,-0.14862512,-0.12963767,-0.25088155,-0.19269788,-0.18725547,-0.09383095,-0.1082272,-0.10702289,-0.092170104,-0.12759323,-0.15204735,-0.15746465,-0.16604143,-0.12812386,-0.0969081,-0.16398169,-0.14237016,-0.11335766,-0.18846886,-0.1706479,-0.1531119,-0.12473896,-0.115196005,-0.11173933,-0.11662802,-0.17462903,-0.13743979,-0.13322484,-0.096878245,-0.11999446,-0.09072915,-0.12434345,-0.13483933,-0.063823454,-0.13877153,-0.11419349,-0.13291693,2.8002267,3.5784376,7.4442096,-0.14519224,-0.15567063,-0.131201,-0.19104545,-0.0782174,-0.17098472,-0.16318038,-0.09859173,-0.11065883,-0.11366138,-0.076612435,-0.083404,-0.1213824,-0.13072303,-0.13855581,-0.19385117,-0.09795679,-0.15484135,-0.19487974,-0.19041647,-0.18572038,-0.110369086,-0.14212191,-0.10191107,-0.15788865,-0.19311017,-0.17079201,-0.16850083,-0.14192,-0.14141932,-0.10121158,-0.15221557,-0.16072844,-0.18015718,-0.19398847,-0.12020311,-0.14607525,-0.113033794,-0.0791295,-0.14205399,3.2692082,-0.16005597,5.4856257,-0.15657571,-0.15690626,-0.1428693,-0.19202894,-0.16190848,-0.18071012,-0.2963242,-0.19785985,-0.1801087,-0.17112665,-0.19203264,-0.15662384,-0.14054683,-0.12943996,-0.12557748,-0.13744728,-0.16268724,-0.30584824,-0.16615754,-0.17991386,-0.19202556,-0.11441202,-0.1494475,-0.13980295,-0.17705682,-0.16593687,-0.16339283,-0.14331086,-0.18237996,-0.12773256,-0.152325,-0.13658231,-0.24156228,-0.17907612,-0.102286875,-0.13459297,-0.14071444,-0.17326891,-0.109601825,-0.1337061,-0.15092963,-0.15874735,-0.18131337,-0.15257913,-0.14819041,-0.19184028,-0.17475249,-0.16272703,-0.14723541,-0.14623587,-0.11499533,-0.10471026,-0.13397805,-0.20148799,-0.1760193,-0.12513243,-0.16545904,-0.18041904,-0.18738703,-0.11705899,-0.1742395,-0.25829917,-0.091700524,-0.09128216,-0.11404058,-0.1348263,-0.14686877,-0.097707614,-0.18782781
k__Bacteria|p__Firmicutes|c__Tissierellia|o__Tissierellales|f__Peptoniphilaceae|g__Anaerococcus|s__Anaerococcus_obesiensis,-0.1004395,-0.12316422,-0.14115185,-0.20428483,-0.16695885,-0.1913795,-0.1666669,-0.14419235,-0.12527692,-0.18149604,-0.18201745,-0.21359092,-0.16874588,-0.20019698,-0.103463665,-0.099278554,-0.058144663,-0.099550664,-0.10831026,-0.16932082,-0.1978925,-0.12536043,-0.13579346,-0.1511937,-0.1700282,-0.11658599,-0.16689068,-0.1721808,-0.1509206,-0.12124001,-0.13489288,-0.10625541,-0.14759201,-0.19307457,-0.18685028,-0.2175087,-0.16088414,-0.22338755,-0.1952498,-0.29867563,3.7675574,-0.1949682,-0.107433304,-0.09162698,-0.13691942,-0.15439655,-0.23188588,-0.19235793,-0.14593156,-0.2026537,-0.18414491,-0.18279888,-0.19439633,-0.19409731,-0.1963744,-0.15576935,-0.12534863,-0.1428968,-0.09268458,-0.09602998,-0.16994253,-0.14139767,-0.13743341,-0.14615934,-0.12719077,-0.15082082,0.5225424,1.5834153,-0.18769807,-0.20047067,-0.14460689,-0.14849028,-0.13013649,-0.14167489,-0.14883754,-0.16231574,-0.1455051,-0.16278498,-0.15927754,-0.14998752,-0.14672026,-0.15625408,-0.1521673,-0.22480208,-0.120334074,-0.14091554,-0.11826151,-0.15958786,-0.17232487,-0.15492755,-0.16659853,-0.11139822,-0.1388583,-0.13027036,-0.12824264,-0.15152657,-0.14256538,-0.11534857,-0.10065024,-0.091097645,-0.1054934,-0.12014574,-0.13452348,-0.15027548,-0.15925314,-0.1185138,-0.11129953,-0.1578567,-0.17738779,-0.13216868,-0.1627338,-0.25953975,-0.14808801,-0.13248682,-0.14065616,-0.15095688,-0.17780018,-0.16322199,-0.22917573,-0.09015879,-0.110612616,-0.13421565,-0.12898628,-0.13997786,-0.17266905,-0.13908121,-0.16057305,-0.12777606,-0.07092635,-0.03704006,-0.13690284,-0.16093881,-0.17717162,0.71015686,-0.12334781,-0.13581961,-0.12023825,-0.13739085,-0.25318068,-0.26654312,-0.08456366,-0.10945694,-0.14324753,-0.09238048,-0.18635571,-0.188508,-0.1525376,-0.091178596,-0.13230102,-0.14888099,-0.14949602,-0.15775514,-0.16926596,-0.18145035,-0.088946514,-0.12308045,-0.14034607,-0.10256614,-0.17951453,-0.19495486,-0.18855783,-0.10041622,-0.13113372,-0.07920535,-0.1272492,-0.19006202,-0.19143206,-0.18970922,-0.122911535,-0.076986715,-0.09746417,-0.11822845,-0.13590139,-0.12406494,-0.121451,-0.09490351,-0.09715266,-0.10868715,-0.082459606,-0.11265977,-0.1319045,-0.16556112,-0.1410757,-0.13626264,-0.18093297,-0.17825818,-0.19209833,-0.14393929,-0.15549555,-0.13448916,-0.119081676,-0.14001076,-0.19117098,-0.18957764,-0.18002972,-0.19755594,0.547055,-0.20219928,-0.1894733,-0.18982239,-0.18097353,-0.17287728,3.1029565,-0.08916744,-0.11956477,-0.12832513,-0.15751183,-0.20931396,-0.18224281,-0.29657933,-0.32474133,-0.15360954,-0.3242122,-0.17325558,-0.17108874,-0.2185038,-0.17647925,-0.114121355,-0.13990864,-0.15388772,-0.15788373,-0.22984435,-0.18186735,-0.24889891,-0.104679644,-0.12455491,-0.13809076,-0.12394915,-0.15189947,-0.1538673,-0.15489572,-0.14014931,-0.15141064,-0.16145582,-0.15467912,-0.15243076,-0.1522407,-0.13344568,-0.12300026,-0.14583391,-0.1878089,-0.17536339,-0.21025829,-0.3990198,-0.19769968,-0.11352746,3.257238,-0.117761746,-0.14701965,-0.16636807,-0.18466133,-0.18992338,-0.13163853,-0.07789476,-0.15160003,-0.13954996,-0.14106366,-0.11739292,-0.19987361,-0.1649412,-0.15856569,-0.14072198,-0.1234574,-0.12722544,-0.14610182,-0.2588673,-0.107547075,2.792174,-0.09132757,-0.12832497,-0.12861753,-0.1494712,-0.15074426,-0.09674969,-0.08910369,-0.12387161,-0.110908814,-0.1373705,-0.15018873,-0.16856295,-0.14227395,-0.11690826,-0.1724088,-0.1512202,-0.141574,-0.12535378,-0.1407435,-0.17466888,-0.13176009,-0.13175794,-0.14487645,-0.122612,-0.08722703,-0.05825615,-0.14264151,-0.17082691,-0.026243303,-0.16634275,-0.2829064,-0.31316653,-0.19437034,-0.14486074,-0.14331596,-0.14862512,-0.12963767,-0.25088155,-0.19192941,-0.18647477,-0.0952563,-0.10928839,-0.10702289,-0.09294431,-0.12759323,-0.15210168,-0.15746465,-0.16560471,-0.12812386,-0.0969081,-0.16398169,-0.14259276,-0.11335766,-0.18846886,-0.1706479,-0.1532614,-0.12543827,-0.115196005,-0.11240574,-0.11662802,-0.1743514,-0.13767193,-0.1336717,-0.096878245,-0.1206862,-0.092232004,-0.12434345,-0.13557902,-0.063823454,-0.13877153,-0.11419349,-0.13332142,-0.24483351,-0.2571875,-0.29957527,-0.14530447,-0.15561035,-0.13144168,-0.19104545,-0.0782174,-0.17060174,-0.162868,-0.09859173,-0.11065883,-0.11477558,-0.076612435,-0.083404,-0.1213824,-0.13072303,-0.13855581,-0.19385117,-0.099275336,-0.15473169,-0.19487974,-0.18967935,-0.18486948,-0.11149219,-0.1428524,-0.10319063,-0.15749842,-0.19177341,-0.16974898,-0.16811228,-0.14219925,-0.14165339,-0.10239458,-0.15217103,-0.16058071,-0.17968097,-0.19270973,-0.12101033,-0.14626631,-0.11427424,-0.08098552,-0.14151952,-0.20725825,-0.1602508,-0.125103,-0.15657571,-0.15690626,-0.1432849,-0.19202894,-0.16181326,-0.18013282,5.012142,-0.19712625,-0.1794306,-0.1711038,-0.19128852,-0.15654905,-0.14054683,-0.1300059,-0.12557748,-0.1378644,-0.1626969,3.8331835,-0.1660743,-0.17934564,-0.19126166,-0.11441202,-0.14949916,-0.14037214,-0.17653659,-0.16560751,-0.16329148,-0.14331086,-0.18237996,-0.12844245,-0.15230276,-0.13593939,-0.24156228,-0.1794245,-0.103564546,-0.13531536,-0.1408869,-0.1727054,-0.11096336,-0.13427153,-0.15072224,-0.1586388,-0.18106288,-0.1524698,-0.14814526,2.481498,-0.17445368,-0.16263312,-0.14723541,-0.14623587,-0.11499533,-0.10471026,-0.13417658,-0.20148799,-0.17571682,-0.12513243,-0.16591612,-0.18041904,0.7638949,-0.11705899,-0.17348872,-0.25516284,-0.09323259,-0.09288581,-0.11500865,-0.13511741,-0.14692594,-0.099081874,-0.18683106
k__Bacteria|p__Firmicutes|c__Clostridia|o__Eubacteriales|f__Lachnospiraceae|g__Lachnospiraceae_unclassified|s__Eubacterium_rectale,-0.1004395,-0.12316422,-0.14106938,-0.20428483,-0.16508622,-0.19163233,-0.1666669,-0.14477372,-0.12498239,-0.18231647,-0.18020403,-0.22147226,-0.16677144,-0.20066494,-0.10371245,-0.09982789,-0.058144663,-0.100965574,-0.10817885,-0.17001912,-0.1978925,-0.12536043,-0.1362201,-0.15199274,-0.17001343,-0.11658599,-0.16612276,-0.17293185,-0.1509206,-0.12124001,-0.13508418,-0.10584873,-0.14794773,-0.19310185,-0.18758559,-0.2175087,-0.15931419,6.633739,-0.1944554,2.2933428,4.324469,-0.19634256,-0.10785207,-0.09162698,-0.13691942,-0.15404081,-0.23188588,-0.19145522,-0.14614606,-0.2026537,-0.1810967,-0.18279888,-0.19457382,-0.19574985,-0.20147797,-0.15734789,-0.12594616,-0.14344873,-0.09362292,-0.09667864,-0.17010304,-0.142346,-0.13743341,-0.1464302,-0.12719077,-0.15072113,-0.2613474,-0.22333384,-0.18665206,-0.20047067,-0.14547151,-0.14855936,-0.1307521,-0.1423584,-0.15073574,-0.16321942,-0.14638041,-0.16278498,-0.15769067,-0.14998752,-0.14663956,-0.15602186,-0.15281557,-0.22480208,-0.120334074,-0.14122726,-0.11865762,-0.16035083,-0.17286178,-0.15467486,-0.16703281,-0.11139822,-0.1388583,-0.13027036,-0.12896203,-0.15152657,-0.1422463,-0.116039276,-0.10065024,-0.09138699,-0.106253386,-0.12088821,-0.13496892,-0.15027548,-0.15960857,-0.1185138,-0.11129953,-0.1578567,-0.17738779,-0.13394392,-0.16300939,-0.25953975,-0.14805983,-0.13227434,-0.14123595,-0.15095688,-0.17780018,-0.16234934,-0.22917573,-0.09015879,-0.11080949,-0.13464469,-0.1296052,-0.13997786,-0.17209432,-0.13908121,-0.16057305,-0.12777606,-0.07092635,-0.03704006,-0.13689005,-0.1614275,-0.17751631,-0.14332479,-0.12334781,-0.13537458,-0.12023825,-0.13819124,-0.25318068,-0.26654312,-0.0848264,-0.10945694,-0.1444419,-0.09238048,-0.18607074,-0.18804057,-0.15183352,-0.09143638,-0.13230102,-0.14896192,-0.14958425,-0.15804198,-0.16919927,-0.18261385,-0.08891396,-0.12417136,-0.14065099,-0.10256614,-0.17951453,-0.19495486,-0.18942006,-0.101205364,-0.13113372,-0.08133021,-0.12810484,6.2092686,-0.19098574,-0.18971059,-0.1240895,-0.07651439,-0.098150134,-0.11873388,-0.136367,-0.12406494,-0.121451,-0.0955482,-0.0973869,-0.10912431,-0.082459606,-0.11336136,-0.13229588,-0.1662955,-0.1410757,-0.13600014,-0.18093297,-0.17825818,-0.19173826,-0.14435406,-0.15549555,-0.13558349,-0.119081676,-0.14001076,-0.19117098,-0.1886229,-0.17957236,-0.19755594,-0.25103784,-0.20219928,-0.1880156,-0.18875396,-0.18070108,-0.1723679,-0.27554205,-0.08916744,-0.11956477,-0.12785655,-0.15751183,-0.20931396,-0.18224281,-0.29657933,-0.32474133,-0.1524561,-0.3242122,4.299905,-0.17108874,-0.2185038,-0.17647925,-0.114121355,-0.13923708,-0.15388772,-0.15788373,-0.22984435,-0.18186735,-0.25035262,-0.1051231,-0.12455491,-0.13826351,-0.124486566,-0.15189947,-0.1545006,-0.15580319,-0.14014931,-0.15141064,-0.16242172,-0.15427804,-0.15295152,-0.15228844,-0.13363037,-0.12323222,-0.14569575,-0.1884858,-0.17537548,-0.21025829,3.2629535,-0.20137335,-0.11394736,-0.1296617,-0.11905453,-0.14755556,-0.16636807,-0.18519,-0.18957695,-0.13162015,-0.07798053,-0.15290472,-0.13938901,-0.14106366,-0.11929327,-0.19987361,-0.1649412,-0.15728441,-0.14122146,-0.12355565,-0.12722544,-0.14610182,-0.2588673,-0.10805617,2.7562594,-0.09132757,-0.12832497,-0.12946829,-0.1490617,-0.15142845,-0.09729593,-0.08910369,-0.12468284,-0.110933565,-0.13774386,-0.15015453,-0.16937375,-0.1426667,-0.11677047,-0.17271352,-0.15113255,-0.14211878,-0.12519644,-0.14199415,-0.17466888,-0.13176009,-0.13237995,-0.14521348,-0.12305688,-0.08722703,-0.05825615,-0.14321752,-0.17082691,-0.026243303,-0.16547975,6.199395,3.025476,-0.19675887,-0.14527658,-0.14331596,-0.14862512,-0.12963767,-0.25088155,-0.19137087,-0.1869877,-0.095699444,-0.110010274,-0.10702289,-0.09530142,-0.12759323,-0.15252504,-0.15746465,-0.16572605,-0.12812386,-0.0969081,-0.16398169,-0.14360794,-0.11335766,-0.18846886,-0.1706479,-0.15295759,-0.12591459,-0.115196005,-0.113649756,-0.11662802,-0.17480694,-0.13833386,-0.13416052,-0.096878245,-0.12120888,-0.09296493,-0.12434345,-0.13593543,-0.063823454,-0.13877153,-0.11419349,-0.13384223,-0.24483351,-0.2571875,-0.29957527,-0.14575137,-0.15582258,-0.1323381,-0.19104545,-0.0782174,-0.17132121,-0.16323788,-0.09859173,-0.11065883,-0.11538635,-0.076612435,-0.083404,-0.1213824,-0.13072303,-0.13855581,-0.19385117,-0.09996055,-0.15521884,-0.19487974,-0.18889114,-0.18512869,-0.111916475,-0.14235008,-0.103965804,-0.15893444,-0.1917919,-0.17254479,-0.16726446,-0.14240232,-0.14205998,-0.10239816,-0.15272972,-0.160341,-0.17914873,-0.19240767,-0.12163454,-0.1469849,-0.11424708,-0.08158679,-0.14332384,-0.20725825,-0.15979409,-0.125103,-0.15657571,-0.15690626,-0.14301115,-0.19202894,-0.16156211,-0.18069366,-0.2963242,-0.19432569,-0.17927584,-0.1695795,-0.1906245,-0.15642634,-0.14054683,-0.1303626,-0.12557748,-0.13809332,-0.16231197,2.2749078,-0.16555837,-0.17932723,-0.19022366,-0.11441202,-0.1502722,-0.14011064,-0.17665175,-0.16570684,-0.16352612,-0.14331086,-0.18237996,-0.1282858,-0.15263376,-0.13761072,-0.24156228,-0.1773202,-0.10405155,-0.13483462,-0.14177024,-0.17326608,-0.11070803,-0.13451965,-0.15175931,-0.1590145,-0.17956519,-0.153855,-0.14864153,-0.19184028,-0.17377736,-0.16340218,2.5419915,5.062971,2.8789363,5.7092705,-0.13531546,5.590059,-0.17569181,-0.12513243,-0.16373307,-0.18041904,-0.18738703,-0.11705899,-0.17596573,-0.25318885,-0.09357217,-0.09335477,-0.11515335,-0.13597757,-0.147416,-0.09933002,-0.18716633
k__Bacteria|p__Firmicutes|c__Tissierellia|o__Tissierellales|f__Peptoniphilaceae|g__Peptoniphilus|s__Peptoniphilus_harei,-0.1004395,-0.12316422,-0.14188768,-0.20428483,-0.16645305,-0.19295567,-0.1666669,-0.14518707,-0.12518999,-0.18290827,-0.18263334,-0.23069844,-0.16926897,-0.2061672,-0.10412039,-0.10063045,-0.058144663,-0.1007269,-0.108520076,-0.17044514,-0.1978925,-0.12536043,-0.1365234,-0.15230879,-0.17135102,-0.11658599,-0.16667776,-0.17352468,-0.1509206,-0.12124001,-0.13514346,-0.106648296,-0.14827555,-0.19560495,-0.18873554,3.62628,-0.16049105,1.7830118,-0.19675782,3.1707249,2.1201901,-0.198219,-0.10810958,-0.09162698,-0.13691942,-0.15478101,-0.23188588,-0.19299635,-0.146781,-0.2026537,-0.18252175,-0.18279888,-0.19713405,-0.19912167,-0.20519833,-0.15788843,-0.12627223,-0.1440593,-0.0931572,-0.096748546,-0.17087005,-0.14245868,-0.13743341,-0.14703415,-0.12719077,-0.15101445,0.85030735,-0.22333384,-0.18816139,-0.20047067,-0.14593828,-0.14927895,-0.13131753,-0.1431129,-0.15108734,-0.1639446,-0.14659974,-0.16278498,-0.15901156,-0.14998752,-0.14709008,-0.15697919,-0.15315989,-0.22480208,1.942808,-0.14161979,-0.118919015,-0.16079554,-0.17377222,-0.1555197,-0.16763386,-0.11139822,-0.1388583,-0.13027036,-0.128984,-0.15152657,-0.1422049,-0.11606241,-0.10065024,-0.091567755,-0.10639375,-0.121203795,-0.13532859,-0.15027548,-0.16009057,-0.1185138,-0.11129953,-0.1578567,-0.17738779,-0.13439938,-0.16376337,-0.25953975,-0.14862713,-0.13291104,-0.14200293,-0.15095688,-0.17780018,-0.16335128,-0.22917573,-0.09015879,-0.11055908,-0.13497162,-0.13022888,-0.13997786,-0.17319131,-0.13908121,-0.16057305,-0.12777606,-0.07092635,-0.03704006,-0.13727555,-0.16187274,-0.1783176,-0.14332479,-0.12334781,-0.13573432,-0.12023825,-0.13860875,-0.25318068,-0.26654312,-0.08467661,-0.10945694,-0.14473273,2.474038,-0.1868683,-0.1896851,-0.15287003,-0.091367304,-0.13230102,-0.14943755,-0.15032133,-0.1589,-0.17023087,-0.18329877,-0.08900857,-0.12440777,-0.14149371,-0.10256614,1.5583674,-0.19495486,-0.19087538,-0.101064816,-0.13113372,-0.08162935,-0.12844983,-0.19006202,-0.19286448,-0.1911107,-0.12389013,-0.07667439,-0.098257534,-0.1192514,-0.13677822,-0.12406494,-0.121451,-0.09572572,-0.09775591,-0.10927804,-0.082459606,-0.113682345,-0.13256133,-0.1667992,-0.1410757,-0.13640371,-0.18093297,1.1344413,-0.19381483,-0.14491525,-0.15549555,-0.13588029,0.68452054,1.8093948,-0.19117098,-0.19076516,-0.18086517,-0.19755594,-0.25103784,-0.20219928,-0.18903324,-0.1902503,-0.18200998,-0.17349577,-0.27554205,-0.08916744,-0.11956477,-0.12791124,-0.15751183,-0.20931396,-0.18224281,-0.29657933,-0.32474133,-0.15126124,-0.3242122,-0.17325558,-0.17108874,-0.2185038,-0.17647925,-0.114121355,-0.13988145,-0.15388772,-0.15788373,-0.22984435,-0.18186735,-0.25829,-0.10530988,-0.12455491,-0.13856032,-0.124599785,-0.15189947,-0.15498571,-0.15614778,-0.14014931,-0.15141064,-0.16292715,-0.15504217,-0.15345302,-0.15305412,-0.13434213,-0.12342668,-0.14620891,-0.18968014,-0.17671338,-0.21025829,-0.3990198,-0.20303741,-0.11413832,-0.1296617,-0.11940579,-0.14792946,-0.16636807,-0.18594176,-0.19092193,-0.13171954,-0.07807574,-0.15314886,-0.13982697,-0.14106366,-0.11838864,-0.19987361,-0.1649412,-0.15812625,-0.14177507,-0.1241006,-0.12722544,-0.14610182,1.7157248,-0.10808249,3.410938,-0.09132757,-0.12832497,-0.12952688,-0.14952075,-0.15173492,-0.097331464,-0.08910369,-0.12482709,-0.11125261,-0.13805708,-0.15065262,-0.17016809,-0.14301836,-0.116698235,-0.17340712,-0.15171203,-0.14251237,-0.12593836,-0.14205626,-0.17466888,-0.13176009,-0.13255742,-0.14586368,-0.1235441,-0.08722703,-0.05825615,-0.14351743,-0.17082691,-0.026243303,-0.16603938,-0.2829064,-0.31316653,-0.1981366,-0.14576638,-0.14331596,-0.14862512,-0.12963767,2.5036905,-0.1935505,-0.18803251,-0.0955822,-0.11011847,-0.10702289,-0.09530026,-0.12759323,-0.15266897,-0.15746465,-0.1668691,-0.12812386,-0.0969081,-0.16398169,-0.14377269,-0.11335766,-0.18846886,-0.1706479,-0.15381809,-0.12621737,-0.115196005,-0.11382227,-0.11662802,-0.17551139,-0.1387687,-0.13487011,-0.096878245,-0.121844806,-0.09283601,-0.12434345,-0.13578014,-0.063823454,-0.13877153,-0.11419349,-0.1340275,-0.24483351,-0.2571875,-0.29957527,-0.14638638,-0.15668505,-0.13271181,-0.19104545,-0.0782174,-0.17218167,-0.16405138,-0.09859173,-0.11065883,-0.114943504,-0.076612435,-0.083404,-0.1213824,-0.13072303,-0.13855581,-0.19385117,-0.10030438,-0.15550438,-0.19487974,-0.19028643,-0.18644403,-0.111925095,-0.14297247,-0.10391081,-0.15921149,-0.19368742,-0.17288812,-0.168544,-0.14293043,-0.14279519,-0.10267338,-0.15317023,-0.16126567,-0.18028335,-0.19456112,-0.12179158,-0.14739707,-0.114190444,-0.081262425,-0.14338243,-0.20725825,-0.1604962,-0.125103,-0.15657571,-0.15690626,-0.14362442,-0.19202894,-0.16220891,-0.18139294,5.402686,-0.19762291,-0.18060206,-0.1711508,-0.19246858,-0.15742391,-0.14054683,-0.13072276,-0.12557748,-0.1384579,-0.16310702,4.674586,-0.16612978,-0.18075061,-0.19188398,-0.11441202,-0.15052119,-0.14067951,-0.17743358,-0.16661403,-0.1642784,-0.14331086,-0.18237996,-0.12865072,-0.15323521,-0.13806957,-0.24156228,-0.17862414,-0.10414587,-0.13526852,-0.14220929,-0.17413035,-0.11091746,-0.13475391,-0.15214714,-0.15989351,-0.1810632,-0.15431297,-0.14930032,-0.19184028,-0.1748276,-0.16385138,-0.14723541,-0.14623587,-0.11499533,-0.10471026,-0.13537028,-0.20148799,-0.17653865,1.8912041,-0.164931,1.798372,2.3401582,-0.11705899,-0.17619058,-0.25879782,-0.093666166,-0.093331814,-0.11536731,-0.1364103,-0.1481899,-0.09949029,-0.18825063
k__Bacteria|p__Firmicutes|c__Clostridia|o__Eubacteriales|f__Lachnospiraceae|g__Lacrimispora|s__Lacrimispora_celerecrescens,-0.1004395,-0.12316422,-0.14100957,-0.20428483,-0.16554642,-0.1913077,-0.1666669,-0.14460805,-0.12490797,-0.18211181,-0.18141711,-0.22160551,-0.16825087,-0.20260662,-0.10381268,-0.100062974,-0.058144663,-0.100618824,-0.10817772,-0.16932864,-0.1978925,-0.12536043,-0.13601646,-0.15153632,-0.17009823,-0.11658599,-0.16626346,-0.17249991,-0.1509206,-0.12124001,-0.13477413,-0.106216386,-0.14751244,-0.19367504,-0.18722048,-0.2175087,-0.15931831,-0.22338755,-0.1947318,1.6794795,5.2852554,-0.19577506,-0.107810214,-0.09162698,-0.13691942,-0.15413556,-0.23188588,-0.19177583,-0.14586812,-0.2026537,-0.18199447,-0.18279888,-0.1948805,-0.19563982,-0.20054021,-0.157237,-0.12568295,-0.14324638,-0.093138605,-0.09648922,-0.16991994,-0.1418426,-0.13743341,-0.14627895,-0.12719077,-0.15053451,-0.2613474,-0.22333384,-0.18678288,-0.20047067,-0.14514871,-0.14855176,-0.13043126,-0.14219989,-0.15009344,-0.16296579,-0.14576325,-0.16278498,-0.15834266,-0.14998752,-0.14648946,-0.15605694,-0.1523391,-0.22480208,-0.120334074,-0.1410123,-0.11847556,-0.1600217,-0.17254835,-0.15454237,-0.16665664,-0.11139822,-0.1388583,-0.13027036,-0.12856427,-0.15152657,-0.1420764,-0.115862414,-0.10065024,-0.09154375,-0.1061591,-0.120656505,-0.134711,-0.15027548,-0.15932891,-0.1185138,-0.11129953,-0.1578567,-0.17738779,-0.13331783,-0.16224055,-0.25953975,-0.147959,-0.13230088,-0.14110366,-0.15095688,-0.17780018,-0.16227286,-0.22917573,-0.09015879,-0.11055092,-0.13437882,-0.1295129,-0.13997786,-0.17223264,-0.13908121,-0.16057305,-0.12777606,-0.07092635,-0.03704006,-0.13684559,-0.16096249,-0.17726713,-0.14332479,-0.12334781,-0.1355247,-0.12023825,-0.13787358,-0.25318068,-0.26654312,-0.08482301,-0.10945694,-0.14393243,-0.09238048,-0.18594515,-0.18830508,-0.15225083,-0.09137581,-0.13230102,-0.14877214,-0.14953868,-0.15793198,-0.1691151,-0.18199229,-0.08898595,-0.12383736,-0.1406138,-0.10256614,-0.17951453,-0.19495486,-0.1891807,-0.10088341,6.3933043,-0.08088246,-0.12774685,4.460459,-0.19128272,-0.18962196,-0.123516336,-0.07698266,-0.0980497,-0.11868214,-0.13625067,-0.12406494,-0.121451,-0.095464274,-0.09760673,-0.10906504,-0.082459606,-0.11338181,-0.13220587,-0.1659286,-0.1410757,-0.1359368,-0.18093297,-0.17825818,-0.19203818,-0.14399761,-0.15549555,-0.13506405,-0.119081676,-0.14001076,-0.19117098,-0.18918583,-0.17951739,-0.19755594,-0.25103784,-0.20219928,-0.18807735,-0.18898214,-0.18080646,-0.17223948,-0.27554205,-0.08916744,-0.11956477,-0.1277725,-0.15751183,-0.20931396,-0.18224281,-0.29657933,-0.32474133,-0.15179059,-0.3242122,-0.17325558,-0.17108874,-0.2185038,-0.17647925,-0.114121355,-0.13941777,-0.15388772,-0.15788373,-0.22984435,-0.18186735,-0.25213316,-0.10499443,-0.12455491,-0.13815838,-0.124186754,-0.15189947,-0.15428278,-0.15530373,-0.14014931,-0.15141064,-0.16193156,-0.15425016,-0.1526048,-0.15210612,-0.13369532,-0.123040736,-0.14557785,-0.18835774,-0.17528352,-0.21025829,3.1098645,-0.2003339,-0.11387999,-0.1296617,-0.1188047,-0.14721867,-0.16636807,-0.1849137,-0.18952948,-0.13131334,-0.078196324,-0.15217805,-0.13928989,-0.14106366,-0.11812116,-0.19987361,-0.1649412,-0.15752037,-0.1408382,-0.12368475,-0.12722544,-0.14610182,-0.2588673,-0.10775195,-0.13074079,-0.09132757,-0.12832497,-0.1290694,-0.14898938,-0.15110223,-0.09721807,-0.08910369,-0.12433596,-0.11096992,-0.13745071,-0.14997208,-0.16896027,-0.14233498,-0.11658463,-0.17251445,-0.15103754,-0.14187066,-0.1254044,-0.14140823,-0.17466888,-0.13176009,-0.13191642,-0.14521047,-0.12305598,-0.08722703,-0.05825615,-0.14294976,3.8518462,-0.026243303,-0.16513838,4.290081,5.786402,-0.19590548,-0.14501742,-0.14331596,-0.14862512,-0.12963767,-0.25088155,-0.1917617,-0.18652801,-0.09550379,-0.10984993,-0.10702289,-0.094763346,-0.12759323,-0.15203556,-0.15746465,-0.1658439,-0.12812386,-0.0969081,-0.16398169,-0.14313824,-0.11335766,-0.18846886,-0.1706479,-0.1529116,-0.12570404,-0.115196005,-0.11319156,-0.11662802,-0.1746871,-0.13803495,-0.1341745,-0.096878245,-0.121298686,-0.092833236,-0.12434345,-0.1356233,-0.063823454,-0.13877153,-0.11419349,-0.13344836,-0.24483351,-0.2571875,-0.29957527,-0.14548948,-0.15581644,-0.13185576,-0.19104545,-0.0782174,-0.17084631,-0.16311657,-0.09859173,-0.11065883,-0.115017876,-0.076612435,-0.083404,-0.1213824,-0.13072303,-0.13855581,3.5994842,-0.09976645,-0.15452817,-0.19487974,-0.18895374,-0.18494019,-0.11161704,-0.14261946,-0.103707805,-0.15825859,-0.19184895,-0.17130075,-0.1674693,-0.14224099,-0.14199942,-0.102305606,-0.152381,-0.16051939,-0.17918357,-0.19284454,-0.12133461,-0.1468082,-0.11416842,-0.08147384,-0.14207497,-0.20725825,-0.15963951,-0.125103,-0.15657571,-0.15690626,-0.14303538,-0.19202894,-0.16125181,-0.1802286,4.657375,-0.19529016,-0.17931312,-0.1704433,-0.1908719,-0.15649983,-0.14054683,-0.1300794,-0.12557748,-0.1378172,-0.16161588,-0.30584824,-0.1652354,-0.17945878,-0.19063532,-0.11441202,-0.14982048,-0.14015672,-0.17630237,-0.16556591,-0.16336231,-0.14331086,-0.18237996,-0.12794453,-0.15232936,-0.13653505,-0.24156228,-0.17786273,-0.10385856,-0.1349243,-0.14145292,-0.172945,-0.110713065,-0.1342139,-0.15140706,-0.1590065,-0.18008879,-0.15325084,-0.14827105,-0.19184028,-0.17366259,-0.1630336,-0.14723541,-0.14623587,-0.11499533,-0.10471026,-0.13462842,3.5317566,-0.17542592,-0.12513243,-0.16466987,-0.18041904,-0.18738703,-0.11705899,-0.1750347,-0.25534624,-0.09356387,-0.09332763,-0.11500879,-0.13570248,-0.14726245,-0.09920733,-0.18695289
k__Bacteria|p__Firmicutes|c__Clostridia|o__Eubacteriales|f__Clostridiaceae|g__Clostridium|s__Clostridium_saudiense,-0.1004395,-0.12316422,-0.14168933,-0.20428483,-0.16623971,-0.192511,-0.1666669,-0.14438416,-0.1256761,-0.1826659,-0.18321505,-0.21649474,-0.17091115,-0.20056412,-0.103084296,-0.099040866,-0.058144663,-0.09926066,-0.10788587,-0.17021096,-0.1978925,-0.12536043,-0.13600636,-0.1515095,-0.17061704,-0.11658599,-0.16739695,-0.1728988,-0.1509206,-0.12124001,-0.1350076,-0.105872326,-0.14808738,-0.19414058,-0.18794647,-0.2175087,-0.16043648,-0.22338755,-0.1958438,-0.29867563,-0.29210672,-0.19645238,-0.1069547,-0.09162698,-0.13691942,-0.15471852,0.857321,-0.19297847,-0.14601406,-0.2026537,-0.18334717,-0.18279888,-0.19554403,-0.19650924,-0.19912618,-0.15710802,-0.12531528,-0.1431239,-0.09230732,-0.0956545,-0.17032638,-0.14184831,-0.13743341,-0.14638951,-0.12719077,-0.15156642,-0.2613474,1.5470791,-0.187871,-0.20047067,-0.14478335,-0.14871967,-0.13028234,-0.1421709,-0.149396,-0.16268313,-0.14578292,-0.16278498,-0.15915105,-0.14998752,-0.14693487,-0.1565988,-0.15279347,-0.22480208,-0.120334074,-0.1412695,-0.118267275,-0.15993641,-0.17278907,-0.15548845,-0.1673921,-0.11139822,-0.1388583,1.3017195,-0.12844402,-0.15152657,-0.14279327,-0.115444586,-0.10065024,-0.09082481,-0.105338044,-0.12006469,-0.1345172,-0.15027548,-0.15960297,-0.1185138,-0.11129953,-0.1578567,-0.17738779,-0.13295944,-0.16376778,-0.25953975,-0.14835687,-0.13273197,-0.1411798,-0.15095688,-0.17780018,-0.16344276,-0.22917573,-0.09015879,-0.11058337,-0.13446349,-0.12928128,-0.13997786,-0.17329352,-0.13908121,-0.16057305,-0.12777606,-0.07092635,-0.03704006,-0.1369187,-0.16141386,-0.17796186,-0.14332479,-0.12334781,-0.13596088,-0.12023825,-0.13767698,-0.25318068,2.977341,-0.08376872,-0.10945694,-0.14371999,-0.09238048,-0.18727006,-0.189117,-0.15284759,-0.09047299,-0.13230102,-0.14932995,-0.14991328,-0.15825859,-0.16980594,-0.18220225,-0.08820276,-0.12336234,-0.14043362,-0.10256614,-0.17951453,-0.19495486,-0.18952298,-0.1000458,-0.13113372,-0.07927904,-0.12777604,2.2748792,-0.19196257,-0.19050318,-0.1228405,-0.0758302,-0.09708494,-0.11841038,-0.13625151,-0.12406494,-0.121451,-0.094423234,-0.09682003,-0.10857709,-0.082459606,-0.11276814,-0.1320755,-0.16608429,4.6511207,-0.13640344,-0.18093297,-0.17825818,-0.19299576,-0.14431646,-0.15549555,-0.134853,-0.119081676,-0.14001076,-0.19117098,-0.18991977,-0.18081805,-0.19755594,-0.25103784,0.86790997,-0.18979251,-0.19039401,-0.18194115,-0.17348534,-0.27554205,-0.08916744,-0.11956477,-0.12836084,-0.15751183,-0.20931396,-0.18224281,-0.29657933,-0.32474133,-0.1566658,-0.3242122,-0.17325558,-0.17108874,-0.2185038,-0.17647925,-0.114121355,-0.13999298,-0.15388772,-0.15788373,-0.22984435,-0.18186735,-0.25213847,-0.10432506,-0.12455491,-0.13836828,-0.12401211,-0.15189947,-0.15404588,-0.15507828,-0.14014931,-0.15141064,-0.16188654,-0.1548106,-0.1528174,-0.15270048,-0.13375294,-0.12296364,-0.14639801,-0.1889275,-0.17612909,-0.21025829,-0.3990198,-0.20314708,-0.113361865,-0.1296617,-0.118012324,-0.14765404,-0.16636807,-0.18539378,-0.19071877,-0.13172768,-0.07715934,-0.1522313,-0.13958809,-0.14106366,-0.11789985,-0.19987361,-0.1649412,-0.1586414,-0.14130369,-0.12359929,-0.12722544,-0.14610182,-0.2588673,-0.10733649,-0.13074079,-0.09132757,-0.12832497,-0.12876669,-0.14952764,-0.15095158,-0.09625924,-0.08910369,-0.12412973,-0.11061536,-0.13770829,-0.15049893,-0.16934144,-0.14241436,-0.11681567,-0.17315817,-0.15157649,-0.14185429,-0.12521946,-0.14146258,-0.17466888,-0.13176009,-0.13204758,-0.14526969,-0.122520134,-0.08722703,-0.05825615,-0.14296755,-0.17082691,-0.026243303,-0.16687858,-0.2829064,-0.31316653,-0.1977675,-0.14509782,-0.14331596,-0.14862512,-0.12963767,-0.25088155,-0.19227107,-0.18725723,-0.09478747,-0.109155506,-0.10702289,-0.09324713,-0.12759323,-0.15297826,-0.15746465,-0.16616875,-0.12812386,-0.0969081,-0.16398169,-0.14287898,-0.11335766,1.6339138,-0.1706479,-0.1534105,-0.12545465,-0.115196005,-0.11270878,-0.11662802,-0.17512774,-0.13781743,-0.13366517,-0.096878245,-0.12089322,-0.09181223,1.4877366,-0.13574171,-0.063823454,-0.13877153,-0.11419349,-0.13345553,0.85981846,-0.2571875,-0.29957527,-0.14552423,-0.15607627,-0.13177747,1.0244485,-0.0782174,-0.171345,-0.16359735,-0.09859173,-0.11065883,-0.11462651,-0.076612435,-0.083404,1.4817158,-0.13072303,3.8798606,-0.19385117,-0.09862414,-0.15523377,-0.19487974,-0.19037955,-0.18591985,-0.11116409,-0.14284843,-0.102907695,-0.1579279,-0.19300506,-0.17141095,-0.16855934,-0.14231503,-0.14189632,-0.10223119,-0.1528674,-0.16111875,-0.18051308,-0.19387871,-0.12088224,-0.14656264,-0.11414262,-0.08073877,-0.14247875,-0.20725825,-0.16001609,-0.125103,-0.15657571,-0.15690626,-0.1436201,-0.19202894,-0.16211435,-0.18084106,-0.2963242,-0.1976868,-0.18104066,-0.1714625,-0.19201219,-0.15719849,-0.14054683,-0.12999298,-0.12557748,-0.13811238,-0.1631436,1.3792452,-0.16661681,-0.17983717,-0.19191667,-0.11441202,-0.15013903,-0.14045662,-0.17732607,-0.16606131,-0.163811,-0.14331086,-0.18237996,-0.1284753,-0.15326688,-0.1369797,-0.24156228,-0.17926314,-0.10311353,-0.13539545,-0.14120647,-0.17310777,-0.11061738,-0.13449141,-0.15123323,-0.1588304,-0.18138263,-0.15316762,-0.14834563,-0.19184028,-0.17463854,-0.1630879,3.9942052,-0.14623587,-0.11499533,-0.10471026,-0.13491192,-0.20148799,-0.17584172,-0.12513243,-0.16644803,-0.18041904,-0.18738703,-0.11705899,-0.17462549,-0.25632992,-0.092683375,-0.09247238,-0.11485517,-0.1355569,-0.14735657,-0.0988036,-0.18774536
k__Bacteria|p__Firmicutes|c__Tissierellia|o__Tissierellales|f__Peptoniphilaceae|g__Finegoldia|s__Finegoldia_magna,-0.1004395,-0.12316422,-0.14193493,-0.20428483,-0.1663089,-0.19237033,-0.1666669,-0.14485395,-0.12518552,-0.18263543,-0.18186213,-0.22802956,-0.1683245,-0.20486131,-0.10381787,-0.10047966,-0.058144663,-0.10044273,-0.10833907,-0.17017236,-0.1978925,-0.12536043,-0.13613261,-0.15170391,-0.17072706,-0.11658599,-0.16656996,-0.17305692,2.9042559,-0.12124001,-0.13501896,-0.1064539,-0.14807343,-0.19481155,-0.18809986,-0.2175087,-0.16049062,-0.22338755,-0.19633274,3.6710103,2.7953265,-0.19726989,-0.107850425,-0.09162698,-0.13691942,-0.15477945,-0.23188588,-0.19268572,-0.14629272,-0.2026537,-0.1827147,-0.18279888,-0.19636148,-0.19765073,-0.20329255,-0.15702751,-0.12593585,-0.14358664,-0.092906,-0.09650597,-0.17034242,-0.14196064,-0.13743341,-0.14665517,-0.12719077,-0.15097333,-0.2613474,-0.22333384,-0.18769369,-0.20047067,-0.14538154,-0.14879975,-0.13091022,-0.14259513,-0.15016267,-0.16323362,-0.14600998,-0.16278498,-0.1588945,-0.14998752,-0.14670488,-0.15668349,-0.1527811,-0.22480208,-0.120334074,-0.14132074,-0.11875908,-0.16023637,-0.17315328,-0.15528786,-0.16718774,-0.11139822,-0.1388583,-0.13027036,-0.12860169,-0.15152657,-0.14210287,-0.11582889,-0.10065024,-0.091458336,-0.10610711,-0.12085403,-0.13499708,-0.15027548,-0.15967943,-0.1185138,-0.11129953,-0.1578567,0.7406267,-0.13367108,-0.16360435,-0.25953975,-0.14842941,-0.13273785,-0.14162001,-0.15095688,-0.17780018,-0.16333714,1.2959596,-0.09015879,-0.11060796,-0.13472986,-0.1297558,-0.13997786,-0.17295808,-0.13908121,-0.16057305,-0.12777606,-0.07092635,-0.03704006,-0.13722491,-0.16141583,-0.17787996,-0.14332479,1.8078941,-0.1355863,-0.12023825,-0.13805065,-0.25318068,-0.26654312,-0.084512815,-0.10945694,-0.14403883,-0.09238048,-0.18670037,-0.18925144,-0.15266263,-0.091238625,1.1781192,-0.14924315,-0.15004498,-0.15849626,-0.16979498,-0.18241428,-0.0889487,-0.1241553,-0.14109865,-0.10256614,-0.17951453,-0.19495486,-0.19000854,-0.10082517,-0.13113372,-0.08105736,-0.12805961,-0.19006202,-0.19217218,-0.19055343,-0.12356572,-0.07652624,-0.097984225,-0.11899387,-0.1364797,-0.12406494,-0.121451,-0.09545939,-0.09754811,-0.1090588,-0.082459606,-0.113329224,-0.13218811,-0.16635601,-0.1410757,-0.13640624,-0.18093297,2.7182221,-0.1931676,-0.14457515,-0.15549555,-0.13546458,-0.119081676,-0.14001076,-0.19117098,-0.19036002,-0.18062508,-0.19755594,2.6496475,-0.20219928,-0.18881997,-0.19005395,-0.18162012,-0.17333263,-0.27554205,-0.08916744,-0.11956477,-0.12799905,-0.15751183,2.016429,-0.18224281,-0.29657933,-0.32474133,-0.15337944,-0.3242122,-0.17325558,-0.17108874,-0.2185038,-0.17647925,-0.114121355,-0.139835,-0.15388772,-0.15788373,-0.22984435,1.393634,-0.2565199,-0.105048254,-0.12455491,-0.13833132,-0.124307886,-0.15189947,-0.15438512,-0.1555463,-0.14014931,-0.15141064,-0.16224141,-0.15478295,-0.15301675,-0.15275502,-0.1340585,-0.12314298,-0.14599378,-0.18887329,-0.17625713,-0.21025829,-0.3990198,-0.20295946,-0.11389957,-0.1296617,-0.11896093,-0.14754334,-0.16636807,-0.18531998,-0.19048409,-0.13171342,-0.07773972,-0.15259582,-0.13959001,-0.14106366,-0.11847712,-0.19987361,-0.1649412,-0.15814228,-0.14152808,-0.12374263,-0.12722544,-0.14610182,-0.2588673,-0.10797362,2.8848875,-0.09132757,-0.12832497,-0.12910283,-0.14927265,-0.15125775,-0.097090214,-0.08910369,-0.12450589,-0.11102615,-0.1378739,-0.15036964,-0.16960716,-0.1426799,-0.11659223,-0.1731044,-0.15141287,-0.14209637,-0.12564251,-0.14157654,1.7984915,-0.13176009,-0.1321955,-0.1454194,-0.123165324,-0.08722703,-0.05825615,-0.14325038,-0.17082691,-0.026243303,-0.16664654,-0.2829064,-0.31316653,-0.19775067,-0.14540698,-0.14331596,-0.14862512,-0.12963767,-0.25088155,-0.19283229,-0.18734372,-0.09530877,-0.10982627,-0.10702289,-0.094512224,-0.12759323,-0.15261115,-0.15746465,-0.16648494,-0.12812386,-0.0969081,-0.16398169,-0.14323041,-0.11335766,-0.18846886,-0.1706479,-0.15346645,-0.12581772,-0.115196005,-0.11338812,-0.11662802,-0.17502642,-0.13836676,-0.13428348,-0.096878245,-0.12147868,-0.09256612,-0.12434345,-0.13561201,-0.063823454,3.2235632,1.1986743,-0.13382629,-0.24483351,1.2605168,-0.29957527,-0.14600086,-0.15619348,-0.13226214,-0.19104545,-0.0782174,-0.1716148,-0.16360101,-0.09859173,-0.11065883,-0.11474554,-0.076612435,-0.083404,-0.1213824,-0.13072303,4.1795945,3.7318203,-0.09974946,-0.15529731,-0.19487974,-0.1899781,-0.18588778,-0.111709,-0.14276108,-0.103467256,-0.1585592,-0.19310975,-0.17210226,-0.1681295,-0.14263895,-0.14239264,-0.10267369,-0.1528721,-0.16105856,-0.18007487,-0.19399579,-0.1214087,-0.14696395,-0.11413648,-0.08106895,-0.14318971,-0.20725825,-0.16021822,-0.125103,-0.15657571,-0.15690626,-0.14354591,-0.19202894,-0.16192354,-0.18072176,3.3379102,-0.19785923,-0.18033223,-0.17106934,-0.19209757,-0.15717106,-0.14054683,-0.13040602,-0.12557748,-0.13818544,-0.16305023,2.735791,-0.16599788,-0.17983735,-0.19162837,-0.11441202,-0.15009874,-0.14057024,-0.17718686,-0.1661603,-0.16382356,-0.14331086,-0.18237996,-0.12856823,-0.15289474,-0.13771833,-0.24156228,-0.17866778,-0.10391839,-0.13522232,-0.14167511,-0.1735037,-0.11076172,-0.13450927,-0.15148962,-0.15948871,-0.1809184,-0.1535463,-0.14876917,-0.19184028,-0.17447293,-0.16322935,1.0069737,-0.14623587,-0.11499533,-0.10471026,-0.13512295,-0.20148799,-0.17598894,-0.12513243,-0.16531065,0.63810045,-0.18738703,-0.11705899,-0.17507058,-0.2576524,-0.09350759,-0.093118936,-0.1152376,-0.13601185,-0.14769688,-0.099250115,-0.18765
k__Bacteria|p__Firmicutes|c__Clostridia|o__Eubacteriales|f__Lachnospiraceae|g__Blautia|s__Blautia_massiliensis,-0.1004395,-0.12316422,-0.1413275,-0.20428483,-0.16542155,-0.19211853,-0.1666669,-0.1447001,-0.12506132,-0.18246698,-0.18192331,-0.22718027,-0.16988143,-0.20410919,-0.10375163,-0.1002709,-0.058144663,-0.100289956,-0.108166665,-0.16970795,-0.1978925,-0.12536043,-0.13592628,-0.15163009,-0.17055938,-0.11658599,-0.16620487,-0.17283964,-0.1509206,-0.12124001,-0.13484901,-0.10629607,-0.14791685,-0.19455963,-0.1881253,-0.2175087,-0.15945807,-0.22338755,-0.19585933,-0.29867563,-0.29210672,-0.19732678,-0.10768695,-0.09162698,-0.13691942,-0.15423326,-0.23188588,-0.19197014,-0.14630142,-0.2026537,-0.18149553,-0.18279888,-0.195912,-0.1978943,-0.20361893,-0.15768659,-0.1257695,-0.14343843,-0.09278813,-0.096367136,-0.17011222,-0.14181814,-0.13743341,-0.14645377,-0.12719077,-0.15077776,-0.2613474,-0.22333384,-0.18704316,-0.20047067,-0.14523016,-0.14867209,-0.13081133,-0.14247301,-0.1503066,-0.16293952,-0.14607787,-0.16278498,-0.15818027,-0.14998752,-0.14658773,-0.15634152,-0.15254503,8.000141,-0.120334074,-0.14119396,-0.11848644,-0.15998305,-0.17292137,-0.15492475,-0.16712084,-0.11139822,-0.1388583,-0.13027036,-0.12861368,-0.15152657,-0.14194836,-0.11578013,-0.10065024,-0.09141278,-0.10608803,-0.120673686,-0.13479924,-0.15027548,-0.15957738,-0.1185138,-0.11129953,-0.1578567,-0.17738779,-0.13375452,-0.16330251,-0.25953975,-0.14812517,-0.13258207,-0.14152098,-0.15095688,-0.17780018,-0.16253282,-0.22917573,-0.09015879,-0.110386714,-0.13454793,-0.12976067,-0.13997786,-0.17259777,-0.13908121,-0.16057305,-0.12777606,-0.07092635,-0.03704006,-0.13676341,-0.16130555,-0.17764707,-0.14332479,-0.12334781,-0.13551418,-0.12023825,-0.13825352,7.7803183,-0.26654312,-0.08443389,-0.10945694,-0.14434339,-0.09238048,-0.18636665,-0.18882252,-0.15263912,-0.09106599,-0.13230102,-0.14901654,-0.14975622,-0.15821716,-0.16944568,-0.18252756,-0.088673726,-0.12383026,-0.14088342,-0.10256614,-0.17951453,-0.19495486,-0.18995997,-0.10077442,-0.13113372,-0.08127921,-0.12823752,-0.19006202,-0.19182462,-0.19035263,-0.12341113,-0.07632976,-0.09789566,-0.11891617,-0.13645792,-0.12406494,-0.121451,-0.09534314,-0.09757346,-0.1091017,-0.082459606,-0.11342263,-0.13223436,-0.1661883,-0.1410757,-0.1360483,-0.18093297,-0.17825818,-0.19289401,-0.14441757,-0.15549555,-0.13539504,-0.119081676,7.538827,7.415208,-0.18968898,-0.18002138,-0.19755594,-0.25103784,-0.20219928,-0.18835206,-0.18942273,-0.18147925,-0.172929,-0.27554205,-0.08916744,-0.11956477,-0.12786806,-0.15751183,-0.20931396,-0.18224281,-0.29657933,-0.32474133,-0.15287313,-0.3242122,-0.17325558,-0.17108874,-0.2185038,-0.17647925,-0.114121355,-0.13945921,-0.15388772,-0.15788373,-0.22984435,-0.18186735,-0.25687557,-0.104934186,-0.12455491,-0.13822752,-0.124265775,-0.15189947,-0.15422663,-0.15552706,-0.14014931,-0.15141064,-0.16215071,-0.15432486,-0.15283705,-0.15256158,-0.13410503,-0.12313694,-0.14582875,-0.18899833,-0.17589873,7.319963,5.789755,-0.20319778,-0.11384237,-0.1296617,-0.11892441,-0.14761706,-0.16636807,-0.1851719,-0.19023034,-0.13147806,-0.07785472,-0.15257561,-0.13951208,-0.14106366,-0.11808503,-0.19987361,-0.1649412,-0.15759139,-0.14139509,-0.12379547,-0.12722544,-0.14610182,-0.2588673,-0.10780708,-0.13074079,-0.09132757,-0.12832497,-0.12916684,-0.1490128,-0.1511777,-0.09701674,-0.08910369,-0.12452842,-0.11092749,-0.13767579,-0.15017274,-0.16952603,-0.14249012,-0.11655238,-0.1727565,-0.1512366,-0.14203523,-0.12541072,-0.14171004,-0.17466888,-0.13176009,-0.13220443,-0.14530605,-0.12310412,-0.08722703,-0.05825615,-0.14308544,-0.17082691,-0.026243303,-0.16558713,7.3718085,6.8181825,-0.19780946,-0.14520796,-0.14331596,-0.14862512,-0.12963767,-0.25088155,-0.1922295,-0.18722768,-0.09539652,-0.10973327,-0.10702289,-0.09495556,-0.12759323,-0.15242702,-0.15746465,-0.16610941,-0.12812386,-0.0969081,-0.16398169,-0.14317483,-0.11335766,-0.18846886,-0.1706479,-0.15316969,-0.1256763,-0.115196005,-0.11353056,-0.11662802,-0.17497182,-0.13817866,-0.13429868,-0.096878245,-0.12141942,-0.09263836,-0.12434345,-0.13553439,-0.063823454,-0.13877153,-0.11419349,-0.13368225,-0.24483351,-0.2571875,2.8824704,-0.14575462,-0.15605369,-0.13215683,-0.19104545,-0.0782174,-0.17147367,-0.16350743,-0.09859173,-0.11065883,-0.11473117,-0.076612435,-0.083404,0.87235683,7.9202566,-0.13855581,-0.19385117,-0.09962273,-0.15491398,-0.19487974,-0.18952906,-0.18575326,-0.11160307,-0.1424624,-0.10348718,-0.15844715,-0.19272187,-0.17221533,-0.16809541,-0.14237973,-0.14220077,-0.10246228,-0.15278044,-0.160617,-0.17979339,-0.19379312,-0.121344835,-0.1468252,-0.11407239,-0.08119445,-0.1428183,-0.20725825,-0.15976812,-0.125103,-0.15657571,-0.15690626,-0.14311197,-0.19202894,-0.16153695,-0.18072064,-0.2963242,-0.19679248,-0.18032593,-0.17067775,-0.19170581,-0.15696226,-0.14054683,-0.130269,-0.12557748,-0.13805816,-0.16284454,-0.30584824,-0.16543491,-0.17999339,-0.19113114,-0.11441202,-0.15015948,-0.14020923,-0.17674774,-0.16577694,-0.1637449,-0.14331086,-0.18237996,-0.12828095,-0.15284017,-0.13761657,-0.24156228,-0.17801103,-0.10379337,-0.13481662,-0.14159286,-0.17325738,-0.11067955,-0.13432793,-0.15158941,-0.15913557,-0.18026768,-0.15362713,-0.14847958,-0.19184028,-0.17392902,-0.16317305,-0.14723541,-0.14623587,-0.11499533,-0.10471026,-0.13509163,-0.20148799,-0.17572875,-0.12513243,-0.16457304,-0.18041904,-0.18738703,-0.11705899,-0.17555326,-0.25753182,-0.09334181,-0.093110755,-0.11503727,-0.135982,-0.1476388,-0.099295355,-0.18748334
k__Bacteria|p__Firmicutes|c__Clostridia|o__Eubacteriales|f__Oscillospiraceae|g__Agathobaculum|s__Agathobaculum_butyriciproducens,-0.1004395,-0.12316422,-0.1417137,-0.20428483,-0.1662195,-0.1924303,-0.1666669,-0.14533189,-0.12554313,-0.18281507,-0.18244416,-0.22393781,-0.16860619,-0.20340014,-0.10444148,-0.10055652,-0.058144663,-0.10132424,-0.10867727,-0.17050251,1.1789154,-0.12536043,-0.13688892,-0.15259412,-0.17103162,-0.11658599,-0.16696575,-0.17362481,-0.1509206,-0.12124001,-0.13553903,-0.10665409,-0.14835766,-0.19463307,-0.18831083,-0.2175087,-0.1602203,-0.22338755,-0.19570556,6.4988227,4.7426934,-0.19721204,-0.10842277,-0.09162698,-0.13691942,-0.15476534,-0.23188588,-0.19269899,-0.1466856,1.981147,-0.18242452,-0.18279888,-0.19605994,-0.19734633,-0.20256545,-0.15819786,-0.12646972,-0.14415601,-0.09389252,-0.09707955,-0.17085214,-0.14293414,-0.13743341,-0.14713049,-0.12719077,-0.15119481,-0.2613474,-0.22333384,-0.1878542,-0.20047067,-0.14610009,-0.14940834,-0.13127252,-0.14311934,-0.15127456,-0.16414249,-0.14680743,-0.16278498,-0.1589425,-0.14998752,-0.14736456,-0.15681162,-0.15336984,-0.22480208,-0.120334074,-0.14182243,-0.119144745,-0.1610263,-0.17364115,-0.15545028,-0.16766119,-0.11139822,-0.1388583,-0.13027036,-0.1294096,-0.15152657,-0.1427766,-0.11656736,-0.10065024,-0.09197038,-0.10673624,-0.121433,-0.13547814,-0.15027548,-0.16023798,-0.1185138,-0.11129953,-0.1578567,-0.17738779,-0.13447405,-0.1633752,-0.25953975,-0.14871499,-0.13296586,-0.14188519,-0.15095688,-0.17780018,-0.16313815,-0.22917573,-0.09015879,-0.11116816,-0.13518226,-0.13032012,-0.13997786,-0.17304417,-0.13908121,-0.16057305,-0.12777606,-0.07092635,-0.03704006,-0.1374961,-0.1619451,-0.17832738,-0.14332479,-0.12334781,-0.13609083,-0.12023825,-0.13864025,5.7308774,4.894725,-0.085206814,-0.10945694,-0.14493214,-0.09238048,-0.18671837,-0.1891827,-0.15266803,-0.091806725,-0.13230102,-0.14956534,-0.15033816,-0.1588079,-0.17009448,-0.18322316,-0.089369744,-0.12474729,-0.14153004,-0.10256614,-0.17951453,3.1494582,-0.19035414,-0.10147514,-0.13113372,-0.08161953,-0.12854369,-0.19006202,-0.19225994,-0.19061324,-0.12443246,-0.07721169,-0.09860745,-0.119350225,-0.13695994,-0.12406494,-0.121451,-0.09601798,-0.09800854,-0.10962026,-0.082459606,-0.113955826,-0.13291484,-0.16693236,-0.1410757,-0.13653395,-0.18093297,-0.17825818,-0.19296306,-0.14492698,-0.15549555,-0.1360287,-0.119081676,-0.14001076,-0.19117098,-0.18992929,-0.18050742,-0.19755594,-0.25103784,-0.20219928,-0.18883872,-0.18980023,-0.18161201,-0.1730435,-0.27554205,-0.08916744,-0.11956477,-0.1282393,-0.15751183,-0.20931396,-0.18224281,-0.29657933,-0.32474133,-0.15166578,-0.3242122,-0.17325558,-0.17108874,-0.2185038,-0.17647925,-0.114121355,-0.13999033,-0.15388772,-0.15788373,-0.22984435,-0.18186735,-0.25320232,-0.10559565,-0.12455491,-0.13885593,-0.12491886,-0.15189947,-0.1552116,-0.15634537,-0.14014931,-0.15141064,-0.1630668,-0.1551061,-0.15356052,-0.15301721,-0.13430081,-0.12371071,-0.14642908,-0.18937865,-0.17643106,-0.21025829,2.9563246,-0.20173168,-0.114452995,-0.1296617,-0.11963123,-0.14807796,-0.16636807,-0.18598258,-0.19051248,-0.13202962,-0.07850325,-0.1533356,-0.13993408,-0.14106366,-0.11922245,-0.19987361,-0.1649412,-0.15816984,-0.1417172,-0.12435627,-0.12722544,-0.14610182,-0.2588673,-0.1083778,-0.13074079,-0.09132757,-0.12832497,-0.12986192,-0.14977506,-0.15200543,-0.097757384,-0.08910369,-0.12512507,-0.111537784,-0.13820598,-0.15081128,-0.17004046,-0.14320315,-0.11718582,-0.17344019,-0.15185368,-0.14269781,-0.1259923,-0.14241159,-0.17466888,-0.13176009,-0.13275963,-0.14608246,-0.12372377,-0.08722703,-0.05825615,-0.14374635,-0.17082691,-0.026243303,-0.1660076,4.1298037,5.3108797,-0.19719246,-0.145869,-0.14331596,-0.14862512,-0.12963767,-0.25088155,-0.19276987,-0.18772286,-0.096035704,-0.11051273,-0.10702289,-0.09566457,-0.12759323,-0.15293242,-0.15746465,-0.166717,-0.12812386,-0.0969081,-0.16398169,-0.14420295,-0.11335766,-0.18846886,-0.1706479,-0.15375596,-0.1265206,-0.115196005,-0.11403196,-0.11662802,-0.17559372,-0.13892448,-0.13497156,-0.096878245,-0.12199214,-0.09333104,-0.12434345,-0.13636005,-0.063823454,-0.13877153,-0.11419349,-0.1341694,-0.24483351,-0.2571875,2.3949404,-0.1463785,-0.15665013,-0.13280325,-0.19104545,-0.0782174,-0.1718874,-0.16411413,-0.09859173,-0.11065883,-0.11575849,-0.076612435,-0.083404,-0.1213824,-0.13072303,-0.13855581,-0.19385117,-0.100472085,-0.15559098,-0.19487974,-0.18986163,-0.1860156,-0.11227463,-0.14320505,-0.10442515,-0.15939575,-0.19295856,-0.17290497,-0.16826499,-0.14304319,-0.14282425,-0.10282079,-0.15325451,-0.16128275,-0.17997584,-0.19373533,-0.12208921,-0.14767024,-0.114710644,-0.08193587,-0.14335659,-0.20725825,-0.16046563,-0.125103,-0.15657571,-0.15690626,-0.14375997,-0.19202894,-0.16224833,-0.1813536,-0.2963242,-0.19565266,-0.18019181,-0.17084038,-0.19161698,-0.1572991,-0.14054683,-0.13087979,-0.12557748,-0.13869505,-0.16252851,-0.30584824,-0.16623276,-0.18048263,-0.19137385,-0.11441202,-0.15077093,-0.14078686,-0.17728934,-0.16656809,-0.16425638,-0.14331086,-0.18237996,-0.12872262,-0.15332226,-0.13776597,-0.24156228,-0.17834435,-0.10442166,-0.1355471,-0.14235422,-0.17406887,-0.1112043,-0.1350289,-0.15240537,-0.15980878,-0.18072554,-0.1544043,-0.1493249,-0.19184028,-0.17464744,-0.16409564,-0.14723541,-0.14623587,-0.11499533,-0.10471026,-0.13554302,-0.20148799,-0.17643,-0.12513243,-0.16502413,-0.18041904,-0.18738703,-0.11705899,-0.17631201,-0.2558881,-0.09405795,-0.09380816,-0.1156258,-0.13653788,-0.14815715,-0.099748746,-0.18802884
k__Bacteria|p__Firmicutes|c__Bacilli|o__Lactobacillales|f__Streptococcaceae|g__Streptococcus|s__Streptococcus_infantis,-0.1004395,-0.12316422,-0.14097333,-0.20428483,-0.16664205,-0.1925625,-0.1666669,-0.14479291,-0.12443028,-0.18317436,-0.18215495,-0.22305706,-0.1678244,-0.20368397,-0.10274791,-0.09847831,-0.058144663,-0.09933448,-0.10732358,-0.1702015,-0.1978925,-0.12536043,-0.1358934,-0.15194699,-0.17085359,-0.11658599,-0.16664362,-0.17339355,-0.1509206,1.6278591,-0.13457893,-0.10533641,-0.14763275,-0.19521986,-0.18842137,-0.2175087,-0.16048026,-0.22338755,-0.19629756,-0.29867563,-0.29210672,-0.1973383,-0.1069728,-0.09162698,-0.13691942,-0.15428036,-0.23188588,-0.19285724,-0.14633217,-0.2026537,-0.18394773,-0.18279888,-0.19646758,-0.19692379,-0.20231442,-0.15741888,-0.12536287,-0.14335199,-0.09185304,-0.09538242,-0.17092493,-0.14182448,-0.13743341,-0.14644265,-0.12719077,-0.15052173,-0.2613474,-0.22333384,-0.18841553,-0.20047067,-0.14541762,-0.14879137,-0.1302292,-0.14217727,-0.15059105,-0.16383511,-0.14647305,-0.16278498,-0.15873079,-0.14998752,-0.146676,-0.15646955,-0.15263413,-0.22480208,-0.120334074,-0.14088875,-0.11785041,-0.16073555,-0.17382987,-0.1547003,-0.1674946,-0.11139822,-0.1388583,-0.13027036,-0.12838438,-0.15152657,-0.1420819,-0.11510332,-0.10065024,-0.09010771,-0.10523862,-0.12027894,-0.13469197,-0.15027548,-0.15990667,-0.1185138,-0.11129953,-0.1578567,-0.17738779,-0.13280973,-0.16308628,0.95197785,-0.14816079,-0.13192779,-0.1409303,-0.15095688,-0.17780018,-0.16302696,0.5741577,-0.09015879,-0.10956712,-0.13420123,-0.12916659,-0.13997786,-0.1728797,-0.13908121,-0.16057305,-0.12777606,-0.07092635,-0.03704006,-0.1367356,-0.16167381,-0.17814039,-0.14332479,-0.12334781,-0.13520229,-0.12023825,-0.13777944,2.6966684,1.1686505,-0.083219334,-0.10945694,-0.1440041,3.5278697,-0.18686405,-0.18950751,-0.15205248,-0.08998381,-0.13230102,-0.148914,-0.14969012,-0.15836325,-0.16997299,-0.18333712,-0.087433286,-0.1232146,-0.14047042,2.2790089,-0.17951453,1.4914277,-0.19057027,-0.099937156,-0.13113372,-0.079129554,-0.12753117,-0.19006202,-0.19278312,-0.19084685,-0.123082355,-0.07517987,-0.09683284,-0.11802804,-0.13597958,-0.12406494,-0.121451,-0.094133094,-0.09628929,-0.10795985,-0.082459606,-0.112528786,-0.13195679,-0.16665965,-0.1410757,-0.13579148,-0.18093297,3.1386666,-0.19323997,-0.1441587,-0.15549555,-0.134983,-0.119081676,-0.14001076,-0.19117098,-0.19030142,-0.18035595,-0.19755594,-0.25103784,-0.20219928,-0.18935445,-0.1902861,-0.18171602,-0.17303208,-0.27554205,-0.08916744,-0.11956477,-0.12734959,-0.15751183,-0.20931396,-0.18224281,-0.29657933,-0.32474133,-0.14848512,-0.3242122,-0.17325558,-0.17108874,-0.2185038,-0.17647925,-0.114121355,-0.1392594,-0.15388772,1.932972,0.88154006,-0.18186735,-0.25494808,-0.104029864,-0.12455491,-0.13800524,-0.12385437,-0.15189947,-0.15476108,-0.15601513,0.71128875,-0.15141064,-0.16281845,-0.15474096,-0.15300256,-0.15235966,-0.13326739,-0.122722544,-0.14586309,-0.18964809,-0.17642406,-0.21025829,-0.3990198,-0.19916412,-0.11311619,-0.1296617,-0.11825247,-0.1474345,-0.16636807,-0.1861223,-0.19094045,-0.13080835,-0.07653367,-0.15275362,-0.13929462,-0.14106366,-0.11756025,-0.19987361,-0.1649412,-0.15788254,-0.14053509,-0.12302871,-0.12722544,-0.14610182,-0.2588673,-0.106821,-0.13074079,-0.09132757,-0.12832497,-0.12884785,-0.14928609,-0.15142469,-0.095977694,-0.08910369,-0.12377193,-0.11019544,-0.13718775,-0.15026471,-0.16967213,-0.14254647,-0.115907595,-0.17313059,-0.15132186,-0.14178535,-0.124938354,-0.14166853,-0.17466888,-0.13176009,-0.13169007,-0.14525625,-0.12251692,-0.08722703,-0.05825615,-0.14297085,-0.17082691,-0.026243303,-0.16519374,-0.2829064,-0.31316653,-0.19587223,-0.1452144,-0.14331596,-0.14862512,-0.12963767,-0.25088155,-0.1932817,-0.1879534,-0.094349906,-0.10897387,-0.10702289,-0.093550265,-0.12759323,-0.15208831,-0.15746465,-0.16656744,-0.12812386,-0.0969081,-0.16398169,-0.14325054,-0.11335766,-0.18846886,-0.1706479,-0.15327205,-0.12522994,2.0535514,-0.11243669,-0.11662802,-0.17539945,-0.13811158,-0.1340615,-0.096878245,-0.12054829,-0.09155314,-0.12434345,-0.13532671,-0.063823454,-0.13877153,-0.11419349,-0.13320069,-0.24483351,4.3501005,-0.29957527,-0.14575599,-0.15611705,-0.13184693,-0.19104545,-0.0782174,-0.17164037,-0.16354963,-0.09859173,-0.11065883,-0.11428395,-0.076612435,-0.083404,-0.1213824,-0.13072303,-0.13855581,-0.19385117,-0.09873758,-0.1551412,-0.19487974,-0.19032109,-0.18599036,-0.110998794,-0.14222546,-0.10294327,-0.15916786,-0.19344524,-0.1720621,-0.16840574,-0.14235628,-0.14199054,-0.10113494,-0.15256627,-0.1609533,-0.1800113,-0.19420855,-0.12101315,-0.1469865,-0.113386616,-0.0797053,-0.14229621,-0.20725825,-0.1603925,-0.125103,-0.15657571,-0.15690626,-0.1428926,-0.19202894,-0.16197577,-0.18139833,-0.2963242,-0.19629505,-0.17983954,-0.1710037,-0.19202256,-0.1566883,-0.14054683,-0.12990165,-0.12557748,-0.1377441,-0.16200805,-0.30584824,-0.1656392,-0.18072209,-0.19202296,-0.11441202,-0.15000471,-0.14007285,-0.17714718,-0.16630988,-0.16397616,-0.14331086,-0.18237996,-0.1277768,-0.15222988,-0.13662599,-0.24156228,-0.17869678,-0.10292524,-0.13447998,-0.14157175,-0.17414635,-0.10981426,-0.13398618,-0.15199476,-0.15954873,-0.18095435,-0.15355146,-0.14883026,-0.19184028,-0.17475033,-0.1636914,-0.14723541,1.3067511,-0.11499533,-0.10471026,-0.13441774,-0.20148799,-0.17663005,-0.12513243,-0.16432819,-0.18041904,-0.18738703,-0.11705899,-0.17596185,-0.2590934,-0.092221186,-0.09189979,-0.11430638,-0.1355452,-0.14737746,-0.098102674,-0.18838173
k__Bacteria|p__Firmicutes|c__Bacilli|o__Lactobacillales|f__Streptococcaceae|g__Streptococcus|s__Streptococcus_vestibularis,-0.1004395,-0.12316422,-0.14099759,-0.20428483,-0.16613048,-0.19181898,-0.1666669,-0.14414474,-0.12444813,-0.18176821,-0.18137047,-0.2250894,-0.16758084,-0.20338325,-0.10309679,-0.099338084,-0.058144663,-0.09929258,-0.10761567,-0.1693209,-0.1978925,-0.12536043,-0.1353623,-0.15100986,-0.17002752,-0.11658599,-0.16590211,-0.17234923,5.006064,-0.12124001,-0.13434047,-0.1057553,-0.14729926,-0.19411442,-0.18737227,0.87756604,-0.16033623,-0.22338755,-0.19578826,-0.29867563,-0.29210672,-0.19629285,-0.1071018,4.2125716,4.772765,-0.15394375,4.4559484,-0.19205734,-0.14597619,4.690655,-0.18316442,1.3597035,-0.19559003,-0.19638526,-0.20145144,-0.15586239,-0.12516153,-0.14282206,-0.092023954,-0.09560482,-0.16978197,-0.14112282,-0.13743341,-0.14596698,-0.12719077,-0.15009743,1.7913519,-0.22333384,-0.18730368,-0.20047067,-0.14466363,-0.14817287,-0.13011494,-0.14163136,-0.14925846,-0.16254011,-0.14562298,-0.16278498,-0.15853068,-0.14998752,-0.14600098,-0.15603864,-0.15198739,-0.22480208,-0.120334074,-0.14047769,-0.117850944,-0.15950456,-0.17262223,-0.15456429,-0.16658235,-0.11139822,-0.1388583,-0.13027036,-0.12785387,-0.15152657,-0.14158867,-0.11506125,-0.10065024,-0.09050886,-0.10517159,-0.11999419,-0.13423167,-0.15027548,-0.15907684,-0.1185138,9.044008,-0.1578567,-0.17738779,-0.13264765,-0.16283198,-0.25953975,-0.1477789,-0.13198704,-0.14069445,-0.15095688,-0.17780018,-0.1628799,-0.22917573,-0.09015879,-0.10972481,-0.13391994,-0.12892255,-0.13997786,-0.17230237,-0.13908121,1.5408833,-0.12777606,-0.07092635,-0.03704006,-0.13640699,-0.16073427,-0.17721936,-0.14332479,-0.12334781,-0.1349172,-0.12023825,-0.13720158,2.5251572,-0.26654312,-0.08368774,-0.10945694,-0.1432141,-0.09238048,-0.18597558,-0.18864664,-0.15204228,-0.09042491,1.612294,-0.14846113,-0.14926337,-0.15772238,-0.16916385,-0.18181778,-0.08811006,-0.123143055,-0.1401475,-0.10256614,-0.17951453,-0.19495486,-0.1894229,-0.100091234,2.5874727,-0.07971667,-0.12698868,-0.19006202,-0.1917048,-0.19001159,-0.122737005,-0.07586844,-0.097131684,-0.11805612,-0.1355993,-0.12406494,-0.121451,-0.09460006,-0.09669837,-0.10815617,-0.082459606,-0.11241144,-0.13136873,-0.16563046,-0.1410757,-0.13572031,6.167299,4.3874884,-0.19256003,-0.14382723,-0.15549555,-0.13461727,-0.119081676,-0.14001076,-0.19117098,-0.18981212,-0.1799731,-0.19755594,-0.25103784,-0.20219928,-0.1887137,-0.18962142,-0.18098405,-0.17271587,-0.27554205,-0.08916744,-0.11956477,-0.12730868,-0.15751183,-0.20931396,1.6608431,-0.29657933,4.5800633,-0.15143557,-0.3242122,-0.17325558,-0.17108874,-0.2185038,-0.17647925,3.6842177,-0.13918094,-0.15388772,-0.15788373,-0.22984435,-0.18186735,-0.255292,-0.104249194,-0.12455491,-0.13754779,-0.12352927,-0.15189947,-0.15368664,-0.15507944,-0.14014931,-0.15141064,-0.16160244,-0.15421733,-0.15236539,-0.15204807,-0.13328417,-0.12249609,-0.14532274,-0.18811563,-0.17578438,-0.21025829,-0.3990198,-0.19998595,-0.11311753,-0.1296617,-0.1179806,-0.1467389,-0.16636807,-0.18466753,-0.18999541,-0.13092291,-0.07699368,-0.1517497,-0.138935,-0.14106366,-0.11735091,-0.19987361,4.2522774,-0.1577276,-0.14065185,-0.12287788,-0.12722544,-0.14610182,-0.2588673,-0.10711141,-0.13074079,-0.09132757,-0.12832497,-0.12829098,-0.14868756,-0.15062201,-0.096262515,-0.08910369,-0.12355015,-0.11019304,-0.13697706,-0.14968386,-0.16881517,-0.14206353,-0.115938336,-0.1721978,-0.15079477,-0.14129165,-0.12493793,-0.1409007,4.5572667,-0.13176009,-0.13145754,-0.1446217,-0.12244677,-0.08722703,-0.05825615,-0.1424979,-0.17082691,-0.026243303,-0.16571498,-0.2829064,-0.31316653,-0.19603357,-0.14470401,0.8195799,-0.14862512,-0.12963767,-0.25088155,-0.19245239,-0.18688859,-0.09459968,-0.1089437,-0.10702289,-0.09328212,-0.12759323,-0.15168539,-0.15746465,-0.16584426,-0.12812386,-0.0969081,-0.16398169,-0.14229669,-0.11335766,-0.18846886,-0.1706479,-0.15295766,-0.12510914,-0.115196005,-0.11241396,-0.11662802,-0.17428322,-0.13765612,-0.13358629,-0.096878245,-0.12051894,-0.091653325,-0.12434345,-0.13490504,-0.063823454,-0.13877153,-0.11419349,-0.13295956,4.228769,-0.2571875,-0.29957527,-0.14529055,-0.15544388,-0.13146345,-0.19104545,-0.0782174,-0.17107981,-0.1627692,3.5136962,5.9050303,-0.1140261,4.4702015,-0.083404,-0.1213824,-0.13072303,-0.13855581,-0.19385117,-0.09900488,-0.1545541,-0.19487974,-0.1895508,-0.18518573,-0.11102207,-0.1419812,-0.10278587,-0.15783799,-0.19240351,-0.1708897,-0.16764006,-0.14195885,-0.14164177,-0.10181324,-0.15196368,-0.16028547,-0.17949015,-0.19335827,-0.12070442,-0.14620066,-0.11346434,-0.08006233,-0.1419765,-0.20725825,-0.15994829,-0.125103,-0.15657571,-0.15690626,-0.14273703,-0.19202894,-0.16138181,-0.18019089,-0.2963242,-0.1976265,-0.1794034,-0.17034933,-0.19149487,-0.15638953,-0.14054683,-0.12969284,-0.12557748,-0.13743964,-0.16225162,-0.30584824,-0.16550717,-0.17940545,-0.19121696,-0.11441202,-0.14915997,-0.13976601,-0.1764343,-0.16553678,-0.16319068,-0.14331086,2.9929023,-0.12804607,-0.15184644,-0.13664994,-0.24156228,-0.17847556,-0.103145674,-0.13441874,-0.14091659,-0.17289865,-0.11007801,-0.1337296,-0.1508188,-0.15880547,-0.18049642,-0.15266803,-0.1479891,-0.19184028,-0.17406452,-0.16269454,1.7955133,-0.14623587,-0.11499533,-0.10471026,-0.13400427,-0.20148799,-0.17566824,-0.12513243,-0.1643022,-0.18041904,-0.18738703,-0.11705899,-0.17443699,-0.25763535,-0.092672214,-0.0922436,-0.11441989,-0.1351102,-0.146862,-0.09846063,-0.18700251
k__Bacteria|p__Firmicutes|c__Clostridia|o__Eubacteriales|f__Lachnospiraceae|g__Sellimonas|s__Sellimonas_intestinalis,-0.1004395,-0.12316422,-0.14076424,-0.20428483,-0.16675827,-0.19173743,-0.1666669,-0.1446237,-0.12500452,-0.18278599,-0.18225004,-0.21410719,-0.16836248,-0.19963513,-0.1029047,-0.09845551,-0.058144663,-0.09966453,-0.10765813,-0.17001791,4.520435,-0.12536043,-0.13621543,-0.15204005,-0.17041385,-0.11658599,-0.16729945,-0.17327014,-0.1509206,-0.12124001,-0.13510942,-0.1054013,-0.14789775,-0.19362812,-0.18776895,-0.2175087,-0.1606105,-0.22338755,-0.19533265,-0.29867563,-0.29210672,-0.19554345,-0.10700022,-0.09162698,-0.13691942,-0.15446392,-0.23188588,-0.19254619,-0.14606166,-0.2026537,-0.18387163,-0.18279888,-0.1951057,-0.19494748,-0.19802421,-0.15705273,-0.1254031,-0.1432038,-0.09247555,-0.095568776,-0.17068785,-0.14202476,6.474484,-0.14644119,-0.12719077,-0.15072541,-0.2613474,5.660367,-0.18796279,3.716104,-0.14517051,-0.14888279,-0.13015643,-0.14204562,-0.15002939,-0.16352117,-0.14636496,-0.16278498,-0.15894309,-0.14998752,-0.14722922,-0.15630919,-0.15273082,-0.22480208,-0.120334074,-0.14113349,-0.118116856,-0.16044515,-0.1733008,-0.1549108,-0.1675466,-0.11139822,-0.1388583,-0.13027036,-0.12857279,-0.15152657,-0.14289051,-0.115539156,-0.10065024,-0.09055033,-0.105280206,-0.12013571,-0.13463515,-0.15027548,-0.15999562,-0.1185138,-0.11129953,-0.1578567,-0.17738779,-0.13249277,-0.16301665,-0.25953975,-0.14826359,-0.13229316,-0.14075358,-0.15095688,-0.17780018,-0.16270043,-0.22917573,-0.09015879,-0.110471785,-0.1343768,-0.12916444,-0.13997786,-0.17288798,2.6955473,-0.16057305,-0.12777606,-0.07092635,-0.03704006,-0.13681976,-0.16156702,-0.17811635,-0.14332479,-0.12334781,-0.13563785,-0.12023825,-0.13783187,-0.25318068,-0.26654312,-0.08375291,-0.10945694,-0.14392953,-0.09238048,-0.18682007,-0.18904102,-0.15238756,-0.09042138,-0.13230102,-0.14915684,-0.1497322,-0.15820447,-0.16979522,-0.18273386,-0.08790595,-0.12321912,-0.14054143,-0.10256614,-0.17951453,-0.19495486,-0.18948251,-0.10010341,-0.13113372,-0.078680694,-0.12740558,-0.19006202,-0.19200623,-0.19023103,-0.12331769,-0.07573371,-0.096863955,-0.11800893,-0.13613212,2.2940326,-0.121451,-0.09428093,-0.096390694,-0.10827971,-0.082459606,-0.11242533,-0.1320689,-0.16642576,-0.1410757,-0.1361779,-0.18093297,-0.17825818,-0.1922588,-0.14405443,-0.15549555,-0.13488671,-0.119081676,-0.14001076,-0.19117098,-0.18943322,-0.18027067,5.7971673,-0.25103784,-0.20219928,-0.18954954,-0.1900917,-0.18140674,-0.1727966,-0.27554205,-0.08916744,-0.11956477,-0.12802128,-0.15751183,-0.20931396,-0.18224281,-0.29657933,-0.32474133,-0.15140523,-0.3242122,-0.17325558,-0.17108874,-0.2185038,-0.17647925,-0.114121355,-0.13969418,-0.15388772,-0.15788373,-0.22984435,-0.18186735,-0.24826328,-0.10424232,-0.12455491,-0.13833158,-0.12410665,-0.15189947,-0.15453035,-0.15581901,-0.14014931,-0.15141064,-0.16257879,-0.15493512,-0.15296423,-0.1524288,-0.13334452,-0.12310938,-0.1462737,-0.18922803,-0.17600611,5.26664,6.0393167,-0.19745812,-0.113231406,-0.1296617,-0.117857054,-0.14762186,-0.16636807,-0.18570073,-0.19048227,-0.13152263,-0.076867774,-0.15246253,-0.13956183,-0.14106366,-0.1182341,-0.19987361,-0.1649412,-0.15838578,-0.14064367,-0.123395056,-0.12722544,-0.14610182,-0.2588673,-0.107102305,-0.13074079,-0.09132757,-0.12832497,-0.12910981,-0.14973815,-0.15148588,-0.096269965,-0.08910369,-0.12396371,-0.11051997,-0.13741717,-0.15048824,-0.1693568,-0.14256904,-0.11674352,-0.17299965,-0.15151352,-0.14199531,-0.124938875,-0.14171827,-0.17466888,-0.13176009,-0.13187236,-0.14526504,-0.12253206,-0.08722703,-0.05825615,-0.14295997,-0.17082691,-0.026243303,-0.16556153,-0.2829064,-0.31316653,-0.19449197,-0.14521542,-0.14331596,-0.14862512,-0.12963767,-0.25088155,-0.19209169,-0.18731831,-0.09484631,-0.109108925,-0.10702289,-0.09323846,-0.12759323,-0.15247378,-0.15746465,-0.16616805,-0.12812386,-0.0969081,-0.16398169,-0.14349394,-0.11335766,-0.18846886,-0.1706479,-0.15343413,-0.12543836,-0.115196005,-0.11249368,-0.11662802,-0.1751329,-0.13805325,-0.13385198,-0.096878245,-0.12046498,-0.09188925,-0.12434345,-0.1360551,-0.063823454,-0.13877153,-0.11419349,-0.13342336,-0.24483351,-0.2571875,-0.29957527,-0.14553353,-0.15601537,-0.13166627,5.327387,2.8768022,-0.17081665,-0.16373989,-0.09859173,-0.11065883,-0.11508572,-0.076612435,-0.083404,-0.1213824,-0.13072303,-0.13855581,-0.19385117,-0.098657146,-0.15507068,-0.19487974,-0.19008714,-0.18555595,-0.11129298,-0.14269733,-0.10301553,-0.1586537,-0.19237337,-0.17131591,-0.1684863,-0.14237654,-0.14181563,-0.10156767,-0.15262188,-0.16095325,-0.179941,-0.19321749,-0.12103422,-0.14676744,-0.11391044,-0.08033783,-0.14212865,-0.20725825,-0.16038305,-0.125103,-0.15657571,-0.15690626,-0.14306362,-0.19202894,-0.16217676,-0.18120518,-0.2963242,-0.19483924,-0.1798482,-0.17104688,-0.19129467,-0.15666793,-0.14054683,-0.13000792,-0.12557748,-0.1378578,-0.16251203,-0.30584824,-0.16614717,-0.1802634,-0.19163045,-0.11441202,-0.1501832,-0.14028068,-0.17705551,-0.16615331,-0.16386479,-0.14331086,-0.18237996,-0.12800846,-0.15263304,-0.1362926,-0.24156228,-0.17882605,-0.1031706,-0.13506292,-0.14141554,-0.17358983,-0.11041872,-0.13429202,-0.15191208,-0.15909874,-0.18100813,-0.1532891,-0.14855674,-0.19184028,-0.17464808,-0.16366246,-0.14723541,-0.14623587,-0.11499533,-0.10471026,-0.13450488,-0.20148799,-0.17640862,-0.12513243,-0.16528249,-0.18041904,-0.18738703,-0.11705899,-0.17519715,-0.2551229,-0.09247652,-0.09233728,-0.114575095,-0.13542727,-0.14724955,-0.09847435,-0.18783522
k__Bacteria|p__Firmicutes|c__Bacilli|o__Lactobacillales|f__Enterococcaceae|g__Enterococcus|s__Enterococcus_avium,-0.1004395,-0.12316422,-0.14132863,-0.20428483,-0.16583744,-0.19182672,-0.1666669,-0.1441836,-0.124601096,-0.18127702,-0.18224122,-0.23213965,-0.16768728,-0.20612566,-0.103709266,-0.10054922,4.8280005,-0.09988946,-0.10799502,-0.16927671,-0.1978925,-0.12536043,-0.13552733,-0.15109652,-0.17026232,-0.11658599,-0.16570708,-0.17231387,-0.1509206,-0.12124001,-0.1344308,-0.10631247,-0.14746174,-0.19444783,-0.18739328,-0.2175087,-0.16017503,-0.22338755,-0.1961128,-0.29867563,-0.29210672,-0.19687209,-0.10745082,-0.09162698,-0.13691942,-0.15400302,-0.23188588,-0.1919263,-0.14573541,-0.2026537,-0.18196324,-0.18279888,-0.19649018,-0.19848672,-0.20402959,-0.15557447,-0.12546961,-0.14307038,-0.092522144,-0.09610902,-0.16953129,-0.14143838,-0.13743341,-0.14615385,-0.12719077,-0.14999637,2.0168312,1.1415453,-0.18710124,-0.20047067,-0.14479074,-0.14830288,-0.13058539,-0.14211358,-0.1493648,-0.16261068,-0.14536116,-0.16278498,-0.15861474,-0.14998752,-0.1461021,-0.15618426,-0.15209153,-0.22480208,-0.120334074,-0.14070868,-0.118239075,-0.15933856,-0.17243552,-0.15498959,-0.16647595,-0.11139822,-0.1388583,-0.13027036,-0.12786216,-0.15152657,-0.14125195,-0.115299724,-0.10065024,-0.09114248,-0.105526164,-0.12028929,-0.13430852,0.7855543,-0.15896268,-0.1185138,-0.11129953,-0.1578567,-0.17738779,-0.13356766,-0.1631575,-0.25953975,-0.14781365,-0.13242912,-0.14122815,3.3418233,4.2549872,-0.162708,0.7482766,-0.09015879,-0.10999992,-0.13425502,-0.12942097,-0.13997786,-0.17240353,-0.13908121,-0.16057305,-0.12777606,-0.07092635,-0.03704006,-0.13636488,-0.16059431,-0.17720029,-0.14332479,-0.12334781,-0.13497007,-0.12023825,-0.13745996,-0.25318068,-0.26654312,-0.08414967,-0.10945694,-0.14344485,-0.09238048,-0.18559992,-0.18872201,-0.152105,-0.09080957,-0.13230102,-0.14856416,-0.14949884,-0.15791008,-0.1691764,-0.18157181,-0.08869228,-0.123731926,-0.14102876,-0.10256614,-0.17951453,-0.19495486,-0.18945992,-0.10030955,-0.13113372,-0.08111973,-0.12720609,-0.19006202,-0.19167852,-0.18998985,-0.1229908,-0.076388955,-0.097641535,-0.11858483,-0.1358746,-0.12406494,-0.121451,-0.09523702,-0.09723127,-0.108645864,-0.082459606,-0.1127748,-0.13140224,-0.16549021,-0.1410757,-0.1357685,3.3400376,3.173205,-0.19284809,-0.14403364,-0.15549555,-0.13495976,-0.119081676,-0.14001076,-0.19117098,-0.19003385,-0.18029231,-0.19755594,-0.25103784,-0.20219928,-0.18796687,-0.18945092,-0.18091092,-0.17271078,-0.27554205,-0.08916744,-0.11956477,-0.12721634,-0.15751183,3.6120253,-0.18224281,2.5854957,0.6475622,-0.1522711,-0.3242122,-0.17325558,-0.17108874,-0.2185038,-0.17647925,-0.114121355,-0.13932976,6.294446,-0.15788373,-0.22984435,-0.18186735,-0.258182,-0.104713,4.831392,-0.13763243,-0.12360562,-0.15189947,-0.15359345,-0.1547924,-0.14014931,-0.15141064,-0.1615479,-0.15426573,-0.15248674,-0.15238023,-0.1336307,-0.1226094,-0.14534292,-0.18819919,-0.17591749,-0.21025829,-0.3990198,-0.20198089,-0.11335634,-0.1296617,-0.118458495,-0.14677033,-0.16636807,-0.18436362,-0.18982029,-0.13121074,-0.07751015,-0.15178747,-0.13895833,-0.14106366,-0.11758431,-0.19987361,-0.1649412,-0.15770306,-0.14129433,-0.12337254,-0.12722544,-0.14610182,-0.2588673,-0.107506715,-0.13074079,-0.09132757,-0.12832497,-0.12836748,-0.14859065,-0.15050766,-0.0967336,-0.08910369,-0.12396393,-0.11057339,-0.13719392,-0.14970209,-0.16896343,-0.14209333,-0.11601179,-0.17229189,-0.15078904,-0.141462,-0.12533873,-0.14067802,-0.17466888,-0.13176009,-0.1316783,-0.14490804,-0.12278406,-0.08722703,-0.05825615,-0.14261244,-0.17082691,-0.026243303,-0.1659295,-0.2829064,-0.31316653,-0.19733171,-0.14480357,-0.14331596,-0.14862512,-0.12963767,-0.25088155,-0.19244306,-0.18672177,-0.09496059,-0.10935028,-0.10702289,-0.09421413,-0.12759323,-0.15178365,-0.15746465,-0.1659217,-0.12812386,-0.0969081,-0.16398169,-0.14247638,-0.11335766,-0.18846886,-0.1706479,-0.15309566,-0.12550385,1.2524316,-0.113029,1.6780106,-0.17413151,-0.13783336,-0.13391034,-0.096878245,-0.121156834,-0.09201599,-0.12434345,-0.13480368,-0.063823454,-0.13877153,-0.11419349,-0.13316815,1.5259507,-0.2571875,1.8226883,-0.14548016,-0.1556947,-0.1317395,-0.19104545,-0.0782174,-0.17111608,-0.16306794,-0.09859173,-0.11065883,-0.11407507,-0.076612435,-0.083404,-0.1213824,-0.13072303,-0.13855581,-0.19385117,-0.09968348,-0.15452082,-0.19487974,-0.1893529,-0.18538699,-0.11115177,-0.14224395,-0.10292509,-0.15765166,-0.1925864,-0.17139478,-0.16763839,-0.14207807,-0.1419608,-0.1024818,-0.15215325,-0.16034552,-0.17946616,-0.19357203,-0.12080298,-0.14622596,-0.11355322,-0.08063118,-0.14251482,-0.20725825,-0.15965986,3.0622063,3.9587219,3.2199101,-0.14299971,2.6689615,-0.16133264,-0.18000871,-0.2963242,-0.1982065,-0.17981865,-0.17029929,-0.19158053,-0.15667717,-0.14054683,-0.12993175,-0.12557748,-0.13773549,-0.16268632,5.765499,-0.16577026,-0.17942932,-0.1909442,4.0419,-0.14930299,-0.13981438,-0.17643705,-0.16558897,-0.16313517,-0.14331086,-0.18237996,-0.12823024,-0.1525791,-0.13754463,-0.24156228,-0.17800313,-0.10347174,-0.13467975,-0.1410452,-0.17277506,-0.11034635,-0.13390967,-0.15068933,-0.15880677,-0.18041143,-0.15295328,-0.14813398,-0.19184028,-0.1739468,-0.1625281,-0.14723541,-0.14623587,-0.11499533,-0.10471026,-0.13431546,-0.20148799,-0.17532331,4.948193,-0.1648484,4.6384454,4.5845222,2.2714486,-0.17419125,-0.25756103,-0.093182124,-0.09271948,-0.11476928,-0.13538462,-0.1472536,-0.09891718,-0.18682814
k__Bacteria|p__Firmicutes|c__Bacilli|o__Lactobacillales|f__Lactobacillaceae|g__Lacticaseibacillus|s__Lacticaseibacillus_rhamnosus,2.9571385,4.558483,-0.14042918,3.6756992,-0.16526788,-0.19140509,-0.1666669,-0.14346899,-0.12389095,-0.182103,-0.18057896,-0.21878746,-0.16807246,-0.20082499,-0.101618335,-0.09777451,-0.058144663,-0.09823899,-0.10651839,-0.16926812,-0.1978925,-0.12536043,-0.13476002,-0.15051687,-0.16961929,-0.11658599,-0.1658045,-0.1719683,7.8836346,5.3031416,-0.13371177,-0.10445295,-0.14686266,-0.19358192,-0.18717155,-0.2175087,-0.1594377,-0.22338755,-0.19526681,-0.29867563,3.1818824,-0.19595125,-0.10588103,-0.09162698,-0.13691942,-0.15350893,-0.23188588,-0.19183552,-0.1450043,-0.2026537,-0.18222961,-0.18279888,-0.19483016,-0.19538409,-0.19986968,-0.15652688,-0.12424814,-0.14217085,-0.090924814,-0.09452571,-0.16956723,-0.14058867,-0.13743341,-0.14526969,-0.12719077,-0.15021066,-0.2613474,-0.22333384,-0.1869311,-0.20047067,-0.14398006,-0.14755473,-0.12923554,-0.14112382,-0.1489605,-0.16207564,-0.14510152,-0.16278498,-0.15760101,-0.14998752,-0.14570048,-0.15542032,-0.15160951,-0.22480208,-0.120334074,-0.14002863,-0.11702192,-0.1592926,-0.17221203,-0.15383896,-0.16638145,-0.11139822,-0.1388583,-0.13027036,-0.12736127,-0.15152657,-0.14117026,-0.11410017,-0.10065024,-0.08934972,-0.104278184,-0.11922141,-0.13363698,-0.15027548,-0.15863466,-0.1185138,-0.11129953,-0.1578567,-0.17738779,-0.13174392,-0.1626187,-0.25953975,-0.14718075,-0.13113812,-0.13997725,-0.15095688,-0.17780018,-0.16223744,1.0363541,2.8820064,-0.1090039,-0.13320285,-0.12806097,4.6461716,-0.17188367,2.0973058,5.635967,5.14547,2.2334847,-0.03704006,-0.1359371,-0.16046083,-0.17691407,-0.14332479,-0.12334781,-0.13441283,-0.12023825,-0.13671242,-0.25318068,-0.26654312,-0.082331486,-0.10945694,-0.14279355,-0.09238048,-0.18609957,-0.18809459,-0.15118496,-0.089134365,-0.13230102,-0.14806542,-0.14867175,-0.15721942,-0.16877532,-0.18176436,-0.08669254,-0.122226365,-0.13926223,-0.10256614,1.6297582,-0.19495486,-0.1889476,-0.09888846,-0.13113372,-0.078192696,-0.12686232,-0.19006202,-0.19114126,-0.18954745,-0.12181744,-0.074223116,-0.095920056,-0.11721126,-0.13502194,2.7753394,3.2744234,-0.093123525,-0.09542256,-0.10715748,-0.082459606,-0.11159125,-0.1309332,-0.16535893,-0.1410757,-0.13505423,-0.18093297,-0.17825818,-0.19198793,-0.14325324,-0.15549555,-0.13389403,-0.119081676,-0.14001076,-0.19117098,-0.18894365,-0.17933431,-0.19755594,-0.25103784,-0.20219928,-0.18829104,-0.1892181,-0.1807036,-0.17230739,-0.27554205,-0.08916744,-0.11956477,-0.1267869,-0.15751183,-0.20931396,6.134136,1.2895542,-0.32474133,-0.15185541,-0.3242122,-0.17325558,-0.17108874,-0.2185038,-0.17647925,-0.114121355,-0.13848001,3.9376683,-0.15788373,-0.22984435,5.257028,-0.25261295,-0.10303916,-0.12455491,-0.1370684,-0.12291271,4.324375,-0.15324205,-0.15445396,-0.14014931,-0.15141064,-0.1612359,-0.15362656,-0.15173995,-0.15138644,-0.13240847,-0.12173672,-0.14503354,-0.18806404,-0.1747883,-0.21025829,-0.3990198,-0.20087098,-0.11212201,-0.1296617,-0.11712641,-0.1465086,-0.16636807,-0.18464191,-0.18974417,-0.13014586,-0.07568492,-0.15163636,-0.13839504,-0.14106366,-0.116665855,-0.19987361,-0.1649412,-0.15699604,-0.13978322,-0.122109756,-0.12722544,-0.14610182,-0.2588673,-0.106037036,1.3211311,-0.09132757,-0.12832497,-0.12774117,-0.1482124,-0.15005356,-0.09496346,-0.08910369,-0.12292028,-0.10932025,-0.13645938,-0.14926404,-0.16849768,-0.14134726,-0.11521239,-0.17209694,-0.15020736,-0.1407313,-0.12383953,-0.14056769,-0.17466888,-0.13176009,-0.1308291,-0.14408356,-0.12131052,-0.08722703,-0.05825615,-0.14181143,-0.17082691,5.3734922,-0.1653434,-0.2829064,-0.31316653,-0.19582552,-0.14408582,-0.14331596,-0.14862512,-0.12963767,-0.25088155,-0.19157383,-0.18651384,-0.09334734,-0.10803798,-0.10702289,-0.092387125,-0.12759323,-0.15152335,4.2717032,-0.16522914,-0.12812386,-0.0969081,-0.16398169,-0.1420173,-0.11335766,-0.18846886,-0.1706479,-0.15215261,-0.124133445,-0.115196005,-0.11156714,-0.11662802,-0.17419207,-0.13685733,-0.13271062,-0.096878245,-0.11958301,-0.0906332,-0.12434345,-0.13438264,3.4492586,2.7123806,-0.11419349,-0.13244385,0.8677148,3.8898249,4.7657266,-0.14458166,-0.15495965,-0.1307832,5.0088725,-0.0782174,-0.17040345,-0.1624769,-0.09859173,-0.11065883,-0.11326333,1.6343342,-0.083404,-0.1213824,-0.13072303,-0.13855581,-0.19385117,-0.09749094,-0.15430985,-0.19487974,-0.18916732,-0.18486029,-0.11000367,-0.14131719,-0.10178329,-0.15770137,-0.19217128,-0.170771,-0.16739428,-0.14122155,-0.14085211,-0.100577876,-0.15166444,-0.15993807,-0.17908564,-0.19294676,-0.11987567,-0.14568892,-0.112582356,-0.07912302,-0.14170516,-0.20725825,-0.15901704,-0.125103,-0.15657571,-0.15690626,-0.14215395,-0.19202894,-0.16092497,-0.18001157,-0.2963242,-0.19601597,-0.17936525,-0.17009526,-0.19090003,-0.15576637,-0.14054683,-0.12886448,-0.12557748,-0.13673246,-0.16186386,-0.30584824,-0.16468038,-0.17906621,-0.19086678,4.1872883,-0.14906247,-0.13929242,-0.17619374,-0.16504449,-0.16283408,-0.14331086,-0.18237996,-0.12703592,-0.15162894,-0.13592005,-0.24156228,-0.1777957,-0.10195448,-0.1338076,-0.14029443,-0.17261603,-0.109040245,-0.13315943,-0.15057833,-0.15812218,-0.17991512,-0.15228319,-0.14762074,-0.19184028,-0.1735071,-0.1621894,-0.14723541,-0.14623587,-0.11499533,-0.10471026,-0.1338363,-0.20148799,-0.1750741,-0.12513243,-0.1641621,-0.18041904,-0.18738703,4.6127768,-0.17426601,-0.2567636,-0.09130944,-0.091071524,-0.11357343,-0.13455218,-0.14625913,-0.09734824,-0.18712667
k__Bacteria|p__Firmicutes|c__Clostridia|o__Eubacteriales|f__Lachnospiraceae|g__Blautia|s__Blautia_caecimuris,-0.1004395,-0.12316422,-0.14114875,-0.20428483,-0.16617003,-0.19280133,-0.1666669,-0.14455286,-0.12431601,-0.18264414,-0.18179736,-0.2300819,-0.16857173,-0.20621994,-0.103298366,-0.09997252,-0.058144663,-0.09980814,-0.10756683,-0.17005467,6.5404916,-0.12536043,-0.13581745,-0.15173441,-0.1709364,-0.11658599,-0.16643912,-0.17331941,-0.1509206,-0.12124001,-0.13453873,-0.105679825,-0.14763248,-0.19522312,-0.18848673,-0.2175087,-0.16013777,-0.22338755,-0.19662584,-0.29867563,5.923308,-0.197772,-0.10735197,-0.09162698,-0.13691942,-0.15436625,-0.23188588,-0.19297159,-0.14614007,-0.2026537,-0.18239897,-0.18279888,-0.19667204,-0.19823046,-0.20404357,-0.15722153,-0.12551379,-0.14344522,-0.09221047,-0.09571311,-0.17043811,-0.14186724,-0.13743341,-0.14644857,-0.12719077,-0.15048486,-0.2613474,-0.22333384,-0.18789592,-0.20047067,-0.14533442,-0.1487087,-0.13051535,-0.14231375,-0.15033251,-0.16349371,-0.14617422,-0.16278498,-0.15872915,-0.14998752,-0.14646837,-0.15641353,-0.15260172,4.8136673,-0.120334074,-0.14095509,-0.118066,-0.16030544,-0.17330578,-0.15500015,-0.16737092,-0.11139822,5.3083196,-0.13027036,-0.12815279,-0.15152657,-0.14161214,-0.11534482,-0.10065024,-0.09048267,-0.105440505,-0.12039046,-0.13460228,-0.15027548,-0.15971377,-0.1185138,-0.11129953,-0.1578567,-0.17738779,-0.13370645,-0.16304022,-0.25953975,-0.148103,-0.13215354,-0.14122108,-0.15095688,-0.17780018,-0.16291519,-0.22917573,-0.09015879,-0.109679386,-0.13423258,-0.12940341,-0.13997786,-0.17285424,-0.13908121,-0.16057305,-0.12777606,-0.07092635,-0.03704006,-0.13654831,-0.16133094,-0.17809771,-0.14332479,-0.12334781,-0.13510466,-0.12023825,-0.13773292,-0.25318068,-0.26654312,-0.08369827,-0.10945694,-0.14403746,-0.09238048,-0.18665354,-0.18942621,-0.15241364,-0.090427965,-0.13230102,-0.14883807,-0.14974785,-0.158427,-0.16983555,-0.18304433,-0.08807755,-0.12379843,-0.14097673,-0.10256614,-0.17951453,-0.19495486,-0.19068585,-0.10007531,-0.13113372,-0.08020814,-0.12734076,5.6697526,-0.19267285,-0.19091733,-0.12325139,-0.07572869,-0.0973476,-0.118324645,-0.13604495,-0.12406494,-0.121451,-0.09479451,-0.09673892,-0.108439736,-0.082459606,-0.11270383,-0.13174924,-0.1664807,-0.1410757,-0.13575828,-0.18093297,-0.17825818,-0.19357866,-0.14423221,-0.15549555,-0.13519344,-0.119081676,-0.14001076,-0.19117098,-0.19071808,-0.18070608,-0.19755594,-0.25103784,-0.20219928,-0.18886298,-0.19005753,-0.18165077,-0.17301455,7.4873686,-0.08916744,-0.11956477,-0.1270689,-0.15751183,-0.20931396,-0.18224281,-0.29657933,-0.32474133,-0.15131502,-0.3242122,-0.17325558,-0.17108874,-0.2185038,4.473384,-0.114121355,-0.13927443,-0.15388772,-0.15788373,-0.22984435,-0.18186735,-0.2577845,-0.104377255,-0.12455491,-0.13786814,-0.123762876,-0.15189947,-0.15442654,-0.15569958,-0.14014931,-0.15141064,-0.16241717,-0.15455553,-0.15293287,-0.15246367,-0.13370304,-0.122566946,-0.14548206,-0.18928134,-0.17621803,-0.21025829,-0.3990198,-0.20273827,-0.11327851,-0.1296617,-0.11846127,-0.1471365,-0.16636807,-0.18570052,-0.1907469,-0.13110605,-0.076915026,-0.15248422,-0.13916907,-0.14106366,-0.11762245,-0.19987361,-0.1649412,-0.15775627,-0.14114484,-0.12324746,-0.12722544,-0.14610182,-0.2588673,-0.10718818,-0.13074079,-0.09132757,-0.12832497,-0.12871566,-0.14889908,-0.15135705,-0.09643366,-0.08910369,-0.1240118,-0.11029966,-0.13740173,-0.1500178,-0.1698445,-0.14237846,-0.115835324,-0.17307946,-0.15109801,-0.14185593,-0.12510361,-0.14152057,-0.17466888,-0.13176009,-0.13182494,-0.14520025,-0.12288177,-0.08722703,-0.05825615,-0.14288631,-0.17082691,-0.026243303,-0.16611035,-0.2829064,-0.31316653,-0.19795647,-0.14515865,-0.14331596,5.7173195,7.756922,3.9683745,-0.19345471,-0.18782702,-0.0945053,-0.1092993,-0.10702289,-0.09407091,-0.12759323,-0.1521056,-0.15746465,-0.16653547,-0.12812386,-0.0969081,-0.16398169,-0.14319357,-0.11335766,-0.18846886,-0.1706479,-0.1533334,-0.12558064,-0.115196005,-0.11284993,-0.11662802,-0.1753074,-0.13811788,-0.13417187,-0.096878245,-0.12103021,-0.09177178,-0.12434345,-0.13524397,-0.063823454,-0.13877153,-0.11419349,-0.13326001,-0.24483351,-0.2571875,-0.29957527,-0.14574164,-0.15614393,-0.13183324,-0.19104545,-0.0782174,-0.17181864,-0.16364983,-0.09859173,-0.11065883,-0.114190534,-0.076612435,-0.083404,-0.1213824,-0.13072303,-0.13855581,-0.19385117,-0.09937775,-0.15491763,-0.19487974,-0.19011463,-0.18623827,-0.11106176,-0.14250273,-0.102924734,-0.15866596,-0.19330272,-0.17237614,-0.16817239,-0.14231306,-0.14221764,-0.10165046,-0.1525298,-0.16085505,-0.17999388,-0.19448704,-0.12092348,-0.14683256,-0.113386154,-0.080072336,-0.14255582,-0.20725825,-0.16025518,-0.125103,-0.15657571,-0.15690626,-0.14308378,-0.19202894,-0.16177836,-0.18115163,-0.2963242,-0.19762827,-0.1801408,-0.17069662,-0.19217357,-0.15682516,4.4754777,-0.12996519,7.346077,-0.1377764,-0.16271588,5.832652,-0.16588789,-0.18032712,-0.19180173,-0.11441202,-0.14979374,-0.14006045,-0.1771524,-0.16622655,-0.16392578,-0.14331086,-0.18237996,-0.12790577,-0.15256417,-0.13702662,7.6451454,-0.17860578,-0.10325493,-0.13465226,-0.14155614,-0.17371094,-0.11007875,-0.13398907,-0.15174887,-0.15953182,-0.18091846,-0.15374812,-0.14859748,-0.19184028,-0.17450827,-0.1635777,-0.14723541,-0.14623587,-0.11499533,3.165283,-0.13446815,6.387719,-0.17634189,-0.12513243,-0.16486715,-0.18041904,-0.18738703,-0.11705899,-0.17588887,-0.2587996,-0.09275128,-0.09236443,-0.11448702,-0.13564777,-0.14753531,-0.09837015,-0.18818817
k__Bacteria|p__Firmicutes|c__Clostridia|o__Eubacteriales|f__Lachnospiraceae|g__Enterocloster|s__Enterocloster_clostridioformis,3.6785858,3.1952589,-0.14129204,4.542989,-0.16578025,-0.19192517,0.74522,-0.14417273,-0.12483519,-0.18181276,-0.18183598,-0.22494732,-0.16781133,-0.20414355,-0.1032131,-0.09951058,-0.058144663,-0.09938024,-0.10787642,-0.16937578,-0.1978925,-0.12536043,-0.13535056,-0.15097445,-0.17019069,-0.11658599,-0.16595004,-0.17203748,-0.1509206,-0.12124001,-0.13431385,-0.10614222,-0.14743507,-0.1943032,-0.1873805,7.1801744,-0.15984389,7.153039,-0.19569775,7.0401435,2.7497323,-0.19690852,-0.10720952,-0.09162698,-0.13691942,-0.1538292,-0.23188588,-0.19191621,-0.14582756,-0.2026537,-0.18247944,-0.18279888,-0.19597748,-0.1970096,-0.20193593,-0.15581302,-0.12523872,-0.14288643,-0.09219317,-0.09591022,-0.16983226,-0.14118513,6.331343,-0.14595231,-0.12719077,-0.15055725,-0.2613474,-0.22333384,-0.18733564,0.8848117,-0.14466064,-0.14817366,-0.13035432,-0.14190838,-0.14936146,-0.16229467,-0.14535183,-0.16278498,-0.15840411,-0.14998752,-0.14605612,-0.15615839,-0.15203881,-0.22480208,-0.120334074,-0.14063555,-0.11798161,-0.15954687,-0.17240211,-0.15464622,-0.16641168,-0.11139822,-0.1388583,-0.13027036,-0.1280176,-0.15152657,-0.14151125,-0.11488008,-0.10065024,-0.090829566,-0.10545073,-0.120214194,-0.13436629,-0.15027548,-0.15888718,-0.1185138,-0.11129953,-0.1578567,-0.17738779,-0.13302313,-0.16310847,-0.25953975,-0.14771135,-0.13220954,-0.14098981,-0.15095688,-0.17780018,-0.16286471,-0.22917573,-0.09015879,-0.109772444,-0.13407499,-0.12908415,-0.13997786,-0.17233667,-0.13908121,-0.16057305,-0.12777606,-0.07092635,-0.03704006,-0.13650675,-0.16083723,-0.17691353,-0.14332479,-0.12334781,-0.13521475,-0.12023825,-0.13748041,-0.25318068,-0.26654312,-0.08401659,-0.10945694,-0.1434618,-0.09238048,-0.18605693,-0.18854515,-0.1519197,-0.090656236,-0.13230102,-0.14851147,-0.14932254,-0.15775704,-0.16913302,-0.18178412,-0.08842547,-0.12312461,-0.14032966,-0.10256614,-0.17951453,-0.19495486,-0.18926626,-0.10021052,3.8168225,-0.08048138,-0.12746608,5.0941324,-0.19163176,-0.18991488,-0.122538716,-0.076214,-0.0975063,-0.11835948,-0.13576603,-0.12406494,-0.121451,-0.094778776,-0.096989885,-0.10849276,-0.082459606,-0.112829834,-0.13163155,-0.16544946,-0.1410757,-0.13568535,-0.18093297,-0.17825818,-0.19272651,-0.14398155,-0.15549555,-0.13463472,-0.119081676,-0.14001076,-0.19117098,-0.189778,-0.17999592,7.6690764,-0.25103784,-0.20219928,-0.18849349,-0.18952487,-0.1810291,-0.172927,5.9594755,-0.08916744,-0.11956477,-0.12753895,-0.15751183,-0.20931396,-0.18224281,-0.29657933,-0.32474133,-0.15181807,-0.3242122,-0.17325558,-0.17108874,-0.2185038,-0.17647925,-0.114121355,-0.13928118,-0.15388772,-0.15788373,-0.22984435,-0.18186735,-0.25619185,-0.10445805,-0.12455491,-0.13771285,-0.12366696,-0.15189947,-0.15369791,-0.15468869,-0.14014931,-0.15141064,-0.16149393,-0.15409279,-0.15234846,-0.15208492,-0.13335872,-0.12256638,-0.14541143,-0.18826972,-0.17535476,-0.21025829,-0.3990198,-0.20169155,-0.11327491,-0.1296617,-0.1183099,-0.1468521,-0.16636807,-0.1846893,-0.18993858,-0.13087615,-0.07770485,-0.15193945,-0.13911325,-0.14106366,-0.11681932,-0.19987361,-0.1649412,-0.15757917,-0.14087719,-0.12313559,-0.12722544,-0.14610182,0.8511455,-0.10725291,-0.13074079,-0.09132757,-0.12832497,-0.12836793,-0.14864635,-0.15035912,-0.096426874,-0.08910369,-0.123867586,-0.11052136,-0.1371254,-0.1497952,-0.16874984,-0.1420246,-0.11606944,-0.17233896,-0.15079452,-0.1412971,-0.125177,-0.14055324,-0.17466888,-0.13176009,-0.13170296,-0.14472902,-0.12240226,-0.08722703,-0.05825615,-0.1424408,-0.17082691,-0.026243303,-0.16558266,-0.2829064,-0.31316653,-0.19699799,-0.14465427,-0.14331596,-0.14862512,-0.12963767,-0.25088155,-0.19225213,-0.18674906,-0.09478141,-0.10920561,-0.10702289,-0.09392635,0.84120035,-0.15176089,-0.15746465,-0.16559368,-0.12812386,-0.0969081,-0.16398169,-0.14228484,-0.11335766,-0.18846886,-0.1706479,-0.15278251,-0.12522921,-0.115196005,-0.112688914,-0.11662802,-0.1743012,-0.13757081,-0.13371092,-0.096878245,-0.12086773,-0.09194192,-0.12434345,-0.13466278,-0.063823454,-0.13877153,-0.11419349,-0.13312873,-0.24483351,-0.2571875,-0.29957527,-0.14533436,-0.15563153,-0.13174114,-0.19104545,-0.0782174,-0.17133269,-0.16265413,-0.09859173,-0.11065883,-0.11385512,-0.076612435,-0.083404,-0.1213824,-0.13072303,-0.13855581,-0.19385117,-0.09933816,-0.15465802,6.0970035,-0.18948317,-0.18519965,-0.11104758,-0.14213398,-0.103034124,-0.1578527,-0.19261123,-0.17095768,-0.1677135,-0.14192629,-0.1416753,-0.10216479,-0.15216884,-0.16023716,-0.17953269,-0.1933657,-0.12082438,-0.14619425,-0.113631286,-0.08077237,-0.14215648,2.0759363,-0.15956712,-0.125103,-0.15657571,-0.15690626,-0.14292625,-0.19202894,-0.16129662,-0.18007854,-0.2963242,-0.19814408,-0.1798239,-0.1705178,-0.19170097,-0.15642084,-0.14054683,-0.12981188,-0.12557748,-0.13763425,-0.1624277,-0.30584824,-0.16557807,-0.17950174,-0.19100463,3.577811,-0.14937624,-0.13985571,-0.17642297,-0.16546899,-0.1630937,-0.14331086,-0.18237996,-0.12813136,-0.15237553,-0.13695942,-0.24156228,-0.17835504,-0.10325616,-0.13457482,-0.1409809,-0.17282313,-0.11025414,-0.13396779,-0.15063196,-0.1585818,-0.18050401,-0.1528633,-0.14819053,-0.19184028,-0.17398193,-0.16233276,-0.14723541,-0.14623587,-0.11499533,-0.10471026,-0.1344007,-0.20148799,-0.17526612,-0.12513243,-0.16477606,-0.18041904,-0.18738703,-0.11705899,-0.17431407,-0.25790834,-0.092903,-0.09251503,-0.114746004,-0.1352849,-0.14705777,-0.09882905,-0.18706782
k__Bacteria|p__Firmicutes|c__Clostridia|o__Eubacteriales|f__Lachnospiraceae|g__Anaerostipes|s__Anaerostipes_hadrus,-0.1004395,-0.12316422,-0.14137939,-0.20428483,-0.16498524,-0.19076866,-0.1666669,-0.14441732,-0.12476246,-0.1811039,-0.18026036,-0.23236305,-0.16742678,-0.20466411,-0.10437563,-0.101239145,-0.058144663,-0.10127673,-0.10881323,-0.16914494,-0.1978925,-0.12536043,-0.13580982,-0.15134382,-0.16998601,-0.11658599,-0.16497143,-0.17192657,-0.1509206,-0.12124001,-0.13454354,-0.10696615,-0.14755833,-0.19384113,-0.18717484,-0.2175087,-0.15915734,-0.22338755,-0.19517487,7.058431,6.707102,-0.19699265,-0.10831228,-0.09162698,-0.13691942,-0.15381458,-0.23188588,-0.19070002,-0.14579913,-0.2026537,-0.17968993,-0.18279888,-0.19531228,-0.19799301,-0.20556575,-0.15684071,-0.12614697,-0.14342952,-0.093615144,-0.09742999,-0.16943282,-0.14168516,-0.13743341,-0.14621088,-0.12719077,-0.14997208,-0.2613474,-0.22333384,-0.18617523,-0.20047067,-0.14519335,-0.14828704,-0.13116789,-0.14263803,-0.15051302,-0.16265637,-0.14560792,-0.16278498,-0.15716636,-0.14998752,-0.14628515,-0.15585068,-0.15215278,-0.22480208,-0.120334074,-0.14101204,-0.11897573,-0.15962018,-0.17238006,-0.15437797,-0.16609897,-0.11139822,-0.1388583,-0.13027036,-0.12867814,-0.15152657,-0.14114669,-0.115793966,-0.10065024,-0.092316955,-0.1068742,-0.121299535,-0.13505411,-0.15027548,-0.15892619,-0.1185138,-0.11129953,-0.1578567,-0.17738779,-0.1338172,-0.16307501,-0.25953975,-0.14765106,-0.13243538,-0.14156705,-0.15095688,-0.17780018,-0.16188195,7.622291,-0.09015879,-0.11057905,-0.13457859,-0.12995477,-0.13997786,-0.17159493,-0.13908121,-0.16057305,-0.12777606,-0.07092635,-0.03704006,-0.13684344,-0.16091794,-0.1765511,-0.14332479,-0.12334781,-0.13493901,-0.12023825,-0.13852663,-0.25318068,-0.26654312,-0.085471235,-0.10945694,-0.14427719,-0.09238048,-0.18494429,-0.18790638,-0.15180804,-0.092014715,-0.13230102,-0.14859736,-0.14941192,-0.15780419,-0.16880852,-0.18172559,-0.089718,-0.12407351,-0.14102212,-0.10256614,-0.17951453,-0.19495486,-0.18901013,-0.101507954,-0.13113372,-0.0832482,-0.1289158,-0.19006202,-0.19091558,-0.18918619,-0.12371464,-0.07738054,-0.09869575,-0.11943631,-0.13641314,-0.12406494,-0.121451,-0.09630246,-0.09831673,-0.10954181,-0.082459606,-0.11384069,-0.13228929,-0.16552001,-0.1410757,-0.13581038,-0.18093297,-0.17825818,-0.19186357,-0.14438462,-0.15549555,-0.13559388,-0.119081676,-0.14001076,-0.19117098,-0.18873687,-0.17888846,-0.19755594,-0.25103784,-0.20219928,-0.18651012,-0.18815857,-0.18024293,-0.17220896,6.788712,-0.08916744,-0.11956477,-0.12766749,-0.15751183,-0.20931396,3.324263,6.37585,-0.32474133,-0.149667,2.2655115,2.6458225,6.589822,-0.2185038,6.153328,-0.114121355,-0.13904792,-0.15388772,-0.15788373,-0.22984435,-0.18186735,-0.25701392,-0.10566804,-0.12455491,-0.13796937,-0.12454544,-0.15189947,-0.15404548,-0.15509959,-0.14014931,-0.15141064,-0.16179428,-0.15388837,-0.1524036,-0.15222275,-0.13391423,-0.12330913,-0.14526336,-0.18794164,-0.17501596,5.4093094,3.3058045,-0.20136714,-0.1141805,5.2915745,-0.119463585,-0.14738566,6.342494,-0.1840467,-0.18900974,-0.13133721,-0.07899736,-0.15259969,-0.13942514,-0.14106366,-0.118505105,-0.19987361,-0.1649412,-0.15658599,-0.14121848,-0.12395637,-0.12722544,-0.14610182,-0.2588673,-0.10847344,-0.13074079,-0.09132757,-0.12832497,-0.12935832,-0.14866172,-0.15070651,-0.097828954,-0.08910369,-0.12482882,-0.11160496,-0.13759957,-0.14983737,-0.16893917,-0.14232317,-0.11652318,-0.17190069,-0.15068662,-0.14188652,-0.1257125,-0.14108059,-0.17466888,-0.13176009,-0.1321634,-0.14506984,-0.12335201,-0.08722703,-0.05825615,-0.14288053,-0.17082691,-0.026243303,-0.1646854,-0.2829064,-0.31316653,-0.19616856,-0.14503476,-0.14331596,-0.14862512,-0.12963767,-0.25088155,-0.1914014,-0.18613867,-0.096249,-0.11023843,-0.10702289,-0.09642041,-0.12759323,-0.15180592,-0.15746465,-0.16534184,-0.12812386,-0.0969081,-0.16398169,-0.14331204,-0.11335766,-0.18846886,-0.1706479,-0.15266591,-0.1257322,-0.115196005,-0.1141835,-0.11662802,-0.17378636,-0.1382668,-0.13446367,-0.096878245,-0.121764906,-0.093629256,-0.12434345,-0.13501158,-0.063823454,-0.13877153,-0.11419349,-0.13399138,-0.24483351,-0.2571875,-0.29957527,-0.14569831,-0.15557119,-0.13253656,-0.19104545,-0.0782174,-0.17056766,-0.16286999,-0.09859173,-0.11065883,-0.114765584,-0.076612435,-0.083404,-0.1213824,-0.13072303,-0.13855581,-0.19385117,-0.10074268,-0.15469106,-0.19487974,-0.18823558,-0.18470486,-0.11211788,-0.14201085,-0.10406935,-0.15832895,-0.19180639,-0.17180246,-0.16732225,-0.14228639,-0.14207233,-0.10313804,-0.15243798,-0.15989354,-0.17850134,-0.19245347,-0.12176716,-0.14652982,-0.113994256,-0.08209299,-0.14353076,-0.20725825,-0.15908322,-0.125103,-0.15657571,-0.15690626,-0.14267014,-0.19202894,-0.1610263,-0.17965889,-0.2963242,-0.19529772,-0.17901382,-0.16977239,-0.19066694,-0.1564696,-0.14054683,-0.1305114,-0.12557748,-0.1379297,-0.16267347,-0.30584824,-0.16421309,-0.17915815,-0.18967153,-0.11441202,-0.14998543,-0.1400876,-0.1758191,-0.16521642,-0.16294709,-0.14331086,-0.18237996,-0.128189,-0.15232529,-0.13839297,5.8771176,-0.1764403,-0.10454784,-0.13458344,-0.1415725,-0.17281193,-0.11098875,-0.13433106,-0.15112579,-0.15868315,-0.17884415,-0.15344158,-0.1488047,-0.19184028,-0.17323583,-0.16227868,-0.14723541,-0.14623587,-0.11499533,-0.10471026,-0.13542031,-0.20148799,-0.17487167,-0.12513243,-0.1629087,-0.18041904,-0.18738703,-0.11705899,-0.17457229,-0.25601336,-0.09424661,-0.09388094,-0.11553226,-0.13609146,-0.14757594,-0.10012795,-0.18635361
k__Bacteria|p__Firmicutes|c__Negativicutes|o__Veillonellales|f__Veillonellaceae|g__Veillonella|s__Veillonella_rogosae,-0.1004395,-0.12316422,-0.14125794,-0.20428483,-0.1660524,-0.19209367,-0.1666669,-0.14460567,-0.12449571,-0.18245563,-0.1816245,-0.2297307,-0.16805224,-0.20546094,-0.10322672,-0.10007979,-0.058144663,-0.0999001,-0.10784923,-0.16968572,0.79094934,-0.12536043,-0.13569662,-0.15149072,-0.17059478,-0.11658599,-0.16608381,-0.17277285,-0.1509206,-0.12124001,-0.13462496,-0.10584769,-0.14772359,-0.19472721,-0.18792132,-0.2175087,-0.16022408,-0.22338755,-0.19657329,-0.29867563,2.6139107,-0.1970703,-0.10728058,-0.09162698,-0.13691942,-0.15430245,5.244027,-0.19233096,-0.14587985,-0.2026537,-0.18235612,-0.18279888,-0.19662493,-0.19796248,-0.20380178,-0.15683493,-0.1254761,-0.14325997,-0.092282444,-0.09594758,-0.17011476,-0.14156914,-0.13743341,-0.14633796,-0.12719077,-0.15051323,-0.2613474,-0.22333384,-0.18744203,-0.20047067,-0.14509244,-0.148528,-0.13056172,-0.14228061,-0.1499305,-0.16312003,-0.14582959,-0.16278498,-0.15861367,-0.14998752,-0.14645407,-0.15637317,-0.15233035,5.367779,-0.120334074,-0.14095148,-0.118193105,-0.15992925,-0.17300105,-0.15490499,-0.16699485,-0.11139822,-0.1388583,-0.13027036,-0.12811573,2.4681695,-0.14147149,-0.11533904,-0.10065024,-0.09079637,-0.1054863,-0.12035429,-0.13454854,2.5761714,-0.15941492,-0.1185138,-0.11129953,-0.1578567,-0.17738779,-0.1335628,-0.16336592,-0.25953975,-0.14806905,-0.13227291,-0.14132026,-0.15095688,-0.17780018,-0.16275907,-0.22917573,-0.09015879,-0.110023856,-0.13430592,-0.1293996,-0.13997786,-0.17262544,-0.13908121,-0.16057305,-0.12777606,-0.07092635,-0.03704006,-0.13667628,-0.16098082,-0.17773941,-0.14332479,-0.12334781,-0.1351395,-0.12023825,-0.13781735,-0.25318068,-0.26654312,-0.083782084,-0.10945694,-0.14381233,-0.09238048,-0.18627453,-0.1890107,-0.15217474,-0.09050894,-0.13230102,-0.14883709,-0.1496414,-0.15818396,-0.1694703,-0.1823609,-0.08819271,-0.12369383,-0.1410043,-0.10256614,-0.17951453,-0.19495486,-0.18998763,-0.100203186,-0.13113372,-0.08053817,-0.12755002,-0.19006202,-0.19198276,-0.19043824,-0.1231282,-0.07577635,-0.09743462,-0.118525565,-0.13605975,-0.12406494,-0.121451,-0.09486289,-0.09693493,-0.10847601,-0.082459606,-0.11278743,-0.13162877,-0.16609809,-0.1410757,-0.13589731,-0.18093297,-0.17825818,-0.19306502,-0.14413461,-0.15549555,-0.13511305,-0.119081676,-0.14001076,-0.19117098,-0.19018519,-0.18031394,-0.19755594,-0.25103784,-0.20219928,-0.18832329,-0.18978871,-0.1813061,-0.17295092,-0.27554205,-0.08916744,-0.11956477,-0.12734595,-0.15751183,4.284876,5.5322304,-0.29657933,-0.32474133,-0.15210739,-0.3242122,-0.17325558,-0.17108874,-0.2185038,-0.17647925,-0.114121355,-0.13936171,-0.15388772,-0.15788373,1.7098483,-0.18186735,-0.25725845,-0.104478985,-0.12455491,-0.13786379,-0.12376345,-0.15189947,-0.15398414,-0.15530312,-0.14014931,-0.15141064,-0.16206703,-0.15446708,-0.15272354,-0.15246621,-0.13364916,-0.1227379,-0.14557733,-0.18889692,-0.17573364,-0.21025829,-0.3990198,-0.20172867,-0.11333375,-0.1296617,-0.11848989,-0.14718333,-0.16636807,-0.18513805,-0.19028224,-0.1312389,-0.077006325,-0.15234037,-0.13918564,-0.14106366,-0.11765246,-0.19987361,-0.1649412,-0.15776126,-0.14114,-0.12333004,-0.12722544,-0.14610182,5.264367,-0.10734326,-0.13074079,-0.09132757,-0.12832497,-0.12864923,-0.14880955,-0.15094757,-0.096470766,-0.08910369,-0.12404196,-0.11044763,-0.1373797,-0.14992529,-0.16942303,-0.14229617,-0.11600673,-0.17284328,-0.15091987,-0.14175227,-0.12511533,-0.14121857,-0.17466888,-0.13176009,-0.13178232,-0.14512658,-0.122678265,-0.08722703,-0.05825615,-0.14283468,-0.17082691,-0.026243303,-0.16606104,-0.2829064,-0.31316653,-0.19697449,-0.14506632,4.1195703,-0.14862512,-0.12963767,-0.25088155,-0.19262667,-0.18724659,-0.094661154,-0.10935485,-0.10702289,-0.09408899,-0.12759323,-0.15207624,-0.15746465,-0.16625345,-0.12812386,-0.0969081,-0.16398169,-0.14288099,3.8219094,6.307628,-0.1706479,-0.15321702,-0.12540504,5.7776093,-0.11298622,4.8361654,-0.17480202,-0.13796982,-0.13400754,-0.096878245,-0.12099938,-0.09190183,-0.12434345,-0.13517016,-0.063823454,-0.13877153,0.8444664,-0.13346821,6.1811585,7.893683,4.4255056,-0.14567493,-0.15598805,-0.13176636,-0.19104545,-0.0782174,-0.17136686,-0.16352057,-0.09859173,-0.11065883,-0.114232376,-0.076612435,-0.083404,-0.1213824,4.38086,-0.13855581,-0.19385117,-0.09925085,-0.1549415,-0.19487974,-0.1896334,-0.1857444,-0.11109682,-0.14237002,-0.10279628,-0.1584722,-0.19286868,-0.17190841,-0.16798443,-0.14222123,-0.14208627,-0.102037095,-0.15247971,-0.16068581,-0.17974684,-0.19388457,-0.12088573,-0.14665341,-0.11353175,-0.08034542,-0.14270522,-0.20725825,-0.15987727,-0.125103,-0.15657571,-0.15690626,-0.14304487,-0.19202894,-0.16153613,-0.1806467,-0.2963242,-0.19745746,-0.1800732,-0.17063549,-0.19178481,-0.15676355,-0.14054683,-0.12994961,-0.12557748,-0.13769622,-0.16297159,-0.30584824,-0.16550863,-0.17998467,-0.19137129,-0.11441202,-0.14977959,-0.1400662,-0.17683823,-0.16586946,-0.16361581,-0.14331086,-0.18237996,-0.12805712,-0.15275896,-0.13740504,-0.24156228,-0.17821936,-0.10332249,-0.13471437,-0.14127633,-0.17338824,-0.11014485,-0.13398731,-0.15130982,-0.15926771,-0.18054645,-0.1533081,-0.14839417,5.207911,-0.17411184,-0.16305165,-0.14723541,-0.14623587,-0.11499533,-0.10471026,-0.13459644,4.8312764,-0.17580885,-0.12513243,-0.16494086,-0.18041904,-0.18738703,-0.11705899,-0.17520365,-0.2579642,-0.09279063,-0.092486545,-0.11468293,-0.13559861,-0.14741418,-0.09860997,-0.18755825
k__Bacteria|p__Firmicutes|c__Clostridia|o__Eubacteriales|f__Lachnospiraceae|g__Fusicatenibacter|s__Fusicatenibacter_saccharivorans,-0.1004395,-0.12316422,-0.14127916,-0.20428483,-0.16501045,-0.1902887,-0.1666669,-0.14355667,-0.12521844,-0.18031445,-0.18029088,-0.2192167,-0.1680767,-0.19914243,-0.10398726,-0.10031934,-0.058144663,-0.100163534,-0.108668715,-0.16856253,-0.1978925,3.8574073,-0.13548833,-0.15051638,-0.16920802,-0.11658599,-0.16549668,-0.17098685,-0.1509206,-0.12124001,-0.1344443,-0.10689144,-0.14723535,-0.19220135,-0.18594912,4.841614,-0.15941703,5.007523,-0.19375041,7.5371265,5.323347,-0.19449386,-0.10768427,-0.09162698,-0.13691942,-0.15361878,-0.23188588,-0.19052346,-0.14536244,-0.2026537,-0.1808187,-0.18279888,-0.19364989,-0.1951272,-0.19905588,-0.15501583,-0.12548327,-0.14258817,-0.093484804,-0.096974835,-0.16880275,-0.1411748,-0.13743341,-0.1456345,-0.12719077,-0.15015131,-0.2613474,-0.22333384,-0.18552485,-0.20047067,-0.14419273,-0.14782658,-0.13045943,-0.14174493,-0.14878452,-0.1613761,-0.1448435,7.314753,-0.15773332,7.7492523,-0.14605696,-0.1555759,-0.15175773,-0.22480208,-0.120334074,-0.14058176,-0.11864319,-0.15869626,-0.17117146,-0.15435521,-0.16555975,-0.11139822,-0.1388583,-0.13027036,-0.12820607,-0.15152657,-0.14174673,-0.11552451,-0.10065024,-0.09211193,-0.106181294,-0.12045281,-0.13436168,-0.15027548,-0.15829116,3.9523091,-0.11129953,-0.1578567,-0.17738779,-0.13272277,-0.16270348,4.4148016,-0.14740822,-0.1324379,-0.14080666,-0.15095688,-0.17780018,-0.16200185,-0.22917573,-0.09015879,-0.11073296,-0.13411732,-0.12926206,-0.13997786,-0.1714474,-0.13908121,-0.16057305,-0.12777606,-0.07092635,-0.03704006,-0.13640642,-0.16019794,-0.17587098,-0.14332479,-0.12334781,-0.13514099,-0.12023825,-0.13756059,-0.25318068,-0.26654312,-0.085421845,-0.10945694,-0.14311938,-0.09238048,-0.1848246,-0.18711585,-0.15186816,-0.09190863,-0.13230102,-0.14832073,-0.149025,-0.15718743,-0.16832544,-0.18042473,-0.08986011,-0.123346664,-0.1398395,-0.10256614,-0.17951453,-0.19495486,-0.18755561,-0.101081975,-0.13113372,-0.081723526,-0.12776002,-0.19006202,-0.18996513,-0.18833083,-0.12279086,-0.07783882,-0.098266974,-0.11875197,-0.13580604,-0.12406494,-0.121451,-0.095767304,-0.09788253,-0.10915999,-0.082459606,-0.11319653,-0.1317153,-0.16446094,-0.1410757,-0.13594428,-0.18093297,-0.17825818,-0.19102618,-0.14381337,-0.15549555,-0.13463251,-0.119081676,-0.14001076,-0.19117098,-0.18802667,-0.17883307,-0.19755594,-0.25103784,-0.20219928,-0.18728468,-0.18821268,-0.17986083,-0.17194518,-0.27554205,-0.08916744,-0.11956477,-0.1279722,-0.15751183,-0.20931396,-0.18224281,-0.29657933,-0.32474133,-0.15370871,-0.3242122,-0.17325558,-0.17108874,-0.2185038,2.5304985,-0.114121355,-0.1393739,-0.15388772,-0.15788373,-0.22984435,-0.18186735,-0.2502612,-0.105256766,-0.12455491,-0.13771337,-0.124097146,-0.15189947,-0.15316787,-0.15403342,-0.14014931,-0.15141064,-0.16070426,-0.15376598,-0.15185927,-0.15171927,-0.13347988,-0.12307347,-0.14528532,-0.18673791,-0.17425638,5.5398884,4.3805385,-0.19982962,-0.113699555,-0.1296617,-0.11831313,-0.14677009,-0.16636807,-0.18299437,-0.18841729,-0.13124111,-0.079307295,-0.15135641,-0.13915324,-0.14106366,-0.117672056,-0.19987361,-0.1649412,-0.15718842,-0.14085042,-0.12356038,-0.12722544,-0.14610182,-0.2588673,-0.10803975,-0.13074079,-0.09132757,-0.12832497,-0.12868705,-0.14857289,-0.14997053,-0.09739734,-0.08910369,-0.1241682,-0.11127783,-0.13719386,-0.14953932,-0.16789083,-0.14180863,-0.11689006,-0.17119402,-0.15049866,-0.14124018,-0.12548682,-0.14019895,-0.17466888,-0.13176009,-0.13189223,-0.14440852,-0.12281589,-0.08722703,-0.05825615,-0.14225058,4.720982,-0.026243303,-0.1647584,6.300201,7.0561104,-0.19533268,-0.14442885,-0.14331596,-0.14862512,-0.12963767,-0.25088155,-0.19039774,-0.18519506,-0.096124455,-0.10972296,-0.10702289,-0.09488459,-0.12759323,-0.15159363,7.2735047,-0.1646468,-0.12812386,-0.0969081,-0.16398169,-0.14219669,-0.11335766,-0.18846886,-0.1706479,-0.15247354,-0.12557152,-0.115196005,-0.11333126,-0.11662802,-0.1730066,-0.1375047,-0.13355483,-0.096878245,-0.1211055,-0.09313358,-0.12434345,-0.13490567,-0.063823454,-0.13877153,-0.11419349,-0.13337442,-0.24483351,-0.2571875,1.6996003,-0.14490338,-0.15504242,-0.13186076,-0.19104545,-0.0782174,-0.16988173,-0.16208209,-0.09859173,-0.11065883,-0.114602864,-0.076612435,-0.083404,-0.1213824,-0.13072303,-0.13855581,-0.19385117,-0.100240275,-0.15408894,-0.19487974,-0.18814337,-0.18393123,-0.11175308,-0.14203766,-0.10377704,-0.15687384,-0.1908128,-0.169574,-0.1668567,-0.14174893,-0.14136945,-0.1032034,-0.15177596,-0.15963544,-0.1783945,-0.19139135,-0.121156015,-0.14561626,-0.11407341,-0.08217248,-0.14229223,-0.20725825,-0.15887532,-0.125103,-0.15657571,-0.15690626,-0.14268833,-0.19202894,-0.1608453,-0.17893519,-0.2963242,-0.19608723,-0.17892459,-0.16968313,-0.19004065,-0.1559994,-0.14054683,-0.12995714,-0.12557748,-0.13753895,-0.16208029,-0.30584824,-0.16516444,-0.17815867,-0.18958126,-0.11441202,-0.14914864,-0.13981143,-0.17539737,-0.16476674,-0.16232851,-0.14331086,3.3452368,-0.12833357,-0.15193577,-0.13722253,-0.24156228,-0.17713483,-0.1041376,-0.13484856,-0.14084801,-0.171532,-0.11120039,-0.13414669,-0.1500501,-0.15761247,-0.1793927,-0.15235183,-0.14787713,5.412953,-0.17310587,-0.16158643,-0.14723541,-0.14623587,-0.11499533,-0.10471026,-0.13461192,-0.20148799,-0.17419997,6.8836365,-0.16392577,7.4401197,6.817511,5.120936,-0.1729683,-0.2531438,-0.09399153,-0.09366825,-0.11532582,-0.13523257,-0.1466981,-0.09997156,-0.18537527
k__Bacteria|p__Firmicutes|c__Bacilli|o__Lactobacillales|f__Streptococcaceae|g__Streptococcus|s__Streptococcus_australis,-0.1004395,-0.12316422,-0.13970892,-0.20428483,-0.16385123,-0.19040895,-0.1666669,-0.14366104,-0.12379612,-0.18105292,-0.18028143,-0.22398464,-0.16810593,-0.20112935,-0.103133,-0.09928663,-0.058144663,-0.0999405,-0.107221976,-0.16842443,-0.1978925,-0.12536043,-0.13526163,-0.15105069,-0.16941777,-0.11658599,-0.16498253,-0.17180705,-0.1509206,-0.12124001,-0.13378112,-0.10522002,-0.14654166,-0.19284089,-0.18663433,-0.2175087,-0.15770242,-0.22338755,-0.19362527,1.0064611,-0.29210672,-0.1953984,-0.10687671,-0.09162698,2.2513807,-0.15278763,1.3246819,-0.19033405,-0.14497387,-0.2026537,-0.17944078,-0.18279888,-0.1942524,-0.19630864,-0.20223388,-0.15694949,-0.12495169,-0.14250465,-0.09260844,-0.09583095,-0.1689685,-0.14144178,-0.13743341,-0.1454154,-0.12719077,-0.14923808,-0.2613474,-0.22333384,-0.18540578,-0.20047067,-0.14449987,-0.14777642,-0.12978016,-0.14160985,-0.14999999,-0.16247892,-0.14532878,-0.16278498,-0.15669668,-0.14998752,-0.14576885,-0.1549314,-0.15160961,-0.22480208,-0.120334074,-0.14015567,-0.117617935,-0.15922341,-0.17178729,-0.15359,-0.16599433,-0.11139822,-0.1388583,-0.13027036,-0.12791541,-0.15152657,-0.1409919,-0.115232825,-0.10065024,-0.09074973,-0.105430916,-0.11988766,-0.13380793,-0.15027548,-0.15854216,-0.1185138,-0.11129953,-0.1578567,-0.17738779,-0.13321018,-0.16160831,-0.25953975,-0.14686075,-0.13129388,-0.14041337,-0.15095688,-0.17780018,-0.16053209,-0.22917573,-0.09015879,-0.10950796,-0.1335319,-0.12897992,-0.13997786,-0.1710249,-0.13908121,-0.16057305,-0.12777606,-0.07092635,1.1235653,-0.13543034,-0.16016793,-0.17647518,-0.14332479,-0.12334781,-0.13434306,-0.12023825,-0.13745162,1.5522813,2.3379242,-0.08398943,-0.10945694,-0.14363565,-0.09238048,-0.18449569,-0.18718752,-0.15108874,-0.09043593,-0.13230102,-0.14775674,-0.14857094,-0.15708774,-0.16820954,-0.1817354,-0.08800644,-0.12316563,-0.1398211,-0.10256614,-0.17951453,-0.19495486,-0.18876922,-0.10019457,-0.13113372,-0.08098645,-0.12725103,-0.19006202,-0.19035491,-0.18871151,-0.1228912,-0.076030575,-0.09727761,-0.11792325,-0.13545053,-0.12406494,-0.121451,-0.094738945,-0.09672694,-0.10825558,-0.082459606,-0.11263308,-0.1313743,-0.16508862,-0.1410757,-0.1347431,-0.18093297,-0.17825818,-0.19107798,-0.14320496,-0.15549555,-0.13457596,-0.119081676,-0.14001076,-0.19117098,-0.18773088,-0.17832461,-0.19755594,-0.25103784,-0.20219928,-0.18635634,-0.18754055,-0.17973891,-0.17081556,-0.27554205,-0.08916744,-0.11956477,-0.12643905,-0.15751183,2.8635051,2.821842,-0.29657933,-0.32474133,-0.14900686,-0.3242122,-0.17325558,-0.17108874,-0.2185038,-0.17647925,-0.114121355,-0.13812748,-0.15388772,3.0253623,-0.22984435,-0.18186735,-0.25212213,-0.10421984,-0.12455491,-0.13721538,-0.12346323,-0.15189947,-0.15355268,-0.15469643,-0.14014931,-0.15141064,-0.16146255,-0.15318236,-0.15185246,-0.1512648,-0.13288869,-0.12232668,-0.14458215,-0.18791461,-0.17426172,1.2120283,-0.3990198,-0.19950089,-0.11296275,-0.1296617,-0.11815736,-0.14661111,-0.16636807,-0.18402274,-0.1885201,-0.1302405,-0.07756641,-0.15173504,-0.13833576,-0.14106366,-0.1174099,-0.19987361,-0.1649412,-0.15594882,-0.14008546,-0.12304158,2.1284409,-0.14610182,3.380652,-0.106857285,-0.13074079,-0.09132757,-0.12832497,-0.12851492,-0.14792621,-0.15043706,-0.09645948,2.218551,-0.12369986,-0.11012788,-0.1364741,-0.14900067,-0.16843003,-0.14152037,-0.11561525,-0.17142785,-0.15006042,-0.14111936,-0.124474704,-0.1408607,-0.17466888,-0.13176009,-0.13125785,-0.14448658,-0.1224488,-0.08722703,-0.05825615,-0.1421096,-0.17082691,-0.026243303,-0.16300255,-0.2829064,-0.31316653,-0.19535214,-0.14417323,-0.14331596,-0.14862512,-0.12963767,-0.25088155,-0.19067284,-0.18588126,-0.09492631,-0.10910912,-0.10702289,-0.09509977,-0.12759323,-0.15101933,-0.15746465,-0.16485599,-0.12812386,-0.0969081,2.1366224,-0.14269361,-0.11335766,0.711671,-0.1706479,-0.15193549,-0.12510157,-0.115196005,-0.1128836,-0.11662802,-0.1737541,-0.13733116,-0.13356607,-0.096878245,-0.120599255,-0.09218209,-0.12434345,-0.1347107,-0.063823454,-0.13877153,1.2008178,-0.13259798,2.8222826,4.5452433,0.64574414,-0.1446107,-0.15501554,-0.13134336,-0.19104545,-0.0782174,-0.16995306,-0.16256286,-0.09859173,-0.11065883,-0.11427249,-0.076612435,-0.083404,-0.1213824,0.8376101,-0.13855581,-0.19385117,-0.09930733,-0.15362553,-0.19487974,-0.18771788,-0.18429998,-0.11078639,-0.14139809,-0.103084564,-0.15777284,-0.19091159,-0.17124051,-0.16660419,-0.14128438,-0.14116675,-0.10130638,-0.15159294,-0.15936399,-0.17791791,-0.19187611,-0.12059843,-0.14598928,-0.113059714,-0.08078869,-0.14172193,-0.20725825,-0.15841204,-0.125103,-0.15657571,-0.15690626,-0.14174797,-0.19202894,-0.16027614,-0.17970958,-0.2963242,-0.19269934,-0.17854816,-0.16882195,-0.18944725,-0.1555586,-0.14054683,-0.1292607,-0.12557748,-0.13701183,-0.16063082,-0.30584824,-0.16412705,-0.17909876,-0.18921869,-0.11441202,-0.14928252,-0.13889848,-0.17517473,-0.1647788,-0.16254854,-0.14331086,-0.18237996,-0.12685978,-0.15160127,-0.13650063,-0.24156228,-0.17574652,-0.10305495,-0.1336785,-0.14091153,-0.17220631,-0.10976833,-0.13333422,-0.15107577,-0.15793999,-0.17840016,-0.15304393,-0.14767475,2.2066796,-0.17249806,-0.162492,-0.14723541,-0.14623587,-0.11499533,-0.10471026,-0.13400498,-0.20148799,-0.17453802,-0.12513243,-0.16238488,-0.18041904,-0.18738703,-0.11705899,-0.17524505,-0.25394845,-0.0927059,-0.092561185,-0.114029236,-0.13504565,-0.14662552,-0.09847426,-0.18619256
k__Bacteria|p__Firmicutes|c__Bacilli|o__Lactobacillales|f__Streptococcaceae|g__Streptococcus|s__Streptococcus_peroris,-0.1004395,2.0454693,-0.13991265,4.177656,-0.16595212,-0.19311324,-0.1666669,-0.14358985,-0.12273772,-0.18291008,-0.18179074,-0.22767958,-0.16773005,-0.20524749,-0.10074146,-0.09654543,-0.058144663,-0.09718053,-0.10531269,-0.1700773,-0.1978925,-0.12536043,-0.13461974,-0.1512026,-0.17077464,-0.11658599,-0.16593918,-0.17328867,-0.1509206,-0.12124001,-0.13306555,-0.1032847,-0.14658612,-0.19579081,-0.1887787,-0.2175087,-0.15985617,-0.22338755,-0.19692364,-0.29867563,-0.29210672,-0.19846418,-0.10505128,1.3836541,1.3403178,-0.15343323,-0.23188588,-0.19311564,-0.14530951,-0.2026537,-0.18310384,-0.18279888,-0.19703163,-0.1984263,-0.20456772,-0.15694278,-0.12392803,-0.14241058,-0.08961125,-0.09322804,-0.17052165,-0.14094196,-0.13743341,-0.1454648,-0.12719077,-0.14959487,-0.2613474,-0.22333384,-0.1886694,-0.20047067,-0.14452216,-0.1478657,-0.12897643,-0.14126006,-0.15010503,-0.16347665,-0.14584759,-0.16278498,-0.15776739,-0.14998752,-0.14562829,-0.15567452,-0.15193564,-0.22480208,-0.120334074,-0.13976946,-0.11618906,-0.16020192,-0.17362891,-0.1540091,-0.16730215,-0.11139822,-0.1388583,-0.13027036,-0.12692219,-0.15152657,-0.14063545,-0.11326212,-0.10065024,-0.08762412,-0.103279926,-0.118775725,-0.13344279,-0.15027548,-0.1592315,4.5640097,2.1900992,2.1452518,1.3632818,-0.13196748,-0.16276185,2.9976177,-0.14711303,-0.13046513,-0.13986766,-0.15095688,1.6186156,-0.16246957,-0.22917573,-0.09015879,-0.10737938,-0.13287511,-0.12783884,-0.13997786,-0.17247355,-0.13908121,-0.16057305,0.6999114,-0.07092635,-0.03704006,-0.1352492,-0.16116664,-0.17799231,-0.14332479,-0.12334781,-0.13365078,-0.12023825,-0.13666391,-0.25318068,-0.26654312,-0.08063844,2.4238021,-0.14315552,2.764419,-0.18673581,-0.18961547,-0.15097705,-0.08757034,-0.13230102,-0.1479106,-0.14879543,-0.15780967,-0.16970645,-0.18363902,-0.08498742,-0.12182967,-0.13948572,-0.10256614,-0.17951453,-0.19495486,-0.1911604,-0.097737044,-0.13113372,-0.07698511,-0.12629434,-0.19006202,-0.19320782,-0.19113025,-0.121608436,-0.07236683,-0.094644815,-0.11637661,-0.13466713,-0.12406494,-0.121451,-0.09194095,-0.09399929,-0.10600773,2.5148585,-0.110646814,-0.13055174,-0.16624567,-0.1410757,-0.13435033,4.4447556,-0.17825818,-0.19373272,-0.14322767,1.3592203,-0.13392198,0.91403687,-0.14001076,1.3152466,-0.19058901,-0.1803768,-0.19755594,1.5202037,2.4494464,-0.18914697,-0.1902538,-0.18162376,-0.17265835,-0.27554205,-0.08916744,0.9619032,-0.12548058,2.3802898,-0.20931396,-0.18224281,-0.29657933,-0.32474133,-0.1467132,-0.3242122,-0.17325558,-0.17108874,-0.2185038,-0.17647925,-0.114121355,-0.13782665,-0.15388772,-0.15788373,-0.22984435,-0.18186735,-0.2584043,-0.10200682,-0.12455491,-0.1366542,-0.122299016,-0.15189947,-0.15408221,-0.15533017,-0.14014931,-0.15141064,-0.16240224,-0.1538997,-0.15221457,-0.15153939,-0.13193001,-0.1209885,-0.14464441,-0.18982893,-0.17625698,-0.21025829,-0.3990198,-0.20064539,-0.11123132,-0.1296617,-0.11666039,-0.14645976,1.9351152,-0.1862306,-0.19121167,-0.12929744,-0.0738413,-0.15213013,-0.13801801,-0.14106366,-0.115952745,-0.19987361,-0.1649412,-0.15683344,-0.13952167,-0.12141142,-0.12722544,-0.14610182,-0.2588673,-0.10486564,2.458788,-0.09132757,4.350456,-0.12742504,-0.14818907,-0.15060359,-0.093765706,-0.08910369,-0.12229092,-0.10826577,-0.13598368,-0.14929938,-0.16956027,-0.14143237,-0.11386791,-0.17283146,-0.15037279,-0.14069028,-0.12337093,-0.1408639,0.68404186,-0.13176009,-0.13038692,-0.14422497,-0.12102513,0.9622041,1.2288823,-0.1418346,-0.17082691,-0.026243303,-0.16478051,-0.2829064,-0.31316653,-0.19703558,-0.1442216,4.4603004,2.6488628,-0.12963767,3.7459283,-0.19386429,-0.18827194,-0.09199318,-0.10708767,-0.10702289,-0.091725,-0.12759323,-0.15118027,-0.15746465,-0.1661116,0.82861,-0.0969081,1.7809736,-0.14240333,-0.11335766,-0.18846886,-0.1706479,-0.15243539,-0.12381203,-0.115196005,-0.110819235,-0.11662802,-0.17515576,-0.13699833,-0.13285682,-0.096878245,-0.11901354,-0.089197166,2.477411,-0.13381514,3.5594926,-0.13877153,-0.11419349,-0.13184819,-0.24483351,-0.2571875,-0.29957527,-0.14483118,-0.15541002,-0.13071722,-0.19104545,-0.0782174,-0.17144683,-0.1630228,-0.09859173,-0.11065883,-0.112273276,-0.076612435,-0.083404,-0.1213824,-0.13072303,1.3464806,-0.19385117,-0.096878454,-0.15451539,-0.19487974,-0.19047825,-0.18627487,-0.10908468,-0.14095682,-0.100954175,-0.15867189,-0.19403793,-0.17230812,-0.16819865,-0.1412446,-0.14095646,-0.09894876,-0.15175709,-0.16028479,-0.17976609,-0.19486293,-0.11942051,-0.14598109,-0.11133528,-0.077031106,-0.14171144,1.5523492,-0.15968898,-0.125103,1.9451607,-0.15690626,-0.14178067,0.7043318,-0.16144511,-0.18142417,-0.2963242,-0.19649813,-0.17960858,-0.17023948,-0.19217792,-0.15590669,-0.14054683,-0.12854338,-0.12557748,-0.13656831,-0.16163127,-0.30584824,-0.16499159,-0.180629,-0.19210552,-0.11441202,-0.14913617,-0.13882619,-0.17703989,-0.1659585,-0.16348873,-0.14331086,0.7214498,-0.12625396,-0.15143195,-0.13588035,-0.24156228,-0.1781297,-0.10086865,-0.13303697,-0.14061199,-0.17400146,-0.10780676,-0.13265981,-0.15147647,-0.15892413,-0.18062757,-0.15314972,-0.1482504,-0.19184028,-0.17457138,-0.16319358,-0.14723541,-0.14623587,-0.11499533,-0.10471026,-0.13330147,-0.20148799,-0.17648691,-0.12513243,-0.16337043,-0.18041904,-0.18738703,-0.11705899,-0.17610161,-0.2613159,-0.08994476,-0.0895186,-0.112467155,-0.13437247,-0.1465525,-0.0958782,-0.18888181
k__Bacteria|p__Firmicutes|c__Clostridia|o__Eubacteriales|f__Lachnospiraceae|g__Enterocloster|s__Enterocloster_aldenensis,-0.1004395,-0.12316422,-0.14049059,-0.20428483,-0.1649535,-0.1913065,1.247743,-0.1443176,-0.12420145,-0.18156984,-0.18174015,-0.22812682,-0.1683849,-0.20536149,-0.10379184,-0.100310445,-0.058144663,-0.100736886,-0.107649595,-0.16915086,-0.1978925,-0.12536043,-0.13583261,-0.15149243,-0.17005333,-0.11658599,-0.1656285,-0.17268631,-0.1509206,-0.12124001,-0.13433781,-0.105852425,-0.1471192,-0.19408944,-0.18742166,-0.2175087,-0.15868872,-0.22338755,-0.19477147,2.249086,-0.29210672,-0.19663587,-0.10777202,-0.09162698,-0.13691942,-0.15368721,1.9945433,-0.19161701,-0.14570501,-0.2026537,-0.18064392,-0.18279888,-0.19512329,-0.19712353,-0.2031067,-0.15781516,-0.12555093,-0.14328037,-0.092868954,-0.096144676,-0.16967377,-0.14179271,-0.13743341,-0.14613733,-0.12719077,-0.14977536,-0.2613474,-0.22333384,-0.18665437,2.7114022,-0.14518625,-0.14840925,-0.1303126,-0.14219558,-0.15047139,-0.16319372,-0.14568359,-0.16278498,-0.15776934,-0.14998752,-0.14613017,-0.15566733,-0.1521687,1.933428,-0.120334074,-0.14074753,-0.118140474,-0.159953,-0.1726074,-0.1542309,-0.1664826,-0.11139822,-0.1388583,-0.13027036,-0.1282726,-0.15152657,-0.14135076,-0.11565931,-0.10065024,-0.09119463,-0.10599977,-0.12058392,-0.13448031,1.7763298,-0.1592054,-0.1185138,-0.11129953,-0.1578567,-0.17738779,-0.13361418,-0.1616098,3.1265,-0.14758621,-0.1319266,-0.14090925,-0.15095688,-0.17780018,-0.16176793,3.3966372,-0.09015879,-0.10997239,-0.13409974,-0.12948251,4.6159706,-0.17190243,-0.13908121,-0.16057305,-0.12777606,-0.07092635,-0.03704006,-0.13639481,-0.16080749,-0.17724459,-0.14332479,-0.12334781,-0.13493605,-0.12023825,-0.13764575,-0.25318068,-0.26654312,-0.08441819,6.170353,-0.1440586,6.091204,-0.18544888,-0.18825707,-0.15190503,-0.09099269,-0.13230102,-0.14840472,-0.14930892,-0.1578097,-0.16898036,-0.18216985,-0.08852191,-0.12392837,-0.14088976,-0.10256614,-0.17951453,-0.19495486,-0.18956047,-0.10050455,2.5747652,-0.08111237,-0.12753184,4.5040097,-0.19144315,-0.18961957,-0.12357798,-0.07644409,-0.097799465,-0.118486315,-0.13603753,-0.12406494,-0.121451,-0.09536338,-0.097372964,-0.10885821,-0.082459606,-0.11317756,-0.13199903,-0.16599777,-0.1410757,-0.13529551,-0.18093297,4.235215,-0.19212806,-0.14384082,-0.15549555,-0.13508174,-0.119081676,-0.14001076,-0.19117098,-0.18918875,-0.17930515,-0.19755594,-0.25103784,-0.20219928,-0.18736044,-0.18843427,-0.1805702,-0.17176656,1.436678,-0.08916744,-0.11956477,-0.12691873,-0.15751183,-0.20931396,-0.18224281,-0.29657933,2.1680675,-0.1493975,-0.3242122,-0.17325558,-0.17108874,0.63029075,-0.17647925,-0.114121355,-0.13878262,-0.15388772,-0.15788373,-0.22984435,-0.18186735,-0.25515878,-0.10475023,-0.12455491,-0.13775246,-0.12386572,-0.15189947,-0.15428287,-0.15542343,-0.14014931,-0.15141064,-0.1620115,-0.15386844,-0.15246023,-0.15190706,-0.13353834,-0.12256552,-0.14514023,-0.1884118,-0.17565465,-0.21025829,2.625886,-0.2017089,-0.11362663,-0.1296617,-0.1189124,-0.14689255,-0.16636807,-0.18492374,-0.18937117,-0.13090394,-0.07762243,-0.15216103,-0.13879573,6.364423,-0.11819205,5.991095,-0.1649412,-0.15682495,-0.14067551,-0.12348226,-0.12722544,-0.14610182,-0.2588673,-0.10746297,-0.13074079,-0.09132757,-0.12832497,-0.12887874,-0.14855143,-0.15109578,-0.09704502,-0.08910369,-0.12417665,-0.110609815,-0.13716584,-0.1496214,-0.16910392,-0.14206211,-0.11595121,-0.17231753,-0.150736,-0.14176302,-0.12505798,-0.14150882,-0.17466888,-0.13176009,-0.13160402,-0.14510992,-0.122991756,-0.08722703,-0.05825615,-0.14269847,-0.17082691,-0.026243303,-0.1647009,-0.2829064,-0.31316653,-0.19656894,-0.14483967,-0.14331596,-0.14862512,-0.12963767,-0.25088155,-0.19204785,-0.1866124,-0.095088884,-0.1096454,-0.10702289,-0.09507177,-0.12759323,-0.15166971,-0.15746465,-0.16582593,-0.12812386,-0.0969081,-0.16398169,-0.14333546,-0.11335766,-0.18846886,-0.1706479,-0.15266675,-0.12550119,-0.115196005,-0.11316204,3.4186637,-0.17468277,-0.13799207,-0.134248,-0.096878245,-0.121281296,-0.09257028,-0.12434345,-0.13526058,-0.063823454,-0.13877153,-0.11419349,-0.1330079,-0.24483351,-0.2571875,-0.29957527,-0.14537936,-0.15563264,-0.13167733,-0.19104545,-0.0782174,-0.17075844,-0.16310087,-0.09859173,-0.11065883,-0.11470157,-0.076612435,-0.083404,-0.1213824,-0.13072303,-0.13855581,-0.19385117,-0.0997183,-0.15409693,4.3467007,-0.18860653,-0.18500277,-0.11131741,-0.14224386,-0.10351175,-0.15823063,-0.19196199,-0.17215262,-0.16713732,-0.14203888,-0.14197883,-0.10178079,-0.15212622,-0.16020794,-0.17877808,-0.19304276,-0.1211241,-0.14674294,-0.11362375,-0.08095775,-0.14197531,-0.20725825,-0.15934666,-0.125103,-0.15657571,-0.15690626,-0.14263602,-0.19202894,-0.16092795,-0.18016878,-0.2963242,-0.19456938,-0.1788982,-0.16988689,-0.19069426,-0.15628561,-0.14054683,-0.12988469,-0.12557748,-0.13760391,-0.161184,-0.30584824,-0.16463342,-0.17945588,-0.19027227,-0.11441202,-0.1496067,-0.13974866,-0.17605522,-0.16538617,-0.16326474,-0.14331086,-0.18237996,-0.12741625,-0.15207748,-0.13639662,4.382188,-0.17712861,-0.10358867,-0.134359,-0.14139614,-0.1730025,-0.11021006,-0.13380796,-0.15149009,-0.1590387,-0.17952049,-0.15345705,-0.14818501,-0.19184028,-0.17333692,-0.16311267,-0.14723541,-0.14623587,-0.11499533,-0.10471026,-0.13436306,-0.20148799,-0.17536634,-0.12513243,-0.16393295,-0.18041904,-0.18738703,-0.11705899,-0.17532304,-0.25608528,-0.09331785,-0.093033284,-0.11454673,-0.13563523,-0.14726028,-0.09880197,-0.18691191
k__Bacteria|p__Firmicutes|c__Clostridia|o__Eubacteriales|f__Lachnospiraceae|g__Lachnoclostridium|s__Clostridium_symbiosum,2.2906632,3.4522688,-0.14079434,4.8136854,-0.16510448,-0.19110276,-0.1666669,-0.14407212,-0.12442479,-0.181217,-0.18108293,-0.2261428,-0.1672487,-0.20271984,-0.10346468,-0.099756524,-0.058144663,-0.100014456,-0.10775516,-0.1690116,3.1099086,-0.12536043,-0.13546057,-0.15103772,-0.16965798,-0.11658599,-0.16541383,-0.1721048,-0.1509206,-0.12124001,-0.1342671,-0.10583393,-0.1471386,-0.19342598,-0.18689948,-0.2175087,-0.15934038,-0.22338755,-0.1947166,6.7445307,4.042369,-0.19583908,-0.10730216,-0.09162698,-0.13691942,-0.15365712,-0.23188588,-0.1911625,-0.1455684,-0.2026537,-0.18146655,-0.18279888,-0.19489926,-0.19651741,-0.20222095,-0.15606907,-0.12531286,-0.1427961,-0.09267615,-0.096056946,-0.16928217,-0.14141703,-0.13743341,-0.14586863,-0.12719077,-0.14977153,-0.2613474,-0.22333384,-0.18635628,-0.20047067,-0.14467579,-0.14801554,-0.13015975,-0.14176732,-0.14958435,-0.16248056,-0.14540996,-0.16278498,-0.15777606,-0.14998752,-0.14586124,-0.15566391,-0.15192926,-0.22480208,-0.120334074,-0.14048898,-0.11809471,-0.15934172,-0.1722044,-0.15434983,-0.16622332,-0.11139822,-0.1388583,-0.13027036,-0.12798597,-0.15152657,-0.14140737,-0.11536724,-0.10065024,-0.09105331,-0.105599925,-0.12017171,-0.13420683,6.8498893,-0.15880564,-0.1185138,-0.11129953,-0.1578567,-0.17738779,-0.1330598,-0.16241795,-0.25953975,-0.14751154,-0.13193884,-0.14078209,-0.15095688,-0.17780018,-0.1620706,-0.22917573,-0.09015879,-0.11000755,-0.1340197,-0.12914073,4.0980806,-0.17179126,-0.13908121,-0.16057305,-0.12777606,-0.07092635,-0.03704006,-0.13621318,-0.16050363,-0.17683238,-0.14332479,-0.12334781,-0.13474458,-0.12023825,-0.13740799,-0.25318068,-0.26654312,-0.08420145,-0.10945694,-0.1433971,-0.09238048,-0.18523994,-0.18796965,-0.15170693,-0.090821445,-0.13230102,-0.14830962,-0.14912245,-0.15750334,-0.16870458,-0.18145388,-0.08850989,-0.12347091,-0.14024422,-0.10256614,-0.17951453,-0.19495486,-0.18893623,-0.10047075,-0.13113372,-0.08084968,-0.12730251,-0.19006202,-0.19089714,-0.18931697,-0.12313097,-0.076288514,-0.09749409,-0.11830326,-0.13573109,-0.12406494,-0.121451,-0.09509505,-0.09712453,-0.1085051,-0.082459606,-0.11275295,-0.13150786,-0.16536942,-0.1410757,-0.13552445,-0.18093297,-0.17825818,-0.191784,-0.14369693,-0.15549555,-0.13480107,-0.119081676,-0.14001076,-0.19117098,-0.18884957,-0.1793015,6.814279,-0.25103784,-0.20219928,-0.18752122,-0.1886058,-0.18036419,-0.17197038,-0.27554205,-0.08916744,-0.11956477,-0.12718843,-0.15751183,-0.20931396,-0.18224281,5.4706125,-0.32474133,-0.15151796,-0.3242122,-0.17325558,-0.17108874,-0.2185038,-0.17647925,-0.114121355,-0.13887969,-0.15388772,-0.15788373,-0.22984435,-0.18186735,-0.25400916,-0.1045904,-0.12455491,-0.13753909,-0.12366611,-0.15189947,-0.15366848,-0.15487526,-0.14014931,-0.15141064,-0.16148123,-0.15384352,-0.15221912,-0.15187508,-0.13325846,-0.122568265,-0.1450539,-0.18778521,-0.17540807,-0.21025829,3.9630551,-0.20022565,-0.113353714,-0.1296617,-0.11834155,-0.14676917,-0.16636807,-0.1842022,-0.18917574,-0.13094865,-0.07749009,-0.15172614,-0.13874444,5.7712913,-0.11809845,6.187651,-0.1649412,-0.15708894,-0.14069837,-0.123120144,-0.12722544,-0.14610182,4.4638424,-0.107424036,-0.13074079,-0.09132757,-0.12832497,-0.1285072,-0.1484594,-0.15051645,-0.09672445,-0.08910369,-0.12384102,-0.110432714,-0.13696837,-0.14948651,-0.16858384,-0.14196227,-0.115993276,-0.17189945,-0.15060711,-0.1413418,-0.12501001,-0.14095047,-0.17466888,-0.13176009,-0.13148555,-0.14467204,-0.12264796,-0.08722703,-0.05825615,-0.14258593,7.266405,-0.026243303,-0.16492775,7.8304176,-0.31316653,-0.19609746,-0.1446116,-0.14331596,-0.14862512,-0.12963767,-0.25088155,-0.19149064,-0.18624002,-0.095115855,-0.10924827,-0.10702289,-0.09434989,-0.12759323,-0.15163186,-0.15746465,-0.16544807,-0.12812386,-0.0969081,-0.16398169,-0.14251712,-0.11335766,-0.18846886,5.7958813,-0.15259327,-0.12524737,-0.115196005,-0.11290239,3.301119,-0.17390382,-0.13769068,-0.13366088,-0.096878245,-0.12080991,-0.09222461,-0.12434345,-0.13495357,-0.063823454,-0.13877153,-0.11419349,-0.13303089,-0.24483351,-0.2571875,-0.29957527,-0.14516075,-0.15526655,-0.13159007,-0.19104545,-0.0782174,-0.1705442,-0.16261342,-0.09859173,-0.11065883,-0.114396855,-0.076612435,-0.083404,-0.1213824,-0.13072303,-0.13855581,-0.19385117,-0.09942329,-0.15425944,5.400731,-0.18862174,-0.18464497,-0.11119731,-0.1418394,-0.103142306,-0.15769446,-0.19169588,-0.17118502,-0.16703671,-0.14184904,-0.14157057,-0.10208596,-0.15194055,-0.15995118,-0.17880607,-0.19255051,-0.1208725,-0.14619043,-0.113570645,-0.08072958,-0.1422498,-0.20725825,-0.15927884,-0.125103,-0.15657571,-0.15690626,-0.14253551,-0.19202894,-0.16093639,-0.17972931,-0.2963242,-0.19559538,-0.17889364,-0.16964751,-0.19056886,-0.15619634,-0.14054683,-0.12972108,-0.12557748,-0.13747129,-0.16157651,-0.30584824,-0.16498286,-0.17886241,-0.19017355,-0.11441202,-0.14927664,-0.13954411,-0.17594211,-0.16516426,-0.16282378,-0.14331086,-0.18237996,-0.12778229,-0.15187669,-0.13701907,-0.24156228,-0.17717801,-0.10342105,-0.13432813,-0.14097296,-0.17249776,-0.11019339,-0.13374454,-0.15077823,-0.15850328,-0.17950967,-0.15278569,-0.14790474,-0.19184028,-0.1733765,-0.16245922,-0.14723541,-0.14623587,-0.11499533,-0.10471026,-0.13427119,-0.20148799,-0.17503661,-0.12513243,-0.16362649,-0.18041904,-0.18738703,-0.11705899,-0.17445576,-0.2553332,-0.093107,-0.09272523,-0.114550844,-0.13524497,-0.14685667,-0.09882223,-0.18635887
k__Bacteria|p__Firmicutes|c__Clostridia|o__Eubacteriales|f__Lachnospiraceae|g__Blautia|s__Blautia_producta,-0.1004395,-0.12316422,-0.140012,-0.20428483,-0.16334195,-0.18980436,-0.1666669,-0.14422254,-0.12482847,-0.18106958,-0.17971808,-0.21973425,-0.16761549,-0.19949445,-0.10436778,-0.1006021,-0.058144663,-0.10154006,-0.10828333,-0.16845888,1.5652163,-0.12536043,-0.13592453,-0.15145597,-0.16915491,-0.11658599,-0.16513869,-0.17185509,-0.1509206,-0.12124001,-0.13458464,-0.10624193,-0.14701012,-0.19181561,-0.1861511,4.3229804,-0.15729597,4.4530945,-0.19250207,6.581614,3.9035165,-0.1946279,-0.1081738,-0.09162698,-0.13691942,-0.15291905,-0.23188588,-0.1895232,-0.14528424,-0.2026537,-0.17866653,-0.18279888,-0.19320124,-0.19481103,-0.20020786,-0.15750511,-0.12577252,-0.14297433,-0.0943345,-0.09724924,-0.16890079,-0.14210165,-0.13743341,-0.14579658,-0.12719077,-0.14988056,-0.2613474,-0.22333384,-0.18477586,2.4878154,-0.14498994,-0.14811483,-0.13043848,-0.14203085,-0.15045303,-0.16255528,-0.14568269,-0.16278498,-0.15663981,-0.14998752,-0.14616482,-0.15497606,-0.15197869,-0.22480208,-0.120334074,-0.1407511,-0.118542105,-0.15950002,-0.1715408,-0.15367827,-0.16586363,-0.11139822,-0.1388583,-0.13027036,-0.1288332,-0.15152657,-0.14162967,-0.11640574,-0.10065024,-0.09230608,-0.10675113,-0.12087801,-0.13443834,-0.15027548,-0.1587663,-0.1185138,-0.11129953,-0.1578567,-0.17738779,-0.13414553,-0.16140398,-0.25953975,-0.14721987,-0.13194108,-0.14081475,-0.15095688,-0.17780018,-0.16036046,-0.22917573,-0.09015879,-0.11079964,-0.13424018,-0.12967412,-0.13997786,-0.17077678,-0.13908121,-0.16057305,-0.12777606,-0.07092635,-0.03704006,-0.1360003,-0.1603184,-0.17626768,-0.14332479,-0.12334781,-0.13517208,-0.12023825,-0.13799338,-0.25318068,-0.26654312,-0.08576816,-0.10945694,-0.14430457,-0.09238048,-0.18416314,-0.18637675,-0.1511428,-0.09201698,-0.13230102,-0.14812982,-0.14886367,-0.15720963,-0.16800545,-0.18150763,-0.08952928,-0.1241788,-0.1404642,-0.10256614,-0.17951453,-0.19495486,-0.18812637,-0.10155898,-0.13113372,-0.0826602,-0.12798682,-0.19006202,-0.18947646,-0.18801641,-0.12399129,-0.07784541,-0.09880161,-0.11885069,-0.1361228,-0.12406494,-0.121451,-0.0961875,-0.09810434,-0.10959903,-0.082459606,-0.113820925,-0.13218233,-0.16525596,-0.1410757,-0.13528681,-0.18093297,-0.17825818,-0.19014369,-0.14357546,-0.15549555,-0.13526064,-0.119081676,-0.14001076,-0.19117098,-0.18682681,-0.17796418,-0.19755594,-0.25103784,-0.20219928,-0.18572313,-0.18672839,-0.17930351,-0.1704775,5.3663936,-0.08916744,-0.11956477,-0.12727848,-0.15751183,-0.20931396,-0.18224281,-0.29657933,-0.32474133,-0.1499176,-0.3242122,-0.17325558,-0.17108874,-0.2185038,-0.17647925,-0.114121355,-0.1385861,7.172324,7.848773,6.167015,7.3186603,-0.24836706,-0.10545723,-0.12455491,-0.13791242,-0.12438336,-0.15189947,-0.15381564,-0.15498684,-0.14014931,-0.15141064,-0.16161343,-0.15325482,-0.152177,-0.15142193,-0.13350758,-0.12317392,-0.14505437,-0.18749705,-0.1737505,3.852148,2.1937022,-0.19950451,-0.11411856,-0.1296617,-0.11927965,-0.14699283,-0.16636807,-0.18386786,-0.18789525,-0.13102369,-0.079419866,-0.15216719,-0.13885316,-0.14106366,-0.118736744,-0.19987361,-0.1649412,-0.15597662,-0.14059322,-0.12387829,-0.12722544,-0.14610182,-0.2588673,-0.10807435,-0.13074079,-0.09132757,-0.12832497,-0.12937653,-0.14817101,-0.15087372,-0.09796643,-0.08910369,-0.12472057,-0.11119479,-0.13713479,-0.14931837,-0.16838056,-0.14198859,-0.116717264,-0.1714558,-0.15033734,-0.1416656,-0.12508455,-0.14145364,-0.17466888,-0.13176009,-0.13206944,-0.14492226,-0.12324331,-0.08722703,-0.05825615,-0.14260189,-0.17082691,-0.026243303,-0.16319788,-0.2829064,3.618136,-0.19510019,-0.14458683,-0.14331596,-0.14862512,-0.12963767,1.3796653,-0.18960807,-0.18539359,-0.09631644,-0.110454544,-0.10702289,-0.09676255,-0.12759323,-0.15148413,-0.15746465,-0.16475233,-0.12812386,-0.0969081,-0.16398169,-0.14336425,-0.11335766,-0.18846886,-0.1706479,-0.15201706,-0.12599152,-0.115196005,-0.11403754,-0.11662802,-0.17385621,-0.13787892,-0.13419163,3.832649,-0.12154114,-0.09379828,-0.12434345,-0.13557875,-0.063823454,-0.13877153,-0.11419349,-0.13325085,-0.24483351,-0.2571875,-0.29957527,-0.14498118,-0.15523045,-0.1320008,-0.19104545,-0.0782174,-0.16993338,-0.16261244,-0.09859173,-0.11065883,-0.11559518,-0.076612435,-0.083404,-0.1213824,-0.13072303,-0.13855581,-0.19385117,-0.1005412,-0.1538893,4.467636,-0.18703559,-0.18378487,-0.11190836,-0.14193672,-0.104516014,-0.15813538,-0.19013326,-0.17154095,-0.16614605,-0.14171824,-0.14163956,-0.102515966,-0.15195087,-0.15943983,-0.17757747,-0.19083434,-0.12153209,-0.1465183,-0.11437063,-0.08288799,-0.14215374,-0.20725825,-0.15840262,-0.125103,-0.15657571,-0.15690626,-0.14229408,-0.19202894,-0.16025957,-0.1794691,4.5025043,-0.19115233,-0.17814368,-0.16841349,-0.18856502,-0.15552038,-0.14054683,-0.12997958,-0.12557748,-0.13762084,-0.16052283,-0.30584824,-0.16410434,-0.17858604,-0.18843997,-0.11441202,-0.14970034,-0.1393897,-0.17499048,-0.1646444,-0.16264656,7.1648855,3.7435448,-0.12756422,-0.15209281,-0.13680455,3.6454577,-0.17531818,-0.104320705,-0.13432519,-0.14144674,-0.17200258,-0.1108537,-0.13402086,-0.15133771,-0.15807144,-0.17792904,-0.15345827,-0.14789912,-0.19184028,-0.17206477,-0.16268979,-0.14723541,-0.14623587,-0.11499533,-0.10471026,-0.13476962,3.3168766,-0.17420429,-0.12513243,-0.16279656,-0.18041904,-0.18738703,-0.11705899,-0.17545377,-0.25073695,-0.09423034,-0.094179004,-0.11509016,-0.13572277,-0.14696616,-0.09975709,-0.18563354
k__Bacteria|p__Firmicutes|c__Clostridia|o__Eubacteriales|f__Clostridiaceae|g__Clostridium|s__Clostridium_sp_C5_48,-0.1004395,-0.12316422,-0.14059526,-0.20428483,-0.16479734,-0.1900272,-0.1666669,-0.14398596,-0.124990635,-0.18091917,-0.18096139,-0.21491282,-0.1674993,-0.1984365,-0.10346885,-0.09944174,-0.058144663,-0.10057561,-0.10815816,-0.16880089,6.4301734,-0.12536043,-0.13582018,-0.15111834,-0.16905484,-0.11658599,-0.16580987,-0.17162679,-0.1509206,-0.12124001,-0.13468368,-0.10588685,-0.14736196,-0.19169131,-0.18603073,-0.2175087,-0.15889406,-0.22338755,-0.19313522,-0.29867563,4.349081,-0.19415565,-0.10738542,-0.09162698,-0.13691942,-0.15359893,-0.23188588,-0.19055273,-0.14520131,-0.2026537,-0.18083647,-0.18279888,-0.193174,-0.19415832,-0.19774438,-0.1563322,-0.12535481,-0.142679,-0.09338713,-0.09642684,-0.16913,-0.14157297,-0.13743341,-0.14578557,-0.12719077,-0.15017991,-0.2613474,-0.22333384,-0.18574902,-0.20047067,-0.14449559,-0.14800254,-0.1300857,-0.14176275,-0.14938083,-0.16208443,-0.14516997,-0.16278498,-0.15756916,-0.14998752,-0.1463492,-0.15543382,-0.15198922,5.9034142,-0.120334074,-0.14076203,-0.11838359,-0.15926352,-0.17164451,-0.1542181,-0.1660026,-0.11139822,-0.1388583,-0.13027036,-0.12839106,5.126688,-0.14207655,-0.11561917,-0.10065024,-0.0915689,-0.10589436,-0.12024292,-0.13433327,-0.15027548,-0.15869632,-0.1185138,-0.11129953,-0.1578567,-0.17738779,-0.13275875,-0.16207999,-0.25953975,-0.14748685,-0.13216026,-0.14062256,-0.15095688,-0.17780018,-0.16163516,-0.22917573,7.7528234,-0.11094399,-0.13417828,-0.12912294,8.91594,-0.17152306,6.328478,-0.16057305,-0.12777606,-0.07092635,-0.03704006,-0.13655186,-0.16047516,-0.17644387,-0.14332479,-0.12334781,-0.13525037,-0.12023825,-0.13758561,-0.25318068,-0.26654312,-0.084856704,-0.10945694,-0.1434699,-0.09238048,-0.1851646,-0.18709496,-0.1516026,-0.09136756,-0.13230102,-0.14849602,-0.14903279,-0.1572017,-0.16832563,-0.18083791,-0.088994026,-0.123393096,-0.14015177,-0.10256614,-0.17951453,-0.19495486,-0.1875664,-0.100767806,-0.13113372,-0.08070707,-0.1276286,-0.19006202,-0.18976587,-0.18836874,-0.123311795,-0.07683134,-0.09773611,-0.118393846,-0.135932,-0.12406494,-0.121451,-0.09525418,-0.0973514,-0.10887913,-0.082459606,-0.11298872,-0.13190585,-0.16508685,-0.1410757,-0.13573548,-0.18093297,-0.17825818,-0.19049022,-0.14359488,-0.15549555,-0.13465498,-0.119081676,-0.14001076,-0.19117098,-0.18751131,-0.17865936,-0.19755594,-0.25103784,-0.20219928,-0.18735838,-0.18796492,-0.17981218,-0.17161043,-0.27554205,-0.08916744,-0.11956477,-0.12794489,-0.15751183,-0.20931396,-0.18224281,-0.29657933,4.406586,-0.15343076,6.4180245,8.082358,7.0476694,6.720882,-0.17647925,-0.114121355,-0.1391549,-0.15388772,-0.15788373,-0.22984435,-0.18186735,-0.24642155,-0.104870856,-0.12455491,-0.13790609,-0.12402532,-0.15189947,-0.15359268,-0.15454993,-0.14014931,-0.15141064,-0.16124022,-0.15381414,-0.15208009,-0.15171628,-0.13314243,-0.1229757,-0.14548232,-0.18732071,-0.17453057,-0.21025829,2.769504,-0.19899349,-0.11360019,-0.1296617,-0.11829384,-0.14701422,-0.16636807,-0.1838281,-0.18836328,-0.13141641,-0.07812654,-0.15169898,-0.13900694,-0.14106366,-0.11862012,-0.19987361,-0.1649412,-0.15717855,-0.14057437,-0.12348878,-0.12722544,-0.14610182,2.845256,-0.107747704,-0.13074079,-0.09132757,-0.12832497,-0.12890431,-0.14883554,-0.15042187,-0.09705593,-0.08910369,-0.124170706,-0.11090836,-0.13722962,-0.14969027,-0.16807924,-0.14193544,-0.11685817,-0.17178218,-0.15065682,-0.14154527,-0.12498926,-0.14098409,-0.17466888,-0.13176009,-0.13173075,-0.14470878,-0.12247717,-0.08722703,-0.05825615,-0.14252451,-0.17082691,-0.026243303,-0.16469355,-0.2829064,-0.31316653,-0.19449852,-0.14456871,-0.14331596,-0.14862512,-0.12963767,5.695325,-0.18990293,-0.18536197,-0.09567774,-0.109554365,-0.10702289,-0.09450802,-0.12759323,-0.15197222,-0.15746465,-0.16477564,-0.12812386,-0.0969081,-0.16398169,-0.1428324,4.0304375,8.927907,-0.1706479,-0.15242895,-0.1253362,-0.115196005,-0.11306935,-0.11662802,-0.1736385,-0.13756165,-0.133501,-0.096878245,-0.12080331,-0.09282724,-0.12434345,-0.13555108,-0.063823454,-0.13877153,-0.11419349,-0.1333273,-0.24483351,-0.2571875,5.8559027,-0.14494637,-0.15513343,-0.13153106,-0.19104545,-0.0782174,-0.1697278,-0.1625104,-0.09859173,-0.11065883,-0.11517508,-0.076612435,-0.083404,-0.1213824,-0.13072303,-0.13855581,8.139192,-0.099445716,-0.15421343,7.280685,-0.18791883,-0.18382484,-0.11154261,-0.14221403,-0.10350792,-0.15744185,-0.19047222,-0.1705828,-0.16678953,-0.14180239,-0.14133254,-0.10247974,-0.15202811,-0.15977976,-0.17837806,-0.19113275,-0.12108703,-0.14610465,-0.11412895,-0.08175269,-0.14207882,-0.20725825,-0.15886444,-0.125103,-0.15657571,5.796913,-0.14264664,6.0778294,-0.16086951,-0.17934442,-0.2963242,-0.19333182,-0.17862755,-0.16958591,-0.18960473,-0.15594313,-0.14054683,-0.12983283,-0.12557748,-0.13756484,-0.16160646,-0.30584824,-0.16496146,-0.17829779,-0.18931034,-0.11441202,-0.14962134,-0.13979793,-0.17562471,-0.16476023,-0.16256571,-0.14331086,-0.18237996,-0.12785317,-0.15230572,-0.13653277,-0.24156228,-0.1768733,-0.10371353,-0.13481998,-0.14085715,-0.1719777,-0.11075264,-0.13411494,-0.15066446,-0.15795593,-0.17909138,-0.15259406,-0.14775941,-0.19184028,-0.17297114,-0.16219778,-0.14723541,-0.14623587,-0.11499533,-0.10471026,-0.13464932,-0.20148799,-0.17446691,-0.12513243,-0.164282,-0.18041904,-0.18738703,-0.11705899,-0.1737262,-0.25084415,-0.09340204,-0.093291976,-0.11494092,-0.13525802,-0.14671345,-0.09935808,-0.18572274
k__Bacteria|p__Firmicutes|c__Clostridia|o__Eubacteriales|f__Clostridiaceae|g__Clostridium|s__Clostridium_paraputrificum,-0.1004395,-0.12316422,-0.14019,-0.20428483,-0.16432625,-0.18894935,-0.1666669,-0.1429866,-0.12415737,-0.1794327,-0.17955516,-0.21829218,-0.16654766,-0.19988859,-0.10326828,-0.09973428,-0.058144663,-0.09980862,-0.10771331,-0.16757579,-0.1978925,2.1674612,-0.13466091,-0.14968055,-0.16811725,-0.11658599,-0.16441797,-0.17033294,-0.1509206,-0.12124001,-0.13371348,-0.10592233,-0.1462582,-0.19130221,-0.18489662,-0.2175087,-0.15861136,1.3239286,-0.19298133,-0.29867563,-0.29210672,-0.19349372,-0.107206166,-0.09162698,-0.13691942,-0.15280151,3.696796,-0.1896272,-0.14448716,-0.2026537,-0.18039896,-0.18279888,-0.19246191,-0.19332826,-0.19759132,-0.15504277,-0.12468157,-0.14187184,-0.09263259,-0.09608345,-0.16791281,-0.14021537,-0.13743341,-0.14486519,-0.12719077,-0.14915702,-0.2613474,-0.22333384,-0.18488175,2.375587,-0.14349324,-0.14699206,-0.12944075,-0.14079612,-0.14801395,-0.16080058,-0.14406314,-0.16278498,-0.15693286,-0.14998752,-0.14511828,-0.15459001,-0.15072434,-0.22480208,-0.120334074,-0.13973822,-0.11773868,-0.15801665,-0.17052723,-0.1531814,-0.16460007,-0.11139822,-0.1388583,-0.13027036,-0.12738903,-0.15152657,-0.14072713,-0.11482706,-0.10065024,-0.091312155,-0.10548402,-0.11979189,-0.13361095,-0.15027548,-0.15755123,-0.1185138,-0.11129953,-0.1578567,-0.17738779,-0.13163051,-0.16113827,0.595577,-0.14662991,-0.13141674,-0.13974926,-0.15095688,1.9108196,-0.16120802,-0.22917573,-0.09015879,-0.11002582,-0.13327517,-0.12833694,-0.13997786,-0.17049453,-0.13908121,-0.16057305,-0.12777606,-0.07092635,-0.03704006,-0.1358901,-0.15925261,-0.17509302,4.445988,4.2310476,-0.134383,-0.12023825,-0.13643968,2.489077,1.229425,-0.084558606,-0.10945694,-0.14226401,-0.09238048,-0.18381697,-0.18613467,-0.15074742,-0.09109018,-0.13230102,-0.14746583,-0.14811866,-0.15622124,-0.1673155,-0.17942068,-0.08886565,-0.12275201,-0.1394685,-0.10256614,-0.17951453,-0.19495486,-0.18655923,-0.10024655,-0.13113372,-0.08051394,-0.1268967,3.3407738,-0.18893878,-0.187318,-0.12235691,-0.0768976,-0.09748165,-0.11794315,-0.13499975,-0.12406494,-0.121451,-0.094994694,-0.09721799,-0.108372375,-0.082459606,-0.11246252,-0.13101777,-0.16397274,2.7679896,-0.13498902,2.851185,-0.17825818,-0.189785,-0.14287406,-0.15549555,-0.13381517,-0.119081676,-0.14001076,-0.19117098,-0.18708563,-0.1775991,2.9482677,1.9400338,2.5101511,-0.18606529,-0.18702382,-0.17873718,-0.17079806,-0.27554205,-0.08916744,-0.11956477,-0.12707636,-0.15751183,1.7916317,-0.18224281,1.5591272,-0.32474133,-0.15138957,-0.3242122,-0.17325558,-0.17108874,-0.2185038,-0.17647925,-0.114121355,-0.13839799,-0.15388772,-0.15788373,0.6857302,-0.18186735,-0.24916291,-0.10442163,-0.12455491,-0.13687113,-0.12321052,-0.15189947,-0.15241107,-0.15347013,2.7200434,2.9003713,-0.1599105,-0.15288481,-0.15095636,-0.15081432,-0.13257152,-0.122129545,-0.14442845,-0.18561776,-0.17357919,-0.21025829,-0.3990198,-0.1980096,-0.113066755,-0.1296617,-0.11776142,-0.14577016,-0.16636807,-0.18233317,-0.18741195,-0.13047355,-0.07800645,-0.1505682,-0.13819134,-0.14106366,-0.117360815,2.2871704,-0.1649412,-0.15630457,-0.13969903,-0.12270594,-0.12722544,-0.14610182,-0.2588673,-0.10728881,-0.13074079,-0.09132757,-0.12832497,-0.1278153,-0.14772056,-0.14929159,-0.09669343,-0.08910369,-0.12332453,-0.110443234,-0.13633,-0.1486322,-0.1669738,-0.14099845,-0.11593287,-0.17048228,-0.14958377,-0.14042394,-0.12446751,-0.13970047,0.5648488,-0.13176009,-0.13079575,-0.14370275,-0.12195642,-0.08722703,-0.05825615,-0.14152138,-0.17082691,-0.026243303,-0.16439697,-0.2829064,-0.31316653,-0.19328152,-0.14364146,-0.14331596,-0.14862512,-0.12963767,2.4795468,-0.18944682,-0.18419403,-0.09509011,-0.10902597,-0.10702289,-0.09382807,-0.12759323,-0.150732,-0.15746465,-0.16398317,-0.12812386,0.5962391,3.9649127,-0.14159505,-0.11335766,-0.18846886,-0.1706479,-0.15153003,-0.12452058,-0.115196005,-0.11237313,-0.11662802,-0.1724008,-0.136742,-0.13285176,-0.096878245,-0.12030589,-0.09238523,-0.12434345,-0.13428187,-0.063823454,-0.13877153,-0.11419349,-0.13243425,-0.24483351,-0.2571875,-0.29957527,-0.14416215,-0.1540531,-0.13072076,1.4499888,-0.0782174,-0.16876017,-0.16127457,-0.09859173,-0.11065883,-0.114075206,-0.076612435,-0.083404,-0.1213824,-0.13072303,1.350087,-0.19385117,-0.099114805,-0.15319788,-0.19487974,-0.18691665,-0.18273298,-0.11100098,-0.14122537,-0.102941595,-0.15624389,-0.1897177,-0.16900079,-0.16584943,-0.14100179,-0.14064798,-0.10214475,-0.15084088,-0.15885761,-0.17728654,-0.19045478,-0.12038764,-0.14513133,-0.11344496,-0.08117792,-0.14109737,-0.20725825,-0.15812086,-0.125103,-0.15657571,-0.15690626,-0.14190114,0.9453652,-0.15982223,-0.1778853,-0.2963242,-0.19430663,-0.17738712,-0.16890696,-0.18883264,-0.15505528,-0.14054683,-0.12913138,2.0231395,-0.13674946,-0.16078061,1.8492901,-0.16357952,-0.17713326,-0.18858388,-0.11441202,-0.14827251,-0.13911077,-0.1743999,-0.16369757,-0.16154909,-0.14331086,-0.18237996,-0.12733766,-0.15087491,-0.13567458,1.9588293,-0.17633338,-0.103315234,-0.1339266,-0.1398613,-0.17092341,-0.11017262,-0.13313568,-0.14934722,-0.1571832,-0.17823198,-0.15125701,-0.14692363,0.7798417,-0.1720142,-0.16084495,-0.14723541,-0.14623587,-0.11499533,3.1169994,-0.1335937,2.420722,-0.1733939,-0.12513243,-0.16339128,-0.18041904,-0.18738703,-0.11705899,-0.17185733,-0.25229928,-0.093233295,-0.092880696,-0.11444823,-0.13442865,-0.14579916,-0.098921716,-0.18447006
k__Bacteria|p__Firmicutes|c__Clostridia|o__Eubacteriales|f__Lachnospiraceae|g__Mediterraneibacter|s__Ruminococcus_torques,-0.1004395,-0.12316422,-0.14096636,-0.20428483,-0.16455346,-0.19024852,-0.1666669,-0.1439168,-0.12498805,-0.18001623,-0.18050867,-0.22426458,-0.16699591,-0.20162222,-0.10459995,-0.100901544,-0.058144663,-0.10108909,-0.10869442,-0.16855213,-0.1978925,-0.12536043,-0.13573542,-0.1509125,-0.16917232,-0.11658599,-0.16491033,-0.17138112,-0.1509206,-0.12124001,-0.1344408,-0.10693172,-0.14704877,-0.19235808,-0.18594131,-0.2175087,-0.15890278,-0.22338755,-0.19342408,-0.29867563,2.588732,-0.19514892,-0.108318254,-0.09162698,-0.13691942,-0.15325731,-0.23188588,-0.19021471,-0.14563239,-0.2026537,-0.18020856,-0.18279888,-0.19381312,-0.1957635,-0.20107056,-0.15580653,-0.1258243,-0.14293045,-0.09406191,-0.097319335,-0.16873471,-0.14160082,-0.13743341,-0.14583229,3.2176433,-0.14970171,5.5997853,5.307347,-0.18558106,1.3004068,-0.1447171,-0.14797048,-0.13064018,-0.14195746,-0.149574,-0.16200343,-0.14517784,-0.16278498,-0.157455,-0.14998752,-0.14586106,-0.15541188,-0.15185645,-0.22480208,-0.120334074,-0.14061154,-0.11873669,-0.15904188,-0.17148528,-0.1542022,-0.16546653,-0.11139822,1.8263463,-0.13027036,-0.12847382,-0.15152657,-0.1414257,-0.11597037,-0.10065024,-0.09234664,-0.10659887,-0.120881975,-0.13451166,-0.15027548,-0.15838297,-0.1185138,-0.11129953,-0.1578567,7.2127514,-0.13361326,-0.16203326,5.940547,-0.14736496,-0.1322934,-0.14090137,-0.15095688,-0.17780018,-0.16182268,-0.22917573,-0.09015879,-0.11075591,-0.13426049,-0.12957573,-0.13997786,-0.1711352,-0.13908121,-0.16057305,-0.12777606,-0.07092635,-0.03704006,-0.13639438,-0.16021727,-0.17594543,-0.14332479,-0.12334781,-0.13503072,-0.12023825,-0.13753158,-0.25318068,1.1249889,-0.08580269,-0.10945694,-0.1435481,-0.09238048,-0.18425915,-0.18689133,-0.15142584,-0.09223975,-0.13230102,-0.14817226,-0.14900982,-0.15720776,-0.16821015,-0.18068723,-0.09002617,-0.12404674,-0.14039993,-0.10256614,-0.17951453,-0.19495486,-0.18794009,-0.101562515,-0.13113372,-0.08266215,-0.12779276,-0.19006202,-0.18992591,-0.18827663,-0.12357262,-0.07813431,-0.098811045,-0.11898026,-0.135901,-0.12406494,-0.121451,-0.09639114,-0.0983098,-0.10947909,-0.082459606,-0.11362618,-0.13191192,-0.16481161,-0.1410757,-0.13560896,-0.18093297,-0.17825818,-0.19083336,-0.14386967,2.1307564,-0.13505471,-0.119081676,-0.14001076,-0.19117098,-0.18787898,-0.17859086,-0.19755594,-0.25103784,-0.20219928,-0.18659401,-0.1875221,-0.17950204,-0.17139101,3.142352,-0.08916744,-0.11956477,-0.12752816,-0.15751183,-0.20931396,-0.18224281,-0.29657933,-0.32474133,-0.1508128,-0.3242122,-0.17325558,4.7520585,2.2678437,4.9090934,-0.114121355,-0.139003,-0.15388772,-0.15788373,-0.22984435,-0.18186735,-0.25175214,-0.10565053,-0.12455491,-0.13768393,-0.12420643,-0.15189947,-0.15351503,-0.15455109,-0.14014931,-0.15141064,-0.1610789,-0.15359959,-0.15205808,-0.15170063,-0.1335221,-0.1230457,-0.14506605,-0.18668924,-0.17468226,-0.21025829,3.5327144,-0.2000581,-0.11413048,-0.1296617,-0.11911857,-0.14664054,3.4223282,-0.18328911,-0.18813697,-0.13119525,-0.079435855,-0.15166286,-0.13887781,-0.14106366,-0.11843924,-0.19987361,-0.1649412,-0.15669869,-0.14089741,-0.12371623,-0.12722544,-0.14610182,-0.2588673,-0.10835639,-0.13074079,-0.09132757,-0.12832497,-0.12889756,-0.14835267,-0.15031852,-0.0979515,-0.08910369,-0.12443893,-0.11136609,-0.13719545,-0.14940888,-0.16805221,-0.14202061,-0.11672357,-0.17123888,-0.15047377,-0.14140898,-0.12557048,-0.14075355,-0.17466888,-0.13176009,-0.13194603,-0.14468876,-0.12319844,-0.08722703,-0.05825615,-0.14249304,2.2483203,-0.026243303,-0.16444743,5.408246,6.221732,-0.1954838,-0.14457786,-0.14331596,-0.14862512,-0.12963767,1.2376822,-0.19061467,-0.18535583,-0.096346386,-0.11020145,-0.10702289,-0.09581067,-0.12759323,-0.15141985,-0.15746465,-0.16483033,-0.12812386,-0.0969081,-0.16398169,-0.14263785,-0.11335766,-0.18846886,-0.1706479,-0.15238704,-0.1258696,-0.115196005,-0.11375353,-0.11662802,-0.17321135,-0.13785121,-0.13401592,-0.096878245,-0.121539086,-0.093552455,-0.12434345,-0.13502622,-0.063823454,-0.13877153,-0.11419349,-0.13321549,-0.24483351,-0.2571875,2.2305589,-0.14518073,-0.15505399,-0.1320821,-0.19104545,-0.0782174,-0.17018405,-0.16209392,-0.09859173,-0.11065883,-0.115002275,-0.076612435,-0.083404,-0.1213824,-0.13072303,-0.13855581,3.7726347,-0.10085726,-0.15408319,-0.19487974,-0.18761855,-0.18378699,-0.112050176,-0.14195588,-0.104373895,-0.1573506,-0.19072777,-0.17071237,-0.16630495,-0.1418997,-0.14168674,-0.10318866,-0.15175974,-0.15950042,-0.17795055,-0.1912695,-0.12152359,-0.14612125,-0.114309415,-0.08250576,-0.14236471,-0.20725825,-0.15891126,-0.125103,-0.15657571,-0.15690626,-0.14266634,-0.19202894,-0.16061468,-0.17892665,-0.2963242,-0.19480595,-0.17819625,-0.16896063,-0.18959138,-0.15589748,-0.14054683,-0.13015798,-0.12557748,-0.13778222,-0.16123247,-0.30584824,-0.16474952,-0.17814754,-0.18898721,1.3951106,-0.14917405,-0.13966966,-0.1752032,-0.16474207,-0.16237307,7.1978207,3.4740915,-0.12830657,-0.15183815,-0.13724303,-0.24156228,-0.17646578,-0.10447951,-0.1345981,-0.1411436,-0.17185307,-0.11111939,-0.13412979,-0.1503964,-0.15804055,-0.17872642,-0.15281516,-0.14802325,-0.19184028,-0.17281935,-0.16200773,-0.14723541,-0.14623587,-0.11499533,-0.10471026,-0.13459253,-0.20148799,-0.17427671,-0.12513243,-0.16317831,-0.18041904,-0.18738703,-0.11705899,-0.17368914,-0.25273675,-0.094482616,-0.094078034,-0.11536785,-0.13551685,-0.14689282,-0.10007338,-0.18526444
k__Bacteria|p__Firmicutes|c__Clostridia|o__Eubacteriales|f__Peptostreptococcaceae|g__Romboutsia|s__Romboutsia_timonensis,-0.1004395,-0.12316422,-0.1400271,-0.20428483,-0.16468152,-0.19042875,3.446559,-0.14392287,-0.12435122,-0.18122303,-0.18082404,-0.2180171,-0.16763556,-0.20064406,-0.103486165,-0.09953964,-0.058144663,-0.100318536,-0.107493505,-0.16874772,-0.1978925,-0.12536043,-0.13564175,-0.1511814,-0.16935177,-0.11658599,-0.16568634,-0.17215843,-0.1509206,-0.12124001,-0.13435271,-0.1055896,-0.14686045,-0.19262043,-0.1865139,-0.2175087,-0.15857124,-0.22338755,-0.19355136,-0.29867563,5.037159,-0.19482324,-0.10746163,-0.09162698,-0.13691942,-0.1532786,3.2935734,-0.19085436,-0.14529136,-0.2026537,-0.1808988,-0.18279888,-0.19370085,-0.19452713,-0.19878298,-0.1570571,-0.12520914,-0.14278078,-0.093004994,-0.09601451,-0.16931236,-0.14159426,-0.13743341,-0.14572325,-0.12719077,-0.14974317,-0.2613474,2.2230031,-0.18601224,-0.20047067,-0.14470536,-0.14808568,-0.12985516,-0.14160246,-0.14979154,-0.16266114,-0.14550522,1.2390627,-0.15755278,-0.14998752,-0.14609206,-0.15520239,-0.15186821,-0.22480208,-0.120334074,-0.1404574,-0.117901176,-0.1595716,-0.17198105,-0.15379065,-0.16610387,-0.11139822,-0.1388583,-0.13027036,-0.12820613,-0.15152657,-0.14165685,-0.115598135,-0.10065024,-0.09110768,-0.10573019,-0.12024167,-0.13414527,-0.15027548,-0.15891138,-0.1185138,-0.11129953,-0.1578567,-0.17738779,-0.13290644,-0.16129887,-0.25953975,-0.14732008,-0.13166848,-0.1402743,3.9740913,-0.17780018,-0.16129743,-0.22917573,-0.09015879,-0.110115945,-0.1338279,-0.12902468,-0.13997786,-0.17140637,-0.13908121,-0.16057305,-0.12777606,-0.07092635,-0.03704006,-0.1360769,-0.1604164,-0.17672679,-0.14332479,-0.12334781,-0.13497348,-0.12023825,-0.13720797,-0.25318068,3.205518,-0.08444424,-0.10945694,-0.14360234,-0.09238048,-0.18497321,-0.1873143,-0.15133674,-0.0909273,-0.13230102,-0.14813818,-0.14888027,-0.15728247,-0.16848937,-0.18160552,-0.08845326,-0.1235015,-0.14023337,-0.10256614,-0.17951453,0.97274077,-0.18848084,-0.100393705,-0.13113372,-0.080267586,-0.12709667,-0.19006202,-0.1904599,-0.18869889,-0.12329494,-0.07662715,-0.09759672,-0.11806202,-0.13566703,-0.12406494,-0.121451,-0.09499641,-0.09702652,-0.10861297,-0.082459606,-0.11281961,-0.13174456,-0.16548565,-0.1410757,-0.13521795,5.713627,-0.17825818,-0.19092688,-0.14341585,-0.15549555,-0.13463953,-0.119081676,-0.14001076,-0.19117098,-0.18798673,-0.17868519,0.6286857,-0.25103784,-0.20219928,-0.18712667,-0.18792282,-0.17987859,-0.17112303,-0.27554205,-0.08916744,-0.11956477,-0.12702093,-0.15751183,-0.20931396,-0.18224281,-0.29657933,-0.32474133,-0.14959764,-0.3242122,-0.17325558,-0.17108874,-0.2185038,0.6781287,-0.114121355,-0.13869172,-0.15388772,-0.15788373,-0.22984435,1.7366908,-0.24905872,-0.10450193,-0.12455491,-0.13761002,-0.1237496,-0.15189947,-0.15381524,-0.15501846,-0.14014931,-0.15141064,-0.16160163,-0.15364975,-0.15211044,-0.15144023,-0.13306993,-0.12256788,-0.14515194,-0.1876904,-0.17468736,-0.21025829,3.510535,-0.19875428,-0.11334909,-0.1296617,-0.11834768,-0.14662543,-0.16636807,-0.1843231,-0.1887404,-0.13073906,-0.07782762,-0.15179,-0.1386556,-0.14106366,-0.11802983,-0.19987361,-0.1649412,-0.15674439,-0.14014427,-0.123205274,-0.12722544,-0.14610182,-0.2588673,-0.107204676,-0.13074079,-0.09132757,-0.12832497,-0.12869605,-0.14842995,-0.15078771,-0.09684877,-0.08910369,-0.12388758,-0.11046133,-0.1368191,-0.1493871,-0.16844302,-0.14179829,-0.11617745,-0.17175873,-0.1504463,-0.1413581,-0.12466418,-0.14114545,-0.17466888,-0.13176009,-0.1314616,-0.14470911,-0.122609146,-0.08722703,-0.05825615,-0.14231929,-0.17082691,-0.026243303,-0.16418046,-0.2829064,-0.31316653,-0.19464403,-0.14446995,-0.14331596,3.2715304,-0.12963767,1.8129665,-0.19079667,-0.18591362,-0.09510383,-0.10948026,-0.10702289,-0.09460828,-0.12759323,-0.15143225,-0.15746465,-0.16520986,-0.12812386,-0.0969081,-0.16398169,-0.14301014,-0.11335766,2.3509889,-0.1706479,-0.15229872,-0.12535241,-0.115196005,-0.11280821,-0.11662802,-0.17416668,-0.13759628,-0.13375506,-0.096878245,-0.12076754,-0.09248561,1.7475652,-0.13530645,-0.063823454,-0.13877153,-0.11419349,-0.1327278,-0.24483351,-0.2571875,-0.29957527,-0.14486691,-0.15517129,-0.13133621,2.9851391,-0.0782174,-0.17001824,-0.1626605,-0.09859173,-0.11065883,-0.114882946,-0.076612435,-0.083404,-0.1213824,-0.13072303,-0.13855581,-0.19385117,-0.099348046,-0.1538438,-0.19487974,-0.18808219,-0.18421793,-0.11120774,-0.14195564,-0.103492804,-0.15786955,-0.19093977,-0.17103216,-0.16669154,-0.14166339,-0.14145711,-0.1015954,-0.15169781,-0.15983143,-0.1782371,-0.19177575,-0.120892644,-0.14631444,-0.11370833,-0.081165515,-0.14142732,-0.20725825,-0.15904173,-0.125103,-0.15657571,-0.15690626,-0.14235158,3.9395185,-0.16070265,-0.17977452,-0.2963242,-0.19305587,-0.17832516,-0.16934681,-0.18954724,-0.15564555,-0.14054683,-0.12957536,-0.12557748,-0.13732845,-0.16063693,1.6522434,-0.16459754,-0.17890194,-0.18971342,-0.11441202,-0.14928752,-0.13945249,-0.17551452,-0.16495545,-0.16284892,-0.14331086,-0.18237996,-0.12732393,-0.15170488,-0.13573048,-0.24156228,-0.17681704,-0.10338968,-0.13425595,-0.1410164,-0.17238808,-0.11019997,-0.13363887,-0.1511366,-0.15832934,-0.17912641,-0.15288892,-0.14776562,-0.19184028,-0.17292237,-0.1627861,-0.14723541,-0.14623587,-0.11499533,-0.10471026,-0.13401014,-0.20148799,-0.17489007,-0.12513243,-0.16379106,-0.18041904,-0.18738703,1.4922203,-0.1747146,-0.2532761,-0.09313582,-0.09295124,-0.11441626,-0.13517405,-0.14667737,-0.09867334,-0.186263
k__Bacteria|p__Firmicutes|c__Clostridia|o__Eubacteriales|f__Lachnospiraceae|g__GGB79916|s__GGB79916_SGB4587,-0.1004395,-0.12316422,-0.13967818,-0.20428483,-0.16372214,-0.18908522,-0.1666669,-0.14409447,-0.124429874,-0.1805763,-0.17830186,-0.2180535,-0.16620085,-0.19812652,-0.10442996,-0.10042888,-0.058144663,-0.10180268,-0.10845824,-0.16812783,-0.1978925,-0.12536043,-0.13597137,-0.15142393,-0.1687738,-0.11658599,-0.16462329,-0.17155579,5.718314,4.768024,-0.1343813,-0.10626501,-0.14660606,-0.19121106,-0.18549252,-0.2175087,-0.15772529,-0.22338755,-0.19192356,4.8852706,-0.29210672,-0.19365586,-0.10842131,3.7123811,1.3284135,-0.15266389,3.9759953,-0.18909901,-0.14538127,-0.2026537,-0.17910303,-0.18279888,-0.19235195,-0.1933909,-0.19908011,-0.15728846,-0.1258494,-0.14288989,-0.09463495,-0.09756566,-0.16879542,-0.14191923,-0.13743341,-0.14564592,1.0901091,-0.14926785,4.89082,2.2334824,-0.1846695,-0.20047067,-0.14504841,-0.14799891,-0.13034019,-0.1418146,-0.15058455,-0.16269493,-0.14580326,-0.16278498,-0.15644658,-0.14998752,-0.1460512,-0.15467155,-0.1517444,-0.22480208,-0.120334074,-0.14047682,-0.11859897,-0.15953255,-0.17157157,-0.1531477,-0.16542318,-0.11139822,-0.1388583,-0.13027036,-0.12887473,1.7480472,-0.14145528,-0.11648172,-0.10065024,-0.09235756,-0.10690729,-0.121053115,-0.13452983,-0.15027548,-0.15859434,-0.1185138,-0.11129953,-0.1578567,-0.17738779,-0.13370523,-0.16079989,-0.25953975,-0.14704023,-0.13155624,-0.14039391,-0.15095688,-0.17780018,-0.16021228,-0.22917573,-0.09015879,-0.11076346,-0.13399751,-0.12952384,-0.13997786,-0.1701433,-0.13908121,4.4403377,-0.12777606,-0.07092635,-0.03704006,-0.13601843,-0.16011736,-0.17584194,-0.14332479,-0.12334781,-0.13476852,-0.12023825,-0.13782376,-0.25318068,3.4956331,-0.08611785,-0.10945694,-0.14402246,-0.09238048,-0.1834734,-0.18585993,-0.15065458,-0.09238071,-0.13230102,-0.14780632,-0.14856878,-0.15695879,-0.16777489,-0.18130088,-0.08978916,-0.12409814,-0.1400412,-0.10256614,-0.17951453,-0.19495486,-0.18774208,-0.10188809,-0.13113372,-0.0826269,-0.12785557,3.482957,-0.18919502,-0.1874356,-0.12414661,-0.078321695,-0.098960996,-0.1187001,-0.13581982,-0.12406494,-0.121451,-0.09642053,-0.09813186,-0.10942274,-0.082459606,-0.11370602,-0.13206908,-0.16504957,-0.1410757,-0.13516593,-0.18093297,-0.17825818,-0.18941645,-0.14334795,0.8332283,-0.13517174,-0.119081676,1.0544766,4.3547673,-0.18635485,-0.17728186,4.9010057,-0.25103784,-0.20219928,-0.18541305,-0.18624038,-0.17863299,-0.16989926,-0.27554205,5.230692,6.4934497,-0.12700896,5.151744,4.1631284,-0.18224281,3.335583,-0.32474133,-0.14612548,-0.3242122,-0.17325558,-0.17108874,-0.2185038,-0.17647925,-0.114121355,-0.13833065,-0.15388772,-0.15788373,0.89587337,-0.18186735,-0.24587421,-0.10563053,-0.12455491,-0.13766308,-0.12447365,-0.15189947,-0.15386409,-0.1551769,-0.14014931,-0.15141064,-0.16163215,-0.15319791,-0.15197897,-0.15098572,-0.13316502,-0.123255916,-0.14480615,-0.18686518,-0.17339174,-0.21025829,2.7627714,-0.1956848,-0.11417577,-0.1296617,-0.119242236,-0.14672017,-0.16636807,-0.18348682,-0.18734765,-0.13073063,-0.079738,-0.15204138,-0.13869432,-0.14106366,-0.11885985,2.6386333,-0.1649412,-0.15561366,-0.13995717,-0.12363772,-0.12722544,-0.14610182,-0.2588673,-0.108154655,-0.13074079,-0.09132757,-0.12832497,-0.12946463,-0.14808686,-0.15089941,-0.098207265,-0.08910369,-0.124486685,-0.11127348,-0.13689178,-0.1490769,-0.16800082,-0.14196298,-0.11669287,-0.1708587,-0.15007195,-0.1415442,-0.12501913,-0.1414231,-0.17466888,-0.13176009,-0.1318801,-0.14465241,-0.123297885,-0.08722703,-0.05825615,-0.14237371,-0.17082691,-0.026243303,-0.16234657,-0.2829064,-0.31316653,-0.19250521,-0.14452991,-0.14331596,-0.14862512,-0.12963767,1.0080057,-0.18954802,-0.18503821,-0.09656757,-0.11054511,-0.10702289,-0.096817076,-0.12759323,-0.15085828,0.83324957,-0.16453236,-0.12812386,-0.0969081,-0.16398169,-0.14340076,-0.11335766,-0.18846886,-0.1706479,-0.15190127,-0.12595177,-0.115196005,-0.1139494,0.878622,-0.17331436,-0.13794482,-0.13418585,-0.096878245,-0.121284515,-0.09410107,-0.12434345,-0.1354911,-0.063823454,-0.13877153,-0.11419349,-0.13311303,-0.24483351,-0.2571875,1.1554093,-0.14490625,-0.15487106,-0.13199824,-0.19104545,-0.0782174,-0.1693795,-0.16215855,-0.09859173,-0.11065883,-0.115716495,-0.076612435,-0.083404,-0.1213824,-0.13072303,-0.13855581,-0.19385117,-0.1009613,-0.15371975,-0.19487974,-0.18652564,-0.1830837,-0.11219415,-0.14160107,-0.10490231,-0.15827939,-0.1895255,-0.170872,-0.16561586,-0.14166172,-0.14148143,-0.102373876,-0.15146488,-0.15913108,-0.17680483,-0.18993315,-0.12175602,-0.14641297,-0.11426313,-0.08292644,-0.14190926,-0.20725825,-0.15853104,-0.125103,-0.15657571,-0.15690626,-0.14190683,-0.19202894,-0.16010492,-0.17911845,6.513638,-0.18974109,-0.17683595,-0.16784173,-0.18781283,-0.1549715,-0.14054683,-0.12997042,-0.12557748,-0.13727644,-0.15989125,3.6923375,-0.1633927,-0.17824683,-0.18798155,-0.11441202,-0.14931884,-0.13931084,-0.1744739,-0.16447964,-0.16236344,-0.14331086,-0.18237996,-0.12747005,-0.15116036,-0.13632739,-0.24156228,-0.17491305,-0.10464265,-0.13406312,-0.14146797,-0.17194274,-0.11092366,-0.13383736,-0.15130866,-0.15805392,-0.17740096,-0.15323791,-0.14802551,-0.19184028,-0.17191246,-0.16264498,-0.14723541,-0.14623587,-0.11499533,-0.10471026,-0.13442542,-0.20148799,-0.17424756,-0.12513243,-0.16147342,-0.18041904,-0.18738703,-0.11705899,-0.17519477,-0.24974576,-0.09447299,-0.09436226,-0.11505549,-0.13555363,-0.14665428,-0.09986024,-0.1850724
k__Bacteria|p__Firmicutes|c__Clostridia|o__Eubacteriales|f__Lachnospiraceae|g__Enterocloster|s__Enterocloster_bolteae,-0.1004395,-0.12316422,-0.13937102,-0.20428483,-0.16265146,-0.18884519,2.3945143,-0.14325361,-0.12393156,-0.17954801,-0.17812398,-0.21656796,-0.16688657,-0.19741651,-0.103890955,-0.09976381,-0.058144663,-0.101155326,-0.10783917,-0.16769041,-0.1978925,6.9121385,-0.13529688,-0.15060815,-0.16805595,-0.11658599,-0.16405442,-0.170814,-0.1509206,-0.12124001,-0.13379055,-0.10576963,-0.14620283,-0.1905581,-0.18522543,-0.2175087,-0.15656514,-0.22338755,-0.19088084,-0.29867563,-0.29210672,-0.19375342,-0.10782023,-0.09162698,-0.13691942,-0.15214272,-0.23188588,-0.18863986,-0.14494255,-0.2026537,-0.17752631,-0.18279888,-0.19099501,-0.19313434,-0.19882804,-0.15692818,-0.12525819,-0.1423369,-0.09396303,-0.096857235,-0.1681103,-0.14129072,4.108943,-0.14504217,2.5868635,-0.14883563,5.07287,-0.22333384,-0.18378326,4.014863,-0.1443085,-0.14724445,-0.12980038,-0.14125635,-0.14997537,-0.16152172,-0.14500599,-0.16278498,-0.15542278,-0.14998752,-0.14529668,-0.15411788,-0.15125579,2.9636245,-0.120334074,-0.13998428,-0.11806974,-0.15879768,-0.17075737,-0.15267354,-0.16486001,-0.11139822,1.6983503,-0.13027036,-0.12831613,-0.15152657,-0.14101306,-0.1156358,-0.10065024,-0.09179565,-0.106453806,-0.1204563,-0.13407192,-0.15027548,-0.15793571,-0.1185138,-0.11129953,-0.1578567,-0.17738779,-0.13283087,-0.16019596,-0.25953975,-0.14639491,-0.13113719,-0.13990341,-0.15095688,-0.17780018,-0.1598409,-0.22917573,-0.09015879,-0.11021479,-0.13346888,-0.12892607,6.2309422,-0.16973002,2.6277084,-0.16057305,-0.12777606,-0.07092635,-0.03704006,-0.13558653,-0.15983796,-0.17508653,-0.14332479,-0.12334781,-0.13425747,-0.12023825,-0.13736053,-0.25318068,-0.26654312,-0.085587695,-0.10945694,-0.14359918,-0.09238048,-0.18334702,-0.18534748,-0.15053909,-0.09191141,-0.13230102,-0.14735812,-0.14801557,-0.15629172,-0.16713879,-0.1806694,-0.08936815,-0.123348415,-0.13923815,-0.10256614,-0.17951453,-0.19495486,-0.18705979,-0.101293296,-0.13113372,-0.08220248,-0.12764914,-0.19006202,-0.18851171,-0.18698451,-0.12347239,-0.07755923,-0.098318964,-0.118183374,-0.13542083,-0.12406494,-0.121451,-0.09586023,-0.097742215,-0.10906423,-0.082459606,-0.11330387,-0.13182852,-0.16444346,-0.1410757,-0.1345772,-0.18093297,-0.17825818,-0.18902129,-0.14305241,-0.15549555,-0.13456681,-0.119081676,-0.14001076,-0.19117098,-0.18570712,-0.17656739,-0.19755594,-0.25103784,-0.20219928,-0.18517329,-0.18556537,-0.17828396,-0.1697131,4.134552,-0.08916744,-0.11956477,-0.12681597,-0.15751183,-0.20931396,-0.18224281,4.5396824,3.073147,-0.14846802,2.892927,0.830384,1.7619601,4.783926,-0.17647925,-0.114121355,-0.13775808,-0.15388772,-0.15788373,-0.22984435,-0.18186735,-0.24576586,-0.10510297,-0.12455491,-0.13714755,-0.12395541,-0.15189947,-0.15343022,-0.15444925,-0.14014931,-0.15141064,-0.16082385,-0.15242362,-0.15133965,-0.15050164,-0.13276255,-0.12258526,-0.14414635,-0.18613058,-0.17322555,-0.21025829,4.401028,-0.1983499,-0.11369326,2.839261,-0.11867422,-0.14626989,-0.16636807,-0.18280509,-0.18677875,-0.13032636,-0.07920356,-0.1514407,-0.13824749,-0.14106366,-0.11849083,-0.19987361,-0.1649412,-0.15499781,-0.13970956,-0.123104006,-0.12722544,2.2413714,3.1716762,-0.107778504,-0.13074079,-0.09132757,-0.12832497,-0.12895107,-0.14767459,-0.15020114,-0.097627334,-0.08910369,-0.12408221,-0.11083463,-0.13654476,-0.14866161,-0.16746536,-0.14134313,-0.116270006,-0.17032722,-0.14966744,-0.14104283,-0.12456267,-0.14085922,-0.17466888,-0.13176009,-0.13145721,-0.14399776,-0.12273051,-0.08722703,-0.05825615,-0.14191607,-0.17082691,-0.026243303,-0.1620258,3.730617,-0.31316653,-0.19380583,-0.14393319,-0.14331596,1.4751003,-0.12963767,-0.25088155,-0.18879148,-0.1844395,-0.09621243,-0.10980107,-0.10702289,-0.09625104,1.4046791,-0.15072456,-0.15746465,-0.16365519,-0.12812386,-0.0969081,-0.16398169,-0.14277086,-0.11335766,2.5553367,-0.1706479,-0.15121268,-0.12524407,-0.115196005,-0.11342378,-0.11662802,-0.17280143,-0.13730185,-0.13354364,-0.096878245,-0.12079277,-0.093641475,-0.12434345,-0.13490358,-0.063823454,-0.13877153,-0.11419349,-0.13268,-0.24483351,-0.2571875,1.420768,-0.14429885,-0.15419945,-0.13147977,-0.19104545,-0.0782174,-0.16900846,-0.16130486,-0.09859173,-0.11065883,-0.11509336,-0.076612435,-0.083404,-0.1213824,-0.13072303,-0.13855581,-0.19385117,-0.10037017,-0.15303552,-0.19487974,-0.18596154,-0.1825782,-0.111719795,-0.14108527,-0.10435552,-0.15721944,-0.18891355,-0.17052716,-0.16512498,-0.14112285,-0.14084125,-0.10201366,-0.1511006,-0.15837127,-0.17641604,-0.18951549,-0.121268466,-0.14573334,-0.11368962,-0.08233835,-0.14151229,-0.20725825,-0.15781981,-0.125103,-0.15657571,-0.15690626,-0.1413874,-0.19202894,-0.15953587,-0.17848697,-0.2963242,-0.18996735,-0.1765697,-0.16750154,-0.18772194,-0.15464425,-0.14054683,-0.12950358,-0.12557748,-0.13697422,-0.15951124,-0.30584824,-0.16302575,-0.17736891,-0.18729267,-0.11441202,-0.14896443,-0.13882369,-0.1740098,-0.16369234,-0.16174313,-0.14331086,-0.18237996,-0.12692943,-0.15061495,-0.13592291,5.354681,-0.17454489,-0.104089506,-0.13354489,-0.14084657,-0.17116378,-0.11054899,-0.13344553,-0.15053588,-0.15722072,-0.17677456,-0.15266116,-0.14738046,-0.19184028,-0.1714069,-0.1617889,-0.14723541,-0.14623587,-0.11499533,-0.10471026,-0.13425736,-0.20148799,-0.17356156,-0.12513243,-0.16087534,-0.18041904,-0.18738703,-0.11705899,-0.17427747,-0.24907812,-0.0939682,-0.09381698,-0.11459504,-0.13507774,-0.14614207,-0.09957783,-0.1845174
k__Bacteria|p__Firmicutes|c__Clostridia|o__Eubacteriales|f__Lachnospiraceae|g__Blautia|s__Blautia_hansenii,-0.1004395,-0.12316422,-0.13998178,6.103299,-0.1633372,-0.18789844,7.8687134,-0.14302433,-0.124107555,-0.17895253,-0.17745584,-0.2222843,-0.16329692,-0.19984862,-0.104038194,-0.1006355,-0.058144663,-0.10097079,-0.10839481,-0.16668618,0.8645719,-0.12536043,-0.1347447,-0.1494612,-0.16730706,-0.11658599,-0.16326797,-0.16934577,-0.1509206,-0.12124001,-0.13343474,-0.10673185,-0.14579637,-0.1904555,-0.18366726,-0.2175087,-0.15759371,-0.22338755,-0.19112505,6.591395,6.536734,-0.19237867,-0.10803452,-0.09162698,-0.13691942,-0.15190914,-0.23188588,-0.18804225,-0.14460826,-0.2026537,-0.17917284,-0.18279888,-0.19204864,-0.19253638,-0.19825426,-0.15390107,-0.12507272,-0.1417363,-0.09377748,-0.09730655,-0.16736744,-0.14001623,3.5984018,-0.14455265,-0.12719077,-0.1483897,-0.2613474,0.84424216,-0.18343085,-0.20047067,-0.14364105,-0.14669412,-0.1298364,-0.14079013,-0.14824775,-0.16053668,-0.14386088,-0.16278498,-0.1562727,-0.14998752,-0.14451838,-0.15411249,-0.15038393,4.2746496,-0.120334074,-0.13934693,-0.11811602,-0.15775317,-0.16986272,-0.15239823,-0.16354251,-0.11139822,-0.1388583,-0.13027036,-0.12764251,-0.15152657,-0.14023024,-0.11538452,-0.10065024,-0.09233935,-0.10634084,-0.12038338,-0.13367105,1.343867,-0.15684909,-0.1185138,-0.11129953,-0.1578567,-0.17738779,-0.13247806,-0.16018045,-0.25953975,-0.14618164,-0.13127999,-0.13977587,-0.15095688,-0.17780018,-0.16030946,-0.22917573,-0.09015879,-0.110212825,-0.13318399,-0.12864767,-0.13997786,-0.1691596,-0.13908121,6.210105,5.3468256,-0.07092635,-0.03704006,-0.13575903,-0.15857336,-0.17389445,-0.14332479,-0.12334781,-0.13397147,-0.12023825,-0.13646382,-0.25318068,-0.26654312,-0.08599503,-0.10945694,-0.14210993,-0.09238048,-0.18232965,-0.18486644,-0.1500497,-0.092338204,-0.13230102,-0.14677739,-0.14769495,-0.15581179,-0.16653477,-0.17862284,-0.09009229,-0.12318826,-0.13888693,-0.10256614,-0.17951453,-0.19495486,-0.18571293,-0.10148989,-0.13113372,-0.08273585,-0.12664953,-0.19006202,-0.18792596,-0.18601936,-0.122573435,-0.07859187,-0.09888506,-0.11834875,-0.13480476,-0.12406494,-0.121451,-0.096295804,-0.0980746,-0.10892967,-0.082459606,-0.11322706,-0.13087295,-0.16312203,-0.1410757,-0.13475354,-0.18093297,-0.17825818,-0.18863992,-0.14253817,6.543144,-0.13391036,-0.119081676,-0.14001076,-0.19117098,-0.18604809,-0.17663404,-0.19755594,-0.25103784,-0.20219928,-0.18469629,-0.18572783,-0.17755517,-0.16978978,-0.27554205,-0.08916744,-0.11956477,-0.12668332,-0.15751183,-0.20931396,-0.18224281,-0.29657933,-0.32474133,-0.14729306,-0.3242122,-0.17325558,-0.17108874,5.4972334,6.132046,9.084918,-0.13808593,7.1738544,5.7579823,7.27145,7.6148553,-0.2488291,-0.10534574,-0.12455491,-0.13665536,-0.12353298,-0.15189947,-0.15211692,-0.15322593,-0.14014931,-0.15141064,-0.15957208,-0.15222813,-0.15069574,-0.15001898,-0.13251391,-0.12242981,-0.14395618,-0.18470861,-0.17240635,-0.21025829,3.1292498,-0.19658872,-0.11362631,-0.1296617,-0.11868104,-0.14522624,-0.16636807,-0.18128195,-0.1858965,-0.12992549,-0.07997925,-0.15031189,-0.13782945,7.5500407,-0.117218986,7.9474416,-0.1649412,-0.15521228,-0.1394095,-0.12270735,-0.12722544,7.4337306,7.7669296,-0.107843444,-0.13074079,-0.09132757,-0.12832497,-0.12809059,-0.14691222,-0.14900008,-0.097798154,-0.08910369,-0.1235152,-0.1108401,-0.13609782,-0.14800517,-0.16612473,-0.14086187,-0.116116464,-0.16932973,-0.14898063,-0.1402471,-0.12483554,-0.13940462,-0.17466888,5.288793,-0.13099283,-0.14331415,-0.12238042,-0.08722703,-0.05825615,-0.14114761,-0.17082691,-0.026243303,-0.16225168,7.017031,8.236096,-0.19224598,-0.14339828,-0.14331596,-0.14862512,-0.12963767,1.2103099,-0.1887253,-0.18318745,-0.09608945,-0.10993275,-0.10702289,-0.0955979,-0.12759323,-0.14964086,-0.15746465,-0.16337736,-0.12812386,-0.0969081,-0.16398169,-0.14123005,-0.11335766,-0.18846886,-0.1706479,-0.1509992,-0.12505184,6.882277,-0.11306745,7.16872,-0.1713292,-0.13684991,-0.1330711,-0.096878245,-0.12076599,-0.093544364,-0.12434345,-0.13390398,-0.063823454,-0.13877153,-0.11419349,-0.13231117,-0.24483351,-0.2571875,-0.29957527,-0.14401627,-0.15370761,-0.1312184,-0.19104545,-0.0782174,-0.16864112,-0.16029641,-0.09859173,-0.11065883,-0.11421761,-0.076612435,-0.083404,-0.1213824,-0.13072303,-0.13855581,-0.19385117,-0.10070867,-0.15256876,-0.19487974,-0.1855947,-0.181528,-0.111616544,-0.14078525,-0.10420699,-0.15628365,-0.18860522,-0.1684024,-0.16418627,-0.1407727,-0.14060731,-0.10282693,-0.1501967,-0.15806171,-0.17599082,-0.18889493,-0.12090568,-0.1449283,-0.113685206,-0.08276807,-0.14089862,5.2685165,-0.15755683,-0.125103,-0.15657571,-0.15690626,-0.14140734,-0.19202894,-0.15890889,-0.17685974,-0.2963242,-0.19322926,-0.17608607,-0.1674174,-0.18772031,-0.15417385,4.095195,-0.12922099,6.710014,-0.13621932,-0.15933195,6.9728413,-0.16292326,-0.1762393,-0.1871413,-0.11441202,-0.14750841,-0.13869917,-0.17325762,-0.16316456,-0.16071075,-0.14331086,5.6540604,-0.12746243,-0.15003295,-0.13572998,6.654297,-0.17483601,-0.10434598,-0.1335563,-0.1401849,-0.17011577,-0.1105995,-0.1330755,-0.14899753,-0.1568107,-0.177161,-0.15128177,-0.14666036,-0.19184028,-0.1709049,-0.1604499,-0.14723541,-0.14623587,-0.11499533,-0.10471026,-0.1333858,-0.20148799,-0.17243521,-0.12513243,-0.16131155,-0.18041904,-0.18738703,-0.11705899,-0.17204478,-0.25042284,-0.09437242,-0.094060436,-0.11485306,-0.13453886,-0.1455051,-0.0998162,-0.18304223
k__Bacteria|p__Firmicutes|c__Bacilli|o__Lactobacillales|f__Streptococcaceae|g__Streptococcus|s__Streptococcus_lutetiensis,-0.1004395,-0.12316422,-0.1393878,-0.20428483,-0.16323626,-0.18836145,-0.1666669,-0.14264995,-0.12368011,-0.17880872,-0.17860843,-0.21797639,-0.1658023,-0.19838364,-0.103264295,-0.09957841,-0.058144663,-0.09987484,-0.107461855,-0.16694339,-0.1978925,-0.12536043,-0.13445266,-0.1495607,-0.16764049,-0.11658599,-0.1637265,-0.16990006,8.245132,8.607853,-0.13327849,-0.10553831,-0.14566153,-0.19040686,-0.18421042,7.682406,-0.1575508,7.523002,-0.19176169,5.896846,8.07973,-0.1926142,-0.107033,-0.09162698,-0.13691942,-0.15200906,8.128308,-0.18865165,-0.14405744,-0.2026537,-0.1791031,-0.18279888,-0.19171207,-0.1928685,-0.19740227,-0.15473507,-0.12445398,-0.14151934,-0.09291871,-0.09610389,-0.16732447,-0.14026833,-0.13743341,-0.14446664,-0.12719077,-0.14852703,-0.2613474,-0.22333384,-0.18386139,-0.20047067,-0.14331043,-0.14665034,-0.12911963,-0.1404661,-0.14807281,-0.16064826,-0.1439434,-0.16278498,-0.15620512,-0.14998752,-0.14467444,-0.15395446,-0.1503925,6.8024178,-0.120334074,-0.13931908,-0.11744191,-0.15768425,-0.16996452,-0.15265666,-0.16412622,-0.11139822,-0.1388583,-0.13027036,-0.12720163,-0.15152657,-0.1402953,-0.11487299,-0.10065024,-0.09119668,-0.105357245,-0.1195353,-0.13317029,-0.15027548,-0.15708408,-0.1185138,-0.11129953,2.762676,8.770685,-0.13203567,-0.16033849,-0.25953975,-0.14608586,-0.13088863,-0.13940033,-0.15095688,-0.17780018,-0.16018389,-0.22917573,-0.09015879,-0.109714925,-0.13290197,-0.1281688,-0.13997786,-0.16966283,-0.13908121,-0.16057305,-0.12777606,-0.07092635,-0.03704006,-0.13513237,-0.1586816,-0.17457557,-0.14332479,-0.12334781,-0.13390008,-0.12023825,-0.13619885,-0.25318068,-0.26654312,-0.08465998,-0.10945694,-0.1421316,-0.09238048,-0.18278903,-0.18517503,-0.15004241,-0.091045186,7.3317156,-0.14685595,-0.1475909,-0.15574591,-0.16667387,-0.17916965,-0.08880409,-0.12270974,-0.138994,-0.10256614,-0.17951453,-0.19495486,-0.18620771,-0.10030261,-0.13113372,-0.08095534,-0.12640056,-0.19006202,-0.18813005,-0.18658353,-0.122351706,-0.077104256,-0.09756228,-0.11762577,-0.13459976,-0.12406494,7.6969295,-0.09507508,-0.09708148,-0.10820698,-0.082459606,-0.11232838,-0.13062376,-0.1634557,-0.1410757,-0.13439652,-0.18093297,-0.17825818,-0.18896124,-0.14233388,5.7385087,-0.13363954,-0.119081676,-0.14001076,-0.19117098,-0.18608992,-0.17685252,-0.19755594,-0.25103784,-0.20219928,-0.18501207,-0.18594638,-0.1778945,-0.16968939,-0.27554205,-0.08916744,-0.11956477,-0.12634313,-0.15751183,6.997304,7.695865,6.189935,5.756508,-0.14999905,6.639209,-0.17325558,4.1082053,7.0341253,5.185243,-0.114121355,-0.1377487,-0.15388772,-0.15788373,-0.22984435,-0.18186735,-0.24723049,-0.104335696,5.5125756,-0.13643622,-0.12292827,5.3476214,-0.15211764,-0.1532045,-0.14014931,-0.15141064,-0.15965566,-0.15228614,-0.15063171,-0.15023507,-0.13216418,-0.1218735,-0.14376965,-0.18512946,-0.17271449,-0.21025829,-0.3990198,-0.19672787,-0.11286914,-0.1296617,-0.11765267,-0.14532089,-0.16636807,-0.18181288,-0.18652038,-0.12995917,-0.07827,-0.15023154,-0.13762382,-0.14106366,-0.11716901,-0.19987361,6.285598,-0.15544128,-0.1393097,-0.12245263,-0.12722544,-0.14610182,-0.2588673,-0.107038066,-0.13074079,-0.09132757,-0.12832497,-0.12762094,-0.14706536,-0.14906654,-0.09673329,-0.08910369,-0.123100005,-0.110105634,-0.1358314,-0.14801717,-0.1665416,-0.14064988,-0.11558288,-0.16982146,-0.1490325,-0.14008954,-0.124156296,-0.13953352,6.355893,6.813767,-0.13057041,-0.14338881,-0.1218881,6.2776313,-0.05825615,-0.14119455,-0.17082691,-0.026243303,-0.1630172,-0.2829064,-0.31316653,-0.19273491,-0.14323342,-0.14331596,-0.14862512,-0.12963767,-0.25088155,-0.18869904,-0.18367566,-0.09514226,-0.10901187,-0.10702289,-0.09440385,-0.12759323,-0.1500632,-0.15746465,-0.16343558,-0.12812386,-0.0969081,-0.16398169,-0.141354,-0.11335766,-0.18846886,-0.1706479,-0.15100819,-0.12455957,6.035903,-0.11238827,-0.11662802,-0.17187889,-0.13646233,-0.13266537,6.0232053,-0.12013303,-0.092399895,9.272442,-0.13399784,-0.063823454,-0.13877153,-0.11419349,-0.13197912,-0.24483351,-0.2571875,1.4927132,-0.14371046,-0.15366805,-0.13051766,-0.19104545,-0.0782174,-0.16838676,-0.16082159,-0.09859173,-0.11065883,-0.11403978,-0.076612435,-0.083404,-0.1213824,-0.13072303,-0.13855581,-0.19385117,-0.09939039,-0.15262079,-0.19487974,-0.18593694,-0.18209696,-0.11076605,-0.14075924,-0.103074774,-0.1560488,-0.18879038,-0.16881509,-0.16493917,-0.1405266,-0.14030062,-0.10181139,-0.15031618,-0.1582047,-0.1763782,-0.18948975,-0.12019671,-0.14485505,-0.11317657,-0.08138171,-0.14064373,5.8962245,-0.1574994,-0.125103,-0.15657571,5.478605,-0.14131269,6.8543367,-0.15914907,-0.17748523,-0.2963242,-0.19233856,-0.17652112,-0.16759421,-0.18762916,-0.15437329,9.046205,-0.12874924,-0.12557748,-0.13632229,-0.15962729,-0.30584824,-0.16309938,-0.17668924,-0.18750203,-0.11441202,-0.14784002,-0.1383968,-0.17363332,-0.1632565,-0.16103846,-0.14331086,8.624266,-0.12684186,-0.15041305,-0.13540325,5.667143,-0.17504194,-0.103196755,-0.13340467,-0.13972068,-0.1703683,-0.109893106,-0.13274862,-0.14920944,-0.1566827,-0.17720899,-0.15125863,-0.14649443,-0.19184028,-0.1712194,-0.16071914,6.245827,-0.14623587,-0.11499533,-0.10471026,-0.13313758,-0.20148799,-0.17282847,-0.12513243,-0.16210577,-0.18041904,-0.18738703,-0.11705899,-0.17235272,-0.25010374,-0.093221985,-0.09292778,-0.11408738,-0.13411905,-0.14540392,-0.098744586,-0.1837994
k__Bacteria|p__Firmicutes|c__Clostridia|o__Eubacteriales|f__Lachnospiraceae|g__Anaerostipes|s__Anaerostipes_caccae,-0.1004395,-0.12316422,-0.13921371,-0.20428483,-0.1635672,-0.18909149,4.847532,-0.14320648,-0.12404226,-0.18022287,-0.17891254,-0.21487004,-0.16689259,-0.19719326,-0.10318838,-0.09901696,-0.058144663,-0.10002661,-0.10749026,-0.16759329,1.787254,-0.12536043,-0.13509527,-0.15046754,-0.16825035,-0.11658599,-0.16458538,-0.17092206,-0.1509206,-0.12124001,-0.13359728,-0.10537402,-0.14602508,-0.19086567,-0.18501894,4.686989,-0.15764874,3.5289168,-0.19165598,2.3321402,-0.29210672,-0.19297808,-0.10710135,-0.09162698,-0.13691942,-0.15222101,3.8045871,-0.18904927,-0.14479998,-0.2026537,-0.17980021,-0.18279888,-0.19207858,-0.19295418,-0.1969038,-0.1558646,-0.12474018,-0.14188743,-0.09315025,-0.096129455,-0.16824856,-0.140879,2.9285452,-0.14486922,-0.12719077,-0.14892522,-0.2613474,5.227142,-0.18457505,1.0352362,-0.1439596,-0.1472803,-0.12934525,-0.14082015,-0.14908224,-0.16159052,-0.1449205,-0.16278498,-0.15650173,-0.14998752,-0.14532426,-0.15427904,-0.15105712,5.2991986,-0.120334074,-0.13966882,-0.11757891,-0.15857035,-0.1708668,-0.1528892,-0.16500881,-0.11139822,2.0801368,-0.13027036,-0.12778346,-0.15152657,-0.14107841,-0.11535759,-0.10065024,-0.091084704,-0.10550761,-0.1197332,-0.13348648,-0.15027548,-0.15789793,-0.1185138,-0.11129953,-0.1578567,-0.17738779,-0.13250032,-0.1604769,-0.25953975,-0.14647925,-0.13105905,-0.1395547,1.9490948,2.8622658,-0.16012028,-0.22917573,-0.09015879,-0.10981307,-0.13315213,-0.12850979,3.2521734,-0.17003034,1.6198608,-0.16057305,-0.12777606,-0.07092635,-0.03704006,-0.13513,-0.15945926,-0.17535642,-0.14332479,-0.12334781,-0.13423261,-0.12023825,-0.13672298,-0.25318068,-0.26654312,-0.08473226,-0.10945694,-0.14282605,-0.09238048,-0.1835055,-0.18569915,-0.1504871,-0.09106419,-0.13230102,-0.14723587,-0.1479902,-0.15636298,-0.16736363,-0.18040498,-0.08857088,-0.12283132,-0.13904026,-0.10256614,-0.17951453,-0.19495486,-0.1871254,-0.1005259,-0.13113372,-0.08061549,-0.12657782,-0.19006202,-0.18900663,-0.18720585,-0.12274656,-0.077032655,-0.09754187,-0.11758604,-0.13492244,-0.12406494,-0.121451,-0.09501313,-0.09686403,-0.108260274,-0.082459606,-0.112450704,-0.13102734,-0.16418621,-0.1410757,-0.13466525,-0.18093297,-0.17825818,-0.18935677,-0.14250687,-0.15549555,-0.13401291,-0.119081676,-0.14001076,-0.19117098,-0.18637308,-0.1774541,6.175254,-0.25103784,-0.20219928,-0.18597928,-0.18646806,-0.17863166,-0.16986373,-0.27554205,-0.08916744,-0.11956477,-0.12651259,-0.15751183,-0.20931396,-0.18224281,-0.29657933,-0.32474133,-0.14790043,-0.3242122,4.6065173,-0.17108874,3.9834113,-0.17647925,-0.114121355,-0.13797432,4.8387604,6.5314603,4.9949183,3.2302501,-0.24585831,-0.10440649,-0.12455491,-0.13692641,-0.123408765,-0.15189947,-0.1528508,-0.15412623,-0.14014931,-0.15141064,-0.1606631,-0.15272002,-0.15128024,-0.15039295,-0.13242301,-0.12233128,-0.14440995,-0.1865013,-0.17326638,-0.21025829,-0.3990198,-0.19594993,-0.113046646,-0.1296617,-0.11780514,-0.14593767,-0.16636807,-0.18291369,-0.18726838,-0.13004166,-0.07842395,-0.15083522,-0.13800544,4.6187034,-0.11752331,5.856859,-0.1649412,-0.15567148,-0.13933273,-0.12265472,-0.12722544,-0.14610182,6.5179315,-0.106981345,-0.13074079,-0.09132757,-0.12832497,-0.12834033,-0.14753012,-0.14995444,-0.0968261,-0.08910369,-0.123334914,-0.110145,-0.13611448,-0.14847983,-0.16724056,-0.14112127,-0.115966424,-0.17034018,-0.14959538,-0.1406318,-0.12418936,-0.14050797,-0.17466888,-0.13176009,-0.13101655,-0.14373976,-0.1221858,-0.08722703,-0.05825615,-0.14148784,4.5897923,-0.026243303,-0.16223572,3.047406,0.5923692,-0.19273996,-0.14370546,-0.14331596,3.2832654,2.2015064,2.3432841,-0.18931638,-0.18460491,-0.0952932,-0.10922703,6.3170924,-0.09474218,1.7937268,-0.15035447,2.9699879,-0.16403252,-0.12812386,-0.0969081,-0.16398169,-0.1421102,-0.11335766,-0.18846886,-0.1706479,-0.15145573,-0.124972425,2.1720686,-0.11259895,3.2659247,-0.17273863,-0.13693208,-0.13303357,-0.096878245,-0.12016459,-0.092582606,-0.12434345,-0.134662,-0.063823454,-0.13877153,-0.11419349,-0.1320764,-0.24483351,-0.2571875,-0.29957527,-0.14405313,-0.15424445,-0.13095719,-0.19104545,-0.0782174,-0.16893575,-0.16142231,-0.09859173,-0.11065883,-0.114491105,-0.076612435,-0.083404,-0.1213824,-0.13072303,-0.13855581,-0.19385117,-0.09950961,-0.15298843,4.154997,-0.18675998,-0.18281165,-0.11104269,-0.14102499,-0.10356701,-0.15698354,-0.18948475,-0.16964543,-0.16543317,-0.14086455,-0.14058568,-0.101508215,-0.15077135,-0.15872575,-0.17694247,-0.18998238,-0.12057261,-0.14534038,-0.11342627,-0.08158928,-0.14070787,-0.20725825,-0.15811068,-0.125103,-0.15657571,-0.15690626,-0.14144987,-0.19202894,-0.15970579,-0.17856765,-0.2963242,-0.19113567,-0.17694467,-0.16786143,-0.1880011,-0.15450132,2.620315,-0.12900637,-0.12557748,-0.13646442,-0.15967698,-0.30584824,-0.16358428,-0.17760172,-0.188227,-0.11441202,-0.14833441,-0.13863544,-0.17424902,-0.16392356,-0.16177723,-0.14331086,-0.18237996,-0.12694736,-0.15067746,-0.13526495,3.0774775,-0.17534116,-0.10339396,-0.13352358,-0.14045644,-0.17103966,-0.110112555,-0.13302463,-0.15027839,-0.15724374,-0.17779186,-0.15216094,-0.14697787,-0.19184028,-0.17172185,-0.16183284,-0.14723541,-0.14623587,-0.11499533,-0.10471026,-0.13338259,-0.20148799,-0.1737364,-0.12513243,-0.16205534,-0.18041904,-0.18738703,-0.11705899,-0.17394541,-0.25031155,-0.093146056,-0.09301865,-0.1140352,-0.13448921,-0.14578483,-0.09873714,-0.18467015
k__Bacteria|p__Firmicutes|c__Clostridia|o__Eubacteriales|f__Lachnospiraceae|g__Tyzzerella|s__Tyzzerella_nexilis,-0.1004395,-0.12316422,-0.14053601,-0.20428483,-0.16406947,-0.18965697,2.047381,-0.14392744,-0.124574356,-0.18028353,-0.17969297,-0.22512963,-0.16668305,-0.20206043,-0.104359776,-0.1010284,-0.058144663,-0.101277046,-0.10850546,-0.1681243,-0.1978925,-0.12536043,-0.13555193,-0.15077871,-0.16895285,6.311702,-0.16463664,-0.17117807,-0.1509206,-0.12124001,-0.13425675,-0.10665111,-0.14681126,-0.19212231,-0.1857049,-0.2175087,-0.15817297,-0.22338755,-0.1931496,4.6412168,5.190332,-0.1946568,-0.108187556,-0.09162698,-0.13691942,-0.15307292,-0.23188588,-0.1897558,-0.14519764,-0.2026537,-0.17945448,-0.18279888,-0.19362542,-0.19530982,-0.2011882,-0.15617543,-0.12565146,-0.14275828,-0.093915306,-0.09725214,-0.1685304,-0.14136463,2.6654775,-0.14562023,-0.12719077,-0.14949214,-0.2613474,-0.22333384,-0.18497398,-0.20047067,-0.14460665,-0.14777905,-0.13043885,-0.14184594,-0.14959538,-0.16194993,-0.14495488,-0.16278498,-0.15704605,-0.14998752,-0.145709,-0.15511149,-0.15153721,6.458069,-0.120334074,-0.14045468,-0.11857435,-0.15893346,-0.17125186,-0.1537272,-0.1652526,6.33965,-0.1388583,-0.13027036,-0.12829971,-0.15152657,-0.14105037,-0.115922965,-0.10065024,-0.09230753,-0.10657619,-0.12077001,-0.13434641,5.22983,-0.15823314,-0.1185138,-0.11129953,-0.1578567,-0.17738779,-0.13355064,-0.16150077,6.4617624,-0.14713283,-0.13199228,-0.14078864,-0.15095688,-0.17780018,-0.16104656,6.6835103,-0.09015879,-0.11062021,-0.13405395,-0.12945373,-0.13997786,-0.17076293,6.4441195,-0.16057305,-0.12777606,-0.07092635,-0.03704006,-0.13622066,-0.15988895,-0.17576155,-0.14332479,-0.12334781,-0.13483375,-0.12023825,-0.13755333,-0.25318068,-0.26654312,-0.08571784,-0.10945694,-0.1435013,3.291565,-0.1839565,-0.1865666,-0.15121102,-0.09210591,-0.13230102,-0.14794162,-0.14877537,-0.15702298,-0.1678561,-0.18055518,-0.08982295,-0.12396254,-0.14037901,-0.10256614,-0.17951453,-0.19495486,-0.1877133,-0.10142939,-0.13113372,-0.082729615,-0.12769231,-0.19006202,-0.18954307,-0.18793416,-0.12349879,-0.07798188,-0.09875585,-0.11887691,-0.1358276,-0.12406494,-0.121451,-0.09628994,-0.098225,-0.10939178,-0.082459606,-0.11359984,-0.13176367,-0.1647115,-0.1410757,-0.13535607,-0.18093297,-0.17825818,-0.19043534,-0.14351265,-0.15549555,-0.1349127,-0.119081676,-0.14001076,-0.19117098,-0.18751681,-0.17807838,-0.19755594,-0.25103784,-0.20219928,-0.18582734,-0.18704198,-0.17917198,-0.17088595,6.3521833,-0.08916744,-0.11956477,-0.12723356,-0.15751183,-0.20931396,-0.18224281,-0.29657933,7.436488,-0.15020053,3.7101061,-0.17325558,5.7173767,5.283823,3.6937082,-0.114121355,-0.13871703,-0.15388772,-0.15788373,-0.22984435,-0.18186735,-0.2515655,-0.10548932,-0.12455491,-0.13754387,-0.12405135,-0.15189947,-0.15334043,-0.15438311,-0.14014931,-0.15141064,-0.1609413,-0.15326248,-0.15181543,-0.15137058,-0.1334053,-0.12290473,-0.14475918,-0.1867126,-0.1739489,-0.21025829,2.6445916,-0.1995751,-0.11400889,-0.1296617,-0.11908135,-0.14648877,-0.16636807,-0.18313447,-0.18772042,-0.13094053,-0.07929963,-0.15153436,-0.13868226,-0.14106366,-0.118207455,7.0109806,-0.1649412,-0.1562185,-0.1405657,-0.12361826,-0.12722544,-0.14610182,6.9872622,-0.10815196,-0.13074079,-0.09132757,-0.12832497,-0.12884349,-0.14800265,-0.15024015,-0.09787191,-0.08910369,-0.124345206,-0.1112048,-0.13700701,-0.1490917,-0.16789612,-0.14175445,-0.116455704,-0.17111051,-0.1501002,-0.1413146,-0.12529173,-0.14063308,-0.17466888,-0.13176009,-0.13170129,-0.14456111,-0.12306322,-0.08722703,-0.05825615,-0.14231649,-0.17082691,-0.026243303,-0.16385135,-0.2829064,-0.31316653,-0.19485049,-0.14438811,-0.14331596,-0.14862512,-0.12963767,-0.25088155,-0.1901018,-0.18497023,-0.096152574,-0.11019074,-0.10702289,-0.09599439,-0.12759323,-0.15110697,-0.15746465,-0.16465813,-0.12812386,-0.0969081,-0.16398169,-0.14261314,-0.11335766,4.7606263,1.0230061,-0.15204674,-0.12565686,0.9669479,-0.113689974,2.4955049,-0.17314759,-0.13766098,-0.13393237,-0.096878245,-0.12144114,-0.09355788,-0.12434345,-0.13494617,-0.063823454,-0.13877153,-0.11419349,-0.13314132,-0.24483351,-0.2571875,-0.29957527,-0.14494492,-0.15493351,-0.13178045,-0.19104545,-0.0782174,-0.16974938,-0.16207783,-0.09859173,-0.11065883,-0.114921145,-0.076612435,-0.083404,-0.1213824,-0.13072303,-0.13855581,-0.19385117,-0.10064152,-0.1537116,5.1988754,-0.1870699,-0.18348266,-0.11182627,-0.14183182,-0.10413548,-0.15739337,-0.19025315,-0.1705919,-0.16599119,-0.14165251,-0.14153886,-0.10288562,-0.15158455,-0.15932015,-0.17753962,-0.19097547,-0.12132268,-0.14607325,-0.114087835,-0.08246536,-0.14205375,-0.20725825,-0.15847261,-0.125103,2.169539,-0.15690626,-0.1423413,-0.19202894,-0.16013019,-0.17871092,-0.2963242,-0.19367138,-0.17790772,-0.16877848,-0.18913846,-0.15558013,-0.14054683,-0.12989584,-0.12557748,-0.13740492,-0.16088843,-0.30584824,-0.1640222,-0.17803362,-0.18860441,-0.11441202,-0.14908478,-0.13948499,-0.17484176,-0.16442591,-0.162212,-0.14331086,-0.18237996,-0.12777852,-0.15167505,-0.13685706,6.071018,-0.17586717,-0.10435642,-0.13434537,-0.14100683,-0.17166027,-0.11086088,-0.13382083,-0.15043092,-0.15799919,-0.17824778,-0.15269339,-0.14772253,4.205477,-0.17220843,-0.1618847,-0.14723541,-0.14623587,-0.11499533,-0.10471026,-0.1344285,-0.20148799,-0.17392856,-0.12513243,-0.16300386,-0.18041904,-0.18738703,-0.11705899,-0.17385368,-0.2523771,-0.0943133,-0.09403457,-0.11515263,-0.1354242,-0.14673838,-0.09982773,-0.18507816
k__Bacteria|p__Firmicutes|c__Clostridia|o__Eubacteriales|f__Peptostreptococcaceae|g__Clostridioides|s__Clostridioides_difficile,-0.1004395,-0.12316422,-0.14010623,4.8940053,-0.16310656,-0.1874347,-0.1666669,-0.14264047,-0.124487504,-0.17814466,-0.1787231,-0.21945396,-0.16608384,-0.19893298,-0.1040701,-0.10081318,-0.058144663,-0.100601174,-0.1083941,-0.16639414,-0.1978925,-0.12536043,-0.13445538,-0.14899647,-0.16713655,-0.11658599,-0.16337399,-0.16904491,-0.1509206,-0.12124001,-0.13352193,-0.106771246,-0.14583993,-0.1899504,-0.18340918,-0.2175087,-0.15752563,-0.22338755,-0.19143836,-0.29867563,-0.29210672,-0.19203801,-0.10774118,-0.09162698,-0.13691942,-0.15213697,4.4944987,-0.18794277,-0.14407009,-0.2026537,-0.1787429,-0.18279888,-0.19141644,-0.19264191,-0.1971967,-0.15418378,-0.12479328,-0.14146891,-0.09354526,-0.097052105,-0.16670008,-0.13980298,-0.13743341,-0.14441475,-0.12719077,-0.1486516,-0.2613474,2.310265,-0.18318453,-0.20047067,-0.14301202,-0.14648822,-0.12955588,-0.14061409,-0.147348,-0.15976161,-0.14326876,-0.16278498,-0.15622419,3.1513345,-0.1445815,-0.15399367,-0.15009761,-0.22480208,-0.120334074,-0.13945583,-0.11809556,-0.15700036,-0.16923739,-0.15270129,-0.16344224,-0.11139822,-0.1388583,-0.13027036,-0.12737557,-0.15152657,-0.14030802,-0.115272075,2.618922,-0.09253068,-0.106138945,-0.119977,-0.13336891,4.591899,-0.15661126,-0.1185138,-0.11129953,-0.1578567,-0.17738779,-0.13189562,-0.16053776,0.5921797,-0.14613238,-0.13154308,-0.13975203,-0.15095688,-0.17780018,-0.16030276,-0.22917573,-0.09015879,-0.110559404,-0.13320707,-0.12852146,-0.13997786,-0.16943856,-0.13908121,2.8946493,-0.12777606,-0.07092635,4.370135,-0.13566148,-0.1582641,-0.17379275,-0.14332479,-0.12334781,-0.13426319,-0.12023825,-0.13632944,3.3457694,5.8771415,-0.08578399,-0.10945694,-0.14186774,-0.09238048,-0.18230744,-0.18472321,-0.15040383,-0.0921192,-0.13230102,-0.1469592,-0.14767176,-0.1555157,-0.16624087,-0.17780674,-0.09002874,-0.12297198,-0.13916457,3.5430431,1.2053902,1.9754303,-0.18504032,-0.101098865,-0.13113372,-0.08239244,-0.12701452,-0.19006202,-0.18734658,-0.18582782,-0.122341365,-0.078363284,-0.098456606,-0.118444264,-0.13490912,-0.12406494,-0.121451,-0.09605083,-0.098273896,-0.10905121,-0.082459606,-0.11309777,-0.13089046,-0.16281247,-0.1410757,-0.13486984,2.5227628,-0.17825818,-0.18841559,-0.14251935,0.7018142,-0.133689,-0.119081676,-0.14001076,-0.19117098,-0.18568751,-0.1764715,3.3869562,-0.25103784,-0.20219928,-0.18444668,-0.18556394,-0.17757839,-0.16983297,1.3827124,-0.08916744,-0.11956477,-0.12716916,-0.15751183,-0.20931396,-0.18224281,-0.29657933,-0.32474133,-0.15184084,1.6430295,-0.17325558,-0.17108874,-0.2185038,-0.17647925,4.9266267,-0.13823684,-0.15388772,-0.15788373,3.688288,3.1072843,-0.24841198,-0.10516849,-0.12455491,-0.13668121,-0.123337954,-0.15189947,-0.15155342,-0.1525568,-0.14014931,-0.15141064,-0.15887031,-0.15214524,-0.15031931,-0.15032145,-0.13267265,-0.1223247,-0.14403036,-0.18416801,-0.17243585,-0.21025829,-0.3990198,-0.1977784,-0.11355466,-0.1296617,-0.118224576,-0.14536309,2.1655648,-0.1807326,-0.1858133,-0.13044009,-0.07953338,-0.14984739,-0.13789067,2.7430754,-0.117418215,3.1201134,1.1091127,-0.1555598,-0.13965693,-0.12303993,1.3533204,3.7899296,5.001335,-0.10792381,-0.13074079,-0.09132757,-0.12832497,-0.12777305,-0.147066,-0.14852983,-0.09760727,-0.08910369,-0.123538844,-0.11096969,-0.13615856,-0.1480553,-0.16588354,-0.14062019,-0.11628269,-0.16932909,-0.14904416,-0.14010537,-0.12476599,-0.13915342,-0.17466888,-0.13176009,-0.13077115,-0.14334789,-0.12219289,-0.08722703,-0.05825615,-0.14117259,1.915092,-0.026243303,-0.16340023,0.9788274,3.746759,-0.19254078,-0.14318237,-0.14331596,2.7504883,4.76252,2.94001,-0.187869,-0.18261836,-0.096045464,-0.10960354,-0.10702289,-0.09497945,-0.12759323,-0.15014449,-0.15746465,-0.1630545,-0.12812386,-0.0969081,-0.16398169,-0.14097852,-0.11335766,4.4400005,-0.1706479,-0.15091467,-0.12467574,-0.115196005,-0.11297553,-0.11662802,-0.17110108,-0.13647342,-0.1327399,-0.096878245,-0.120761506,-0.09338121,-0.12434345,-0.1339868,-0.063823454,-0.13877153,-0.11419349,-0.13234524,-0.24483351,-0.2571875,2.7419724,-0.14374438,-0.15345365,-0.13076007,2.7544577,-0.0782174,-0.16784325,-0.16044073,-0.09859173,-0.11065883,-0.11429733,-0.076612435,-0.083404,1.763786,-0.13072303,-0.13855581,-0.19385117,-0.0999742,-0.15247557,-0.19487974,-0.18539295,-0.18139805,-0.111418754,-0.14092284,-0.10358976,-0.15527743,-0.18826088,-0.16795285,-0.16472189,-0.14062802,-0.14037547,-0.10314825,-0.15032731,-0.15806502,-0.17615245,-0.18894973,-0.12054621,-0.14461422,-0.113909364,-0.082671046,-0.14085048,-0.20725825,-0.15710732,-0.125103,2.8820074,-0.15690626,-0.14161465,-0.19202894,-0.15884458,-0.17639141,3.184033,-0.19342941,-0.17662615,-0.16796622,-0.18750745,-0.154594,-0.14054683,-0.129104,-0.12557748,-0.13652569,-0.1600223,5.34515,-0.16276541,-0.17584325,-0.18698224,-0.11441202,-0.14771958,-0.13879466,-0.17315455,-0.16274503,-0.16056457,2.8201962,-0.18237996,-0.12748782,-0.15053414,-0.13589105,-0.24156228,-0.17497393,-0.10402733,-0.13383631,-0.13954753,-0.16959041,-0.11071408,-0.13306724,-0.14846842,-0.1563295,-0.17700598,-0.15064603,-0.1462847,-0.19184028,-0.17069787,-0.15979826,-0.14723541,-0.14623587,-0.11499533,-0.10471026,-0.13352785,-0.20148799,-0.17191094,-0.12513243,-0.16259262,-0.18041904,-0.18738703,-0.11705899,-0.17065243,-0.24972644,-0.094264485,-0.093951054,-0.1149032,-0.13435417,-0.14543155,-0.09988488,-0.18269452
k__Bacteria|p__Firmicutes|c__Clostridia|o__Eubacteriales|f__Clostridiaceae|g__Clostridium|s__Clostridium_SGB6179,-0.1004395,-0.12316422,-0.13910481,5.045253,-0.16215816,-0.18786597,-0.1666669,-0.14258702,-0.123421066,-0.17835753,-0.17758948,-0.22481856,-0.16479006,-0.2006244,-0.10398039,-0.10054751,-0.058144663,-0.10083632,-0.10769163,-0.1664673,2.4185228,-0.12536043,-0.1343795,-0.1495339,-0.16740935,-0.11658599,-0.1629736,-0.16961399,-0.1509206,-0.12124001,-0.1331012,-0.10614307,-0.14547493,-0.19042097,-0.18425152,-0.2175087,-0.155985,-0.22338755,-0.19090474,-0.29867563,2.0322816,-0.19339058,-0.10767484,-0.09162698,-0.13691942,-0.15138978,2.133346,-0.18765971,-0.14415699,-0.2026537,-0.17670101,-0.18279888,-0.19169068,-0.19371639,-0.20051983,-0.15466613,-0.1248298,-0.14167058,-0.0935318,-0.096794516,-0.16702837,-0.14027272,-0.13743341,-0.14433464,-0.12719077,-0.14779836,-0.2613474,-0.22333384,-0.18285914,-0.20047067,-0.14352411,-0.14650542,-0.12961729,-0.14073794,-0.1487261,-0.16049162,-0.14383933,2.4717324,-0.1550831,-0.14998752,-0.14439753,-0.15355533,-0.15022457,-0.22480208,-0.120334074,-0.13921155,-0.117660336,-0.15759635,-0.16960405,-0.15211833,-0.16373317,-0.11139822,-0.1388583,1.319186,-0.12743023,-0.15152657,-0.13982405,-0.115066856,-0.10065024,-0.09193213,-0.10613264,-0.12006837,-0.13336504,-0.15027548,-0.15689908,-0.1185138,-0.11129953,6.036596,3.8631785,-0.13255447,-0.15979214,-0.25953975,-0.14563781,-0.13087526,-0.1396465,-0.15095688,-0.17780018,-0.15908803,-0.22917573,-0.09015879,-0.10956898,-0.13294719,-0.12857333,-0.13997786,-0.16897072,-0.13908121,-0.16057305,-0.12777606,-0.07092635,-0.03704006,-0.13491732,-0.1586609,-0.17395046,-0.14332479,-0.12334781,-0.13360095,-0.12023825,-0.13672943,5.245323,1.7478806,-0.08561659,-0.10945694,-0.14272326,-0.09238048,-0.18203077,-0.18484089,-0.15002412,-0.091836795,-0.13230102,-0.14649093,-0.14740115,-0.15559739,-0.166296,-0.179286,-0.089573294,-0.12296866,-0.13910615,-0.10256614,1.0749428,3.01302,-0.18612479,-0.101021215,4.557439,-0.083017744,-0.12682557,-0.19006202,-0.18789977,-0.18614806,-0.12261863,-0.07796086,-0.09840847,-0.11804402,-0.13479471,-0.12406494,-0.121451,-0.09596455,-0.097782,-0.10892538,-0.082459606,-0.11302645,-0.130941,-0.1632437,-0.1410757,-0.13399552,-0.18093297,4.336712,-0.18865849,-0.14246249,-0.15549555,-0.13394712,-0.119081676,-0.14001076,-0.19117098,-0.18559043,-0.17613092,-0.19755594,-0.25103784,-0.20219928,-0.18384488,-0.18498969,-0.17741087,-0.16917393,2.954355,-0.08916744,-0.11956477,-0.12611231,-0.15751183,-0.20931396,-0.18224281,-0.29657933,-0.32474133,-0.1471644,3.1170228,-0.17325558,-0.17108874,-0.2185038,-0.17647925,5.5174055,-0.13735,-0.15388772,-0.15788373,-0.22984435,-0.18186735,-0.24997745,-0.10497491,-0.12455491,-0.13641682,-0.12328637,-0.15189947,-0.15227646,-0.15326135,-0.14014931,-0.15141064,-0.15967971,-0.15166357,-0.15051994,-0.14995319,-0.13247018,-0.122002445,-0.14325175,-0.18506691,-0.17228353,1.520339,0.88630503,-0.19804901,-0.11327643,-0.1296617,-0.11842267,-0.1452465,5.2144723,-0.18142283,-0.18586808,-0.12968807,-0.079514444,-0.15041083,-0.13761622,1.2149991,-0.11704581,1.0646912,-0.1649412,-0.15435281,-0.13944851,-0.122768946,-0.12722544,-0.14610182,-0.2588673,-0.10747795,-0.13074079,-0.09132757,-0.12832497,-0.1280722,-0.14667721,-0.14910646,-0.0975296,-0.08910369,-0.12359235,-0.110601336,-0.13582823,-0.14781684,-0.16649356,-0.14058143,-0.11558861,-0.16930063,-0.14880797,-0.14019796,-0.12445859,-0.13936213,-0.17466888,-0.13176009,-0.13082229,-0.14329249,-0.12241538,-0.08722703,-0.05825615,-0.14107405,-0.17082691,-0.026243303,-0.16150758,-0.2829064,2.6026826,-0.19350159,-0.14312238,-0.14331596,-0.14862512,-0.12963767,3.5889227,-0.18833691,-0.18333493,-0.09592986,-0.10954231,-0.10702289,-0.096171685,-0.12759323,-0.1495685,-0.15746465,-0.1629203,-0.12812386,3.7424643,2.9854803,-0.14164066,4.0588746,-0.18846886,3.2136478,-0.15055138,-0.12487011,0.6873413,-0.113097556,-0.11662802,-0.17155337,-0.13664007,-0.13312432,-0.096878245,-0.12071328,-0.0933585,3.8533487,-0.13373214,-0.063823454,-0.13877153,-0.11419349,-0.13210346,3.474807,4.7806835,3.0905945,-0.14367631,-0.15356971,-0.13099466,-0.19104545,-0.0782174,-0.16839553,-0.16052291,4.6422486,6.6297565,-0.11410448,-0.076612435,-0.083404,-0.1213824,-0.13072303,-0.13855581,-0.19385117,-0.10048908,-0.15210308,-0.19487974,-0.18518868,-0.18184468,-0.11121932,-0.14054069,-0.1038069,-0.15610462,-0.18826678,-0.16919988,-0.16446647,-0.1404511,-0.14037222,-0.10218389,-0.15025292,-0.15756774,-0.1756818,-0.18913299,-0.120603934,-0.14482127,-0.113157034,-0.08229162,-0.14088568,2.1991498,-0.15703039,-0.125103,1.8514496,-0.15690626,-0.14080852,1.0803285,-0.15861228,-0.17721865,-0.2963242,-0.19155774,-0.17620063,-0.16700917,-0.18741037,-0.15412095,2.5776832,-0.12900531,-0.12557748,-0.13634136,-0.15920861,-0.30584824,-0.16251737,-0.17667556,-0.18652599,1.8660747,-0.14789358,-0.13813487,-0.17299928,-0.16294602,-0.16070992,-0.14331086,-0.18237996,-0.12660772,-0.15003644,-0.13583398,-0.24156228,-0.17392874,-0.10389529,-0.13298881,-0.14010477,-0.17012638,-0.110194206,-0.13280413,-0.149352,-0.1564345,-0.17634273,-0.15171391,-0.14660543,1.8269856,-0.17053846,-0.16053665,-0.14723541,-0.14623587,-0.11499533,-0.10471026,-0.13340127,2.3782635,-0.17239657,-0.12513243,-0.16049755,-0.18041904,-0.18738703,-0.11705899,-0.17274043,-0.25037587,-0.093998596,-0.09370646,-0.114373505,-0.13445362,-0.14561805,-0.09944478,-0.18340823
k__Bacteria|p__Firmicutes|c__Clostridia|o__Eubacteriales|f__Peptostreptococcaceae|g__Intestinibacter|s__Intestinibacter_bartlettii,-0.1004395,-0.12316422,-0.13883318,-0.20428483,-0.16133624,-0.18467855,-0.1666669,-0.14190738,-0.12441453,-0.17607827,-0.17597438,-0.20644915,-0.16390844,-0.19234642,-0.10476439,-0.10094357,-0.058144663,-0.10172464,-0.10884291,-0.16476418,-0.1978925,1.3069272,-0.13426262,-0.14834505,-0.16515136,-0.11658599,-0.16225114,-0.16750321,-0.1509206,2.7183514,-0.13328685,-0.10703486,-0.14490446,-0.18631323,-0.18091291,-0.2175087,-0.1556344,-0.22338755,-0.18733783,2.0073872,1.4529341,-0.18840693,-0.10841472,-0.09162698,-0.13691942,-0.15089495,-0.23188588,-0.18516168,-0.14328425,-0.2026537,-0.17646372,-0.18279888,-0.18708725,-0.18757102,-0.19081672,-0.15324393,-0.12475683,-0.1407551,-0.095139034,-0.09801279,-0.16523206,-0.13957226,-0.13743341,-0.14358687,-0.12719077,-0.14770275,-0.2613474,-0.22333384,-0.18062821,3.3924613,-0.14241153,-0.14564955,-0.1290359,-0.13971403,-0.14682147,-0.1585108,-0.1425511,-0.16278498,-0.15463941,1.8862779,-0.14392233,-0.15252885,-0.14923084,1.6322255,-0.120334074,-0.13887134,-0.11824031,-0.15609959,-0.16742964,-0.15124032,-0.16170418,-0.11139822,-0.1388583,-0.13027036,-0.12749873,-0.15152657,-0.1402702,-0.11571351,-0.10065024,-0.09362541,-0.10693772,-0.120113835,-0.1330931,2.1646554,-0.15558611,-0.1185138,-0.11129953,-0.1578567,-0.17738779,-0.13121358,-0.15816724,1.6719494,-0.14517725,-0.13099432,-0.13868712,-0.15095688,-0.17780018,-0.15839407,1.981509,-0.09015879,-0.11119197,-0.13280192,-0.12814197,-0.13997786,-0.1674467,-0.13908121,-0.16057305,-0.12777606,-0.07092635,-0.03704006,-0.13509049,-0.15724328,-0.17181355,-0.14332479,1.364061,-0.13401005,-0.12023825,-0.13592201,2.9221332,3.7381313,-0.0875961,3.1056092,-0.14143364,-0.09238048,-0.18013291,-0.18192858,-0.1492891,-0.09357868,-0.13230102,-0.14603046,-0.14660186,-0.15416014,-0.16446927,-0.17607644,-0.09140893,-0.122820236,-0.138233,-0.10256614,-0.17951453,1.2708831,-0.18234828,-0.10210341,-0.13113372,-0.083331384,-0.12670612,3.7035313,-0.18453473,-0.18305612,-0.122777954,-0.08039181,-0.099393696,-0.118270144,-0.13449702,-0.12406494,-0.121451,-0.097069904,-0.09910177,-0.10970016,-0.082459606,-0.11345526,-0.13094725,-0.16149537,4.688596,-0.13432446,4.359214,1.907039,-0.18512821,-0.14158984,-0.15549555,-0.13321671,-0.119081676,-0.14001076,-0.19117098,-0.18251687,-0.17395487,1.6437007,-0.25103784,-0.20219928,-0.18233088,-0.18267924,-0.17518222,-0.16751686,1.4661068,-0.08916744,-0.11956477,-0.12718597,-0.15751183,-0.20931396,-0.18224281,3.0626836,-0.32474133,-0.1502006,-0.3242122,4.0705433,-0.17108874,-0.2185038,-0.17647925,-0.114121355,-0.13752411,-0.15388772,-0.15788373,1.2238234,-0.18186735,-0.23725083,-0.105890915,-0.12455491,-0.1363444,-0.1235384,-0.15189947,-0.15098563,-0.15179041,-0.14014931,2.6385186,-0.15780126,-0.15095745,-0.14937353,-0.14895415,-0.13206878,-0.122460335,-0.14313318,-0.18185323,-0.17022832,2.07104,3.387629,-0.19261941,-0.114020914,-0.1296617,-0.11821583,-0.14456663,-0.16636807,-0.17884597,-0.18311891,-0.13019264,-0.081525,-0.14888673,-0.13743773,-0.14106366,-0.118122876,-0.19987361,2.5809639,-0.15418045,-0.138669,-0.12295831,1.5789672,1.416371,4.519139,-0.108496554,-0.13074079,-0.09132757,-0.12832497,-0.1279664,-0.14642839,-0.14799127,-0.09878041,-0.08910369,-0.12359452,-0.11148006,-0.13565418,-0.14721122,-0.16417453,-0.140028,-0.11684108,-0.1675486,-0.14817636,-0.13961042,-0.12455438,-0.13856769,-0.17466888,-0.13176009,-0.13058624,-0.14253113,-0.12229437,-0.08722703,-0.05825615,-0.14059246,-0.17082691,-0.026243303,-0.16109255,-0.2829064,-0.31316653,-0.18879692,-0.14244837,-0.14331596,-0.14862512,-0.12963767,-0.25088155,-0.18475173,-0.18022938,-0.09742688,-0.11019212,-0.10702289,-0.09614347,-0.12759323,-0.14916478,-0.15746465,-0.1612131,-0.12812386,-0.0969081,-0.16398169,-0.14076577,-0.11335766,-0.18846886,-0.1706479,-0.14969638,-0.12476002,-0.115196005,-0.11321974,-0.11662802,-0.16951802,-0.13601355,-0.1323895,-0.096878245,-0.12061545,-0.0948453,-0.12434345,-0.134091,-0.063823454,-0.13877153,-0.11419349,-0.13197646,3.6581538,1.6861992,-0.29957527,-0.14279446,-0.15222444,-0.13038644,4.1576858,-0.0782174,-0.16589186,-0.15879804,-0.09859173,-0.11065883,-0.11527098,-0.076612435,-0.083404,-0.1213824,-0.13072303,-0.13855581,1.9054918,-0.10096027,-0.1511465,2.9464507,-0.18273932,-0.17876875,-0.11207348,-0.14040728,-0.10477525,-0.15423569,-0.18497023,-0.16607314,-0.16257572,-0.13996474,-0.13953272,-0.10355904,-0.14925048,-0.15656808,-0.17381583,-0.18525305,-0.12087096,-0.14393532,-0.11448072,-0.08451562,-0.13965555,0.7273092,-0.15593652,-0.125103,-0.15657571,-0.15690626,-0.14073767,-0.19202894,-0.1575099,-0.1746037,-0.2963242,-0.18828094,-0.17373225,-0.1658622,-0.18436027,-0.15294218,-0.14054683,-0.12889516,-0.12557748,-0.13603073,-0.15778843,-0.30584824,-0.1612843,-0.17364421,-0.1841318,1.2461747,-0.14692889,-0.1381334,-0.17112899,-0.16113542,-0.15916881,-0.14331086,-0.18237996,-0.12699339,-0.14913186,-0.13445032,0.81667835,-0.17286953,-0.10486777,-0.13345101,-0.13910401,-0.16778024,-0.11138003,-0.13277037,-0.14760175,-0.15496439,-0.1747005,-0.14978921,-0.14538199,-0.19184028,-0.16884011,-0.15877941,-0.14723541,-0.14623587,2.5810971,-0.10471026,-0.1330778,-0.20148799,-0.17027675,-0.12513243,-0.16077368,-0.18041904,-0.18738703,-0.11705899,-0.16938111,-0.2420598,-0.09547322,-0.095255926,-0.115156025,-0.13384512,-0.14440566,-0.10076805,-0.18010867
k__Bacteria|p__Firmicutes|c__Clostridia|o__Eubacteriales|f__Clostridiaceae|g__Hungatella|s__Hungatella_hathewayi,-0.1004395,-0.12316422,-0.13884169,-0.20428483,-0.16152322,-0.18454516,1.0213596,-0.14202818,-0.124712825,-0.17669804,-0.17638707,-0.2051609,-0.16416463,-0.19119224,-0.10446368,-0.10078936,-0.058144663,-0.10138375,-0.10880604,-0.16488662,3.1039805,1.9714563,-0.13438563,-0.1485571,-0.165417,-0.11658599,-0.1625814,-0.16767575,-0.1509206,-0.12124001,-0.13343051,-0.10689682,-0.14504941,-0.18641412,-0.1808475,-0.2175087,-0.15617847,-0.22338755,-0.18787897,2.3527486,-0.29210672,-0.18787955,-0.10803811,-0.09162698,-0.13691942,-0.15098487,-0.23188588,-0.18504456,-0.142935,-0.2026537,-0.17695975,-0.18279888,-0.18797645,-0.1880863,-0.19038635,-0.15317154,-0.12465638,-0.14068662,-0.09507608,-0.09796788,-0.16536847,-0.13974166,-0.13743341,-0.14362866,-0.12719077,-0.14799166,-0.2613474,-0.22333384,-0.18080616,3.0664825,-0.14237288,-0.1458441,-0.12903257,-0.13983639,-0.14671007,-0.15887815,-0.14275634,-0.16278498,-0.15502307,-0.14998752,-0.14435299,-0.15264398,-0.14932674,-0.22480208,-0.120334074,-0.13897395,-0.11823578,-0.15612778,-0.16758725,-0.15146016,-0.16200814,-0.11139822,-0.1388583,-0.13027036,-0.12750107,-0.15152657,-0.1403611,-0.115859464,-0.10065024,-0.09360365,-0.106667474,-0.11996304,-0.1329123,-0.15027548,-0.15570748,-0.1185138,-0.11129953,-0.1578567,-0.17738779,-0.13150167,-0.15891339,-0.25953975,-0.14533114,-0.13112056,-0.1387669,-0.15095688,-0.17780018,-0.15816426,1.0267462,-0.09015879,-0.11132462,-0.13290194,-0.1282284,-0.13997786,-0.16758773,-0.13908121,-0.16057305,-0.12777606,-0.07092635,-0.03704006,-0.13486087,-0.1570968,-0.1721262,-0.14332479,5.224294,-0.13413158,-0.12023825,-0.1359678,7.2494354,4.62726,-0.08721185,-0.10945694,-0.14136639,-0.09238048,-0.18001287,-0.18191363,-0.14894786,-0.09314132,-0.13230102,-0.14617415,-0.1467227,-0.15434271,-0.16465496,-0.17613815,-0.09100889,-0.122853614,-0.13853258,-0.10256614,-0.17951453,-0.19495486,-0.18237264,-0.10180092,4.9589663,-0.08301773,-0.12666243,5.1670136,-0.18453997,-0.18299675,-0.1226193,-0.080113165,-0.09913573,-0.11827804,-0.13448083,-0.12406494,-0.121451,-0.09668866,-0.09872987,-0.10942396,-0.082459606,-0.113195576,-0.13066348,-0.16146937,8.471614,-0.13450986,1.9528326,5.170941,-0.18508819,-0.14145088,-0.15549555,-0.1332579,-0.119081676,-0.14001076,-0.19117098,-0.18238094,-0.17433149,-0.19755594,-0.25103784,-0.20219928,-0.18205398,-0.18296918,-0.17526412,-0.16741194,5.401565,-0.08916744,-0.11956477,-0.1270898,-0.15751183,-0.20931396,-0.18224281,-0.29657933,2.865816,-0.14982173,1.8400501,-0.17325558,-0.17108874,-0.2185038,-0.17647925,-0.114121355,-0.13770533,-0.15388772,-0.15788373,5.8565674,5.048044,-0.23650569,-0.105643116,-0.12455491,-0.13643418,-0.12349017,-0.15189947,-0.15069282,-0.15165782,-0.14014931,-0.15141064,-0.15799925,-0.1512524,-0.14949754,-0.14911027,-0.13198668,-0.12264835,-0.14364025,-0.1823774,-0.1699202,0.7796659,5.0923076,-0.19110641,-0.11373016,3.9530058,-0.1180042,-0.14478469,1.862312,-0.17888446,-0.1833257,-0.13019243,-0.08130958,-0.1490365,-0.13747372,6.717249,-0.118019655,6.972525,-0.1649412,-0.15443482,-0.13864927,-0.123053476,-0.12722544,2.4232478,1.4858344,-0.10819223,-0.13074079,-0.09132757,-0.12832497,-0.12792698,-0.14642003,-0.14795269,-0.09846255,-0.08910369,-0.123535246,-0.11134679,-0.13556942,-0.14724806,-0.16427924,-0.14002778,-0.11687777,-0.16769005,-0.14814073,-0.13956845,-0.12436162,-0.13860391,-0.17466888,-0.13176009,-0.13060746,-0.1426974,-0.12208074,-0.08722703,-0.05825615,-0.14051214,5.5074143,-0.026243303,-0.16100371,3.3858402,2.0556006,-0.18797854,-0.14249,-0.14331596,-0.14862512,-0.12963767,-0.25088155,-0.18448636,-0.18027604,-0.0971321,-0.11017804,-0.10702289,-0.09610899,3.612227,-0.14922395,2.334955,-0.16149503,-0.12812386,-0.0969081,-0.16398169,-0.14083603,-0.11335766,-0.18846886,-0.1706479,-0.1498694,-0.124821216,-0.115196005,-0.11328858,-0.11662802,-0.16953018,-0.13598457,-0.1322943,-0.096878245,-0.12050285,-0.094535366,-0.12434345,-0.13415068,-0.063823454,-0.13877153,-0.11419349,-0.13197765,-0.24483351,-0.2571875,2.606763,-0.14277735,-0.15245867,-0.13038544,-0.19104545,-0.0782174,-0.1656115,-0.1593487,-0.09859173,-0.11065883,-0.11525458,-0.076612435,-0.083404,-0.1213824,-0.13072303,-0.13855581,-0.19385117,-0.100549966,-0.15140599,4.940078,-0.18295497,-0.17900153,-0.11179036,-0.14035416,-0.10446675,-0.15454745,-0.18533142,-0.16606396,-0.1629459,-0.13990124,-0.1395365,-0.103472464,-0.14933798,-0.15690666,-0.17397057,-0.1853722,-0.12062596,-0.14388308,-0.11443131,-0.084524244,-0.13988684,-0.20725825,-0.15577003,-0.125103,-0.15657571,-0.15690626,-0.1408394,-0.19202894,-0.15768632,-0.17482439,-0.2963242,-0.1876665,-0.17426279,-0.16591603,-0.18400595,-0.15292841,-0.14054683,-0.12876664,-0.12557748,-0.13591835,-0.15816033,6.3735023,-0.16144902,-0.17405105,-0.1844363,-0.11441202,-0.14704415,-0.13809146,-0.17125882,-0.16136613,-0.1593252,-0.14331086,-0.18237996,-0.12704387,-0.14976515,-0.13485795,4.495339,-0.1725516,-0.1045734,-0.133569,-0.13908342,-0.16787255,-0.11119898,-0.13271779,-0.1478281,-0.15492244,-0.17487466,-0.14983132,-0.14547014,-0.19184028,-0.16883399,-0.15891644,-0.14723541,-0.14623587,-0.11499533,-0.10471026,-0.1330907,-0.20148799,-0.17019854,-0.12513243,-0.16145858,-0.18041904,-0.18738703,-0.11705899,-0.16954637,-0.24182494,-0.09508462,-0.095014915,-0.11506675,-0.13381022,-0.14446115,-0.10051049,-0.18034995
k__Bacteria|p__Firmicutes|c__Clostridia|o__Eubacteriales|f__Lachnospiraceae|g__Mediterraneibacter|s__Ruminococcus_gnavus,-0.1004395,5.457802,0.7259762,5.9722953,0.9100911,1.1013176,3.060088,0.74919826,0.60489434,1.0297298,1.028974,1.3269198,0.92642796,1.1959493,0.4435954,0.4144902,-0.058144663,0.4173888,0.47790676,0.93648076,-0.1978925,-0.12536043,0.6852478,0.8011564,0.941445,8.111835,0.9132716,0.9583273,-0.1509206,-0.12124001,0.6770363,0.46342975,0.77332443,1.1177776,1.0691972,-0.2175087,0.86555344,4.473094,1.1288002,7.2416315,6.451612,1.1337948,0.4725967,-0.09162698,6.119181,0.8224938,7.190116,1.104579,0.76028717,1.8273158,1.0355322,2.4101968,1.1300553,1.1355914,1.1697218,0.8381248,0.6079166,0.7389983,0.36350653,0.38903177,0.93945026,0.72858155,6.0157604,0.76260763,6.3416066,0.79517543,7.2790337,7.490984,1.0682571,6.3139977,0.7527051,0.77946484,0.6445737,0.731897,0.7879616,0.88594323,0.7747816,-0.16278498,0.8551874,-0.14998752,0.76485515,0.8373686,0.8084187,6.731688,-0.120334074,0.7232442,0.5546948,0.8638104,0.9591652,0.82724434,0.9325564,-0.11139822,6.072849,3.8644774,0.6292878,5.1633296,0.7324336,0.5336727,-0.10065024,0.35206252,0.46010888,0.5693161,0.6753505,8.992394,0.859838,-0.1185138,-0.11129953,-0.1578567,-0.17738779,0.6640438,0.88835,6.412828,0.77588964,0.6596099,0.7244929,3.8485467,5.6188965,0.8860047,5.1460795,-0.09015879,0.4955827,0.67403126,0.63665044,5.7591143,0.9588069,4.574424,7.5709467,8.139114,6.863038,-0.03704006,0.69206,0.87263817,0.9949141,4.2477946,8.025185,0.68213433,5.083597,0.699307,-0.25318068,7.633216,0.3007955,6.8963165,0.7432116,-0.09238048,1.0607429,1.0792191,0.8082378,0.35031193,-0.13230102,0.78221977,0.7877878,0.85011244,0.93475723,1.0283613,0.33325714,0.59313035,0.71922386,-0.10256614,6.9049325,6.8750324,1.0830914,0.42192358,3.8647814,0.27165502,0.6235857,7.6149793,1.1004473,1.0883842,0.59010684,0.24234867,0.3996688,0.5557757,0.6869296,3.2394514,-0.121451,0.38067174,0.39681232,0.48273718,-0.082459606,0.5144438,0.6557869,0.9082177,-0.1410757,0.6869374,-0.18093297,2.4124222,1.1069136,0.7466192,5.7550974,0.6780808,7.734197,6.8018656,7.4245567,1.0854094,1.0146849,7.8222327,7.678615,7.9370384,1.0794114,1.0862173,1.0227776,0.9605222,4.113763,-0.08916744,-0.11956477,0.6259073,-0.15751183,3.380081,7.208687,7.0663486,7.1801085,0.8130247,6.5854683,7.545229,7.543855,6.6456923,9.213707,-0.114121355,0.71310604,8.462752,7.9056787,7.3734994,7.447599,1.558117,0.4528622,4.989232,0.7018082,0.59686184,6.332594,0.82073826,0.82871675,5.998021,7.5492816,0.8788362,0.8239588,0.81011057,0.808033,0.66818273,0.58891195,0.7589085,1.0769429,0.98219067,5.701283,3.2638237,1.1667976,0.5188251,3.4053006,0.5548488,0.7702855,7.044413,1.0505748,1.088309,0.65182453,0.25143218,0.80588037,0.71081746,8.02489,0.55112493,8.103349,6.111278,0.84999096,0.72357523,0.59312505,7.1061683,7.8027287,7.2473817,0.47401637,-0.13074079,-0.09132757,7.4298263,0.632583,0.7841853,0.7968868,0.39351892,6.5049195,0.59749585,0.4980421,0.6966666,0.7913828,0.93187106,0.7335286,0.5411664,0.9589561,0.7995254,0.7289382,0.60695446,0.74112344,6.3291626,5.5742016,0.65531504,0.75400674,0.58748806,3.5815306,-0.05825615,0.7374273,7.270139,-0.026243303,0.9076601,0.9945126,5.292405,1.1356487,0.75312114,-0.14331596,7.5795403,7.4281645,5.7626257,1.1040044,1.064609,0.38201576,0.48797578,6.682626,0.37294197,6.1435485,0.806872,6.21912,0.90893626,-0.12812386,5.0485177,6.310386,0.7367729,3.5788538,2.1677773,4.4150343,0.81382334,0.60808975,1.0805179,0.5139863,4.550457,0.9732442,0.70038146,0.67025363,-0.096878245,0.574369,0.36029738,3.0386987,0.681931,-0.063823454,-0.13877153,-0.11419349,0.66699195,4.0552855,5.2012386,5.044094,0.75694644,0.83394647,0.65528697,7.2975535,1.3959382,0.94711316,0.88868177,-0.09859173,-0.11065883,0.5271095,2.049654,2.815192,7.825477,7.607698,-0.13855581,-0.19385117,0.41307467,0.8265267,7.2283974,1.0853317,1.0533037,0.5027002,0.7348296,0.44209528,0.85036504,1.1059883,0.94775236,0.9403447,0.7325654,0.7298904,0.43525958,0.8088344,0.86979,1.0115775,1.1291182,0.57491165,0.7646738,0.522118,0.27589536,0.73377544,6.491064,0.8638719,1.9846123,6.835157,5.4216657,0.73934305,8.160251,0.876976,1.0167209,7.292876,1.1389189,1.0134392,0.9452188,1.0992601,0.8409407,-0.14054683,0.64158773,4.4688377,0.70005226,0.8821305,6.0728807,0.9088354,1.0110263,1.0968889,1.1117066,0.788996,0.71710205,0.98913944,0.9081409,0.8900198,-0.14331086,-0.18237996,0.62824106,0.80935895,0.69386137,5.4893227,1.002137,0.4441473,0.67872715,0.7254225,0.9618627,0.4966948,0.67327154,0.81540257,0.85642034,1.0189633,0.81327486,0.7780278,5.711044,0.9704548,0.8863785,-0.14723541,-0.14623587,8.452121,8.8730545,0.67575926,6.410739,0.98120254,-0.12513243,0.9019805,8.101942,7.820422,3.8673685,0.97378457,1.5815907,0.36667776,0.3644406,0.52896094,0.6825091,0.76979804,0.4104718,1.0835212
k__Bacteria|p__Firmicutes|c__Clostridia|o__Eubacteriales|f__Clostridiaceae|g__Clostridium|s__Clostridium_neonatale,-0.1004395,-0.12316422,-0.13601947,-0.20428483,-0.15777498,-0.17902678,1.1152706,-0.13921784,-0.1226567,-0.17104098,-0.17067957,-0.19975497,-0.16063064,-0.18619658,-0.10473178,-0.10126507,-0.058144663,-0.10188307,-0.10847817,-0.1604428,-0.1978925,-0.12536043,-0.13217863,-0.14550893,-0.16124104,-0.11658599,-0.15841132,-0.16328192,-0.1509206,-0.12124001,-0.13136153,-0.10674691,-0.14208421,-0.18069807,-0.17595413,2.4130976,-0.15205823,2.5551882,-0.18217406,-0.29867563,-0.29210672,-0.18277815,-0.108066544,-0.09162698,4.703373,-0.14764269,2.4985905,-0.17986992,-0.1406073,-0.2026537,-0.17117399,-0.18279888,-0.18156299,-0.18190296,-0.18519756,-0.15022582,-0.12333806,-0.13833417,-0.095648795,-0.098347075,-0.16117314,-0.13715075,-0.13743341,-0.14090909,-0.12719077,-0.14445347,-0.2613474,-0.22333384,-0.1754972,-0.20047067,-0.13983524,-0.14296508,-0.12740898,-0.13734795,-0.14402291,-0.15495816,-0.13976038,-0.16278498,-0.15112019,-0.14998752,-0.14158927,-0.14913857,-0.14606887,3.0121715,-0.120334074,-0.13654846,-0.11715336,-0.15256661,-0.16315414,-0.14795744,-0.15771827,5.9329944,-0.1388583,-0.13027036,-0.12591112,1.3511549,-0.1377871,-0.11489916,-0.10065024,-0.094191045,-0.10662544,-0.118954726,-0.131131,5.1307,-0.15230788,-0.1185138,-0.11129953,3.688474,1.4628168,-0.12923019,-0.1545308,-0.25953975,-0.14229754,-0.12907006,-0.13632563,3.574807,2.9248343,-0.1542836,2.2411005,-0.09015879,-0.110590115,-0.13072798,-0.12652826,2.9507663,-0.16316938,-0.13908121,-0.16057305,-0.12777606,-0.07092635,-0.03704006,-0.13286492,-0.1536732,-0.16742021,-0.14332479,-0.12334781,-0.13195126,-0.12023825,-0.13404606,-0.25318068,2.7508984,-0.088705525,4.681095,-0.1391866,5.1377707,-0.17495015,-0.1768926,-0.14650281,-0.094244555,5.4632425,-0.14314245,-0.1436494,-0.15075935,-0.16045886,-0.17163053,-0.09221661,-0.121399626,-0.13607459,6.67307,3.401865,2.060464,-0.17723946,-0.102148354,-0.13113372,-0.084631175,-0.12522085,-0.19006202,-0.17935066,-0.17793562,-0.12148021,-0.082004994,-0.09960833,-0.11720824,-0.13244277,-0.12406494,-0.121451,-0.097460225,-0.099312946,-0.10933727,-0.082459606,-0.11268746,-0.12915307,-0.1577242,-0.1410757,-0.13213728,4.309191,0.9070989,-0.17976995,-0.13911718,-0.15549555,-0.13125256,-0.119081676,-0.14001076,-0.19117098,-0.17731073,-0.16907687,3.2031157,4.866029,-0.20219928,-0.1770496,-0.17745154,-0.1703682,-0.16313684,2.4997442,-0.08916744,-0.11956477,-0.12552252,2.150037,3.3336482,-0.18224281,0.96046114,1.9400095,-0.14607929,-0.3242122,0.8726008,-0.17108874,-0.2185038,-0.17647925,-0.114121355,-0.13521704,1.4838886,3.8561478,6.3568807,5.651674,-0.22797468,-0.10570745,-0.12455491,-0.13414314,-0.12225579,-0.15189947,-0.1478863,-0.14876646,3.4600768,4.59035,-0.1543074,-0.1478379,-0.14627317,-0.1459973,-0.13028695,-0.12128161,-0.14033353,-0.1767565,-0.16538629,-0.21025829,-0.3990198,-0.18536757,-0.11321865,-0.1296617,-0.11701697,-0.14190744,-0.16636807,-0.17387359,-0.1779212,-0.12847874,-0.08298963,-0.1459562,-0.135342,-0.14106366,-0.11656674,-0.19987361,-0.1649412,-0.1507163,-0.13626623,-0.12189017,-0.12722544,-0.14610182,-0.2588673,-0.108074345,-0.13074079,-0.09132757,-0.12832497,-0.12646556,-0.14371377,-0.14524102,-0.09909317,-0.08910369,-0.12230356,-0.11106597,-0.1334692,-0.14434189,-0.16034393,-0.13759848,-0.115999125,-0.16323318,-0.1451616,-0.13733616,-0.12311278,-0.13580665,-0.17466888,-0.13176009,-0.12879361,-0.13998434,-0.12118466,-0.08722703,-0.05825615,-0.13798957,7.1549726,-0.026243303,-0.15704204,-0.2829064,-0.31316653,-0.1821155,-0.13983494,-0.14331596,2.4863448,2.3064494,2.1543005,-0.17945814,-0.17527482,-0.097889796,-0.10970265,-0.10702289,-0.09666261,-0.12759323,-0.14591861,-0.15746465,-0.157217,-0.12812386,-0.0969081,-0.16398169,-0.13857427,-0.11335766,4.996304,-0.1706479,-0.14671522,-0.1234078,-0.115196005,-0.112567775,-0.11662802,-0.16517614,-0.13383502,-0.1306335,-0.096878245,-0.1194437,-0.095460385,-0.12434345,-0.13216406,-0.063823454,-0.13877153,-0.11419349,-0.13019727,-0.24483351,-0.2571875,1.7702348,-0.1401023,-0.14902309,-0.12850428,-0.19104545,-0.0782174,-0.16150825,-0.15550315,-0.09859173,-0.11065883,-0.114571676,-0.076612435,2.534735,5.0779157,3.309517,-0.13855581,5.1475487,-0.10124253,-0.14789382,2.0629196,-0.17744827,-0.17396972,-0.111527696,-0.1381151,-0.10452661,-0.1509258,-0.17916948,-0.16165227,-0.15882356,-0.13749844,-0.1371267,-0.10337053,-0.14617899,-0.15290621,-0.16902754,-0.17960468,-0.11967407,-0.14122355,-0.11358324,-0.085599616,-0.13710494,5.554931,-0.15259412,-0.125103,-0.15657571,-0.15690626,-0.13798873,-0.19202894,-0.15400052,-0.17019908,5.3506126,-0.18221545,-0.16923822,-0.161892,-0.17896238,-0.14971015,-0.14054683,-0.1272386,-0.12557748,-0.13386965,-0.15476595,2.0071409,-0.15734494,-0.1696426,-0.17872083,-0.11441202,-0.14427064,-0.13582736,-0.16649501,-0.15741986,-0.15560645,-0.14331086,-0.18237996,-0.12524371,-0.14605716,-0.13224658,2.7088478,-0.16837263,-0.104815155,-0.13141406,-0.13675642,-0.16368032,-0.110949054,-0.1308304,-0.14466444,-0.15148063,-0.16991436,-0.14687169,-0.14272842,-0.19184028,-0.16456147,-0.15532017,-0.14723541,-0.14623587,-0.11499533,-0.10471026,-0.13097546,0.95864874,-0.1661225,-0.12513243,-0.15665159,5.0393105,3.2831142,-0.11705899,-0.16518228,-0.23308292,-0.09594177,-0.09581877,-0.114334315,-0.13179252,-0.14180592,-0.100944504,-0.17495978
k__Bacteria|p__Firmicutes|c__Bacilli|o__Lactobacillales|f__Enterococcaceae|g__Enterococcus|s__Enterococcus_faecalis,5.6129665,1.9031222,1.0927646,1.0371515,1.2424881,1.3947867,-0.1666669,1.1103072,0.99480605,1.3361865,1.3362025,1.5733122,1.2520934,1.4436562,0.8643588,0.8414089,1.4321634,0.84203774,0.8925489,1.2616049,-0.1978925,4.723492,1.0589234,1.1518016,1.265378,-0.11658599,1.2434242,1.2786118,7.126283,3.103152,1.0528095,0.88090634,1.130295,1.4075061,1.3677886,-0.2175087,1.2077353,-0.22338755,1.4180496,1.8976616,4.7411222,1.418906,0.8877493,2.5754406,1.0938156,1.1703864,-0.23188588,1.3979685,1.1195947,-0.2026537,1.3448133,-0.18279888,1.4178882,1.420821,1.4448578,1.1792493,0.99663687,1.1021656,0.7993878,0.82024574,1.2639377,1.0933583,5.7345724,1.1214912,4.6313252,1.1481204,6.782154,3.3837056,1.3685493,7.3779984,1.112889,1.1350174,1.0262346,1.0960083,1.1397247,1.2202079,1.1054671,7.3022976,1.1981903,4.892811,1.1232384,1.1822308,1.1582015,-0.22480208,4.7065864,1.0895138,0.95391905,1.202254,1.2796661,1.1742929,1.2324874,4.1867228,3.3193264,3.6520503,1.0133604,2.5851984,1.0973201,0.9368166,5.7244854,0.7904552,0.87700385,0.9653987,1.0509316,4.568842,1.1996187,3.8748035,1.0947971,4.330178,3.0144758,1.041451,1.223594,-0.25953975,1.1327381,1.0389522,1.0903573,-0.15095688,-0.17780018,1.2227116,1.5845208,3.325301,0.906585,1.0500137,1.0195243,3.6079037,1.2801192,-0.13908121,2.4072094,3.415659,1.9702096,4.071732,1.0649695,1.2095816,1.3086684,-0.14332479,4.8275385,1.056827,6.663986,1.0692532,1.971348,-0.26654312,0.7490678,-0.10945694,1.1043203,-0.09238048,1.361879,1.3767158,1.158335,0.78915846,6.2954226,1.1373758,1.1418533,1.1919836,1.2604862,1.3343384,0.77581894,0.9847491,1.0865155,-0.10256614,-0.17951453,0.98506993,1.3790996,0.8464724,4.8631372,0.72390985,1.008017,2.823538,1.393913,1.3839968,0.98181176,0.70265484,0.8288723,0.9546177,1.0599445,-0.12406494,-0.121451,0.81349015,0.8263542,0.89541256,3.448492,0.9205753,1.0343723,1.2382262,6.478226,1.0613344,6.6284685,7.0964413,1.3992802,1.1084306,-0.15549555,1.0528905,5.664968,5.906658,2.760918,1.3827684,1.3259187,-0.19755594,6.2016373,6.1040926,1.3780296,1.3836796,1.3311713,1.28192,-0.27554205,6.7302074,6.950995,1.0115556,5.8726883,4.002706,-0.18224281,-0.29657933,1.7653226,1.1651218,1.638278,2.3952813,-0.17108874,-0.2185038,-0.17647925,3.2394207,1.0825207,-0.15388772,-0.15788373,-0.22984435,2.8240273,1.761719,0.8717065,5.6196766,1.0721807,0.9874425,1.0572073,1.167236,1.1741685,5.6354795,6.322183,1.2143207,1.1717567,1.1597121,1.1583345,1.0453081,0.98160124,1.1191063,1.3737378,1.298539,-0.21025829,-0.3990198,1.4446931,0.9246049,-0.1296617,0.95306385,1.1269199,-0.16636807,1.3526198,1.3843722,1.032649,0.7093365,1.1555538,1.0799413,-0.14106366,0.950488,3.6792293,4.660265,1.1936159,1.0901508,0.9843423,3.2947977,1.637458,3.065841,0.88885725,4.610921,3.9735672,-0.12832497,1.0157526,1.1389581,1.1485858,0.8237095,0.9337055,0.98768955,0.90800357,1.0682772,1.1445824,1.2573793,1.0979545,0.94331765,1.2792866,1.1510054,1.0937836,0.9961084,1.0776601,4.1353016,-0.13176009,1.0348945,1.1140797,0.98003316,-0.08722703,-0.05825615,1.1008117,4.430683,2.4702604,1.2408612,0.72648895,3.478171,1.4205396,1.1137927,-0.14331596,-0.14862512,7.033298,4.3491635,1.3973756,1.3647282,0.81432843,0.8999429,4.029368,0.80530864,-0.12759323,1.1571078,-0.15746465,1.2399094,-0.12812386,-0.0969081,4.15486,1.0995555,2.922576,3.7738495,-0.1706479,1.1635725,0.9970178,3.938955,0.92043436,-0.11662802,1.2905568,1.0711727,1.0465224,1.3432498,0.969296,0.7963754,1.4635834,1.0562499,2.7875214,5.179819,4.44861,1.0443053,1.8714297,-0.2571875,2.8720727,1.116883,1.1787667,1.0344933,4.855241,-0.0782174,1.2702596,1.2228675,5.8020005,4.6501093,0.9312031,5.577882,-0.083404,2.6491327,2.9228513,-0.13855581,4.093559,0.8395032,1.1732373,-0.19487974,1.3825582,1.3557259,0.9119056,1.099299,0.86252415,1.1913977,1.3985173,1.2686512,1.2392131,1.0973973,1.0951633,0.85825664,1.1581028,1.208229,1.322813,1.3912432,0.9697706,1.1224563,0.9277593,0.72866285,1.0977702,2.4104354,1.2040851,6.2182546,2.5153074,0.72823167,1.1033885,6.2351227,1.2143371,1.3257521,3.9055374,1.4292462,1.323699,1.2689607,1.393261,1.1845684,2.443096,1.0238659,4.928578,1.0706861,1.2194035,4.2344584,1.2406914,1.3209944,1.392218,3.2730958,1.1414738,1.0851176,1.3043478,1.2389412,1.2240789,-0.14331086,-0.18237996,1.0143943,1.1591527,1.0657468,-0.24156228,1.3164506,0.86472595,1.0545506,1.0908467,1.2815287,0.90748245,1.049342,1.1373155,1.1970358,1.3295316,1.161031,1.1333696,-0.19184028,1.2898643,1.2208195,4.268791,5.281094,5.806939,5.060962,1.0506351,4.603807,1.2978294,4.1544104,1.235831,4.243297,2.6764958,-0.11705899,1.289762,1.7821381,0.80231506,0.8002855,0.9333773,1.0562955,1.1267843,0.83756936,1.3540232
k__Bacteria|p__Firmicutes|c__Clostridia|o__Eubacteriales|f__Lachnospiraceae|g__Faecalimonas|s__Faecalimonas_umbilicata,-0.1004395,3.1107812,0.17410934,-0.20428483,0.30110165,0.43420875,7.71798,0.19155192,0.090982154,0.38502204,0.38282728,0.5879009,0.31296933,0.51508486,-0.019388506,-0.039441783,-0.058144663,-0.036734816,0.0038965382,0.3205784,3.5667138,-0.12536043,0.14758927,0.2278423,0.3236666,-0.11658599,0.3039469,0.33616048,-0.1509206,5.327958,0.14143172,-0.006560378,0.20765609,0.44484574,0.41209733,-0.2175087,0.2705698,4.2667007,0.45166636,6.798146,5.49711,0.45637304,0.0010103565,-0.09162698,-0.13691942,0.24119261,-0.23188588,0.43562663,0.19907427,6.2494035,0.38693672,5.723256,0.4524629,0.4571045,0.48053402,0.2544337,0.09407387,0.18462849,-0.07401715,-0.056972362,0.32277572,0.17779464,-0.13743341,0.20065942,-0.12719077,0.22273901,5.855735,5.090157,0.41076797,-0.20047067,0.19441015,0.21229199,0.11902434,0.17930475,0.21944845,0.2864648,0.2264232,-0.16278498,0.2635485,-0.14998752,0.20195079,0.25157958,0.23239821,5.774577,-0.120334074,0.17335717,0.05699624,0.27109474,0.33661032,0.24444318,0.33428463,-0.11139822,-0.1388583,-0.13027036,0.10893442,-0.15152657,0.17938074,0.0430914,7.17327,-0.08289716,-0.007716134,0.067646496,0.14056462,4.358737,0.2679724,-0.1185138,-0.11129953,-0.1578567,-0.17738779,0.13372844,0.28569505,5.853543,0.20958361,0.12888364,0.17381641,6.2764583,5.0165257,0.28467882,4.390492,-0.09015879,0.016199047,0.13934794,0.11377063,-0.13997786,0.33508083,-0.13908121,-0.16057305,-0.12777606,-0.07092635,-0.03704006,0.15142244,0.27668792,0.3609144,-0.14332479,-0.12334781,0.14473337,-0.12023825,0.1568433,-0.25318068,-0.26654312,-0.11774504,5.760671,0.1879,2.3781517,0.4056232,0.41780695,0.23103285,-0.08368727,-0.13230102,0.21378434,0.21760023,0.26089793,0.31903887,0.38486975,-0.09583297,0.08425015,0.1709743,-0.10256614,4.600159,4.381446,0.42214882,-0.034237254,5.350881,-0.13802448,0.10439845,5.4360976,0.43313843,0.42484313,0.08260297,-0.15836364,-0.049406707,0.057648234,0.14830619,-0.12406494,-0.121451,-0.06258421,-0.051888846,0.0075201355,-0.082459606,0.029482232,0.12700301,0.30162093,-0.1410757,0.1477389,-0.18093297,2.0499494,0.43722856,0.18918157,4.1523657,0.1427153,-0.119081676,-0.14001076,-0.19117098,0.42224836,0.37369853,-0.19755594,-0.25103784,-0.20219928,0.41799772,0.42229027,0.3792795,0.3357867,4.9854913,-0.08916744,6.180639,0.10529939,4.993811,5.543328,-0.18224281,5.8657546,2.1702082,0.2314274,5.737143,2.6013074,1.4713706,5.1373925,3.7408557,-0.114121355,0.16555457,4.84091,4.159468,5.2058845,3.8157053,0.7459096,-0.012995835,-0.12455491,0.15842797,0.08630162,4.036235,0.24123764,0.2470639,-0.14014931,-0.15141064,0.28151572,0.24249163,0.23364717,0.23132342,0.13517785,0.080742635,0.19775501,0.41778135,0.3516205,4.2264404,2.370578,0.47860402,0.032562807,-0.1296617,0.057731375,0.20563722,-0.16636807,0.39970988,0.42467615,0.12376653,-0.15193367,0.23103699,0.16452393,5.7586956,0.05578225,6.4505043,7.0516086,0.25977862,0.17320764,0.0833163,-0.12722544,2.0166044,6.8256726,0.0014780331,-0.13074079,-0.09132757,-0.12832497,0.111347996,0.21494538,0.22503546,-0.053648956,-0.08910369,0.086830705,0.017735394,0.15499602,0.21999249,0.31774402,0.1805397,0.0475777,0.33589375,0.22555077,0.17755397,0.092570975,0.20332058,-0.17466888,4.9388013,0.1267808,0.19463652,0.07998589,-0.08722703,-0.05825615,0.18325716,-0.17082691,-0.026243303,0.29918003,5.367808,3.540146,0.45739776,0.19420895,-0.14331596,-0.14862512,-0.12963767,1.0265183,0.43565065,0.40919292,-0.06188471,0.011660406,-0.10702289,-0.06689484,-0.12759323,0.23084381,-0.15746465,0.301615,-0.12812386,-0.0969081,-0.16398169,0.1836921,-0.11335766,-0.18846886,5.916673,0.23563495,0.094338246,4.671498,0.029532773,1.6259815,0.34646982,0.15799963,0.13728741,-0.096878245,0.0706874,-0.07655417,-0.12434345,0.14532754,-0.063823454,-0.13877153,-0.11419349,0.13432625,-0.24483351,-0.2571875,4.1583962,0.19672213,0.2497412,0.12652968,-0.19104545,-0.0782174,0.32803667,0.28745294,-0.09859173,-0.11065883,0.038718313,-0.076612435,-0.083404,4.6665044,4.990729,8.789074,5.8975253,-0.039968114,0.2443426,2.181731,0.42219818,0.40078977,0.021466212,0.18105605,-0.019771922,0.26216653,0.43687284,0.32987168,0.33847374,0.17981353,0.1781922,-0.026028205,0.2321971,0.2741084,0.3713547,0.46891025,0.07148387,0.2025047,0.034567855,-0.13489759,0.18035461,-0.20725825,0.27032366,-0.125103,-0.15657571,-0.15690626,0.18410239,-0.19202894,0.27906483,0.3763157,6.1300826,0.456163,0.3719167,0.3247167,0.4313668,0.2535519,-0.14054683,0.11706583,5.663329,0.15714586,0.28186357,6.384236,0.30052274,0.37173724,0.4302721,-0.11441202,0.21867907,0.16874865,0.35648632,0.30067736,0.28878295,-0.14331086,6.4926205,0.107322626,0.23251769,0.15232745,5.581788,0.36429265,-0.01889166,0.1420883,0.17541522,0.33827168,0.01690813,0.13856491,0.25438565,0.26572335,0.3759957,0.23642936,0.21117887,2.0405383,0.34325898,0.28696117,-0.14723541,3.406207,5.013861,6.9935822,0.14061493,3.8102646,0.3516246,-0.12513243,0.29541063,6.284163,6.76788,4.77118,0.34837627,0.76243234,-0.072412804,-0.07380592,0.0390317,0.14553474,0.20549667,-0.042589728,0.43848342
k__Bacteria|p__Firmicutes|c__Clostridia|o__Eubacteriales|f__Lachnospiraceae|g__Blautia|s__Blautia_wexlerae,-0.1004395,-0.12316422,-0.13015561,-0.20428483,-0.13786216,-0.14618656,-0.1666669,-0.13215649,-0.12646627,-0.1438081,-0.1426265,-0.14100324,-0.14034903,-0.13948056,-0.11982942,-0.11773725,-0.058144663,-0.118792444,-0.120905325,-0.13974722,-0.1978925,-0.12536043,-0.129881,-0.13474575,-0.13963872,-0.11658599,-0.13916838,-0.14103648,-0.1509206,-0.12124001,-0.12952852,-0.12016989,-0.133019,-0.14583978,-0.14503105,6.888389,-0.13602492,7.5251703,-0.14573094,6.7744,6.5992174,-0.14656028,-0.1212056,-0.09162698,-0.13691942,-0.1345605,6.608022,-0.1458115,-0.13291839,-0.2026537,-0.14329094,-0.18279888,-0.14531365,-0.1448268,-0.14409766,-0.13721979,-0.12645793,-0.13183087,-0.11722703,-0.117589176,-0.1401825,-0.13189782,-0.13743341,-0.13267738,-0.12719077,-0.13431361,-0.2613474,-0.22333384,-0.14457116,-0.20047067,-0.13257098,-0.13357703,-0.12762947,-0.13112602,-0.13446294,-0.13799188,-0.12899695,-0.16278498,-0.13588503,-0.14998752,-0.13308412,-0.13523838,-0.13477662,-0.22480208,-0.120334074,-0.1311626,-0.12407063,-0.13736102,-0.14073989,-0.13466,-0.13465315,-0.11139822,-0.1388583,-0.13027036,-0.12791863,1.6552613,-0.13223743,-0.12390195,-0.10065024,-0.116026364,-0.120738775,-0.1250439,-0.12928244,-0.15027548,-0.13710982,-0.1185138,-0.11129953,-0.1578567,-0.17738779,-0.1286853,-0.13668388,6.1031785,-0.13318051,-0.12818807,-0.13046044,-0.15095688,-0.17780018,-0.13687792,7.0733995,-0.09015879,-0.1220008,-0.12902266,-0.12750514,-0.13997786,-0.14015232,5.313417,-0.16057305,-0.12777606,-0.07092635,-0.03704006,-0.12944221,-0.13751355,-0.14213917,-0.14332479,-0.12334781,-0.12984082,-0.12023825,-0.13017602,7.2673855,7.7589564,-0.1143821,-0.10945694,-0.1325807,-0.09238048,-0.14463222,-0.14447097,-0.13407928,-0.116205186,-0.13230102,-0.13342002,-0.13343993,-0.13605905,-0.13950412,-0.14436015,-0.11519289,-0.12577173,-0.13053834,-0.10256614,-0.17951453,-0.19495486,-0.1455945,-0.11911662,-0.13113372,-0.11197038,-0.12702322,-0.19006202,-0.1458056,-0.14534943,-0.12622848,-0.11202139,-0.11816856,-0.123952076,-0.1296413,-0.12406494,-0.121451,-0.11712238,-0.1177722,-0.121539176,-0.082459606,-0.12279126,-0.12887265,-0.13901906,-0.1410757,-0.12940258,-0.18093297,-0.17825818,-0.14555088,-0.13188817,4.5486984,-0.12936652,-0.119081676,-0.14001076,-0.19117098,-0.1443237,-0.14205807,-0.19755594,-0.25103784,-0.20219928,-0.14550218,-0.14484788,-0.14282942,-0.13972265,6.435418,-0.08916744,7.7381134,-0.12716362,8.033081,8.447793,7.1181626,5.8882484,-0.32474133,-0.13250506,4.8355193,-0.17325558,3.7417939,6.88147,2.362992,-0.114121355,-0.13036555,-0.15388772,-0.15788373,-0.22984435,-0.18186735,-0.15705612,-0.12013108,-0.12455491,-0.13044527,-0.12634811,-0.15189947,-0.13556921,-0.13613994,-0.14014931,4.4253297,-0.13798809,-0.134988,-0.13481882,-0.13406187,-0.12871784,-0.12595299,-0.13278008,-0.14556998,-0.14094722,5.7098103,4.300947,-0.14627016,-0.12298491,5.4721103,-0.12427674,-0.13315783,6.1133375,-0.14482981,-0.14565541,-0.12800027,-0.11267941,-0.13488247,-0.13072479,-0.14106366,-0.12452898,-0.19987361,-0.1649412,-0.13582373,-0.13054839,-0.12577483,-0.12722544,-0.14610182,-0.2588673,-0.12087548,-0.13074079,-0.09132757,-0.12832497,-0.12798542,-0.13366961,-0.13480437,-0.117998034,-0.08910369,-0.12618384,-0.12196778,-0.12991774,-0.13389674,-0.13966338,-0.13163388,-0.12419087,-0.14043841,-0.13423255,-0.13147458,-0.12592962,-0.12754357,-0.17466888,-0.13176009,-0.1287382,-0.13236767,-0.12573804,-0.08722703,-0.05825615,-0.1316807,6.7105107,-0.026243303,-0.13719201,5.975491,6.475819,-0.146328,-0.13238738,-0.14331596,-0.14862512,-0.12963767,-0.25088155,-0.14553088,-0.14509004,-0.11766708,-0.12191683,-0.10702289,-0.117521495,6.6701694,-0.13451041,8.815983,-0.13839129,-0.12812386,-0.0969081,-0.16398169,-0.1323546,-0.11335766,-0.18846886,-0.1706479,-0.13455193,-0.12678179,-0.115196005,-0.12276323,-0.11662802,-0.14183244,-0.13029371,-0.12918751,-0.096878245,-0.12485053,-0.11689848,-0.12434345,-0.13015723,-0.063823454,-0.13877153,-0.11419349,-0.12860243,-0.24483351,-0.2571875,3.7132845,-0.13227049,-0.13554081,-0.12835845,6.1459866,-0.0782174,-0.14006114,-0.13769922,-0.09859173,-0.11065883,-0.12410189,-0.076612435,-0.083404,-0.1213824,-0.13072303,-0.13855581,2.6937916,-0.118619926,-0.13506573,5.5876317,-0.14529629,-0.14410888,-0.12247138,-0.13144322,-0.1206348,-0.13691175,-0.14579496,-0.14039321,-0.13436323,-0.13140762,-0.13126713,-0.11879956,-0.13442214,-0.13680068,-0.14223681,-0.14126508,-0.12547162,-0.13309512,-0.123388894,-0.11362982,-0.1307138,-0.20725825,-0.13686785,-0.125103,-0.15657571,-0.15690626,-0.13147558,8.035737,-0.13728967,-0.14360788,-0.2963242,-0.1442126,-0.14186418,-0.13913476,-0.14490399,-0.13503796,8.396417,-0.12781444,-0.12557748,-0.13020065,-0.1362725,3.2927217,-0.13831332,-0.1429138,-0.14577138,-0.11441202,-0.13395004,-0.13061857,-0.14152388,-0.13841921,-0.13821727,8.029515,6.379164,-0.1269972,-0.13419858,-0.128655,-0.24156228,-0.1418848,-0.1199068,-0.12905174,-0.1315571,-0.1408441,-0.12210449,-0.12907347,-0.13049586,-0.13634765,-0.14242843,-0.13524775,-0.13331057,-0.19184028,-0.1407812,-0.13856249,-0.14723541,-0.14623587,-0.11499533,-0.10471026,-0.12910908,-0.20148799,-0.14187464,-0.12513243,-0.13763057,-0.18041904,-0.18738703,-0.11705899,-0.14272536,-0.16278735,-0.1167514,-0.11689356,-0.123111695,-0.12949876,-0.13278477,-0.11842838,-0.14066434
k__Bacteria|p__Firmicutes|c__Bacilli|o__Lactobacillales|f__Streptococcaceae|g__Streptococcus|s__Streptococcus_thermophilus,-0.1004395,-0.12316422,0.10064,5.1900773,0.15241084,0.20661345,-0.1666669,0.10754455,0.06669005,0.18624479,0.18603763,0.27163702,0.15644276,0.23927903,0.021985954,0.013762562,-0.058144663,0.014359462,0.031052696,0.16024354,7.0988894,1.4320611,0.08956818,0.12231058,0.16162673,2.7334504,0.15326902,0.16667159,-0.1509206,-0.12124001,0.08706085,0.027262086,0.11398048,0.21158159,0.19760737,5.3075747,0.14016478,5.188454,0.21406406,-0.29867563,7.9999514,0.21603972,0.03020776,-0.09162698,2.2954178,0.12774837,1.2359295,0.20698726,0.11065762,-0.2026537,0.18759745,-0.18279888,0.21455038,0.21650979,0.22631541,0.13276312,0.06798558,0.104895845,-0.0006325706,0.006425722,0.1611185,0.1020683,4.5429378,0.1113434,3.781314,0.120110564,3.4589038,5.641717,0.19726077,1.3101386,0.10885265,0.11611376,0.07812863,0.10262308,0.11904009,0.1465242,0.1204409,4.8955812,0.13705376,3.6585798,0.11169882,0.13206336,0.12420229,4.443618,-0.120334074,0.100061715,0.052752722,0.14009136,0.16688523,0.12909633,0.16414353,-0.11139822,4.805864,-0.13027036,0.07388961,-0.15152657,0.10243238,0.047067843,-0.10065024,-0.00403841,0.026571538,0.057367217,0.08685322,-0.15027548,0.13876379,5.058436,4.1334157,4.9188223,2.630772,0.084005386,0.1460183,4.436083,0.11492376,0.08207756,0.10029587,5.9578676,4.559191,0.14563683,3.9828324,-0.09015879,0.035796247,0.086380005,0.07600258,7.8508487,0.16609952,5.5134597,-0.16057305,-0.12777606,-0.07092635,-0.03704006,0.09107363,0.14232218,0.17653441,-0.14332479,-0.12334781,0.0884587,2.1586728,0.0933,6.430445,5.269238,-0.018402886,-0.10945694,0.10610174,-0.09238048,0.1944659,0.19994491,0.12334651,-0.004573023,3.6369786,0.116546944,0.118254505,0.135948,0.15971689,0.1865044,-0.009439653,0.063977204,0.09949948,-0.10256614,4.9387617,6.3221884,0.20185712,0.015540278,-0.13113372,-0.02649729,0.072100624,-0.19006202,0.20644793,0.20265074,0.06318478,-0.034683585,0.009531969,0.053161517,0.089924745,6.6825852,3.6343231,0.004118833,0.008518701,0.03264328,-0.082459606,0.0416077,0.08130299,0.15248546,6.1513987,0.08966326,-0.18093297,-0.17825818,0.20795509,0.10671057,-0.15549555,0.08779888,-0.119081676,-0.14001076,-0.19117098,0.20186606,0.18195039,-0.19755594,-0.25103784,-0.20219928,0.19949806,0.20167851,0.1840619,0.16627419,-0.27554205,-0.08916744,-0.11956477,0.07216945,-0.15751183,-0.20931396,5.5973897,6.5531397,5.4017286,0.12108564,-0.3242122,-0.17325558,-0.17108874,-0.2185038,4.5645866,5.9267077,0.09692748,-0.15388772,1.5672721,-0.22984435,2.9001074,0.3359238,0.024290293,-0.12455491,0.094026275,0.064708844,-0.15189947,0.1279169,0.13028833,2.0302107,-0.15141064,0.144409,0.12841216,0.124798365,0.123837814,0.084623165,0.062401578,0.11015217,0.19984509,0.1731601,6.6597457,-0.3990198,0.22369331,0.042796,-0.1296617,0.053250756,0.1131998,-0.16636807,0.19241148,0.20284724,0.079676166,-0.03204462,0.12380188,0.0965778,3.500367,0.052129228,4.5603857,1.1333549,0.13532478,0.10005129,0.06347058,4.3869066,2.22791,-0.2588673,0.030087512,-0.13074079,-0.09132757,-0.12832497,0.07479535,0.117026016,0.121220164,0.0077789216,2.6903577,0.06490781,0.036863424,0.092505395,0.119170584,0.15908548,0.10311853,0.048676968,0.1662643,0.12143921,0.10168325,0.06739588,0.11069257,4.771211,5.3129377,0.08115189,0.108921774,0.062308908,3.2000208,-0.05825615,0.10419614,-0.17082691,-0.026243303,0.1512954,-0.2829064,2.48986,0.2158668,0.10867926,-0.14331596,4.173778,3.7518678,4.5724187,0.2074937,0.19640648,0.004325818,0.03438802,1.6528507,0.0026486935,-0.12759323,0.12337631,5.809719,0.15270561,6.511895,5.998997,5.862428,0.1044467,3.6426065,4.74117,4.113709,0.12553374,0.06808004,2.638345,0.041649036,3.4328609,0.17070758,0.09406533,0.08572453,-0.096878245,0.058529366,-0.0016149827,5.3430505,0.08840877,-0.063823454,-0.13877153,-0.11419349,0.084090985,-0.24483351,-0.2571875,5.619685,0.10978202,0.13133621,0.081285015,-0.19104545,4.475627,0.16326495,0.14663449,-0.09859173,1.8575952,0.04512395,-0.076612435,-0.083404,5.020386,-0.13072303,-0.13855581,-0.19385117,0.013423995,0.129058,-0.19487974,0.20179865,0.192996,0.038281985,0.103071675,0.021684896,0.13652939,0.20816144,0.16397828,0.16610587,0.10287666,0.102282405,0.018907888,0.12403213,0.14132896,0.18082464,0.21946213,0.058726616,0.112078026,0.043566883,-0.025418725,0.10306241,3.535095,0.13975252,6.459056,3.1362643,3.9677103,0.10457012,4.266874,0.1433447,0.18287584,-0.2963242,0.21581511,0.18090132,0.16183576,0.20529488,0.13278703,-0.14054683,0.07731773,3.8778737,0.09367729,0.14395618,3.221793,0.15188628,0.18123302,0.20516273,4.5684295,0.118442886,0.09819424,0.17471787,0.15219808,0.14723748,-0.14331086,-0.18237996,0.07329507,0.124059714,0.09176956,2.7111402,0.1778597,0.021836033,0.08726061,0.10111929,0.16758081,0.03631448,0.08588683,0.13174334,0.13789381,0.18282957,0.12587553,0.115869746,2.1869214,0.16956836,0.14643347,5.3295794,1.0905149,1.644446,-0.10471026,0.08669913,6.4141335,0.17288738,-0.12513243,0.14976743,-0.18041904,-0.18738703,9.023555,0.17139228,0.34224918,0.00020120759,-0.0005511069,0.045484453,0.088879034,0.113356225,0.012169605,0.20687178
k__Bacteria|p__Firmicutes|c__Bacilli|o__Lactobacillales|f__Streptococcaceae|g__Streptococcus|s__Streptococcus_salivarius,4.200862,6.3701897,2.2191932,8.027963,2.6393342,3.0711002,4.3609133,2.2713223,1.9439135,2.907506,2.9038708,3.5713954,2.670405,3.250031,1.577831,1.5124865,-0.058144663,1.517716,1.6568263,2.6972609,-0.1978925,-0.12536043,2.1270165,2.3894186,2.7070582,3.8396022,2.6443834,2.7460895,7.8473387,5.273094,2.1082807,1.6227744,2.3265038,3.105796,2.9962664,4.8460236,2.5408564,3.8127718,3.1328645,3.1699176,3.5894504,3.140303,1.6442268,6.492348,7.505956,2.4387257,5.747677,3.0784545,2.2967567,7.9063897,2.925069,5.508334,3.1333044,3.1449404,3.2156692,2.4700434,1.9510944,2.2483244,1.3969142,1.4544042,2.7035737,2.2248893,1.4627175,2.3022904,3.43258,2.3763142,4.2452645,5.5654116,2.9962592,5.9838467,2.2793984,2.3402739,2.0337813,2.2310767,2.35773,2.5818486,2.3017545,5.273288,2.51457,3.4578664,2.3071532,2.4720392,2.406293,2.5417497,6.861967,2.2124014,1.8305526,2.5313838,2.7485113,2.4494581,2.658482,3.8789718,5.170682,4.761458,1.9988315,2.00269,2.2337213,1.7828009,4.8780746,1.3697019,1.6148584,1.8633097,2.1041048,-0.15027548,2.522821,7.4183207,7.3199706,6.6547704,6.556574,2.0783465,2.587201,7.4265924,2.3331633,2.068419,2.214272,7.9273868,7.5744634,2.584062,5.431058,-0.09015879,1.6969075,2.1009707,2.0154848,2.4974988,2.7472377,-0.13908121,6.9773784,4.3566794,-0.07092635,-0.03704006,2.1419852,2.5513966,2.8293219,2.8127484,-0.12334781,2.1191587,-0.12023825,2.1563766,-0.25318068,2.9383183,1.2540748,6.2863135,2.2560196,4.416541,2.9782805,3.0190353,2.4043941,1.3667132,5.41343,2.3466845,2.3590925,2.5007324,2.692929,2.9039607,1.3282458,1.9179647,2.2039564,-0.10256614,4.7618833,3.1616938,3.0284424,1.5285528,4.457008,1.1845022,1.984077,2.0844333,3.0680604,3.0404935,1.9111373,1.1219225,1.4783134,1.8319421,2.1293776,-0.12406494,5.4421663,1.4353442,1.470952,1.6657584,2.2883427,1.7370374,2.058006,2.632187,4.649515,2.1314268,6.1075435,5.4200754,3.0823488,2.2649837,4.374424,2.1101203,4.797784,4.800598,4.9275565,3.0349221,2.8754578,2.7580357,1.2645708,3.9671805,3.0219016,3.036879,2.8914285,2.7510815,3.0484664,3.5319262,5.8584557,1.9914004,5.5420327,4.0173116,5.6106763,3.9850333,7.49708,2.4183817,5.5082746,-0.17325558,1.411344,1.368493,3.7464728,6.7800403,2.190409,3.6099117,3.0143926,3.2076511,2.5920355,4.0968976,1.599127,3.3034852,2.1634033,1.9253745,4.756921,2.4330099,2.4520328,5.681212,6.318847,2.5655203,2.442602,2.4103174,2.4048893,2.0870585,1.9083147,2.2945685,3.0141153,2.800281,2.8476188,3.0625098,3.2122478,1.7483028,-0.1296617,1.8290062,2.3182225,4.309618,2.95433,3.040974,2.0513825,1.1415683,2.3995762,2.1846266,-0.14106366,1.8240306,2.2229764,4.6898255,2.502236,2.2132063,1.9159582,-0.12722544,1.3875381,6.012261,1.6473569,3.6600416,3.1003118,4.4918165,2.0063198,2.3509915,2.3800826,1.4643757,1.8625053,1.926286,1.7009547,2.1524992,2.3668635,2.6858375,2.2361531,1.8000638,2.7469406,2.3850157,2.2251027,1.948156,2.2244267,6.326501,2.6099906,2.0587163,2.2816026,1.9043192,4.458166,3.1702716,2.2446296,1.8864559,-0.026243303,2.6335402,1.7385465,1.5776227,3.144456,2.280943,6.3352637,5.7847924,-0.12963767,-0.25088155,3.0770655,2.9873295,1.4380988,1.6789325,-0.10702289,1.4154646,-0.12759323,2.4025636,-0.15746465,2.6350603,4.5129056,-0.0969081,2.609594,2.2429821,1.6208843,4.821009,4.9610176,2.4195461,1.9519103,-0.115196005,1.7373016,-0.11662802,2.779326,2.1611567,2.091713,-0.096878245,1.8736091,1.3881886,2.8262978,2.1194806,2.3959496,-0.13877153,-0.11419349,2.0847793,6.8564568,5.619964,5.433292,2.2893362,2.4634562,2.0577574,3.1973338,-0.0782174,2.7204666,2.5875916,8.587726,7.941446,1.7678087,5.7677083,3.4233632,3.399269,3.051161,6.8601675,5.4180098,1.5091684,2.4475412,4.39064,3.0348768,2.9610958,1.7125552,2.2389035,1.5744412,2.5010157,3.0809636,2.720688,2.6752024,2.2342389,2.227928,1.5594733,2.4058151,2.5456295,2.8669534,3.1031232,1.8759968,2.306048,1.7562509,1.1967373,2.23628,3.2893467,2.5335832,8.005375,6.0635095,5.402339,2.2500086,2.7558773,2.5626507,2.8784122,3.8227904,3.1572452,2.8688433,2.7147157,3.0647526,2.4783869,6.139791,2.0273585,3.2526438,2.1592717,2.5751011,-0.30584824,2.6354024,2.8637285,3.0617204,-0.11441202,2.359953,2.1990697,2.81659,2.632315,2.5914598,2.7202256,6.14664,1.9986227,2.4078422,2.1450787,-0.24156228,2.8467417,1.5796759,2.1123743,2.2172136,2.7535276,1.6991928,2.0987282,2.3922696,2.51544,2.8843489,2.4159496,2.3364525,4.8204083,2.774722,2.5834155,3.9286995,4.1910233,3.530405,-0.10471026,2.1039581,3.321536,2.7989178,2.730799,2.6202054,3.960052,3.1047719,-0.11705899,2.7799687,4.154457,1.4035947,1.398242,1.77176,2.1194167,2.3174195,1.5025792,3.0005646
k__Bacteria|p__Firmicutes|c__Negativicutes|o__Veillonellales|f__Veillonellaceae|g__Megasphaera|s__Megasphaera_micronuciformis,-0.1004395,-0.12316422,-0.1399775,-0.20428483,-0.1631897,-0.18912317,-0.1666669,-0.14266035,-0.12398596,-0.17953032,-0.17860264,-0.21825495,-0.16686128,-0.19879708,-0.102768965,-0.09918077,-0.058144663,-0.099318296,-0.107324585,-0.16755882,1.344989,-0.12536043,-0.13426128,-0.14938319,-0.16788834,-0.11658599,-0.16381647,-0.1699987,-0.1509206,-0.12124001,-0.13318188,-0.10545708,-0.14594899,-0.19115719,-0.18483874,-0.2175087,-0.15776351,-0.22338755,-0.19250965,-0.29867563,-0.29210672,-0.19397038,-0.10682267,-0.09162698,-0.13691942,-0.15219185,4.0015054,-0.18904017,-0.14431849,2.0646806,-0.17920992,4.2343273,-0.19215333,-0.19364,-0.19839408,-0.15541098,-0.12434757,-0.14156005,-0.092334345,-0.09586773,-0.16764635,-0.13998082,-0.13743341,-0.14444858,-0.12719077,-0.14927639,3.9505553,-0.22333384,-0.1844069,-0.20047067,-0.14324191,-0.14656001,-0.12919809,-0.14055231,-0.14813823,-0.16039929,-0.14399545,-0.16278498,-0.15602985,-0.14998752,-0.1445759,-0.15419436,-0.15055898,-0.22480208,-0.120334074,-0.13940462,-0.117357776,-0.1578325,-0.17026708,-0.15273847,-0.16429777,-0.11139822,-0.1388583,2.2061598,-0.12726362,2.2374358,-0.1402112,-0.114452615,-0.10065024,-0.09085946,-0.10527898,-0.11959765,-0.13332516,2.8075664,-0.15712184,-0.1185138,1.2675922,2.6428068,6.791001,-0.13192277,-0.1611563,4.915319,-0.14620979,-0.13092637,-0.13950522,4.7866077,5.1999474,-0.16089807,-0.22917573,-0.09015879,-0.109472856,-0.13289616,-0.12804458,2.6802895,-0.16993366,-0.13908121,-0.16057305,-0.12777606,-0.07092635,-0.03704006,-0.13540028,-0.15907972,-0.17465056,-0.14332479,-0.12334781,-0.13397135,-0.12023825,-0.13623062,-0.25318068,-0.26654312,-0.08413899,-0.10945694,-0.14221075,-0.09238048,-0.1835494,-0.18543822,-0.15002759,-0.09066348,-0.13230102,-0.14706002,-0.1476936,-0.15591341,-0.16695562,-0.17950183,-0.088349,-0.12246074,-0.13877025,-0.10256614,-0.17951453,-0.19495486,-0.18661173,-0.1000235,-0.13113372,-0.08068487,-0.12701288,-0.19006202,-0.18850881,-0.1870284,-0.121952355,-0.07631032,-0.09731275,-0.11770335,-0.13463604,1.1149441,-0.121451,-0.094625115,-0.096851975,-0.10803453,-0.082459606,-0.11235024,-0.1307497,-0.16367862,-0.1410757,-0.13449684,-0.18093297,-0.17825818,-0.18956181,-0.1426384,3.882438,-0.13366395,-0.119081676,-0.14001076,-0.19117098,-0.18647204,-0.17717464,-0.19755594,3.6108918,-0.20219928,-0.18552119,-0.18639496,-0.17850049,-0.17049514,6.3324776,-0.08916744,-0.11956477,-0.12658238,-0.15751183,2.2544346,2.8046908,2.0039322,-0.32474133,-0.15099216,-0.3242122,-0.17325558,-0.17108874,-0.2185038,-0.17647925,-0.114121355,-0.13776113,-0.15388772,-0.15788373,0.8037868,-0.18186735,-0.25007972,-0.10405338,2.3544836,-0.1364845,-0.122975424,-0.15189947,-0.15207493,-0.15317936,-0.14014931,-0.15141064,-0.15967822,-0.15226509,-0.15065351,-0.15034541,-0.13221021,-0.12176195,-0.14409126,-0.18545969,-0.1729632,-0.21025829,-0.3990198,-0.20001544,-0.1127631,-0.1296617,-0.11773132,-0.14557828,0.61505204,-0.18220139,-0.1871523,-0.12984751,-0.07788839,-0.15065071,-0.13778815,-0.14106366,-0.11699781,-0.19987361,-0.1649412,-0.1554418,-0.1394081,-0.12221971,-0.12722544,-0.14610182,6.1955,-0.10695024,1.766249,-0.09132757,-0.12832497,-0.12756695,-0.14704332,-0.14891309,-0.09630002,-0.08910369,-0.12312564,-0.10997978,-0.13604677,-0.1481995,-0.16681576,-0.14065257,-0.1154632,-0.1701476,-0.14912063,-0.1400358,-0.12396598,-0.13970326,-0.17466888,-0.13176009,-0.13069932,-0.14328986,-0.12153492,-0.08722703,2.4405813,-0.14114663,-0.17082691,-0.026243303,-0.1638145,-0.2829064,-0.31316653,-0.19438156,-0.14329211,-0.14331596,-0.14862512,-0.12963767,4.5322995,-0.18907893,-0.18414137,-0.094682924,-0.10882707,-0.10702289,-0.094163686,-0.12759323,-0.15048589,-0.15746465,-0.16356859,-0.12812386,-0.0969081,-0.16398169,-0.14123937,5.818496,1.7297299,-0.1706479,-0.15094948,-0.1242092,-0.115196005,-0.11235082,-0.11662802,-0.17221665,-0.13639592,-0.1324975,-0.096878245,-0.12002962,-0.092109784,-0.12434345,-0.13373485,-0.063823454,-0.13877153,-0.11419349,-0.13208991,3.4534078,5.82199,3.6611497,-0.14387037,-0.1537297,-0.1307235,-0.19104545,-0.0782174,-0.16896331,-0.1607477,-0.09859173,-0.11065883,-0.113518,-0.076612435,-0.083404,-0.1213824,-0.13072303,-0.13855581,-0.19385117,-0.098875344,-0.15314233,-0.19487974,-0.1865083,-0.18254541,-0.11063878,-0.1405022,-0.10290323,-0.15631981,-0.1897746,-0.16941673,-0.16525683,-0.14055808,-0.14029573,-0.10172777,-0.15062325,-0.15837765,-0.17690213,-0.19013661,-0.120175794,-0.14484969,-0.11309566,-0.08116038,-0.14123397,5.5926175,-0.15748478,-0.125103,2.731712,3.802816,-0.14151824,4.8576884,-0.15936048,-0.17768532,-0.2963242,-0.19383387,-0.17720205,-0.16800067,-0.18841353,-0.15454675,-0.14054683,-0.12877776,-0.12557748,-0.13637683,-0.1604085,-0.30584824,-0.16296446,-0.17672844,-0.18806517,-0.11441202,-0.14802721,-0.13862753,-0.17411529,-0.16331403,-0.16127431,-0.14331086,-0.18237996,-0.12706539,-0.15064204,-0.1358354,-0.24156228,-0.17545125,-0.102953956,-0.13331202,-0.13971296,-0.17063874,-0.109681815,-0.13283005,-0.14913006,-0.15675825,-0.17746128,-0.15135366,-0.14674702,4.5285516,-0.17146821,-0.16053653,-0.14723541,-0.14623587,-0.11499533,-0.10471026,-0.13366461,-0.20148799,-0.17289878,-0.12513243,-0.16237004,2.9118443,4.524551,1.7646072,-0.17242724,-0.25216544,-0.092853636,-0.09254067,-0.11410503,-0.13429171,-0.145501,-0.098636754,-0.1843284
k__Bacteria|p__Firmicutes|c__Negativicutes|o__Veillonellales|f__Veillonellaceae|g__Veillonella|s__Veillonella_dispar,-0.1004395,3.1903372,1.8919556,5.0432515,2.247435,2.6128867,3.9967144,1.9376988,1.6600261,2.4757502,2.4726968,3.0338082,2.275694,2.7648675,1.3505206,1.2947054,-0.058144663,1.3008938,1.4169409,2.2970996,3.892378,5.429067,1.815331,2.0378013,2.3058386,6.8387647,2.252684,2.339463,6.664011,7.184612,1.7995479,1.3879914,1.9838862,2.6424904,2.5506692,5.867875,2.1629496,6.9920087,2.6650915,5.630735,7.344597,2.6725264,1.4067793,7.209527,7.055038,2.078379,7.57803,2.6193335,1.9588902,6.753731,2.4889364,5.036685,2.6659083,2.675185,2.736793,2.1079736,1.6663226,1.9179031,1.1979969,1.2460737,2.3028615,1.8983089,6.201366,1.9634678,-0.12719077,2.0257454,4.8095593,-0.22333384,2.5501301,5.4963565,1.9444621,1.9957461,1.736216,1.9035352,2.011613,2.2004957,1.962321,6.73851,2.1419032,6.1045566,1.9679255,2.1065955,2.0513115,6.069524,4.489527,1.8877022,1.5641961,2.157784,2.340923,2.0872614,2.2643194,5.4725347,-0.1388583,7.530634,1.7072496,6.6918497,1.9057009,1.5243034,3.352309,1.1745764,1.3821352,1.592036,1.7957852,8.343824,2.150341,7.6448765,-0.11129953,6.467549,6.603055,1.7740095,2.2035098,6.438848,1.9892254,1.7652514,1.8890439,7.93353,7.4217377,2.2003765,7.1424794,-0.09015879,1.4514713,1.7931669,1.7209617,-0.13997786,2.3394892,3.6141312,5.514992,7.927506,7.557783,2.6406348,1.8276715,2.1742773,2.4095464,-0.14332479,-0.12334781,1.8087575,2.0631974,1.8408759,7.413381,4.317003,1.0768847,7.9234347,1.9254788,3.3906891,2.5351887,2.569698,2.0499575,1.17202,6.642593,2.0010037,2.0113876,2.1311157,2.2934904,2.4732072,1.139037,1.6382983,1.8804994,8.531518,7.3940134,7.8648276,2.57775,1.3091753,5.0349483,1.0185263,1.6948563,6.066192,2.610746,2.5878932,1.6332033,0.96465766,1.2663295,1.5654135,1.8175235,-0.12406494,5.1477733,1.2300495,1.260386,1.425446,0.80264616,1.4858043,1.7575438,2.2431083,8.371537,1.8183153,7.052269,7.100273,2.622606,1.9318871,7.3720627,1.8009841,3.1102724,3.0428805,2.2491996,2.582112,2.447133,-0.19755594,6.9058805,5.8023505,2.571749,2.5838618,2.4616714,2.3422356,5.363391,-0.08916744,-0.11956477,1.7005682,5.9341598,5.4350805,7.8027163,5.6143804,6.2815356,2.0597353,6.7333446,6.482753,5.993734,5.8055816,-0.17647925,6.329123,1.8682874,-0.15388772,0.7555681,3.8721282,-0.18186735,3.478457,1.3686115,5.270952,1.8463161,1.6448636,6.5319576,2.0747445,2.0907936,4.7852335,5.8116484,2.1867137,2.0816326,2.0547905,2.050099,1.7813709,1.6300442,1.956449,2.56601,2.384427,-0.21025829,-0.3990198,2.7320375,1.4951837,5.2245126,1.5635965,1.9774201,8.449799,2.5159159,2.5878906,1.7512131,0.9812617,2.0459847,1.8636792,-0.14106366,1.559093,-0.19987361,4.114858,2.1317983,1.8878043,1.6371799,4.1406393,-0.14610182,5.035292,1.4093468,4.7081475,5.9703245,8.16234,1.7137096,2.0048375,2.0297632,1.2548532,5.521736,1.6458244,1.45489,1.8366817,2.0182188,2.2880282,1.9076128,1.5386251,2.3400698,2.0337968,1.8987308,1.663626,1.8975613,5.16296,5.789791,1.7573125,1.9463876,1.626832,3.610208,6.5377054,1.9148914,-0.17082691,-0.026243303,2.242385,-0.2829064,-0.31316653,2.6750443,1.945394,8.407268,8.198514,5.1687946,2.797346,2.617775,2.5428848,1.2325659,1.4362135,-0.10702289,1.213875,-0.12759323,2.0482154,-0.15746465,2.2444086,5.0285587,7.105238,8.567848,1.9140732,3.414474,6.122529,8.533016,2.0621943,1.6668993,6.5122547,1.4856219,5.5176473,2.3676248,1.8440018,1.7856582,3.9371116,1.6009259,1.190747,8.403937,1.809489,-0.063823454,-0.13877153,4.6039896,1.7795007,7.500632,7.5468965,6.3736053,1.9524448,2.099935,1.7564708,4.581634,-0.0782174,2.3167467,2.2051587,-0.09859173,-0.11065883,1.5122602,-0.076612435,5.509763,7.29915,6.2575483,1.6452451,8.137313,1.2923229,2.08607,1.6814159,2.582229,2.5204282,1.4646312,1.9100862,1.3480499,2.1320446,2.6211128,2.3183203,2.2782178,1.9057319,1.9004269,1.3344917,2.0513723,2.1690497,2.4405763,2.6397014,1.6029935,1.9672654,1.5018775,1.0285629,1.907154,7.4684334,2.1586766,-0.125103,4.012075,3.1603506,1.9187796,-0.19202894,2.1831417,2.4512506,1.2280673,2.6825817,2.442345,2.312326,2.6077332,2.1124017,1.3465433,1.7308855,2.319274,1.8428061,2.192924,-0.30584824,2.2441854,2.439066,2.6047282,2.755676,2.0132492,1.8759707,2.3981996,2.242395,2.2081823,2.8777125,3.8706732,1.7056589,2.052791,1.8297421,-0.24156228,2.4232998,1.352143,1.8025022,1.8916678,2.345633,1.4530371,1.7913747,2.0395179,2.143883,2.4551227,2.0602095,1.9924316,7.1899557,2.3623881,2.2017481,1.4701341,5.56097,-0.11499533,-0.10471026,1.7958004,-0.20148799,2.383644,-0.12513243,2.231708,6.190483,6.636437,5.8933625,2.3686676,3.5284858,1.2031412,1.1989253,1.514463,1.8089559,1.976433,1.2867788,2.553464
k__Bacteria|p__Firmicutes|c__Bacilli|o__Lactobacillales|f__Enterococcaceae|g__Enterococcus|s__Enterococcus_faecium,-0.1004395,-0.12316422,0.11445569,-0.20428483,0.1893864,0.2688465,1.5520906,0.12429916,0.06434275,0.2392095,0.23846355,0.36844695,0.19620518,0.31962287,-0.0009575068,-0.012433594,-0.058144663,-0.011401718,0.01269701,0.20110245,-0.1978925,-0.12536043,0.09803027,0.14561337,0.20303781,-0.11658599,0.19050959,0.2101741,-0.1509206,-0.12124001,0.09411056,0.0067876712,0.13363804,0.27606475,0.25548658,5.940021,0.17154846,3.8660629,0.27975586,4.3702235,2.8070822,0.28278035,0.011190351,-0.09162698,-0.13691942,0.15382048,2.1625075,0.2696315,0.12870449,-0.2026537,0.24043499,-0.18279888,0.28058806,0.28411296,0.29942805,0.1618801,0.0663985,0.12030637,-0.03384179,-0.023322059,0.20218481,0.11593859,5.402927,0.12971435,-0.12719077,0.14268348,-0.2613474,-0.22333384,0.2549194,-0.20047067,0.12606588,0.13654307,0.0812922,0.117239416,0.14100301,0.18091005,0.14424187,4.71148,0.16717237,5.8127327,0.13004872,0.1600903,0.14849117,-0.22480208,4.872404,0.113337085,0.044349514,0.17156759,0.21073395,0.15574723,0.208275,2.853394,4.125135,1.2559226,0.07499646,-0.15152657,0.11632174,0.035920296,-0.10065024,-0.03877674,0.0059627793,0.05088854,0.093992144,-0.15027548,0.16942555,9.270898,3.461439,5.9556913,5.079247,0.09031194,0.1804111,4.9553504,0.1349841,0.08696448,0.11395235,2.0564127,1.5380545,0.18011989,-0.22917573,-0.09015879,0.019699456,0.09321411,0.07819714,-0.13997786,0.20958069,-0.13908121,-0.16057305,-0.12777606,-0.07092635,-0.03704006,0.10056391,0.17469522,0.22486842,-0.14332479,-0.12334781,0.09612927,4.791324,0.10338137,-0.25318068,5.538558,-0.05981576,3.1524515,0.12188189,5.697883,0.25126982,0.25898704,0.14737952,-0.03947306,-0.13230102,0.1373666,0.13983244,0.16562487,0.20017314,0.23901677,-0.046627946,0.060844623,0.112259105,-0.10256614,-0.17951453,0.64803153,0.26181597,-0.01000699,-0.13113372,-0.070967,0.07266587,2.3052638,0.2682737,0.26310372,0.059390754,-0.083858624,-0.01878899,0.044993136,0.098487824,3.2392445,5.0381145,-0.026634932,-0.02023108,0.014768649,-0.082459606,0.028126443,0.08576288,0.18968579,-0.1410757,0.098101825,-0.18093297,-0.17825818,0.27090377,0.12296377,-0.15549555,0.09537357,-0.119081676,-0.14001076,-0.19117098,0.2620369,0.23273927,-0.19755594,-0.25103784,-0.20219928,0.25835136,0.26151276,0.23594497,0.21014786,-0.27554205,-0.08916744,-0.11956477,0.072514504,-0.15751183,-0.20931396,-0.18224281,-0.29657933,6.0998826,0.14632261,1.8077056,2.5195763,-0.17108874,2.6289234,-0.17647925,-0.114121355,0.10865918,7.5512247,7.647715,5.413962,8.011297,0.45945746,0.0027120346,-0.12455491,0.104345754,0.06155095,3.6597455,0.1537137,0.15713389,2.8441103,3.9377782,0.17768033,0.15451093,0.14922863,0.14795849,0.09077531,0.058154214,0.1278909,0.25866824,0.21989433,-0.21025829,-0.3990198,0.29699904,0.029792933,4.386124,0.045236155,0.13244726,2.816331,0.24793792,0.26296774,0.08361374,-0.080043204,0.14784274,0.107909694,-0.14106366,0.04351423,6.1807942,-0.1649412,0.16457771,0.11339204,0.059850655,4.1123033,3.9897747,1.8858476,0.0113006905,-0.13074079,-0.09132757,-0.12832497,0.07630508,0.13779727,0.14390868,-0.02149897,5.054528,0.061950263,0.020889994,0.10247104,0.1409824,0.19934951,0.117647484,0.03816064,0.21007109,0.14429873,0.11577238,0.06557122,0.13064738,-0.17466888,-0.13176009,0.085571796,0.12619865,0.057989273,-0.08722703,5.960468,0.11930856,-0.17082691,-0.026243303,0.18856305,4.3936234,4.125272,0.28333154,0.12585294,-0.14331596,4.774085,6.3506556,6.2180486,0.2702026,0.25373045,-0.026702307,0.017435249,-0.10702289,-0.029003497,-0.12759323,0.14743346,-0.15746465,0.19011427,6.1904926,5.9088745,3.0172842,0.119411856,5.074039,5.067966,5.8525424,0.15041234,0.0663825,3.3397772,0.028110255,-0.11662802,0.21626885,0.10442226,0.09215796,-0.096878245,0.052750923,-0.03521282,-0.12434345,0.096210726,-0.063823454,-0.13877153,-0.11419349,0.09007631,2.2121696,0.96108484,4.3313456,0.12755206,0.15887478,0.0858008,4.60066,-0.0782174,0.20567343,0.18119921,-0.09859173,-0.11065883,0.032875217,-0.076612435,3.3772845,3.4733107,4.1429753,-0.13855581,3.6899664,-0.013223387,0.15573174,4.0871387,0.26140785,0.24879794,0.023027476,0.117732115,-0.0013411246,0.16637832,0.2709986,0.20702681,0.21082744,0.11733046,0.11657007,-0.005001459,0.14834777,0.17351262,0.23110226,0.28923997,0.05289136,0.13088435,0.03070154,-0.069950975,0.117996454,1.3299723,0.17089553,2.257034,1.9913632,2.2240946,0.11997734,4.533571,0.17612997,0.23376846,-0.2963242,0.28286088,0.23151499,0.20344765,0.267153,0.16127944,-0.14054683,0.07996767,5.33642,0.103749074,0.1776276,5.3459415,0.18857346,0.231294,0.26639137,-0.11441202,0.14012522,0.11072406,0.22231403,0.18921226,0.1819915,1.9728868,6.023093,0.074232176,0.14853916,0.10145232,5.291104,0.22666472,-0.00087181444,0.094672546,0.114702746,0.21168076,0.020116296,0.092601806,0.16087523,0.16866219,0.23383063,0.15093836,0.13614333,-0.19184028,0.21440668,0.18074933,7.230493,7.1139145,5.442652,3.0435011,0.094018176,3.0829763,0.21920797,-0.12513243,0.18582754,-0.18041904,-0.18738703,-0.11705899,0.2173093,0.46624255,-0.032552026,-0.03355529,0.033600654,0.09708312,0.13267922,-0.014987365,0.27051944
k__Bacteria|p__Firmicutes|c__Negativicutes|o__Veillonellales|f__Veillonellaceae|g__Veillonella|s__Veillonella_atypica,1.6465594,1.0734539,2.3541396,1.9904648,2.7908564,3.234373,4.068799,2.4097495,2.0709646,3.0667346,3.0632408,3.7417035,2.821874,3.4165678,1.6929889,1.625399,-0.058144663,1.631246,1.7744128,2.8488936,2.9020474,2.6847875,2.2604632,2.5318832,2.859451,5.0682745,2.79575,2.9008012,6.8717604,5.9893413,2.2415586,1.7389007,2.4662924,3.2702003,3.1579404,8.512504,2.6884642,8.021938,3.2994938,6.295814,4.5003376,3.3050306,1.7618203,7.76596,8.711946,2.582759,7.1731863,3.2430806,2.4353566,7.087326,3.0865526,5.7111244,3.2983832,3.3081093,3.3786166,2.615324,2.0784688,2.3856125,1.5062461,1.5650139,2.8560805,2.36154,6.9357853,2.441575,-0.12719077,2.5176601,5.4281826,-0.22333384,3.159027,8.917519,2.4178123,2.4810128,2.163399,2.3672714,2.4983368,2.7307792,2.4380584,8.588365,2.6614428,5.8574677,2.4471476,2.6164575,2.548479,2.6817932,6.7045603,2.3487024,1.9538301,2.6783085,2.9025378,2.5931263,2.8065925,5.218371,6.504744,7.8757296,2.12775,6.42942,2.3711739,1.9050554,3.8309908,1.4778626,1.731001,1.9876034,2.2365541,-0.15027548,2.6700258,1.629711,6.479522,5.5963254,6.3469133,2.2088132,2.7342603,6.625405,2.473503,2.199678,2.3496351,7.258212,7.8015614,2.7316787,7.072522,-0.09015879,1.81638,2.233427,2.1447296,6.080252,2.901265,-0.13908121,5.2361207,7.8162813,-0.07092635,-0.03704006,2.2755487,2.6987119,2.9864316,-0.14332479,-0.12334781,2.252789,1.883295,2.290541,4.8161774,0.5525102,1.3587224,1.6193125,2.3937163,2.1264718,3.1396785,3.1818726,2.5471663,1.4749124,5.762502,2.4874482,2.5000772,2.646354,2.8448663,3.0630686,1.4349277,2.0441287,2.3410664,-0.10256614,7.373859,7.5927525,3.1910105,1.641629,8.477764,1.284496,2.1119134,7.3687677,3.2324014,3.203775,2.0380802,1.222326,1.5895913,1.954884,2.262839,3.6975825,3.8893564,1.5454971,1.5823482,1.7839022,-0.082459606,1.8568087,2.1891537,2.7828596,3.901866,2.2649632,6.5865364,7.8615117,3.2462378,2.402244,6.4077544,2.2426007,-0.119081676,1.8085428,3.2657623,3.198054,3.0333023,-0.19755594,5.248146,1.6210114,3.1849957,3.2000642,3.0496924,2.9041586,6.2404184,-0.08916744,-0.11956477,2.1204784,4.502244,3.8743663,6.5287433,5.035293,6.9033356,2.5594754,6.4205413,1.7165873,6.34924,0.63029075,-0.17647925,6.819692,2.3259745,-0.15388772,4.626,4.0091825,-0.18186735,4.2876606,1.7147605,6.493795,2.2982051,2.051936,5.940246,2.5766947,2.596671,5.7445474,6.564489,2.7136831,2.5867405,2.5530357,2.547337,2.2189436,2.034454,2.4334307,3.1769567,2.9556472,2.969623,2.7472835,3.3734918,1.8691221,7.4141006,1.9515847,2.4577506,6.960625,3.1155772,3.2046115,2.1828523,1.2415981,2.5413814,2.320118,-0.14106366,1.9478588,-0.19987361,4.378136,2.6487126,2.348689,2.0424585,3.9660177,-0.14610182,4.7522078,1.764612,2.126948,3.695222,4.964035,2.1358016,2.4923518,2.5225537,1.5759315,2.4360948,2.0527887,1.8202205,2.2865129,2.5082781,2.8376176,2.373115,1.9228147,2.9011347,2.5270913,2.361909,2.0750594,2.3580835,3.5289392,-0.13176009,2.1892993,2.420172,2.0302885,3.503052,7.448301,2.381919,-0.17082691,-0.026243303,2.7841468,-0.2829064,-0.31316653,3.3067408,2.4194632,6.5275574,7.7536616,1.4163871,2.3604162,3.241057,3.1488261,1.5484842,1.797318,-0.10702289,1.5238751,-0.12759323,2.5449002,-0.15746465,2.7853117,1.8750455,-0.0969081,-0.16398169,2.3809664,7.306783,4.933184,5.830113,2.5628238,2.0792649,4.971094,1.8570186,7.0034866,2.9348483,2.2955737,2.2239676,3.4318957,1.9980237,1.4970906,6.9996824,2.253654,1.686816,6.685119,0.85359836,2.2165408,-0.24483351,4.150061,6.393474,2.427849,2.607901,2.1876986,4.943719,-0.0782174,2.8719554,2.736731,7.9000053,6.387084,1.8903404,4.311837,8.044211,7.073492,7.685133,-0.13855581,-0.19385117,1.6213014,2.5910373,-0.19487974,3.1981487,3.1215963,1.8321997,2.3766751,1.6890366,2.6466675,3.244706,2.8727105,2.8242717,2.3712082,2.3644722,1.6733432,2.5481825,2.6931348,3.0246577,3.2650862,2.0007885,2.4455297,1.8778272,1.2989025,2.3715816,6.165933,2.6811035,2.6293929,4.5334806,2.5727723,2.3874145,-0.19202894,2.7105956,3.0369322,5.8912377,3.3212066,3.0253367,2.8680806,3.2281106,2.622899,-0.14054683,2.157329,2.9651432,2.2937226,2.7232893,-0.30584824,2.7849844,3.0216565,3.2261665,-0.11441202,2.501069,2.33502,2.9726837,2.782182,2.740609,5.697289,6.2922215,2.1271038,2.5503085,2.2766829,-0.24156228,3.0047724,1.694793,2.245505,2.353139,2.907786,1.8185176,2.2307537,2.5317616,2.6621566,3.0430932,2.558329,2.4763956,7.9151206,2.929546,2.7324498,-0.14723541,2.8041127,-0.11499533,-0.10471026,2.2356167,5.0164285,2.9552543,3.7165437,2.7719326,4.564195,5.066088,5.0428653,2.934312,4.352565,1.5128865,1.5074364,1.8930318,2.252005,2.4568465,1.6145949,3.1597779
k__Bacteria|p__Firmicutes|c__Negativicutes|o__Veillonellales|f__Veillonellaceae|g__Veillonella|s__Veillonella_parvula,1.781895,3.1711447,-0.01704156,-0.20428483,-0.010103302,-0.0050771786,-0.1666669,-0.01563973,-0.020337947,-0.0071033174,-0.0066361027,-0.0032371506,-0.010660071,-0.00085433084,-0.025300648,-0.026682246,-0.058144663,-0.026200362,-0.02426686,-0.010095951,-0.1978925,-0.12536043,-0.017611474,-0.013909426,-0.009856418,4.4433737,-0.010374994,-0.008980953,4.1660213,0.76399946,-0.017976101,-0.02485928,-0.015239237,-0.004692627,-0.0061341478,-0.2175087,-0.01161035,1.5889087,-0.004343463,4.696568,-0.29210672,-0.0047640866,-0.02431224,-0.09162698,-0.13691942,-0.013501807,-0.23188588,-0.0047732666,-0.015354857,-0.2026537,-0.0054873126,-0.18279888,-0.004574323,-0.005262946,-0.0056566503,-0.013151711,-0.020222347,-0.016133852,-0.027704455,-0.027175386,-0.009656532,-0.016298614,-0.13743341,-0.015290547,-0.12719077,-0.014547879,4.834538,-0.22333384,-0.005322191,5.3013005,-0.015552954,-0.014661131,-0.019361058,-0.01662172,-0.014593704,-0.011156403,-0.012717059,6.2584505,-0.011996062,2.2460718,-0.015149651,-0.013093151,-0.014001195,-0.22480208,5.4787126,-0.01667254,-0.021974135,-0.011977419,-0.008978986,-0.013474831,-0.008076149,2.108429,-0.1388583,-0.13027036,-0.019542811,-0.15152657,-0.016002338,-0.02242503,6.042677,-0.028321877,-0.02491149,-0.021488424,-0.018114276,-0.15027548,-0.012102782,-0.1185138,2.488686,1.8740323,1.9567997,-0.018890757,-0.012228696,4.2568183,-0.014867389,-0.018703021,-0.017013073,-0.15095688,-0.17780018,-0.011578312,-0.22917573,3.5140789,-0.023698691,-0.018176552,-0.0194668,5.064989,-0.009251593,5.9709315,4.4612236,-0.12777606,-0.07092635,-0.03704006,-0.017727628,-0.011875606,-0.008037865,5.3623743,5.2088304,-0.0177344,4.114697,-0.017589442,1.8466065,-0.26654312,-0.029675769,-0.10945694,-0.016104396,-0.09238048,-0.0062273256,-0.005596486,-0.014088488,-0.028202776,1.7663193,-0.0147936875,-0.014624605,-0.012656707,-0.009963211,-0.007037095,-0.028840274,-0.020825282,-0.016542427,-0.10256614,-0.17951453,2.3846667,-0.0055168075,-0.026080362,-0.13113372,-0.03169463,-0.02020349,2.2925212,-0.004728075,-0.005383308,-0.020497026,-0.031313963,-0.026885567,-0.022167053,-0.017854769,4.3107142,1.711878,-0.0273857,-0.02693591,-0.02426686,4.717767,-0.023399502,-0.018704934,-0.010686522,-0.1410757,-0.017732967,-0.18093297,-0.17825818,-0.0050289063,-0.016205149,-0.15549555,-0.018179819,-0.119081676,-0.14001076,4.858023,-0.0053668655,-0.0075431587,4.4422855,8.369663,3.556992,-0.005170486,-0.005343497,-0.0074451566,-0.009620445,4.3527393,7.1915007,5.516591,-0.019676195,6.853179,6.53926,4.6382885,4.7901773,-0.32474133,-0.016214842,-0.3242122,-0.17325558,-0.17108874,-0.2185038,-0.17647925,7.914306,-0.016891768,7.022716,-0.15788373,7.344864,1.0210296,0.0059500793,-0.025087353,3.6849155,-0.017240709,-0.020596156,2.066724,-0.013323404,-0.013025746,-0.14014931,-0.15141064,-0.011505544,-0.013229558,-0.013789292,-0.014115992,-0.018564258,-0.020727336,-0.015409262,-0.005477218,-0.008340725,-0.21025829,-0.3990198,-0.0070027867,-0.022967422,7.5591636,-0.02218818,-0.015289944,0.69820595,-0.006146717,-0.0052044615,-0.018833067,-0.03136336,-0.014261089,-0.01696066,-0.14106366,-0.021808598,5.1184034,-0.1649412,-0.012329913,-0.01704754,-0.020774554,-0.12722544,-0.14610182,5.4827228,-0.02452318,-0.13074079,3.349452,5.3428984,-0.019395871,-0.014455471,-0.014011715,-0.026831914,4.4639516,-0.020763323,-0.023679957,-0.01762054,-0.014448494,-0.010242373,-0.016200181,-0.022200052,-0.009278784,-0.014117929,-0.016443698,-0.020325847,-0.013939908,6.2674108,9.217234,-0.018901799,-0.015631802,-0.020826675,3.8009505,-0.05825615,-0.01613515,2.0176187,-0.026243303,-0.011270224,-0.2829064,-0.31316653,-0.005944931,-0.0156062385,1.842507,2.7014275,-0.12963767,3.3802388,-0.004697256,-0.0059735095,-0.027224397,-0.023992322,-0.10702289,-0.028051304,-0.12759323,-0.014227344,-0.15746465,-0.010656723,1.8809459,-0.0969081,-0.16398169,-0.015989495,2.2491484,5.8104043,-0.1706479,-0.0136211,-0.020171802,-0.115196005,-0.023492653,-0.11662802,-0.00867281,-0.017257132,-0.018198736,-0.096878245,-0.021531338,-0.027955052,4.856906,-0.017602026,-0.063823454,7.8684545,2.7090182,-0.018640969,-0.24483351,2.6617267,0.91035694,-0.015575952,-0.013166141,-0.019017117,-0.19104545,-0.0782174,-0.0099832155,-0.011517744,2.455724,3.3372986,-0.02238395,-0.076612435,-0.083404,-0.1213824,3.5606852,-0.13855581,-0.19385117,-0.026338529,-0.013566585,-0.19487974,-0.0052381307,-0.00659978,-0.023423444,-0.016104167,-0.025250126,-0.012564175,-0.0048898812,-0.010103938,-0.007812787,-0.016236562,-0.016452156,-0.025920399,-0.01415996,-0.011913982,-0.007712174,-0.002312066,-0.021184448,-0.015214686,-0.0226934,-0.030683031,-0.01713631,2.0289025,-0.011786367,6.270418,6.0209365,6.428833,-0.016105019,5.7280746,-0.011663263,-0.0073367087,6.8347054,-0.005001272,-0.008465134,-0.009688749,-0.0053074285,-0.013271956,1.1221426,-0.019181162,-0.12557748,-0.01736864,-0.012246098,-0.30584824,-0.010865633,-0.007578925,-0.0047917115,-0.11441202,-0.014770085,-0.01679609,-0.00837764,-0.010820208,-0.01128095,-0.14331086,-0.18237996,-0.019687016,-0.014237355,-0.018577762,5.8928432,-0.007582741,-0.025327116,-0.017961279,-0.01656857,-0.009047162,-0.023601256,-0.018337216,-0.011562404,-0.0122094825,-0.0071922075,-0.013973613,-0.014933659,-0.19184028,-0.00868371,-0.011192866,-0.14723541,-0.14623587,-0.11499533,-0.10471026,-0.018612629,5.367644,-0.008149671,7.1506414,-0.010653646,7.577421,5.995099,2.542422,-0.008891272,0.009321759,-0.02773485,-0.02783906,-0.022839412,-0.018124387,-0.015321264,-0.026583117,-0.0034284221
k__Bacteria|p__Firmicutes|c__Clostridia|o__Eubacteriales|f__Oscillospiraceae|g__Flavonifractor|s__Flavonifractor_plautii,-0.1004395,-0.12316422,-0.11972325,-0.20428483,-0.121459134,-0.12223601,2.5928645,-0.121353574,-0.120398834,-0.123043306,-0.12152836,-0.11016078,-0.12257181,-0.11151929,-0.119578645,-0.118334845,-0.058144663,-0.12005769,-0.1193726,-0.12241222,1.0666625,5.534878,-0.12139468,-0.12244496,-0.12192291,-0.11658599,-0.1227656,-0.12335484,-0.1509206,-0.12124001,-0.121259585,-0.11879348,-0.12123887,-0.12132084,-0.12293407,3.3260853,-0.12075653,2.539331,-0.12116358,2.6540973,0.8283479,-0.121867776,-0.11977882,-0.09162698,-0.13691942,-0.121352434,3.7463377,-0.12228992,-0.12122555,-0.2026537,-0.12194036,-0.18279888,-0.1206426,-0.11997113,-0.11900123,-0.123278655,-0.120573275,-0.12120836,-0.12005002,-0.11921775,-0.122454494,-0.12209836,1.689682,-0.121333815,-0.12719077,-0.12125829,5.111435,-0.22333384,-0.12253375,-0.20047067,-0.12161203,-0.12162264,-0.120228276,-0.12087619,-0.12246531,-0.12267861,-0.11642365,-0.16278498,-0.12081596,-0.14998752,-0.121987164,-0.12099841,-0.12188756,2.7793293,-0.120334074,-0.121264994,-0.120140806,-0.122514635,-0.12256584,-0.12111221,-0.11692879,-0.11139822,-0.1388583,-0.13027036,-0.12124488,-0.15152657,-0.12218914,-0.12072994,-0.10065024,-0.119003296,-0.119892426,-0.12025206,-0.12093204,-0.15027548,-0.122611076,-0.1185138,-0.11129953,-0.1578567,-0.17738779,-0.12028994,-0.12093732,-0.25953975,-0.12125139,-0.12030089,-0.12040235,-0.15095688,1.897394,-0.12049261,1.158509,-0.09015879,-0.12025394,-0.12087911,-0.12051341,2.7335043,-0.121953264,3.864188,3.1499364,-0.12777606,-0.07092635,-0.03704006,-0.12040462,-0.12249245,-0.12292037,-0.14332479,-0.12334781,-0.1210686,-0.12023825,-0.121310756,6.632352,-0.26654312,-0.11922237,-0.10945694,-0.122027695,-0.09238048,-0.12272769,-0.122275054,-0.12129223,-0.11925851,3.5148194,-0.121500336,-0.12125904,-0.12165807,-0.122095205,-0.12376332,-0.11876857,-0.12040676,-0.12102038,-0.10256614,-0.17951453,-0.19495486,-0.12276769,-0.11973069,-0.13113372,-0.11776939,-0.12074441,5.8078685,-0.12249782,-0.122475624,-0.121444985,-0.11857112,-0.11903834,-0.11966523,-0.12109183,-0.12406494,-0.121451,-0.1190655,-0.11898717,-0.119944036,-0.082459606,-0.11979197,-0.121331766,-0.12277119,-0.1410757,-0.120695725,-0.18093297,-0.17825818,-0.12151684,-0.12095552,-0.15549555,-0.121095106,6.346519,5.32125,5.8707595,-0.121251345,-0.12173727,6.689283,-0.25103784,-0.20219928,-0.12270584,-0.12193899,-0.12216387,-0.12097421,4.6446157,-0.08916744,-0.11956477,-0.12071845,-0.15751183,-0.20931396,-0.18224281,5.560123,-0.32474133,-0.119440705,-0.3242122,-0.17325558,-0.17108874,1.6312984,-0.17647925,-0.114121355,-0.12061705,-0.15388772,-0.15788373,-0.22984435,-0.18186735,-0.11511657,-0.11959157,-0.12455491,-0.121359274,-0.120907836,-0.15189947,-0.122405544,-0.12259261,-0.14014931,-0.15141064,-0.12279293,-0.12155564,-0.12179695,-0.12122823,-0.12053962,-0.12071782,-0.121338874,-0.1234304,-0.12211181,1.4992752,4.7274246,-0.118771866,-0.12010722,-0.1296617,-0.1198415,-0.12183146,-0.16636807,-0.12349886,-0.12274717,-0.12095493,-0.118543945,-0.12197532,-0.12121749,3.32346,-0.12175456,5.2067447,1.4733806,-0.12129421,-0.12050532,-0.12056562,-0.12722544,4.647512,3.4120474,-0.119728655,-0.13074079,-0.09132757,-0.12832497,-0.1215108,-0.121941894,-0.122552544,-0.11959745,-0.08910369,-0.120699614,-0.119982794,-0.12093279,-0.121693045,-0.12250903,-0.121415354,-0.120609306,-0.122449026,-0.121792674,-0.12150253,-0.11991061,-0.11632607,-0.17466888,-0.13176009,-0.120879665,-0.121400274,-0.12063077,-0.08722703,-0.05825615,-0.121475175,2.1783166,-0.026243303,-0.12067867,-0.2829064,1.7025237,-0.12078977,-0.121398866,-0.14331596,2.6290984,3.8765953,1.6962942,-0.12169187,-0.12293336,-0.11980036,-0.11992268,-0.10702289,-0.11968167,3.0717337,-0.12182697,2.7179787,-0.121721506,-0.12812386,-0.0969081,-0.16398169,-0.122519515,-0.11335766,-0.18846886,-0.1706479,-0.12131795,-0.12068501,-0.115196005,-0.12003021,-0.11662802,-0.12300728,-0.121199384,-0.12088856,-0.096878245,-0.1198879,-0.11972125,-0.12434345,-0.12208149,-0.063823454,-0.13877153,-0.11419349,-0.12073545,1.1846737,-0.2571875,-0.29957527,-0.12102905,-0.12153037,-0.12063518,-0.19104545,-0.0782174,-0.12131339,-0.12234358,-0.09859173,-0.11065883,-0.12145574,-0.076612435,-0.083404,-0.1213824,-0.13072303,-0.13855581,-0.19385117,-0.119215965,-0.12157008,3.5744033,-0.122486845,-0.12250811,-0.12030959,-0.12115949,-0.120116845,-0.12239833,-0.12182391,-0.122805804,-0.11638248,-0.121155925,-0.12082357,-0.11874377,-0.12174037,-0.12173215,-0.12200853,-0.116081364,-0.12062577,-0.121700436,-0.120399274,-0.11899163,-0.12088747,-0.20725825,-0.12196967,-0.125103,5.006931,-0.15690626,-0.120711654,-0.19202894,-0.12208033,-0.12345055,1.5125773,-0.11718243,-0.12156626,-0.1215859,-0.12136782,-0.121150345,-0.14054683,-0.1207158,4.541586,-0.121252894,-0.12100583,3.0199983,-0.121752486,-0.12280204,-0.12229951,-0.11441202,-0.12220763,-0.120894805,-0.12233375,-0.12203658,-0.122339934,7.1785574,4.6692777,-0.11992314,-0.1211842,-0.11995637,6.6730485,-0.12167597,-0.11971724,-0.120670855,-0.12148519,-0.12259349,-0.12006475,-0.12088077,-0.116923615,-0.12171755,-0.121701196,-0.12217067,-0.12159476,1.9388599,-0.122145474,-0.12299773,-0.14723541,-0.14623587,3.5978436,-0.10471026,-0.120968975,-0.20148799,-0.12302157,-0.12513243,-0.12116922,-0.18041904,-0.18738703,-0.11705899,-0.12362437,-0.120582476,-0.1191939,-0.11937873,-0.11976965,-0.12088619,-0.12123982,-0.11922883,-0.11735919
k__Bacteria|p__Firmicutes|c__Bacilli|o__Lactobacillales|f__Streptococcaceae|g__Streptococcus|s__Streptococcus_mitis,-0.1004395,-0.12316422,0.29190445,4.2404037,0.38979262,0.49136418,3.0645883,0.3049133,0.2280767,0.45327386,0.4519397,0.6076825,0.39869776,0.5437111,0.1432023,0.1275915,-0.058144663,0.1295236,0.16127598,0.4042604,-0.1978925,-0.12536043,0.271434,0.33301532,0.40666935,1.9219971,0.39155552,0.41600215,2.6163495,-0.12124001,0.26670736,0.15318176,0.3175332,0.49939227,0.47431895,2.3751874,0.36657062,2.4085572,0.5051311,1.5152907,1.1549618,0.5081245,0.15868342,2.462989,1.8512174,0.3433191,-0.23188588,0.49265507,0.3108992,-0.2026537,0.4556309,-0.18279888,0.5055114,0.50909895,0.5265025,0.35279512,0.23030896,0.29975414,0.10130994,0.11443563,0.4058631,0.2946241,1.7632526,0.31212384,-0.12719077,0.32902533,-0.2613474,1.3345387,0.4736668,0.6873766,0.30719417,0.32111737,0.24952178,0.29573315,0.3262822,0.3779451,0.32396144,2.6570408,0.36063373,-0.14998752,0.31341147,0.3512998,0.3365445,-0.22480208,-0.120334074,0.29117918,0.20193508,0.36603153,0.4164806,0.3460037,0.4067817,-0.11139822,0.768022,-0.13027036,0.24172753,1.4847021,0.2959817,0.1911355,-0.10065024,0.094440304,0.15200093,0.20992553,0.26598096,-0.15027548,0.36378306,1.2541586,-0.11129953,-0.1578567,3.6769636,0.26051214,0.37807718,-0.25953975,0.3190225,0.25713342,0.29151177,-0.15095688,1.2292603,0.3768553,1.0397232,2.7536654,0.17062744,0.26506713,0.24542081,-0.13997786,0.41542226,-0.13908121,2.2675924,2.1859624,-0.07092635,0.9544988,0.27428442,0.37050125,0.43515563,4.277002,1.235893,0.26917082,1.2053356,0.27851677,2.5423553,1.6036388,0.06767944,-0.10945694,0.30215675,2.8427207,0.46936953,0.47889507,0.33545822,0.093833685,-0.13230102,0.32226756,0.32515812,0.35837263,0.4031619,0.4534654,0.08462952,0.2226119,0.28918725,1.9171196,-0.17951453,2.7768342,0.4820309,0.13180459,-0.13113372,0.051960148,0.23832113,-0.19006202,0.49067852,0.48422796,0.22132526,0.036634766,0.12001616,0.20232707,0.2718435,-0.12406494,-0.121451,0.10994494,0.118116885,0.16370603,1.8975127,0.18047965,0.25545946,0.38941693,3.925958,0.27169144,1.6243719,-0.17825818,0.49375033,0.30342573,-0.15549555,0.2676239,1.1392798,-0.14001076,1.1249495,0.4822178,0.4451185,-0.19755594,3.8873687,1.9815469,0.47922206,0.48258352,0.44923735,0.41599888,-0.27554205,-0.08916744,-0.11956477,0.23906067,2.3336737,0.9744484,3.0317163,-0.29657933,1.1646886,0.33575994,1.2385911,-0.17325558,-0.17108874,-0.2185038,-0.17647925,-0.114121355,0.2853709,1.8390464,2.1093926,1.768297,1.5736182,0.72957855,0.14811732,-0.12455491,0.27968723,0.22439915,0.7124538,0.34313905,0.34763575,1.7049704,-0.15141064,0.37415868,0.34452373,0.33744204,0.3358406,0.26180387,0.22026363,0.31008005,0.47864842,0.4279856,-0.21025829,-0.3990198,0.5239176,0.18293506,-0.1296617,0.20206013,0.3160677,3.7099466,0.46466112,0.48422617,0.25322622,0.041541435,0.33543077,0.28454643,-0.14106366,0.2007452,-0.19987361,1.5836836,0.3577971,0.29109433,0.22213802,1.8729306,-0.14610182,-0.2588673,0.1592297,1.9461714,0.9246463,2.0936856,0.24354514,0.32333744,0.33073452,0.11679879,1.811074,0.2246652,0.17183259,0.27705377,0.32709503,0.4019747,0.29676008,0.19481334,0.41577265,0.3313107,0.29432893,0.22926095,0.30593833,-0.17466888,-0.13176009,0.25547075,0.30748197,0.21949042,-0.08722703,-0.05825615,0.29869503,0.8008932,-0.026243303,0.38784742,2.6548126,1.8640699,0.50833404,0.3071834,5.524895,2.4064417,-0.12963767,1.3479307,0.49261186,0.47223744,0.110723406,0.16690393,-0.10702289,0.10648988,-0.12759323,0.33530095,-0.15746465,0.38954794,3.9020996,0.70209295,4.2513876,0.2990446,1.2813033,2.5528967,2.73491,0.33919236,0.23058142,-0.115196005,0.18073903,-0.11662802,0.42371455,0.27937204,0.2633729,-0.096878245,0.21221289,0.09922443,3.7653396,0.26960865,-0.063823454,-0.13877153,0.8444664,0.26129347,1.2105918,4.9100785,-0.29957527,0.30908456,0.3497644,0.25533688,3.0753353,-0.0782174,0.4096815,0.378873,1.5750346,2.5129914,0.18777388,-0.076612435,-0.083404,0.81070656,1.6787056,-0.13855581,-0.19385117,0.12747812,0.3459062,-0.19487974,0.4824362,0.46584505,0.17463078,0.2970442,0.14282262,0.35920128,0.4934712,0.4107818,0.41030043,0.29614925,0.294788,0.13827819,0.33631724,0.36853582,0.44321713,0.50995994,0.21295005,0.31331733,0.1845671,0.0544402,0.29682463,2.0960622,0.3657692,5.023587,1.5285009,2.6526213,0.29941875,1.7271494,0.37265345,0.44702876,2.6865323,0.5085525,0.4438275,0.40746838,0.48918968,0.3528621,-0.14054683,0.2480162,-0.12557748,0.2788061,0.37504646,-0.30584824,0.38916317,0.4436574,0.48853147,0.99122745,0.32601315,0.28768438,0.4317742,0.38911065,0.3797444,-0.14331086,-0.18237996,0.24075572,0.3366329,0.27546066,-0.24156228,0.43789884,0.14359555,0.26731494,0.292695,0.41775608,0.17125385,0.26459122,0.3452899,0.3618201,0.4468718,0.33948368,0.32044262,1.7728481,0.42195335,0.3782916,-0.14723541,-0.14623587,-0.11499533,-0.10471026,0.26604587,1.4215847,0.42813513,1.0342436,0.38469672,1.7308159,1.102354,-0.11705899,0.4250778,0.743109,0.10245781,0.10135075,0.18814157,0.26969963,0.3158335,0.12554032,0.48666686
k__Bacteria|p__Firmicutes|c__Clostridia|o__Eubacteriales|f__Clostridiaceae|g__Clostridium|s__Clostridium_butyricum,-0.1004395,-0.12316422,0.44898403,-0.20428483,0.61785156,0.7947824,5.2866282,0.47203672,0.33839995,0.7299907,0.72622204,0.997175,0.6336459,0.8898048,0.1910142,0.16406882,-0.058144663,0.16823931,0.22222362,0.64402497,2.2480235,7.6876135,0.41365206,0.5205146,0.64792293,6.4706492,0.6220859,0.6647551,-0.1509206,-0.12124001,0.40546897,0.20823371,0.49369472,0.8088311,0.7657553,-0.2175087,0.5770006,0.6000092,0.81783885,-0.29867563,-0.29210672,0.824259,0.21808879,-0.09162698,2.443594,0.53840554,4.3858266,0.7967977,0.4819712,-0.2026537,0.7319932,-0.18279888,0.81913394,0.82514846,0.8566515,0.5555732,0.34231156,0.4627049,0.11867903,0.14125454,0.6467793,0.453889,4.466319,0.48414275,4.4805818,0.51355624,5.3914056,4.6121,0.7636855,1.7138925,0.47579333,0.49964723,0.3755418,0.45587456,0.50932556,0.5983758,0.5074416,-0.16278498,0.5675628,3.3643258,0.48621792,0.55197126,0.526596,5.087151,-0.120334074,0.4479602,0.29316753,0.5779979,0.6650926,0.54254216,0.65140784,-0.11139822,5.1422243,-0.13027036,0.3622144,-0.15152657,0.456338,0.27446705,-0.10065024,0.10683045,0.20680775,0.3069855,0.40422145,2.8964784,0.5739356,-0.1185138,-0.11129953,2.1896873,-0.17738779,0.39453205,0.597865,4.29837,0.4960445,0.38874274,0.4485398,0.64508027,3.8244562,0.59564304,1.2810985,-0.09015879,0.23885837,0.40269595,0.36852235,-0.13997786,0.66321814,-0.13908121,4.5216804,-0.12777606,2.1226785,-0.03704006,0.41858643,0.585636,0.69757444,6.69815,-0.12334781,0.4097005,4.265369,0.42627114,7.4480467,7.61761,0.060400754,-0.10945694,0.4672853,-0.09238048,0.7572871,0.77348125,0.5249542,0.10571599,5.435183,0.5018716,0.5068805,0.56447697,0.64186263,0.72950435,0.08954809,0.3290226,0.44438958,-0.10256614,5.331089,4.587459,0.7787746,0.17158179,3.6317406,0.033442654,0.35638493,3.7255867,0.79357713,0.7825445,0.32702732,0.006141063,0.150986,0.2937408,0.41466206,2.883743,-0.121451,0.1335958,0.14782381,0.22709283,-0.082459606,0.25620627,0.3862874,0.6185633,8.245603,0.41397956,7.461798,5.6314692,0.79882526,0.46897435,3.153898,0.40706176,-0.119081676,-0.14001076,4.1828017,0.77879953,0.714514,5.736348,5.9112926,6.373499,0.77368635,0.7793633,0.72212243,0.66408885,3.9700527,-0.08916744,-0.11956477,0.35766032,-0.15751183,-0.20931396,-0.18224281,5.420273,6.231432,0.5261332,4.3995347,3.5834217,4.082919,5.0804114,1.337715,7.004426,0.4376052,5.799907,3.6005156,4.2033863,2.3786438,1.2076731,0.19975217,-0.12455491,0.42821395,0.33220473,-0.15189947,0.5383635,0.54590106,-0.14014931,-0.15141064,0.5919645,0.53995544,0.52812004,0.5250489,0.39701787,0.3247195,0.4804098,0.77350736,0.6851655,4.89294,5.058902,0.853528,0.26035446,-0.1296617,0.29365185,0.49122545,-0.16636807,0.7491418,0.78239936,0.38200998,0.01481542,0.52460355,0.43625587,5.091432,0.29178917,6.2660065,-0.1649412,0.5629133,0.4476927,0.32811356,5.3576446,4.4809217,6.3450317,0.21907887,-0.13074079,-0.09132757,-0.12832497,0.36564362,0.5035529,0.5167111,0.14559372,-0.08910369,0.33276844,0.24085237,0.42352203,0.5101793,0.6400833,0.45748365,0.28065395,0.66433316,0.5176239,0.45358995,0.3403436,0.47674173,2.2199368,3.1768844,0.3858899,0.47613084,0.32355005,-0.08722703,-0.05825615,0.46113062,-0.17082691,-0.026243303,0.6149019,-0.2829064,0.89418024,0.8258468,0.47564173,-0.14331596,4.493119,7.2122345,2.8019707,0.79647136,0.7616284,0.1349555,0.23239106,-0.10702289,0.12798768,5.2110105,0.5246259,5.3973885,0.6183584,-0.12812386,3.2483387,2.6167889,0.46180224,-0.11335766,4.5387673,3.4674964,0.53070104,0.34258658,-0.115196005,0.25638217,-0.11662802,0.6781604,0.4274037,0.39960882,-0.096878245,0.31099653,0.115331165,5.966715,0.41077653,-0.063823454,-0.13877153,-0.11419349,0.3961214,2.6939979,3.745092,3.5630126,0.47886252,0.54954785,0.3856713,-0.19104545,-0.0782174,0.6532514,0.5998633,-0.09859173,5.020281,0.26881057,-0.076612435,-0.083404,4.510336,-0.13072303,-0.13855581,-0.19385117,0.16368654,0.5424469,7.078476,0.7792562,0.750638,0.24574722,0.4581182,0.19066252,0.5659627,0.79847646,0.6560234,0.6570145,0.45644563,0.4540468,0.18251252,0.52647233,0.5820745,0.71151567,0.830185,0.31223157,0.4864993,0.26305947,0.03753887,0.45768806,4.4326234,0.57683754,-0.125103,-0.15657571,-0.15690626,0.46204352,5.81561,0.58873343,0.71817285,-0.2963242,0.82330966,0.7125083,0.649719,0.7913233,0.5547564,0.8613308,0.3729499,2.4696126,0.4263731,0.5924406,1.1528336,0.6173754,0.71192044,0.789819,-0.11441202,0.50861967,0.4418115,0.69180596,0.6174556,0.6014519,7.7865343,5.79892,0.3598004,0.5265955,0.42029008,4.117804,0.70185125,0.19198272,0.40634647,0.4507056,0.66730666,0.23974696,0.40172443,0.5449012,0.5705757,0.7177206,0.53186285,0.4984069,-0.19184028,0.6741111,0.59900045,-0.14723541,-0.14623587,7.0810676,7.906853,0.4046171,5.146927,0.6851696,-0.12513243,0.6101343,-0.18041904,-0.18738703,-0.11705899,0.68057674,1.2309048,0.120595485,0.11878811,0.26906264,0.41082126,0.4906484,0.16047361,0.789881
k__Bacteria|p__Firmicutes|c__Clostridia|o__Eubacteriales|f__Clostridiaceae|g__Clostridium|s__Clostridium_perfringens,-0.1004395,-0.12316422,0.37409455,-0.20428483,0.4407215,0.5102979,-0.1666669,0.38246882,0.33010116,0.4846167,0.48368287,0.5882733,0.44777054,0.5379013,0.27159426,0.2610465,-0.058144663,0.26226237,0.28401977,0.45052594,-0.1978925,4.2003922,0.3595125,0.4013467,0.4521914,-0.11658599,0.44227952,0.45839754,5.419251,4.838468,0.35636705,0.27879992,0.39123586,0.5162044,0.4986431,5.3540325,0.4244731,3.393985,0.5196761,2.8236105,3.5681763,0.5216196,0.28228313,4.9239283,2.2756085,0.40922377,2.29423,0.5117055,0.3865955,-0.2026537,0.4862032,-0.18279888,0.5199274,0.5218352,0.53355503,0.41571417,0.33126447,0.3789205,0.24264002,0.25186616,0.4517332,0.37506652,4.3049555,0.3873979,-0.12719077,0.39941886,-0.2613474,-0.22333384,0.4979967,4.922881,0.38386184,0.3935613,0.34445035,0.3762604,0.3967901,0.43218005,0.3862762,4.212679,0.42097533,3.3299692,0.38824618,0.41448078,0.40411612,1.6165369,4.4538302,0.3731562,0.31199855,0.4243424,0.45871982,0.41060472,0.443456,2.7084708,-0.1388583,-0.13027036,0.33916757,4.6696167,0.37663713,0.30447376,3.4617755,0.2384915,0.27784428,0.3174038,0.35587278,4.4493575,0.42275456,2.5883505,-0.11129953,2.7957644,5.947819,0.3514676,0.4324065,3.7883441,0.39227593,0.34994078,0.37341452,2.4912856,2.2282944,0.4321261,-0.22917573,6.246802,0.29060417,0.35515964,0.34169006,-0.13997786,0.45852485,-0.13908121,-0.16057305,-0.12777606,2.08021,-0.03704006,0.36202425,0.42739046,0.47170064,0.699055,2.301159,0.35830402,1.5113982,0.3643423,2.0488892,-0.26654312,0.21992557,4.3376374,0.38037544,-0.09238048,0.4958306,0.5020903,0.40407756,0.23792566,-0.13230102,0.39455533,0.3965323,0.41917562,0.4498941,0.48394722,0.23166616,0.3259825,0.371337,6.5007586,4.476176,8.013021,0.5036571,0.26378804,-0.13113372,0.20889464,0.33697844,-0.19006202,0.509917,0.50546825,0.32481465,0.19874719,0.2558155,0.3123295,0.36000234,3.0713472,2.9732397,0.24880552,0.25473136,0.28588384,-0.082459606,0.2975284,0.34887373,0.44038498,7.7223344,0.35997832,8.24542,4.5632243,0.5122032,0.38157582,2.931774,0.35667822,-0.119081676,-0.14001076,2.0375493,0.5043674,0.4785933,-0.19755594,-0.25103784,3.1890152,0.5024611,0.5046934,0.4818322,0.45906386,-0.27554205,4.743755,2.051232,0.33781046,-0.15751183,3.0050998,2.6671083,1.3093579,4.1056232,0.40589803,0.5980862,-0.17325558,-0.17108874,-0.2185038,-0.17647925,-0.114121355,0.3694706,-0.15388772,-0.15788373,-0.22984435,-0.18186735,0.6742962,0.27499416,4.2031617,0.36541218,0.32737112,-0.15189947,0.4087126,0.4115219,6.387765,5.6653404,0.4296201,0.409637,0.40462762,0.40365553,0.35319585,0.32441288,0.38620597,0.5014404,0.46691358,-0.21025829,-0.3990198,0.5348623,0.29901934,-0.1296617,0.31211412,0.3901906,1.5965555,0.49195987,0.5054676,0.34705916,0.20213118,0.4031689,0.36862373,-0.14106366,0.31073242,-0.19987361,4.607198,0.4190192,0.37299457,0.32587856,3.302837,-0.14610182,3.994716,0.28264672,-0.13074079,1.8140544,-0.12832497,0.3403741,0.39525905,0.40003747,0.25353247,2.962205,0.3275008,0.2914226,0.36356044,0.39783293,0.4488589,0.37678856,0.30718163,0.45863545,0.40076253,0.37528652,0.3308581,0.37429047,5.02586,6.585882,0.34852967,0.38430434,0.32392442,2.723982,-0.05825615,0.378235,-0.17082691,-0.026243303,0.439741,-0.2829064,-0.31316653,0.5227804,0.38401127,2.692674,2.9850152,1.9815332,-0.25088155,0.5112447,0.49691632,0.24932331,0.28789127,-0.10702289,0.24611057,-0.12759323,0.4035331,-0.15746465,0.44060716,4.7948017,6.5215,5.6569314,0.37820327,5.5571537,6.3318915,-0.1706479,0.4059306,0.33137795,1.7581656,0.29717356,-0.11662802,0.46410224,0.36486614,0.35396335,4.1636586,0.31913698,0.2416093,4.7254734,0.35834044,-0.063823454,2.5570245,-0.11419349,0.35266572,3.6736465,5.1855974,4.141318,0.38528457,0.41331178,0.34840226,1.7225735,-0.0782174,0.4542844,0.4331081,3.9457858,8.064638,0.30211812,5.1189227,4.936681,3.4779007,4.4965587,6.3645034,5.3127418,0.26055232,0.41036552,-0.19487974,0.50438046,0.49277994,0.29316634,0.37742916,0.27136436,0.41934302,0.511878,0.45452845,0.4460216,0.37651503,0.37559652,0.26842797,0.40410548,0.42641497,0.47760937,0.5146605,0.31941086,0.38829422,0.300131,0.21092308,0.37659484,4.7706275,0.4240887,-0.125103,-0.15657571,1.7383741,0.37898314,-0.19202894,0.42880505,0.47965258,6.3610907,0.5233921,0.47826663,0.45375335,0.5093925,0.4156794,-0.14054683,0.34343576,3.2582052,0.3645394,0.43017754,3.0130947,0.44025505,0.4774354,0.5088061,3.6426811,0.39695573,0.37103903,0.4695352,0.44017246,0.43376756,3.450376,3.111987,0.33845335,0.40411246,0.36178654,-0.24156228,0.47434214,0.2719128,0.35702395,0.3740651,0.45966142,0.29099622,0.35497195,0.40117675,0.42152965,0.48041397,0.40585214,0.39292908,3.0481927,0.46267885,0.43253252,3.968743,6.5392513,-0.11499533,4.6438794,0.355912,2.5619178,0.46672064,3.207224,0.4380063,4.215764,3.1092093,4.3092647,0.4642825,0.6841711,0.24378332,0.24307644,0.30260342,0.35844654,0.38994068,0.2596439,0.4982999
k__Bacteria|p__Firmicutes|c__Bacilli|o__Lactobacillales|f__Streptococcaceae|g__Streptococcus|s__Streptococcus_parasanguinis,-0.1004395,-0.12316422,1.904267,3.4765654,2.2904143,2.684742,2.6519408,1.9503039,1.6516945,2.5323725,2.5335493,3.1469183,2.3172164,2.856761,1.3152032,1.2553546,-0.058144663,1.2576706,1.3880725,2.3410835,1.2623912,2.894506,1.8174137,2.0579493,2.3506315,4.1516194,2.2930179,2.3849783,6.78774,4.828247,1.8015988,1.3573766,2.001925,2.7167127,2.6154466,4.486943,2.2007866,4.41966,2.7442503,3.9948218,4.457141,2.7487056,1.3753871,3.277563,6.5780697,2.104642,3.700632,2.6916316,1.9742038,4.3173394,2.5532408,4.489491,2.7434528,2.7537632,2.8171043,2.1288793,1.6568687,1.9292743,1.1478055,1.2013471,2.3466249,1.9071,4.334684,1.9791434,1.0153733,2.047535,1.6221697,-0.22333384,2.6169848,-0.20047067,1.9570589,2.0138068,1.733301,1.9134045,2.0271437,2.2338104,1.9845321,4.810166,2.1754608,-0.14998752,1.9836531,2.1356254,2.073948,1.213457,-0.120334074,1.8966812,1.5464075,2.187591,2.3877451,2.1155362,2.312231,2.1750379,3.8681192,6.630322,1.7001555,3.3304589,1.9162756,1.5018295,1.7147238,1.1240443,1.3479066,1.5760267,1.7970865,-0.15027548,2.18089,4.6780086,6.240812,4.242614,5.5887313,1.772889,2.2433395,6.232884,2.0077868,1.7658055,1.8988844,6.134015,5.346798,2.239697,4.6075926,-0.09015879,1.4240724,1.7948142,1.7159069,-0.13997786,2.3883913,-0.13908121,5.2207146,3.6860774,-0.07092635,-0.03704006,1.832424,2.2072368,2.4621391,4.6948595,-0.12334781,1.8119054,-0.12023825,1.8449612,3.8846734,3.007906,1.0175067,3.4952457,1.9357419,3.7852473,2.5992727,2.637465,2.0735235,1.1208854,3.16835,2.0201404,2.0314078,2.1608515,2.3375826,2.5293784,1.0863036,1.6258016,1.889538,4.9350157,3.814808,3.5741255,2.6444163,1.2691875,1.7235892,0.95360065,1.6873051,-0.19006202,2.6818953,2.6568868,1.6191238,0.8968742,1.2232611,1.5482426,1.8203968,-0.12406494,2.6641965,1.1838547,1.2170506,1.3954587,-0.082459606,1.4602972,1.754496,2.2806444,5.6427135,1.8232152,5.6541905,5.3037653,2.6958606,1.9455667,4.675071,1.8024712,1.3220552,-0.14001076,2.5776408,2.6525702,2.506188,1.1566978,4.9207892,5.306831,2.6404426,2.654745,2.5200467,2.3928845,1.996642,2.5422933,3.899128,1.6953135,4.227606,3.1318657,6.291926,1.8606735,3.7259805,2.0912306,3.9533277,-0.17325558,3.1044295,1.7946804,4.2742133,5.368953,1.8776792,3.1523466,1.5314733,3.4290767,3.163935,3.6318736,1.3343077,3.2382522,1.8516889,1.6330677,2.8278394,2.0975013,2.115201,4.68424,2.3702738,2.2191534,2.1084676,2.0779219,2.07452,1.782176,1.618024,1.9725038,2.6308565,2.4364114,3.0666761,1.9176593,2.8132586,1.4708415,-0.1296617,1.5441848,1.9936252,-0.16636807,2.5759912,2.6576855,1.750028,0.9145775,2.0676756,1.872025,-0.14106366,1.5385786,-0.19987361,4.0346775,2.1644769,1.8986042,1.6251564,-0.12722544,-0.14610182,-0.2588673,1.3788154,4.0523186,1.713338,4.204141,1.7065191,2.0242996,2.0490942,1.2102559,-0.08910369,1.634095,1.4280982,1.8417912,2.0388165,2.33032,1.9185705,1.518995,2.3866596,2.0552967,1.9076355,1.6551405,1.9125174,5.16272,2.8367078,1.755798,1.9599934,1.6138189,3.000258,3.804666,1.9261258,3.4412677,-0.026243303,2.2863786,2.4486957,2.3889542,2.7516615,1.9592867,5.7481003,4.19088,4.223142,5.38222,2.6903377,2.6074135,1.1865761,1.4068463,-0.10702289,1.1637907,-0.12759323,2.0714633,0.6545766,2.284046,4.6777015,3.609662,1.5562124,1.9230521,-0.11335766,3.8036995,1.1191627,2.0874033,1.6575265,-0.115196005,1.4605902,-0.11662802,2.4155407,1.8492093,1.7856033,5.7800956,1.5860028,1.1399034,3.3115704,1.8105953,-0.063823454,-0.13877153,-0.11419349,1.7800785,3.1816266,6.1962786,4.120494,1.9673575,2.1267614,1.7547569,4.2507257,-0.0782174,2.3631587,2.2407265,6.9664493,-0.11065883,1.4879646,-0.076612435,3.6444833,3.0881705,-0.13072303,-0.13855581,-0.19385117,1.2513256,2.113191,-0.19487974,2.6524253,2.5838776,1.4381733,1.9212356,1.3104334,2.1597676,2.694007,2.3606353,2.329774,1.916877,1.9108406,1.2994778,2.0741649,2.2022333,2.4984806,2.7214355,1.5876765,1.9816208,1.4788728,0.96478784,1.9189372,3.3717108,2.1919584,-0.125103,-0.15657571,-0.15690626,1.9319315,1.3063647,2.218827,2.5068724,4.042647,2.770995,2.5007293,2.3589025,2.6802385,2.1418705,4.1910243,1.7273352,5.1074467,1.8487766,2.2329469,-0.30584824,2.2863574,2.4943888,2.676742,2.270054,2.03166,1.8847775,2.4511251,2.2818599,2.2439995,3.7481713,4.2176847,1.7024944,2.0769649,1.836657,0.82013243,2.481024,1.3161495,1.8056977,1.8999178,2.3925624,1.4265742,1.7928754,2.0665336,2.173797,2.5144696,2.081815,2.0102706,-0.19184028,2.41369,2.2353616,2.0777087,2.6875086,-0.11499533,-0.10471026,1.797062,-0.20148799,2.4344406,4.1662416,2.2729053,4.72766,2.5257792,1.0666575,2.413962,3.6824212,1.1549333,1.1495996,1.4933646,1.8108959,1.9931067,1.2463558,2.625985
k__Bacteria|p__Firmicutes|c__Erysipelotrichia|o__Erysipelotrichales|f__Erysipelotrichaceae|g__Erysipelatoclostridium|s__Erysipelatoclostridium_ramosum,6.9650626,4.2582517,0.7731472,6.996222,0.9772796,1.1866155,5.529475,0.79941016,0.6401521,1.1073879,1.1064632,1.4267144,0.9947221,1.289743,0.4633742,0.43146217,-0.058144663,0.43448848,0.5013027,1.0054317,-0.1978925,-0.12536043,0.7295376,0.85690284,1.0106109,-0.11658599,0.979869,1.0297499,-0.1509206,-0.12124001,0.72007495,0.4847096,0.8256345,1.2037272,1.1507013,4.8361025,0.9291304,4.3475475,1.2163017,4.7046614,4.554779,1.2205486,0.49568847,-0.09162698,6.858894,0.880125,6.8292165,1.1902217,0.81165457,1.9971846,1.1154135,1.7106566,1.2160776,1.2223704,1.256347,0.8977206,0.6441239,0.78839284,0.3756989,0.40333366,1.008888,0.77707696,1.3108748,0.81439084,2.2198389,0.8499274,4.2517347,4.0843554,1.1507859,1.6193067,0.8035431,0.8329088,0.6839187,0.7798499,0.84206873,0.9503101,0.82959855,-0.16278498,0.91678315,-0.14998752,0.8167357,0.8962681,0.8645972,3.7817051,-0.120334074,0.77078944,0.5855158,0.9257796,1.0308717,0.88513136,1.0021237,3.5758305,4.557159,-0.13027036,0.6674051,0.9445164,0.7808704,0.56263304,-0.10065024,0.36228,0.48144364,0.6017334,0.7183779,6.9598627,0.9214045,-0.1185138,-0.11129953,-0.1578567,-0.17738779,0.70579684,0.95099586,4.153297,0.8291125,0.7005954,0.7713404,3.328944,-0.17780018,0.950188,3.485629,7.193954,0.52068144,0.71660095,0.67538434,6.7466154,1.0296814,3.6032279,-0.16057305,-0.12777606,-0.07092635,3.3418477,0.73636013,0.93519104,1.0697737,-0.14332479,-0.12334781,0.725613,-0.12023825,0.7437191,-0.25318068,-0.26654312,0.30644113,-0.10945694,0.7924322,2.590707,1.1416032,1.1613357,0.86356413,0.3609256,-0.13230102,0.83569306,0.84168494,0.91041994,1.0034896,1.1064663,0.34202856,0.62807214,0.76709795,7.8737354,5.101185,7.144019,1.1665494,0.43924603,-0.13113372,0.2724022,0.6603728,6.0358467,1.1854726,1.1719494,0.62521005,0.24234982,0.41495806,0.5862371,0.73059857,2.3591888,-0.121451,0.39421433,0.4116132,0.5059271,-0.082459606,0.5405787,0.6963763,0.97462183,-0.1410757,0.7309895,-0.18093297,-0.17825818,1.1920807,0.7960073,2.4000807,0.7212279,7.3077903,5.339614,5.04517,1.1690018,1.0913129,7.270881,-0.25103784,-0.20219928,1.162509,1.1694081,1.0995903,1.0309474,1.3704848,8.094943,8.003652,0.6632407,7.355306,7.8318944,5.9330144,4.379258,1.6611956,0.8670527,5.7141223,4.241027,5.871728,2.0546875,4.687915,-0.114121355,0.759583,4.512614,5.7265863,4.8815036,1.2491963,1.6828089,0.47353113,-0.12455491,0.7469763,0.6316575,-0.15189947,0.87824386,0.8873477,-0.14014931,-0.15141064,0.9422911,0.88209116,0.8666538,0.8637656,0.70992625,0.62327445,0.8103368,1.1596098,1.0556829,4.0918856,3.3258636,1.2536497,0.54603904,-0.1296617,0.5851416,0.8220437,-0.16636807,1.1308138,1.1721349,0.69243807,0.2517996,0.8615915,0.7571763,5.583542,0.582648,5.919083,1.9702216,0.91065437,0.7706101,0.62724626,5.2170687,4.1886816,4.128078,0.496795,3.5413525,-0.09132757,6.527567,0.6711385,0.8379157,0.852451,0.40843374,-0.08910369,0.6321569,0.5229479,0.74157715,0.84550154,1.0003724,0.78220963,0.57071054,1.0298772,0.8543519,0.7770879,0.6424763,0.7923634,-0.17466888,-0.13176009,0.69610125,0.8045316,0.62161213,-0.08722703,-0.05825615,0.7864207,-0.17082691,-0.026243303,0.97374314,1.6313106,1.8649737,1.2212372,0.8040281,-0.14331596,-0.14862512,-0.12963767,4.3960085,1.1897439,1.1463573,0.39553738,0.51234514,5.3142004,0.38505638,0.80341345,0.86264896,3.8777115,0.9756196,-0.12812386,-0.0969081,-0.16398169,0.78624916,-0.11335766,5.2425895,6.437193,0.87095124,0.64443725,4.4450436,0.5405468,3.845315,1.046036,0.74599147,0.7127034,-0.096878245,0.60664594,0.3716419,-0.12434345,0.72593117,-0.063823454,-0.13877153,-0.11419349,0.7085944,5.0891657,3.2659998,2.6645827,0.8080331,0.8924563,0.69555193,4.184583,-0.0782174,1.0165782,0.9526224,-0.09859173,-0.11065883,0.55565286,-0.076612435,-0.083404,2.378937,-0.13072303,7.60589,4.40947,0.43005735,0.8842575,5.6065207,1.168766,1.1333647,0.5285406,0.7836355,0.46193203,0.9109417,1.1914504,1.0176036,1.0102112,0.78131485,0.77835,0.45368284,0.86437875,0.93216085,1.0874205,1.217503,0.6079267,0.81654906,0.549707,0.27856237,0.78144324,3.9093492,0.92626,-0.125103,3.692425,2.9934127,0.7887449,5.89653,0.94018686,1.093732,-0.2963242,1.2258341,1.0878384,1.0139983,1.1831408,0.89929616,2.0037062,0.6810408,-0.12557748,0.74505746,0.9454418,-0.30584824,0.97457266,1.086741,1.1819627,-0.11441202,0.8424553,0.7642113,1.0632067,0.9740115,0.95472854,3.3952067,4.2003264,0.66644996,0.86520445,0.73697406,3.651938,1.0776325,0.46409678,0.7219558,0.7732073,1.0333195,0.52193797,0.7153791,0.8737174,0.917959,1.0957077,0.8697443,0.83099985,2.4620428,1.0429435,0.95098275,6.5757384,6.3794937,4.562579,8.047854,0.71800005,5.6433096,1.0552278,-0.12513243,0.9681398,-0.18041904,5.6317935,2.6841316,1.046453,1.7116693,0.37884298,0.37631598,0.5569281,0.7257676,0.82173604,0.42659345,1.1680989
k__Bacteria|p__Firmicutes|c__Bacilli|o__Lactobacillales|f__Carnobacteriaceae|g__Granulicatella|s__Granulicatella_SGB8255,-0.1004395,0.78807914,-0.11598809,4.1110525,-0.1254398,-0.13550664,2.3738253,-0.11660832,-0.10889289,-0.1315167,-0.13118315,-0.1523276,-0.12665462,-0.13749713,-0.10017611,-0.09895334,-0.058144663,-0.098982945,-0.10232076,-0.12701243,-0.1978925,-0.12536043,-0.11315922,-0.11939152,-0.12707531,-0.11658599,-0.12533522,-0.12787688,-0.1509206,0.7883814,-0.11285103,-0.101372644,-0.11825472,-0.13638185,-0.13413334,3.5776398,-0.123087056,1.7765559,-0.1376,-0.29867563,0.77148783,-0.13808732,-0.10160333,1.4026266,2.109872,-0.12097411,1.4869386,-0.13585201,-0.11716735,1.0507932,-0.13134915,1.6714752,-0.13738754,-0.13866666,-0.14195234,-0.12132409,-0.10917761,-0.1160938,-0.09589793,-0.097459465,-0.12664503,-0.11548449,0.5923164,-0.1174152,-0.12719077,-0.11906381,-0.2613474,-0.22333384,-0.13380374,-0.20047067,-0.11669513,-0.11812106,-0.11131585,-0.11598058,-0.11861734,-0.12365292,-0.11387663,0.9430923,-0.12196988,-0.14998752,-0.117672876,-0.12156156,-0.1198952,-0.22480208,-0.120334074,-0.11544581,-0.1065635,-0.12251642,-0.12789142,-0.12125457,-0.12285099,-0.11139822,-0.1388583,-0.13027036,-0.11018683,-0.15152657,-0.1156441,-0.10493684,-0.10065024,-0.09541634,-0.10112891,-0.10694767,-0.112833485,3.0197666,-0.12257306,2.0387614,-0.11129953,1.2774509,0.9914145,-0.111814216,-0.12527132,4.107835,-0.118138716,-0.112076744,-0.11576198,1.3146782,-0.17780018,-0.12417853,0.9736846,-0.09015879,-0.103322335,-0.11282134,-0.11070177,-0.13997786,-0.1281689,-0.13908121,0.8957835,2.2291832,-0.07092635,-0.03704006,-0.11378142,-0.123468466,-0.12989587,-0.14332479,-0.12334781,-0.11288796,-0.12023825,-0.114333734,1.7015185,1.4244239,-0.09252989,-0.10945694,-0.1163414,1.8812654,-0.13363746,-0.13475981,-0.120204225,-0.09529281,-0.13230102,-0.118727304,-0.11890395,-0.12215765,-0.12668085,-0.13150226,-0.09448515,-0.10833363,-0.11526969,2.004231,-0.17951453,2.1257963,-0.13450259,-0.09920171,-0.13113372,-0.09168476,-0.11063105,-0.19006202,-0.13547443,-0.13513458,-0.10814602,-0.08900877,-0.09767601,-0.10652465,-0.11353159,-0.12406494,-0.121451,-0.096915916,-0.09780267,-0.10240719,-0.082459606,-0.103988335,-0.11167006,-0.12515996,1.8675215,-0.11357973,3.230937,0.6123794,-0.13604961,-0.116883166,-0.15549555,-0.113053285,-0.119081676,-0.14001076,-0.19117098,-0.13484964,-0.13104114,-0.19755594,1.2650088,1.4229348,-0.13431233,-0.13497305,-0.13154611,-0.12847336,-0.27554205,-0.08916744,-0.11956477,-0.11046791,-0.15751183,0.7105513,1.9423795,-0.29657933,-0.32474133,-0.122779764,-0.3242122,-0.17325558,-0.17108874,0.67615205,1.0708417,-0.114121355,-0.1148759,0.76867706,1.7950044,2.5554388,2.4694488,-0.16191289,-0.10086997,-0.12455491,-0.11417966,-0.10860066,-0.15189947,-0.12035518,-0.12064946,3.9603105,1.3874565,-0.12345709,-0.12078189,-0.11988531,-0.12023421,-0.11251728,-0.10815652,-0.117153905,-0.13422549,-0.12944552,-0.21025829,-0.3990198,-0.14090827,-0.104307264,-0.1296617,-0.10611275,-0.11815831,-0.16636807,-0.13253269,-0.13499153,-0.11193561,-0.089499906,-0.119781926,-0.114816844,-0.14106366,-0.10659407,-0.19987361,-0.1649412,-0.12215412,-0.11579426,-0.10852076,1.184729,-0.14610182,-0.2588673,-0.10226525,-0.13074079,-0.09132757,0.7515704,-0.11054391,-0.11879717,-0.11905551,-0.097504,-0.08910369,-0.10873015,-0.10346339,-0.11417877,-0.11913735,-0.12667772,-0.11594779,-0.1056083,-0.128164,-0.11951487,-0.11569783,-0.10917349,-0.11218169,2.6892362,-0.13176009,-0.11168166,-0.116904154,-0.10801497,-0.08722703,1.4865705,-0.11622992,-0.17082691,4.052528,-0.1259132,1.0110496,-0.31316653,-0.13825214,-0.1169616,4.833975,1.8223299,-0.12963767,1.9910547,-0.13555583,-0.13356948,-0.09713422,-0.10242002,-0.10702289,-0.096364036,-0.12759323,-0.12023163,-0.15746465,-0.12505195,2.9678018,1.6918226,2.8889837,-0.116032496,-0.11335766,1.2794545,1.0439388,-0.12019799,-0.10888976,1.5035203,-0.1042504,-0.11662802,-0.12840304,-0.114057824,-0.11221503,-0.096878245,-0.10730281,-0.0958333,3.0555081,-0.113046184,-0.063823454,-0.13877153,-0.11419349,-0.11269792,1.3658258,2.2592084,2.4622815,-0.11721749,-0.12112707,-0.11180086,-0.19104545,-0.0782174,-0.12702203,-0.1243868,-0.09859173,-0.11065883,-0.104612604,-0.076612435,-0.083404,-0.1213824,-0.13072303,-0.13855581,-0.19385117,-0.09856289,-0.12128103,-0.19487974,-0.13480732,-0.1332682,-0.1035988,-0.11587302,-0.09972411,-0.12176724,-0.13588238,-0.1276058,-0.12357396,-0.11588083,-0.115557276,-0.10030247,-0.120310724,-0.1231573,-0.13096234,-0.13352132,-0.107298195,-0.11733346,-0.104348674,-0.090966925,-0.1170457,2.4395437,-0.12276858,-0.125103,1.8352578,-0.15690626,-0.11620203,0.7488872,-0.12373735,-0.13098338,-0.2963242,-0.13834155,-0.13159063,-0.12772481,-0.13597319,-0.12215627,1.3065444,-0.1110737,-0.12557748,-0.11441788,-0.12522158,-0.30584824,-0.12540871,-0.13064975,-0.13525538,1.4190593,-0.119342856,-0.11521798,-0.12984625,-0.12522706,-0.12419292,-0.14331086,-0.18237996,-0.11040211,-0.1202287,-0.11500381,-0.24156228,-0.130231,-0.10043442,-0.11303074,-0.11528002,-0.12808731,-0.10330555,-0.112811655,-0.11618177,-0.12231069,-0.13100186,-0.12005523,-0.11850646,2.6369412,-0.12873022,-0.123625845,1.730281,1.7090318,-0.11499533,-0.10471026,-0.11337824,2.4146202,-0.12906347,1.5555633,-0.12479348,1.5249236,1.5101111,-0.11705899,-0.12783857,-0.16123313,-0.09614383,-0.09592951,-0.10504518,-0.113215774,-0.117991745,-0.09875578,-0.13081439
k__Bacteria|p__Proteobacteria|c__Alphaproteobacteria|o__Hyphomicrobiales|f__Brucellaceae|g__Brucella|s__Brucella_anthropi,-0.1004395,-0.12316422,-0.14255132,-0.20428483,-0.16684496,-0.19393346,-0.1666669,-0.14500587,-0.12532222,-0.18337274,-0.1835527,-0.23440422,-0.1700193,-0.20753342,-0.103434384,-0.100122035,-0.058144663,-0.099558815,-0.108041465,-0.17089395,-0.1978925,-0.12536043,-0.13608032,-0.15187275,-0.1716315,-0.11658599,-0.1670267,-0.17361227,-0.1509206,-0.12124001,-0.13497342,-0.10630489,-0.1484673,-0.19653918,-0.18933453,-0.2175087,-0.16109385,-0.22338755,-0.19809815,-0.29867563,-0.29210672,-0.1993019,-0.1073091,-0.09162698,-0.13691942,-0.15515614,-0.23188588,-0.19395229,-0.14676005,-0.2026537,-0.18355462,-0.18279888,-0.19844213,-0.20057064,-0.20677975,-0.15717646,-0.12582007,-0.14377072,-0.091985896,-0.09588257,-0.1708929,-0.14199173,-0.13743341,-0.14692488,-0.12719077,-0.15139109,-0.2613474,-0.22333384,-0.1888028,-0.20047067,-0.14548667,-0.14907782,-0.1311063,-0.1429295,-0.15024243,-0.16349792,-0.14620781,-0.16278498,-0.1594862,-0.14998752,-0.14684594,-0.15734138,-0.15316835,-0.22480208,-0.120334074,-0.14148718,-0.118546784,-0.1604259,-0.17382763,-0.15607882,-0.16795197,-0.11139822,-0.1388583,-0.13027036,-0.12846807,-0.15152657,-0.14214309,-0.115457706,-0.10065024,-0.090792604,-0.10555288,-0.12056876,-0.13495424,-0.15027548,-0.15999389,-0.1185138,-0.11129953,-0.1578567,-0.17738779,-0.13403185,-0.16490182,-0.25953975,-0.14874345,-0.13300946,-0.14213997,-0.15095688,-0.17780018,-0.16428252,-0.22917573,-0.09015879,-0.11013301,-0.13482934,-0.1298801,-0.13997786,-0.17390724,-0.13908121,-0.16057305,-0.12777606,-0.07092635,-0.03704006,-0.13727538,-0.16188268,-0.17868109,-0.14332479,-0.12334781,-0.13564831,-0.12023825,-0.1381903,-0.25318068,-0.26654312,-0.08352101,-0.10945694,-0.14419197,-0.09238048,-0.18775555,-0.19056968,-0.15330923,-0.09040336,-0.13230102,-0.14958566,-0.15046728,-0.15902461,-0.17057052,-0.18315281,-0.08819712,-0.124003515,-0.14119208,-0.10256614,-0.17951453,-0.19495486,-0.19129898,-0.10029333,-0.13113372,-0.080690116,-0.12816733,-0.19006202,-0.19349934,-0.19194302,-0.12308743,-0.075421505,-0.09741506,-0.11898677,-0.13657925,-0.12406494,-0.121451,-0.094862245,-0.09708057,-0.10868458,-0.082459606,-0.11311286,-0.13208182,-0.16674376,-0.1410757,-0.13655618,-0.18093297,-0.17825818,-0.194873,-0.14502037,-0.15549555,-0.13557102,-0.119081676,-0.14001076,-0.19117098,-0.19181645,-0.18188265,-0.19755594,-0.25103784,-0.20219928,-0.19005063,-0.19144322,-0.18287176,-0.1745508,-0.27554205,-0.08916744,-0.11956477,-0.12800395,-0.15751183,-0.20931396,-0.18224281,-0.29657933,-0.32474133,-0.1550818,-0.3242122,-0.17325558,-0.17108874,-0.2185038,-0.17647925,-0.114121355,-0.14010069,-0.15388772,-0.15788373,-0.22984435,-0.18186735,-0.26267314,-0.104614675,-0.12455491,-0.13839974,-0.12411345,-0.15189947,-0.15450516,-0.15571721,-0.14014931,-0.15141064,-0.16255268,-0.15518405,-0.15338422,-0.15339497,-0.1343308,-0.12297996,-0.14633211,-0.18991548,-0.1774362,-0.21025829,-0.3990198,-0.20658128,-0.11357728,-0.1296617,-0.11883512,-0.14790079,-0.16636807,-0.18609568,-0.1917837,-0.13173857,-0.07680595,-0.15290448,-0.13972446,-0.14106366,-0.11784837,-0.19987361,-0.1649412,-0.15873122,-0.14210781,-0.123729095,-0.12722544,-0.14610182,-0.2588673,-0.10761078,-0.13074079,-0.09132757,-0.12832497,-0.12888062,-0.14948915,-0.15130423,-0.096378796,-0.08910369,-0.124399796,-0.11066732,-0.13803023,-0.15072525,-0.17031962,-0.14288433,-0.116300024,-0.1737994,-0.1518499,-0.14220217,-0.12575772,-0.14171582,-0.17466888,-0.13176009,-0.1322923,-0.14568138,-0.1230352,-0.08722703,-0.05825615,-0.14344077,-0.17082691,-0.026243303,-0.16756248,-0.2829064,-0.31316653,-0.20042974,-0.14560597,-0.14331596,-0.14862512,-0.12963767,-0.25088155,-0.19432338,-0.18851642,-0.09464675,-0.109343514,-0.10702289,-0.09388289,-0.12759323,-0.15307409,-0.15746465,-0.16715512,-0.12812386,-0.0969081,-0.16398169,-0.14302808,-0.11335766,-0.18846886,-0.1706479,-0.1539584,-0.12571988,-0.115196005,-0.11321013,-0.11662802,-0.1756275,-0.13843018,-0.13429505,-0.096878245,-0.12149042,-0.0917044,-0.12434345,-0.13536817,-0.063823454,-0.13877153,-0.11419349,-0.13385423,-0.24483351,-0.2571875,-0.29957527,-0.14632905,-0.15668383,-0.13246855,-0.19104545,-0.0782174,-0.17275035,-0.16418412,-0.09859173,-0.11065883,-0.11405885,-0.076612435,-0.083404,-0.1213824,-0.13072303,-0.13855581,-0.19385117,-0.09923707,-0.15586174,-0.19487974,-0.19132423,-0.18720278,-0.11128791,-0.14286801,-0.10284838,-0.15873423,-0.19472359,-0.17295077,-0.16912603,-0.1428257,-0.14264369,-0.102510735,-0.15336844,-0.16157773,-0.18129724,-0.1958082,-0.121152654,-0.147082,-0.113807596,-0.08015315,-0.1437167,-0.20725825,-0.16065136,-0.125103,-0.15657571,-0.15690626,-0.14387828,-0.19202894,-0.16250768,-0.18151832,-0.2963242,-0.20091933,-0.18201543,-0.17197123,-0.19378509,-0.158037,-0.14054683,-0.13042222,-0.12557748,-0.13844159,-0.1641163,-0.30584824,-0.16696614,-0.1808404,-0.19290432,-0.11441202,-0.15040548,-0.14069675,-0.17811064,-0.16685721,-0.16434959,-0.14331086,-0.18237996,-0.12887464,-0.15356189,-0.13859686,-0.24156228,-0.17967667,-0.10338089,-0.13529353,-0.14179584,-0.17415008,-0.11042395,-0.13465877,-0.15166861,-0.15983805,-0.18201134,-0.15393178,-0.14905527,-0.19184028,-0.17535806,-0.163549,-0.14723541,-0.14623587,-0.11499533,-0.10471026,-0.1353132,-0.20148799,-0.17663386,-0.12513243,-0.16589278,-0.18041904,-0.18738703,-0.11705899,-0.17565297,-0.2614977,-0.09282065,-0.09237049,-0.115026645,-0.13615796,-0.14812149,-0.09886591,-0.18875782
k__Bacteria|p__Proteobacteria|c__Betaproteobacteria|o__Burkholderiales|f__Sutterellaceae|g__Dakarella|s__Dakarella_massiliensis,-0.1004395,-0.12316422,-0.14210317,-0.20428483,-0.16745996,-0.19317077,-0.1666669,-0.14496721,-0.12571113,-0.18334475,-0.18317786,-0.22040825,-0.16915654,-0.20172057,-0.1032995,-0.09902257,-0.058144663,-0.09957387,-0.10817024,-0.17098519,-0.1978925,-0.12536043,-0.13642567,-0.15229827,-0.17134275,-0.11658599,-0.16801274,-0.1737266,-0.1509206,-0.12124001,-0.13556398,-0.106155045,-0.14876823,-0.19505234,-0.18904796,-0.2175087,-0.1613464,-0.22338755,-0.19693324,-0.29867563,-0.29210672,-0.19759741,-0.107167415,-0.09162698,-0.13691942,-0.15533073,-0.23188588,-0.19371113,-0.14666554,-0.2026537,-0.18424222,-0.18279888,-0.1967969,-0.1974356,-0.20157681,-0.15651476,-0.12589264,-0.14370532,-0.09245139,-0.09588198,-0.17126937,-0.14239457,-0.13743341,-0.14698626,-0.12719077,-0.15149857,-0.2613474,-0.22333384,-0.18877123,-0.20047067,-0.14548348,-0.14929013,-0.13096052,-0.14274606,-0.1502196,-0.16358238,-0.14657618,-0.16278498,-0.15948665,-0.14998752,-0.1476484,-0.15722728,-0.15340704,-0.22480208,-0.120334074,-0.14172001,-0.11867446,-0.16071656,-0.17377663,-0.15601926,-0.16832225,-0.11139822,-0.1388583,-0.13027036,-0.12888165,-0.15152657,-0.14337029,-0.11556703,-0.10065024,-0.0909001,-0.10557977,-0.1205017,-0.13517244,-0.15027548,-0.16045688,-0.1185138,-0.11129953,-0.1578567,-0.17738779,-0.13293989,-0.16482589,-0.25953975,-0.14883988,-0.13313296,-0.1417613,-0.15095688,-0.17780018,-0.16386056,-0.22917573,-0.09015879,-0.11071634,-0.1350257,-0.12970972,-0.13997786,-0.17399976,-0.13908121,-0.16057305,-0.12777606,-0.07092635,-0.03704006,-0.13743511,-0.16238369,-0.17875159,-0.14332479,-0.12334781,-0.13609146,-0.12023825,-0.13860111,-0.25318068,-0.26654312,-0.0839276,-0.10945694,-0.14442265,-0.09238048,-0.18802989,-0.19044262,-0.15352158,-0.090693,-0.13230102,-0.14987858,-0.15049535,-0.15894511,-0.17066497,-0.18336631,-0.08842738,-0.12350077,-0.14092594,-0.10256614,-0.17951453,-0.19495486,-0.19044608,-0.10042711,-0.13113372,-0.07959185,-0.12823552,-0.19006202,-0.19315636,-0.19150737,-0.12333137,-0.075800315,-0.09715101,-0.11867908,-0.1367651,-0.12406494,-0.121451,-0.0946102,-0.09680535,-0.10878794,-0.082459606,-0.11286456,-0.13252729,-0.16683757,-0.1410757,-0.1369033,-0.18093297,-0.17825818,-0.193873,-0.1450297,-0.15549555,-0.13544184,-0.119081676,-0.14001076,-0.19117098,-0.19086179,-0.18154952,-0.19755594,-0.25103784,-0.20219928,-0.19071856,-0.19152738,-0.18264273,-0.17440961,-0.27554205,-0.08916744,-0.11956477,-0.1288492,-0.15751183,-0.20931396,-0.18224281,-0.29657933,-0.32474133,-0.15519008,-0.3242122,-0.17325558,-0.17108874,-0.2185038,-0.17647925,-0.114121355,-0.14046538,-0.15388772,-0.15788373,-0.22984435,-0.18186735,-0.25346264,-0.10465604,-0.12455491,-0.1388772,-0.12456561,-0.15189947,-0.15495303,-0.15600722,-0.14014931,-0.15141064,-0.16290104,-0.15555485,-0.15353438,-0.15341027,-0.13411877,-0.12350619,-0.14672643,-0.19000714,-0.17704183,-0.21025829,-0.3990198,-0.2015805,-0.11355052,-0.1296617,-0.118201435,-0.14834942,-0.16636807,-0.18622576,-0.19168448,-0.13220575,-0.0771718,-0.15304418,-0.14032471,-0.14106366,-0.11828373,-0.19987361,-0.1649412,-0.15921363,-0.14184453,-0.1239156,-0.12722544,-0.14610182,-0.2588673,-0.10765196,-0.13074079,-0.09132757,-0.12832497,-0.12942803,-0.15039566,-0.15169486,-0.09645666,-0.08910369,-0.12454629,-0.11105426,-0.13813944,-0.15126982,-0.17016485,-0.14313039,-0.117134705,-0.17379272,-0.15227115,-0.14246199,-0.12576866,-0.14172277,-0.17466888,-0.13176009,-0.13252726,-0.14572641,-0.12301422,-0.08722703,-0.05825615,-0.14359182,-0.17082691,-0.026243303,-0.1670256,-0.2829064,-0.31316653,-0.19768438,-0.14573005,-0.14331596,-0.14862512,-0.12963767,-0.25088155,-0.19327399,-0.18826638,-0.0952559,-0.10925719,-0.10702289,-0.09349437,-0.12759323,-0.15339561,-0.15746465,-0.16669165,-0.12812386,-0.0969081,-0.16398169,-0.14362755,-0.11335766,-0.18846886,-0.1706479,-0.15409625,-0.12585515,-0.115196005,-0.112987176,-0.11662802,-0.17560688,-0.13850605,-0.13420992,-0.096878245,-0.12106663,-0.092035085,-0.12434345,-0.13614991,-0.063823454,-0.13877153,-0.11419349,-0.13425812,-0.24483351,-0.2571875,-0.29957527,-0.14616075,-0.15668136,-0.13246804,-0.19104545,-0.0782174,-0.17200124,-0.16433235,-0.09859173,-0.11065883,-0.11494911,-0.076612435,-0.083404,-0.1213824,-0.13072303,-0.13855581,-0.19385117,-0.09906444,-0.1559563,-0.19487974,-0.19144225,-0.18684353,-0.11164306,-0.14325187,-0.10304566,-0.15882668,-0.1937227,-0.17195442,-0.1696822,-0.14297651,-0.14234222,-0.10245357,-0.15353319,-0.1615662,-0.1812649,-0.19476774,-0.12138145,-0.1470283,-0.11415857,-0.08044031,-0.14351404,-0.20725825,-0.16100502,-0.125103,-0.15657571,-0.15690626,-0.14376159,-0.19202894,-0.16305846,-0.1819123,-0.2963242,-0.19846436,-0.18169108,-0.17224804,-0.19318971,-0.15787143,-0.14054683,-0.13063085,-0.12557748,-0.13864519,-0.16426134,-0.30584824,-0.16752982,-0.18102792,-0.192759,-0.11441202,-0.15092075,-0.14089988,-0.17813137,-0.16697992,-0.16439559,-0.14331086,-0.18237996,-0.12884068,-0.15351179,-0.13802752,-0.24156228,-0.18000612,-0.10351316,-0.13572125,-0.14189698,-0.17417519,-0.11093813,-0.1350686,-0.15209298,-0.15943727,-0.18219768,-0.15384717,-0.14927611,-0.19184028,-0.1757588,-0.16379097,-0.14723541,-0.14623587,-0.11499533,-0.10471026,-0.13545105,-0.20148799,-0.17701787,-0.12513243,-0.1659927,-0.18041904,-0.18738703,-0.11705899,-0.17540093,-0.25811413,-0.09280302,-0.0925045,-0.11523318,-0.13601515,-0.1480217,-0.09909865,-0.18883434
k__Bacteria|p__Proteobacteria|c__Alphaproteobacteria|o__Hyphomicrobiales|f__Rhizobiaceae|g__Rhizobium|s__Rhizobium_pusense,-0.1004395,-0.12316422,-0.14182352,-0.20428483,-0.16680136,-0.19361846,-0.1666669,-0.14501579,-0.12492253,-0.18380338,-0.18271789,-0.22581756,-0.16930184,-0.2053068,-0.103110574,-0.0991974,-0.058144663,-0.099738784,-0.10770854,-0.17092627,-0.1978925,-0.12536043,-0.13630617,-0.15227613,-0.17155494,-0.11658599,-0.16747811,-0.1737839,-0.1509206,-0.12124001,-0.13504763,-0.105887294,-0.14836553,-0.19604915,-0.18945414,-0.2175087,-0.16032279,-0.22338755,-0.19691394,-0.29867563,-0.29210672,-0.1987741,-0.10726385,-0.09162698,-0.13691942,-0.15490596,-0.23188588,-0.19394103,-0.14675084,-0.2026537,-0.18324831,-0.18279888,-0.19734237,-0.19845232,-0.20411725,-0.15788984,-0.1257838,-0.14387536,-0.092097595,-0.09571692,-0.1714794,-0.14224854,-0.13743341,-0.14688382,-0.12719077,-0.1512889,-0.2613474,-0.22333384,-0.18871006,-0.20047067,-0.14576522,-0.1492163,-0.13091505,-0.14290139,-0.15099038,-0.163907,-0.14656396,-0.16278498,-0.1590762,-0.14998752,-0.14721288,-0.15710488,-0.1532926,-0.22480208,-0.120334074,-0.14150502,-0.11834181,-0.16112626,-0.17402361,-0.15544793,-0.1681624,-0.11139822,-0.1388583,-0.13027036,-0.12880476,-0.15152657,-0.14258268,-0.11531322,-0.10065024,-0.0905029,-0.1056587,-0.120684735,-0.13519642,-0.15027548,-0.16035077,-0.1185138,-0.11129953,-0.1578567,-0.17738779,-0.13346657,-0.16393992,-0.25953975,-0.14858507,-0.13262193,-0.14174378,-0.15095688,-0.17780018,-0.16358101,-0.22917573,-0.09015879,-0.10997139,-0.13467753,-0.12970579,-0.13997786,-0.17368846,-0.13908121,-0.16057305,-0.12777606,-0.07092635,-0.03704006,-0.13733995,-0.1623422,-0.17869511,-0.14332479,-0.12334781,-0.13575283,-0.12023825,-0.13846515,-0.25318068,-0.26654312,-0.08363747,-0.10945694,-0.14466585,-0.09238048,-0.18802962,-0.19043891,-0.15314832,-0.090438366,-0.13230102,-0.1495198,-0.15030752,-0.1589866,-0.17063372,-0.18400156,-0.08802618,-0.123656884,-0.14084588,-0.10256614,-0.17951453,-0.19495486,-0.19122823,-0.100240916,-0.13113372,-0.07995952,-0.12815228,-0.19006202,-0.19355798,-0.1917483,-0.12318976,-0.07545577,-0.09731941,-0.118578956,-0.13661173,-0.12406494,-0.121451,-0.09454284,-0.09670369,-0.10862087,-0.082459606,-0.11312021,-0.13254905,-0.16711093,-0.1410757,-0.1362734,-0.18093297,-0.17825818,-0.19439012,-0.14493899,-0.15549555,-0.13542682,-0.119081676,-0.14001076,-0.19117098,-0.19125877,-0.18124396,-0.19755594,-0.25103784,-0.20219928,-0.19026631,-0.19118392,-0.18266794,-0.17411931,-0.27554205,-0.08916744,-0.11956477,-0.1279933,-0.15751183,-0.20931396,-0.18224281,-0.29657933,-0.32474133,-0.15211272,-0.3242122,-0.17325558,-0.17108874,-0.2185038,-0.17647925,-0.114121355,-0.13991824,-0.15388772,-0.15788373,-0.22984435,-0.18186735,-0.25731373,-0.10445503,-0.12455491,-0.13857529,-0.124337114,-0.15189947,-0.15525565,-0.15620121,-0.14014931,-0.15141064,-0.1631214,-0.1551328,-0.15348116,-0.15298513,-0.13402617,-0.12305471,-0.14629987,-0.1903779,-0.17685163,-0.21025829,-0.3990198,-0.20416896,-0.11347942,-0.1296617,-0.118727356,-0.14800498,-0.16636807,-0.18667153,-0.19166455,-0.13138427,-0.07708582,-0.15329501,-0.13990198,-0.14106366,-0.117499955,-0.19987361,-0.1649412,-0.158375,-0.1414988,-0.123648256,-0.12722544,-0.14610182,-0.2588673,-0.10728262,-0.13074079,-0.09132757,-0.12832497,-0.12933606,-0.14980614,-0.15180814,-0.09630939,-0.08910369,-0.124444716,-0.110722765,-0.13794011,-0.15089355,-0.17042318,-0.14291719,-0.11644164,-0.1738967,-0.15188919,-0.14239648,-0.12554349,-0.14185384,-0.17466888,-0.13176009,-0.13238594,-0.14571694,-0.12298077,-0.08722703,-0.05825615,-0.14335084,-0.17082691,-0.026243303,-0.1661435,-0.2829064,-0.31316653,-0.19888766,-0.14563465,-0.14331596,-0.14862512,-0.12963767,-0.25088155,-0.19402711,-0.18862425,-0.0947309,-0.10935898,-0.10702289,-0.09409778,-0.12759323,-0.15288502,-0.15746465,-0.16689272,-0.12812386,-0.0969081,-0.16398169,-0.14369568,-0.11335766,-0.18846886,-0.1706479,-0.15374294,-0.12576799,-0.115196005,-0.11295652,-0.11662802,-0.1760907,-0.13846958,-0.13448332,-0.096878245,-0.121231094,-0.091935515,-0.12434345,-0.13569441,-0.063823454,-0.13877153,-0.11419349,-0.13386634,-0.24483351,-0.2571875,-0.29957527,-0.1461853,-0.15678553,-0.13244352,-0.19104545,-0.0782174,-0.17258842,-0.16418421,-0.09859173,-0.11065883,-0.114422604,-0.076612435,-0.083404,-0.1213824,-0.13072303,-0.13855581,-0.19385117,-0.09927377,-0.1556069,-0.19487974,-0.19115484,-0.18701737,-0.11134687,-0.1430255,-0.103198476,-0.15934426,-0.19416255,-0.17279914,-0.16912603,-0.14279184,-0.14250565,-0.101775266,-0.15333122,-0.16145483,-0.18092173,-0.1952751,-0.12135304,-0.14732757,-0.11363563,-0.080193736,-0.14311619,-0.20725825,-0.16073294,-0.125103,-0.15657571,-0.15690626,-0.14349589,-0.19202894,-0.16253336,-0.1820826,-0.2963242,-0.19851439,-0.1814637,-0.1719917,-0.19341151,-0.15754521,-0.14054683,-0.13039573,-0.12557748,-0.13832173,-0.16323966,-0.30584824,-0.16680884,-0.1813923,-0.19271217,-0.11441202,-0.15074442,-0.1406852,-0.17796162,-0.16693622,-0.16451368,-0.14331086,-0.18237996,-0.12823805,-0.15313819,-0.1374338,-0.24156228,-0.17960237,-0.10334438,-0.13515687,-0.14212793,-0.1745184,-0.11040282,-0.1347083,-0.15236923,-0.15981534,-0.18189962,-0.15431733,-0.1493168,-0.19184028,-0.17539032,-0.16405681,-0.14723541,-0.14623587,-0.11499533,-0.10471026,-0.1352548,-0.20148799,-0.17701574,-0.12513243,-0.16528603,-0.18041904,-0.18738703,-0.11705899,-0.17644651,-0.26024076,-0.092611656,-0.09234933,-0.11487393,-0.13615733,-0.14807202,-0.09869206,-0.18924484
k__Bacteria|p__Proteobacteria|c__Betaproteobacteria|o__Neisseriales|f__Neisseriaceae|g__Eikenella|s__Eikenella_halliae,-0.1004395,-0.12316422,-0.14128329,-0.20428483,-0.16734318,-0.19354266,-0.1666669,-0.1452048,-0.12514538,-0.18372935,-0.18315992,-0.21764752,-0.17027375,-0.20178069,-0.10299862,-0.098769456,-0.058144663,-0.09916806,-0.10771511,-0.17074773,-0.1978925,-0.12536043,-0.13632613,-0.15244524,-0.17149028,-0.11658599,-0.16778508,-0.17403242,-0.1509206,-0.12124001,-0.13543868,-0.10542226,-0.14841175,-0.19517401,-0.18904537,-0.2175087,-0.16145128,-0.22338755,-0.19733337,-0.29867563,-0.29210672,-0.19715956,-0.10708573,-0.09162698,-0.13691942,-0.15503363,-0.23188588,-0.19387527,-0.14678097,-0.2026537,-0.18505877,-0.18279888,-0.19654712,-0.19668524,-0.19993056,-0.15796821,-0.12557775,-0.14373127,-0.092123464,-0.095386386,-0.17140453,-0.14241336,-0.13743341,-0.14702338,-0.12719077,-0.15169477,-0.2613474,-0.22333384,-0.18896453,-0.20047067,-0.14564112,-0.14940181,-0.130471,-0.14237042,-0.15038933,-0.16404656,-0.14711091,-0.16278498,-0.15987265,-0.14998752,-0.14744067,-0.15712343,-0.15320893,-0.22480208,-0.120334074,-0.14156671,-0.118093565,-0.16097341,-0.17413321,-0.15569068,-0.16839024,-0.11139822,-0.1388583,-0.13027036,-0.12871426,-0.15152657,-0.14302742,-0.11566235,-0.10065024,-0.09017371,-0.1051602,-0.120252706,-0.1349136,-0.15027548,-0.16061796,-0.1185138,-0.11129953,-0.1578567,-0.17738779,-0.1334286,-0.1639317,-0.25953975,-0.14893237,-0.13258502,-0.14133888,-0.15095688,-0.17780018,-0.16387385,-0.22917573,-0.09015879,-0.110298246,-0.13467619,-0.12945515,-0.13997786,-0.1738742,-0.13908121,-0.16057305,-0.12777606,-0.07092635,-0.03704006,-0.1370785,-0.16206175,-0.17916897,-0.14332479,-0.12334781,-0.1361572,-0.12023825,-0.13808784,-0.25318068,-0.26654312,-0.0832859,-0.10945694,-0.14442325,-0.09238048,-0.18790975,-0.19001403,-0.15298615,-0.09006899,-0.13230102,-0.14965472,-0.1502374,-0.15885147,-0.1705325,-0.18387897,-0.0876009,-0.12358351,-0.14101893,-0.10256614,-0.17951453,-0.19495486,-0.19114116,-0.099990465,-0.13113372,-0.07838876,-0.1275271,-0.19006202,-0.19313036,-0.19176076,-0.12346517,-0.07532521,-0.09695998,-0.11824241,-0.13643795,-0.12406494,-0.121451,-0.094195105,-0.09646769,-0.10832393,-0.082459606,-0.11262329,-0.13221319,-0.16725674,-0.1410757,-0.1365203,-0.18093297,-0.17825818,-0.1939696,-0.14461273,-0.15549555,-0.13533777,-0.119081676,-0.14001076,-0.19117098,-0.19095756,-0.18134859,-0.19755594,-0.25103784,-0.20219928,-0.19066012,-0.19125038,-0.1825557,-0.17384505,-0.27554205,-0.08916744,-0.11956477,-0.12809765,-0.15751183,-0.20931396,-0.18224281,-0.29657933,-0.32474133,-0.15389551,-0.3242122,-0.17325558,-0.17108874,-0.2185038,-0.17647925,-0.114121355,-0.14006177,-0.15388772,-0.15788373,-0.22984435,-0.18186735,-0.25287706,-0.1041706,-0.12455491,-0.13855731,-0.12408371,-0.15189947,-0.15493634,-0.15646705,-0.14014931,-0.15141064,-0.16311051,-0.15548873,-0.15359515,-0.15317036,-0.13389546,-0.12319389,-0.14654285,-0.19009992,-0.17673248,-0.21025829,-0.3990198,-0.2000208,-0.11338447,-0.1296617,-0.118090056,-0.147974,-0.16636807,-0.18677162,-0.19184735,-0.13181019,-0.07644169,-0.15303814,-0.1399201,-0.14106366,-0.117823824,-0.19987361,-0.1649412,-0.15917262,-0.14135244,-0.12351201,-0.12722544,-0.14610182,-0.2588673,-0.107106715,-0.13074079,-0.09132757,-0.12832497,-0.12904191,-0.14995188,-0.15200631,-0.09609289,-0.08910369,-0.12413414,-0.1103428,-0.13777374,-0.15084401,-0.17034742,-0.14304347,-0.116632864,-0.17393047,-0.15192056,-0.14231232,-0.12518895,-0.14227961,-0.17466888,-0.13176009,-0.13228953,-0.1458058,-0.1228303,-0.08722703,-0.05825615,-0.1435516,-0.17082691,-0.026243303,-0.16704336,-0.2829064,-0.31316653,-0.19680576,-0.14572448,-0.14331596,-0.14862512,-0.12963767,-0.25088155,-0.1936152,-0.18876833,-0.09451668,-0.109228484,-0.10702289,-0.09301318,-0.12759323,-0.15307133,-0.15746465,-0.16716905,-0.12812386,-0.0969081,-0.16398169,-0.14350519,-0.11335766,-0.18846886,-0.1706479,-0.15414762,-0.12578881,-0.115196005,-0.11265722,-0.11662802,-0.17628296,-0.13838434,-0.13431692,-0.096878245,-0.12077373,-0.09146382,-0.12434345,-0.13626933,-0.063823454,-0.13877153,-0.11419349,-0.13374598,-0.24483351,-0.2571875,-0.29957527,-0.14612997,-0.15673856,-0.13187483,-0.19104545,-0.0782174,-0.17238368,-0.16444515,-0.09859173,-0.11065883,-0.11498453,-0.076612435,-0.083404,-0.1213824,-0.13072303,-0.13855581,-0.19385117,-0.09864064,-0.15581189,-0.19487974,-0.19118729,-0.18686861,-0.111195594,-0.14313647,-0.10289133,-0.15935531,-0.19372828,-0.17228627,-0.16929787,-0.1428116,-0.14247714,-0.10154517,-0.1531415,-0.16163686,-0.18110268,-0.19484481,-0.12114193,-0.14743,-0.1140905,-0.07983984,-0.1423834,-0.20725825,-0.16120332,-0.125103,-0.15657571,-0.15690626,-0.14371112,-0.19202894,-0.16275911,-0.18230093,-0.2963242,-0.19766885,-0.18097746,-0.17160133,-0.19257644,-0.15740299,-0.14054683,-0.13024461,-0.12557748,-0.13833737,-0.16340175,-0.30584824,-0.16693422,-0.18136406,-0.19296905,-0.11441202,-0.1505464,-0.14059113,-0.17800827,-0.16689375,-0.16481836,-0.14331086,-0.18237996,-0.12853509,-0.15334964,-0.13682407,-0.24156228,-0.18008913,-0.10300466,-0.13535783,-0.14174512,-0.17451535,-0.11034638,-0.13452494,-0.15238623,-0.15997235,-0.18198563,-0.15390897,-0.1488648,-0.19184028,-0.17551899,-0.16448273,-0.14723541,-0.14623587,-0.11499533,-0.10471026,-0.13470322,-0.20148799,-0.17740643,-0.12513243,-0.1662171,-0.18041904,-0.18738703,-0.11705899,-0.17673683,-0.25842524,-0.092304766,-0.0921036,-0.114677206,-0.13580397,-0.1477873,-0.09827447,-0.18910268
k__Bacteria|p__Proteobacteria|c__Epsilonproteobacteria|o__Campylobacterales|f__Campylobacteraceae|g__Campylobacter|s__Campylobacter_hominis,-0.1004395,-0.12316422,-0.14216094,-0.20428483,-0.1670925,-0.19304644,-0.1666669,-0.14491406,-0.12545022,-0.18336485,-0.1834767,-0.22195317,-0.1695425,-0.2034893,-0.10287531,-0.098968044,-0.058144663,-0.09937723,-0.10802617,-0.1706559,-0.1978925,-0.12536043,-0.13618061,-0.15185598,-0.17117164,-0.11658599,-0.1674609,-0.1731844,-0.1509206,-0.12124001,-0.13503233,-0.10591475,-0.14836441,-0.19525972,-0.18847854,-0.2175087,-0.1611293,-0.22338755,-0.19687301,-0.29867563,-0.29210672,-0.19742829,-0.106941625,-0.09162698,-0.13691942,-0.1551454,-0.23188588,-0.19363478,-0.14625752,-0.2026537,-0.18432207,-0.18279888,-0.19693996,-0.19773927,-0.2017146,-0.15704875,-0.12552416,-0.1434498,-0.09202643,-0.09570184,-0.17096344,-0.14192784,-0.13743341,-0.14672664,-0.12719077,-0.15165263,-0.2613474,-0.22333384,-0.18872932,-0.20047067,-0.14522737,-0.1489747,-0.13058333,-0.14260945,-0.14994404,-0.1633115,-0.14595899,-0.16278498,-0.15957886,-0.14998752,-0.14710662,-0.1571595,-0.15302101,-0.22480208,-0.120334074,-0.14146207,-0.11843401,-0.16051547,-0.17355528,-0.15573889,-0.16769657,-0.11139822,-0.1388583,-0.13027036,-0.12850243,-0.15152657,-0.142638,-0.11520274,-0.10065024,-0.09063736,-0.105366945,-0.12030044,-0.13489717,-0.15027548,-0.159857,-0.1185138,-0.11129953,-0.1578567,-0.17738779,-0.13307637,-0.16426945,-0.25953975,-0.148658,-0.13281316,-0.14163065,-0.15095688,-0.17780018,-0.16402486,-0.22917573,-0.09015879,-0.11043848,-0.13469607,-0.12945098,-0.13997786,-0.17372334,-0.13908121,-0.16057305,-0.12777606,-0.07092635,-0.03704006,-0.13741206,-0.161823,-0.17834023,-0.14332479,-0.12334781,-0.13591176,-0.12023825,-0.1380617,-0.25318068,-0.26654312,-0.08352163,-0.10945694,-0.143866,-0.09238048,-0.18779366,-0.1899713,-0.15292996,-0.090342365,-0.13230102,-0.14959177,-0.15025277,-0.1587084,-0.1702881,-0.18271145,-0.08805992,-0.1234199,-0.14078076,-0.10256614,-0.17951453,-0.19495486,-0.19021228,-0.1000545,-0.13113372,-0.07944287,-0.1280325,-0.19006202,-0.19278422,-0.19118868,-0.12290313,-0.07546742,-0.09704945,-0.11857583,-0.13644318,-0.12406494,-0.121451,-0.094380766,-0.0967363,-0.10840179,-0.082459606,-0.11284063,-0.13218631,-0.16649011,-0.1410757,-0.13659179,-0.18093297,-0.17825818,-0.19383949,-0.14458084,-0.15549555,-0.13505054,-0.119081676,-0.14001076,-0.19117098,-0.19091386,-0.18128751,-0.19755594,-0.25103784,-0.20219928,-0.19021344,-0.19115368,-0.18240802,-0.17415367,-0.27554205,-0.08916744,-0.11956477,-0.12839401,-0.15751183,-0.20931396,-0.18224281,-0.29657933,-0.32474133,-0.15512633,-0.3242122,-0.17325558,-0.17108874,-0.2185038,-0.17647925,-0.114121355,-0.14019059,-0.15388772,-0.15788373,-0.22984435,-0.18186735,-0.25514042,-0.10436327,-0.12455491,-0.1385051,-0.124074474,-0.15189947,-0.15454714,-0.15538438,-0.14014931,-0.15141064,-0.16239977,-0.15522932,-0.15315959,-0.15300852,-0.13375658,-0.123043805,-0.14650114,-0.18966588,-0.17664045,-0.21025829,-0.3990198,-0.20280775,-0.11340512,-0.1296617,-0.11827518,-0.14789237,-0.16636807,-0.18600197,-0.19125801,-0.13170347,-0.07682181,-0.15264481,-0.13979308,-0.14106366,-0.11776498,-0.19987361,-0.1649412,-0.15891773,-0.1414369,-0.12357715,-0.12722544,-0.14610182,-0.2588673,-0.107345566,-0.13074079,-0.09132757,-0.12832497,-0.12889215,-0.1498056,-0.1511265,-0.09612682,-0.08910369,-0.12417012,-0.1106785,-0.13788697,-0.15078086,-0.16971576,-0.14272025,-0.11660692,-0.17373577,-0.15178855,-0.14209455,-0.12551072,-0.14146,-0.17466888,-0.13176009,-0.13208574,-0.14555512,-0.12252998,-0.08722703,-0.05825615,-0.14327922,-0.17082691,-0.026243303,-0.1669752,-0.2829064,-0.31316653,-0.19781365,-0.14544602,-0.14331596,-0.14862512,-0.12963767,-0.25088155,-0.19325252,-0.18781689,-0.094623044,-0.10914585,-0.10702289,-0.093198314,-0.12759323,-0.15303741,-0.15746465,-0.16668561,-0.12812386,-0.0969081,-0.16398169,-0.14303571,-0.11335766,-0.18846886,-0.1706479,-0.15374038,-0.12543055,-0.115196005,-0.112692684,-0.11662802,-0.175442,-0.13810763,-0.13393047,-0.096878245,-0.120972164,-0.09167705,-0.12434345,-0.13561863,-0.063823454,-0.13877153,-0.11419349,-0.1338143,-0.24483351,-0.2571875,-0.29957527,-0.14599924,-0.15651035,-0.13205622,-0.19104545,-0.0782174,-0.17189084,-0.16386133,-0.09859173,-0.11065883,-0.11436214,-0.076612435,-0.083404,-0.1213824,-0.13072303,-0.13855581,-0.19385117,-0.09875309,-0.15569235,-0.19487974,-0.19092399,-0.18636706,-0.11116086,-0.14303318,-0.10277592,-0.15859155,-0.19387221,-0.17183405,-0.16896552,-0.14265029,-0.1422051,-0.102211416,-0.15318985,-0.16152465,-0.18093376,-0.19465083,-0.12105812,-0.14693582,-0.11392407,-0.0803082,-0.14296141,-0.20725825,-0.16041434,-0.125103,-0.15657571,-0.15690626,-0.14381245,-0.19202894,-0.16243567,-0.18124466,-0.2963242,-0.19878486,-0.18127675,-0.1720938,-0.19297954,-0.15754393,-0.14054683,-0.13019316,-0.12557748,-0.13820988,-0.16349173,-0.30584824,-0.16673711,-0.18046075,-0.1925377,-0.11441202,-0.15042517,-0.14077064,-0.17784575,-0.16653907,-0.16408893,-0.14331086,-0.18237996,-0.12852833,-0.15347463,-0.13745867,-0.24156228,-0.1796895,-0.10313536,-0.13551803,-0.14149171,-0.17387322,-0.11046797,-0.13463476,-0.15149751,-0.15947974,-0.18191665,-0.15343817,-0.14888743,-0.19184028,-0.17522964,-0.16327372,-0.14723541,-0.14623587,-0.11499533,-0.10471026,-0.13514529,-0.20148799,-0.17636411,-0.12513243,-0.16650665,-0.18041904,-0.18738703,-0.11705899,-0.17496036,-0.2585143,-0.09252395,-0.09224439,-0.11495372,-0.13579574,-0.14771058,-0.09871709,-0.18840504
k__Bacteria|p__Proteobacteria|c__Epsilonproteobacteria|o__Campylobacterales|f__Helicobacteraceae|g__Helicobacter|s__Helicobacter_canis,-0.1004395,-0.12316422,-0.14095972,-0.20428483,-0.16658443,-0.193165,-0.1666669,-0.14538905,-0.12481721,-0.18391475,-0.18277335,-0.22389689,-0.16793483,-0.20453593,-0.103280865,-0.09888585,-0.058144663,-0.10019968,-0.10745649,-0.17084414,-0.1978925,-0.12536043,-0.1364899,-0.15280089,-0.17135188,-0.11658599,-0.16735134,-0.17448106,-0.1509206,-0.12124001,-0.13511157,-0.10540066,-0.14810266,-0.19552681,-0.18922696,-0.2175087,-0.1601201,-0.22338755,-0.19627947,-0.29867563,-0.29210672,-0.1981436,-0.107490286,-0.09162698,-0.13691942,-0.1546427,-0.23188588,-0.19324088,-0.14677604,-0.2026537,-0.1836294,-0.18279888,-0.19674893,-0.19731581,-0.2030155,-0.15831114,-0.12588033,-0.14391302,-0.09250842,-0.09565206,-0.17146966,-0.14271551,-0.13743341,-0.1469734,-0.12719077,-0.15087026,-0.2613474,-0.22333384,-0.18883553,-0.20047067,-0.14613014,-0.149363,-0.13061868,-0.1426719,-0.15156175,-0.16469356,-0.14717458,-0.16278498,-0.15885353,-0.14998752,-0.14716536,-0.15671833,-0.15332013,-0.22480208,-0.120334074,-0.1414237,-0.11819744,-0.16149583,-0.17439578,-0.15513492,-0.16825879,-0.11139822,-0.1388583,-0.13027036,-0.12894887,-0.15152657,-0.1427187,-0.11576732,-0.10065024,-0.09043586,-0.105719134,-0.12071525,-0.13509217,-0.15027548,-0.1606675,-0.1185138,-0.11129953,-0.1578567,-0.17738779,-0.13367824,-0.1630659,-0.25953975,-0.1485408,-0.13227618,-0.1413379,-0.15095688,-0.17780018,-0.1629731,-0.22917573,-0.09015879,-0.109955505,-0.13472366,-0.12967664,-0.13997786,-0.17333671,-0.13908121,-0.16057305,-0.12777606,-0.07092635,-0.03704006,-0.13693237,-0.16237652,-0.1789281,-0.14332479,-0.12334781,-0.135647,-0.12023825,-0.13837002,-0.25318068,-0.26654312,-0.08371747,-0.10945694,-0.14492016,-0.09238048,-0.18742774,-0.19006248,-0.15259716,-0.09039475,-0.13230102,-0.14936334,-0.15018834,-0.1589331,-0.17047565,-0.18429005,-0.08770968,-0.12387407,-0.14118496,-0.10256614,-0.17951453,-0.19495486,-0.19133648,-0.10038039,-0.13113372,-0.0796314,-0.12782465,-0.19006202,-0.19335377,-0.19143459,-0.123993896,-0.075476244,-0.09722917,-0.11832421,-0.1365596,-0.12406494,-0.121451,-0.094626345,-0.096606284,-0.10858402,-0.082459606,-0.112976864,-0.13256094,-0.16749391,-0.1410757,-0.13601762,-0.18093297,-0.17825818,-0.19357997,-0.14454104,-0.15549555,-0.13561395,-0.119081676,-0.14001076,-0.19117098,-0.1906199,-0.18094793,-0.19755594,-0.25103784,-0.20219928,-0.18975493,-0.19048353,-0.1822227,-0.1731964,-0.27554205,-0.08916744,-0.11956477,-0.12761803,-0.15751183,-0.20931396,-0.18224281,-0.29657933,-0.32474133,-0.14877334,-0.3242122,-0.17325558,-0.17108874,-0.2185038,-0.17647925,-0.114121355,-0.13947427,-0.15388772,-0.15788373,-0.22984435,-0.18186735,-0.2545201,-0.104448125,-0.12455491,-0.13858584,-0.124362156,-0.15189947,-0.15555853,-0.1568549,-0.14014931,-0.15141064,-0.16363859,-0.15504692,-0.15364821,-0.15278488,-0.13374352,-0.123049274,-0.1461477,-0.19055167,-0.17711219,-0.21025829,-0.3990198,-0.2003923,-0.113610335,-0.1296617,-0.11880708,-0.1479613,-0.16636807,-0.18712959,-0.19145659,-0.1313569,-0.0767698,-0.1533722,-0.13966009,-0.14106366,-0.118607104,-0.19987361,-0.1649412,-0.1580854,-0.14107515,-0.12351824,-0.12722544,-0.14610182,-0.2588673,-0.10722926,-0.13074079,-0.09132757,-0.12832497,-0.12952694,-0.14974323,-0.15230598,-0.096549064,-0.08910369,-0.12440007,-0.11049711,-0.13768846,-0.1507703,-0.17042853,-0.14306048,-0.116269656,-0.17385912,-0.15192457,-0.14245693,-0.12522349,-0.14255394,-0.17466888,-0.13176009,-0.1321803,-0.1458251,-0.1231079,-0.08722703,-0.05825615,-0.14358217,-0.17082691,-0.026243303,-0.16554564,-0.2829064,-0.31316653,-0.19716787,-0.1457149,-0.14331596,-0.14862512,-0.12963767,-0.25088155,-0.19365422,-0.1886472,-0.09476818,-0.10947737,-0.10702289,-0.094327286,-0.12759323,-0.15269178,-0.15746465,-0.16704354,-0.12812386,-0.0969081,-0.16398169,-0.14421129,-0.11335766,-0.18846886,-0.1706479,-0.15363714,-0.12582543,-0.115196005,-0.112943396,-0.11662802,-0.17630276,-0.13869038,-0.13462391,-0.096878245,-0.12106166,-0.09205429,-0.12434345,-0.13611208,-0.063823454,-0.13877153,-0.11419349,-0.13356665,-0.24483351,-0.2571875,-0.29957527,-0.14619827,-0.15666962,-0.13229814,-0.19104545,-0.0782174,-0.17224556,-0.16422734,-0.09859173,-0.11065883,-0.11506988,-0.076612435,-0.083404,-0.1213824,-0.13072303,-0.13855581,-0.19385117,-0.09915751,-0.15550339,-0.19487974,-0.19078484,-0.18664727,-0.11142796,-0.14281504,-0.103480116,-0.15986091,-0.1937802,-0.17337918,-0.16878492,-0.14282954,-0.1424782,-0.101268575,-0.15319967,-0.16139448,-0.18051693,-0.19470309,-0.12147813,-0.14766258,-0.11390995,-0.08021717,-0.14273492,-0.20725825,-0.16088293,-0.125103,-0.15657571,-0.15690626,-0.14327097,-0.19202894,-0.16243702,-0.18220916,-0.2963242,-0.19534099,-0.18020259,-0.17114371,-0.19234915,-0.15710363,-0.14054683,-0.13036789,-0.12557748,-0.13828993,-0.16216832,-0.30584824,-0.16622205,-0.18123354,-0.19227117,-0.11441202,-0.15067023,-0.14036763,-0.17777777,-0.16685593,-0.16458023,-0.14331086,-0.18237996,-0.12790623,-0.15280545,-0.13684413,-0.24156228,-0.17888723,-0.10333727,-0.13483763,-0.14224347,-0.17474076,-0.11014326,-0.13445887,-0.15290073,-0.16015312,-0.18129255,-0.15449011,-0.14925191,-0.19184028,-0.17511797,-0.16462901,-0.14723541,-0.14623587,-0.11499533,-0.10471026,-0.13490203,-0.20148799,-0.17729953,-0.12513243,-0.16475718,-0.18041904,-0.18738703,-0.11705899,-0.1772961,-0.2585358,-0.09266749,-0.09238197,-0.11456784,-0.13608742,-0.14795336,-0.09832532,-0.18911381
k__Bacteria|p__Proteobacteria|c__Epsilonproteobacteria|o__Campylobacterales|f__Helicobacteraceae|g__GGB9575|s__GGB9575_SGB14988,-0.1004395,-0.12316422,-0.14162543,-0.20428483,-0.16734585,-0.19359648,-0.1666669,-0.1453714,-0.12494969,-0.18399405,-0.18372394,-0.22574118,-0.16843942,-0.20474955,-0.10284695,-0.098842576,-0.058144663,-0.099554285,-0.10760374,-0.1710474,-0.1978925,-0.12536043,-0.13648486,-0.15264472,-0.17164586,-0.11658599,-0.16762662,-0.17427522,-0.1509206,-0.12124001,-0.13523385,-0.10538004,-0.14849134,-0.19590381,-0.1892612,-0.2175087,-0.16139331,-0.22338755,-0.19741906,-0.29867563,-0.29210672,-0.197927,-0.106932096,-0.09162698,-0.13691942,-0.15519139,-0.23188588,-0.1938925,-0.14658114,-0.2026537,-0.18465775,-0.18279888,-0.19776855,-0.19862312,-0.20342012,-0.15745893,-0.12571123,-0.14383578,-0.09203309,-0.0953996,-0.17154191,-0.1425592,-0.13743341,-0.14711538,-0.12719077,-0.15123992,-0.2613474,-0.22333384,-0.18917128,-0.20047067,-0.14587483,-0.14941862,-0.13068166,-0.14279711,-0.15088205,-0.16453186,-0.14691538,-0.16278498,-0.15973327,-0.14998752,-0.14737874,-0.1572739,-0.15340039,-0.22480208,-0.120334074,-0.14157052,-0.11828512,-0.16121256,-0.17447284,-0.15584677,-0.1684669,-0.11139822,-0.1388583,-0.13027036,-0.12860307,-0.15152657,-0.14271057,-0.1154902,-0.10065024,-0.09018932,-0.10518739,-0.12035196,-0.13497716,-0.15027548,-0.16057618,-0.1185138,-0.11129953,-0.1578567,-0.17738779,-0.13366482,-0.1641721,-0.25953975,-0.1488822,-0.13265252,-0.14167655,-0.15095688,-0.17780018,-0.16374823,-0.22917573,-0.09015879,-0.11015089,-0.13485312,-0.12965891,-0.13997786,-0.17394535,-0.13908121,-0.16057305,-0.12777606,-0.07092635,-0.03704006,-0.13713522,-0.16222194,-0.17924973,-0.14332479,-0.12334781,-0.1357007,-0.12023825,-0.13830149,-0.25318068,-0.26654312,-0.08307931,-0.10945694,-0.14442235,-0.09238048,-0.18787806,-0.19055173,-0.1528638,-0.089913085,-0.13230102,-0.14969842,-0.15046424,-0.1591441,-0.17075506,-0.18387853,-0.08746658,-0.12375284,-0.14134687,-0.10256614,-0.17951453,-0.19495486,-0.1913565,-0.09990629,-0.13113372,-0.07910383,-0.1276174,-0.19006202,-0.19353876,-0.1918598,-0.12353995,-0.07490246,-0.09678367,-0.11835267,-0.13654245,-0.12406494,-0.121451,-0.09422573,-0.09628848,-0.108164,-0.082459606,-0.11256323,-0.13212818,-0.16728851,-0.1410757,-0.13647169,-0.18093297,-0.17825818,-0.19426149,-0.14463258,-0.15549555,-0.13548717,-0.119081676,-0.14001076,-0.19117098,-0.19132833,-0.18172988,-0.19755594,-0.25103784,-0.20219928,-0.19032732,-0.19143009,-0.18266812,-0.17398347,-0.27554205,-0.08916744,-0.11956477,-0.12782414,-0.15751183,-0.20931396,-0.18224281,-0.29657933,-0.32474133,-0.15232608,-0.3242122,-0.17325558,-0.17108874,-0.2185038,-0.17647925,-0.114121355,-0.13998641,-0.15388772,-0.15788373,-0.22984435,-0.18186735,-0.25580788,-0.10418706,-0.12455491,-0.13855559,-0.1240615,-0.15189947,-0.15517324,-0.15640768,-0.14014931,-0.15141064,-0.16341628,-0.15555981,-0.15374182,-0.15325058,-0.1337629,-0.12307386,-0.1465258,-0.19069684,-0.17741951,-0.21025829,-0.3990198,-0.20099583,-0.113266185,-0.1296617,-0.118350856,-0.14806624,-0.16636807,-0.18689287,-0.19183241,-0.13167202,-0.07609602,-0.15315546,-0.1397433,-0.14106366,-0.11836026,-0.19987361,-0.1649412,-0.15896755,-0.14150023,-0.123466164,-0.12722544,-0.14610182,-0.2588673,-0.10707316,-0.13074079,-0.09132757,-0.12832497,-0.12914449,-0.14994067,-0.15193564,-0.09600792,-0.08910369,-0.12416299,-0.11030568,-0.1378097,-0.15090325,-0.17046866,-0.14306282,-0.11629672,-0.1741522,-0.15199912,-0.14242882,-0.1253288,-0.14220862,-0.17466888,-0.13176009,-0.1321514,-0.14589708,-0.12277609,-0.08722703,-0.05825615,-0.14364365,-0.17082691,-0.026243303,-0.16656786,-0.2829064,-0.31316653,-0.19763008,-0.14582366,-0.14331596,-0.14862512,-0.12963767,-0.25088155,-0.19395804,-0.18876296,-0.09439361,-0.10911618,-0.10702289,-0.09338942,-0.12759323,-0.15304263,-0.15746465,-0.16738695,-0.12812386,-0.0969081,-0.16398169,-0.14371455,-0.11335766,-0.18846886,-0.1706479,-0.15414508,-0.12570225,-0.115196005,-0.112755165,-0.11662802,-0.1761259,-0.13857573,-0.13433689,-0.096878245,-0.120878294,-0.091381006,-0.12434345,-0.13598889,-0.063823454,-0.13877153,-0.11419349,-0.13380277,-0.24483351,-0.2571875,-0.29957527,-0.14631933,-0.15691048,-0.13215032,-0.19104545,-0.0782174,-0.17235184,-0.16455585,-0.09859173,-0.11065883,-0.11468071,-0.076612435,-0.083404,-0.1213824,-0.13072303,-0.13855581,-0.19385117,-0.098726496,-0.15583709,-0.19487974,-0.19133946,-0.18703365,-0.11107182,-0.14303201,-0.10272155,-0.15953748,-0.19435471,-0.17301439,-0.16924621,-0.14291234,-0.14255062,-0.10157639,-0.15334278,-0.16180164,-0.18115434,-0.19525464,-0.12112092,-0.14743632,-0.11366783,-0.07961312,-0.14310625,-0.20725825,-0.16100189,-0.125103,-0.15657571,-0.15690626,-0.14366648,-0.19202894,-0.16278985,-0.18223405,-0.2963242,-0.19757804,-0.18109393,-0.17173778,-0.19303975,-0.15757337,-0.14054683,-0.1302837,-0.12557748,-0.13825697,-0.16326568,-0.30584824,-0.16699511,-0.1813316,-0.19298355,-0.11441202,-0.15065074,-0.14057007,-0.1782602,-0.16710663,-0.16466066,-0.14331086,-0.18237996,-0.12829116,-0.15353395,-0.13756979,-0.24156228,-0.17951319,-0.102973714,-0.13528518,-0.14196128,-0.17472276,-0.11008087,-0.13452142,-0.15248418,-0.16017807,-0.18206474,-0.15414453,-0.14917201,-0.19184028,-0.17561541,-0.16437475,-0.14723541,-0.14623587,-0.11499533,-0.10471026,-0.13495545,-0.20148799,-0.17732644,-0.12513243,-0.16597068,-0.18041904,-0.18738703,-0.11705899,-0.17663302,-0.2591013,-0.09217875,-0.09191114,-0.114586554,-0.13595164,-0.14801025,-0.09817366,-0.18923694
k__Bacteria|p__Proteobacteria|c__Deltaproteobacteria|o__Desulfovibrionales|f__Desulfovibrionaceae|g__Desulfovibrio|s__Desulfovibrio_piger,-0.1004395,-0.12316422,-0.14157686,-0.20428483,-0.16747594,-0.19385436,-0.1666669,-0.1453081,-0.12494248,-0.1840808,-0.18331432,-0.22510894,-0.16986516,-0.2054733,-0.1031754,-0.099230304,-0.058144663,-0.099730745,-0.10770488,-0.17119959,-0.1978925,-0.12536043,-0.13651735,-0.15273379,-0.17198397,-0.11658599,-0.16785961,-0.1745161,-0.1509206,-0.12124001,-0.13518026,-0.10562513,-0.14838183,-0.19629651,-0.18969569,-0.2175087,-0.16115704,-0.22338755,-0.1977154,-0.29867563,-0.29210672,-0.19867712,-0.10736897,-0.09162698,-0.13691942,-0.15529679,-0.23188588,-0.19432098,-0.14675651,-0.2026537,-0.1842396,-0.18279888,-0.19745386,-0.19837697,-0.20330408,-0.15842976,-0.1258814,-0.14408682,-0.09212451,-0.095592715,-0.17175725,-0.142647,-0.13743341,-0.14718008,-0.12719077,-0.15147157,-0.2613474,-0.22333384,-0.18953973,-0.20047067,-0.14605659,-0.1495772,-0.13077264,-0.14290902,-0.15125525,-0.16464227,-0.14707857,-0.16278498,-0.1596024,-0.14998752,-0.14749908,-0.15721639,-0.15348177,-0.22480208,-0.120334074,-0.14168689,-0.11833863,-0.1614956,-0.17457314,-0.15571788,-0.16852666,-0.11139822,-0.1388583,-0.13027036,-0.12880819,-0.15152657,-0.14273125,-0.11555591,-0.10065024,-0.090335414,-0.10557844,-0.120706104,-0.13524856,-0.15027548,-0.1608015,-0.1185138,-0.11129953,-0.1578567,-0.17738779,-0.13364747,-0.16383979,-0.25953975,-0.14887549,-0.13258901,-0.14163215,-0.15095688,-0.17780018,-0.16377953,-0.22917573,-0.09015879,-0.10998512,-0.13479893,-0.1297464,-0.13997786,-0.1740072,-0.13908121,-0.16057305,-0.12777606,-0.07092635,-0.03704006,-0.13725266,-0.16254133,-0.17930812,-0.14332479,-0.12334781,-0.13588022,-0.12023825,-0.1384851,-0.25318068,-0.26654312,-0.08348789,-0.10945694,-0.14481667,-0.09238048,-0.1881263,-0.19072779,-0.15315631,-0.09026837,-0.13230102,-0.14971143,-0.15051134,-0.15929243,-0.1709703,-0.18442507,-0.08777357,-0.123831615,-0.1414538,-0.10256614,-0.17951453,-0.19495486,-0.19177091,-0.10004355,-0.13113372,-0.07923761,-0.12806997,-0.19006202,-0.19403794,-0.19209945,-0.123668194,-0.075374946,-0.0970836,-0.11849432,-0.13668397,-0.12406494,-0.121451,-0.09446813,-0.0965836,-0.10852437,-0.082459606,-0.1128595,-0.13255532,-0.1676122,-0.1410757,-0.13638973,-0.18093297,-0.17825818,-0.19458175,-0.14482993,-0.15549555,-0.13562286,-0.119081676,-0.14001076,-0.19117098,-0.19167894,-0.18166813,-0.19755594,-0.25103784,-0.20219928,-0.19044796,-0.19140233,-0.18286595,-0.17402667,-0.27554205,-0.08916744,-0.11956477,-0.12784126,-0.15751183,-0.20931396,-0.18224281,-0.29657933,-0.32474133,-0.15115769,-0.3242122,-0.17325558,-0.17108874,-0.2185038,-0.17647925,-0.114121355,-0.13993153,-0.15388772,-0.15788373,-0.22984435,-0.18186735,-0.25658816,-0.10436622,-0.12455491,-0.13867557,-0.124324895,-0.15189947,-0.1555397,-0.15669064,-0.14014931,-0.15141064,-0.1635677,-0.15552147,-0.15374401,-0.153214,-0.13402452,-0.12309775,-0.14641638,-0.19080481,-0.17726111,-0.21025829,-0.3990198,-0.20183611,-0.11350128,-0.1296617,-0.118533656,-0.14814615,-0.16636807,-0.18728575,-0.19216666,-0.13164294,-0.076597214,-0.15342954,-0.14001104,-0.14106366,-0.11806572,-0.19987361,-0.1649412,-0.15874688,-0.14141148,-0.12367913,-0.12722544,-0.14610182,-0.2588673,-0.107230544,-0.13074079,-0.09132757,-0.12832497,-0.12937647,-0.15004607,-0.15227163,-0.096325085,-0.08910369,-0.124397196,-0.110611096,-0.13798022,-0.15103313,-0.17080548,-0.14310588,-0.11631855,-0.17426983,-0.15207544,-0.14257959,-0.1254388,-0.14234057,-0.17466888,-0.13176009,-0.13227355,-0.14599337,-0.123116076,-0.08722703,-0.05825615,-0.14362693,-0.17082691,-0.026243303,-0.1668041,-0.2829064,-0.31316653,-0.19787998,-0.14589794,-0.14331596,-0.14862512,-0.12963767,-0.25088155,-0.19452336,-0.18904181,-0.094533175,-0.109372795,-0.10702289,-0.0938049,-0.12759323,-0.15303326,-0.15746465,-0.16743183,-0.12812386,-0.0969081,-0.16398169,-0.14417428,-0.11335766,-0.18846886,-0.1706479,-0.15410933,-0.12584162,-0.115196005,-0.1128791,-0.11662802,-0.17656028,-0.13870415,-0.13467273,-0.096878245,-0.12115632,-0.09176706,-0.12434345,-0.13605282,-0.063823454,-0.13877153,-0.11419349,-0.13386613,-0.24483351,-0.2571875,-0.29957527,-0.14638726,-0.15699892,-0.13228893,-0.19104545,-0.0782174,-0.17248902,-0.16464767,-0.09859173,-0.11065883,-0.114726014,-0.076612435,-0.083404,-0.1213824,-0.13072303,-0.13855581,-0.19385117,-0.09905985,-0.15585585,-0.19487974,-0.19153956,-0.18731663,-0.11130543,-0.14324518,-0.10307207,-0.15975353,-0.1945389,-0.1731329,-0.169554,-0.14301932,-0.14270455,-0.10146752,-0.1534332,-0.1618813,-0.18118778,-0.19557795,-0.12136947,-0.14763696,-0.113788836,-0.07989295,-0.14298515,-0.20725825,-0.16120134,-0.125103,-0.15657571,-0.15690626,-0.14371815,-0.19202894,-0.1629141,-0.18248548,-0.2963242,-0.19753215,-0.18106934,-0.17204037,-0.19325984,-0.15761569,-0.14054683,-0.13046052,-0.12557748,-0.13839775,-0.16345502,-0.30584824,-0.16663833,-0.18165235,-0.19319314,-0.11441202,-0.15082261,-0.14081907,-0.17832173,-0.16725,-0.16494693,-0.14331086,-0.18237996,-0.12817147,-0.15331757,-0.13712521,-0.24156228,-0.17985776,-0.103233345,-0.1353066,-0.14220029,-0.17497727,-0.11031402,-0.13462552,-0.1528151,-0.16037527,-0.18212128,-0.15449966,-0.14953089,-0.19184028,-0.17577514,-0.16459937,-0.14723541,-0.14623587,-0.11499533,-0.10471026,-0.13508815,-0.20148799,-0.17763147,-0.12513243,-0.16597326,-0.18041904,-0.18738703,-0.11705899,-0.17696746,-0.26035717,-0.09253708,-0.09221347,-0.11473147,-0.136161,-0.14821793,-0.09834911,-0.1896592
k__Bacteria|p__Proteobacteria|c__Betaproteobacteria|o__Neisseriales|f__Neisseriaceae|g__Neisseria|s__Neisseria_elongata,-0.1004395,-0.12316422,-0.14319135,-0.20428483,-0.16921878,-0.19486514,-0.1666669,-0.1461519,-0.12633182,-0.18511267,-0.18556684,-0.22369856,-0.17060894,-0.2051838,-0.10350591,-0.099433005,-0.058144663,-0.09974743,-0.10862513,-0.17216197,-0.1978925,-0.12536043,-0.13734165,-0.15325965,-0.17281464,-0.11658599,-0.16921866,-0.1749972,-0.1509206,-0.12124001,-0.13621345,-0.10651972,-0.14956602,-0.19723585,-0.19020863,-0.2175087,-0.16324586,-0.22338755,-0.19912279,-0.29867563,-0.29210672,-0.1987682,-0.10753061,-0.09162698,-0.13691942,-0.15661272,-0.23188588,-0.19574344,-0.14750287,-0.2026537,-0.18717003,-0.18279888,-0.19918907,-0.19939545,-0.20289072,-0.15791118,-0.12642196,-0.14461023,-0.09241473,-0.09605031,-0.17262095,-0.14314285,-0.13743341,-0.14803448,-0.12719077,-0.1527043,-0.2613474,-0.22333384,-0.1908145,-0.20047067,-0.14645644,-0.1503972,-0.13148572,-0.14366373,-0.15099505,-0.16509439,-0.1473748,-0.16278498,-0.16153485,-0.14998752,-0.1485022,-0.15860221,-0.15433504,-0.22480208,-0.120334074,-0.14255576,-0.1191936,-0.16194756,-0.17533083,-0.15721807,-0.1694017,-0.11139822,-0.1388583,-0.13027036,-0.1293641,-0.15152657,-0.14399731,-0.11613448,-0.10065024,-0.09097235,-0.10576847,-0.121008776,-0.13583359,-0.15027548,-0.16143776,-0.1185138,-0.11129953,-0.1578567,-0.17738779,-0.13392842,-0.16574144,-0.25953975,-0.15004128,-0.13386577,-0.14265123,-0.15095688,-0.17780018,-0.16557448,-0.22917573,-0.09015879,-0.11115808,-0.13574229,-0.1304049,-0.13997786,-0.17548496,-0.13908121,-0.16057305,-0.12777606,-0.07092635,-0.03704006,-0.13841985,-0.16315135,-0.18028972,-0.14332479,-0.12334781,-0.13697714,-0.12023825,-0.13897534,-0.25318068,-0.26654312,-0.083687745,-0.10945694,-0.14483619,-0.09238048,-0.18949962,-0.1920525,-0.15430845,-0.09061134,-0.13230102,-0.15087236,-0.15159781,-0.16018084,-0.17201814,-0.1844306,-0.0883297,-0.1243279,-0.14200929,-0.10256614,-0.17951453,-0.19495486,-0.19212964,-0.10049015,-0.13113372,-0.079129755,-0.12850484,-0.19006202,-0.19490795,-0.19313547,-0.12382096,-0.07572989,-0.09737706,-0.119239196,-0.13741931,-0.12406494,-0.121451,-0.09473544,-0.097049624,-0.10887882,-0.082459606,-0.1132893,-0.13298677,-0.16804469,-0.1410757,-0.13779959,-0.18093297,-0.17825818,-0.19576633,-0.14567046,-0.15549555,-0.13605407,-0.119081676,-0.14001076,-0.19117098,-0.19299501,-0.1832856,-0.19755594,-0.25103784,-0.20219928,-0.19232227,-0.19337939,-0.18416688,-0.17569457,-0.27554205,-0.08916744,-0.11956477,-0.12924659,-0.15751183,-0.20931396,-0.18224281,-0.29657933,-0.32474133,-0.15562084,-0.3242122,-0.17325558,-0.17108874,-0.2185038,-0.17647925,-0.114121355,-0.14148432,-0.15388772,-0.15788373,-0.22984435,-0.18186735,-0.25712094,-0.10487741,-0.12455491,-0.1395963,-0.12488368,-0.15189947,-0.15585531,-0.15690582,-0.14014931,-0.15141064,-0.16398014,-0.1568751,-0.15457779,-0.15441355,-0.13474919,-0.12398387,-0.14785537,-0.191553,-0.17855531,-0.21025829,-0.3990198,-0.20254134,-0.1140135,-0.1296617,-0.11883379,-0.14905207,-0.16636807,-0.18780386,-0.19328766,-0.13275859,-0.076813936,-0.15378952,-0.14088984,-0.14106366,-0.1185745,-0.19987361,-0.1649412,-0.16071612,-0.14248285,-0.1244373,-0.12722544,-0.14610182,-0.2588673,-0.107836634,-0.13074079,-0.09132757,-0.12832497,-0.1297575,-0.151216,-0.1525554,-0.09653422,-0.08910369,-0.124859184,-0.11126235,-0.13883539,-0.15208821,-0.17127025,-0.14396125,-0.11740777,-0.17530419,-0.15317406,-0.14322612,-0.12643424,-0.14263518,-0.17466888,-0.13176009,-0.1329744,-0.14682567,-0.123461284,-0.08722703,-0.05825615,-0.1444667,-0.17082691,-0.026243303,-0.16854642,-0.2829064,-0.31316653,-0.19867888,-0.14670345,-0.14331596,-0.14862512,-0.12963767,-0.25088155,-0.19541249,-0.1897332,-0.09500021,-0.109727144,-0.10702289,-0.09318477,-0.12759323,-0.15422069,-0.15746465,-0.16848311,-0.12812386,-0.0969081,-0.16398169,-0.14418918,-0.11335766,-0.18846886,-0.1706479,-0.15533787,-0.12643844,-0.115196005,-0.11321398,-0.11662802,-0.17704955,-0.1392827,-0.1349768,-0.096878245,-0.12168127,-0.091875404,-0.12434345,-0.13681936,-0.063823454,-0.13877153,-0.11419349,-0.13472524,-0.24483351,-0.2571875,-0.29957527,-0.14721267,-0.1579261,-0.13292974,-0.19104545,-0.0782174,-0.17331845,-0.16556564,-0.09859173,-0.11065883,-0.11524059,-0.076612435,-0.083404,-0.1213824,-0.13072303,-0.13855581,-0.19385117,-0.099153444,-0.15700553,-0.19487974,-0.19305529,-0.18824083,-0.111810625,-0.14428243,-0.103222534,-0.1599942,-0.19580403,-0.17304209,-0.17071384,-0.14388025,-0.14341077,-0.102668285,-0.15436326,-0.16316107,-0.18276249,-0.1966848,-0.121797666,-0.14816093,-0.1146518,-0.080256924,-0.14385715,-0.20725825,-0.16217974,-0.125103,-0.15657571,-0.15690626,-0.14501011,-0.19202894,-0.16409299,-0.18310095,-0.2963242,-0.2007657,-0.18292722,-0.17378351,-0.19478828,-0.1589612,-0.14054683,-0.13113317,-0.12557748,-0.13924251,-0.16483665,-0.30584824,-0.16857356,-0.18239985,-0.19478479,-0.11441202,-0.1515248,-0.14187777,-0.17956392,-0.1682834,-0.16564848,-0.14331086,-0.18237996,-0.12955102,-0.15467933,-0.1383303,-0.24156228,-0.1816874,-0.10363658,-0.13666317,-0.1426206,-0.17559215,-0.1111264,-0.13560241,-0.15293196,-0.16101956,-0.18402717,-0.15460263,-0.15009263,-0.19184028,-0.17711207,-0.16499972,-0.14723541,-0.14623587,-0.11499533,-0.10471026,-0.13579665,-0.20148799,-0.17831185,-0.12513243,-0.16821045,-0.18041904,-0.18738703,-0.11705899,-0.1765247,-0.2615136,-0.092848614,-0.0925403,-0.11559674,-0.13670626,-0.14888659,-0.09903243,-0.19028588
k__Bacteria|p__Proteobacteria|c__Deltaproteobacteria|o__Desulfovibrionales|f__Desulfovibrionaceae|g__Desulfovibrio|s__Desulfovibrio_SGB5076,-0.1004395,-0.12316422,-0.14254852,-0.20428483,-0.16742322,-0.19492391,-0.1666669,-0.14568037,-0.1254885,-0.18474227,-0.18340257,-0.22846209,-0.17044717,-0.20547295,-0.10338062,-0.09969413,-0.058144663,-0.09976489,-0.108036175,-0.17202206,-0.1978925,-0.12536043,-0.13682044,-0.1529968,-0.17247978,-0.11658599,-0.16800907,-0.1749341,-0.1509206,-0.12124001,-0.1356059,-0.10598754,-0.14907253,-0.1970476,-0.19043727,-0.2175087,-0.16182622,-0.22338755,-0.19854924,-0.29867563,-0.29210672,-0.19969791,-0.10755625,-0.09162698,-0.13691942,-0.15575917,-0.23188588,-0.1947099,-0.14731926,-0.2026537,-0.18431544,-0.18279888,-0.1983706,-0.20011786,-0.2055525,-0.15874478,-0.12627661,-0.14450774,-0.09243184,-0.095996074,-0.17212339,-0.14307645,-0.13743341,-0.14761555,-0.12719077,-0.15222813,-0.2613474,-0.22333384,-0.18968534,-0.20047067,-0.14640749,-0.14985761,-0.1313861,-0.1434125,-0.151651,-0.16486594,-0.1476185,-0.16278498,-0.15986736,-0.14998752,-0.1477108,-0.15783313,-0.15408295,-0.22480208,-0.120334074,-0.14213121,-0.11881975,-0.16178843,-0.1750589,-0.15638894,-0.16907328,-0.11139822,-0.1388583,-0.13027036,-0.12919357,-0.15152657,-0.14296271,-0.11592373,-0.10065024,-0.09061869,-0.10587382,-0.12110289,-0.13563827,-0.15027548,-0.16112871,-0.1185138,-0.11129953,-0.1578567,-0.17738779,-0.13453506,-0.16521968,-0.25953975,-0.14941959,-0.13310942,-0.14229436,-0.15095688,-0.17780018,-0.16461934,-0.22917573,-0.09015879,-0.11035735,-0.13530704,-0.13022473,-0.13997786,-0.17450556,-0.13908121,-0.16057305,-0.12777606,-0.07092635,-0.03704006,-0.13759884,-0.16295916,-0.17982659,-0.14332479,-0.12334781,-0.13613424,-0.12023825,-0.13886146,-0.25318068,-0.26654312,-0.0834922,-0.10945694,-0.14518043,-0.09238048,-0.1887042,-0.19107845,-0.15337607,-0.090394944,-0.13230102,-0.15024675,-0.15100811,-0.15981402,-0.17146218,-0.18494391,-0.08797562,-0.124428675,-0.14167911,-0.10256614,-0.17951453,-0.19495486,-0.19255178,-0.10039449,-0.13113372,-0.07999694,-0.1286259,-0.19006202,-0.1943385,-0.19275518,-0.123937026,-0.075243846,-0.09745295,-0.119039655,-0.1370731,-0.12406494,-0.121451,-0.09474654,-0.09686671,-0.10876994,-0.082459606,-0.113240086,-0.13273577,-0.16800877,-0.1410757,-0.13695613,-0.18093297,-0.17825818,-0.19537377,-0.14549959,-0.15549555,-0.13625684,-0.119081676,-0.14001076,-0.19117098,-0.19213383,-0.18238235,-0.19755594,-0.25103784,-0.20219928,-0.19082436,-0.19200099,-0.1835255,-0.17482945,-0.27554205,-0.08916744,-0.11956477,-0.12818179,-0.15751183,-0.20931396,-0.18224281,-0.29657933,-0.32474133,-0.15378033,-0.3242122,-0.17325558,-0.17108874,-0.2185038,-0.17647925,-0.114121355,-0.14033917,-0.15388772,-0.15788373,-0.22984435,-0.18186735,-0.25930262,-0.10466738,-0.12455491,-0.13898015,-0.124668986,-0.15189947,-0.15570292,-0.15702507,-0.14014931,-0.15141064,-0.16396241,-0.15593842,-0.15428022,-0.15381569,-0.1345197,-0.12347894,-0.1469872,-0.19123879,-0.17789653,-0.21025829,-0.3990198,-0.20501265,-0.1137856,-0.1296617,-0.11907177,-0.14866579,-0.16636807,-0.18754251,-0.19279659,-0.1320251,-0.0767639,-0.15407005,-0.14032385,-0.14106366,-0.118753806,-0.19987361,-0.1649412,-0.15917063,-0.14224677,-0.12387261,-0.12722544,-0.14610182,-0.2588673,-0.10766396,-0.13074079,-0.09132757,-0.12832497,-0.12965524,-0.15020667,-0.15250497,-0.09648205,-0.08910369,-0.12482947,-0.11078812,-0.13849154,-0.151393,-0.17144571,-0.14356002,-0.11661836,-0.17473826,-0.15243362,-0.14290597,-0.12576056,-0.1428948,-0.17466888,-0.13176009,-0.1329187,-0.14633186,-0.12340747,-0.08722703,-0.05825615,-0.14412618,-0.17082691,-0.026243303,-0.16768003,-0.2829064,-0.31316653,-0.20022836,-0.14639264,-0.14331596,-0.14862512,-0.12963767,-0.25088155,-0.19495161,-0.1897787,-0.0947821,-0.109725654,-0.10702289,-0.09435306,-0.12759323,-0.15377685,-0.15746465,-0.1680271,-0.12812386,-0.0969081,-0.16398169,-0.1442656,-0.11335766,-0.18846886,-0.1706479,-0.15459222,-0.12627068,-0.115196005,-0.11356041,-0.11662802,-0.17694302,-0.13914827,-0.13492823,-0.096878245,-0.12155428,-0.0919172,-0.12434345,-0.13626128,-0.063823454,-0.13877153,-0.11419349,-0.13439387,-0.24483351,-0.2571875,-0.29957527,-0.14693657,-0.15745941,-0.1329631,-0.19104545,-0.0782174,-0.17344809,-0.16505566,-0.09859173,-0.11065883,-0.11485204,-0.076612435,-0.083404,-0.1213824,-0.13072303,-0.13855581,-0.19385117,-0.099365965,-0.15663922,-0.19487974,-0.19211534,-0.18808115,-0.11160684,-0.14328071,-0.10338086,-0.16028363,-0.19553936,-0.17418993,-0.16979998,-0.14342788,-0.14320448,-0.102079585,-0.15398921,-0.16234155,-0.18184154,-0.19628137,-0.121716484,-0.14797363,-0.114041105,-0.08012243,-0.14424479,-0.20725825,-0.16149628,-0.125103,-0.15657571,-0.15690626,-0.1442644,-0.19202894,-0.16338727,-0.1830216,-0.2963242,-0.19926697,-0.1820373,-0.17209569,-0.19389555,-0.15815039,-0.14054683,-0.13086721,-0.12557748,-0.13886297,-0.16426793,-0.30584824,-0.16737205,-0.18190557,-0.19380844,-0.11441202,-0.15124384,-0.14113325,-0.17901307,-0.16772923,-0.165447,-0.14331086,-0.18237996,-0.12895255,-0.15401316,-0.13864353,-0.24156228,-0.18002956,-0.10351463,-0.13562335,-0.14265648,-0.17539427,-0.11054289,-0.13506573,-0.15305611,-0.16073354,-0.18249547,-0.1550413,-0.14996825,-0.19184028,-0.17622055,-0.16494492,-0.14723541,-0.14623587,-0.11499533,-0.10471026,-0.13588357,-0.20148799,-0.1779475,-0.12513243,-0.16612425,-0.18041904,-0.18738703,-0.11705899,-0.17773734,-0.2612505,-0.09274989,-0.09240052,-0.11516756,-0.13670734,-0.14866425,-0.098744445,-0.1901683
k__Bacteria|p__Proteobacteria|c__Gammaproteobacteria|o__Aeromonadales|f__Aeromonadaceae|g__Aeromonas|s__Aeromonas_hydrophila,-0.1004395,-0.12316422,-0.14174634,-0.20428483,-0.16679513,-0.19349867,-0.1666669,-0.14513654,-0.12542719,-0.18373944,-0.18316379,-0.21971935,-0.1685287,-0.20137903,-0.103030056,-0.098664194,-0.058144663,-0.09945914,-0.10757916,-0.17122976,-0.1978925,-0.12536043,-0.1364257,-0.15248007,-0.17127788,-0.11658599,-0.16778937,-0.17421842,-0.1509206,-0.12124001,-0.13543274,-0.10542643,-0.14855081,-0.19509739,-0.18909293,-0.2175087,-0.16111568,-0.22338755,-0.19664882,-0.29867563,-0.29210672,-0.1975353,-0.107019015,-0.09162698,-0.13691942,-0.15511674,-0.23188588,-0.19355434,-0.14653556,-0.2026537,-0.1842818,-0.18279888,-0.19661774,-0.19730102,-0.20140272,-0.1572823,-0.12572113,-0.14371207,-0.09240237,-0.09551014,-0.17128319,-0.14274058,-0.13743341,-0.1469912,-0.12719077,-0.15157224,-0.2613474,-0.22333384,-0.18871248,-0.20047067,-0.14567234,-0.149244,-0.13058227,-0.1425473,-0.1506294,-0.16409948,-0.14695278,-0.16278498,-0.15935516,-0.14998752,-0.1473038,-0.1570431,-0.15351063,-0.22480208,-0.120334074,-0.1415864,-0.118355855,-0.16104214,-0.17407599,-0.15582287,-0.16839297,-0.11139822,-0.1388583,-0.13027036,-0.12881142,-0.15152657,-0.14315134,-0.11568144,-0.10065024,-0.090403505,-0.10534632,-0.120391935,-0.13495651,-0.15027548,-0.1605362,-0.1185138,-0.11129953,-0.1578567,-0.17738779,-0.13347177,-0.16433215,-0.25953975,-0.14884251,-0.13268958,-0.14146742,-0.15095688,-0.17780018,-0.16378176,-0.22917573,-0.09015879,-0.11042507,-0.13491881,-0.12954482,-0.13997786,-0.17382821,-0.13908121,-0.16057305,-0.12777606,-0.07092635,-0.03704006,-0.13708463,-0.16228826,-0.17905274,-0.14332479,-0.12334781,-0.13590553,-0.12023825,-0.13814071,-0.25318068,-0.26654312,-0.083344,-0.10945694,-0.14442843,-0.09238048,-0.18785791,-0.19003855,-0.15273473,-0.09013192,-0.13230102,-0.14973839,-0.15037023,-0.15893558,-0.17057568,-0.18372999,-0.08771168,-0.12381765,-0.14096734,-0.10256614,-0.17951453,-0.19495486,-0.19092047,-0.10011592,-0.13113372,-0.07904208,-0.12778887,-0.19006202,-0.19294825,-0.19148386,-0.12366067,-0.07515365,-0.09691577,-0.118367895,-0.13655964,-0.12406494,-0.121451,-0.09427551,-0.09640483,-0.10839863,-0.082459606,-0.11265538,-0.132298,-0.16720077,-0.1410757,-0.13658276,-0.18093297,-0.17825818,-0.1936765,-0.14474553,-0.15549555,-0.13553585,-0.119081676,-0.14001076,-0.19117098,-0.19056934,-0.18150312,-0.19755594,-0.25103784,-0.20219928,-0.19027857,-0.19110332,-0.1824681,-0.17384222,-0.27554205,-0.08916744,-0.11956477,-0.12817791,-0.15751183,-0.20931396,-0.18224281,-0.29657933,-0.32474133,-0.1545023,-0.3242122,-0.17325558,-0.17108874,-0.2185038,-0.17647925,-0.114121355,-0.13999268,-0.15388772,-0.15788373,-0.22984435,-0.18186735,-0.25277048,-0.104262486,-0.12455491,-0.13865942,-0.124247275,-0.15189947,-0.15505129,-0.15631825,-0.14014931,-0.15141064,-0.16320647,-0.15540773,-0.15366907,-0.15320334,-0.13376677,-0.12315464,-0.14660735,-0.19014695,-0.17721024,-0.21025829,-0.3990198,-0.20175524,-0.11337027,-0.1296617,-0.11830759,-0.14813006,-0.16636807,-0.18665211,-0.19167235,-0.13186094,-0.07644513,-0.15321323,-0.13982645,-0.14106366,-0.11894469,-0.19987361,-0.1649412,-0.1589275,-0.1415973,-0.1234626,-0.12722544,-0.14610182,-0.2588673,-0.107288964,-0.13074079,-0.09132757,-0.12832497,-0.1292054,-0.14997691,-0.15190083,-0.09616415,-0.08910369,-0.124331616,-0.11042182,-0.13788997,-0.15096736,-0.17033714,-0.1430847,-0.116614714,-0.17397842,-0.15206635,-0.14230585,-0.12526032,-0.14228225,-0.17466888,-0.13176009,-0.13235115,-0.14577869,-0.122827426,-0.08722703,-0.05825615,-0.14371899,-0.17082691,-0.026243303,-0.16699754,-0.2829064,-0.31316653,-0.1981794,-0.14573431,-0.14331596,-0.14862512,-0.12963767,-0.25088155,-0.19320747,-0.18855156,-0.094693154,-0.109211415,-0.10702289,-0.09351402,-0.12759323,-0.1534122,-0.15746465,-0.16705668,-0.12812386,-0.0969081,-0.16398169,-0.1437051,-0.11335766,-0.18846886,-0.1706479,-0.1539187,-0.1258031,-0.115196005,-0.11287345,-0.11662802,-0.17604145,-0.13852322,-0.1341414,-0.096878245,-0.12086821,-0.09161067,-0.12434345,-0.1361954,-0.063823454,-0.13877153,-0.11419349,-0.13383506,-0.24483351,-0.2571875,-0.29957527,-0.14615333,-0.15664564,-0.13226062,-0.19104545,-0.0782174,-0.17226729,-0.16431965,-0.09859173,-0.11065883,-0.115024365,-0.076612435,-0.083404,-0.1213824,-0.13072303,-0.13855581,-0.19385117,-0.0986464,-0.15597054,-0.19487974,-0.19118382,-0.18681994,-0.11127621,-0.1428856,-0.10301311,-0.15932956,-0.19394311,-0.17293708,-0.16902931,-0.14286317,-0.14238253,-0.101776406,-0.1533921,-0.16164461,-0.18106383,-0.19466656,-0.121217,-0.14733833,-0.11402725,-0.080041766,-0.14337257,-0.20725825,-0.16088402,-0.125103,-0.15657571,-0.15690626,-0.14374071,-0.19202894,-0.16284074,-0.18211065,-0.2963242,-0.19707546,-0.18107854,-0.1713714,-0.19250217,-0.15748422,-0.14054683,-0.13033807,-0.12557748,-0.13850513,-0.1631225,-0.30584824,-0.1672469,-0.18080267,-0.19267341,-0.11441202,-0.15072317,-0.14052272,-0.17818129,-0.16693422,-0.16454813,-0.14331086,-0.18237996,-0.12852272,-0.15343246,-0.13771592,-0.24156228,-0.17938524,-0.10305865,-0.13535018,-0.14191198,-0.17439419,-0.11027866,-0.13470283,-0.15234077,-0.15974706,-0.18176433,-0.1540467,-0.14908475,-0.19184028,-0.17548653,-0.16425121,-0.14723541,-0.14623587,-0.11499533,-0.10471026,-0.1352194,-0.20148799,-0.17708373,-0.12513243,-0.16584544,-0.18041904,-0.18738703,-0.11705899,-0.17647289,-0.25735813,-0.09242049,-0.09211181,-0.1147708,-0.13595104,-0.14783576,-0.098389104,-0.1889859
k__Bacteria|p__Proteobacteria|c__Gammaproteobacteria|o__Enterobacterales|f__Enterobacteriaceae|g__Enterobacter|s__Enterobacter_sp_SA187,-0.1004395,-0.12316422,-0.14044173,-0.20428483,-0.16525562,-0.19083911,-0.1666669,-0.1434178,-0.12400208,-0.18094055,-0.18089385,-0.22231306,-0.16697203,-0.20126851,-0.10239966,-0.09861453,-0.058144663,-0.09879862,-0.10716728,-0.16864012,-0.1978925,-0.12536043,-0.13489638,-0.15043361,-0.16931182,-0.11658599,-0.16529429,-0.17142852,-0.1509206,-0.12124001,-0.13371217,-0.105131015,-0.1467044,-0.19297639,-0.18631189,-0.2175087,-0.15960583,-0.22338755,-0.19465263,-0.29867563,-0.29210672,-0.19502178,-0.1063104,-0.09162698,-0.13691942,-0.15328589,-0.23188588,-0.19115148,-0.14496183,-0.2026537,-0.18205531,-0.18279888,-0.19477509,-0.19580217,-0.20020527,-0.15506986,-0.124520384,-0.14210951,-0.09171477,-0.09519842,-0.16900396,-0.14068906,-0.13743341,-0.14528859,-0.12719077,-0.14958894,-0.2613474,-0.22333384,-0.18638012,-0.20047067,-0.14394425,-0.14752246,-0.12949407,-0.14115426,-0.14862172,-0.1618606,-0.14478353,-0.16278498,-0.15784556,-0.14998752,-0.1455433,-0.15537831,-0.15142083,-0.22480208,-0.120334074,-0.13994175,-0.1173978,-0.15879866,-0.17173603,-0.15403856,-0.16581252,-0.11139822,-0.1388583,-0.13027036,-0.12728678,-0.15152657,-0.1410164,-0.11447386,-0.10065024,-0.09008537,-0.10458052,-0.11933658,-0.13355842,-0.15027548,-0.15823045,-0.1185138,-0.11129953,-0.1578567,-0.17738779,-0.13223052,-0.16236144,-0.25953975,-0.14708999,-0.1314431,-0.14015666,-0.15095688,-0.17780018,-0.16202696,-0.22917573,-0.09015879,-0.10939028,-0.13336593,-0.12836918,-0.13997786,-0.1715473,-0.13908121,-0.16057305,-0.12777606,-0.07092635,-0.03704006,-0.13574329,-0.15995583,-0.17640941,-0.14332479,-0.12334781,-0.1343141,-0.12023825,-0.13668656,-0.25318068,-0.26654312,-0.08320291,-0.10945694,-0.14251648,-0.09238048,-0.18511243,-0.18765591,-0.1511556,-0.089886606,-0.13230102,-0.14786634,-0.14863047,-0.15703735,-0.16840316,-0.1808688,-0.08764624,-0.12255734,-0.13949785,-0.10256614,-0.17951453,-0.19495486,-0.1883383,-0.09949794,-0.13113372,-0.07939776,-0.12650083,-0.19006202,-0.19061416,-0.18897443,-0.1220759,-0.07540858,-0.09655766,-0.11750715,-0.1349913,-0.12406494,-0.121451,-0.094019875,-0.09608506,-0.10753685,-0.082459606,-0.11181382,-0.13071586,-0.16470014,-0.1410757,-0.13513967,-0.18093297,-0.17825818,-0.19155942,-0.14310381,-0.15549555,-0.13395524,-0.119081676,-0.14001076,-0.19117098,-0.18868883,-0.1792169,-0.19755594,-0.25103784,-0.20219928,-0.1877191,-0.1887397,-0.18009114,-0.17186749,-0.27554205,-0.08916744,-0.11956477,-0.12674206,-0.15751183,-0.20931396,-0.18224281,-0.29657933,-0.32474133,-0.15161619,-0.3242122,-0.17325558,-0.17108874,-0.2185038,-0.17647925,-0.114121355,-0.13861361,-0.15388772,-0.15788373,-0.22984435,-0.18186735,-0.2524156,-0.1037011,-0.12455491,-0.13696441,-0.12293632,-0.15189947,-0.1529537,-0.15408729,-0.14014931,-0.15141064,-0.16086933,-0.15360674,-0.15167645,-0.151383,-0.13250127,-0.12197281,-0.14480239,-0.18738632,-0.17474069,-0.21025829,-0.3990198,-0.19901974,-0.1124569,-0.1296617,-0.11732426,-0.14620356,-0.16636807,-0.18375085,-0.18896244,-0.1303511,-0.07663207,-0.15107505,-0.13826287,-0.14106366,-0.11686063,-0.19987361,-0.1649412,-0.15705104,-0.14005467,-0.122393906,-0.12722544,-0.14610182,-0.2588673,-0.106525645,-0.13074079,-0.09132757,-0.12832497,-0.12771472,-0.14807501,-0.14977396,-0.095670685,-0.08910369,-0.123004496,-0.10968678,-0.13637859,-0.14904304,-0.16797611,-0.14136094,-0.11547804,-0.17151251,-0.1500947,-0.14068127,-0.124360725,-0.1401241,-0.17466888,-0.13176009,-0.13088661,-0.1440486,-0.121702254,-0.08722703,-0.05825615,-0.14182013,-0.17082691,-0.026243303,-0.16475338,-0.2829064,-0.31316653,-0.19510004,-0.14402933,-0.14331596,-0.14862512,-0.12963767,-0.25088155,-0.19124502,-0.18585235,-0.09413876,-0.108400226,-0.10702289,-0.09294607,-0.12759323,-0.15110412,-0.15746465,-0.16498445,-0.12812386,-0.0969081,-0.16398169,-0.14169273,-0.11335766,-0.18846886,-0.1706479,-0.15226772,-0.124567606,-0.115196005,-0.11194676,-0.11662802,-0.17335209,-0.13694361,-0.13284796,-0.096878245,-0.11992804,-0.09115082,-0.12434345,-0.1342842,-0.063823454,-0.13877153,-0.11419349,-0.13242784,-0.24483351,-0.2571875,-0.29957527,-0.14457205,-0.15484124,-0.13090312,-0.19104545,-0.0782174,-0.17008607,-0.16213533,-0.09859173,-0.11065883,-0.11350608,-0.076612435,-0.083404,-0.1213824,-0.13072303,-0.13855581,-0.19385117,-0.09850673,-0.1539369,-0.19487974,-0.18858379,-0.18427989,-0.11035468,-0.14141564,-0.102215216,-0.15709378,-0.19150421,-0.17009005,-0.16683224,-0.14124131,-0.14091113,-0.10139647,-0.15135854,-0.15963104,-0.178618,-0.19220321,-0.12006417,-0.14544812,-0.11284944,-0.07983598,-0.14154872,-0.20725825,-0.15891215,-0.125103,-0.15657571,-0.15690626,-0.14215866,-0.19202894,-0.16067794,-0.17933522,-0.2963242,-0.19611755,-0.17877147,-0.16952083,-0.19040078,-0.15567571,-0.14054683,-0.1290237,-0.12557748,-0.13677606,-0.16153142,-0.30584824,-0.16493604,-0.17855123,-0.19016996,-0.11441202,-0.14864045,-0.13911636,-0.17567776,-0.16483098,-0.16234782,-0.14331086,-0.18237996,-0.12738165,-0.15158843,-0.13629505,-0.24156228,-0.17731166,-0.10252774,-0.13398848,-0.14025395,-0.1720157,-0.10955203,-0.13321307,-0.1500516,-0.15787792,-0.1796398,-0.15205124,-0.14740117,-0.19184028,-0.17325883,-0.16183832,-0.14723541,-0.14623587,-0.11499533,-0.10471026,-0.1335676,-0.20148799,-0.17463067,-0.12513243,-0.16385555,-0.18041904,-0.18738703,-0.11705899,-0.17356546,-0.2551329,-0.092085734,-0.09175424,-0.11390211,-0.13446715,-0.14620781,-0.09800652,-0.18606865
k__Bacteria|p__Proteobacteria|c__Gammaproteobacteria|o__Enterobacterales|f__Enterobacteriaceae|g__Enterobacter|s__Enterobacter_bugandensis,-0.1004395,-0.12316422,-0.14204216,-0.20428483,-0.16711794,-0.19400239,-0.1666669,-0.14541286,-0.12571105,-0.18450108,-0.18360674,-0.22087014,-0.17079072,-0.20240478,-0.10279787,-0.09864393,-0.058144663,-0.099461176,-0.10786049,-0.17144436,-0.1978925,-0.12536043,-0.13658462,-0.1527415,-0.1718528,-0.11658599,-0.16830698,-0.17434977,-0.1509206,-0.12124001,-0.13570401,-0.10552278,-0.14909482,-0.19551249,-0.1897673,-0.2175087,-0.1609768,-0.22338755,-0.19748181,-0.29867563,-0.29210672,-0.19843471,-0.10679463,-0.09162698,-0.13691942,-0.15544386,-0.23188588,-0.19420126,-0.14693186,-0.2026537,-0.1842157,-0.18279888,-0.1975446,-0.1983884,-0.20273295,-0.15810606,-0.12576781,-0.14385805,-0.09217122,-0.09550238,-0.17166965,-0.1426558,-0.13743341,-0.14719841,-0.12719077,-0.15214993,-0.2613474,-0.22333384,-0.18912195,-0.20047067,-0.14574654,-0.14952232,-0.13096677,-0.14300276,-0.1507457,-0.16398704,-0.14696541,-0.16278498,-0.15958789,-0.14998752,-0.14787686,-0.15752603,-0.1537277,-0.22480208,-0.120334074,-0.14200719,-0.11849797,-0.16113904,-0.17425431,-0.15629373,-0.16901153,-0.11139822,-0.1388583,-0.13027036,-0.12903523,-0.15152657,-0.14345181,-0.115642965,-0.10065024,-0.090350226,-0.10525972,-0.12029003,-0.13513996,-0.15027548,-0.1608183,-0.1185138,-0.11129953,-0.1578567,-0.17738779,-0.13369435,-0.16526696,-0.25953975,-0.14909416,-0.13310441,-0.1420794,-0.15095688,-0.17780018,-0.16399258,-0.22917573,-0.09015879,-0.11067972,-0.13509586,-0.12978874,-0.13997786,-0.17439786,-0.13908121,-0.16057305,-0.12777606,-0.07092635,-0.03704006,-0.13740304,-0.16262692,-0.17948943,-0.14332479,-0.12334781,-0.1363297,-0.12023825,-0.13882136,-0.25318068,-0.26654312,-0.08327924,-0.10945694,-0.14487651,-0.09238048,-0.18879026,-0.19076408,-0.15367326,-0.09010616,-0.13230102,-0.1501717,-0.15070012,-0.15926346,-0.17092843,-0.18418035,-0.08767076,-0.123663925,-0.14110318,-0.10256614,-0.17951453,-0.19495486,-0.19131137,-0.10017153,-0.13113372,-0.07930821,-0.12834923,-0.19006202,-0.19344617,-0.19228506,-0.123410076,-0.074840754,-0.09686968,-0.11858445,-0.13692129,-0.12406494,-0.121451,-0.09417938,-0.09645082,-0.10859946,-0.082459606,-0.11288351,-0.13256082,-0.16741437,-0.1410757,-0.13688907,-0.18093297,-0.17825818,-0.19449416,-0.14514661,-0.15549555,-0.13563076,-0.119081676,-0.14001076,-0.19117098,-0.19119495,-0.18199275,-0.19755594,-0.25103784,-0.20219928,-0.19120133,-0.19186893,-0.18330589,-0.17470896,-0.27554205,-0.08916744,-0.11956477,-0.1287884,-0.15751183,-0.20931396,-0.18224281,-0.29657933,-0.32474133,-0.15700959,-0.3242122,-0.17325558,-0.17108874,-0.2185038,-0.17647925,-0.114121355,-0.14045611,-0.15388772,-0.15788373,-0.22984435,-0.18186735,-0.254556,-0.10431629,-0.12455491,-0.13903558,-0.1244733,-0.15189947,-0.15513133,-0.15634838,-0.14014931,-0.15141064,-0.16332968,-0.15565106,-0.15386564,-0.15365613,-0.13425094,-0.123419955,-0.14695054,-0.19089183,-0.17720789,-0.21025829,-0.3990198,-0.20411523,-0.113485456,-0.1296617,-0.11832601,-0.14870709,-0.16636807,-0.18710738,-0.19225341,-0.13228232,-0.0763575,-0.15344355,-0.14026779,-0.14106366,-0.118261665,-0.19987361,-0.1649412,-0.15933327,-0.14210802,-0.123939425,-0.12722544,-0.14610182,-0.2588673,-0.10738998,-0.13074079,-0.09132757,-0.12832497,-0.12951723,-0.15037724,-0.15202634,-0.09603558,-0.08910369,-0.12463414,-0.1106564,-0.13833503,-0.15138842,-0.17076348,-0.14330314,-0.11701529,-0.17457712,-0.1524615,-0.14274809,-0.1254798,-0.1424253,-0.17466888,-0.13176009,-0.1327002,-0.14602783,-0.122832984,-0.08722703,-0.05825615,-0.14382309,-0.17082691,-0.026243303,-0.16739747,-0.2829064,-0.31316653,-0.19926783,-0.14594227,-0.14331596,-0.14862512,-0.12963767,-0.25088155,-0.19355267,-0.1890538,-0.094713055,-0.109184116,-0.10702289,-0.093336426,-0.12759323,-0.15384315,-0.15746465,-0.1671074,-0.12812386,-0.0969081,-0.16398169,-0.14377287,-0.11335766,-0.18846886,-0.1706479,-0.1542767,-0.12584668,-0.115196005,-0.113026746,-0.11662802,-0.17646259,-0.13851562,-0.13423386,-0.096878245,-0.121034235,-0.09161204,-0.12434345,-0.13646945,-0.063823454,-0.13877153,-0.11419349,-0.13429481,-0.24483351,-0.2571875,-0.29957527,-0.14638144,-0.15711048,-0.13244739,-0.19104545,-0.0782174,-0.17273995,-0.16490078,-0.09859173,-0.11065883,-0.11496289,-0.076612435,-0.083404,-0.1213824,-0.13072303,-0.13855581,-0.19385117,-0.09859246,-0.15640104,-0.19487974,-0.19177106,-0.18753517,-0.11134402,-0.14341986,-0.10277021,-0.15939885,-0.1943012,-0.17315868,-0.16994327,-0.14300673,-0.1425338,-0.10206932,-0.15397799,-0.16192733,-0.1818101,-0.19551802,-0.12124989,-0.1474661,-0.11416723,-0.08011307,-0.14370683,-0.20725825,-0.16107759,-0.125103,-0.15657571,-0.15690626,-0.14399397,-0.19202894,-0.16313708,-0.18267536,-0.2963242,-0.19850978,-0.18255155,-0.1724055,-0.19362369,-0.15815763,-0.14054683,-0.13053462,-0.12557748,-0.13878894,-0.16458572,-0.30584824,-0.16776636,-0.1816553,-0.1931493,-0.11441202,-0.15141632,-0.14095691,-0.17871857,-0.16726455,-0.16496179,-0.14331086,-0.18237996,-0.12880684,-0.15425073,-0.13820766,-0.24156228,-0.18021382,-0.1031442,-0.13572854,-0.14205939,-0.17468126,-0.11059806,-0.1351186,-0.15257303,-0.15988249,-0.18245184,-0.15443036,-0.14929582,-0.19184028,-0.17583768,-0.16441151,-0.14723541,-0.14623587,-0.11499533,-0.10471026,-0.13570234,-0.20148799,-0.1773859,-0.12513243,-0.16658135,-0.18041904,-0.18738703,-0.11705899,-0.17671797,-0.25842038,-0.09225351,-0.092145,-0.114983775,-0.13622199,-0.14826766,-0.098643236,-0.18962115
k__Bacteria|p__Proteobacteria|c__Gammaproteobacteria|o__Enterobacterales|f__Enterobacteriaceae|g__Citrobacter|s__Citrobacter_sedlakii,-0.1004395,-0.12316422,-0.141822,-0.20428483,-0.16719222,-0.19327186,-0.1666669,-0.14503789,-0.12520418,-0.18331796,-0.18362077,-0.22457962,-0.16857512,-0.20509222,-0.10318848,-0.09943932,-0.058144663,-0.099402964,-0.107802585,-0.17053412,-0.1978925,-0.12536043,-0.13608676,-0.15192269,-0.17120178,-0.11658599,-0.16745439,-0.17360425,-0.1509206,-0.12124001,-0.13520537,-0.105938226,-0.1483481,-0.1955333,-0.1887506,-0.2175087,-0.16126141,-0.22338755,-0.19721659,-0.29867563,-0.29210672,-0.19751075,-0.10720894,-0.09162698,-0.13691942,-0.1550826,-0.23188588,-0.1936182,-0.14646226,-0.2026537,-0.18464246,-0.18279888,-0.19720884,-0.19772685,-0.20187147,-0.15659122,-0.1255978,-0.14357921,-0.092029676,-0.09552442,-0.17100635,-0.14200997,-0.13743341,-0.14685741,-0.12719077,-0.15130977,-0.2613474,-0.22333384,-0.18869826,-0.20047067,-0.14539137,-0.1490863,-0.13061744,-0.14242461,-0.14990275,-0.16356789,-0.14631957,-0.16278498,-0.15983737,-0.14998752,-0.14697,-0.15713584,-0.15296648,-0.22480208,-0.120334074,-0.14137633,-0.11826272,-0.1605481,-0.17370301,-0.155709,-0.16788648,-0.11139822,-0.1388583,-0.13027036,-0.12835142,-0.15152657,-0.14257893,-0.11538158,-0.10065024,-0.09058368,-0.105306946,-0.120316744,-0.13481909,-0.15027548,-0.16014561,-0.1185138,-0.11129953,-0.1578567,-0.17738779,-0.1332517,-0.16388047,-0.25953975,-0.1487413,-0.1328232,-0.14151117,-0.15095688,-0.17780018,-0.16389933,-0.22917573,-0.09015879,-0.11023112,-0.1347368,-0.12948358,-0.13997786,-0.17380315,-0.13908121,-0.16057305,-0.12777606,-0.07092635,-0.03704006,-0.13715976,-0.16177592,-0.17862646,-0.14332479,-0.12334781,-0.13589974,-0.12023825,-0.13788827,-0.25318068,-0.26654312,-0.08350009,-0.10945694,-0.14398272,-0.09238048,-0.18764713,-0.19017509,-0.15302584,-0.09029576,-0.13230102,-0.1495113,-0.1502743,-0.1587776,-0.1703394,-0.1829838,-0.08801626,-0.12363018,-0.1412215,-0.10256614,-0.17951453,-0.19495486,-0.19061853,-0.09998787,-0.13113372,-0.07923581,-0.12737758,-0.19006202,-0.19305095,-0.19143435,-0.123189226,-0.075578965,-0.097120225,-0.11846204,-0.13642001,-0.12406494,-0.121451,-0.09449826,-0.096738026,-0.10848879,-0.082459606,-0.11272108,-0.13203144,-0.16676728,-0.1410757,-0.1365144,-0.18093297,-0.17825818,-0.19403632,-0.14455515,-0.15549555,-0.13517277,-0.119081676,-0.14001076,-0.19117098,-0.19126508,-0.18152903,-0.19755594,-0.25103784,-0.20219928,-0.19020724,-0.19123223,-0.18241577,-0.17403036,-0.27554205,-0.08916744,-0.11956477,-0.12808983,-0.15751183,-0.20931396,-0.18224281,-0.29657933,-0.32474133,-0.15429556,-0.3242122,-0.17325558,-0.17108874,-0.2185038,-0.17647925,-0.114121355,-0.14014044,-0.15388772,-0.15788373,-0.22984435,-0.18186735,-0.25637862,-0.10435374,-0.12455491,-0.13843623,-0.12393486,-0.15189947,-0.15461001,-0.15579906,-0.14014931,-0.15141064,-0.16260657,-0.15526903,-0.1533571,-0.15308712,-0.13391472,-0.122956194,-0.14634265,-0.18977861,-0.1770227,-0.21025829,-0.3990198,-0.20198314,-0.11339955,-0.1296617,-0.11829601,-0.1476258,-0.16636807,-0.18615727,-0.19148204,-0.13172588,-0.07669003,-0.15257388,-0.13973176,-0.14106366,-0.11782773,-0.19987361,-0.1649412,-0.15907818,-0.14156263,-0.12346045,-0.12722544,-0.14610182,-0.2588673,-0.107274674,-0.13074079,-0.09132757,-0.12832497,-0.12878421,-0.14969364,-0.15144786,-0.09624739,-0.08910369,-0.12411483,-0.110485,-0.13774464,-0.15069449,-0.1699301,-0.14278673,-0.116434485,-0.17372108,-0.15179345,-0.1420866,-0.12546054,-0.14158292,-0.17466888,-0.13176009,-0.13207945,-0.14557955,-0.12277139,-0.08722703,-0.05825615,-0.14337854,-0.17082691,-0.026243303,-0.16715945,-0.2829064,-0.31316653,-0.19796455,-0.14551651,-0.14331596,-0.14862512,-0.12963767,-0.25088155,-0.19355676,-0.18814582,-0.09456015,-0.10920088,-0.10702289,-0.09312037,-0.12759323,-0.15289271,-0.15746465,-0.16700937,-0.12812386,-0.0969081,-0.16398169,-0.1430833,-0.11335766,-0.18846886,-0.1706479,-0.1539185,-0.12563032,-0.115196005,-0.11264574,-0.11662802,-0.17572121,-0.13827133,-0.13416788,-0.096878245,-0.12100957,-0.091551974,-0.12434345,-0.13573048,-0.063823454,-0.13877153,-0.11419349,-0.13366604,-0.24483351,-0.2571875,-0.29957527,-0.14606276,-0.15658507,-0.13190044,-0.19104545,-0.0782174,-0.1721966,-0.16401249,-0.09859173,-0.11065883,-0.11450794,-0.076612435,-0.083404,-0.1213824,-0.13072303,-0.13855581,-0.19385117,-0.098823,-0.15544732,-0.19487974,-0.19108666,-0.18660432,-0.111142844,-0.14306802,-0.10275249,-0.1586957,-0.19390434,-0.17203261,-0.16899472,-0.14274028,-0.14241648,-0.10205148,-0.1530344,-0.16153052,-0.18105474,-0.19500217,-0.120996445,-0.14706427,-0.113934815,-0.08000691,-0.14257735,-0.20725825,-0.16083415,-0.125103,-0.15657571,-0.15690626,-0.14376895,-0.19202894,-0.16247037,-0.1815269,-0.2963242,-0.19922236,-0.18103057,-0.17185251,-0.19302957,-0.15745842,-0.14054683,-0.13022849,-0.12557748,-0.13824159,-0.16329134,-0.30584824,-0.16700128,-0.18067938,-0.19281797,-0.11441202,-0.15015881,-0.14056912,-0.17787573,-0.1666275,-0.16429548,-0.14331086,-0.18237996,-0.1285325,-0.15328793,-0.1371714,-0.24156228,-0.17995176,-0.10313194,-0.13537154,-0.14155367,-0.17402911,-0.110359274,-0.13444439,-0.15171775,-0.15977767,-0.18214811,-0.15347779,-0.14866832,-0.19184028,-0.17530936,-0.16369078,-0.14723541,-0.14623587,-0.11499533,-0.10471026,-0.1347073,-0.20148799,-0.17676179,-0.12513243,-0.16659424,-0.18041904,-0.18738703,-0.11705899,-0.17544657,-0.25940847,-0.09257977,-0.0922177,-0.11482429,-0.13574223,-0.14773759,-0.09847893,-0.18861037
k__Bacteria|p__Proteobacteria|c__Gammaproteobacteria|o__Enterobacterales|f__Enterobacteriaceae|g__Enterobacter|s__Enterobacter_sp_kpr_6,-0.1004395,-0.12316422,-0.14143503,-0.20428483,-0.16767514,-0.19360214,-0.1666669,-0.14510348,-0.12470182,-0.18318799,-0.18321384,-0.22800927,-0.16819894,-0.20687136,-0.10347522,-0.099801406,-0.058144663,-0.09959765,-0.10777819,-0.17070365,-0.1978925,-0.12536043,-0.13616808,-0.15232897,-0.17164955,-0.11658599,-0.16733547,-0.17405578,-0.1509206,-0.12124001,-0.1351704,-0.10595149,-0.14823805,-0.19616587,-0.18929885,-0.2175087,-0.16158581,-0.22338755,-0.19802317,-0.29867563,-0.29210672,-0.19844732,-0.10761298,-0.09162698,-0.13691942,-0.15497087,-0.23188588,-0.19397768,-0.14672104,-0.2026537,-0.18443567,-0.18279888,-0.1976156,-0.19829565,-0.20321772,-0.15705255,-0.12585129,-0.14399368,-0.09208327,-0.0956175,-0.17141876,-0.14227113,-0.13743341,-0.14706355,-0.12719077,-0.15099746,-0.2613474,-0.22333384,-0.18930271,-0.20047067,-0.1458539,-0.14938006,-0.13084239,-0.14259514,-0.15060642,-0.16426839,-0.14690346,-0.16278498,-0.15979701,-0.14998752,-0.14715727,-0.15709707,-0.1530835,-0.22480208,-0.120334074,-0.14141414,-0.118174985,-0.16102222,-0.17425355,-0.15558024,-0.16807416,-0.11139822,-0.1388583,-0.13027036,-0.12847954,-0.15152657,-0.1422949,-0.11539218,-0.10065024,-0.09041008,-0.105470546,-0.1207012,-0.13509831,-0.15027548,-0.16052917,-0.1185138,-0.11129953,-0.1578567,-0.17738779,-0.13360704,-0.16366607,-0.25953975,-0.14874789,-0.13260767,-0.14145853,-0.15095688,-0.17780018,-0.16386743,-0.22917573,-0.09015879,-0.10983263,-0.13470358,-0.12962967,-0.13997786,-0.17377232,-0.13908121,-0.16057305,-0.12777606,-0.07092635,-0.03704006,-0.13712862,-0.1621095,-0.17893532,-0.14332479,-0.12334781,-0.1357353,-0.12023825,-0.13810182,-0.25318068,-0.26654312,-0.08359078,-0.10945694,-0.14449635,-0.09238048,-0.18752027,-0.19048129,-0.15287277,-0.09037095,-0.13230102,-0.14941125,-0.15027674,-0.15899155,-0.17067266,-0.18389805,-0.08801146,-0.12380469,-0.14169475,-0.10256614,-0.17951453,-0.19495486,-0.19143394,-0.10001716,-0.13113372,-0.079329655,-0.12746596,-0.19006202,-0.19379899,-0.19185063,-0.1235428,-0.07571551,-0.09731227,-0.118477106,-0.13642195,-0.12406494,-0.121451,-0.09467482,-0.096708514,-0.10855089,-0.082459606,-0.11271987,-0.13217482,-0.16725835,-0.1410757,-0.13624996,-0.18093297,-0.17825818,-0.19447581,-0.14475462,-0.15549555,-0.13548842,-0.119081676,-0.14001076,-0.19117098,-0.19176567,-0.18157527,-0.19755594,-0.25103784,-0.20219928,-0.19011319,-0.1912688,-0.18240118,-0.17397723,-0.27554205,-0.08916744,-0.11956477,-0.12760761,-0.15751183,-0.20931396,-0.18224281,-0.29657933,-0.32474133,-0.15041074,-0.3242122,-0.17325558,-0.17108874,-0.2185038,-0.17647925,-0.114121355,-0.13988376,-0.15388772,-0.15788373,-0.22984435,-0.18186735,-0.2579934,-0.10445215,-0.12455491,-0.13836019,-0.12405571,-0.15189947,-0.15509483,-0.15649495,-0.14014931,-0.15141064,-0.16319078,-0.15540653,-0.15358031,-0.15316701,-0.13397108,-0.122978345,-0.14615545,-0.19012499,-0.17711811,-0.21025829,-0.3990198,-0.2007007,-0.11342615,-0.1296617,-0.11849128,-0.1475978,-0.16636807,-0.18668708,-0.19189556,-0.13158202,-0.07676328,-0.15311094,-0.13987768,-0.14106366,-0.11758364,-0.19987361,-0.1649412,-0.15882185,-0.14146143,-0.12348604,-0.12722544,-0.14610182,-0.2588673,-0.107261494,-0.13074079,-0.09132757,-0.12832497,-0.12896618,-0.14974931,-0.15195471,-0.096427426,-0.08910369,-0.12422253,-0.110557765,-0.13772118,-0.1507554,-0.17046116,-0.14295864,-0.116188996,-0.17378291,-0.15174657,-0.14226201,-0.12546036,-0.14178064,-0.17466888,-0.13176009,-0.13217682,-0.14574696,-0.123085335,-0.08722703,-0.05825615,-0.14338477,-0.17082691,-0.026243303,-0.167083,-0.2829064,-0.31316653,-0.19729802,-0.14571255,-0.14331596,-0.14862512,-0.12963767,-0.25088155,-0.19449085,-0.18880221,-0.094540715,-0.10939659,-0.10702289,-0.093610086,-0.12759323,-0.15260118,-0.15746465,-0.16726655,-0.12812386,-0.0969081,-0.16398169,-0.14371803,-0.11335766,-0.18846886,-0.1706479,-0.15411103,-0.12586404,-0.115196005,-0.11279492,-0.11662802,-0.17609526,-0.138601,-0.13468951,-0.096878245,-0.121137455,-0.0916477,-0.12434345,-0.13569069,-0.063823454,-0.13877153,-0.11419349,-0.13373151,-0.24483351,-0.2571875,-0.29957527,-0.14630577,-0.15675709,-0.1320889,-0.19104545,-0.0782174,-0.1725414,-0.16432258,-0.09859173,-0.11065883,-0.11452383,-0.076612435,-0.083404,-0.1213824,-0.13072303,-0.13855581,-0.19385117,-0.09930946,-0.15556857,-0.19487974,-0.19128796,-0.18702212,-0.111285776,-0.14308518,-0.102979,-0.15940934,-0.19419979,-0.17255881,-0.1692897,-0.14292726,-0.1427092,-0.10168168,-0.15298307,-0.16149558,-0.18094146,-0.19533427,-0.121241465,-0.14736143,-0.11372544,-0.07978384,-0.14262693,-0.20725825,-0.16130815,-0.125103,-0.15657571,-0.15690626,-0.14359337,-0.19202894,-0.1627427,-0.18208629,-0.2963242,-0.19887759,-0.18062258,-0.17162356,-0.19314393,-0.15735878,-0.14054683,-0.13045037,-0.12557748,-0.1382882,-0.16359338,-0.30584824,-0.16670944,-0.18143399,-0.19300044,-0.11441202,-0.15024367,-0.14056987,-0.17793451,-0.16697663,-0.16465493,-0.14331086,-0.18237996,-0.12840685,-0.1530747,-0.13704443,-0.24156228,-0.180001,-0.103285536,-0.13515356,-0.14189056,-0.17471431,-0.11029068,-0.13441843,-0.1523033,-0.1601964,-0.18205439,-0.15403636,-0.14919592,-0.19184028,-0.17566897,-0.16426203,-0.14723541,-0.14623587,-0.11499533,-0.10471026,-0.13460428,-0.20148799,-0.17745896,-0.12513243,-0.16588236,-0.18041904,-0.18738703,-0.11705899,-0.17635193,-0.2609176,-0.09269206,-0.09224984,-0.1147955,-0.1359101,-0.14803098,-0.098400645,-0.18919203
k__Bacteria|p__Proteobacteria|c__Gammaproteobacteria|o__Moraxellales|f__Moraxellaceae|g__Acinetobacter|s__Acinetobacter_sp_ANC_4204,-0.1004395,-0.12316422,-0.14260864,-0.20428483,-0.16827145,-0.19339107,-0.1666669,-0.14519446,-0.12512438,-0.18291627,-0.18432556,-0.23261511,-0.16861986,-0.20748353,-0.10347638,-0.09978573,-0.058144663,-0.099928156,-0.10826242,-0.17096499,-0.1978925,-0.12536043,-0.13644655,-0.15231216,-0.17184642,-0.11658599,-0.1676106,-0.17383906,-0.1509206,-0.12124001,-0.13528955,-0.10627085,-0.14861517,-0.19623098,-0.18915525,-0.2175087,-0.16199264,-0.22338755,-0.19830349,-0.29867563,-0.29210672,-0.19852057,-0.1071696,-0.09162698,-0.13691942,-0.15580645,-0.23188588,-0.19458514,-0.14648622,-0.2026537,-0.18487626,-0.18279888,-0.19850497,-0.19990239,-0.20604059,-0.15635039,-0.1259755,-0.14389214,-0.09216747,-0.09587705,-0.17112765,-0.14236738,-0.13743341,-0.14722818,-0.12719077,-0.1509456,-0.2613474,-0.22333384,-0.18950953,-0.20047067,-0.14565161,-0.14937127,-0.1310845,-0.1431637,-0.15025909,-0.1640389,-0.14602423,-0.16278498,-0.16013291,-0.14998752,-0.14750373,-0.15764824,-0.15329468,-0.22480208,-0.120334074,-0.1417536,-0.118854925,-0.16070242,-0.17408843,-0.15650877,-0.16823328,-0.11139822,-0.1388583,-0.13027036,-0.12845863,-0.15152657,-0.14266115,-0.11539612,-0.10065024,-0.090833634,-0.105427824,-0.120466776,-0.13517231,-0.15027548,-0.16028576,-0.1185138,-0.11129953,-0.1578567,-0.17738779,-0.13317126,-0.16499008,-0.25953975,-0.14895242,-0.13318574,-0.14227866,-0.15095688,-0.17780018,-0.16444719,-0.22917573,-0.09015879,-0.1105592,-0.13510987,-0.12990338,-0.13997786,-0.1744352,-0.13908121,-0.16057305,-0.12777606,-0.07092635,-0.03704006,-0.13769998,-0.16213074,-0.17904681,-0.14332479,-0.12334781,-0.13574919,-0.12023825,-0.13853675,-0.25318068,-0.26654312,-0.08365013,-0.10945694,-0.14409848,-0.09238048,-0.18796584,-0.19137938,-0.15375188,-0.090552986,-0.13230102,-0.14994141,-0.15078895,-0.1592111,-0.17087874,-0.18306738,-0.088464156,-0.12391625,-0.14165981,-0.10256614,-0.17951453,-0.19495486,-0.19098416,-0.10029301,-0.13113372,-0.08022387,-0.1281468,-0.19006202,-0.19382289,-0.19213054,-0.12342879,-0.075603046,-0.09704164,-0.1188864,-0.1367956,-0.12406494,-0.121451,-0.09484298,-0.09699662,-0.10861323,-0.082459606,-0.11281858,-0.1322847,-0.16690214,-0.1410757,-0.13688377,-0.18093297,-0.17825818,-0.19482663,-0.14511341,-0.15549555,-0.13551208,-0.119081676,-0.14001076,-0.19117098,-0.1921921,-0.1820535,-0.19755594,-0.25103784,-0.20219928,-0.19058236,-0.19205037,-0.18285847,-0.1746957,-0.27554205,-0.08916744,-0.11956477,-0.12845686,-0.15751183,-0.20931396,-0.18224281,-0.29657933,-0.32474133,-0.15506084,-0.3242122,-0.17325558,-0.17108874,-0.2185038,-0.17647925,-0.114121355,-0.14055502,-0.15388772,-0.15788373,-0.22984435,-0.18186735,-0.25903413,-0.10473503,-0.12455491,-0.13867754,-0.12420283,-0.15189947,-0.15506914,-0.15581223,-0.14014931,-0.15141064,-0.16284955,-0.15586296,-0.15355055,-0.15380637,-0.13416323,-0.123168364,-0.14631712,-0.19002844,-0.17792052,-0.21025829,-0.3990198,-0.20226033,-0.11357726,-0.1296617,-0.11840215,-0.1481614,-0.16636807,-0.18626058,-0.19185439,-0.13230059,-0.076409236,-0.15273723,-0.14002086,-0.14106366,-0.11828045,-0.19987361,-0.1649412,-0.15950072,-0.14213327,-0.12408036,-0.12722544,-0.14610182,-0.2588673,-0.10773078,-0.13074079,-0.09132757,-0.12832497,-0.12907423,-0.15042043,-0.15152192,-0.0964166,-0.08910369,-0.124396,-0.11105348,-0.13815087,-0.1512118,-0.17031214,-0.14319411,-0.11654967,-0.17424402,-0.15232879,-0.14253192,-0.12619641,-0.14134815,-0.17466888,-0.13176009,-0.13208145,-0.14605188,-0.12316921,-0.08722703,-0.05825615,-0.1438427,-0.17082691,-0.026243303,-0.16777048,-0.2829064,-0.31316653,-0.19816647,-0.14585322,-0.14331596,-0.14862512,-0.12963767,-0.25088155,-0.19448498,-0.1883721,-0.09495145,-0.10909215,-0.10702289,-0.09314716,-0.12759323,-0.15322971,-0.15746465,-0.16720709,-0.12812386,-0.0969081,-0.16398169,-0.14346206,-0.11335766,-0.18846886,-0.1706479,-0.1543991,-0.1257435,-0.115196005,-0.11285928,-0.11662802,-0.17550296,-0.13860841,-0.13436876,-0.096878245,-0.1213677,-0.09172684,-0.12434345,-0.13579005,-0.063823454,-0.13877153,-0.11419349,-0.13425724,-0.24483351,-0.2571875,-0.29957527,-0.14649624,-0.15688187,-0.13235192,-0.19104545,-0.0782174,-0.17202756,-0.16461799,-0.09859173,-0.11065883,-0.1145312,-0.076612435,-0.083404,-0.1213824,-0.13072303,-0.13855581,-0.19385117,-0.09928502,-0.15603328,-0.19487974,-0.19157705,-0.18713789,-0.11142713,-0.14355326,-0.102512255,-0.15859233,-0.19434357,-0.17221643,-0.16985337,-0.143165,-0.14265165,-0.10262508,-0.1536112,-0.16194926,-0.18143661,-0.19574372,-0.121219605,-0.14724073,-0.113786414,-0.079682656,-0.14380614,-0.20725825,-0.16115624,-0.125103,-0.15657571,-0.15690626,-0.14402774,-0.19202894,-0.16304325,-0.18168949,-0.2963242,-0.20013684,-0.18183637,-0.17293406,-0.19401997,-0.1585243,-0.14054683,-0.13062936,-0.12557748,-0.13880715,-0.16432238,-0.30584824,-0.16753599,-0.18124354,-0.19306284,-0.11441202,-0.15090683,-0.14108938,-0.17839392,-0.16728953,-0.16435081,-0.14331086,-0.18237996,-0.12872782,-0.1536703,-0.13854386,-0.24156228,-0.18029797,-0.10344412,-0.13588947,-0.14178303,-0.17456017,-0.11068471,-0.13496488,-0.15180747,-0.16005915,-0.18258631,-0.15373687,-0.149502,-0.19184028,-0.17612436,-0.16361435,-0.14723541,-0.14623587,-0.11499533,-0.10471026,-0.13524827,-0.20148799,-0.17715842,-0.12513243,-0.16647272,-0.18041904,-0.18738703,-0.11705899,-0.17468977,-0.2602842,-0.092835374,-0.092295155,-0.115171954,-0.1360317,-0.14830023,-0.09888551,-0.18890177
k__Bacteria|p__Proteobacteria|c__Gammaproteobacteria|o__Moraxellales|f__Moraxellaceae|g__Moraxella|s__Moraxella_osloensis,-0.1004395,-0.12316422,-0.14213628,-0.20428483,-0.16687138,-0.19357961,-0.1666669,-0.14489555,-0.12518895,-0.18348548,-0.18356152,-0.22786412,-0.1706169,-0.20534652,-0.10316916,-0.09947913,-0.058144663,-0.09957181,-0.10774845,-0.17100015,-0.1978925,-0.12536043,-0.13623548,-0.15212241,-0.1716478,-0.11658599,-0.1674335,-0.173805,-0.1509206,-0.12124001,-0.13509157,-0.10592063,-0.14845693,-0.1962328,-0.18945077,-0.2175087,-0.160802,-0.22338755,-0.1977367,-0.29867563,-0.29210672,-0.1989074,-0.107137516,-0.09162698,-0.13691942,-0.15518874,-0.23188588,-0.19410431,-0.14651829,-0.2026537,-0.18326165,-0.18279888,-0.19765872,-0.1994004,-0.20494157,-0.15812656,-0.12573856,-0.14385715,-0.091937825,-0.09565597,-0.17117913,-0.14222504,-0.13743341,-0.14692879,-0.12719077,-0.15145557,-0.2613474,-0.22333384,-0.18884303,-0.20047067,-0.14555648,-0.14921673,-0.13088208,-0.1429734,-0.15064667,-0.16383038,-0.14639628,-0.16278498,-0.15920265,-0.14998752,-0.14726298,-0.15714595,-0.1532853,-0.22480208,-0.120334074,-0.1416174,-0.11842139,-0.16080329,-0.1739606,-0.15580313,-0.1681788,-0.11139822,-0.1388583,-0.13027036,-0.12868153,-0.15152657,-0.14250976,-0.115397744,-0.10065024,-0.09061751,-0.105549425,-0.12057851,-0.13506669,-0.15027548,-0.16026898,-0.1185138,-0.11129953,-0.1578567,-0.17738779,-0.13350582,-0.16454932,-0.25953975,-0.1486853,-0.13279462,-0.14187783,-0.15095688,-0.17780018,-0.16389361,-0.22917573,-0.09015879,-0.11016762,-0.13476399,-0.12977386,-0.13997786,-0.17391393,-0.13908121,-0.16057305,-0.12777606,-0.07092635,-0.03704006,-0.13739872,-0.16217041,-0.17887941,-0.14332479,-0.12334781,-0.135761,-0.12023825,-0.13840477,-0.25318068,-0.26654312,-0.08334535,-0.10945694,-0.14451328,-0.09238048,-0.1879668,-0.19055736,-0.15324658,-0.090208605,-0.13230102,-0.14967898,-0.15042037,-0.1589952,-0.17067689,-0.18361536,-0.08787912,-0.12377014,-0.14108859,-0.10256614,-0.17951453,-0.19495486,-0.19119933,-0.10004133,-0.13113372,-0.07994064,-0.12846175,-0.19006202,-0.19349168,-0.19183032,-0.12316802,-0.075157344,-0.097093344,-0.11878844,-0.13667516,-0.12406494,-0.121451,-0.094462186,-0.09679739,-0.10859812,-0.082459606,-0.11302781,-0.13245253,-0.16705525,-0.1410757,-0.13643439,-0.18093297,-0.17825818,-0.19452526,-0.1450336,-0.15549555,-0.13550806,-0.119081676,-0.14001076,-0.19117098,-0.19132602,-0.18144111,-0.19755594,-0.25103784,-0.20219928,-0.19007787,-0.19132072,-0.18280706,-0.17431617,-0.27554205,-0.08916744,-0.11956477,-0.1280948,-0.15751183,-0.20931396,-0.18224281,-0.29657933,-0.32474133,-0.15415314,-0.3242122,-0.17325558,-0.17108874,-0.2185038,-0.17647925,-0.114121355,-0.14000002,-0.15388772,-0.15788373,-0.22984435,-0.18186735,-0.25889337,-0.1043698,-0.12455491,-0.1385642,-0.12426253,-0.15189947,-0.15492952,-0.15601403,-0.14014931,-0.15141064,-0.16288862,-0.1552483,-0.15337598,-0.15332343,-0.134148,-0.12302362,-0.14646551,-0.19014513,-0.1771901,-0.21025829,-0.3990198,-0.20516296,-0.113433614,-0.1296617,-0.11864306,-0.14817923,-0.16636807,-0.18647262,-0.19181907,-0.13169867,-0.07659648,-0.15324219,-0.13987759,-0.14106366,-0.117932945,-0.19987361,-0.1649412,-0.15861261,-0.14172734,-0.12381765,-0.12722544,-0.14610182,-0.2588673,-0.10736999,-0.13074079,-0.09132757,-0.12832497,-0.12912983,-0.1498538,-0.15158927,-0.096186504,-0.08910369,-0.12445736,-0.11071885,-0.13802114,-0.15094519,-0.17046125,-0.14287877,-0.11640352,-0.17394526,-0.15195289,-0.14237848,-0.1255362,-0.14194235,-0.17466888,-0.13176009,-0.1322548,-0.1458552,-0.12292406,-0.08722703,-0.05825615,-0.14345244,-0.17082691,-0.026243303,-0.1672077,-0.2829064,-0.31316653,-0.19923352,-0.14564165,-0.14331596,-0.14862512,-0.12963767,-0.25088155,-0.19399053,-0.18852541,-0.09457554,-0.10923052,-0.10702289,-0.093856245,-0.12759323,-0.15322441,-0.15746465,-0.16702831,-0.12812386,-0.0969081,-0.16398169,-0.14363107,-0.11335766,-0.18846886,-0.1706479,-0.15386945,-0.12560053,-0.115196005,-0.11305204,-0.11662802,-0.1759467,-0.13843618,-0.1343646,-0.096878245,-0.12130934,-0.091737255,-0.12434345,-0.1356879,-0.063823454,-0.13877153,-0.11419349,-0.13396019,-0.24483351,-0.2571875,-0.29957527,-0.14621061,-0.15671936,-0.13236615,-0.19104545,-0.0782174,-0.17230031,-0.16447075,-0.09859173,-0.11065883,-0.1144087,-0.076612435,-0.083404,-0.1213824,-0.13072303,-0.13855581,-0.19385117,-0.09884595,-0.15582895,-0.19487974,-0.19123992,-0.18715072,-0.11122848,-0.14299287,-0.102834545,-0.15906404,-0.19441594,-0.17294888,-0.16943738,-0.14282574,-0.14253914,-0.101989865,-0.15345718,-0.1616339,-0.18112716,-0.19554037,-0.12119125,-0.14725004,-0.11370806,-0.08001672,-0.14354485,-0.20725825,-0.16057193,-0.125103,-0.15657571,-0.15690626,-0.14370279,-0.19202894,-0.16265789,-0.18185818,-0.2963242,-0.19890854,-0.18186069,-0.17217317,-0.19338399,-0.15795203,-0.14054683,-0.13039257,-0.12557748,-0.13843715,-0.16382845,-0.30584824,-0.16664329,-0.18120863,-0.19282874,-0.11441202,-0.1508362,-0.14078015,-0.17807713,-0.16693181,-0.16450696,-0.14331086,-0.18237996,-0.12840584,-0.15351087,-0.13801423,-0.24156228,-0.17955129,-0.10316028,-0.1353234,-0.14187555,-0.174447,-0.1103241,-0.13473645,-0.1521599,-0.15975708,-0.18184498,-0.15409002,-0.14929017,-0.19184028,-0.17541334,-0.16382648,-0.14723541,-0.14623587,-0.11499533,-0.10471026,-0.13542527,-0.20148799,-0.17684013,-0.12513243,-0.1657958,-0.18041904,-0.18738703,-0.11705899,-0.17594816,-0.26056808,-0.09252795,-0.09222353,-0.11491208,-0.13618335,-0.14814281,-0.09867589,-0.18911228
k__Bacteria|p__Proteobacteria|c__Gammaproteobacteria|o__Moraxellales|f__Moraxellaceae|g__Acinetobacter|s__Acinetobacter_nosocomialis,-0.1004395,-0.12316422,-0.14028743,-0.20428483,-0.16620222,-0.19092087,-0.1666669,-0.14412606,-0.12435627,-0.18196455,-0.18108505,-0.21345298,-0.16600206,-0.19904703,-0.10233085,-0.098019525,-0.058144663,-0.099236004,-0.10736707,-0.16921991,-0.1978925,-0.12536043,-0.13557447,-0.15131155,-0.16960722,-0.11658599,-0.16638573,-0.17222576,-0.1509206,-0.12124001,-0.13441193,-0.104906894,-0.14719296,-0.19259351,-0.18652683,-0.2175087,-0.16025919,-0.22338755,-0.19441946,-0.29867563,-0.29210672,-0.1942483,-0.106515415,-0.09162698,-0.13691942,-0.15382329,-0.23188588,-0.1916318,-0.1452309,-0.2026537,-0.1836159,-0.18279888,-0.1943538,-0.19375744,-0.19668818,-0.15558094,-0.12482372,-0.14249027,-0.092176616,-0.095284894,-0.16990542,-0.14138138,-0.13743341,-0.14578462,-0.12719077,-0.15020117,-0.2613474,-0.22333384,-0.18719393,-0.20047067,-0.14454243,-0.1481201,-0.12953514,-0.14134851,-0.14922181,-0.16277191,-0.1455163,-0.16278498,-0.15855125,-0.14998752,-0.14636917,-0.15575255,-0.15197878,-0.22480208,-0.120334074,-0.14044748,-0.11764005,-0.15976477,-0.1724622,-0.1542676,-0.16648,-0.11139822,-0.1388583,-0.13027036,-0.1278471,-0.15152657,-0.14202628,-0.11487057,-0.10065024,-0.09007916,-0.10474788,-0.11959347,-0.13403317,-0.15027548,-0.15904307,-0.1185138,-0.11129953,-0.1578567,-0.17738779,-0.13213986,-0.16221765,-0.25953975,-0.14764397,-0.13163126,-0.14015588,-0.15095688,-0.17780018,-0.16225897,-0.22917573,-0.09015879,-0.10998157,-0.13379037,-0.12847337,-0.13997786,-0.17203636,-0.13908121,-0.16057305,-0.12777606,-0.07092635,-0.03704006,-0.13626961,-0.16064802,-0.17713052,-0.14332479,-0.12334781,-0.13498926,-0.12023825,-0.13707581,-0.25318068,-0.26654312,-0.08346034,-0.10945694,-0.14298788,-0.09238048,-0.18586814,-0.18798456,-0.15131874,-0.090102494,-0.13230102,-0.14841491,-0.14902806,-0.15747812,-0.16890359,-0.18163559,-0.08767347,-0.122718394,-0.13993263,-0.10256614,-0.17951453,-0.19495486,-0.18847887,-0.09969628,-0.13113372,-0.07839906,-0.12652276,-0.19006202,-0.1909278,-0.18924278,-0.12276046,-0.07559076,-0.096591964,-0.11743597,-0.13537712,-0.12406494,-0.121451,-0.09396343,-0.095949024,-0.10766807,-0.082459606,-0.11186393,-0.13123795,-0.16548878,-0.1410757,-0.13560465,-0.18093297,-0.17825818,-0.1913612,-0.14322422,-0.15549555,-0.13418496,-0.119081676,-0.14001076,-0.19117098,-0.18874353,-0.17955384,-0.19755594,-0.25103784,-0.20219928,-0.1886206,-0.18923213,-0.18035784,-0.17202121,-0.27554205,-0.08916744,-0.11956477,-0.12733157,-0.15751183,-0.20931396,-0.18224281,-0.29657933,-0.32474133,-0.15099797,-0.3242122,-0.17325558,-0.17108874,-0.2185038,-0.17647925,-0.114121355,-0.13909824,-0.15388772,-0.15788373,-0.22984435,-0.18186735,-0.24647012,-0.10383351,-0.12455491,-0.13759175,-0.12337022,-0.15189947,-0.15377286,-0.15486327,-0.14014931,-0.15141064,-0.1617268,-0.1542906,-0.15227893,-0.15163127,-0.13248806,-0.12246796,-0.14541471,-0.1881666,-0.1748649,-0.21025829,-0.3990198,-0.19559246,-0.11272542,-0.1296617,-0.117323406,-0.14669642,-0.16636807,-0.18477787,-0.1893991,-0.13085987,-0.076630056,-0.15160932,-0.1388102,-0.14106366,-0.117569335,-0.19987361,-0.1649412,-0.1577892,-0.13998276,-0.12260726,-0.12722544,-0.14610182,-0.2588673,-0.1066409,-0.13074079,-0.09132757,-0.12832497,-0.12831464,-0.14889935,-0.15060005,-0.095858365,-0.08910369,-0.123276494,-0.1099278,-0.13674401,-0.14965472,-0.16836052,-0.14190425,-0.11606855,-0.17228115,-0.1506438,-0.1412276,-0.12445112,-0.1407355,-0.17466888,-0.13176009,-0.13121945,-0.14453274,-0.12183638,-0.08722703,-0.05825615,-0.1423336,-0.17082691,-0.026243303,-0.1649454,-0.2829064,-0.31316653,-0.1933322,-0.14455289,-0.14331596,-0.14862512,-0.12963767,-0.25088155,-0.1912472,-0.18631458,-0.094354615,-0.10870029,-0.10702289,-0.09269248,-0.12759323,-0.1516054,-0.15746465,-0.16542208,-0.12812386,-0.0969081,-0.16398169,-0.1425346,-0.11335766,-0.18846886,-0.1706479,-0.15274721,-0.12491967,-0.115196005,-0.11188567,-0.11662802,-0.17417106,-0.1373623,-0.13315636,-0.096878245,-0.119855285,-0.09138921,-0.12434345,-0.13525216,-0.063823454,-0.13877153,-0.11419349,-0.13285105,-0.24483351,-0.2571875,-0.29957527,-0.14493522,-0.15535045,-0.13101317,-0.19104545,-0.0782174,-0.170212,-0.16269106,-0.09859173,-0.11065883,-0.11441389,-0.076612435,-0.083404,-0.1213824,-0.13072303,-0.13855581,-0.19385117,-0.0984612,-0.15445378,-0.19487974,-0.18906793,-0.18444096,-0.110693656,-0.14211336,-0.10254488,-0.15799215,-0.19146091,-0.17025174,-0.16727445,-0.14171249,-0.14117599,-0.10122718,-0.15179455,-0.16023137,-0.17902043,-0.19198138,-0.120461345,-0.14609982,-0.113384515,-0.08005168,-0.14141613,-0.20725825,-0.15966508,-0.125103,-0.15657571,-0.15690626,-0.14256752,-0.19202894,-0.16133162,-0.18015665,-0.2963242,-0.19440547,-0.17856938,-0.16999641,-0.19035625,-0.15572935,-0.14054683,-0.12935022,-0.12557748,-0.13710259,-0.16157036,-0.30584824,-0.16548803,-0.17911273,-0.19065765,-0.11441202,-0.14923403,-0.13961954,-0.17626894,-0.16535512,-0.16295211,-0.14331086,-0.18237996,-0.12749478,-0.15199783,-0.13564551,-0.24156228,-0.17803867,-0.102715716,-0.13456208,-0.1406864,-0.17273758,-0.10985595,-0.13362758,-0.15085511,-0.15849279,-0.18026274,-0.15245816,-0.14783375,-0.19184028,-0.17388692,-0.16272022,-0.14723541,-0.14623587,-0.11499533,-0.10471026,-0.13376456,-0.20148799,-0.17547786,-0.12513243,-0.16483343,-0.18041904,-0.18738703,-0.11705899,-0.17432706,-0.25332534,-0.09212108,-0.0919231,-0.114121616,-0.13468204,-0.14645287,-0.09796785,-0.18673706
k__Bacteria|p__Proteobacteria|c__Gammaproteobacteria|o__Pasteurellales|f__Pasteurellaceae|g__Aggregatibacter|s__Aggregatibacter_kilianii,-0.1004395,-0.12316422,-0.14215341,-0.20428483,-0.16709429,-0.19358906,-0.1666669,-0.14513868,-0.12534243,-0.18341653,-0.18348995,-0.22731943,-0.16984165,-0.20498607,-0.1034162,-0.09964379,-0.058144663,-0.0996875,-0.108129814,-0.17088726,-0.1978925,-0.12536043,-0.13636734,-0.15226036,-0.1716469,-0.11658599,-0.16736475,-0.17375237,-0.1509206,-0.12124001,-0.13518365,-0.10615951,-0.14848357,-0.19595774,-0.18912616,-0.2175087,-0.16123606,-0.22338755,-0.19753034,-0.29867563,-0.29210672,-0.19833708,-0.10735227,-0.09162698,-0.13691942,-0.15519045,-0.23188588,-0.19378954,-0.14667678,-0.2026537,-0.18394321,-0.18279888,-0.1976086,-0.19912773,-0.20417897,-0.15744072,-0.12589861,-0.14386703,-0.09235799,-0.09598798,-0.17117524,-0.14238408,-0.13743341,-0.14704874,-0.12719077,-0.15148523,-0.2613474,-0.22333384,-0.18887088,-0.20047067,-0.1456864,-0.14930063,-0.13098842,-0.14292583,-0.1505991,-0.16389033,-0.14654554,-0.16278498,-0.15957409,-0.14998752,-0.14724472,-0.15730307,-0.15329286,-0.22480208,-0.120334074,-0.14163771,-0.1186105,-0.16081417,-0.17399722,-0.1559518,-0.16805613,-0.11139822,-0.1388583,-0.13027036,-0.12872124,-0.15152657,-0.1425733,-0.11559985,-0.10065024,-0.0908422,-0.10567299,-0.12065834,-0.13512245,-0.15027548,-0.16025361,-0.1185138,-0.11129953,-0.1578567,-0.17738779,-0.13381448,-0.16450435,-0.25953975,-0.14883,-0.13293609,-0.14193492,-0.15095688,-0.17780018,-0.16399287,-0.22917573,-0.09015879,-0.110348016,-0.13492078,-0.12987748,-0.13997786,-0.17386064,-0.13908121,-0.16057305,-0.12777606,-0.07092635,-0.03704006,-0.1372867,-0.1620862,-0.17877844,-0.14332479,-0.12334781,-0.13587669,-0.12023825,-0.13841403,-0.25318068,-0.26654312,-0.083746806,-0.10945694,-0.1444174,-0.09238048,-0.1876978,-0.19032654,-0.15311778,-0.090543315,-0.13230102,-0.14968997,-0.15047204,-0.15904635,-0.17060721,-0.18346223,-0.08826077,-0.12390973,-0.14124995,-0.10256614,-0.17951453,-0.19495486,-0.19112195,-0.100361556,-0.13113372,-0.08019065,-0.12820846,-0.19006202,-0.19333479,-0.1917004,-0.12339337,-0.0757249,-0.09740105,-0.1188542,-0.13666734,-0.12406494,-0.121451,-0.0948159,-0.09702739,-0.10869731,-0.082459606,-0.11308816,-0.13234326,-0.16692232,-0.1410757,-0.13661326,-0.18093297,-0.17825818,-0.19439273,-0.1449187,-0.15549555,-0.13558534,-0.119081676,-0.14001076,-0.19117098,-0.19133212,-0.18155684,-0.19755594,-0.25103784,-0.20219928,-0.19007733,-0.1912385,-0.18263991,-0.17417185,-0.27554205,-0.08916744,-0.11956477,-0.12814185,-0.15751183,-0.20931396,-0.18224281,-0.29657933,-0.32474133,-0.15378767,-0.3242122,-0.17325558,-0.17108874,-0.2185038,-0.17647925,-0.114121355,-0.14014246,-0.15388772,-0.15788373,-0.22984435,-0.18186735,-0.25789198,-0.10466459,-0.12455491,-0.13859081,-0.12429535,-0.15189947,-0.15491968,-0.1560058,-0.14014931,-0.15141064,-0.16292748,-0.15539496,-0.15353258,-0.15332523,-0.13414574,-0.123232946,-0.14646755,-0.19009158,-0.17712374,-0.21025829,-0.3990198,-0.2031391,-0.11363818,-0.1296617,-0.1186827,-0.14808273,-0.16636807,-0.1863389,-0.19166909,-0.13180047,-0.077071935,-0.15306994,-0.1399267,-0.14106366,-0.11805481,-0.19987361,-0.1649412,-0.1588417,-0.14181559,-0.123821795,-0.12722544,-0.14610182,-0.2588673,-0.107577786,-0.13074079,-0.09132757,-0.12832497,-0.12917055,-0.14983824,-0.15162334,-0.09649695,-0.08910369,-0.12446461,-0.110824585,-0.13801323,-0.1508941,-0.17031851,-0.14302441,-0.11656189,-0.17386463,-0.15196088,-0.14237148,-0.12574488,-0.14187144,-0.17466888,-0.13176009,-0.132384,-0.14585707,-0.12308782,-0.08722703,-0.05825615,-0.14358547,-0.17082691,-0.026243303,-0.1669237,-0.2829064,-0.31316653,-0.1985915,-0.14575338,-0.14331596,-0.14862512,-0.12963767,-0.25088155,-0.19392061,-0.18846309,-0.09492104,-0.10946204,-0.10702289,-0.0939896,-0.12759323,-0.15307832,-0.15746465,-0.16711447,-0.12812386,-0.0969081,-0.16398169,-0.14346948,-0.11335766,-0.18846886,-0.1706479,-0.15404643,-0.12587869,-0.115196005,-0.11319029,-0.11662802,-0.17579429,-0.13854504,-0.1344564,-0.096878245,-0.121355996,-0.091940165,-0.12434345,-0.13575941,-0.063823454,-0.13877153,-0.11419349,-0.13398415,-0.24483351,-0.2571875,-0.29957527,-0.1463317,-0.15680797,-0.13244264,-0.19104545,-0.0782174,-0.17239618,-0.16428842,-0.09859173,-0.11065883,-0.11458205,-0.076612435,-0.083404,-0.1213824,-0.13072303,-0.13855581,-0.19385117,-0.09933036,-0.15585637,-0.19487974,-0.19116104,-0.1869519,-0.11142023,-0.14306572,-0.10312463,-0.15908755,-0.19431204,-0.17264646,-0.16919911,-0.14292112,-0.1426242,-0.10230519,-0.1533706,-0.1616515,-0.18106978,-0.19519556,-0.12135495,-0.1472781,-0.11396837,-0.08035666,-0.14338422,-0.20725825,-0.16077721,-0.125103,-0.15657571,-0.15690626,-0.14384116,-0.19202894,-0.1626652,-0.18179217,-0.2963242,-0.19892022,-0.1814062,-0.17186475,-0.19316554,-0.1577746,-0.14054683,-0.13049623,-0.12557748,-0.13849255,-0.1636619,-0.30584824,-0.16687235,-0.1810611,-0.19277056,-0.11441202,-0.1506339,-0.14075364,-0.17803213,-0.16693003,-0.16449001,-0.14331086,-0.18237996,-0.12868792,-0.15354365,-0.13807563,-0.24156228,-0.17954773,-0.10343878,-0.13544852,-0.14194515,-0.17434716,-0.11058046,-0.13474658,-0.15202802,-0.15988481,-0.18190496,-0.15405986,-0.14926112,-0.19184028,-0.17547008,-0.16386564,-0.14723541,-0.14623587,-0.11499533,-0.10471026,-0.1352844,-0.20148799,-0.17689326,-0.12513243,-0.16591142,-0.18041904,-0.18738703,-0.11705899,-0.1759986,-0.25976947,-0.09285225,-0.09249601,-0.1150716,-0.13613981,-0.14811027,-0.098894596,-0.18882188
k__Bacteria|p__Proteobacteria|c__Gammaproteobacteria|o__Pseudomonadales|f__Pseudomonadaceae|g__Pseudomonas|s__Pseudomonas_koreensis,-0.1004395,-0.12316422,-0.1417557,-0.20428483,-0.16676208,-0.19322906,-0.1666669,-0.14490846,-0.124923095,-0.18340513,-0.18283711,-0.22535452,-0.16941409,-0.20492929,-0.10307993,-0.09940201,-0.058144663,-0.099740066,-0.10779297,-0.17062305,-0.1978925,-0.12536043,-0.13617603,-0.15205075,-0.17131892,-0.11658599,-0.1673793,-0.17351605,-0.1509206,-0.12124001,-0.13504368,-0.10579368,-0.14831333,-0.1955255,-0.18900442,-0.2175087,-0.16045058,-0.22338755,-0.19693258,-0.29867563,-0.29210672,-0.19801384,-0.107157215,-0.09162698,-0.13691942,-0.15502065,-0.23188588,-0.19375274,-0.14636481,-0.2026537,-0.18321513,-0.18279888,-0.1969491,-0.19806904,-0.20318997,-0.1575482,-0.1256501,-0.14368351,-0.09209113,-0.09566781,-0.17108321,-0.14210978,-0.13743341,-0.14679652,-0.12719077,-0.1513009,-0.2613474,-0.22333384,-0.18841857,-0.20047067,-0.14549205,-0.14906332,-0.1307193,-0.14271824,-0.1504817,-0.16361153,-0.14625917,-0.16278498,-0.15918563,-0.14998752,-0.14710054,-0.15700108,-0.1530785,-0.22480208,-0.120334074,-0.14147502,-0.11833861,-0.16074005,-0.17365828,-0.1555239,-0.16795084,-0.11139822,-0.1388583,-0.13027036,-0.12854461,-0.15152657,-0.1424728,-0.11531094,-0.10065024,-0.090565905,-0.10551514,-0.12045738,-0.13499293,-0.15027548,-0.16012485,-0.1185138,-0.11129953,-0.1578567,-0.17738779,-0.1333822,-0.16381705,-0.25953975,-0.14855212,-0.13264093,-0.14167322,-0.15095688,-0.17780018,-0.16352549,-0.22917573,-0.09015879,-0.110175185,-0.13464029,-0.129578,-0.13997786,-0.1736361,-0.13908121,-0.16057305,-0.12777606,-0.07092635,-0.03704006,-0.1372849,-0.16197371,-0.17857786,-0.14332479,-0.12334781,-0.13573608,-0.12023825,-0.13831289,-0.25318068,-0.26654312,-0.083619356,-0.10945694,-0.14435416,-0.09238048,-0.18780848,-0.19017884,-0.15315402,-0.090417355,-0.13230102,-0.14948604,-0.15022235,-0.15879905,-0.17034738,-0.18337896,-0.088080205,-0.12362188,-0.14095116,-0.10256614,-0.17951453,-0.19495486,-0.19076404,-0.10010548,-0.13113372,-0.07979067,-0.12795496,-0.19006202,-0.19307923,-0.19147782,-0.12318525,-0.07547942,-0.09720893,-0.118547514,-0.13654521,-0.12406494,-0.121451,-0.094560444,-0.09676595,-0.108599104,-0.082459606,-0.11295053,-0.13232188,-0.16684526,-0.1410757,-0.13632225,-0.18093297,-0.17825818,-0.19408102,-0.14470029,-0.15549555,-0.13527296,-0.119081676,-0.14001076,-0.19117098,-0.19107896,-0.18114945,-0.19755594,-0.25103784,-0.20219928,-0.18999775,-0.19098695,-0.18242483,-0.17398112,-0.27554205,-0.08916744,-0.11956477,-0.12803717,-0.15751183,-0.20931396,-0.18224281,-0.29657933,-0.32474133,-0.15420517,-0.3242122,-0.17325558,-0.17108874,-0.2185038,-0.17647925,-0.114121355,-0.13993469,-0.15388772,-0.15788373,-0.22984435,-0.18186735,-0.25631642,-0.10441164,-0.12455491,-0.13847396,-0.124132715,-0.15189947,-0.15490177,-0.15585192,-0.14014931,-0.15141064,-0.16271907,-0.15507162,-0.15327463,-0.15298167,-0.13395774,-0.122957155,-0.14613916,-0.18993735,-0.17660779,-0.21025829,-0.3990198,-0.20369168,-0.11343105,-0.1296617,-0.11846726,-0.14786048,-0.16636807,-0.18629432,-0.19134562,-0.13161495,-0.07685021,-0.15290023,-0.1397863,-0.14106366,-0.1176952,-0.19987361,-0.1649412,-0.15852578,-0.14152008,-0.12362428,-0.12722544,-0.14610182,-0.2588673,-0.10732566,-0.13074079,-0.09132757,-0.12832497,-0.1290854,-0.14971538,-0.15155138,-0.0962944,-0.08910369,-0.12433207,-0.110641055,-0.1378974,-0.15073448,-0.17013758,-0.14274421,-0.11641669,-0.17378958,-0.15173502,-0.14230177,-0.12546986,-0.14169598,-0.17466888,-0.13176009,-0.13217938,-0.14562908,-0.122847944,-0.08722703,-0.05825615,-0.1433332,-0.17082691,-0.026243303,-0.16668193,-0.2829064,-0.31316653,-0.19848934,-0.14551197,-0.14331596,-0.14862512,-0.12963767,-0.25088155,-0.19356379,-0.18817118,-0.09467843,-0.10926393,-0.10702289,-0.09373084,-0.12759323,-0.15291663,-0.15746465,-0.1667395,-0.12812386,-0.0969081,-0.16398169,-0.14345226,-0.11335766,-0.18846886,-0.1706479,-0.15371838,-0.12562199,-0.115196005,-0.11285275,-0.11662802,-0.17580673,-0.13828245,-0.1342621,-0.096878245,-0.121135674,-0.091822505,-0.12434345,-0.13572454,-0.063823454,-0.13877153,-0.11419349,-0.13388573,-0.24483351,-0.2571875,-0.29957527,-0.14602835,-0.15661988,-0.13210084,-0.19104545,-0.0782174,-0.17215995,-0.1641091,-0.09859173,-0.11065883,-0.114479475,-0.076612435,-0.083404,-0.1213824,-0.13072303,-0.13855581,-0.19385117,-0.09905237,-0.15545876,-0.19487974,-0.19084594,-0.18669388,-0.11120792,-0.14311267,-0.10287191,-0.15889797,-0.19372135,-0.17239234,-0.16900629,-0.1426864,-0.1423835,-0.1019229,-0.15320413,-0.16138572,-0.18082228,-0.19496402,-0.12113922,-0.14714187,-0.11369859,-0.08015561,-0.14294279,-0.20725825,-0.16053733,-0.125103,-0.15657571,-0.15690626,-0.14354968,-0.19202894,-0.16236663,-0.1816644,-0.2963242,-0.19840261,-0.18123232,-0.17187601,-0.19308507,-0.15752304,-0.14054683,-0.13025966,-0.12557748,-0.138195,-0.16341144,-0.30584824,-0.16663793,-0.1808784,-0.19246256,-0.11441202,-0.15056348,-0.14064324,-0.17782292,-0.1666627,-0.16429545,-0.14331086,-0.18237996,-0.12819164,-0.1532666,-0.13733283,-0.24156228,-0.17952538,-0.10324249,-0.1353023,-0.1417737,-0.17413646,-0.11039594,-0.13459307,-0.15201254,-0.15967718,-0.18175279,-0.15391529,-0.1489518,-0.19184028,-0.17516461,-0.16373533,-0.14723541,-0.14623587,-0.11499533,-0.10471026,-0.13510914,-0.20148799,-0.1766991,-0.12513243,-0.16584307,-0.18041904,-0.18738703,-0.11705899,-0.1759109,-0.25907344,-0.09260089,-0.09234467,-0.11485097,-0.13595828,-0.14789814,-0.09863605,-0.1888195
k__Bacteria|p__Proteobacteria|c__Gammaproteobacteria|o__Enterobacterales|f__Enterobacteriaceae|g__Phytobacter|s__Phytobacter_massiliensis,-0.1004395,-0.12316422,-0.1411311,-0.20428483,-0.167573,-0.19310589,-0.1666669,-0.1453819,-0.12447173,-0.18349858,-0.18286297,-0.22688968,-0.16771035,-0.20715985,-0.103472576,-0.09988941,-0.058144663,-0.10042359,-0.10768415,-0.1706242,-0.1978925,-0.12536043,-0.13649946,-0.15265512,-0.17156199,-0.11658599,-0.16750461,-0.17442012,-0.1509206,-0.12124001,-0.135267,-0.10556636,-0.14809394,-0.19557093,-0.1889593,-0.2175087,-0.16108717,-0.22338755,-0.19732913,-0.29867563,-0.29210672,-0.19761515,-0.107686855,-0.09162698,-0.13691942,-0.15513648,-0.23188588,-0.19406013,-0.14650208,-0.2026537,-0.1844622,-0.18279888,-0.19722949,-0.1972405,-0.20245588,-0.15789454,-0.12587327,-0.14400107,-0.092525244,-0.095695466,-0.17131878,-0.14257006,-0.13743341,-0.14712484,-0.12719077,-0.15084355,-0.2613474,-0.22333384,-0.18918845,-0.20047067,-0.14606036,-0.1494672,-0.13064831,-0.14269379,-0.15092483,-0.16472581,-0.1467753,-0.16278498,-0.15989093,-0.14998752,-0.14730482,-0.1569844,-0.15312988,-0.22480208,-0.120334074,-0.14152604,-0.11831145,-0.16130191,-0.17421761,-0.15548454,-0.1681606,-0.11139822,-0.1388583,-0.13027036,-0.1285586,-0.15152657,-0.1424267,-0.115809195,-0.10065024,-0.09046222,-0.105518505,-0.12064523,-0.13504691,-0.15027548,-0.16062607,-0.1185138,-0.11129953,-0.1578567,-0.17738779,-0.13374561,-0.16292477,-0.25953975,-0.1487695,-0.13242856,-0.1414324,-0.15095688,-0.17780018,-0.16346899,-0.22917573,-0.09015879,-0.11018534,-0.13471064,-0.12964079,-0.13997786,-0.1736777,-0.13908121,-0.16057305,-0.12777606,-0.07092635,-0.03704006,-0.13719293,-0.16191602,-0.17918034,-0.14332479,-0.12334781,-0.13576442,-0.12023825,-0.13805391,-0.25318068,-0.26654312,-0.08380708,-0.10945694,-0.14450586,-0.09238048,-0.18747275,-0.19039412,-0.15289216,-0.09055579,-0.13230102,-0.14945373,-0.15034252,-0.15903702,-0.17053863,-0.18385132,-0.08807474,-0.124244876,-0.14189361,-0.10256614,-0.17951453,-0.19495486,-0.19127367,-0.10018064,-0.13113372,-0.079360016,-0.12720098,-0.19006202,-0.19349478,-0.19168107,-0.124050856,-0.07586914,-0.09735679,-0.11834555,-0.13648376,-0.12406494,-0.121451,-0.09485102,-0.09673679,-0.10861774,-0.082459606,-0.11277123,-0.1322248,-0.16749245,-0.1410757,-0.13621058,-0.18093297,-0.17825818,-0.19398674,-0.1445036,-0.15549555,-0.1355014,-0.119081676,-0.14001076,-0.19117098,-0.1915613,-0.18141416,-0.19755594,-0.25103784,-0.20219928,-0.18991995,-0.1909526,-0.18217723,-0.17336397,-0.27554205,-0.08916744,-0.11956477,-0.12748408,-0.15751183,-0.20931396,-0.18224281,-0.29657933,-0.32474133,-0.1505879,-0.3242122,-0.17325558,-0.17108874,-0.2185038,-0.17647925,-0.114121355,-0.13986088,-0.15388772,-0.15788373,-0.22984435,-0.18186735,-0.25490424,-0.10452519,-0.12455491,-0.1384708,-0.12405265,-0.15189947,-0.15533918,-0.15661648,-0.14014931,-0.15141064,-0.1633371,-0.15542918,-0.15360573,-0.1530052,-0.13387245,-0.12287478,-0.1459572,-0.1900842,-0.17695957,-0.21025829,-0.3990198,-0.19987516,-0.11360322,-0.1296617,-0.118617065,-0.14754194,-0.16636807,-0.18693335,-0.19148764,-0.13173676,-0.076495916,-0.15290232,-0.13958839,-0.14106366,-0.11824714,-0.19987361,-0.1649412,-0.1587668,-0.14128146,-0.12363508,-0.12722544,-0.14610182,-0.2588673,-0.10731232,-0.13074079,-0.09132757,-0.12832497,-0.12914431,-0.14979327,-0.1522696,-0.096647024,-0.08910369,-0.12426138,-0.110526614,-0.13777605,-0.15067762,-0.17043924,-0.14300512,-0.11618882,-0.17413497,-0.1518099,-0.14250511,-0.1253843,-0.14210406,-0.17466888,-0.13176009,-0.13198093,-0.14593546,-0.123195685,-0.08722703,-0.05825615,-0.14353137,-0.17082691,-0.026243303,-0.16700579,-0.2829064,-0.31316653,-0.19661199,-0.14577144,-0.14331596,-0.14862512,-0.12963767,-0.25088155,-0.19421381,-0.18854627,-0.09451373,-0.109560445,-0.10702289,-0.093539864,-0.12759323,-0.15257302,-0.15746465,-0.16734216,-0.12812386,-0.0969081,-0.16398169,-0.1440478,-0.11335766,-0.18846886,-0.1706479,-0.15405674,-0.12596463,-0.115196005,-0.112703905,-0.11662802,-0.17631379,-0.13863532,-0.13467884,-0.096878245,-0.121183716,-0.091840684,-0.12434345,-0.1361885,-0.063823454,-0.13877153,-0.11419349,-0.13362595,-0.24483351,-0.2571875,-0.29957527,-0.14629179,-0.15681455,-0.13185474,-0.19104545,-0.0782174,-0.17210037,-0.16453621,-0.09859173,-0.11065883,-0.115045376,-0.076612435,-0.083404,-0.1213824,-0.13072303,-0.13855581,-0.19385117,-0.09935422,-0.15545285,-0.19487974,-0.19084439,-0.1867401,-0.11131817,-0.14345783,-0.10303758,-0.15948674,-0.19361274,-0.17276922,-0.16888557,-0.14291847,-0.14273605,-0.10149665,-0.15301755,-0.16171972,-0.18063761,-0.19499524,-0.121225655,-0.147691,-0.11387262,-0.07988985,-0.14239031,-0.20725825,-0.16127785,-0.125103,-0.15657571,-0.15690626,-0.14367667,-0.19202894,-0.16251239,-0.18205902,-0.2963242,-0.19698457,-0.18019308,-0.17161995,-0.19262663,-0.15730482,-0.14054683,-0.13033852,-0.12557748,-0.13828741,-0.16277927,-0.30584824,-0.16658345,-0.18123356,-0.19263287,-0.11441202,-0.15040794,-0.14067028,-0.17793852,-0.16701029,-0.16467142,-0.14331086,-0.18237996,-0.12802367,-0.15304923,-0.13642251,-0.24156228,-0.17980638,-0.10339353,-0.1353274,-0.14197043,-0.17474483,-0.11025797,-0.1343909,-0.15255085,-0.1605327,-0.18197265,-0.15416613,-0.14910501,-0.19184028,-0.17539404,-0.1646086,-0.14723541,-0.14623587,-0.11499533,-0.10471026,-0.13443956,-0.20148799,-0.17745756,-0.12513243,-0.16628172,-0.18041904,-0.18738703,-0.11705899,-0.17649317,-0.2586394,-0.09282744,-0.092462465,-0.114671126,-0.13590309,-0.1479742,-0.098159425,-0.18905626
k__Bacteria|p__Proteobacteria|c__Gammaproteobacteria|o__Enterobacterales|f__Erwiniaceae|g__Pantoea|s__Pantoea_sp_PSNIH6,-0.1004395,-0.12316422,-0.14200597,-0.20428483,-0.16726898,-0.19322622,-0.1666669,-0.1448394,-0.124921784,-0.18293476,-0.1833522,-0.23022178,-0.16969398,-0.206548,-0.10323738,-0.09982513,-0.058144663,-0.09947349,-0.10801276,-0.17041624,-0.1978925,-0.12536043,-0.13603078,-0.15181154,-0.17140937,-0.11658599,-0.16693088,-0.17332569,-0.1509206,-0.12124001,-0.13490275,-0.106159754,-0.14822593,-0.19600567,-0.18883386,-0.2175087,-0.16138792,-0.22338755,-0.19782394,-0.29867563,-0.29210672,-0.1981762,-0.10723145,-0.09162698,-0.13691942,-0.15503156,-0.23188588,-0.19369593,-0.14650518,-0.2026537,-0.1839308,-0.18279888,-0.19770709,-0.19928156,-0.20454961,-0.15704344,-0.12566517,-0.14365232,-0.09192152,-0.09576891,-0.17087445,-0.14178532,-0.13743341,-0.1468119,-0.12719077,-0.15102452,-0.2613474,-0.22333384,-0.18873331,-0.20047067,-0.14537017,-0.14904356,-0.13085231,-0.14270094,-0.15009761,-0.16352251,-0.1461348,-0.16278498,-0.15956798,-0.14998752,-0.1469636,-0.15714277,-0.15284961,-0.22480208,-0.120334074,-0.14134562,-0.11839148,-0.16038454,-0.17374685,-0.1556875,-0.16768184,-0.11139822,-0.1388583,-0.13027036,-0.12830037,-0.15152657,-0.14205931,-0.11525462,-0.10065024,-0.09066996,-0.105418935,-0.12044993,-0.13490579,-0.15027548,-0.15993163,-0.1185138,-0.11129953,-0.1578567,-0.17738779,-0.13338012,-0.16422689,-0.25953975,-0.14861001,-0.1327827,-0.14172752,-0.15095688,-0.17780018,-0.1639184,-0.22917573,-0.09015879,-0.1100739,-0.13461988,-0.12965237,-0.13997786,-0.17364255,-0.13908121,-0.16057305,-0.12777606,-0.07092635,-0.03704006,-0.13719341,-0.16167796,-0.1784586,-0.14332479,-0.12334781,-0.13554859,-0.12023825,-0.13810834,-0.25318068,-0.26654312,-0.08350626,-0.10945694,-0.14399974,-0.09238048,-0.18738723,-0.19026922,-0.15306333,-0.09036647,-0.13230102,-0.14941736,-0.15023838,-0.15879217,-0.17036659,-0.18295737,-0.088125765,-0.123626895,-0.14119843,-0.10256614,-0.17951453,-0.19495486,-0.19082601,-0.10005814,-0.13113372,-0.079987034,-0.12788177,-0.19006202,-0.19325656,-0.19152373,-0.12300339,-0.07555035,-0.09719087,-0.11869562,-0.13638714,-0.12406494,-0.121451,-0.09467007,-0.09690594,-0.10845363,-0.082459606,-0.11281601,-0.13198899,-0.1665891,-0.1410757,-0.13641243,-0.18093297,-0.17825818,-0.19437087,-0.14470622,-0.15549555,-0.13526703,-0.119081676,-0.14001076,-0.19117098,-0.19148341,-0.18134792,-0.19755594,-0.25103784,-0.20219928,-0.18986583,-0.19116457,-0.18241897,-0.174122,-0.27554205,-0.08916744,-0.11956477,-0.1278696,-0.15751183,-0.20931396,-0.18224281,-0.29657933,-0.32474133,-0.15306237,-0.3242122,-0.17325558,-0.17108874,-0.2185038,-0.17647925,-0.114121355,-0.14000033,-0.15388772,-0.15788373,-0.22984435,-0.18186735,-0.25958952,-0.10447609,-0.12455491,-0.13824771,-0.123974726,-0.15189947,-0.15451485,-0.15569013,-0.14014931,-0.15141064,-0.16251911,-0.15520999,-0.15319082,-0.15312637,-0.13401854,-0.12296371,-0.14620538,-0.1896843,-0.1769946,-0.21025829,-0.3990198,-0.20281406,-0.11339918,-0.1296617,-0.11844144,-0.14769274,-0.16636807,-0.18586607,-0.19143447,-0.13157853,-0.076772675,-0.15264527,-0.13969164,-0.14106366,-0.117492534,-0.19987361,-0.1649412,-0.15872824,-0.14157552,-0.12359539,-0.12722544,-0.14610182,-0.2588673,-0.107380256,-0.13074079,-0.09132757,-0.12832497,-0.12880749,-0.14957242,-0.15125827,-0.09627776,-0.08910369,-0.124132894,-0.1106489,-0.13776639,-0.1505974,-0.170005,-0.14271154,-0.11627451,-0.17350352,-0.1516389,-0.1421166,-0.12558007,-0.1414451,-0.17466888,-0.13176009,-0.13203618,-0.14554998,-0.12284787,-0.08722703,-0.05825615,-0.14320302,-0.17082691,-0.026243303,-0.16691725,-0.2829064,-0.31316653,-0.19796546,-0.14550644,-0.14331596,-0.14862512,-0.12963767,-0.25088155,-0.19398037,-0.18814029,-0.09461577,-0.109192796,-0.10702289,-0.09350023,-0.12759323,-0.15265238,-0.15746465,-0.16694564,-0.12812386,-0.0969081,-0.16398169,-0.14307654,-0.11335766,-0.18846886,-0.1706479,-0.1539349,-0.12553361,-0.115196005,-0.11289076,-0.11662802,-0.17539024,-0.13829118,-0.13427112,-0.096878245,-0.12114905,-0.091669686,-0.12434345,-0.13536543,-0.063823454,-0.13877153,-0.11419349,-0.13375747,-0.24483351,-0.2571875,-0.29957527,-0.14613855,-0.1565404,-0.13208698,-0.19104545,-0.0782174,-0.17205383,-0.16404049,-0.09859173,-0.11065883,-0.11414569,-0.076612435,-0.083404,-0.1213824,-0.13072303,-0.13855581,-0.19385117,-0.09914947,-0.15547854,-0.19487974,-0.19095555,-0.18669784,-0.11120084,-0.14287566,-0.102728665,-0.15865032,-0.19413573,-0.17209995,-0.16907765,-0.14270926,-0.14246169,-0.10219811,-0.15299211,-0.16140868,-0.1808396,-0.19519489,-0.121064276,-0.14693081,-0.11361773,-0.079929635,-0.14299548,-0.20725825,-0.16064782,-0.125103,-0.15657571,-0.15690626,-0.14359805,-0.19202894,-0.16239028,-0.18136474,-0.2963242,-0.19968764,-0.18114915,-0.17191477,-0.19323537,-0.15760101,-0.14054683,-0.13028589,-0.12557748,-0.13814238,-0.16378632,-0.30584824,-0.16645506,-0.18084936,-0.19270328,-0.11441202,-0.15020204,-0.14062841,-0.1777206,-0.16663086,-0.16421863,-0.14331086,-0.18237996,-0.12852472,-0.15319991,-0.13774343,-0.24156228,-0.17961401,-0.10328436,-0.13522416,-0.14158168,-0.17408125,-0.11039347,-0.1344153,-0.15160659,-0.15974765,-0.18185274,-0.15357989,-0.14895992,-0.19184028,-0.17526712,-0.16345105,-0.14723541,-0.14623587,-0.11499533,-0.10471026,-0.1348781,-0.20148799,-0.17666817,-0.12513243,-0.16584791,-0.18041904,-0.18738703,-0.11705899,-0.17522228,-0.26068127,-0.09265439,-0.09226923,-0.11487377,-0.13586068,-0.14788353,-0.0987166,-0.188472
k__Bacteria|p__Proteobacteria|c__Gammaproteobacteria|o__Enterobacterales|f__Erwiniaceae|g__Pantoea|s__Pantoea_brenneri,-0.1004395,-0.12316422,-0.14044243,-0.20428483,-0.16680141,-0.19279452,-0.1666669,-0.14496727,-0.12477586,-0.18403012,-0.18221316,-0.20964256,-0.16951361,-0.19914973,-0.10239111,-0.0977346,-0.058144663,-0.099235795,-0.10714306,-0.1706686,-0.1978925,-0.12536043,-0.13633016,-0.15257512,-0.17106715,-0.11658599,-0.16801266,-0.17413214,-0.1509206,-0.12124001,-0.13519773,-0.10464757,-0.148044,-0.19421819,-0.18873599,-0.2175087,-0.16044588,-0.22338755,-0.19579399,-0.29867563,-0.29210672,-0.19623536,-0.106740564,-0.09162698,-0.13691942,-0.15470064,-0.23188588,-0.19335961,-0.14623758,-0.2026537,-0.18429403,-0.18279888,-0.19510129,-0.19453861,-0.19706856,-0.15851285,-0.12527622,-0.14346525,-0.09209499,-0.09501295,-0.17147914,-0.14249209,-0.13743341,-0.14668146,-0.12719077,-0.15147239,-0.2613474,-0.22333384,-0.18862674,-0.20047067,-0.145566,-0.14920257,-0.12991789,-0.14207472,-0.15077597,-0.16419089,-0.14708245,-0.16278498,-0.15910909,-0.14998752,-0.14747855,-0.15652561,-0.1531251,-0.22480208,-0.120334074,-0.14135484,-0.11776928,-0.16128613,-0.17398281,-0.1549429,-0.16830236,-0.11139822,-0.1388583,-0.13027036,-0.12872538,-0.15152657,-0.14317678,-0.11541398,-0.10065024,-0.08977023,-0.10503538,-0.12005937,-0.13477218,-0.15027548,-0.16063735,-0.1185138,-0.11129953,-0.1578567,-0.17738779,-0.1327366,-0.1628443,-0.25953975,-0.14852154,-0.13199493,-0.14066815,-0.15095688,-0.17780018,-0.16284254,-0.22917573,-0.09015879,-0.11006012,-0.13434333,-0.12902357,-0.13997786,-0.17336446,-0.13908121,-0.16057305,-0.12777606,-0.07092635,-0.03704006,-0.13675338,-0.16217333,-0.17892545,-0.14332479,-0.12334781,-0.1359339,-0.12023825,-0.13799423,-0.25318068,-0.26654312,-0.083147995,-0.10945694,-0.144486,-0.09238048,-0.18779974,-0.18946059,-0.15244424,-0.08982907,-0.13230102,-0.14939058,-0.14988434,-0.15859853,-0.17027278,-0.18412112,-0.0871394,-0.123150826,-0.14060482,-0.10256614,-0.17951453,-0.19495486,-0.19061264,-0.099635914,-0.13113372,-0.07751688,-0.1273755,-0.19006202,-0.1927079,-0.1910733,-0.12346797,-0.07499947,-0.09648308,-0.117640786,-0.13623598,-0.12406494,-0.121451,-0.09365375,-0.09583774,-0.10801485,-0.082459606,-0.11227701,-0.13231479,-0.16730417,-0.1410757,-0.13607004,-0.18093297,-0.17825818,-0.19294053,-0.1441045,-0.15549555,-0.13499658,-0.119081676,-0.14001076,-0.19117098,-0.1899458,-0.18063134,-0.19755594,-0.25103784,-0.20219928,-0.1902681,-0.19052231,-0.1820503,-0.17298535,-0.27554205,-0.08916744,-0.11956477,-0.12783408,-0.15751183,-0.20931396,-0.18224281,-0.29657933,-0.32474133,-0.1516048,-0.3242122,-0.17325558,-0.17108874,-0.2185038,-0.17647925,-0.114121355,-0.13957447,-0.15388772,-0.15788373,-0.22984435,-0.18186735,-0.24716148,-0.10374862,-0.12455491,-0.13849828,-0.12404269,-0.15189947,-0.15521312,-0.15648253,-0.14014931,-0.15141064,-0.16330037,-0.1551291,-0.15337047,-0.1524935,-0.13329801,-0.1229539,-0.14632982,-0.19027817,-0.17602202,-0.21025829,-0.3990198,-0.19797716,-0.113049045,-0.1296617,-0.117691696,-0.14787494,-0.16636807,-0.18699676,-0.19136502,-0.13136938,-0.07624897,-0.15303823,-0.1397211,-0.14106366,-0.1180087,-0.19987361,-0.1649412,-0.15850864,-0.14052664,-0.12317471,-0.12722544,-0.14610182,-0.2588673,-0.10662836,-0.13074079,-0.09132757,-0.12832497,-0.12922335,-0.14990532,-0.15215868,-0.09581358,-0.08910369,-0.12394587,-0.110097215,-0.1374987,-0.150697,-0.17013207,-0.14274196,-0.11646834,-0.1738264,-0.15170132,-0.14221579,-0.12458879,-0.14233966,-0.17466888,-0.13176009,-0.13199985,-0.14553952,-0.12245226,-0.08722703,-0.05825615,-0.14323804,-0.17082691,-0.026243303,-0.16579607,-0.2829064,-0.31316653,-0.1953305,-0.1454679,-0.14331596,-0.14862512,-0.12963767,-0.25088155,-0.19273193,-0.18834883,-0.094265535,-0.108986765,-0.10702289,-0.092992604,-0.12759323,-0.15282553,-0.15746465,-0.16668665,-0.12812386,-0.0969081,-0.16398169,-0.14398283,-0.11335766,-0.18846886,-0.1706479,-0.15357962,-0.12547371,-0.115196005,-0.112231135,-0.11662802,-0.17637312,-0.13814494,-0.13403332,-0.096878245,-0.12025787,-0.091449104,-0.12434345,-0.13639906,-0.063823454,-0.13877153,-0.11419349,-0.13342763,-0.24483351,-0.2571875,-0.29957527,-0.14568737,-0.15647694,-0.13155375,-0.19104545,-0.0782174,-0.17158455,-0.16420414,-0.09859173,-0.11065883,-0.115137264,-0.076612435,-0.083404,-0.1213824,-0.13072303,-0.13855581,-0.19385117,-0.09818207,-0.15538774,-0.19487974,-0.19070004,-0.18632284,-0.110959694,-0.14294127,-0.10286921,-0.1595435,-0.1930219,-0.1721771,-0.16892347,-0.14248405,-0.1419949,-0.10067156,-0.15294015,-0.16138744,-0.18047607,-0.19394614,-0.12098685,-0.14731991,-0.113786764,-0.07978544,-0.14186403,-0.20725825,-0.16079067,-0.125103,-0.15657571,-0.15690626,-0.14321095,-0.19202894,-0.16249022,-0.1823206,-0.2963242,-0.19428974,-0.18009368,-0.17124054,-0.19165343,-0.15665393,-0.14054683,-0.1299037,-0.12557748,-0.13793641,-0.16238654,-0.30584824,-0.16630763,-0.18109336,-0.1923969,-0.11441202,-0.15059708,-0.14034492,-0.1777018,-0.16660066,-0.16463023,-0.14331086,-0.18237996,-0.12762487,-0.1528697,-0.13564777,-0.24156228,-0.17936783,-0.10269198,-0.13502054,-0.14171767,-0.17438522,-0.11002836,-0.13425244,-0.15272896,-0.15968311,-0.181436,-0.15395729,-0.14880261,-0.19184028,-0.17509459,-0.16456367,-0.14723541,-0.14623587,-0.11499533,-0.10471026,-0.13455306,-0.20148799,-0.177251,-0.12513243,-0.1658192,-0.18041904,-0.18738703,-0.11705899,-0.17694922,-0.25597572,-0.091892965,-0.09184309,-0.11422644,-0.13553941,-0.14743353,-0.09778077,-0.18910754
k__Bacteria|p__Proteobacteria|c__Gammaproteobacteria|o__Enterobacterales|f__Enterobacteriaceae|g__Kluyvera|s__Kluyvera_intermedia,-0.1004395,-0.12316422,-0.14219053,-0.20428483,-0.16649032,-0.19343942,-0.1666669,-0.14480731,-0.12534323,-0.18295129,-0.18332969,-0.22712314,-0.1700742,-0.20507851,-0.10339424,-0.09978649,-0.058144663,-0.09969867,-0.108147696,-0.17061329,-0.1978925,-0.12536043,-0.13616964,-0.15182495,-0.1712114,-0.11658599,-0.16707243,-0.17327133,-0.1509206,-0.12124001,-0.13500151,-0.106288165,-0.1484177,-0.19552515,-0.18883568,-0.2175087,-0.16067736,-0.22338755,-0.19675678,-0.29867563,-0.29210672,-0.19822158,-0.107370876,-0.09162698,-0.13691942,-0.15496632,-0.23188588,-0.193374,-0.14660825,-0.2026537,-0.1830064,-0.18279888,-0.19688939,-0.19900593,-0.20374133,-0.1571086,-0.12578055,-0.14366615,-0.09236167,-0.09598683,-0.17081608,-0.14204136,-0.13743341,-0.14680871,-0.12719077,-0.15140736,-0.2613474,-0.22333384,-0.18825567,-0.20047067,-0.14538085,-0.14896882,-0.13095003,-0.14275265,-0.15025824,-0.16317381,-0.14611918,-0.16278498,-0.15920255,-0.14998752,-0.14686495,-0.15711841,-0.15309513,-0.22480208,-0.120334074,-0.14148015,-0.11859006,-0.16041225,-0.17348042,-0.15576535,-0.16765913,-0.11139822,-0.1388583,-0.13027036,-0.12854457,-0.15152657,-0.14237776,-0.115378395,-0.10065024,-0.09095065,-0.10573458,-0.12057845,-0.13501646,-0.15027548,-0.15987645,-0.1185138,-0.11129953,-0.1578567,-0.17738779,-0.1336714,-0.16412309,-0.25953975,-0.14859901,-0.13297701,-0.14181468,-0.15095688,-0.17780018,-0.16385302,-0.22917573,-0.09015879,-0.110334866,-0.13478969,-0.12975535,-0.13997786,-0.1735822,-0.13908121,-0.16057305,-0.12777606,-0.07092635,-0.03704006,-0.13718593,-0.16190037,-0.17824312,-0.14332479,-0.12334781,-0.13575625,-0.12023825,-0.13823804,-0.25318068,-0.26654312,-0.08393245,-0.10945694,-0.14422035,-0.09238048,-0.18758437,-0.18989885,-0.15316328,-0.0907339,-0.13230102,-0.14952138,-0.15028466,-0.1587814,-0.17024721,-0.18292075,-0.088493645,-0.12373938,-0.14099061,-0.10256614,-0.17951453,-0.19495486,-0.19059306,-0.10034847,-0.13113372,-0.08046141,-0.1281017,-0.19006202,-0.19285801,-0.19130425,-0.12315138,-0.07583496,-0.097487666,-0.118820995,-0.1365732,-0.12406494,-0.121451,-0.094936274,-0.09716296,-0.10881296,-0.082459606,-0.11314145,-0.13228074,-0.1665147,-0.1410757,-0.13648754,-0.18093297,-0.17825818,-0.19412665,-0.14481032,-0.15549555,-0.13536942,-0.119081676,-0.14001076,-0.19117098,-0.19101217,-0.18129252,-0.19755594,-0.25103784,-0.20219928,-0.18992731,-0.1908046,-0.18243288,-0.1741331,-0.27554205,-0.08916744,-0.11956477,-0.12819414,-0.15751183,-0.20931396,-0.18224281,-0.29657933,-0.32474133,-0.15522155,-0.3242122,-0.17325558,-0.17108874,-0.2185038,-0.17647925,-0.114121355,-0.14003873,-0.15388772,-0.15788373,-0.22984435,-0.18186735,-0.25794688,-0.10472317,-0.12455491,-0.13843751,-0.124192774,-0.15189947,-0.1546343,-0.15557054,-0.14014931,-0.15141064,-0.16244921,-0.15501377,-0.1532752,-0.1530532,-0.13413483,-0.12306698,-0.14628713,-0.18965255,-0.17697239,-0.21025829,-0.3990198,-0.205092,-0.11364487,-0.1296617,-0.11866174,-0.14782226,-0.16636807,-0.1858201,-0.19120555,-0.13171801,-0.07736009,-0.15270337,-0.13978174,-0.14106366,-0.11798367,-0.19987361,-0.1649412,-0.15859365,-0.14186041,-0.123670384,-0.12722544,-0.14610182,-0.2588673,-0.10766788,-0.13074079,-0.09132757,-0.12832497,-0.12905368,-0.14957905,-0.15126395,-0.096562,-0.08910369,-0.12443161,-0.110818245,-0.13800606,-0.1506889,-0.16996509,-0.14274341,-0.116603844,-0.17352274,-0.15176517,-0.14222029,-0.12568939,-0.14162625,-0.17466888,-0.13176009,-0.13237691,-0.14550748,-0.12294096,-0.08722703,-0.05825615,-0.14333117,-0.17082691,-0.026243303,-0.16673523,-0.2829064,-0.31316653,-0.19952513,-0.14553216,-0.14331596,-0.14862512,-0.12963767,-0.25088155,-0.19343117,-0.18800145,-0.095029116,-0.10940816,-0.10702289,-0.0940308,-0.12759323,-0.15301333,-0.15746465,-0.16668898,-0.12812386,-0.0969081,-0.16398169,-0.14312813,-0.11335766,-0.18846886,-0.1706479,-0.1537785,-0.12573597,-0.115196005,-0.11318646,-0.11662802,-0.1754601,-0.13831982,-0.1342422,-0.096878245,-0.121334,-0.092056856,-0.12434345,-0.13553536,-0.063823454,-0.13877153,-0.11419349,-0.13385528,-0.24483351,-0.2571875,-0.29957527,-0.14611831,-0.1565522,-0.13233101,-0.19104545,-0.0782174,-0.17229813,-0.16374288,-0.09859173,-0.11065883,-0.11437757,-0.076612435,-0.083404,-0.1213824,-0.13072303,-0.13855581,-0.19385117,-0.09943829,-0.15544957,-0.19487974,-0.19080216,-0.18658426,-0.11142486,-0.1429385,-0.10317963,-0.15849283,-0.19397809,-0.17243128,-0.16873902,-0.1427271,-0.1424335,-0.10252743,-0.15318713,-0.16128981,-0.18085957,-0.19484621,-0.12128442,-0.14691913,-0.113914505,-0.08059683,-0.14318949,-0.20725825,-0.16042298,-0.125103,-0.15657571,-0.15690626,-0.14374731,-0.19202894,-0.1623237,-0.18130608,-0.2963242,-0.19941232,-0.18122053,-0.17163102,-0.19314975,-0.15753333,-0.14054683,-0.13041022,-0.12557748,-0.13833725,-0.16356367,-0.30584824,-0.16678075,-0.18036953,-0.1923653,-0.11441202,-0.15033844,-0.14063844,-0.17777878,-0.16646165,-0.16415778,-0.14331086,-0.18237996,-0.12866597,-0.1533983,-0.13790596,-0.24156228,-0.17937869,-0.1035184,-0.135352,-0.14174947,-0.17375563,-0.11070536,-0.13465405,-0.1515401,-0.15950742,-0.18169093,-0.15381068,-0.14888822,-0.19184028,-0.17510572,-0.16337638,-0.14723541,-0.14623587,-0.11499533,-0.10471026,-0.13530746,-0.20148799,-0.17639723,-0.12513243,-0.1659033,-0.18041904,-0.18738703,-0.11705899,-0.1754089,-0.2590468,-0.09297615,-0.09262736,-0.11509065,-0.1360282,-0.14790599,-0.099106014,-0.18831621
k__Bacteria|p__Proteobacteria|c__Gammaproteobacteria|o__Enterobacterales|f__Enterobacteriaceae|g__Kosakonia|s__Kosakonia_oryzendophytica,-0.1004395,-0.12316422,-0.1420812,-0.20428483,-0.16720334,-0.19386771,-0.1666669,-0.14499068,-0.12493503,-0.18344536,-0.18282549,-0.2301864,-0.17006475,-0.20628428,-0.10329271,-0.0998112,-0.058144663,-0.0997719,-0.10800087,-0.17101568,-0.1978925,-0.12536043,-0.13633555,-0.15225169,-0.17169127,-0.11658599,-0.16728926,-0.17392871,-0.1509206,-0.12124001,-0.13512048,-0.106056824,-0.14854908,-0.19617522,-0.18957332,-0.2175087,-0.16121869,-0.22338755,-0.19773418,-0.29867563,-0.29210672,-0.19898382,-0.10741561,-0.09162698,-0.13691942,-0.15521374,-0.23188588,-0.19408087,-0.1469703,-0.2026537,-0.18337588,-0.18279888,-0.19753739,-0.19951624,-0.20518908,-0.15774727,-0.12593329,-0.14398506,-0.09215288,-0.095843755,-0.17133719,-0.1421899,-0.13743341,-0.14705256,-0.12719077,-0.15124309,-0.2613474,-0.22333384,-0.18891339,-0.20047067,-0.14576428,-0.14927718,-0.13113207,-0.1429623,-0.15080096,-0.16386479,-0.14668709,-0.16278498,-0.15934695,-0.14998752,-0.14722422,-0.15728013,-0.15333614,-0.22480208,-0.120334074,-0.14160591,-0.11856057,-0.16088425,-0.17416242,-0.15583958,-0.16823849,-0.11139822,-0.1388583,-0.13027036,-0.12865616,-0.15152657,-0.14239582,-0.11544189,-0.10065024,-0.0905875,-0.10564101,-0.12071423,-0.13524753,-0.15027548,-0.16040611,-0.1185138,-0.11129953,-0.1578567,-0.17738779,-0.13370365,-0.16439551,-0.25953975,-0.14879158,-0.13286394,-0.14188689,-0.15095688,-0.17780018,-0.1640194,-0.22917573,-0.09015879,-0.11013895,-0.13479316,-0.1298436,-0.13997786,-0.17384435,-0.13908121,-0.16057305,-0.12777606,-0.07092635,-0.03704006,-0.13733895,-0.16229673,-0.17888173,-0.14332479,-0.12334781,-0.13560724,-0.12023825,-0.13848041,-0.25318068,-0.26654312,-0.083654284,-0.10945694,-0.14456588,-0.09238048,-0.18798068,-0.19058976,-0.15342283,-0.09055078,-0.13230102,-0.14967184,-0.1504634,-0.15913641,-0.17075309,-0.18381968,-0.08819965,-0.123859495,-0.14122918,-0.10256614,-0.17951453,-0.19495486,-0.1914406,-0.10026915,-0.13113372,-0.08013673,-0.12817436,-0.19006202,-0.19370127,-0.19199908,-0.12338248,-0.07542874,-0.09730429,-0.118745856,-0.13664407,-0.12406494,-0.121451,-0.09479678,-0.096860915,-0.10865626,-0.082459606,-0.1129564,-0.1323403,-0.16712719,-0.1410757,-0.13652235,-0.18093297,-0.17825818,-0.19470024,-0.1450724,-0.15549555,-0.1356422,-0.119081676,-0.14001076,-0.19117098,-0.19168425,-0.18163407,-0.19755594,-0.25103784,-0.20219928,-0.19038942,-0.19135982,-0.18281937,-0.17442223,-0.27554205,-0.08916744,-0.11956477,-0.12799552,-0.15751183,-0.20931396,-0.18224281,-0.29657933,-0.32474133,-0.15330322,-0.3242122,-0.17325558,-0.17108874,-0.2185038,-0.17647925,-0.114121355,-0.14003852,-0.15388772,-0.15788373,-0.22984435,-0.18186735,-0.2592816,-0.10461952,-0.12455491,-0.13848975,-0.12431987,-0.15189947,-0.15505323,-0.15628526,-0.14014931,-0.15141064,-0.16305855,-0.15535095,-0.15356578,-0.15328231,-0.13426885,-0.123129845,-0.14635459,-0.19022839,-0.17737181,-0.21025829,-0.3990198,-0.20455258,-0.11355564,-0.1296617,-0.118648365,-0.14803225,-0.16636807,-0.18644868,-0.19185308,-0.13177441,-0.07683577,-0.15317285,-0.13995475,-0.14106366,-0.1180181,-0.19987361,-0.1649412,-0.15868844,-0.14185764,-0.123669975,-0.12722544,-0.14610182,-0.2588673,-0.10757269,-0.13074079,-0.09132757,-0.12832497,-0.12928677,-0.14983998,-0.151826,-0.096436694,-0.08910369,-0.12444575,-0.11074692,-0.13812327,-0.15090203,-0.17060485,-0.14300056,-0.11647847,-0.17386022,-0.15193774,-0.14251417,-0.12561326,-0.14204358,-0.17466888,-0.13176009,-0.13243766,-0.14567944,-0.12312015,-0.08722703,-0.05825615,-0.1434405,-0.17082691,-0.026243303,-0.16701819,-0.2829064,-0.31316653,-0.19916967,-0.14581706,-0.14331596,-0.14862512,-0.12963767,-0.25088155,-0.19437245,-0.18878154,-0.094805755,-0.109350845,-0.10702289,-0.09389141,-0.12759323,-0.15304655,-0.15746465,-0.16713266,-0.12812386,-0.0969081,-0.16398169,-0.14365745,-0.11335766,-0.18846886,-0.1706479,-0.15413556,-0.12580705,-0.115196005,-0.11315934,-0.11662802,-0.1759318,-0.13863014,-0.1345044,-0.096878245,-0.121259496,-0.09189462,-0.12434345,-0.135744,-0.063823454,-0.13877153,-0.11419349,-0.13402101,-0.24483351,-0.2571875,-0.29957527,-0.14639294,-0.1567896,-0.13245969,-0.19104545,-0.0782174,-0.17259237,-0.16431534,-0.09859173,-0.11065883,-0.114405796,-0.076612435,-0.083404,-0.1213824,-0.13072303,-0.13855581,-0.19385117,-0.09942585,-0.15578341,-0.19487974,-0.19135544,-0.1872344,-0.11149824,-0.14303379,-0.10304612,-0.1591438,-0.194429,-0.17299049,-0.16929796,-0.14296335,-0.14267981,-0.102142535,-0.1533593,-0.16155061,-0.18113467,-0.19553936,-0.121379174,-0.14721408,-0.1136572,-0.07998362,-0.14352745,-0.20725825,-0.16103607,-0.125103,-0.15657571,-0.15690626,-0.14367616,-0.19202894,-0.16276033,-0.18203717,-0.2963242,-0.19948694,-0.18143684,-0.171924,-0.19365808,-0.15775722,-0.14054683,-0.13056512,-0.12557748,-0.13837472,-0.16421959,-0.30584824,-0.16684294,-0.18116574,-0.19295278,-0.11441202,-0.1506249,-0.14082813,-0.17819169,-0.16698563,-0.16465035,-0.14331086,-0.18237996,-0.12862694,-0.15329865,-0.13799569,-0.24156228,-0.1798018,-0.10353772,-0.13528755,-0.14206722,-0.17449124,-0.1105891,-0.13470007,-0.15221843,-0.16003045,-0.18201402,-0.15426639,-0.14934391,-0.19184028,-0.1756202,-0.16405006,-0.14723541,-0.14623587,-0.11499533,-0.10471026,-0.13532925,-0.20148799,-0.17723748,-0.12513243,-0.16550186,-0.18041904,-0.18738703,-0.11705899,-0.17616698,-0.2605092,-0.09276111,-0.09240107,-0.114964634,-0.13619822,-0.14818381,-0.098848194,-0.18910402
k__Bacteria|p__Proteobacteria|c__Gammaproteobacteria|o__Enterobacterales|f__Enterobacteriaceae|g__Kosakonia|s__Kosakonia_radicincitans,-0.1004395,-0.12316422,-0.14159292,-0.20428483,-0.16743644,-0.1935289,-0.1666669,-0.14537418,-0.12502596,-0.1840539,-0.1833587,-0.22223742,-0.16851166,-0.2033138,-0.10298211,-0.098799706,-0.058144663,-0.09957357,-0.107641965,-0.17103583,-0.1978925,-0.12536043,-0.13660485,-0.15267217,-0.17160793,-0.11658599,-0.16781849,-0.17426227,-0.1509206,-0.12124001,-0.13525437,-0.10537453,-0.14829656,-0.19562969,-0.1889776,-0.2175087,-0.16146481,-0.22338755,-0.19707416,-0.29867563,-0.29210672,-0.19727814,-0.10703246,-0.09162698,-0.13691942,-0.15520282,-0.23188588,-0.1940651,-0.14652747,-0.2026537,-0.18517417,-0.18279888,-0.19737387,-0.1975865,-0.20178837,-0.157597,-0.12570144,-0.14379743,-0.09226084,-0.09551577,-0.17151783,-0.14271143,-0.13743341,-0.14709245,-0.12719077,-0.15137309,-0.2613474,-0.22333384,-0.18916701,-0.20047067,-0.14588909,-0.14946508,-0.13051075,-0.14267597,-0.15079013,-0.16462731,-0.14693421,-0.16278498,-0.15999901,-0.14998752,-0.14740604,-0.15722293,-0.1534293,-0.22480208,-0.120334074,-0.14153394,-0.11830327,-0.1612925,-0.17437889,-0.1558094,-0.16837357,-0.11139822,-0.1388583,-0.13027036,-0.12869859,-0.15152657,-0.14291194,-0.115743,-0.10065024,-0.09024505,-0.10523229,-0.1203726,-0.13493988,-0.15027548,-0.16056114,-0.1185138,-0.11129953,-0.1578567,-0.17738779,-0.1336885,-0.1638821,-0.25953975,-0.14892802,-0.13253775,-0.14152713,-0.15095688,-0.17780018,-0.16383131,-0.22917573,-0.09015879,-0.1102621,-0.13477816,-0.12960534,-0.13997786,-0.17389461,-0.13908121,-0.16057305,-0.12777606,-0.07092635,-0.03704006,-0.13715869,-0.16208889,-0.17925751,-0.14332479,-0.12334781,-0.13585195,-0.12023825,-0.13803855,-0.25318068,-0.26654312,-0.08326739,-0.10945694,-0.14425007,-0.09238048,-0.18780318,-0.1903269,-0.15274665,-0.09005953,-0.13230102,-0.14964536,-0.15042546,-0.15910682,-0.17073745,-0.18383448,-0.08762589,-0.12393522,-0.14111486,-0.10256614,-0.17951453,-0.19495486,-0.19127752,-0.100050196,-0.13113372,-0.078847595,-0.12741667,-0.19006202,-0.19341975,-0.19170472,-0.123612925,-0.07530935,-0.09696211,-0.11829479,-0.13645267,-0.12406494,-0.121451,-0.094301775,-0.096341655,-0.10816201,-0.082459606,-0.11261931,-0.132128,-0.1672781,-0.1410757,-0.13651933,-0.18093297,-0.17825818,-0.19404483,-0.1445195,-0.15549555,-0.13543245,-0.119081676,-0.14001076,-0.19117098,-0.19122034,-0.18167187,-0.19755594,-0.25103784,-0.20219928,-0.19037881,-0.19138874,-0.18252431,-0.17368187,-0.27554205,-0.08916744,-0.11956477,-0.12777549,-0.15751183,-0.20931396,-0.18224281,-0.29657933,-0.32474133,-0.15230319,-0.3242122,-0.17325558,-0.17108874,-0.2185038,-0.17647925,-0.114121355,-0.14005528,-0.15388772,-0.15788373,-0.22984435,-0.18186735,-0.2537352,-0.104229,-0.12455491,-0.13856849,-0.12408067,-0.15189947,-0.15519083,-0.15640146,-0.14014931,-0.15141064,-0.16336283,-0.15562862,-0.15372401,-0.15311497,-0.13369876,-0.123109214,-0.1465384,-0.19043244,-0.17711607,-0.21025829,-0.3990198,-0.20016542,-0.11334017,-0.1296617,-0.11833674,-0.14794126,-0.16636807,-0.18689235,-0.19173054,-0.13161337,-0.07634783,-0.15307467,-0.13968125,-0.14106366,-0.11832696,-0.19987361,-0.1649412,-0.15904236,-0.14130422,-0.12348916,-0.12722544,-0.14610182,-0.2588673,-0.10706377,-0.13074079,-0.09132757,-0.12832497,-0.12910986,-0.14992383,-0.15203716,-0.09612492,-0.08910369,-0.12410052,-0.110315084,-0.13775554,-0.15083246,-0.1703744,-0.14309216,-0.116381496,-0.17412156,-0.15196298,-0.1423501,-0.12535828,-0.14222008,-0.17466888,-0.13176009,-0.13212958,-0.14594743,-0.12289821,-0.08722703,-0.05825615,-0.14364956,-0.17082691,-0.026243303,-0.16658741,-0.2829064,-0.31316653,-0.1970776,-0.14579242,-0.14331596,-0.14862512,-0.12963767,-0.25088155,-0.19399865,-0.1886856,-0.09443642,-0.10927823,-0.10702289,-0.093333304,-0.12759323,-0.15296039,-0.15746465,-0.16746187,-0.12812386,-0.0969081,-0.16398169,-0.14368838,-0.11335766,-0.18846886,-0.1706479,-0.15411747,-0.12588587,-0.115196005,-0.11267059,-0.11662802,-0.17618401,-0.13856283,-0.13432342,-0.096878245,-0.12091136,-0.09145791,-0.12434345,-0.13613495,-0.063823454,-0.13877153,-0.11419349,-0.13364348,-0.24483351,-0.2571875,-0.29957527,-0.14624146,-0.15687034,-0.13209459,-0.19104545,-0.0782174,-0.17229313,-0.1645278,-0.09859173,-0.11065883,-0.114867024,-0.076612435,-0.083404,-0.1213824,-0.13072303,-0.13855581,-0.19385117,-0.09883572,-0.15584126,-0.19487974,-0.19125593,-0.18689016,-0.11112291,-0.14313471,-0.10293871,-0.15956539,-0.19413124,-0.17267382,-0.16898441,-0.1428865,-0.1425555,-0.10150327,-0.15321183,-0.16191794,-0.18101363,-0.19497246,-0.12115618,-0.14755093,-0.11383881,-0.07980788,-0.14280464,-0.20725825,-0.1610805,-0.125103,-0.15657571,-0.15690626,-0.14376955,-0.19202894,-0.16276321,-0.18219784,-0.2963242,-0.19716895,-0.18092188,-0.1716482,-0.19264929,-0.15747395,-0.14054683,-0.13020205,-0.12557748,-0.13825068,-0.16271032,-0.30584824,-0.167117,-0.1812661,-0.19299161,-0.11441202,-0.15052876,-0.14059865,-0.17815799,-0.16719016,-0.16467175,-0.14331086,-0.18237996,-0.12831199,-0.15333639,-0.13713312,-0.24156228,-0.17961653,-0.10302754,-0.13539425,-0.14199695,-0.17466016,-0.110154584,-0.1345241,-0.15251075,-0.16020188,-0.18208842,-0.15410623,-0.14913185,-0.19184028,-0.175588,-0.16454881,-0.14723541,-0.14623587,-0.11499533,-0.10471026,-0.1347478,-0.20148799,-0.17731547,-0.12513243,-0.1660713,-0.18041904,-0.18738703,-0.11705899,-0.1767172,-0.2583417,-0.092342466,-0.0920643,-0.11459742,-0.13589402,-0.14787482,-0.09813074,-0.18913259
k__Bacteria|p__Proteobacteria|c__Gammaproteobacteria|o__Enterobacterales|f__Enterobacteriaceae|g__Klebsiella|s__Klebsiella_quasivariicola,-0.1004395,-0.12316422,-0.14274715,-0.20428483,-0.16779914,-0.19371635,-0.1666669,-0.14501658,-0.12580618,-0.18332529,-0.18437734,-0.22831428,-0.1694825,-0.20604202,-0.103275865,-0.09960203,-0.058144663,-0.09911372,-0.108318,-0.17092228,-0.1978925,-0.12536043,-0.13612977,-0.15187608,-0.17171219,-0.11658599,-0.16764268,-0.17343971,-0.1509206,-0.12124001,-0.1351408,-0.10653268,-0.1486179,-0.19625294,-0.1889652,-0.2175087,-0.16204551,-0.22338755,-0.19819853,-0.29867563,-0.29210672,-0.19847819,-0.107121944,-0.09162698,-0.13691942,-0.15545915,-0.23188588,-0.19404364,-0.1465446,-0.2026537,-0.18509287,-0.18279888,-0.19843459,-0.1995894,-0.2039221,-0.15596248,-0.12575129,-0.14362411,-0.09195781,-0.09585792,-0.17109342,-0.14197288,-0.13743341,-0.14696303,-0.12719077,-0.1517126,-0.2613474,-0.22333384,-0.1894373,-0.20047067,-0.1453082,-0.14918688,-0.13101017,-0.1428252,-0.14970692,-0.16338265,-0.14604744,-0.16278498,-0.16019478,-0.14998752,-0.14719933,-0.15759963,-0.15315455,-0.22480208,-0.120334074,-0.1415739,-0.11863106,-0.16041194,-0.173785,-0.15635931,-0.16793501,-0.11139822,-0.1388583,-0.13027036,-0.12840329,-0.15152657,-0.14259599,-0.11519404,-0.10065024,-0.09086405,-0.10538519,-0.1204277,-0.13497555,-0.15027548,-0.16000542,-0.1185138,-0.11129953,-0.1578567,-0.17738779,-0.13336357,-0.16522893,-0.25953975,-0.14890242,-0.13328877,-0.14202648,-0.15095688,-0.17780018,-0.16461216,-0.22917573,-0.09015879,-0.11033603,-0.13497694,-0.12972352,-0.13997786,-0.17424223,-0.13908121,-0.16057305,-0.12777606,-0.07092635,-0.03704006,-0.1373725,-0.16197926,-0.1785734,-0.14332479,-0.12334781,-0.13601837,-0.12023825,-0.13819169,-0.25318068,-0.26654312,-0.08361287,-0.10945694,-0.14387873,-0.09238048,-0.18793191,-0.1907289,-0.15332358,-0.09043214,-0.13230102,-0.14978227,-0.15060213,-0.15907425,-0.17072812,-0.1828016,-0.08835742,-0.12356128,-0.14132653,-0.10256614,-0.17951453,-0.19495486,-0.19074076,-0.10010412,-0.13113372,-0.07993978,-0.12806061,-0.19006202,-0.19357458,-0.1917839,-0.12282145,-0.07574907,-0.09718225,-0.11887608,-0.13656561,-0.12406494,-0.121451,-0.094618864,-0.09693628,-0.108582884,-0.082459606,-0.112843245,-0.13207777,-0.16650376,-0.1410757,-0.13689774,-0.18093297,-0.17825818,-0.19476601,-0.14491628,-0.15549555,-0.13527292,-0.119081676,-0.14001076,-0.19117098,-0.19193752,-0.18221651,-0.19755594,-0.25103784,-0.20219928,-0.1906037,-0.1919454,-0.18292081,-0.17483185,-0.27554205,-0.08916744,-0.11956477,-0.1285106,-0.15751183,-0.20931396,-0.18224281,-0.29657933,-0.32474133,-0.15523249,-0.3242122,-0.17325558,-0.17108874,-0.2185038,-0.17647925,-0.114121355,-0.14056027,-0.15388772,-0.15788373,-0.22984435,-0.18186735,-0.2596394,-0.10457598,-0.12455491,-0.13859463,-0.1241214,-0.15189947,-0.15446852,-0.15536298,-0.14014931,-0.15141064,-0.16247296,-0.15559253,-0.15340543,-0.15350825,-0.13412009,-0.12316449,-0.14667022,-0.18998578,-0.17733656,-0.21025829,-0.3990198,-0.20336154,-0.113465264,-0.1296617,-0.11832647,-0.14796805,-0.16636807,-0.18604381,-0.1919436,-0.1319395,-0.07704042,-0.15265147,-0.14005664,-0.14106366,-0.11750822,-0.19987361,-0.1649412,-0.15944307,-0.1420109,-0.1237737,-0.12722544,-0.14610182,-0.2588673,-0.107534975,-0.13074079,-0.09132757,-0.12832497,-0.12879743,-0.14994636,-0.15109305,-0.09625369,-0.08910369,-0.12427695,-0.110881224,-0.13801607,-0.15101014,-0.17000727,-0.14292319,-0.116608456,-0.17389688,-0.15206465,-0.14210528,-0.12593919,-0.14117503,-0.17466888,-0.13176009,-0.13225552,-0.14568113,-0.122803986,-0.08722703,-0.05825615,-0.14340913,-0.17082691,-0.026243303,-0.16773097,-0.2829064,-0.31316653,-0.19886482,-0.14561301,-0.14331596,-0.14862512,-0.12963767,-0.25088155,-0.19413075,-0.18826634,-0.094728336,-0.109185964,-0.10702289,-0.093191326,-0.12759323,-0.15312865,-0.15746465,-0.16707735,-0.12812386,-0.0969081,-0.16398169,-0.14289528,-0.11335766,-0.18846886,-0.1706479,-0.15416749,-0.12567526,-0.115196005,-0.11286812,-0.11662802,-0.17543015,-0.13830973,-0.13413143,-0.096878245,-0.12126061,-0.09159434,-0.12434345,-0.13538468,-0.063823454,-0.13877153,-0.11419349,-0.13395448,-0.24483351,-0.2571875,-0.29957527,-0.14629477,-0.15679394,-0.13237053,-0.19104545,-0.0782174,-0.17237279,-0.16411433,-0.09859173,-0.11065883,-0.11406111,-0.076612435,-0.083404,-0.1213824,-0.13072303,-0.13855581,-0.19385117,-0.099071495,-0.15599926,-0.19487974,-0.19174561,-0.18703341,-0.111248955,-0.14316806,-0.10269266,-0.15849426,-0.19479457,-0.17186248,-0.16965188,-0.14289746,-0.142479,-0.10271558,-0.1533943,-0.16181666,-0.18158302,-0.19560751,-0.12107862,-0.14686075,-0.11400217,-0.0802681,-0.14342865,-0.20725825,-0.16085665,-0.125103,-0.15657571,-0.15690626,-0.1441424,-0.19202894,-0.16288403,-0.1814424,-0.2963242,-0.20120913,-0.18199359,-0.17257833,-0.19388886,-0.15802039,-0.14054683,-0.13046575,-0.12557748,-0.13853377,-0.16444986,-0.30584824,-0.16745678,-0.18087965,-0.19326991,-0.11441202,-0.15038973,-0.14091371,-0.17826787,-0.16695812,-0.16427742,-0.14331086,-0.18237996,-0.12906384,-0.15383022,-0.13834018,-0.24156228,-0.18033409,-0.10328846,-0.13572562,-0.14159736,-0.17407879,-0.11067571,-0.13479882,-0.15138875,-0.15966749,-0.1826862,-0.15351725,-0.14919198,-0.19184028,-0.17584518,-0.16322547,-0.14723541,-0.14623587,-0.11499533,-0.10471026,-0.13520646,-0.20148799,-0.17668167,-0.12513243,-0.16706862,-0.18041904,-0.18738703,-0.11705899,-0.17466761,-0.2610733,-0.09275081,-0.09226716,-0.11520365,-0.1358992,-0.14804423,-0.09893429,-0.18875432
k__Bacteria|p__Proteobacteria|c__Gammaproteobacteria|o__Enterobacterales|f__Yersiniaceae|g__Ewingella|s__Ewingella_americana,-0.1004395,-0.12316422,-0.14204305,-0.20428483,-0.16705522,-0.19324891,-0.1666669,-0.14492121,-0.124981,-0.18312158,-0.18332672,-0.22985843,-0.1689579,-0.20653094,-0.10320834,-0.09960052,-0.058144663,-0.099632636,-0.107954204,-0.17052817,-0.1978925,-0.12536043,-0.1360404,-0.15189192,-0.17138052,-0.11658599,-0.16715035,-0.17336562,-0.1509206,-0.12124001,-0.13489413,-0.106066175,-0.14826131,-0.19590683,-0.18892334,-0.2175087,-0.16081342,-0.22338755,-0.19738822,-0.29867563,-0.29210672,-0.19834854,-0.10714905,-0.09162698,-0.13691942,-0.15508795,-0.23188588,-0.19372544,-0.14636543,-0.2026537,-0.18364124,-0.18279888,-0.19762602,-0.19902663,-0.20475343,-0.15676038,-0.12567814,-0.14361055,-0.091954246,-0.09573215,-0.17091629,-0.14193633,-0.13743341,-0.14679046,-0.12719077,-0.15107295,-0.2613474,-0.22333384,-0.18865536,-0.20047067,-0.14540239,-0.1489923,-0.13080513,-0.14274117,-0.15022218,-0.1634919,-0.14599073,-0.16278498,-0.1593573,-0.14998752,-0.14692461,-0.1571279,-0.15294796,-0.22480208,-0.120334074,-0.1413806,-0.11841144,-0.16049981,-0.1736481,-0.15571892,-0.16775638,-0.11139822,-0.1388583,-0.13027036,-0.12835217,-0.15152657,-0.14224793,-0.11517524,-0.10065024,-0.09067394,-0.10547478,-0.12041336,-0.13493109,-0.15027548,-0.15993741,-0.1185138,-0.11129953,-0.1578567,-0.17738779,-0.13331932,-0.16413593,-0.25953975,-0.14853425,-0.13276806,-0.14183207,-0.15095688,-0.17780018,-0.16376314,-0.22917573,-0.09015879,-0.110074334,-0.13469157,-0.12962258,-0.13997786,-0.17372206,-0.13908121,-0.16057305,-0.12777606,-0.07092635,-0.03704006,-0.13725495,-0.1618596,-0.17842971,-0.14332479,-0.12334781,-0.13559708,-0.12023825,-0.1382758,-0.25318068,-0.26654312,-0.083620965,-0.10945694,-0.14410655,-0.09238048,-0.1876236,-0.1904364,-0.15321869,-0.09043188,-0.13230102,-0.14944321,-0.15027794,-0.15881112,-0.17035365,-0.18301688,-0.08820167,-0.12356598,-0.14107049,-0.10256614,-0.17951453,-0.19495486,-0.19074975,-0.100142345,-0.13113372,-0.08015931,-0.12796012,-0.19006202,-0.19326268,-0.19155207,-0.123049125,-0.0755555,-0.097186685,-0.118667126,-0.13650385,-0.12406494,-0.121451,-0.09468195,-0.09689724,-0.1085663,-0.082459606,-0.11291176,-0.13215625,-0.1666072,-0.1410757,-0.1363824,-0.18093297,-0.17825818,-0.19433564,-0.14469987,-0.15549555,-0.1352392,-0.119081676,-0.14001076,-0.19117098,-0.19145402,-0.18137337,-0.19755594,-0.25103784,-0.20219928,-0.18995552,-0.19118465,-0.18247825,-0.1741816,-0.27554205,-0.08916744,-0.11956477,-0.12804437,-0.15751183,-0.20931396,-0.18224281,-0.29657933,-0.32474133,-0.15395242,-0.3242122,-0.17325558,-0.17108874,-0.2185038,-0.17647925,-0.114121355,-0.13999805,-0.15388772,-0.15788373,-0.22984435,-0.18186735,-0.2589729,-0.104501665,-0.12455491,-0.13838357,-0.12403555,-0.15189947,-0.15472518,-0.15560721,-0.14014931,-0.15141064,-0.16253164,-0.15511174,-0.1532093,-0.15310648,-0.1339757,-0.12291648,-0.14603928,-0.1898492,-0.17695625,-0.21025829,-0.3990198,-0.20349663,-0.11344008,-0.1296617,-0.11845672,-0.14778286,-0.16636807,-0.18605742,-0.19139323,-0.1316275,-0.07683341,-0.15266842,-0.1397511,-0.14106366,-0.11759694,-0.19987361,-0.1649412,-0.15864158,-0.14165103,-0.123636305,-0.12722544,-0.14610182,-0.2588673,-0.10741354,-0.13074079,-0.09132757,-0.12832497,-0.12890698,-0.14967592,-0.15128043,-0.096313685,-0.08910369,-0.12424378,-0.11070238,-0.13783506,-0.15070385,-0.16998787,-0.142739,-0.11627882,-0.17369409,-0.15175784,-0.14216915,-0.12569311,-0.14134459,-0.17466888,-0.13176009,-0.13203782,-0.14558063,-0.12287071,-0.08722703,-0.05825615,-0.14334852,-0.17082691,-0.026243303,-0.16680637,-0.2829064,-0.31316653,-0.19860815,-0.14546719,-0.14331596,-0.14862512,-0.12963767,-0.25088155,-0.19385247,-0.18807158,-0.09471744,-0.10915445,-0.10702289,-0.09361559,-0.12759323,-0.15278699,-0.15746465,-0.1667774,-0.12812386,-0.0969081,-0.16398169,-0.1431469,-0.11335766,-0.18846886,-0.1706479,-0.15376893,-0.12553269,-0.115196005,-0.11282818,-0.11662802,-0.17547086,-0.13826555,-0.13421425,-0.096878245,-0.12119774,-0.09174681,-0.12434345,-0.13541347,-0.063823454,-0.13877153,-0.11419349,-0.13385902,-0.24483351,-0.2571875,-0.29957527,-0.14608982,-0.15657163,-0.13215193,-0.19104545,-0.0782174,-0.17213927,-0.16397578,-0.09859173,-0.11065883,-0.11418654,-0.076612435,-0.083404,-0.1213824,-0.13072303,-0.13855581,-0.19385117,-0.099147536,-0.15547892,-0.19487974,-0.19099185,-0.18669604,-0.11118918,-0.14302562,-0.1027215,-0.15861529,-0.19400656,-0.17217472,-0.16909668,-0.14271444,-0.14237133,-0.10219882,-0.15318292,-0.16138604,-0.180938,-0.19519448,-0.12108491,-0.14698376,-0.11365534,-0.080047645,-0.14309752,-0.20725825,-0.1605526,-0.125103,-0.15657571,-0.15690626,-0.14359093,-0.19202894,-0.16237275,-0.181382,-0.2963242,-0.19945002,-0.1813051,-0.1720657,-0.19342658,-0.15771315,-0.14054683,-0.13028976,-0.12557748,-0.13823837,-0.1636056,-0.30584824,-0.16668707,-0.18078235,-0.19255659,-0.11441202,-0.1503986,-0.14062741,-0.17782211,-0.16666391,-0.16410992,-0.14331086,-0.18237996,-0.1283479,-0.15324196,-0.1377689,-0.24156228,-0.17960173,-0.10327552,-0.1352951,-0.14165017,-0.17405409,-0.110404015,-0.13455388,-0.15166095,-0.1596744,-0.18188806,-0.15368173,-0.14897308,-0.19184028,-0.17528436,-0.16338976,-0.14723541,-0.14623587,-0.11499533,-0.10471026,-0.13504001,-0.20148799,-0.17659444,-0.12513243,-0.16584717,-0.18041904,-0.18738703,-0.11705899,-0.17532235,-0.26022604,-0.09269035,-0.092292234,-0.11490333,-0.13589123,-0.14792456,-0.09873302,-0.18859906
k__Bacteria|p__Proteobacteria|c__Gammaproteobacteria|o__Enterobacterales|f__Morganellaceae|g__Providencia|s__Providencia_rettgeri,-0.1004395,-0.12316422,-0.14160903,-0.20428483,-0.16769432,-0.19408073,-0.1666669,-0.14531228,-0.12504387,-0.18385741,-0.18404976,-0.22454464,-0.16900982,-0.20564029,-0.103022546,-0.09908401,-0.058144663,-0.09943423,-0.10759206,-0.17124617,-0.1978925,-0.12536043,-0.13644592,-0.15269612,-0.17190339,-0.11658599,-0.16798615,-0.17450023,-0.1509206,-0.12124001,-0.13540839,-0.105466604,-0.1486032,-0.19604604,-0.18959747,-0.2175087,-0.16160217,-0.22338755,-0.19797194,-0.29867563,-0.29210672,-0.19856085,-0.10713725,-0.09162698,-0.13691942,-0.15524822,-0.23188588,-0.19447455,-0.14675325,-0.2026537,-0.18485832,-0.18279888,-0.19787402,-0.19847062,-0.20260239,-0.15755793,-0.12572989,-0.14399451,-0.091999546,-0.09527566,-0.17170897,-0.14262852,-0.13743341,-0.14721909,-0.12719077,-0.15155791,-0.2613474,-0.22333384,-0.189724,-0.20047067,-0.14591672,-0.14955968,-0.13075888,-0.14276934,-0.15072742,-0.16447876,-0.1470023,-0.16278498,-0.16008294,-0.14998752,-0.1475302,-0.15738103,-0.15349096,-0.22480208,-0.120334074,-0.14169906,-0.11816837,-0.16129558,-0.17448018,-0.15606135,-0.16863953,-0.11139822,-0.1388583,-0.13027036,-0.1286281,-0.15152657,-0.1428155,-0.1154129,-0.10065024,-0.09003842,-0.10511175,-0.12040252,-0.13504227,-0.15027548,-0.16077483,-0.1185138,-0.11129953,-0.1578567,-0.17738779,-0.13380149,-0.16422859,-0.25953975,-0.14898533,-0.13276227,-0.14164431,-0.15095688,-0.17780018,-0.16416162,-0.22917573,-0.09015879,-0.11009735,-0.13486958,-0.12961185,-0.13997786,-0.1742634,-0.13908121,-0.16057305,-0.12777606,-0.07092635,-0.03704006,-0.13721101,-0.16239898,-0.17947318,-0.14332479,-0.12334781,-0.1360293,-0.12023825,-0.13818909,-0.25318068,-0.26654312,-0.08314111,-0.10945694,-0.14462397,-0.09238048,-0.18825603,-0.19079928,-0.15307301,-0.089964,-0.13230102,-0.14978823,-0.15053743,-0.15922914,-0.17096122,-0.18419743,-0.08755506,-0.123822935,-0.14170143,-0.10256614,-0.17951453,-0.19495486,-0.19161522,-0.099781975,-0.13113372,-0.078771874,-0.1274964,-0.19006202,-0.19390032,-0.1922613,-0.12355885,-0.07504076,-0.096891195,-0.118314795,-0.13655671,-0.12406494,-0.121451,-0.094224274,-0.09628883,-0.10835631,-0.082459606,-0.112556115,-0.13223732,-0.16753495,-0.1410757,-0.13644814,-0.18093297,-0.17825818,-0.19468766,-0.14485371,-0.15549555,-0.13550277,-0.119081676,-0.14001076,-0.19117098,-0.19183508,-0.18213204,-0.19755594,-0.25103784,-0.20219928,-0.19086483,-0.19175154,-0.18289877,-0.1743246,-0.27554205,-0.08916744,-0.11956477,-0.12791233,-0.15751183,-0.20931396,-0.18224281,-0.29657933,-0.32474133,-0.15309405,-0.3242122,-0.17325558,-0.17108874,-0.2185038,-0.17647925,-0.114121355,-0.14013413,-0.15388772,-0.15788373,-0.22984435,-0.18186735,-0.2560383,-0.10418372,-0.12455491,-0.1386238,-0.124043554,-0.15189947,-0.1552415,-0.15652624,-0.14014931,-0.15141064,-0.16343361,-0.15568589,-0.15384583,-0.15344092,-0.13391972,-0.122981586,-0.14655276,-0.19067568,-0.17745939,-0.21025829,-0.3990198,-0.20207505,-0.113300554,-0.1296617,-0.118312255,-0.14796808,-0.16636807,-0.18724032,-0.19226715,-0.13188168,-0.07612064,-0.15326431,-0.13991666,-0.14106366,-0.11794163,-0.19987361,-0.1649412,-0.15927634,-0.1417237,-0.12356165,-0.12722544,-0.14610182,-0.2588673,-0.10709808,-0.13074079,-0.09132757,-0.12832497,-0.12905818,-0.15007892,-0.1520972,-0.09603831,-0.08910369,-0.124271214,-0.11036086,-0.1379466,-0.15106258,-0.170726,-0.14313397,-0.11637874,-0.17443594,-0.15211919,-0.14248107,-0.1253432,-0.14213994,-0.17466888,-0.13176009,-0.13230461,-0.14597815,-0.12283529,-0.08722703,-0.05825615,-0.14360277,-0.17082691,-0.026243303,-0.16758212,-0.2829064,-0.31316653,-0.19826236,-0.14585906,-0.14331596,-0.14862512,-0.12963767,-0.25088155,-0.19442427,-0.18916592,-0.09424746,-0.10918766,-0.10702289,-0.09310157,-0.12759323,-0.15319805,-0.15746465,-0.16743527,-0.12812386,-0.0969081,-0.16398169,-0.14384457,-0.11335766,-0.18846886,-0.1706479,-0.15431575,-0.1258626,-0.115196005,-0.112656154,-0.11662802,-0.17653632,-0.13856637,-0.13447213,-0.096878245,-0.12099131,-0.09127483,-0.12434345,-0.13608077,-0.063823454,-0.13877153,-0.11419349,-0.1337944,-0.24483351,-0.2571875,-0.29957527,-0.14640151,-0.15703794,-0.13209584,-0.19104545,-0.0782174,-0.17280857,-0.16472392,-0.09859173,-0.11065883,-0.114686325,-0.076612435,-0.083404,-0.1213824,-0.13072303,-0.13855581,-0.19385117,-0.098811135,-0.15601733,-0.19487974,-0.1917232,-0.1874209,-0.11109271,-0.14337751,-0.10270983,-0.1595295,-0.19451222,-0.17312,-0.16960154,-0.14299309,-0.14269558,-0.101565115,-0.15342286,-0.16188136,-0.18148962,-0.19562803,-0.12110433,-0.14753538,-0.113834664,-0.07960369,-0.1429283,-0.20725825,-0.16139264,-0.125103,-0.15657571,-0.15690626,-0.14393026,-0.19202894,-0.16306499,-0.18255654,-0.2963242,-0.19871622,-0.18142082,-0.1719865,-0.19345269,-0.15770599,-0.14054683,-0.13040358,-0.12557748,-0.13853851,-0.1638932,-0.30584824,-0.16747996,-0.18165837,-0.1932972,-0.11441202,-0.15071821,-0.14072531,-0.17853166,-0.16728224,-0.16493104,-0.14331086,-0.18237996,-0.1285055,-0.1537938,-0.13724723,-0.24156228,-0.18036008,-0.10295964,-0.13546795,-0.14194001,-0.17492929,-0.110200286,-0.13466403,-0.15250044,-0.1602762,-0.18252778,-0.15430303,-0.14926562,-0.19184028,-0.17599297,-0.1645746,-0.14723541,-0.14623587,-0.11499533,-0.10471026,-0.13489106,-0.20148799,-0.17766094,-0.12513243,-0.16677955,-0.18041904,-0.18738703,-0.11705899,-0.17666274,-0.2596994,-0.092253864,-0.09193257,-0.11468868,-0.13595182,-0.14814827,-0.098131314,-0.18965235
k__Bacteria|p__Proteobacteria|c__Gammaproteobacteria|o__Moraxellales|f__Moraxellaceae|g__Acinetobacter|s__Acinetobacter_bereziniae,-0.1004395,-0.12316422,-0.14163446,-0.20428483,-0.16676164,-0.19318974,-0.1666669,-0.14503671,-0.12507041,-0.1834155,-0.18319209,-0.22517762,-0.16905046,-0.2042813,-0.10312171,-0.09921382,-0.058144663,-0.09967878,-0.10768502,-0.17068154,-0.1978925,-0.12536043,-0.13620053,-0.152173,-0.17122447,-0.11658599,-0.16734558,-0.17378926,-0.1509206,-0.12124001,-0.13517082,-0.10566302,-0.14835286,-0.1954093,-0.18899435,-0.2175087,-0.16066381,-0.22338755,-0.1969498,-0.29867563,-0.29210672,-0.19790731,-0.10712337,-0.09162698,-0.13691942,-0.15495527,-0.23188588,-0.19352046,-0.14649802,-0.2026537,-0.18367808,-0.18279888,-0.19701797,-0.19803698,-0.20312607,-0.15742531,-0.12566,-0.1436525,-0.09212607,-0.09555176,-0.17103128,-0.14221993,-0.13743341,-0.14685005,-0.12719077,-0.1511755,-0.2613474,-0.22333384,-0.18851769,-0.20047067,-0.14552984,-0.14910501,-0.13066292,-0.14260271,-0.1504476,-0.16377714,-0.1464429,-0.16278498,-0.15921609,-0.14998752,-0.14709899,-0.15695845,-0.15312001,-0.22480208,-0.120334074,-0.14144886,-0.11828328,-0.16071294,-0.17382379,-0.15560125,-0.16801779,-0.11139822,-0.1388583,-0.13027036,-0.1285809,-0.15152657,-0.14262252,-0.115491465,-0.10065024,-0.09051302,-0.10539684,-0.12036756,-0.1348894,-0.15027548,-0.16025385,-0.1185138,-0.11129953,-0.1578567,-0.17738779,-0.13340622,-0.16397437,-0.25953975,-0.14862081,-0.13266031,-0.14159429,-0.15095688,-0.17780018,-0.16353625,-0.22917573,-0.09015879,-0.11024267,-0.13472441,-0.12957971,-0.13997786,-0.17365351,-0.13908121,-0.16057305,-0.12777606,-0.07092635,-0.03704006,-0.13713965,-0.16198102,-0.17874643,-0.14332479,-0.12334781,-0.1357324,-0.12023825,-0.13820049,-0.25318068,-0.26654312,-0.083455354,-0.10945694,-0.14434993,-0.09238048,-0.18765351,-0.19015425,-0.15302819,-0.09025217,-0.13230102,-0.14951858,-0.15023589,-0.1587805,-0.17034838,-0.18337423,-0.08785055,-0.12368575,-0.14105272,-0.10256614,-0.17951453,-0.19495486,-0.19080353,-0.100124136,-0.13113372,-0.0795829,-0.12782383,-0.19006202,-0.1930145,-0.1914795,-0.123385064,-0.07526724,-0.097053215,-0.118486874,-0.13652427,-0.12406494,-0.121451,-0.094480276,-0.09667031,-0.10851527,-0.082459606,-0.112818,-0.132231,-0.16694543,-0.1410757,-0.13636288,-0.18093297,-0.17825818,-0.19388482,-0.14466816,-0.15549555,-0.13536592,-0.119081676,-0.14001076,-0.19117098,-0.19088212,-0.18124172,-0.19755594,-0.25103784,-0.20219928,-0.19000176,-0.19096617,-0.18240748,-0.17387052,-0.27554205,-0.08916744,-0.11956477,-0.12804398,-0.15751183,-0.20931396,-0.18224281,-0.29657933,-0.32474133,-0.15386058,-0.3242122,-0.17325558,-0.17108874,-0.2185038,-0.17647925,-0.114121355,-0.13989703,-0.15388772,-0.15788373,-0.22984435,-0.18186735,-0.2560649,-0.10435376,-0.12455491,-0.13849047,-0.12411913,-0.15189947,-0.15482737,-0.15605547,-0.14014931,-0.15141064,-0.16284642,-0.15513231,-0.15337756,-0.15308952,-0.13392243,-0.1230088,-0.14627787,-0.18997158,-0.17700875,-0.21025829,-0.3990198,-0.20274219,-0.11342447,-0.1296617,-0.11843625,-0.14791957,-0.16636807,-0.18635236,-0.19142738,-0.13172537,-0.07652583,-0.1529177,-0.13972273,-0.14106366,-0.1182029,-0.19987361,-0.1649412,-0.15864572,-0.14154491,-0.12358187,-0.12722544,-0.14610182,-0.2588673,-0.10731587,-0.13074079,-0.09132757,-0.12832497,-0.12907927,-0.14974666,-0.15164223,-0.09625081,-0.08910369,-0.124286786,-0.11051366,-0.13782278,-0.1507585,-0.17014824,-0.14286226,-0.11644007,-0.17376652,-0.15184757,-0.14227182,-0.1253612,-0.14190242,-0.17466888,-0.13176009,-0.13214839,-0.14566493,-0.122841865,-0.08722703,-0.05825615,-0.14346069,-0.17082691,-0.026243303,-0.16676983,-0.2829064,-0.31316653,-0.19818184,-0.14555568,-0.14331596,-0.14862512,-0.12963767,-0.25088155,-0.19341636,-0.18827558,-0.09465408,-0.10919366,-0.10702289,-0.0935729,-0.12759323,-0.15301397,-0.15746465,-0.16686168,-0.12812386,-0.0969081,-0.16398169,-0.14346439,-0.11335766,-0.18846886,-0.1706479,-0.15378594,-0.125608,-0.115196005,-0.11285045,-0.11662802,-0.17580192,-0.13836052,-0.13421266,-0.096878245,-0.12102994,-0.09169887,-0.12434345,-0.13587694,-0.063823454,-0.13877153,-0.11419349,-0.1337822,-0.24483351,-0.2571875,-0.29957527,-0.14607012,-0.15655142,-0.13208984,-0.19104545,-0.0782174,-0.17213392,-0.16419968,-0.09859173,-0.11065883,-0.11467517,-0.076612435,-0.083404,-0.1213824,-0.13072303,-0.13855581,-0.19385117,-0.09881598,-0.15557924,-0.19487974,-0.19090912,-0.18669462,-0.11123051,-0.14293912,-0.10284068,-0.158968,-0.19375265,-0.1726444,-0.16896224,-0.14273132,-0.1423713,-0.10187937,-0.15322715,-0.16140632,-0.18089134,-0.1948418,-0.12112185,-0.14719082,-0.11384738,-0.08001523,-0.1430229,-0.20725825,-0.16066876,-0.125103,-0.15657571,-0.15690626,-0.14354086,-0.19202894,-0.16245992,-0.18173277,-0.2963242,-0.19793412,-0.18114868,-0.17166421,-0.19286188,-0.15755236,-0.14054683,-0.13027507,-0.12557748,-0.1383027,-0.16332665,-0.30584824,-0.16672866,-0.18085045,-0.19247031,-0.11441202,-0.15055451,-0.14052415,-0.17786095,-0.16667828,-0.16433856,-0.14331086,-0.18237996,-0.12833866,-0.15327634,-0.13750586,-0.24156228,-0.17942175,-0.10316551,-0.13520882,-0.14173992,-0.1741981,-0.11029571,-0.13455075,-0.15203434,-0.15972337,-0.18166399,-0.15385649,-0.14887545,-0.19184028,-0.17517477,-0.16389602,-0.14723541,-0.14623587,-0.11499533,-0.10471026,-0.13503072,-0.20148799,-0.17681383,-0.12513243,-0.16571751,-0.18041904,-0.18738703,-0.11705899,-0.17600313,-0.2587694,-0.09251508,-0.092229545,-0.11475733,-0.13592194,-0.1478597,-0.09851577,-0.18867514
k__Bacteria|p__Proteobacteria|c__Gammaproteobacteria|o__Moraxellales|f__Moraxellaceae|g__Acinetobacter|s__Acinetobacter_pittii,-0.1004395,-0.12316422,-0.141947,-0.20428483,-0.16774729,-0.1941542,-0.1666669,-0.14577413,-0.12554507,-0.18474364,-0.18389589,-0.22186705,-0.16987771,-0.20461988,-0.103229694,-0.099379145,-0.058144663,-0.09978917,-0.10794378,-0.17148307,-0.1978925,-0.12536043,-0.13677913,-0.15291752,-0.17204446,-0.11658599,-0.16841702,-0.17478439,-0.1509206,-0.12124001,-0.13584876,-0.105791666,-0.14900857,-0.19617249,-0.1898463,-0.2175087,-0.16170515,-0.22338755,-0.19797061,-0.29867563,-0.29210672,-0.19828397,-0.10747628,-0.09162698,-0.13691942,-0.15569323,-0.23188588,-0.19449311,-0.14706783,-0.2026537,-0.18521115,-0.18279888,-0.19767329,-0.19790767,-0.20171528,-0.1583823,-0.12603222,-0.14425209,-0.09232144,-0.09566094,-0.17204571,-0.14281365,-0.13743341,-0.14750835,-0.12719077,-0.15216944,-0.2613474,-0.22333384,-0.18961364,-0.20047067,-0.14617863,-0.14984351,-0.1309947,-0.14300115,-0.15100087,-0.16466096,-0.14736356,-0.16278498,-0.16028859,-0.14998752,-0.14785014,-0.15766953,-0.1537637,-0.22480208,-0.120334074,-0.14206034,-0.11856152,-0.1616176,-0.17475313,-0.15616447,-0.16894563,-0.11139822,-0.1388583,-0.13027036,-0.12904708,-0.15152657,-0.14331779,-0.115921706,-0.10065024,-0.0905563,-0.1056064,-0.12076111,-0.13540807,-0.15027548,-0.16116473,-0.1185138,-0.11129953,-0.1578567,-0.17738779,-0.13388756,-0.16439864,-0.25953975,-0.14940228,-0.13311169,-0.14191157,-0.15095688,-0.17780018,-0.16426079,-0.22917573,-0.09015879,-0.11061801,-0.13521513,-0.12992296,-0.13997786,-0.17450306,-0.13908121,-0.16057305,-0.12777606,-0.07092635,-0.03704006,-0.13762854,-0.16269124,-0.17975353,-0.14332479,-0.12334781,-0.13650928,-0.12023825,-0.13857594,-0.25318068,-0.26654312,-0.083524436,-0.10945694,-0.14492474,-0.09238048,-0.18869811,-0.19087578,-0.15349302,-0.090343,-0.13230102,-0.15020269,-0.15085801,-0.1595321,-0.17116423,-0.18442512,-0.08785315,-0.12410207,-0.14183265,-0.10256614,-0.17951453,-0.19495486,-0.19173664,-0.100180276,-0.13113372,-0.07890192,-0.12796903,-0.19006202,-0.19391847,-0.19236672,-0.123882264,-0.07536967,-0.09724734,-0.1187069,-0.13700181,-0.12406494,-0.121451,-0.09450665,-0.09672637,-0.10874726,-0.082459606,-0.11302216,-0.13267061,-0.16790648,-0.1410757,-0.13695714,-0.18093297,-0.17825818,-0.19469678,-0.14507341,-0.15549555,-0.13581227,-0.119081676,-0.14001076,-0.19117098,-0.19180846,-0.18218204,-0.19755594,-0.25103784,-0.20219928,-0.19105527,-0.191925,-0.18325701,-0.17453977,-0.27554205,-0.08916744,-0.11956477,-0.1284745,-0.15751183,-0.20931396,-0.18224281,-0.29657933,-0.32474133,-0.1541779,-0.3242122,-0.17325558,-0.17108874,-0.2185038,-0.17647925,-0.114121355,-0.14052948,-0.15388772,-0.15788373,-0.22984435,-0.18186735,-0.25529826,-0.10449514,-0.12455491,-0.1390832,-0.12449099,-0.15189947,-0.15549336,-0.15686801,-0.14014931,-0.15141064,-0.16370863,-0.15593272,-0.15413101,-0.15363505,-0.13435964,-0.123468205,-0.1470714,-0.19106847,-0.17750986,-0.21025829,-0.3990198,-0.2022933,-0.11372784,-0.1296617,-0.11866404,-0.14843512,-0.16636807,-0.18749766,-0.19248866,-0.13221477,-0.07655958,-0.15358502,-0.1403446,-0.14106366,-0.1184865,-0.19987361,-0.1649412,-0.15957603,-0.14190029,-0.12387368,-0.12722544,-0.14610182,-0.2588673,-0.10745689,-0.13074079,-0.09132757,-0.12832497,-0.12952274,-0.15036792,-0.15248203,-0.096404314,-0.08910369,-0.12463446,-0.110709615,-0.1383327,-0.15136817,-0.17098108,-0.14342543,-0.11686903,-0.17472127,-0.15241599,-0.14283442,-0.12556031,-0.14267015,-0.17466888,-0.13176009,-0.13266794,-0.14626192,-0.12314751,-0.08722703,-0.05825615,-0.14398727,-0.17082691,-0.026243303,-0.16769195,-0.2829064,-0.31316653,-0.19831125,-0.14621633,-0.14331596,-0.14862512,-0.12963767,-0.25088155,-0.1942445,-0.18928584,-0.09464918,-0.109610796,-0.10702289,-0.09347546,-0.12759323,-0.1536583,-0.15746465,-0.16781594,-0.12812386,-0.0969081,-0.16398169,-0.14414245,-0.11335766,-0.18846886,-0.1706479,-0.15454212,-0.12609613,-0.115196005,-0.11304675,-0.11662802,-0.17696902,-0.13888092,-0.13474339,-0.096878245,-0.12127426,-0.09178244,-0.12434345,-0.13662404,-0.063823454,-0.13877153,-0.11419349,-0.13420987,-0.24483351,-0.2571875,-0.29957527,-0.14666077,-0.15734135,-0.13234344,-0.19104545,-0.0782174,-0.17291361,-0.16502929,-0.09859173,-0.11065883,-0.11519064,-0.076612435,-0.083404,-0.1213824,-0.13072303,-0.13855581,-0.19385117,-0.098856926,-0.15624265,-0.19487974,-0.1919106,-0.18757285,-0.1114858,-0.14364669,-0.103099294,-0.15992564,-0.1946891,-0.17329155,-0.16979425,-0.14330657,-0.14299166,-0.101895355,-0.15378267,-0.16229858,-0.18179952,-0.19574976,-0.121470705,-0.14790717,-0.11433082,-0.080124326,-0.14311227,-0.20725825,-0.16156957,-0.125103,-0.15657571,-0.15690626,-0.14425057,-0.19202894,-0.16323444,-0.18281099,-0.2963242,-0.19846337,-0.18171635,-0.17241499,-0.19353592,-0.15791817,-0.14054683,-0.13068154,-0.12557748,-0.13872555,-0.16401654,-0.30584824,-0.16743541,-0.18177898,-0.19369029,-0.11441202,-0.15106672,-0.14114177,-0.17877719,-0.16742113,-0.16532706,-0.14331086,-0.18237996,-0.12877133,-0.15402555,-0.13734764,-0.24156228,-0.18055461,-0.10334307,-0.13580158,-0.1422748,-0.17509688,-0.11059059,-0.1349291,-0.15289465,-0.16063513,-0.18273729,-0.15447566,-0.14938433,-0.19184028,-0.17600209,-0.16489753,-0.14723541,-0.14623587,-0.11499533,-0.10471026,-0.13533184,-0.20148799,-0.17783442,-0.12513243,-0.16725072,-0.18041904,-0.18738703,-0.11705899,-0.17709413,-0.25976095,-0.09258165,-0.092372134,-0.1150465,-0.1363535,-0.1483761,-0.09850407,-0.1898527
k__Bacteria|p__Proteobacteria|c__Gammaproteobacteria|o__Pasteurellales|f__Pasteurellaceae|g__GGB6813|s__GGB6813_SGB9727,-0.1004395,-0.12316422,-0.14237349,-0.20428483,-0.16713892,-0.1938039,-0.1666669,-0.1449967,-0.1255092,-0.18336916,-0.18346235,-0.2275388,-0.17110768,-0.2046778,-0.10352204,-0.100124866,-0.058144663,-0.0995208,-0.10836159,-0.17091036,-0.1978925,-0.12536043,-0.13639444,-0.15216729,-0.17179091,-0.11658599,-0.16750741,-0.17370754,-0.1509206,-0.12124001,-0.13531087,-0.106453195,-0.14870197,-0.1959838,-0.18927033,-0.2175087,-0.1615988,-0.22338755,-0.19782913,-0.29867563,-0.29210672,-0.19824575,-0.10739888,-0.09162698,-0.13691942,-0.15537463,-0.23188588,-0.19379473,-0.14672957,-0.2026537,-0.1836277,-0.18279888,-0.19759917,-0.19972178,-0.20396952,-0.15728234,-0.12596735,-0.14391863,-0.09245773,-0.09613985,-0.1711533,-0.14236376,-0.13743341,-0.14711726,-0.12719077,-0.15170474,-0.2613474,-0.22333384,-0.18866906,-0.20047067,-0.14558592,-0.14936286,-0.13120359,-0.14299652,-0.15037566,-0.16364135,-0.14662252,-0.16278498,-0.15976301,-0.14998752,-0.14739951,-0.15745917,-0.15335234,-0.22480208,-0.120334074,-0.14175966,-0.11879246,-0.16060697,-0.17388543,-0.15619826,-0.16818124,-0.11139822,-0.1388583,-0.13027036,-0.1286712,-0.15152657,-0.14259523,-0.11567676,-0.10065024,-0.091054596,-0.10573777,-0.12069241,-0.13516723,-0.15027548,-0.16031054,-0.1185138,-0.11129953,-0.1578567,-0.17738779,-0.13396183,-0.16489053,-0.25953975,-0.14897344,-0.13324803,-0.14205886,-0.15095688,-0.17780018,-0.16403285,-0.22917573,-0.09015879,-0.11049865,-0.1350173,-0.13002574,-0.13997786,-0.17400609,-0.13908121,-0.16057305,-0.12777606,-0.07092635,-0.03704006,-0.13717633,-0.16207747,-0.17881675,-0.14332479,-0.12334781,-0.1359762,-0.12023825,-0.13852793,-0.25318068,-0.26654312,-0.08388491,-0.10945694,-0.14442876,-0.09238048,-0.1877822,-0.19030672,-0.15341151,-0.090683736,-0.13230102,-0.14984497,-0.15059772,-0.15918308,-0.17070673,-0.18342905,-0.08852258,-0.12396365,-0.14144391,-0.10256614,-0.17951453,-0.19495486,-0.19115958,-0.1003239,-0.13113372,-0.080328435,-0.1282469,-0.19006202,-0.19335452,-0.1917701,-0.123297736,-0.07593037,-0.097488835,-0.11900304,-0.13676201,-0.12406494,-0.121451,-0.094935834,-0.09714882,-0.1088337,-0.082459606,-0.11306514,-0.1322718,-0.16682535,-0.1410757,-0.13686195,-0.18093297,-0.17825818,-0.19463214,-0.14503798,-0.15549555,-0.13568103,-0.119081676,-0.14001076,-0.19117098,-0.1914806,-0.18182111,-0.19755594,-0.25103784,-0.20219928,-0.19013548,-0.19138469,-0.18281683,-0.17437555,-0.27554205,-0.08916744,-0.11956477,-0.1282602,-0.15751183,-0.20931396,-0.18224281,-0.29657933,-0.32474133,-0.15535669,-0.3242122,-0.17325558,-0.17108874,-0.2185038,-0.17647925,-0.114121355,-0.14037831,-0.15388772,-0.15788373,-0.22984435,-0.18186735,-0.25839162,-0.10477713,-0.12455491,-0.13862991,-0.12435356,-0.15189947,-0.15473178,-0.15587807,-0.14014931,-0.15141064,-0.1628425,-0.15553352,-0.15360662,-0.15347895,-0.13443737,-0.12340981,-0.14667985,-0.19017908,-0.17708084,-0.21025829,-0.3990198,-0.20391187,-0.11363392,-0.1296617,-0.11855317,-0.14815779,-0.16636807,-0.1860545,-0.1918074,-0.13199723,-0.07738429,-0.15300126,-0.14012519,-0.14106366,-0.11798625,-0.19987361,-0.1649412,-0.15908457,-0.14213291,-0.12393528,-0.12722544,-0.14610182,-0.2588673,-0.10770415,-0.13074079,-0.09132757,-0.12832497,-0.12921643,-0.14985898,-0.15161327,-0.09657962,-0.08910369,-0.124558076,-0.11095072,-0.1381726,-0.15093514,-0.17047359,-0.14300218,-0.11678041,-0.17379898,-0.15196374,-0.14243904,-0.12582123,-0.1418365,-0.17466888,-0.13176009,-0.1326227,-0.14581174,-0.12320438,-0.08722703,-0.05825615,-0.1435377,-0.17082691,-0.026243303,-0.16713423,-0.2829064,-0.31316653,-0.199158,-0.14584629,-0.14331596,-0.14862512,-0.12963767,-0.25088155,-0.19387153,-0.1885085,-0.095096126,-0.109544314,-0.10702289,-0.09408797,-0.12759323,-0.15323499,-0.15746465,-0.16720566,-0.12812386,-0.0969081,-0.16398169,-0.14342771,-0.11335766,-0.18846886,-0.1706479,-0.1542908,-0.12605199,-0.115196005,-0.11342983,-0.11662802,-0.17576027,-0.1385862,-0.13449885,-0.096878245,-0.12144135,-0.092021264,-0.12434345,-0.13580275,-0.063823454,-0.13877153,-0.11419349,-0.13413881,-0.24483351,-0.2571875,-0.29957527,-0.14636305,-0.15693858,-0.13250004,-0.19104545,-0.0782174,-0.17239264,-0.164431,-0.09859173,-0.11065883,-0.114545606,-0.076612435,-0.083404,-0.1213824,-0.13072303,-0.13855581,-0.19385117,-0.099511325,-0.15582639,-0.19487974,-0.1913448,-0.18720643,-0.11149971,-0.14315951,-0.10310351,-0.15887839,-0.19448411,-0.17250417,-0.16943602,-0.14297156,-0.1427339,-0.102638945,-0.15341473,-0.16174462,-0.1812656,-0.19538961,-0.12134573,-0.14708814,-0.11397132,-0.080501184,-0.14354402,-0.20725825,-0.16082695,-0.125103,-0.15657571,-0.15690626,-0.14398593,-0.19202894,-0.16280691,-0.18188746,-0.2963242,-0.19976306,-0.1817646,-0.1719538,-0.19331646,-0.15782773,-0.14054683,-0.13059373,-0.12557748,-0.13851766,-0.16438432,-0.30584824,-0.16715051,-0.1810764,-0.1930525,-0.11441202,-0.1506085,-0.1408576,-0.17814806,-0.16695414,-0.1646548,-0.14331086,-0.18237996,-0.1289416,-0.1538338,-0.13841599,-0.24156228,-0.17968142,-0.10358693,-0.13563064,-0.1419777,-0.17415662,-0.11088128,-0.13478819,-0.15198201,-0.15981269,-0.18213817,-0.1540933,-0.1492443,-0.19184028,-0.1755597,-0.1638358,-0.14723541,-0.14623587,-0.11499533,-0.10471026,-0.1354293,-0.20148799,-0.17691028,-0.12513243,-0.1663903,-0.18041904,-0.18738703,-0.11705899,-0.1758597,-0.25986612,-0.09296544,-0.09264089,-0.11522315,-0.13619801,-0.14821109,-0.09914067,-0.18885884
k__Bacteria|p__Proteobacteria|c__Gammaproteobacteria|o__Pseudomonadales|f__Pseudomonadaceae|g__Pseudomonas|s__Pseudomonas_lactis,-0.1004395,-0.12316422,-0.14214373,-0.20428483,-0.16712399,-0.19345014,-0.1666669,-0.1450277,-0.12522444,-0.18345146,-0.18351829,-0.22705169,-0.16973132,-0.20493945,-0.103166156,-0.09953644,-0.058144663,-0.09957944,-0.10794397,-0.17083317,-0.1978925,-0.12536043,-0.13627994,-0.15210836,-0.17151305,-0.11658599,-0.16743992,-0.17366017,-0.1509206,-0.12124001,-0.13521242,-0.10598643,-0.14853302,-0.19588757,-0.18911116,-0.2175087,-0.16121182,-0.22338755,-0.19759381,-0.29867563,-0.29210672,-0.19815797,-0.10713819,-0.09162698,-0.13691942,-0.15525134,-0.23188588,-0.19391854,-0.14651223,-0.2026537,-0.183891,-0.18279888,-0.19761103,-0.19895549,-0.20391195,-0.15737441,-0.12574741,-0.14377579,-0.09208086,-0.095736325,-0.17113772,-0.14218594,-0.13743341,-0.14697188,-0.12719077,-0.15143976,-0.2613474,-0.22333384,-0.18873173,-0.20047067,-0.14552571,-0.14921373,-0.13088763,-0.14286046,-0.1503518,-0.16375417,-0.14632666,-0.16278498,-0.1595836,-0.14998752,-0.14725474,-0.15727013,-0.15321723,-0.22480208,-0.120334074,-0.14160131,-0.11849802,-0.16069382,-0.17389259,-0.15590444,-0.16803837,-0.11139822,-0.1388583,-0.13027036,-0.12858003,-0.15152657,-0.14256595,-0.11545672,-0.10065024,-0.09068206,-0.105467156,-0.12049025,-0.13502496,-0.15027548,-0.1602172,-0.1185138,-0.11129953,-0.1578567,-0.17738779,-0.13353235,-0.16451326,-0.25953975,-0.14880103,-0.13291503,-0.14187783,-0.15095688,-0.17780018,-0.16396485,-0.22917573,-0.09015879,-0.110359065,-0.13483909,-0.12974794,-0.13997786,-0.17391415,-0.13908121,-0.16057305,-0.12777606,-0.07092635,-0.03704006,-0.13738275,-0.16199404,-0.17881879,-0.14332479,-0.12334781,-0.13582322,-0.12023825,-0.13831729,-0.25318068,-0.26654312,-0.083460465,-0.10945694,-0.14427283,-0.09238048,-0.1878502,-0.19041765,-0.15321073,-0.09031595,-0.13230102,-0.14970258,-0.15043798,-0.15897524,-0.17057362,-0.18329895,-0.08804123,-0.12377982,-0.14117903,-0.10256614,-0.17951453,-0.19495486,-0.19093555,-0.10011073,-0.13113372,-0.07981723,-0.12806417,-0.19006202,-0.1932601,-0.19169044,-0.123207256,-0.075369336,-0.09715956,-0.118741825,-0.13662584,-0.12406494,-0.121451,-0.09455989,-0.09681486,-0.10855143,-0.082459606,-0.11291984,-0.13224262,-0.16689035,-0.1410757,-0.13661076,-0.18093297,-0.17825818,-0.19436175,-0.14488314,-0.15549555,-0.13543609,-0.119081676,-0.14001076,-0.19117098,-0.19133037,-0.18155052,-0.19755594,-0.25103784,-0.20219928,-0.19015925,-0.19137919,-0.18266596,-0.1742901,-0.27554205,-0.08916744,-0.11956477,-0.12817428,-0.15751183,-0.20931396,-0.18224281,-0.29657933,-0.32474133,-0.1547335,-0.3242122,-0.17325558,-0.17108874,-0.2185038,-0.17647925,-0.114121355,-0.14018314,-0.15388772,-0.15788373,-0.22984435,-0.18186735,-0.2576742,-0.10445577,-0.12455491,-0.13855296,-0.12417419,-0.15189947,-0.15478191,-0.15589443,-0.14014931,-0.15141064,-0.16279802,-0.15538125,-0.15343583,-0.15331936,-0.13409564,-0.12312491,-0.1465027,-0.19003561,-0.17709284,-0.21025829,-0.3990198,-0.20366351,-0.11345254,-0.1296617,-0.11851247,-0.14804256,-0.16636807,-0.1862528,-0.19164066,-0.13182333,-0.07668325,-0.15298215,-0.13987453,-0.14106366,-0.1179716,-0.19987361,-0.1649412,-0.15892825,-0.1417806,-0.12373756,-0.12722544,-0.14610182,-0.2588673,-0.10742147,-0.13074079,-0.09132757,-0.12832497,-0.1290515,-0.14985439,-0.15152042,-0.09624882,-0.08910369,-0.12435706,-0.110688254,-0.13799217,-0.1508835,-0.17025912,-0.14290991,-0.11652755,-0.1738865,-0.15191114,-0.14234279,-0.12560183,-0.14174476,-0.17466888,-0.13176009,-0.13226783,-0.14579001,-0.122887574,-0.08722703,-0.05825615,-0.14348647,-0.17082691,-0.026243303,-0.16716927,-0.2829064,-0.31316653,-0.1986084,-0.14567676,-0.14331596,-0.14862512,-0.12963767,-0.25088155,-0.19378497,-0.18835756,-0.09468016,-0.10926874,-0.10702289,-0.09359647,-0.12759323,-0.15314467,-0.15746465,-0.16706604,-0.12812386,-0.0969081,-0.16398169,-0.14338455,-0.11335766,-0.18846886,-0.1706479,-0.15402372,-0.12569125,-0.115196005,-0.11299522,-0.11662802,-0.17576393,-0.13842428,-0.13429388,-0.096878245,-0.12121101,-0.09170525,-0.12434345,-0.13576274,-0.063823454,-0.13877153,-0.11419349,-0.1339902,-0.24483351,-0.2571875,-0.29957527,-0.14622799,-0.15674882,-0.13225101,-0.19104545,-0.0782174,-0.17225632,-0.16436258,-0.09859173,-0.11065883,-0.11449428,-0.076612435,-0.083404,-0.1213824,-0.13072303,-0.13855581,-0.19385117,-0.09896292,-0.15577172,-0.19487974,-0.19117379,-0.18694255,-0.111252576,-0.14309278,-0.10279822,-0.15893932,-0.19419909,-0.17253008,-0.16920385,-0.14285085,-0.14254387,-0.10219172,-0.15334451,-0.16165194,-0.18112983,-0.19519326,-0.12115894,-0.14717542,-0.11380665,-0.080063716,-0.14333725,-0.20725825,-0.16070293,-0.125103,-0.15657571,-0.15690626,-0.14379375,-0.19202894,-0.16263902,-0.1817361,-0.2963242,-0.19917327,-0.18161938,-0.17206213,-0.19327731,-0.15782534,-0.14054683,-0.13038146,-0.12557748,-0.13836661,-0.16382992,-0.30584824,-0.16692159,-0.18101114,-0.19283497,-0.11441202,-0.15062279,-0.14076579,-0.17805363,-0.16687053,-0.16443424,-0.14331086,-0.18237996,-0.12858157,-0.15357998,-0.13794887,-0.24156228,-0.17968446,-0.10324046,-0.13546857,-0.14178821,-0.17427516,-0.11044224,-0.13469559,-0.15190849,-0.15979661,-0.18201588,-0.15386736,-0.14908445,-0.19184028,-0.17542511,-0.16377127,-0.14723541,-0.14623587,-0.11499533,-0.10471026,-0.1352323,-0.20148799,-0.17681287,-0.12513243,-0.1661522,-0.18041904,-0.18738703,-0.11705899,-0.17572784,-0.25973135,-0.09258269,-0.09228559,-0.11496763,-0.13605034,-0.148031,-0.09871508,-0.1887775
k__Bacteria|p__Proteobacteria|c__Gammaproteobacteria|o__Pseudomonadales|f__Pseudomonadaceae|g__Pseudomonas|s__Pseudomonas_fragi,-0.1004395,-0.12316422,-0.14150429,-0.20428483,-0.16726986,-0.19380382,-0.1666669,-0.1454998,-0.12534496,-0.18418878,-0.18326718,-0.21986717,-0.1686768,-0.20264474,-0.10319804,-0.098708585,-0.058144663,-0.099767506,-0.107632115,-0.17140438,-0.1978925,-0.12536043,-0.13663179,-0.1529657,-0.17171809,-0.11658599,-0.16819406,-0.17468463,-0.1509206,-0.12124001,-0.13568303,-0.10541671,-0.14870663,-0.19547078,-0.1896396,-0.2175087,-0.16098994,-0.22338755,-0.19714227,-0.29867563,-0.29210672,-0.19821778,-0.107255146,-0.09162698,-0.13691942,-0.1552015,-0.23188588,-0.1941149,-0.14689171,-0.2026537,-0.18458062,-0.18279888,-0.19708845,-0.19717257,-0.20174599,-0.15794583,-0.12591287,-0.14403127,-0.092445016,-0.09552218,-0.17177878,-0.14298984,-0.13743341,-0.1472519,-0.12719077,-0.15167964,-0.2613474,-0.22333384,-0.18931752,-0.20047067,-0.14607674,-0.1496132,-0.13077347,-0.14277908,-0.1511208,-0.16459973,-0.1473411,-0.16278498,-0.15956788,-0.14998752,-0.14771184,-0.15721926,-0.1537076,-0.22480208,-0.120334074,-0.14182697,-0.11832778,-0.16153255,-0.17448999,-0.15590626,-0.16885172,-0.11139822,-0.1388583,-0.13027036,-0.1291048,-0.15152657,-0.14340597,-0.11581986,-0.10065024,-0.09031001,-0.10544606,-0.120572306,-0.1352126,-0.15027548,-0.16101012,-0.1185138,-0.11129953,-0.1578567,-0.17738779,-0.1336866,-0.16427338,-0.25953975,-0.14900278,-0.13271992,-0.14165708,-0.15095688,-0.17780018,-0.16380744,-0.22917573,-0.09015879,-0.110417515,-0.13503282,-0.1297048,-0.13997786,-0.17413098,-0.13908121,-0.16057305,-0.12777606,-0.07092635,-0.03704006,-0.13732174,-0.16268718,-0.17951949,-0.14332479,-0.12334781,-0.13622284,-0.12023825,-0.13851565,-0.25318068,-0.26654312,-0.083501354,-0.10945694,-0.14498636,-0.09238048,-0.18830621,-0.19059104,-0.153124,-0.090248734,-0.13230102,-0.14989781,-0.15053988,-0.15918568,-0.17090645,-0.18451193,-0.087721914,-0.12391812,-0.14131072,-0.10256614,-0.17951453,-0.19495486,-0.19148535,-0.1002838,-0.13113372,-0.07899849,-0.12793013,-0.19006202,-0.19357453,-0.19207217,-0.12393322,-0.075260475,-0.097090326,-0.118413255,-0.13678768,-0.12406494,-0.121451,-0.094369814,-0.096461415,-0.10863258,-0.082459606,-0.11286625,-0.13265134,-0.16773263,-0.1410757,-0.13657057,-0.18093297,-0.17825818,-0.19411471,-0.14498961,-0.15549555,-0.13572712,-0.119081676,-0.14001076,-0.19117098,-0.19107753,-0.18170929,-0.19755594,-0.25103784,-0.20219928,-0.19080228,-0.19147912,-0.1828064,-0.17407818,-0.27554205,-0.08916744,-0.11956477,-0.12831233,-0.15751183,-0.20931396,-0.18224281,-0.29657933,-0.32474133,-0.15329663,-0.3242122,-0.17325558,-0.17108874,-0.2185038,-0.17647925,-0.114121355,-0.14011988,-0.15388772,-0.15788373,-0.22984435,-0.18186735,-0.25302273,-0.10437929,-0.12455491,-0.13893099,-0.124466956,-0.15189947,-0.15554462,-0.15687156,-0.14014931,-0.15141064,-0.16367942,-0.15561709,-0.15395316,-0.15342893,-0.13399455,-0.12330823,-0.1466459,-0.19069754,-0.17726198,-0.21025829,-0.3990198,-0.20136228,-0.11356461,-0.1296617,-0.1185025,-0.1483605,-0.16636807,-0.18741071,-0.1921486,-0.13203534,-0.07647841,-0.1536217,-0.1401341,-0.14106366,-0.11858572,-0.19987361,-0.1649412,-0.15907067,-0.14168699,-0.12376149,-0.12722544,-0.14610182,-0.2588673,-0.107336074,-0.13074079,-0.09132757,-0.12832497,-0.12951483,-0.15031439,-0.15242083,-0.09631863,-0.08910369,-0.12457535,-0.110600606,-0.1380709,-0.15127029,-0.1707821,-0.14338416,-0.116749845,-0.17443871,-0.15234445,-0.1426507,-0.12541074,-0.142539,-0.17466888,-0.13176009,-0.13254206,-0.14610827,-0.12308769,-0.08722703,-0.05825615,-0.14391267,-0.17082691,-0.026243303,-0.16713287,-0.2829064,-0.31316653,-0.19794554,-0.14595276,-0.14331596,-0.14862512,-0.12963767,-0.25088155,-0.19382222,-0.18914352,-0.09474505,-0.10939812,-0.10702289,-0.09361568,-0.12759323,-0.1534755,-0.15746465,-0.16725083,-0.12812386,-0.0969081,-0.16398169,-0.14418866,-0.11335766,-0.18846886,-0.1706479,-0.15414537,-0.12603521,-0.115196005,-0.11290239,-0.11662802,-0.17665637,-0.13873798,-0.13453844,-0.096878245,-0.121059954,-0.091744974,-0.12434345,-0.13653424,-0.063823454,-0.13877153,-0.11419349,-0.13403797,-0.24483351,-0.2571875,-0.29957527,-0.14639018,-0.15698305,-0.13238478,-0.19104545,-0.0782174,-0.17273161,-0.16478938,-0.09859173,-0.11065883,-0.1152839,-0.076612435,-0.083404,-0.1213824,-0.13072303,-0.13855581,-0.19385117,-0.098851204,-0.15621561,-0.19487974,-0.19154973,-0.18728322,-0.11144887,-0.1433342,-0.103150524,-0.15985876,-0.1940306,-0.17327586,-0.16957477,-0.14308703,-0.14263433,-0.101605564,-0.15367137,-0.16182029,-0.18136537,-0.19515294,-0.12142947,-0.14778055,-0.114207156,-0.080054946,-0.14324091,-0.20725825,-0.1613744,-0.125103,-0.15657571,-0.15690626,-0.1438161,-0.19202894,-0.16312155,-0.18275383,-0.2963242,-0.19705881,-0.18141928,-0.17182475,-0.19298725,-0.15775417,-0.14054683,-0.130563,-0.12557748,-0.13877983,-0.16349104,-0.30584824,-0.16747709,-0.18168771,-0.19295734,-0.11441202,-0.15115632,-0.14075005,-0.17845783,-0.16732842,-0.16496772,-0.14331086,-0.18237996,-0.12852065,-0.15361327,-0.13742948,-0.24156228,-0.18000594,-0.10320473,-0.13547969,-0.1422132,-0.17499973,-0.11040144,-0.1349448,-0.15292257,-0.1601525,-0.18212098,-0.15452972,-0.14940509,-0.19184028,-0.17585234,-0.16483614,-0.14723541,-0.14623587,-0.11499533,-0.10471026,-0.13525262,-0.20148799,-0.17770334,-0.12513243,-0.16596907,-0.18041904,-0.18738703,-0.11705899,-0.17723517,-0.25824964,-0.09249521,-0.09223713,-0.11486623,-0.13616553,-0.148176,-0.09839299,-0.1896751
k__Bacteria|p__Proteobacteria|c__Gammaproteobacteria|o__Moraxellales|f__Moraxellaceae|g__Acinetobacter|s__Acinetobacter_guillouiae,-0.1004395,-0.12316422,-0.1414755,-0.20428483,-0.16675086,-0.19368757,-0.1666669,-0.14513236,-0.12423854,-0.18377139,-0.18283564,-0.23625174,-0.16905166,-0.20965576,-0.10317087,-0.100153826,-0.058144663,-0.100079715,-0.107583836,-0.1706618,-0.1978925,-0.12536043,-0.13623816,-0.15236473,-0.17180578,-0.11658599,-0.16693202,-0.17408636,-0.1509206,-0.12124001,-0.13469777,-0.105654374,-0.14807445,-0.19666782,-0.1895032,-0.2175087,-0.16042174,-0.22338755,-0.19775626,-0.29867563,-0.29210672,-0.19913203,-0.10735243,-0.09162698,-0.13691942,-0.15488508,-0.23188588,-0.19392142,-0.14649037,-0.2026537,-0.18272564,-0.18279888,-0.19836563,-0.20031945,-0.2070051,-0.15811053,-0.12577504,-0.14395665,-0.09196243,-0.09564838,-0.17125854,-0.1422137,-0.13743341,-0.14693728,-0.12719077,-0.15075195,-0.2613474,-0.22333384,-0.18878624,-0.20047067,-0.1459361,-0.14924641,-0.13091719,-0.14299989,-0.15119097,-0.16440745,-0.14653295,-0.16278498,-0.15923801,-0.14998752,-0.14693104,-0.15702257,-0.15309595,-0.22480208,-0.120334074,-0.14136198,-0.11823937,-0.16105092,-0.17421064,-0.15545918,-0.16806036,-0.11139822,-0.1388583,-0.13027036,-0.12834,-0.15152657,-0.14166358,-0.11539088,-0.10065024,-0.090335,-0.10550116,-0.12062536,-0.13495925,-0.15027548,-0.1602807,-0.1185138,-0.11129953,-0.1578567,-0.17738779,-0.13432208,-0.16347937,-0.25953975,-0.14850935,-0.13242546,-0.14182657,-0.15095688,-0.17780018,-0.1632266,-0.22917573,-0.09015879,-0.10960478,-0.13454363,-0.12982765,-0.13997786,-0.17352802,-0.13908121,-0.16057305,-0.12777606,-0.07092635,-0.03704006,-0.13691467,-0.16191047,-0.17892754,-0.14332479,-0.12334781,-0.1352357,-0.12023825,-0.13830844,-0.25318068,-0.26654312,-0.083402716,-0.10945694,-0.14458062,-0.09238048,-0.18749073,-0.19054775,-0.15294608,-0.0902099,-0.13230102,-0.14926961,-0.15029079,-0.15914613,-0.17057727,-0.18397346,-0.08779129,-0.12406747,-0.1416215,-0.10256614,-0.17951453,-0.19495486,-0.19180836,-0.099959984,-0.13113372,-0.08038792,-0.12763198,-0.19006202,-0.19384754,-0.19192366,-0.12343232,-0.07524654,-0.09728293,-0.118552245,-0.13645378,-0.12406494,-0.121451,-0.094749145,-0.0966385,-0.10844286,-0.082459606,-0.11287491,-0.13201372,-0.16718504,-0.1410757,-0.13595545,-0.18093297,-0.17825818,-0.19476286,-0.1445775,-0.15549555,-0.1355598,-0.119081676,-0.14001076,-0.19117098,-0.19189794,-0.18155074,-0.19755594,-0.25103784,-0.20219928,-0.18946673,-0.19094285,-0.18253532,-0.1737142,-0.27554205,-0.08916744,-0.11956477,-0.12704521,-0.15751183,-0.20931396,-0.18224281,-0.29657933,-0.32474133,-0.15044947,-0.3242122,-0.17325558,-0.17108874,-0.2185038,-0.17647925,-0.114121355,-0.13955325,-0.15388772,-0.15788373,-0.22984435,-0.18186735,-0.26150653,-0.10438757,-0.12455491,-0.1382016,-0.12392785,-0.15189947,-0.15507108,-0.15624762,-0.14014931,-0.15141064,-0.16319406,-0.15503767,-0.15347958,-0.15292424,-0.1340338,-0.12270408,-0.14585432,-0.19063781,-0.17700861,-0.21025829,-0.3990198,-0.20436165,-0.11334792,-0.1296617,-0.118826285,-0.14760989,-0.16636807,-0.18669614,-0.1915876,-0.13121991,-0.07652217,-0.15305091,-0.13943723,-0.14106366,-0.11759831,-0.19987361,-0.1649412,-0.15807739,-0.14150837,-0.12350285,-0.12722544,-0.14610182,-0.2588673,-0.107129365,-0.13074079,-0.09132757,-0.12832497,-0.12906107,-0.14925173,-0.15187116,-0.09633364,-0.08910369,-0.1242449,-0.11033435,-0.13775733,-0.15043435,-0.1706366,-0.14271532,-0.115747444,-0.17392543,-0.15150742,-0.14239234,-0.12534657,-0.1419551,-0.17466888,-0.13176009,-0.1320357,-0.14571688,-0.12305685,-0.08722703,-0.05825615,-0.1432352,-0.17082691,-0.026243303,-0.1662207,-0.2829064,-0.31316653,-0.19911267,-0.14563093,-0.14331596,-0.14862512,-0.12963767,-0.25088155,-0.19463612,-0.18871276,-0.094269976,-0.10939019,-0.10702289,-0.09429234,-0.12759323,-0.15241739,-0.15746465,-0.16732192,-0.12812386,-0.0969081,-0.16398169,-0.14374697,-0.11335766,-0.18846886,-0.1706479,-0.15384576,-0.12575759,-0.115196005,-0.11303057,-0.11662802,-0.17611018,-0.13852957,-0.13462836,-0.096878245,-0.121326745,-0.09165195,-0.12434345,-0.1354365,-0.063823454,-0.13877153,-0.11419349,-0.13358721,-0.24483351,-0.2571875,-0.29957527,-0.1462613,-0.1568737,-0.13215491,-0.19104545,-0.0782174,-0.1725282,-0.16442877,-0.09859173,-0.11065883,-0.114101656,-0.076612435,-0.083404,-0.1213824,-0.13072303,-0.13855581,-0.19385117,-0.09943786,-0.15529463,-0.19487974,-0.19094044,-0.1871938,-0.11101837,-0.14296031,-0.102817796,-0.15943179,-0.19446495,-0.17345393,-0.16882005,-0.14270909,-0.1427213,-0.10152693,-0.15308347,-0.16150624,-0.1807315,-0.19571829,-0.12107529,-0.14735672,-0.11321993,-0.07976607,-0.14298907,-0.20725825,-0.1606603,-0.125103,-0.15657571,-0.15690626,-0.1433939,-0.19202894,-0.1622189,-0.1819741,-0.2963242,-0.198427,-0.18100423,-0.17151964,-0.1933471,-0.1573917,-0.14054683,-0.13020429,-0.12557748,-0.13793361,-0.16328302,-0.30584824,-0.16623962,-0.18134183,-0.1926957,-0.11441202,-0.15032303,-0.14044002,-0.17792737,-0.16691965,-0.1645585,-0.14331086,-0.18237996,-0.12787083,-0.15322529,-0.1374229,-0.24156228,-0.17906708,-0.10325031,-0.13488752,-0.14207679,-0.17457455,-0.10999665,-0.13421333,-0.15242733,-0.1603306,-0.18170942,-0.15448292,-0.14913085,-0.19184028,-0.1751044,-0.16424164,-0.14723541,-0.14623587,-0.11499533,-0.10471026,-0.13481581,-0.20148799,-0.17704868,-0.12513243,-0.165454,-0.18041904,-0.18738703,-0.11705899,-0.17688334,-0.26114058,-0.09253422,-0.09222101,-0.11449985,-0.13609342,-0.148153,-0.098240405,-0.18918706
k__Bacteria|p__Proteobacteria|c__Gammaproteobacteria|o__Pasteurellales|f__Pasteurellaceae|g__Haemophilus|s__Haemophilus_pittmaniae,-0.1004395,-0.12316422,-0.14127573,-0.20428483,-0.16715166,-0.19342205,-0.1666669,-0.14515533,-0.1251193,-0.18413919,-0.18286276,-0.21653268,-0.17039812,-0.2003691,-0.10257885,-0.09829603,-0.058144663,-0.09927797,-0.10759271,-0.17107022,-0.1978925,-0.12536043,-0.13653754,-0.15272349,-0.17154038,-0.11658599,-0.16810988,-0.17423636,-0.1509206,-0.12124001,-0.13543653,-0.105024695,-0.1485779,-0.19486576,-0.18921566,-0.2175087,-0.16113888,-0.22338755,-0.19688857,-0.29867563,-0.29210672,-0.19707449,-0.10666603,-0.09162698,-0.13691942,-0.15519106,-0.23188588,-0.19386211,-0.14650255,-0.2026537,-0.18429507,-0.18279888,-0.19641839,-0.19694723,-0.20026019,-0.15817888,-0.12554611,-0.14368019,-0.09213902,-0.09528968,-0.17154594,-0.14266145,-0.13743341,-0.14700189,-0.12719077,-0.1517089,-0.2613474,-0.22333384,-0.1888395,-0.20047067,-0.14566013,-0.14941488,-0.13045666,-0.14257936,-0.15073034,-0.1642172,-0.14710432,-0.16278498,-0.1594937,-0.14998752,-0.14776388,-0.15708418,-0.15347262,-0.22480208,-0.120334074,-0.14169466,-0.11820735,-0.16114157,-0.17420869,-0.15578973,-0.16870847,-0.11139822,-0.1388583,-0.13027036,-0.12880193,-0.15152657,-0.14324778,-0.115602255,-0.10065024,-0.09002228,-0.10505648,-0.12011817,-0.13493341,-0.15027548,-0.16073771,-0.1185138,-0.11129953,-0.1578567,-0.17738779,-0.13335091,-0.16425695,-0.25953975,-0.14888218,-0.13256839,-0.14143117,-0.15095688,-0.17780018,-0.16345513,-0.22917573,-0.09015879,-0.11043031,-0.134731,-0.12946825,-0.13997786,-0.17391972,-0.13908121,-0.16057305,-0.12777606,-0.07092635,-0.03704006,-0.13702501,-0.16233064,-0.17933586,-0.14332479,-0.12334781,-0.13599022,-0.12023825,-0.13842198,-0.25318068,-0.26654312,-0.08310692,-0.10945694,-0.14456952,-0.09238048,-0.1881798,-0.19012895,-0.15306331,-0.089892,-0.13230102,-0.14981669,-0.15032987,-0.15899613,-0.17066774,-0.1841076,-0.08738442,-0.12348227,-0.14090523,-0.10256614,-0.17951453,-0.19495486,-0.19105908,-0.099855855,-0.13113372,-0.07836394,-0.12780488,-0.19006202,-0.19310519,-0.19172297,-0.12348418,-0.07484286,-0.09658484,-0.1181287,-0.13655528,-0.12406494,-0.121451,-0.09392147,-0.09607251,-0.10815895,-0.082459606,-0.11241832,-0.13226786,-0.16731247,-0.1410757,-0.13657278,-0.18093297,-0.17825818,-0.19378534,-0.14459187,-0.15549555,-0.13538747,-0.119081676,-0.14001076,-0.19117098,-0.1906437,-0.18142045,-0.19755594,-0.25103784,-0.20219928,-0.19065014,-0.19127885,-0.18265508,-0.17382297,-0.27554205,-0.08916744,-0.11956477,-0.12818673,-0.15751183,-0.20931396,-0.18224281,-0.29657933,-0.32474133,-0.15461963,-0.3242122,-0.17325558,-0.17108874,-0.2185038,-0.17647925,2.7772586,-0.140046,-0.15388772,-0.15788373,-0.22984435,-0.18186735,-0.25090706,-0.104023986,-0.12455491,-0.13869242,-0.12420681,-0.15189947,-0.1551047,-0.15642071,-0.14014931,-0.15141064,-0.163344,-0.15554753,-0.15366474,-0.15317693,-0.13377506,-0.12326627,-0.14667892,-0.19061193,-0.17667675,-0.21025829,-0.3990198,-0.20046166,-0.113176346,-0.1296617,-0.117861696,-0.14832848,-0.16636807,-0.18690458,-0.19181705,-0.13190754,-0.076140516,-0.1532224,-0.13998881,-0.14106366,-0.118309304,-0.19987361,-0.1649412,-0.15903026,-0.1413756,-0.12355531,-0.12722544,-0.14610182,-0.2588673,-0.10700852,-0.13074079,-0.09132757,-0.12832497,-0.12933952,-0.1501623,-0.15211006,-0.09587077,-0.08910369,-0.12421451,-0.11032118,-0.13791737,-0.15100487,-0.17052402,-0.14304459,-0.116720855,-0.17414343,-0.15202498,-0.14250822,-0.12504676,-0.14241588,-0.17466888,-0.13176009,-0.13233258,-0.14581522,-0.12268841,-0.08722703,-0.05825615,-0.14357933,-0.17082691,-0.026243303,-0.16662577,-0.2829064,-0.31316653,-0.1969923,-0.14577425,-0.14331596,-0.14862512,-0.12963767,-0.25088155,-0.19325656,-0.18873598,-0.09450078,-0.109036796,-0.10702289,-0.093127094,-0.12759323,-0.15334475,-0.15746465,-0.16703814,-0.12812386,-0.0969081,-0.16398169,-0.14388695,-0.11335766,-0.18846886,-0.1706479,-0.15410832,-0.12571052,-0.115196005,-0.112694524,-0.11662802,-0.17628476,-0.13839617,-0.13411914,-0.096878245,-0.120593175,-0.09142104,-0.12434345,-0.13645461,-0.063823454,-0.13877153,-0.11419349,-0.1339269,-0.24483351,-0.2571875,-0.29957527,-0.14606582,-0.15681663,-0.13198528,-0.19104545,-0.0782174,-0.17204118,-0.16471422,-0.09859173,-0.11065883,-0.11504368,-0.076612435,-0.083404,-0.1213824,-0.13072303,-0.13855581,-0.19385117,-0.09842126,-0.15594369,-0.19487974,-0.19125623,-0.18700731,-0.11112056,-0.14315926,-0.10267501,-0.15946552,-0.19369552,-0.17263646,-0.16946718,-0.14278618,-0.14231035,-0.10140671,-0.15342902,-0.16172126,-0.18113823,-0.19473201,-0.1210824,-0.14734331,-0.11383838,-0.07975549,-0.14295758,-0.20725825,-0.16098055,-0.125103,-0.15657571,-0.15690626,-0.143594,-0.19202894,-0.16291238,-0.1825264,-0.2963242,-0.19635075,-0.18132159,-0.17171147,-0.19254941,-0.15747093,-0.14054683,-0.13020608,-0.12557748,-0.1382824,-0.16374922,-0.30584824,-0.1670877,-0.18139489,-0.19285163,-0.11441202,-0.150971,-0.14063987,-0.17824149,-0.16702709,-0.1648314,-0.14331086,-0.18237996,-0.12826301,-0.15363795,-0.13721281,-0.24156228,-0.17963953,-0.10290185,-0.1354294,-0.14188635,-0.17453307,-0.11032073,-0.13464421,-0.15268265,-0.15982598,-0.1818884,-0.15419427,-0.1490713,-0.19184028,-0.17555003,-0.16456074,-0.14723541,-0.14623587,-0.11499533,-0.10471026,-0.13510807,-0.20148799,-0.17739435,-0.12513243,-0.16609493,-0.18041904,-0.18738703,-0.11705899,-0.17687999,-0.25691548,-0.09200713,-0.09192866,-0.1145612,-0.13586286,-0.14787352,-0.098196894,-0.18931477
k__Bacteria|p__Proteobacteria|c__Betaproteobacteria|o__Neisseriales|f__Neisseriaceae|g__Neisseria|s__Neisseria_cinerea,-0.1004395,-0.12316422,-0.14188194,-0.20428483,-0.16672963,-0.19265148,-0.1666669,-0.14447659,-0.12511745,-0.18241861,-0.18291411,-0.22526632,-0.16936418,-0.20405447,-0.10332805,-0.09956442,-0.058144663,-0.09938168,-0.10799355,-0.17004107,-0.1978925,-0.12536043,-0.13583189,-0.15144253,-0.17089927,-0.11658599,-0.1669091,-0.17276691,-0.1509206,-0.12124001,-0.13481128,-0.10624392,-0.14797997,-0.19513074,-0.1882323,-0.2175087,-0.16071016,-0.22338755,-0.1967423,-0.29867563,-0.29210672,-0.19727296,-0.10714786,-0.09162698,-0.13691942,-0.15475959,-0.23188588,-0.19319685,-0.14615695,-0.2026537,-0.18348712,-0.18279888,-0.1966864,-0.19783774,-0.20259628,-0.156356,-0.12550178,-0.14330655,-0.09211275,-0.095834434,-0.17042485,-0.14167127,-0.13743341,-0.14648248,-0.12719077,-0.1509527,-0.2613474,-0.22333384,-0.18801066,-0.20047067,-0.14498457,-0.14873327,-0.13059548,-0.14238271,-0.14962745,-0.16291708,-0.14575775,-0.16278498,-0.15919301,-0.14998752,-0.14674115,-0.15678474,-0.15262718,-0.22480208,-0.120334074,-0.14114676,-0.11832832,-0.15999264,-0.17302807,-0.15542662,-0.16731697,-0.11139822,-0.1388583,-0.13027036,-0.1282661,-0.15152657,-0.14226535,-0.11522345,-0.10065024,-0.09089461,-0.105469935,-0.12028968,-0.13469228,-0.15027548,-0.15955533,-0.1185138,-0.11129953,-0.1578567,-0.17738779,-0.13294637,-0.1638816,-0.25953975,-0.14830329,-0.13267957,-0.14147532,-0.15095688,-0.17780018,-0.16354167,-0.22917573,-0.09015879,-0.11016275,-0.13446876,-0.12944181,-0.13997786,-0.17330694,-0.13908121,-0.16057305,-0.12777606,-0.07092635,-0.03704006,-0.13704309,-0.1613973,-0.1779032,-0.14332479,-0.12334781,-0.13558578,-0.12023825,-0.13793114,-0.25318068,-0.26654312,-0.08382867,-0.10945694,-0.14373948,-0.09238048,-0.18705773,-0.18972236,-0.1529675,-0.09058602,-0.13230102,-0.14918096,-0.14996311,-0.15837999,-0.1699369,-0.18238589,-0.08843121,-0.12338677,-0.14058444,-0.10256614,-0.17951453,-0.19495486,-0.19002338,-0.10019305,-0.13113372,-0.08005044,-0.12778884,-0.19006202,-0.19256273,-0.1908773,-0.12278089,-0.07601547,-0.097289234,-0.11859256,-0.13625367,-0.12406494,-0.121451,-0.094712585,-0.09702445,-0.108583234,-0.082459606,-0.112877235,-0.13200286,-0.16607957,-0.1410757,-0.13631266,-0.18093297,-0.17825818,-0.19366714,-0.144505,-0.15549555,-0.13496977,-0.119081676,-0.14001076,-0.19117098,-0.19071215,-0.18082765,-0.19755594,-0.25103784,-0.20219928,-0.18959887,-0.19071138,-0.18197721,-0.17374007,-0.27554205,-0.08916744,-0.11956477,-0.12805659,-0.15751183,-0.20931396,-0.18224281,-0.29657933,-0.32474133,-0.15431587,-0.3242122,-0.17325558,-0.17108874,-0.2185038,-0.17647925,-0.114121355,-0.13992888,-0.15388772,-0.15788373,-0.22984435,-0.18186735,-0.25669354,-0.10450603,-0.12455491,-0.13819778,-0.1239671,-0.15189947,-0.15426376,-0.15522002,-0.14014931,-0.15141064,-0.16201526,-0.15486568,-0.15284279,-0.15281487,-0.13384973,-0.12290914,-0.1459615,-0.18899971,-0.17636839,-0.21025829,-0.3990198,-0.20243622,-0.11338426,-0.1296617,-0.11825034,-0.14751625,-0.16636807,-0.18532468,-0.19086173,-0.13148165,-0.0772959,-0.15228364,-0.13960081,-0.14106366,-0.11732045,-0.19987361,-0.1649412,-0.15849976,-0.14138782,-0.123580895,-0.12722544,-0.14610182,-0.2588673,-0.10739374,-0.13074079,-0.09132757,-0.12832497,-0.12869233,-0.149461,-0.1509189,-0.09638,-0.08910369,-0.12408994,-0.11073818,-0.13759108,-0.15044668,-0.16946162,-0.14248568,-0.11642692,-0.17306054,-0.15149963,-0.14184782,-0.12560028,-0.14106381,-0.17466888,-0.13176009,-0.13194689,-0.14530924,-0.122789204,-0.08722703,-0.05825615,-0.14303373,-0.17082691,-0.026243303,-0.16653861,-0.2829064,-0.31316653,-0.19771507,-0.14516714,-0.14331596,-0.14862512,-0.12963767,-0.25088155,-0.1931512,-0.1874685,-0.09489456,-0.109155566,-0.10702289,-0.09354751,-0.12759323,-0.15252325,-0.15746465,-0.1663423,-0.12812386,-0.0969081,-0.16398169,-0.1427601,-0.11335766,-0.18846886,-0.1706479,-0.15351741,-0.12549078,-0.115196005,-0.11276612,-0.11662802,-0.17493302,-0.13799813,-0.13399205,-0.096878245,-0.12108478,-0.091863185,-0.12434345,-0.13527827,-0.063823454,-0.13877153,-0.11419349,-0.1336343,-0.24483351,-0.2571875,-0.29957527,-0.14573257,-0.15618585,-0.13197449,-0.19104545,-0.0782174,-0.17162591,-0.16357078,-0.09859173,-0.11065883,-0.11423457,-0.076612435,-0.083404,-0.1213824,-0.13072303,-0.13855581,-0.19385117,-0.099145636,-0.15514271,-0.19487974,-0.19049731,-0.18612066,-0.11120323,-0.142782,-0.1028643,-0.15809837,-0.1933355,-0.17126897,-0.16875748,-0.14244574,-0.14210245,-0.10232025,-0.15277265,-0.16104788,-0.18046683,-0.19447991,-0.120984145,-0.14661893,-0.11375101,-0.080359295,-0.1426777,-0.20725825,-0.16023159,-0.125103,-0.15657571,-0.15690626,-0.14341271,-0.19202894,-0.16208737,-0.18085697,-0.2963242,-0.19910806,-0.1809374,-0.17166206,-0.19265799,-0.15737893,-0.14054683,-0.130124,-0.12557748,-0.13806295,-0.16315222,-0.30584824,-0.16646454,-0.1802963,-0.19211233,-0.11441202,-0.1500267,-0.14041921,-0.17725164,-0.16627559,-0.1637382,-0.14331086,-0.18237996,-0.12839654,-0.15286133,-0.13744962,-0.24156228,-0.17933065,-0.103287846,-0.13521248,-0.14135706,-0.17346157,-0.11052248,-0.13443008,-0.15125945,-0.1591078,-0.18151854,-0.15320691,-0.14863375,-0.19184028,-0.1748837,-0.16298786,-0.14723541,-0.14623587,-0.11499533,-0.10471026,-0.13476783,-0.20148799,-0.17609015,-0.12513243,-0.16555963,-0.18041904,-0.18738703,-0.11705899,-0.17467788,-0.25909197,-0.09283591,-0.09245618,-0.114932775,-0.13563755,-0.14755061,-0.09889619,-0.18794695
k__Bacteria|p__Proteobacteria|c__Gammaproteobacteria|o__Moraxellales|f__Moraxellaceae|g__Acinetobacter|s__Acinetobacter_baumannii,-0.1004395,-0.12316422,-0.14182122,-0.20428483,-0.16717935,-0.19410065,-0.1666669,-0.14530912,-0.1250728,-0.18400775,-0.18390486,-0.22704342,-0.16990674,-0.20570222,-0.10312477,-0.099173635,-0.058144663,-0.09954178,-0.10760531,-0.17124197,-0.1978925,-0.12536043,-0.13644564,-0.15261889,-0.17194234,-0.11658599,-0.16771975,-0.17441246,-0.1509206,-0.12124001,-0.13524288,-0.10561943,-0.14853618,-0.19645493,-0.18976997,-0.2175087,-0.16107208,-0.22338755,-0.19783905,-0.29867563,-0.29210672,-0.1989767,-0.10716414,-0.09162698,-0.13691942,-0.1552135,-0.23188588,-0.1943218,-0.1468336,-0.2026537,-0.18417469,-0.18279888,-0.19796216,-0.19925186,-0.20446649,-0.1581914,-0.12580799,-0.1440359,-0.09199534,-0.09546256,-0.17162855,-0.14261632,-0.13743341,-0.14718488,-0.12719077,-0.15150943,-0.2613474,-0.22333384,-0.1893509,-0.20047067,-0.14595267,-0.14950885,-0.13084835,-0.14295733,-0.15106493,-0.16445807,-0.14696178,-0.16278498,-0.15962738,-0.14998752,-0.14738724,-0.15734178,-0.15351744,-0.22480208,-0.120334074,-0.14169061,-0.11829255,-0.16129592,-0.17449817,-0.15593666,-0.16857688,-0.11139822,-0.1388583,-0.13027036,-0.1287645,-0.15152657,-0.1427173,-0.11552851,-0.10065024,-0.090277456,-0.105396755,-0.120551996,-0.13511567,-0.15027548,-0.16068444,-0.1185138,-0.11129953,-0.1578567,-0.17738779,-0.13388,-0.1643183,-0.25953975,-0.14890864,-0.13273332,-0.14184251,-0.15095688,-0.17780018,-0.16398588,-0.22917573,-0.09015879,-0.110029355,-0.13487118,-0.12980258,-0.13997786,-0.17413765,-0.13908121,-0.16057305,-0.12777606,-0.07092635,-0.03704006,-0.13724598,-0.16243549,-0.17936513,-0.14332479,-0.12334781,-0.13589141,-0.12023825,-0.13841264,-0.25318068,-0.26654312,-0.08319472,-0.10945694,-0.14475264,-0.09238048,-0.18818733,-0.19080272,-0.15318145,-0.09002979,-0.13230102,-0.14976609,-0.15055294,-0.1592516,-0.17093632,-0.18426701,-0.08759837,-0.123891115,-0.14137578,-0.10256614,-0.17951453,-0.19495486,-0.19181359,-0.09999676,-0.13113372,-0.079437494,-0.12800792,-0.19006202,-0.19391184,-0.19225097,-0.12351349,-0.07502734,-0.09701754,-0.11856039,-0.13668926,-0.12406494,-0.121451,-0.094364315,-0.09655152,-0.10845928,-0.082459606,-0.11288987,-0.13242981,-0.16750535,-0.1410757,-0.13642418,-0.18093297,-0.17825818,-0.19478643,-0.14496745,-0.15549555,-0.1356427,-0.119081676,-0.14001076,-0.19117098,-0.191679,-0.18183702,-0.19755594,-0.25103784,-0.20219928,-0.19052815,-0.19156574,-0.18301183,-0.17427023,-0.27554205,-0.08916744,-0.11956477,-0.12789899,-0.15751183,-0.20931396,-0.18224281,-0.29657933,-0.32474133,-0.15287578,-0.3242122,-0.17325558,-0.17108874,-0.2185038,-0.17647925,-0.114121355,-0.14000204,-0.15388772,-0.15788373,-0.22984435,-0.18186735,-0.2581075,-0.10428709,-0.12455491,-0.13864732,-0.124205306,-0.15189947,-0.15532723,-0.1565449,-0.14014931,-0.15141064,-0.16343966,-0.15549906,-0.1537813,-0.15340519,-0.1340837,-0.12304911,-0.14652058,-0.19075677,-0.17755574,-0.21025829,-0.3990198,-0.20355205,-0.11343574,-0.1296617,-0.11862689,-0.14818302,-0.16636807,-0.18714891,-0.19220209,-0.1316885,-0.076346144,-0.15341198,-0.13988969,-0.14106366,-0.11805809,-0.19987361,-0.1649412,-0.15887842,-0.1417271,-0.12368439,-0.12722544,-0.14610182,-0.2588673,-0.10719921,-0.13074079,-0.09132757,-0.12832497,-0.12921527,-0.14996547,-0.15206018,-0.09613761,-0.08910369,-0.124395266,-0.110474825,-0.13797846,-0.15103267,-0.1707865,-0.14312917,-0.11631739,-0.17430973,-0.1521301,-0.14251938,-0.12547553,-0.14231092,-0.17466888,-0.13176009,-0.13233984,-0.14603908,-0.12300986,-0.08722703,-0.05825615,-0.14369678,-0.17082691,-0.026243303,-0.16701838,-0.2829064,-0.31316653,-0.1990236,-0.14586812,-0.14331596,-0.14862512,-0.12963767,-0.25088155,-0.19444153,-0.18912405,-0.094439805,-0.1092615,-0.10702289,-0.093710184,-0.12759323,-0.1532215,-0.15746465,-0.16745661,-0.12812386,-0.0969081,-0.16398169,-0.14384747,-0.11335766,-0.18846886,-0.1706479,-0.15414377,-0.1258258,-0.115196005,-0.11293759,-0.11662802,-0.17648284,-0.13864239,-0.13456678,-0.096878245,-0.12120466,-0.091532215,-0.12434345,-0.13595876,-0.063823454,-0.13877153,-0.11419349,-0.13385636,-0.24483351,-0.2571875,-0.29957527,-0.14641753,-0.15701851,-0.13234712,-0.19104545,-0.0782174,-0.17280954,-0.16468334,-0.09859173,3.2458375,-0.114614725,-0.076612435,-0.083404,-0.1213824,-0.13072303,-0.13855581,-0.19385117,-0.09889443,-0.15595849,-0.19487974,-0.19158162,-0.18745573,-0.11117935,-0.14314544,-0.10291895,-0.15959156,-0.1947039,-0.17339537,-0.16949974,-0.14298859,-0.14272863,-0.10164003,-0.15352538,-0.16185841,-0.1813859,-0.19578166,-0.12125303,-0.1476008,-0.11377669,-0.0797643,-0.14323716,-0.20725825,-0.16107586,-0.125103,-0.15657571,-0.15690626,-0.14380032,-0.19202894,-0.16287859,-0.18246228,-0.2963242,-0.19851631,-0.18162572,-0.17200865,-0.19348092,-0.15786257,-0.14054683,-0.1304251,-0.12557748,-0.13852558,-0.16350636,-0.30584824,-0.16705096,-0.18166438,-0.19319773,-0.11441202,-0.15085879,-0.14070505,-0.17839682,-0.16724849,-0.16488618,-0.14331086,-0.18237996,-0.12839955,-0.15360317,-0.13768134,-0.24156228,-0.17984553,-0.103066705,-0.13530207,-0.14211407,-0.17490835,-0.110191196,-0.13468906,-0.1526005,-0.16023813,-0.18218414,-0.15444249,-0.14936543,-0.19184028,-0.17574982,-0.16449544,-0.14723541,-0.14623587,-0.11499533,-0.10471026,-0.135176,-0.20148799,-0.17746122,-0.12513243,-0.16598277,-0.18041904,-0.18738703,-0.11705899,-0.17693475,-0.26059908,-0.09237361,-0.092063546,-0.1147295,-0.13618326,-0.14823852,-0.098343514,-0.1895859
k__Bacteria|p__Proteobacteria|c__Gammaproteobacteria|o__Enterobacterales|f__Enterobacteriaceae|g__Kluyvera|s__Kluyvera_genomosp_3,-0.1004395,-0.12316422,-0.14140347,-0.20428483,-0.16710077,-0.19360925,-0.1666669,-0.14493346,-0.12483789,-0.18332586,-0.18319936,-0.22366063,-0.16896428,-0.20447353,-0.10291978,-0.09883793,-0.058144663,-0.099326104,-0.10752815,-0.1708849,-0.1978925,-0.12536043,-0.13618025,-0.15233827,-0.17147061,-0.11658599,-0.16740201,-0.17397104,-0.1509206,-0.12124001,-0.13502097,-0.1054267,-0.1482408,-0.19555013,-0.1891574,-0.2175087,-0.16106871,-0.22338755,-0.19719061,-0.29867563,-0.29210672,-0.19825879,-0.107048176,-0.09162698,-0.13691942,-0.15481545,-0.23188588,-0.19379799,-0.14659473,-0.2026537,-0.18404277,-0.18279888,-0.19705018,-0.19804342,-0.2025283,-0.15742998,-0.12557405,-0.14371291,-0.09200396,-0.09534238,-0.17130494,-0.14232734,-0.13743341,-0.14686345,-0.12719077,-0.15121171,-0.2613474,-0.22333384,-0.1891269,-0.20047067,-0.14564002,-0.14917916,-0.13058412,-0.14252652,-0.15064903,-0.16400865,-0.14675248,-0.16278498,-0.15937234,-0.14998752,-0.14714268,-0.15698037,-0.15318389,-0.22480208,-0.120334074,-0.14138576,-0.11806139,-0.1609704,-0.17408162,-0.15558729,-0.16815844,-0.11139822,-0.1388583,-0.13027036,-0.12851813,-0.15152657,-0.1424985,-0.115195155,-0.10065024,-0.09004387,-0.10516408,-0.12033236,-0.13490072,-0.15027548,-0.16034433,-0.1185138,-0.11129953,-0.1578567,-0.17738779,-0.13347417,-0.1638818,-0.25953975,-0.14859022,-0.132452,-0.14135827,-0.15095688,-0.17780018,-0.16376087,-0.22917573,-0.09015879,-0.109869644,-0.1345838,-0.12941326,-0.13997786,-0.17367938,-0.13908121,-0.16057305,-0.12777606,-0.07092635,-0.03704006,-0.13693842,-0.16215564,-0.17883559,-0.14332479,-0.12334781,-0.13565677,-0.12023825,-0.1380591,-0.25318068,-0.26654312,-0.083238006,-0.10945694,-0.14441648,-0.09238048,-0.18772362,-0.19017805,-0.15269499,-0.090037726,-0.13230102,-0.14942732,-0.15016459,-0.15884246,-0.17052975,-0.18384245,-0.0876078,-0.123527646,-0.14112383,-0.10256614,-0.17951453,-0.19495486,-0.19116041,-0.09984424,-0.13113372,-0.07906343,-0.12760693,-0.19006202,-0.19337165,-0.19168499,-0.12332626,-0.07511655,-0.09687555,-0.11819291,-0.13630381,4.404873,-0.121451,-0.09422682,-0.09630189,-0.10824929,-0.082459606,-0.11252651,-0.13213357,-0.16708544,-0.1410757,-0.13615043,-0.18093297,-0.17825818,-0.19413328,-0.1446371,-0.15549555,-0.13529903,-0.119081676,-0.14001076,-0.19117098,-0.19114846,-0.18142709,-0.19755594,-0.25103784,-0.20219928,-0.19031331,-0.19106844,-0.18241884,-0.17387941,-0.27554205,-0.08916744,-0.11956477,-0.12771645,-0.15751183,-0.20931396,-0.18224281,-0.29657933,-0.32474133,-0.15208149,-0.3242122,-0.17325558,-0.17108874,-0.2185038,-0.17647925,-0.114121355,-0.13973552,-0.15388772,-0.15788373,-0.22984435,-0.18186735,-0.25545543,-0.10415422,-0.12455491,-0.13833268,-0.12397419,-0.15189947,-0.15501359,-0.15621945,-0.14014931,-0.15141064,-0.16309032,-0.15523177,-0.1534683,-0.15300769,-0.13366354,-0.122836836,-0.14619613,-0.19013992,-0.177012,-0.21025829,-0.3990198,-0.20175998,-0.113214955,-0.1296617,-0.118226185,-0.14775452,-0.16636807,-0.18669598,-0.19170383,-0.13149884,-0.07639177,-0.15304005,-0.13967776,-0.14106366,-0.11780016,-0.19987361,-0.1649412,-0.1586483,-0.14136702,-0.123331405,-0.12722544,-0.14610182,-0.2588673,-0.10705609,-0.13074079,-0.09132757,-0.12832497,-0.12896833,-0.1497423,-0.15174787,-0.09602925,-0.08910369,-0.12411464,-0.11031853,-0.1376971,-0.15074116,-0.17031014,-0.14285624,-0.116222754,-0.17385554,-0.15178917,-0.1421949,-0.12518069,-0.14191581,-0.17466888,-0.13176009,-0.13213795,-0.14559907,-0.12269098,-0.08722703,-0.05825615,-0.14330068,-0.17082691,-0.026243303,-0.16674124,-0.2829064,-0.31316653,-0.19786093,-0.14556485,-0.14331596,-0.14862512,-0.12963767,-0.25088155,-0.19390215,-0.18867694,-0.09436475,-0.10906734,-0.10702289,-0.093350954,-0.12759323,-0.15282446,-0.15746465,-0.1669113,-0.12812386,-0.0969081,-0.16398169,-0.14357889,-0.11335766,-0.18846886,-0.1706479,-0.153869,-0.12562287,-0.115196005,-0.11263021,-0.11662802,-0.1759987,-0.13833497,-0.13424695,-0.096878245,-0.12080678,-0.09141442,-0.12434345,-0.13571358,-0.063823454,-0.13877153,-0.11419349,-0.13358425,-0.24483351,-0.2571875,-0.29957527,-0.1461089,-0.15661651,-0.13205126,-0.19104545,-0.0782174,-0.17239949,-0.16412936,-0.09859173,-0.11065883,-0.114463024,-0.076612435,-0.083404,-0.1213824,-0.13072303,-0.13855581,-0.19385117,-0.09890124,-0.15568736,-0.19487974,-0.19114071,-0.1868664,-0.11107874,-0.14288908,-0.10283778,-0.15922609,-0.1940511,-0.1727467,-0.16911812,-0.14269926,-0.14235473,-0.10149018,-0.15309633,-0.16138546,-0.18089002,-0.1950004,-0.12107821,-0.14718956,-0.113631144,-0.07972363,-0.14282234,-0.20725825,-0.16093329,-0.125103,-0.15657571,-0.15690626,-0.14351568,-0.19202894,-0.16265132,-0.18206495,-0.2963242,-0.19793774,-0.18081251,-0.17144547,-0.19291371,-0.157283,-0.14054683,-0.1302289,-0.12557748,-0.13826583,-0.16337469,-0.30584824,-0.16683044,-0.18113145,-0.19265749,-0.11441202,-0.15044624,-0.1404368,-0.17799947,-0.16683346,-0.16449961,-0.14331086,-0.18237996,-0.12827265,-0.1532205,-0.1371639,-0.24156228,-0.17965971,-0.10297491,-0.13507888,-0.14176917,-0.17449263,-0.1101315,-0.13444757,-0.15218899,-0.159822,-0.18182229,-0.15406704,-0.14911754,-0.19184028,-0.17552684,-0.16410689,-0.14723541,-0.14623587,-0.11499533,-0.10471026,-0.13482521,-0.20148799,-0.17719173,-0.12513243,-0.16571516,-0.18041904,-0.18738703,-0.11705899,-0.17632435,-0.25905466,-0.09229018,-0.091948345,-0.11457339,-0.13577607,-0.14783709,-0.09823082,-0.18910941
k__Bacteria|p__Proteobacteria|c__Gammaproteobacteria|o__Enterobacterales|f__Enterobacteriaceae|g__Atlantibacter|s__Atlantibacter_subterranea,-0.1004395,-0.12316422,-0.1420006,-0.20428483,-0.1669106,-0.19373743,-0.1666669,-0.14515346,-0.12522855,-0.18382347,-0.18337774,-0.2296088,-0.17018983,-0.20580828,-0.10324623,-0.09969415,-0.058144663,-0.09960084,-0.10788171,-0.1708382,-0.1978925,-0.12536043,-0.13626207,-0.15220563,-0.17162651,-0.11658599,-0.16741073,-0.17392088,-0.1509206,-0.12124001,-0.13518561,-0.105968975,-0.14853162,-0.1961618,-0.18941899,-0.2175087,-0.1609344,-0.22338755,-0.19772586,-0.29867563,-0.29210672,-0.19859783,-0.10721049,-0.09162698,-0.13691942,-0.15513737,-0.23188588,-0.19385877,-0.14680853,-0.2026537,-0.18373638,-0.18279888,-0.19794273,-0.19944233,-0.20489237,-0.1576393,-0.12578733,-0.14380345,-0.09203341,-0.09570303,-0.17118591,-0.1421711,-0.13743341,-0.14699244,-0.12719077,-0.15139082,-0.2613474,-0.22333384,-0.18871531,-0.20047067,-0.1456328,-0.14927329,-0.13096899,-0.1428522,-0.15050635,-0.16383658,-0.14660572,-0.16278498,-0.15949753,-0.14998752,-0.14717612,-0.15725218,-0.15325207,-0.22480208,-0.120334074,-0.14156348,-0.118424624,-0.16071078,-0.17401986,-0.15589546,-0.16827485,-0.11139822,-0.1388583,-0.13027036,-0.12861429,-0.15152657,-0.14253077,-0.115628585,-0.10065024,-0.090637326,-0.10547538,-0.12047815,-0.13496785,-0.15027548,-0.16035569,-0.1185138,-0.11129953,-0.1578567,-0.17738779,-0.13386996,-0.1645091,-0.25953975,-0.14880791,-0.1329126,-0.14194229,-0.15095688,-0.17780018,-0.16380593,-0.22917573,-0.09015879,-0.110209435,-0.13481382,-0.12984222,-0.13997786,-0.17389625,-0.13908121,-0.16057305,-0.12777606,-0.07092635,-0.03704006,-0.13717785,-0.16204068,-0.17897007,-0.14332479,-0.12334781,-0.13578784,-0.12023825,-0.1383707,-0.25318068,-0.26654312,-0.08346256,-0.10945694,-0.14444834,-0.09238048,-0.18789315,-0.19053057,-0.15340962,-0.090292424,-0.13230102,-0.1496521,-0.15045309,-0.15907091,-0.17062968,-0.18358111,-0.08794305,-0.12385938,-0.14117481,-0.10256614,-0.17951453,-0.19495486,-0.19133656,-0.100210674,-0.13113372,-0.08001913,-0.12797952,-0.19006202,-0.19349965,-0.19193052,-0.12326581,-0.07531631,-0.097228676,-0.11874628,-0.13664505,-0.12406494,-0.121451,-0.0946418,-0.0968301,-0.108617306,-0.082459606,-0.1129798,-0.13219196,-0.16701894,-0.1410757,-0.13655919,-0.18093297,-0.17825818,-0.19457635,-0.14487553,-0.15549555,-0.1355565,-0.119081676,-0.14001076,-0.19117098,-0.1915042,-0.18172932,-0.19755594,-0.25103784,-0.20219928,-0.1902472,-0.19140553,-0.18287987,-0.17428619,-0.27554205,-0.08916744,-0.11956477,-0.12804104,-0.15751183,-0.20931396,-0.18224281,-0.29657933,-0.32474133,-0.1542652,-0.3242122,-0.17325558,-0.17108874,-0.2185038,-0.17647925,-0.114121355,-0.14009908,-0.15388772,-0.15788373,-0.22984435,-0.18186735,-0.25951067,-0.10447406,-0.12455491,-0.13855514,-0.12420601,-0.15189947,-0.15475705,-0.15611905,-0.14014931,-0.15141064,-0.16291705,-0.15527879,-0.15353289,-0.15331158,-0.1342928,-0.12313874,-0.14647797,-0.19033864,-0.17724529,-0.21025829,-0.3990198,-0.20449215,-0.1135101,-0.1296617,-0.118623346,-0.14806554,-0.16636807,-0.18644166,-0.19183365,-0.13176948,-0.0766898,-0.1530256,-0.13984889,-0.14106366,-0.11791714,-0.19987361,-0.1649412,-0.15879461,-0.14186588,-0.123736076,-0.12722544,-0.14610182,-0.2588673,-0.107408434,-0.13074079,-0.09132757,-0.12832497,-0.12913334,-0.14969367,-0.1517067,-0.09631091,-0.08910369,-0.12438581,-0.11057246,-0.13799146,-0.15082249,-0.17045447,-0.14295606,-0.116469786,-0.17388411,-0.15194057,-0.14239228,-0.12554824,-0.14206082,-0.17466888,-0.13176009,-0.13234219,-0.14576074,-0.12303287,-0.08722703,-0.05825615,-0.14348756,-0.17082691,-0.026243303,-0.16699345,-0.2829064,-0.31316653,-0.19927102,-0.14570111,-0.14331596,-0.14862512,-0.12963767,-0.25088155,-0.19403964,-0.18865171,-0.09465392,-0.10932469,-0.10702289,-0.093779214,-0.12759323,-0.15308414,-0.15746465,-0.16721216,-0.12812386,-0.0969081,-0.16398169,-0.14338633,-0.11335766,-0.18846886,-0.1706479,-0.15405008,-0.12577748,-0.115196005,-0.11310442,-0.11662802,-0.1759536,-0.13849553,-0.13437463,-0.096878245,-0.12127408,-0.09170819,-0.12434345,-0.13580592,-0.063823454,-0.13877153,-0.11419349,-0.1338822,-0.24483351,-0.2571875,-0.29957527,-0.14626527,-0.15680702,-0.13232094,-0.19104545,-0.0782174,-0.17257102,-0.16445816,-0.09859173,-0.11065883,-0.11445375,-0.076612435,-0.083404,-0.1213824,-0.13072303,-0.13855581,-0.19385117,-0.09901528,-0.15574162,-0.19487974,-0.19134119,-0.18721166,-0.11128502,-0.14300945,-0.102865964,-0.15906495,-0.19439083,-0.17290422,-0.16927975,-0.1428459,-0.14261782,-0.10212247,-0.15338442,-0.16163951,-0.1812841,-0.19559018,-0.12117003,-0.1472306,-0.11384845,-0.0800805,-0.14329718,-0.20725825,-0.16081983,-0.125103,-0.15657571,-0.15690626,-0.14371827,-0.19202894,-0.16259581,-0.18194312,-0.2963242,-0.19937833,-0.1818327,-0.17194669,-0.19346556,-0.15785238,-0.14054683,-0.13038751,-0.12557748,-0.1383294,-0.163922,-0.30584824,-0.16694069,-0.18119332,-0.19297282,-0.11441202,-0.15057655,-0.14066887,-0.17811877,-0.16693477,-0.1645892,-0.14331086,-0.18237996,-0.12862706,-0.15353358,-0.13800365,-0.24156228,-0.17968294,-0.103308454,-0.13529032,-0.14192964,-0.17431569,-0.11042298,-0.13462952,-0.1521667,-0.15993977,-0.18204865,-0.1540953,-0.14899528,-0.19184028,-0.17534518,-0.16403826,-0.14723541,-0.14623587,-0.11499533,-0.10471026,-0.13517311,-0.20148799,-0.17696911,-0.12513243,-0.16589023,-0.18041904,-0.18738703,-0.11705899,-0.1763121,-0.26051313,-0.09260083,-0.092320755,-0.11486397,-0.13613105,-0.1481024,-0.09867389,-0.18899259
k__Bacteria|p__Proteobacteria|c__Betaproteobacteria|o__Neisseriales|f__Neisseriaceae|g__Neisseria|s__Neisseria_sicca,-0.1004395,-0.12316422,-0.14210509,-0.20428483,-0.16726062,-0.19425103,-0.1666669,-0.1453944,-0.12495166,-0.184122,-0.18369812,-0.23253518,-0.17003447,-0.20740584,-0.10324471,-0.09970322,-0.058144663,-0.099764645,-0.107816294,-0.17132287,-0.1978925,-0.12536043,-0.13652909,-0.15268262,-0.17221159,-0.11658599,-0.16749156,-0.17441268,-0.1509206,-0.12124001,-0.13514367,-0.10584369,-0.14857346,-0.19699606,-0.18994099,-0.2175087,-0.16124132,-0.22338755,-0.19836318,-0.29867563,-0.29210672,-0.19950494,-0.10728436,-0.09162698,-0.13691942,-0.15532044,-0.23188588,-0.1944442,-0.14686736,-0.2026537,-0.18381198,-0.18279888,-0.19872028,-0.20060194,-0.2067424,-0.15835035,-0.12597625,-0.144194,-0.09205529,-0.095752776,-0.17167217,-0.14263248,-0.13743341,-0.14727996,-0.12719077,-0.1514379,-0.2613474,-0.22333384,-0.18941244,-0.20047067,-0.1461044,-0.149584,-0.13113347,-0.14327013,-0.15131897,-0.16464642,-0.14693266,-0.16278498,-0.15964688,-0.14998752,-0.14742225,-0.1574964,-0.15357704,-0.22480208,-0.120334074,-0.14175728,-0.11850394,-0.16134514,-0.17466187,-0.1560579,-0.16855398,-0.11139822,-0.1388583,-0.13027036,-0.12877628,-0.15152657,-0.14238153,-0.11559589,-0.10065024,-0.09044805,-0.10556823,-0.120761976,-0.13524632,-0.15027548,-0.16065218,-0.1185138,-0.11129953,-0.1578567,-0.17738779,-0.13430631,-0.16465282,-0.25953975,-0.14896181,-0.13281724,-0.14215687,-0.15095688,-0.17780018,-0.16403626,-0.22917573,-0.09015879,-0.110003605,-0.13494185,-0.13004898,-0.13997786,-0.17414305,-0.13908121,-0.16057305,-0.12777606,-0.07092635,-0.03704006,-0.13732164,-0.16241857,-0.17941125,-0.14332479,-0.12334781,-0.13572294,-0.12023825,-0.13861144,-0.25318068,-0.26654312,-0.08328271,-0.10945694,-0.1448181,-0.09238048,-0.1880973,-0.1909883,-0.15320387,-0.09014827,-0.13230102,-0.14979681,-0.15067708,-0.15945104,-0.17107329,-0.18435891,-0.08776596,-0.12414482,-0.14159417,-0.10256614,-0.17951453,-0.19495486,-0.19213939,-0.100133084,-0.13113372,-0.08015536,-0.12826136,-0.19006202,-0.19417055,-0.19241779,-0.12353924,-0.07510606,-0.097230405,-0.118831225,-0.13677013,-0.12406494,-0.121451,-0.09461731,-0.09671788,-0.10851407,-0.082459606,-0.11304272,-0.13238418,-0.16751291,-0.1410757,-0.1364779,-0.18093297,-0.17825818,-0.19516367,-0.14509812,-0.15549555,-0.13585494,-0.119081676,-0.14001076,-0.19117098,-0.19204603,-0.18199629,-0.19755594,-0.25103784,-0.20219928,-0.19024298,-0.19166325,-0.1831088,-0.17438841,-0.27554205,-0.08916744,-0.11956477,-0.12771928,-0.15751183,-0.20931396,-0.18224281,-0.29657933,-0.32474133,-0.15217724,-0.3242122,-0.17325558,-0.17108874,-0.2185038,-0.17647925,-0.114121355,-0.14002362,-0.15388772,-0.15788373,-0.22984435,-0.18186735,-0.26085407,-0.10446791,-0.12455491,-0.13861531,-0.124276616,-0.15189947,-0.15533796,-0.15653667,-0.14014931,-0.15141064,-0.16353257,-0.15557504,-0.15384714,-0.1535131,-0.13424626,-0.123126835,-0.1465202,-0.19094878,-0.17759518,-0.21025829,-0.3990198,-0.2044482,-0.11351003,-0.1296617,-0.1188957,-0.14825226,-0.16636807,-0.18708947,-0.1922652,-0.13164736,-0.07649138,-0.15356328,-0.13990065,-0.14106366,-0.118010014,-0.19987361,-0.1649412,-0.15874529,-0.1418972,-0.123811394,-0.12722544,-0.14610182,-0.2588673,-0.10733892,-0.13074079,-0.09132757,-0.12832497,-0.1292975,-0.14985955,-0.1520584,-0.096267566,-0.08910369,-0.12450358,-0.1106008,-0.13808554,-0.15100174,-0.170982,-0.1431758,-0.11621222,-0.17435274,-0.15206262,-0.14261788,-0.12564707,-0.14227757,-0.17466888,-0.13176009,-0.13241431,-0.14613014,-0.123173565,-0.08722703,-0.05825615,-0.14371076,-0.17082691,-0.026243303,-0.16694775,-0.2829064,-0.31316653,-0.19944674,-0.14598165,-0.14331596,-0.14862512,-0.12963767,-0.25088155,-0.19485994,-0.18923914,-0.094497494,-0.10942958,-0.10702289,-0.09417086,-0.12759323,-0.153136,-0.15746465,-0.1676576,-0.12812386,-0.0969081,-0.16398169,-0.1439186,-0.11335766,-0.18846886,-0.1706479,-0.15425527,-0.12593985,-0.115196005,-0.11323474,-0.11662802,-0.17641611,-0.13879186,-0.1347387,-0.096878245,-0.121442705,-0.091660865,-0.12434345,-0.13578734,-0.063823454,-0.13877153,-0.11419349,-0.13399825,-0.24483351,-0.2571875,-0.29957527,-0.14659841,-0.15716958,-0.13258216,-0.19104545,-0.0782174,-0.17292447,-0.16485089,-0.09859173,-0.11065883,-0.11441967,-0.076612435,-0.083404,-0.1213824,-0.13072303,-0.13855581,-0.19385117,-0.09925203,-0.15607443,-0.19487974,-0.19161668,-0.18768084,-0.11124856,-0.1431248,-0.10296441,-0.15976934,-0.1950796,-0.17369233,-0.16950256,-0.14307073,-0.1429221,-0.101840466,-0.15360406,-0.16196306,-0.18137667,-0.1960786,-0.1213474,-0.14765179,-0.11362088,-0.079829395,-0.14368665,-0.20725825,-0.16102993,-0.125103,-0.15657571,-0.15690626,-0.14383903,-0.19202894,-0.16287854,-0.18247077,-0.2963242,-0.19904765,-0.18184,-0.17206243,-0.19373223,-0.15800545,-0.14054683,-0.13052464,-0.12557748,-0.1384984,-0.1638444,-0.30584824,-0.16691376,-0.18183699,-0.1932882,-0.11441202,-0.15090825,-0.14080143,-0.17846286,-0.16740286,-0.16494602,-0.14331086,-0.18237996,-0.12846938,-0.15373942,-0.13825145,-0.24156228,-0.17961088,-0.103259414,-0.13530558,-0.14228821,-0.17504403,-0.11023173,-0.13471392,-0.15264508,-0.16042902,-0.18215534,-0.15466711,-0.14961213,-0.19184028,-0.1757682,-0.16449371,-0.14723541,-0.14623587,-0.11499533,-0.10471026,-0.13536319,-0.20148799,-0.17745617,-0.12513243,-0.16576481,-0.18041904,-0.18738703,-0.11705899,-0.17705698,-0.26156515,-0.09252102,-0.09219028,-0.114837736,-0.1363799,-0.14844954,-0.098504305,-0.18963885
k__Bacteria|p__Proteobacteria|c__Gammaproteobacteria|o__Enterobacterales|f__Enterobacteriaceae|g__Citrobacter|s__Citrobacter_sp_Res13_Sevr_PEB04_36,-0.1004395,-0.12316422,-0.14199069,-0.20428483,-0.16751046,-0.1937078,-0.1666669,-0.14517628,-0.12518904,-0.18335885,-0.18329427,-0.22740954,-0.16993585,-0.20543203,-0.10372922,-0.100107536,-0.058144663,-0.099835575,-0.10819502,-0.170877,-0.1978925,-0.12536043,-0.13648528,-0.15241396,-0.17182714,-0.11658599,-0.16756716,-0.17404725,-0.1509206,-0.12124001,-0.13536182,-0.10630764,-0.14848691,-0.19607435,-0.18930689,-0.2175087,-0.1616053,-0.22338755,-0.19785154,-0.29867563,-0.29210672,-0.19819364,-0.107671045,-0.09162698,-0.13691942,-0.15533338,-0.23188588,-0.19407645,-0.14684239,-0.2026537,-0.18421902,-0.18279888,-0.1975433,-0.19882089,-0.2035773,-0.15749508,-0.12605591,-0.14407247,-0.092540085,-0.096075706,-0.1713317,-0.14253558,-0.13743341,-0.14721525,-0.12719077,-0.15137812,-0.2613474,-0.22333384,-0.18901089,-0.20047067,-0.14587274,-0.14951807,-0.13108572,-0.14292493,-0.15067448,-0.16417168,-0.14684129,-0.16278498,-0.15991327,-0.14998752,-0.1474183,-0.15735137,-0.15335102,-0.22480208,-0.120334074,-0.1417076,-0.11866341,-0.1609619,-0.1741459,-0.15599121,-0.16822164,-0.11139822,-0.1388583,-0.13027036,-0.12874907,-0.15152657,-0.14266175,-0.11583653,-0.10065024,-0.09093116,-0.10578258,-0.12081669,-0.13523766,-0.15027548,-0.16054496,-0.1185138,-0.11129953,-0.1578567,-0.17738779,-0.13388209,-0.16423362,-0.25953975,-0.14897594,-0.13298836,-0.14186954,-0.15095688,-0.17780018,-0.16400483,-0.22917573,-0.09015879,-0.110366605,-0.13495715,-0.12997796,-0.13997786,-0.17397282,-0.13908121,-0.16057305,-0.12777606,-0.07092635,-0.03704006,-0.13728264,-0.16214357,-0.17903888,-0.14332479,-0.12334781,-0.1359677,-0.12023825,-0.138415,-0.25318068,-0.26654312,-0.08397448,-0.10945694,-0.1445534,-0.09238048,-0.18770003,-0.19049981,-0.15334213,-0.09075405,-0.13230102,-0.14973356,-0.15056413,-0.159197,-0.17078808,-0.18376793,-0.08848934,-0.12412718,-0.1415621,-0.10256614,-0.17951453,-0.19495486,-0.19141531,-0.10042309,-0.13113372,-0.08001806,-0.1279574,-0.19006202,-0.19364572,-0.19189124,-0.12365224,-0.07611969,-0.09757897,-0.11885887,-0.13671866,-0.12406494,-0.121451,-0.095028326,-0.09713711,-0.108850874,-0.082459606,-0.11307366,-0.13238502,-0.16717692,-0.1410757,-0.13668981,-0.18093297,-0.17825818,-0.19456863,-0.14499167,-0.15549555,-0.13572139,-0.119081676,-0.14001076,-0.19117098,-0.1916711,-0.18171328,-0.19755594,-0.25103784,-0.20219928,-0.19022341,-0.19138384,-0.18267646,-0.17410725,-0.27554205,-0.08916744,-0.11956477,-0.12803102,-0.15751183,-0.20931396,-0.18224281,-0.29657933,-0.32474133,-0.15305193,-0.3242122,-0.17325558,-0.17108874,-0.2185038,-0.17647925,-0.114121355,-0.140252,-0.15388772,-0.15788373,-0.22984435,-0.18186735,-0.25758934,-0.104796454,-0.12455491,-0.13863268,-0.12436655,-0.15189947,-0.15510893,-0.15636128,-0.14014931,-0.15141064,-0.16313963,-0.1556018,-0.15369311,-0.15340868,-0.1343421,-0.12332663,-0.1464577,-0.19014132,-0.17720559,-0.21025829,-0.3990198,-0.20208839,-0.11372674,-0.1296617,-0.11867274,-0.14800286,-0.16636807,-0.18647408,-0.19187307,-0.13192207,-0.07725029,-0.15310338,-0.14005572,-0.14106366,-0.11804233,-0.19987361,-0.1649412,-0.1590464,-0.14185527,-0.12391193,-0.12722544,-0.14610182,-0.2588673,-0.107648045,-0.13074079,-0.09132757,-0.12832497,-0.12926002,-0.14995536,-0.15199111,-0.09673059,-0.08910369,-0.12451094,-0.11091213,-0.13805526,-0.1509442,-0.17056912,-0.14313409,-0.11663143,-0.17389543,-0.15201697,-0.14250973,-0.12582406,-0.14198278,-0.17466888,-0.13176009,-0.13247323,-0.14595944,-0.12340112,-0.08722703,-0.05825615,-0.14364463,-0.17082691,-0.026243303,-0.16713417,-0.2829064,-0.31316653,-0.19813766,-0.14590435,-0.14331596,-0.14862512,-0.12963767,-0.25088155,-0.19431685,-0.188712,-0.09503815,-0.109639704,-0.10702289,-0.09400606,-0.12759323,-0.15300307,-0.15746465,-0.16737679,-0.12812386,-0.0969081,-0.16398169,-0.143735,-0.11335766,-0.18846886,-0.1706479,-0.15431148,-0.12615196,-0.115196005,-0.11323424,-0.11662802,-0.17603844,-0.13874352,-0.13473347,-0.096878245,-0.12145962,-0.09206095,-0.12434345,-0.13598467,-0.063823454,-0.13877153,-0.11419349,-0.13401736,-0.24483351,-0.2571875,-0.29957527,-0.14642802,-0.15694188,-0.13240775,-0.19104545,-0.0782174,-0.17245875,-0.164532,-0.09859173,-0.11065883,-0.11481355,-0.076612435,-0.083404,-0.1213824,-0.13072303,-0.13855581,-0.19385117,-0.099613614,-0.15577266,-0.19487974,-0.19133458,-0.1871658,-0.1115756,-0.14330193,-0.10326114,-0.1592289,-0.19428235,-0.17256217,-0.16936132,-0.14307418,-0.14284788,-0.10226577,-0.15329532,-0.16178797,-0.18111818,-0.19536994,-0.12145309,-0.1474233,-0.114022605,-0.08030726,-0.14314523,-0.20725825,-0.16120169,-0.125103,-0.15657571,-0.15690626,-0.14390004,-0.19202894,-0.16284958,-0.18208176,-0.2963242,-0.19902025,-0.18122828,-0.17190492,-0.19317809,-0.15776402,-0.14054683,-0.13062266,-0.12557748,-0.13854435,-0.16376388,-0.30584824,-0.16703027,-0.18135175,-0.19307022,-0.11441202,-0.15057129,-0.14084634,-0.17809601,-0.16713762,-0.16475947,-0.14331086,-0.18237996,-0.12873076,-0.15341215,-0.13774562,-0.24156228,-0.17990886,-0.10362816,-0.13555038,-0.14210546,-0.1745384,-0.11075168,-0.13474211,-0.15230471,-0.16015872,-0.18216698,-0.15420164,-0.14934184,-0.19184028,-0.17569035,-0.16427015,-0.14723541,-0.14623587,-0.11499533,-0.10471026,-0.13506858,-0.20148799,-0.17731872,-0.12513243,-0.16608211,-0.18041904,-0.18738703,-0.11705899,-0.17627822,-0.2601122,-0.09306358,-0.09267282,-0.11512084,-0.13618165,-0.14821216,-0.09890381,-0.18903458
k__Bacteria|p__Proteobacteria|c__Betaproteobacteria|o__Burkholderiales|f__Sutterellaceae|g__Mesosutterella|s__Mesosutterella_multiformis,-0.1004395,-0.12316422,-0.14171906,-0.20428483,-0.16766006,-0.19400515,-0.1666669,-0.14531335,-0.12516065,-0.18388578,-0.18360716,-0.22430919,-0.17000534,-0.20477182,-0.10315581,-0.09925507,-0.058144663,-0.09963438,-0.10799186,-0.17116937,-0.1978925,-0.12536043,-0.13661335,-0.15276289,-0.17193125,-0.11658599,-0.16799484,-0.1743612,-0.1509206,-0.12124001,-0.13546667,-0.105783,-0.14877066,-0.19586477,-0.1896492,-0.2175087,-0.16153991,-0.22338755,-0.19765447,-0.29867563,-0.29210672,-0.1983735,-0.107258976,-0.09162698,-0.13691942,-0.15535074,-0.23188588,-0.19423267,-0.1469991,-0.2026537,-0.18436755,-0.18279888,-0.1974843,-0.19865617,-0.2027609,-0.15765426,-0.12592487,-0.14405385,-0.09227571,-0.09564096,-0.17175938,-0.14262225,-0.13743341,-0.14727983,-0.12719077,-0.15156054,-0.2613474,-0.22333384,-0.18938833,-0.20047067,-0.14596325,-0.14962357,-0.13101986,-0.14293817,-0.15091008,-0.1643036,-0.14711401,-0.16278498,-0.15989797,-0.14998752,-0.1477059,-0.15747055,-0.15356913,-0.22480208,-0.120334074,-0.14182478,-0.11848225,-0.16124946,-0.17445576,-0.15610133,-0.16870955,-0.11139822,-0.1388583,-0.13027036,-0.12880093,-0.15152657,-0.14297792,-0.11555967,-0.10065024,-0.09038769,-0.10542284,-0.12054744,-0.13525465,-0.15027548,-0.1608272,-0.1185138,-0.11129953,-0.1578567,-0.17738779,-0.13377172,-0.16435839,-0.25953975,-0.14903884,-0.13298553,-0.1418283,-0.15095688,-0.17780018,-0.16395706,-0.22917573,-0.09015879,-0.11032676,-0.13497661,-0.12983406,-0.13997786,-0.17419666,-0.13908121,-0.16057305,-0.12777606,-0.07092635,-0.03704006,-0.1372444,-0.16255859,-0.17933671,-0.14332479,-0.12334781,-0.13603935,-0.12023825,-0.13863128,-0.25318068,-0.26654312,-0.0835842,-0.10945694,-0.14479098,-0.09238048,-0.18829891,-0.19074735,-0.15349591,-0.09038824,-0.13230102,-0.14991009,-0.15062499,-0.159323,-0.17097986,-0.18422772,-0.08798667,-0.12375088,-0.14155129,-0.10256614,-0.17951453,-0.19495486,-0.1915364,-0.10012531,-0.13113372,-0.079296194,-0.12786585,-0.19006202,-0.1938608,-0.19219975,-0.12359902,-0.07541308,-0.09709367,-0.118514895,-0.13675416,-0.12406494,-0.121451,-0.09454352,-0.096581474,-0.10859023,-0.082459606,-0.11275755,-0.13242413,-0.16741663,-0.1410757,-0.13667616,-0.18093297,-0.17825818,-0.19465749,-0.14496459,-0.15549555,-0.13562983,-0.119081676,-0.14001076,-0.19117098,-0.19169445,-0.18198927,-0.19755594,-0.25103784,-0.20219928,-0.19095232,-0.1916695,-0.18299381,-0.17440782,-0.27554205,-0.08916744,-0.11956477,-0.12820947,-0.15751183,-0.20931396,-0.18224281,-0.29657933,-0.32474133,-0.15340543,-0.3242122,-0.17325558,-0.17108874,-0.2185038,-0.17647925,-0.114121355,-0.14028327,-0.15388772,-0.15788373,-0.22984435,-0.18186735,-0.2556867,-0.104505084,-0.12455491,-0.1387667,-0.12434414,-0.15189947,-0.15533926,-0.15656023,-0.14014931,-0.15141064,-0.16347346,-0.15571953,-0.15390114,-0.15345538,-0.13418409,-0.12332878,-0.14665888,-0.19082916,-0.17739017,-0.21025829,-0.3990198,-0.20194973,-0.113506354,-0.1296617,-0.11834047,-0.14823695,-0.16636807,-0.18701008,-0.19215856,-0.13202825,-0.07670474,-0.1532638,-0.14019035,-0.14106366,-0.11804043,-0.19987361,-0.1649412,-0.15923333,-0.14186174,-0.123766065,-0.12722544,-0.14610182,-0.2588673,-0.10739109,-0.13074079,-0.09132757,-0.12832497,-0.12943318,-0.15023951,-0.15218598,-0.09633261,-0.08910369,-0.12445873,-0.11068571,-0.13815148,-0.15117262,-0.17076601,-0.14321658,-0.11673802,-0.17426312,-0.15222158,-0.14270356,-0.1255723,-0.14225224,-0.17466888,-0.13176009,-0.13256429,-0.14593059,-0.123071834,-0.08722703,-0.05825615,-0.1436527,-0.17082691,-0.026243303,-0.16693646,-0.2829064,-0.31316653,-0.1981851,-0.1459962,-0.14331596,-0.14862512,-0.12963767,-0.25088155,-0.19425488,-0.18907899,-0.09479095,-0.109329745,-0.10702289,-0.09352715,-0.12759323,-0.1532456,-0.15746465,-0.16732185,-0.12812386,-0.0969081,-0.16398169,-0.14394188,-0.11335766,-0.18846886,-0.1706479,-0.15444311,-0.12600592,-0.115196005,-0.11298537,-0.11662802,-0.1763718,-0.13869989,-0.13458392,-0.096878245,-0.121086754,-0.091728985,-0.12434345,-0.13622165,-0.063823454,-0.13877153,-0.11419349,-0.13407758,-0.24483351,-0.2571875,-0.29957527,-0.14646095,-0.15711583,-0.13233632,-0.19104545,-0.0782174,-0.17266977,-0.16468425,-0.09859173,-0.11065883,-0.1148212,-0.076612435,-0.083404,-0.1213824,-0.13072303,-0.13855581,-0.19385117,-0.099237815,-0.15594263,-0.19487974,-0.1916971,-0.18740883,-0.11143027,-0.14343831,-0.102992915,-0.1594435,-0.19438295,-0.17291161,-0.16972853,-0.14309335,-0.14272277,-0.10193211,-0.15353566,-0.16182636,-0.18147144,-0.1955105,-0.12136792,-0.14743128,-0.11390772,-0.07997668,-0.14311358,-0.20725825,-0.16139975,-0.125103,-0.15657571,-0.15690626,-0.14386135,-0.19202894,-0.16310966,-0.18258838,-0.2963242,-0.19855826,-0.18147703,-0.17208421,-0.19355866,-0.15774499,-0.14054683,-0.13060021,-0.12557748,-0.13853619,-0.16426928,-0.30584824,-0.16742776,-0.18165475,-0.1932452,-0.11441202,-0.15087022,-0.14087707,-0.17849228,-0.16725425,-0.1649755,-0.14331086,-0.18237996,-0.12863699,-0.15376447,-0.13755615,-0.24156228,-0.18022203,-0.10337311,-0.13557377,-0.14215331,-0.1747675,-0.11066246,-0.13481924,-0.152612,-0.16020592,-0.18246971,-0.15444578,-0.14938217,-0.19184028,-0.1759812,-0.16454612,-0.14723541,-0.14623587,-0.11499533,-0.10471026,-0.1351875,-0.20148799,-0.1776901,-0.12513243,-0.16637728,-0.18041904,-0.18738703,-0.11705899,-0.17668124,-0.2593187,-0.09254193,-0.09228982,-0.114907086,-0.13611732,-0.14826688,-0.098641574,-0.18952873
k__Bacteria|p__Proteobacteria|c__Gammaproteobacteria|o__Enterobacterales|f__Enterobacteriaceae|g__Lelliottia|s__Lelliottia_nimipressuralis,-0.1004395,-0.12316422,-0.14147389,-0.20428483,-0.1672154,-0.19405171,-0.1666669,-0.14537835,-0.12503907,-0.18414408,-0.18364482,-0.22288254,-0.16936833,-0.20433381,-0.10300365,-0.098839045,-0.058144663,-0.09956614,-0.1075297,-0.17132363,-0.1978925,-0.12536043,-0.13659376,-0.15285084,-0.17183918,-0.11658599,-0.16787758,-0.17463787,-0.1509206,-0.12124001,-0.13532914,-0.105350986,-0.14852396,-0.19596899,-0.18963295,-0.2175087,-0.1612184,-0.22338755,-0.19733205,-0.29867563,-0.29210672,-0.1983901,-0.107184164,-0.09162698,-0.13691942,-0.1551345,-0.23188588,-0.19412616,-0.14686613,-0.2026537,-0.18445152,-0.18279888,-0.19734631,-0.19825464,-0.20252267,-0.15823144,-0.12580174,-0.14404029,-0.09220456,-0.09539992,-0.17179137,-0.14282405,-0.13743341,-0.14721738,-0.12719077,-0.15155327,-0.2613474,-0.22333384,-0.18941751,-0.20047067,-0.1460778,-0.14957969,-0.13071328,-0.14280601,-0.15123759,-0.1646879,-0.14732671,-0.16278498,-0.15968505,-0.14998752,-0.14747757,-0.15725258,-0.1536137,-0.22480208,-0.120334074,-0.14168805,-0.118231416,-0.1615287,-0.17463776,-0.15582219,-0.1687108,-0.11139822,-0.1388583,-0.13027036,-0.12883593,-0.15152657,-0.14290324,-0.11560768,-0.10065024,-0.090114705,-0.10534276,-0.12053915,-0.13512713,-0.15027548,-0.16084862,-0.1185138,-0.11129953,-0.1578567,-0.17738779,-0.13390046,-0.16394149,-0.25953975,-0.1489522,-0.1326138,-0.14156032,-0.15095688,-0.17780018,-0.16385014,-0.22917573,-0.09015879,-0.11007267,-0.13486281,-0.12969461,-0.13997786,-0.17401782,-0.13908121,-0.16057305,-0.12777606,-0.07092635,-0.03704006,-0.137094,-0.16253465,-0.17943865,-0.14332479,-0.12334781,-0.13592635,-0.12023825,-0.13831341,-0.25318068,-0.26654312,-0.0832278,-0.10945694,-0.14480564,-0.09238048,-0.18813984,-0.19050314,-0.15289609,-0.09002642,-0.13230102,-0.14975654,-0.15049756,-0.15925667,-0.17092687,-0.18446866,-0.08749605,-0.12388154,-0.1414158,-0.10256614,-0.17951453,-0.19495486,-0.19175318,-0.09995198,-0.13113372,-0.07891951,-0.12771584,-0.19006202,-0.19376913,-0.19207244,-0.12374835,-0.07505064,-0.09694682,-0.11832015,-0.13660881,-0.12406494,-0.121451,-0.09427518,-0.09632977,-0.1083506,-0.082459606,-0.11270191,-0.13240176,-0.16764487,-0.1410757,-0.13639332,-0.18093297,-0.17825818,-0.19441237,-0.14479022,-0.15549555,-0.13563624,-0.119081676,-0.14001076,-0.19117098,-0.19137566,-0.18179744,-0.19755594,-0.25103784,-0.20219928,-0.1906102,-0.19136119,-0.18282786,-0.17397188,-0.27554205,-0.08916744,-0.11956477,-0.12780091,-0.15751183,-0.20931396,-0.18224281,-0.29657933,-0.32474133,-0.15194169,-0.3242122,-0.17325558,-0.17108874,-0.2185038,-0.17647925,-0.114121355,-0.13992354,-0.15388772,-0.15788373,-0.22984435,-0.18186735,-0.25504217,-0.1042265,-0.12455491,-0.13865808,-0.12420921,-0.15189947,-0.15547696,-0.15677342,-0.14014931,-0.15141064,-0.16368192,-0.15556309,-0.1539101,-0.15324287,-0.13388132,-0.123085424,-0.14659348,-0.19086297,-0.17746022,-0.21025829,-0.3990198,-0.20180221,-0.11339475,-0.1296617,-0.118481606,-0.14811897,-0.16636807,-0.18733808,-0.19212638,-0.1316706,-0.0763291,-0.1534518,-0.13986737,-0.14106366,-0.11837636,-0.19987361,-0.1649412,-0.15890977,-0.14152116,-0.12350254,-0.12722544,-0.14610182,-0.2588673,-0.107107595,-0.13074079,-0.09132757,-0.12832497,-0.12931497,-0.15000454,-0.15229163,-0.096142665,-0.08910369,-0.124326706,-0.1103432,-0.137925,-0.15101461,-0.17079206,-0.1431692,-0.11638413,-0.17432049,-0.1521128,-0.14254995,-0.12525932,-0.14259043,-0.17466888,-0.13176009,-0.1323826,-0.14598693,-0.12293892,-0.08722703,-0.05825615,-0.14369011,-0.17082691,-0.026243303,-0.16673945,-0.2829064,-0.31316653,-0.19819853,-0.14593166,-0.14331596,-0.14862512,-0.12963767,-0.25088155,-0.19420831,-0.18918034,-0.09442532,-0.10930029,-0.10702289,-0.09362298,-0.12759323,-0.15318838,-0.15746465,-0.1674803,-0.12812386,-0.0969081,-0.16398169,-0.14405888,-0.11335766,-0.18846886,-0.1706479,-0.15418191,-0.12591034,-0.115196005,-0.11285064,-0.11662802,-0.17662719,-0.13869505,-0.13455096,-0.096878245,-0.120982334,-0.091521576,-0.12434345,-0.1361895,-0.063823454,-0.13877153,-0.11419349,-0.13374884,-0.24483351,-0.2571875,-0.29957527,-0.14639995,-0.15702392,-0.13225842,-0.19104545,-0.0782174,-0.17273831,-0.16462374,-0.09859173,-0.11065883,-0.1148693,-0.076612435,-0.083404,-0.1213824,-0.13072303,-0.13855581,-0.19385117,-0.09889111,-0.15593639,-0.19487974,-0.191513,-0.18729667,-0.11120492,-0.1431357,-0.103069656,-0.15983011,-0.19451313,-0.17345144,-0.16935655,-0.14299312,-0.14268553,-0.10139355,-0.15342574,-0.16185361,-0.18124816,-0.1954262,-0.12129989,-0.14765832,-0.11383921,-0.07979666,-0.14297795,-0.20725825,-0.16123593,-0.125103,-0.15657571,-0.15690626,-0.14377254,-0.19202894,-0.16294831,-0.18264468,-0.2963242,-0.19731392,-0.18105072,-0.17161292,-0.19303694,-0.1574877,-0.14054683,-0.1303994,-0.12557748,-0.1384431,-0.16321518,-0.30584824,-0.1670827,-0.18155974,-0.19312894,-0.11441202,-0.15077838,-0.14063153,-0.17841697,-0.16723286,-0.16498835,-0.14331086,-0.18237996,-0.12832949,-0.1535365,-0.13721533,-0.24156228,-0.17975536,-0.103051186,-0.13527282,-0.142182,-0.17495696,-0.11017939,-0.1346129,-0.15284386,-0.1603199,-0.18212044,-0.15454099,-0.14934942,-0.19184028,-0.17577198,-0.16478717,-0.14723541,-0.14623587,-0.11499533,-0.10471026,-0.13503757,-0.20148799,-0.17766045,-0.12513243,-0.1660442,-0.18041904,-0.18738703,-0.11705899,-0.17728846,-0.25915027,-0.09230821,-0.09203906,-0.114614084,-0.13608864,-0.14812055,-0.098182164,-0.18967256
k__Bacteria|p__Proteobacteria|c__Gammaproteobacteria|o__Pasteurellales|f__Pasteurellaceae|g__Haemophilus|s__Haemophilus_parahaemolyticus,-0.1004395,-0.12316422,-0.14139369,-0.20428483,-0.16679105,-0.19409359,-0.1666669,-0.14563185,-0.124610275,-0.18488392,-0.18268746,-0.22623572,-0.16982958,-0.20532951,-0.10299079,-0.098919116,-0.058144663,-0.100238234,-0.107439294,-0.1716215,-0.1978925,-0.12536043,-0.13692074,-0.15328446,-0.17216867,-0.11658599,-0.16760416,-0.17502947,-0.1509206,-0.12124001,-0.13506368,-0.10518537,-0.1483297,-0.1966637,-0.19006985,-0.2175087,-0.16050777,-0.22338755,-0.19714612,-0.29867563,-0.29210672,-0.19917667,-0.10742338,-0.09162698,-0.13691942,-0.15509821,-0.23188588,-0.19421725,-0.14697981,-0.2026537,-0.18340516,-0.18279888,-0.19750255,-0.19897169,-0.20507504,-0.16018394,-0.12605198,-0.14439735,-0.09238875,-0.095736265,-0.17216644,-0.14313516,-0.13743341,-0.14732137,-0.12719077,-0.15143797,-0.2613474,-0.22333384,-0.1894278,-0.20047067,-0.14662485,-0.14975664,-0.13085648,-0.14329551,-0.15257001,-0.16549847,-0.1476499,-0.16278498,-0.15903002,-0.14998752,-0.14756152,-0.15715209,-0.15385716,-0.22480208,-0.120334074,-0.14178282,-0.11840578,-0.16225651,-0.1752047,-0.15539144,-0.16878653,-0.11139822,-0.1388583,-0.13027036,-0.12923245,2.0824533,-0.14261186,-0.11584326,-0.10065024,-0.090181485,-0.105859205,-0.12104699,-0.13549116,-0.15027548,-0.16105196,-0.1185138,-0.11129953,-0.1578567,-0.17738779,-0.13432819,-0.16353828,-0.25953975,-0.14888698,-0.1322381,-0.14171761,-0.15095688,-0.17780018,-0.16341701,-0.22917573,-0.09015879,-0.10985993,-0.1348154,-0.12998833,-0.13997786,-0.17371249,-0.13908121,-0.16057305,-0.12777606,-0.07092635,-0.03704006,-0.13726151,-0.16285956,-0.17960009,-0.14332479,-0.12334781,-0.13562463,-0.12023825,-0.13873577,-0.25318068,-0.26654312,-0.08333303,-0.10945694,-0.1453391,-0.09238048,-0.18811888,-0.19054179,-0.15264362,-0.090146676,-0.13230102,-0.14971772,-0.15054905,-0.15953293,-0.17112866,-0.18532121,-0.087385595,-0.12425047,-0.14132568,-0.10256614,-0.17951453,-0.19495486,-0.19247828,-0.10023371,-0.13113372,-0.07966814,-0.12845418,-0.19006202,-0.19414672,-0.19216219,-0.124107525,-0.074949145,-0.09719424,-0.118529424,-0.13679086,-0.12406494,-0.121451,-0.09446864,-0.09644229,-0.10838489,-0.082459606,-0.11313794,-0.13281545,-0.1681415,-0.1410757,-0.1361487,-0.18093297,-0.17825818,-0.19451188,-0.14489293,-0.15549555,-0.13601446,-0.119081676,-0.14001076,-0.19117098,-0.19130638,-0.18133745,-0.19755594,-0.25103784,-0.20219928,-0.18999988,-0.19095908,-0.18286303,-0.1735684,-0.27554205,-0.08916744,-0.11956477,-0.12735112,-0.15751183,-0.20931396,-0.18224281,-0.29657933,-0.32474133,-0.1482284,-0.3242122,-0.17325558,-0.17108874,-0.2185038,-0.17647925,-0.114121355,-0.13952056,-0.15388772,-0.15788373,-0.22984435,-0.18186735,-0.25645328,-0.104353815,-0.12455491,-0.13871747,-0.124543324,-0.15189947,-0.15613908,-0.15732622,-0.14014931,-0.15141064,-0.16431937,-0.15544021,-0.15402995,-0.15301374,-0.1339079,-0.12314743,-0.14651427,-0.19145425,-0.17737406,-0.21025829,-0.3990198,-0.20262563,-0.1135986,-0.1296617,-0.119134836,-0.14841595,-0.16636807,-0.18788975,-0.19211513,-0.1312179,-0.076487616,-0.1541249,-0.13979365,-0.14106366,-0.11871535,-0.19987361,-0.1649412,-0.15805224,-0.14116587,-0.123610064,-0.12722544,-0.14610182,-0.2588673,-0.10713862,-0.13074079,-0.09132757,-0.12832497,-0.12983361,-0.14989029,-0.15276144,-0.09634723,-0.08910369,-0.12456104,-0.110464856,-0.1380248,-0.150992,-0.17125562,-0.14327884,-0.11611176,-0.17450032,-0.1520497,-0.14285448,-0.12522931,-0.14319552,-0.17466888,-0.13176009,-0.13243204,-0.14623952,-0.12322195,-0.08722703,-0.05825615,-0.14379907,-0.17082691,-0.026243303,-0.16563603,-0.2829064,-0.31316653,-0.19822574,-0.14614613,-0.14331596,-0.14862512,-0.12963767,-0.25088155,-0.19468024,-0.18947652,-0.09446563,-0.10963376,-0.10702289,-0.0947859,-0.12759323,-0.15302998,-0.15746465,-0.16776037,-0.12812386,-0.0969081,-0.16398169,-0.1447958,-0.11335766,-0.18846886,-0.1706479,-0.15397954,-0.12598094,-0.115196005,-0.11324801,-0.11662802,-0.17703962,-0.13903144,-0.13496137,-0.096878245,-0.12125519,-0.09198439,-0.12434345,-0.13621715,-0.063823454,-0.13877153,-0.11419349,-0.13382024,-0.24483351,-0.2571875,-0.29957527,-0.14661288,-0.15720513,-0.1326634,-0.19104545,-0.0782174,-0.17277083,-0.16484454,-0.09859173,-0.11065883,-0.114932746,-0.076612435,-0.083404,-0.1213824,-0.13072303,-0.13855581,-0.19385117,-0.099249154,-0.15601316,-0.19487974,-0.19124846,-0.18744427,-0.111374766,-0.14294547,-0.10357177,-0.16076198,-0.19488159,-0.17448789,-0.16906428,-0.14308843,-0.1429066,-0.10096013,-0.15358706,-0.16199532,-0.18082371,-0.19553258,-0.12168725,-0.14815718,-0.11358098,-0.079950705,-0.14341119,-0.20725825,-0.16101883,-0.125103,-0.15657571,-0.15690626,-0.14353688,-0.19202894,-0.16278102,-0.18296155,-0.2963242,-0.1953577,-0.18074843,-0.1714726,-0.19285065,-0.15739007,-0.14054683,-0.13047412,-0.12557748,-0.13831338,-0.16245934,-0.30584824,-0.16607966,-0.18195853,-0.19298017,-0.11441202,-0.1511616,-0.1407382,-0.17837694,-0.16745132,-0.16523935,-0.14331086,-0.18237996,-0.1278139,-0.15320878,-0.13726884,-0.24156228,-0.17885104,-0.10328447,-0.13495445,-0.14276865,-0.1755277,-0.109996274,-0.13459355,-0.15359366,-0.16079241,-0.18151554,-0.1552951,-0.14994538,-0.19184028,-0.17553383,-0.16527733,-0.14723541,-0.14623587,-0.11499533,-0.10471026,-0.13542974,-0.20148799,-0.17784002,-0.12513243,-0.16477302,-0.18041904,-0.18738703,-0.11705899,-0.17848821,-0.2599318,-0.09242579,-0.0922295,-0.11453595,-0.13655479,-0.14839202,-0.09818139,-0.19003987
k__Bacteria|p__Proteobacteria|c__Gammaproteobacteria|o__Enterobacterales|f__Enterobacteriaceae|g__Lelliottia|s__Lelliottia_amnigena,-0.1004395,-0.12316422,-0.14161377,-0.20428483,-0.1663152,-0.19402078,-0.1666669,-0.14523336,-0.12536752,-0.18386924,-0.18334584,-0.22074208,-0.17120115,-0.20149404,-0.10311225,-0.09884414,-0.058144663,-0.0997986,-0.107871875,-0.17141104,-0.1978925,-0.12536043,-0.13681495,-0.15294567,-0.17168486,-0.11658599,-0.16768412,-0.17437886,-0.1509206,-0.12124001,-0.13544405,-0.10546151,-0.14880575,-0.19528455,-0.18962087,-0.2175087,-0.16063368,-0.22338755,-0.1964981,-0.29867563,-0.29210672,-0.19835283,-0.10716769,-0.09162698,-0.13691942,-0.1549806,-0.23188588,-0.19356868,-0.14699467,-0.2026537,-0.1827926,-0.18279888,-0.19647962,-0.19884196,-0.20285198,-0.1588856,-0.12596425,-0.14408548,-0.09271994,-0.09580669,-0.17160468,-0.14308274,-0.13743341,-0.14722696,-0.12719077,-0.15181151,-0.2613474,-0.22333384,-0.18862624,-0.20047067,-0.14604142,-0.14953482,-0.13098407,-0.1430493,-0.1515488,-0.16430677,-0.14739197,-0.16278498,-0.15899041,-0.14998752,-0.14764363,-0.15719293,-0.1538567,-0.22480208,-0.120334074,-0.14191881,-0.1185621,-0.16136245,-0.17440715,-0.15595828,-0.16869088,-0.11139822,-0.1388583,-0.13027036,-0.12920085,-0.15152657,-0.14310676,-0.115843624,-0.10065024,-0.09047157,-0.10566758,-0.12065892,-0.1352801,-0.15027548,-0.16075718,-0.1185138,-0.11129953,-0.1578567,-0.17738779,-0.13434993,-0.16440144,-0.25953975,-0.14892517,-0.1328466,-0.14182436,-0.15095688,-0.17780018,-0.16357109,-0.22917573,-0.09015879,-0.11052956,-0.1350356,-0.12998086,-0.13997786,-0.17381042,-0.13908121,-0.16057305,-0.12777606,-0.07092635,-0.03704006,-0.13704722,-0.16269612,-0.17924151,-0.14332479,-0.12334781,-0.13597724,-0.12023825,-0.13877243,-0.25318068,-0.26654312,-0.083570644,-0.10945694,-0.1451703,-0.09238048,-0.18807873,-0.18993196,-0.15299733,-0.09035011,-0.13230102,-0.1499233,-0.15049654,-0.15919057,-0.17075473,-0.18446054,-0.087810844,-0.123976454,-0.14114735,-0.10256614,-0.17951453,-0.19495486,-0.19151334,-0.100344405,-0.13113372,-0.07977763,-0.12843287,-0.19006202,-0.19313791,-0.19180632,-0.12388608,-0.07511687,-0.09718582,-0.11862002,-0.13685359,-0.12406494,-0.121451,-0.09455793,-0.09663259,-0.10864633,-0.082459606,-0.113036424,-0.1326724,-0.16745293,-0.1410757,-0.13651712,-0.18093297,-0.17825818,-0.19406384,-0.14502922,-0.15549555,-0.13591293,-0.119081676,-0.14001076,-0.19117098,-0.19050084,-0.18141967,-0.19755594,-0.25103784,-0.20219928,-0.19033803,-0.19081089,-0.18275931,-0.17392306,-0.27554205,-0.08916744,-0.11956477,-0.12815163,-0.15751183,-0.20931396,-0.18224281,-0.29657933,-0.32474133,-0.1542691,-0.3242122,-0.17325558,-0.17108874,-0.2185038,-0.17647925,-0.114121355,-0.13990742,-0.15388772,-0.15788373,-0.22984435,-0.18186735,-0.2535508,-0.10453785,-0.12455491,-0.13880202,-0.12454955,-0.15189947,-0.15543558,-0.15667965,-0.14014931,-0.15141064,-0.16363409,-0.15540427,-0.15395005,-0.15332817,-0.13410263,-0.123450436,-0.14681768,-0.1908082,-0.17726433,-0.21025829,-0.3990198,-0.20384248,-0.11361302,-0.1296617,-0.11867392,-0.14856312,-0.16636807,-0.18696584,-0.19176689,-0.13192973,-0.07684876,-0.15370439,-0.14003694,-0.14106366,-0.11896377,-0.19987361,-0.1649412,-0.15861233,-0.14189628,-0.12379404,-0.12722544,-0.14610182,-0.2588673,-0.10750258,-0.13074079,-0.09132757,-0.12832497,-0.12973484,-0.15006024,-0.15224582,-0.09638549,-0.08910369,-0.12471818,-0.11063528,-0.1382305,-0.15110835,-0.17085001,-0.14324397,-0.1168835,-0.17412964,-0.15216477,-0.14278011,-0.12534025,-0.14290312,-0.17466888,-0.13176009,-0.13284995,-0.14600274,-0.12305798,-0.08722703,-0.05825615,-0.14380315,-0.17082691,-0.026243303,-0.16620979,-0.2829064,-0.31316653,-0.1991885,-0.14602464,-0.14331596,-0.14862512,-0.12963767,-0.25088155,-0.19338684,-0.18902491,-0.09504409,-0.109499834,-0.10702289,-0.09447129,-0.12759323,-0.15360901,-0.15746465,-0.16709861,-0.12812386,-0.0969081,-0.16398169,-0.14421165,-0.11335766,-0.18846886,-0.1706479,-0.15413748,-0.12609494,-0.115196005,-0.11349511,-0.11662802,-0.1764124,-0.13876517,-0.13454859,-0.096878245,-0.12115274,-0.09200707,-0.12434345,-0.13640803,-0.063823454,-0.13877153,-0.11419349,-0.13408351,-0.24483351,-0.2571875,-0.29957527,-0.14640951,-0.15699846,-0.1326393,-0.19104545,-0.0782174,-0.17268954,-0.16458511,-0.09859173,-0.11065883,-0.11517739,-0.076612435,-0.083404,-0.1213824,-0.13072303,-0.13855581,-0.19385117,-0.09924582,-0.15606272,-0.19487974,-0.19109292,-0.1872123,-0.11153503,-0.14301147,-0.10346232,-0.15971956,-0.1941773,-0.17389265,-0.16913137,-0.14299758,-0.14264873,-0.10187747,-0.15369046,-0.16159247,-0.18106742,-0.19481638,-0.12159893,-0.14755903,-0.11401536,-0.08044332,-0.14365143,-0.20725825,-0.1608122,-0.125103,-0.15657571,-0.15690626,-0.14373371,-0.19202894,-0.16290405,-0.18263102,-0.2963242,-0.1964378,-0.18135673,-0.17116044,-0.19267556,-0.15755375,-0.14054683,-0.13059425,-0.12557748,-0.13863927,-0.16363813,-0.30584824,-0.16708417,-0.18130395,-0.19251901,-0.11441202,-0.15119544,-0.14064217,-0.1783119,-0.1670248,-0.16495636,-0.14331086,-0.18237996,-0.12858474,-0.15393329,-0.13809597,-0.24156228,-0.17898083,-0.103368714,-0.13534984,-0.14235759,-0.1746297,-0.11060363,-0.13491616,-0.15282756,-0.15989643,-0.18144876,-0.15488034,-0.14942068,-0.19184028,-0.17547731,-0.16469218,-0.14723541,-0.14623587,-0.11499533,-0.10471026,-0.13575709,-0.20148799,-0.17732573,-0.12513243,-0.16537428,-0.18041904,-0.18738703,-0.11705899,-0.1775505,-0.2569717,-0.092549756,-0.092437655,-0.11488514,-0.13637519,-0.14825231,-0.09883015,-0.18927884
k__Bacteria|p__Proteobacteria|c__Gammaproteobacteria|o__Enterobacterales|f__Enterobacteriaceae|g__Kluyvera|s__Kluyvera_georgiana,-0.1004395,-0.12316422,-0.14160593,-0.20428483,-0.16702887,-0.19327928,-0.1666669,-0.14496943,-0.12468378,-0.18363589,-0.18271095,-0.22805925,-0.16868392,-0.20604008,-0.10277384,-0.099258505,-0.058144663,-0.099380925,-0.10755625,-0.17057297,-0.1978925,-0.12536043,-0.13591294,-0.15199064,-0.17138857,-0.11658599,-0.16727377,-0.17363423,-0.1509206,-0.12124001,-0.1349551,-0.10553652,-0.14827082,-0.19578835,-0.18914264,-0.2175087,-0.16074581,-0.22338755,-0.19761299,-0.29867563,-0.29210672,-0.19824153,-0.10688829,-0.09162698,-0.13691942,-0.15498498,-0.23188588,-0.19374263,-0.14630276,-0.2026537,-0.18373165,-0.18279888,-0.19761583,-0.19839388,-0.20400704,-0.15710817,-0.12547451,-0.14354691,-0.09164135,-0.09533171,-0.17109123,-0.1418669,-0.13743341,-0.14672768,-0.12719077,-0.15112452,-0.2613474,-0.22333384,-0.18867205,-0.20047067,-0.145403,-0.14898196,-0.13062237,-0.14254726,-0.15025918,-0.16365865,-0.14626004,-0.16278498,-0.15927336,1.1513219,-0.14700739,-0.15700586,-0.1528959,-0.22480208,-0.120334074,-0.14131664,-0.1180823,-0.16063201,-0.17379758,-0.15549406,-0.16802105,-0.11139822,-0.1388583,-0.13027036,-0.12826902,-0.15152657,-0.14221284,-0.115073144,-0.10065024,-0.09018351,-0.10513194,-0.12020835,-0.13480225,-0.15027548,-0.1601577,-0.1185138,-0.11129953,-0.1578567,-0.17738779,-0.13323611,-0.16408539,-0.25953975,-0.14852017,-0.13250425,-0.14160281,-0.15095688,-0.17780018,-0.163498,-0.22917573,-0.09015879,-0.109863,-0.13453189,-0.12939216,-0.13997786,-0.17369106,-0.13908121,-0.16057305,-0.12777606,-0.07092635,-0.03704006,-0.13707697,-0.16186854,-0.17870572,-0.14332479,-0.12334781,-0.13555077,-0.12023825,-0.13819331,-0.25318068,-0.26654312,-0.08315105,-0.10945694,-0.14420137,-0.09238048,-0.18778771,-0.19041446,-0.15303205,-0.08997966,-0.13230102,-0.14939606,-0.15015346,-0.1587898,-0.17036203,-0.1834451,-0.0876314,-0.12341954,-0.14108664,-0.10256614,-0.17951453,-0.19495486,-0.19095567,-0.0997927,-0.13113372,-0.0794134,-0.1276636,-0.19006202,-0.19328454,-0.19169499,-0.123007506,-0.07497169,-0.09685106,-0.11833589,-0.13637173,-0.12406494,-0.121451,-0.09421281,-0.09639359,-0.10827704,-0.082459606,-0.11258342,-0.13197424,-0.1668745,-0.1410757,-0.13623488,-0.18093297,-0.17825818,-0.19426742,-0.14456491,-0.15549555,-0.135174,-0.119081676,-0.14001076,-0.19117098,-0.19137965,-0.1813568,-0.19755594,-0.25103784,-0.20219928,-0.1900032,-0.19124296,-0.18249711,-0.1740752,-0.27554205,-0.08916744,-0.11956477,-0.12782326,-0.15751183,-0.20931396,-0.18224281,-0.29657933,-0.32474133,-0.1535379,-0.3242122,-0.17325558,-0.17108874,-0.2185038,-0.17647925,-0.114121355,-0.13983363,-0.15388772,-0.15788373,-0.22984435,-0.18186735,-0.25796464,-0.10410562,-0.12455491,-0.1383067,-0.12387593,-0.15189947,-0.15468085,-0.1558459,-0.14014931,-0.15141064,-0.16272944,-0.15507743,-0.15324289,-0.1530104,-0.13383372,-0.12278502,-0.14601931,-0.19012885,-0.17664522,-0.21025829,-0.3990198,-0.20282939,-0.113149375,-0.1296617,-0.11819671,-0.14773563,-0.16636807,-0.18637384,-0.19158852,-0.13151078,-0.07624846,-0.15281789,-0.13968953,-0.14106366,-0.11739692,-0.19987361,-0.1649412,-0.15858704,-0.14144474,-0.12338103,-0.12722544,-0.14610182,-0.2588673,-0.1070447,-0.13074079,-0.09132757,-0.12832497,-0.12883916,-0.14957292,-0.15147592,-0.09593743,-0.08910369,-0.12408566,-0.110331744,-0.13770415,-0.15062292,-0.17017981,-0.14268273,-0.1160925,-0.17383903,-0.15162283,-0.14213139,-0.12523896,-0.14150584,-0.17466888,-0.13176009,-0.13196415,-0.14549626,-0.12262933,-0.08722703,-0.05825615,-0.14323354,-0.17082691,-0.026243303,-0.16687813,-0.2829064,-0.31316653,-0.19817734,-0.14543125,-0.14331596,-0.14862512,-0.12963767,-0.25088155,-0.19374773,-0.1883531,-0.094254345,-0.108974606,-0.10702289,-0.093240716,-0.12759323,-0.15274885,-0.15746465,-0.16684014,-0.12812386,-0.0969081,-0.16398169,-0.14324751,-0.11335766,-0.18846886,-0.1706479,-0.15373293,-0.12538746,-0.115196005,-0.11258531,-0.11662802,-0.17579386,-0.13816825,-0.13410786,-0.096878245,-0.12086071,-0.091364905,-0.12434345,-0.13553083,-0.063823454,-0.13877153,-0.11419349,-0.13377103,-0.24483351,-0.2571875,-0.29957527,-0.145998,-0.1565798,-0.13189586,-0.19104545,-0.0782174,-0.1721953,-0.16420354,-0.09859173,-0.11065883,-0.11416153,-0.076612435,-0.083404,-0.1213824,-0.13072303,-0.13855581,-0.19385117,-0.09866152,-0.15552004,-0.19487974,-0.19105695,-0.18686315,-0.11092885,-0.14292556,-0.10238105,-0.1589621,-0.193929,-0.1723769,-0.16918963,-0.14259419,-0.14229468,-0.10166003,-0.15313256,-0.16137625,-0.18097317,-0.19525124,-0.12085222,-0.14703338,-0.11346063,-0.07959023,-0.1429218,-0.20725825,-0.16065985,-0.125103,-0.15657571,-0.15690626,-0.1434139,-0.19202894,-0.16237593,-0.18176627,-0.2963242,-0.19891351,-0.18132196,-0.17192785,-0.19328888,-0.15748891,-0.14054683,-0.13010624,-0.12557748,-0.13805568,-0.16378286,-0.30584824,-0.16660222,-0.18107685,-0.19270682,-0.11441202,-0.15042832,-0.14049184,-0.17790812,-0.1666859,-0.16431807,-0.14331086,-0.18237996,-0.12811992,-0.15323684,-0.13740876,-0.24156228,-0.17967285,-0.10294764,-0.13508442,-0.14158389,-0.1742656,-0.11005799,-0.134354,-0.15194154,-0.15977177,-0.1818885,-0.15374836,-0.1488476,-0.19184028,-0.17522731,-0.1637088,-0.14723541,-0.14623587,-0.11499533,-0.10471026,-0.13485509,-0.20148799,-0.17684402,-0.12513243,-0.16590402,-0.18041904,-0.18738703,-0.11705899,-0.17589754,-0.26017314,-0.09220368,-0.09190926,-0.11459862,-0.13576527,-0.14782524,-0.0982237,-0.18896995
k__Bacteria|p__Proteobacteria|c__Alphaproteobacteria|o__Hyphomicrobiales|f__Bradyrhizobiaceae|g__Bradyrhizobium|s__Bradyrhizobium_viridifuturi,-0.1004395,-0.12316422,-0.1423533,-0.20428483,-0.16772929,-0.1942438,-0.1666669,-0.1454089,-0.12542918,-0.18390861,-0.18407585,-0.22765127,-0.16984844,-0.20562148,-0.103332035,-0.09946334,-0.058144663,-0.09951206,-0.1081536,-0.17131568,-0.1978925,-0.12536043,-0.1365948,-0.15264514,-0.17216793,-0.11658599,-0.16778183,-0.17411268,-0.1509206,-0.12124001,-0.13546395,-0.10619293,-0.14884141,-0.19662236,-0.18969563,-0.2175087,-0.16182846,-0.22338755,-0.19834077,-0.29867563,-0.29210672,-0.19900435,-0.107302055,-0.09162698,-0.13691942,-0.15536994,-0.23188588,-0.19447409,-0.14705025,-0.2026537,-0.18472543,-0.18279888,-0.19862235,-0.19985452,-0.20478663,-0.15756042,-0.12602031,-0.14416507,-0.09223428,-0.09590599,-0.17177388,-0.14261767,-0.13743341,-0.14735088,-0.12719077,-0.15177041,-0.2613474,-0.22333384,-0.18956931,-0.20047067,-0.14599714,-0.1496716,-0.13127068,-0.14322895,-0.15089184,-0.16435602,-0.1469549,-0.16278498,-0.16010594,-0.14998752,-0.14768098,-0.15774015,-0.15362427,-0.22480208,-0.120334074,-0.14188553,-0.11861929,-0.16124238,-0.17453308,-0.15630691,-0.16857263,-0.11139822,-0.1388583,-0.13027036,-0.12892918,-0.15152657,-0.14282626,-0.11558228,-0.10065024,-0.09062656,-0.10554446,-0.12075871,-0.13533793,-0.15027548,-0.16064417,-0.1185138,-0.11129953,-0.1578567,-0.17738779,-0.13409562,-0.16513684,-0.25953975,-0.14913946,-0.13314137,-0.14221309,-0.15095688,-0.17780018,-0.16447178,-0.22917573,-0.09015879,-0.11034462,-0.13510916,-0.13005164,-0.13997786,-0.17434122,-0.13908121,-0.16057305,-0.12777606,-0.07092635,-0.03704006,-0.13753748,-0.1624622,-0.17930597,-0.14332479,-0.12334781,-0.13613397,-0.12023825,-0.13865165,-0.25318068,-0.26654312,-0.08350134,-0.10945694,-0.14472601,-0.09238048,-0.18824139,-0.19093952,-0.15329838,-0.09035155,-0.13230102,-0.14997384,-0.15075272,-0.15940024,-0.17111848,-0.18413422,-0.08807133,-0.12397355,-0.14150265,-0.10256614,-0.17951453,-0.19495486,-0.1917377,-0.1002938,-0.13113372,-0.07994843,-0.12824881,-0.19006202,-0.19400738,-0.19236395,-0.123376526,-0.075488135,-0.09737997,-0.118907295,-0.1368086,-0.12406494,-0.121451,-0.094640434,-0.09683159,-0.1086282,-0.082459606,-0.11310077,-0.13246128,-0.16731533,-0.1410757,-0.13679501,-0.18093297,-0.17825818,-0.19510296,-0.14527808,-0.15549555,-0.13576359,-0.119081676,-0.14001076,-0.19117098,-0.1919608,-0.18212536,-0.19755594,-0.25103784,-0.20219928,-0.19080271,-0.1920079,-0.18314207,-0.17475095,-0.27554205,-0.08916744,-0.11956477,-0.12826051,-0.15751183,-0.20931396,-0.18224281,-0.29657933,-0.32474133,-0.15331979,-0.3242122,-0.17325558,-0.17108874,-0.2185038,-0.17647925,-0.114121355,-0.14045161,-0.15388772,-0.15788373,-0.22984435,-0.18186735,-0.25874346,-0.1046194,-0.12455491,-0.13879691,-0.124403015,-0.15189947,-0.15523222,-0.15639031,-0.14014931,-0.15141064,-0.16341138,-0.15584044,-0.15392447,-0.1537053,-0.13427976,-0.123414464,-0.1468617,-0.19071612,-0.17746776,-0.21025829,-0.3990198,-0.20320484,-0.1135965,-0.1296617,-0.11877556,-0.14834842,-0.16636807,-0.18691134,-0.19231936,-0.13190325,-0.07692765,-0.15352264,-0.14019394,-0.14106366,-0.11766958,-0.19987361,-0.1649412,-0.15930271,-0.1420742,-0.123952195,-0.12722544,-0.14610182,-0.2588673,-0.10747908,-0.13074079,-0.09132757,-0.12832497,-0.12930122,-0.15017772,-0.15190999,-0.09632142,-0.08910369,-0.12456959,-0.11085032,-0.13817692,-0.15124276,-0.1707693,-0.14333181,-0.116698146,-0.17431831,-0.15225387,-0.1426071,-0.12588859,-0.14202163,-0.17466888,-0.13176009,-0.13266724,-0.14616802,-0.123119235,-0.08722703,-0.05825615,-0.14373915,-0.17082691,-0.026243303,-0.16719562,-0.2829064,-0.31316653,-0.19883636,-0.14603283,-0.14331596,-0.14862512,-0.12963767,-0.25088155,-0.19462791,-0.18918417,-0.094788216,-0.10949606,-0.10702289,-0.09385733,-0.12759323,-0.15328571,-0.15746465,-0.16751286,-0.12812386,-0.0969081,-0.16398169,-0.14367771,-0.11335766,-0.18846886,-0.1706479,-0.15447566,-0.1261025,-0.115196005,-0.11321792,-0.11662802,-0.17625105,-0.1387575,-0.13471012,-0.096878245,-0.1214241,-0.09173153,-0.12434345,-0.1358976,-0.063823454,-0.13877153,-0.11419349,-0.13419464,-0.24483351,-0.2571875,-0.29957527,-0.14664975,-0.15724434,-0.13268927,-0.19104545,-0.0782174,-0.17305031,-0.16477361,-0.09859173,-0.11065883,-0.11458192,-0.076612435,-0.083404,-0.1213824,-0.13072303,-0.13855581,-0.19385117,-0.099374905,-0.156302,-0.19487974,-0.19181156,-0.18758322,-0.111425705,-0.14333355,-0.10311298,-0.15961587,-0.1949348,-0.17299499,-0.16976607,-0.14316526,-0.14291064,-0.10225599,-0.15364973,-0.16198692,-0.1815876,-0.19583912,-0.12145412,-0.14756352,-0.113956556,-0.080140434,-0.1436109,-0.20725825,-0.16125235,-0.125103,-0.15657571,-0.15690626,-0.14407292,-0.19202894,-0.16314292,-0.18247926,-0.2963242,-0.19995056,-0.18210115,-0.17230125,-0.19383337,-0.15809971,-0.14054683,-0.13068789,-0.12557748,-0.13873212,-0.1642115,-0.30584824,-0.16755562,-0.18194649,-0.1934099,-0.11441202,-0.15096328,-0.14095946,-0.17850779,-0.16746376,-0.1649244,-0.14331086,-0.18237996,-0.12897746,-0.15399492,-0.13835949,-0.24156228,-0.18019822,-0.103375085,-0.13565174,-0.14221475,-0.17496681,-0.110587314,-0.13500671,-0.15240505,-0.16019358,-0.18256202,-0.15444824,-0.14964804,-0.19184028,-0.17607951,-0.16433911,-0.14723541,-0.14623587,-0.11499533,-0.10471026,-0.13540944,-0.20148799,-0.17747286,-0.12513243,-0.1662325,-0.18041904,-0.18738703,-0.11705899,-0.17656742,-0.26102445,-0.092642084,-0.0923332,-0.115167014,-0.13632256,-0.14843056,-0.09884153,-0.18954259
k__Bacteria|p__Proteobacteria|c__Gammaproteobacteria|o__Enterobacterales|f__Hafniaceae|g__Hafnia|s__Hafnia_alvei,-0.1004395,-0.12316422,-0.142111,-0.20428483,-0.16634384,-0.19417161,-0.1666669,-0.14545742,-0.1253473,-0.18466221,-0.18227552,-0.2274692,-0.17045796,-0.20451678,-0.10366373,-0.099687636,-0.058144663,-0.10039055,-0.10793461,-0.17151883,-0.1978925,-0.12536043,-0.13680983,-0.15280887,-0.17196313,-0.11658599,-0.1675553,-0.17447619,-0.1509206,-0.12124001,-0.13525656,-0.10611649,-0.14853896,-0.19673124,-0.19004688,-0.2175087,-0.16014372,-0.22338755,-0.19706798,-0.29867563,-0.29210672,-0.19945344,-0.10788879,-0.09162698,-0.13691942,-0.15511747,-0.23188588,-0.19410935,-0.14730096,-0.2026537,-0.18281299,-0.18279888,-0.19746532,-0.19902143,-0.20565549,-0.15967935,-0.12630945,-0.14440705,-0.092708215,-0.09633641,-0.17185412,-0.14289682,-0.13743341,-0.14725195,-0.12719077,-0.15178466,-0.2613474,-0.22333384,-0.18873397,-0.20047067,-0.14641441,-0.14964667,-0.13127063,-0.14337897,-0.1521137,-0.16473499,-0.14741117,-0.16278498,-0.15885136,-0.14998752,-0.14737341,-0.15719438,-0.15388082,-0.22480208,-0.120334074,-0.14185262,-0.11875002,-0.1617994,-0.17462878,-0.15551102,-0.16854608,-0.11139822,-0.1388583,-0.13027036,-0.1295054,-0.15152657,-0.14287734,-0.116197355,-0.10065024,-0.09102018,-0.10642124,-0.12138951,-0.1356307,-0.15027548,-0.16080502,-0.1185138,-0.11129953,-0.1578567,-0.17738779,-0.13449275,-0.16408733,-0.25953975,-0.14890996,-0.13268313,-0.1420742,-0.15095688,-0.17780018,-0.1637297,-0.22917573,-0.09015879,-0.11022191,-0.13496968,-0.13027327,-0.13997786,-0.1736694,-0.13908121,-0.16057305,-0.12777606,-0.07092635,-0.03704006,-0.13763013,-0.16276231,-0.17919756,-0.14332479,-0.12334781,-0.1359076,-0.12023825,-0.13889587,-0.25318068,-0.26654312,-0.08406703,-0.10945694,-0.14535117,-0.09238048,-0.18815726,-0.19045033,-0.15322664,-0.09086072,-0.13230102,-0.14975555,-0.15061447,-0.15943374,-0.17102548,-0.1848355,-0.08825878,-0.124436945,-0.14078385,-0.10256614,-0.17951453,-0.19495486,-0.19216877,-0.100921325,-0.13113372,-0.08082471,-0.12894328,-0.19006202,-0.19391355,-0.1920327,-0.123899646,-0.07583124,-0.09798449,-0.119142324,-0.1370173,-0.12406494,-0.121451,-0.09513129,-0.09725368,-0.10908594,-0.082459606,-0.11383979,-0.13309042,-0.16776317,-0.1410757,-0.13649437,-0.18093297,-0.17825818,-0.19461393,-0.14532447,-0.15549555,-0.13616481,-0.119081676,-0.14001076,-0.19117098,-0.19120987,-0.181292,-0.19755594,-0.25103784,-0.20219928,-0.1900875,-0.19105616,-0.18301362,-0.174059,-0.27554205,-0.08916744,-0.11956477,-0.12795803,-0.15751183,-0.20931396,-0.18224281,-0.29657933,-0.32474133,-0.15094906,-0.3242122,-0.17325558,-0.17108874,-0.2185038,-0.17647925,-0.114121355,-0.1398629,-0.15388772,-0.15788373,-0.22984435,-0.18186735,-0.25871545,-0.10489501,-0.12455491,-0.13892473,-0.124961525,-0.15189947,-0.15580991,-0.15707752,-0.14014931,-0.15141064,-0.1637868,-0.1552397,-0.153889,-0.1531469,-0.1344893,-0.12346257,-0.14664932,-0.19079106,-0.17717841,-0.21025829,-0.3990198,-0.20591572,-0.11404525,-0.1296617,-0.11962436,-0.14855298,-0.16636807,-0.18731098,-0.19200622,-0.1314382,-0.07763869,-0.15413742,-0.14007738,-0.14106366,-0.11851339,-0.19987361,-0.1649412,-0.15803884,-0.1416497,-0.12397391,-0.12722544,-0.14610182,-0.2588673,-0.10772163,-0.13074079,-0.09132757,-0.12832497,-0.12994213,-0.14982207,-0.15249503,-0.09691098,-0.08910369,-0.124959305,-0.11096995,-0.13830677,-0.15109721,-0.17105967,-0.1433287,-0.11662097,-0.17409128,-0.1521575,-0.1428476,-0.12575161,-0.14304388,-0.17466888,-0.13176009,-0.13283852,-0.14618282,-0.12362487,-0.08722703,-0.05825615,-0.14382485,-0.17082691,-0.026243303,-0.166151,-0.2829064,-0.31316653,-0.19991057,-0.1460812,-0.14331596,-0.14862512,-0.12963767,-0.25088155,-0.19455108,-0.18921214,-0.09513687,-0.11006336,-0.10702289,-0.095432065,-0.12759323,-0.15324862,-0.15746465,-0.16750741,-0.12812386,-0.0969081,-0.16398169,-0.14440325,-0.11335766,-0.18846886,-0.1706479,-0.15389343,-0.12627295,-0.115196005,-0.11375606,-0.11662802,-0.17669672,-0.1390861,-0.13504604,-0.096878245,-0.12181571,-0.09260725,-0.12434345,-0.13614523,-0.063823454,-0.13877153,-0.11419349,-0.13414788,-0.24483351,-0.2571875,-0.29957527,-0.14659855,-0.15709433,-0.13314158,-0.19104545,-0.0782174,-0.17315099,-0.16459838,-0.09859173,-0.11065883,-0.1149838,-0.076612435,-0.083404,-0.1213824,-0.13072303,-0.13855581,-0.19385117,-0.09972468,-0.15606147,-0.19487974,-0.19129235,-0.18743646,-0.1118458,-0.14297134,-0.104112074,-0.16034701,-0.19476208,-0.17407113,-0.16899914,-0.1431562,-0.14301428,-0.10186596,-0.15369226,-0.16183332,-0.18099807,-0.19556051,-0.12198497,-0.14800379,-0.114076406,-0.080893576,-0.14382774,-0.20725825,-0.16087028,-0.125103,-0.15657571,-0.15690626,-0.14370483,-0.19202894,-0.16271932,-0.18253258,-0.2963242,-0.1973943,-0.18154809,-0.17160738,-0.19319618,-0.1577782,-0.14054683,-0.130755,-0.12557748,-0.13849443,-0.16281527,-0.30584824,-0.16637471,-0.18161906,-0.1929005,-0.11441202,-0.15111299,-0.14090997,-0.17819878,-0.16736954,-0.16501252,-0.14331086,-0.18237996,-0.12845437,-0.15313031,-0.13797396,-0.24156228,-0.17906684,-0.103838906,-0.13518342,-0.14287797,-0.17503563,-0.110564515,-0.13502142,-0.15323341,-0.16036639,-0.18157727,-0.15517795,-0.1498242,-0.19184028,-0.1753509,-0.16486454,-0.14723541,-0.14623587,-0.11499533,-0.10471026,-0.13584493,-0.20148799,-0.177357,-0.12513243,-0.16439605,-0.18041904,-0.18738703,-0.11705899,-0.17817271,-0.26084244,-0.0931641,-0.09293841,-0.115151644,-0.13686292,-0.14847079,-0.09905137,-0.18963712
k__Bacteria|p__Proteobacteria|c__Gammaproteobacteria|o__Enterobacterales|f__Hafniaceae|g__Obesumbacterium|s__Obesumbacterium_proteus,-0.1004395,-0.12316422,-0.1417211,-0.20428483,-0.16741522,-0.19391283,-0.1666669,-0.14540054,-0.12520108,-0.18399355,-0.18340504,-0.22262987,-0.16936633,-0.20350295,-0.10308736,-0.09892742,-0.058144663,-0.099493384,-0.10783313,-0.17123654,-0.1978925,-0.12536043,-0.1365324,-0.15276165,-0.17185864,-0.11658599,-0.16785863,-0.17435805,-0.1509206,-0.12124001,-0.13544947,-0.1056036,-0.14866726,-0.19581667,-0.18953149,-0.2175087,-0.16146922,-0.22338755,-0.19758114,-0.29867563,-0.29210672,-0.1981951,-0.10715675,-0.09162698,-0.13691942,-0.15526935,-0.23188588,-0.19403878,-0.14684123,-0.2026537,-0.18462431,-0.18279888,-0.19740385,-0.19821753,-0.20264326,-0.15774152,-0.12586656,-0.14399628,-0.09228583,-0.09562032,-0.17170167,-0.14276055,-0.13743341,-0.14723781,-0.12719077,-0.1516657,-0.2613474,-0.22333384,-0.18928798,-0.20047067,-0.14596842,-0.14955068,-0.13085283,-0.14284568,-0.15099879,-0.16443747,-0.14718194,-0.16278498,-0.15973347,-0.14998752,-0.1475859,-0.15738545,-0.15355529,-0.22480208,-0.120334074,-0.14176877,-0.1184026,-0.16133764,-0.17449349,-0.1559748,-0.16862056,-0.11139822,-0.1388583,-0.13027036,-0.1288688,-0.15152657,-0.14299244,-0.115600035,-0.10065024,-0.09033257,-0.10540893,-0.12054609,-0.13520202,-0.15027548,-0.16077834,-0.1185138,-0.11129953,-0.1578567,-0.17738779,-0.133753,-0.16445926,-0.25953975,-0.14901814,-0.13278401,-0.14175792,-0.15095688,-0.17780018,-0.16395764,-0.22917573,-0.09015879,-0.11027321,-0.13497913,-0.12975073,-0.13997786,-0.17409712,-0.13908121,-0.16057305,-0.12777606,-0.07092635,-0.03704006,-0.13721664,-0.16249679,-0.17932974,-0.14332479,-0.12334781,-0.13603403,-0.12023825,-0.13854393,-0.25318068,-0.26654312,-0.08340078,-0.10945694,-0.14475298,-0.09238048,-0.18812782,-0.1905339,-0.1530559,-0.09019502,-0.13230102,-0.1498601,-0.15054081,-0.15922336,-0.17087987,-0.18427701,-0.08777134,-0.1237912,-0.14135566,-0.10256614,-0.17951453,-0.19495486,-0.19155243,-0.10014077,-0.13113372,-0.07920627,-0.12796855,-0.19006202,-0.19361338,-0.19206762,-0.12366334,-0.07526607,-0.097051784,-0.118496105,-0.13669947,-0.12406494,-0.121451,-0.09439052,-0.09652635,-0.10846247,-0.082459606,-0.112786934,-0.1324254,-0.16746065,-0.1410757,-0.13661976,-0.18093297,-0.17825818,-0.19442311,-0.14491865,-0.15549555,-0.13566273,-0.119081676,-0.14001076,-0.19117098,-0.19134417,-0.1817353,-0.19755594,-0.25103784,-0.20219928,-0.19062227,-0.19150865,-0.18282731,-0.17418578,-0.27554205,-0.08916744,-0.11956477,-0.12813798,-0.15751183,-0.20931396,-0.18224281,-0.29657933,-0.32474133,-0.15317513,-0.3242122,-0.17325558,-0.17108874,-0.2185038,-0.17647925,-0.114121355,-0.14012763,-0.15388772,-0.15788373,-0.22984435,-0.18186735,-0.25495285,-0.10438223,-0.12455491,-0.13873622,-0.12430861,-0.15189947,-0.15535659,-0.1565932,-0.14014931,-0.15141064,-0.16352326,-0.15566032,-0.15387334,-0.15341681,-0.13398819,-0.12329097,-0.14660445,-0.19069123,-0.17722917,-0.21025829,-0.3990198,-0.20115447,-0.11347453,-0.1296617,-0.11840797,-0.14827253,-0.16636807,-0.18706742,-0.19210556,-0.13187528,-0.07657261,-0.15342097,-0.14008278,-0.14106366,-0.118228376,-0.19987361,-0.1649412,-0.15909861,-0.14170352,-0.123659715,-0.12722544,-0.14610182,-0.2588673,-0.107300505,-0.13074079,-0.09132757,-0.12832497,-0.12933968,-0.15014553,-0.15213762,-0.096225396,-0.08910369,-0.12441793,-0.11057443,-0.13800712,-0.15111254,-0.17069976,-0.14325058,-0.116584025,-0.17426762,-0.1521605,-0.1425524,-0.12548395,-0.14228275,-0.17466888,-0.13176009,-0.13248473,-0.14600301,-0.123002924,-0.08722703,-0.05825615,-0.14379385,-0.17082691,-0.026243303,-0.16688697,-0.2829064,-0.31316653,-0.19790305,-0.14595848,-0.14331596,-0.14862512,-0.12963767,-0.25088155,-0.19400784,-0.18904965,-0.09471017,-0.10932316,-0.10702289,-0.09362436,-0.12759323,-0.15327325,-0.15746465,-0.16734053,-0.12812386,-0.0969081,-0.16398169,-0.1438774,-0.11335766,-0.18846886,-0.1706479,-0.15426005,-0.1259439,-0.115196005,-0.11296646,-0.11662802,-0.17638023,-0.13867627,-0.13452798,-0.096878245,-0.12102612,-0.09165485,-0.12434345,-0.1361784,-0.063823454,-0.13877153,-0.11419349,-0.13404915,-0.24483351,-0.2571875,-0.29957527,-0.14643066,-0.1570318,-0.13235681,-0.19104545,-0.0782174,-0.1726555,-0.16462973,-0.09859173,-0.11065883,-0.11489701,-0.076612435,-0.083404,-0.1213824,-0.13072303,-0.13855581,-0.19385117,-0.099011555,-0.15610133,-0.19487974,-0.19151004,-0.18725637,-0.11132851,-0.14319903,-0.1030232,-0.15969196,-0.19435684,-0.17299119,-0.16953063,-0.14304455,-0.14266238,-0.10176268,-0.15352294,-0.16182682,-0.1813177,-0.19526276,-0.12136159,-0.1475712,-0.11395364,-0.079929605,-0.14323705,-0.20725825,-0.16123968,-0.125103,-0.15657571,-0.15690626,-0.14382058,-0.19202894,-0.16302246,-0.18255614,-0.2963242,-0.19787827,-0.18128888,-0.17181227,-0.19312419,-0.15767401,-0.14054683,-0.1305066,-0.12557748,-0.13857575,-0.16368523,-0.30584824,-0.16720693,-0.18160355,-0.19310275,-0.11441202,-0.1509168,-0.14073373,-0.1783887,-0.167232,-0.16491185,-0.14331086,-0.18237996,-0.12855732,-0.15364854,-0.1377007,-0.24156228,-0.1798664,-0.10318895,-0.13544711,-0.14211532,-0.17487505,-0.11040304,-0.13477221,-0.15261365,-0.16017178,-0.18214592,-0.15437937,-0.14941213,-0.19184028,-0.17585513,-0.16453405,-0.14723541,-0.14623587,-0.11499533,-0.10471026,-0.13520926,-0.20148799,-0.17757873,-0.12513243,-0.16601771,-0.18041904,-0.18738703,-0.11705899,-0.17695542,-0.25913638,-0.0924415,-0.09215937,-0.11485863,-0.13610493,-0.14816138,-0.098472595,-0.18947962
k__Bacteria|p__Proteobacteria|c__Gammaproteobacteria|o__Enterobacterales|f__Enterobacteriaceae|g__Kosakonia|s__Kosakonia_cowanii,-0.1004395,-0.12316422,-0.14179096,-0.20428483,-0.16582188,-0.19330493,-0.1666669,-0.1443994,-0.124643,-0.1828221,-0.1835813,-0.23424664,-0.16962016,-0.20814365,-0.102920204,-0.09972265,-0.058144663,-0.09908947,-0.10736088,-0.1700339,-0.1978925,-0.12536043,-0.13554041,-0.1512225,-0.1710151,-0.11658599,-0.16633222,-0.1728642,-0.1509206,-0.12124001,-0.13424589,-0.10586531,-0.1477398,-0.19623935,-0.18863718,-0.2175087,-0.15994602,-0.22338755,-0.1970354,-0.29867563,-0.29210672,-0.19863087,-0.106830426,-0.09162698,-0.13691942,-0.15431303,-0.23188588,-0.19316298,-0.14608836,-0.2026537,-0.1824747,-0.18279888,-0.19797827,-0.20033523,-0.20614457,-0.15683764,-0.12519726,-0.14323322,-0.09143077,-0.09531787,-0.17034301,-0.14137912,-0.13743341,-0.14629862,-0.12719077,-0.15071526,-0.2613474,-0.22333384,-0.18791002,-0.20047067,-0.14495876,-0.14852276,-0.130518,-0.14243257,-0.14983785,-0.16296253,-0.1455057,-0.16278498,-0.15891379,-0.14998752,-0.14612554,-0.15670651,-0.1525006,-0.22480208,-0.120334074,-0.14083338,-0.11787976,-0.15991902,-0.1731451,-0.1552515,-0.16715805,-0.11139822,-0.1388583,-0.13027036,-0.12784821,-0.15152657,-0.14135936,-0.11484914,-0.10065024,-0.090354376,-0.105111495,-0.12007692,-0.1343227,-0.15027548,-0.15928179,-0.1185138,-0.11129953,-0.1578567,-0.17738779,-0.13371347,-0.1636435,-0.25953975,-0.14804497,-0.13242505,-0.14153165,-0.15095688,-0.17780018,-0.16333523,-0.22917573,-0.09015879,-0.10938592,-0.13418064,-0.12940705,-0.13997786,-0.17315587,-0.13908121,-0.16057305,-0.12777606,-0.07092635,-0.03704006,-0.13656908,-0.16114958,-0.17790438,-0.14332479,-0.12334781,-0.13509227,-0.12023825,-0.13754493,-0.25318068,-0.26654312,-0.08302419,-0.10945694,-0.14367133,-0.09238048,-0.18697506,-0.18979338,-0.15258184,-0.08984441,-0.13230102,-0.14884734,-0.14983073,-0.15842268,-0.16988206,-0.18252334,-0.087633796,-0.12345463,-0.1406942,-0.10256614,-0.17951453,-0.19495486,-0.19069323,-0.09961562,5.164565,-0.08032584,-0.12737098,-0.19006202,-0.1928845,-0.19113967,-0.122372456,-0.07506192,-0.097028896,-0.11842738,-0.135992,-0.12406494,-0.121451,-0.094359726,-0.09661488,-0.10817583,-0.082459606,-0.11274676,-0.13154605,-0.1660574,-0.1410757,-0.13575149,-0.18093297,-0.17825818,-0.19431514,-0.1442802,-0.15549555,-0.13488111,-0.119081676,-0.14001076,-0.19117098,-0.1911673,-0.18113571,-0.19755594,-0.25103784,-0.20219928,-0.18912806,-0.19056971,-0.18218935,-0.17368561,-0.27554205,-0.08916744,-0.11956477,-0.12713489,-0.15751183,-0.20931396,-0.18224281,-0.29657933,-0.32474133,-0.1531857,-0.3242122,-0.17325558,-0.17108874,-0.2185038,-0.17647925,-0.114121355,-0.13942608,-0.15388772,-0.15788373,-0.22984435,-0.18186735,-0.2627601,-0.10404776,-0.12455491,-0.13777307,-0.123442665,-0.15189947,-0.15398361,-0.15502505,-0.14014931,-0.15141064,-0.16197799,-0.15441823,-0.15277931,-0.15257335,-0.13374215,-0.12230917,-0.14575502,-0.18951881,-0.17672716,-0.21025829,-0.3990198,-0.20658271,-0.11300652,-0.1296617,-0.11850835,-0.14712426,-0.16636807,-0.18547484,-0.19094798,-0.13078853,-0.07662663,-0.15223077,-0.1389747,-0.14106366,-0.11683409,-0.19987361,-0.1649412,-0.15790474,-0.14139095,-0.12315662,-0.12722544,-0.14610182,-0.2588673,-0.10685773,-0.13074079,-0.09132757,-0.12832497,-0.1282699,-0.14866295,-0.15065557,-0.09586823,-0.08910369,-0.12381177,-0.110053495,-0.13731286,-0.14997852,-0.16961987,-0.14211899,-0.115613714,-0.17309688,-0.15111536,-0.14158732,-0.12519172,-0.14106962,-0.17466888,-0.13176009,-0.13170421,-0.14513671,-0.1224429,-0.08722703,-0.05825615,-0.14268844,-0.17082691,-0.026243303,-0.16611065,-0.2829064,-0.31316653,-0.20016336,-0.14494547,-0.14331596,-0.14862512,-0.12963767,-0.25088155,-0.19368437,-0.1877611,-0.094033234,-0.10891965,-0.10702289,-0.09374675,-0.12759323,-0.15221146,-0.15746465,-0.16661415,-0.12812386,-0.0969081,-0.16398169,-0.14241832,-0.11335766,-0.18846886,-0.1706479,-0.15324095,-0.1252217,-0.115196005,-0.11268732,-0.11662802,-0.17513102,-0.13780499,-0.1338967,-0.096878245,-0.12109232,-0.09122777,-0.12434345,-0.13461538,-0.063823454,-0.13877153,-0.11419349,-0.13304111,-0.24483351,-0.2571875,-0.29957527,-0.14566988,-0.15622482,-0.13183874,-0.19104545,-0.0782174,-0.17222202,-0.16346806,-0.09859173,-0.11065883,-0.11337459,-0.076612435,-0.083404,-0.1213824,-0.13072303,-0.13855581,-0.19385117,-0.0988453,-0.15479709,-0.19487974,-0.19048569,-0.18648057,-0.11057282,-0.1423088,-0.1024941,-0.1581506,-0.19420487,-0.17240241,-0.16820374,-0.14213637,-0.14214125,-0.10181834,-0.15260445,-0.16094826,-0.18050143,-0.19521138,-0.12055656,-0.14652488,-0.11312333,-0.07984798,-0.14257291,-0.20725825,-0.15975115,-0.125103,-0.15657571,-0.15690626,-0.14323646,-0.19202894,-0.161598,-0.18082224,-0.2963242,-0.20012578,-0.18126659,-0.17126825,-0.19308221,-0.15719175,-0.14054683,-0.12973511,-0.12557748,-0.13766262,-0.16269605,-0.30584824,-0.16619377,-0.18030679,-0.19221492,-0.11441202,-0.14961083,-0.13996556,-0.17727253,-0.16612762,-0.163706,-0.14331086,-0.18237996,-0.12802273,-0.15299295,-0.13752541,-0.24156228,-0.17877115,-0.102767766,-0.13460219,-0.14129996,-0.17343573,-0.10976897,-0.13392562,-0.15110122,-0.15924425,-0.1814038,-0.15343463,-0.14830537,-0.19184028,-0.17445911,-0.16296571,-0.14723541,-0.14623587,-0.11499533,-0.10471026,-0.13454434,-0.20148799,-0.17578684,-0.12513243,-0.16546127,-0.18041904,-0.18738703,-0.11705899,-0.17528296,-0.26130062,-0.09227599,-0.091918156,-0.11437315,-0.13560793,-0.1475355,-0.09828475,-0.1880787
k__Bacteria|p__Proteobacteria|c__Gammaproteobacteria|o__Moraxellales|f__Moraxellaceae|g__Acinetobacter|s__Acinetobacter_johnsonii,-0.1004395,-0.12316422,-0.14088757,-0.20428483,-0.16660978,-0.19337979,-0.1666669,-0.14516085,-0.12463646,-0.18414414,-0.18248385,-0.2230072,-0.16860838,-0.20312619,-0.102830276,-0.09849426,-0.058144663,-0.09986459,-0.107333735,-0.1710147,-0.1978925,-0.12536043,-0.13661414,-0.15297827,-0.17156939,-0.11658599,-0.16757607,-0.17442903,-0.1509206,-0.12124001,-0.13512993,-0.10514326,-0.14829162,-0.19550535,-0.18949938,-0.2175087,-0.16018738,-0.22338755,-0.1963697,-0.29867563,-0.29210672,-0.19815722,-0.10700999,-0.09162698,-0.13691942,-0.15454908,-0.23188588,-0.1934742,-0.14673185,-0.2026537,-0.18305051,-0.18279888,-0.1971286,-0.19806343,-0.20334084,-0.15834503,-0.12576503,-0.14390981,-0.09234126,-0.095487766,-0.17174003,-0.14278889,-0.13743341,-0.14694317,-0.12719077,-0.15088338,-0.2613474,-0.22333384,-0.18871506,-0.20047067,-0.14609778,-0.14945796,-0.13075879,-0.14286965,-0.1517113,-0.16477373,-0.14730936,-0.16278498,-0.15879446,-0.14998752,-0.14757705,-0.1567993,-0.15351398,-0.22480208,-0.120334074,-0.14148596,-0.11812183,-0.16155213,-0.17447102,-0.15525274,-0.16858903,-0.11139822,-0.1388583,-0.13027036,-0.12898389,-0.15152657,-0.1427924,-0.11559923,-0.10065024,-0.090093255,-0.10539569,-0.12053539,-0.13505632,-0.15027548,-0.16075706,-0.1185138,-0.11129953,-0.1578567,-0.17738779,-0.1338418,-0.16366109,-0.25953975,-0.14851329,-0.13229106,-0.1414394,-0.15095688,-0.17780018,-0.16274871,-0.22917573,-0.09015879,-0.10989024,-0.13463321,-0.12971248,-0.13997786,-0.17339814,-0.13908121,-0.16057305,-0.12777606,-0.07092635,-0.03704006,-0.13680005,-0.16249046,-0.17913145,-0.14332479,-0.12334781,-0.13550961,-0.12023825,-0.13860981,-0.25318068,-0.26654312,-0.08334382,-0.10945694,-0.145056,-0.09238048,-0.1876589,-0.19017978,-0.15264112,-0.09005783,-0.13230102,-0.14942743,-0.15019804,-0.15904927,-0.17070471,-0.18471918,-0.08741069,-0.1236791,-0.14095944,-0.10256614,-0.17951453,-0.19495486,-0.19150667,-0.10010786,-0.13113372,-0.07945466,-0.12781222,-0.19006202,-0.19352058,-0.19161937,-0.12364578,-0.0750124,-0.09694972,-0.11816403,-0.13650048,-0.12406494,-0.121451,-0.094231956,-0.09608071,-0.1082803,-0.082459606,-0.11270485,-0.13240513,-0.16743904,-0.1410757,-0.13601029,-0.18093297,-0.17825818,-0.1938191,-0.14465255,-0.15549555,-0.13559866,-0.119081676,-0.14001076,-0.19117098,-0.19056603,-0.18113215,-0.19755594,-0.25103784,-0.20219928,-0.19001095,-0.19081229,-0.18239473,-0.17338097,-0.27554205,-0.08916744,-0.11956477,-0.12749514,-0.15751183,-0.20931396,-0.18224281,-0.29657933,-0.32474133,-0.14897579,-0.3242122,-0.17325558,-0.17108874,-0.2185038,-0.17647925,-0.114121355,-0.13954405,-0.15388772,-0.15788373,-0.22984435,-0.18186735,-0.25363237,-0.10420543,-0.12455491,-0.13856012,-0.12436156,-0.15189947,-0.15553275,-0.15684225,-0.14014931,-0.15141064,-0.16385153,-0.15520069,-0.1537506,-0.15284395,-0.13369337,-0.12315409,-0.14639434,-0.19101569,-0.17681566,-0.21025829,-0.3990198,-0.20087871,-0.113217875,-0.1296617,-0.11851868,-0.14816153,-0.16636807,-0.1871328,-0.19160563,-0.13125259,-0.07663135,-0.15361866,-0.13973364,-0.14106366,-0.11808408,-0.19987361,-0.1649412,-0.15808356,-0.14115965,-0.12351607,-0.12722544,-0.14610182,-0.2588673,-0.10691582,-0.13074079,-0.09132757,-0.12832497,-0.12963933,-0.14983326,-0.1523362,-0.09613837,-0.08910369,-0.12435728,-0.11036175,-0.13770846,-0.1508515,-0.17068063,-0.14302903,-0.11637504,-0.17388031,-0.15188044,-0.1425651,-0.12506633,-0.14249271,-0.17466888,-0.13176009,-0.13238709,-0.1458012,-0.12291347,-0.08722703,-0.05825615,-0.143347,-0.17082691,-0.026243303,-0.16502486,-0.2829064,-0.31316653,-0.19731471,-0.14573301,-0.14331596,-0.14862512,-0.12963767,-0.25088155,-0.19369218,-0.18893638,-0.094605416,-0.10928704,-0.10702289,-0.094338745,-0.12759323,-0.15271524,-0.15746465,-0.16697514,-0.12812386,-0.0969081,-0.16398169,-0.14432994,-0.11335766,-0.18846886,-0.1706479,-0.15380877,-0.12590626,-0.115196005,-0.11297451,-0.11662802,-0.17628923,-0.13863936,-0.13453807,-0.096878245,-0.12085665,-0.09176484,-0.12434345,-0.13609183,-0.063823454,-0.13877153,-0.11419349,-0.13367823,-0.24483351,-0.2571875,-0.29957527,-0.14613543,-0.15685849,-0.13242146,-0.19104545,-0.0782174,-0.17233147,-0.16458994,-0.09859173,-0.11065883,-0.11487498,-0.076612435,-0.083404,-0.1213824,-0.13072303,-0.13855581,-0.19385117,-0.09911362,-0.15561247,-0.19487974,-0.19100589,-0.18704025,-0.11124035,-0.14280385,-0.10324794,-0.16004135,-0.19388449,-0.17345089,-0.16904485,-0.14273195,-0.14242132,-0.10108586,-0.1532723,-0.1613814,-0.18060638,-0.19477895,-0.12133346,-0.14747599,-0.113465205,-0.07997921,-0.14305687,-0.20725825,-0.16082147,-0.125103,-0.15657571,-0.15690626,-0.1430964,-0.19202894,-0.16265133,-0.18267676,-0.2963242,-0.1953871,-0.18090774,-0.17115021,-0.1925167,-0.15711568,-0.14054683,-0.13029589,-0.12557748,-0.1381275,-0.16283022,-0.30584824,-0.16671118,-0.18180719,-0.19241591,-0.11441202,-0.15090543,-0.14030907,-0.17792264,-0.16711989,-0.16471592,-0.14331086,-0.18237996,-0.12787387,-0.15316227,-0.13723826,-0.24156228,-0.17877048,-0.10314235,-0.1348457,-0.14237992,-0.17484298,-0.11009914,-0.13454847,-0.1531367,-0.15990192,-0.18145776,-0.15482938,-0.1494265,-0.19184028,-0.1752995,-0.16484258,-0.14723541,-0.14623587,-0.11499533,-0.10471026,-0.13505052,-0.20148799,-0.17743772,-0.12513243,-0.16447984,-0.18041904,-0.18738703,-0.11705899,-0.17771268,-0.25812143,-0.09219529,-0.09210411,-0.114438295,-0.13608508,-0.1480473,-0.09824074,-0.18945087
k__Bacteria|p__Proteobacteria|c__Gammaproteobacteria|o__Pasteurellales|f__Pasteurellaceae|g__Haemophilus|s__Haemophilus_SGB36986,-0.1004395,-0.12316422,-0.1422858,-0.20428483,-0.16711035,-0.19383875,-0.1666669,-0.14517115,-0.12545069,-0.18343738,-0.1843065,-0.22843051,-0.17036979,-0.2056767,-0.10342328,-0.09962857,-0.058144663,-0.09961124,-0.10802684,-0.17102242,-0.1978925,-0.12536043,-0.13639355,-0.15228808,-0.17177036,-0.11658599,-0.16747922,-0.17387357,-0.1509206,-0.12124001,-0.13527149,-0.106151804,-0.1486193,-0.19631097,-0.18938026,-0.2175087,-0.16123432,-0.22338755,-0.19786642,-0.29867563,-0.29210672,-0.1988168,-0.10728731,-0.09162698,-0.13691942,-0.15525582,-0.23188588,-0.19409305,-0.1467574,-0.2026537,-0.1839787,-0.18279888,-0.19802427,-0.19978006,-0.20487879,-0.15768084,-0.12588587,-0.14395614,-0.092176296,-0.09582031,-0.171249,-0.14242,-0.13743341,-0.14713863,-0.12719077,-0.15157765,-0.2613474,-0.22333384,-0.18906102,-0.20047067,-0.14570354,-0.14938858,-0.13103372,-0.14304143,-0.15059152,-0.1639443,-0.1465284,-0.16278498,-0.15969136,-0.14998752,-0.14731124,-0.15742163,-0.15339425,-0.22480208,-0.120334074,-0.1417317,-0.11856054,-0.16083348,-0.17410493,-0.15614462,-0.16821173,-0.11139822,-0.1388583,-0.13027036,-0.12874718,-0.15152657,-0.14265057,-0.115582764,-0.10065024,-0.090778634,-0.10558819,-0.12062218,-0.13511467,-0.15027548,-0.1603327,-0.1185138,-0.11129953,-0.1578567,-0.17738779,-0.13390312,-0.16472709,-0.25953975,-0.14890975,-0.13306174,-0.1420745,-0.15095688,-0.17780018,-0.1642152,-0.22917573,-0.09015879,-0.11036591,-0.13499312,-0.1299519,-0.13997786,-0.17411178,-0.13908121,-0.16057305,-0.12777606,-0.07092635,-0.03704006,-0.13741496,-0.16217826,-0.1789934,-0.14332479,-0.12334781,-0.13598627,-0.12023825,-0.1384219,-0.25318068,-0.26654312,-0.083514445,-0.10945694,-0.14451373,-0.09238048,-0.18793622,-0.19061647,-0.15329808,-0.090352975,-0.13230102,-0.14981025,-0.15058368,-0.15911695,-0.17075083,-0.18353164,-0.08807668,-0.123951055,-0.14137027,-0.10256614,-0.17951453,-0.19495486,-0.19130404,-0.10024056,-0.13113372,-0.08010927,-0.12828957,-0.19006202,-0.19353858,-0.19197306,-0.12334713,-0.07543923,-0.097301014,-0.11892406,-0.13676223,-0.12406494,-0.121451,-0.094702765,-0.09701035,-0.10870794,-0.082459606,-0.113136224,-0.13242388,-0.16705278,-0.1410757,-0.13663301,-0.18093297,-0.17825818,-0.19470105,-0.14508437,-0.15549555,-0.13562706,-0.119081676,-0.14001076,-0.19117098,-0.19154559,-0.18177287,-0.19755594,-0.25103784,-0.20219928,-0.19030617,-0.19149382,-0.18290158,-0.17445314,-0.27554205,-0.08916744,-0.11956477,-0.12822956,-0.15751183,-0.20931396,-0.18224281,-0.29657933,-0.32474133,-0.15458006,-0.3242122,-0.17325558,-0.17108874,-0.2185038,-0.17647925,-0.114121355,-0.14023079,-0.15388772,-0.15788373,-0.22984435,-0.18186735,-0.25918764,-0.10458628,-0.12455491,-0.13866612,-0.124274306,-0.15189947,-0.15494621,-0.15606421,-0.14014931,-0.15141064,-0.16296613,-0.15547112,-0.15360776,-0.15354413,-0.13425559,-0.12320091,-0.14663225,-0.19023743,-0.17751238,-0.21025829,-0.3990198,-0.20449044,-0.1136224,-0.1296617,-0.11876885,-0.14820178,-0.16636807,-0.18651246,-0.19190744,-0.13190287,-0.07679131,-0.15318257,-0.13995144,-0.14106366,-0.11805534,-0.19987361,-0.1649412,-0.15901008,-0.14200439,-0.12393026,-0.12722544,-0.14610182,-0.2588673,-0.107541636,-0.13074079,-0.09132757,-0.12832497,-0.1291275,-0.14994682,-0.15162647,-0.09637009,-0.08910369,-0.12452055,-0.11079366,-0.1380887,-0.15102965,-0.17045729,-0.14308058,-0.11657591,-0.17405067,-0.15211314,-0.14244318,-0.12578577,-0.14197367,-0.17466888,-0.13176009,-0.13241363,-0.14601758,-0.12305972,-0.08722703,-0.05825615,-0.14367384,-0.17082691,-0.026243303,-0.1673123,-0.2829064,-0.31316653,-0.19930795,-0.14579946,-0.14331596,-0.14862512,-0.12963767,-0.25088155,-0.19412777,-0.1886611,-0.094785154,-0.10938995,8.569229,-0.09386644,-0.12759323,-0.15330482,-0.15746465,-0.16724935,-0.12812386,-0.0969081,-0.16398169,-0.14349234,-0.11335766,-0.18846886,-0.1706479,-0.15414634,-0.12584908,-0.115196005,-0.1131884,-0.11662802,-0.17597263,-0.1385712,-0.134502,-0.096878245,-0.1214544,-0.0917799,-0.12434345,-0.13579544,-0.063823454,-0.13877153,-0.11419349,-0.13400808,1.7770245,-0.2571875,-0.29957527,-0.14641112,-0.15690611,-0.13246673,-0.19104545,-0.0782174,-0.17262174,-0.16449745,-0.09859173,-0.11065883,-0.11456377,-0.076612435,-0.083404,-0.1213824,-0.13072303,-0.13855581,-0.19385117,-0.09911945,-0.15596306,-0.19487974,-0.19137895,-0.1872076,-0.111347206,-0.1431574,-0.10300026,-0.15907465,-0.1945836,-0.17296639,-0.16941991,-0.14299062,-0.14272182,-0.10231298,-0.15352714,-0.16176702,-0.18134548,-0.19557479,-0.12131333,-0.14737459,-0.11399224,-0.08020591,-0.14348212,-0.20725825,-0.16080797,-0.125103,-0.15657571,-0.15690626,-0.14396647,-0.19202894,-0.16278344,-0.18191613,-0.2963242,-0.19950905,-0.18188262,-0.17212833,-0.1934984,-0.15807617,-0.14054683,-0.13053447,-0.12557748,-0.13864452,-0.16383567,-0.30584824,-0.1670918,-0.18127535,-0.19296451,-0.11441202,-0.15078613,-0.1408126,-0.17820571,-0.16704218,-0.16459617,-0.14331086,-0.18237996,-0.12877597,-0.15380895,-0.13823754,-0.24156228,-0.17977329,-0.1032978,-0.13552189,-0.14193688,-0.17449187,-0.11050544,-0.13484591,-0.15206027,-0.15992925,-0.18209614,-0.15411371,-0.14926806,-0.19184028,-0.1756059,-0.16393647,-0.14723541,-0.14623587,-0.11499533,-0.10471026,-0.13537508,-0.20148799,-0.17695843,-0.12513243,-0.16618481,-0.18041904,-0.18738703,-0.11705899,-0.17602417,-0.2604581,-0.092721716,-0.09237897,-0.11507111,-0.13622783,-0.14824387,-0.098850474,-0.1890078
k__Bacteria|p__Proteobacteria|c__Gammaproteobacteria|o__Aeromonadales|f__Aeromonadaceae|g__Aeromonas|s__Aeromonas_dhakensis,-0.1004395,-0.12316422,-0.14229017,-0.20428483,-0.1674128,-0.19421798,-0.1666669,-0.14551161,-0.12531586,-0.18395872,-0.18369144,-0.23073223,-0.1700685,-0.20637465,-0.10359457,-0.09991355,-0.058144663,-0.09999628,-0.10821716,-0.1713347,-0.1978925,-0.12536043,-0.13670292,-0.15275015,-0.1721395,-0.11658599,-0.16757013,-0.17437688,-0.1509206,-0.12124001,-0.13539357,-0.10622598,-0.1487638,-0.1966834,-0.18980582,-0.2175087,-0.1615219,-0.22338755,-0.19812396,-0.29867563,-0.29210672,-0.19919902,-0.107607864,-0.09162698,-0.13691942,-0.15542771,-0.23188588,-0.19428235,-0.14716256,-0.2026537,-0.18410131,-0.18279888,-0.19833691,-0.2001554,-0.20585194,-0.1581077,-0.12621057,-0.14428917,-0.09248846,-0.09611725,-0.17167743,-0.1427429,-0.13743341,-0.14741728,-0.12719077,-0.15158457,-0.2613474,-0.22333384,-0.18936434,-0.20047067,-0.14618716,-0.1496863,-0.13133991,-0.14330983,-0.1512749,-0.1645365,-0.14701574,-0.16278498,-0.15980503,-0.14998752,-0.14753264,-0.15762106,-0.15368435,-0.22480208,-0.120334074,-0.14190407,-0.118789695,-0.16133049,-0.17463575,-0.15621364,-0.1684686,-0.11139822,-0.1388583,-0.13027036,-0.12899546,-0.15152657,-0.14269187,-0.11586696,-0.10065024,-0.090843506,-0.10586138,-0.120964006,-0.13543722,-0.15027548,-0.16072562,-0.1185138,-0.11129953,-0.1578567,-0.17738779,-0.13435623,-0.16475654,-0.25953975,-0.14913124,-0.1330952,-0.14225006,-0.15095688,-0.17780018,-0.16424614,-0.22917573,-0.09015879,-0.110375896,-0.13515523,-0.13021433,-0.13997786,-0.17417383,-0.13908121,-0.16057305,-0.12777606,-0.07092635,-0.03704006,-0.13748056,-0.16251782,-0.17933634,-0.14332479,-0.12334781,-0.13595867,-0.12023825,-0.13875118,-0.25318068,-0.26654312,-0.08377987,-0.10945694,-0.14488941,-0.09238048,-0.18808106,-0.1908656,-0.15340179,-0.090621665,-0.13230102,-0.14994867,-0.15079242,-0.15949023,-0.17107737,-0.18422121,-0.088257544,-0.12427506,-0.14163771,-0.10256614,-0.17951453,-0.19495486,-0.19194868,-0.10054229,-0.13113372,-0.0804463,-0.12839651,-0.19006202,-0.1940203,-0.19232166,-0.123771936,-0.07565287,-0.09757139,-0.11904366,-0.13692546,-0.12406494,-0.121451,-0.09501034,-0.09709878,-0.108831525,-0.082459606,-0.11327353,-0.13256803,-0.16747962,-0.1410757,-0.13676101,-0.18093297,-0.17825818,-0.19500953,-0.14524966,-0.15549555,-0.13599932,-0.119081676,-0.14001076,-0.19117098,-0.19192474,-0.18201067,-0.19755594,4.488011,-0.20219928,-0.1904538,-0.19163907,-0.18309508,-0.17449225,-0.27554205,-0.08916744,-0.11956477,-0.12810372,-0.15751183,-0.20931396,-0.18224281,-0.29657933,-0.32474133,-0.1527642,-0.3242122,-0.17325558,-0.17108874,-0.2185038,-0.17647925,-0.114121355,-0.14026883,-0.15388772,-0.15788373,-0.22984435,-0.18186735,-0.25972992,-0.10483959,-0.12455491,-0.13880028,-0.124535576,-0.15189947,-0.15539318,-0.15663163,-0.14014931,-0.15141064,-0.16353339,-0.15571022,-0.15396899,-0.15362993,-0.13444284,-0.12343158,-0.14670113,-0.19076243,-0.17770724,-0.21025829,-0.3990198,-0.20384684,-0.113829575,-0.1296617,-0.11904083,-0.14837511,-0.16636807,-0.18695125,-0.19219825,-0.13194543,-0.07702394,-0.15355317,-0.1401261,-0.14106366,-0.118352205,-0.19987361,-0.1649412,-0.15899046,-0.14209642,-0.123995006,-0.12722544,-0.14610182,-0.2588673,-0.107721075,-0.13074079,-0.09132757,-0.12832497,-0.12951268,-0.15005955,-0.1521464,-0.09666083,-0.08910369,-0.12470214,-0.11091463,-0.1382753,-0.15115753,-0.17091724,-0.14336854,-0.116625115,-0.17427334,-0.15224867,-0.14275473,-0.12591119,-0.14233297,-0.17466888,-0.13176009,-0.13266946,-0.14617771,-0.12340741,-0.08722703,-0.05825615,-0.14387614,-0.17082691,-0.026243303,-0.16704023,-0.2829064,-0.31316653,-0.19922921,-0.14613517,-0.14331596,-0.14862512,-0.12963767,-0.25088155,-0.19469622,-0.18917151,-0.09499303,-0.109687194,-0.10702289,-0.094345376,-0.12759323,-0.15328586,-0.15746465,-0.16763586,-0.12812386,-0.0969081,-0.16398169,-0.1439428,-0.11335766,-0.18846886,-0.1706479,-0.15443051,-0.1261791,-0.115196005,-0.1134796,-0.11662802,-0.17632481,-0.13895789,-0.13486296,-0.096878245,-0.121599026,-0.092057735,-0.12434345,-0.13602555,-0.063823454,-0.13877153,-0.11419349,-0.1341984,-0.24483351,-0.2571875,-0.29957527,-0.1467343,-0.15720697,-0.13278106,-0.19104545,-0.0782174,-0.17297229,-0.16475384,-0.09859173,-0.11065883,-0.11475673,-0.076612435,-0.083404,-0.1213824,-0.13072303,-0.13855581,-0.19385117,-0.09963338,-0.15617892,-0.19487974,-0.19162571,-0.18755703,-0.11163443,-0.14326608,-0.10335775,-0.15970401,-0.19492267,-0.17349601,-0.16942504,-0.14325052,-0.14302662,-0.10229682,-0.15368041,-0.16198039,-0.18142742,-0.19573662,-0.12163665,-0.14769344,-0.114014074,-0.0802923,-0.14376639,-0.20725825,-0.1612403,-0.125103,-0.15657571,-0.15690626,-0.14401811,-0.19202894,-0.16301751,-0.18241894,-0.2963242,-0.1991914,-0.18171439,-0.17204139,-0.19368578,-0.15806179,-0.14054683,-0.13077858,-0.12557748,-0.1387094,-0.16399153,-0.30584824,-0.16713211,-0.18167186,-0.19324705,-0.11441202,-0.15094674,-0.14097011,-0.17847702,-0.16740005,-0.16497849,-0.14331086,-0.18237996,-0.12886146,-0.15377311,-0.13840754,-0.24156228,-0.1797928,-0.10365344,-0.13553642,-0.1424044,-0.17494813,-0.11066458,-0.13493949,-0.15253079,-0.16043755,-0.18223,-0.15465795,-0.14966947,-0.19184028,-0.17587167,-0.16450447,-0.14723541,-0.14623587,-0.11499533,-0.10471026,-0.13551849,-0.20148799,-0.17751482,-0.12513243,-0.16581875,-0.18041904,-0.18738703,-0.11705899,-0.17689998,-0.26086557,-0.0929491,-0.09259567,-0.11516145,-0.13649687,-0.1485079,-0.09895535,-0.18933196
k__Bacteria|p__Proteobacteria|c__Gammaproteobacteria|o__Enterobacterales|f__Enterobacteriaceae|g__Enterobacter|s__Enterobacter_mori,-0.1004395,-0.12316422,-0.14104727,-0.20428483,-0.16628595,-0.19287117,-0.1666669,-0.14507097,-0.12542476,-0.1842226,-0.18201527,-0.21344197,-0.16971128,-0.19877669,-0.10297683,-0.09837937,-0.058144663,-0.099809244,-0.10758188,-0.1709794,-0.1978925,-0.12536043,-0.13664562,-0.15275729,-0.17121479,-0.11658599,-0.16787684,-0.17418335,-0.1509206,-0.12124001,-0.13542828,-0.10537046,-0.14837207,-0.19459113,-0.18898264,-0.2175087,-0.16020045,-0.22338755,-0.19575775,-0.29867563,-0.29210672,-0.19694665,-0.10718626,-0.09162698,-0.13691942,-0.1546633,-0.23188588,-0.19303232,-0.14659455,-0.2026537,-0.18328425,-0.18279888,-0.19578679,-0.1959253,-0.19960189,-0.15877095,-0.12576535,-0.14376351,-0.09276867,-0.095813304,-0.17150924,-0.14280796,-0.13743341,-0.1468386,-0.12719077,-0.15162191,-0.2613474,-0.22333384,-0.18827723,-0.20047067,-0.14583728,-0.14939475,-0.13059339,-0.1426456,-0.15131536,-0.16434892,-0.1473335,-0.16278498,-0.1587169,-0.14998752,-0.14769644,-0.15662561,-0.15350808,-0.22480208,-0.120334074,-0.14162037,-0.11831389,-0.16138655,-0.17403959,-0.15512177,-0.16840947,-0.11139822,-0.1388583,-0.13027036,-0.12929522,-0.15152657,-0.14335515,-0.1159866,-0.10065024,-0.09061238,-0.105720595,-0.120659344,-0.13508862,-0.15027548,-0.1606931,-0.1185138,-0.11129953,-0.1578567,-0.17738779,-0.13350138,-0.16373569,-0.25953975,-0.14861748,-0.13241449,-0.14120467,-0.15095688,-0.17780018,-0.16278982,-0.22917573,-0.09015879,-0.11045752,-0.13471495,-0.12964015,-0.13997786,-0.17324397,-0.13908121,-0.16057305,-0.12777606,-0.07092635,-0.03704006,-0.13696328,-0.16236936,-0.17888297,-0.14332479,-0.12334781,-0.13600364,-0.12023825,-0.13852917,-0.25318068,-0.26654312,-0.083763,-0.10945694,-0.14496073,-0.09238048,-0.18760028,-0.18944013,-0.15252325,-0.09040685,-0.13230102,-0.14956895,-0.15013975,-0.158839,-0.17046624,-0.18429127,-0.08773884,-0.12368457,-0.14057666,-0.10256614,-0.17951453,-0.19495486,-0.19077736,-0.10037118,-0.13113372,-0.079175636,-0.12822038,-0.19006202,-0.19272071,-0.19099176,-0.12369504,-0.0755671,-0.097200274,-0.11834602,-0.136595,-0.12406494,-0.121451,-0.09431272,-0.096432425,-0.10859272,-0.082459606,-0.1129684,-0.13267525,-0.16729137,-0.1410757,-0.1363455,-0.18093297,-0.17825818,-0.19300112,-0.144633,-0.15549555,-0.13556208,-0.119081676,-0.14001076,-0.19117098,-0.18963599,-0.18069214,-0.19755594,-0.25103784,-0.20219928,-0.18987066,-0.1904519,-0.18218157,-0.17315966,-0.27554205,-0.08916744,-0.11956477,-0.1280903,-0.15751183,-0.20931396,-0.18224281,-0.29657933,-0.32474133,-0.15103541,-0.3242122,-0.17325558,-0.17108874,-0.2185038,-0.17647925,-0.114121355,-0.13974506,-0.15388772,-0.15788373,-0.22984435,-0.18186735,-0.24934036,-0.10434143,-0.12455491,-0.13881037,-0.124666646,-0.15189947,-0.15528142,-0.15666977,-0.14014931,-0.15141064,-0.16354069,-0.15514955,-0.15357663,-0.15273876,-0.13376132,-0.12344621,-0.14676018,-0.19039223,-0.17616117,-0.21025829,-0.3990198,-0.20018879,-0.11347509,-0.1296617,-0.1185057,-0.1483636,-0.16636807,-0.18683119,-0.19134773,-0.13149129,-0.0772403,-0.15361026,-0.13994496,-0.14106366,-0.1185123,-0.19987361,-0.1649412,-0.15820831,-0.14100316,-0.12367479,-0.12722544,-0.14610182,-0.2588673,-0.107174516,-0.13074079,-0.09132757,-0.12832497,-0.12975213,-0.1499247,-0.1522437,-0.096398234,-0.08910369,-0.12453799,-0.11064169,-0.13783138,-0.15093306,-0.17035802,-0.14301366,-0.116902396,-0.17367461,-0.15192506,-0.14249414,-0.12501377,-0.14268911,-0.17466888,-0.13176009,-0.13255206,-0.14578253,-0.122912526,-0.08722703,-0.05825615,-0.14338593,-0.17082691,-0.026243303,-0.16547526,-0.2829064,-0.31316653,-0.19655013,-0.14568733,-0.14331596,-0.14862512,-0.12963767,-0.25088155,-0.19266325,-0.18842311,-0.094947904,-0.109575845,-0.10702289,-0.09440386,-0.12759323,-0.15305987,-0.15746465,-0.166737,-0.12812386,-0.0969081,-0.16398169,-0.1442945,-0.11335766,-0.18846886,-0.1706479,-0.1536327,-0.12594813,-0.115196005,-0.11313613,-0.11662802,-0.17620368,-0.13854465,-0.13438079,-0.096878245,-0.12088612,-0.092197835,-0.12434345,-0.1364558,-0.063823454,-0.13877153,-0.11419349,-0.13381392,-0.24483351,-0.2571875,-0.29957527,-0.14595951,-0.15666142,-0.13242579,-0.19104545,-0.0782174,-0.17185482,-0.16442457,-0.09859173,-0.11065883,-0.11539368,-0.076612435,-0.083404,-0.1213824,-0.13072303,-0.13855581,-0.19385117,-0.09886818,-0.15574583,-0.19487974,-0.19071917,-0.18655589,-0.11149575,-0.14279132,-0.10363578,-0.15991288,-0.19339001,-0.172844,-0.16892293,-0.14269087,-0.14228076,-0.1013868,-0.15327947,-0.16143718,-0.18045896,-0.19399485,-0.121483505,-0.14744239,-0.11410697,-0.08077716,-0.14298804,-0.20725825,-0.16057962,-0.125103,-0.15657571,-0.15690626,-0.14331412,-0.19202894,-0.16261919,-0.18234849,-0.2963242,-0.19436283,-0.18076041,-0.17105272,-0.19165495,-0.15695961,-0.14054683,-0.13033201,-0.12557748,-0.13821435,-0.16261709,-0.30584824,-0.16641115,-0.18122765,-0.19220838,-0.11441202,-0.15096284,-0.14048868,-0.17770845,-0.16684562,-0.16465402,-0.14331086,-0.18237996,-0.12812938,-0.15315282,-0.13699919,-0.24156228,-0.17869437,-0.10330414,-0.1351192,-0.14225492,-0.17443547,-0.11043356,-0.13472743,-0.15299188,-0.15955183,-0.18120196,-0.15450214,-0.14928828,-0.19184028,-0.17497842,-0.16462499,-0.14723541,-0.14623587,-0.11499533,-0.10471026,-0.13530195,-0.20148799,-0.1770253,-0.12513243,-0.16493404,-0.18041904,-0.18738703,-0.11705899,-0.1773687,-0.25631928,-0.09252219,-0.09251362,-0.11476534,-0.13612041,-0.14781988,-0.09857437,-0.18903235
k__Bacteria|p__Proteobacteria|c__Gammaproteobacteria|o__Enterobacterales|f__Enterobacteriaceae|g__Enterobacter|s__Enterobacter_wuhouensis,-0.1004395,-0.12316422,-0.14145751,-0.20428483,-0.16683263,-0.19390401,-0.1666669,-0.14529961,-0.12476398,-0.18390298,-0.18338813,-0.22753327,-0.16976671,-0.20562574,-0.10316305,-0.09925987,-0.058144663,-0.099934325,-0.10759715,-0.17112552,-0.1978925,-0.12536043,-0.13657774,-0.15280077,-0.17183931,-0.11658599,-0.16748542,-0.17446464,-0.1509206,-0.12124001,-0.13516188,-0.10547109,-0.14843181,-0.19615139,-0.1897036,-0.2175087,-0.16064352,-0.22338755,-0.1972794,-0.29867563,-0.29210672,-0.19882044,-0.107280076,-0.09162698,-0.13691942,-0.15500608,-0.23188588,-0.19400914,-0.14684151,-0.2026537,-0.18334064,-0.18279888,-0.19751653,-0.19920655,-0.20469218,-0.1586084,-0.12588766,-0.14410461,-0.09226512,-0.095590085,-0.17161325,-0.14275521,-0.13743341,-0.14717376,-0.12719077,-0.15122148,-0.2613474,-0.22333384,-0.18902585,-0.20047067,-0.14611557,-0.14951289,-0.13088213,-0.1430199,-0.15150066,-0.16463694,-0.14708333,-0.16278498,-0.1592607,-0.14998752,-0.1473823,-0.15715015,-0.15353534,-0.22480208,-0.120334074,-0.14167055,-0.11832452,-0.16142523,-0.17452434,-0.15570375,-0.16850568,-0.11139822,-0.1388583,-0.13027036,-0.12883997,-0.15152657,-0.14257479,-0.11563726,-0.10065024,-0.09029254,-0.10554148,-0.120652065,-0.1351704,-0.15027548,-0.16070569,-0.1185138,-0.11129953,-0.1578567,-0.17738779,-0.1341308,-0.16383207,-0.25953975,-0.14878184,-0.13257545,-0.14177279,-0.15095688,-0.17780018,-0.16351926,-0.22917573,-0.09015879,-0.11001529,-0.13481534,-0.12987572,-0.13997786,-0.17382038,-0.13908121,-0.16057305,-0.12777606,-0.07092635,-0.03704006,-0.13709854,-0.1624465,-0.17929569,-0.14332479,-0.12334781,-0.13568795,-0.12023825,-0.13854487,-0.25318068,-0.26654312,-0.08338627,-0.10945694,-0.14496185,-0.09238048,-0.18792701,-0.19051567,-0.15303627,-0.090189785,-0.13230102,-0.14964664,-0.15045027,-0.15921971,-0.1708089,-0.18444875,-0.08766555,-0.12400048,-0.1414085,-0.10256614,-0.17951453,-0.19495486,-0.19183299,-0.100124575,-0.13113372,-0.07974314,-0.12798864,-0.19006202,-0.19374411,-0.19205411,-0.12376702,-0.07511226,-0.09713395,-0.118508205,-0.13668637,-0.12406494,-0.121451,-0.09454812,-0.096568316,-0.10850735,-0.082459606,-0.11293512,-0.13247056,-0.16755164,-0.1410757,-0.13622874,-0.18093297,-0.17825818,-0.19449922,-0.14486441,-0.15549555,-0.13574134,-0.119081676,-0.14001076,-0.19117098,-0.19134945,-0.18151781,-0.19755594,-0.25103784,-0.20219928,-0.19017005,-0.19108225,-0.18274689,-0.1738651,-0.27554205,-0.08916744,-0.11956477,-0.1276388,-0.15751183,-0.20931396,-0.18224281,-0.29657933,-0.32474133,-0.1516026,-0.3242122,-0.17325558,-0.17108874,-0.2185038,-0.17647925,-0.114121355,-0.13975611,-0.15388772,-0.15788373,-0.22984435,-0.18186735,-0.2571175,-0.10439548,-0.12455491,-0.13858187,-0.12426512,-0.15189947,-0.15549994,-0.15672925,-0.14014931,-0.15141064,-0.16361693,-0.15534803,-0.1538027,-0.15320697,-0.13402924,-0.12306387,-0.14634876,-0.19082406,-0.17739089,-0.21025829,-0.3990198,-0.20318145,-0.11349063,-0.1296617,-0.11874765,-0.14814433,-0.16636807,-0.18714425,-0.19188285,-0.13158682,-0.07648605,-0.1534805,-0.13978097,-0.14106366,-0.11830647,-0.19987361,-0.1649412,-0.15848461,-0.14160845,-0.12366732,-0.12722544,-0.14610182,-0.2588673,-0.10724063,-0.13074079,-0.09132757,-0.12832497,-0.12942503,-0.14985448,-0.15224051,-0.09631328,-0.08910369,-0.12445846,-0.11047182,-0.13796017,-0.15090677,-0.1708337,-0.14310025,-0.11628835,-0.17418216,-0.15200162,-0.14264536,-0.12537658,-0.14250785,-0.17466888,-0.13176009,-0.13238037,-0.1460012,-0.12310379,-0.08722703,-0.05825615,-0.14364964,-0.17082691,-0.026243303,-0.16631272,-0.2829064,-0.31316653,-0.19872728,-0.14589465,-0.14331596,-0.14862512,-0.12963767,-0.25088155,-0.19425993,-0.18906263,-0.094594836,-0.109386966,-0.10702289,-0.094174735,-0.12759323,-0.15304273,-0.15746465,-0.16734308,-0.12812386,-0.0969081,-0.16398169,-0.1441262,-0.11335766,-0.18846886,-0.1706479,-0.15406123,-0.12591842,-0.115196005,-0.11310517,-0.11662802,-0.17646973,-0.13872752,-0.134684,-0.096878245,-0.121209726,-0.09175962,-0.12434345,-0.13604712,-0.063823454,-0.13877153,-0.11419349,-0.13382924,-0.24483351,-0.2571875,-0.29957527,-0.1463995,-0.15699385,-0.13237645,-0.19104545,-0.0782174,-0.17267765,-0.16463424,-0.09859173,-0.11065883,-0.114777654,-0.076612435,-0.083404,-0.1213824,-0.13072303,-0.13855581,-0.19385117,-0.09920802,-0.1557521,-0.19487974,-0.19119738,-0.1872892,-0.11127906,-0.14308283,-0.10314061,-0.15975636,-0.19437917,-0.17369536,-0.16914833,-0.14295077,-0.14273399,-0.10150609,-0.15343605,-0.16166651,-0.18100643,-0.19539875,-0.121376365,-0.14764833,-0.11366347,-0.0798959,-0.14318708,-0.20725825,-0.16096908,-0.125103,-0.15657571,-0.15690626,-0.14357713,-0.19202894,-0.16270733,-0.18250284,-0.2963242,-0.1972427,-0.18113403,-0.17154671,-0.19310904,-0.15758818,-0.14054683,-0.13043489,-0.12557748,-0.1383945,-0.16321358,-0.30584824,-0.16673481,-0.18159549,-0.19278772,-0.11441202,-0.15086886,-0.14058717,-0.17821395,-0.16714373,-0.16486812,-0.14331086,-0.18237996,-0.12816381,-0.15345815,-0.13752568,-0.24156228,-0.17930508,-0.10322858,-0.13513827,-0.14227271,-0.17488998,-0.11021462,-0.13461244,-0.15280056,-0.16027562,-0.18175785,-0.15470773,-0.14938602,-0.19184028,-0.17550766,-0.16468284,-0.14723541,-0.14623587,-0.11499533,-0.10471026,-0.13518034,-0.20148799,-0.1774712,-0.12513243,-0.16538832,-0.18041904,-0.18738703,-0.11705899,-0.177371,-0.25950944,-0.09247159,-0.092227474,-0.11464836,-0.13623816,-0.14824346,-0.09839217,-0.18943816
k__Bacteria|p__Proteobacteria|c__Gammaproteobacteria|o__Enterobacterales|f__Enterobacteriaceae|g__Enterobacter|s__Enterobacter_oligotrophicus,-0.1004395,-0.12316422,-0.14149891,-0.20428483,-0.16557735,-0.19412884,-0.1666669,-0.14494188,-0.12538627,-0.18450141,-0.18311329,-0.2216076,-0.17149329,-0.20164873,-0.10295672,-0.09846533,-0.058144663,-0.099254675,-0.1072974,-0.17125022,-0.1978925,-0.12536043,-0.13641934,-0.1525496,-0.17167157,-0.11658599,-0.16774334,-0.17419726,-0.1509206,-0.12124001,-0.13492146,-0.10544118,-0.14830339,-0.196125,-0.18985175,-0.2175087,-0.15943816,-0.22338755,-0.19624199,-0.29867563,-0.29210672,-0.19889641,-0.10692574,-0.09162698,-0.13691942,-0.15458065,-0.23188588,-0.19355972,-0.14678268,-0.2026537,-0.18234888,-0.18279888,-0.19696051,-0.19886509,-0.20372179,-0.15897691,-0.12566388,-0.14381422,-0.09209858,-0.09549084,-0.17157751,-0.14275704,-0.13743341,-0.14680886,-0.12719077,-0.15173888,0.69520795,-0.22333384,-0.18830729,-0.20047067,-0.14581697,-0.14932114,-0.13066927,-0.14285436,-0.15153807,-0.16416596,-0.14716439,-0.16278498,-0.1584889,-0.14998752,-0.14718749,-0.15682809,-0.15366706,-0.22480208,-0.120334074,-0.14149773,-0.118107215,-0.16131386,-0.17415008,-0.1554108,-0.16851887,-0.11139822,-0.1388583,-0.13027036,-0.1291022,-0.15152657,-0.1429815,-0.11565323,-0.10065024,-0.09034999,-0.10564424,-0.12055447,-0.13496213,-0.15027548,-0.16052586,-0.1185138,-0.11129953,-0.1578567,-0.17738779,-0.13411558,-0.164018,-0.25953975,-0.14850338,-0.13245612,-0.14161703,-0.15095688,-0.17780018,-0.16305014,-0.22917573,-0.09015879,-0.10975342,-0.13461962,-0.12981108,-0.13997786,-0.17356119,-0.13908121,-0.16057305,-0.12777606,-0.07092635,-0.03704006,-0.13674797,-0.16257729,-0.17895591,-0.14332479,-0.12334781,-0.13578774,-0.12023825,-0.13855892,-0.25318068,-0.26654312,-0.08329352,-0.10945694,-0.14507112,-0.09238048,-0.18805456,-0.19004126,-0.15295413,-0.089977525,-0.13230102,-0.14947398,-0.15024376,-0.15905707,-0.17072713,-0.1846292,-0.08741902,-0.12361506,-0.1402381,-0.10256614,-0.17951453,-0.19495486,-0.19175494,-0.10012777,-0.13113372,-0.07976258,-0.12840946,-0.19006202,-0.19351706,-0.19171488,-0.123193845,-0.075036965,-0.09710905,-0.118481554,-0.13664728,-0.12406494,-0.121451,-0.094191715,-0.09643203,-0.10851212,-0.082459606,-0.11317839,-0.13266647,-0.16725162,-0.1410757,-0.13610587,-0.18093297,-0.17825818,-0.1942595,-0.14480217,-0.15549555,-0.13560686,-0.119081676,-0.14001076,-0.19117098,-0.19049461,-0.18123516,-0.19755594,-0.25103784,-0.20219928,-0.19009687,-0.19083089,-0.18293197,-0.17372149,-0.27554205,-0.08916744,-0.11956477,-0.12775536,-0.15751183,-0.20931396,-0.18224281,-0.29657933,-0.32474133,-0.15233473,-0.3242122,-0.17325558,-0.17108874,-0.2185038,-0.17647925,-0.114121355,-0.13955408,-0.15388772,-0.15788373,-0.22984435,-0.18186735,-0.25647673,-0.104154125,-0.12455491,-0.13866656,-0.12446447,-0.15189947,-0.1553297,-0.15648234,-0.14014931,-0.15141064,-0.16344348,-0.15487021,-0.15362093,-0.15285131,-0.13402966,-0.12312883,-0.1465919,-0.1910199,-0.1768678,-0.21025829,-0.3990198,-0.20571694,-0.113338396,-0.1296617,-0.118732035,-0.14840215,-0.16636807,-0.18708348,-0.19188645,-0.13106602,-0.07714489,-0.15370029,-0.13981342,-0.14106366,-0.11789346,-0.19987361,-0.1649412,-0.1578933,-0.14139521,-0.12359347,-0.12722544,-0.14610182,-0.2588673,-0.10695508,-0.13074079,-0.09132757,-0.12832497,-0.12951985,-0.14957589,-0.15204698,-0.09609287,-0.08910369,-0.12450689,-0.110356785,-0.13782988,-0.15085553,-0.17071158,-0.14288145,-0.11640537,-0.17379104,-0.15195161,-0.14237618,-0.12520029,-0.14266288,-0.17466888,-0.13176009,-0.13257873,-0.14580281,-0.122991934,-0.08722703,-0.05825615,-0.14342986,-0.17082691,-0.026243303,-0.16528207,-0.2829064,-0.31316653,-0.20025119,-0.14559236,-0.14331596,-0.14862512,-0.12963767,-0.25088155,-0.19370303,-0.18897147,-0.09465081,-0.109342456,-0.10702289,-0.09483365,-0.12759323,-0.15316918,-0.15746465,-0.1670092,-0.12812386,-0.0969081,-0.16398169,-0.14392999,-0.11335766,-0.18846886,-0.1706479,-0.15352046,-0.12588271,-0.115196005,-0.11322809,-0.11662802,-0.17647822,-0.1384983,-0.13443318,-0.096878245,-0.12119256,-0.09182958,-0.12434345,-0.13585028,-0.063823454,-0.13877153,-0.11419349,-0.13360238,-0.24483351,-0.2571875,-0.29957527,-0.14598775,-0.15683655,-0.13267364,-0.19104545,-0.0782174,-0.17284471,-0.16435024,-0.09859173,-0.11065883,-0.11456384,-0.076612435,-0.083404,-0.1213824,-0.13072303,-0.13855581,-0.19385117,-0.09884116,-0.1556203,-0.19487974,-0.19127499,-0.18732968,-0.11113432,-0.14258844,-0.10347998,-0.15973979,-0.19454122,-0.17366941,-0.16902299,-0.14262874,-0.1423999,-0.10129804,-0.15348086,-0.16146626,-0.18102905,-0.19527584,-0.12134464,-0.14739971,-0.11370394,-0.08048655,-0.1431995,-0.20725825,-0.16030186,-0.125103,-0.15657571,-0.15690626,-0.14332254,-0.19202894,-0.16251332,-0.18249714,-0.2963242,-0.19664848,-0.18183799,-0.17126188,-0.1928066,-0.15742242,-0.14054683,-0.13020617,-0.12557748,-0.13819283,-0.16253765,-0.30584824,-0.16668743,-0.1814972,-0.19269776,-0.11441202,-0.15089147,-0.14027663,-0.17798002,-0.16701262,-0.16471998,-0.14331086,-0.18237996,-0.12803201,-0.15328969,-0.13763002,-0.24156228,-0.17866409,-0.10299166,-0.13483751,-0.14241473,-0.17444374,-0.110141836,-0.13466331,-0.15294385,-0.15955366,-0.18141589,-0.15487854,-0.14923316,-0.19184028,-0.17507455,-0.16455427,-0.14723541,-0.14623587,-0.11499533,-0.10471026,-0.13549098,-0.20148799,-0.1769297,-0.12513243,-0.16457373,-0.18041904,-0.18738703,-0.11705899,-0.1780811,-0.25969338,-0.0922966,-0.09219907,-0.114544675,-0.13631645,-0.14806509,-0.09849798,-0.18952003
k__Bacteria|p__Proteobacteria|c__Epsilonproteobacteria|o__Campylobacterales|f__Campylobacteraceae|g__Campylobacter|s__Campylobacter_ureolyticus,-0.1004395,-0.12316422,-0.14099208,-0.20428483,-0.16456532,-0.19109079,-0.1666669,-0.14377175,-0.12525573,-0.18190263,-0.18120816,-0.21526495,-0.16880095,-0.19828276,-0.10306367,-0.09894456,-0.058144663,-0.09929665,-0.107538566,-0.16893944,-0.1978925,-0.12536043,-0.1353839,-0.15058324,-0.1692919,-0.11658599,-0.16625428,-0.17163336,-0.1509206,-0.12124001,-0.13438603,-0.1057674,-0.14716852,-0.19274686,-0.18649755,-0.2175087,-0.1586973,-0.22338755,-0.19365978,-0.29867563,-0.29210672,-0.19463399,-0.10680139,-0.09162698,-0.13691942,-0.15357475,-0.23188588,-0.19129485,-0.14539865,-0.2026537,-0.18197057,-0.18279888,-0.1942392,-0.19455475,-0.19796616,-0.15596454,-0.124861665,-0.14230219,-0.09245403,-0.09574363,-0.1691657,-0.14114168,-0.13743341,-0.14550698,-0.12719077,-0.1506216,-0.2613474,-0.22333384,-0.18579695,-0.20047067,-0.14409316,-0.14784369,-0.12974712,-0.14139582,-0.14865991,-0.16167444,-0.14499599,-0.16278498,-0.15804462,-0.14998752,-0.14588329,-0.15559107,-0.15193473,-0.22480208,-0.120334074,-0.14040196,-0.117863625,-0.15899591,-0.1714656,-0.15432826,-0.16620108,-0.11139822,-0.1388583,-0.13027036,-0.1280639,-0.15152657,-0.14221102,-0.115447745,-0.10065024,-0.091030575,-0.10529867,-0.11970667,-0.13380778,-0.15027548,-0.1585568,-0.1185138,-0.11129953,-0.1578567,-0.17738779,-0.13265613,-0.16249892,-0.25953975,-0.14748144,-0.1320571,-0.1405544,-0.15095688,-0.17780018,-0.16210753,-0.22917573,-0.09015879,-0.110268466,-0.13380106,-0.12883465,-0.13997786,-0.17189059,-0.13908121,-0.16057305,-0.12777606,-0.07092635,-0.03704006,-0.13622496,-0.16023222,-0.17663184,-0.14332479,-0.12334781,-0.1353122,-0.12023825,-0.1369552,-0.25318068,-0.26654312,-0.08406294,-0.10945694,-0.14294092,-0.09238048,-0.18579464,-0.18758586,-0.15199894,-0.09062272,-0.13230102,-0.1483267,-0.14901584,-0.15725932,-0.1685593,-0.1809392,-0.088367045,-0.12310441,-0.13912314,-0.10256614,-0.17951453,-0.19495486,-0.1881942,-0.10030167,-0.13113372,-0.07991935,-0.12697245,-0.19006202,-0.1903709,-0.18896139,-0.12233883,-0.07635982,-0.097379595,-0.11807479,-0.1355967,-0.12406494,-0.121451,-0.094569705,-0.09687717,-0.108437635,-0.082459606,-0.11279236,-0.13146795,-0.16492362,-0.1410757,-0.13574934,-0.18093297,-0.17825818,-0.1914224,-0.14349689,-0.15549555,-0.13425633,-0.119081676,-0.14001076,-0.19117098,-0.18829028,-0.1793963,-0.19755594,-0.25103784,-0.20219928,-0.1882741,-0.18891734,-0.18061635,-0.17207779,-0.27554205,-0.08916744,-0.11956477,-0.12772837,-0.15751183,-0.20931396,-0.18224281,-0.29657933,-0.32474133,-0.15557423,-0.3242122,-0.17325558,-0.17108874,-0.2185038,-0.17647925,-0.114121355,-0.13928089,-0.15388772,-0.15788373,-0.22984435,-0.18186735,-0.2502137,-0.10423668,-0.12455491,-0.13773395,-0.123633474,-0.15189947,-0.15313447,-0.15424287,-0.14014931,-0.15141064,-0.1608669,-0.15368146,-0.15196733,-0.1515894,-0.1332463,-0.12257474,-0.14553803,-0.18751296,-0.17466158,-0.21025829,-0.3990198,-0.20233828,-0.11316221,-0.1296617,-0.117975555,-0.1467639,-0.16636807,-0.18398178,-0.18907583,-0.13083339,-0.07783881,-0.15134956,-0.1387297,-0.14106366,-0.11733768,-0.19987361,-0.1649412,-0.15741213,-0.14054218,-0.123094894,-0.12722544,-0.14610182,-0.2588673,-0.10706855,-0.13074079,-0.09132757,-0.12832497,-0.12829658,-0.14840166,-0.15016443,-0.09635095,-0.08910369,-0.12367878,-0.11024195,-0.13692476,-0.14948744,-0.16810882,-0.1417073,-0.1164684,-0.17179045,-0.15066049,-0.14105824,-0.124844454,-0.14077137,-0.17466888,-0.13176009,-0.13156423,-0.14447229,-0.122279145,-0.08722703,-0.05825615,-0.14226092,-0.17082691,-0.026243303,-0.16501577,-0.2829064,-0.31316653,-0.19694972,-0.14424719,-0.14331596,-0.14862512,-0.12963767,-0.25088155,-0.19074662,-0.18584293,-0.094897434,-0.109126434,-0.10702289,-0.093686655,-0.12759323,-0.15189761,-0.15746465,-0.16515294,-0.12812386,-0.0969081,-0.16398169,-0.14187005,-0.11335766,-0.18846886,-0.1706479,-0.15231714,-0.12520668,-0.115196005,-0.112512894,-0.11662802,-0.17393062,-0.13718987,-0.13309236,-0.096878245,-0.12063752,-0.091982625,-0.12434345,-0.13511625,-0.063823454,-0.13877153,-0.11419349,-0.13272817,-0.24483351,-0.2571875,-0.29957527,-0.14465079,-0.15515563,-0.13138247,-0.19104545,-0.0782174,-0.17056447,-0.1624263,-0.09859173,-0.11065883,-0.114361115,-0.076612435,-0.083404,-0.1213824,-0.13072303,-0.13855581,-0.19385117,-0.09870741,-0.15411541,-0.19487974,-0.18882452,-0.1844906,-0.11093021,-0.1419736,-0.10310541,-0.15712926,-0.19137907,-0.17021573,-0.166859,-0.14149618,-0.14120409,-0.10207697,-0.15189263,-0.16006175,-0.1791324,-0.19225779,-0.12052506,-0.14588621,-0.113901965,-0.081228815,-0.14159508,-0.20725825,-0.1588993,-0.125103,-0.15657571,-0.15690626,-0.14272964,-0.19202894,-0.1607901,-0.17953096,1.8653725,-0.19626316,-0.1799629,-0.1700319,-0.19044627,-0.15618211,-0.14054683,-0.1293366,-0.12557748,-0.13728045,-0.16109678,-0.30584824,-0.16575727,-0.17856304,-0.19038722,-0.11441202,-0.14912161,-0.13953781,-0.17587957,-0.16503847,-0.16265173,-0.14331086,-0.18237996,-0.12792948,-0.15201798,-0.13630915,-0.24156228,-0.17772472,-0.10307271,-0.13460559,-0.14073794,-0.1717709,-0.110290475,-0.13387759,-0.15043753,-0.15780821,-0.1800562,-0.15238293,-0.14726964,-0.19184028,-0.1730866,-0.16225098,-0.14723541,-0.14623587,-0.11499533,-0.10471026,-0.13415508,-0.20148799,-0.17442212,-0.12513243,-0.16461058,-0.18041904,-0.18738703,-0.11705899,-0.17415136,-0.2541601,-0.092823684,-0.0926781,-0.11451192,-0.1350216,-0.1464411,-0.09874532,-0.18616557
k__Bacteria|p__Proteobacteria|c__Gammaproteobacteria|o__Enterobacterales|f__Enterobacteriaceae|g__Kluyvera|s__Kluyvera_cryocrescens,-0.1004395,-0.12316422,-0.14109698,-0.20428483,-0.16708595,-0.19261855,-0.1666669,-0.1446903,-0.124954194,-0.18288046,-0.1829387,-0.21856174,-0.1681562,-0.20207962,-0.10293953,-0.09862546,-0.058144663,-0.09929614,-0.10766339,-0.17019066,-0.1978925,-0.12536043,-0.13608992,-0.15201922,-0.17087996,-0.11658599,-0.16747072,-0.17334683,-0.1509206,-0.12124001,-0.13502192,-0.105574675,-0.14801428,-0.19448572,-0.18823954,-0.2175087,-0.16086742,-0.22338755,-0.19610679,-0.29867563,-0.29210672,-0.19645154,-0.10691433,-0.09162698,-0.13691942,-0.1546382,-0.23188588,-0.193142,-0.14621753,-0.2026537,-0.18432486,-0.18279888,-0.1961799,-0.19627774,-0.1996535,-0.15622376,-0.12540047,-0.14328927,-0.0921883,-0.09541312,-0.17089532,-0.14205201,-0.13743341,-0.14657326,-0.12719077,-0.15085858,-0.2613474,-0.22333384,-0.18840103,-0.20047067,-0.14523387,-0.14896545,-0.13031769,-0.1421549,-0.14993463,-0.16350883,-0.14631745,-0.16278498,-0.15943137,-0.14998752,-0.14709824,-0.15670177,-0.15282089,-0.22480208,-0.120334074,-0.14115156,-0.11804983,-0.16048628,-0.17341383,-0.15532556,-0.1677388,-0.11139822,-0.1388583,-0.13027036,-0.12834911,-0.15152657,-0.14276147,-0.115244314,-0.10065024,-0.09034618,-0.10509626,-0.12004741,-0.13462517,-0.15027548,-0.16001469,-0.1185138,-0.11129953,-0.1578567,-0.17738779,-0.13280998,-0.16335568,-0.25953975,-0.14837152,-0.1324679,-0.14105466,-0.15095688,-0.17780018,-0.16317981,-0.22917573,-0.09015879,-0.1101176,-0.13444518,-0.1292176,-0.13997786,-0.17333785,-0.13908121,-0.16057305,-0.12777606,-0.07092635,-0.03704006,-0.13675816,-0.16168657,-0.1782988,-0.14332479,-0.12334781,-0.13567996,-0.12023825,-0.13788332,-0.25318068,-0.26654312,-0.083605565,-0.10945694,-0.14392227,-0.09238048,-0.18722153,-0.18968838,-0.15273237,-0.090290755,-0.13230102,-0.1492064,-0.14992589,-0.15845704,-0.17008188,-0.18297403,-0.08795096,-0.12317242,-0.14069423,-0.10256614,-0.17951453,-0.19495486,-0.1900777,-0.09993819,-0.13113372,-0.07882631,-0.1271207,-0.19006202,-0.192669,-0.19088718,-0.12307578,-0.075727575,-0.096869156,-0.118004575,-0.13613793,-0.12406494,-0.121451,-0.094274364,-0.09635097,-0.10825659,-0.082459606,-0.112384364,-0.13193843,-0.16643983,-0.1410757,-0.13621362,-0.18093297,-0.17825818,-0.1932508,-0.1442033,-0.15549555,-0.13486879,-0.119081676,-0.14001076,-0.19117098,-0.19044651,-0.18097891,-0.19755594,-0.25103784,-0.20219928,-0.19011705,-0.19075906,-0.18188745,-0.17338704,-0.27554205,-0.08916744,-0.11956477,-0.12793127,-0.15751183,-0.20931396,-0.18224281,-0.29657933,2.864831,-0.15244564,-0.3242122,-0.17325558,-0.17108874,-0.2185038,-0.17647925,-0.114121355,-0.13986808,-0.15388772,-0.15788373,-0.22984435,-0.18186735,-0.25158143,-0.104207836,-0.12455491,-0.13829505,-0.12390898,-0.15189947,-0.15463735,-0.15571909,-0.14014931,-0.15141064,-0.16259769,-0.15508753,-0.15314429,-0.15266591,-0.1334746,-0.12294094,-0.14609694,-0.18958566,-0.17637418,-0.21025829,-0.3990198,-0.19885723,-0.11314226,-0.1296617,-0.117804214,-0.14750966,-0.16636807,-0.18595311,-0.19098753,-0.13147944,-0.07688166,-0.15236846,-0.13961656,-0.14106366,-0.11754087,-0.19987361,-0.1649412,-0.1587258,-0.14104323,-0.12332967,-0.12722544,-0.14610182,-0.2588673,-0.1070001,-0.13074079,-0.09132757,-0.12832497,-0.12886903,-0.1497318,-0.15142137,-0.096139416,-0.08910369,-0.12390348,-0.11040957,-0.13743782,-0.15055932,-0.16958073,-0.14261818,-0.11650658,-0.17328991,-0.15163574,-0.1419681,-0.1252245,-0.14138302,-0.17466888,-0.13176009,-0.1319372,-0.14531785,-0.122597374,-0.08722703,-0.05825615,-0.14305012,-0.17082691,-0.026243303,-0.16594058,-0.2829064,-0.31316653,-0.19610898,-0.1452651,-0.14331596,-0.14862512,-0.12963767,-0.25088155,-0.1929642,-0.18778622,-0.09469172,-0.108985975,-0.10702289,-0.09304812,-0.12759323,-0.1524629,-0.15746465,-0.16641814,-0.12812386,-0.0969081,-0.16398169,-0.14318487,-0.11335766,-0.18846886,-0.1706479,-0.15367198,-0.12557541,-0.115196005,-0.11237403,-0.11662802,-0.17533365,-0.13805392,-0.13394904,-0.096878245,-0.12058784,-0.09157035,-0.12434345,-0.13574901,-0.063823454,-0.13877153,-0.11419349,-0.13344513,-0.24483351,-0.2571875,-0.29957527,-0.14568326,-0.1563198,-0.13174169,-0.19104545,-0.0782174,-0.17157537,-0.16375521,-0.09859173,-0.11065883,-0.11463562,-0.076612435,-0.083404,-0.1213824,-0.13072303,-0.13855581,-0.19385117,-0.0988801,-0.15512863,-0.19487974,-0.1906906,-0.18610834,-0.11108571,-0.14292802,-0.10281862,-0.15855975,-0.19304593,-0.17134002,-0.16881761,-0.14246012,-0.14198443,-0.10166843,-0.15272409,-0.16111319,-0.18049327,-0.19408345,-0.12091716,-0.14676052,-0.11373941,-0.080059975,-0.14211127,-0.20725825,-0.16066723,-0.125103,-0.15657571,-0.15690626,-0.14327806,-0.19202894,-0.16235441,-0.18147239,-0.2963242,-0.19713797,-0.18038586,-0.17137678,-0.19226344,-0.15695615,-0.14054683,-0.13003218,-0.12557748,-0.13796842,-0.16281518,-0.30584824,-0.16688097,-0.18063167,-0.19220237,-0.11441202,-0.15008175,-0.14026451,-0.17744023,-0.16646442,-0.16398928,-0.14331086,-0.18237996,-0.12814197,-0.15286839,-0.1365721,-0.24156228,-0.17949596,-0.103045605,-0.13517499,-0.14147498,-0.1737624,-0.11037298,-0.13434078,-0.15178537,-0.15927921,-0.18174565,-0.15343592,-0.14861864,-0.19184028,-0.1751422,-0.16366851,-0.14723541,-0.14623587,-0.11499533,-0.10471026,-0.13439456,-0.20148799,-0.17668022,-0.12513243,-0.16576664,-0.18041904,-0.18738703,-0.11705899,-0.17541602,-0.25713086,-0.092410505,-0.0921458,-0.11458105,-0.13540295,-0.14743125,-0.09838843,-0.18830666
k__Bacteria|p__Proteobacteria|c__Gammaproteobacteria|o__Xanthomonadales|f__Xanthomonadaceae|g__Stenotrophomonas|s__Stenotrophomonas_maltophilia,-0.1004395,-0.12316422,-0.14141601,-0.20428483,-0.16685064,-0.19343251,-0.1666669,-0.14468014,-0.12481615,-0.18333015,-0.18334404,-0.22236279,-0.16968663,-0.20398355,-0.10247825,-0.09856246,-0.058144663,-0.09862774,-0.1073001,-0.17044961,-0.1978925,-0.12536043,-0.13569695,-0.1517287,-0.17118746,-0.11658599,-0.1673438,-0.17341414,-0.1509206,-0.12124001,-0.13488245,-0.10530865,-0.14820018,-0.19545418,-0.18897918,-0.2175087,-0.16082278,-0.22338755,-0.19730127,-0.29867563,-0.29210672,-0.19780807,-0.10654642,-0.09162698,-0.13691942,-0.15478054,-0.23188588,-0.19362527,-0.14630298,-0.2026537,-0.18413027,-0.18279888,-0.1969296,-0.19773696,-0.20178986,-0.1569318,-0.12514469,-0.14330304,-0.0913295,-0.09488817,-0.17098945,-0.1417026,-0.13743341,-0.14656547,-0.12719077,-0.15131925,-0.2613474,-0.22333384,-0.1885989,-0.20047067,-0.14507428,-0.14883518,-0.13028122,-0.14216413,-0.14981586,-0.16323265,-0.14624932,-0.16278498,-0.15933442,-0.14998752,-0.1468439,-0.15692142,-0.15277168,-0.22480208,-0.120334074,-0.14116652,-0.11774714,-0.16038929,-0.17359585,-0.15544918,-0.16794963,-0.11139822,-0.1388583,-0.13027036,-0.12810126,-0.15152657,-0.14237869,-0.11478871,-0.10065024,-0.08983369,-0.10476638,-0.119843215,-0.13454962,-0.15027548,-0.16002114,-0.1185138,-0.11129953,-0.1578567,-0.17738779,-0.13285396,-0.16395855,-0.25953975,-0.14844917,-0.13243242,-0.1412463,-0.15095688,-0.17780018,-0.16365746,-0.22917573,-0.09015879,-0.10969417,-0.13435066,-0.12908944,-0.13997786,-0.17370753,-0.13908121,-0.16057305,-0.12777606,-0.07092635,-0.03704006,-0.13681227,-0.16178285,-0.17856458,-0.14332479,-0.12334781,-0.13565403,-0.12023825,-0.13785627,-0.25318068,-0.26654312,-0.08276154,-0.10945694,-0.14397562,-0.09238048,-0.18785414,-0.19010624,-0.15291375,-0.08959938,-0.13230102,-0.14931849,-0.14996697,-0.15854123,-0.17021714,-0.18326879,-0.08726397,-0.12296613,-0.14069462,-0.10256614,-0.17951453,-0.19495486,-0.19073059,-0.09940283,-0.13113372,-0.07849999,-0.12736732,-0.19006202,-0.19302826,-0.19158104,-0.122647926,-0.07466988,-0.09646478,-0.11800279,-0.13614923,-0.12406494,-0.121451,-0.09374385,-0.09611274,-0.10800117,-0.082459606,-0.11229742,-0.13184315,-0.16666993,-0.1410757,-0.13614184,-0.18093297,-0.17825818,-0.19414204,-0.14440796,-0.15549555,-0.13484657,-0.119081676,-0.14001076,-0.19117098,-0.19107085,-0.18125644,-0.19755594,-0.25103784,-0.20219928,-0.1903753,-0.19119625,-0.18250355,-0.17407829,-0.27554205,-0.08916744,-0.11956477,-0.1278747,-0.15751183,-0.20931396,-0.18224281,-0.29657933,-0.32474133,-0.15474792,-0.3242122,-0.17325558,2.9807205,-0.2185038,-0.17647925,-0.114121355,-0.13977024,-0.15388772,-0.15788373,-0.22984435,-0.18186735,-0.25624958,-0.10375063,-0.12455491,-0.13816604,-0.12362084,-0.15189947,-0.154462,-0.15565628,1.1466328,-0.15141064,-0.16248414,-0.15497899,-0.15311307,-0.15289615,-0.13362244,-0.12262279,-0.14608619,-0.18990411,-0.17667006,-0.21025829,-0.3990198,-0.20251532,-0.11289735,-0.1296617,-0.11775858,-0.14760162,-0.16636807,-0.18624766,-0.1916125,-0.13137326,-0.07603639,-0.15255551,-0.13959411,-0.14106366,-0.11707312,-0.19987361,-0.1649412,-0.15876949,-0.14128861,-0.12310495,-0.12722544,-0.14610182,-0.2588673,-0.10672938,-0.13074079,0.84347427,-0.12832497,-0.12852994,-0.14953375,-0.1512359,-0.09554459,-0.08910369,-0.123800784,-0.11003231,-0.13749124,-0.15054613,-0.1699379,-0.14250813,-0.11609003,-0.17364487,-0.15158597,-0.14187151,-0.12498883,-0.14144266,-0.17466888,-0.13176009,-0.1318823,-0.14530015,-0.12228963,-0.08722703,-0.05825615,-0.14308038,-0.17082691,-0.026243303,-0.16686228,-0.2829064,-0.31316653,-0.19818899,-0.1452501,-0.14331596,-0.14862512,-0.12963767,-0.25088155,-0.19342373,-0.1883083,-0.09402886,-0.10862893,-0.10702289,-0.09261876,-0.12759323,-0.15279615,-0.15746465,-0.16666192,-0.12812386,-0.0969081,-0.16398169,-0.14285728,-0.11335766,-0.18846886,-0.1706479,-0.15366563,-0.12517248,-0.115196005,-0.112243354,-0.11662802,-0.17575523,-0.13788292,-0.13383335,-0.096878245,-0.12050678,-0.09096938,-0.12434345,-0.1354362,-0.063823454,-0.13877153,-0.11419349,-0.13348833,-0.24483351,-0.2571875,-0.29957527,-0.14576335,-0.15641183,-0.13160422,-0.19104545,-0.0782174,-0.1722025,-0.16389267,-0.09859173,-0.11065883,-0.114038,-0.076612435,-0.083404,-0.1213824,-0.13072303,-0.13855581,-0.19385117,-0.09819017,-0.15534836,-0.19487974,-0.19109428,-0.18670952,-0.11066109,-0.14274997,-0.10221502,-0.15860173,-0.19385871,-0.17197241,-0.16917947,-0.14240678,-0.14205265,-0.10143099,-0.15293309,-0.16122493,-0.1810504,-0.1950799,-0.12062411,-0.14678846,-0.1134444,-0.079343304,-0.1423654,-0.20725825,-0.16058514,-0.125103,-0.15657571,-0.15690626,-0.1433784,-0.19202894,-0.16234633,-0.18171836,-0.2963242,-0.1991227,-0.18122119,-0.17176281,-0.19311123,-0.15728988,-0.14054683,-0.12988931,-0.12557748,-0.13797829,-0.16350901,-0.30584824,-0.1667388,-0.1808883,-0.19277576,-0.11441202,-0.15019195,-0.14027506,-0.17781524,-0.1664499,-0.16425543,-0.14331086,-0.18237996,-0.1281349,-0.15316984,-0.13696119,-0.24156228,-0.17989728,-0.10253869,-0.13498768,-0.14127678,-0.17400613,-0.109923154,-0.13420197,-0.15165815,-0.15943281,-0.1819505,-0.15342091,-0.148509,-0.19184028,-0.17524037,-0.16355044,-0.14723541,-0.14623587,-0.11499533,-0.10471026,-0.13460143,-0.20148799,-0.17676078,-0.12513243,-0.16615501,-0.18041904,-0.18738703,-0.11705899,-0.17571451,-0.25982064,-0.09183222,-0.09156157,-0.114380926,-0.13546748,-0.14753723,-0.09800935,-0.18885805
k__Bacteria|p__Proteobacteria|c__CFGB2397|o__OFGB2397|f__FGB2397|g__GGB36599|s__GGB36599_SGB9269,-0.1004395,-0.12316422,-0.14250678,-0.20428483,-0.16714887,-0.19542933,-0.1666669,-0.14605153,-0.12534037,-0.18484862,-0.18418004,-0.23759854,-0.17111263,-0.20943429,-0.10404155,-0.10051977,-0.058144663,-0.100506246,-0.10821419,-0.17205188,-0.1978925,-0.12536043,-0.13709202,-0.15351453,-0.17311823,-0.11658599,-0.16788396,-0.17527229,-0.1509206,-0.12124001,-0.13563016,-0.10632969,-0.14912379,-0.19808456,-0.19112608,-0.2175087,-0.16091412,-0.22338755,-0.1990958,-0.29867563,-0.29210672,-0.20135838,-0.10795302,-0.09162698,-0.13691942,-0.15557188,-0.23188588,-0.19512749,-0.14766677,-0.2026537,-0.18321422,-0.18279888,-0.19990173,-0.20251305,-0.21001211,-0.1595777,-0.12665483,-0.14497276,-0.09270996,-0.09635444,-0.17232484,-0.14352685,-0.13743341,-0.14791846,-0.12719077,-0.15197499,-0.2613474,-0.22333384,-0.18988237,-0.20047067,-0.14695098,-0.15024808,-0.13192049,-0.14407861,-0.1525099,-0.16545644,-0.14776817,-0.16278498,-0.15978304,-0.14998752,-0.14791664,-0.15802388,-0.15432978,-0.22480208,-0.120334074,-0.14237982,-0.118958585,-0.16211858,-0.17535235,-0.15666406,-0.16937634,-0.11139822,-0.1388583,-0.13027036,-0.12952337,0.7710466,-0.14275837,-0.11627835,-0.10065024,-0.09090917,-0.10623982,-0.121452376,-0.1358353,-0.15027548,-0.16134821,-0.1185138,-0.11129953,-0.1578567,-0.17738779,-0.13575266,-0.16532077,-0.25953975,-0.14941984,-0.13328122,-0.14301479,-0.15095688,-0.17780018,-0.16435514,-0.22917573,-0.09015879,-0.11026335,-0.13552023,-0.13085143,-0.13997786,-0.17470019,-0.13908121,-0.16057305,-0.12777606,-0.07092635,-0.03704006,-0.13766247,-0.16316703,-0.18020521,-0.14332479,-0.12334781,-0.13624032,-0.12023825,-0.13944097,-0.25318068,-0.26654312,-0.08385888,-0.10945694,-0.14596519,-0.09238048,-0.18871254,-0.19171798,-0.1538203,-0.09066968,-0.13230102,-0.15027173,-0.15124743,-0.16013724,-0.17173113,-0.18566391,-0.088251114,-0.1249977,-0.1422289,-0.10256614,-0.17951453,-0.19495486,-0.19349015,-0.10086747,-0.13113372,-0.08153383,-0.12901033,-0.19006202,-0.19505253,-0.19344535,-0.12426765,-0.075575635,-0.09806675,-0.11950925,-0.13743821,-0.12406494,-0.121451,-0.09535879,-0.09736882,-0.10928929,-0.082459606,-0.11391431,-0.13308983,-0.16834289,-0.1410757,-0.13672802,-0.18093297,-0.17825818,-0.1962309,-0.1458949,-0.15549555,-0.13673118,-0.119081676,-0.14001076,-0.19117098,-0.19278526,-0.18264556,-0.19755594,1.8043996,-0.20219928,-0.19063996,-0.19210684,-0.18387488,-0.17493097,-0.27554205,-0.08916744,-0.11956477,-0.12795332,-0.15751183,-0.20931396,-0.18224281,-0.29657933,-0.32474133,-0.15240054,-0.3242122,-0.17325558,-0.17108874,-0.2185038,-0.17647925,-0.114121355,-0.14031309,-0.15388772,-0.15788373,-0.22984435,-0.18186735,-0.26422414,-0.105105415,-0.12455491,-0.13917497,-0.12489963,-0.15189947,-0.1561448,-0.15740451,-0.14014931,-0.15141064,-0.16437955,-0.15591887,-0.15458745,-0.15417874,-0.13502766,-0.12360924,-0.14682926,-0.19190794,-0.1781869,-0.21025829,-0.3990198,-0.2075808,-0.114164814,-0.1296617,-0.11987691,-0.14891201,-0.16636807,-0.18807761,-0.1930576,-0.1320627,-0.07718621,-0.15454099,-0.14039825,-0.14106366,-0.118319415,-0.19987361,-0.1649412,-0.15884957,-0.14277029,-0.124529235,-0.12722544,-0.14610182,-0.2588673,-0.107906945,-0.13074079,-0.09132757,-0.12832497,-0.12999561,-0.1502057,-0.15287411,-0.09693724,-0.08910369,-0.12532893,-0.11110389,-0.13869047,-0.15153785,-0.17200533,-0.14384744,-0.11657515,-0.17509946,-0.15264182,-0.14331275,-0.12626098,-0.14309749,-0.17466888,-0.13176009,-0.13321386,-0.14687914,-0.124009654,-0.08722703,-0.05825615,-0.14438644,-0.17082691,-0.026243303,-0.16726094,-0.2829064,-0.31316653,-0.20183682,-0.14657879,-0.14331596,-0.14862512,-0.12963767,-0.25088155,-0.19585575,-0.19036502,-0.09508106,-0.110170305,-0.10702289,-0.09554392,-0.12759323,-0.1537032,-0.15746465,-0.16826625,-0.12812386,-0.0969081,-0.16398169,-0.14469424,-0.11335766,-0.18846886,-0.1706479,-0.15473375,-0.12677991,-0.115196005,-0.11413632,-0.11662802,-0.17737722,-0.13947508,-0.13560095,-0.096878245,-0.12233774,-0.092293486,-0.12434345,-0.13628587,-0.063823454,-0.13877153,-0.11419349,-0.13455339,-0.24483351,-0.2571875,-0.29957527,-0.14727035,-0.15792279,-0.13344231,-0.19104545,-0.0782174,-0.17423259,-0.16564229,-0.09859173,-0.11065883,-0.11492904,-0.076612435,-0.083404,-0.1213824,-0.13072303,-0.13855581,-0.19385117,-0.100185014,-0.15673518,-0.19487974,-0.19219866,-0.1887626,-0.11179902,-0.14365523,-0.10374288,-0.16070578,-0.19588354,-0.17523949,-0.17007184,-0.14362489,-0.14367777,-0.102270335,-0.1543645,-0.16239375,-0.18200396,-0.19712727,-0.12201686,-0.14848462,-0.11411615,-0.08050375,-0.14453429,-0.20725825,-0.16154058,-0.125103,-0.15657571,-0.15690626,-0.14429834,-0.19202894,-0.16336389,-0.18349117,-0.2963242,-0.1997737,-0.18289334,-0.17228809,-0.19453923,-0.15873724,-0.14054683,-0.13115788,-0.12557748,-0.13926618,-0.1643621,-0.30584824,-0.16762792,-0.1829523,-0.19370237,-0.11441202,-0.1517413,-0.1411565,-0.17910407,-0.16817047,-0.16570877,-0.14331086,-0.18237996,-0.12895903,-0.15448281,-0.13926059,-0.24156228,-0.17987725,-0.10385077,-0.13562763,-0.14316969,-0.17590071,-0.11066915,-0.13537234,-0.15359093,-0.16108337,-0.18248512,-0.15592316,-0.1503372,-0.19184028,-0.17627001,-0.16545662,-0.14723541,-0.14623587,-0.11499533,-0.10471026,-0.13610488,-0.20148799,-0.17817593,-0.12513243,-0.16561383,-0.18041904,-0.18738703,-0.11705899,-0.17884627,-0.2630139,-0.09315702,-0.0928387,-0.11535627,-0.13720685,-0.1493028,-0.09907591,-0.19065872
k__Bacteria|p__Proteobacteria|c__Gammaproteobacteria|o__Moraxellales|f__Moraxellaceae|g__GGB72452|s__GGB72452_SGB4052,-0.1004395,-0.12316422,-0.1410828,-0.20428483,-0.16710997,-0.19388995,-0.1666669,-0.14531171,-0.12507394,-0.1842511,-0.18370561,-0.21782306,-0.17066352,-0.20191543,-0.10267249,-0.09827994,-0.058144663,-0.099296205,-0.10745892,-0.17121261,-0.1978925,-0.12536043,-0.13662437,-0.1529954,-0.17181656,-0.11658599,-0.16813524,-0.17458884,-0.1509206,-0.12124001,-0.13552432,-0.105054855,-0.14872235,-0.19543393,-0.18972233,-0.2175087,-0.161004,-0.22338755,-0.19714595,-0.29867563,-0.29210672,-0.19794944,-0.10682282,-0.09162698,-0.13691942,-0.1550241,-0.23188588,-0.19397178,-0.14687313,-0.2026537,-0.18415503,-0.18279888,-0.19687583,-0.19775742,-0.20111507,-0.15863824,-0.12565002,-0.1439577,-0.09208843,-0.09516677,-0.17190352,-0.14283209,-0.13743341,-0.1471914,-0.12719077,-0.151703,-0.2613474,-0.22333384,-0.18918633,-0.20047067,-0.14595824,-0.14964718,-0.13064799,-0.14275825,-0.15121508,-0.16454987,-0.14748058,-0.16278498,-0.15950981,-0.14998752,-0.14785987,-0.15720268,-0.15362886,-0.22480208,-0.120334074,-0.14180392,-0.11808506,-0.16147375,-0.1745922,-0.1558026,-0.1689661,-0.11139822,-0.1388583,-0.13027036,-0.12894289,-0.15152657,-0.14323843,-0.115550846,-0.10065024,-0.089905314,-0.10510999,-0.12027596,-0.13507035,-0.15027548,-0.16101797,-0.1185138,-0.11129953,-0.1578567,-0.17738779,-0.13369015,-0.16414772,-0.25953975,-0.14894691,-0.13264501,-0.14150572,-0.15095688,-0.17780018,-0.16347535,-0.22917573,-0.09015879,-0.11021367,-0.13483065,-0.12963499,-0.13997786,-0.17406417,-0.13908121,-0.16057305,-0.12777606,-0.07092635,-0.03704006,-0.13697726,-0.16264655,-0.17957912,-0.14332479,-0.12334781,-0.13610369,-0.12023825,-0.13860486,-0.25318068,-0.26654312,-0.083008066,-0.10945694,-0.14504802,-0.09238048,-0.18834646,-0.1903892,-0.15309155,-0.08978361,-0.13230102,-0.14987512,-0.15042585,-0.15916419,-0.17088869,-0.18470448,-0.087188184,-0.12350509,-0.1412686,-0.10256614,-0.17951453,-0.19495486,-0.1915949,-0.099777594,-0.13113372,-0.07840284,-0.12783206,-0.19006202,-0.19355382,-0.19209695,-0.12360908,-0.07468508,-0.096631125,-0.11814579,-0.13667195,-0.12406494,-0.121451,-0.093903705,-0.096062705,-0.108256966,-0.082459606,-0.11254649,-0.13247621,-0.16766196,-0.1410757,-0.13641311,-0.18093297,-0.17825818,-0.1942115,-0.14479047,-0.15549555,-0.13554953,-0.119081676,-0.14001076,-0.19117098,-0.19090539,-0.18158284,-0.19755594,-0.25103784,-0.20219928,-0.19086935,-0.19135985,-0.18290927,-0.17399062,-0.27554205,-0.08916744,-0.11956477,-0.12806821,-0.15751183,-0.20931396,-0.18224281,-0.29657933,-0.32474133,-0.15299623,-0.3242122,-0.17325558,-0.17108874,-0.2185038,-0.17647925,-0.114121355,-0.13997495,-0.15388772,-0.15788373,-0.22984435,-0.18186735,-0.25245547,-0.10402414,-0.12455491,-0.13877371,-0.124257565,-0.15189947,-0.15544204,-0.15684584,-0.14014931,-0.15141064,-0.16376585,-0.15558955,-0.15392712,-0.15331225,-0.1338914,-0.123269856,-0.14680308,-0.19113308,-0.17713058,-0.21025829,-0.3990198,-0.20098242,-0.113228686,-0.1296617,-0.11812185,-0.14841847,-0.16636807,-0.187395,-0.19216613,-0.13182059,-0.07614489,-0.15355244,-0.14006823,-0.14106366,-0.11812316,-0.19987361,-0.1649412,-0.15901129,-0.14150482,-0.12360817,-0.12722544,-0.14610182,-0.2588673,-0.106928155,-0.13074079,-0.09132757,-0.12832497,-0.12947553,-0.15023488,-0.15237197,-0.09587596,-0.08910369,-0.12435101,-0.11030218,-0.13794458,-0.15115315,-0.17085452,-0.14317417,-0.116680026,-0.17433509,-0.152185,-0.14268133,-0.12505308,-0.14269611,-0.17466888,-0.13176009,-0.13252196,-0.14600012,-0.12275445,-0.08722703,-0.05825615,-0.14364478,-0.17082691,-0.026243303,-0.1663709,-0.2829064,-0.31316653,-0.19756831,-0.1459291,-0.14331596,-0.14862512,-0.12963767,-0.25088155,-0.19365,-0.18924835,-0.0944508,-0.109108,-0.10702289,-0.09340854,-0.12759323,-0.15336907,-0.15746465,-0.1672376,-0.12812386,-0.0969081,-0.16398169,-0.14416924,-0.11335766,-0.18846886,-0.1706479,-0.15425391,-0.12583327,-0.115196005,-0.11281124,-0.11662802,-0.17672354,-0.13857019,-0.13446388,-0.096878245,-0.120723985,-0.09140743,-0.12434345,-0.13647847,-0.063823454,-0.13877153,-0.11419349,-0.13390261,-0.24483351,-0.2571875,-0.29957527,-0.14626878,-0.15707672,-0.13213179,-0.19104545,-0.0782174,-0.17256385,-0.16487814,-0.09859173,-0.11065883,-0.11507335,-0.076612435,-0.083404,-0.1213824,-0.13072303,-0.13855581,-0.19385117,-0.09854695,-0.15594737,-0.19487974,-0.19149199,-0.18736154,-0.111134306,-0.14320952,-0.1028669,-0.15984163,-0.19412802,-0.17329302,-0.1697014,-0.14291352,-0.14253151,-0.10123292,-0.15354168,-0.16174059,-0.18132848,-0.19517079,-0.12121857,-0.14757639,-0.113834634,-0.07970637,-0.14282778,-0.20725825,-0.1611816,-0.125103,-0.15657571,-0.15690626,-0.14360487,-0.19202894,-0.16304539,-0.18298405,-0.2963242,-0.19650763,-0.18140545,-0.17169885,-0.19288658,-0.15749153,-0.14054683,-0.13036025,-0.12557748,-0.13844614,-0.16371104,-0.30584824,-0.16718343,-0.18194604,-0.1930517,-0.11441202,-0.15111743,-0.14059709,-0.1784006,-0.16717687,-0.16512963,-0.14331086,-0.18237996,-0.12827083,-0.15383321,-0.13713703,-0.24156228,-0.17977825,-0.10287008,-0.13530818,-0.14211372,-0.17494315,-0.11025137,-0.13469085,-0.15301946,-0.16005541,-0.18205228,-0.15459736,-0.14925069,-0.19184028,-0.17574805,-0.16492973,-0.14723541,-0.14623587,-0.11499533,-0.10471026,-0.1351349,-0.20148799,-0.17776474,-0.12513243,-0.16605994,-0.18041904,-0.18738703,-0.11705899,-0.17755355,-0.25808215,-0.091937095,-0.09188597,-0.114531115,-0.1360308,-0.14812215,-0.09816769,-0.18976338
k__Bacteria|p__Proteobacteria|c__Gammaproteobacteria|o__Aeromonadales|f__Succinivibrionaceae|g__GGB2732|s__GGB2732_SGB58358,-0.1004395,-0.12316422,-0.14196558,-0.20428483,-0.16712362,-0.19375342,-0.1666669,-0.145088,-0.12504679,-0.1835908,-0.18339428,-0.22734563,-0.16906038,-0.20547034,-0.103017345,-0.09926574,-0.058144663,-0.09957071,-0.107762635,-0.17112604,-0.1978925,-0.12536043,-0.13633141,-0.15236755,-0.1716311,-0.11658599,-0.1674251,-0.17398742,-0.1509206,-0.12124001,-0.1351875,-0.10574497,-0.14858042,-0.19599906,-0.18941413,-0.2175087,-0.16122466,-0.22338755,-0.19757491,-0.29867563,-0.29210672,-0.19873106,-0.10712844,-0.09162698,-0.13691942,-0.15510912,-0.23188588,-0.19393054,-0.14666909,-0.2026537,-0.1837456,-0.18279888,-0.19771004,-0.19920292,-0.20434317,-0.1574899,-0.125784,-0.14389603,-0.09207485,-0.0956071,-0.17140701,-0.14236628,-0.13743341,-0.14703226,-0.12719077,-0.15137811,-0.2613474,-0.22333384,-0.18906301,-0.20047067,-0.14574152,-0.14927167,-0.1309444,-0.14290228,-0.15077329,-0.16404234,-0.14669499,-0.16278498,-0.15941574,-0.14998752,-0.14729372,-0.15726334,-0.15337467,-0.22480208,-0.120334074,-0.14160594,-0.11839311,-0.16100708,-0.17421345,-0.1558556,-0.16829342,-0.11139822,-0.1388583,-0.13027036,-0.1286481,-0.15152657,-0.14250062,-0.115305305,-0.10065024,-0.090373784,-0.105395555,-0.12055822,-0.13511586,-0.15027548,-0.16040087,-0.1185138,-0.11129953,-0.1578567,-0.17738779,-0.13369693,-0.16451192,-0.25953975,-0.14878215,-0.13278869,-0.14179441,-0.15095688,-0.17780018,-0.16396122,-0.22917573,-0.09015879,-0.1101376,-0.13484944,-0.1297101,-0.13997786,-0.17389667,-0.13908121,-0.16057305,-0.12777606,-0.07092635,-0.03704006,-0.13726526,-0.16228935,-0.17895189,-0.14332479,-0.12334781,-0.13570869,-0.12023825,-0.1383591,-0.25318068,-0.26654312,-0.08330844,-0.10945694,-0.14452708,-0.09238048,-0.18794739,-0.19047785,-0.15294008,-0.090172485,-0.13230102,-0.14969285,-0.15043171,-0.15907732,-0.17071941,-0.18380989,-0.087806374,-0.12377225,-0.1413422,-0.10256614,-0.17951453,-0.19495486,-0.19126514,-0.10001054,-0.13113372,-0.07970086,-0.12802985,-0.19006202,-0.19349885,-0.19186004,-0.123355076,-0.0750665,-0.09704994,-0.11858246,-0.136581,-0.12406494,-0.121451,-0.09442328,-0.09653273,-0.108430475,-0.082459606,-0.112783,-0.13226643,-0.16714877,-0.1410757,-0.13644132,-0.18093297,-0.17825818,-0.19445527,-0.14494593,-0.15549555,-0.13554604,-0.119081676,-0.14001076,-0.19117098,-0.19138089,-0.18166836,-0.19755594,-0.25103784,-0.20219928,-0.1902597,-0.19135213,-0.1826908,-0.17430118,-0.27554205,-0.08916744,-0.11956477,-0.12797083,-0.15751183,-0.20931396,-0.18224281,-0.29657933,-0.32474133,-0.15316683,-0.3242122,-0.17325558,-0.17108874,-0.2185038,-0.17647925,-0.114121355,-0.13999894,-0.15388772,-0.15788373,-0.22984435,-0.18186735,-0.25755385,-0.104363024,-0.12455491,-0.13851911,-0.1241758,-0.15189947,-0.15503742,-0.15618443,-0.14014931,-0.15141064,-0.16316384,-0.15539917,-0.1536142,-0.15329695,-0.1339482,-0.123049565,-0.1464916,-0.19037786,-0.17729002,-0.21025829,-0.3990198,-0.20356159,-0.113358274,-0.1296617,-0.11854471,-0.14804515,-0.16636807,-0.18662468,-0.19183165,-0.13171023,-0.07649304,-0.15327308,-0.13986127,-0.14106366,-0.118092954,-0.19987361,-0.1649412,-0.15878224,-0.14175719,-0.12356493,-0.12722544,-0.14610182,-0.2588673,-0.10731611,-0.13074079,-0.09132757,-0.12832497,-0.12915492,-0.14986685,-0.15172344,-0.09614228,-0.08910369,-0.12437155,-0.11056262,-0.13798387,-0.15093675,-0.17050168,-0.14299305,-0.11639458,-0.17404144,-0.15193474,-0.14239533,-0.12543374,-0.14197147,-0.17466888,-0.13176009,-0.13235372,-0.14577383,-0.12281131,-0.08722703,-0.05825615,-0.14347829,-0.17082691,-0.026243303,-0.16698882,-0.2829064,-0.31316653,-0.19878027,-0.14576025,-0.14331596,-0.14862512,-0.12963767,-0.25088155,-0.19398722,-0.18873337,-0.09453895,-0.10922484,-0.10702289,-0.093700126,-0.12759323,-0.15313742,-0.15746465,-0.16710989,-0.12812386,-0.0969081,-0.16398169,-0.14365995,-0.11335766,-0.18846886,-0.1706479,-0.154037,-0.12571348,-0.115196005,-0.11298293,-0.11662802,-0.17599434,-0.13852508,-0.13436642,-0.096878245,-0.12108993,-0.09159786,-0.12434345,-0.13574153,-0.063823454,-0.13877153,-0.11419349,-0.1339359,-0.24483351,-0.2571875,-0.29957527,-0.14634028,-0.15682149,-0.13236207,-0.19104545,-0.0782174,-0.17254025,-0.16437769,-0.09859173,-0.11065883,-0.11444932,-0.076612435,-0.083404,-0.1213824,-0.13072303,-0.13855581,-0.19385117,-0.09902574,-0.15592012,-0.19487974,-0.1913089,-0.18712622,-0.1112355,-0.14297724,-0.10286139,-0.15931961,-0.19444522,-0.17310345,-0.16929275,-0.14289066,-0.14256954,-0.101918764,-0.15340015,-0.1616019,-0.18113402,-0.19534796,-0.12121999,-0.14726889,-0.11365798,-0.079882875,-0.14350542,-0.20725825,-0.16087262,-0.125103,-0.15657571,-0.15690626,-0.14371893,-0.19202894,-0.16278493,-0.18208903,-0.2963242,-0.19876653,-0.18142375,-0.17180778,-0.19335276,-0.1576498,-0.14054683,-0.13043693,-0.12557748,-0.13842109,-0.16389598,-0.30584824,-0.16700312,-0.1812171,-0.19285311,-0.11441202,-0.15071428,-0.1406864,-0.1782326,-0.16698506,-0.16458917,-0.14331086,-0.18237996,-0.128521,-0.15360393,-0.13796872,-0.24156228,-0.17961228,-0.10317586,-0.135288,-0.14194337,-0.17459255,-0.11029045,-0.13467602,-0.15221924,-0.15993086,-0.18197581,-0.15419674,-0.1493223,-0.19184028,-0.17561178,-0.16402967,-0.14723541,-0.14623587,-0.11499533,-0.10471026,-0.13529609,-0.20148799,-0.17711961,-0.12513243,-0.16587734,-0.18041904,-0.18738703,-0.11705899,-0.17619607,-0.2597137,-0.09242539,-0.092105575,-0.114847764,-0.13608009,-0.14810815,-0.09854055,-0.18920486
k__Bacteria|p__Proteobacteria|c__Gammaproteobacteria|o__Enterobacterales|f__Enterobacteriaceae|g__GGB1354|s__GGB1354_SGB1818,-0.1004395,-0.12316422,-0.14148928,-0.20428483,-0.16708933,-0.19332491,-0.1666669,-0.14519688,-0.12480821,-0.18349189,-0.1833702,-0.23054135,-0.16975608,-0.20739338,-0.103597485,-0.10014889,-0.058144663,-0.10032609,-0.10794145,-0.17067495,-0.1978925,-0.12536043,-0.13654876,-0.15261668,-0.17180921,-0.11658599,-0.16743298,-0.17420459,-0.1509206,-0.12124001,-0.13514847,-0.10600214,-0.14828143,-0.19604269,-0.18931247,-0.2175087,-0.16065261,-0.22338755,-0.19742177,-0.29867563,-0.29210672,-0.1984735,-0.107580826,-0.09162698,-0.13691942,-0.15504423,-0.23188588,-0.1938641,-0.14659934,-0.2026537,-0.18315698,-0.18279888,-0.19783258,-0.19935594,-0.20492084,-0.15808263,-0.12598637,-0.14404427,-0.09252701,-0.095961176,-0.1712713,-0.14255825,-0.13743341,-0.14710426,-0.12719077,-0.15091309,-0.2613474,-0.22333384,-0.18890263,-0.20047067,-0.14597496,-0.14950296,-0.1310377,-0.14308637,-0.15109119,-0.16443539,-0.14666437,-0.16278498,-0.15949196,-0.14998752,-0.14745787,-0.15708561,-0.15326501,-0.22480208,-0.120334074,-0.14164235,-0.11853477,-0.1610671,-0.17411613,-0.1557261,-0.16823962,-0.11139822,-0.1388583,-0.13027036,-0.12870178,-0.15152657,-0.14236806,-0.11579935,-0.10065024,-0.09082045,-0.10573943,-0.1207377,-0.1351044,-0.15027548,-0.1605173,-0.1185138,-0.11129953,-0.1578567,-0.17738779,-0.13410458,-0.16368729,-0.25953975,-0.14868721,-0.13278362,-0.14187162,-0.15095688,-0.17780018,-0.16321057,-0.22917573,-0.09015879,-0.1102003,-0.1348255,-0.13001817,-0.13997786,-0.1737257,-0.13908121,-0.16057305,-0.12777606,-0.07092635,-0.03704006,-0.1370519,-0.16207242,-0.17902586,-0.14332479,-0.12334781,-0.13573053,-0.12023825,-0.13853273,-0.25318068,-0.26654312,-0.08394224,-0.10945694,-0.14477822,-0.09238048,-0.18749005,-0.19052182,-0.15325733,-0.09065126,-0.13230102,-0.14954832,-0.150466,-0.15917233,-0.17066333,-0.183899,-0.08826418,-0.124166355,-0.14181957,-0.10256614,-0.17951453,-0.19495486,-0.19140662,-0.10031531,-0.13113372,-0.08038844,-0.12789744,-0.19006202,-0.19367437,-0.1917691,-0.12372698,-0.07589617,-0.097473845,-0.11872908,-0.1367079,-0.12406494,-0.121451,-0.09500328,-0.0969669,-0.10883729,-0.082459606,-0.11306289,-0.13237515,-0.1672174,-0.1410757,-0.13628635,-0.18093297,-0.17825818,-0.19438107,-0.14476836,-0.15549555,-0.13567404,-0.119081676,-0.14001076,-0.19117098,-0.19151661,-0.18153563,-0.19755594,-0.25103784,-0.20219928,-0.18974072,-0.19098681,-0.18251453,-0.17365435,-0.27554205,-0.08916744,-0.11956477,-0.12765595,-0.15751183,-0.20931396,-0.18224281,-0.29657933,-0.32474133,-0.15116283,-0.3242122,-0.17325558,-0.17108874,-0.2185038,-0.17647925,-0.114121355,-0.1399475,-0.15388772,-0.15788373,-0.22984435,-0.18186735,-0.25803548,-0.10471858,-0.12455491,-0.13857989,-0.12429324,-0.15189947,-0.15520139,-0.1563443,-0.14014931,-0.15141064,-0.16327661,-0.15533322,-0.15360895,-0.15318775,-0.134236,-0.12313092,-0.14622867,-0.19052108,-0.17705764,-0.21025829,-0.3990198,-0.2025539,-0.1136411,-0.1296617,-0.11879371,-0.14793779,-0.16636807,-0.18665113,-0.19158429,-0.13172553,-0.07703826,-0.15307674,-0.13980241,-0.14106366,-0.117972106,-0.19987361,-0.1649412,-0.15851691,-0.14167516,-0.12400789,-0.12722544,-0.14610182,-0.2588673,-0.10746348,-0.13074079,-0.09132757,-0.12832497,-0.12939605,-0.14978312,-0.15207031,-0.09671301,-0.08910369,-0.12454316,-0.11082836,-0.13795832,-0.15080042,-0.17059809,-0.14297594,-0.116404384,-0.1739738,-0.15189779,-0.14261231,-0.12563327,-0.14204043,-0.17466888,-0.13176009,-0.13228622,-0.14597335,-0.123333976,-0.08722703,-0.05825615,-0.14344445,-0.17082691,-0.026243303,-0.16634671,-0.2829064,-0.31316653,-0.19808222,-0.14577481,-0.14331596,-0.14862512,-0.12963767,-0.25088155,-0.19418916,-0.18856868,-0.09485593,-0.10961225,-0.10702289,-0.09434921,-0.12759323,-0.15272146,-0.15746465,-0.16720805,-0.12812386,-0.0969081,-0.16398169,-0.14406046,-0.11335766,-0.18846886,-0.1706479,-0.15406252,-0.12606026,-0.115196005,-0.11321734,-0.11662802,-0.17609844,-0.13866886,-0.134767,-0.096878245,-0.12149823,-0.09209505,-0.12434345,-0.13595805,-0.063823454,-0.13877153,-0.11419349,-0.13380589,-0.24483351,-0.2571875,-0.29957527,-0.146311,-0.1569544,-0.13230026,-0.19104545,-0.0782174,-0.17216921,-0.164685,-0.09859173,-0.11065883,-0.11476719,-0.076612435,-0.083404,-0.1213824,-0.13072303,-0.13855581,-0.19385117,-0.09962994,-0.1554642,-0.19487974,-0.19100195,-0.1871116,-0.11142241,-0.14333227,-0.10315422,-0.1592915,-0.19405866,-0.17304415,-0.1692347,-0.142901,-0.1427593,-0.10193723,-0.15329333,-0.16164866,-0.1808117,-0.19537285,-0.12132816,-0.14744845,-0.113776,-0.08031908,-0.14299428,-0.20725825,-0.16086972,-0.125103,-0.15657571,-0.15690626,-0.14361656,-0.19202894,-0.16254443,-0.18207905,-0.2963242,-0.19761828,-0.18116827,-0.17184529,-0.19304232,-0.15762535,-0.14054683,-0.13048488,-0.12557748,-0.13838607,-0.16347992,-0.30584824,-0.16667587,-0.18151367,-0.19261989,-0.11441202,-0.15069777,-0.14069222,-0.17793606,-0.16704673,-0.16465878,-0.14331086,-0.18237996,-0.1281966,-0.15348291,-0.13744426,-0.24156228,-0.17934702,-0.103566825,-0.13531955,-0.14216304,-0.17454554,-0.11054514,-0.13459283,-0.15256271,-0.1601764,-0.18186611,-0.15447992,-0.14931229,-0.19184028,-0.17531323,-0.16436613,-0.14723541,-0.14623587,-0.11499533,-0.10471026,-0.13498291,-0.20148799,-0.17715925,-0.12513243,-0.16590534,-0.18041904,-0.18738703,-0.11705899,-0.17646849,-0.25962004,-0.09293147,-0.09265162,-0.11485824,-0.13618122,-0.14827946,-0.098691836,-0.18907556
k__Bacteria|p__Proteobacteria|c__Gammaproteobacteria|o__Enterobacterales|f__Enterobacteriaceae|g__GGB1379|s__GGB1379_SGB48439,-0.1004395,-0.12316422,-0.14197996,-0.20428483,-0.16744155,-0.19415319,-0.1666669,-0.14565256,-0.12536247,-0.18423575,-0.18393093,-0.22662872,-0.17000279,-0.20552146,-0.103441864,-0.099590406,-0.058144663,-0.09997931,-0.1080288,-0.17139202,-0.1978925,-0.12536043,-0.13679913,-0.1529231,-0.17205852,-0.11658599,-0.16786695,-0.17466173,-0.1509206,-0.12124001,-0.13556,-0.10589461,-0.14879975,-0.1963538,-0.18975857,-0.2175087,-0.16153939,-0.22338755,-0.19787073,-0.29867563,-0.29210672,-0.19869518,-0.10754873,-0.09162698,-0.13691942,-0.15546548,-0.23188588,-0.19427493,-0.14711902,-0.2026537,-0.18453851,-0.18279888,-0.19789928,-0.19916609,-0.2039591,-0.15843192,-0.12612674,-0.14427933,-0.09249031,-0.095879525,-0.17180607,-0.1428869,-0.13743341,-0.1474703,-0.12719077,-0.15174606,-0.2613474,-0.22333384,-0.18947515,-0.20047067,-0.14624271,-0.14977524,-0.13111272,-0.14315343,-0.15128961,-0.16473716,-0.14732215,-0.16278498,-0.15996453,-0.14998752,-0.14764333,-0.15756753,-0.15374383,-0.22480208,-0.120334074,-0.14195415,-0.11865465,-0.16150919,-0.17475262,-0.15616472,-0.16875345,-0.11139822,-0.1388583,-0.13027036,-0.12903124,-0.15152657,-0.14295426,-0.11596681,-0.10065024,-0.090661235,-0.10572629,-0.12084864,-0.13537891,-0.15027548,-0.1609329,-0.1185138,-0.11129953,-0.1578567,-0.17738779,-0.13426831,-0.16441062,-0.25953975,-0.14922798,-0.13302375,-0.14202976,-0.15095688,-0.17780018,-0.164166,-0.22917573,-0.09015879,-0.110477254,-0.1351676,-0.1300892,-0.13997786,-0.17424217,-0.13908121,-0.16057305,-0.12777606,-0.07092635,-0.03704006,-0.13744651,-0.16257592,-0.17956483,-0.14332479,-0.12334781,-0.13614151,-0.12023825,-0.13861637,-0.25318068,-0.26654312,-0.0836266,-0.10945694,-0.14493251,-0.09238048,-0.18822221,-0.1907559,-0.15331076,-0.09044851,-0.13230102,-0.15002236,-0.15078984,-0.15948758,-0.17107639,-0.18433931,-0.087980196,-0.12426305,-0.14175779,-0.10256614,-0.17951453,-0.19495486,-0.19189383,-0.10037556,-0.13113372,-0.07971516,-0.1281392,-0.19006202,-0.19390702,-0.19228049,-0.12395948,-0.075464904,-0.09738146,-0.118835226,-0.13692749,-0.12406494,-0.121451,-0.09478925,-0.096896626,-0.108741775,-0.082459606,-0.113122836,-0.13259274,-0.16771227,-0.1410757,-0.13676363,-0.18093297,-0.17825818,-0.19473827,-0.14508986,-0.15549555,-0.13594607,-0.119081676,-0.14001076,-0.19117098,-0.19172814,-0.18202537,-0.19755594,-0.25103784,-0.20219928,-0.19061482,-0.19158754,-0.1830769,-0.17431343,-0.27554205,-0.08916744,-0.11956477,-0.12813622,-0.15751183,-0.20931396,-0.18224281,-0.29657933,-0.32474133,-0.15293173,-0.3242122,-0.17325558,-0.17108874,-0.2185038,-0.17647925,-0.114121355,-0.1402683,-0.15388772,-0.15788373,-0.22984435,-0.18186735,-0.2572856,-0.10466607,-0.12455491,-0.13888808,-0.12448188,-0.15189947,-0.15548515,-0.15682817,-0.14014931,-0.15141064,-0.16368952,-0.15578133,-0.15406488,-0.15359008,-0.13432907,-0.1234128,-0.14683783,-0.19090737,-0.17773019,-0.21025829,-0.3990198,-0.2028078,-0.11378819,-0.1296617,-0.11889359,-0.14838147,-0.16636807,-0.18725039,-0.19224524,-0.13203815,-0.07670158,-0.15356387,-0.14011297,-0.14106366,-0.11865369,-0.19987361,-0.1649412,-0.1591695,-0.14194179,-0.123909585,-0.12722544,-0.14610182,-0.2588673,-0.10757597,-0.13074079,-0.09132757,-0.12832497,-0.12952763,-0.15015799,-0.15235749,-0.0965565,-0.08910369,-0.12464169,-0.11074103,-0.13824946,-0.15119855,-0.17094505,-0.14339913,-0.116678625,-0.17445478,-0.15231243,-0.14280203,-0.12568022,-0.14271498,-0.17466888,-0.13176009,-0.13262156,-0.14624295,-0.123292476,-0.08722703,-0.05825615,-0.14395629,-0.17082691,-0.026243303,-0.16717622,-0.2829064,-0.31316653,-0.19866368,-0.14617923,-0.14331596,-0.14862512,-0.12963767,-0.25088155,-0.1944452,-0.18922645,-0.09481946,-0.10965057,-0.10702289,-0.094010815,-0.12759323,-0.15342525,-0.15746465,-0.16774514,-0.12812386,-0.0969081,-0.16398169,-0.14411044,-0.11335766,-0.18846886,-0.1706479,-0.15446469,-0.1261481,-0.115196005,-0.11329639,-0.11662802,-0.17663026,-0.13895121,-0.13481794,-0.096878245,-0.12142351,-0.091918185,-0.12434345,-0.13634774,-0.063823454,-0.13877153,-0.11419349,-0.13410172,-0.24483351,-0.2571875,-0.29957527,-0.14669907,-0.15723655,-0.13255212,-0.19104545,-0.0782174,-0.17289066,-0.16487175,-0.09859173,-0.11065883,-0.115046844,-0.076612435,-0.083404,-0.1213824,-0.13072303,-0.13855581,-0.19385117,-0.09927523,-0.15617004,-0.19487974,-0.19163388,-0.18748981,-0.11155121,-0.1433763,-0.103291295,-0.15985389,-0.19476564,-0.17360006,-0.169528,-0.1432634,-0.14300525,-0.10201016,-0.15368643,-0.16209829,-0.18148553,-0.19571123,-0.12157219,-0.14784156,-0.1141607,-0.08019087,-0.14341122,-0.20725825,-0.16135962,-0.125103,-0.15657571,-0.15690626,-0.14408311,-0.19202894,-0.16307122,-0.1825951,-0.2963242,-0.19823873,-0.18148077,-0.17198142,-0.19339287,-0.15792266,-0.14054683,-0.13070348,-0.12557748,-0.13869941,-0.16373992,-0.30584824,-0.16716161,-0.18165167,-0.19331318,-0.11441202,-0.15097523,-0.14096215,-0.1785678,-0.16738139,-0.16513275,-0.14331086,-0.18237996,-0.12874943,-0.15385726,-0.13785204,-0.24156228,-0.17991853,-0.103479534,-0.135585,-0.1423592,-0.17503017,-0.11055893,-0.13487585,-0.15283126,-0.16056861,-0.1822873,-0.15463445,-0.14951614,-0.19184028,-0.17586073,-0.1647872,-0.14723541,-0.14623587,-0.11499533,-0.10471026,-0.1353735,-0.20148799,-0.1776739,-0.12513243,-0.1663166,-0.18041904,-0.18738703,-0.11705899,-0.17715463,-0.2598775,-0.09276408,-0.09247784,-0.115015626,-0.13641757,-0.14842194,-0.09867607,-0.18958071
k__Bacteria|p__Proteobacteria|c__Gammaproteobacteria|o__Enterobacterales|f__Enterobacteriaceae|g__Plesiomonas|s__Plesiomonas_shigelloides,-0.1004395,-0.12316422,-0.14126244,-0.20428483,-0.1663602,-0.19363946,-0.1666669,-0.1452848,-0.12540454,-0.18440878,-0.18236768,-0.21667409,-0.17101401,-0.20020358,-0.10311675,-0.09861249,-0.058144663,-0.09984715,-0.107672766,-0.17129993,-0.1978925,-0.12536043,-0.13674247,-0.1529373,-0.17152804,-0.11658599,-0.1679587,-0.17449297,-0.1509206,-0.12124001,-0.13555764,-0.10538481,-0.14864303,-0.19511661,-0.18965867,-0.2175087,-0.16020682,-0.22338755,-0.19630793,-0.29867563,-0.29210672,-0.19804934,-0.10730035,-0.09162698,-0.13691942,-0.15484944,-0.23188588,-0.19358388,-0.14708956,-0.2026537,-0.18313043,-0.18279888,-0.19609381,-0.19702142,-0.20127302,-0.15941848,-0.1259176,-0.14402348,-0.09262366,-0.09574381,-0.171736,-0.14291444,-0.13743341,-0.14708912,-0.12719077,-0.15183052,-0.2613474,-0.22333384,-0.18856852,-0.20047067,-0.14604506,-0.14955483,-0.13081217,-0.14282577,-0.15154196,-0.16437843,-0.14759327,-0.16278498,-0.15879908,-0.14998752,-0.14774638,-0.15691729,-0.15374859,-0.22480208,-0.120334074,-0.14182065,-0.118368655,-0.16150856,-0.17438301,-0.15548345,-0.16879804,-0.11139822,-0.1388583,-0.13027036,-0.12941945,-0.15152657,-0.14341846,-0.11605212,-0.10065024,-0.09047259,-0.10575977,-0.12072551,-0.1352856,-0.15027548,-0.16096604,-0.1185138,-0.11129953,-0.1578567,-0.17738779,-0.13386762,-0.16404642,-0.25953975,-0.14884919,-0.1325973,-0.14153874,-0.15095688,-0.17780018,-0.16324723,-0.22917573,-0.09015879,-0.11048141,-0.1348567,-0.12982655,-0.13997786,-0.17364305,-0.13908121,-0.16057305,-0.12777606,-0.07092635,-0.03704006,-0.13717532,-0.16273384,-0.17927526,-0.14332479,-0.12334781,-0.13614848,-0.12023825,-0.13871416,-0.25318068,-0.26654312,-0.08367555,-0.10945694,-0.14527944,-0.09238048,-0.18817142,-0.18990117,-0.15307608,-0.09040131,-0.13230102,-0.14980772,-0.15034291,-0.1590654,-0.17073032,-0.18473247,-0.087703615,-0.12386052,-0.14075543,-0.10256614,-0.17951453,-0.19495486,-0.19143191,-0.10048595,-0.13113372,-0.0793064,-0.12846264,-0.19006202,-0.19318415,-0.1917009,-0.12386147,-0.07526633,-0.097263455,-0.118512884,-0.13682905,-0.12406494,-0.121451,-0.09442802,-0.0965811,-0.108733155,-0.082459606,-0.113148555,-0.13287023,-0.16766544,-0.1410757,-0.13645771,-0.18093297,-0.17825818,-0.19369762,-0.14497982,-0.15549555,-0.13582602,-0.119081676,-0.14001076,-0.19117098,-0.1902321,-0.1810607,-0.19755594,-0.25103784,-0.20219928,-0.19043618,-0.19080901,-0.18271598,-0.17370495,-0.27554205,-0.08916744,-0.11956477,-0.12827209,-0.15751183,-0.20931396,-0.18224281,-0.29657933,-0.32474133,-0.15270591,-0.3242122,-0.17325558,-0.17108874,-0.2185038,-0.17647925,-0.114121355,-0.1398611,-0.15388772,-0.15788373,-0.22984435,-0.18186735,-0.25204417,-0.104442954,-0.12455491,-0.13892876,-0.12475013,-0.15189947,-0.15548736,-0.1569925,-0.14014931,-0.15141064,-0.16369875,-0.15527163,-0.15383461,-0.15309978,-0.13414288,-0.12352942,-0.14685205,-0.19074672,-0.17676991,-0.21025829,-0.3990198,-0.20278794,-0.11366145,-0.1296617,-0.1186915,-0.14859326,-0.16636807,-0.18721338,-0.19184351,-0.13178459,-0.076974966,-0.15387721,-0.14015496,-0.14106366,-0.118648015,-0.19987361,-0.1649412,-0.15841392,-0.14145482,-0.123822935,-0.12722544,-0.14610182,-0.2588673,-0.10738306,-0.13074079,-0.09132757,-0.12832497,-0.12988767,-0.15009314,-0.15251668,-0.09642914,-0.08910369,-0.124725044,-0.11067097,-0.13813978,-0.1511352,-0.17082922,-0.14326024,-0.116993055,-0.17403439,-0.15216202,-0.14274475,-0.12516598,-0.14307612,-0.17466888,-0.13176009,-0.13279417,-0.14596549,-0.12313514,-0.08722703,-0.05825615,-0.14368756,-0.17082691,-0.026243303,-0.16607177,-0.2829064,-0.31316653,-0.19809105,-0.14591986,-0.14331596,-0.14862512,-0.12963767,-0.25088155,-0.19329697,-0.1890406,-0.09498878,-0.10959786,-0.10702289,-0.09439613,-0.12759323,-0.1534645,-0.15746465,-0.16702002,-0.12812386,-0.0969081,-0.16398169,-0.14439286,-0.11335766,-0.18846886,-0.1706479,-0.15390694,-0.12604582,-0.115196005,-0.113312885,-0.11662802,-0.17665192,-0.13873652,-0.13457431,-0.096878245,-0.12108429,-0.09215836,-0.12434345,-0.13664141,-0.063823454,-0.13877153,-0.11419349,-0.13400531,-0.24483351,-0.2571875,-0.29957527,-0.14624064,-0.15685529,-0.13256985,-0.19104545,-0.0782174,-0.1725575,-0.16468558,-0.09859173,-0.11065883,-0.115397826,-0.076612435,-0.083404,-0.1213824,-0.13072303,-0.13855581,-0.19385117,-0.098953985,-0.15602797,-0.19487974,-0.19111769,-0.18713567,-0.11164846,-0.14298415,-0.10360734,-0.16001713,-0.19379705,-0.1735642,-0.1692572,-0.14293015,-0.14255066,-0.10151249,-0.15362039,-0.1615636,-0.18096659,-0.19472632,-0.12164275,-0.14770651,-0.1142018,-0.080553606,-0.14326683,-0.20725825,-0.16094142,-0.125103,-0.15657571,-0.15690626,-0.14351505,-0.19202894,-0.16285357,-0.1827682,-0.2963242,-0.19562757,-0.18138777,-0.17136319,-0.1924381,-0.15744062,-0.14054683,-0.13053909,-0.12557748,-0.13853565,-0.16334012,-0.30584824,-0.16676737,-0.18158513,-0.1925801,-0.11441202,-0.15125346,-0.14068897,-0.17811452,-0.16705057,-0.1650353,-0.14331086,-0.18237996,-0.12842026,-0.15342788,-0.13736805,-0.24156228,-0.1792172,-0.103406,-0.13520047,-0.14242294,-0.17474367,-0.1105698,-0.13490953,-0.15321496,-0.15988332,-0.1814013,-0.15483114,-0.14936906,-0.19184028,-0.17529559,-0.16495538,-0.14723541,-0.14623587,-0.11499533,-0.10471026,-0.13558239,-0.20148799,-0.17744619,-0.12513243,-0.16498926,-0.18041904,-0.18738703,-0.11705899,-0.17785916,-0.25743032,-0.09255418,-0.09251918,-0.11483998,-0.13638346,-0.14812838,-0.098701954,-0.18949142
k__Bacteria|p__Proteobacteria|c__Gammaproteobacteria|o__Chromatiales|f__Chromatiaceae|g__Rheinheimera|s__Rheinheimera_SGB14999,-0.1004395,-0.12316422,-0.14123353,-0.20428483,-0.1671899,-0.19420466,-0.1666669,-0.1455583,-0.12474038,-0.184439,-0.18329318,-0.22222523,-0.16945885,-0.20560849,-0.10297635,-0.09886904,-0.058144663,-0.09975605,-0.10744199,-0.1713343,-0.1978925,-0.12536043,-0.13657871,-0.15293038,-0.17193316,-0.11658599,-0.16784048,-0.17484877,-0.1509206,-0.12124001,-0.13516206,-0.1052026,-0.14832833,-0.19616187,-0.1897623,-0.2175087,-0.160919,-0.22338755,-0.19718722,-0.29867563,-0.29210672,-0.19864613,-0.10743016,-0.09162698,-0.13691942,-0.15515304,-0.23188588,-0.19423349,-0.14694208,-0.2026537,-0.18450454,-0.18279888,-0.19690508,-0.19762683,-0.20203,-0.15902297,-0.12581034,-0.14415225,-0.092170134,-0.095360234,-0.17197981,-0.14282364,-0.13743341,-0.1472493,-0.12719077,-0.15166155,-0.2613474,-0.22333384,-0.18966551,-0.20047067,-0.14628617,-0.14959097,-0.13055974,-0.14273728,-0.15162355,-0.16486928,-0.14738229,-0.16278498,-0.15962422,-0.14998752,-0.14729339,-0.1572094,-0.15355244,-0.22480208,-0.120334074,-0.14166233,-0.118138164,-0.16188434,-0.17483492,-0.15551808,-0.16857782,-0.11139822,-0.1388583,-0.13027036,-0.12883057,-0.15152657,-0.14270906,-0.115511835,-0.10065024,-0.08996398,-0.10551624,-0.12069179,-0.13527097,-0.15027548,-0.16095157,-0.1185138,-0.11129953,-0.1578567,-0.17738779,-0.1338659,-0.16312012,-0.25953975,-0.148939,-0.13235356,-0.1413857,-0.15095688,-0.17780018,-0.16382053,-0.22917573,-0.09015879,-0.10981573,-0.13475871,-0.1295887,-0.13997786,-0.17394143,-0.13908121,-0.16057305,-0.12777606,-0.07092635,-0.03704006,-0.13711695,-0.16267887,-0.17942277,-0.14332479,-0.12334781,-0.135959,-0.12023825,-0.13826233,-0.25318068,-0.26654312,-0.083343,-0.10945694,-0.14494914,-0.09238048,-0.18828964,-0.19044733,-0.15280223,-0.09012392,-0.13230102,-0.14967781,-0.15044618,-0.15931085,-0.17090128,-0.18480323,-0.08746522,-0.12389909,-0.14154986,-0.10256614,-0.17951453,-0.19495486,-0.19203989,-0.09992344,-0.13113372,-0.078706786,-0.12769917,-0.19006202,-0.19395024,-0.19215319,-0.123943105,-0.0751403,-0.09703794,-0.11820482,-0.13660686,-0.12406494,-0.121451,-0.09433152,-0.096404895,-0.10839063,-0.082459606,-0.11281333,-0.1325854,-0.16795129,-0.1410757,-0.13619468,-0.18093297,-0.17825818,-0.19448188,-0.14464527,-0.15549555,-0.1356079,-0.119081676,-0.14001076,-0.19117098,-0.19160926,-0.18160401,-0.19755594,-0.25103784,-0.20219928,-0.19058456,-0.19110242,-0.18282196,-0.17376982,-0.27554205,-0.08916744,-0.11956477,-0.12760323,-0.15751183,-0.20931396,-0.18224281,-0.29657933,-0.32474133,-0.15053962,-0.3242122,-0.17325558,-0.17108874,-0.2185038,-0.17647925,-0.114121355,-0.13970532,-0.15388772,-0.15788373,-0.22984435,-0.18186735,-0.25505096,-0.10421722,-0.12455491,-0.1386253,-0.124168426,-0.15189947,-0.15582907,-0.1569881,-0.14014931,-0.15141064,-0.16384047,-0.15543288,-0.1539222,-0.15299112,-0.13381696,-0.122905895,-0.14632176,-0.19102061,-0.1773637,-0.21025829,-0.3990198,-0.2016093,-0.113537736,-0.1296617,-0.11861164,-0.14795582,-0.16636807,-0.18776749,-0.19217248,-0.13146058,-0.076360166,-0.15348302,-0.13982746,-0.14106366,-0.11831338,-0.19987361,-0.1649412,-0.15867773,-0.14122723,-0.12334458,-0.12722544,-0.14610182,-0.2588673,-0.10707095,-0.13074079,-0.09132757,-0.12832497,-0.12936226,-0.1499015,-0.15253165,-0.096253976,-0.08910369,-0.12430054,-0.11029188,-0.13791537,-0.15091908,-0.17090039,-0.1431373,-0.11613667,-0.17452036,-0.15203136,-0.1425829,-0.12515903,-0.14271416,-0.17466888,-0.13176009,-0.13227805,-0.14597589,-0.12299082,-0.08722703,-0.05825615,-0.14372784,-0.17082691,-0.026243303,-0.16659102,-0.2829064,-0.31316653,-0.19809261,-0.14597768,-0.14331596,-0.14862512,-0.12963767,-0.25088155,-0.19449772,-0.18930714,-0.09429544,-0.10940741,-0.10702289,-0.09369056,-0.12759323,-0.15303256,-0.15746465,-0.16759975,-0.12812386,-0.0969081,-0.16398169,-0.14425229,-0.11335766,-0.18846886,-0.1706479,-0.15404442,-0.12584084,-0.115196005,-0.11271781,-0.11662802,-0.17705707,-0.1387218,-0.13471767,-0.096878245,-0.12098892,-0.09164423,-0.12434345,-0.13620311,-0.063823454,-0.13877153,-0.11419349,-0.13361648,-0.24483351,-0.2571875,-0.29957527,-0.14645776,-0.15706864,-0.13210648,-0.19104545,-0.0782174,-0.17286995,-0.16442448,-0.09859173,-0.11065883,-0.114852265,-0.076612435,-0.083404,-0.1213824,-0.13072303,-0.13855581,-0.19385117,-0.098997355,-0.1557832,-0.19487974,-0.1914077,-0.18722133,-0.11120711,-0.14321832,-0.103242494,-0.16009386,-0.19458616,-0.17366056,-0.16910714,-0.1430155,-0.14275548,-0.10104273,-0.15336223,-0.16189852,-0.1811247,-0.19543341,-0.12140569,-0.14791568,-0.11384534,-0.07976525,-0.14249653,-0.20725825,-0.16134718,-0.125103,-0.15657571,-0.15690626,-0.14377964,-0.19202894,-0.16277859,-0.1827387,-0.2963242,-0.19677493,-0.18039712,-0.17161381,-0.19304903,-0.15721124,-0.14054683,-0.13036281,-0.12557748,-0.13837823,-0.16268703,-0.30584824,-0.16654488,-0.18152183,-0.19318062,-0.11441202,-0.1507022,-0.140697,-0.17843044,-0.16713774,-0.16515769,-0.14331086,-0.18237996,-0.12799495,-0.15322834,-0.13640788,-0.24156228,-0.17988166,-0.10309193,-0.13513216,-0.14226815,-0.17516288,-0.11008889,-0.13443062,-0.15297213,-0.16071881,-0.18205164,-0.15467948,-0.14939284,-0.19184028,-0.17571312,-0.16496393,-0.14723541,-0.14623587,-0.11499533,-0.10471026,-0.13490912,-0.20148799,-0.17786804,-0.12513243,-0.16618681,-0.18041904,-0.18738703,-0.11705899,-0.17768335,-0.25964248,-0.09239432,-0.09208031,-0.11450116,-0.13611168,-0.14810368,-0.09799439,-0.18983358
k__Bacteria|p__Proteobacteria|c__Gammaproteobacteria|o__Aeromonadales|f__Aeromonadaceae|g__Aeromonas|s__Aeromonas_caviae,-0.1004395,-0.12316422,-0.1420303,-0.20428483,-0.16673297,-0.19388078,-0.1666669,-0.14473553,-0.12481044,-0.18308872,-0.18352643,-0.23235288,-0.17058931,-0.20661634,-0.103148006,-0.099622965,-0.058144663,-0.09946899,-0.107770786,-0.17082094,-0.1978925,-0.12536043,-0.1361714,-0.15207022,-0.17170766,-0.11658599,-0.16702525,-0.17362177,-0.1509206,-0.12124001,-0.1347208,-0.10584696,-0.14822504,-0.1963366,-0.18933456,-0.2175087,-0.16078907,-0.22338755,-0.19766115,-0.29867563,-0.29210672,-0.19907475,-0.10702391,-0.09162698,-0.13691942,-0.15495402,-0.23188588,-0.19406694,-0.14654186,-0.2026537,-0.1829057,-0.18279888,-0.19795462,-0.20055175,-0.20634791,-0.15763998,-0.1256653,-0.14376539,-0.091913864,-0.095635,-0.17099953,-0.14218214,-0.13743341,-0.14684741,-0.12719077,-0.15108994,-0.2613474,-0.22333384,-0.18875423,-0.20047067,-0.14553323,-0.14910865,-0.1308912,-0.14294824,-0.15065247,-0.16376294,-0.14625081,-0.16278498,-0.15923703,-0.14998752,-0.14696503,-0.15713865,-0.1531984,-0.22480208,-0.120334074,-0.14141363,-0.11833957,-0.16061732,-0.17387864,-0.15588924,-0.16795714,-0.11139822,-0.1388583,-0.13027036,-0.12840082,-0.15152657,-0.14205535,-0.11524049,-0.10065024,-0.09038935,-0.1053524,-0.12040839,-0.13488358,-0.15027548,-0.15999389,-0.1185138,-0.11129953,-0.1578567,-0.17738779,-0.13398845,-0.16437164,-0.25953975,-0.14852387,-0.13267624,-0.14191014,-0.15095688,-0.17780018,-0.16386187,-0.22917573,-0.09015879,-0.109850496,-0.13458776,-0.12977211,-0.13997786,-0.17373888,-0.13908121,-0.16057305,-0.12777606,-0.07092635,-0.03704006,-0.13701752,-0.16194189,-0.17871906,-0.14332479,-0.12334781,-0.13537797,-0.12023825,-0.13825387,-0.25318068,-0.26654312,-0.08329733,-0.10945694,-0.14431623,-0.09238048,-0.18765959,-0.19046283,-0.15314338,-0.09016338,-0.13230102,-0.14942384,-0.15030779,-0.15897065,-0.17058101,-0.18351157,-0.087911904,-0.12378198,-0.14100407,-0.10256614,-0.17951453,-0.19495486,-0.19141996,-0.09998427,-0.13113372,-0.08031039,-0.12804079,-0.19006202,-0.19357151,-0.19188677,-0.123040915,-0.075180516,-0.09709901,-0.11864366,-0.1364283,-0.12406494,-0.121451,-0.09458743,-0.09669675,-0.10839291,-0.082459606,-0.11284794,-0.13206898,-0.1667562,-0.1410757,-0.13620564,-0.18093297,-0.17825818,-0.19479376,-0.1448425,-0.15549555,-0.13543609,-0.119081676,-0.14001076,-0.19117098,-0.19160485,-0.18160291,-0.19755594,-0.25103784,-0.20219928,-0.1899922,-0.19118887,-0.1826981,-0.17417407,-0.27554205,-0.08916744,-0.11956477,-0.12758482,-0.15751183,-0.20931396,-0.18224281,-0.29657933,-0.32474133,-0.15374187,-0.3242122,-0.17325558,-0.17108874,-0.2185038,-0.17647925,-0.114121355,-0.13979274,-0.15388772,-0.15788373,-0.22984435,-0.18186735,-0.260597,-0.10437375,-0.12455491,-0.13823202,-0.123981714,-0.15189947,-0.15479366,-0.1558136,-0.14014931,-0.15141064,-0.16276103,-0.15512478,-0.15333459,-0.15317556,-0.13403183,-0.122812614,-0.14610186,-0.19009921,-0.17724031,-0.21025829,-0.3990198,-0.20561817,-0.11329473,-0.1296617,-0.11854833,-0.14785255,-0.16636807,-0.1862426,-0.19163267,-0.13145515,-0.07661401,-0.15292922,-0.13956432,-0.14106366,-0.1176104,-0.19987361,-0.1649412,-0.15841785,-0.14178628,-0.12361497,-0.12722544,-0.14610182,-0.2588673,-0.10726657,-0.13074079,-0.09132757,-0.12832497,-0.12891296,-0.14951482,-0.15141977,-0.09613988,-0.08910369,-0.12423496,-0.11047616,-0.13785544,-0.15063438,-0.170394,-0.14273757,-0.11609903,-0.17373241,-0.15172298,-0.14225224,-0.12555113,-0.14172575,-0.17466888,-0.13176009,-0.1321638,-0.1456628,-0.12291743,-0.08722703,-0.05825615,-0.14327194,-0.17082691,-0.026243303,-0.16673607,-0.2829064,-0.31316653,-0.199833,-0.14553618,-0.14331596,-0.14862512,-0.12963767,-0.25088155,-0.19438556,-0.18856597,-0.09449862,-0.109124094,-0.10702289,-0.09393068,-0.12759323,-0.15283981,-0.15746465,-0.1669943,-0.12812386,-0.0969081,-0.16398169,-0.14331847,-0.11335766,-0.18846886,-0.1706479,-0.15389743,-0.12567103,-0.115196005,-0.113031656,-0.11662802,-0.17567024,-0.13835195,-0.13430172,-0.096878245,-0.121258125,-0.091538526,-0.12434345,-0.13532929,-0.063823454,-0.13877153,-0.11419349,-0.13369736,-0.24483351,-0.2571875,-0.29957527,-0.1461651,-0.15668708,-0.13232382,-0.19104545,-0.0782174,-0.17251015,-0.1642128,-0.09859173,-0.11065883,-0.114018336,-0.076612435,-0.083404,-0.1213824,-0.13072303,-0.13855581,-0.19385117,-0.09926604,-0.15559483,-0.19487974,-0.19112468,-0.1871598,-0.111063235,-0.14286144,-0.10277729,-0.15882185,-0.19449417,-0.17298199,-0.16903132,-0.14268206,-0.14250799,-0.101974234,-0.15320927,-0.16142729,-0.18097189,-0.19553971,-0.12106482,-0.14703402,-0.11337052,-0.07984561,-0.14341086,-0.20725825,-0.160516,-0.125103,-0.15657571,-0.15690626,-0.1435695,-0.19202894,-0.16246638,-0.18173474,-0.2963242,-0.19950093,-0.18162312,-0.17169006,-0.19347957,-0.15778384,-0.14054683,-0.1302478,-0.12557748,-0.13821277,-0.1637096,-0.30584824,-0.16677374,-0.18106663,-0.19266903,-0.11441202,-0.1504557,-0.14050376,-0.17797887,-0.16689178,-0.16434364,-0.14331086,-0.18237996,-0.12835413,-0.15341431,-0.13813412,-0.24156228,-0.1793023,-0.103139855,-0.1351349,-0.14184903,-0.17424151,-0.110240534,-0.1345244,-0.15189527,-0.1597307,-0.18177062,-0.1541886,-0.14915973,-0.19184028,-0.1753769,-0.16376162,-0.14723541,-0.14623587,-0.11499533,-0.10471026,-0.13514021,-0.20148799,-0.17677942,-0.12513243,-0.165387,-0.18041904,-0.18738703,-0.11705899,-0.17609309,-0.26055872,-0.09250234,-0.09213829,-0.1147038,-0.13602075,-0.14806819,-0.098605685,-0.18885726
k__Bacteria|p__Proteobacteria|c__Gammaproteobacteria|o__Moraxellales|f__Moraxellaceae|g__Acinetobacter|s__Acinetobacter_ursingii,-0.1004395,-0.12316422,-0.14200905,-0.20428483,-0.16709305,-0.19330662,-0.1666669,-0.14483963,-0.12503971,-0.18288396,-0.18347052,-0.22700872,-0.16981223,-0.20500097,-0.10322966,-0.099516556,-0.058144663,-0.09944941,-0.10800499,-0.17054981,-0.1978925,-0.12536043,-0.13607767,-0.15192634,-0.17141813,-0.11658599,-0.1672235,-0.17331216,-0.1509206,-0.12124001,-0.13506794,-0.1060517,-0.14839087,-0.19571,-0.18896875,-0.2175087,-0.1610442,-0.22338755,-0.19752127,-0.29867563,-0.29210672,-0.19813418,-0.10710648,-0.09162698,-0.13691942,-0.15511535,-0.23188588,-0.19378942,-0.14639977,-0.2026537,-0.18360296,-0.18279888,-0.1972761,-0.19885525,-0.2039155,-0.15698597,-0.12567796,-0.14367904,-0.09200595,-0.09571791,-0.17094752,-0.14204961,-0.13743341,-0.14686444,-0.12719077,-0.15125093,-0.2613474,-0.22333384,-0.18856627,-0.20047067,-0.14536735,-0.14906871,-0.13082093,-0.14273643,-0.15017536,-0.16343924,-0.14614713,-0.16278498,-0.15940553,-0.14998752,-0.14711156,-0.15717092,-0.15300888,-0.22480208,-0.120334074,-0.14149794,-0.11841263,-0.1604684,-0.1736474,-0.15582007,-0.16784194,-0.11139822,-0.1388583,-0.13027036,-0.1284403,-0.15152657,-0.14241514,-0.11521575,-0.10065024,-0.090660736,-0.10544266,-0.120401025,-0.13498272,-0.15027548,-0.16002738,-0.1185138,-0.11129953,-0.1578567,-0.17738779,-0.13329992,-0.16434446,-0.25953975,-0.14862938,-0.13283828,-0.14182377,-0.15095688,-0.17780018,-0.163871,-0.22917573,-0.09015879,-0.11021825,-0.13473903,-0.12964831,-0.13997786,-0.17381641,-0.13908121,-0.16057305,-0.12777606,-0.07092635,-0.03704006,-0.13729542,-0.16190991,-0.17854252,-0.14332479,-0.12334781,-0.13574925,-0.12023825,-0.13835599,-0.25318068,-0.26654312,-0.08355353,-0.10945694,-0.1442183,-0.09238048,-0.18767875,-0.19032526,-0.1532508,-0.09038216,-0.13230102,-0.14955938,-0.15028146,-0.15877527,-0.17038022,-0.1831266,-0.0881805,-0.12353103,-0.14106932,-0.10256614,-0.17951453,-0.19495486,-0.19075106,-0.10009587,-0.13113372,-0.07990959,-0.12808356,-0.19006202,-0.19312945,-0.19160274,-0.12307331,-0.075514,-0.09715225,-0.11869292,-0.13655713,-0.12406494,-0.121451,-0.094601825,-0.09691222,-0.10857867,-0.082459606,-0.1128979,-0.13223784,-0.16665846,1.7997279,-0.13646673,-0.18093297,-0.17825818,-0.19432835,-0.14483678,-0.15549555,-0.13529503,-0.119081676,-0.14001076,-0.19117098,-0.19126906,-0.18126774,-0.19755594,-0.25103784,-0.20219928,-0.19005564,-0.1912038,-0.18248732,-0.17425182,-0.27554205,-0.08916744,-0.11956477,-0.12818551,-0.15751183,-0.20931396,-0.18224281,-0.29657933,-0.32474133,-0.1549791,1.2276683,-0.17325558,-0.17108874,-0.2185038,-0.17647925,-0.114121355,-0.1400752,-0.15388772,-0.15788373,-0.22984435,-0.18186735,-0.25772673,-0.10447931,-0.12455491,-0.13842566,-0.12407577,-0.15189947,-0.15473494,-0.15569738,-0.14014931,-0.15141064,-0.16256115,-0.15523122,-0.15325993,-0.1532655,-0.13403341,-0.12304731,-0.14618324,-0.1897533,-0.17688829,-0.21025829,-0.3990198,-0.20316291,-0.11342413,-0.1296617,-0.1183497,-0.14792308,-0.16636807,-0.18601176,-0.19147015,-0.13178265,-0.07682367,-0.15280019,-0.13989101,-0.14106366,-0.1175963,-0.19987361,-0.1649412,-0.15882164,-0.14174801,-0.12372376,-0.12722544,-0.14610182,-0.2588673,-0.10743554,-0.13074079,-0.09132757,-0.12832497,-0.12892684,-0.14983317,-0.15132798,-0.096261635,-0.08910369,-0.124301314,-0.11075105,-0.13788787,-0.15080337,-0.1700779,-0.14280342,-0.11645961,-0.17368442,-0.1518018,-0.14222938,-0.1256828,-0.14142269,-0.17466888,-0.13176009,-0.13218135,-0.14567877,-0.12287983,-0.08722703,-0.05825615,-0.14342958,-0.17082691,-0.026243303,-0.16700637,-0.2829064,-0.31316653,-0.19838713,-0.14554033,-0.14331596,-0.14862512,-0.12963767,-0.25088155,-0.19368578,-0.18817234,-0.094812885,-0.10914949,-0.10702289,-0.093562886,-0.12759323,-0.15298174,-0.15746465,-0.16675924,-0.12812386,-0.0969081,-0.16398169,-0.14320605,-0.11335766,-0.18846886,-0.1706479,-0.15391085,-0.12559801,-0.115196005,-0.112909906,-0.11662802,-0.17553137,-0.13828361,-0.13426918,-0.096878245,-0.12116885,-0.09172647,-0.12434345,-0.1355663,-0.063823454,-0.13877153,-0.11419349,-0.13401014,-0.24483351,-0.2571875,-0.29957527,-0.14610651,-0.15660727,-0.13214085,-0.19104545,-0.0782174,-0.17214721,-0.16411953,-0.09859173,-0.11065883,-0.1143709,-0.076612435,-0.083404,-0.1213824,-0.13072303,-0.13855581,-0.19385117,-0.099089935,-0.1555835,-0.19487974,-0.19097328,-0.18675932,-0.111222684,-0.1430781,-0.10272076,-0.15863694,-0.19388296,-0.17210352,-0.16925976,-0.14276363,-0.14241487,-0.102235936,-0.15322183,-0.16137826,-0.18097515,-0.19506383,-0.12112826,-0.14701565,-0.11371933,-0.08000752,-0.14312515,-0.20725825,-0.1606088,-0.125103,-0.15657571,-0.15690626,-0.143637,-0.19202894,-0.16251753,-0.18155074,-0.2963242,-0.19938868,-0.1814093,-0.17201869,-0.1932726,-0.15778452,-0.14054683,-0.13035183,-0.12557748,-0.13836342,-0.16385777,-0.30584824,-0.16678812,-0.18094781,-0.19258341,-0.11441202,-0.150552,-0.14065963,-0.17782602,-0.16668344,-0.16424085,-0.14331086,-0.18237996,-0.12847963,-0.15340912,-0.13787428,-0.24156228,-0.17968348,-0.10322554,-0.13540378,-0.14161971,-0.17411298,-0.11049581,-0.13465086,-0.15169656,-0.15957825,-0.18182893,-0.15369172,-0.14900234,-0.19184028,-0.1753917,-0.16348149,-0.14723541,-0.14623587,-0.11499533,-0.10471026,-0.13513213,-0.20148799,-0.17670174,-0.12513243,-0.16588572,-0.18041904,-0.18738703,-0.11705899,-0.1754373,-0.25977838,-0.092632316,-0.09228532,-0.114980504,-0.13591616,-0.14796035,-0.09881997,-0.1886286
k__Bacteria|p__Proteobacteria|c__Gammaproteobacteria|o__Enterobacterales|f__Erwiniaceae|g__Mixta|s__Mixta_calida,-0.1004395,-0.12316422,-0.14112401,-0.20428483,-0.16650581,-0.19333312,-0.1666669,-0.1451565,-0.12479974,-0.18343611,-0.18286774,-0.22397894,-0.16899954,-0.20471013,-0.10336298,-0.0992668,-0.058144663,-0.10013513,-0.10768352,-0.17073435,-0.1978925,-0.12536043,-0.1364778,-0.15260176,-0.17135811,-0.11658599,-0.16723925,-0.17413211,-0.1509206,-0.12124001,-0.13503253,-0.10557243,-0.14810497,-0.19535162,-0.18904229,-0.2175087,-0.1602482,-0.22338755,-0.1962652,-0.29867563,-0.29210672,-0.1980492,-0.10753672,-0.09162698,-0.13691942,-0.15465008,-0.23188588,-0.193362,-0.1467058,-0.2026537,-0.18318069,-0.18279888,-0.19649003,-0.19773573,-0.20265687,-0.1582616,-0.12584774,-0.14390203,-0.09261303,-0.09577827,-0.17128153,-0.14264064,-0.13743341,-0.14694661,-0.12719077,-0.1510421,-0.2613474,-0.22333384,-0.18866998,-0.20047067,-0.14597455,-0.14929225,-0.13068166,-0.14269252,-0.15129021,-0.16431366,-0.14693055,-0.16278498,-0.15902315,-0.14998752,-0.14710115,-0.1567939,-0.15327281,-0.22480208,-0.120334074,-0.14145619,-0.118281856,-0.16124213,-0.17410345,-0.15530963,-0.16804656,-0.11139822,-0.1388583,-0.13027036,-0.12882178,-0.15152657,-0.14252077,-0.1156785,-0.10065024,-0.09050177,-0.10571921,-0.120692044,-0.13507345,-0.15027548,-0.16042885,-0.1185138,-0.11129953,-0.1578567,-0.17738779,-0.13394016,-0.16304937,-0.25953975,-0.1485399,-0.13240328,-0.1413992,-0.15095688,-0.17780018,-0.16319409,-0.22917573,-0.09015879,-0.110049695,-0.13467486,-0.12969881,-0.13997786,-0.17333868,-0.13908121,-0.16057305,-0.12777606,-0.07092635,-0.03704006,-0.13691284,-0.16219428,-0.17874071,-0.14332479,-0.12334781,-0.13568757,-0.12023825,-0.13825291,-0.25318068,-0.26654312,-0.0838677,-0.10945694,-0.14477208,-0.09238048,-0.1874001,-0.18981612,-0.15266034,-0.09056239,-0.13230102,-0.14935379,-0.15016316,-0.15887979,-0.17037545,-0.18399385,-0.088002846,-0.12394066,-0.1412397,-0.10256614,-0.17951453,-0.19495486,-0.19119158,-0.1003377,-0.13113372,-0.07981488,-0.1277573,-0.19006202,-0.1931589,-0.19137387,-0.12384745,-0.07571717,-0.09739758,-0.11839691,-0.13650337,-0.12406494,-0.121451,-0.09479621,-0.09676722,-0.10865594,-0.082459606,-0.11300593,-0.13245633,-0.16723603,-0.1410757,-0.13603687,-0.18093297,-0.17825818,-0.19373034,-0.14455469,-0.15549555,-0.13554472,-0.119081676,-0.14001076,-0.19117098,-0.19073278,-0.18101008,-0.19755594,-0.25103784,-0.20219928,-0.18976071,-0.19038516,-0.1821619,-0.1732804,-0.27554205,-0.08916744,-0.11956477,-0.12758812,-0.15751183,-0.20931396,-0.18224281,-0.29657933,2.4831865,-0.15052736,-0.3242122,-0.17325558,-0.17108874,-0.2185038,-0.17647925,-0.114121355,-0.13956198,-0.15388772,-0.15788373,-0.22984435,-0.18186735,-0.25464514,-0.10455616,-0.12455491,-0.13846505,-0.12424675,-0.15189947,-0.15535007,-0.15650827,-0.14014931,-0.15141064,-0.16331804,-0.15503006,-0.15356104,-0.15278499,-0.1338181,-0.12300079,-0.14609762,-0.19023345,-0.17690289,-0.21025829,-0.3990198,-0.20175195,-0.1136292,-0.1296617,-0.118752986,-0.14778948,-0.16636807,-0.18678536,-0.19128646,-0.13143659,-0.07702932,-0.15315521,-0.13962525,-0.14106366,-0.118339986,-0.19987361,-0.1649412,-0.15817946,-0.14127283,-0.123554364,-0.12722544,-0.14610182,-0.2588673,-0.10734151,-0.13074079,-0.09132757,-0.12832497,-0.12937504,-0.14962855,-0.1520885,-0.096617036,-0.08910369,-0.1244004,-0.11055279,-0.13777891,-0.15065551,-0.170347,-0.14293128,-0.116346106,-0.17377031,-0.15177488,-0.1424211,-0.12530294,-0.14234298,-0.17466888,-0.13176009,-0.13227354,-0.14574547,-0.12309293,-0.08722703,-0.05825615,-0.14344677,-0.17082691,-0.026243303,-0.16584292,-0.2829064,-0.31316653,-0.1977939,-0.14566997,-0.14331596,-0.14862512,-0.12963767,-0.25088155,-0.1936641,-0.18850547,-0.09482941,-0.10954705,-0.10702289,-0.09432226,-0.12759323,-0.15270016,-0.15746465,-0.16693255,-0.12812386,-0.0969081,-0.16398169,-0.14399272,-0.11335766,-0.18846886,-0.1706479,-0.15371697,-0.12592128,-0.115196005,-0.11303578,-0.11662802,-0.17615384,-0.13857393,-0.13458756,-0.096878245,-0.1211613,-0.09207259,-0.12434345,-0.13598683,-0.063823454,-0.13877153,-0.11419349,-0.13356182,-0.24483351,-0.2571875,-0.29957527,-0.14616638,-0.15666841,-0.13222548,-0.19104545,-0.0782174,-0.17230982,-0.16407493,-0.09859173,-0.11065883,-0.11492023,-0.076612435,-0.083404,-0.1213824,-0.13072303,5.318693,-0.19385117,-0.099462256,-0.15540178,-0.19487974,-0.19063368,-0.18660462,-0.111414574,-0.14295565,-0.10348783,-0.1594794,-0.19370402,-0.17317718,-0.16861065,-0.14277016,-0.14251646,-0.101545244,-0.1530953,-0.16131938,-0.18046829,-0.19461389,-0.12143745,-0.14748958,-0.1138791,-0.08038253,-0.14264305,-0.20725825,-0.16077346,-0.125103,-0.15657571,-0.15690626,-0.1434342,-0.19202894,-0.1623584,-0.18201056,-0.2963242,-0.19623137,-0.18025027,-0.17104414,-0.1923953,-0.15707104,-0.14054683,-0.13035372,-0.12557748,-0.13827632,-0.16249308,-0.30584824,-0.16637844,-0.18098429,-0.19217932,-0.11441202,-0.15050682,-0.14041713,-0.17773171,-0.16671994,-0.16452415,-0.14331086,-0.18237996,-0.12806556,-0.1530269,-0.13685924,-0.24156228,-0.17899707,-0.103415996,-0.13500421,-0.14212096,-0.17444524,-0.11034673,-0.13446636,-0.15254845,-0.16001666,-0.18131988,-0.15443598,-0.14913356,-0.19184028,-0.17509389,-0.16440967,-0.14723541,-0.14623587,-0.11499533,-0.10471026,-0.13491333,-0.20148799,-0.17709291,-0.12513243,-0.16520396,-0.18041904,-0.18738703,-0.11705899,-0.17695148,-0.25800163,-0.092812285,-0.092529945,-0.1146756,-0.13604075,-0.14793327,-0.098524295,-0.1888862
k__Bacteria|p__Proteobacteria|c__Gammaproteobacteria|o__Enterobacterales|f__Enterobacteriaceae|g__Kluyvera|s__Kluyvera_sichuanensis,-0.1004395,-0.12316422,-0.14160031,-0.20428483,-0.16656178,-0.19267267,-0.1666669,-0.14470562,-0.12492201,-0.18291458,-0.18251929,-0.22470188,-0.16952272,-0.20400172,-0.10315399,-0.09949808,-0.058144663,-0.099567644,-0.107857145,-0.17018194,-0.1978925,-0.12536043,-0.13594365,-0.15172777,-0.17098987,-0.11658599,-0.16691452,-0.17311114,-0.1509206,-0.12124001,-0.13491675,-0.10592332,-0.1480765,-0.19513543,-0.18849963,-0.2175087,-0.16053222,-0.22338755,-0.19679315,-0.29867563,-0.29210672,-0.19738415,-0.10716134,-0.09162698,-0.13691942,-0.15475129,-0.23188588,-0.19311011,-0.14621231,-0.2026537,-0.1831735,-0.18279888,-0.19657172,-0.19771369,-0.20267756,-0.15727091,-0.12554312,-0.14345649,-0.09212476,-0.09577525,-0.17065941,-0.14182454,-0.13743341,-0.14658585,-0.12719077,-0.15105578,-0.2613474,-0.22333384,-0.18800263,-0.20047067,-0.14521463,-0.14884622,-0.13060169,-0.14246239,-0.1500967,-0.16327335,-0.14612809,-0.16278498,-0.158984,-0.14998752,-0.14689595,-0.15674913,-0.15272826,-0.22480208,-0.120334074,-0.14125934,-0.11828244,-0.16031066,-0.17334844,-0.1552654,-0.16757235,-0.11139822,-0.1388583,-0.13027036,-0.12840906,-0.15152657,-0.14223391,-0.11532943,-0.10065024,-0.090737686,-0.10551031,-0.12037963,-0.13480587,-0.15027548,-0.15983367,-0.1185138,-0.11129953,-0.1578567,-0.17738779,-0.13314402,-0.1637612,-0.25953975,-0.14838248,-0.13254529,-0.14145738,-0.15095688,-0.17780018,-0.16327782,-0.22917573,-0.09015879,-0.110166535,-0.13450158,-0.12948087,-0.13997786,-0.17325948,-0.13908121,-0.16057305,-0.12777606,-0.07092635,-0.03704006,-0.13704067,-0.16157192,-0.17817777,-0.14332479,-0.12334781,-0.13559535,-0.12023825,-0.13810892,-0.25318068,-0.26654312,-0.08367336,-0.10945694,-0.14407153,-0.09238048,-0.18717182,-0.18965155,-0.15281868,-0.09044035,-0.13230102,-0.14926434,-0.14997303,-0.15848497,-0.16998675,-0.18287745,-0.08812878,-0.12349303,-0.1408085,-0.10256614,-0.17951453,-0.19495486,-0.19032095,-0.100140855,-0.13113372,-0.07988271,-0.12792441,-0.19006202,-0.1925705,-0.19098479,-0.12304908,-0.07566274,-0.09722597,-0.11855458,-0.13635433,-0.12406494,-0.121451,-0.0945963,-0.09688699,-0.10853781,-0.082459606,-0.11288379,-0.1321052,-0.1664663,-0.1410757,-0.13624695,-0.18093297,-0.17825818,-0.19358754,-0.14450186,-0.15549555,-0.1351497,-0.119081676,-0.14001076,-0.19117098,-0.19055712,-0.18068662,-0.19755594,-0.25103784,-0.20219928,-0.18941605,-0.19054118,-0.18200314,-0.17358693,-0.27554205,-0.08916744,-0.11956477,-0.12793976,-0.15751183,-0.20931396,-0.18224281,-0.29657933,4.7048845,-0.1535246,-0.3242122,-0.17325558,-0.17108874,-0.2185038,-0.17647925,-0.114121355,-0.13977918,-0.15388772,-0.15788373,-0.22984435,-0.18186735,-0.25611043,-0.10441508,-0.12455491,-0.13826382,-0.12403467,-0.15189947,-0.15447044,-0.15559632,-0.14014931,-0.15141064,-0.16238175,-0.15487121,-0.15299658,-0.15280542,-0.13385813,-0.12296821,-0.1460436,-0.18940607,-0.17627116,-0.21025829,-0.3990198,-0.2021966,-0.11339253,-0.1296617,-0.11835827,-0.14767951,-0.16636807,-0.18569897,-0.19096181,-0.13147794,-0.07700945,-0.15263106,-0.1396411,-0.14106366,-0.117609926,-0.19987361,-0.1649412,-0.15833136,-0.14129889,-0.123551585,-0.12722544,-0.14610182,-0.2588673,-0.10732884,-0.13074079,-0.09132757,-0.12832497,-0.12890308,-0.14945671,-0.15124357,-0.096328154,-0.08910369,-0.12418326,-0.110639125,-0.13765424,-0.1504681,-0.16976145,-0.14256892,-0.11637919,-0.17328174,-0.15147004,-0.14202385,-0.12535554,-0.14150034,-0.17466888,-0.13176009,-0.13202429,-0.14542027,-0.12277364,-0.08722703,-0.05825615,-0.14313662,-0.17082691,-0.026243303,-0.16637,-0.2829064,-0.31316653,-0.19745205,-0.14531681,-0.14331596,-0.14862512,-0.12963767,-0.25088155,-0.1930393,-0.18772773,-0.09476934,-0.10923874,-0.10702289,-0.09375121,-0.12759323,-0.15262663,-0.15746465,-0.16650453,-0.12812386,-0.0969081,-0.16398169,-0.14313659,-0.11335766,-0.18846886,-0.1706479,-0.15353206,-0.12547925,-0.115196005,-0.11288023,-0.11662802,-0.17531854,-0.13812092,-0.13412568,-0.096878245,-0.12102491,-0.0918811,-0.12434345,-0.13552153,-0.063823454,-0.13877153,-0.11419349,-0.13372612,-0.24483351,-0.2571875,-0.29957527,-0.14583538,-0.15630588,-0.13195702,-0.19104545,-0.0782174,-0.17167579,-0.16383687,-0.09859173,-0.11065883,-0.11443075,-0.076612435,-0.083404,-0.1213824,-0.13072303,-0.13855581,-0.19385117,-0.09899786,-0.15524964,-0.19487974,-0.19040158,-0.18624645,-0.11120341,-0.14274804,-0.10286677,-0.15861154,-0.19335571,-0.1718665,-0.1687822,-0.14249837,-0.14220163,-0.10201844,-0.15289211,-0.1611138,-0.18041389,-0.1944992,-0.12105435,-0.14687714,-0.113718815,-0.08024889,-0.14275922,-0.20725825,-0.16026735,-0.125103,-0.15657571,-0.15690626,-0.14334004,-0.19202894,-0.16208835,-0.18121496,-0.2963242,-0.19800755,-0.18080539,-0.17150949,-0.19246441,-0.15725444,-0.14054683,-0.13014293,-0.12557748,-0.1380387,-0.16320708,-0.30584824,-0.16612598,-0.1805436,-0.19210996,-0.11441202,-0.15026361,-0.14043728,-0.17734711,-0.16630214,-0.16402078,-0.14331086,-0.18237996,-0.12822028,-0.15297517,-0.13735119,-0.24156228,-0.1790809,-0.103249416,-0.13509049,-0.14150673,-0.17377356,-0.110378146,-0.13436876,-0.1516974,-0.1593798,-0.18127634,-0.15350014,-0.14872341,-0.19184028,-0.17477575,-0.16336879,-0.14723541,-0.14623587,-0.11499533,-0.10471026,-0.13490355,-0.20148799,-0.17632262,-0.12513243,-0.16544938,-0.18041904,-0.18738703,-0.11705899,-0.17539912,-0.2587989,-0.09266654,-0.09239224,-0.11482635,-0.13577904,-0.14764944,-0.09871498,-0.18826598
k__Bacteria|p__Proteobacteria|c__Gammaproteobacteria|o__Pasteurellales|f__Pasteurellaceae|g__Aggregatibacter|s__Aggregatibacter_segnis,-0.1004395,-0.12316422,-0.14057294,-0.20428483,-0.16536994,-0.19299187,-0.1666669,-0.145106,-0.12436119,-0.18353817,-0.18229738,-0.22737679,-0.1678886,-0.20526326,-0.103279725,-0.09914796,-0.058144663,-0.10042495,-0.10708768,-0.17062345,-0.1978925,-0.12536043,-0.13622162,-0.15266894,-0.17113547,-0.11658599,-0.16688298,-0.17430523,-0.1509206,-0.12124001,-0.13492975,-0.10513072,-0.14798668,-0.19536151,-0.18943366,-0.2175087,-0.15869832,-0.22338755,-0.19583866,-0.29867563,-0.29210672,-0.19876039,-0.10737062,-0.09162698,-0.13691942,-0.1541909,-0.23188588,-0.1927698,-0.14639756,-0.2026537,-0.18130064,-0.18279888,-0.19652839,-0.1981003,-0.20509955,-0.15862,-0.12578358,-0.14387345,-0.09246439,-0.095526375,-0.17112134,-0.14275135,-0.13743341,-0.14676142,-0.12719077,-0.15052058,-0.2613474,-0.22333384,-0.18789542,-0.20047067,-0.14602664,-0.14908835,-0.13062623,-0.14271007,-0.15183179,-0.16444486,-0.14697164,-0.16278498,-0.1578305,-0.14998752,-0.1469017,-0.15630081,-0.15319338,-0.22480208,-0.120334074,-0.14132181,-0.117991045,-0.1612896,-0.17399418,-0.1548164,-0.16815166,-0.11139822,-0.1388583,1.3215232,-0.12885706,-0.15152657,-0.14228512,-0.115604326,-0.10065024,-0.090372205,-0.10575651,-0.12066415,-0.13494505,-0.15027548,-0.16048773,-0.1185138,-0.11129953,-0.1578567,-0.17738779,-0.13401842,-0.16281526,-0.25953975,-0.14812768,-0.13204244,-0.14140132,-0.15095688,-0.17780018,-0.16212767,-0.22917573,-0.09015879,-0.109691724,-0.13459611,-0.12968868,-0.13997786,-0.1729866,-0.13908121,-0.16057305,-0.12777606,-0.07092635,-0.03704006,-0.13662377,-0.16227686,-0.1787343,-0.14332479,-0.12334781,-0.13533357,-0.12023825,-0.13855812,-0.25318068,-0.26654312,-0.08361474,-0.10945694,-0.14528972,-0.09238048,-0.18714541,-0.18978406,-0.15244903,-0.090243846,-0.13230102,-0.14910951,-0.14992777,-0.15868638,-0.17011833,-0.18444389,-0.087562814,-0.12390423,-0.14117996,-0.10256614,-0.17951453,-0.19495486,-0.19133776,-0.10027124,-0.13113372,-0.08036056,-0.12797594,-0.19006202,-0.19295399,-0.19127752,-0.12399639,-0.07512158,-0.09725143,-0.11832023,-0.13658772,-0.12406494,-0.121451,-0.0946281,-0.09658094,-0.1087268,-0.082459606,-0.11309083,-0.13258606,-0.16741808,-0.1410757,-0.13551956,-0.18093297,-0.17825818,-0.19341515,-0.14454852,-0.15549555,-0.13568774,-0.119081676,-0.14001076,-0.19117098,-0.19008972,-0.18042885,-0.19755594,-0.25103784,-0.20219928,-0.18885764,-0.18980312,-0.18192637,-0.1728585,-0.27554205,-0.08916744,-0.11956477,-0.12726669,-0.15751183,-0.20931396,-0.18224281,-0.29657933,-0.32474133,-0.1495763,-0.3242122,-0.17325558,-0.17108874,-0.2185038,-0.17647925,-0.114121355,-0.1389795,-0.15388772,-0.15788373,-0.22984435,-0.18186735,-0.25580272,-0.1043499,-0.12455491,-0.13840955,-0.124250285,-0.15189947,-0.1555022,-0.15673077,-0.14014931,-0.15141064,-0.16351995,-0.15448418,-0.15346143,-0.15265265,-0.13375309,-0.12278992,-0.1456568,-0.19050989,-0.17670178,-0.21025829,-0.3990198,-0.20304626,-0.1134693,-0.1296617,-0.118969336,-0.1478965,-0.16636807,-0.18695071,-0.19107512,-0.13117766,-0.07668187,-0.15353082,-0.13944939,-0.14106366,-0.11855179,-0.19987361,-0.1649412,-0.15729776,-0.14122283,-0.123525575,-0.12722544,-0.14610182,-0.2588673,-0.10714716,-0.13074079,-0.09132757,-0.12832497,-0.12951864,-0.14936784,-0.15220132,-0.09650366,-0.08910369,-0.12457934,-0.110376924,-0.13759694,-0.15053794,-0.17051995,-0.1428112,-0.11597699,-0.17370802,-0.15162039,-0.14242254,-0.125013,-0.1424596,-0.17466888,-0.13176009,-0.1321815,-0.145743,-0.12309058,-0.08722703,-0.05825615,-0.14348586,-0.17082691,-0.026243303,-0.1651031,-0.2829064,-0.31316653,-0.19862807,-0.14548518,2.9376225,-0.14862512,-0.12963767,-0.25088155,-0.19310032,-0.18849581,-0.094746195,-0.10942897,-0.10702289,-0.095074415,-0.12759323,-0.15265654,-0.15746465,-0.1665912,-0.12812386,-0.0969081,-0.16398169,-0.14434001,-0.11335766,-0.18846886,-0.1706479,-0.15318747,-0.12574734,-0.115196005,-0.113171875,-0.11662802,-0.1762647,-0.1385471,-0.13463727,-0.096878245,-0.1211846,-0.09209493,-0.12434345,-0.13591161,-0.063823454,-0.13877153,-0.11419349,-0.13359252,-0.24483351,-0.2571875,-0.29957527,-0.14596781,-0.1565136,-0.13226798,-0.19104545,-0.0782174,-0.17225266,-0.16421981,-0.09859173,-0.11065883,-0.11496717,-0.076612435,-0.083404,-0.1213824,-0.13072303,-0.13855581,-0.19385117,-0.0991714,-0.15516362,-0.19487974,-0.19018179,-0.18664525,-0.111233704,-0.14259258,-0.1033357,-0.15977414,-0.19331834,-0.17403072,-0.16850649,-0.14257726,-0.14236535,-0.1010865,-0.15320721,-0.16089162,-0.18013583,-0.19456935,-0.12134313,-0.1475741,-0.11356577,-0.080205485,-0.14298216,1.0163728,-0.16026622,-0.125103,-0.15657571,-0.15690626,-0.14285396,-0.19202894,-0.16200891,-0.18216044,-0.2963242,-0.19463277,-0.18035011,-0.17060092,-0.19209886,-0.15700756,-0.14054683,-0.1302461,-0.12557748,-0.1382375,-0.16206688,-0.30584824,-0.16589689,-0.18118678,-0.19152717,-0.11441202,-0.15084688,-0.1399787,-0.1774602,-0.16654316,-0.16436768,-0.14331086,-0.18237996,-0.12743008,-0.15286234,-0.13717353,-0.24156228,-0.17798266,-0.1031883,-0.13446414,-0.14220867,-0.17454989,-0.10987772,-0.13435826,-0.15295707,-0.15978199,-0.1805022,-0.15474978,-0.14905477,-0.19184028,-0.1745498,-0.1644884,-0.14723541,-0.14623587,-0.11499533,-0.10471026,-0.13510507,-0.20148799,-0.17688905,-0.12513243,-0.16395208,-0.18041904,-0.18738703,-0.11705899,-0.17778848,-0.25803855,-0.09256211,-0.09235493,-0.11442129,-0.13615707,-0.14799754,-0.0982772,-0.1890742
k__Bacteria|p__Proteobacteria|c__Gammaproteobacteria|o__Enterobacterales|f__Enterobacteriaceae|g__Enterobacter|s__Enterobacter_cloacae,-0.1004395,-0.12316422,-0.14118116,-0.20428483,-0.16717479,-0.19349313,-0.1666669,-0.1455054,-0.1254161,-0.18503554,-0.1829177,-0.21196675,-0.16861892,-0.19911613,-0.10247329,-0.09783718,-0.058144663,-0.09949264,-0.10729675,-0.17145003,-0.1978925,-0.12536043,-0.13691966,-0.15303859,-0.17135781,-0.11658599,-0.16849019,-0.17484611,-0.1509206,-0.12124001,-0.13559994,-0.10474789,-0.14852835,-0.19476403,-0.18898529,-0.2175087,-0.1614172,-0.22338755,-0.1960833,-0.29867563,-0.29210672,-0.19627257,-0.1068425,-0.09162698,-0.13691942,-0.15519953,-0.23188588,-0.19382432,-0.14669123,-0.2026537,-0.18560562,-0.18279888,-0.19625376,-0.19547394,-0.19779295,-0.15841162,-0.1255913,-0.14373617,-0.09243882,-0.09522157,-0.17190424,-0.14298376,-0.13743341,-0.14709929,-0.12719077,-0.1518945,-0.2613474,-0.22333384,-0.18914011,-0.20047067,-0.1459965,-0.14960495,-0.13023472,-0.14244911,-0.15104589,-0.16492482,-0.14755344,-0.16278498,-0.15993309,-0.14998752,-0.14772755,-0.15705797,-0.15377747,-0.22480208,-0.120334074,-0.1416482,-0.11817935,-0.16173184,-0.17461959,-0.15560408,-0.1688168,-0.11139822,-0.1388583,-0.13027036,-0.12902924,-0.15152657,-0.14366797,-0.11604542,-0.10065024,-0.08995105,-0.10508898,-0.120265566,-0.1349165,-0.15027548,-0.16099486,-0.1185138,-0.11129953,-0.1578567,-0.17738779,-0.13354482,-0.16363314,-0.25953975,-0.14909616,-0.13243105,-0.1410568,-0.15095688,-0.17780018,-0.16360986,-0.22917573,-0.09015879,-0.110546425,-0.13478383,-0.12940219,-0.13997786,-0.1738134,-0.13908121,-0.16057305,-0.12777606,-0.07092635,-0.03704006,-0.1370679,-0.16239047,-0.17960347,-0.14332479,-0.12334781,-0.13610019,-0.12023825,-0.13792257,-0.25318068,-0.26654312,-0.08305225,-0.10945694,-0.14442837,-0.09238048,-0.18820933,-0.18988836,-0.1525169,-0.08983213,2.1292293,-0.1498324,-0.1504255,-0.1591727,-0.1708385,-0.18426819,-0.08711453,-0.12385404,-0.14080149,-0.10256614,-0.17951453,-0.19495486,-0.19111381,-0.099898815,-0.13113372,-0.077617,-0.12719035,-0.19006202,-0.19310996,-0.19145244,-0.1238548,-0.074888706,-0.09663299,-0.11789863,-0.1364378,-0.12406494,-0.121451,-0.09382044,-0.09578915,-0.10797264,-0.082459606,-0.11235769,-0.13222948,-0.16767439,-0.1410757,-0.13665938,-0.18093297,-0.17825818,-0.19330928,-0.1443375,-0.15549555,-0.13542137,-0.119081676,-0.14001076,-0.19117098,-0.19041324,-0.18169093,-0.19755594,-0.25103784,-0.20219928,-0.19087653,-0.19126771,-0.18258305,-0.17341729,-0.27554205,-0.08916744,-0.11956477,-0.12795846,-0.15751183,-0.20931396,-0.18224281,-0.29657933,-0.32474133,-0.1523303,-0.3242122,-0.17325558,-0.17108874,-0.2185038,-0.17647925,-0.114121355,-0.14006114,-0.15388772,-0.15788373,-0.22984435,-0.18186735,-0.2478092,-0.10391987,-0.12455491,-0.13881895,-0.12427032,-0.15189947,-0.15534624,-0.15687902,-0.14014931,-0.15141064,-0.16380467,-0.15571481,-0.15395036,-0.1528745,-0.13349089,-0.123252675,-0.14710453,-0.19081217,-0.17701761,-0.21025829,-0.3990198,-0.19908485,-0.113228306,-0.1296617,-0.11810942,-0.14817624,-0.16636807,-0.1874085,-0.19180964,-0.13167259,-0.076057136,-0.15333301,-0.13971579,-0.14106366,-0.11913897,-0.19987361,-0.1649412,-0.15915568,-0.14096528,-0.123226196,-0.12722544,-0.14610182,-0.2588673,-0.10681924,-0.13074079,-0.09132757,-0.12832497,-0.12943609,-0.15009075,-0.15249547,-0.095912255,-0.08910369,-0.124069646,-0.110007465,-0.1378229,-0.15098245,-0.17048223,-0.14317438,-0.11673471,-0.17428818,-0.152138,-0.14250672,-0.12478398,-0.1430502,-0.17466888,-0.13176009,-0.13230802,-0.14587632,-0.12261326,-0.08722703,-0.05825615,-0.14362739,-0.17082691,-0.026243303,-0.16641605,-0.2829064,-0.31316653,-0.19638933,-0.1459129,-0.14331596,-0.14862512,-0.12963767,-0.25088155,-0.19328232,-0.1888545,-0.09423071,-0.109273165,-0.10702289,-0.09300196,-0.12759323,-0.1533266,-0.15746465,-0.1675451,-0.12812386,-0.0969081,-0.16398169,-0.14411385,-0.11335766,-0.18846886,-0.1706479,-0.154125,-0.12589239,-0.115196005,-0.11252253,-0.11662802,-0.17666683,-0.13861287,-0.13409957,-0.096878245,-0.12046099,-0.09137218,-0.12434345,-0.13680786,-0.063823454,-0.13877153,-0.11419349,-0.13351676,-0.24483351,-0.2571875,-0.29957527,-0.14614809,-0.15689574,-0.13201582,-0.19104545,-0.0782174,-0.17218016,-0.1646514,-0.09859173,-0.11065883,-0.115426995,-0.076612435,-0.083404,-0.1213824,-0.13072303,-0.13855581,-0.19385117,-0.09821372,-0.15599602,-0.19487974,-0.19139598,-0.18680015,-0.11114167,-0.14306715,-0.103139564,-0.160067,-0.19396374,-0.17305467,-0.16881016,-0.1428671,-0.14241084,-0.101005465,-0.15328842,-0.16210319,-0.18108824,-0.19440195,-0.12117271,-0.14767197,-0.114099994,-0.07994139,-0.14262259,-0.20725825,-0.16122952,-0.125103,-0.15657571,-0.15690626,-0.14379625,-0.19202894,-0.16297318,-0.1826584,-0.2963242,-0.19494222,-0.18066403,-0.17127684,-0.19198962,-0.15702623,-0.14054683,-0.13011438,-0.12557748,-0.13809279,-0.16237405,-0.30584824,-0.16724545,-0.18107551,-0.19310924,-0.11441202,-0.1506516,-0.14060962,-0.17841028,-0.16721793,-0.164983,-0.14331086,-0.18237996,-0.12826653,-0.15339167,-0.13641444,-0.24156228,-0.17957005,-0.10285961,-0.13540506,-0.14216264,-0.17471494,-0.11007876,-0.13454211,-0.15303323,-0.1602282,-0.1821529,-0.15431336,-0.14902164,-0.19184028,-0.17551844,-0.16516334,-0.14723541,-0.14623587,-0.11499533,-0.10471026,-0.13481963,-0.20148799,-0.1775783,-0.12513243,-0.16638622,-0.18041904,-0.18738703,-0.11705899,-0.17750248,-0.25579423,-0.09197411,-0.09192191,-0.11437469,-0.13586874,-0.14766014,-0.09778246,-0.1893457
k__Bacteria|p__Proteobacteria|c__Gammaproteobacteria|o__Enterobacterales|f__Yersiniaceae|g__Serratia|s__Serratia_liquefaciens,-0.1004395,-0.12316422,-0.14129144,-0.20428483,-0.16730441,-0.19355303,-0.1666669,-0.14499825,-0.1251076,-0.18344234,-0.18328965,-0.21892498,-0.17056145,-0.2019724,-0.103260525,-0.098759994,-0.058144663,-0.099661395,-0.107764944,-0.17100516,-0.1978925,-0.12536043,-0.13666302,-0.15279771,-0.17171383,-0.11658599,-0.16802871,-0.17434213,-0.1509206,-0.12124001,-0.13533486,-0.10557554,-0.14837171,-0.19522586,-0.18932113,-0.2175087,-0.16099146,-0.22338755,-0.19671631,-0.29867563,-0.29210672,-0.19768019,-0.10720866,-0.09162698,-0.13691942,-0.15508077,-0.23188588,-0.19404893,-0.14683402,-0.2026537,-0.18406318,-0.18279888,-0.19642435,-0.1973895,-0.20117307,-0.15810162,-0.12582394,-0.14391226,-0.09254764,-0.095622465,-0.1715359,-0.14284927,-0.13743341,-0.14708938,-0.12719077,-0.15128732,-0.2613474,-0.22333384,-0.18909778,-0.20047067,-0.1458778,-0.14956325,-0.13069241,-0.14275922,-0.15106699,-0.16436817,-0.14710037,-0.16278498,-0.1594958,-0.14998752,-0.14772335,-0.15704922,-0.15353271,-0.22480208,-0.120334074,-0.14168836,-0.11837433,-0.16126552,-0.17419931,-0.15579075,-0.16855915,-0.11139822,-0.1388583,-0.13027036,-0.12894122,-0.15152657,-0.14325276,-0.11573358,-0.10065024,-0.09039466,-0.10546373,-0.1204634,-0.1351121,-0.15027548,-0.16075584,-0.1185138,-0.11129953,-0.1578567,-0.17738779,-0.133424,-0.16379687,-0.25953975,-0.14877181,-0.13265418,-0.14145169,-0.15095688,-0.17780018,-0.16351487,-0.22917573,-0.09015879,-0.110288434,-0.13476253,-0.1297074,-0.13997786,-0.17387484,-0.13908121,-0.16057305,-0.12777606,-0.07092635,-0.03704006,-0.13699782,-0.16247441,-0.17918319,-0.14332479,-0.12334781,-0.13596149,-0.12023825,-0.13849962,-0.25318068,-0.26654312,-0.083739415,-0.10945694,-0.14480177,-0.09238048,-0.18793452,-0.19035888,-0.15331444,-0.09045915,-0.13230102,-0.14969976,-0.1504025,-0.15906915,-0.17080636,-0.18427324,-0.088003844,-0.12367946,-0.14101693,-0.10256614,-0.17951453,-0.19495486,-0.19128127,-0.10021412,-0.13113372,-0.0790929,-0.12789012,-0.19006202,-0.19355315,-0.1917881,-0.12368889,-0.07569796,-0.097015575,-0.11828789,-0.13661098,-0.12406494,-0.121451,-0.09448667,-0.09653856,-0.10857047,-0.082459606,-0.11273745,-0.13257635,-0.16732238,-0.1410757,-0.13643268,-0.18093297,-0.17825818,-0.19403614,-0.14481321,-0.15549555,-0.13550808,-0.119081676,-0.14001076,-0.19117098,-0.19095653,-0.18141277,-0.19755594,1.0324117,-0.20219928,-0.19075117,-0.19117214,-0.18263082,-0.17372026,-0.27554205,-0.08916744,-0.11956477,-0.12807506,-0.15751183,-0.20931396,-0.18224281,-0.29657933,-0.32474133,-0.15237392,-0.3242122,-0.17325558,-0.17108874,-0.2185038,-0.17647925,-0.114121355,-0.14001702,-0.15388772,-0.15788373,-0.22984435,-0.18186735,-0.25217053,-0.10444401,-0.12455491,-0.13871343,-0.12441607,-0.15189947,-0.15549532,-0.15662712,-0.14014931,-0.15141064,-0.16346055,-0.15553455,-0.15370256,-0.1531668,-0.13395894,-0.12326101,-0.14644681,-0.19042163,-0.17712614,-0.21025829,-0.3990198,-0.20047827,-0.11347916,-0.1296617,-0.11819365,-0.14820811,-0.16636807,-0.18692705,-0.1918217,-0.13182433,-0.07691294,-0.15316857,-0.140009,-0.14106366,-0.11818428,-0.19987361,-0.1649412,-0.15887009,-0.14144,-0.12381478,-0.12722544,-0.14610182,-0.2588673,-0.10727573,-0.13074079,-0.09132757,-0.12832497,-0.12950942,-0.15027706,-0.1522755,-0.09640184,-0.08910369,-0.12439051,-0.11070345,-0.13793027,-0.15108971,-0.17057788,-0.1431346,-0.11676545,-0.1739629,-0.1522199,-0.14261517,-0.12546866,-0.14232823,-0.17466888,-0.13176009,-0.13241652,-0.14590809,-0.12316976,-0.08722703,-0.05825615,-0.14356765,-0.17082691,-0.026243303,-0.16627458,-0.2829064,-0.31316653,-0.19726685,-0.14581506,-0.14331596,-0.14862512,-0.12963767,-0.25088155,-0.19388916,-0.18881509,-0.09496327,-0.109277636,-0.10702289,-0.09367433,-0.12759323,-0.15306805,-0.15746465,-0.16699968,-0.12812386,-0.0969081,-0.16398169,-0.14413396,-0.11335766,-0.18846886,-0.1706479,-0.15415671,-0.12603343,-0.115196005,-0.11286535,-0.11662802,-0.17624404,-0.1386078,-0.13451418,-0.096878245,-0.12098546,-0.09190598,-0.12434345,-0.13634926,-0.063823454,-0.13877153,-0.11419349,-0.13380624,-0.24483351,-0.2571875,-0.29957527,-0.14616871,-0.15685168,-0.13227758,-0.19104545,-0.0782174,-0.17215335,-0.16454363,-0.09859173,-0.11065883,-0.11513834,-0.076612435,-0.083404,-0.1213824,-0.13072303,-0.13855581,-0.19385117,-0.09923893,-0.1557099,-0.19487974,-0.19131947,-0.18705235,-0.11146557,-0.14330974,-0.10327961,-0.15932192,-0.19378075,-0.17259496,-0.16948062,-0.1429196,-0.14247638,-0.10160354,-0.15333897,-0.16164228,-0.18098,-0.19487947,-0.121399805,-0.14740989,-0.11393523,-0.08011933,-0.14279462,-0.20725825,-0.16120598,-0.125103,-0.15657571,-0.15690626,-0.14358877,-0.19202894,-0.16298059,-0.18250687,-0.2963242,-0.19659652,-0.18099803,-0.17174563,-0.19273788,-0.15754142,-0.14054683,-0.13046,-0.12557748,-0.13852355,-0.16324647,-0.30584824,-0.16717309,-0.18154791,-0.19277215,-0.11441202,-0.15090136,-0.1406782,-0.17810935,-0.16718744,-0.16479802,-0.14331086,-0.18237996,-0.12829316,-0.15323621,-0.13704374,-0.24156228,-0.17978667,-0.10332353,-0.13543102,-0.14216682,-0.17461778,-0.11065036,-0.1347904,-0.15273878,-0.15987417,-0.18202007,-0.1544604,-0.14940727,-0.19184028,-0.17578265,-0.16464901,-0.14723541,-0.14623587,-0.11499533,-0.10471026,-0.13499679,-0.20148799,-0.17759383,-0.12513243,-0.16559486,-0.18041904,-0.18738703,-0.11705899,-0.17676637,-0.25781846,-0.09262025,-0.09237343,-0.11475171,-0.1359832,-0.14804739,-0.09858878,-0.1892589
k__Bacteria|p__Proteobacteria|c__Gammaproteobacteria|o__Pasteurellales|f__Pasteurellaceae|g__Haemophilus|s__Haemophilus_paraphrohaemolyticus,-0.1004395,-0.12316422,-0.14167838,-0.20428483,-0.16732746,-0.19366083,-0.1666669,-0.1452161,-0.12564442,-0.1838697,-0.18392114,-0.21765015,-0.17001902,-0.20255983,-0.10319348,-0.09895366,-0.058144663,-0.09929325,-0.10778658,-0.17104588,-0.1978925,-0.12536043,-0.13640894,-0.15243502,-0.17152089,-0.11658599,-0.16822068,-0.17425257,-0.1509206,-0.12124001,-0.13559835,-0.10580152,-0.14866975,-0.19536993,-0.1892767,-0.2175087,-0.16134077,-0.22338755,-0.19710116,-0.29867563,-0.29210672,-0.19763017,-0.10724179,-0.09162698,-0.13691942,-0.15526326,-0.23188588,-0.19385001,-0.14677623,-0.2026537,-0.18490377,-0.18279888,-0.19669771,-0.19701332,-0.1999062,-0.15744598,-0.12572874,-0.14379953,-0.09225343,-0.09546439,-0.17150155,-0.14252368,-0.13743341,-0.14709899,-0.12719077,-0.1518678,-0.2613474,-0.22333384,-0.18913755,-0.20047067,-0.14564197,-0.14944804,-0.13065562,-0.14251277,-0.15032938,-0.16390648,-0.14694574,-0.16278498,-0.15990445,-0.14998752,-0.14752786,-0.15725467,-0.1534041,-0.22480208,-0.120334074,-0.14171097,-0.11831884,-0.16101918,-0.17408407,-0.15591829,-0.16848414,-0.11139822,-0.1388583,-0.13027036,-0.12879318,-0.15152657,-0.1433238,-0.1156297,-0.10065024,-0.09052982,-0.10540071,-0.12041344,-0.13504326,-0.15027548,-0.16073644,-0.1185138,-0.11129953,-0.1578567,-0.17738779,-0.13323979,-0.16412398,-0.25953975,-0.149007,-0.13298243,-0.1414625,-0.15095688,-0.17780018,-0.16392374,-0.22917573,-0.09015879,-0.110448614,-0.13495526,-0.1295838,-0.13997786,-0.17415735,-0.13908121,-0.16057305,-0.12777606,-0.07092635,-0.03704006,-0.1371578,-0.16238904,-0.17911814,-0.14332479,-0.12334781,-0.13638237,-0.12023825,-0.13819745,-0.25318068,-0.26654312,-0.08356545,-0.10945694,-0.14453459,-0.09238048,-0.18821055,-0.19031611,-0.15327245,-0.09029893,-0.13230102,-0.14987616,-0.15049058,-0.15904325,-0.17072245,-0.18378977,-0.087899216,-0.123617165,-0.1413521,-0.10256614,-0.17951453,-0.19495486,-0.19095856,-0.10001841,-0.13113372,-0.07863729,-0.12771922,-0.19006202,-0.19333549,-0.19174281,-0.12349194,-0.07553967,-0.097013265,-0.11841443,-0.13668925,-0.12406494,-0.121451,-0.09431575,-0.09661961,-0.10864805,-0.082459606,-0.11275844,-0.1324752,-0.16729233,-0.1410757,-0.13672586,-0.18093297,-0.17825818,-0.19406271,-0.14478898,-0.15549555,-0.13539997,-0.119081676,-0.14001076,-0.19117098,-0.19110012,-0.18175742,-0.19755594,-0.25103784,-0.20219928,-0.19083366,-0.19144472,-0.18281513,-0.17415059,-0.27554205,-0.08916744,-0.11956477,-0.12849589,-0.15751183,-0.20931396,-0.18224281,-0.29657933,-0.32474133,-0.1545977,-0.3242122,-0.17325558,-0.17108874,-0.2185038,-0.17647925,-0.114121355,-0.14032824,-0.15388772,-0.15788373,-0.22984435,-0.18186735,-0.25334913,-0.10433923,-0.12455491,-0.1388379,-0.12428587,-0.15189947,-0.1550555,-0.156316,-0.14014931,-0.15141064,-0.1631436,-0.15556116,-0.15372032,-0.15331398,-0.13408193,-0.123275064,-0.14682335,-0.19040135,-0.17721343,-0.21025829,-0.3990198,-0.20143223,-0.11350563,-0.1296617,-0.11819227,-0.14812139,-0.16636807,-0.18682632,-0.1920355,-0.13202493,-0.07678426,-0.15304697,-0.14016452,-0.14106366,-0.11820632,-0.19987361,-0.1649412,-0.15937409,-0.1416575,-0.123685405,-0.12722544,-0.14610182,-0.2588673,-0.10730484,-0.13074079,-0.09132757,-0.12832497,-0.12922582,-0.15018801,-0.15200385,-0.09627478,-0.08910369,-0.124385625,-0.110638075,-0.1379974,-0.15113443,-0.17040062,-0.14309458,-0.11686843,-0.17411974,-0.15222363,-0.14239237,-0.12540014,-0.14213574,-0.17466888,-0.13176009,-0.13245225,-0.14583993,-0.12291682,-0.08722703,-0.05825615,-0.14363813,-0.17082691,-0.026243303,-0.1672542,-0.2829064,-0.31316653,-0.19791111,-0.14578955,-0.14331596,-0.14862512,-0.12963767,-0.25088155,-0.19348913,-0.18868375,-0.0947365,-0.109293446,-0.10702289,-0.09318205,-0.12759323,-0.15341091,-0.15746465,-0.16717601,-0.12812386,-0.0969081,-0.16398169,-0.14369255,-0.11335766,-0.18846886,-0.1706479,-0.15415105,-0.12586272,-0.115196005,-0.11276212,-0.11662802,-0.1763728,-0.13848352,-0.13434437,-0.096878245,-0.12098387,-0.091693126,-0.12434345,-0.13631925,-0.063823454,-0.13877153,-0.11419349,-0.13383648,2.822932,-0.2571875,-0.29957527,-0.14619787,-0.15685824,-0.13208818,-0.19104545,-0.0782174,-0.17237425,-0.16443864,-0.09859173,-0.11065883,-0.11501928,-0.076612435,-0.083404,-0.1213824,-0.13072303,-0.13855581,-0.19385117,-0.09867914,-0.15581423,-0.19487974,-0.19157085,-0.18703869,-0.11135325,-0.14331065,-0.10301471,-0.15913752,-0.19410248,-0.17244482,-0.16956331,-0.14295682,-0.14251195,-0.10189409,-0.15342504,-0.1618176,-0.18144919,-0.19509782,-0.12122678,-0.1473502,-0.114286885,-0.08019683,-0.1426667,-0.20725825,-0.16120479,-0.125103,-0.15657571,-0.15690626,-0.14396268,-0.19202894,-0.16297719,-0.18228263,-0.2963242,-0.19814938,-0.18136401,-0.17208612,-0.19300857,-0.15757531,-0.14054683,-0.1304482,-0.12557748,-0.13862497,-0.16363001,-0.30584824,-0.16740206,-0.18121001,-0.19319353,-0.11441202,-0.15070191,-0.1407835,-0.17828485,-0.16694641,-0.1648322,-0.14331086,-0.18237996,-0.12866823,-0.15362845,-0.13704263,-0.24156228,-0.1803099,-0.10316065,-0.13558108,-0.14186087,-0.17441589,-0.11061089,-0.13473456,-0.15233015,-0.15989776,-0.18240139,-0.15394588,-0.14900705,-0.19184028,-0.17570955,-0.1643028,-0.14723541,-0.14623587,-0.11499533,-0.10471026,-0.13503598,-0.20148799,-0.17732534,-0.12513243,-0.16698995,-0.18041904,-0.18738703,-0.11705899,-0.17616478,-0.25870067,-0.09253983,-0.09226683,-0.114905715,-0.13593683,-0.14796174,-0.09852904,-0.18922351
k__Bacteria|p__Proteobacteria|c__Deltaproteobacteria|o__Desulfovibrionales|f__Desulfovibrionaceae|g__Desulfovibrio|s__Desulfovibrio_SGB5077,-0.1004395,-0.12316422,-0.14163874,-0.20428483,-0.1667946,-0.19324474,-0.1666669,-0.14493312,-0.124797314,-0.18297866,-0.18283883,-0.23000947,-0.16915826,-0.20715678,-0.10359369,-0.10018855,-0.058144663,-0.09997453,-0.108004436,-0.17040402,-0.1978925,-0.12536043,-0.1361891,-0.15205698,-0.1714304,-0.11658599,-0.16672763,-0.17350261,-0.1509206,-0.12124001,-0.13485312,-0.1062443,-0.14801432,-0.19599095,-0.1888065,-0.2175087,-0.16082188,-0.22338755,-0.19729543,-0.29867563,-0.29210672,-0.19839844,-0.10773617,-0.09162698,-0.13691942,-0.15462564,-0.23188588,-0.19342786,-0.1466181,-0.2026537,-0.18322504,-0.18279888,-0.19749764,-0.19898126,-0.2043914,-0.15770748,-0.12585524,-0.1438782,-0.09242791,-0.096096754,-0.17098442,-0.14208823,-0.13743341,-0.14683826,-0.12719077,-0.15098022,-0.2613474,-0.22333384,-0.18864606,-0.20047067,-0.14572245,-0.14915508,-0.13096343,-0.14279035,-0.1507181,-0.16389863,-0.14645138,-0.16278498,-0.15932614,-0.14998752,-0.14689738,-0.15692487,-0.1529263,-0.22480208,-0.120334074,-0.14133188,-0.118382335,-0.16076097,-0.17381881,-0.15533474,-0.16754308,-0.11139822,-0.1388583,-0.13027036,-0.12856606,-0.15152657,-0.14187151,-0.115519315,-0.10065024,-0.090840384,-0.10580383,-0.12085873,-0.13504028,-0.15027548,-0.15999931,-0.1185138,-0.11129953,-0.1578567,-0.17738779,-0.1340567,-0.16352598,-0.25953975,-0.14849913,-0.132584,-0.14160529,-0.15095688,-0.17780018,-0.16356766,-0.22917573,-0.09015879,-0.10994962,-0.13458933,-0.12980235,-0.13997786,-0.1732556,-0.13908121,-0.16057305,-0.12777606,-0.07092635,-0.03704006,-0.13705394,-0.16170824,-0.17835683,-0.14332479,-0.12334781,-0.13558081,-0.12023825,-0.13807222,-0.25318068,4.2318563,-0.08395669,-0.10945694,-0.14439026,-0.09238048,-0.18701437,-0.18982208,-0.15256804,-0.09070693,-0.13230102,-0.14920548,-0.1501256,-0.15880582,-0.1702954,-0.18339904,-0.08835109,-0.12402403,-0.14140455,-0.10256614,-0.17951453,-0.19495486,-0.19106391,-0.10034064,-0.13113372,-0.08050674,-0.12783563,-0.19006202,-0.19321254,-0.19129997,-0.123368084,-0.07608982,-0.09775177,-0.11876422,-0.13636446,-0.12406494,-0.121451,-0.09505422,-0.097116575,-0.10872804,-0.082459606,-0.113159105,-0.13217035,-0.16679174,-0.1410757,-0.13609317,-0.18093297,-0.17825818,-0.19415283,-0.14467576,-0.15549555,-0.13547257,-0.119081676,-0.14001076,-0.19117098,-0.19122985,-0.18108317,-0.19755594,-0.25103784,-0.20219928,-0.18934463,-0.19056968,-0.18208236,-0.17357193,3.0352404,-0.08916744,-0.11956477,-0.1274416,-0.15751183,-0.20931396,-0.18224281,-0.29657933,-0.32474133,-0.15017077,-0.3242122,-0.17325558,-0.17108874,-0.2185038,-0.17647925,-0.114121355,-0.13970989,-0.15388772,-0.15788373,-0.22984435,-0.18186735,-0.25907996,-0.104714796,-0.12455491,-0.13822682,-0.12411742,-0.15189947,-0.15478793,-0.15600786,-0.14014931,-0.15141064,-0.16281947,-0.15500675,-0.15329579,-0.15284437,-0.13399738,-0.12295674,-0.14608002,-0.18971345,-0.17662138,-0.21025829,-0.3990198,-0.202809,-0.113628134,-0.1296617,-0.1189623,-0.14749655,-0.16636807,-0.18612103,-0.19121695,-0.13127711,-0.07742071,-0.15295507,-0.13956603,-0.14106366,-0.11746198,-0.19987361,-0.1649412,-0.15819901,-0.14140154,-0.12362903,-0.12722544,-0.14610182,-0.2588673,-0.10745152,-0.13074079,-0.09132757,-0.12832497,-0.12900802,-0.14928684,-0.15155667,-0.096692726,-0.08910369,-0.12433853,-0.11073138,-0.13771597,-0.15043911,-0.17012614,-0.14273556,-0.116204545,-0.17343166,-0.15146184,-0.14216663,-0.12552467,-0.14170298,-0.17466888,-0.13176009,-0.13221484,-0.14563206,-0.12308501,-0.08722703,-0.05825615,-0.14311036,-0.17082691,-0.026243303,-0.16631448,-0.2829064,-0.31316653,-0.19793643,-0.14553314,-0.14331596,-0.14862512,-0.12963767,-0.25088155,-0.19404873,-0.18825255,-0.09475085,-0.109692514,-0.10702289,-0.09441657,-0.12759323,-0.1523416,-0.15746465,-0.1669601,-0.12812386,-0.0969081,-0.16398169,-0.14346933,-0.11335766,-0.18846886,-0.1706479,-0.15375084,-0.12588903,-0.115196005,-0.11318782,-0.11662802,-0.17566407,-0.13845466,-0.13463952,-0.096878245,-0.121434435,-0.09208068,-0.12434345,-0.13538426,-0.063823454,-0.13877153,-0.11419349,-0.1335694,-0.24483351,-0.2571875,-0.29957527,-0.1461981,-0.15660894,-0.1322783,-0.19104545,-0.0782174,-0.17232054,-0.16394892,-0.09859173,-0.11065883,-0.11435297,-0.076612435,-0.083404,-0.1213824,-0.13072303,-0.13855581,-0.19385117,-0.099761374,-0.15535036,-0.19487974,-0.19057529,-0.18658581,-0.1113776,-0.14283034,-0.10339011,-0.15916364,-0.1940316,-0.1726267,-0.16857362,-0.14268841,-0.1426416,-0.10202031,-0.15283978,-0.16126847,-0.1803802,-0.19488358,-0.121333,-0.14721236,-0.11373967,-0.08050501,-0.14276418,-0.20725825,-0.16059384,-0.125103,-0.15657571,-0.15690626,-0.14352813,-0.19202894,-0.16217977,-0.18148908,-0.2963242,-0.19853085,-0.18055217,-0.17124668,-0.19270141,-0.15715182,-0.14054683,-0.13036218,-0.12557748,-0.13813533,-0.16302818,-0.30584824,-0.16613463,-0.18094803,-0.192322,-0.11441202,-0.15011214,-0.14049415,-0.17747945,-0.16661435,-0.16430844,-0.14331086,-0.18237996,-0.12838708,-0.15304881,-0.13730687,-0.24156228,-0.17912853,-0.10355185,-0.13501468,-0.14190349,-0.17423466,-0.11039989,-0.13437366,-0.15194431,-0.15990603,-0.18145047,-0.15406981,-0.14912324,-0.19184028,-0.1749865,-0.16382271,-0.14723541,-0.14623587,-0.11499533,-0.10471026,-0.1348093,-0.20148799,-0.17667821,-0.12513243,-0.16540596,-0.18041904,-0.18738703,-0.11705899,-0.1760602,-0.26024604,-0.0930336,-0.0926691,-0.11492087,-0.1360344,-0.14794686,-0.098787546,-0.18852675
k__Bacteria|p__Proteobacteria|c__Gammaproteobacteria|o__Enterobacterales|f__Enterobacteriaceae|g__Escherichia|s__Escherichia_sp_ESNIH1,-0.1004395,-0.12316422,-0.14202413,-0.20428483,-0.1669911,-0.1933462,-0.1666669,-0.14489892,-0.12437433,-0.18273863,-0.18259335,-0.23886871,-0.1678895,-0.2088863,-0.10348254,-0.100110635,-0.058144663,-0.0999458,-0.107948795,-0.1705909,-0.1978925,-0.12536043,-0.13607654,-0.15209478,-0.17166959,-0.11658599,-0.16623381,-0.17344716,-0.1509206,-0.12124001,-0.13453633,-0.10617025,-0.14793113,-0.19668037,-0.18905729,-0.2175087,-0.16102175,-0.22338755,-0.19800444,-0.29867563,-0.29210672,-0.19935006,-0.10740695,-0.09162698,-0.13691942,-0.15469573,-0.23188588,-0.19362119,-0.14648938,-0.2026537,-0.18298304,-0.18279888,-0.19871078,-0.2009928,-0.20892164,-0.15705797,-0.12591395,-0.14387608,-0.09216362,-0.096123755,-0.17089696,-0.14211582,-0.13743341,-0.1468308,-0.12719077,-0.15037934,-0.2613474,-0.22333384,-0.18880951,-0.20047067,-0.1457793,-0.14903845,-0.13114026,-0.14308204,-0.15099776,-0.1641532,-0.14627239,-0.16278498,-0.15899587,-0.14998752,-0.14678028,-0.15702733,-0.15295109,-0.22480208,-0.120334074,-0.1412196,-0.11847581,-0.16071402,-0.17405576,-0.15552995,-0.16758206,-0.11139822,-0.1388583,-0.13027036,-0.12841356,-0.15152657,-0.14143652,-0.11525351,-0.10065024,-0.090664275,-0.10565621,-0.12081308,-0.13504332,-0.15027548,-0.1598248,-0.1185138,-0.11129953,-0.1578567,-0.17738779,-0.13408047,-0.16436362,-0.25953975,-0.14835718,-0.13244072,-0.14198591,-0.15095688,-0.17780018,-0.16367297,-0.22917573,-0.09015879,-0.109639615,-0.13460037,-0.12989792,-0.13997786,-0.17329046,-0.13908121,-0.16057305,-0.12777606,-0.07092635,-0.03704006,-0.13706958,-0.16174382,-0.17839593,-0.14332479,-0.12334781,-0.13496403,-0.12023825,-0.13832423,-0.25318068,-0.26654312,-0.08359724,-0.10945694,-0.14428759,-0.09238048,-0.18682455,-0.19039752,-0.15247923,-0.090445146,1.40475,-0.14913449,-0.15018006,-0.15889893,-0.17044666,-0.18347807,-0.088201016,-0.12403321,-0.14126454,-0.10256614,-0.17951453,-0.19495486,-0.19146132,-0.100377716,-0.13113372,-0.08131142,-0.12817463,-0.19006202,-0.19359864,-0.19162562,-0.123265535,-0.07559441,-0.09750797,-0.118868105,-0.13631439,-0.12406494,-0.121451,-0.09501125,-0.09694792,-0.108417735,-0.082459606,-0.113015994,-0.13196728,-0.16667382,-0.1410757,-0.13600703,-0.18093297,-0.17825818,-0.19461057,-0.14486311,-0.15549555,-0.13563025,-0.119081676,-0.14001076,-0.19117098,-0.19161408,-0.18118599,-0.19755594,1.2270838,-0.20219928,-0.18904826,-0.19087487,-0.18213741,-0.17380334,-0.27554205,-0.08916744,-0.11956477,-0.12716475,-0.15751183,-0.20931396,-0.18224281,-0.29657933,0.9221415,-0.14923993,-0.3242122,-0.17325558,-0.17108874,-0.2185038,-0.17647925,-0.114121355,-0.13952693,-0.15388772,-0.15788373,-0.22984435,-0.18186735,-0.26286477,-0.10467574,-0.12455491,-0.138026,-0.12404293,-0.15189947,-0.15486151,-0.15592884,-0.14014931,-0.15141064,-0.16291872,-0.15506169,-0.153265,-0.1530659,-0.13385966,-0.12284513,-0.14573768,-0.18981917,-0.17704211,-0.21025829,-0.3990198,-0.20309651,-0.11342469,-0.1296617,-0.1190016,-0.14763254,-0.16636807,-0.18599339,-0.19131598,-0.13112886,-0.07693782,-0.15310843,-0.13942051,-0.14106366,-0.117540225,-0.19987361,-0.1649412,-0.15793142,-0.14155911,-0.123594336,-0.12722544,-0.14610182,-0.2588673,-0.10743842,-0.13074079,-0.09132757,-0.12832497,-0.1289308,-0.14927572,-0.15134522,-0.09646552,-0.08910369,-0.124256715,-0.11069535,-0.13762826,-0.15043429,-0.17025861,-0.1428169,-0.11576471,-0.17343633,-0.1514538,-0.14211385,-0.12573963,-0.14140263,-0.17466888,-0.13176009,-0.13201797,-0.14566953,-0.12311883,-0.08722703,-0.05825615,-0.14324042,-0.17082691,-0.026243303,-0.16611171,-0.2829064,-0.31316653,-0.19836482,-0.1455345,-0.14331596,-0.14862512,-0.12963767,-0.25088155,-0.19462445,-0.18840832,-0.09469698,-0.10938502,-0.10702289,-0.094606176,-0.12759323,-0.1522112,-0.15746465,-0.16698198,-0.12812386,-0.0969081,-0.16398169,-0.14337713,-0.11335766,-0.18846886,-0.1706479,-0.15373725,-0.12573,-0.115196005,-0.113245524,-0.11662802,-0.17522301,-0.1385425,-0.1345749,-0.096878245,-0.12142978,-0.09185499,-0.12434345,-0.13491279,-0.063823454,-0.13877153,-0.11419349,-0.13373992,-0.24483351,-0.2571875,-0.29957527,-0.14632928,-0.15656559,-0.13258542,-0.19104545,-0.0782174,-0.17234227,-0.16405384,-0.09859173,-0.11065883,-0.11389554,-0.076612435,-0.083404,-0.1213824,-0.13072303,-0.13855581,-0.19385117,-0.09987309,-0.15564159,-0.19487974,-0.19068843,-0.18683828,-0.11125943,-0.14250574,-0.10303801,-0.15924847,-0.19443642,-0.17293385,-0.16876265,-0.14272049,-0.14260294,-0.10206148,-0.152976,-0.16121292,-0.1803523,-0.19532135,-0.12128288,-0.14713824,-0.113196194,-0.079905,-0.14376467,-0.20725825,-0.16049439,-0.125103,-0.15657571,-0.15690626,-0.14328158,-0.19202894,-0.16226265,-0.18145299,-0.2963242,-0.19911993,-0.18087114,-0.17131737,-0.19315654,-0.15756324,-0.14054683,-0.13037238,-0.12557748,-0.138168,-0.16328919,-0.30584824,-0.16613057,-0.1811913,-0.19225708,-0.11441202,-0.15030342,-0.14037715,-0.17756864,-0.1668984,-0.16407722,-0.14331086,-0.18237996,-0.12829456,-0.15291137,-0.13858384,-0.24156228,-0.17865363,-0.10345742,-0.13480641,-0.14196488,-0.17452513,-0.11009781,-0.13440081,-0.1519036,-0.15990296,-0.18124449,-0.15416926,-0.14954212,-0.19184028,-0.17522769,-0.16358596,-0.14723541,-0.14623587,-0.11499533,-0.10471026,-0.1350216,-0.20148799,-0.17671001,-0.12513243,-0.16416,-0.18041904,-0.18738703,-0.11705899,-0.17595156,-0.26162928,-0.09285136,-0.09232366,-0.1148407,-0.1360859,-0.1481073,-0.09873367,-0.18863726
k__Bacteria|p__Proteobacteria|c__Gammaproteobacteria|o__Enterobacterales|f__Morganellaceae|g__Proteus|s__Proteus_vulgaris,-0.1004395,-0.12316422,-0.14137758,-0.20428483,-0.16721469,-0.19395263,-0.1666669,-0.14514935,-0.124403656,-0.18371065,-0.18300927,-0.229629,-0.16836049,-0.20690617,-0.10305589,-0.09944599,-0.058144663,-0.09960131,-0.10747154,-0.1709383,-0.1978925,-0.12536043,-0.13634248,-0.15256803,-0.17182493,-0.11658599,-0.16731378,-0.17429852,-0.1509206,-0.12124001,-0.13492242,-0.105416864,-0.14813563,-0.19627082,-0.18940563,-0.2175087,-0.16119218,-0.22338755,-0.19763462,-0.29867563,-0.29210672,-0.19849953,-0.107205614,-0.09162698,-0.13691942,-0.15490773,-0.23188588,-0.19411291,-0.14660189,-0.2026537,-0.18401673,-0.18279888,-0.19795772,-0.19913393,-0.20439248,-0.15757161,-0.12570995,-0.14393847,-0.09206552,-0.09544416,-0.17149678,-0.14253744,-0.13743341,-0.14703345,-0.12719077,-0.15097201,-0.2613474,-0.22333384,-0.18918973,-0.20047067,-0.145981,-0.14937344,-0.13072678,-0.14275207,-0.15105927,-0.16461883,-0.14693505,-0.16278498,-0.15969938,-0.14998752,-0.14710826,-0.15712401,-0.15328321,-0.22480208,-0.120334074,-0.14137423,-0.11811215,-0.16125827,-0.1744051,-0.15563591,-0.16826777,-0.11139822,-0.1388583,-0.13027036,-0.12842058,-0.15152657,-0.14213789,-0.11540076,-0.10065024,-0.09001292,-0.10521458,-0.120489165,-0.13493204,-0.15027548,-0.1604847,-0.1185138,-0.11129953,-0.1578567,-0.17738779,-0.13414724,-0.16363294,-0.25953975,-0.14869294,-0.13237554,-0.14154124,-0.15095688,-0.17780018,-0.16364814,-0.22917573,-0.09015879,-0.10965158,-0.1345891,-0.1296336,-0.13997786,-0.17371422,-0.13908121,-0.16057305,-0.12777606,-0.07092635,-0.03704006,-0.13683599,-0.1620599,-0.17915796,-0.14332479,-0.12334781,-0.13544253,-0.12023825,-0.13804662,-0.25318068,-0.26654312,-0.083206505,-0.10945694,-0.14447251,-0.09238048,-0.18760785,-0.1904543,-0.15264344,-0.09001322,-0.13230102,-0.14936304,-0.15030032,-0.1591503,-0.17074195,-0.1842132,-0.08760993,-0.123981476,-0.141482,-0.10256614,-0.17951453,-0.19495486,-0.19183539,-0.0998368,-0.13113372,-0.07940857,-0.12723184,-0.19006202,-0.19383806,-0.19198006,-0.123526245,-0.07521739,-0.09707546,-0.11824541,-0.13630024,-0.12406494,-0.121451,-0.094437905,-0.096286185,-0.10818018,-0.082459606,-0.11254956,-0.13193609,-0.16731688,-0.1410757,-0.13608211,-0.18093297,-0.17825818,-0.19462124,-0.14457381,-0.15549555,-0.13550612,-0.119081676,-0.14001076,-0.19117098,-0.19177127,-0.1817649,1.497888,-0.25103784,-0.20219928,-0.19003901,-0.1912172,-0.18249646,-0.17370763,-0.27554205,-0.08916744,-0.11956477,-0.12711874,-0.15751183,-0.20931396,-0.18224281,-0.29657933,-0.32474133,-0.15051581,-0.3242122,-0.17325558,-0.17108874,-0.2185038,-0.17647925,-0.114121355,-0.13968113,-0.15388772,-0.15788373,-0.22984435,-0.18186735,-0.2578224,-0.10420801,-0.12455491,-0.13823047,-0.123867795,-0.15189947,-0.15520549,-0.15646616,-0.14014931,-0.15141064,-0.16341817,-0.15536682,-0.15368882,-0.15300383,-0.13376057,-0.12276714,-0.14606056,-0.19056335,-0.17712462,-0.21025829,-0.3990198,-0.20191413,-0.1131971,-0.1296617,-0.11847734,-0.14758117,-0.16636807,-0.18691728,-0.1918297,-0.13128404,-0.07637046,-0.15312088,-0.13949758,-0.14106366,-0.11772326,-0.19987361,-0.1649412,-0.1585633,-0.14141789,-0.1232969,-0.12722544,-0.14610182,-0.2588673,-0.1069545,-0.13074079,-0.09132757,-0.12832497,-0.1289601,-0.14950754,-0.15203154,-0.09612909,-0.08910369,-0.12407325,-0.11016145,-0.13764949,-0.15057352,-0.17064807,-0.14289819,-0.115884036,-0.17401475,-0.15165915,-0.14229608,-0.12525043,-0.14201938,-0.17466888,-0.13176009,-0.13211672,-0.14576063,-0.122949556,-0.08722703,-0.05825615,-0.14335585,-0.17082691,-0.026243303,-0.166469,-0.2829064,-0.31316653,-0.19824225,-0.14571548,-0.14331596,-0.14862512,-0.12963767,-0.25088155,-0.19463724,-0.18900332,-0.09420146,-0.10927203,-0.10702289,-0.09373452,-0.12759323,-0.15254797,-0.15746465,-0.16744113,-0.12812386,-0.0969081,-0.16398169,-0.14373323,-0.11335766,-0.18846886,-0.1706479,-0.15406029,-0.12590471,-0.115196005,-0.11276163,-0.11662802,-0.17625016,-0.13856009,-0.13453835,-0.096878245,-0.12101346,-0.09135373,-0.12434345,-0.13564852,-0.063823454,-0.13877153,-0.11419349,-0.13349472,-0.24483351,-0.2571875,-0.29957527,-0.1462816,-0.15690365,-0.13210356,-0.19104545,-0.0782174,-0.17270163,-0.16442668,-0.09859173,-0.11065883,-0.11434638,-0.076612435,-0.083404,-0.1213824,-0.13072303,-0.13855581,-0.19385117,-0.09928045,-0.15557039,-0.19487974,-0.19122696,-0.18720803,-0.11097652,-0.14297886,-0.102870464,-0.15962207,-0.1944553,-0.17318965,-0.16890037,-0.1427823,-0.14267892,-0.10131867,-0.15301591,-0.16162969,-0.18086955,-0.19544637,-0.12106798,-0.14742854,-0.1133523,-0.07954204,-0.14280596,-0.20725825,-0.16108575,-0.125103,-0.15657571,-0.15690626,-0.14353842,-0.19202894,-0.16259417,-0.1823204,-0.2963242,-0.198168,-0.18074827,-0.17129028,-0.19305128,-0.15725124,-0.14054683,-0.13019288,-0.12557748,-0.13808927,-0.1630433,-0.30584824,-0.16688094,-0.18146941,-0.1929565,-0.11441202,-0.1502763,-0.14037564,-0.17810899,-0.16714478,-0.16471249,-0.14331086,-0.18237996,-0.12809941,-0.15321106,-0.13718528,-0.24156228,-0.17948112,-0.10303837,-0.13501173,-0.14205989,-0.17477566,-0.10995765,-0.1342755,-0.15250155,-0.16031712,-0.181998,-0.15443152,-0.14921094,-0.19184028,-0.17555943,-0.16455463,-0.14723541,-0.14623587,-0.11499533,-0.10471026,-0.1345967,-0.20148799,-0.17744401,-0.12513243,-0.16565642,-0.18041904,-0.18738703,-0.11705899,-0.17708492,-0.26006907,-0.092339024,-0.09197736,-0.11443942,-0.13589653,-0.14800268,-0.09800872,-0.1893726
k__Bacteria|p__Proteobacteria|c__Alphaproteobacteria|o__Hyphomicrobiales|f__Methylobacteriaceae|g__Methylobacterium|s__Methylobacterium_SGB17145,-0.1004395,-0.12316422,-0.14174761,-0.20428483,-0.16706637,-0.1937785,-0.1666669,-0.14512175,-0.12501177,-0.18327968,-0.18400781,-0.22852296,-0.17061405,-0.20666361,-0.10350965,-0.09947185,-0.058144663,-0.09968552,-0.10798052,-0.17075597,-0.1978925,-0.12536043,-0.13631848,-0.15234135,-0.17175211,-0.11658599,-0.1672113,-0.17384732,-0.1509206,-0.12124001,-0.13493815,-0.10618041,-0.14828597,-0.19654033,-0.18952966,-0.2175087,-0.1607423,-0.22338755,-0.19744223,-0.29867563,-0.29210672,-0.19919452,-0.10754255,-0.09162698,-0.13691942,-0.15492976,-0.23188588,-0.19386008,-0.14699888,-0.2026537,-0.18355918,-0.18279888,-0.19742867,-0.19948304,-0.20494242,-0.1581161,-0.12593268,-0.14403775,-0.09205762,-0.09580079,-0.17144266,-0.14227828,-0.13743341,-0.14706671,-0.12719077,-0.15115649,-0.2613474,-0.22333384,-0.18913317,-0.20047067,-0.1458784,-0.14938045,-0.13095841,-0.14293557,-0.15109432,-0.16403271,-0.14673895,-0.16278498,-0.15925156,-0.14998752,-0.14711937,-0.15719116,-0.15322608,-0.22480208,-0.120334074,-0.14153813,-0.11838129,-0.16105753,-0.17430146,-0.15562174,-0.16804111,-0.11139822,-0.1388583,-0.13027036,-0.12876889,-0.15152657,-0.14242728,-0.115359664,-0.10065024,-0.09068005,-0.105832756,-0.12079984,-0.13527349,-0.15027548,-0.16039065,-0.1185138,-0.11129953,-0.1578567,-0.17738779,-0.1336076,-0.1637516,-0.25953975,-0.14866905,-0.13276124,-0.14179674,-0.15095688,-0.17780018,-0.16380557,-0.22917573,-0.09015879,-0.10987773,-0.13477632,-0.12990144,-0.13997786,-0.17379034,-0.13908121,-0.16057305,-0.12777606,-0.07092635,-0.03704006,-0.13726372,-0.16242594,-0.17870444,-0.14332479,-0.12334781,-0.1357871,-0.12023825,-0.13856058,-0.25318068,-0.26654312,-0.083749436,-0.10945694,-0.14477172,-0.09238048,-0.18777078,-0.1905478,-0.1532988,-0.09052701,-0.13230102,-0.14953107,-0.15037124,-0.15903597,-0.17068845,-0.18392311,-0.08810339,-0.1236112,-0.14123668,-0.10256614,-0.17951453,-0.19495486,-0.19151956,-0.10029949,-0.13113372,-0.080086865,-0.12838514,-0.19006202,-0.19387156,-0.19190869,-0.12337896,-0.075654194,-0.097365156,-0.11878262,-0.13671196,-0.12406494,-0.121451,-0.09480882,-0.09709807,-0.10874487,5.049732,-0.113234304,-0.1326718,-0.16714196,-0.1410757,-0.13625875,-0.18093297,-0.17825818,-0.19467872,-0.14493799,-0.15549555,-0.13554919,-0.119081676,-0.14001076,-0.19117098,-0.19155246,-0.18126836,-0.19755594,-0.25103784,-0.20219928,-0.19021818,-0.19106859,-0.18277313,-0.17416346,-0.27554205,-0.08916744,-0.11956477,-0.12797347,-0.15751183,-0.20931396,-0.18224281,-0.29657933,-0.32474133,-0.15089425,-0.3242122,-0.17325558,-0.17108874,-0.2185038,-0.17647925,-0.114121355,-0.13984773,-0.15388772,-0.15788373,-0.22984435,-0.18186735,-0.25981748,-0.10464895,-0.12455491,-0.13854882,-0.124341875,-0.15189947,-0.15534607,-0.1563769,-0.14014931,-0.15141064,-0.16316208,-0.15519956,-0.15353444,-0.15318274,-0.13418974,-0.12315383,-0.14630449,-0.19046146,-0.17750025,-0.21025829,-0.3990198,-0.20320082,-0.113703534,-0.1296617,-0.118817195,-0.1480756,-0.16636807,-0.18671483,-0.19184342,-0.13148588,-0.07715831,-0.15323304,-0.1400108,-0.14106366,-0.117652625,-0.19987361,-0.1649412,-0.15847334,-0.14154881,-0.12379767,-0.12722544,-0.14610182,-0.2588673,-0.10746604,-0.13074079,-0.09132757,4.197941,-0.12931451,-0.14988625,-0.1518313,-0.096531436,-0.08910369,-0.12445812,-0.110859476,-0.13792464,-0.15092802,-0.17045651,-0.14299798,-0.11638737,-0.17376402,-0.15199524,-0.14244351,-0.12575862,-0.14204301,-0.17466888,-0.13176009,-0.13232419,-0.1458655,-0.12319682,-0.08722703,-0.05825615,-0.14353606,-0.17082691,-0.026243303,-0.16612127,-0.2829064,-0.31316653,-0.19852814,-0.14575532,-0.14331596,-0.14862512,-0.12963767,-0.25088155,-0.19444981,-0.18873248,-0.09494436,-0.1093905,-0.10702289,-0.094251096,-0.12759323,-0.1528383,-0.15746465,-0.1671071,-0.12812386,-0.0969081,-0.16398169,-0.14373773,-0.11335766,-0.18846886,-0.1706479,-0.15394637,-0.12574303,-0.115196005,-0.11311417,-0.11662802,-0.17607552,-0.13862997,-0.13477021,-0.096878245,-0.12140246,-0.092047736,-0.12434345,-0.13561565,-0.063823454,-0.13877153,-0.11419349,-0.13383545,-0.24483351,-0.2571875,-0.29957527,-0.14636031,-0.15681171,-0.1324495,-0.19104545,-0.0782174,-0.17259924,-0.16413727,-0.09859173,-0.11065883,-0.114440605,-0.076612435,-0.083404,-0.1213824,-0.13072303,-0.13855581,-0.19385117,-0.09943922,-0.15552178,-0.19487974,-0.191235,-0.187038,-0.111473426,-0.14300027,-0.10332529,-0.15924515,-0.19450244,-0.17289405,-0.16937524,-0.14296822,-0.14266714,-0.101921424,-0.15331137,-0.16145463,-0.18101978,-0.19552964,-0.12153622,-0.14740327,-0.113813624,-0.080188945,-0.14285049,-0.20725825,-0.16087729,-0.125103,-0.15657571,-0.15690626,-0.14355648,-0.19202894,-0.16260645,-0.18197544,-0.2963242,-0.19862923,-0.1810717,-0.17199999,-0.19351855,-0.15769815,-0.14054683,-0.13056321,-0.12557748,-0.138444,-0.16331738,0.6759537,-0.16635011,-0.18145223,-0.19282639,-0.11441202,-0.15063539,-0.14069787,-0.17789121,-0.1668637,-0.16460733,-0.14331086,-0.18237996,-0.12836045,-0.15313634,-0.13746059,-0.24156228,-0.17961064,-0.103447005,-0.13511537,-0.14209616,-0.17461115,-0.11053163,-0.13463372,-0.15234096,-0.1600393,-0.18176264,-0.15426913,-0.14936855,-0.19184028,-0.17552394,-0.16403496,-0.14723541,-0.14623587,-0.11499533,-0.10471026,-0.13517016,-0.20148799,-0.1771936,-0.12513243,-0.16525252,-0.18041904,-0.18738703,-0.11705899,-0.17640525,-0.26154476,-0.092829734,-0.09245595,-0.1149157,-0.13622427,-0.14823309,-0.098908335,-0.18910578
k__Bacteria|p__Proteobacteria|c__Gammaproteobacteria|o__Enterobacterales|f__Morganellaceae|g__Providencia|s__Providencia_alcalifaciens,-0.1004395,-0.12316422,-0.14201033,-0.20428483,-0.16723913,-0.19301695,-0.1666669,-0.14499488,-0.12514454,-0.1833441,-0.18406352,-0.22555456,-0.16932431,-0.20426297,-0.102966666,-0.09900205,-0.058144663,-0.0995909,-0.10772839,-0.17078367,-0.1978925,-0.12536043,-0.13631408,-0.15217972,-0.17141472,-0.11658599,-0.16765055,-0.17366381,-0.1509206,-0.12124001,-0.13516688,-0.10566154,-0.1484186,-0.19567558,-0.18893194,-0.2175087,-0.16100053,-0.22338755,-0.19732907,-0.29867563,-0.29210672,-0.19774418,-0.106783986,-0.09162698,-0.13691942,-0.1553612,-0.23188588,-0.1940338,-0.14610015,-0.2026537,-0.18406597,-0.18279888,-0.19751334,-0.19857816,-0.20366244,-0.15724935,-0.12560336,-0.14363313,-0.09190236,-0.09546955,-0.17106277,-0.14228863,-0.13743341,-0.14691159,-0.12719077,-0.15119892,-0.2613474,-0.22333384,-0.18878137,-0.20047067,-0.14542252,-0.14918424,-0.13059366,-0.14284462,-0.15030044,-0.16390836,-0.14609036,-0.16278498,-0.15951657,-0.14998752,-0.14737011,-0.15716025,-0.15319535,-0.22480208,-0.120334074,-0.14157863,-0.11841663,-0.16069993,-0.1738417,-0.15592429,-0.16811688,-0.11139822,-0.1388583,-0.13027036,-0.12850799,-0.15152657,-0.14277482,-0.11535764,-0.10065024,-0.09054889,-0.10526197,-0.1202337,-0.13488707,-0.15027548,-0.16018476,-0.1185138,-0.11129953,-0.1578567,-0.17738779,-0.13305275,-0.16439173,-0.25953975,-0.14869322,-0.13278899,-0.14182404,-0.15095688,4.2721796,-0.16374062,-0.22917573,-0.09015879,-0.11041283,-0.134812,-0.12962265,-0.13997786,-0.17401329,-0.13908121,-0.16057305,-0.12777606,-0.07092635,-0.03704006,-0.1374484,-0.16198535,-0.17889911,-0.14332479,-0.12334781,-0.1357566,-0.12023825,-0.13833472,-0.25318068,-0.26654312,-0.08320844,-0.10945694,-0.14413771,-0.09238048,-0.18787006,-0.19063357,-0.15325925,-0.09005305,-0.13230102,-0.14971758,-0.15042776,-0.15888333,-0.17054701,-0.18310207,-0.08778184,-0.123590216,-0.14105377,-0.10256614,-0.17951453,-0.19495486,-0.19064283,-0.09992272,-0.13113372,-0.07942874,-0.12808287,-0.19006202,-0.19319892,-0.19158402,-0.123184204,-0.075062156,-0.09674442,-0.11857954,-0.13664223,-0.12406494,-0.121451,-0.09426567,-0.096588865,-0.10835625,-0.082459606,-0.11273448,-0.13228726,-0.16684753,-0.1410757,-0.13655111,-0.18093297,-0.17825818,-0.19409744,-0.14473104,-0.15549555,-0.13525844,-0.119081676,-0.14001076,-0.19117098,-0.19112514,-0.18141365,-0.19755594,-0.25103784,-0.20219928,-0.19013023,-0.19143775,-0.18258983,-0.17414019,-0.27554205,-0.08916744,-0.11956477,-0.12826514,-0.15751183,-0.20931396,-0.18224281,-0.29657933,-0.32474133,-0.15506092,-0.3242122,-0.17325558,-0.17108874,-0.2185038,-0.17647925,-0.114121355,-0.14015836,-0.15388772,-0.15788373,-0.22984435,-0.18186735,-0.25599313,-0.10424641,-0.12455491,-0.13860813,-0.124093145,-0.15189947,-0.15489233,-0.15576604,-0.14014931,-0.15141064,-0.1627731,-0.15541974,-0.15332162,-0.15334526,-0.13385487,-0.12303301,-0.14642702,-0.1900678,-0.17719968,-0.21025829,-0.3990198,-0.20256266,-0.11328636,-0.1296617,-0.118250325,-0.1481624,-0.16636807,-0.18631431,-0.19151574,-0.13187936,-0.07619258,-0.15286696,-0.13980605,-0.14106366,-0.11819641,-0.19987361,-0.1649412,-0.15897337,-0.14158908,-0.12380731,-0.12722544,-0.14610182,-0.2588673,-0.10724157,-0.13074079,-0.09132757,-0.12832497,-0.12901041,-0.15010025,-0.151451,-0.096018195,-0.08910369,-0.12424763,-0.110638656,-0.13788909,-0.1509771,-0.17010008,-0.14286947,-0.11645703,-0.1739972,-0.15202174,-0.14233762,-0.1255899,-0.14165059,-0.17466888,-0.13176009,-0.1319628,-0.14590487,-0.122748636,-0.08722703,-0.05825615,-0.14359063,2.3419309,-0.026243303,-0.16704232,-0.2829064,-0.31316653,-0.1978781,-0.14557706,-0.14331596,-0.14862512,-0.12963767,-0.25088155,-0.19355063,-0.18808761,-0.09457381,-0.10896714,-0.10702289,-0.0932481,-0.12759323,-0.15322386,-0.15746465,-0.1669393,-0.12812386,-0.0969081,-0.16398169,-0.14348635,-0.11335766,-0.18846886,3.7569783,-0.15390618,-0.12546223,-0.115196005,-0.11269636,-0.11662802,-0.17565313,-0.13831879,-0.13411072,-0.096878245,-0.12105708,-0.09151866,-0.12434345,-0.13585314,-0.063823454,-0.13877153,-0.11419349,-0.13397855,-0.24483351,-0.2571875,-0.29957527,-0.14607236,-0.15666011,-0.1320663,-0.19104545,-0.0782174,-0.1717535,-0.16450083,-0.09859173,-0.11065883,-0.11460115,-0.076612435,-0.083404,-0.1213824,-0.13072303,-0.13855581,-0.19385117,-0.09851331,-0.15571459,-0.19487974,-0.1911112,-0.1867753,-0.11106054,-0.14319241,-0.102456175,-0.15877324,-0.1939163,-0.17231348,-0.16941164,-0.1428046,-0.14233887,-0.10196526,-0.15342353,-0.16170952,-0.18109366,-0.19511822,-0.12099596,-0.14717661,-0.11369735,-0.07976371,-0.14329076,-0.20725825,-0.16052423,-0.125103,-0.15657571,-0.15690626,-0.14368534,-0.19202894,-0.1626561,-0.18162343,-0.2963242,-0.19810884,-0.18166333,-0.1723817,-0.19313957,-0.15802594,-0.14054683,-0.13023877,-0.12557748,-0.13836709,-0.16348271,-0.30584824,-0.16690972,-0.18101567,-0.19267479,-0.11441202,-0.15083423,-0.14074036,-0.17802028,-0.16690442,-0.16424063,-0.14331086,-0.18237996,-0.12822014,-0.1535669,-0.13781407,-0.24156228,-0.1795488,-0.10295455,-0.13554788,-0.1416395,-0.17428295,-0.11025779,-0.1347149,-0.15198062,-0.15966067,-0.18195304,-0.15367381,-0.14905918,-0.19184028,-0.1754443,-0.16366872,-0.14723541,-0.14623587,-0.11499533,-0.10471026,-0.13517687,-0.20148799,-0.17671452,-0.12513243,-0.16618308,-0.18041904,-0.18738703,-0.11705899,-0.1753728,-0.25896913,-0.09231737,-0.09203561,-0.114803106,-0.13591662,-0.14796889,-0.09848794,-0.18878806
k__Bacteria|p__Proteobacteria|c__Epsilonproteobacteria|o__Campylobacterales|f__Campylobacteraceae|g__Campylobacter|s__Campylobacter_concisus,-0.1004395,-0.12316422,-0.14200173,-0.20428483,-0.16724876,-0.19389543,-0.1666669,-0.14530054,-0.12528396,-0.18415658,-0.18369445,-0.22413796,-0.1682825,-0.20477338,-0.1027606,-0.098696135,-0.058144663,-0.09932574,-0.10764396,-0.17125568,-0.1978925,-0.12536043,-0.13634749,-0.15243,-0.17164353,-0.11658599,-0.16776165,-0.17406645,-0.1509206,-0.12124001,-0.13520192,-0.10557836,-0.14858869,-0.1960235,-0.18932113,-0.2175087,-0.16126597,-0.22338755,-0.19736062,-0.29867563,-0.29210672,-0.1984511,-0.10694292,-0.09162698,0.9772034,-0.15515408,-0.23188588,-0.19400986,-0.14663813,-0.2026537,-0.18472412,-0.18279888,-0.19787012,-0.1984578,-0.2030254,-0.15718755,-0.12565991,-0.14377783,-0.09193923,-0.09542298,-0.17161515,-0.14240217,-0.13743341,-0.14701891,-0.12719077,-0.15169139,-0.2613474,-0.22333384,-0.18935335,-0.20047067,-0.14575359,-0.14929637,-0.13074535,-0.14278027,-0.15068674,-0.16413964,-0.14666793,-0.16278498,-0.15972301,-0.14998752,-0.14726117,-0.15737554,-0.15343192,-0.22480208,-0.120334074,-0.14157358,-0.118268326,-0.16120538,-0.17430386,-0.15586998,-0.16830888,-0.11139822,-0.1388583,2.5610273,-0.12865904,-0.15152657,-0.14275716,-0.1152264,-0.10065024,-0.090191714,-0.105233744,-0.12042281,-0.13503805,-0.15027548,-0.16042642,-0.1185138,-0.11129953,-0.1578567,-0.17738779,-0.13359581,-0.16445342,-0.25953975,-0.14885907,-0.13274468,-0.1417132,-0.15095688,-0.17780018,-0.164125,-0.22917573,-0.09015879,-0.11008392,-0.13486049,-0.12955472,-0.13997786,-0.1740282,-0.13908121,-0.16057305,-0.12777606,-0.07092635,-0.03704006,-0.13728951,-0.16234314,-0.17900333,-0.14332479,-0.12334781,-0.13590491,-0.12023825,-0.1382145,-0.25318068,-0.26654312,-0.08314709,-0.10945694,-0.1443789,-0.09238048,-0.18820356,-0.19053504,-0.15279955,-0.08998056,-0.13230102,-0.14972103,-0.15046704,-0.15912214,-0.17077902,-0.18382035,-0.0875804,-0.12361958,-0.14115301,-0.10256614,1.4088421,-0.19495486,-0.19122215,-0.09990865,-0.13113372,-0.07918193,-0.12778443,-0.19006202,-0.19355538,-0.19187476,-0.123228826,-0.074971035,-0.096921995,-0.11840713,-0.13652138,-0.12406494,-0.121451,-0.09415696,-0.096312076,-0.108261585,-0.082459606,-0.11271584,-0.13223504,-0.16717774,-0.1410757,-0.13650247,-0.18093297,-0.17825818,-0.19443013,-0.14477697,-0.15549555,-0.13537148,-0.119081676,-0.14001076,-0.19117098,-0.19144353,-0.18188268,-0.19755594,-0.25103784,-0.20219928,-0.1906224,-0.19160098,-0.18281806,-0.17436457,-0.27554205,-0.08916744,-0.11956477,-0.12807465,-0.15751183,-0.20931396,-0.18224281,-0.29657933,-0.32474133,-0.15315542,-0.3242122,-0.17325558,-0.17108874,-0.2185038,-0.17647925,-0.114121355,-0.14009976,-0.15388772,-0.15788373,-0.22984435,-0.18186735,-0.25631067,-0.104185835,-0.12455491,-0.13861576,-0.12410073,-0.15189947,-0.15509288,-0.15612228,-0.14014931,-0.15141064,-0.16322134,-0.15546672,-0.15368453,-0.15320334,-0.13374615,-0.123000585,-0.14661431,-0.19060218,-0.17724027,-0.21025829,-0.3990198,-0.20281279,-0.11329154,-0.1296617,-0.11844842,-0.14802246,-0.16636807,-0.18693459,-0.19195662,-0.13158575,-0.07641258,-0.15322058,-0.13983962,-0.14106366,-0.11793304,-0.19987361,-0.1649412,-0.15899262,-0.1415913,-0.12340045,-0.12722544,-0.14610182,-0.2588673,-0.10710204,-0.13074079,-0.09132757,-0.12832497,-0.12906149,-0.14989874,-0.15169936,-0.09595069,-0.08910369,-0.124236226,-0.11039152,-0.13790175,-0.15098467,-0.17036991,-0.14302069,-0.116366304,-0.17424767,-0.15202378,-0.14229159,-0.1253877,-0.14189655,-0.17466888,-0.13176009,-0.13228637,-0.14578381,-0.12261043,-0.08722703,-0.05825615,-0.14352162,-0.17082691,-0.026243303,-0.16692424,-0.2829064,-0.31316653,-0.19864067,-0.14573014,-0.14331596,-0.14862512,-0.12963767,-0.25088155,-0.19397953,-0.18877223,-0.09432368,-0.10915162,-0.10702289,-0.093348354,-0.12759323,-0.15315706,-0.15746465,-0.16721141,-0.12812386,-0.0969081,-0.16398169,-0.14348805,-0.11335766,-0.18846886,-0.1706479,-0.15398473,-0.1256625,-0.115196005,-0.11269702,-0.11662802,-0.17616916,-0.1384351,-0.13422322,-0.096878245,-0.12093867,-0.091386475,-0.12434345,-0.13576251,-0.063823454,-0.13877153,-0.11419349,-0.13380453,-0.24483351,-0.2571875,-0.29957527,-0.14631075,-0.15690969,-0.13229476,-0.19104545,-0.0782174,-0.17272347,-0.16426973,-0.09859173,-0.11065883,-0.11440375,-0.076612435,-0.083404,-0.1213824,-0.13072303,-0.13855581,-0.19385117,-0.09873872,-0.15601268,-0.19487974,-0.1915401,-0.1870727,-0.11106554,-0.14303476,-0.10283029,-0.15945993,-0.19462219,-0.17292623,-0.16920224,-0.14286236,-0.1424843,-0.10173808,-0.1534298,-0.16178069,-0.18134442,-0.19529375,-0.12113178,-0.14734723,-0.113779694,-0.07989519,-0.14321242,-0.20725825,-0.16092734,-0.125103,-0.15657571,-0.15690626,-0.14385124,-0.19202894,-0.16281314,-0.18214782,-0.2963242,-0.19876125,-0.18144858,-0.1719478,-0.19341691,-0.15756452,-0.14054683,-0.1303095,-0.12557748,-0.1383706,-0.16343269,-0.30584824,-0.16726083,-0.18121146,-0.19308129,-0.11441202,-0.15064251,-0.14067146,-0.17838332,-0.16706523,-0.16458906,-0.14331086,-0.18237996,-0.12849405,-0.15365212,-0.13761067,-0.24156228,-0.1798811,-0.10296313,-0.13535066,-0.14192171,-0.17464149,-0.110138774,-0.1346665,-0.1521632,-0.15999618,-0.18231773,-0.15410691,-0.14924003,-0.19184028,-0.17570755,-0.16407074,-0.14723541,-0.14623587,-0.11499533,-0.10471026,-0.13515946,-0.20148799,-0.17713019,-0.12513243,-0.1663526,-0.18041904,-0.18738703,-0.11705899,-0.17633228,-0.25967968,-0.09222789,-0.09192164,-0.114759535,-0.13596956,-0.14798822,-0.0982919,-0.18929665
k__Bacteria|p__Proteobacteria|c__Gammaproteobacteria|o__Enterobacterales|f__Morganellaceae|g__Morganella|s__Morganella_morganii,-0.1004395,-0.12316422,-0.1411157,-0.20428483,-0.1662148,-0.19303605,-0.1666669,-0.14499068,-0.12475219,-0.18330109,-0.18305844,-0.22493207,-0.16925707,-0.20387341,-0.10296335,-0.099089876,-0.058144663,-0.09956542,-0.10744524,-0.17046705,-0.1978925,-0.12536043,-0.13611433,-0.15224819,-0.17114668,-0.11658599,-0.16700596,-0.17378114,-0.1509206,-0.12124001,-0.13497552,-0.105237156,-0.14809103,-0.19511169,-0.18879136,-0.2175087,-0.16029532,-0.22338755,-0.19668713,-0.29867563,-0.29210672,-0.19760564,-0.106920734,-0.09162698,-0.13691942,-0.15457621,-0.23188588,-0.19306862,-0.14620681,-0.2026537,-0.18310799,-0.18279888,-0.1968312,-0.19820818,-0.2031085,-0.15778038,-0.12548077,-0.1435341,-0.09213582,-0.09540218,-0.17082879,-0.14234848,-0.13743341,-0.1467301,-0.12719077,-0.15101281,-0.2613474,-0.22333384,-0.18821193,-0.20047067,-0.14549795,-0.1490117,-0.13043116,-0.14245579,-0.15057829,-0.16390103,-0.14658272,-0.16278498,-0.15895098,-0.14998752,-0.14696811,-0.15669815,-0.15297978,-0.22480208,-0.120334074,-0.14130199,-0.11803787,-0.16064416,-0.17376333,-0.15540773,-0.16796497,-0.11139822,-0.1388583,-0.13027036,-0.12845191,-0.15152657,-0.14228663,-0.115490526,-0.10065024,-0.090253,-0.10519007,-0.12017459,-0.13463415,-0.15027548,-0.16014165,-0.1185138,-0.11129953,-0.1578567,-0.17738779,-0.13379973,-0.16366947,-0.25953975,-0.14844233,-0.13235527,-0.14141509,-0.15095688,-0.17780018,-0.1630228,-0.22917573,-0.09015879,-0.11004046,-0.1345611,-0.12949154,-0.13997786,-0.17334801,-0.13908121,-0.16057305,-0.12777606,-0.07092635,-0.03704006,-0.13665543,-0.16172084,-0.17871556,-0.14332479,-0.12334781,-0.13554907,-0.12023825,-0.13803498,-0.25318068,1.4867631,-0.08319308,-0.10945694,-0.14436385,-0.09238048,-0.18717986,-0.189648,-0.15247202,-0.089926004,-0.13230102,-0.14929104,-0.14999747,-0.158615,-0.17008452,-0.18345113,-0.08747496,-0.12372124,-0.14114773,-0.10256614,-0.17951453,-0.19495486,-0.19086483,-0.099915326,-0.13113372,-0.07949309,-0.12758493,-0.19006202,-0.19265166,-0.19125247,-0.123451166,-0.074999034,-0.09691073,-0.11828235,-0.13633206,-0.12406494,-0.121451,-0.094303474,-0.09643978,-0.108273104,-0.082459606,-0.11263224,-0.13196757,-0.16688026,-0.1410757,-0.1360226,-0.18093297,-0.17825818,-0.19357479,-0.14434895,-0.15549555,-0.13534108,-0.119081676,-0.14001076,-0.19117098,-0.19042876,-0.18095832,-0.19755594,-0.25103784,-0.20219928,-0.18933406,-0.19041418,-0.18205363,-0.17325258,-0.27554205,-0.08916744,-0.11956477,-0.12753545,-0.15751183,-0.20931396,-0.18224281,-0.29657933,-0.32474133,-0.15309115,-0.3242122,-0.17325558,-0.17108874,-0.2185038,-0.17647925,-0.114121355,-0.13951081,-0.15388772,-0.15788373,-0.22984435,-0.18186735,-0.25536174,-0.10413698,0.84475845,-0.13824925,-0.123856135,-0.15189947,-0.15466444,-0.1559954,-0.14014931,-0.15141064,-0.1628685,-0.15491584,-0.1533095,-0.15289605,-0.13368028,-0.122850515,-0.14607367,-0.19001347,-0.17662668,-0.21025829,-0.3990198,-0.20196658,-0.113230266,-0.1296617,-0.118330926,-0.14774634,-0.16636807,-0.18629521,-0.19115977,-0.13147762,-0.07626891,-0.15288526,-0.13941678,-0.14106366,-0.11818394,-0.19987361,-0.1649412,-0.1582795,-0.14134854,-0.12342869,-0.12722544,-0.14610182,-0.2588673,-0.10705031,-0.13074079,-0.09132757,-0.12832497,-0.12892362,-0.14938366,-0.15160856,-0.09607756,-0.08910369,-0.12414101,-0.11019343,-0.13755682,-0.1504327,-0.17011943,-0.14270419,-0.11614423,-0.17364661,-0.15152556,-0.14210737,-0.12501705,-0.1420216,-0.17466888,-0.13176009,-0.13201292,-0.1456229,-0.12269868,-0.08722703,-0.05825615,-0.14335695,-0.17082691,-0.026243303,-0.16622387,-0.2829064,-0.31316653,-0.1978275,-0.1454197,-0.14331596,-0.14862512,-0.12963767,-0.25088155,-0.19304633,-0.18821636,-0.09442487,-0.109141044,-0.10702289,-0.09377569,-0.12759323,-0.15278685,-0.15746465,-0.16679654,-0.12812386,-0.0969081,-0.16398169,-0.14344901,-0.11335766,-0.18846886,-0.1706479,-0.15359749,-0.12556928,-0.115196005,-0.11285944,-0.11662802,-0.17578954,-0.1382213,-0.13414735,-0.096878245,-0.120879784,-0.091486394,-0.12434345,-0.13578792,-0.063823454,3.4903996,3.0547194,-0.13350442,0.73845243,-0.2571875,-0.29957527,-0.14591089,-0.15645847,-0.13186653,-0.19104545,-0.0782174,-0.17197904,-0.16420558,-0.09859173,3.6813354,-0.11464733,-0.076612435,-0.083404,-0.1213824,-0.13072303,-0.13855581,-0.19385117,-0.09870365,-0.15541112,-0.19487974,-0.19044054,-0.18654166,-0.11095099,-0.14267538,-0.10271062,-0.15907624,-0.19351755,-0.17292385,-0.16866474,-0.14250058,-0.14226606,-0.10151461,-0.15302998,-0.1612087,-0.18051244,-0.19457383,-0.12093298,-0.14717698,-0.11366632,-0.07988928,-0.142788,-0.20725825,-0.16034952,-0.125103,-0.15657571,-0.15690626,-0.14331904,-0.19202894,-0.16215976,-0.18173634,-0.2963242,-0.19662502,-0.18076545,-0.17098059,-0.19215533,-0.15719405,-0.14054683,-0.13002491,-0.12557748,-0.13813388,-0.16290253,-0.30584824,-0.16637039,-0.18083276,-0.19206464,-0.11441202,-0.15043375,-0.14014836,-0.17759083,-0.16647497,-0.16429403,-0.14331086,-0.18237996,-0.12803915,-0.15333948,-0.13738081,-0.24156228,-0.17869207,-0.102895916,-0.13490307,-0.14161924,-0.17411193,-0.10997397,-0.13423982,-0.15213913,-0.15964535,-0.18107566,-0.15393509,-0.14867415,-0.19184028,-0.1747795,-0.16399743,-0.14723541,-0.14623587,-0.11499533,-0.10471026,-0.13480784,-0.20148799,-0.17663693,-0.12513243,-0.16545649,-0.18041904,-0.18738703,-0.11705899,-0.1764954,-0.25776422,-0.092267364,-0.09204668,-0.11444515,-0.13577446,-0.14772339,-0.09818947,-0.18860433
k__Bacteria|p__Proteobacteria|c__Gammaproteobacteria|o__Enterobacterales|f__Enterobacteriaceae|g__Leclercia|s__Leclercia_adecarboxylata,-0.1004395,-0.12316422,-0.14164111,-0.20428483,-0.16638158,-0.1922918,-0.1666669,-0.14463508,-0.12510288,-0.18262546,-0.18233564,-0.2222042,-0.16909936,-0.2025924,-0.10331819,-0.09962118,-0.058144663,-0.09991062,-0.10804327,-0.17008801,-0.1978925,-0.12536043,-0.13609299,-0.15170327,-0.17068356,-0.11658599,-0.16697711,-0.17289865,-0.1509206,-0.12124001,-0.13510868,-0.1060523,-0.14817473,-0.19446,-0.18813726,-0.2175087,-0.16037056,-0.22338755,-0.19611385,-0.29867563,-0.29210672,-0.1967097,-0.10727973,-0.09162698,-0.13691942,-0.15474603,-0.23188588,-0.19288048,-0.14610592,-0.2026537,-0.18280396,-0.18279888,-0.19597498,-0.19699614,-0.2014958,-0.15700763,-0.12563048,-0.14342928,-0.09252076,-0.09600565,-0.17049575,-0.14191768,-0.13743341,-0.14656967,-0.12719077,-0.15105543,-0.2613474,-0.22333384,-0.18756431,-0.20047067,-0.14515358,-0.14880857,-0.13065833,-0.14247522,-0.1499579,-0.16308588,-0.14597677,-0.16278498,-0.1589195,-0.14998752,-0.1469889,-0.15666914,-0.15277633,-0.22480208,-0.120334074,-0.1413382,-0.1184752,-0.16019616,-0.17304894,-0.15528016,-0.1674305,-0.11139822,-0.1388583,-0.13027036,-0.12853527,-0.15152657,-0.14247128,-0.1155252,-0.10065024,-0.09104581,-0.105672896,-0.12044533,-0.134848,-0.15027548,-0.15974648,-0.1185138,-0.11129953,-0.1578567,-0.17738779,-0.13313833,-0.16365336,-0.25953975,-0.14837693,-0.132687,-0.1414652,-0.15095688,-0.17780018,-0.1631549,-0.22917573,-0.09015879,-0.110578865,-0.13460112,-0.12953675,-0.13997786,-0.17313647,-0.13908121,-0.16057305,-0.12777606,-0.07092635,-0.03704006,-0.13718623,-0.16148731,-0.1780114,-0.14332479,-0.12334781,-0.13570139,-0.12023825,-0.13813096,-0.25318068,-0.26654312,-0.08403021,-0.10945694,-0.14403537,-0.09238048,-0.18705282,-0.18934405,-0.15285036,-0.090772614,-0.13230102,-0.14931369,-0.14996466,-0.15837048,-0.16982101,-0.18252817,-0.0884942,-0.12362489,-0.14074387,-0.10256614,-0.17951453,-0.19495486,-0.18978792,-0.10037686,-0.13113372,-0.08009833,-0.12791383,-0.19006202,-0.1920931,-0.19061112,-0.12318924,-0.07600893,-0.0974455,-0.118648626,-0.1364336,-0.12406494,-0.121451,-0.09483445,-0.097069226,-0.10875339,-0.082459606,-0.11301108,-0.1321949,-0.16629775,-0.1410757,-0.1363701,-0.18093297,-0.17825818,-0.19311324,-0.14452034,-0.15549555,-0.13515744,-0.119081676,-0.14001076,-0.19117098,-0.19009373,-0.18050288,-0.19755594,-0.25103784,-0.20219928,-0.18930843,-0.19030955,-0.18173991,-0.17345956,-0.27554205,-0.08916744,-0.11956477,-0.12818888,-0.15751183,-0.20931396,-0.18224281,-0.29657933,3.2414668,-0.15475011,1.7117181,-0.17325558,-0.17108874,-0.2185038,-0.17647925,-0.114121355,-0.1399188,-0.15388772,-0.15788373,-0.22984435,-0.18186735,-0.2536617,-0.104631625,-0.12455491,-0.13837218,-0.12417506,-0.15189947,-0.15441099,-0.1554666,-0.14014931,-0.15141064,-0.16223416,-0.15485847,-0.15296462,-0.15277812,-0.13388002,-0.12312104,-0.14613058,-0.18905857,-0.17606196,-0.21025829,-0.3990198,-0.2022,-0.11352875,-0.1296617,-0.11842343,-0.14769603,-0.16636807,-0.18538933,-0.19055939,-0.13170618,-0.07733722,-0.15255252,-0.13968126,-0.14106366,-0.117975734,-0.19987361,-0.1649412,-0.15838233,-0.14139766,-0.123693794,-0.12722544,-0.14610182,-0.2588673,-0.10755846,-0.13074079,-0.09132757,-0.12832497,-0.12903488,-0.14955533,-0.15119782,-0.09657119,-0.08910369,-0.124332845,-0.110836715,-0.13777108,-0.15050997,-0.16955373,-0.14258097,-0.116720185,-0.17315446,-0.15148798,-0.14210454,-0.12545303,-0.14145762,-0.17466888,-0.13176009,-0.13215193,-0.14541608,-0.122829035,-0.08722703,-0.05825615,-0.14315692,-0.17082691,-0.026243303,-0.16636625,-0.2829064,-0.31316653,-0.19724627,-0.14530942,-0.14331596,-0.14862512,-0.12963767,-0.25088155,-0.19248089,-0.18735477,-0.095100574,-0.109408244,-0.10702289,-0.0939021,-0.12759323,-0.15275139,-0.15746465,-0.16626585,-0.12812386,-0.0969081,-0.16398169,-0.143184,-0.11335766,-0.18846886,-0.1706479,-0.15350515,-0.1256243,-0.115196005,-0.11302122,-0.11662802,-0.17509717,-0.13813318,-0.1340783,-0.096878245,-0.12110934,-0.09216562,-0.12434345,-0.13573995,-0.063823454,-0.13877153,-0.11419349,-0.13386244,-0.24483351,-0.2571875,-0.29957527,-0.14577138,-0.15622754,-0.13199961,-0.19104545,-0.0782174,-0.17143962,-0.1637612,-0.09859173,-0.11065883,-0.114759795,-0.076612435,-0.083404,-0.1213824,-0.13072303,-0.13855581,-0.19385117,-0.09918687,-0.15518215,-0.19487974,-0.19009793,-0.18593228,-0.11140423,-0.1428906,-0.10306501,-0.1584087,-0.19281825,-0.17165262,-0.16851148,-0.14251152,-0.1421653,-0.10232523,-0.15289071,-0.16101405,-0.18022586,-0.19392172,-0.12115985,-0.14681843,-0.11391853,-0.08065832,-0.14283043,-0.20725825,-0.16014585,-0.125103,-0.15657571,-0.15690626,-0.14339177,-0.19202894,-0.16204642,-0.18099052,-0.2963242,-0.19752705,-0.18071759,-0.17136352,-0.19213113,-0.15721701,-0.14054683,-0.13022353,-0.12557748,-0.13809422,-0.16314496,-0.30584824,-0.16632786,-0.1801928,-0.19172947,-0.11441202,-0.15030839,-0.14049709,-0.17720953,-0.16617623,-0.16384706,-0.14331086,-0.18237996,-0.12833825,-0.15306105,-0.13736936,-0.24156228,-0.17892736,-0.103468806,-0.13530347,-0.14150393,-0.17348869,-0.11064404,-0.13454348,-0.1515654,-0.15915398,-0.18113396,-0.15341845,-0.14861399,-0.19184028,-0.17461723,-0.16326296,-0.14723541,-0.14623587,-0.11499533,-0.10471026,-0.13503113,-0.20148799,-0.1760695,-0.12513243,-0.16551645,-0.18041904,-0.18738703,-0.11705899,-0.17507803,-0.25695807,-0.09292047,-0.092706084,-0.11503136,-0.13580588,-0.14759314,-0.09900656,-0.1878705
k__Bacteria|p__Proteobacteria|c__Gammaproteobacteria|o__Enterobacterales|f__Enterobacteriaceae|g__Citrobacter|s__Citrobacter_koseri,-0.1004395,-0.12316422,-0.14132757,-0.20428483,-0.16679959,-0.19431418,-0.1666669,-0.1452292,-0.12450862,-0.18375705,-0.18383561,-0.22919741,-0.1695666,-0.20654789,-0.10300394,-0.09884821,-0.058144663,-0.09934394,-0.107265376,-0.17116448,-0.1978925,-0.12536043,-0.13632777,-0.1527486,-0.17204554,-0.11658599,-0.16713634,-0.17450774,-0.1509206,-0.12124001,-0.13477507,-0.105260625,-0.14809632,-0.19677223,-0.18980648,-0.2175087,-0.16081193,-0.22338755,-0.19768444,-0.29867563,-0.29210672,-0.19942854,-0.107083686,-0.09162698,-0.13691942,-0.15470788,-0.23188588,-0.19403511,-0.14682421,-0.2026537,-0.18380576,-0.18279888,-0.19803499,-0.19997226,-0.20573387,-0.15851928,-0.12569848,-0.14404686,-0.091901906,-0.09529784,-0.17164367,-0.1427588,-0.13743341,-0.1470905,-0.12719077,-0.15108494,-0.2613474,-0.22333384,-0.1894606,-0.20047067,-0.14612749,-0.14943874,-0.13067344,-0.14287567,-0.15163592,-0.16483578,-0.14720336,-0.16278498,-0.15926066,-0.14998752,-0.14705251,-0.15711579,-0.15341769,-0.22480208,-0.120334074,-0.14141719,-0.11797618,-0.16150826,-0.1747548,-0.15559956,-0.16839483,-0.11139822,-0.1388583,-0.13027036,-0.1286383,-0.15152657,-0.14216855,-0.11529477,4.4287543,-0.08984649,-0.10527225,-0.12053447,-0.1349945,-0.15027548,-0.16057077,-0.1185138,-0.11129953,-0.1578567,-0.17738779,-0.13423052,-0.16379796,-0.25953975,-0.14864019,-0.13224572,-0.14159319,-0.15095688,-0.17780018,-0.1637005,-0.22917573,-0.09015879,-0.109375946,-0.13462205,-0.12971298,-0.13997786,-0.17376116,-0.13908121,-0.16057305,-0.12777606,-0.07092635,-0.03704006,-0.13673079,-0.16239339,-0.17925102,-0.14332479,-0.12334781,-0.13545465,-0.12023825,-0.13825062,-0.25318068,-0.26654312,-0.082900524,-0.10945694,-0.14485326,-0.09238048,-0.1876728,-0.1905176,-0.1524618,-0.08970407,-0.13230102,-0.14939323,-0.15029547,-0.15916753,-0.17084089,-0.18470836,-0.08718625,-0.12383463,-0.14132863,-0.10256614,-0.17951453,-0.19495486,-0.19231974,-0.09980108,-0.13113372,-0.07949451,-0.12781602,-0.19006202,-0.1940428,-0.19221702,-0.12355924,-0.0747762,-0.096889384,-0.11828715,-0.13638958,-0.12406494,-0.121451,-0.094218835,-0.09628732,-0.10810794,0.94291073,-0.112727165,-0.13224953,-0.16754259,-0.1410757,-0.1358746,-0.18093297,-0.17825818,-0.19483194,-0.14473587,-0.15549555,-0.13564357,-0.119081676,-0.14001076,-0.19117098,-0.1915735,-0.18154268,-0.19755594,-0.25103784,-0.20219928,-0.19001436,-0.19105738,-0.18272214,-0.17371725,-0.27554205,-0.08916744,-0.11956477,-0.12709382,-0.15751183,-0.20931396,-0.18224281,-0.29657933,-0.32474133,-0.1493744,-0.3242122,-0.17325558,-0.17108874,-0.2185038,-0.17647925,-0.114121355,-0.1393935,-0.15388772,-0.15788373,3.798441,0.9229582,-0.2591774,-0.10408108,-0.12455491,-0.1382706,-0.12394269,-0.15189947,-0.15552151,-0.15673164,-0.14014931,-0.15141064,-0.16371185,-0.15525463,-0.15376669,-0.1531001,-0.13370684,-0.12274276,-0.14611034,-0.1909096,-0.1775785,-0.21025829,-0.3990198,-0.20248738,-0.11323723,-0.1296617,-0.11867881,-0.14790434,-0.16636807,-0.18733464,-0.19211006,-0.13106528,-0.07619938,-0.15350905,-0.13949856,-0.14106366,-0.11782872,-0.19987361,-0.1649412,-0.15826887,-0.1413586,-0.12333603,-0.12722544,-0.14610182,-0.2588673,-0.1068556,-0.13074079,-0.09132757,-0.12832497,-0.12906072,-0.1495659,-0.15208909,-0.095964685,-0.08910369,-0.124154925,-0.1101212,-0.13759144,-0.15069795,-0.17084886,-0.14300974,-0.11572664,-0.17412147,-0.15183677,-0.14231242,-0.12522279,-0.14237869,-0.17466888,-0.13176009,-0.13215125,-0.14595556,-0.12293024,-0.08722703,-0.05825615,-0.14355911,-0.17082691,-0.026243303,-0.16600083,-0.2829064,-0.31316653,-0.1988163,-0.14577019,-0.14331596,-0.14862512,-0.12963767,-0.25088155,-0.19476576,-0.18936402,-0.09417789,-0.10915184,-0.10702289,-0.09410087,-0.12759323,-0.15271074,-0.15746465,-0.1674846,-0.12812386,-0.0969081,-0.16398169,-0.1438913,-0.11335766,-0.18846886,-0.1706479,-0.15392849,-0.12576666,-0.115196005,-0.11287695,-0.11662802,-0.17651123,-0.13862237,-0.13467622,-0.096878245,-0.121050894,-0.0913223,-0.12434345,-0.1355467,-0.063823454,-0.13877153,-0.11419349,-0.13343376,-0.24483351,-0.2571875,-0.29957527,-0.14638233,-0.15694454,-0.13232327,-0.19104545,-0.0782174,-0.17296785,-0.16441908,-0.09859173,-0.11065883,-0.11431891,-0.076612435,-0.083404,-0.1213824,-0.13072303,-0.13855581,-0.19385117,-0.09908268,-0.15575823,-0.19487974,-0.19128387,-0.18738256,-0.11092308,-0.14267994,-0.1030418,-0.15993994,-0.19492592,-0.17387056,-0.16909257,-0.14281353,-0.14267553,-0.1010545,-0.15322135,-0.16159841,-0.18092772,-0.19569816,-0.12121856,-0.14765212,-0.11336371,-0.07944204,-0.142979,-0.20725825,-0.16092849,-0.125103,-0.15657571,-0.15690626,-0.14344881,-0.19202894,-0.162627,-0.18257588,-0.2963242,-0.19747311,-0.1808167,-0.17121363,-0.19306403,-0.15739183,-0.14054683,-0.13023171,-0.12557748,-0.13832468,-0.16259155,-0.30584824,-0.16650663,-0.1818116,-0.1929206,-0.11441202,-0.15060462,-0.14025146,-0.17814225,-0.16718122,-0.16484943,-0.14331086,-0.18237996,-0.12799096,-0.15322132,-0.13748458,-0.24156228,-0.17912349,-0.10282014,-0.1347381,-0.1421832,-0.17512797,-0.10973118,-0.1343134,-0.15273839,-0.16033003,-0.18163955,-0.15471786,-0.14948729,-0.19184028,-0.17561302,-0.1646643,-0.14723541,-0.14623587,-0.11499533,-0.10471026,-0.13486165,-0.20148799,-0.17756213,-0.12513243,-0.16495925,-0.18041904,-0.18738703,-0.11705899,-0.17769748,-0.26109746,-0.09215483,-0.091772094,-0.11433177,-0.13606304,-0.14814489,-0.09797217,-0.18965119
k__Bacteria|p__Proteobacteria|c__Gammaproteobacteria|o__Pseudomonadales|f__Pseudomonadaceae|g__Pseudomonas|s__Pseudomonas_aeruginosa,-0.1004395,-0.12316422,-0.14216825,-0.20428483,-0.16742939,-0.19503379,-0.1666669,-0.14561051,-0.12554008,-0.18464473,-0.18494616,-0.22679386,-0.17202914,-0.20539919,-0.10323487,-0.09918204,-0.058144663,-0.099428326,-0.10779008,-0.17187612,-0.1978925,-0.12536043,-0.13687792,-0.15313154,-0.17259389,-0.11658599,-0.16829321,-0.17507517,-0.1509206,-0.12124001,-0.1355496,-0.10574074,-0.14900613,-0.19712603,-0.19053558,-0.2175087,-0.1615772,-0.22338755,-0.19842845,-0.29867563,-0.29210672,-0.19971469,-0.10721133,-0.09162698,-0.13691942,-0.15560067,-0.23188588,-0.19487578,-0.147351,-0.2026537,-0.1845034,-0.18279888,-0.19852251,-0.20059662,-0.20506912,-0.15904014,-0.12605914,-0.14441414,-0.092122525,-0.09553247,-0.1721664,-0.14312431,-0.13743341,-0.14761057,-0.12719077,-0.1520963,-0.2613474,-0.22333384,-0.1899426,-0.20047067,-0.14631653,-0.14999226,-0.13116717,-0.14336652,-0.15156654,-0.16492376,-0.1475684,-0.16278498,-0.16006216,-0.14998752,-0.14786954,-0.15782306,-0.15408453,-0.22480208,-0.120334074,-0.14211184,-0.118538864,-0.16171673,-0.17510971,-0.15655012,-0.16925456,-0.11139822,-0.1388583,-0.13027036,-0.12911159,-0.15152657,-0.14318305,-0.11584062,-0.10065024,-0.09032552,-0.10550961,-0.12071644,-0.13537979,-0.15027548,-0.16120693,-0.1185138,-0.11129953,-0.1578567,-0.17738779,-0.13446338,-0.16501856,-0.25953975,-0.14936265,-0.13315473,-0.14221898,-0.15095688,-0.17780018,-0.1644344,-0.22917573,-0.09015879,-0.11023551,-0.13521779,-0.1302014,-0.13997786,-0.17472851,-0.13908121,-0.16057305,-0.12777606,-0.07092635,-0.03704006,-0.13732341,-0.16298863,-0.18003464,-0.14332479,-0.12334781,-0.1362573,-0.12023825,-0.13879535,-0.25318068,-0.26654312,-0.08312951,-0.10945694,-0.14522848,-0.09238048,-0.18882822,-0.19130197,-0.15365604,-0.08998813,-0.13230102,-0.15025008,-0.15100972,-0.15978889,-0.17154038,-0.18499717,-0.08753303,-0.12414059,-0.14170653,-0.10256614,-0.17951453,-0.19495486,-0.1926316,-0.100050226,-0.13113372,-0.07940936,-0.12839454,-0.19006202,-0.19457445,-0.19294767,-0.12374176,-0.07488979,-0.097018614,-0.11879441,-0.13704517,-0.12406494,-0.121451,-0.094384186,-0.096607774,-0.10858743,2.7810652,-0.1130435,-0.13272013,-0.16799167,-0.1410757,-0.1367993,-0.18093297,-0.17825818,-0.19553074,-0.14535415,-0.15549555,-0.1360487,-0.119081676,-0.14001076,-0.19117098,-0.19217357,-0.18256347,-0.19755594,-0.25103784,-0.20219928,-0.19124126,-0.19214329,-0.183777,-0.17478347,-0.27554205,-0.08916744,-0.11956477,-0.12815863,-0.15751183,-0.20931396,-0.18224281,-0.29657933,-0.32474133,-0.15383163,-0.3242122,-0.17325558,-0.17108874,-0.2185038,-0.17647925,-0.114121355,-0.14034632,-0.15388772,-0.15788373,2.9276717,-0.18186735,-0.2591042,-0.104397506,-0.12455491,-0.1390036,-0.12449232,-0.15189947,-0.15570016,-0.15700501,-0.14014931,-0.15141064,-0.16399422,-0.15596725,-0.15430059,-0.15389124,-0.13449231,-0.12339953,-0.14714001,-0.19163388,-0.178306,-0.21025829,-0.3990198,-0.20489624,-0.11359927,-0.1296617,-0.11877377,-0.1487373,-0.16636807,-0.18775588,-0.19296741,-0.13201138,-0.07637811,-0.15386912,-0.14025632,-0.14106366,-0.11843214,-0.19987361,-0.1649412,-0.15935838,-0.14220141,-0.123989455,-0.12722544,-0.14610182,-0.2588673,-0.10733029,-0.13074079,-0.09132757,-0.12832497,-0.12957656,-0.15035796,-0.15251723,-0.096174404,-0.08910369,-0.12467559,-0.110597976,-0.13835692,-0.15146035,-0.17144611,-0.14350206,-0.11664154,-0.17481011,-0.15261184,-0.14292362,-0.12566994,-0.14296114,-0.17466888,-0.13176009,-0.13279149,-0.14643805,-0.12327222,-0.08722703,-0.05825615,-0.14406177,-0.17082691,-0.026243303,-0.16728866,-0.2829064,-0.31316653,-0.20022379,-0.14630386,-0.14331596,-0.14862512,-0.12963767,-0.25088155,-0.19503053,-0.18990485,-0.09457618,-0.10940936,-0.10702289,-0.09394252,-0.12759323,-0.1537992,-0.15746465,-0.16804363,-0.12812386,-0.0969081,-0.16398169,-0.14425173,-0.11335766,-0.18846886,-0.1706479,-0.15468167,-0.12617016,-0.115196005,-0.11330354,-0.11662802,-0.17710024,-0.13900496,-0.13487196,-0.096878245,-0.12143238,-0.09156842,-0.12434345,-0.13635127,-0.063823454,-0.13877153,-0.11419349,-0.13408893,-0.24483351,-0.2571875,-0.29957527,-0.14680424,-0.15753317,-0.13273023,-0.19104545,-0.0782174,-0.17339012,-0.16525969,-0.09859173,-0.11065883,-0.11483636,-0.076612435,-0.083404,-0.1213824,-0.13072303,-0.13855581,-0.19385117,-0.098985,-0.15642062,-0.19487974,-0.1923308,-0.18825707,-0.11135102,-0.14341237,-0.103128456,-0.16000578,-0.19560848,-0.1741995,-0.17010903,-0.14334023,-0.14310291,-0.10179696,-0.15401666,-0.1623778,-0.18208316,-0.19653845,-0.121500045,-0.14792015,-0.11400199,-0.07985605,-0.14367223,-0.20725825,-0.16147456,-0.125103,-0.15657571,-0.15690626,-0.1442149,-0.19202894,-0.163439,-0.18321103,-0.2963242,-0.19896813,-0.18241948,-0.17237392,-0.19403908,-0.15831833,-0.14054683,-0.13071786,-0.12557748,-0.13889828,-0.16413589,-0.30584824,-0.16765147,-0.18229316,-0.19394225,-0.11441202,-0.15131372,-0.14099833,-0.17904103,-0.16776681,-0.16552597,-0.14331086,-0.18237996,-0.1287975,-0.15426353,-0.13823882,-0.24156228,-0.1802249,-0.10316096,-0.13560782,-0.14254077,-0.17536771,-0.1104511,-0.13500151,-0.15312648,-0.16061994,-0.1827235,-0.15504982,-0.14976604,-0.19184028,-0.17630543,-0.16511312,-0.14723541,-0.14623587,-0.11499533,-0.10471026,-0.13561516,-0.20148799,-0.1780459,-0.12513243,-0.16651872,-0.18041904,-0.18738703,-0.11705899,-0.17775942,-0.2613349,-0.09237481,-0.09211895,-0.114869475,-0.13655663,-0.14868426,-0.09852016,-0.19025846
k__Bacteria|p__Proteobacteria|c__Gammaproteobacteria|o__Enterobacterales|f__Yersiniaceae|g__Serratia|s__Serratia_marcescens,-0.1004395,-0.12316422,-0.14200404,-0.20428483,-0.16748855,-0.19417885,-0.1666669,-0.14532056,-0.1251213,-0.1841,-0.18385983,-0.22678599,-0.16984805,-0.20561132,-0.10303574,-0.09923385,-0.058144663,-0.0994533,-0.107710645,-0.17130163,-0.1978925,-0.12536043,-0.13647072,-0.15256296,-0.17196895,-0.11658599,-0.16786332,-0.17437512,-0.1509206,-0.12124001,-0.13529733,-0.10566078,-0.1486359,-0.19644013,-0.18972398,-0.2175087,-0.16148861,-0.22338755,-0.19802412,-0.29867563,-0.29210672,-0.1987526,-0.10712266,-0.09162698,-0.13691942,-0.1554228,-0.23188588,-0.1945023,-0.14682269,-0.2026537,-0.18458056,-0.18279888,-0.19801076,-0.19915704,-0.20395768,-0.15790436,-0.12579794,-0.1440159,-0.091939956,-0.09545681,-0.17167833,-0.14253566,-0.13743341,-0.14722174,-0.12719077,-0.15164384,-0.2613474,-0.22333384,-0.18945695,-0.20047067,-0.1459004,-0.1495196,-0.13086179,-0.14293888,-0.15084788,-0.16438404,-0.14685267,-0.16278498,-0.15992105,-0.14998752,-0.14743426,-0.15748428,-0.15353616,-0.22480208,-0.120334074,-0.14172506,-0.118364334,-0.16125299,-0.17450437,-0.15607774,-0.16854173,-0.11139822,-0.1388583,0.8716425,-0.1286799,-0.15152657,-0.14275998,-0.115490064,-0.10065024,-0.090258315,-0.105324134,-0.120509595,-0.13513592,-0.15027548,-0.16068679,-0.1185138,-0.11129953,-0.1578567,-0.17738779,-0.1337921,-0.16445744,-0.25953975,-0.14902762,-0.132837,-0.14186516,-0.15095688,-0.17780018,-0.16422355,-0.22917573,-0.09015879,-0.11012676,-0.13489875,-0.12976521,-0.13997786,-0.1742697,-0.13908121,-0.16057305,-0.12777606,-0.07092635,-0.03704006,-0.13734904,-0.162414,-0.17940821,-0.14332479,-0.12334781,-0.13593027,-0.12023825,-0.13835591,-0.25318068,-0.26654312,-0.08317056,-0.10945694,-0.14457485,-0.09238048,-0.1883509,-0.19089024,-0.15329778,-0.09004478,-0.13230102,-0.14985779,-0.15063077,-0.15932399,-0.17100917,-0.18412444,-0.08766217,-0.123873726,-0.1414081,-0.10256614,-0.17951453,-0.19495486,-0.19174477,-0.09993197,-0.13113372,-0.07922152,-0.12788692,-0.19006202,-0.1939572,-0.19230473,-0.12344161,-0.07503404,-0.0969712,-0.118550345,-0.13667986,-0.12406494,-0.121451,-0.09433687,-0.09650363,-0.10839678,-0.082459606,-0.11278087,-0.13232985,-0.16746691,-0.1410757,-0.13660084,-0.18093297,-0.17825818,-0.19488941,-0.14495634,-0.15549555,-0.13559191,-0.119081676,-0.14001076,-0.19117098,-0.19190356,-0.18205658,-0.19755594,-0.25103784,-0.20219928,-0.1907627,-0.19180837,-0.18310332,-0.17446847,1.1265657,-0.08916744,-0.11956477,-0.12799948,-0.15751183,-0.20931396,-0.18224281,-0.29657933,-0.32474133,-0.15372774,-0.3242122,-0.17325558,-0.17108874,-0.2185038,-0.17647925,-0.114121355,-0.14018084,-0.15388772,-0.15788373,-0.22984435,-0.18186735,-0.2578829,-0.10427843,-0.12455491,-0.13865972,-0.124168836,-0.15189947,-0.15524746,-0.15644926,-0.14014931,-0.15141064,-0.163367,-0.15564895,-0.15380669,-0.15345542,-0.13410164,-0.12307809,-0.14661655,-0.19074087,-0.17757462,-0.21025829,-0.3990198,-0.20346709,-0.11339988,-0.1296617,-0.11849001,-0.14815563,-0.16636807,-0.18708196,-0.19227333,-0.13180113,-0.076285064,-0.15330137,-0.13995126,-0.14106366,-0.11805547,-0.19987361,-0.1649412,-0.15914552,-0.14178732,-0.12363067,-0.12722544,-0.14610182,-0.2588673,-0.10721895,-0.13074079,0.83719105,2.1720145,-0.12915671,-0.15003112,-0.15201947,-0.09608839,-0.08910369,-0.12432949,-0.1104639,-0.13805065,-0.15106446,-0.1707685,-0.14313146,-0.116381004,-0.17437267,-0.15214384,-0.14252609,-0.12550576,-0.14217582,-0.17466888,-0.13176009,-0.13234368,-0.14599432,-0.12295649,-0.08722703,-0.05825615,-0.14369003,-0.17082691,-0.026243303,-0.16734867,-0.2829064,-0.31316653,-0.19896336,-0.14591518,2.7712612,-0.14862512,-0.12963767,-0.25088155,-0.19453233,-0.18910873,-0.094389215,-0.109226726,-0.10702289,-0.09340798,-0.12759323,-0.15328929,-0.15746465,-0.16755179,-0.12812386,-0.0969081,-0.16398169,-0.14374152,-0.11335766,-0.18846886,-0.1706479,-0.15428811,-0.12581871,-0.115196005,-0.11285872,-0.11662802,-0.17644969,-0.13863362,-0.1344859,-0.096878245,-0.12113847,-0.0914431,-0.12434345,-0.1359851,-0.063823454,-0.13877153,-0.11419349,-0.13392268,-0.24483351,-0.2571875,-0.29957527,-0.14645112,-0.15706398,-0.13228808,-0.19104545,-0.0782174,-0.17280264,-0.16469264,-0.09859173,-0.11065883,-0.11455357,-0.076612435,-0.083404,-0.1213824,-0.13072303,-0.13855581,-0.19385117,-0.098857276,-0.15601608,-0.19487974,-0.19174635,-0.18749176,-0.11116815,-0.1432564,-0.10279478,-0.15949804,-0.19479,-0.17317465,-0.16949663,-0.14303496,-0.14275019,-0.101749025,-0.1535262,-0.16198638,-0.1815395,-0.19577712,-0.12120268,-0.1475319,-0.113769144,-0.07968403,-0.14325152,-0.20725825,-0.16120355,-0.125103,-0.15657571,-0.15690626,-0.14393616,-0.19202894,-0.16298291,-0.18243536,-0.2963242,-0.19910145,-0.18169644,-0.17218325,-0.19366038,-0.15789868,-0.14054683,-0.1304267,-0.12557748,-0.13847469,-0.16381007,-0.30584824,-0.1672434,-0.18156177,-0.19342715,-0.11441202,-0.1507769,-0.14082886,-0.17853895,-0.16729549,-0.16491887,-0.14331086,-0.18237996,-0.12852207,-0.15368597,-0.13767388,-0.24156228,-0.18013747,-0.10307865,-0.13546214,-0.14206217,-0.1748579,-0.110267244,-0.13469999,-0.15243158,-0.16030252,-0.18246095,-0.15431899,-0.14933015,-0.19184028,-0.17589404,-0.16444322,-0.14723541,-0.14623587,-0.11499533,-0.10471026,-0.13515884,-0.20148799,-0.17750958,-0.12513243,-0.16641124,-0.18041904,-0.18738703,-0.11705899,-0.17668392,-0.26056075,-0.092345655,-0.09202784,-0.11477116,-0.13613541,-0.1482138,-0.098338306,-0.18952121
k__Bacteria|p__Proteobacteria|c__Gammaproteobacteria|o__Enterobacterales|f__Enterobacteriaceae|g__Pseudescherichia|s__Pseudescherichia_vulneris,-0.1004395,-0.12316422,-0.14148721,-0.20428483,-0.1662691,-0.19256233,-0.1666669,-0.14497828,-0.12506817,-0.18277867,-0.18229966,-0.2248843,-0.16877252,-0.2034367,-0.103737,-0.09996256,-0.058144663,-0.10039982,-0.10816251,-0.17031345,-0.1978925,-0.12536043,-0.1363852,-0.1522055,-0.17095935,-0.11658599,-0.16686723,-0.17343877,-0.1509206,-0.12124001,-0.1351763,-0.10609091,-0.14815772,-0.19470334,-0.18838453,-0.2175087,-0.16032723,-0.22338755,-0.19611852,-0.29867563,-0.29210672,-0.19715108,-0.10767563,-0.09162698,-0.13691942,-0.15469109,-0.23188588,-0.19278114,-0.14637604,-0.2026537,-0.18263875,-0.18279888,-0.19621488,-0.19760048,-0.20275569,-0.15750702,-0.1259575,-0.14373986,-0.093020044,-0.096327364,-0.17067003,-0.14245722,-0.13743341,-0.14682698,-0.12719077,-0.15095264,-0.2613474,-0.22333384,-0.18778713,-0.20047067,-0.14564183,-0.1490753,-0.13086206,-0.14269958,-0.15068823,-0.16374327,-0.14652392,-0.16278498,-0.15887794,-0.14998752,-0.14706191,-0.1567001,-0.15303966,-0.22480208,-0.120334074,-0.1414684,-0.11864665,-0.16061114,-0.17347315,-0.15536888,-0.1676517,-0.11139822,-0.1388583,-0.13027036,-0.12880686,-0.15152657,-0.142447,-0.11594622,-0.10065024,-0.09120911,-0.105987735,-0.12077434,-0.13503246,-0.15027548,-0.16003323,-0.1185138,-0.11129953,-0.1578567,-0.17738779,-0.13389431,-0.16350959,-0.25953975,-0.14849392,-0.13266414,-0.14160839,-0.15095688,-0.17780018,-0.16303971,-0.22917573,-0.09015879,-0.11059131,-0.13479972,-0.12984708,-0.13997786,-0.17308623,-0.13908121,-0.16057305,-0.12777606,-0.07092635,-0.03704006,-0.13704994,-0.16170438,-0.17829266,-0.14332479,-0.12334781,-0.13568968,-0.12023825,-0.13832279,-0.25318068,4.04431,-0.08434327,-0.10945694,-0.14446338,-0.09238048,-0.18682191,-0.1893456,-0.15266848,-0.09101757,2.374825,-0.14934558,-0.15009747,-0.1586158,-0.16997913,-0.18308038,-0.088649675,-0.124123976,-0.14116012,-0.10256614,-0.17951453,-0.19495486,-0.19038317,-0.10074219,-0.13113372,-0.080690086,-0.1280176,-0.19006202,-0.19233638,-0.19078271,-0.123809606,-0.076309964,-0.09779351,-0.11881403,-0.13657822,-0.12406494,-0.121451,-0.09525623,-0.09729622,-0.10896444,-0.082459606,-0.11324163,-0.13234872,-0.166671,-0.1410757,-0.1363151,-0.18093297,-0.17825818,-0.1931912,-0.14460322,-0.15549555,-0.13559243,-0.119081676,-0.14001076,-0.19117098,-0.1901587,-0.18061563,-0.19755594,-0.25103784,-0.20219928,-0.1890262,-0.19006765,-0.18171176,-0.1731506,-0.27554205,-0.08916744,-0.11956477,-0.12791617,-0.15751183,-0.20931396,-0.18224281,-0.29657933,1.9112293,-0.15275556,1.7624727,-0.17325558,-0.17108874,-0.2185038,-0.17647925,-0.114121355,-0.1397677,-0.15388772,-0.15788373,-0.22984435,-0.18186735,-0.2542658,-0.10492991,-0.12455491,-0.13846049,-0.12436922,-0.15189947,-0.15480468,-0.15598333,-0.14014931,-0.15141064,-0.16274627,-0.15494813,-0.15329221,-0.15287301,-0.13399571,-0.12327041,-0.14609267,-0.18941067,-0.1763637,-0.21025829,-0.3990198,-0.2016018,-0.11381446,-0.1296617,-0.11884688,-0.1478038,-0.16636807,-0.18579334,-0.1906694,-0.13174033,-0.07757668,-0.15289915,-0.13967863,-0.14106366,-0.11857031,-0.19987361,-0.1649412,-0.1581908,-0.14151677,-0.12384141,-0.12722544,-0.14610182,-0.2588673,-0.10777876,-0.13074079,-0.09132757,-0.12832497,-0.12933171,-0.14953281,-0.15165444,-0.09697545,-0.08910369,-0.12456827,-0.110930815,-0.13784665,-0.15054044,-0.16991848,-0.1428566,-0.11667496,-0.17331168,-0.15159515,-0.14232025,-0.12557212,-0.14197055,-0.17466888,-0.13176009,-0.13233873,-0.14567952,-0.123235464,-0.08722703,-0.05825615,-0.14344792,-0.17082691,-0.026243303,-0.16605762,-0.2829064,-0.31316653,-0.19735575,-0.14556101,-0.14331596,-0.14862512,-0.12963767,-0.25088155,-0.1928236,-0.18774359,-0.0953616,-0.109776214,-0.10702289,-0.094663255,-0.12759323,-0.15272883,-0.15746465,-0.16658717,-0.12812386,-0.0969081,-0.16398169,-0.14364772,-0.11335766,-0.18846886,-0.1706479,-0.15363562,-0.12600681,-0.115196005,-0.113415584,-0.11662802,-0.17539845,-0.13850302,-0.13447046,-0.096878245,-0.12138875,-0.092480905,-0.12434345,-0.13594487,-0.063823454,-0.13877153,-0.11419349,-0.13387439,-0.24483351,-0.2571875,-0.29957527,-0.14604777,-0.15642671,-0.13230158,-0.19104545,-0.0782174,-0.17174211,-0.16396809,-0.09859173,-0.11065883,-0.11509399,-0.076612435,-0.083404,-0.1213824,-0.13072303,-0.13855581,-0.19385117,-0.09971936,-0.15535307,-0.19487974,-0.19006312,-0.18612923,-0.11165558,-0.14289398,-0.103532836,-0.15896094,-0.19303642,-0.17246726,-0.16841397,-0.142715,-0.14245267,-0.10231453,-0.1530135,-0.16111676,-0.18012983,-0.19402182,-0.12148164,-0.1472098,-0.11409767,-0.08091997,-0.14306697,-0.20725825,-0.16036654,-0.125103,-0.15657571,-0.15690626,-0.14344585,-0.19202894,-0.16213474,-0.18132634,-0.2963242,-0.19650793,-0.180356,-0.1709022,-0.19189064,-0.15718833,-0.14054683,-0.13043422,-0.12557748,-0.13830625,-0.1628188,-0.30584824,-0.16626155,-0.18043554,-0.19164012,-0.11441202,-0.15044713,-0.14045274,-0.17730331,-0.16641499,-0.16410524,-0.14331086,-0.18237996,-0.12838511,-0.15310407,-0.13761628,-0.24156228,-0.17852244,-0.10375833,-0.13522469,-0.14190221,-0.17385909,-0.11070186,-0.13459766,-0.15206948,-0.15956599,-0.18088168,-0.15397742,-0.14892846,-0.19184028,-0.17467247,-0.16380084,-0.14723541,-0.14623587,-0.11499533,-0.10471026,-0.13512008,-0.20148799,-0.17641057,-0.12513243,-0.16504818,-0.18041904,-0.18738703,-0.11705899,-0.17602047,-0.2567829,-0.09326697,-0.092992455,-0.11508481,-0.1360643,-0.14784023,-0.09909618,-0.18809983
k__Bacteria|p__Proteobacteria|c__Gammaproteobacteria|o__Enterobacterales|f__Enterobacteriaceae|g__Pluralibacter|s__Pluralibacter_gergoviae,-0.1004395,-0.12316422,-0.14200401,-0.20428483,-0.16697252,-0.19270764,-0.1666669,-0.14444318,-0.12525573,-0.18232372,-0.1831043,-0.22401685,-0.17000681,-0.20340422,-0.103168994,-0.0993219,-0.058144663,-0.09924152,-0.108118445,-0.17024593,-0.1978925,-0.12536043,-0.13588431,-0.15151246,-0.17096423,-0.11658599,-0.16698542,-0.1728029,-0.1509206,-0.12124001,-0.13480395,-0.10615654,-0.14808229,-0.19496113,-0.18823704,-0.2175087,-0.1611022,-0.22338755,-0.1968814,-0.29867563,-0.29210672,-0.19740152,-0.10701854,-0.09162698,-0.13691942,-0.15488529,-0.23188588,-0.19326013,-0.14615756,-0.2026537,-0.18362999,-0.18279888,-0.19652063,-0.19802725,-0.20231499,-0.15645647,-0.12548816,-0.14328396,-0.0920725,-0.0958063,-0.17045519,-0.14169353,-0.13743341,-0.14651118,-0.12719077,-0.1511248,-0.2613474,-0.22333384,-0.18837085,-0.20047067,-0.14492883,-0.1487359,-0.1305846,-0.14240564,-0.14958182,-0.16284266,-0.14573675,-0.16278498,-0.15920922,-0.14998752,-0.14688645,-0.1568605,-0.15270624,-0.22480208,-0.120334074,-0.14123273,-0.11840023,-0.15996924,-0.17313324,-0.15562597,-0.16734827,-0.11139822,-0.1388583,-0.13027036,-0.12828222,-0.15152657,-0.1423235,-0.11509279,-0.10065024,-0.09077993,-0.10537878,-0.12022719,-0.13474387,-0.15027548,-0.15956739,-0.1185138,-0.11129953,-0.1578567,-0.17738779,-0.13282105,-0.16424073,-0.25953975,-0.14836432,-0.13274658,-0.14147207,-0.15095688,-0.17780018,-0.16378573,-0.22917573,-0.09015879,-0.11027108,-0.13451684,-0.12939143,-0.13997786,-0.1734222,-0.13908121,-0.16057305,-0.12777606,-0.07092635,-0.03704006,-0.1370748,-0.16155754,-0.17792256,-0.14332479,-0.12334781,-0.13560775,-0.12023825,-0.13797012,-0.25318068,-0.26654312,-0.083736755,-0.10945694,-0.14370337,-0.09238048,-0.18719706,-0.1897212,-0.15294379,-0.09052426,-0.13230102,-0.14931747,-0.15001056,-0.15841518,-0.17001686,-0.18234298,-0.08835911,-0.12326376,-0.14067277,-0.10256614,-0.17951453,-0.19495486,-0.18994018,-0.100110374,-0.13113372,-0.07984451,-0.12804861,-0.19006202,-0.19257182,-0.19091772,-0.122774795,-0.07579408,-0.097077236,-0.11857505,-0.13626154,-0.12406494,-0.121451,-0.09458524,-0.096913666,-0.108478025,-0.082459606,-0.11272065,-0.13201591,-0.166072,-0.1410757,-0.1364123,-0.18093297,-0.17825818,-0.1936515,-0.14454542,-0.15549555,-0.13497399,-0.119081676,-0.14001076,-0.19117098,-0.1906968,-0.18095165,-0.19755594,-0.25103784,-0.20219928,-0.18979234,-0.19077745,-0.18205574,-0.17391178,-0.27554205,-0.08916744,-0.11956477,-0.12823984,-0.15751183,-0.20931396,-0.18224281,-0.29657933,-0.32474133,-0.1548279,-0.3242122,-0.17325558,-0.17108874,-0.2185038,-0.17647925,-0.114121355,-0.13998088,-0.15388772,-0.15788373,-0.22984435,-0.18186735,-0.2560661,-0.10447261,-0.12455491,-0.1382238,-0.123993695,-0.15189947,-0.1542282,-0.15513158,-0.14014931,-0.15141064,-0.16200897,-0.1549917,-0.15285301,-0.15292764,-0.13377953,-0.122964874,-0.14611737,-0.18904907,-0.17651215,-0.21025829,-0.3990198,-0.2023044,-0.11334795,-0.1296617,-0.1180594,-0.14766824,-0.16636807,-0.18534476,-0.19097838,-0.13166761,-0.07708174,-0.15232255,-0.13971388,-0.14106366,-0.11756661,-0.19987361,-0.1649412,-0.1586441,-0.14143181,-0.12359068,-0.12722544,-0.14610182,-0.2588673,-0.10746093,-0.13074079,-0.09132757,-0.12832497,-0.1287302,-0.14963636,-0.1508583,-0.09626686,-0.08910369,-0.12408759,-0.11079107,-0.1377071,-0.1505667,-0.16949233,-0.14253253,-0.11652769,-0.1731649,-0.15158229,-0.14187407,-0.12555002,-0.14107773,-0.17466888,-0.13176009,-0.13196337,-0.1452843,-0.12265328,-0.08722703,-0.05825615,-0.1430503,3.215743,-0.026243303,-0.16684547,6.830404,2.1320999,-0.19750845,-0.14521995,-0.14331596,-0.14862512,-0.12963767,-0.25088155,-0.19310845,-0.18750222,-0.0948742,-0.10902667,-0.10702289,-0.09330686,-0.12759323,-0.1527286,-0.15746465,-0.16628438,-0.12812386,-0.0969081,-0.16398169,-0.14283043,-0.11335766,-0.18846886,-0.1706479,-0.15360433,-0.12536854,-0.115196005,-0.11274719,-0.11662802,-0.17487219,-0.13797587,-0.13385996,-0.096878245,-0.12095051,-0.091787085,-0.12434345,-0.13531074,-0.063823454,-0.13877153,-0.11419349,-0.1337055,-0.24483351,-0.2571875,-0.29957527,-0.14578953,-0.15615448,-0.13199067,-0.19104545,-0.0782174,-0.17148878,-0.16358374,-0.09859173,-0.11065883,-0.114197254,-0.076612435,-0.083404,-0.1213824,-0.13072303,-0.13855581,-0.19385117,-0.09902525,-0.15540405,-0.19487974,-0.19062944,-0.18615349,-0.111237526,-0.14277191,-0.102738395,-0.15802795,-0.19347225,-0.17133352,-0.16894978,-0.14249063,-0.14202218,-0.10239683,-0.15290484,-0.1610963,-0.18058047,-0.19440225,-0.12099537,-0.14653319,-0.113779806,-0.08028217,-0.14294776,-0.20725825,-0.16028066,-0.125103,-0.15657571,-0.15690626,-0.14351702,-0.19202894,-0.1622904,-0.18086949,-0.2963242,-0.19899869,-0.18098107,-0.17178665,-0.1927245,-0.15745193,-0.14054683,-0.13018006,-0.12557748,-0.13817734,-0.16373649,-0.30584824,-0.1664782,-0.18020844,-0.19214772,-0.11441202,-0.1501737,-0.14055537,-0.17742604,-0.16627279,-0.16378331,-0.14331086,-0.18237996,-0.12853666,-0.15307888,-0.13766922,-0.24156228,-0.17942049,-0.103257224,-0.13530883,-0.14126918,-0.17348713,-0.11060849,-0.13449752,-0.1511538,-0.15907128,-0.18150213,-0.15318093,-0.14879437,-0.19184028,-0.17507786,-0.16287366,-0.14723541,-0.14623587,-0.11499533,-0.10471026,-0.1349746,-0.20148799,-0.17615065,-0.12513243,-0.16580677,-0.18041904,-0.18738703,-0.11705899,-0.17432134,-0.25859123,-0.092743486,-0.09234248,-0.11495745,-0.13561168,-0.14758137,-0.09894277,-0.18793619
k__Bacteria|p__Proteobacteria|c__Deltaproteobacteria|o__Desulfovibrionales|f__Desulfovibrionaceae|g__Desulfovibrio|s__Desulfovibrio_desulfuricans,-0.1004395,-0.12316422,-0.14175338,-0.20428483,-0.16617456,-0.19333103,-0.1666669,-0.14492182,-0.12501231,-0.18337253,-0.18288337,-0.22879761,-0.1703915,-0.20574075,-0.10345061,-0.09979687,-0.058144663,-0.099982865,-0.10793573,-0.17058738,-0.1978925,-0.12536043,-0.13623956,-0.15212032,-0.17142493,-0.11658599,-0.16694014,-0.1735493,-0.1509206,-0.12124001,-0.13490534,-0.10618797,-0.14826727,-0.19603902,-0.18927267,1.3258426,-0.15996903,-0.22338755,-0.19681504,2.593497,1.0809909,-0.19881739,-0.107519686,-0.09162698,-0.13691942,-0.15471207,-0.23188588,-0.19327414,-0.1466964,-0.2026537,-0.18217245,-0.18279888,-0.197119,-0.19931363,-0.20523271,-0.1582719,-0.12589492,-0.14389417,-0.09232654,-0.09604651,-0.17110203,-0.14217743,-0.13743341,-0.14683379,-0.12719077,-0.15115824,-0.2613474,-0.22333384,-0.18818027,-0.20047067,-0.14570706,-0.14913645,-0.1310375,-0.14297307,-0.15108162,-0.16371635,-0.14650814,-0.16278498,-0.15865144,-0.14998752,-0.14700505,-0.15690774,-0.1531351,-0.22480208,-0.120334074,-0.14148557,-0.11847912,-0.1608279,-0.17381921,-0.15532094,-0.1678355,-0.11139822,-0.1388583,-0.13027036,-0.12880471,-0.15152657,-0.14223653,-0.11550228,-0.10065024,-0.09095656,-0.10600224,-0.12085765,-0.1351738,-0.15027548,-0.160137,-0.1185138,-0.11129953,-0.1578567,-0.17738779,-0.13383836,-0.1637827,-0.25953975,-0.14845565,-0.13270122,-0.1418224,-0.15095688,-0.17780018,-0.16320814,-0.22917573,-0.09015879,-0.11002764,-0.1347051,-0.12993395,-0.13997786,-0.1733494,-0.13908121,-0.16057305,-0.12777606,-0.07092635,-0.03704006,-0.13713588,-0.16212246,-0.17839064,-0.14332479,-0.12334781,-0.13562438,-0.12023825,-0.1386137,-0.25318068,-0.26654312,-0.08393333,-0.10945694,-0.1447806,-0.09238048,-0.18745929,-0.18999574,-0.15306298,-0.09068011,-0.13230102,-0.14939722,-0.15021521,-0.15886855,-0.17035493,-0.18368295,-0.088264644,-0.1237791,-0.14100195,-0.10256614,-0.17951453,-0.19495486,-0.19111228,-0.10043292,-0.13113372,-0.08078372,-0.12850295,-0.19006202,-0.19320789,-0.19140199,-0.123304084,-0.075748,-0.097597346,-0.118891954,-0.13669215,-0.12406494,-0.121451,-0.09494075,-0.097170494,-0.108894035,-0.082459606,-0.113395095,-0.13258308,-0.16688061,-0.1410757,-0.13617934,-0.18093297,-0.17825818,-0.19417685,-0.14487666,-0.15549555,-0.13558108,-0.119081676,-0.14001076,-0.19117098,-0.1908628,-0.1808671,-0.19755594,-0.25103784,-0.20219928,-0.18946539,-0.19053887,-0.18243688,-0.17380992,-0.27554205,-0.08916744,-0.11956477,-0.12786937,-0.15751183,-0.20931396,-0.18224281,-0.29657933,-0.32474133,-0.15179501,-0.3242122,-0.17325558,-0.17108874,-0.2185038,-0.17647925,-0.114121355,-0.13969992,-0.15388772,-0.15788373,-0.22984435,-0.18186735,-0.259138,-0.104709074,-0.12455491,-0.13848984,-0.124411345,-0.15189947,-0.15503769,-0.1560891,-0.14014931,-0.15141064,-0.16293475,-0.1548462,-0.15333337,-0.15292507,-0.13421294,-0.12313957,-0.14621434,-0.19017771,-0.17677736,-0.21025829,-0.3990198,-0.20478606,-0.11368492,-0.1296617,-0.11900632,-0.14802977,-0.16636807,-0.18625276,-0.19131002,-0.13136084,-0.0774955,-0.1532296,-0.13983154,-0.14106366,-0.11776577,-0.19987361,-0.1649412,-0.15796192,-0.14156601,-0.12380433,-0.12722544,-0.14610182,-0.2588673,-0.107528806,-0.13074079,-0.09132757,-0.12832497,-0.12939233,-0.1495142,-0.1516453,-0.09664216,-0.08910369,-0.124599375,-0.11087896,-0.13792878,-0.1506952,-0.17030653,-0.14278379,-0.11642617,-0.17350692,-0.15170872,-0.14239122,-0.12559065,-0.14198841,-0.17466888,-0.13176009,-0.13241518,-0.14568591,-0.123143405,-0.08722703,-0.05825615,-0.14331537,-0.17082691,-0.026243303,-0.16576613,-0.2829064,-0.31316653,-0.1991076,-0.14559144,-0.14331596,-0.14862512,-0.12963767,-0.25088155,-0.19365305,-0.18828902,-0.09503941,-0.10957709,-0.10702289,-0.09484378,-0.12759323,-0.1527777,-0.15746465,-0.16677344,-0.12812386,-0.0969081,-0.16398169,-0.14368632,-0.11335766,-0.18846886,-0.1706479,-0.15360886,-0.12577677,-0.115196005,-0.11340568,-0.11662802,-0.175805,-0.13850561,-0.13462517,-0.096878245,-0.12148607,-0.092306726,-0.12434345,-0.13555624,-0.063823454,-0.13877153,-0.11419349,-0.13388222,-0.24483351,-0.2571875,-0.29957527,-0.14615515,-0.15666637,-0.13252588,-0.19104545,-0.0782174,-0.17232251,-0.164039,-0.09859173,-0.11065883,-0.114459865,-0.076612435,-0.083404,-0.1213824,-0.13072303,-0.13855581,-0.19385117,-0.09953179,-0.15534624,-0.19487974,-0.1906738,-0.18677577,-0.11147535,-0.14278391,-0.10343498,-0.15917182,-0.19406211,-0.17298493,-0.16887605,-0.1427328,-0.14254683,-0.10206549,-0.15323657,-0.16122204,-0.18059663,-0.19503865,-0.12147396,-0.14721729,-0.11373384,-0.080638506,-0.14318562,-0.20725825,-0.16031003,-0.125103,-0.15657571,-0.15690626,-0.14337534,-0.19202894,-0.16221803,-0.18168864,-0.2963242,-0.19796813,-0.18115494,-0.17154382,-0.19298968,-0.1574382,-0.14054683,-0.13045502,-0.12557748,-0.13823521,-0.1631726,-0.30584824,-0.16607732,-0.18104224,-0.19226941,-0.11441202,-0.15062192,-0.14055203,-0.17759296,-0.16658857,-0.16436276,-0.14331086,-0.18237996,-0.12822697,-0.15314782,-0.13776138,-0.24156228,-0.17882475,-0.103565596,-0.13499531,-0.14210397,-0.17419678,-0.11052171,-0.13460025,-0.15223715,-0.15968439,-0.18126747,-0.15431121,-0.14919361,-0.19184028,-0.17489877,-0.16380218,-0.14723541,-0.14623587,-0.11499533,-0.10471026,-0.13539633,-0.20148799,-0.17661005,-0.12513243,-0.16487679,-0.18041904,-0.18738703,-0.11705899,-0.17644484,-0.26024848,-0.09293607,-0.092690796,-0.114975534,-0.1362905,-0.14811371,-0.099043965,-0.18874472
k__Bacteria|p__Proteobacteria|c__Gammaproteobacteria|o__Pasteurellales|f__Pasteurellaceae|g__Haemophilus|s__Haemophilus_haemolyticus,-0.1004395,-0.12316422,-0.14190917,-0.20428483,-0.16781628,-0.19445717,-0.1666669,-0.1455946,-0.12506184,-0.18455695,-0.18316574,-0.2269108,-0.16994391,-0.20684506,-0.10339795,-0.09980652,-0.058144663,-0.09988591,-0.107864335,-0.17151532,-0.1978925,-0.12536043,-0.13664663,-0.15287164,-0.17230009,-0.11658599,-0.16814615,-0.17489716,-0.1509206,-0.12124001,-0.13552101,-0.105880775,-0.1487335,-0.19675574,-0.19019482,-0.2175087,-0.16156982,-0.22338755,-0.19838011,-0.29867563,-0.29210672,-0.1991854,-0.10769811,-0.09162698,-0.13691942,-0.15563524,1.0272106,-0.19481,-0.14717631,-0.2026537,-0.18466538,-0.18279888,-0.1979313,-0.19863889,-0.20368774,-0.15859202,-0.12610857,-0.14438044,-0.09224044,-0.09573175,-0.1720676,-0.1427492,-0.13743341,-0.14746505,-0.12719077,-0.15183434,-0.2613474,-0.22333384,-0.18980023,-0.20047067,-0.14630891,-0.1498059,-0.13109702,-0.14307438,-0.1513311,-0.16478851,-0.14739332,-0.16278498,-0.16005987,-0.14998752,-0.1476476,-0.15757936,-0.1537044,-0.22480208,-0.120334074,-0.14192519,-0.11851892,-0.16172165,-0.17484094,-0.1559977,-0.16888978,-0.11139822,-0.1388583,-0.13027036,-0.12893489,2.7195253,-0.14286579,-0.11577866,-0.10065024,-0.090446554,-0.10573238,-0.12094426,-0.13549478,-0.15027548,-0.16115004,-0.1185138,-0.11129953,-0.1578567,-0.17738779,-0.13398634,-0.16414265,-0.25953975,-0.149233,-0.13287349,-0.1418913,-0.15095688,-0.17780018,-0.16424371,-0.22917573,-0.09015879,-0.110139124,-0.13502276,-0.12993798,-0.13997786,-0.17438251,-0.13908121,-0.16057305,-0.12777606,-0.07092635,-0.03704006,-0.13751043,-0.16275391,-0.1797044,-0.14332479,-0.12334781,-0.13616446,-0.12023825,-0.13859043,-0.25318068,-0.26654312,-0.08364019,-0.10945694,-0.14503708,-0.09238048,-0.1886148,-0.191122,-0.15355067,-0.09047493,-0.13230102,-0.14998797,-0.15079927,-0.15961929,-0.17127933,-0.18481714,-0.08800246,-0.124191284,-0.1418338,-0.10256614,2.5374603,0.712828,-0.19227336,-0.10020098,-0.13113372,-0.07933755,-0.12801653,-0.19006202,-0.19443473,-0.19262798,-0.12388257,-0.07553843,-0.097385526,-0.1186932,-0.136895,-0.12406494,-0.121451,-0.094702154,-0.09677972,-0.10878259,-0.082459606,-0.113045216,-0.13266315,-0.1680107,-0.1410757,-0.13669102,-0.18093297,-0.17825818,-0.19515419,-0.1451579,-0.15549555,-0.1358932,-0.119081676,-0.14001076,-0.19117098,-0.19234324,-0.18218029,-0.19755594,-0.25103784,-0.20219928,-0.19093013,-0.19189335,-0.183287,-0.17450184,-0.27554205,-0.08916744,-0.11956477,-0.12801743,-0.15751183,-0.20931396,-0.18224281,-0.29657933,-0.32474133,-0.152279,-0.3242122,-0.17325558,-0.17108874,-0.2185038,-0.17647925,-0.114121355,-0.14025909,-0.15388772,-0.15788373,-0.22984435,-0.18186735,-0.2580705,-0.10455546,-0.12455491,-0.13886806,-0.124465965,-0.15189947,-0.15569852,-0.15702194,-0.14014931,-0.15141064,-0.16379169,-0.155798,-0.15406503,-0.15350471,-0.13442051,-0.12323956,-0.14661467,-0.19105382,-0.17753877,-0.21025829,-0.3990198,-0.20314662,-0.11371808,-0.1296617,-0.11877976,-0.14822479,-0.16636807,-0.18760303,-0.19264193,-0.13192408,-0.07670669,-0.15364023,-0.14024948,-0.14106366,-0.118118085,-0.19987361,-0.1649412,-0.1591622,-0.1418242,-0.12378582,-0.12722544,-0.14610182,-0.2588673,-0.10745357,-0.13074079,-0.09132757,-0.12832497,-0.1295029,-0.15017188,-0.15260586,-0.09652359,-0.08910369,-0.124605566,-0.1107181,-0.13827609,-0.15122649,-0.17122689,-0.14335483,-0.116485365,-0.17464593,-0.15227798,-0.14281225,-0.12561072,-0.1425788,-0.17466888,-0.13176009,-0.13258672,-0.14615858,-0.12338054,-0.08722703,-0.05825615,-0.14384401,-0.17082691,-0.026243303,-0.16760734,-0.2829064,-0.31316653,-0.19886339,-0.1461853,-0.14331596,-0.14862512,-0.12963767,-0.25088155,-0.19504389,-0.18955077,-0.094585605,-0.109636515,-0.10702289,-0.09379262,-0.12759323,-0.15330811,-0.15746465,-0.16785978,-0.12812386,-0.0969081,-0.16398169,-0.14427996,-0.11335766,-0.18846886,-0.1706479,-0.15447015,-0.12613845,-0.115196005,-0.11306341,-0.11662802,-0.1770333,-0.13895307,-0.1349334,-0.096878245,-0.121394396,-0.09186062,-0.12434345,-0.13630399,-0.063823454,-0.13877153,-0.11419349,-0.13410178,-0.24483351,-0.2571875,-0.29957527,-0.14669913,-0.15731558,-0.13244373,-0.19104545,-0.0782174,-0.1731062,-0.16494104,-0.09859173,-0.11065883,-0.11485334,-0.076612435,-0.083404,-0.1213824,-0.13072303,-0.13855581,-0.19385117,-0.099297345,-0.15611938,-0.19487974,-0.19198883,-0.18782035,-0.11151014,-0.14355692,-0.10319709,-0.16002081,-0.19494843,-0.17348501,-0.16979885,-0.14328852,-0.14307763,-0.10170405,-0.15365154,-0.16219962,-0.18164825,-0.19617209,-0.121522985,-0.14790955,-0.11399442,-0.079925366,-0.14318073,1.8309008,-0.16170315,-0.125103,-0.15657571,-0.15690626,-0.1440716,-0.19202894,-0.16318339,-0.18290725,-0.2963242,-0.1989828,-0.18149662,-0.17234707,-0.193849,-0.1578593,-0.14054683,-0.1307013,-0.12557748,-0.13864008,-0.16400984,-0.30584824,-0.1671416,-0.18195634,-0.19377244,-0.11441202,-0.1509327,-0.1411025,-0.17875157,-0.16754827,-0.16537404,-0.14331086,-0.18237996,-0.12854932,-0.15356019,-0.13728888,-0.24156228,-0.18056628,-0.10347709,-0.13554682,-0.14243762,-0.17528641,-0.110521354,-0.1348013,-0.15302736,-0.16081496,-0.1826975,-0.15474887,-0.1496511,-0.19184028,-0.17611203,-0.16497743,-0.14723541,-0.14623587,-0.11499533,-0.10471026,-0.13522379,-0.20148799,-0.17806858,-0.12513243,-0.16658294,-0.18041904,-0.18738703,-0.11705899,-0.17735523,-0.2613861,-0.092748106,-0.092396155,-0.1149598,-0.1363973,-0.14846542,-0.098454885,-0.190115
k__Bacteria|p__Proteobacteria|c__Gammaproteobacteria|o__Enterobacterales|f__Enterobacteriaceae|g__Citrobacter|s__Citrobacter_telavivensis,-0.1004395,-0.12316422,-0.14081709,-0.20428483,-0.16675964,-0.19307485,-0.1666669,-0.14541629,-0.1250647,-0.18449467,-0.1825878,-0.21424933,-0.16941299,-0.20008492,-0.102668226,-0.098143294,-0.058144663,-0.09974019,-0.10743741,-0.17105883,-0.1978925,-0.12536043,-0.13670743,-0.15302381,-0.1713799,-0.11658599,-0.16801916,-0.17455348,-0.1509206,-0.12124001,-0.13548726,-0.10488446,-0.1484569,-0.19470152,-0.18914865,-0.2175087,-0.1606103,0.8234001,-0.1961613,1.3760189,-0.29210672,-0.19686736,-0.106959775,-0.09162698,-0.13691942,-0.15492687,-0.23188588,-0.1933301,-0.14655152,-0.2026537,-0.18406695,-0.18279888,-0.19596672,-0.19604054,-0.19951747,-0.1588767,-0.1256738,-0.14381272,-0.092461236,-0.095409825,-0.17172793,-0.14290553,-0.13743341,-0.14703616,-0.12719077,-0.15158466,-0.2613474,-0.22333384,-0.18873048,-0.20047067,-0.1459842,-0.14950892,-0.13039494,-0.14258136,-0.15136997,-0.16469878,-0.14749277,-0.16278498,-0.15912911,-0.14998752,-0.14776325,-0.15683724,-0.15352269,-0.22480208,-0.120334074,-0.14168617,-0.1181753,-0.16158557,-0.17445499,-0.15532053,-0.1687109,-0.11139822,-0.1388583,-0.13027036,-0.12907836,-0.15152657,-0.14330548,-0.11584224,-0.10065024,-0.09014564,-0.10537046,-0.120401345,-0.13506019,-0.15027548,-0.16093904,-0.1185138,-0.11129953,-0.1578567,-0.17738779,-0.13345736,-0.16353253,-0.25953975,-0.14881995,-0.13234875,-0.14120732,-0.15095688,-0.17780018,-0.16292801,-0.22917573,-0.09015879,-0.11040953,-0.13477285,-0.12952289,-0.13997786,-0.17357412,-0.13908121,-0.16057305,-0.12777606,-0.07092635,-0.03704006,-0.13696325,-0.16247581,-0.17931375,-0.14332479,-0.12334781,-0.13601159,-0.12023825,-0.13848545,-0.25318068,-0.26654312,-0.083314165,-0.10945694,-0.14491376,-0.09238048,-0.18789867,-0.18977343,-0.1525957,-0.09001351,-0.13230102,-0.14972152,-0.15024559,-0.15898299,-0.17057076,-0.18446097,-0.08728753,-0.12363678,-0.14104772,-0.10256614,-0.17951453,-0.19495486,-0.19107346,-0.10003461,-0.13113372,-0.07840578,-0.12785873,-0.19006202,-0.1929465,-0.19138217,-0.12391168,-0.074977815,-0.0967672,-0.11809694,-0.13662112,-0.12406494,-0.121451,-0.09402336,-0.09612274,-0.1082743,-0.082459606,-0.11262123,-0.1325252,-0.16761965,-0.1410757,-0.13636568,-0.18093297,-0.17825818,-0.19322908,-0.14444983,-0.15549555,-0.13552928,-0.119081676,-0.14001076,-0.19117098,-0.19008434,-0.18097621,-0.19755594,-0.25103784,-0.20219928,-0.19015577,-0.19070107,-0.18235086,-0.17324024,-0.27554205,-0.08916744,-0.11956477,-0.1280033,-0.15751183,-0.20931396,-0.18224281,-0.29657933,-0.32474133,-0.15151997,-0.3242122,-0.17325558,-0.17108874,-0.2185038,-0.17647925,-0.114121355,-0.1397626,-0.15388772,2.3143072,-0.22984435,3.527974,-0.24913487,-0.104098246,-0.12455491,-0.13879327,-0.1243882,-0.15189947,-0.1554586,-0.15685552,-0.14014931,-0.15141064,-0.16376859,-0.15539134,-0.15377462,-0.15290385,-0.13363636,-0.123334974,-0.14671175,-0.19085169,-0.17657301,-0.21025829,-0.3990198,-0.19891727,-0.1133486,-0.1296617,-0.11821961,-0.14835069,-0.16636807,-0.18724829,-0.19159529,-0.13167751,-0.07635245,-0.15352452,-0.13992406,-0.14106366,-0.118780896,-0.19987361,-0.1649412,-0.15859793,-0.14100666,-0.12351535,-0.12722544,-0.14610182,-0.2588673,-0.10699247,-0.13074079,-0.09132757,-0.12832497,-0.1296426,-0.15008603,-0.15244976,-0.096109584,-0.08910369,-0.124343716,-0.11034459,-0.13782643,-0.1509677,-0.17054695,-0.14311004,-0.116692565,-0.17412525,-0.15199226,-0.14259604,-0.12486879,-0.14286298,-0.17466888,-0.13176009,-0.13235505,-0.14590901,-0.122767255,-0.08722703,-0.05825615,-0.14364392,-0.17082691,-0.026243303,-0.1657738,-0.2829064,-0.31316653,-0.19608864,-0.14584607,-0.14331596,-0.14862512,-0.12963767,-0.25088155,-0.1929009,-0.188701,-0.094602704,-0.10931568,-0.10702289,-0.09372604,-0.12759323,-0.15319243,-0.15746465,-0.16708219,-0.12812386,-0.0969081,-0.16398169,-0.14435922,-0.11335766,-0.18846886,-0.1706479,-0.15388428,-0.12578207,-0.115196005,-0.11282812,-0.11662802,-0.1765533,-0.13857545,-0.13435596,-0.096878245,-0.12063215,-0.09176203,-0.12434345,-0.13666327,-0.063823454,-0.13877153,-0.11419349,-0.13381264,-0.24483351,-0.2571875,-0.29957527,-0.14610037,-0.15682238,-0.13206087,-0.19104545,-0.0782174,-0.17191514,-0.16466478,-0.09859173,-0.11065883,-0.1154308,-0.076612435,-0.083404,-0.1213824,-0.13072303,-0.13855581,-0.19385117,-0.09849335,-0.15580782,-0.19487974,-0.19089381,-0.18671429,-0.11126605,-0.14300597,-0.10313915,-0.16004214,-0.19351569,-0.17310652,-0.16914192,-0.14281201,-0.14235449,-0.10107361,-0.15337893,-0.16166484,-0.18073776,-0.19433306,-0.12132063,-0.14765233,-0.11399159,-0.080080286,-0.14272287,-0.20725825,-0.16089651,-0.125103,-0.15657571,-0.15690626,-0.14341971,-0.19202894,-0.1627379,-0.18263474,-0.2963242,-0.19419232,-0.18056364,-0.17127264,-0.19189787,-0.15704593,-0.14054683,-0.13024807,-0.12557748,-0.13823202,-0.16279288,-0.30584824,-0.16650784,-0.18140349,-0.19252007,-0.11441202,-0.15102826,-0.14053002,-0.17803127,-0.16692352,-0.16490254,-0.14331086,-0.18237996,-0.12796098,-0.15338697,-0.13670127,-0.24156228,-0.17903602,-0.10301878,-0.13518006,-0.1421346,-0.17474589,-0.110201105,-0.13455126,-0.15315662,-0.16002357,-0.18142557,-0.1544475,-0.14916618,-0.19184028,-0.17522562,-0.1649009,1.4561902,-0.14623587,-0.11499533,-0.10471026,-0.1350943,-0.20148799,-0.17744246,-0.12513243,-0.16562343,-0.18041904,-0.18738703,-0.11705899,-0.17754838,-0.2562055,-0.0921306,-0.09211432,-0.11449781,-0.13599625,-0.1478607,-0.098120585,-0.1893681
k__Bacteria|p__Proteobacteria|c__Gammaproteobacteria|o__Enterobacterales|f__Enterobacteriaceae|g__Cronobacter|s__Cronobacter_sakazakii,-0.1004395,-0.12316422,-0.14107147,-0.20428483,-0.16626155,-0.19258052,-0.1666669,-0.14496168,-0.124932155,-0.18309426,-0.18217455,-0.22029914,-0.16964859,-0.20151484,-0.10340126,-0.099149525,-0.058144663,-0.10017352,-0.107872605,-0.1704189,-0.1978925,-0.12536043,-0.13649008,-0.15243372,-0.17097792,-0.11658599,-0.1669729,-0.1736817,-0.1509206,-0.12124001,-0.13516742,-0.10571553,-0.1481197,-0.19466493,-0.18862176,-0.2175087,-0.16022539,-0.22338755,-0.19583535,-0.29867563,-0.29210672,-0.19708896,-0.10750346,-0.09162698,-0.13691942,-0.15451387,-0.23188588,-0.19278234,-0.14665967,-0.2026537,-0.18278597,-0.18279888,-0.19569102,-0.19693586,-0.20172311,-0.15850681,-0.12586544,-0.14378577,-0.0928337,-0.09605558,-0.1710158,-0.14249238,-0.13743341,-0.14681864,-0.12719077,-0.15092483,1.5976161,-0.22333384,-0.18793276,-0.20047067,-0.14576712,-0.14919066,-0.13070601,-0.14264184,-0.1511504,-0.16403204,-0.14693242,-0.16278498,-0.15860449,-0.14998752,-0.1472579,-0.1565762,-0.15313426,-0.22480208,-0.120334074,-0.14145091,-0.11843067,-0.1609483,-0.17384213,-0.1550516,-0.16785005,-0.11139822,-0.1388583,-0.13027036,-0.12902,-0.15152657,-0.14269799,-0.11590849,-0.10065024,-0.09085475,-0.10589392,-0.1207378,-0.13510007,-0.15027548,-0.16029885,-0.1185138,-0.11129953,-0.1578567,-0.17738779,-0.13354641,-0.16327585,-0.25953975,-0.14846882,-0.13241284,-0.1413214,-0.15095688,-0.17780018,-0.16286281,-0.22917573,-0.09015879,-0.11041797,-0.1346478,-0.12974826,-0.13997786,-0.17298271,-0.13908121,-0.16057305,-0.12777606,-0.07092635,-0.03704006,-0.13700368,-0.16199633,-0.17846446,-0.14332479,-0.12334781,-0.13565452,-0.12023825,-0.13842188,-0.25318068,-0.26654312,-0.08402901,-0.10945694,-0.14472172,-0.09238048,-0.18699336,-0.18929327,-0.15258402,-0.09073378,-0.13230102,-0.14934574,-0.14999981,-0.15860216,-0.17010647,-0.18365946,-0.08815309,-0.123819165,-0.14078899,-0.10256614,-0.17951453,-0.19495486,-0.19061273,-0.10060026,-0.13113372,-0.0799782,-0.12817197,-0.19006202,-0.19249557,-0.19084543,-0.12379549,-0.07587166,-0.09746687,-0.11855319,-0.13653234,-0.12406494,-0.121451,-0.0948502,-0.096957676,-0.10871072,-0.082459606,-0.11312455,-0.13254331,-0.16696158,-0.1410757,-0.13617878,-0.18093297,-0.17825818,-0.19303972,-0.14460373,-0.15549555,-0.13556054,-0.119081676,-0.14001076,-0.19117098,-0.18980649,-0.18028145,-0.19755594,-0.25103784,6.318427,-0.18934536,-0.19000131,-0.18181145,-0.17301282,-0.27554205,-0.08916744,-0.11956477,-0.1278682,-0.15751183,-0.20931396,-0.18224281,-0.29657933,3.9745483,-0.15071216,2.8099194,-0.17325558,-0.17108874,-0.2185038,-0.17647925,-0.114121355,-0.13957325,-0.15388772,-0.15788373,-0.22984435,-0.18186735,-0.25240344,-0.10467008,-0.12455491,-0.13849069,-0.124480635,-0.15189947,-0.15511258,-0.15646578,-0.14014931,-0.15141064,-0.16314265,-0.15495366,-0.15335622,-0.152726,-0.13385282,-0.123333745,-0.14628494,-0.1897406,-0.17645565,-0.21025829,-0.3990198,-0.20036162,-0.11368969,-0.1296617,-0.11872584,-0.14802098,-0.16636807,-0.18618226,-0.19084488,-0.13149983,-0.07732139,-0.15319964,-0.13972083,-0.14106366,-0.11854488,-0.19987361,-0.1649412,-0.15801167,-0.14110707,-0.12371314,-0.12722544,-0.14610182,-0.2588673,-0.10749899,-0.13074079,-0.09132757,-0.12832497,-0.12955621,-0.14969784,-0.15194938,-0.09671537,-0.08910369,-0.12446878,-0.11078242,-0.1377526,-0.15063863,-0.17007579,-0.14291218,-0.11671312,-0.1732738,-0.15168674,-0.1424174,-0.12527916,-0.14240414,-0.17466888,-0.13176009,-0.132355,-0.14568402,-0.12310984,-0.08722703,-0.05825615,-0.14338875,-0.17082691,-0.026243303,-0.16532992,-0.2829064,-0.31316653,-0.19643581,-0.14562482,-0.14331596,-0.14862512,-0.12963767,-0.25088155,-0.19282803,-0.18805435,-0.09523392,-0.1096092,-0.10702289,-0.09456304,-0.12759323,-0.15270793,-0.15746465,-0.16660814,-0.12812386,-0.0969081,-0.16398169,-0.14395902,-0.11335766,-0.18846886,-0.1706479,-0.15362135,-0.12586096,-0.115196005,-0.113279164,-0.11662802,-0.17567894,-0.1385504,-0.13451383,-0.096878245,-0.12108867,-0.09240152,-0.12434345,-0.1361304,-0.063823454,-0.13877153,-0.11419349,-0.13377292,2.5788062,2.6218634,-0.29957527,-0.14601874,-0.15641826,-0.13230225,-0.19104545,-0.0782174,-0.17169155,-0.16404173,-0.09859173,-0.11065883,-0.11523536,-0.076612435,-0.083404,-0.1213824,-0.13072303,-0.13855581,-0.19385117,-0.09939957,-0.15535975,-0.19487974,-0.1901387,-0.18616533,-0.11165023,-0.14269054,-0.10365627,-0.15938261,-0.19306156,-0.1726577,-0.16850808,-0.14270088,-0.14236474,-0.10176168,-0.15299553,-0.16108713,-0.18004635,-0.19387287,-0.121572234,-0.14733192,-0.11398165,-0.080650315,-0.14283045,-0.20725825,-0.16047898,-0.125103,-0.15657571,-0.15690626,-0.14317963,1.3426834,-0.1622423,-0.18174334,-0.2963242,-0.19515206,-0.1801424,-0.1708419,-0.19169165,-0.157003,-0.14054683,-0.13039199,-0.12557748,-0.13819587,-0.1624834,-0.30584824,-0.16591397,-0.18082616,-0.19174212,-0.11441202,-0.15062672,-0.14040868,-0.17728081,-0.16647458,-0.16433573,-0.14331086,-0.18237996,-0.12816913,-0.1528055,-0.13715601,-0.24156228,-0.17844778,-0.10358792,-0.13497314,-0.14205046,-0.17417566,-0.11055136,-0.13454275,-0.15249074,-0.15960395,-0.1807335,-0.15417656,-0.14908026,-0.19184028,-0.17473397,-0.16420142,-0.14723541,-0.14623587,-0.11499533,-0.10471026,-0.13509929,-0.20148799,-0.17677946,-0.12513243,-0.16435269,-0.18041904,-0.18738703,-0.11705899,-0.17664991,-0.2568113,-0.09290276,-0.092750065,-0.11484116,-0.13608031,-0.14779222,-0.09889445,-0.18833706
k__Bacteria|p__Proteobacteria|c__Gammaproteobacteria|o__Enterobacterales|f__Hafniaceae|g__Hafnia|s__Hafnia_paralvei,-0.1004395,-0.12316422,-0.14102674,-0.20428483,-0.16671705,-0.19275716,-0.1666669,-0.14508964,-0.12507221,-0.18338934,-0.18234165,-0.21737355,-0.16848528,-0.20217927,-0.103233576,-0.09909795,-0.058144663,-0.09995586,-0.10792157,-0.1704234,-0.1978925,-0.12536043,-0.13642445,-0.15240917,-0.17102784,-0.11658599,-0.16740397,-0.17365417,-0.1509206,-0.12124001,-0.13522875,-0.1056873,-0.14814594,-0.19446751,-0.18838081,-0.2175087,-0.1605837,-0.22338755,-0.19588168,-0.29867563,-0.29210672,-0.19670457,-0.1074864,-0.09162698,-0.13691942,-0.15457895,-0.23188588,-0.19296911,-0.14648473,-0.2026537,-0.18377937,-0.18279888,-0.19588411,-0.19600269,-0.1993935,-0.15760714,-0.12572747,-0.1436667,-0.09278196,-0.09591521,-0.17117463,-0.14242426,-0.13743341,-0.14680143,-0.12719077,-0.15131974,0.68132234,-0.22333384,-0.18839899,-0.20047067,-0.14570332,-0.14920217,-0.1305748,-0.14242467,-0.15068503,-0.16392148,-0.14678079,-0.16278498,-0.15929332,-0.14998752,-0.14725627,-0.15673697,-0.15306614,-0.22480208,-0.120334074,-0.14142549,-0.11828826,-0.16100375,-0.17371583,-0.15517116,-0.1677807,-0.11139822,-0.1388583,-0.13027036,-0.12882015,-0.15152657,-0.14274046,-0.11568366,-0.10065024,-0.09065627,-0.10564773,-0.12059364,-0.13499698,-0.15027548,-0.16027188,-0.1185138,-0.11129953,-0.1578567,-0.17738779,-0.13360527,-0.16306588,-0.25953975,-0.14856102,-0.13247545,-0.14117602,-0.15095688,-0.17780018,-0.1631103,-0.22917573,-0.09015879,-0.11037709,-0.13463849,-0.12950751,-0.13997786,-0.17316547,-0.13908121,-0.16057305,-0.12777606,-0.07092635,-0.03704006,-0.13695107,-0.16190562,-0.1784232,-0.14332479,1.4378614,-0.13596836,-0.12023825,-0.13810806,-0.25318068,-0.26654312,-0.084086105,-0.10945694,-0.14446814,-0.09238048,-0.18722205,-0.18926996,-0.15242115,-0.09072041,-0.13230102,-0.14933172,-0.15001209,-0.15864494,-0.1701154,-0.1835052,-0.08820821,-0.12371606,-0.14109117,-0.10256614,-0.17951453,-0.19495486,-0.19039959,-0.100365125,-0.13113372,-0.079364456,-0.12752491,-0.19006202,-0.19254366,-0.19083965,-0.12363574,-0.076115794,-0.09750117,-0.11831696,-0.1363776,-0.12406494,-0.121451,-0.09472115,-0.096742146,-0.10864854,-0.082459606,-0.112910636,-0.13231546,-0.16688691,-0.1410757,-0.13622534,-0.18093297,-0.17825818,-0.19310816,-0.14435053,-0.15549555,-0.13528425,2.7578793,2.9917395,-0.19117098,-0.19021986,-0.18077837,-0.19755594,-0.25103784,-0.20219928,-0.1897394,-0.19029182,-0.18180028,-0.17313555,-0.27554205,-0.08916744,-0.11956477,-0.12789541,-0.15751183,-0.20931396,-0.18224281,-0.29657933,-0.32474133,-0.15118779,-0.3242122,-0.17325558,-0.17108874,-0.2185038,-0.17647925,-0.114121355,-0.13980131,-0.15388772,2.8049889,-0.22984435,1.7057723,-0.25087178,-0.10456686,-0.12455491,-0.13850328,-0.124245584,-0.15189947,-0.154973,-0.15616456,-0.14014931,-0.15141064,-0.16301045,-0.15507871,-0.15340877,-0.15261906,-0.13366733,-0.123193055,-0.14629467,-0.18981627,-0.17604902,-0.21025829,0.5257076,-0.1994585,-0.11358653,-0.1296617,-0.118467346,-0.1476653,-0.16636807,-0.18636939,-0.19094178,-0.13152197,-0.07742503,-0.1529242,-0.13974735,-0.14106366,-0.11796389,-0.19987361,-0.1649412,-0.15844595,-0.14107397,-0.12352074,-0.12722544,-0.14610182,-0.2588673,-0.10732533,-0.13074079,-0.09132757,-0.12832497,-0.12928864,-0.14964494,-0.15185727,-0.09662546,-0.08910369,-0.1243168,-0.11064815,-0.1377074,-0.15059833,-0.16990508,-0.14283499,-0.11669877,-0.17353338,-0.15160748,-0.14225541,-0.12521729,-0.14197302,-0.17466888,-0.13176009,-0.13232133,-0.14557406,-0.1228663,-0.08722703,-0.05825615,-0.14322951,-0.17082691,-0.026243303,-0.16582887,-0.2829064,0.8314445,-0.19619954,-0.14554432,-0.14331596,-0.14862512,-0.12963767,-0.25088155,-0.1928941,-0.1880272,-0.09493585,-0.10963918,-0.10702289,-0.09398033,-0.12759323,-0.1525877,-0.15746465,-0.16663516,-0.12812386,-0.0969081,-0.16398169,-0.14371663,-0.11335766,-0.18846886,-0.1706479,-0.15368074,-0.12593454,-0.115196005,-0.11290783,-0.11662802,-0.17584898,-0.13835649,-0.13437867,-0.096878245,-0.12095503,-0.092136316,-0.12434345,-0.13608298,-0.063823454,-0.13877153,-0.11419349,-0.13361332,-0.24483351,-0.2571875,-0.29957527,-0.14597198,-0.15655577,-0.13202937,-0.19104545,-0.0782174,-0.17192486,-0.16389316,-0.09859173,-0.11065883,-0.11506887,-0.076612435,-0.083404,-0.1213824,-0.13072303,-0.13855581,-0.19385117,-0.099385284,-0.15536454,-0.19487974,-0.19038662,-0.18612209,-0.11144343,-0.1430323,-0.103495374,-0.15930581,-0.19309896,-0.17217067,-0.16846824,-0.14263742,-0.14232713,-0.10172962,-0.15288514,-0.1612236,-0.18027961,-0.1938271,-0.12135989,-0.1472623,-0.114116386,-0.08075918,-0.14225097,-0.20725825,-0.16070038,-0.125103,-0.15657571,-0.15690626,-0.14347613,-0.19202894,-0.16229188,-0.18174396,-0.2963242,-0.19601145,-0.18004471,-0.1709804,-0.19186406,-0.15672725,-0.14054683,-0.13027647,-0.12557748,-0.13813227,-0.16263129,-0.30584824,-0.16645983,-0.18074203,-0.1920084,-0.11441202,-0.15032274,-0.14045376,-0.1774723,-0.16648468,-0.16434884,-0.14331086,-0.18237996,-0.1282503,-0.15309802,-0.13646358,-0.24156228,-0.1791537,-0.10345787,-0.13520639,-0.14187254,-0.17407897,-0.11055706,-0.13447297,-0.15222064,-0.15969238,-0.18136367,-0.15400323,-0.14889105,-0.19184028,-0.17492111,-0.1641348,-0.14723541,-0.14623587,-0.11499533,-0.10471026,-0.13474877,-0.20148799,-0.17679586,-0.12513243,-0.16576807,-0.18041904,-0.18738703,-0.11705899,-0.17637786,-0.25643522,-0.092839204,-0.092667304,-0.11483827,-0.13581322,-0.1476596,-0.09864086,-0.18846115
k__Bacteria|p__Proteobacteria|c__Gammaproteobacteria|o__Pasteurellales|f__Pasteurellaceae|g__Haemophilus|s__Haemophilus_SGB66626,-0.1004395,-0.12316422,-0.14163515,-0.20428483,-0.16708611,-0.19362521,-0.1666669,-0.14537643,-0.12507898,-0.18390173,-0.18331881,-0.22818595,-0.16961248,-0.20587064,-0.10347123,-0.09964388,-0.058144663,-0.10017053,-0.10785952,-0.17107789,-0.1978925,-0.12536043,-0.13660312,-0.15277655,-0.17184326,-0.11658599,-0.16758984,-0.17442507,-0.1509206,-0.12124001,-0.13534129,-0.10584633,-0.1485132,-0.1961535,-0.18963093,-0.2175087,-0.16078095,-0.22338755,-0.19757324,4.179013,3.5441625,-0.1988434,-0.107533544,-0.09162698,-0.13691942,-0.15510613,-0.23188588,-0.19399554,-0.14687374,-0.2026537,-0.18353422,-0.18279888,-0.19778658,-0.19901681,-0.20476685,-0.15844087,-0.12604485,-0.14414637,-0.09243205,-0.095874116,-0.17155036,-0.14269227,-0.13743341,-0.14720705,-0.12719077,-0.15127225,-0.2613474,-0.22333384,-0.18912703,-0.20047067,-0.14610621,-0.14958473,-0.13105851,-0.1431016,-0.15131912,-0.16458943,-0.14703518,-0.16278498,-0.15935886,-0.14998752,-0.14754489,-0.15716654,-0.1535087,-0.22480208,-0.120334074,-0.14175935,-0.118501395,-0.16132784,-0.17443459,-0.15577237,-0.16850111,-0.11139822,-0.1388583,-0.13027036,-0.12898311,-0.15152657,-0.14270735,-0.115853846,-0.10065024,-0.09068014,-0.10575637,-0.12082863,-0.13525662,-0.15027548,-0.1607418,-0.1185138,-0.11129953,-0.1578567,-0.17738779,-0.13407409,-0.16412392,-0.25953975,-0.14884126,-0.1327697,-0.14190291,-0.15095688,-0.17780018,-0.16356426,-0.22917573,-0.09015879,-0.110266045,-0.13494006,-0.13000537,-0.13997786,-0.17386393,-0.13908121,-0.16057305,-0.12777606,-0.07092635,-0.03704006,-0.13730901,-0.16241887,-0.17926085,-0.14332479,-0.12334781,-0.13587493,-0.12023825,-0.13865407,-0.25318068,-0.26654312,-0.08372347,-0.10945694,-0.14499591,-0.09238048,-0.18785635,-0.19062522,-0.15321091,-0.09048856,-0.13230102,-0.1497192,-0.15053162,-0.1592355,-0.1708413,-0.18426576,-0.087991595,-0.12412231,-0.14156318,-0.10256614,-0.17951453,-0.19495486,-0.19163732,-0.10039919,-0.13113372,-0.080092534,-0.12823725,-0.19006202,-0.19376805,-0.19199349,-0.12382472,-0.07551318,-0.097400695,-0.11877386,-0.13681403,-0.12406494,-0.121451,-0.09480722,-0.09686369,-0.10879962,-0.082459606,-0.113143966,-0.13259405,-0.16751876,-0.1410757,-0.1364102,-0.18093297,-0.17825818,-0.19441928,-0.14500314,-0.15549555,-0.13583344,-0.119081676,-0.14001076,-0.19117098,-0.19138223,-0.18156594,-0.19755594,-0.25103784,-0.20219928,-0.19011238,-0.19120586,-0.182749,-0.1739817,-0.27554205,-0.08916744,-0.11956477,-0.1279303,-0.15751183,-0.20931396,-0.18224281,-0.29657933,-0.32474133,-0.151479,-0.3242122,-0.17325558,-0.17108874,-0.2185038,-0.17647925,-0.114121355,-0.13996467,-0.15388772,-0.15788373,-0.22984435,-0.18186735,-0.25761598,-0.10463548,-0.12455491,-0.13874944,-0.12448474,-0.15189947,-0.15538293,-0.15670589,-0.14014931,-0.15141064,-0.16352606,-0.15542124,-0.15377027,-0.15334797,-0.13423638,-0.12326692,-0.14649364,-0.1906701,-0.17728657,-0.21025829,-0.3990198,-0.2029434,-0.1136913,-0.1296617,-0.118911535,-0.14825687,-0.16636807,-0.18704061,-0.19191584,-0.13181241,-0.07680552,-0.15353617,-0.1399791,-0.14106366,-0.118306994,-0.19987361,-0.1649412,-0.15859392,-0.14170845,-0.12395355,-0.12722544,-0.14610182,-0.2588673,-0.10749346,-0.13074079,-0.09132757,-0.12832497,-0.12953599,-0.14997545,-0.15223412,-0.096585885,-0.08910369,-0.124648765,-0.1107882,-0.13807923,-0.15103747,-0.17078343,-0.14319658,-0.11652723,-0.17414777,-0.15210173,-0.14269704,-0.12557328,-0.14243779,-0.17466888,-0.13176009,-0.13245304,-0.14608744,-0.12327665,-0.08722703,-0.05825615,-0.14367118,-0.17082691,-0.026243303,-0.16669726,-0.2829064,-0.31316653,-0.19831748,-0.14591414,-0.14331596,-0.14862512,-0.12963767,-0.25088155,-0.19422695,-0.18893164,-0.09482085,-0.109598264,-0.10702289,-0.09431137,-0.12759323,-0.15308587,-0.15746465,-0.1673097,-0.12812386,-0.0969081,-0.16398169,-0.14419435,-0.11335766,-0.18846886,-0.1706479,-0.15409628,-0.12601449,-0.115196005,-0.11326268,-0.11662802,-0.17635903,-0.13880023,-0.13477239,-0.096878245,-0.121429846,-0.09203644,-0.12434345,-0.13613808,-0.063823454,-0.13877153,-0.11419349,-0.13399644,-0.24483351,-0.2571875,-0.29957527,-0.14645211,-0.15698388,-0.13251704,-0.19104545,-0.0782174,-0.17254567,-0.1647811,-0.09859173,-0.11065883,-0.114926144,-0.076612435,-0.083404,-0.1213824,-0.13072303,-0.13855581,-0.19385117,-0.09931894,-0.15590568,-0.19487974,-0.19127026,-0.18728322,-0.11151497,-0.14320771,-0.10325513,-0.15972833,-0.19429588,-0.17346604,-0.16940625,-0.14304103,-0.1427964,-0.101839304,-0.15353304,-0.1617268,-0.18106948,-0.19544077,-0.12149149,-0.14766882,-0.11395322,-0.0802553,-0.14337373,-0.20725825,-0.16103718,-0.125103,-0.15657571,-0.15690626,-0.14367798,-0.19202894,-0.16280088,-0.1823709,-0.2963242,-0.1975277,-0.18140358,-0.17184165,-0.19315796,-0.15779096,-0.14054683,-0.13060388,-0.12557748,-0.13854343,-0.16362104,-0.30584824,-0.16673915,-0.18166503,-0.19279556,-0.11441202,-0.15097256,-0.14077587,-0.17817447,-0.16720222,-0.16483696,-0.14331086,-0.18237996,-0.12840268,-0.15353075,-0.13772562,-0.24156228,-0.17948304,-0.103486,-0.13530657,-0.14228737,-0.1748724,-0.11045331,-0.13479517,-0.15280278,-0.16024293,-0.18183924,-0.15462255,-0.1494866,-0.19184028,-0.175511,-0.16458136,-0.14723541,-0.14623587,-0.11499533,-0.10471026,-0.13529322,-0.20148799,-0.17739439,-0.12513243,-0.16555114,-0.18041904,-0.18738703,-0.11705899,-0.17699523,-0.25986922,-0.09278172,-0.09251976,-0.11492248,-0.13634929,-0.14834589,-0.09867495,-0.18937771
k__Bacteria|p__Proteobacteria|c__Betaproteobacteria|o__Neisseriales|f__Neisseriaceae|g__Eikenella|s__Eikenella_corrodens,-0.1004395,-0.12316422,-0.1414736,-0.20428483,-0.1668674,-0.1934658,-0.1666669,-0.14498553,-0.12482029,-0.1833137,-0.18311423,-0.224915,-0.16924724,-0.20453838,-0.10317753,-0.099319845,-0.058144663,-0.09968297,-0.10767329,-0.1707698,-0.1978925,-0.12536043,-0.13634318,-0.15233943,-0.17143945,-0.11658599,-0.16728841,-0.17394441,-0.1509206,-0.12124001,-0.1349819,-0.105583325,-0.14813143,-0.19556603,-0.18895328,-0.2175087,-0.1609447,-0.22338755,-0.19691724,-0.29867563,-0.29210672,-0.1978474,-0.10727051,-0.09162698,-0.13691942,-0.15490037,-0.23188588,-0.19369833,-0.14648461,-0.2026537,-0.18373618,-0.18279888,-0.19689322,-0.19818199,-0.20268255,-0.15774861,-0.12569444,-0.14378735,-0.09230525,-0.09562632,-0.17117035,-0.14246093,-0.13743341,-0.14691329,-0.12719077,-0.15117073,-0.2613474,-0.22333384,-0.18878454,-0.20047067,-0.14572887,-0.14922231,-0.13060501,-0.14263253,-0.15078184,-0.1641449,-0.14661208,-0.16278498,-0.1594302,-0.14998752,-0.14706796,-0.15695308,-0.15320382,-0.22480208,-0.120334074,-0.14141282,-0.11826216,-0.16098413,-0.17401218,-0.15555957,-0.16789247,-0.11139822,-0.1388583,-0.13027036,-0.12854856,0.96365625,-0.14240375,-0.11551134,-0.10065024,-0.09037616,-0.10543428,-0.120497726,-0.13493092,-0.15027548,-0.16027284,-0.1185138,-0.11129953,-0.1578567,-0.17738779,-0.13378671,-0.16352025,-0.25953975,-0.14863017,-0.13247898,-0.14142954,-0.15095688,-0.17780018,-0.16360822,-0.22917573,-0.09015879,-0.11002849,-0.13462403,-0.1295948,-0.13997786,-0.17354997,-0.13908121,-0.16057305,-0.12777606,-0.07092635,-0.03704006,-0.13695139,-0.16197225,-0.17879641,-0.14332479,-0.12334781,-0.1356228,-0.12023825,-0.13802855,-0.25318068,-0.26654312,-0.08351326,-0.10945694,-0.1443576,-0.09238048,-0.18747094,-0.18996984,-0.1526786,-0.09029012,-0.13230102,-0.14940575,-0.15021418,-0.1588982,-0.17045557,-0.18365759,-0.08788307,-0.12387129,-0.14119458,-0.10256614,-0.17951453,-0.19495486,-0.1911468,-0.10003017,-0.13113372,-0.07946198,-0.12759367,-0.19006202,-0.19321194,-0.19147283,-0.1235276,-0.075500846,-0.097157605,-0.11837381,-0.13637587,-0.12406494,-0.121451,-0.09456272,-0.09660086,-0.10839524,-0.082459606,-0.112738416,-0.13215297,-0.16704541,-0.1410757,-0.13620284,-0.18093297,-0.17825818,-0.19401255,-0.14454034,-0.15549555,-0.13540873,-0.119081676,-0.14001076,-0.19117098,-0.19107015,-0.18131584,-0.19755594,3.4506714,2.5844834,-0.18988675,-0.19079588,-0.18227744,-0.17355931,-0.27554205,-0.08916744,-0.11956477,-0.12755853,-0.15751183,-0.20931396,-0.18224281,-0.29657933,-0.32474133,-0.15210721,-0.3242122,-0.17325558,-0.17108874,-0.2185038,-0.17647925,-0.114121355,-0.13973406,-0.15388772,-0.15788373,-0.22984435,-0.18186735,-0.255535,-0.10435796,-0.12455491,-0.13833421,-0.124024615,-0.15189947,-0.15503737,-0.15619168,-0.14014931,-0.15141064,-0.16305956,-0.15521097,-0.15346871,-0.15292084,-0.13376993,-0.12289834,-0.14617209,-0.19003618,-0.1769472,-0.21025829,-0.3990198,-0.20198894,-0.1133911,-0.1296617,-0.118463024,-0.14769933,-0.16636807,-0.18652079,-0.19143423,-0.1314728,-0.076696694,-0.15294883,-0.13956839,-0.14106366,-0.118134424,-0.19987361,-0.1649412,-0.15853012,-0.14135487,-0.12344076,-0.12722544,-0.14610182,-0.2588673,-0.10720523,-0.13074079,-0.09132757,-0.12832497,-0.12903285,-0.14960155,-0.15180698,-0.096317776,-0.08910369,-0.12418148,-0.11040524,-0.13773173,-0.15060829,-0.17027962,-0.14282644,-0.11622493,-0.17376675,-0.15170053,-0.14225508,-0.12529853,-0.14196494,-0.17466888,-0.13176009,-0.13213319,-0.1456919,-0.122917,-0.08722703,-0.05825615,-0.14337483,-0.17082691,-0.026243303,-0.16651425,-0.2829064,-0.31316653,-0.19792476,-0.14561903,-0.14331596,-0.14862512,-0.12963767,-0.25088155,-0.19385926,-0.1884534,-0.09454681,-0.1093292,-0.10702289,-0.093782194,-0.12759323,-0.15275995,-0.15746465,-0.16707815,-0.12812386,-0.0969081,-0.16398169,-0.14364491,-0.11335766,-0.18846886,-0.1706479,-0.15386587,-0.12579589,-0.115196005,-0.11285569,-0.11662802,-0.17595851,-0.13844493,-0.13437644,-0.096878245,-0.12104092,-0.09168359,-0.12434345,-0.13578707,-0.063823454,-0.13877153,-0.11419349,-0.13356034,-0.24483351,3.063351,-0.29957527,-0.14612637,-0.15665306,-0.13207802,-0.19104545,-0.0782174,-0.17223004,-0.16413656,-0.09859173,-0.11065883,-0.114618875,-0.076612435,-0.083404,-0.1213824,-0.13072303,-0.13855581,-0.19385117,-0.09917974,-0.15549272,-0.19487974,-0.19085884,-0.1867172,-0.11117051,-0.14294308,-0.10307481,-0.15921119,-0.19397384,-0.1727967,-0.16864446,-0.14273055,-0.1424936,-0.10162587,-0.15301934,-0.16148843,-0.18067111,-0.19472781,-0.12117721,-0.14728913,-0.11369483,-0.080015615,-0.14276348,-0.20725825,-0.16077009,-0.125103,-0.15657571,-0.15690626,-0.14358594,-0.19202894,-0.16246432,-0.18186252,-0.2963242,-0.19744776,-0.18055925,-0.17126438,-0.19258824,-0.15723018,-0.14054683,-0.13022417,-0.12557748,-0.13817403,-0.16286655,-0.30584824,-0.16659349,-0.18088222,-0.19253717,-0.11441202,-0.15032473,-0.140459,-0.177854,-0.16679186,-0.16447215,-0.14331086,-0.18237996,-0.12819535,-0.15315935,-0.13711126,-0.24156228,-0.17927198,-0.103172496,-0.13514861,-0.14188562,-0.1743421,-0.11022852,-0.13439311,-0.15212941,-0.15995246,-0.18163759,-0.15411611,-0.14904958,-0.19184028,-0.17527443,-0.16416726,-0.14723541,-0.14623587,-0.11499533,-0.10471026,-0.13481143,-0.20148799,-0.17700757,-0.12513243,-0.16572058,-0.18041904,-0.18738703,-0.11705899,-0.17644013,-0.25860438,-0.09258318,-0.09225212,-0.11463453,-0.13588876,-0.14784816,-0.0983634,-0.18872833
k__Bacteria|p__Proteobacteria|c__Gammaproteobacteria|o__Enterobacterales|f__Enterobacteriaceae|g__Klebsiella|s__Klebsiella_quasipneumoniae,-0.1004395,-0.12316422,-0.14103778,-0.20428483,-0.16646469,-0.19280887,-0.1666669,-0.14490536,-0.12491662,-0.18296374,-0.18249793,-0.22223803,-0.16911033,-0.2026616,-0.103238195,-0.09903331,-0.058144663,-0.09986567,-0.10784128,-0.170508,-0.1978925,-0.12536043,-0.13630882,-0.15247388,-0.17117544,-0.11658599,-0.16701272,-0.17368923,-0.1509206,0.68884534,-0.13507397,-0.10563062,-0.14816763,-0.19476382,-0.18875262,-0.2175087,-0.16038954,-0.22338755,-0.19631654,-0.29867563,-0.29210672,-0.197691,-0.107275695,-0.09162698,-0.13691942,-0.15441427,-0.23188588,-0.19281876,-0.14651325,1.1195378,-0.1827922,0.8845539,-0.1963566,-0.1977121,-0.20248683,-0.1577256,-0.12576555,-0.14369841,-0.09263359,-0.09587932,-0.17103048,-0.14247781,-0.13743341,-0.14677426,-0.12719077,-0.15092967,-0.2613474,-0.22333384,-0.18837021,-0.20047067,-0.14568086,-0.14914504,-0.13075645,-0.14262766,-0.15097365,-0.16393745,-0.1468381,-0.16278498,-0.15867239,-0.14998752,-0.14729257,-0.15664284,-0.15309665,-0.22480208,-0.120334074,-0.1414175,-0.1182817,-0.16084327,-0.17381924,-0.15527767,-0.16792825,-0.11139822,-0.1388583,-0.13027036,-0.12883052,-0.15152657,-0.14250484,-0.115535796,-0.10065024,-0.09057397,-0.10558878,-0.12055229,-0.13497905,-0.15027548,-0.16024347,-0.1185138,-0.11129953,0.67796755,-0.17738779,-0.13368559,-0.16374457,-0.25953975,-0.14837946,-0.1324479,-0.14138708,-0.15095688,-0.17780018,-0.16291267,-0.22917573,-0.09015879,-0.110181086,-0.13465242,-0.12964511,-0.13997786,-0.1731271,-0.13908121,-0.16057305,-0.12777606,-0.07092635,-0.03704006,-0.13675746,-0.16205278,-0.17845377,1.1387128,-0.12334781,-0.13561478,-0.12023825,-0.13844807,-0.25318068,-0.26654312,-0.083839655,-0.10945694,-0.14473268,-0.09238048,-0.18702549,-0.18949464,-0.15244909,-0.090503305,1.6964412,-0.1493054,-0.14998385,-0.15862529,-0.1701669,-0.18373403,-0.0880063,-0.1236131,-0.14109583,-0.10256614,-0.17951453,-0.19495486,-0.1906859,-0.10035092,-0.13113372,-0.07999095,-0.12806347,-0.19006202,-0.19270594,-0.19104743,-0.123601325,-0.07564474,-0.0972677,-0.118426524,-0.1364235,-0.12406494,-0.121451,-0.0946548,-0.09667561,-0.10858826,-0.082459606,-0.11285284,-0.13232906,-0.16684702,-0.1410757,-0.13605675,-0.18093297,-0.17825818,-0.19332021,-0.14458986,-0.15549555,-0.13548562,-0.119081676,-0.14001076,-0.19117098,-0.1901097,-0.18067493,-0.19755594,-0.25103784,-0.20219928,-0.18943611,-0.19021866,-0.18187195,-0.17324275,-0.27554205,-0.08916744,-0.11956477,-0.1277928,-0.15751183,-0.20931396,-0.18224281,-0.29657933,3.897646,-0.1507034,4.651933,-0.17325558,-0.17108874,-0.2185038,-0.17647925,-0.114121355,-0.13954821,-0.15388772,-0.15788373,-0.22984435,-0.18186735,-0.25347215,-0.10453479,-0.12455491,-0.13840431,-0.12429778,-0.15189947,-0.15496555,-0.1562224,-0.14014931,-0.15141064,-0.16310915,-0.15497479,-0.15336937,-0.15284881,-0.13371891,-0.12319302,-0.14616805,-0.18996148,-0.17639671,-0.21025829,-0.3990198,-0.20034342,-0.11346398,-0.1296617,-0.11847702,-0.14794376,-0.16636807,-0.18626986,-0.19106422,-0.13152772,-0.077131405,-0.15317528,-0.13975099,-0.14106366,-0.11809741,-0.19987361,-0.1649412,-0.15809406,-0.14128579,-0.12364943,-0.12722544,-0.14610182,-0.2588673,-0.10735876,-0.13074079,-0.09132757,-0.12832497,-0.1293737,-0.14967085,-0.1517652,-0.09648899,-0.08910369,-0.12441733,-0.110692814,-0.13769208,-0.15065938,-0.17011978,-0.14287014,-0.11654861,-0.17341778,-0.15165392,-0.14229369,-0.12523094,-0.14201015,-0.17466888,-0.13176009,-0.13233207,-0.14560035,-0.12290532,-0.08722703,-0.05825615,-0.14326365,1.3173553,-0.026243303,-0.16559857,-0.2829064,-0.31316653,-0.19676676,-0.14552742,-0.14331596,-0.14862512,-0.12963767,-0.25088155,-0.19297162,-0.18821518,-0.09501675,-0.10940878,-0.10702289,-0.09435724,-0.12759323,-0.15265113,-0.15746465,-0.16645664,-0.12812386,-0.0969081,-0.16398169,-0.14385396,-0.11335766,-0.18846886,-0.1706479,-0.15363838,-0.12580338,-0.115196005,-0.113148965,-0.11662802,-0.17560858,-0.1384047,-0.13439661,-0.096878245,-0.120974526,-0.0920804,1.4291795,-0.13585773,-0.063823454,-0.13877153,-0.11419349,-0.13374437,0.83371586,-0.2571875,-0.29957527,-0.14601026,-0.1564708,-0.13228057,-0.19104545,-0.0782174,-0.17187028,-0.16406956,-0.09859173,-0.11065883,-0.11488632,-0.076612435,-0.083404,-0.1213824,-0.13072303,-0.13855581,-0.19385117,-0.099378884,-0.15553445,-0.19487974,-0.19039337,-0.18639714,-0.11143558,-0.1427024,-0.103315264,-0.15929674,-0.19328982,-0.17269714,-0.16884753,-0.14261988,-0.1422585,-0.10175964,-0.15306285,-0.1609944,-0.18024956,-0.19411406,-0.121368125,-0.14713722,-0.11383189,-0.0804774,-0.1429949,-0.20725825,-0.16051492,-0.125103,-0.15657571,-0.15690626,-0.1431917,-0.19202894,-0.16238086,-0.1818525,-0.2963242,-0.19588019,-0.18042533,-0.17087883,-0.19202338,-0.1570213,-0.14054683,-0.1303651,-0.12557748,-0.13828805,-0.16320577,-0.30584824,-0.16628456,-0.1810359,-0.19177476,-0.11441202,-0.15065089,-0.14029847,-0.17745358,-0.16653897,-0.16428755,-0.14331086,-0.18237996,-0.12822232,-0.15317717,-0.13747421,-0.24156228,-0.17862141,-0.103389636,-0.13494821,-0.14190108,-0.17422512,-0.110444844,-0.1345334,-0.15232675,-0.15947339,-0.18092449,-0.15422273,-0.14917684,-0.19184028,-0.17496993,-0.16401544,-0.14723541,-0.14623587,-0.11499533,-0.10471026,-0.13507622,-0.20148799,-0.17681462,-0.12513243,-0.16472994,-0.18041904,-0.18738703,-0.11705899,-0.17645119,-0.2571661,-0.092692725,-0.09247879,-0.114781946,-0.13592064,-0.14785852,-0.0987501,-0.18857235
k__Bacteria|p__Proteobacteria|c__Gammaproteobacteria|o__Enterobacterales|f__Enterobacteriaceae|g__Enterobacter|s__Enterobacter_ludwigii,-0.1004395,-0.12316422,-0.14164534,-0.20428483,-0.16698232,-0.19406122,-0.1666669,-0.1451546,-0.12480573,-0.18387884,-0.18342718,-0.22824588,-0.17002693,-0.2067934,-0.10312319,-0.09953308,-0.058144663,-0.099691465,-0.107546106,-0.17113613,-0.1978925,-0.12536043,-0.13636045,-0.15250255,-0.1718517,-0.11658599,-0.16753514,-0.1743875,-0.1509206,-0.12124001,-0.13514227,-0.105619445,-0.14846553,-0.19640054,-0.18981159,-0.2175087,-0.16085982,-0.22338755,-0.1977425,-0.29867563,-0.29210672,-0.1991404,-0.107327744,-0.09162698,-0.13691942,-0.15509985,-0.23188588,-0.19420318,-0.14681919,-0.2026537,-0.18345903,-0.18279888,-0.19766322,-0.1992668,-0.20448783,-0.15842964,-0.12579906,-0.14407021,-0.0919987,-0.09546475,-0.1715719,-0.14245449,-0.13743341,-0.14710966,-0.12719077,-0.15138897,-0.2613474,-0.22333384,-0.18916903,-0.20047067,-0.1459389,-0.14941694,-0.13088751,-0.14291316,-0.15111917,-0.16432714,-0.14694533,-0.16278498,-0.15941492,-0.14998752,-0.14726418,-0.15719633,-0.15341014,-0.22480208,-0.120334074,-0.14162615,-0.11824502,-0.16125393,-0.17439823,-0.15570864,-0.16847779,-0.11139822,-0.1388583,-0.13027036,-0.1286575,-0.15152657,-0.14241524,-0.11542891,-0.10065024,-0.09025212,-0.10547377,-0.12064053,-0.13513963,-0.15027548,-0.16064826,-0.1185138,-0.11129953,-0.1578567,-0.17738779,-0.13392338,-0.16392133,-0.25953975,-0.14879674,-0.13265276,-0.14170544,-0.15095688,-0.17780018,-0.16378352,-0.22917573,-0.09015879,-0.109894596,-0.13475233,-0.12975687,-0.13997786,-0.17394006,-0.13908121,-0.16057305,-0.12777606,-0.07092635,-0.03704006,-0.1371505,-0.16238815,-0.17922308,-0.14332479,-0.12334781,-0.1357494,-0.12023825,-0.13834536,-0.25318068,-0.26654312,-0.083290644,-0.10945694,-0.14481433,-0.09238048,-0.18810372,-0.19062206,-0.1531296,-0.09013352,6.4071097,-0.14964774,-0.15044948,-0.15920836,-0.17083421,-0.18430533,-0.087669104,-0.12391758,-0.14153627,-0.10256614,-0.17951453,-0.19495486,-0.19180077,-0.09990327,-0.13113372,-0.07952537,-0.12790817,-0.19006202,-0.19386797,-0.19214477,-0.12352542,-0.07506586,-0.09709996,-0.11851085,-0.136628,-0.12406494,-0.121451,-0.09445386,-0.096559316,-0.10852726,-0.082459606,-0.11286303,-0.13238913,-0.16752088,-0.1410757,-0.13625598,-0.18093297,-0.17825818,-0.19474727,-0.14491662,-0.15549555,-0.13562675,-0.119081676,-0.14001076,-0.19117098,-0.19169182,-0.1817081,-0.19755594,-0.25103784,-0.20219928,-0.19030164,-0.19128188,-0.18287833,-0.17414889,-0.27554205,-0.08916744,-0.11956477,-0.12767698,-0.15751183,-0.20931396,-0.18224281,-0.29657933,-0.32474133,-0.15230972,-0.3242122,-0.17325558,-0.17108874,-0.2185038,-0.17647925,-0.114121355,-0.13983992,-0.15388772,-0.15788373,-0.22984435,-0.18186735,-0.25857994,-0.10429944,-0.12455491,-0.13851677,-0.12415343,-0.15189947,-0.15528809,-0.15654893,-0.14014931,-0.15141064,-0.16338968,-0.1553214,-0.15370145,-0.15322098,-0.13411427,-0.1229154,-0.14636554,-0.1906844,-0.17739135,-0.21025829,-0.3990198,-0.20434165,-0.11341484,-0.1296617,-0.11866541,-0.1479764,-0.16636807,-0.18705715,-0.19207136,-0.13158774,-0.07642731,-0.153367,-0.13981766,-0.14106366,-0.11797565,-0.19987361,-0.1649412,-0.15862346,-0.14166994,-0.12357001,-0.12722544,-0.14610182,-0.2588673,-0.10720263,-0.13074079,-0.09132757,-0.12832497,-0.12921615,-0.14976698,-0.15208775,-0.09621372,-0.08910369,-0.12439898,-0.110443205,-0.13798219,-0.15088075,-0.17082864,-0.14297155,-0.116209954,-0.17419896,-0.15193261,-0.1425182,-0.12531376,-0.14232245,-0.17466888,-0.13176009,-0.13233894,-0.1458672,-0.122995205,-0.08722703,-0.05825615,-0.1434869,-0.17082691,-0.026243303,-0.16697702,-0.2829064,-0.31316653,-0.19925535,-0.14582019,-0.14331596,-0.14862512,-0.12963767,-0.25088155,-0.19442384,-0.1890713,-0.09436798,-0.10932262,-0.10702289,-0.09385051,-0.12759323,-0.15306878,-0.15746465,-0.16736782,-0.12812386,-0.0969081,-0.16398169,-0.14394468,-0.11335766,-0.18846886,-0.1706479,-0.1540564,-0.12579325,-0.115196005,-0.112973616,-0.11662802,-0.17651752,-0.13861325,-0.13461304,-0.096878245,-0.1212033,-0.09161401,-0.12434345,-0.13587093,-0.063823454,-0.13877153,-0.11419349,-0.13377826,-0.24483351,-0.2571875,-0.29957527,-0.14636949,-0.15695262,-0.13224833,-0.19104545,-0.0782174,-0.17276539,-0.16455978,-0.09859173,-0.11065883,-0.114506006,-0.076612435,-0.083404,-0.1213824,-0.13072303,-0.13855581,-0.19385117,-0.09904559,-0.15571767,-0.19487974,-0.19140068,-0.18740854,-0.111188576,-0.14310092,-0.10295005,-0.15954527,-0.19461235,-0.1735352,-0.16933545,-0.14291458,-0.14274237,-0.10155667,-0.1533781,-0.16170238,-0.1811902,-0.19576493,-0.12123194,-0.14750585,-0.11362388,-0.079776146,-0.14309983,-0.20725825,-0.16102399,-0.125103,-0.15657571,-0.15690626,-0.14369601,-0.19202894,-0.16272539,-0.18240744,-0.2963242,-0.19850102,-0.18132716,-0.17181484,-0.19344579,-0.15759383,-0.14054683,-0.13040815,-0.12557748,-0.13837166,-0.16362973,-0.30584824,-0.1667628,-0.18149914,-0.19308075,-0.11441202,-0.15069643,-0.14067584,-0.17829965,-0.16706604,-0.1648966,-0.14331086,-0.18237996,-0.12825534,-0.15347427,-0.1373811,-0.24156228,-0.17975292,-0.10315355,-0.13515925,-0.14210504,-0.17480928,-0.11019412,-0.1345379,-0.1526044,-0.16026342,-0.18204951,-0.15450032,-0.1492933,-0.19184028,-0.17557411,-0.16446981,-0.14723541,-0.14623587,-0.11499533,-0.10471026,-0.13512395,-0.20148799,-0.17742644,-0.12513243,-0.16599064,-0.18041904,-0.18738703,-0.11705899,-0.17691663,-0.26061684,-0.09243406,-0.09213464,-0.11467537,-0.13617194,-0.1482084,-0.09832591,-0.18958297
k__Bacteria|p__Proteobacteria|c__Gammaproteobacteria|o__Enterobacterales|f__Enterobacteriaceae|g__Kluyvera|s__Kluyvera_ascorbata,-0.1004395,-0.12316422,-0.14125922,-0.20428483,-0.16634704,-0.19249187,-0.1666669,-0.14477214,-0.12546793,-0.18267065,-0.18230903,-0.21745846,-0.16930065,-0.20024255,-0.10372341,-0.09933428,-0.058144663,-0.099745184,-0.10810493,-0.1702654,-0.1978925,-0.12536043,-0.13628247,-0.15214065,-0.17085539,-0.11658599,-0.16710818,-0.17339611,-0.1509206,-0.12124001,-0.1352121,-0.10615577,-0.14802623,-0.1942643,-0.18817037,-0.2175087,-0.16061434,-0.22338755,-0.1957413,-0.29867563,-0.29210672,-0.19655165,-0.107582904,-0.09162698,-0.13691942,-0.15442044,-0.23188588,-0.1924218,-0.14648433,-0.2026537,-0.18341804,-0.18279888,-0.19560176,-0.19637862,-0.19996703,-0.15710236,-0.12581986,-0.14353329,-0.09308191,-0.09624407,-0.17067644,-0.14247054,-0.13743341,-0.14667943,-0.12719077,-0.1511158,-0.2613474,-0.22333384,-0.18790957,-0.20047067,-0.14544594,-0.14906457,-0.13066165,-0.14233091,-0.15037942,-0.16354056,-0.14676277,-0.16278498,-0.15894589,-0.14998752,-0.1471431,-0.15655288,-0.15297833,-0.22480208,-0.120334074,-0.14132518,-0.118468046,-0.16050941,-0.17336166,-0.15525153,-0.16760163,-0.11139822,-0.1388583,-0.13027036,-0.12889779,-0.15152657,-0.14283572,-0.11594202,-0.10065024,-0.09116024,-0.10586688,-0.12064605,-0.13488975,-0.15027548,-0.16006705,-0.1185138,-0.11129953,-0.1578567,-0.17738779,-0.13347185,-0.16360337,-0.25953975,-0.14844432,-0.13262522,-0.14118958,-0.15095688,-0.17780018,-0.16299397,-0.22917573,-0.09015879,-0.110493295,-0.13470314,-0.12965429,-0.13997786,-0.17298745,-0.13908121,-0.16057305,-0.12777606,-0.07092635,-0.03704006,-0.13667005,-0.161731,-0.17810613,-0.14332479,-0.12334781,-0.13590619,-0.12023825,-0.13809186,-0.25318068,-0.26654312,-0.084378056,-0.10945694,-0.14435968,-0.09238048,-0.18662842,-0.18896171,-0.15239203,-0.09095,-0.13230102,-0.1492555,-0.14993857,-0.15844962,-0.16995117,-0.18313672,-0.08858026,-0.12377162,-0.1408124,-0.10256614,-0.17951453,-0.19495486,-0.19014664,-0.100688785,-0.13113372,-0.08002308,-0.12788934,-0.19006202,-0.19219872,-0.19050056,-0.123599336,-0.076581106,-0.09766566,-0.118579514,-0.13637704,-0.12406494,-0.121451,-0.09498605,-0.09712182,-0.10885712,-0.082459606,-0.11305147,-0.13231915,-0.1664989,-0.1410757,-0.13633591,-0.18093297,-0.17825818,-0.1928132,-0.14449054,-0.15549555,-0.135417,-0.119081676,1.4457576,2.0134315,-0.18966737,-0.18051428,-0.19755594,6.542651,-0.20219928,-0.18925238,-0.19000427,-0.18160054,-0.17290772,-0.27554205,-0.08916744,-0.11956477,-0.12804279,-0.15751183,-0.20931396,-0.18224281,-0.29657933,5.332413,-0.15165836,1.9272643,-0.17325558,-0.17108874,-0.2185038,-0.17647925,-0.114121355,-0.1397826,-0.15388772,-0.15788373,-0.22984435,-0.18186735,-0.2514878,-0.10479583,-0.12455491,-0.13845867,-0.12441,-0.15189947,-0.15465027,-0.1559543,-0.14014931,-0.15141064,-0.1627202,-0.15496606,-0.15324652,-0.15272397,-0.13383552,-0.12339579,-0.14631657,-0.18927494,-0.17613465,-0.21025829,-0.3990198,-0.1992001,-0.11369355,-0.1296617,-0.11847824,-0.1477733,-0.16636807,-0.18568647,-0.19077983,-0.13157655,-0.07796952,-0.15281656,-0.13978499,-0.14106366,-0.118252255,-0.19987361,-0.1649412,-0.15831,-0.14123413,-0.12373545,-0.12722544,-0.14610182,-0.2588673,-0.10759202,-0.13074079,-0.09132757,-0.12832497,-0.12928063,-0.14958562,-0.15161616,-0.096874185,-0.08910369,-0.1244185,-0.11091782,-0.13761276,-0.15055712,-0.16971941,-0.1428431,-0.11688038,-0.17298992,-0.1516344,-0.14204317,-0.12542602,-0.14185,-0.17466888,-0.13176009,-0.13240367,-0.14551115,-0.12314883,-0.08722703,-0.05825615,-0.14326857,-0.17082691,-0.026243303,-0.16564462,-0.2829064,-0.31316653,-0.19630148,-0.14542931,-0.14331596,-0.14862512,-0.12963767,-0.25088155,-0.19247448,-0.18773517,-0.09545381,-0.10968961,-0.10702289,-0.094444744,-0.12759323,-0.15261458,-0.15746465,-0.16641605,-0.12812386,-0.0969081,-0.16398169,-0.14350536,-0.11335766,-0.18846886,-0.1706479,-0.15356657,-0.12604839,-0.115196005,-0.11325073,-0.11662802,-0.1753007,-0.13837081,-0.13433531,-0.096878245,-0.12112025,-0.09243494,-0.12434345,-0.13594158,-0.063823454,-0.13877153,-0.11419349,-0.13359877,2.2411342,-0.2571875,-0.29957527,-0.14584444,-0.15627408,-0.13228568,-0.19104545,-0.0782174,-0.17157629,-0.16375205,-0.09859173,-0.11065883,-0.115167215,-0.076612435,-0.083404,-0.1213824,-0.13072303,-0.13855581,-0.19385117,-0.09957026,-0.15535422,-0.19487974,-0.19021848,-0.18598752,-0.11167485,-0.14264363,-0.10374451,-0.15888423,-0.19296175,-0.17182434,-0.16853476,-0.14258793,-0.14221661,-0.10218347,-0.15282378,-0.16102171,-0.1800846,-0.19361426,-0.12145768,-0.14699581,-0.11430335,-0.08110356,-0.14266072,-0.20725825,-0.16046564,-0.125103,-0.15657571,-0.15690626,-0.14336917,-0.19202894,-0.16227552,-0.18141633,-0.2963242,-0.19599459,-0.18017179,-0.17070413,-0.19139062,-0.15686145,-0.14054683,-0.13036913,-0.12557748,-0.1383566,-0.162551,-0.30584824,-0.1664327,-0.18050705,-0.19174103,-0.11441202,-0.15028119,-0.14028156,-0.17712168,-0.16636191,-0.16411033,-0.14331086,-0.18237996,-0.12855667,-0.15286674,-0.13728085,-0.24156228,-0.17864078,-0.10364832,-0.13511646,-0.141815,-0.17370199,-0.11080384,-0.13454138,-0.15200761,-0.15920001,-0.1809205,-0.15379336,-0.14891823,-0.19184028,-0.17476001,-0.16379909,-0.14723541,-0.14623587,-0.11499533,-0.10471026,-0.13488929,-0.20148799,-0.17645657,-0.12513243,-0.1649782,-0.18041904,-0.18738703,-0.11705899,-0.17589301,-0.25642994,-0.0932097,-0.09291719,-0.115037516,-0.13583234,-0.14760211,-0.099085905,-0.1880048
k__Bacteria|p__Proteobacteria|c__Gammaproteobacteria|o__Pasteurellales|f__Pasteurellaceae|g__Haemophilus|s__Haemophilus_sputorum,-0.1004395,-0.12316422,-0.14183989,0.5852709,-0.16654746,-0.19232576,-0.1666669,-0.14487183,-0.12525496,-0.18281472,-0.1825392,-0.22384012,-0.16785587,-0.20330435,-0.103448145,-0.09964436,-0.058144663,-0.10010251,-0.10815589,-0.17022304,-0.1978925,-0.12536043,-0.13623981,-0.15182842,-0.17071709,-0.11658599,-0.16692804,-0.17302072,-0.1509206,-0.12124001,-0.13502285,-0.10615891,-0.14806856,-0.19466257,-0.18791729,-0.2175087,-0.16063896,-0.22338755,-0.19598237,-0.29867563,-0.29210672,-0.19666317,-0.10742649,-0.09162698,-0.13691942,-0.15478787,2.2899156,-0.1928316,-0.14611751,-0.2026537,-0.183496,-0.18279888,-0.19640052,-0.19713861,-0.20185831,-0.15664306,-0.12574652,-0.14344996,-0.092723146,-0.09620166,-0.17054096,-0.1420748,-0.13743341,-0.1466346,-0.12719077,-0.15101977,-0.2613474,-0.22333384,-0.18788975,-0.20047067,-0.14532956,-0.14886166,-0.13066389,-0.14253418,-0.15008734,-0.16340077,-0.14596224,-0.16278498,-0.15918441,-0.14998752,-0.14686522,-0.15676126,-0.15286122,-0.22480208,-0.120334074,-0.14129184,-0.11860742,-0.16037819,-0.17323126,-0.15535931,-0.16727823,-0.11139822,-0.1388583,-0.13027036,-0.12857455,-0.15152657,-0.1424316,-0.11566405,-0.10065024,-0.09117207,-0.10578208,-0.12057944,-0.13486914,-0.15027548,-0.15968275,-0.1185138,-0.11129953,-0.1578567,-0.17738779,-0.13339156,-0.16358235,-0.25953975,-0.14844468,-0.13268417,-0.14150761,-0.15095688,-0.17780018,-0.16335785,-0.22917573,-0.09015879,-0.110594586,-0.13469917,-0.1296066,-0.13997786,-0.17310241,-0.13908121,-0.16057305,-0.12777606,-0.07092635,-0.03704006,-0.13721466,-0.16145575,-0.1779718,-0.14332479,-0.12334781,-0.13566044,-0.12023825,-0.13796933,-0.25318068,-0.26654312,-0.08417569,-0.10945694,-0.14385901,-0.09238048,-0.1868628,-0.18934584,-0.1525444,-0.090892255,-0.13230102,-0.14927968,-0.15005457,-0.15848655,-0.1698843,-0.18238592,-0.088608444,-0.12386409,-0.14083418,-0.10256614,-0.17951453,-0.19495486,-0.1898309,-0.10056348,-0.13113372,-0.08033736,-0.1277884,-0.19006202,-0.19219276,-0.19050449,-0.12335561,-0.07625562,-0.09761241,-0.118718475,-0.13639018,-0.12406494,-0.121451,-0.09502572,-0.09714495,-0.10871614,-0.082459606,-0.113080725,-0.13212427,-0.16627893,-0.1410757,-0.1364241,-0.18093297,-0.17825818,-0.19306386,-0.14440528,-0.15549555,-0.13521849,-0.119081676,-0.14001076,-0.19117098,-0.19024025,-0.18072729,-0.19755594,-0.25103784,-0.20219928,-0.18919927,-0.1903254,-0.18166001,-0.17332649,-0.27554205,-0.08916744,-0.11956477,-0.12805873,-0.15751183,-0.20931396,4.1201715,-0.29657933,-0.32474133,-0.1533106,-0.3242122,-0.17325558,-0.17108874,-0.2185038,-0.17647925,-0.114121355,-0.13993898,-0.15388772,-0.15788373,-0.22984435,-0.18186735,-0.25406224,-0.1047708,-0.12455491,-0.13838312,-0.12418626,-0.15189947,-0.15448336,-0.15545024,-0.14014931,-0.15141064,-0.16233817,-0.15495303,-0.15306292,-0.15271743,-0.13374332,-0.12312602,-0.14617172,-0.18910323,-0.17628771,-0.21025829,-0.3990198,-0.20142844,-0.11365019,-0.1296617,-0.11864676,-0.14759557,-0.16636807,-0.18547884,-0.19049963,-0.13160044,-0.07747835,-0.15251687,-0.1395486,-0.14106366,-0.11829394,-0.19987361,-0.1649412,-0.15840428,-0.14131942,-0.1236366,-0.12722544,-0.14610182,-0.2588673,-0.10763095,-0.13074079,-0.09132757,-0.12832497,-0.12901834,-0.14947718,-0.15118977,-0.09672879,-0.08910369,-0.12429236,-0.11084315,-0.13772722,-0.15046671,-0.16944303,-0.1426741,-0.116619736,-0.17320886,-0.1515181,-0.14203832,-0.12558973,-0.14145268,-0.17466888,-0.13176009,-0.13207857,-0.14547803,-0.122890905,-0.08722703,-0.05825615,-0.14324759,-0.17082691,-0.026243303,-0.16623119,-0.2829064,-0.31316653,-0.19704756,-0.14536202,-0.14331596,-0.14862512,-0.12963767,-0.25088155,-0.19272304,-0.18730402,-0.09511864,-0.109564885,-0.10702289,-0.09404948,-0.12759323,-0.1526204,-0.15746465,-0.16648813,-0.12812386,-0.0969081,-0.16398169,-0.14314744,-0.11335766,-0.18846886,-0.1706479,-0.15350243,-0.12573269,-0.115196005,-0.11303998,-0.11662802,-0.17502116,-0.13825236,-0.13410325,-0.096878245,-0.121207386,-0.09223153,-0.12434345,-0.13565412,-0.063823454,-0.13877153,-0.11419349,-0.13371703,4.707916,3.2466946,0.87956196,-0.14589563,-0.1562689,-0.13214378,-0.19104545,-0.0782174,-0.17151052,-0.16362527,-0.09859173,-0.11065883,-0.114744134,-0.076612435,-0.083404,-0.1213824,-0.13072303,-0.13855581,-0.19385117,-0.09939489,-0.1552931,-0.19487974,-0.19013965,-0.18579967,-0.11145736,-0.14283839,-0.10328677,-0.15857507,-0.19310462,-0.17175946,-0.16819334,-0.14258537,-0.14223349,-0.10240711,-0.1528606,-0.1611814,-0.18017833,-0.19383694,-0.121255755,-0.14693575,-0.11403648,-0.080851495,-0.14289978,-0.20725825,-0.16019566,-0.125103,-0.15657571,-0.15690626,-0.14354232,-0.19202894,-0.16203837,-0.18082228,-0.2963242,-0.1973638,-0.18040076,-0.17123175,-0.19203897,-0.15714663,-0.14054683,-0.13023943,-0.12557748,-0.13809434,-0.16260178,-0.30584824,-0.16637124,-0.17999084,-0.19175246,-0.11441202,-0.15012789,-0.14049944,-0.17725632,-0.16628805,-0.16375732,-0.14331086,-0.18237996,-0.12842354,-0.15299834,-0.13742782,-0.24156228,-0.17877272,-0.10357414,-0.13532469,-0.14161325,-0.1735467,-0.11059633,-0.13452339,-0.15150082,-0.15936695,-0.18119599,-0.15343352,-0.14873087,-0.19184028,-0.17465827,-0.16327664,-0.14723541,-0.14623587,-0.11499533,-0.10471026,-0.13495171,-0.20148799,-0.17601785,-0.12513243,-0.16555762,-0.18041904,-0.18738703,-0.11705899,-0.1750421,-0.2569614,-0.09310991,-0.09279396,-0.11506187,-0.13582607,-0.14757687,-0.09898675,-0.18771943
k__Bacteria|p__Proteobacteria|c__Betaproteobacteria|o__Burkholderiales|f__Sutterellaceae|g__Parasutterella|s__Parasutterella_SGB9260,-0.1004395,-0.12316422,-0.14106312,-0.20428483,-0.16606437,-0.19270201,-0.1666669,-0.14518958,-0.12500496,-0.18372294,-0.182568,-0.21838251,-0.16963468,-0.20143405,-0.103060395,-0.0988891,-0.058144663,-0.100128055,-0.10775052,-0.17047963,-0.1978925,-0.12536043,-0.13656655,-0.15250842,-0.1709896,-0.11658599,-0.16739373,-0.17373535,-0.1509206,-0.12124001,-0.13515374,-0.10531528,-0.14814758,-0.19446701,-0.18848602,-0.2175087,-0.15985727,-0.22338755,-0.19546017,-0.29867563,-0.29210672,-0.1966053,-0.1071598,-0.09162698,-0.13691942,-0.15470475,-0.23188588,-0.19296505,-0.14627782,-0.2026537,-0.18301986,-0.18279888,-0.19572482,-0.19659697,-0.20064569,-0.15851197,-0.12566224,-0.143622,-0.092694774,-0.095797,-0.17104584,-0.14261916,-0.13743341,-0.14680903,-0.12719077,-0.15132627,-0.2613474,-0.22333384,-0.18788734,-0.20047067,-0.1457017,-0.1491683,-0.13040854,-0.14258143,-0.15096948,-0.16402847,-0.14668411,-0.16278498,-0.15892178,-0.14998752,-0.14723149,-0.15669024,-0.15319826,-0.22480208,-0.120334074,-0.141502,-0.11834592,-0.16101041,-0.1737311,-0.1552406,-0.1679548,-0.11139822,-0.1388583,-0.13027036,-0.12887725,-0.15152657,-0.14283329,-0.11588004,-0.10065024,-0.09063569,-0.10564202,-0.12041891,-0.13490659,-0.15027548,-0.1602557,-0.1185138,-0.11129953,-0.1578567,-0.17738779,-0.13375764,-0.16304234,-0.25953975,-0.14855033,-0.13240251,-0.1413962,-0.15095688,-0.17780018,-0.16278175,-0.22917573,-0.09015879,-0.11052884,-0.13466309,-0.12962094,-0.13997786,-0.1732083,-0.13908121,-0.16057305,-0.12777606,-0.07092635,-0.03704006,-0.13697451,-0.16190197,-0.17862791,-0.14332479,-0.12334781,-0.1358598,-0.12023825,-0.13827604,-0.25318068,3.905741,-0.08381131,-0.10945694,-0.14452386,-0.09238048,-0.1873662,-0.1892943,-0.1526388,-0.09047611,-0.13230102,-0.14943576,-0.15007006,-0.15867096,-0.17004703,-0.18348277,-0.087912366,-0.12384027,-0.14082062,-0.10256614,-0.17951453,-0.19495486,-0.19050136,-0.10036368,-0.13113372,-0.07953052,-0.12781835,-0.19006202,-0.19233109,-0.19087577,-0.12373333,-0.07560697,-0.09727468,-0.11838134,-0.13656223,-0.12406494,-0.121451,-0.094606146,-0.09673091,-0.10855465,-0.082459606,-0.11302441,-0.13241118,-0.16695544,-0.1410757,-0.13622904,-0.18093297,-0.17825818,-0.19302832,-0.14427836,-0.15549555,-0.13537066,-0.119081676,-0.14001076,-0.19117098,-0.18990624,-0.1805856,-0.19755594,-0.25103784,-0.20219928,-0.18947464,-0.19011751,-0.1819461,-0.17296103,-0.27554205,-0.08916744,-0.11956477,-0.127909,-0.15751183,-0.20931396,-0.18224281,-0.29657933,-0.32474133,-0.15319574,-0.3242122,-0.17325558,-0.17108874,-0.2185038,-0.17647925,-0.114121355,-0.1396927,-0.15388772,-0.15788373,-0.22984435,-0.18186735,-0.25100684,-0.10445137,-0.12455491,-0.13857901,-0.12424585,-0.15189947,-0.155054,-0.15613312,-0.14014931,-0.15141064,-0.1630204,-0.15496263,-0.15339789,-0.1526653,-0.1337277,-0.12319546,-0.14629927,-0.19007696,-0.17622301,-0.21025829,7.429855,-0.20119886,-0.11358687,-0.1296617,-0.118534766,-0.14797719,-0.16636807,-0.18641797,-0.19078675,-0.13156986,-0.07697269,-0.15297198,-0.13961178,-0.14106366,-0.11857403,-0.19987361,-0.1649412,-0.15823415,-0.14113086,-0.12364749,-0.12722544,-0.14610182,-0.2588673,-0.10729244,-0.13074079,-0.09132757,-0.12832497,-0.12941161,-0.14963976,-0.15190303,-0.096484914,-0.08910369,-0.124368295,-0.11051748,-0.13778684,-0.15057942,-0.17000636,-0.14282559,-0.116644576,-0.17369393,-0.15166575,-0.14239725,-0.12517895,-0.14236829,-0.17466888,-0.13176009,-0.13223106,-0.14575246,-0.12289517,-0.08722703,-0.05825615,-0.14350142,-0.17082691,-0.026243303,-0.16548632,-0.2829064,-0.31316653,-0.19705474,-0.1455675,-0.14331596,-0.14862512,-0.12963767,-0.25088155,-0.1925986,-0.18792513,-0.094922796,-0.109519586,-0.10702289,-0.094196096,-0.12759323,-0.152911,-0.15746465,-0.16671811,-0.12812386,-0.0969081,-0.16398169,-0.14379431,-0.11335766,-0.18846886,-0.1706479,-0.15355709,-0.12580982,-0.115196005,-0.11302837,-0.11662802,-0.17594618,-0.13836005,-0.1342687,-0.096878245,-0.12100972,-0.09210107,-0.12434345,-0.13628869,-0.063823454,-0.13877153,-0.11419349,-0.13367654,-0.24483351,-0.2571875,-0.29957527,-0.14590973,-0.15656509,-0.13200206,-0.19104545,-0.0782174,-0.17174768,-0.16412479,-0.09859173,-0.11065883,-0.11520914,-0.076612435,-0.083404,-0.1213824,-0.13072303,-0.13855581,-0.19385117,-0.099024855,-0.15531681,-0.19487974,-0.19015926,-0.18616508,-0.11131527,-0.14299873,-0.10331231,-0.15926819,-0.19301495,-0.17268777,-0.16834144,-0.14260907,-0.14229213,-0.10161847,-0.15312833,-0.16133146,-0.18029249,-0.19392285,-0.121306226,-0.14741527,-0.11402731,-0.080621034,-0.142519,-0.20725825,-0.16029057,-0.125103,-0.15657571,-0.15690626,-0.14340939,-0.19202894,-0.16210249,-0.18172967,-0.2963242,-0.19496968,-0.1804295,-0.1710379,-0.19173804,-0.15703551,-0.14054683,-0.13013327,-0.12557748,-0.13810368,-0.1622347,-0.30584824,-0.16626433,-0.1806368,-0.19182311,-0.11441202,-0.15064251,-0.14041328,-0.17749983,-0.16645452,-0.16434118,-0.14331086,-0.18237996,-0.12794934,-0.15324788,-0.13678822,-0.24156228,-0.17855033,-0.10328984,-0.13519384,-0.14192691,-0.17400074,-0.11039814,-0.13447696,-0.15243647,-0.15969953,-0.180973,-0.15412253,-0.1487309,-0.19184028,-0.1746074,-0.16423097,-0.14723541,-0.14623587,-0.11499533,-0.10471026,-0.13502748,-0.20148799,-0.17657447,-0.12513243,-0.16546142,-0.18041904,-0.18738703,-0.11705899,-0.17678814,-0.25566107,-0.09263742,-0.09257804,-0.11466588,-0.13596657,-0.14771076,-0.098554224,-0.18844083
k__Bacteria|p__Proteobacteria|c__Deltaproteobacteria|o__Desulfovibrionales|f__Desulfovibrionaceae|g__Bilophila|s__Bilophila_wadsworthia,-0.1004395,-0.12316422,-0.14186226,-0.20428483,-0.1670673,-0.19325447,-0.1666669,-0.145195,-0.12523854,-0.18338315,-0.18336383,-0.22618575,-0.16878408,-0.20541795,-0.10353923,-0.09976588,-0.058144663,-0.099902466,-0.10798299,-0.17066541,-0.1978925,-0.12536043,-0.13630113,-0.1521929,-0.1713714,-0.11658599,-0.16742986,-0.17381611,-0.1509206,-0.12124001,-0.13527265,-0.106107116,-0.14836425,-0.19566943,-0.18893418,-0.2175087,-0.16097659,-0.22338755,-0.19716719,-0.29867563,-0.29210672,-0.19787714,-0.10751827,-0.09162698,-0.13691942,-0.15513292,-0.23188588,-0.19363818,-0.1465753,-0.2026537,-0.18412615,-0.18279888,-0.19723722,-0.19802804,-0.20300257,-0.15718688,-0.12586963,-0.1438089,-0.09240237,-0.09588519,-0.17108092,-0.14231995,-0.13743341,-0.1469982,-0.12719077,-0.15127784,-0.2613474,-0.22333384,-0.18869452,-0.20047067,-0.14567052,-0.14924479,-0.13082299,-0.14269872,-0.15042077,-0.16388467,-0.14653525,-0.16278498,-0.15961125,-0.14998752,-0.14711785,-0.15712628,-0.15314378,-0.22480208,-0.120334074,-0.14153674,-0.11849953,-0.16079324,-0.17385414,-0.15572464,-0.16802114,-0.11139822,-0.1388583,-0.13027036,-0.12864318,-0.15152657,-0.14263906,-0.11568986,-0.10065024,-0.090891436,-0.10569253,-0.12063369,-0.13504408,-0.15027548,-0.16029906,-0.1185138,-0.11129953,-0.1578567,-0.17738779,-0.13357317,-0.16387372,-0.25953975,-0.14877582,-0.13284984,-0.14171706,-0.15095688,-0.17780018,-0.16375205,-0.22917573,-0.09015879,-0.11036903,-0.13488185,-0.1297532,-0.13997786,-0.1737656,-0.13908121,-0.16057305,-0.12777606,-0.07092635,-0.03704006,-0.137283,-0.1619645,-0.17873158,-0.14332479,-0.12334781,-0.13593553,-0.12023825,-0.13820276,-0.25318068,-0.26654312,-0.08387789,-0.10945694,-0.1443418,-0.09238048,-0.18758315,-0.19024386,-0.15311612,-0.09063139,-0.13230102,-0.1495832,-0.15038395,-0.15891738,-0.17043777,-0.1832959,-0.088308886,-0.123951755,-0.14135973,-0.10256614,-0.17951453,-0.19495486,-0.19086736,-0.10036735,-0.13113372,-0.079907544,-0.12781288,-0.19006202,-0.19317266,-0.19149974,-0.123551555,-0.07590695,-0.09745252,-0.118727975,-0.1366384,-0.12406494,-0.121451,-0.094874665,-0.09706201,-0.10879352,-0.082459606,-0.11306542,-0.13233717,-0.16697973,-0.1410757,-0.13653173,-0.18093297,-0.17825818,-0.19404979,-0.14474101,-0.15549555,-0.13547839,-0.119081676,-0.14001076,-0.19117098,-0.19121915,-0.18141079,-0.19755594,-0.25103784,-0.20219928,-0.18996367,-0.19106624,-0.18242046,-0.1739055,-0.27554205,-0.08916744,-0.11956477,-0.1281183,-0.15751183,-0.20931396,-0.18224281,-0.29657933,-0.32474133,-0.1534717,1.8331573,-0.17325558,4.1627593,2.3345888,-0.17647925,-0.114121355,-0.14010534,-0.15388772,-0.15788373,-0.22984435,-0.18186735,-0.25676262,-0.104658,-0.12455491,-0.1385961,-0.12422828,-0.15189947,-0.15492043,-0.15607065,-0.14014931,-0.15141064,-0.16285723,-0.1552873,-0.15347657,-0.15317693,-0.13410482,-0.123138085,-0.14631826,-0.18990794,-0.17705643,-0.21025829,-0.3990198,-0.20227766,-0.11368388,-0.1296617,-0.11866893,-0.14785129,-0.16636807,-0.18633986,-0.19148389,-0.13182054,-0.077037096,-0.15288214,-0.13985202,-0.14106366,-0.118178494,-0.19987361,-0.1649412,-0.15884915,-0.14166003,-0.123754114,-0.12722544,-0.14610182,-0.2588673,-0.10755436,-0.13074079,-0.09132757,-0.12832497,-0.1291146,-0.14979377,-0.15171947,-0.096618816,-0.08910369,-0.124416046,-0.11077405,-0.13791151,-0.15081051,-0.17016071,-0.14296842,-0.116536945,-0.17381567,-0.15191197,-0.14231487,-0.12566684,-0.14187884,-0.17466888,-0.13176009,-0.13223991,-0.14580482,-0.12312584,-0.08722703,-0.05825615,-0.14358327,-0.17082691,-0.026243303,-0.16697912,-0.2829064,-0.31316653,-0.19808905,-0.14567067,-0.14331596,-0.14862512,-0.12963767,-0.25088155,-0.19369367,-0.18825519,-0.0949014,-0.1095045,-0.10702289,-0.09380846,-0.12759323,-0.15296417,-0.15746465,-0.1670751,-0.12812386,-0.0969081,-0.16398169,-0.14348981,-0.11335766,-0.18846886,-0.1706479,-0.15392497,-0.12586182,-0.115196005,-0.11300326,-0.11662802,-0.17585969,-0.13851592,-0.13445637,-0.096878245,-0.12132773,-0.09198479,-0.12434345,-0.13590279,-0.063823454,-0.13877153,-0.11419349,-0.13385342,-0.24483351,-0.2571875,-0.29957527,-0.14621961,-0.15669137,-0.13219908,-0.19104545,-0.0782174,-0.17223534,-0.16420451,-0.09859173,-0.11065883,-0.11478327,-0.076612435,-0.083404,-0.1213824,-0.13072303,-0.13855581,-0.19385117,-0.09922363,-0.15558115,-0.19487974,-0.1909917,-0.18670836,-0.11142866,-0.14315975,-0.10311806,-0.15899393,-0.19389856,-0.1724464,-0.1690684,-0.14289273,-0.14259014,-0.10217884,-0.15322399,-0.16158709,-0.18094619,-0.19506937,-0.12129706,-0.14732993,-0.114086956,-0.080354564,-0.14292076,-0.20725825,-0.16085011,-0.125103,-0.15657571,-0.15690626,-0.14378181,-0.19202894,-0.16251613,-0.18166265,-0.2963242,-0.19849336,-0.18103078,-0.17182589,-0.192946,-0.15761149,-0.14054683,-0.13043645,-0.12557748,-0.13843872,-0.16321412,-0.30584824,-0.16682445,-0.18086943,-0.19265395,-0.11441202,-0.15045834,-0.1406881,-0.17787907,-0.16678351,-0.16440886,-0.14331086,-0.18237996,-0.1285223,-0.15328938,-0.13745145,-0.24156228,-0.17966387,-0.10345009,-0.13541411,-0.14185554,-0.17424154,-0.110537976,-0.13463086,-0.15208918,-0.15993866,-0.18190205,-0.15385428,-0.14898334,-0.19184028,-0.17529222,-0.16391817,-0.14723541,-0.14623587,-0.11499533,-0.10471026,-0.13498676,-0.20148799,-0.17686546,-0.12513243,-0.16613212,-0.18041904,-0.18738703,-0.11705899,-0.17587042,-0.25934744,-0.09294096,-0.0925682,-0.11500955,-0.13602793,-0.14797202,-0.09875079,-0.18876217
k__Bacteria|p__Proteobacteria|c__Gammaproteobacteria|o__Enterobacterales|f__Enterobacteriaceae|g__Enterobacter|s__Enterobacter_kobei,-0.1004395,-0.12316422,-0.14182205,-0.20428483,-0.16664425,-0.19279876,-0.1666669,-0.14456774,-0.12495527,-0.18270299,-0.1822479,-0.2254865,-0.16887921,-0.2031349,-0.10297632,-0.09945203,-0.058144663,-0.09947693,-0.107839145,-0.17043243,-0.1978925,-0.12536043,-0.13597605,-0.15168762,-0.17082724,-0.11658599,-0.16693558,-0.17315446,-0.1509206,-0.12124001,-0.13492504,-0.10562894,-0.1481405,-0.19461706,-0.1882695,-0.2175087,-0.16103971,-0.22338755,-0.19674024,-0.29867563,-0.29210672,-0.1970697,-0.106907606,-0.09162698,-0.13691942,-0.15489012,-0.23188588,-0.19324073,-0.1460503,-0.2026537,-0.1833258,-0.18279888,-0.19651507,-0.19787194,-0.20251128,-0.1565755,-0.12545589,-0.14328396,-0.09219092,-0.09566354,-0.17040947,-0.14190409,-0.13743341,-0.14654069,-0.12719077,-0.15105575,-0.2613474,-0.22333384,-0.18802422,-0.20047067,-0.14504786,-0.14870007,-0.13051468,-0.14233398,-0.14969411,-0.16313633,-0.14597687,-0.16278498,-0.1591656,-0.14998752,-0.14682467,-0.15676472,-0.15284498,-0.22480208,-0.120334074,-0.14121512,-0.11833995,-0.16006061,-0.17321324,-0.15563574,-0.16758133,-0.11139822,-0.1388583,-0.13027036,-0.12821686,-0.15152657,-0.14223501,-0.1153513,-0.10065024,-0.09049691,-0.105159864,-0.12011348,-0.1346072,-0.15027548,-0.159694,-0.1185138,-0.11129953,-0.1578567,-0.17738779,-0.13333315,-0.16419974,-0.25953975,-0.14843431,-0.13256815,-0.14142948,-0.15095688,-0.17780018,-0.16362056,-0.22917573,-0.09015879,-0.11036396,-0.1345005,-0.12933517,-0.13997786,-0.17331895,-0.13908121,-0.16057305,-0.12777606,-0.07092635,-0.03704006,-0.13694671,-0.16141191,-0.17827117,-0.14332479,-0.12334781,-0.13539451,-0.12023825,-0.13775934,4.8972006,7.4063888,-0.083461136,-0.10945694,-0.14367159,-0.09238048,-0.18717396,-0.18954298,-0.15269008,-0.090302065,-0.13230102,-0.14930505,-0.14998937,-0.15846825,-0.16996515,-0.18250467,-0.08807152,-0.12367599,-0.14076453,-0.10256614,-0.17951453,-0.19495486,-0.1901283,-0.10003859,-0.13113372,-0.079682484,-0.1275551,-0.19006202,-0.19231534,-0.19094715,-0.1231015,-0.07535888,-0.09700219,-0.11839715,-0.1361709,-0.12406494,-0.121451,-0.09451039,-0.09657527,-0.10828385,-0.082459606,-0.11247928,-0.13168803,-0.1662994,-0.1410757,-0.13637887,-0.18093297,-0.17825818,-0.19344614,-0.14442044,-0.15549555,-0.13513783,-0.119081676,-0.14001076,-0.19117098,-0.19055662,-0.18111986,-0.19755594,-0.25103784,-0.20219928,-0.1895687,-0.19066809,-0.18191203,-0.17365482,-0.27554205,-0.08916744,-0.11956477,-0.12787168,-0.15751183,-0.20931396,-0.18224281,-0.29657933,-0.32474133,-0.15586117,-0.3242122,-0.17325558,-0.17108874,-0.2185038,-0.17647925,-0.114121355,-0.13984132,-0.15388772,-0.15788373,-0.22984435,-0.18186735,-0.25505328,-0.10431495,-0.12455491,-0.13811693,-0.12384231,-0.15189947,-0.15413669,-0.15534756,-0.14014931,-0.15141064,-0.16217235,-0.15498836,-0.15300052,-0.15288542,-0.1336909,-0.12284215,-0.14604601,-0.18908566,-0.1764417,-0.21025829,-0.3990198,-0.20296404,-0.113204435,-0.1296617,-0.11806403,-0.1475364,-0.16636807,-0.18544418,-0.19086742,-0.13174288,-0.076490566,-0.15240812,-0.13943085,-0.14106366,-0.11822918,-0.19987361,-0.1649412,-0.15858075,-0.14152217,-0.12334867,-0.12722544,-0.14610182,-0.2588673,-0.10736726,-0.13074079,-0.09132757,-0.12832497,-0.1286901,-0.1493929,-0.15109432,-0.09615169,-0.08910369,-0.12402305,-0.110386446,-0.13770986,-0.15037683,-0.16969913,-0.14255507,-0.11636537,-0.1733231,-0.15141967,-0.14192425,-0.12521017,-0.14145806,-0.17466888,-0.13176009,-0.13196218,-0.1452544,-0.122602865,-0.08722703,-0.05825615,-0.14312093,-0.17082691,-0.026243303,-0.16719323,-0.2829064,-0.31316653,-0.19796729,-0.14527825,-0.14331596,-0.14862512,-0.12963767,0.69705176,-0.19295171,-0.18766776,-0.09457865,-0.10905664,-0.10702289,-0.09323217,-0.12759323,-0.1528347,-0.15746465,-0.16649145,-0.12812386,-0.0969081,-0.16398169,-0.14292791,-0.11335766,3.3965347,-0.1706479,-0.1536423,-0.12547459,-0.115196005,-0.11277123,-0.11662802,-0.17504099,-0.13804579,-0.13372678,-0.096878245,-0.1208076,-0.09152888,2.4499846,-0.1355626,-0.063823454,-0.13877153,1.6323355,-0.13364899,7.655095,2.681025,-0.29957527,-0.14579856,-0.15614784,-0.13186581,-0.19104545,-0.0782174,-0.17163524,-0.163818,-0.09859173,-0.11065883,-0.11437161,-0.076612435,-0.083404,-0.1213824,-0.13072303,-0.13855581,3.6993568,-0.098867625,-0.15550007,-0.19487974,-0.19046485,-0.18624797,-0.11110497,-0.14269653,-0.10254738,-0.15830818,-0.1932815,-0.17199427,-0.1685071,-0.1424508,-0.14208952,-0.10216203,-0.15287861,-0.16114217,-0.18050252,-0.1942809,-0.12083862,-0.14665967,-0.11364417,-0.07999295,-0.14322351,-0.20725825,-0.16033868,-0.125103,-0.15657571,-0.15690626,-0.143498,3.0455687,-0.16222556,-0.1810633,-0.2963242,-0.19840078,-0.18089885,-0.17118946,-0.19237885,-0.15730503,-0.14054683,-0.13004187,-0.12557748,-0.13802686,-0.16369496,-0.30584824,-0.16670224,-0.17999992,-0.19204089,-0.11441202,-0.15010595,-0.14039338,-0.1775806,-0.1663396,-0.16388625,-0.14331086,-0.18237996,-0.12847598,-0.1531791,-0.13778502,-0.24156228,-0.17909731,-0.10314451,-0.13522503,-0.1413217,-0.17352727,-0.110323325,-0.13436414,-0.1513766,-0.15927412,-0.18132661,-0.15336774,-0.148574,-0.19184028,-0.17489047,-0.16328786,-0.14723541,-0.14623587,-0.11499533,-0.10471026,-0.13490218,-0.20148799,-0.17623612,-0.12513243,-0.16574065,-0.18041904,-0.18738703,-0.11705899,-0.17500159,-0.2570694,-0.092537895,-0.092195004,-0.11473089,-0.13559806,-0.14749426,-0.098545015,-0.18800846
k__Bacteria|p__Proteobacteria|c__Gammaproteobacteria|o__Enterobacterales|f__Morganellaceae|g__Proteus|s__Proteus_mirabilis,-0.1004395,-0.12316422,-0.14146623,-0.20428483,-0.16596149,-0.19177778,-0.1666669,-0.14448306,-0.12537089,-0.18182567,-0.18217893,-0.22034611,-0.16894303,-0.20155707,-0.103853315,-0.099992834,-0.058144663,-0.10024335,-0.108352005,-0.16972582,-0.1978925,-0.12536043,-0.13610631,-0.15154183,-0.17025003,-0.11658599,-0.16651757,-0.17259175,-0.1509206,-0.12124001,-0.13498792,-0.106393546,-0.14783685,-0.19370452,-0.18735851,-0.2175087,-0.1602414,-0.22338755,-0.19522607,-0.29867563,-0.29210672,-0.19602849,-0.10775176,-0.09162698,-0.13691942,-0.1543604,-0.23188588,-0.19210276,-0.14608136,-0.2026537,-0.18254974,-0.18279888,-0.19505891,-0.19623691,-0.20008379,-0.15679926,-0.12573922,-0.1433129,-0.09316988,-0.09647091,-0.16998723,-0.14195679,-0.13743341,-0.14642358,-0.12719077,-0.15088406,-0.2613474,-0.22333384,-0.18724327,-0.20047067,-0.14506637,-0.14865935,-0.1305959,-0.14225331,-0.14978573,-0.1628275,-0.1458374,-0.16278498,-0.1587497,-0.14998752,-0.1466887,-0.15632816,-0.15258867,-0.22480208,-0.120334074,-0.14117926,-0.11860975,-0.15990822,-0.17264378,-0.15507779,-0.16678792,-0.11139822,-0.1388583,-0.13027036,-0.12860875,-0.15152657,-0.14234948,-0.115838155,-0.10065024,-0.09152712,-0.10601637,-0.12063171,-0.13476056,-0.15027548,-0.15940109,-0.1185138,-0.11129953,-0.1578567,-0.17738779,-0.13337925,-0.16307451,-0.25953975,-0.14819781,-0.13265195,-0.14119095,-0.15095688,-0.17780018,-0.1630032,-0.22917573,-0.09015879,-0.11077343,-0.13456431,-0.12956505,-0.13997786,-0.17259885,-0.13908121,-0.16057305,-0.12777606,-0.07092635,-0.03704006,-0.1369366,-0.16113937,-0.17744336,-0.14332479,-0.12334781,-0.13569966,-0.12023825,-0.13779442,-0.25318068,-0.26654312,-0.084701315,-0.10945694,-0.14385293,-0.09238048,-0.18620658,-0.18846424,-0.15236461,-0.091324866,-0.13230102,-0.14903979,-0.14973685,-0.15806322,-0.16939047,-0.18191372,-0.08903972,-0.12385848,-0.1407358,-0.10256614,-0.17951453,-0.19495486,-0.18921185,-0.10079822,-0.13113372,-0.08063626,-0.1278374,-0.19006202,-0.19142759,-0.18985397,-0.12345475,-0.07688025,-0.09793466,-0.118766874,-0.13627437,-0.12406494,3.2151005,-0.09538756,-0.09754558,-0.10904154,-0.082459606,-0.113222614,-0.13216344,-0.16590862,-0.1410757,-0.1362466,-0.18093297,-0.17825818,-0.19233227,-0.14429006,-0.15549555,-0.13515717,-0.119081676,-0.14001076,-0.19117098,-0.1894008,-0.18007496,-0.19755594,-0.25103784,-0.20219928,-0.18866655,-0.18944278,-0.18108961,-0.17277837,-0.27554205,-0.08916744,-0.11956477,-0.12807709,-0.15751183,-0.20931396,-0.18224281,1.1410925,-0.32474133,-0.15357535,-0.3242122,-0.17325558,-0.17108874,-0.2185038,-0.17647925,-0.114121355,-0.13972852,-0.15388772,-0.15788373,-0.22984435,-0.18186735,-0.25208205,-0.10501517,-0.12455491,-0.13823742,-0.12423691,-0.15189947,-0.15414631,-0.15525758,-0.14014931,-0.15141064,-0.16190843,-0.15458776,-0.15276498,-0.15247549,-0.13378513,-0.123165585,-0.14599279,-0.18826863,-0.17580655,-0.21025829,-0.3990198,-0.2010721,-0.113840505,-0.1296617,-0.11864743,-0.1473755,-0.16636807,-0.18485284,-0.1899055,-0.13166344,-0.078097425,-0.15224548,-0.13946952,-0.14106366,-0.11838433,-0.19987361,-0.1649412,-0.1580749,-0.14122677,-0.12373237,-0.12722544,-0.14610182,-0.2588673,-0.10788865,-0.13074079,-0.09132757,-0.12832497,-0.12900124,-0.14925644,-0.15101281,-0.097116366,-0.08910369,-0.12437739,-0.11103391,-0.13764302,-0.15022632,-0.16907677,-0.1424847,-0.11685776,-0.172609,-0.15128496,-0.1418965,-0.12550047,-0.14140342,-0.17466888,-0.13176009,-0.132137,-0.14525202,-0.1229921,-0.08722703,-0.05825615,-0.14301527,-0.17082691,-0.026243303,-0.16606997,-0.2829064,-0.31316653,-0.19650641,-0.14515266,-0.14331596,-0.14862512,-0.12963767,-0.25088155,-0.19194707,-0.18678185,-0.09552994,-0.109765045,-0.10702289,-0.094388865,-0.12759323,-0.1524496,-0.15746465,-0.16596028,-0.12812386,-0.0969081,-0.16398169,-0.14306393,-0.11335766,-0.18846886,-0.1706479,-0.15326422,-0.12579891,-0.115196005,-0.11325766,-0.11662802,-0.17462933,-0.13810319,-0.13408309,-0.096878245,-0.121272214,-0.09264827,-0.12434345,-0.13567601,-0.063823454,-0.13877153,-0.11419349,-0.13356273,-0.24483351,-0.2571875,-0.29957527,-0.14564654,-0.15588613,-0.13202393,-0.19104545,-0.0782174,-0.17107709,-0.1632198,-0.09859173,-0.11065883,-0.115012154,-0.076612435,-0.083404,-0.1213824,-0.13072303,-0.13855581,-0.19385117,-0.09971329,-0.15494448,-0.19487974,-0.1894452,-0.18523496,-0.111698605,-0.14267287,-0.103661045,-0.1580872,-0.19228944,-0.17136908,-0.16776589,-0.14239743,-0.14207214,-0.102652945,-0.15254149,-0.1606906,-0.17961392,-0.19297187,-0.12135306,-0.14667845,-0.11432,-0.08142854,-0.14252836,0.7924868,-0.15991668,-0.125103,-0.15657571,-0.15690626,-0.143383,-0.19202894,-0.16172591,-0.18035233,6.6695924,-0.19650555,-0.17976288,-0.17056757,-0.19118336,-0.15677437,-0.14054683,-0.13025625,-0.12557748,-0.13810107,-0.1624499,-0.30584824,-0.16591252,-0.1794234,-0.19100595,-0.11441202,-0.1498828,-0.14032333,-0.1766742,-0.1657624,-0.16349758,-0.14331086,-0.18237996,-0.12851655,-0.1527533,-0.13711084,1.0206724,-0.1783517,-0.10383656,-0.13521086,-0.14140143,-0.17297412,-0.11090951,-0.13445036,-0.15116014,-0.1589058,-0.18050301,-0.15322095,-0.14844143,-0.19184028,-0.17416158,-0.16299058,-0.14723541,-0.14623587,-0.11499533,-0.10471026,-0.13484988,-0.20148799,-0.175598,-0.12513243,-0.16522442,-0.18041904,-0.18738703,-0.11705899,-0.17462172,-0.25526065,-0.09354258,-0.09323707,-0.115188316,-0.13571578,-0.14735591,-0.099372044,-0.18696633
k__Bacteria|p__Proteobacteria|c__Betaproteobacteria|o__Burkholderiales|f__Sutterellaceae|g__Parasutterella|s__Parasutterella_excrementihominis,-0.1004395,-0.12316422,-0.14179263,-0.20428483,-0.16670436,-0.192773,-0.1666669,-0.14508775,-0.12532216,-0.1830936,-0.18273585,-0.22425954,-0.16952601,-0.2037663,-0.10369113,-0.09992692,-0.058144663,-0.100152954,-0.10827167,-0.17037657,-0.1978925,-0.12536043,-0.13636756,-0.15209353,-0.17111805,-0.11658599,-0.16707799,-0.17341575,-0.1509206,-0.12124001,-0.13526009,-0.10631387,-0.14829002,-0.19514838,-0.18852587,-0.2175087,-0.16075423,-0.22338755,-0.19665112,-0.29867563,-0.29210672,-0.1973157,-0.10769687,-0.09162698,-0.13691942,-0.15491763,-0.23188588,-0.19312957,-0.14660653,-0.2026537,-0.18350972,-0.18279888,-0.19656359,-0.19759612,-0.20243445,-0.15766329,-0.12594591,-0.1437752,-0.09275862,-0.09628557,-0.17085342,-0.14222836,-0.13743341,-0.14690086,-0.12719077,-0.15126586,-0.2613474,-0.22333384,-0.18815476,-0.20047067,-0.14560364,-0.14917028,-0.13090561,-0.14272475,-0.15047544,-0.16365573,-0.14646167,-0.16278498,-0.15927255,-0.14998752,-0.14713588,-0.1569485,-0.15303186,-0.22480208,-0.120334074,-0.14153859,-0.11866784,-0.16062656,-0.173615,-0.15547894,-0.16766927,-0.11139822,-0.1388583,-0.13027036,-0.12883341,-0.15152657,-0.14258736,-0.115905836,-0.10065024,-0.09124687,-0.10598524,-0.12079851,-0.13511436,-0.15027548,-0.16010234,-0.1185138,-0.11129953,-0.1578567,-0.17738779,-0.1336436,-0.16376159,2.734787,-0.14868326,-0.13283636,-0.14168891,-0.15095688,-0.17780018,-0.16349435,-0.22917573,-0.09015879,-0.11062798,-0.13483569,-0.12985769,-0.13997786,-0.17335716,-0.13908121,-0.16057305,-0.12777606,-0.07092635,-0.03704006,-0.13731658,-0.16177157,-0.17838147,-0.14332479,-0.12334781,-0.13592602,-0.12023825,-0.13831204,-0.25318068,-0.26654312,-0.08425225,-0.10945694,-0.14436784,-0.09238048,-0.18717688,-0.18964303,-0.15295742,-0.090979874,-0.13230102,-0.14949925,-0.15023111,-0.15872023,-0.17016043,-0.18303736,-0.0886164,-0.12399891,-0.14110947,-0.10256614,-0.17951453,-0.19495486,-0.19047761,-0.10070284,-0.13113372,-0.08039053,-0.12814522,-0.19006202,-0.19263142,-0.19102958,-0.12358648,-0.07629508,-0.097772695,-0.11891796,-0.13664469,-0.12406494,-0.121451,-0.095159456,-0.09738541,-0.10896535,-0.082459606,-0.11332874,-0.1324352,-0.1667346,-0.1410757,-0.13654038,-0.18093297,-0.17825818,-0.19354638,-0.1447255,-0.15549555,-0.13552281,-0.119081676,-0.14001076,-0.19117098,-0.19056514,-0.18082754,-0.19755594,-0.25103784,-0.20219928,-0.18951751,-0.19052789,-0.18207476,-0.17358078,5.009327,-0.08916744,-0.11956477,-0.12820016,-0.15751183,-0.20931396,-0.18224281,5.704143,-0.32474133,-0.1531071,-0.3242122,-0.17325558,-0.17108874,-0.2185038,-0.17647925,-0.114121355,-0.14003576,-0.15388772,-0.15788373,-0.22984435,-0.18186735,-0.2554903,-0.10490392,-0.12455491,-0.13857654,-0.12441846,-0.15189947,-0.1547651,-0.15598817,-0.14014931,-0.15141064,-0.16269255,-0.15511982,-0.15331493,-0.15300444,-0.13415456,-0.12335716,-0.14636537,-0.18949996,-0.17655858,-0.21025829,-0.3990198,-0.20186761,-0.113879226,-0.1296617,-0.118855946,-0.1479091,-0.16636807,-0.18590683,-0.19100648,-0.13178764,-0.07757181,-0.15289117,-0.13985386,-0.14106366,-0.11823866,-0.19987361,-0.1649412,-0.15853997,-0.14152887,-0.123896435,-0.12722544,-0.14610182,3.1702552,-0.107778825,-0.13074079,-0.09132757,-0.12832497,-0.12928696,-0.14968008,-0.15161309,-0.09689392,-0.08910369,-0.124534786,-0.11100401,-0.1379345,-0.15068966,-0.16993338,-0.1429196,-0.1167897,-0.17342983,-0.15174866,-0.14233337,-0.12568727,-0.14192474,-0.17466888,-0.13176009,-0.13236055,-0.14573859,-0.1232017,-0.08722703,-0.05825615,-0.14346854,-0.17082691,-0.026243303,-0.16644481,-0.2829064,-0.31316653,-0.19734786,-0.1456335,-0.14331596,-0.14862512,-0.12963767,-0.25088155,-0.1931597,-0.18788181,-0.09527097,-0.10975415,-0.10702289,-0.094299324,-0.12759323,-0.1528376,-0.15746465,-0.16680071,-0.12812386,-0.0969081,-0.16398169,-0.14347745,-0.11335766,-0.18846886,-0.1706479,-0.15379584,-0.1259219,-0.115196005,-0.11331634,-0.11662802,-0.17553753,-0.13850337,-0.13449565,-0.096878245,-0.12141993,-0.092416026,-0.12434345,-0.13594374,-0.063823454,-0.13877153,-0.11419349,-0.13393164,-0.24483351,-0.2571875,1.9590888,-0.14614964,-0.1565344,-0.13230692,-0.19104545,-0.0782174,-0.1719083,-0.16402149,-0.09859173,-0.11065883,-0.11497863,-0.076612435,-0.083404,-0.1213824,-0.13072303,-0.13855581,-0.19385117,-0.0995225,-0.15548581,-0.19487974,-0.1904448,-0.18629128,-0.11167911,-0.14300406,-0.103487894,-0.15894991,-0.19342388,-0.17220566,-0.16867895,-0.14281553,-0.14253962,-0.102415696,-0.15309328,-0.16135393,-0.18048573,-0.19436747,-0.12149824,-0.14725731,-0.114236206,-0.080868244,-0.14293525,-0.20725825,-0.16055816,-0.125103,-0.15657571,-0.15690626,-0.14364812,-0.19202894,-0.16227752,-0.18136428,-0.2963242,-0.19764191,-0.18072426,-0.17147212,-0.19236016,-0.15740767,-0.14054683,-0.13048667,-0.12557748,-0.13834837,-0.16307077,-0.30584824,-0.16631067,-0.18062216,-0.19214995,-0.11441202,-0.1504468,-0.14069115,-0.17747118,-0.16651411,-0.164256,-0.14331086,-0.18237996,-0.1286065,-0.1531502,-0.13751379,-0.24156228,-0.17913674,-0.10374558,-0.13537008,-0.141871,-0.17397007,-0.11078073,-0.13466589,-0.15195194,-0.1597085,-0.18134405,-0.15381096,-0.14895448,-0.19184028,-0.17488743,-0.16375607,-0.14723541,-0.14623587,-0.11499533,-0.10471026,-0.13512889,-0.20148799,-0.17653197,-0.12513243,-0.1655389,-0.18041904,-0.18738703,-0.11705899,-0.17577726,-0.25825918,-0.09322544,-0.0929504,-0.11518631,-0.13611332,-0.14788894,-0.09914687,-0.18819791
k__Bacteria|p__Proteobacteria|c__Gammaproteobacteria|o__Enterobacterales|f__Enterobacteriaceae|g__Citrobacter|s__Citrobacter_sp_RHBSTW_00671,-0.1004395,-0.12316422,-0.14115955,-0.20428483,-0.16620815,-0.19251572,-0.1666669,-0.14455949,-0.12489253,-0.18277916,-0.18201843,-0.21888989,-0.16889738,-0.20148355,-0.103000365,-0.09901567,-0.058144663,-0.09941769,-0.107582174,-0.17015265,-0.1978925,-0.12536043,-0.13591135,-0.151696,-0.17053334,-0.11658599,-0.16691089,-0.17320815,-0.1509206,-0.12124001,-0.134938,-0.10553853,-0.14793509,-0.19427037,-0.18817526,-0.2175087,-0.16044377,-0.22338755,-0.19582066,-0.29867563,-0.29210672,-0.19653171,-0.10712159,-0.09162698,-0.13691942,-0.15448529,-0.23188588,-0.19264576,-0.14621252,-0.2026537,-0.18327045,-0.18279888,-0.19535094,-0.19613022,-0.199945,-0.1571258,-0.12539455,-0.14327547,-0.09228644,-0.09555206,-0.17054626,-0.1418903,-0.13743341,-0.1464405,-0.12719077,-0.1510017,-0.2613474,-0.22333384,-0.18769994,-0.20047067,-0.14512262,-0.14868987,-0.13027461,-0.14201818,-0.14998116,-0.16316281,-0.1463167,1.6055719,-0.15879938,3.3750706,-0.14670233,-0.15643677,-0.15270051,-0.22480208,-0.120334074,-0.14107677,-0.1180781,-0.16029349,-0.17322187,-0.15498397,-0.16743661,-0.11139822,-0.1388583,-0.13027036,-0.12837744,-0.15152657,-0.14242162,-0.11537903,-0.10065024,-0.09049551,-0.10536077,-0.12022397,-0.13464195,-0.15027548,-0.15984337,-0.1185138,-0.11129953,-0.1578567,-0.17738779,-0.13294375,-0.16317485,-0.25953975,-0.1482926,-0.13230875,-0.1409256,-0.15095688,-0.17780018,-0.163091,-0.22917573,4.009435,-0.11015174,-0.13436075,-0.12918663,2.5804093,-0.17295179,-0.13908121,-0.16057305,-0.12777606,-0.07092635,-0.03704006,-0.13672736,-0.16151711,-0.17804961,-0.14332479,-0.12334781,-0.13553512,-0.12023825,-0.13769753,-0.25318068,3.7148905,-0.08362106,-0.10945694,-0.14393029,-0.09238048,-0.18697357,-0.18902646,-0.15240642,-0.090363845,-0.13230102,-0.14911102,-0.14973831,-0.15825431,-0.16974588,-0.18282089,-0.08794466,-0.12340735,-0.14054443,-0.10256614,-0.17951453,-0.19495486,-0.1899997,-0.10003843,-0.13113372,-0.07914457,-0.12742224,-0.19006202,-0.19207224,-0.19055834,-0.12321182,-0.07558927,-0.097061366,-0.118160985,-0.13611946,-0.12406494,-0.121451,-0.094411224,-0.09659815,-0.10836537,-0.082459606,-0.11259062,-0.13196291,-0.16645509,-0.1410757,-0.13611552,6.3886404,-0.17825818,-0.19288534,-0.14422026,-0.15549555,-0.13501686,-0.119081676,-0.14001076,-0.19117098,-0.18988658,-0.18043858,1.5763295,-0.25103784,-0.20219928,-0.18940967,-0.19006789,-0.1816344,-0.17310585,-0.27554205,-0.08916744,-0.11956477,-0.12779886,-0.15751183,-0.20931396,-0.18224281,1.8825679,-0.32474133,-0.15336776,6.4419007,-0.17325558,-0.17108874,-0.2185038,-0.17647925,-0.114121355,-0.13955142,-0.15388772,-0.15788373,-0.22984435,-0.18186735,-0.25233263,-0.104238555,-0.12455491,-0.13813359,-0.12392318,-0.15189947,-0.15440306,-0.15571141,-0.14014931,-0.15141064,-0.16237491,-0.15471044,-0.15296745,-0.15247335,-0.13355975,-0.12285489,-0.1460039,-0.1891033,-0.1761733,-0.21025829,-0.3990198,-0.20093386,-0.11327614,-0.1296617,-0.11809811,-0.1474268,-0.16636807,-0.18562438,-0.19068323,-0.13137993,-0.07689151,-0.15247287,-0.13944003,-0.14106366,-0.1181079,-0.19987361,-0.1649412,-0.15823895,-0.14100611,-0.123166405,-0.12722544,-0.14610182,-0.2588673,-0.10718556,0.92613,6.1861286,6.6765757,-0.12884137,-0.14931768,-0.15133652,-0.09625755,-0.08910369,-0.12398816,-0.11033982,-0.13747314,-0.15028906,-0.169563,-0.14247626,-0.11640163,-0.17304039,-0.15134507,-0.1418526,-0.12495753,-0.14169285,-0.17466888,-0.13176009,-0.13197754,-0.14514917,-0.12260205,-0.08722703,-0.05825615,-0.14303099,-0.17082691,-0.026243303,-0.16615376,-0.2829064,-0.31316653,-0.19690944,-0.14521277,-0.14331596,-0.14862512,-0.12963767,-0.25088155,-0.1924544,-0.18759358,-0.09469976,-0.10915288,-0.10702289,-0.09347263,-0.12759323,-0.15258692,-0.15746465,-0.16633976,-0.12812386,-0.0969081,-0.16398169,-0.14311768,-0.11335766,3.745854,-0.1706479,-0.15336883,-0.12544206,-0.115196005,-0.112670764,-0.11662802,-0.17530712,-0.13803276,-0.13389581,2.511477,-0.12065447,-0.09177847,-0.12434345,-0.13570032,-0.063823454,-0.13877153,-0.11419349,-0.13340962,-0.24483351,-0.2571875,-0.29957527,-0.14563021,-0.15603444,-0.13172403,-0.19104545,-0.0782174,-0.17151481,-0.16348639,-0.09859173,-0.11065883,-0.11467272,-0.076612435,-0.083404,-0.1213824,-0.13072303,-0.13855581,-0.19385117,-0.098795265,-0.15505625,-0.19487974,-0.19013941,-0.18585828,-0.111178264,-0.14249814,-0.10299951,-0.15856239,-0.19289829,-0.1718244,-0.16822478,-0.14235768,-0.14198878,-0.101704225,-0.15261902,-0.16090015,-0.18012914,-0.19374686,-0.12099053,-0.14676723,-0.11378729,-0.08020823,-0.14235803,-0.20725825,-0.16030627,-0.125103,-0.15657571,-0.15690626,-0.14320388,-0.19202894,-0.16199234,-0.18117486,-0.2963242,-0.19673789,-0.1800263,-0.17079604,-0.19173795,-0.15671021,-0.14054683,-0.1299872,-0.12557748,-0.13789465,-0.16258782,-0.30584824,-0.16612533,-0.18000929,-0.19183847,-0.11441202,-0.14995864,-0.14017814,-0.1771898,-0.16603658,-0.16395022,-0.14331086,-0.18237996,-0.12814288,-0.15262401,-0.1367204,-0.24156228,-0.17887428,-0.10313128,-0.13489133,-0.141401,-0.17352372,-0.110277414,-0.13416265,-0.15163618,-0.15922359,-0.18098879,-0.15336096,-0.14841375,-0.19184028,-0.17457862,-0.16351177,-0.14723541,-0.14623587,-0.11499533,-0.10471026,-0.13463724,5.6365156,-0.17631848,-0.12513243,-0.16528405,-0.18041904,-0.18738703,-0.11705899,-0.17554438,-0.25677955,-0.09255658,-0.09228963,-0.114594504,-0.13553615,-0.14728892,-0.098466866,-0.18794748
k__Bacteria|p__Proteobacteria|c__Gammaproteobacteria|o__Enterobacterales|f__Enterobacteriaceae|g__Atlantibacter|s__Atlantibacter_hermannii,-0.1004395,-0.12316422,-0.14148949,-0.20428483,-0.16610384,-0.19259763,-0.1666669,-0.14487548,-0.12505636,-0.18340178,-0.18186966,-0.22326958,-0.16802147,-0.20220032,-0.10301293,-0.098973505,-0.058144663,-0.0997816,-0.10778512,-0.1704574,-0.1978925,-0.12536043,-0.13616619,-0.15209341,-0.1708838,-0.11658599,-0.16684437,-0.17327875,1.5204479,-0.12124001,-0.13501264,-0.105782725,-0.14821562,-0.19489902,-0.18855491,-0.2175087,-0.16016993,-0.22338755,-0.19604746,-0.29867563,-0.29210672,-0.19740903,-0.10711156,-0.09162698,-0.13691942,-0.15441793,-0.23188588,-0.19255441,-0.14638445,-0.2026537,-0.18275422,-0.18279888,-0.1966556,-0.19761121,-0.20308399,-0.15724398,-0.12568751,-0.14351222,-0.09247436,-0.09597145,-0.17092305,-0.14213724,-0.13743341,-0.14658801,-0.12719077,-0.15099496,-0.2613474,-0.22333384,-0.18777376,-0.20047067,-0.14548638,-0.14890163,-0.13079344,-0.14262414,-0.15073541,-0.16363056,-0.14652854,-0.16278498,-0.15848657,3.6986732,-0.14703886,-0.1566561,-0.15300295,-0.22480208,-0.120334074,-0.14127952,-0.1183542,-0.16067788,-0.17359138,-0.15506455,-0.16771013,-0.11139822,-0.1388583,-0.13027036,-0.12879327,-0.15152657,-0.14243917,-0.115484655,-0.10065024,-0.09076294,-0.10565338,-0.12057207,-0.13492818,-0.15027548,-0.15996215,-0.1185138,-0.11129953,-0.1578567,-0.17738779,-0.13347353,-0.16403651,-0.25953975,-0.14832467,-0.13246585,-0.14148861,-0.15095688,-0.17780018,-0.16288838,-0.22917573,-0.09015879,-0.11021228,-0.13462171,-0.1296071,-0.13997786,-0.17295016,-0.13908121,2.9684196,-0.12777606,3.2945933,-0.03704006,-0.13695107,-0.16183278,-0.17815237,-0.14332479,-0.12334781,-0.13547675,-0.12023825,-0.13838196,-0.25318068,1.6297196,-0.08373636,-0.10945694,-0.14440873,-0.09238048,-0.18702036,-0.18938491,-0.15233034,-0.09045942,4.440303,-0.14924808,-0.14994633,-0.158542,-0.1700275,-0.1833278,-0.088009074,-0.12355954,-0.14055164,-0.10256614,-0.17951453,-0.19495486,-0.1903534,-0.100427106,-0.13113372,-0.08030564,-0.12811002,-0.19006202,-0.19240403,-0.1907545,-0.123226225,-0.07553923,-0.097345844,-0.1185522,-0.13638729,-0.12406494,-0.121451,-0.09457657,-0.09667599,-0.108500384,-0.082459606,-0.11299151,-0.13220789,-0.16655609,-0.1410757,-0.13619587,-0.18093297,-0.17825818,-0.19317526,-0.1445781,-0.15549555,-0.13537538,-0.119081676,-0.14001076,4.6465816,-0.18988821,-0.18051925,-0.19755594,-0.25103784,-0.20219928,-0.1891981,-0.1903036,-0.181842,-0.17337367,-0.27554205,-0.08916744,-0.11956477,-0.12789261,-0.15751183,-0.20931396,-0.18224281,-0.29657933,3.8109272,-0.15136376,5.2633514,2.664794,-0.17108874,-0.2185038,-0.17647925,-0.114121355,-0.13962656,2.9931245,-0.15788373,-0.22984435,-0.18186735,-0.25443053,-0.10448174,-0.12455491,-0.1383842,-0.124317504,-0.15189947,-0.15469135,-0.15590319,-0.14014931,-0.15141064,-0.16285785,-0.15481487,-0.15321267,-0.15267497,-0.1336838,-0.123199716,-0.14627,-0.18978599,-0.17613775,-0.21025829,-0.3990198,-0.20153987,-0.113391235,-0.1296617,-0.118646085,-0.14792338,-0.16636807,-0.18587676,-0.19081528,-0.13126588,-0.077286065,-0.15312551,-0.1396417,-0.14106366,-0.11798835,-0.19987361,-0.1649412,-0.15793896,-0.14122504,-0.12348313,-0.12722544,-0.14610182,-0.2588673,-0.107310474,-0.13074079,-0.09132757,-0.12832497,-0.12929153,-0.14943391,-0.15142214,-0.09636569,-0.08910369,-0.124353886,-0.11064285,-0.13764066,-0.15054686,-0.16983588,-0.14273967,-0.11652169,-0.1732114,-0.15151179,-0.1421172,-0.1252518,-0.14178574,-0.17466888,-0.13176009,-0.13230625,-0.14542817,-0.12273633,-0.08722703,-0.05825615,-0.14315552,-0.17082691,-0.026243303,-0.1653065,-0.2829064,-0.31316653,-0.19727787,-0.14540637,-0.14331596,-0.14862512,-0.12963767,-0.25088155,-0.19263312,-0.18786728,-0.09496784,-0.109405935,-0.10702289,-0.09446177,-0.12759323,-0.15260813,-0.15746465,-0.16639853,-0.12812386,-0.0969081,-0.16398169,-0.14343226,-0.11335766,-0.18846886,-0.1706479,-0.15339991,-0.12565774,-0.115196005,-0.113169454,-0.11662802,-0.1752886,-0.13830478,-0.134173,-0.096878245,-0.1209652,-0.092091575,-0.12434345,-0.13560456,-0.063823454,-0.13877153,-0.11419349,-0.13380344,-0.24483351,-0.2571875,-0.29957527,-0.14590704,-0.15637016,-0.13240819,-0.19104545,-0.0782174,-0.17184445,-0.16382903,-0.09859173,-0.11065883,-0.11462802,-0.076612435,-0.083404,-0.1213824,-0.13072303,-0.13855581,-0.19385117,-0.09918467,-0.1554721,-0.19487974,-0.19028237,-0.18618375,-0.11136151,-0.14241648,-0.10329619,-0.15924999,-0.19335592,-0.17242543,-0.1684843,-0.14250144,-0.1421567,-0.10192614,-0.15300718,-0.16098008,-0.18018232,-0.19401008,-0.12129176,-0.14697373,-0.11370955,-0.0805993,-0.14328235,-0.20725825,-0.16014251,-0.125103,2.3223908,-0.15690626,-0.14311624,-0.19202894,-0.16212839,-0.18149087,-0.2963242,-0.19656211,-0.18072559,-0.17093499,-0.19207878,-0.15697972,-0.14054683,-0.13023949,-0.12557748,-0.13802198,-0.16283149,-0.30584824,-0.16621447,-0.1806936,-0.19177184,-0.11441202,-0.15049,-0.14026168,-0.17731754,-0.1664162,-0.16400152,-0.14331086,-0.18237996,-0.12824982,-0.15298596,-0.13783562,-0.24156228,-0.17833012,-0.103368476,-0.1348713,-0.14187934,-0.17395738,-0.11031051,-0.13451377,-0.15206341,-0.15925851,-0.1809175,-0.15394261,-0.14900687,-0.19184028,-0.17465258,-0.16363358,-0.14723541,-0.14623587,-0.11499533,-0.10471026,-0.13521877,-0.20148799,-0.17632484,-0.12513243,-0.16439232,-0.18041904,-0.18738703,-0.11705899,-0.17619157,-0.25768125,-0.09261812,-0.092451945,-0.11485176,-0.1359582,-0.1476902,-0.09880896,-0.1883093
k__Bacteria|p__Proteobacteria|c__Betaproteobacteria|o__Burkholderiales|f__Sutterellaceae|g__Sutterella|s__Sutterella_wadsworthensis,-0.1004395,-0.12316422,-0.14190364,-0.20428483,-0.166475,-0.19270433,-0.1666669,-0.14481959,-0.12534966,-0.18251033,-0.1831561,-0.22644481,-0.16907653,-0.20486197,-0.1037511,-0.10042978,-0.058144663,-0.09990744,-0.108298354,-0.17006445,-0.1978925,-0.12536043,-0.13606054,-0.15164927,-0.1709171,-0.11658599,-0.16680744,-0.17297187,-0.1509206,-0.12124001,-0.13516791,-0.10651736,-0.14825612,-0.19504505,-0.188179,-0.2175087,-0.16087243,-0.22338755,-0.19682601,-0.29867563,-0.29210672,-0.19712816,-0.10765469,-0.09162698,-0.13691942,-0.15479387,-0.23188588,-0.19283861,-0.14624748,-0.2026537,-0.18317829,-0.18279888,-0.1967752,-0.19813663,-0.20237538,-0.15661313,-0.12579429,-0.14359567,-0.09267232,-0.09623809,-0.17044161,-0.14196712,-0.13743341,-0.14675122,-0.12719077,-0.15124395,3.3057778,-0.22333384,-0.18780833,4.214183,-0.1452628,-0.14893444,-0.13089785,-0.14255473,-0.14980362,-0.1631391,-0.1460385,-0.16278498,-0.15943497,-0.14998752,-0.14682163,-0.15690862,-0.1527633,-0.22480208,-0.120334074,-0.14139704,-0.11858255,-0.16010824,-0.17312336,-0.15556908,-0.16729328,-0.11139822,-0.1388583,-0.13027036,-0.12843934,-0.15152657,-0.14218605,-0.115672424,-0.10065024,-0.091342345,-0.10582411,-0.12064788,-0.13485834,-0.15027548,-0.15971959,-0.1185138,-0.11129953,-0.1578567,-0.17738779,-0.1338158,-0.16380809,-0.25953975,-0.14856973,-0.13298047,-0.14166583,-0.15095688,-0.17780018,-0.16352409,-0.22917573,-0.09015879,-0.11056372,-0.13479686,-0.12976752,-0.13997786,-0.17328683,-0.13908121,-0.16057305,-0.12777606,-0.07092635,-0.03704006,-0.13709015,-0.16133311,-0.17804894,-0.14332479,-0.12334781,-0.1358695,-0.12023825,-0.13800284,-0.25318068,-0.26654312,-0.08420949,-0.10945694,-0.1440219,-0.09238048,-0.18683371,-0.18936755,-0.15275322,-0.0909199,-0.13230102,-0.1493443,-0.15011904,-0.15853336,-0.16988438,-0.18238348,-0.08874962,-0.12397353,-0.1413683,-0.10256614,-0.17951453,-0.19495486,-0.19008937,-0.1004421,-0.13113372,-0.0805603,-0.12773234,-0.19006202,-0.19226891,-0.19076511,-0.123303115,-0.07641411,-0.0978285,-0.118939094,-0.13647836,-0.12406494,-0.121451,-0.09520487,-0.09744111,-0.108979285,-0.082459606,-0.11318965,-0.13205695,-0.16628684,-0.1410757,-0.13647223,-0.18093297,-0.17825818,-0.19355696,-0.14457828,-0.15549555,-0.13533975,-0.119081676,-0.14001076,-0.19117098,-0.19060983,-0.18096605,-0.19755594,-0.25103784,-0.20219928,-0.18911514,-0.19039609,-0.18183434,-0.17360608,-0.27554205,-0.08916744,-0.11956477,-0.12804148,-0.15751183,-0.20931396,-0.18224281,-0.29657933,4.1325436,-0.15470299,4.105162,1.5667083,-0.17108874,3.2915459,-0.17647925,-0.114121355,-0.14005011,-0.15388772,-0.15788373,-0.22984435,-0.18186735,-0.25679386,-0.10486327,-0.12455491,-0.13834417,-0.124086715,-0.15189947,-0.15423319,-0.15541594,-0.14014931,-0.15141064,-0.1621924,-0.15496355,-0.15312333,-0.15298207,-0.13411269,-0.12314069,-0.14621621,-0.18907511,-0.17634374,-0.21025829,-0.3990198,-0.202753,-0.11371939,-0.1296617,-0.11873082,-0.14751469,-0.16636807,-0.18533827,-0.1907471,-0.13177799,-0.07766013,-0.15248585,-0.13967204,-0.14106366,-0.11790231,-0.19987361,-0.1649412,-0.15863498,-0.1417444,-0.12376225,-0.12722544,-0.14610182,-0.2588673,-0.10773669,-0.13074079,-0.09132757,-0.12832497,-0.1288405,-0.14933233,-0.1511257,-0.09683712,-0.08910369,-0.12441769,-0.11088606,-0.1377992,-0.15043248,-0.1696274,-0.1426327,-0.11663617,-0.17319053,-0.15145767,-0.14204511,-0.12565877,-0.14138559,-0.17466888,-0.13176009,-0.13227265,-0.14553404,-0.12300739,-0.08722703,-0.05825615,-0.14323829,-0.17082691,-0.026243303,-0.1668924,-0.2829064,-0.31316653,-0.19801715,-0.1454154,-0.14331596,-0.14862512,-0.12963767,-0.25088155,-0.1928567,-0.18750311,-0.09513107,-0.10970491,-0.10702289,-0.09416403,-0.12759323,-0.15270725,-0.15746465,-0.16663498,-0.12812386,-0.0969081,-0.16398169,-0.14298755,-0.11335766,-0.18846886,-0.1706479,-0.15372728,-0.12587702,-0.115196005,-0.11328536,1.2453085,-0.17516795,-0.13826075,-0.13432938,-0.096878245,-0.12144782,-0.092201054,-0.12434345,-0.13556606,-0.063823454,-0.13877153,-0.11419349,-0.13381052,-0.24483351,-0.2571875,-0.29957527,-0.14599383,-0.15642187,-0.13208212,-0.19104545,-0.0782174,-0.17186743,-0.1637673,-0.09859173,-0.11065883,-0.114651956,-0.076612435,-0.083404,-0.1213824,-0.13072303,-0.13855581,-0.19385117,-0.09953422,-0.1552144,-0.19487974,-0.19024396,-0.18611653,-0.111429505,-0.14294788,-0.103216566,-0.15840745,-0.1933576,-0.17186251,-0.16844542,-0.1426333,-0.14248003,-0.1026983,-0.15284622,-0.16116479,-0.1804319,-0.19427389,-0.121202394,-0.14689107,-0.11414314,-0.08092046,-0.14277735,-0.20725825,-0.16027114,-0.125103,-0.15657571,-0.15690626,-0.14372975,-0.19202894,-0.16205165,-0.18090278,-0.2963242,-0.19890618,-0.18071228,-0.17121089,-0.19230324,-0.15725133,-0.14054683,-0.13035245,-0.12557748,-0.13822377,-0.16328172,-0.30584824,-0.16646776,-0.18016621,-0.19200009,-0.11441202,-0.1500113,-0.14048743,-0.17729485,-0.16620639,-0.16396363,-0.14331086,-0.18237996,-0.12870947,-0.15339714,-0.13764468,-0.24156228,-0.17907321,-0.10360435,-0.1353935,-0.14151374,-0.17349243,-0.11071718,-0.13448939,-0.15133812,-0.15941441,-0.18137947,-0.15343075,-0.14856641,-0.19184028,-0.17467594,-0.16323833,-0.14723541,-0.14623587,-0.11499533,-0.10471026,-0.13492519,-0.20148799,-0.17604767,-0.12513243,-0.16622742,-0.18041904,-0.18738703,-0.11705899,-0.17510884,-0.25823843,-0.09323618,-0.09291124,-0.11521316,-0.13589413,-0.14774224,-0.09913997,-0.18779476
k__Bacteria|p__Proteobacteria|c__Gammaproteobacteria|o__Enterobacterales|f__Enterobacteriaceae|g__Raoultella|s__Raoultella_ornithinolytica,-0.1004395,-0.12316422,-0.14127365,-0.20428483,-0.16567099,-0.192829,-0.1666669,-0.14404753,-0.124287456,-0.18214184,-0.18281752,-0.23202483,-0.16952074,-0.20598447,-0.10284088,-0.09914723,-0.058144663,-0.09884141,-0.10719153,-0.1696736,-0.1978925,-0.12536043,-0.13527897,-0.15109885,-0.17073128,-0.11658599,-0.1660717,-0.1726076,-0.1509206,-0.12124001,-0.13393205,-0.10552147,-0.14729568,-0.19553939,-0.18830398,-0.2175087,-0.15958986,-0.22338755,-0.19650222,-0.29867563,-0.29210672,-0.19805665,-0.10655244,-0.09162698,-0.13691942,-0.15403825,-0.23188588,-0.1928181,-0.14584081,4.6007543,-0.18222043,4.966606,-0.19702423,-0.19937539,-0.2055656,-0.15641773,-0.12499532,-0.14290763,-0.09135734,-0.09514352,-0.1699635,-0.14132223,-0.13743341,-0.14600964,-0.12719077,-0.1501823,-0.2613474,-0.22333384,-0.18758443,-0.20047067,-0.14470175,-0.14825581,-0.13013212,-0.14205047,-0.14970231,-0.16274211,-0.14540675,-0.16278498,-0.15836567,-0.14998752,-0.14592215,-0.15626779,-0.15223092,-0.22480208,-0.120334074,-0.14053044,-0.11764768,-0.15963033,-0.17283002,-0.15496783,-0.16695258,-0.11139822,-0.1388583,-0.13027036,-0.12767811,-0.15152657,-0.14134496,-0.114686236,-0.10065024,-0.09010421,-0.10490658,-0.119748354,-0.13407777,-0.15027548,-0.15907125,-0.1185138,-0.11129953,-0.1578567,-0.17738779,-0.13314548,-0.16329604,-0.25953975,-0.14767034,-0.13198972,-0.14117357,-0.15095688,-0.17780018,-0.16287577,-0.22917573,-0.09015879,-0.109116256,-0.13387315,-0.12910144,-0.13997786,-0.17279868,-0.13908121,5.6720595,5.244841,4.2363553,-0.03704006,-0.13617924,-0.1609973,-0.177609,5.3328466,-0.12334781,-0.13473073,-0.12023825,-0.13749115,5.256748,-0.26654312,-0.08300302,-0.10945694,-0.1434913,-0.09238048,-0.18653123,-0.18952133,-0.1524896,-0.08976409,-0.13230102,-0.14851277,-0.14947331,-0.15804714,-0.16956195,-0.18239085,-0.087555155,-0.12303476,-0.14008293,-0.10256614,6.570419,-0.19495486,-0.19041443,-0.09960832,-0.13113372,-0.08009121,-0.12729472,-0.19006202,-0.19258681,-0.19084525,-0.122308925,-0.075070955,-0.09670995,-0.11807637,-0.13572827,1.7097373,-0.121451,-0.09421173,-0.09643315,-0.10795866,-0.082459606,-0.1124355,-0.13141516,-0.16575131,-0.1410757,-0.13545978,-0.18093297,-0.17825818,-0.19380075,-0.14399603,-0.15549555,-0.13465169,-0.119081676,-0.14001076,1.150292,-0.19063435,-0.1805509,-0.19755594,-0.25103784,-0.20219928,-0.18891814,-0.19014707,-0.18177292,-0.17318149,-0.27554205,-0.08916744,-0.11956477,-0.1269729,-0.15751183,-0.20931396,-0.18224281,-0.29657933,-0.32474133,-0.15269208,-0.3242122,-0.17325558,-0.17108874,-0.2185038,-0.17647925,-0.114121355,-0.13903359,-0.15388772,-0.15788373,-0.22984435,-0.18186735,-0.2606547,-0.103891626,-0.12455491,-0.13751718,-0.12331461,-0.15189947,-0.15393493,-0.15492752,-0.14014931,-0.15141064,-0.16175266,-0.15413913,-0.15245317,-0.15230879,-0.13342431,-0.122154295,-0.1451717,-0.1890473,-0.17638901,-0.21025829,-0.3990198,-0.20428227,-0.11281504,-0.1296617,-0.11800374,-0.14700183,-0.16636807,-0.18518558,-0.19061333,-0.13062766,-0.076498866,-0.15192762,-0.1388197,-0.14106366,-0.11676149,-0.19987361,-0.1649412,-0.15752317,-0.14100438,-0.12298764,-0.12722544,-0.14610182,-0.2588673,-0.106713,-0.13074079,-0.09132757,-0.12832497,-0.12815028,-0.14861786,-0.150539,-0.095761776,-0.08910369,-0.12355158,-0.109925106,-0.13698474,-0.14977294,-0.16932374,-0.1419643,-0.11541712,-0.17265213,-0.15095928,-0.14135528,-0.1250602,-0.14084888,-0.17466888,-0.13176009,-0.13138166,-0.14487034,-0.122422814,-0.08722703,-0.05825615,-0.14259581,-0.17082691,-0.026243303,-0.16553062,-0.2829064,-0.31316653,-0.19900583,-0.14466329,-0.14331596,-0.14862512,-0.12963767,-0.25088155,-0.1933695,-0.18746093,-0.0941533,-0.10856014,-0.10702289,-0.09354745,-0.12759323,-0.15188584,-0.15746465,-0.16610524,-0.12812386,-0.0969081,-0.16398169,-0.14228812,-0.11335766,-0.18846886,-0.1706479,-0.15293726,-0.12500069,-0.115196005,-0.1123973,-0.11662802,-0.17468727,-0.13758425,-0.13363773,-0.096878245,-0.12073395,-0.091153696,-0.12434345,-0.13449034,5.125643,-0.13877153,-0.11419349,-0.13287525,-0.24483351,-0.2571875,-0.29957527,-0.14531428,-0.15579687,-0.13162017,6.5091248,-0.0782174,-0.17168087,-0.16314408,-0.09859173,-0.11065883,-0.11336632,-0.076612435,-0.083404,-0.1213824,-0.13072303,-0.13855581,-0.19385117,-0.098751724,-0.15455061,-0.19487974,-0.19013074,-0.18608741,-0.11048661,-0.14202785,-0.10233863,-0.15780602,-0.1934648,-0.17177019,-0.16812944,-0.14189653,-0.14172101,-0.101505764,-0.15234017,-0.16050933,-0.18006931,-0.1946579,-0.12043367,-0.14625275,-0.11292297,-0.07955311,-0.14232722,-0.20725825,-0.1596179,-0.125103,-0.15657571,-0.15690626,-0.1427421,-0.19202894,-0.1614291,-0.18060607,-0.2963242,-0.1988264,-0.18066321,-0.17086875,-0.1925337,-0.15700388,-0.14054683,-0.12952569,-0.12557748,-0.13750423,-0.16230598,-0.30584824,-0.16582954,-0.18008412,-0.19168337,-0.11441202,-0.14950043,-0.13962679,-0.17685658,-0.16591811,-0.16335174,-0.14331086,-0.18237996,-0.12764688,-0.1523202,-0.13730568,-0.24156228,-0.17838371,-0.10262296,-0.13430539,-0.14107442,-0.17317368,-0.10966636,-0.13374636,-0.15100762,-0.1588389,-0.18083075,-0.15319529,-0.14817691,-0.19184028,-0.17431428,-0.1627655,-0.14723541,-0.14623587,-0.11499533,-0.10471026,-0.13424838,0.92819047,-0.17572005,-0.12513243,-0.164313,-0.18041904,-0.18738703,-0.11705899,-0.17516273,-0.26026738,-0.092176005,-0.091742516,-0.11410755,-0.13527285,-0.14722879,-0.09815556,-0.1877444
k__Bacteria|p__Proteobacteria|c__Gammaproteobacteria|o__Enterobacterales|f__Enterobacteriaceae|g__Phytobacter|s__Phytobacter_diazotrophicus,-0.1004395,-0.12316422,-0.1409083,-0.20428483,-0.16551787,-0.19100365,-0.1666669,-0.1441505,-0.12533437,-0.18176278,-0.18159533,-0.21068965,-0.16835834,-0.19782904,-0.10318497,-0.09895861,-0.058144663,-0.099867694,-0.10798702,-0.16936532,-0.1978925,-0.12536043,-0.13589934,-0.15125208,-0.16953678,-0.11658599,-0.16667873,-0.1721167,3.8144689,2.5964148,-0.13492279,-0.10577683,-0.14765196,-0.1922999,-0.18661332,1.3477542,-0.15969901,2.8438118,-0.19387846,-0.29867563,-0.29210672,-0.19443515,-0.107198015,-0.09162698,-0.13691942,-0.15403567,-0.23188588,-0.19151579,-0.14555047,-0.2026537,-0.18247138,-0.18279888,-0.19360848,-0.1937932,-0.19600624,-0.15640752,-0.12525365,-0.14278257,-0.0929911,-0.09601745,-0.16972522,-0.14167225,-0.13743341,-0.14599536,-0.12719077,-0.1509279,-0.2613474,-0.22333384,-0.18660687,-0.20047067,-0.14457284,-0.1482833,-0.13000424,-0.14169845,-0.14921108,-0.1622704,-0.14552993,-0.16278498,-0.15842274,-0.14998752,-0.14659539,-0.15588902,-0.15230401,-0.22480208,-0.120334074,-0.14092478,-0.118238755,-0.15962061,-0.17205817,-0.15461387,-0.16655633,-0.11139822,-0.1388583,-0.13027036,-0.12842402,-0.15152657,-0.14260264,-0.11553301,-0.10065024,-0.091149926,-0.1055808,-0.12011093,-0.13438888,6.5323844,-0.1591129,-0.1185138,-0.11129953,-0.1578567,-0.17738779,-0.13260886,-0.16249934,-0.25953975,-0.14789481,-0.13232622,-0.14059314,-0.15095688,-0.17780018,-0.16245374,-0.22917573,-0.09015879,-0.1108378,-0.1342414,-0.12900053,3.6149278,-0.1722132,-0.13908121,-0.16057305,-0.12777606,-0.07092635,-0.03704006,-0.1367082,-0.1608454,-0.17702514,-0.14332479,-0.12334781,-0.13569564,-0.12023825,-0.13742532,5.4263716,-0.26654312,-0.08443074,-0.10945694,-0.14344603,-0.09238048,-0.18611595,-0.18770099,-0.15197149,-0.091007076,-0.13230102,-0.14882174,-0.14932232,-0.1575603,-0.16888385,-0.18138705,-0.088651046,-0.12326465,-0.14008716,-0.10256614,-0.17951453,-0.19495486,-0.18815857,-0.10041553,-0.13113372,-0.07951254,-0.12736133,-0.19006202,-0.19049287,-0.18908606,-0.12309247,-0.076541215,-0.09745075,-0.118195914,-0.13595665,-0.12406494,-0.121451,-0.09477432,-0.09698924,-0.1086738,-0.082459606,-0.11278249,-0.13194239,-0.16550353,-0.1410757,-0.13605998,-0.18093297,-0.17825818,-0.1912585,-0.14376828,-0.15549555,-0.13458484,-0.119081676,-0.14001076,-0.19117098,-0.18832943,-0.17949387,-0.19755594,-0.25103784,1.8727697,-0.18862078,-0.18897387,-0.18057495,-0.17229407,-0.27554205,-0.08916744,-0.11956477,-0.1281899,-0.15751183,-0.20931396,-0.18224281,-0.29657933,0.88952446,-0.15483412,-0.3242122,-0.17325558,-0.17108874,-0.2185038,-0.17647925,-0.114121355,-0.13956752,-0.15388772,-0.15788373,-0.22984435,-0.18186735,-0.2461431,-0.10455541,-0.12455491,-0.13811068,-0.1239832,-0.15189947,-0.15378879,-0.1548009,6.3051696,4.135257,-0.16150022,-0.15427001,-0.15239844,-0.15196434,-0.13324213,-0.1229742,-0.14592326,-0.1878452,-0.17494152,-0.21025829,-0.3990198,-0.19944964,-0.11345453,-0.1296617,-0.118002415,-0.14714272,-0.16636807,-0.18451454,-0.18928221,-0.13150014,-0.07781683,-0.15183462,-0.13926211,-0.14106366,-0.11822948,-0.19987361,-0.1649412,-0.15795667,-0.14068311,-0.12334998,-0.12722544,-0.14610182,-0.2588673,-0.107469015,-0.13074079,0.95030266,-0.12832497,-0.12879457,-0.14915396,-0.15069124,-0.096674174,-0.08910369,-0.12403698,-0.11069146,-0.1373567,-0.15000868,-0.16845833,-0.14212021,-0.116945274,-0.17231879,-0.15100855,-0.14159113,-0.124964096,-0.1411635,-0.17466888,-0.13176009,-0.13187715,-0.14484182,-0.12237938,-0.08722703,-0.05825615,-0.14265177,-0.17082691,-0.026243303,-0.1655909,-0.2829064,-0.31316653,-0.19521086,-0.14476222,-0.14331596,-0.14862512,-0.12963767,-0.25088155,-0.19066978,-0.18609554,-0.09526171,-0.10939276,-0.10702289,-0.093659304,-0.12759323,-0.15235147,-0.15746465,-0.16531487,-0.12812386,-0.0969081,-0.16398169,-0.14276883,-0.11335766,-0.18846886,-0.1706479,-0.15282723,-0.12541202,-0.115196005,-0.11270777,-0.11662802,-0.17432973,-0.13760018,-0.1334781,-0.096878245,-0.120643176,-0.092347786,-0.12434345,-0.13575459,-0.063823454,-0.13877153,-0.11419349,-0.13329682,2.0138195,-0.2571875,-0.29957527,-0.14510119,-0.15548684,-0.1314899,-0.19104545,-0.0782174,-0.17040145,-0.16279367,-0.09859173,-0.11065883,-0.11507478,-0.076612435,-0.083404,-0.1213824,-0.13072303,-0.13855581,4.400823,-0.09900749,-0.15458575,-0.19487974,-0.18893465,-0.18449561,-0.11136983,-0.14252138,-0.103339784,-0.15768458,-0.191293,-0.17054398,-0.16737214,-0.14197892,-0.1414901,-0.10223925,-0.15223238,-0.16033655,-0.17922428,-0.19194601,-0.12097959,-0.14628518,-0.11423847,-0.08136708,-0.14185244,-0.20725825,-0.15948415,-0.125103,-0.15657571,-0.15690626,-0.14308447,-0.19202894,-0.1614054,-0.18000297,1.273478,-0.19491166,-0.17930968,-0.17024499,-0.19036394,-0.15618983,-0.14054683,-0.12982954,-0.12557748,-0.1377073,-0.16193709,-0.30584824,-0.16580494,-0.17880636,-0.19045292,-0.11441202,-0.1496741,-0.14005423,-0.17630267,-0.16524865,-0.16309555,-0.14331086,-0.18237996,-0.12813011,-0.15255389,-0.13617373,-0.24156228,-0.17812137,-0.10340946,-0.13510837,-0.14095058,-0.17238295,-0.110710464,-0.13423228,-0.15087453,-0.15828618,-0.18019202,-0.15268642,-0.14786667,-0.19184028,-0.17369573,-0.1626468,-0.14723541,-0.14623587,-0.11499533,-0.10471026,-0.13455877,-0.20148799,-0.17510317,-0.12513243,-0.16543648,-0.18041904,-0.18738703,-0.11705899,-0.17412426,-0.25232583,-0.09304795,-0.09292261,-0.11487743,-0.13523552,-0.14678566,-0.09901008,-0.18654138
k__Bacteria|p__Proteobacteria|c__Gammaproteobacteria|o__Enterobacterales|f__Enterobacteriaceae|g__Citrobacter|s__Citrobacter_braakii,2.4825375,-0.12316422,-0.14071,4.4630013,-0.16494717,-0.1906078,-0.1666669,-0.14415476,-0.12474677,-0.18138298,-0.18083285,-0.22018322,-0.16621862,-0.19980536,-0.103407085,-0.09936769,-0.058144663,-0.100245,-0.10769063,-0.16922419,-0.1978925,-0.12536043,-0.13566393,-0.15123504,-0.16932589,-0.11658599,-0.16574262,-0.17229062,-0.1509206,-0.12124001,-0.13464364,-0.10565132,-0.14734909,-0.19262025,-0.18669283,-0.2175087,-0.15929005,-0.22338755,-0.19398135,-0.29867563,-0.29210672,-0.19503954,-0.107279986,-0.09162698,-0.13691942,-0.15371868,-0.23188588,-0.19078615,-0.14538321,-0.2026537,-0.18145983,-0.18279888,-0.19413367,-0.19510277,-0.20014456,-0.15602309,-0.12538198,-0.14278162,-0.09302845,-0.09610339,-0.16933078,-0.14172003,-0.13743341,-0.14589831,-0.12719077,-0.14991267,-0.2613474,-0.22333384,-0.18610379,-0.20047067,-0.14470324,-0.14804387,-0.1300838,-0.14171067,-0.14964108,-0.16260819,-0.1456016,-0.16278498,-0.1575678,-0.14998752,-0.14614376,-0.15551789,-0.15212142,-0.22480208,-0.120334074,-0.14062902,-0.11821772,-0.15949759,-0.17218594,-0.15428415,-0.16637458,-0.11139822,-0.1388583,-0.13027036,-0.12826303,-0.15152657,-0.14193887,-0.11561014,-0.10065024,-0.09121584,-0.10569599,-0.120234534,-0.13428311,-0.15027548,-0.15900642,-0.1185138,-0.11129953,-0.1578567,-0.17738779,-0.1327799,-0.16249885,-0.25953975,-0.14758955,-0.13199124,-0.14062497,-0.15095688,-0.17780018,-0.16182557,-0.22917573,-0.09015879,-0.11046243,-0.1342196,-0.12910223,-0.13997786,-0.17173538,-0.13908121,-0.16057305,-0.12777606,-0.07092635,-0.03704006,-0.13634661,-0.16067335,-0.1769083,-0.14332479,-0.12334781,-0.1349313,-0.12023825,-0.13746247,-0.25318068,-0.26654312,-0.084290296,-0.10945694,-0.14350653,-0.09238048,-0.185244,-0.18766813,-0.15146343,-0.090877175,-0.13230102,-0.14849333,-0.14914912,-0.15744384,-0.16865396,-0.18142615,-0.08848663,-0.123547845,-0.14025305,-0.10256614,-0.17951453,-0.19495486,-0.18842746,-0.10057254,-0.13113372,-0.0805061,-0.1274237,-0.19006202,-0.190398,-0.18890512,-0.123454295,-0.07623133,-0.09742012,-0.118275315,-0.13586953,-0.12406494,-0.121451,-0.09498596,-0.09700617,-0.108578146,-0.082459606,-0.112718046,-0.13170275,-0.16551211,-0.1410757,-0.1357023,-0.18093297,-0.17825818,-0.19100393,-0.14371376,-0.15549555,-0.13489586,-0.119081676,2.891413,-0.19117098,-0.1880376,-0.17909011,2.6329463,-0.25103784,-0.20219928,-0.18737416,-0.18839851,-0.18011679,-0.17174482,-0.27554205,-0.08916744,-0.11956477,-0.12754571,-0.15751183,-0.20931396,-0.18224281,-0.29657933,4.423543,-0.15204753,-0.3242122,-0.17325558,-0.17108874,-0.2185038,-0.17647925,-0.114121355,-0.13896944,-0.15388772,7.1976933,6.590518,-0.18186735,-0.24966177,-0.104595795,-0.12455491,-0.13779265,-0.12390168,-0.15189947,-0.15376443,-0.15501992,-0.14014931,-0.15141064,-0.16166663,-0.15393752,-0.15231727,-0.15189601,-0.1331265,-0.12279652,-0.14538792,-0.18774208,-0.17530209,-0.21025829,-0.3990198,-0.19893485,-0.11338463,-0.1296617,-0.11830552,-0.14701477,-0.16636807,-0.18422513,-0.18898246,-0.1312179,-0.0774423,-0.15196453,-0.13888502,4.6033134,-0.118996374,1.4975204,-0.1649412,-0.15717994,-0.14063951,-0.12317729,-0.12722544,-0.14610182,-0.2588673,-0.10752022,-0.13074079,-0.09132757,-0.12832497,-0.12877515,-0.14873633,-0.15068462,-0.096778646,-0.08910369,-0.12401384,-0.11054391,-0.13706589,-0.1496934,-0.16852024,-0.14209214,-0.11635618,-0.17196198,-0.15075196,-0.14143854,-0.124864265,-0.14119872,0.5790246,-0.13176009,-0.13160935,-0.14475226,-0.12257833,-0.08722703,-0.05825615,-0.1427551,5.1259365,9.859418,-0.16496006,-0.2829064,-0.31316653,-0.19526385,-0.14468879,-0.14331596,-0.14862512,-0.12963767,-0.25088155,-0.19060306,-0.1860107,-0.095310986,-0.10932908,-0.10702289,-0.09439433,-0.12759323,-0.1520032,-0.15746465,-0.16531429,-0.12812386,-0.0969081,-0.16398169,-0.14288524,-0.11335766,-0.18846886,-0.1706479,-0.15252031,-0.1252884,-0.115196005,-0.112969525,-0.11662802,-0.17392305,-0.13778508,-0.13355514,-0.096878245,-0.12068704,-0.092402235,-0.12434345,-0.13540745,-0.063823454,-0.13877153,-0.11419349,-0.13321157,1.8262209,-0.2571875,-0.29957527,-0.14511642,-0.15519136,-0.1316461,-0.19104545,-0.0782174,-0.17014652,-0.1627478,-0.09859173,-0.11065883,-0.11496597,-0.076612435,-0.083404,-0.1213824,-0.13072303,-0.13855581,-0.19385117,-0.09912869,-0.15444142,2.7332253,-0.18845508,-0.18438001,-0.11136432,-0.14183599,-0.10326511,-0.15789525,-0.19125089,-0.17127903,-0.16698958,-0.14192072,-0.1414683,-0.10209632,-0.15209864,-0.15999275,-0.17868753,-0.19189924,-0.12097914,-0.14627719,-0.11383738,-0.08097378,-0.1425448,-0.20725825,-0.1592202,-0.125103,-0.15657571,-0.15690626,-0.1425599,-0.19202894,-0.16109726,-0.17978626,3.6279037,-0.1938729,-0.1787449,-0.16949609,-0.18993697,-0.15609227,-0.14054683,-0.1298069,-0.12557748,-0.13762279,-0.1614356,-0.30584824,-0.16511956,-0.17863452,-0.18990536,-0.11441202,-0.14957322,-0.1396011,-0.17595923,-0.16512649,-0.16280931,-0.14331086,-0.18237996,-0.12780893,-0.15200831,-0.13705695,-0.24156228,-0.17687468,-0.10344571,-0.1344769,-0.14101866,-0.17248632,-0.11026618,-0.1339264,-0.15099853,-0.15833546,-0.1792725,-0.15274987,-0.14794503,-0.19184028,-0.17329022,-0.16257454,-0.14723541,-0.14623587,-0.11499533,-0.10471026,-0.13454245,-0.20148799,-0.1749695,-0.12513243,-0.16371007,-0.18041904,-0.18738703,-0.11705899,-0.17439027,-0.25304073,-0.09310176,-0.09280361,-0.114662655,-0.13529432,-0.14679113,-0.09885968,-0.18627688
k__Bacteria|p__Proteobacteria|c__Betaproteobacteria|o__Neisseriales|f__Neisseriaceae|g__Neisseria|s__Neisseria_subflava,-0.1004395,-0.12316422,-0.1418397,2.566329,-0.16765746,-0.19456714,-0.1666669,-0.14582269,-0.12469709,-0.18450323,-0.18383402,-0.23303646,-0.16787457,-0.20920093,-0.10327905,-0.099594295,-0.058144663,-0.10010478,-0.107552625,-0.17168525,-0.1978925,-0.12536043,-0.13668838,-0.15311602,-0.1723367,-0.11658599,-0.16765696,-0.17513189,-0.1509206,-0.12124001,-0.13530746,-0.10553731,-0.14861314,-0.1972858,-0.19025137,-0.2175087,-0.16149354,-0.22338755,-0.19849643,-0.29867563,-0.29210672,-0.19990699,-0.10758223,-0.09162698,3.2387888,-0.15540755,1.9784926,-0.19473027,-0.14708504,-0.2026537,-0.18462479,-0.18279888,-0.19889759,-0.2000013,-0.2064861,-0.158454,-0.12612815,-0.14448173,-0.09212155,-0.09556272,-0.1721258,-0.14296463,-0.13743341,-0.14753741,-0.12719077,-0.151355,-0.2613474,-0.22333384,-0.19010201,-0.20047067,-0.14659223,-0.14979807,-0.13109177,-0.1432532,-0.15184833,-0.16539285,-0.1474202,-0.16278498,-0.15990548,-0.14998752,-0.14740545,-0.15757084,-0.15377958,-0.22480208,-0.120334074,-0.14181316,-0.1183866,-0.16199699,-0.17525633,-0.15598336,-0.16883136,-0.11139822,-0.1388583,-0.13027036,-0.12885457,-0.15152657,-0.1424333,-0.11563341,-0.10065024,-0.0901456,-0.10557723,-0.120967835,-0.1354332,-0.15027548,-0.161078,-0.1185138,-0.11129953,-0.1578567,-0.17738779,-0.13445464,-0.16409546,0.99724466,-0.1491335,-0.13264123,-0.14199749,-0.15095688,-0.17780018,-0.16426235,-0.22917573,-0.09015879,-0.109840505,-0.13506827,-0.12998842,-0.13997786,-0.17428511,-0.13908121,-0.16057305,-0.12777606,-0.07092635,1.316162,-0.13745922,-0.16276315,-0.1798293,-0.14332479,-0.12334781,-0.13575777,-0.12023825,-0.13849333,-0.25318068,-0.26654312,-0.08319494,-0.10945694,-0.1450776,-0.09238048,-0.18830499,-0.19129348,-0.15292886,-0.09007859,-0.13230102,-0.1498476,-0.15079176,-0.1596679,-0.17130956,-0.18494901,-0.08753385,-0.124404535,-0.14211297,-0.10256614,4.6879134,-0.19495486,-0.19262911,-0.100082785,-0.13113372,-0.07966111,-0.12787196,-0.19006202,-0.19460562,-0.19272515,-0.12410041,-0.07494153,-0.09722635,-0.11863753,-0.13679667,-0.12406494,-0.121451,-0.09460789,-0.09652619,-0.10847404,-0.082459606,-0.11295365,-0.13249773,-0.16815805,-0.1410757,-0.13635825,-0.18093297,-0.17825818,-0.19526112,-0.14510015,-0.15549555,-0.13602501,-0.119081676,-0.14001076,-0.19117098,-0.19244862,-0.18226422,-0.19755594,-0.25103784,-0.20219928,-0.19048946,-0.19177476,-0.18312827,-0.17435396,-0.27554205,-0.08916744,-0.11956477,-0.12748191,-0.15751183,-0.20931396,-0.18224281,-0.29657933,-0.32474133,-0.14989832,-0.3242122,-0.17325558,-0.17108874,2.1485035,-0.17647925,-0.114121355,-0.13990271,-0.15388772,-0.15788373,1.8680478,-0.18186735,-0.26030755,-0.10442284,-0.12455491,-0.13868764,-0.12425135,4.9300847,-0.1558928,-0.15719305,-0.14014931,-0.15141064,-0.16412051,-0.15575343,-0.15419349,-0.15353295,-0.13407531,-0.122978,-0.14644377,-0.19130912,-0.17812167,-0.21025829,-0.3990198,-0.20315653,-0.113590084,-0.1296617,-0.11910917,-0.14811707,-0.16636807,-0.18788847,-0.19257206,-0.1316481,-0.07606201,-0.15386456,-0.13985583,-0.14106366,-0.11853403,-0.19987361,-0.1649412,-0.15886115,-0.14178422,-0.12357865,-0.12722544,-0.14610182,-0.2588673,-0.107277825,-0.13074079,-0.09132757,-0.12832497,-0.1293737,-0.14998071,-0.15256609,-0.096332304,2.3687618,-0.12450649,-0.11041874,-0.13808514,-0.15111613,-0.17128366,-0.14341153,-0.11597402,-0.17479979,-0.15221024,-0.14276569,-0.12553194,-0.14267276,-0.17466888,-0.13176009,-0.1323694,-0.14630443,-0.123226985,-0.08722703,-0.05825615,-0.14396653,-0.17082691,-0.026243303,-0.16728741,-0.2829064,-0.31316653,-0.1991266,-0.14621222,-0.14331596,-0.14862512,-0.12963767,-0.25088155,-0.19537301,-0.18973249,-0.09424956,-0.10952855,-0.10702289,-0.09401952,-0.12759323,-0.15314636,-0.15746465,-0.1680616,-0.12812386,-0.0969081,0.86781037,-0.14437264,-0.11335766,-0.18846886,-0.1706479,-0.1543797,-0.12603125,-0.115196005,-0.1130435,-0.11662802,-0.17700908,-0.1390757,-0.13499492,-0.096878245,-0.12139301,-0.09155397,-0.12434345,-0.13602227,-0.063823454,-0.13877153,-0.11419349,-0.13392527,2.8207963,1.0183799,-0.29957527,-0.14687417,-0.15734318,-0.13254538,-0.19104545,-0.0782174,-0.17335637,-0.16494973,-0.09859173,-0.11065883,-0.11467384,-0.076612435,-0.083404,-0.1213824,-0.13072303,-0.13855581,-0.19385117,-0.09925305,-0.1562291,-0.19487974,-0.19184367,-0.18781231,-0.11127792,-0.14326811,-0.103091985,-0.16042978,-0.19533409,-0.17440672,-0.16944754,-0.14330792,-0.1431521,-0.10141005,-0.15365094,-0.16215944,-0.1814811,-0.19629009,-0.1214835,-0.14812303,-0.113688275,-0.07951462,-0.14351973,2.579872,-0.16157636,-0.125103,-0.15657571,-0.15690626,-0.14395435,-0.19202894,-0.16308391,-0.18289676,-0.2963242,-0.19845697,-0.18116976,-0.17191167,-0.19383298,-0.1578455,-0.14054683,-0.13063782,-0.12557748,-0.13861929,-0.16337319,-0.30584824,-0.16699773,-0.182015,-0.19352314,-0.11441202,-0.15090917,-0.14083125,-0.17879274,-0.16764626,-0.16523854,-0.14331086,-0.18237996,-0.1283378,-0.15361379,-0.13769212,-0.24156228,-0.17993718,-0.10322294,-0.13523807,-0.1425038,-0.17566736,-0.10996505,-0.1346651,-0.15309608,-0.16106328,-0.18238413,-0.15494654,-0.14980334,-0.19184028,-0.17609477,-0.16507047,-0.14723541,-0.14623587,-0.11499533,-0.10471026,-0.13516805,-0.20148799,-0.17807399,-0.12513243,-0.16596742,-0.18041904,-0.18738703,-0.11705899,-0.17773929,-0.26177534,-0.092489734,-0.09205541,-0.11471346,-0.13643134,-0.14854127,-0.098091945,-0.19016124
k__Bacteria|p__Proteobacteria|c__Gammaproteobacteria|o__Enterobacterales|f__Enterobacteriaceae|g__Enterobacter|s__Enterobacter_roggenkampii,-0.1004395,-0.12316422,-0.14007297,3.6396878,-0.16501415,-0.19077265,-0.1666669,-0.14422473,-0.124448925,-0.1818627,-0.18087348,-0.21732734,-0.16737261,-0.20058742,-0.10311815,-0.09912142,-0.058144663,-0.10003498,-0.10745685,-0.1690503,-0.1978925,-0.12536043,-0.13557297,-0.15141186,-0.16965234,-0.11658599,-0.16605632,-0.17243037,4.878572,5.0784183,-0.13455904,-0.10532143,-0.14721876,-0.19278726,-0.18697666,-0.2175087,-0.15879542,-0.22338755,-0.1942425,-0.29867563,-0.29210672,-0.19524923,-0.10716295,-0.09162698,-0.13691942,-0.1535386,-0.23188588,-0.19107649,-0.14533141,-0.2026537,-0.18140341,-0.18279888,-0.19418722,-0.19457754,-0.19897947,-0.15691274,-0.12516811,-0.14280826,-0.09269592,-0.09576873,-0.16965872,-0.14165539,-0.13743341,-0.14586064,-0.12719077,-0.1501576,-0.2613474,-0.22333384,-0.18643712,-0.20047067,-0.14477447,-0.14818895,-0.12989818,-0.14164834,-0.14984038,-0.16276288,-0.14573595,-0.16278498,-0.15766038,-0.14998752,-0.14633793,-0.15546128,-0.15199772,-0.22480208,-0.120334074,-0.14064625,-0.11782059,-0.15976678,-0.17226967,-0.1540319,-0.16656631,-0.11139822,-0.1388583,-0.13027036,-0.12822667,-0.15152657,-0.14186125,-0.11537945,-0.10065024,-0.09078872,-0.105492055,-0.1200894,-0.13422312,-0.15027548,-0.15920475,-0.1185138,-0.11129953,-0.1578567,-0.17738779,-0.13283841,-0.16195601,-0.25953975,-0.14750537,-0.13174808,-0.14046699,-0.15095688,-0.17780018,-0.16145635,-0.22917573,-0.09015879,-0.11009389,-0.13398609,-0.12894818,2.2784572,-0.17179896,-0.13908121,-0.16057305,-0.12777606,7.933887,9.853062,-0.13616583,-0.16074908,-0.1770937,-0.14332479,-0.12334781,-0.13517068,-0.12023825,-0.13756564,-0.25318068,7.353838,-0.08410916,-0.10945694,-0.14383417,-0.09238048,-0.1855501,-0.18775895,-0.15153047,-0.09060837,-0.13230102,-0.14839499,-0.14902918,-0.15746681,-0.16870216,-0.18203686,-0.088108525,-0.12324491,-0.14041139,-0.10256614,-0.17951453,-0.19495486,-0.1887723,-0.1002121,-0.13113372,-0.07987468,-0.12726532,-0.19006202,-0.19073272,-0.18919525,-0.12326428,-0.07609278,-0.09729079,-0.11798833,-0.13581467,-0.12406494,-0.121451,-0.09464234,-0.0967408,-0.10850975,-0.082459606,-0.1126568,-0.13178423,-0.16576643,-0.1410757,-0.13538328,-0.18093297,-0.17825818,-0.19127965,-0.1435321,-0.15549555,-0.13469227,-0.119081676,1.2255669,-0.19117098,-0.1883004,-0.17903313,-0.19755594,4.316538,-0.20219928,-0.18759984,-0.18843558,-0.18028057,-0.17163916,6.4394474,-0.08916744,-0.11956477,-0.12733844,-0.15751183,-0.20931396,-0.18224281,-0.29657933,3.9105442,-0.15087341,2.9918883,-0.17325558,-0.17108874,-0.2185038,-0.17647925,4.3560834,-0.13883646,6.939998,8.378155,-0.22984435,1.4120284,-0.24911812,-0.10430311,-0.12455491,-0.13779885,-0.123757534,-0.15189947,-0.1539385,-0.15515667,-0.14014931,-0.15141064,-0.16183873,-0.1538438,-0.15230633,-0.15173006,-0.13308698,-0.12264053,-0.1452455,-0.18826373,-0.17467885,-0.21025829,-0.3990198,-0.1984056,-0.11323615,-0.1296617,-0.11811387,-0.14694616,-0.16636807,-0.18482256,-0.18925382,-0.13098237,-0.07736148,-0.1520511,-0.13895541,-0.14106366,-0.11789885,-0.19987361,2.7491474,-0.15707028,-0.14034426,-0.123178296,-0.12722544,-0.14610182,-0.2588673,-0.10710435,-0.13074079,-0.09132757,-0.12832497,-0.12875007,-0.14868942,-0.15090704,-0.09654939,-0.08910369,-0.1239457,-0.1103743,-0.13695414,-0.14965385,-0.16872397,-0.14196917,-0.11618798,-0.17223874,-0.15064421,-0.14148572,-0.124605685,-0.14118522,-0.17466888,-0.13176009,-0.13155696,-0.14480792,-0.1224345,-0.08722703,-0.05825615,-0.14254303,-0.17082691,-0.026243303,-0.1646742,-0.2829064,-0.31316653,-0.19481242,-0.14460795,-0.14331596,-0.14862512,-0.12963767,2.3668385,-0.190846,-0.18632782,-0.09491399,-0.109283864,-0.10702289,-0.09422858,-0.12759323,-0.1517624,-0.15746465,-0.1652933,-0.12812386,-0.0969081,2.4742172,-0.1430709,-0.11335766,-0.18846886,-0.1706479,-0.15246148,-0.12523407,-0.115196005,-0.11268904,-0.11662802,-0.17450851,-0.13759258,-0.13370013,-0.096878245,-0.12057958,-0.09220064,-0.12434345,-0.13544767,-0.063823454,-0.13877153,3.6566744,-0.13306257,2.7426085,-0.2571875,-0.29957527,-0.1450041,-0.15540633,-0.13133389,-0.19104545,-0.0782174,-0.17033517,-0.16296095,-0.09859173,-0.11065883,-0.11484345,-0.076612435,-0.083404,-0.1213824,-0.13072303,-0.13855581,-0.19385117,-0.09895429,-0.15427104,-0.19487974,-0.18854682,-0.18461606,-0.111073494,-0.1421161,-0.103096366,-0.1581859,-0.1912117,-0.17121634,-0.16732144,-0.14177106,-0.14145273,-0.101500705,-0.15205875,-0.15999907,-0.17876244,-0.1921854,-0.12081412,-0.14642826,-0.11373396,-0.08085208,-0.1417157,-0.20725825,-0.15928176,-0.125103,-0.15657571,-0.15690626,-0.14245172,-0.19202894,-0.16100577,-0.18024442,2.2885716,-0.19347948,-0.17882955,-0.16973807,-0.19006321,-0.1558823,-0.14054683,-0.12963471,-0.12557748,-0.1374797,-0.16149348,-0.30584824,-0.16488767,-0.17933795,-0.19008681,-0.11441202,-0.14967465,-0.13956812,-0.17596668,-0.16515999,-0.16310725,-0.14331086,-0.18237996,-0.12738083,-0.15214615,-0.1360558,-0.24156228,-0.17727065,-0.10317192,-0.13437678,-0.14100346,-0.17274792,-0.110097885,-0.13377365,-0.15133668,-0.15848821,-0.17947623,-0.15300336,-0.14789923,-0.19184028,-0.17327577,-0.16290012,-0.14723541,-0.14623587,-0.11499533,-0.10471026,-0.13424313,-0.20148799,-0.1752445,-0.12513243,-0.1642572,-0.18041904,-0.18738703,-0.11705899,-0.17509943,-0.25378686,-0.092770986,-0.09262627,-0.11441755,-0.13519621,-0.14683801,-0.09848175,-0.18685305
k__Bacteria|p__Proteobacteria|c__Gammaproteobacteria|o__Enterobacterales|f__Enterobacteriaceae|g__Enterobacter|s__Enterobacter_asburiae,-0.1004395,-0.12316422,-0.14135031,-0.20428483,-0.1657913,-0.19161737,-0.1666669,-0.14441462,-0.12528816,-0.18224287,-0.18188125,-0.21770696,-0.16720586,-0.20062396,-0.10338688,-0.09904127,-0.058144663,-0.099867165,-0.10783169,-0.16972978,-0.1978925,-0.12536043,-0.13593304,-0.15134616,-0.1699374,-0.11658599,-0.16646093,-0.17250244,-0.1509206,-0.12124001,-0.13463074,-0.1059902,-0.14742209,-0.19373566,-0.1870034,5.812725,-0.15999508,5.0514836,-0.1945481,-0.29867563,-0.29210672,-0.19561265,-0.107415974,-0.09162698,-0.13691942,-0.15408115,-0.23188588,-0.1919827,-0.14590593,2.5143507,-0.18342088,-0.18279888,-0.19503216,-0.19511262,-0.19911322,-0.1564476,-0.12542038,-0.1429849,-0.092814416,-0.096103296,-0.1700007,-0.14175476,-0.13743341,-0.14611417,-0.12719077,-0.15072569,-0.2613474,-0.22333384,-0.18731216,-0.20047067,-0.14494184,-0.14841463,-0.13012524,-0.14191642,-0.1497173,-0.16292521,-0.14568833,-0.16278498,-0.15864612,-0.14998752,-0.146279,-0.15608916,-0.15245372,-0.22480208,-0.120334074,-0.14077784,-0.11825107,-0.1600426,-0.17263445,-0.15461925,-0.16653995,2.2010398,4.866156,7.546359,-0.12847945,-0.15152657,-0.14233616,-0.11560521,-0.10065024,-0.091121465,-0.10573327,-0.120415725,-0.13448472,-0.15027548,-0.15915316,-0.1185138,1.3982756,-0.1578567,-0.17738779,-0.1329163,-0.16261378,-0.25953975,-0.14796016,-0.1321761,-0.14075713,-0.15095688,-0.17780018,-0.16297524,-0.22917573,-0.09015879,-0.11034329,-0.13424715,-0.12916733,-0.13997786,-0.17230213,-0.13908121,-0.16057305,-0.12777606,-0.07092635,-0.03704006,-0.13681492,-0.16096814,-0.17719738,-0.14332479,-0.12334781,-0.13543817,-0.12023825,-0.13726297,-0.25318068,2.0521393,-0.08427405,-0.10945694,-0.14339167,1.7372866,-0.18608342,-0.18828732,-0.15176074,-0.090906784,-0.13230102,-0.14870828,-0.1494931,-0.15786427,-0.16927174,-0.18176542,-0.08852276,-0.12357977,-0.13997515,-0.10256614,-0.17951453,-0.19495486,-0.18902889,-0.10057339,-0.13113372,-0.07997592,-0.12739898,-0.19006202,-0.1913607,-0.18951556,-0.123116195,-0.07655321,-0.097618535,-0.11834852,-0.13588575,-0.12406494,-0.121451,-0.094898395,-0.09705329,-0.10853766,-0.082459606,-0.11298773,-0.13193901,-0.16575786,-0.1410757,-0.13598241,-0.18093297,-0.17825818,-0.19196315,-0.14391099,-0.15549555,-0.13477853,-0.119081676,-0.14001076,-0.19117098,-0.18913516,-0.17989042,-0.19755594,6.5672317,-0.20219928,-0.1886827,-0.18939734,-0.1808928,-0.17244267,2.7712615,-0.08916744,-0.11956477,-0.1277391,-0.15751183,-0.20931396,-0.18224281,-0.29657933,2.770777,-0.15139768,5.2675014,-0.17325558,-0.17108874,-0.2185038,-0.17647925,-0.114121355,-0.13944364,-0.15388772,-0.15788373,-0.22984435,-0.18186735,-0.25097457,-0.104590535,-0.12455491,-0.13803297,-0.1240061,-0.15189947,-0.15410414,-0.15513611,7.4792414,7.268613,-0.16185327,-0.15436168,-0.1525615,-0.15197356,-0.13322815,-0.12281568,-0.14586557,-0.1881279,-0.17570323,-0.21025829,-0.3990198,-0.20006031,-0.11354273,-0.1296617,-0.11853451,-0.14706151,-0.16636807,-0.18495817,-0.18973093,-0.13100569,-0.07780862,-0.15208083,-0.13904059,-0.14106366,-0.11817765,-0.19987361,1.5061566,-0.15777336,-0.14056475,-0.12321226,-0.12722544,-0.14610182,-0.2588673,-0.10739048,-0.13074079,-0.09132757,-0.12832497,-0.12871364,-0.14896846,-0.15080334,-0.09670949,-0.08910369,-0.123937175,-0.11058859,-0.13722184,-0.14998393,-0.16867445,-0.14228672,-0.11645138,-0.17243038,-0.15112121,-0.14149295,-0.1252014,-0.14128649,-0.17466888,-0.13176009,-0.13173869,-0.1450027,-0.1226078,-0.08722703,-0.05825615,-0.14277342,-0.17082691,-0.026243303,-0.1654377,-0.2829064,-0.31316653,-0.19597246,-0.1448675,5.6532383,4.2577696,-0.12963767,3.3929904,-0.19194157,-0.1865915,-0.095032424,-0.10948995,-0.10702289,-0.09398412,-0.12759323,-0.15206808,-0.15746465,-0.16591448,-0.12812386,-0.0969081,-0.16398169,-0.14272827,-0.11335766,-0.18846886,-0.1706479,-0.15283492,-0.12548679,-0.115196005,-0.11271274,-0.11662802,-0.17450204,-0.13787495,-0.13372448,-0.096878245,-0.1208963,-0.09227135,4.804409,-0.13535064,-0.063823454,-0.13877153,-0.11419349,-0.13303825,4.318648,-0.2571875,-0.29957527,-0.14538586,-0.15562391,-0.13188228,-0.19104545,-0.0782174,-0.17100054,-0.16275221,-0.09859173,-0.11065883,-0.1146954,-0.076612435,-0.083404,-0.1213824,-0.13072303,-0.13855581,-0.19385117,-0.099220395,-0.15479073,-0.19487974,-0.18940419,-0.18484348,-0.11135237,-0.14223835,-0.1036325,-0.15820545,-0.19237173,-0.17109229,-0.16723245,-0.14212942,-0.14174768,-0.10205537,-0.15222222,-0.16064525,-0.179371,-0.19271493,-0.12112627,-0.14659755,-0.11409582,-0.08116309,-0.14212377,-0.20725825,-0.15971263,-0.125103,-0.15657571,-0.15690626,-0.14315102,1.9228837,-0.16146713,-0.18009596,1.5916853,-0.19586419,-0.17931023,-0.17033377,-0.1908728,-0.1563702,-0.14054683,-0.12986565,-0.12557748,-0.13770574,-0.16105974,-0.30584824,-0.16570044,-0.1791082,-0.19097991,-0.11441202,-0.14946976,-0.14002842,-0.17648393,-0.16569352,-0.16317496,-0.14331086,-0.18237996,-0.12815765,-0.15209512,-0.13646662,-0.24156228,-0.1781335,-0.103423834,-0.13484277,-0.1412951,-0.17290716,-0.110361055,-0.13416447,-0.15104797,-0.15878442,-0.18047364,-0.15293805,-0.14827873,-0.19184028,-0.17397371,-0.16287592,-0.14723541,-0.14623587,-0.11499533,-0.10471026,-0.13443524,-0.20148799,-0.17537108,-0.12513243,-0.16470723,-0.18041904,-0.18738703,-0.11705899,-0.17463131,-0.25548542,-0.093151666,-0.09280484,-0.1147953,-0.13542917,-0.14692503,-0.098819464,-0.18686068
k__Bacteria|p__Proteobacteria|c__Gammaproteobacteria|o__Enterobacterales|f__Enterobacteriaceae|g__Klebsiella|s__Klebsiella_grimontii,-0.1004395,-0.12316422,-0.14141876,-0.20428483,-0.16616753,-0.19199565,-0.1666669,-0.14430234,-0.124889776,-0.18194139,-0.1820915,-0.22329782,-0.1690505,-0.20272398,-0.103281215,-0.09954204,-0.058144663,-0.099582314,-0.10797933,-0.16959393,-0.1978925,-0.12536043,-0.1356881,-0.15125377,-0.17034999,-0.11658599,-0.16647935,-0.17241544,-0.1509206,-0.12124001,-0.13467126,-0.10599136,-0.14771846,-0.19410802,-0.1876247,-0.2175087,-0.16018894,-0.22338755,-0.19584997,-0.29867563,-0.29210672,-0.1963958,-0.10712605,-0.09162698,-0.13691942,-0.15442425,-0.23188588,-0.19247562,-0.14588842,1.3249288,-0.18275806,1.2257621,-0.1955809,-0.19678994,-0.20138688,-0.1563063,-0.12536345,-0.14303745,-0.092310645,-0.095864356,-0.1699459,-0.14151633,-0.13743341,-0.14622843,-0.12719077,-0.15066895,3.442539,-0.22333384,-0.18731497,4.240608,-0.14475939,-0.14842615,-0.13034311,-0.14205676,-0.14941058,-0.16254294,-0.14554232,-0.16278498,-0.1587119,-0.14998752,-0.14647304,-0.15636563,-0.15233226,-0.22480208,-0.120334074,-0.14094482,-0.11823567,-0.1596481,-0.17258412,-0.15507096,-0.16690847,-0.11139822,-0.1388583,-0.13027036,-0.12813708,-0.15152657,-0.14206704,-0.11525424,-0.10065024,-0.09089643,-0.105441734,-0.12011953,-0.13448937,-0.15027548,-0.15926151,-0.1185138,-0.11129953,-0.1578567,-0.17738779,-0.13285601,-0.1632888,-0.25953975,-0.14803526,-0.13242449,-0.14117807,-0.15095688,-0.17780018,-0.16301635,-0.22917573,3.988017,-0.11025563,-0.134276,-0.12923616,2.3239331,-0.1727848,-0.13908121,-0.16057305,-0.12777606,-0.07092635,-0.03704006,-0.13678342,-0.16104078,-0.1774908,-0.14332479,-0.12334781,-0.13538443,-0.12023825,-0.13773385,-0.25318068,-0.26654312,-0.08399606,-0.10945694,-0.14354992,-0.09238048,-0.18653019,-0.18896796,-0.15265296,-0.090704896,1.4991821,-0.14891167,-0.14961974,-0.15798399,-0.16939253,-0.18190712,-0.08849161,-0.123314425,-0.14038925,-0.10256614,-0.17951453,-0.19495486,-0.18941131,-0.10027249,4.9368577,-0.080085695,-0.12758183,3.0962145,-0.19175366,-0.19026455,-0.122885935,-0.07609919,-0.09730131,-0.11841832,-0.13606814,-0.12406494,-0.121451,-0.09480525,-0.09704544,-0.10855949,-0.082459606,-0.112771265,-0.13181867,-0.1657654,-0.1410757,-0.13609013,-0.18093297,-0.17825818,-0.19284008,-0.14414605,-0.15549555,-0.13481379,-0.119081676,-0.14001076,-0.19117098,-0.18992998,-0.18021134,-0.19755594,6.868288,5.9093766,-0.18900728,-0.18991631,-0.18137167,-0.17312433,3.188777,-0.08916744,-0.11956477,-0.12792067,-0.15751183,-0.20931396,-0.18224281,-0.29657933,-0.32474133,-0.15469187,-0.3242122,-0.17325558,-0.17108874,-0.2185038,-0.17647925,-0.114121355,-0.13961747,-0.15388772,-0.15788373,-0.22984435,-0.18186735,-0.25432706,-0.1045142,-0.12455491,-0.13798378,-0.12383243,-0.15189947,-0.15396243,-0.15498795,-0.14014931,-0.15141064,-0.1616684,-0.15448889,-0.15255743,-0.15246171,-0.13363577,-0.122808196,-0.14561978,-0.18843742,-0.1758154,-0.21025829,-0.3990198,-0.20157775,-0.11337805,2.17011,-0.118097275,-0.1472562,-0.16636807,-0.18485299,-0.19016716,-0.13145345,-0.07729678,-0.15195557,-0.13935152,-0.14106366,-0.117601365,2.989956,-0.1649412,-0.15811005,-0.14114313,-0.12342226,-0.12722544,-0.14610182,-0.2588673,-0.1074388,-0.13074079,2.0854201,5.725974,-0.12861489,-0.14916737,-0.1507459,-0.09647626,-0.08910369,-0.12398158,-0.11062616,-0.13742918,-0.15010455,-0.16906425,-0.14226684,-0.116403244,-0.17266841,-0.1511659,-0.14168549,-0.12533577,-0.14099908,-0.17466888,-0.13176009,-0.1317794,-0.14502102,-0.1226675,-0.08722703,-0.05825615,-0.14287037,-0.17082691,-0.026243303,-0.16616586,-0.2829064,-0.31316653,-0.19693983,-0.14493828,-0.14331596,-0.14862512,-0.12963767,4.094598,-0.19231376,-0.18690898,-0.09499666,-0.109136686,-0.10702289,-0.09357121,-0.12759323,-0.15230495,-0.15746465,-0.16588369,-0.12812386,-0.0969081,-0.16398169,-0.14260635,-0.11335766,-0.18846886,-0.1706479,-0.15319252,-0.12534748,-0.115196005,-0.11273077,-0.11662802,-0.17455095,-0.13778585,-0.13375157,-0.096878245,-0.120885774,-0.09197581,-0.12434345,-0.13530102,-0.063823454,-0.13877153,-0.11419349,-0.13347505,0.91944426,-0.2571875,-0.29957527,-0.14545305,-0.15580048,-0.13168141,-0.19104545,-0.0782174,-0.17112523,-0.16319326,-0.09859173,-0.11065883,-0.11437635,-0.076612435,-0.083404,-0.1213824,-0.13072303,-0.13855581,-0.19385117,-0.09914408,-0.15481701,-0.19487974,-0.1897461,-0.18548575,-0.111205585,-0.14257076,-0.10285273,-0.15777385,-0.192447,-0.17101133,-0.16813976,-0.14219812,-0.14182693,-0.10227536,-0.15248558,-0.1606136,-0.17989588,-0.19358712,-0.120897606,-0.14640737,-0.11376958,-0.08050258,-0.14238304,-0.20725825,-0.15989432,-0.125103,-0.15657571,-0.15690626,-0.1431322,2.8729854,-0.16165867,-0.18040141,-0.2963242,-0.19776905,-0.18020654,-0.17100084,-0.19185637,-0.15695032,-0.14054683,-0.12994286,-0.12557748,-0.13784166,-0.16283134,-0.30584824,-0.16597466,-0.17963502,-0.19133727,-0.11441202,-0.14978819,-0.1401674,-0.17678368,-0.16576469,-0.16339737,-0.14331086,-0.18237996,-0.12819302,-0.15258092,-0.1371046,-0.24156228,-0.17872809,-0.10332814,-0.13500783,-0.14109427,-0.17296419,-0.11051002,-0.13420457,-0.15098312,-0.15881649,-0.18078882,-0.15293658,-0.14821893,-0.19184028,-0.1743058,-0.1627368,-0.14723541,-0.14623587,-0.11499533,-0.10471026,-0.13459203,-0.20148799,-0.17567164,-0.12513243,-0.16514978,-0.18041904,-0.18738703,-0.11705899,-0.17443565,-0.25689137,-0.09290299,-0.092568435,-0.11480474,-0.13541958,-0.14722708,-0.09889014,-0.18726894
k__Bacteria|p__Proteobacteria|c__Gammaproteobacteria|o__Enterobacterales|f__Enterobacteriaceae|g__Klebsiella|s__Klebsiella_variicola,-0.1004395,-0.12316422,-0.14063358,-0.20428483,-0.1652765,-0.19044194,-0.1666669,-0.14358816,-0.124366984,-0.1805838,-0.18087217,-0.221237,-0.16819885,-0.20129661,-0.10325253,-0.0996982,2.0284493,-0.09971039,-0.107898615,-0.16837502,-0.1978925,-0.12536043,-0.13521025,-0.15050703,-0.16927293,-0.11658599,-0.16554034,-0.17125487,-0.1509206,-0.12124001,-0.13420004,-0.10590735,-0.14699954,-0.19253993,-0.18623194,-0.2175087,-0.15923952,-0.22338755,-0.19434409,-0.29867563,-0.29210672,-0.19465591,-0.10702857,-0.09162698,-0.13691942,-0.15360251,-0.23188588,-0.19114122,-0.14513299,5.1153827,-0.18133554,5.820614,-0.19405681,-0.19522038,-0.19947934,-0.15547994,-0.12497442,-0.1424065,-0.09245856,-0.09592342,-0.16888982,-0.14086252,-0.13743341,-0.14554203,-0.12719077,-0.14977428,-0.2613474,-0.22333384,-0.18587992,-0.20047067,-0.14407395,-0.14774549,-0.1299026,-0.14144967,-0.1486109,-0.16160047,-0.14472732,-0.16278498,-0.15792447,-0.14998752,-0.14590254,-0.15550062,-0.15149444,-0.22480208,-0.120334074,-0.14035258,-0.1179622,-0.15870605,-0.17141196,-0.15422416,-0.16584194,-0.11139822,-0.1388583,-0.13027036,-0.12767392,-0.15152657,-0.14143293,-0.11504911,-0.10065024,-0.09105694,-0.10533221,-0.11977925,-0.13396153,-0.15027548,-0.1583912,-0.1185138,-0.11129953,4.2146,-0.17738779,-0.13233934,-0.16213429,5.168219,-0.1472994,-0.13196951,-0.14055493,-0.15095688,-0.17780018,-0.16188736,-0.22917573,-0.09015879,-0.1101791,-0.13372803,-0.12882194,-0.13997786,-0.17168348,1.8852319,-0.16057305,-0.12777606,-0.07092635,-0.03704006,-0.13624296,-0.16004547,-0.17634666,-0.14332479,-0.12334781,-0.13487008,-0.12023825,-0.13720593,-0.25318068,-0.26654312,-0.084307835,-0.10945694,-0.14290641,-0.09238048,-0.18520059,-0.18763861,-0.1520053,-0.09090547,-0.13230102,-0.14816932,-0.14886156,-0.15709436,-0.16832155,-0.18062893,-0.08874172,-0.12295901,-0.1398909,-0.10256614,-0.17951453,-0.19495486,-0.18795595,-0.10023145,-0.13113372,-0.080325186,-0.12702599,-0.19006202,-0.19034751,-0.18887189,-0.12253646,-0.07655771,-0.097358115,-0.11811057,-0.13554022,2.9234283,-0.121451,-0.09492347,-0.09709117,-0.108462274,-0.082459606,-0.11254759,-0.13132188,-0.16474378,-0.1410757,-0.13553277,-0.18093297,2.1544771,-0.19140562,-0.14343971,-0.15549555,-0.13423792,4.607933,3.4077656,-0.19117098,-0.18859242,-0.17895597,-0.19755594,-0.25103784,-0.20219928,-0.18766826,-0.18855289,-0.18008271,-0.17195427,-0.27554205,5.076044,2.9349697,-0.12748083,4.1974893,3.92926,-0.18224281,1.2559322,-0.32474133,-0.15393355,5.1866336,-0.17325558,-0.17108874,-0.2185038,-0.17647925,-0.114121355,-0.13908407,-0.15388772,-0.15788373,-0.22984435,-0.18186735,-0.251373,-0.10447148,-0.12455491,-0.137414,-0.12345229,7.682437,-0.15314364,-0.15414357,-0.14014931,-0.15141064,-0.1607171,-0.15370479,-0.15175116,-0.15166286,-0.13317458,-0.12249783,-0.14492232,-0.18711238,-0.17453405,-0.21025829,-0.3990198,-0.19970372,-0.11315333,-0.1296617,-0.117750004,-0.14649998,-0.16636807,-0.18349445,-0.1887016,-0.13104221,-0.07767221,-0.15108338,-0.13878123,-0.14106366,-0.117167145,-0.19987361,-0.1649412,-0.15729159,-0.14051871,-0.123159,-0.12722544,-0.14610182,-0.2588673,-0.10730622,-0.13074079,-0.09132757,-0.12832497,-0.12821512,-0.14847982,-0.15002686,-0.096563116,-0.08910369,-0.12361948,-0.11050752,-0.1368743,-0.14933822,-0.16801319,-0.1415903,-0.11623811,-0.17154777,-0.15035708,-0.14113504,-0.12496507,-0.1402439,-0.17466888,-0.13176009,-0.1312986,-0.1443616,-0.12235445,-0.08722703,-0.05825615,-0.14215446,3.5636199,-0.026243303,-0.16504496,-0.2829064,-0.31316653,-0.19510014,-0.14425746,-0.14331596,-0.14862512,-0.12963767,-0.25088155,-0.19087797,-0.18551785,-0.09510972,-0.10901602,-0.10702289,-0.0936182,-0.12759323,-0.15144125,-0.15746465,-0.16485041,6.151122,2.313108,-0.16398169,-0.14203146,-0.11335766,-0.18846886,-0.1706479,-0.1524658,-0.12501693,-0.115196005,-0.112518385,-0.11662802,-0.17341328,-0.13719982,-0.13329257,-0.096878245,-0.12058017,-0.092124306,1.5868628,-0.13485965,-0.063823454,-0.13877153,5.908608,-0.13299675,7.1642737,1.9289207,3.6293125,-0.14472516,-0.15499972,-0.13109362,-0.19104545,-0.0782174,-0.1699118,-0.16235408,-0.09859173,-0.11065883,-0.11423217,-0.076612435,-0.083404,-0.1213824,-0.13072303,-0.13855581,1.955063,-0.09923653,-0.15382946,-0.19487974,-0.18830669,-0.18417358,-0.11103839,-0.1421014,-0.10274795,-0.15680997,-0.19081098,-0.16975804,-0.16708301,-0.14155112,-0.14121842,-0.10224013,-0.1516396,-0.15967716,-0.17862873,-0.19205113,-0.12054795,-0.14568059,-0.11350644,-0.08078583,-0.14153594,-0.20725825,-0.15901011,-0.125103,-0.15657571,-0.15690626,-0.14243995,-0.19202894,-0.16070487,-0.17920965,1.9990423,-0.19618699,-0.17901102,-0.17001903,-0.19045292,-0.15608029,-0.14054683,-0.12948357,1.8630798,-0.13721095,-0.16199884,1.13364,-0.1650368,-0.17854652,-0.18991563,-0.11441202,-0.14904171,-0.13959132,-0.17555523,-0.16476265,-0.1624532,-0.14331086,-0.18237996,-0.12769222,-0.15184474,-0.13632564,-0.24156228,-0.17761151,-0.10331895,-0.13455924,-0.14045957,-0.17181256,-0.11044064,-0.13368213,-0.15018591,-0.15791804,-0.1796289,-0.1521312,-0.14741555,-0.19184028,-0.17315537,-0.1618491,-0.14723541,-0.14623587,-0.11499533,-0.10471026,-0.13396496,-0.20148799,-0.17455083,-0.12513243,-0.16432858,-0.18041904,3.8730564,-0.11705899,-0.17323291,-0.25415683,-0.09301185,-0.09274754,-0.11457597,-0.1348542,-0.14653291,-0.09893233,-0.18585086
k__Bacteria|p__Proteobacteria|c__Gammaproteobacteria|o__Enterobacterales|f__Enterobacteriaceae|g__Klebsiella|s__Klebsiella_michiganensis,-0.1004395,-0.12316422,-0.1406156,3.0200348,-0.16423902,-0.18941806,-0.1666669,-0.1426736,-0.12369293,-0.17936891,-0.17978442,-0.23037793,-0.1663715,-0.20334426,-0.10272099,-0.09969495,3.5454485,-0.09902769,-0.10747573,-0.16738966,-0.1978925,-0.12536043,-0.1341016,-0.14917065,-0.1683813,-0.11658599,-0.16381222,-0.16980925,-0.1509206,-0.12124001,-0.13295463,-0.10578534,-0.14600396,-0.1923946,-0.18505996,3.049643,-0.15859464,1.6225216,-0.1940629,-0.29867563,-0.29210672,-0.19460031,-0.106401995,3.3481019,4.9518213,-0.15269573,-0.23188588,-0.18985212,-0.14415538,5.374955,-0.1801065,4.1726136,-0.19441047,-0.19638963,-0.20259245,-0.1537816,-0.12428955,-0.14146969,-0.09166019,-0.09568097,-0.16755563,-0.13961427,-0.13743341,-0.14454214,-0.12719077,-0.14870067,-0.2613474,-0.22333384,-0.18488877,-0.20047067,-0.14306891,-0.14659551,-0.1294198,-0.14084095,-0.14754142,-0.16039506,-0.14334327,-0.16278498,-0.15685204,-0.14998752,-0.14455637,-0.15472338,-0.15039681,-0.22480208,-0.120334074,-0.13932309,-0.11745612,-0.15740353,-0.17032896,-0.1534209,-0.16439077,3.1168277,-0.1388583,2.8817186,-0.12666287,-0.15152657,-0.13980386,-0.11410222,3.0130196,-0.09078336,-0.10482642,-0.11923124,-0.1331226,-0.15027548,-0.15691832,-0.1185138,-0.11129953,-0.1578567,-0.17738779,-0.13181348,-0.16200835,1.5831608,-0.14629388,-0.13126984,-0.14011398,-0.15095688,-0.17780018,-0.16131267,-0.22917573,-0.09015879,-0.10923693,-0.13294393,-0.12819652,-0.13997786,-0.17054172,-0.13908121,-0.16057305,-0.12777606,-0.07092635,-0.03704006,-0.13547513,-0.15880454,-0.17486662,-0.14332479,-0.12334781,-0.13362384,-0.12023825,-0.13633075,-0.25318068,5.684982,-0.08373137,-0.10945694,-0.14166206,-0.09238048,-0.18370327,-0.18671483,-0.15080822,-0.09036203,-0.13230102,-0.14712699,-0.14801231,-0.15620014,-0.1672884,-0.17900245,-0.08837533,-0.122342005,-0.13906014,8.64171,6.948714,4.754401,-0.18693845,-0.09974302,-0.13113372,-0.08111248,-0.12666792,-0.19006202,-0.18939698,-0.18773785,-0.121414244,-0.076069966,-0.09696149,-0.11782401,-0.1346246,-0.12406494,-0.121451,-0.09459488,-0.09676601,-0.107745975,2.1404831,-0.11203615,-0.13023335,-0.16331494,2.2396371,-0.1347316,-0.18093297,-0.17825818,-0.1907568,-0.14269033,-0.15549555,-0.1335062,1.2244865,0.79692596,-0.19117098,-0.18797103,-0.17810827,2.272712,4.4109592,7.841633,-0.18592224,-0.18756494,-0.17904568,-0.17126693,4.607136,2.7475922,2.7729702,-0.12648797,3.5233202,2.9374068,1.3024935,-0.29657933,4.5730195,-0.15215242,5.24028,1.8271385,-0.17108874,-0.2185038,-0.17647925,-0.114121355,-0.13817772,-0.15388772,-0.15788373,-0.22984435,-0.18186735,-0.25635713,-0.10399185,-0.12455491,-0.13633925,-0.12261324,-0.15189947,-0.15179917,-0.15267345,-0.14014931,-0.15141064,-0.15939884,-0.15264039,-0.15062933,-0.15081412,-0.13240224,-0.12161514,-0.14390388,-0.18578357,-0.17370266,-0.21025829,-0.3990198,-0.20056652,-0.11247423,5.8345833,-0.117424846,-0.14549863,-0.16636807,-0.18189088,-0.18754393,-0.12996203,-0.07733588,-0.15009807,-0.13774115,-0.14106366,-0.11623471,-0.19987361,4.3817577,-0.15604416,-0.13987058,-0.122354776,-0.12722544,-0.14610182,-0.2588673,-0.106823035,1.5581768,-0.09132757,0.7162132,-0.12715006,-0.14715102,-0.14850074,-0.09598556,-0.08910369,-0.12283044,-0.10992799,-0.1359953,-0.14823452,-0.16682813,-0.1406155,-0.11510847,-0.17030802,-0.14924186,-0.13999106,-0.12448539,-0.13888337,-0.17466888,-0.13176009,-0.13034984,-0.14335442,-0.12157394,-0.08722703,-0.05825615,-0.14116588,4.229164,-0.026243303,-0.16422527,-0.2829064,-0.31316653,-0.19509819,-0.14327215,-0.14331596,-0.14862512,-0.12963767,-0.25088155,-0.19022506,-0.184209,-0.09443717,-0.108365,-0.10702289,-0.09346411,-0.12759323,-0.15027495,-0.15746465,-0.16393173,-0.12812386,-0.0969081,-0.16398169,-0.14064494,-0.11335766,-0.18846886,-0.1706479,-0.1513871,-0.12407588,-0.115196005,-0.11208165,-0.11662802,-0.17175868,-0.1363402,-0.13239849,-0.096878245,-0.12012169,-0.09154357,4.7201824,-0.13321829,-0.063823454,-0.13877153,-0.11419349,-0.13219103,2.2789195,-0.2571875,-0.29957527,-0.14398926,-0.15396646,-0.1306518,-0.19104545,-0.0782174,-0.16901334,-0.16108643,-0.09859173,-0.11065883,-0.11275042,-0.076612435,-0.083404,-0.1213824,-0.13072303,-0.13855581,6.882766,-0.0988784,-0.15308824,-0.19487974,-0.18721786,-0.18310662,-0.110292524,-0.14078262,-0.10201645,-0.15569577,-0.19048114,-0.16885051,-0.165921,-0.14064199,-0.14039917,-0.102107845,-0.15070397,-0.15869549,-0.1775355,-0.19137175,-0.119766764,-0.1445471,-0.112561494,-0.08033863,-0.14151746,-0.20725825,-0.15767305,-0.125103,-0.15657571,-0.15690626,-0.14162146,-0.19202894,-0.1595354,-0.17751768,-0.2963242,-0.19697076,-0.17825389,-0.16906843,-0.18981321,-0.15535049,-0.14054683,-0.12870888,-0.12557748,-0.13629374,-0.16129734,0.66995984,-0.16368958,-0.17716844,-0.18880218,-0.11441202,-0.14787075,-0.13872254,-0.17444116,-0.163732,-0.16110161,1.0374649,-0.18237996,-0.12715474,-0.15090178,-0.13672301,-0.24156228,-0.17610976,-0.10278578,-0.13355508,-0.1395267,-0.17065525,-0.10959603,-0.13278952,-0.14869806,-0.15692376,-0.17844142,-0.15101662,-0.14673659,-0.19184028,-0.17200643,-0.16013268,2.8143315,0.7248988,-0.11499533,-0.10471026,-0.13338429,-0.20148799,-0.17297354,3.774192,-0.16289546,-0.18041904,-0.18738703,-0.11705899,-0.17145371,-0.25521582,-0.09261666,-0.09214822,-0.11403714,-0.13413912,-0.14572479,-0.09853871,-0.1844291
k__Bacteria|p__Proteobacteria|c__Gammaproteobacteria|o__Enterobacterales|f__Enterobacteriaceae|g__Escherichia|s__Escherichia_marmotae,-0.1004395,-0.12316422,-0.13921866,0.53228784,-0.16388084,-0.19014843,1.0310372,-0.14212754,-0.12247613,-0.17994773,-0.17993993,-0.22288907,-0.16634874,-0.2018381,-0.101070836,-0.097364515,-0.058144663,-0.097556874,-0.10564055,-0.1676214,-0.1978925,-0.12536043,-0.13370442,-0.14923789,-0.16828366,1.7054248,-0.16418822,-0.17046106,-0.1509206,-0.12124001,-0.13230649,-0.103781074,-0.14542452,-0.19237156,-0.18558584,-0.2175087,-0.1579727,-0.22338755,-0.19334653,-0.29867563,-0.29210672,-0.1945844,-0.10508619,-0.09162698,-0.13691942,-0.15209222,-0.23188588,-0.1903984,-0.1438883,2.0123165,-0.18040143,1.552961,-0.19364262,-0.19520098,-0.19988093,-0.15442854,-0.12326148,-0.14103127,-0.09022965,-0.09371371,-0.1680361,-0.13948587,-0.13743341,-0.1441,-0.12719077,-0.14831224,-0.2613474,-0.22333384,-0.18530267,-0.20047067,-0.14286247,-0.14633758,-0.12824853,-0.14003617,-0.14776653,-0.16076939,-0.14363602,1.0284227,-0.1565476,1.6775162,-0.14419594,-0.15421087,-0.15032387,-0.22480208,-0.120334074,-0.13869578,-0.116052836,-0.15784958,-0.1707103,-0.15274182,-0.16479546,-0.11139822,-0.1388583,-0.13027036,-0.12600687,-0.15152657,-0.13968426,-0.11305486,1.5029607,-0.08860129,-0.103361264,-0.11815363,-0.13240802,-0.15027548,-0.15712395,-0.1185138,-0.11129953,-0.1578567,-0.17738779,-0.13102078,-0.16068715,0.89203614,-0.14582957,-0.13012499,-0.13891932,1.4957135,1.1139882,-0.16084546,-0.22917573,-0.09015879,-0.10781142,-0.13203809,-0.127146,1.1686872,-0.1704649,-0.13908121,-0.16057305,-0.12777606,-0.07092635,-0.03704006,-0.13452536,-0.1589856,-0.17532691,1.1398187,0.7122002,-0.13298616,-0.12023825,-0.13542262,-0.25318068,-0.26654312,-0.08179581,-0.10945694,-0.14145237,-0.09238048,-0.18429744,-0.18677557,-0.15016222,-0.08852869,-0.13230102,-0.14662915,-0.1474728,-0.15598048,-0.1673891,-0.18007934,-0.08624753,-0.12133503,-0.13824362,-0.10256614,-0.17951453,-0.19495486,-0.18760234,-0.09804958,-0.13113372,-0.078037225,-0.12519658,-0.19006202,-0.18989436,-0.18809614,-0.12077798,-0.07392289,-0.09522679,-0.11616038,-0.13379604,1.7055863,3.5337112,-0.0926787,-0.09472871,-0.10625837,2.7371013,-0.11061835,-0.12963317,-0.16373792,-0.1410757,-0.13372472,-0.18093297,1.9411408,-0.19084075,-0.14195122,-0.15549555,-0.13270885,-0.119081676,-0.14001076,0.7629476,-0.18793029,-0.17815077,0.92422575,0.91656303,1.537428,-0.18679179,-0.1876441,-0.17918696,-0.17078006,-0.27554205,2.058436,1.3355397,-0.12527525,1.6825944,-0.20931396,1.0592303,-0.29657933,-0.32474133,-0.14994106,-0.3242122,-0.17325558,1.3505354,-0.2185038,-0.17647925,-0.114121355,-0.13727388,-0.15388772,-0.15788373,1.4103369,-0.18186735,-0.25283867,-0.10233976,-0.12455491,-0.13570319,-0.12164307,-0.15189947,-0.15207908,-0.15303108,1.1886858,0.8024084,-0.15983242,-0.15231237,-0.15053782,-0.1500659,-0.13133422,-0.12051049,-0.14348227,-0.18655443,-0.17392357,-0.21025829,-0.3990198,-0.19995245,-0.11116253,-0.1296617,-0.11619509,-0.14490558,1.2964394,-0.18289709,-0.18798718,-0.12887715,-0.07526329,-0.14992894,-0.13696188,-0.14106366,-0.11546357,-0.19987361,-0.1649412,-0.15567002,-0.13881391,-0.121051595,-0.12722544,-0.14610182,-0.2588673,-0.10512364,-0.13074079,-0.09132757,-0.12832497,-0.12652175,-0.14682208,-0.14873627,-0.09432052,-0.08910369,-0.12174769,-0.10832343,-0.13519217,-0.1478345,-0.16703746,-0.14007424,-0.11402145,-0.17049474,-0.14892381,-0.13954267,-0.12309929,-0.13910002,0.82413536,-0.13176009,-0.12964833,-0.14283398,-0.12051443,-0.08722703,2.19602,-0.14056216,-0.17082691,-0.026243303,-0.16331981,-0.2829064,-0.31316653,-0.19518323,-0.14284171,-0.14331596,-0.14862512,-0.12963767,2.163436,-0.19060996,-0.18496306,-0.092685804,-0.107078016,-0.10702289,-0.09176682,-0.12759323,-0.14988954,-0.15746465,-0.16395047,2.6233268,1.9633714,2.6105895,-0.14063427,-0.11335766,0.884665,1.2573776,-0.15102032,-0.12331154,-0.115196005,-0.110602215,-0.11662802,-0.17254248,-0.1357668,-0.13174488,0.887426,-0.11875969,-0.08981758,-0.12434345,-0.13296917,-0.063823454,-0.13877153,-0.11419349,-0.13103952,-0.24483351,-0.2571875,-0.29957527,-0.14338702,-0.15375237,-0.12967539,-0.19104545,-0.0782174,-0.16922086,-0.16090101,1.8205258,1.3701705,-0.112048656,-0.076612435,-0.083404,1.002952,-0.13072303,-0.13855581,-0.19385117,-0.09730266,-0.1524988,-0.19487974,-0.1876052,-0.18338916,-0.109012224,-0.14026397,-0.10100878,-0.15593916,-0.19071147,-0.16935034,-0.16565582,-0.14004084,-0.13979149,-0.09984366,-0.15017551,-0.15850078,-0.1775464,-0.19159244,-0.11882748,-0.14433584,-0.111335024,-0.07832238,-0.14014514,-0.20725825,-0.15775564,-0.125103,-0.15657571,-0.15690626,-0.14091983,-0.19202894,-0.15944523,-0.17838137,0.9591922,-0.19533359,-0.17766835,-0.16851941,-0.18970664,-0.15447755,-0.14054683,-0.12775496,0.95114636,-0.13550776,-0.15997937,1.0158985,-0.16377896,-0.17751564,-0.18925586,-0.11441202,-0.14741918,-0.13791355,-0.17465323,-0.16372374,-0.16131188,-0.14331086,-0.18237996,-0.12587148,-0.15021998,-0.13469344,-0.24156228,-0.17629302,-0.10119658,-0.13263941,-0.13921675,-0.17098393,-0.10819055,-0.13191253,-0.14910536,-0.15687022,-0.17866842,-0.15111813,-0.14624439,-0.19184028,-0.1721732,-0.16084494,1.4541823,1.8660096,-0.11499533,-0.10471026,-0.13232952,-0.20148799,-0.17363809,2.4092948,-0.16264069,-0.18041904,0.627991,-0.11705899,-0.17271878,-0.2550956,-0.09072669,-0.090378046,-0.11248629,-0.13332988,-0.14508742,-0.09659088,-0.18533245
k__Bacteria|p__Proteobacteria|c__Gammaproteobacteria|o__Enterobacterales|f__Enterobacteriaceae|g__Klebsiella|s__Klebsiella_oxytoca,-0.1004395,-0.12316422,-0.13962066,-0.20428483,-0.16468532,-0.19022253,-0.1666669,-0.14368151,-0.12423188,-0.18153231,-0.18003838,-0.2095457,-0.16713408,-0.19629526,-0.10223122,-0.097824804,-0.058144663,-0.099130824,-0.10695772,-0.16867861,-0.1978925,-0.12536043,-0.1351754,-0.15085436,-0.16882353,-0.11658599,-0.16579983,-0.17184593,-0.1509206,-0.12124001,-0.1341646,-0.10447377,-0.14677158,-0.19145972,-0.1860463,-0.2175087,-0.1588898,-0.22338755,-0.19315766,-0.29867563,-0.29210672,-0.19352832,-0.10635351,-0.09162698,-0.13691942,-0.1531573,-0.23188588,-0.19053535,-0.1449191,-0.2026537,-0.18197912,1.1706455,-0.19270624,-0.19252601,-0.1953891,-0.15629074,-0.12448293,-0.14205152,-0.09219639,-0.09509221,-0.16913626,-0.14111137,-0.13743341,-0.1452874,0.8269497,-0.14999059,5.102819,1.6989188,-0.185894,7.090869,-0.1440699,-0.1476032,-0.12906933,-0.14079833,-0.14893602,-0.162059,-0.14539054,-0.16278498,-0.15742081,-0.14998752,-0.14585598,-0.15497053,-0.15157619,-0.22480208,-0.120334074,-0.1400952,-0.11729363,-0.15917474,-0.17173883,-0.15360405,-0.1661219,4.9251666,-0.1388583,1.6175858,-0.12774974,1.1454641,-0.14183155,-0.11497465,-0.10065024,-0.09003422,-0.10470095,-0.11929233,-0.13359775,-0.15027548,-0.1586676,-0.1185138,4.4644876,4.13371,-0.17738779,-0.13196027,-0.16154891,-0.25953975,-0.14716136,-0.1311906,-0.1396505,3.440388,1.1817678,-0.16133976,-0.22917573,-0.09015879,-0.10989378,-0.13340698,-0.12816575,-0.13997786,-0.171282,-0.13908121,-0.16057305,-0.12777606,-0.07092635,-0.03704006,-0.13570234,-0.16018385,-0.17660704,-0.14332479,-0.12334781,-0.13475457,-0.12023825,-0.13671497,-0.25318068,-0.26654312,-0.08338958,-0.10945694,-0.14289263,-0.09238048,-0.18522781,-0.18685132,-0.15091887,-0.08995761,-0.13230102,-0.14799073,-0.14846236,-0.15683903,-0.1681316,-0.18121573,-0.087398574,-0.12255499,-0.1392989,0.8730684,-0.17951453,1.9295623,-0.1878648,-0.0996625,-0.13113372,-0.078361765,-0.1264936,-0.19006202,-0.18978429,-0.18845204,-0.122695476,-0.075364664,-0.09647845,-0.11720212,-0.13512942,2.716794,-0.121451,-0.09381619,-0.09592989,-0.10765368,-0.082459606,-0.11183004,-0.13109605,-0.16513945,2.0434556,-0.13515972,-0.18093297,-0.17825818,-0.19027439,-0.14283235,-0.15549555,-0.1339947,-0.119081676,-0.14001076,-0.19117098,-0.18734255,-0.1785328,2.0449567,-0.25103784,-0.20219928,-0.1876692,-0.18801446,-0.17973453,-0.1711132,-0.27554205,-0.08916744,-0.11956477,-0.127104,-0.15751183,-0.20931396,-0.18224281,-0.29657933,3.1133392,-0.15214968,1.1622103,-0.17325558,-0.17108874,-0.2185038,-0.17647925,-0.114121355,-0.1384795,-0.15388772,-0.15788373,-0.22984435,-0.18186735,-0.24450013,-0.10360154,-0.12455491,-0.1372912,-0.12320869,-0.15189947,-0.15322818,-0.15460368,-0.14014931,-0.15141064,-0.1611906,-0.15349583,-0.15178627,-0.1511078,-0.13233891,-0.12223332,-0.14504395,-0.18743698,-0.17415242,-0.21025829,-0.3990198,-0.1966031,-0.11262575,4.9232097,-0.11718153,-0.14646891,-0.16636807,-0.18417834,-0.1886491,-0.1306063,-0.0765512,-0.15133432,-0.1384044,-0.14106366,-0.117872015,-0.19987361,5.0528026,-0.15695149,-0.13962331,-0.12238446,7.08352,5.5284185,3.2362194,-0.10652247,-0.13074079,-0.09132757,-0.12832497,-0.12816791,-0.1483068,-0.15035234,-0.09579469,-0.08910369,-0.123165496,-0.10962413,-0.13643877,-0.14914462,-0.16795528,-0.14149654,-0.11595413,-0.17163286,-0.1501899,-0.1408754,-0.12386883,-0.14097162,-0.17466888,-0.13176009,-0.13102621,-0.14411643,-0.12165704,-0.08722703,-0.05825615,-0.14205146,-0.17082691,-0.026243303,-0.16439483,-0.2829064,-0.31316653,-0.19347435,-0.14410457,8.7805805,-0.14862512,-0.12963767,4.1258755,-0.18992108,-0.18569787,-0.09432993,-0.108583316,-0.10702289,-0.092932716,-0.12759323,-0.15148294,-0.15746465,-0.1647773,4.0898833,8.1908865,5.5920978,-0.14228123,-0.11335766,4.0242724,3.609113,-0.15204802,-0.12461074,-0.115196005,-0.11190762,-0.11662802,-0.17386332,-0.13697487,-0.13277026,1.883848,-0.11962013,-0.091454834,-0.12434345,-0.13523152,-0.063823454,-0.13877153,-0.11419349,-0.13245258,-0.24483351,-0.2571875,-0.29957527,-0.14438456,-0.15470834,-0.13065138,-0.19104545,-0.0782174,-0.16964765,-0.1622388,-0.09859173,-0.11065883,-0.11453677,-0.076612435,-0.083404,-0.1213824,-0.13072303,-0.13855581,-0.19385117,-0.0980106,-0.15394825,-0.19487974,-0.18809253,-0.18379936,-0.11056574,-0.1414961,-0.102541864,-0.1575391,-0.19045301,-0.17026576,-0.16659045,-0.14122435,-0.14072604,-0.100933984,-0.15145266,-0.15957904,-0.17831898,-0.19114825,-0.12024158,-0.14579481,-0.113408454,-0.08022325,-0.14106436,-0.20725825,-0.15892161,-0.125103,-0.15657571,-0.15690626,-0.14205654,-0.19202894,-0.16063045,-0.1796516,4.0276246,-0.19250976,-0.1780843,-0.1690313,-0.18915305,-0.15521401,-0.14054683,-0.12898126,-0.12557748,-0.1368339,-0.1608573,-0.30584824,-0.16462639,-0.17831403,-0.18967876,-0.11441202,-0.14899579,-0.13909967,-0.1755462,-0.16457564,-0.16257554,-0.14331086,-0.18237996,-0.1271286,-0.15150714,-0.1352705,-0.24156228,-0.17698193,-0.10252643,-0.13400578,-0.14032593,-0.1719926,-0.109634474,-0.13325441,-0.15069112,-0.15785497,-0.17903942,-0.15215716,-0.14714022,-0.19184028,-0.17283702,-0.1624324,-0.14723541,-0.14623587,-0.11499533,-0.10471026,-0.13364533,-0.20148799,-0.17475346,-0.12513243,-0.16391078,1.6488059,4.1787233,-0.11705899,-0.17439985,-0.25129902,-0.09202865,-0.0919362,-0.11380249,-0.13447022,-0.14597514,-0.09784293,-0.18608265
k__Bacteria|p__Proteobacteria|c__Gammaproteobacteria|o__Enterobacterales|f__Enterobacteriaceae|g__Enterobacter|s__Enterobacter_hormaechei,-0.1004395,-0.12316422,-0.13961262,1.4438512,-0.16346969,-0.18868661,-0.1666669,-0.14253578,-0.123596966,-0.17904204,-0.17895381,-0.21981128,-0.16585734,-0.19923759,-0.102771886,-0.09923901,2.8528984,-0.099446714,-0.1072481,-0.16715029,-0.1978925,-0.12536043,-0.13432322,-0.1494268,-0.16774754,-0.11658599,-0.16382414,-0.16989622,-0.1509206,-0.12124001,-0.13313875,-0.105317935,-0.1457772,-0.19079773,-0.18444794,-0.2175087,-0.15784952,-0.22338755,-0.19222632,-0.29867563,-0.29210672,-0.19308363,-0.10662392,-0.09162698,-0.13691942,-0.15213883,-0.23188588,-0.18900357,-0.14401191,5.4670916,-0.17932738,4.575582,-0.19229011,-0.19365749,-0.19817469,-0.15447527,-0.124250755,-0.14141756,-0.092372395,-0.095714,-0.16745302,-0.14000559,-0.13743341,-0.14440565,-0.12719077,-0.14859445,4.7807255,1.0697693,-0.18418448,-0.20047067,-0.14315765,-0.14656493,-0.12907565,-0.1404774,-0.14787588,-0.1605294,-0.14372489,-0.16278498,-0.15632516,-0.14998752,-0.14463937,-0.15410769,-0.1504077,-0.22480208,8.184125,-0.13926387,-0.11729182,-0.15762365,-0.17007637,-0.1528006,-0.16420013,-0.11139822,-0.1388583,2.1839406,-0.12696102,-0.15152657,-0.14016038,-0.114456035,-0.10065024,-0.090781815,-0.10497762,-0.11929231,-0.13307041,-0.15027548,-0.1570265,7.5633574,8.431591,8.430642,4.0232434,-0.13182513,-0.16074663,2.3641698,-0.14608881,-0.13090271,-0.13942817,-0.15095688,3.594679,-0.1604813,-0.22917573,-0.09015879,-0.109490365,-0.13281018,-0.12800753,-0.13997786,-0.16988194,-0.13908121,-0.16057305,-0.12777606,2.420624,-0.03704006,-0.13516203,-0.15874895,-0.17466767,-0.14332479,-0.12334781,-0.1337317,-0.12023825,-0.13610859,6.0898056,-0.26654312,-0.08410695,-0.10945694,-0.1419274,-0.09238048,-0.18317665,-0.18554053,-0.15012701,-0.09059834,4.38334,-0.14690974,-0.14764088,-0.15582976,-0.16684608,-0.17914534,-0.08838263,-0.12242654,-0.13891125,5.910582,-0.17951453,4.35145,-0.18631643,-0.099866584,-0.13113372,-0.08053033,-0.12630501,-0.19006202,-0.1884375,-0.18685931,-0.121951014,-0.076419644,-0.09710936,-0.117453866,-0.13449007,-0.12406494,-0.121451,-0.09462822,-0.09664641,-0.10785046,-0.082459606,-0.11199924,-0.13040659,-0.1634153,2.254282,-0.13440455,-0.18093297,-0.17825818,-0.18937293,-0.14234342,5.8216505,-0.1334651,-0.119081676,-0.14001076,-0.19117098,-0.18650794,-0.17724189,-0.19755594,1.6069031,3.548687,-0.18542275,-0.18641195,-0.17821397,-0.17015623,3.065904,-0.08916744,-0.11956477,-0.12630728,-0.15751183,-0.20931396,1.4256014,-0.29657933,6.674688,-0.15068707,7.568032,4.5425773,7.240718,3.4223318,-0.17647925,-0.114121355,-0.13779481,-0.15388772,-0.15788373,-0.22984435,-0.18186735,-0.24879579,-0.10399931,-0.12455491,-0.13633722,-0.1227226,-0.15189947,-0.15198213,-0.1530182,-0.14014931,-0.15141064,-0.15959719,-0.15235431,-0.15060261,-0.1502917,-0.1320473,-0.121669546,-0.14386709,-0.18538618,-0.17299543,-0.21025829,-0.3990198,-0.19801065,-0.11254083,-0.1296617,-0.11738677,-0.14531347,-0.16636807,-0.18189077,-0.18680379,-0.12987643,-0.07767762,-0.15017462,-0.13756645,2.4343426,-0.11690417,-0.19987361,1.9383674,-0.15560053,-0.13935146,-0.12221764,-0.12722544,-0.14610182,-0.2588673,-0.10676538,-0.13074079,-0.09132757,-0.12832497,-0.12741914,-0.14706981,-0.14886075,-0.09624691,3.1187541,-0.12288728,-0.109844044,-0.13582665,-0.1480528,-0.16659507,-0.14053673,-0.11538783,-0.16997696,-0.14903846,-0.14001599,-0.12400132,-0.13934147,-0.17466888,-0.13176009,-0.1304475,-0.1432494,-0.12153073,-0.08722703,-0.05825615,-0.14103565,-0.17082691,-0.026243303,-0.16334243,-0.2829064,-0.31316653,-0.1934101,-0.14318384,-0.14331596,-0.14862512,-0.12963767,-0.25088155,-0.18900591,-0.18383926,-0.09467763,-0.108632326,2.624392,-0.09382808,-0.12759323,-0.150149,-0.15746465,-0.16350184,-0.12812386,-0.0969081,-0.16398169,-0.14115319,-0.11335766,1.9765619,-0.1706479,-0.15107283,-0.12426688,-0.115196005,-0.11210676,1.4409213,-0.17186959,-0.13632052,-0.13241187,-0.096878245,-0.119884446,-0.09190592,-0.12434345,-0.13375516,-0.063823454,-0.13877153,-0.11419349,-0.1319296,-0.24483351,-0.2571875,-0.29957527,-0.14370117,-0.15370107,-0.13042797,-0.19104545,-0.0782174,-0.16852002,-0.16084184,-0.09859173,-0.11065883,-0.11356716,-0.076612435,-0.083404,-0.1213824,-0.13072303,6.865573,8.215637,-0.09896516,-0.1527181,-0.19487974,-0.18633799,-0.1823577,-0.11046425,-0.14068675,-0.10259728,-0.15593675,-0.18927611,-0.16890407,-0.16511625,-0.14046587,-0.14020348,-0.10165931,-0.15037313,-0.15829915,-0.17671072,-0.18988165,-0.119928986,-0.14465106,-0.112829514,-0.08085881,-0.14082432,-0.20725825,-0.15750457,6.151155,5.448389,4.488668,-0.14133538,6.3097467,-0.15927713,-0.17754498,4.7103076,-0.19343483,-0.17696625,-0.1679302,-0.18823014,-0.15449011,-0.14054683,-0.12861958,-0.12557748,-0.1361724,-0.16014941,-0.30584824,-0.16331686,-0.17672817,-0.18788171,-0.11441202,-0.14779648,-0.13842629,-0.17392905,-0.16333266,-0.16104159,-0.14331086,-0.18237996,-0.12682071,-0.15058145,-0.13556617,-0.24156228,-0.17535377,-0.1028647,-0.13337517,-0.13957995,-0.17041786,-0.10964741,-0.13267717,-0.14900526,-0.156663,-0.1775999,-0.15115885,-0.14648463,-0.19184028,-0.17145097,-0.16055226,-0.14723541,-0.14623587,-0.11499533,-0.10471026,-0.13316415,-0.20148799,-0.17287333,-0.12513243,-0.16245002,-0.18041904,-0.18738703,-0.11705899,-0.17206347,-0.25106263,-0.09274195,-0.0924504,-0.11389604,-0.13400613,-0.14538538,-0.098458916,-0.18398406
k__Bacteria|p__Proteobacteria|c__Gammaproteobacteria|o__Enterobacterales|f__Enterobacteriaceae|g__Citrobacter|s__Citrobacter_freundii,-0.1004395,-0.12316422,-0.1383214,1.7341609,-0.16126329,-0.1851327,-0.1666669,-0.14184871,-0.12353742,-0.17608991,-0.17592232,-0.21312249,-0.16300991,-0.19440864,-0.10438141,-0.10078354,-0.058144663,-0.10135993,-0.10810907,-0.16493711,-0.1978925,-0.12536043,-0.13416463,-0.14856732,-0.165389,-0.11658599,-0.16165754,-0.16814065,-0.1509206,-0.12124001,-0.13275307,-0.10616452,-0.14436008,-0.18690395,-0.18102151,1.3021321,-0.1561341,1.3630419,-0.18792778,4.0635085,2.205759,-0.18878233,-0.10805626,3.250152,1.7281672,-0.15057144,2.1920798,-0.18526015,-0.14310437,-0.2026537,-0.17674771,-0.18279888,-0.18798769,-0.18912059,-0.19307487,-0.15349746,-0.1244939,-0.14070725,-0.09479382,-0.09746948,-0.16515881,-0.13978924,-0.13743341,-0.14353108,-0.12719077,-0.14703056,3.2292213,-0.22333384,-0.181092,-0.20047067,-0.14259976,-0.1456073,-0.12868139,-0.13953859,-0.14721209,-0.15937302,-0.1429272,-0.16278498,-0.1547312,-0.14998752,-0.14353265,-0.15232143,-0.14918944,-0.22480208,-0.120334074,-0.13847265,-0.11777558,-0.15627581,-0.16796881,-0.1511548,-0.16178536,-0.11139822,-0.1388583,0.70470774,-0.12702686,2.9281373,-0.13943413,-0.11562156,4.935385,-0.09272222,-0.106284484,-0.11980636,-0.13264668,-0.15027548,-0.15557161,6.2637634,-0.11129953,5.5614853,-0.17738779,-0.13189311,-0.15789577,-0.25953975,-0.14503235,-0.13034561,-0.13832742,-0.15095688,-0.17780018,-0.15830436,-0.22917573,-0.09015879,-0.11040139,-0.13244867,-0.12794313,-0.13997786,-0.16720742,-0.13908121,-0.16057305,-0.12777606,-0.07092635,-0.03704006,-0.13429907,-0.15691504,-0.17222899,-0.14332479,-0.12334781,-0.13321173,-0.12023825,-0.13523272,-0.25318068,2.2603927,-0.08662517,-0.10945694,-0.14114979,-0.09238048,-0.17951018,-0.18186933,-0.14830452,-0.09267996,-0.13230102,-0.1456356,-0.14641818,-0.15424886,-0.164561,-0.17652021,-0.09042647,-0.12313801,-0.13851297,-0.10256614,2.1065984,-0.19495486,-0.1832819,-0.1014756,-0.13113372,-0.08282192,-0.12583685,-0.19006202,-0.1849088,-0.18328027,-0.122939676,-0.079474054,-0.098816305,-0.11773231,-0.13393003,6.9809446,-0.121451,-0.096606866,-0.09828387,-0.10883327,-0.082459606,-0.112702005,-0.1301443,-0.1617226,-0.1410757,-0.13376647,4.458992,1.323113,-0.18537195,-0.14115492,-0.15549555,-0.13327578,-0.119081676,1.379938,3.2335029,-0.18285966,-0.17430174,4.662181,6.638506,5.307412,-0.1817454,-0.18249255,-0.17495844,-0.16681287,5.8923407,-0.08916744,-0.11956477,-0.12576209,1.8915663,-0.20931396,-0.18224281,-0.29657933,3.392303,-0.14668918,0.9839725,-0.17325558,2.1217914,-0.2185038,-0.17647925,-0.114121355,-0.13683367,2.8824048,4.90784,-0.22984435,-0.18186735,-0.2395736,-0.105306156,-0.12455491,-0.13570404,-0.122893244,-0.15189947,-0.15089306,-0.15207669,-0.14014931,-0.15141064,-0.15819335,-0.15094185,-0.149459,-0.14874111,-0.13153636,-0.12185638,-0.14275202,-0.18211135,-0.17072219,-0.21025829,-0.3990198,-0.19157435,-0.11345453,-0.1296617,-0.11802216,-0.14403886,-0.16636807,-0.17912361,-0.18327579,-0.12956902,-0.080294274,-0.1488359,-0.13661756,-0.14106366,-0.11841499,-0.19987361,-0.1649412,-0.15379265,-0.13830617,-0.12231151,-0.12722544,-0.14610182,-0.2588673,-0.10783962,2.830978,4.024932,8.236118,-0.12746708,-0.14578643,-0.14812446,-0.09821901,-0.08910369,-0.122998744,-0.11056279,-0.13511586,-0.14665261,-0.16447721,-0.13986945,-0.11580815,-0.1675503,-0.14776243,-0.13928846,-0.12392777,-0.13888055,-0.17466888,-0.13176009,-0.1300932,-0.14242959,-0.1220731,-0.08722703,-0.05825615,-0.14040162,7.164196,-0.026243303,-0.1608668,3.9794612,3.6821136,-0.18871759,-0.14237435,-0.14331596,-0.14862512,-0.12963767,5.299599,-0.18556327,-0.18076254,-0.09646854,-0.10984255,-0.10702289,-0.09589058,-0.12759323,-0.14862669,-0.15746465,-0.16178603,4.5755925,2.5649178,-0.16398169,-0.1407669,-0.11335766,2.753001,-0.1706479,-0.14970776,-0.124642044,-0.115196005,-0.11292444,-0.11662802,-0.16962078,-0.13602015,-0.13226719,-0.096878245,-0.120216995,-0.093954444,-0.12434345,-0.13368829,-0.063823454,-0.13877153,-0.11419349,-0.13120358,-0.24483351,-0.2571875,-0.29957527,-0.14279498,-0.15213847,-0.13009503,-0.19104545,-0.0782174,-0.16600001,-0.15893637,-0.09859173,-0.11065883,-0.11480313,-0.076612435,-0.083404,-0.1213824,-0.13072303,-0.13855581,6.362568,-0.100701615,-0.15110299,6.6119604,-0.18270177,-0.17903143,-0.11145085,-0.13978305,-0.1043385,-0.15467253,-0.18562019,-0.16707805,-0.1620653,-0.13974476,-0.1395541,-0.10261591,-0.14881869,-0.1566295,-0.17349663,-0.18561107,-0.120426066,-0.14398146,-0.113740996,-0.0834019,-0.139633,-0.20725825,-0.15600708,-0.125103,-0.15657571,-0.15690626,-0.14047748,-0.19202894,-0.15737474,-0.17485262,-0.2963242,-0.18739645,-0.17298765,-0.16482627,-0.18384683,-0.15250121,-0.14054683,-0.12844971,-0.12557748,-0.13563709,-0.15701813,2.3795934,-0.16098818,-0.17372566,-0.18426001,-0.11441202,-0.14638634,-0.13754076,-0.17117983,-0.16132805,-0.15928322,-0.14331086,1.2903832,-0.12656403,-0.14884184,-0.1344114,-0.24156228,-0.17212012,-0.104254454,-0.1327869,-0.13905373,-0.1681497,-0.110432774,-0.1320672,-0.14783034,-0.15540603,-0.1743739,-0.15003344,-0.14537634,-0.19184028,-0.16881129,-0.1592997,1.6139684,3.6822453,-0.11499533,-0.10471026,-0.13238579,3.5737777,-0.1706063,-0.12513243,-0.16015874,-0.18041904,-0.18738703,-0.11705899,-0.1702519,-0.242602,-0.094824955,-0.09446421,-0.11432545,-0.13354173,-0.14421648,-0.099689916,-0.18034129
k__Bacteria|p__Proteobacteria|c__Gammaproteobacteria|o__Pasteurellales|f__Pasteurellaceae|g__Haemophilus|s__Haemophilus_parainfluenzae,-0.1004395,-0.12316422,-0.13872193,4.435859,-0.16227973,-0.1853467,1.7357637,-0.14116128,-0.123314366,-0.17628054,-0.17630906,-0.21490015,-0.16227527,-0.19529313,-0.1030253,-0.09962522,-0.058144663,-0.09947011,-0.10741389,-0.16472985,-0.1978925,-0.12536043,-0.13318226,-0.14753075,-0.16528338,-0.11658599,-0.16211745,-0.16737345,-0.1509206,-0.12124001,-0.1323564,-0.105719626,-0.14436956,-0.18744111,-0.18114848,6.2060227,-0.15683913,7.51906,-0.18933359,0.5213322,2.459247,-0.18896356,-0.106587246,-0.09162698,3.908444,-0.15078276,5.017316,-0.18615592,-0.14258054,3.4533672,-0.17829669,0.88249457,-0.18944396,-0.18941188,-0.19317393,-0.15093207,-0.123544015,-0.1398542,-0.09280434,-0.09609075,-0.16502984,-0.13843095,-0.13743341,-0.14294043,-0.12719077,-0.14691561,-0.2613474,-0.22333384,-0.18150136,0.8948644,-0.14148986,-0.14502941,-0.1281851,-0.13892567,-0.14532182,-0.15820427,-0.1418319,-0.16278498,-0.15526098,-0.14998752,-0.1432553,-0.15249573,-0.14861247,2.1600163,7.1335545,-0.13792548,-0.11697793,-0.15531981,-0.16743276,-0.1513526,-0.16181266,4.4608426,-0.1388583,6.2283974,-0.12595859,5.678042,-0.13927183,-0.11422865,-0.10065024,-0.09155318,-0.10480633,-0.1185884,-0.13190696,2.281266,-0.155082,-0.1185138,3.0360212,-0.1578567,-0.17738779,-0.13022324,-0.15906228,3.4576676,-0.14476076,-0.13027991,-0.13813624,-0.15095688,1.8268837,-0.15886773,5.1147804,-0.09015879,-0.10962315,-0.13187508,-0.12704739,-0.13997786,-0.1677877,-0.13908121,-0.16057305,4.1325765,-0.07092635,-0.03704006,-0.13423622,-0.15653518,-0.17207864,3.8686962,-0.12334781,-0.13286102,-0.12023825,-0.13467667,4.3216896,1.7759433,-0.08508802,-0.10945694,-0.13996047,-0.09238048,-0.1803754,-0.1829595,-0.1489191,-0.091344185,-0.13230102,-0.14545742,-0.14621753,-0.15396567,-0.1646566,-0.17571898,-0.08938716,-0.12170668,-0.13759792,5.732349,5.7261987,5.8384147,-0.18280499,-0.10016217,-0.13113372,-0.08103017,-0.124981366,0.74559695,-0.185465,-0.18380243,-0.12112639,-0.07797533,-0.09739298,-0.1169814,-0.13333414,3.8164642,2.8785963,-0.095093116,-0.0969978,-0.10777585,-0.082459606,-0.111516654,-0.12919912,-0.16096607,-0.1410757,-0.13380001,5.3546166,4.3937325,-0.18622796,-0.14091626,-0.15549555,-0.13219187,-0.119081676,-0.14001076,-0.19117098,-0.18394291,-0.17512044,-0.19755594,-0.25103784,-0.20219928,-0.18308115,-0.18414222,-0.17560692,-0.16810605,-0.27554205,-0.08916744,-0.11956477,-0.1259669,-0.15751183,0.6068056,3.9491303,2.221913,-0.32474133,-0.15032446,-0.3242122,-0.17325558,-0.17108874,-0.2185038,-0.17647925,1.3714837,-0.13715482,-0.15388772,-0.15788373,-0.22984435,-0.18186735,-0.24285525,-0.10413726,-0.12455491,-0.13529009,-0.12205492,5.1132264,-0.14988138,-0.1509663,-0.14014931,-0.15141064,-0.1572245,-0.1509448,-0.14887503,-0.14877498,-0.13114779,-0.12119083,-0.14260627,-0.18203822,-0.1706445,-0.21025829,-0.3990198,-0.19279556,-0.11225604,-0.1296617,-0.11656827,-0.14366478,-0.16636807,-0.17867497,-0.18389706,-0.1293025,-0.078795865,-0.14797677,-0.1365212,-0.14106366,-0.11634234,-0.19987361,-0.1649412,-0.1545177,-0.13819462,-0.12161947,-0.12722544,-0.14610182,-0.2588673,-0.106812134,-0.13074079,-0.09132757,-0.12832497,-0.12638701,-0.14576475,-0.14707433,-0.09664745,2.757602,-0.1220467,-0.10979165,-0.1346848,-0.14658615,-0.16397846,-0.13929114,-0.115297176,-0.16747436,-0.14760652,-0.13857901,-0.12358168,-0.13739379,-0.17466888,-0.13176009,-0.12939154,-0.14171022,-0.12097946,-0.08722703,-0.05825615,-0.13968235,-0.17082691,-0.026243303,-0.1619795,-0.2829064,-0.31316653,-0.1893022,-0.14172277,7.702761,-0.14862512,-0.12963767,-0.25088155,-0.18602058,-0.18065411,-0.09516673,-0.108409554,-0.10702289,-0.093342796,-0.12759323,-0.14845772,-0.15746465,-0.16142605,6.4886227,-0.0969081,-0.16398169,-0.13936925,-0.11335766,3.5637486,3.3827164,-0.14963391,-0.123614475,-0.115196005,-0.11151325,-0.11662802,-0.16901998,-0.13511503,-0.13115925,-0.096878245,-0.11924812,-0.092281416,-0.12434345,-0.13278013,-0.063823454,2.1282966,-0.11419349,-0.13095829,6.171297,6.028565,2.6770577,-0.14221361,-0.15182881,-0.1293638,-0.19104545,-0.0782174,-0.16594633,-0.15876763,-0.09859173,-0.11065883,-0.11326969,-0.076612435,-0.083404,2.490597,-0.13072303,-0.13855581,4.9356833,-0.099080354,-0.15099448,-0.19487974,-0.18383393,-0.17943087,-0.110369265,-0.13963696,-0.10245365,-0.15352473,-0.18604025,-0.16538116,-0.16299635,-0.13924563,-0.13883726,-0.10222806,-0.14860636,-0.15656169,-0.17444883,-0.18664703,-0.11922054,-0.14292133,-0.11279994,-0.0817216,-0.1393398,5.656011,-0.15601005,-0.125103,-0.15657571,-0.15690626,-0.14023243,-0.19202894,-0.15753894,-0.17457938,-0.2963242,-0.19179289,-0.1746182,-0.16622375,-0.18551244,-0.1529108,-0.14054683,-0.12777998,-0.12557748,-0.13504013,-0.1585271,-0.30584824,-0.16196144,-0.17387317,-0.18531333,-0.11441202,-0.14589565,-0.13738915,-0.17150283,-0.1613408,-0.1587988,-0.14331086,-0.18237996,-0.12645672,-0.14876498,-0.13437515,-0.24156228,-0.17369778,-0.103078395,-0.13272123,-0.13809082,-0.16771159,-0.1097679,-0.13175754,-0.1468032,-0.15468116,-0.17576832,-0.14883253,-0.1447341,-0.19184028,-0.16934177,-0.15825756,-0.14723541,-0.14623587,-0.11499533,-0.10471026,-0.13176973,-0.20148799,-0.17039472,-0.12513243,-0.16115755,0.67097455,3.0643866,-0.11705899,-0.168449,-0.24595097,-0.093372166,-0.092973635,-0.11375578,-0.1326865,-0.14373088,-0.09878644,-0.18062568
k__Bacteria|p__Proteobacteria|c__Gammaproteobacteria|o__Enterobacterales|f__Enterobacteriaceae|g__Klebsiella|s__Klebsiella_pneumoniae,2.1311274,1.0637658,-0.1344237,6.3151526,-0.15685019,-0.1812499,-0.1666669,-0.13886444,-0.12020262,-0.1731501,-0.17117898,-0.20827018,-0.15978721,-0.19014835,-0.10140042,-0.09748543,-0.058144663,-0.09912627,-0.10502875,-0.16151655,-0.1978925,-0.12536043,-0.13108964,-0.14575791,-0.1618927,8.143154,-0.15802027,-0.1648922,6.801359,8.995601,-0.12964053,-0.10295112,-0.14119779,-0.18306412,-0.17803387,5.45988,-0.15103428,4.3114767,-0.1834446,-0.29867563,-0.29210672,-0.18605071,-0.10526028,-0.09162698,0.8832727,-0.14672893,-0.23188588,-0.18097508,-0.14017609,7.2548103,-0.17120436,6.7005796,-0.18375698,-0.18514141,-0.19088426,-0.151773,-0.121606536,-0.13769919,-0.09216007,-0.094779804,-0.16206008,-0.13676359,-0.13743341,-0.14025484,-0.12719077,-0.1436154,-0.2613474,2.711787,-0.17698845,-0.20047067,-0.13976273,-0.14238814,-0.12578055,-0.13658416,-0.14517406,-0.15623067,-0.14032319,1.1159617,-0.14996581,5.3269863,-0.1404838,-0.1486283,-0.14601918,-0.22480208,-0.120334074,-0.1353983,-0.11467655,-0.15343022,-0.16475846,-0.14717393,-0.15879829,-0.11139822,-0.1388583,6.968984,-0.12452191,-0.15152657,-0.13631117,-0.11268975,-0.10065024,-0.08992793,-0.10383058,-0.11709575,-0.12983689,-0.15027548,-0.15255812,-0.1185138,-0.11129953,7.73577,-0.17738779,-0.12891492,-0.15419394,-0.25953975,-0.14148927,-0.12690955,-0.13522553,4.3659096,-0.17780018,-0.1538401,-0.22917573,-0.09015879,-0.10732117,-0.12930557,-0.12500995,3.248478,-0.16328943,-0.13908121,5.2634115,-0.12777606,8.681391,-0.03704006,-0.13114607,-0.15413788,-0.16868764,8.324959,4.659507,-0.13000971,-0.12023825,-0.13292971,-0.25318068,6.4730906,-0.08414063,-0.10945694,-0.1390017,-0.09238048,-0.17604503,-0.17808942,-0.14501056,-0.09004527,9.31781,-0.14230354,-0.1429569,-0.1508429,-0.16099553,-0.17403348,-0.087463796,-0.11990227,-0.13508192,-0.10256614,-0.17951453,-0.19495486,-0.17996565,-0.09902991,-0.13113372,-0.08087419,-0.12365228,1.1121577,-0.18120536,-0.17967427,-0.120215416,-0.07650855,-0.096173435,-0.11479497,-0.13109219,-0.12406494,-0.121451,-0.0938489,-0.09550948,-0.10623587,-0.082459606,-0.11023754,-0.12768623,-0.15876299,-0.1410757,-0.13019961,-0.18093297,-0.17825818,-0.18135965,-0.13812897,-0.15549555,-0.13044113,-0.119081676,0.99218875,-0.19117098,-0.17840223,-0.16986239,5.116742,5.431909,4.6936884,-0.17772724,-0.17816648,-0.17136553,-0.16306579,-0.27554205,-0.08916744,-0.11956477,-0.12277785,-0.15751183,1.8129698,-0.18224281,-0.29657933,5.6093907,-0.14077511,7.815033,-0.17325558,-0.17108874,-0.2185038,-0.17647925,7.3861003,-0.13314101,6.096718,6.996257,5.196157,7.684563,-0.23482496,-0.10253088,3.3326888,-0.13277225,-0.12033447,-0.15189947,-0.14818251,-0.149423,-0.14014931,-0.15141064,-0.15540786,-0.14714032,-0.14624766,-0.14524351,-0.12850872,-0.119047076,-0.1393591,-0.17920592,-0.1667339,-0.21025829,-0.3990198,-0.18853757,-0.110712364,-0.1296617,-0.11549935,-0.14131874,-0.16636807,-0.17614971,-0.1795388,-0.12625459,-0.077917695,-0.14637837,-0.1336895,-0.14106366,-0.115451805,3.1277256,5.0702,-0.14941585,-0.1349231,-0.11946231,-0.12722544,-0.14610182,-0.2588673,-0.105003454,2.3574445,7.561585,7.9621315,-0.12514067,-0.14256756,-0.14533216,-0.095584825,-0.08910369,-0.12042976,-0.107833184,-0.13207436,-0.14352986,-0.1614047,-0.13680735,-0.11294308,-0.16412917,-0.1445138,-0.13646474,-0.12067294,-0.13640764,8.14297,1.7005625,-0.12729886,-0.13928045,-0.11916793,3.7865531,-0.05825615,-0.13727951,8.782145,-0.026243303,-0.15594482,2.24634,-0.31316653,-0.18507257,-0.13921353,-0.14331596,-0.14862512,-0.12963767,4.621898,-0.1813966,-0.17745852,-0.09402394,-0.107117295,-0.10702289,-0.09431937,0.73005486,-0.14535181,-0.15746465,-0.15791574,-0.12812386,-0.0969081,-0.16398169,-0.13832286,2.491157,4.5559664,-0.1706479,-0.14597501,-0.12154311,-0.115196005,-0.11039725,6.920623,-0.16656506,-0.13301438,-0.12947291,6.9469867,-0.11727533,-0.09176929,-0.12434345,-0.13080135,-0.063823454,8.50302,5.2896466,-0.12839757,4.162023,4.8289156,3.1096976,-0.13958332,-0.14885332,-0.12735796,-0.19104545,-0.0782174,-0.16272722,-0.15567213,-0.09859173,-0.11065883,-0.112172335,4.408024,-0.083404,-0.1213824,-0.13072303,-0.13855581,-0.19385117,-0.09801552,-0.1478047,-0.19487974,-0.17864883,-0.1754947,-0.108810425,-0.13636206,-0.101925865,-0.15216517,-0.18152173,-0.16462182,-0.15885454,-0.13651857,-0.13628551,-0.09934884,-0.14587048,-0.15279676,-0.16960976,-0.1818362,-0.11782859,-0.14108543,-0.1107703,-0.08110362,-0.13671723,-0.20725825,-0.15236992,3.233235,4.458656,4.6590285,-0.13665694,6.884747,-0.15378915,-0.1718663,5.1298547,-0.18122846,-0.16944623,-0.16108218,-0.18004489,-0.14900099,3.9661942,-0.12554081,-0.12557748,-0.13253707,-0.15356833,2.3520234,-0.15676269,-0.17082202,-0.17991559,-0.11441202,-0.1438793,-0.13424473,-0.16745949,-0.15778817,-0.15606089,-0.14331086,-0.18237996,-0.12300386,-0.14539471,-0.13131325,-0.24156228,-0.16774625,-0.101613745,-0.12915248,-0.1363233,-0.16508663,-0.107485525,-0.12910688,-0.14553392,-0.15200122,-0.1698952,-0.14751843,-0.14243276,-0.19184028,-0.16488123,-0.15631917,-0.14723541,-0.14623587,-0.11499533,-0.10471026,-0.12984413,-0.20148799,-0.16726172,-0.12513243,-0.15501338,5.872968,-0.18738703,-0.11705899,-0.16823785,-0.23808193,-0.09202187,-0.09190333,-0.111351214,-0.13081379,-0.14123453,-0.09708522,-0.17732196
k__Bacteria|p__Proteobacteria|c__Gammaproteobacteria|o__Enterobacterales|f__Enterobacteriaceae|g__Escherichia|s__Escherichia_coli,5.84165,5.2807064,3.9335186,7.6427565,4.642772,5.3592663,8.174536,4.015608,3.469287,5.0799956,5.0847564,6.2019777,4.6833286,5.653351,2.8523548,2.744275,5.0314674,2.746449,2.9880762,4.7297163,4.503791,7.137929,3.7722244,4.2107077,4.7474127,8.88381,4.643561,4.8088517,7.653159,6.841542,3.7434409,2.9311862,4.1100936,5.4174004,5.2296343,5.7204657,4.4801426,5.6716413,5.470066,6.72516,7.0257106,5.470772,2.962705,-0.09162698,-0.13691942,4.300325,7.3275633,5.3743076,4.0583844,7.9822154,5.1276627,8.418224,5.4675226,5.482893,5.592184,4.336109,3.4777713,3.9759827,2.545763,2.6445026,4.740296,3.9345262,-0.13743341,4.0683784,4.418029,4.1941137,4.2840447,5.2816205,5.2368093,4.188081,4.026475,4.131339,3.6174798,3.9468322,4.15139,4.532799,4.053195,7.2444277,4.432967,8.373429,4.0759444,4.3564305,4.240839,7.080076,-0.120334074,3.916962,3.2768607,4.4481583,4.8152723,4.3195214,4.6537476,-0.11139822,6.8688884,-0.13027036,3.5556054,5.922252,3.9531987,3.1940079,8.930981,2.5032058,2.9115233,3.3292484,3.7345214,3.198515,4.436144,0.88344425,0.6476792,5.766231,4.796714,3.6888082,4.5516505,8.117964,4.121994,3.6788833,3.9211721,8.791954,7.838787,4.548939,6.61803,7.0275974,3.0537074,3.730836,3.58548,8.380075,4.8185987,5.7681823,-0.16057305,6.131218,-0.07092635,-0.03704006,3.8012571,4.483689,4.9516964,7.837144,6.956875,3.762604,5.6749053,3.8202772,-0.25318068,-0.26654312,2.3079667,7.862619,3.9844522,2.5250905,5.2038403,5.2735596,4.241826,2.4976788,-0.13230102,4.143734,4.164424,4.400795,4.7241526,5.0706043,2.4353166,3.421174,3.9042344,6.5980024,6.4731154,6.4147186,5.2832837,2.7680275,-0.13113372,2.1877255,3.5307698,6.269411,5.3539267,5.308193,3.4079273,2.0885901,2.6843448,3.2792282,3.7768333,7.3679485,9.126826,2.6126304,2.6734045,2.998621,8.380341,3.1171122,3.654947,4.6181803,1.1164927,3.7849667,7.4910965,9.035108,5.38048,4.005525,7.612171,3.7430997,6.2682486,6.583652,7.5056796,5.30373,5.035047,7.5395837,7.3302283,8.723179,5.2811875,5.307522,5.058191,4.8271704,7.216729,9.34166,8.411491,3.5497413,8.718336,6.824099,8.248989,5.670682,7.3888745,4.28405,4.192537,7.3648796,8.536333,5.807654,2.0205429,-0.114121355,3.8849988,7.974645,6.781518,7.9903502,7.1787915,7.0893326,2.8879733,7.2417197,3.8344617,3.4332995,6.654232,4.2829523,4.31473,8.558527,8.299458,4.5050683,4.306773,4.2485895,4.242956,3.7071762,3.4071631,4.05669,5.2587047,4.9055004,5.4586415,1.167565,5.588069,3.1375604,3.0515077,3.270189,4.0929747,8.478199,5.1583095,5.3095303,3.6499462,2.1189468,4.226879,3.8719597,-0.14106366,3.2610905,6.3938913,7.1259317,4.4116173,3.9207897,3.419335,7.169365,7.6486654,6.7478895,2.969561,5.66521,-0.09132757,-0.12832497,3.56709,4.1512647,4.1944504,2.6604156,5.1007047,3.4347744,3.0592427,3.8168364,4.177012,4.7087317,3.9569526,3.226448,4.8140097,4.207265,3.936483,3.4761467,3.9212399,8.7534895,3.2378361,3.658264,4.0324807,3.3985922,4.767761,9.671988,3.9709923,7.666257,-0.026243303,4.634548,3.213893,5.424387,5.4778347,4.031867,-0.14331596,4.2566257,-0.12963767,9.07872,5.3709297,5.216157,2.6168492,3.0201125,5.059435,2.5703878,7.291581,4.2368946,5.7725396,4.627444,9.537024,9.344742,9.087946,3.9622865,4.2349052,8.520157,7.8614798,4.2680216,3.4791145,5.384053,3.1170492,6.6429076,4.8651066,3.8296857,3.7125232,8.138064,3.3477368,2.5305948,4.222276,3.7594047,2.9620006,6.4809837,6.2938604,3.7037416,4.707338,6.5767303,6.6254387,4.0466704,4.3383064,3.6556473,5.9711175,-0.0782174,4.770123,4.545806,9.010992,8.9649,3.1682377,6.737263,7.0666885,8.055287,7.420936,1.2403319,-0.19385117,2.7355952,4.3132133,4.83044,5.301444,5.1735277,3.077529,3.9637804,2.842461,4.395988,5.376549,4.7608647,4.6865044,3.9545498,3.9432158,2.8260162,4.2408934,4.4779863,5.019915,5.403785,3.3506365,4.071629,3.1528,2.2104368,3.9557898,6.3281918,4.4590564,-0.125103,4.9297967,4.4156117,3.983752,4.4463134,4.507207,5.031604,8.285315,5.5263824,5.0219574,4.765463,5.352832,4.36629,3.218923,3.6067157,8.028306,3.8284779,4.5336323,7.951742,4.632705,5.0085073,5.3473225,5.175618,4.161613,3.896724,4.932644,4.6220703,4.5520935,5.881158,5.5081673,3.5634637,4.247383,3.8055801,6.8287115,4.990907,2.8546185,3.753034,3.9213924,4.8231525,3.0575957,3.7267966,4.202211,4.425187,5.051585,4.2524405,4.123363,4.860815,4.864844,4.5352764,8.880734,9.360762,5.733791,5.668755,3.7328777,5.6606255,4.900967,8.981415,4.6122766,6.928581,7.2880025,6.6074595,4.8581505,7.184471,2.559658,2.5495138,3.1794882,3.7587068,4.092478,2.7267518,5.2272367
k__Bacteria|p__Actinobacteria|c__Actinomycetia|o__Bifidobacteriales|f__Bifidobacteriaceae|g__Scardovia|s__Scardovia_wiggsiae,-0.1004395,-0.12316422,-0.14208928,-0.20428483,-0.16651388,-0.19350389,-0.1666669,-0.14471203,-0.12467635,-0.18308473,-0.18369642,-0.23557112,-0.16913363,-0.208104,-0.102855675,-0.09947689,-0.058144663,-0.09918845,-0.10751846,-0.1704864,-0.1978925,-0.12536043,-0.13577268,-0.1516236,-0.1713812,-0.11658599,-0.16649884,-0.17322901,-0.1509206,-0.12124001,-0.13444832,-0.105807096,-0.14802748,-0.19660576,-0.18899548,-0.2175087,-0.16069347,-0.22338755,-0.19777164,-0.29867563,-0.29210672,-0.19903064,-0.10678105,-0.09162698,-0.13691942,-0.1547223,-0.23188588,-0.19357562,-0.14626968,-0.2026537,-0.183199,-0.18279888,-0.19852118,-0.20083147,-0.20739652,-0.15696083,-0.1254152,-0.14347751,-0.09144132,-0.095410265,-0.1707184,-0.14166677,-0.13743341,-0.14659494,-0.12719077,-0.15079552,-0.2613474,-0.22333384,-0.18853474,-0.20047067,-0.14526007,-0.14877538,-0.13071465,-0.14273942,-0.15025772,-0.16350046,-0.14586237,-0.16278498,-0.1590873,-0.14998752,-0.14649187,-0.15702307,-0.15279423,-0.22480208,-0.120334074,-0.14108852,-0.118105896,-0.1603011,-0.1737198,-0.15557227,-0.16757621,-0.11139822,-0.1388583,-0.13027036,-0.12805617,-0.15152657,-0.14157462,-0.114893384,-0.10065024,-0.09029339,-0.10513948,-0.12022482,-0.1346184,-0.15027548,-0.15960346,-0.1185138,-0.11129953,-0.1578567,-0.17738779,-0.13365534,-0.16435283,-0.25953975,-0.1483183,-0.13251702,-0.14180888,-0.15095688,-0.17780018,-0.16375971,-0.22917573,-0.09015879,-0.109546274,-0.13443893,-0.12955837,-0.13997786,-0.17349654,-0.13908121,-0.16057305,-0.12777606,-0.07092635,-0.03704006,-0.13692299,-0.16154528,-0.17833725,-0.14332479,-0.12334781,-0.13509429,-0.12023825,-0.1379476,-0.25318068,-0.26654312,-0.082878426,-0.10945694,-0.14387739,-0.09238048,-0.18728536,-0.19034189,-0.15269029,-0.08978239,-0.13230102,-0.1491673,-0.15010634,-0.15871775,-0.17027122,-0.18293694,-0.08754378,-0.12352644,-0.14087974,-0.10256614,-0.17951453,-0.19495486,-0.19109003,-0.099730715,-0.13113372,-0.080318056,-0.12782529,-0.19006202,-0.1933116,-0.19158044,-0.122646526,-0.074776314,-0.09687877,-0.118570805,-0.13619861,-0.12406494,-0.121451,-0.09431586,-0.09655361,-0.10808821,-0.082459606,-0.112714775,-0.13172644,-0.16642019,-0.1410757,-0.13602507,-0.18093297,-0.17825818,-0.19462845,-0.14458403,-0.15549555,-0.13516338,-0.119081676,-0.14001076,-0.19117098,-0.19149573,-0.1813789,-0.19755594,-0.25103784,-0.20219928,-0.18947066,-0.19106764,-0.182474,-0.17409663,-0.27554205,-0.08916744,-0.11956477,-0.12737255,-0.15751183,-0.20931396,-0.18224281,-0.29657933,-0.32474133,-0.15275401,-0.3242122,-0.17325558,-0.17108874,-0.2185038,-0.17647925,-0.114121355,-0.13959467,-0.15388772,-0.15788373,-0.22984435,-0.18186735,-0.2629419,-0.104111835,-0.12455491,-0.1379731,-0.123658255,-0.15189947,-0.15437362,-0.15542021,-0.14014931,-0.15141064,-0.16243404,-0.15484878,-0.15305363,-0.15297014,-0.13375995,-0.122539006,-0.1459502,-0.18988362,-0.17720336,-0.21025829,-0.3990198,-0.20534316,-0.11307148,-0.1296617,-0.11855291,-0.14756323,-0.16636807,-0.18588002,-0.19137219,-0.1310656,-0.07625708,-0.15265399,-0.13923913,-0.14106366,-0.11731535,-0.19987361,-0.1649412,-0.15820645,-0.1415377,-0.123286806,-0.12722544,-0.14610182,-0.2588673,-0.10700375,-0.13074079,-0.09132757,-0.12832497,-0.12850888,-0.14911892,-0.15090495,-0.09582256,-0.08910369,-0.123934664,-0.11020551,-0.13751695,-0.15034139,-0.16995823,-0.14247605,-0.11568481,-0.17347467,-0.15143706,-0.14186206,-0.12538156,-0.14134063,-0.17466888,-0.13176009,-0.1317921,-0.14542979,-0.12253581,-0.08722703,-0.05825615,-0.14306685,-0.17082691,-0.026243303,-0.16647056,-0.2829064,-0.31316653,-0.19961214,-0.14527225,-0.14331596,-0.14862512,-0.12963767,-0.25088155,-0.19410938,-0.18817079,-0.09412019,-0.10887417,-0.10702289,-0.093671694,-0.12759323,-0.15251169,-0.15746465,-0.16690533,-0.12812386,-0.0969081,-0.16398169,-0.14276242,-0.11335766,-0.18846886,-0.1706479,-0.15357277,-0.12523943,-0.115196005,-0.11278185,-0.11662802,-0.1752711,-0.13810101,-0.1340416,4.354611,-0.12107664,-0.091216505,-0.12434345,-0.13481276,-0.063823454,-0.13877153,-0.11419349,-0.13345596,-0.24483351,-0.2571875,-0.29957527,-0.14601338,-0.15644601,-0.13211751,-0.19104545,-0.0782174,-0.17231882,-0.16385253,-0.09859173,-0.11065883,-0.11354667,-0.076612435,-0.083404,-0.1213824,-0.13072303,-0.13855581,-0.19385117,-0.09881473,-0.15536973,-0.19487974,-0.19087663,-0.18679217,-0.110728085,-0.14241202,-0.10242608,-0.1586375,-0.1945984,-0.1727311,-0.168754,-0.14245366,-0.14230587,-0.10187272,-0.1529567,-0.16125217,-0.18078932,-0.19554523,-0.12077002,-0.14680406,-0.1131319,-0.079548925,-0.14327176,-0.20725825,-0.16011974,-0.125103,-0.15657571,-0.15690626,-0.14336696,-0.19202894,-0.16206533,-0.18120556,-0.2963242,-0.20000312,-0.18143354,-0.17162085,-0.19342588,-0.1575918,-0.14054683,-0.12998426,-0.12557748,-0.13791434,-0.16322231,-0.30584824,-0.16630375,-0.1807331,-0.1925374,-0.11441202,-0.15007171,-0.14023797,-0.17768294,-0.16654985,-0.16395094,-0.14331086,-0.18237996,-0.12818749,-0.15317765,-0.13818994,-0.24156228,-0.17895651,-0.10282384,-0.13479324,-0.14150661,-0.1740291,-0.109782204,-0.13418731,-0.15145811,-0.15958418,-0.18158475,-0.15365002,-0.1488395,-0.19184028,-0.17499565,-0.16320595,-0.14723541,-0.14623587,-0.11499533,-0.10471026,-0.1348911,-0.20148799,-0.17628697,-0.12513243,-0.16523217,-0.18041904,-0.18738703,-0.11705899,-0.17550547,-0.26175335,-0.092199445,-0.09179085,-0.11451132,-0.1358077,-0.14780876,-0.09832532,-0.18852597
k__Bacteria|p__Actinobacteria|c__Actinomycetia|o__Corynebacteriales|f__Corynebacteriaceae|g__Corynebacterium|s__Corynebacterium_callunae,-0.1004395,-0.12316422,-0.14215425,-0.20428483,-0.16684759,-0.19423121,-0.1666669,-0.14522041,-0.12506998,-0.18366098,-0.18407033,-0.23404397,-0.1697967,-0.20935035,-0.103519216,-0.10017697,-0.058144663,-0.09960811,-0.10776371,-0.17101139,-0.1978925,-0.12536043,-0.13603601,-0.15214634,-0.17198943,-0.11658599,-0.16718897,-0.17406999,-0.1509206,-0.12124001,-0.13504632,-0.106248915,-0.14850152,-0.19726315,-0.18995991,-0.2175087,-0.16077958,-0.22338755,-0.19853921,-0.29867563,-0.29210672,-0.20012401,-0.10758276,-0.09162698,-0.13691942,-0.15512864,-0.23188588,-0.19408841,-0.14678758,-0.2026537,-0.18332677,-0.18279888,-0.19858307,-0.20055701,-0.20688812,-0.15786809,-0.12591678,-0.14413315,-0.09183423,-0.095702425,-0.17138675,-0.14222777,-0.13743341,-0.1471222,-0.12719077,-0.15150717,-0.2613474,-0.22333384,-0.18918088,-0.20047067,-0.14585653,-0.14931968,-0.13113302,-0.14304039,-0.15090543,-0.16401917,-0.14662534,-0.16278498,-0.159378,-0.14998752,-0.1469293,-0.15734749,-0.1532301,-0.22480208,-0.120334074,-0.14161484,-0.11833069,-0.16100535,-0.17425421,-0.15580702,-0.16816296,-0.11139822,-0.1388583,-0.13027036,-0.12856637,-0.15152657,-0.14205375,-0.1152728,-0.10065024,-0.09068012,-0.10576509,-0.12087391,-0.13520421,-0.15027548,-0.160411,-0.1185138,-0.11129953,-0.1578567,-0.17738779,-0.13407299,-0.1643329,-0.25953975,-0.14877403,-0.1328848,-0.14205882,-0.15095688,-0.17780018,-0.16405568,-0.22917573,-0.09015879,-0.109723955,-0.13491014,-0.12993482,-0.13997786,-0.17405474,-0.13908121,-0.16057305,-0.12777606,-0.07092635,-0.03704006,-0.13728741,-0.16230428,-0.17894626,-0.14332479,-0.12334781,-0.13583699,-0.12023825,-0.13847801,-0.25318068,-0.26654312,-0.083449304,-0.10945694,-0.14482772,-0.09238048,-0.18796659,-0.19086133,-0.15319526,-0.0902694,-0.13230102,-0.14961463,-0.15052041,-0.15920457,-0.17078121,-0.18401013,-0.08795947,-0.12394386,-0.14176935,-0.10256614,-0.17951453,-0.19495486,-0.19190764,-0.10003968,-0.13113372,-0.080420434,-0.12831277,-0.19006202,-0.19402838,-0.19226709,-0.12332609,-0.07535078,-0.097449794,-0.11896944,-0.13677314,-0.12406494,-0.121451,-0.09475555,-0.097092964,-0.10885577,-0.082459606,-0.11327218,-0.13248825,-0.16733602,-0.1410757,-0.13628301,-0.18093297,-0.17825818,-0.19524433,-0.1451298,-0.15549555,-0.13571301,-0.119081676,-0.14001076,-0.19117098,-0.1921114,-0.18177527,-0.19755594,-0.25103784,-0.20219928,-0.18991092,-0.19138888,-0.18301612,-0.17454985,-0.27554205,-0.08916744,-0.11956477,-0.12781045,-0.15751183,-0.20931396,-0.18224281,-0.29657933,-0.32474133,-0.15264833,-0.3242122,-0.17325558,-0.17108874,-0.2185038,-0.17647925,-0.114121355,-0.13988921,-0.15388772,-0.15788373,-0.22984435,-0.18186735,-0.26355073,-0.104516454,-0.12455491,-0.13852414,-0.12416065,-0.15189947,-0.15511799,-0.15625553,-0.14014931,-0.15141064,-0.1631009,-0.15517095,-0.15359789,-0.1534321,-0.13436827,-0.12288863,-0.1462327,-0.19055016,-0.17751688,-0.21025829,-0.3990198,-0.20595573,-0.11361393,-0.1296617,-0.11905941,-0.1479647,-0.16636807,-0.18685956,-0.19221386,-0.13154109,-0.07683871,-0.1533921,-0.13993183,-0.14106366,-0.11755949,-0.19987361,-0.1649412,-0.15856487,-0.14198247,-0.123728104,-0.12722544,-0.14610182,-0.2588673,-0.10742816,-0.13074079,-0.09132757,-0.12832497,-0.12901187,-0.14958753,-0.15171494,-0.0964087,-0.08910369,-0.124576494,-0.11069229,-0.13799575,-0.15088467,-0.17074361,-0.14294112,-0.116034254,-0.17413487,-0.1519102,-0.14235808,-0.12569217,-0.14188436,-0.17466888,-0.13176009,-0.13235098,-0.14594448,-0.123132125,-0.08722703,-0.05825615,-0.14359424,-0.17082691,-0.026243303,-0.1673879,-0.2829064,-0.31316653,-0.20042741,-0.14576107,-0.14331596,-0.14862512,-0.12963767,-0.25088155,-0.19466129,-0.18897878,-0.09450483,-0.10946478,-0.10702289,-0.09429605,-0.12759323,-0.15305328,-0.15746465,-0.16738978,-0.12812386,-0.0969081,-0.16398169,-0.14359906,-0.11335766,-0.18846886,-0.1706479,-0.15393803,-0.12574923,-0.115196005,-0.11321284,-0.11662802,-0.17636472,-0.13861181,-0.13479736,-0.096878245,-0.12162733,-0.09176814,-0.12434345,-0.13539287,-0.063823454,-0.13877153,-0.11419349,-0.13394585,-0.24483351,-0.2571875,-0.29957527,-0.14648451,-0.1569856,-0.13245586,-0.19104545,-0.0782174,-0.17308761,-0.16439241,-0.09859173,-0.11065883,-0.11414773,-0.076612435,-0.083404,-0.1213824,-0.13072303,-0.13855581,-0.19385117,-0.09920966,-0.15574443,-0.19487974,-0.1914767,-0.18750346,-0.11119893,-0.14301343,-0.102978736,-0.15938781,-0.19509056,-0.17349131,-0.16949666,-0.14297235,-0.1428842,-0.10201873,-0.15346825,-0.16165797,-0.18137941,-0.1962395,-0.12129097,-0.14748666,-0.113749765,-0.08003384,-0.1433433,-0.20725825,-0.16080841,-0.125103,-0.15657571,-0.15690626,-0.1438296,-0.19202894,-0.16259246,-0.18205607,-0.2963242,-0.20032135,-0.18168113,-0.17208467,-0.19394587,-0.15789253,-0.14054683,-0.1305458,-0.12557748,-0.13855128,-0.1637921,-0.30584824,-0.16654621,-0.18149304,-0.19316955,-0.11441202,-0.15062618,-0.14068705,-0.17821665,-0.16696723,-0.16473258,-0.14331086,-0.18237996,-0.12845066,-0.15358807,-0.13802709,-0.24156228,-0.17978343,-0.103239596,-0.13513914,-0.14202017,-0.17476916,-0.110201046,-0.13459711,-0.15221027,-0.16022587,-0.18207192,-0.15431929,-0.149332,-0.19184028,-0.1755203,-0.16393867,-0.14723541,-0.14623587,-0.11499533,-0.10471026,-0.13530791,-0.20148799,-0.17709279,-0.12513243,-0.1660891,-0.18041904,-0.18738703,-0.11705899,-0.17656124,-0.2632216,-0.09274195,-0.09229043,-0.11498013,-0.13633147,-0.14838563,-0.09863995,-0.18949348
k__Bacteria|p__Actinobacteria|c__Actinomycetia|o__Actinomycetales|f__Actinomycetaceae|g__Actinomyces|s__Actinomyces_naeslundii,-0.1004395,-0.12316422,-0.14203972,-0.20428483,-0.1669499,-0.1934211,-0.1666669,-0.14516875,-0.12517908,-0.18364786,-0.182859,-0.2282461,-0.16929995,-0.20589507,-0.1032951,-0.09985466,-0.058144663,-0.09987517,-0.108003095,-0.17078531,-0.1978925,-0.12536043,-0.13623072,-0.15210441,-0.17141849,-0.11658599,-0.1672927,-0.17374364,-0.1509206,-0.12124001,-0.13522495,-0.10603602,-0.14850682,-0.1958066,-0.18913755,-0.2175087,-0.16094442,-0.22338755,-0.19749929,-0.29867563,-0.29210672,-0.19834688,-0.10741851,-0.09162698,-0.13691942,-0.1551672,-0.23188588,-0.19372308,-0.14666292,-0.2026537,-0.18367496,-0.18279888,-0.19746625,-0.19858666,-0.20404226,-0.15757793,-0.12583557,-0.1438109,-0.09221125,-0.0958759,-0.1711079,-0.14209746,-0.13743341,-0.14695683,-0.12719077,-0.15145415,-0.2613474,-0.22333384,-0.18864945,-0.20047067,-0.14562084,-0.14916328,-0.13095379,-0.14279765,-0.15044457,-0.16370898,-0.14645788,-0.16278498,-0.15941954,-0.14998752,-0.14710659,-0.15718223,-0.153153,-0.22480208,-0.120334074,-0.14157523,-0.1185145,-0.16073382,-0.17388038,-0.15572222,-0.1680379,-0.11139822,-0.1388583,-0.13027036,-0.12863153,-0.15152657,-0.14243495,-0.11557031,-0.10065024,-0.09076885,-0.105646,-0.120637,-0.13509059,-0.15027548,-0.16025332,-0.1185138,-0.11129953,-0.1578567,-0.17738779,-0.13369878,-0.16425377,-0.25953975,-0.14878277,-0.13285571,-0.14185038,-0.15095688,-0.17780018,-0.16386421,-0.22917573,-0.09015879,-0.11035227,-0.1348306,-0.12974778,-0.13997786,-0.17374705,-0.13908121,-0.16057305,-0.12777606,-0.07092635,-0.03704006,-0.1373917,-0.1619893,-0.17874032,-0.14332479,-0.12334781,-0.13583326,-0.12023825,-0.13830417,-0.25318068,-0.26654312,-0.083709225,-0.10945694,-0.1443815,-0.09238048,-0.18780749,-0.19027257,-0.1531848,-0.090542324,-0.13230102,-0.14963086,-0.15038306,-0.1589571,-0.17045796,-0.18336189,-0.08818424,-0.12392308,-0.1412828,-0.10256614,-0.17951453,-0.19495486,-0.1909777,-0.100317284,-0.13113372,-0.080080785,-0.12804767,-0.19006202,-0.19318874,-0.19165185,-0.123391144,-0.07554382,-0.0974169,-0.11879487,-0.13664259,-0.12406494,-0.121451,-0.09479347,-0.09697959,-0.108738005,-0.082459606,-0.11307008,-0.1322762,-0.16699609,-0.1410757,-0.136556,-0.18093297,-0.17825818,-0.19424848,-0.14485411,-0.15549555,-0.13552223,-0.119081676,-0.14001076,-0.19117098,-0.19133192,-0.18146153,-0.19755594,-0.25103784,-0.20219928,-0.19001485,-0.19115248,-0.18258458,-0.1741957,-0.27554205,-0.08916744,-0.11956477,-0.12814002,-0.15751183,-0.20931396,-0.18224281,-0.29657933,-0.32474133,-0.15423724,-0.3242122,-0.17325558,-0.17108874,-0.2185038,-0.17647925,-0.114121355,-0.14008531,-0.15388772,-0.15788373,-0.22984435,-0.18186735,-0.2582368,-0.1045979,-0.12455491,-0.13855286,-0.12424047,-0.15189947,-0.15476987,-0.15601888,-0.14014931,-0.15141064,-0.1627951,-0.15521744,-0.15343466,-0.15319672,-0.13419096,-0.12311316,-0.14636779,-0.1899777,-0.17693298,-0.21025829,-0.3990198,-0.20407966,-0.11363326,-0.1296617,-0.11872428,-0.14793564,-0.16636807,-0.18632579,-0.1915673,-0.13182881,-0.07684308,-0.15301555,-0.13986632,-0.14106366,-0.118067816,-0.19987361,-0.1649412,-0.15872976,-0.14176619,-0.1236947,-0.12722544,-0.14610182,-0.2588673,-0.10757591,-0.13074079,-0.09132757,-0.12832497,-0.12913522,-0.14968249,-0.15163803,-0.096479505,-0.08910369,-0.124450386,-0.11071685,-0.13804604,-0.1507886,-0.1702842,-0.1429247,-0.11650784,-0.17388086,-0.15182665,-0.1423643,-0.12554573,-0.14192459,-0.17466888,-0.13176009,-0.1323163,-0.14570183,-0.12298782,-0.08722703,-0.05825615,-0.14347348,-0.17082691,-0.026243303,-0.16725415,-0.2829064,-0.31316653,-0.1987601,-0.14568327,-0.14331596,-0.14862512,-0.12963767,-0.25088155,-0.19376,-0.1883726,-0.09473343,-0.10946842,-0.10702289,-0.09379795,-0.12759323,-0.15306118,-0.15746465,-0.16704339,-0.12812386,-0.0969081,-0.16398169,-0.14342852,-0.11335766,-0.18846886,-0.1706479,-0.15391847,-0.1257317,-0.115196005,-0.113094285,-0.11662802,-0.17587304,-0.13846949,-0.13436529,-0.096878245,-0.12129345,-0.091911405,-0.12434345,-0.13581361,-0.063823454,-0.13877153,-0.11419349,-0.13397838,-0.24483351,-0.2571875,-0.29957527,-0.14627045,-0.15669635,-0.13226154,-0.19104545,-0.0782174,-0.17240027,-0.1642454,-0.09859173,-0.11065883,-0.11455171,-0.076612435,-0.083404,-0.1213824,-0.13072303,-0.13855581,-0.19385117,-0.09913489,-0.15575111,-0.19487974,-0.19103797,-0.18687251,-0.11140321,-0.14306614,-0.102969736,-0.15906514,-0.19407734,-0.17273518,-0.16905698,-0.14285514,-0.14259472,-0.10222394,-0.15332061,-0.16155681,-0.18103895,-0.19520879,-0.1212589,-0.14726251,-0.113953166,-0.080269724,-0.143286,-0.20725825,-0.16077207,-0.125103,-0.15657571,-0.15690626,-0.14377263,-0.19202894,-0.16249225,-0.18169609,-0.2963242,-0.19911975,-0.18138099,-0.1718843,-0.19324538,-0.15767014,-0.14054683,-0.13043563,-0.12557748,-0.13834707,-0.16385761,-0.30584824,-0.16668478,-0.1808573,-0.19270535,-0.11441202,-0.15054162,-0.14078063,-0.17800692,-0.16674842,-0.16446675,-0.14331086,-0.18237996,-0.12860765,-0.15343466,-0.13777593,-0.24156228,-0.17967725,-0.10345267,-0.135358,-0.14184481,-0.17425816,-0.11049287,-0.13464573,-0.15200934,-0.1599506,-0.1818674,-0.15393986,-0.14901221,-0.19184028,-0.17523171,-0.16383263,-0.14723541,-0.14623587,-0.11499533,-0.10471026,-0.13523212,-0.20148799,-0.17681715,-0.12513243,-0.16605826,-0.18041904,-0.18738703,-0.11705899,-0.17592901,-0.25977415,-0.09280032,-0.09248704,-0.1150177,-0.13611878,-0.1480223,-0.09876626,-0.18881543
k__Bacteria|p__Actinobacteria|c__Actinomycetia|o__Actinomycetales|f__Actinomycetaceae|g__Winkia|s__Winkia_neuii,-0.1004395,-0.12316422,-0.14133878,-0.20428483,-0.1665614,-0.19298995,-0.1666669,-0.14492282,-0.12513368,-0.18395698,-0.18276966,-0.21712363,-0.17069776,-0.2010174,-0.1025898,-0.09843466,-0.058144663,-0.09937197,-0.10751824,-0.1706669,-0.1978925,-0.12536043,-0.1362663,-0.15221149,-0.17115268,-0.11658599,-0.16785085,-0.17372094,-0.1509206,-0.12124001,-0.13517158,-0.10519527,-0.14834088,-0.19479689,-0.18891224,-0.2175087,-0.1602573,-0.22338755,-0.19632399,-0.29867563,-0.29210672,-0.19700614,-0.10668436,-0.09162698,-0.13691942,-0.1550344,-0.23188588,-0.19356808,-0.14626437,-0.2026537,-0.1835727,-0.18279888,-0.19601911,-0.19660941,-0.20037821,-0.15824772,-0.1253885,-0.14344794,-0.09194946,-0.0952844,-0.17115933,-0.14220662,-0.13743341,-0.14670368,-0.12719077,-0.15160577,-0.2613474,-0.22333384,-0.18825859,-0.20047067,-0.14533867,-0.1490869,-0.13029541,-0.14245027,-0.15041824,-0.16363046,-0.14649019,-0.16278498,-0.15906577,-0.14998752,-0.14735664,-0.15682974,-0.15315056,-0.22480208,-0.120334074,-0.14149892,-0.118139796,-0.16078976,-0.17368144,-0.15542167,-0.16823599,-0.11139822,-0.1388583,-0.13027036,-0.12865673,-0.15152657,-0.14304058,-0.11544277,-0.10065024,-0.09025389,-0.105215475,-0.120072946,-0.1347987,-0.15027548,-0.16032834,-0.1185138,-0.11129953,-0.1578567,-0.17738779,-0.13296443,-0.16374585,-0.25953975,-0.14859018,-0.13248745,-0.1413575,-0.15095688,-0.17780018,-0.1631762,-0.22917573,-0.09015879,-0.11034462,-0.13453868,-0.12935013,-0.13997786,-0.17364529,-0.13908121,-0.16057305,-0.12777606,-0.07092635,-0.03704006,-0.13709402,-0.16205119,-0.17880762,-0.14332479,-0.12334781,-0.13591316,-0.12023825,-0.13828662,-0.25318068,-0.26654312,-0.083250836,-0.10945694,-0.14434254,-0.09238048,-0.18805405,-0.18990219,-0.15318379,-0.0900196,-0.13230102,-0.14959547,-0.1501362,-0.15870333,-0.17029633,-0.18351004,-0.08752497,-0.12329003,-0.14051037,-0.10256614,-0.17951453,-0.19495486,-0.19054198,-0.099873364,-0.13113372,-0.07869033,-0.12792718,-0.19006202,-0.19274822,-0.1913193,-0.123149484,-0.07498217,-0.09667897,-0.11819747,-0.13652012,-0.12406494,-0.121451,-0.0939942,-0.09633039,-0.10830945,-0.082459606,-0.112659514,-0.13234183,-0.16695002,-0.1410757,-0.1364021,-0.18093297,-0.17825818,-0.19352774,-0.14443615,-0.15549555,-0.13510665,-0.119081676,-0.14001076,-0.19117098,-0.19038075,-0.18095061,-0.19755594,-0.25103784,-0.20219928,-0.1902907,-0.19090694,-0.18249924,-0.17369902,-0.27554205,-0.08916744,-0.11956477,-0.12826389,-0.15751183,-0.20931396,-0.18224281,-0.29657933,-0.32474133,-0.15532205,-0.3242122,-0.17325558,-0.17108874,-0.2185038,-0.17647925,-0.114121355,-0.13991421,-0.15388772,-0.15788373,-0.22984435,-0.18186735,-0.25201598,-0.10402706,-0.12455491,-0.13860776,-0.12414542,-0.15189947,-0.15486032,-0.15596426,-0.14014931,-0.15141064,-0.16281177,-0.15508717,-0.15326032,-0.15286307,-0.13379039,-0.12306138,-0.14643046,-0.19018261,-0.17638624,-0.21025829,-0.3990198,-0.20225626,-0.11323601,-0.1296617,-0.11797991,-0.14814374,-0.16636807,-0.18650213,-0.19137567,-0.13168252,-0.076386765,-0.15288354,-0.1398257,-0.14106366,-0.11801727,-0.19987361,-0.1649412,-0.15863517,-0.14119,-0.12354052,-0.12722544,-0.14610182,-0.2588673,-0.107022345,-0.13074079,-0.09132757,-0.12832497,-0.12919983,-0.14989418,-0.15172105,-0.09592937,-0.08910369,-0.124180354,-0.110380515,-0.1378313,-0.1508006,-0.17010076,-0.14272626,-0.116627425,-0.17384647,-0.15184055,-0.14231819,-0.12506166,-0.14211199,-0.17466888,-0.13176009,-0.13211411,-0.1455992,-0.12259257,-0.08722703,-0.05825615,-0.14336395,-0.17082691,-0.026243303,-0.16637582,-0.2829064,-0.31316653,-0.19754827,-0.14547265,-0.14331596,-0.14862512,-0.12963767,-0.25088155,-0.19286944,-0.18813324,-0.09451279,-0.10899675,-0.10702289,-0.09322612,-0.12759323,-0.15318483,-0.15746465,-0.1666716,-0.12812386,-0.0969081,-0.16398169,-0.14355549,-0.11335766,-0.18846886,-0.1706479,-0.15365645,-0.1254249,-0.115196005,-0.11260055,-0.11662802,-0.17600933,-0.13812983,-0.13395002,-0.096878245,-0.12069522,-0.09159545,-0.12434345,-0.13618043,-0.063823454,-0.13877153,-0.11419349,-0.13378401,-0.24483351,-0.2571875,-0.29957527,-0.14578997,-0.15653755,-0.13183452,-0.19104545,-0.0782174,-0.17174767,-0.1642806,-0.09859173,-0.11065883,-0.11481249,-0.076612435,-0.083404,-0.1213824,-0.13072303,-0.13855581,-0.19385117,-0.09828296,-0.15549119,-0.19487974,-0.19086176,-0.18658856,-0.11105295,-0.14304881,-0.10267077,-0.15895411,-0.19337863,-0.17224827,-0.16911641,-0.14256075,-0.14210305,-0.10148886,-0.15327728,-0.16147602,-0.1808956,-0.19456634,-0.12098042,-0.1471293,-0.113819934,-0.08000296,-0.14263844,-0.20725825,-0.16045745,-0.125103,-0.15657571,-0.15690626,-0.14343931,-0.19202894,-0.16242571,-0.18190321,-0.2963242,-0.19657397,-0.1812963,-0.171871,-0.19253969,-0.15740478,-0.14054683,-0.13003777,-0.12557748,-0.1380752,-0.16322887,-0.30584824,-0.16656855,-0.1808715,-0.19249457,-0.11441202,-0.15076566,-0.14058301,-0.17785622,-0.1665924,-0.16443373,-0.14331086,-0.18237996,-0.12799528,-0.15330197,-0.13686009,-0.24156228,-0.17943025,-0.102904044,-0.13529527,-0.14167088,-0.17403778,-0.11029467,-0.13452911,-0.15228033,-0.15951166,-0.18163273,-0.15382719,-0.14871584,-0.19184028,-0.17502621,-0.16400035,-0.14723541,-0.14623587,-0.11499533,-0.10471026,-0.13508174,-0.20148799,-0.17676374,-0.12513243,-0.16599649,-0.18041904,-0.18738703,-0.11705899,-0.17625546,-0.25732046,-0.09212783,-0.092062384,-0.11456172,-0.13580725,-0.14767975,-0.098318405,-0.18885583
k__Bacteria|p__Actinobacteria|c__Actinomycetia|o__Bifidobacteriales|f__Bifidobacteriaceae|g__Bifidobacterium|s__Bifidobacterium_SGB4589,-0.1004395,-0.12316422,-0.14265001,-0.20428483,-0.16748457,-0.19292814,-0.1666669,-0.14472221,-0.12590873,-0.18280916,-0.18326467,-0.22213034,-0.16924208,-0.20246981,-0.10345037,-0.09960481,-0.058144663,-0.0994416,-0.108376995,-0.17061773,-0.1978925,-0.12536043,-0.1361829,-0.1515668,-0.17093982,-0.11658599,-0.16762415,-0.17302068,-0.1509206,-0.12124001,-0.13538772,-0.106530875,-0.1485402,-0.19493404,-0.18827628,-0.2175087,-0.16177359,-0.22338755,-0.19703168,-0.29867563,-0.29210672,-0.19697754,-0.10726535,-0.09162698,-0.13691942,-0.15538405,-0.23188588,-0.19376075,-0.14646897,-0.2026537,-0.1848262,-0.18279888,-0.19680876,-0.19728166,-0.2010313,-0.15592998,-0.12572184,-0.14341971,-0.09235487,-0.09601708,-0.17065074,-0.1418321,-0.13743341,-0.14676306,-0.12719077,-0.1515806,-0.2613474,-0.22333384,-0.18849461,-0.20047067,-0.14501831,-0.14895837,-0.13081431,-0.1424945,-0.14919965,-0.16288495,-0.14586693,-0.16278498,-0.15994948,-0.14998752,-0.14714909,-0.15723462,-0.15304144,-0.22480208,-0.120334074,-0.14149171,-0.11873622,-0.16005011,-0.17319137,-0.15607773,-0.16767192,-0.11139822,-0.1388583,-0.13027036,-0.12854092,-0.15152657,-0.14302075,-0.11558641,-0.10065024,-0.09116081,-0.10551427,-0.12038869,-0.13490973,-0.15027548,-0.1598292,-0.1185138,-0.11129953,-0.1578567,-0.17738779,-0.1328501,-0.16478388,-0.25953975,-0.14882272,-0.13322634,-0.14171058,-0.15095688,-0.17780018,-0.1644761,-0.22917573,-0.09015879,-0.110906035,-0.13486007,-0.1295614,-0.13997786,-0.17387366,-0.13908121,-0.16057305,-0.12777606,-0.07092635,-0.03704006,-0.1376335,-0.1616578,-0.17827922,-0.14332479,-0.12334781,-0.1360736,-0.12023825,-0.1378786,-0.25318068,-0.26654312,-0.08398841,-0.10945694,-0.14356664,-0.09238048,-0.18771133,-0.19006708,-0.15342066,-0.09083788,-0.13230102,-0.14971063,-0.15037787,-0.15865535,-0.17031664,-0.18214576,-0.08874303,-0.12367427,-0.14067501,-0.10256614,-0.17951453,-0.19495486,-0.18981498,-0.10045381,-0.13113372,-0.07969371,-0.12789072,-0.19006202,-0.19264615,-0.19110866,-0.122949086,-0.076143764,-0.09738524,-0.11883775,-0.13650009,-0.12406494,-0.121451,-0.094815895,-0.097132236,-0.108753026,-0.082459606,-0.11292127,-0.13212906,-0.16624977,-0.1410757,-0.13704142,-0.18093297,-0.17825818,-0.19375375,-0.14486217,-0.15549555,-0.13514009,-0.119081676,-0.14001076,-0.19117098,-0.1909953,-0.1815663,-0.19755594,-0.25103784,-0.20219928,-0.19054237,-0.19150425,-0.18240479,-0.17445849,-0.27554205,-0.08916744,-0.11956477,-0.12885106,-0.15751183,-0.20931396,-0.18224281,-0.29657933,-0.32474133,-0.15741038,-0.3242122,-0.17325558,-0.17108874,-0.2185038,-0.17647925,-0.114121355,-0.14064708,-0.15388772,-0.15788373,-0.22984435,-0.18186735,-0.25504836,-0.10472329,-0.12455491,-0.13860936,-0.1242712,-0.15189947,-0.15420066,-0.15528142,-0.14014931,-0.15141064,-0.16202433,-0.15543202,-0.15313739,-0.15327907,-0.13411686,-0.12329559,-0.14668405,-0.18892983,-0.17689644,-0.21025829,-0.3990198,-0.20312937,-0.113610104,-0.1296617,-0.118254386,-0.14784817,-0.16636807,-0.18539898,-0.19125234,-0.13218701,-0.07725315,-0.15239176,-0.13998218,-0.14106366,-0.118084595,-0.19987361,-0.1649412,-0.15943176,-0.14184463,-0.12380007,-0.12722544,-0.14610182,-0.2588673,-0.107791066,-0.13074079,-0.09132757,-0.12832497,-0.12885858,-0.14999582,-0.15104689,-0.096502766,-0.08910369,-0.12428444,-0.11099756,-0.13805464,-0.15091369,-0.16956069,-0.14285742,-0.117080815,-0.17343432,-0.15197513,-0.14206648,-0.1258637,-0.14129,-0.17466888,-0.13176009,-0.13226286,-0.14549115,-0.12286916,-0.08722703,-0.05825615,-0.14334434,-0.17082691,-0.026243303,-0.1679537,-0.2829064,-0.31316653,-0.19800013,-0.14546613,-0.14331596,-0.14862512,-0.12963767,-0.25088155,-0.19322494,-0.18762319,-0.09508836,-0.10930175,-0.10702289,-0.0929634,-0.12759323,-0.15324116,-0.15746465,-0.16665831,-0.12812386,-0.0969081,-0.16398169,-0.14277679,-0.11335766,-0.18846886,-0.1706479,-0.15398651,-0.12570581,-0.115196005,-0.11283862,-0.11662802,-0.17503595,-0.13821726,-0.13387376,-0.096878245,-0.121171266,-0.09191499,-0.12434345,-0.1357975,-0.063823454,-0.13877153,-0.11419349,-0.13398175,-0.24483351,-0.2571875,-0.29957527,-0.1460073,-0.15634336,-0.1322016,-0.19104545,-0.0782174,-0.17183062,-0.16386831,-0.09859173,-0.11065883,-0.11461727,-0.076612435,-0.083404,-0.1213824,-0.13072303,-0.13855581,-0.19385117,-0.099004395,-0.15579116,-0.19487974,-0.19114913,-0.18636793,-0.11155729,-0.1431692,-0.102919005,-0.1580481,-0.19359954,-0.17119527,-0.16909406,-0.14280418,-0.14228413,-0.10292206,-0.15315937,-0.16155174,-0.18113339,-0.19461471,-0.12115059,-0.14672995,-0.1142938,-0.08057621,-0.14326073,-0.20725825,-0.16075276,-0.125103,-0.15657571,-0.15690626,-0.14403638,-0.19202894,-0.1626938,-0.180973,-0.2963242,-0.20035289,-0.18167008,-0.17227148,-0.1931043,-0.15789326,-0.14054683,-0.13042466,-0.12557748,-0.13845387,-0.16405228,-0.30584824,-0.16746543,-0.18013614,-0.19269733,-0.11441202,-0.15025906,-0.14095122,-0.17784362,-0.16662866,-0.16396639,-0.14331086,-0.18237996,-0.1291938,-0.15334627,-0.13791469,-0.24156228,-0.1802563,-0.10353455,-0.13586375,-0.14142975,-0.17352274,-0.110963926,-0.13490656,-0.15119132,-0.15924983,-0.18227325,-0.1530792,-0.14876091,-0.19184028,-0.17543094,-0.16311264,-0.14723541,-0.14623587,-0.11499533,-0.10471026,-0.13514239,-0.20148799,-0.17631622,-0.12513243,-0.16664562,-0.18041904,-0.18738703,-0.11705899,-0.1741007,-0.25830597,-0.09303892,-0.09263483,-0.1153476,-0.1358042,-0.14767437,-0.09919364,-0.18802905
k__Bacteria|p__Actinobacteria|c__Actinomycetia|o__Actinomycetales|f__Actinomycetaceae|g__Fannyhessea|s__Fannyhessea_vaginae,-0.1004395,-0.12316422,-0.14095882,-0.20428483,-0.16691262,-0.19343139,-0.1666669,-0.14518496,-0.124691054,-0.18389992,-0.18298174,-0.22196016,-0.16800451,-0.2033807,-0.10255374,-0.09833756,-0.058144663,-0.099462956,-0.1072284,-0.17095776,-0.1978925,-0.12536043,-0.13632554,-0.15265775,-0.17129621,-0.11658599,-0.16755313,-0.17435567,-0.1509206,-0.12124001,-0.13513216,-0.104815654,-0.14829427,-0.19511363,-0.18913184,-0.2175087,-0.16085154,-0.22338755,-0.19670314,-0.29867563,-0.29210672,-0.19768007,-0.106785566,-0.09162698,-0.13691942,-0.15476677,-0.23188588,-0.19354092,-0.1465183,-0.2026537,-0.18416876,-0.18279888,-0.19685245,-0.19738892,-0.20176148,-0.15760621,-0.12548283,-0.14363287,-0.09198566,-0.095051646,-0.1714338,-0.14250734,-0.13743341,-0.14688177,-0.12719077,-0.15109853,-0.2613474,-0.22333384,-0.18898916,-0.20047067,-0.14576945,-0.1492179,-0.130373,-0.14241064,-0.15087569,-0.16438556,-0.14699441,-0.16278498,-0.15927023,-0.14998752,-0.14722481,-0.15685643,-0.15328772,-0.22480208,-0.120334074,-0.14136836,-0.117915794,-0.16118468,-0.17430347,-0.15547624,-0.16838598,-0.11139822,-0.1388583,-0.13027036,-0.12853456,-0.15152657,-0.14268833,-0.11534439,-0.10065024,-0.08972416,-0.10491843,-0.12011343,-0.13476837,-0.15027548,-0.16056725,-0.1185138,-0.11129953,-0.1578567,-0.17738779,-0.1335537,-0.1636242,-0.25953975,-0.14862032,-0.13227275,-0.14120765,-0.15095688,-0.17780018,-0.16334116,-0.22917573,-0.09015879,-0.10994057,-0.13458443,-0.12930661,-0.13997786,-0.17359419,-0.13908121,-0.16057305,-0.12777606,-0.07092635,-0.03704006,-0.13678004,-0.16219951,-0.17913336,-0.14332479,-0.12334781,-0.13555798,-0.12023825,-0.13804102,-0.25318068,-0.26654312,-0.0829252,-0.10945694,-0.1444728,-0.09238048,-0.18776742,-0.19007704,-0.15252167,-0.0897184,-0.13230102,-0.14944533,-0.15013224,-0.1588657,-0.17048453,-0.18403333,-0.08711845,-0.12353377,-0.14112976,-0.10256614,-0.17951453,-0.19495486,-0.19115879,-0.09971578,-0.13113372,-0.07852269,-0.12724489,-0.19006202,-0.19318923,-0.1916138,-0.12358849,-0.07458411,-0.09654698,-0.117894456,-0.13627867,-0.12406494,-0.121451,-0.09394089,-0.095868155,-0.10798836,-0.082459606,-0.11224887,-0.13198885,-0.16731293,-0.1410757,-0.13610187,-0.18093297,-0.17825818,-0.1937105,-0.14436333,-0.15549555,-0.1353109,-0.119081676,-0.14001076,-0.19117098,-0.19078223,-0.18143332,-0.19755594,-0.25103784,-0.20219928,-0.19029282,-0.19094369,-0.1823397,-0.17356762,-0.27554205,-0.08916744,-0.11956477,-0.1275847,-0.15751183,-0.20931396,-0.18224281,-0.29657933,-0.32474133,-0.15180683,-0.3242122,-0.17325558,-0.17108874,-0.2185038,-0.17647925,-0.114121355,-0.1395978,-0.15388772,-0.15788373,-0.22984435,-0.18186735,-0.25312495,-0.10391426,-0.12455491,-0.13837366,-0.12390273,-0.15189947,-0.15509206,-0.15649906,-0.14014931,-0.15141064,-0.16339296,-0.15523386,-0.15361498,-0.15289855,-0.1334549,-0.122827485,-0.14626537,-0.19053543,-0.17704916,-0.21025829,-0.3990198,-0.2005631,-0.113063,-0.1296617,-0.118070476,-0.14782119,-0.16636807,-0.18700075,-0.19161117,-0.13152662,-0.07578409,-0.15309563,-0.13953267,-0.14106366,-0.1183988,-0.19987361,-0.1649412,-0.158613,-0.14119385,-0.12313259,-0.12722544,-0.14610182,-0.2588673,-0.10683216,-0.13074079,-0.09132757,-0.12832497,-0.12908363,-0.14973632,-0.15201434,-0.09582299,-0.08910369,-0.124004185,-0.10996752,-0.13762324,-0.15069899,-0.17036891,-0.14290093,-0.11617508,-0.17401195,-0.15179487,-0.14228873,-0.12482784,-0.14229704,-0.17466888,-0.13176009,-0.13204788,-0.14559479,-0.12251649,-0.08722703,-0.05825615,-0.14339548,-0.17082691,-0.026243303,-0.16638345,-0.2829064,-0.31316653,-0.19729081,-0.14561278,-0.14331596,-0.14862512,-0.12963767,-0.25088155,-0.19351026,-0.18874107,-0.09414081,-0.10894117,-0.10702289,-0.09313767,-0.12759323,-0.15289545,-0.15746465,-0.16701213,-0.12812386,-0.0969081,-0.16398169,-0.14378193,-0.11335766,-0.18846886,-0.1706479,-0.15385427,-0.12554832,-0.115196005,-0.112485096,-0.11662802,-0.17618921,-0.13836849,-0.13409723,-0.096878245,-0.120496675,-0.091186956,-0.12434345,-0.13605928,-0.063823454,-0.13877153,-0.11419349,-0.13350144,-0.24483351,-0.2571875,-0.29957527,-0.14606017,-0.15662897,-0.13187265,-0.19104545,-0.0782174,-0.17227712,-0.16431445,-0.09859173,-0.11065883,-0.114733145,-0.076612435,-0.083404,-0.1213824,-0.13072303,-0.13855581,-0.19385117,-0.098483615,-0.15568005,-0.19487974,-0.19105482,-0.18679349,-0.11093788,-0.14282647,-0.10264921,-0.15954126,-0.19380598,-0.17316113,-0.16887543,-0.14266358,-0.14226256,-0.10108763,-0.1531359,-0.16142553,-0.1808623,-0.19468015,-0.12096079,-0.14730988,-0.11358589,-0.07946439,-0.14274265,-0.20725825,-0.16096205,-0.125103,-0.15657571,-0.15690626,-0.1433676,-0.19202894,-0.16262181,-0.18229698,-0.2963242,-0.19634311,-0.18058078,-0.1711247,-0.19254817,-0.1570887,-0.14054683,-0.13008222,-0.12557748,-0.13808644,-0.16309583,-0.30584824,-0.16684784,-0.18108279,-0.19254684,-0.11441202,-0.1505108,-0.1402766,-0.17809793,-0.16683605,-0.16457738,-0.14331086,-0.18237996,-0.1280303,-0.15327835,-0.13691981,-0.24156228,-0.1793336,-0.10277165,-0.13496032,-0.1418095,-0.17457514,-0.10986481,-0.1343151,-0.15249377,-0.15997213,-0.18167487,-0.15417016,-0.14891079,-0.19184028,-0.17536168,-0.16449678,-0.14723541,-0.14623587,-0.11499533,-0.10471026,-0.13471813,-0.20148799,-0.17733476,-0.12513243,-0.16564517,-0.18041904,-0.18738703,-0.11705899,-0.17693427,-0.25749758,-0.091921434,-0.09170578,-0.11426467,-0.13570058,-0.14773099,-0.09782265,-0.18912639
k__Bacteria|p__Actinobacteria|c__Actinomycetia|o__Corynebacteriales|f__Corynebacteriaceae|g__Corynebacterium|s__Corynebacterium_aurimucosum,-0.1004395,-0.12316422,-0.14249313,-0.20428483,-0.16811576,-0.19544694,-0.1666669,-0.14587682,-0.12509888,-0.18439856,-0.18516022,-0.23848714,-0.1714769,-0.21137005,-0.103840545,-0.10034496,-0.058144663,-0.10010485,-0.10821207,-0.17190489,-0.1978925,-0.12536043,-0.13691735,-0.15331702,-0.17322214,-0.11658599,-0.16799979,-0.17523865,-0.1509206,-0.12124001,-0.13545918,-0.106417,-0.14909215,-0.19846642,-0.19121876,-0.2175087,-0.16170757,-0.22338755,-0.19968227,-0.29867563,-0.29210672,-0.20151713,-0.10783689,-0.09162698,-0.13691942,-0.1558643,-0.23188588,-0.1954722,-0.14770392,-0.2026537,-0.18409769,-0.18279888,-0.19990313,-0.20274372,-0.20959556,-0.15897115,-0.12652811,-0.14492476,-0.09214735,-0.09596716,-0.17244855,-0.14310917,-0.13743341,-0.14793901,-0.12719077,-0.15166804,-0.2613474,-0.22333384,-0.19057456,-0.20047067,-0.14678565,-0.15023851,-0.13179842,-0.14393857,-0.15215321,-0.16528921,-0.14752653,-0.16278498,-0.1601797,-0.14998752,-0.14790323,-0.15818357,-0.15410462,-0.22480208,-0.120334074,-0.14228955,-0.118846714,-0.1619932,-0.17551656,-0.15673919,-0.16930595,-0.11139822,-0.1388583,-0.13027036,-0.12911396,-0.15152657,-0.14263588,-0.115706995,-0.10065024,-0.09065405,-0.10599393,-0.12125856,-0.13585809,-0.15027548,-0.16137207,-0.1185138,-0.11129953,-0.1578567,-0.17738779,-0.13481896,-0.16506469,-0.25953975,-0.14942992,-0.1333729,-0.14281169,-0.15095688,-0.17780018,-0.1646832,-0.22917573,-0.09015879,-0.10997552,-0.13542932,-0.13063985,-0.13997786,-0.17499986,-0.13908121,-0.16057305,-0.12777606,-0.07092635,-0.03704006,-0.1376986,-0.16331023,-0.18013799,-0.14332479,-0.12334781,-0.13612013,-0.12023825,-0.13938266,-0.25318068,-0.26654312,-0.083630815,-0.10945694,-0.14568782,-0.09238048,-0.18894461,-0.19227035,-0.15422842,-0.0905158,-0.13230102,-0.15031204,-0.15130365,-0.16017492,-0.17189485,-0.18543862,-0.08814856,-0.124422446,-0.1425008,-0.10256614,-0.17951453,-0.19495486,-0.19340952,-0.100392655,-0.13113372,-0.08073956,-0.12883446,-0.19006202,-0.19560796,-0.19366664,-0.12398386,-0.07538178,-0.09753898,-0.119277194,-0.13736185,-0.12406494,-0.121451,-0.09509738,-0.097203285,-0.10905923,-0.082459606,-0.11348664,-0.13302991,-0.16828269,-0.1410757,-0.13675714,-0.18093297,-0.17825818,-0.19662452,-0.14580658,-0.15549555,-0.13640487,-0.119081676,-0.14001076,-0.19117098,-0.19349125,-0.18286642,-0.19755594,-0.25103784,-0.20219928,-0.19123451,-0.19252613,-0.18410374,-0.1753427,-0.27554205,-0.08916744,-0.11956477,-0.12805942,-0.15751183,-0.20931396,-0.18224281,-0.29657933,-0.32474133,-0.15156087,-0.3242122,-0.17325558,-0.17108874,-0.2185038,-0.17647925,-0.114121355,-0.14042424,-0.15388772,-0.15788373,-0.22984435,-0.18186735,-0.26536417,-0.10493059,-0.12455491,-0.13906702,-0.12468547,-0.15189947,-0.15622412,-0.15730047,-0.14014931,-0.15141064,-0.16428006,-0.15611354,-0.15448675,-0.1542376,-0.13494445,-0.123437494,-0.14675424,-0.1920237,-0.1788333,-0.21025829,-0.3990198,-0.20597495,-0.11397008,-0.1296617,-0.11934818,-0.14877507,-0.16636807,-0.18805733,-0.19335309,-0.13210882,-0.076781526,-0.15411767,-0.14053938,-0.14106366,-0.117980294,-0.19987361,-0.1649412,-0.1592681,-0.1426175,-0.12435998,-0.12722544,-0.14610182,-0.2588673,-0.10775658,-0.13074079,-0.09132757,-0.12832497,-0.12979877,-0.15051676,-0.15273505,-0.09669128,-0.08910369,-0.12501636,-0.111104965,-0.13861932,-0.15165603,-0.17190093,-0.14372197,-0.116427116,-0.17508799,-0.15276109,-0.1432691,-0.12630919,-0.14271045,-0.17466888,-0.13176009,-0.13289584,-0.14670353,-0.123822734,-0.08722703,-0.05825615,-0.14425784,-0.17082691,-0.026243303,-0.16745508,-0.2829064,-0.31316653,-0.20098387,-0.14657497,-0.14331596,-0.14862512,-0.12963767,-0.25088155,-0.19636087,-0.19033715,-0.0948986,-0.10969512,-0.10702289,-0.09461845,-0.12759323,-0.15356553,-0.15746465,-0.16830637,-0.12812386,-0.0969081,-0.16398169,-0.144595,-0.11335766,-0.18846886,-0.1706479,-0.15496068,-0.12638316,-0.115196005,-0.11364111,-0.11662802,-0.17726451,-0.1393865,-0.13553798,-0.096878245,-0.122035295,-0.091998264,-0.12434345,-0.13606387,-0.063823454,-0.13877153,-0.11419349,-0.13448778,-0.24483351,-0.2571875,-0.29957527,-0.14727685,-0.15789069,-0.13310759,-0.19104545,-0.0782174,-0.17389742,-0.1654653,-0.09859173,-0.11065883,-0.114564896,-0.076612435,-0.083404,-0.1213824,-0.13072303,-0.13855581,-0.19385117,-0.099941045,-0.15646136,-0.19487974,-0.1926472,-0.1887817,-0.11167559,-0.14379498,-0.10329185,-0.16023365,-0.19619371,-0.17459661,-0.17062977,-0.14370623,-0.143578,-0.10216887,-0.15424243,-0.1624562,-0.18227988,-0.19754714,-0.121858954,-0.14820024,-0.11384131,-0.07983355,-0.14404169,-0.20725825,-0.16188276,-0.125103,-0.15657571,-0.15690626,-0.14428198,-0.19202894,-0.16358916,-0.18339446,-0.2963242,-0.20076656,-0.18255666,-0.1730172,-0.19524015,-0.15879217,-0.14054683,-0.13116445,-0.12557748,-0.13917029,-0.1648519,-0.30584824,-0.16751412,-0.18296556,-0.19422057,-0.11441202,-0.15152492,-0.14132129,-0.17925118,-0.16810949,-0.16570792,-0.14331086,-0.18237996,-0.12882161,-0.15425666,-0.13872722,-0.24156228,-0.18065965,-0.103694886,-0.13567644,-0.14289835,-0.175943,-0.11070748,-0.13518843,-0.15331596,-0.16120878,-0.18306246,-0.15548466,-0.15035647,-0.19184028,-0.17676021,-0.16514419,-0.14723541,-0.14623587,-0.11499533,-0.10471026,-0.13580064,-0.20148799,-0.1785115,-0.12513243,-0.16625457,-0.18041904,-0.18738703,-0.11705899,-0.1777987,-0.2646157,-0.09292722,-0.09247778,-0.11521332,-0.13693208,-0.14927351,-0.09894526,-0.19072793
k__Bacteria|p__Actinobacteria|c__Actinomycetia|o__Corynebacteriales|f__Corynebacteriaceae|g__Corynebacterium|s__Corynebacterium_argentoratense,-0.1004395,-0.12316422,-0.14200447,-0.20428483,-0.16741231,-0.194121,-0.1666669,-0.14537613,-0.12514779,-0.1841962,-0.18377613,-0.22690685,-0.16986361,-0.20579761,-0.103005864,-0.09927054,-0.058144663,-0.09952645,-0.10777138,-0.17127275,-0.1978925,-0.12536043,-0.1364717,-0.15257461,-0.17196003,-0.11658599,-0.16783214,-0.17432596,-0.1509206,-0.12124001,-0.13532329,-0.10569109,-0.14869794,-0.19640116,-0.18972823,-0.2175087,-0.16137302,-0.22338755,-0.19799584,-0.29867563,-0.29210672,-0.19879724,-0.107133046,-0.09162698,-0.13691942,-0.15540093,-0.23188588,-0.19438943,-0.14682922,-0.2026537,-0.18441176,-0.18279888,-0.19804221,-0.19920127,-0.20408836,-0.15798087,-0.12581587,-0.1440212,-0.09196262,-0.09551504,-0.17169383,-0.14249721,-0.13743341,-0.14722148,-0.12719077,-0.15169969,-0.2613474,-0.22333384,-0.18939126,-0.20047067,-0.14590907,-0.14951253,-0.13092281,-0.14298575,-0.15088713,-0.1643326,-0.14687234,-0.16278498,-0.15984453,-0.14998752,-0.14746565,-0.15749964,-0.153521,-0.22480208,-0.120334074,-0.14176196,-0.11839622,-0.16125354,-0.17448975,-0.15604818,-0.1685786,-0.11139822,-0.1388583,-0.13027036,-0.12871651,-0.15152657,-0.1427333,-0.115477026,-0.10065024,-0.09031035,-0.105373286,-0.120539024,-0.1351729,-0.15027548,-0.16068168,-0.1185138,-0.11129953,-0.1578567,-0.17738779,-0.13383682,-0.16450872,-0.25953975,-0.1490261,-0.13287471,-0.14192766,-0.15095688,-0.17780018,-0.16414076,-0.22917573,-0.09015879,-0.110174984,-0.13493016,-0.12979573,-0.13997786,-0.1742408,-0.13908121,-0.16057305,-0.12777606,-0.07092635,-0.03704006,-0.1373773,-0.16242881,-0.17936449,-0.14332479,-0.12334781,-0.13596669,-0.12023825,-0.13845941,-0.25318068,-0.26654312,-0.08322193,-0.10945694,-0.14464375,-0.09238048,-0.18837073,-0.19084886,-0.15330279,-0.090087175,-0.13230102,-0.14988104,-0.1506321,-0.15932399,-0.17097026,-0.1841256,-0.087688014,-0.1238544,-0.14145824,-0.10256614,-0.17951453,-0.19495486,-0.19169214,-0.09997557,-0.13113372,-0.07936318,-0.1279864,-0.19006202,-0.19388972,-0.1922785,-0.12343395,-0.075028844,-0.097022355,-0.118602484,-0.13672853,-0.12406494,-0.121451,-0.09436624,-0.09654686,-0.10845129,-0.082459606,-0.11284822,-0.13236609,-0.16745676,-0.1410757,-0.13661218,-0.18093297,-0.17825818,-0.19485813,-0.14496914,-0.15549555,-0.13560914,-0.119081676,-0.14001076,-0.19117098,-0.1918433,-0.18200345,-0.19755594,-0.25103784,-0.20219928,-0.19069822,-0.19175673,-0.1831027,-0.17449671,-0.27554205,-0.08916744,-0.11956477,-0.12806872,-0.15751183,-0.20931396,-0.18224281,-0.29657933,-0.32474133,-0.15378007,-0.3242122,-0.17325558,-0.17108874,-0.2185038,-0.17647925,-0.114121355,-0.14019382,-0.15388772,-0.15788373,-0.22984435,-0.18186735,-0.25797004,-0.10431863,-0.12455491,-0.13869816,-0.12420893,-0.15189947,-0.1552297,-0.15641928,-0.14014931,-0.15141064,-0.16336718,-0.15561432,-0.15380824,-0.15345395,-0.13413525,-0.12312697,-0.14664404,-0.19081104,-0.17746036,-0.21025829,-0.3990198,-0.20361982,-0.11343844,-0.1296617,-0.118546635,-0.14820668,-0.16636807,-0.18707527,-0.192231,-0.13182326,-0.07635413,-0.1533429,-0.13999827,-0.14106366,-0.11801043,-0.19987361,-0.1649412,-0.15910092,-0.14181918,-0.123670995,-0.12722544,-0.14610182,-0.2588673,-0.10725959,-0.13074079,-0.09132757,-0.12832497,-0.12921849,-0.1500212,-0.15200058,-0.09611696,-0.08910369,-0.12439291,-0.110515915,-0.13809423,-0.15107644,-0.17076366,-0.14313361,-0.1164312,-0.1743965,-0.1521301,-0.1425628,-0.12550732,-0.14220577,-0.17466888,-0.13176009,-0.13239574,-0.1459929,-0.12293357,-0.08722703,-0.05825615,-0.14368343,-0.17082691,-0.026243303,-0.16725627,-0.2829064,-0.31316653,-0.1989786,-0.14592561,-0.14331596,-0.14862512,-0.12963767,-0.25088155,-0.19440341,-0.18907413,-0.09443204,-0.10927285,-0.10702289,-0.09351059,-0.12759323,-0.15330401,-0.15746465,-0.1674977,-0.12812386,-0.0969081,-0.16398169,-0.1437521,-0.11335766,-0.18846886,-0.1706479,-0.1542643,-0.12580866,-0.115196005,-0.11292814,-0.11662802,-0.17645176,-0.13862559,-0.13450082,-0.096878245,-0.121163845,-0.091515176,-0.12434345,-0.13599405,-0.063823454,-0.13877153,-0.11419349,-0.13399443,-0.24483351,-0.2571875,-0.29957527,-0.14646855,-0.15709317,-0.13231656,-0.19104545,-0.0782174,-0.17280686,-0.16469623,-0.09859173,-0.11065883,-0.11455688,-0.076612435,-0.083404,-0.1213824,-0.13072303,-0.13855581,-0.19385117,-0.09888457,-0.15603161,-0.19487974,-0.19168638,-0.18747061,-0.111197665,-0.14326838,-0.102808364,-0.15953603,-0.19475532,-0.17321323,-0.16954714,-0.14303106,-0.14275096,-0.10181145,-0.1535756,-0.16195701,-0.18153034,-0.1957855,-0.12123047,-0.14753485,-0.11379867,-0.079788566,-0.14329784,-0.20725825,-0.16114107,-0.125103,-0.15657571,-0.15690626,-0.1439289,-0.19202894,-0.16293997,-0.18243125,-0.2963242,-0.19905978,-0.18175218,-0.17221,-0.1936836,-0.1578832,-0.14054683,-0.13045362,-0.12557748,-0.13847831,-0.1639382,-0.30584824,-0.1671769,-0.1815817,-0.19335963,-0.11441202,-0.15084368,-0.1408556,-0.17852765,-0.16724388,-0.16492027,-0.14331086,-0.18237996,-0.12853189,-0.15378104,-0.13773912,-0.24156228,-0.18008015,-0.10312718,-0.13546598,-0.14207241,-0.17484587,-0.11030613,-0.134725,-0.15246981,-0.16029266,-0.18241194,-0.15434636,-0.14933217,-0.19184028,-0.17582174,-0.16439757,-0.14723541,-0.14623587,-0.11499533,-0.10471026,-0.13525012,-0.20148799,-0.1774517,-0.12513243,-0.16644286,-0.18041904,-0.18738703,-0.11705899,-0.17669514,-0.26049337,-0.09236021,-0.092080325,-0.114820786,-0.13617763,-0.14824691,-0.09840797,-0.18955669
k__Bacteria|p__Actinobacteria|c__Actinomycetia|o__Corynebacteriales|f__Tsukamurellaceae|g__Tsukamurella|s__Tsukamurella_pulmonis,-0.1004395,-0.12316422,-0.14185655,-0.20428483,-0.16720201,-0.19342005,-0.1666669,-0.14506696,-0.1251438,-0.18336537,-0.18396078,-0.22784086,-0.16897565,-0.20604561,-0.10320337,-0.09930888,-0.058144663,-0.09959705,-0.10779765,-0.17080058,-0.1978925,-0.12536043,-0.13619432,-0.15223332,-0.17154966,-0.11658599,-0.16751815,-0.17385477,-0.1509206,-0.12124001,-0.1351321,-0.10592607,-0.14845523,-0.19601941,-0.1892815,-0.2175087,-0.16092658,-0.22338755,-0.19751051,-0.29867563,-0.29210672,-0.19857506,-0.10714543,-0.09162698,-0.13691942,-0.1551426,-0.23188588,-0.19381192,-0.14650422,-0.2026537,-0.18388176,-0.18279888,-0.1977116,-0.1989672,-0.20426118,-0.15698895,-0.12575144,-0.1437723,-0.0919675,-0.09555709,-0.17123114,-0.14223787,-0.13743341,-0.14696297,-0.12719077,-0.15115947,-0.2613474,-0.22333384,-0.1890144,-0.20047067,-0.14560154,-0.14923042,-0.13083133,-0.14280699,-0.15051405,-0.163881,-0.1463983,-0.16278498,-0.15941596,-0.14998752,-0.14721352,-0.15717305,-0.1531812,-0.22480208,-0.120334074,-0.14153463,-0.11835306,-0.1608054,-0.17398778,-0.15582533,-0.16814707,-0.11139822,-0.1388583,-0.13027036,-0.12852815,-0.15152657,-0.1425935,-0.115259826,-0.10065024,-0.0905772,-0.105441466,-0.12045154,-0.13501088,-0.15027548,-0.16032219,-0.1185138,-0.11129953,-0.1578567,-0.17738779,-0.13331862,-0.16423371,-0.25953975,-0.14866221,-0.13285026,-0.14178957,-0.15095688,-0.17780018,-0.16371828,-0.22917573,-0.09015879,-0.11009759,-0.1348489,-0.12968864,-0.13997786,-0.17394486,-0.13908121,-0.16057305,-0.12777606,-0.07092635,-0.03704006,-0.13722715,-0.16220893,-0.17879827,-0.14332479,-0.12334781,-0.13577095,-0.12023825,-0.13843603,-0.25318068,-0.26654312,-0.08348313,-0.10945694,-0.14445204,-0.09238048,-0.18784031,-0.19068125,-0.15326619,-0.090267874,-0.13230102,-0.14961758,-0.15041313,-0.15897357,-0.17060746,-0.18348621,-0.08795262,-0.12354896,-0.14134654,-0.10256614,-0.17951453,-0.19495486,-0.19100396,-0.100032024,-0.13113372,-0.079758875,-0.12801135,-0.19006202,-0.19354723,-0.19176713,-0.12327248,-0.075337216,-0.09700684,-0.11860259,-0.13664526,-0.12406494,-0.121451,-0.094504565,-0.096725196,-0.10859017,-0.082459606,-0.11283633,-0.1323481,-0.16697127,-0.1410757,-0.13641652,-0.18093297,-0.17825818,-0.19438687,-0.14481615,-0.15549555,-0.135382,-0.119081676,-0.14001076,-0.19117098,-0.19143286,-0.18158174,-0.19755594,-0.25103784,-0.20219928,-0.19022217,-0.1913571,-0.18268093,-0.17426068,-0.27554205,-0.08916744,-0.11956477,-0.12814759,-0.15751183,-0.20931396,-0.18224281,-0.29657933,-0.32474133,-0.15323341,-0.3242122,-0.17325558,-0.17108874,-0.2185038,-0.17647925,-0.114121355,-0.14003767,-0.15388772,-0.15788373,-0.22984435,-0.18186735,-0.25803196,-0.10441561,-0.12455491,-0.13858278,-0.12416096,-0.15189947,-0.15501179,-0.15601075,-0.14014931,-0.15141064,-0.16295218,-0.15529513,-0.15345901,-0.15329444,-0.13400315,-0.12302363,-0.14630418,-0.19031677,-0.17734405,-0.21025829,-0.3990198,-0.20275463,-0.11341627,-0.1296617,-0.11842824,-0.14802787,-0.16636807,-0.18652323,-0.19175196,-0.13176796,-0.076628216,-0.15297267,-0.13992569,-0.14106366,-0.117907256,-0.19987361,-0.1649412,-0.15881842,-0.14170235,-0.12371228,-0.12722544,-0.14610182,-0.2588673,-0.107334554,-0.13074079,-0.09132757,-0.12832497,-0.1290974,-0.14995843,-0.1516029,-0.096253395,-0.08910369,-0.12435573,-0.11069393,-0.13789058,-0.15096532,-0.17026813,-0.1429136,-0.11638902,-0.17393006,-0.15202126,-0.14234143,-0.12561867,-0.14167807,-0.17466888,-0.13176009,-0.1321558,-0.14577392,-0.122896604,-0.08722703,-0.05825615,-0.143511,-0.17082691,-0.026243303,-0.1668567,-0.2829064,-0.31316653,-0.19844952,-0.14562625,-0.14331596,-0.14862512,-0.12963767,-0.25088155,-0.19388857,-0.18842348,-0.09469254,-0.10912633,-0.10702289,-0.093602985,-0.12759323,-0.15302813,-0.15746465,-0.1669499,-0.12812386,-0.0969081,-0.16398169,-0.1435562,-0.11335766,-0.18846886,-0.1706479,-0.1539278,-0.12560521,-0.115196005,-0.11283636,-0.11662802,-0.17583653,-0.13843384,-0.13436043,-0.096878245,-0.121157035,-0.09168759,-0.12434345,-0.13569337,-0.063823454,-0.13877153,-0.11419349,-0.13391894,-0.24483351,-0.2571875,-0.29957527,-0.14619923,-0.15674284,-0.13222775,-0.19104545,-0.0782174,-0.17224376,-0.16429624,-0.09859173,-0.11065883,-0.11445972,-0.076612435,-0.083404,-0.1213824,-0.13072303,-0.13855581,-0.19385117,-0.09893508,-0.15563759,-0.19487974,-0.19131567,-0.18697003,-0.11121561,-0.14311157,-0.102752656,-0.15894747,-0.19422223,-0.17259338,-0.16949356,-0.14286226,-0.14245427,-0.102003,-0.15338212,-0.16153768,-0.18118557,-0.19538337,-0.12115501,-0.14716709,-0.11376512,-0.07995719,-0.14314842,-0.20725825,-0.16078898,-0.125103,-0.15657571,-0.15690626,-0.14363572,-0.19202894,-0.1626887,-0.181829,-0.2963242,-0.19876444,-0.18141513,-0.17215338,-0.19346207,-0.15779501,-0.14054683,-0.13041489,-0.12557748,-0.13842735,-0.16371533,-0.30584824,-0.16690075,-0.18116705,-0.19278677,-0.11441202,-0.15066886,-0.14065383,-0.17806655,-0.16687715,-0.16438389,-0.14331086,-0.18237996,-0.12834752,-0.15345925,-0.13773152,-0.24156228,-0.17972988,-0.10317439,-0.1353325,-0.14180465,-0.1743957,-0.11036816,-0.13466367,-0.15207402,-0.15980211,-0.18206088,-0.15392844,-0.14915505,-0.19184028,-0.175547,-0.16377431,-0.14723541,-0.14623587,-0.11499533,-0.10471026,-0.13512698,-0.20148799,-0.17697397,-0.12513243,-0.16602811,-0.18041904,-0.18738703,-0.11705899,-0.17576063,-0.26023304,-0.09254442,-0.092179,-0.1148646,-0.13597918,-0.148085,-0.098617755,-0.18901393
k__Bacteria|p__Actinobacteria|c__Actinomycetia|o__Micrococcales|f__Microbacteriaceae|g__Microbacterium|s__Microbacterium_oxydans,-0.1004395,-0.12316422,-0.14195034,-0.20428483,-0.16822863,-0.19339895,-0.1666669,-0.1451618,-0.12583832,-0.18390022,-0.18430169,-0.21680304,-0.16851357,-0.20196539,-0.10342679,-0.098801784,-0.058144663,-0.0993707,-0.10814552,-0.17097011,-0.1978925,-0.12536043,-0.13677937,-0.1524429,-0.17150477,-0.11658599,-0.16853014,-0.17397296,-0.1509206,-0.12124001,-0.1352486,-0.10629507,-0.14826211,-0.19579181,-0.18862443,-0.2175087,-0.16216776,-0.22338755,-0.19651933,-0.29867563,-0.29210672,-0.1965062,-0.10747992,-0.09162698,-0.13691942,-0.15549414,-0.23188588,-0.19411641,-0.1466349,-0.2026537,-0.18632844,-0.18279888,-0.19679376,-0.19640681,-0.19833493,-0.15628208,-0.12590101,-0.14378455,-0.09240927,-0.09583485,-0.17177743,-0.14256261,-0.13743341,-0.14709458,-0.12719077,-0.15156902,-0.2613474,-0.22333384,-0.1895534,-0.20047067,-0.14578584,-0.14963582,-0.13052112,-0.14254934,-0.15035021,-0.16439778,-0.14680037,-0.16278498,-0.16062489,-0.14998752,-0.14746387,-0.15731788,-0.15350331,-0.22480208,-0.120334074,-0.14148916,-0.118567,-0.16129339,-0.1742478,-0.1558474,-0.16801119,-0.11139822,-0.1388583,-0.13027036,-0.1287796,-0.15152657,-0.14353491,-0.11575716,-0.10065024,-0.09092271,-0.10570817,-0.12069037,-0.13514991,-0.15027548,-0.16053286,-0.1185138,-0.11129953,-0.1578567,-0.17738779,-0.13295117,-0.16335502,-0.25953975,-0.14902166,-0.13296726,-0.14125063,-0.15095688,-0.17780018,-0.16415615,-0.22917573,-0.09015879,-0.110375345,-0.13487615,-0.12966202,-0.13997786,-0.17400995,-0.13908121,-0.16057305,-0.12777606,-0.07092635,-0.03704006,-0.13740377,-0.16233909,-0.17878638,-0.14332479,-0.12334781,-0.13618377,-0.12023825,-0.13796346,-0.25318068,-0.26654312,-0.0840572,-0.10945694,-0.14392185,-0.09238048,-0.18788356,-0.19043803,-0.15318921,-0.09073312,-0.13230102,-0.14967331,-0.15058464,-0.1592229,-0.17100449,-0.18328452,-0.08841504,-0.12354049,-0.14083037,-0.10256614,-0.17951453,-0.19495486,-0.19068131,-0.10022158,-0.13113372,-0.07844564,-0.12737764,-0.19006202,-0.19386402,-0.19124097,-0.12333344,-0.07655078,-0.09725666,-0.11845352,-0.13653612,-0.12406494,-0.121451,-0.09463394,-0.096733026,-0.1084952,-0.082459606,-0.11277445,-0.13244914,-0.1669049,-0.1410757,-0.13691704,-0.18093297,-0.17825818,-0.19395143,-0.14441371,-0.15549555,-0.13516223,-0.119081676,-0.14001076,-0.19117098,-0.19145301,-0.18197182,-0.19755594,-0.25103784,-0.20219928,-0.19102976,-0.19173497,-0.1826461,-0.17395994,-0.27554205,-0.08916744,-0.11956477,-0.1282993,-0.15751183,-0.20931396,-0.18224281,-0.29657933,-0.32474133,-0.15066229,-0.3242122,-0.17325558,-0.17108874,-0.2185038,-0.17647925,-0.114121355,-0.1405329,-0.15388772,-0.15788373,-0.22984435,-0.18186735,-0.25223303,-0.10458821,-0.12455491,-0.13884617,-0.12443858,-0.15189947,-0.15532807,-0.15621091,-0.14014931,-0.15141064,-0.16318502,-0.15585016,-0.15368661,-0.15292385,-0.1338009,-0.12344596,-0.14699614,-0.19037864,-0.1773701,-0.21025829,-0.3990198,-0.19824064,-0.11355166,-0.1296617,-0.11818446,-0.14790092,-0.16636807,-0.1866674,-0.19179727,-0.13158521,-0.077660546,-0.15274908,-0.14015305,-0.14106366,-0.11810514,-0.19987361,-0.1649412,-0.15947586,-0.14103124,-0.12357179,-0.12722544,-0.14610182,-0.2588673,-0.10725249,-0.13074079,-0.09132757,-0.12832497,-0.12925205,-0.15030506,-0.15194607,-0.09657839,-0.08910369,-0.1240825,-0.11081921,-0.13781486,-0.15110952,-0.16992547,-0.14303009,-0.116876625,-0.17365342,-0.15221803,-0.14228342,-0.12584996,-0.14184958,-0.17466888,-0.13176009,-0.13219878,-0.14580242,-0.12310502,-0.08722703,-0.05825615,-0.14348064,-0.17082691,-0.026243303,-0.16620877,-0.2829064,-0.31316653,-0.19607863,-0.14578894,-0.14331596,-0.14862512,-0.12963767,-0.25088155,-0.19427034,-0.18822318,-0.09498963,-0.109470725,-0.10702289,-0.09333243,-0.12759323,-0.15282351,-0.15746465,-0.1674793,-0.12812386,-0.0969081,-0.16398169,-0.14368851,-0.11335766,-0.18846886,-0.1706479,-0.15424436,-0.12604481,-0.115196005,-0.112546846,-0.11662802,-0.17589192,-0.13868636,-0.13443062,-0.096878245,-0.12104894,-0.0919445,-0.12434345,-0.13605978,-0.063823454,-0.13877153,-0.11419349,-0.13360307,-0.24483351,-0.2571875,-0.29957527,-0.14614621,-0.15687548,-0.13228464,-0.19104545,-0.0782174,-0.17197329,-0.16403958,-0.09859173,-0.11065883,-0.11486697,-0.076612435,-0.083404,-0.1213824,-0.13072303,-0.13855581,-0.19385117,-0.09916508,-0.15544656,-0.19487974,-0.19185802,-0.18657929,-0.11147918,-0.1433886,-0.10353033,-0.15915042,-0.19441243,-0.17133115,-0.16917849,-0.14307621,-0.14251533,-0.101916134,-0.15301971,-0.16210023,-0.18124408,-0.19477043,-0.1214474,-0.14722052,-0.114205495,-0.08060325,-0.14211307,-0.20725825,-0.16131023,-0.125103,-0.15657571,-0.15690626,-0.14397751,-0.19202894,-0.16309506,-0.18176001,-0.2963242,-0.19776279,-0.18053964,-0.17221323,-0.1929135,-0.1573235,-0.14054683,-0.13041879,-0.12557748,-0.13805538,-0.16241682,-0.30584824,-0.16730815,-0.180851,-0.19354112,-0.11441202,-0.15002851,-0.1409039,-0.1780756,-0.16722953,-0.16448508,-0.14331086,-0.18237996,-0.1285345,-0.15292606,-0.13631658,-0.24156228,-0.1802521,-0.10342723,-0.13578612,-0.14212966,-0.17423734,-0.11080742,-0.13469979,-0.15229008,-0.15999584,-0.1828444,-0.15373068,-0.1492095,-0.19184028,-0.17596829,-0.16422254,-0.14723541,-0.14623587,-0.11499533,-0.10471026,-0.13459995,-0.20148799,-0.17725268,-0.12513243,-0.16671929,-0.18041904,-0.18738703,-0.11705899,-0.17576742,-0.2592146,-0.09291306,-0.092535645,-0.11495845,-0.13584712,-0.14779639,-0.098714694,-0.18882877
k__Bacteria|p__Actinobacteria|c__Actinomycetia|o__Micrococcales|f__Microbacteriaceae|g__Microbacterium|s__Microbacterium_paulum,-0.1004395,-0.12316422,-0.14098033,-0.20428483,-0.16735145,-0.1934059,-0.1666669,-0.14529106,-0.12480906,-0.18408456,-0.18270402,-0.21985954,-0.16923511,-0.20277129,-0.10285835,-0.09845938,-0.058144663,-0.099680156,-0.10747732,-0.17101748,-0.1978925,-0.12536043,-0.13653736,-0.15286267,-0.17153604,-0.11658599,-0.16791761,-0.17455836,-0.1509206,-0.12124001,-0.13531974,-0.10510314,-0.14835176,-0.19523394,-0.18940488,-0.2175087,-0.16091366,-0.22338755,-0.19682586,-0.29867563,-0.29210672,-0.19771369,-0.10707584,-0.09162698,-0.13691942,-0.15501076,-0.23188588,-0.19388914,-0.14683798,-0.2026537,-0.18443783,-0.18279888,-0.19655523,-0.19681138,-0.20125875,-0.15828125,-0.12570408,-0.14383337,-0.09216699,-0.0953003,-0.17168535,-0.1426206,-0.13743341,-0.14703876,-0.12719077,-0.15117764,-0.2613474,-0.22333384,-0.18920551,-0.20047067,-0.14595108,-0.1494722,-0.13050905,-0.14255576,-0.15112859,-0.16455515,-0.14727104,-0.16278498,-0.15935285,-0.14998752,-0.1475896,-0.1569481,-0.15341075,-0.22480208,-0.120334074,-0.14155498,-0.11812205,-0.16141188,-0.17448786,-0.15548809,-0.16866666,-0.11139822,-0.1388583,-0.13027036,-0.12884781,-0.15152657,-0.14309049,-0.11562551,-0.10065024,-0.08999755,-0.10524844,-0.12034897,-0.13505636,-0.15027548,-0.16089462,-0.1185138,-0.11129953,-0.1578567,-0.17738779,-0.13325271,-0.16358322,-0.25953975,-0.14876918,-0.1323809,-0.1412861,-0.15095688,-0.17780018,-0.16335376,-0.22917573,-0.09015879,-0.110121325,-0.13466434,-0.12948349,-0.13997786,-0.17376636,-0.13908121,-0.16057305,-0.12777606,-0.07092635,-0.03704006,-0.13703725,-0.16250168,-0.17931621,-0.14332479,-0.12334781,-0.13581684,-0.12023825,-0.13837312,-0.25318068,-0.26654312,-0.08333689,-0.10945694,-0.14475836,-0.09238048,-0.18803921,-0.1903837,-0.15307616,-0.09010327,-0.13230102,-0.14962626,-0.15028453,-0.1590261,-0.17072767,-0.18441282,-0.08745934,-0.123564705,-0.1410735,-0.10256614,-0.17951453,-0.19495486,-0.19135576,-0.1000471,-0.13113372,-0.07854575,-0.1276674,-0.19006202,-0.19355948,-0.19183679,-0.12376126,-0.07505144,-0.09674648,-0.11806497,-0.1365229,-0.12406494,-0.121451,-0.09416917,-0.09617666,-0.10828332,-0.082459606,-0.11251852,-0.13241357,-0.16757862,-0.1410757,-0.1363148,-0.18093297,-0.17825818,-0.19383945,-0.14459546,-0.15549555,-0.13545603,-0.119081676,-0.14001076,-0.19117098,-0.19094923,-0.18133676,-0.19755594,-0.25103784,-0.20219928,-0.19067864,-0.19115606,-0.18258876,-0.17366177,-0.27554205,-0.08916744,-0.11956477,-0.12793678,-0.15751183,-0.20931396,-0.18224281,-0.29657933,-0.32474133,-0.15119171,-0.3242122,-0.17325558,-0.17108874,-0.2185038,-0.17647925,-0.114121355,-0.13981749,-0.15388772,-0.15788373,-0.22984435,-0.18186735,-0.25246814,-0.10416633,-0.12455491,-0.13864604,-0.12428007,-0.15189947,-0.15545088,-0.15685833,-0.14014931,-0.15141064,-0.16360724,-0.15543309,-0.15371388,-0.15302247,-0.1337772,-0.1231468,-0.14640579,-0.19069141,-0.1770877,-0.21025829,-0.3990198,-0.19975135,-0.11334455,-0.1296617,-0.11814202,-0.14813167,-0.16636807,-0.18722993,-0.19187875,-0.13171588,-0.07620549,-0.15328154,-0.13991556,-0.14106366,-0.11834845,-0.19987361,-0.1649412,-0.15873846,-0.1411578,-0.12349244,-0.12722544,-0.14610182,-0.2588673,-0.107062854,-0.13074079,-0.09132757,-0.12832497,-0.12946922,-0.15013441,-0.15240166,-0.09613353,-0.08910369,-0.124217585,-0.11036922,-0.13782677,-0.15097952,-0.17060354,-0.14312613,-0.11651777,-0.17409647,-0.15207659,-0.1425562,-0.12509191,-0.1425452,-0.17466888,-0.13176009,-0.13221419,-0.14578855,-0.1229159,-0.08722703,-0.05825615,-0.14356078,-0.17082691,-0.026243303,-0.16628368,-0.2829064,-0.31316653,-0.1966251,-0.14579917,-0.14331596,-0.14862512,-0.12963767,-0.25088155,-0.19382337,-0.18893301,-0.09453915,-0.10912945,-0.10702289,-0.09330192,-0.12759323,-0.1529941,-0.15746465,-0.167116,-0.12812386,-0.0969081,-0.16398169,-0.14415449,-0.11335766,-0.18846886,-0.1706479,-0.15402773,-0.1257275,-0.115196005,-0.11261152,-0.11662802,-0.17644006,-0.13857976,-0.13438189,-0.096878245,-0.120682046,-0.091616094,-0.12434345,-0.1364055,-0.063823454,-0.13877153,-0.11419349,-0.13372716,-0.24483351,-0.2571875,-0.29957527,-0.14617231,-0.15675558,-0.1320458,-0.19104545,-0.0782174,-0.17219234,-0.16457424,-0.09859173,-0.11065883,-0.11506409,-0.076612435,-0.083404,-0.1213824,-0.13072303,-0.13855581,-0.19385117,-0.09872447,-0.1557689,-0.19487974,-0.19129886,-0.18699016,-0.11131576,-0.14311118,-0.102957994,-0.1596946,-0.19374678,-0.17291589,-0.16938418,-0.14287852,-0.14240083,-0.101172656,-0.15331544,-0.16161108,-0.18098664,-0.19491929,-0.12126911,-0.14752983,-0.11382632,-0.07967107,-0.14268532,-0.20725825,-0.16130385,-0.125103,-0.15657571,-0.15690626,-0.14340624,-0.19202894,-0.1628676,-0.18259513,-0.2963242,-0.19607228,-0.18075876,-0.17168123,-0.19273919,-0.15734866,-0.14054683,-0.13032052,-0.12557748,-0.13829817,-0.16328609,-0.30584824,-0.16679893,-0.18154368,-0.19282427,-0.11441202,-0.15083925,-0.14060703,-0.1781602,-0.16707847,-0.164859,-0.14331086,-0.18237996,-0.12809592,-0.15307465,-0.13672078,-0.24156228,-0.17976147,-0.10311963,-0.13514702,-0.14207517,-0.1748198,-0.11026882,-0.13454753,-0.1529336,-0.16014896,-0.18186516,-0.1543536,-0.14921747,-0.19184028,-0.17560919,-0.1648019,-0.14723541,-0.14623587,-0.11499533,-0.10471026,-0.13485496,-0.20148799,-0.1777285,-0.12513243,-0.16547683,-0.18041904,-0.18738703,-0.11705899,-0.17707035,-0.2580973,-0.09223908,-0.092035405,-0.11447926,-0.13590991,-0.14792937,-0.09814101,-0.18943971
k__Bacteria|p__Actinobacteria|c__Actinomycetia|o__Corynebacteriales|f__Tsukamurellaceae|g__Tsukamurella|s__Tsukamurella_columbiensis,-0.1004395,-0.12316422,-0.14159098,-0.20428483,-0.16659012,-0.19350463,-0.1666669,-0.14508358,-0.124382086,-0.18362913,-0.18227907,-0.23602696,-0.16839314,-0.20813222,-0.10304036,-0.099936634,-0.058144663,-0.099979654,-0.10760329,-0.17080235,-0.1978925,-0.12536043,-0.13612434,-0.15233749,-0.17161062,-0.11658599,-0.16672842,-0.1739935,-0.1509206,-0.12124001,-0.1348569,-0.105549335,-0.14828429,-0.19623253,-0.18948504,-0.2175087,-0.16055918,-0.22338755,-0.19786039,-0.29867563,-0.29210672,-0.19921823,-0.10717263,-0.09162698,-0.13691942,-0.15479074,-0.23188588,-0.19355568,-0.14647886,-0.2026537,-0.18245059,-0.18279888,-0.1983335,-0.20034997,-0.20755818,-0.15774809,-0.12578024,-0.1438617,-0.092004314,-0.09568457,-0.17110422,-0.14219376,-0.13743341,-0.14687666,-0.12719077,-0.15076216,-0.2613474,-0.22333384,-0.18858624,-0.20047067,-0.14580911,-0.14909965,-0.1310294,-0.14296126,-0.15105945,-0.16419885,-0.14662308,-0.16278498,-0.15884313,-0.14998752,-0.14699803,-0.15695228,-0.15311807,-0.22480208,-0.120334074,-0.14138599,-0.11827979,-0.16084945,-0.17414653,-0.15552244,-0.16814972,-0.11139822,-0.1388583,-0.13027036,-0.1284296,-0.15152657,-0.14171593,-0.11536101,-0.10065024,-0.09030252,-0.10539733,-0.120568804,-0.13494769,-0.15027548,-0.16024807,-0.1185138,-0.11129953,-0.1578567,-0.17738779,-0.13425198,-0.16429174,-0.25953975,-0.14848492,-0.13245687,-0.14189044,-0.15095688,-0.17780018,-0.16324589,-0.22917573,-0.09015879,-0.109784864,-0.13463771,-0.12977976,-0.13997786,-0.17343849,-0.13908121,-0.16057305,-0.12777606,-0.07092635,-0.03704006,-0.13692299,-0.1619441,-0.17888202,-0.14332479,-0.12334781,-0.13514613,-0.12023825,-0.13842586,-0.25318068,-0.26654312,-0.0832524,-0.10945694,-0.14461794,-0.09238048,-0.18738927,-0.19037832,-0.15272444,-0.09009956,-0.13230102,-0.14933705,-0.15022284,-0.15901044,-0.17047192,-0.18390557,-0.08767956,-0.12401081,-0.14151952,-0.10256614,-0.17951453,-0.19495486,-0.19157875,-0.10005462,-0.13113372,-0.080570474,-0.12792411,-0.19006202,-0.19346848,-0.19182801,-0.12345211,-0.0748802,-0.097168,-0.11860672,-0.1364487,-0.12406494,-0.121451,-0.09462929,-0.09650945,-0.108388126,-0.082459606,-0.11276521,-0.13193096,-0.16710341,-0.1410757,-0.13604398,-0.18093297,-0.17825818,-0.1944588,-0.14475241,-0.15549555,-0.13568766,-0.119081676,-0.14001076,-0.19117098,-0.19141838,-0.18142906,-0.19755594,-0.25103784,-0.20219928,-0.18930124,-0.19088826,-0.18240108,-0.1738519,-0.27554205,-0.08916744,-0.11956477,-0.12727128,-0.15751183,-0.20931396,-0.18224281,-0.29657933,-0.32474133,-0.15142864,-0.3242122,-0.17325558,-0.17108874,-0.2185038,-0.17647925,-0.114121355,-0.13952026,-0.15388772,-0.15788373,-0.22984435,-0.18186735,-0.26097226,-0.104359776,-0.12455491,-0.13820054,-0.124012545,-0.15189947,-0.15482752,-0.15621454,-0.14014931,-0.15141064,-0.16314748,-0.15501213,-0.15345572,-0.15309022,-0.13397495,-0.12282735,-0.14594749,-0.19042695,-0.17691568,-0.21025829,-0.3990198,-0.20435837,-0.11326977,-0.1296617,-0.11876256,-0.14780901,-0.16636807,-0.18646544,-0.19154069,-0.13142657,-0.07627699,-0.15326966,-0.13950926,-0.14106366,-0.11797373,-0.19987361,-0.1649412,-0.15803564,-0.14169295,-0.123478085,-0.12722544,-0.14610182,-0.2588673,-0.107251525,-0.13074079,-0.09132757,-0.12832497,-0.12910098,-0.14929196,-0.15172681,-0.096210286,-0.08910369,-0.1243365,-0.11035046,-0.13780603,-0.15050572,-0.17061591,-0.14280564,-0.11588135,-0.17383787,-0.15150481,-0.14234336,-0.125227,-0.14196599,-0.17466888,-0.13176009,-0.1321549,-0.14562966,-0.12291001,-0.08722703,-0.05825615,-0.14328316,-0.17082691,-0.026243303,-0.1665365,-0.2829064,-0.31316653,-0.1990526,-0.14561728,-0.14331596,-0.14862512,-0.12963767,-0.25088155,-0.1941085,-0.18869375,-0.09434901,-0.10928904,-0.10702289,-0.09428333,-0.12759323,-0.15265243,-0.15746465,-0.16706268,-0.12812386,-0.0969081,-0.16398169,-0.14369164,-0.11335766,-0.18846886,-0.1706479,-0.15379184,-0.1256583,-0.115196005,-0.11318091,-0.11662802,-0.17582628,-0.13850844,-0.13442779,-0.096878245,-0.12117405,-0.09159778,-0.12434345,-0.13545302,-0.063823454,-0.13877153,-0.11419349,-0.13381985,-0.24483351,-0.2571875,-0.29957527,-0.14626905,-0.1566999,-0.13230902,-0.19104545,-0.0782174,-0.17246497,-0.16446865,-0.09859173,-0.11065883,-0.114168115,-0.076612435,-0.083404,-0.1213824,-0.13072303,-0.13855581,-0.19385117,-0.099242255,-0.15567821,-0.19487974,-0.1908446,-0.18715689,-0.11109811,-0.14267042,-0.102671705,-0.15948063,-0.19427527,-0.17362592,-0.16893286,-0.14268781,-0.14258254,-0.10171512,-0.153222,-0.16130626,-0.18070275,-0.1954498,-0.12107381,-0.14722547,-0.1132541,-0.079710215,-0.1437141,-0.20725825,-0.16057914,-0.125103,-0.15657571,-0.15690626,-0.14329481,-0.19202894,-0.16233182,-0.18196407,-0.2963242,-0.19831628,-0.1812438,-0.1712655,-0.19316593,-0.1574701,-0.14054683,-0.13028336,-0.12557748,-0.13808501,-0.16394958,-0.30584824,-0.16633122,-0.1812413,-0.19241166,-0.11441202,-0.15055156,-0.14037582,-0.17793837,-0.16684815,-0.16445023,-0.14331086,-0.18237996,-0.12814352,-0.15338477,-0.13825953,-0.24156228,-0.17878896,-0.10322982,-0.13481858,-0.14196932,-0.17455623,-0.1099664,-0.1343458,-0.152341,-0.16004354,-0.1813561,-0.15440995,-0.14920244,-0.19184028,-0.17507097,-0.16405794,-0.14723541,-0.14623587,-0.11499533,-0.10471026,-0.13514876,-0.20148799,-0.17693785,-0.12513243,-0.16494443,-0.18041904,-0.18738703,-0.11705899,-0.17671956,-0.26031765,-0.09241474,-0.09210711,-0.114601895,-0.13610691,-0.14812961,-0.09834179,-0.18909228
k__Bacteria|p__Actinobacteria|c__Actinomycetia|o__Corynebacteriales|f__Lawsonellaceae|g__Lawsonella|s__Lawsonella_clevelandensis,-0.1004395,-0.12316422,-0.1424729,-0.20428483,-0.16746601,-0.19385421,-0.1666669,-0.14531939,-0.12537473,-0.18339603,-0.18348576,-0.22912169,-0.16952533,-0.20537846,-0.10387589,-0.100090206,-0.058144663,-0.09987062,-0.108499914,-0.17102756,-0.1978925,-0.12536043,-0.1365532,-0.15237714,-0.17181255,-0.11658599,-0.16748333,-0.17366514,-0.1509206,-0.12124001,-0.1353453,-0.106616,-0.14862925,-0.19646606,-0.18939589,-0.2175087,-0.16150972,-0.22338755,-0.19779575,-0.29867563,-0.29210672,-0.19865935,-0.10772893,-0.09162698,-0.13691942,-0.15539585,-0.23188588,-0.19415241,-0.14686507,-0.2026537,-0.18399872,-0.18279888,-0.19779101,-0.19947678,-0.2048932,-0.15718357,-0.12623817,-0.14418517,-0.09246631,-0.0963262,-0.17147663,-0.14256874,-0.13743341,-0.14729334,-0.12719077,-0.15152992,-0.2613474,-0.22333384,-0.18890399,-0.20047067,-0.14594454,-0.14950918,-0.13126557,-0.14312851,-0.15077755,-0.1640595,-0.1467807,-0.16278498,-0.1597786,-0.14998752,-0.14735723,-0.15754084,-0.15349203,-0.22480208,-0.120334074,-0.14177415,-0.11884998,-0.16100639,-0.17424619,-0.15612407,-0.16813259,-0.11139822,-0.1388583,-0.13027036,-0.12894467,-0.15152657,-0.14271843,-0.11576311,-0.10065024,-0.09117298,-0.106072396,-0.12105694,-0.13549499,-0.15027548,-0.16043329,-0.1185138,-0.11129953,-0.1578567,-0.17738779,-0.13397059,-0.16458449,-0.25953975,-0.149041,-0.13314287,-0.14222488,-0.15095688,-0.17780018,-0.1642872,-0.22917573,-0.09015879,-0.11047362,-0.1351355,-0.13016313,-0.13997786,-0.17407551,-0.13908121,-0.16057305,-0.12777606,-0.07092635,-0.03704006,-0.1377361,-0.16238952,-0.17886153,-0.14332479,-0.12334781,-0.1360378,-0.12023825,-0.13865305,-0.25318068,-0.26654312,-0.084101096,-0.10945694,-0.14458437,-0.09238048,-0.18786831,-0.19062558,-0.15341794,-0.090902686,-0.13230102,-0.14982519,-0.15064037,-0.1592299,-0.17085907,-0.1836534,-0.088706374,-0.12411176,-0.14132342,-0.10256614,-0.17951453,-0.19495486,-0.19138658,-0.10072047,-0.13113372,-0.080509454,-0.12848245,-0.19006202,-0.19371998,-0.19192633,-0.123556525,-0.07616447,-0.09784806,-0.11923233,-0.13694105,-0.12406494,-0.121451,-0.095208436,-0.09741953,-0.108966455,-0.082459606,-0.11345492,-0.13264817,-0.16707328,-0.1410757,-0.13683876,-0.18093297,-0.17825818,-0.19476207,-0.14521071,-0.15549555,-0.13584374,-0.119081676,-0.14001076,-0.19117098,-0.19172397,-0.18164524,-0.19755594,-0.25103784,-0.20219928,-0.19017698,-0.19153903,-0.18277492,-0.17451578,-0.27554205,-0.08916744,-0.11956477,-0.12835792,-0.15751183,-0.20931396,-0.18224281,-0.29657933,-0.32474133,-0.15361771,-0.3242122,-0.17325558,-0.17108874,-0.2185038,-0.17647925,-0.114121355,-0.14038295,-0.15388772,-0.15788373,-0.22984435,-0.18186735,-0.25929725,-0.10501945,-0.12455491,-0.13877293,-0.12456849,-0.15189947,-0.15522805,-0.15624312,-0.14014931,-0.15141064,-0.16307719,-0.15562226,-0.1537485,-0.15356845,-0.13444296,-0.12358856,-0.14662771,-0.19024438,-0.17728421,-0.21025829,-0.3990198,-0.20340441,-0.11389587,-0.1296617,-0.11898269,-0.1482508,-0.16636807,-0.18639265,-0.19187,-0.13194352,-0.07758071,-0.15343949,-0.14033341,-0.14106366,-0.11804088,-0.19987361,-0.1649412,-0.15900087,-0.14203128,-0.12405555,-0.12722544,-0.14610182,-0.2588673,-0.10788849,-0.13074079,-0.09132757,-0.12832497,-0.12938266,-0.15008599,-0.15183927,-0.09682563,-0.08910369,-0.12470582,-0.111180745,-0.13823026,-0.15111285,-0.17052841,-0.14327227,-0.11678535,-0.17387459,-0.15205464,-0.14253022,-0.12619872,-0.14187875,-0.17466888,-0.13176009,-0.13264793,-0.14610203,-0.12350499,-0.08722703,-0.05825615,-0.14388889,-0.17082691,-0.026243303,-0.16694215,-0.2829064,-0.31316653,-0.19871035,-0.145978,-0.14331596,-0.14862512,-0.12963767,-0.25088155,-0.19444633,-0.18867397,-0.09535201,-0.10976765,-0.10702289,-0.094487265,-0.12759323,-0.1532216,-0.15746465,-0.16736984,-0.12812386,-0.0969081,-0.16398169,-0.14366212,-0.11335766,-0.18846886,-0.1706479,-0.15425994,-0.12617722,-0.115196005,-0.11347841,-0.11662802,-0.17590766,-0.13887481,-0.13484058,-0.096878245,-0.12172121,-0.092255786,-0.12434345,-0.1358292,-0.063823454,-0.13877153,-0.11419349,-0.13435438,-0.24483351,-0.2571875,-0.29957527,-0.1465612,-0.1569801,-0.13275683,-0.19104545,-0.0782174,-0.17278783,-0.16444276,-0.09859173,-0.11065883,-0.11469204,-0.076612435,-0.083404,-0.1213824,-0.13072303,-0.13855581,-0.19385117,-0.0997801,-0.15597549,-0.19487974,-0.19138989,-0.18717688,-0.111746036,-0.14327826,-0.10341199,-0.15934446,-0.19447376,-0.17260973,-0.1694108,-0.14324188,-0.14293694,-0.10260295,-0.1535232,-0.16175196,-0.18125123,-0.19546735,-0.12172186,-0.1475259,-0.114077345,-0.08054199,-0.14357542,-0.20725825,-0.16104713,-0.125103,-0.15657571,-0.15690626,-0.14395367,-0.19202894,-0.16291264,-0.18193144,-0.2963242,-0.19976103,-0.18164378,-0.17213446,-0.19357257,-0.15808544,-0.14054683,-0.13079564,-0.12557748,-0.13865837,-0.16391756,-0.30584824,-0.16710556,-0.1813922,-0.19304876,-0.11441202,-0.15075812,-0.14098579,-0.17808762,-0.16717857,-0.16463694,-0.14331086,-0.18237996,-0.12893268,-0.15353537,-0.13836548,-0.24156228,-0.17977005,-0.10377421,-0.13565195,-0.1422375,-0.1745826,-0.110894054,-0.13500252,-0.15229148,-0.16007671,-0.1819757,-0.15421468,-0.14948715,-0.19184028,-0.17575772,-0.16403736,-0.14723541,-0.14623587,-0.11499533,-0.10471026,-0.13551271,-0.20148799,-0.17711352,-0.12513243,-0.16560064,-0.18041904,-0.18738703,-0.11705899,-0.17626801,-0.26086897,-0.09321979,-0.09281236,-0.11541385,-0.13644655,-0.14838958,-0.0993253,-0.18907186
k__Bacteria|p__Actinobacteria|c__Actinomycetia|o__Corynebacteriales|f__Gordoniaceae|g__Gordonia|s__Gordonia_otitidis,-0.1004395,-0.12316422,-0.1416162,-0.20428483,-0.1662988,-0.19343962,-0.1666669,-0.14499088,-0.12457122,-0.18346559,-0.18352368,-0.2353645,-0.16902512,-0.2086545,-0.10321912,-0.09985032,-0.058144663,-0.09981573,-0.10739312,-0.17053126,-0.1978925,-0.12536043,-0.13604996,-0.15206301,-0.17149282,-0.11658599,-0.16675137,-0.17380425,-0.1509206,-0.12124001,-0.13463126,-0.10567008,-0.14792562,-0.19656992,-0.1891855,-0.2175087,-0.16010064,-0.22338755,-0.19748282,-0.29867563,-0.29210672,-0.19903341,-0.10715996,-0.09162698,-0.13691942,-0.15464666,-0.23188588,-0.19366097,-0.14631298,-0.2026537,-0.18284026,-0.18279888,-0.1984252,-0.20029753,-0.20709714,-0.1578655,-0.1256001,-0.1437172,-0.09182435,-0.095511965,-0.17087352,-0.1421073,-0.13743341,-0.1467466,-0.12719077,-0.15071082,-0.2613474,-0.22333384,-0.18853936,-0.20047067,-0.14564249,-0.14904256,-0.13070774,-0.14283276,-0.15078071,-0.1641061,-0.14622307,-0.16278498,-0.15906647,-0.14998752,-0.14667928,-0.156853,-0.15296312,-0.22480208,-0.120334074,-0.14120223,-0.11809754,-0.16070455,-0.17390335,-0.1554403,-0.1678212,-0.11139822,-0.1388583,-0.13027036,-0.12831868,-0.15152657,-0.14173919,-0.11541013,-0.10065024,-0.09041617,-0.10538197,-0.12044126,-0.13468295,-0.15027548,-0.15997761,-0.1185138,-0.11129953,-0.1578567,-0.17738779,-0.13415453,-0.1636847,-0.25953975,-0.14836164,-0.13240123,-0.14177418,-0.15095688,-0.17780018,-0.16328414,-0.22917573,-0.09015879,-0.109634444,-0.13449895,-0.12973976,-0.13997786,-0.17345014,-0.13908121,-0.16057305,-0.12777606,-0.07092635,-0.03704006,-0.13687243,-0.16164772,-0.17870921,-0.14332479,-0.12334781,-0.13527033,-0.12023825,-0.13798839,-0.25318068,-0.26654312,-0.0831774,-0.10945694,-0.14431232,-0.09238048,-0.18722439,-0.19034252,-0.15271589,-0.08997375,-0.13230102,-0.14915413,-0.15015975,-0.15885624,-0.17034797,-0.18345472,-0.087594956,-0.12401268,-0.14126413,-0.10256614,-0.17951453,-0.19495486,-0.19143423,-0.09994654,-0.13113372,-0.08041134,-0.12768452,-0.19006202,-0.19345856,-0.19164388,-0.1232066,-0.075081974,-0.0971825,-0.118593626,-0.13635579,-0.12406494,-0.121451,-0.09458247,-0.096678644,-0.10837702,-0.082459606,-0.11294548,-0.1319553,-0.16689281,-0.1410757,-0.13587776,-0.18093297,-0.17825818,-0.19446252,-0.1445367,-0.15549555,-0.1354155,-0.119081676,-0.14001076,-0.19117098,-0.19143382,-0.1813586,-0.19755594,-0.25103784,-0.20219928,-0.18922096,-0.19080761,-0.18240282,-0.17359947,-0.27554205,-0.08916744,-0.11956477,-0.12714413,-0.15751183,-0.20931396,-0.18224281,-0.29657933,-0.32474133,-0.1513417,-0.3242122,-0.17325558,-0.17108874,-0.2185038,-0.17647925,-0.114121355,-0.13948864,-0.15388772,-0.15788373,-0.22984435,-0.18186735,-0.2619399,-0.10425328,-0.12455491,-0.13814737,-0.123821214,-0.15189947,-0.15472046,-0.15592371,-0.14014931,-0.15141064,-0.1628315,-0.1548335,-0.15325955,-0.15292677,-0.1339177,-0.122599654,-0.14591959,-0.19019392,-0.177125,-0.21025829,-0.3990198,-0.205143,-0.11329536,-0.1296617,-0.118883446,-0.14757775,-0.16636807,-0.18638985,-0.19139448,-0.13112524,-0.07637574,-0.1529158,-0.13922273,-0.14106366,-0.11766909,-0.19987361,-0.1649412,-0.15800807,-0.14147012,-0.123523846,-0.12722544,-0.14610182,-0.2588673,-0.10705382,-0.13074079,-0.09132757,-0.12832497,-0.12879628,-0.14911586,-0.15148449,-0.096175134,-0.08910369,-0.12416525,-0.11024901,-0.13757038,-0.15035425,-0.17027903,-0.14262179,-0.115716696,-0.17370774,-0.15149994,-0.14209798,-0.12532851,-0.14182091,-0.17466888,-0.13176009,-0.13186863,-0.14571357,-0.12290253,-0.08722703,-0.05825615,-0.14322326,-0.17082691,-0.026243303,-0.1663285,-0.2829064,-0.31316653,-0.19944832,-0.14538714,-0.14331596,-0.14862512,-0.12963767,-0.25088155,-0.19422182,-0.18839175,-0.0941882,-0.10925059,-0.10702289,-0.09418258,-0.12759323,-0.15249431,-0.15746465,-0.16714177,-0.12812386,-0.0969081,-0.16398169,-0.14336038,-0.11335766,-0.18846886,-0.1706479,-0.15355909,-0.12557851,-0.115196005,-0.112947896,-0.11662802,-0.17581324,-0.13833237,-0.13438486,-0.096878245,-0.12134993,-0.0914952,-0.12434345,-0.13526341,-0.063823454,-0.13877153,-0.11419349,-0.13336135,-0.24483351,-0.2571875,-0.29957527,-0.14607143,-0.15660013,-0.13212287,-0.19104545,-0.0782174,-0.17240296,-0.16425967,-0.09859173,-0.11065883,-0.114052474,-0.076612435,-0.083404,-0.1213824,-0.13072303,-0.13855581,-0.19385117,-0.099014476,-0.15529203,-0.19487974,-0.1907552,-0.18694194,-0.110875726,-0.14267308,-0.10274422,-0.15909386,-0.1943658,-0.1733343,-0.16864309,-0.14254704,-0.14253132,-0.10159759,-0.15303236,-0.16138354,-0.18066734,-0.19556206,-0.12092364,-0.14725037,-0.11336444,-0.07982263,-0.14301369,-0.20725825,-0.16027597,-0.125103,-0.15657571,-0.15690626,-0.14337245,-0.19202894,-0.1620304,-0.18155965,-0.2963242,-0.19851127,-0.1812905,-0.17144668,-0.19305791,-0.15754421,-0.14054683,-0.13004977,-0.12557748,-0.13802746,-0.16272968,-0.30584824,-0.16624963,-0.18106616,-0.19242969,-0.11441202,-0.15024745,-0.14023769,-0.17767435,-0.16673014,-0.16423157,-0.14331086,-0.18237996,-0.12795828,-0.15318553,-0.1376583,-0.24156228,-0.17879942,-0.1029951,-0.13478184,-0.1418165,-0.17429748,-0.10979463,-0.13420734,-0.1520856,-0.15993394,-0.18143904,-0.15411574,-0.14887609,-0.19184028,-0.1748295,-0.16388664,-0.14723541,-0.14623587,-0.11499533,-0.10471026,-0.13477808,-0.20148799,-0.1765456,-0.12513243,-0.16526912,-0.18041904,-0.18738703,-0.11705899,-0.17641142,-0.2611361,-0.09244694,-0.09210016,-0.114462174,-0.13600126,-0.14797133,-0.09820731,-0.18880719
k__Bacteria|p__Actinobacteria|c__Actinomycetia|o__Corynebacteriales|f__Corynebacteriaceae|g__Corynebacterium|s__Corynebacterium_simulans,-0.1004395,-0.12316422,-0.14215335,-0.20428483,-0.16678086,-0.19382486,-0.1666669,-0.1447557,-0.12477583,-0.18304147,-0.18318152,-0.23410141,-0.16973376,-0.20734844,-0.10319208,-0.09992102,-0.058144663,-0.099303454,-0.10778761,-0.17065956,-0.1978925,-0.12536043,-0.13592541,-0.15178183,-0.17155792,-0.11658599,-0.16679841,-0.17347553,-0.1509206,-0.12124001,-0.13467896,-0.10596973,-0.14814988,-0.19636422,-0.18914694,-0.2175087,-0.16106614,-0.22338755,-0.19789995,-0.29867563,-0.29210672,-0.19888198,-0.10707876,-0.09162698,-0.13691942,-0.1549663,-0.23188588,-0.1938462,-0.14647076,-0.2026537,-0.18333997,-0.18279888,-0.19809693,-0.20040335,-0.20637736,-0.15694937,-0.12560862,-0.14362994,-0.09182137,-0.0956422,-0.17078438,-0.14193726,-0.13743341,-0.14676864,-0.12719077,-0.1510393,-0.2613474,-0.22333384,-0.18861672,-0.20047067,-0.14538229,-0.14893252,-0.13084447,-0.1427193,-0.15022558,-0.16351786,-0.14612105,-0.16278498,-0.15938528,-0.14998752,-0.14666644,-0.15714562,-0.15297213,-0.22480208,-0.120334074,-0.14125317,-0.118305296,-0.16036013,-0.17373237,-0.15584129,-0.16775051,-0.11139822,-0.1388583,-0.13027036,-0.1281648,-0.15152657,-0.14181282,-0.115189105,-0.10065024,-0.09043357,-0.105292186,-0.12035462,-0.1347681,-0.15027548,-0.15984495,-0.1185138,-0.11129953,-0.1578567,-0.17738779,-0.13389151,-0.16441074,-0.25953975,-0.14853507,-0.13267232,-0.14184564,-0.15095688,-0.17780018,-0.16397533,-0.22917573,-0.09015879,-0.10976744,-0.13456121,-0.12965603,-0.13997786,-0.17367752,-0.13908121,-0.16057305,-0.12777606,-0.07092635,-0.03704006,-0.13691603,-0.16167857,-0.17855111,-0.14332479,-0.12334781,-0.13531347,-0.12023825,-0.13798514,-0.25318068,-0.26654312,-0.08327803,-0.10945694,-0.14399606,-0.09238048,-0.18745375,-0.19034617,-0.15299132,-0.09015453,-0.13230102,-0.14932358,-0.15023994,-0.15888037,-0.17041546,-0.18317169,-0.087977044,-0.123809315,-0.14107744,-0.10256614,-0.17951453,-0.19495486,-0.19130151,-0.099961124,-0.13113372,-0.080308884,-0.12774506,-0.19006202,-0.1934087,-0.19178295,-0.12296099,-0.07527123,-0.097151205,-0.11863989,-0.13630089,-0.12406494,-0.121451,-0.094634205,-0.09675594,-0.10834232,-0.082459606,-0.11275389,-0.13179404,-0.16659826,-0.1410757,-0.13626015,-0.18093297,-0.17825818,-0.19476095,-0.14471906,-0.15549555,-0.1353657,-0.119081676,-0.14001076,-0.19117098,-0.19173443,-0.18165259,-0.19755594,-0.25103784,-0.20219928,-0.18976982,-0.19118443,-0.18256877,-0.17415062,-0.27554205,-0.08916744,-0.11956477,-0.12750596,-0.15751183,-0.20931396,-0.18224281,-0.29657933,-0.32474133,-0.15410501,-0.3242122,-0.17325558,-0.17108874,-0.2185038,-0.17647925,-0.114121355,-0.13980097,-0.15388772,-0.15788373,-0.22984435,-0.18186735,-0.2617671,-0.104359224,-0.12455491,-0.13808154,-0.12380226,-0.15189947,-0.15448244,-0.15561129,-0.14014931,-0.15141064,-0.16250886,-0.15506284,-0.15324347,-0.15312213,-0.1340178,-0.12271765,-0.14596167,-0.189817,-0.17715985,-0.21025829,-0.3990198,-0.20523244,-0.11326724,-0.1296617,-0.118487805,-0.14758188,-0.16636807,-0.18594465,-0.19157177,-0.13140902,-0.076590694,-0.15267286,-0.13946635,-0.14106366,-0.11754746,-0.19987361,-0.1649412,-0.15850565,-0.14180106,-0.12341818,-0.12722544,-0.14610182,-0.2588673,-0.10728164,-0.13074079,-0.09132757,-0.12832497,-0.12864795,-0.1492692,-0.15122768,-0.09614073,-0.08910369,-0.12408848,-0.11037118,-0.1377331,-0.15043849,-0.17022038,-0.14265522,-0.11593749,-0.17359504,-0.15154833,-0.14201075,-0.12552285,-0.14146078,-0.17466888,-0.13176009,-0.13204607,-0.14548722,-0.122881755,-0.08722703,-0.05825615,-0.1432355,-0.17082691,-0.026243303,-0.16703978,-0.2829064,-0.31316653,-0.1998259,-0.14545065,-0.14331596,-0.14862512,-0.12963767,-0.25088155,-0.19431555,-0.18841521,-0.09441125,-0.10910867,-0.10702289,-0.09370877,-0.12759323,-0.15269883,-0.15746465,-0.1670523,-0.12812386,-0.0969081,-0.16398169,-0.14293225,-0.11335766,-0.18846886,-0.1706479,-0.1538453,-0.12560087,-0.115196005,-0.11294718,-0.11662802,-0.17548813,-0.13826844,-0.13418621,-0.096878245,-0.121202014,-0.09142824,-0.12434345,-0.13513546,-0.063823454,-0.13877153,-0.11419349,-0.133605,-0.24483351,-0.2571875,-0.29957527,-0.1461283,-0.15655911,-0.13217741,-0.19104545,-0.0782174,-0.17250875,-0.16400084,-0.09859173,-0.11065883,-0.113836125,-0.076612435,-0.083404,-0.1213824,-0.13072303,-0.13855581,-0.19385117,-0.099216014,-0.15552059,-0.19487974,-0.19107005,-0.18702997,-0.11099662,-0.14270283,-0.10262939,-0.15863895,-0.19450699,-0.1726841,-0.16884744,-0.14262412,-0.14248528,-0.10209808,-0.1530346,-0.16138951,-0.18095562,-0.19554806,-0.12093121,-0.14690611,-0.113379195,-0.07973647,-0.14332366,-0.20725825,-0.16054113,-0.125103,-0.15657571,-0.15690626,-0.14360093,-0.19202894,-0.16231892,-0.1814764,-0.2963242,-0.20034286,-0.18143398,-0.17158133,-0.19344506,-0.15765753,-0.14054683,-0.13016579,-0.12557748,-0.13813528,-0.16368994,-0.30584824,-0.1667366,-0.18076408,-0.19275238,-0.11441202,-0.15011469,-0.14041188,-0.17788963,-0.16673042,-0.16422763,-0.14331086,-0.18237996,-0.1284704,-0.15324675,-0.13818255,-0.24156228,-0.17938107,-0.10312728,-0.13505127,-0.14165607,-0.17405412,-0.11016245,-0.1343276,-0.15157542,-0.15975781,-0.18180126,-0.15384156,-0.14892474,-0.19184028,-0.17526108,-0.16352026,-0.14723541,-0.14623587,-0.11499533,-0.10471026,-0.13493006,-0.20148799,-0.1766325,-0.12513243,-0.1655876,-0.18041904,-0.18738703,-0.11705899,-0.17573471,-0.26110446,-0.092555836,-0.09208923,-0.114700094,-0.13587949,-0.1479084,-0.09852035,-0.18864472
k__Bacteria|p__Actinobacteria|c__Coriobacteriia|o__Coriobacteriales|f__Atopobiaceae|g__Olsenella|s__Olsenella_uli,-0.1004395,-0.12316422,-0.14218557,-0.20428483,-0.16690338,-0.19356054,-0.1666669,-0.14475088,-0.12489523,-0.18273988,-0.18332696,-0.23264952,-0.17010999,-0.20697603,-0.103434704,-0.10006566,-0.058144663,-0.09951658,-0.108054645,-0.17048094,-0.1978925,-0.12536043,-0.13600913,-0.15176564,-0.17149979,-0.11658599,-0.16680901,-0.17326285,-0.1509206,-0.12124001,-0.13480416,-0.10627757,-0.14821032,-0.19619134,-0.1890101,-0.2175087,-0.16103442,-0.22338755,-0.1977432,-0.29867563,-0.29210672,-0.198657,-0.10728221,-0.09162698,-0.13691942,-0.15499783,-0.23188588,-0.1937844,-0.14655241,-0.2026537,-0.1832718,-0.18279888,-0.19777407,-0.20005548,-0.20586553,-0.15701137,-0.12573275,-0.1437042,-0.09202275,-0.0958793,-0.17076537,-0.14191596,-0.13743341,-0.14682068,-0.12719077,-0.15102434,-0.2613474,-0.22333384,-0.18850303,-0.20047067,-0.14538836,-0.14899622,-0.13096187,-0.14280537,-0.15021299,-0.16339527,-0.14606339,-0.16278498,-0.15938899,-0.14998752,-0.14680684,-0.15717274,-0.15293573,-0.22480208,-0.120334074,-0.14135635,-0.11846396,-0.16031952,-0.1736262,-0.15582144,-0.16766109,-0.11139822,-0.1388583,-0.13027036,-0.1283103,-0.15152657,-0.14196977,-0.11527452,-0.10065024,-0.09075226,-0.10553384,-0.120500736,-0.13492247,-0.15027548,-0.15983653,-0.1185138,-0.11129953,-0.1578567,-0.17738779,-0.13371316,-0.16431333,-0.25953975,-0.14855725,-0.13282241,-0.14191899,-0.15095688,-0.17780018,-0.16395962,-0.22917573,-0.09015879,-0.10999784,-0.13464534,-0.12977292,-0.13997786,-0.1736668,-0.13908121,-0.16057305,-0.12777606,-0.07092635,-0.03704006,-0.13712737,-0.16170944,-0.17841153,-0.14332479,-0.12334781,-0.13548338,-0.12023825,-0.13818565,-0.25318068,-0.26654312,-0.08363145,-0.10945694,-0.14409474,-0.09238048,-0.18740791,-0.1903094,-0.15321,-0.090485394,-0.13230102,-0.14938927,-0.15026575,-0.1588233,-0.17036372,-0.18303056,-0.08832775,-0.12377398,-0.14108473,-0.10256614,-0.17951453,-0.19495486,-0.19104883,-0.10019511,-0.13113372,-0.08054064,-0.1279923,-0.19006202,-0.19329932,-0.19166301,-0.12301178,-0.075675905,-0.097371876,-0.11881794,-0.13644338,-0.12406494,-0.121451,-0.09487684,-0.0970865,-0.10859722,-0.082459606,-0.11299282,-0.13203989,-0.16652493,-0.1410757,-0.13636085,-0.18093297,-0.17825818,-0.19464137,-0.14483762,-0.15549555,-0.1353775,-0.119081676,-0.14001076,-0.19117098,-0.19159909,-0.18140146,-0.19755594,-0.25103784,-0.20219928,-0.18980229,-0.19110769,-0.18250121,-0.17418995,-0.27554205,-0.08916744,-0.11956477,-0.12780195,-0.15751183,-0.20931396,-0.18224281,-0.29657933,-0.32474133,-0.15416545,-0.3242122,-0.17325558,-0.17108874,-0.2185038,-0.17647925,-0.114121355,-0.13994628,-0.15388772,-0.15788373,-0.22984435,-0.18186735,-0.2610287,-0.10460292,-0.12455491,-0.13821179,-0.12398735,-0.15189947,-0.1545718,-0.15561289,-0.14014931,-0.15141064,-0.162444,-0.15509994,-0.15320933,-0.15318151,-0.13415459,-0.12291588,-0.14601928,-0.18963657,-0.17707999,-0.21025829,-0.3990198,-0.20466718,-0.11347678,-0.1296617,-0.11859283,-0.14769393,-0.16636807,-0.18579426,-0.19142705,-0.13156,-0.07700115,-0.15266463,-0.13965654,-0.14106366,-0.11747639,-0.19987361,-0.1649412,-0.15857634,-0.14183381,-0.123664305,-0.12722544,-0.14610182,-0.2588673,-0.10750319,-0.13074079,-0.09132757,-0.12832497,-0.12880632,-0.1494725,-0.15122363,-0.096395425,-0.08910369,-0.124244556,-0.11069374,-0.13783255,-0.15056314,-0.17011033,-0.14271761,-0.11621925,-0.17349236,-0.15164316,-0.14212956,-0.12575364,-0.14140537,-0.17466888,-0.13176009,-0.13214886,-0.14557369,-0.12303038,-0.08722703,-0.05825615,-0.14329095,-0.17082691,-0.026243303,-0.16689838,-0.2829064,-0.31316653,-0.19928977,-0.14549778,-0.14331596,-0.14862512,-0.12963767,-0.25088155,-0.19415662,-0.18822803,-0.09477765,-0.1092533,-0.10702289,-0.09387617,-0.12759323,-0.15271807,-0.15746465,-0.16690615,-0.12812386,-0.0969081,-0.16398169,-0.1430022,-0.11335766,-0.18846886,-0.1706479,-0.15389332,-0.1256778,-0.115196005,-0.113077335,-0.11662802,-0.1753821,-0.13832091,-0.13433564,-0.096878245,-0.12135653,-0.09176518,-0.12434345,-0.13524875,-0.063823454,-0.13877153,-0.11419349,-0.13379356,-0.24483351,-0.2571875,-0.29957527,-0.14615771,-0.15656832,-0.13225111,-0.19104545,-0.0782174,-0.1723507,-0.16396956,-0.09859173,-0.11065883,-0.114051715,-0.076612435,-0.083404,-0.1213824,-0.13072303,-0.13855581,-0.19385117,-0.09945339,-0.15545231,-0.19487974,-0.19093268,-0.18685943,-0.11123391,-0.14287636,-0.10284942,-0.15852264,-0.19422424,-0.17233907,-0.16896641,-0.14271185,-0.14252692,-0.10236037,-0.1530634,-0.1613321,-0.18087202,-0.19536397,-0.121125296,-0.1469337,-0.11357021,-0.08003988,-0.14321947,-0.20725825,-0.16054843,-0.125103,-0.15657571,-0.15690626,-0.14362031,-0.19202894,-0.16233084,-0.18136778,-0.2963242,-0.20026624,-0.18138108,-0.171785,-0.19342308,-0.15775159,-0.14054683,-0.13032505,-0.12557748,-0.13825408,-0.16372812,-0.30584824,-0.16665296,-0.18080948,-0.19260982,-0.11441202,-0.15023816,-0.14056137,-0.17774038,-0.166668,-0.16418418,-0.14331086,-0.18237996,-0.12856184,-0.15322484,-0.13812023,-0.24156228,-0.1794814,-0.10336942,-0.13521281,-0.14168526,-0.17400059,-0.11046315,-0.13449533,-0.1515503,-0.15967669,-0.18176606,-0.1537739,-0.14898425,-0.19184028,-0.17526239,-0.16341774,-0.14723541,-0.14623587,-0.11499533,-0.10471026,-0.13502623,-0.20148799,-0.17658822,-0.12513243,-0.16553965,-0.18041904,-0.18738703,-0.11705899,-0.17545244,-0.26090157,-0.09282733,-0.0923883,-0.11493884,-0.13596484,-0.14797674,-0.09888257,-0.1884812
k__Bacteria|p__Actinobacteria|c__Coriobacteriia|o__Coriobacteriales|f__Atopobiaceae|g__Olsenella|s__Olsenella_urininfantis,-0.1004395,-0.12316422,-0.14222325,-0.20428483,-0.16704653,-0.19364494,-0.1666669,-0.14488843,-0.12498173,-0.18308026,-0.18345836,-0.23184584,-0.16949369,-0.20676583,-0.10329416,-0.09981051,-0.058144663,-0.09962025,-0.10798896,-0.17076164,-0.1978925,-0.12536043,-0.13617101,-0.15200672,-0.171601,-0.11658599,-0.16708222,-0.1735087,-0.1509206,-0.12124001,-0.13491578,-0.10612493,-0.14835374,-0.1962238,-0.189148,-0.2175087,-0.16109273,-0.22338755,-0.19771981,-0.29867563,-0.29210672,-0.19877261,-0.107206754,-0.09162698,-0.13691942,-0.15510172,-0.23188588,-0.1939586,-0.14653724,-0.2026537,-0.18344359,-0.18279888,-0.19800156,-0.19999093,-0.20576766,-0.15704873,-0.12577671,-0.1437816,-0.09205218,-0.0958249,-0.17100896,-0.14210923,-0.13743341,-0.1469086,-0.12719077,-0.15114218,-0.2613474,-0.22333384,-0.18877664,-0.20047067,-0.14553589,-0.14911371,-0.13099512,-0.14293432,-0.15043488,-0.16368155,-0.14614919,-0.16278498,-0.1594559,-0.14998752,-0.14700426,-0.157253,-0.15314044,-0.22480208,-0.120334074,-0.14146823,-0.118494645,-0.16059226,-0.17382991,-0.15591553,-0.16784033,-0.11139822,-0.1388583,-0.13027036,-0.12843215,-0.15152657,-0.14216238,-0.11528074,-0.10065024,-0.09065501,-0.10549437,-0.120534725,-0.13499989,-0.15027548,-0.16000047,-0.1185138,-0.11129953,-0.1578567,-0.17738779,-0.1337758,-0.16446355,-0.25953975,-0.14863527,-0.13284545,-0.14197123,-0.15095688,-0.17780018,-0.16400766,-0.22917573,-0.09015879,-0.110071145,-0.13474551,-0.12979165,-0.13997786,-0.17379788,-0.13908121,-0.16057305,-0.12777606,-0.07092635,-0.03704006,-0.13724923,-0.16192003,-0.17861655,-0.14332479,-0.12334781,-0.13554227,-0.12023825,-0.13828856,-0.25318068,-0.26654312,-0.083544776,-0.10945694,-0.14422148,-0.09238048,-0.18764234,-0.1904974,-0.15316442,-0.09040347,-0.13230102,-0.1495131,-0.15038033,-0.15896684,-0.1705451,-0.18325791,-0.08819892,-0.12381566,-0.14117324,-0.10256614,-0.17951453,-0.19495486,-0.19112408,-0.10015734,-0.13113372,-0.08039537,-0.12803225,-0.19006202,-0.19345567,-0.19176626,-0.12311062,-0.075491615,-0.097282946,-0.11877917,-0.13651514,-0.12406494,-0.121451,-0.094757795,-0.09689685,-0.108551174,-0.082459606,-0.112948686,-0.13212341,-0.1667127,-0.1410757,-0.13641316,-0.18093297,-0.17825818,-0.19465896,-0.14489502,-0.15549555,-0.13543895,-0.119081676,-0.14001076,-0.19117098,-0.19164118,-0.18160988,-0.19755594,-0.25103784,-0.20219928,-0.18999873,-0.19130227,-0.18261166,-0.17430508,-0.27554205,-0.08916744,-0.11956477,-0.12787214,-0.15751183,-0.20931396,-0.18224281,-0.29657933,-0.32474133,-0.15390104,-0.3242122,-0.17325558,-0.17108874,-0.2185038,-0.17647925,-0.114121355,-0.14001566,-0.15388772,-0.15788373,-0.22984435,-0.18186735,-0.2601302,-0.104552425,-0.12455491,-0.13835075,-0.12407106,-0.15189947,-0.15476564,-0.15575032,-0.14014931,-0.15141064,-0.1626949,-0.15524119,-0.15335873,-0.15325251,-0.1340764,-0.12295385,-0.14618148,-0.18993926,-0.17718676,-0.21025829,-0.3990198,-0.20459646,-0.11343937,-0.1296617,-0.11862139,-0.1478408,-0.16636807,-0.18611303,-0.19156832,-0.13162707,-0.076839074,-0.15287799,-0.13971972,-0.14106366,-0.117684506,-0.19987361,-0.1649412,-0.15866488,-0.1418528,-0.12367911,-0.12722544,-0.14610182,-0.2588673,-0.10745552,-0.13074079,-0.09132757,-0.12832497,-0.12893671,-0.14964211,-0.15136555,-0.09632028,-0.08910369,-0.12431217,-0.11068329,-0.13792133,-0.15073025,-0.1702417,-0.14282498,-0.11627115,-0.1737482,-0.1517829,-0.14225373,-0.12572792,-0.14150248,-0.17466888,-0.13176009,-0.13220607,-0.1456851,-0.12296248,-0.08722703,-0.05825615,-0.14336714,-0.17082691,-0.026243303,-0.1669752,-0.2829064,-0.31316653,-0.19928321,-0.14559244,-0.14331596,-0.14862512,-0.12963767,-0.25088155,-0.19421236,-0.18838048,-0.0946915,-0.10925311,-0.10702289,-0.093849614,-0.12759323,-0.15287107,-0.15746465,-0.16698894,-0.12812386,-0.0969081,-0.16398169,-0.14324388,-0.11335766,-0.18846886,-0.1706479,-0.15395442,-0.12571415,-0.115196005,-0.11304625,-0.11662802,-0.17555809,-0.1384052,-0.13433981,-0.096878245,-0.1213243,-0.09171004,-0.12434345,-0.13538775,-0.063823454,-0.13877153,-0.11419349,-0.133878,-0.24483351,-0.2571875,-0.29957527,-0.14624345,-0.15670267,-0.13235223,-0.19104545,-0.0782174,-0.17243613,-0.16414857,-0.09859173,-0.11065883,-0.11414581,-0.076612435,-0.083404,-0.1213824,-0.13072303,-0.13855581,-0.19385117,-0.09935758,-0.15565902,-0.19487974,-0.19112581,-0.18698832,-0.111222796,-0.14298534,-0.10283905,-0.15879366,-0.19437136,-0.1726208,-0.16904971,-0.14279217,-0.14255485,-0.10226353,-0.15323335,-0.16148272,-0.18100959,-0.19537222,-0.12115642,-0.14705622,-0.11357795,-0.080027334,-0.14343396,-0.20725825,-0.16063568,-0.125103,-0.15657571,-0.15690626,-0.14369856,-0.19202894,-0.16251713,-0.18158329,-0.2963242,-0.19988796,-0.18152526,-0.17189543,-0.19352604,-0.1578108,-0.14054683,-0.13037434,-0.12557748,-0.13831352,-0.16380641,-0.30584824,-0.1668793,-0.1809589,-0.19270375,-0.11441202,-0.15043929,-0.14064746,-0.17797184,-0.16686216,-0.16427642,-0.14331086,-0.18237996,-0.12854096,-0.15342824,-0.13817476,-0.24156228,-0.17953825,-0.10331793,-0.13531226,-0.14181075,-0.17422041,-0.110406816,-0.13462314,-0.15172797,-0.15977319,-0.18193522,-0.15396246,-0.14916483,-0.19184028,-0.17543705,-0.16359608,-0.14723541,-0.14623587,-0.11499533,-0.10471026,-0.13516584,-0.20148799,-0.1767352,-0.12513243,-0.16571209,-0.18041904,-0.18738703,-0.11705899,-0.17565347,-0.2605353,-0.092711374,-0.0923069,-0.11493942,-0.13603167,-0.14806806,-0.09878511,-0.18869892
k__Bacteria|p__Actinobacteria|c__Coriobacteriia|o__Coriobacteriales|f__Coriobacteriaceae|g__GGB9399|s__GGB9399_SGB14744,-0.1004395,-0.12316422,-0.14084023,-0.20428483,-0.16671744,-0.19254643,-0.1666669,-0.14483957,-0.12487837,-0.1836084,-0.18237594,-0.21200234,-0.16902643,-0.19951043,-0.10246422,-0.097736984,-0.058144663,-0.09947185,-0.107261546,-0.17073749,-0.1978925,-0.12536043,-0.13642178,-0.15242389,-0.17078424,-0.11658599,-0.16770491,-0.17399648,-0.1509206,-0.12124001,-0.13502955,-0.10482687,-0.14797258,-0.194049,-0.18840916,-0.2175087,-0.16054514,-0.22338755,-0.195191,-0.29867563,-0.29210672,-0.19624233,-0.10675408,-0.09162698,-0.13691942,-0.15472001,-0.23188588,-0.19309765,-0.14625871,-0.2026537,-0.18418145,-0.18279888,-0.1949664,-0.1951047,-0.19810005,-0.15811017,-0.12534644,-0.14335349,-0.09228465,-0.09519308,-0.17118996,-0.14241782,-0.13743341,-0.14660369,-0.12719077,-0.15110031,-0.2613474,-0.22333384,-0.1885567,-0.20047067,-0.14546928,-0.14901152,-0.12997162,-0.14213902,-0.1507037,-0.16399466,-0.14672542,-0.16278498,-0.1589281,-0.14998752,-0.14728248,-0.15650803,-0.15313296,-0.22480208,-0.120334074,-0.1412556,-0.118039176,-0.16108753,-0.17389318,-0.1550233,-0.16802864,-0.11139822,-0.1388583,-0.13027036,-0.12868434,-0.15152657,-0.1430918,-0.11540158,-0.10065024,-0.08998632,-0.10514364,-0.120086715,-0.13477147,-0.15027548,-0.16036107,-0.1185138,-0.11129953,-0.1578567,-0.17738779,-0.1325,-0.16294108,-0.25953975,-0.14843726,-0.13209791,-0.14069748,-0.15095688,-0.17780018,-0.16298835,-0.22917573,-0.09015879,-0.11022331,-0.13440102,-0.12906557,-0.13997786,-0.17322385,-0.13908121,-0.16057305,-0.12777606,-0.07092635,-0.03704006,-0.13678679,-0.16212206,-0.17859355,-0.14332479,-0.12334781,-0.13564879,-0.12023825,-0.13781762,-0.25318068,-0.26654312,-0.08329455,-0.10945694,-0.14415267,-0.09238048,-0.18755022,-0.18936667,-0.15235275,-0.09003254,-0.13230102,-0.14938352,-0.14992207,-0.15854204,-0.17017888,-0.18356141,-0.08737567,-0.12325793,-0.14049192,-0.10256614,-0.17951453,-0.19495486,-0.19021371,-0.0998268,-0.13113372,-0.07801913,-0.1275024,-0.19006202,-0.19249845,-0.19074503,-0.123497725,-0.07503694,-0.09644339,-0.117726326,-0.13619487,-0.12406494,-0.121451,-0.09384793,-0.09595192,-0.10797073,-0.082459606,-0.11226897,-0.13225983,-0.16701503,-0.1410757,-0.13614649,-0.18093297,-0.17825818,-0.19265792,-0.14410913,-0.15549555,-0.13498682,-0.119081676,-0.14001076,-0.19117098,-0.18975076,-0.1806024,-0.19755594,-0.25103784,-0.20219928,-0.19011208,-0.19032557,-0.18189323,-0.1729078,-0.27554205,-0.08916744,-0.11956477,-0.12790528,-0.15751183,-0.20931396,-0.18224281,-0.29657933,-0.32474133,-0.15143755,-0.3242122,-0.17325558,-0.17108874,-0.2185038,-0.17647925,-0.114121355,-0.13957888,-0.15388772,-0.15788373,-0.22984435,-0.18186735,-0.24759564,-0.103929386,-0.12455491,-0.13842407,-0.124080524,-0.15189947,-0.15511003,-0.15619059,-0.14014931,-0.15141064,-0.16311371,-0.1550908,-0.1532723,-0.15242831,-0.1331988,-0.1229295,-0.14637189,-0.18996722,-0.17658359,-0.21025829,-0.3990198,-0.19861558,-0.11312957,-0.1296617,-0.11779362,-0.14782378,-0.16636807,-0.1865361,-0.19101632,-0.13138707,-0.07626933,-0.15277776,-0.1395314,-0.14106366,-0.118728176,-0.19987361,-0.1649412,-0.15841569,-0.1405712,-0.12314965,-0.12722544,-0.14610182,-0.2588673,-0.106865734,-0.13074079,-0.09132757,-0.12832497,-0.12926349,-0.14990655,-0.15189812,-0.09592811,-0.08910369,-0.12390813,-0.110232405,-0.13753815,-0.15066141,-0.16985914,-0.14272517,-0.11651966,-0.17362998,-0.15176377,-0.14213882,-0.12472221,-0.1422382,-0.17466888,-0.13176009,-0.1318982,-0.14538874,-0.12244186,-0.08722703,-0.05825615,-0.14321691,-0.17082691,-0.026243303,-0.1655446,-0.2829064,-0.31316653,-0.1955891,-0.14543375,-0.14331596,-0.14862512,-0.12963767,-0.25088155,-0.19256783,-0.18796398,-0.09447801,-0.10890578,-0.10702289,-0.09302406,-0.12759323,-0.1528432,-0.15746465,-0.16656694,-0.12812386,-0.0969081,-0.16398169,-0.14384803,-0.11335766,-0.18846886,-0.1706479,-0.15348381,-0.12536228,-0.115196005,-0.11229762,-0.11662802,-0.17586662,-0.1381732,-0.13382632,-0.096878245,-0.1202699,-0.09161141,-0.12434345,-0.13624366,-0.063823454,-0.13877153,-0.11419349,-0.1332944,-0.24483351,-0.2571875,-0.29957527,-0.14570822,-0.15624666,-0.13171118,-0.19104545,-0.0782174,-0.17122392,-0.16385972,-0.09859173,-0.11065883,-0.115052,-0.076612435,-0.083404,-0.1213824,-0.13072303,-0.13855581,-0.19385117,-0.09835206,-0.15535307,-0.19487974,-0.19053781,-0.18601196,-0.111140415,-0.14270583,-0.102988794,-0.1591222,-0.19307783,-0.1722304,-0.16856842,-0.1424951,-0.14187366,-0.10101671,-0.15292467,-0.16133693,-0.18027803,-0.19370946,-0.12106189,-0.14710686,-0.11374489,-0.07985948,-0.14229643,-0.20725825,-0.16061777,-0.125103,-0.15657571,-0.15690626,-0.14323165,-0.19202894,-0.16242196,-0.18184137,-0.2963242,-0.19423646,-0.17988291,-0.17122461,-0.19162503,-0.15669324,-0.14054683,-0.12994868,-0.12557748,-0.13801168,-0.16212821,-0.30584824,-0.1663332,-0.18046954,-0.19212401,-0.11441202,-0.15049046,-0.14038354,-0.17763837,-0.16645429,-0.16431104,-0.14331086,-0.18237996,-0.12776282,-0.15267235,-0.13609155,-0.24156228,-0.17901115,-0.10289029,-0.13499603,-0.14168245,-0.1740955,-0.11015209,-0.13426271,-0.15236762,-0.15954165,-0.18125653,-0.15375096,-0.14886752,-0.19184028,-0.17503,-0.16417426,-0.14723541,-0.14623587,-0.11499533,-0.10471026,-0.13471673,-0.20148799,-0.1769364,-0.12513243,-0.16549236,-0.18041904,-0.18738703,-0.11705899,-0.17597663,-0.25525844,-0.092098966,-0.091925055,-0.11427889,-0.13552664,-0.14734629,-0.09801723,-0.18858135
k__Bacteria|p__Actinobacteria|c__Coriobacteriia|o__Eggerthellales|f__Eggerthellaceae|g__Gordonibacter|s__Gordonibacter_sp_An232A,-0.1004395,-0.12316422,-0.14197305,-0.20428483,-0.16659331,-0.19532427,-0.1666669,-0.14602792,-0.1252995,-0.18588942,-0.18399596,-0.2280259,-0.17032531,-0.20532015,-0.10299127,-0.09859787,-0.058144663,-0.09977623,-0.10736948,-0.17231637,-0.1978925,-0.12536043,-0.13701937,-0.15359467,-0.17270924,-0.11658599,-0.16827741,-0.17543304,-0.1509206,-0.12124001,-0.13548702,-0.10533866,-0.14904657,-0.19776043,-0.1912151,-0.2175087,-0.16027418,-0.22338755,-0.1978792,-0.29867563,-0.29210672,-0.20070544,-0.10718128,-0.09162698,-0.13691942,-0.15529108,-0.23188588,-0.19476247,-0.14746773,-0.2026537,-0.18350762,-0.18279888,-0.19895494,-0.20069201,-0.2072291,-0.15996195,-0.12620586,-0.14466456,-0.0920473,-0.09552624,-0.1727791,-0.14349547,-0.13743341,-0.14764927,-0.12719077,-0.1521559,-0.2613474,-0.22333384,-0.18967557,-0.20047067,-0.1468535,-0.15008368,-0.13126476,-0.14366713,-0.15280984,-0.16562586,-0.14808649,-0.16278498,-0.1591882,-0.14998752,-0.14782955,-0.15770254,-0.15443796,-0.22480208,-0.120334074,-0.14213184,-0.118395425,-0.16254383,-0.17563692,-0.15604824,-0.1695826,-0.11139822,-0.1388583,-0.13027036,-0.12959227,-0.15152657,-0.1432415,-0.115885146,-0.10065024,-0.090130836,-0.10581808,-0.1210769,-0.1356552,-0.15027548,-0.16150883,-0.1185138,-0.11129953,-0.1578567,-0.17738779,-0.13492545,-0.16484727,-0.25953975,-0.14924587,-0.13275704,-0.14240022,-0.15095688,-0.17780018,-0.16386943,-0.22917573,-0.09015879,-0.10986748,-0.13525416,-0.13034272,-0.13997786,-0.17450279,-0.13908121,-0.16057305,-0.12777606,-0.07092635,-0.03704006,-0.13750775,-0.16353522,-0.18023477,-0.14332479,-0.12334781,-0.13611522,-0.12023825,-0.13927904,-0.25318068,-0.26654312,-0.08295331,-0.10945694,-0.14593428,-0.09238048,-0.18913199,-0.19143754,-0.15329194,-0.08977941,-0.13230102,-0.15017146,-0.15097806,-0.15996628,-0.17170973,-0.18609898,-0.08707696,-0.12423585,-0.14126906,-0.10256614,-0.17951453,-0.19495486,-0.19331935,-0.100277305,-0.13113372,-0.07986896,-0.12885475,-0.19006202,-0.19487587,-0.193131,-0.12393226,-0.07438419,-0.09720078,-0.118845314,-0.13725291,-0.12406494,-0.121451,-0.0942356,-0.09638451,-0.108577825,-0.082459606,-0.113475524,-0.13314945,-0.16853407,-0.1410757,-0.13648362,-0.18093297,-0.17825818,-0.1955802,-0.14549562,-0.15549555,-0.13636047,-0.119081676,-0.14001076,-0.19117098,-0.191866,-0.18221548,-0.19755594,-0.25103784,-0.20219928,-0.19090582,-0.19198935,-0.18389627,-0.17468223,-0.27554205,-0.08916744,-0.11956477,-0.12791596,-0.15751183,-0.20931396,-0.18224281,-0.29657933,-0.32474133,-0.1510351,-0.3242122,-0.17325558,-0.17108874,-0.2185038,-0.17647925,-0.114121355,-0.13993567,-0.15388772,-0.15788373,-0.22984435,-0.18186735,-0.25992355,-0.10429765,-0.12455491,-0.13919534,-0.124802224,-0.15189947,-0.15639046,-0.15763767,-0.14014931,-0.15141064,-0.1647275,-0.15568915,-0.15456307,-0.15368322,-0.13438989,-0.12346169,-0.14710763,-0.1925348,-0.1780689,-0.21025829,-0.3990198,-0.20630488,-0.11362533,-0.1296617,-0.119417116,-0.14909157,-0.16636807,-0.18860519,-0.1930967,-0.13146995,-0.076442376,-0.15483609,-0.14029494,-0.14106366,-0.11849143,-0.19987361,-0.1649412,-0.15851614,-0.14197478,-0.12387735,-0.12722544,-0.14610182,-0.2588673,-0.1071243,-0.13074079,-0.09132757,-0.12832497,-0.13004398,-0.15023273,-0.15296456,-0.09610146,-0.08910369,-0.124950215,-0.110472865,-0.13836256,-0.15155701,-0.17186826,-0.1436791,-0.11639455,-0.17507982,-0.15260234,-0.14311081,-0.12555492,-0.14347467,-0.17466888,-0.13176009,-0.1330035,-0.14665166,-0.123336755,-0.08722703,-0.05825615,-0.14428328,-0.17082691,-0.026243303,-0.1660383,-0.2829064,-0.31316653,-0.20111656,-0.14641453,-0.14331596,-0.14862512,-0.12963767,-0.25088155,-0.1951563,-0.19040698,-0.09450364,-0.10962252,-0.10702289,-0.09507908,-0.12759323,-0.15381932,-0.15746465,-0.16814953,-0.12812386,-0.0969081,-0.16398169,-0.14480206,-0.11335766,-0.18846886,-0.1706479,-0.1542843,-0.12624174,-0.115196005,-0.113545924,-0.11662802,-0.17769012,-0.1392689,-0.13516462,-0.096878245,-0.121567875,-0.09174554,-0.12434345,-0.13636708,-0.063823454,-0.13877153,-0.11419349,-0.13426553,-0.24483351,-0.2571875,-0.29957527,-0.14691998,-0.15774988,-0.13322505,-0.19104545,-0.0782174,-0.17408204,-0.16541514,-0.09859173,-0.11065883,-0.11487387,-0.076612435,-0.083404,-0.1213824,-0.13072303,-0.13855581,-0.19385117,-0.09896366,-0.15660077,-0.19487974,-0.19228983,-0.18851441,-0.1113373,-0.14313017,-0.10352048,-0.16121289,-0.19588408,-0.17538443,-0.16987044,-0.1433838,-0.14320363,-0.10119157,-0.15432186,-0.16231558,-0.18197142,-0.196677,-0.12179971,-0.14845595,-0.11378935,-0.079978496,-0.14412749,-0.20725825,-0.16123772,-0.125103,-0.15657571,-0.15690626,-0.14384586,-0.19202894,-0.16331431,-0.18379155,-0.2963242,-0.19745003,-0.18261197,-0.17205971,-0.19409701,-0.15821132,-0.14054683,-0.13074249,-0.12557748,-0.13878825,-0.16325472,-0.30584824,-0.16731326,-0.18289131,-0.19377959,-0.11441202,-0.15178558,-0.14082691,-0.1790969,-0.16802236,-0.16568479,-0.14331086,-0.18237996,-0.12831378,-0.15408668,-0.13843745,-0.24156228,-0.17941526,-0.10309472,-0.13516995,-0.14315403,-0.1759969,-0.11000742,-0.13512087,-0.1540087,-0.16083057,-0.18223065,-0.15584521,-0.15012115,-0.19184028,-0.17607857,-0.16567025,-0.14723541,-0.14623587,-0.11499533,-0.10471026,-0.13606799,-0.20148799,-0.17818876,-0.12513243,-0.16498914,-0.18041904,-0.18738703,-0.11705899,-0.1796497,-0.26216686,-0.09215382,-0.092041776,-0.11475639,-0.1369981,-0.14890572,-0.09834252,-0.19099301
k__Bacteria|p__Actinobacteria|c__Coriobacteriia|o__Eggerthellales|f__Eggerthellaceae|g__GGB45432|s__GGB45432_SGB63101,-0.1004395,-0.12316422,-0.14165995,-0.20428483,-0.16707492,-0.19302338,-0.1666669,-0.14481401,-0.12516671,-0.18318313,-0.18325886,-0.22061771,-0.16904144,-0.20280015,-0.10286871,-0.0987841,-0.058144663,-0.09910171,-0.10762321,-0.17052639,-0.1978925,-0.12536043,-0.13597807,-0.15184763,-0.17104103,-0.11658599,-0.16748863,-0.17345217,-0.1509206,-0.12124001,-0.13509257,-0.105572715,-0.14821115,-0.19503722,-0.18857867,-0.2175087,-0.16111335,-0.22338755,-0.1969217,-0.29867563,-0.29210672,-0.1971415,-0.106847584,-0.09162698,-0.13691942,-0.15500122,-0.23188588,-0.1935647,-0.1462414,-0.2026537,-0.18457383,-0.18279888,-0.19658849,-0.19696695,-0.20087352,-0.1567652,-0.12538049,-0.14335762,-0.09186663,-0.09530981,-0.17087266,-0.14196643,-0.13743341,-0.14666884,-0.12719077,-0.15133533,-0.2613474,-0.22333384,-0.18860617,-0.20047067,-0.14516515,-0.14892788,-0.13032553,-0.14223838,-0.14977802,-0.16339359,-0.14622855,-0.16278498,-0.15952444,-0.14998752,-0.14699596,-0.15692729,-0.152901,-0.22480208,-0.120334074,-0.14128755,-0.11810638,-0.16043657,-0.17354435,-0.15558922,-0.16786382,-0.11139822,-0.1388583,-0.13027036,-0.1283337,-0.15152657,-0.14271176,-0.11522582,-0.10065024,-0.09031485,-0.10508001,-0.12006305,-0.13467875,-0.15027548,-0.16003597,-0.1185138,-0.11129953,-0.1578567,-0.17738779,-0.13282138,-0.16396621,-0.25953975,-0.14858526,-0.13258001,-0.14129421,-0.15095688,-0.17780018,-0.16378997,-0.22917573,-0.09015879,-0.110195905,-0.13455832,-0.12923366,-0.13997786,-0.17369303,-0.13908121,-0.16057305,-0.12777606,-0.07092635,-0.03704006,-0.13707767,-0.1617509,-0.1785384,-0.14332479,-0.12334781,-0.13581207,-0.12023825,-0.13782376,-0.25318068,-0.26654312,-0.08324838,-0.10945694,-0.14385672,-0.09238048,-0.18765152,-0.18997166,-0.15288897,-0.09005188,-0.13230102,-0.1494455,-0.15009464,-0.15856604,-0.17021358,-0.18292344,-0.087741055,-0.123325594,-0.14075366,-0.10256614,-0.17951453,-0.19495486,-0.1903576,-0.099834405,-0.13113372,-0.078767225,-0.1275199,-0.19006202,-0.19277766,-0.191264,-0.12302162,-0.07525331,-0.09676721,-0.118235074,-0.1362811,-0.12406494,-0.121451,-0.09413624,-0.096455544,-0.108243495,-0.082459606,-0.11249916,-0.13200453,-0.16664466,-0.1410757,-0.13642041,-0.18093297,-0.17825818,-0.1936864,-0.14444622,-0.15549555,-0.13499212,-0.119081676,-0.14001076,-0.19117098,-0.19080502,-0.18121454,-0.19755594,-0.25103784,-0.20219928,-0.19023626,-0.1911039,-0.18228546,-0.17387995,-0.27554205,-0.08916744,-0.11956477,-0.12815574,-0.15751183,-0.20931396,-0.18224281,-0.29657933,-0.32474133,-0.15491894,-0.3242122,-0.17325558,-0.17108874,-0.2185038,-0.17647925,-0.114121355,-0.13998994,-0.15388772,-0.15788373,-0.22984435,-0.18186735,-0.25417015,-0.10409762,-0.12455491,-0.13836217,-0.12387851,-0.15189947,-0.15452474,-0.15566489,-0.14014931,-0.15141064,-0.16246796,-0.15516779,-0.15315591,-0.15297213,-0.13366318,-0.12287553,-0.14625737,-0.18955445,-0.17673233,-0.21025829,-0.3990198,-0.20135686,-0.11319934,-0.1296617,-0.11794596,-0.14770356,-0.16636807,-0.18608409,-0.19137383,-0.13167195,-0.076382354,-0.15253913,-0.13967599,-0.14106366,-0.11782737,-0.19987361,-0.1649412,-0.15894794,-0.14130765,-0.123357974,-0.12722544,-0.14610182,-0.2588673,-0.107101545,-0.13074079,-0.09132757,-0.12832497,-0.12871593,-0.14975215,-0.15132129,-0.09595935,-0.08910369,-0.12396988,-0.11036402,-0.1376344,-0.15067035,-0.16978298,-0.14269073,-0.11641237,-0.1736246,-0.15174314,-0.1419608,-0.12524581,-0.14154553,-0.17466888,-0.13176009,-0.13192552,-0.14546368,-0.122546144,-0.08722703,-0.05825615,-0.14329812,-0.17082691,-0.026243303,-0.16710415,-0.2829064,-0.31316653,-0.19738564,-0.1453573,-0.14331596,-0.14862512,-0.12963767,-0.25088155,-0.19319504,-0.18799135,-0.09443846,-0.108920306,-0.10702289,-0.092797205,-0.12759323,-0.15294258,-0.15746465,-0.16670635,-0.12812386,-0.0969081,-0.16398169,-0.14303324,-0.11335766,-0.18846886,-0.1706479,-0.15372187,-0.12538671,-0.115196005,-0.11242011,-0.11662802,-0.17556806,-0.13806477,-0.13387543,-0.096878245,-0.12070824,-0.091373466,-0.12434345,-0.13573462,-0.063823454,-0.13877153,-0.11419349,-0.13361183,-0.24483351,-0.2571875,-0.29957527,-0.14584228,-0.15635382,-0.13176292,-0.19104545,-0.0782174,-0.17185211,-0.16392979,-0.09859173,-0.11065883,-0.11449944,-0.076612435,-0.083404,-0.1213824,-0.13072303,-0.13855581,-0.19385117,-0.098429844,-0.1555172,-0.19487974,-0.19095087,-0.18641932,-0.11100575,-0.1429048,-0.10254781,-0.15857196,-0.19357595,-0.17176788,-0.16903813,-0.14257404,-0.14211704,-0.10179933,-0.153002,-0.16139339,-0.1809085,-0.19466504,-0.12086283,-0.14692384,-0.113837026,-0.0798031,-0.14260058,-0.20725825,-0.16065207,-0.125103,-0.15657571,-0.15690626,-0.1435892,-0.19202894,-0.1624546,-0.18146321,-0.2963242,-0.19835943,-0.18099204,-0.17178982,-0.1926971,-0.15740937,-0.14054683,-0.13005713,-0.12557748,-0.1381759,-0.16324548,-0.30584824,-0.16682845,-0.18056175,-0.19259161,-0.11441202,-0.15026963,-0.14048347,-0.17776638,-0.16652565,-0.16415462,-0.14331086,-0.18237996,-0.12835528,-0.15312973,-0.1370826,-0.24156228,-0.17979583,-0.10288104,-0.13528877,-0.1413659,-0.17392442,-0.11022587,-0.13441741,-0.15166573,-0.15946865,-0.18186073,-0.15332201,-0.14863905,-0.19184028,-0.1752466,-0.16355067,-0.14723541,-0.14623587,-0.11499533,-0.10471026,-0.13472576,-0.20148799,-0.17665178,-0.12513243,-0.16624773,-0.18041904,-0.18738703,-0.11705899,-0.1752944,-0.25844294,-0.09229834,-0.09196881,-0.11466462,-0.13557121,-0.14754245,-0.09831557,-0.18853688
k__Bacteria|p__Actinobacteria|c__Coriobacteriia|o__Eggerthellales|f__Eggerthellaceae|g__Eggerthella|s__Eggerthella_sinensis,-0.1004395,-0.12316422,-0.14207628,-0.20428483,-0.1670561,-0.19382681,-0.1666669,-0.14510709,-0.12546541,-0.18358968,-0.1840688,-0.22706652,-0.16936418,-0.20554242,-0.10340866,-0.09920132,-0.058144663,-0.0995035,-0.10796933,-0.17090064,-0.1978925,-0.12536043,-0.13630387,-0.15226203,-0.17167348,-0.11658599,-0.1675502,-0.17366755,-0.1509206,-0.12124001,-0.13513148,-0.106320456,-0.14851026,-0.1964624,-0.18945524,-0.2175087,-0.16071999,-0.22338755,-0.19733821,-0.29867563,-0.29210672,-0.19906518,-0.10734552,-0.09162698,-0.13691942,-0.15490359,-0.23188588,-0.19391495,-0.1469475,-0.2026537,-0.1839102,-0.18279888,-0.19802245,-0.19923575,-0.20454201,-0.15713206,-0.12589005,-0.14390853,-0.09205664,-0.09580623,-0.17150702,-0.14225948,-0.13743341,-0.14699456,-0.12719077,-0.15140182,-0.2613474,-0.22333384,-0.18904412,-0.20047067,-0.14575,-0.14935927,-0.13107263,-0.14296636,-0.15075818,-0.16386175,-0.14659402,-0.16278498,-0.15942198,-0.14998752,-0.14722005,-0.15729961,-0.15335026,-0.22480208,-0.120334074,-0.14155492,-0.11838772,-0.16098374,-0.17408122,-0.15578634,-0.1681236,-0.11139822,-0.1388583,-0.13027036,-0.128863,-0.15152657,-0.14277607,-0.11535263,-0.10065024,-0.09076156,-0.105705604,-0.12072374,-0.13518438,-0.15027548,-0.16031025,-0.1185138,-0.11129953,-0.1578567,-0.17738779,-0.13364382,-0.16438332,-0.25953975,-0.14868978,-0.13295902,-0.14194387,-0.15095688,-0.17780018,-0.16394982,-0.22917573,-0.09015879,-0.11002617,-0.13487226,-0.12988752,-0.13997786,-0.17391,-0.13908121,-0.16057305,-0.12777606,-0.07092635,-0.03704006,-0.13740075,-0.16239557,-0.17866969,-0.14332479,-0.12334781,-0.13596332,-0.12023825,-0.13855873,-0.25318068,-0.26654312,-0.0837225,-0.10945694,-0.14466034,-0.09238048,-0.18797,-0.19067803,-0.15331574,-0.0904814,-0.13230102,-0.14958653,-0.15043867,-0.15903626,-0.17076442,-0.18375908,-0.08815168,-0.12354623,-0.14091316,-0.10256614,-0.17951453,-0.19495486,-0.19123867,-0.100361794,-0.13113372,-0.080169305,-0.12825489,-0.19006202,-0.1938007,-0.19186696,-0.123069406,-0.07569662,-0.097440004,-0.11881943,-0.13670325,-0.12406494,-0.121451,-0.09468217,-0.09694882,-0.10877199,-0.082459606,-0.11326996,-0.13259922,-0.16693103,-0.1410757,-0.1364392,-0.18093297,-0.17825818,-0.19467708,-0.14506015,-0.15549555,-0.13546076,-0.119081676,-0.14001076,-0.19117098,-0.19147977,-0.1815946,-0.19755594,-0.25103784,-0.20219928,-0.19054705,-0.19151458,-0.18288526,-0.17451319,-0.27554205,-0.08916744,-0.11956477,-0.12826368,-0.15751183,-0.20931396,-0.18224281,-0.29657933,-0.32474133,-0.15211025,-0.3242122,-0.17325558,-0.17108874,-0.2185038,-0.17647925,-0.114121355,-0.1401364,-0.15388772,-0.15788373,-0.22984435,-0.18186735,-0.25920042,-0.104614004,-0.12455491,-0.13870302,-0.12441735,-0.15189947,-0.15514813,-0.15614541,-0.14014931,-0.15141064,-0.16305399,-0.15526438,-0.1535672,-0.15326324,-0.134164,-0.12323982,-0.14655596,-0.19043984,-0.17729385,-0.21025829,-0.3990198,-0.2039326,-0.11359826,-0.1296617,-0.11882888,-0.14814498,-0.16636807,-0.18664546,-0.19189033,-0.131516,-0.07737434,-0.15328795,-0.14007835,-0.14106366,-0.1173271,-0.19987361,-0.1649412,-0.15870103,-0.14173931,-0.123827554,-0.12722544,-0.14610182,-0.2588673,-0.107399315,-0.13074079,-0.09132757,-0.12832497,-0.12926176,-0.14994222,-0.15162347,-0.09640993,-0.08910369,-0.12451176,-0.11087061,-0.13794671,-0.15107259,-0.17029694,-0.14303489,-0.11660853,-0.1737876,-0.15210924,-0.14236526,-0.12587023,-0.14175837,-0.17466888,-0.13176009,-0.13248223,-0.14585,-0.12304725,-0.08722703,-0.05825615,-0.14346099,-0.17082691,-0.026243303,-0.16631213,-0.2829064,-0.31316653,-0.19908428,-0.14566481,-0.14331596,-0.14862512,-0.12963767,-0.25088155,-0.1942583,-0.18867812,-0.09492922,-0.10939601,-0.10702289,-0.094151214,-0.12759323,-0.15295815,-0.15746465,-0.16697435,-0.12812386,-0.0969081,-0.16398169,-0.14347862,-0.11335766,-0.18846886,-0.1706479,-0.15392381,-0.12585899,-0.115196005,-0.1130682,-0.11662802,-0.1759219,-0.1385421,-0.1345872,-0.096878245,-0.12141962,-0.09193373,-0.12434345,-0.13556695,-0.063823454,-0.13877153,-0.11419349,-0.1339332,-0.24483351,-0.2571875,-0.29957527,-0.14629313,-0.15687898,-0.1326547,-0.19104545,-0.0782174,-0.17286482,-0.16416538,-0.09859173,-0.11065883,-0.11437398,-0.076612435,-0.083404,-0.1213824,-0.13072303,-0.13855581,-0.19385117,-0.09932543,-0.1557313,-0.19487974,-0.19151385,-0.1871124,-0.111413166,-0.14305626,-0.10330927,-0.15921976,-0.19453916,-0.17261812,-0.1694347,-0.14291856,-0.14258559,-0.10214782,-0.1534164,-0.16149354,-0.18127987,-0.19549674,-0.12144296,-0.14727259,-0.11392073,-0.080455266,-0.14312226,-0.20725825,-0.16081537,-0.125103,-0.15657571,-0.15690626,-0.1436624,-0.19202894,-0.16273418,-0.18196493,-0.2963242,-0.19956093,-0.18180329,-0.17214198,-0.19374362,-0.15784095,-0.14054683,-0.13055775,-0.12557748,-0.13847217,-0.16345455,-0.30584824,-0.16711234,-0.18151346,-0.19291352,-0.11441202,-0.15067391,-0.14068222,-0.1780074,-0.1670382,-0.16443849,-0.14331086,-0.18237996,-0.12863706,-0.15340227,-0.13784163,-0.24156228,-0.17983684,-0.10337567,-0.13530147,-0.14210969,-0.17448951,-0.11054622,-0.13489383,-0.152186,-0.15971038,-0.18218246,-0.15421021,-0.14933018,-0.19184028,-0.17562181,-0.16389306,-0.14723541,-0.14623587,-0.11499533,-0.10471026,-0.13527384,-0.20148799,-0.17697337,-0.12513243,-0.16544995,-0.18041904,-0.18738703,-0.11705899,-0.1762843,-0.26138997,-0.0927504,-0.092433006,-0.11507766,-0.13620916,-0.14820048,-0.09897828,-0.1891326
k__Bacteria|p__Actinobacteria|c__Coriobacteriia|o__Coriobacteriales|f__Coriobacteriaceae|g__Olegusella|s__Olegusella_massiliensis,-0.1004395,-0.12316422,-0.14167127,-0.20428483,-0.16658035,-0.1924784,-0.1666669,-0.14478779,-0.12571342,-0.1830284,-0.18388239,-0.21863697,-0.16965944,-0.20207004,-0.10323323,-0.09900093,-0.058144663,-0.099456325,-0.10795739,-0.17019202,-0.1978925,-0.12536043,-0.13607855,-0.15178019,-0.17083237,-0.11658599,-0.16766572,-0.17313708,-0.1509206,-0.12124001,-0.13515097,-0.10604905,-0.14823669,-0.1946179,-0.18822595,-0.2175087,-0.16031036,-0.22338755,-0.19601372,-0.29867563,-0.29210672,-0.19669291,-0.1070112,-0.09162698,-0.13691942,-0.15491056,-0.23188588,-0.19296291,-0.14604217,-0.2026537,-0.18383065,-0.18279888,-0.19621202,-0.19676432,-0.2001189,-0.15650016,-0.12548892,-0.14325087,-0.09226569,-0.09567192,-0.17062588,-0.1420157,-0.13743341,-0.14658743,-0.12719077,-0.1513868,-0.2613474,-0.22333384,-0.18809861,-0.20047067,-0.14502916,-0.14891669,-0.13041046,-0.14234109,-0.14965358,-0.16303271,-0.14586736,-0.16278498,-0.15929791,-0.14998752,-0.14707792,-0.15680742,-0.15285185,-0.22480208,-0.120334074,-0.14137441,-0.11834915,-0.16020295,-0.17306827,-0.15558463,-0.16762152,-0.11139822,-0.1388583,-0.13027036,-0.1284992,-0.15152657,-0.14300583,-0.11542854,-0.10065024,-0.09100436,-0.105480805,-0.12014526,-0.1346677,-0.15027548,-0.15986797,-0.1185138,-0.11129953,-0.1578567,-0.17738779,-0.13280047,-0.16373976,-0.25953975,-0.14845316,-0.13290524,-0.14143905,-0.15095688,-0.17780018,-0.16321504,-0.22917573,-0.09015879,-0.11054361,-0.13472602,-0.12945163,-0.13997786,-0.1735759,-0.13908121,-0.16057305,-0.12777606,-0.07092635,-0.03704006,-0.13702011,-0.16170111,-0.17813143,-0.14332479,-0.12334781,-0.13609773,-0.12023825,-0.13811141,-0.25318068,-0.26654312,-0.0839095,-0.10945694,-0.14396638,-0.09238048,-0.18743093,-0.18972255,-0.15317893,-0.09053831,-0.13230102,-0.14946233,-0.15012586,-0.15846848,-0.16998392,-0.18243003,-0.08828284,-0.12325766,-0.14076695,-0.10256614,-0.17951453,-0.19495486,-0.18970214,-0.10016432,-0.13113372,-0.07948304,-0.12783077,-0.19006202,-0.19239613,-0.19075611,-0.12299685,-0.075964965,-0.097090036,-0.11851239,-0.1365323,-0.12406494,-0.121451,-0.09451788,-0.09694495,-0.108741686,-0.082459606,-0.11290688,-0.13230366,-0.16626868,-0.1410757,-0.13651039,-0.18093297,-0.17825818,-0.19324152,-0.1443544,-0.15549555,-0.13493472,-0.119081676,-0.14001076,-0.19117098,-0.19027504,-0.18098918,-0.19755594,-0.25103784,-0.20219928,-0.18989754,-0.19071876,-0.1821617,-0.17366174,-0.27554205,-0.08916744,-0.11956477,-0.12859209,-0.15751183,-0.20931396,-0.18224281,-0.29657933,-0.32474133,-0.15562503,-0.3242122,-0.17325558,-0.17108874,-0.2185038,-0.17647925,-0.114121355,-0.14015517,-0.15388772,-0.15788373,-0.22984435,-0.18186735,-0.25313336,-0.10445519,-0.12455491,-0.13863286,-0.12413828,-0.15189947,-0.15444188,-0.1552696,-0.14014931,-0.15141064,-0.16220766,-0.15496677,-0.15303598,-0.15289932,-0.13386148,-0.12313071,-0.14637455,-0.18956152,-0.17646489,-0.21025829,-0.3990198,-0.20158336,-0.11348112,-0.1296617,-0.1180961,-0.14787444,-0.16636807,-0.18574527,-0.19094601,-0.13182144,-0.07726985,-0.15231583,-0.13985793,-0.14106366,-0.1178694,-0.19987361,-0.1649412,-0.15882564,-0.14141245,-0.123788096,-0.12722544,-0.14610182,-0.2588673,-0.10737248,-0.13074079,-0.09132757,-0.12832497,-0.12897123,-0.14983317,-0.15114398,-0.09639129,-0.08910369,-0.12426726,-0.11080998,-0.13773087,-0.15075645,-0.16944173,-0.14261165,-0.11682978,-0.17341623,-0.15185754,-0.1420247,-0.12555028,-0.14133202,-0.17466888,-0.13176009,-0.13204795,-0.14550501,-0.12271767,-0.08722703,-0.05825615,-0.1432943,-0.17082691,-0.026243303,-0.16639864,-0.2829064,-0.31316653,-0.19747712,-0.14524469,-0.14331596,-0.14862512,-0.12963767,-0.25088155,-0.19243552,-0.18736264,-0.09502666,-0.10916137,-0.10702289,-0.09341851,-0.12759323,-0.15298754,-0.15746465,-0.16633154,-0.12812386,-0.0969081,-0.16398169,-0.14306211,-0.11335766,-0.18846886,-0.1706479,-0.15351409,-0.12551838,-0.115196005,-0.1126993,-0.11662802,-0.17530084,-0.13800472,-0.13391888,-0.096878245,-0.12103017,-0.091946825,-0.12434345,-0.13583064,-0.063823454,-0.13877153,-0.11419349,-0.1336959,-0.24483351,-0.2571875,-0.29957527,-0.14567515,-0.15634878,-0.13189152,-0.19104545,-0.0782174,-0.17142338,-0.1637907,-0.09859173,-0.11065883,-0.11474493,-0.076612435,-0.083404,-0.1213824,-0.13072303,-0.13855581,-0.19385117,-0.09868759,-0.15518549,-0.19487974,-0.19067475,-0.18608066,-0.11122338,-0.14309955,-0.10287896,-0.15813024,-0.19316924,-0.17135543,-0.1690096,-0.14252606,-0.14200392,-0.1022879,-0.15311669,-0.16127802,-0.18080223,-0.1942487,-0.12100084,-0.14676589,-0.11421816,-0.08072385,-0.14241885,-0.20725825,-0.16019845,-0.125103,-0.15657571,-0.15690626,-0.14360571,-0.19202894,-0.16224882,-0.18106227,-0.2963242,-0.19762835,-0.1811659,-0.17197908,-0.19247077,-0.15744741,-0.14054683,-0.13015486,-0.12557748,-0.13827533,-0.16301358,-0.30584824,-0.16680664,-0.18029813,-0.1921472,-0.11441202,-0.15038754,-0.1405145,-0.17747076,-0.16626878,-0.16387725,-0.14331086,-0.18237996,-0.12832813,-0.15335107,-0.13708183,-0.24156228,-0.17942221,-0.10318554,-0.13549316,-0.141393,-0.1733995,-0.11067341,-0.1346076,-0.15151113,-0.15906903,-0.18171147,-0.15324786,-0.14849143,-0.19184028,-0.17487094,-0.16318527,-0.14723541,-0.14623587,-0.11499533,-0.10471026,-0.13493976,-0.20148799,-0.17609207,-0.12513243,-0.16655083,-0.18041904,-0.18738703,-0.11705899,-0.17480773,-0.25742796,-0.09274721,-0.09250429,-0.1149486,-0.13566297,-0.14759746,-0.09886895,-0.18805882
k__Bacteria|p__Actinobacteria|c__Actinomycetia|o__Propionibacteriales|f__Propionibacteriaceae|g__GGB73496|s__GGB73496_SGB47079,-0.1004395,-0.12316422,-0.1418523,-0.20428483,-0.16667894,-0.19269851,-0.1666669,-0.14467883,-0.1252164,-0.18301232,-0.18330821,-0.22337182,-0.16927819,-0.20300233,-0.10290761,-0.09897589,-0.058144663,-0.09929506,-0.10774095,-0.17032957,-0.1978925,-0.12536043,-0.13599786,-0.15168129,-0.17090443,-0.11658599,-0.1671651,-0.17306432,-0.1509206,-0.12124001,-0.13494253,-0.10578338,-0.14816065,-0.19508997,-0.18834704,-0.2175087,-0.16074498,-0.22338755,-0.19666432,-0.29867563,-0.29210672,-0.19712375,-0.10679248,-0.09162698,-0.13691942,-0.1548571,-0.23188588,-0.19328313,-0.14610034,-0.2026537,-0.18380675,-0.18279888,-0.19686462,-0.19780251,-0.20229608,-0.15679885,-0.12539616,-0.14328854,-0.091930404,-0.09553867,-0.1706382,-0.14182326,-0.13743341,-0.14654943,-0.12719077,-0.15114304,-0.2613474,-0.22333384,-0.1881509,-0.20047067,-0.14505322,-0.14882016,-0.1304586,-0.14243841,-0.1497889,-0.16322455,-0.14589013,-0.16278498,-0.15923531,-0.14998752,-0.14693148,-0.15685374,-0.15282868,-0.22480208,-0.120334074,-0.14124285,-0.11824688,-0.16021398,-0.17331707,-0.1555179,-0.16759512,-0.11139822,-0.1388583,-0.13027036,-0.12835494,-0.15152657,-0.14251201,-0.11526573,-0.10065024,-0.090606816,-0.1052212,-0.12011695,-0.13463297,-0.15027548,-0.1597341,-0.1185138,-0.11129953,-0.1578567,-0.17738779,-0.13296562,-0.16412103,-0.25953975,-0.14843112,-0.13264893,-0.14148697,-0.15095688,-0.17780018,-0.16354664,-0.22917573,-0.09015879,-0.11029054,-0.13453583,-0.12939732,-0.13997786,-0.17346242,-0.13908121,-0.16057305,-0.12777606,-0.07092635,-0.03704006,-0.13712016,-0.16153288,-0.17825241,-0.14332479,-0.12334781,-0.13562992,-0.12023825,-0.13793236,-0.25318068,-0.26654312,-0.083339036,-0.10945694,-0.14377147,-0.09238048,-0.18735375,-0.18981713,-0.15284854,-0.09014723,-0.13230102,-0.1493584,-0.15005344,-0.15847811,-0.17006615,-0.18254784,-0.087878376,-0.123370945,-0.1405537,-0.10256614,-0.17951453,-0.19495486,-0.19008693,-0.09997493,-0.13113372,-0.07950297,-0.12778683,-0.19006202,-0.19253805,-0.19097394,-0.12282532,-0.07531993,-0.09690805,-0.11845907,-0.13630283,-0.12406494,-0.121451,-0.094292246,-0.09663044,-0.10829753,-0.082459606,-0.11270456,-0.1319806,-0.16630815,-0.1410757,-0.13638622,-0.18093297,-0.17825818,-0.19356221,-0.14445703,-0.15549555,-0.13498712,-0.119081676,-0.14001076,-0.19117098,-0.19052452,-0.18098274,-0.19755594,-0.25103784,-0.20219928,-0.1897813,-0.19089228,-0.18215495,-0.17379552,-0.27554205,-0.08916744,-0.11956477,-0.12812108,-0.15751183,-0.20931396,-0.18224281,-0.29657933,-0.32474133,-0.15481347,-0.3242122,-0.17325558,-0.17108874,-0.2185038,-0.17647925,-0.114121355,-0.13995838,-0.15388772,-0.15788373,-0.22984435,-0.18186735,-0.25545213,-0.10422063,-0.12455491,-0.13831714,-0.12394055,-0.15189947,-0.1543211,-0.1553657,-0.14014931,-0.15141064,-0.16226512,-0.15500177,-0.15298979,-0.15290107,-0.13370427,-0.12293167,-0.14629707,-0.18941629,-0.17659475,-0.21025829,-0.3990198,-0.20251021,-0.11322258,-0.1296617,-0.11817461,-0.14776003,-0.16636807,-0.18566027,-0.19100328,-0.13153964,-0.07663874,-0.15248993,-0.13955282,-0.14106366,-0.1177628,-0.19987361,-0.1649412,-0.15864119,-0.14133644,-0.12350645,-0.12722544,-0.14610182,-0.2588673,-0.107177615,-0.13074079,-0.09132757,-0.12832497,-0.12875685,-0.14959082,-0.15102914,-0.09602622,-0.08910369,-0.12403638,-0.11049168,-0.13762671,-0.15056884,-0.16958044,-0.14256783,-0.1164472,-0.17336145,-0.15162715,-0.14194207,-0.12536034,-0.1413998,-0.17466888,-0.13176009,-0.13191819,-0.1454405,-0.122531846,-0.08722703,-0.05825615,-0.1431576,-0.17082691,-0.026243303,-0.16657168,-0.2829064,-0.31316653,-0.19766138,-0.1452553,-0.14331596,-0.14862512,-0.12963767,-0.25088155,-0.19295393,-0.18762636,-0.09458343,-0.10898766,-0.10702289,-0.09325616,-0.12759323,-0.15282696,-0.15746465,-0.16653164,-0.12812386,-0.0969081,-0.16398169,-0.14290267,-0.11335766,-0.18846886,-0.1706479,-0.15357062,-0.12535185,-0.115196005,-0.11265653,-0.11662802,-0.17516573,-0.13801534,-0.13383585,-0.096878245,-0.12088002,-0.09155424,-0.12434345,-0.135521,-0.063823454,-0.13877153,-0.11419349,-0.1336388,-0.24483351,-0.2571875,-0.29957527,-0.14577144,-0.15628257,-0.13192835,-0.19104545,-0.0782174,-0.17162253,-0.16385907,-0.09859173,-0.11065883,-0.1143588,-0.076612435,-0.083404,-0.1213824,-0.13072303,-0.13855581,-0.19385117,-0.09857541,-0.15537916,-0.19487974,-0.19063933,-0.18623346,-0.11102477,-0.14274734,-0.102626786,-0.15839179,-0.1935083,-0.17173843,-0.16878608,-0.14246887,-0.14206827,-0.102049425,-0.15297261,-0.16126454,-0.18066397,-0.19448328,-0.12087676,-0.14676517,-0.1137231,-0.08008779,-0.14286983,-0.20725825,-0.16019031,-0.125103,-0.15657571,-0.15690626,-0.14346611,-0.19202894,-0.16221184,-0.18109673,-0.2963242,-0.19831604,-0.18122369,-0.17173849,-0.1926009,-0.15747115,-0.14054683,-0.13002858,-0.12557748,-0.1380415,-0.16311456,-0.30584824,-0.16659188,-0.18040428,-0.19224986,-0.11441202,-0.15026613,-0.14043541,-0.17750564,-0.16639477,-0.16387713,-0.14331086,-0.18237996,-0.12833118,-0.15317519,-0.13752961,-0.24156228,-0.17921865,-0.102984175,-0.13523918,-0.14137463,-0.17366055,-0.110259876,-0.13445169,-0.15147084,-0.15920772,-0.18156435,-0.15328532,-0.14861502,-0.19184028,-0.17490979,-0.16323227,-0.14723541,-0.14623587,-0.11499533,-0.10471026,-0.1349023,-0.20148799,-0.1761716,-0.12513243,-0.16578709,-0.18041904,-0.18738703,-0.11705899,-0.17500126,-0.25839818,-0.092387974,-0.09212834,-0.11474666,-0.13566792,-0.14755613,-0.09857753,-0.18812913
k__Bacteria|p__Actinobacteria|c__CFGB76760|o__OFGB76760|f__FGB76760|g__GGB22650|s__GGB22650_SGB63087,-0.1004395,-0.12316422,-0.14189212,-0.20428483,-0.16719905,-0.194039,-0.1666669,-0.14538741,-0.12466043,-0.18406127,-0.18301874,-0.23268797,-0.16947143,-0.20773372,-0.10320706,-0.09995949,-0.058144663,-0.10005519,-0.107786685,-0.17126189,-0.1978925,-0.12536043,-0.13654974,-0.15269527,-0.17204492,-0.11658599,-0.16734037,-0.17447451,-0.1509206,-0.12124001,-0.13513362,-0.10566516,-0.14850241,-0.19664294,-0.18978158,-0.2175087,-0.1612499,-0.22338755,-0.19816545,-0.29867563,-0.29210672,-0.19916825,-0.107418984,-0.09162698,-0.13691942,-0.15531977,-0.23188588,-0.19430426,-0.14674558,-0.2026537,-0.18348977,-0.18279888,-0.19825529,-0.20009263,-0.20619747,-0.15852986,-0.1259894,-0.1442127,-0.09219615,-0.09578732,-0.17159732,-0.14261886,-0.13743341,-0.14726004,-0.12719077,-0.1513184,-0.2613474,-0.22333384,-0.18924442,-0.20047067,-0.1461526,-0.1495166,-0.13107465,-0.14318481,-0.1513815,-0.16471043,-0.14698356,-0.16278498,-0.15955544,-0.14998752,-0.14735138,-0.15735327,-0.15351267,-0.22480208,-0.120334074,-0.14172435,-0.11851575,-0.16138074,-0.17463425,-0.15587759,-0.16848066,-0.11139822,-0.1388583,-0.13027036,-0.12869343,-0.15152657,-0.1421772,-0.1156428,-0.10065024,-0.09039731,-0.10560164,-0.12081674,-0.13526472,-0.15027548,-0.16065778,-0.1185138,-0.11129953,-0.1578567,-0.17738779,-0.13436815,-0.16422807,-0.25953975,-0.14893478,-0.13267191,-0.1419918,-0.15095688,-0.17780018,-0.16387057,-0.22917573,-0.09015879,-0.110050276,-0.13487813,-0.12996721,-0.13997786,-0.1739376,-0.13908121,-0.16057305,-0.12777606,-0.07092635,-0.03704006,-0.13729563,-0.16231552,-0.17938319,-0.14332479,-0.12334781,-0.1355792,-0.12023825,-0.13848932,-0.25318068,-0.26654312,-0.0833625,-0.10945694,-0.14477932,-0.09238048,-0.18794525,-0.19071892,-0.15300602,-0.09024427,-0.13230102,-0.14972666,-0.15059096,-0.15940696,-0.17093566,-0.18431383,-0.08780634,-0.124300726,-0.14178766,-0.10256614,-0.17951453,-0.19495486,-0.19203022,-0.10010432,-0.13113372,-0.08006567,-0.12805839,-0.19006202,-0.19394493,-0.19222485,-0.123769596,-0.07511707,-0.097275555,-0.11873989,-0.13670236,-0.12406494,-0.121451,-0.0947124,-0.09667378,-0.1084965,-0.082459606,-0.11293335,-0.1322806,-0.16759135,-0.1410757,-0.13639641,-0.18093297,-0.17825818,-0.19487374,-0.14495246,-0.15549555,-0.13587846,-0.119081676,-0.14001076,-0.19117098,-0.19192255,-0.1818433,-0.19755594,-0.25103784,-0.20219928,-0.18994787,-0.19134426,-0.18283272,-0.17411453,-0.27554205,-0.08916744,-0.11956477,-0.12750778,-0.15751183,-0.20931396,-0.18224281,-0.29657933,-0.32474133,-0.15187818,-0.3242122,-0.17325558,-0.17108874,-0.2185038,-0.17647925,-0.114121355,-0.13988262,-0.15388772,-0.15788373,-0.22984435,-0.18186735,-0.25976956,-0.104482576,-0.12455491,-0.13850808,-0.124211654,-0.15189947,-0.15532808,-0.15660687,-0.14014931,-0.15141064,-0.16354367,-0.15550897,-0.1538161,-0.15334909,-0.13415912,-0.12303783,-0.14636582,-0.19078824,-0.17739326,-0.21025829,-0.3990198,-0.20407069,-0.113511704,-0.1296617,-0.11888789,-0.14806116,-0.16636807,-0.18703038,-0.1920266,-0.13167119,-0.07636303,-0.15351132,-0.1397818,-0.14106366,-0.11834347,-0.19987361,-0.1649412,-0.15860388,-0.1417797,-0.123664826,-0.12722544,-0.14610182,-0.2588673,-0.10738015,-0.13074079,-0.09132757,-0.12832497,-0.12930474,-0.14972267,-0.15216345,-0.09636009,-0.08910369,-0.12446963,-0.11051723,-0.13809016,-0.15084343,-0.17098102,-0.14310089,-0.11612201,-0.1743266,-0.15187004,-0.14264353,-0.12545288,-0.1424,-0.17466888,-0.13176009,-0.13234772,-0.14602467,-0.12315259,-0.08722703,-0.05825615,-0.14364678,-0.17082691,-0.026243303,-0.16706073,-0.2829064,-0.31316653,-0.19903168,-0.14599372,-0.14331596,-0.14862512,-0.12963767,-0.25088155,-0.19469333,-0.18911445,-0.09442698,-0.109513246,-0.10702289,-0.09416841,-0.12759323,-0.15304431,-0.15746465,-0.16764551,-0.12812386,-0.0969081,-0.16398169,-0.14406696,-0.11335766,-0.18846886,-0.1706479,-0.15421465,-0.12592702,-0.115196005,-0.11322956,-0.11662802,-0.1764289,-0.13881135,-0.13472494,-0.096878245,-0.12136005,-0.09171401,-0.12434345,-0.1358807,-0.063823454,-0.13877153,-0.11419349,-0.13396817,-0.24483351,-0.2571875,-0.29957527,-0.14658125,-0.15708159,-0.13241577,-0.19104545,-0.0782174,-0.17273453,-0.1647942,-0.09859173,-0.11065883,-0.11452386,-0.076612435,-0.083404,-0.1213824,-0.13072303,-0.13855581,-0.19385117,-0.099326365,-0.15595852,-0.19487974,-0.19132125,-0.18748663,-0.111273125,-0.1431212,-0.10295152,-0.15983519,-0.19479029,-0.17382093,-0.169207,-0.14304402,-0.14293355,-0.10172886,-0.15346399,-0.16189307,-0.18110788,-0.19580862,-0.12133505,-0.14766704,-0.11354931,-0.07977976,-0.14361359,-0.20725825,-0.1610444,-0.125103,-0.15657571,-0.15690626,-0.14378694,-0.19202894,-0.16275482,-0.18238968,-0.2963242,-0.19838285,-0.1812952,-0.17173871,-0.19340777,-0.15772146,-0.14054683,-0.13048607,-0.12557748,-0.1383465,-0.16382016,-0.30584824,-0.16663136,-0.18153161,-0.19308263,-0.11441202,-0.15077089,-0.1407919,-0.17839462,-0.16725591,-0.16494422,-0.14331086,-0.18237996,-0.1283246,-0.1536183,-0.1379422,-0.24156228,-0.17942473,-0.103338376,-0.13524988,-0.14225599,-0.17499217,-0.110190034,-0.1345639,-0.15269527,-0.16056672,-0.1819239,-0.15466155,-0.14951938,-0.19184028,-0.1755898,-0.16456757,-0.14723541,-0.14623587,-0.11499533,-0.10471026,-0.13527395,-0.20148799,-0.17746055,-0.12513243,-0.16581781,-0.18041904,-0.18738703,-0.11705899,-0.17708468,-0.26056874,-0.09257268,-0.092249416,-0.114767626,-0.1363332,-0.14835803,-0.09838757,-0.18954279
k__Bacteria|p__Actinobacteria|c__Coriobacteriia|o__Coriobacteriales|f__Coriobacteriaceae|g__Senegalimassilia|s__Senegalimassilia_anaerobia,-0.1004395,-0.12316422,-0.14150013,-0.20428483,-0.16719195,-0.19377542,-0.1666669,-0.14541736,-0.12510262,-0.18418813,-0.18340585,-0.222951,-0.16988337,-0.20429403,-0.10316998,-0.09922454,-0.058144663,-0.099878356,-0.10770412,-0.17120585,-0.1978925,-0.12536043,-0.13666452,-0.15283933,-0.17182578,-0.11658599,-0.16791125,-0.17456171,-0.1509206,-0.12124001,-0.13544631,-0.1055272,-0.14857164,-0.19587845,-0.18958011,-0.2175087,-0.16105634,-0.22338755,-0.19738843,-0.29867563,-0.29210672,-0.19824764,-0.107365474,-0.09162698,-0.13691942,-0.15521848,-0.23188588,-0.19412583,-0.14681435,-0.2026537,-0.1841141,-0.18279888,-0.19725901,-0.19806431,-0.20246106,-0.15866017,-0.12589633,-0.14411017,-0.09235041,-0.095617935,-0.17173451,-0.14278227,-0.13743341,-0.14724216,-0.12719077,-0.15162647,-0.2613474,-0.22333384,-0.18923256,-0.20047067,-0.1460869,-0.14963233,-0.13081591,-0.14292142,-0.15123469,-0.16465086,-0.14716122,-0.16278498,-0.15964639,-0.14998752,-0.14762604,-0.15722424,-0.15358073,-0.22480208,-0.120334074,-0.14179939,-0.118373044,-0.16149081,-0.17452784,-0.15577257,-0.16857642,-0.11139822,-0.1388583,-0.13027036,-0.12895083,-0.15152657,-0.14292789,-0.11580397,-0.10065024,-0.09039898,-0.105555505,-0.12068178,-0.1352193,-0.15027548,-0.16087429,-0.1185138,-0.11129953,-0.1578567,-0.17738779,-0.13393393,-0.16390729,-0.25953975,-0.14898348,-0.13270214,-0.14166765,-0.15095688,-0.17780018,-0.16370344,-0.22917573,-0.09015879,-0.11030607,-0.13490647,-0.12981796,-0.13997786,-0.173984,-0.13908121,-0.16057305,-0.12777606,-0.07092635,-0.03704006,-0.13727993,-0.16246979,-0.17943168,-0.14332479,-0.12334781,-0.13605472,-0.12023825,-0.13846025,-0.25318068,-0.26654312,-0.08347659,-0.10945694,-0.14490598,-0.09238048,-0.18812107,-0.19045752,-0.15307431,-0.09025897,-0.13230102,-0.14981781,-0.150531,-0.15925774,-0.17088217,-0.18438262,-0.08772022,-0.12402207,-0.14152944,-0.10256614,-0.17951453,-0.19495486,-0.19161314,-0.100118965,-0.13113372,-0.07918963,-0.1279511,-0.19006202,-0.19365771,-0.19198611,-0.12382546,-0.0752953,-0.09716727,-0.11852175,-0.13674904,-0.12406494,-0.121451,-0.09447806,-0.09658249,-0.108585104,-0.082459606,-0.112921916,-0.1325478,-0.16766885,-0.1410757,-0.13647889,-0.18093297,-0.17825818,-0.19430786,-0.14485703,-0.15549555,-0.13570884,-0.119081676,-0.14001076,-0.19117098,-0.19129443,-0.1816374,-0.19755594,-0.25103784,-0.20219928,-0.1904175,-0.19127491,-0.18279174,-0.17393392,-0.27554205,-0.08916744,-0.11956477,-0.12795144,-0.15751183,-0.20931396,-0.18224281,-0.29657933,-0.32474133,-0.15229404,-0.3242122,-0.17325558,-0.17108874,-0.2185038,-0.17647925,-0.114121355,-0.14002481,-0.15388772,-0.15788373,-0.22984435,-0.18186735,-0.25497603,-0.10439187,-0.12455491,-0.13877198,-0.12436324,-0.15189947,-0.15544052,-0.15676802,-0.14014931,-0.15141064,-0.16361481,-0.15555483,-0.15385737,-0.15327853,-0.13407484,-0.12322578,-0.14666024,-0.19077489,-0.17719214,-0.21025829,-0.3990198,-0.20213169,-0.11355786,-0.1296617,-0.118640006,-0.14821887,-0.16636807,-0.18725002,-0.19201851,-0.13181782,-0.07654576,-0.15350796,-0.13998225,-0.14106366,-0.11838333,-0.19987361,-0.1649412,-0.15887116,-0.14155497,-0.12374747,-0.12722544,-0.14610182,-0.2588673,-0.10728049,-0.13074079,-0.09132757,-0.12832497,-0.12945607,-0.15004872,-0.15234554,-0.096351996,-0.08910369,-0.12449941,-0.11056489,-0.13805625,-0.15105194,-0.17080733,-0.14317966,-0.11656081,-0.17432207,-0.15210284,-0.14267474,-0.12534028,-0.14254764,-0.17466888,-0.13176009,-0.13244694,-0.14607996,-0.12307407,-0.08722703,-0.05825615,-0.1436963,-0.17082691,-0.026243303,-0.16686845,-0.2829064,-0.31316653,-0.19795722,-0.14596316,-0.14331596,-0.14862512,-0.12963767,-0.25088155,-0.1940607,-0.18902436,-0.09458345,-0.10950369,-0.10702289,-0.093846396,-0.12759323,-0.15323672,-0.15746465,-0.16744734,-0.12812386,-0.0969081,-0.16398169,-0.14420126,-0.11335766,-0.18846886,-0.1706479,-0.15418035,-0.12597437,-0.115196005,-0.11302563,-0.11662802,-0.17664313,-0.13873361,-0.1346603,-0.096878245,-0.1211727,-0.091791116,-0.12434345,-0.13634242,-0.063823454,-0.13877153,-0.11419349,-0.1339123,-0.24483351,-0.2571875,-0.29957527,-0.14641005,-0.15704896,-0.132279,-0.19104545,-0.0782174,-0.17255685,-0.16478981,-0.09859173,-0.11065883,-0.11504184,-0.076612435,-0.083404,-0.1213824,-0.13072303,-0.13855581,-0.19385117,-0.098986,-0.15592194,-0.19487974,-0.19135712,-0.18725398,-0.11135522,-0.14329603,-0.10315338,-0.15983318,-0.19429204,-0.17337435,-0.1693072,-0.14302963,-0.14276502,-0.10156177,-0.15348889,-0.16188955,-0.18117312,-0.19524105,-0.12138793,-0.14773154,-0.11398235,-0.0800713,-0.14301586,-0.20725825,-0.1611573,-0.125103,-0.15657571,-0.15690626,-0.14381045,-0.19202894,-0.16288905,-0.18256667,-0.2963242,-0.19712679,-0.1811989,-0.17179924,-0.19295591,-0.15758649,-0.14054683,-0.13047983,-0.12557748,-0.13847212,-0.16342723,-0.30584824,-0.166874,-0.18160254,-0.19303241,-0.11441202,-0.15091664,-0.14079618,-0.1783247,-0.16719633,-0.16501835,-0.14331086,-0.18237996,-0.12834334,-0.15362127,-0.13719279,-0.24156228,-0.17973341,-0.10324699,-0.13540107,-0.1422157,-0.17491329,-0.11035742,-0.13470626,-0.15281963,-0.16033697,-0.18203065,-0.1545529,-0.14935638,-0.19184028,-0.17560887,-0.16477948,-0.14723541,-0.14623587,-0.11499533,-0.10471026,-0.1351637,-0.20148799,-0.17755316,-0.12513243,-0.16618189,-0.18041904,-0.18738703,-0.11705899,-0.17719221,-0.2590167,-0.09251124,-0.092310406,-0.1147809,-0.13622114,-0.14820608,-0.09838454,-0.18947823
k__Bacteria|p__Actinobacteria|c__Actinomycetia|o__Micrococcales|f__Micrococcaceae|g__Kocuria|s__Kocuria_rhizophila,-0.1004395,-0.12316422,-0.14191866,-0.20428483,-0.16732152,-0.19384313,-0.1666669,-0.14543398,-0.12509854,-0.18414915,-0.18291697,-0.2262373,-0.16903314,-0.20497897,-0.1031791,-0.09940418,-0.058144663,-0.099750616,-0.1078797,-0.17116043,-0.1978925,-0.12536043,-0.13647982,-0.15256827,-0.1717585,-0.11658599,-0.16765918,-0.17427,-0.1509206,-0.12124001,-0.13535148,-0.10574976,-0.14858885,-0.19604202,-0.18948412,-0.2175087,-0.16133861,-0.22338755,-0.19764508,-0.29867563,-0.29210672,-0.19832227,-0.107330754,-0.09162698,-0.13691942,-0.1553358,-0.23188588,-0.1940701,-0.1468443,-0.2026537,-0.18444267,-0.18279888,-0.19760783,-0.19841304,-0.2036218,-0.15780844,-0.12591363,-0.143991,-0.09225014,-0.0957539,-0.17157488,-0.14253464,-0.13743341,-0.14718544,-0.12719077,-0.15156773,-0.2613474,-0.22333384,-0.18909696,-0.20047067,-0.14595658,-0.1494465,-0.13091198,-0.1428685,-0.15091944,-0.16434546,-0.14699376,-0.16278498,-0.15970166,-0.14998752,-0.14736363,-0.15736581,-0.1534589,-0.22480208,-0.120334074,-0.14168936,-0.11848992,-0.16124478,-0.17441346,-0.15586269,-0.16846296,-0.11139822,-0.1388583,-0.13027036,-0.12879013,-0.15152657,-0.14274187,-0.115687214,-0.10065024,-0.090487696,-0.10555367,-0.120658554,-0.13521425,-0.15027548,-0.16065559,-0.1185138,-0.11129953,-0.1578567,-0.17738779,-0.13382031,-0.16430527,-0.25953975,-0.14900059,-0.13276738,-0.14183289,-0.15095688,-0.17780018,-0.16398561,-0.22917573,-0.09015879,-0.11027028,-0.13492742,-0.12978704,-0.13997786,-0.17398772,-0.13908121,-0.16057305,-0.12777606,-0.07092635,-0.03704006,-0.13735804,-0.16232973,-0.17922024,-0.14332479,-0.12334781,-0.13590023,-0.12023825,-0.13842276,-0.25318068,-0.26654312,-0.08351436,-0.10945694,-0.1445894,-0.09238048,-0.18808138,-0.1905539,-0.15313657,-0.09034917,-0.13230102,-0.1497851,-0.15054089,-0.15923308,-0.17080885,-0.1840455,-0.08792634,-0.12399057,-0.14132561,-0.10256614,-0.17951453,-0.19495486,-0.19154218,-0.10026689,-0.13113372,-0.07956389,-0.12793449,-0.19006202,-0.19361475,-0.19201669,-0.12364753,-0.07536936,-0.09725135,-0.11863235,-0.13669425,-0.12406494,-0.121451,-0.09460363,-0.09670138,-0.108539656,-0.082459606,-0.112926945,-0.13235068,-0.16741608,-0.1410757,-0.13663948,-0.18093297,-0.17825818,-0.19447476,-0.14489108,-0.15549555,-0.13568163,-0.119081676,-0.14001076,-0.19117098,-0.19154802,-0.18172908,-0.19755594,-0.25103784,-0.20219928,-0.19041122,-0.19147375,-0.18281025,-0.17419286,-0.27554205,-0.08916744,-0.11956477,-0.12803826,-0.15751183,-0.20931396,-0.18224281,-0.29657933,-0.32474133,-0.15319307,-0.3242122,-0.17325558,-0.17108874,-0.2185038,-0.17647925,-0.114121355,-0.14011942,-0.15388772,-0.15788373,-0.22984435,-0.18186735,-0.25684628,-0.10448479,-0.12455491,-0.1386708,-0.124301374,-0.15189947,-0.15522453,-0.1565068,-0.14014931,-0.15141064,-0.16335326,-0.15554261,-0.15377799,-0.15331168,-0.13410664,-0.12322091,-0.14650607,-0.19053036,-0.17720728,-0.21025829,-0.3990198,-0.20243962,-0.113573566,-0.1296617,-0.11863139,-0.14812352,-0.16636807,-0.18690345,-0.19197735,-0.13180703,-0.076623656,-0.15331955,-0.13997118,-0.14106366,-0.118284166,-0.19987361,-0.1649412,-0.15894687,-0.14169934,-0.12362376,-0.12722544,-0.14610182,-0.2588673,-0.10741466,-0.13074079,-0.09132757,-0.12832497,-0.12929825,-0.14992829,-0.15207785,-0.096361384,-0.08910369,-0.12441343,-0.11058402,-0.13804926,-0.15096621,-0.1706483,-0.14317684,-0.11647546,-0.17420043,-0.15203097,-0.14252007,-0.12552494,-0.14226867,-0.17466888,-0.13176009,-0.13240579,-0.14591816,-0.123087265,-0.08722703,-0.05825615,-0.14373411,-0.17082691,-0.026243303,-0.16704252,-0.2829064,-0.31316653,-0.19834521,-0.14592516,-0.14331596,-0.14862512,-0.12963767,-0.25088155,-0.19417493,-0.18890741,-0.09466672,-0.10944478,-0.10702289,-0.0937314,-0.12759323,-0.15316714,-0.15746465,-0.16743295,-0.12812386,-0.0969081,-0.16398169,-0.14375363,-0.11335766,-0.18846886,-0.1706479,-0.15417112,-0.12590927,-0.115196005,-0.11302407,-0.11662802,-0.17630357,-0.13869506,-0.13452071,-0.096878245,-0.121168144,-0.09176208,-0.12434345,-0.13607293,-0.063823454,-0.13877153,-0.11419349,-0.1340152,-0.24483351,-0.2571875,-0.29957527,-0.1464442,-0.15695935,-0.13235667,-0.19104545,-0.0782174,-0.17266944,-0.16454083,-0.09859173,-0.11065883,-0.114754096,-0.076612435,-0.083404,-0.1213824,-0.13072303,-0.13855581,-0.19385117,-0.09910536,-0.15599576,-0.19487974,-0.19141307,-0.18720095,-0.11138278,-0.14315522,-0.10303977,-0.15962154,-0.19440062,-0.17303982,-0.1692664,-0.14303306,-0.1427317,-0.10187755,-0.15345472,-0.16184795,-0.18124823,-0.19540428,-0.12136057,-0.14757013,-0.11391558,-0.079983845,-0.14330497,-0.20725825,-0.16117033,-0.125103,-0.15657571,-0.15690626,-0.14383125,-0.19202894,-0.1628247,-0.18229792,-0.2963242,-0.1984445,-0.18129592,-0.1718716,-0.19326818,-0.15768969,-0.14054683,-0.13048074,-0.12557748,-0.13843183,-0.16361845,-0.30584824,-0.16698657,-0.18134427,-0.19311582,-0.11441202,-0.15073112,-0.14080156,-0.17832762,-0.16715619,-0.16482683,-0.14331086,-0.18237996,-0.12855262,-0.15345177,-0.13769957,-0.24156228,-0.17982642,-0.10334587,-0.13539584,-0.14212602,-0.17475307,-0.110391155,-0.13468885,-0.15251526,-0.1603029,-0.18211749,-0.15428916,-0.14929627,-0.19184028,-0.17564374,-0.16442421,-0.14723541,-0.14623587,-0.11499533,-0.10471026,-0.13519287,-0.20148799,-0.17740318,-0.12513243,-0.16595827,-0.18041904,-0.18738703,-0.11705899,-0.17678654,-0.25977546,-0.09261045,-0.092296064,-0.114890695,-0.13617615,-0.14813454,-0.09851253,-0.18933794
k__Bacteria|p__Actinobacteria|c__Actinomycetia|o__Bifidobacteriales|f__Bifidobacteriaceae|g__Alloscardovia|s__Alloscardovia_omnicolens,-0.1004395,-0.12316422,-0.141763,-0.20428483,-0.16690673,-0.19335088,-0.1666669,-0.14493917,-0.12523076,-0.18345709,-0.18369043,-0.22141519,-0.1699153,-0.20326844,-0.10305547,-0.09903824,-0.058144663,-0.09949269,-0.107761756,-0.17073753,-0.1978925,-0.12536043,-0.13637298,-0.15218315,-0.17136149,-0.11658599,-0.1677184,-0.17366841,-0.1509206,-0.12124001,-0.13513073,-0.1057035,-0.14831349,-0.19537787,-0.18881823,-0.2175087,-0.16083227,-0.22338755,-0.19668609,-0.29867563,-0.29210672,-0.19740182,-0.107023716,-0.09162698,-0.13691942,-0.1551015,-0.23188588,-0.19385874,-0.14634432,-0.2026537,-0.18401317,-0.18279888,-0.19680712,-0.1977646,-0.20149648,-0.15749145,-0.12558678,-0.14364102,-0.09218983,-0.0955582,-0.17114808,-0.14236437,-0.13743341,-0.14687207,-0.12719077,-0.15150283,-0.2613474,-0.22333384,-0.18863377,-0.20047067,-0.14548531,-0.14920811,-0.1305393,-0.1426483,-0.15036248,-0.16378894,-0.14634356,-0.16278498,-0.15963578,-0.14998752,-0.14722922,-0.1570929,-0.15323284,-0.22480208,-0.120334074,-0.14151743,-0.11832982,-0.16080928,-0.17373772,-0.1557548,-0.16800344,-0.11139822,-0.1388583,-0.13027036,-0.1285823,-0.15152657,-0.14282483,-0.11547474,-0.10065024,-0.09052323,-0.10536654,-0.12031591,-0.13487676,-0.15027548,-0.16018769,-0.1185138,-0.11129953,-0.1578567,-0.17738779,-0.13343346,-0.1637932,-0.25953975,-0.14869972,-0.13272908,-0.14155781,-0.15095688,-0.17780018,-0.1637157,-0.22917573,-0.09015879,-0.11032103,-0.13469851,-0.12957175,-0.13997786,-0.1738058,-0.13908121,-0.16057305,-0.12777606,-0.07092635,-0.03704006,-0.13717712,-0.16195689,-0.17874952,-0.14332479,-0.12334781,-0.1359304,-0.12023825,-0.13809273,-0.25318068,-0.26654312,-0.0835029,-0.10945694,-0.14419349,-0.09238048,-0.1878331,-0.19009614,-0.15306894,-0.09027474,-0.13230102,-0.14958647,-0.15031326,-0.15886128,-0.17046003,-0.18329163,-0.08795508,-0.12365691,-0.14091274,-0.10256614,-0.17951453,-0.19495486,-0.19071797,-0.09999114,-0.13113372,-0.0792361,-0.12770203,-0.19006202,-0.19305442,-0.19141865,-0.12321414,-0.07552186,-0.09705579,-0.118432835,-0.1365039,-0.12406494,-0.121451,-0.09440449,-0.09663892,-0.10845267,-0.082459606,-0.11281633,-0.13226822,-0.16683528,-0.1410757,-0.13645703,-0.18093297,-0.17825818,-0.19398685,-0.1445776,-0.15549555,-0.13520804,-0.119081676,-0.14001076,-0.19117098,-0.19097838,-0.18140146,-0.19755594,-0.25103784,-0.20219928,-0.19028032,-0.19111763,-0.18249255,-0.17386189,-0.27554205,-0.08916744,-0.11956477,-0.1280732,-0.15751183,-0.20931396,-0.18224281,-0.29657933,-0.32474133,-0.15464142,-0.3242122,-0.17325558,-0.17108874,-0.2185038,-0.17647925,-0.114121355,-0.14008817,-0.15388772,-0.15788373,-0.22984435,-0.18186735,-0.2543,-0.10431519,-0.12455491,-0.13854657,-0.12407796,-0.15189947,-0.15490663,-0.15583917,-0.14014931,-0.15141064,-0.16278835,-0.15529253,-0.15339476,-0.15302843,-0.13385098,-0.12301721,-0.14643818,-0.1900135,-0.17685279,-0.21025829,-0.3990198,-0.20269738,-0.1133788,-0.1296617,-0.11829516,-0.14789236,-0.16636807,-0.18637814,-0.19142234,-0.13166292,-0.07679242,-0.15278175,-0.13973847,-0.14106366,-0.11792798,-0.19987361,-0.1649412,-0.15888552,-0.1414699,-0.12362531,-0.12722544,-0.14610182,-0.2588673,-0.10719928,-0.13074079,-0.09132757,-0.12832497,-0.12901902,-0.14984563,-0.15159294,-0.09619703,-0.08910369,-0.124215804,-0.11053206,-0.137844,-0.15079677,-0.17007494,-0.14279914,-0.116547205,-0.1738526,-0.15188175,-0.14226869,-0.12545809,-0.14181408,-0.17466888,-0.13176009,-0.13217221,-0.14574656,-0.12279809,-0.08722703,-0.05825615,-0.14341208,-0.17082691,-0.026243303,-0.16667584,-0.2829064,-0.31316653,-0.19817793,-0.14555703,-0.14331596,-0.14862512,-0.12963767,-0.25088155,-0.1935158,-0.18818985,-0.09462969,-0.10922277,-0.10702289,-0.093449965,-0.12759323,-0.1530479,-0.15746465,-0.16694401,-0.12812386,-0.0969081,-0.16398169,-0.14341837,-0.11335766,-0.18846886,-0.1706479,-0.1538763,-0.12572992,-0.115196005,-0.11273914,-0.11662802,-0.17588228,-0.13828774,-0.13418624,-0.096878245,-0.121052325,-0.09165621,-0.12434345,-0.13590437,-0.063823454,-0.13877153,-0.11419349,-0.13369763,-0.24483351,-0.2571875,-0.29957527,-0.14600761,-0.15669847,-0.1320331,-0.19104545,-0.0782174,-0.17209752,-0.16417864,-0.09859173,-0.11065883,-0.11466012,-0.076612435,-0.083404,-0.1213824,-0.13072303,-0.13855581,-0.19385117,-0.098876685,-0.1554967,-0.19487974,-0.19101484,-0.18667655,-0.11112188,-0.14319272,-0.1029245,-0.15884264,-0.19385473,-0.1722677,-0.16894533,-0.14271393,-0.14238028,-0.10186638,-0.15318403,-0.16162172,-0.18095955,-0.19481197,-0.12108592,-0.14717588,-0.11386039,-0.08018754,-0.14268614,-0.20725825,-0.1606121,-0.125103,-0.15657571,-0.15690626,-0.1437547,-0.19202894,-0.16252251,-0.18172988,-0.2963242,-0.19798742,-0.18121341,-0.17184219,-0.19282223,-0.15751915,-0.14054683,-0.13018698,-0.12557748,-0.13824245,-0.16299364,-0.30584824,-0.16700521,-0.18083657,-0.1926672,-0.11441202,-0.15048677,-0.14062332,-0.17792466,-0.16678303,-0.1643726,-0.14331086,-0.18237996,-0.12829682,-0.15343733,-0.13711853,-0.24156228,-0.17962179,-0.10308087,-0.135477,-0.1417602,-0.17409016,-0.11040607,-0.13460213,-0.15198992,-0.15967512,-0.18198918,-0.1538594,-0.14888585,-0.19184028,-0.17531452,-0.16391295,-0.14723541,-0.14623587,-0.11499533,-0.10471026,-0.13495353,-0.20148799,-0.17675167,-0.12513243,-0.1663674,-0.18041904,-0.18738703,-0.11705899,-0.17592207,-0.25823838,-0.092504695,-0.09226453,-0.11477179,-0.13586308,-0.14781985,-0.098516,-0.1887289
k__Bacteria|p__Actinobacteria|c__Actinomycetia|o__Actinomycetales|f__Actinomycetaceae|g__Actinomyces|s__Actinomyces_sp_Marseille_P3109,-0.1004395,-0.12316422,-0.14228827,-0.20428483,-0.16673082,-0.19283104,-0.1666669,-0.14455226,-0.12531549,-0.18250614,-0.18332969,-0.22760709,-0.16987193,-0.20461929,-0.103339836,-0.09975769,-0.058144663,-0.09931962,-0.10812277,-0.17018187,-0.1978925,-0.12536043,-0.13584958,-0.15135773,-0.17097707,-0.11658599,-0.16680983,-0.17275293,-0.1509206,-0.12124001,-0.13483196,-0.1064143,-0.14814404,-0.19547889,-0.18833235,-0.2175087,-0.1610111,-0.22338755,-0.1971042,-0.29867563,-0.29210672,-0.1975773,-0.107139826,-0.09162698,-0.13691942,-0.15494378,-0.23188588,-0.19321857,-0.14622964,-0.2026537,-0.1835683,-0.18279888,-0.19706023,-0.19875073,-0.20366277,-0.15642801,-0.12556168,-0.14335601,-0.09203811,-0.095915094,-0.17039683,-0.14161283,-0.13743341,-0.1465661,-0.12719077,-0.15111846,-0.2613474,-0.22333384,-0.18806209,-0.20047067,-0.14496276,-0.14873654,-0.13072628,-0.14251775,-0.14956464,-0.16284412,-0.14568657,-0.16278498,-0.15928501,-0.14998752,-0.14670062,-0.15697579,-0.15268809,-0.22480208,-0.120334074,-0.14122866,-0.11848557,-0.15990445,-0.17313388,-0.15563878,-0.16730243,-0.11139822,-0.1388583,-0.13027036,-0.1282558,-0.15152657,-0.14218628,-0.11524354,-0.10065024,-0.09103289,-0.105532445,-0.12034865,-0.13474792,-0.15027548,-0.15951386,-0.1185138,-0.11129953,-0.1578567,-0.17738779,-0.13305373,-0.16431996,-0.25953975,-0.14844424,-0.13288182,-0.1416842,-0.15095688,-0.17780018,-0.16384144,-0.22917573,-0.09015879,-0.11027369,-0.13460411,-0.12957077,-0.13997786,-0.17345542,1.7974781,-0.16057305,-0.12777606,-0.07092635,-0.03704006,-0.13716349,-0.16141292,-0.17793968,-0.14332479,-0.12334781,-0.13559482,-0.12023825,-0.13796529,-0.25318068,-0.26654312,-0.08372398,-0.10945694,-0.1436645,-0.09238048,-0.18714297,-0.18982565,-0.15303573,-0.09054384,-0.13230102,-0.14933364,-0.15010586,-0.15848815,-0.17001596,-0.18221664,-0.08842801,-0.12348472,-0.14070109,-0.10256614,-0.17951453,-0.19495486,-0.19010507,-0.10020153,-0.13113372,-0.08028176,-0.12803371,-0.19006202,-0.19260131,-0.19098002,-0.12273933,-0.075852804,-0.09728344,-0.11881116,-0.13635717,-0.12406494,-0.121451,-0.09475401,-0.097158045,-0.10858715,-0.082459606,-0.11295936,-0.13199043,-0.16606092,-0.1410757,-0.13650143,-0.18093297,-0.17825818,-0.19389483,-0.14463082,-0.15549555,-0.13507995,-0.119081676,-0.14001076,-0.19117098,-0.19087322,-0.1810135,-0.19755594,-0.25103784,-0.20219928,-0.18956985,-0.19085869,-0.18217747,-0.17401266,-0.27554205,-0.08916744,-0.11956477,-0.1281823,-0.15751183,-0.20931396,-0.18224281,-0.29657933,-0.32474133,-0.15522657,-0.3242122,-0.17325558,-0.17108874,-0.2185038,-0.17647925,-0.114121355,-0.14005092,-0.15388772,-0.15788373,-0.22984435,-0.18186735,-0.25859177,-0.104559675,-0.12455491,-0.13823316,-0.12399002,-0.15189947,-0.15414643,-0.15512288,-0.14014931,-0.15141064,-0.16196042,-0.15495473,-0.15289155,-0.15299776,-0.13398738,-0.12298177,-0.1461747,-0.18906727,-0.17671517,-0.21025829,-0.3990198,-0.20358716,-0.11344616,-0.1296617,-0.118379556,-0.14765272,-0.16636807,-0.18521261,-0.19098328,-0.13158512,-0.077200025,-0.15232062,-0.13964175,-0.14106366,-0.11758562,-0.19987361,-0.1649412,-0.15864035,-0.14160252,-0.12362861,-0.12722544,-0.14610182,-0.2588673,-0.10752326,-0.13074079,-0.09132757,-0.12832497,-0.12867106,-0.14946026,-0.15079178,-0.096357934,-0.08910369,-0.124141105,-0.110786796,-0.13771492,-0.1505017,-0.16951549,-0.14253098,-0.11645218,-0.17312413,-0.1515643,-0.14186656,-0.1256954,-0.14111845,-0.17466888,-0.13176009,-0.1320011,-0.14536619,-0.12278149,-0.08722703,-0.05825615,-0.14314395,-0.17082691,-0.026243303,-0.16683626,-0.2829064,-0.31316653,-0.19835845,-0.14526406,-0.14331596,-0.14862512,-0.12963767,-0.25088155,-0.19322047,-0.18749359,-0.0949008,-0.10916245,-0.10702289,-0.09358361,-0.12759323,-0.15273869,-0.15746465,-0.16653153,-0.12812386,-0.0969081,-0.16398169,-0.14264025,-0.11335766,-0.18846886,-0.1706479,-0.15362495,-0.12543544,-0.115196005,-0.11293369,-0.11662802,-0.17488019,-0.13806449,-0.13398018,-0.096878245,-0.12118898,-0.09184717,-0.12434345,-0.13520876,-0.063823454,-0.13877153,-0.11419349,-0.1337384,-0.24483351,-0.2571875,-0.29957527,-0.14587182,-0.15624258,-0.13209051,-0.19104545,-0.0782174,-0.17170195,-0.16361539,-0.09859173,-0.11065883,-0.11412512,-0.076612435,-0.083404,-0.1213824,-0.13072303,-0.13855581,-0.19385117,-0.099067844,-0.15529934,-0.19487974,-0.19062272,-0.18624121,-0.111229874,-0.14270248,-0.10280568,-0.15804356,-0.19374433,-0.17149395,-0.16880259,-0.14253889,-0.14220351,-0.10258195,-0.15290885,-0.16119777,-0.18066302,-0.19471711,-0.12101211,-0.14661181,-0.11378763,-0.08034724,-0.14304093,-0.20725825,-0.16016848,-0.125103,-0.15657571,-0.15690626,-0.14358759,-0.19202894,-0.16214272,-0.18075974,-0.2963242,-0.19982362,-0.1812219,-0.17182554,-0.19289565,-0.15759045,-0.14054683,-0.13019554,-0.12557748,-0.13814136,-0.16343789,-0.30584824,-0.166449,-0.18018249,-0.19230762,-0.11441202,-0.15006214,-0.14053297,-0.1773968,-0.16627878,-0.16378228,-0.14331086,-0.18237996,-0.1286189,-0.1530823,-0.13796873,-0.24156228,-0.17929973,-0.10331182,-0.13528487,-0.14134607,-0.17345428,-0.1105492,-0.13446844,-0.15110552,-0.15918574,-0.18157455,-0.15314204,-0.14867204,-0.19184028,-0.17492074,-0.1628395,-0.14723541,-0.14623587,-0.11499533,-0.10471026,-0.13500327,-0.20148799,-0.17599618,-0.12513243,-0.16576871,-0.18041904,-0.18738703,-0.11705899,-0.17445396,-0.25975677,-0.09284964,-0.09244216,-0.11503376,-0.1357621,-0.14764641,-0.099022105,-0.18787709
k__Bacteria|p__Actinobacteria|c__Coriobacteriia|o__Coriobacteriales|f__Atopobiaceae|g__Atopobium|s__Atopobium_minutum,-0.1004395,-0.12316422,-0.14154294,-0.20428483,-0.16581124,-0.19344383,-0.1666669,-0.14481823,-0.12453192,-0.18289053,-0.18306789,-0.23448536,-0.17008501,-0.20726576,-0.103446215,-0.10014991,-0.058144663,-0.099821396,-0.10756012,-0.17047328,-0.1978925,-0.12536043,-0.13597316,-0.15200423,-0.17142737,-0.11658599,-0.16632771,-0.17368087,-0.1509206,-0.12124001,-0.13468267,-0.10578743,-0.14800148,-0.19626787,-0.18924347,-0.2175087,-0.16008651,-0.22338755,-0.1974698,-0.29867563,-0.29210672,-0.19906762,-0.10736542,-0.09162698,-0.13691942,-0.1545443,-0.23188588,-0.19318044,-0.1463846,-0.2026537,-0.18183184,-0.18279888,-0.19757852,-0.20048967,-0.20720387,-0.15830064,-0.12572932,-0.14384216,-0.09212939,-0.09576818,-0.17068094,-0.14223668,-0.13743341,-0.14678647,-0.12719077,-0.15079856,-0.2613474,-0.22333384,-0.1880384,-0.20047067,-0.14563748,-0.14898005,-0.13084543,-0.1428298,-0.15099189,-0.16390312,-0.14649922,-0.16278498,-0.15856683,-0.14998752,-0.14661533,-0.15672654,-0.15295318,-0.22480208,-0.120334074,-0.1412926,-0.11821936,-0.16057754,-0.17381498,-0.15535858,-0.16771987,-0.11139822,-0.1388583,-0.13027036,-0.12841916,-0.15152657,-0.141589,-0.11548366,-0.10065024,-0.09062585,-0.10566013,-0.12064257,-0.13483092,-0.15027548,-0.15996732,-0.1185138,-0.11129953,-0.1578567,-0.17738779,-0.13433872,-0.16378313,-0.25953975,-0.14834411,-0.13241152,-0.14175285,-0.15095688,-0.17780018,-0.16317406,-0.22917573,-0.09015879,-0.10970667,-0.13456818,-0.12985134,-0.13997786,-0.17322621,-0.13908121,-0.16057305,-0.12777606,-0.07092635,-0.03704006,-0.13672514,-0.16169162,-0.17856468,-0.14332479,-0.12334781,-0.13521239,-0.12023825,-0.13822539,-0.25318068,-0.26654312,-0.083372936,-0.10945694,-0.14460295,-0.09238048,-0.18691902,-0.18984641,-0.15255672,-0.09017086,-0.13230102,-0.14917105,-0.1500619,-0.15874594,-0.17016655,-0.18358411,-0.0878033,-0.124073,-0.1413291,-0.10256614,-0.17951453,-0.19495486,-0.1914841,-0.100085914,-0.13113372,-0.08081657,-0.1281166,-0.19006202,-0.19304916,-0.19148731,-0.123447046,-0.0752188,-0.09736501,-0.118775316,-0.13644192,-0.12406494,-0.121451,-0.09481512,-0.09698482,-0.10858621,-0.082459606,-0.11308348,-0.13209595,-0.16689414,-0.1410757,-0.13585484,-0.18093297,-0.17825818,-0.19428614,-0.14470558,-0.15549555,-0.13566805,-0.119081676,-0.14001076,-0.19117098,-0.19093366,-0.18088847,-0.19755594,-0.25103784,-0.20219928,-0.18872795,-0.19024993,-0.18218108,-0.17344865,-0.27554205,-0.08916744,-0.11956477,-0.12714437,-0.15751183,-0.20931396,-0.18224281,-0.29657933,-0.32474133,-0.15202564,-0.3242122,-0.17325558,-0.17108874,-0.2185038,-0.17647925,-0.114121355,-0.13927794,-0.15388772,-0.15788373,-0.22984435,-0.18186735,-0.26159143,-0.104430966,-0.12455491,-0.13807325,-0.12394417,-0.15189947,-0.15473422,-0.15606552,-0.14014931,-0.15141064,-0.16283765,-0.15469982,-0.15324593,-0.15298721,-0.13404499,-0.122731276,-0.1458093,-0.18989268,-0.17697644,-0.21025829,-0.3990198,-0.20520316,-0.11343391,-0.1296617,-0.11897023,-0.14770241,-0.16636807,-0.18610951,-0.19124827,-0.13122956,-0.07667846,-0.15311366,-0.1393286,-0.14106366,-0.11805341,-0.19987361,-0.1649412,-0.1577566,-0.14162782,-0.12355316,-0.12722544,-0.14610182,-0.2588673,-0.10731818,-0.13074079,-0.09132757,-0.12832497,-0.12891039,-0.1490409,-0.15150854,-0.09639606,-0.08910369,-0.12436123,-0.1103933,-0.13764063,-0.1503028,-0.17039701,-0.14263064,-0.115794465,-0.17344674,-0.15138572,-0.14215238,-0.1252954,-0.14203861,-0.17466888,-0.13176009,-0.13209763,-0.14568642,-0.12305734,-0.08722703,-0.05825615,-0.14333597,-0.17082691,-0.026243303,-0.16630617,-0.2829064,-0.31316653,-0.19962175,-0.14547813,-0.14331596,-0.14862512,-0.12963767,-0.25088155,-0.19378698,-0.18838358,-0.094559506,-0.109396115,-0.10702289,-0.09475415,-0.12759323,-0.15263334,-0.15746465,-0.16697377,-0.12812386,-0.0969081,-0.16398169,-0.14349267,-0.11335766,-0.18846886,-0.1706479,-0.15355253,-0.12565589,-0.115196005,-0.11337494,-0.11662802,-0.1757245,-0.13842961,-0.13454783,-0.096878245,-0.121418595,-0.091802955,-0.12434345,-0.13528782,-0.063823454,-0.13877153,-0.11419349,-0.13360114,-0.24483351,-0.2571875,-0.29957527,-0.14611655,-0.15650696,-0.132244,-0.19104545,-0.0782174,-0.17234197,-0.16414103,-0.09859173,-0.11065883,-0.11425981,-0.076612435,-0.083404,-0.1213824,-0.13072303,-0.13855581,-0.19385117,-0.09928501,-0.15529391,-0.19487974,-0.19035989,-0.1868413,-0.1110744,-0.14243942,-0.10299979,-0.15913394,-0.19416307,-0.173565,-0.16856134,-0.14258085,-0.14259085,-0.10178316,-0.1530098,-0.16111901,-0.18038842,-0.19520411,-0.121139035,-0.14722262,-0.113419704,-0.08000915,-0.14331189,-0.20725825,-0.16013685,-0.125103,-0.15657571,-0.15690626,-0.14327602,-0.19202894,-0.16198456,-0.18156606,-0.2963242,-0.19796321,-0.18085888,-0.17084831,-0.19258419,-0.15739107,-0.14054683,-0.13020943,-0.12557748,-0.13814098,-0.16294494,-0.30584824,-0.16577706,-0.18086839,-0.19208175,-0.11441202,-0.15034002,-0.14014828,-0.17748465,-0.16648859,-0.16429529,-0.14331086,-0.18237996,-0.12805264,-0.15315998,-0.13810055,-0.24156228,-0.17827693,-0.10316956,-0.13467084,-0.14184114,-0.17422852,-0.10995369,-0.13421571,-0.15208536,-0.1597969,-0.18080616,-0.15423113,-0.1489577,-0.19184028,-0.17466931,-0.16382422,-0.14723541,-0.14623587,-0.11499533,-0.10471026,-0.13507888,-0.20148799,-0.17651671,-0.12513243,-0.16466248,-0.18041904,-0.18738703,-0.11705899,-0.17671764,-0.26051217,-0.09266971,-0.092312545,-0.114622846,-0.13613147,-0.14801612,-0.09853022,-0.18861836
k__Bacteria|p__Actinobacteria|c__Actinomycetia|o__Bifidobacteriales|f__Bifidobacteriaceae|g__Bifidobacterium|s__Bifidobacterium_canis,-0.1004395,-0.12316422,-0.1407434,-0.20428483,-0.16615985,-0.19317403,-0.1666669,-0.14492047,-0.12520528,-0.18353237,-0.18340726,-0.21277572,-0.1722393,-0.2006205,-0.10322163,-0.09857674,-0.058144663,-0.09948125,-0.10737616,-0.1706305,-0.1978925,-0.12536043,-0.13632928,-0.15245648,-0.17125085,-0.11658599,-0.16786093,-0.17420553,-0.1509206,-0.12124001,-0.13531989,-0.10537719,-0.14819334,-0.19487533,-0.18928568,-0.2175087,-0.15976326,-0.22338755,-0.1959771,-0.29867563,-0.29210672,-0.1974847,-0.107296884,-0.09162698,-0.13691942,-0.15469018,-0.23188588,-0.19331466,-0.1466831,-0.2026537,-0.18313253,-0.18279888,-0.19502619,-0.19599512,-0.19906184,-0.15945546,-0.12558155,-0.14378402,-0.09232223,-0.09533008,-0.17129888,-0.14261252,-0.13743341,-0.14686197,-0.12719077,-0.15159857,-0.2613474,-0.22333384,-0.1883635,-0.20047067,-0.14563954,-0.14932841,-0.13027923,-0.14235437,-0.15100163,-0.16388997,-0.14712913,-0.16278498,-0.15876137,-0.14998752,-0.14739037,-0.15658648,-0.15321805,-0.22480208,-0.120334074,-0.14158313,-0.1180031,-0.161121,-0.17388827,-0.1551283,-0.16833618,-0.11139822,-0.1388583,-0.13027036,-0.12900269,-0.15152657,-0.14325348,-0.11571479,-0.10065024,-0.090449125,-0.105656266,-0.12043679,-0.13499191,-0.15027548,-0.1607313,-0.1185138,-0.11129953,-0.1578567,-0.17738779,-0.13303441,-0.16289732,-0.25953975,-0.14857328,-0.13242222,-0.14103329,-0.15095688,-0.17780018,-0.16290781,-0.22917573,-0.09015879,-0.11017004,-0.13459781,-0.12949857,-0.13997786,-0.173564,-0.13908121,-0.16057305,-0.12777606,-0.07092635,-0.03704006,-0.13682932,-0.16241269,-0.17889363,-0.14332479,-0.12334781,-0.13625827,-0.12023825,-0.13832963,-0.25318068,-0.26654312,-0.083630875,-0.10945694,-0.14504087,-0.09238048,-0.18784991,-0.18962815,-0.15310782,-0.09026959,-0.13230102,-0.1495557,-0.1500684,-0.15866269,-0.17031683,-0.18423468,-0.087627016,-0.123420894,-0.14087895,-0.10256614,-0.17951453,-0.19495486,-0.19096759,-0.100017756,-0.13113372,-0.078570776,-0.1281476,-0.19006202,-0.19289029,-0.19134146,-0.12365891,-0.07547338,-0.0969689,-0.11822985,-0.13668033,-0.12406494,-0.121451,-0.094230115,-0.09672843,-0.10875866,-0.082459606,-0.11300835,-0.13291328,-0.1674401,-0.1410757,-0.1361132,-0.18093297,-0.17825818,-0.19341174,-0.14460385,-0.15549555,-0.13535352,-0.119081676,-0.14001076,-0.19117098,-0.19003092,-0.18050857,-0.19755594,-0.25103784,-0.20219928,-0.19013193,-0.19029441,-0.1824283,-0.17322457,-0.27554205,-0.08916744,-0.11956477,-0.12818241,-0.15751183,-0.20931396,-0.18224281,-0.29657933,-0.32474133,-0.15291673,-0.3242122,-0.17325558,-0.17108874,-0.2185038,-0.17647925,-0.114121355,-0.13963258,-0.15388772,-0.15788373,-0.22984435,-0.18186735,-0.25116652,-0.10420265,-0.12455491,-0.13872722,-0.124372035,0.9155113,-0.15537198,-0.15663803,-0.14014931,-0.15141064,-0.16322069,-0.15494743,-0.15343067,-0.15284377,-0.13400124,-0.12313929,-0.14642516,-0.19025937,-0.1767044,-0.21025829,-0.3990198,-0.2014533,-0.1135696,-0.1296617,-0.11828778,-0.14818603,-0.16636807,-0.18694042,-0.1915867,-0.13161086,-0.076926015,-0.15321964,-0.13998926,-0.14106366,-0.11820641,-0.19987361,-0.1649412,-0.15838413,-0.14107522,-0.12373975,-0.12722544,-0.14610182,-0.2588673,-0.10713309,-0.13074079,-0.09132757,-0.12832497,-0.12946934,-0.14999546,-0.15224871,-0.09635262,-0.08910369,-0.124458134,-0.11059621,-0.13778143,-0.15090734,-0.17040847,-0.14286754,-0.11673324,-0.17376755,-0.15201074,-0.14242642,-0.12503166,-0.14264691,-0.17466888,-0.13176009,-0.13233772,-0.14582437,-0.12301619,-0.08722703,-0.05825615,-0.14353192,-0.17082691,-0.026243303,-0.1659758,-0.2829064,-0.31316653,-0.1974146,-0.14559276,-0.14331596,-0.14862512,-0.12963767,-0.25088155,-0.19286855,-0.18850084,-0.094866306,-0.109304264,-0.10702289,-0.09389149,-0.12759323,-0.15321067,-0.15746465,-0.16673526,-0.12812386,-0.0969081,-0.16398169,-0.14414391,-0.11335766,-0.18846886,-0.1706479,-0.15360124,-0.1256885,-0.115196005,-0.11284596,-0.11662802,-0.17661703,-0.13836607,-0.1345088,-0.096878245,-0.120955124,-0.09205164,-0.12434345,-0.13646367,-0.063823454,-0.13877153,-0.11419349,-0.13359064,-0.24483351,-0.2571875,-0.29957527,-0.1458595,-0.15656699,-0.13190061,-0.19104545,-0.0782174,-0.17192343,-0.16428012,-0.09859173,-0.11065883,-0.11535084,-0.076612435,-0.083404,-0.1213824,-0.13072303,-0.13855581,-0.19385117,-0.09856685,-0.15525556,-0.19487974,-0.19073007,-0.1866593,-0.11135527,-0.14302671,-0.103372246,-0.15925102,-0.19333375,-0.1727487,-0.16925675,-0.14269392,-0.1423076,-0.10121472,-0.15324038,-0.16134655,-0.18070738,-0.19455558,-0.121353626,-0.14750235,-0.11420406,-0.08033396,-0.14202759,-0.20725825,-0.16067675,-0.125103,-0.15657571,-0.15690626,-0.14338419,-0.19202894,-0.1624678,-0.18232328,-0.2963242,-0.19518936,-0.18065403,-0.17152928,-0.19204561,-0.15717977,-0.14054683,-0.13027158,-0.12557748,-0.13848409,-0.16246523,-0.30584824,-0.16616386,-0.1812552,-0.19240421,-0.11441202,-0.15090261,-0.14047585,-0.17764181,-0.16650675,-0.16482201,-0.14331086,-0.18237996,-0.12789641,-0.15302047,-0.13614497,-0.24156228,-0.17937547,-0.103066,-0.13506156,-0.14191756,-0.17434217,-0.11045719,-0.13451289,-0.1527971,-0.15965086,-0.18126443,-0.15420479,-0.14887995,-0.19184028,-0.17500974,-0.1645249,-0.14723541,-0.14623587,-0.11499533,-0.10471026,-0.13500428,-0.20148799,-0.17717615,-0.12513243,-0.16568929,-0.18041904,-0.18738703,-0.11705899,-0.177023,-0.25776577,-0.09250942,-0.09239105,-0.11460106,-0.13599071,-0.14783007,-0.09846775,-0.18913215
k__Bacteria|p__Actinobacteria|c__Actinomycetia|o__Bifidobacteriales|f__Bifidobacteriaceae|g__Bifidobacterium|s__Bifidobacterium_moukalabense,-0.1004395,-0.12316422,-0.14200613,-0.20428483,-0.1666407,-0.1944705,-0.1666669,-0.14584447,-0.1252544,-0.18492317,-0.18340838,-0.22772896,-0.1717529,-0.20588394,-0.10354522,-0.09987258,-0.058144663,-0.100529894,-0.10807304,-0.17176314,-0.1978925,-0.12536043,-0.13707116,-0.15335433,-0.1725367,-0.11658599,-0.16798258,-0.17497079,-0.1509206,-0.12124001,-0.13559417,-0.10591206,-0.14900672,-0.19688918,-0.19057879,-0.2175087,-0.16034481,-0.22338755,-0.1977426,-0.29867563,-0.29210672,-0.19984025,-0.10774072,-0.09162698,-0.13691942,-0.15553302,-0.23188588,-0.19437382,-0.14714682,-0.2026537,-0.18253015,-0.18279888,-0.19785038,-0.20017634,-0.20614913,-0.16032676,-0.12641603,-0.14471754,-0.09274708,-0.09622899,-0.17221239,-0.14336923,-0.13743341,-0.14766017,-0.12719077,-0.15213768,-0.2613474,-0.22333384,-0.1891546,-0.20047067,-0.14667805,-0.150003,-0.13145204,-0.1437661,-0.15249339,-0.1651167,-0.14764233,-0.16278498,-0.15916727,-0.14998752,-0.14797077,-0.15760192,-0.15411861,-0.22480208,-0.120334074,-0.14233813,-0.118899345,-0.16210563,-0.17503032,-0.15603122,-0.16912892,-0.11139822,-0.1388583,-0.13027036,-0.12953295,-0.15152657,-0.14295045,-0.1161218,-0.10065024,-0.09091787,-0.10634061,-0.12133768,-0.13583583,-0.15027548,-0.16126682,-0.1185138,-0.11129953,-0.1578567,-0.17738779,-0.13484451,-0.1644412,-0.25953975,-0.14923447,-0.13301396,-0.14247276,-0.15095688,-0.17780018,-0.16359508,-0.22917573,-0.09015879,-0.11047487,-0.13534892,-0.13051412,-0.13997786,-0.17426984,-0.13908121,-0.16057305,-0.12777606,-0.07092635,-0.03704006,-0.13761869,-0.16314578,-0.17979603,-0.14332479,-0.12334781,-0.13627134,-0.12023825,-0.13946325,-0.25318068,-0.26654312,-0.08389783,-0.10945694,-0.1458843,-0.09238048,-0.18863398,-0.19087632,-0.15352604,-0.09066395,-0.13230102,-0.15024199,-0.15096337,-0.15980896,-0.17129505,-0.18537186,-0.08809052,-0.12452996,-0.14190856,-0.10256614,-0.17951453,-0.19495486,-0.19256756,-0.10062258,-0.13113372,-0.08068848,-0.12921613,-0.19006202,-0.19416052,-0.19257766,-0.12424974,-0.07543392,-0.09773045,-0.11922977,-0.13743374,-0.12406494,-0.121451,-0.09500533,-0.097200744,-0.10917536,-0.082459606,-0.11376562,-0.13329458,-0.1682279,-0.1410757,-0.1366567,-0.18093297,-0.17825818,-0.1950844,-0.14547136,-0.15549555,-0.13641587,0.7187436,0.82769835,-0.19117098,-0.19158867,-0.18167995,-0.19755594,-0.25103784,-0.20219928,-0.19014928,-0.19127965,-0.18338321,-0.17430143,-0.27554205,-0.08916744,-0.11956477,-0.12817916,-0.15751183,-0.20931396,-0.18224281,-0.29657933,-0.32474133,-0.15269783,-0.3242122,-0.17325558,-0.17108874,-0.2185038,-0.17647925,-0.114121355,-0.14010142,-0.15388772,-0.15788373,-0.22984435,-0.18186735,-0.25834167,-0.10488221,-0.12455491,-0.13921091,-0.12494302,-0.15189947,-0.15616441,-0.15720655,-0.14014931,-0.15141064,-0.16423418,-0.15564263,-0.1542843,-0.15367413,-0.1346946,-0.123641655,-0.1468692,-0.19174305,-0.1774013,-0.21025829,-0.3990198,-0.20563214,-0.1140589,-0.1296617,-0.11947702,-0.1489778,-0.16636807,-0.18782566,-0.19242722,-0.13197258,-0.07719549,-0.1543968,-0.14044632,-0.14106366,-0.11875118,-0.19987361,-0.1649412,-0.15852147,-0.14213346,-0.12433934,-0.12722544,-0.14610182,-0.2588673,-0.10776389,-0.13074079,-0.09132757,-0.12832497,-0.13017917,-0.15026256,-0.1528213,-0.096817285,-0.08910369,-0.12524574,-0.11111027,-0.13862395,-0.15143901,-0.17162445,-0.14354369,-0.11675125,-0.17487259,-0.15241243,-0.14327301,-0.12580492,-0.14320225,-0.17466888,-0.13176009,-0.13304965,-0.14662889,-0.1236513,-0.08722703,-0.05825615,-0.14422996,-0.17082691,-0.026243303,-0.16645497,-0.2829064,-0.31316653,-0.2001106,-0.14643851,-0.14331596,-0.14862512,-0.12963767,-0.25088155,-0.19446231,-0.1896075,-0.09514393,-0.11004336,-0.10702289,-0.09543306,-0.12759323,-0.15376693,-0.15746465,-0.16779305,-0.12812386,-0.0969081,-0.16398169,-0.14493051,-0.11335766,-0.18846886,-0.1706479,-0.1543232,-0.12637773,-0.115196005,-0.11394499,-0.11662802,-0.17729454,-0.13923077,-0.13531962,-0.096878245,-0.121906355,-0.09251915,-0.12434345,-0.13655457,-0.063823454,-0.13877153,-0.11419349,-0.13457155,-0.24483351,-0.2571875,-0.29957527,-0.14689612,-0.15763223,-0.13303068,-0.19104545,-0.0782174,-0.17317793,-0.16531666,-0.09859173,-0.11065883,-0.11524871,-0.076612435,-0.083404,-0.1213824,-0.13072303,-0.13855581,-0.19385117,-0.09965432,-0.15630372,-0.19487974,-0.19149928,-0.18797559,-0.11175296,-0.1435334,-0.10371186,-0.16057682,-0.1950234,-0.17470334,-0.16977875,-0.14341052,-0.14327733,-0.10191662,-0.1542098,-0.16219604,-0.18144225,-0.19606383,-0.12197651,-0.14830604,-0.114094585,-0.0806673,-0.14402382,-0.20725825,-0.16102052,-0.125103,-0.15657571,-0.15690626,-0.14401928,-0.19202894,-0.16304639,-0.18318713,-0.2963242,-0.19697185,-0.18199074,-0.17214134,-0.1935392,-0.15810959,-0.14054683,-0.13094254,-0.12557748,-0.13892323,-0.16381976,-0.30584824,-0.16668203,-0.1823019,-0.19317639,-0.11441202,-0.15180057,-0.14116238,-0.17871177,-0.16756617,-0.16554469,-0.14331086,-0.18237996,-0.12836698,-0.15420659,-0.1382947,-0.24156228,-0.17926152,-0.10372417,-0.13555956,-0.14294606,-0.17548646,-0.110688984,-0.13515645,-0.15362376,-0.16076,-0.18182972,-0.15556538,-0.15006986,-0.19184028,-0.1757038,-0.16518438,-0.14723541,-0.14623587,-0.11499533,-0.10471026,-0.13620746,-0.20148799,-0.17778373,-0.12513243,-0.16575643,-0.18041904,-0.18738703,-0.11705899,-0.17847022,-0.26032293,-0.0929452,-0.09282562,-0.115213335,-0.1370314,-0.1489393,-0.09899959,-0.19029346
k__Bacteria|p__Actinobacteria|c__Actinomycetia|o__Corynebacteriales|f__Corynebacteriaceae|g__Corynebacterium|s__Corynebacterium_kroppenstedtii,-0.1004395,-0.12316422,-0.14252202,-0.20428483,-0.16840534,-0.19367155,-0.1666669,-0.14523578,-0.1256339,-0.18336993,-0.18404129,-0.22244847,-0.1686467,-0.20337829,-0.10332434,-0.099123165,-0.058144663,-0.09940167,-0.108499974,-0.17110793,-0.1978925,-0.12536043,-0.13664994,-0.15238439,-0.17169236,-0.11658599,-0.16801456,-0.17361727,-0.1509206,-0.12124001,-0.13540573,-0.10634588,-0.1486868,-0.1957607,-0.18881513,-0.2175087,-0.1625778,-0.22338755,-0.1975272,-0.29867563,-0.29210672,-0.19743353,-0.10726219,-0.09162698,-0.13691942,-0.15563859,-0.23188588,-0.1943595,-0.14674191,-0.2026537,-0.1858758,-0.18279888,-0.19754758,-0.19811743,-0.20151988,-0.15607554,-0.12596634,-0.14386186,-0.09236325,-0.09599857,-0.17157564,-0.14245844,-0.13743341,-0.14722937,-0.12719077,-0.15166417,-0.2613474,-0.22333384,-0.18957466,-0.20047067,-0.14569876,-0.14950144,-0.1309546,-0.14286599,-0.15017006,-0.16398093,-0.14653957,-0.16278498,-0.1605525,-0.14998752,-0.14758146,-0.15771782,-0.1534878,-0.22480208,-0.120334074,-0.14172673,-0.11879304,-0.16096662,-0.17420737,-0.1563759,-0.16811347,-0.11139822,-0.1388583,-0.13027036,-0.12872666,-0.15152657,-0.14315432,-0.11547256,-0.10065024,-0.09079671,-0.10551036,-0.12060274,-0.13529558,-0.15027548,-0.16035226,-0.1185138,-0.11129953,-0.1578567,-0.17738779,-0.13326809,-0.16472086,-0.25953975,-0.14915055,-0.13320807,-0.1418884,-0.15095688,-0.17780018,-0.16475683,-0.22917573,0.8237863,-0.11065583,-0.13508181,-0.12977603,-0.13997786,-0.17428586,-0.13908121,-0.16057305,-0.12777606,-0.07092635,-0.03704006,-0.1377129,-0.16230562,-0.17884952,-0.14332479,-0.12334781,-0.1361321,-0.12023825,-0.13830455,-0.25318068,-0.26654312,-0.0838483,-0.10945694,-0.14397895,-0.09238048,-0.18808688,-0.19067457,-0.15331632,-0.090685256,-0.13230102,-0.14993677,-0.15068872,-0.15920325,-0.1709455,-0.18317312,-0.08852796,-0.123668,-0.14114165,-0.10256614,-0.17951453,-0.19495486,-0.1907644,-0.100359805,-0.13113372,-0.079288766,-0.12787506,-0.19006202,-0.19363219,-0.19174713,-0.12327922,-0.07604033,-0.09727748,-0.11874377,-0.13665165,-0.12406494,-0.121451,-0.09472115,-0.09685665,-0.1084903,-0.082459606,-0.11281547,-0.13231939,-0.16680406,-0.1410757,-0.13708991,-0.18093297,-0.17825818,-0.19446403,-0.1449176,-0.15549555,-0.13537909,-0.119081676,-0.14001076,-0.19117098,-0.1917671,-0.18207513,-0.19755594,-0.25103784,-0.20219928,-0.19109017,-0.19203062,-0.18276468,-0.1746651,-0.27554205,-0.08916744,-0.11956477,-0.12861954,-0.15751183,-0.20931396,-0.18224281,-0.29657933,-0.32474133,-0.15415223,-0.3242122,-0.17325558,-0.17108874,-0.2185038,-0.17647925,-0.114121355,-0.14072041,-0.15388772,-0.15788373,-0.22984435,-0.18186735,-0.25476766,-0.10473396,-0.12455491,-0.13877197,-0.12435122,-0.15189947,-0.15507895,-0.15591826,-0.14014931,-0.15141064,-0.16296327,-0.15600762,-0.15372205,-0.15349361,-0.1339612,-0.123506695,-0.14686891,-0.19009872,-0.17739573,-0.21025829,-0.3990198,-0.2002981,-0.11358821,-0.1296617,-0.11825915,-0.148111,-0.16636807,-0.18634975,-0.19186395,-0.13207656,-0.07718359,-0.15290493,-0.14026432,-0.14106366,-0.11800221,-0.19987361,-0.1649412,-0.15973905,-0.141777,-0.12377197,-0.12722544,-0.14610182,-0.2588673,-0.107611835,-0.13074079,-0.09132757,-0.12832497,-0.12915075,-0.15042529,-0.15160954,-0.09642638,-0.08910369,-0.124279,-0.1109834,-0.13811679,-0.15122941,-0.17010343,-0.14323445,-0.11695669,-0.17397565,-0.1522342,-0.14239885,-0.12607256,-0.14153124,-0.17466888,-0.13176009,-0.1324198,-0.14589854,-0.12300527,-0.08722703,-0.05825615,-0.14369985,-0.17082691,-0.026243303,-0.16721843,-0.2829064,-0.31316653,-0.1971247,-0.14591819,0.89999557,-0.14862512,-0.12963767,-0.25088155,-0.19427358,-0.18843909,-0.09507361,-0.10934837,-0.10702289,-0.09315017,-0.12759323,-0.15319511,-0.15746465,-0.16727777,-0.12812386,-0.0969081,-0.16398169,-0.14335391,-0.11335766,-0.18846886,-0.1706479,-0.15448886,-0.12598458,-0.115196005,-0.11282316,-0.11662802,-0.17562109,-0.13863233,-0.13434744,-0.096878245,-0.12113313,-0.091788724,-0.12434345,-0.135916,-0.063823454,-0.13877153,-0.11419349,-0.1341539,-0.24483351,-0.2571875,-0.29957527,-0.1464476,-0.15694237,-0.1324462,-0.19104545,-0.0782174,-0.172363,-0.16422783,-0.09859173,-0.11065883,-0.11465639,-0.076612435,-0.083404,-0.1213824,-0.13072303,-0.13855581,-0.19385117,-0.0993838,-0.15609208,-0.19487974,-0.19174524,-0.1868636,-0.11154325,-0.1434672,-0.10308128,-0.15897407,-0.19439745,-0.17166129,-0.16949049,-0.14317736,-0.14261878,-0.10253533,-0.15337683,-0.16196874,-0.18144545,-0.19502869,-0.12144202,-0.14720301,-0.114094764,-0.08025173,-0.14319092,-0.20725825,-0.16134152,-0.125103,-0.15657571,-0.15690626,-0.14416422,-0.19202894,-0.163216,-0.18181366,-0.2963242,-0.1997656,-0.18134382,-0.17242774,-0.19354996,-0.15790308,-0.14054683,-0.13062319,-0.12557748,-0.13853186,-0.16396002,-0.30584824,-0.16774596,-0.18106866,-0.1933223,-0.11441202,-0.15052272,-0.14108786,-0.17833893,-0.16725492,-0.16448289,-0.14331086,-0.18237996,-0.12906654,-0.15360944,-0.13781685,-0.24156228,-0.18047863,-0.10349706,-0.13598394,-0.1419253,-0.17441395,-0.11091226,-0.13499121,-0.15185629,-0.15994531,-0.18273038,-0.1537314,-0.14941736,-0.19184028,-0.17622149,-0.16384,-0.14723541,-0.14623587,-0.11499533,-0.10471026,-0.1351394,-0.20148799,-0.17722777,-0.12513243,-0.1666658,-0.18041904,-0.18738703,-0.11705899,-0.1752559,-0.25915945,-0.0928445,-0.09242532,-0.115267485,-0.13596411,-0.14805348,-0.099015936,-0.18883795
k__Bacteria|p__Actinobacteria|c__Actinomycetia|o__Bifidobacteriales|f__Bifidobacteriaceae|g__Parascardovia|s__Parascardovia_denticolens,-0.1004395,-0.12316422,-0.14185922,-0.20428483,-0.16695414,-0.19363406,-0.1666669,-0.1449479,-0.12509447,-0.18323185,-0.18380722,-0.22804412,-0.16983372,-0.2060039,-0.10314415,-0.099435225,-0.058144663,-0.099266656,-0.10775854,-0.1706282,-0.1978925,-0.12536043,-0.13600889,-0.15196055,-0.17145748,-0.11658599,-0.16723073,-0.17364101,-0.1509206,-0.12124001,-0.13501567,-0.10588957,-0.14834635,-0.1959596,-0.18913862,-0.2175087,-0.16100794,-0.22338755,-0.19761696,-0.29867563,-0.29210672,-0.19847028,-0.10708402,-0.09162698,-0.13691942,-0.15496886,-0.23188588,-0.19373336,-0.14660615,-0.2026537,-0.18395849,-0.18279888,-0.19761893,-0.19911137,-0.20402884,-0.15709752,-0.12558493,-0.14363563,-0.09184269,-0.09546761,-0.17099547,-0.1420047,-0.13743341,-0.14685276,-0.12719077,-0.15127407,-0.2613474,-0.22333384,-0.18880549,-0.20047067,-0.14540966,-0.14908051,-0.13073817,-0.14259496,-0.15016425,-0.16353676,-0.14635679,-0.16278498,-0.15952069,-0.14998752,-0.14694066,-0.15715781,-0.15300962,-0.22480208,-0.120334074,-0.1413944,-0.11820653,-0.1605068,-0.17380656,-0.15580857,-0.16799909,-0.11139822,-0.1388583,-0.13027036,-0.12835681,-0.15152657,-0.1423464,-0.11524153,-0.10065024,-0.09042823,-0.10526052,-0.120284714,-0.13481587,-0.15027548,-0.16011696,-0.1185138,-0.11129953,-0.1578567,-0.17738779,-0.13352282,-0.16423789,-0.25953975,-0.14864933,-0.13279098,-0.14170094,-0.15095688,-0.17780018,-0.16390741,-0.22917573,-0.09015879,-0.10999468,-0.13468392,-0.12958297,-0.13997786,-0.1738411,-0.13908121,-0.16057305,-0.12777606,-0.07092635,-0.03704006,-0.1370253,-0.16189629,-0.1786856,-0.14332479,-0.12334781,-0.13574503,-0.12023825,-0.13809416,-0.25318068,-0.26654312,-0.08331221,-0.10945694,-0.14420974,-0.09238048,-0.18771635,-0.19035435,-0.15314388,-0.090133175,-0.13230102,-0.14949244,-0.15027231,-0.1588292,-0.17042229,-0.18327743,-0.08784607,-0.123567894,-0.1411829,-0.10256614,-0.17951453,-0.19495486,-0.1910452,-0.099939965,-0.13113372,-0.079644516,-0.12773861,-0.19006202,-0.19331151,-0.1917606,-0.12307256,-0.07525559,-0.09702905,-0.118531145,-0.13644186,-0.12406494,-0.121451,-0.09445056,-0.09672254,-0.10845852,-0.082459606,-0.11276949,-0.13206346,-0.16679356,-0.1410757,-0.13635845,-0.18093297,-0.17825818,-0.19446349,-0.14471702,-0.15549555,-0.13528103,-0.119081676,-0.14001076,-0.19117098,-0.19144167,-0.18157044,-0.19755594,-0.25103784,-0.20219928,-0.19020432,-0.1912444,-0.18264839,-0.17420623,-0.27554205,-0.08916744,-0.11956477,-0.12796122,-0.15751183,-0.20931396,-0.18224281,-0.29657933,-0.32474133,-0.15428424,-0.3242122,-0.17325558,-0.17108874,-0.2185038,-0.17647925,-0.114121355,-0.13996822,-0.15388772,-0.15788373,-0.22984435,-0.18186735,-0.25897402,-0.104308724,-0.12455491,-0.13835597,-0.123926125,-0.15189947,-0.15463215,-0.15582672,-0.14014931,-0.15141064,-0.1626542,-0.15516078,-0.15334865,-0.15320241,-0.13402021,-0.12288742,-0.14623925,-0.18999578,-0.17720407,-0.21025829,-0.3990198,-0.20367485,-0.113354824,-0.1296617,-0.118363954,-0.14777759,-0.16636807,-0.18625991,-0.19168933,-0.1316462,-0.07655014,-0.15273789,-0.13971502,-0.14106366,-0.117607065,-0.19987361,-0.1649412,-0.15882862,-0.14172432,-0.12353223,-0.12722544,-0.14610182,-0.2588673,-0.10725296,-0.13074079,-0.09132757,-0.12832497,-0.12880611,-0.14962092,-0.15140772,-0.09612912,-0.08910369,-0.12417379,-0.11045418,-0.1377793,-0.1506981,-0.17016338,-0.14278373,-0.116280496,-0.17375764,-0.15180865,-0.14213184,-0.12546422,-0.14167598,-0.17466888,-0.13176009,-0.13213043,-0.14560418,-0.12279168,-0.08722703,-0.05825615,-0.14335936,-0.17082691,-0.026243303,-0.16706526,-0.2829064,-0.31316653,-0.19894516,-0.14551193,-0.14331596,-0.14862512,-0.12963767,-0.25088155,-0.19388413,-0.18843865,-0.09449907,-0.109087184,-0.10702289,-0.09337057,-0.12759323,-0.15292417,-0.15746465,-0.16697106,-0.12812386,-0.0969081,-0.16398169,-0.14310306,-0.11335766,-0.18846886,-0.1706479,-0.15390685,-0.12556553,-0.115196005,-0.1127961,-0.11662802,-0.1757655,-0.13826087,-0.13422012,-0.096878245,-0.12108206,-0.09147358,-0.12434345,-0.13553433,-0.063823454,-0.13877153,-0.11419349,-0.13368088,-0.24483351,-0.2571875,-0.29957527,-0.14611918,-0.15662397,-0.13205212,-0.19104545,-0.0782174,-0.17244336,-0.16409995,-0.09859173,-0.11065883,-0.11424895,-0.076612435,-0.083404,-0.1213824,-0.13072303,-0.13855581,-0.19385117,-0.09888028,-0.15555835,-0.19487974,-0.19118232,-0.18693118,-0.1110812,-0.14292775,-0.1026766,-0.15871805,-0.19423497,-0.17250523,-0.16921376,-0.14270638,-0.14243244,-0.10201478,-0.15316866,-0.1614343,-0.18115035,-0.19540973,-0.12099606,-0.14704163,-0.11375125,-0.07985871,-0.14289853,-0.20725825,-0.16072956,-0.125103,-0.15657571,-0.15690626,-0.14366987,-0.19202894,-0.16247816,-0.18168858,-0.2963242,-0.19962002,-0.18142137,-0.17185244,-0.19335893,-0.15766034,-0.14054683,-0.13025047,-0.12557748,-0.13831952,-0.16368319,-0.30584824,-0.16687824,-0.18096188,-0.19280586,-0.11441202,-0.1503436,-0.14050691,-0.17794959,-0.16668534,-0.1643714,-0.14331086,-0.18237996,-0.1285174,-0.15341268,-0.13766015,-0.24156228,-0.17979431,-0.103066,-0.13520008,-0.14160936,-0.17415613,-0.11028305,-0.13446435,-0.1517843,-0.15974121,-0.18198988,-0.15375149,-0.14883451,-0.19184028,-0.17535588,-0.1636849,-0.14723541,-0.14623587,-0.11499533,-0.10471026,-0.13490935,-0.20148799,-0.17681944,-0.12513243,-0.16611859,-0.18041904,-0.18738703,-0.11705899,-0.17574975,-0.2604136,-0.09246725,-0.09209849,-0.11475381,-0.1358491,-0.14790508,-0.09851946,-0.18881442
k__Bacteria|p__Actinobacteria|c__Actinomycetia|o__Propionibacteriales|f__Propionibacteriaceae|g__Propionimicrobium|s__Propionimicrobium_lymphophilum,-0.1004395,-0.12316422,-0.14154476,-0.20428483,-0.16670644,-0.1933589,-0.1666669,-0.14522891,-0.1252047,-0.18405205,-0.18276685,-0.22126456,-0.16951442,-0.20250165,-0.10308769,-0.09888668,-0.058144663,-0.099765465,-0.107714444,-0.17091468,-0.1978925,-0.12536043,-0.13645786,-0.15252163,-0.17141514,-0.11658599,-0.16778085,-0.17403978,-0.1509206,-0.12124001,-0.13535237,-0.10557458,-0.14848891,-0.19534867,-0.18926886,-0.2175087,-0.16039233,-0.22338755,-0.19662055,-0.29867563,-0.29210672,-0.19775811,-0.10713002,-0.09162698,-0.13691942,-0.15503663,-0.23188588,-0.19366342,-0.14666748,-0.2026537,-0.18367873,-0.18279888,-0.19675463,-0.19738175,-0.20224865,-0.1580156,-0.1257715,-0.14378724,-0.092319906,-0.09565595,-0.17141211,-0.14254488,-0.13743341,-0.14696841,-0.12719077,-0.15148564,-0.2613474,-0.22333384,-0.18848763,-0.20047067,-0.14576623,-0.14932473,-0.13070945,-0.14273542,-0.15090486,-0.16407502,-0.14687297,-0.16278498,-0.15916033,-0.14998752,-0.14741771,-0.15702903,-0.15339878,-0.22480208,-0.120334074,-0.1416261,-0.11836112,-0.16111904,-0.17403553,-0.15557727,-0.16841593,-0.11139822,-0.1388583,-0.13027036,-0.12893087,-0.15152657,-0.14307708,-0.11572334,-0.10065024,-0.09053953,-0.10556364,-0.12048945,-0.13507745,-0.15027548,-0.16056968,-0.1185138,-0.11129953,-0.1578567,-0.17738779,-0.1335024,-0.16398072,-0.25953975,-0.14874613,-0.13265124,-0.14166176,-0.15095688,-0.17780018,-0.16335887,-0.22917573,-0.09015879,-0.11035937,-0.13480918,-0.12969194,-0.13997786,-0.17374007,-0.13908121,-0.16057305,-0.12777606,-0.07092635,-0.03704006,-0.13723192,-0.16231021,-0.17899533,-0.14332479,-0.12334781,-0.13596329,-0.12023825,-0.13852824,-0.25318068,-0.26654312,-0.08360721,-0.10945694,-0.144704,-0.09238048,-0.18800068,-0.19021502,-0.15320426,-0.0903544,-0.13230102,-0.14967312,-0.15033923,-0.15895772,-0.17054929,-0.18395709,-0.08787027,-0.12371067,-0.14081645,-0.10256614,-0.17951453,-0.19495486,-0.19105756,-0.10031949,-0.13113372,-0.07947421,-0.12804729,-0.19006202,-0.19315952,-0.19162217,-0.1235293,-0.07538555,-0.09716038,-0.11849651,-0.13670912,-0.12406494,-0.121451,-0.09445892,-0.09664427,-0.10861614,-0.082459606,-0.11300138,-0.13253537,-0.16722645,-0.1410757,-0.1364837,-0.18093297,-0.17825818,-0.19388165,-0.14476846,-0.15549555,-0.13550726,-0.119081676,-0.14001076,-0.19117098,-0.19073114,-0.18120284,-0.19755594,-0.25103784,-0.20219928,-0.19029209,-0.19107762,-0.18260865,-0.17385162,-0.27554205,-0.08916744,-0.11956477,-0.1282295,-0.15751183,-0.20931396,-0.18224281,-0.29657933,-0.32474133,-0.1537126,-0.3242122,-0.17325558,-0.17108874,-0.2185038,-0.17647925,-0.114121355,-0.1399941,-0.15388772,-0.15788373,-0.22984435,-0.18186735,-0.2540161,-0.104404934,-0.12455491,-0.13875428,-0.12440443,-0.15189947,-0.15520866,-0.15639669,-0.14014931,-0.15141064,-0.16321854,-0.15524983,-0.1535916,-0.15309218,-0.13402162,-0.12326814,-0.14646998,-0.19041893,-0.17678353,-0.21025829,-0.3990198,-0.20235024,-0.1135281,-0.1296617,-0.11850101,-0.1482459,-0.16636807,-0.18676724,-0.19161075,-0.13173717,-0.07682419,-0.15327029,-0.13996875,-0.14106366,-0.118217,-0.19987361,-0.1649412,-0.15863632,-0.14149716,-0.12372341,-0.12722544,-0.14610182,-0.2588673,-0.10731269,-0.13074079,-0.09132757,-0.12832497,-0.12944724,-0.14997429,-0.15202737,-0.096330136,-0.08910369,-0.1244667,-0.11062084,-0.1379599,-0.15096566,-0.17040795,-0.14305337,-0.11668983,-0.17396589,-0.15203151,-0.14250147,-0.12541124,-0.14228074,-0.17466888,-0.13176009,-0.13240395,-0.14584233,-0.12301222,-0.08722703,-0.05825615,-0.14363304,-0.17082691,-0.026243303,-0.16630077,-0.2829064,-0.31316653,-0.19806667,-0.14571936,-0.14331596,-0.14862512,-0.12963767,-0.25088155,-0.19340721,-0.18855353,-0.09485577,-0.109359816,-0.10702289,-0.093895346,-0.12759323,-0.15318264,-0.15746465,-0.16695412,-0.12812386,-0.0969081,-0.16398169,-0.14380822,-0.11335766,-0.18846886,-0.1706479,-0.15384713,-0.12583305,-0.115196005,-0.11297552,-0.11662802,-0.17618303,-0.13851437,-0.13437152,-0.096878245,-0.121072486,-0.09191683,-0.12434345,-0.13622555,-0.063823454,-0.13877153,-0.11419349,-0.13396552,-0.24483351,-0.2571875,-0.29957527,-0.1461258,-0.15677363,-0.13229594,-0.19104545,-0.0782174,-0.17231467,-0.16443658,-0.09859173,-0.11065883,-0.11498354,-0.076612435,-0.083404,-0.1213824,-0.13072303,-0.13855581,-0.19385117,-0.098900445,-0.15572979,-0.19487974,-0.1910719,-0.18689351,-0.111377195,-0.1431047,-0.10313055,-0.15941961,-0.19372793,-0.17276916,-0.16917354,-0.14283568,-0.14244366,-0.10173756,-0.15344098,-0.1615647,-0.18100056,-0.19487587,-0.121334106,-0.14744699,-0.11398196,-0.08025959,-0.14305052,-0.20725825,-0.16079548,-0.125103,-0.15657571,-0.15690626,-0.14354268,-0.19202894,-0.16262527,-0.18220252,-0.2963242,-0.1970654,-0.18136807,-0.17176145,-0.19281825,-0.15758197,-0.14054683,-0.13036358,-0.12557748,-0.13837117,-0.16317138,-0.30584824,-0.16689362,-0.18126233,-0.19261536,-0.11441202,-0.15089925,-0.1406354,-0.17800356,-0.16693136,-0.16461031,-0.14331086,-0.18237996,-0.12828249,-0.15331867,-0.1373961,-0.24156228,-0.17944613,-0.10327114,-0.13531142,-0.14207983,-0.17443946,-0.11044276,-0.13475272,-0.1525919,-0.15981907,-0.18174276,-0.15425077,-0.14908522,-0.19184028,-0.17528388,-0.16434234,-0.14723541,-0.14623587,-0.11499533,-0.10471026,-0.13523987,-0.20148799,-0.1770919,-0.12513243,-0.16549183,-0.18041904,-0.18738703,-0.11705899,-0.17684089,-0.25831318,-0.09253606,-0.09236973,-0.11482267,-0.13611239,-0.14798504,-0.09859541,-0.1891217
k__Bacteria|p__Actinobacteria|c__Actinomycetia|o__Actinomycetales|f__Actinomycetaceae|g__Actinobaculum|s__Actinobaculum_massiliense,-0.1004395,-0.12316422,-0.14132115,-0.20428483,-0.16701111,-0.19333386,-0.1666669,-0.14511597,-0.12523304,-0.18371451,-0.18276572,-0.21622875,-0.1694702,-0.20106654,-0.10304721,-0.09881554,-0.058144663,-0.09952223,-0.10768366,-0.1709376,-0.1978925,-0.12536043,-0.13646585,-0.15251774,-0.17129317,-0.11658599,-0.16787902,-0.17410448,-0.1509206,-0.12124001,-0.13552444,-0.10542406,-0.14848578,-0.19479363,-0.18898295,-0.2175087,-0.16111737,-0.22338755,-0.19665545,-0.29867563,-0.29210672,-0.19707048,-0.10720043,-0.09162698,-0.13691942,-0.15500113,-0.23188588,-0.19365397,-0.14663136,-0.2026537,-0.18431045,-0.18279888,-0.19610673,-0.196309,-0.19950035,-0.15792319,-0.12568432,-0.14377683,-0.09245349,-0.09554027,-0.17140186,-0.14260869,-0.13743341,-0.14699246,-0.12719077,-0.15167925,-0.2613474,-0.22333384,-0.18870465,-0.20047067,-0.14569762,-0.14935556,-0.13054605,-0.14245515,-0.15059367,-0.16406628,-0.14709401,-0.16278498,-0.15954044,-0.14998752,-0.1475058,-0.15697859,-0.15336853,-0.22480208,-0.120334074,-0.14162517,-0.11824443,-0.16109616,-0.17402111,-0.15559363,-0.16837639,-0.11139822,-0.1388583,-0.13027036,-0.12886602,-0.15152657,-0.14314902,-0.11573635,-0.10065024,-0.09035382,-0.10536851,-0.1204319,-0.13501799,-0.15027548,-0.16063797,-0.1185138,-0.11129953,-0.1578567,-0.17738779,-0.13344727,-0.16382138,-0.25953975,-0.14886159,-0.13261029,-0.14128473,-0.15095688,-0.17780018,-0.16363217,-0.22917573,-0.09015879,-0.110473946,-0.13476638,-0.12949115,-0.13997786,-0.1737234,-0.13908121,-0.16057305,-0.12777606,-0.07092635,-0.03704006,-0.13712934,-0.16219994,-0.17905533,-0.14332479,-0.12334781,-0.13612238,-0.12023825,-0.13813207,-0.25318068,-0.26654312,-0.08352635,-0.10945694,-0.1445506,-0.09238048,-0.18787417,-0.18980153,-0.15281078,-0.09028268,-0.13230102,-0.14968488,-0.15024783,-0.15885507,-0.17050228,-0.18389025,-0.08779406,-0.12374596,-0.14105944,-0.10256614,-0.17951453,-0.19495486,-0.19086014,-0.100097,-0.13113372,-0.07864023,-0.12764062,-0.19006202,-0.19289146,-0.19144472,-0.12365188,-0.07544233,-0.097082764,-0.11827944,-0.13651633,-0.12406494,-0.121451,-0.094310105,-0.09645998,-0.108481765,-0.082459606,-0.11269601,-0.13236356,-0.16728446,-0.1410757,-0.13650826,-0.18093297,-0.17825818,-0.19357935,-0.14466746,-0.15549555,-0.13543244,-0.119081676,-0.14001076,-0.19117098,-0.19054535,-0.18124554,-0.19755594,-0.25103784,-0.20219928,-0.19040222,-0.19097205,-0.1823517,-0.1736807,-0.27554205,-0.08916744,-0.11956477,-0.12815124,-0.15751183,-0.20931396,-0.18224281,-0.29657933,-0.32474133,-0.15382956,-0.3242122,-0.17325558,-0.17108874,-0.2185038,-0.17647925,-0.114121355,-0.14002581,-0.15388772,-0.15788373,-0.22984435,-0.18186735,-0.25109023,-0.10428439,-0.12455491,-0.13865353,-0.12425705,-0.15189947,-0.15505938,-0.1564589,-0.14014931,-0.15141064,-0.16320172,-0.15541632,-0.15362568,-0.15306583,-0.13383698,-0.12323182,-0.14661601,-0.19006507,-0.17664029,-0.21025829,-0.3990198,-0.20068118,-0.113426775,-0.1296617,-0.11823182,-0.14801112,-0.16636807,-0.18671784,-0.19160941,-0.13185687,-0.07667597,-0.15319751,-0.13993418,-0.14106366,-0.11834746,-0.19987361,-0.1649412,-0.15896288,-0.1413809,-0.12353515,-0.12722544,-0.14610182,-0.2588673,-0.10723559,-0.13074079,-0.09132757,-0.12832497,-0.12925878,-0.14998919,-0.1520774,-0.096255735,-0.08910369,-0.12432261,-0.11047959,-0.13788834,-0.15090713,-0.17034851,-0.14303541,-0.11677584,-0.17392537,-0.1519269,-0.14238857,-0.12514505,-0.14233834,-0.17466888,-0.13176009,-0.132418,-0.14577359,-0.12284894,-0.08722703,-0.05825615,-0.14352901,-0.17082691,-0.026243303,-0.16690576,-0.2829064,-0.31316653,-0.1970802,-0.14573577,-0.14331596,-0.14862512,-0.12963767,-0.25088155,-0.19320107,-0.1885787,-0.09468517,-0.10937466,-0.10702289,-0.09340285,-0.12759323,-0.15320805,-0.15746465,-0.166996,-0.12812386,-0.0969081,-0.16398169,-0.14382151,-0.11335766,-0.18846886,-0.1706479,-0.15399934,-0.12588826,-0.115196005,-0.112813525,-0.11662802,-0.17624953,-0.13846193,-0.1343012,-0.096878245,-0.12083773,-0.09172198,-0.12434345,-0.1363831,-0.063823454,-0.13877153,-0.11419349,-0.13381594,-0.24483351,-0.2571875,-0.29957527,-0.14609924,-0.156693,-0.13203451,-0.19104545,-0.0782174,-0.17221528,-0.1643959,-0.09859173,-0.11065883,-0.11517869,-0.076612435,-0.083404,-0.1213824,-0.13072303,-0.13855581,-0.19385117,-0.09878388,-0.15580049,-0.19487974,-0.19101088,-0.18673173,-0.11134062,-0.14312625,-0.103115864,-0.15942296,-0.19353764,-0.17256203,-0.16907635,-0.14282146,-0.14244053,-0.10161576,-0.15321317,-0.16157605,-0.18090203,-0.1944843,-0.121254906,-0.14741132,-0.11411044,-0.08016233,-0.14271319,-0.20725825,-0.16104266,-0.125103,-0.15657571,-0.15690626,-0.14369893,-0.19202894,-0.16277146,-0.18225497,-0.2963242,-0.19679247,-0.18084443,-0.17139752,-0.19230768,-0.15724623,-0.14054683,-0.13032717,-0.12557748,-0.13838696,-0.16327722,-0.30584824,-0.16701558,-0.1810814,-0.1926654,-0.11441202,-0.15066895,-0.1406184,-0.17800295,-0.16684751,-0.16473119,-0.14331086,-0.18237996,-0.12846576,-0.15338624,-0.13690242,-0.24156228,-0.17972212,-0.10315596,-0.13539775,-0.1418848,-0.17442423,-0.11044061,-0.13464378,-0.15248674,-0.15982744,-0.1817877,-0.15406974,-0.14898446,-0.19184028,-0.17540357,-0.16447209,-0.14723541,-0.14623587,-0.11499533,-0.10471026,-0.13497177,-0.20148799,-0.17724685,-0.12513243,-0.16613066,-0.18041904,-0.18738703,-0.11705899,-0.17666027,-0.25705588,-0.09246361,-0.092283785,-0.11478193,-0.13590264,-0.14779967,-0.098404355,-0.1890505
k__Bacteria|p__Actinobacteria|c__Actinomycetia|o__Actinomycetales|f__Actinomycetaceae|g__Actinomyces|s__Actinomyces_sp_HMSC065F12,-0.1004395,-0.12316422,-0.14160822,-0.20428483,-0.1670542,-0.1937477,-0.1666669,-0.14525652,-0.12494342,-0.18419397,-0.18334174,-0.22481154,-0.1693496,-0.20399572,-0.10278864,-0.09879737,-0.058144663,-0.099408075,-0.10757284,-0.17105037,-0.1978925,-0.12536043,-0.1364862,-0.15260795,-0.1717287,-0.11658599,-0.16757926,-0.17418133,-0.1509206,-0.12124001,-0.13514131,-0.105437174,-0.14844826,-0.19606464,-0.18939096,-0.2175087,-0.16114894,-0.22338755,-0.19730769,-0.29867563,-0.29210672,-0.19805002,-0.1069209,-0.09162698,-0.13691942,-0.15503246,-0.23188588,-0.19384992,-0.14669153,-0.2026537,-0.18422775,-0.18279888,-0.1977092,-0.19878083,-0.20348357,-0.15794703,-0.12569058,-0.14386135,-0.09202373,-0.09547404,-0.1716347,-0.14252317,-0.13743341,-0.14705026,-0.12719077,-0.15137008,-0.2613474,-0.22333384,-0.18896233,-0.20047067,-0.145883,-0.1494292,-0.13074249,-0.1428546,-0.15107605,-0.16448781,-0.14700018,-0.16278498,-0.15954404,-0.14998752,-0.14739251,-0.15723407,-0.1534301,-0.22480208,-0.120334074,-0.14154677,-0.11825154,-0.16127205,-0.17446372,-0.15568073,-0.16842414,-0.11139822,-0.1388583,-0.13027036,-0.12871253,-0.15152657,-0.1426669,-0.1155044,-0.10065024,-0.09019627,-0.1052794,-0.120437965,-0.13501072,-0.15027548,-0.16055928,-0.1185138,-0.11129953,-0.1578567,-0.17738779,-0.1338006,-0.16418989,-0.25953975,-0.14882722,-0.1325891,-0.14166245,-0.15095688,-0.17780018,-0.16361102,-0.22917573,-0.09015879,-0.11001532,-0.1347475,-0.12971437,-0.13997786,-0.17380756,-0.13908121,-0.16057305,-0.12777606,-0.07092635,-0.03704006,-0.13704811,-0.16224399,-0.17917608,-0.14332479,-0.12334781,-0.13568515,-0.12023825,-0.13837567,-0.25318068,-0.26654312,-0.08308558,-0.10945694,-0.14454754,-0.09238048,-0.18788761,-0.1903887,-0.15281326,-0.08991031,-0.13230102,-0.14963517,-0.15040343,-0.15915814,-0.17078488,-0.18413602,-0.08744018,-0.123707995,-0.14106223,-0.10256614,-0.17951453,-0.19495486,-0.19153035,-0.09992475,-0.13113372,-0.07923638,-0.12777467,-0.19006202,-0.1935766,-0.19184221,-0.123358876,-0.07494986,-0.09689206,-0.118381135,-0.13651474,-0.12406494,-0.121451,-0.09418674,-0.09628309,-0.108160436,-0.082459606,-0.11268975,-0.13218643,-0.16726588,-0.1410757,-0.13640514,-0.18093297,-0.17825818,-0.1943546,-0.14468387,-0.15549555,-0.13550644,-0.119081676,-0.14001076,-0.19117098,-0.19120194,-0.18157776,-0.19755594,-0.25103784,-0.20219928,-0.19027045,-0.19134447,-0.1827304,-0.17392689,-0.27554205,-0.08916744,-0.11956477,-0.12770829,-0.15751183,-0.20931396,-0.18224281,-0.29657933,-0.32474133,-0.15170425,-0.3242122,-0.17325558,-0.17108874,-0.2185038,-0.17647925,-0.114121355,-0.13991094,-0.15388772,-0.15788373,-0.22984435,-0.18186735,-0.2561138,-0.10416178,-0.12455491,-0.138527,-0.1241429,-0.15189947,-0.15518564,-0.15644881,-0.14014931,-0.15141064,-0.1634729,-0.15545978,-0.15372345,-0.1531161,-0.13382527,-0.12312523,-0.14659914,-0.19080548,-0.17713982,-0.21025829,-0.3990198,-0.20171629,-0.11323683,-0.1296617,-0.1184427,-0.14811572,-0.16636807,-0.18688235,-0.19185804,-0.13141331,-0.07641812,-0.1533102,-0.1397535,-0.14106366,-0.11798312,-0.19987361,-0.1649412,-0.15872067,-0.14140832,-0.12345683,-0.12722544,-0.14610182,-0.2588673,-0.10698062,-0.13074079,-0.09132757,-0.12832497,-0.1292288,-0.14980486,-0.15196003,-0.09597932,-0.08910369,-0.12418926,-0.11030331,-0.13778633,-0.15084447,-0.17055595,-0.14300427,-0.116310805,-0.17401713,-0.15190753,-0.14241737,-0.12527284,-0.1422568,-0.17466888,-0.13176009,-0.13228926,-0.14585452,-0.12279883,-0.08722703,-0.05825615,-0.14349532,-0.17082691,-0.026243303,-0.16607189,-0.2829064,-0.31316653,-0.19792867,-0.14580315,-0.14331596,-0.14862512,-0.12963767,-0.25088155,-0.194004,-0.18887252,-0.09440676,-0.1092024,-0.10702289,-0.09373969,-0.12759323,-0.15294321,-0.15746465,-0.16737187,-0.12812386,-0.0969081,-0.16398169,-0.14372382,-0.11335766,-0.18846886,-0.1706479,-0.15407462,-0.12577131,-0.115196005,-0.112889335,-0.11662802,-0.17619619,-0.13856286,-0.13440746,-0.096878245,-0.12091734,-0.09146961,-0.12434345,-0.13589431,-0.063823454,-0.13877153,2.4081821,-0.13375977,-0.24483351,-0.2571875,-0.29957527,-0.14627323,-0.15695624,-0.13228497,-0.19104545,-0.0782174,-0.17248553,-0.16453084,-0.09859173,-0.11065883,-0.114567794,-0.076612435,-0.083404,-0.1213824,-0.13072303,-0.13855581,-0.19385117,-0.09884314,-0.15577617,-0.19487974,-0.19131476,-0.18712914,-0.111070946,-0.14289069,-0.102926254,-0.1596986,-0.19448279,-0.1730549,-0.16913235,-0.14283136,-0.14256385,-0.101478465,-0.15329084,-0.16175255,-0.18106014,-0.19522455,-0.12117672,-0.14741397,-0.11356759,-0.07977438,-0.14307949,-0.20725825,-0.1608671,-0.125103,-0.15657571,-0.15690626,-0.14356115,-0.19202894,-0.16271217,-0.18236291,-0.2963242,-0.19754301,-0.18123893,-0.17161433,-0.19297822,-0.1574402,-0.14054683,-0.13024959,-0.12557748,-0.13813828,-0.16312784,-0.30584824,-0.16684347,-0.18151757,-0.19302475,-0.11441202,-0.15064827,-0.14052138,-0.1781605,-0.16711931,-0.16474149,-0.14331086,-0.18237996,-0.12825243,-0.15344502,-0.13755946,-0.24156228,-0.1793246,-0.102996364,-0.13515362,-0.14210556,-0.1747179,-0.1100915,-0.13450298,-0.1525739,-0.16008401,-0.18197156,-0.15434015,-0.14924383,-0.19184028,-0.17550057,-0.16446103,-0.14723541,-0.14623587,-0.11499533,-0.10471026,-0.1350283,-0.20148799,-0.1772882,-0.12513243,-0.16557516,-0.18041904,-0.18738703,-0.11705899,-0.17704916,-0.25956059,-0.092153184,-0.091964215,-0.11457203,-0.13603906,-0.1480173,-0.09824465,-0.1892846
k__Bacteria|p__Actinobacteria|c__Actinomycetia|o__Micrococcales|f__Micrococcaceae|g__Kocuria|s__Kocuria_salsicia,-0.1004395,-0.12316422,-0.1415025,-0.20428483,-0.16707371,-0.19292296,-0.1666669,-0.14479822,-0.12511809,-0.18309939,-0.1832523,-0.21992019,-0.1683618,-0.20230487,-0.103049226,-0.098784536,-0.058144663,-0.09939325,-0.10773894,-0.17030473,-0.1978925,-0.12536043,-0.1361951,-0.15196566,-0.17092347,-0.11658599,-0.16768502,-0.17331715,-0.1509206,-0.12124001,-0.1351938,-0.105751306,-0.14824633,-0.19478053,-0.18845385,-0.2175087,-0.16076404,-0.22338755,-0.19615743,-0.29867563,-0.29210672,-0.19659448,-0.106928736,-0.09162698,-0.13691942,-0.15489754,-0.23188588,-0.19354801,-0.14639634,-0.2026537,-0.18441573,-0.18279888,-0.19645348,-0.19659927,-0.20030965,-0.15616179,-0.12548572,-0.14337768,-0.09214403,-0.09543836,-0.17097363,-0.14206445,-0.13743341,-0.14669612,-0.12719077,-0.15102161,-0.2613474,-0.22333384,-0.18821168,-0.20047067,-0.14526354,-0.1490328,-0.13045464,-0.1423097,-0.14985375,-0.16341805,-0.14618652,-0.16278498,-0.15963966,-0.14998752,-0.14710203,-0.15694614,-0.15298623,-0.22480208,-0.120334074,-0.14128032,-0.118193485,-0.16048367,-0.17339711,-0.155572,-0.16785392,-0.11139822,-0.1388583,-0.13027036,-0.12842582,-0.15152657,-0.14301725,-0.115385935,-0.10065024,-0.090498954,-0.10517736,-0.12007186,-0.13471058,-0.15027548,-0.16006377,-0.1185138,-0.11129953,-0.1578567,-0.17738779,-0.13288671,-0.1635524,-0.25953975,-0.14854415,-0.13270816,-0.14136182,-0.15095688,-0.17780018,-0.16348511,-0.22917573,-0.09015879,-0.110321224,-0.13458171,-0.12937087,-0.13997786,-0.17362803,-0.13908121,-0.16057305,-0.12777606,-0.07092635,-0.03704006,-0.13709842,-0.1617574,-0.17847058,-0.14332479,-0.12334781,-0.13582954,-0.12023825,-0.13798666,-0.25318068,-0.26654312,-0.08363323,-0.10945694,-0.14391696,-0.09238048,-0.18764395,-0.19004953,-0.15326236,-0.09038314,-0.13230102,-0.14939237,-0.15012482,-0.1585831,-0.17021719,-0.18290508,-0.088108726,-0.12331465,-0.14050311,-0.10256614,-0.17951453,-0.19495486,-0.19018722,-0.10009178,-0.13113372,-0.079008326,-0.12714848,-0.19006202,-0.19280246,-0.19117126,-0.12303133,-0.0757382,-0.09700306,-0.11819118,-0.13633811,-0.12406494,-0.121451,-0.094398886,-0.09654194,-0.10840943,-0.082459606,-0.11262079,-0.13207005,-0.16649196,-0.1410757,-0.1364583,-0.18093297,-0.17825818,-0.19360945,-0.14442472,-0.15549555,-0.13493195,-0.119081676,-0.14001076,-0.19117098,-0.19075784,-0.18121412,-0.19755594,-0.25103784,2.7889159,-0.19054429,-0.19116713,-0.18223605,-0.17381582,-0.27554205,-0.08916744,-0.11956477,-0.12822333,-0.15751183,-0.20931396,-0.18224281,-0.29657933,-0.32474133,-0.15471819,-0.3242122,-0.17325558,-0.17108874,-0.2185038,-0.17647925,-0.114121355,-0.14015783,-0.15388772,-0.15788373,-0.22984435,-0.18186735,-0.25268525,-0.104316294,-0.12455491,-0.13846575,-0.12400158,-0.15189947,-0.1547144,-0.1557371,-0.14014931,-0.15141064,-0.16253348,-0.15519226,-0.15325347,-0.15287077,-0.1337482,-0.12303433,-0.1462295,-0.18963115,-0.17669141,-0.21025829,-0.3990198,-0.20085979,-0.113275215,-0.1296617,-0.1179803,-0.1476587,-0.16636807,-0.18597738,-0.1911133,-0.13166428,-0.076915205,-0.15237741,-0.13971761,-0.14106366,-0.11760321,-0.19987361,-0.1649412,-0.15900187,-0.14136627,-0.12347402,-0.12722544,-0.14610182,-0.2588673,-0.10714121,-0.13074079,-0.09132757,-0.12832497,-0.12892042,-0.14987984,-0.15145221,-0.09619427,-0.08910369,-0.12401865,-0.11048126,-0.13764161,-0.15071873,-0.16966501,-0.14273356,-0.11668918,-0.1734514,-0.15184376,-0.14212385,-0.12549968,-0.1414282,-0.17466888,-0.13176009,-0.13207626,-0.14546001,-0.12274794,-0.08722703,-0.05825615,-0.14326653,-0.17082691,-0.026243303,-0.16626875,-0.2829064,-0.31316653,-0.19729303,-0.14537005,-0.14331596,-0.14862512,-0.12963767,-0.25088155,-0.19318411,-0.18788327,-0.094817325,-0.1090327,-0.10702289,-0.09300184,-0.12759323,-0.1527578,-0.15746465,-0.16658667,-0.12812386,-0.0969081,-0.16398169,-0.14304627,-0.11335766,-0.18846886,-0.1706479,-0.15382312,-0.12568665,-0.115196005,-0.112446934,-0.11662802,-0.17545034,-0.13814633,-0.13399382,-0.096878245,-0.120797336,-0.09160824,-0.12434345,-0.13589117,-0.063823454,-0.13877153,-0.11419349,-0.13364756,-0.24483351,-0.2571875,-0.29957527,-0.14578141,-0.15646644,-0.13186394,-0.19104545,-0.0782174,-0.17193365,-0.16387486,-0.09859173,-0.11065883,-0.11469682,-0.076612435,-0.083404,-0.1213824,-0.13072303,-0.13855581,-0.19385117,-0.098889664,-0.15517108,-0.19487974,-0.19092599,-0.18632768,-0.111164585,-0.14316815,-0.102832794,-0.15844426,-0.19316566,-0.17138988,-0.16882715,-0.14260373,-0.14214373,-0.10193375,-0.15292212,-0.16128926,-0.18085025,-0.19439311,-0.120981425,-0.14687854,-0.11383703,-0.08008191,-0.1422635,-0.20725825,-0.16075374,-0.125103,-0.15657571,-0.15690626,-0.14346902,-0.19202894,-0.16242933,-0.18152037,-0.2963242,-0.19832078,-0.181012,-0.17176718,-0.1928014,-0.15737797,-0.14054683,-0.13011825,-0.12557748,-0.13807514,-0.16285184,-0.30584824,-0.16736329,-0.18067311,-0.19247037,-0.11441202,-0.15019979,-0.1404315,-0.17764553,-0.1666264,-0.16404557,-0.14331086,-0.18237996,-0.1283311,-0.15299447,-0.13682403,-0.24156228,-0.17987062,-0.10313013,-0.1354169,-0.14159048,-0.17375115,-0.11050828,-0.13456407,-0.1517404,-0.15935218,-0.1821158,-0.15345412,-0.14851847,-0.19184028,-0.17526744,-0.16372949,-0.14723541,-0.14623587,-0.11499533,-0.10471026,-0.13456187,-0.20148799,-0.17669621,-0.12513243,-0.1659239,-0.18041904,-0.18738703,-0.11705899,-0.1754947,-0.2576388,-0.09249483,-0.09225473,-0.11473623,-0.13557589,-0.14755158,-0.098564014,-0.18833768
k__Bacteria|p__Actinobacteria|c__Actinomycetia|o__Corynebacteriales|f__Gordoniaceae|g__Gordonia|s__Gordonia_sp_852002_10350_SCH5691597,-0.1004395,-0.12316422,-0.14213014,-0.20428483,-0.16737852,-0.19307154,-0.1666669,-0.1447864,-0.12477868,-0.18263024,-0.18356529,-0.23334761,-0.16909179,-0.20888436,-0.1033826,-0.10035642,-0.058144663,-0.09950792,-0.10807217,-0.17007537,-0.1978925,-0.12536043,-0.1357253,-0.15140909,-0.17128459,-0.11658599,-0.16682416,-0.1730111,-0.1509206,-0.12124001,-0.13480811,-0.10642028,-0.14814991,-0.19621062,-0.18872072,-0.2175087,-0.16126269,-0.22338755,-0.19809943,-0.29867563,-0.29210672,-0.19824117,-0.107354105,-0.09162698,-0.13691942,-0.15518253,-0.23188588,-0.19373223,-0.14625168,-0.2026537,-0.18390685,-0.18279888,-0.19781244,-0.19927758,-0.20489937,-0.15630788,-0.12560868,-0.14356412,-0.09167277,-0.095712624,-0.17063537,-0.14142434,-0.13743341,-0.14673686,-0.12719077,-0.15090156,-0.2613474,-0.22333384,-0.18857998,-0.20047067,-0.14516321,-0.14885682,-0.1308022,-0.14256898,-0.14960599,-0.16311285,-0.14564458,-0.16278498,-0.15969624,-0.14998752,-0.14664528,-0.15715984,-0.15253511,-0.22480208,-0.120334074,-0.14124411,-0.118358955,-0.1600754,-0.17341685,-0.15564674,-0.1673827,-0.11139822,-0.1388583,-0.13027036,-0.12795393,-0.15152657,-0.14177184,-0.11499938,-0.10065024,-0.0908253,-0.10546064,-0.12040545,-0.13485032,-0.15027548,-0.15972069,-0.1185138,-0.11129953,-0.1578567,-0.17738779,-0.1330636,-0.16388151,-0.25953975,-0.14853403,-0.13286388,-0.14177202,-0.15095688,-0.17780018,-0.16395196,-0.22917573,-0.09015879,-0.10996413,-0.13459471,-0.12955306,-0.13997786,-0.17372581,-0.13908121,-0.16057305,-0.12777606,-0.07092635,-0.03704006,-0.13730219,-0.16146582,-0.17820276,-0.14332479,-0.12334781,-0.13555177,-0.12023825,-0.13801135,-0.25318068,-0.26654312,-0.08363302,-0.10945694,-0.14375328,-0.09238048,-0.18738553,-0.19045915,-0.15334202,-0.09048955,-0.13230102,-0.14932774,-0.15021096,-0.15868494,-0.17017815,-0.18245341,-0.088379756,-0.12351212,-0.14141747,-0.10256614,-0.17951453,-0.19495486,-0.19056873,-0.099949196,-0.13113372,-0.08010277,-0.1276865,-0.19006202,-0.1932506,-0.19149758,-0.12283759,-0.07576892,-0.0972654,-0.11876547,-0.1364083,-0.12406494,-0.121451,-0.09482099,-0.097160116,-0.10861651,-0.082459606,-0.11285952,-0.13192424,-0.1663919,-0.1410757,-0.1363936,-0.18093297,-0.17825818,-0.1945468,-0.14460681,-0.15549555,-0.13506779,-0.119081676,-0.14001076,-0.19117098,-0.19190821,-0.18134785,-0.19755594,-0.25103784,2.2691562,-0.18971801,-0.19121638,-0.18237808,-0.17429955,-0.27554205,-0.08916744,-0.11956477,-0.12794358,-0.15751183,-0.20931396,-0.18224281,-0.29657933,-0.32474133,-0.1542558,-0.3242122,-0.17325558,-0.17108874,-0.2185038,-0.17647925,-0.114121355,-0.14006737,-0.15388772,-0.15788373,-0.22984435,-0.18186735,-0.26161486,-0.10452652,-0.12455491,-0.13816936,-0.12377837,-0.15189947,-0.1543504,-0.1553278,-0.14014931,-0.15141064,-0.16209637,-0.15506417,-0.15298533,-0.15311095,-0.13411303,-0.122762874,-0.14586282,-0.18941276,-0.17694408,-0.21025829,-0.3990198,-0.20340496,-0.11343524,-0.1296617,-0.11838711,-0.14740817,-0.16636807,-0.18560188,-0.19132338,-0.13163385,-0.07681773,-0.1522505,-0.13970071,-0.14106366,-0.11714707,-0.19987361,-0.1649412,-0.15882608,-0.14166197,-0.1235651,-0.12722544,-0.14610182,-0.2588673,-0.107451454,-0.13074079,-0.09132757,-0.12832497,-0.12852995,-0.14946683,-0.15098903,-0.0963651,-0.08910369,-0.12407531,-0.1107129,-0.13773373,-0.15049064,-0.16977607,-0.14252156,-0.116094604,-0.1734636,-0.15151769,-0.14198156,-0.12574738,-0.14093003,-0.17466888,-0.13176009,-0.13181886,-0.14543566,-0.12285563,-0.08722703,-0.05825615,-0.14318076,-0.17082691,-0.026243303,-0.16737749,-0.2829064,-0.31316653,-0.1983438,-0.14536494,-0.14331596,-0.14862512,-0.12963767,-0.25088155,-0.19402471,-0.18779604,-0.09458886,-0.109128915,-0.10702289,-0.09325354,-0.12759323,-0.15253681,-0.15746465,-0.16685338,-0.12812386,-0.0969081,-0.16398169,-0.14275631,-0.11335766,-0.18846886,-0.1706479,-0.15383154,-0.12536441,-0.115196005,-0.11270888,-0.11662802,-0.17525256,-0.1381433,-0.13424748,-0.096878245,-0.121259294,-0.09165741,-0.12434345,-0.13512218,-0.063823454,-0.13877153,-0.11419349,-0.13379905,-0.24483351,-0.2571875,-0.29957527,-0.14605275,-0.15645891,-0.13181758,-0.19104545,-0.0782174,-0.17196868,-0.16381225,-0.09859173,-0.11065883,-0.113896325,-0.076612435,-0.083404,-0.1213824,-0.13072303,-0.13855581,-0.19385117,-0.09913215,-0.15513757,-0.19487974,-0.19089471,-0.1865535,-0.11109888,-0.14305809,-0.10244554,-0.15816689,-0.19400927,-0.1716016,-0.16909933,-0.14267984,-0.14245002,-0.10239364,-0.15288731,-0.16133401,-0.18091504,-0.19541368,-0.12091014,-0.14678828,-0.113581285,-0.079838976,-0.14265683,-0.20725825,-0.16057563,-0.125103,-0.15657571,-0.15690626,-0.14364332,-0.19202894,-0.16217567,-0.18095154,-0.2963242,-0.20096374,-0.18107544,-0.17228366,-0.1936267,-0.15767987,-0.14054683,-0.13023959,-0.12557748,-0.13807711,-0.1638763,-0.30584824,-0.16634077,-0.18055135,-0.19274494,-0.11441202,-0.1499471,-0.14066452,-0.1776169,-0.16639264,-0.16400203,-0.14331086,-0.18237996,-0.12839735,-0.15309174,-0.13748544,-0.24156228,-0.17996377,-0.103287265,-0.13529688,-0.14131595,-0.17382291,-0.11041193,-0.13429433,-0.15119585,-0.15975258,-0.18204542,-0.15315896,-0.14865917,-0.19184028,-0.17517596,-0.16299137,-0.14723541,-0.14623587,-0.11499533,-0.10471026,-0.1346916,-0.20148799,-0.17643109,-0.12513243,-0.16645013,-0.18041904,-0.18738703,-0.11705899,-0.17451616,-0.26176167,-0.092799686,-0.09231134,-0.11494678,-0.13574025,-0.14783359,-0.09874253,-0.18829724
k__Bacteria|p__Actinobacteria|c__Coriobacteriia|o__Coriobacteriales|f__Coriobacteriaceae|g__Collinsella|s__Collinsella_SGB59878,-0.1004395,-0.12316422,-0.1404868,-0.20428483,-0.16767699,-0.19338316,6.1968966,-0.14577022,-0.12484464,-0.18461233,-0.18289438,-0.21297932,-0.16819377,-0.20061147,-0.10285222,-0.09814578,-0.058144663,-0.09986749,-0.10738054,-0.17117539,-0.1978925,-0.12536043,-0.13700877,-0.15345308,-0.17155805,-0.11658599,-0.16827089,-0.17516433,-0.1509206,-0.12124001,-0.13576543,-0.104740426,-0.14844625,-0.1948171,-0.18917808,-0.2175087,-0.16161771,-0.22338755,-0.19648762,-0.29867563,-0.29210672,-0.19637725,-0.10727666,-0.09162698,-0.13691942,-0.15505552,-0.23188588,-0.19381596,-0.14699113,-0.2026537,-0.18580067,-0.18279888,-0.19610572,-0.19517897,-0.19790618,-0.15880269,-0.12581363,-0.1440737,-0.09264659,-0.095291644,-0.17214036,-0.14320017,-0.13743341,-0.14736204,-0.12719077,-0.15141101,-0.2613474,-0.22333384,-0.18944155,-0.20047067,-0.14641258,-0.14988877,-0.13034908,-0.14246632,-0.1515471,-0.16547416,-0.14808188,-0.16278498,-0.16002828,-0.14998752,-0.1479289,-0.15703326,-0.15367907,-0.22480208,-0.120334074,-0.14172071,-0.1180944,-0.16205406,-0.17503461,-0.1554247,-0.16895586,-0.11139822,-0.1388583,-0.13027036,-0.12911767,-0.15152657,-0.14353167,-0.11615954,-0.10065024,-0.08989051,-0.10522496,-0.12048081,-0.13514537,-0.15027548,-0.16138507,-0.1185138,-0.11129953,-0.1578567,-0.17738779,-0.13363731,-0.16299811,-0.25953975,-0.14915612,-0.13229088,-0.14097434,-0.15095688,-0.17780018,-0.16337046,-0.22917573,-0.09015879,-0.11042427,-0.13483104,-0.12952189,-0.13997786,-0.17377123,-0.13908121,-0.16057305,-0.12777606,-0.07092635,-0.03704006,-0.13702531,-0.16254355,-0.17985655,-0.14332479,-0.12334781,-0.13613607,-0.12023825,-0.13817537,-0.25318068,-0.26654312,-0.08328571,-0.10945694,-0.14490584,-0.09238048,-0.18792535,-0.19001245,-0.15251684,-0.090019815,-0.13230102,-0.14977998,-0.1503815,-0.1591996,-0.17086956,-0.1848697,-0.08719921,-0.12394933,-0.14144684,-0.10256614,-0.17951453,-0.19495486,-0.1915515,-0.10004379,-0.13113372,-0.07754794,-0.1270527,-0.19006202,-0.19340137,-0.19171448,-0.12440275,-0.075177655,-0.09681352,-0.11785136,-0.1365163,-0.12406494,-0.121451,-0.09409361,-0.09597354,-0.108127445,-0.082459606,-0.11239588,-0.13240921,-0.1681088,-0.1410757,-0.13645089,-0.18093297,-0.17825818,-0.19337554,-0.14439297,-0.15549555,-0.13563131,-0.119081676,-0.14001076,-0.19117098,-0.19061443,-0.18138239,-0.19755594,-0.25103784,-0.20219928,-0.19077021,-0.19105548,-0.18236968,-0.17312898,-0.27554205,-0.08916744,-0.11956477,-0.1277278,-0.15751183,-0.20931396,-0.18224281,-0.29657933,-0.32474133,-0.14933884,-0.3242122,-0.17325558,-0.17108874,-0.2185038,-0.17647925,-0.114121355,-0.13989581,-0.15388772,-0.15788373,-0.22984435,-0.18186735,-0.24752125,-0.104112566,-0.12455491,-0.13880108,-0.12430984,-0.15189947,-0.15581554,-0.1575667,-0.14014931,-0.15141064,-0.16427785,-0.15585266,-0.15416041,-0.1529883,-0.13356504,-0.12336789,-0.14682262,-0.19096611,-0.1771136,-0.21025829,-0.3990198,-0.19584227,-0.11341861,-0.1296617,-0.11820984,-0.14811468,-0.16636807,-0.18776965,-0.19190869,-0.1317625,-0.07606833,-0.15353602,-0.13986349,-0.14106366,-0.11902191,-0.19987361,-0.1649412,-0.15915126,-0.14086604,-0.12335769,-0.12722544,-0.14610182,-0.2588673,-0.10690378,-0.13074079,-0.09132757,-0.12832497,-0.12962165,-0.15027994,-0.15300596,-0.096216016,-0.08910369,-0.12415466,-0.1101392,-0.13774462,-0.15102282,-0.17076258,-0.14340091,-0.11668075,-0.17433426,-0.15215641,-0.14273934,-0.12484803,-0.14324631,-0.17466888,-0.13176009,-0.1323397,-0.14610362,-0.122951254,-0.08722703,-0.05825615,-0.14381951,-0.17082691,-0.026243303,-0.16607943,-0.2829064,-0.31316653,-0.19472444,-0.1461289,-0.14331596,-0.14862512,-0.12963767,-0.25088155,-0.19364557,-0.18923259,-0.094458155,-0.10944628,-0.10702289,-0.09318976,-0.12759323,-0.1530245,-0.15746465,-0.16768473,-0.12812386,-0.0969081,-0.16398169,-0.14458421,-0.11335766,-0.18846886,-0.1706479,-0.15437609,-0.12609111,-0.115196005,-0.11258832,-0.11662802,-0.17698193,-0.13888125,-0.134641,-0.096878245,-0.120519504,-0.09157595,-0.12434345,-0.13705167,-0.063823454,-0.13877153,-0.11419349,-0.13362104,-0.24483351,-0.2571875,-0.29957527,-0.14636563,-0.15703328,-0.13190874,-0.19104545,-0.0782174,-0.17225595,-0.16488516,-0.09859173,-0.11065883,-0.11582418,-0.076612435,-0.083404,-0.1213824,-0.13072303,-0.13855581,-0.19385117,-0.09866183,-0.15587947,-0.19487974,-0.19121614,-0.18684012,-0.11136163,-0.14327005,-0.10332291,-0.16050985,-0.19362491,-0.17317402,-0.16906017,-0.14307457,-0.1426697,-0.10076135,-0.15318334,-0.16197383,-0.18086012,-0.19440335,-0.12142816,-0.14804576,-0.114142545,-0.07970771,-0.14213,-0.20725825,-0.16175282,-0.125103,-0.15657571,-0.15690626,-0.14360988,-0.19202894,-0.16305797,-0.18309653,-0.2963242,-0.19406296,-0.17987826,-0.17109957,-0.19182718,-0.15690559,-0.14054683,-0.1303362,-0.12557748,-0.13826433,-0.1623379,-0.30584824,-0.1669129,-0.18174756,-0.19302109,-0.11441202,-0.15076435,-0.14057973,-0.1782614,-0.16730207,-0.16529079,-0.14331086,-0.18237996,-0.1281274,-0.15317583,-0.13592435,-0.24156228,-0.17972498,-0.10306759,-0.13528001,-0.14231238,-0.17525601,-0.110152125,-0.13446712,-0.15350136,-0.16068068,-0.1819631,-0.15455922,-0.14921169,-0.19184028,-0.1757055,-0.16569322,-0.14723541,-0.14623587,-0.11499533,-0.10471026,-0.13449496,-0.20148799,-0.17825082,-0.12513243,-0.16594815,-0.18041904,-0.18738703,-0.11705899,-0.17812634,-0.2561734,-0.092155725,-0.09207224,-0.11436992,-0.13591224,-0.14785472,-0.0977768,-0.18959832
k__Bacteria|p__Actinobacteria|c__Actinomycetia|o__Micrococcales|f__Dermabacteraceae|g__Dermabacter|s__Dermabacter_hominis,-0.1004395,-0.12316422,-0.14049178,-0.20428483,-0.1662612,-0.19384365,-0.1666669,-0.14559561,-0.1249174,-0.18458796,-0.18357964,-0.22144932,-0.17129658,-0.20405668,-0.1036674,-0.09936565,-0.058144663,-0.10033727,-0.10731492,-0.17109646,-0.1978925,-0.12536043,-0.13695174,-0.153466,-0.1720733,-0.11658599,-0.16808563,-0.1754013,-0.1509206,-0.12124001,-0.13548803,-0.10533862,-0.14829206,-0.19604069,-0.19010794,-0.2175087,-0.15968361,-0.22338755,-0.19658259,-0.29867563,-0.29210672,-0.19844306,-0.107734606,-0.09162698,-0.13691942,-0.15475953,-0.23188588,-0.19372128,-0.14703682,-0.2026537,-0.18291408,-0.18279888,-0.19681318,-0.19798242,-0.20249599,-0.16026655,-0.1260778,-0.14440568,-0.09282762,-0.09564059,-0.17195126,-0.14348647,-0.13743341,-0.14737085,-0.12719077,-0.151308,-0.2613474,-0.22333384,-0.18886772,-0.20047067,-0.14659607,-0.15000488,-0.1307659,-0.1430152,-0.1523394,-0.16545722,-0.14801052,-0.16278498,-0.15911242,-0.14998752,-0.14779727,-0.15682809,-0.15378425,-0.22480208,-0.120334074,-0.14184654,-0.11820224,-0.16203201,-0.17481335,-0.15537187,-0.1690567,-0.11139822,-0.1388583,-0.13027036,-0.12934342,-0.15152657,-0.14315914,-0.116441846,-0.10065024,-0.09054887,-0.10594213,-0.12090766,-0.13521715,-0.15027548,-0.16142926,-0.1185138,-0.11129953,-0.1578567,-0.17738779,-0.13457713,-0.16280526,-0.25953975,-0.14885107,-0.13246353,-0.1414936,-0.15095688,-0.17780018,-0.16247988,-0.22917573,-0.09015879,-0.11003423,-0.13489789,-0.13015345,-0.13997786,-0.17373951,-0.13908121,-0.16057305,-0.12777606,-0.07092635,-0.03704006,-0.13663727,-0.16273703,-0.17982368,-0.14332479,-0.12334781,-0.13616255,-0.12023825,-0.13874914,-0.25318068,-0.26654312,-0.083796516,-0.10945694,-0.14580902,-0.09238048,-0.18779105,-0.19029015,-0.15310243,-0.090349466,-0.13230102,-0.14966477,-0.15049198,-0.15940489,-0.17094807,-0.18550357,-0.08758325,-0.124367796,-0.14178616,-0.10256614,-0.17951453,-0.19495486,-0.19239089,-0.10030943,-0.13113372,-0.07945112,-0.12792009,-0.19006202,-0.19392805,-0.1920297,-0.12445545,-0.07566412,-0.097408995,-0.11844525,-0.13695735,-0.12406494,-0.121451,-0.09470022,-0.09672804,-0.108943544,-0.082459606,-0.11325675,-0.13297155,-0.16824834,-0.1410757,-0.13604206,-0.18093297,-0.17825818,-0.1941257,-0.14474449,-0.15549555,-0.13606635,-0.119081676,-0.14001076,-0.19117098,-0.19080678,-0.1812764,-0.19755594,-0.25103784,-0.20219928,-0.18986759,-0.19055393,-0.18276784,-0.17293203,-0.27554205,-0.08916744,-0.11956477,-0.12742469,-0.15751183,-0.20931396,-0.18224281,-0.29657933,-0.32474133,-0.14887878,-0.3242122,-0.17325558,-0.17108874,-0.2185038,-0.17647925,-0.114121355,-0.13957644,-0.15388772,-0.15788373,-0.22984435,-0.18186735,-0.2540905,-0.10447824,-0.12455491,-0.13893783,-0.124610156,-0.15189947,-0.1560727,-0.15760362,-0.14014931,-0.15141064,-0.16435927,-0.155305,-0.15414642,-0.15307945,-0.13432066,-0.12333025,-0.14655374,-0.19157608,-0.17723608,-0.21025829,-0.3990198,-0.20137885,-0.1137626,-0.1296617,-0.11900347,-0.14837739,-0.16636807,-0.18792742,-0.19209598,-0.13151656,-0.07702942,-0.15389043,-0.13993387,-0.14106366,-0.11863068,-0.19987361,-0.1649412,-0.15820685,-0.14134371,-0.124040015,-0.12722544,-0.14610182,-0.2588673,-0.10712627,-0.13074079,-0.09132757,-0.12832497,-0.12997183,-0.14993662,-0.15319112,-0.09675838,-0.08910369,-0.12478572,-0.11055189,-0.13790223,-0.15100202,-0.1713368,-0.14328422,-0.11650464,-0.17431948,-0.15220922,-0.14294872,-0.12519167,-0.14343172,-0.17466888,-0.13176009,-0.13262627,-0.14640763,-0.123658925,-0.08722703,-0.05825615,-0.14385399,-0.17082691,-0.026243303,-0.16531488,-0.2829064,-0.31316653,-0.19805616,-0.14606783,-0.14331596,-0.14862512,-0.12963767,-0.25088155,-0.19402695,-0.18946108,-0.09486608,-0.109874874,-0.10702289,-0.09507595,-0.12759323,-0.15304448,-0.15746465,-0.16767669,-0.12812386,-0.0969081,-0.16398169,-0.14506228,-0.11335766,-0.18846886,-0.1706479,-0.1540398,-0.12643763,-0.115196005,-0.113398105,-0.11662802,-0.17741236,-0.13904111,-0.13526045,-0.096878245,-0.12148042,-0.09224954,-0.12434345,-0.13680547,-0.063823454,-0.13877153,-0.11419349,-0.13359246,-0.24483351,-0.2571875,-0.29957527,-0.14635509,-0.15727769,-0.13239142,-0.19104545,-0.0782174,-0.17262627,-0.1652175,-0.09859173,-0.11065883,-0.11567147,-0.076612435,-0.083404,-0.1213824,-0.13072303,-0.13855581,-0.19385117,-0.0993043,-0.15544075,-0.19487974,-0.1911335,-0.18754573,-0.11147887,-0.14329062,-0.10381214,-0.16045524,-0.19414511,-0.1743106,-0.16933171,-0.14303204,-0.14297187,-0.10093598,-0.15351257,-0.16186014,-0.1808706,-0.19540691,-0.121635266,-0.14821395,-0.114118084,-0.080458954,-0.14240678,-0.20725825,-0.1611302,-0.125103,-0.15657571,-0.15690626,-0.14346725,-0.19202894,-0.16271518,-0.18328469,-0.2963242,-0.19419342,-0.18086137,-0.17123291,-0.19221663,-0.15731011,-0.14054683,-0.13051009,-0.12557748,-0.13856861,-0.1621379,-0.30584824,-0.16650116,-0.18233639,-0.19282591,-0.11441202,-0.15116996,-0.14044341,-0.17807582,-0.16733626,-0.165465,-0.14331086,-0.18237996,-0.12775905,-0.15339383,-0.13650894,-0.24156228,-0.17893231,-0.10336219,-0.13500434,-0.14278835,-0.17521992,-0.11032486,-0.13456884,-0.15397602,-0.16057938,-0.18153393,-0.15541574,-0.14942822,-0.19184028,-0.17523399,-0.16580448,-0.14723541,-0.14623587,-0.11499533,-0.10471026,-0.13498172,-0.20148799,-0.17794815,-0.12513243,-0.16537756,-0.18041904,-0.18738703,-0.11705899,-0.17905289,-0.25883877,-0.09272271,-0.092649564,-0.11450488,-0.13648765,-0.14843321,-0.09826653,-0.19000652
k__Bacteria|p__Actinobacteria|c__Coriobacteriia|o__Eggerthellales|f__Eggerthellaceae|g__Cryptobacterium|s__Cryptobacterium_curtum,-0.1004395,-0.12316422,-0.14232796,-0.20428483,-0.16703178,-0.19419505,-0.1666669,-0.14566022,-0.12538856,-0.18432659,-0.18381351,-0.23123448,-0.16954367,-0.20705646,-0.10353569,-0.09983012,-0.058144663,-0.10027711,-0.108137175,-0.17143488,-0.1978925,-0.12536043,-0.13679829,-0.15285625,-0.1721273,-0.11658599,-0.16756077,-0.17439772,-0.1509206,-0.12124001,-0.13539732,-0.1062085,-0.14882925,-0.19686064,-0.18988529,-0.2175087,-0.16095553,-0.22338755,-0.19780609,-0.29867563,-0.29210672,-0.19953796,-0.10764456,-0.09162698,-0.13691942,-0.15530753,-0.23188588,-0.19418666,-0.14713973,-0.2026537,-0.18363938,-0.18279888,-0.19860673,-0.20034105,-0.20652469,-0.1584894,-0.12625906,-0.1443716,-0.09254432,-0.096184164,-0.17181966,-0.14282115,-0.13743341,-0.1474224,-0.12719077,-0.15168396,-0.2613474,-0.22333384,-0.18927658,-0.20047067,-0.14633343,-0.14971113,-0.1314264,-0.14351179,-0.15163425,-0.16468744,-0.14704978,-0.16278498,-0.15957023,-0.14998752,-0.14753562,-0.1576114,-0.1537877,-0.22480208,-0.120334074,-0.14196807,-0.11880655,-0.1615687,-0.17469582,-0.15607469,-0.16855031,-0.11139822,-0.1388583,-0.13027036,-0.12917349,-0.15152657,-0.14268431,-0.115874976,-0.10065024,-0.090925224,-0.106021546,-0.12111831,-0.1355223,-0.15027548,-0.16071944,-0.1185138,-0.11129953,-0.1578567,-0.17738779,-0.13459446,-0.16466555,-0.25953975,-0.1490813,-0.13308173,-0.14238073,-0.15095688,-0.17780018,-0.1640754,-0.22917573,-0.09015879,-0.110387266,-0.13521978,-0.13031304,-0.13997786,-0.17409672,-0.13908121,-0.16057305,-0.12777606,-0.07092635,-0.03704006,-0.1376298,-0.16262195,-0.17930368,-0.14332479,-0.12334781,-0.1360077,-0.12023825,-0.13889539,-0.25318068,-0.26654312,-0.08380603,-0.10945694,-0.14510986,-0.09238048,-0.18816969,-0.19085337,-0.15325221,-0.090629235,-0.13230102,-0.14995581,-0.15082085,-0.15953377,-0.17107686,-0.18436149,-0.08818935,-0.1243654,-0.14163175,-0.10256614,-0.17951453,-0.19495486,-0.19196084,-0.100623116,-0.13113372,-0.080802135,-0.12859614,-0.19006202,-0.19399257,-0.19225836,-0.12379359,-0.07556191,-0.09771922,-0.11915082,-0.13703679,-0.12406494,-0.121451,-0.09503023,-0.09713085,-0.10893138,-0.082459606,-0.1135358,-0.1327576,-0.16757354,-0.1410757,-0.13665931,-0.18093297,-0.17825818,-0.19496739,-0.14530437,-0.15549555,-0.13605827,-0.119081676,-0.14001076,-0.19117098,-0.1917695,-0.18191306,-0.19755594,-0.25103784,-0.20219928,-0.1902771,-0.19152145,-0.18311149,-0.17448448,-0.27554205,-0.08916744,-0.11956477,-0.12810637,-0.15751183,-0.20931396,-0.18224281,-0.29657933,-0.32474133,-0.1520895,-0.3242122,-0.17325558,-0.17108874,-0.2185038,-0.17647925,-0.114121355,-0.14020792,-0.15388772,-0.15788373,-0.22984435,-0.18186735,-0.2600628,-0.1048716,-0.12455491,-0.13891773,-0.12464374,-0.15189947,-0.15555398,-0.15666911,-0.14014931,-0.15141064,-0.16368112,-0.15558659,-0.154019,-0.15355805,-0.13441852,-0.12342936,-0.14678748,-0.19100805,-0.17762794,-0.21025829,-0.3990198,-0.20501038,-0.113906115,-0.1296617,-0.11940014,-0.14847603,-0.16636807,-0.18717113,-0.19210216,-0.1318023,-0.07714631,-0.15380771,-0.14009061,-0.14106366,-0.11835941,-0.19987361,-0.1649412,-0.15873286,-0.14208046,-0.124057196,-0.12722544,-0.14610182,-0.2588673,-0.10770646,-0.13074079,-0.09132757,-0.12832497,-0.1296626,-0.15000325,-0.1521621,-0.096695125,-0.08910369,-0.12486601,-0.11095747,-0.13833186,-0.15120603,-0.17093974,-0.14337981,-0.116618365,-0.17441463,-0.15226565,-0.14284365,-0.1259175,-0.14250964,-0.17466888,-0.13176009,-0.13275135,-0.14628822,-0.123351306,-0.08722703,-0.05825615,-0.1438887,-0.17082691,-0.026243303,-0.16668361,-0.2829064,-0.31316653,-0.19973749,-0.14614618,-0.14331596,-0.14862512,-0.12963767,-0.25088155,-0.19457607,-0.18915784,-0.09496674,-0.10983589,-0.10702289,-0.094776616,-0.12759323,-0.15332375,-0.15746465,-0.16760746,-0.12812386,-0.0969081,-0.16398169,-0.14409682,-0.11335766,-0.18846886,-0.1706479,-0.15426117,-0.1261948,-0.115196005,-0.11360649,-0.11662802,-0.17647652,-0.13899663,-0.13495286,-0.096878245,-0.1217563,-0.09219529,-0.12434345,-0.13601004,-0.063823454,-0.13877153,-0.11419349,-0.13423863,-0.24483351,-0.2571875,-0.29957527,-0.14678258,-0.1573137,-0.13295233,-0.19104545,-0.0782174,-0.17314588,-0.16476852,-0.09859173,-0.11065883,-0.114775285,-0.076612435,-0.083404,-0.1213824,-0.13072303,-0.13855581,-0.19385117,-0.09965286,-0.15620103,-0.19487974,-0.19150792,-0.1875323,-0.11162934,-0.14326641,-0.103538975,-0.15998867,-0.19501889,-0.17392695,-0.16933995,-0.14324418,-0.14307275,-0.10224827,-0.15381107,-0.16198468,-0.1813683,-0.19581664,-0.12172926,-0.14785713,-0.11403465,-0.080564156,-0.14389324,-0.20725825,-0.16100067,-0.125103,-0.15657571,-0.15690626,-0.14401048,-0.19202894,-0.16289157,-0.18244183,-0.2963242,-0.19877627,-0.18186074,-0.17203808,-0.19372025,-0.15804046,-0.14054683,-0.13080049,-0.12557748,-0.13870814,-0.16363917,-0.30584824,-0.16702522,-0.18174925,-0.19307204,-0.11441202,-0.15111849,-0.14097631,-0.1784765,-0.16740178,-0.16495004,-0.14331086,-0.18237996,-0.12873507,-0.15392524,-0.13844219,-0.24156228,-0.17950352,-0.10366377,-0.13549075,-0.1425648,-0.17505816,-0.11056167,-0.13503528,-0.15274699,-0.16045752,-0.18212274,-0.15488267,-0.14975464,-0.19184028,-0.17569229,-0.16453576,-0.14723541,-0.14623587,-0.11499533,-0.10471026,-0.13573399,-0.20148799,-0.17734423,-0.12513243,-0.16570908,-0.18041904,-0.18738703,-0.11705899,-0.17722112,-0.26088512,-0.09294595,-0.09267537,-0.11520895,-0.13667397,-0.14860421,-0.098986045,-0.18952444
k__Bacteria|p__Actinobacteria|c__Actinomycetia|o__Micrococcales|f__Cellulomonadaceae|g__Cellulomonas|s__Cellulomonas_flavigena,-0.1004395,-0.12316422,-0.14194843,-0.20428483,-0.16706656,-0.19323064,-0.1666669,-0.14493029,-0.1253814,-0.18334769,-0.18324855,-0.2200153,-0.16969521,-0.202319,-0.10302244,-0.098985925,-0.058144663,-0.09924093,-0.10784766,-0.1707274,-0.1978925,-0.12536043,-0.1361748,-0.15194063,-0.17117193,-0.11658599,-0.16749325,-0.1735029,-0.1509206,-0.12124001,-0.13524774,-0.10582651,-0.14840949,-0.19524588,-0.18871963,-0.2175087,-0.16134967,-0.22338755,-0.19702637,-0.29867563,-0.29210672,-0.19728088,-0.10708438,-0.09162698,-0.13691942,-0.15513122,-0.23188588,-0.19363116,-0.14649948,-0.2026537,-0.18455017,-0.18279888,-0.19655226,-0.19720215,-0.20095628,-0.15731958,-0.12557794,-0.14358045,-0.0920971,-0.09560167,-0.17105496,-0.14209452,-0.13743341,-0.14683598,-0.12719077,-0.1516439,-0.2613474,-0.22333384,-0.18861237,-0.20047067,-0.14534125,-0.14907968,-0.13055545,-0.14245594,-0.15005302,-0.16350695,-0.14643471,-0.16278498,-0.15958895,-0.14998752,-0.14712828,-0.15710428,-0.15309301,-0.22480208,-0.120334074,-0.14147735,-0.11833911,-0.16062854,-0.17373784,-0.15566188,-0.1678949,-0.11139822,-0.1388583,-0.13027036,-0.12859012,-0.15152657,-0.14281596,-0.115426995,-0.10065024,-0.09056923,-0.105379105,-0.12036563,-0.13493344,-0.15027548,-0.16014986,-0.1185138,-0.11129953,-0.1578567,-0.17738779,-0.13305765,-0.16417745,-0.25953975,-0.14878333,-0.13275008,-0.14145163,-0.15095688,-0.17780018,-0.16405447,-0.22917573,-0.09015879,-0.1104024,-0.134718,-0.1294526,-0.13997786,-0.1737467,-0.13908121,-0.16057305,-0.12777606,-0.07092635,-0.03704006,-0.13731618,-0.16190876,-0.17861483,-0.14332479,-0.12334781,-0.13596812,-0.12023825,-0.13799652,-0.25318068,-0.26654312,-0.08342612,-0.10945694,-0.14404562,-0.09238048,-0.18777181,-0.18991177,-0.15291265,-0.09026705,-0.13230102,-0.14962786,-0.1502417,-0.15872067,-0.17035876,-0.18310058,-0.08793464,-0.12353711,-0.14079282,-0.10256614,-0.17951453,-0.19495486,-0.19053288,-0.10004975,-0.13113372,-0.079036355,-0.12787661,-0.19006202,-0.19281143,-0.19132583,-0.12315714,-0.07543242,-0.09704234,-0.11850266,-0.13645169,-0.12406494,-0.121451,-0.094338596,-0.096715696,-0.10841669,-0.082459606,-0.1127858,-0.13223019,-0.16679943,-0.1410757,-0.13661882,-0.18093297,-0.17825818,-0.19381636,-0.14468867,-0.15549555,-0.13521707,-0.119081676,-0.14001076,-0.19117098,-0.19079709,-0.18120441,-0.19755594,-0.25103784,-0.20219928,-0.19028538,-0.1911316,-0.18242106,-0.17404376,-0.27554205,-0.08916744,-0.11956477,-0.12831028,-0.15751183,-0.20931396,-0.18224281,-0.29657933,-0.32474133,-0.15494804,-0.3242122,-0.17325558,-0.17108874,-0.2185038,-0.17647925,-0.114121355,-0.14012673,-0.15388772,-0.15788373,-0.22984435,-0.18186735,-0.25438356,-0.10430403,-0.12455491,-0.13850497,-0.12411463,-0.15189947,-0.15467751,-0.15586314,-0.14014931,-0.15141064,-0.16264144,-0.15530701,-0.1533118,-0.15308762,-0.13385403,-0.123104766,-0.14654651,-0.18961701,-0.17683487,-0.21025829,-0.3990198,-0.20197687,-0.11341654,-0.1296617,-0.11825858,-0.14791253,-0.16636807,-0.18614432,-0.19147524,-0.13174203,-0.076713175,-0.1528256,-0.13983706,-0.14106366,-0.118047595,-0.19987361,-0.1649412,-0.15901211,-0.14143713,-0.12349034,-0.12722544,-0.14610182,-0.2588673,-0.10731803,-0.13074079,-0.09132757,-0.12832497,-0.12892555,-0.149845,-0.15144977,-0.09615288,-0.08910369,-0.124171495,-0.11056484,-0.13783544,-0.1508053,-0.16995144,-0.14284338,-0.11662704,-0.1736815,-0.15184507,-0.14213075,-0.12538457,-0.1418098,-0.17466888,-0.13176009,-0.13219266,-0.14561686,-0.1226971,-0.08722703,-0.05825615,-0.14343105,-0.17082691,-0.026243303,-0.16715214,-0.2829064,-0.31316653,-0.19763884,-0.14556897,-0.14331596,-0.14862512,-0.12963767,-0.25088155,-0.1932817,-0.18814614,-0.09465487,-0.10918739,-0.10702289,-0.09317669,-0.12759323,-0.1531358,-0.15746465,-0.16690055,-0.12812386,-0.0969081,-0.16398169,-0.14318788,-0.11335766,-0.18846886,-0.1706479,-0.15387681,-0.12556043,-0.115196005,-0.112740725,-0.11662802,-0.1757132,-0.13826846,-0.13408801,-0.096878245,-0.1209103,-0.091648795,-0.12434345,-0.13585949,-0.063823454,-0.13877153,-0.11419349,-0.1338145,-0.24483351,-0.2571875,-0.29957527,-0.14604972,-0.15651157,-0.13203025,-0.19104545,-0.0782174,-0.17205398,-0.16400577,-0.09859173,-0.11065883,-0.11466275,-0.076612435,-0.083404,-0.1213824,-0.13072303,-0.13855581,-0.19385117,-0.09866219,-0.15570654,-0.19487974,-0.19099382,-0.18651606,-0.11123794,-0.1429295,-0.10290122,-0.15884593,-0.19383794,-0.17202124,-0.16899677,-0.14274517,-0.14233461,-0.10201599,-0.1531268,-0.16154525,-0.18095817,-0.19465859,-0.12113263,-0.14710343,-0.11400222,-0.080094844,-0.14286473,-0.20725825,-0.16071488,-0.125103,-0.15657571,-0.15690626,-0.14376801,0.97807103,-0.1625714,-0.18158618,-0.2963242,-0.19849668,-0.18105885,-0.17179628,-0.1927209,-0.1574774,-0.14054683,-0.13025296,-0.12557748,-0.13829285,-0.16330011,-0.30584824,-0.16676056,-0.18063536,-0.19273481,-0.11441202,-0.15040976,-0.14067891,-0.17786288,-0.16662183,-0.1643529,-0.14331086,-0.18237996,-0.12860014,-0.15325254,-0.13734125,-0.24156228,-0.17977637,-0.103108175,-0.1354123,-0.14158778,-0.17408094,-0.1104157,-0.13458464,-0.15177375,-0.1596179,-0.18186775,-0.1535185,-0.14885946,-0.19184028,-0.17531896,-0.16369016,-0.14723541,-0.14623587,-0.11499533,-0.10471026,-0.1350263,-0.20148799,-0.17673837,-0.12513243,-0.1661973,-0.18041904,-0.18738703,-0.11705899,-0.17555782,-0.25866118,-0.092506394,-0.0922097,-0.114898175,-0.13583165,-0.1476948,-0.09860062,-0.18856572
k__Bacteria|p__Actinobacteria|c__Actinomycetia|o__Corynebacteriales|f__Nocardiaceae|g__Rhodococcus|s__Rhodococcus_erythropolis,-0.1004395,-0.12316422,-0.14031282,-0.20428483,-0.16664015,-0.1937371,-0.1666669,-0.1452395,-0.12417774,-0.18452808,-0.18350169,-0.22075099,-0.16847609,-0.20354909,-0.10204636,-0.09756343,-0.058144663,-0.09922761,-0.1065846,-0.17112137,-0.1978925,-0.12536043,-0.13651222,-0.15309528,-0.17161387,-0.11658599,-0.16768363,-0.1749078,-0.1509206,-0.12124001,-0.13476396,-0.10406904,-0.14795302,-0.19561066,-0.18941286,-0.2175087,-0.16045915,-0.22338755,-0.1963481,-0.29867563,-0.29210672,-0.1977321,-0.10640302,-0.09162698,-0.13691942,-0.15453586,-0.23188588,-0.1936788,-0.14636017,-0.2026537,-0.18409207,-0.18279888,-0.19701606,-0.19781603,-0.20176369,-0.15869597,-0.12525827,-0.14369021,-0.09170015,-0.0945515,-0.171856,-0.14286804,-0.13743341,-0.14688277,-0.12719077,-0.15091284,-0.2613474,-0.22333384,-0.18929566,-0.20047067,-0.14606676,-0.14940214,-0.12999773,-0.14245814,-0.1517095,-0.16523936,-0.14738871,-0.16278498,-0.15919591,-0.14998752,-0.14725804,-0.15671879,-0.15344343,-0.22480208,-0.120334074,-0.14123946,-0.11752878,-0.16179433,-0.17483605,-0.15518686,-0.16865109,-0.11139822,-0.1388583,-0.13027036,-0.12847418,-0.15152657,-0.14254025,-0.11521745,-0.10065024,-0.08908075,-0.104628034,-0.11994639,-0.13460797,-0.15027548,-0.16078192,-0.1185138,-0.11129953,-0.1578567,-0.17738779,-0.13380876,-0.16284336,-0.25953975,-0.14849837,-0.1317867,-0.14090112,-0.15095688,-0.17780018,-0.1628132,-0.22917573,-0.09015879,-0.10934344,-0.13433588,-0.12922251,-0.13997786,-0.17349984,-0.13908121,-0.16057305,-0.12777606,-0.07092635,-0.03704006,-0.13629887,-0.16235155,-0.17949235,-0.14332479,-0.12334781,-0.13527867,-0.12023825,-0.13793446,-0.25318068,-0.26654312,-0.08229251,-0.10945694,-0.14466444,-0.09238048,-0.18775986,-0.19010499,-0.15203747,-0.08904946,-0.13230102,-0.14927414,-0.1500656,-0.15905163,-0.17069882,-0.1848272,-0.086266994,-0.12343846,-0.1410963,-0.10256614,-0.17951453,-0.19495486,-0.19184889,-0.099162236,-0.13113372,-0.07777441,-0.1268994,-0.19006202,-0.19364461,-0.19173518,-0.123606846,-0.07394842,-0.09603896,-0.11741725,-0.13609734,-0.12406494,-0.121451,-0.09337513,-0.09520534,-0.107433915,-0.082459606,-0.111930385,-0.13190816,-0.16767156,-0.1410757,-0.1356394,-0.18093297,-0.17825818,-0.19383976,-0.14398296,-0.15549555,-0.13522997,-0.119081676,-0.14001076,-0.19117098,-0.19077428,-0.18143234,-0.19755594,-0.25103784,-0.20219928,-0.19015253,-0.19076735,-0.18241258,-0.17297046,-0.27554205,-0.08916744,-0.11956477,-0.12676908,-0.15751183,-0.20931396,-0.18224281,-0.29657933,-0.32474133,-0.14836146,-0.3242122,-0.17325558,-0.17108874,-0.2185038,-0.17647925,-0.114121355,-0.13913687,-0.15388772,-0.15788373,-0.22984435,-0.18186735,-0.2522987,-0.103401035,-0.12455491,-0.13821939,-0.12365538,-0.15189947,-0.15556243,-0.15686622,-0.14014931,-0.15141064,-0.164018,-0.15520617,-0.15377444,-0.15256435,-0.13304782,-0.12253339,-0.14622682,-0.19143215,-0.17720333,-0.21025829,-0.3990198,-0.19947197,-0.112679034,-0.1296617,-0.11793944,-0.14776824,-0.16636807,-0.18770847,-0.19177549,-0.13086721,-0.07525593,-0.15328099,-0.13917151,-0.14106366,-0.118286856,-0.19987361,-0.1649412,-0.1582078,-0.1406346,-0.122821316,-0.12722544,-0.14610182,-0.2588673,-0.10612929,-0.13074079,-0.09132757,-0.12832497,-0.12909639,-0.14956424,-0.15236315,-0.09536223,-0.08910369,-0.12370024,-0.10942781,-0.13729137,-0.15053263,-0.1706682,-0.1427733,-0.11563234,-0.17421496,-0.15169166,-0.14229491,-0.12439134,-0.1427351,-0.17466888,-0.13176009,-0.13180485,-0.14570865,-0.12232007,-0.08722703,-0.05825615,-0.14328751,-0.17082691,-0.026243303,-0.16508584,-0.2829064,-0.31316653,-0.19697165,-0.14562172,-0.14331596,-0.14862512,-0.12963767,-0.25088155,-0.19390464,-0.18914327,-0.09355219,-0.10871811,-0.10702289,-0.09326791,-0.12759323,-0.15259027,-0.15746465,-0.16738304,-0.12812386,-0.0969081,-0.16398169,-0.14419657,-0.11335766,-0.18846886,-0.1706479,-0.15376292,-0.1254698,-0.115196005,-0.112211704,-0.11662802,-0.17671779,-0.13838358,-0.13418421,-0.096878245,-0.12022064,-0.090760276,-0.12434345,-0.13600633,-0.063823454,-0.13877153,-0.11419349,-0.13299793,-0.24483351,-0.2571875,-0.29957527,-0.1459812,-0.15684149,-0.13170558,-0.19104545,-0.0782174,-0.17227736,-0.16450416,-0.09859173,-0.11065883,-0.11458792,-0.076612435,-0.083404,-0.1213824,-0.13072303,-0.13855581,-0.19385117,-0.09817459,-0.15539876,-0.19487974,-0.19110227,-0.18699145,-0.11045043,-0.14264143,-0.10259238,-0.16014403,-0.19428413,-0.17384268,-0.16871536,-0.1425175,-0.1422393,-0.100053206,-0.15299934,-0.1616071,-0.1806839,-0.19490543,-0.1207833,-0.14753222,-0.113069035,-0.078961045,-0.14220664,-0.20725825,-0.16082579,-0.125103,-0.15657571,-0.15690626,-0.14310431,-0.19202894,-0.16252616,-0.18281469,-0.2963242,-0.19426835,-0.18012813,-0.17078647,-0.19220217,-0.15667412,-0.14054683,-0.12974146,-0.12557748,-0.13772203,-0.16188227,-0.30584824,-0.16648227,-0.18156046,-0.19273292,-0.11441202,-0.15046802,-0.13995218,-0.17815039,-0.16703847,-0.16483666,-0.14331086,-0.18237996,-0.12726215,-0.15315042,-0.13615489,-0.24156228,-0.17873833,-0.102243364,-0.13456419,-0.14204681,-0.17498505,-0.10926035,-0.13392588,-0.15313783,-0.16027609,-0.18157926,-0.15465963,-0.1490332,-0.19184028,-0.17532375,-0.16512626,-0.14723541,-0.14623587,-0.11499533,-0.10471026,-0.13437268,-0.20148799,-0.17765422,-0.12513243,-0.16536467,-0.18041904,-0.18738703,-0.11705899,-0.17815736,-0.2576699,-0.09129736,-0.09118863,-0.11361445,-0.13561651,-0.14770037,-0.097070426,-0.189677
k__Bacteria|p__Actinobacteria|c__Actinomycetia|o__Micrococcales|f__Microbacteriaceae|g__Microbacterium|s__Microbacterium_lacticum,-0.1004395,-0.12316422,-0.1411334,-0.20428483,-0.16702642,-0.1941722,-0.1666669,-0.14536157,-0.12500933,-0.18429,-0.18418606,-0.22086245,-0.16996086,-0.20469686,-0.10297471,-0.0984063,-0.058144663,-0.09928595,-0.107283324,-0.17105569,-0.1978925,-0.12536043,-0.13645333,-0.15273526,-0.1718213,-0.11658599,-0.1679216,-0.1746108,-0.1509206,-0.12124001,-0.13500881,-0.10529301,-0.14813802,-0.19624649,-0.18957612,-0.2175087,-0.16065234,-0.22338755,-0.19686297,-0.29867563,-0.29210672,-0.19840309,-0.10717001,-0.09162698,-0.13691942,-0.15486687,-0.23188588,-0.19410524,-0.1469786,-0.2026537,-0.18490627,-0.18279888,-0.19712825,-0.19769453,-0.20159858,-0.15847616,-0.12560582,-0.14389485,-0.09193958,-0.09513454,-0.17182788,-0.14266717,-0.13743341,-0.147066,-0.12719077,-0.15149054,-0.2613474,-0.22333384,-0.18955866,-0.20047067,-0.1460383,-0.14953792,-0.13037959,-0.14255768,-0.15126267,-0.1646424,-0.14720154,-0.16278498,-0.15971106,-0.14998752,-0.1471583,-0.15711406,-0.15343156,-0.22480208,-0.120334074,-0.14144675,-0.11790829,-0.16160244,-0.17459801,-0.15550877,-0.1684655,-0.11139822,-0.1388583,-0.13027036,-0.12874669,-0.15152657,-0.14291526,-0.11547181,-0.10065024,-0.0899422,-0.10529776,-0.12039767,-0.13495322,-0.15027548,-0.16075504,-0.1185138,-0.11129953,-0.1578567,-0.17738779,-0.13367341,-0.16308221,-0.25953975,-0.1487721,-0.13237676,-0.14127785,-0.15095688,-0.17780018,-0.16370073,-0.22917573,-0.09015879,-0.10962729,-0.13461156,-0.12952816,-0.13997786,-0.17391638,-0.13908121,-0.16057305,-0.12777606,-0.07092635,-0.03704006,-0.13684788,-0.16249102,-0.17924842,-0.14332479,-0.12334781,-0.13598228,-0.12023825,-0.13807201,-0.25318068,-0.26654312,-0.0831992,-0.10945694,-0.14472535,-0.09238048,-0.18813117,-0.19047365,-0.15292594,-0.08991711,-0.13230102,-0.14949456,-0.15034069,-0.15914302,-0.17083625,-0.18451849,-0.08730559,-0.12357095,-0.14104444,-0.10256614,-0.17951453,-0.19495486,-0.19186985,-0.09983699,-0.13113372,-0.07852423,-0.12743387,-0.19006202,-0.19399016,-0.19204256,-0.12351432,-0.075202,-0.09687587,-0.1180684,-0.13645068,-0.12406494,-0.121451,-0.094133526,-0.09631628,-0.10827145,-0.082459606,-0.11276245,-0.1324665,-0.1675854,-0.1410757,-0.1361033,-0.18093297,-0.17825818,-0.19447234,-0.14449078,-0.15549555,-0.13532883,-0.119081676,-0.14001076,-0.19117098,-0.19146895,-0.18164115,-0.19755594,-0.25103784,-0.20219928,-0.19083011,-0.19122547,-0.18290333,-0.17370966,-0.27554205,-0.08916744,-0.11956477,-0.12760778,-0.15751183,-0.20931396,-0.18224281,-0.29657933,-0.32474133,-0.15028256,-0.3242122,-0.17325558,-0.17108874,1.042565,-0.17647925,-0.114121355,-0.13972108,-0.15388772,-0.15788373,-0.22984435,-0.18186735,-0.25543535,-0.10406231,-0.12455491,-0.13857454,-0.1240579,-0.15189947,-0.15559807,-0.15676036,-0.14014931,-0.15141064,-0.16360906,-0.15530375,-0.15377894,-0.15289038,-0.13375731,-0.122854054,-0.1463817,-0.19096714,-0.17749533,-0.21025829,-0.3990198,-0.20137288,-0.11338981,-0.1296617,-0.11843322,-0.14788541,-0.16636807,-0.18758291,-0.19214192,-0.13121018,-0.076510474,-0.15316623,-0.1396929,-0.14106366,-0.117759645,-0.19987361,-0.1649412,-0.1587081,-0.1410985,-0.12334235,-0.12722544,-0.14610182,-0.2588673,-0.10680404,-0.13074079,-0.09132757,-0.12832497,-0.12916699,-0.14982942,-0.15227328,-0.096075,-0.08910369,-0.124091774,-0.110158354,-0.13764343,-0.1508551,-0.17058189,-0.14300884,-0.116151065,-0.17419326,-0.15209436,-0.14235407,-0.12521303,-0.14250746,-0.17466888,-0.13176009,-0.13215029,-0.14588794,-0.12290366,-0.08722703,-0.05825615,-0.14354835,-0.17082691,-0.026243303,-0.16599727,-0.2829064,-0.31316653,-0.19816591,-0.14573547,-0.14331596,-0.14862512,-0.12963767,-0.25088155,-0.1944724,-0.18916255,-0.09426425,-0.10918838,-0.10702289,-0.09349157,-0.12759323,-0.15282565,-0.15746465,-0.16746679,-0.12812386,-0.0969081,-0.16398169,-0.14384055,-0.11335766,-0.18846886,-0.1706479,-0.15393399,-0.12578344,-0.115196005,-0.11250375,-0.11662802,-0.17680833,-0.13852338,-0.13455775,-0.096878245,-0.120919086,-0.09144475,-0.12434345,-0.13600461,-0.063823454,-0.13877153,-0.11419349,-0.13327576,-0.24483351,-0.2571875,-0.29957527,-0.14621085,-0.15696159,-0.13206106,-0.19104545,-0.0782174,-0.17285043,-0.16425154,-0.09859173,-0.11065883,-0.11467482,-0.076612435,-0.083404,-0.1213824,-0.13072303,-0.13855581,-0.19385117,-0.09878257,-0.15550703,-0.19487974,-0.19155143,-0.187145,-0.111025184,-0.1430732,-0.103229046,-0.15970604,-0.19460036,-0.17314586,-0.16912614,-0.14283058,-0.14255258,-0.100984894,-0.15319748,-0.16178828,-0.18121216,-0.19547021,-0.12122716,-0.14767306,-0.113859504,-0.07980733,-0.14201984,-0.20725825,-0.1611807,-0.125103,-0.15657571,-0.15690626,-0.14363748,-0.19202894,-0.16267636,-0.1825645,-0.2963242,-0.19712594,-0.18071641,-0.17167147,-0.19306636,-0.1572609,-0.14054683,-0.13017946,-0.12557748,-0.1382633,-0.16212723,-0.30584824,-0.16680825,-0.1815913,-0.19322164,-0.11441202,-0.15046236,-0.14043698,-0.17820546,-0.16710413,-0.1649239,-0.14331086,-0.18237996,-0.1279969,-0.15306394,-0.13623673,-0.24156228,-0.1799174,-0.102868825,-0.135019,-0.14214759,-0.17485894,-0.110023215,-0.1343754,-0.15277201,-0.16033643,-0.18223093,-0.15445243,-0.14911802,-0.19184028,-0.17563765,-0.16481063,-0.14723541,-0.14623587,-0.11499533,-0.10471026,-0.13458179,-0.20148799,-0.17763944,-0.12513243,-0.1659761,-0.18041904,-0.18738703,-0.11705899,-0.1775147,-0.26025352,-0.0922435,-0.09195027,-0.11434369,-0.1359202,-0.14793666,-0.09795881,-0.18959893
k__Bacteria|p__Actinobacteria|c__Coriobacteriia|o__Coriobacteriales|f__Coriobacteriaceae|g__Collinsella|s__Collinsella_SGB14987,-0.1004395,-0.12316422,-0.14201307,-0.20428483,-0.1666353,-0.1937251,-0.1666669,-0.14485288,-0.124834806,-0.18317184,-0.1836905,-0.23189634,-0.16886276,-0.20740944,-0.103057355,-0.09947179,-0.058144663,-0.0994391,-0.107603595,-0.17077899,-0.1978925,-0.12536043,-0.13597569,-0.15195537,-0.17151394,-0.11658599,-0.16700506,-0.17354447,-0.1509206,-0.12124001,-0.13480875,-0.10584465,-0.14829704,-0.19632903,-0.18929711,-0.2175087,-0.16054627,-0.22338755,-0.19754067,-0.29867563,-0.29210672,-0.19921143,-0.10700853,-0.09162698,-0.13691942,-0.15483971,-0.23188588,-0.1938091,-0.14640073,-0.2026537,-0.18306452,-0.18279888,-0.19812289,-0.20008639,-0.20613694,-0.15701145,-0.12560423,-0.14370528,-0.09177785,-0.09548892,-0.17102939,-0.14206785,-0.13743341,-0.14679289,-0.12719077,-0.15108454,-0.2613474,-0.22333384,-0.18872237,-0.20047067,-0.14548938,-0.148981,-0.13085844,-0.14283574,-0.15050787,-0.16363525,-0.14610183,-0.16278498,-0.15914816,-0.14998752,-0.1468222,-0.15712255,-0.1530756,-0.22480208,-0.120334074,-0.14135367,-0.11820486,-0.16063967,-0.17380379,-0.15572691,-0.16785988,-0.11139822,-0.1388583,-0.13027036,-0.12833826,-0.15152657,-0.14202376,-0.11498916,-0.10065024,-0.09035906,-0.10531527,-0.12040623,-0.13487318,-0.15027548,-0.15996175,-0.1185138,-0.11129953,-0.1578567,-0.17738779,-0.13373463,-0.16430853,-0.25953975,-0.14846304,-0.13267516,-0.14186597,-0.15095688,-0.17780018,-0.16379264,-0.22917573,-0.09015879,-0.10976444,-0.13466254,-0.12963384,-0.13997786,-0.17374718,-0.13908121,-0.16057305,-0.12777606,-0.07092635,-0.03704006,-0.13708788,-0.16197081,-0.17856498,-0.14332479,-0.12334781,-0.13547748,-0.12023825,-0.13819689,-0.25318068,-0.26654312,-0.08321342,-0.10945694,-0.14431912,-0.09238048,-0.18769053,-0.19048229,-0.15290418,-0.090056226,-0.13230102,-0.14939111,-0.15025327,-0.1588591,-0.17045051,-0.18341644,-0.087807,-0.123643324,-0.1411719,-0.10256614,-0.17951453,-0.19495486,-0.19116658,-0.09988472,-0.13113372,-0.08022036,-0.12791327,-0.19006202,-0.19342554,-0.19177538,-0.122978374,-0.075044036,-0.09707479,-0.11859047,-0.13643843,-0.12406494,-0.121451,-0.094444506,-0.09662752,-0.10842039,-0.082459606,-0.11286217,-0.1320998,-0.16676465,-0.1410757,-0.13612208,-0.18093297,-0.17825818,-0.19464993,-0.14482687,-0.15549555,-0.1353288,-0.119081676,-0.14001076,-0.19117098,-0.19151431,-0.18152541,-0.19755594,-0.25103784,-0.20219928,-0.18985815,-0.19117483,-0.18258004,-0.17425425,-0.27554205,-0.08916744,-0.11956477,-0.12770706,-0.15751183,-0.20931396,-0.18224281,-0.29657933,-0.32474133,-0.15353526,-0.3242122,-0.17325558,-0.17108874,-0.2185038,-0.17647925,-0.114121355,-0.13977988,-0.15388772,-0.15788373,-0.22984435,-0.18186735,-0.2606043,-0.10428581,-0.12455491,-0.13827014,-0.123896435,-0.15189947,-0.15478444,-0.15570453,-0.14014931,-0.15141064,-0.16272676,-0.1550129,-0.15331873,-0.15314694,-0.13389239,-0.12270695,-0.14604893,-0.19011304,-0.17717515,-0.21025829,-0.3990198,-0.20538,-0.11324785,-0.1296617,-0.11861174,-0.14773938,-0.16636807,-0.18629755,-0.19158454,-0.13139385,-0.076541275,-0.1529594,-0.13957965,-0.14106366,-0.11748305,-0.19987361,-0.1649412,-0.15842877,-0.14178005,-0.12349062,-0.12722544,-0.14610182,-0.2588673,-0.10718799,-0.13074079,-0.09132757,-0.12832497,-0.12880531,-0.1494879,-0.15127991,-0.09604806,-0.08910369,-0.12425256,-0.11045158,-0.13776909,-0.15066376,-0.17023548,-0.14270794,-0.116016865,-0.17382726,-0.15169829,-0.14211774,-0.12550762,-0.14142227,-0.17466888,-0.13176009,-0.13211589,-0.1456217,-0.12272527,-0.08722703,-0.05825615,-0.14329118,-0.17082691,-0.026243303,-0.16678028,-0.2829064,-0.31316653,-0.19987826,-0.14545071,-0.14331596,-0.14862512,-0.12963767,-0.25088155,-0.19404918,-0.18844478,-0.09439233,-0.10907348,-0.10702289,-0.093825415,-0.12759323,-0.15284353,-0.15746465,-0.16685802,-0.12812386,-0.0969081,-0.16398169,-0.14320657,-0.11335766,-0.18846886,-0.1706479,-0.15370283,-0.12553544,-0.115196005,-0.11287607,-0.11662802,-0.17570388,-0.13826318,-0.13425839,-0.096878245,-0.12121055,-0.09145773,-0.12434345,-0.13520929,-0.063823454,-0.13877153,-0.11419349,-0.1337167,-0.24483351,-0.2571875,-0.29957527,-0.14613974,-0.15665716,-0.13225156,-0.19104545,-0.0782174,-0.17260876,-0.16405162,-0.09859173,-0.11065883,-0.113958344,-0.076612435,-0.083404,-0.1213824,-0.13072303,-0.13855581,-0.19385117,-0.09905598,-0.15555942,-0.19487974,-0.19106877,-0.18700884,-0.11096217,-0.14282405,-0.10266586,-0.15886274,-0.19442853,-0.17294726,-0.16900128,-0.14265123,-0.14243767,-0.10194148,-0.15322939,-0.1613254,-0.18099466,-0.19547305,-0.12099124,-0.14704773,-0.11340599,-0.079816364,-0.14332482,-0.20725825,-0.16043943,-0.125103,-0.15657571,-0.15690626,-0.14355342,-0.19202894,-0.16237363,-0.18165469,-0.2963242,-0.199743,-0.18156797,-0.17177375,-0.19356412,-0.1576769,-0.14054683,-0.13023388,-0.12557748,-0.13829395,-0.16351658,-0.30584824,-0.16685514,-0.18102509,-0.19257785,-0.11441202,-0.15045461,-0.14042261,-0.17794691,-0.16674209,-0.16421144,-0.14331086,-0.18237996,-0.12828752,-0.15345842,-0.13803948,-0.24156228,-0.17938134,-0.103002004,-0.13506395,-0.14172463,-0.17427509,-0.11006963,-0.13450296,-0.15174405,-0.15966308,-0.18181427,-0.15399183,-0.14905675,-0.19184028,-0.1753103,-0.16354004,-0.14723541,-0.14623587,-0.11499533,-0.10471026,-0.13512322,-0.20148799,-0.17663562,-0.12513243,-0.16565716,-0.18041904,-0.18738703,-0.11705899,-0.17584838,-0.2608385,-0.09240355,-0.09201152,-0.11473869,-0.13595402,-0.1480149,-0.098490775,-0.18890013
k__Bacteria|p__Actinobacteria|c__Actinomycetia|o__Micrococcales|f__Micrococcaceae|g__Rothia|s__Rothia_kristinae,-0.1004395,-0.12316422,-0.14197376,-0.20428483,-0.16686186,-0.1935044,-0.1666669,-0.14535508,-0.12542519,-0.18350902,-0.18339786,-0.22599006,-0.17018025,-0.20567371,-0.10399017,-0.10024692,-0.058144663,-0.10042758,-0.108341694,-0.1708135,-0.1978925,-0.12536043,-0.1366893,-0.15245949,-0.17160994,-0.11658599,-0.16738148,-0.173996,-0.1509206,-0.12124001,-0.13528323,-0.10650204,-0.14836892,-0.1959463,-0.18905377,-0.2175087,-0.16083224,-0.22338755,-0.1968544,-0.29867563,-0.29210672,-0.19817705,-0.108093195,-0.09162698,-0.13691942,-0.15514453,-0.23188588,-0.19365793,-0.14696111,-0.2026537,-0.18366534,-0.18279888,-0.19693816,-0.19837847,-0.20313333,-0.15840943,-0.1262126,-0.14416844,-0.09296149,-0.09643095,-0.1712955,-0.14263071,-0.13743341,-0.14720884,-0.12719077,-0.15153028,-0.2613474,-0.22333384,-0.18877186,-0.20047067,-0.14605956,-0.14951164,-0.13109656,-0.14303747,-0.15111683,-0.16419807,-0.14681101,-0.16278498,-0.15959707,-0.14998752,-0.14722583,-0.15721655,-0.15339649,-0.22480208,-0.120334074,-0.14175072,-0.11883122,-0.16118445,-0.17409904,-0.15568852,-0.16793334,-0.11139822,-0.1388583,-0.13027036,-0.12904437,-0.15152657,-0.14266726,-0.11609161,-0.10065024,-0.0913413,-0.10630588,-0.12115976,-0.13539892,-0.15027548,-0.16043213,-0.1185138,-0.11129953,-0.1578567,-0.17738779,-0.13416615,-0.16348317,-0.25953975,-0.14891405,-0.13296843,-0.1418506,-0.15095688,-0.17780018,-0.1638184,-0.22917573,-0.09015879,-0.11053464,-0.13501534,-0.13013361,-0.13997786,-0.17365389,-0.13908121,-0.16057305,-0.12777606,-0.07092635,-0.03704006,-0.13742243,-0.16218337,-0.17872626,-0.14332479,-0.12334781,-0.13611299,-0.12023825,-0.13842008,-0.25318068,-0.26654312,-0.084476486,-0.10945694,-0.14473507,-0.09238048,-0.18754087,-0.19002351,-0.15314138,-0.091189265,-0.13230102,-0.14967509,-0.15053427,-0.15914786,-0.17058438,-0.18364272,-0.088776484,-0.124371946,-0.14151213,-0.10256614,-0.17951453,-0.19495486,-0.19121407,-0.1008081,-0.13113372,-0.08058487,-0.12826088,-0.19006202,-0.19332871,-0.19147429,-0.123917535,-0.07656625,-0.09804343,-0.119076826,-0.13685714,-0.12406494,-0.121451,-0.095434,-0.09759584,-0.10919255,-0.082459606,-0.11361089,-0.13275656,-0.16720688,-0.1410757,-0.13658231,-0.18093297,-0.17825818,-0.19415584,-0.14491318,-0.15549555,-0.13579825,-0.119081676,-0.14001076,-0.19117098,-0.19122063,-0.18129694,-0.19755594,-0.25103784,-0.20219928,-0.18984699,-0.19072893,-0.18248811,-0.17373288,-0.27554205,-0.08916744,-0.11956477,-0.12807888,-0.15751183,-0.20931396,-0.18224281,-0.29657933,-0.32474133,-0.15190926,-0.3242122,-0.17325558,-0.17108874,-0.2185038,-0.17647925,-0.114121355,-0.14011142,-0.15388772,-0.15788373,-0.22984435,-0.18186735,-0.2570493,-0.105106436,-0.12455491,-0.1387623,-0.124590404,-0.15189947,-0.15531349,-0.15639777,-0.14014931,-0.15141064,-0.16315757,-0.15532339,-0.1536685,-0.15311621,-0.13437647,-0.12338522,-0.14651218,-0.1900708,-0.17714539,-0.21025829,-0.3990198,-0.20310724,-0.11414261,-0.1296617,-0.11925365,-0.14800256,-0.16636807,-0.18655203,-0.19145542,-0.13176738,-0.07785603,-0.15317698,-0.139964,-0.14106366,-0.11845273,-0.19987361,-0.1649412,-0.15862092,-0.14167875,-0.12402618,-0.12722544,-0.14610182,-0.2588673,-0.107901484,-0.13074079,-0.09132757,-0.12832497,-0.12952152,-0.14980033,-0.15204659,-0.09717041,-0.08910369,-0.124739945,-0.11112608,-0.13815252,-0.15087703,-0.17039207,-0.14312443,-0.116757356,-0.17383797,-0.15200582,-0.14259687,-0.12590024,-0.14234227,-0.17466888,-0.13176009,-0.1325614,-0.1460252,-0.123529814,-0.08722703,-0.05825615,-0.14368773,-0.17082691,-0.026243303,-0.16651392,-0.2829064,-0.31316653,-0.19840719,-0.14592302,-0.14331596,-0.14862512,-0.12963767,-0.25088155,-0.19400099,-0.18841042,-0.095323354,-0.110051505,-0.10702289,-0.09473495,-0.12759323,-0.15297273,-0.15746465,-0.16730787,-0.12812386,-0.0969081,-0.16398169,-0.14391235,-0.11335766,-0.18846886,-0.1706479,-0.15402305,-0.12623513,-0.115196005,-0.11350982,-0.11662802,-0.17615205,-0.13883142,-0.13490903,-0.096878245,-0.12176922,-0.09262678,-0.12434345,-0.13607478,-0.063823454,-0.13877153,-0.11419349,-0.13389814,-0.24483351,-0.2571875,-0.29957527,-0.1464693,-0.15691194,-0.13256927,-0.19104545,-0.0782174,-0.17245084,-0.16419119,-0.09859173,-0.11065883,-0.115061425,-0.076612435,-0.083404,-0.1213824,-0.13072303,-0.13855581,-0.19385117,-0.09993579,-0.15558338,-0.19487974,-0.19086723,-0.18674317,-0.11183646,-0.14327817,-0.10391839,-0.15935767,-0.19416972,-0.1729322,-0.16878207,-0.14308693,-0.1429138,-0.102372214,-0.15329833,-0.16173325,-0.18077646,-0.19497834,-0.12177889,-0.14765167,-0.11436561,-0.08106595,-0.142916,-0.20725825,-0.16088372,-0.125103,-0.15657571,-0.15690626,-0.14396906,-0.19202894,-0.1625041,-0.18177629,-0.2963242,-0.19785784,-0.18071702,-0.17165843,-0.19279714,-0.15752184,-0.14054683,-0.13069728,-0.12557748,-0.13855743,-0.16279867,-0.30584824,-0.16646941,-0.18092552,-0.19262272,-0.11441202,-0.1505509,-0.14090711,-0.1778591,-0.16686755,-0.16467166,-0.14331086,-0.18237996,-0.12863526,-0.15328549,-0.13732365,-0.24156228,-0.17942068,-0.1039442,-0.13549307,-0.14229876,-0.17439398,-0.11089896,-0.13477856,-0.15236863,-0.16024658,-0.18174103,-0.15436052,-0.1493203,-0.19184028,-0.17523625,-0.16424824,-0.14723541,-0.14623587,-0.11499533,-0.10471026,-0.13525361,-0.20148799,-0.17697363,-0.12513243,-0.16594473,-0.18041904,-0.18738703,-0.11705899,-0.17645277,-0.25938216,-0.09350245,-0.09315652,-0.11526486,-0.13641047,-0.14820905,-0.099200815,-0.18872923
k__Bacteria|p__Actinobacteria|c__Actinomycetia|o__Actinomycetales|f__Actinomycetaceae|g__GGB9832|s__GGB9832_SGB15478,-0.1004395,-0.12316422,-0.14053048,-0.20428483,-0.16615319,-0.19217516,-0.1666669,-0.14497423,-0.124319315,-0.18324003,-0.18189786,-0.22044265,-0.16795428,-0.20304951,-0.102794945,-0.09874244,-0.058144663,-0.10018334,-0.10736615,-0.17023627,-0.1978925,-0.12536043,-0.13619025,-0.15239727,-0.17075273,-0.11658599,-0.16701494,-0.17377102,-0.1509206,-0.12124001,-0.13504086,-0.105019614,-0.14802876,-0.19423339,-0.18859339,-0.2175087,-0.15960768,-0.22338755,-0.19556147,-0.29867563,-0.29210672,-0.19696075,-0.107054606,-0.09162698,-0.13691942,-0.15446264,-0.23188588,-0.19258463,-0.1460949,-0.2026537,-0.18241787,-0.18279888,-0.19551909,-0.196261,-0.20144612,-0.15806353,-0.12553099,-0.14352983,-0.092395335,-0.09545556,-0.1709463,-0.1422992,-0.13743341,-0.14662743,-0.12719077,-0.15059228,-0.2613474,-0.22333384,-0.18784827,-0.20047067,-0.14560577,-0.14891636,-0.13035074,-0.14239147,-0.1510168,-0.1639353,-0.14656919,-0.16278498,-0.15829727,-0.14998752,-0.14713144,-0.15636507,-0.15285107,-0.22480208,-0.120334074,-0.14129657,-0.11807124,-0.16092841,-0.1736874,-0.15477073,-0.16788654,-0.11139822,-0.1388583,-0.13027036,-0.12859312,-0.15152657,-0.14242688,-0.11535073,-0.10065024,-0.090289295,-0.10543673,-0.12030606,-0.13486871,-0.15027548,-0.16028188,-0.1185138,-0.11129953,-0.1578567,-0.17738779,-0.133008,-0.16275336,-0.25953975,-0.14821284,-0.1320996,-0.14109105,-0.15095688,-0.17780018,-0.16224486,-0.22917573,-0.09015879,-0.1101282,-0.13449061,-0.12932053,-0.13997786,-0.17295143,-0.13908121,-0.16057305,-0.12777606,-0.07092635,-0.03704006,-0.13677083,-0.16194752,-0.17843656,-0.14332479,-0.12334781,-0.13543645,-0.12023825,-0.13836086,-0.25318068,-0.26654312,-0.08358787,-0.10945694,-0.14464328,-0.09238048,-0.18712953,-0.18940693,-0.15243796,-0.09027636,-0.13230102,-0.14921962,-0.14981875,-0.15843788,-0.16984177,-0.18362951,-0.08764457,-0.123439595,-0.14110331,-0.10256614,-0.17951453,-0.19495486,-0.1903029,-0.10004225,-0.13113372,-0.07936053,-0.12770328,-0.19006202,-0.19230583,-0.19077985,-0.123730406,-0.075148866,-0.096865684,-0.118043974,-0.13640921,-0.12406494,-0.121451,-0.094336666,-0.09638086,-0.1084066,-0.082459606,-0.11262718,-0.13231973,-0.16701645,-0.1410757,-0.13583699,-0.18093297,-0.17825818,-0.1927589,-0.14422405,-0.15549555,-0.13522585,-0.119081676,-0.14001076,-0.19117098,-0.18976222,-0.18014699,-0.19755594,-0.25103784,-0.20219928,-0.189127,-0.18983507,-0.18159857,-0.17280644,-0.27554205,-0.08916744,-0.11956477,-0.12769517,-0.15751183,-0.20931396,-0.18224281,-0.29657933,-0.32474133,-0.15106308,-0.3242122,-0.17325558,-0.17108874,-0.2185038,-0.17647925,-0.114121355,-0.13930944,-0.15388772,-0.15788373,-0.22984435,-0.18186735,-0.25104654,-0.1042215,-0.12455491,-0.13835016,-0.12407559,-0.15189947,-0.15511836,-0.1562306,-0.14014931,-0.15141064,-0.16309018,-0.15472212,-0.1532023,-0.15251568,-0.13346401,-0.12289232,-0.1458016,-0.18999588,-0.1761743,-0.21025829,-0.3990198,-0.19957975,-0.11330337,-0.1296617,-0.11825135,-0.14776704,-0.16636807,-0.18635553,-0.19065933,-0.13144669,-0.07644726,-0.1529203,-0.13953227,-0.14106366,-0.11844951,-0.19987361,-0.1649412,-0.15786748,-0.14090191,-0.12338498,-0.12722544,-0.14610182,-0.2588673,-0.10710553,-0.13074079,-0.09132757,-0.12832497,-0.1293602,-0.14962786,-0.15186962,-0.096276134,-0.08910369,-0.12424369,-0.110425055,-0.13756281,-0.15049946,-0.16996935,-0.1426586,-0.11629869,-0.17356908,-0.15150031,-0.14231089,-0.12486111,-0.142011,-0.17466888,-0.13176009,-0.13195546,-0.14546382,-0.12266388,-0.08722703,-0.05825615,-0.14327577,-0.17082691,-0.026243303,-0.16525578,-0.2829064,-0.31316653,-0.19610894,-0.14541072,-0.14331596,-0.14862512,-0.12963767,-0.25088155,-0.19231823,-0.18782514,-0.09472917,-0.10914546,-0.10702289,-0.093913734,-0.12759323,-0.15259558,-0.15746465,-0.16629663,-0.12812386,-0.0969081,-0.16398169,-0.14398028,-0.11335766,-0.18846886,-0.1706479,-0.15332204,-0.1254135,-0.115196005,-0.11272683,-0.11662802,-0.17577553,-0.13823393,-0.13419753,-0.096878245,-0.12064489,-0.091956705,-0.12434345,-0.13607208,-0.063823454,-0.13877153,-0.11419349,-0.13367006,-0.24483351,-0.2571875,-0.29957527,-0.14578164,-0.1563108,-0.13174435,-0.19104545,-0.0782174,-0.17131646,-0.16398762,-0.09859173,-0.11065883,-0.11504428,-0.076612435,-0.083404,-0.1213824,-0.13072303,-0.13855581,-0.19385117,-0.098829195,-0.15506256,-0.19487974,-0.1899192,-0.1859928,-0.111199446,-0.14276756,-0.10290632,-0.15921763,-0.19260624,-0.17265609,-0.16853142,-0.14247525,-0.1420469,-0.10123794,-0.15296972,-0.1609081,-0.17995459,-0.1937924,-0.12112896,-0.1471977,-0.11358158,-0.07999277,-0.14250821,-0.20725825,-0.1603148,-0.125103,-0.15657571,-0.15690626,-0.14291394,-0.19202894,-0.16200094,-0.18174714,-0.2963242,-0.19434118,-0.17983764,-0.17098126,-0.19173606,-0.1567379,-0.14054683,-0.13009408,-0.12557748,-0.13802534,-0.16251513,-0.30584824,-0.16580299,-0.18070483,-0.19147767,-0.11441202,-0.15067467,-0.14021516,-0.1773164,-0.16619904,-0.16417253,-0.14331086,-0.18237996,-0.12749174,-0.15283304,-0.13658199,-0.24156228,-0.17842576,-0.10313986,-0.13478726,-0.14171126,-0.17414048,-0.110116355,-0.13423143,-0.15241918,-0.15958956,-0.18068984,-0.15395524,-0.14878134,-0.19184028,-0.17456116,-0.16400501,-0.14723541,-0.14623587,-0.11499533,-0.10471026,-0.13485977,-0.20148799,-0.1767253,-0.12513243,-0.16490525,-0.18041904,-0.18738703,-0.11705899,-0.17633691,-0.25593334,-0.0923521,-0.092226245,-0.114438474,-0.13573024,-0.14761746,-0.09826,-0.18850882
k__Bacteria|p__Actinobacteria|c__Coriobacteriia|o__Coriobacteriales|f__Coriobacteriaceae|g__GGB39644|s__GGB39644_SGB53888,-0.1004395,-0.12316422,-0.14093375,-0.20428483,-0.16662338,-0.19350204,-0.1666669,-0.14518353,-0.12493472,-0.18410057,-0.18277867,-0.21747491,-0.16972433,-0.20157903,-0.10278879,-0.09823729,-0.058144663,-0.099608704,-0.10737628,-0.17100018,-0.1978925,-0.12536043,-0.13658103,-0.15276116,-0.17133446,-0.11658599,-0.16767761,-0.17440724,-0.1509206,-0.12124001,-0.13509977,-0.105012275,-0.14817214,-0.1950752,-0.1891253,-0.2175087,-0.1605283,-0.22338755,-0.19601533,-0.29867563,-0.29210672,-0.19742636,-0.10708358,-0.09162698,-0.13691942,-0.15472826,-0.23188588,-0.19350779,-0.14682728,-0.2026537,-0.18403748,-0.18279888,-0.19599713,-0.1966815,-0.2004417,-0.1587432,-0.12561738,-0.14375757,-0.092329755,-0.095350385,-0.17157404,-0.14268696,-0.13743341,-0.14691709,-0.12719077,-0.15136345,-0.2613474,-0.22333384,-0.18885323,-0.20047067,-0.14592803,-0.1493599,-0.13034996,-0.14247449,-0.15130967,-0.1644797,-0.14729097,-0.16278498,-0.15913191,-0.14998752,-0.14728132,-0.15679222,-0.15344326,-0.22480208,-0.120334074,-0.1414426,-0.1180668,-0.1614491,-0.17437409,-0.15527272,-0.16838568,-0.11139822,-0.1388583,-0.13027036,-0.12890047,-0.15152657,-0.14299679,-0.11568567,-0.10065024,-0.09001531,-0.10535292,-0.120388836,-0.13496119,-0.15027548,-0.16065684,-0.1185138,-0.11129953,-0.1578567,-0.17738779,-0.13358907,-0.16313829,-0.25953975,-0.14866416,-0.13223453,-0.14109829,-0.15095688,-0.17780018,-0.16328707,-0.22917573,-0.09015879,-0.11003943,-0.13455257,-0.12945709,-0.13997786,-0.1734361,-0.13908121,-0.16057305,-0.12777606,-0.07092635,-0.03704006,-0.13683727,-0.16236839,-0.1790508,-0.14332479,-0.12334781,-0.1357497,-0.12023825,-0.13812628,-0.25318068,-0.26654312,-0.08334151,-0.10945694,-0.14467812,-0.09238048,-0.18780415,-0.18976386,-0.15262294,-0.09008669,-0.13230102,-0.14946583,-0.15014374,-0.15891506,-0.1705346,-0.18428943,-0.08737919,-0.12362692,-0.14071386,-0.10256614,-0.17951453,-0.19495486,-0.19127578,-0.100047775,-0.13113372,-0.078611165,-0.1276066,-0.19006202,-0.19318148,-0.19145109,-0.12372079,-0.07510568,-0.09686257,-0.11801692,-0.13638717,-0.12406494,-0.121451,-0.094178945,-0.09620454,-0.1082104,-0.082459606,-0.11264254,-0.13239017,-0.1674219,-0.1410757,-0.13614923,-0.18093297,-0.17825818,-0.19354898,-0.14440128,-0.15549555,-0.13540024,-0.119081676,-0.14001076,-0.19117098,-0.19045685,-0.18108672,-0.19755594,-0.25103784,-0.20219928,-0.19038917,-0.19063528,-0.18239889,-0.17329033,-0.27554205,-0.08916744,-0.11956477,-0.12767678,-0.15751183,-0.20931396,-0.18224281,-0.29657933,-0.32474133,-0.15084684,-0.3242122,-0.17325558,-0.17108874,-0.2185038,-0.17647925,-0.114121355,-0.13957407,-0.15388772,-0.15788373,-0.22984435,-0.18186735,-0.25161216,-0.1041273,-0.12455491,-0.13852304,-0.12422182,-0.15189947,-0.15540093,-0.15675339,-0.14014931,-0.15141064,-0.16353895,-0.15517862,-0.15364869,-0.15268904,-0.1335996,-0.12303777,-0.14643848,-0.1905391,-0.17696914,-0.21025829,-0.3990198,-0.20063648,-0.113367885,-0.1296617,-0.11832784,-0.14799057,-0.16636807,-0.18713064,-0.19155088,-0.13136116,-0.076482445,-0.15323624,-0.13962786,-0.14106366,-0.118522346,-0.19987361,-0.1649412,-0.15839167,-0.14095056,-0.12327993,-0.12722544,-0.14610182,-0.2588673,-0.10697338,-0.13074079,-0.09132757,-0.12832497,-0.12940922,-0.1497912,-0.15227234,-0.09614663,-0.08910369,-0.12414336,-0.110184975,-0.13771063,-0.15074423,-0.1704117,-0.14296845,-0.116428226,-0.17387056,-0.15190051,-0.14241692,-0.124928646,-0.14278191,-0.17466888,-0.13176009,-0.1322341,-0.14568156,-0.12279592,-0.08722703,-0.05825615,-0.14344192,-0.17082691,-0.026243303,-0.16570374,-0.2829064,-0.31316653,-0.19716078,-0.14570943,-0.14331596,-0.14862512,-0.12963767,-0.25088155,-0.19353485,-0.18875736,-0.09449822,-0.10924375,-0.10702289,-0.09367272,-0.12759323,-0.15290268,-0.15746465,-0.16707775,-0.12812386,-0.0969081,-0.16398169,-0.14401582,-0.11335766,-0.18846886,-0.1706479,-0.1537943,-0.12574336,-0.115196005,-0.11270857,-0.11662802,-0.17640544,-0.13850835,-0.13430996,-0.096878245,-0.12067784,-0.09168046,-0.12434345,-0.1362744,-0.063823454,-0.13877153,-0.11419349,-0.13342711,-0.24483351,-0.2571875,-0.29957527,-0.14606711,-0.15666252,-0.13208076,-0.19104545,-0.0782174,-0.17226493,-0.1641753,-0.09859173,-0.11065883,-0.11502592,-0.076612435,-0.083404,-0.1213824,-0.13072303,-0.13855581,-0.19385117,-0.09878166,-0.15557005,-0.19487974,-0.19094974,-0.18667628,-0.11123448,-0.14282066,-0.10332538,-0.15972176,-0.19380723,-0.17314747,-0.16870973,-0.14272103,-0.14233804,-0.10105342,-0.15311933,-0.1615052,-0.18068334,-0.19450748,-0.12130993,-0.14750136,-0.11384888,-0.08000911,-0.14245728,-0.20725825,-0.160929,-0.125103,-0.15657571,-0.15690626,-0.14339122,-0.19202894,-0.16256751,-0.18236598,-0.2963242,-0.19532794,-0.18030253,-0.1710408,-0.19221279,-0.15695319,-0.14054683,-0.13016462,-0.12557748,-0.13808939,-0.16233385,-0.30584824,-0.16648287,-0.18106106,-0.19254202,-0.11441202,-0.15055878,-0.14039625,-0.17795032,-0.16684024,-0.16473725,-0.14331086,-0.18237996,-0.12800628,-0.15294674,-0.13646808,-0.24156228,-0.17917243,-0.10305472,-0.13496232,-0.14211589,-0.17455694,-0.1101457,-0.13440162,-0.15281689,-0.16002357,-0.18149754,-0.15441865,-0.14905435,-0.19184028,-0.17524111,-0.16476083,-0.14723541,-0.14623587,-0.11499533,-0.10471026,-0.13483697,-0.20148799,-0.17738062,-0.12513243,-0.1652174,-0.18041904,-0.18738703,-0.11705899,-0.17742577,-0.2572618,-0.092263244,-0.09210473,-0.11436637,-0.135907,-0.14773482,-0.098121695,-0.18912491
k__Bacteria|p__Actinobacteria|c__CFGB1056|o__OFGB1056|f__FGB1056|g__GGB2722|s__GGB2722_SGB3663,-0.1004395,-0.12316422,-0.14247857,-0.20428483,-0.1676149,-0.1938859,-0.1666669,-0.14512947,-0.12568133,-0.1834558,-0.1836588,-0.22395407,-0.17025165,-0.20407987,-0.103689134,-0.099726155,-0.058144663,-0.0997473,-0.10827372,-0.17121038,-0.1978925,-0.12536043,-0.13653976,-0.15235637,-0.1718192,-0.11658599,-0.1680858,-0.1739215,-0.1509206,-0.12124001,-0.13564628,-0.10646504,-0.14885306,-0.19599456,-0.18954235,-0.2175087,-0.16144444,-0.22338755,-0.19776613,-0.29867563,-0.29210672,-0.19855575,-0.107552156,-0.09162698,-0.13691942,-0.15557104,-0.23188588,-0.19454171,-0.14694624,-0.2026537,-0.18428862,-0.18279888,-0.19745506,-0.19841367,-0.20303676,-0.15736246,-0.12608379,-0.14409314,-0.09245973,-0.09603515,-0.17148839,-0.1425516,-0.13743341,-0.14725398,-0.12719077,-0.15183276,-0.2613474,-0.22333384,-0.18911597,-0.20047067,-0.14575651,-0.14953671,-0.13119714,-0.1430581,-0.15047756,-0.16382727,-0.14665869,-0.16278498,-0.15990072,-0.14998752,-0.14766152,-0.15754424,-0.15358654,-0.22480208,-0.120334074,-0.14193244,-0.11877772,-0.16097721,-0.17400648,-0.15626508,-0.16844448,-0.11139822,-0.1388583,-0.13027036,-0.1290043,-0.15152657,-0.1432484,-0.115734205,-0.10065024,-0.09102324,-0.10582511,-0.12082121,-0.13540393,-0.15027548,-0.16060817,-0.1185138,-0.11129953,-0.1578567,-0.17738779,-0.13349763,-0.16484001,-0.25953975,-0.1490797,-0.13327032,-0.14209598,-0.15095688,-0.17780018,-0.1644465,-0.22917573,-0.09015879,-0.11067967,-0.13512804,-0.12997876,-0.13997786,-0.17436153,-0.13908121,-0.16057305,-0.12777606,-0.07092635,-0.03704006,-0.13779035,-0.16248928,-0.17909151,-0.14332479,-0.12334781,-0.13634174,-0.12023825,-0.13863024,-0.25318068,-0.26654312,-0.08401612,-0.10945694,-0.14466906,-0.09238048,-0.18839863,-0.1908659,-0.1538374,-0.09083948,-0.13230102,-0.15002966,-0.15073183,-0.1592156,-0.17096686,-0.18374744,-0.08863217,-0.12396165,-0.14122397,-0.10256614,-0.17951453,-0.19495486,-0.1911658,-0.10053362,-0.13113372,-0.07993801,-0.12840894,-0.19006202,-0.1936948,-0.19210328,-0.123450264,-0.07602966,-0.09756775,-0.11900467,-0.136958,-0.12406494,-0.121451,-0.09490812,-0.09719891,-0.10906318,-0.082459606,-0.113288134,-0.1327729,-0.16720535,-0.1410757,-0.13695912,-0.18093297,-0.17825818,-0.19472492,-0.14539546,-0.15549555,-0.13568345,-0.119081676,-0.14001076,-0.19117098,-0.19168079,-0.18186429,-0.19755594,-0.25103784,-0.20219928,-0.19095904,-0.19188736,-0.18304926,-0.17478839,-0.27554205,-0.08916744,-0.11956477,-0.12877281,-0.15751183,-0.20931396,-0.18224281,-0.29657933,-0.32474133,-0.15587194,-0.3242122,-0.17325558,-0.17108874,-0.2185038,-0.17647925,-0.114121355,-0.14062738,-0.15388772,-0.15788373,-0.22984435,-0.18186735,-0.2566564,-0.104837015,-0.12455491,-0.1389651,-0.12462118,-0.15189947,-0.15522286,-0.15624827,-0.14014931,-0.15141064,-0.16301969,-0.15571874,-0.1537205,-0.15368614,-0.13449791,-0.12347531,-0.14675137,-0.19008797,-0.1773307,-0.21025829,-0.3990198,-0.20413445,-0.113813296,-0.1296617,-0.1186863,-0.14836594,-0.16636807,-0.18659954,-0.19211087,-0.13225707,-0.07733168,-0.15331292,-0.14040485,-0.14106366,-0.11798513,-0.19987361,-0.1649412,-0.15938418,-0.14216086,-0.12415685,-0.12722544,-0.14610182,-0.2588673,-0.10781497,-0.13074079,-0.09132757,-0.12832497,-0.12940322,-0.15041284,-0.1519101,-0.09665918,-0.08910369,-0.12475568,-0.11118817,-0.1383628,-0.1513769,-0.17058362,-0.1432867,-0.11706587,-0.17415902,-0.1523878,-0.14264768,-0.12606972,-0.14189331,-0.17466888,-0.13176009,-0.13270532,-0.1460815,-0.12335117,-0.08722703,-0.05825615,-0.14380132,-0.17082691,-0.026243303,-0.1678019,-0.2829064,-0.31316653,-0.19909398,-0.14593533,-0.14331596,-0.14862512,-0.12963767,-0.25088155,-0.19420801,-0.18875952,-0.09520758,-0.109567925,-0.10702289,-0.09376603,-0.12759323,-0.15355763,-0.15746465,-0.16715537,-0.12812386,-0.0969081,-0.16398169,-0.14373238,-0.11335766,-0.18846886,-0.1706479,-0.1543319,-0.12613054,-0.115196005,-0.11319655,-0.11662802,-0.17613432,-0.13870937,-0.13462752,-0.096878245,-0.12156075,-0.09212785,-0.12434345,-0.13616574,-0.063823454,-0.13877153,-0.11419349,-0.13436696,-0.24483351,-0.2571875,-0.29957527,-0.1464557,-0.15699786,-0.1326266,-0.19104545,-0.0782174,-0.1727053,-0.16461483,-0.09859173,-0.11065883,-0.114920504,-0.076612435,-0.083404,-0.1213824,-0.13072303,-0.13855581,-0.19385117,-0.099400565,-0.15611851,-0.19487974,-0.19171005,-0.18735117,-0.11171984,-0.14359337,-0.103254035,-0.15906203,-0.19427672,-0.17243224,-0.16980615,-0.14319876,-0.14279933,-0.102567405,-0.15368877,-0.16187929,-0.18157075,-0.19553348,-0.121552974,-0.14744753,-0.11426394,-0.080481015,-0.1435415,-0.20725825,-0.16125116,-0.125103,-0.15657571,-0.15690626,-0.14412823,-0.19202894,-0.16316047,-0.18217985,-0.2963242,-0.20001695,-0.18215209,-0.17260012,-0.19377759,-0.15827295,-0.14054683,-0.13079819,-0.12557748,-0.1389005,-0.16428831,-0.30584824,-0.16768497,-0.18146613,-0.1932197,-0.11441202,-0.15103444,-0.14115693,-0.1783878,-0.1672934,-0.1647554,-0.14331086,-0.18237996,-0.1290153,-0.15370709,-0.13805982,-0.24156228,-0.18054943,-0.10363904,-0.13591674,-0.14212252,-0.17457026,-0.11099854,-0.13522905,-0.1522404,-0.1598844,-0.18256292,-0.15417688,-0.14947817,-0.19184028,-0.17601715,-0.16410328,-0.14723541,-0.14623587,-0.11499533,-0.10471026,-0.13554318,-0.20148799,-0.17728929,-0.12513243,-0.16640353,-0.18041904,-0.18738703,-0.11705899,-0.17589167,-0.2600572,-0.09306906,-0.092712365,-0.11543012,-0.13632959,-0.1483414,-0.099199206,-0.18926868
k__Bacteria|p__Actinobacteria|c__Actinomycetia|o__Actinomycetales|f__Actinomycetaceae|g__Arcanobacterium|s__Arcanobacterium_urinimassiliense,-0.1004395,-0.12316422,-0.1409035,-0.20428483,-0.16715865,-0.19321427,-0.1666669,-0.14486177,-0.12477368,-0.18353654,-0.18279426,-0.21486762,-0.17040235,-0.20096165,-0.10264711,-0.09830065,-0.058144663,-0.09899214,-0.107419744,-0.17053089,-0.1978925,-0.12536043,-0.13621819,-0.15224256,-0.17117245,-0.11658599,-0.16771543,-0.17391631,-0.1509206,-0.12124001,-0.13503768,-0.105069906,-0.14802074,-0.1947524,-0.18872333,-0.2175087,-0.16116601,-0.22338755,-0.19642997,-0.29867563,-0.29210672,-0.19648528,-0.10685858,-0.09162698,-0.13691942,-0.1549151,-0.23188588,-0.1936194,-0.14650655,-0.2026537,-0.1848136,-0.18279888,-0.19550553,-0.19582455,-0.19840401,-0.15795076,-0.12531824,-0.14346111,-0.09193601,-0.09508861,-0.17125541,-0.14221004,-0.13743341,-0.14675039,-0.12719077,-0.15134224,-0.2613474,-0.22333384,-0.18873678,-0.20047067,-0.14543027,-0.1491526,-0.13004264,-0.14204937,-0.15033373,-0.1638731,-0.14686193,-0.16278498,-0.15958107,-0.14998752,-0.14716847,-0.15679583,-0.15300597,-0.22480208,-0.120334074,-0.14126992,-0.11790331,-0.16089484,-0.17395128,-0.15528761,-0.16808675,-0.11139822,-0.1388583,-0.13027036,-0.1284248,-0.15152657,-0.14289097,-0.11537049,-0.10065024,-0.08989224,-0.10500829,-0.12001127,-0.13472816,-0.15027548,-0.16042507,-0.1185138,-0.11129953,-0.1578567,-0.17738779,-0.13280344,-0.16302907,-0.25953975,-0.14865044,-0.13223946,-0.14083424,-0.15095688,-0.17780018,-0.16346477,-0.22917573,-0.09015879,-0.10999125,-0.13434392,-0.12912178,-0.13997786,-0.17355023,-0.13908121,-0.16057305,-0.12777606,-0.07092635,-0.03704006,-0.13674927,-0.16196206,-0.17883542,-0.14332479,-0.12334781,-0.13579744,-0.12023825,-0.13778731,-0.25318068,-0.26654312,-0.083170146,-0.10945694,-0.1440905,-0.09238048,-0.18773931,-0.1896933,-0.15282841,-0.08994508,-0.13230102,-0.14939421,-0.14999403,-0.15866302,-0.17032242,-0.18365613,-0.087418824,-0.123211265,-0.14064084,-0.10256614,-0.17951453,-0.19495486,-0.19080253,-0.09966056,-0.13113372,-0.0777681,-0.12719095,-0.19006202,-0.19296078,-0.1913265,-0.12329519,-0.07519901,-0.096554026,-0.11780377,-0.13617098,-0.12406494,-0.121451,-0.093927585,-0.09614217,-0.10799882,-0.082459606,-0.11225119,-0.13206333,-0.16704516,-0.1410757,-0.13626167,-0.18093297,-0.17825818,-0.19352728,-0.14416504,-0.15549555,-0.1349766,-0.119081676,-0.14001076,-0.19117098,-0.19064933,-0.18099988,-0.19755594,-0.25103784,-0.20219928,-0.19053921,-0.19082329,-0.18228027,-0.17335469,-0.27554205,-0.08916744,-0.11956477,-0.12778944,-0.15751183,-0.20931396,-0.18224281,-0.29657933,-0.32474133,-0.1528192,-0.3242122,-0.17325558,-0.17108874,-0.2185038,-0.17647925,-0.114121355,-0.13974768,-0.15388772,-0.15788373,-0.22984435,-0.18186735,-0.25079513,-0.1039053,-0.12455491,-0.13830677,-0.12386756,-0.15189947,-0.15495273,-0.15626964,-0.14014931,-0.15141064,-0.16295923,-0.15524168,-0.15333343,-0.1526612,-0.1335344,-0.12290099,-0.14625649,-0.1899814,-0.17664072,-0.21025829,-0.3990198,-0.19897453,-0.11312815,-0.1296617,-0.11765401,-0.14767443,-0.16636807,-0.18657559,-0.19148989,-0.13144836,-0.076287456,-0.15260309,-0.13965401,-0.14106366,-0.11789936,-0.19987361,-0.1649412,-0.15884805,-0.14081457,-0.12312594,-0.12722544,-0.14610182,-0.2588673,-0.10681037,-0.13074079,-0.09132757,-0.12832497,-0.12893619,-0.14979836,-0.15191051,-0.09589614,-0.08910369,-0.123772904,-0.11009239,-0.13752154,-0.15058163,-0.17005843,-0.14271101,-0.11637811,-0.1736301,-0.15170452,-0.14211595,-0.12487924,-0.14214373,-0.17466888,-0.13176009,-0.13193488,-0.14543474,-0.1226062,-0.08722703,-0.05825615,-0.1432588,-0.17082691,-0.026243303,-0.1662586,-0.2829064,-0.31316653,-0.19614127,-0.14550543,-0.14331596,-0.14862512,-0.12963767,-0.25088155,-0.19336939,-0.18837526,-0.094338566,-0.10890477,-0.10702289,-0.09268972,-0.12759323,-0.1527538,-0.15746465,-0.16694254,-0.12812386,-0.0969081,-0.16398169,-0.14346269,-0.11335766,-0.18846886,-0.1706479,-0.15386578,-0.12547569,-0.115196005,-0.11225617,-0.11662802,-0.17608513,-0.1381698,-0.1340316,-0.096878245,-0.12037389,-0.09134199,-0.12434345,-0.13611546,-0.063823454,-0.13877153,-0.11419349,-0.13335264,-0.24483351,-0.2571875,-0.29957527,-0.14580595,-0.1564514,-0.13152415,-0.19104545,-0.0782174,-0.17178443,-0.16398859,-0.09859173,-0.11065883,-0.11479162,-0.076612435,-0.083404,-0.1213824,-0.13072303,-0.13855581,-0.19385117,-0.098437145,-0.15526813,-0.19487974,-0.19093743,-0.18644418,-0.11099677,-0.14292136,-0.102776304,-0.15900625,-0.19344984,-0.17188263,-0.16888836,-0.14257361,-0.1421398,-0.10109456,-0.1527974,-0.16145901,-0.18072248,-0.19440246,-0.1209516,-0.1471207,-0.113735154,-0.07956209,-0.14181441,-0.20725825,-0.16099113,-0.125103,-0.15657571,-0.15690626,-0.14340258,-0.19202894,-0.16250409,-0.18202007,-0.2963242,-0.19644636,-0.18015397,-0.17139795,-0.19220507,-0.15690236,-0.14054683,-0.12994605,-0.12557748,-0.13791868,-0.16267568,-0.30584824,-0.16647175,-0.18082213,-0.19278516,-0.11441202,-0.15017828,-0.14040375,-0.17776415,-0.16658156,-0.16458672,-0.14331086,-0.18237996,-0.1279905,-0.1527519,-0.1359685,-0.24156228,-0.17978105,-0.102820545,-0.13509831,-0.14158711,-0.17416203,-0.11019514,-0.13415098,-0.15223834,-0.15981296,-0.18177575,-0.15366343,-0.14864212,-0.19184028,-0.17529997,-0.16430146,-0.14723541,-0.14623587,-0.11499533,-0.10471026,-0.13437259,-0.20148799,-0.17726587,-0.12513243,-0.1660074,-0.18041904,-0.18738703,-0.11705899,-0.1763714,-0.2575295,-0.09209186,-0.091875285,-0.1142889,-0.13548489,-0.14743426,-0.097977564,-0.18879262
k__Bacteria|p__Actinobacteria|c__Coriobacteriia|o__Coriobacteriales|f__Coriobacteriaceae|g__Collinsella|s__Collinsella_SGB14861,-0.1004395,-0.12316422,-0.14146194,-0.20428483,-0.16680375,-0.19223821,-0.1666669,-0.14421016,-0.12519716,-0.18234834,-0.1824249,-0.22017197,-0.16944492,-0.20273757,-0.10307737,-0.0993175,-0.058144663,-0.099156514,-0.107863724,-0.16968313,-0.1978925,-0.12536043,-0.135633,-0.15108797,-0.1703335,-0.11658599,-0.16706419,-0.17258282,-0.1509206,-0.12124001,-0.1348095,-0.106068455,-0.14784543,-0.1942183,-0.18776213,-0.2175087,-0.16072339,-0.22338755,-0.19610107,-0.29867563,-0.29210672,-0.19629738,-0.107093506,-0.09162698,-0.13691942,-0.15457046,-0.23188588,-0.19290847,-0.14621188,-0.2026537,-0.183924,-0.18279888,-0.19566023,-0.19593725,-0.19919516,-0.1559763,-0.12521428,-0.1429319,-0.09192894,-0.095508054,-0.1701934,-0.14112397,-0.13743341,-0.1461835,-0.12719077,-0.15089461,-0.2613474,-0.22333384,-0.1878415,-0.20047067,-0.14459237,-0.14849609,-0.13026345,-0.14180517,-0.14885703,-0.16232127,-0.1455637,-0.16278498,-0.15928218,-0.14998752,-0.14657657,-0.15647656,-0.15232182,-0.22480208,-0.120334074,-0.14088655,-0.11805493,-0.15959081,-0.17261843,-0.15512058,-0.16708696,-0.11139822,-0.1388583,-0.13027036,-0.12803632,-0.15152657,-0.142422,-0.11514709,-0.10065024,-0.09068827,-0.10517359,-0.11995096,-0.13440417,-0.15027548,-0.15943961,-0.1185138,-0.11129953,-0.1578567,-0.17738779,-0.13233048,-0.16327165,-0.25953975,-0.14817104,-0.13259676,-0.14090455,-0.15095688,-0.17780018,-0.16341622,-0.22917573,-0.09015879,-0.11020779,-0.1341642,-0.12902054,-0.13997786,-0.17305657,-0.13908121,-0.16057305,-0.12777606,-0.07092635,-0.03704006,-0.13686636,-0.16113034,-0.17761284,-0.14332479,-0.12334781,-0.1356214,-0.12023825,-0.13740773,-0.25318068,-0.26654312,-0.08384695,-0.10945694,-0.14331526,-0.09238048,-0.18705247,-0.18929596,-0.15307689,-0.09059728,-0.13230102,-0.14898826,-0.14969055,-0.15805861,-0.16963585,-0.18184596,-0.08834387,-0.12300935,-0.14027476,-0.10256614,-0.17951453,-0.19495486,-0.18931831,-0.099998415,-0.13113372,-0.07907381,-0.12713179,-0.19006202,-0.19217873,-0.19045918,-0.12253234,-0.07603609,-0.09706846,-0.11817588,-0.13594994,-0.12406494,-0.121451,-0.09449735,-0.096762374,-0.108466536,-0.082459606,-0.112500474,-0.1317218,-0.16581905,-0.1410757,-0.13628179,-0.18093297,-0.17825818,-0.19305041,-0.14412308,-0.15549555,-0.13453287,-0.119081676,-0.14001076,-0.19117098,-0.19039837,-0.18074825,-0.19755594,-0.25103784,-0.20219928,-0.19001578,-0.19054842,-0.18177596,-0.1735798,-0.27554205,-0.08916744,-0.11956477,-0.1281729,-0.15751183,-0.20931396,-0.18224281,-0.29657933,-0.32474133,-0.15480952,-0.3242122,-0.17325558,-0.17108874,-0.2185038,-0.17647925,-0.114121355,-0.1399408,-0.15388772,-0.15788373,-0.22984435,-0.18186735,-0.25403076,-0.10430512,-0.12455491,-0.13806629,-0.1238016,-0.15189947,-0.15377834,-0.15502943,-0.14014931,-0.15141064,-0.16157404,-0.15465508,-0.1525691,-0.15242243,-0.13372472,-0.12276819,-0.145989,-0.18853775,-0.17608505,-0.21025829,-0.3990198,-0.20171537,-0.113240294,-0.1296617,-0.11776499,-0.14712942,-0.16636807,-0.18502083,-0.19060269,-0.13151214,-0.077163205,-0.15172017,-0.13948739,-0.14106366,-0.11716189,-0.19987361,-0.1649412,-0.15862471,-0.14104137,-0.123262905,-0.12722544,-0.14610182,-0.2588673,-0.107241064,-0.13074079,-0.09132757,-0.12832497,-0.12850775,-0.14932245,-0.15079433,-0.096264794,-0.08910369,-0.123773634,-0.11049832,-0.13745591,-0.15024275,-0.16902225,-0.14221713,-0.11660226,-0.17269899,-0.15134248,-0.14163083,-0.12519073,-0.14098054,-0.17466888,-0.13176009,-0.13176274,-0.1448099,-0.12247826,-0.08722703,-0.05825615,-0.14258537,-0.17082691,-0.026243303,-0.1667557,-0.2829064,-0.31316653,-0.19683343,-0.14489642,-0.14331596,-0.14862512,-0.12963767,-0.25088155,-0.19266942,-0.18709105,-0.09467551,-0.10895714,-0.10702289,-0.09264103,-0.12759323,-0.15233591,-0.15746465,-0.16602021,-0.12812386,-0.0969081,-0.16398169,-0.14243966,-0.11335766,-0.18846886,-0.1706479,-0.1533877,-0.12524003,-0.115196005,-0.112304345,-0.11662802,-0.17474106,-0.13768385,-0.13357499,-0.096878245,-0.12064844,-0.09168862,-0.12434345,-0.13540095,-0.063823454,-0.13877153,-0.11419349,-0.13325565,-0.24483351,-0.2571875,-0.29957527,-0.1453858,-0.15580922,-0.13149077,-0.19104545,-0.0782174,-0.17126122,-0.16318151,-0.09859173,-0.11065883,-0.114222705,-0.076612435,-0.083404,-0.1213824,-0.13072303,-0.13855581,-0.19385117,-0.09874328,-0.15477471,-0.19487974,-0.19043857,-0.1856945,-0.11116983,-0.14273302,-0.102698386,-0.15755683,-0.1927348,-0.17054357,-0.16847695,-0.14220335,-0.14176959,-0.102173425,-0.15240335,-0.16080785,-0.18039466,-0.19396017,-0.120722584,-0.14621049,-0.113880575,-0.08033292,-0.14187011,-0.20725825,-0.16034952,-0.125103,-0.15657571,-0.15690626,-0.1432914,-0.19202894,-0.16193321,-0.18052955,-0.2963242,-0.19909042,-0.18055771,-0.17156586,-0.19242398,-0.15693659,-0.14054683,-0.12990654,-0.12557748,-0.13771577,-0.16330911,-0.30584824,-0.1664522,-0.17968875,-0.1920525,-0.11441202,-0.14951171,-0.1403565,-0.17705631,-0.165865,-0.16356474,-0.14331086,-0.18237996,-0.12843594,-0.15249103,-0.13636976,-0.24156228,-0.17982052,-0.10323589,-0.13512996,-0.14098795,-0.17289475,-0.1106085,-0.13418461,-0.15090427,-0.15884805,-0.18167499,-0.15268289,-0.14802802,-0.19184028,-0.17463219,-0.16282707,-0.14723541,-0.14623587,-0.11499533,-0.10471026,-0.13428608,-0.20148799,-0.17595083,-0.12513243,-0.16607559,-0.18041904,-0.18738703,-0.11705899,-0.17397843,-0.2579071,-0.09270741,-0.092390835,-0.11472373,-0.13524202,-0.1471008,-0.09871298,-0.18747859
k__Bacteria|p__Actinobacteria|c__Coriobacteriia|o__Eggerthellales|f__Eggerthellaceae|g__Adlercreutzia|s__Adlercreutzia_equolifaciens,-0.1004395,-0.12316422,-0.14199023,-0.20428483,-0.16726904,-0.19427803,-0.1666669,-0.14568996,-0.12538964,-0.18452066,-0.18412164,-0.22516084,-0.17076752,-0.20575207,-0.10348584,-0.09967272,-0.058144663,-0.10021937,-0.10793662,-0.1715192,-0.1978925,-0.12536043,-0.13694656,-0.15299293,-0.17212078,-0.11658599,-0.16819188,-0.17484313,-0.1509206,-0.12124001,-0.13562216,-0.10586025,-0.14883976,-0.19647226,-0.189973,-0.2175087,-0.16107519,-0.22338755,-0.19758745,-0.29867563,-0.29210672,-0.19883159,-0.107664675,-0.09162698,-0.13691942,-0.15561979,-0.23188588,-0.1946064,-0.14711604,-0.2026537,-0.18417901,-0.18279888,-0.19759032,-0.19886285,-0.20344433,-0.15918726,-0.1261602,-0.14440876,-0.09251237,-0.09583294,-0.17195904,-0.14300302,-0.13743341,-0.14753424,-0.12719077,-0.1519566,-0.2613474,-0.22333384,-0.18944338,-0.20047067,-0.14634317,-0.14986973,-0.1310687,-0.14326376,-0.15150675,-0.16481888,-0.14726034,-0.16278498,-0.15994962,-0.14998752,-0.14771886,-0.15757683,-0.15388651,-0.22480208,-0.120334074,-0.14208382,-0.118688285,-0.16173601,-0.17476583,-0.15612684,-0.1688399,-0.11139822,-0.1388583,-0.13027036,-0.12915212,-0.15152657,-0.14314188,-0.116060436,-0.10065024,-0.09072125,-0.105896525,-0.12095108,-0.13548912,-0.15027548,-0.16107687,-0.1185138,-0.11129953,-0.1578567,-0.17738779,-0.1342611,-0.16398847,-0.25953975,-0.14927733,-0.1330474,-0.14205036,-0.15095688,-0.17780018,-0.16411807,-0.22917573,-0.09015879,-0.11055194,-0.1351859,-0.13014325,-0.13997786,-0.17437802,-0.13908121,-0.16057305,-0.12777606,-0.07092635,-0.03704006,-0.13764268,-0.16274951,-0.1797081,-0.14332479,-0.12334781,-0.13632433,-0.12023825,-0.13866681,-0.25318068,-0.26654312,-0.083725005,-0.10945694,-0.14511833,-0.09238048,-0.18859698,-0.1908848,-0.15360284,-0.09054402,-0.13230102,-0.15012968,-0.15088975,-0.15959358,-0.1711771,-0.18452758,-0.088026,-0.12438013,-0.14177316,-0.10256614,-0.17951453,-0.19495486,-0.19198951,-0.100357704,-0.13113372,-0.07959619,-0.12824321,-0.19006202,-0.19403856,-0.19237727,-0.12405219,-0.075509466,-0.09745319,-0.1188701,-0.13709956,-0.12406494,-0.121451,-0.09482115,-0.09699203,-0.10891996,-0.082459606,-0.113325104,-0.13288647,-0.16795269,-0.1410757,-0.13676174,-0.18093297,-0.17825818,-0.19483393,-0.14514798,-0.15549555,-0.13596024,-0.119081676,-0.14001076,-0.19117098,-0.19182259,-0.18202648,-0.19755594,-0.25103784,-0.20219928,-0.19078463,-0.19159442,-0.18326753,-0.17434028,-0.27554205,-0.08916744,-0.11956477,-0.12823325,-0.15751183,-0.20931396,-0.18224281,-0.29657933,-0.32474133,-0.15365681,-0.3242122,-0.17325558,-0.17108874,-0.2185038,-0.17647925,-0.114121355,-0.14032604,-0.15388772,-0.15788373,-0.22984435,-0.18186735,-0.25679445,-0.104680926,-0.12455491,-0.13905409,-0.12458518,-0.15189947,-0.15575469,-0.15693907,-0.14014931,-0.15141064,-0.16377044,-0.15575856,-0.15411429,-0.15355712,-0.13446909,-0.12338075,-0.1469015,-0.19109006,-0.17779005,-0.21025829,-0.3990198,-0.20435226,-0.11390452,-0.1296617,-0.11903979,-0.14846474,-0.16636807,-0.18754224,-0.19231275,-0.1320796,-0.07676246,-0.15365684,-0.14017904,-0.14106366,-0.118761435,-0.19987361,-0.1649412,-0.15914768,-0.14194004,-0.124034315,-0.12722544,-0.14610182,-0.2588673,-0.10759636,-0.13074079,-0.09132757,-0.12832497,-0.12968087,-0.15026979,-0.15256888,-0.096643046,-0.08910369,-0.12478155,-0.11081276,-0.1384127,-0.15130895,-0.1711028,-0.14339669,-0.11675902,-0.17469357,-0.15242904,-0.14297844,-0.12570643,-0.14290324,-0.17466888,-0.13176009,-0.13267374,-0.14637847,-0.12339402,-0.08722703,-0.05825615,-0.14403443,-0.17082691,-0.026243303,-0.16727696,-0.2829064,-0.31316653,-0.19933277,-0.14623876,-0.14331596,-0.14862512,-0.12963767,-0.25088155,-0.19453338,-0.18927366,-0.09480943,-0.10975665,-0.10702289,-0.094119444,-0.12759323,-0.15362771,-0.15746465,-0.16783716,-0.12812386,-0.0969081,-0.16398169,-0.14437973,-0.11335766,-0.18846886,-0.1706479,-0.1544284,-0.12619707,-0.115196005,-0.11329512,-0.11662802,-0.17701966,-0.13900216,-0.13493139,-0.096878245,-0.12158758,-0.09206317,-0.12434345,-0.13656843,-0.063823454,-0.13877153,-0.11419349,-0.1341242,-0.24483351,-0.2571875,-0.29957527,-0.14670363,-0.15735509,-0.13252738,-0.19104545,-0.0782174,-0.17296243,-0.1649906,-0.09859173,-0.11065883,-0.11520145,-0.076612435,-0.083404,-0.1213824,-0.13072303,-0.13855581,-0.19385117,-0.09923031,-0.15605748,-0.19487974,-0.19168812,-0.18760484,-0.111586735,-0.14364894,-0.10340996,-0.1598987,-0.1947842,-0.17384447,-0.16950038,-0.14332703,-0.14310437,-0.101900384,-0.15382451,-0.16226137,-0.18159047,-0.19585145,-0.121642284,-0.14803891,-0.114236124,-0.08031893,-0.14323746,-0.20725825,-0.16133894,-0.125103,-0.15657571,-0.15690626,-0.14420252,-0.19202894,-0.1630631,-0.18272206,-0.2963242,-0.19798651,-0.18164533,-0.17228363,-0.19355053,-0.15802339,-0.14054683,-0.13072424,-0.12557748,-0.13875037,-0.16349082,-0.30584824,-0.16716397,-0.18168974,-0.19342588,-0.11441202,-0.15114331,-0.14113384,-0.17869025,-0.16743253,-0.16528912,-0.14331086,-0.18237996,-0.1285613,-0.15390506,-0.13741265,-0.24156228,-0.1800988,-0.10351072,-0.13571739,-0.14249966,-0.17509146,-0.11062603,-0.13496518,-0.15302336,-0.16070485,-0.1824287,-0.15481591,-0.14951393,-0.19184028,-0.17584021,-0.16498357,-0.14723541,-0.14623587,-0.11499533,-0.10471026,-0.13549188,-0.20148799,-0.17772439,-0.12513243,-0.16670728,-0.18041904,-0.18738703,-0.11705899,-0.17737368,-0.25983626,-0.09283421,-0.09260649,-0.11503276,-0.13656645,-0.1485185,-0.09867427,-0.18977173
k__Bacteria|p__Actinobacteria|c__Coriobacteriia|o__Coriobacteriales|f__Coriobacteriaceae|g__GGB9400|s__GGB9400_SGB14745,-0.1004395,-0.12316422,-0.14099756,-0.20428483,-0.16628185,-0.19271791,-0.1666669,-0.14480811,-0.1248971,-0.18326631,-0.18161157,-0.21745831,-0.16910379,-0.20046905,-0.10293706,-0.0988243,-0.058144663,-0.09957057,-0.10759302,-0.17042097,-0.1978925,-0.12536043,-0.13617727,-0.152107,-0.17070845,-0.11658599,-0.16707174,-0.17359135,-0.1509206,-0.12124001,-0.13508546,-0.10527396,-0.14802675,-0.19417457,-0.18835352,-0.2175087,-0.16056988,-0.22338755,-0.19583967,-0.29867563,-0.29210672,-0.19649148,-0.10714762,-0.09162698,-0.13691942,-0.15450378,-0.23188588,-0.19279066,-0.14644396,-0.2026537,-0.18348354,-0.18279888,-0.1953477,-0.19590291,-0.1996739,-0.15783113,-0.12549572,-0.14342025,-0.09247607,-0.09560959,-0.1708196,-0.14219528,-0.13743341,-0.14659062,-0.12719077,-0.15117858,-0.2613474,-0.22333384,-0.187913,-0.20047067,-0.14540419,-0.14890426,-0.13031448,-0.14211516,-0.15040517,-0.1636166,-0.1468024,-0.16278498,-0.1588614,-0.14998752,-0.14695486,-0.15648708,-0.15295161,-0.22480208,-0.120334074,-0.14121117,-0.11810921,-0.16064131,-0.17358063,-0.15504296,-0.16777585,-0.11139822,-0.1388583,-0.13027036,-0.12863767,-0.15152657,-0.14262289,-0.11567439,-0.10065024,-0.090343535,-0.10535771,-0.12029593,-0.13474198,-0.15027548,-0.1601306,-0.1185138,-0.11129953,-0.1578567,-0.17738779,-0.13334098,-0.16328108,-0.25953975,-0.14845343,-0.1322231,-0.14095283,-0.15095688,-0.17780018,-0.16311032,-0.22917573,-0.09015879,-0.11027451,-0.13441125,-0.12927371,-0.13997786,-0.17297013,-0.13908121,-0.16057305,-0.12777606,-0.07092635,-0.03704006,-0.13675265,-0.16169772,-0.17841591,-0.14332479,-0.12334781,-0.13560686,-0.12023825,-0.1378071,-0.25318068,-0.26654312,-0.08358459,-0.10945694,-0.14417604,-0.09238048,-0.18711373,-0.18899773,-0.15232334,-0.09033075,-0.13230102,-0.14921887,-0.1498073,-0.15841824,-0.16992003,-0.18331815,-0.087779745,-0.12362112,-0.14054744,-0.10256614,-0.17951453,-0.19495486,-0.19036719,-0.10018286,-0.13113372,-0.07898845,-0.12746942,-0.19006202,-0.19218232,-0.19075139,-0.12351027,-0.075462304,-0.09710273,-0.118126296,-0.13616553,-0.12406494,-0.121451,-0.0943972,-0.09646259,-0.108304985,-0.082459606,-0.112597495,-0.13201705,-0.16678704,-0.1410757,-0.13617294,-0.18093297,-0.17825818,-0.19285932,-0.14426294,-0.15549555,-0.13523322,-0.119081676,-0.14001076,-0.19117098,-0.18982124,-0.18053986,-0.19755594,-0.25103784,-0.20219928,-0.18959436,-0.19011405,-0.18172738,-0.17301388,-0.27554205,-0.08916744,-0.11956477,-0.1277355,-0.15751183,-0.20931396,-0.18224281,-0.29657933,-0.32474133,-0.15274356,-0.3242122,-0.17325558,-0.17108874,-0.2185038,-0.17647925,-0.114121355,-0.13953687,-0.15388772,-0.15788373,-0.22984435,-0.18186735,-0.25103658,-0.1042461,-0.12455491,-0.13823926,-0.12406695,-0.15189947,-0.15460569,-0.15613511,-0.14014931,-0.15141064,-0.16276103,-0.1548719,-0.1532017,-0.1525254,-0.13357195,-0.123018466,-0.14618228,-0.18941006,-0.17614368,-0.21025829,-0.3990198,-0.20039496,-0.11334213,-0.1296617,-0.11818965,-0.14762136,-0.16636807,-0.1860339,-0.19085625,-0.1314539,-0.076754116,-0.15280601,-0.13948527,-0.14106366,-0.118409604,-0.19987361,-0.1649412,-0.1582498,-0.14097315,-0.1231992,-0.12722544,-0.14610182,-0.2588673,-0.10718965,-0.13074079,-0.09132757,-0.12832497,-0.12907462,-0.14940101,-0.15171471,-0.0962798,-0.08910369,-0.124063164,-0.110263735,-0.13757205,-0.15036777,-0.1698539,-0.14269045,-0.11650547,-0.1732488,-0.15143198,-0.14204763,-0.124843925,-0.14221442,-0.17466888,-0.13176009,-0.1321381,-0.14530423,-0.12268871,-0.08722703,-0.05825615,-0.14316562,-0.17082691,-0.026243303,-0.1661093,-0.2829064,-0.31316653,-0.1965664,-0.14539996,-0.14331596,-0.14862512,-0.12963767,-0.25088155,-0.19261009,-0.1879787,-0.09467667,-0.1092999,-0.10702289,-0.09359517,-0.12759323,-0.15269735,-0.15746465,-0.16656114,-0.12812386,-0.0969081,-0.16398169,-0.1434302,-0.11335766,-0.18846886,-0.1706479,-0.15352693,-0.12562495,-0.115196005,-0.11279456,-0.11662802,-0.17562363,-0.13821116,-0.13399884,-0.096878245,-0.12061939,-0.0917968,-0.12434345,-0.13603073,-0.063823454,-0.13877153,-0.11419349,-0.13346191,-0.24483351,-0.2571875,-0.29957527,-0.14577617,-0.15617989,-0.13184872,-0.19104545,-0.0782174,-0.1717326,-0.16378039,-0.09859173,-0.11065883,-0.1149491,-0.076612435,-0.083404,-0.1213824,-0.13072303,-0.13855581,-0.19385117,-0.098837025,-0.15536696,-0.19487974,-0.1902298,-0.1860518,-0.11128318,-0.14253736,-0.103164956,-0.15908358,-0.1929476,-0.17229806,-0.1682427,-0.14245835,-0.14210941,-0.10151775,-0.15274693,-0.16104808,-0.1801725,-0.19372916,-0.12113294,-0.14704609,-0.113897264,-0.08023164,-0.14251563,-0.20725825,-0.16054147,-0.125103,-0.15657571,-0.15690626,-0.14324352,-0.19202894,-0.16216135,-0.18159172,-0.2963242,-0.19587132,-0.18003678,-0.17057948,-0.1915572,-0.15669818,-0.14054683,-0.13004713,-0.12557748,-0.13793468,-0.16266078,-0.30584824,-0.16619004,-0.18030098,-0.19191355,-0.11441202,-0.15016396,-0.1402352,-0.17737415,-0.16627872,-0.16424233,-0.14331086,-0.18237996,-0.12822416,-0.15274048,-0.13673832,-0.24156228,-0.17882137,-0.10319166,-0.13490373,-0.14163995,-0.17384152,-0.11026783,-0.13424626,-0.15209368,-0.15948358,-0.18092674,-0.15374093,-0.14858812,-0.19184028,-0.17467265,-0.16404292,-0.14723541,-0.14623587,-0.11499533,-0.10471026,-0.1347219,-0.20148799,-0.17666358,-0.12513243,-0.16505438,-0.18041904,-0.18738703,-0.11705899,-0.17636698,-0.25607115,-0.09250179,-0.092315495,-0.114548124,-0.1356711,-0.14738104,-0.098373935,-0.18824112
k__Bacteria|p__Actinobacteria|c__Coriobacteriia|o__Eggerthellales|f__Eggerthellaceae|g__Slackia|s__Slackia_exigua,-0.1004395,-0.12316422,-0.14181405,-0.20428483,-0.16729118,-0.1936283,-0.1666669,-0.14542511,-0.1251438,-0.1845334,-0.1832988,-0.22535965,-0.16885045,-0.20465124,-0.10273197,-0.09876819,-0.058144663,-0.09961798,-0.10760462,-0.17125696,-0.1978925,-0.12536043,-0.13647932,-0.15266436,-0.17177899,-0.11658599,-0.16787973,-0.17433974,-0.1509206,-0.12124001,-0.1352477,-0.105390094,-0.1485726,-0.19606999,-0.1894993,-0.2175087,-0.16105834,-0.22338755,-0.19756769,-0.29867563,-0.29210672,-0.19837111,-0.106892884,-0.09162698,-0.13691942,-0.15530956,-0.23188588,-0.1941045,-0.14655755,-0.2026537,-0.18444651,-0.18279888,-0.1979798,-0.1984957,-0.20379746,-0.15792926,-0.12571973,-0.14383861,-0.091934055,-0.09545301,-0.1716679,-0.14250508,-0.13743341,-0.1470695,-0.12719077,-0.15155703,-0.2613474,-0.22333384,-0.18930158,-0.20047067,-0.14587307,-0.14942586,-0.13073578,-0.14292905,-0.15098834,-0.16449477,-0.14682376,-0.16278498,-0.15954211,-0.14998752,-0.14751521,-0.15728542,-0.15348533,-0.22480208,-0.120334074,-0.14166597,-0.118331626,-0.16133219,-0.17446625,-0.15581551,-0.16858646,-0.11139822,-0.1388583,-0.13027036,-0.12876758,-0.15152657,-0.14283408,-0.115485504,-0.10065024,-0.09023056,-0.105289385,-0.12042901,-0.13506532,-0.15027548,-0.16063951,-0.1185138,-0.11129953,-0.1578567,-0.17738779,-0.13358644,-0.16447958,-0.25953975,-0.14887393,-0.13265058,-0.14180541,-0.15095688,-0.17780018,-0.16373228,-0.22917573,-0.09015879,-0.11017932,-0.13485497,-0.12966537,-0.13997786,-0.17402741,-0.13908121,-0.16057305,-0.12777606,-0.07092635,-0.03704006,-0.13733225,-0.16238976,-0.17929843,-0.14332479,-0.12334781,-0.135824,-0.12023825,-0.13849428,-0.25318068,-0.26654312,-0.08311516,-0.10945694,-0.14457078,-0.09238048,-0.18823144,-0.19074407,-0.15303905,-0.089940675,-0.13230102,-0.14978728,-0.15052657,-0.15923041,-0.17087024,-0.18407106,-0.08745077,-0.12371719,-0.14118624,-0.10256614,-0.17951453,-0.19495486,-0.19141145,-0.09997682,-0.13113372,-0.07924925,-0.12804228,-0.19006202,-0.19369456,-0.19198327,-0.12341799,-0.07482464,-0.09681958,-0.11845948,-0.13665898,-0.12406494,-0.121451,-0.094151124,-0.096285716,-0.10827536,-0.082459606,-0.11273121,-0.13232592,-0.16739817,-0.1410757,-0.13653147,-0.18093297,-0.17825818,-0.19436485,-0.14475998,-0.15549555,-0.13551381,-0.119081676,-0.14001076,-0.19117098,-0.19139233,-0.18177304,-0.19755594,-0.25103784,-0.20219928,-0.19044586,-0.19161257,-0.18290284,-0.17419772,-0.27554205,-0.08916744,-0.11956477,-0.1280478,-0.15751183,-0.20931396,-0.18224281,-0.29657933,-0.32474133,-0.15269259,-0.3242122,-0.17325558,-0.17108874,-0.2185038,-0.17647925,-0.114121355,-0.14005241,-0.15388772,-0.15788373,-0.22984435,-0.18186735,-0.25625154,-0.10416964,-0.12455491,-0.1387246,-0.124248184,-0.15189947,-0.155219,-0.15637648,-0.14014931,-0.15141064,-0.16342865,-0.15551215,-0.15369807,-0.15326099,-0.13386726,-0.12311569,-0.14661369,-0.19088633,-0.1771583,-0.21025829,-0.3990198,-0.20232949,-0.11331308,-0.1296617,-0.11845101,-0.14829068,-0.16636807,-0.18712658,-0.19201964,-0.13168776,-0.07616318,-0.15338188,-0.13989937,-0.14106366,-0.11819329,-0.19987361,-0.1649412,-0.1588427,-0.1414928,-0.12360193,-0.12722544,-0.14610182,-0.2588673,-0.1071019,-0.13074079,-0.09132757,-0.12832497,-0.12929875,-0.15000935,-0.15197194,-0.09598276,-0.08910369,-0.12431902,-0.110433996,-0.13796514,-0.15104347,-0.17059131,-0.14308652,-0.116366215,-0.17435789,-0.15208462,-0.14250185,-0.12533496,-0.14222202,-0.17466888,4.383449,-0.13221341,-0.14593649,-0.1227643,-0.08722703,-0.05825615,-0.14362258,-0.17082691,-0.026243303,-0.166788,-0.2829064,-0.31316653,-0.1980694,-0.14580944,-0.14331596,-0.14862512,-0.12963767,-0.25088155,-0.19400905,-0.18882903,-0.094333366,-0.10916789,-0.10702289,-0.09350556,-0.12759323,-0.15319854,-0.15746465,-0.16732238,-0.12812386,-0.0969081,-0.16398169,-0.14385045,-0.11335766,-0.18846886,-0.1706479,-0.15401319,-0.12564006,-0.115196005,-0.1127886,-0.11662802,-0.17629905,-0.13854453,-0.13429868,-0.096878245,-0.12096688,-0.09148681,-0.12434345,-0.13602579,-0.063823454,-0.13877153,-0.11419349,-0.13394476,-0.24483351,-0.2571875,-0.29957527,-0.1463157,-0.15696204,-0.13229749,-0.19104545,-0.0782174,-0.17240635,-0.16470097,-0.09859173,-0.11065883,-0.11461343,-0.076612435,-0.083404,-0.1213824,-0.13072303,-0.13855581,-0.19385117,-0.09858377,-0.15606712,-0.19487974,-0.19152425,-0.18721956,-0.11110841,-0.1431053,-0.10271366,-0.15969862,-0.19449481,-0.17312819,-0.16947107,-0.1429048,-0.14251485,-0.10156681,-0.15357831,-0.16191205,-0.18131624,-0.19545202,-0.12115103,-0.14750251,-0.11373615,-0.07979686,-0.1434029,-0.20725825,-0.16091552,-0.125103,-0.15657571,-0.15690626,-0.14370802,-0.19202894,-0.16284232,-0.18232998,-0.2963242,-0.19765204,-0.18162486,-0.17213842,-0.19330472,-0.15775043,-0.14054683,-0.13031179,-0.12557748,-0.13830727,-0.16360135,-0.30584824,-0.16692013,-0.18149741,-0.19308512,-0.11441202,-0.15093789,-0.14075992,-0.17840701,-0.16721687,-0.16472606,-0.14331086,-0.18237996,-0.12825459,-0.15362874,-0.13768014,-0.24156228,-0.1796436,-0.10300559,-0.13534397,-0.14205176,-0.17482239,-0.11010733,-0.13468313,-0.15261224,-0.16015652,-0.18215376,-0.15429103,-0.14935178,-0.19184028,-0.17561059,-0.16434765,-0.14723541,-0.14623587,-0.11499533,-0.10471026,-0.13525443,-0.20148799,-0.17727919,-0.12513243,-0.16604722,-0.18041904,-0.18738703,-0.11705899,-0.17671046,-0.25963378,-0.09217157,-0.09195137,-0.11467919,-0.13609752,-0.14811152,-0.098217204,-0.18949962
k__Bacteria|p__Actinobacteria|c__Actinomycetia|o__Propionibacteriales|f__Propionibacteriaceae|g__Propionibacterium|s__Propionibacterium_freudenreichii,-0.1004395,-0.12316422,-0.14100093,-0.20428483,-0.16663791,-0.19343826,-0.1666669,-0.14537305,-0.12458433,-0.1841597,-0.18205824,-0.22405548,-0.16867179,-0.20452718,-0.10306726,-0.099338986,-0.058144663,-0.100309566,-0.107592225,-0.17102875,-0.1978925,-0.12536043,-0.13668041,-0.15291667,-0.1715078,-0.11658599,-0.1674054,-0.17456546,-0.1509206,-0.12124001,-0.13519225,-0.10521732,-0.14828816,-0.19533204,-0.18928227,-0.2175087,-0.16056195,-0.22338755,-0.19651702,-0.29867563,-0.29210672,-0.19787544,-0.107494846,-0.09162698,-0.13691942,-0.15483755,-0.23188588,-0.19347084,-0.14670992,-0.2026537,-0.18315837,-0.18279888,-0.19661048,-0.19763283,-0.20248985,-0.15883455,-0.1259042,-0.14404806,-0.09265753,-0.09575157,-0.1715945,-0.14279898,-0.13743341,-0.14708123,-0.12719077,-0.15119925,-0.2613474,-0.22333384,-0.18873909,-0.20047067,-0.1462134,-0.14944465,-0.13074626,-0.14279811,-0.1516409,-0.16477624,-0.14733645,-0.16278498,-0.15910414,-0.14998752,-0.14735702,-0.15685949,-0.15346709,-0.22480208,-0.120334074,-0.14158553,-0.11832946,-0.16158178,-0.17447554,-0.15528375,-0.16839096,-0.11139822,-0.1388583,-0.13027036,-0.12888785,-0.15152657,-0.14249238,-0.11584342,-0.10065024,-0.09029256,-0.10565384,-0.12076631,-0.13517949,-0.15027548,-0.16075063,-0.1185138,-0.11129953,-0.1578567,-0.17738779,-0.13423266,-0.16315082,-0.25953975,-0.14873144,-0.132323,-0.1413891,-0.15095688,-0.17780018,-0.16306904,-0.22917573,-0.09015879,-0.11013702,-0.13471554,-0.1297267,-0.13997786,-0.1733518,-0.13908121,-0.16057305,-0.12777606,-0.07092635,-0.03704006,-0.13693523,-0.16231158,-0.17914791,-0.14332479,-0.12334781,-0.13561201,-0.12023825,-0.13834333,-0.25318068,-0.26654312,-0.08366351,-0.10945694,-0.14492464,-0.09238048,-0.18759519,-0.18982029,-0.15250832,-0.090409,-0.13230102,-0.14949727,-0.15026104,-0.1591255,-0.17056301,-0.18445368,-0.087736465,-0.124168664,-0.14150667,-0.10256614,-0.17951453,-0.19495486,-0.19151145,-0.100217625,-0.13113372,-0.079501584,-0.12765375,-0.19006202,-0.19325474,-0.19151342,-0.124097705,-0.07535296,-0.097300485,-0.11831423,-0.13653913,-0.12406494,-0.121451,-0.09465663,-0.096447974,-0.108485684,-0.082459606,-0.112816125,-0.13234144,-0.16761768,-0.1410757,-0.1361376,-0.18093297,-0.17825818,-0.19372076,-0.14452288,-0.15549555,-0.13574396,-0.119081676,-0.14001076,-0.19117098,-0.19079316,-0.18120065,-0.19755594,-0.25103784,-0.20219928,-0.1897098,-0.19047695,-0.18222922,-0.17322284,-0.27554205,-0.08916744,-0.11956477,-0.12738657,-0.15751183,-0.20931396,-0.18224281,2.5280275,-0.32474133,-0.15005577,-0.3242122,-0.17325558,-0.17108874,-0.2185038,-0.17647925,-0.114121355,-0.13955706,-0.15388772,-0.15788373,-0.22984435,-0.18186735,-0.2536562,-0.10443666,-0.12455491,-0.13850749,-0.124289006,-0.15189947,-0.15546016,-0.15685986,-0.14014931,-0.15141064,-0.16372356,-0.15522248,-0.15378748,-0.15278694,-0.13380966,-0.12308177,-0.14629294,-0.19068414,-0.17675644,-0.21025829,-0.3990198,-0.2013769,-0.11352444,-0.1296617,-0.1187371,-0.14789341,-0.16636807,-0.18710317,-0.19145095,-0.13149369,-0.07665351,-0.15346019,-0.13964887,-0.14106366,-0.11873174,-0.19987361,-0.1649412,-0.15820223,-0.14123154,-0.123425126,-0.12722544,-0.14610182,-0.2588673,-0.10724762,-0.13074079,-0.09132757,-0.12832497,-0.12955938,-0.14961374,-0.15245365,-0.09650932,-0.08910369,-0.124414414,-0.11037056,-0.13789682,-0.15066138,-0.17071569,-0.14301734,-0.11631209,-0.17404123,-0.15170601,-0.14261916,-0.12501138,-0.14275879,-0.17466888,-0.13176009,-0.13237333,-0.14579275,-0.12304263,-0.08722703,-0.05825615,-0.14347571,-0.17082691,-0.026243303,-0.1659599,-0.2829064,-0.31316653,-0.19745606,-0.14588174,-0.14331596,-0.14862512,-0.12963767,-0.25088155,-0.1937102,-0.18881312,-0.0945842,-0.109640926,-0.10702289,-0.09433064,-0.12759323,-0.15280522,-0.15746465,-0.16726129,-0.12812386,-0.0969081,-0.16398169,-0.14436522,-0.11335766,-0.18846886,-0.1706479,-0.15390252,-0.12599528,-0.115196005,-0.11311902,-0.11662802,-0.17649049,-0.1387417,-0.13462976,-0.096878245,-0.121015504,-0.09196897,-0.12434345,-0.13626888,-0.063823454,-0.13877153,-0.11419349,-0.13368535,-0.24483351,-0.2571875,-0.29957527,-0.14630418,-0.15685719,-0.13221173,-0.19104545,-0.0782174,-0.17234081,-0.16446088,-0.09859173,-0.11065883,-0.11505576,-0.076612435,-0.083404,-0.1213824,-0.13072303,-0.13855581,-0.19385117,-0.099342614,-0.15560901,-0.19487974,-0.19072527,-0.18684413,-0.11138575,-0.14297828,-0.10337906,-0.16004646,-0.19385229,-0.17370403,-0.16859354,-0.14284946,-0.14266038,-0.10128387,-0.15318039,-0.1615507,-0.18050244,-0.19465908,-0.12142732,-0.1476668,-0.11373651,-0.08017926,-0.1429157,-0.20725825,-0.16095659,-0.125103,-0.15657571,-0.15690626,-0.14345801,-0.19202894,-0.16249877,-0.18242472,-0.2963242,-0.19547766,-0.18019488,-0.17088152,-0.19226384,-0.15690434,-0.14054683,-0.13035105,-0.12557748,-0.13811043,-0.1628688,-0.30584824,-0.16631421,-0.18115446,-0.19241431,-0.11441202,-0.15062422,-0.14051354,-0.17800617,-0.16690756,-0.16486108,-0.14331086,-0.18237996,-0.12799269,-0.15321669,-0.13686335,-0.24156228,-0.17887223,-0.10340563,-0.13500726,-0.14231172,-0.17474516,-0.11021664,-0.13439322,-0.15298831,-0.1603809,-0.18135577,-0.15474072,-0.1492551,-0.19184028,-0.17512183,-0.16488105,-0.14723541,-0.14623587,-0.11499533,-0.10471026,-0.13501039,-0.20148799,-0.17741512,-0.12513243,-0.16537452,-0.18041904,-0.18738703,-0.11705899,-0.17762338,-0.2574002,-0.092589445,-0.09241833,-0.114558555,-0.13614431,-0.14800744,-0.098250516,-0.18924588
k__Bacteria|p__Actinobacteria|c__Coriobacteriia|o__Coriobacteriales|f__Coriobacteriaceae|g__Collinsella|s__Collinsella_SGB4668,-0.1004395,-0.12316422,-0.1413063,-0.20428483,-0.16630295,-0.19348802,-0.1666669,-0.1454274,-0.124673486,-0.18404864,-0.18256864,-0.22628343,-0.16955334,-0.20552821,-0.10339655,-0.099879764,-0.058144663,-0.10052809,-0.107587256,-0.17091647,3.3450615,-0.12536043,-0.13659774,-0.15267822,-0.17149699,-0.11658599,-0.16733222,-0.17442109,-0.1509206,-0.12124001,-0.13537079,-0.10547763,-0.14841537,-0.19577351,-0.18950394,-0.2175087,-0.16009611,-0.22338755,-0.19690636,-0.29867563,-0.29210672,-0.19827014,-0.1076944,-0.09162698,-0.13691942,-0.15501603,-0.23188588,-0.19377926,-0.14672501,-0.2026537,-0.18270914,-0.18279888,-0.19675308,-0.19797961,-0.20367247,-0.15946785,-0.12597561,-0.14420879,-0.09254949,-0.09579803,-0.17144033,-0.14271922,-0.13743341,-0.14717464,-0.12719077,-0.1513696,-0.2613474,-0.22333384,-0.18833384,-0.20047067,-0.14617702,-0.14945304,-0.13083611,-0.14295244,-0.15154764,-0.1645992,-0.14711148,-0.16278498,-0.15904507,-0.14998752,-0.14724737,-0.15693402,-0.15343408,-0.22480208,-0.120334074,-0.14173573,-0.118392944,-0.16145709,-0.17430815,-0.15533096,-0.16835421,-0.11139822,-0.1388583,-0.13027036,-0.12896582,-0.15152657,-0.1425161,-0.116022475,-0.10065024,-0.09062038,-0.10590133,-0.120908245,-0.1352617,-0.15027548,-0.16073135,-0.1185138,-0.11129953,-0.1578567,-0.17738779,-0.13428149,-0.16315773,-0.25953975,-0.14881925,-0.13248214,-0.14169422,-0.15095688,-0.17780018,-0.163257,-0.22917573,-0.09015879,-0.11031885,-0.13482258,-0.12991011,-0.13997786,-0.17355703,-0.13908121,-0.16057305,-0.12777606,-0.07092635,-0.03704006,-0.13736872,-0.16222283,-0.17926234,-0.14332479,-0.12334781,-0.13583796,-0.12023825,-0.13845405,-0.25318068,-0.26654312,-0.08367959,-0.10945694,-0.14507084,-0.09238048,-0.18780807,-0.19005214,-0.15296179,-0.09048453,-0.13230102,-0.14962316,-0.15036142,-0.15908226,-0.17050888,-0.18430284,-0.08786519,-0.12440426,-0.1415092,-0.10256614,-0.17951453,-0.19495486,-0.19160235,-0.10034355,-0.13113372,-0.079879865,-0.12799138,-0.19006202,-0.1931887,-0.19172771,-0.12412203,-0.075373754,-0.09755699,-0.11868779,-0.13681759,-0.12406494,-0.121451,-0.094855726,-0.096941665,-0.10883998,-0.082459606,-0.113291845,-0.1326429,-0.16774853,-0.1410757,-0.13621739,-0.18093297,-0.17825818,-0.19401959,-0.1448229,-0.15549555,-0.13585791,-0.119081676,-0.14001076,-0.19117098,-0.19093439,-0.1810064,-0.19755594,-0.25103784,-0.20219928,-0.18960157,-0.19056061,-0.1824377,-0.17351112,-0.27554205,-0.08916744,-0.11956477,-0.12764382,-0.15751183,-0.20931396,-0.18224281,-0.29657933,-0.32474133,-0.15250298,-0.3242122,-0.17325558,-0.17108874,-0.2185038,-0.17647925,-0.114121355,-0.1396797,-0.15388772,-0.15788373,-0.22984435,-0.18186735,-0.25601846,-0.10455048,-0.12455491,-0.13864493,-0.12436058,-0.15189947,-0.1554743,-0.15689133,-0.14014931,-0.15141064,-0.16350672,-0.15512794,-0.15372059,-0.15304518,-0.13419588,-0.1230807,-0.14627242,-0.19041097,-0.17691982,-0.21025829,-0.3990198,-0.20403552,-0.11377142,-0.1296617,-0.11914332,-0.14803576,-0.16636807,-0.18706457,-0.19149265,-0.13168117,-0.07663251,-0.153567,-0.13971506,-0.14106366,-0.11873787,-0.19987361,-0.1649412,-0.15825778,-0.14152496,-0.12372543,-0.12722544,-0.14610182,-0.2588673,-0.1074547,-0.13074079,-0.09132757,-0.12832497,-0.12950912,-0.14964817,-0.15241213,-0.09665519,-0.08910369,-0.12465216,-0.110532865,-0.13806237,-0.15075216,-0.17079508,-0.14304718,-0.11636713,-0.17415503,-0.1518051,-0.14274049,-0.1252562,-0.14284956,-0.17466888,-0.13176009,-0.13241595,-0.14606786,-0.12325496,-0.08722703,-0.05825615,-0.14373887,-0.17082691,-0.026243303,-0.16666332,-0.2829064,-0.31316653,-0.19866748,-0.1459164,-0.14331596,-0.14862512,-0.12963767,-0.25088155,-0.19374865,-0.18877122,-0.09467793,-0.10978487,-0.10702289,-0.09451706,-0.12759323,-0.15312654,-0.15746465,-0.16736382,-0.12812386,-0.0969081,-0.16398169,-0.14428526,-0.11335766,-0.18846886,-0.1706479,-0.15387544,-0.12598735,-0.115196005,-0.11330647,-0.11662802,-0.17668843,-0.13878743,-0.13482866,-0.096878245,-0.1214316,-0.09212472,-0.12434345,-0.13636467,-0.063823454,-0.13877153,-0.11419349,-0.13393703,-0.24483351,-0.2571875,-0.29957527,-0.1463677,-0.15690127,-0.13221845,-0.19104545,-0.0782174,-0.17256382,-0.16465077,-0.09859173,-0.11065883,-0.11520657,-0.076612435,-0.083404,-0.1213824,-0.13072303,-0.13855581,-0.19385117,-0.099199176,-0.1555592,-0.19487974,-0.19061121,-0.18696275,-0.11143694,-0.14317742,-0.10337128,-0.15991303,-0.19380304,-0.17388019,-0.16866167,-0.14295714,-0.14288679,-0.101520374,-0.1533536,-0.16162583,-0.18067515,-0.19503626,-0.121493325,-0.14792252,-0.11392613,-0.08023836,-0.14298141,-0.20725825,-0.16079894,-0.125103,-0.15657571,-0.15690626,-0.14361045,-0.19202894,-0.16235885,-0.18229729,-0.2963242,-0.1964696,-0.18075716,-0.17127739,-0.19256192,-0.15741509,-0.14054683,-0.13043945,-0.12557748,-0.1383132,-0.16275579,-0.30584824,-0.1661802,-0.18121833,-0.19245526,-0.11441202,-0.15083373,-0.14066336,-0.17796353,-0.16686293,-0.16489728,-0.14331086,-0.18237996,-0.12803736,-0.15331593,-0.1370435,-0.24156228,-0.17906211,-0.1034309,-0.13515867,-0.14228183,-0.17477459,-0.11023122,-0.13456497,-0.15292898,-0.16043639,-0.18133056,-0.15464593,-0.1490837,-0.19184028,-0.17495707,-0.16480571,-0.14723541,-0.14623587,-0.11499533,-0.10471026,-0.13521454,-0.20148799,-0.17723455,-0.12513243,-0.1655033,-0.18041904,-0.18738703,-0.11705899,-0.1776596,-0.2586078,-0.09276922,-0.092618115,-0.11477636,-0.13640717,-0.14817023,-0.09844628,-0.18923151
k__Bacteria|p__Actinobacteria|c__Actinomycetia|o__Bifidobacteriales|f__Bifidobacteriaceae|g__Bifidobacterium|s__Bifidobacterium_pseudolongum,-0.1004395,-0.12316422,-0.14158358,-0.20428483,-0.16761465,-0.19325054,-0.1666669,-0.14488575,-0.1254909,-0.18340188,-0.1841211,-0.21506387,-0.16956331,-0.20143186,-0.10268806,-0.09823147,-0.058144663,-0.09868623,-0.10752818,-0.17068285,-0.1978925,-0.12536043,-0.13612707,-0.15195823,-0.1710684,-0.11658599,-0.16796452,-0.17377661,-0.1509206,-0.12124001,-0.13526061,-0.1054378,-0.14828852,-0.19488603,-0.1884926,-0.2175087,-0.16187851,-0.22338755,-0.1968576,-0.29867563,-0.29210672,-0.19654828,-0.10674492,-0.09162698,-0.13691942,-0.15513651,-0.23188588,-0.193775,-0.14650781,-0.2026537,-0.18609092,-0.18279888,-0.19632994,-0.19609772,-0.19813445,-0.1567224,-0.12526172,-0.14330156,-0.09178838,-0.095006034,-0.17110349,-0.14200401,-0.13743341,-0.14676292,-0.12719077,-0.15158749,-0.2613474,-0.22333384,-0.1891881,-0.20047067,-0.14515017,-0.14910051,-0.1301117,-0.14201221,-0.14952078,-0.16352028,-0.1464642,-0.16278498,-0.16018838,-0.14998752,-0.1471551,-0.1570839,-0.15300745,-0.22480208,-0.120334074,-0.14130722,-0.11799468,-0.16055831,-0.17378333,-0.15576173,-0.16803855,-0.11139822,-0.1388583,-0.13027036,-0.12832396,-0.15152657,-0.14316006,-0.11527915,-0.10065024,-0.09007665,-0.10479809,-0.11986284,-0.13458762,-0.15027548,-0.16025141,-0.1185138,-0.11129953,-0.1578567,-0.17738779,-0.13252321,-0.16386119,-0.25953975,-0.1488224,-0.13268748,-0.14098604,-0.15095688,-0.17780018,-0.16421048,-0.22917573,-0.09015879,-0.11028178,-0.13456945,-0.12907952,-0.13997786,-0.17395172,6.2107744,-0.16057305,-0.12777606,-0.07092635,-0.03704006,-0.13699834,-0.1618392,-0.17878234,-0.14332479,-0.12334781,-0.13608088,-0.12023825,-0.13748196,-0.25318068,-0.26654312,-0.08302736,-0.10945694,-0.14365008,-0.09238048,-0.18791014,-0.19001141,-0.15291789,-0.08984978,-0.13230102,-0.14959648,-0.15019678,-0.15865321,-0.17041203,-0.18292376,-0.08747505,-0.12317355,-0.14076942,-0.10256614,-0.17951453,-0.19495486,-0.19033435,-0.099591985,-0.13113372,-0.07764286,-0.12707454,-0.19006202,-0.19293764,-0.19134212,-0.12300205,-0.07515942,-0.09644593,-0.117945,-0.13616945,-0.12406494,-0.121451,-0.09381593,-0.096176684,-0.10801004,-0.082459606,-0.11218609,-0.13192123,-0.16677529,-0.1410757,-0.13661619,-0.18093297,-0.17825818,-0.19364938,-0.14432013,-0.15549555,-0.13482398,-0.119081676,-0.14001076,-0.19117098,-0.19091362,-0.18160848,-0.19755594,-0.25103784,-0.20219928,-0.19102076,-0.19144319,-0.1825066,-0.17395261,-0.27554205,-0.08916744,-0.11956477,-0.12829956,-0.15751183,-0.20931396,-0.18224281,-0.29657933,-0.32474133,-0.15479577,-0.3242122,-0.17325558,-0.17108874,-0.2185038,-0.17647925,-0.114121355,-0.14021993,-0.15388772,-0.15788373,-0.22984435,-0.18186735,-0.25183153,-0.10389672,-0.12455491,-0.13844143,-0.12379641,-0.15189947,-0.1545296,-0.1558225,-0.14014931,-0.15141064,-0.16260003,-0.15547687,-0.15331613,-0.15299198,-0.1335498,-0.122901276,-0.14667037,-0.18968512,-0.17720132,-0.21025829,-0.3990198,-0.19967479,-0.113115385,-0.1296617,-0.11761208,-0.14766848,-0.16636807,-0.18633181,-0.19167835,-0.13175687,-0.07612035,-0.15233609,-0.13969041,-0.14106366,-0.11797065,-0.19987361,-0.1649412,-0.15954241,-0.14115366,-0.12319887,-0.12722544,-0.14610182,-0.2588673,-0.106904864,-0.13074079,-0.09132757,-0.12832497,-0.128633,-0.14998122,-0.15145744,-0.095758185,-0.08910369,-0.123731464,-0.11017175,-0.13758385,-0.15079686,-0.16973674,-0.14277221,-0.11659292,-0.17374125,-0.15198195,-0.14193186,-0.12509356,-0.14176935,-0.17466888,-0.13176009,-0.1318966,-0.14545286,-0.122374564,-0.08722703,-0.05825615,-0.14328417,-0.17082691,-0.026243303,-0.16734742,-0.2829064,-0.31316653,-0.19665234,-0.14544514,-0.14331596,-0.14862512,-0.12963767,-0.25088155,-0.19330028,-0.1881839,-0.09422927,-0.10876157,-0.10702289,-0.091979034,-0.12759323,-0.15305987,-0.15746465,-0.16698493,-0.12812386,-0.0969081,-0.16398169,-0.14296615,-0.11335766,-0.18846886,4.9575844,-0.15400192,-0.12537241,-0.115196005,-0.11207828,-0.11662802,-0.17578918,-0.13805544,-0.1337504,-0.096878245,-0.12041216,-0.09107937,-0.12434345,-0.13599545,-0.063823454,-0.13877153,-0.11419349,-0.13333462,-0.24483351,-0.2571875,-0.29957527,-0.14586657,-0.15642124,-0.13156444,-0.19104545,-0.0782174,-0.1718536,-0.16392939,-0.09859173,-0.11065883,-0.11465486,-0.076612435,-0.083404,-0.1213824,-0.13072303,-0.13855581,-0.19385117,-0.09806856,-0.15557632,-0.19487974,-0.19138849,-0.186445,-0.1109512,-0.14300005,-0.10253888,-0.15852281,-0.19383124,-0.17152292,-0.16915894,-0.14264086,-0.14209387,-0.10162386,-0.1529296,-0.1616829,-0.18122509,-0.19466293,-0.12077987,-0.14692295,-0.114051536,-0.07961509,-0.14207485,-0.20725825,-0.16106534,-0.125103,-0.15657571,-0.15690626,-0.14383343,-0.19202894,-0.16274332,-0.18166299,-0.2963242,-0.19834559,-0.18082672,-0.17195232,-0.19267227,-0.15730232,-0.14054683,-0.13000686,-0.12557748,-0.13820142,-0.16306666,-0.30584824,-0.16723487,-0.18055269,-0.19310997,-0.11441202,-0.15008356,-0.14056043,-0.17801496,-0.16663572,-0.16438065,-0.14331086,-0.18237996,-0.12856936,-0.15316212,-0.13645004,-0.24156228,-0.18044266,-0.10269871,-0.13543624,-0.14129037,-0.17397624,-0.11025215,-0.13435917,-0.15165234,-0.15961434,-0.18244049,-0.15314242,-0.14853579,-0.19184028,-0.175589,-0.1638163,-0.14723541,-0.14623587,-0.11499533,-0.10471026,-0.13440847,-0.20148799,-0.17699568,-0.12513243,-0.1670968,-0.18041904,-0.18738703,-0.11705899,-0.1751263,-0.25808346,-0.09208095,-0.09175323,-0.11451671,-0.13537535,-0.1473929,-0.0980655,-0.18858919
k__Bacteria|p__Actinobacteria|c__Actinomycetia|o__Actinomycetales|f__Actinomycetaceae|g__Gleimia|s__Gleimia_europaea,-0.1004395,-0.12316422,-0.14161065,-0.20428483,-0.16672936,-0.19371346,-0.1666669,-0.14522266,-0.12464187,-0.18349057,-0.18321976,-0.23037504,-0.16910392,-0.2069813,-0.10320069,-0.09927354,-0.058144663,-0.09998043,-0.10760905,-0.17094871,-0.1978925,-0.12536043,-0.13628295,-0.15249452,-0.17168367,-0.11658599,-0.1669923,-0.1740156,-0.1509206,-0.12124001,-0.13494718,-0.10557535,-0.14825791,-0.19632056,-0.1895495,-0.2175087,-0.16033615,-0.22338755,-0.19751467,-0.29867563,-0.29210672,-0.19943693,-0.10732352,-0.09162698,-0.13691942,-0.15480365,-0.23188588,-0.19400536,-0.14677517,-0.2026537,-0.18314531,-0.18279888,-0.1977552,-0.19935977,-0.20618168,-0.15852655,-0.12582707,-0.1440239,-0.09204145,-0.09563117,-0.17137301,-0.14242184,-0.13743341,-0.14700979,1.4028298,-0.15108672,-0.2613474,1.4494439,-0.18905213,-0.20047067,-0.1459789,-0.14926784,-0.1308732,-0.14299941,-0.15136373,-0.16433206,-0.1467091,-0.16278498,-0.15893304,-0.14998752,-0.14706868,-0.15704516,-0.15328047,-0.22480208,-0.120334074,-0.1415322,-0.11822261,-0.16123588,-0.17432743,-0.15551221,-0.16815534,-0.11139822,-0.1388583,-0.13027036,-0.12878564,-0.15152657,-0.14221561,-0.11535628,-0.10065024,-0.09028192,-0.105579406,-0.12069978,-0.13516624,-0.15027548,-0.16035682,-0.1185138,-0.11129953,-0.1578567,-0.17738779,-0.13396691,-0.16390419,-0.25953975,-0.14856422,-0.13240322,-0.14184657,-0.15095688,-0.17780018,-0.16373807,-0.22917573,-0.09015879,-0.10985005,-0.13469252,-0.12976328,-0.13997786,-0.17365143,-0.13908121,-0.16057305,-0.12777606,-0.07092635,-0.03704006,-0.13735062,-0.16229573,-0.1789402,-0.14332479,-0.12334781,-0.13556458,-0.12023825,-0.13848431,-0.25318068,-0.26654312,-0.083360516,-0.10945694,-0.14485711,-0.09238048,-0.18777747,-0.19050853,-0.15286237,-0.09020512,-0.13230102,-0.14945361,-0.1502684,-0.1589568,-0.17058247,-0.18414766,-0.087693274,-0.1238848,-0.14118712,-0.10256614,-0.17951453,-0.19495486,-0.19165578,-0.1002346,-0.13113372,-0.08018617,-0.12829342,-0.19006202,-0.19362015,-0.19200331,-0.12356168,-0.07504319,-0.09725961,-0.11863263,-0.13659427,-0.12406494,-0.121451,-0.09460588,-0.09675172,-0.108541355,-0.082459606,-0.113134965,-0.13251641,-0.1673586,-0.1410757,-0.13601077,-0.18093297,-0.17825818,-0.19452226,-0.14495793,-0.15549555,-0.13563092,-0.119081676,-0.14001076,-0.19117098,-0.1913683,-0.1811567,-0.19755594,-0.25103784,-0.20219928,-0.18994115,-0.19095962,-0.18257408,-0.1740155,-0.27554205,-0.08916744,-0.11956477,-0.12766461,-0.15751183,-0.20931396,-0.18224281,-0.29657933,-0.32474133,-0.151316,-0.3242122,-0.17325558,-0.17108874,-0.2185038,-0.17647925,-0.114121355,-0.13957691,-0.15388772,-0.15788373,-0.22984435,-0.18186735,-0.25927514,-0.10442205,-0.12455491,-0.1384364,-0.124195985,-0.15189947,-0.15536278,-0.15649763,-0.14014931,-0.15141064,-0.16328192,-0.15507689,-0.15351564,-0.15316199,-0.1339247,-0.12287169,-0.14602369,-0.19031069,-0.17721684,-0.21025829,-0.3990198,-0.20416798,-0.113554105,-0.1296617,-0.11897749,-0.14801839,-0.16636807,-0.18698642,-0.19170228,-0.13144161,-0.07643191,-0.15349492,-0.13966809,-0.14106366,-0.11789885,-0.19987361,-0.1649412,-0.1581792,-0.1415332,-0.123651125,-0.12722544,-0.14610182,-0.2588673,-0.10732122,-0.13074079,-0.09132757,-0.12832497,-0.12921575,-0.14969984,-0.15187371,-0.096292555,-0.08910369,-0.12445281,-0.110545546,-0.13788208,-0.15081152,-0.17057538,-0.14301692,-0.11607756,-0.1740618,-0.15185666,-0.14246348,-0.12546784,-0.1421946,-0.17466888,-0.13176009,-0.13220477,-0.145935,-0.12298709,-0.08722703,-0.05825615,-0.14357106,-0.17082691,-0.026243303,-0.16659637,-0.2829064,-0.31316653,-0.19886771,-0.14569972,-0.14331596,-0.14862512,-0.12963767,-0.25088155,-0.19434986,-0.18886654,-0.09451813,-0.1093361,-0.10702289,-0.09418907,-0.12759323,-0.15287931,-0.15746465,-0.16702849,-0.12812386,-0.0969081,-0.16398169,-0.1438371,-0.11335766,-0.18846886,-0.1706479,-0.15375757,-0.1256601,-0.115196005,-0.11303164,-0.11662802,-0.17619784,-0.1385645,-0.13462344,-0.096878245,-0.12130319,-0.091768324,-0.12434345,-0.13565958,-0.063823454,-0.13877153,-0.11419349,-0.133851,-0.24483351,-0.2571875,-0.29957527,-0.146368,-0.15675333,-0.13240106,-0.19104545,-0.0782174,-0.17277317,-0.1643285,-0.09859173,-0.11065883,-0.114486694,-0.076612435,-0.083404,-0.1213824,-0.13072303,-0.13855581,-0.19385117,-0.09920317,-0.1558328,-0.19487974,-0.19092694,-0.18704653,-0.11125453,-0.14291891,-0.10308088,-0.1596322,-0.19424906,-0.17358404,-0.16905536,-0.1428517,-0.14263102,-0.10158487,-0.1533777,-0.16138546,-0.18081704,-0.19540238,-0.12137959,-0.14762676,-0.11362969,-0.07986948,-0.14331275,-0.20725825,-0.16074404,-0.125103,-0.15657571,-0.15690626,-0.14346635,-0.19202894,-0.16246834,-0.18209316,-0.2963242,-0.19798914,-0.18112893,-0.17161007,-0.1932837,-0.15770921,-0.14054683,-0.13041273,-0.12557748,-0.13843143,-0.16317153,-0.30584824,-0.16632074,-0.18147035,-0.19242296,-0.11441202,-0.1508492,-0.14056188,-0.17797387,-0.16694827,-0.16454387,-0.14331086,-0.18237996,-0.12815502,-0.15323806,-0.1376911,-0.24156228,-0.17928892,-0.10319982,-0.13497712,-0.14206265,-0.17488337,-0.110052764,-0.13463883,-0.1524579,-0.1601193,-0.1814375,-0.1544767,-0.14939888,-0.19184028,-0.17535436,-0.16421038,-0.14723541,-0.14623587,-0.11499533,-0.10471026,-0.13522872,-0.20148799,-0.17715426,-0.12513243,-0.16485898,-0.18041904,-0.18738703,-0.11705899,-0.17692788,-0.26051295,-0.09253377,-0.09220205,-0.11473952,-0.13622642,-0.14818938,-0.098473966,-0.18926102
k__Bacteria|p__Actinobacteria|c__Coriobacteriia|o__Eggerthellales|f__Eggerthellaceae|g__Slackia|s__Slackia_isoflavoniconvertens,-0.1004395,-0.12316422,-0.14218903,-0.20428483,-0.16763964,-0.19372582,-0.1666669,-0.14519441,-0.12533867,-0.18355009,-0.18383162,-0.2293534,-0.16982953,-0.20599918,-0.103394076,-0.09985651,-0.058144663,-0.09975472,-0.10815485,-0.17110053,-0.1978925,-0.12536043,-0.13647974,-0.15248507,-0.17188114,-0.11658599,-0.16779524,-0.17414564,-0.1509206,-0.12124001,-0.13547516,-0.1061742,-0.14884357,-0.19610354,-0.18958485,-0.2175087,-0.16164139,-0.22338755,-0.19812849,-0.29867563,-0.29210672,-0.1986769,-0.107291035,-0.09162698,-0.13691942,-0.1555098,-0.23188588,-0.19412845,-0.14675806,-0.2026537,-0.18397042,-0.18279888,-0.19811198,-0.19974065,-0.2047464,-0.15708798,-0.12600572,-0.14400591,-0.09225868,-0.09584531,-0.17140391,-0.1424574,-0.13743341,-0.14723764,-0.12719077,-0.15138513,-0.2613474,-0.22333384,-0.18918917,-0.20047067,-0.14576116,-0.14949977,-0.1312206,-0.14308953,-0.1505494,-0.16404048,-0.14669514,-0.16278498,-0.15981035,-0.14998752,-0.14765361,-0.15749747,-0.15346345,-0.22480208,-0.120334074,-0.14183626,-0.118705615,-0.16084796,-0.17420435,-0.15630111,-0.16854405,-0.11139822,-0.1388583,-0.13027036,-0.12868403,-0.15152657,-0.14277957,-0.11558592,-0.10065024,-0.090792015,-0.10553511,-0.12060372,-0.13521206,-0.15027548,-0.1606212,-0.1185138,-0.11129953,-0.1578567,-0.17738779,-0.1337008,-0.16496907,-0.25953975,-0.14900245,-0.13323782,-0.14211012,-0.15095688,-0.17780018,-0.16398475,-0.22917573,-0.09015879,-0.11048963,-0.13510972,-0.12998727,-0.13997786,-0.17426312,-0.13908121,-0.16057305,-0.12777606,-0.07092635,-0.03704006,-0.13734926,-0.16236481,-0.17918962,-0.14332479,-0.12334781,-0.1359333,-0.12023825,-0.13868828,-0.25318068,-0.26654312,-0.08366282,-0.10945694,-0.14461523,-0.09238048,-0.18807757,-0.19093859,-0.1536422,-0.0904886,-0.13230102,-0.14996073,-0.15071963,-0.15930432,-0.17093141,-0.18370868,-0.08824365,-0.12389791,-0.14176384,-0.10256614,-0.17951453,-0.19495486,-0.19128335,-0.10020906,-0.13113372,-0.08001616,-0.12816575,-0.19006202,-0.19377795,-0.19210806,-0.12348956,-0.07549011,-0.09716886,-0.11885503,-0.13686019,-0.12406494,-0.121451,-0.094743684,-0.0968474,-0.1087604,-0.082459606,-0.112856165,-0.13234872,-0.16715845,-0.1410757,-0.1368284,-0.18093297,-0.17825818,-0.19473064,-0.14512324,-0.15549555,-0.13571426,-0.119081676,-0.14001076,-0.19117098,-0.19178239,-0.18208879,-0.19755594,-0.25103784,-0.20219928,-0.19050458,-0.19176812,-0.18298209,-0.17459923,-0.27554205,-0.08916744,-0.11956477,-0.12836254,-0.15751183,-0.20931396,-0.18224281,-0.29657933,-0.32474133,-0.15453686,-0.3242122,-0.17325558,-0.17108874,-0.2185038,-0.17647925,-0.114121355,-0.1404226,-0.15388772,-0.15788373,-0.22984435,-0.18186735,-0.25836486,-0.10466057,-0.12455491,-0.13877045,-0.1243794,-0.15189947,-0.1550056,-0.15619054,-0.14014931,-0.15141064,-0.16315985,-0.15570739,-0.15375286,-0.15368585,-0.1343785,-0.12336594,-0.14668047,-0.19057207,-0.17754945,-0.21025829,-0.3990198,-0.20320201,-0.1135412,-0.1296617,-0.11845948,-0.14830042,-0.16636807,-0.1865185,-0.19207883,-0.13222297,-0.07673648,-0.15315858,-0.14021552,-0.14106366,-0.1182286,-0.19987361,-0.1649412,-0.159257,-0.14217147,-0.12399565,-0.12722544,-0.14610182,-0.2588673,-0.107625216,-0.13074079,-0.09132757,-0.12832497,-0.12934399,-0.1502081,-0.15186298,-0.09643654,-0.08910369,-0.12458378,-0.11091921,-0.13822868,-0.15119256,-0.17066848,-0.14316642,-0.11674736,-0.17415042,-0.15222028,-0.14263476,-0.12579325,-0.14190415,-0.17466888,-0.13176009,-0.13250554,-0.14594725,-0.12315778,-0.08722703,-0.05825615,-0.14366832,-0.17082691,-0.026243303,-0.16741991,-0.2829064,-0.31316653,-0.1987414,-0.14593202,-0.14331596,-0.14862512,-0.12963767,-0.25088155,-0.19413081,-0.18875787,-0.09492483,-0.10933276,-0.10702289,-0.093692765,-0.12759323,-0.15335347,-0.15746465,-0.16726193,-0.12812386,-0.0969081,-0.16398169,-0.14378716,-0.11335766,-0.18846886,-0.1706479,-0.1544095,-0.12593967,-0.115196005,-0.11319486,-0.11662802,-0.17595802,-0.13869384,-0.13451964,-0.096878245,-0.12132774,-0.09182498,-0.12434345,-0.13601385,-0.063823454,-0.13877153,-0.11419349,-0.13424665,-0.24483351,-0.2571875,-0.29957527,-0.1464676,-0.15701938,-0.13245901,-0.19104545,-0.0782174,-0.172382,-0.16478814,-0.09859173,-0.11065883,-0.11466922,-0.076612435,-0.083404,-0.1213824,-0.13072303,-0.13855581,-0.19385117,-0.099233896,-0.15599729,-0.19487974,-0.1916746,-0.18744077,-0.111480415,-0.1433711,-0.10278523,-0.15906727,-0.1944857,-0.1728266,-0.16988516,-0.14311123,-0.14273547,-0.10241772,-0.1536408,-0.16183914,-0.18151964,-0.19570138,-0.12129577,-0.14723685,-0.11389524,-0.08005749,-0.14371254,-0.20725825,-0.1611512,-0.125103,-0.15657571,-0.15690626,-0.14392471,-0.19202894,-0.16308744,-0.18219396,-0.2963242,-0.19946443,-0.18197232,-0.17237854,-0.1937435,-0.15810302,-0.14054683,-0.13068259,-0.12557748,-0.13866219,-0.1647818,-0.30584824,-0.1674352,-0.18146509,-0.19317847,-0.11441202,-0.15092097,-0.14095242,-0.17843872,-0.16720673,-0.16474505,-0.14331086,-0.18237996,-0.12880886,-0.15393671,-0.13838801,-0.24156228,-0.18003464,-0.103479445,-0.13567346,-0.1420182,-0.17455596,-0.110743776,-0.1349017,-0.15228707,-0.16001464,-0.18241715,-0.15419827,-0.14940491,5.6449723,-0.17588584,-0.16407797,-0.14723541,-0.14623587,-0.11499533,-0.10471026,-0.13541955,-0.20148799,-0.1773091,-0.12513243,-0.16647568,-0.18041904,-0.18738703,-0.11705899,-0.17583637,-0.2600475,-0.09273023,-0.09239382,-0.11511791,-0.13619626,-0.14837015,-0.09889654,-0.1892486
k__Bacteria|p__Actinobacteria|c__Actinomycetia|o__Bifidobacteriales|f__Bifidobacteriaceae|g__Bifidobacterium|s__Bifidobacterium_tsurumiense,-0.1004395,-0.12316422,-0.1416204,-0.20428483,-0.16711998,-0.19394018,-0.1666669,-0.14536345,-0.12538934,-0.1844984,-0.1836763,-0.21890688,-0.17020684,-0.2021703,-0.10288489,-0.09882808,-0.058144663,-0.09956457,-0.10763942,-0.17129043,-0.1978925,-0.12536043,-0.13673884,-0.15278965,-0.1716803,-0.11658599,-0.16847454,-0.17453822,-0.1509206,-0.12124001,-0.1356861,-0.10535416,-0.14887714,-0.19541167,-0.18958065,-0.2175087,-0.16106379,-0.22338755,-0.19692406,-0.29867563,-0.29210672,-0.19747756,-0.10697205,-0.09162698,-0.13691942,-0.15545681,-0.23188588,-0.19422331,-0.14676687,-0.2026537,-0.18435118,-0.18279888,-0.19689906,-0.19751857,-0.20067966,-0.15804172,-0.12574986,-0.14392713,-0.09226015,-0.09534614,-0.17177257,-0.14281428,-0.13743341,-0.14724055,-0.12719077,-0.15191576,-0.2613474,-0.22333384,-0.18885754,-0.20047067,-0.145871,-0.14961857,-0.1307061,-0.14278951,-0.15080102,-0.16433713,-0.14716119,-0.16278498,-0.15990488,-0.14998752,-0.14775383,-0.1573706,-0.1537405,-0.22480208,-0.120334074,-0.14187837,-0.11837818,-0.16132405,-0.17431591,-0.15606733,-0.1689221,-0.11139822,-0.1388583,-0.13027036,-0.1288772,-0.15152657,-0.14347208,-0.115826786,-0.10065024,-0.09029948,-0.10527825,-0.12032243,-0.1350724,-0.15027548,-0.16094813,-0.1185138,-0.11129953,-0.1578567,-0.17738779,-0.1337363,-0.16413052,-0.25953975,-0.14912936,-0.13295138,-0.14169368,-0.15095688,-0.17780018,-0.1637215,-0.22917573,-0.09015879,-0.1105824,-0.13498516,-0.12972867,-0.13997786,-0.17427108,-0.13908121,-0.16057305,-0.12777606,-0.07092635,-0.03704006,-0.13725494,-0.16250631,-0.17959538,-0.14332479,-0.12334781,-0.13624233,-0.12023825,-0.13845658,-0.25318068,-0.26654312,-0.08330719,-0.10945694,-0.14472598,-0.09238048,-0.18860343,-0.19054106,-0.15354404,-0.090106964,-0.13230102,-0.1500288,-0.15064594,-0.15929641,-0.1709226,-0.18418616,-0.08764449,-0.12382696,-0.14121106,-0.10256614,-0.17951453,-0.19495486,-0.1913338,-0.09995343,-0.13113372,-0.07860093,-0.1275903,-0.19006202,-0.19346172,-0.19202915,-0.12363663,-0.07507757,-0.09688052,-0.11834271,-0.13681787,-0.12406494,-0.121451,-0.09421145,-0.09632948,-0.108493954,-0.082459606,-0.11270086,-0.13243909,-0.16754332,-0.1410757,-0.1367894,-0.18093297,-0.17825818,-0.19426341,-0.14479563,-0.15549555,-0.13554847,-0.119081676,-0.14001076,-0.19117098,-0.19118688,-0.1819792,-0.19755594,-0.25103784,-0.20219928,-0.19104837,-0.19164924,-0.1830626,-0.17421311,-0.27554205,-0.08916744,-0.11956477,-0.12833562,-0.15751183,-0.20931396,-0.18224281,-0.29657933,-0.32474133,-0.15588927,-0.3242122,-0.17325558,-0.17108874,-0.2185038,-0.17647925,-0.114121355,-0.14036001,-0.15388772,-0.15788373,-0.22984435,-0.18186735,-0.25258946,-0.10422799,-0.12455491,-0.13892975,-0.124314524,-0.15189947,-0.15530622,-0.15658435,-0.14014931,-0.15141064,-0.16347821,-0.15568808,-0.15395173,-0.15336749,-0.13413629,-0.12331804,-0.14691511,-0.19093615,-0.17726672,-0.21025829,-0.3990198,-0.20279023,-0.11339216,-0.1296617,-0.118219055,-0.1483492,-0.16636807,-0.187148,-0.1920639,-0.13209099,-0.076382056,-0.15325579,-0.14009109,-0.14106366,-0.118536666,-0.19987361,-0.1649412,-0.15936352,-0.14179571,-0.1236868,-0.12722544,-0.14610182,-0.2588673,-0.10717525,-0.13074079,-0.09132757,-0.12832497,-0.1294447,-0.15024984,-0.15231751,-0.096117586,-0.08910369,-0.12442547,-0.11040208,-0.13816503,-0.15118572,-0.17074549,-0.14316629,-0.11687842,-0.17441976,-0.15228412,-0.14273337,-0.12531431,-0.14261232,-0.17466888,-0.13176009,-0.13256559,-0.14599985,-0.12292999,-0.08722703,-0.05825615,-0.14377663,-0.17082691,-0.026243303,-0.1670166,-0.2829064,-0.31316653,-0.19865587,-0.14596829,-0.14331596,-0.14862512,-0.12963767,-0.25088155,-0.1936354,-0.18895905,-0.09460099,-0.1092774,-0.10702289,-0.093298964,-0.12759323,-0.15362316,-0.15746465,-0.16742218,-0.12812386,-0.0969081,-0.16398169,-0.14396611,-0.11335766,-0.18846886,-0.1706479,-0.15434474,-0.12600026,-0.115196005,-0.112854764,-0.11662802,-0.17666422,-0.1386248,-0.13435811,-0.096878245,-0.120954975,-0.09155023,-0.12434345,-0.13664055,-0.063823454,-0.13877153,-0.11419349,-0.13401046,-0.24483351,-0.2571875,-0.29957527,-0.14626795,-0.1571294,-0.13214019,-0.19104545,-0.0782174,-0.17258444,-0.16486135,-0.09859173,-0.11065883,-0.11516383,-0.076612435,-0.083404,-0.1213824,-0.13072303,-0.13855581,-0.19385117,-0.098617196,-0.15585315,-0.19487974,-0.191647,-0.18735488,-0.11123614,-0.14351553,-0.102884814,-0.15947041,-0.19412252,-0.1730492,-0.16946724,-0.1430152,-0.14264378,-0.10167913,-0.15361801,-0.1620158,-0.18159357,-0.19527543,-0.12119576,-0.14753842,-0.11403286,-0.07998587,-0.14293277,-0.20725825,-0.1611985,-0.125103,-0.15657571,-0.15690626,-0.14393963,-0.19202894,-0.16303977,-0.18268684,-0.2963242,-0.19758424,-0.18175353,-0.17200905,-0.19316155,-0.1577265,-0.14054683,-0.13038482,-0.12557748,-0.13842191,-0.16366276,-0.30584824,-0.16770065,-0.18141334,-0.19329232,-0.11441202,-0.15094656,-0.14081115,-0.17858174,-0.16723096,-0.1650373,-0.14331086,-0.18237996,-0.1284628,-0.15391363,-0.13719705,-0.24156228,-0.18009287,-0.103081554,-0.13569467,-0.1421437,-0.17458296,-0.11049447,-0.13482144,-0.15279484,-0.16011392,-0.18250999,-0.15439942,-0.14898938,-0.19184028,-0.17572352,-0.16481012,-0.14723541,-0.14623587,-0.11499533,-0.10471026,-0.13520053,-0.20148799,-0.177527,-0.12513243,-0.1668385,-0.18041904,-0.18738703,-0.11705899,-0.17712827,-0.25770277,-0.09225395,-0.0921703,-0.114736885,-0.1361016,-0.14809774,-0.098343454,-0.1895428
k__Bacteria|p__Actinobacteria|c__Coriobacteriia|o__Eggerthellales|f__Eggerthellaceae|g__Slackia|s__Slackia_piriformis,-0.1004395,-0.12316422,-0.14059494,-0.20428483,-0.1653767,-0.19317584,-0.1666669,-0.14502484,-0.12481107,-0.18410288,-0.18161817,-0.21964261,-0.17048556,-0.20234431,-0.10349281,-0.09925899,-0.058144663,-0.10042417,-0.10732694,-0.17077343,-0.1978925,-0.12536043,-0.13658887,-0.15276182,-0.17124705,-0.11658599,-0.16746551,-0.1745611,-0.1509206,-0.12124001,-0.13505116,-0.10542479,-0.14794862,-0.19509149,-0.1894321,-0.2175087,-0.15884611,-0.22338755,-0.19515269,-0.29867563,-0.29210672,-0.1979368,-0.107742146,-0.09162698,-0.13691942,-0.15437265,-0.23188588,-0.19288741,-0.1467982,-0.2026537,-0.18160169,-0.18279888,-0.1953617,-0.19669828,-0.20173417,-0.15977481,-0.12591344,-0.14396769,-0.09294239,-0.09587158,-0.17135964,-0.14290547,-0.13743341,-0.14681107,-0.12719077,-0.15107705,-0.2613474,-0.22333384,-0.18782827,-0.20047067,-0.14611913,-0.14932917,-0.13060802,-0.14265788,-0.1519904,-0.16446003,-0.14740328,-0.16278498,-0.1581005,-0.14998752,-0.14717054,-0.1563048,-0.1534254,-0.22480208,-0.120334074,-0.1414473,-0.11823847,-0.16153191,-0.1740163,-0.1547065,-0.16829485,-0.11139822,-0.1388583,-0.13027036,-0.1292127,-0.15152657,-0.14283583,-0.1161468,-0.10065024,-0.09072328,-0.106166765,-0.12092145,-0.1351257,-0.15027548,-0.16075736,-0.1185138,-0.11129953,-0.1578567,-0.17738779,-0.13396895,-0.16235764,-0.25953975,-0.14834699,-0.13215542,-0.14112437,-0.15095688,-0.17780018,-0.16212478,-0.22917573,-0.09015879,-0.109948054,-0.13454372,-0.12980554,-0.13997786,-0.17293245,-0.13908121,-0.16057305,-0.12777606,-0.07092635,-0.03704006,-0.13655888,-0.16243136,-0.17878015,-0.14332479,-0.12334781,-0.13570487,-0.12023825,-0.13847733,-0.25318068,-0.26654312,-0.08418948,-0.10945694,-0.14536041,-0.09238048,-0.18737683,-0.189393,-0.15275791,-0.09075486,-0.13230102,-0.14924712,-0.1500355,-0.15888944,-0.17032129,-0.18474458,-0.08798795,-0.12407,-0.14082143,-0.10256614,-0.17951453,-0.19495486,-0.19141886,-0.100538775,-0.13113372,-0.07998,-0.12806244,-0.19006202,-0.19302304,-0.19109291,-0.12409063,-0.07593313,-0.09758131,-0.11835038,-0.13665897,-0.12406494,-0.121451,-0.094851375,-0.09682449,-0.10897237,-0.082459606,-0.113313675,-0.13287154,-0.1675684,-0.1410757,-0.13583058,-0.18093297,-0.17825818,-0.19323319,-0.14452276,-0.15549555,-0.13574696,-0.119081676,-0.14001076,-0.19117098,-0.18989855,-0.18042785,-0.19755594,-0.25103784,-0.20219928,-0.18929553,-0.18970564,-0.18213215,-0.17256978,-0.27554205,-0.08916744,-0.11956477,-0.12743348,-0.15751183,-0.20931396,-0.18224281,-0.29657933,-0.32474133,-0.14924107,-0.3242122,-0.17325558,-0.17108874,-0.2185038,-0.17647925,-0.114121355,-0.13921833,-0.15388772,-0.15788373,-0.22984435,-0.18186735,-0.2526611,-0.10456162,-0.12455491,-0.13863009,-0.124631315,-0.15189947,-0.155666,-0.15698333,-0.14014931,-0.15141064,-0.1636625,-0.15462548,-0.15357113,-0.15238172,-0.13405043,-0.123119004,-0.14610955,-0.1905879,-0.1764535,-0.21025829,-0.3990198,-0.20279567,-0.11374198,-0.1296617,-0.11896779,-0.14800918,-0.16636807,-0.18702587,-0.19119462,-0.13113382,-0.07760911,-0.1535098,-0.13966939,-0.14106366,-0.11866978,-0.19987361,-0.1649412,-0.1573964,-0.14097351,-0.12365118,-0.12722544,-0.14610182,-0.2588673,-0.10727953,-0.13074079,-0.09132757,-0.12832497,-0.12990758,-0.1494616,-0.15264146,-0.09688091,-0.08910369,-0.12467013,-0.11060267,-0.13778399,-0.15059805,-0.17066848,-0.14286071,-0.11647068,-0.1735772,-0.15175374,-0.14257337,-0.12500435,-0.1430085,-0.17466888,-0.13176009,-0.13249758,-0.14570569,-0.12343327,-0.08722703,-0.05825615,-0.14337656,-0.17082691,-0.026243303,-0.16470015,-0.2829064,-0.31316653,-0.19830321,-0.14564517,-0.14331596,-0.14862512,-0.12963767,-0.25088155,-0.1931392,-0.18857308,-0.09508658,-0.10982631,-0.10702289,-0.09532489,-0.12759323,-0.15271892,-0.15746465,-0.16683757,-0.12812386,-0.0969081,-0.16398169,-0.14461908,-0.11335766,-0.18846886,-0.1706479,-0.15333296,-0.12611532,-0.115196005,-0.113358274,-0.11662802,-0.17662326,-0.13869733,-0.13477868,-0.096878245,-0.12127468,-0.0926141,-0.12434345,-0.13636258,-0.063823454,-0.13877153,-0.11419349,-0.13343303,-0.24483351,-0.2571875,-0.29957527,-0.14593092,-0.15662488,-0.13239095,-0.19104545,-0.0782174,-0.17211396,-0.1642029,-0.09859173,-0.11065883,-0.115343034,-0.076612435,-0.083404,-0.1213824,-0.13072303,-0.13855581,-0.19385117,-0.09948827,-0.15503258,-0.19487974,-0.19037811,-0.18668947,-0.11161216,-0.14273843,-0.10405746,-0.15986595,-0.19339737,-0.17369407,-0.16841152,-0.1426454,-0.14247394,-0.10110298,-0.15312871,-0.16121402,-0.18012547,-0.19439653,-0.12163245,-0.14763898,-0.11393697,-0.08088446,-0.14251336,-0.20725825,-0.16049889,-0.125103,-0.15657571,-0.15690626,-0.14306056,-0.19202894,-0.16213438,-0.18239781,-0.2963242,-0.19384779,-0.18017797,-0.17065665,-0.19171205,-0.15671206,-0.14054683,-0.1303198,-0.12557748,-0.13816056,-0.1616783,-0.30584824,-0.16585428,-0.18110684,-0.19196218,-0.11441202,-0.15073562,-0.14026299,-0.17748453,-0.16664734,-0.16476823,-0.14331086,-0.18237996,-0.12758428,-0.15255925,-0.13636953,-0.24156228,-0.17824346,-0.103598505,-0.13465324,-0.14256668,-0.17437413,-0.11041755,-0.13440455,-0.15333301,-0.1598973,-0.1807754,-0.15498713,-0.14914304,-0.19184028,-0.17454602,-0.16496,-0.14723541,-0.14623587,-0.11499533,-0.10471026,-0.1351103,-0.20148799,-0.17710832,-0.12513243,-0.1642853,-0.18041904,-0.18738703,-0.11705899,-0.17815648,-0.25736773,-0.092975944,-0.09286248,-0.114538565,-0.13629839,-0.14793156,-0.098560624,-0.18913358
k__Bacteria|p__Actinobacteria|c__Actinomycetia|o__Actinomycetales|f__Actinomycetaceae|g__Actinomyces|s__Actinomyces_urogenitalis,-0.1004395,-0.12316422,-0.14015436,-0.20428483,-0.16603892,-0.19169344,-0.1666669,-0.14441903,-0.12454209,-0.1824646,-0.18181196,-0.21047139,-0.16911325,-0.19906421,-0.10265345,-0.09815492,-0.058144663,-0.09931989,-0.107269205,-0.16952774,-0.1978925,-0.12536043,-0.13580456,-0.15164062,-0.17001972,-0.11658599,-0.16688839,-0.172921,-0.1509206,-0.12124001,-0.13472998,-0.10484934,-0.1473898,-0.19307682,-0.18736348,-0.2175087,-0.15985554,-0.22338755,-0.19470793,-0.29867563,-0.29210672,-0.19499868,-0.10685322,-0.09162698,-0.13691942,-0.15406466,-0.23188588,-0.1923079,-0.1458314,-0.2026537,-0.18361194,-0.18279888,-0.19385621,-0.1935896,-0.19608466,-0.15762639,-0.124969676,-0.14288922,-0.092175744,-0.09513417,-0.17028058,-0.14173275,-0.13743341,-0.14612494,3.3190005,-0.15078184,-0.2613474,-0.22333384,-0.18747967,-0.20047067,-0.14487223,-0.14850438,-0.12952936,-0.14145547,-0.14971511,-0.16304539,-0.14613451,-0.16278498,-0.15867701,-0.14998752,-0.1465871,-0.15591973,-0.15229917,-0.22480208,-0.120334074,-0.1407944,-0.11759934,-0.16018748,-0.1728723,-0.15442461,-0.16709769,-0.11139822,-0.1388583,-0.13027036,-0.12822808,-0.15152657,-0.14251532,-0.11529052,-0.10065024,-0.09005788,-0.105001725,-0.119761206,-0.13427605,-0.15027548,-0.1596415,-0.1185138,-0.11129953,-0.1578567,-0.17738779,-0.13239041,-0.16186541,-0.25953975,-0.1479788,-0.13174167,-0.1402516,-0.15095688,-0.17780018,-0.1625251,-0.22917573,-0.09015879,-0.11008026,-0.13391817,-0.12868795,-0.13997786,-0.17251307,-0.13908121,-0.16057305,-0.12777606,-0.07092635,-0.03704006,-0.13646962,-0.16113284,-0.1777934,-0.14332479,-0.12334781,-0.13555929,-0.12023825,-0.13725853,-0.25318068,-0.26654312,-0.08348797,-0.10945694,-0.14364268,-0.09238048,-0.18662319,-0.18831584,-0.15204088,-0.09013903,-0.13230102,-0.14874873,-0.14926279,-0.15773442,-0.1692217,-0.18248361,-0.08754638,-0.12298018,-0.14010644,-0.10256614,-0.17951453,-0.19495486,-0.18932787,-0.099791706,-0.13113372,-0.07796189,-0.12687877,-0.19006202,-0.19140546,-0.18996646,-0.123169184,-0.0755343,-0.09671587,-0.11756897,-0.13576636,-0.12406494,-0.121451,-0.0940281,-0.09628184,-0.10804125,-0.082459606,-0.11228222,-0.1318444,-0.16626889,-0.1410757,-0.13569334,-0.18093297,-0.17825818,-0.19190842,-0.14355585,-0.15549555,-0.1344829,-0.119081676,-0.14001076,-0.19117098,-0.18908113,-0.17965265,-0.19755594,-0.25103784,-0.20219928,-0.18929756,-0.1893847,-0.1810286,-0.17223205,-0.27554205,-0.08916744,-0.11956477,-0.12760557,-0.15751183,-0.20931396,-0.18224281,-0.29657933,-0.32474133,-0.15254614,-0.3242122,-0.17325558,-0.17108874,-0.2185038,-0.17647925,-0.114121355,-0.1391947,-0.15388772,-0.15788373,-0.22984435,-0.18186735,-0.24699156,-0.10388014,-0.12455491,-0.13793124,-0.12360905,-0.15189947,-0.15429479,-0.15558815,-0.14014931,-0.15141064,-0.16209817,-0.15439855,-0.15259573,-0.15192649,-0.1330316,-0.12259944,-0.14565265,-0.18862654,-0.17541692,-0.21025829,-0.3990198,-0.19776124,-0.11310605,-0.1296617,-0.11759954,-0.14707504,-0.16636807,-0.18561153,-0.19006991,-0.13115081,-0.076537386,-0.15200333,-0.13911048,-0.14106366,-0.11781371,-0.19987361,-0.1649412,-0.15801483,-0.14019495,-0.12293743,-0.12722544,-0.14610182,-0.2588673,-0.106778346,-0.13074079,-0.09132757,-0.12832497,-0.12861955,-0.14920458,-0.15128304,-0.09603706,-0.08910369,-0.1235847,-0.11000353,-0.1370673,-0.1499609,-0.16900954,-0.14219318,-0.116301775,-0.17278996,-0.15105966,-0.14162311,-0.12449618,-0.14167927,-0.17466888,-0.13176009,-0.13150829,-0.14496148,-0.12225442,-0.08722703,-0.05825615,-0.14277577,-0.17082691,-0.026243303,-0.16553545,-0.2829064,-0.31316653,-0.19457752,-0.14486322,-0.14331596,-0.14862512,-0.12963767,-0.25088155,-0.19174996,-0.1870624,-0.094427526,-0.108908646,-0.10702289,-0.09278533,2.4571855,-0.1521775,-0.15746465,-0.1658904,-0.12812386,-0.0969081,-0.16398169,-0.14300452,-0.11335766,-0.18846886,-0.1706479,-0.15299135,-0.12512252,-0.115196005,-0.112055704,-0.11662802,-0.17523605,-0.13761687,-0.13358979,-0.096878245,-0.120169014,-0.09156975,-0.12434345,-0.13588601,-0.063823454,-0.13877153,-0.11419349,-0.13292877,-0.24483351,-0.2571875,-0.29957527,-0.14516301,-0.15564822,-0.1310175,-0.19104545,-0.0782174,-0.17082906,-0.1631567,-0.09859173,-0.11065883,-0.11491954,-0.076612435,-0.083404,-0.1213824,-0.13072303,-0.13855581,-0.19385117,-0.098313585,-0.15457934,-0.19487974,-0.18944392,-0.1850557,-0.11090453,-0.14250913,-0.102841385,-0.15831229,-0.19176187,-0.17105605,-0.1677689,-0.14199702,-0.14155355,-0.10101655,-0.15217008,-0.16057491,-0.17954223,-0.19277897,-0.12073532,-0.14671466,-0.11383482,-0.08006054,-0.14106031,-0.20725825,-0.16009003,-0.125103,-0.15657571,-0.15690626,-0.14286625,-0.19202894,-0.16155417,-0.18087052,-0.2963242,-0.19437368,-0.17902811,-0.17042822,-0.19071677,-0.15615875,-0.14054683,-0.12954992,-0.12557748,-0.13753933,-0.16153243,-0.30584824,-0.16550902,-0.17969498,-0.19119973,-0.11441202,-0.14969212,-0.13990211,-0.17663372,-0.1655782,-0.16368018,4.3797364,3.446052,-0.12756,-0.15215236,-0.13512233,-0.24156228,-0.17872868,-0.10277201,-0.1346995,-0.14098214,-0.17320168,-0.11003746,-0.13381222,-0.1515508,-0.15899742,-0.18047884,-0.1529386,-0.14786968,-0.19184028,-0.17409651,-0.163514,-0.14723541,-0.14623587,-0.11499533,-0.10471026,-0.13394955,-0.20148799,-0.17611219,-0.12513243,-0.165281,-0.18041904,-0.18738703,-0.11705899,-0.17544556,-0.25435966,-0.09224534,-0.092108786,-0.114153884,-0.13505462,-0.14677447,-0.097994246,-0.18749008
k__Bacteria|p__Actinobacteria|c__Actinomycetia|o__Actinomycetales|f__Actinomycetaceae|g__Schaalia|s__Schaalia_turicensis,-0.1004395,-0.12316422,-0.1420436,-0.20428483,-0.16715826,-0.19391328,-0.1666669,-0.1452628,-0.1250943,-0.18371433,-0.18299252,-0.22791797,-0.16937342,-0.20576361,-0.10330711,-0.09962016,-0.058144663,-0.09978901,-0.1081118,-0.17100762,-0.1978925,-0.12536043,-0.13644084,-0.15241781,-0.1717444,-0.11658599,-0.167369,-0.17390308,-0.1509206,-0.12124001,-0.13515145,-0.10604196,-0.14851901,-0.19605544,-0.18932757,-0.2175087,-0.16120255,-0.22338755,-0.1974338,-0.29867563,-0.29210672,-0.1985821,-0.10743573,-0.09162698,-0.13691942,-0.15515155,-0.23188588,-0.19391942,-0.1469073,-0.2026537,-0.18392411,-0.18279888,-0.19761011,-0.19907278,-0.20426731,-0.15756139,-0.1259493,-0.1439727,-0.09237687,-0.09597481,-0.1714393,-0.14241557,-0.13743341,-0.1471118,-0.12719077,-0.15149832,-0.2613474,0.6208579,-0.18899229,-0.20047067,-0.14589147,-0.14935142,-0.13106701,-0.14295301,-0.15089874,-0.1640397,-0.1467677,-0.16278498,-0.1596044,-0.14998752,-0.14721541,-0.15738505,-0.15338105,-0.22480208,-0.120334074,-0.14163746,-0.11857726,-0.16107793,-0.17420684,-0.15587215,-0.16817808,-0.11139822,-0.1388583,-0.13027036,-0.12874588,-0.15152657,-0.14248796,-0.11552851,-0.10065024,-0.09063235,-0.10567975,-0.1207367,-0.1352447,-0.15027548,-0.16037677,-0.1185138,-0.11129953,-0.1578567,-0.17738779,-0.13402215,-0.16425951,-0.25953975,-0.14886966,-0.13284682,-0.14192244,-0.15095688,-0.17780018,-0.16403101,-0.22917573,-0.09015879,-0.110200115,-0.13488454,-0.12986068,-0.13997786,-0.17383167,-0.13908121,-0.16057305,-0.12777606,-0.07092635,-0.03704006,-0.13728753,-0.16224939,-0.1788513,-0.14332479,-0.12334781,-0.13581663,-0.12023825,-0.13845578,-0.25318068,-0.26654312,-0.083784625,-0.10945694,-0.1445505,-0.09238048,-0.1878976,-0.19037348,-0.15310693,-0.09060073,-0.13230102,-0.14966801,-0.15047894,-0.15916626,-0.1706954,-0.18383366,-0.088251606,-0.123941705,-0.14127052,-0.10256614,-0.17951453,-0.19495486,-0.19141853,-0.10038932,-0.13113372,-0.080151245,-0.12802052,-0.19006202,-0.1935446,-0.19188833,-0.1234776,-0.07569091,-0.097487405,-0.118738316,-0.13663764,-0.12406494,-0.121451,-0.094854906,-0.09691198,-0.1086532,-0.082459606,-0.11307218,-0.13233548,-0.16710278,-0.1410757,-0.13654572,-0.18093297,-0.17825818,-0.194581,-0.14491674,-0.15549555,-0.1356287,-0.119081676,-0.14001076,-0.19117098,-0.19158529,-0.18166214,-0.19755594,-0.25103784,-0.20219928,-0.19031844,-0.19127825,-0.18271041,-0.174231,-0.27554205,-0.08916744,-0.11956477,-0.12798351,-0.15751183,-0.20931396,-0.18224281,-0.29657933,-0.32474133,-0.15298039,-0.3242122,-0.17325558,-0.17108874,-0.2185038,-0.17647925,-0.114121355,-0.1400848,-0.15388772,-0.15788373,-0.22984435,-0.18186735,-0.25791746,-0.104681775,-0.12455491,-0.13855967,-0.12429074,-0.15189947,-0.15513733,-0.1562244,-0.14014931,-0.15141064,-0.16314828,-0.15540455,-0.15368074,-0.15321404,-0.13412443,-0.12319648,-0.14637989,-0.19034868,-0.17709868,-0.21025829,-0.3990198,-0.20332006,-0.113650486,-0.1296617,-0.1187472,-0.14798924,-0.16636807,-0.18660745,-0.1917535,-0.13168822,-0.07711059,-0.15317443,-0.13992673,-0.14106366,-0.1179223,-0.19987361,-0.1649412,-0.15877223,-0.14179365,-0.12365536,-0.12722544,-0.14610182,-0.2588673,-0.10754178,-0.13074079,-0.09132757,-0.12832497,-0.12926812,-0.14978418,-0.15183076,-0.09651457,-0.08910369,-0.12444947,-0.11072721,-0.1380597,-0.15086555,-0.17048839,-0.14307699,-0.11649375,-0.17398998,-0.15192194,-0.14246431,-0.12569004,-0.14200619,-0.17466888,-0.13176009,-0.1324889,-0.14579353,-0.12310351,-0.08722703,-0.05825615,-0.14356112,-0.17082691,-0.026243303,-0.1666933,-0.2829064,-0.31316653,-0.19882743,-0.14584766,-0.14331596,-0.14862512,-0.12963767,-0.25088155,-0.19423443,-0.18874913,-0.09486054,-0.10952716,-0.10702289,-0.09404084,-0.12759323,-0.15297198,-0.15746465,-0.16720846,-0.12812386,-0.0969081,-0.16398169,-0.14356148,-0.11335766,-0.18846886,-0.1706479,-0.15411276,-0.12597197,-0.115196005,-0.11316684,-0.11662802,-0.17602748,-0.13862531,-0.13455221,-0.096878245,-0.12130096,-0.09193822,-0.12434345,-0.13577816,-0.063823454,-0.13877153,-0.11419349,-0.13397215,-0.24483351,-0.2571875,-0.29957527,-0.14643596,-0.15693046,-0.13248153,-0.19104545,-0.0782174,-0.17276362,-0.16421774,-0.09859173,-0.11065883,-0.11451386,-0.076612435,-0.083404,-0.1213824,-0.13072303,-0.13855581,-0.19385117,-0.09957692,-0.15585268,-0.19487974,-0.1912468,-0.18707292,-0.11145565,-0.14311999,-0.103243455,-0.15936103,-0.19441625,-0.17289521,-0.16907217,-0.14296375,-0.1427117,-0.10214952,-0.1533519,-0.16164023,-0.18108968,-0.19529718,-0.121438146,-0.14738111,-0.11385697,-0.08028546,-0.14328295,-0.20725825,-0.16100055,-0.125103,-0.15657571,-0.15690626,-0.14381763,-0.19202894,-0.16267908,-0.18205255,-0.2963242,-0.19907197,-0.18120745,-0.17172915,-0.19339064,-0.1575892,-0.14054683,-0.13052428,-0.12557748,-0.1384077,-0.16366327,-0.30584824,-0.16696826,-0.18117884,-0.19287583,-0.11441202,-0.15057975,-0.14076516,-0.17817011,-0.16701047,-0.16464522,-0.14331086,-0.18237996,-0.12864873,-0.15346055,-0.13783902,-0.24156228,-0.17970145,-0.10352682,-0.13537136,-0.14212176,-0.1745214,-0.110573456,-0.13470897,-0.15221474,-0.16012338,-0.18203154,-0.1543189,-0.14932686,-0.19184028,-0.17557691,-0.16412185,-0.14723541,-0.14623587,-0.11499533,-0.10471026,-0.13524064,-0.20148799,-0.17716601,-0.12513243,-0.16578633,-0.18041904,-0.18738703,-0.11705899,-0.17649488,-0.25984973,-0.09283253,-0.09248966,-0.115010396,-0.13617444,-0.14814483,-0.09881723,-0.18907875
k__Bacteria|p__Actinobacteria|c__Coriobacteriia|o__Coriobacteriales|f__Coriobacteriaceae|g__Collinsella|s__Collinsella_sp_AF08_23,-0.1004395,-0.12316422,-0.1417966,-0.20428483,-0.16670913,-0.19361588,-0.1666669,-0.1446613,-0.12459835,-0.18282999,-0.18303585,-0.23183149,-0.16869375,-0.20650083,-0.10302772,-0.09936773,-0.058144663,-0.09921512,-0.107598156,-0.1705362,-0.1978925,-0.12536043,-0.13592513,-0.15180078,-0.1713016,-0.11658599,-0.16652423,-0.17337194,-0.1509206,-0.12124001,-0.1344413,-0.10571587,-0.14782387,-0.19605464,-0.1887235,-0.2175087,-0.16107655,-0.22338755,-0.19726118,-0.29867563,-0.29210672,-0.19843757,-0.10702089,-0.09162698,-0.13691942,-0.15456793,-0.23188588,-0.19354843,-0.14647257,-0.2026537,-0.18369642,-0.18279888,-0.1977384,-0.19969553,-0.20533308,-0.15681201,-0.12548089,-0.1434948,-0.09186004,-0.09553838,-0.17076066,-0.14191413,-0.13743341,-0.1466118,-0.12719077,-0.1507452,-0.2613474,-0.22333384,-0.18869619,-0.20047067,-0.1454007,-0.14883532,-0.13060385,-0.14250296,-0.15034102,-0.16367346,-0.14619812,-0.16278498,-0.15929264,-0.14998752,-0.14646251,-0.15690984,-0.15287519,-0.22480208,-0.120334074,-0.14099687,-0.11809069,-0.16045855,-0.1737746,-0.15550968,-0.16748427,-0.11139822,-0.1388583,-0.13027036,-0.12813613,-0.15152657,-0.14170207,-0.11509233,-0.10065024,-0.09017566,-0.10515171,-0.12029015,-0.13463414,-0.15027548,-0.15966994,-0.1185138,-0.11129953,-0.1578567,-0.17738779,-0.13383046,-0.16388161,-0.25953975,-0.14834301,-0.13233396,-0.14146294,-0.15095688,-0.17780018,-0.16389218,-0.22917573,-0.09015879,-0.109540865,-0.13434279,-0.1294533,-0.13997786,-0.17328808,-0.13908121,-0.16057305,-0.12777606,-0.07092635,-0.03704006,-0.13671865,-0.16154286,-0.17830801,-0.14332479,-0.12334781,-0.1350824,-0.12023825,-0.137644,-0.25318068,-0.26654312,-0.08317704,-0.10945694,-0.14380088,-0.09238048,-0.1870473,-0.18992788,-0.15238166,-0.09003774,-0.13230102,-0.14903149,-0.14999273,-0.15867966,-0.17025556,-0.18309987,-0.08775716,-0.12368012,-0.14075914,-0.10256614,-0.17951453,-0.19495486,-0.19112891,-0.09990914,-0.13113372,-0.07997696,-0.12739307,-0.19006202,-0.19322659,-0.19141367,-0.122937016,-0.075249195,-0.09706491,-0.118341185,-0.13597903,-0.12406494,-0.121451,-0.09449482,-0.09649499,-0.10803978,-0.082459606,-0.11257082,-0.13162726,-0.16645938,-0.1410757,-0.135973,-0.18093297,-0.17825818,-0.19432113,-0.14443934,-0.15549555,-0.13518296,-0.119081676,-0.14001076,-0.19117098,-0.19134921,-0.18137172,-0.19755594,-0.25103784,-0.20219928,-0.18965647,-0.19082877,-0.18217441,-0.17370245,-0.27554205,-0.08916744,-0.11956477,-0.12713563,-0.15751183,-0.20931396,-0.18224281,-0.29657933,-0.32474133,-0.15148544,-0.3242122,-0.17325558,-0.17108874,-0.2185038,-0.17647925,-0.114121355,-0.1395008,-0.15388772,-0.15788373,-0.22984435,-0.18186735,-0.260008,-0.10422291,-0.12455491,-0.13785902,-0.123663954,-0.15189947,-0.1544924,-0.15566002,-0.14014931,-0.15141064,-0.16256168,-0.15492645,-0.15314981,-0.15275383,-0.1335819,-0.12255846,-0.14584935,-0.18958774,-0.17706926,-0.21025829,-0.3990198,-0.20343658,-0.11313707,-0.1296617,-0.11844283,-0.1472955,-0.16636807,-0.1859254,-0.1912592,-0.13100864,-0.0765589,-0.1525801,-0.13914812,-0.14106366,-0.117504895,-0.19987361,-0.1649412,-0.1582285,-0.14133045,-0.12309595,7.5013437,7.494981,7.109116,-0.10704616,-0.13074079,-0.09132757,-0.12832497,-0.12852879,-0.14907265,-0.15115334,-0.09603372,-0.08910369,-0.12381792,-0.11013077,-0.13742867,-0.15021834,-0.16992402,-0.14255592,-0.11575152,-0.17330542,-0.15136549,-0.14180286,-0.12529892,-0.1414908,-0.17466888,-0.13176009,-0.13186115,-0.14531392,-0.12267191,-0.08722703,-0.05825615,-0.14301124,-0.17082691,-0.026243303,-0.16634504,-0.2829064,-0.31316653,-0.1987636,-0.14530793,-0.14331596,-0.14862512,-0.12963767,-0.25088155,-0.19425245,-0.18828829,-0.09425071,-0.10903587,-0.10702289,-0.09362497,-0.12759323,-0.15229301,-0.15746465,-0.1669228,-0.12812386,-0.0969081,-0.16398169,-0.14285049,-0.11335766,-0.18846886,-0.1706479,-0.15365586,-0.1255182,-0.115196005,-0.112718865,-0.11662802,-0.17528763,-0.13818444,-0.13407326,-0.096878245,-0.12094068,-0.09130546,-0.12434345,-0.13496369,-0.063823454,-0.13877153,-0.11419349,-0.13321652,-0.24483351,-0.2571875,-0.29957527,-0.14600551,-0.15635288,-0.13209744,-0.19104545,-0.0782174,-0.17240036,-0.1636174,-0.09859173,-0.11065883,-0.11377926,-0.076612435,-0.083404,-0.1213824,-0.13072303,-0.13855581,-0.19385117,-0.09923541,-0.1553704,-0.19487974,-0.190792,-0.18660231,-0.11090145,-0.14239246,-0.10282336,-0.15876225,-0.19433156,-0.17256871,-0.16834348,-0.14246264,-0.14230661,-0.10173598,-0.1526856,-0.16117552,-0.18052667,-0.19501439,-0.120912254,-0.1468429,-0.11326243,-0.0796875,-0.1429308,-0.20725825,-0.16047865,-0.125103,-0.15657571,-0.15690626,-0.14337942,-0.19202894,-0.16215071,-0.18130718,-0.2963242,-0.19929524,-0.18064062,-0.1709942,-0.19290715,-0.15717849,-0.14054683,-0.12999322,-0.12557748,-0.13788304,-0.16281095,-0.30584824,-0.16647583,-0.18053877,-0.19243276,-0.11441202,-0.14977068,-0.14014623,-0.17760764,-0.1666013,-0.16401324,-0.14331086,-0.18237996,-0.12831065,-0.15282297,-0.1376631,-0.24156228,-0.17903095,-0.10300082,-0.13476168,-0.14160913,-0.17401217,-0.109921336,-0.13412,-0.15151873,-0.1596693,-0.1815112,-0.15376708,-0.14887485,-0.19184028,-0.17512277,-0.16354397,-0.14723541,-0.14623587,-0.11499533,-0.10471026,-0.13457313,-0.20148799,-0.17656532,-0.12513243,-0.16497408,-0.18041904,-0.18738703,-0.11705899,-0.17582239,-0.26031178,-0.09242818,-0.09194738,-0.11446027,-0.13566625,-0.1476288,-0.09829031,-0.18837628
k__Bacteria|p__Actinobacteria|c__Actinomycetia|o__Corynebacteriales|f__Corynebacteriaceae|g__Corynebacterium|s__Corynebacterium_propinquum,-0.1004395,-0.12316422,-0.14130268,-0.20428483,-0.16678837,-0.19255634,-0.1666669,-0.14489552,-0.1254159,-0.18304744,-0.18283157,-0.2127426,-0.16869918,-0.19905275,-0.10301432,-0.09857842,-0.058144663,-0.099549964,-0.107919835,-0.17048666,-0.1978925,-0.12536043,-0.13640901,-0.1522145,-0.1707295,-0.11658599,-0.16763604,-0.17342807,-0.1509206,-0.12124001,-0.13543619,-0.105560765,-0.14836738,-0.19383578,-0.18808389,-0.2175087,-0.16105264,-0.22338755,-0.19562882,-0.29867563,-0.29210672,-0.19579455,-0.10707624,-0.09162698,-0.13691942,-0.1548388,-0.23188588,-0.19290167,-0.14626439,-0.2026537,-0.18422833,-0.18279888,-0.19526243,-0.1954234,-0.19772841,-0.1569275,-0.1255782,-0.14344475,-0.09270957,-0.095715895,-0.17095989,-0.14243117,-0.13743341,-0.14676753,-0.12719077,-0.15149103,-0.2613474,-0.22333384,-0.18811288,-0.20047067,-0.14535263,-0.14907928,-0.13038357,-0.14224765,-0.15010759,-0.16354588,-0.14657336,-0.16278498,-0.15941116,-0.14998752,-0.14734067,-0.15679501,-0.15311827,-0.22480208,-0.120334074,-0.14147867,-0.118357666,-0.16066626,-0.17347628,-0.15546818,-0.16778144,-0.11139822,1.8077335,-0.13027036,-0.12873554,-0.15152657,-0.14319141,-0.1156361,-0.10065024,-0.09064859,-0.10538857,-0.12027211,-0.13486229,-0.15027548,-0.16017297,-0.1185138,-0.11129953,-0.1578567,-0.17738779,-0.13306093,-0.16357088,-0.25953975,-0.14866915,-0.13266802,-0.14111695,-0.15095688,-0.17780018,-0.16338032,-0.22917573,-0.09015879,-0.110759005,-0.13474375,-0.12935904,-0.13997786,-0.17336799,-0.13908121,-0.16057305,-0.12777606,-0.07092635,-0.03704006,-0.13704367,-0.16184482,-0.17842524,-0.14332479,-0.12334781,-0.13605069,-0.12023825,-0.13801184,-0.25318068,-0.26654312,-0.08381338,-0.10945694,-0.14411199,-0.09238048,-0.18735543,-0.18917182,-0.15254894,-0.09051516,-0.13230102,-0.14954418,-0.15005386,-0.1584987,-0.17004156,-0.18296061,-0.088112906,-0.123484015,-0.14076823,-0.10256614,-0.17951453,-0.19495486,-0.1898297,-0.10019788,-0.13113372,-0.0787618,-0.12751307,-0.19006202,-0.19206241,-0.19063973,-0.1234982,-0.07581028,-0.09708985,-0.11823776,-0.13639095,-0.12406494,-0.121451,-0.094415575,-0.09658593,-0.10846542,-0.082459606,-0.112632126,-0.1322254,-0.16663615,-0.1410757,-0.13655183,-0.18093297,-0.17825818,-0.19277069,-0.14436057,-0.15549555,-0.13513762,-0.119081676,-0.14001076,-0.19117098,-0.18977883,-0.18079254,-0.19755594,-0.25103784,-0.20219928,-0.19002655,-0.19047886,-0.18179834,-0.17334262,-0.27554205,-0.08916744,-0.11956477,-0.12836286,-0.15751183,-0.20931396,-0.18224281,-0.29657933,2.4096987,-0.15458396,-0.3242122,-0.17325558,-0.17108874,-0.2185038,-0.17647925,-0.114121355,-0.14004977,-0.15388772,-0.15788373,-0.22984435,-0.18186735,-0.24812584,-0.10440406,-0.12455491,-0.13856909,-0.124189526,-0.15189947,-0.15473011,-0.15587822,-0.14014931,-0.15141064,-0.16273084,-0.15525213,-0.15334079,-0.15281636,-0.13355586,-0.12328854,-0.14654908,-0.18945888,-0.17626838,-0.21025829,-0.3990198,-0.19897342,-0.11342104,-0.1296617,-0.118015684,-0.14785077,-0.16636807,-0.18596728,-0.1908434,-0.1318717,-0.077052414,-0.15269801,-0.1398168,-0.14106366,-0.11851754,-0.19987361,-0.1649412,-0.15893646,-0.14121859,-0.123474956,-0.12722544,-0.14610182,-0.2588673,-0.107336044,-0.13074079,-0.09132757,-0.12832497,-0.1291511,-0.1499382,-0.1515893,-0.096354075,-0.08910369,-0.124203235,-0.11059582,-0.13774565,-0.15074846,-0.16964878,-0.14283115,-0.11697986,-0.17345427,-0.15176585,-0.14218274,-0.12520692,-0.14185597,-0.17466888,-0.13176009,-0.13228542,-0.14552696,-0.12263738,-0.08722703,-0.05825615,-0.14338304,-0.17082691,-0.026243303,-0.16632466,-0.2829064,-0.31316653,-0.19602552,-0.14551963,-0.14331596,-0.14862512,-0.12963767,-0.25088155,-0.19222946,-0.18771039,-0.095016114,-0.10930948,-0.10702289,-0.09332798,-0.12759323,-0.15304288,-0.15746465,-0.16648638,-0.12812386,-0.0969081,-0.16398169,-0.14344317,-0.11335766,-0.18846886,-0.1706479,-0.15378386,-0.12576023,-0.115196005,-0.112751275,-0.11662802,-0.1755131,-0.13823164,-0.13399452,-0.096878245,-0.120677024,-0.09189619,-0.12434345,-0.13626155,-0.063823454,-0.13877153,-0.11419349,-0.13377616,-0.24483351,-0.2571875,-0.29957527,-0.14583954,-0.15639555,-0.13189444,-0.19104545,-0.0782174,-0.17153957,-0.16385764,-0.09859173,-0.11065883,-0.11524948,-0.076612435,-0.083404,-0.1213824,-0.13072303,-0.13855581,-0.19385117,-0.09885233,-0.15547761,-0.19487974,-0.19043547,-0.1859228,-0.111369,-0.14301156,-0.10316987,-0.15882877,-0.19283658,-0.17169032,-0.16855447,-0.14264321,-0.14211549,-0.10195735,-0.15296143,-0.16127044,-0.18046486,-0.19343811,-0.12120713,-0.14701489,-0.11419878,-0.08054438,-0.14248401,-0.20725825,-0.1606088,-0.125103,-0.15657571,-0.15690626,-0.14359267,-0.19202894,-0.16248664,-0.18153873,-0.2963242,-0.1960626,-0.18026169,-0.17109524,-0.19168483,-0.156941,-0.14054683,-0.13022125,-0.12557748,-0.1382148,-0.16284016,-0.30584824,-0.1668862,-0.18029957,-0.1920205,-0.11441202,-0.1503967,-0.14047945,-0.17755572,-0.1663885,-0.16417608,-0.14331086,-0.18237996,-0.12845834,-0.15327567,-0.13682768,-0.24156228,-0.17924473,-0.10322699,-0.13548186,-0.1415844,-0.17376176,-0.11062382,-0.13459834,-0.15185297,-0.15931351,-0.18143924,-0.15353483,-0.14867157,-0.19184028,-0.17504814,-0.16383141,-0.14723541,-0.14623587,-0.11499533,-0.10471026,-0.13488966,-0.20148799,-0.17660743,1.5717709,-0.16610521,-0.18041904,-0.18738703,-0.11705899,-0.17567095,-0.25488168,-0.092604876,-0.09244722,-0.11487821,-0.13564457,-0.14747454,-0.09867785,-0.18809828
k__Bacteria|p__Actinobacteria|c__Coriobacteriia|o__Coriobacteriales|f__Coriobacteriaceae|g__GGB9400|s__GGB9400_SGB14747,-0.1004395,-0.12316422,-0.14055479,-0.20428483,-0.16609257,-0.19194075,-0.1666669,-0.14436582,-0.124531746,-0.18248498,-0.18206269,-0.21687254,-0.16793601,-0.20089771,-0.10248162,-0.098339476,-0.058144663,-0.09919278,-0.10724473,-0.16975096,-0.1978925,-0.12536043,-0.13569024,-0.15158847,-0.17017813,-0.11658599,-0.16676939,-0.17292784,-0.1509206,-0.12124001,-0.13465205,-0.104916304,-0.14760517,-0.19353673,-0.18759726,-0.2175087,-0.16012962,-0.22338755,-0.19529165,-0.29867563,-0.29210672,-0.19572565,-0.10659554,-0.09162698,-0.13691942,-0.15416095,-0.23188588,-0.1922996,-0.1456702,-0.2026537,-0.18328601,-0.18279888,-0.1950301,-0.19536585,-0.19871372,-0.15657307,-0.12498227,-0.14285931,-0.09198491,-0.09508741,-0.1702545,-0.14168331,-0.13743341,-0.14612849,-0.12719077,-0.15062864,-0.2613474,-0.22333384,-0.1875819,-0.20047067,-0.14481455,-0.14842053,-0.1297946,-0.14166605,-0.14962345,-0.16301411,-0.14591938,-0.16278498,-0.1586571,-0.14998752,-0.14654225,-0.15609995,-0.15237153,-0.22480208,-0.120334074,-0.14078599,-0.117679894,-0.16003716,-0.1729054,-0.15474126,-0.16716696,-0.11139822,-0.1388583,-0.13027036,-0.1280024,-0.15152657,-0.14221472,-0.11500548,-0.10065024,-0.08999394,-0.10480998,-0.11968822,-0.13421023,-0.15027548,-0.15953127,-0.1185138,-0.11129953,-0.1578567,-0.17738779,-0.13262808,-0.16269435,-0.25953975,-0.14795282,-0.13193555,-0.14055932,-0.15095688,-0.17780018,-0.16261023,-0.22917573,-0.09015879,-0.10994099,-0.13404898,-0.12876716,-0.13997786,-0.17266619,-0.13908121,-0.16057305,-0.12777606,-0.07092635,-0.03704006,-0.13636276,-0.16114987,-0.17781524,-0.14332479,-0.12334781,-0.13526364,-0.12023825,-0.13739243,-0.25318068,-0.26654312,-0.08321934,-0.10945694,-0.14355874,-0.09238048,-0.18663937,-0.18870676,-0.15199563,-0.08991769,-0.13230102,-0.14879796,-0.14940205,-0.15790054,-0.16936855,-0.18239027,-0.087465085,-0.12297729,-0.14037402,-0.10256614,-0.17951453,-0.19495486,-0.189446,-0.099602655,-0.13113372,-0.07849319,-0.12686455,-0.19006202,-0.19163752,-0.1901599,-0.12296691,-0.0751459,-0.09653834,-0.117648534,-0.13575831,-0.12406494,-0.121451,-0.09394613,-0.09605418,-0.107908234,-0.082459606,-0.112068966,-0.13154978,-0.16610211,-0.1410757,-0.13574672,-0.18093297,-0.17825818,-0.1923249,-0.14367639,-0.15549555,-0.1345622,-0.119081676,-0.14001076,-0.19117098,-0.1894663,-0.18018505,-0.19755594,-0.25103784,-0.20219928,-0.1891785,-0.18974626,-0.18118925,-0.17264673,-0.27554205,-0.08916744,-0.11956477,-0.12749681,-0.15751183,-0.20931396,-0.18224281,-0.29657933,-0.32474133,-0.15304613,-0.3242122,-0.17325558,-0.17108874,-0.2185038,-0.17647925,-0.114121355,-0.13924952,-0.15388772,-0.15788373,-0.22984435,-0.18186735,-0.2499254,-0.10382045,-0.12455491,-0.13785194,-0.12349239,-0.15189947,-0.15410647,-0.15531532,-0.14014931,-0.15141064,-0.16209969,-0.1544691,-0.15266354,-0.1521408,-0.13301134,-0.12250264,-0.14565071,-0.18891399,-0.17572147,-0.21025829,-0.3990198,-0.19907953,-0.11286433,-0.1296617,-0.11756119,-0.1470985,-0.16636807,-0.18545817,-0.19022599,-0.13117808,-0.07627985,-0.15202323,-0.13906579,-0.14106366,-0.117826015,-0.19987361,-0.1649412,-0.15806288,-0.14058512,-0.122853525,-0.12722544,-0.14610182,-0.2588673,-0.106740385,-0.13074079,-0.09132757,-0.12832497,-0.12849678,-0.1491194,-0.15101498,-0.09582619,-0.08910369,-0.123584166,-0.1099233,-0.13709891,-0.14999156,-0.1691093,-0.1421573,-0.11609571,-0.17288302,-0.15105219,-0.1415771,-0.12456084,-0.14131281,-0.17466888,-0.13176009,-0.13152221,-0.14488222,-0.12210149,-0.08722703,-0.05825615,-0.1427229,-0.17082691,-0.026243303,-0.16575679,-0.2829064,-0.31316653,-0.19572584,-0.1448604,-0.14331596,-0.14862512,-0.12963767,-0.25088155,-0.19192097,-0.18714465,-0.094267376,-0.108721115,-0.10702289,-0.09283188,-0.12759323,-0.15223028,-0.15746465,-0.16592023,-0.12812386,-0.0969081,-0.16398169,-0.14285845,-0.11335766,-0.18846886,-0.1706479,-0.15307634,-0.12506905,-0.115196005,-0.11214091,-0.11662802,-0.17496392,-0.13762093,-0.13345852,-0.096878245,-0.12016563,-0.09129491,-0.12434345,-0.1355235,-0.063823454,-0.13877153,-0.11419349,-0.13306066,2.5824704,-0.2571875,4.771512,-0.14525574,-0.15575245,-0.13121071,-0.19104545,-0.0782174,-0.17098612,-0.16325188,-0.09859173,-0.11065883,-0.11447793,-0.076612435,-0.083404,-0.1213824,-0.13072303,-0.13855581,-0.19385117,-0.098322704,-0.15475045,-0.19487974,-0.18974239,-0.18537432,-0.11072068,-0.14237785,-0.102469645,-0.15823096,-0.19228642,-0.17137608,-0.16793567,-0.14199552,-0.14155269,-0.10125201,-0.15231611,-0.16059534,-0.17979176,-0.19317201,-0.12054993,-0.14645964,-0.11349487,-0.079824775,-0.14181405,-0.20725825,-0.15998447,-0.125103,-0.15657571,-0.15690626,-0.14288607,-0.19202894,-0.16168699,-0.1808538,-0.2963242,-0.19558689,-0.17955056,-0.1704837,-0.19125476,-0.15634103,-0.14054683,-0.12957731,-0.12557748,-0.13753119,-0.16225702,-0.30584824,-0.16593441,-0.17970249,-0.19133228,-0.11441202,-0.14970438,-0.13982424,-0.1769042,-0.16572104,-0.16355047,-0.14331086,-0.18237996,-0.12767431,-0.15254071,-0.13612472,-0.24156228,-0.17856455,-0.10266413,-0.13468975,-0.14096528,-0.17320608,-0.109885134,-0.1338405,-0.15132445,-0.15890676,-0.18071732,-0.1529959,-0.14801256,-0.19184028,-0.17428216,-0.16322705,-0.14723541,-0.14623587,-0.11499533,-0.10471026,-0.13416584,-0.20148799,-0.17600372,-0.12513243,-0.16536628,-0.18041904,-0.18738703,-0.11705899,-0.17515638,-0.25514904,-0.092055455,-0.09185079,-0.11416143,-0.13505667,-0.14691862,-0.0979569,-0.18758415
k__Bacteria|p__Actinobacteria|c__Coriobacteriia|o__Coriobacteriales|f__Atopobiaceae|g__Atopobium|s__Atopobium_SGB47944,-0.1004395,-0.12316422,-0.14212835,-0.20428483,-0.16707316,-0.19351201,-0.1666669,-0.14506173,-0.12510696,-0.18328361,-0.18326747,-0.22992872,-0.16915455,-0.20599473,-0.10334657,-0.099741444,-0.058144663,-0.09975661,-0.108064294,-0.17079242,-0.1978925,-0.12536043,-0.13628644,-0.15216675,-0.17155376,-0.11658599,-0.16715705,-0.17364542,-0.1509206,-0.12124001,-0.13507107,-0.1061186,-0.14842165,-0.19599563,-0.18907624,-0.2175087,-0.16117433,-0.22338755,-0.19753295,-0.29867563,-0.29210672,-0.19843465,-0.10730924,-0.09162698,-0.13691942,-0.15511027,-0.23188588,-0.19374931,-0.14662361,-0.2026537,-0.18370806,-0.18279888,-0.19779828,-0.19942713,-0.20500016,-0.15713644,-0.12586366,-0.14381981,-0.09226378,-0.09594165,-0.17109275,-0.14223766,-0.13743341,-0.14697713,-0.12719077,-0.1512132,-0.2613474,-0.22333384,-0.1887618,-0.20047067,-0.14564902,-0.14919646,-0.1310133,-0.1429173,-0.15055633,-0.16383873,-0.1464383,-0.16278498,-0.15947893,-0.14998752,-0.14711419,-0.15724988,-0.1532012,-0.22480208,-0.120334074,-0.1415308,-0.11856738,-0.1607226,-0.17393842,-0.15587184,-0.16799526,-0.11139822,-0.1388583,-0.13027036,-0.12858179,-0.15152657,-0.14234391,-0.11547576,-0.10065024,-0.090760544,-0.1055951,-0.12061612,-0.13506857,-0.15027548,-0.16013771,-0.1185138,-0.11129953,-0.1578567,-0.17738779,-0.13380621,-0.16443308,-0.25953975,-0.1487253,-0.13286692,-0.14193335,-0.15095688,-0.17780018,-0.16391793,-0.22917573,-0.09015879,-0.11023388,-0.13484162,-0.12983343,-0.13997786,-0.17374882,-0.13908121,-0.16057305,-0.12777606,-0.07092635,-0.03704006,-0.13726124,-0.16198003,-0.17867978,-0.14332479,-0.12334781,-0.1356521,-0.12023825,-0.13835712,-0.25318068,-0.26654312,-0.08368048,-0.10945694,-0.14431454,-0.09238048,-0.18758735,-0.19036284,-0.15307134,-0.09050816,-0.13230102,-0.14957672,-0.1504071,-0.1589953,-0.17053835,-0.18334664,-0.08824013,-0.12389095,-0.1412332,-0.10256614,-0.17951453,-0.19495486,-0.19107492,-0.10031207,-0.13113372,-0.080342636,-0.12804982,-0.19006202,-0.19333336,-0.19166555,-0.123319425,-0.07561744,-0.09736751,-0.118800364,-0.13657638,-0.12406494,-0.121451,-0.094826356,-0.09694359,-0.10861336,-0.082459606,-0.112998,-0.1321926,-0.16682056,-0.1410757,-0.13650921,-0.18093297,-0.17825818,-0.19440947,-0.1448724,-0.15549555,-0.13553211,-0.119081676,-0.14001076,-0.19117098,-0.19141416,-0.18153961,-0.19755594,-0.25103784,-0.20219928,-0.18996352,-0.1912098,-0.18253979,-0.17416866,-0.27554205,-0.08916744,-0.11956477,-0.1279724,-0.15751183,-0.20931396,-0.18224281,-0.29657933,-0.32474133,-0.15341043,-0.3242122,-0.17325558,-0.17108874,-0.2185038,-0.17647925,-0.114121355,-0.14005393,-0.15388772,-0.15788373,-0.22984435,-0.18186735,-0.25875905,-0.104635835,-0.12455491,-0.13845928,-0.124194026,-0.15189947,-0.15484114,-0.15592955,-0.14014931,-0.15141064,-0.16285473,-0.15530911,-0.15346166,-0.15324914,-0.13407847,-0.12311372,-0.1463072,-0.1900102,-0.17713207,-0.21025829,-0.3990198,-0.203426,-0.11354679,-0.1296617,-0.11867939,-0.14793354,-0.16636807,-0.1861997,-0.19153696,-0.1317074,-0.07694849,-0.15297526,-0.13979568,-0.14106366,-0.11796885,-0.19987361,-0.1649412,-0.15871352,-0.14180243,-0.1237106,-0.12722544,-0.14610182,-0.2588673,-0.10753316,-0.13074079,-0.09132757,-0.12832497,-0.12908885,-0.1497136,-0.15152308,-0.096445225,-0.08910369,-0.124381565,-0.11073976,-0.13794895,-0.15078315,-0.17025158,-0.14293873,-0.116416395,-0.17376867,-0.15184292,-0.14232315,-0.12570885,-0.1417607,-0.17466888,-0.13176009,-0.13229127,-0.14574069,-0.123023644,-0.08722703,-0.05825615,-0.14347067,-0.17082691,-0.026243303,-0.16682804,-0.2829064,-0.31316653,-0.19868821,-0.14568454,-0.14331596,-0.14862512,-0.12963767,-0.25088155,-0.19399096,-0.18838832,-0.09483135,-0.10938451,-0.10702289,-0.093951404,-0.12759323,-0.15291497,-0.15746465,-0.1670435,-0.12812386,-0.0969081,-0.16398169,-0.14337587,-0.11335766,-0.18846886,-0.1706479,-0.15399495,-0.12580574,-0.115196005,-0.11313287,-0.11662802,-0.175627,-0.13850492,-0.13439816,-0.096878245,-0.1213072,-0.091857836,-0.12434345,-0.1355978,-0.063823454,-0.13877153,-0.11419349,-0.13393769,-0.24483351,-0.2571875,-0.29957527,-0.14629863,-0.15673603,-0.13240291,-0.19104545,-0.0782174,-0.1723785,-0.1641981,-0.09859173,-0.11065883,-0.114409156,-0.076612435,-0.083404,-0.1213824,-0.13072303,-0.13855581,-0.19385117,-0.09938351,-0.15574232,-0.19487974,-0.1910726,-0.186896,-0.1113565,-0.14298609,-0.103006646,-0.15900391,-0.1942545,-0.17265189,-0.16909339,-0.14285935,-0.14258558,-0.10228152,-0.153269,-0.16153026,-0.18096346,-0.19524375,-0.12127493,-0.14717002,-0.113765344,-0.08019814,-0.14342919,-0.20725825,-0.16072738,-0.125103,-0.15657571,-0.15690626,-0.14371815,-0.19202894,-0.16256179,-0.18167175,-0.2963242,-0.19919015,-0.18132582,-0.17177318,-0.19326323,-0.15771525,-0.14054683,-0.1304434,-0.12557748,-0.13835739,-0.16368902,-0.30584824,-0.16683936,-0.18096511,-0.19266272,-0.11441202,-0.15050346,-0.14067322,-0.17796727,-0.16687508,-0.16435526,-0.14331086,-0.18237996,-0.12860876,-0.15342925,-0.13812734,-0.24156228,-0.17945014,-0.10342732,-0.13534132,-0.1418984,-0.1742862,-0.11048207,-0.13466115,-0.15195629,-0.1598576,-0.18186182,-0.15400755,-0.14919788,-0.19184028,-0.17540349,-0.16375756,-0.14723541,-0.14623587,-0.11499533,-0.10471026,-0.13519734,4.292117,-0.17682096,-0.12513243,-0.16567716,-0.18041904,-0.18738703,-0.11705899,-0.17585894,-0.25990975,-0.0927967,-0.092423305,-0.11499815,-0.13607937,-0.14806534,-0.09883289,-0.18876848
k__Bacteria|p__Actinobacteria|c__Actinomycetia|o__Propionibacteriales|f__Propionibacteriaceae|g__Cutibacterium|s__Cutibacterium_granulosum,-0.1004395,-0.12316422,-0.141426,-0.20428483,-0.16719928,-0.19365177,-0.1666669,-0.14547616,-0.12547086,-0.18424094,-0.18307038,-0.21756396,-0.16923814,-0.20115122,-0.103224844,-0.09883492,-0.058144663,-0.099825844,-0.107685566,-0.17143762,-0.1978925,-0.12536043,-0.1367778,-0.15302584,-0.17161348,-0.11658599,-0.16825128,-0.17481521,-0.1509206,-0.12124001,-0.13583162,-0.105375305,-0.14877492,-0.1951268,-0.18950908,-0.2175087,-0.1612841,-0.22338755,-0.19699043,-0.29867563,-0.29210672,-0.19760533,-0.1073327,1.132509,-0.13691942,-0.1552702,-0.23188588,-0.19390845,-0.14689033,-0.2026537,-0.18454027,-0.18279888,-0.19660483,-0.1967842,-0.20052138,-0.1582894,-0.12595855,-0.14406021,-0.09266448,-0.09561366,-0.17174245,-0.1430911,-0.13743341,-0.14729734,-0.12719077,-0.15178838,-0.2613474,-0.22333384,-0.18912046,-0.20047067,-0.14608301,-0.14968076,-0.13075513,-0.142731,-0.15111063,-0.1646848,-0.14757529,-0.16278498,-0.15961587,-0.14998752,-0.14783996,-0.1571501,-0.15378252,-0.22480208,-0.120334074,-0.14189251,-0.118428975,-0.16151732,-0.17452203,-0.15589957,-0.16890433,-0.11139822,-0.1388583,-0.13027036,-0.12917878,-0.15152657,-0.14352953,-0.11610081,-0.10065024,-0.09043476,-0.105510205,-0.1206245,-0.13521643,-0.15027548,-0.1611185,-0.1185138,-0.11129953,-0.1578567,-0.17738779,-0.13377203,-0.164242,-0.25953975,-0.14911862,-0.13277511,-0.14152218,-0.15095688,-0.17780018,-0.16371863,-0.22917573,-0.09015879,-0.110661514,-0.13507476,-0.12975451,-0.13997786,-0.17403874,-0.13908121,-0.16057305,-0.12777606,-0.07092635,-0.03704006,-0.13725515,-0.16262937,-0.17961794,-0.14332479,-0.12334781,-0.13625608,-0.12023825,-0.13844642,-0.25318068,-0.26654312,-0.08354592,-0.10945694,-0.1449725,-0.09238048,-0.18816957,-0.19027029,-0.15302196,-0.09029868,-0.13230102,-0.14997895,-0.15055671,-0.15920953,-0.17089425,-0.18446289,-0.08772692,-0.124075666,-0.14139488,-0.10256614,-0.17951453,4.1938825,-0.1913791,-0.10029028,-0.13113372,-0.07877238,-0.12789796,-0.19006202,-0.19332787,-0.191856,-0.12412353,-0.07531047,-0.09709549,-0.11843381,-0.13680361,-0.12406494,-0.121451,-0.09440363,-0.09646353,-0.1086355,-0.082459606,-0.11279355,-0.1326065,-0.16779211,-0.1410757,-0.13671228,-0.18093297,-0.17825818,-0.19379437,-0.14493044,-0.15549555,-0.1358335,-0.119081676,-0.14001076,-0.19117098,-0.19073972,-0.18166342,-0.19755594,-0.25103784,-0.20219928,-0.19064258,-0.1912904,-0.18270001,-0.17386024,-0.27554205,-0.08916744,-0.11956477,-0.12830222,-0.15751183,-0.20931396,-0.18224281,-0.29657933,-0.32474133,-0.15351188,-0.3242122,-0.17325558,-0.17108874,-0.2185038,-0.17647925,-0.114121355,-0.14015156,-0.15388772,-0.15788373,-0.22984435,-0.18186735,-0.2513711,-0.10440326,-0.12455491,-0.13896003,-0.12454591,-0.15189947,-0.15544574,-0.15700147,-0.14014931,-0.15141064,-0.16374926,-0.15570545,-0.15400895,-0.15341167,-0.1340411,-0.12345716,-0.14689544,-0.19063622,-0.17722932,-0.21025829,-0.3990198,-0.20074928,-0.11358763,-0.1296617,-0.1184562,-0.14842069,-0.16636807,-0.18728527,-0.19206446,-0.13216189,-0.07648736,-0.15365103,-0.14014453,-0.14106366,-0.119102664,-0.19987361,-0.1649412,-0.1591421,-0.14164643,-0.12375851,-0.12722544,-0.14610182,-0.2588673,-0.10739782,-0.13074079,-0.09132757,-0.12832497,-0.12961416,-0.15030997,-0.15255603,-0.09639867,-0.08910369,-0.12459374,-0.110582784,-0.1381218,-0.15124299,-0.17082441,-0.14339375,-0.1169202,-0.17433098,-0.15231192,-0.14271337,-0.12525326,-0.14286745,-0.17466888,-0.13176009,-0.13262463,-0.14610524,-0.123119704,-0.08722703,-0.05825615,-0.14391404,-0.17082691,-0.026243303,-0.16720338,-0.2829064,-0.31316653,-0.1974526,-0.14604473,-0.14331596,-0.14862512,-0.12963767,-0.25088155,-0.19350338,-0.18907419,-0.09480992,-0.10951555,-0.10702289,-0.09366782,-0.12759323,-0.15359512,-0.15746465,-0.16737385,-0.12812386,-0.0969081,-0.16398169,-0.14435008,-0.11335766,-0.18846886,-0.1706479,-0.15425614,-0.12611821,-0.115196005,-0.11305438,-0.11662802,-0.17666322,-0.1388287,-0.13453102,-0.096878245,-0.12100369,-0.09183262,-0.12434345,-0.1367864,-0.063823454,-0.13877153,-0.11419349,-0.13404247,-0.24483351,-0.2571875,-0.29957527,-0.14638734,-0.15695798,-0.13234934,-0.19104545,-0.0782174,-0.17247257,-0.16490772,-0.09859173,-0.11065883,-0.115557015,-0.076612435,-0.083404,-0.1213824,-0.13072303,-0.13855581,-0.19385117,-0.09877945,-0.1562166,-0.19487974,-0.19144201,-0.18720022,-0.11154468,-0.14327028,-0.1032529,-0.15993172,-0.19392818,-0.17335334,-0.16945489,-0.14311802,-0.14267898,-0.10162975,-0.15361658,-0.16190258,-0.18126407,-0.19486834,-0.12147014,-0.14777257,-0.114318416,-0.0801754,-0.14327782,-0.20725825,-0.16138515,-0.125103,-0.15657571,-0.15690626,-0.14386398,-0.19202894,-0.16317528,-0.18276931,-0.2963242,-0.19625446,-0.18119696,-0.1715483,-0.1925127,-0.15759727,-0.14054683,-0.13058126,-0.12557748,-0.13870439,-0.1635448,-0.30584824,-0.16734254,-0.1814825,-0.1929622,-0.11441202,-0.15110311,-0.14077897,-0.17843446,-0.1672762,-0.16508554,-0.14331086,-0.18237996,-0.12861377,-0.15366554,-0.13738479,-0.24156228,-0.17977671,-0.103278995,-0.13553232,-0.14224207,-0.174903,-0.110491484,-0.13489796,-0.15304378,-0.16017918,-0.18197155,-0.15452613,-0.14934152,-0.19184028,-0.17573221,-0.16500966,-0.14723541,-0.14623587,-0.11499533,-0.10471026,-0.13528484,-0.20148799,-0.17771538,-0.12513243,-0.16610259,-0.18041904,-0.18738703,-0.11705899,-0.17733249,-0.2571938,-0.092535645,-0.09234242,-0.11486926,-0.13619627,-0.1481215,-0.09841882,-0.18952632
k__Bacteria|p__Actinobacteria|c__Actinomycetia|o__Corynebacteriales|f__Corynebacteriaceae|g__Corynebacterium|s__Corynebacterium_pseudodiphtheriticum,-0.1004395,-0.12316422,-0.14146754,-0.20428483,-0.1669074,-0.19419569,-0.1666669,-0.14521599,-0.124703325,-0.18424639,-0.1841228,-0.22844794,-0.16999462,-0.20654553,-0.102726355,-0.09882964,-0.058144663,-0.09921098,-0.10722743,-0.17108658,-0.1978925,-0.12536043,-0.13630778,-0.1525926,-0.17198728,-0.11658599,-0.16760966,-0.17441961,-0.1509206,-0.12124001,-0.1349318,-0.105275765,-0.14833957,-0.19674277,-0.18987064,-0.2175087,-0.16069502,-0.22338755,-0.19771263,-0.29867563,-0.29210672,-0.19908416,-0.106798664,-0.09162698,-0.13691942,-0.15495238,-0.23188588,-0.19418855,-0.1466811,-0.2026537,-0.18388817,-0.18279888,-0.19829363,-0.19985989,-0.20506242,-0.15821108,-0.12555626,-0.14389482,-0.09158933,-0.09507727,-0.1716901,-0.1424805,-0.13743341,-0.14703703,-0.12719077,-0.15125424,-0.2613474,-0.22333384,-0.18926148,-0.20047067,-0.14589372,-0.14942816,-0.1306625,-0.14287542,-0.15117458,-0.1645349,-0.14690426,-0.16278498,-0.1594917,-0.14998752,-0.1472331,-0.15723883,-0.15338874,-0.22480208,-0.120334074,-0.14147808,-0.117972665,-0.16130471,-0.1745551,-0.15572412,-0.16856608,-0.11139822,-0.1388583,-0.13027036,-0.12851086,-0.15152657,-0.14241904,-0.11522938,-0.10065024,-0.08987425,-0.105086416,-0.12028791,-0.13488147,-0.15027548,-0.16061103,-0.1185138,-0.11129953,-0.1578567,-0.17738779,-0.13389952,-0.16400158,-0.25953975,-0.14871368,-0.13250744,-0.14170408,-0.15095688,-0.17780018,-0.16355355,-0.22917573,-0.09015879,-0.109561324,-0.13464436,-0.12967464,-0.13997786,-0.17402011,-0.13908121,1.2283213,-0.12777606,-0.07092635,-0.03704006,-0.1368475,-0.16234551,-0.17933968,-0.14332479,-0.12334781,-0.13562346,-0.12023825,-0.13831806,-0.25318068,-0.26654312,-0.08274804,-0.10945694,-0.14469641,-0.09238048,-0.18811409,-0.19081944,-0.15300348,-0.0895664,-0.13230102,-0.1495564,-0.15041417,-0.15923004,-0.17089652,-0.18443456,-0.087097615,-0.12361479,-0.14128792,-0.10256614,-0.17951453,-0.19495486,-0.19201177,-0.099579066,-0.13113372,-0.079150826,-0.12766129,-0.19006202,-0.19407268,-0.19227347,-0.12321016,-0.07455774,-0.09665998,-0.118254274,-0.1365014,-0.12406494,-0.121451,-0.093977384,-0.09612863,-0.10809711,-0.082459606,-0.11262053,-0.13217852,-0.167429,-0.1410757,-0.13611174,-0.18093297,-0.17825818,-0.19492456,-0.14468184,-0.15549555,-0.13543922,-0.119081676,-0.14001076,-0.19117098,-0.19173226,-0.18183677,-0.19755594,-0.25103784,-0.20219928,-0.19038208,-0.19149575,-0.18303788,-0.1740604,-0.27554205,-0.08916744,-0.11956477,-0.12744173,-0.15751183,-0.20931396,-0.18224281,-0.29657933,-0.32474133,-0.15152714,-0.3242122,-0.17325558,-0.17108874,-0.2185038,-0.17647925,-0.114121355,-0.13973814,-0.15388772,-0.15788373,-0.22984435,-0.18186735,-0.2590955,-0.103930056,-0.12455491,-0.1384373,-0.12391679,-0.15189947,-0.155283,-0.15645263,-0.14014931,-0.15141064,-0.16351089,-0.15532169,-0.15372583,-0.15316626,-0.13387749,-0.12280204,-0.14638145,-0.19119473,-0.1775045,-0.21025829,-0.3990198,-0.20352337,-0.11308952,-0.1296617,-0.11841818,-0.14801425,-0.16636807,-0.18723345,-0.19219677,-0.13124815,-0.076033026,-0.15328385,-0.13964528,-0.14106366,-0.11756454,-0.19987361,-0.1649412,-0.15860751,-0.1414886,-0.12342039,-0.12722544,-0.14610182,-0.2588673,-0.10673007,-0.13074079,-0.09132757,-0.12832497,-0.12905693,-0.14969729,-0.1519823,-0.09575094,-0.08910369,-0.12412516,-0.11009836,-0.13770422,-0.15081294,-0.17078552,-0.14290087,-0.11594235,-0.17424609,-0.15193161,-0.14237413,-0.12520337,-0.14219533,-0.17466888,-0.13176009,-0.13214299,-0.14589366,-0.122762755,-0.08722703,-0.05825615,-0.14345637,-0.17082691,-0.026243303,-0.16617161,-0.2829064,-0.31316653,-0.19918221,-0.14571546,-0.14331596,-0.14862512,-0.12963767,-0.25088155,-0.19452126,-0.18919033,-0.09404233,-0.10898277,-0.10702289,-0.093635,-0.12759323,-0.15290844,-0.15746465,-0.16747749,-0.12812386,-0.0969081,-0.16398169,-0.14373088,-0.11335766,-0.18846886,-0.1706479,-0.15400465,-0.12563977,-0.115196005,-0.11270647,-0.11662802,-0.17653087,-0.13847405,-0.13446724,-0.096878245,-0.12097235,-0.09115562,-0.12434345,-0.13568087,-0.063823454,-0.13877153,-0.11419349,-0.13353631,-0.24483351,-0.2571875,-0.29957527,-0.14625165,-0.15704441,-0.13214895,1.3691448,-0.0782174,-0.17280674,-0.16463384,1.0601776,3.100762,-0.114226416,-0.076612435,-0.083404,-0.1213824,-0.13072303,-0.13855581,-0.19385117,-0.09865243,-0.15561742,-0.19487974,-0.19157639,-0.18753041,-0.11078269,-0.14293683,-0.10263915,-0.15961222,-0.19489975,-0.17350058,-0.1693864,-0.1427688,-0.14259446,-0.10116692,-0.15335703,-0.16176608,-0.18131691,-0.1959512,-0.12097395,-0.14745444,-0.11333625,-0.07938123,-0.14285962,-0.20725825,-0.16085722,-0.125103,-0.15657571,-0.15690626,-0.1435235,-0.19202894,-0.16266286,-0.18256365,-0.2963242,-0.19823532,-0.18158914,-0.17187485,-0.19351968,-0.1576011,-0.14054683,-0.13014215,-0.12557748,-0.13819242,-0.16312978,-0.30584824,-0.16690233,-0.18185005,-0.19325528,-0.11441202,-0.15066671,-0.14040294,-0.17831025,-0.16717714,-0.16485423,-0.14331086,-0.18237996,-0.12798157,-0.15353134,-0.1373826,-0.24156228,-0.17954153,-0.102704525,-0.13497132,-0.14206609,-0.1748777,-0.10982227,-0.13436225,-0.15265164,-0.1602006,-0.18216747,-0.15449591,-0.1491934,-0.19184028,-0.17558745,-0.16453165,-0.14723541,-0.14623587,-0.11499533,-0.10471026,-0.13489228,-0.20148799,-0.17741863,-0.12513243,-0.16583243,-0.18041904,-0.18738703,-0.11705899,-0.1772641,-0.2612275,-0.09191171,-0.091670826,-0.11432104,-0.13601068,-0.14814089,-0.09793447,-0.18970548
k__Bacteria|p__Actinobacteria|c__Coriobacteriia|o__Eggerthellales|f__Eggerthellaceae|g__GGB9414|s__GGB9414_SGB14778,-0.1004395,-0.12316422,-0.14160876,-0.20428483,-0.166514,-0.19250865,-0.1666669,-0.14484385,-0.12498779,-0.18276224,-0.18209952,-0.2261774,-0.16887404,-0.20448714,-0.10365775,-0.100137606,-0.058144663,-0.10027688,-0.108133554,-0.17018707,-0.1978925,-0.12536043,-0.136138,-0.15190247,-0.17092553,-0.11658599,-0.16695362,-0.17325324,-0.1509206,-0.12124001,-0.13516381,-0.10622017,-0.1481969,-0.19487786,-0.18852559,-0.2175087,-0.16027498,-0.22338755,-0.19653277,-0.29867563,-0.29210672,-0.19744706,-0.10764401,-0.09162698,-0.13691942,-0.15481713,-0.23188588,-0.19304174,-0.1463457,-0.2026537,-0.18263663,-0.18279888,-0.19635996,-0.19745576,-0.20296706,-0.15724315,-0.12586385,-0.14366004,-0.0926521,-0.096176565,-0.1706238,-0.14204338,-0.13743341,-0.14672562,-0.12719077,-0.15093708,-0.2613474,-0.22333384,-0.18780954,-0.20047067,-0.14543223,-0.14895228,-0.13087673,-0.14261986,-0.15029553,-0.16336006,-0.1461252,-0.16278498,-0.15888783,-0.14998752,-0.1470097,-0.15671785,-0.15284911,-0.22480208,-0.120334074,-0.14141878,-0.11856629,-0.16039458,-0.17327803,-0.15531132,-0.16751176,-0.11139822,-0.1388583,-0.13027036,-0.12863415,-0.15152657,-0.1423699,-0.11569078,-0.10065024,-0.09117021,-0.105912626,-0.12069589,-0.13502388,-0.15027548,-0.15998214,-0.1185138,-0.11129953,-0.1578567,-0.17738779,-0.13341905,-0.16358162,-0.25953975,-0.14843777,-0.13271661,-0.14162408,-0.15095688,-0.17780018,-0.1631327,-0.22917573,-0.09015879,-0.11049388,-0.13470277,-0.1297154,-0.13997786,-0.17321333,-0.13908121,-0.16057305,-0.12777606,-0.07092635,-0.03704006,-0.13722886,-0.16167687,-0.17819959,-0.14332479,-0.12334781,-0.13571003,-0.12023825,-0.13832459,-0.25318068,-0.26654312,-0.08429617,-0.10945694,-0.14435285,-0.09238048,-0.18710044,-0.18966155,-0.15306689,-0.09101346,-0.13230102,-0.14933851,-0.15007722,-0.15855485,-0.16997208,-0.18291886,-0.08869721,-0.12388483,-0.14111249,-0.10256614,-0.17951453,-0.19495486,-0.19024795,-0.10060887,-0.13113372,-0.08055781,-0.12803309,-0.19006202,-0.19250406,-0.1909338,-0.12350454,-0.076236315,-0.097710475,-0.11880697,-0.13658187,-0.12406494,-0.121451,-0.09516376,-0.09730197,-0.109023556,-0.082459606,-0.1132046,-0.13234879,-0.16660449,-0.1410757,-0.13634387,-0.18093297,-0.17825818,-0.19342546,-0.1446804,-0.15549555,-0.13541536,-0.119081676,-0.14001076,-0.19117098,-0.19051963,-0.18065745,-0.19755594,-0.25103784,-0.20219928,-0.18927792,-0.19036403,-0.18187757,-0.17352143,-0.27554205,-0.08916744,-0.11956477,-0.12811446,-0.15751183,-0.20931396,-0.18224281,-0.29657933,-0.32474133,-0.1536838,-0.3242122,-0.17325558,-0.17108874,-0.2185038,-0.17647925,-0.114121355,-0.13988458,-0.15388772,-0.15788373,-0.22984435,-0.18186735,-0.25571206,-0.104855604,-0.12455491,-0.13845003,-0.124319874,-0.15189947,-0.15465558,-0.15580623,-0.14014931,-0.15141064,-0.16247201,-0.15488036,-0.15311712,-0.15289803,-0.13412726,-0.123163834,-0.14597952,-0.1892842,-0.17626879,-0.21025829,-0.3990198,-0.20257452,-0.11374822,-0.1296617,-0.11870106,-0.14773116,-0.16636807,-0.1856918,-0.1908024,-0.13180166,-0.07747337,-0.15274668,-0.1397993,-0.14106366,-0.118070394,-0.19987361,-0.1649412,-0.15828587,-0.14155531,-0.12384136,-0.12722544,-0.14610182,-0.2588673,-0.10776183,-0.13074079,-0.09132757,-0.12832497,-0.12921348,-0.14957666,-0.15151033,-0.09687476,-0.08910369,-0.124529764,-0.110988826,-0.1378911,-0.15057963,-0.16986841,-0.1427423,-0.116655916,-0.17331803,-0.15158236,-0.14227134,-0.12560114,-0.14154948,-0.17466888,-0.13176009,-0.13224337,-0.14553794,-0.123164326,-0.08722703,-0.05825615,-0.1433061,-0.17082691,-0.026243303,-0.16655013,3.3420174,3.2590733,-0.19762042,-0.14545037,-0.14331596,-0.14862512,-0.12963767,-0.25088155,-0.19296929,-0.1876721,-0.095236115,-0.10961984,-0.10702289,-0.09426078,-0.12759323,-0.15271933,-0.15746465,-0.16644986,-0.12812386,-0.0969081,-0.16398169,-0.14347254,-0.11335766,-0.18846886,-0.1706479,-0.1535914,-0.12580124,-0.115196005,-0.11320858,-0.11662802,-0.17536429,-0.13835746,-0.13438013,-0.096878245,-0.121361576,-0.09239511,-0.12434345,-0.13581821,-0.063823454,-0.13877153,-0.11419349,-0.13396296,-0.24483351,-0.2571875,-0.29957527,-0.14596578,-0.15635426,-0.13215649,-0.19104545,-0.0782174,-0.17171933,-0.16394046,-0.09859173,-0.11065883,-0.114840865,-0.076612435,-0.083404,-0.1213824,-0.13072303,-0.13855581,-0.19385117,-0.09953216,-0.1552614,-0.19487974,-0.19025299,-0.18622456,-0.11160885,-0.14301544,-0.10323152,-0.15866521,-0.19299477,-0.17207456,-0.16860735,-0.14267674,-0.14238626,-0.10237107,-0.15301967,-0.16107059,-0.18032508,-0.19422653,-0.12134171,-0.14704883,-0.114007145,-0.08071835,-0.14297529,-0.20725825,-0.1604285,-0.125103,-0.15657571,-0.15690626,-0.1434168,-0.19202894,-0.16212845,-0.18122248,-0.2963242,-0.19775277,-0.1807226,-0.17144775,-0.19243166,-0.15735495,-0.14054683,-0.1304191,-0.12557748,-0.13826537,-0.1633771,-0.30584824,-0.16627447,-0.18047644,-0.1918477,-0.11441202,-0.15042342,-0.14058948,-0.17733693,-0.16634879,-0.16404979,-0.14331086,-0.18237996,-0.12836361,-0.15299907,-0.13746467,-0.24156228,-0.17907494,-0.10373187,-0.1352637,-0.14172935,-0.17377585,-0.11074014,-0.13460013,-0.15178138,-0.15949088,-0.18118516,-0.15372497,-0.14881766,-0.19184028,-0.17473543,-0.16353214,-0.14723541,-0.14623587,-0.11499533,-0.10471026,-0.1350849,-0.20148799,-0.1763865,-0.12513243,-0.16535395,-0.18041904,-0.18738703,-0.11705899,-0.17547688,-0.25799972,-0.09320791,-0.09291264,-0.11512664,-0.13599753,-0.1478286,-0.09909786,-0.1880733
k__Bacteria|p__Actinobacteria|c__Actinomycetia|o__Propionibacteriales|f__Propionibacteriaceae|g__Cutibacterium|s__Cutibacterium_acnes,-0.1004395,-0.12316422,-0.14210747,-0.20428483,-0.16699699,-0.19357538,-0.1666669,-0.14485605,-0.12493199,-0.18310565,-0.18331473,-0.2314226,-0.16959096,-0.20695785,-0.103320986,-0.09992102,-0.058144663,-0.099553525,-0.107899666,-0.17065126,-0.1978925,-0.12536043,-0.1360734,-0.15189865,-0.1715403,-0.11658599,-0.1670368,-0.17351776,-0.1509206,-0.12124001,-0.134882,-0.10611762,-0.14823933,-0.19623794,-0.18909454,-0.2175087,-0.16106766,-0.22338755,-0.19776367,-0.29867563,-0.29210672,-0.19864553,-0.10727494,-0.09162698,-0.13691942,-0.1550472,-0.23188588,-0.19389397,-0.1465051,-0.2026537,-0.18354037,-0.18279888,-0.19787806,-0.19965139,-0.20528954,-0.1571653,-0.12571888,-0.14374292,-0.091990426,-0.09577068,-0.17094277,-0.14200623,-0.13743341,-0.14685152,-0.12719077,-0.15113252,-0.2613474,-0.22333384,-0.18872331,-0.20047067,-0.14548448,-0.14907253,-0.13089736,-0.14279942,-0.15032247,-0.16364339,-0.1461906,-0.16278498,-0.15947586,-0.14998752,-0.14690194,-0.15715933,-0.15302438,-0.22480208,-0.120334074,-0.14138666,-0.11839966,-0.1605401,-0.17377537,-0.1557698,-0.16780148,-0.11139822,-0.1388583,-0.13027036,-0.12836382,-0.15152657,-0.14207737,-0.11530785,-0.10065024,-0.09064521,-0.10548815,-0.1205274,-0.13493218,-0.15027548,-0.15999061,-0.1185138,-0.11129953,-0.1578567,-0.17738779,-0.13370143,-0.16423747,-0.25953975,-0.14860761,-0.13276221,-0.14182782,-0.15095688,-0.17780018,-0.16394193,-0.22917573,-0.09015879,-0.1099829,-0.13466027,-0.12971905,-0.13997786,-0.17372152,-0.13908121,-0.16057305,-0.12777606,-0.07092635,-0.03704006,-0.13716981,-0.1618042,-0.17858085,-0.14332479,-0.12334781,-0.13555089,-0.12023825,-0.13812408,-0.25318068,-0.26654312,-0.08352333,-0.10945694,-0.14415339,-0.09238048,-0.18754372,-0.19038445,-0.15308505,-0.09037001,-0.13230102,-0.14942895,-0.150306,-0.15890524,-0.17047305,-0.1832206,-0.08814724,-0.12382311,-0.14118978,-0.10256614,-0.17951453,-0.19495486,-0.19111873,-0.10009011,-0.13113372,-0.080217384,-0.12789935,-0.19006202,-0.19341402,-0.19169176,-0.12309033,-0.07554385,-0.097295344,-0.11873013,-0.13644442,-0.12406494,-0.121451,-0.09472953,-0.09690598,-0.10854116,-0.082459606,-0.11292429,-0.13206598,-0.1667279,-0.1410757,-0.13635203,-0.18093297,4.3208313,-0.19458659,-0.14480129,-0.15549555,-0.13538569,-0.119081676,-0.14001076,-0.19117098,-0.19162413,-0.18152736,-0.19755594,-0.25103784,-0.20219928,-0.18987097,-0.19120365,-0.18254294,-0.17415884,-0.27554205,-0.08916744,-0.11956477,-0.12776051,-0.15751183,-0.20931396,-0.18224281,-0.29657933,-0.32474133,-0.15352824,-0.3242122,-0.17325558,-0.17108874,-0.2185038,-0.17647925,-0.114121355,-0.13994867,-0.15388772,-0.15788373,-0.22984435,-0.18186735,-0.26026523,-0.10448988,-0.12455491,-0.13828507,-0.124002814,-0.15189947,-0.1546736,-0.15575922,-0.14014931,-0.15141064,-0.16262686,-0.1551654,-0.15328962,-0.15315251,-0.1340752,-0.122880675,-0.1461319,-0.18983299,-0.17707911,-0.21025829,-0.3990198,-0.20437306,-0.11342316,-0.1296617,-0.11860265,-0.14770627,-0.16636807,-0.18608208,-0.19155742,-0.13153432,-0.07683165,-0.15280208,-0.13965555,-0.14106366,-0.117588416,-0.19987361,-0.1649412,-0.15861385,-0.14172411,-0.12360599,-0.12722544,-0.14610182,-0.2588673,-0.10738753,-0.13074079,-0.09132757,-0.12832497,-0.12884204,-0.14951259,-0.15137228,-0.096319795,-0.08910369,-0.12424061,-0.11061026,-0.13783187,-0.15062143,-0.1702027,-0.1427479,-0.116182424,-0.17366928,-0.15168412,-0.14215782,-0.12562206,-0.14153618,-0.17466888,-0.13176009,-0.13212566,-0.14562787,-0.12295908,-0.08722703,-0.05825615,-0.1432918,-0.17082691,-0.026243303,-0.16703789,-0.2829064,-0.31316653,-0.19909501,-0.1455319,-0.14331596,-0.14862512,-0.12963767,2.7571983,-0.19419333,-0.18833877,-0.094586186,-0.10927273,-0.10702289,-0.09378028,-0.12759323,-0.1527665,-0.15746465,-0.16703057,-0.12812386,-0.0969081,-0.16398169,-0.14319065,-0.11335766,-0.18846886,-0.1706479,-0.15388528,-0.12567428,-0.115196005,-0.112977654,-0.11662802,-0.17560872,-0.13835768,-0.13433783,-0.096878245,-0.121300414,-0.09168039,-0.12434345,-0.1353609,-0.063823454,-0.13877153,-0.11419349,-0.13374704,-0.24483351,-0.2571875,-0.29957527,-0.14617692,-0.15663314,-0.13222355,-0.19104545,-0.0782174,-0.17237489,-0.16410339,-0.09859173,-0.11065883,-0.11412569,-0.076612435,-0.083404,-0.1213824,-0.13072303,3.1946166,-0.19385117,-0.099261925,-0.15554044,-0.19487974,-0.19106379,-0.18692945,-0.111174226,-0.1429212,-0.10282736,-0.15877676,-0.19433334,-0.17252569,-0.16900912,-0.14273363,-0.14254695,-0.10214949,-0.15310676,-0.16147044,-0.1809376,-0.19541699,-0.12109318,-0.14705104,-0.11359318,-0.07999562,-0.14319123,-0.20725825,-0.16063124,-0.125103,-0.15657571,-0.15690626,-0.14366837,-0.19202894,-0.1624161,-0.18152495,-0.2963242,-0.19984643,-0.1813658,-0.1718328,-0.19337584,-0.15768278,-0.14054683,-0.13030055,-0.12557748,-0.13823327,-0.16362822,-0.30584824,-0.16668649,-0.18090059,-0.19274628,-0.11441202,-0.15028438,-0.14059684,-0.17786987,-0.1667747,-0.16429093,-0.14331086,-0.18237996,-0.12847632,-0.1532734,-0.13788417,-0.24156228,-0.17956123,-0.10327431,-0.1352216,-0.14174223,-0.17417103,-0.11033474,-0.13448748,-0.15174612,-0.15980488,-0.18189591,-0.15385681,-0.14904365,-0.19184028,-0.17531447,-0.16360776,-0.14723541,-0.14623587,-0.11499533,-0.10471026,-0.1349985,-0.20148799,-0.17670703,-0.12513243,-0.1658046,-0.18041904,-0.18738703,-0.11705899,-0.17564993,-0.260836,-0.09271209,-0.09229598,-0.11487128,-0.13597342,-0.14798087,-0.09867339,-0.18871127
k__Bacteria|p__Actinobacteria|c__Actinomycetia|o__Corynebacteriales|f__Corynebacteriaceae|g__Corynebacterium|s__Corynebacterium_variabile,-0.1004395,-0.12316422,-0.14181632,-0.20428483,-0.16686895,-0.19328758,-0.1666669,-0.14496079,-0.124953575,-0.18317774,-0.18302052,-0.2268795,-0.16847543,-0.20456842,-0.10300714,-0.09928663,-0.058144663,-0.09971794,-0.10789205,-0.17068961,-0.1978925,-0.12536043,-0.13622025,-0.15215468,-0.17122425,-0.11658599,-0.16734912,-0.17353298,-0.1509206,-0.12124001,-0.135129,-0.10565114,-0.14848399,-0.19514078,-0.18888143,-0.2175087,-0.16078146,-0.22338755,-0.19685757,-0.29867563,-0.29210672,-0.19779603,-0.10694435,-0.09162698,-0.13691942,-0.15507782,-0.23188588,-0.19360304,-0.1463382,-0.2026537,-0.18336579,-0.18279888,-0.19709584,-0.19850707,-0.20358002,-0.15658492,-0.12566125,-0.14358208,-0.09218588,-0.0956137,-0.17096114,-0.14223403,-0.13743341,-0.14684993,-0.12719077,-0.1511429,-0.2613474,-0.22333384,-0.18838537,-0.20047067,-0.14544757,-0.14901721,-0.13076888,-0.14268032,-0.15027726,-0.16354984,-0.14622502,-0.16278498,-0.1593037,-0.14998752,-0.14710414,-0.15710282,-0.15316167,-0.22480208,-0.120334074,-0.14148554,-0.11841378,-0.16055672,-0.1736389,-0.15587723,-0.16802536,-0.11139822,-0.1388583,-0.13027036,-0.12841797,-0.15152657,-0.14254043,-0.11529116,-0.10065024,-0.09045489,-0.105270356,-0.12023223,-0.13488609,-0.15027548,-0.16008627,-0.1185138,-0.11129953,-0.1578567,-0.17738779,-0.13355693,-0.16421703,-0.25953975,-0.14860818,-0.13278276,-0.1417936,-0.15095688,-0.17780018,-0.1636166,-0.22917573,-0.09015879,-0.110343695,-0.13477528,-0.12957078,-0.13997786,-0.17373003,-0.13908121,-0.16057305,-0.12777606,-0.07092635,-0.03704006,-0.13715227,-0.16195029,-0.17864674,-0.14332479,-0.12334781,-0.13560978,-0.12023825,-0.1383259,-0.25318068,-0.26654312,-0.08353593,-0.10945694,-0.14420477,-0.09238048,-0.18775377,-0.19022202,-0.15317944,-0.09035159,-0.13230102,-0.14955774,-0.1502789,-0.15880911,-0.17031342,-0.1831433,-0.0880851,-0.12363067,-0.14105935,-0.10256614,-0.17951453,-0.19495486,-0.19062495,-0.10012254,-0.13113372,-0.0798529,-0.12768233,-0.19006202,-0.19291629,-0.19151498,-0.12329568,-0.075284,-0.09703922,-0.11846496,-0.13651569,-0.12406494,-0.121451,-0.094573624,-0.09660205,-0.10847479,-0.082459606,-0.1126796,-0.13205326,-0.16668737,-0.1410757,-0.13645063,-0.18093297,-0.17825818,-0.19401214,-0.14465345,-0.15549555,-0.13531074,-0.119081676,-0.14001076,-0.19117098,-0.19106494,-0.18146928,-0.19755594,-0.25103784,-0.20219928,-0.19014171,-0.19110194,-0.18237868,-0.17410225,1.1314603,-0.08916744,-0.11956477,-0.12811154,-0.15751183,-0.20931396,-0.18224281,-0.29657933,-0.32474133,-0.15570177,-0.3242122,-0.17325558,-0.17108874,-0.2185038,-0.17647925,-0.114121355,-0.14002168,-0.15388772,-0.15788373,-0.22984435,-0.18186735,-0.25574994,-0.10443701,-0.12455491,-0.13843873,-0.12402448,-0.15189947,-0.15475467,-0.1557327,-0.14014931,-0.15141064,-0.16267975,-0.15519531,-0.15338688,-0.15315661,-0.13387178,-0.122996435,-0.14611673,-0.18994087,-0.17688546,-0.21025829,-0.3990198,-0.20325434,-0.11334057,-0.1296617,-0.118239924,-0.1478685,-0.16636807,-0.18611942,-0.19126509,-0.13190159,-0.07654953,-0.15272877,-0.1397469,-0.14106366,-0.118138455,-0.19987361,-0.1649412,-0.15878984,-0.14182186,-0.12354903,-0.12722544,-0.14610182,-0.2588673,-0.107407585,-0.13074079,-0.09132757,-0.12832497,-0.12902752,-0.14978786,-0.15145871,-0.09622531,-0.08910369,-0.124274924,-0.110527694,-0.13793018,-0.15075344,-0.17007557,-0.14282951,-0.11648399,-0.17381574,-0.15180048,-0.14231335,-0.12550661,-0.14160031,-0.17466888,-0.13176009,-0.13220397,-0.1455616,-0.12277277,-0.08722703,-0.05825615,-0.14345941,-0.17082691,-0.026243303,-0.16686314,-0.2829064,-0.31316653,-0.1986713,-0.14554912,-0.14331596,-0.14862512,-0.12963767,-0.25088155,-0.19338143,-0.18815255,-0.09476043,-0.10909891,-0.10702289,-0.09346487,-0.12759323,-0.15305462,-0.15746465,-0.16668011,-0.12812386,-0.0969081,-0.16398169,-0.14328785,-0.11335766,-0.18846886,-0.1706479,-0.15389153,-0.12566194,-0.115196005,-0.11284748,-0.11662802,-0.17553335,-0.13829184,-0.13406453,-0.096878245,-0.12097972,-0.09162332,-0.12434345,-0.13578308,-0.063823454,-0.13877153,-0.11419349,-0.13397174,-0.24483351,-0.2571875,-0.29957527,-0.14606898,-0.15660152,-0.13209653,-0.19104545,-0.0782174,-0.17218933,-0.16410562,-0.09859173,-0.11065883,-0.114513144,-0.076612435,-0.083404,-0.1213824,-0.13072303,-0.13855581,-0.19385117,-0.099078685,-0.15559743,-0.19487974,-0.1909058,-0.18669231,-0.11118816,-0.14312047,-0.1026351,-0.15868418,-0.19360146,-0.17245075,-0.168954,-0.14272317,-0.14231402,-0.102155745,-0.15327689,-0.16132246,-0.18096347,-0.19478977,-0.12105073,-0.14698374,-0.11367875,-0.079984665,-0.14326933,-0.20725825,-0.16064234,-0.125103,-0.15657571,-0.15690626,-0.14359178,-0.19202894,-0.16250096,-0.18163607,-0.2963242,-0.19863729,-0.181283,-0.17164762,-0.19315073,-0.15762058,-0.14054683,-0.13028273,-0.12557748,-0.13826445,-0.16385657,-0.30584824,-0.16719332,-0.18064958,-0.1923392,-0.11441202,-0.15054503,-0.14054161,-0.17798772,-0.16668656,-0.16417547,-0.14331086,-0.18237996,-0.12841032,-0.15353724,-0.13787958,-0.24156228,-0.17947598,-0.103222735,-0.13540739,-0.14168051,-0.17399451,-0.11043865,-0.13464561,-0.1518062,-0.15959547,-0.18180245,-0.15384915,-0.14883763,-0.19184028,-0.17531386,-0.16366729,-0.14723541,-0.14623587,-0.11499533,-0.10471026,-0.13513267,-0.20148799,-0.17671683,-0.12513243,-0.1658991,-0.18041904,-0.18738703,-0.11705899,-0.1757265,-0.25780195,-0.09251714,-0.09222436,-0.11483151,-0.13583824,-0.14787732,-0.098643646,-0.18860543
k__Bacteria|p__Actinobacteria|c__Coriobacteriia|o__Coriobacteriales|f__Coriobacteriaceae|g__Collinsella|s__Collinsella_SGB47518,-0.1004395,-0.12316422,-0.14300503,-0.20428483,-0.16744429,-0.19368295,-0.1666669,-0.14538822,-0.12585343,-0.18335934,-0.18414098,-0.23548795,-0.16945615,-0.20827663,-0.104156926,-0.1009008,-0.058144663,-0.10027448,-0.1087905,-0.1708971,-0.1978925,-0.12536043,-0.1364914,-0.15216507,-0.17182991,-0.11658599,-0.16749287,-0.17367457,-0.1509206,-0.12124001,-0.13548708,-0.10718237,-0.14890602,-0.19658124,-0.1893493,-0.2175087,-0.16140598,-0.22338755,-0.19811776,-0.29867563,-0.29210672,-0.19907285,-0.107841566,-0.09162698,-0.13691942,-0.1556325,-0.23188588,-0.19394627,-0.14691707,-0.2026537,-0.18384832,-0.18279888,-0.19880828,-0.20074514,-0.20693694,-0.15639892,-0.12635092,-0.14407489,-0.09265904,-0.096583575,-0.17107724,-0.1423156,-0.13743341,-0.14729968,-0.12719077,-0.15143469,-0.2613474,-0.22333384,-0.18885104,-0.20047067,-0.14575773,-0.14943933,-0.13165076,-0.14336506,-0.15029857,-0.16363329,-0.1462242,-0.16278498,-0.15995371,-0.14998752,-0.14734966,-0.15774152,-0.15339595,-0.22480208,-0.120334074,-0.1418936,-0.11920151,-0.16053647,-0.17386532,-0.15652937,-0.16813724,-0.11139822,-0.1388583,-0.13027036,-0.1287991,-0.15152657,-0.14266047,-0.11589348,-0.10065024,-0.09173027,-0.106162906,-0.12099856,-0.13537721,-0.15027548,-0.16026984,-0.1185138,-0.11129953,-0.1578567,-0.17738779,-0.1340803,-0.16522458,-0.25953975,-0.1490731,-0.13370642,-0.14267455,-0.15095688,-0.17780018,-0.16428033,-0.22917573,-0.09015879,-0.11081305,-0.13539767,-0.13040228,-0.13997786,-0.17428139,-0.13908121,-0.16057305,-0.12777606,-0.07092635,-0.03704006,-0.13770123,-0.16215406,-0.17874867,-0.14332479,-0.12334781,-0.13611875,-0.12023825,-0.1388107,-0.25318068,-0.26654312,-0.08446416,-0.10945694,-0.14446726,-0.09238048,-0.1878564,-0.1910244,-0.15400048,-0.0912458,-0.13230102,-0.14999336,-0.15091598,-0.15934838,-0.17080389,-0.18299684,-0.08918764,-0.12431501,-0.14181513,-0.10256614,-0.17951453,-0.19495486,-0.19105205,-0.10093603,-0.13113372,-0.08160907,-0.12852949,-0.19006202,-0.19368397,-0.19197625,-0.123482406,-0.07647437,-0.09800865,-0.11955646,-0.13712806,-0.12406494,-0.121451,-0.09561648,-0.09781146,-0.10938811,-0.082459606,-0.11361517,-0.13252829,-0.16677132,-0.1410757,-0.13712636,-0.18093297,-0.17825818,-0.19496354,-0.14535263,-0.15549555,-0.13588452,-0.119081676,-0.14001076,-0.19117098,-0.19208814,-0.1821803,-0.19755594,-0.25103784,-0.20219928,-0.1901862,-0.19178429,-0.18303312,-0.17486912,-0.27554205,-0.08916744,-0.11956477,-0.12873861,-0.15751183,-0.20931396,-0.18224281,-0.29657933,-0.32474133,-0.15568101,-0.3242122,-0.17325558,-0.17108874,-0.2185038,-0.17647925,-0.114121355,-0.14076051,-0.15388772,-0.15788373,-0.22984435,-0.18186735,-0.262376,-0.10534388,-0.12455491,-0.13893265,-0.12462598,-0.15189947,-0.1548132,-0.15576577,-0.14014931,-0.15141064,-0.16272226,-0.1556113,-0.15369582,-0.15383339,-0.13484013,-0.123597436,-0.14667359,-0.19018823,-0.17768866,-0.21025829,2.177763,-0.20541897,-0.11410791,-0.1296617,-0.11916003,-0.1482877,-0.16636807,-0.18599153,-0.1918133,-0.13236451,-0.0777788,-0.15295765,-0.14031811,-0.14106366,-0.11820869,-0.19987361,-0.1649412,-0.15927844,-0.14263804,-0.12441173,-0.12722544,-0.14610182,-0.2588673,-0.10825786,-0.13074079,-0.09132757,-0.12832497,-0.1293917,-0.15007171,-0.15152752,-0.097119994,-0.08910369,-0.12492262,-0.11147377,-0.13844746,-0.15119678,-0.17038603,-0.14325947,-0.11698172,-0.17398448,-0.15230389,-0.14262003,-0.12652138,-0.141565,-0.17466888,-0.13176009,-0.13268352,-0.14605418,-0.12361024,-0.08722703,-0.05825615,-0.14385664,-0.17082691,-0.026243303,-0.16751823,-0.2829064,-0.31316653,-0.2000597,-0.14594668,-0.14331596,-0.14862512,-0.12963767,-0.25088155,-0.19424963,-0.1883409,-0.095570564,-0.109826684,-0.10702289,-0.094449654,-0.12759323,-0.153345,-0.15746465,-0.16727948,-0.12812386,-0.0969081,-0.16398169,-0.14336064,-0.11335766,-0.18846886,-0.1706479,-0.15435484,-0.12621686,-0.115196005,-0.113690436,-0.11662802,-0.17556539,-0.13882323,-0.13472612,-0.096878245,-0.12204066,-0.09247537,-0.12434345,-0.13577645,-0.063823454,-0.13877153,-0.11419349,-0.13444778,-0.24483351,-0.2571875,-0.29957527,-0.14663978,-0.15705869,-0.13287592,-0.19104545,-0.0782174,-0.17262922,-0.16450423,-0.09859173,-0.11065883,-0.11459874,-0.076612435,-0.083404,-0.1213824,-0.13072303,-0.13855581,-0.19385117,-0.099965915,-0.15595587,-0.19487974,-0.19155613,-0.18729162,-0.11188541,-0.14349988,-0.10326569,-0.15866533,-0.1946388,-0.17256942,-0.16964567,-0.14326215,-0.1429671,-0.10341002,-0.15375866,-0.16187423,-0.18158758,-0.19590564,-0.12160025,-0.14725527,-0.11433025,-0.08093431,-0.14402565,-0.20725825,-0.16094437,-0.125103,-0.15657571,-0.15690626,-0.14423028,-0.19202894,-0.16284639,-0.18155348,-0.2963242,-0.20132256,-0.18238221,-0.17269495,-0.19417429,-0.15850243,-0.14054683,-0.1309461,-0.12557748,-0.1389085,-0.16462588,-0.30584824,-0.16756767,-0.18109697,-0.19305277,-0.11441202,-0.1507978,-0.14115217,-0.17827041,-0.16712299,-0.16444404,-0.14331086,-0.18237996,-0.12928748,-0.15398674,-0.13911995,-0.24156228,-0.1800198,-0.104089186,-0.13592267,-0.14213005,-0.17418754,-0.11121683,-0.13516477,-0.15182647,-0.15999085,-0.18249531,-0.15403172,-0.1493669,-0.19184028,-0.17567639,-0.16355208,-0.14723541,-0.14623587,-0.11499533,-0.10471026,-0.13569182,-0.20148799,-0.17674744,-0.12513243,-0.16652687,-0.18041904,-0.18738703,-0.11705899,-0.17516337,-0.26130906,-0.09358683,-0.09311752,-0.11569202,-0.1364973,-0.1485471,-0.0996841,-0.18873817
k__Bacteria|p__Actinobacteria|c__Actinomycetia|o__Bifidobacteriales|f__Bifidobacteriaceae|g__Bifidobacterium|s__Bifidobacterium_pullorum,-0.1004395,-0.12316422,-0.1418242,-0.20428483,-0.1669795,-0.19417727,-0.1666669,-0.14548413,-0.12489159,-0.18428823,-0.18290451,-0.2294113,-0.16878755,-0.205339,-0.10305662,-0.099231996,-0.058144663,-0.09962942,-0.107722074,-0.17135721,-0.1978925,-0.12536043,-0.1365434,-0.15281618,-0.17199373,-0.11658599,-0.1673029,-0.17448102,-0.1509206,-0.12124001,-0.1350771,-0.10551461,-0.1484386,-0.19642898,-0.1896191,-0.2175087,-0.16134104,-0.22338755,-0.19769733,-0.29867563,-0.29210672,-0.19877699,-0.107180476,-0.09162698,-0.13691942,-0.15507677,-0.23188588,-0.19384864,-0.1468392,-0.2026537,-0.18411458,-0.18279888,-0.19818091,-0.19974047,-0.20548278,-0.1580003,-0.12592275,-0.14404726,-0.09230682,-0.09577508,-0.17165244,-0.14282806,-0.13743341,-0.14720303,-0.12719077,-0.15141273,-0.2613474,1.2938322,-0.18919781,-0.20047067,-0.14616758,-0.14948264,-0.13094914,-0.14300977,-0.15146878,-0.16479607,-0.14729346,-0.16278498,-0.15949687,-0.14998752,-0.14725357,-0.15734473,-0.15359083,-0.22480208,-0.120334074,-0.14159814,-0.1184278,-0.16145879,-0.17473423,-0.15586132,-0.16851442,-0.11139822,-0.1388583,-0.13027036,-0.12879115,-0.15152657,-0.14238831,-0.11567276,-0.10065024,-0.09026186,-0.105475426,-0.12068968,-0.13514504,-0.15027548,-0.16062182,-0.1185138,-0.11129953,-0.1578567,-0.17738779,-0.13446383,-0.16448362,1.2834489,-0.14892322,-0.13255733,-0.14187583,-0.15095688,-0.17780018,-0.16382875,-0.22917573,-0.09015879,-0.10992964,-0.13489427,-0.12989144,-0.13997786,-0.17380184,-0.13908121,-0.16057305,-0.12777606,-0.07092635,-0.03704006,-0.13695517,-0.16234729,-0.17929807,-0.14332479,-0.12334781,-0.13556147,-0.12023825,-0.1384294,-0.25318068,-0.26654312,-0.08324413,-0.10945694,-0.14470148,-0.09238048,-0.18773702,-0.19041023,-0.15255257,-0.09006342,-0.13230102,-0.14964682,-0.15050542,-0.15935671,-0.17088988,-0.1844463,-0.08760692,-0.124145806,-0.14136454,-0.10256614,-0.17951453,-0.19495486,-0.19207212,-0.10019374,-0.13113372,-0.07992662,-0.12793231,-0.19006202,-0.19375835,-0.19207011,-0.123725764,-0.075082436,-0.09718282,-0.118574955,-0.13655356,-0.12406494,-0.121451,-0.09452417,-0.09646126,-0.10825428,-0.082459606,-0.11282446,-0.13214457,-0.16745648,-0.1410757,-0.13640502,-0.18093297,-0.17825818,-0.19462642,-0.14480747,-0.15549555,-0.13586673,-0.119081676,-0.14001076,-0.19117098,-0.19148882,-0.18181294,-0.19755594,-0.25103784,-0.20219928,-0.1899645,-0.19125983,-0.18273878,-0.17388882,-0.27554205,-0.08916744,-0.11956477,-0.12745363,-0.15751183,-0.20931396,-0.18224281,-0.29657933,-0.32474133,-0.15105984,-0.3242122,-0.17325558,-0.17108874,-0.2185038,-0.17647925,-0.114121355,-0.13977963,-0.15388772,-0.15788373,-0.22984435,-0.18186735,-0.25819862,-0.10438183,-0.12455491,-0.13847518,-0.12419583,-0.15189947,-0.1553157,-0.15662892,-0.14014931,-0.15141064,-0.16369301,-0.15550345,-0.1539183,-0.15323614,-0.13389611,-0.123133436,-0.14643762,-0.19090807,-0.177324,-0.21025829,-0.3990198,-0.20226306,-0.113416925,-0.1296617,-0.11876792,-0.14811075,-0.16636807,-0.18705368,-0.1920157,-0.13142598,-0.076518804,-0.15355429,-0.13970678,-0.14106366,-0.11840043,-0.19987361,-0.1649412,-0.1585626,-0.14164057,-0.123444125,-0.12722544,-0.14610182,-0.2588673,-0.10721773,-0.13074079,-0.09132757,-0.12832497,-0.1292826,-0.14963138,-0.15211515,-0.09622033,-0.08910369,-0.12433139,-0.11033118,-0.13787182,-0.15078607,-0.17084554,-0.14318845,-0.11610589,-0.1741768,-0.15188317,-0.1424424,-0.12538692,-0.1424602,-0.17466888,-0.13176009,-0.13241145,-0.1459516,-0.12305652,-0.08722703,-0.05825615,-0.14371917,-0.17082691,-0.026243303,-0.16631356,-0.2829064,-0.31316653,-0.19869244,-0.14596352,-0.14331596,-0.14862512,-0.12963767,-0.25088155,-0.19442472,-0.18920359,-0.09450093,-0.109443076,-0.10702289,-0.094262764,-0.12759323,-0.15295827,-0.15746465,-0.16762666,-0.12812386,-0.0969081,-0.16398169,-0.14383626,-0.11335766,-0.18846886,-0.1706479,-0.1541328,-0.12599874,-0.115196005,-0.11320853,-0.11662802,-0.17630456,-0.13878933,-0.13458617,-0.096878245,-0.12113392,-0.091597944,-0.12434345,-0.13580392,-0.063823454,-0.13877153,-0.11419349,-0.13381137,-0.24483351,-0.2571875,-0.29957527,-0.14653124,-0.15705012,-0.13256754,-0.19104545,-0.0782174,-0.17288575,-0.16455962,-0.09859173,-0.11065883,-0.11453343,-0.076612435,-0.083404,-0.1213824,-0.13072303,-0.13855581,-0.19385117,-0.09928903,-0.15610176,-0.19487974,-0.19134544,-0.18736008,-0.11120665,-0.14276318,-0.10314245,-0.16004978,-0.19488579,-0.17372668,-0.16901878,-0.1429638,-0.142775,-0.101616204,-0.15340388,-0.1618289,-0.18105328,-0.19547877,-0.12135841,-0.14762682,-0.113615215,-0.07986458,-0.1436295,-0.20725825,-0.16100721,-0.125103,-0.15657571,-0.15690626,-0.14369154,-0.19202894,-0.16276698,-0.18249518,-0.2963242,-0.19773018,-0.18107925,-0.17122853,-0.1929952,-0.15747245,-0.14054683,-0.13039088,-0.12557748,-0.13833012,-0.16320443,-0.30584824,-0.16682984,-0.18151271,-0.1930205,-0.11441202,-0.15067297,-0.14049922,-0.17833287,-0.16729026,-0.16487464,-0.14331086,-0.18237996,-0.1284281,-0.15350051,-0.13818696,-0.24156228,-0.17905189,-0.1032002,-0.13506806,-0.14231974,-0.17496619,-0.110066414,-0.13451415,-0.15272146,-0.16040318,-0.18177065,-0.15468717,-0.14953364,-0.19184028,-0.17559645,-0.1646313,-0.14723541,-0.14623587,-0.11499533,-0.10471026,-0.1352061,-0.20148799,-0.17744839,-0.12513243,-0.16523893,-0.18041904,-0.18738703,-0.11705899,-0.17755745,-0.25996023,-0.0924318,-0.092091665,-0.11466138,-0.13621904,-0.14818722,-0.0983001,-0.18948127
k__Bacteria|p__Actinobacteria|c__Actinomycetia|o__Propionibacteriales|f__Propionibacteriaceae|g__Cutibacterium|s__Cutibacterium_avidum,-0.1004395,-0.12316422,-0.14228603,-0.20428483,-0.16668046,-0.19324219,-0.1666669,-0.14425424,-0.125074,-0.18261027,-0.18302852,-0.22770172,-0.17003953,-0.2042616,-0.10281382,-0.099139035,-0.058144663,-0.09866473,-0.107604355,-0.17046803,-0.1978925,-0.12536043,-0.13556032,-0.15118545,-0.17102593,-0.11658599,-0.16677651,-0.17283392,4.0017505,-0.12124001,-0.13458937,-0.10591421,-0.14803573,-0.19573972,-0.18865529,-0.2175087,-0.16107866,-0.22338755,-0.1975179,-0.29867563,-0.29210672,-0.19821955,-0.10667376,-0.09162698,-0.13691942,-0.15483174,-0.23188588,-0.19359499,-0.1461853,-0.2026537,-0.1835989,-0.18279888,-0.1972571,-0.19900906,-0.20423216,-0.15653688,-0.12524736,-0.14319837,-0.09143162,-0.095370345,-0.17043567,-0.14141966,-0.13743341,-0.14637306,-0.12719077,-0.15114704,-0.2613474,-0.22333384,-0.18832767,-0.20047067,-0.14476831,-0.14854518,-0.13049294,-0.14232747,-0.14945441,-0.16274776,-0.1456793,-0.16278498,-0.1590606,-0.14998752,-0.14653009,-0.15687141,-0.15267809,-0.22480208,-0.120334074,-0.14103332,-0.1181008,-0.1598674,-0.17320861,-0.1555696,-0.16742334,-0.11139822,-0.1388583,-0.13027036,-0.12805787,-0.15152657,-0.1420202,-0.11482443,4.9565682,-0.09034787,-0.10504769,-0.12005673,-0.13454619,-0.15027548,-0.15945834,-0.1185138,-0.11129953,-0.1578567,-0.17738779,-0.13279717,-0.1646754,-0.25953975,-0.14829955,-0.13255733,-0.14146543,-0.15095688,-0.17780018,-0.1641027,-0.22917573,-0.09015879,-0.10980179,-0.13431731,-0.12923387,-0.13997786,-0.17350064,-0.13908121,6.207201,-0.12777606,-0.07092635,-0.03704006,-0.13702048,-0.16146857,-0.17805307,-0.14332479,3.166889,-0.13531268,-0.12023825,-0.13767436,-0.25318068,-0.26654312,-0.08298338,-0.10945694,-0.14351714,-0.09238048,-0.18741542,-0.18998584,-0.15282848,-0.08990969,-0.13230102,-0.14921358,-0.14995383,-0.15841053,-0.17012303,-0.18249117,-0.08776713,-0.123197414,-0.14027776,-0.10256614,-0.17951453,-0.19495486,-0.19040568,-0.09971782,-0.13113372,-0.07961579,-0.1279429,-0.19006202,-0.19283462,-0.19126007,-0.122353695,-0.07499584,-0.096751586,-0.11846338,-0.13606831,-0.12406494,-0.121451,-0.09412237,-0.09654566,-0.10810699,-0.082459606,-0.112544194,-0.13175213,-0.16612276,-0.1410757,-0.1362721,-0.18093297,-0.17825818,-0.19417042,-0.14465448,-0.15549555,-0.13491389,4.4146614,3.1604526,-0.19117098,-0.19102114,-0.1811474,-0.19755594,-0.25103784,-0.20219928,-0.18987016,-0.19112684,-0.18235666,-0.17423558,-0.27554205,-0.08916744,-0.11956477,-0.12790728,-0.15751183,-0.20931396,-0.18224281,-0.29657933,-0.32474133,-0.15543166,-0.3242122,-0.17325558,-0.17108874,-0.2185038,-0.17647925,-0.114121355,-0.13979836,-0.15388772,-0.15788373,-0.22984435,-0.18186735,-0.2595524,-0.104032844,-0.12455491,-0.13798264,-0.123732224,-0.15189947,-0.15401718,-0.15510571,5.678448,6.1430283,-0.16192243,-0.15485217,-0.15276726,-0.15293351,-0.13372868,-0.12261363,-0.14606415,-0.18905276,-0.17680573,-0.21025829,-0.3990198,-0.2049458,-0.11300419,-0.1296617,-0.11805761,-0.14756018,-0.16636807,-0.18539107,-0.19132213,-0.13130128,-0.07643677,-0.15242644,-0.13944037,-0.14106366,-0.117272794,-0.19987361,-0.1649412,-0.15850095,-0.14145033,-0.12323542,-0.12722544,-0.14610182,-0.2588673,-0.107102044,-0.13074079,-0.09132757,-0.12832497,-0.12836689,-0.14931592,-0.15066037,-0.095738344,-0.08910369,-0.123848386,-0.11033864,-0.1375486,-0.15042207,-0.16964537,-0.14238763,-0.11606525,-0.17316905,-0.15145972,-0.14163217,-0.12530845,-0.14107955,-0.17466888,-0.13176009,-0.1318177,-0.14515753,-0.122412995,-0.08722703,-0.05825615,-0.14292794,-0.17082691,-0.026243303,-0.16726908,-0.2829064,-0.31316653,-0.19907314,-0.145094,-0.14331596,-0.14862512,-0.12963767,-0.25088155,-0.19355655,-0.18783703,-0.09426981,-0.10870466,-0.10702289,-0.0930147,-0.12759323,-0.15276267,-0.15746465,-0.16648942,-0.12812386,-0.0969081,-0.16398169,-0.14247075,-0.11335766,-0.18846886,-0.1706479,-0.15348376,-0.12510239,-0.115196005,-0.11255948,-0.11662802,-0.17495969,-0.13785377,-0.1336618,-0.096878245,-0.120817535,-0.09122208,-0.12434345,-0.13491398,-0.063823454,-0.13877153,-0.11419349,-0.13351144,-0.24483351,-0.2571875,-0.29957527,-0.145738,-0.15607344,-0.1319756,-0.19104545,-0.0782174,-0.17192811,-0.16357991,-0.09859173,-0.11065883,-0.1136534,-0.076612435,-0.083404,-0.1213824,-0.13072303,-0.13855581,5.4884424,-0.0984939,-0.15548365,-0.19487974,-0.19091967,-0.18652366,-0.11085115,-0.14236015,-0.10236775,-0.15808582,-0.19409655,-0.17174456,-0.16890529,-0.14235109,-0.14200045,-0.10207142,-0.1528515,-0.16112652,-0.18080506,-0.19504444,-0.1206986,-0.14645356,-0.113367386,-0.07963331,-0.1432427,-0.20725825,-0.16016719,-0.125103,-0.15657571,-0.15690626,-0.14342952,-0.19202894,-0.16223133,-0.18094546,-0.2963242,-0.20042518,-0.18152674,-0.17177108,-0.19314513,-0.15758324,-0.14054683,-0.12995267,-0.12557748,-0.13800547,-0.16365167,-0.30584824,-0.16650338,-0.1802744,-0.19254228,-0.11441202,-0.1500074,-0.14036553,-0.17757113,-0.16635749,-0.16379628,-0.14331086,-0.18237996,-0.12848839,-0.1529096,-0.13802633,-0.24156228,-0.17946154,-0.102806,-0.13498807,-0.14117804,-0.17360386,-0.11006932,-0.13431454,-0.1510528,-0.15904483,-0.18162401,-0.15312152,-0.14869416,-0.19184028,-0.17508882,-0.16282132,-0.14723541,-0.14623587,-0.11499533,-0.10471026,-0.13493559,-0.20148799,-0.1761171,-0.12513243,-0.16543281,-0.18041904,-0.18738703,-0.11705899,-0.17458189,-0.26068032,-0.09225511,-0.09180416,-0.114677474,-0.13558233,-0.14749545,-0.09850654,-0.18822342
k__Bacteria|p__Actinobacteria|c__Coriobacteriia|o__Coriobacteriales|f__Coriobacteriaceae|g__Collinsella|s__Collinsella_SGB47280,-0.1004395,-0.12316422,-0.14142634,-0.20428483,-0.16615604,-0.19319238,-0.1666669,-0.14455196,-0.12491505,-0.18264946,-0.18213935,-0.22202024,-0.16997331,-0.20165312,-0.1032342,-0.09902464,-0.058144663,-0.099463746,-0.10768338,-0.17058726,-0.1978925,-0.12536043,-0.13611838,-0.15202166,-0.17099825,-0.11658599,-0.16685456,-0.17341502,-0.1509206,-0.12124001,-0.13488767,-0.10559726,-0.14799108,-0.19477203,-0.188676,-0.2175087,-0.16039841,-0.22338755,-0.19621149,-0.29867563,-0.29210672,-0.1977153,-0.10715505,-0.09162698,-0.13691942,-0.15442514,3.9036372,-0.19318041,-0.14655703,-0.2026537,-0.18279415,-0.18279888,-0.19596007,-0.19766995,-0.20245838,-0.15772808,-0.12558952,-0.14353287,-0.09245401,-0.09574519,-0.17070591,-0.1423037,-0.13743341,-0.14660396,-0.12719077,-0.15105838,-0.2613474,-0.22333384,-0.18806079,-0.20047067,-0.14538623,-0.14888301,-0.13056445,-0.14240003,-0.15053032,-0.16346015,-0.14658186,-0.16278498,-0.1586683,-0.14998752,-0.14688116,-0.15660143,-0.1530631,-0.22480208,-0.120334074,-0.141236,-0.11820078,-0.16051483,-0.1735049,-0.15534791,-0.16772804,-0.11139822,-0.1388583,-0.13027036,-0.12868038,-0.15152657,-0.14244875,-0.11551097,-0.10065024,-0.09042129,-0.1054451,-0.12039183,-0.13480416,-0.15027548,-0.15994221,-0.1185138,-0.11129953,-0.1578567,-0.17738779,-0.13360193,-0.16383603,-0.25953975,-0.14833608,-0.13233128,-0.1412924,-0.15095688,-0.17780018,-0.16344468,-0.22917573,-0.09015879,-0.11008626,-0.13443893,-0.12947115,-0.13997786,-0.17312644,-0.13908121,-0.16057305,-0.12777606,-0.07092635,-0.03704006,-0.13678256,-0.16181901,-0.17832592,-0.14332479,-0.12334781,-0.1354931,-0.12023825,-0.13794637,-0.25318068,-0.26654312,-0.08363189,-0.10945694,-0.14430358,-0.09238048,-0.18713063,-0.189335,-0.15251145,-0.090402596,-0.13230102,-0.14920017,-0.1498769,-0.15845753,-0.17007387,-0.18342152,-0.08801147,-0.1237014,-0.14042725,-0.10256614,-0.17951453,-0.19495486,-0.19070694,-0.10030937,-0.13113372,-0.07983327,-0.12791109,-0.19006202,-0.1925295,-0.19108513,-0.12332374,-0.075542286,-0.09724812,-0.11836988,-0.13621369,-0.12406494,-0.121451,-0.09458058,-0.09668223,-0.10843849,-0.082459606,-0.11282393,-0.13215145,-0.16663843,3.3670537,-0.13606632,-0.18093297,3.7521586,-0.19347651,-0.14465027,1.9742044,-0.13535905,-0.119081676,-0.14001076,-0.19117098,-0.19017297,-0.1806827,-0.19755594,-0.25103784,-0.20219928,-0.18965557,-0.19029076,-0.18193261,-0.1733549,-0.27554205,-0.08916744,-0.11956477,-0.12770697,-0.15751183,-0.20931396,-0.18224281,-0.29657933,-0.32474133,-0.15327503,-0.3242122,-0.17325558,-0.17108874,-0.2185038,-0.17647925,-0.114121355,-0.13951534,-0.15388772,-0.15788373,-0.22984435,-0.18186735,-0.2542968,-0.10440113,-0.12455491,-0.13817422,-0.12411383,-0.15189947,-0.15468347,-0.15596212,-0.14014931,-0.15141064,-0.1626525,-0.15483597,-0.15317154,-0.15277134,-0.13372631,-0.12295035,-0.14602715,-0.18928996,-0.17649904,-0.21025829,-0.3990198,-0.20292813,-0.11338383,-0.1296617,-0.11840257,-0.14771217,-0.16636807,-0.18592077,-0.1910328,-0.13140611,-0.07699673,-0.15294124,-0.13949779,-0.14106366,-0.118067786,-0.19987361,-0.1649412,-0.15810162,-0.14134508,-0.123433515,-0.12722544,-0.14610182,-0.2588673,-0.10733894,-0.13074079,-0.09132757,-0.12832497,-0.12902375,-0.14943476,-0.15151349,-0.096322745,-0.08910369,-0.12421666,-0.110472485,-0.13764787,-0.15046448,-0.17000431,-0.14274058,-0.11642685,-0.17322719,-0.15154146,-0.14202994,-0.1252053,-0.14194724,-0.17466888,-0.13176009,-0.13225465,-0.1454163,-0.12288505,-0.08722703,-0.05825615,-0.14320198,-0.17082691,-0.026243303,-0.16622946,-0.2829064,-0.31316653,-0.19815263,-0.14536318,-0.14331596,-0.14862512,-0.12963767,-0.25088155,-0.19318673,-0.1881909,-0.09485249,-0.1092606,-0.10702289,-0.094009295,-0.12759323,-0.15275976,-0.15746465,-0.16644679,-0.12812386,-0.0969081,-0.16398169,-0.14334303,-0.11335766,2.2621984,-0.1706479,-0.15352324,-0.12573647,-0.115196005,-0.11300969,-0.11662802,-0.17546403,-0.13823655,-0.13411671,-0.096878245,-0.12094614,-0.09184471,-0.12434345,-0.13566232,-0.063823454,-0.13877153,-0.11419349,-0.13351893,-0.24483351,-0.2571875,-0.29957527,-0.14586328,-0.156205,-0.13220964,-0.19104545,-0.0782174,-0.17211078,-0.16376539,-0.09859173,-0.11065883,-0.114632726,-0.076612435,-0.083404,-0.1213824,-0.13072303,-0.13855581,-0.19385117,-0.09924899,-0.15552454,-0.19487974,-0.19039378,-0.18640229,-0.11133179,-0.14250124,-0.10326321,-0.15885523,-0.1933351,-0.17254983,-0.16845217,-0.14249161,-0.14218381,-0.101798974,-0.15289874,-0.16094789,-0.18027982,-0.19419408,-0.12122646,-0.14699224,-0.11374596,-0.08025108,-0.14305122,-0.20725825,-0.16043802,-0.125103,-0.15657571,-0.15690626,-0.14328036,-0.19202894,-0.16226527,-0.18159086,1.4749647,-0.19722143,-0.18066368,-0.17073579,-0.19209154,-0.15714422,-0.14054683,-0.13018087,-0.12557748,-0.138253,-0.1629028,-0.30584824,-0.1665167,-0.18056783,-0.19186834,-0.11441202,-0.15035494,-0.1402282,-0.17742136,-0.16646951,-0.16415176,-0.14331086,-0.18237996,-0.12839621,-0.15283632,-0.13755396,-0.24156228,-0.17882039,-0.103249624,-0.13490163,-0.14173338,-0.17391711,-0.11035617,-0.1344751,-0.151925,-0.15927151,-0.1809136,-0.15397805,-0.14892073,-0.19184028,-0.1749323,-0.16383356,-0.14723541,-0.14623587,-0.11499533,-0.10471026,-0.13499664,-0.20148799,-0.17659917,-0.12513243,-0.16448937,-0.18041904,-0.18738703,-0.11705899,-0.17621228,-0.25739208,-0.09267895,-0.0923602,-0.114705056,-0.1358234,-0.1476185,-0.098684095,-0.18834606
k__Bacteria|p__Actinobacteria|c__Actinomycetia|o__Actinomycetales|f__Actinomycetaceae|g__Actinomyces|s__Actinomyces_oris,-0.1004395,-0.12316422,-0.14178441,-0.20428483,-0.16694577,-0.19354156,-0.1666669,-0.14548343,-0.12500855,-0.18416487,-0.18279883,-0.2276532,-0.16904013,-0.20523039,-0.1032644,-0.09973344,-0.058144663,-0.10007522,-0.10777433,-0.17101,-0.1978925,-0.12536043,-0.1365059,-0.152536,-0.17155427,-0.11658599,-0.16748491,-0.17432368,-0.1509206,-0.12124001,-0.13542853,-0.10563369,-0.14855585,-0.19586416,-0.18936326,-0.2175087,-0.16101326,-0.22338755,-0.1975066,-0.29867563,-0.29210672,-0.19805124,-0.10739953,-0.09162698,-0.13691942,-0.15528947,-0.23188588,-0.1938813,-0.14672574,-0.2026537,-0.18398046,-0.18279888,-0.19751,-0.19837353,-0.2039538,-0.15825626,-0.12591346,-0.1439889,-0.09233598,-0.095762074,-0.17135295,-0.1425284,-0.13743341,-0.14716883,-0.12719077,-0.15142338,-0.2613474,-0.22333384,-0.1886752,-0.20047067,-0.14594838,-0.1494062,-0.130867,-0.14286177,-0.15090558,-0.16440046,-0.14695895,-0.16278498,-0.1595521,-0.14998752,-0.14729801,-0.15720703,-0.15339735,-0.22480208,-0.120334074,-0.14168546,-0.118494764,-0.16113561,-0.17431232,-0.15575454,-0.16843894,-0.11139822,-0.1388583,-0.13027036,-0.12878448,-0.15152657,-0.14264746,-0.11595882,-0.10065024,-0.0906066,-0.10559608,-0.1206532,-0.13511643,-0.15027548,-0.16064191,-0.1185138,-0.11129953,-0.1578567,-0.17738779,-0.13400735,-0.16409042,-0.25953975,-0.14898331,-0.13272622,-0.14184013,-0.15095688,-0.17780018,-0.16371424,-0.22917573,-0.09015879,-0.11044294,-0.13492256,-0.12984732,-0.13997786,-0.17384541,-0.13908121,-0.16057305,-0.12777606,-0.07092635,-0.03704006,-0.1373688,-0.162102,-0.17929865,-0.14332479,-0.12334781,-0.13584282,-0.12023825,-0.13832642,-0.25318068,-0.26654312,-0.083478756,-0.10945694,-0.14458784,-0.09238048,-0.1878776,-0.19037014,-0.15310058,-0.09032631,-0.13230102,-0.149754,-0.15049908,-0.15915096,-0.17063536,-0.18386292,-0.08785024,-0.12426261,-0.14144123,-0.10256614,-0.17951453,-0.19495486,-0.19143912,-0.10031168,-0.13113372,-0.0797078,-0.1278554,-0.19006202,-0.19330305,-0.19185728,-0.12384015,-0.07526049,-0.09731129,-0.11870367,-0.13673404,-0.12406494,1.3795255,-0.09469791,-0.096792206,-0.108605325,-0.082459606,-0.11300041,-0.13229296,-0.16747093,-0.1410757,-0.13659456,-0.18093297,-0.17825818,-0.19419709,-0.14481772,-0.15549555,-0.13576385,-0.119081676,-0.14001076,-0.19117098,-0.19127606,-0.18154418,-0.19755594,-0.25103784,-0.20219928,-0.18998112,-0.19119275,-0.18264985,-0.17391723,0.95343363,-0.08916744,-0.11956477,-0.12792242,-0.15751183,-0.20931396,-0.18224281,-0.29657933,-0.32474133,-0.1537364,-0.3242122,-0.17325558,-0.17108874,-0.2185038,-0.17647925,-0.114121355,-0.14003155,-0.15388772,-0.15788373,-0.22984435,-0.18186735,-0.25697023,-0.104490906,-0.12455491,-0.1386495,-0.12427043,-0.15189947,-0.15507439,-0.1565597,-0.14014931,-0.15141064,-0.16328569,-0.15542038,-0.15372564,-0.15329099,-0.13418743,-0.123193055,-0.14649484,-0.1903745,-0.17717886,-0.21025829,-0.3990198,-0.20310372,-0.11362961,-0.1296617,-0.11880164,-0.14808804,-0.16636807,-0.18677606,-0.19173338,-0.13188568,-0.076391906,-0.15329327,-0.13979813,-0.14106366,-0.118702486,-0.19987361,-0.1649412,-0.15880576,-0.1417122,-0.12368643,-0.12722544,-0.14610182,-0.2588673,-0.10746303,-0.13074079,-0.09132757,-0.12832497,-0.12929745,-0.14976823,-0.15212545,-0.09643936,-0.08910369,-0.124459326,-0.11050417,-0.13804722,-0.15083331,-0.17063388,-0.14312935,-0.116451725,-0.17415649,-0.15193066,-0.14256202,-0.12539712,-0.14251316,-0.17466888,-0.13176009,-0.13233444,-0.14597332,-0.12313408,-0.08722703,-0.05825615,-0.1437709,-0.17082691,-0.026243303,-0.16716786,-0.2829064,-0.31316653,-0.19841142,-0.14590402,-0.14331596,-0.14862512,-0.12963767,-0.25088155,-0.19386554,-0.1887343,-0.094616584,-0.109543234,-0.10702289,-0.09385728,-0.12759323,-0.15321454,-0.15746465,-0.1674868,-0.12812386,-0.0969081,-0.16398169,-0.14381102,-0.11335766,-0.18846886,-0.1706479,-0.15409468,-0.12589714,-0.115196005,-0.113141894,-0.11662802,-0.17630854,-0.13871434,-0.13451815,-0.096878245,-0.12125675,-0.091808215,-0.12434345,-0.13623953,-0.063823454,-0.13877153,-0.11419349,-0.13397779,-0.24483351,-0.2571875,-0.29957527,-0.14639977,-0.15687299,-0.13223588,-0.19104545,-0.0782174,-0.17248541,-0.16469416,-0.09859173,-0.11065883,-0.11496094,-0.076612435,-0.083404,-0.1213824,-0.13072303,-0.13855581,-0.19385117,-0.09895403,-0.15587527,-0.19487974,-0.19107896,-0.18708247,-0.11137651,-0.14311504,-0.10298601,-0.15960601,-0.19411704,-0.17333466,-0.1690087,-0.14299309,-0.14278334,-0.10186358,-0.15342154,-0.16182661,-0.1810764,-0.19529316,-0.12130459,-0.1476601,-0.11396787,-0.07999939,-0.1433236,-0.20725825,-0.16099194,-0.125103,-0.15657571,-0.15690626,-0.14378642,-0.19202894,-0.16261218,-0.18215425,-0.2963242,-0.19785218,-0.1812714,-0.1716731,-0.19292602,-0.1577048,3.044812,-0.13041839,-0.12557748,-0.13836914,-0.16341951,-0.30584824,-0.16674224,-0.18115711,-0.1928764,-0.11441202,-0.15072036,-0.14074185,-0.17818539,-0.16702035,-0.16479439,-0.14331086,-0.18237996,-0.1284666,-0.15347517,-0.13768667,-0.24156228,-0.1794773,-0.10335346,-0.13534158,-0.14207932,-0.174645,-0.11028883,-0.13460451,-0.15258361,-0.16035053,-0.18180794,-0.1542431,-0.1490541,-0.19184028,-0.17527184,-0.16451047,-0.14723541,-0.14623587,-0.11499533,-0.10471026,-0.13516565,-0.20148799,-0.17721331,-0.12513243,-0.16591969,-0.18041904,-0.18738703,-0.11705899,-0.17688179,-0.25915784,-0.09263665,-0.09238729,-0.114832245,-0.13623622,-0.14810184,-0.09844169,-0.18913671
k__Bacteria|p__Actinobacteria|c__Coriobacteriia|o__Coriobacteriales|f__Coriobacteriaceae|g__Collinsella|s__Collinsella_intestinalis,-0.1004395,-0.12316422,-0.14176685,-0.20428483,-0.1665289,-0.1937072,-0.1666669,-0.14514136,-0.12492828,-0.18365031,-0.18341993,-0.2291938,-0.16953549,-0.2055597,-0.10322581,-0.09932121,-0.058144663,-0.099973984,-0.107672594,-0.17106324,-0.1978925,-0.12536043,-0.136474,-0.15255529,-0.17163882,-0.11658599,-0.16733319,-0.17414558,-0.1509206,-0.12124001,-0.13509737,-0.10568997,-0.14846991,-0.19609165,-0.18959284,-0.2175087,-0.16033074,-0.22338755,-0.19701183,-0.29867563,-0.29210672,-0.19895259,-0.10720585,-0.09162698,-0.13691942,-0.15498465,-0.23188588,-0.19378044,-0.14671803,-0.2026537,-0.18280193,-0.18279888,-0.19755274,-0.1996299,-0.20569369,-0.15810889,-0.12589629,-0.14398333,-0.09226605,-0.09570263,-0.17136234,-0.14261852,-0.13743341,-0.14705276,-0.12719077,-0.15110573,-0.2613474,-0.22333384,-0.18865299,-0.20047067,-0.1459206,-0.14932351,-0.13096812,-0.14307342,-0.1513049,-0.16426034,-0.14674217,-0.16278498,-0.1589475,-0.14998752,-0.14724381,-0.15710571,-0.15348387,-0.22480208,-0.120334074,-0.14162478,-0.118450224,-0.16114374,-0.17423093,-0.15573585,-0.16834132,-0.11139822,-0.1388583,-0.13027036,-0.12881497,-0.15152657,-0.142559,-0.115552984,-0.10065024,-0.09053691,-0.105642006,-0.1206425,-0.13514093,-0.15027548,-0.16046259,-0.1185138,-0.11129953,-0.1578567,-0.17738779,-0.13395557,-0.16412091,-0.25953975,-0.14865315,-0.13270319,-0.14192328,-0.15095688,-0.17780018,-0.16345447,-0.22917573,-0.09015879,-0.110101774,-0.1348637,-0.12991837,-0.13997786,-0.17375714,-0.13908121,-0.16057305,-0.12777606,-0.07092635,-0.03704006,-0.13716465,-0.16238897,-0.17900208,-0.14332479,-0.12334781,-0.1355865,-0.12023825,-0.1386241,-0.25318068,-0.26654312,-0.08349059,-0.10945694,-0.14484487,-0.09238048,-0.18784527,-0.19050996,-0.1531485,-0.0903005,-0.13230102,-0.14962983,-0.15043864,-0.15910894,-0.17067862,-0.18405424,-0.08786401,-0.12392898,-0.14118308,-0.10256614,-0.17951453,-0.19495486,-0.1914891,-0.100249454,-0.13113372,-0.08027796,-0.12823705,-0.19006202,-0.19352713,-0.19185951,-0.12358908,-0.075148016,-0.097173944,-0.11866985,-0.13674438,-0.12406494,-0.121451,-0.094646335,-0.096722186,-0.10861779,-0.082459606,-0.11305919,-0.13250338,-0.1672494,-0.1410757,-0.13627893,-0.18093297,-0.17825818,-0.19439608,-0.14495137,-0.15549555,-0.13570687,-0.119081676,-0.14001076,-0.19117098,-0.19114557,-0.18140577,-0.19755594,-0.25103784,-0.20219928,-0.18997921,-0.19102009,-0.18270269,-0.17399138,-0.27554205,-0.08916744,-0.11956477,-0.12784827,-0.15751183,-0.20931396,-0.18224281,-0.29657933,-0.32474133,-0.1527048,-0.3242122,-0.17325558,-0.17108874,-0.2185038,-0.17647925,-0.114121355,-0.13979357,-0.15388772,-0.15788373,-0.22984435,-0.18186735,-0.2580447,-0.10449739,-0.12455491,-0.13859352,-0.124327734,-0.15189947,-0.15533328,-0.15639791,-0.14014931,-0.15141064,-0.16334014,-0.15519519,-0.15365213,-0.15322712,-0.13407809,-0.12308104,-0.14631402,-0.19060507,-0.17743775,-0.21025829,-0.3990198,-0.20446609,-0.113512844,-0.1296617,-0.118814915,-0.14820927,-0.16636807,-0.18675427,-0.19166566,-0.13161862,-0.076665916,-0.15337941,-0.13978407,-0.14106366,-0.11840488,-0.19987361,-0.1649412,-0.15835623,-0.14176759,-0.12374847,-0.12722544,-0.14610182,-0.2588673,-0.10738732,-0.13074079,-0.09132757,-0.12832497,-0.1294227,-0.14983417,-0.15193944,-0.096357726,-0.08910369,-0.124540485,-0.11062439,-0.13800013,-0.15092199,-0.17062925,-0.1430278,-0.11636333,-0.17400332,-0.15201396,-0.1425719,-0.12553698,-0.14225844,-0.17466888,-0.13176009,-0.1323829,-0.14590847,-0.12309298,-0.08722703,-0.05825615,-0.14363463,-0.17082691,-0.026243303,-0.16621566,-0.2829064,-0.31316653,-0.19940326,-0.14578128,-0.14331596,-0.14862512,-0.12963767,-0.25088155,-0.19395432,-0.18873547,-0.094799474,-0.10932644,-0.10702289,-0.09436126,-0.12759323,-0.15312648,-0.15746465,-0.1670812,-0.12812386,-0.0969081,-0.16398169,-0.14392874,-0.11335766,-0.18846886,-0.1706479,-0.1538904,-0.12582815,-0.115196005,-0.11321275,-0.11662802,-0.17609897,-0.13865548,-0.13454385,-0.096878245,-0.12130689,-0.09188924,-0.12434345,-0.13586695,-0.063823454,-0.13877153,-0.11419349,-0.1339298,-0.24483351,-0.2571875,1.0790342,-0.14631474,-0.15685281,-0.13251898,-0.19104545,-0.0782174,-0.172531,-0.16445401,-0.09859173,-0.11065883,-0.1146531,-0.076612435,-0.083404,-0.1213824,-0.13072303,-0.13855581,-0.19385117,-0.09922928,-0.15569688,-0.19487974,-0.19108807,-0.18715575,-0.1113337,-0.14296305,-0.103119016,-0.1594055,-0.19429152,-0.17355777,-0.16910385,-0.14289874,-0.14261104,-0.10183075,-0.15350544,-0.16151962,-0.1809719,-0.1953301,-0.12137366,-0.14743713,-0.11363909,-0.08006601,-0.14354947,-0.20725825,-0.16066496,-0.125103,-0.15657571,-0.15690626,-0.14351903,-0.19202894,-0.16260532,-0.18216455,-0.2963242,-0.19767508,-0.18142854,-0.17165013,-0.19323179,-0.15775073,-0.14054683,-0.13046014,-0.12557748,-0.13844001,-0.16327998,-0.30584824,-0.16679679,-0.18130255,-0.19255036,-0.11441202,-0.1509119,-0.1405676,-0.1781015,-0.16700496,-0.16457428,-0.14331086,-0.18237996,-0.12822533,-0.15344718,-0.13803923,-0.24156228,-0.17906108,-0.10330255,-0.1351487,-0.14220393,-0.17459822,-0.11030474,-0.13471833,-0.15252963,-0.15994856,-0.18161792,-0.15454035,-0.14933878,-0.19184028,-0.17536588,-0.164255,-0.14723541,-0.14623587,-0.11499533,-0.10471026,-0.1354196,-0.20148799,-0.1770818,6.8844686,-0.16510585,7.2035985,6.6648426,5.054431,-0.17682837,-0.25949013,-0.0925823,-0.092308834,-0.114783466,-0.13627249,-0.14822944,-0.09865627,-0.18916246
k__Bacteria|p__Actinobacteria|c__Actinomycetia|o__Actinomycetales|f__Actinomycetaceae|g__Varibaculum|s__Varibaculum_cambriense,-0.1004395,-0.12316422,-0.14079674,-0.20428483,-0.16629928,-0.19336537,-0.1666669,-0.145386,-0.12484844,-0.18416592,-0.18220772,-0.2217913,-0.16832027,-0.20333128,-0.10333802,-0.09902834,-0.058144663,-0.100367665,-0.10756768,-0.17093958,-0.1978925,-0.12536043,-0.1366866,-0.15305267,-0.17147684,-0.11658599,-0.16760583,-0.17451611,-0.1509206,-0.12124001,-0.13533157,-0.105428815,-0.14832903,-0.19527672,-0.18945861,-0.2175087,-0.15975654,-0.22338755,-0.19599816,-0.29867563,-0.29210672,-0.19810484,-0.10757552,-0.09162698,-0.13691942,-0.15452623,-0.23188588,-0.19324517,-0.14688152,-0.2026537,-0.18277094,-0.18279888,-0.19658294,-0.19720456,-0.20244415,-0.15856895,-0.12600537,-0.14407703,-0.092825234,-0.09584142,-0.17171323,-0.14297907,-0.13743341,-0.14705206,-0.12719077,-0.15111992,-0.2613474,-0.22333384,-0.1884923,-0.20047067,-0.14629287,-0.14952923,-0.1308654,-0.14284727,-0.15186937,-0.1647551,-0.1474749,1.8330911,-0.15873794,-0.14998752,-0.14747825,-0.15673874,-0.15355232,-0.22480208,-0.120334074,-0.14160758,-0.11826615,-0.16168341,-0.17435208,-0.15515253,-0.16850206,-0.11139822,-0.1388583,-0.13027036,-0.12920934,-0.15152657,-0.14292422,-0.115940504,-0.10065024,-0.09051332,-0.10586005,-0.120863706,-0.13523708,-0.15027548,-0.16086371,-0.1185138,-0.11129953,-0.1578567,-0.17738779,-0.13419057,-0.1631473,-0.25953975,-0.14858502,-0.13237908,-0.14146833,-0.15095688,-0.17780018,-0.16266772,-0.22917573,-0.09015879,-0.11009987,-0.1347937,-0.12985197,-0.13997786,-0.17330296,-0.13908121,-0.16057305,-0.12777606,-0.07092635,-0.03704006,-0.1369097,-0.16255054,-0.1790547,-0.14332479,-0.12334781,-0.13582556,-0.12023825,-0.1386981,-0.25318068,-0.26654312,-0.08397808,-0.10945694,-0.14534757,-0.09238048,-0.18760249,-0.18991432,-0.15271358,-0.090595596,-0.13230102,-0.14943877,-0.15021917,-0.15904441,-0.17056403,-0.18477547,-0.08790591,-0.123993784,-0.14118133,-0.10256614,-0.17951453,-0.19495486,-0.1914776,-0.10053241,-0.13113372,-0.07988482,-0.12786934,-0.19006202,-0.19331443,-0.19149652,-0.12407248,-0.0757018,-0.09753345,-0.11838724,-0.13669565,-0.12406494,-0.121451,-0.09475933,-0.0966065,-0.10881056,-0.082459606,-0.11314868,-0.13270783,-0.16760346,-0.1410757,-0.13604179,-0.18093297,-0.17825818,-0.19361748,-0.14469853,-0.15549555,-0.13578662,-0.119081676,-0.14001076,-0.19117098,-0.19043532,-0.18097007,-0.19755594,-0.25103784,-0.20219928,-0.1898312,-0.19044557,-0.18226044,-0.17321533,-0.27554205,-0.08916744,-0.11956477,-0.1276591,-0.15751183,-0.20931396,-0.18224281,-0.29657933,-0.32474133,-0.14929204,-0.3242122,-0.17325558,-0.17108874,-0.2185038,-0.17647925,-0.114121355,-0.1395594,-0.15388772,-0.15788373,-0.22984435,-0.18186735,-0.25297552,-0.104585215,-0.12455491,-0.13873865,-0.12457484,-0.15189947,-0.15570748,-0.15704012,-0.14014931,-0.15141064,-0.16386768,-0.15506864,-0.15384059,-0.15280095,-0.13392448,-0.12327976,-0.14628491,-0.19084549,-0.17660506,-0.21025829,-0.3990198,-0.20116368,-0.113653064,-0.1296617,-0.11891453,-0.1481171,-0.16636807,-0.1872651,-0.19146512,-0.13142762,-0.07727034,-0.1537044,-0.13987052,-0.14106366,-0.11835215,-0.19987361,-0.1649412,-0.15800183,-0.14127928,-0.12368077,-0.12722544,-0.14610182,3.749189,-0.10727909,-0.13074079,-0.09132757,-0.12832497,-0.12982495,-0.14978588,-0.15257028,-0.096698985,-0.08910369,-0.1246662,-0.110609904,-0.13786162,-0.15086573,-0.17069559,-0.14313926,-0.116568536,-0.17391512,-0.15191567,-0.1426883,-0.12523408,-0.14270163,-0.17466888,-0.13176009,-0.1325985,-0.14590347,-0.12324792,-0.08722703,-0.05825615,-0.1435478,-0.17082691,-0.026243303,-0.16521767,-0.2829064,-0.31316653,-0.19761996,-0.14581883,-0.14331596,-0.14862512,-0.12963767,-0.25088155,-0.19350314,-0.18887594,-0.09499644,-0.10975361,-0.10702289,-0.09487369,-0.12759323,-0.15278575,-0.15746465,-0.16695604,-0.12812386,-0.0969081,-0.16398169,-0.14450356,-0.11335766,-0.18846886,-0.1706479,-0.15373766,-0.12619758,-0.115196005,-0.113249674,-0.11662802,-0.17654307,-0.13879001,-0.13481994,-0.096878245,-0.12119639,-0.09227921,-0.12434345,-0.13634834,-0.063823454,4.771033,2.6006398,-0.1337964,-0.24483351,-0.2571875,-0.29957527,-0.14621995,-0.15690461,-0.132507,-0.19104545,-0.0782174,-0.17256942,-0.1644659,-0.09859173,-0.11065883,-0.11528363,-0.076612435,-0.083404,-0.1213824,-0.13072303,-0.13855581,-0.19385117,-0.099535376,-0.15554103,-0.19487974,-0.19077253,-0.18688586,-0.111558646,-0.14302263,-0.1037519,-0.16016844,-0.1935775,-0.17358927,-0.16880594,-0.14285275,-0.14260323,-0.101320416,-0.15331426,-0.16132769,-0.18052307,-0.19455472,-0.12162666,-0.14773953,-0.11394423,-0.08062388,-0.14283246,-0.20725825,-0.16090669,-0.125103,-0.15657571,-0.15690626,-0.14324972,-0.19202894,-0.16252898,-0.18263231,-0.2963242,-0.19508426,-0.18054469,-0.17091233,-0.19229788,-0.15701084,-0.14054683,-0.13048914,-0.12557748,-0.1383077,-0.1625276,3.73211,-0.16659626,-0.18160117,-0.19218662,-0.11441202,-0.15090212,-0.14038083,-0.17783085,-0.16699843,-0.16478834,-0.14331086,-0.18237996,-0.12797284,-0.1531277,-0.136923,-0.24156228,-0.17880821,-0.10352194,-0.13495077,-0.1425354,-0.17478907,-0.1103781,-0.13467011,-0.15324394,-0.16006047,-0.18130314,-0.15497676,-0.14934456,-0.19184028,-0.17510763,-0.16498595,-0.14723541,-0.14623587,-0.11499533,-0.10471026,-0.13512152,-0.20148799,-0.17741676,-0.12513243,-0.16465354,-0.18041904,-0.18738703,-0.11705899,-0.17810512,-0.25759992,-0.09275724,-0.0926445,-0.11471485,-0.13626865,-0.14811859,-0.09854129,-0.1893713
k__Bacteria|p__Actinobacteria|c__Actinomycetia|o__Actinomycetales|f__Actinomycetaceae|g__Schaalia|s__Schaalia_odontolytica,-0.1004395,-0.12316422,-0.14137,-0.20428483,-0.16797772,-0.19398884,-0.1666669,-0.14553958,-0.12566127,-0.18447974,-0.18399125,-0.20846578,-0.17130879,-0.19940466,-0.10296534,-0.09811517,-0.058144663,-0.09942912,-0.107827336,-0.17158073,-0.1978925,-0.12536043,-0.13707218,-0.15320441,-0.17187965,-0.11658599,-0.16892993,-0.1749373,-0.1509206,-0.12124001,-0.1358946,-0.10532175,-0.14884016,-0.19509555,-0.18950841,-0.2175087,-0.16197975,-0.22338755,-0.19678834,-0.29867563,-0.29210672,-0.1969476,-0.10729679,-0.09162698,-0.13691942,-0.1556314,-0.23188588,-0.19449341,-0.14716017,-0.2026537,-0.1859318,-0.18279888,-0.19567251,-0.19551969,-0.1967282,-0.15907082,-0.12587753,-0.14416161,-0.09255803,-0.095423415,-0.17227712,-0.14315921,-0.13743341,-0.1474815,-0.12719077,-0.15236884,-0.2613474,-0.22333384,-0.18985826,-0.20047067,-0.14616537,-0.14997412,-0.13050193,-0.14266832,-0.15118843,-0.16480175,-0.14777368,-0.16278498,-0.16032845,-0.14998752,-0.1481723,-0.15745881,-0.15393534,-0.22480208,-0.120334074,-0.14208066,-0.11842336,-0.16193084,-0.17485823,-0.15599328,-0.16903022,-0.11139822,-0.1388583,-0.13027036,-0.12928149,-0.15152657,-0.14405543,-0.115949005,-0.10065024,-0.09022045,-0.10547456,-0.120578736,-0.13543129,-0.15027548,-0.16137269,-0.1185138,-0.11129953,-0.1578567,-0.17738779,-0.13321058,-0.1636833,-0.25953975,-0.14941165,-0.13285357,-0.14124373,-0.15095688,-0.17780018,-0.16424382,-0.22917573,-0.09015879,-0.11074035,-0.13504791,-0.12962416,-0.13997786,-0.17440738,-0.13908121,-0.16057305,-0.12777606,-0.07092635,-0.03704006,-0.13746592,-0.16298527,-0.1797812,-0.14332479,-0.12334781,-0.13670957,-0.12023825,-0.13842526,-0.25318068,-0.26654312,-0.083540976,-0.10945694,-0.14493582,-0.09238048,-0.1888089,-0.19035512,-0.1533261,-0.09031495,-0.13230102,-0.15024653,-0.1507088,-0.15938579,-0.1711942,-0.18469796,-0.08766969,-0.12368204,-0.14128184,-0.10256614,-0.17951453,-0.19495486,-0.19142538,-0.10003407,-0.13113372,-0.07745501,-0.12788136,-0.19006202,-0.19367476,-0.19202381,-0.124028414,-0.07546387,-0.096841834,-0.11819385,-0.13685092,-0.12406494,-0.121451,-0.094117634,-0.09638026,-0.10848389,-0.082459606,-0.1126949,-0.1329278,-0.16801135,-0.1410757,-0.13693723,-0.18093297,-0.17825818,-0.19398592,-0.14484468,-0.15549555,-0.13557267,-0.119081676,-0.14001076,-0.19117098,-0.19102567,-0.18176311,-0.19755594,-0.25103784,-0.20219928,-0.19171038,-0.19161797,-0.183067,-0.17406139,-0.27554205,-0.08916744,-0.11956477,-0.12864152,-0.15751183,-0.20931396,-0.18224281,-0.29657933,-0.32474133,-0.15341432,-0.3242122,-0.17325558,-0.17108874,-0.2185038,-0.17647925,-0.114121355,-0.14045185,-0.15388772,0.9537259,-0.22984435,-0.18186735,-0.24779755,-0.10428924,-0.12455491,-0.13915403,-0.124592975,-0.15189947,-0.15589526,-0.15717055,-0.14014931,-0.15141064,-0.16395083,-0.15609437,-0.15415217,-0.1533534,-0.13395861,-0.12357724,-0.14727372,-0.19094643,-0.17743373,-0.21025829,-0.3990198,-0.19879538,-0.11364025,-0.1296617,-0.11808114,-0.14855178,-0.16636807,-0.18774956,-0.19240345,-0.1321913,-0.076600716,-0.15353137,-0.140431,-0.14106366,-0.11883282,-0.19987361,-0.1649412,-0.15973936,-0.1413049,-0.12371944,-0.12722544,-0.14610182,-0.2588673,-0.107244484,-0.13074079,-0.09132757,-0.12832497,-0.12972097,-0.15080918,-0.15279067,-0.09627126,-0.08910369,-0.124427125,-0.11064467,-0.13823085,-0.151515,-0.17084518,-0.14346406,-0.11721072,-0.17459589,-0.15259793,-0.14287975,-0.12528619,-0.14307624,-0.17466888,-0.13176009,-0.13266021,-0.14620975,-0.12300659,-0.08722703,-0.05825615,-0.14396444,-0.17082691,-0.026243303,-0.16706869,-0.2829064,-0.31316653,-0.1963088,-0.14624956,-0.14331596,-0.14862512,-0.12963767,-0.25088155,-0.19382828,-0.18926123,-0.094785884,-0.109414876,-0.10702289,-0.09296389,-0.12759323,-0.15374392,-0.15746465,-0.16761398,-0.12812386,-0.0969081,-0.16398169,-0.1444954,-0.11335766,-0.18846886,-0.1706479,-0.15458658,-0.12607412,-0.115196005,-0.112686366,-0.11662802,-0.17712665,-0.13882867,-0.13460723,-0.096878245,-0.12076713,-0.09179825,-0.12434345,-0.1370982,-0.063823454,-0.13877153,-0.11419349,-0.1339834,-0.24483351,-0.2571875,-0.29957527,-0.1464608,-0.15720285,-0.13213316,-0.19104545,-0.0782174,-0.17241636,-0.16481364,-0.09859173,-0.11065883,-0.115719005,-0.076612435,-0.083404,-0.1213824,-0.13072303,-0.13855581,-0.19385117,-0.098641545,-0.15616527,-0.19487974,-0.19185549,-0.18717462,-0.111569904,-0.1436924,-0.10342561,-0.15995288,-0.19418362,-0.1727651,-0.16976316,-0.1432807,-0.14271024,-0.10137799,-0.15361482,-0.16228858,-0.18155637,-0.19486494,-0.121605285,-0.14790948,-0.11449184,-0.080113284,-0.14238483,-0.20725825,-0.1617924,-0.125103,-0.15657571,-0.15690626,-0.14417164,-0.19202894,-0.16349474,-0.18307365,-0.2963242,-0.1959627,-0.1808011,-0.17214832,-0.1926975,-0.15748292,-0.14054683,-0.1305998,-0.12557748,-0.13869965,-0.16327532,-0.30584824,-0.1673747,-0.18165633,-0.19359982,-0.11441202,-0.15112133,-0.14114632,-0.17869961,-0.16738546,-0.16546509,-0.14331086,-0.18237996,-0.12857947,-0.15364943,-0.13620344,-0.24156228,-0.18067554,-0.10319622,-0.13587922,-0.14228177,-0.17508984,-0.11075943,-0.13493745,-0.15315354,-0.16045398,-0.1826236,-0.15446982,-0.149471,-0.19184028,-0.17624727,-0.1652638,-0.14723541,-0.14623587,-0.11499533,-0.10471026,-0.13513294,-0.20148799,-0.17820874,-0.12513243,-0.16714005,-0.18041904,-0.18738703,-0.11705899,-0.17726144,-0.2570284,-0.09240204,-0.0922714,-0.11483772,-0.13610259,-0.14807916,-0.09837872,-0.18979082
k__Bacteria|p__Actinobacteria|c__Coriobacteriia|o__Eggerthellales|f__Eggerthellaceae|g__Gordonibacter|s__Gordonibacter_pamelaeae,-0.1004395,-0.12316422,-0.14256272,-0.20428483,-0.16703975,-0.19339556,-0.1666669,-0.14515099,-0.12572365,-0.18272933,-0.18359044,-0.2291835,-0.16965507,-0.20492604,-0.103993356,-0.10013805,-0.058144663,-0.10004008,-0.10871247,-0.17072146,-0.1978925,-0.12536043,-0.13633142,-0.15212977,-0.17150326,-0.11658599,-0.16722077,-0.17317887,-0.1509206,-0.12124001,-0.13549754,-0.10682834,-0.14881602,-0.19572459,-0.18910061,-0.2175087,-0.16094093,-0.22338755,-0.19760962,-0.29867563,-0.29210672,-0.19879463,-0.1076478,-0.09162698,-0.13691942,-0.15515634,-0.23188588,-0.19368237,-0.14683786,-0.2026537,-0.18324262,-0.18279888,-0.19770266,-0.19949907,-0.20545712,-0.1567316,-0.12619166,-0.14396812,-0.092652574,-0.09647676,-0.17096236,-0.14233641,-0.13743341,-0.14712285,-0.12719077,-0.15151596,-0.2613474,2.6752176,-0.18848705,-0.20047067,-0.14560264,-0.1492687,-0.13144684,-0.1431435,-0.150324,-0.16332413,-0.14630108,-0.16278498,-0.1593385,-0.14998752,-0.1473658,-0.15742457,-0.1532943,-0.22480208,-0.120334074,-0.14184347,-0.11892079,-0.16045025,-0.17362106,-0.15623227,-0.16795257,-0.11139822,-0.1388583,-0.13027036,-0.12899813,-0.15152657,-0.14278288,-0.11568848,-0.10065024,-0.091443166,-0.10604801,-0.12088918,-0.13536821,-0.15027548,-0.16011138,-0.1185138,-0.11129953,-0.1578567,-0.17738779,-0.13389839,-0.16518685,-0.25953975,-0.14883658,-0.13337234,-0.14245197,-0.15095688,-0.17780018,-0.16417374,-0.22917573,-0.09015879,-0.11082068,-0.13521618,-0.13016406,-0.13997786,-0.17396447,3.0081277,-0.16057305,-0.12777606,-0.07092635,-0.03704006,-0.13776773,-0.16217867,-0.17849681,-0.14332479,-0.12334781,-0.1361718,-0.12023825,-0.13888668,-0.25318068,-0.26654312,-0.084353276,-0.10945694,-0.14466035,-0.09238048,-0.18771255,-0.190435,-0.15361896,-0.09112324,-0.13230102,-0.14983107,-0.15053068,-0.15888777,-0.17046982,-0.18309987,-0.088993505,-0.123951435,-0.14123428,-0.10256614,-0.17951453,-0.19495486,-0.19070177,-0.10098651,-0.13113372,-0.081300035,-0.12883404,-0.19006202,-0.19306836,-0.19172351,-0.12340667,-0.076254725,-0.09796776,-0.11940291,-0.1370034,-0.12406494,-0.121451,-0.09537734,-0.097700804,-0.10930923,-0.082459606,-0.11364351,-0.13270234,-0.1666492,-0.1410757,-0.13683784,-0.18093297,-0.17825818,-0.19442838,-0.14540869,-0.15549555,-0.1357705,-0.119081676,-0.14001076,-0.19117098,-0.19119802,-0.1813688,-0.19755594,-0.25103784,-0.20219928,-0.19010562,-0.19131325,-0.18261118,-0.17471132,-0.27554205,-0.08916744,-0.11956477,-0.12888241,-0.15751183,-0.20931396,-0.18224281,-0.29657933,-0.32474133,-0.15620777,-0.3242122,-0.17325558,-0.17108874,-0.2185038,-0.17647925,-0.114121355,-0.1404629,-0.15388772,-0.15788373,-0.22984435,-0.18186735,-0.2591111,-0.10521108,-0.12455491,-0.13883954,-0.12464391,-0.15189947,-0.15481111,-0.15580541,-0.14014931,-0.15141064,-0.16258384,-0.15535447,-0.15349233,-0.15373516,-0.1345523,-0.12362415,-0.14648733,-0.18964714,-0.17698964,-0.21025829,1.2926089,-0.20464694,-0.11403341,-0.1296617,-0.119025394,-0.14837192,-0.16636807,-0.18591529,-0.19150032,-0.13231757,-0.07774685,-0.15324527,-0.1403648,-0.14106366,-0.11789208,-0.19987361,-0.1649412,-0.15895839,-0.14241832,-0.12436092,-0.12722544,-0.14610182,-0.2588673,-0.10819374,-0.13074079,-0.09132757,-0.12832497,-0.12936586,-0.1501269,-0.15139458,-0.09694645,-0.08910369,-0.124945045,-0.111448154,-0.13833103,-0.15118088,-0.17018002,-0.1432389,-0.117111534,-0.17372996,-0.15213731,-0.14252111,-0.1263287,-0.14153501,-0.17466888,-0.13176009,-0.13275473,-0.14600554,-0.12338536,-0.08722703,-0.05825615,-0.14381582,-0.17082691,-0.026243303,-0.16734137,-0.2829064,-0.31316653,-0.19920155,-0.14577295,-0.14331596,-0.14862512,-0.12963767,-0.25088155,-0.19362499,-0.18825412,-0.09567048,-0.109719954,-0.10702289,-0.09447824,-0.12759323,-0.15337825,-0.15746465,-0.1666547,-0.12812386,-0.0969081,-0.16398169,-0.14333618,-0.11335766,-0.18846886,-0.1706479,-0.15407553,-0.1260803,-0.115196005,-0.11363603,-0.11662802,-0.17541996,-0.13861611,-0.13462466,-0.096878245,-0.12181568,-0.092452124,-0.12434345,-0.13579941,-0.063823454,-0.13877153,-0.11419349,-0.13457887,-0.24483351,-0.2571875,-0.29957527,-0.1464405,-0.15676637,-0.13282157,-0.19104545,-0.0782174,-0.17264414,-0.16428545,-0.09859173,-0.11065883,-0.11478725,-0.076612435,-0.083404,-0.1213824,-0.13072303,-0.13855581,-0.19385117,-0.09982252,-0.15609334,-0.19487974,-0.19102602,-0.18690994,-0.11188106,-0.14331475,-0.1033332,-0.1587613,-0.19381776,-0.1723645,-0.16951816,-0.14309451,-0.14270532,-0.10318248,-0.15367337,-0.16133904,-0.18119381,-0.1950853,-0.12167993,-0.14725396,-0.11437195,-0.08095647,-0.14393407,-0.20725825,-0.16072312,-0.125103,-0.15657571,-0.15690626,-0.14391844,-0.19202894,-0.16275188,-0.18155122,-0.2963242,-0.20028542,-0.18214294,-0.17216633,-0.19358699,-0.15834542,-0.14054683,-0.13089597,-0.12557748,-0.13896489,-0.1645894,-0.30584824,-0.16728936,-0.18115616,-0.19233605,-0.11441202,-0.15103069,-0.14095163,-0.17788821,-0.16686001,-0.16425645,-0.14331086,-0.18237996,-0.12923433,-0.15387195,-0.13901207,-0.24156228,-0.17975074,-0.10390403,-0.13576077,-0.14193758,-0.17417835,-0.11113614,-0.13529211,-0.15176368,-0.1594921,-0.18173224,-0.15398955,-0.14932093,-0.19184028,-0.17550807,-0.16344506,-0.14723541,-0.14623587,-0.11499533,-0.10471026,-0.13579902,-0.20148799,-0.17661168,-0.12513243,-0.1655322,-0.18041904,-0.18738703,-0.11705899,-0.17547804,-0.2597264,-0.09339652,-0.09303096,-0.115703136,-0.13640404,-0.14837523,-0.099757396,-0.18856108
k__Bacteria|p__Actinobacteria|c__Actinomycetia|o__Actinomycetales|f__Actinomycetaceae|g__Actinomyces|s__Actinomyces_SGB17154,-0.1004395,-0.12316422,-0.1424307,-0.20428483,-0.16774207,-0.19418922,-0.1666669,-0.14520697,-0.12539324,-0.18365479,-0.183675,-0.22724164,-0.16895159,-0.20502275,-0.10314809,-0.09911521,-0.058144663,-0.09913693,-0.1078919,-0.17139749,-0.1978925,-0.12536043,-0.13629162,-0.1523287,-0.17186338,-0.11658599,-0.16748232,-0.17403299,-0.1509206,-0.12124001,-0.13532045,-0.10601929,-0.14868745,-0.19653502,-0.18956397,-0.2175087,-0.16215728,-0.22338755,-0.19844413,-0.29867563,-0.29210672,-0.19910166,-0.107198656,-0.09162698,-0.13691942,-0.15525404,-0.23188588,-0.1943441,-0.1470513,-0.2026537,-0.18517113,-0.18279888,-0.19835937,-0.19934465,-0.20457695,-0.15718174,-0.12585962,-0.14397871,-0.091946825,-0.09566595,-0.17158017,-0.14233927,-0.13743341,-0.14716262,-0.12719077,-0.15165159,-0.2613474,-0.22333384,-0.18966931,-0.20047067,-0.14578374,-0.14939553,-0.1310564,-0.14289159,-0.15057689,-0.1641318,-0.14691547,-0.16278498,-0.15989316,-0.14998752,-0.1473275,-0.15755354,-0.15346894,-0.22480208,-0.120334074,-0.14163478,-0.11841883,-0.16105744,-0.17449936,-0.15611556,-0.16837461,-0.11139822,-0.1388583,-0.13027036,-0.12877107,-0.15152657,-0.14268138,-0.115357846,-0.10065024,-0.09036067,-0.10534504,-0.12065825,-0.13520765,1.0957506,-0.16047859,-0.1185138,-0.11129953,0.8366921,2.1894321,-0.13362955,-0.16526234,-0.25953975,-0.14902684,-0.13290498,-0.14188747,-0.15095688,-0.17780018,-0.16480473,-0.22917573,-0.09015879,-0.11012339,-0.13494462,-0.12973619,-0.13997786,-0.17417717,-0.13908121,-0.16057305,-0.12777606,-0.07092635,-0.03704006,-0.1375094,-0.16237506,-0.17911923,-0.14332479,-0.12334781,-0.13588786,-0.12023825,-0.13823426,-0.25318068,-0.26654312,-0.083160795,-0.10945694,-0.1443968,-0.09238048,-0.18809877,-0.19077647,-0.15291068,-0.090096526,-0.13230102,-0.14981566,-0.15055954,-0.15917324,-0.17099705,-0.18390417,-0.087783635,-0.123801276,-0.14117613,-0.10256614,-0.17951453,-0.19495486,-0.19158393,-0.10013552,-0.13113372,-0.07950901,-0.12816133,-0.19006202,-0.19385558,-0.192215,-0.12324228,-0.075110026,-0.09711917,-0.11872699,-0.1365396,-0.12406494,-0.121451,-0.09436926,-0.09660142,-0.108351715,-0.082459606,-0.11283321,-0.13226324,-0.1672357,-0.1410757,-0.1366986,-0.18093297,-0.17825818,-0.19487539,-0.14523849,-0.15549555,-0.13563724,-0.119081676,-0.14001076,-0.19117098,-0.19179088,-0.1819902,-0.19755594,-0.25103784,-0.20219928,-0.19078234,-0.19195077,-0.18297371,-0.17477714,-0.27554205,-0.08916744,-0.11956477,-0.12816915,-0.15751183,-0.20931396,-0.18224281,-0.29657933,-0.32474133,-0.15292886,-0.3242122,-0.17325558,-0.17108874,-0.2185038,-0.17647925,-0.114121355,-0.14023422,-0.15388772,-0.15788373,-0.22984435,-0.18186735,-0.2590437,-0.10438013,-0.12455491,-0.13856533,-0.12424977,-0.15189947,-0.15499549,-0.15635252,-0.14014931,-0.15141064,-0.16321588,-0.15570253,-0.15373248,-0.15358317,-0.13401584,-0.12318082,-0.14675497,-0.1902125,-0.17765191,-0.21025829,-0.3990198,-0.2030234,-0.11342213,-0.1296617,-0.11862615,-0.1481454,-0.16636807,-0.18674138,-0.19232741,-0.1317454,-0.0764873,-0.15346368,-0.14000358,-0.14106366,-0.11789131,-0.19987361,-0.1649412,-0.1592046,-0.14185303,-0.123560876,-0.12722544,-0.14610182,-0.2588673,-0.10737589,3.3917544,-0.09132757,1.9230098,-0.12901318,-0.15001878,-0.15168586,-0.096069254,-0.08910369,-0.12431999,-0.110609666,-0.13799019,-0.15111366,-0.17057,-0.14323768,-0.11645727,-0.17408621,-0.15213197,-0.1422905,-0.12563273,-0.14196569,-0.17466888,-0.13176009,-0.132444,-0.14589573,-0.12286917,-0.08722703,-0.05825615,-0.14362153,-0.17082691,-0.026243303,-0.16768137,-0.2829064,-0.31316653,-0.19865993,-0.14587644,-0.14331596,-0.14862512,-0.12963767,-0.25088155,-0.19458279,-0.18912661,-0.09450142,-0.109235376,-0.10702289,-0.09338477,-0.12759323,-0.1532421,-0.15746465,-0.1674079,-0.12812386,-0.0969081,-0.16398169,-0.14340757,-0.11335766,-0.18846886,-0.1706479,-0.15427667,-0.12577862,-0.115196005,-0.11295309,-0.11662802,-0.17601426,-0.13863674,-0.13442041,-0.096878245,-0.12112571,-0.09144402,-0.12434345,-0.13564757,-0.063823454,-0.13877153,-0.11419349,-0.13399425,-0.24483351,-0.2571875,-0.29957527,-0.14655316,-0.1568722,-0.13259034,-0.19104545,-0.0782174,-0.17298713,-0.16442412,-0.09859173,-0.11065883,-0.11436404,-0.076612435,-0.083404,-0.1213824,-0.13072303,-0.13855581,-0.19385117,-0.09896824,-0.15641321,-0.19487974,-0.19180924,-0.18737462,-0.11133092,-0.14287633,-0.10295455,-0.15952128,-0.19499196,-0.17293063,-0.16958782,-0.14306137,-0.14270791,-0.10207841,-0.15345396,-0.16181825,-0.18148509,-0.19570057,-0.12132676,-0.14738995,-0.11386104,-0.07974967,-0.14375183,-0.20725825,-0.16127357,-0.125103,-0.15657571,-0.15690626,-0.14395642,-0.19202894,-0.1631264,-0.18222173,-0.2963242,-0.20023508,-0.18175077,-0.17203616,-0.1936849,-0.15794632,1.1439025,-0.1305717,-0.12557748,-0.13864875,-0.16409388,-0.30584824,-0.16731484,-0.18151286,-0.19338349,-0.11441202,-0.15068713,-0.14081955,-0.17843226,-0.16729341,-0.16473082,-0.14331086,-0.18237996,-0.12904873,-0.15354285,-0.13838317,-0.24156228,-0.180208,-0.10316025,-0.13537602,-0.14196211,-0.17491218,-0.110290155,-0.13483644,-0.15212175,-0.16005379,-0.18236077,-0.15407853,-0.14956664,-0.19184028,-0.17607158,-0.1640782,-0.14723541,-0.14623587,-0.11499533,-0.10471026,-0.13529177,-0.20148799,-0.17740032,-0.12513243,-0.16578895,-0.18041904,-0.18738703,-0.11705899,-0.1761478,-0.26141423,-0.09245224,-0.092002526,-0.11502114,-0.13613185,-0.14815351,-0.098596975,-0.18937455
k__Bacteria|p__Actinobacteria|c__Actinomycetia|o__Bifidobacteriales|f__Bifidobacteriaceae|g__Bifidobacterium|s__Bifidobacterium_catenulatum,-0.1004395,-0.12316422,-0.14070518,-0.20428483,-0.1672763,-0.19309932,-0.1666669,-0.14476398,-0.12440695,-0.18348518,-0.18299815,-0.21795473,-0.16867822,-0.20269892,-0.102255255,-0.09799645,-0.058144663,-0.09883267,-0.107019335,-0.17049298,-0.1978925,-0.12536043,-0.13598432,-0.1521932,-0.17113478,-0.11658599,-0.16770868,-0.17390034,-0.1509206,-0.12124001,-0.13483036,-0.10463842,-0.14787257,-0.1948128,-0.18868178,-0.2175087,-0.16097549,-0.22338755,-0.19664147,-0.29867563,-0.29210672,-0.19677705,-0.10642594,-0.09162698,-0.13691942,-0.15477744,4.010258,-0.19377655,-0.14605637,-0.2026537,-0.18480249,-0.18279888,-0.19626217,-0.19620049,-0.19940686,-0.15711635,-0.1250497,-0.14324865,-0.09149291,-0.094627455,-0.17117377,-0.14207678,-0.13743341,-0.14657438,-0.12719077,-0.15097788,-0.2613474,-0.22333384,-0.18897948,-0.20047067,-0.14528114,-0.14897947,-0.12984517,-0.1419533,-0.15009785,-0.16391797,-0.14649206,-0.16278498,-0.15956548,-0.14998752,-0.14705864,-0.1566847,-0.15285382,-0.22480208,-0.120334074,-0.14107051,-0.11757611,-0.16079786,-0.17384732,-0.15528412,-0.16807964,1.3707496,-0.1388583,-0.13027036,-0.12806615,-0.15152657,-0.1425959,-0.11492828,-0.10065024,-0.08939767,-0.104498714,-0.119652115,-0.1344307,-0.15027548,-0.16026711,-0.1185138,-0.11129953,-0.1578567,-0.17738779,-0.13268587,-0.16306764,-0.25953975,-0.14841005,-0.13201813,-0.14077306,-0.15095688,-0.17780018,-0.16328624,-0.22917573,-0.09015879,-0.109650776,-0.13418098,-0.1288496,-0.13997786,-0.17358743,-0.13908121,-0.16057305,-0.12777606,-0.07092635,-0.03704006,-0.1365856,-0.16181335,-0.1788516,-0.14332479,-0.12334781,-0.13551939,-0.12023825,-0.13757992,-0.25318068,-0.26654312,-0.08267844,-0.10945694,-0.14387211,-0.09238048,-0.18772009,-0.18999535,-0.1525966,-0.08945546,-0.13230102,-0.14920247,-0.1498756,-0.15856653,-0.17027397,-0.18353821,-0.08697497,-0.123007506,-0.14076722,-0.10256614,-0.17951453,-0.19495486,-0.19070311,-0.09921657,-0.13113372,-0.077494144,-0.1267413,-0.19006202,-0.19309135,-0.1913996,-0.12303835,-0.0746264,-0.09612395,-0.11747244,-0.13593966,-0.12406494,5.7705116,-0.09351274,-0.0955935,-0.10764307,-0.082459606,-0.11182374,-0.13170668,-0.16692573,-0.1410757,-0.13595504,-0.18093297,-0.17825818,-0.19359913,-0.14395401,9.0708,-0.13471566,-0.119081676,-0.14001076,-0.19117098,-0.19089481,-0.18124324,-0.19755594,-0.25103784,-0.20219928,-0.19046295,-0.19102317,-0.1821744,-0.17337033,-0.27554205,-0.08916744,-0.11956477,-0.12747468,-0.15751183,-0.20931396,-0.18224281,-0.29657933,-0.32474133,-0.1524956,-0.3242122,-0.17325558,-0.17108874,-0.2185038,-0.17647925,-0.114121355,-0.13958418,-0.15388772,-0.15788373,-0.22984435,-0.18186735,-0.25152534,-0.1035285,-0.12455491,-0.13810906,-0.123493284,-0.15189947,-0.15479401,-0.15597352,-0.14014931,-0.15141064,-0.16285658,-0.1551463,-0.15320122,-0.15260653,-0.13317645,-0.122501746,-0.14594887,-0.19008902,-0.17656979,-0.21025829,-0.3990198,-0.1990127,-0.11270851,-0.1296617,-0.11735995,-0.1474102,-0.16636807,-0.18666431,-0.19147193,-0.13129845,-0.07557817,-0.15243757,-0.13938767,-0.14106366,-0.11751267,-0.19987361,-0.1649412,-0.15877602,-0.14073578,-0.122906044,-0.12722544,-0.14610182,-0.2588673,-0.10641903,-0.13074079,-0.09132757,-0.12832497,-0.1285994,-0.14967069,-0.15167317,-0.09545022,-0.08910369,-0.12352426,-0.10975425,-0.13729182,-0.15046296,-0.16994815,-0.14252529,-0.11595295,-0.17378291,-0.15155433,-0.14191473,-0.12466964,-0.14166969,-0.17466888,2.3415177,-0.13158584,-0.14531617,-0.1222388,1.8442498,-0.05825615,-0.14305326,-0.17082691,-0.026243303,-0.16643357,-0.2829064,-0.31316653,-0.19621521,-0.14525878,-0.14331596,-0.14862512,-0.12963767,-0.25088155,-0.1934715,-0.18831739,-0.09378831,-0.108516306,-0.10702289,-0.09218253,-0.12759323,-0.15254697,-0.15746465,-0.16677347,-0.12812386,-0.0969081,-0.16398169,-0.14332134,-0.11335766,-0.18846886,-0.1706479,-0.15368964,-0.1252125,-0.115196005,-0.11181198,-0.11662802,-0.17595688,-0.13791661,-0.13374957,-0.096878245,-0.12012792,-0.0907759,-0.12434345,-0.13580705,-0.063823454,-0.13877153,-0.11419349,-0.1331519,-0.24483351,-0.2571875,-0.29957527,-0.14563847,-0.15636927,-0.13126297,-0.19104545,-0.0782174,-0.17172655,-0.16403434,-0.09859173,-0.11065883,-0.11438451,2.0555823,1.6765677,1.0855933,-0.13072303,-0.13855581,-0.19385117,-0.09806274,-0.15522203,-0.19487974,-0.19100393,-0.18649074,-0.11054275,-0.14290705,-0.10214959,-0.15887225,-0.19341688,-0.17190076,-0.16894966,-0.14236866,-0.14192049,-0.10074906,-0.15273261,-0.16134961,-0.18074797,-0.19457534,-0.12052553,-0.14694357,-0.11332764,-0.07901472,-0.14180575,-0.20725825,-0.16086681,-0.125103,-0.15657571,-0.15690626,-0.14323854,-0.19202894,-0.16243508,-0.18195382,-0.2963242,-0.19669874,-0.18034026,-0.17147988,-0.192438,-0.15689671,-0.14054683,-0.12968794,-0.12557748,-0.1377733,-0.16280659,-0.30584824,-0.16673072,-0.1809017,-0.19267617,-0.11441202,-0.15009964,-0.14018142,-0.17782278,-0.16661051,-0.16433431,-0.14331086,-0.18237996,-0.12765865,-0.15286908,-0.13591583,-0.24156228,-0.17980629,-0.102377534,-0.1349603,-0.14132679,-0.17418706,-0.10973619,-0.13398927,-0.15207571,-0.15968865,-0.18190888,-0.15353265,-0.14852709,-0.19184028,-0.17533644,-0.16410635,-0.14723541,-0.14623587,-0.11499533,-0.10471026,-0.13410021,-0.20148799,-0.1771537,-0.12513243,-0.1662336,-0.18041904,-0.18738703,-0.11705899,-0.17605501,-0.25764796,-0.09161918,-0.09136836,-0.11397484,-0.13519737,-0.1473405,-0.09745474,-0.1889413
k__Bacteria|p__Actinobacteria|c__Coriobacteriia|o__Coriobacteriales|f__Coriobacteriaceae|g__Collinsella|s__Collinsella_stercoris,-0.1004395,-0.12316422,-0.14241269,-0.20428483,-0.16674341,-0.19359699,-0.1666669,-0.14478312,-0.1245136,-0.18242627,-0.18233155,-0.23976819,-0.16903077,-0.20932177,-0.103585005,-0.100765094,-0.058144663,-0.09984544,-0.10815406,-0.1706061,-0.1978925,-0.12536043,-0.13580562,-0.15165219,-0.17150661,-0.11658599,-0.16599655,-0.1732153,-0.1509206,-0.12124001,-0.13466713,-0.10638231,-0.14820132,-0.19657315,-0.18917951,-0.2175087,-0.16123036,-0.22338755,-0.19848822,-0.29867563,-0.29210672,-0.19967122,-0.1076145,-0.09162698,-0.13691942,-0.1549406,-0.23188588,-0.19357812,-0.14656988,-0.2026537,-0.18245512,-0.18279888,-0.19812176,-0.20112875,-0.20883448,-0.15722275,-0.12593116,-0.14390558,-0.092069075,-0.09617841,-0.17061538,-0.14179872,-0.13743341,-0.14684969,-0.12719077,-0.1508472,-0.2613474,-0.22333384,-0.18847877,-0.20047067,-0.1455352,-0.14882472,-0.13124703,-0.14295053,-0.15052634,-0.16344655,-0.14613795,-0.16278498,-0.15889362,-0.14998752,-0.14650714,-0.1571126,-0.15283805,-0.22480208,-0.120334074,-0.14132947,-0.11858615,-0.16031548,-0.17379114,-0.15566136,-0.16744155,-0.11139822,-0.1388583,-0.13027036,-0.12826908,-0.15152657,-0.14122492,-0.11515884,-0.10065024,-0.090817064,-0.10579074,-0.12088495,-0.13514198,-0.15027548,-0.15971583,-0.1185138,-0.11129953,-0.1578567,-0.17738779,-0.13406414,-0.1646228,-0.25953975,-0.14849937,-0.13266712,-0.14206658,-0.15095688,-0.17780018,-0.16415532,-0.22917573,-0.09015879,-0.10983531,-0.13468257,-0.12985083,-0.13997786,-0.17339742,-0.13908121,-0.16057305,-0.12777606,-0.07092635,-0.03704006,-0.1372715,-0.16168758,-0.17826639,-0.14332479,-0.12334781,-0.13509592,-0.12023825,-0.13826185,-0.25318068,-0.26654312,-0.08364643,-0.10945694,-0.14422783,-0.09238048,-0.18706495,-0.19018152,-0.15273261,-0.09059745,-0.13230102,-0.14929281,-0.15018916,-0.15880692,-0.1702614,-0.18312016,-0.08842355,-0.124092825,-0.14144984,-0.10256614,-0.17951453,-0.19495486,-0.19133654,-0.10034831,-0.13113372,-0.0813972,-0.12842765,-0.19006202,-0.19324037,-0.19170094,-0.123265855,-0.07550391,-0.09764531,-0.119109936,-0.1364297,-0.12406494,-0.121451,-0.095180914,-0.097306676,-0.108672574,-0.082459606,-0.113127485,-0.13198379,-0.16665295,-0.1410757,-0.13620964,-0.18093297,-0.17825818,-0.19476679,-0.14506675,-0.15549555,-0.13571271,-0.119081676,-0.14001076,-0.19117098,-0.1917191,-0.18116224,-0.19755594,-0.25103784,-0.20219928,-0.1890243,-0.19076782,-0.1822438,-0.17425968,-0.27554205,-0.08916744,-0.11956477,-0.12748753,-0.15751183,-0.20931396,-0.18224281,-0.29657933,-0.32474133,-0.1529934,-0.3242122,-0.17325558,-0.17108874,-0.2185038,-0.17647925,-0.114121355,-0.1396128,-0.15388772,-0.15788373,-0.22984435,-0.18186735,-0.26451612,-0.10477596,-0.12455491,-0.13797978,-0.12399901,-0.15189947,-0.15452705,-0.15573993,-0.14014931,-0.15141064,-0.16247687,-0.15493962,-0.15315768,-0.15324333,-0.13417265,-0.12280586,-0.14571029,-0.1893267,-0.17707184,-0.21025829,-0.3990198,-0.20579454,-0.113589525,-0.1296617,-0.119032286,-0.1475968,-0.16636807,-0.18565348,-0.19136414,-0.13150674,-0.07686211,-0.15302783,-0.13956918,-0.14106366,-0.117835246,-0.19987361,-0.1649412,-0.15810825,-0.1419661,-0.12352897,-0.12722544,-0.14610182,-0.2588673,-0.10779478,-0.13074079,-0.09132757,-0.12832497,-0.12876461,-0.1491587,-0.15114264,-0.096561074,-0.08910369,-0.12438976,-0.11075783,-0.13790104,-0.15039968,-0.17029405,-0.1427383,-0.115856916,-0.17342934,-0.1513558,-0.14209455,-0.12570748,-0.1414421,-0.17466888,-0.13176009,-0.13216165,-0.14551333,-0.12309411,-0.08722703,-0.05825615,-0.14333132,-0.17082691,-0.026243303,-0.16743201,-0.2829064,3.1279428,-0.19971567,-0.14557633,-0.14331596,-0.14862512,-0.12963767,-0.25088155,-0.19436893,-0.18833268,-0.094744064,-0.109433636,-0.10702289,-0.09442377,-0.12759323,-0.1526399,-0.15746465,-0.16692455,-0.12812386,-0.0969081,-0.16398169,-0.14310184,-0.11335766,-0.18846886,-0.1706479,-0.15378195,-0.12558329,-0.115196005,-0.113434255,-0.11662802,-0.17523818,-0.1384801,-0.1344976,-0.096878245,-0.121517465,-0.09191272,-0.12434345,-0.13490635,-0.063823454,-0.13877153,-0.11419349,-0.13401389,-0.24483351,-0.2571875,-0.29957527,-0.1463989,-0.15643305,-0.13245952,-0.19104545,-0.0782174,-0.17252938,-0.16385955,-0.09859173,-0.11065883,-0.113829255,-0.076612435,-0.083404,-0.1213824,-0.13072303,-0.13855581,-0.19385117,-0.09976135,-0.15572113,-0.19487974,-0.19060348,-0.18685636,-0.111367464,-0.14250241,-0.10288597,-0.15886948,-0.19444175,-0.17304532,-0.16875061,-0.1427828,-0.14269575,-0.10249943,-0.15304789,-0.16112271,-0.18056136,-0.19543819,-0.12128769,-0.14702278,-0.11338103,-0.07991575,-0.14401536,-0.20725825,-0.16047707,-0.125103,-0.15657571,-0.15690626,-0.14353573,-0.19202894,-0.16221248,-0.18119925,-0.2963242,-0.20068672,-0.18096536,-0.17131923,-0.19341384,-0.15768029,-0.14054683,-0.13048902,-0.12557748,-0.13829148,-0.16420528,-0.30584824,-0.16593954,-0.18060318,-0.19232097,-0.11441202,-0.1502254,-0.14055923,-0.17768064,-0.16653809,-0.16414279,-0.14331086,-0.18237996,-0.12864628,-0.15309826,-0.13888507,-0.24156228,-0.17898577,-0.10356642,-0.13492745,-0.14170188,-0.1742522,-0.11027898,-0.13441077,-0.15147156,-0.15989372,-0.1811456,-0.15388513,-0.14927134,-0.19184028,-0.1751278,-0.16321364,-0.14723541,-0.14623587,-0.11499533,-0.10471026,-0.13533664,-0.20148799,-0.17654079,-0.12513243,-0.16476607,-0.18041904,-0.18738703,-0.11705899,-0.17551357,-0.26190156,-0.0930273,-0.09244106,-0.11508021,-0.13616624,-0.14810139,-0.09897967,-0.18846357
k__Bacteria|p__Actinobacteria|c__Actinomycetia|o__Bifidobacteriales|f__Bifidobacteriaceae|g__Bifidobacterium|s__Bifidobacterium_scardovii,7.344479,7.288759,-0.14183968,7.323913,-0.16708489,-0.19381163,-0.1666669,-0.1449596,-0.12498268,-0.18352248,-0.18335947,-0.22610882,-0.16946578,-0.20502257,-0.10304205,-0.099006854,-0.058144663,-0.09908998,-0.107570484,-0.1708942,-0.1978925,-0.12536043,-0.13603383,-0.15209948,-0.17162871,-0.11658599,-0.16740644,-0.17382443,-0.1509206,-0.12124001,-0.134889,-0.10568845,-0.148164,-0.19619718,-0.18929768,-0.2175087,-0.16102748,-0.22338755,-0.19761139,-0.29867563,-0.29210672,-0.19858545,-0.10701309,-0.09162698,-0.13691942,-0.15501152,-0.23188588,-0.19403188,-0.14653583,-0.2026537,-0.18431383,-0.18279888,-0.19754438,-0.19861192,-0.20378733,-0.15731639,-0.12556747,-0.14367464,-0.09176344,-0.09539984,-0.17123112,-0.14221591,-0.13743341,-0.1468429,-0.12719077,-0.1513538,-0.2613474,-0.22333384,-0.18908587,-0.20047067,-0.14554155,-0.14912799,-0.13056907,-0.14256775,-0.15047973,-0.16387782,-0.1465323,-0.16278498,-0.15945807,-0.14998752,-0.14695317,-0.15711462,-0.1531329,-0.22480208,-0.120334074,-0.14133966,-0.11811634,-0.16085336,-0.17402884,-0.15568595,-0.16806862,-0.11139822,-0.1388583,-0.13027036,-0.12845695,-0.15152657,-0.142451,-0.11519379,-0.10065024,-0.090216585,-0.1052666,-0.120353885,-0.13488376,-0.15027548,-0.16022614,-0.1185138,-0.11129953,-0.1578567,-0.17738779,-0.13337255,-0.16415748,-0.25953975,-0.14862765,-0.13250566,-0.14156772,-0.15095688,-0.17780018,-0.16397738,-0.22917573,-0.09015879,-0.10974333,-0.13459459,-0.12947941,-0.13997786,-0.1738568,-0.13908121,-0.16057305,-0.12777606,-0.07092635,-0.03704006,-0.13704796,-0.16209398,-0.17879811,-0.14332479,-0.12334781,-0.13569015,-0.12023825,-0.13806012,-0.25318068,-0.26654312,-0.083190545,-0.10945694,-0.14424515,-0.09238048,-0.18783328,-0.19046205,-0.15292518,-0.09000103,-0.13230102,-0.1494401,-0.15024914,-0.1589025,-0.17060092,-0.18370953,-0.087682694,-0.12353359,-0.14087786,-0.10256614,-0.17951453,-0.19495486,-0.19135728,-0.099902034,-0.13113372,-0.079321,-0.12783869,-0.19006202,-0.19359383,-0.19185953,-0.12308843,-0.07520868,-0.09694362,-0.11840387,-0.13637598,-0.12406494,-0.121451,-0.09425914,-0.09652528,-0.10828456,-0.082459606,-0.11272831,-0.13217223,-0.16699126,-0.1410757,-0.13627356,-0.18093297,-0.17825818,-0.19452977,-0.14470851,-0.15549555,-0.13529062,-0.119081676,-0.14001076,-0.19117098,-0.19149944,-0.18151468,-0.19755594,-0.25103784,-0.20219928,-0.19027129,-0.19135503,-0.18267806,-0.17409463,-0.27554205,-0.08916744,-0.11956477,-0.12780094,-0.15751183,-0.20931396,-0.18224281,-0.29657933,-0.32474133,-0.152963,-0.3242122,-0.17325558,-0.17108874,-0.2185038,-0.17647925,-0.114121355,-0.13983396,-0.15388772,-0.15788373,-0.22984435,-0.18186735,-0.25815848,-0.10416302,-0.12455491,-0.13835296,-0.12397054,-0.15189947,-0.15494797,-0.15602106,-0.14014931,-0.15141064,-0.1628936,-0.15521523,-0.15338506,-0.1530983,-0.13382925,-0.12282812,-0.14614916,-0.19013056,-0.17709753,-0.21025829,-0.3990198,-0.2028696,-0.11326638,-0.1296617,-0.118319735,-0.14782122,-0.16636807,-0.18661076,-0.19189838,-0.13138683,-0.07652233,-0.15298827,-0.139725,-0.14106366,-0.117537886,-0.19987361,-0.1649412,-0.15867862,-0.1414364,-0.12340881,-0.12722544,-0.14610182,-0.2588673,-0.107076906,-0.13074079,-0.09132757,-0.12832497,-0.12883052,-0.14967772,-0.1515834,-0.096010454,-0.08910369,-0.12409883,-0.11038244,-0.13768472,-0.15073843,-0.17030206,-0.1428425,-0.1160876,-0.17386091,-0.15182172,-0.14206629,-0.1254288,-0.14170872,-0.17466888,-0.13176009,-0.13205639,-0.14567068,-0.12283148,-0.08722703,-0.05825615,-0.14343041,-0.17082691,-0.026243303,-0.16688883,-0.2829064,-0.31316653,-0.19863664,-0.14552231,-0.14331596,-0.14862512,-0.12963767,-0.25088155,-0.19423291,-0.18866181,-0.09437534,-0.10904762,-0.10702289,-0.09343269,-0.12759323,-0.15286738,-0.15746465,-0.16708535,-0.12812386,-0.0969081,-0.16398169,-0.14328837,-0.11335766,-0.18846886,-0.1706479,-0.15380011,-0.12557188,-0.115196005,-0.11264478,-0.11662802,-0.17597178,-0.13831365,-0.13425103,-0.096878245,-0.12100191,-0.09140344,-0.12434345,-0.13548902,-0.063823454,-0.13877153,-0.11419349,-0.13362175,-0.24483351,-0.2571875,-0.29957527,-0.14610577,-0.15663657,-0.13214079,-0.19104545,-0.0782174,-0.17252472,-0.16411576,-0.09859173,-0.11065883,-0.11420805,-0.076612435,-0.083404,-0.1213824,-0.13072303,2.2773964,-0.19385117,-0.0988127,-0.15570906,-0.19487974,-0.19134533,-0.18703012,-0.11101127,-0.14284122,-0.10276808,-0.15909779,-0.19442594,-0.17252602,-0.1692329,-0.14271906,-0.14240111,-0.1016287,-0.15317348,-0.16155097,-0.18110594,-0.19544354,-0.12104918,-0.1472122,-0.113629736,-0.079697564,-0.14293459,-0.20725825,-0.16081598,-0.125103,-0.15657571,-0.15690626,-0.14360225,-0.19202894,-0.16259447,-0.18191548,-0.2963242,-0.19902247,-0.18127245,-0.17184897,-0.19326231,-0.15760438,-0.14054683,-0.13018529,-0.12557748,-0.1382969,-0.16319305,-0.30584824,-0.16678639,-0.18118241,-0.19297527,7.8843307,-0.15041915,-0.14049011,-0.17801218,-0.16692078,-0.16445443,-0.14331086,-0.18237996,-0.12829521,-0.15309995,-0.13747889,-0.24156228,-0.17976266,-0.10293057,-0.1351045,-0.14176273,-0.17445667,-0.11009448,-0.13445619,-0.15204895,-0.1598376,-0.18196365,-0.15391695,-0.14911515,-0.19184028,-0.1755436,-0.16389763,-0.14723541,-0.14623587,-0.11499533,-0.10471026,-0.13488786,-0.20148799,-0.1770385,-0.12513243,-0.16568038,-0.18041904,-0.18738703,-0.11705899,-0.17621736,-0.26085475,-0.09236533,-0.09193604,-0.11464528,-0.1358566,-0.1478801,-0.09829533,-0.18914726
k__Bacteria|p__Actinobacteria|c__Coriobacteriia|o__Coriobacteriales|f__Coriobacteriaceae|g__Collinsella|s__Collinsella_tanakaei,-0.1004395,-0.12316422,-0.1420205,-0.20428483,-0.16715957,-0.19474608,-0.1666669,-0.14587286,-0.12531015,-0.1848695,-0.18383227,-0.22900869,-0.17032988,-0.2064195,-0.10316617,-0.09949346,-0.058144663,-0.099869184,-0.10786955,-0.17179519,-0.1978925,-0.12536043,-0.13675413,-0.15316932,-0.17239177,-0.11658599,-0.1679304,-0.1750089,-0.1509206,-0.12124001,-0.13567719,-0.10563918,-0.14915895,-0.1968134,-0.19051474,-0.2175087,-0.16125502,-0.22338755,-0.19845848,-0.29867563,-0.29210672,-0.19986269,-0.10737488,-0.09162698,-0.13691942,-0.15547916,-0.23188588,-0.19439472,-0.14729281,-0.2026537,-0.18389156,-0.18279888,-0.19852862,-0.2002619,-0.2058304,-0.15897766,-0.12615645,-0.14445603,-0.09224591,-0.09570381,-0.1721371,-0.14301178,-0.13743341,-0.14760286,-0.12719077,-0.15208423,-0.2613474,-0.22333384,-0.18961605,-0.20047067,-0.14642742,-0.14985657,-0.13133702,-0.14337292,-0.15171944,-0.16487077,-0.14764582,-0.16278498,-0.15965833,-0.14998752,-0.14777997,-0.15773918,-0.15396366,-0.22480208,-0.120334074,-0.14214526,-0.11856886,-0.16175735,-0.17509201,-0.15629703,-0.16921422,-0.11139822,-0.1388583,-0.13027036,-0.12914896,-0.15152657,-0.14287773,-0.115805835,-0.10065024,-0.09036268,-0.10564287,-0.12087524,-0.13550884,-0.15027548,-0.16121788,-0.1185138,-0.11129953,-0.1578567,-0.17738779,-0.1346899,-0.16504413,-0.25953975,-0.14932552,-0.13306801,-0.1423223,-0.15095688,-0.17780018,-0.16415164,-0.22917573,-0.09015879,-0.110324696,-0.13530146,-0.13017967,-0.13997786,-0.17447361,-0.13908121,-0.16057305,-0.12777606,-0.07092635,-0.03704006,-0.13744156,-0.16296351,-0.17992377,-0.14332479,-0.12334781,-0.13619113,-0.12023825,-0.13900766,-0.25318068,-0.26654312,-0.0832618,-0.10945694,-0.14543957,-0.09238048,-0.18871766,-0.19106078,-0.15337548,-0.09012063,-0.13230102,-0.15021402,-0.15090473,-0.15970477,-0.17128417,-0.18505318,-0.08757987,-0.12425238,-0.14200577,-0.10256614,-0.17951453,-0.19495486,-0.19249961,-0.10023563,-0.13113372,-0.07987047,-0.12848958,-0.19006202,-0.19419609,-0.19282824,-0.12398644,-0.07476628,-0.09725399,-0.11889021,-0.13711454,-0.12406494,-0.121451,-0.094550654,-0.09667662,-0.10873303,-0.082459606,-0.11315753,-0.13269638,-0.1681003,-0.1410757,-0.13672742,-0.18093297,-0.17825818,-0.19523987,-0.1453613,-0.15549555,-0.136201,-0.119081676,-0.14001076,-0.19117098,-0.19194457,-0.18227796,-0.19755594,-0.25103784,-0.20219928,-0.19073232,-0.1918097,-0.18349093,-0.1747461,-0.27554205,-0.08916744,-0.11956477,-0.12817428,-0.15751183,-0.20931396,-0.18224281,-0.29657933,-0.32474133,-0.15369931,-0.3242122,-0.17325558,-0.17108874,-0.2185038,-0.17647925,-0.114121355,-0.14019667,-0.15388772,-0.15788373,-0.22984435,-0.18186735,-0.25930536,-0.10451518,-0.12455491,-0.13899839,-0.1245337,-0.15189947,-0.15563957,-0.15708667,-0.14014931,-0.15141064,-0.16403805,-0.15577501,-0.15430923,-0.15384142,-0.13448077,-0.123430744,-0.14693646,-0.19160567,-0.17781048,-0.21025829,-0.3990198,-0.20488346,-0.11370852,-0.1296617,-0.11901936,-0.14870235,-0.16636807,-0.18775791,-0.19272444,-0.13210872,-0.076321274,-0.1540948,-0.14029405,-0.14106366,-0.11860086,-0.19987361,-0.1649412,-0.15907708,-0.14228058,-0.12390416,-0.12722544,-0.14610182,-0.2588673,-0.107509464,-0.13074079,-0.09132757,-0.12832497,-0.12968409,-0.15017056,-0.15254521,-0.09631375,-0.08910369,-0.124854304,-0.11062294,-0.13843822,-0.15136743,-0.171461,-0.14353444,-0.11659088,-0.17488718,-0.15239637,-0.14298394,-0.1255322,-0.14297888,-0.17466888,-0.13176009,-0.13288206,-0.14635709,-0.12320264,-0.08722703,-0.05825615,-0.14410874,-0.17082691,-0.026243303,-0.1674008,-0.2829064,-0.31316653,-0.20005825,-0.1463356,-0.14331596,-0.14862512,-0.12963767,-0.25088155,-0.19457364,-0.18982965,-0.09461011,-0.10960095,-0.10702289,-0.094247684,-0.12759323,-0.15377107,-0.15746465,-0.1678606,-0.12812386,-0.0969081,-0.16398169,-0.14432874,-0.11335766,-0.18846886,-0.1706479,-0.15452501,-0.12612164,-0.115196005,-0.11349169,-0.11662802,-0.17710534,-0.13903338,-0.13491562,-0.096878245,-0.12143612,-0.091738716,-0.12434345,-0.13638343,-0.063823454,-0.13877153,-0.11419349,-0.13437164,-0.24483351,-0.2571875,-0.29957527,-0.14689402,-0.15749593,-0.13273948,-0.19104545,-0.0782174,-0.17349559,-0.16521677,-0.09859173,-0.11065883,-0.11491551,-0.076612435,-0.083404,-0.1213824,-0.13072303,-0.13855581,-0.19385117,-0.099087864,-0.15654382,-0.19487974,-0.19193105,-0.18807933,-0.11145064,-0.14333844,-0.10309021,-0.16034241,-0.1952402,-0.17454565,-0.16990946,-0.14333716,-0.14313078,-0.10187811,-0.15407807,-0.16213992,-0.18187082,-0.19626623,-0.12157654,-0.14802355,-0.11403959,-0.079975486,-0.14397788,-0.20725825,-0.16139916,-0.125103,-0.15657571,-0.15690626,-0.1440947,-0.19202894,-0.16323313,-0.18317577,7.6785364,-0.19866109,-0.18215552,-0.17204516,-0.19391102,-0.15811023,3.9718564,-0.13080117,-0.12557748,-0.1388703,-0.16454661,-0.30584824,-0.16730253,-0.18216757,-0.19352242,-0.11441202,-0.15142159,-0.1409755,-0.17896903,-0.16754255,-0.16547848,-0.14331086,-0.18237996,-0.1287795,-0.15436482,-0.13847078,-0.24156228,-0.17992339,-0.10332749,-0.13547587,-0.14252633,-0.17544265,-0.110379666,-0.13498282,-0.15317127,-0.1607308,-0.18230373,-0.1551053,-0.14971285,-0.19184028,-0.17599362,-0.16503671,-0.14723541,-0.14623587,-0.11499533,-0.10471026,-0.1358157,-0.20148799,-0.17794363,-0.12513243,-0.1662921,-0.18041904,-0.18738703,-0.11705899,-0.17800897,-0.2607618,-0.09244262,-0.09223448,-0.11498898,-0.13665038,-0.1487129,-0.0985567,-0.19024748
k__Bacteria|p__Actinobacteria|c__Coriobacteriia|o__Eggerthellales|f__Eggerthellaceae|g__Gordonibacter|s__Gordonibacter_urolithinfaciens,-0.1004395,-0.12316422,-0.14154185,-0.20428483,-0.16515025,-0.1922288,-0.1666669,-0.14492242,-0.12529498,-0.18325987,-0.18256988,-0.2250781,-0.16890793,-0.2030881,-0.10340713,-0.099690296,-0.058144663,-0.100571975,-0.108021885,-0.17023915,1.0761882,-0.12536043,-0.13638046,-0.15210122,-0.17077518,-0.11658599,-0.16673855,-0.17312303,-0.1509206,-0.12124001,-0.13493091,-0.1060295,-0.14817393,-0.19475538,-0.18826658,-0.2175087,-0.15910426,-0.22338755,-0.19524956,-0.29867563,-0.29210672,-0.19723114,-0.107403524,-0.09162698,-0.13691942,-0.15445566,-0.23188588,-0.19212155,-0.14594668,-0.2026537,-0.18115191,-0.18279888,-0.19630507,-0.198246,-0.2036916,-0.15792057,-0.125851,-0.143602,-0.09297918,-0.09639265,-0.17059231,-0.14240637,-0.13743341,-0.14660981,-0.12719077,-0.15112707,-0.2613474,-0.22333384,-0.18710165,-0.20047067,-0.14554125,-0.14890277,-0.1308524,-0.14294794,-0.15104376,-0.16359574,-0.14611533,-0.16278498,-0.15814584,-0.14998752,-0.14692928,-0.15650876,-0.15305522,-0.22480208,-0.120334074,-0.14146331,-0.11867073,-0.16063187,-0.17320822,-0.15506259,-0.16737919,-0.11139822,-0.1388583,-0.13027036,-0.12889165,-0.15152657,-0.14231217,-0.11580147,-0.10065024,-0.09144382,-0.106196165,-0.12080925,-0.13495772,-0.15027548,-0.15972807,-0.1185138,-0.11129953,-0.1578567,-0.17738779,-0.13411011,-0.16340639,-0.25953975,-0.14821532,-0.13264826,-0.14175712,-0.15095688,-0.17780018,-0.16232316,-0.22917573,-0.09015879,-0.11055212,-0.13479781,-0.12994775,-0.13997786,-0.17276153,-0.13908121,-0.16057305,-0.12777606,-0.07092635,-0.03704006,-0.13697156,-0.16166897,-0.17791459,-0.14332479,-0.12334781,-0.13557588,-0.12023825,-0.13863426,-0.25318068,-0.26654312,-0.084295556,-0.10945694,-0.14462006,-0.09238048,-0.18673447,-0.18901028,-0.15240799,-0.090899274,-0.13230102,-0.14926067,-0.15002948,-0.15855545,-0.16975623,-0.18288589,-0.0884726,-0.1239508,-0.14086989,-0.10256614,-0.17951453,-0.19495486,-0.19002643,-0.10066052,-0.13113372,-0.08137227,-0.12848188,-0.19006202,-0.19193542,-0.19028586,-0.123517945,-0.076058246,-0.09778805,-0.11895781,-0.13670218,-0.12406494,-0.121451,-0.09513624,-0.09728725,-0.10902088,-0.082459606,-0.113534585,-0.132505,-0.16639216,-0.1410757,-0.13612519,-0.18093297,-0.17825818,-0.19287197,-0.14443684,-0.15549555,-0.13550842,-0.119081676,-0.14001076,-0.19117098,-0.18947524,-0.18025142,-0.19755594,-0.25103784,-0.20219928,-0.18831603,-0.18957278,-0.1816418,-0.17295608,-0.27554205,-0.08916744,-0.11956477,-0.12789714,-0.15751183,-0.20931396,-0.18224281,-0.29657933,-0.32474133,-0.15269148,-0.3242122,-0.17325558,-0.17108874,-0.2185038,-0.17647925,-0.114121355,-0.13954805,-0.15388772,-0.15788373,-0.22984435,-0.18186735,-0.25462192,-0.104850024,-0.12455491,-0.13854739,-0.12445519,-0.15189947,-0.15475687,-0.15558052,-0.14014931,-0.15141064,-0.16267668,-0.15451652,-0.1531213,-0.15257461,-0.13387555,-0.12322351,-0.14618313,-0.18978837,-0.17594507,-0.21025829,-0.3990198,-0.20374121,-0.113747865,-0.1296617,-0.1191407,-0.14801426,-0.16636807,-0.18569653,-0.19022049,-0.13137344,-0.07787628,-0.15302163,-0.13953948,-0.14106366,-0.11856679,-0.19987361,-0.1649412,-0.15753452,-0.14139694,-0.123870835,-0.12722544,-0.14610182,-0.2588673,-0.10763241,-0.13074079,-0.09132757,-0.12832497,-0.12948847,-0.14925358,-0.1513243,-0.096880235,-0.08910369,-0.12472589,-0.11093048,-0.13782917,-0.1504541,-0.16969824,-0.1425753,-0.116598904,-0.17322256,-0.1514516,-0.14231715,-0.12546828,-0.14190787,-0.17466888,-0.13176009,-0.13234389,-0.14563811,-0.12295304,-0.08722703,-0.05825615,-0.14328298,-0.17082691,-0.026243303,-0.16495237,3.2855034,3.901777,-0.19835174,-0.14538749,-0.14331596,-0.14862512,-0.12963767,-0.25088155,-0.19204366,-0.18724747,-0.0953417,-0.10981803,-0.10702289,-0.09548908,-0.12759323,-0.15274328,3.793372,-0.16627596,-0.12812386,-0.0969081,-0.16398169,-0.14368221,-0.11335766,-0.18846886,-0.1706479,-0.15315357,-0.12581065,-0.115196005,-0.11365011,-0.11662802,-0.17525497,-0.13834405,-0.13435161,-0.096878245,-0.121503964,-0.09267385,-0.12434345,-0.13569763,-0.063823454,-0.13877153,-0.11419349,-0.13389622,-0.24483351,-0.2571875,-0.29957527,-0.14585388,-0.15645841,-0.13247854,-0.19104545,-0.0782174,-0.17150515,-0.16378915,-0.09859173,-0.11065883,-0.11489709,-0.076612435,-0.083404,-0.1213824,-0.13072303,-0.13855581,-0.19385117,-0.099525236,-0.15508297,-0.19487974,-0.18965645,-0.18586051,-0.11144146,-0.1426616,-0.103632115,-0.15901354,-0.19310725,-0.17283031,-0.16800386,-0.14247835,-0.14226165,-0.10228893,-0.15313604,-0.16098076,-0.17988962,-0.19368212,-0.121434554,-0.14707161,-0.11394323,-0.08147453,-0.14328024,-0.20725825,-0.1594306,-0.125103,-0.15657571,1.2781545,-0.14325444,1.8588113,-0.1617008,-0.18100011,-0.2963242,-0.19531624,-0.18058088,-0.17075521,-0.19166306,-0.15699792,-0.14054683,-0.13027453,-0.12557748,-0.13800636,-0.16222435,3.0099146,-0.16571803,-0.18013118,-0.19113971,-0.11441202,-0.15059458,-0.14028929,-0.17708804,-0.1661183,-0.1637894,-0.14331086,-0.18237996,-0.1279415,-0.15338147,-0.13785514,1.1904972,-0.17744666,-0.103622206,-0.13506639,-0.1419813,-0.17353265,-0.11050772,-0.13459074,-0.15199038,-0.15919262,-0.18043225,-0.15412983,-0.14884922,-0.19184028,-0.1740342,-0.16340302,-0.14723541,-0.14623587,-0.11499533,-0.10471026,-0.13555457,-0.20148799,-0.1756459,-0.12513243,-0.16483307,-0.18041904,-0.18738703,-0.11705899,-0.1762242,-0.25630558,-0.09311139,-0.09303921,-0.11504799,-0.13622236,-0.1478417,-0.09919238,-0.18783623
k__Bacteria|p__Actinobacteria|c__Actinomycetia|o__Actinomycetales|f__Actinomycetaceae|g__Actinomyces|s__Actinomyces_graevenitzii,-0.1004395,-0.12316422,-0.14159155,-0.20428483,-0.16612074,-0.19272608,-0.1666669,-0.14440396,-0.124589756,-0.18259755,-0.18266389,-0.22647962,-0.16986215,-0.20415384,-0.1029017,-0.09922582,-0.058144663,-0.09967433,-0.10759546,-0.17031635,-0.1978925,-0.12536043,-0.13600197,-0.15171331,-0.17090255,-0.11658599,-0.1667633,-0.17305376,-0.1509206,-0.12124001,-0.13458326,-0.10554823,-0.14791481,-0.19507542,-0.18851632,-0.2175087,-0.15999731,-0.22338755,-0.19623962,1.1982241,-0.29210672,-0.19770771,-0.10686986,-0.09162698,-0.13691942,-0.1546774,-0.23188588,-0.19328356,-0.14594755,-0.2026537,-0.18208086,-0.18279888,-0.19630793,-0.19849828,-0.20386662,-0.15761384,-0.12541878,-0.14339891,-0.09200594,-0.09556806,-0.17052703,-0.14191516,-0.13743341,-0.14646056,-0.12719077,-0.15078506,-0.2613474,-0.22333384,-0.18783587,-0.20047067,-0.14515416,-0.1486867,-0.13045536,-0.1425794,-0.15036003,-0.16326469,-0.14575645,-0.16278498,-0.15854567,-0.14998752,-0.14675122,-0.15658492,-0.15282895,-0.22480208,-0.120334074,-0.1411824,-0.11823338,-0.1603132,-0.17325816,-0.15525559,-0.16741073,-0.11139822,-0.1388583,-0.13027036,-0.12829182,-0.15152657,-0.14203441,-0.11509419,-0.10065024,-0.09046242,-0.10538234,-0.12023733,-0.13471591,-0.15027548,-0.15961999,-0.1185138,-0.11129953,-0.1578567,1.4601063,-0.13318956,-0.16350925,-0.25953975,-0.14814337,-0.13234183,-0.14143656,-0.15095688,-0.17780018,-0.1631394,-0.22917573,-0.09015879,-0.11001237,-0.13434245,-0.12941483,-0.13997786,-0.17315,0.70288295,-0.16057305,-0.12777606,-0.07092635,-0.03704006,-0.13697883,-0.16161285,-0.17809957,0.66053766,-0.12334781,-0.1352044,-0.12023825,-0.13804358,-0.25318068,-0.26654312,-0.08342252,-0.10945694,-0.14401396,-0.09238048,-0.18720987,-0.18964106,-0.15275891,-0.090247445,-0.13230102,-0.14916298,-0.14990115,-0.15843461,-0.16995129,-0.18282372,-0.08793105,-0.12347323,-0.14055789,-0.10256614,-0.17951453,-0.19495486,-0.19030069,-0.09992322,-0.13113372,-0.07999953,-0.12799236,-0.19006202,-0.19253457,-0.1909158,-0.12297663,-0.0752037,-0.09694028,-0.118399486,-0.1362724,-0.12406494,-0.121451,-0.094447136,-0.09663278,-0.10832303,-0.082459606,-0.11274549,-0.1320819,-0.16636793,-0.1410757,-0.13597219,-0.18093297,-0.17825818,-0.19357467,-0.14443637,-0.15549555,-0.13506687,-0.119081676,-0.14001076,-0.19117098,-0.19043134,-0.18059216,-0.19755594,1.8631448,1.9819959,-0.18928473,-0.19030418,-0.18193725,-0.1734653,-0.27554205,-0.08916744,-0.11956477,-0.12765387,-0.15751183,-0.20931396,-0.18224281,-0.29657933,-0.32474133,-0.1540415,-0.3242122,-0.17325558,-0.17108874,-0.2185038,-0.17647925,-0.114121355,-0.13950346,-0.15388772,-0.15788373,-0.22984435,-0.18186735,-0.2561074,-0.10425251,-0.12455491,-0.13809702,-0.12390073,-0.15189947,-0.15459007,-0.15541077,-0.14014931,-0.15141064,-0.16232306,-0.15468614,-0.15287104,-0.15265906,-0.133638,-0.12267828,-0.14582518,-0.18939584,-0.17648387,-0.21025829,-0.3990198,-0.20427693,-0.11319472,-0.1296617,-0.11829937,-0.14763942,-0.16636807,-0.18565667,-0.19071291,-0.1313194,-0.076624036,-0.15258509,-0.13935405,-0.14106366,-0.11791089,-0.19987361,-0.1649412,-0.15795001,-0.1412496,-0.12344031,-0.12722544,-0.14610182,-0.2588673,-0.10719969,-0.13074079,-0.09132757,-0.12832497,-0.12887391,-0.1493842,-0.15112138,-0.09611368,-0.08910369,-0.12410163,-0.11046847,-0.13764969,-0.15037458,-0.16976424,-0.14239016,-0.116141714,-0.17328921,-0.15138954,-0.1420398,-0.12523842,-0.14146076,1.8776029,-0.13176009,-0.13185906,-0.145345,-0.12261951,-0.08722703,-0.05825615,-0.14303745,-0.17082691,-0.026243303,-0.1660953,1.4379411,-0.31316653,-0.19841294,-0.14520296,-0.14331596,-0.14862512,-0.12963767,-0.25088155,-0.19308531,-0.18760337,-0.0945908,-0.10898784,-0.10702289,-0.09383002,-0.12759323,-0.15266915,-0.15746465,-0.16631529,-0.12812386,-0.0969081,-0.16398169,-0.14325532,-0.11335766,-0.18846886,-0.1706479,-0.15333782,-0.12530524,-0.115196005,-0.11279562,-0.11662802,-0.17519504,-0.13802749,-0.1339395,-0.096878245,-0.1209518,-0.09172322,1.3016102,-0.13535893,-0.063823454,-0.13877153,-0.11419349,-0.13358253,-0.24483351,-0.2571875,-0.29957527,-0.14571197,-0.15618263,-0.13193414,-0.19104545,-0.0782174,-0.17152582,-0.1637234,-0.09859173,-0.11065883,-0.114219725,-0.076612435,-0.083404,-0.1213824,-0.13072303,-0.13855581,-0.19385117,-0.098944396,-0.15509446,-0.19487974,-0.19020401,-0.18620524,-0.1110129,-0.14265704,-0.1027149,-0.15839487,-0.1933339,-0.17231779,-0.16840798,-0.14237022,-0.14205226,-0.1017942,-0.15289965,-0.16098607,-0.18021597,-0.19434446,-0.120942466,-0.14675775,-0.11330473,-0.07999191,-0.14300276,-0.20725825,-0.15991426,-0.125103,-0.15657571,1.1757623,-0.14318982,2.0936291,-0.16196664,-0.18107764,-0.2963242,-0.19740991,-0.18078128,-0.17134874,-0.19248863,-0.15727592,2.1254048,-0.1299879,-0.12557748,-0.13791169,-0.16293731,-0.30584824,-0.16605827,-0.18024641,-0.19177064,-0.11441202,-0.15032366,-0.14033118,-0.17735574,-0.16624492,-0.16381921,-0.14331086,-0.18237996,-0.12784939,-0.15293817,-0.13742453,-0.24156228,-0.17860363,-0.103060134,-0.13497758,-0.14149877,-0.17365357,-0.11017707,-0.13432294,-0.1515792,-0.15921205,-0.18097907,-0.15366155,-0.14875132,-0.19184028,-0.17468676,-0.16325712,-0.14723541,-0.14623587,-0.11499533,-0.10471026,-0.13504265,-0.20148799,-0.17612159,-0.12513243,-0.16503507,-0.18041904,-0.18738703,-0.11705899,-0.1753239,-0.2579052,-0.09245429,-0.092185125,-0.11458612,-0.13575087,-0.1476181,-0.098571464,-0.1881037
k__Bacteria|p__Actinobacteria|c__Actinomycetia|o__Actinomycetales|f__Actinomycetaceae|g__Actinomyces|s__Actinomyces_SGB17157,-0.1004395,-0.12316422,-0.14183168,-0.20428483,-0.16676593,-0.19329943,-0.1666669,-0.14514053,-0.12497087,-0.18343142,-0.182801,-0.2306045,-0.16838482,-0.2070075,-0.10341247,-0.099997334,-0.058144663,-0.100044884,-0.10793007,-0.17061049,-0.1978925,-0.12536043,-0.13617036,-0.15210304,-0.17133299,-0.11658599,-0.16703317,-0.17368542,-0.1509206,-0.12124001,-0.13509312,-0.106064975,-0.14833874,-0.19584264,-0.18904193,-0.2175087,-0.16062868,-0.22338755,-0.19728589,-0.29867563,-0.29210672,-0.19850826,-0.10751732,-0.09162698,-0.13691942,-0.15489055,-0.23188588,-0.1934956,-0.14662091,-0.2026537,-0.18332368,-0.18279888,-0.19766289,-0.19883172,-0.20480323,-0.15728322,-0.12585035,-0.14380094,-0.0922812,-0.09590991,-0.17102008,-0.14208585,-0.13743341,-0.14688754,-0.12719077,-0.15110105,-0.2613474,-0.22333384,-0.18854186,-0.20047067,-0.14567597,-0.14910394,-0.13098451,-0.14278474,-0.15055184,-0.1637702,-0.14636886,-0.16278498,-0.15926144,-0.14998752,-0.14694855,-0.15704402,-0.15304933,-0.22480208,-0.120334074,-0.14143968,-0.118431516,-0.16071875,-0.17381498,-0.15555507,-0.16784397,-0.11139822,-0.1388583,-0.13027036,-0.12856928,-0.15152657,-0.14219314,-0.11552451,-0.10065024,-0.09077657,-0.10567342,-0.12067911,-0.1350278,-0.15027548,-0.1601497,-0.1185138,-0.11129953,-0.1578567,-0.17738779,-0.13387308,-0.16394837,-0.25953975,-0.14861079,-0.13274778,-0.14181012,-0.15095688,-0.17780018,-0.16359836,-0.22917573,-0.09015879,-0.11016743,-0.13476676,-0.12976137,-0.13997786,-0.1735341,3.8777819,-0.16057305,-0.12777606,-0.07092635,-0.03704006,-0.13723111,-0.16188501,-0.1785774,-0.14332479,-0.12334781,-0.13566747,-0.12023825,-0.13824347,3.6081882,0.5221679,-0.083807155,-0.10945694,-0.14441335,-0.09238048,-0.18748708,-0.19018798,-0.1529761,-0.09059502,-0.13230102,-0.149425,-0.150272,-0.15887624,-0.17033854,-0.18334852,-0.088232465,-0.123973325,-0.14137292,-0.10256614,-0.17951453,-0.19495486,-0.19096881,-0.100366056,-0.13113372,-0.08041921,-0.12784956,-0.19006202,-0.19317771,-0.19152445,-0.12342446,-0.07567316,-0.097542375,-0.118754625,-0.13655025,-0.12406494,-0.121451,-0.09492182,-0.09699175,-0.10876492,-0.082459606,-0.11309681,-0.13219595,-0.16690794,-0.1410757,-0.13631979,-0.18093297,-0.17825818,-0.19416845,-0.14476508,-0.15549555,-0.13550772,-0.119081676,-0.14001076,-0.19117098,-0.1912907,-0.18135506,-0.19755594,-0.25103784,-0.20219928,-0.18970008,-0.19091535,-0.182358,-0.17395878,-0.27554205,-0.08916744,-0.11956477,-0.1278629,-0.15751183,2.2459128,-0.18224281,-0.29657933,-0.32474133,-0.15272288,-0.3242122,-0.17325558,-0.17108874,2.6741393,-0.17647925,-0.114121355,-0.13990203,-0.15388772,-0.15788373,-0.22984435,-0.18186735,-0.25899228,-0.10465134,-0.12455491,-0.138432,-0.124167,-0.15189947,-0.15477258,-0.1560044,-0.14014931,-0.15141064,-0.16280603,-0.15505278,-0.15339497,-0.15305772,-0.134104,-0.1230041,-0.14614859,-0.18993858,-0.17687368,-0.21025829,-0.3990198,-0.2038754,-0.11361969,-0.1296617,-0.118858054,-0.1477279,-0.16636807,-0.18626088,-0.1913676,-0.13163495,-0.0769793,-0.15296672,-0.13970597,-0.14106366,-0.11790655,-0.19987361,-0.1649412,-0.15845607,-0.14170273,-0.12364587,-0.12722544,-0.14610182,-0.2588673,-0.107532874,-0.13074079,-0.09132757,-0.12832497,-0.12909381,-0.14949146,-0.1516,-0.09657118,-0.08910369,-0.12443077,-0.110682905,-0.13790172,-0.15064108,-0.170198,-0.14285742,-0.11634335,-0.1737343,-0.15169302,-0.14228688,-0.12554374,-0.1417517,-0.17466888,-0.13176009,-0.13225341,-0.1456419,-0.12302038,-0.08722703,-0.05825615,-0.14335969,-0.17082691,-0.026243303,-0.16681865,-0.2829064,-0.31316653,-0.19873285,-0.14558682,-0.14331596,-0.14862512,-0.12963767,-0.25088155,-0.19379327,-0.18829915,-0.0947429,-0.10952148,-0.10702289,-0.09406836,-0.12759323,-0.1527651,3.429636,-0.16693905,-0.12812386,3.175231,3.1854928,-0.14342192,-0.11335766,-0.18846886,-0.1706479,-0.1537829,-0.12578052,-0.115196005,-0.11310918,-0.11662802,-0.17575717,-0.13845985,-0.13443823,-0.096878245,-0.12135252,-0.09195546,-0.12434345,-0.13563392,-0.063823454,-0.13877153,-0.11419349,-0.13382515,1.6922114,-0.2571875,-0.29957527,-0.14622782,-0.15664136,-0.13227364,-0.19104545,-0.0782174,-0.17243733,-0.16411367,-0.09859173,-0.11065883,-0.11446281,-0.076612435,-0.083404,-0.1213824,-0.13072303,-0.13855581,-0.19385117,-0.099374264,-0.15555325,-0.19487974,-0.19083485,-0.1867576,-0.11137737,-0.14296967,-0.103062086,-0.15907657,-0.19396114,-0.17282009,-0.16878977,-0.14277515,-0.14258073,-0.1021581,-0.15317355,-0.161361,-0.18080121,-0.19507135,-0.12124993,-0.14723215,-0.113844104,-0.08032752,-0.14315549,-0.20725825,-0.16068389,-0.125103,-0.15657571,-0.15690626,-0.14360723,-0.19202894,-0.16231364,-0.18159717,-0.2963242,-0.19893704,-0.18112472,-0.17160371,-0.19313923,-0.15749526,-0.14054683,-0.13040385,-0.12557748,-0.13827907,-0.16352487,-0.30584824,-0.16660923,-0.18086115,-0.19243683,-0.11441202,-0.1503891,-0.14059064,-0.17780921,-0.16667506,-0.16431698,-0.14331086,-0.18237996,-0.1284762,-0.1532906,-0.13769469,-0.24156228,-0.17940338,-0.10349247,-0.13516808,-0.14186934,-0.17422178,-0.110400766,-0.13454446,-0.15195617,-0.15991251,-0.18168986,-0.15400174,-0.14897531,-0.19184028,-0.17507719,-0.16380484,-0.14723541,-0.14623587,-0.11499533,-0.10471026,-0.1350615,-0.20148799,-0.17672008,-0.12513243,-0.16569477,-0.18041904,-0.18738703,-0.11705899,-0.1759977,-0.25986558,-0.09287809,-0.092535526,-0.11495302,-0.13607548,-0.14800067,-0.09873919,-0.18866445
k__Bacteria|p__Actinobacteria|c__Actinomycetia|o__Actinomycetales|f__Actinomycetaceae|g__Actinomyces|s__Actinomyces_SGB17168,-0.1004395,-0.12316422,-0.14097023,-0.20428483,-0.1668059,-0.19134164,-0.1666669,-0.14439228,-0.12518921,-0.18196568,-0.18137708,-0.21380009,-0.16797481,-0.19951144,-0.10354862,-0.0993595,-0.058144663,-0.09979701,-0.10807486,-0.16960631,-0.1978925,-0.12536043,-0.13596827,-0.15152101,-0.1700821,-0.11658599,-0.1668542,-0.17272498,-0.1509206,-0.12124001,-0.13509408,-0.10606587,-0.14762218,-0.19323166,-0.1871123,-0.2175087,-0.16096856,-0.22338755,-0.1953782,-0.29867563,-0.29210672,-0.19500789,-0.10761686,-0.09162698,-0.13691942,-0.15434057,-0.23188588,-0.19222724,-0.14603956,-0.2026537,-0.18408187,-0.18279888,-0.19453505,-0.19391698,-0.19680414,-0.15645728,-0.12551698,-0.14312123,-0.09290247,-0.09611215,-0.17015502,-0.14173126,-0.13743341,-0.1462892,-0.12719077,-0.15073472,-0.2613474,-0.22333384,-0.18765347,-0.20047067,-0.14493865,-0.14866738,-0.13021259,-0.14175996,-0.1493862,-0.16297933,-0.14611328,-0.16278498,-0.15907985,-0.14998752,-0.14687523,-0.15612788,-0.15237375,-0.22480208,-0.120334074,-0.14096822,-0.11827578,-0.15997949,-0.17274407,-0.1547283,-0.16689223,-0.11139822,-0.1388583,-0.13027036,-0.12851143,-0.15152657,-0.14262505,-0.115756884,-0.10065024,-0.091115355,-0.10564248,-0.1204196,-0.13463333,-0.15027548,-0.15961614,-0.1185138,-0.11129953,-0.1578567,-0.17738779,-0.13245583,-0.1627981,-0.25953975,-0.14819717,-0.13232085,-0.14057101,-0.15095688,-0.17780018,-0.16299364,-0.22917573,-0.09015879,-0.11062911,-0.13429913,-0.12912084,-0.13997786,-0.17252904,0.9651151,-0.16057305,-0.12777606,-0.07092635,-0.03704006,-0.13688086,-0.16106686,-0.1775465,-0.14332479,-0.12334781,-0.13573296,-0.12023825,-0.13741505,-0.25318068,1.4815694,-0.08444601,-0.10945694,-0.14355573,-0.09238048,-0.18617144,-0.18842623,-0.15213658,-0.09107058,-0.13230102,-0.14891514,-0.14953282,-0.15789714,-0.16942623,-0.18202986,-0.08869337,-0.123484015,-0.14050804,-0.10256614,-0.17951453,-0.19495486,-0.18897517,-0.10052079,-0.13113372,-0.07918227,-0.12732,-0.19006202,-0.19149847,-0.18971512,-0.1233453,-0.07681303,-0.097543836,-0.118277185,-0.13595565,-0.12406494,-0.121451,-0.09488968,-0.09703308,-0.10865952,-0.082459606,-0.112694174,-0.13196713,-0.16602987,-0.1410757,-0.13624209,-0.18093297,-0.17825818,-0.19188607,-0.1440445,-0.15549555,-0.13485217,-0.119081676,-0.14001076,-0.19117098,-0.18928531,-0.1799317,-0.19755594,-0.25103784,-0.20219928,-0.18905683,-0.1896855,-0.18087569,-0.17254403,2.5940814,-0.08916744,-0.11956477,-0.12803891,-0.15751183,2.475121,2.9327176,1.1024752,-0.32474133,-0.15146601,-0.3242122,-0.17325558,-0.17108874,-0.2185038,-0.17647925,-0.114121355,-0.13973616,-0.15388772,-0.15788373,-0.22984435,-0.18186735,-0.24845025,-0.104647905,-0.12455491,-0.13815126,-0.124134086,-0.15189947,-0.15407911,-0.15550856,-0.14014931,-0.15141064,-0.16198814,-0.15476918,-0.15265805,-0.15226448,-0.13345766,-0.12312877,-0.14603172,-0.18804379,-0.17544895,-0.21025829,-0.3990198,-0.1968692,-0.1135456,-0.1296617,-0.11806099,-0.14716487,-0.16636807,-0.18497497,-0.19007125,-0.13154837,-0.07772148,-0.15213206,-0.13951011,-0.14106366,-0.118037716,-0.19987361,-0.1649412,-0.15834126,-0.14059804,-0.12342854,-0.12722544,-0.14610182,-0.2588673,-0.1075123,-0.13074079,-0.09132757,-0.12832497,-0.12885064,-0.14941993,-0.15119037,-0.09681685,-0.08910369,-0.12399022,-0.1108218,-0.13734402,-0.15020841,-0.16892554,-0.14245923,-0.11684127,-0.1724641,-0.15121791,-0.14168485,-0.12513274,-0.14132008,-0.17466888,-0.13176009,-0.13186598,-0.14505894,-0.12278056,-0.08722703,-0.05825615,-0.14278248,-0.17082691,-0.026243303,-0.16622344,-0.2829064,-0.31316653,-0.1938961,-0.14504671,-0.14331596,-0.14862512,-0.12963767,-0.25088155,-0.19193415,-0.18681464,-0.09519185,-0.10951612,-0.10702289,-0.09341107,-0.12759323,-0.15215279,-0.15746465,-0.16595556,-0.12812386,-0.0969081,-0.16398169,-0.1430897,-0.11335766,-0.18846886,-0.1706479,-0.15328944,-0.12561166,-0.115196005,-0.11265157,-0.11662802,-0.17465988,-0.13797876,-0.13389388,-0.096878245,-0.12072259,-0.092318654,-0.12434345,-0.13583846,-0.063823454,-0.13877153,-0.11419349,-0.13333994,-0.24483351,-0.2571875,1.5311577,-0.14544618,-0.15567188,-0.13163629,-0.19104545,-0.0782174,-0.17064416,-0.16325207,-0.09859173,-0.11065883,-0.11512646,-0.076612435,-0.083404,-0.1213824,-0.13072303,-0.13855581,-0.19385117,-0.09919731,-0.15494946,-0.19487974,-0.18964142,-0.1850402,-0.11160147,-0.14260179,-0.1034234,-0.15825057,-0.19191387,-0.17048435,-0.16803163,-0.14231089,-0.14184538,-0.10208589,-0.1522105,-0.16071913,-0.17951,-0.1926963,-0.12116145,-0.1466025,-0.11428277,-0.080927365,-0.14189902,-0.20725825,-0.16038029,-0.125103,-0.15657571,-0.15690626,-0.14318314,-0.19202894,-0.16192476,-0.18052354,-0.2963242,-0.19576696,-0.17924203,-0.17067519,-0.19077432,-0.15642047,-0.14054683,-0.13008323,-0.12557748,-0.13788217,-0.16236499,-0.30584824,-0.16582742,-0.179632,-0.19131891,-0.11441202,-0.14965151,-0.14030403,-0.17656773,-0.16583061,-0.16357037,-0.14331086,-0.18237996,-0.12839676,-0.15217412,-0.13612115,-0.24156228,-0.17893387,-0.10359806,-0.1351094,-0.14119256,-0.1731396,-0.11073938,-0.13423675,-0.15133512,-0.15891653,-0.18075004,-0.1528191,-0.14838624,-0.19184028,-0.1743719,-0.16321029,-0.14723541,-0.14623587,-0.11499533,-0.10471026,-0.13426058,-0.20148799,-0.1760071,-0.12513243,-0.16527927,-0.18041904,-0.18738703,-0.11705899,-0.17438531,-0.25512594,-0.09320393,-0.092889935,-0.11494181,-0.135335,-0.1470145,-0.098885715,-0.18713945
k__Bacteria|p__Actinobacteria|c__Actinomycetia|o__Bifidobacteriales|f__Bifidobacteriaceae|g__Bifidobacterium|s__Bifidobacterium_animalis,-0.1004395,-0.12316422,-0.14105526,-0.20428483,-0.1656188,-0.19159435,-0.1666669,-0.14423694,-0.124554425,-0.1817125,-0.18189625,-0.22570832,-0.16782883,-0.20310716,-0.10318161,-0.0994425,-0.058144663,-0.09972203,-0.10771489,-0.16935518,5.627432,-0.12536043,-0.1355955,-0.15121673,-0.17005186,-0.11658599,-0.16588356,-0.17233592,-0.1509206,-0.12124001,-0.13436103,-0.10571663,-0.14737129,-0.19394436,-0.1872487,-0.2175087,-0.15980518,-0.22338755,-0.19532308,-0.29867563,-0.29210672,-0.19618165,-0.10704698,-0.09162698,-0.13691942,-0.1539847,-0.23188588,-0.19182703,-0.14563444,-0.2026537,-0.18224199,-0.18279888,-0.19558054,-0.19706164,-0.2022686,-0.15623106,-0.12525885,-0.1428941,-0.09235902,-0.09581685,-0.16967046,-0.14150023,-0.13743341,-0.14604187,-0.12719077,-0.15014666,-0.2613474,-0.22333384,-0.18697768,-0.20047067,-0.14475837,-0.14822766,-0.13017385,-0.1419454,-0.14960876,-0.16271368,-0.14541462,-0.16278498,-0.15828949,-0.14998752,-0.14613302,-0.15602699,-0.15214571,-0.22480208,-0.120334074,-0.14066589,-0.11807293,-0.15958509,-0.17253655,-0.15470472,-0.16650842,-0.11139822,-0.1388583,-0.13027036,-0.127989,-0.15152657,-0.14160982,-0.115222,-0.10065024,-0.09078863,-0.105368435,-0.120063975,-0.13426544,-0.15027548,-0.15900284,-0.1185138,-0.11129953,-0.1578567,2.7807052,-0.13306783,-0.16283856,-0.25953975,-0.14774995,-0.13208932,-0.14096323,-0.15095688,-0.17780018,-0.1625198,-0.22917573,-0.09015879,-0.110003665,-0.13411164,-0.1291588,2.5627923,-0.172279,4.1145353,-0.16057305,-0.12777606,-0.07092635,-0.03704006,-0.13641673,-0.16073734,-0.17722848,-0.14332479,-0.12334781,-0.13494599,-0.12023825,-0.13748777,-0.25318068,-0.26654312,-0.0838297,-0.10945694,-0.14341146,-0.09238048,-0.185833,-0.18850198,-0.15195045,-0.0905093,-0.13230102,-0.14857036,-0.14936563,-0.15777817,-0.16908291,-0.1817151,-0.088219084,-0.12338259,-0.14036605,-0.10256614,-0.17951453,1.1227901,-0.18927604,-0.10019703,-0.13113372,-0.0803404,-0.12732598,-0.19006202,-0.19139658,-0.18980613,-0.122963294,-0.07590021,-0.0972243,-0.11826457,-0.13582107,6.260413,3.2218137,-0.09477027,-0.09687376,-0.10831562,-0.082459606,-0.112637736,-0.13154078,-0.16558601,-0.1410757,-0.13570811,-0.18093297,-0.17825818,-0.19235596,-0.14381592,-0.15549555,-0.13476989,-0.119081676,-0.14001076,-0.19117098,-0.18942827,-0.17983942,-0.19755594,-0.25103784,-0.20219928,-0.18817584,-0.1892789,-0.18086465,-0.17247301,-0.27554205,-0.08916744,-0.11956477,-0.12734191,-0.15751183,-0.20931396,-0.18224281,4.776884,-0.32474133,-0.15234411,-0.3242122,-0.17325558,-0.17108874,-0.2185038,-0.17647925,-0.114121355,-0.13915372,-0.15388772,-0.15788373,-0.22984435,-0.18186735,-0.254538,-0.104396954,-0.12455491,-0.13768835,-0.12362182,-0.15189947,-0.15382233,-0.15491696,-0.14014931,-0.15141064,-0.16167513,-0.15418085,-0.15241435,-0.15212996,-0.13328384,-0.12258276,-0.1453602,-0.18829846,-0.17572579,-0.21025829,-0.3990198,-0.20073387,-0.11322904,-0.1296617,-0.1182084,-0.14697392,-0.16636807,-0.18463667,-0.18968073,-0.13104697,-0.07710702,-0.15185769,-0.13889343,3.742652,-0.11786269,-0.19987361,-0.1649412,-0.15754846,-0.1408245,-0.123159796,-0.12722544,-0.14610182,-0.2588673,-0.107246295,-0.13074079,-0.09132757,-0.12832497,-0.12847705,-0.14873242,-0.1505894,-0.0964099,-0.08910369,-0.123795554,-0.11035071,-0.13709888,-0.1497348,-0.16882688,-0.14207715,-0.11601284,-0.17235337,-0.1508385,-0.14146623,-0.1250642,-0.14094557,-0.17466888,-0.13176009,-0.13152099,-0.14487004,-0.122508645,-0.08722703,-0.05825615,-0.14269328,-0.17082691,-0.026243303,-0.16535273,1.3382388,2.4129994,-0.19646811,-0.14475992,-0.14331596,-0.14862512,-0.12963767,-0.25088155,-0.19198957,-0.18662296,-0.09482024,-0.109091476,-0.10702289,-0.093896404,-0.12759323,-0.15189478,-0.15746465,-0.16577214,-0.12812386,-0.0969081,-0.16398169,-0.14255267,-0.11335766,-0.18846886,-0.1706479,-0.15287466,-0.12521525,-0.115196005,-0.11272696,-0.11662802,-0.17424572,-0.1377146,-0.13365653,-0.096878245,-0.12076055,-0.091887444,-0.12434345,-0.13502505,-0.063823454,-0.13877153,-0.11419349,-0.13312235,-0.24483351,4.6857977,6.0455484,-0.14531505,-0.15557104,-0.13159391,-0.19104545,-0.0782174,-0.17084178,-0.16293707,-0.09859173,-0.11065883,-0.114258155,-0.076612435,-0.083404,-0.1213824,-0.13072303,-0.13855581,-0.19385117,-0.09913482,-0.15454444,-0.19487974,-0.18919095,-0.18507987,-0.11102007,-0.14210826,-0.102875054,-0.15785535,-0.19227232,-0.17130856,-0.16743606,-0.1419777,-0.14168109,-0.101988,-0.15218487,-0.16033721,-0.17932925,-0.19305386,-0.12078302,-0.14631955,-0.11351335,-0.080425814,-0.14231159,-0.20725825,-0.1595019,-0.125103,-0.15657571,-0.15690626,-0.14280559,-0.19202894,-0.1612616,-0.18008685,-0.2963242,-0.19642656,-0.17950015,-0.17024216,-0.19117773,-0.15651326,-0.14054683,-0.12972634,-0.12557748,-0.13755992,-0.16197908,-0.30584824,-0.16542894,-0.17929687,-0.19077909,-0.11441202,-0.14948714,-0.13976231,-0.17639898,-0.1655019,-0.16309533,-0.14331086,-0.18237996,-0.12786376,-0.1523012,-0.13706437,-0.24156228,-0.17776574,-0.1031854,-0.13457432,-0.14101934,-0.17282224,-0.110120475,-0.1338683,-0.15084752,-0.158728,-0.18013617,-0.15289488,-0.14807245,-0.19184028,-0.17382719,-0.16263676,-0.14723541,-0.14623587,-0.11499533,-0.10471026,-0.13435422,-0.20148799,-0.17533803,-0.12513243,-0.16439949,-0.18041904,-0.18738703,1.5803536,-0.17455842,-0.2562111,-0.092782214,-0.09243688,-0.11451456,-0.13528588,-0.14702249,-0.09863185,-0.18679038
k__Bacteria|p__Actinobacteria|c__Actinomycetia|o__Actinomycetales|f__Actinomycetaceae|g__Actinomyces|s__Actinomyces_sp_HMSC035G02,-0.1004395,-0.12316422,-0.14199223,-0.20428483,-0.16590992,-0.19212055,-0.1666669,-0.14390084,-0.12476811,-0.18161698,-0.18195435,-0.23178437,-0.16889814,-0.20525697,-0.10318799,-0.10009193,-0.058144663,-0.0992541,-0.10796208,-0.16942933,-0.1978925,2.129291,-0.1352624,-0.15063696,-0.17035177,-0.11658599,-0.16595995,-0.17180331,3.0495796,-0.12124001,-0.1342583,-0.106306195,-0.14759856,-0.19476482,-0.18759567,0.6383295,-0.16010334,-0.22338755,-0.1965285,0.8327225,-0.29210672,-0.19722272,-0.10687924,-0.09162698,-0.13691942,-0.15430602,-0.23188588,-0.19253185,-0.14560437,3.531901,-0.1820029,1.7963345,-0.19679913,-0.19879752,-0.2046787,-0.15539764,-0.12519412,-0.14281239,-0.09186269,-0.09587686,-0.1695151,-0.14097174,2.4521523,-0.14594285,-0.12719077,-0.15045299,-0.2613474,-0.22333384,-0.18702236,-0.20047067,-0.14435557,-0.14806557,-0.1305208,-0.14214352,-0.14885752,-0.1619484,-0.14482233,-0.16278498,-0.15856078,-0.14998752,-0.14605775,-0.15638821,-0.15205906,-0.22480208,-0.120334074,-0.1406909,-0.118200645,-0.15904036,-0.17213857,-0.15516147,-0.16651124,2.6147037,-0.1388583,1.2950302,-0.1277205,-0.15152657,-0.14135166,-0.11485313,-0.10065024,-0.09092641,-0.10526303,-0.11999166,-0.13424008,-0.15027548,-0.15868342,-0.1185138,-0.11129953,-0.1578567,-0.17738779,-0.13301027,-0.16398841,-0.25953975,-0.14777619,-0.13248679,-0.14145972,-0.15095688,-0.17780018,-0.16315949,-0.22917573,-0.09015879,-0.10991622,-0.13409333,-0.12922503,-0.13997786,-0.17269897,-0.13908121,2.639781,-0.12777606,-0.07092635,-0.03704006,-0.13668941,-0.16060464,-0.17708208,-0.14332479,0.85159874,-0.13496658,-0.12023825,-0.13755247,4.4668636,-0.26654312,-0.083744146,-0.10945694,-0.14310947,-0.09238048,-0.18631533,-0.18913186,-0.15263051,-0.09052485,-0.13230102,-0.1486746,-0.14953098,-0.1578813,-0.16927744,-0.18133034,-0.08854605,-0.12325635,-0.14019658,-0.10256614,-0.17951453,-0.19495486,-0.18934137,-0.10008627,-0.13113372,-0.08094469,-0.1275985,-0.19006202,-0.19181249,-0.19028044,-0.12218879,-0.07590955,-0.09731884,-0.1185994,-0.13585708,-0.12406494,-0.121451,-0.09479541,-0.0970366,-0.10843015,-0.082459606,-0.112732194,-0.13137223,-0.16518117,-0.1410757,-0.1359764,-0.18093297,-0.17825818,-0.19335966,-0.14420797,-0.15549555,-0.13465811,-0.119081676,-0.14001076,-0.19117098,-0.19037268,-0.18044163,-0.19755594,-0.25103784,-0.20219928,-0.18860169,-0.19013497,-0.18141758,-0.17348829,-0.27554205,-0.08916744,-0.11956477,-0.12764126,1.7517096,-0.20931396,1.0666926,-0.29657933,-0.32474133,-0.15573078,-0.3242122,-0.17325558,-0.17108874,-0.2185038,-0.17647925,-0.114121355,-0.13957633,2.2010307,-0.15788373,-0.22984435,-0.18186735,-0.25968695,-0.1044292,0.9385487,-0.13764444,-0.12355474,2.2466445,-0.15333097,-0.15424693,-0.14014931,-0.15141064,-0.16107228,-0.154232,-0.15221904,-0.15245292,-0.13368699,-0.122510746,-0.14538203,-0.1881119,-0.1756673,-0.21025829,-0.3990198,-0.20485012,-0.11310824,-0.1296617,-0.11814161,-0.14697729,-0.16636807,-0.18418081,-0.1900702,-0.1311648,-0.077297,-0.1516845,-0.13909097,-0.14106366,-0.116814785,-0.19987361,-0.1649412,-0.15785322,-0.14139847,-0.1233239,-0.12722544,-0.14610182,-0.2588673,-0.1073549,-0.13074079,-0.09132757,-0.12832497,-0.12816493,-0.14867888,-0.15005009,-0.09623459,-0.08910369,-0.12383729,-0.110532716,-0.13731615,-0.14981796,-0.16886783,-0.14193606,-0.11602421,-0.17237976,-0.15083411,-0.14134023,-0.12543106,-0.14025103,-0.17466888,-0.13176009,-0.13162291,-0.14474097,-0.1224844,-0.08722703,-0.05825615,-0.14248261,-0.17082691,-0.026243303,-0.166444,-0.2829064,-0.31316653,-0.19861588,-0.14463036,3.584074,-0.14862512,-0.12963767,-0.25088155,-0.1926165,-0.18666442,-0.09470917,-0.1089492,-0.10702289,-0.09363712,-0.12759323,-0.15204543,-0.15746465,-0.16571057,-0.12812386,-0.0969081,-0.16398169,-0.14194064,-0.11335766,-0.18846886,-0.1706479,-0.15299463,-0.12514904,-0.115196005,-0.1127623,-0.11662802,-0.17395702,-0.13750964,-0.13349232,-0.096878245,-0.12101871,-0.091687396,-0.12434345,-0.13450131,-0.063823454,-0.13877153,-0.11419349,-0.13338041,-0.24483351,-0.2571875,-0.29957527,-0.14531666,-0.15564658,-0.13176009,-0.19104545,-0.0782174,-0.17124143,-0.16298977,-0.09859173,-0.11065883,-0.11349199,-0.076612435,-0.083404,-0.1213824,-0.13072303,-0.13855581,-0.19385117,-0.09919643,-0.15472099,-0.19487974,-0.1897682,-0.18563177,-0.110904545,-0.14226332,-0.10243672,-0.15723985,-0.19285795,-0.17082857,-0.16801016,-0.14194168,-0.14172801,-0.10260022,-0.15234631,-0.16042708,-0.17991492,-0.19404003,-0.12055526,-0.14592251,-0.11329737,-0.08035043,-0.14288136,-0.20725825,-0.1594252,-0.125103,-0.15657571,-0.15690626,-0.14304917,-0.19202894,-0.16138805,-0.17987694,-0.2963242,-0.2001969,-0.1809623,-0.17111358,-0.1924307,-0.15713534,2.191818,-0.1297651,-0.12557748,-0.13761663,-0.16336684,3.241396,-0.16603985,-0.17942655,-0.19133312,-0.11441202,-0.14945993,-0.14001787,-0.17665783,-0.16565631,-0.16298531,-0.14331086,-0.18237996,-0.1282851,-0.15264037,-0.13797262,-0.24156228,-0.17854619,-0.10319799,-0.1348437,-0.14084533,-0.17257522,-0.1103104,-0.13407898,-0.15030923,-0.15844384,-0.18084553,-0.15267777,-0.14809623,-0.19184028,-0.1741197,-0.16200407,-0.14723541,-0.14623587,-0.11499533,-0.10471026,-0.13462651,1.5460743,-0.17505792,-0.12513243,-0.16497725,-0.18041904,-0.18738703,-0.11705899,-0.17365289,-0.2588809,-0.09280872,-0.09238584,-0.114805385,-0.13533872,-0.14718997,-0.09893936,-0.18699816
k__Bacteria|p__Actinobacteria|c__Actinomycetia|o__Actinomycetales|f__Actinomycetaceae|g__GGB9832|s__GGB9832_SGB15480,-0.1004395,1.8596078,-0.14069891,-0.20428483,-0.16490522,-0.19006756,-0.1666669,-0.14333771,-0.12445636,-0.18046097,-0.18053733,-0.22033484,-0.16702478,-0.20126325,-0.10306415,-0.09945899,-0.058144663,-0.09936997,-0.107638165,-0.16814384,-0.1978925,-0.12536043,-0.13478528,-0.14992148,-0.16875839,-0.11658599,-0.16516311,-0.1708619,-0.1509206,-0.12124001,-0.13387862,-0.105945915,-0.14667085,-0.19241366,-0.18575501,0.54979664,-0.15904531,-0.22338755,-0.19387814,1.2512403,-0.29210672,-0.19442523,-0.10696712,-0.09162698,-0.13691942,-0.1533086,-0.23188588,-0.1905729,-0.1449152,-0.2026537,-0.18157429,-0.18279888,-0.193746,-0.19441402,-0.19869703,-0.15483293,-0.12471424,-0.14203818,-0.09218173,-0.095769554,-0.16852933,-0.14034405,-0.13743341,-0.14515868,-0.12719077,-0.14965701,1.4876993,-0.22333384,-0.18564187,-0.20047067,-0.1436995,-0.1473077,-0.12960342,-0.14102574,-0.14810148,-0.16108635,-0.14431208,-0.16278498,-0.15763296,-0.14998752,-0.14531346,-0.15519673,-0.15111673,-0.22480208,-0.120334074,-0.13995063,-0.117736846,-0.15837312,-0.1710434,-0.15375826,-0.16527635,-0.11139822,-0.1388583,-0.13027036,-0.12740998,-0.15152657,-0.14113893,-0.11474247,-0.10065024,-0.09103478,-0.10526402,-0.11968016,-0.13370915,-0.15027548,-0.15795419,-0.1185138,-0.11129953,-0.1578567,-0.17738779,-0.13177344,-0.16182002,-0.25953975,-0.14701638,-0.13174027,-0.14014491,-0.15095688,-0.17780018,-0.16186456,-0.22917573,-0.09015879,-0.10987486,-0.13348293,-0.1284606,-0.13997786,-0.17128858,-0.13908121,-0.16057305,-0.12777606,-0.07092635,-0.03704006,-0.13607845,-0.15971789,-0.17573218,1.0220691,1.7623585,-0.13466066,-0.12023825,-0.13665697,-0.25318068,-0.26654312,-0.08417714,-0.10945694,-0.14239042,-0.09238048,-0.18483646,-0.18718922,-0.15147248,-0.09077497,-0.13230102,-0.14783597,-0.14856437,-0.15674499,-0.16795465,-0.17999887,-0.088601194,-0.1226774,-0.13948043,-0.10256614,3.3269126,2.2471585,-0.18739884,-0.10006632,-0.13113372,-0.080129474,-0.12680756,-0.19006202,-0.18994433,-0.18829486,-0.12215047,-0.07650739,-0.09725118,-0.11794531,-0.13521296,-0.12406494,-0.121451,-0.09471938,-0.09699646,-0.108277336,-0.082459606,-0.112430304,-0.13108587,-0.16435161,-0.1410757,-0.13533947,-0.18093297,-0.17825818,-0.19092953,-0.14314431,-0.15549555,-0.1338872,-0.119081676,-0.14001076,-0.19117098,-0.1882239,-0.17863697,-0.19755594,5.460237,3.7481236,-0.18727486,-0.18820454,-0.17974246,-0.17172201,1.404129,4.680761,4.8348494,-0.12734699,5.6217976,1.2403322,-0.18224281,2.5897312,-0.32474133,-0.15294752,-0.3242122,-0.17325558,-0.17108874,-0.2185038,-0.17647925,-0.114121355,-0.1388367,-0.15388772,-0.15788373,-0.22984435,-0.18186735,-0.25187644,-0.10426198,-0.12455491,-0.13715252,-0.123233855,-0.15189947,-0.15271656,-0.15370432,-0.14014931,-0.15141064,-0.1602561,-0.15330207,-0.15136907,-0.15122177,-0.13285281,-0.12217806,-0.14476109,-0.18655555,-0.1743518,-0.21025829,-0.3990198,-0.19971748,-0.11300272,-0.1296617,-0.117691934,-0.14608109,-0.16636807,-0.18306452,-0.18836743,-0.13059747,-0.07770118,-0.15072858,-0.13846686,-0.14106366,-0.11702561,-0.19987361,-0.1649412,-0.15696904,-0.14010693,-0.122724384,-0.12722544,-0.14610182,-0.2588673,-0.10712573,2.7594774,-0.09132757,-0.12832497,-0.1278434,-0.14804709,-0.14953555,-0.09639835,-0.08910369,-0.123323075,-0.110304326,-0.13655093,-0.14901838,-0.1674608,-0.14125893,-0.11594422,-0.17111966,-0.15006283,-0.14062919,-0.12471368,-0.13985723,-0.17466888,-0.13176009,-0.13097334,-0.14393035,-0.1220076,-0.08722703,-0.05825615,-0.14181086,-0.17082691,-0.026243303,-0.16491212,-0.2829064,-0.31316653,-0.19498979,-0.1439006,-0.14331596,-0.14862512,-0.12963767,-0.25088155,-0.19045797,-0.18499519,-0.09483633,-0.10884674,-0.10702289,-0.093358815,-0.12759323,-0.15112597,-0.15746465,-0.16458,-0.12812386,-0.0969081,-0.16398169,-0.1415118,-0.11335766,-0.18846886,-0.1706479,-0.15196873,-0.12462551,-0.115196005,-0.11220871,-0.11662802,-0.17300752,-0.13689616,-0.1329261,-0.096878245,-0.12035464,-0.09199171,-0.12434345,-0.13437584,-0.063823454,-0.13877153,-0.11419349,-0.13258123,-0.24483351,-0.2571875,-0.29957527,-0.14444122,-0.15456423,-0.13090849,-0.19104545,-0.0782174,-0.16963512,-0.16166694,-0.09859173,-0.11065883,-0.11382919,-0.076612435,-0.083404,-0.1213824,-0.13072303,-0.13855581,-0.19385117,-0.09887432,-0.15354824,-0.19487974,-0.18805218,-0.1836263,-0.11085319,-0.1415778,-0.10270724,-0.15647174,-0.19078323,-0.1693104,-0.166558,-0.14126089,-0.14089006,-0.10212766,-0.15127233,-0.15942329,-0.17832349,-0.19169478,-0.12033309,-0.14533602,-0.11343915,-0.08079931,-0.14125335,-0.20725825,-0.15864408,-0.125103,-0.15657571,-0.15690626,-0.14227486,-0.19202894,-0.16031455,-0.17855364,4.3604627,-0.19639894,-0.1785028,-0.16977184,-0.19014144,-0.15563527,2.032034,-0.12922014,-0.12557748,-0.13692284,-0.16127102,-0.30584824,-0.16455191,-0.17780086,-0.18971178,-0.11441202,-0.14849138,-0.13935122,-0.17519438,-0.16430536,-0.1620064,4.0742807,3.9622796,-0.12757623,-0.15128422,-0.1359629,-0.24156228,-0.17737031,-0.103128456,-0.134201,-0.140123,-0.17137358,-0.110147685,-0.1333546,-0.14962775,-0.15759978,-0.17939815,-0.1515489,-0.14709343,-0.19184028,-0.17274413,-0.16123548,3.7320495,2.89271,0.8613785,-0.10471026,-0.13370985,-0.20148799,-0.17399096,-0.12513243,-0.16418499,-0.18041904,-0.18738703,-0.11705899,-0.17244023,-0.2546665,-0.09293714,-0.09256393,-0.114428714,-0.13457832,-0.14610198,-0.098740235,-0.18535438
k__Bacteria|p__Actinobacteria|c__Actinomycetia|o__Micrococcales|f__Microbacteriaceae|g__Cryobacterium|s__Cryobacterium_SGB4870,-0.1004395,-0.12316422,-0.14106539,-0.20428483,-0.1651744,-0.19042265,7.6005907,-0.14414482,-0.12529275,-0.18066788,-0.18116368,-0.22083317,-0.16782139,-0.20132652,-0.10435314,-0.100730404,-0.058144663,-0.10073459,-0.108668104,-0.16863891,3.5556543,-0.12536043,-0.13573703,-0.15089461,-0.16930246,-0.11658599,-0.16558167,-0.17162272,-0.1509206,-0.12124001,-0.13477406,-0.10686542,-0.14736077,-0.1924876,-0.18615599,-0.2175087,-0.15945631,-0.22338755,-0.1940193,-0.29867563,-0.29210672,-0.19478321,-0.10816048,-0.09162698,-0.13691942,-0.15372033,-0.23188588,-0.19066443,-0.14573017,-0.2026537,-0.18148082,-0.18279888,-0.19392912,-0.19501576,-0.19911513,-0.15586658,-0.12570389,-0.14290388,-0.09366383,-0.09696782,-0.16900441,-0.14141499,-0.13743341,-0.14597172,-0.12719077,-0.15019755,-0.2613474,4.118843,-0.18597041,-0.20047067,-0.14461553,-0.14813676,-0.13051179,-0.14182152,-0.14909881,-0.16193786,-0.145221,-0.16278498,-0.15812585,-0.14998752,-0.14611816,-0.15570217,-0.15187731,-0.22480208,-0.120334074,-0.14077508,-0.1186603,-0.15905437,-0.17163834,-0.15444091,-0.16579682,-0.11139822,-0.1388583,-0.13027036,-0.12839656,-0.15152657,-0.1418618,-0.1159736,-0.10065024,-0.09221335,-0.106355056,-0.120660976,-0.1344929,-0.15027548,-0.15869784,-0.1185138,-0.11129953,-0.1578567,-0.17738779,-0.13316399,-0.16221319,-0.25953975,-0.14770503,-0.13254784,-0.14088674,-0.15095688,-0.17780018,-0.16217002,-0.22917573,-0.09015879,-0.1109553,-0.13435635,-0.12946087,-0.13997786,-0.17166108,-0.13908121,-0.16057305,-0.12777606,-0.07092635,-0.03704006,-0.1366239,-0.16032277,-0.17634884,-0.14332479,-0.12334781,-0.13547094,-0.12023825,-0.13749096,-0.25318068,-0.26654312,-0.08551332,-0.10945694,-0.14343268,-0.09238048,-0.1849317,-0.18731812,-0.15196766,-0.09199481,-0.13230102,-0.14849317,-0.1492194,-0.15736641,-0.16842939,-0.18065932,-0.089764975,-0.12383256,-0.14057773,-0.10256614,-0.17951453,-0.19495486,-0.18794006,-0.10126418,-0.13113372,-0.08159883,-0.12759587,-0.19006202,-0.19017678,-0.18863252,-0.1234328,-0.077856734,-0.09849115,-0.11889,-0.13603742,-0.12406494,-0.121451,-0.09603584,-0.09816236,-0.10941569,-0.082459606,-0.11344906,-0.13192576,-0.16505152,-0.1410757,-0.13598345,-0.18093297,-0.17825818,-0.19109684,-0.1438556,-0.15549555,-0.13490534,-0.119081676,-0.14001076,-0.19117098,-0.18832356,-0.1790402,-0.19755594,-0.25103784,-0.20219928,-0.18737936,-0.18819529,-0.18000582,-0.1718795,-0.27554205,-0.08916744,-0.11956477,-0.12799543,-0.15751183,-0.20931396,-0.18224281,6.382659,-0.32474133,-0.15289065,-0.3242122,-0.17325558,-0.17108874,-0.2185038,-0.17647925,-0.114121355,-0.13943644,-0.15388772,-0.15788373,-0.22984435,7.3418317,-0.25113046,-0.10542549,-0.12455491,-0.1379264,-0.12416054,-0.15189947,-0.1534336,-0.15461624,-0.14014931,-0.15141064,-0.16106303,-0.15391423,-0.15217513,-0.15193504,-0.13370918,-0.12314266,-0.14546621,-0.18702033,-0.17489259,-0.21025829,-0.3990198,-0.19965617,-0.11407829,-0.1296617,-0.118775085,-0.14680046,-0.16636807,-0.18359047,-0.18863706,-0.13153641,-0.07898721,-0.15153371,-0.13916196,-0.14106366,-0.118319824,-0.19987361,-0.1649412,-0.15744402,-0.14096326,-0.123738065,-0.12722544,4.4124384,7.690575,-0.1082294,-0.13074079,-0.09132757,-0.12832497,-0.12882854,-0.14867353,-0.1504451,-0.09770122,-0.08910369,-0.124347836,-0.11127816,-0.1373347,-0.14965233,-0.16814892,-0.14209302,-0.11694396,-0.17160857,-0.15072772,-0.14150307,-0.12550667,-0.14083505,-0.17466888,-0.13176009,-0.1319257,-0.14477405,-0.12305624,-0.08722703,-0.05825615,-0.14261726,-0.17082691,-0.026243303,-0.16529432,-0.2829064,-0.31316653,-0.19522266,-0.14469671,-0.14331596,-0.14862512,-0.12963767,0.6414431,-0.19067945,-0.18553375,-0.096081465,-0.110032596,-0.10702289,-0.09488273,-0.12759323,-0.15178376,-0.15746465,-0.16515422,-0.12812386,-0.0969081,-0.16398169,-0.14254034,-0.11335766,-0.18846886,-0.1706479,-0.15269384,-0.12572704,-0.115196005,-0.113435104,-0.11662802,-0.17361484,-0.13780238,-0.13391773,-0.096878245,-0.12136901,-0.09324837,-0.12434345,-0.13538112,-0.063823454,-0.13877153,-0.11419349,-0.13332768,-0.24483351,-0.2571875,-0.29957527,-0.14522201,-0.15524223,-0.1317762,-0.19104545,-0.0782174,-0.17022124,-0.1624135,-0.09859173,-0.11065883,-0.11510172,-0.076612435,-0.083404,-0.1213824,-0.13072303,-0.13855581,-0.19385117,-0.10019864,-0.15419331,-0.19487974,-0.18819475,-0.1840582,-0.11193965,-0.14231999,-0.103965245,-0.15727168,-0.19094257,-0.17036295,-0.16684619,-0.14203009,-0.14174303,-0.103150204,-0.15193713,-0.15990944,-0.17860454,-0.19170564,-0.12134688,-0.14618757,-0.114540085,-0.08220848,-0.14198086,-0.20725825,-0.15928154,-0.125103,-0.15657571,-0.15690626,-0.14297155,-0.19202894,-0.16089304,-0.17917308,-0.2963242,-0.19569239,-0.17871171,-0.16976017,-0.19007987,-0.15616056,-0.14054683,-0.13013972,-0.12557748,-0.13781875,-0.16181926,5.558722,-0.16509016,-0.17835395,-0.18975021,-0.11441202,-0.14924748,-0.13996294,-0.17559466,-0.16485548,-0.16269916,-0.14331086,-0.18237996,-0.12846199,-0.15214165,-0.13679136,-0.24156228,-0.1774545,-0.10427513,-0.13492411,-0.1409854,-0.17194429,-0.11117705,-0.13415943,-0.1504194,-0.15827888,-0.1794948,-0.15252331,-0.14779064,-0.19184028,-0.17311196,-0.16215342,-0.14723541,-0.14623587,-0.11499533,-0.10471026,-0.13448885,-0.20148799,-0.17457938,-0.12513243,-0.1645463,-0.18041904,-0.18738703,-0.11705899,-0.17347711,-0.25344568,-0.09419206,-0.09386192,-0.11535239,-0.1354481,-0.14690365,-0.09985865,-0.18557069
k__Bacteria|p__Actinobacteria|c__Actinomycetia|o__Actinomycetales|f__Actinomycetaceae|g__Actinomyces|s__Actinomyces_SGB17132,-0.1004395,-0.12316422,-0.14104182,-0.20428483,-0.16625533,-0.19293043,-0.1666669,-0.14507377,-0.12464,-0.18331413,-0.18244596,-0.22650698,-0.16913956,-0.2049419,-0.103415824,-0.099639475,-0.058144663,-0.10019888,-0.10774202,-0.17036307,-0.1978925,-0.12536043,-0.13633129,-0.1524116,-0.17126024,-0.11658599,-0.16692281,-0.17384663,-0.1509206,-0.12124001,-0.13491926,-0.10566293,-0.14796472,-0.19530171,-0.18882632,-0.2175087,-0.16002321,-0.22338755,-0.1963672,-0.29867563,-0.29210672,-0.19772224,-0.10749432,-0.09162698,-0.13691942,-0.15455732,-0.23188588,-0.19301628,-0.14645356,-0.2026537,-0.18267629,-0.18279888,-0.19663605,-0.19804458,-0.20350887,-0.1581718,-0.12580283,-0.14378372,-0.09259929,-0.09591213,-0.17098181,-0.14245623,-0.13743341,-0.1468206,-0.12719077,-0.15081455,-0.2613474,-0.22333384,-0.1881614,-0.20047067,-0.14582431,-0.14917035,-0.13068876,-0.14267957,-0.15112913,-0.16416594,-0.14670917,-0.16278498,-0.15883346,-0.14998752,-0.14700505,-0.15665326,-0.15303078,-0.22480208,-0.120334074,-0.14135343,-0.11829963,-0.16094445,-0.17384994,-0.1551589,-0.16781801,-0.11139822,-0.1388583,-0.13027036,-0.12868327,-0.15152657,-0.14222494,-0.115747444,-0.10065024,-0.09069255,-0.10575557,-0.12064368,-0.1349405,-0.15027548,-0.16023394,-0.1185138,-0.11129953,-0.1578567,-0.17738779,-0.13399199,-0.16305816,-0.25953975,-0.1484079,-0.1323529,-0.14146465,-0.15095688,-0.17780018,-0.16277517,-0.22917573,-0.09015879,-0.110035405,-0.13458976,-0.12974876,-0.13997786,-0.17311016,-0.13908121,-0.16057305,-0.12777606,-0.07092635,-0.03704006,-0.13676289,-0.16184804,-0.17856249,-0.14332479,-0.12334781,-0.13551778,-0.12023825,-0.13831067,-0.25318068,1.1662743,-0.08391476,-0.10945694,-0.14465503,-0.09238048,-0.18699883,-0.1896328,-0.15262327,-0.09058033,-0.13230102,-0.14920786,-0.15004863,-0.15875661,-0.17014718,-0.18371192,-0.08807612,-0.123956814,-0.14121825,-0.10256614,-0.17951453,-0.19495486,-0.19103049,-0.10037406,-0.13113372,-0.080234416,-0.12777969,-0.19006202,-0.19289804,-0.1911489,-0.123736985,-0.075828195,-0.097472936,-0.118500724,-0.13646603,-0.12406494,-0.121451,-0.09490183,-0.09689653,-0.108673096,-0.082459606,-0.113041714,-0.13227987,-0.16698557,-0.1410757,-0.13598368,-0.18093297,-0.17825818,-0.19358093,-0.1444175,-0.15549555,-0.13552217,-0.119081676,-0.14001076,-0.19117098,-0.1905503,-0.18073535,-0.19755594,4.0421143,4.0115623,-0.18915471,-0.19014676,-0.18194908,-0.1730212,-0.27554205,-0.08916744,-0.11956477,-0.12742907,-0.15751183,-0.20931396,0.62531453,-0.29657933,-0.32474133,-0.15052867,-0.3242122,-0.17325558,-0.17108874,-0.2185038,-0.17647925,-0.114121355,-0.13947007,-0.15388772,-0.15788373,0.58328444,-0.18186735,-0.25568482,-0.1045863,-0.12455491,-0.13834167,-0.12417878,-0.15189947,-0.1550639,-0.15628704,-0.14014931,-0.15141064,-0.16309749,-0.15486631,-0.15337124,-0.15270385,-0.1338776,-0.12301205,-0.14592236,-0.190068,-0.17649373,-0.21025829,-0.3990198,-0.20147139,-0.11359024,-0.1296617,-0.11875169,-0.14772233,-0.16636807,-0.18637867,-0.19100252,-0.13134518,-0.07713668,-0.15299189,-0.13952442,-0.14106366,-0.11814125,-0.19987361,-0.1649412,-0.1579427,-0.14122742,-0.12361966,2.3583581,-0.14610182,-0.2588673,-0.1073365,-0.13074079,-0.09132757,-0.12832497,-0.12929489,-0.14938399,-0.15190938,-0.096666664,-0.08910369,-0.12436799,-0.110565774,-0.13765886,-0.15043688,-0.17020716,-0.14277764,-0.116238266,-0.17350894,-0.15153804,-0.1423271,-0.12529576,-0.14212483,-0.17466888,-0.13176009,-0.13216066,-0.145677,-0.123136446,-0.08722703,-0.05825615,-0.14333953,-0.17082691,-0.026243303,-0.16552831,-0.2829064,-0.31316653,-0.19747448,-0.14554727,-0.14331596,-0.14862512,-0.12963767,2.478116,-0.19339041,-0.18819156,-0.09488426,-0.10957929,-0.10702289,-0.09456986,-0.12759323,-0.15246972,-0.15746465,-0.16683018,-0.12812386,-0.0969081,-0.16398169,-0.14382443,-0.11335766,-0.18846886,-0.1706479,-0.15359443,-0.12587371,-0.115196005,-0.11315924,-0.11662802,-0.17585525,-0.13848156,-0.13456142,-0.096878245,-0.121217504,-0.09214508,-0.12434345,-0.13583729,-0.063823454,-0.13877153,-0.11419349,-0.13357997,-0.24483351,-0.2571875,-0.29957527,-0.14603397,-0.15657195,-0.13214163,1.7777995,-0.0782174,-0.17197756,-0.16409954,-0.09859173,-0.11065883,-0.11482478,-0.076612435,-0.083404,-0.1213824,-0.13072303,-0.13855581,-0.19385117,-0.09949714,-0.15518525,-0.19487974,-0.1902936,-0.1864514,-0.111343935,-0.14282212,-0.10335513,-0.15932572,-0.19344568,-0.17290756,-0.16846436,-0.14263064,-0.14246434,-0.10163553,-0.15295866,-0.16118683,-0.18021302,-0.19445568,-0.121325985,-0.14734599,-0.11375716,-0.08043973,-0.14264369,0.71231806,-0.16046509,-0.125103,-0.15657571,-0.15690626,-0.143244,1.3550684,-0.16207561,-0.18174513,-0.2963242,-0.19607526,-0.18025482,-0.17091964,-0.19212282,-0.15702145,-0.14054683,-0.1302461,-0.12557748,-0.13808331,-0.16248728,-0.30584824,-0.16599515,-0.18091613,-0.19194454,-0.11441202,-0.15039882,-0.14028749,-0.17742181,-0.16654965,-0.16434947,-0.14331086,-0.18237996,-0.12792823,-0.15295061,-0.13706228,-0.24156228,-0.1785436,-0.103446364,-0.13489324,-0.1420137,-0.17420566,-0.110308036,-0.13431564,-0.15240714,-0.15987954,-0.1810062,-0.1542803,-0.14896175,-0.19184028,-0.17472103,-0.1641947,-0.14723541,-0.14623587,-0.11499533,-0.10471026,-0.13483305,-0.20148799,-0.17677608,-0.12513243,-0.16492131,0.94731027,2.0122135,-0.11705899,-0.17683293,-0.25814223,-0.0928535,-0.092612624,-0.11465671,-0.13600574,-0.1478759,-0.098575994,-0.18855493
k__Bacteria|p__Actinobacteria|c__Actinomycetia|o__Actinomycetales|f__Actinomycetaceae|g__Actinomyces|s__Actinomyces_sp_ICM58,-0.1004395,-0.12316422,-0.14055243,-0.20428483,-0.16631444,-0.19202402,-0.1666669,-0.1444701,-0.12472713,-0.18243286,-0.18171012,-0.21664232,-0.16844645,-0.2005237,-0.10321988,-0.09867078,-0.058144663,-0.099518314,-0.107608475,-0.1698048,2.841025,-0.12536043,-0.13594803,-0.15192205,-0.1705383,-0.11658599,-0.16691719,-0.173168,-0.1509206,-0.12124001,-0.13469164,-0.10551536,-0.14744432,-0.19386369,-0.18781215,-0.2175087,-0.16004317,-0.22338755,-0.19516861,-0.29867563,-0.29210672,-0.1960311,-0.10715982,1.5905408,3.085775,-0.15411758,1.152108,-0.19234143,-0.14606589,3.844364,-0.1833703,-0.18279888,-0.19502251,-0.19529459,-0.1991626,-0.15680021,-0.12538967,-0.14313385,-0.09257479,-0.09568861,-0.17046131,-0.14209832,-0.13743341,-0.14628989,-0.12719077,-0.15048558,-0.2613474,-0.22333384,-0.18780258,-0.20047067,-0.14518133,-0.14872907,-0.13008006,-0.141886,-0.15019405,-0.16340807,-0.14636326,-0.16278498,-0.15862559,-0.14998752,-0.14677987,-0.1561138,-0.15255375,-0.22480208,-0.120334074,-0.14087534,-0.11797177,-0.16036576,-0.17310086,-0.15472099,-0.16729426,-0.11139822,-0.1388583,-0.13027036,-0.12844117,-0.15152657,-0.14250712,-0.115450785,-0.10065024,-0.09052851,-0.10540356,-0.12016576,-0.1345213,-0.15027548,-0.15978886,-0.1185138,-0.11129953,-0.1578567,-0.17738779,-0.13278413,-0.16259457,-0.25953975,-0.1479843,-0.13200378,-0.14067161,-0.15095688,-0.17780018,-0.16245018,-0.22917573,-0.09015879,-0.10992466,-0.1341804,-0.12913015,-0.13997786,-0.17262289,-0.13908121,-0.16057305,-0.12777606,-0.07092635,-0.03704006,-0.1363174,-0.16145355,-0.17780954,-0.14332479,-0.12334781,-0.13543078,-0.12023825,-0.13774718,-0.25318068,1.4013715,-0.084025085,-0.10945694,-0.1439747,4.239677,-0.18641023,-0.18885663,-0.15221177,-0.09057769,-0.13230102,-0.14878474,-0.14952444,-0.15809959,-0.16962183,-0.1829505,-0.08813715,-0.12322542,-0.14033517,-0.10256614,-0.17951453,-0.19495486,-0.18986419,-0.100253336,-0.13113372,-0.0792683,-0.12728995,-0.19006202,-0.19212115,-0.19024402,-0.12329036,-0.07622169,-0.09712614,-0.11794015,-0.13594903,-0.12406494,-0.121451,-0.09453954,-0.09658389,-0.108370215,-0.082459606,-0.11254162,-0.13199504,-0.16625577,-0.1410757,-0.1358137,-0.18093297,-0.17825818,-0.19245334,-0.14391819,-0.15549555,-0.13487945,-0.119081676,-0.14001076,-0.19117098,-0.189559,-0.1800819,-0.19755594,5.7949095,6.9460154,-0.18916109,-0.18969998,-0.18123022,-0.1723969,-0.27554205,-0.08916744,-0.11956477,-0.12755203,3.1190906,2.8954778,-0.18224281,-0.29657933,-0.32474133,-0.15012078,-0.3242122,-0.17325558,-0.17108874,-0.2185038,-0.17647925,-0.114121355,-0.13931213,-0.15388772,-0.15788373,-0.22984435,-0.18186735,-0.2500946,-0.104335725,-0.12455491,-0.13806972,-0.12397435,-0.15189947,-0.15459728,-0.1557289,-0.14014931,-0.15141064,-0.16246977,-0.15459128,-0.15284312,-0.15217416,-0.13330898,-0.122880116,-0.14563076,-0.18906984,-0.17573258,-0.21025829,-0.3990198,-0.19750062,-0.11327788,-0.1296617,-0.117912546,-0.14730194,-0.16636807,-0.18564048,-0.19040938,-0.13110462,-0.07740781,-0.15229943,-0.13937563,-0.14106366,-0.11769984,-0.19987361,-0.1649412,-0.15787679,-0.14055544,-0.123278394,-0.12722544,2.2373335,2.3640342,-0.10706766,-0.13074079,3.1994796,2.5118213,-0.12895076,-0.14933583,-0.15144357,-0.096469246,-0.08910369,-0.12389611,-0.11046652,-0.13715929,-0.15017799,-0.16934124,-0.14245188,-0.11634275,-0.1727429,-0.15129468,-0.14173928,-0.12504157,-0.14145482,-0.17466888,-0.13176009,-0.13179797,-0.14511581,-0.12279911,-0.08722703,-0.05825615,-0.14289401,-0.17082691,-0.026243303,-0.16495931,-0.2829064,-0.31316653,-0.19518566,-0.14502807,-0.14331596,-0.14862512,-0.12963767,-0.25088155,-0.19243833,-0.1873909,-0.09498149,-0.109173864,-0.10702289,-0.09377505,-0.12759323,-0.15201291,-0.15746465,-0.16602322,-0.12812386,-0.0969081,-0.16398169,-0.14328825,-0.11335766,-0.18846886,-0.1706479,-0.15315382,-0.1255834,-0.115196005,-0.11253251,-0.11662802,-0.17507452,-0.13797343,-0.13396987,-0.096878245,-0.1205967,-0.09201001,-0.12434345,-0.1356431,-0.063823454,-0.13877153,-0.11419349,-0.13313267,-0.24483351,1.8870605,-0.29957527,-0.14540789,-0.15590602,-0.13171735,-0.19104545,-0.0782174,-0.17107877,-0.16334416,-0.09859173,-0.11065883,-0.11479689,-0.076612435,-0.083404,-0.1213824,-0.13072303,-0.13855581,-0.19385117,-0.09919456,-0.15479597,-0.19487974,-0.18990198,-0.18555309,-0.11123867,-0.14247936,-0.10327411,-0.1585542,-0.19237736,-0.1712226,-0.16822189,-0.14220841,-0.14175981,-0.101441026,-0.15238807,-0.16066782,-0.17966384,-0.19329292,-0.121053495,-0.14671275,-0.113788724,-0.08046099,-0.14183922,-0.20725825,-0.16028674,-0.125103,-0.15657571,-0.15690626,-0.14284815,-0.19202894,-0.16188098,-0.18114236,-0.2963242,-0.19499663,-0.1794301,-0.1705547,-0.19116229,-0.15642735,-0.14054683,-0.129904,-0.12557748,-0.13783917,-0.16183934,1.2152921,-0.16594297,-0.18025881,-0.19140086,-0.11441202,-0.14989418,-0.13993335,-0.17676869,-0.1660754,-0.1637348,-0.14331086,1.6392162,-0.12778765,-0.1521442,-0.13620229,2.2968435,-0.17852044,-0.10323356,-0.13471283,-0.14147738,-0.17346984,-0.110360205,-0.1340819,-0.15183994,-0.15902735,-0.18069571,-0.15345626,-0.14856136,-0.19184028,-0.17450938,-0.16359776,-0.14723541,3.4386973,3.7286308,-0.10471026,-0.13423617,1.4259026,-0.17635475,-0.12513243,-0.1645093,-0.18041904,-0.18738703,-0.11705899,-0.17565799,-0.2560369,-0.09275547,-0.09244558,-0.11446524,-0.13533205,-0.14717817,-0.09847367,-0.18781659
k__Bacteria|p__Actinobacteria|c__Actinomycetia|o__Actinomycetales|f__Actinomycetaceae|g__Actinomyces|s__Actinomyces_SGB17163,-0.1004395,-0.12316422,-0.1409987,-0.20428483,-0.1656324,-0.19211379,-0.1666669,-0.14437664,-0.12452836,-0.18234544,-0.18208474,-0.2260621,-0.16821806,-0.20300382,-0.10287811,-0.0989028,-0.058144663,-0.099434964,-0.10758563,-0.1695888,-0.1978925,-0.12536043,-0.13573761,-0.15153402,-0.17041129,-0.11658599,-0.16613927,-0.17255029,-0.1509206,-0.12124001,-0.1342586,-0.105469346,-0.14741397,-0.19432145,-0.18759748,-0.2175087,-0.15966165,-0.22338755,-0.19533949,-0.29867563,-0.29210672,-0.19656861,-0.106692776,-0.09162698,-0.13691942,-0.15388933,-0.23188588,-0.19209123,-0.14581445,-0.2026537,-0.18244523,-0.18279888,-0.1962905,-0.19784227,-0.2031061,-0.15634894,-0.12518802,-0.14289197,-0.09218474,-0.09564383,-0.17002535,-0.14168817,-0.13743341,-0.1460852,-0.12719077,-0.15023759,-0.2613474,-0.22333384,-0.18726069,-0.20047067,-0.14491403,-0.14838502,-0.1302035,-0.1420955,-0.14994685,-0.16301063,-0.14568824,-0.16278498,-0.15840216,-0.14998752,-0.14630444,-0.15620817,-0.15236655,-0.22480208,-0.120334074,-0.14067638,-0.11795388,-0.15984881,-0.17283526,-0.15486896,-0.16692248,-0.11139822,-0.1388583,-0.13027036,-0.12807083,-0.15152657,-0.14173698,-0.115158394,-0.10065024,-0.09043126,-0.10512248,-0.11989251,-0.1342074,1.8083366,-0.1591399,-0.1185138,-0.11129953,-0.1578567,-0.17738779,-0.13341732,-0.16315171,-0.25953975,-0.14777912,-0.1320439,-0.14112234,-0.15095688,-0.17780018,-0.16245443,-0.22917573,-0.09015879,-0.109772064,-0.13407585,-0.12921745,-0.13997786,-0.17244089,0.8731041,-0.16057305,-0.12777606,-0.07092635,-0.03704006,-0.13621762,-0.16094184,-0.17749262,1.525285,-0.12334781,-0.1349281,0.8056572,-0.13764408,-0.25318068,2.3438044,-0.08354129,1.832679,-0.14355564,-0.09238048,-0.18613654,-0.18879756,-0.1520149,-0.09019922,-0.13230102,-0.14859733,-0.14944713,-0.15799278,-0.16935068,-0.18225034,-0.087877676,-0.12326704,-0.140138,-0.10256614,1.1112431,-0.19495486,-0.18978171,-0.10011044,-0.13113372,-0.0802596,-0.127238,-0.19006202,-0.19183652,-0.19019365,-0.12276962,-0.07557419,-0.09704186,-0.11810398,-0.13579005,-0.12406494,-0.121451,-0.09449495,-0.09650377,-0.10805573,-0.082459606,-0.1125444,-0.13146421,-0.1656705,-0.1410757,-0.13566136,-0.18093297,-0.17825818,-0.19278082,-0.14380291,-0.15549555,-0.13477463,-0.119081676,-0.14001076,-0.19117098,-0.18968521,-0.18020913,-0.19755594,-0.25103784,4.1204576,-0.18861036,-0.18965073,-0.18122576,-0.17259595,-0.27554205,-0.08916744,-0.11956477,-0.12719265,-0.15751183,-0.20931396,2.8850534,-0.29657933,-0.32474133,-0.15167779,1.0058299,-0.17325558,-0.17108874,-0.2185038,-0.17647925,-0.114121355,-0.13916895,1.6256859,-0.15788373,-0.22984435,-0.18186735,-0.25503087,-0.10421945,-0.12455491,-0.13772945,-0.12359718,-0.15189947,-0.15398677,-0.15501857,-0.14014931,-0.15141064,-0.16199082,-0.15428811,-0.1526235,-0.15214981,-0.13323206,-0.12261824,-0.14548591,-0.1890088,-0.17578334,-0.21025829,-0.3990198,-0.2010202,-0.113049194,-0.1296617,-0.118121475,-0.14713793,-0.16636807,-0.18504341,-0.19000189,-0.13082767,-0.07701017,-0.15202518,-0.13888901,-0.14106366,-0.11740686,-0.19987361,-0.1649412,-0.15754867,-0.14084527,-0.12313047,-0.12722544,-0.14610182,-0.2588673,-0.10695248,3.536678,2.2084599,-0.12832497,-0.1285694,-0.1487541,-0.1507271,-0.09612342,-0.08910369,-0.12372007,-0.11014934,-0.13705947,-0.14979932,-0.16906871,-0.1421716,-0.115950935,-0.17257375,-0.15094554,-0.14152542,-0.12504628,-0.1410954,-0.17466888,-0.13176009,-0.13162792,-0.14494476,-0.122448735,-0.08722703,-0.05825615,-0.14268112,-0.17082691,-0.026243303,-0.16466844,-0.2829064,-0.31316653,-0.19698346,-0.14480643,-0.14331596,-0.14862512,-0.12963767,-0.25088155,-0.19240984,-0.18708684,-0.09464559,-0.1089652,-0.10702289,-0.09393807,-0.12759323,-0.15184803,-0.15746465,-0.16593535,-0.12812386,1.9410201,-0.16398169,-0.14255223,-0.11335766,0.6262592,-0.1706479,-0.15297702,-0.12532339,-0.115196005,-0.11267024,-0.11662802,-0.17447901,-0.13772064,-0.13364641,-0.096878245,-0.120667115,-0.09162368,-0.12434345,-0.1349887,-0.063823454,-0.13877153,-0.11419349,-0.13301961,1.7780801,-0.2571875,-0.29957527,-0.14535701,-0.15583125,-0.13175523,-0.19104545,-0.0782174,-0.17127274,-0.16314189,-0.09859173,-0.11065883,-0.11404709,-0.076612435,-0.083404,-0.1213824,-0.13072303,-0.13855581,-0.19385117,-0.09913564,-0.15469593,-0.19487974,-0.18957987,-0.18550214,-0.11084143,-0.14211081,-0.10282555,-0.15815789,-0.19269963,-0.17158747,-0.16767035,-0.14194407,-0.14167812,-0.101729944,-0.15233195,-0.16046937,-0.1795992,-0.19350195,-0.120723344,-0.14638299,-0.11331817,-0.08027837,-0.14234897,-0.20725825,-0.1595787,-0.125103,-0.15657571,-0.15690626,-0.1427548,1.785671,-0.16139102,-0.18056765,-0.2963242,-0.19651753,-0.18005139,-0.17032361,-0.19153261,-0.15659101,-0.14054683,-0.12963694,-0.12557748,-0.1375143,-0.1619665,-0.30584824,-0.16589661,-0.17987889,-0.19106881,-0.11441202,-0.14964065,-0.13966501,-0.17664307,-0.16583598,-0.16328089,-0.14331086,-0.18237996,-0.12781827,-0.15251382,-0.1372354,-0.24156228,-0.17779529,-0.1030055,-0.13450146,-0.14124823,-0.17305478,-0.10999592,-0.13390431,-0.15120359,-0.1587913,-0.1804248,-0.15329827,-0.14822152,-0.19184028,-0.17404352,-0.16297989,-0.14723541,-0.14623587,-0.11499533,-0.10471026,-0.13435262,-0.20148799,-0.17558385,-0.12513243,-0.16418457,2.1481023,2.3667114,-0.11705899,-0.17531613,-0.25667346,-0.09244771,-0.09218766,-0.11431514,-0.1353094,-0.14713278,-0.098443955,-0.1873056
k__Bacteria|p__Actinobacteria|c__Coriobacteriia|o__Coriobacteriales|f__Coriobacteriaceae|g__Collinsella|s__Collinsella_SGB4121,-0.1004395,-0.12316422,-0.1397413,-0.20428483,-0.1643954,-0.19007987,-0.1666669,-0.14426395,-0.12428813,-0.18126217,-0.179966,-0.2166169,-0.16770363,-0.19954237,-0.10375981,-0.099864215,-0.058144663,-0.10119812,-0.10792783,-0.16864885,-0.1978925,-0.12536043,-0.13601829,-0.15161288,-0.16921367,-0.11658599,-0.16559516,-0.17223515,-0.1509206,-0.12124001,-0.1347081,-0.10559635,-0.14712422,-0.19178867,-0.1864358,-0.2175087,-0.15813085,-0.22338755,-0.19285598,-0.29867563,-0.29210672,-0.19432378,-0.10781648,-0.09162698,-0.13691942,-0.15328258,-0.23188588,-0.19042629,-0.14552632,-0.2026537,-0.18002076,-0.18279888,-0.19284537,-0.1938836,-0.19842803,-0.15776557,-0.12554675,-0.14300445,-0.09371692,-0.09650797,-0.16936101,-0.14192541,-0.13743341,-0.14593548,-0.12719077,-0.14974307,2.7180848,1.2819539,-0.18547057,-0.20047067,-0.14503145,-0.14824203,-0.13013032,-0.14181632,-0.15032591,-0.16280176,-0.14585283,-0.16278498,-0.15722036,-0.14998752,-0.14639886,-0.15518358,-0.15203187,-0.22480208,-0.120334074,-0.1407572,-0.11825597,-0.15976584,-0.17203367,-0.15375206,-0.16626807,-0.11139822,-0.1388583,-0.13027036,-0.12860751,1.5175456,-0.14188758,-0.116074175,-0.10065024,-0.091470405,-0.10615727,-0.12050299,-0.13446555,-0.15027548,-0.15914845,-0.1185138,-0.11129953,-0.1578567,-0.17738779,-0.13333835,-0.16105333,-0.25953975,-0.14744592,-0.13178489,-0.14049946,-0.15095688,-0.17780018,-0.16085808,1.130749,-0.09015879,-0.11070219,-0.13407148,-0.12931184,-0.13997786,-0.17120609,-0.13908121,-0.16057305,-0.12777606,-0.07092635,-0.03704006,-0.13626522,-0.16058248,-0.17680416,4.9541116,3.564961,-0.1351285,2.5344431,-0.13775334,4.9301724,1.5451174,-0.08507927,-0.10945694,-0.14410247,-0.09238048,-0.18491544,-0.18695688,-0.15154693,-0.09151749,-0.13230102,-0.14831859,-0.1489305,-0.15731135,-0.16831627,-0.18181416,-0.08891335,-0.123820834,-0.14045206,-0.10256614,-0.17951453,-0.19495486,-0.18834183,-0.10100225,-0.13113372,-0.08091658,-0.12741187,3.1821795,-0.18997794,-0.1885588,-0.12395105,-0.077001825,-0.098048136,-0.11828801,-0.13599822,-0.12406494,-0.121451,-0.095548645,-0.09743418,-0.10904072,-0.082459606,-0.11318498,-0.13207045,-0.16569245,-0.1410757,-0.13536145,-0.18093297,-0.17825818,-0.19043459,-0.14351997,-0.15549555,-0.13499188,-0.119081676,-0.14001076,-0.19117098,-0.18743712,-0.17825201,-0.19755594,-0.25103784,-0.20219928,-0.186914,-0.18740658,-0.17964712,-0.17086895,-0.27554205,-0.08916744,-0.11956477,-0.12732369,-0.15751183,-0.20931396,-0.18224281,-0.29657933,-0.32474133,-0.15026164,0.7702659,1.4918802,1.7306006,1.632552,-0.17647925,-0.114121355,-0.13873492,-0.15388772,-0.15788373,1.4168894,2.5345325,-0.2463224,-0.10498378,-0.12455491,-0.13786227,-0.12412462,-0.15189947,-0.15410514,-0.15539739,-0.14014931,-0.15141064,-0.16186035,-0.15365681,-0.15231824,-0.15150233,-0.13331223,-0.1229983,-0.14515758,-0.18775667,-0.17437214,-0.21025829,-0.3990198,-0.19807479,-0.113790706,-0.1296617,-0.11865554,-0.14693075,-0.16636807,-0.18435168,-0.18833938,-0.13118325,-0.07822105,-0.15203647,-0.13889179,-0.14106366,-0.11874466,-0.19987361,-0.1649412,-0.1566155,-0.1403513,-0.12353282,-0.12722544,1.8467978,1.9379365,-0.10770242,-0.13074079,-0.09132757,-0.12832497,-0.12927228,-0.14862889,-0.151202,-0.097396724,-0.08910369,-0.12430465,-0.11080339,-0.13714756,-0.14949767,-0.1685857,-0.14206517,-0.11666538,-0.17183173,-0.15052521,-0.14181839,-0.124789834,-0.14165324,-0.17466888,-0.13176009,-0.13183053,-0.14487666,-0.12294277,-0.08722703,-0.05825615,-0.14262858,-0.17082691,-0.026243303,-0.16374177,-0.2829064,-0.31316653,-0.19405611,-0.14474162,-0.14331596,-0.14862512,-0.12963767,-0.25088155,-0.19019589,-0.18584895,-0.09576899,-0.109908506,-0.10702289,-0.0952725,-0.12759323,-0.151629,-0.15746465,-0.165053,-0.12812386,-0.0969081,-0.16398169,-0.14347015,-0.11335766,-0.18846886,-0.1706479,-0.15242161,-0.12566942,-0.115196005,-0.11331557,-0.11662802,-0.17426619,-0.13786437,-0.13402748,-0.096878245,-0.1209536,-0.0931429,-0.12434345,-0.13591659,-0.063823454,-0.13877153,-0.11419349,-0.13318168,2.3902767,-0.2571875,-0.29957527,-0.14504504,-0.15528229,-0.13150352,-0.19104545,-0.0782174,-0.16994911,-0.16282494,-0.09859173,-0.11065883,-0.115601815,-0.076612435,-0.083404,-0.1213824,-0.13072303,-0.13855581,-0.19385117,-0.09990527,-0.15391208,-0.19487974,-0.18755594,-0.18400922,-0.11171192,-0.14222717,-0.10392384,-0.15815842,-0.19016257,-0.17138419,-0.16650628,-0.1418547,-0.14161733,-0.10191266,-0.15191558,-0.15968794,-0.17796817,-0.19116867,-0.12132212,-0.1466077,-0.11405591,-0.08170976,-0.14163122,0.8228373,-0.15911774,-0.125103,-0.15657571,-0.15690626,-0.14231266,-0.19202894,-0.16064723,-0.1799522,-0.2963242,-0.19148555,-0.17799658,-0.16900983,-0.18914314,-0.1556106,-0.14054683,-0.12987012,-0.12557748,-0.13750264,-0.1608924,3.4409258,-0.16445258,-0.17888263,-0.18912825,-0.11441202,-0.14970767,-0.13961121,-0.17543373,-0.16485542,-0.1629954,-0.14331086,-0.18237996,-0.12741856,-0.15189795,-0.13587728,-0.24156228,-0.17643201,-0.1039485,-0.13442677,-0.14130008,-0.17241806,-0.11066124,-0.13389198,-0.15152276,-0.15849051,-0.1786122,-0.15326357,-0.14780894,-0.19184028,-0.17268187,-0.16313195,-0.14723541,-0.14623587,-0.11499533,-0.10471026,-0.13438173,-0.20148799,-0.17501026,-0.12513243,-0.16335261,-0.18041904,-0.18738703,-0.11705899,-0.17531708,-0.25080368,-0.09356707,-0.09354244,-0.11470142,-0.13546349,-0.14686051,-0.09916183,-0.18608946
k__Bacteria|p__Actinobacteria|c__Actinomycetia|o__Bifidobacteriales|f__Bifidobacteriaceae|g__Bifidobacterium|s__Bifidobacterium_pseudocatenulatum,-0.1004395,-0.12316422,-0.14066273,-0.20428483,-0.1656411,-0.19213456,-0.1666669,-0.1441036,-0.12395911,-0.18202043,-0.18151179,-0.22767048,-0.16772515,-0.20480949,-0.102819934,-0.09929318,-0.058144663,-0.09943238,-0.10720563,-0.16954891,-0.1978925,-0.12536043,-0.13543825,-0.15133378,-0.17034394,-0.11658599,-0.16595611,-0.17271164,-0.1509206,-0.12124001,-0.13417953,-0.1052766,-0.14728892,-0.19446316,-0.18787691,-0.2175087,-0.15961987,-0.22338755,-0.19577746,-0.29867563,-0.29210672,-0.19705756,-0.106872365,-0.09162698,-0.13691942,-0.15382443,-0.23188588,-0.19224109,-0.14568198,7.5149193,-0.18181005,8.046035,-0.19596675,-0.1975477,-0.20308736,-0.15655968,-0.125099,-0.14299011,-0.09190951,-0.09534164,-0.17001054,-0.14146824,-0.13743341,-0.14600486,-0.12719077,-0.15000346,-0.2613474,6.584505,-0.18728662,-0.20047067,-0.14488497,-0.14825411,-0.13012432,-0.14190826,-0.14994547,-0.16298065,-0.14568582,-0.16278498,-0.15815376,-0.14998752,-0.14611194,-0.15595928,-0.15217529,-0.22480208,-0.120334074,-0.14055496,-0.11768058,-0.15986931,-0.17280951,-0.15451282,-0.16682342,9.52605,-0.1388583,8.923243,-0.12780547,8.4789095,-0.14129545,-0.11484732,-0.10065024,-0.0901338,-0.10505183,-0.119970925,-0.13421988,-0.15027548,-0.15922995,-0.1185138,-0.11129953,-0.1578567,-0.17738779,-0.13315842,-0.16261536,6.519191,-0.14762849,-0.13178118,-0.14078145,-0.15095688,-0.17780018,-0.16235624,6.0070558,-0.09015879,-0.10937829,-0.13386893,-0.12898359,-0.13997786,-0.17232624,-0.13908121,-0.16057305,-0.12777606,-0.07092635,-0.03704006,-0.13615246,-0.16094463,-0.1775071,-0.14332479,-0.12334781,-0.13470128,1.6062149,-0.13743468,-0.25318068,-0.26654312,-0.08334731,-0.10945694,-0.14366233,-0.09238048,-0.18612716,-0.1888206,-0.1518696,-0.09006126,-0.13230102,-0.14842767,-0.14927953,-0.1579043,-0.16930556,-0.18250695,-0.08770318,-0.12323315,-0.14049134,-0.10256614,-0.17951453,-0.19495486,-0.18994662,-0.09970313,-0.13113372,-0.07984683,-0.12699562,-0.19006202,-0.19198525,-0.19026396,-0.12282008,-0.07532443,-0.096915975,-0.117894985,-0.13564974,-0.12406494,-0.121451,-0.09435786,-0.09631582,-0.10803358,-0.082459606,-0.112304315,-0.13140391,-0.16593209,-0.1410757,-0.13533361,0.8299381,-0.17825818,-0.19287288,-0.14381388,3.1649833,-0.13472888,-0.119081676,-0.14001076,-0.19117098,-0.18991598,-0.18006009,-0.19755594,-0.25103784,-0.20219928,-0.18837628,-0.18946798,-0.18106201,-0.17254698,-0.27554205,-0.08916744,-0.11956477,-0.12679781,-0.15751183,-0.20931396,-0.18224281,-0.29657933,-0.32474133,-0.15075797,-0.3242122,-0.17325558,-0.17108874,-0.2185038,7.0069556,-0.114121355,-0.13885924,-0.15388772,-0.15788373,-0.22984435,-0.18186735,-0.25589582,-0.104002565,8.6209955,-0.13749033,-0.12340047,8.655479,-0.15403748,-0.15521765,-0.14014931,-0.15141064,-0.16200565,-0.15410838,-0.15250176,-0.15201212,-0.13317406,-0.12224129,-0.14512765,-0.18880957,-0.17571653,7.2814074,6.717898,-0.20157874,-0.11285828,-0.1296617,-0.11802928,-0.14678523,-0.16636807,-0.18514308,-0.19010141,-0.1307013,-0.07663368,-0.1520814,-0.13879158,-0.14106366,-0.11726825,-0.19987361,-0.1649412,-0.15730777,-0.14070353,-0.12284276,-0.12722544,-0.14610182,-0.2588673,-0.10679573,-0.13074079,-0.09132757,-0.12832497,-0.12838274,-0.14857422,-0.15084092,-0.09602122,-0.08910369,-0.12363639,-0.10996693,-0.13696826,-0.14965266,-0.16925922,-0.14196146,-0.11556873,-0.17255199,-0.15069504,-0.14145595,-0.124703735,-0.14099202,-0.17466888,8.316347,-0.13146955,-0.14475897,-0.12236058,7.8520966,-0.05825615,-0.14245759,-0.17082691,-0.026243303,-0.16528197,-0.2829064,-0.31316653,-0.19710964,-0.14472753,-0.14331596,-0.14862512,-0.12963767,-0.25088155,-0.19261459,-0.1872174,-0.09426069,-0.10886194,-0.10702289,-0.09374494,-0.12759323,-0.15169613,-0.15746465,-0.16589439,-0.12812386,-0.0969081,-0.16398169,-0.14278418,-0.11335766,-0.18846886,-0.1706479,-0.15286645,-0.12513843,-0.115196005,-0.112469465,-0.11662802,-0.17471056,-0.13767548,-0.13372621,-0.096878245,-0.12054479,-0.09145103,-0.12434345,-0.1348413,2.969422,1.7306774,3.201162,-0.1329287,7.039004,6.5724688,7.985894,-0.14529108,-0.155693,-0.13146219,7.1780577,-0.0782174,-0.1712564,-0.16310388,-0.09859173,-0.11065883,-0.11387971,9.371601,9.493582,9.056796,8.724134,-0.13855581,-0.19385117,-0.098999575,-0.15445133,-0.19487974,-0.18950391,-0.18558231,-0.11069569,-0.14204556,-0.1025939,-0.1582134,-0.19264054,-0.17182392,-0.16764134,-0.14187811,-0.14170831,-0.101316616,-0.15210822,-0.16028877,-0.17943077,-0.19363323,-0.12057038,-0.14634106,-0.11298898,-0.07979596,-0.14214957,-0.20725825,-0.1597057,-0.125103,-0.15657571,-0.15690626,-0.14258361,-0.19202894,-0.1613349,-0.18065324,-0.2963242,-0.19671038,-0.17956498,-0.17016312,-0.19157238,-0.15630251,-0.14054683,-0.12958725,-0.12557748,-0.13737483,-0.16219221,-0.30584824,-0.16547737,-0.17983161,-0.19111073,-0.11441202,-0.14945072,-0.13959572,-0.17661107,-0.16568589,-0.16337347,-0.14331086,-0.18237996,-0.12748943,-0.15220165,-0.1366732,-0.24156228,-0.17797661,-0.10285962,-0.13424733,-0.14111754,-0.17320877,-0.10972802,-0.13364315,-0.1512211,-0.15891618,-0.1803469,-0.15327552,-0.14818287,-0.19184028,-0.17402962,-0.16302168,-0.14723541,-0.14623587,-0.11499533,-0.10471026,-0.13414395,-0.20148799,-0.17579544,-0.12513243,-0.16426727,-0.18041904,-0.18738703,-0.11705899,-0.17531322,-0.25751698,-0.092317134,-0.091983676,-0.11413734,-0.13520822,-0.14708085,-0.09809531,-0.18752813
k__Bacteria|p__Actinobacteria|c__Actinomycetia|o__Micrococcales|f__Promicromonosporaceae|g__Isoptericola|s__Isoptericola_variabilis,2.2258255,3.5469215,-0.13894182,3.6953115,-0.16379808,-0.18999475,-0.1666669,-0.14282872,-0.12303898,-0.18067297,-0.18007812,-0.21851629,-0.16710356,-0.20016673,-0.101735204,-0.09761529,-0.058144663,-0.09862907,-0.10596134,-0.16807665,-0.1978925,-0.12536043,-0.13443322,-0.15022439,-0.16860795,-0.11658599,-0.16478702,-0.17143054,-0.1509206,-0.12124001,-0.13304628,-0.10391331,-0.14584567,-0.19215995,-0.18606779,-0.2175087,-0.1576114,-0.22338755,-0.19309783,-0.29867563,-0.29210672,-0.19466624,-0.105780154,-0.09162698,-0.13691942,-0.1523102,-0.23188588,-0.19031003,-0.14431512,-0.2026537,-0.18013118,-0.18279888,-0.1932309,-0.19437897,-0.19911651,-0.15626515,-0.123877235,-0.1416387,-0.091183335,-0.09429852,-0.16856188,-0.14043784,-0.13743341,-0.1446295,1.4598879,-0.14873096,-0.2613474,-0.22333384,-0.18553263,-0.20047067,-0.14362106,-0.14700341,-0.12860534,-0.1405297,-0.14892176,-0.16177219,-0.14464718,-0.16278498,-0.1563878,-0.14998752,-0.14501332,-0.1542522,-0.15092693,-0.22480208,2.577758,-0.1393274,-0.1164995,-0.1586869,-0.17133248,-0.15284637,-0.1655387,-0.11139822,-0.1388583,-0.13027036,-0.12695757,-0.15152657,-0.14054099,-0.1140584,4.347065,-0.08925251,-0.10413271,-0.118809,-0.13295893,-0.15027548,-0.15798828,-0.1185138,-0.11129953,1.7542175,3.1897533,-0.13162504,-0.16066194,1.8179585,-0.14623013,-0.13038245,-0.13919234,-0.15095688,1.5351821,-0.1604639,-0.22917573,-0.09015879,-0.1085525,-0.13259697,-0.1277327,-0.13997786,-0.17063574,-0.13908121,-0.16057305,-0.12777606,-0.07092635,-0.03704006,-0.13488966,-0.15966505,-0.17602967,-0.14332479,-0.12334781,-0.13364463,-0.12023825,-0.13619246,-0.25318068,-0.26654312,-0.08251837,-0.10945694,-0.14256258,-0.09238048,-0.18449324,-0.18683489,-0.15039615,-0.089111224,-0.13230102,-0.14712024,-0.1478474,-0.15637001,-0.16773337,-0.18106109,-0.086557575,-0.122006565,-0.1388946,-0.10256614,-0.17951453,-0.19495486,-0.18801987,-0.09879148,-0.13113372,-0.078487046,-0.12605616,-0.19006202,-0.19000767,-0.18825044,-0.12190539,-0.07445071,-0.095787145,-0.116638795,-0.13448171,-0.12406494,1.906772,-0.09322286,-0.09527772,-0.10700493,-0.082459606,-0.11130763,-0.13053417,-0.164651,3.0910842,-0.13401389,3.445161,1.4486282,-0.19046302,-0.14235894,1.0231863,-0.13345744,3.0055273,2.2002807,2.7851985,-0.18740007,-0.17800324,-0.19755594,1.1079378,-0.20219928,-0.18669882,-0.18739529,-0.17934474,-0.17050673,-0.27554205,-0.08916744,3.4269497,-0.12579164,-0.15751183,-0.20931396,-0.18224281,-0.29657933,3.305318,-0.14858854,-0.3242122,-0.17325558,-0.17108874,-0.2185038,-0.17647925,-0.114121355,-0.1374514,-0.15388772,-0.15788373,-0.22984435,-0.18186735,-0.24970691,-0.10288897,-0.12455491,-0.13643885,-0.122465126,-0.15189947,-0.1528872,-0.1540965,-0.14014931,-0.15141064,-0.16076866,-0.15263346,-0.15110275,-0.15045562,-0.13180724,-0.12121908,-0.14405058,-0.18724465,-0.17410123,-0.21025829,-0.3990198,-0.19866581,-0.11185998,-0.1296617,-0.11689867,-0.14572862,-0.16636807,-0.18380228,-0.18826462,-0.12948363,-0.075770274,-0.15087129,-0.13752076,-0.14106366,-0.11673559,-0.19987361,-0.1649412,-0.15569307,-0.13900429,-0.12181552,-0.12722544,-0.14610182,-0.2588673,-0.10567801,-0.13074079,-0.09132757,-0.12832497,-0.1274953,-0.14743829,-0.14974697,-0.09508566,-0.08910369,-0.122545905,-0.108933404,-0.13568257,-0.14841391,-0.16768757,-0.1407075,-0.11471813,-0.17101693,-0.14949763,-0.1402764,-0.12331037,-0.14031209,-0.17466888,-0.13176009,-0.13021189,-0.1435707,-0.12118536,2.1311827,-0.05825615,-0.14123058,-0.17082691,-0.026243303,-0.16323833,-0.2829064,-0.31316653,-0.19435944,-0.14339674,-0.14331596,-0.14862512,-0.12963767,3.0924003,-0.19032311,-0.18541676,-0.09341496,-0.10783421,1.7967192,-0.09290671,-0.12759323,-0.15049934,-0.15746465,-0.16429272,5.886799,-0.0969081,-0.16398169,-0.14191392,-0.11335766,-0.18846886,3.7382333,-0.15127999,-0.123900235,2.2013974,-0.11134826,-0.11662802,-0.17337975,-0.13642377,-0.13245012,-0.096878245,-0.11929476,-0.09073536,-0.12434345,-0.13406026,-0.063823454,-0.13877153,-0.11419349,-0.13156642,-0.24483351,-0.2571875,-0.29957527,-0.14381172,-0.15417723,-0.13019355,-0.19104545,-0.0782174,-0.16926943,-0.1617433,-0.09859173,-0.11065883,-0.1133399,-0.076612435,-0.083404,1.4465927,-0.13072303,-0.13855581,-0.19385117,-0.097630255,-0.15301266,-0.19487974,-0.1876101,-0.18366462,-0.10972817,-0.14071214,-0.10185927,-0.15698603,-0.19053978,-0.17044012,-0.16616134,-0.14054188,-0.14024617,-0.09996358,-0.15080737,-0.1588794,-0.17762613,-0.19151135,-0.11955309,-0.14520183,-0.11218181,-0.07921739,-0.14057466,-0.20725825,-0.15810236,2.2718396,2.6747277,3.850988,-0.14115654,-0.19202894,-0.15986562,-0.17915043,2.4986649,-0.1924436,-0.17772241,-0.1685702,-0.18916865,-0.15477398,-0.14054683,-0.1283246,-0.12557748,-0.1361388,-0.15997091,-0.30584824,-0.16363135,-0.17821088,-0.1891405,-0.11441202,-0.1483815,-0.13831179,-0.17489508,-0.16413015,-0.16196422,-0.14331086,-0.18237996,-0.12602547,-0.15068035,-0.13481322,-0.24156228,-0.17602718,-0.10178206,-0.13296676,-0.13991153,-0.17168944,-0.1086639,-0.1324648,-0.15033752,-0.1573768,-0.1783642,-0.15198168,-0.1468288,-0.19184028,-0.17223959,-0.1618639,3.9392722,-0.14623587,-0.11499533,-0.10471026,-0.13297573,-0.20148799,-0.17421703,2.6334553,-0.16254741,1.945012,-0.18738703,-0.11705899,-0.17408317,-0.25361592,-0.09131865,-0.09113041,-0.112921864,-0.1340048,-0.1456418,-0.09705417,-0.18592077
k__Bacteria|p__Actinobacteria|c__Actinomycetia|o__Bifidobacteriales|f__Bifidobacteriaceae|g__Bifidobacterium|s__Bifidobacterium_adolescentis,-0.1004395,-0.12316422,-0.1407944,-0.20428483,-0.16561276,-0.1915175,-0.1666669,-0.14414692,-0.124449775,-0.18164307,-0.18150365,-0.22336662,-0.1678929,-0.20292567,-0.103346914,-0.09968987,-0.058144663,-0.0998157,-0.10763137,-0.1692569,8.810261,-0.12536043,-0.13559341,-0.15119971,-0.17000194,-0.11658599,-0.16600648,-0.17238721,-0.1509206,-0.12124001,-0.13445505,-0.10573003,-0.14726105,-0.19376612,-0.18720959,-0.2175087,-0.15969278,-0.22338755,-0.19523057,-0.29867563,-0.29210672,-0.19592093,-0.10728,-0.09162698,-0.13691942,-0.15389025,-0.23188588,-0.19194038,-0.14561325,6.8146677,-0.18214504,7.2806306,-0.19518256,-0.19616058,-0.20087618,-0.15651402,-0.12525856,-0.14296135,-0.09248446,-0.09582709,-0.16969152,-0.14153004,-0.13743341,-0.14602052,8.712608,-0.15018071,7.7352605,7.8468127,-0.18689048,-0.20047067,-0.14478758,-0.14827728,-0.13011178,-0.14182608,-0.1495685,-0.16275615,-0.14558339,-0.16278498,-0.15836835,-0.14998752,-0.14617711,-0.15587956,-0.15209901,-0.22480208,-0.120334074,-0.14064918,-0.11797311,-0.15965243,-0.17242339,-0.15451112,-0.16655482,-0.11139822,8.711056,-0.13027036,-0.12803257,-0.15152657,-0.14164665,-0.1153547,-0.10065024,-0.09081055,-0.10543859,-0.120163925,-0.13427222,-0.15027548,-0.15909699,-0.1185138,-0.11129953,-0.1578567,-0.17738779,-0.13308686,-0.162388,7.737568,-0.14773132,-0.13198762,-0.14075401,-0.15095688,-0.17780018,-0.16240709,-0.22917573,-0.09015879,-0.10999316,-0.13401243,-0.12910351,-0.13997786,-0.17218992,-0.13908121,-0.16057305,-0.12777606,-0.07092635,-0.03704006,-0.13641532,-0.16066213,-0.17726073,-0.14332479,-0.12334781,-0.13508001,-0.12023825,-0.13731676,-0.25318068,-0.26654312,-0.0839939,-0.10945694,-0.14349037,-0.09238048,-0.18577996,-0.18832593,-0.15189746,-0.09063602,-0.13230102,-0.1484834,-0.1492763,-0.157715,-0.1690481,-0.18186109,-0.08832608,-0.123511866,-0.14043356,-0.10256614,-0.17951453,-0.19495486,-0.1892667,-0.1001883,-0.13113372,-0.08007959,-0.12710175,-0.19006202,-0.19135496,-0.18972155,-0.1230535,-0.07620387,-0.097418346,-0.118199125,-0.13576934,-0.12406494,-0.121451,-0.094838016,-0.09691552,-0.10844458,-0.082459606,-0.112682134,-0.13159415,-0.16571134,-0.1410757,-0.13560912,-0.18093297,-0.17825818,-0.19222581,-0.14379427,7.231285,-0.1347495,-0.119081676,-0.14001076,-0.19117098,-0.1893731,-0.17971116,-0.19755594,-0.25103784,-0.20219928,-0.18812333,-0.18914808,-0.18070973,-0.17225158,-0.27554205,-0.08916744,-0.11956477,-0.12721524,-0.15751183,-0.20931396,-0.18224281,-0.29657933,-0.32474133,-0.15189053,-0.3242122,6.6153545,-0.17108874,-0.2185038,-0.17647925,-0.114121355,-0.13912648,-0.15388772,-0.15788373,-0.22984435,-0.18186735,-0.25329074,-0.104404345,-0.12455491,-0.13767499,-0.12363054,2.888754,-0.1538547,-0.15506288,-0.14014931,-0.15141064,-0.16168058,-0.15414259,-0.1523906,-0.15201007,-0.13332525,-0.12254433,-0.14530943,-0.18809956,-0.17538811,-0.21025829,-0.3990198,-0.20048356,-0.11325987,-0.1296617,-0.11823878,-0.14678904,-0.16636807,-0.18469861,-0.18964812,-0.13100657,-0.077310584,-0.1518936,-0.13889343,-0.14106366,-0.11764574,-0.19987361,8.936042,-0.15750948,-0.14069262,-0.1231727,8.455745,8.199776,5.0658455,-0.107208066,-0.13074079,-0.09132757,-0.12832497,-0.12846208,-0.14867288,-0.1507694,-0.0965385,-0.08910369,-0.12382098,-0.110359415,-0.13706177,-0.14966978,-0.16887307,-0.1420309,-0.11604959,-0.17230344,-0.15073438,-0.14145681,-0.12496534,-0.14103976,-0.17466888,-0.13176009,-0.13155597,-0.14487821,-0.12261075,-0.08722703,-0.05825615,-0.14258197,-0.17082691,-0.026243303,-0.1655316,-0.2829064,1.4099063,-0.19612342,-0.14472303,-0.14331596,1.3846416,8.444231,7.6513004,-0.19200432,-0.18664715,-0.09478425,-0.1092685,-0.10702289,-0.093929775,-0.12759323,-0.15178528,-0.15746465,-0.16577274,-0.12812386,-0.0969081,-0.16398169,-0.14270505,-0.11335766,-0.18846886,-0.1706479,-0.15284318,-0.12536259,-0.115196005,-0.11268598,-0.11662802,-0.17445084,-0.13771215,-0.13378143,-0.096878245,-0.12081878,-0.09197515,-0.12434345,-0.135156,-0.063823454,-0.13877153,-0.11419349,-0.13302653,-0.24483351,-0.2571875,-0.29957527,-0.14523718,-0.1555492,-0.13146824,-0.19104545,-0.0782174,-0.17085403,-0.16299388,-0.09859173,-0.11065883,-0.114428625,-0.076612435,-0.083404,-0.1213824,-0.13072303,-0.13855581,-0.19385117,-0.09922599,-0.15440196,6.410344,-0.18908334,-0.18505111,-0.111059144,-0.14223634,-0.10302448,-0.15794073,-0.1919977,-0.17118113,-0.16741356,-0.14194508,-0.1417489,-0.10182448,-0.15202488,-0.16030714,-0.17917891,-0.1930163,-0.12079243,-0.14641003,-0.11359067,-0.08054243,-0.14192733,-0.20725825,-0.1596134,-0.125103,-0.15657571,-0.15690626,-0.14280026,-0.19202894,-0.16122213,-0.18017718,-0.2963242,-0.19619098,-0.17930837,-0.17011897,-0.1909117,-0.15632582,-0.14054683,-0.1297091,-0.12557748,-0.13752735,-0.16179231,-0.30584824,-0.16539574,-0.1793834,-0.19076896,-0.11441202,-0.14938349,-0.13976239,-0.17627205,-0.1654934,-0.16319686,-0.14331086,-0.18237996,-0.12779185,-0.15215102,-0.13647366,-0.24156228,-0.17794418,-0.1032342,-0.13457972,-0.14104114,-0.1728392,-0.11015665,-0.13382709,-0.151048,-0.15875748,-0.18014187,-0.15293837,-0.1479994,8.818022,-0.17375177,-0.16285652,-0.14723541,-0.14623587,-0.11499533,-0.10471026,-0.13414383,-0.20148799,-0.17542274,-0.12513243,-0.16456668,-0.18041904,-0.18738703,-0.11705899,-0.17475578,-0.25598526,-0.09290438,-0.09258508,-0.11452024,-0.1352641,-0.14696944,-0.09856379,-0.18695396
k__Bacteria|p__Actinobacteria|c__Actinomycetia|o__Actinomycetales|f__Actinomycetaceae|g__Actinomyces|s__Actinomyces_sp_ICM47,-0.1004395,-0.12316422,-0.14115852,-0.20428483,-0.1666364,-0.1921415,-0.1666669,-0.14478081,-0.12509178,-0.18275888,-0.18252599,-0.21880049,-0.16885537,-0.20215914,-0.10312539,-0.09933749,-0.058144663,-0.099529594,-0.10798931,-0.16969293,3.3256674,-0.12536043,-0.13597724,-0.15160307,-0.17049864,2.3820622,-0.16687596,-0.17285588,-0.1509206,-0.12124001,-0.1348635,-0.10574311,-0.14773367,-0.19406822,-0.18739776,-0.2175087,-0.16091046,-0.22338755,-0.19593582,2.11664,1.8793269,-0.19548266,-0.10721991,-0.09162698,-0.13691942,-0.15456355,1.5021926,-0.19257724,-0.14599794,-0.2026537,-0.18440053,-0.18279888,-0.1956506,-0.19571388,-0.19858012,-0.15675682,-0.12533477,-0.14310804,-0.09241819,-0.09578133,-0.17031962,-0.14171739,-0.13743341,-0.14643052,-0.12719077,-0.15113553,-0.2613474,-0.22333384,-0.18788686,-0.20047067,-0.14502144,-0.14873825,-0.13012488,-0.1419239,-0.14946586,-0.16313729,-0.1459909,-0.16278498,-0.1595762,-0.14998752,-0.14664489,-0.1565476,-0.15244281,-0.22480208,-0.120334074,-0.14102782,-0.11815222,-0.16006857,-0.17301905,-0.1551098,-0.1670546,-0.11139822,-0.1388583,-0.13027036,-0.1282014,2.6602035,-0.14228566,-0.11557473,-0.10065024,-0.090731986,-0.10530853,-0.12010692,-0.13445297,-0.15027548,-0.159547,-0.1185138,-0.11129953,-0.1578567,-0.17738779,-0.13321286,-0.16285321,-0.25953975,-0.14838761,-0.13239475,-0.14095089,-0.15095688,-0.17780018,-0.16324255,-0.22917573,-0.09015879,-0.11039819,-0.1343298,-0.12918758,-0.13997786,-0.17290084,-0.13908121,-0.16057305,0.9807071,-0.07092635,-0.03704006,-0.13675389,-0.16097061,-0.17788061,-0.14332479,-0.12334781,-0.13573533,1.125995,-0.13741836,-0.25318068,2.3771017,-0.083874986,-0.10945694,-0.14343676,-0.09238048,-0.18661186,-0.18877274,-0.1523017,-0.09054821,-0.13230102,-0.14901996,-0.1497291,-0.15819016,-0.16953894,-0.18205903,-0.0881901,-0.123508744,-0.14073068,-0.10256614,-0.17951453,-0.19495486,-0.18960014,-0.10013873,-0.13113372,-0.079110056,-0.1270171,-0.19006202,-0.19182926,-0.19026995,-0.123144366,-0.07616959,-0.09729798,-0.11823792,-0.13599072,-0.12406494,-0.121451,-0.094661005,-0.09685755,-0.108351305,-0.082459606,-0.11262998,-0.13166648,-0.16608861,-0.1410757,-0.13625088,-0.18093297,-0.17825818,-0.19271591,-0.14380391,-0.15549555,-0.13479021,-0.119081676,-0.14001076,-0.19117098,-0.1900805,-0.18057218,-0.19755594,4.4033194,5.7517385,-0.18928751,-0.19005336,-0.18142259,-0.17287314,-0.27554205,-0.08916744,-0.11956477,-0.12776697,-0.15751183,2.3280296,1.8187916,-0.29657933,-0.32474133,-0.1534059,-0.3242122,-0.17325558,-0.17108874,-0.2185038,-0.17647925,-0.114121355,-0.13977093,-0.15388772,-0.15788373,-0.22984435,-0.18186735,-0.25193733,-0.104387,-0.12455491,-0.138086,-0.1237317,-0.15189947,-0.15401997,-0.155294,-0.14014931,-0.15141064,-0.16200177,-0.15481481,-0.15283403,-0.15237188,-0.13348794,-0.122894906,-0.14601666,-0.18880785,-0.1757698,2.4329588,-0.3990198,-0.19902372,-0.11342246,-0.1296617,-0.11806585,-0.14714895,-0.16636807,-0.18536995,-0.1903545,-0.1314351,-0.07712077,-0.15193984,-0.1392892,1.0248748,-0.11775862,-0.19987361,-0.1649412,-0.15856668,-0.14083892,-0.123258814,-0.12722544,-0.14610182,-0.2588673,-0.107225865,-0.13074079,-0.09132757,-0.12832497,-0.12856723,-0.14914535,-0.15106961,-0.09643835,-0.08910369,-0.123797074,-0.110349774,-0.13736577,-0.15006143,-0.16910088,-0.14238438,-0.11643271,-0.17296574,-0.1511823,-0.14172143,-0.12510851,-0.1414473,-0.17466888,-0.13176009,-0.13174894,-0.14518586,-0.12255345,-0.08722703,-0.05825615,-0.1429413,-0.17082691,-0.026243303,-0.16628967,-0.2829064,-0.31316653,-0.19560914,-0.14512704,-0.14331596,-0.14862512,-0.12963767,-0.25088155,-0.19245349,-0.18712784,-0.09465865,-0.10934715,-0.10702289,-0.09315559,-0.12759323,-0.15225099,-0.15746465,-0.1664609,-0.12812386,-0.0969081,-0.16398169,-0.14268824,-0.11335766,-0.18846886,-0.1706479,-0.15346664,-0.12549755,-0.115196005,-0.11254791,-0.11662802,-0.17503497,-0.13788033,-0.13382532,-0.096878245,-0.120734856,-0.09177509,-0.12434345,-0.13566443,-0.063823454,-0.13877153,-0.11419349,-0.13322684,-0.24483351,-0.2571875,-0.29957527,-0.14558998,-0.15605842,-0.13143711,-0.19104545,-0.0782174,-0.17124903,-0.16336961,-0.09859173,-0.11065883,-0.11466012,-0.076612435,-0.083404,-0.1213824,-0.13072303,-0.13855581,-0.19385117,-0.098921,-0.15493071,-0.19487974,-0.18991947,-0.18543106,-0.111096784,-0.14276007,-0.102965,-0.15828852,-0.19269928,-0.17104435,-0.16794354,-0.14228779,-0.14200614,-0.101959184,-0.15236992,-0.16106062,-0.1800381,-0.1934731,-0.12087415,-0.14673617,-0.11408708,-0.08056605,-0.14168459,-0.20725825,-0.16024499,-0.125103,-0.15657571,-0.15690626,-0.14345887,-0.19202894,-0.16174844,-0.18064728,-0.2963242,-0.19695717,-0.1797031,-0.17085013,-0.19144872,-0.15661207,-0.14054683,-0.12983799,-0.12557748,-0.13767533,-0.1623287,-0.30584824,-0.16597456,-0.17970887,-0.191791,-0.11441202,-0.14952943,-0.14024287,-0.17698096,-0.16590738,-0.16375645,-0.14331086,-0.18237996,-0.12827003,-0.15279183,-0.13622329,-0.24156228,-0.17903584,-0.103206106,-0.1351578,-0.14114651,-0.17319676,-0.11038561,-0.13402426,-0.15123212,-0.1593614,-0.18117143,-0.15295276,-0.14808369,2.5651524,-0.17437029,-0.1632877,-0.14723541,-0.14623587,-0.11499533,-0.10471026,-0.13418065,-0.20148799,-0.17598574,-0.12513243,-0.16624716,-0.18041904,-0.18738703,-0.11705899,-0.17502809,-0.25627878,-0.09276502,-0.09251736,-0.11465201,-0.13533846,-0.14712454,-0.09848265,-0.18740828
k__Bacteria|p__Actinobacteria|c__Coriobacteriia|o__Coriobacteriales|f__Atopobiaceae|g__Lancefieldella|s__Lancefieldella_parvula,-0.1004395,0.7027788,-0.13925695,-0.20428483,-0.16534197,-0.19000837,-0.1666669,-0.14332727,-0.12334427,-0.18131164,-0.18056427,-0.21359996,-0.16536759,-0.1987122,-0.10150276,-0.09698907,-0.058144663,-0.098400995,-0.10605568,-0.16848454,-0.1978925,0.76320016,-0.13473135,-0.15059227,-0.16885462,-0.11658599,-0.16567625,-0.17194082,2.6080463,-0.12124001,-0.1335153,-0.10374029,-0.14611834,-0.19206616,-0.18592426,-0.2175087,-0.15920967,0.925143,-0.19369233,-0.29867563,-0.29210672,-0.19355014,-0.10555689,1.5979296,1.0528017,-0.15308201,-0.23188588,-0.19101155,-0.14430596,-0.2026537,-0.18309484,-0.18279888,-0.19365449,-0.19289678,-0.19657622,-0.15531686,-0.12390269,-0.14163709,-0.0911582,-0.09412059,-0.1690132,-0.1407165,-0.13743341,-0.14495184,-0.12719077,-0.14902398,-0.2613474,-0.22333384,-0.18654308,-0.20047067,-0.14376622,-0.14733067,-0.12841994,-0.14044487,-0.14856806,-0.16236803,-0.14484671,1.286039,-0.15762892,0.8799062,-0.14550771,-0.15475704,-0.15115534,-0.22480208,-0.120334074,-0.13952653,-0.11665401,-0.15906361,-0.17183258,-0.15336095,-0.16597776,-0.11139822,-0.1388583,-0.13027036,-0.12695931,-0.15152657,-0.14128657,-0.11420648,-0.10065024,-0.08906828,-0.103776224,-0.11861195,-0.13302994,-0.15027548,-0.15841736,-0.1185138,-0.11129953,-0.1578567,2.1634812,-0.13099083,-0.16115105,-0.25953975,-0.14676866,-0.13056517,-0.13916893,-0.15095688,-0.17780018,-0.1612123,-0.22917573,-0.09015879,-0.108955935,-0.132883,-0.1275801,-0.13997786,-0.17131433,-0.13908121,-0.16057305,-0.12777606,-0.07092635,-0.03704006,-0.13526331,-0.15982938,-0.17665485,-0.14332479,-0.12334781,-0.13401657,-0.12023825,-0.13606176,-0.25318068,-0.26654312,-0.08228026,-0.10945694,-0.14215206,2.2385435,-0.18500662,-0.18749419,-0.15054314,-0.08892829,-0.13230102,-0.14755854,-0.14823186,-0.15669146,-0.16818288,-0.18104072,-0.08642421,-0.12200966,-0.1391196,-0.10256614,-0.17951453,-0.19495486,-0.18797773,-0.09868738,-0.13113372,-0.0771884,-0.12560254,-0.19006202,-0.19036782,-0.18858087,-0.12211737,-0.074404806,-0.095377654,-0.11642486,-0.1345292,-0.12406494,-0.121451,-0.09288353,-0.094926335,-0.10666734,-0.082459606,-0.1108692,-0.13042253,-0.16497146,-0.1410757,-0.13463941,2.4150286,1.6746079,-0.19051397,-0.14231229,-0.15549555,-0.13338067,1.2055804,2.0733101,2.376279,-0.18795916,-0.17871936,-0.19755594,1.6548777,1.5704856,-0.18768373,-0.18844211,-0.1796365,-0.17084926,-0.27554205,-0.08916744,0.82672846,-0.12625913,1.3870933,-0.20931396,-0.18224281,-0.29657933,-0.32474133,-0.14926706,-0.3242122,-0.17325558,-0.17108874,-0.2185038,-0.17647925,-0.114121355,-0.13808265,-0.15388772,-0.15788373,1.6177406,-0.18186735,-0.24606362,-0.10274388,-0.12455491,-0.13674569,-0.12245252,-0.15189947,-0.15312012,-0.15430364,4.1205854,3.3262153,-0.16109797,-0.1534642,-0.15144238,-0.15082133,-0.13160884,-0.121429846,-0.1444666,-0.1874876,-0.17455964,-0.21025829,-0.3990198,-0.1943016,-0.11178906,-0.1296617,-0.11641547,-0.14590195,-0.16636807,-0.1842455,-0.18878233,-0.12993577,-0.075161316,-0.15074727,-0.13776484,-0.14106366,-0.11719983,-0.19987361,1.3851396,-0.15687323,-0.13894436,-0.12177691,-0.12722544,-0.14610182,-0.2588673,-0.10558935,-0.13074079,-0.09132757,0.84016585,-0.12744501,-0.14811634,-0.15001611,-0.0948661,-0.08910369,-0.12231533,-0.10889682,-0.13574304,-0.14881825,-0.16771007,-0.14109805,-0.1149375,-0.17160493,-0.14996347,-0.1403675,-0.12346931,-0.14025939,4.479017,-0.13176009,-0.1300677,-0.14384344,-0.12111498,-0.08722703,-0.05825615,-0.14165352,1.1717421,-0.026243303,-0.16414078,2.1314173,-0.31316653,-0.19239715,-0.14369735,-0.14331596,1.4794153,-0.12963767,-0.25088155,-0.19062774,-0.18562867,-0.093259655,-0.10764536,-0.10702289,-0.09163129,-0.12759323,-0.15080181,-0.15746465,-0.16485584,2.6825087,-0.0969081,-0.16398169,-0.14192672,-0.11335766,-0.18846886,1.5881526,-0.15182617,-0.123948276,-0.115196005,-0.11082873,-0.11662802,-0.17358756,-0.13657993,-0.13230243,-0.096878245,-0.11895816,-0.09035603,-0.12434345,-0.13456182,-0.063823454,-0.13877153,-0.11419349,-0.13174045,-0.24483351,-0.2571875,-0.29957527,-0.14403926,-0.15444148,-0.13002563,-0.19104545,-0.0782174,-0.16909473,-0.1621458,-0.09859173,-0.11065883,-0.113714956,-0.076612435,-0.083404,-0.1213824,-0.13072303,-0.13855581,-0.19385117,-0.09716001,-0.15355405,-0.19487974,-0.18835536,-0.18378004,-0.109708026,-0.14117487,-0.10151,-0.15721457,-0.19076139,-0.16975409,-0.1666902,-0.14087397,-0.14031357,-0.099936284,-0.15099953,-0.15961164,-0.17821003,-0.19163194,-0.11947751,-0.14545746,-0.112455636,-0.07871197,-0.14053078,-0.20725825,-0.1588935,3.1472986,1.4146688,3.5068026,-0.14162809,1.2874714,-0.16051108,-0.17948887,1.9506956,-0.19258401,-0.17773604,-0.16935813,-0.18936911,-0.1550821,-0.14054683,-0.12837362,-0.12557748,-0.13635439,-0.16005634,-0.30584824,-0.1644916,-0.17846042,-0.19000569,-0.11441202,-0.14851145,-0.13868845,-0.17549123,-0.1646885,-0.16222847,-0.14331086,1.8425349,-0.1263012,-0.15083665,-0.13460821,-0.24156228,-0.17710328,-0.10162088,-0.13354427,-0.13986808,-0.17214242,-0.10868856,-0.13262719,-0.15044014,-0.15785754,-0.17940055,-0.15162922,-0.14702356,0.79035056,-0.17305952,-0.16219206,-0.14723541,-0.14623587,-0.11499533,-0.10471026,-0.13271931,-0.20148799,-0.17486177,-0.12513243,-0.16380802,1.6069701,0.99708265,-0.11705899,-0.17364495,-0.25310737,-0.09109273,-0.090813845,-0.11296232,-0.13380872,-0.1455993,-0.096684866,-0.18624115
k__Bacteria|p__Actinobacteria|c__Coriobacteriia|o__Coriobacteriales|f__Coriobacteriaceae|g__Collinsella|s__Collinsella_aerofaciens,-0.1004395,-0.12316422,-0.14067417,-0.20428483,-0.16478257,-0.19007719,-0.1666669,-0.14413455,-0.12523043,-0.18097338,-0.1802114,-0.21452105,-0.16842222,-0.1987535,-0.104414225,-0.1006764,-0.058144663,-0.10121436,-0.108677216,-0.16859931,6.9862313,-0.12536043,-0.13608359,-0.15115401,-0.16917743,-0.11658599,-0.16588238,-0.1716906,-0.1509206,-0.12124001,-0.1349164,-0.106707335,-0.14727724,-0.19180751,-0.18597713,-0.2175087,-0.15882264,-0.22338755,-0.19297816,-0.29867563,-0.29210672,-0.19383875,-0.10835227,-0.09162698,-0.13691942,-0.15364954,-0.23188588,-0.19059531,-0.14564472,6.8013377,-0.18078725,6.7613497,-0.19278973,-0.19341762,-0.19674784,-0.15695,-0.1257864,-0.14300972,-0.09416965,-0.09720982,-0.16915217,-0.14173903,-0.13743341,-0.14596853,7.9694314,-0.15036659,6.973445,7.5191026,-0.18545157,1.8091584,-0.14479725,-0.14827578,-0.13042098,-0.14187667,-0.14955962,-0.16218543,-0.14546418,8.043752,-0.1579035,8.600919,-0.14640172,-0.15546884,-0.1520418,7.677811,-0.120334074,-0.140899,-0.118759096,-0.15940392,-0.1715359,-0.15409857,-0.16586037,-0.11139822,-0.1388583,-0.13027036,-0.12875187,-0.15152657,-0.1422123,-0.11638386,-0.10065024,-0.09239378,-0.106668755,-0.12086077,-0.13463621,-0.15027548,-0.15886718,-0.1185138,-0.11129953,-0.1578567,-0.17738779,-0.13329104,-0.16147155,-0.25953975,-0.14768644,-0.1323747,-0.14070274,-0.15095688,-0.17780018,-0.16162324,-0.22917573,-0.09015879,-0.11123805,-0.13428825,-0.12952594,-0.13997786,-0.17137772,-0.13908121,-0.16057305,-0.12777606,-0.07092635,-0.03704006,-0.13670197,-0.16037348,-0.17638907,-0.14332479,-0.12334781,-0.13564196,-0.12023825,-0.13761689,-0.25318068,-0.26654312,-0.08592949,-0.10945694,-0.1437133,-0.09238048,-0.1849339,-0.18682958,-0.15192533,-0.09233339,-0.13230102,-0.148489,-0.14914827,-0.15735345,-0.16835974,-0.18098408,-0.08998056,-0.12404433,-0.14031044,-0.10256614,-0.17951453,-0.19495486,-0.18777846,-0.10149806,-0.13113372,-0.08148722,-0.12765193,-0.19006202,-0.18983488,-0.18826692,-0.12371993,-0.07830072,-0.09878978,-0.11884755,-0.13613468,-0.12406494,-0.121451,-0.09618984,-0.09823914,-0.10961166,-0.082459606,-0.1136896,-0.13223517,-0.16523165,-0.1410757,-0.13594598,-0.18093297,-0.17825818,-0.19052628,-0.14376166,-0.15549555,-0.13496655,-0.119081676,-0.14001076,-0.19117098,-0.18767822,-0.17854819,-0.19755594,-0.25103784,-0.20219928,-0.1871991,-0.18773124,-0.17974713,-0.17131034,5.2693133,-0.08916744,-0.11956477,-0.1279717,-0.15751183,-0.20931396,-0.18224281,-0.29657933,3.0973256,-0.15247059,-0.3242122,-0.17325558,-0.17108874,2.6496372,6.5930977,-0.114121355,-0.13939017,-0.15388772,-0.15788373,-0.22984435,-0.18186735,-0.2466593,-0.10554816,-0.12455491,-0.1380952,-0.12443365,-0.15189947,-0.15375361,-0.15488227,-0.14014931,-0.15141064,-0.16128252,-0.15385446,-0.15221053,-0.15163064,-0.13371739,-0.1233318,-0.14554119,-0.18702045,-0.17418708,-0.21025829,6.0236864,-0.19908975,-0.114232786,-0.1296617,-0.11890751,-0.14689463,-0.16636807,-0.18373477,-0.18828039,-0.13147818,-0.079504386,-0.15173979,-0.13920927,-0.14106366,-0.11850841,-0.19987361,-0.1649412,-0.15715437,-0.14065996,-0.12388797,-0.12722544,-0.14610182,-0.2588673,-0.10825819,-0.13074079,-0.09132757,-0.12832497,-0.12921989,-0.14873257,-0.15084904,-0.09798159,-0.08910369,-0.12452864,-0.111411914,-0.13742599,-0.1496439,-0.16821401,-0.14209886,-0.11724329,-0.1715796,-0.15066695,-0.14173433,-0.12540013,-0.14123762,-0.17466888,-0.13176009,-0.13210806,-0.14488,-0.123243734,-0.08722703,-0.05825615,-0.14259315,-0.17082691,-0.026243303,-0.16461939,6.905342,6.782503,-0.19446467,-0.1447564,-0.14331596,-0.14862512,-0.12963767,-0.25088155,-0.19023934,-0.18538494,-0.09633812,-0.11039224,-0.10702289,-0.09540567,-0.12759323,-0.15177396,-0.15746465,-0.1650593,-0.12812386,-0.0969081,-0.16398169,-0.1430398,-0.11335766,-0.18846886,-0.1706479,-0.15258133,-0.12600985,-0.115196005,-0.1135966,7.472081,-0.17389217,-0.13789071,-0.1340763,-0.096878245,-0.12144652,-0.09370093,-0.12434345,-0.13585432,-0.063823454,-0.13877153,-0.11419349,-0.13337173,-0.24483351,-0.2571875,-0.29957527,-0.14510038,-0.1553,-0.13179323,-0.19104545,-0.0782174,-0.16996357,-0.16253431,-0.09859173,-0.11065883,-0.11564642,-0.076612435,-0.083404,-0.1213824,-0.13072303,-0.13855581,-0.19385117,-0.100440964,-0.15400475,-0.19487974,-0.18777531,-0.18382582,-0.11213679,-0.14253423,-0.10445268,-0.1576053,-0.19030307,-0.17033824,-0.16649334,-0.14200209,-0.14177321,-0.10291999,-0.15188845,-0.15992299,-0.17818777,-0.19107103,-0.12156589,-0.14641967,-0.11467699,-0.08273082,-0.14166397,-0.20725825,-0.15916234,-0.125103,-0.15657571,-0.15690626,-0.14288163,-0.19202894,-0.16077103,-0.17935836,3.996314,-0.19361663,-0.17836702,-0.16947937,-0.1893452,-0.15584306,7.385173,-0.13012725,-0.12557748,-0.13768587,-0.16114855,-0.30584824,-0.16486576,-0.17837419,-0.18942347,-0.11441202,-0.14942296,-0.14003786,-0.1753879,-0.164858,-0.16282998,-0.14331086,-0.18237996,-0.12816644,-0.15198837,-0.13606778,-0.24156228,-0.1770935,-0.104497716,-0.13502218,-0.14127798,-0.1719088,-0.111379124,-0.13425028,-0.15091065,-0.15826946,-0.17918405,-0.15286502,-0.1478175,7.1854987,-0.17280762,-0.16260552,-0.14723541,-0.14623587,-0.11499533,-0.10471026,-0.13454804,-0.20148799,-0.17457892,-0.12513243,-0.16431105,-0.18041904,-0.18738703,-0.11705899,-0.17419174,-0.2513069,-0.09439546,-0.09426647,-0.11539033,-0.13558786,-0.146859,-0.09995816,-0.18557799
k__Bacteria|p__Actinobacteria|c__Actinomycetia|o__Bifidobacteriales|f__Bifidobacteriaceae|g__Bifidobacterium|s__Bifidobacterium_dentium,3.461385,4.130523,-0.13896057,5.925762,-0.16398463,-0.1897591,-0.1666669,-0.1424971,-0.12290977,-0.18010974,-0.17995977,-0.21839954,-0.1666085,-0.19993687,-0.1014114,-0.09759146,-0.058144663,-0.09804951,-0.105977744,-0.16765077,2.9631996,-0.12536043,-0.13402626,-0.14967638,-0.16826855,-0.11658599,-0.16451244,-0.170798,-0.1509206,-0.12124001,-0.13288014,-0.10385129,-0.14574456,-0.19167227,-0.18549037,7.8846335,-0.15814912,7.7755823,-0.19328824,-0.29867563,-0.29210672,-0.19389322,-0.10542203,-0.09162698,-0.13691942,-0.15223077,-0.23188588,-0.19007614,-0.1439818,-0.2026537,-0.18055786,-0.18279888,-0.19312799,-0.1941291,-0.19799682,-0.15494537,-0.12353213,-0.14122802,-0.09083009,-0.09404676,-0.16812497,-0.1398947,-0.13743341,-0.14436114,1.3591465,-0.14863783,5.5500917,3.300722,-0.18527979,3.233991,-0.14308886,-0.14664605,-0.12838945,-0.14011465,-0.14792201,-0.16106749,-0.14414313,1.9811636,-0.1566661,3.488999,-0.14470558,-0.15421125,-0.15050504,-0.22480208,8.496578,-0.1390543,-0.11629626,-0.1580176,-0.17082956,-0.1528811,-0.16512088,-0.11139822,-0.1388583,-0.13027036,-0.12641618,3.3382752,-0.1401986,-0.11364387,-0.10065024,-0.0890117,-0.10364096,-0.11835946,-0.13259548,-0.15027548,-0.1575284,-0.1185138,-0.11129953,-0.1578567,-0.17738779,-0.13128872,-0.16080639,-0.25953975,-0.14610672,-0.13037118,-0.13898575,-0.15095688,-0.17780018,-0.1606355,5.7888064,-0.09015879,-0.108468756,-0.13237642,-0.12737131,-0.13997786,-0.1705285,-0.13908121,-0.16057305,-0.12777606,-0.07092635,-0.03704006,-0.13466622,-0.15912358,-0.17564373,2.781135,4.3554463,-0.13346873,-0.12023825,-0.1357544,-0.25318068,-0.26654312,-0.08222968,-0.10945694,-0.14187631,-0.09238048,-0.18423265,-0.18652588,-0.15022685,-0.088868424,7.0752645,-0.14692473,-0.14761177,-0.1560499,-0.16738442,-0.18022685,-0.08648238,-0.121631525,-0.13875766,7.3434334,5.586925,6.1501,-0.1874156,-0.098414764,-0.13113372,-0.07802141,-0.12545654,3.9241831,-0.18954252,-0.18796788,-0.121399984,-0.07429816,-0.0955035,-0.11638767,-0.13411325,4.466804,4.0257206,-0.092969015,-0.09503272,-0.10666482,-0.082459606,-0.110826544,-0.12992577,-0.16405183,-0.1410757,-0.13401732,-0.18093297,-0.17825818,-0.19031449,-0.14204611,-0.15549555,-0.1330333,9.223727,9.1218195,4.694615,-0.18741184,-0.17805226,-0.19755594,-0.25103784,-0.20219928,-0.1866785,-0.18743947,-0.17906895,-0.17059046,-0.27554205,6.483965,6.9454036,-0.12572074,5.353534,7.8268623,7.7149353,8.41655,-0.32474133,-0.150492,-0.3242122,-0.17325558,-0.17108874,-0.2185038,-0.17647925,-0.114121355,-0.13749464,-0.15388772,-0.15788373,-0.22984435,-0.18186735,-0.24953544,-0.102643296,-0.12455491,-0.13608329,-0.12200159,-0.15189947,-0.15218182,-0.15343255,-0.14014931,-0.15141064,-0.16011477,-0.15254378,-0.15078038,-0.15033355,-0.13156345,-0.120982155,-0.14385027,-0.18663675,-0.1737255,-0.21025829,-0.3990198,-0.19795343,-0.111514375,-0.1296617,-0.11633316,-0.14528093,-0.16636807,-0.18309557,-0.18797188,-0.12946768,-0.07548045,-0.15022697,-0.1373119,-0.14106366,-0.11620309,-0.19987361,4.003569,-0.15595905,-0.13897596,-0.12145877,-0.12722544,-0.14610182,-0.2588673,-0.10548438,-0.13074079,-0.09132757,-0.12832497,-0.12692273,-0.14715976,-0.14914638,-0.0947396,-0.08910369,-0.122128576,-0.10864072,-0.13544242,-0.14809558,-0.1671854,-0.14038084,-0.11456889,-0.17067122,-0.14914766,-0.13987519,-0.12313017,-0.13963543,-0.17466888,-0.13176009,-0.1299479,-0.14315005,-0.12075705,-0.08722703,-0.05825615,-0.14088893,-0.17082691,-0.026243303,-0.16367942,-0.2829064,-0.31316653,-0.19394088,-0.14310257,-0.14331596,-0.14862512,-0.12963767,5.137244,-0.18997046,-0.18496707,-0.09311923,-0.107479535,-0.10702289,-0.092042156,-0.12759323,-0.15025753,1.4697832,-0.16400768,-0.12812386,-0.0969081,-0.16398169,-0.14114042,3.6569533,-0.18846886,8.680458,-0.15125175,-0.12361118,-0.115196005,-0.110971496,-0.11662802,-0.17278768,-0.13601212,-0.13198397,0.9798833,-0.11891146,-0.0902472,-0.12434345,-0.13368064,-0.063823454,-0.13877153,-0.11419349,-0.13140023,-0.24483351,-0.2571875,-0.29957527,-0.14354534,-0.15389532,-0.12974396,-0.19104545,-0.0782174,-0.16900513,-0.16135089,-0.09859173,-0.11065883,-0.11289206,-0.076612435,-0.083404,-0.1213824,-0.13072303,-0.13855581,-0.19385117,-0.09735469,-0.15279606,-0.19487974,-0.1874542,-0.18331602,-0.10939257,-0.14056829,-0.101287544,-0.15628774,-0.19023016,-0.16951881,-0.16594802,-0.14026907,-0.13996129,-0.10010021,-0.15042654,-0.15863162,-0.1775681,-0.19119158,-0.11910969,-0.14465193,-0.11196676,-0.078868106,-0.14024252,5.561081,-0.15796502,-0.125103,-0.15657571,-0.15690626,-0.14111221,-0.19202894,-0.1596701,-0.1786271,-0.2963242,-0.19377665,-0.17756638,-0.16840807,-0.18911125,-0.15454267,7.192825,-0.1280413,-0.12557748,-0.13582365,-0.1604107,5.1943192,-0.16376686,-0.1776624,-0.18906635,4.4385476,-0.14782688,-0.13811572,-0.17469865,-0.16376351,-0.16159007,-0.14331086,-0.18237996,-0.12614465,-0.15067133,-0.1347335,-0.24156228,-0.17624739,-0.10150514,-0.13295849,-0.13933937,-0.17112708,-0.10855208,-0.13218051,-0.14953552,-0.15701216,-0.17847462,-0.15128,-0.14631133,-0.19184028,-0.17212234,-0.16123882,4.50605,3.5192657,1.8291414,-0.10471026,-0.13256535,6.391777,-0.17382923,-0.12513243,-0.16308472,-0.18041904,-0.18738703,-0.11705899,-0.17308176,-0.25318247,-0.09104037,-0.09081648,-0.112789586,-0.13353324,-0.14525995,-0.09687341,-0.18536305
k__Bacteria|p__Actinobacteria|c__Actinomycetia|o__Bifidobacteriales|f__Bifidobacteriaceae|g__Bifidobacterium|s__Bifidobacterium_bifidum,-0.1004395,-0.12316422,-0.13786988,-0.20428483,-0.1610157,-0.18584394,-0.1666669,-0.14099503,-0.12277669,-0.1768842,-0.17672929,-0.20863074,-0.16476627,-0.19335696,-0.10193257,-0.09811698,7.9293423,-0.09887195,-0.10629056,-0.16512564,7.558801,-0.12536043,-0.13300979,-0.14781056,-0.16538844,-0.11658599,-0.16233791,-0.16783044,-0.1509206,-0.12124001,-0.13216168,-0.104215086,-0.14437795,-0.18733476,-0.18199766,-0.2175087,-0.15526044,-0.22338755,-0.1889244,-0.29867563,-0.29210672,-0.18987866,-0.1056648,-0.09162698,-0.13691942,-0.15044065,-0.23188588,-0.18638289,-0.14224395,7.0644727,-0.17655429,7.394716,-0.18854031,-0.18938777,-0.1928551,-0.15337192,-0.12297408,-0.1398114,-0.091967255,-0.094941154,-0.16533798,-0.13869227,-0.13743341,-0.14278907,8.298458,-0.14736897,7.233734,8.082419,-0.18135439,5.0177655,-0.14144701,-0.1449216,-0.12756896,-0.13883635,-0.14609468,-0.15835246,-0.1420979,5.37749,-0.15417764,6.877035,-0.1433198,-0.15213835,-0.14879662,-0.22480208,-0.120334074,-0.1379973,-0.11620096,-0.15575552,-0.16767333,-0.15100084,-0.16237277,-0.11139822,8.9813795,-0.13027036,-0.12599024,7.6510067,-0.13930678,-0.1136495,-0.10065024,-0.09033039,-0.10420386,-0.11806158,-0.13169837,-0.15027548,-0.15535834,-0.1185138,-0.11129953,-0.1578567,-0.17738779,-0.13016583,-0.15870452,-0.25953975,-0.14449179,-0.12963617,-0.13783896,6.1233807,7.309711,-0.15826604,5.073319,-0.09015879,-0.10907568,-0.13154773,-0.12663987,-0.13997786,-0.1678751,-0.13908121,-0.16057305,-0.12777606,-0.07092635,-0.03704006,-0.13392995,-0.15702319,-0.17258751,-0.14332479,-0.12334781,-0.1328201,8.318366,-0.13482794,-0.25318068,-0.26654312,-0.08377935,-0.10945694,-0.14065109,-0.09238048,-0.18117525,-0.18284541,-0.14866361,-0.09008646,-0.13230102,-0.14548522,-0.14594817,-0.15382001,-0.1646224,-0.17684662,-0.08782742,-0.12117332,-0.13727228,-0.10256614,-0.17951453,-0.19495486,-0.18337964,-0.09919031,-0.13113372,-0.07969506,-0.12534314,-0.19006202,-0.18536699,-0.18421929,-0.120976165,-0.07604252,-0.096354604,-0.11635349,-0.13333556,-0.12406494,-0.121451,-0.093837336,-0.09603007,-0.10722993,1.3492537,-0.11118311,-0.12947735,-0.16159928,-0.1410757,-0.13310729,-0.18093297,-0.17825818,-0.18626857,-0.14083126,-0.15549555,-0.13204812,-0.119081676,-0.14001076,-0.19117098,-0.1832766,-0.17462215,-0.19755594,-0.25103784,-0.20219928,-0.1831488,-0.18373954,-0.17591918,-0.16795936,-0.27554205,-0.08916744,-0.11956477,-0.1256761,-0.15751183,-0.20931396,-0.18224281,-0.29657933,-0.32474133,-0.152075,4.266657,6.5210476,6.199748,6.321787,7.6848774,-0.114121355,-0.13644028,6.791866,-0.15788373,-0.22984435,-0.18186735,-0.24076796,-0.1031362,8.762644,-0.13523012,-0.12174417,8.157844,-0.1502897,-0.15128136,-0.14014931,-0.15141064,-0.15761414,-0.15050836,-0.14885046,-0.14864993,-0.1307678,-0.12067874,-0.14248134,-0.18287025,-0.17047817,8.946751,7.650755,-0.19584888,-0.11168606,-0.1296617,-0.11620046,-0.14403291,-0.16636807,-0.17969137,-0.18422708,-0.12898973,-0.077302426,-0.14859682,-0.1363354,-0.14106366,-0.11630465,-0.19987361,-0.1649412,-0.15389797,-0.137903,-0.121305436,-0.12722544,-0.14610182,-0.2588673,-0.10600227,-0.13074079,-0.09132757,-0.12832497,-0.12637967,-0.1457403,-0.14732087,-0.095608145,-0.08910369,-0.1219717,-0.109050006,-0.13459425,-0.14662,-0.16451952,-0.13906726,-0.11483226,-0.16807401,-0.14754432,-0.13867247,-0.12266293,-0.13807978,1.5516936,-0.13176009,-0.12927023,-0.14181428,-0.12031849,-0.08722703,-0.05825615,-0.13971202,2.3984761,-0.026243303,-0.16173682,6.8583956,6.8654995,-0.19078964,-0.14158882,-0.14331596,8.957405,8.491713,6.568371,-0.18552025,-0.18124247,-0.09423973,-0.10775711,-0.10702289,-0.09309733,-0.12759323,-0.14901179,-0.15746465,-0.16119254,-0.12812386,-0.0969081,-0.16398169,-0.139876,6.4633727,1.5182124,-0.1706479,-0.14918795,-0.12302345,-0.115196005,-0.11114157,-0.11662802,-0.17001227,-0.13477418,-0.13092464,-0.096878245,-0.11873178,-0.09151008,-0.12434345,-0.13296983,8.438824,7.6636605,8.576939,-0.13080671,7.175548,6.7215137,5.329664,-0.14194182,-0.15184799,-0.12894563,8.343772,8.636203,-0.16618869,-0.15910867,1.9817625,-0.11065883,-0.11319879,-0.076612435,-0.083404,-0.1213824,-0.13072303,0.96385187,-0.19385117,-0.097767696,-0.15102483,-0.19487974,-0.18368079,-0.17983925,-0.10962505,-0.1394369,-0.1018085,-0.15400842,-0.18604605,-0.16682057,-0.16321045,-0.13893363,-0.13854003,-0.100889586,-0.14893693,-0.15638879,-0.1745442,-0.1868615,-0.11884131,-0.14318722,-0.11228357,-0.08081252,-0.13919581,-0.20725825,-0.15547273,-0.125103,-0.15657571,-0.15690626,-0.1398671,0.65171325,-0.15740876,-0.17539524,-0.2963242,-0.1895088,-0.17503314,-0.16602825,-0.1853514,-0.15282701,-0.14054683,-0.12735051,-0.12557748,-0.13499402,-0.15830448,-0.30584824,-0.16145718,-0.17438015,-0.18509302,-0.11441202,-0.14662565,-0.13706113,-0.17174561,-0.16117488,-0.15917674,-0.14331086,-0.18237996,-0.12550339,-0.14917022,-0.13382134,-0.24156228,-0.17321417,-0.102002986,-0.13224554,-0.13797265,-0.16815327,-0.108902246,-0.13156891,-0.1474339,-0.15453719,-0.17511587,-0.1493778,-0.1446119,-0.19184028,-0.16910408,-0.15871993,8.628644,6.3069153,7.153302,7.894905,-0.1320959,9.230611,-0.1705676,-0.12513243,-0.16097285,-0.18041904,-0.18738703,-0.11705899,-0.16998675,-0.24509051,-0.092113994,-0.092006266,-0.11300799,-0.1326696,-0.14372954,-0.09784852,-0.18156031
k__Bacteria|p__Actinobacteria|c__Actinomycetia|o__Actinomycetales|f__Actinomycetaceae|g__Actinomyces|s__Actinomyces_sp_ph3,-0.1004395,2.1289694,-0.13871428,3.2673388,-0.16306719,-0.18885872,-0.1666669,-0.1417164,-0.12221773,-0.17879504,-0.17928234,-0.22362,-0.1652002,-0.20077258,-0.101181716,-0.097575024,-0.058144663,-0.09763487,-0.105552785,-0.16678342,-0.1978925,-0.12536043,-0.13324814,-0.14871696,-0.16750318,-0.11658599,-0.16322948,-0.16972308,1.8778161,2.2120204,-0.13194057,-0.10364441,-0.14482403,-0.19128475,-0.18445571,-0.2175087,-0.15744546,-0.22338755,-0.19265048,-0.29867563,-0.29210672,-0.1934149,-0.10498291,-0.09162698,-0.13691942,-0.15150046,-0.23188588,-0.1891296,-0.14308071,-0.2026537,-0.17946161,-0.18279888,-0.19286066,-0.19454321,-0.19962141,-0.15368617,-0.12300209,-0.14053237,-0.09039886,-0.09381735,-0.16699931,-0.13918862,0.69455373,-0.14361581,-0.12719077,-0.14762628,-0.2613474,-0.22333384,-0.18430546,-0.20047067,-0.14234816,-0.14578703,-0.12785476,-0.1395716,-0.1471618,-0.16025713,-0.14307724,3.209813,-0.15584464,1.1583521,-0.14365724,-0.15349492,-0.14967301,-0.22480208,-0.120334074,-0.13824748,-0.11587316,-0.15705264,-0.16989592,-0.15223826,-0.16395849,-0.11139822,1.9078693,-0.13027036,-0.12563103,-0.15152657,-0.13905862,-0.113031946,-0.10065024,-0.088808835,-0.10326956,-0.11789784,-0.13190544,-0.15027548,-0.15641765,4.50031,-0.11129953,1.4299135,2.5030477,-0.13085705,-0.16022912,2.1571448,-0.14528832,-0.12972882,-0.13852938,2.4424086,3.042675,-0.1600271,-0.22917573,-0.09015879,-0.10777652,-0.13175115,-0.12687755,-0.13997786,-0.16962719,-0.13908121,-0.16057305,-0.12777606,-0.07092635,-0.03704006,-0.13399512,-0.15811667,-0.17455176,-0.14332479,-0.12334781,-0.13252178,-0.12023825,-0.13498764,2.9357855,-0.26654312,-0.0818736,-0.10945694,-0.14093292,-0.09238048,-0.18292925,-0.18570217,-0.14929435,-0.08850097,-0.13230102,-0.14606938,-0.14691028,-0.1552808,-0.16650987,-0.17898649,-0.086281955,-0.12126713,-0.13811025,-0.10256614,-0.17951453,-0.19495486,-0.18658873,-0.09804458,-0.13113372,-0.07847236,-0.12498127,-0.19006202,-0.18866885,-0.18699315,-0.120740116,-0.07411106,-0.095209405,-0.11606948,-0.13340682,-0.12406494,-0.121451,-0.09278287,-0.0948329,-0.10614702,-0.082459606,-0.11042476,-0.1291545,-0.16298833,-0.1410757,-0.13329916,0.87324756,-0.17825818,-0.18962969,-0.14139305,1.1184964,-0.13245665,2.8382053,-0.14001076,-0.19117098,-0.18674982,-0.17720574,-0.19755594,1.1909695,3.1422913,-0.18521038,-0.18646243,-0.17807269,-0.16972488,-0.27554205,-0.08916744,-0.11956477,-0.12484151,-0.15751183,-0.20931396,-0.18224281,-0.29657933,-0.32474133,-0.14942086,2.2371328,0.7855421,1.5829692,-0.2185038,-0.17647925,-0.114121355,-0.13672203,-0.15388772,-0.15788373,2.575659,-0.18186735,-0.2516479,-0.10228811,-0.12455491,-0.1352316,-0.12129871,0.642882,-0.15132336,-0.1523709,4.6404743,4.9450293,-0.15911987,-0.15171963,-0.14992037,-0.14964545,-0.13090459,-0.12025005,-0.1428887,-0.18543668,-0.17309985,-0.21025829,-0.3990198,-0.19791372,-0.11100912,-0.1296617,-0.11602041,-0.14441952,-0.16636807,-0.1818437,-0.18690535,-0.1286567,-0.07524078,-0.1493758,-0.1364264,-0.14106366,-0.11568305,-0.19987361,-0.1649412,-0.15499173,-0.13841973,-0.120885715,-0.12722544,-0.14610182,-0.2588673,-0.105094194,-0.13074079,-0.09132757,-0.12832497,-0.12608293,-0.14619929,-0.1480956,-0.09438616,2.782064,-0.121505275,-0.10818201,-0.13468695,-0.14720617,-0.1662508,-0.13962919,-0.11368407,-0.16968504,-0.14829129,-0.13900642,-0.12279952,-0.13859999,2.3311787,-0.13176009,-0.1291529,-0.14247528,-0.12030022,0.7324708,-0.05825615,-0.14024775,2.9627755,-0.026243303,-0.16289692,1.3078263,-0.31316653,-0.19370425,-0.14232796,-0.14331596,2.474983,-0.12963767,3.3609357,-0.18936455,-0.18386927,-0.092722,-0.10698773,-0.10702289,-0.09196831,-0.12759323,-0.14934751,2.6946588,-0.16327623,-0.12812386,-0.0969081,1.6710829,-0.14019176,-0.11335766,-0.18846886,3.8897998,-0.15039897,-0.12300381,-0.115196005,-0.110579774,-0.11662802,-0.17156434,-0.1353709,-0.13136609,2.230871,-0.11858941,-0.089844,2.9819632,-0.1325658,-0.063823454,-0.13877153,-0.11419349,-0.13070242,-0.24483351,-0.2571875,-0.29957527,-0.1428948,-0.15306026,-0.12927559,-0.19104545,-0.0782174,-0.16816959,-0.16038641,-0.09859173,-0.11065883,-0.11200808,-0.076612435,-0.083404,-0.1213824,-0.13072303,-0.13855581,-0.19385117,-0.09716821,-0.15202183,-0.19487974,-0.18639483,-0.1823673,-0.10880787,-0.13967359,-0.100798965,-0.15532729,-0.18961483,-0.16873363,-0.16488704,-0.13957056,-0.1393374,-0.0998726,-0.1496174,-0.15783931,-0.17654169,-0.19042969,-0.11851981,-0.14387864,-0.1112459,-0.07847519,-0.13994822,-0.20725825,-0.1569334,1.7615004,2.290117,3.769139,-0.14044407,1.9629638,-0.15871976,-0.17733675,1.63683,-0.19362904,-0.17667276,-0.16749997,-0.18826962,-0.15395147,2.625973,-0.12740019,-0.12557748,-0.13518506,-0.15928991,-0.30584824,-0.16281053,-0.17656186,-0.18801945,0.9879221,-0.14692289,-0.13734668,-0.173706,-0.16296317,-0.16052145,-0.14331086,2.471933,-0.12553865,-0.14980456,-0.13472421,-0.24156228,-0.1749718,-0.10105837,-0.13222529,-0.1386255,-0.17020111,-0.10790773,-0.13147002,-0.14846203,-0.15622285,-0.17740664,-0.15043081,-0.1457049,-0.19184028,-0.17121056,-0.16006994,4.059996,1.9552076,1.5703764,-0.10471026,-0.13194807,-0.20148799,-0.1726524,-0.12513243,-0.16188999,-0.18041904,1.2665355,-0.11705899,-0.17183797,-0.2530579,-0.09081875,-0.090417,-0.11231059,-0.1329233,-0.14458773,-0.09651436,-0.18417156
k__Bacteria|p__Actinobacteria|c__Actinomycetia|o__Bifidobacteriales|f__Bifidobacteriaceae|g__Bifidobacterium|s__Bifidobacterium_breve,9.550378,9.5657425,0.24731548,8.350092,0.2922552,0.33873326,5.5417094,0.25284362,0.21772286,0.3213719,0.3212072,0.39310488,0.29617268,0.35736322,0.17800918,0.17102963,4.9666433,0.17168617,0.18671164,0.29866302,6.7609515,9.024665,0.23730706,0.26550317,0.29964244,-0.11658599,0.29290548,0.30386925,-0.1509206,5.3971314,0.23526552,0.1829471,0.25886345,0.34252968,0.33075702,-0.2175087,0.28183007,-0.22338755,0.34548405,-0.29867563,-0.29210672,0.34620425,0.18512851,9.502437,8.594517,0.2709067,7.3486066,0.33943552,0.25544235,-0.2026537,0.32301486,-0.18279888,0.34563,0.34727874,0.3548246,0.27428764,0.21830787,0.25025594,0.15865529,0.16487408,0.29923165,0.24777539,6.857233,0.25613418,5.507479,0.26416475,5.174984,4.5028405,0.33070385,4.690191,0.25358775,0.26018628,0.22724092,0.24854591,0.26206636,0.28615257,0.25557333,7.029505,0.278881,7.640115,0.25670204,0.27444166,0.2673452,6.110086,-0.120334074,0.24652056,0.20545886,0.28067806,0.30416238,0.27207527,0.29407716,7.3476286,-0.1388583,6.7967095,0.22345951,5.455498,0.2487678,0.20023215,8.949341,0.15583545,0.18211643,0.20879921,0.23476133,5.941249,0.27981502,0.7613471,-0.11129953,-0.1578567,1.5451778,0.23201299,0.2870835,5.0276036,0.25948948,0.23107827,0.2467653,1.2185735,3.41894,0.28638375,5.742697,-0.09015879,0.19114229,0.23455362,0.22531798,-0.13997786,0.30404285,7.0217676,9.282242,8.87635,8.836282,1.263262,0.23886563,0.28292078,0.3128518,8.321485,9.172641,0.23639031,9.036009,0.2405375,6.824268,6.29066,0.14318568,8.983523,0.2511033,9.732988,0.3288781,0.33322498,0.2671325,0.15532863,-0.13230102,0.26102248,0.26230562,0.2775054,0.29813164,0.3206725,0.15117753,0.21472189,0.24559298,-0.10256614,-0.17951453,-0.19495486,0.33412433,0.17280841,9.201133,0.13592264,0.2220883,6.1374345,0.33836317,0.33548588,0.21400884,0.12882936,0.16727942,0.20558587,0.23760095,-0.12406494,-0.121451,0.16274402,0.16664106,0.18756463,1.9900079,0.19526142,0.22980812,0.2915507,1.4118288,0.23785551,8.004993,7.0162992,0.33996853,0.25208262,5.0115795,0.23547098,-0.119081676,-0.14001076,-0.19117098,0.3347767,0.31782386,-0.19755594,-0.25103784,-0.20219928,0.3334421,0.3351419,0.31959313,0.30447227,-0.27554205,-0.08916744,-0.11956477,0.22281069,-0.15751183,-0.20931396,-0.18224281,-0.29657933,-0.32474133,0.2694481,6.1181235,8.504187,7.3063254,6.920718,5.490562,-0.114121355,0.24412876,-0.15388772,-0.15788373,-0.22984435,-0.18186735,0.4493839,0.18042175,-0.12455491,0.24123415,0.21557796,1.1438043,0.27007037,0.27210698,-0.14014931,-0.15141064,0.28441972,0.27124408,0.26774508,0.26725075,0.23297223,0.21380179,0.2554714,0.33286518,0.30986652,6.2252626,4.476218,0.35432512,0.19648686,9.304558,0.20515776,0.25803104,5.703378,0.32617995,0.33555895,0.229239,0.13101266,0.26656607,0.2434652,-0.14106366,0.20501377,-0.19987361,-0.1649412,0.2776848,0.24662249,0.21459818,7.949032,7.0842657,4.5414333,0.18567808,8.915358,9.60522,8.069604,0.22432321,0.26140243,0.26437652,0.1658611,-0.08910369,0.21568413,0.19141051,0.24006987,0.26311398,0.29735813,0.24899691,0.20214307,0.30401015,0.26507965,0.24786302,0.21797904,0.24742916,2.628026,4.727944,0.22989985,0.2539159,0.21317999,9.593095,-0.05825615,0.24998148,-0.17082691,-0.026243303,0.29171768,-0.2829064,-0.31316653,0.34685323,0.2538606,4.709546,-0.14862512,-0.12963767,6.629655,0.3391783,0.32970273,0.16313344,0.18895558,-0.10702289,0.16067882,-0.12759323,0.267101,-0.15746465,0.29194003,-0.12812386,-0.0969081,-0.16398169,0.24971282,9.499325,5.8328323,-0.1706479,0.26876014,0.21828848,-0.115196005,0.19541824,-0.11662802,0.30734062,0.24092112,0.23334338,9.305257,0.20994718,0.15772732,-0.12434345,0.23649201,9.502182,8.464498,9.179919,0.23280172,8.022074,7.4313207,6.88516,0.2547459,0.27347505,0.2298243,6.8016243,1.6221511,0.30090702,0.28689322,2.7032814,-0.11065883,0.1986177,-0.076612435,-0.083404,-0.1213824,-0.13072303,1.657232,4.9209757,0.17054835,0.27182162,5.9564896,0.33492267,0.32698092,0.19262536,0.24922368,0.17765449,0.2774234,0.3400145,0.3012942,0.2958935,0.24880257,0.24806926,0.17631732,0.26739675,0.28237534,0.31695727,0.34185994,0.21020693,0.25645548,0.19737467,0.13715667,0.24928641,7.842434,0.28081453,-0.125103,5.270221,7.430798,0.25053266,6.980394,0.28413332,0.3180186,-0.2963242,0.3478305,0.317257,0.30057925,0.33813816,0.27517277,-0.14054683,0.22652863,9.224321,0.24072868,0.28567788,6.993411,0.2918656,0.3163853,0.33780372,-0.11441202,0.26244962,0.24504682,0.31152976,0.29155648,0.2872057,8.198107,8.661832,0.22347528,0.26773202,0.2395745,7.9005556,0.31444713,0.17830656,0.23573086,0.2469082,0.3045823,0.1912139,0.23422778,0.26532543,0.27900636,0.31866342,0.2682822,0.25976437,-0.19184028,0.3068631,0.28622878,-0.14723541,-0.14623587,-0.11499533,-0.10471026,0.2349905,-0.20148799,0.30939922,8.406955,0.290485,7.4934645,5.8901615,7.040962,0.30732784,0.45504686,0.15929559,0.15877107,0.1990284,0.23648135,0.25777525,0.17010932,0.3307183
k__Bacteria|p__Actinobacteria|c__Actinomycetia|o__Bifidobacteriales|f__Bifidobacteriaceae|g__Bifidobacterium|s__Bifidobacterium_longum,5.628901,2.7202682,1.0431179,-0.20428483,1.2993395,1.5644144,6.3970537,1.0746533,0.8742949,1.4637206,1.4615141,1.8822834,1.3191097,1.6941032,0.65128887,0.6118159,9.634183,0.61391026,0.6989809,1.3352815,7.0766516,-0.12536043,0.9861597,1.1467974,1.3417513,-0.11658599,1.3020977,1.3649673,-0.1509206,-0.12124001,0.9745398,0.67887175,1.1081911,1.5870769,1.5189087,-0.2175087,1.2389997,-0.22338755,1.6029522,5.612407,5.5948486,1.6088542,0.6918498,-0.09162698,5.4618077,1.1766243,7.103618,1.568398,1.0904663,5.9583125,1.4729621,7.1282682,1.6036463,1.6120454,1.6579847,1.196809,0.8792149,1.0610962,0.5396888,0.57557064,1.3392091,1.0461915,9.404781,1.0936556,8.059762,1.1387038,7.1883254,8.006938,1.518307,7.467984,1.0799725,1.1169469,0.9300077,1.0505557,1.1282631,1.2648739,1.1093826,5.796538,1.2228446,4.731172,1.0962775,1.1973863,1.1571975,6.718921,-0.120334074,1.0385466,0.8051,1.2338963,1.3668556,1.1833733,1.327122,-0.11139822,-0.1388583,1.3477871,0.9082227,8.771127,1.0507435,0.7758258,-0.10065024,0.52368885,0.6738889,0.82596666,0.9727354,-0.15027548,1.2284286,-0.1185138,-0.11129953,8.768013,8.300845,0.9575803,1.2682034,7.1875787,1.1122808,0.9505399,1.0402268,6.6450753,8.4910145,1.2659109,6.639944,9.3925,0.7226013,0.97048837,0.9187213,-0.13997786,1.3655512,9.426231,-0.16057305,-0.12777606,-0.07092635,-0.03704006,0.9956354,1.2461896,1.4157264,8.1531515,7.474382,0.981386,6.3309364,1.0046881,-0.25318068,7.256452,0.4527889,-0.10945694,1.0659375,-0.09238048,1.5066336,1.5323216,1.1557906,0.5216182,5.9189873,1.1204579,1.1283364,1.2151814,1.3328009,1.4622827,0.49813527,0.8589143,1.0338542,-0.10256614,8.921364,7.9669967,1.5388074,0.62069654,-0.13113372,0.41172743,0.8999239,-0.19006202,1.5629317,1.5454826,0.85424584,0.37207943,0.5904875,0.8066931,0.9880135,9.437825,8.489372,0.5639473,0.5857836,0.7047687,9.493285,0.7486788,0.94452804,1.2955396,-0.1410757,0.98868454,-0.18093297,-0.17825818,1.5717312,1.0712905,6.001214,0.9765859,-0.119081676,-0.14001076,8.9036875,1.5424129,1.444128,8.20863,-0.25103784,-0.20219928,1.5327079,1.5427872,1.4541016,1.3683368,6.1071873,-0.08916744,-0.11956477,0.9028871,3.017514,-0.20931396,-0.18224281,-0.29657933,-0.32474133,1.1598167,-0.3242122,7.3883514,7.759287,8.988874,5.279574,-0.114121355,1.0247896,-0.15388772,-0.15788373,-0.22984435,2.3165154,2.2008748,0.66391766,7.7081046,1.0085454,0.86335766,7.3483696,1.1737001,1.1854317,8.836296,8.672374,1.2548151,1.1790916,1.1596854,1.1564672,0.962432,0.8526817,1.0887463,1.5293431,1.3982075,6.407792,5.234419,1.6536427,0.7550348,5.378147,0.8051979,1.1033719,7.5871367,1.4925776,1.5458587,0.9395417,0.38461703,1.1539763,1.0218111,-0.14106366,0.80015373,6.764966,8.430639,1.2149392,1.0392904,0.8576176,8.223353,7.9913588,6.326708,0.6932412,8.962065,-0.09132757,0.83256704,0.91267633,1.122892,1.1411797,0.5815431,9.725465,0.8640698,0.7262155,1.0019901,1.1330196,1.3286933,1.0531676,0.7859558,1.3653165,1.1439312,1.046307,0.877378,1.061759,-0.17466888,-0.13176009,0.94486964,1.0811697,0.8507234,-0.08722703,-0.05825615,1.0582161,6.2879467,-0.026243303,1.29586,4.904403,4.634679,1.6104319,1.0805548,-0.14331596,-0.14862512,-0.12963767,4.7534914,1.568742,1.5131232,0.5651596,0.712908,-0.10702289,0.55303895,-0.12759323,1.1545264,8.166744,1.2973908,-0.12812386,-0.0969081,1.2528589,1.0576307,7.02607,-0.18846886,-0.1706479,1.1650721,0.87953746,9.589111,0.7488036,9.308713,1.3855295,1.007616,0.9655822,7.006127,0.83228886,0.53497875,-0.12434345,0.9809546,5.927262,5.9383464,7.083947,0.96064174,7.4946704,8.119546,7.336047,1.0859721,1.192324,0.9447886,8.644959,8.944877,1.3502188,1.2682226,0.86295885,-0.11065883,0.76603013,-0.076612435,-0.083404,-0.1213824,7.188265,-0.13855581,-0.19385117,0.6093124,1.1825364,7.983882,1.5418204,1.4971882,0.7330953,1.054407,0.6489851,1.2158444,1.5709953,1.3504852,1.3378222,1.0520887,1.0485876,0.63940954,1.1569839,1.2422484,1.4388623,1.6003722,0.8332647,1.0961413,0.75942564,0.41789192,1.0538598,8.953168,1.2348193,8.888284,9.459496,9.369358,1.0614411,8.1562,1.2527294,1.4460331,0.6258234,1.6181065,1.4406462,1.3457747,1.5605626,1.2015054,-0.14054683,0.9257673,-0.12557748,1.006232,1.2607417,7.5752664,1.2965153,1.4378195,1.5582136,9.511063,1.1288865,1.0304073,1.407908,1.2956529,1.270581,4.541562,6.623332,0.90792954,1.1580452,0.99836683,7.4477577,1.4260077,0.6519731,0.97692585,1.0420296,1.3701006,0.7246225,0.9691275,1.1648761,1.2241403,1.4491061,1.163773,1.1151447,7.356126,1.382432,1.2654976,-0.14723541,-0.14623587,-0.11499533,-0.10471026,0.972681,-0.20148799,1.3972585,1.6927629,1.2867136,7.9083815,7.1779447,8.176311,1.3865829,2.2316837,0.54446065,0.5410265,0.7694211,0.9823563,1.1034241,0.6049341,1.5371308
k__Bacteria|p__Actinobacteria|c__Coriobacteriia|o__Eggerthellales|f__Eggerthellaceae|g__Eggerthella|s__Eggerthella_lenta,5.413851,4.654266,0.46114975,5.0935497,0.6692696,0.88475376,4.0457077,0.48801163,0.3245715,0.80387306,0.8011879,1.1393187,0.68675876,1.009743,0.14409903,0.11198753,5.604461,0.11498656,0.18243402,0.6992663,4.669748,5.7645993,0.41640037,0.5470108,0.70445657,-0.11658599,0.6724117,0.72417676,-0.1509206,-0.12124001,0.40671438,0.16582696,0.51493096,0.9028715,0.8485211,4.0829506,0.619689,3.4588695,0.91523385,5.3462224,4.1519785,0.9210105,0.17731184,-0.09162698,-0.13691942,0.5703275,-0.23188588,0.88818634,0.50064415,1.7674199,0.80947834,3.1910107,0.91578865,0.9226803,0.9603621,0.58936965,0.32925028,0.47706068,0.054206815,0.08266199,0.7026607,0.46523732,-0.13743341,0.50332284,3.4843066,0.53946483,4.249108,5.0466266,0.8473933,1.5957658,0.49260235,0.5223049,0.37025875,0.46844316,0.53256524,0.64290106,0.53583896,-0.16278498,0.6072688,-0.14998752,0.5056598,0.5869746,0.55494684,2.4307468,-0.120334074,0.45872086,0.26898512,0.6177325,0.72514737,0.57543164,0.7125004,-0.11139822,4.3608146,-0.13027036,0.3530903,1.1865757,0.4685284,0.24566616,-0.10065024,0.04051288,0.1627939,0.28609517,0.40522397,3.8772511,0.6130626,-0.1185138,-0.11129953,-0.1578567,-0.17738779,0.392973,0.64347875,-0.25953975,0.5181868,0.3866581,0.45960915,-0.15095688,3.47913,0.6418628,4.038731,-0.09015879,0.20224164,0.40321428,0.36132163,-0.13997786,0.72350496,6.287257,-0.16057305,-0.12777606,-0.07092635,-0.03704006,0.42351288,0.62723655,0.7649765,-0.14332479,5.3318343,0.41207257,4.6161013,0.431369,6.113314,5.0713153,-0.016725507,-0.10945694,0.4815674,-0.09238048,0.838369,0.85886955,0.55355066,0.039076544,-0.13230102,0.5249952,0.5312914,0.601855,0.6971195,0.8032496,0.019637294,0.31305522,0.4550429,-0.10256614,-0.17951453,-0.19495486,0.8646555,0.11943361,4.8995566,-0.050230272,0.34606346,3.419395,0.88369715,0.86973876,0.3097735,-0.082624644,0.09480999,0.27003765,0.41769594,-0.12406494,-0.121451,0.073367536,0.090957604,0.18781695,3.5400255,0.22340974,0.38268322,0.66779256,-0.1410757,0.41757125,-0.18093297,-0.17825818,0.8904735,0.48494667,2.7214437,0.40842068,0.96992534,4.8910737,4.1549554,0.8665604,0.7868403,4.9100103,-0.25103784,-0.20219928,0.8590772,0.86670995,0.79544085,0.7251466,3.4403884,-0.08916744,-0.11956477,0.3480773,-0.15751183,5.2437162,-0.18224281,4.57801,3.3595939,0.55513763,3.739043,2.2997763,2.5568266,5.0403943,2.271965,-0.114121355,0.44684255,3.147805,4.00918,4.324579,2.0193872,1.3971441,0.15443552,3.784866,0.43430892,0.3164955,0.8634366,0.56895536,0.5784734,-0.14014931,-0.15141064,0.63471687,0.5722966,0.5569571,0.5538733,0.3966465,0.30753237,0.49897605,0.85722107,0.75022876,6.243374,4.2928624,0.9571942,0.22859806,-0.1296617,0.26942784,0.5112678,2.7027512,0.8276758,0.8697729,0.3781342,-0.07253425,0.5524715,0.4446637,5.0127068,0.26594043,5.0468087,5.0904784,0.6009768,0.4587586,0.31181067,-0.12722544,4.977558,5.193706,0.178193,-0.13074079,-0.09132757,-0.12832497,0.35696653,0.5270351,0.5425832,0.087843746,-0.08910369,0.3171784,0.20496069,0.4289027,0.5351549,0.69435096,0.47040725,0.25350183,0.7240734,0.54410195,0.46534014,0.32724333,0.4977455,-0.17466888,-0.13176009,0.38248828,0.49333274,0.30619797,-0.08722703,-0.05825615,0.47458696,4.9236045,-0.026243303,0.66630524,2.3509827,2.8950672,0.9220227,0.492756,-0.14331596,-0.14862512,4.876679,5.02232,0.8880925,0.8437135,0.07435721,0.19442147,4.615614,0.06505734,-0.12759323,0.5526549,-0.15746465,0.66844845,-0.12812386,-0.0969081,-0.16398169,0.47505254,-0.11335766,-0.18846886,-0.1706479,0.5609668,0.3295281,-0.115196005,0.22348274,-0.11662802,0.74083865,0.4335602,0.39959344,-0.096878245,0.29108647,0.05026749,-0.12434345,0.41253173,-0.063823454,4.568582,4.399495,0.395195,2.954761,3.8983948,3.8123348,0.49697548,0.5834149,0.38221067,3.1455235,-0.0782174,0.7110078,0.64522743,-0.09859173,-0.11065883,0.23821194,-0.076612435,-0.083404,-0.1213824,-0.13072303,-0.13855581,-0.19385117,0.11019765,0.5749898,3.5041466,0.8661319,0.8305061,0.21072409,0.47159708,0.1427106,0.6029656,0.889781,0.7128104,0.7204397,0.46945924,0.46670365,0.13384384,0.5547263,0.6237431,0.7827375,0.9333701,0.29209036,0.5057937,0.23196778,-0.04512518,0.47055578,-0.20725825,0.6176437,-0.125103,5.294876,5.2045593,0.4767738,5.306919,0.631997,0.7897374,2.0096304,0.92479527,0.7839488,0.70738196,0.88125324,0.59034157,3.921078,0.36695388,3.7113025,0.43232095,0.6377033,5.8001127,0.6671171,0.7827204,0.87948143,4.179098,0.5323904,0.45183337,0.75814307,0.66702145,0.64713943,5.499115,5.4988027,0.35163707,0.55535746,0.42485124,5.1575294,0.7721838,0.14485851,0.40827248,0.46168202,0.72793996,0.20359224,0.40207922,0.5813799,0.60948634,0.791015,0.5608474,0.52073705,-0.19184028,0.73707116,0.64352214,-0.14723541,-0.14623587,-0.11499533,-0.10471026,0.40510845,-0.20148799,0.7499309,-0.12513243,0.659497,-0.18041904,-0.18738703,-0.11705899,0.7421596,1.4238739,0.057483885,0.054946445,0.23977634,0.41308942,0.5112375,0.10629137,0.88280785
k__Bacteria|p__Actinobacteria|c__Actinomycetia|o__Micrococcales|f__Micrococcaceae|g__Rothia|s__Rothia_mucilaginosa,-0.1004395,4.18723,1.0014024,4.6276903,1.1656487,1.3346496,-0.1666669,1.0222745,0.8938219,1.2709801,1.2699723,1.5294416,1.1784222,1.3986318,0.75053537,0.7249776,-0.058144663,0.7275219,0.78156745,1.1886203,-0.1978925,1.1166255,0.9656847,1.0683641,1.1923563,3.3601658,1.1676438,1.2078712,3.6390858,1.6430032,0.9581566,0.7679918,1.0435601,1.3483243,1.3054153,3.6855419,1.1272736,4.3760653,1.358697,2.8365278,1.7258126,1.3618159,0.7767542,3.3425226,2.6780865,1.0874777,2.2127044,1.3373854,1.031867,4.9524884,1.2775958,2.4769673,1.3587055,1.3636634,1.3911129,1.100883,0.89672524,1.0131006,0.68001664,0.7024052,1.1911206,1.0039363,3.777703,1.0342071,-0.12719077,1.0631981,-0.2613474,-0.22333384,1.3056688,2.0761385,1.025336,1.0489852,0.92891276,1.0063248,1.0562592,1.1437447,1.0272282,4.9141884,1.116971,3.6134858,1.0359282,1.1004734,1.0747814,-0.22480208,4.441559,0.9990479,0.8495915,1.1240021,1.2089413,1.0914857,1.1665688,-0.11139822,2.8901672,3.7833323,0.9154621,1.1245348,1.007086,0.8308903,2.168648,0.669253,0.76532996,0.8624837,0.95668006,2.978999,1.1203876,4.3915825,4.353729,1.5993237,2.9171312,0.94662946,1.1450096,2.3789563,1.0462364,0.94248825,0.9995921,3.3349466,4.6651855,1.1442549,2.6246963,1.8171898,0.79739165,0.95542383,0.92191994,-0.13997786,1.2080215,1.7937332,2.6655068,3.3390622,-0.07092635,-0.03704006,0.9714718,1.1315993,1.2402805,4.1951594,2.4315403,0.9624817,-0.12023825,0.9770472,2.9749472,2.063067,0.623935,1.4666619,1.0161433,-0.09238048,1.298444,1.3141305,1.0736274,0.66802096,-0.13230102,1.0515444,1.0563164,1.1117219,1.1867554,1.2694477,0.65278524,0.8838539,0.99599916,2.6102045,1.4031239,2.4611664,1.3181285,0.73134017,-0.13113372,0.5967153,0.9098671,-0.19006202,1.3333508,1.3226733,0.881443,0.5720315,0.71168077,0.8501266,0.9665545,-0.12406494,3.9803553,0.6949347,0.7089764,0.7850381,5.3343954,0.81308544,0.9387132,1.1633945,3.998245,0.9671402,3.0272837,2.309546,1.3389239,1.0193354,2.8216715,0.95899373,2.5398362,-0.14001076,-0.19117098,1.3203533,1.257951,-0.19755594,3.7040994,0.82029176,1.3151834,1.3209064,1.2644043,1.2093472,-0.27554205,-0.08916744,-0.11956477,0.91239953,1.4870266,-0.20931396,1.8461787,-0.29657933,4.512235,1.0786589,3.7938707,2.4726017,4.331366,-0.2185038,1.1415968,2.5873513,0.9900977,1.398557,-0.15788373,2.519613,-0.18186735,1.735284,0.7590045,1.3046645,0.9797885,0.88661414,2.954951,1.0854506,1.0928228,5.1443458,4.1015754,1.1372693,1.0889137,1.0763999,1.0741355,0.9497249,0.87992024,1.031139,1.3127105,1.229092,1.6724375,-0.3990198,1.3895817,0.8175458,-0.1296617,0.84920156,1.04041,1.6614442,1.289429,1.322834,0.93592453,0.5796914,1.0722651,0.9879254,-0.14106366,0.84771013,-0.19987361,1.5188239,1.1121345,0.9990325,0.8829032,-0.12722544,-0.14610182,-0.2588673,0.7779318,-0.13074079,-0.09132757,2.1819568,0.9184152,1.0531073,1.0646,0.70633906,1.2516235,0.8870474,0.798797,0.97553873,1.0593061,1.1841142,1.0082254,0.83750904,1.2082515,1.0664203,1.0040262,0.89536405,0.9973544,6.168647,2.0487077,0.9387022,1.026149,0.87824667,2.9678118,3.9411006,1.0117147,0.8364717,-0.026243303,1.1634632,-0.2829064,-0.31316653,1.3630404,1.0258803,5.158739,3.1761465,-0.12963767,1.5382061,1.3368181,1.301948,0.6959262,0.7903278,-0.10702289,0.68733275,-0.12759323,1.0734377,-0.15746465,1.1643984,4.244929,1.2630979,3.8843865,1.0111539,-0.11335766,1.0136929,3.9615881,1.0798765,0.8968224,2.2622302,0.8131598,1.878511,1.2209404,0.9789485,0.95180875,6.199353,0.8663747,0.6766126,2.1491108,0.9627302,-0.063823454,1.6520238,1.6169187,0.9489751,0.7678514,1.3751951,1.9993128,1.0291698,1.0971736,0.9382987,-0.19104545,-0.0782174,1.1974685,1.1456137,4.183572,-0.11065883,0.82523715,-0.076612435,4.30228,1.1745522,-0.13072303,5.6867695,3.5576699,0.7236464,1.0908992,1.8911186,1.3202308,1.2914724,0.80337536,1.0092344,0.74947333,1.1121215,1.3387471,1.1983912,1.1729088,1.0075297,1.0050676,0.7433255,1.0746472,1.1293606,1.25474,1.3403378,0.8674574,1.0358521,0.8206017,0.60165,1.0081306,0.9835817,1.1243494,5.2177825,4.8895636,6.7203736,1.0137236,3.7126625,1.1357353,1.2593566,-0.2963242,1.366927,1.2549728,1.1952074,1.3319244,1.1027598,2.1848261,0.92653346,2.431546,0.9781395,1.1402568,-0.30584824,1.1635938,1.253423,1.330888,1.7772151,1.0567598,0.9937664,1.235256,1.1629221,1.1473006,2.2041457,3.1923182,0.9150584,1.0755357,0.97227037,-0.24156228,1.246582,0.75135064,0.9597236,1.0007871,1.2107725,0.79798836,0.9543171,1.0626366,1.1178076,1.2613193,1.0785975,1.0474629,2.199042,1.2186269,1.1441096,0.754418,-0.14623587,-0.11499533,-0.10471026,0.9566506,2.476495,1.228293,4.035812,1.15872,-0.18041904,-0.18738703,-0.11705899,1.2211334,1.757762,0.6824694,0.68043137,0.826467,0.96265596,1.0400206,0.7211343,1.3003745
k__Bacteria|p__Bacteroidetes|c__Bacteroidia|o__Bacteroidales|f__Bacteroidaceae|g__Bacteroides|s__Bacteroides_acidifaciens,-0.1004395,-0.12316422,-0.14093417,-0.20428483,-0.16676423,-0.19255126,-0.1666669,-0.14454353,-0.12453766,-0.18265942,-0.18228778,-0.21794787,-0.16904815,-0.20189607,-0.102648534,-0.09876783,-0.058144663,-0.09922095,-0.10751163,-0.1701405,-0.1978925,-0.12536043,-0.13594238,-0.15180467,-0.17071153,-0.11658599,-0.16694659,-0.1731644,-0.1509206,-0.12124001,-0.13479143,-0.10511602,-0.14777939,-0.19423404,-0.18796816,-0.2175087,-0.16101356,-0.22338755,-0.19631518,-0.29867563,-0.29210672,-0.1962676,-0.10688105,-0.09162698,-0.13691942,-0.15454277,-0.23188588,-0.19313812,-0.14593783,-0.2026537,-0.1838651,-0.18279888,-0.1955029,-0.19604158,-0.19909939,-0.15739396,-0.12519385,-0.14325799,-0.09202072,-0.09528884,-0.17065188,-0.14187853,-0.13743341,-0.14645545,-0.12719077,-0.15107784,-0.2613474,-0.22333384,-0.18827114,-0.20047067,-0.14511636,-0.14875513,-0.13002515,-0.14197382,-0.14989384,-0.16342355,-0.14623447,-0.16278498,-0.15925443,-0.14998752,-0.1468246,-0.15649143,-0.15263079,-0.22480208,-0.120334074,-0.14106208,-0.117868826,-0.16039963,-0.17337546,-0.15506491,-0.16738072,-0.11139822,-0.1388583,-0.13027036,-0.12816888,-0.15152657,-0.14217436,-0.11513376,-0.10065024,-0.0899993,-0.104962796,-0.12001698,-0.13454032,-0.15027548,-0.15978065,-0.1185138,-0.11129953,-0.1578567,-0.17738779,-0.13303003,-0.1630013,-0.25953975,-0.14831989,-0.13207275,-0.14078137,-0.15095688,-0.17780018,-0.16336657,-0.22917573,-0.09015879,-0.110038586,-0.13417579,-0.1289798,-0.13997786,-0.17303726,-0.13908121,-0.16057305,-0.12777606,-0.07092635,-0.03704006,-0.13677134,-0.16136336,-0.17822766,-0.14332479,-0.12334781,-0.13548578,-0.12023825,-0.13745596,-0.25318068,-0.26654312,-0.0832202,-0.10945694,-0.14371276,-0.09238048,-0.18700975,-0.18902928,-0.15210219,-0.09000989,-0.13230102,-0.14906114,-0.14966494,-0.15824378,-0.16980092,-0.18281488,-0.087582745,-0.12332573,-0.14073768,-0.10256614,-0.17951453,-0.19495486,-0.19007295,-0.09962911,-0.13113372,-0.078393534,-0.12713443,-0.19006202,-0.19218646,-0.1906783,-0.12312151,-0.07525787,-0.09677392,-0.11790686,-0.13589483,-0.12406494,-0.121451,-0.09409085,-0.09622826,-0.107960016,-0.082459606,-0.112234935,-0.13171399,-0.16649598,-0.1410757,-0.13596791,-0.18093297,-0.17825818,-0.1930151,-0.1440028,-0.15549555,-0.13482186,-0.119081676,-0.14001076,-0.19117098,-0.19020024,-0.18056566,-0.19755594,-0.25103784,-0.20219928,-0.18954553,-0.1902134,-0.18153645,-0.17306441,-0.27554205,-0.08916744,-0.11956477,-0.12748447,-0.15751183,-0.20931396,-0.18224281,-0.29657933,-0.32474133,-0.15295608,-0.3242122,-0.17325558,-0.17108874,-0.2185038,-0.17647925,-0.114121355,-0.139492,-0.15388772,-0.15788373,-0.22984435,-0.18186735,-0.2513027,-0.10395393,-0.12455491,-0.13794622,-0.12360788,-0.15189947,-0.15436816,-0.15562755,-0.14014931,-0.15141064,-0.16237187,-0.15489545,-0.15291612,-0.1524513,-0.1332345,-0.12264567,-0.14593115,-0.18908055,-0.1759344,-0.21025829,-0.3990198,-0.19971433,-0.11302716,-0.1296617,-0.11779827,-0.14723554,-0.16636807,-0.18583357,-0.19073139,-0.13132867,-0.07629951,-0.15240595,-0.13928522,-0.14106366,-0.11773108,-0.19987361,-0.1649412,-0.15842466,-0.14075348,-0.123016275,-0.12722544,-0.14610182,-0.2588673,-0.106890514,-0.13074079,-0.09132757,-0.12832497,-0.12855393,-0.14931846,-0.15128131,-0.09591584,-0.08910369,-0.1237095,-0.11007594,-0.13736585,-0.15018454,-0.1695533,-0.14238574,-0.11615143,-0.17324778,-0.15116096,-0.1417993,-0.124748304,-0.14158154,-0.17466888,-0.13176009,-0.13172609,-0.14520532,-0.12230017,-0.08722703,-0.05825615,-0.14289442,-0.17082691,-0.026243303,-0.16658333,-0.2829064,-0.31316653,-0.1958564,-0.14518294,-0.14331596,-0.14862512,-0.12963767,-0.25088155,-0.19282141,-0.18767992,-0.09419119,-0.108980335,-0.10702289,-0.092863485,-0.12759323,-0.15243146,-0.15746465,-0.16644832,-0.12812386,-0.0969081,-0.16398169,-0.14311752,-0.11335766,-0.18846886,-0.1706479,-0.15350161,-0.12529819,-0.115196005,-0.11232085,-0.11662802,-0.17539248,-0.13788319,-0.13380134,-0.096878245,-0.12041687,-0.09131566,-0.12434345,-0.13563201,-0.063823454,-0.13877153,-0.11419349,-0.13327526,-0.24483351,-0.2571875,-0.29957527,-0.14562294,-0.15607844,-0.13137941,-0.19104545,-0.0782174,-0.17143339,-0.16362056,-0.09859173,-0.11065883,-0.114496656,-0.076612435,-0.083404,-0.1213824,-0.13072303,-0.13855581,-0.19385117,-0.09858447,-0.15516849,-0.19487974,-0.19012265,-0.18583219,-0.11085275,-0.14267018,-0.102612525,-0.15866634,-0.19291008,-0.17169085,-0.16823964,-0.14228785,-0.14196917,-0.101329766,-0.15246493,-0.1610097,-0.18007635,-0.19370958,-0.12076694,-0.14681582,-0.11356264,-0.07975887,-0.14201865,-0.20725825,-0.16039777,-0.125103,-0.15657571,-0.15690626,-0.14328396,-0.19202894,-0.1620487,-0.18121606,-0.2963242,-0.19658339,-0.17976756,-0.17080556,-0.19165136,-0.15661255,-0.14054683,-0.1297917,-0.12557748,-0.13771078,-0.1627756,-0.30584824,-0.1660056,-0.18015634,-0.19192293,-0.11441202,-0.14985406,-0.14021361,-0.17726758,-0.1661148,-0.1640085,-0.14331086,-0.18237996,-0.12797335,-0.15282369,-0.13622123,-0.24156228,-0.17911892,-0.102795824,-0.134976,-0.1411779,-0.17372312,-0.110010825,-0.13400677,-0.15156311,-0.15940632,-0.18108404,-0.1532901,-0.14843023,-0.19184028,-0.17475839,-0.16359186,-0.14723541,-0.14623587,-0.11499533,-0.10471026,-0.13432676,-0.20148799,-0.17646477,-0.12513243,-0.16586174,-0.18041904,-0.18738703,-0.11705899,-0.17549543,-0.25638974,-0.092185825,-0.09194735,-0.11436686,-0.13531709,-0.14721301,-0.09804064,-0.18806586
k__Bacteria|p__Bacteroidetes|c__Bacteroidia|o__Bacteroidales|f__Bacteroidaceae|g__Bacteroides|s__Bacteroides_caecimuris,-0.1004395,-0.12316422,-0.14148252,-0.20428483,-0.16657367,-0.1924231,-0.1666669,-0.144636,-0.12514937,-0.18291847,-0.18286896,-0.21875015,-0.16868266,-0.20134124,-0.102722,-0.09866106,-0.058144663,-0.099206716,-0.10760548,-0.17018428,-0.1978925,-0.12536043,-0.13590553,-0.15160957,-0.17052953,-0.11658599,-0.16725802,-0.17306434,-0.1509206,-0.12124001,-0.13495961,-0.10539059,-0.14803404,-0.19420193,-0.18793878,-0.2175087,-0.16071478,-0.22338755,-0.19601986,-0.29867563,-0.29210672,-0.19614255,-0.10667499,-0.09162698,-0.13691942,-0.15482496,-0.23188588,-0.19298205,-0.14588127,-0.2026537,-0.18410563,-0.18279888,-0.19582841,-0.19621587,-0.19972742,-0.15645653,-0.12521169,-0.14304304,-0.091988325,-0.09531435,-0.17043665,-0.1418086,-0.13743341,-0.14642066,-0.12719077,-0.15116712,-0.2613474,-0.22333384,-0.18793619,-0.20047067,-0.14488009,-0.14864436,-0.13007843,-0.1420063,-0.14944413,-0.1630246,-0.14587021,-0.16278498,-0.15924396,-0.14998752,-0.14676934,-0.15663607,-0.15269601,-0.22480208,-0.120334074,-0.1411151,-0.11809043,-0.16008134,-0.17308322,-0.15538673,-0.16749692,-0.11139822,-0.1388583,-0.13027036,-0.12818056,-0.15152657,-0.14264248,-0.1152525,-0.10065024,-0.090387754,-0.10500491,-0.11984049,-0.13443433,-0.15027548,-0.15968736,-0.1185138,-0.11129953,-0.1578567,-0.17738779,-0.13269064,-0.16359603,-0.25953975,-0.14837995,-0.13246204,-0.14109978,-0.15095688,-0.17780018,-0.16338915,-0.22917573,-0.09015879,-0.1103672,-0.13442409,-0.12906888,-0.13997786,-0.17331403,-0.13908121,-0.16057305,-0.12777606,-0.07092635,-0.03704006,-0.13690549,-0.16137488,-0.17815924,-0.14332479,-0.12334781,-0.13564,-0.12023825,-0.1376065,-0.25318068,-0.26654312,-0.08331554,-0.10945694,-0.14350867,-0.09238048,-0.1872665,-0.18938123,-0.15266636,-0.09008965,-0.13230102,-0.14926475,-0.14987265,-0.15826418,-0.16977999,-0.18226582,-0.087777436,-0.123243295,-0.14045137,-0.10256614,-0.17951453,-0.19495486,-0.18966357,-0.09983919,-0.13113372,-0.07877576,-0.1272947,-0.19006202,-0.19204165,-0.19064571,-0.12295784,-0.07528032,-0.096696585,-0.11810698,-0.13612907,-0.12406494,-0.121451,-0.09413893,-0.09641744,-0.10815343,-0.082459606,-0.11238271,-0.13178352,-0.16623111,-0.1410757,-0.13634562,-0.18093297,-0.17825818,-0.19296817,-0.14408919,-0.15549555,-0.13477652,-0.119081676,-0.14001076,-0.19117098,-0.19012547,-0.18083534,-0.19755594,-0.25103784,-0.20219928,-0.18978879,-0.1905745,-0.1818418,-0.17343232,-0.27554205,-0.08916744,-0.11956477,-0.12811637,-0.15751183,-0.20931396,-0.18224281,-0.29657933,-0.32474133,-0.1559647,-0.3242122,-0.17325558,-0.17108874,-0.2185038,-0.17647925,-0.114121355,-0.13985202,-0.15388772,-0.15788373,-0.22984435,-0.18186735,-0.25201267,-0.10405791,-0.12455491,-0.1382221,-0.12374414,-0.15189947,-0.1541733,-0.15526256,-0.14014931,-0.15141064,-0.16207793,-0.15489453,-0.1528891,-0.15266708,-0.13344646,-0.12279211,-0.14611065,-0.18910833,-0.17633021,-0.21025829,-0.3990198,-0.2010426,-0.113127984,-0.1296617,-0.1177751,-0.1475163,-0.16636807,-0.18556723,-0.190724,-0.13163541,-0.07637265,-0.1521437,-0.13941629,-0.14106366,-0.11813104,-0.19987361,-0.1649412,-0.15872812,-0.14112085,-0.12322055,-0.12722544,-0.14610182,-0.2588673,-0.10708676,-0.13074079,-0.09132757,-0.12832497,-0.12860304,-0.14951536,-0.15102863,-0.095953315,-0.08910369,-0.123828195,-0.11024118,-0.13750398,-0.15039866,-0.16932414,-0.14245135,-0.116432875,-0.1732934,-0.1514995,-0.14179307,-0.12506808,-0.14141554,-0.17466888,-0.13176009,-0.13174233,-0.14521445,-0.1223506,-0.08722703,-0.05825615,-0.14313707,-0.17082691,-0.026243303,-0.16674995,-0.2829064,-0.31316653,-0.196965,-0.14513141,-0.14331596,-0.14862512,-0.12963767,-0.25088155,-0.19238706,-0.18734688,-0.09448083,-0.10884634,-0.10702289,-0.09272192,-0.12759323,-0.15282504,-0.15746465,-0.16635154,-0.12812386,-0.0969081,-0.16398169,-0.14277329,-0.11335766,-0.18846886,-0.1706479,-0.15344512,-0.12523162,-0.115196005,-0.11234548,-0.11662802,-0.17511979,-0.13783792,-0.1335389,-0.096878245,-0.12053168,-0.0913981,-0.12434345,-0.13571776,-0.063823454,-0.13877153,-0.11419349,-0.13345864,-0.24483351,-0.2571875,-0.29957527,-0.14555596,-0.1560507,-0.13152912,-0.19104545,-0.0782174,-0.17132168,-0.16359873,-0.09859173,-0.11065883,-0.11455062,-0.076612435,-0.083404,-0.1213824,-0.13072303,-0.13855581,-0.19385117,-0.09829186,-0.15521154,-0.19487974,-0.19039018,-0.18583909,-0.110921465,-0.14274205,-0.102464244,-0.15815419,-0.1929316,-0.17141178,-0.16846508,-0.14233717,-0.14183557,-0.10185273,-0.15278244,-0.16114143,-0.18051122,-0.19391885,-0.12070482,-0.14664878,-0.1138265,-0.07997668,-0.14241956,-0.20725825,-0.16021982,-0.125103,-0.15657571,-0.15690626,-0.14342837,-0.19202894,-0.16208647,-0.18093158,-0.2963242,-0.19739684,-0.18058798,-0.17136979,-0.19207153,-0.15711576,-0.14054683,-0.12983611,-0.12557748,-0.1379047,-0.16284144,-0.30584824,-0.16658348,-0.17984016,-0.19201526,-0.11441202,-0.1500208,-0.14029264,-0.17741817,-0.16611752,-0.1637587,-0.14331086,-0.18237996,-0.12819193,-0.15299614,-0.13689643,-0.24156228,-0.17923829,-0.10284345,-0.1352259,-0.14111695,-0.17335117,-0.11019945,-0.1342549,-0.15131718,-0.15912642,-0.18141243,-0.1529822,-0.14821897,-0.19184028,-0.17473723,-0.16320334,-0.14723541,-0.14623587,-0.11499533,-0.10471026,-0.13461274,-0.20148799,-0.17610534,-0.12513243,-0.16614926,-0.18041904,-0.18738703,-0.11705899,-0.17484674,-0.2564073,-0.09228544,-0.0920205,-0.11455563,-0.13536459,-0.14722456,-0.098305665,-0.18786094
k__Bacteria|p__Bacteroidetes|c__Bacteroidia|o__Bacteroidales|f__Bacteroidaceae|g__Bacteroides|s__Bacteroides_cellulosilyticus,-0.1004395,-0.12316422,-0.14201134,-0.20428483,-0.1669956,-0.19361046,-0.1666669,-0.14512563,-0.12511027,-0.18357658,-0.18326469,-0.22752729,-0.16923524,-0.20526853,-0.10319795,-0.099454165,-0.058144663,-0.09970968,-0.107896596,-0.17092417,-0.1978925,-0.12536043,-0.1363272,-0.15226626,-0.17155573,-0.11658599,-0.16740444,-0.17383234,-0.1509206,-0.12124001,-0.13512692,-0.1058816,-0.1484528,-0.19590402,-0.18920189,-0.2175087,-0.16098154,-0.22338755,-0.19732396,-0.29867563,-0.29210672,-0.19836658,-0.10721777,-0.09162698,-0.13691942,-0.15516242,-0.23188588,-0.19386283,-0.14660087,-0.2026537,-0.18377882,-0.18279888,-0.19752714,-0.19890343,-0.20418134,-0.15741669,-0.12580352,-0.14381953,-0.09219588,-0.09576171,-0.1712293,-0.14234269,-0.13743341,-0.1469922,-0.12719077,-0.15137216,-0.2613474,-0.22333384,-0.18880248,-0.20047067,-0.14568937,-0.14922632,-0.13087639,-0.1428568,-0.15065394,-0.16392434,-0.14647153,-0.16278498,-0.15945622,-0.14998752,-0.14716074,-0.15723126,-0.15329082,-0.22480208,-0.120334074,-0.14156704,-0.118477575,-0.16089015,-0.17401038,-0.15583573,-0.16807476,-0.11139822,-0.1388583,-0.13027036,-0.12862876,-0.15152657,-0.14253409,-0.11546877,-0.10065024,-0.090595305,-0.10553186,-0.120550066,-0.13506788,-0.15027548,-0.16027617,-0.1185138,-0.11129953,-0.1578567,-0.17738779,-0.13371614,-0.16426066,-0.25953975,-0.14875853,-0.13279247,-0.14184564,-0.15095688,-0.17780018,-0.16386984,-0.22917573,-0.09015879,-0.11022022,-0.13483243,-0.12974714,-0.13997786,-0.17383428,-0.13908121,-0.16057305,-0.12777606,-0.07092635,-0.03704006,-0.13727191,-0.16212043,-0.17882591,-0.14332479,-0.12334781,-0.13574989,-0.12023825,-0.13834271,-0.25318068,-0.26654312,-0.083561435,-0.10945694,-0.14439677,-0.09238048,-0.18783982,-0.19039428,-0.15310834,-0.09038357,-0.13230102,-0.14963356,-0.15041928,-0.15902697,-0.17058587,-0.18355002,-0.088056415,-0.12384261,-0.14116867,-0.10256614,-0.17951453,-0.19495486,-0.1911389,-0.10020734,-0.13113372,-0.07994305,-0.12799495,-0.19006202,-0.19335848,-0.19173524,-0.123373695,-0.075429186,-0.09723167,-0.118665114,-0.13660966,-0.12406494,-0.121451,-0.094645716,-0.09678769,-0.10856351,-0.082459606,-0.11294825,-0.1322817,-0.16699964,-0.1410757,-0.13649347,-0.18093297,-0.17825818,-0.19436252,-0.14482935,-0.15549555,-0.13550031,-0.119081676,-0.14001076,-0.19117098,-0.19135827,-0.18155703,-0.19755594,-0.25103784,-0.20219928,-0.19014773,-0.19124193,-0.18263277,-0.17414829,-0.27554205,-0.08916744,-0.11956477,-0.1280219,-0.15751183,-0.20931396,-0.18224281,-0.29657933,-0.32474133,-0.15384717,-0.3242122,-0.17325558,-0.17108874,-0.2185038,-0.17647925,-0.114121355,-0.14003702,-0.15388772,-0.15788373,-0.22984435,-0.18186735,-0.25755155,-0.10450117,-0.12455491,-0.13853647,-0.124191016,-0.15189947,-0.15498821,-0.15604296,-0.14014931,-0.15141064,-0.16296777,-0.15531184,-0.15352175,-0.1532124,-0.13402824,-0.12307325,-0.14634126,-0.19019158,-0.17713067,-0.21025829,-0.3990198,-0.20354223,-0.11350533,-0.1296617,-0.1185967,-0.14799094,-0.16636807,-0.18646744,-0.19163755,-0.13171533,-0.07676664,-0.15304856,-0.13982174,-0.14106366,-0.11808348,-0.19987361,-0.1649412,-0.1587471,-0.14173064,-0.123649724,-0.12722544,-0.14610182,-0.2588673,-0.107424736,-0.13074079,-0.09132757,-0.12832497,-0.12913635,-0.14979118,-0.15167212,-0.09633752,-0.08910369,-0.12437394,-0.11063719,-0.13797103,-0.15084466,-0.17033991,-0.1429579,-0.1164206,-0.17394525,-0.15191038,-0.14236593,-0.12559155,-0.14185303,-0.17466888,-0.13176009,-0.13228852,-0.14577344,-0.12296685,-0.08722703,-0.05825615,-0.1435416,-0.17082691,-0.026243303,-0.16686487,-0.2829064,-0.31316653,-0.19881177,-0.1457043,-0.14331596,-0.14862512,-0.12963767,-0.25088155,-0.19392306,-0.1884933,-0.094718195,-0.10932537,-0.10702289,-0.09380795,-0.12759323,-0.15305716,-0.15746465,-0.16708231,-0.12812386,-0.0969081,-0.16398169,-0.14349893,-0.11335766,-0.18846886,-0.1706479,-0.15395847,-0.12577176,-0.115196005,-0.113007985,-0.11662802,-0.17589,-0.1384922,-0.13435924,-0.096878245,-0.121214926,-0.09177325,-0.12434345,-0.1357634,-0.063823454,-0.13877153,-0.11419349,-0.13391544,-0.24483351,-0.2571875,-0.29957527,-0.14626631,-0.15677567,-0.13232115,-0.19104545,-0.0782174,-0.17243694,-0.16425781,-0.09859173,-0.11065883,-0.11451146,-0.076612435,-0.083404,-0.1213824,-0.13072303,-0.13855581,-0.19385117,-0.099161446,-0.1557579,-0.19487974,-0.19115542,-0.18695591,-0.11128938,-0.1430614,-0.10296338,-0.15911849,-0.19423038,-0.17279094,-0.1690464,-0.1428633,-0.14255565,-0.102060616,-0.15334797,-0.16160703,-0.18106252,-0.19517128,-0.12124549,-0.14727521,-0.11379103,-0.08010758,-0.14330561,-0.20725825,-0.16077308,-0.125103,-0.15657571,-0.15690626,-0.14373915,-0.19202894,-0.16260505,-0.18185404,-0.2963242,-0.19875264,-0.18134812,-0.17183514,-0.19325247,-0.15769155,-0.14054683,-0.13039142,-0.12557748,-0.13837188,-0.16353238,-0.30584824,-0.16691491,-0.18100598,-0.19274892,-0.11441202,-0.15060687,-0.1406862,-0.1780872,-0.16690987,-0.1644656,-0.14331086,-0.18237996,-0.12847584,-0.15344748,-0.13784118,-0.24156228,-0.17955853,-0.10330118,-0.13535531,-0.1419296,-0.1743685,-0.110405535,-0.13466397,-0.15205655,-0.15991837,-0.18192683,-0.1540814,-0.14915827,-0.19184028,-0.17543592,-0.163933,-0.14723541,-0.14623587,-0.11499533,-0.10471026,-0.13520911,-0.20148799,-0.17693599,-0.12513243,-0.1658653,-0.18041904,-0.18738703,-0.11705899,-0.17613332,-0.25955424,-0.09265269,-0.092317104,-0.11490201,-0.13607234,-0.14804393,-0.09866093,-0.18888777
k__Bacteria|p__Bacteroidetes|c__Bacteroidia|o__Bacteroidales|f__Prevotellaceae|g__Prevotella|s__Prevotella_vespertina,-0.1004395,-0.12316422,-0.14170659,-0.20428483,-0.1665647,-0.19331674,-0.1666669,-0.14500126,-0.12453587,-0.18368995,-0.18262035,-0.23266067,-0.1695746,-0.20750535,-0.10296431,-0.09974027,-0.058144663,-0.09983147,-0.107663095,-0.17060104,-0.1978925,-0.12536043,-0.13608623,-0.15210292,-0.17157447,-0.11658599,-0.16687872,-0.17364746,-0.1509206,-0.12124001,-0.13473609,-0.10568158,-0.14815575,-0.19627635,-0.18926302,-0.2175087,-0.16031763,-0.22338755,-0.19761232,-0.29867563,-0.29210672,-0.19882768,-0.107105985,-0.09162698,-0.13691942,-0.15488835,-0.23188588,-0.1936763,-0.14632457,-0.2026537,-0.18266188,-0.18279888,-0.19795173,-0.19974245,-0.20634711,-0.15815541,-0.12564984,-0.14375666,-0.09184785,-0.095682114,-0.17106879,-0.14199695,-0.13743341,-0.14677632,-0.12719077,-0.15102431,-0.2613474,-0.22333384,-0.18850124,-0.20047067,-0.1456293,-0.14905174,-0.13083334,-0.14293152,-0.15088138,-0.16394281,-0.14631075,-0.16278498,-0.15892684,-0.14998752,-0.14696407,-0.1569647,-0.15298417,-0.22480208,-0.120334074,-0.14137991,-0.11827339,-0.16079403,-0.17393437,-0.155389,-0.16794959,-0.11139822,-0.1388583,-0.13027036,-0.1284261,-0.15152657,-0.14182678,-0.11526239,-0.10065024,-0.09043907,-0.105494626,-0.12052743,-0.13494197,-0.15027548,-0.16006924,-0.1185138,-0.11129953,-0.1578567,-0.17738779,-0.13383965,-0.16397257,-0.25953975,-0.14844778,-0.13244833,-0.14184186,-0.15095688,-0.17780018,-0.16328177,-0.22917573,-0.09015879,-0.10981458,-0.13453485,-0.12970881,-0.13997786,-0.17346668,-0.13908121,-0.16057305,-0.12777606,-0.07092635,-0.03704006,-0.13710217,-0.16185018,-0.17866139,-0.14332479,-0.12334781,-0.13534467,-0.12023825,-0.13840212,-0.25318068,-0.26654312,-0.08331658,-0.10945694,-0.14444916,-0.09238048,-0.18753645,-0.19030873,-0.15289572,-0.09014785,-0.13230102,-0.14933734,-0.15019262,-0.1589152,-0.17038614,-0.1836211,-0.0877499,-0.12377384,-0.14118315,-0.10256614,-0.17951453,-0.19495486,-0.19129735,-0.09999774,-0.13113372,-0.08034876,-0.12812948,-0.19006202,-0.19337282,-0.19166003,-0.123149306,-0.07507859,-0.09716365,-0.11864677,-0.13648146,-0.12406494,-0.121451,-0.094542794,-0.09668432,-0.10841755,-0.082459606,-0.11295043,-0.13212056,-0.16693169,-0.1410757,-0.13608259,-0.18093297,-0.17825818,-0.19442287,-0.14465165,-0.15549555,-0.13543111,-0.119081676,-0.14001076,-0.19117098,-0.1913566,-0.18115312,-0.19755594,-0.25103784,-0.20219928,-0.1893925,-0.19087683,-0.18246838,-0.17385076,-0.27554205,-0.08916744,-0.11956477,-0.12748979,-0.15751183,-0.20931396,-0.18224281,-0.29657933,-0.32474133,-0.1520526,-0.3242122,-0.17325558,-0.17108874,-0.2185038,-0.17647925,-0.114121355,-0.13962057,-0.15388772,-0.15788373,-0.22984435,-0.18186735,-0.2603351,-0.10431643,-0.12455491,-0.1382669,-0.12401791,-0.15189947,-0.15482798,-0.155928,-0.14014931,-0.15141064,-0.16288216,-0.15493947,-0.15324767,-0.15294501,-0.13396966,-0.12281391,-0.14598632,-0.19029084,-0.17664734,-0.21025829,-0.3990198,-0.2044898,-0.11332725,-0.1296617,-0.11871487,-0.1478397,-0.16636807,-0.18638057,-0.1914263,-0.13129193,-0.076532096,-0.15307622,-0.13955617,-0.14106366,-0.117544,-0.19987361,-0.1649412,-0.15805894,-0.14144996,-0.1235677,-0.12722544,-0.14610182,-0.2588673,-0.10718441,-0.13074079,-0.09132757,-0.12832497,-0.12904012,-0.14934736,-0.15153278,-0.09617439,-0.08910369,-0.124278925,-0.11046831,-0.13778637,-0.15051135,-0.17036483,-0.1426625,-0.115949005,-0.17379697,-0.15150577,-0.14227891,-0.12533006,-0.14181554,-0.17466888,-0.13176009,-0.1320335,-0.1456506,-0.12283684,-0.08722703,-0.05825615,-0.1432234,-0.17082691,-0.026243303,-0.1663318,-0.2829064,-0.31316653,-0.19879457,-0.14551085,-0.14331596,-0.14862512,-0.12963767,-0.25088155,-0.1939919,-0.18836947,-0.09436338,-0.109262824,-0.10702289,-0.094155006,-0.12759323,-0.15263043,-0.15746465,-0.16696931,-0.12812386,-0.0969081,-0.16398169,-0.14351305,-0.11335766,-0.18846886,-0.1706479,-0.15364423,-0.1255003,-0.115196005,-0.11302597,-0.11662802,-0.17581782,-0.1383329,-0.13437393,-0.096878245,-0.12121698,-0.0916964,-0.12434345,-0.13539258,-0.063823454,-0.13877153,-0.11419349,-0.13378122,-0.24483351,-0.2571875,-0.29957527,-0.14612597,-0.15667701,-0.13217686,-0.19104545,-0.0782174,-0.17221951,-0.16429353,-0.09859173,-0.11065883,-0.114096954,-0.076612435,-0.083404,-0.1213824,-0.13072303,-0.13855581,-0.19385117,-0.09907232,-0.15547344,-0.19487974,-0.19075581,-0.186925,-0.11102781,-0.14279896,-0.10270827,-0.15923439,-0.19420478,-0.17303392,-0.1689633,-0.1426103,-0.14248633,-0.10170682,-0.15317766,-0.16139027,-0.18067783,-0.19541803,-0.12105454,-0.14720064,-0.11333294,-0.07989441,-0.14325541,-0.20725825,-0.16032739,-0.125103,-0.15657571,-0.15690626,-0.14335492,-0.19202894,-0.16216204,-0.1817008,-0.2963242,-0.19833604,-0.18128991,-0.17171253,-0.19317201,-0.15750417,-0.14054683,-0.13016897,-0.12557748,-0.13798827,-0.16348855,-0.30584824,-0.16601877,-0.1811445,-0.1924699,-0.11441202,-0.15053236,-0.14051011,-0.17777738,-0.16670614,-0.16435115,-0.14331086,-0.18237996,-0.12796897,-0.15326723,-0.13775365,-0.24156228,-0.17894807,-0.10316014,-0.13494295,-0.14185607,-0.17436887,-0.1100398,-0.13434455,-0.15218532,-0.15992598,-0.18144354,-0.15415443,-0.14909874,-0.19184028,-0.17494349,-0.16378814,-0.14723541,-0.14623587,-0.11499533,-0.10471026,-0.13512029,-0.20148799,-0.17667022,-0.12513243,-0.16529985,-0.18041904,-0.18738703,-0.11705899,-0.17634594,-0.26068342,-0.09243013,-0.09217417,-0.11464468,-0.13607293,-0.14803141,-0.098423615,-0.1889807
k__Bacteria|p__Bacteroidetes|c__Bacteroidia|o__Bacteroidales|f__Bacteroidaceae|g__Bacteroides|s__Bacteroides_eggerthii,-0.1004395,-0.12316422,-0.14240417,-0.20428483,-0.16715804,-0.19274303,-0.1666669,-0.14452925,-0.12510106,-0.18231964,-0.18348151,-0.23142722,-0.16886133,-0.20715542,-0.10329607,-0.099942505,-0.058144663,-0.099479035,-0.108233646,-0.17005347,-0.1978925,-0.12536043,-0.13577202,-0.15126462,-0.17105731,-0.11658599,-0.16672154,-0.17250669,-0.1509206,-0.12124001,-0.13465822,-0.10656546,-0.14807557,-0.19576234,-0.18823403,-0.2175087,-0.16107485,-0.22338755,-0.19741288,-0.29867563,-0.29210672,-0.19796228,-0.10715346,-0.09162698,-0.13691942,-0.15496632,-0.23188588,-0.19348997,-0.14610378,-0.2026537,-0.18365726,-0.18279888,-0.1977252,-0.19923411,-0.20475072,-0.15584639,-0.12555021,-0.1433419,-0.09186553,-0.095938236,-0.17041692,-0.14136752,-0.13743341,-0.14652023,-0.12719077,-0.15089257,-0.2613474,-0.22333384,-0.18840052,-0.20047067,-0.14494394,-0.1486867,-0.13082618,-0.14264324,-0.14944854,-0.16278979,-0.14528367,-0.16278498,-0.15946254,-0.14998752,-0.14665595,-0.1570694,-0.15254591,-0.22480208,-0.120334074,-0.1411705,-0.118484974,-0.1598694,-0.17306234,-0.15565845,-0.16711535,-0.11139822,-0.1388583,-0.13027036,-0.12807259,-0.15152657,-0.14187922,-0.11491674,-0.10065024,-0.09099087,-0.10547151,-0.120355934,-0.1347723,-0.15027548,-0.15931843,-0.1185138,-0.11129953,-0.1578567,-0.17738779,-0.13297871,-0.164258,-0.25953975,-0.14833158,-0.1328927,-0.14181252,-0.15095688,-0.17780018,-0.16396557,-0.22917573,-0.09015879,-0.110130936,-0.13454351,-0.12953213,-0.13997786,-0.17349003,-0.13908121,-0.16057305,-0.12777606,-0.07092635,-0.03704006,-0.13734452,-0.1613357,-0.17775854,-0.14332479,-0.12334781,-0.13547374,-0.12023825,-0.13798855,-0.25318068,-0.26654312,-0.08379735,-0.10945694,-0.14352082,-0.09238048,-0.18716693,-0.19015339,-0.15310593,-0.090631574,-0.13230102,-0.14923519,-0.15011227,-0.15849783,-0.17003569,-0.18199417,-0.08858532,-0.12337487,-0.14086708,-0.10256614,-0.17951453,-0.19495486,-0.18998483,-0.10014525,-0.13113372,-0.08056255,-0.12794048,-0.19006202,-0.19287005,-0.19105545,-0.122523755,-0.075954504,-0.097335085,-0.11882296,-0.13629027,-0.12406494,-0.121451,-0.09483751,-0.09715523,-0.10857575,-0.082459606,-0.11294104,-0.13190791,-0.16588733,-0.1410757,-0.13639836,-0.18093297,-0.17825818,-0.1941703,-0.14461339,-0.15549555,-0.13491192,-0.119081676,-0.14001076,-0.19117098,-0.19138935,-0.18116948,-0.19755594,-0.25103784,-0.20219928,-0.1896565,-0.19108495,-0.1821548,-0.17425556,-0.27554205,-0.08916744,-0.11956477,-0.12811984,-0.15751183,-0.20931396,-0.18224281,-0.29657933,-0.32474133,-0.15438454,-0.3242122,-0.17325558,-0.17108874,-0.2185038,-0.17647925,-0.114121355,-0.14010945,-0.15388772,-0.15788373,-0.22984435,-0.18186735,-0.26023006,-0.10461648,-0.12455491,-0.13815582,-0.12388146,-0.15189947,-0.15413629,-0.15485832,-0.14014931,-0.15141064,-0.16181366,-0.15495688,-0.15277898,-0.15296993,-0.13390009,-0.12282407,-0.14595847,-0.1890339,-0.17664169,-0.21025829,-0.3990198,-0.20376098,-0.113401294,-0.1296617,-0.11840591,-0.14745733,-0.16636807,-0.18517865,-0.19091634,-0.13151662,-0.07722209,-0.15215898,-0.1396054,-0.14106366,-0.11701133,-0.19987361,-0.1649412,-0.15864237,-0.14159682,-0.123641126,-0.12722544,-0.14610182,-0.2588673,-0.10750901,-0.13074079,-0.09132757,-0.12832497,-0.12854415,-0.14945683,-0.15057123,-0.09635022,-0.08910369,-0.12408231,-0.110875964,-0.13770455,-0.1504862,-0.16936857,-0.14244089,-0.11629695,-0.173188,-0.15149531,-0.14184329,-0.12586576,-0.1406377,-0.17466888,-0.13176009,-0.13184725,-0.14531049,-0.12268117,-0.08722703,-0.05825615,-0.14296338,-0.17082691,-0.026243303,-0.1669246,-0.2829064,-0.31316653,-0.19824897,-0.14517426,-0.14331596,-0.14862512,-0.12963767,-0.25088155,-0.1936284,-0.18736243,-0.09478063,-0.10910636,-0.10702289,-0.09342398,-0.12759323,-0.15246111,-0.15746465,-0.16640581,-0.12812386,-0.0969081,-0.16398169,-0.14252308,-0.11335766,-0.18846886,-0.1706479,-0.15360977,-0.12534183,-0.115196005,-0.11275715,-0.11662802,-0.17468646,-0.13797134,-0.13397929,-0.096878245,-0.1212495,-0.09178941,-0.12434345,-0.13489789,-0.063823454,-0.13877153,-0.11419349,-0.1337555,-0.24483351,-0.2571875,-0.29957527,-0.14589801,-0.15627816,-0.13205898,-0.19104545,-0.0782174,-0.17172435,-0.16350684,-0.09859173,-0.11065883,-0.11377143,-0.076612435,-0.083404,-0.1213824,-0.13072303,-0.13855581,-0.19385117,-0.09928638,-0.15523365,-0.19487974,-0.19068137,-0.18619972,-0.11115277,-0.14289539,-0.1026316,-0.15788746,-0.19380152,-0.1712139,-0.16887918,-0.14251435,-0.14218721,-0.10267354,-0.15285486,-0.16114832,-0.18066259,-0.19491024,-0.12093556,-0.14650503,-0.113593936,-0.08028145,-0.14297718,-0.20725825,-0.16017644,-0.125103,-0.15657571,-0.15690626,-0.14358819,-0.19202894,-0.16209418,-0.18054485,-0.2963242,-0.20077926,-0.18126394,-0.17218088,-0.19340378,-0.15765609,-0.14054683,-0.13019577,-0.12557748,-0.13805299,-0.16370595,-0.30584824,-0.16649741,-0.18024638,-0.19228145,-0.11441202,-0.1499654,-0.14062694,-0.17740309,-0.16631103,-0.16357958,-0.14331086,-0.18237996,-0.12853602,-0.15310833,-0.13787797,-0.24156228,-0.1795929,-0.10335165,-0.13535377,-0.14125976,-0.17347658,-0.11053596,-0.13448483,-0.15086263,-0.15921752,-0.18185407,-0.15305169,-0.14876154,-0.19184028,-0.1750505,-0.16253951,-0.14723541,-0.14623587,-0.11499533,-0.10471026,-0.13488922,-0.20148799,-0.17591488,-0.12513243,-0.16600308,-0.18041904,-0.18738703,-0.11705899,-0.17389856,-0.26057222,-0.09287901,-0.092419595,-0.11508377,-0.13568282,-0.14769953,-0.09903735,-0.1878765
k__Bacteria|p__Bacteroidetes|c__Bacteroidia|o__Bacteroidales|f__Bacteroidaceae|g__Bacteroides|s__Bacteroides_sp_L10_4,-0.1004395,-0.12316422,-0.14183992,-0.20428483,-0.16709498,-0.19362941,-0.1666669,-0.14548498,-0.12515572,-0.18411158,-0.18275435,-0.22619025,-0.16757774,-0.20426476,-0.10293108,-0.098961994,-0.058144663,-0.09971541,-0.10783589,-0.17116715,-0.1978925,-0.12536043,-0.136409,-0.15259445,-0.17149639,-0.11658599,-0.16739696,-0.17416373,-0.1509206,-0.12124001,-0.13529065,-0.10552016,-0.14861336,-0.19561411,-0.18920238,-0.2175087,-0.16132006,-0.22338755,-0.19727115,-0.29867563,-0.29210672,-0.19812928,-0.107113555,-0.09162698,-0.13691942,-0.1551223,-0.23188588,-0.19352189,-0.14674926,-0.2026537,-0.18445215,-0.18279888,-0.19760327,-0.19833705,-0.20376287,-0.15717407,-0.12584531,-0.143808,-0.0922931,-0.09571246,-0.17145349,-0.14252052,-0.13743341,-0.14707908,-0.12719077,-0.15144843,-0.2613474,-0.22333384,-0.18899721,-0.20047067,-0.14589712,-0.1492767,-0.13086072,-0.1427639,-0.15089993,-0.16428685,-0.14700264,-0.16278498,-0.15943336,-0.14998752,-0.14722168,-0.15726353,-0.1534244,-0.22480208,-0.120334074,-0.14158326,-0.11843986,-0.16116358,-0.17438272,-0.1558097,-0.16838288,-0.11139822,-0.1388583,-0.13027036,-0.12874827,-0.15152657,-0.1426741,-0.11555526,-0.10065024,-0.09035467,-0.10539366,-0.1205227,-0.13509685,-0.15027548,-0.16049162,-0.1185138,-0.11129953,-0.1578567,-0.17738779,-0.13386929,-0.16452187,-0.25953975,-0.14888771,-0.13268057,-0.14177275,-0.15095688,-0.17780018,-0.16387117,-0.22917573,-0.09015879,-0.11027645,-0.13495058,-0.12966561,-0.13997786,-0.17375866,-0.13908121,-0.16057305,-0.12777606,-0.07092635,-0.03704006,-0.13720056,-0.16227259,-0.17902902,-0.14332479,-0.12334781,-0.13570377,-0.12023825,-0.13840102,-0.25318068,-0.26654312,-0.08337823,-0.10945694,-0.1444796,-0.09238048,-0.18782996,-0.19027437,-0.15269622,-0.090206,-0.13230102,-0.14969519,-0.15042147,-0.1590939,-0.17061304,-0.1838307,-0.087737545,-0.12384998,-0.14121205,-0.10256614,-0.17951453,-0.19495486,-0.19124609,-0.10027927,-0.13113372,-0.07965872,-0.12785643,-0.19006202,-0.19324337,-0.1917429,-0.12366184,-0.07507923,-0.0970965,-0.118510455,-0.13656507,-0.12406494,-0.121451,-0.094484285,-0.0964779,-0.108349904,-0.082459606,-0.1127453,-0.13214803,-0.16722068,-0.1410757,-0.13656925,-0.18093297,-0.17825818,-0.19406536,-0.14473897,-0.15549555,-0.13564098,-0.119081676,-0.14001076,-0.19117098,-0.19110757,-0.18164723,-0.19755594,-0.25103784,-0.20219928,-0.19020541,-0.19124548,-0.18255389,-0.17408507,-0.27554205,-0.08916744,-0.11956477,-0.12801376,-0.15751183,-0.20931396,-0.18224281,-0.29657933,-0.32474133,-0.15284726,-0.3242122,-0.17325558,-0.17108874,-0.2185038,-0.17647925,-0.114121355,-0.13995594,-0.15388772,-0.15788373,-0.22984435,-0.18186735,-0.25592327,-0.104412705,-0.12455491,-0.13858429,-0.124226004,-0.15189947,-0.15506397,-0.15638146,-0.14014931,-0.15141064,-0.16333666,-0.15542397,-0.15374789,-0.15321663,-0.13380362,-0.12318425,-0.14645696,-0.19046879,-0.17716146,-0.21025829,-0.3990198,-0.2015621,-0.1134634,-0.1296617,-0.11856245,-0.14810088,-0.16636807,-0.1867786,-0.1917175,-0.13176215,-0.07641909,-0.15329169,-0.13981959,-0.14106366,-0.11860904,-0.19987361,-0.1649412,-0.15880266,-0.14165106,-0.12339999,-0.12722544,-0.14610182,-0.2588673,-0.1073751,-0.13074079,-0.09132757,-0.12832497,-0.12924966,-0.14980839,-0.1518696,-0.096231006,-0.08910369,-0.12432856,-0.110422246,-0.13793498,-0.15088072,-0.17040934,-0.1431574,-0.116408005,-0.17408562,-0.15194973,-0.14239691,-0.12536825,-0.14224699,-0.17466888,-0.13176009,-0.13234876,-0.14575234,-0.1228157,-0.08722703,-0.05825615,-0.1437031,-0.17082691,-0.026243303,-0.16676496,-0.2829064,-0.31316653,-0.19804476,-0.14584363,-0.14331596,-0.14862512,-0.12963767,-0.25088155,-0.19369482,-0.18873033,-0.09462884,-0.1093146,-0.10702289,-0.09369712,-0.12759323,-0.15311642,-0.15746465,-0.16719958,-0.12812386,-0.0969081,-0.16398169,-0.14359514,-0.11335766,-0.18846886,-0.1706479,-0.15402283,-0.12576687,-0.115196005,-0.112993546,-0.11662802,-0.17598133,-0.1386148,-0.13427751,-0.096878245,-0.12092813,-0.09163796,-0.12434345,-0.13595524,-0.063823454,-0.13877153,-0.11419349,-0.13398442,-0.24483351,-0.2571875,-0.29957527,-0.14640085,-0.15680884,-0.13239239,-0.19104545,-0.0782174,-0.17258942,-0.16429245,-0.09859173,-0.11065883,-0.11470559,-0.076612435,-0.083404,-0.1213824,-0.13072303,-0.13855581,-0.19385117,-0.09898241,-0.15611124,-0.19487974,-0.19121057,-0.18690431,-0.11131056,-0.1428574,-0.10296479,-0.1596584,-0.19425604,-0.17315438,-0.1690311,-0.14293045,-0.14252338,-0.10188866,-0.1534229,-0.16163185,-0.18109149,-0.19498941,-0.121302225,-0.14741684,-0.113884985,-0.07998595,-0.14356612,-0.20725825,-0.16099502,-0.125103,-0.15657571,-0.15690626,-0.14369532,-0.19202894,-0.16273981,-0.18211433,-0.2963242,-0.19783086,-0.18099663,-0.17140082,-0.19298398,-0.15747318,-0.14054683,-0.13041656,-0.12557748,-0.1383454,-0.16356078,-0.30584824,-0.16695628,-0.18099988,-0.19272423,-0.11441202,-0.15066414,-0.14058661,-0.17826448,-0.16698903,-0.16456825,-0.14331086,-0.18237996,-0.12858653,-0.15349823,-0.13804498,-0.24156228,-0.17936762,-0.10324776,-0.13523784,-0.1420137,-0.17462823,-0.11021963,-0.13464032,-0.15235767,-0.16011615,-0.18181112,-0.15419012,-0.1492274,-0.19184028,-0.17549999,-0.16420871,-0.14723541,-0.14623587,-0.11499533,-0.10471026,-0.13524553,-0.20148799,-0.17719287,-0.12513243,-0.1655797,-0.18041904,-0.18738703,-0.11705899,-0.17671323,-0.2586271,-0.09244731,-0.09213222,-0.11481267,-0.13605034,-0.14798427,-0.09843683,-0.1890972
k__Bacteria|p__Bacteroidetes|c__Bacteroidia|o__Bacteroidales|f__Porphyromonadaceae|g__Porphyromonas|s__Porphyromonas_sp_HMSC065F10,-0.1004395,-0.12316422,-0.14228767,-0.20428483,-0.16845481,-0.1938653,-0.1666669,-0.14554092,-0.12576613,-0.18362394,-0.18497908,-0.22260496,-0.16966161,-0.20435727,-0.103544734,-0.09922482,-0.058144663,-0.09961443,-0.108294934,-0.17123714,-0.1978925,-0.12536043,-0.13677792,-0.15272082,-0.17195272,-0.11658599,-0.16834985,-0.17431414,-0.1509206,-0.12124001,-0.1357027,-0.10616846,-0.148797,-0.1959613,-0.18923254,-0.2175087,-0.16237795,-0.22338755,-0.19794919,-0.29867563,-0.29210672,-0.19785756,-0.107369944,-0.09162698,-0.13691942,-0.15577814,-0.23188588,-0.19468835,-0.14696369,-0.2026537,-0.18623492,-0.18279888,-0.19783242,-0.19820201,-0.20176771,-0.15700784,-0.12601767,-0.14403453,-0.09239429,-0.09577711,-0.17165178,-0.14275606,-0.13743341,-0.1474568,-0.12719077,-0.15174037,-0.2613474,-0.22333384,-0.18997723,-0.20047067,-0.14590149,-0.14977285,-0.13091485,-0.1429367,-0.15035585,-0.16437627,-0.14681381,-0.16278498,-0.16076034,-0.14998752,-0.14781168,-0.15777574,-0.15362307,-0.22480208,-0.120334074,-0.14193816,-0.11871584,-0.16115688,-0.1744642,-0.15659907,-0.16858965,-0.11139822,-0.1388583,-0.13027036,-0.1288687,-0.15152657,-0.143457,-0.115824126,-0.10065024,-0.090747066,-0.1054492,-0.12053168,-0.13525121,-0.15027548,-0.16077328,-0.1185138,-0.11129953,-0.1578567,-0.17738779,-0.13344608,-0.1646747,-0.25953975,-0.14933243,-0.13329764,-0.1419785,-0.15095688,-0.17780018,-0.16475436,-0.22917573,-0.09015879,-0.11078478,-0.13523403,-0.12990001,-0.13997786,-0.17465606,-0.13908121,-0.16057305,-0.12777606,-0.07092635,-0.03704006,-0.13768685,-0.16244958,-0.17944692,-0.14332479,-0.12334781,-0.13645709,-0.12023825,-0.13835631,-0.25318068,-0.26654312,-0.08372757,-0.10945694,-0.14434934,-0.09238048,-0.18834838,-0.19108534,-0.15368769,-0.090538986,-0.13230102,-0.15014762,-0.15088177,-0.15935469,-0.17111671,-0.18356955,-0.08827554,-0.123942785,-0.14163452,-0.10256614,-0.17951453,-0.19495486,-0.19120885,-0.1003457,-0.13113372,-0.07905105,-0.12786944,-0.19006202,-0.19391286,-0.1922227,-0.12368313,-0.075849995,-0.09716572,-0.1187461,-0.13686249,-0.12406494,-0.121451,-0.09469308,-0.09693064,-0.10867863,-0.082459606,-0.112894095,-0.13252556,-0.16732267,-0.1410757,-0.13710105,-0.18093297,-0.17825818,-0.19466971,-0.14504555,-0.15549555,-0.13556784,-0.119081676,-0.14001076,-0.19117098,-0.19198933,-0.1823322,-0.19755594,-0.25103784,-0.20219928,-0.19137108,-0.19219527,-0.18310782,-0.17464498,-0.27554205,-0.08916744,-0.11956477,-0.12872586,-0.15751183,-0.20931396,-0.18224281,-0.29657933,-0.32474133,-0.15476972,-0.3242122,-0.17325558,-0.17108874,-0.2185038,-0.17647925,-0.114121355,-0.1407867,-0.15388772,-0.15788373,-0.22984435,-0.18186735,-0.25516552,-0.10469033,-0.12455491,-0.13899699,-0.12438703,-0.15189947,-0.15528566,-0.15635602,-0.14014931,-0.15141064,-0.1632444,-0.15614066,-0.15393335,-0.153817,-0.13421899,-0.1234899,-0.14696318,-0.19041418,-0.17795405,-0.21025829,-0.3990198,-0.20062011,-0.113755725,-0.1296617,-0.118373126,-0.14831671,-0.16636807,-0.18693137,-0.19227967,-0.13241561,-0.076691315,-0.15300973,-0.14029306,-0.14106366,-0.1183881,-0.19987361,-0.1649412,-0.16000998,-0.14197694,-0.124071285,-0.12722544,-0.14610182,-0.2588673,-0.107632786,-0.13074079,-0.09132757,-0.12832497,-0.12925263,-0.15064995,-0.1520255,-0.096482895,-0.08910369,-0.124438316,-0.11095286,-0.13821694,-0.15143085,-0.17046925,-0.14345725,-0.11700642,-0.17444184,-0.15259293,-0.14263561,-0.12604418,-0.14204109,-0.17466888,-0.13176009,-0.13241674,-0.14625785,-0.123212114,-0.08722703,-0.05825615,-0.1440123,-0.17082691,-0.026243303,-0.16785568,-0.2829064,-0.31316653,-0.19748107,-0.1460684,-0.14331596,-0.14862512,-0.12963767,-0.25088155,-0.1944614,-0.18885067,-0.094966024,-0.10937156,-0.10702289,-0.09294465,-0.12759323,-0.15351495,-0.15746465,-0.16758904,-0.12812386,-0.0969081,-0.16398169,-0.14368154,-0.11335766,-0.18846886,-0.1706479,-0.15466824,-0.12607296,-0.115196005,-0.11281669,-0.11662802,-0.17621395,-0.13876125,-0.13454023,-0.096878245,-0.12129071,-0.09172771,-0.12434345,-0.13639095,-0.063823454,-0.13877153,-0.11419349,-0.13409966,-0.24483351,-0.2571875,-0.29957527,-0.14658916,-0.15712109,-0.13233298,-0.19104545,-0.0782174,-0.17251624,-0.16476066,-0.09859173,-0.11065883,-0.11508942,-0.076612435,-0.083404,-0.1213824,-0.13072303,-0.13855581,-0.19385117,-0.09908614,-0.15624553,-0.19487974,-0.1919834,-0.18725713,-0.111564025,-0.14376408,-0.10300177,-0.15910654,-0.19449392,-0.17228746,-0.16992652,-0.14332809,-0.14281027,-0.10238044,-0.1536588,-0.16224958,-0.18180224,-0.19556883,-0.121428385,-0.14760351,-0.1144311,-0.080088615,-0.14305513,-0.20725825,-0.16164348,-0.125103,-0.15657571,-0.15690626,-0.14436156,-0.19202894,-0.16337521,-0.18224281,-0.2963242,-0.19935998,-0.18171248,-0.17275779,-0.19366315,-0.15829876,-0.14054683,-0.13070625,-0.12557748,-0.1389345,-0.16396174,-0.30584824,-0.16793206,-0.18152462,-0.19355157,-0.11441202,-0.1508831,-0.14117372,-0.17861529,-0.16746631,-0.16486587,-0.14331086,-0.18237996,-0.12907268,-0.15389247,-0.1376389,-0.24156228,-0.18087925,-0.10340729,-0.13608076,-0.14198273,-0.17477396,-0.11086039,-0.13507453,-0.1522592,-0.16029996,-0.18295334,-0.15394853,-0.14940308,-0.19184028,-0.17634857,-0.1643579,-0.14723541,-0.14623587,-0.11499533,-0.10471026,-0.13508022,-0.20148799,-0.17762884,-0.12513243,-0.16725475,-0.18041904,-0.18738703,-0.11705899,-0.17568368,-0.2594658,-0.09282522,-0.0924122,-0.115187526,-0.1360822,-0.14826667,-0.09880174,-0.1892389
k__Bacteria|p__Bacteroidetes|c__Bacteroidia|o__Bacteroidales|f__Odoribacteraceae|g__Butyricimonas|s__Butyricimonas_faecihominis,-0.1004395,-0.12316422,-0.1415493,-0.20428483,-0.16673428,-0.19307049,-0.1666669,-0.14467764,-0.12508398,-0.18255824,-0.18403575,-0.22434354,-0.1698745,-0.20384732,-0.10322948,-0.09904911,-0.058144663,-0.0991565,-0.10780291,-0.17023604,-0.1978925,-0.12536043,-0.13601345,-0.15188162,-0.17118272,-0.11658599,-0.16706581,-0.17326865,-0.1509206,-0.12124001,-0.13478433,-0.105907336,-0.14798905,-0.19535762,-0.18851301,-0.2175087,-0.16081233,-0.22338755,-0.19667824,-0.29867563,-0.29210672,-0.19746295,-0.10696469,-0.09162698,-0.13691942,-0.15470135,-0.23188588,-0.19317646,-0.14628813,-0.2026537,-0.18383414,-0.18279888,-0.19680929,-0.19849643,-0.2026223,-0.1566219,-0.12548837,-0.14340962,-0.09208214,-0.09555505,-0.1706973,-0.1421061,-0.13743341,-0.14667034,-0.12719077,-0.15091482,-0.2613474,-0.22333384,-0.18843253,-0.20047067,-0.1452317,-0.14896335,-0.13047428,-0.14241427,-0.15008077,-0.16342333,-0.14615506,-0.16278498,-0.15933041,-0.14998752,-0.14685082,-0.15688264,-0.1528404,-0.22480208,-0.120334074,-0.141204,-0.118189186,-0.16031262,-0.1734934,-0.15562056,-0.16759303,-0.11139822,-0.1388583,-0.13027036,-0.12829281,-0.15152657,-0.1424087,-0.11522009,-0.10065024,-0.0905793,-0.1052866,-0.12015051,-0.13464499,-0.15027548,-0.15983179,-0.1185138,-0.11129953,-0.1578567,-0.17738779,-0.1332233,-0.16374192,-0.25953975,-0.14839672,-0.13264626,-0.1414271,-0.15095688,-0.17780018,-0.1634538,-0.22917573,-0.09015879,-0.10996859,-0.1345638,-0.12950668,-0.13997786,-0.17350021,-0.13908121,-0.16057305,-0.12777606,-0.07092635,-0.03704006,-0.13668177,-0.16167958,-0.17825806,-0.14332479,-0.12334781,-0.13560629,-0.12023825,-0.13800542,-0.25318068,-0.26654312,-0.0835242,-0.10945694,-0.14398435,-0.09238048,-0.18709934,-0.18985811,-0.15284505,-0.09023534,-0.13230102,-0.14925984,-0.15005994,-0.15856217,-0.17013732,-0.1828783,-0.088003576,-0.123327225,-0.14085603,-0.10256614,-0.17951453,-0.19495486,-0.1905232,-0.09997433,-0.13113372,-0.079629615,-0.12763777,-0.19006202,-0.19287997,-0.19114704,-0.12301144,-0.075670406,-0.096956134,-0.11838347,-0.13628413,-0.12406494,-0.121451,-0.09448159,-0.096763164,-0.10836564,-0.082459606,-0.11267793,-0.13202165,-0.1663498,-0.1410757,-0.13620341,-0.18093297,-0.17825818,-0.19385266,-0.14439307,-0.15549555,-0.13506511,-0.119081676,-0.14001076,-0.19117098,-0.19076768,-0.18107675,-0.19755594,-0.25103784,-0.20219928,-0.18978256,-0.19071384,-0.18216492,-0.1735789,-0.27554205,-0.08916744,-0.11956477,-0.12784514,-0.15751183,-0.20931396,-0.18224281,-0.29657933,-0.32474133,-0.15318695,-0.3242122,-0.17325558,-0.17108874,-0.2185038,-0.17647925,-0.114121355,-0.13979368,-0.15388772,-0.15788373,-0.22984435,-0.18186735,-0.25622827,-0.10434003,-0.12455491,-0.13822922,-0.12386854,-0.15189947,-0.15460153,-0.15554333,-0.14014931,-0.15141064,-0.16248198,-0.15502243,-0.15314034,-0.15292376,-0.1337212,-0.12290622,-0.14606357,-0.18967146,-0.17695422,-0.21025829,-0.3990198,-0.20114669,-0.11328864,-0.1296617,-0.11811179,-0.14765842,-0.16636807,-0.18581751,-0.19115812,-0.13142727,-0.07695765,-0.15239413,-0.13956878,-0.14106366,-0.117619716,-0.19987361,-0.1649412,-0.15861127,-0.14137937,-0.12351985,-0.12722544,-0.14610182,-0.2588673,-0.10716749,-0.13074079,-0.09132757,-0.12832497,-0.12875983,-0.14959162,-0.15119289,-0.09620552,-0.08910369,-0.12401285,-0.11051303,-0.13749135,-0.15053314,-0.16971785,-0.14262101,-0.116297856,-0.17328788,-0.15168856,-0.1419358,-0.12550902,-0.14138803,-0.17466888,-0.13176009,-0.13195065,-0.14549667,-0.12278241,-0.08722703,-0.05825615,-0.14325258,-0.17082691,-0.026243303,-0.16598955,-0.2829064,-0.31316653,-0.19768669,-0.14531857,-0.14331596,-0.14862512,-0.12963767,-0.25088155,-0.19334608,-0.18788978,-0.09480232,-0.108997725,-0.10702289,-0.09355086,-0.12759323,-0.15260376,-0.15746465,-0.1666293,-0.12812386,-0.0969081,-0.16398169,-0.14300224,-0.11335766,-0.18846886,-0.1706479,-0.15369758,-0.12555185,-0.115196005,-0.11271998,-0.11662802,-0.17527694,-0.13812467,-0.13411464,-0.096878245,-0.12095255,-0.091620445,-0.12434345,-0.13540938,-0.063823454,-0.13877153,-0.11419349,-0.13345695,-0.24483351,-0.2571875,-0.29957527,-0.14584291,-0.15639932,-0.1319563,-0.19104545,-0.0782174,-0.1718029,-0.16373944,-0.09859173,-0.11065883,-0.11434823,-0.076612435,-0.083404,-0.1213824,-0.13072303,-0.13855581,-0.19385117,-0.09903288,-0.15516093,-0.19487974,-0.1907269,-0.18636474,-0.111050054,-0.14275682,-0.10285677,-0.15836498,-0.19372681,-0.17181379,-0.16889007,-0.1425314,-0.14215863,-0.101973794,-0.15287745,-0.16118662,-0.18064758,-0.1946336,-0.120989114,-0.14679775,-0.113707826,-0.080080174,-0.1424756,-0.20725825,-0.16038969,-0.125103,-0.15657571,-0.15690626,-0.14342049,-0.19202894,-0.16226968,-0.18130818,-0.2963242,-0.19811763,-0.180733,-0.17146513,-0.19259194,-0.15734234,-0.14054683,-0.13010633,-0.12557748,-0.13817953,-0.16278692,-0.30584824,-0.16662797,-0.18064356,-0.1922978,-0.11441202,-0.15013796,-0.14023869,-0.17746323,-0.16644488,-0.16400245,-0.14331086,-0.18237996,-0.12825674,-0.15307987,-0.13737938,-0.24156228,-0.17916615,-0.10303746,-0.1351111,-0.14149338,-0.1737632,-0.11035472,-0.13433406,-0.15156993,-0.15933393,-0.18155612,-0.1535168,-0.14873518,-0.19184028,-0.17512637,-0.16341758,-0.14723541,-0.14623587,-0.11499533,-0.10471026,-0.13466553,-0.20148799,-0.17648575,-0.12513243,-0.16561726,-0.18041904,-0.18738703,-0.11705899,-0.17538363,-0.2589426,-0.09256175,-0.092180446,-0.11466248,-0.1356135,-0.14766115,-0.09862709,-0.1882205
k__Bacteria|p__Bacteroidetes|c__Bacteroidia|o__Bacteroidales|f__Odoribacteraceae|g__Butyricimonas|s__Butyricimonas_virosa,-0.1004395,-0.12316422,-0.14118935,-0.20428483,-0.16681153,-0.19315258,-0.1666669,-0.14459911,-0.12481656,-0.18307276,-0.18352614,-0.21755844,-0.17010826,-0.20284396,-0.10267826,-0.098679714,-0.058144663,-0.09908977,-0.10731478,-0.17041476,-0.1978925,-0.12536043,-0.1360625,-0.15186876,-0.17099252,-0.11658599,-0.16766572,-0.17355403,-0.1509206,-0.12124001,-0.13491018,-0.10515826,-0.14796121,-0.194733,-0.18846455,-0.2175087,-0.1607016,-0.22338755,-0.1962804,-0.29867563,-0.29210672,-0.1967359,-0.106760055,-0.09162698,-0.13691942,-0.15487441,-0.23188588,-0.19380996,-0.14606415,-0.2026537,-0.18415268,-0.18279888,-0.19584903,-0.19646284,-0.19903462,-0.15744945,-0.12515292,-0.14331512,-0.091826625,-0.09497124,-0.17086563,-0.14204282,-0.13743341,-0.14658758,-0.12719077,-0.15133272,-0.2613474,-0.22333384,-0.18854126,-0.20047067,-0.14513204,-0.14892118,-0.12999141,-0.14208515,-0.14982358,-0.16342096,-0.14609563,-0.16278498,-0.1596508,-0.14998752,-0.14692315,-0.15675893,-0.15288217,-0.22480208,-0.120334074,-0.14121148,-0.117860034,-0.16052806,-0.17340614,-0.15544909,-0.16776603,-0.11139822,-0.1388583,-0.13027036,-0.12815118,-0.15152657,-0.14262833,-0.115140066,-0.10065024,-0.08995354,-0.10487209,-0.119854435,-0.13450006,-0.15027548,-0.16000806,-0.1185138,-0.11129953,-0.1578567,-0.17738779,-0.13294196,-0.1629608,-0.25953975,-0.14847437,-0.13235775,-0.14095634,-0.15095688,-0.17780018,-0.16357166,-0.22917573,-0.09015879,-0.11003232,-0.1342969,-0.12905183,-0.13997786,-0.17362297,-0.13908121,-0.16057305,-0.12777606,-0.07092635,-0.03704006,-0.13682175,-0.16163477,-0.17858845,-0.14332479,-0.12334781,-0.13580008,-0.12023825,-0.13745958,-0.25318068,-0.26654312,-0.083121374,-0.10945694,-0.14379476,-0.09238048,-0.18774055,-0.18970464,-0.15284349,-0.089904964,-0.13230102,-0.1493074,-0.14997041,-0.15851215,-0.17013004,-0.18299817,-0.08754344,-0.12333383,-0.14078575,-0.10256614,-0.17951453,-0.19495486,-0.19036964,-0.09944593,-0.13113372,-0.0780942,-0.12696524,-0.19006202,-0.19271761,-0.19117725,-0.1230108,-0.07517573,-0.09659573,-0.11785361,-0.13610646,-0.12406494,-0.121451,-0.09395546,-0.09619446,-0.10808699,-0.082459606,-0.11229092,-0.13191588,-0.1667028,-0.1410757,-0.13611907,-0.18093297,-0.17825818,-0.19361416,-0.14413159,-0.15549555,-0.13475005,-0.119081676,-0.14001076,-0.19117098,-0.19080228,-0.18119472,-0.19755594,-0.25103784,-0.20219928,-0.19034691,-0.1908043,-0.18218884,-0.17347357,-0.27554205,-0.08916744,-0.11956477,-0.12774935,-0.15751183,-0.20931396,-0.18224281,-0.29657933,-0.32474133,-0.15519586,-0.3242122,-0.17325558,-0.17108874,-0.2185038,-0.17647925,-0.114121355,-0.139813,-0.15388772,-0.15788373,-0.22984435,-0.18186735,-0.25210398,-0.10385999,-0.12455491,-0.13820305,-0.12359718,-0.15189947,-0.15461418,-0.15560855,-0.14014931,-0.15141064,-0.16242772,-0.15504491,-0.15310113,-0.15265776,-0.13349473,-0.122550264,-0.14609969,-0.18958104,-0.1765955,-0.21025829,-0.3990198,-0.20204723,-0.11303537,-0.1296617,-0.11772458,-0.147365,-0.16636807,-0.18624404,-0.19119675,-0.13148853,-0.076190054,-0.15225723,-0.13938996,-0.14106366,-0.11766649,-0.19987361,-0.1649412,-0.15886137,-0.14106798,-0.12318375,-0.12722544,-0.14610182,-0.2588673,-0.10679455,-0.13074079,-0.09132757,-0.12832497,-0.12857747,-0.14959514,-0.15144351,-0.095817775,-0.08910369,-0.12377061,-0.11005707,-0.13753578,-0.15045601,-0.16978899,-0.14244553,-0.11625317,-0.17370006,-0.15157877,-0.14195095,-0.124945305,-0.14162394,-0.17466888,-0.13176009,-0.1317812,-0.14538401,-0.12241111,-0.08722703,-0.05825615,-0.14307176,-0.17082691,-0.026243303,-0.16691862,-0.2829064,-0.31316653,-0.19763257,-0.14524645,-0.14331596,-0.14862512,-0.12963767,-0.25088155,-0.19323492,-0.18795833,-0.09410179,-0.10883628,-0.10702289,-0.0925239,-0.12759323,-0.15281197,-0.15746465,-0.16670746,-0.12812386,-0.0969081,-0.16398169,-0.14313734,-0.11335766,-0.18846886,-0.1706479,-0.15365979,-0.1253883,-0.115196005,-0.1121307,-0.11662802,-0.17587578,-0.13789235,-0.1338131,-0.096878245,-0.120572515,-0.09116162,-0.12434345,-0.13583067,-0.063823454,-0.13877153,-0.11419349,-0.13319655,-0.24483351,-0.2571875,-0.29957527,-0.14564411,-0.15635845,-0.13135242,-0.19104545,-0.0782174,-0.17178029,-0.1638481,-0.09859173,-0.11065883,-0.1144922,-0.076612435,-0.083404,-0.1213824,-0.13072303,-0.13855581,-0.19385117,-0.09837361,-0.15507239,-0.19487974,-0.19075912,-0.18634339,-0.110741556,-0.14311011,-0.102492906,-0.15837485,-0.19336051,-0.17185555,-0.16862012,-0.1423984,-0.14206827,-0.10133229,-0.15276492,-0.16138814,-0.1807372,-0.19448468,-0.12065698,-0.14691484,-0.11365078,-0.07965441,-0.14180714,-0.20725825,-0.16057949,-0.125103,-0.15657571,-0.15690626,-0.14359254,-0.19202894,-0.16225949,-0.1815277,-0.2963242,-0.1976438,-0.18060267,-0.1715787,-0.19244686,-0.15706486,-0.14054683,-0.12979439,-0.12557748,-0.13795537,-0.16266698,-0.30584824,-0.16683559,-0.18039757,-0.19252467,-0.11441202,-0.15003332,-0.14037323,-0.17772485,-0.16639622,-0.16423658,-0.14331086,-0.18237996,-0.12794462,-0.15310067,-0.13599356,-0.24156228,-0.17986062,-0.1026527,-0.1352604,-0.14129381,-0.17375763,-0.11010436,-0.1341698,-0.15166853,-0.15952334,-0.18191414,-0.1534262,-0.1483501,-0.19184028,-0.17510656,-0.16379856,-0.14723541,-0.14623587,-0.11499533,-0.10471026,-0.13434763,-0.20148799,-0.17667088,-0.12513243,-0.16686243,-0.18041904,-0.18738703,-0.11705899,-0.17550522,-0.25723785,-0.09211202,-0.09186289,-0.11432068,-0.13537699,-0.14738172,-0.09794492,-0.1885114
k__Bacteria|p__Bacteroidetes|c__Bacteroidia|o__Bacteroidales|f__Bacteroidales_unclassified|g__Bacteroidales_unclassified|s__Bacteroidales_bacterium,-0.1004395,-0.12316422,-0.14134921,-0.20428483,-0.1673091,-0.19335452,-0.1666669,-0.14513338,-0.1250777,-0.18367712,-0.1832509,-0.21926925,-0.16926852,-0.20318487,-0.103129596,-0.09918427,-0.058144663,-0.0994367,-0.107639834,-0.17070565,-0.1978925,-0.12536043,-0.13637748,-0.15234184,-0.17139398,-0.11658599,-0.16778716,-0.17413025,-0.1509206,-0.12124001,-0.13528866,-0.10554555,-0.14820147,-0.19524576,-0.18876214,-0.2175087,-0.16147599,-0.22338755,-0.19697547,-0.29867563,-0.29210672,-0.19682924,-0.10727322,-0.09162698,-0.13691942,-0.15511252,-0.23188588,-0.19377714,-0.14649102,-0.2026537,-0.18506202,-0.18279888,-0.19657865,-0.19664294,-0.19965212,-0.15757641,-0.12559894,-0.14370486,-0.09231703,-0.09547751,-0.171273,-0.14244983,-0.13743341,-0.1469731,-0.12719077,-0.1514822,-0.2613474,-0.22333384,-0.18893425,-0.20047067,-0.1456554,-0.14934632,-0.13039476,-0.1423538,-0.15034382,-0.16418219,-0.14685331,-0.16278498,-0.1600569,-0.14998752,-0.14724433,-0.15703928,-0.15315774,-0.22480208,-0.120334074,-0.14145267,-0.11819202,-0.16100499,-0.17400943,-0.15559585,-0.16812739,-0.11139822,-0.1388583,-0.13027036,-0.1285209,-0.15152657,-0.14281863,-0.115711756,-0.10065024,-0.09037003,-0.105279535,-0.12035292,-0.13483766,-0.15027548,-0.1604914,-0.1185138,-0.11129953,-0.1578567,-0.17738779,-0.13345009,-0.16336839,-0.25953975,-0.14886916,-0.1325688,-0.14118508,-0.15095688,-0.17780018,-0.16372779,-0.22917573,-0.09015879,-0.110238135,-0.13465935,-0.12944564,-0.13997786,-0.17375094,-0.13908121,-0.16057305,-0.12777606,-0.07092635,-0.03704006,-0.13694231,-0.16186234,-0.17901269,-0.14332479,-0.12334781,-0.13600612,-0.12023825,-0.13777347,-0.25318068,-0.26654312,-0.08348309,-0.10945694,-0.14415702,-0.09238048,-0.18762654,-0.18991944,-0.15275516,-0.09022969,-0.13230102,-0.14953691,-0.15027487,-0.15891725,-0.17049313,-0.18356793,-0.087815806,-0.12383503,-0.14129296,-0.10256614,-0.17951453,-0.19495486,-0.19096325,-0.09990105,-0.13113372,-0.07851502,-0.12713781,-0.19006202,-0.19311881,-0.19142766,-0.123559676,-0.07568383,-0.097055286,-0.1182021,-0.1363464,-0.12406494,-0.121451,-0.09437448,-0.09650629,-0.10834787,-0.082459606,-0.11256076,-0.13207002,-0.16716322,-0.1410757,-0.13646355,-0.18093297,-0.17825818,-0.19380774,-0.14437677,-0.15549555,-0.13526532,-0.119081676,-0.14001076,-0.19117098,-0.19107485,-0.18149343,-0.19755594,-0.25103784,-0.20219928,-0.19026479,-0.1910569,-0.18233404,-0.17348689,-0.27554205,-0.08916744,-0.11956477,-0.1277715,-0.15751183,-0.20931396,-0.18224281,-0.29657933,-0.32474133,-0.15282367,-0.3242122,-0.17325558,-0.17108874,-0.2185038,-0.17647925,-0.114121355,-0.14002658,-0.15388772,-0.15788373,-0.22984435,-0.18186735,-0.25283647,-0.10422936,-0.12455491,-0.13846692,-0.12396969,-0.15189947,-0.15493043,-0.1562679,-0.14014931,-0.15141064,-0.16305728,-0.15545642,-0.153547,-0.15293434,-0.13377854,-0.12299304,-0.14643681,-0.19000629,-0.1768269,-0.21025829,-0.3990198,-0.199861,-0.11337331,-0.1296617,-0.11816746,-0.14763114,-0.16636807,-0.1866168,-0.19159941,-0.13163896,-0.07662898,-0.15273541,-0.13966958,-0.14106366,-0.11811434,-0.19987361,-0.1649412,-0.1590927,-0.14121741,-0.1233944,-0.12722544,-0.14610182,-0.2588673,-0.10708089,-0.13074079,-0.09132757,-0.12832497,-0.1289365,-0.14974888,-0.15195943,-0.09626461,-0.08910369,-0.12404292,-0.11031712,-0.13767885,-0.15066466,-0.17019907,-0.14287458,-0.11642718,-0.17387725,-0.15180086,-0.14220564,-0.12518759,-0.14209402,-0.17466888,-0.13176009,-0.13210136,-0.14572248,-0.122871965,-0.08722703,-0.05825615,-0.14342052,-0.17082691,-0.026243303,-0.16692965,-0.2829064,-0.31316653,-0.19686304,-0.14566395,-0.14331596,-0.14862512,-0.12963767,-0.25088155,-0.19364463,-0.18843813,-0.09443626,-0.10934132,-0.10702289,-0.09312281,-0.12759323,-0.15284097,-0.15746465,-0.16730703,-0.12812386,-0.0969081,-0.16398169,-0.14354838,-0.11335766,-0.18846886,-0.1706479,-0.15404947,-0.1258527,-0.115196005,-0.11258705,-0.11662802,-0.17618792,-0.13840073,-0.13430479,-0.096878245,-0.12086124,-0.09154686,-0.12434345,-0.1361365,-0.063823454,-0.13877153,-0.11419349,-0.13347045,-0.24483351,-0.2571875,-0.29957527,-0.14607063,-0.15671705,-0.13177879,-0.19104545,-0.0782174,-0.17207593,-0.16426952,-0.09859173,-0.11065883,-0.114914,-0.076612435,-0.083404,-0.1213824,-0.13072303,-0.13855581,-0.19385117,-0.09882189,-0.15547863,-0.19487974,-0.19106847,-0.18665951,-0.11112967,-0.14315867,-0.10298847,-0.15919162,-0.19383627,-0.17222698,-0.16887629,-0.14276597,-0.14250246,-0.10153833,-0.15293273,-0.1617696,-0.1808815,-0.19474341,-0.12105541,-0.14735055,-0.11399691,-0.079979286,-0.14218956,-0.20725825,-0.16108584,-0.125103,-0.15657571,-0.15690626,-0.14379987,-0.19202894,-0.16259587,-0.18198845,-0.2963242,-0.19737276,-0.18046744,-0.17149083,-0.19234931,-0.15712282,-0.14054683,-0.13015054,-0.12557748,-0.13817221,-0.16272204,-0.30584824,-0.16686653,-0.18090674,-0.19295906,-0.11441202,-0.15018117,-0.14055312,-0.177943,-0.16683507,-0.16466808,-0.14331086,-0.18237996,-0.1283153,-0.15317544,-0.13644788,-0.24156228,-0.17986515,-0.103070185,-0.13537027,-0.14176014,-0.17431256,-0.11029212,-0.13432544,-0.15224037,-0.16008419,-0.18210979,-0.15381241,-0.14880784,-0.19184028,-0.17537904,-0.16437927,-0.14723541,-0.14623587,-0.11499533,-0.10471026,-0.13446993,-0.20148799,-0.17719874,-0.12513243,-0.16671371,-0.18041904,-0.18738703,-0.11705899,-0.17631778,-0.2581587,-0.09250861,-0.09221463,-0.114611164,-0.13571534,-0.14768307,-0.09814633,-0.18887511
k__Bacteria|p__Bacteroidetes|c__Bacteroidia|o__Bacteroidales|f__Barnesiellaceae|g__Coprobacter|s__Coprobacter_fastidiosus,-0.1004395,-0.12316422,-0.14185587,-0.20428483,-0.16678716,-0.1944917,-0.1666669,-0.14523822,-0.124250464,-0.1839566,-0.18284586,-0.23729172,-0.17015389,-0.20991394,-0.10319806,-0.09993975,-0.058144663,-0.09998445,-0.10760224,-0.1712279,-0.1978925,-0.12536043,-0.13633394,-0.15258218,-0.17226234,-0.11658599,-0.16692674,-0.17436877,-0.1509206,-0.12124001,-0.13467157,-0.10566467,-0.14823371,-0.1973791,-0.19020253,-0.2175087,-0.16048995,-0.22338755,-0.19826992,-0.29867563,-0.29210672,-0.20045808,-0.1074315,-0.09162698,-0.13691942,-0.15504292,-0.23188588,-0.19449757,-0.14693302,-0.2026537,-0.18262069,-0.18279888,-0.19855906,-0.20122166,-0.20880891,-0.15907836,-0.12594363,-0.14427091,-0.09189863,-0.09571148,-0.17162523,-0.14246988,-0.13743341,-0.1471443,-0.12719077,-0.15110615,-0.2613474,-0.22333384,-0.18928346,-0.20047067,-0.14622581,-0.1493927,-0.13111803,-0.14329928,-0.15183854,-0.16463721,-0.1468755,-0.16278498,-0.1590427,-0.14998752,-0.14699382,-0.15727845,-0.15342851,-0.22480208,-0.120334074,-0.14156598,-0.11833313,-0.16147268,-0.174678,-0.15563819,-0.16835976,-0.11139822,-0.1388583,-0.13027036,-0.12863618,-0.15152657,-0.14171919,-0.115302734,-0.10065024,-0.090174496,-0.1056878,-0.12088886,-0.13530359,-0.15027548,-0.1604922,-0.1185138,-0.11129953,-0.1578567,-0.17738779,-0.13451032,-0.16395834,-0.25953975,-0.14865679,-0.13239725,-0.14208004,-0.15095688,-0.17780018,-0.16381851,-0.22917573,-0.09015879,-0.10944176,-0.13464594,-0.1299723,-0.13997786,-0.1737985,-0.13908121,-0.16057305,-0.12777606,-0.07092635,-0.03704006,-0.13718498,-0.16243628,-0.17919263,-0.14332479,-0.12334781,-0.13528498,-0.12023825,-0.13861421,-0.25318068,-0.26654312,-0.08328981,-0.10945694,-0.14499953,-0.09238048,-0.18800616,-0.19092417,-0.15307689,-0.09018802,-0.13230102,-0.14947537,-0.15046263,-0.15938666,-0.17093788,-0.18471748,-0.08772244,-0.12415221,-0.14147057,-0.10256614,-0.17951453,-0.19495486,-0.19258377,-0.10009602,-0.13113372,-0.08063869,-0.12832646,-0.19006202,-0.194368,-0.1925374,-0.12353886,-0.07498355,-0.097340375,-0.11872831,-0.13663015,-0.12406494,-0.121451,-0.09474649,-0.09673965,-0.108492345,-0.082459606,-0.11314127,-0.13240856,-0.16760203,-0.1410757,-0.13597983,-0.18093297,-0.17825818,-0.19543138,-0.1450518,-0.15549555,-0.13585535,-0.119081676,-0.14001076,-0.19117098,-0.19228327,-0.18163526,-0.19755594,-0.25103784,-0.20219928,-0.18990466,-0.19121124,-0.18299615,-0.17419091,-0.27554205,-0.08916744,-0.11956477,-0.12714937,-0.15751183,-0.20931396,-0.18224281,-0.29657933,-0.32474133,-0.15047958,-0.3242122,-0.17325558,-0.17108874,-0.2185038,-0.17647925,-0.114121355,-0.13950084,-0.15388772,-0.15788373,-0.22984435,-0.18186735,-0.2634041,-0.104442954,-0.12455491,-0.13830554,-0.12414324,-0.15189947,-0.15556747,-0.15664104,-0.14014931,-0.15141064,-0.16355033,-0.15515585,-0.15369084,-0.15317428,-0.13417605,-0.1227431,-0.14589033,-0.19091055,-0.17745961,-0.21025829,-0.3990198,-0.20626068,-0.11350557,-0.1296617,-0.119124025,-0.14796388,-0.16636807,-0.18722817,-0.19212654,-0.13119864,-0.07648246,-0.15361208,-0.13962999,-0.14106366,-0.1176686,-0.19987361,-0.1649412,-0.15800118,-0.14170358,-0.12357145,-0.12722544,-0.14610182,-0.2588673,-0.10726977,-0.13074079,-0.09132757,-0.12832497,-0.12926142,-0.14946377,-0.1521002,-0.09630649,-0.08910369,-0.124451764,-0.110452466,-0.13799375,-0.15070397,-0.17112386,-0.14298202,-0.11569697,-0.17427206,-0.1517632,-0.1425874,-0.12551549,-0.14231992,-0.17466888,-0.13176009,-0.13227986,-0.14594147,-0.123222396,-0.08722703,-0.05825615,-0.14352576,-0.17082691,-0.026243303,-0.16650522,-0.2829064,-0.31316653,-0.2003519,-0.1458749,-0.14331596,-0.14862512,-0.12963767,-0.25088155,-0.19535013,-0.18938208,-0.094323285,-0.10942045,-0.10702289,-0.094599284,-0.12759323,-0.15274933,-0.15746465,-0.16752243,-0.12812386,-0.0969081,-0.16398169,-0.143996,-0.11335766,-0.18846886,-0.1706479,-0.15395495,-0.12580991,-0.115196005,-0.113231465,-0.11662802,-0.17653577,-0.1387487,-0.13486773,-0.096878245,-0.12149267,-0.09172857,-0.12434345,-0.13541299,-0.063823454,-0.13877153,-0.11419349,-0.13381915,-0.24483351,-0.2571875,-0.29957527,-0.14657387,-0.15706216,-0.13255912,-0.19104545,-0.0782174,-0.17318165,-0.16452168,-0.09859173,-0.11065883,-0.11403251,-0.076612435,-0.083404,-0.1213824,-0.13072303,-0.13855581,-0.19385117,-0.099608354,-0.15578178,-0.19487974,-0.19129908,-0.1876864,-0.11117098,-0.14292693,-0.10306757,-0.15988475,-0.1951237,-0.17418689,-0.16913691,-0.14293155,-0.14292695,-0.10147576,-0.15342502,-0.16165285,-0.18100831,-0.19628347,-0.121384025,-0.14769268,-0.11320168,-0.079625696,-0.14357081,-0.20725825,-0.16088292,-0.125103,-0.15657571,-0.15690626,-0.1435321,-0.19202894,-0.162512,-0.18244591,-0.2963242,-0.19902243,-0.18132949,-0.17171055,-0.19390304,-0.15773898,-0.14054683,-0.13042943,-0.12557748,-0.1382802,-0.16347378,-0.30584824,-0.16623616,-0.18177304,-0.19299728,-0.11441202,-0.15075713,-0.14064205,-0.17829764,-0.16723907,-0.1648978,-0.14331086,-0.18237996,-0.12801543,-0.15324455,-0.13794053,-0.24156228,-0.1792896,-0.10329838,-0.13486576,-0.14238498,-0.17514047,-0.10999685,-0.1344691,-0.15272653,-0.16058798,-0.18173368,-0.15496716,-0.14968053,-0.19184028,-0.1755453,-0.16449071,-0.14723541,-0.14623587,-0.11499533,-0.10471026,-0.13529724,-0.20148799,-0.17748377,-0.12513243,-0.16488093,-0.18041904,-0.18738703,-0.11705899,-0.17755386,-0.2625754,-0.092558905,-0.09216255,-0.11462276,-0.13641854,-0.14844769,-0.09836955,-0.18978578
k__Bacteria|p__Bacteroidetes|c__Bacteroidia|o__Bacteroidales|f__Odoribacteraceae|g__Odoribacter|s__Odoribacter_splanchnicus,-0.1004395,-0.12316422,-0.14131002,-0.20428483,-0.16693336,-0.19270009,-0.1666669,-0.14491525,-0.12500307,-0.18302935,-0.18268265,-0.22057277,-0.16861416,-0.20260328,-0.10319646,-0.09890283,-0.058144663,-0.09977139,-0.10775496,-0.1704877,-0.1978925,-0.12536043,-0.13615525,-0.1521948,-0.17100987,-0.11658599,-0.16747296,-0.17358097,-0.1509206,-0.12124001,-0.13529636,-0.10567177,-0.14831597,-0.194785,-0.18884367,-0.2175087,-0.16043109,-0.22338755,-0.19652957,-0.29867563,-0.29210672,-0.19748417,-0.10718939,-0.09162698,-0.13691942,-0.15485574,-0.23188588,-0.19338697,-0.14643298,-0.2026537,-0.18354023,-0.18279888,-0.19615537,-0.19657376,-0.20152414,-0.15721898,-0.12568158,-0.14361635,-0.09223481,-0.09558943,-0.17104712,-0.1422076,-0.13743341,-0.14677675,-0.12719077,-0.15102857,-0.2613474,-0.22333384,-0.18838206,-0.20047067,-0.14547047,-0.14907217,-0.13059083,-0.14246356,-0.15041387,-0.16362017,-0.1464889,-0.16278498,-0.15892604,-0.14998752,-0.14728034,-0.15675622,-0.15302199,-0.22480208,-0.120334074,-0.14145344,-0.11824165,-0.16071665,-0.17364317,-0.1553622,-0.16800962,-0.11139822,-0.1388583,-0.13027036,-0.12872165,-0.15152657,-0.14291607,-0.1154042,-0.10065024,-0.09056927,-0.10549556,-0.120396115,-0.13500726,-0.15027548,-0.1603162,-0.1185138,-0.11129953,-0.1578567,-0.17738779,-0.13281485,-0.16371669,-0.25953975,-0.14848684,-0.13256148,-0.14140919,-0.15095688,-0.17780018,-0.16327322,-0.22917573,-0.09015879,-0.11033986,-0.13468413,-0.12944895,-0.13997786,-0.17353238,-0.13908121,-0.16057305,-0.12777606,-0.07092635,-0.03704006,-0.13727984,-0.16212712,-0.17856142,-0.14332479,-0.12334781,-0.13584259,-0.12023825,-0.13840516,-0.25318068,-0.26654312,-0.08374354,-0.10945694,-0.14450327,-0.09238048,-0.18762757,-0.19005355,-0.15313315,-0.09048368,-0.13230102,-0.14947443,-0.15008232,-0.15856105,-0.17021905,-0.18342029,-0.08805679,-0.123379424,-0.14084812,-0.10256614,-0.17951453,-0.19495486,-0.19038655,-0.10026983,-0.13113372,-0.079357564,-0.1279975,-0.19006202,-0.19282141,-0.1912655,-0.12343677,-0.07553927,-0.09707635,-0.11839977,-0.13656697,-0.12406494,-0.121451,-0.09448935,-0.096721366,-0.10866767,-0.082459606,-0.11284278,-0.13250214,-0.16691472,-0.1410757,-0.13630947,-0.18093297,-0.17825818,-0.19344705,-0.14470726,-0.15549555,-0.1352608,-0.119081676,-0.14001076,-0.19117098,-0.19046465,-0.18074638,-0.19755594,-0.25103784,-0.20219928,-0.19008702,-0.19080167,-0.18214498,-0.17377554,-0.27554205,-0.08916744,-0.11956477,-0.12836146,-0.15751183,-0.20931396,-0.18224281,-0.29657933,-0.32474133,-0.15346308,-0.3242122,-0.17325558,-0.17108874,-0.2185038,-0.17647925,-0.114121355,-0.13988331,-0.15388772,-0.15788373,-0.22984435,-0.18186735,-0.2531271,-0.10443073,-0.12455491,-0.1385895,-0.12429464,-0.15189947,-0.15500785,-0.15614629,-0.14014931,-0.15141064,-0.16281956,-0.15507668,-0.15325908,-0.15302378,-0.13384429,-0.12314329,-0.14613232,-0.18970956,-0.17660178,-0.21025829,-0.3990198,-0.20085678,-0.11347439,-0.1296617,-0.11825048,-0.14800055,-0.16636807,-0.18630813,-0.19125329,-0.13184333,-0.076781355,-0.15298216,-0.13997501,-0.14106366,-0.11803542,-0.19987361,-0.1649412,-0.15858045,-0.14135112,-0.12369024,-0.12722544,-0.14610182,-0.2588673,-0.107396305,-0.13074079,-0.09132757,-0.12832497,-0.12925082,-0.15004477,-0.1517179,-0.09637072,-0.08910369,-0.124374926,-0.11076552,-0.13781047,-0.1509035,-0.16999446,-0.14289606,-0.11668661,-0.1736102,-0.15189157,-0.14231616,-0.12541094,-0.14175834,-0.17466888,-0.13176009,-0.13216817,-0.14562656,-0.122886784,-0.08722703,-0.05825615,-0.14345929,-0.17082691,-0.026243303,-0.16654657,-0.2829064,-0.31316653,-0.19688928,-0.14548883,-0.14331596,-0.14862512,-0.12963767,-0.25088155,-0.19303012,-0.18807483,-0.09497208,-0.10916706,-0.10702289,-0.09353119,-0.12759323,-0.15297312,-0.15746465,-0.16642444,-0.12812386,-0.0969081,-0.16398169,-0.14366606,-0.11335766,-0.18846886,-0.1706479,-0.15366441,-0.12557155,-0.115196005,-0.11273892,-0.11662802,-0.17569391,-0.13831717,-0.13424337,-0.096878245,-0.12092284,-0.09194563,-0.12434345,-0.13604376,-0.063823454,-0.13877153,-0.11419349,-0.13398263,-0.24483351,-0.2571875,-0.29957527,-0.14593357,-0.15639427,-0.13204417,-0.19104545,-0.0782174,-0.17182188,-0.16411014,-0.09859173,-0.11065883,-0.114958905,-0.076612435,-0.083404,-0.1213824,-0.13072303,-0.13855581,-0.19385117,-0.09886495,-0.15551189,-0.19487974,-0.1907239,-0.18641198,-0.11142281,-0.14306267,-0.10293419,-0.15892228,-0.19304478,-0.17207152,-0.16921836,-0.1427336,-0.14219825,-0.10183233,-0.15320462,-0.16114017,-0.18067916,-0.19439763,-0.121257946,-0.14716001,-0.11395169,-0.0801275,-0.14281851,-0.20725825,-0.16074358,-0.125103,-0.15657571,-0.15690626,-0.14331707,-0.19202894,-0.16252543,-0.1817401,-0.2963242,-0.19707978,-0.1808719,-0.17176242,-0.19264102,-0.15748498,-0.14054683,-0.13037091,-0.12557748,-0.13838643,-0.16340604,-0.30584824,-0.16662377,-0.18095632,-0.19214065,-0.11441202,-0.15075779,-0.14056751,-0.17762873,-0.16657856,-0.16422121,-0.14331086,-0.18237996,-0.12821475,-0.15300187,-0.13714388,-0.24156228,-0.17955422,-0.10327883,-0.13525152,-0.14169247,-0.17419282,-0.11050193,-0.13470227,-0.15216026,-0.15946236,-0.18145877,-0.15374592,-0.14894414,-0.19184028,-0.17521666,-0.16382375,-0.14723541,-0.14623587,-0.11499533,-0.10471026,-0.1350421,-0.20148799,-0.1768888,-0.12513243,-0.16529603,-0.18041904,-0.18738703,-0.11705899,-0.17580023,-0.2578858,-0.09262049,-0.09236099,-0.114884056,-0.13585198,-0.14780207,-0.09870376,-0.18867369
k__Bacteria|p__Bacteroidetes|c__Bacteroidia|o__Bacteroidales|f__Rikenellaceae|g__Alistipes|s__Alistipes_shahii,-0.1004395,-0.12316422,-0.14186636,-0.20428483,-0.16713543,-0.19344532,-0.1666669,-0.14490607,-0.12506871,-0.18317594,-0.18392745,-0.22551012,-0.168638,-0.20498303,-0.10299893,-0.09903149,-0.058144663,-0.09932596,-0.10758215,-0.17077486,-0.1978925,-0.12536043,-0.13616629,-0.15201227,-0.1712711,-0.11658599,-0.16733567,-0.17368545,-0.1509206,-0.12124001,-0.13495928,-0.10563282,-0.14817677,-0.19571733,-0.18875544,-0.2175087,-0.16128403,-0.22338755,-0.19716328,-0.29867563,-0.29210672,-0.19786632,-0.106999606,-0.09162698,-0.13691942,-0.15499827,-0.23188588,-0.1939049,-0.14638649,-0.2026537,-0.1845689,-0.18279888,-0.19738144,-0.19832122,-0.20274724,-0.15694922,-0.12551019,-0.14357696,-0.091909334,-0.09536266,-0.17101943,-0.14214824,-0.13743341,-0.14681444,-0.12719077,-0.15119377,-0.2613474,-0.22333384,-0.18900236,-0.20047067,-0.14543599,-0.14906645,-0.1304828,-0.14251314,-0.15015979,-0.16382535,-0.14623201,-0.16278498,-0.15972999,-0.14998752,-0.1469053,-0.1570734,-0.15309685,-0.22480208,-0.120334074,-0.14130712,-0.11816895,-0.16068843,-0.17386295,-0.15575173,-0.16781197,-0.11139822,-0.1388583,-0.13027036,-0.12834619,-0.15152657,-0.1424622,-0.11526649,-0.10065024,-0.090276495,-0.10513611,-0.120250106,-0.13474602,-0.15027548,-0.16003177,-0.1185138,-0.11129953,-0.1578567,-0.17738779,-0.13338146,-0.16391155,-0.25953975,-0.1486394,-0.1326018,-0.14145453,-0.15095688,-0.17780018,-0.16410358,-0.22917573,-0.09015879,-0.11005403,-0.13461381,-0.12942523,-0.13997786,-0.17376322,-0.13908121,-0.16057305,-0.12777606,-0.07092635,-0.03704006,-0.13715106,-0.16181192,-0.17869593,-0.14332479,-0.12334781,-0.13564579,-0.12023825,-0.1377169,-0.25318068,-0.26654312,-0.083164975,-0.10945694,-0.14390199,-0.09238048,-0.18761902,-0.19021834,-0.15273288,-0.09001911,-0.13230102,-0.1494314,-0.15023907,-0.15878199,-0.17044342,-0.18307044,-0.087702066,-0.12367062,-0.14100227,-0.10256614,-0.17951453,-0.19495486,-0.1908047,-0.099831864,-0.13113372,-0.07913812,-0.12743846,-0.19006202,-0.19319549,-0.19148661,-0.123148486,-0.07518687,-0.09689234,-0.11834045,-0.13626918,-0.12406494,-0.121451,-0.0942952,-0.096470065,-0.108196035,-0.082459606,-0.11258793,-0.13197352,-0.16678822,-0.1410757,-0.13631755,-0.18093297,-0.17825818,-0.19411296,-0.14454459,-0.15549555,-0.13515154,-0.119081676,-0.14001076,-0.19117098,-0.19126858,-0.18157673,-0.19755594,-0.25103784,-0.20219928,-0.1902327,-0.19122379,-0.18240617,-0.17396495,-0.27554205,-0.08916744,-0.11956477,-0.12779105,-0.15751183,-0.20931396,-0.18224281,-0.29657933,-0.32474133,-0.15349762,-0.3242122,-0.17325558,-0.17108874,-0.2185038,-0.17647925,-0.114121355,-0.13992968,-0.15388772,-0.15788373,-0.22984435,-0.18186735,-0.25660294,-0.10417213,-0.12455491,-0.13829646,-0.12383443,-0.15189947,-0.15471438,-0.15581185,-0.14014931,-0.15141064,-0.16269681,-0.15526432,-0.15332368,-0.15303701,-0.1336509,-0.122749254,-0.1463036,-0.18975343,-0.17730089,-0.21025829,-0.3990198,-0.20269398,-0.11324039,-0.1296617,-0.11831676,-0.14761177,-0.16636807,-0.18631428,-0.19149081,-0.13152127,-0.0762897,-0.15268312,-0.13947213,-0.14106366,-0.117999256,-0.19987361,-0.1649412,-0.15888381,-0.14141564,-0.12334059,-0.12722544,-0.14610182,-0.2588673,-0.107103705,-0.13074079,-0.09132757,-0.12832497,-0.12868854,-0.14965248,-0.15138617,-0.09601047,-0.08910369,-0.12398188,-0.11029133,-0.13766485,-0.15065464,-0.16996382,-0.14275599,-0.116190776,-0.17376907,-0.1517815,-0.14203677,-0.12535487,-0.14167017,-0.17466888,-0.13176009,-0.13192564,-0.14561832,-0.12262299,-0.08722703,-0.05825615,-0.14332359,-0.17082691,-0.026243303,-0.16713575,-0.2829064,-0.31316653,-0.19822183,-0.14547086,-0.14331596,-0.14862512,-0.12963767,-0.25088155,-0.19389307,-0.18825993,-0.094280556,-0.10903282,-0.10702289,-0.0930699,-0.12759323,-0.15287185,-0.15746465,-0.16704442,-0.12812386,-0.0969081,-0.16398169,-0.14315963,-0.11335766,-0.18846886,-0.1706479,-0.15384537,-0.1255221,-0.115196005,-0.11253281,-0.11662802,-0.17568283,-0.13825251,-0.1340613,-0.096878245,-0.12092813,-0.0913056,-0.12434345,-0.13556829,-0.063823454,-0.13877153,-0.11419349,-0.13346455,-0.24483351,-0.2571875,-0.29957527,-0.14606218,-0.15651625,-0.1319632,-0.19104545,-0.0782174,-0.17223117,-0.16399138,-0.09859173,-0.11065883,-0.11433903,-0.076612435,-0.083404,-0.1213824,-0.13072303,-0.13855581,-0.19385117,-0.098710254,-0.15558547,-0.19487974,-0.1910966,-0.18663514,-0.11097707,-0.14289969,-0.10271098,-0.15879473,-0.19415966,-0.17243731,-0.16877925,-0.14268282,-0.14235434,-0.10177471,-0.15301308,-0.16155174,-0.18095079,-0.19497435,-0.120941475,-0.14709622,-0.113698795,-0.07974607,-0.14280005,-0.20725825,-0.16071829,-0.125103,-0.15657571,-0.15690626,-0.14373031,-0.19202894,-0.1625075,-0.18151289,-0.2963242,-0.19880684,-0.18097726,-0.17167264,-0.19297442,-0.15749864,-0.14054683,-0.13011616,-0.12557748,-0.1381909,-0.16295072,-0.30584824,-0.16693822,-0.18064149,-0.19272496,-0.11441202,-0.15017226,-0.14048874,-0.17793776,-0.16675405,-0.16421752,-0.14331086,-0.18237996,-0.12839687,-0.15323213,-0.13726808,-0.24156228,-0.17969222,-0.102905825,-0.13525413,-0.14157121,-0.17417789,-0.1100763,-0.1344215,-0.15169647,-0.15976518,-0.18199532,-0.15362343,-0.14885142,-0.19184028,-0.17540258,-0.16374028,-0.14723541,-0.14623587,-0.11499533,-0.10471026,-0.13472107,-0.20148799,-0.17675664,-0.12513243,-0.16618171,-0.18041904,-0.18738703,-0.11705899,-0.17555112,-0.25927067,-0.092358306,-0.09195852,-0.11462274,-0.13571888,-0.14771007,-0.09825158,-0.18860209
k__Bacteria|p__Bacteroidetes|c__CFGB618|o__OFGB618|f__FGB618|g__GGB1455|s__GGB1455_SGB2018,-0.1004395,-0.12316422,-0.14090887,-0.20428483,-0.16731325,-0.19385953,-0.1666669,-0.14560094,-0.12481434,-0.18455485,-0.18298201,-0.21713418,-0.1686997,-0.2023611,-0.10287676,-0.098433845,-0.058144663,-0.09996008,-0.10739447,-0.17145094,-0.1978925,-0.12536043,-0.13696781,-0.15333301,-0.17172801,-0.11658599,-0.16827092,-0.17514125,-0.1509206,-0.12124001,-0.13548042,-0.10482396,-0.1484396,-0.19521236,-0.1894741,-0.2175087,-0.16114995,-0.22338755,-0.1964061,-0.29867563,-0.29210672,-0.1973382,-0.10725162,-0.09162698,-0.13691942,-0.15521191,-0.23188588,-0.19411449,-0.1468521,-0.2026537,-0.1847907,-0.18279888,-0.19628444,-0.19644976,-0.19982249,-0.15876824,-0.12584478,-0.14410144,-0.092593566,-0.095335074,-0.17205718,-0.14325872,-0.13743341,-0.14732313,-0.12719077,-0.15152183,-0.2613474,-0.22333384,-0.18944201,-0.20047067,-0.14637902,-0.14975289,-0.1304423,-0.14267,-0.15168372,-0.16524373,-0.14772162,-0.16278498,-0.15977772,-0.14998752,-0.14769657,-0.15710771,-0.15381816,-0.22480208,-0.120334074,-0.14174788,-0.11822913,-0.16202521,-0.17488565,-0.15563893,-0.16890329,-0.11139822,-0.1388583,-0.13027036,-0.1290004,-0.15152657,-0.14329392,-0.11592239,-0.10065024,-0.089907594,-0.10534706,-0.120529555,-0.13519439,-0.15027548,-0.16120103,-0.1185138,-0.11129953,-0.1578567,-0.17738779,-0.13388416,-0.1630713,-0.25953975,-0.14904907,-0.13235557,-0.14121425,-0.15095688,-0.17780018,-0.16350421,-0.22917573,-0.09015879,-0.1102533,-0.13484424,-0.12958342,-0.13997786,-0.17389932,-0.13908121,-0.16057305,-0.12777606,-0.07092635,-0.03704006,-0.13701934,-0.16270393,-0.17973076,-0.14332479,-0.12334781,-0.13597384,-0.12023825,-0.13824613,-0.25318068,-0.26654312,-0.08337772,-0.10945694,-0.14492317,-0.09238048,-0.18821383,-0.19024248,-0.15275034,-0.09012756,-0.13230102,-0.14979428,-0.15048781,-0.1593415,-0.1709522,-0.18485518,-0.08741453,-0.12404339,-0.14143519,-0.10256614,-0.17951453,-0.19495486,-0.19174704,-0.100003794,-0.13113372,-0.07817425,-0.1272997,-0.19006202,-0.1936334,-0.19189739,-0.12429464,-0.07514314,-0.09686327,-0.11796467,-0.13659799,-0.12406494,-0.121451,-0.09424373,-0.096067294,-0.10824909,-0.082459606,-0.11251171,-0.13248308,-0.16802292,-0.1410757,-0.13637769,-0.18093297,-0.17825818,-0.19383448,-0.14449617,-0.15549555,-0.13566753,-0.119081676,-0.14001076,-0.19117098,-0.19102442,-0.18167247,-0.19755594,-0.25103784,-0.20219928,-0.19075984,-0.1910782,-0.18260247,-0.17339039,-0.27554205,-0.08916744,-0.11956477,-0.12766437,-0.15751183,-0.20931396,-0.18224281,-0.29657933,-0.32474133,-0.15094934,-0.3242122,-0.17325558,-0.17108874,-0.2185038,-0.17647925,-0.114121355,-0.13983573,-0.15388772,-0.15788373,-0.22984435,-0.18186735,-0.24990204,-0.10418927,-0.12455491,-0.13876411,-0.12428,-0.15189947,-0.15591606,-0.15723675,-0.14014931,-0.15141064,-0.16411783,-0.1556958,-0.15411815,-0.1529889,-0.13365519,-0.12314273,-0.146582,-0.1910882,-0.17732108,-0.21025829,-0.3990198,-0.19932967,-0.11343506,-0.1296617,-0.11831718,-0.14809328,-0.16636807,-0.18777817,-0.19195965,-0.13173251,-0.07618404,-0.15348709,-0.13981698,-0.14106366,-0.11909102,-0.19987361,-0.1649412,-0.15892729,-0.14116105,-0.12336485,-0.12722544,-0.14610182,-0.2588673,-0.10702626,-0.13074079,-0.09132757,-0.12832497,-0.1296024,-0.1501734,-0.15285763,-0.096257,-0.08910369,-0.124270596,-0.11019555,-0.1379305,-0.15101829,-0.1709004,-0.14328778,-0.11648896,-0.17451449,-0.15216492,-0.14275742,-0.12501246,-0.14306869,-0.17466888,-0.13176009,-0.1323625,-0.14603879,-0.12301247,-0.08722703,-0.05825615,-0.14382905,-0.17082691,-0.026243303,-0.16630736,-0.2829064,-0.31316653,-0.19688553,-0.14608473,-0.14331596,-0.14862512,-0.12963767,-0.25088155,-0.19398603,-0.18923888,-0.094454445,-0.10940468,-0.10702289,-0.093501,-0.12759323,-0.1531876,-0.15746465,-0.16761282,-0.12812386,-0.0969081,-0.16398169,-0.1445729,-0.11335766,-0.18846886,-0.1706479,-0.1542409,-0.12607926,-0.115196005,-0.11268574,-0.11662802,-0.1770033,-0.13884565,-0.13458024,-0.096878245,-0.12073663,-0.09162372,-0.12434345,-0.13677421,-0.063823454,-0.13877153,-0.11419349,-0.13364297,-0.24483351,-0.2571875,-0.29957527,-0.14637996,-0.15707754,-0.13206813,-0.19104545,-0.0782174,-0.17249411,-0.16471957,-0.09859173,-0.11065883,-0.115445346,-0.076612435,-0.083404,-0.1213824,-0.13072303,-0.13855581,-0.19385117,-0.09891026,-0.15584926,-0.19487974,-0.1913499,-0.18708569,-0.11130117,-0.14334723,-0.10328438,-0.16022292,-0.19401985,-0.17359355,-0.16899416,-0.14306015,-0.14267534,-0.10093312,-0.15336883,-0.16199127,-0.18101653,-0.19481617,-0.12140992,-0.147939,-0.113938875,-0.07978548,-0.14255174,-0.20725825,-0.16152492,-0.125103,-0.15657571,-0.15690626,-0.14373507,-0.19202894,-0.16301219,-0.1829768,-0.2963242,-0.1949665,-0.18022227,-0.17126009,-0.19239262,-0.15709555,-0.14054683,-0.13034472,-0.12557748,-0.13833278,-0.16253226,-0.30584824,-0.16708513,-0.18145652,-0.19301684,-0.11441202,-0.15081975,-0.1406458,-0.17849237,-0.16732213,-0.16520059,-0.14331086,-0.18237996,-0.1280121,-0.15331736,-0.13630268,-0.24156228,-0.17965564,-0.10311256,-0.13533036,-0.14239165,-0.17510787,-0.1101975,-0.13453896,-0.15332878,-0.16063851,-0.18203533,-0.15478532,-0.14933273,-0.19184028,-0.17577147,-0.16543028,-0.14723541,-0.14623587,-0.11499533,-0.10471026,-0.13482644,-0.20148799,-0.17805634,-0.12513243,-0.16610874,-0.18041904,-0.18738703,-0.11705899,-0.17797299,-0.2566266,-0.09229132,-0.09210442,-0.11440632,-0.13602214,-0.14799471,-0.09789106,-0.1897356
k__Bacteria|p__Bacteroidetes|c__CFGB618|o__OFGB618|f__FGB618|g__GGB1456|s__GGB1456_SGB2019,-0.1004395,-0.12316422,-0.14148983,-0.20428483,-0.16638201,-0.19358838,-0.1666669,-0.14469725,-0.124109834,-0.1829559,-0.18283328,-0.23572561,-0.16910681,-0.2083425,-0.10288493,-0.09942206,-0.058144663,-0.09935343,-0.10748397,-0.17041115,-0.1978925,-0.12536043,-0.13583302,-0.15195692,-0.17158324,-0.11658599,-0.1662144,-0.1733787,-0.1509206,-0.12124001,-0.13418064,-0.10557851,-0.14771888,-0.19652733,-0.18909025,-0.2175087,-0.16038199,-0.22338755,-0.19749975,-0.29867563,-0.29210672,-0.19923726,-0.10692635,-0.09162698,-0.13691942,-0.15437111,-0.23188588,-0.19340119,-0.14633375,-0.2026537,-0.18255213,-0.18279888,-0.19816443,-0.2008151,-0.20770226,-0.15748832,-0.12548055,-0.14360699,-0.09167939,-0.09553097,-0.170883,-0.14192368,-0.13743341,-0.14658827,-0.12719077,-0.15050578,-0.2613474,-0.22333384,-0.18861365,-0.20047067,-0.14555731,-0.14884385,-0.13070928,-0.14276147,-0.15096243,-0.16388853,-0.14621781,-0.16278498,-0.15874052,-0.14998752,-0.14649582,-0.15682657,-0.15278314,-0.22480208,-0.120334074,-0.14100197,-0.11799222,-0.16064493,-0.17392856,-0.1552529,-0.16753457,-0.11139822,-0.1388583,-0.13027036,-0.12812041,-0.15152657,-0.14124683,-0.114830315,-0.10065024,-0.09005287,-0.105238445,-0.12036757,-0.13471818,-0.15027548,-0.15969156,-0.1185138,-0.11129953,-0.1578567,-0.17738779,-0.1340178,-0.1637584,-0.25953975,-0.14812672,-0.13212572,-0.14163181,-0.15095688,-0.17780018,-0.16329491,-0.22917573,-0.09015879,-0.10915422,-0.1342614,-0.12956044,-0.13997786,-0.17314184,-0.13908121,-0.16057305,-0.12777606,-0.07092635,-0.03704006,-0.13654888,-0.16166922,-0.1782817,-0.14332479,-0.12334781,-0.13484788,-0.12023825,-0.13810676,-0.25318068,-0.26654312,-0.08307259,-0.10945694,-0.14422646,-0.09238048,-0.18695465,-0.19006824,-0.15230608,-0.08989267,-0.13230102,-0.14891458,-0.1499163,-0.15873283,-0.17023844,-0.18360865,-0.08755679,-0.123536214,-0.1409553,-0.10256614,-0.17951453,-0.19495486,-0.19152614,-0.09979908,-0.13113372,-0.08052616,-0.12779106,-0.19006202,-0.19346575,-0.19157618,-0.12288996,-0.0749857,-0.09701349,-0.11837433,-0.13606198,-0.12406494,-0.121451,-0.094441146,-0.09645608,-0.10802819,-0.082459606,-0.11267965,-0.13175428,-0.16657183,-0.1410757,-0.13562353,-0.18093297,-0.17825818,-0.19458899,-0.14444375,-0.15549555,-0.13526586,-0.119081676,-0.14001076,-0.19117098,-0.19140902,-0.18104427,-0.19755594,-0.25103784,-0.20219928,-0.18912871,-0.19056769,-0.18218112,-0.17355919,-0.27554205,-0.08916744,-0.11956477,-0.12681627,-0.15751183,-0.20931396,-0.18224281,-0.29657933,-0.32474133,-0.14957437,-0.3242122,-0.17325558,-0.17108874,-0.2185038,-0.17647925,-0.114121355,-0.13916278,-0.15388772,-0.15788373,-0.22984435,-0.18186735,-0.26212293,-0.10416384,-0.12455491,-0.13778573,-0.12365395,-0.15189947,-0.15474978,-0.15573972,-0.14014931,-0.15141064,-0.16280851,-0.1547128,-0.1531165,-0.15268609,-0.13357624,-0.12247519,-0.14553726,-0.19011618,-0.17678845,-0.21025829,-0.3990198,-0.20369336,-0.113058686,-0.1296617,-0.11857805,-0.14742039,-0.16636807,-0.1861501,-0.19126803,-0.1307125,-0.07654539,-0.152848,-0.13915345,-0.14106366,-0.1170235,-0.19987361,-0.1649412,-0.15765908,-0.14124158,-0.123174965,-0.12722544,-0.14610182,-0.2588673,-0.10689674,-0.13074079,-0.09132757,-0.12832497,-0.12867877,-0.14894646,-0.1512126,-0.09595926,-0.08910369,-0.12392034,-0.11015855,-0.13736174,-0.15015292,-0.17016816,-0.14246988,-0.11542481,-0.17338905,-0.15121368,-0.14190696,-0.12525111,-0.14143041,-0.17466888,-0.13176009,-0.13182393,-0.14538668,-0.12268412,-0.08722703,-0.05825615,-0.14295791,-0.17082691,-0.026243303,-0.16547546,-0.2829064,-0.31316653,-0.19888663,-0.14529487,-0.14331596,-0.14862512,-0.12963767,-0.25088155,-0.1943743,-0.1884305,-0.094194375,-0.10900068,-0.10702289,-0.09425018,-0.12759323,-0.15205088,-0.15746465,-0.16681512,-0.12812386,-0.0969081,-0.16398169,-0.14313185,-0.11335766,-0.18846886,-0.1706479,-0.1534813,-0.12540956,-0.115196005,-0.11286938,-0.11662802,-0.17542702,-0.13818029,-0.13430168,-0.096878245,-0.12101848,-0.091382064,-0.12434345,-0.1347205,-0.063823454,-0.13877153,-0.11419349,-0.13331884,-0.24483351,-0.2571875,-0.29957527,-0.14602369,-0.15649188,-0.13216579,-0.19104545,-0.0782174,-0.17239165,-0.16375828,-0.09859173,-0.11065883,-0.11353603,-0.076612435,-0.083404,-0.1213824,-0.13072303,-0.13855581,-0.19385117,-0.09938599,-0.15522845,-0.19487974,-0.19058126,-0.18677542,-0.110760614,-0.14230487,-0.10273209,-0.15908323,-0.19444433,-0.17298892,-0.16853794,-0.14238244,-0.14231998,-0.10144799,-0.15277228,-0.16101214,-0.18031882,-0.19528046,-0.120928094,-0.14692572,-0.11288062,-0.079564705,-0.14302462,-0.20725825,-0.160187,-0.125103,-0.15657571,-0.15690626,-0.14305127,-0.19202894,-0.16194881,-0.18152803,-0.2963242,-0.19859502,-0.180648,-0.171007,-0.1930344,-0.15712121,-0.14054683,-0.12997037,-0.12557748,-0.13779575,-0.16285819,-0.30584824,-0.16586678,-0.18105973,-0.1922156,-0.11441202,-0.15005279,-0.14002687,-0.17748794,-0.1665777,-0.16407159,-0.14331086,-0.18237996,-0.12782016,-0.15286908,-0.1378223,-0.24156228,-0.17848575,-0.10293489,-0.13446604,-0.1417467,-0.17428374,-0.10972534,-0.13400924,-0.15182325,-0.15974003,-0.18113108,-0.1541436,-0.14912023,-0.19184028,-0.17495306,-0.1635611,-0.14723541,-0.14623587,-0.11499533,-0.10471026,-0.13472545,-0.20148799,-0.17659414,-0.12513243,-0.16436091,-0.18041904,-0.18738703,-0.11705899,-0.1763919,-0.26137137,-0.09226933,-0.09185636,-0.11433282,-0.13579245,-0.14784361,-0.09823179,-0.18871132
k__Bacteria|p__Bacteroidetes|c__Bacteroidia|o__Bacteroidales|f__Prevotellaceae|g__Prevotella|s__Prevotella_nanceiensis,-0.1004395,-0.12316422,-0.14068753,-0.20428483,-0.16702288,-0.19409546,-0.1666669,-0.14580889,-0.12485744,-0.18509185,-0.18371269,-0.2172665,-0.17043059,-0.2028743,-0.10295412,-0.09842745,-0.058144663,-0.09997273,-0.10728608,-0.17149419,-0.1978925,-0.12536043,-0.13711911,-0.15365213,-0.1721633,-0.11658599,-0.16842335,-0.17547813,-0.1509206,-0.12124001,-0.13552769,-0.104876116,-0.1485087,-0.1959469,-0.19003505,-0.2175087,-0.16064173,-0.22338755,-0.1966748,-0.29867563,-0.29210672,-0.19794731,-0.107307814,-0.09162698,-0.13691942,-0.155137,-0.23188588,-0.19414407,-0.14702207,-0.2026537,-0.18432818,-0.18279888,-0.19672984,-0.19731899,-0.20082226,-0.16005132,-0.1259357,-0.14437139,-0.09252656,-0.095334366,-0.17242104,-0.1434997,-0.13743341,-0.14749219,-0.12719077,-0.15168229,-0.2613474,-0.22333384,-0.18951258,-0.20047067,-0.14666378,-0.15006784,-0.13056916,-0.14298305,-0.1523597,-0.16569614,-0.14810003,-0.16278498,-0.15962675,-0.14998752,-0.14797196,-0.15717748,-0.15396416,-0.22480208,-0.120334074,-0.14193246,-0.11817936,-0.16240296,-0.17525786,-0.15554512,-0.1692189,-0.11139822,-0.1388583,-0.13027036,-0.12927085,-0.15152657,-0.14336872,-0.116074845,-0.10065024,-0.09000692,-0.105569124,-0.120716535,-0.13533315,-0.15027548,-0.1615315,-0.1185138,-0.11129953,-0.1578567,-0.17738779,-0.13419162,-0.16300306,-0.25953975,-0.14911252,-0.13239828,-0.14139406,-0.15095688,-0.17780018,-0.16310005,-0.22917573,-0.09015879,-0.11009236,-0.1349301,-0.12988721,-0.13997786,-0.17402372,-0.13908121,-0.16057305,-0.12777606,-0.07092635,-0.03704006,-0.13693663,-0.16298176,-0.18004021,-0.14332479,-0.12334781,-0.13618076,-0.12023825,-0.13868551,-0.25318068,-0.26654312,-0.08329504,-0.10945694,-0.14552087,-0.09238048,-0.18835251,-0.1904651,-0.15289904,-0.089977264,-0.13230102,-0.14990443,-0.15061396,-0.15956707,-0.17118481,-0.18557608,-0.08715953,-0.12405837,-0.14165287,-0.10256614,-0.17951453,-0.19495486,-0.19236155,-0.09996221,-0.13113372,-0.07834863,-0.1277476,-0.19006202,-0.19405605,-0.19219801,-0.124349564,-0.075049534,-0.096909165,-0.11813426,-0.13686642,-0.12406494,-0.121451,-0.09417403,-0.09618309,-0.10839541,-0.082459606,-0.11283572,-0.13285583,-0.16839424,-0.1410757,-0.13627592,-0.18093297,-0.17825818,-0.19420913,-0.14463553,-0.15549555,-0.13587722,-0.119081676,-0.14001076,-0.19117098,-0.1910564,-0.18156832,-0.19755594,-0.25103784,-0.20219928,-0.19061255,-0.19106276,-0.1829522,-0.17332105,-0.27554205,-0.08916744,-0.11956477,-0.12758887,-0.15751183,-0.20931396,-0.18224281,-0.29657933,-0.32474133,-0.14927101,-0.3242122,-0.17325558,-0.17108874,-0.2185038,-0.17647925,-0.114121355,-0.13976538,-0.15388772,-0.15788373,-0.22984435,-0.18186735,-0.25141388,-0.104164526,-0.12455491,-0.13897112,-0.12447025,-0.15189947,-0.1562883,-0.1576314,-0.14014931,-0.15141064,-0.16458759,-0.15570706,-0.15431562,-0.15309873,-0.13390842,-0.12331402,-0.1468162,-0.19188276,-0.17741145,-0.21025829,-0.3990198,-0.19964433,-0.11352331,-0.1296617,-0.11861168,-0.14846873,-0.16636807,-0.18828388,-0.19231196,-0.13154656,-0.07637474,-0.15392977,-0.1399958,-0.14106366,-0.11879095,-0.19987361,-0.1649412,-0.158721,-0.14113674,-0.1236617,-0.12722544,-0.14610182,-0.2588673,-0.106883645,-0.13074079,-0.09132757,-0.12832497,-0.12990203,-0.15025222,-0.1531876,-0.096272394,-0.08910369,-0.12449556,-0.110295266,-0.13795775,-0.1511746,-0.17131369,-0.14338271,-0.11648686,-0.17470972,-0.15231432,-0.14299212,-0.12504351,-0.14346176,-0.17466888,-0.13176009,-0.13253699,-0.14638886,-0.12320125,-0.08722703,-0.05825615,-0.14395574,-0.17082691,-0.026243303,-0.16552967,-0.2829064,-0.31316653,-0.19713788,-0.14624503,-0.14331596,-0.14862512,-0.12963767,-0.25088155,-0.19418155,-0.189637,-0.09449334,-0.10955972,-0.10702289,-0.09417652,-0.12759323,-0.15324059,-0.15746465,-0.16789272,-0.12812386,-0.0969081,-0.16398169,-0.14500105,-0.11335766,-0.18846886,-0.1706479,-0.15428948,-0.12619428,-0.115196005,-0.11296579,-0.11662802,-0.1775422,-0.13901672,-0.13500473,-0.096878245,-0.1209885,-0.091790676,-0.12434345,-0.13689339,-0.063823454,-0.13877153,-0.11419349,-0.1337036,-0.24483351,-0.2571875,-0.29957527,-0.14649814,-0.1574269,-0.13224855,-0.19104545,-0.0782174,-0.17268197,-0.16515397,-0.09859173,-0.11065883,-0.115563706,-0.076612435,-0.083404,-0.1213824,-0.13072303,-0.13855581,-0.19385117,-0.09888398,-0.15578993,-0.19487974,-0.19148111,-0.1874946,-0.1112793,-0.14339346,-0.1034973,-0.16073439,-0.19446091,-0.17414524,-0.16939154,-0.14314386,-0.14289515,-0.100674346,-0.15358971,-0.16216931,-0.18114063,-0.19530359,-0.12156325,-0.14826798,-0.11394914,-0.07992471,-0.14241412,-0.20725825,-0.16141802,-0.125103,-0.15657571,-0.15690626,-0.1436682,-0.19202894,-0.16303015,-0.1834861,-0.2963242,-0.19418655,-0.18059984,-0.1714931,-0.1924707,-0.1572185,-0.14054683,-0.13042644,-0.12557748,-0.13842508,-0.16226947,-0.30584824,-0.16673754,-0.18227205,-0.1932615,-0.11441202,-0.15120463,-0.14065304,-0.17851755,-0.16750357,-0.16559139,-0.14331086,-0.18237996,-0.12777269,-0.1535503,-0.13627318,-0.24156228,-0.17940034,-0.10305822,-0.13521713,-0.14271714,-0.17551568,-0.11014405,-0.13457179,-0.15392469,-0.16084397,-0.18199211,-0.15527222,-0.14957228,-0.19184028,-0.17572209,-0.16585842,-0.14723541,-0.14623587,-0.11499533,-0.10471026,-0.13500114,-0.20148799,-0.17828062,-0.12513243,-0.16596562,-0.18041904,-0.18738703,-0.11705899,-0.17895064,-0.25812283,-0.09220143,-0.092156515,-0.114369705,-0.13632718,-0.14831752,-0.09791201,-0.19024853
k__Bacteria|p__Bacteroidetes|c__Bacteroidia|o__Bacteroidales|f__Prevotellaceae|g__Prevotella|s__Prevotella_oralis,-0.1004395,-0.12316422,-0.14121118,-0.20428483,-0.16610847,-0.19370663,-0.1666669,-0.14514405,-0.12427205,-0.18389079,-0.18195692,-0.2289742,-0.1706826,-0.2058402,-0.10313741,-0.09962425,-0.058144663,-0.10011025,-0.10742538,-0.17114305,-0.1978925,-0.12536043,-0.13631132,-0.15268466,-0.17179605,-0.11658599,-0.16703986,-0.17444083,-0.1509206,-0.12124001,-0.13495322,-0.10524297,-0.14826083,-0.19620985,-0.19007653,-0.2175087,-0.15983793,-0.22338755,-0.19742787,-0.29867563,-0.29210672,-0.19954863,-0.10742141,-0.09162698,-0.13691942,-0.15489477,-0.23188588,-0.19373766,-0.146536,-0.2026537,-0.18149577,-0.18279888,-0.19674897,-0.19924398,-0.20603582,-0.15993068,-0.12590805,-0.14421856,-0.09212726,-0.09565414,-0.17149076,-0.14270085,-0.13743341,-0.14704223,-0.12719077,-0.15124512,-0.2613474,-0.22333384,-0.18852966,-0.20047067,-0.14612296,-0.14929694,-0.13082622,-0.14301668,-0.15196964,-0.16453767,-0.14720488,-0.16278498,-0.15820384,-0.14998752,-0.14721724,-0.15676172,-0.15339641,-0.22480208,-0.120334074,-0.14165159,-0.118248075,-0.16147338,-0.17449349,-0.15519932,-0.16843754,-0.11139822,-0.1388583,-0.13027036,-0.12888905,-0.15152657,-0.14207059,-0.11550419,-0.10065024,-0.0902626,-0.10586863,-0.120915085,-0.13534984,-0.15027548,-0.16073306,-0.1185138,-0.11129953,-0.1578567,-0.17738779,-0.13406536,-0.16359524,-0.25953975,-0.14855096,-0.1321812,-0.14168617,-0.15095688,-0.17780018,-0.16298401,-0.22917573,-0.09015879,-0.10975155,-0.13466367,-0.12982184,-0.13997786,-0.17348325,-0.13908121,-0.16057305,-0.12777606,-0.07092635,-0.03704006,-0.13708669,-0.16259517,-0.1791598,-0.14332479,-0.12334781,-0.13544929,-0.12023825,-0.13878505,-0.25318068,-0.26654312,-0.08335747,-0.10945694,-0.14536376,-0.09238048,-0.18781975,-0.19017848,-0.15278836,-0.09016361,-0.13230102,-0.14952073,-0.15021013,-0.15908393,-0.17060214,-0.18488401,-0.08753896,-0.12402707,-0.14146455,-0.10256614,-0.17951453,-0.19495486,-0.19205675,-0.10007553,-0.13113372,-0.080064744,-0.12874436,-0.19006202,-0.19354683,-0.19195352,-0.1239325,-0.074797094,-0.09718712,-0.11864378,-0.13679191,-0.12406494,-0.121451,-0.09454289,-0.09668411,-0.10863301,-0.082459606,-0.11311117,-0.13273369,-0.16781676,-0.1410757,-0.13590005,-0.18093297,-0.17825818,-0.19432902,-0.14493436,-0.15549555,-0.13595533,-0.119081676,-0.14001076,-0.19117098,-0.19095546,-0.18075688,-0.19755594,-0.25103784,-0.20219928,-0.18918446,-0.19038409,-0.18251397,-0.17356719,-0.27554205,-0.08916744,-0.11956477,-0.12741055,-0.15751183,-0.20931396,-0.18224281,-0.29657933,-0.32474133,-0.15119731,-0.3242122,-0.17325558,-0.17108874,-0.2185038,-0.17647925,-0.114121355,-0.13922748,-0.15388772,-0.15788373,-0.22984435,-0.18186735,-0.25834802,-0.10433029,-0.12455491,-0.13845575,-0.12435928,-0.15189947,-0.15561497,-0.15687037,-0.14014931,-0.15141064,-0.16363455,-0.15492548,-0.1535894,-0.15305114,-0.1340976,-0.12296398,-0.14597425,-0.19078597,-0.1767948,-0.21025829,-0.3990198,-0.20471096,-0.11350724,-0.1296617,-0.118910834,-0.14825252,-0.16636807,-0.18717685,-0.19180435,-0.13143042,-0.07638803,-0.1539632,-0.13986963,-0.14106366,-0.11849405,-0.19987361,-0.1649412,-0.15765132,-0.14142726,-0.123636134,-0.12722544,-0.14610182,-0.2588673,-0.10731978,-0.13074079,-0.09132757,-0.12832497,-0.12957105,-0.14960226,-0.15236667,-0.096352875,-0.08910369,-0.124670304,-0.110541105,-0.13801454,-0.1507509,-0.17114198,-0.14294574,-0.11597646,-0.17412381,-0.15164119,-0.14263907,-0.12507892,-0.14270778,-0.17466888,-0.13176009,-0.13235451,-0.14594236,-0.123188525,-0.08722703,-0.05825615,-0.14366212,-0.17082691,-0.026243303,-0.1663167,-0.2829064,-0.31316653,-0.19904315,-0.14584117,-0.14331596,-0.14862512,-0.12963767,-0.25088155,-0.1939779,-0.18905461,-0.09456083,-0.10947174,-0.10702289,-0.09491244,-0.12759323,-0.15311241,-0.15746465,-0.16713314,-0.12812386,-0.0969081,-0.16398169,-0.14456677,-0.11335766,-0.18846886,-0.1706479,-0.15363017,-0.12567744,-0.115196005,-0.11338042,-0.11662802,-0.17668355,-0.13873002,-0.13481708,-0.096878245,-0.12128475,-0.09201178,-0.12434345,-0.13594106,-0.063823454,-0.13877153,-0.11419349,-0.13404104,-0.24483351,-0.2571875,-0.29957527,-0.14631818,-0.15678054,-0.13235702,-0.19104545,-0.0782174,-0.17246239,-0.1646753,-0.09859173,-0.11065883,-0.11471185,-0.076612435,-0.083404,-0.1213824,-0.13072303,-0.13855581,-0.19385117,-0.09910154,-0.15572274,-0.19487974,-0.19069323,-0.18730463,-0.11130178,-0.14276414,-0.103085935,-0.16008899,-0.19417638,-0.1742985,-0.1691614,-0.14286444,-0.14270668,-0.10118292,-0.15350193,-0.16138062,-0.18058628,-0.19538236,-0.12147267,-0.14776553,-0.11341758,-0.07980801,-0.14357913,-0.20725825,-0.16057307,-0.125103,-0.15657571,-0.15690626,-0.14323759,-0.19202894,-0.16244575,-0.18253416,-0.2963242,-0.19604118,-0.1808676,-0.1712769,-0.19275068,-0.15742353,-0.14054683,-0.13042793,-0.12557748,-0.13834201,-0.16349834,-0.30584824,-0.1655632,-0.18156502,-0.19239157,-0.11441202,-0.15115798,-0.14055637,-0.17797443,-0.1668429,-0.16495757,-0.14331086,-0.18237996,-0.1276862,-0.15320471,-0.1376376,-0.24156228,-0.17856038,-0.10323359,-0.13474992,-0.14228898,-0.17502397,-0.11002843,-0.13444737,-0.1531355,-0.16027069,-0.180752,-0.15492097,-0.14954054,-0.19184028,-0.17506105,-0.16461475,-0.14723541,-0.14623587,-0.11499533,-0.10471026,-0.1356014,-0.20148799,-0.1773504,-0.12513243,-0.16455919,-0.18041904,-0.18738703,-0.11705899,-0.17786244,-0.25997356,-0.092482194,-0.09224595,-0.11460602,-0.13645357,-0.14832592,-0.09837237,-0.18971454
k__Bacteria|p__Bacteroidetes|c__Bacteroidia|o__Bacteroidales|f__Prevotellaceae|g__Prevotella|s__Prevotella_sp_HJM029,-0.1004395,-0.12316422,-0.14153433,-0.20428483,-0.16681641,-0.19332218,-0.1666669,-0.14503181,-0.12518021,-0.18339682,-0.18304153,-0.22064786,-0.16902454,-0.20201114,-0.10286263,-0.098804116,-0.058144663,-0.09954317,-0.10780628,-0.17097384,-0.1978925,-0.12536043,-0.13644312,-0.152475,-0.17123729,-0.11658599,-0.16744506,-0.17387372,-0.1509206,-0.12124001,-0.13529867,-0.105401754,-0.14854646,-0.19479024,-0.18883637,-0.2175087,-0.16121577,-0.22338755,-0.19662426,-0.29867563,-0.29210672,-0.1974295,-0.10698047,-0.09162698,-0.13691942,-0.15489608,-0.23188588,-0.19331612,-0.14650115,-0.2026537,-0.1837139,-0.18279888,-0.1965442,-0.19780728,-0.20145938,-0.15741184,-0.12567526,-0.14368913,-0.09243669,-0.09561081,-0.17121758,-0.14254285,-0.13743341,-0.14693545,-0.12719077,-0.1514724,-0.2613474,-0.22333384,-0.18866098,-0.20047067,-0.14562003,-0.1491966,-0.13069296,-0.14261642,-0.15062395,-0.16392355,-0.14683384,-0.16278498,-0.1593068,-0.14998752,-0.14737223,-0.15702522,-0.15336318,-0.22480208,-0.120334074,-0.14157945,-0.118354976,-0.16088991,-0.17399588,-0.15576643,-0.16818172,-0.11139822,-0.1388583,-0.13027036,-0.12871099,-0.15152657,-0.14276388,-0.115480386,-0.10065024,-0.09031257,-0.10526461,-0.12035407,-0.13495854,-0.15027548,-0.16034043,-0.1185138,-0.11129953,-0.1578567,-0.17738779,-0.13373055,-0.16425706,-0.25953975,-0.14874515,-0.13268924,-0.14147553,-0.15095688,-0.17780018,-0.16364056,-0.22917573,-0.09015879,-0.11045013,-0.13481562,-0.12955043,-0.13997786,-0.17359586,-0.13908121,-0.16057305,-0.12777606,-0.07092635,-0.03704006,-0.13699386,-0.16213247,-0.17881967,-0.14332479,-0.12334781,-0.13577521,-0.12023825,-0.13821243,-0.25318068,-0.26654312,-0.0833911,-0.10945694,-0.1444186,-0.09238048,-0.18762891,-0.18970414,-0.15255016,-0.090187445,-0.13230102,-0.14964655,-0.15023749,-0.15884124,-0.1704073,-0.18356277,-0.08775194,-0.12369637,-0.141173,-0.10256614,-0.17951453,-0.19495486,-0.19071084,-0.10004006,-0.13113372,-0.079234526,-0.12777479,-0.19006202,-0.19273308,-0.19131553,-0.123542145,-0.07511982,-0.096953414,-0.11834453,-0.1364487,-0.12406494,-0.121451,-0.0943352,-0.096362084,-0.10831415,-0.082459606,-0.11256276,-0.13212556,-0.16696501,-0.1410757,-0.13644744,-0.18093297,-0.17825818,-0.19359475,-0.14463279,-0.15549555,-0.13545592,-0.119081676,-0.14001076,-0.19117098,-0.1904735,-0.18135273,-0.19755594,-0.25103784,-0.20219928,-0.19008727,-0.19081725,-0.18224025,-0.1737769,-0.27554205,-0.08916744,-0.11956477,-0.1280228,-0.15751183,-0.20931396,-0.18224281,-0.29657933,-0.32474133,-0.15390207,-0.3242122,-0.17325558,-0.17108874,-0.2185038,-0.17647925,-0.114121355,-0.13991037,-0.15388772,-0.15788373,-0.22984435,-0.18186735,-0.2526594,-0.104316615,-0.12455491,-0.1384909,-0.12414284,-0.15189947,-0.15485115,-0.15611358,-0.14014931,-0.15141064,-0.16309412,-0.1553438,-0.15358067,-0.15309691,-0.13367942,-0.12316917,-0.14657792,-0.19010809,-0.1768384,-0.21025829,-0.3990198,-0.20151275,-0.1133088,-0.1296617,-0.11824179,-0.14801046,-0.16636807,-0.1863957,-0.19137274,-0.13183539,-0.0765115,-0.15311924,-0.13977432,-0.14106366,-0.118579805,-0.19987361,-0.1649412,-0.15879083,-0.14156984,-0.123443484,-0.12722544,-0.14610182,-0.2588673,-0.1072943,-0.13074079,-0.09132757,-0.12832497,-0.12919441,-0.14983852,-0.1517196,-0.096141785,-0.08910369,-0.12428863,-0.11043143,-0.13789606,-0.1508112,-0.17022195,-0.14295045,-0.116645895,-0.17382576,-0.1518123,-0.14233512,-0.12514904,-0.14214125,-0.17466888,-0.13176009,-0.13238946,-0.14563856,-0.122631975,-0.08722703,-0.05825615,-0.14343703,-0.17082691,-0.026243303,-0.16665252,-0.2829064,-0.31316653,-0.19760609,-0.1456964,-0.14331596,-0.14862512,-0.12963767,-0.25088155,-0.19305784,-0.18840337,-0.09467379,-0.10923132,-0.10702289,-0.09357567,-0.12759323,-0.1531749,-0.15746465,-0.16683006,-0.12812386,-0.0969081,-0.16398169,-0.14365426,-0.11335766,-0.18846886,-0.1706479,-0.1539701,-0.12575254,-0.115196005,-0.11296474,-0.11662802,-0.17579697,-0.1384094,-0.13412595,-0.096878245,-0.12078121,-0.091615506,-0.12434345,-0.13604611,-0.063823454,-0.13877153,-0.11419349,-0.13384038,-0.24483351,-0.2571875,-0.29957527,-0.14614835,-0.15663645,-0.13216785,-0.19104545,-0.0782174,-0.17213905,-0.16421276,-0.09859173,-0.11065883,-0.11484703,-0.076612435,-0.083404,-0.1213824,-0.13072303,-0.13855581,-0.19385117,-0.098917395,-0.15587051,-0.19487974,-0.19085664,-0.18663487,-0.11125481,-0.14288154,-0.10295075,-0.15923795,-0.19373943,-0.17286864,-0.16887864,-0.14275366,-0.14234078,-0.1018618,-0.1532442,-0.1614066,-0.18080004,-0.19435361,-0.12119159,-0.14714378,-0.11385776,-0.08012442,-0.1432564,-0.20725825,-0.16073546,-0.125103,-0.15657571,-0.15690626,-0.14364299,-0.19202894,-0.16269594,-0.18197483,-0.2963242,-0.19699544,-0.18083583,-0.17112297,-0.19240421,-0.15722513,-0.14054683,-0.13032025,-0.12557748,-0.13831691,-0.16366532,-0.30584824,-0.16698806,-0.1807602,-0.19234416,-0.11441202,-0.15062506,-0.14050378,-0.17801493,-0.16670997,-0.16447085,-0.14331086,-0.18237996,-0.12854056,-0.15367338,-0.1376758,-0.24156228,-0.17917262,-0.1031367,-0.13530883,-0.14179577,-0.17424646,-0.11037065,-0.1346087,-0.15214273,-0.1596593,-0.18152946,-0.15407127,-0.14904684,-0.19184028,-0.17533247,-0.16407645,-0.14723541,-0.14623587,-0.11499533,-0.10471026,-0.13520014,-0.20148799,-0.1769396,-0.12513243,-0.16588809,-0.18041904,-0.18738703,-0.11705899,-0.17626071,-0.25658667,-0.09236282,-0.09215766,-0.114760906,-0.13587594,-0.14782733,-0.098512314,-0.18873215
k__Bacteria|p__Bacteroidetes|c__Bacteroidia|o__Bacteroidales|f__Prevotellaceae|g__Prevotella|s__Prevotella_copri_clade_C,-0.1004395,-0.12316422,-0.14257067,-0.20428483,-0.16803527,-0.19416976,-0.1666669,-0.14543918,-0.12583783,-0.18400538,-0.18381503,-0.22476935,-0.16990535,-0.2037476,-0.10340439,-0.09951578,-0.058144663,-0.09950507,-0.10835673,-0.17134726,-0.1978925,-0.12536043,-0.13667075,-0.15251158,-0.17185797,-0.11658599,-0.16819641,-0.17417821,-0.1509206,-0.12124001,-0.1357474,-0.10623001,-0.14902867,-0.1959292,-0.18944067,-0.2175087,-0.1623185,-0.22338755,-0.19805881,-0.29867563,-0.29210672,-0.19802754,-0.1073151,-0.09162698,-0.13691942,-0.15576573,-0.23188588,-0.19454354,-0.14718646,-0.2026537,-0.18558052,-0.18279888,-0.19793323,-0.19863056,-0.20263074,-0.15689552,-0.12603086,-0.14397535,-0.092364565,-0.095891684,-0.1715835,-0.14252177,-0.13743341,-0.14737159,-0.12719077,-0.15195453,-0.2613474,-0.22333384,-0.18940967,-0.20047067,-0.14578849,-0.14962532,-0.13115406,-0.1429322,-0.15021543,-0.16399929,-0.1469264,-0.16278498,-0.16051134,-0.14998752,-0.14767921,-0.15780821,-0.1536833,-0.22480208,-0.120334074,-0.14191777,-0.11879603,-0.16093001,-0.17431627,-0.15660906,-0.16869164,-0.11139822,-0.1388583,-0.13027036,-0.12886927,-0.15152657,-0.14335781,-0.11590952,-0.10065024,-0.09077008,-0.10545625,-0.120544635,-0.135243,-0.15027548,-0.16071287,-0.1185138,-0.11129953,-0.1578567,-0.17738779,-0.13376871,-0.16523726,-0.25953975,-0.14937069,-0.13339527,-0.14212704,-0.15095688,-0.17780018,-0.1647958,-0.22917573,-0.09015879,-0.11083103,-0.13520092,-0.12994403,-0.13997786,-0.174529,-0.13908121,-0.16057305,-0.12777606,-0.07092635,-0.03704006,-0.13765627,-0.16237807,-0.17940588,-0.14332479,-0.12334781,-0.13630648,-0.12023825,-0.13842289,-0.25318068,-0.26654312,-0.08369601,-0.10945694,-0.14432672,-0.09238048,-0.18850513,-0.19093195,-0.1538449,-0.090582,-0.13230102,-0.15016058,-0.15086558,-0.15939023,-0.17108461,-0.18359031,-0.08833651,-0.124017954,-0.14127293,-0.10256614,-0.17951453,-0.19495486,-0.19131407,-0.100467026,-0.13113372,-0.07944035,-0.12789229,-0.19006202,-0.19374993,-0.19229206,-0.12349704,-0.07568263,-0.09731555,-0.118852146,-0.1368407,-0.12406494,-0.121451,-0.094756566,-0.09689753,-0.108705506,-0.082459606,-0.112921886,-0.1323164,-0.16720909,-0.1410757,-0.13726562,-0.18093297,-0.17825818,-0.19480522,-0.14518511,-0.15549555,-0.1356942,-0.119081676,-0.14001076,-0.19117098,-0.19195105,-0.18246713,-0.19755594,-0.25103784,-0.20219928,-0.19142225,-0.19228446,-0.1832653,-0.17494202,-0.27554205,-0.08916744,-0.11956477,-0.12874876,-0.15751183,-0.20931396,-0.18224281,-0.29657933,-0.32474133,-0.15659638,-0.3242122,-0.17325558,-0.17108874,-0.2185038,-0.17647925,-0.114121355,-0.14082736,-0.15388772,-0.15788373,-0.22984435,-0.18186735,-0.25659668,-0.10471618,-0.12455491,-0.13893372,-0.12445933,-0.15189947,-0.15494892,-0.15631568,-0.14014931,-0.15141064,-0.16310182,-0.15601046,-0.15393814,-0.15379089,-0.13445026,-0.12357072,-0.14704378,-0.19035822,-0.1777114,-0.21025829,-0.3990198,-0.20303512,-0.11371144,-0.1296617,-0.118436486,-0.14835477,-0.16636807,-0.18664885,-0.19229963,-0.13242596,-0.07681104,-0.1530916,-0.1403051,-0.14106366,-0.1183719,-0.19987361,-0.1649412,-0.15988728,-0.14225301,-0.12391688,-0.12722544,-0.14610182,-0.2588673,-0.107731104,-0.13074079,-0.09132757,-0.12832497,-0.12929043,-0.15037078,-0.15195629,-0.096450776,-0.08910369,-0.12449103,-0.11083348,-0.13835937,-0.15131924,-0.17058758,-0.14341244,-0.117097706,-0.1742701,-0.15245125,-0.14263809,-0.1259337,-0.14218864,-0.17466888,-0.13176009,-0.13267908,-0.14600334,-0.12319704,-0.08722703,-0.05825615,-0.1438832,-0.17082691,-0.026243303,-0.16805306,-0.2829064,-0.31316653,-0.19880295,-0.14607483,-0.14331596,-0.14862512,-0.12963767,-0.25088155,-0.19435826,-0.18897498,-0.09497462,-0.109438494,-0.10702289,-0.09312128,-0.12759323,-0.15362778,-0.15746465,-0.16756341,-0.12812386,-0.0969081,-0.16398169,-0.14342096,-0.11335766,-0.18846886,-0.1706479,-0.15469009,-0.1261361,-0.115196005,-0.11307599,-0.11662802,-0.17610171,-0.13875839,-0.1343928,-0.096878245,-0.12126831,-0.09172821,-0.12434345,-0.1363333,-0.063823454,-0.13877153,-0.11419349,-0.13425717,-0.24483351,-0.2571875,-0.29957527,-0.1465841,-0.15709046,-0.13251694,-0.19104545,-0.0782174,-0.1728706,-0.164715,-0.09859173,-0.11065883,-0.11489407,-0.076612435,-0.083404,-0.1213824,-0.13072303,-0.13855581,-0.19385117,-0.09914921,-0.15635216,-0.19487974,-0.19205715,-0.18746597,-0.11162755,-0.14353272,-0.102998525,-0.15911755,-0.19458903,-0.17249055,-0.16974394,-0.14326164,-0.14283037,-0.10261564,-0.15368097,-0.16213967,-0.18192571,-0.1956619,-0.121403486,-0.1474002,-0.114336506,-0.08018127,-0.14356329,-0.20725825,-0.16158935,-0.125103,-0.15657571,-0.15690626,-0.14431271,-0.19202894,-0.16332206,-0.18228191,-0.2963242,-0.20047566,-0.18219724,-0.1724636,-0.1938782,-0.15826859,-0.14054683,-0.13071203,-0.12557748,-0.13874015,-0.16462572,-0.30584824,-0.16810173,-0.18131183,-0.19364046,-0.11441202,-0.15077649,-0.14114289,-0.17870945,-0.16742548,-0.16489749,-0.14331086,-0.18237996,-0.12937014,-0.1539244,-0.13825081,-0.24156228,-0.18078505,-0.10354875,-0.13599369,-0.1420657,-0.17454115,-0.11092885,-0.13509992,-0.15219697,-0.16017213,-0.18294242,-0.15404984,-0.14924648,-0.19184028,-0.17617805,-0.16432902,-0.14723541,-0.14623587,-0.11499533,-0.10471026,-0.13533324,-0.20148799,-0.17751081,-0.12513243,-0.1668581,-0.18041904,-0.18738703,-0.11705899,-0.1760313,-0.25960276,-0.09280785,-0.09246917,-0.11525558,-0.13619338,-0.14823376,-0.098949805,-0.18921
k__Bacteria|p__Bacteroidetes|c__Flavobacteriia|o__Flavobacteriales|f__Flavobacteriaceae|g__Formosa|s__Formosa_SGB1638,-0.1004395,-0.12316422,-0.14181681,-0.20428483,-0.16713345,-0.19324334,-0.1666669,-0.14451727,-0.12513155,-0.18296123,-0.18359727,-0.22108157,-0.16955781,-0.20350769,-0.1027765,-0.09879215,-0.058144663,-0.09903256,-0.10765425,-0.17059913,-0.1978925,-0.12536043,-0.13605985,-0.15176079,-0.17114487,-0.11658599,-0.16752714,-0.17325816,-0.1509206,-0.12124001,-0.1348693,-0.10571824,-0.14815375,-0.19525623,-0.18855707,-0.2175087,-0.16115142,-0.22338755,-0.19675338,-0.29867563,-0.29210672,-0.19744124,-0.10682426,-0.09162698,-0.13691942,-0.15492603,-0.23188588,-0.19384061,-0.14623338,-0.2026537,-0.18419021,-0.18279888,-0.19673,-0.1976338,-0.20095086,-0.15673202,-0.12534076,-0.14338687,-0.09183112,-0.09532868,-0.17096733,-0.14188425,-0.13743341,-0.14660114,-0.12719077,-0.15133521,-0.2613474,-0.22333384,-0.18879223,-0.20047067,-0.1451256,-0.14892915,-0.1304163,-0.14239705,-0.14983064,-0.1632965,-0.14597037,-0.16278498,-0.15961887,-0.14998752,-0.14700869,-0.1569784,-0.15296923,-0.22480208,-0.120334074,-0.14125814,-0.118126035,-0.16046718,-0.17346567,-0.15562049,-0.16767329,-0.11139822,-0.1388583,-0.13027036,-0.12827356,-0.15152657,-0.14255677,-0.114972405,-0.10065024,-0.09026122,-0.10507104,-0.12011875,-0.13470718,-0.15027548,-0.15985255,-0.1185138,-0.11129953,-0.1578567,-0.17738779,-0.1329161,-0.16385032,-0.25953975,-0.14847988,-0.13263068,-0.14127322,-0.15095688,-0.17780018,-0.16394217,-0.22917573,-0.09015879,-0.11004623,-0.13444045,-0.12925103,-0.13997786,-0.17366496,-0.13908121,-0.16057305,-0.12777606,-0.07092635,-0.03704006,-0.13708347,-0.1617799,-0.17834383,-0.14332479,-0.12334781,-0.13570601,-0.12023825,-0.13774201,-0.25318068,-0.26654312,-0.083291225,-0.10945694,-0.14378056,-0.09238048,-0.18773037,-0.18999372,-0.15287031,-0.09011599,-0.13230102,-0.14937657,-0.15010487,-0.15862857,-0.17034005,-0.18287817,-0.08786236,-0.12324382,-0.14066842,-0.10256614,-0.17951453,-0.19495486,-0.19032425,-0.09967229,-0.13113372,-0.07887859,-0.12748209,-0.19006202,-0.19300748,-0.19121984,-0.12271676,-0.075363964,-0.09679823,-0.118198894,-0.13617247,-0.12406494,-0.121451,-0.09413062,-0.09636214,-0.1081872,-0.082459606,-0.11247674,-0.13198933,-0.16645217,-0.1410757,-0.13631089,-0.18093297,-0.17825818,-0.19394611,-0.14447823,-0.15549555,-0.13485129,-0.119081676,-0.14001076,-0.19117098,-0.19103791,-0.18139294,-0.19755594,-0.25103784,-0.20219928,-0.19043994,-0.19117817,-0.18234265,-0.17402047,-0.27554205,-0.08916744,-0.11956477,-0.12798752,-0.15751183,-0.20931396,-0.18224281,-0.29657933,-0.32474133,-0.15422198,-0.3242122,-0.17325558,-0.17108874,-0.2185038,-0.17647925,-0.114121355,-0.14001422,-0.15388772,-0.15788373,-0.22984435,-0.18186735,-0.25462395,-0.10409938,-0.12455491,-0.13826948,-0.123842515,-0.15189947,-0.1545552,-0.15543371,-0.14014931,-0.15141064,-0.16240522,-0.1551657,-0.15310067,-0.1528314,-0.1335872,-0.122751996,-0.14632204,-0.189582,-0.17675123,-0.21025829,-0.3990198,-0.20270608,-0.11308648,-0.1296617,-0.11795589,-0.14756154,-0.16636807,-0.18600349,-0.19132774,-0.13144936,-0.076669276,-0.15246834,-0.1395987,-0.14106366,-0.11737788,-0.19987361,-0.1649412,-0.15886354,-0.14127758,-0.12331894,-0.12722544,-0.14610182,-0.2588673,-0.107005015,-0.13074079,-0.09132757,-0.12832497,-0.1286791,-0.14970753,-0.15115598,-0.095900565,-0.08910369,-0.123918116,-0.11040045,-0.13765949,-0.15065266,-0.16973922,-0.14253257,-0.116392374,-0.17354827,-0.15168479,-0.14195138,-0.12529361,-0.14130363,-0.17466888,-0.13176009,-0.1319668,-0.1453617,-0.1224291,-0.08722703,-0.05825615,-0.14297776,-0.17082691,-0.026243303,-0.16685557,-0.2829064,-0.31316653,-0.19793572,-0.14529413,-0.14331596,-0.14862512,-0.12963767,-0.25088155,-0.19354405,-0.18796003,-0.094344616,-0.108903855,-0.10702289,-0.09287664,-0.12759323,-0.15278386,-0.15746465,-0.16662067,-0.12812386,-0.0969081,-0.16398169,-0.14303145,-0.11335766,-0.18846886,-0.1706479,-0.15373607,-0.12542218,-0.115196005,-0.112382635,-0.11662802,-0.17546465,-0.13799557,-0.13386847,-0.096878245,-0.12075433,-0.091351956,-0.12434345,-0.13545586,-0.063823454,-0.13877153,-0.11419349,-0.13346294,-0.24483351,-0.2571875,-0.29957527,-0.14581206,-0.15641904,-0.1318588,-0.19104545,-0.0782174,-0.17192596,-0.16375822,-0.09859173,-0.11065883,-0.11416331,-0.076612435,-0.083404,-0.1213824,-0.13072303,-0.13855581,-0.19385117,-0.09871626,-0.15536968,-0.19487974,-0.19105959,-0.18646652,-0.110939085,-0.14296612,-0.102666736,-0.15840758,-0.19386439,-0.17170827,-0.1688979,-0.1425024,-0.14210762,-0.10181525,-0.15289322,-0.16137634,-0.18086003,-0.19469115,-0.12084343,-0.14672413,-0.113588154,-0.07992673,-0.14252916,-0.20725825,-0.16054162,-0.125103,-0.15657571,-0.15690626,-0.14363223,-0.19202894,-0.16247661,-0.18138203,-0.2963242,-0.19895896,-0.18106358,-0.17185964,-0.19297521,-0.15729354,-0.14054683,-0.13003436,-0.12557748,-0.13803315,-0.16326725,-0.30584824,-0.16698362,-0.18052813,-0.1926462,-0.11441202,-0.15011698,-0.14053571,-0.17779315,-0.166571,-0.16407587,-0.14331086,-0.18237996,-0.1283223,-0.1531902,-0.13691677,-0.24156228,-0.17987174,-0.102894664,-0.13533473,-0.1414289,-0.17382137,-0.110297754,-0.13444197,-0.15147373,-0.15933311,-0.1821101,-0.15345718,-0.14878835,-0.19184028,-0.17537436,-0.16340931,-0.14723541,-0.14623587,-0.11499533,-0.10471026,-0.13473046,-0.20148799,-0.17654744,-0.12513243,-0.16641408,-0.18041904,-0.18738703,-0.11705899,-0.1750045,-0.25867075,-0.092294365,-0.091978624,-0.11466067,-0.13554996,-0.14756416,-0.09840343,-0.18849404
k__Bacteria|p__Bacteroidetes|c__Flavobacteriia|o__Flavobacteriales|f__Weeksellaceae|g__Chryseobacterium|s__Chryseobacterium_indologenes,-0.1004395,-0.12316422,-0.14153633,-0.20428483,-0.16711876,-0.1942324,-0.1666669,-0.1455073,-0.12463358,-0.18424691,-0.18292123,-0.22750902,-0.1686133,-0.20635562,-0.10330424,-0.0992149,-0.058144663,-0.10029653,-0.10753512,-0.17166969,-0.1978925,-0.12536043,-0.13684565,-0.15322801,-0.17215894,-0.11658599,-0.16762874,-0.17499416,-0.1509206,-0.12124001,-0.13524234,-0.1055028,-0.14847204,-0.19662628,-0.19014385,-0.2175087,-0.16079456,-0.22338755,-0.19734931,-0.29867563,-0.29210672,-0.19957988,-0.107645854,-0.09162698,-0.13691942,-0.15508056,-0.23188588,-0.1943652,-0.1471018,-0.2026537,-0.18347171,-0.18279888,-0.19769143,-0.19908413,-0.20527875,-0.15915002,-0.12618002,-0.14449614,-0.09254973,-0.09579817,-0.17214379,-0.14317381,-0.13743341,-0.14739229,-0.12719077,-0.15125516,-0.2613474,-0.22333384,-0.18961298,-0.20047067,-0.1466275,-0.14975789,-0.13109294,-0.14330104,-0.15234889,-0.16533366,-0.14756611,-0.16278498,-0.15919235,-0.14998752,-0.1475784,-0.15724386,-0.15387578,-0.22480208,-0.120334074,-0.14181486,-0.11845833,-0.16216415,-0.17507848,-0.1555867,-0.1687589,-0.11139822,-0.1388583,-0.13027036,-0.12919211,-0.15152657,-0.14265001,-0.11569978,-0.10065024,-0.09027286,-0.10587247,-0.121147014,-0.13558096,-0.15027548,-0.161069,-0.1185138,-0.11129953,-0.1578567,-0.17738779,-0.1342634,-0.16373718,-0.25953975,-0.14888938,-0.1324441,-0.14177138,-0.15095688,-0.17780018,-0.16371295,-0.22917573,-0.09015879,-0.109880246,-0.13494748,-0.13000447,-0.13997786,-0.17386416,-0.13908121,-0.16057305,-0.12777606,-0.07092635,-0.03704006,-0.13734038,-0.16295248,-0.17953189,-0.14332479,-0.12334781,-0.1356915,-0.12023825,-0.13871723,-0.25318068,-0.26654312,-0.083569996,-0.10945694,-0.1453962,-0.09238048,-0.18811944,-0.19077155,-0.15274769,-0.090385035,-0.13230102,-0.14974138,-0.15060547,-0.1595152,-0.17119206,-0.18528052,-0.08775605,-0.124299936,-0.14162293,-0.10256614,-0.17951453,-0.19495486,-0.19238287,-0.10031216,-0.13113372,-0.07989806,-0.12827209,-0.19006202,-0.19427094,-0.1922861,-0.12416391,-0.07525952,-0.09736919,-0.11856851,-0.1367993,-0.12406494,-0.121451,-0.09467686,-0.09655109,-0.108606875,-0.082459606,-0.11312255,-0.1328423,-0.16810086,-0.1410757,-0.1361708,-0.18093297,-0.17825818,-0.19469443,-0.14516164,-0.15549555,-0.13605134,-0.119081676,-0.14001076,-0.19117098,-0.19158456,-0.1815748,-0.19755594,-0.25103784,-0.20219928,-0.19025573,-0.19116975,-0.18280715,-0.17387547,-0.27554205,-0.08916744,-0.11956477,-0.12749074,-0.15751183,-0.20931396,-0.18224281,-0.29657933,-0.32474133,-0.14854991,-0.3242122,-0.17325558,-0.17108874,-0.2185038,-0.17647925,-0.114121355,-0.13967675,-0.15388772,-0.15788373,-0.22984435,-0.18186735,-0.25678146,-0.10453994,-0.12455491,-0.1387263,-0.12455554,-0.15189947,-0.15618402,-0.15731227,-0.14014931,-0.15141064,-0.16427249,-0.15554419,-0.15410444,-0.15321681,-0.13397184,-0.123119146,-0.14640734,-0.19117448,-0.17762145,-0.21025829,-0.3990198,-0.20272715,-0.11364207,-0.1296617,-0.11915431,-0.14826103,-0.16636807,-0.18777755,-0.19220035,-0.13143155,-0.076706275,-0.15409479,-0.1399117,-0.14106366,-0.11858522,-0.19987361,-0.1649412,-0.15830784,-0.14150326,-0.123668924,-0.12722544,-0.14610182,-0.2588673,-0.10732335,-0.13074079,-0.09132757,-0.12832497,-0.12976775,-0.15005627,-0.15271512,-0.09651251,-0.08910369,-0.124675386,-0.11065547,-0.13808456,-0.15113804,-0.17125808,-0.14337206,-0.11622386,-0.1744999,-0.15217,-0.14285244,-0.12545651,-0.14281371,-0.17466888,-0.13176009,-0.13257194,-0.14622115,-0.1233269,-0.08722703,-0.05825615,-0.14380679,-0.17082691,-0.026243303,-0.16617699,-0.2829064,-0.31316653,-0.1986127,-0.14616048,-0.14331596,-0.14862512,-0.12963767,-0.25088155,-0.19485058,-0.18956286,-0.09465899,-0.109659806,-0.10702289,-0.09468944,-0.12759323,-0.1530534,-0.15746465,-0.16760811,-0.12812386,-0.0969081,-0.16398169,-0.14477266,-0.11335766,-0.18846886,-0.1706479,-0.15411517,-0.12615716,-0.115196005,-0.11324371,-0.11662802,-0.17692505,-0.13908815,-0.13506243,-0.096878245,-0.12136618,-0.09203124,-0.12434345,-0.13613722,-0.063823454,-0.13877153,-0.11419349,-0.13393311,-0.24483351,-0.2571875,-0.29957527,-0.14670373,-0.15721342,-0.13276984,-0.19104545,-0.0782174,-0.17302471,-0.1647651,-0.09859173,-0.11065883,-0.11494614,-0.076612435,-0.083404,-0.1213824,-0.13072303,-0.13855581,-0.19385117,-0.09961197,-0.15606949,-0.19487974,-0.19141921,-0.18753974,-0.11152463,-0.14311904,-0.10362889,-0.16055098,-0.1948143,-0.17434914,-0.16923009,-0.14319807,-0.14298126,-0.101266176,-0.15358955,-0.16186512,-0.1809358,-0.19558978,-0.121745616,-0.14807093,-0.11363606,-0.07996401,-0.14355442,-0.20725825,-0.16131902,-0.125103,-0.15657571,-0.15690626,-0.14364086,-0.19202894,-0.16300113,-0.18299396,-0.2963242,-0.19657922,-0.18080465,-0.17153081,-0.19320074,-0.15750013,-0.14054683,-0.13068746,-0.12557748,-0.13861309,-0.16286823,-0.30584824,-0.1667105,-0.18201956,-0.19297236,-0.11441202,-0.15114355,-0.14076555,-0.17846444,-0.16753806,-0.16517192,-0.14331086,-0.18237996,-0.12809792,-0.15326872,-0.13748366,-0.24156228,-0.17933355,-0.1034372,-0.13509353,-0.14274552,-0.17557117,-0.11018758,-0.13478209,-0.15337083,-0.16068456,-0.18182956,-0.15526435,-0.15006322,-0.19184028,-0.17588758,-0.16515994,-0.14723541,-0.14623587,-0.11499533,-0.10471026,-0.1354059,-0.20148799,-0.17798685,-0.12513243,-0.16493732,-0.18041904,-0.18738703,-0.11705899,-0.17802168,-0.2601058,-0.092661455,-0.09233032,-0.1147636,-0.13651487,-0.14848293,-0.09838099,-0.190059
k__Bacteria|p__Bacteroidetes|c__Flavobacteriia|o__Flavobacteriales|f__Weeksellaceae|g__Chryseobacterium|s__Chryseobacterium_oranimense,-0.1004395,-0.12316422,-0.14128143,-0.20428483,-0.16637325,-0.19329917,-0.1666669,-0.14483306,-0.124428436,-0.18342865,-0.18286729,-0.22835022,-0.16938616,-0.20685513,-0.10303128,-0.09936144,-0.058144663,-0.09979962,-0.10734685,-0.17047046,-0.1978925,-0.12536043,-0.13604414,-0.15205367,-0.1713179,-0.11658599,-0.16709602,-0.1737364,-0.1509206,-0.12124001,-0.1346849,-0.105513886,-0.14792922,-0.19593789,-0.18919873,-0.2175087,-0.15976295,-0.22338755,-0.19672884,-0.29867563,-0.29210672,-0.19855511,-0.10718063,-0.09162698,-0.13691942,-0.1546871,-0.23188588,-0.19370487,-0.14637646,-0.2026537,-0.18268684,-0.18279888,-0.1970206,-0.19843052,-0.20434009,-0.1581117,-0.12553069,-0.14368258,-0.09184196,-0.095377386,-0.17107041,-0.14203858,-0.13743341,-0.14667276,-0.12719077,-0.15083636,-0.2613474,-0.22333384,-0.18841949,-0.20047067,-0.14559513,-0.14899275,-0.13052712,-0.14262791,-0.15085693,-0.16384795,-0.14626825,-0.16278498,-0.15883492,-0.14998752,-0.146781,-0.15672328,-0.1529388,-0.22480208,-0.120334074,-0.14122866,-0.11801921,-0.16087762,-0.17376958,-0.1551274,-0.16784987,-0.11139822,-0.1388583,-0.13027036,-0.128394,-0.15152657,-0.14209197,-0.115186095,-0.10065024,-0.090269715,-0.10545719,-0.120417275,-0.13484931,-0.15027548,-0.16011485,-0.1185138,-0.11129953,-0.1578567,-0.17738779,-0.13344064,-0.1630088,-0.25953975,-0.14828503,-0.13226627,-0.14144227,-0.15095688,-0.17780018,-0.16310818,-0.22917573,-0.09015879,-0.10962737,-0.13437344,-0.12948924,-0.13997786,-0.17339307,-0.13908121,-0.16057305,-0.12777606,-0.07092635,-0.03704006,-0.13697043,-0.16193904,-0.17855498,-0.14332479,-0.12334781,-0.13541558,-0.12023825,-0.1381295,-0.25318068,-0.26654312,-0.08341329,-0.10945694,-0.1444628,-0.09238048,-0.18761301,-0.19021232,-0.1529939,-0.09018999,-0.13230102,-0.14917195,-0.15004376,-0.15874152,-0.17027934,-0.18368402,-0.087729916,-0.12359164,-0.14093074,-0.10256614,-0.17951453,-0.19495486,-0.19114384,-0.099900834,-0.13113372,-0.07975203,-0.12770155,-0.19006202,-0.19335599,-0.19152486,-0.12319512,-0.07524219,-0.097078614,-0.118308954,-0.1363834,-0.12406494,-0.121451,-0.094456986,-0.09659955,-0.10846124,-0.082459606,-0.11289251,-0.13227591,-0.16699098,-0.1410757,-0.1358378,-0.18093297,-0.17825818,-0.19416738,-0.14449161,-0.15549555,-0.1351955,-0.119081676,-0.14001076,-0.19117098,-0.19118097,-0.18095425,-0.19755594,-0.25103784,-0.20219928,-0.18971366,-0.19065428,-0.18235573,-0.17357802,-0.27554205,-0.08916744,-0.11956477,-0.12744567,-0.15751183,-0.20931396,-0.18224281,-0.29657933,-0.32474133,-0.15167135,-0.3242122,-0.17325558,-0.17108874,-0.2185038,-0.17647925,-0.114121355,-0.1394749,-0.15388772,-0.15788373,-0.22984435,-0.18186735,-0.25811028,-0.10421043,-0.12455491,-0.1382463,-0.1239406,-0.15189947,-0.15507051,-0.1560514,-0.14014931,-0.15141064,-0.16285563,-0.15474924,-0.15318716,-0.15267299,-0.13383219,-0.122600466,-0.14576983,-0.19013199,-0.17678082,-0.21025829,-0.3990198,-0.2041784,-0.11331354,-0.1296617,-0.11856714,-0.14759025,-0.16636807,-0.18655007,-0.19131215,-0.13114733,-0.076606534,-0.15285501,-0.13945362,-0.14106366,-0.11749691,-0.19987361,-0.1649412,-0.15798666,-0.14119354,-0.123414956,-0.12722544,-0.14610182,-0.2588673,-0.107026875,-0.13074079,-0.09132757,-0.12832497,-0.12900239,-0.14939666,-0.1516787,-0.09620084,-0.08910369,-0.12416521,-0.11035315,-0.13763696,-0.15048096,-0.17021744,-0.14256582,-0.11593426,-0.17370185,-0.15156755,-0.14220785,-0.12523486,-0.14181037,-0.17466888,-0.13176009,-0.1319192,-0.14553852,-0.12285025,-0.08722703,-0.05825615,-0.1431611,-0.17082691,-0.026243303,-0.16603285,-0.2829064,-0.31316653,-0.19879901,-0.14536977,-0.14331596,-0.14862512,-0.12963767,-0.25088155,-0.19392279,-0.18830225,-0.09436271,-0.109150946,-0.10702289,-0.09390569,-0.12759323,-0.15252873,-0.15746465,-0.16678748,-0.12812386,-0.0969081,-0.16398169,-0.14357103,-0.11335766,-0.18846886,-0.1706479,-0.1534588,-0.12548205,-0.115196005,-0.11268045,-0.11662802,-0.17600873,-0.13824207,-0.13435332,-0.096878245,-0.121098205,-0.09169335,-0.12434345,-0.13550645,-0.063823454,-0.13877153,-0.11419349,-0.13346124,-0.24483351,-0.2571875,-0.29957527,-0.14591789,-0.15652965,-0.13194627,-0.19104545,-0.0782174,-0.17222011,-0.16398714,-0.09859173,-0.11065883,-0.11425726,-0.076612435,-0.083404,-0.1213824,-0.13072303,-0.13855581,-0.19385117,-0.09900716,-0.15505332,-0.19487974,-0.19070303,-0.18671644,-0.111001395,-0.14289352,-0.10287693,-0.15900722,-0.19382796,-0.1728321,-0.1687243,-0.1425317,-0.14234862,-0.101359494,-0.15299185,-0.1612271,-0.18057615,-0.19517168,-0.12103241,-0.14720602,-0.11338505,-0.07984994,-0.14249438,-0.20725825,-0.16043234,-0.125103,-0.15657571,-0.15690626,-0.14323492,-0.19202894,-0.16206945,-0.18171391,-0.2963242,-0.19774966,-0.18082228,-0.1716219,-0.19304045,-0.15727223,-0.14054683,-0.13006827,-0.12557748,-0.13797462,-0.16262418,-0.30584824,-0.16615018,-0.18097709,-0.19235788,-0.11441202,-0.15035126,-0.14036268,-0.17764042,-0.16657375,-0.16428469,-0.14331086,-0.18237996,-0.1276837,-0.15281811,-0.13674487,-0.24156228,-0.17921104,-0.10306408,-0.13484071,-0.14182827,-0.17423993,-0.110023335,-0.13426025,-0.15220162,-0.15982562,-0.18151283,-0.15408966,-0.1488587,-0.19184028,-0.17492838,-0.16392738,-0.14723541,-0.14623587,-0.11499533,-0.10471026,-0.13477026,-0.20148799,-0.17676917,-0.12513243,-0.16528386,-0.18041904,-0.18738703,-0.11705899,-0.17639449,-0.26009822,-0.09244648,-0.092159264,-0.114459984,-0.1358951,-0.14783807,-0.098258674,-0.18892539
k__Bacteria|p__Bacteroidetes|c__Bacteroidia|o__Bacteroidales|f__Porphyromonadaceae|g__Porphyromonas|s__Porphyromonas_bennonis,-0.1004395,-0.12316422,-0.14098565,-0.20428483,-0.1658689,-0.1932615,-0.1666669,-0.14502388,-0.12480225,-0.18365848,-0.18240407,-0.22281274,-0.17002052,-0.20265314,-0.10307436,-0.098759115,-0.058144663,-0.099793896,-0.107432425,-0.17080364,-0.1978925,-0.12536043,-0.13631326,-0.15263405,-0.17138752,-0.11658599,-0.16719495,-0.17413354,-0.1509206,-0.12124001,-0.13500522,-0.10527669,-0.14817056,-0.19522825,-0.18937922,-0.2175087,-0.15958843,-0.22338755,-0.1961971,-0.29867563,-0.29210672,-0.19835135,-0.10708458,-0.09162698,-0.13691942,-0.1544671,-0.23188588,-0.19301146,-0.1465751,-0.2026537,-0.18221879,-0.18279888,-0.19640167,-0.19812593,-0.20373964,-0.15868674,-0.12571427,-0.14376837,-0.0924212,-0.09561761,-0.17121024,-0.14270936,-0.13743341,-0.14680496,-0.12719077,-0.15107319,-0.2613474,-0.22333384,-0.18820705,-0.20047067,-0.14582539,-0.14917658,-0.13064682,-0.1427128,-0.1514829,-0.16416603,-0.14705689,-0.16278498,-0.1582679,-0.14998752,-0.14722595,-0.1566196,-0.15329558,-0.22480208,-0.120334074,-0.14145981,-0.11816004,-0.16113432,-0.17403553,-0.15521178,-0.16831481,-0.11139822,-0.1388583,-0.13027036,-0.12893476,-0.15152657,-0.14261875,-0.1155944,-0.10065024,-0.0903516,-0.10560146,-0.120500006,-0.13497487,-0.15027548,-0.1604839,-0.1185138,-0.11129953,-0.1578567,-0.17738779,-0.13379486,-0.16368234,-0.25953975,-0.14837298,-0.1322807,-0.14147978,-0.15095688,-0.17780018,-0.16265154,-0.22917573,-0.09015879,-0.10993059,-0.13463554,-0.12968382,-0.13997786,-0.1732705,-0.13908121,-0.16057305,-0.12777606,-0.07092635,-0.03704006,-0.1366356,-0.16233602,-0.17878759,-0.14332479,-0.12334781,-0.13558689,-0.12023825,-0.13861436,-0.25318068,-0.26654312,-0.08352892,-0.10945694,-0.1450623,-0.09238048,-0.18743867,-0.18975842,-0.15265548,-0.09019655,-0.13230102,-0.14937383,-0.1500556,-0.1587854,-0.17031267,-0.18436971,-0.08760831,-0.123668626,-0.14087483,-0.10256614,-0.17951453,-0.19495486,-0.19129747,-0.100252494,-0.13113372,-0.07995659,-0.12827736,-0.19006202,-0.19297378,-0.19142018,-0.12366996,-0.07514897,-0.09707053,-0.11835854,-0.13657533,-0.12406494,-0.121451,-0.0944169,-0.09652914,-0.10854602,-0.082459606,-0.11295906,-0.13253209,-0.16722985,-0.1410757,-0.1359411,-0.18093297,-0.17825818,-0.19361725,-0.1446574,-0.15549555,-0.13562338,-0.119081676,-0.14001076,-0.19117098,-0.19014935,-0.18067548,-0.19755594,-0.25103784,-0.20219928,-0.18946873,-0.19024616,-0.1822558,-0.17320862,-0.27554205,-0.08916744,-0.11956477,-0.12768193,-0.15751183,-0.20931396,-0.18224281,-0.29657933,-0.32474133,-0.15133893,-0.3242122,-0.17325558,-0.17108874,-0.2185038,-0.17647925,-0.114121355,-0.1393548,-0.15388772,-0.15788373,-0.22984435,-0.18186735,-0.2545518,-0.10431599,-0.12455491,-0.13849655,-0.12433205,-0.15189947,-0.15529242,-0.15649952,-0.14014931,-0.15141064,-0.16339661,-0.15483318,-0.15349334,-0.15284994,-0.13383237,-0.12308069,-0.14609212,-0.19052565,-0.17662287,-0.21025829,-0.3990198,-0.20234169,-0.113420516,-0.1296617,-0.11857711,-0.1481863,-0.16636807,-0.18676592,-0.1913803,-0.13135965,-0.076819904,-0.15345082,-0.13971674,-0.14106366,-0.118296534,-0.19987361,-0.1649412,-0.15781376,-0.14131296,-0.12362486,-0.12722544,-0.14610182,-0.2588673,-0.10717814,-0.13074079,-0.09132757,-0.12832497,-0.1295217,-0.14963095,-0.15206006,-0.09630676,-0.08910369,-0.12449367,-0.11049412,-0.1377263,-0.150709,-0.17052343,-0.14291361,-0.11633613,-0.17372686,-0.15178153,-0.14239609,-0.1251088,-0.14242527,-0.17466888,-0.13176009,-0.1323569,-0.14573112,-0.12300609,-0.08722703,-0.05825615,-0.14348738,-0.17082691,-0.026243303,-0.1653103,-0.2829064,-0.31316653,-0.19822288,-0.14558162,-0.14331596,-0.14862512,-0.12963767,-0.25088155,-0.19312097,-0.18860936,-0.09485329,-0.10930528,-0.10702289,-0.09462497,-0.12759323,-0.15290299,-0.15746465,-0.16666052,-0.12812386,-0.0969081,-0.16398169,-0.14406729,-0.11335766,-0.18846886,-0.1706479,-0.15348992,-0.12576136,-0.115196005,-0.1131771,-0.11662802,-0.17614016,-0.13846537,-0.13444653,-0.096878245,-0.12101389,-0.091992915,-0.12434345,-0.13597888,-0.063823454,-0.13877153,-0.11419349,-0.13370997,-0.24483351,-0.2571875,-0.29957527,-0.1460062,-0.1565988,-0.13234952,-0.19104545,-0.0782174,-0.17217147,-0.16428927,1.4291314,-0.11065883,-0.11488792,-0.076612435,-0.083404,-0.1213824,-0.13072303,-0.13855581,-0.19385117,-0.09907392,-0.15554026,-0.19487974,-0.19056511,-0.18681484,-0.11128939,-0.1426213,-0.10327084,-0.15958738,-0.19361424,-0.17343947,-0.16894633,-0.14261702,-0.1422967,-0.10136258,-0.15332451,-0.16113955,-0.18045905,-0.19463632,-0.121346116,-0.14739373,-0.11369899,-0.080234125,-0.14315012,-0.20725825,-0.16041191,-0.125103,-0.15657571,-0.15690626,-0.14310572,-0.19202894,-0.16233492,-0.18228635,-0.2963242,-0.19537336,-0.1808495,-0.17098375,-0.19222175,-0.15719464,-0.14054683,-0.13027233,-0.12557748,-0.13835455,-0.16277032,-0.30584824,-0.1662355,-0.18132612,-0.1919808,-0.11441202,-0.1509656,-0.1402165,-0.17766911,-0.1666888,-0.16454598,-0.14331086,-0.18237996,-0.12788081,-0.15312624,-0.13754675,-0.24156228,-0.1784189,-0.10317737,-0.13475285,-0.14213318,-0.17446692,-0.11019105,-0.13450262,-0.15279247,-0.15963623,-0.18084994,-0.15460731,-0.1492154,-0.19184028,-0.17490718,-0.1643806,-0.14723541,-0.14623587,-0.11499533,-0.10471026,-0.13528201,-0.20148799,-0.17698985,-0.12513243,-0.16438538,-0.18041904,-0.18738703,-0.11705899,-0.17739905,-0.25791955,-0.092456415,-0.09227965,-0.11455387,-0.13610178,-0.14797704,-0.09848468,-0.18910895
k__Bacteria|p__Bacteroidetes|c__Bacteroidia|o__Bacteroidales|f__Prevotellaceae|g__Prevotella|s__Prevotella_brunnea,-0.1004395,-0.12316422,-0.14154401,-0.20428483,-0.16641854,-0.19336592,-0.1666669,-0.14497992,-0.12477668,-0.1836174,-0.1827313,-0.22426051,-0.16963705,-0.20411508,-0.10281357,-0.09887241,-0.058144663,-0.09956403,-0.107520364,-0.17067023,-0.1978925,-0.12536043,-0.13613406,-0.15209115,-0.17118357,-0.11658599,-0.16722721,-0.17365345,-0.1509206,-0.12124001,-0.13490921,-0.10535876,-0.14819762,-0.1954057,-0.1890404,-0.2175087,-0.16018298,-0.22338755,-0.1965536,-0.29867563,-0.29210672,-0.19797722,-0.10693735,-0.09162698,-0.13691942,-0.15487605,-0.23188588,-0.19360903,-0.14648056,-0.2026537,-0.18331172,-0.18279888,-0.1965744,-0.19784617,-0.20311905,-0.15799716,-0.12550229,-0.14357165,-0.09191462,-0.09538847,-0.17106542,-0.14211777,-0.13743341,-0.14673403,-0.12719077,-0.1512582,-0.2613474,-0.22333384,-0.18832812,-0.20047067,-0.14549685,-0.14896044,-0.13046683,-0.14253283,-0.15063234,-0.16364989,-0.14638919,-0.16278498,-0.15894982,-0.14998752,-0.14688276,-0.15689903,-0.15307802,-0.22480208,-0.120334074,-0.1413516,-0.1181452,-0.16079795,-0.1738017,-0.1553884,-0.16798317,-0.11139822,-0.1388583,-0.13027036,-0.12851971,-0.15152657,-0.14247705,-0.11528657,-0.10065024,-0.09021501,-0.105332576,-0.120257124,-0.13486968,-0.15027548,-0.16013184,-0.1185138,-0.11129953,-0.1578567,-0.17738779,-0.13334504,-0.1635896,-0.25953975,-0.14850791,-0.13239393,-0.14151356,-0.15095688,-0.17780018,-0.16347821,-0.22917573,-0.09015879,-0.110017546,-0.13451962,-0.12942626,-0.13997786,-0.17353298,-0.13908121,-0.16057305,-0.12777606,-0.07092635,-0.03704006,-0.13711584,-0.16200238,-0.17863885,-0.14332479,-0.12334781,-0.1355981,-0.12023825,-0.13815294,-0.25318068,-0.26654312,-0.08328234,-0.10945694,-0.14430806,-0.09238048,-0.18785301,-0.1900137,-0.15300179,-0.090115346,-0.13230102,-0.14941338,-0.15010583,-0.15871173,-0.17024389,-0.18350424,-0.087652445,-0.123526126,-0.1406335,-0.10256614,-0.17951453,-0.19495486,-0.19092119,-0.100018755,-0.13113372,-0.07941364,-0.1278413,-0.19006202,-0.19295369,-0.19150873,-0.12323174,-0.0749937,-0.09693707,-0.11831531,-0.13643767,-0.12406494,-0.121451,-0.09430817,-0.096536964,-0.10833007,-0.082459606,-0.11281991,-0.1322464,-0.1669429,-0.1410757,-0.13618428,-0.18093297,-0.17825818,-0.19393595,-0.14453891,-0.15549555,-0.1352257,-0.119081676,-0.14001076,-0.19117098,-0.19084364,-0.18098834,-0.19755594,-0.25103784,-0.20219928,-0.19006482,-0.19079283,-0.18243945,-0.173791,-0.27554205,-0.08916744,-0.11956477,-0.12789236,-0.15751183,-0.20931396,-0.18224281,-0.29657933,-0.32474133,-0.15423197,-0.3242122,-0.17325558,-0.17108874,-0.2185038,-0.17647925,-0.114121355,-0.13968754,-0.15388772,-0.15788373,-0.22984435,-0.18186735,-0.25589442,-0.10418576,-0.12455491,-0.138367,-0.12400176,-0.15189947,-0.15493627,-0.15599239,-0.14014931,-0.15141064,-0.16278343,-0.15492526,-0.15327609,-0.15283857,-0.13379195,-0.12282708,-0.14605537,-0.19001688,-0.17680371,-0.21025829,-0.3990198,-0.20377702,-0.11335039,-0.1296617,-0.11838229,-0.14784968,-0.16636807,-0.18645383,-0.19132279,-0.13145438,-0.076392576,-0.1528787,-0.1395838,-0.14106366,-0.11798951,-0.19987361,-0.1649412,-0.1583603,-0.14133883,-0.123369426,-0.12722544,-0.14610182,-0.2588673,-0.10715476,-0.13074079,-0.09132757,-0.12832497,-0.12903765,-0.14958912,-0.1516119,-0.09606543,-0.08910369,-0.12415576,-0.1103168,-0.13777804,-0.15060996,-0.17013395,-0.14273503,-0.11624454,-0.17379472,-0.15170519,-0.14222476,-0.12522048,-0.14200008,-0.17466888,-0.13176009,-0.13206092,-0.14554334,-0.12271252,-0.08722703,-0.05825615,-0.14340538,-0.17082691,-0.026243303,-0.16637439,-0.2829064,-0.31316653,-0.19865638,-0.14547792,-0.14331596,-0.14862512,-0.12963767,-0.25088155,-0.19346832,-0.18829374,-0.0944841,-0.109065115,-0.10702289,-0.09353114,-0.12759323,-0.15294701,-0.15746465,-0.16677766,-0.12812386,-0.0969081,-0.16398169,-0.14334837,-0.11335766,-0.18846886,-0.1706479,-0.15359068,-0.1254408,-0.115196005,-0.11270219,-0.11662802,-0.1759236,-0.13822559,-0.13410217,-0.096878245,-0.120894834,-0.09160279,-0.12434345,-0.1357702,-0.063823454,-0.13877153,-0.11419349,-0.13367197,-0.24483351,-0.2571875,-0.29957527,-0.1459724,-0.15649447,-0.13197613,-0.19104545,-0.0782174,-0.17225257,-0.16396093,-0.09859173,-0.11065883,-0.11447172,-0.076612435,-0.083404,-0.1213824,-0.13072303,-0.13855581,-0.19385117,-0.09873296,-0.15543866,-0.19487974,-0.19074729,-0.1866191,-0.111081585,-0.14285204,-0.102804385,-0.15897787,-0.19370969,-0.17272069,-0.16872203,-0.14260405,-0.14226478,-0.10158409,-0.15317008,-0.16131555,-0.18077892,-0.19486313,-0.12107672,-0.14720872,-0.11363271,-0.07984218,-0.14280927,-0.20725825,-0.16049854,-0.125103,-0.15657571,-0.15690626,-0.14341521,-0.19202894,-0.16223237,-0.1817334,-0.2963242,-0.19773778,-0.1810011,-0.17158407,-0.19291121,-0.15740573,-0.14054683,-0.13009386,-0.12557748,-0.13811058,-0.16292597,-0.30584824,-0.16645548,-0.1807285,-0.19238779,-0.11441202,-0.15051487,-0.14046168,-0.17781821,-0.16654992,-0.16431932,-0.14331086,-0.18237996,-0.12804969,-0.15304841,-0.13716716,-0.24156228,-0.17931114,-0.10302688,-0.13504282,-0.14173424,-0.17415115,-0.11013993,-0.13441819,-0.15206802,-0.15974028,-0.18148312,-0.15391481,-0.14877124,-0.19184028,-0.17502493,-0.16388312,-0.14723541,-0.14623587,-0.11499533,-0.10471026,-0.13502464,-0.20148799,-0.17675522,-0.12513243,-0.16540465,-0.18041904,-0.18738703,-0.11705899,-0.1763258,-0.25870132,-0.09232645,-0.09208176,-0.114561945,-0.13588294,-0.14774173,-0.09835475,-0.18877906
k__Bacteria|p__Bacteroidetes|c__Bacteroidia|o__Bacteroidales|f__Prevotellaceae|g__Prevotella|s__Prevotella_salivae,-0.1004395,-0.12316422,-0.14204612,-0.20428483,-0.16684756,-0.19332305,-0.1666669,-0.14475039,-0.12541187,-0.18311507,-0.1833396,-0.22289616,-0.17024204,-0.2038011,-0.10310021,-0.09926878,-0.058144663,-0.09898515,-0.10782397,-0.17046186,-0.1978925,-0.12536043,-0.13578278,-0.15153095,-0.17112914,-0.11658599,-0.16733634,-0.17316517,-0.1509206,-0.12124001,-0.13508321,-0.106011614,-0.14831145,-0.19545195,-0.18877807,-0.2175087,-0.1609208,-0.22338755,-0.19737718,-0.29867563,-0.29210672,-0.19785058,-0.10702856,-0.09162698,-0.13691942,-0.15499927,-0.23188588,-0.19366069,-0.14644116,-0.2026537,-0.18421228,-0.18279888,-0.19688201,-0.19766039,-0.20195529,-0.15693323,-0.12542313,-0.14339489,-0.09175996,-0.09548025,-0.17074107,-0.14170125,-0.13743341,-0.1466444,-0.12719077,-0.15164702,-0.2613474,-0.22333384,-0.18846926,-0.20047067,-0.14503065,-0.14885318,-0.13053864,-0.14231004,-0.14954084,-0.16291492,-0.14603427,-0.16278498,-0.15947245,-0.14998752,-0.14683339,-0.15704718,-0.15281537,-0.22480208,-0.120334074,-0.14133339,-0.118168056,-0.16017865,-0.17333016,-0.1556741,-0.1677281,-0.11139822,-0.1388583,-0.13027036,-0.1283601,-0.15152657,-0.14256877,-0.115194395,-0.10065024,-0.09056604,-0.10527195,-0.1201887,-0.13473962,-0.15027548,-0.1598871,-0.1185138,-0.11129953,-0.1578567,-0.17738779,-0.13298109,-0.16432019,-0.25953975,-0.14860633,-0.13278691,-0.14154334,-0.15095688,-0.17780018,-0.16408433,-0.22917573,-0.09015879,-0.1101851,-0.13458325,-0.12935197,-0.13997786,-0.17378423,-0.13908121,-0.16057305,-0.12777606,-0.07092635,-0.03704006,-0.13722353,-0.16169956,-0.17836958,-0.14332479,-0.12334781,-0.13599128,-0.12023825,-0.13789317,-0.25318068,-0.26654312,-0.083403766,-0.10945694,-0.14391395,-0.09238048,-0.18780425,-0.19002649,-0.15319183,-0.09022517,-0.13230102,-0.14947456,-0.15012337,-0.15854096,-0.17017594,-0.18279539,-0.08799557,-0.123349935,-0.14068338,-0.10256614,-0.17951453,-0.19495486,-0.19045526,-0.09998609,-0.13113372,-0.079314716,-0.1278655,-0.19006202,-0.19282007,-0.19144797,-0.12277279,-0.07544781,-0.09708321,-0.118551955,-0.13638419,-0.12406494,-0.121451,-0.09434576,-0.096856646,-0.10853696,-0.082459606,-0.11285722,-0.13211972,-0.166524,-0.1410757,-0.13649714,-0.18093297,-0.17825818,-0.19410379,-0.14469922,-0.15549555,-0.13503775,-0.119081676,-0.14001076,-0.19117098,-0.19106624,-0.18124625,-0.19755594,-0.25103784,-0.20219928,-0.19028817,-0.1912095,-0.18253145,-0.17428304,-0.27554205,-0.08916744,-0.11956477,-0.12837727,-0.15751183,-0.20931396,-0.18224281,-0.29657933,-0.32474133,-0.1564615,-0.3242122,-0.17325558,-0.17108874,-0.2185038,-0.17647925,-0.114121355,-0.1401072,-0.15388772,-0.15788373,-0.22984435,-0.18186735,-0.25724962,-0.10425873,-0.12455491,-0.13838765,-0.12394625,-0.15189947,-0.15430595,-0.15546595,-0.14014931,-0.15141064,-0.16215245,-0.1550248,-0.15305895,-0.15309983,-0.13400999,-0.12290624,-0.1462701,-0.18935889,-0.17666,-0.21025829,-0.3990198,-0.20394403,-0.11338438,-0.1296617,-0.118201114,-0.14773709,-0.16636807,-0.18590537,-0.1915159,-0.13171262,-0.07676047,-0.15255702,-0.13980684,-0.14106366,-0.11734775,-0.19987361,-0.1649412,-0.15893546,-0.14160465,-0.12352158,-0.12722544,-0.14610182,-0.2588673,-0.10730928,-0.13074079,-0.09132757,-0.12832497,-0.12863803,-0.1496197,-0.1511099,-0.096089005,-0.08910369,-0.12413733,-0.11054782,-0.13777539,-0.15067786,-0.16980296,-0.14266115,-0.11649302,-0.1735701,-0.15173556,-0.14191604,-0.12544796,-0.14139867,-0.17466888,-0.13176009,-0.13209406,-0.14545067,-0.12265609,-0.08722703,-0.05825615,-0.14327237,-0.17082691,-0.026243303,-0.16756916,-0.2829064,-0.31316653,-0.19871132,-0.1453155,-0.14331596,-0.14862512,-0.12963767,-0.25088155,-0.19336072,-0.18803574,-0.09454949,-0.109060094,-0.10702289,-0.09301378,-0.12759323,-0.1530503,-0.15746465,-0.16665444,-0.12812386,-0.0969081,-0.16398169,-0.1427317,-0.11335766,-0.18846886,-0.1706479,-0.15368459,-0.12540574,-0.115196005,-0.112638116,-0.11662802,-0.17557165,-0.13800408,-0.1339565,-0.096878245,-0.12100883,-0.09152444,-0.12434345,-0.1355343,-0.063823454,-0.13877153,-0.11419349,-0.13373023,-0.24483351,-0.2571875,-0.29957527,-0.14589009,-0.15636627,-0.13190383,-0.19104545,-0.0782174,-0.17223367,-0.16383395,-0.09859173,-0.11065883,-0.11427129,-0.076612435,-0.083404,-0.1213824,-0.13072303,-0.13855581,-0.19385117,-0.09857342,-0.15556985,-0.19487974,-0.19103314,-0.18660057,-0.111099005,-0.14291337,-0.102638975,-0.15835458,-0.19380811,-0.17173742,-0.16914122,-0.14257595,-0.14222345,-0.10217761,-0.1530901,-0.16133702,-0.18111789,-0.19502556,-0.12092307,-0.14687842,-0.113994986,-0.08007687,-0.142721,-0.20725825,-0.16055195,-0.125103,-0.15657571,-0.15690626,-0.1437318,-0.19202894,-0.16236204,-0.1813238,-0.2963242,-0.20006871,-0.18156748,-0.17204015,-0.19315664,-0.15766063,-0.14054683,-0.13015583,-0.12557748,-0.13831559,-0.16368334,-0.30584824,-0.16680828,-0.18058372,-0.19271031,-0.11441202,-0.1502713,-0.14059287,-0.17774886,-0.166431,-0.1641669,-0.14331086,-0.18237996,-0.1286504,-0.15324727,-0.13742542,-0.24156228,-0.1800808,-0.10302284,-0.13532685,-0.14132336,-0.1737899,-0.11039963,-0.13453151,-0.15139191,-0.15937153,-0.18194142,-0.1532754,-0.14857897,-0.19184028,-0.17517447,-0.16327563,-0.14723541,-0.14623587,-0.11499533,-0.10471026,-0.13493535,-0.20148799,-0.1764458,-0.12513243,-0.16637217,-0.18041904,-0.18738703,-0.11705899,-0.1751349,-0.26000184,-0.09252769,-0.092172846,-0.11491126,-0.13572887,-0.14765236,-0.098645486,-0.18849891
k__Bacteria|p__Bacteroidetes|c__Bacteroidia|o__Bacteroidales|f__Bacteroidaceae|g__Bacteroides|s__Bacteroides_intestinalis,-0.1004395,-0.12316422,-0.14156598,-0.20428483,-0.16686693,-0.19299345,-0.1666669,-0.14460845,-0.12515025,-0.18283214,-0.18332516,-0.22016604,-0.17011446,-0.20271063,-0.1030687,-0.09895413,-0.058144663,-0.09911357,-0.10776195,-0.1703185,-0.1978925,-0.12536043,-0.13597724,-0.15177335,-0.17108166,-0.11658599,-0.16734052,-0.17320836,-0.1509206,-0.12124001,-0.13498987,-0.10587813,-0.14813161,-0.1951085,-0.18859205,-0.2175087,-0.16082044,-0.22338755,-0.19670554,-0.29867563,-0.29210672,-0.19729206,-0.107015595,-0.09162698,-0.13691942,-0.15478805,-0.23188588,-0.1934075,-0.14635676,-0.2026537,-0.18390542,-0.18279888,-0.19633356,-0.19725743,-0.20094304,-0.15703228,-0.12543982,-0.14342728,-0.09199226,-0.09550205,-0.17085661,-0.14191417,-0.13743341,-0.1466242,-0.12719077,-0.15125677,-0.2613474,-0.22333384,-0.18839379,-0.20047067,-0.1451552,-0.14895049,-0.13046238,-0.14232983,-0.14993244,-0.16322644,-0.14619783,-0.16278498,-0.15931329,-0.14998752,-0.14701752,-0.15685605,-0.15284085,-0.22480208,-0.120334074,-0.14128147,-0.118141666,-0.1603836,-0.17341053,-0.15543735,-0.16768014,-0.11139822,-0.1388583,-0.13027036,-0.12842187,-0.15152657,-0.14262904,-0.11518754,-0.10065024,-0.09052557,-0.105310515,-0.120218724,-0.13476767,-0.15027548,-0.15995264,-0.1185138,-0.11129953,-0.1578567,-0.17738779,-0.13285662,-0.16375583,-0.25953975,-0.14845896,-0.13262637,-0.14129125,-0.15095688,-0.17780018,-0.16358203,-0.22917573,-0.09015879,-0.1101032,-0.13449568,-0.12936172,-0.13997786,-0.17352824,-0.13908121,-0.16057305,-0.12777606,-0.07092635,-0.03704006,-0.13699079,-0.1617727,-0.17828535,-0.14332479,-0.12334781,-0.13582575,-0.12023825,-0.13799348,-0.25318068,-0.26654312,-0.08353476,-0.10945694,-0.14404479,-0.09238048,-0.1874808,-0.18980564,-0.15297069,-0.09029086,-0.13230102,-0.14935121,-0.1500217,-0.15850845,-0.17016587,-0.18300423,-0.08800164,-0.1232206,-0.14066398,-0.10256614,-0.17951453,-0.19495486,-0.19034384,-0.09993817,-0.13113372,-0.07915455,-0.12774396,-0.19006202,-0.19279605,-0.19114524,-0.12289578,-0.07563189,-0.09699194,-0.1183452,-0.13631001,-0.12406494,-0.121451,-0.09432475,-0.09669544,-0.10843658,-0.082459606,-0.112717554,-0.13218263,-0.16649953,-0.1410757,-0.13630338,-0.18093297,-0.17825818,-0.19374005,-0.14452916,-0.15549555,-0.13498724,-0.119081676,-0.14001076,-0.19117098,-0.19067284,-0.18093209,-0.19755594,-0.25103784,-0.20219928,-0.19010909,-0.19085857,-0.1822277,-0.17379287,-0.27554205,-0.08916744,-0.11956477,-0.12812573,-0.15751183,-0.20931396,-0.18224281,-0.29657933,-0.32474133,-0.15395203,-0.3242122,-0.17325558,-0.17108874,-0.2185038,-0.17647925,-0.114121355,-0.13992944,-0.15388772,-0.15788373,-0.22984435,-0.18186735,-0.25457186,-0.104260825,-0.12455491,-0.13834049,-0.123996615,-0.15189947,-0.15459305,-0.1556372,-0.14014931,-0.15141064,-0.16243407,-0.15503837,-0.15308303,-0.15287264,-0.13378479,-0.12296004,-0.14622648,-0.18950985,-0.17655383,-0.21025829,-0.3990198,-0.20161048,-0.11328806,-0.1296617,-0.11806176,-0.14771003,-0.16636807,-0.1859101,-0.19125538,-0.13150877,-0.07698287,-0.15256068,-0.13975812,-0.14106366,-0.11738381,-0.19987361,-0.1649412,-0.15870582,-0.14127566,-0.12350222,-0.12722544,-0.14610182,-0.2588673,-0.10716134,-0.13074079,-0.09132757,-0.12832497,-0.12883528,-0.14971778,-0.15128264,-0.096142106,-0.08910369,-0.12407478,-0.11057932,-0.13762188,-0.15064946,-0.16975677,-0.14261396,-0.11651814,-0.17335944,-0.1516904,-0.14199053,-0.125368,-0.14143819,-0.17466888,-0.13176009,-0.13206431,-0.14543611,-0.12267885,-0.08722703,-0.05825615,-0.14314052,-0.17082691,-0.026243303,-0.16647401,-0.2829064,-0.31316653,-0.1974216,-0.1453206,-0.14331596,-0.14862512,-0.12963767,-0.25088155,-0.19319576,-0.18792492,-0.09471196,-0.109047435,-0.10702289,-0.09327404,-0.12759323,-0.15275827,-0.15746465,-0.16652296,-0.12812386,-0.0969081,-0.16398169,-0.14309043,-0.11335766,-0.18846886,-0.1706479,-0.15367198,-0.12549075,-0.115196005,-0.11261384,-0.11662802,-0.17548239,-0.13806438,-0.13407034,-0.096878245,-0.12086616,-0.09166752,-0.12434345,-0.13559955,-0.063823454,-0.13877153,-0.11419349,-0.13360721,-0.24483351,-0.2571875,-0.29957527,-0.14579612,-0.15636864,-0.13189214,-0.19104545,-0.0782174,-0.17182851,-0.16379368,-0.09859173,-0.11065883,-0.11445275,-0.076612435,-0.083404,-0.1213824,-0.13072303,-0.13855581,-0.19385117,-0.09881596,-0.1552716,-0.19487974,-0.19079873,-0.18637156,-0.11113165,-0.14288196,-0.10286203,-0.1584808,-0.1935148,-0.17159173,-0.16902024,-0.1425315,-0.14213786,-0.10189368,-0.15290518,-0.1612072,-0.18071061,-0.19454691,-0.12101139,-0.14683162,-0.11380266,-0.080123216,-0.14240357,-0.20725825,-0.16051072,-0.125103,2.5093634,-0.15690626,-0.14346108,-0.19202894,-0.16235748,-0.18143426,-0.2963242,-0.19833887,-0.18092148,-0.17172915,-0.19265701,-0.157298,-0.14054683,-0.13013552,-0.12557748,-0.13815895,-0.16314471,-0.30584824,-0.1666134,-0.18070982,-0.19243997,-0.11441202,-0.15025584,-0.14045459,-0.17751873,-0.16642728,-0.16413108,-0.14331086,-0.18237996,-0.12831786,-0.15302046,-0.1369878,-0.24156228,-0.17963585,-0.10305883,-0.13521653,-0.14146784,-0.17382066,-0.11043878,-0.13444695,-0.15164588,-0.15928611,-0.18171576,-0.15345132,-0.14873068,-0.19184028,-0.17515436,-0.16347153,-0.14723541,-0.14623587,-0.11499533,-0.10471026,-0.13476688,-0.20148799,-0.17656803,-0.12513243,-0.16587348,-0.18041904,-0.18738703,-0.11705899,-0.1753279,-0.2588421,-0.092501864,-0.09221092,-0.114769794,-0.13564575,-0.14760605,-0.09863126,-0.1884101
k__Bacteria|p__Bacteroidetes|c__Bacteroidia|o__Bacteroidales|f__Bacteroidaceae|g__Bacteroides|s__Bacteroides_faecis,-0.1004395,-0.12316422,-0.14143254,-0.20428483,-0.16661057,-0.1939469,-0.1666669,-0.14558217,-0.12434833,-0.18432704,-0.1832552,-0.23733203,-0.16821061,-0.20964055,-0.10346835,-0.09992917,-0.058144663,-0.10045208,-0.10748877,-0.1710667,-0.1978925,-0.12536043,-0.13658622,-0.1530179,-0.17223223,-0.11658599,-0.16715136,-0.17470218,-0.1509206,-0.12124001,-0.1348766,-0.10566032,-0.14817137,-0.19730762,-0.19003615,-0.2175087,-0.16002154,-0.22338755,-0.1977371,-0.29867563,-0.29210672,-0.19979513,-0.10751217,-0.09162698,-0.13691942,-0.15488005,-0.23188588,-0.19400172,-0.14667109,-0.2026537,-0.18271235,-0.18279888,-0.1990711,-0.20090373,-0.20879664,-0.15861328,-0.12610066,-0.14432544,-0.09229542,-0.095852226,-0.17172751,-0.14294468,-0.13743341,-0.14723891,-0.12719077,-0.15071048,-0.2613474,-0.22333384,-0.18904123,-0.20047067,-0.14651553,-0.1496319,-0.13112691,-0.14342065,-0.15221316,-0.16533887,-0.14710495,-0.16278498,-0.15906292,-0.14998752,-0.14722419,-0.15713447,-0.15352318,-0.22480208,-0.120334074,-0.14158198,-0.11836736,-0.16175929,-0.17478883,-0.15552098,-0.16850811,-0.11139822,-0.1388583,-0.13027036,-0.12882617,-0.15152657,-0.14200601,-0.11574681,-0.10065024,-0.09050907,-0.105838865,-0.1209808,-0.13522342,-0.15027548,-0.16072118,-0.1185138,-0.11129953,-0.1578567,-0.17738779,-0.13479726,-0.16363604,-0.25953975,-0.14862409,-0.13240692,-0.14213067,-0.15095688,-0.17780018,-0.16297668,-0.22917573,-0.09015879,-0.10955962,-0.13485166,-0.13020732,-0.13997786,-0.17368183,-0.13908121,-0.16057305,-0.12777606,-0.07092635,-0.03704006,-0.13697982,-0.1623928,-0.17937566,-0.14332479,-0.12334781,-0.1353536,-0.12023825,-0.13881834,-0.25318068,-0.26654312,-0.08350974,-0.10945694,-0.14524113,-0.09238048,-0.18753651,-0.19096348,-0.15284413,-0.090229526,-0.13230102,-0.14941695,-0.1505324,-0.15947433,-0.17094103,-0.18487267,-0.08772337,-0.124396816,-0.14177555,-0.10256614,-0.17951453,-0.19495486,-0.19251618,-0.100297436,-0.13113372,-0.080937356,-0.12805495,-0.19006202,-0.19433056,-0.19224527,-0.12391418,-0.07533153,-0.09749018,-0.11876184,-0.13677645,-0.12406494,-0.121451,-0.09488987,-0.096744284,-0.108631656,-0.082459606,-0.11325935,-0.1324697,-0.16770574,-0.1410757,-0.13592555,-0.18093297,-0.17825818,-0.19497004,-0.14484677,-0.15549555,-0.1360035,-0.119081676,-0.14001076,-0.19117098,-0.19186753,-0.18158942,-0.19755594,-0.25103784,-0.20219928,-0.18931602,-0.19103983,-0.18273012,-0.17358157,-0.27554205,-0.08916744,-0.11956477,-0.12699267,-0.15751183,-0.20931396,-0.18224281,-0.29657933,-0.32474133,-0.14802025,-0.3242122,-0.17325558,-0.17108874,-0.2185038,-0.17647925,-0.114121355,-0.13948765,-0.15388772,-0.15788373,-0.22984435,-0.18186735,-0.26182213,-0.10455306,-0.12455491,-0.13852775,-0.124284625,-0.15189947,-0.15580127,-0.15689233,-0.14014931,-0.15141064,-0.16398025,-0.15521133,-0.15389612,-0.15315096,-0.13410938,-0.12295182,-0.14597489,-0.19139238,-0.17737791,-0.21025829,-0.3990198,-0.20354271,-0.11355423,-0.1296617,-0.11933918,-0.1480678,-0.16636807,-0.18742642,-0.19191599,-0.13112654,-0.0767523,-0.15374556,-0.13959506,-0.14106366,-0.11798869,-0.19987361,-0.1649412,-0.15788339,-0.14158484,-0.12380481,-0.12722544,-0.14610182,-0.2588673,-0.107166305,-0.13074079,-0.09132757,-0.12832497,-0.12950853,-0.14951478,-0.15238902,-0.09654802,-0.08910369,-0.12459177,-0.110517696,-0.1378055,-0.15074806,-0.17109528,-0.14311041,-0.11574016,-0.17427857,-0.15185955,-0.14268462,-0.12561375,-0.14240092,-0.17466888,-0.13176009,-0.13226075,-0.14623785,-0.123449974,-0.08722703,-0.05825615,-0.14370708,-0.17082691,-0.026243303,-0.16546594,-0.2829064,-0.31316653,-0.19927198,-0.14591284,-0.14331596,-0.14862512,-0.12963767,-0.25088155,-0.1949594,-0.18922666,-0.094553165,-0.109661914,-0.10702289,-0.09523155,-0.12759323,-0.15255176,-0.15746465,-0.1676598,-0.12812386,-0.0969081,-0.16398169,-0.1443806,-0.11335766,-0.18846886,-0.1706479,-0.15389475,-0.1261175,-0.115196005,-0.113374844,-0.11662802,-0.17658365,-0.13895293,-0.13510776,-0.096878245,-0.1216612,-0.09194439,-0.12434345,-0.1356711,-0.063823454,-0.13877153,-0.11419349,-0.13378489,-0.24483351,-0.2571875,-0.29957527,-0.14654075,-0.15724489,-0.13267308,-0.19104545,-0.0782174,-0.17290768,-0.16488054,-0.09859173,-0.11065883,-0.11450506,-0.076612435,-0.083404,-0.1213824,-0.13072303,-0.13855581,-0.19385117,-0.099694565,-0.15558982,-0.19487974,-0.19113633,-0.18757062,-0.1111805,-0.14300519,-0.103281945,-0.16029736,-0.19485596,-0.17428675,-0.1690743,-0.14297223,-0.14299086,-0.10134508,-0.15345815,-0.16174847,-0.1808101,-0.19601357,-0.12144144,-0.14793074,-0.11334358,-0.07997702,-0.14342266,-0.20725825,-0.16076644,-0.125103,-0.15657571,-0.15690626,-0.14336891,-0.19202894,-0.16245025,-0.18258622,-0.2963242,-0.19706456,-0.18118547,-0.17149666,-0.19330697,-0.1576457,-0.14054683,-0.13043956,-0.12557748,-0.13827726,-0.16254038,-0.30584824,-0.16636497,-0.18213154,-0.19275625,-0.11441202,-0.15087996,-0.14040698,-0.17810073,-0.16742846,-0.16483629,-0.14331086,-0.18237996,-0.12772578,-0.1533279,-0.13789658,-0.24156228,-0.17861804,-0.1033389,-0.13484657,-0.14265242,-0.17526552,-0.109901965,-0.1344882,-0.15322171,-0.16063848,-0.18161583,-0.15517657,-0.14969428,-0.19184028,-0.17531916,-0.16486487,-0.14723541,-0.14623587,-0.11499533,-0.10471026,-0.135115,-0.20148799,-0.17744443,-0.12513243,-0.16466224,-0.18041904,-0.18738703,-0.11705899,-0.17815423,-0.26176745,-0.09266123,-0.09234906,-0.11458866,-0.13648802,-0.1485402,-0.09828674,-0.18978561
k__Bacteria|p__Bacteroidetes|c__Bacteroidia|o__Bacteroidales|f__Dysgonomonadaceae|g__Dysgonomonas|s__Dysgonomonas_capnocytophagoides,-0.1004395,-0.12316422,-0.14061016,-0.20428483,-0.16632064,-0.19234043,-0.1666669,-0.14460288,-0.12439284,-0.18275233,-0.18200913,-0.22107536,-0.1686244,-0.20228037,-0.10286293,-0.09887783,-0.058144663,-0.09947035,-0.10731892,-0.1699405,-0.1978925,-0.12536043,-0.13591632,-0.15189698,-0.17059079,-0.11658599,-0.16673551,-0.17338505,-0.1509206,-0.12124001,-0.13476713,-0.10510067,-0.14764878,-0.19430864,-0.18811831,-0.2175087,-0.16036533,-0.22338755,-0.19599506,-0.29867563,-0.29210672,-0.19638139,-0.106952,-0.09162698,-0.13691942,-0.15428354,-0.23188588,-0.19271758,-0.14609347,-0.2026537,-0.18335637,-0.18279888,-0.19566351,-0.19630787,-0.20058553,-0.15741575,-0.1252689,-0.14323612,-0.09210814,-0.09529804,-0.17052442,-0.14192672,-0.13743341,-0.1464058,-0.12719077,-0.1505254,-0.2613474,-0.22333384,-0.18783014,-0.20047067,-0.1452168,-0.1487461,-0.13007334,-0.14195292,-0.1501557,-0.16359812,-0.14642969,-0.16278498,-0.15882002,-0.14998752,-0.14671236,-0.15625796,-0.15258121,-0.22480208,-0.120334074,-0.14092582,-0.11781409,-0.16035724,-0.17339608,-0.15484239,-0.1675041,-0.11139822,-0.1388583,-0.13027036,-0.1282295,-0.15152657,-0.14217821,-0.115412995,-0.10065024,-0.090125576,-0.105061024,-0.12001582,-0.13443336,-0.15027548,-0.15988714,-0.1185138,-0.11129953,-0.1578567,-0.17738779,-0.13310727,-0.16279466,-0.25953975,-0.14816532,-0.13197894,-0.14079015,-0.15095688,-0.17780018,-0.1627444,-0.22917573,-0.09015879,-0.10990558,-0.13415262,-0.12911299,-0.13997786,-0.17280939,-0.13908121,-0.16057305,-0.12777606,-0.07092635,-0.03704006,-0.13648874,-0.16132493,-0.17826703,-0.14332479,-0.12334781,-0.13526246,-0.12023825,-0.13757852,-0.25318068,-0.26654312,-0.083301626,-0.10945694,-0.14390883,-0.09238048,-0.18668072,-0.18908903,-0.1522277,-0.09003489,-0.13230102,-0.14890006,-0.14959837,-0.15820318,-0.16971034,-0.18299471,-0.08752839,-0.12342051,-0.14062616,-0.10256614,-0.17951453,-0.19495486,-0.19025086,-0.09985253,-0.13113372,-0.07885897,-0.1270503,-0.19006202,-0.19222003,-0.1906419,-0.12330056,-0.075280294,-0.096819475,-0.11790417,-0.13593169,-0.12406494,-0.121451,-0.094239764,-0.0962895,-0.10806078,-0.082459606,-0.11232271,-0.13171068,-0.16654769,-0.1410757,-0.1358153,-0.18093297,-0.17825818,-0.19284153,-0.14395884,-0.15549555,-0.13496146,-0.119081676,-0.14001076,-0.19117098,-0.18994729,-0.18036383,-0.19755594,-0.25103784,-0.20219928,-0.18920776,-0.18997046,-0.18147095,-0.17270575,-0.27554205,-0.08916744,-0.11956477,-0.12728989,-0.15751183,-0.20931396,-0.18224281,-0.29657933,-0.32474133,-0.15149316,-0.3242122,-0.17325558,-0.17108874,-0.2185038,-0.17647925,-0.114121355,-0.13927603,-0.15388772,-0.15788373,-0.22984435,-0.18186735,-0.2524889,-0.10401772,-0.12455491,-0.1379345,-0.123697385,-0.15189947,-0.15441489,-0.15591247,-0.14014931,-0.15141064,-0.1625332,-0.1546804,-0.1529364,-0.15237328,-0.13336533,-0.122684896,-0.14576381,-0.18924305,-0.1761371,-0.21025829,-0.3990198,-0.1994569,-0.11307645,-0.1296617,-0.117961854,-0.14727272,-0.16636807,-0.18580419,-0.19062468,-0.13119796,-0.0763444,-0.15241455,-0.13916351,-0.14106366,-0.117960796,-0.19987361,-0.1649412,-0.15804963,-0.14072461,-0.123077884,-0.12722544,-0.14610182,-0.2588673,-0.106882796,-0.13074079,-0.09132757,-0.12832497,-0.12872773,-0.1491783,-0.15147825,-0.09607038,-0.08910369,-0.1237563,-0.11002983,-0.13722113,-0.15008767,-0.16961583,-0.14242053,-0.116073295,-0.17301658,-0.15118825,-0.14183146,-0.12473339,-0.1418173,-0.17466888,-0.13176009,-0.13169329,-0.14518914,-0.12255426,-0.08722703,-0.05825615,-0.14293984,5.177021,-0.026243303,-0.16579768,-0.2829064,-0.31316653,-0.19595411,-0.14514023,-0.14331596,-0.14862512,-0.12963767,-0.25088155,-0.19272305,-0.18771161,-0.094374746,-0.10900128,-0.10702289,-0.09330313,-0.12759323,-0.15223755,-0.15746465,-0.16644102,-0.12812386,-0.0969081,-0.16398169,-0.143222,-0.11335766,-0.18846886,-0.1706479,-0.15336938,-0.12536967,-0.115196005,-0.112468466,-0.11662802,-0.1753406,-0.13799961,-0.13390753,-0.096878245,-0.12048806,-0.0914762,-0.12434345,-0.13569742,-0.063823454,-0.13877153,-0.11419349,-0.13315716,-0.24483351,-0.2571875,-0.29957527,-0.14555492,-0.15599522,-0.13147946,-0.19104545,-0.0782174,-0.1713675,-0.16370666,-0.09859173,-0.11065883,-0.1146461,-0.076612435,-0.083404,-0.1213824,-0.13072303,-0.13855581,-0.19385117,-0.0986536,-0.15491809,-0.19487974,-0.18999058,-0.18586615,-0.110945135,-0.14243715,-0.10274273,-0.15873872,-0.1927214,-0.17197128,-0.1681639,-0.14224665,-0.14195469,-0.10121988,-0.15243344,-0.16083995,-0.179918,-0.193784,-0.12080673,-0.1468499,-0.11352445,-0.07975585,-0.14203611,-0.20725825,-0.16034776,-0.125103,-0.15657571,-0.15690626,-0.14293884,-0.19202894,-0.16187324,-0.18129247,-0.2963242,-0.19579616,-0.17975649,-0.17055026,-0.19147937,-0.15661488,-0.14054683,-0.12978782,-0.12557748,-0.13766968,-0.1623108,-0.30584824,-0.16586885,-0.18030693,-0.1917159,-0.11441202,-0.14986065,-0.1399529,-0.17705104,-0.16611001,-0.16395816,-0.14331086,-0.18237996,-0.12780273,-0.15247142,-0.13637865,-0.24156228,-0.17863114,-0.10290464,-0.13465428,-0.14135127,-0.17370088,-0.10993838,-0.13391304,-0.15188162,-0.15938711,-0.18078774,-0.15344074,-0.14832193,-0.19184028,-0.17447543,-0.16381845,-0.14723541,-0.14623587,-0.11499533,-0.10471026,-0.13421431,-0.20148799,-0.17649359,-0.12513243,-0.16488612,-0.18041904,-0.18738703,-0.11705899,-0.17597751,-0.25672543,-0.09226528,-0.092036866,-0.11422597,-0.13538584,-0.14723256,-0.09803899,-0.18801028
k__Bacteria|p__Bacteroidetes|c__Bacteroidia|o__Bacteroidales|f__Rikenellaceae|g__GGB3277|s__GGB3277_SGB4327,-0.1004395,-0.12316422,-0.14164639,-0.20428483,-0.16718285,-0.19355327,-0.1666669,-0.14540535,-0.12539625,-0.18445478,-0.18350092,-0.21840432,-0.17005153,-0.20264298,-0.10278848,-0.09845938,-0.058144663,-0.099727705,-0.10774506,-0.17121685,-0.1978925,-0.12536043,-0.13665664,-0.15271842,-0.17156944,-0.11658599,-0.16824338,-0.17431192,-0.1509206,-0.12124001,-0.13544899,-0.10542244,-0.1487091,-0.1954146,-0.18942352,-0.2175087,-0.16075256,-0.22338755,-0.19666491,-0.29867563,-0.29210672,-0.19783217,-0.10702963,-0.09162698,-0.13691942,-0.15536459,-0.23188588,-0.19402823,-0.14677724,-0.2026537,-0.18435982,-0.18279888,-0.19664444,-0.19712305,-0.20105155,-0.15840106,-0.12575194,-0.14385846,-0.0921586,-0.09545848,-0.17177092,-0.14257081,-0.13743341,-0.14711338,-0.12719077,-0.15183665,-0.2613474,-0.22333384,-0.1891324,-0.20047067,-0.1458554,-0.14948153,-0.1306425,-0.14281842,-0.15100028,-0.16421305,-0.14691323,-0.16278498,-0.1594876,-0.14998752,-0.14765954,-0.15726158,-0.15357962,-0.22480208,-0.120334074,-0.14181331,-0.11840533,-0.1614082,-0.17434804,-0.15575929,-0.16864187,-0.11139822,-0.1388583,-0.13027036,-0.12898308,-0.15152657,-0.14336224,-0.11556565,-0.10065024,-0.0903561,-0.105480716,-0.120443925,-0.13522074,-0.15027548,-0.16077952,-0.1185138,-0.11129953,-0.1578567,-0.17738779,-0.13322198,-0.16394466,-0.25953975,-0.14894551,-0.13278599,-0.14163792,-0.15095688,-0.17780018,-0.16370045,-0.22917573,-0.09015879,-0.11048937,-0.13491046,-0.12962754,-0.13997786,-0.17407244,-0.13908121,-0.16057305,-0.12777606,-0.07092635,-0.03704006,-0.13747334,-0.1626505,-0.17920974,-0.14332479,-0.12334781,-0.13618141,-0.12023825,-0.13859999,-0.25318068,-0.26654312,-0.083466575,-0.10945694,-0.14473963,-0.09238048,-0.18857081,-0.1905066,-0.15342121,-0.09025878,-0.13230102,-0.14994481,-0.15053517,-0.1591567,-0.17079765,-0.18406153,-0.087685764,-0.12352674,-0.14100465,-0.10256614,-0.17951453,-0.19495486,-0.19105819,-0.10011232,-0.13113372,-0.07881923,-0.12815177,-0.19006202,-0.19344532,-0.19182646,-0.123548165,-0.07509628,-0.09686898,-0.11839485,-0.13682866,-0.12406494,-0.121451,-0.094222315,-0.096469596,-0.10852265,-0.082459606,-0.1128836,-0.13271675,-0.16746515,-0.1410757,-0.13665563,-0.18093297,-0.17825818,-0.19402634,-0.14477172,-0.15549555,-0.13542229,-0.119081676,-0.14001076,2.6965053,-0.19101089,-0.18151626,-0.19755594,-0.25103784,-0.20219928,-0.1909477,-0.19140352,-0.18295206,-0.17419678,-0.27554205,-0.08916744,-0.11956477,-0.12854049,-0.15751183,-0.20931396,-0.18224281,-0.29657933,-0.32474133,-0.15403236,-0.3242122,-0.17325558,-0.17108874,-0.2185038,-0.17647925,-0.114121355,-0.14019938,-0.15388772,-0.15788373,-0.22984435,-0.18186735,-0.2528112,-0.10430259,-0.12455491,-0.13895553,-0.12445259,-0.15189947,-0.1554529,-0.15647867,-0.14014931,-0.15141064,-0.16340357,-0.15549564,-0.1537337,-0.15317965,-0.13396958,-0.123295575,-0.14678368,-0.19083764,-0.17717159,-0.21025829,-0.3990198,-0.20221765,-0.113537624,-0.1296617,-0.118347846,-0.14843872,-0.16636807,-0.18720207,-0.19189994,-0.13192873,-0.07650394,-0.15330073,-0.1401482,-0.14106366,-0.11843684,-0.19987361,-0.1649412,-0.15901205,-0.14145271,-0.12371081,-0.12722544,-0.14610182,-0.2588673,-0.10727419,-0.13074079,-0.09132757,-0.12832497,-0.12957236,-0.15032975,-0.15215196,-0.096175715,-0.08910369,-0.12445307,-0.11063573,-0.13815673,-0.15123567,-0.17050114,-0.14313805,-0.11683643,-0.17436607,-0.15229729,-0.14268905,-0.12537149,-0.14248115,-0.17466888,-0.13176009,-0.13240065,-0.14592113,-0.12281809,-0.08722703,-0.05825615,-0.14371556,-0.17082691,-0.026243303,-0.16660121,-0.2829064,-0.31316653,-0.19787367,-0.14587964,-0.14331596,-0.14862512,-0.12963767,-0.25088155,-0.19355816,-0.18869627,-0.094695255,-0.10922834,-0.10702289,-0.09338758,-0.12759323,-0.15347539,-0.15746465,-0.16711016,-0.12812386,-0.0969081,-0.16398169,-0.1440157,-0.11335766,-0.18846886,-0.1706479,-0.15403473,-0.12567842,-0.115196005,-0.112763464,-0.11662802,-0.17649616,-0.13854489,-0.13431951,-0.096878245,-0.120924965,-0.091808096,-0.12434345,-0.13644749,-0.063823454,-0.13877153,-0.11419349,-0.13402724,-0.24483351,-0.2571875,-0.29957527,-0.14625874,-0.15694736,-0.13221806,-0.19104545,-0.0782174,-0.1723015,-0.16451502,-0.09859173,-0.11065883,-0.11503297,-0.076612435,-0.083404,-0.1213824,-0.13072303,-0.13855581,-0.19385117,-0.09860799,-0.1558967,-0.19487974,-0.19145566,-0.18699493,-0.11136973,-0.14337844,-0.10302003,-0.15948707,-0.19405651,-0.17288134,-0.16948968,-0.14298391,-0.14245267,-0.10164727,-0.15366015,-0.16186251,-0.18136169,-0.19507357,-0.121362075,-0.14754033,-0.11407848,-0.08013785,-0.14293984,-0.20725825,-0.16101609,-0.125103,-0.15657571,-0.15690626,-0.14379287,-0.19202894,-0.16289806,-0.18238474,-0.2963242,-0.19695808,-0.18140388,-0.1722961,-0.19321579,-0.15767358,-0.14054683,-0.13042633,-0.12557748,-0.1384383,-0.16347322,-0.30584824,-0.16700143,-0.18128666,-0.19298905,-0.11441202,-0.15108381,-0.14094076,-0.17840159,-0.16702826,-0.16482402,-0.14331086,-0.18237996,-0.12828684,-0.15359148,-0.13702011,-0.24156228,-0.17997399,-0.103186965,-0.135551,-0.14208923,-0.17463544,-0.110510826,-0.134848,-0.15268391,-0.16006078,-0.18219614,-0.15426902,-0.14921707,-0.19184028,-0.17562287,-0.16443086,-0.14723541,-0.14623587,-0.11499533,-0.10471026,-0.13537519,-0.20148799,-0.1773591,-0.12513243,-0.16637772,-0.18041904,-0.18738703,-0.11705899,-0.1766244,-0.25816098,-0.09234616,-0.09221647,-0.1148034,-0.13612455,-0.14806388,-0.09849944,-0.1894071
k__Bacteria|p__Bacteroidetes|c__Bacteroidia|o__Bacteroidales|f__Porphyromonadaceae|g__Porphyromonas|s__Porphyromonas_SGB1980,-0.1004395,-0.12316422,-0.14090432,-0.20428483,-0.16610223,-0.1922392,-0.1666669,-0.14454135,-0.12484063,-0.18251514,-0.18279788,-0.2189942,-0.16850474,-0.20152622,-0.103001885,-0.098680444,-0.058144663,-0.09945671,-0.10746778,-0.16990718,-0.1978925,-0.12536043,-0.13595168,-0.15177813,-0.17047174,-0.11658599,-0.16686307,-0.17305917,-0.1509206,-0.12124001,-0.13479216,-0.105403595,-0.14770994,-0.19418246,-0.18786973,-0.2175087,-0.16006513,-0.22338755,-0.19545418,-0.29867563,-0.29210672,-0.19627772,-0.106923446,-0.09162698,-0.13691942,-0.15423961,-0.23188588,-0.1925749,-0.14598614,-0.2026537,-0.18332064,-0.18279888,-0.1956169,-0.19627687,-0.20014846,-0.15689549,-0.12528163,-0.14315405,-0.09226659,-0.095438085,-0.1704213,-0.14199157,-0.13743341,-0.14635988,-0.12719077,-0.1506873,-0.2613474,-0.22333384,-0.18769982,-0.20047067,-0.14509033,-0.14869726,-0.1301037,-0.14203203,-0.14998823,-0.16331318,-0.14609496,-0.16278498,-0.15881994,-0.14998752,-0.14668927,-0.15631932,-0.15262653,-0.22480208,-0.120334074,-0.14097293,-0.117933735,-0.16025019,-0.17310768,-0.15497209,-0.16730773,-0.11139822,-0.1388583,-0.13027036,-0.128335,-0.15152657,-0.14243646,-0.115357324,-0.10065024,-0.090434335,-0.105198726,-0.12003026,-0.13443074,-0.15027548,-0.15966773,-0.1185138,-0.11129953,-0.1578567,-0.17738779,-0.13302201,-0.16291188,-0.25953975,-0.14811075,-0.13219804,-0.14092198,-0.15095688,-0.17780018,-0.16282435,-0.22917573,-0.09015879,-0.1100844,-0.13428491,-0.12917994,-0.13997786,-0.17287031,-0.13908121,-0.16057305,-0.12777606,-0.07092635,-0.03704006,-0.13660169,-0.16133644,-0.17797777,-0.14332479,-0.12334781,-0.13547951,-0.12023825,-0.13763565,-0.25318068,-0.26654312,-0.08353679,-0.10945694,-0.14384791,-0.09238048,-0.18668795,-0.18902671,-0.15226991,-0.090211414,-0.13230102,-0.14894599,-0.14964756,-0.15811858,-0.169633,-0.18261898,-0.08780353,-0.12332352,-0.14043304,-0.10256614,-0.17951453,-0.19495486,-0.18982492,-0.09999811,-0.13113372,-0.07919677,-0.12723535,-0.19006202,-0.19200358,-0.1904064,-0.123129696,-0.07559593,-0.09696311,-0.118054196,-0.13602921,-0.12406494,-0.121451,-0.094337225,-0.09651326,-0.10825147,-0.082459606,-0.112570755,-0.13190265,-0.1662488,-0.1410757,-0.13589497,-0.18093297,-0.17825818,-0.19272321,-0.1440245,-0.15549555,-0.13485198,-0.119081676,-0.14001076,-0.19117098,-0.18970488,-0.18033108,-0.19755594,-0.25103784,-0.20219928,-0.18926814,-0.18995872,-0.18145682,-0.17281838,-0.27554205,-0.08916744,-0.11956477,-0.12764229,-0.15751183,-0.20931396,-0.18224281,-0.29657933,-0.32474133,-0.15253559,-0.3242122,-0.17325558,-0.17108874,-0.2185038,-0.17647925,-0.114121355,-0.13945124,-0.15388772,-0.15788373,-0.22984435,-0.18186735,-0.25181374,-0.104164384,-0.12455491,-0.13808675,-0.12379128,-0.15189947,-0.15440331,-0.15555137,-0.14014931,-0.15141064,-0.16232081,-0.15463209,-0.1528774,-0.15240465,-0.13334495,-0.12275919,-0.14588204,-0.18909392,-0.17615342,-0.21025829,-0.3990198,-0.20007649,-0.113188505,-0.1296617,-0.11807334,-0.14735895,-0.16636807,-0.18561593,-0.19043133,-0.13122953,-0.07681769,-0.15231197,-0.1392286,-0.14106366,-0.11787419,-0.19987361,-0.1649412,-0.15813377,-0.14085405,-0.12325806,-0.12722544,-0.14610182,-0.2588673,-0.10699572,-0.13074079,-0.09132757,-0.12832497,-0.12873295,-0.14929992,-0.15119052,-0.09617339,-0.08910369,-0.123882726,-0.11026193,-0.13725992,-0.15021896,-0.16931841,-0.14241111,-0.11630207,-0.17296597,-0.15133718,-0.14177644,-0.12501651,-0.14152354,-0.17466888,-0.13176009,-0.13177568,-0.14525157,-0.12252548,-0.08722703,-0.05825615,-0.14298642,-0.17082691,-0.026243303,-0.16559051,-0.2829064,-0.31316653,-0.19643815,-0.14505278,-0.14331596,-0.14862512,-0.12963767,-0.25088155,-0.19238472,-0.18738304,-0.09465228,-0.109046295,-0.10702289,-0.09348273,-0.12759323,-0.15236416,-0.15746465,-0.1661953,-0.12812386,-0.0969081,-0.16398169,-0.14303753,-0.11335766,-0.18846886,-0.1706479,-0.15324275,-0.12542087,-0.115196005,-0.11251998,-0.11662802,-0.17512347,-0.13791388,-0.13385029,-0.096878245,-0.12066144,-0.09165667,-0.12434345,-0.13560641,-0.063823454,-0.13877153,-0.11419349,-0.13320124,-0.24483351,-0.2571875,-0.29957527,-0.14549117,-0.15599889,-0.13164188,-0.19104545,-0.0782174,-0.1713517,-0.1634791,-0.09859173,-0.11065883,-0.11467306,-0.076612435,-0.083404,-0.1213824,-0.13072303,-0.13855581,-0.19385117,-0.098752126,-0.1548815,-0.19487974,-0.18994369,-0.18565655,-0.11099473,-0.14253351,-0.102942295,-0.15842955,-0.19266486,-0.1716648,-0.16811201,-0.142232,-0.14186424,-0.101563215,-0.1525312,-0.16080323,-0.17996138,-0.1935702,-0.1208768,-0.1467596,-0.11373583,-0.08022261,-0.14204924,-0.20725825,-0.1600726,-0.125103,-0.15657571,-0.15690626,-0.14307353,-0.19202894,-0.16183719,-0.18101075,-0.2963242,-0.19605604,-0.18000767,-0.17073086,-0.19152458,-0.15674864,-0.14054683,-0.12983774,-0.12557748,-0.13784441,-0.16195922,-0.30584824,-0.16618474,-0.18011935,-0.19151333,-0.11441202,-0.14993727,-0.13997158,-0.17696771,-0.16603614,-0.16369915,-0.14331086,-0.18237996,-0.12791932,-0.15265587,-0.13655435,-0.24156228,-0.17859478,-0.102943845,-0.13485132,-0.14132029,-0.17344786,-0.11011891,-0.13413975,-0.15158282,-0.15904784,-0.18087007,-0.15331542,-0.1483112,-0.19184028,-0.1744566,-0.16345559,-0.14723541,-0.14623587,-0.11499533,-0.10471026,-0.13439205,-0.20148799,-0.17610756,-0.12513243,-0.16509856,-0.18041904,-0.18738703,-0.11705899,-0.17550015,-0.25629032,-0.09244579,-0.09221278,-0.114447564,-0.13540752,-0.14723215,-0.09835335,-0.1877498
k__Bacteria|p__Bacteroidetes|c__Bacteroidia|o__Bacteroidales|f__Bacteroidaceae|g__Phocaeicola|s__Phocaeicola_massiliensis,-0.1004395,-0.12316422,-0.14098871,-0.20428483,-0.16606823,-0.19156107,-0.1666669,-0.14438578,-0.12512219,-0.18208006,-0.18230906,-0.21672702,-0.16835493,-0.20039552,-0.10323157,-0.09924768,-0.058144663,-0.099772856,-0.1078441,-0.16960645,-0.1978925,-0.12536043,-0.13593511,-0.15150344,-0.17003506,-0.11658599,-0.16683312,-0.17268704,-0.1509206,-0.12124001,-0.13505521,-0.105774,-0.14787221,-0.1933141,-0.18735425,-0.2175087,-0.16022153,-0.22338755,-0.19509101,-0.29867563,-0.29210672,-0.19534817,-0.1071825,-0.09162698,-0.13691942,-0.15432674,-0.23188588,-0.19206323,-0.1458161,-0.2026537,-0.18293774,-0.18279888,-0.19483463,-0.19531596,-0.19836855,-0.15638678,-0.12537229,-0.14305258,-0.09265052,-0.09578106,-0.17006582,-0.14177243,-0.13743341,-0.14628464,-0.12719077,-0.1507368,-0.2613474,-0.22333384,-0.18713886,-0.20047067,-0.14483511,-0.14856483,-0.1302253,-0.14191872,-0.1494388,-0.16278131,-0.14583108,-0.16278498,-0.15879126,-0.14998752,-0.14676744,-0.15619756,-0.1524588,-0.22480208,-0.120334074,-0.14104176,-0.11820285,-0.15982741,-0.1726115,-0.15493305,-0.16701627,-0.11139822,-0.1388583,-0.13027036,-0.12832648,-0.15152657,-0.14253208,-0.1155372,-0.10065024,-0.09096064,-0.10542847,-0.12012409,-0.13446592,-0.15027548,-0.15952395,-0.1185138,-0.11129953,-0.1578567,-0.17738779,-0.13277823,-0.1629101,3.2450967,-0.14812738,-0.1324828,-0.14085805,-0.15095688,-0.17780018,-0.16266164,-0.22917573,-0.09015879,-0.11061818,-0.13439292,-0.12919497,-0.13997786,-0.17268066,-0.13908121,-0.16057305,-0.12777606,-0.07092635,-0.03704006,-0.13672645,-0.16108891,-0.1776329,-0.14332479,-0.12334781,-0.13562593,-0.12023825,-0.13763195,-0.25318068,-0.26654312,-0.084050745,-0.10945694,-0.1436791,-0.09238048,-0.18642569,-0.18856126,-0.1523767,-0.09069925,-0.13230102,-0.14901033,-0.14960483,-0.1579299,-0.1693322,-0.18192449,-0.08836004,-0.12338007,-0.14061281,-0.10256614,-0.17951453,-0.19495486,-0.18897805,-0.10020789,-0.13113372,-0.07941805,-0.12726265,-0.19006202,-0.19133165,-0.18984418,-0.12320611,-0.0761219,-0.09723165,-0.118245944,-0.13610771,-0.12406494,-0.121451,-0.094676204,-0.0968526,-0.10859345,-0.082459606,-0.11263864,-0.13188961,-0.16593744,-0.1410757,-0.13615417,-0.18093297,-0.17825818,-0.19209538,-0.14400202,-0.15549555,-0.13482153,-0.119081676,-0.14001076,-0.19117098,-0.18921483,-0.18009843,-0.19755594,-0.25103784,-0.20219928,-0.18896146,-0.18964347,-0.18109897,-0.17274219,-0.27554205,-0.08916744,-0.11956477,-0.128042,-0.15751183,-0.20931396,-0.18224281,-0.29657933,-0.32474133,-0.1542199,-0.3242122,-0.17325558,-0.17108874,-0.2185038,-0.17647925,-0.114121355,-0.13968354,-0.15388772,-0.15788373,-0.22984435,-0.18186735,-0.2497494,-0.10445828,-0.12455491,-0.13816643,-0.12393578,-0.15189947,-0.15401511,-0.15524733,-0.14014931,-0.15141064,-0.16192278,-0.15459168,-0.1527102,-0.15238072,-0.13350078,-0.12297745,-0.14601204,-0.18850964,-0.17573877,-0.21025829,-0.3990198,-0.19965006,-0.11336068,-0.1296617,-0.11801775,-0.14730126,-0.16636807,-0.18495637,-0.18996665,-0.13162583,-0.077265464,-0.15204585,-0.13938594,-0.14106366,-0.118223354,-0.19987361,-0.1649412,-0.15828541,-0.1409865,-0.12341058,-0.12722544,-0.14610182,-0.2588673,-0.10736822,-0.13074079,-0.09132757,-0.12832497,-0.1288071,-0.14933424,-0.15100583,-0.09652466,-0.08910369,-0.12404063,-0.110581145,-0.13741696,-0.15020163,-0.1689901,-0.14231867,-0.11674105,-0.17266282,-0.15124208,-0.1417926,-0.12505855,-0.14131737,-0.17466888,-0.13176009,-0.13188925,-0.14507845,-0.1225528,-0.08722703,-0.05825615,-0.14287284,-0.17082691,-0.026243303,-0.16598617,-0.2829064,-0.31316653,-0.19576964,-0.14500962,-0.14331596,-0.14862512,-0.12963767,-0.25088155,-0.19153456,-0.18675841,-0.095045134,-0.10925776,-0.10702289,-0.093489334,-0.12759323,-0.15246359,-0.15746465,-0.16587105,-0.12812386,-0.0969081,-0.16398169,-0.14297277,-0.11335766,-0.18846886,-0.1706479,-0.15324146,-0.12546596,-0.115196005,-0.11271534,-0.11662802,-0.17470819,-0.13786119,-0.13374525,-0.096878245,-0.12071645,-0.09204659,-0.12434345,-0.13579708,-0.063823454,-0.13877153,-0.11419349,-0.1334239,-0.24483351,-0.2571875,-0.29957527,-0.1453853,-0.15580982,-0.13155156,-0.19104545,-0.0782174,-0.17079899,-0.1633432,-0.09859173,-0.11065883,-0.114966415,-0.076612435,-0.083404,-0.1213824,-0.13072303,-0.13855581,-0.19385117,-0.09889136,-0.15473635,-0.19487974,-0.18957546,-0.18521355,-0.111280575,-0.14264703,-0.10301979,-0.15798052,-0.1920048,-0.17108247,-0.16795728,-0.14222339,-0.14179659,-0.10211814,-0.15244156,-0.16064829,-0.17975289,-0.19290555,-0.120927095,-0.14648573,-0.11403268,-0.08073626,-0.14209175,-0.20725825,-0.1599473,-0.125103,-0.15657571,-0.15690626,-0.14315163,-0.19202894,-0.16175559,-0.18054527,-0.2963242,-0.19598398,-0.17980917,-0.17067398,-0.19112816,-0.15661016,-0.14054683,-0.12996316,-0.12557748,-0.13783483,-0.16250762,-0.30584824,-0.1661163,-0.17951293,-0.19116488,-0.11441202,-0.14982915,-0.14012444,-0.17673512,-0.165681,-0.16349027,-0.14331086,-0.18237996,-0.1281786,-0.15275294,-0.13657129,-0.24156228,-0.17855711,-0.10329825,-0.13510637,-0.1411241,-0.17292595,-0.11055147,-0.13422436,-0.15121624,-0.15875871,-0.1807246,-0.15293148,-0.14806649,-0.19184028,-0.17416938,-0.16306722,-0.14723541,-0.14623587,-0.11499533,-0.10471026,-0.13451074,-0.20148799,-0.17571966,-0.12513243,-0.16559747,-0.18041904,-0.18738703,-0.11705899,-0.17458518,-0.2546203,-0.0928285,-0.09264359,-0.11477473,-0.13537127,-0.14711674,-0.09878487,-0.1871269
k__Bacteria|p__Bacteroidetes|c__CFGB76132|o__OFGB76132|f__FGB76132|g__GGB47741|s__GGB47741_SGB65713,-0.1004395,-0.12316422,-0.14068684,-0.20428483,-0.16649628,-0.19217847,-0.1666669,-0.14473611,-0.12481859,-0.18321297,-0.18292226,-0.21745124,-0.16947587,-0.20281619,-0.103143565,-0.09885506,-0.058144663,-0.099800944,-0.10752237,-0.16977836,-0.1978925,-0.12536043,-0.13617525,-0.15194663,-0.17074315,-0.11658599,-0.16740853,-0.17330304,-0.1509206,-0.12124001,-0.13476345,-0.10560693,-0.14756209,-0.1946858,-0.1880684,-0.2175087,-0.1597029,-0.22338755,-0.19536279,-0.29867563,-0.29210672,-0.19618763,-0.107252106,-0.09162698,-0.13691942,-0.15445215,-0.23188588,-0.19305518,-0.14612848,-0.2026537,-0.18370023,-0.18279888,-0.19558516,-0.19545859,-0.19902551,-0.1578222,-0.12537485,-0.14332755,-0.09221416,-0.09550545,-0.17083882,-0.14193231,-0.13743341,-0.14644462,-0.12719077,-0.15077898,-0.2613474,-0.22333384,-0.18803473,-0.20047067,-0.14533317,-0.14899278,-0.13005346,-0.14216313,-0.15032414,-0.16367224,-0.14614245,-0.16278498,-0.15913263,-0.14998752,-0.14690559,-0.15635645,-0.15264234,-0.22480208,-0.120334074,-0.14105201,-0.11795469,-0.1606802,-0.17329545,-0.1547102,-0.16741228,-0.11139822,-0.1388583,-0.13027036,-0.12848702,-0.15152657,-0.14266653,-0.115536064,-0.10065024,-0.09062827,-0.10552211,-0.12025109,-0.13461992,-0.15027548,-0.1599477,-0.1185138,-0.11129953,-0.1578567,-0.17738779,-0.1327859,-0.1619865,-0.25953975,-0.14817217,-0.13217808,-0.14086074,-0.15095688,-0.17780018,-0.16257663,-0.22917573,-0.09015879,-0.110003024,-0.13419822,-0.12928359,-0.13997786,-0.17297816,-0.13908121,-0.16057305,-0.12777606,-0.07092635,-0.03704006,-0.13684012,-0.16151848,-0.17811629,-0.14332479,-0.12334781,-0.13574788,-0.12023825,-0.1378054,-0.25318068,-0.26654312,-0.0839163,-0.10945694,-0.14404964,-0.09238048,-0.18705355,-0.1894155,-0.15282458,-0.09051532,-0.13230102,-0.14896342,-0.14977714,-0.15835033,-0.16987628,-0.1829547,-0.08798987,-0.123282164,-0.14045249,-0.10256614,-0.17951453,-0.19495486,-0.19004977,-0.100072935,-0.13113372,-0.078936525,-0.12725902,-0.19006202,-0.19262952,-0.19054623,-0.12313791,-0.0761359,-0.09716916,-0.11807881,-0.13620578,-0.12406494,-0.121451,-0.09448768,-0.09672469,-0.108496726,-0.082459606,-0.11286834,-0.13229254,-0.16654396,-0.1410757,-0.13590497,-0.18093297,-0.17825818,-0.19295329,-0.14391367,-0.15549555,-0.1347487,-0.119081676,-0.14001076,-0.19117098,-0.19019362,-0.180333,-0.19755594,-0.25103784,-0.20219928,-0.18963712,-0.19015503,-0.18175977,-0.17274712,-0.27554205,-0.08916744,-0.11956477,-0.1276902,-0.15751183,-0.20931396,-0.18224281,-0.29657933,-0.32474133,-0.15040249,-0.3242122,-0.17325558,-0.17108874,-0.2185038,-0.17647925,-0.114121355,-0.13959843,-0.15388772,-0.15788373,-0.22984435,-0.18186735,-0.25174746,-0.10427181,-0.12455491,-0.1383369,-0.1240111,-0.15189947,-0.15484887,-0.15583728,-0.14014931,-0.15141064,-0.16254407,-0.15469012,-0.15291002,-0.15219256,-0.13357125,-0.12283994,-0.1459489,-0.18958376,-0.17602804,-0.21025829,-0.3990198,-0.19953308,-0.11340852,-0.1296617,-0.11822137,-0.14740425,-0.16636807,-0.18613493,-0.19062597,-0.13106817,-0.07728702,-0.15229726,-0.13943031,-0.14106366,-0.11734782,-0.19987361,-0.1649412,-0.15811464,-0.14047551,-0.12348477,-0.12722544,-0.14610182,-0.2588673,-0.106925756,-0.13074079,-0.09132757,-0.12832497,-0.12902083,-0.14948007,-0.1515981,-0.096439496,-0.08910369,-0.12394444,-0.110477835,-0.1373381,-0.15034074,-0.16944107,-0.14240363,-0.11638681,-0.17313813,-0.15148485,-0.14202045,-0.1251723,-0.14169589,-0.17466888,-0.13176009,-0.13171542,-0.14541167,-0.122795016,-0.08722703,-0.05825615,-0.1429235,-0.17082691,-0.026243303,-0.16508532,-0.2829064,-0.31316653,-0.1957623,-0.14513205,-0.14331596,-0.14862512,-0.12963767,-0.25088155,-0.19296291,-0.18743938,-0.094689205,-0.109281465,-0.10702289,-0.09360204,-0.12759323,-0.15213539,-0.15746465,-0.16645384,-0.12812386,-0.0969081,-0.16398169,-0.143426,-0.11335766,-0.18846886,-0.1706479,-0.15327586,-0.12551361,-0.115196005,-0.112382315,-0.11662802,-0.17562824,-0.13802454,-0.13418476,-0.096878245,-0.120876335,-0.09200165,-0.12434345,-0.13583577,-0.063823454,-0.13877153,-0.11419349,-0.13313127,-0.24483351,-0.2571875,-0.29957527,-0.14549515,-0.1562508,-0.13157527,-0.19104545,-0.0782174,-0.17126732,-0.16364792,-0.09859173,-0.11065883,-0.11479074,-0.076612435,-0.083404,-0.1213824,-0.13072303,-0.13855581,-0.19385117,-0.09888537,-0.1545333,-0.19487974,-0.1902066,-0.18576051,-0.111114606,-0.14299622,-0.103232615,-0.15864767,-0.19276972,-0.17134629,-0.16834617,-0.14233308,-0.14201966,-0.10129108,-0.15253437,-0.1611163,-0.18006516,-0.19394867,-0.12103384,-0.14702828,-0.113856606,-0.08050461,-0.14123513,-0.20725825,-0.16027541,-0.125103,-0.15657571,-0.15690626,-0.14310278,-0.19202894,-0.16181418,-0.18119416,-0.2963242,-0.19559869,-0.17995186,-0.17146164,-0.191847,-0.15674233,-0.14054683,-0.12986659,-0.12557748,-0.13766038,-0.1614717,-0.30584824,-0.16583675,-0.18054444,-0.19195443,-0.11441202,-0.14995527,-0.14027855,-0.17697988,-0.16622144,-0.16395602,-0.14331086,-0.18237996,-0.12754372,-0.15236184,-0.13536936,-0.24156228,-0.17910537,-0.1031552,-0.13498238,-0.14160812,-0.17363784,-0.110316455,-0.13414136,-0.1520553,-0.15944314,-0.18136036,-0.15350533,-0.14840078,-0.19184028,-0.1744933,-0.16382232,-0.14723541,-0.14623587,-0.11499533,-0.10471026,-0.13417435,-0.20148799,-0.17638916,-0.12513243,-0.16555674,-0.18041904,-0.18738703,-0.11705899,-0.17582408,-0.2576384,-0.092656985,-0.09251276,-0.114445746,-0.13554576,-0.14736089,-0.09836508,-0.18811294
k__Bacteria|p__Bacteroidetes|c__CFGB24868|o__OFGB24868|f__FGB24868|g__GGB44117|s__GGB44117_SGB1808,-0.1004395,-0.12316422,-0.14168248,-0.20428483,-0.16676396,-0.19402707,-0.1666669,-0.14510804,-0.12538081,-0.18389972,-0.18466698,-0.22012272,-0.17139813,-0.20336047,-0.102814704,-0.09863603,-0.058144663,-0.099094406,-0.10749103,-0.17105222,-0.1978925,-0.12536043,-0.13639484,-0.15234815,-0.17159688,-0.11658599,-0.16791585,-0.17414927,-0.1509206,-0.12124001,-0.13514325,-0.10534687,-0.14843735,-0.19575596,-0.18926486,-0.2175087,-0.16091858,-0.22338755,-0.19697571,-0.29867563,-0.29210672,-0.19793114,-0.10684994,-0.09162698,-0.13691942,-0.15516765,-0.23188588,-0.19407415,-0.14660786,-0.2026537,-0.18441004,-0.18279888,-0.19685669,-0.19825454,-0.20125896,-0.1583234,-0.12546533,-0.14370812,-0.09188387,-0.09513865,-0.17137288,-0.14249629,-0.13743341,-0.14700554,-0.12719077,-0.15190992,-0.2613474,-0.22333384,-0.18907133,-0.20047067,-0.14557497,-0.1493336,-0.13037601,-0.14258653,-0.15053721,-0.16395761,-0.14669023,-0.16278498,-0.15978752,-0.14998752,-0.1471889,-0.15723264,-0.15341038,-0.22480208,-0.120334074,-0.14160308,-0.11811748,-0.1610047,-0.17411806,-0.1559409,-0.1683403,-0.11139822,-0.1388583,-0.13027036,-0.12857854,-0.15152657,-0.14293957,-0.11543535,-0.10065024,-0.090127245,-0.105141714,-0.1201486,-0.13480788,-0.15027548,-0.16043116,-0.1185138,-0.11129953,-0.1578567,-0.17738779,-0.13364923,-0.16382024,-0.25953975,-0.14887853,-0.13273188,-0.14149787,-0.15095688,-0.17780018,-0.16401513,-0.22917573,-0.09015879,-0.1101564,-0.13472565,-0.12952551,-0.13997786,-0.17410368,-0.13908121,-0.16057305,-0.12777606,-0.07092635,-0.03704006,-0.13701439,-0.16219977,-0.17914632,-0.14332479,-0.12334781,-0.13609049,-0.12023825,-0.13798675,-0.25318068,-0.26654312,-0.08300693,-0.10945694,-0.14435813,-0.09238048,-0.18825607,-0.19022675,-0.15311642,-0.08981786,-0.13230102,-0.14974435,-0.15041545,-0.1590175,-0.17064765,-0.18368408,-0.08737991,-0.123597726,-0.14104287,-0.10256614,-0.17951453,-0.19495486,-0.19125864,-0.099662066,-0.13113372,-0.078566305,-0.12766762,-0.19006202,-0.19332905,-0.19184515,-0.12326755,-0.07489711,-0.09670377,-0.11827881,-0.13653538,-0.12406494,-0.121451,-0.0940444,-0.09641194,-0.1082676,-0.082459606,-0.11268747,-0.13229592,-0.16719373,-0.1410757,-0.13643476,-0.18093297,-0.17825818,-0.19435339,-0.14456579,-0.15549555,-0.13525485,-0.119081676,-0.14001076,-0.19117098,-0.1911923,-0.18174462,-0.19755594,-0.25103784,-0.20219928,-0.19072843,-0.19126603,-0.18294273,-0.17404506,-0.27554205,-0.08916744,-0.11956477,-0.12802991,-0.15751183,-0.20931396,-0.18224281,-0.29657933,-0.32474133,-0.15539598,-0.3242122,-0.17325558,-0.17108874,-0.2185038,-0.17647925,-0.114121355,-0.14001358,-0.15388772,-0.15788373,-0.22984435,-0.18186735,-0.25508857,-0.10402269,-0.12455491,-0.13858388,-0.123944566,-0.15189947,-0.15501249,-0.1561022,-0.14014931,-0.15141064,-0.16301562,-0.15535036,-0.15359555,-0.15315649,-0.13387786,-0.12289709,-0.1466569,-0.1905009,-0.17744066,-0.21025829,-0.3990198,-0.20379472,-0.11331503,-0.1296617,-0.11821733,-0.14802799,-0.16636807,-0.18692186,-0.19191243,-0.13167763,-0.076212555,-0.15289944,-0.13970464,-0.14106366,-0.11816853,-0.19987361,-0.1649412,-0.15908045,-0.14153472,-0.123474255,-0.12722544,-0.14610182,-0.2588673,-0.10699436,-0.13074079,-0.09132757,-0.12832497,-0.12894964,-0.14985736,-0.1517733,-0.09589383,-0.08910369,-0.12413559,-0.11019654,-0.13787638,-0.15087001,-0.17037381,-0.14286178,-0.11642061,-0.17419006,-0.15205584,-0.14231458,-0.1252131,-0.1423438,-0.17466888,-0.13176009,-0.13219148,-0.14584571,-0.122649744,-0.08722703,-0.05825615,-0.14357081,-0.17082691,-0.026243303,-0.16701767,-0.2829064,-0.31316653,-0.19912912,-0.14567548,-0.14331596,-0.14862512,-0.12963767,-0.25088155,-0.1937625,-0.18869597,-0.0942588,-0.10904351,-0.10702289,-0.09311585,-0.12759323,-0.15337574,-0.15746465,-0.1672943,-0.12812386,-0.0969081,-0.16398169,-0.143454,-0.11335766,-0.18846886,-0.1706479,-0.1540102,-0.12561016,-0.115196005,-0.11263521,-0.11662802,-0.17642629,-0.13830289,-0.13417035,-0.096878245,-0.120920844,-0.091286495,-0.12434345,-0.1360434,-0.063823454,-0.13877153,-0.11419349,-0.13351548,-0.24483351,-0.2571875,-0.29957527,-0.14611715,-0.1568457,-0.1319175,-0.19104545,-0.0782174,-0.17251576,-0.16430536,-0.09859173,-0.11065883,-0.11463548,-0.076612435,-0.083404,-0.1213824,-0.13072303,-0.13855581,-0.19385117,-0.09839426,-0.15564576,-0.19487974,-0.19138396,-0.18704078,-0.11091809,-0.14314297,-0.1027901,-0.15901734,-0.19445059,-0.17296968,-0.16912915,-0.1427668,-0.14245719,-0.10154616,-0.1533483,-0.1618403,-0.18139283,-0.1953059,-0.1210009,-0.14735603,-0.113937534,-0.07985501,-0.14251813,-0.20725825,-0.16076273,-0.125103,-0.15657571,-0.15690626,-0.14393957,-0.19202894,-0.1626611,-0.18211076,-0.2963242,-0.19804761,-0.18137339,-0.17185,-0.19304365,-0.15759356,-0.14054683,-0.13012233,-0.12557748,-0.13833898,-0.16298842,-0.30584824,-0.16704836,-0.18096721,-0.19309844,-0.11441202,-0.15055084,-0.14059195,-0.1782913,-0.16684051,-0.16474116,-0.14331086,-0.18237996,-0.12832394,-0.15371266,-0.13695112,-0.24156228,-0.17986815,-0.10274323,-0.13539648,-0.14175668,-0.17432246,-0.11017552,-0.13450077,-0.15217847,-0.15994766,-0.1821742,-0.15402955,-0.14880235,-0.19184028,-0.17547658,-0.1642448,-0.14723541,-0.14623587,-0.11499533,-0.10471026,-0.13496801,-0.20148799,-0.177062,-0.12513243,-0.16689062,-0.18041904,-0.18738703,-0.11705899,-0.1765287,-0.25884664,-0.09214431,-0.09192094,-0.11452131,-0.13588868,-0.14787522,-0.09817562,-0.18913203
k__Bacteria|p__Bacteroidetes|c__Bacteroidia|o__Bacteroidales|f__Bacteroidaceae|g__Phocaeicola|s__Phocaeicola_coprocola,-0.1004395,-0.12316422,-0.14164472,-0.20428483,-0.16721869,-0.19399199,-0.1666669,-0.14530794,-0.12507243,-0.18419899,-0.18339875,-0.22055544,-0.16944852,-0.20346156,-0.10280869,-0.09872873,-0.058144663,-0.099415615,-0.10757975,-0.17129724,-0.1978925,-0.12536043,-0.13653491,-0.15264446,-0.17169997,-0.11658599,-0.16791973,-0.17440146,-0.1509206,-0.12124001,-0.13532418,-0.105361015,-0.14858252,-0.19577648,-0.18947348,-0.2175087,-0.16134614,-0.22338755,-0.19714007,-0.29867563,-0.29210672,-0.19796637,-0.107094675,-0.09162698,-0.13691942,-0.1552743,-0.23188588,-0.1940873,-0.1467641,-0.2026537,-0.18457568,-0.18279888,-0.1969106,-0.19771825,-0.20144415,-0.15810245,-0.12571834,-0.14394972,-0.09212822,-0.09538296,-0.1717734,-0.14265615,-0.13743341,-0.14715913,-0.12719077,-0.15176997,-0.2613474,-0.22333384,-0.189221,-0.20047067,-0.14592823,-0.14946124,-0.13063282,-0.14271387,-0.15102041,-0.16440567,-0.14711612,-0.16278498,-0.15973218,-0.14998752,-0.14740519,-0.15730911,-0.15355213,-0.22480208,-0.120334074,-0.14168204,-0.11827536,-0.16145235,-0.17450002,-0.15576357,-0.16851905,-0.11139822,-0.1388583,-0.13027036,-0.12875374,-0.15152657,-0.14292908,-0.11546096,-0.10065024,-0.09012085,-0.10533996,-0.12049715,-0.1351572,-0.15027548,-0.16073805,-0.1185138,-0.11129953,-0.1578567,-0.17738779,-0.13360015,-0.16389304,-0.25953975,-0.14899105,-0.13264036,-0.14149207,-0.15095688,-0.17780018,-0.16397578,-0.22917573,-0.09015879,-0.11014962,-0.13483742,-0.12957358,-0.13997786,-0.17401579,-0.13908121,-0.16057305,-0.12777606,-0.07092635,-0.03704006,-0.13720697,-0.16248825,-0.17927542,-0.14332479,-0.12334781,-0.1359655,-0.12023825,-0.13825631,-0.25318068,-0.26654312,-0.08320531,-0.10945694,-0.14460407,-0.09238048,-0.18828748,-0.19034576,-0.15290266,-0.090044335,-0.13230102,-0.14980756,-0.15047896,-0.15920457,-0.17084134,-0.18423519,-0.08754883,-0.12373112,-0.14123474,-0.10256614,-0.17951453,-0.19495486,-0.19148263,-0.09985958,-0.13113372,-0.07866436,-0.12770897,-0.19006202,-0.19354296,-0.19191793,-0.12358609,-0.07503113,-0.096887164,-0.118284434,-0.13659152,-0.12406494,-0.121451,-0.0941776,-0.09631705,-0.10828522,-0.082459606,-0.11266084,-0.13238482,-0.16752324,-0.1410757,-0.13651764,-0.18093297,-0.17825818,-0.19431262,-0.14473337,-0.15549555,-0.1354956,-0.119081676,-0.14001076,-0.19117098,-0.19129336,-0.18169029,-0.19755594,-0.25103784,-0.20219928,-0.19068804,-0.19136508,-0.18280834,-0.17407204,-0.27554205,-0.08916744,-0.11956477,-0.1279607,-0.15751183,-0.20931396,-0.18224281,-0.29657933,-0.32474133,-0.15312985,-0.3242122,-0.17325558,-0.17108874,-0.2185038,-0.17647925,-0.114121355,-0.14001623,-0.15388772,-0.15788373,-0.22984435,-0.18186735,-0.25402278,-0.104172386,-0.12455491,-0.13864727,-0.12416705,-0.15189947,-0.15540063,-0.15656644,-0.14014931,-0.15141064,-0.16350499,-0.15556008,-0.1538263,-0.15314719,-0.1338236,-0.1230767,-0.14663315,-0.19071108,-0.17727387,-0.21025829,-0.3990198,-0.20187947,-0.113356225,-0.1296617,-0.1183435,-0.14808089,-0.16636807,-0.18715164,-0.19201425,-0.1316625,-0.07637412,-0.1533142,-0.13990554,-0.14106366,-0.11835095,-0.19987361,-0.1649412,-0.15901926,-0.14146042,-0.12336707,-0.12722544,-0.14610182,-0.2588673,-0.10710084,-0.13074079,-0.09132757,-0.12832497,-0.1292491,-0.15000902,-0.15214092,-0.09605661,-0.08910369,-0.12425122,-0.110335216,-0.13795999,-0.15099162,-0.1706396,-0.14307544,-0.11644217,-0.1742885,-0.15204653,-0.1424902,-0.1252281,-0.14240715,-0.17466888,-0.13176009,-0.13237104,-0.1458613,-0.12279093,-0.08722703,-0.05825615,-0.14365397,-0.17082691,-0.026243303,-0.16681054,-0.2829064,-0.31316653,-0.19816248,-0.1459124,-0.14331596,-0.14862512,-0.12963767,-0.25088155,-0.19395487,-0.18897164,-0.09441242,-0.10923908,-0.10702289,-0.093393125,-0.12759323,-0.1532631,-0.15746465,-0.16741377,-0.12812386,-0.0969081,-0.16398169,-0.14387447,-0.11335766,-0.18846886,-0.1706479,-0.15414812,-0.12578945,-0.115196005,-0.11275257,-0.11662802,-0.17654914,-0.1385944,-0.13440742,-0.096878245,-0.12086007,-0.09150717,-0.12434345,-0.13615961,-0.063823454,-0.13877153,-0.11419349,-0.13382012,-0.24483351,-0.2571875,-0.29957527,-0.14634001,-0.15698178,-0.13215259,-0.19104545,-0.0782174,-0.17261711,-0.16441774,-0.09859173,-0.11065883,-0.11479686,-0.076612435,-0.083404,-0.1213824,-0.13072303,-0.13855581,-0.19385117,-0.098771304,-0.15586624,-0.19487974,-0.19145139,-0.18711594,-0.11116654,-0.14314221,-0.1030035,-0.15967414,-0.19444321,-0.17310405,-0.16917455,-0.14296113,-0.14260966,-0.10145974,-0.1533767,-0.16187446,-0.18124393,-0.19516954,-0.12125921,-0.14754423,-0.11380884,-0.07978893,-0.14289263,-0.20725825,-0.16114818,-0.125103,-0.15657571,-0.15690626,-0.14383496,-0.19202894,-0.16289017,-0.18248558,-0.2963242,-0.19758312,-0.18093637,-0.17171371,-0.19303703,-0.1573759,-0.14054683,-0.1303398,-0.12557748,-0.13833241,-0.16319638,-0.30584824,-0.16702369,-0.18125677,-0.19319138,-0.11441202,-0.15068734,-0.14071445,-0.17841522,-0.16708142,-0.16492671,-0.14331086,-0.18237996,-0.12832312,-0.15348876,-0.13706851,-0.24156228,-0.17986181,-0.10301952,-0.13536331,-0.14207312,-0.17477754,-0.11022763,-0.13457865,-0.15257367,-0.16024819,-0.18219474,-0.15431121,-0.14923438,-0.19184028,-0.17573328,-0.16456187,-0.14723541,-0.14623587,-0.11499533,-0.10471026,-0.13508974,-0.20148799,-0.1775189,-0.12513243,-0.16634241,-0.18041904,-0.18738703,-0.11705899,-0.17696829,-0.2588197,-0.0922533,-0.092004806,-0.11465539,-0.13602144,-0.14799064,-0.09820819,-0.1894679
k__Bacteria|p__Bacteroidetes|c__Bacteroidia|o__Bacteroidales|f__Bacteroidaceae|g__Phocaeicola|s__Phocaeicola_coprophilus,-0.1004395,-0.12316422,-0.1419791,-0.20428483,-0.16717614,-0.19406444,-0.1666669,-0.14521793,-0.1251162,-0.18388775,-0.1839997,-0.22722138,-0.16946231,-0.20547318,-0.102988705,-0.099015646,-0.058144663,-0.099439606,-0.10764202,-0.17127831,-0.1978925,-0.12536043,-0.13644695,-0.1525433,-0.1718696,-0.11658599,-0.16762707,-0.17423621,-0.1509206,-0.12124001,-0.13512479,-0.105619416,-0.14851631,-0.19638085,-0.18956244,-0.2175087,-0.16124734,-0.22338755,-0.19766632,-0.29867563,-0.29210672,-0.19883698,-0.10702488,-0.09162698,-0.13691942,-0.15519238,-0.23188588,-0.19421351,-0.14670727,-0.2026537,-0.18421811,-0.18279888,-0.19803488,-0.19950895,-0.20452777,-0.15776113,-0.12575963,-0.1439423,-0.091995746,-0.09548499,-0.17156741,-0.14258415,-0.13743341,-0.14712068,-0.12719077,-0.15148422,-0.2613474,-0.22333384,-0.18935108,-0.20047067,-0.1458691,-0.14941934,-0.13083309,-0.14296731,-0.15097737,-0.16437657,-0.14681216,-0.16278498,-0.15964532,-0.14998752,-0.14731455,-0.15736693,-0.15351942,-0.22480208,-0.120334074,-0.14163065,-0.11833578,-0.16122398,-0.17443675,-0.15598908,-0.16844043,-0.11139822,-0.1388583,-0.13027036,-0.12868243,-0.15152657,-0.14263153,-0.11538814,-0.10065024,-0.090253286,-0.10532356,-0.12049978,-0.13506667,-0.15027548,-0.1604996,-0.1185138,-0.11129953,-0.1578567,-0.17738779,-0.13387215,-0.16445574,-0.25953975,-0.1488615,-0.13274434,-0.14183502,-0.15095688,-0.17780018,-0.16407415,-0.22917573,-0.09015879,-0.110021815,-0.13486153,-0.12975922,-0.13997786,-0.17407271,-0.13908121,-0.16057305,-0.12777606,-0.07092635,-0.03704006,-0.13720748,-0.16236782,-0.17919666,-0.14332479,-0.12334781,-0.1357629,-0.12023825,-0.13832992,-0.25318068,-0.26654312,-0.0831332,-0.10945694,-0.14455014,-0.09238048,-0.18808264,-0.19069421,-0.15297158,-0.089983895,-0.13230102,-0.14973137,-0.15053585,-0.15922621,-0.1709029,-0.1840297,-0.087601185,-0.12382455,-0.14127573,-0.10256614,-0.17951453,-0.19495486,-0.19162437,-0.09993367,-0.13113372,-0.079500735,-0.12796524,-0.19006202,-0.19379956,-0.19208091,-0.123379074,-0.07497528,-0.09694263,-0.11853011,-0.13659464,-0.12406494,-0.121451,-0.094309226,-0.09644829,-0.10831451,-0.082459606,-0.11278473,-0.13229536,-0.16729063,-0.1410757,-0.13643502,-0.18093297,-0.17825818,-0.19471142,-0.14489618,-0.15549555,-0.13556203,-0.119081676,-0.14001076,-0.19117098,-0.19160259,-0.18189326,-0.19755594,-0.25103784,-0.20219928,-0.19046381,-0.19154975,-0.18291642,-0.17428091,-0.27554205,-0.08916744,-0.11956477,-0.1278509,-0.15751183,-0.20931396,-0.18224281,-0.29657933,-0.32474133,-0.15285543,-0.3242122,-0.17325558,-0.17108874,-0.2185038,-0.17647925,-0.114121355,-0.14000013,-0.15388772,-0.15788373,-0.22984435,-0.18186735,-0.25788307,-0.104258746,-0.12455491,-0.13856812,-0.12413511,-0.15189947,-0.15522566,-0.1563098,-0.14014931,-0.15141064,-0.16334921,-0.15550683,-0.15373383,-0.15334143,-0.13391468,-0.12300636,-0.14654925,-0.19068229,-0.17756361,-0.21025829,-0.3990198,-0.20348516,-0.11333577,-0.1296617,-0.11855981,-0.14812168,-0.16636807,-0.18695942,-0.19205812,-0.13160202,-0.0763589,-0.15331332,-0.13979474,-0.14106366,-0.11810001,-0.19987361,-0.1649412,-0.15887088,-0.14170441,-0.123572275,-0.12722544,-0.14610182,-0.2588673,-0.10716121,-0.13074079,-0.09132757,-0.12832497,-0.12912895,-0.14990902,-0.15184568,-0.09604405,-0.08910369,-0.12430372,-0.11043228,-0.13793325,-0.150981,-0.17062403,-0.14305922,-0.11627365,-0.17422393,-0.15206635,-0.14242107,-0.12547816,-0.14214608,-0.17466888,-0.13176009,-0.13229474,-0.14594415,-0.12285699,-0.08722703,-0.05825615,-0.14361005,-0.17082691,-0.026243303,-0.16686732,-0.2829064,-0.31316653,-0.19903249,-0.14581683,-0.14331596,-0.14862512,-0.12963767,-0.25088155,-0.19435093,-0.18895923,-0.09440486,-0.10918291,-0.10702289,-0.09367065,-0.12759323,-0.15317011,-0.15746465,-0.16738275,-0.12812386,-0.0969081,-0.16398169,-0.14369945,-0.11335766,-0.18846886,-0.1706479,-0.1541084,-0.12576889,-0.115196005,-0.11290311,-0.11662802,-0.17623034,-0.13857964,-0.134421,-0.096878245,-0.1211205,-0.091449544,-0.12434345,-0.13577792,-0.063823454,-0.13877153,-0.11419349,-0.13380624,-0.24483351,-0.2571875,-0.29957527,-0.14638741,-0.15697166,-0.13238621,-0.19104545,-0.0782174,-0.17271644,-0.16450709,-0.09859173,-0.11065883,-0.11444746,-0.076612435,-0.083404,-0.1213824,-0.13072303,-0.13855581,-0.19385117,-0.09891862,-0.15596852,-0.19487974,-0.19154069,-0.18731533,-0.11110465,-0.14303264,-0.10288273,-0.15947893,-0.194793,-0.17328815,-0.16934565,-0.14293207,-0.14263664,-0.101718366,-0.15346539,-0.16183008,-0.18131223,-0.19562438,-0.121199824,-0.14743988,-0.11366214,-0.0797787,-0.14337519,-0.20725825,-0.16093108,-0.125103,-0.15657571,-0.15690626,-0.1438109,-0.19202894,-0.16285902,-0.1822725,-0.2963242,-0.19859844,-0.1815341,-0.17189369,-0.19343302,-0.15777057,-0.14054683,-0.13036948,-0.12557748,-0.13843483,-0.16343969,-0.30584824,-0.16711867,-0.18142593,-0.19311254,-0.11441202,-0.15074174,-0.14065693,-0.17838252,-0.16720323,-0.16471532,-0.14331086,-0.18237996,-0.12842777,-0.15364525,-0.13786776,-0.24156228,-0.17965809,-0.103014216,-0.13530907,-0.14205438,-0.17477216,-0.11015104,-0.13466549,-0.15239313,-0.1601063,-0.18216935,-0.15434808,-0.14938574,-0.19184028,-0.17575544,-0.16427295,-0.14723541,-0.14623587,-0.11499533,-0.10471026,-0.13520437,-0.20148799,-0.17727512,-0.12513243,-0.16597487,-0.18041904,-0.18738703,-0.11705899,-0.17663129,-0.2602002,-0.092312366,-0.09198177,-0.11471651,-0.13610485,-0.14815918,-0.098352514,-0.18941656
k__Bacteria|p__Bacteroidetes|c__Bacteroidia|o__Bacteroidales|f__Rikenellaceae|g__Alistipes|s__Alistipes_SGB5086,-0.1004395,-0.12316422,-0.1417312,-0.20428483,-0.16730326,-0.19361436,-0.1666669,-0.14517209,-0.1251167,-0.18377458,-0.18364228,-0.22365497,-0.1697667,-0.20439628,-0.102996826,-0.09913908,-0.058144663,-0.09936439,-0.10770953,-0.17085657,-0.1978925,-0.12536043,-0.13631117,-0.15227097,-0.17152122,-0.11658599,-0.16765413,-0.17403242,-0.1509206,-0.12124001,-0.13522111,-0.10563931,-0.1484264,-0.1957965,-0.18915242,-0.2175087,-0.16140625,-0.22338755,-0.19743909,-0.29867563,-0.29210672,-0.19776016,-0.107107,-0.09162698,-0.13691942,-0.15524314,-0.23188588,-0.1939463,-0.14665174,-0.2026537,-0.18470907,-0.18279888,-0.19718572,-0.19802602,-0.20208474,-0.15762839,-0.12563771,-0.14375374,-0.09196521,-0.095420994,-0.17134286,-0.14225923,-0.13743341,-0.14701754,-0.12719077,-0.15148784,-0.2613474,-0.22333384,-0.18901896,-0.20047067,-0.14562963,-0.1493061,-0.13060035,-0.14258642,-0.1504236,-0.16401672,-0.14667174,-0.16278498,-0.15983431,-0.14998752,-0.14721681,-0.15723234,-0.15322092,-0.22480208,-0.120334074,-0.14152637,-0.11826755,-0.16092312,-0.17415702,-0.15578106,-0.1681884,-0.11139822,-0.1388583,-0.13027036,-0.12851857,-0.15152657,-0.14271843,-0.11548519,-0.10065024,-0.09034288,-0.10528141,-0.12034835,-0.13494611,-0.15027548,-0.1604537,-0.1185138,-0.11129953,-0.1578567,-0.17738779,-0.13339552,-0.16395438,-0.25953975,-0.14888914,-0.13273297,-0.14153475,-0.15095688,-0.17780018,-0.16395353,-0.22917573,-0.09015879,-0.110188656,-0.13474652,-0.129563,-0.13997786,-0.17394963,-0.13908121,-0.16057305,-0.12777606,-0.07092635,-0.03704006,-0.13717511,-0.16207595,-0.17903627,-0.14332479,-0.12334781,-0.13589188,-0.12023825,-0.13808411,-0.25318068,-0.26654312,-0.08326213,-0.10945694,-0.14424965,-0.09238048,-0.18795635,-0.19035956,-0.15311547,-0.09010058,-0.13230102,-0.149673,-0.15039541,-0.15901116,-0.17062381,-0.18357179,-0.08770012,-0.12366945,-0.14121075,-0.10256614,-0.17951453,-0.19495486,-0.19114898,-0.0998991,-0.13113372,-0.07890922,-0.12761617,-0.19006202,-0.1933973,-0.19176944,-0.12335448,-0.07521603,-0.09691565,-0.11840275,-0.13651037,-0.12406494,-0.121451,-0.094315514,-0.09654993,-0.10833723,-0.082459606,-0.11266498,-0.13217202,-0.1671504,-0.1410757,-0.13654667,-0.18093297,-0.17825818,-0.1942721,-0.14462867,-0.15549555,-0.13533969,-0.119081676,-0.14001076,-0.19117098,-0.19138157,-0.18162662,-0.19755594,-0.25103784,-0.20219928,-0.19047257,-0.19136769,-0.18271217,-0.17406473,-0.27554205,-0.08916744,-0.11956477,-0.12800673,-0.15751183,-0.20931396,-0.18224281,-0.29657933,-0.32474133,-0.15374257,-0.3242122,-0.17325558,-0.17108874,-0.2185038,-0.17647925,-0.114121355,-0.14008385,-0.15388772,-0.15788373,-0.22984435,-0.18186735,-0.25602728,-0.10423313,-0.12455491,-0.13852149,-0.12403818,-0.15189947,-0.15493749,-0.15620819,-0.14014931,-0.15141064,-0.16302356,-0.15544468,-0.15355405,-0.15316989,-0.13394655,-0.1230343,-0.14651433,-0.19027132,-0.17725933,-0.21025829,-0.3990198,-0.20193389,-0.11337429,-0.1296617,-0.11827357,-0.147915,-0.16636807,-0.18663302,-0.19182163,-0.13172323,-0.07637534,-0.15289035,-0.13980754,-0.14106366,-0.118085995,-0.19987361,-0.1649412,-0.1590755,-0.14148778,-0.12347449,-0.12722544,-0.14610182,-0.2588673,-0.10717585,-0.13074079,-0.09132757,-0.12832497,-0.1290017,-0.14985983,-0.15180188,-0.096113026,-0.08910369,-0.12413438,-0.110390715,-0.13784896,-0.15082821,-0.17032196,-0.14292696,-0.11641397,-0.17398009,-0.15193766,-0.14231028,-0.12534182,-0.1420461,-0.17466888,-0.13176009,-0.13215093,-0.14574824,-0.122815974,-0.08722703,-0.05825615,-0.14351934,-0.17082691,-0.026243303,-0.16704142,-0.2829064,-0.31316653,-0.1979202,-0.1457232,-0.14331596,-0.14862512,-0.12963767,-0.25088155,-0.1938991,-0.18858676,-0.09444094,-0.10916151,-0.10702289,-0.09315804,-0.12759323,-0.15307091,-0.15746465,-0.16730148,-0.12812386,-0.0969081,-0.16398169,-0.143457,-0.11335766,-0.18846886,-0.1706479,-0.15409583,-0.12564538,-0.115196005,-0.11269712,-0.11662802,-0.17611705,-0.13843441,-0.13428265,-0.096878245,-0.1209334,-0.091480866,-0.12434345,-0.13596274,-0.063823454,-0.13877153,-0.11419349,-0.13372168,-0.24483351,-0.2571875,-0.29957527,-0.14620411,-0.15677056,-0.13197988,-0.19104545,-0.0782174,-0.17230487,-0.16432793,-0.09859173,-0.11065883,-0.114622645,-0.076612435,-0.083404,-0.1213824,-0.13072303,-0.13855581,-0.19385117,-0.098693445,-0.15565616,-0.19487974,-0.19132158,-0.18693182,-0.11113863,-0.14308923,-0.10277678,-0.15912673,-0.19424456,-0.17255008,-0.16915274,-0.14285508,-0.14252579,-0.10173841,-0.15321064,-0.16176216,-0.18120176,-0.19518617,-0.12109199,-0.14729944,-0.11385253,-0.07977466,-0.14272115,-0.20725825,-0.16100502,-0.125103,-0.15657571,-0.15690626,-0.14378388,-0.19202894,-0.16268438,-0.18199214,-0.2963242,-0.19844915,-0.1810983,-0.17191319,-0.19308648,-0.15754405,-0.14054683,-0.13025934,-0.12557748,-0.13824967,-0.1633749,-0.30584824,-0.16686025,-0.18104106,-0.19310692,-0.11441202,-0.15042967,-0.14067566,-0.1781424,-0.16687858,-0.16465542,-0.14331086,-0.18237996,-0.12842625,-0.15336391,-0.13715959,-0.24156228,-0.17993069,-0.10305473,-0.1353545,-0.14178011,-0.17441149,-0.11028464,-0.13446811,-0.15212928,-0.16007033,-0.18216872,-0.1538529,-0.14892803,-0.19184028,-0.17551208,-0.16415283,-0.14723541,-0.14623587,-0.11499533,-0.10471026,-0.13486028,-0.20148799,-0.1771793,-0.12513243,-0.16642758,-0.18041904,-0.18738703,-0.11705899,-0.17617455,-0.25954807,-0.092370205,-0.09207341,-0.11468379,-0.13588881,-0.14788449,-0.098322466,-0.18896171
k__Bacteria|p__Bacteroidetes|c__Bacteroidia|o__Bacteroidales|f__Bacteroidaceae|g__Bacteroides|s__Bacteroides_fluxus,-0.1004395,-0.12316422,-0.14116389,-0.20428483,-0.16602725,-0.19275314,-0.1666669,-0.14458802,-0.12499012,-0.18283279,-0.18300644,-0.22030325,-0.16935101,-0.20227155,-0.10283962,-0.098562896,-0.058144663,-0.099281594,-0.1074384,-0.17023847,-0.1978925,-0.12536043,-0.1358845,-0.15178469,-0.17065915,-0.11658599,-0.16704047,-0.17326586,-0.1509206,-0.12124001,-0.13477275,-0.105348274,-0.14793083,-0.19448876,-0.18836415,-0.2175087,-0.15994081,-0.22338755,-0.19571367,-0.29867563,-0.29210672,-0.1971689,-0.10679935,-0.09162698,-0.13691942,-0.15442467,-0.23188588,-0.1927942,-0.14616945,-0.2026537,-0.18310429,-0.18279888,-0.19577475,-0.1969862,-0.20111671,-0.15708137,-0.12527332,-0.14317629,-0.09202294,-0.09527588,-0.17054778,-0.14195272,-0.13743341,-0.14640683,-0.12719077,-0.15098307,-0.2613474,-0.22333384,-0.18795732,-0.20047067,-0.14507455,-0.14866939,-0.13018188,-0.14210206,-0.15004425,-0.16311558,-0.14609826,-0.16278498,-0.15868282,-0.14998752,-0.14666203,-0.15648486,-0.15276998,-0.22480208,-0.120334074,-0.1410762,-0.11794906,-0.16027565,-0.17322908,-0.15519758,-0.16755816,-0.11139822,-0.1388583,-0.13027036,-0.12832777,-0.15152657,-0.1424945,-0.115156725,-0.10065024,-0.09027473,-0.10515475,-0.11996725,-0.13450292,-0.15027548,-0.15977585,-0.1185138,-0.11129953,-0.1578567,-0.17738779,-0.13299522,-0.16330568,-0.25953975,-0.14817956,-0.13233101,-0.1410886,-0.15095688,-0.17780018,-0.16306451,-0.22917573,-0.09015879,-0.10999818,-0.13436505,-0.12917127,-0.13997786,-0.17315534,-0.13908121,-0.16057305,-0.12777606,-0.07092635,-0.03704006,-0.13662544,-0.16166776,-0.17809975,-0.14332479,-0.12334781,-0.13553563,-0.12023825,-0.13780004,-0.25318068,-0.26654312,-0.08338745,-0.10945694,-0.14399862,-0.09238048,-0.18722145,-0.18936057,-0.15262125,-0.09010296,-0.13230102,-0.14912418,-0.14978354,-0.1582735,-0.16979812,-0.1828399,-0.087682545,-0.12319237,-0.14046219,-0.10256614,-0.17951453,-0.19495486,-0.19010244,-0.099904254,-0.13113372,-0.0792138,-0.12752384,-0.19006202,-0.19229308,-0.19080168,-0.123045884,-0.07520939,-0.096778885,-0.11807462,-0.13616268,-0.12406494,-0.121451,-0.0942096,-0.0964496,-0.10828549,-0.082459606,-0.112562776,-0.13201594,-0.16639489,-0.1410757,-0.13597733,-0.18093297,-0.17825818,-0.19314559,-0.14419271,-0.15549555,-0.13490865,-0.119081676,-0.14001076,-0.19117098,-0.1900409,-0.18066373,-0.19755594,-0.25103784,-0.20219928,-0.18969151,-0.19021994,-0.18190858,-0.17329285,-0.27554205,-0.08916744,-0.11956477,-0.12788065,-0.15751183,-0.20931396,-0.18224281,-0.29657933,-0.32474133,-0.15410793,-0.3242122,-0.17325558,-0.17108874,-0.2185038,-0.17647925,-0.114121355,-0.13950162,-0.15388772,-0.15788373,-0.22984435,-0.18186735,-0.25350124,-0.104099885,-0.12455491,-0.13818312,-0.12382707,-0.15189947,-0.15447232,-0.15553233,-0.14014931,-0.15141064,-0.16234165,-0.15461765,-0.15296158,-0.15256408,-0.13349894,-0.12270969,-0.14593205,-0.18945485,-0.17652103,-0.21025829,-0.3990198,-0.20225355,-0.11319254,-0.1296617,-0.11801689,-0.14756043,-0.16636807,-0.1858734,-0.19081514,-0.13137648,-0.07659088,-0.15240335,-0.13938776,-0.14106366,-0.117974214,-0.19987361,-0.1649412,-0.15821049,-0.14112698,-0.12323999,-0.12722544,-0.14610182,-0.2588673,-0.107053965,-0.13074079,-0.09132757,-0.12832497,-0.12879975,-0.14940023,-0.15120813,-0.09603826,-0.08910369,-0.12397426,-0.11024706,-0.13746744,-0.15038621,-0.16955987,-0.14246228,-0.11630021,-0.17325547,-0.15152375,-0.14185838,-0.12501866,-0.1416266,-0.17466888,-0.13176009,-0.13187894,-0.14521007,-0.12247355,-0.08722703,-0.05825615,-0.14309224,-0.17082691,-0.026243303,-0.16600019,-0.2829064,-0.31316653,-0.19787234,-0.14511819,-0.14331596,-0.14862512,-0.12963767,-0.25088155,-0.19258302,-0.18767604,-0.09457339,-0.10888444,-0.10702289,-0.09334836,-0.12759323,-0.15271044,-0.15746465,-0.16622089,-0.12812386,-0.0969081,-0.16398169,-0.14303835,-0.11335766,-0.18846886,0.9972944,-0.15327439,-0.1252921,-0.115196005,-0.112524174,-0.11662802,-0.17535958,-0.13790643,-0.13376689,-0.096878245,-0.12064852,-0.09155679,-0.12434345,-0.13559358,-0.063823454,-0.13877153,-0.11419349,-0.13331111,-0.24483351,-0.2571875,-0.29957527,-0.14558533,-0.15608177,-0.1317327,-0.19104545,-0.0782174,-0.17167678,-0.16349517,-0.09859173,-0.11065883,-0.114473075,-0.076612435,-0.083404,-0.1213824,-0.13072303,-0.13855581,-0.19385117,-0.09858193,-0.15508464,-0.19487974,-0.1903426,-0.18603146,-0.11098318,-0.14256534,-0.102776736,-0.15835616,-0.19310583,-0.1720916,-0.1684427,-0.14229947,-0.14185587,-0.10162966,-0.15283737,-0.16088548,-0.18040326,-0.19407928,-0.12086579,-0.14673477,-0.11373267,-0.08008373,-0.14238554,-0.20725825,-0.160151,-0.125103,-0.15657571,-0.15690626,-0.1431995,-0.19202894,-0.16199802,-0.18121135,-0.2963242,-0.19689855,-0.1805098,-0.17107642,-0.19217464,-0.15699744,-0.14054683,-0.1299108,-0.12557748,-0.13801679,-0.16259837,-0.30584824,-0.16638933,-0.18014023,-0.19179532,-0.11441202,-0.1501564,-0.14009988,-0.17734957,-0.16608429,-0.16386007,-0.14331086,-0.18237996,-0.12801248,-0.15288502,-0.13688202,-0.24156228,-0.17891516,-0.10289362,-0.13487473,-0.14134786,-0.17351842,-0.110157356,-0.13423538,-0.15158856,-0.15910882,-0.18109751,-0.15345883,-0.14839183,-0.19184028,-0.17466958,-0.163403,-0.14723541,-0.14623587,-0.11499533,-0.10471026,-0.1347222,-0.20148799,-0.17624545,-0.12513243,-0.16538706,-0.18041904,-0.18738703,-0.11705899,-0.17552763,-0.25705588,-0.09233232,-0.09206221,-0.114450425,-0.13550235,-0.14737599,-0.09837039,-0.18809333
k__Bacteria|p__Bacteroidetes|c__Bacteroidia|o__Bacteroidales|f__Prevotellaceae|g__Prevotella|s__Prevotella_bergensis,-0.1004395,-0.12316422,-0.14130256,-0.20428483,-0.1668778,-0.19313632,-0.1666669,-0.14493304,-0.12477527,-0.18356803,-0.18217199,-0.21945675,-0.16855729,-0.20206177,-0.10268211,-0.09886055,-0.058144663,-0.099527776,-0.107449114,-0.17093912,-0.1978925,-0.12536043,-0.13631883,-0.15234424,-0.17111617,-0.11658599,-0.16742545,-0.17405614,-0.1509206,-0.12124001,-0.13525033,-0.105106786,-0.14833662,-0.19473341,-0.18881342,-0.2175087,-0.16128923,-0.22338755,-0.19668755,-0.29867563,-0.29210672,-0.19704142,-0.10700646,-0.09162698,-0.13691942,-0.15495786,-0.23188588,-0.19343816,-0.14633727,-0.2026537,-0.18388878,-0.18279888,-0.1961279,-0.19676791,-0.20048717,-0.15781647,-0.12554148,-0.14365801,-0.092283115,-0.09539738,-0.1712062,-0.14240608,-0.13743341,-0.14684072,-0.12719077,-0.15135036,-0.2613474,-0.22333384,-0.18857095,-0.20047067,-0.14559296,-0.14910376,-0.13044468,-0.14239219,-0.1505959,-0.16406696,-0.14689045,-0.16278498,-0.15928085,-0.14998752,-0.14725336,-0.15682738,-0.15321673,-0.22480208,-0.120334074,-0.14143918,-0.1181834,-0.16099185,-0.17401329,-0.1553956,-0.16815597,-0.11139822,-0.1388583,-0.13027036,-0.12855202,-0.15152657,-0.14259982,-0.11546801,-0.10065024,-0.09008588,-0.10517056,-0.120338276,-0.13489671,-0.15027548,-0.16042131,-0.1185138,-0.11129953,-0.1578567,-0.17738779,-0.13336208,-0.16374628,-0.25953975,-0.14870572,-0.13236302,-0.14111552,-0.15095688,-0.17780018,-0.16352133,-0.22917573,-0.09015879,-0.110265255,-0.13460067,-0.12930875,-0.13997786,-0.17345122,-0.13908121,-0.16057305,-0.12777606,-0.07092635,-0.03704006,-0.13696337,-0.16198234,-0.17890848,-0.14332479,-0.12334781,-0.13561293,-0.12023825,-0.13789481,-0.25318068,-0.26654312,-0.08317616,-0.10945694,-0.1442656,-0.09238048,-0.18759279,-0.18960288,-0.15233846,-0.090024516,-0.13230102,-0.14952797,-0.15011393,-0.15878189,-0.17035529,-0.18368368,-0.087521836,-0.12375717,-0.14114293,-0.10256614,-0.17951453,-0.19495486,-0.19076157,-0.09978594,-0.13113372,-0.07861638,-0.12745634,-0.19006202,-0.19269475,-0.19122112,-0.12359841,-0.074955374,-0.09679128,-0.11809805,-0.13627833,-0.12406494,-0.121451,-0.09412356,-0.09613185,-0.108123064,-0.082459606,-0.11233786,-0.13199972,-0.16717991,-0.1410757,-0.13632348,-0.18093297,-0.17825818,-0.19340552,-0.14447653,-0.15549555,-0.13536038,-0.119081676,-0.14001076,-0.19117098,-0.1904694,-0.18113956,-0.19755594,-0.25103784,-0.20219928,-0.18989615,-0.19070603,-0.18206859,-0.1734675,-0.27554205,-0.08916744,-0.11956477,-0.12769577,-0.15751183,-0.20931396,-0.18224281,-0.29657933,-0.32474133,-0.15308288,-0.3242122,-0.17325558,-0.17108874,-0.2185038,-0.17647925,-0.114121355,-0.13973127,-0.15388772,-0.15788373,-0.22984435,-0.18186735,-0.25169227,-0.10406452,-0.12455491,-0.13833061,-0.12399359,-0.15189947,-0.15487072,-0.1562836,-0.14014931,-0.15141064,-0.16313244,-0.1552886,-0.15347074,-0.15285575,-0.13353723,-0.12292702,-0.14639571,-0.1899037,-0.17663535,-0.21025829,-0.3990198,-0.20079815,-0.11314945,-0.1296617,-0.11811137,-0.14774948,-0.16636807,-0.18645746,-0.19135253,-0.13163565,-0.076142624,-0.15306145,-0.13958271,-0.14106366,-0.118655756,-0.19987361,-0.1649412,-0.15866733,-0.14120542,-0.12316131,-0.12722544,-0.14610182,-0.2588673,-0.10707344,-0.13074079,-0.09132757,-0.12832497,-0.12905785,-0.14968036,-0.1518757,-0.09600429,-0.08910369,-0.124084026,-0.11019251,-0.13774534,-0.15062663,-0.1702714,-0.14281039,-0.116364755,-0.17381577,-0.15161411,-0.1422326,-0.124817654,-0.14222401,-0.17466888,-0.13176009,-0.13215478,-0.14551646,-0.122560225,-0.08722703,-0.05825615,-0.14330932,-0.17082691,-0.026243303,-0.16689074,-0.2829064,-0.31316653,-0.19698736,-0.1456427,-0.14331596,-0.14862512,-0.12963767,-0.25088155,-0.1930891,-0.188387,-0.09431291,-0.10916285,-0.10702289,-0.09324419,-0.12759323,-0.15301032,-0.15746465,-0.16696396,-0.12812386,-0.0969081,-0.16398169,-0.14375311,-0.11335766,-0.18846886,-0.1706479,-0.15385753,-0.12560607,-0.115196005,-0.1126952,-0.11662802,-0.17597905,-0.13836372,-0.1340667,-0.096878245,-0.12057368,-0.09146146,-0.12434345,-0.13608843,-0.063823454,-0.13877153,-0.11419349,-0.1336586,-0.24483351,-0.2571875,-0.29957527,-0.14603727,-0.15650345,-0.13186628,-0.19104545,-0.0782174,-0.17188641,-0.16421933,-0.09859173,-0.11065883,-0.11485661,-0.076612435,-0.083404,-0.1213824,-0.13072303,-0.13855581,-0.19385117,-0.09862636,-0.15569584,-0.19487974,-0.19072938,-0.18654123,-0.11111182,-0.14278027,-0.102801815,-0.15938155,-0.19359863,-0.17279953,-0.16868033,-0.14266634,-0.14231552,-0.1014041,-0.15300286,-0.16146933,-0.18057077,-0.19431157,-0.12103408,-0.14719969,-0.11365145,-0.079721294,-0.14297974,-0.20725825,-0.1608203,-0.125103,-0.15657571,-0.15690626,-0.14352685,-0.19202894,-0.16257745,-0.18200631,-0.2963242,-0.196461,-0.18034752,-0.17102711,-0.19208542,-0.15693156,-0.14054683,-0.1301378,-0.12557748,-0.1380833,-0.16324326,1.4290084,-0.16658942,-0.18063594,-0.19247419,-0.11441202,-0.15042071,-0.14047147,-0.1779447,-0.16665652,-0.16455229,-0.14331086,-0.18237996,-0.1282117,-0.15321116,-0.13702218,-0.24156228,-0.17921925,-0.102981895,-0.13513756,-0.14172035,-0.1743391,-0.110089585,-0.134327,-0.15227106,-0.15984808,-0.18148968,-0.15392995,-0.14894882,-0.19184028,-0.17520815,-0.16424228,-0.14723541,-0.14623587,-0.11499533,-0.10471026,-0.13490139,-0.20148799,-0.17707223,-0.12513243,-0.16591796,-0.18041904,-0.18738703,-0.11705899,-0.17632872,-0.25670165,-0.092199184,-0.09197332,-0.11452736,-0.1357463,-0.14762515,-0.09807806,-0.18884152
k__Bacteria|p__Bacteroidetes|c__Bacteroidia|o__Bacteroidales|f__Bacteroidaceae|g__Bacteroides|s__Bacteroides_finegoldii,-0.1004395,-0.12316422,-0.14210922,-0.20428483,-0.16686839,-0.19356868,-0.1666669,-0.14467965,-0.12541428,-0.18329608,-0.18312708,-0.22224456,-0.1701082,-0.20189771,-0.10289219,-0.0987363,-0.058144663,-0.09895813,-0.10784389,-0.17095771,-0.1978925,-0.12536043,-0.1362274,-0.15202788,-0.1713853,-0.11658599,-0.1673297,-0.17341757,-0.1509206,-0.12124001,-0.13500074,-0.1058726,-0.14838052,-0.19552629,-0.18889412,-0.2175087,-0.16135596,-0.22338755,-0.19701746,-0.29867563,-0.29210672,-0.19792898,-0.10684523,-0.09162698,-0.13691942,-0.15483959,-0.23188588,-0.19359,-0.146611,-0.2026537,-0.18395479,-0.18279888,-0.19717726,-0.19867341,-0.20272884,-0.15714404,-0.12557843,-0.14355901,-0.09210685,-0.09569782,-0.17112526,-0.14218852,-0.13743341,-0.14674337,-0.12719077,-0.15152563,-0.2613474,-0.22333384,-0.18869296,-0.20047067,-0.14534795,-0.14907485,-0.13077228,-0.14267002,-0.15032162,-0.16354409,-0.1465388,-0.16278498,-0.15932749,-0.14998752,-0.14720267,-0.15711775,-0.15326485,-0.22480208,-0.120334074,-0.1414021,-0.11835471,-0.16061951,-0.17381336,-0.15577576,-0.16797534,-0.11139822,-0.1388583,-0.13027036,-0.12867078,-0.15152657,-0.14266515,-0.11529193,-0.10065024,-0.090441845,-0.105285,-0.1203699,-0.13489355,-0.15027548,-0.16001564,-0.1185138,-0.11129953,-0.1578567,-0.17738779,-0.13344514,-0.16483797,-0.25953975,-0.14863253,-0.13274002,-0.14157748,-0.15095688,-0.17780018,-0.16401342,-0.22917573,-0.09015879,-0.11015853,-0.13464396,-0.12957422,-0.13997786,-0.17362007,-0.13908121,-0.16057305,-0.12777606,-0.07092635,-0.03704006,-0.1370349,-0.1620073,-0.17851037,-0.14332479,-0.12334781,-0.13568307,-0.12023825,-0.1381022,-0.25318068,-0.26654312,-0.08329852,-0.10945694,-0.14411649,-0.09238048,-0.18762848,-0.18990251,-0.1526745,-0.0901369,-0.13230102,-0.14952856,-0.15021688,-0.15880464,-0.17053375,-0.1833742,-0.08785269,-0.123476215,-0.14049682,-0.10256614,-0.17951453,-0.19495486,-0.19079591,-0.10005388,-0.13113372,-0.07956685,-0.12808469,-0.19006202,-0.19304472,-0.19138235,-0.122859016,-0.07528357,-0.09700553,-0.11851166,-0.13631271,-0.12406494,-0.121451,-0.094247006,-0.09646647,-0.10822444,-0.082459606,-0.11271316,-0.13208926,-0.1665765,-0.1410757,-0.13649999,-0.18093297,-0.17825818,-0.1940719,-0.1448241,-0.15549555,-0.13529894,-0.119081676,-0.14001076,-0.19117098,-0.19074716,-0.18139562,-0.19755594,-0.25103784,-0.20219928,-0.1902614,-0.19120714,-0.1825007,-0.17411064,-0.27554205,-0.08916744,-0.11956477,-0.12804662,-0.15751183,-0.20931396,-0.18224281,-0.29657933,-0.32474133,-0.1535836,-0.3242122,-0.17325558,-0.17108874,-0.2185038,-0.17647925,-0.114121355,-0.14001212,-0.15388772,-0.15788373,-0.22984435,-0.18186735,-0.25574565,-0.10427475,-0.12455491,-0.13837823,-0.1241704,-0.15189947,-0.15460822,-0.15575066,-0.14014931,-0.15141064,-0.16277033,-0.15528885,-0.15335067,-0.15306571,-0.13377175,-0.12314305,-0.14666292,-0.18986666,-0.17684454,-0.21025829,-0.3990198,-0.20299661,-0.11320775,-0.1296617,-0.11828015,-0.14800955,-0.16636807,-0.18603066,-0.19156142,-0.13143897,-0.07695006,-0.15304106,-0.13976309,-0.14106366,-0.117703885,-0.19987361,-0.1649412,-0.15870471,-0.14152007,-0.123470455,-0.12722544,4.888903,2.6840858,-0.10719398,-0.13074079,-0.09132757,-0.12832497,-0.12899353,-0.1497153,-0.15130737,-0.09598386,-0.08910369,-0.12416285,-0.11053592,-0.13777931,-0.15078218,-0.17007172,-0.14282757,-0.11657578,-0.17349371,-0.15179521,-0.14205983,-0.12538879,-0.14173928,-0.17466888,-0.13176009,-0.13236554,-0.1455234,-0.12263977,-0.08722703,-0.05825615,-0.14318499,-0.17082691,-0.026243303,-0.16645065,-0.2829064,-0.31316653,-0.19833153,-0.1455177,-0.14331596,-0.14862512,-0.12963767,-0.25088155,-0.19355562,-0.1883806,-0.094655655,-0.10911885,-0.10702289,-0.09363595,-0.12759323,-0.15298504,-0.15746465,-0.16679713,-0.12812386,-0.0969081,-0.16398169,-0.1431676,-0.11335766,-0.18846886,-0.1706479,-0.15386397,-0.12567511,-0.115196005,-0.11294547,-0.11662802,-0.175456,-0.13827047,-0.13403639,-0.096878245,-0.12089951,-0.091563985,-0.12434345,-0.13550207,-0.063823454,-0.13877153,-0.11419349,-0.1337089,-0.24483351,-0.2571875,-0.29957527,-0.14604943,-0.15655115,-0.13243014,-0.19104545,-0.0782174,-0.17226565,-0.16399825,-0.09859173,-0.11065883,-0.11427932,-0.076612435,-0.083404,-0.1213824,-0.13072303,-0.13855581,-0.19385117,-0.09896238,-0.15587929,-0.19487974,-0.19116545,-0.18679093,-0.111191556,-0.14259815,-0.10302936,-0.15895793,-0.19428422,-0.17230678,-0.16904147,-0.14263487,-0.14226285,-0.10203464,-0.15314078,-0.16142248,-0.18090086,-0.19479081,-0.12114327,-0.14687257,-0.11367774,-0.08016975,-0.14341465,-0.20725825,-0.16054253,-0.125103,-0.15657571,-0.15690626,-0.14360788,-0.19202894,-0.16268042,-0.18174386,-0.2963242,-0.19874522,-0.18149522,-0.17151134,-0.19283524,-0.15744582,-0.14054683,-0.13024971,-0.12557748,-0.13824454,-0.1635497,-0.30584824,-0.16703142,-0.18091394,-0.19268799,-0.11441202,-0.15045112,-0.14051062,-0.17788145,-0.16682254,-0.16429356,-0.14331086,-0.18237996,-0.12872568,-0.15336147,-0.13809237,-0.24156228,-0.17932606,-0.10309059,-0.1352176,-0.14178237,-0.17410003,-0.11038448,-0.13465007,-0.15183365,-0.15932485,-0.1817763,-0.15388934,-0.14919996,-0.19184028,-0.17543395,-0.16366762,-0.14723541,-0.14623587,-0.11499533,-0.10471026,-0.13522594,-0.20148799,-0.17667764,-0.12513243,-0.16537645,-0.18041904,-0.18738703,-0.11705899,-0.17579032,-0.2590063,-0.09237774,-0.092093244,-0.11484462,-0.13588333,-0.14778213,-0.09871417,-0.18869597
k__Bacteria|p__Bacteroidetes|c__Bacteroidia|o__Bacteroidales|f__Prevotellaceae|g__Prevotella|s__Prevotella_buccae,-0.1004395,-0.12316422,-0.14152905,-0.20428483,-0.16677575,-0.19366078,-0.1666669,-0.1452004,-0.12464537,-0.1835481,-0.18266407,-0.22765602,-0.16982959,-0.2070747,-0.103438824,-0.100415505,-0.058144663,-0.10025926,-0.107727945,-0.17088443,-0.1978925,-0.12536043,-0.13632654,-0.15234646,-0.17156711,-0.11658599,-0.1673915,-0.17428827,-0.1509206,-0.12124001,-0.13532871,-0.105633974,-0.1484291,-0.19571918,-0.18943498,-0.2175087,-0.1607333,-0.22338755,-0.19762135,-0.29867563,-0.29210672,-0.1984351,-0.107740104,-0.09162698,-0.13691942,-0.1552741,-0.23188588,-0.1940802,-0.14651173,-0.2026537,-0.18295702,-0.18279888,-0.19676343,-0.19813836,-0.20313504,-0.15873715,-0.12587577,-0.14411768,-0.09238158,-0.095703095,-0.17120236,-0.14246356,-0.13743341,-0.1471356,-0.12719077,-0.1515338,-0.2613474,-0.22333384,-0.18867318,-0.20047067,-0.14589226,-0.14930916,-0.13080895,-0.14276603,-0.150848,-0.16412616,-0.1467445,-0.16278498,-0.1594551,-0.14998752,-0.14713085,-0.1570398,-0.15323882,-0.22480208,-0.120334074,-0.14171708,-0.1183853,-0.1610803,-0.17402212,-0.15561512,-0.16818711,-0.11139822,-0.1388583,-0.13027036,-0.12856828,-0.15152657,-0.1422313,-0.11571023,-0.10065024,-0.09054001,-0.10570665,-0.12077116,-0.13517402,-0.15027548,-0.16058289,-0.1185138,-0.11129953,-0.1578567,-0.17738779,-0.13410875,-0.16332704,-0.25953975,-0.14885971,-0.13262904,-0.14163339,-0.15095688,-0.17780018,-0.16370317,3.7239294,-0.09015879,-0.1102768,-0.13478783,-0.12971601,-0.13997786,-0.17379537,-0.13908121,-0.16057305,-0.12777606,-0.07092635,-0.03704006,-0.13731092,-0.16205859,-0.1791615,-0.14332479,-0.12334781,-0.13589488,-0.12023825,-0.13816664,-0.25318068,-0.26654312,-0.08369833,-0.10945694,-0.1447427,-0.09238048,-0.18790881,-0.19014987,-0.15310109,-0.09052965,-0.13230102,-0.14964926,-0.1503785,-0.15905872,-0.17047894,-0.18390304,-0.08809058,-0.12435198,-0.14196335,-0.10256614,-0.17951453,-0.19495486,-0.19143817,-0.10004938,-0.13113372,-0.07962727,-0.12774199,-0.19006202,-0.19323975,-0.19184735,-0.12396073,-0.07549676,-0.09747633,-0.118640065,-0.13669848,-0.12406494,-0.121451,-0.09487304,-0.096960746,-0.10886603,-0.082459606,-0.11300658,-0.13238195,-0.16758142,-0.1410757,-0.13629946,-0.18093297,-0.17825818,-0.19431557,-0.14479864,-0.15549555,-0.13569948,-0.119081676,-0.14001076,-0.19117098,-0.1915153,-0.18141502,-0.19755594,-0.25103784,-0.20219928,-0.18975382,-0.1907776,-0.1824624,-0.17381948,-0.27554205,-0.08916744,-0.11956477,-0.12768811,-0.15751183,-0.20931396,-0.18224281,-0.29657933,-0.32474133,-0.15455544,-0.3242122,-0.17325558,-0.17108874,-0.2185038,-0.17647925,-0.114121355,-0.13983652,-0.15388772,-0.15788373,-0.22984435,-0.18186735,-0.25702178,-0.10452077,-0.12455491,-0.13848834,-0.124092706,-0.15189947,-0.15512992,-0.15645885,-0.14014931,-0.15141064,-0.16307665,-0.15520865,-0.15358129,-0.15316862,-0.13424176,-0.12285396,-0.14608333,-0.1900385,-0.17687565,-0.21025829,-0.3990198,-0.20464697,-0.11367511,-0.1296617,-0.11878228,-0.14771494,-0.16636807,-0.18680245,-0.1916467,-0.13194998,-0.076486684,-0.15317237,-0.13976264,-0.14106366,-0.1184777,-0.19987361,-0.1649412,-0.15864578,-0.14176054,-0.12363723,-0.12722544,-0.14610182,-0.2588673,-0.10753733,-0.13074079,-0.09132757,-0.12832497,-0.12913239,-0.14960423,-0.15215343,-0.09661087,-0.08910369,-0.12454028,-0.11053824,-0.13812596,-0.15068471,-0.1707417,-0.14289135,-0.11626099,-0.17424145,-0.15169299,-0.14256808,-0.12525786,-0.14233387,-0.17466888,-0.13176009,-0.13230127,-0.14587589,-0.12315387,-0.08722703,-0.05825615,-0.1435987,-0.17082691,-0.026243303,-0.16793165,-0.2829064,-0.31316653,-0.19907868,-0.14582624,-0.14331596,-0.14862512,-0.12963767,-0.25088155,-0.19394463,-0.1886749,-0.094481796,-0.10965213,-0.10702289,-0.09387936,-0.12759323,-0.15317321,-0.15746465,-0.16730908,-0.12812386,-0.0969081,-0.16398169,-0.1440081,-0.11335766,-0.18846886,-0.1706479,-0.15399799,-0.12588981,-0.115196005,-0.11309659,-0.11662802,-0.17658001,-0.1385959,-0.13466027,-0.096878245,-0.12137993,-0.091890536,-0.12434345,-0.13616383,-0.063823454,-0.13877153,-0.11419349,-0.1339187,-0.24483351,-0.2571875,-0.29957527,-0.146337,-0.15682386,-0.13191828,-0.19104545,-0.0782174,-0.17250545,-0.16453582,-0.09859173,-0.11065883,-0.114893064,-0.076612435,-0.083404,-0.1213824,-0.13072303,-0.13855581,-0.19385117,-0.09919731,-0.15557201,-0.19487974,-0.19080701,-0.18705526,-0.11132003,-0.1433869,-0.10295585,-0.15935652,-0.19389084,-0.17346299,-0.16887523,-0.14292945,-0.14286345,-0.10176672,-0.1532658,-0.16165543,-0.18089652,-0.19526866,-0.1212449,-0.14764032,-0.113900855,-0.080026,-0.14290518,-0.20725825,-0.1609765,-0.125103,-0.15657571,-0.15690626,-0.14388195,-0.19202894,-0.16246054,-0.18207446,-0.2963242,-0.19814363,-0.18077657,-0.1715389,-0.19291689,-0.15745282,-0.14054683,-0.1304208,-0.12557748,-0.13839558,-0.16369048,-0.30584824,-0.16642556,-0.18089713,-0.19269496,-0.11441202,-0.15057586,-0.14079574,-0.1781366,-0.16674635,-0.16487062,-0.14331086,-0.18237996,-0.12822066,-0.15351272,-0.13696572,-0.24156228,-0.17973858,-0.10338309,-0.1353682,-0.14191478,-0.17454946,-0.110346034,-0.13446689,-0.15239802,-0.16042303,-0.18171173,-0.15429702,-0.14895952,-0.19184028,-0.17519534,-0.16441241,-0.14723541,-0.14623587,-0.11499533,-0.10471026,-0.13506688,-0.20148799,-0.17721036,-0.12513243,-0.16669047,-0.18041904,-0.18738703,-0.11705899,-0.17670299,-0.25896484,-0.09283872,-0.0925291,-0.11484562,-0.13617337,-0.14811668,-0.098390386,-0.1891833
k__Bacteria|p__Bacteroidetes|c__Bacteroidia|o__Bacteroidales|f__Prevotellaceae|g__Prevotella|s__Prevotella_disiens,-0.1004395,-0.12316422,-0.1416534,-0.20428483,-0.16706452,-0.19402286,-0.1666669,-0.14539456,-0.12512897,-0.18400714,-0.18365225,-0.22438315,-0.17082539,-0.20403802,-0.10333778,-0.099363565,-0.058144663,-0.09974724,-0.10783281,-0.17118888,-0.1978925,-0.12536043,-0.13670501,-0.15283641,-0.1719612,-0.11658599,-0.16774362,-0.17451918,-0.1509206,-0.12124001,-0.13540956,-0.105701715,-0.14859706,-0.1961213,-0.18969107,-0.2175087,-0.16119002,-0.22338755,-0.19750246,-0.29867563,-0.29210672,-0.19833289,-0.10737773,-0.09162698,-0.13691942,-0.1552481,-0.23188588,-0.19407111,-0.14697526,-0.2026537,-0.18398887,-0.18279888,-0.19731581,-0.19889864,-0.2033773,-0.15872446,-0.12597747,-0.14417824,-0.092433095,-0.09574937,-0.17168441,-0.14289066,-0.13743341,-0.14732805,-0.12719077,-0.15159954,-0.2613474,-0.22333384,-0.18904938,-0.20047067,-0.14611822,-0.14968342,-0.13092616,-0.14301312,-0.1513398,-0.16464022,-0.14732635,-0.16278498,-0.15965226,-0.14998752,-0.1475819,-0.157341,-0.15363872,-0.22480208,-0.120334074,-0.14183018,-0.118489325,-0.1614137,-0.17459285,-0.15592772,-0.1686407,-0.11139822,-0.1388583,-0.13027036,-0.1289708,-0.15152657,-0.14289948,-0.11591054,-0.10065024,-0.090532035,-0.105650276,-0.120717555,-0.13525257,-0.15027548,-0.16085947,-0.1185138,-0.11129953,-0.1578567,-0.17738779,-0.13413328,-0.1641107,-0.25953975,-0.14905348,-0.13280982,-0.1418214,-0.15095688,-0.17780018,-0.16377786,-0.22917573,-0.09015879,-0.11029604,-0.13497385,-0.12999675,-0.13997786,-0.17402923,-0.13908121,-0.16057305,-0.12777606,-0.07092635,-0.03704006,-0.13716528,-0.16247123,-0.17945638,-0.14332479,-0.12334781,-0.13600421,-0.12023825,-0.1385819,-0.25318068,-0.26654312,-0.083504766,-0.10945694,-0.14494455,-0.09238048,-0.1880149,-0.19045697,-0.15319665,-0.09029998,-0.13230102,-0.14986339,-0.15059769,-0.15932494,-0.17092665,-0.18443555,-0.08782732,-0.124090746,-0.14145422,-0.10256614,-0.17951453,-0.19495486,-0.1918678,-0.10022637,-0.13113372,-0.079512015,-0.1280888,-0.19006202,-0.19370355,-0.19210008,-0.12384181,-0.07539374,-0.09723605,-0.11866304,-0.13681266,-0.12406494,-0.121451,-0.09461903,-0.09677234,-0.108610414,-0.082459606,-0.113021135,-0.13255388,-0.16760673,-0.1410757,-0.13656625,-0.18093297,-0.17825818,-0.19454317,-0.14495692,-0.15549555,-0.13584521,-0.119081676,-0.14001076,-0.19117098,-0.19133514,-0.18163571,-0.19755594,-0.25103784,-0.20219928,-0.19036406,-0.19126576,-0.18290249,-0.17395745,-0.27554205,-0.08916744,-0.11956477,-0.12791605,-0.15751183,-0.20931396,-0.18224281,-0.29657933,-0.32474133,-0.15272933,-0.3242122,-0.17325558,-0.17108874,-0.2185038,-0.17647925,-0.114121355,-0.14004032,-0.15388772,-0.15788373,-0.22984435,-0.18186735,-0.25615236,-0.104501896,-0.12455491,-0.13874179,-0.12439371,-0.15189947,-0.15546824,-0.15680721,-0.14014931,-0.15141064,-0.16364478,-0.155608,-0.15393367,-0.15340035,-0.13422784,-0.12334223,-0.14668134,-0.19081631,-0.17743939,-0.21025829,-0.3990198,-0.20235255,-0.11362538,-0.1296617,-0.11869543,-0.14832792,0.9947479,-0.18708998,-0.19207408,-0.13180624,-0.07673172,-0.1535037,-0.14000545,-0.14106366,-0.11845718,-0.19987361,-0.1649412,-0.15889621,-0.14172849,-0.123820275,-0.12722544,-0.14610182,-0.2588673,-0.10737251,-0.13074079,-0.09132757,-0.12832497,-0.12948374,-0.15003437,-0.15234187,-0.09642549,-0.08910369,-0.12452623,-0.110611476,-0.13806666,-0.1510405,-0.17090306,-0.1432423,-0.116581224,-0.17420304,-0.15214813,-0.14270374,-0.12550816,-0.14268136,-0.17466888,-0.13176009,-0.13255763,-0.14614803,-0.12325972,-0.08722703,-0.05825615,-0.14383431,-0.17082691,-0.026243303,-0.16658215,-0.2829064,-0.31316653,-0.19841187,-0.14605539,-0.14331596,-0.14862512,-0.12963767,-0.25088155,-0.19418754,-0.18913555,-0.094808936,-0.109528214,-0.10702289,-0.094121054,-0.12759323,-0.15327752,-0.15746465,-0.16758206,-0.12812386,-0.0969081,-0.16398169,-0.14409964,-0.11335766,-0.18846886,-0.1706479,-0.15431562,-0.12609482,-0.115196005,-0.11325068,-0.11662802,-0.17657065,-0.1388344,-0.13477391,-0.096878245,-0.12128165,-0.09186761,-0.12434345,-0.13629162,-0.063823454,-0.13877153,-0.11419349,-0.133966,-0.24483351,-0.2571875,-0.29957527,-0.14648768,-0.1571179,-0.13242215,-0.19104545,-0.0782174,-0.172668,-0.16479443,-0.09859173,-0.11065883,-0.11503449,-0.076612435,-0.083404,-0.1213824,-0.13072303,-0.13855581,-0.19385117,-0.09919809,-0.15589485,-0.19487974,-0.19137257,-0.18737829,-0.11141886,-0.14319664,-0.10327864,-0.159773,-0.19449238,-0.17343032,-0.16936469,-0.14309388,-0.14286816,-0.10173461,-0.15350683,-0.16190979,-0.1812109,-0.19542316,-0.1214854,-0.14772958,-0.11395664,-0.08007489,-0.14314753,-0.20725825,-0.16114235,-0.125103,-0.15657571,-0.15690626,-0.14382036,-0.19202894,-0.16290599,-0.18261877,2.3043828,-0.19744003,-0.18127292,-0.17168358,-0.19298136,-0.15770926,-0.14054683,-0.13054067,-0.12557748,-0.13853893,-0.16334209,-0.30584824,-0.166904,-0.1816734,-0.19312076,-0.11441202,-0.1509154,-0.14074108,-0.1783025,-0.16724253,-0.16508485,-0.14331086,-0.18237996,-0.12846954,-0.15361765,-0.13762248,-0.24156228,-0.17954479,-0.103323,-0.13538541,-0.14231366,-0.17489004,-0.11046003,-0.13471459,-0.15285936,-0.16034333,-0.18195407,-0.15463297,-0.14939986,-0.19184028,-0.17565566,-0.16481255,-0.14723541,-0.14623587,-0.11499533,-0.10471026,-0.13524249,-0.20148799,-0.17759435,-0.12513243,-0.16582206,-0.18041904,-0.18738703,-0.11705899,-0.17740619,-0.25945333,-0.09260912,-0.09238052,-0.11482671,-0.13631131,-0.14828575,-0.09857416,-0.18945235
k__Bacteria|p__Bacteroidetes|c__Bacteroidia|o__Bacteroidales|f__Tannerellaceae|g__Parabacteroides|s__Parabacteroides_goldsteinii,-0.1004395,-0.12316422,-0.14178364,-0.20428483,-0.16741857,-0.19323999,-0.1666669,-0.14549544,-0.12545072,-0.18366447,-0.18398789,-0.22705093,-0.17058304,-0.20582229,-0.10409799,-0.1003902,-0.058144663,-0.10056843,-0.10835599,-0.17068012,-0.1978925,-0.12536043,-0.13690962,-0.15271872,-0.1718027,-0.11658599,-0.16777375,-0.17432566,-0.1509206,-0.12124001,-0.13543184,-0.106410295,-0.14832218,-0.1959509,-0.18896505,-0.2175087,-0.16119078,-0.22338755,-0.19724555,-0.29867563,-0.29210672,-0.19754265,-0.107977614,-0.09162698,-0.13691942,-0.15539497,-0.23188588,-0.19398667,-0.146839,-0.2026537,-0.18442161,-0.18279888,-0.1974935,-0.19846472,-0.20298068,-0.15837982,-0.12621367,-0.14414516,-0.09298058,-0.09634819,-0.17126969,-0.14278786,-0.13743341,-0.14732659,-0.12719077,-0.15127403,-0.2613474,-0.22333384,-0.18902585,-0.20047067,-0.14609915,-0.14977336,-0.1310086,-0.1430974,-0.15094472,-0.1646363,-0.1468446,-0.16278498,-0.16015425,-0.14998752,-0.14758646,-0.15726769,-0.1534264,-0.22480208,-0.120334074,-0.14181724,-0.11886949,-0.16114117,-0.17419958,-0.15597555,-0.16822666,-0.11139822,-0.1388583,-0.13027036,-0.12898251,-0.15152657,-0.14292099,-0.116477326,-0.10065024,-0.09138689,-0.106090754,-0.120937064,-0.13520928,-0.15027548,-0.16063783,-0.1185138,-0.11129953,-0.1578567,-0.17738779,-0.13419926,-0.16352434,-0.25953975,-0.14904654,-0.13306735,-0.14192253,-0.15095688,-0.17780018,-0.16363071,-0.22917573,-0.09015879,-0.110753484,-0.13505057,-0.1302496,-0.13997786,-0.17389551,-0.13908121,-0.16057305,-0.12777606,-0.07092635,-0.03704006,-0.1373474,-0.16199598,-0.17917806,-0.14332479,-0.12334781,-0.13617322,-0.12023825,-0.1384098,-0.25318068,-0.26654312,-0.084410615,-0.10945694,-0.14461026,-0.09238048,-0.1874655,-0.19042528,-0.15352239,-0.09108588,-0.13230102,-0.149767,-0.15069808,-0.15929687,-0.17076084,-0.18354666,-0.08869353,-0.12453656,-0.14176953,-0.10256614,-0.17951453,-0.19495486,-0.1912822,-0.100764915,-0.13113372,-0.0802878,-0.12793702,-0.19006202,-0.19359231,-0.191635,-0.12405744,-0.076644614,-0.09785015,-0.11902735,-0.13689657,-0.12406494,-0.121451,-0.095421165,-0.09750413,-0.10911919,-0.082459606,-0.113407336,-0.13258591,-0.16727486,-0.1410757,-0.13674656,-0.18093297,-0.17825818,-0.1941853,-0.14475688,-0.15549555,-0.13579974,-0.119081676,-0.14001076,-0.19117098,-0.1914864,-0.18166375,-0.19755594,-0.25103784,-0.20219928,-0.19000421,-0.19109896,-0.182616,-0.17356221,-0.27554205,-0.08916744,-0.11956477,-0.12803768,-0.15751183,-0.20931396,-0.18224281,-0.29657933,-0.32474133,-0.15188694,0.88072777,-0.17325558,-0.17108874,-0.2185038,-0.17647925,-0.114121355,-0.14034165,-0.15388772,-0.15788373,-0.22984435,-0.18186735,-0.25652695,-0.1050705,-0.12455491,-0.13886866,-0.124556206,-0.15189947,-0.15524635,-0.15650104,-0.14014931,-0.15141064,-0.1632535,-0.15563448,-0.15374509,-0.15331495,-0.13448602,-0.12349397,-0.14664538,-0.19028932,-0.17735103,-0.21025829,-0.3990198,-0.20136409,-0.114089385,-0.1296617,-0.11902191,-0.14809456,-0.16636807,-0.18664023,-0.19158313,-0.13202986,-0.07750619,-0.15294662,-0.13993907,-0.14106366,-0.118584104,-0.19987361,-0.1649412,-0.15901074,-0.14167428,-0.124305084,-0.12722544,-0.14610182,-0.2588673,-0.1078079,-0.13074079,-0.09132757,-0.12832497,-0.12953311,-0.15001011,-0.1522584,-0.09717125,-0.08910369,-0.124644555,-0.11109188,-0.13811417,-0.15094112,-0.17046526,-0.14321297,-0.116838194,-0.17396593,-0.15218082,-0.14273718,-0.12596896,-0.14246255,-0.17466888,-0.13176009,-0.13237488,-0.1462523,-0.12369656,-0.08722703,-0.05825615,-0.143769,-0.17082691,-0.026243303,-0.16667083,-0.2829064,-0.31316653,-0.1973788,-0.14597785,-0.14331596,-0.14862512,-0.12963767,-0.25088155,-0.19423302,-0.18841663,-0.09525714,-0.10999338,-0.10702289,-0.09435324,-0.12759323,-0.1529344,-0.15746465,-0.16760828,-0.12812386,-0.0969081,-0.16398169,-0.14405212,-0.11335766,-0.18846886,-0.1706479,-0.1543209,-0.12635377,-0.115196005,-0.11338734,-0.11662802,-0.17617007,-0.13889846,-0.13491894,-0.096878245,-0.121779196,-0.092474975,-0.12434345,-0.1364108,-0.063823454,-0.13877153,-0.11419349,-0.13382652,-0.24483351,-0.2571875,-0.29957527,-0.14644884,-0.15703781,-0.13238612,-0.19104545,-0.0782174,-0.17205831,-0.16476046,-0.09859173,-0.11065883,-0.11532043,-0.076612435,-0.083404,-0.1213824,-0.13072303,-0.13855581,-0.19385117,-0.099750444,-0.15556106,-0.19487974,-0.19109666,-0.18692605,-0.11177146,-0.14359492,-0.10363363,-0.15926103,-0.19406162,-0.17268792,-0.16914284,-0.14314829,-0.1429771,-0.1023205,-0.15333194,-0.16205853,-0.18095946,-0.19522735,-0.12161003,-0.14772221,-0.114437334,-0.08087234,-0.14271834,-0.20725825,-0.16110358,-0.125103,-0.15657571,-0.15690626,-0.14403118,-0.19202894,-0.16267031,-0.18189546,-0.2963242,-0.19736242,-0.18103361,-0.17202847,-0.19273084,-0.1578387,-0.14054683,-0.13063556,-0.12557748,-0.13853621,-0.16292071,-0.30584824,-0.16675213,-0.18126863,-0.19288418,-0.11441202,-0.15060751,-0.14097376,-0.17794967,-0.16717307,-0.16478108,-0.14331086,-0.18237996,-0.12858847,-0.15345012,-0.13719335,-0.24156228,-0.17962453,-0.103894815,-0.13572553,-0.14228718,-0.17445019,-0.110932305,-0.13477144,-0.15262127,-0.16042832,-0.18209682,-0.15431479,-0.14923954,-0.19184028,-0.17535758,-0.16458452,-0.14723541,-0.14623587,-0.11499533,-0.10471026,-0.13492519,-0.20148799,-0.17718433,-0.12513243,-0.1664306,-0.18041904,-0.18738703,-0.11705899,-0.1763897,-0.25912246,-0.09343502,-0.093137056,-0.11513406,-0.13633025,-0.14827695,-0.09901178,-0.18876666
k__Bacteria|p__Bacteroidetes|c__Bacteroidia|o__Bacteroidales|f__Prevotellaceae|g__Prevotella|s__Prevotella_corporis,-0.1004395,-0.12316422,-0.14169648,-0.20428483,-0.16687518,-0.19338772,-0.1666669,-0.1449628,-0.12529618,-0.18387507,-0.18270868,-0.2178226,-0.17055137,-0.20063657,-0.10288847,-0.09856962,-0.058144663,-0.09931156,-0.10767067,-0.1710078,-0.1978925,-0.12536043,-0.13640952,-0.15232861,-0.17133923,-0.11658599,-0.16783501,-0.1739496,-0.1509206,-0.12124001,-0.13533676,-0.105545506,-0.1485074,-0.19520079,-0.18921724,-0.2175087,-0.16092807,-0.22338755,-0.1966469,-0.29867563,-0.29210672,-0.19740836,-0.10695878,-0.09162698,-0.13691942,-0.15515338,-0.23188588,-0.19371414,-0.14671329,-0.2026537,-0.1840175,-0.18279888,-0.19619904,-0.19704966,-0.20102292,-0.15810749,-0.12565622,-0.14369687,-0.09217228,-0.09553099,-0.17138585,-0.142408,-0.13743341,-0.14690724,-0.12719077,-0.15161121,1.646135,-0.22333384,-0.1884995,-0.20047067,-0.14555945,-0.14925487,-0.13058981,-0.14258708,-0.15066408,-0.16385031,-0.14691433,-0.16278498,-0.15919867,-0.14998752,-0.14745064,-0.15703654,-0.15339136,-0.22480208,-0.120334074,-0.14158978,-0.11835811,-0.16098389,-0.17402858,-0.15558559,-0.16840595,-0.11139822,-0.1388583,-0.13027036,-0.12887646,-0.15152657,-0.14320335,-0.1156124,-0.10065024,-0.09043427,-0.10544549,-0.12039139,-0.13506311,-0.15027548,-0.16054454,-0.1185138,-0.11129953,-0.1578567,-0.17738779,-0.13301052,-0.16419822,-0.25953975,-0.14880005,-0.13265845,-0.14144385,-0.15095688,-0.17780018,-0.16362737,-0.22917573,-0.09015879,-0.11037848,-0.1347253,-0.12955242,-0.13997786,-0.1737737,-0.13908121,-0.16057305,-0.12777606,-0.07092635,-0.03704006,-0.1372132,-0.16233078,-0.17894521,-0.14332479,-0.12334781,-0.13592423,-0.12023825,-0.138369,-0.25318068,-0.26654312,-0.0833907,-0.10945694,-0.14448047,-0.09238048,-0.1880824,-0.19008262,-0.153193,-0.090214275,-0.13230102,-0.14974636,-0.15031153,-0.15890232,-0.17059948,-0.18384871,-0.08775167,-0.12349337,-0.14052662,-0.10256614,-0.17951453,-0.19495486,-0.19092281,-0.1001222,-0.13113372,-0.078904964,-0.1281327,-0.19006202,-0.19307494,-0.191535,-0.12333022,-0.07520231,-0.0968753,-0.11839025,-0.13660824,-0.12406494,-0.121451,-0.0941934,-0.09649326,-0.108401895,-0.082459606,-0.11277518,-0.13248613,-0.16714418,-0.1410757,-0.13662538,-0.18093297,-0.17825818,-0.19380537,-0.14480226,-0.15549555,-0.135403,-0.119081676,-0.14001076,-0.19117098,-0.19056892,-0.18113202,-0.19755594,-0.25103784,-0.20219928,-0.19052942,-0.19116227,-0.18266408,-0.17394328,-0.27554205,-0.08916744,-0.11956477,-0.12834287,-0.15751183,-0.20931396,-0.18224281,-0.29657933,-0.32474133,-0.15432668,-0.3242122,-0.17325558,-0.17108874,-0.2185038,-0.17647925,-0.114121355,-0.14004984,-0.15388772,-0.15788373,-0.22984435,-0.18186735,-0.25286853,-0.10424094,-0.12455491,-0.13868332,-0.12438675,-0.15189947,-0.15509087,-0.15633786,-0.14014931,-0.15141064,-0.16311872,-0.1553544,-0.15351021,-0.15307887,-0.13395688,-0.1232907,-0.14667255,-0.19020492,-0.17691857,-0.21025829,-0.3990198,-0.20195468,-0.11337973,-0.1296617,-0.118190765,-0.14829496,-0.16636807,-0.18653893,-0.191704,-0.13172552,-0.07668736,-0.15318924,-0.14001009,-0.14106366,-0.118332155,-0.19987361,-0.1649412,-0.1588092,-0.14137717,-0.12357486,-0.12722544,-0.14610182,-0.2588673,-0.107238166,-0.13074079,-0.09132757,-0.12832497,-0.1293728,-0.15007824,-0.15192679,-0.096112244,-0.08910369,-0.124302946,-0.11057046,-0.13793957,-0.15099633,-0.17035648,-0.14299384,-0.11677794,-0.17379692,-0.1520483,-0.14240187,-0.12528104,-0.1423158,-0.17466888,-0.13176009,-0.13238418,-0.14570041,-0.12287077,-0.08722703,-0.05825615,-0.14354444,-0.17082691,-0.026243303,-0.16644913,-0.2829064,-0.31316653,-0.19772688,-0.14571875,-0.14331596,-0.14862512,-0.12963767,-0.25088155,-0.19329765,-0.18852195,-0.094801456,-0.109149426,-0.10702289,-0.093491405,-0.12759323,-0.15330961,-0.15746465,-0.16695404,-0.12812386,-0.0969081,-0.16398169,-0.14369717,-0.11335766,-0.18846886,-0.1706479,-0.1539212,-0.12567307,-0.115196005,-0.11285856,-0.11662802,-0.17605415,-0.13845076,-0.13418996,-0.096878245,-0.12082361,-0.09178057,-0.12434345,-0.13621084,-0.063823454,-0.13877153,-0.11419349,-0.13392346,-0.24483351,-0.2571875,-0.29957527,-0.14605609,-0.15663998,-0.13222902,-0.19104545,-0.0782174,-0.17206232,-0.1643283,-0.09859173,-0.11065883,-0.11492387,-0.076612435,-0.083404,-0.1213824,-0.13072303,-0.13855581,-0.19385117,-0.09862761,-0.15576425,-0.19487974,-0.19119409,-0.18684936,-0.111362055,-0.14291677,-0.10305102,-0.15923299,-0.1938387,-0.17245263,-0.1692769,-0.14281438,-0.1423301,-0.101700395,-0.15335202,-0.1616106,-0.1810252,-0.19478503,-0.1212825,-0.14724858,-0.113896966,-0.08002341,-0.1430873,-0.20725825,-0.16083543,-0.125103,-0.15657571,-0.15690626,-0.14355299,-0.19202894,-0.1627733,-0.18217239,-0.2963242,-0.19717842,-0.18129778,-0.17182298,-0.19270758,-0.15752392,-0.14054683,-0.13031796,-0.12557748,-0.13831952,-0.16330357,-0.30584824,-0.16683681,-0.18108171,-0.19284533,-0.11441202,-0.1508199,-0.14069378,-0.17802536,-0.16687506,-0.16464952,-0.14331086,-0.18237996,-0.12839115,-0.15314642,-0.13738456,-0.24156228,-0.17957453,-0.103155054,-0.13531801,-0.14195831,-0.17433937,-0.1104784,-0.13469741,-0.1524584,-0.1596645,-0.1817935,-0.1540147,-0.14910495,-0.19184028,-0.17542294,-0.16422574,-0.14723541,-0.14623587,-0.11499533,-0.10471026,-0.13526669,-0.20148799,-0.17713834,-0.12513243,-0.16549335,-0.18041904,-0.18738703,-0.11705899,-0.17643675,-0.2582331,-0.09236641,-0.09218392,-0.11477343,-0.13600755,-0.14783601,-0.098578736,-0.18904518
k__Bacteria|p__Bacteroidetes|c__Bacteroidia|o__Bacteroidales|f__Porphyromonadaceae|g__Porphyromonas|s__Porphyromonas_SGB1977,-0.1004395,-0.12316422,-0.14103469,-0.20428483,-0.16730556,-0.19368717,-0.1666669,-0.1455394,-0.12485038,-0.18419851,-0.18317553,-0.2219908,-0.16916926,-0.20453684,-0.10323604,-0.09915836,-0.058144663,-0.10004309,-0.1076753,-0.17117326,-0.1978925,-0.12536043,-0.13672373,-0.15319508,-0.1720124,-0.11658599,-0.16806197,-0.17484283,-0.1509206,-0.12124001,-0.13546446,-0.105373584,-0.14849056,-0.1956913,-0.18967824,-0.2175087,-0.16086426,-0.22338755,-0.19724798,-0.29867563,-0.29210672,-0.19818321,-0.10742008,-0.09162698,-0.13691942,-0.15514755,-0.23188588,-0.1939809,-0.14667886,-0.2026537,-0.18396303,-0.18279888,-0.19713643,-0.19770716,-0.20211007,-0.15849717,-0.12596767,-0.14418827,-0.0925712,-0.095639065,-0.17189929,-0.14311554,-0.13743341,-0.14731391,-0.12719077,-0.1514489,-0.2613474,-0.22333384,-0.18939,-0.20047067,-0.14630012,-0.14975852,-0.13079709,-0.14293073,-0.15160608,-0.16500431,-0.14744984,-0.16278498,-0.15956974,-0.14998752,-0.14780971,-0.15714765,-0.15360445,-0.22480208,-0.120334074,-0.14183867,-0.11832761,-0.16176546,-0.17464644,-0.15570042,-0.16879168,-0.11139822,-0.1388583,-0.13027036,-0.12897623,-0.15152657,-0.14294994,-0.11577457,-0.10065024,-0.09031659,-0.10558306,-0.12070792,-0.1352749,-0.15027548,-0.16109586,-0.1185138,-0.11129953,-0.1578567,-0.17738779,-0.13400906,-0.1635836,-0.25953975,-0.14891742,-0.13257219,-0.1415949,-0.15095688,-0.17780018,-0.1632264,-0.22917573,-0.09015879,-0.110161506,-0.13495092,-0.12981844,-0.13997786,-0.17395718,-0.13908121,-0.16057305,-0.12777606,-0.07092635,-0.03704006,-0.13700336,-0.16264421,-0.1795336,-0.14332479,-0.12334781,-0.1360677,-0.12023825,-0.13870427,-0.25318068,-0.26654312,-0.08367404,-0.10945694,-0.14521489,-0.09238048,-0.18799461,-0.19049968,-0.15295684,-0.09033458,-0.13230102,-0.14977115,-0.15051359,-0.15933436,-0.17091103,-0.18484508,-0.087776676,-0.1239884,-0.14188895,-0.10256614,-0.17951453,-0.19495486,-0.19178006,-0.100116745,-0.13113372,-0.07918728,-0.12783656,-0.19006202,-0.19379616,-0.19201975,-0.12410827,-0.07551487,-0.09716259,-0.11835967,-0.136785,-0.12406494,-0.121451,-0.09452209,-0.096484244,-0.10864599,-0.082459606,-0.112821996,-0.13262269,-0.16784564,-0.1410757,-0.1363156,-0.18093297,-0.17825818,-0.19421601,-0.14474016,-0.15549555,-0.13577422,-0.119081676,-0.14001076,-0.19117098,-0.19127499,-0.18158646,-0.19755594,-0.25103784,-0.20219928,-0.19024003,-0.1911021,-0.18263178,-0.17360023,-0.27554205,-0.08916744,-0.11956477,-0.12778716,-0.15751183,-0.20931396,-0.18224281,-0.29657933,-0.32474133,-0.15071562,-0.3242122,-0.17325558,-0.17108874,-0.2185038,-0.17647925,-0.114121355,-0.1398908,-0.15388772,-0.15788373,-0.22984435,-0.18186735,-0.25334358,-0.10442936,-0.12455491,-0.1388165,-0.12438085,-0.15189947,-0.15578167,-0.1569658,-0.14014931,-0.15141064,-0.16395074,-0.15559214,-0.15399106,-0.15323576,-0.1339647,-0.12324235,-0.14640106,-0.19114016,-0.1769436,-0.21025829,-0.3990198,-0.19991001,-0.1135402,-0.1296617,-0.11850561,-0.14821345,-0.16636807,-0.18755946,-0.19204615,-0.13180754,-0.07669525,-0.15359333,-0.14007947,-0.14106366,-0.11830924,-0.19987361,-0.1649412,-0.15876082,-0.14147061,-0.12379314,-0.12722544,-0.14610182,-0.2588673,-0.10721311,-0.13074079,-0.09132757,-0.12832497,-0.12961766,-0.15015219,-0.15263484,-0.09647241,-0.08910369,-0.12456815,-0.11062029,-0.13797833,-0.15108651,-0.17097005,-0.14324795,-0.11647542,-0.17446947,-0.1521135,-0.1427649,-0.12533087,-0.14252287,-0.17466888,-0.13176009,-0.13245882,-0.14615852,-0.1232063,-0.08722703,-0.05825615,-0.14377671,-0.17082691,-0.026243303,-0.16635779,-0.2829064,-0.31316653,-0.19718708,-0.14601316,-0.14331596,-0.14862512,-0.12963767,-0.25088155,-0.19402176,-0.18915017,-0.09471135,-0.10955122,-0.10702289,-0.09409711,-0.12759323,-0.1530608,-0.15746465,-0.167382,-0.12812386,-0.0969081,-0.16398169,-0.14457598,-0.11335766,-0.18846886,-0.1706479,-0.15418029,-0.12613523,-0.115196005,-0.11300537,-0.11662802,-0.17683601,-0.13880363,-0.13484508,-0.096878245,-0.12112866,-0.091897845,-0.12434345,-0.1364551,-0.063823454,-0.13877153,-0.11419349,-0.13394693,-0.24483351,-0.2571875,-0.29957527,-0.14641307,-0.15718642,-0.13224429,-0.19104545,-0.0782174,-0.1724588,-0.16491361,-0.09859173,-0.11065883,-0.11522224,-0.076612435,-0.083404,-0.1213824,-0.13072303,-0.13855581,-0.19385117,-0.09925108,-0.15584768,-0.19487974,-0.19130476,-0.1873003,-0.11135575,-0.14345655,-0.10320269,-0.16009375,-0.1940779,-0.17339681,-0.16954729,-0.14305139,-0.14275779,-0.10132937,-0.15351287,-0.16184162,-0.18103772,-0.19518414,-0.121437274,-0.14784604,-0.113935,-0.08008977,-0.14282781,-0.20725825,-0.16129704,-0.125103,-0.15657571,-0.15690626,-0.14367573,-0.19202894,-0.16295081,-0.18289751,-0.2963242,-0.19592957,-0.18078718,-0.17165321,-0.19273743,-0.15737936,-0.14054683,-0.1305209,-0.12557748,-0.13855347,-0.16332045,-0.30584824,-0.16688994,-0.18194963,-0.19289029,-0.11441202,-0.15107371,-0.14069036,-0.17832151,-0.16729887,-0.16512722,-0.14331086,-0.18237996,-0.1280406,-0.15363252,-0.13694203,-0.24156228,-0.17959361,-0.10328116,-0.13536,-0.14235005,-0.17513086,-0.11037652,-0.13466904,-0.15320805,-0.16044986,-0.18196109,-0.1548348,-0.14955032,-0.19184028,-0.17571703,-0.1650362,-0.14723541,-0.14623587,-0.11499533,-0.10471026,-0.13504772,-0.20148799,-0.17784424,-0.12513243,-0.16614336,-0.18041904,-0.18738703,-0.11705899,-0.17764302,-0.2583971,-0.09255627,-0.09234132,-0.11471534,-0.13616471,-0.14829846,-0.098276064,-0.1898229
k__Bacteria|p__Bacteroidetes|c__Bacteroidia|o__Bacteroidales|f__Bacteroidaceae|g__Bacteroides|s__Bacteroides_xylanisolvens,-0.1004395,-0.12316422,-0.14057815,-0.20428483,-0.16633286,-0.19310015,-0.1666669,-0.14479075,-0.12424414,-0.18327595,-0.1823549,-0.22275846,-0.16972426,-0.20495653,-0.10290612,-0.098886296,-0.058144663,-0.099403515,-0.107069746,-0.1702207,-0.1978925,-0.12536043,-0.13583705,-0.15200865,-0.17100951,-0.11658599,-0.16692334,-0.17379425,-0.1509206,-0.12124001,-0.13469929,-0.105093375,-0.14765322,-0.19530733,-0.1889725,-0.2175087,-0.15983748,-0.22338755,-0.19651508,-0.29867563,-0.29210672,-0.1979879,-0.10716231,-0.09162698,-0.13691942,-0.15426359,-0.23188588,-0.19337612,-0.146536,-0.2026537,-0.18328804,-0.18279888,-0.19607905,-0.19678469,-0.20182687,-0.15856044,-0.1252985,-0.14351115,-0.091698095,-0.095041916,-0.1709707,-0.1418856,-0.13743341,-0.14652374,-0.12719077,-0.15076892,-0.2613474,-0.22333384,-0.18844321,-0.20047067,-0.14548005,-0.14889266,-0.1301314,-0.1420654,-0.15061563,-0.16375308,-0.14663507,-0.16278498,-0.15875068,-0.14998752,-0.14665717,-0.15639427,-0.15267731,-0.22480208,-0.120334074,-0.14099556,-0.117583826,-0.16078001,-0.17379117,-0.15474004,-0.1677936,-0.11139822,-0.1388583,-0.13027036,-0.1283672,-0.15152657,-0.14211756,-0.11521742,-0.10065024,-0.08984209,-0.10517165,-0.12019667,-0.1346451,-0.15027548,-0.16020098,-0.1185138,-0.11129953,-0.1578567,-0.17738779,-0.1331452,-0.16252229,3.2279294,-0.14820896,-0.13188747,-0.1408712,-0.15095688,-0.17780018,-0.16299766,-0.22917573,-0.09015879,-0.109460175,-0.13409841,-0.12913522,-0.13997786,-0.17311898,-0.13908121,-0.16057305,-0.12777606,-0.07092635,-0.03704006,-0.13666612,-0.16179314,-0.17853427,-0.14332479,-0.12334781,-0.13548684,-0.12023825,-0.13766457,-0.25318068,-0.26654312,-0.08316311,-0.10945694,-0.14438312,-0.09238048,-0.187346,-0.18964902,-0.15256995,-0.089916095,-0.13230102,-0.1489494,-0.14968304,-0.15839717,-0.17001104,-0.18380669,-0.08728579,-0.123387724,-0.1407662,-0.10256614,-0.17951453,-0.19495486,-0.19106346,-0.099762246,-0.13113372,-0.07871792,-0.12731667,-0.19006202,-0.19301893,-0.19134949,-0.12326367,-0.07502816,-0.09687796,-0.11791696,-0.13608113,-0.12406494,-0.121451,-0.094131246,-0.09633955,-0.1082077,-0.082459606,-0.11261143,-0.13211569,-0.16710338,-0.1410757,-0.1355949,-0.18093297,-0.17825818,-0.19363195,-0.14423147,-0.15549555,-0.13503583,-0.119081676,-0.14001076,-0.19117098,-0.19067734,-0.18052207,-0.19755594,-0.25103784,-0.20219928,-0.18972035,-0.19026202,-0.1820321,-0.17309865,-0.27554205,-0.08916744,-0.11956477,-0.12727073,-0.15751183,-0.20931396,-0.18224281,-0.29657933,-0.32474133,-0.15045561,-0.3242122,-0.17325558,-0.17108874,-0.2185038,-0.17647925,-0.114121355,-0.13918293,-0.15388772,-0.15788373,-0.22984435,-0.18186735,-0.25575066,-0.10392475,-0.12455491,-0.13804165,-0.123751715,-0.15189947,-0.15486091,-0.15631461,-0.14014931,-0.15141064,-0.16281328,-0.15459281,-0.15307891,-0.15243961,-0.13361108,-0.12251848,-0.14570779,-0.18979195,-0.17649278,-0.21025829,-0.3990198,-0.20192364,-0.113204345,-0.1296617,-0.11826776,-0.14733766,-0.16636807,-0.18660331,-0.19128014,-0.13101356,-0.076242656,-0.1527978,-0.13932818,-0.14106366,-0.117376104,-0.19987361,-0.1649412,-0.15791786,-0.14074394,-0.12312506,-0.12722544,-0.14610182,-0.2588673,-0.10678603,-0.13074079,-0.09132757,-0.12832497,-0.12881932,-0.14923237,-0.15181102,-0.096009314,-0.08910369,-0.12389231,-0.11003056,-0.13733974,-0.15025572,-0.17009243,-0.14252463,-0.115879044,-0.17345735,-0.15136111,-0.14194813,-0.12474912,-0.14204895,-0.17466888,-0.13176009,-0.13177967,-0.14535055,-0.122683816,-0.08722703,-0.05825615,-0.14302027,-0.17082691,-0.026243303,-0.16601577,-0.2829064,-0.31316653,-0.19731176,-0.14522575,-0.14331596,-0.14862512,-0.12963767,-0.25088155,-0.1936112,-0.1884096,-0.0941126,-0.10902819,-0.10702289,-0.09337719,1.1274815,-0.15233383,4.3916326,-0.16668765,-0.12812386,-0.0969081,-0.16398169,-0.14346309,-0.11335766,-0.18846886,-0.1706479,-0.15332393,-0.12532248,-0.115196005,-0.112377085,-0.11662802,-0.17614222,-0.1380783,-0.13422944,-0.096878245,-0.12069826,-0.091441795,-0.12434345,-0.13565594,-0.063823454,-0.13877153,-0.11419349,-0.13307947,-0.24483351,-0.2571875,-0.29957527,-0.1457336,-0.15620673,-0.13154784,-0.19104545,7.103405,-0.17213795,-0.16383177,-0.09859173,-0.11065883,-0.1144319,-0.076612435,-0.083404,-0.1213824,-0.13072303,-0.13855581,-0.19385117,-0.09860486,-0.15499586,-0.19487974,-0.19045228,-0.18644731,-0.11093871,-0.142591,-0.10283746,-0.15910256,-0.19334252,-0.17264423,-0.16855955,-0.14236341,-0.1421693,-0.10085367,-0.1526644,-0.16096428,-0.18031687,-0.19473639,-0.12092565,-0.1472331,-0.11352674,-0.079547614,-0.1417809,-0.20725825,-0.16063797,-0.125103,-0.15657571,-0.15690626,-0.14301255,-0.19202894,-0.16195151,-0.18181264,-0.2963242,-0.19677544,-0.18019626,-0.17111517,-0.19233918,-0.15683775,-0.14054683,-0.12988144,-0.12557748,-0.13790855,-0.16234477,-0.30584824,-0.16579323,-0.18098432,-0.19221482,-0.11441202,-0.15010451,-0.14011377,-0.17733997,-0.16629724,-0.16438505,-0.14331086,-0.18237996,-0.12767437,-0.15240446,-0.13591781,-0.24156228,-0.17931578,-0.102837384,-0.13448559,-0.14156497,-0.17424142,-0.1098231,-0.13394862,-0.15226609,-0.15978906,-0.18109845,-0.15383956,-0.1485318,-0.19184028,-0.17472647,-0.16417408,-0.14723541,-0.14623587,-0.11499533,-0.10471026,-0.13429004,-0.20148799,-0.17695487,-0.12513243,-0.16500379,-0.18041904,-0.18738703,-0.11705899,-0.17663583,-0.25945282,-0.09220453,-0.091934234,-0.11416291,-0.13561538,-0.14750403,-0.09789185,-0.18883511
k__Bacteria|p__Bacteroidetes|c__Bacteroidia|o__Bacteroidales|f__Bacteroidaceae|g__GGB4379|s__GGB4379_SGB6025,-0.1004395,-0.12316422,-0.14150344,-0.20428483,-0.16633227,-0.19230798,-0.1666669,-0.14488834,-0.12555093,-0.1830886,-0.1816055,-0.21384406,-0.1692037,-0.19907403,-0.10326044,-0.09900736,-0.058144663,-0.10004468,-0.10820886,-0.17040338,-0.1978925,-0.12536043,-0.1363851,-0.15203232,-0.17048147,-0.11658599,-0.16730168,-0.17313977,-0.1509206,-0.12124001,-0.13544428,-0.105870396,-0.14837606,-0.19356531,-0.18801662,-0.2175087,-0.16042998,-0.22338755,-0.19527669,-0.29867563,-0.29210672,-0.1961419,-0.10743567,-0.09162698,-0.13691942,-0.154688,-0.23188588,-0.19265598,-0.14653727,-0.2026537,-0.18334699,-0.18279888,-0.19485396,-0.19509605,-0.19852251,-0.1576092,-0.1257416,-0.1434552,-0.09297653,-0.096167706,-0.17074724,-0.1421738,-0.13743341,-0.14664835,-0.12719077,-0.15157345,-0.2613474,-0.22333384,-0.18767373,-0.20047067,-0.14532574,-0.1489162,-0.13061638,-0.1423269,-0.15017495,-0.1631261,-0.14648682,-0.16278498,-0.15885697,-0.14998752,-0.14722809,-0.15664764,-0.15304795,-0.22480208,-0.120334074,-0.14149946,-0.11857359,-0.16051452,-0.17322168,-0.15522045,-0.1676305,-0.11139822,-0.1388583,-0.13027036,-0.12901828,-0.15152657,-0.14311361,-0.115862645,-0.10065024,-0.091029756,-0.10581735,-0.12055871,-0.13504294,-0.15027548,-0.16001883,-0.1185138,-0.11129953,-0.1578567,-0.17738779,-0.13314244,-0.16364096,-0.25953975,-0.14857218,-0.13267943,-0.14126162,-0.15095688,-0.17780018,-0.16332555,-0.22917573,-0.09015879,-0.11100268,-0.13471276,-0.12946808,-0.13997786,-0.17304261,-0.13908121,-0.16057305,-0.12777606,-0.07092635,-0.03704006,-0.13733052,-0.16181342,-0.178087,-0.14332479,-0.12334781,-0.1360772,-0.12023825,-0.13814455,-0.25318068,-0.26654312,-0.08432126,-0.10945694,-0.14424564,-0.09238048,-0.18732086,-0.18885991,-0.15270269,-0.09103655,-0.13230102,-0.14949554,-0.14995405,-0.15835175,-0.16981688,-0.18281573,-0.088550985,-0.123670235,-0.14044462,-0.10256614,-0.17951453,-0.19495486,-0.18960065,-0.100764066,-0.13113372,-0.07964139,-0.12806816,-0.19006202,-0.19172692,-0.19044663,-0.12354697,-0.07614438,-0.09760285,-0.11856365,-0.13649684,-0.12406494,-0.121451,-0.09485598,-0.09705086,-0.10885735,-0.082459606,-0.113123186,-0.1324665,-0.16655117,-0.1410757,-0.13658188,-0.18093297,-0.17825818,-0.19250688,-0.14456782,-0.15549555,-0.135277,-0.119081676,-0.14001076,-0.19117098,-0.18945187,-0.1803531,-0.19755594,-0.25103784,-0.20219928,-0.18981266,-0.19011678,-0.18169463,-0.17336088,-0.27554205,-0.08916744,-0.11956477,-0.12863564,-0.15751183,-0.20931396,-0.18224281,-0.29657933,6.7555795,-0.15497288,6.9415727,4.550419,-0.17108874,4.735418,-0.17647925,-0.114121355,-0.14001557,-0.15388772,-0.15788373,-0.22984435,-0.18186735,-0.2490333,-0.10476255,-0.12455491,-0.1386345,-0.12451036,-0.15189947,-0.15458491,-0.15584397,-0.14014931,-0.15141064,-0.16247845,-0.15494671,-0.15316582,-0.15268995,-0.13382989,-0.12344675,-0.14650343,-0.18902785,-0.17587358,-0.21025829,-0.3990198,-0.20113224,-0.11379103,-0.1296617,-0.11846979,-0.14793542,-0.16636807,-0.18570626,-0.19054872,-0.13193846,-0.07756945,-0.15283942,-0.13989379,-0.14106366,-0.11858395,-0.19987361,-0.1649412,-0.15850437,-0.14127742,-0.1236719,-0.12722544,-0.14610182,-0.2588673,-0.10776923,-0.13074079,-0.09132757,-0.12832497,-0.12941341,-0.14979014,-0.151546,-0.0967474,-0.08910369,-0.124491066,-0.11092395,-0.1379726,-0.1507013,-0.16956696,-0.1428614,-0.117244005,-0.17325816,-0.1516889,-0.14225318,-0.12530038,-0.14203995,-0.17466888,-0.13176009,-0.13248274,-0.14540891,-0.12282695,-0.08722703,-0.05825615,-0.14330769,-0.17082691,-0.026243303,-0.16636181,-0.2829064,-0.31316653,-0.19651091,-0.14547566,-0.14331596,-0.14862512,-0.12963767,-0.25088155,-0.1919916,-0.18751265,-0.095368385,-0.10964121,-0.10702289,-0.09385698,-0.12759323,-0.15306893,-0.15746465,-0.16617589,-0.12812386,-0.0969081,-0.16398169,-0.1434207,-0.11335766,-0.18846886,-0.1706479,-0.15353319,-0.12578815,-0.115196005,-0.11310809,-0.11662802,-0.17536291,-0.13824801,-0.13402112,-0.096878245,-0.12094446,-0.0924515,-0.12434345,-0.13630216,-0.063823454,-0.13877153,-0.11419349,-0.1339354,-0.24483351,-0.2571875,-0.29957527,-0.14585406,-0.15619026,-0.13215154,-0.19104545,-0.0782174,-0.17159453,-0.16365716,-0.09859173,-0.11065883,-0.11533095,-0.076612435,-0.083404,-0.1213824,-0.13072303,-0.13855581,-0.19385117,-0.09919556,-0.15558098,-0.19487974,-0.190077,-0.18573222,-0.1117868,-0.14290448,-0.103568286,-0.15879422,-0.19247974,-0.17180647,-0.16832893,-0.14261982,-0.14211401,-0.102329016,-0.15303704,-0.1610287,-0.18022226,-0.19326064,-0.12148644,-0.14703906,-0.114459395,-0.08112233,-0.14283751,-0.20725825,-0.1604392,-0.125103,-0.15657571,-0.15690626,-0.1435279,-0.19202894,-0.162243,-0.18126258,-0.2963242,-0.19623205,-0.18043157,-0.17105871,-0.19167039,-0.15698887,-0.14054683,-0.13037664,-0.12557748,-0.13828799,-0.16310915,-0.30584824,-0.16648749,-0.18003368,-0.19159052,-0.11441202,-0.15052387,-0.14065593,-0.17733277,-0.1661655,-0.16406354,-0.14331086,-0.18237996,-0.12868507,-0.1530529,-0.13706598,-0.24156228,-0.17908703,-0.103708655,-0.13540956,-0.14167863,-0.17356215,-0.11092968,-0.13477476,-0.15182677,-0.15919031,-0.18098752,-0.15359767,-0.14868759,-0.19184028,-0.17465527,-0.16364476,-0.14723541,-0.14623587,-0.11499533,-0.10471026,-0.13526276,-0.20148799,-0.17630145,-0.12513243,-0.16542001,-0.18041904,-0.18738703,-0.11705899,-0.17553848,-0.25473416,-0.0930627,-0.09294027,-0.11517511,-0.13589582,-0.14749473,-0.09917176,-0.18786776
k__Bacteria|p__Bacteroidetes|c__Bacteroidia|o__Bacteroidales|f__Prevotellaceae|g__Prevotella|s__Prevotella_jejuni,-0.1004395,-0.12316422,-0.14231007,-0.20428483,-0.16750075,-0.19430463,-0.1666669,-0.14564624,-0.12542045,-0.18430766,-0.18491296,-0.22967483,-0.16998723,-0.20766474,-0.10346329,-0.099854305,-0.058144663,-0.10010756,-0.10801539,-0.17148285,-0.1978925,-0.12536043,-0.13682474,-0.15286416,-0.17223628,-0.11658599,-0.16816585,-0.17468172,-0.1509206,-0.12124001,-0.13558166,-0.10612182,-0.14900553,-0.19691463,-0.19007039,-0.2175087,-0.161288,-0.22338755,-0.19804618,-0.29867563,-0.29210672,-0.1992476,-0.10750687,-0.09162698,-0.13691942,-0.15576813,-0.23188588,-0.19460359,-0.14693421,-0.2026537,-0.18412903,-0.18279888,-0.19846359,-0.20015328,-0.20516178,-0.15811223,-0.12617424,-0.14438483,-0.09230128,-0.095795766,-0.17192718,-0.14287719,-0.13743341,-0.14756171,-0.12719077,-0.1517632,-0.2613474,-0.22333384,-0.18953414,-0.20047067,-0.1462389,-0.14983012,-0.13126181,-0.1434332,-0.15129274,-0.16468455,-0.14693823,-0.16278498,-0.1600726,-0.14998752,-0.14770614,-0.15777862,-0.15383315,-0.22480208,-0.120334074,-0.14209606,-0.118773594,-0.16154677,-0.17470913,-0.15638201,-0.16881716,-0.11139822,-0.1388583,-0.13027036,-0.12891954,-0.15152657,-0.14297228,-0.11574167,-0.10065024,-0.09083028,-0.10581426,-0.12088699,-0.1354697,-0.15027548,-0.16095647,-0.1185138,-0.11129953,-0.1578567,-0.17738779,-0.1341452,-0.16444468,-0.25953975,-0.14925513,-0.1333172,-0.14232025,-0.15095688,1.4149779,-0.16416278,-0.22917573,-0.09015879,-0.110470325,-0.13533346,-0.1302287,-0.13997786,-0.17460047,-0.13908121,-0.16057305,-0.12777606,-0.07092635,-0.03704006,-0.13764983,-0.16275544,-0.17961851,-0.14332479,-0.12334781,-0.13621336,-0.12023825,-0.13885958,-0.25318068,-0.26654312,-0.08363131,-0.10945694,-0.1450206,-0.09238048,-0.18861273,-0.19132935,-0.15378317,-0.09046222,-0.13230102,-0.15019491,-0.15103099,-0.15968582,-0.17126209,-0.18425888,-0.08810812,-0.12421209,-0.14207038,-0.10256614,-0.17951453,-0.19495486,-0.19189945,-0.10019046,-0.13113372,-0.07997523,-0.12825903,-0.19006202,-0.19426422,-0.19249347,-0.123811916,-0.075413726,-0.09731626,-0.11898643,-0.13717805,-0.12406494,-0.121451,-0.09480788,-0.09698968,-0.10891935,-0.082459606,-0.11323619,-0.13277835,-0.16772783,-0.1410757,-0.1368431,-0.18093297,-0.17825818,-0.19520661,-0.14523172,-0.15549555,-0.13590884,-0.119081676,-0.14001076,-0.19117098,-0.19221812,-0.18235382,-0.19755594,-0.25103784,-0.20219928,-0.19075343,-0.19193697,-0.18341178,-0.17473838,1.1255839,-0.08916744,-0.11956477,-0.12833016,-0.15751183,-0.20931396,-0.18224281,-0.29657933,-0.32474133,-0.15410736,-0.3242122,-0.17325558,-0.17108874,-0.2185038,-0.17647925,-0.114121355,-0.1404867,-0.15388772,-0.15788373,-0.22984435,-0.18186735,-0.25917667,-0.10469959,-0.12455491,-0.13905779,-0.12449147,-0.15189947,-0.15566899,-0.15661727,-0.14014931,-0.15141064,-0.16367285,-0.15584612,-0.15411538,-0.15377289,-0.13450408,-0.12334445,-0.14688139,-0.19129637,-0.17810832,-0.21025829,-0.3990198,-0.20468824,-0.113775365,-0.1296617,-0.118960455,-0.14849105,-0.16636807,-0.18733665,-0.19239782,-0.13214916,-0.07672343,-0.15351214,-0.14025694,-0.14106366,-0.11854881,-0.19987361,-0.1649412,-0.15933764,-0.14223643,-0.124089584,-0.12722544,-0.14610182,-0.2588673,-0.107595205,-0.13074079,-0.09132757,-0.12832497,-0.1295636,-0.15035498,-0.15227184,-0.09654331,-0.08910369,-0.12478711,-0.11090726,-0.13841948,-0.15141031,-0.17104109,-0.1433435,-0.116668776,-0.17473224,-0.15250029,-0.14295363,-0.12594163,-0.14241657,-0.17466888,-0.13176009,-0.1326235,-0.14637345,-0.123312294,-0.08722703,-0.05825615,-0.14403647,-0.17082691,-0.026243303,-0.16731134,-0.2829064,-0.31316653,-0.19987425,-0.1462217,-0.14331596,-0.14862512,-0.12963767,-0.25088155,-0.19462943,-0.18915883,-0.094829366,-0.1095725,-0.10702289,-0.09406833,-0.12759323,-0.15363272,-0.15746465,-0.16780692,-0.12812386,-0.0969081,-0.16398169,-0.14420424,-0.11335766,-0.18846886,-0.1706479,-0.15452251,-0.12610675,-0.115196005,-0.113286614,-0.11662802,-0.17674345,-0.13897565,-0.13490662,-0.096878245,-0.12164906,-0.09193336,-0.12434345,-0.13625833,-0.063823454,-0.13877153,-0.11419349,-0.13428801,-0.24483351,-0.2571875,-0.29957527,-0.1467543,-0.1574687,-0.13259682,-0.19104545,-0.0782174,-0.17292923,-0.16500899,-0.09859173,-0.11065883,-0.1148757,-0.076612435,-0.083404,-0.1213824,-0.13072303,-0.13855581,-0.19385117,-0.099250555,-0.1559987,-0.19487974,-0.19192475,-0.18774515,-0.111457646,-0.14370972,-0.10309322,-0.15961462,-0.19511056,-0.17368513,-0.1698344,-0.14336815,-0.14310122,-0.10219595,-0.15392849,-0.1622824,-0.18183136,-0.1962238,-0.1215138,-0.14781052,-0.114025,-0.080170035,-0.14352599,-0.20725825,-0.16124319,-0.125103,-0.15657571,-0.15690626,-0.1442356,-0.19202894,-0.16314995,-0.18258329,-0.2963242,-0.19916292,-0.18201569,-0.17266521,-0.19411737,-0.15825963,-0.14054683,-0.13078469,-0.12557748,-0.13879015,-0.1639488,-0.30584824,-0.16746484,-0.18175209,-0.19357273,-0.11441202,-0.15115495,-0.14113486,-0.17881149,-0.16747716,-0.16511849,-0.14331086,-0.18237996,-0.12858991,-0.1541925,-0.13799581,-0.24156228,-0.18016556,-0.10344528,-0.1358206,-0.14241081,-0.17503518,-0.11062455,-0.13501325,-0.15275526,-0.16059503,-0.18276243,-0.15466844,-0.14957514,-0.19184028,-0.17603728,-0.1645836,-0.14723541,-0.14623587,-0.11499533,-0.10471026,-0.13558596,-0.20148799,-0.17759573,-0.12513243,-0.16703914,-0.18041904,-0.18738703,-0.11705899,-0.17676766,-0.2608931,-0.09276205,-0.09246936,-0.11512156,-0.13653348,-0.14865778,-0.09877264,-0.18978515
k__Bacteria|p__Bacteroidetes|c__Bacteroidia|o__Bacteroidales|f__Prevotellaceae|g__Prevotella|s__Prevotella_timonensis,-0.1004395,-0.12316422,-0.1414549,-0.20428483,-0.1661191,-0.19269021,-0.1666669,-0.14493808,-0.12484924,-0.18283813,-0.18241897,-0.22813839,-0.16990454,-0.20404857,-0.10362483,-0.099995255,-0.058144663,-0.10022125,-0.108101845,-0.17024998,-0.1978925,-0.12536043,-0.13635655,-0.15220049,-0.17116544,-0.11658599,-0.16653112,-0.1734632,-0.1509206,-0.12124001,-0.1348421,-0.1059854,-0.1479378,-0.19517598,-0.18844312,-0.2175087,-0.16039604,-0.22338755,-0.19643138,-0.29867563,-0.29210672,-0.19735976,-0.10753126,-0.09162698,-0.13691942,-0.15464172,-0.23188588,-0.19272316,-0.14633629,-0.2026537,-0.18246031,-0.18279888,-0.1965566,-0.1987588,-0.2042934,-0.15806583,-0.12588996,-0.14372355,-0.09284295,-0.09630826,-0.1705996,-0.14242403,-0.13743341,-0.14679602,-0.12719077,-0.15081379,-0.2613474,-0.22333384,-0.18781589,-0.20047067,-0.14566016,-0.14907052,-0.13079584,-0.14277793,-0.15092513,-0.16393247,-0.14652525,-0.16278498,-0.15878546,-0.14998752,-0.14692649,-0.15668133,-0.15297407,-0.22480208,-0.120334074,-0.14136645,-0.118606344,-0.1605879,-0.17365134,-0.1553277,-0.16753462,-0.11139822,-0.1388583,-0.13027036,-0.12867767,-0.15152657,-0.14206368,-0.115927815,-0.10065024,-0.09109858,-0.1059359,-0.120722175,-0.1349326,-0.15027548,-0.1599253,-0.1185138,-0.11129953,-0.1578567,-0.17738779,-0.13412765,-0.16351254,-0.25953975,-0.14843357,-0.13250384,-0.14163393,-0.15095688,-0.17780018,-0.1629308,-0.22917573,-0.09015879,-0.11031303,-0.13466519,-0.12991723,-0.13997786,-0.17296869,-0.13908121,-0.16057305,-0.12777606,-0.07092635,-0.03704006,-0.13678448,-0.16157033,-0.1783123,-0.14332479,-0.12334781,-0.13539584,-0.12023825,-0.1383136,-0.25318068,-0.26654312,-0.084085196,-0.10945694,-0.14438891,-0.09238048,-0.18656874,-0.18930584,-0.15250759,-0.09078027,-0.13230102,-0.14923367,-0.15006226,-0.15868118,-0.16999993,-0.18315762,-0.08839439,-0.12413004,-0.14110729,-0.10256614,-0.17951453,-0.19495486,-0.19076395,-0.10060277,-0.13113372,-0.0808579,-0.12813471,-0.19006202,-0.19250098,-0.19084373,-0.12371471,-0.07608563,-0.09764049,-0.118820444,-0.13647708,-0.12406494,-0.121451,-0.09518364,-0.09724412,-0.10871861,-0.082459606,-0.11317003,-0.13217708,-0.16661721,-0.1410757,-0.13618395,-0.18093297,-0.17825818,-0.19341666,-0.14445981,-0.15549555,-0.13562915,-0.119081676,-0.14001076,-0.19117098,-0.19027004,-0.18056433,-0.19755594,-0.25103784,-0.20219928,-0.18867485,-0.18992865,-0.18176517,-0.17293733,-0.27554205,-0.08916744,-0.11956477,-0.12749678,-0.15751183,-0.20931396,-0.18224281,1.3944713,-0.32474133,-0.15154591,1.2293565,-0.17325558,-0.17108874,-0.2185038,-0.17647925,-0.114121355,-0.13953167,-0.15388772,-0.15788373,-0.22984435,-0.18186735,-0.25639683,-0.10481434,-0.12455491,-0.13826014,-0.12423809,-0.15189947,-0.1547491,-0.15596402,-0.14014931,-0.15141064,-0.16279918,-0.15488939,-0.15323439,-0.15279329,-0.1339536,-0.12317908,-0.14600527,-0.18960485,-0.17647305,-0.21025829,-0.3990198,-0.20161071,-0.11370987,-0.1296617,-0.118846536,-0.1478045,-0.16636807,-0.18575005,-0.1907008,-0.13144436,-0.07740259,-0.152859,-0.13947289,-0.14106366,-0.11850777,-0.19987361,-0.1649412,-0.15792003,-0.14136173,-0.12376079,-0.12722544,-0.14610182,-0.2588673,-0.10762029,-0.13074079,-0.09132757,-0.12832497,-0.12924433,-0.14928573,-0.15159255,-0.09683809,-0.08910369,-0.12440495,-0.11075695,-0.13770258,-0.15033445,-0.17000444,-0.14275245,-0.11634432,-0.17319751,-0.15144256,-0.14224894,-0.1254849,-0.14206415,-0.17466888,-0.13176009,-0.13217837,-0.14567369,-0.12323255,-0.08722703,-0.05825615,-0.14338465,-0.17082691,-0.026243303,-0.1655697,-0.2829064,-0.31316653,-0.19739291,-0.14555126,-0.14331596,-0.14862512,-0.12963767,-0.25088155,-0.19312815,-0.18782002,-0.09518744,-0.10968486,-0.10702289,-0.094870456,-0.12759323,-0.1525156,-0.15746465,-0.16679354,-0.12812386,-0.0969081,-0.16398169,-0.14358452,-0.11335766,-0.18846886,-0.1706479,-0.15362297,-0.12589946,-0.115196005,-0.113491274,-0.11662802,-0.17533189,-0.13849945,-0.13448948,-0.096878245,-0.121364,-0.0923518,-0.12434345,-0.13569692,-0.063823454,-0.13877153,-0.11419349,-0.13369134,-0.24483351,-0.2571875,-0.29957527,-0.14605221,-0.1564355,-0.13229425,-0.19104545,-0.0782174,-0.17163281,-0.16398898,-0.09859173,-0.11065883,-0.11481479,-0.076612435,-0.083404,-0.1213824,-0.13072303,-0.13855581,-0.19385117,-0.09970098,-0.15526356,-0.19487974,-0.18999359,-0.18621394,-0.11147983,-0.14261436,-0.103455596,-0.15903637,-0.19342852,-0.17268892,-0.1682804,-0.14263102,-0.14246753,-0.10212256,-0.15291034,-0.16116694,-0.17999992,-0.1941925,-0.121407904,-0.14717813,-0.11382406,-0.08069998,-0.14309323,-0.20725825,-0.16016726,-0.125103,-0.15657571,-0.15690626,-0.14331985,-0.19202894,-0.16198424,-0.18128863,-0.2963242,-0.19620104,-0.18022114,-0.17072138,-0.19177751,-0.15713428,-0.14054683,-0.13029104,-0.12557748,-0.13809434,-0.16257781,2.8462074,-0.16574037,-0.18049629,-0.19171283,-0.11441202,-0.1503196,-0.1403178,-0.17721726,-0.16641355,-0.16413926,-0.14331086,-0.18237996,-0.12819393,-0.15299791,-0.13779993,-0.24156228,-0.17803474,-0.10363154,-0.13498512,-0.14192364,-0.17389454,-0.11048829,-0.13434799,-0.1520752,-0.15968758,-0.18063371,-0.15406555,-0.14898622,-0.19184028,-0.17453909,-0.16381511,-0.14723541,-0.14623587,-0.11499533,-0.10471026,-0.1350448,-0.20148799,-0.17637517,-0.12513243,-0.16463457,-0.18041904,-0.18738703,-0.11705899,-0.1763033,-0.25769114,-0.09311579,-0.09283115,-0.11485782,-0.13606822,-0.14784478,-0.09894805,-0.18801625
k__Bacteria|p__Bacteroidetes|c__Bacteroidia|o__Bacteroidales|f__Rikenellaceae|g__Alistipes|s__Alistipes_onderdonkii,-0.1004395,-0.12316422,-0.14120756,-0.20428483,-0.16689847,-0.19349082,-0.1666669,-0.14523026,-0.12512502,-0.18453828,-0.18290594,-0.21808794,-0.169382,-0.20199308,-0.10280627,-0.098639935,-0.058144663,-0.09948798,-0.10726778,-0.17110702,-0.1978925,-0.12536043,-0.13652626,-0.15265268,-0.17146659,-0.11658599,-0.1681405,-0.17458624,-0.1509206,-0.12124001,-0.13536388,-0.10513162,-0.14835036,-0.19538218,-0.18928806,-0.2175087,-0.16083491,-0.22338755,-0.19667673,-0.29867563,-0.29210672,-0.19723803,-0.10702489,-0.09162698,-0.13691942,-0.15509322,-0.23188588,-0.19383913,-0.14654744,-0.2026537,-0.18447182,-0.18279888,-0.19665386,-0.19662844,-0.20019612,-0.15833983,-0.12559067,-0.1437622,-0.09217167,-0.09525474,-0.17160961,-0.14266661,-0.13743341,-0.14697315,-0.12719077,-0.15158297,-0.2613474,-0.22333384,-0.1888516,-0.20047067,-0.14582482,-0.14944151,-0.13037613,-0.14249444,-0.15089348,-0.16453451,-0.14718944,-0.16278498,-0.1595641,-0.14998752,-0.14746141,-0.15692867,-0.15346722,-0.22480208,-0.120334074,-0.14153323,-0.11810146,-0.16137677,-0.17429434,-0.15546647,-0.16860275,-0.11139822,-0.1388583,-0.13027036,-0.12879005,-0.15152657,-0.14314741,-0.11581309,-0.10065024,-0.090155736,-0.10526057,-0.12035093,-0.13488296,-0.15027548,-0.16081794,-0.1185138,-0.11129953,-0.1578567,-0.17738779,-0.13347057,-0.16354203,-0.25953975,-0.14884573,-0.1324427,-0.14120694,-0.15095688,-0.17780018,-0.16333053,-0.22917573,-0.09015879,-0.11017186,-0.13466969,-0.12948018,-0.13997786,-0.17378046,-0.13908121,-0.16057305,-0.12777606,-0.07092635,-0.03704006,-0.13695154,-0.16225642,-0.17935376,-0.14332479,-0.12334781,-0.1359536,-0.12023825,-0.13804582,-0.25318068,-0.26654312,-0.08318584,-0.10945694,-0.14454716,-0.09238048,-0.18803522,-0.19013564,-0.15284494,-0.08993493,-0.13230102,-0.14963904,-0.1503343,-0.1590763,-0.17071813,-0.18420982,-0.087350234,-0.12379279,-0.1410053,-0.10256614,-0.17951453,-0.19495486,-0.19127893,-0.099837855,-0.13113372,-0.07834004,-0.12741989,-0.19006202,-0.19334212,-0.19159813,-0.12361502,-0.07508592,-0.09680307,-0.11810796,-0.13649146,-0.12406494,-0.121451,-0.09403658,-0.09613262,-0.108261004,-0.082459606,-0.11256096,-0.1322824,-0.16752946,-0.1410757,-0.13641252,-0.18093297,-0.17825818,-0.19376333,-0.14446689,-0.15549555,-0.13541113,-0.119081676,-0.14001076,-0.19117098,-0.19080073,-0.18151735,-0.19755594,-0.25103784,-0.20219928,-0.19038996,-0.19115621,-0.18262051,-0.17351037,-0.27554205,-0.08916744,-0.11956477,-0.1277976,-0.15751183,-0.20931396,-0.18224281,-0.29657933,-0.32474133,-0.15238068,-0.3242122,-0.17325558,-0.17108874,-0.2185038,-0.17647925,-0.114121355,-0.13990127,-0.15388772,-0.15788373,-0.22984435,-0.18186735,-0.25222677,-0.104003206,-0.12455491,-0.13866638,-0.12418758,-0.15189947,-0.15521337,-0.15664616,-0.14014931,-0.15141064,-0.1634868,-0.15539661,-0.15369993,-0.15290904,-0.13378997,-0.12305781,-0.14666192,-0.19066878,-0.17690837,-0.21025829,-0.3990198,-0.20106521,-0.113244556,-0.1296617,-0.118229575,-0.14801952,-0.16636807,-0.18713011,-0.19185142,-0.13154557,-0.07631351,-0.15322259,-0.13974611,-0.14106366,-0.11845197,-0.19987361,-0.1649412,-0.15879747,-0.14113805,-0.12339021,-0.12722544,-0.14610182,-0.2588673,-0.106883496,-0.13074079,-0.09132757,-0.12832497,-0.12928087,-0.14985877,-0.15229759,-0.09604163,-0.08910369,-0.124172896,-0.11017971,-0.13776693,-0.15084836,-0.17054966,-0.1429592,-0.11645274,-0.17410004,-0.15196332,-0.14239758,-0.12494899,-0.14259484,-0.17466888,-0.13176009,-0.13221367,-0.14580649,-0.12282469,-0.08722703,-0.05825615,-0.14348876,-0.17082691,-0.026243303,-0.16651365,-0.2829064,-0.31316653,-0.19745988,-0.14573058,-0.14331596,-0.14862512,-0.12963767,-0.25088155,-0.19355747,-0.18876663,-0.09428429,-0.10925928,1.1516342,-0.09339298,-0.12759323,-0.15311202,-0.15746465,-0.16736946,-0.12812386,-0.0969081,-0.16398169,-0.14400125,-0.11335766,-0.18846886,-0.1706479,-0.15392634,-0.12580422,-0.115196005,-0.112638086,-0.11662802,-0.17657378,-0.13851091,-0.13427909,-0.096878245,-0.12077132,-0.09149715,-0.12434345,-0.13638571,-0.063823454,-0.13877153,-0.11419349,-0.13354358,-0.24483351,-0.2571875,-0.29957527,-0.1460483,-0.15681513,-0.13197996,-0.19104545,-0.0782174,-0.17219092,-0.16461653,-0.09859173,-0.11065883,-0.11503549,-0.076612435,-0.083404,-0.1213824,-0.13072303,-0.13855581,-0.19385117,-0.09841733,-0.15564287,-0.19487974,-0.19130898,-0.18699798,-0.11108426,-0.14304051,-0.10297921,-0.15969446,-0.19401592,-0.17295954,-0.16906033,-0.14277183,-0.14245296,-0.101130866,-0.15323132,-0.16186345,-0.1810422,-0.19494233,-0.121081665,-0.14751385,-0.113877326,-0.079889305,-0.14258933,-0.20725825,-0.1610024,-0.125103,-0.15657571,-0.15690626,-0.14361183,-0.19202894,-0.16272911,-0.18246514,-0.2963242,-0.19618964,-0.18097565,-0.17154914,-0.19241899,-0.15720794,-0.14054683,-0.13013,-0.12557748,-0.13812567,-0.16269773,-0.30584824,-0.16688988,-0.18124726,-0.19305652,-0.11441202,-0.15059969,-0.14053264,-0.17817128,-0.16705489,-0.16487014,-0.14331086,-0.18237996,-0.12806147,-0.1532307,-0.1365915,-0.24156228,-0.17955667,-0.102916926,-0.13521461,-0.14205879,-0.17458698,-0.11008836,-0.13443375,-0.15286,-0.16009067,-0.1820235,-0.15425593,-0.14897138,-0.19184028,-0.17534208,-0.16480023,-0.14723541,-0.14623587,-0.11499533,-0.10471026,-0.13480525,-0.20148799,-0.17737602,-0.12513243,-0.166185,-0.18041904,-0.18738703,-0.11705899,-0.17719817,-0.2580655,-0.09217149,-0.09202239,-0.11443402,-0.13591933,-0.14780223,-0.097941935,-0.18939212
k__Bacteria|p__Bacteroidetes|c__Bacteroidia|o__Bacteroidales|f__Bacteroidaceae|g__Bacteroides|s__Bacteroides_stercoris,-0.1004395,-0.12316422,-0.14201945,-0.20428483,-0.16776028,-0.19396538,-0.1666669,-0.14521724,-0.12496386,-0.18383607,-0.18297687,-0.22687826,-0.16965316,-0.20474622,-0.10305607,-0.09950152,-0.058144663,-0.09952106,-0.10786092,-0.17128143,-0.1978925,-0.12536043,-0.13648513,-0.15253015,-0.17186186,-0.11658599,-0.16772826,-0.17432651,-0.1509206,-0.12124001,-0.13541451,-0.10564029,-0.14868662,-0.19601537,-0.18956745,-0.2175087,-0.16205615,-0.22338755,-0.19824684,-0.29867563,-0.29210672,-0.19827041,-0.10716847,-0.09162698,-0.13691942,-0.1555394,-0.23188588,-0.19446,-0.14680442,-0.2026537,-0.18459563,-0.18279888,-0.19769293,-0.19884121,-0.20361337,-0.15772091,-0.12585494,-0.14400941,-0.09209782,-0.095597774,-0.1715436,-0.14249149,-0.13743341,-0.14723259,-0.12719077,-0.15152119,-0.2613474,-0.22333384,-0.18929651,-0.20047067,-0.14584234,-0.1494802,-0.1309295,-0.14286801,-0.15066217,-0.16433269,-0.14699881,-0.16278498,-0.15995714,-0.14998752,-0.14753988,-0.157448,-0.15349889,-0.22480208,-0.120334074,-0.14173433,-0.11849321,-0.16108927,-0.17446269,-0.15611884,-0.16859457,-0.11139822,-0.1388583,-0.13027036,-0.1286327,-0.15152657,-0.14269769,-0.11561592,-0.10065024,-0.09028052,-0.1052835,-0.12052013,-0.13516863,-0.15027548,-0.16070679,-0.1185138,-0.11129953,-0.1578567,-0.17738779,-0.13371894,-0.16470811,-0.25953975,-0.14909822,-0.13283096,-0.14180428,-0.15095688,-0.17780018,-0.16429053,-0.22917573,-0.09015879,-0.1103325,-0.13488789,-0.12973577,-0.13997786,-0.17417227,-0.13908121,-0.16057305,-0.12777606,-0.07092635,-0.03704006,-0.13737631,-0.16228339,-0.17944486,-0.14332479,-0.12334781,-0.1357863,-0.12023825,-0.13831306,-0.25318068,-0.26654312,-0.08322732,-0.10945694,-0.14443368,-0.09238048,-0.18817493,-0.19072212,-0.15325525,-0.09015929,-0.13230102,-0.14988981,-0.15059619,-0.15928422,-0.17096451,-0.18400453,-0.08780968,-0.12399787,-0.14145789,-0.10256614,-0.17951453,-0.19495486,-0.19160852,-0.10000518,-0.13113372,-0.07916475,-0.12782773,-0.19006202,-0.19373795,-0.1922096,-0.12357928,-0.07508011,-0.09697889,-0.11855488,-0.13661127,-0.12406494,-0.121451,-0.09443046,-0.09647606,-0.108339176,-0.082459606,-0.112587124,-0.13214159,-0.16742986,-0.1410757,-0.13675173,-0.18093297,-0.17825818,-0.1946792,-0.14499173,-0.15549555,-0.13568495,-0.119081676,-0.14001076,-0.19117098,-0.19179311,-0.18199444,-0.19755594,-0.25103784,-0.20219928,-0.19064996,-0.19177857,-0.18289906,-0.17441484,-0.27554205,-0.08916744,-0.11956477,-0.12798564,-0.15751183,-0.20931396,-0.18224281,-0.29657933,-0.32474133,-0.15425342,-0.3242122,-0.17325558,-0.17108874,-0.2185038,-0.17647925,-0.114121355,-0.14022914,-0.15388772,-0.15788373,-0.22984435,-0.18186735,-0.25682288,-0.1043459,-0.12455491,-0.13856462,-0.12418839,-0.15189947,-0.15506831,-0.1564998,-0.14014931,-0.15141064,-0.16330852,-0.15578052,-0.15378286,-0.15351337,-0.13412055,-0.12318517,-0.14660722,-0.19039683,-0.17740837,-0.21025829,-0.3990198,-0.2025098,-0.11336596,-0.1296617,-0.118322626,-0.14811951,-0.16636807,-0.18676333,-0.1921673,-0.13201404,-0.07616845,-0.1532709,-0.13997978,-0.14106366,-0.11836571,-0.19987361,-0.1649412,-0.1592527,-0.1418318,-0.123589315,-0.12722544,-0.14610182,-0.2588673,-0.10736527,-0.13074079,-0.09132757,-0.12832497,-0.12916341,-0.15005344,-0.15206033,-0.09614528,-0.08910369,-0.12429373,-0.11049001,-0.1381028,-0.15100786,-0.17079395,-0.1431663,-0.11648144,-0.17422399,-0.15203205,-0.14254662,-0.1254299,-0.14224155,-0.17466888,-0.13176009,-0.13237369,-0.14589328,-0.12300597,-0.08722703,-0.05825615,-0.14366454,-0.17082691,-0.026243303,-0.16774166,-0.2829064,-0.31316653,-0.19821437,-0.14597687,-0.14331596,-0.14862512,-0.12963767,-0.25088155,-0.19440392,-0.18905029,-0.094477735,-0.10924684,-0.10702289,-0.09324272,-0.12759323,-0.15329868,-0.15746465,-0.16753586,-0.12812386,-0.0969081,-0.16398169,-0.1437653,-0.11335766,-0.18846886,-0.1706479,-0.15444484,-0.12586279,-0.115196005,-0.112937786,-0.11662802,-0.17621905,-0.13868903,-0.13441381,-0.096878245,-0.12101309,-0.09146449,-0.12434345,-0.13610631,-0.063823454,-0.13877153,-0.11419349,-0.13407019,-0.24483351,-0.2571875,-0.29957527,-0.14647013,-0.1569431,-0.1322419,-0.19104545,-0.0782174,-0.17254585,-0.16478188,-0.09859173,-0.11065883,-0.11468064,-0.076612435,-0.083404,-0.1213824,-0.13072303,-0.13855581,-0.19385117,-0.09894825,-0.15614033,-0.19487974,-0.19162355,-0.1874235,-0.111303195,-0.1432023,-0.10269746,-0.15946245,-0.1944964,-0.1729878,-0.16951549,-0.14306861,-0.14275771,-0.10188494,-0.15343025,-0.16194193,-0.18138778,-0.19556354,-0.121207595,-0.1474266,-0.1137194,-0.079540275,-0.14353965,-0.20725825,-0.16136873,-0.125103,-0.15657571,-0.15690626,-0.14390323,-0.19202894,-0.16308525,-0.1824013,-0.2963242,-0.19904217,-0.181499,-0.17197153,-0.19339848,-0.1578446,-0.14054683,-0.1304776,-0.12557748,-0.13842793,-0.16436055,-0.30584824,-0.16722539,-0.18139985,-0.19336708,-0.11441202,-0.15072447,-0.14089069,-0.17850992,-0.167288,-0.16493326,-0.14331086,-0.18237996,-0.12870009,-0.15359917,-0.13791914,-0.24156228,-0.18011078,-0.103225775,-0.13552086,-0.14199567,-0.17480233,-0.11038489,-0.13468221,-0.15243582,-0.16029873,-0.18231674,-0.15420505,-0.14934711,-0.19184028,-0.17592669,-0.1644629,-0.14723541,-0.14623587,-0.11499533,-0.10471026,-0.13516001,-0.20148799,-0.17760417,-0.12513243,-0.16622567,-0.18041904,-0.18738703,-0.11705899,-0.17646049,-0.2596797,-0.09240924,-0.09207676,-0.11483209,-0.13608558,-0.1481477,-0.0983992,-0.18939991
k__Bacteria|p__Bacteroidetes|c__Bacteroidia|o__Bacteroidales|f__Prevotellaceae|g__Prevotella|s__Prevotella_bivia,-0.1004395,-0.12316422,-0.14186895,-0.20428483,-0.16663519,-0.19296318,-0.1666669,-0.14503056,-0.12549885,-0.18351316,-0.182241,-0.22017834,-0.16926044,-0.20230801,-0.10317926,-0.09931512,-0.058144663,-0.09975332,-0.108059175,-0.17062667,-0.1978925,-0.12536043,-0.13617678,-0.15194532,-0.17091724,-0.11658599,-0.16744292,-0.17339571,-0.1509206,-0.12124001,-0.13537332,-0.10592416,-0.14850773,-0.19465312,-0.18862914,-0.2175087,-0.16063914,-0.22338755,-0.19647636,-0.29867563,-0.29210672,-0.19729954,-0.107312806,-0.09162698,-0.13691942,-0.15498888,-0.23188588,-0.19325346,-0.14657219,-0.2026537,-0.1837164,-0.18279888,-0.19617781,-0.19659181,-0.20091896,-0.15734503,-0.12569785,-0.14353055,-0.092426464,-0.09588949,-0.17089963,-0.14202523,-0.13743341,-0.1467524,-0.12719077,-0.15170488,3.027014,-0.22333384,-0.18817315,-0.20047067,-0.14534038,-0.14896262,-0.13071865,-0.14244874,-0.15004306,-0.16318598,-0.14639068,-0.16278498,-0.15918447,-0.14998752,-0.14710994,-0.15695448,-0.1530646,-0.22480208,-0.120334074,-0.14152491,-0.1184723,-0.16051552,-0.17343871,-0.15553546,-0.167896,-0.11139822,-0.1388583,-0.13027036,-0.12876295,1.8847542,-0.14286982,-0.11561753,-0.10065024,-0.090823844,-0.10562144,-0.12047184,-0.13500035,-0.15027548,-0.16011684,-0.1185138,-0.11129953,-0.1578567,-0.17738779,-0.1332683,-0.16411869,-0.25953975,-0.14869499,-0.1328096,-0.14156266,-0.15095688,-0.17780018,-0.16370967,-0.22917573,-0.09015879,-0.11066881,-0.13476948,-0.1294992,-0.13997786,-0.17351961,-0.13908121,-0.16057305,-0.12777606,-0.07092635,-0.03704006,-0.13738075,-0.1619075,-0.17840818,3.0734239,0.7182345,-0.1360675,-0.12023825,-0.13816935,-0.25318068,-0.26654312,-0.083921775,-0.10945694,-0.14423113,-0.09238048,-0.187777,-0.18964347,-0.1530678,-0.09069783,-0.13230102,-0.1496,-0.1501684,-0.15861921,-0.17011622,-0.18300517,-0.088305056,-0.123671375,-0.14076765,-0.10256614,-0.17951453,-0.19495486,-0.1902152,-0.100467466,-0.13113372,-0.07966468,-0.12801805,-0.19006202,-0.19243222,-0.19113086,-0.12332407,-0.07573108,-0.09742302,-0.11863578,-0.13656795,-0.12406494,-0.121451,-0.09469178,-0.09695853,-0.108790345,-0.082459606,-0.11305369,-0.13234106,-0.1667369,-0.1410757,-0.1366324,-0.18093297,-0.17825818,-0.19344237,-0.14471182,-0.15549555,-0.13530773,-0.119081676,-0.14001076,-0.19117098,-0.1904678,-0.18102384,-0.19755594,-0.25103784,-0.20219928,-0.19011924,-0.1908046,-0.18226591,-0.1739715,-0.27554205,-0.08916744,-0.11956477,-0.12856428,-0.15751183,4.9090934,1.9724171,1.9695818,-0.32474133,-0.15589458,-0.3242122,-0.17325558,-0.17108874,-0.2185038,-0.17647925,-0.114121355,-0.14013276,-0.15388772,-0.15788373,-0.22984435,-0.18186735,-0.25374773,-0.10458653,-0.12455491,-0.13862756,-0.12432209,-0.15189947,-0.1545563,-0.15579604,-0.14014931,-0.15141064,-0.1624867,-0.1550524,-0.15326104,-0.15298206,-0.13403271,-0.12323437,-0.14643757,-0.18948117,-0.17634887,-0.21025829,-0.3990198,-0.20316689,-0.1136677,-0.1296617,-0.11847186,-0.14793646,-0.16636807,-0.18603075,-0.19117227,-0.13195246,-0.07710565,-0.15285298,-0.13993691,-0.14106366,-0.118184954,-0.19987361,-0.1649412,-0.1587539,-0.14159483,-0.12363723,-0.12722544,-0.14610182,-0.2588673,-0.10763703,-0.13074079,-0.09132757,-0.12832497,-0.12917295,-0.14974615,-0.15149936,-0.09649766,-0.08910369,-0.12444301,-0.11076665,-0.13802703,-0.15077749,-0.16988188,-0.14287043,-0.11689453,-0.17364916,-0.15179206,-0.14223123,-0.12540162,-0.14188267,-0.17466888,-0.13176009,-0.13238819,-0.14549391,-0.12281578,-0.08722703,-0.05825615,-0.14340344,-0.17082691,-0.026243303,-0.16715324,-0.2829064,-0.31316653,-0.19803633,-0.14551702,-0.14331596,-0.14862512,-0.12963767,-0.25088155,-0.19279721,-0.187945,-0.09496013,-0.10945368,-0.10702289,-0.09355132,-0.12759323,-0.15318897,-0.15746465,-0.16655399,-0.12812386,-0.0969081,-0.16398169,-0.14323965,-0.11335766,-0.18846886,-0.1706479,-0.1536825,-0.12567401,-0.115196005,-0.11297539,-0.11662802,-0.17565939,-0.13824882,-0.13405618,-0.096878245,-0.12105732,-0.09205158,-0.12434345,-0.13604599,-0.063823454,-0.13877153,-0.11419349,-0.13397437,-0.24483351,-0.2571875,-0.29957527,-0.14600572,-0.15641516,-0.13213143,-0.19104545,-0.0782174,-0.1721018,-0.16391072,-0.09859173,-0.11065883,-0.11485507,-0.076612435,-0.083404,-0.1213824,-0.13072303,-0.13855581,-0.19385117,-0.098943196,-0.15572718,-0.19487974,-0.190705,-0.18636164,-0.11151862,-0.14301997,-0.103101976,-0.1587908,-0.19329299,-0.17212953,-0.16882911,-0.14270258,-0.14228025,-0.1023092,-0.153243,-0.16130644,-0.18083674,-0.19437334,-0.12126768,-0.14708939,-0.11427236,-0.08063933,-0.14303875,-0.20725825,-0.16061923,-0.125103,-0.15657571,-0.15690626,-0.14371629,-0.19202894,-0.16238627,-0.18146649,-0.2963242,-0.19826348,-0.1811807,-0.17165518,-0.19265604,-0.15741605,-0.14054683,-0.13035965,-0.12557748,-0.13835992,-0.1636876,-0.30584824,-0.1667771,-0.18039149,-0.19226956,-0.11441202,-0.15053806,-0.14073475,-0.17776296,-0.16642398,-0.16424996,-0.14331086,-0.18237996,-0.1287122,-0.15331295,-0.13742305,-0.24156228,-0.17966118,-0.103476204,-0.13543135,-0.14164579,-0.17382716,-0.110694245,-0.13473213,-0.15180925,-0.15949205,-0.18159404,-0.1536308,-0.14872205,-0.19184028,-0.1749788,-0.16362002,-0.14723541,-0.14623587,-0.11499533,-0.10471026,-0.1352616,-0.20148799,-0.17651004,-0.12513243,-0.16605306,-0.18041904,-0.18738703,-0.11705899,-0.17559078,-0.25746864,-0.09284246,-0.09261374,-0.1151012,-0.1359454,-0.14770941,-0.098911434,-0.18842839
k__Bacteria|p__Bacteroidetes|c__CFGB4405|o__OFGB4405|f__FGB4405|g__GGB1266|s__GGB1266_SGB1699,-0.1004395,-0.12316422,-0.14171118,-0.20428483,-0.16852704,-0.1943681,-0.1666669,-0.14567032,-0.1248627,-0.18383348,-0.18421915,-0.22689827,-0.16877443,-0.20659125,-0.103028476,-0.09919557,-0.058144663,-0.09952137,-0.107858695,-0.17145135,-0.1978925,-0.12536043,-0.13665716,-0.15305148,-0.17225893,-0.11658599,-0.16778949,-0.17483301,-0.1509206,-0.12124001,-0.13557439,-0.105439946,-0.14880434,-0.19633612,-0.18972424,-0.2175087,-0.1628356,-0.22338755,-0.19892603,-0.29867563,-0.29210672,-0.19867708,-0.10727512,-0.09162698,-0.13691942,-0.15552759,-0.23188588,-0.19473659,-0.14713225,0.7409567,-0.1859609,1.6692876,-0.19836518,-0.19909917,-0.2033907,-0.15778291,-0.12592927,-0.14427102,-0.09211426,-0.09541039,-0.17198488,-0.14278981,-0.13743341,-0.14756867,-0.12719077,-0.15155454,-0.2613474,-0.22333384,-0.19041741,-0.20047067,-0.14625715,-0.14982933,-0.13097209,-0.14295352,-0.15103243,-0.16501698,-0.14743873,-0.16278498,-0.16060734,-0.14998752,-0.14775226,-0.1577498,-0.15361312,-0.22480208,-0.120334074,-0.1418877,-0.1183437,-0.16157785,-0.17511043,-0.15635243,-0.16883412,-0.11139822,-0.1388583,-0.13027036,-0.12866783,-0.15152657,-0.1426824,-0.11550374,-0.10065024,-0.08989868,-0.10505432,-0.12053853,-0.13527566,-0.15027548,-0.16102998,-0.1185138,-0.11129953,-0.1578567,-0.17738779,-0.13406461,-0.16461825,-0.25953975,-0.1493356,-0.13283662,-0.14179417,-0.15095688,-0.17780018,-0.16474998,-0.22917573,-0.09015879,-0.11021605,-0.1350545,-0.12975106,-0.13997786,-0.17446664,-0.13908121,-0.16057305,-0.12777606,-0.07092635,-0.03704006,-0.13737103,-0.16251215,-0.1798704,-0.14332479,-0.12334781,-0.13598917,-0.12023825,-0.13832906,-0.25318068,-0.26654312,-0.08301064,-0.10945694,-0.14469366,-0.09238048,-0.18825358,-0.19103503,-0.15295199,-0.089943245,-0.13230102,-0.1500111,-0.1507392,-0.1594838,-0.1712163,-0.18448588,-0.08748917,-0.12403193,-0.14221066,-0.10256614,-0.17951453,-0.19495486,-0.1921077,-0.0998463,-0.13113372,-0.07866639,-0.12752089,-0.19006202,-0.19420056,-0.1926751,-0.12393458,-0.07489839,-0.096858695,-0.11838501,-0.13658518,-0.12406494,-0.121451,-0.09432769,-0.096302256,-0.10818864,-0.082459606,-0.11241731,-0.13214156,-0.16786216,-0.1410757,-0.13666102,-0.18093297,-0.17825818,-0.19503506,-0.14501157,-0.15549555,-0.13577151,-0.119081676,-0.14001076,-0.19117098,-0.19231692,-0.18239157,-0.19755594,-0.25103784,-0.20219928,-0.19112621,-0.19204076,-0.1830106,-0.17454554,-0.27554205,-0.08916744,-0.11956477,-0.12783633,-0.15751183,-0.20931396,-0.18224281,-0.29657933,-0.32474133,-0.15194717,-0.3242122,-0.17325558,-0.17108874,-0.2185038,-0.17647925,-0.114121355,-0.14024247,-0.15388772,-0.15788373,-0.22984435,-0.18186735,-0.25662962,-0.104296215,-0.12455491,-0.13860366,-0.124042824,-0.15189947,-0.15544875,-0.15697208,-0.14014931,-0.15141064,-0.16384336,-0.15614739,-0.15414804,-0.15376203,-0.1339211,-0.12313616,-0.14667672,-0.1908264,-0.17795362,-0.21025829,-0.3990198,-0.19989368,-0.11340821,-0.1296617,-0.11836797,-0.14808145,-0.16636807,-0.18749425,-0.1925768,-0.13211134,-0.07572756,-0.15344203,-0.13998446,-0.14106366,-0.118306376,-0.19987361,-0.1649412,-0.15969265,-0.14184228,-0.123533204,-0.12722544,-0.14610182,-0.2588673,-0.10724592,-0.13074079,-0.09132757,-0.12832497,-0.12910971,-0.15028861,-0.15233569,-0.0960689,-0.08910369,-0.12423059,-0.110357046,-0.13804775,-0.15117745,-0.17100707,-0.14344558,-0.11634748,-0.17468995,-0.15224892,-0.14269498,-0.12541912,-0.14244351,-0.17466888,-0.13176009,-0.13236824,-0.14618139,-0.12290435,-0.08722703,-0.05825615,-0.14386252,-0.17082691,-0.026243303,-0.16800374,-0.2829064,-0.31316653,-0.19723314,-0.14622879,-0.14331596,-0.14862512,-0.12963767,-0.25088155,-0.19497994,-0.18962924,-0.094233006,-0.1092397,-0.10702289,-0.09284672,-0.12759323,-0.15322685,-0.15746465,-0.16789056,-0.12812386,-0.0969081,-0.16398169,-0.14398293,-0.11335766,-0.18846886,-0.1706479,-0.15483011,-0.12595013,-0.115196005,-0.11276002,-0.11662802,-0.17665201,-0.13885382,-0.13469836,-0.096878245,-0.1209169,-0.09118277,-0.12434345,-0.13622579,-0.063823454,-0.13877153,-0.11419349,-0.13399951,-0.24483351,-0.2571875,-0.29957527,-0.14683035,-0.15726492,-0.13216747,-0.19104545,-0.0782174,-0.17299947,-0.16496104,-0.09859173,-0.11065883,-0.11482757,-0.076612435,-0.083404,-0.1213824,-0.13072303,-0.13855581,-0.19385117,-0.09902376,-0.15644662,-0.19487974,-0.19190645,-0.18759775,-0.11123334,-0.14343685,-0.102702245,-0.1599741,-0.1948996,-0.17341778,-0.16979113,-0.1432851,-0.1429863,-0.1016368,-0.15348257,-0.16213563,-0.18161204,-0.19579683,-0.121285036,-0.14780343,-0.113859296,-0.079221904,-0.143195,-0.20725825,-0.16193703,-0.125103,-0.15657571,-0.15690626,-0.1441321,-0.19202894,-0.16338776,-0.18287121,-0.2963242,-0.1989388,-0.18100728,-0.17193076,-0.1935807,-0.15780184,-0.14054683,-0.13061517,-0.12557748,-0.1386811,-0.16435477,-0.30584824,-0.16741925,-0.18195467,-0.1936235,-0.11441202,-0.15079242,-0.14091277,-0.1788335,-0.16754681,-0.16526532,-0.14331086,-0.18237996,-0.12882346,-0.15394977,-0.13759455,-0.24156228,-0.18062857,-0.103078425,-0.1355767,-0.14203554,-0.17547199,-0.11021016,-0.13467759,-0.15262291,-0.1608482,-0.18269923,-0.15442578,-0.14961201,-0.19184028,-0.17645106,-0.16489947,-0.14723541,-0.14623587,-0.11499533,-0.10471026,-0.13487494,-0.20148799,-0.17825773,-0.12513243,-0.16682202,-0.18041904,-0.18738703,-0.11705899,-0.17689443,-0.26005548,-0.09223996,-0.091849044,-0.11475016,-0.13602662,-0.1483207,-0.098095104,-0.18979663
k__Bacteria|p__Bacteroidetes|c__Bacteroidia|o__Bacteroidales|f__Prevotellaceae|g__Prevotella|s__Prevotella_buccalis,-0.1004395,-0.12316422,-0.14098763,-0.20428483,-0.16546479,-0.19284235,-0.1666669,-0.14504507,-0.124634296,-0.18332839,-0.18176134,-0.22437404,-0.16972943,-0.20403525,-0.10366145,-0.10014485,-0.058144663,-0.10090116,-0.10786932,-0.17034802,-0.1978925,-0.12536043,-0.13663007,-0.15245077,-0.17095128,-0.11658599,-0.16684768,-0.17371976,-0.1509206,-0.12124001,-0.13514802,-0.10576572,-0.14812705,-0.19479036,-0.18877056,-0.2175087,-0.15923938,-0.22338755,-0.19537787,-0.29867563,-0.29210672,-0.19744398,-0.107909024,-0.09162698,-0.13691942,-0.15441024,-0.23188588,-0.19286348,-0.1466134,-0.2026537,-0.18121949,-0.18279888,-0.19566776,-0.19747573,-0.2026488,-0.15922818,-0.12599945,-0.1440113,-0.09312913,-0.09625985,-0.17098293,-0.14260097,-0.13743341,-0.146871,-0.12719077,-0.15100761,-0.2613474,-0.22333384,-0.18731609,-0.20047067,-0.14598773,-0.14919859,-0.13089284,-0.14285344,-0.15148635,-0.16404754,-0.14681476,-0.16278498,-0.15847139,-0.14998752,-0.14704546,-0.1565222,-0.15321939,-0.22480208,-0.120334074,-0.14153254,-0.118508026,-0.16107629,-0.17364529,-0.15492941,-0.16775057,-0.11139822,-0.1388583,-0.13027036,-0.12903258,-0.15152657,-0.14233309,-0.11614257,-0.10065024,-0.091046676,-0.10621771,-0.1210001,-0.13517673,-0.15027548,-0.16026357,-0.1185138,-0.11129953,-0.1578567,-0.17738779,-0.13450228,-0.16248634,-0.25953975,-0.14843622,-0.13243303,-0.14152284,-0.15095688,-0.17780018,-0.16253176,-0.22917573,-0.09015879,-0.11046138,-0.13464361,-0.12997,-0.13997786,-0.17282395,-0.13908121,-0.16057305,-0.12777606,-0.07092635,-0.03704006,-0.13705976,-0.16187191,-0.17847472,2.4158807,-0.12334781,-0.13566828,-0.12023825,-0.13839673,0.88905776,-0.26654312,-0.0843864,-0.10945694,-0.1449917,-0.09238048,-0.18706492,-0.18907678,-0.15269566,-0.09106652,-0.13230102,-0.14925978,-0.15001935,-0.15870774,-0.1699757,-0.18377477,-0.08846815,-0.12439869,-0.14112495,-0.10256614,-0.17951453,-0.19495486,-0.19083558,-0.10073664,-0.13113372,-0.08072186,-0.12791519,-0.19006202,-0.19238171,-0.1908471,-0.12404236,-0.0761524,-0.09805013,-0.1187325,-0.13667065,-0.12406494,-0.121451,-0.09533563,-0.097259015,-0.10909414,-0.082459606,-0.1135335,-0.13260472,-0.16711214,-0.1410757,-0.135978,-0.18093297,-0.17825818,-0.19321288,-0.1445818,-0.15549555,-0.13572994,-0.119081676,-0.14001076,-0.19117098,-0.18999588,-0.18031615,-0.19755594,-0.25103784,-0.20219928,-0.18891314,-0.18959299,-0.18174922,-0.17282403,-0.27554205,-0.08916744,-0.11956477,-0.12750332,-0.15751183,-0.20931396,-0.18224281,-0.29657933,-0.32474133,-0.15174186,0.79205084,-0.17325558,1.7101476,0.72389466,-0.17647925,-0.114121355,-0.1394704,-0.15388772,-0.15788373,-0.22984435,-0.18186735,-0.25388265,-0.10490534,-0.12455491,-0.13847455,-0.12445413,-0.15189947,-0.1551968,-0.15647772,-0.14014931,-0.15141064,-0.16311546,-0.15466931,-0.15343913,-0.15254277,-0.13413364,-0.12318651,-0.14607999,-0.18984708,-0.17614701,-0.21025829,-0.3990198,-0.20411173,-0.113909215,1.0540137,-0.11927813,-0.14775187,-0.16636807,-0.18626289,-0.1905354,-0.13144442,-0.077683106,-0.15325536,-0.13953723,-0.14106366,-0.11855753,-0.19987361,-0.1649412,-0.15763319,-0.1413654,-0.12378487,-0.12722544,-0.14610182,-0.2588673,-0.10765083,-0.13074079,-0.09132757,-0.12832497,-0.129651,-0.14928372,-0.15214357,-0.09708336,-0.08910369,-0.1247281,-0.11075171,-0.137954,-0.15040314,-0.17028947,-0.14278376,-0.116629526,-0.17342848,-0.15143624,-0.14261551,-0.12527923,-0.14259857,-0.17466888,-0.13176009,-0.1325509,-0.14573918,-0.123335846,-0.08722703,-0.05825615,-0.1433388,-0.17082691,-0.026243303,-0.16532609,-0.2829064,-0.31316653,-0.1983332,-0.14565438,-0.14331596,-0.14862512,-0.12963767,-0.25088155,-0.1929205,-0.18805093,-0.095228225,-0.110075,-0.10702289,-0.09531857,-0.12759323,-0.15267932,-0.15746465,-0.16671647,-0.12812386,-0.0969081,-0.16398169,-0.14413849,-0.11335766,-0.18846886,-0.1706479,-0.1535179,-0.1261814,-0.115196005,-0.113614805,-0.11662802,-0.17606165,-0.13863245,-0.13477835,-0.096878245,-0.12154038,-0.09268688,-0.12434345,-0.13621092,-0.063823454,-0.13877153,-0.11419349,-0.1337439,-0.24483351,-0.2571875,-0.29957527,-0.146061,-0.1566027,-0.13229191,-0.19104545,-0.0782174,-0.17216033,-0.16407958,-0.09859173,-0.11065883,-0.11527351,-0.076612435,-0.083404,-0.1213824,-0.13072303,-0.13855581,-0.19385117,-0.09992458,-0.15499565,-0.19487974,-0.18975237,-0.18626763,-0.11167912,-0.14298299,-0.10392402,-0.15947005,-0.19292292,-0.17341276,-0.16784072,-0.1426754,-0.14266945,-0.1018255,-0.15297823,-0.16104057,-0.17988923,-0.19396399,-0.12163739,-0.14754999,-0.11395006,-0.0810875,-0.1426579,-0.20725825,-0.16025911,-0.125103,-0.15657571,-0.15690626,-0.14328685,-0.19202894,-0.16184676,-0.18173274,2.771765,-0.19541317,-0.18018684,-0.17049977,-0.1917699,-0.15685126,-0.14054683,-0.13038778,-0.12557748,-0.13806364,-0.16222289,-0.30584824,-0.16591334,-0.18062969,-0.19148576,-0.11441202,-0.15050972,-0.14040484,-0.1772532,-0.1663563,-0.16443004,-0.14331086,-0.18237996,-0.12798133,-0.15303668,-0.13682157,-0.24156228,-0.1781905,-0.103843704,-0.13499177,-0.14228687,-0.17402023,-0.110605404,-0.13450025,-0.15261418,-0.15985185,-0.18060203,-0.15462103,-0.1488128,-0.19184028,-0.17427877,-0.16445681,-0.14723541,-0.14623587,-0.11499533,-0.10471026,-0.13516122,-0.20148799,-0.17655614,-0.12513243,-0.16470598,-0.18041904,-0.18738703,-0.11705899,-0.17735782,-0.25633323,-0.09322971,-0.09318338,-0.11488889,-0.1363351,-0.14793766,-0.09897259,-0.18835151
k__Bacteria|p__Bacteroidetes|c__Bacteroidia|o__Bacteroidales|f__Bacteroidaceae|g__Phocaeicola|s__Phocaeicola_plebeius,-0.1004395,-0.12316422,-0.14168526,-0.20428483,-0.16709192,-0.19404423,-0.1666669,-0.14528093,-0.12509288,-0.18421714,-0.18301678,-0.22207242,-0.17069936,-0.20350292,-0.10301633,-0.0991189,-0.058144663,-0.09977342,-0.107593656,-0.17144835,-0.1978925,-0.12536043,-0.1366703,-0.15274712,-0.17177594,-0.11658599,-0.16794637,-0.17462,-0.1509206,-0.12124001,-0.13544531,-0.105306804,-0.14861056,-0.19573742,-0.18968362,-0.2175087,-0.1611313,-0.22338755,-0.19740361,-0.29867563,-0.29210672,-0.19837186,-0.10725851,-0.09162698,-0.13691942,-0.15532756,-0.23188588,-0.19447476,-0.14691895,-0.2026537,-0.18402316,-0.18279888,-0.19691348,-0.1979382,-0.20229262,-0.15916163,-0.12581569,-0.14408186,-0.09226247,-0.09548919,-0.17166966,-0.1427461,-0.13743341,-0.14720893,-0.12719077,-0.15182893,-0.2613474,-0.22333384,-0.18921924,-0.20047067,-0.14599687,-0.14954822,-0.13073432,-0.14286415,-0.1511389,-0.16449428,-0.14718658,-0.16278498,-0.15959604,-0.14998752,-0.14757107,-0.15722388,-0.1536873,-0.22480208,-0.120334074,-0.14181739,-0.118358955,-0.16143721,-0.1744986,-0.1558677,-0.16870633,-0.11139822,-0.1388583,-0.13027036,-0.1289597,-0.15152657,-0.14298843,-0.115832135,-0.10065024,-0.09018119,-0.10542749,-0.12058966,-0.13519362,-0.15027548,-0.16085723,-0.1185138,-0.11129953,-0.1578567,-0.17738779,-0.13392267,-0.16408604,-0.25953975,-0.14903668,-0.1326323,-0.14162345,-0.15095688,-0.17780018,-0.16406229,-0.22917573,-0.09015879,-0.11038082,-0.13481416,-0.1297112,-0.13997786,-0.17404853,-0.13908121,-0.16057305,-0.12777606,-0.07092635,-0.03704006,-0.13739468,-0.16248389,-0.17955759,-0.14332479,-0.12334781,-0.13601092,-0.12023825,-0.13826168,-0.25318068,-0.26654312,-0.083271444,-0.10945694,-0.14479735,-0.09238048,-0.18840964,-0.19041744,-0.15317187,-0.09015544,-0.13230102,-0.14988637,-0.15052658,-0.15924035,-0.17092045,-0.18439682,-0.08759381,-0.124119505,-0.14123799,-0.10256614,-0.17951453,-0.19495486,-0.19169891,-0.10006512,-0.13113372,-0.07892792,-0.12799105,-0.19006202,-0.19358492,-0.1921301,-0.12379838,-0.074976504,-0.09704831,-0.11845351,-0.13668594,-0.12406494,-0.121451,-0.09435144,-0.09645955,-0.10847275,-0.082459606,-0.112839624,-0.1325057,-0.16775155,-0.1410757,-0.1365332,-0.18093297,-0.17825818,-0.19437228,-0.14496258,-0.15549555,-0.13571724,-0.119081676,-0.14001076,-0.19117098,-0.19131099,-0.18171196,-0.19755594,-0.25103784,-0.20219928,-0.19072586,-0.19136517,-0.18292691,-0.17409106,-0.27554205,-0.08916744,-0.11956477,-0.12798393,-0.15751183,-0.20931396,-0.18224281,-0.29657933,-0.32474133,-0.15412119,-0.3242122,-0.17325558,-0.17108874,-0.2185038,-0.17647925,-0.114121355,-0.14002207,-0.15388772,-0.15788373,-0.22984435,-0.18186735,-0.25467134,-0.104273185,-0.12455491,-0.13871431,-0.12433052,-0.15189947,-0.15535633,-0.15678455,-0.14014931,-0.15141064,-0.16349888,-0.15555438,-0.15382072,-0.1533006,-0.13409504,-0.123119764,-0.14669658,-0.19052765,-0.17730547,-0.21025829,-0.3990198,-0.20396408,-0.113514505,-0.1296617,-0.1185753,-0.14823079,-0.16636807,-0.18725842,-0.19210482,-0.13191216,-0.07619047,-0.15353116,-0.13989231,-0.14106366,-0.11864579,-0.19987361,-0.1649412,-0.1589191,-0.14162242,-0.12364362,-0.12722544,-0.14610182,-0.2588673,-0.1073016,-0.13074079,-0.09132757,-0.12832497,-0.1293925,-0.15003464,-0.15235922,-0.09620072,-0.08910369,-0.12444873,-0.11041858,-0.13817446,-0.15104169,-0.17091161,-0.1431793,-0.11657788,-0.174407,-0.15211694,-0.14268081,-0.12519683,-0.14281449,-0.17466888,-0.13176009,-0.1324645,-0.14601168,-0.123003796,-0.08722703,-0.05825615,-0.14369404,-0.17082691,-0.026243303,-0.16751683,-0.2829064,-0.31316653,-0.19872475,-0.14596678,-0.14331596,-0.14862512,-0.12963767,-0.25088155,-0.19416854,-0.18916422,-0.09440452,-0.1094044,-0.10702289,-0.09352408,-0.12759323,-0.15348859,-0.15746465,-0.16747236,-0.12812386,-0.0969081,-0.16398169,-0.1441336,-0.11335766,-0.18846886,-0.1706479,-0.15419811,-0.1259023,-0.115196005,-0.11296417,-0.11662802,-0.1767305,-0.13868712,-0.13447315,-0.096878245,-0.12108171,-0.09163219,-0.12434345,-0.13643989,-0.063823454,-0.13877153,-0.11419349,-0.13387914,-0.24483351,-0.2571875,-0.29957527,-0.1464009,-0.15694025,-0.13224229,-0.19104545,-0.0782174,-0.17269418,-0.16479337,-0.09859173,-0.11065883,-0.115020454,-0.076612435,-0.083404,-0.1213824,-0.13072303,-0.13855581,-0.19385117,-0.09879004,-0.15611188,-0.19487974,-0.19142583,-0.18736997,-0.11134488,-0.14325425,-0.1030624,-0.15974015,-0.19432068,-0.17361502,-0.16923326,-0.14301118,-0.14274281,-0.10151169,-0.15353477,-0.1619384,-0.18127128,-0.19535145,-0.121334806,-0.1477319,-0.113955945,-0.07986071,-0.14325318,-0.20725825,-0.16121864,-0.125103,-0.15657571,-0.15690626,-0.14391029,-0.19202894,-0.16295253,-0.18260495,-0.2963242,-0.19752276,-0.18142213,-0.17177218,-0.19303852,-0.15770727,-0.14054683,-0.13042451,-0.12557748,-0.13849804,-0.16364461,-0.30584824,-0.16700312,-0.18138507,-0.19311409,-0.11441202,-0.15094852,-0.14088437,-0.17849636,-0.16722172,-0.16509494,-0.14331086,-0.18237996,-0.12846823,-0.15358457,-0.13725655,-0.24156228,-0.17993465,-0.10317391,-0.13543257,-0.14216492,-0.17488368,-0.11031616,-0.13474566,-0.15279856,-0.16033256,-0.18203205,-0.15456209,-0.14930703,-0.19184028,-0.17566335,-0.16484927,-0.14723541,-0.14623587,-0.11499533,-0.10471026,-0.13528036,-0.20148799,-0.17759776,-0.12513243,-0.1661673,-0.18041904,-0.18738703,-0.11705899,-0.17719398,-0.25858915,-0.092403784,-0.0921973,-0.114718884,-0.13623089,-0.1481325,-0.098289594,-0.18955915
k__Bacteria|p__Bacteroidetes|c__Bacteroidia|o__Bacteroidales|f__Prevotellaceae|g__Prevotella|s__Prevotella_histicola,-0.1004395,-0.12316422,-0.14164776,-0.20428483,-0.16705988,-0.1935967,-0.1666669,-0.14518727,-0.12511124,-0.18382189,-0.18301746,-0.22367044,-0.16940756,-0.20421539,-0.10299804,-0.0990075,-0.058144663,-0.09966245,-0.107779935,-0.17102404,-0.1978925,-0.12536043,-0.1363844,-0.15249033,-0.17154858,-0.11658599,-0.16761231,-0.17405817,-0.1509206,-0.12124001,-0.13524637,-0.105593726,-0.14851825,-0.19556527,-0.18932158,-0.2175087,-0.1609098,-0.22338755,-0.19715805,-0.29867563,-0.29210672,-0.19830759,-0.10716217,-0.09162698,-0.13691942,-0.15504873,-0.23188588,-0.19382729,-0.14675051,-0.2026537,-0.18388894,-0.18279888,-0.19712475,-0.1980707,-0.2028611,-0.15785769,-0.12575758,-0.14383161,-0.092185155,-0.09560044,-0.17144752,-0.14240593,2.7638445,-0.14699842,-0.12719077,-0.15149203,0.7089034,-0.22333384,-0.1890115,-0.20047067,-0.1457694,-0.14930645,-0.13079835,-0.14276288,-0.15083319,-0.16404378,-0.14684482,-0.16278498,-0.15934166,-0.14998752,-0.14736825,-0.15714234,-0.15335906,-0.22480208,-0.120334074,-0.14161713,-0.11833073,-0.16109347,-0.17416856,-0.15570775,-0.1683771,-0.11139822,-0.1388583,-0.13027036,-0.1287787,-0.15152657,-0.14276057,-0.11545433,-0.10065024,-0.09034391,-0.10542792,-0.12049817,-0.13510469,-0.15027548,-0.16050497,-0.1185138,-0.11129953,-0.1578567,-0.17738779,-0.13360023,-0.16416554,-0.25953975,-0.14876552,-0.13267925,-0.14165394,-0.15095688,-0.17780018,-0.16374393,-0.22917573,-0.09015879,-0.11022103,-0.13478827,-0.12962988,-0.13997786,-0.17380686,-0.13908121,-0.16057305,-0.12777606,-0.07092635,-0.03704006,-0.13722786,-0.16233349,-0.17896836,-0.14332479,-0.12334781,-0.13586721,-0.12023825,-0.1384131,-0.25318068,-0.26654312,-0.08348334,-0.10945694,-0.14463001,-0.09238048,-0.18802257,-0.1903122,-0.15305161,-0.09028516,-0.13230102,-0.14966923,-0.15035471,-0.15900815,-0.17062789,-0.18392557,-0.08781443,-0.1236755,-0.14114524,-0.10256614,-0.17951453,-0.19495486,-0.19117053,-0.10014677,-0.13113372,-0.0794385,-0.12800448,-0.19006202,-0.19336908,-0.19178355,-0.123467535,-0.07522249,-0.09708177,-0.11846313,-0.1365936,-0.12406494,-0.121451,-0.09442824,-0.09654634,-0.10850553,-0.082459606,-0.112828925,-0.13238496,-0.16722295,-0.1410757,-0.13642569,-0.18093297,-0.17825818,-0.19416192,-0.14481193,-0.15549555,-0.13548735,-0.119081676,-0.14001076,-0.19117098,-0.19112955,-0.18147413,-0.19755594,-0.25103784,-0.20219928,-0.19043264,-0.1911956,-0.18265091,-0.17409721,-0.27554205,-0.08916744,-0.11956477,-0.12810442,-0.15751183,-0.20931396,-0.18224281,-0.29657933,-0.32474133,-0.1531324,-0.3242122,-0.17325558,-0.17108874,-0.2185038,-0.17647925,-0.114121355,-0.13996863,-0.15388772,-0.15788373,-0.22984435,-0.18186735,-0.2554651,-0.10437588,-0.12455491,-0.13861632,-0.12426768,-0.15189947,-0.15512201,-0.1563237,-0.14014931,-0.15141064,-0.16319495,-0.15532446,-0.15359727,-0.15315792,-0.13394088,-0.12312443,-0.14644459,-0.19039297,-0.17699398,-0.21025829,-0.3990198,-0.20262219,-0.113461465,-0.1296617,-0.118458994,-0.14809862,-0.16636807,-0.18680617,-0.19176376,-0.13175681,-0.07660561,-0.15323919,-0.13992555,-0.14106366,-0.11808052,-0.19987361,-0.1649412,-0.15873453,-0.14156996,-0.12359801,-0.12722544,-0.14610182,-0.2588673,-0.10731809,-0.13074079,-0.09132757,-0.12832497,-0.12929389,-0.14992805,-0.15190393,-0.09623623,-0.08910369,-0.12438694,-0.11056845,-0.13798465,-0.15094495,-0.17045014,-0.14302725,-0.116540514,-0.17404993,-0.15197831,-0.1424559,-0.1253553,-0.14217994,-0.17466888,-0.13176009,-0.1323629,-0.14575475,-0.12285355,-0.08722703,-0.05825615,-0.14350083,-0.17082691,-0.026243303,-0.16678086,-0.2829064,-0.31316653,-0.19817074,-0.14573933,-0.14331596,-0.14862512,-0.12963767,-0.25088155,-0.19377336,-0.18870424,-0.094635025,-0.10927995,-0.10702289,-0.09363508,-0.12759323,-0.15311565,-0.15746465,-0.16699064,-0.12812386,-0.0969081,-0.16398169,-0.14374912,-0.11335766,-0.18846886,-0.1706479,-0.1539636,-0.12573494,-0.115196005,-0.11290394,-0.11662802,-0.17614086,-0.13848585,-0.1343478,-0.096878245,-0.12100572,-0.09173122,-0.12434345,-0.13600285,-0.063823454,-0.13877153,-0.11419349,-0.13390628,-0.24483351,-0.2571875,-0.29957527,-0.14625165,-0.15678221,-0.13226604,-0.19104545,-0.0782174,-0.17246246,-0.16434753,-0.09859173,-0.11065883,-0.11469913,-0.076612435,-0.083404,-0.1213824,-0.13072303,-0.13855581,-0.19385117,-0.098979294,-0.15587914,-0.19487974,-0.19122101,-0.18698642,-0.11132235,-0.14308082,-0.102991,-0.15938526,-0.19406775,-0.17292888,-0.16928841,-0.14285542,-0.14247905,-0.10177721,-0.15339959,-0.16155556,-0.18108152,-0.19510832,-0.121280536,-0.14735457,-0.11387251,-0.08006461,-0.14315364,-0.20725825,-0.16094652,-0.125103,-0.15657571,-0.15690626,-0.14365369,-0.19202894,-0.16273092,-0.18217285,-0.2963242,-0.19788657,-0.18123978,-0.17176682,-0.19311795,-0.15753558,-0.14054683,-0.13040635,-0.12557748,-0.13839215,-0.16371708,-0.30584824,-0.16688436,-0.1812228,-0.19272853,-0.11441202,-0.15077505,-0.14069644,-0.17816149,-0.16692731,-0.16464056,-0.14331086,-0.18237996,-0.12843052,-0.15346546,-0.13747713,-0.24156228,-0.17970333,-0.10323891,-0.13529268,-0.14196736,-0.1745486,-0.11039004,-0.13469179,-0.15240476,-0.15993878,-0.18189444,-0.1542342,-0.14921594,-0.19184028,-0.1755027,-0.16420703,-0.14723541,-0.14623587,-0.11499533,-0.10471026,-0.13520971,-0.20148799,-0.17720246,-0.12513243,-0.16582929,-0.18041904,-0.18738703,-0.11705899,-0.17649712,-0.25888276,-0.0924741,-0.09222345,-0.11480986,-0.13604245,-0.1480248,-0.098528445,-0.18921813
k__Bacteria|p__Bacteroidetes|c__Bacteroidia|o__Bacteroidales|f__Bacteroidaceae|g__Bacteroides|s__Bacteroides_thetaiotaomicron,-0.1004395,-0.12316422,-0.14121391,-0.20428483,-0.16668227,-0.19268619,-0.1666669,-0.14458033,-0.124478474,-0.18295307,-0.18251081,-0.22538166,-0.16874275,-0.20519663,-0.10277413,-0.09914378,-0.058144663,-0.09931406,-0.10744496,-0.17005993,-0.1978925,-0.12536043,-0.13574252,-0.15165722,-0.17096432,-0.11658599,-0.16690685,-0.17314784,-0.1509206,-0.12124001,-0.13460892,-0.10546866,-0.14776506,-0.1951977,-0.1884257,-0.2175087,-0.16039324,-0.22338755,-0.19680735,-0.29867563,-0.29210672,-0.19740036,-0.10687168,-0.09162698,-0.13691942,-0.15457574,-0.23188588,-0.193302,-0.14596227,-0.2026537,-0.18341948,1.4043171,-0.196767,-0.19748563,-0.20242628,-0.1570129,-0.12524413,-0.14326619,-0.09169878,-0.09530414,-0.170658,-0.14163905,-0.13743341,-0.14640102,-0.12719077,-0.15078542,-0.2613474,-0.22333384,-0.18827322,-0.20047067,-0.14511472,-0.14871474,-0.1302701,-0.1422269,-0.14996518,-0.16335033,-0.1459224,-0.16278498,-0.15905991,-0.14998752,-0.1466921,-0.15658715,-0.15253627,-0.22480208,-0.120334074,-0.14099784,-0.11788649,-0.16032234,-0.17332163,-0.15506774,-0.16747135,-0.11139822,-0.1388583,-0.13027036,-0.12806532,-0.15152657,-0.14194517,-0.11496381,-0.10065024,-0.090181604,-0.10507667,-0.12006506,-0.13453299,-0.15027548,-0.1597228,-0.1185138,-0.11129953,-0.1578567,-0.17738779,-0.13297686,-0.16326454,-0.25953975,-0.1481683,-0.13219094,-0.14116299,-0.15095688,-0.17780018,-0.16313806,-0.22917573,-0.09015879,-0.109705426,-0.13419357,-0.1291501,-0.13997786,-0.17318356,-0.13908121,-0.16057305,3.9576895,-0.07092635,-0.03704006,-0.13678968,-0.1614132,-0.17816629,-0.14332479,-0.12334781,-0.13534881,-0.12023825,-0.13775851,-0.25318068,-0.26654312,-0.08326237,-0.10945694,-0.14383171,-0.09238048,-0.18715547,-0.18974367,-0.15259174,-0.09002875,-0.13230102,-0.14899606,-0.14978543,-0.15838525,-0.16992906,-0.1828979,-0.08768548,-0.1232501,-0.14075488,-0.10256614,-0.17951453,-0.19495486,-0.19037521,-0.0996909,5.599018,-0.0792567,-0.12734959,9.056386,-0.19275898,-0.1910243,-0.122814834,-0.07528235,-0.09685125,-0.118112415,-0.13603735,-0.12406494,-0.121451,-0.094205424,-0.09639047,-0.10814929,-0.082459606,-0.11247586,-0.13178849,-0.1664269,-0.1410757,-0.13589267,-0.18093297,-0.17825818,-0.19364332,-0.14416383,-0.15549555,-0.13482714,-0.119081676,-0.14001076,-0.19117098,-0.1908174,-0.1807832,-0.19755594,-0.25103784,-0.20219928,-0.18949026,-0.19058241,-0.18190733,-0.17340697,-0.27554205,-0.08916744,-0.11956477,-0.12748227,-0.15751183,-0.20931396,-0.18224281,-0.29657933,-0.32474133,-0.15235111,-0.3242122,-0.17325558,-0.17108874,-0.2185038,-0.17647925,-0.114121355,-0.13952774,-0.15388772,-0.15788373,-0.22984435,-0.18186735,-0.25616056,-0.10402182,-0.12455491,-0.138001,-0.12365237,-0.15189947,-0.15440986,-0.15547398,-0.14014931,-0.15141064,-0.16231988,-0.15473522,-0.15285099,-0.15253635,-0.13350528,-0.12254432,-0.1457111,-0.18947077,-0.17614605,-0.21025829,-0.3990198,-0.20168854,-0.11303936,7.1024294,-0.11803486,-0.14729816,2.7373366,-0.18588163,-0.19095829,-0.13114733,-0.07647715,-0.15237574,-0.13932988,-0.14106366,-0.11710901,-0.19987361,-0.1649412,-0.15819955,-0.14095852,-0.12320414,-0.12722544,-0.14610182,-0.2588673,-0.106874734,-0.13074079,-0.09132757,-0.12832497,-0.12857665,-0.1492406,-0.15115744,-0.09594841,-0.08910369,-0.123818755,-0.11022206,-0.1373643,-0.15023836,-0.16965622,-0.14233513,-0.11592655,-0.17331901,-0.15126011,-0.141808,-0.12505129,-0.1412349,-0.17466888,-0.13176009,-0.13165702,-0.14522721,-0.12246935,-0.08722703,-0.05825615,-0.14285672,-0.17082691,-0.026243303,-0.16628307,-0.2829064,-0.31316653,-0.19717897,-0.14509133,-0.14331596,-0.14862512,-0.12963767,-0.25088155,-0.19332221,-0.18774614,-0.09420052,-0.108916864,-0.10702289,-0.09319979,-0.12759323,-0.1522637,-0.15746465,-0.16645442,-0.12812386,-0.0969081,-0.16398169,-0.14299853,-0.11335766,-0.18846886,-0.1706479,-0.15336934,-0.12523785,-0.115196005,-0.112366945,-0.11662802,-0.17536409,-0.13787763,-0.13391855,-0.096878245,-0.12071432,-0.09138642,-0.12434345,-0.13526855,-0.063823454,-0.13877153,-0.11419349,-0.1333349,-0.24483351,-0.2571875,-0.29957527,-0.14563902,-0.15620574,-0.13158871,-0.19104545,-0.0782174,-0.17164314,-0.16371134,-0.09859173,-0.11065883,-0.114059724,-0.076612435,-0.083404,-0.1213824,-0.13072303,-0.13855581,-0.19385117,-0.09869997,-0.15501536,-0.19487974,-0.19043635,-0.18620762,-0.11078906,-0.14270085,-0.102471195,-0.15853864,-0.19334304,-0.17174935,-0.16863349,-0.14227387,-0.14201187,-0.10146573,-0.15263972,-0.16102958,-0.18033645,-0.19457549,-0.12070025,-0.14675483,-0.11335207,-0.0797328,-0.14224805,-0.20725825,-0.16026363,-0.125103,-0.15657571,-0.15690626,-0.14315787,-0.19202894,-0.16193798,-0.18119624,-0.2963242,-0.197951,-0.18053812,-0.17144704,-0.19252357,-0.15699641,-0.14054683,-0.12982638,-0.12557748,-0.13773668,-0.16290069,-0.30584824,-0.16607451,-0.18055364,-0.19214073,-0.11441202,-0.14996329,-0.14021607,-0.17731853,-0.16626514,-0.16390532,-0.14331086,-0.18237996,-0.12780891,-0.1527593,-0.13666648,-0.24156228,-0.17921597,-0.10285483,-0.13486016,-0.14130329,-0.17378078,-0.1099603,-0.13405432,-0.15160084,-0.15940824,-0.18141037,-0.15338954,-0.14853615,-0.19184028,-0.17476447,-0.16336489,-0.14723541,-0.14623587,-0.11499533,-0.10471026,-0.13441673,-0.20148799,-0.17636354,-0.12513243,-0.16561705,-0.18041904,-0.18738703,-0.11705899,-0.17538102,-0.25908616,-0.092253625,-0.09195428,-0.11440941,-0.1354559,-0.147444,-0.09813741,-0.18836853
k__Bacteria|p__Bacteroidetes|c__Bacteroidia|o__Bacteroidales|f__Tannerellaceae|g__Parabacteroides|s__Parabacteroides_merdae,-0.1004395,-0.12316422,-0.14219385,-0.20428483,-0.16760647,-0.19368678,-0.1666669,-0.14510822,-0.12534627,-0.18350974,-0.18430959,-0.22759092,-0.17081591,-0.20669997,-0.10339342,-0.0996939,-0.058144663,-0.09935602,-0.108007625,-0.17071229,-0.1978925,-0.12536043,-0.1361629,-0.1520156,-0.17180258,-0.11658599,-0.16769205,-0.173758,-0.1509206,-0.12124001,-0.13516453,-0.106301226,-0.14843659,-0.1965164,-0.18935122,-0.2175087,-0.16133837,-0.22338755,-0.19816805,-0.29867563,-0.29210672,-0.19860421,-0.10730306,-0.09162698,-0.13691942,-0.15541345,-0.23188588,-0.19431797,-0.14670841,-0.2026537,-0.18470192,-0.18279888,-0.19794622,-0.19902803,-0.20383674,-0.15745276,-0.12574154,-0.14381889,-0.09180476,-0.09563907,-0.17124623,-0.14201438,-0.13743341,-0.14703684,-0.12719077,-0.15152046,-0.2613474,-0.22333384,-0.18926752,-0.20047067,-0.14551114,-0.1493378,-0.13084334,-0.14280769,-0.15015939,-0.16369697,-0.14630009,-0.16278498,-0.15998474,-0.14998752,-0.14723903,-0.15742724,-0.15308869,-0.22480208,-0.120334074,-0.14159833,-0.11841966,-0.16068675,-0.17397332,-0.15598631,-0.16813019,-0.11139822,-0.1388583,-0.13027036,-0.1285029,-0.15152657,-0.14263374,-0.11538023,-0.10065024,-0.090747535,-0.10551503,-0.12048653,-0.1350469,-0.15027548,-0.16032541,-0.1185138,-0.11129953,-0.1578567,-0.17738779,-0.13320884,-0.16432393,-0.25953975,-0.14887515,-0.13302732,-0.14189425,-0.15095688,-0.17780018,-0.16420488,-0.22917573,-0.09015879,-0.110155836,-0.13482189,-0.12975582,-0.13997786,-0.17423409,-0.13908121,-0.16057305,-0.12777606,-0.07092635,-0.03704006,-0.13742322,-0.16208017,-0.17888013,-0.14332479,-0.12334781,-0.13608837,-0.12023825,-0.13829654,-0.25318068,-0.26654312,-0.08355471,-0.10945694,-0.14426988,-0.09238048,-0.1880908,-0.19088958,-0.15368433,-0.09037127,-0.13230102,-0.1497339,-0.1505405,-0.15906644,-0.1707379,-0.18335854,-0.08813186,-0.12361018,-0.14133373,-0.10256614,-0.17951453,-0.19495486,-0.19119352,-0.10006041,-0.13113372,-0.0795879,-0.12808616,-0.19006202,-0.193818,-0.19204368,-0.123053655,-0.07566026,-0.09716892,-0.11878757,-0.13669762,-0.12406494,-0.121451,-0.09459073,-0.09704639,-0.10869603,-0.082459606,-0.11303357,-0.1324045,-0.1669819,-0.1410757,-0.13665344,-0.18093297,-0.17825818,-0.19486633,-0.1449145,-0.15549555,-0.13531788,-0.119081676,-0.14001076,-0.19117098,-0.19198921,-0.18176523,-0.19755594,-0.25103784,-0.20219928,-0.19059315,-0.19174704,-0.18303314,-0.17453164,-0.27554205,-0.08916744,-0.11956477,-0.12833239,-0.15751183,-0.20931396,-0.18224281,-0.29657933,-0.32474133,-0.15426601,-0.3242122,-0.17325558,-0.17108874,-0.2185038,-0.17647925,-0.114121355,-0.14034644,-0.15388772,-0.15788373,-0.22984435,-0.18186735,-0.25978035,-0.10448071,-0.12455491,-0.13863912,-0.12415663,-0.15189947,-0.1548776,-0.15591028,-0.14014931,-0.15141064,-0.16272426,-0.15545952,-0.15341647,-0.15342252,-0.1343188,-0.123092726,-0.14647065,-0.19019392,-0.17738202,-0.21025829,-0.3990198,-0.20341942,-0.11357751,-0.1296617,-0.11845878,-0.14801472,-0.16636807,-0.18648374,-0.19205984,-0.1318223,-0.076834634,-0.15279639,-0.1400562,-0.14106366,-0.11737822,-0.19987361,-0.1649412,-0.15919748,-0.14175174,-0.12389236,-0.12722544,-0.14610182,-0.2588673,-0.10740322,-0.13074079,-0.09132757,-0.12832497,-0.1289608,-0.14999723,-0.15156928,-0.09631616,-0.08910369,-0.12431781,-0.11082597,-0.13797468,-0.15099396,-0.17030552,-0.14293407,-0.11649016,-0.17400426,-0.15209651,-0.14231184,-0.12582582,-0.14162982,-0.17466888,-0.13176009,-0.13216227,-0.14587933,-0.123059094,-0.08722703,-0.05825615,-0.14352831,-0.17082691,-0.026243303,-0.16740069,-0.2829064,-0.31316653,-0.19861457,-0.14567271,-0.14331596,-0.14862512,-0.12963767,-0.25088155,-0.19438131,-0.1885224,-0.094664864,-0.10922748,-0.10702289,-0.093302175,-0.12759323,-0.15306519,-0.15746465,-0.16725317,-0.12812386,-0.0969081,-0.16398169,-0.1432811,-0.11335766,-0.18846886,-0.1706479,-0.15411831,-0.12564862,-0.115196005,-0.11279944,-0.11662802,-0.17601219,-0.13840203,-0.13446027,-0.096878245,-0.121352896,-0.09170929,-0.12434345,-0.13569681,-0.063823454,-0.13877153,-0.11419349,-0.1338836,-0.24483351,-0.2571875,-0.29957527,-0.14626583,-0.15685047,-0.13214165,-0.19104545,-0.0782174,-0.17238066,-0.16438693,-0.09859173,-0.11065883,-0.11435357,-0.076612435,-0.083404,-0.1213824,-0.13072303,-0.13855581,-0.19385117,-0.09892752,-0.15565577,-0.19487974,-0.19159575,-0.18717155,-0.11125918,-0.14332947,-0.10276516,-0.15874472,-0.1945425,-0.17213613,-0.1697506,-0.14293572,-0.14262778,-0.10219132,-0.15337178,-0.16183798,-0.18148267,-0.19589508,-0.12115404,-0.14724755,-0.11396846,-0.079995126,-0.14279523,-0.20725825,-0.1609759,-0.125103,-0.15657571,-0.15690626,-0.14393258,-0.19202894,-0.16272202,-0.18179587,-0.2963242,-0.20024204,-0.18182623,-0.17276506,-0.19383296,-0.15806851,-0.14054683,-0.13042518,-0.12557748,-0.13850984,-0.16385049,-0.30584824,-0.16691257,-0.18136157,-0.19334853,-0.11441202,-0.1505673,-0.1409226,-0.17813,-0.16696417,-0.16459322,-0.14331086,-0.18237996,-0.12859231,-0.15344954,-0.1374825,-0.24156228,-0.18043706,-0.103245534,-0.13554287,-0.14174211,-0.17438902,-0.1105634,-0.13466999,-0.15193963,-0.15999492,-0.18251856,-0.15372802,-0.14909345,-0.19184028,-0.17568019,-0.16375639,-0.14723541,-0.14623587,-0.11499533,-0.10471026,-0.13499807,-0.20148799,-0.17704388,-0.12513243,-0.16672805,-0.18041904,-0.18738703,-0.11705899,-0.17546621,-0.26191926,-0.092703626,-0.09230759,-0.11499712,-0.13602564,-0.14812782,-0.098729745,-0.18909234
k__Bacteria|p__Bacteroidetes|c__Bacteroidia|o__Bacteroidales|f__Dysgonomonadaceae|g__Dysgonomonas|s__Dysgonomonas_mossii,-0.1004395,-0.12316422,-0.14126669,-0.20428483,-0.1664772,-0.19294047,-0.1666669,-0.14504209,-0.124883495,-0.18311112,-0.18300006,-0.22490454,-0.1690284,-0.20506576,-0.10344898,-0.099638835,-0.058144663,-0.10017701,-0.10783531,-0.17043412,-0.1978925,-0.12536043,-0.1363624,-0.15229873,-0.17115378,-0.11658599,-0.16701788,-0.17373492,-0.1509206,-0.12124001,-0.135063,-0.10583827,-0.14811909,-0.19524151,-0.18871313,2.88262,-0.16035524,2.3376832,-0.19639401,4.561925,1.2233979,-0.19771166,-0.10759176,-0.09162698,-0.13691942,-0.15463534,-0.23188588,-0.19313926,-0.14653409,-0.2026537,-0.18304539,-0.18279888,-0.19655223,-0.19781542,-0.20261699,-0.15799648,-0.12581763,-0.14382005,-0.09259868,-0.09590636,-0.17101221,-0.1423552,-0.13743341,-0.14686476,-0.12719077,-0.15099263,-0.2613474,-0.22333384,-0.18836227,-0.20047067,-0.14575946,-0.14917925,-0.13073874,-0.14267781,-0.15088439,-0.1639933,-0.14663208,-0.16278498,-0.15907386,-0.14998752,-0.14704043,-0.15676467,-0.15305628,-0.22480208,-0.120334074,-0.14142671,-0.11835099,-0.16090062,-0.17381233,-0.1552651,-0.16778192,-0.11139822,-0.1388583,-0.13027036,-0.12871155,-0.15152657,-0.1423477,-0.11567007,-0.10065024,-0.09077439,-0.105769575,-0.12070306,-0.13501298,-0.15027548,-0.16019467,-0.1185138,-0.11129953,-0.1578567,-0.17738779,-0.13382828,-0.16313672,-0.25953975,-0.1485058,-0.13254094,-0.1414431,-0.15095688,-0.17780018,-0.16318157,-0.22917573,-0.09015879,-0.11022259,-0.13467526,-0.12972268,-0.13997786,-0.17323762,-0.13908121,-0.16057305,-0.12777606,-0.07092635,-0.03704006,-0.13702299,-0.16188367,-0.1784952,-0.14332479,-0.12334781,-0.1357035,-0.12023825,-0.13817865,-0.25318068,-0.26654312,-0.083942816,-0.10945694,-0.14455998,-0.09238048,-0.18714786,-0.18963605,-0.15263863,-0.09065364,-0.13230102,-0.14932092,-0.15011053,-0.1587261,-0.17017744,-0.18345131,-0.08817019,-0.12393686,-0.14132258,-0.10256614,-0.17951453,-0.19495486,-0.19076294,-0.100340076,-0.13113372,-0.080033645,-0.12778687,-0.19006202,-0.19283435,-0.19109657,-0.123679474,-0.075867355,-0.0975115,-0.118568376,-0.13649373,-0.12406494,-0.121451,-0.09490284,-0.09697382,-0.108742855,-0.082459606,-0.11308077,-0.13236016,-0.16695446,-0.1410757,-0.13610658,-0.18093297,-0.17825818,-0.19356829,-0.14453876,-0.15549555,-0.13545617,6.7343016,7.2681966,4.9919524,-0.19059488,-0.18084222,4.191124,-0.25103784,-0.20219928,-0.18943612,-0.19028556,-0.18198273,-0.17330061,-0.27554205,-0.08916744,-0.11956477,-0.12768853,-0.15751183,-0.20931396,-0.18224281,-0.29657933,-0.32474133,-0.15117894,-0.3242122,-0.17325558,-0.17108874,-0.2185038,-0.17647925,-0.114121355,-0.13966371,-0.15388772,-0.15788373,-0.22984435,-0.18186735,-0.2552803,-0.104633346,-0.12455491,-0.13841355,-0.124200545,-0.15189947,-0.15500256,-0.1561999,-0.14014931,-0.15141064,-0.1629807,-0.15496969,-0.15337527,-0.1527978,-0.13388388,-0.12303315,-0.1461567,-0.18985423,-0.17670524,-0.21025829,-0.3990198,-0.20191258,-0.11365267,-0.1296617,-0.11880269,-0.14769745,-0.16636807,-0.1863154,-0.19101986,-0.13149989,-0.07715407,-0.15296684,-0.13959941,-0.14106366,-0.118198745,-0.19987361,-0.1649412,-0.15822916,-0.14131615,-0.12363972,-0.12722544,-0.14610182,-0.2588673,-0.10743608,-0.13074079,-0.09132757,-0.12832497,-0.12923588,-0.14952767,-0.15178369,-0.09667584,-0.08910369,-0.12440151,-0.110666946,-0.13776189,-0.15056488,-0.17008296,-0.14279956,-0.116426095,-0.17354816,-0.15163499,-0.14233002,-0.12535611,-0.14210139,-0.17466888,-0.13176009,-0.13221931,-0.14569002,-0.12302004,-0.08722703,-0.05825615,-0.14331892,-0.17082691,-0.026243303,-0.16603428,-0.2829064,-0.31316653,-0.1975091,-0.14557526,-0.14331596,-0.14862512,-0.12963767,-0.25088155,-0.19333923,-0.18811041,-0.094880804,-0.10960004,-0.10702289,-0.09429435,-0.12759323,-0.15263844,-0.15746465,-0.16681011,-0.12812386,-0.0969081,-0.16398169,-0.14375305,-0.11335766,-0.18846886,-0.1706479,-0.15368015,-0.12583613,-0.115196005,-0.113107115,-0.11662802,-0.17582583,-0.13847,-0.13453323,-0.096878245,-0.12124503,-0.09214128,-0.12434345,-0.13586223,-0.063823454,-0.13877153,-0.11419349,-0.13361989,-0.24483351,-0.2571875,-0.29957527,-0.14609852,-0.15656072,-0.13213599,-0.19104545,-0.0782174,-0.1720318,-0.16400458,-0.09859173,-0.11065883,-0.11486231,-0.076612435,-0.083404,-0.1213824,-0.13072303,-0.13855581,-0.19385117,-0.09942727,-0.15526822,-0.19487974,-0.19038402,-0.18635812,-0.111417316,-0.14293173,-0.103395455,-0.15917891,-0.19350906,-0.17279777,-0.16854453,-0.14270715,-0.1424996,-0.10183654,-0.15297677,-0.16123483,-0.18033797,-0.19446564,-0.12136492,-0.14731893,-0.113920555,-0.08053084,-0.14261365,-0.20725825,-0.16054443,-0.125103,-0.15657571,-0.15690626,-0.14345485,-0.19202894,-0.16219254,-0.1816084,-0.2963242,-0.19673146,-0.18030292,-0.17111637,-0.1922813,-0.15708424,-0.14054683,-0.13034037,-0.12557748,-0.13819814,-0.1626639,-0.30584824,-0.16618522,-0.18075004,-0.19202746,-0.11441202,-0.15036568,-0.14044818,-0.17750144,-0.16649565,-0.1643235,-0.14331086,-0.18237996,-0.12817568,-0.15310472,-0.13697124,-0.24156228,-0.1789166,-0.10346887,-0.13507605,-0.14191216,-0.17417014,-0.110416606,-0.13443735,-0.15222394,-0.15983616,-0.18123308,-0.15409443,-0.14894599,-0.19184028,-0.17485821,-0.16403547,-0.14723541,-0.14623587,-0.11499533,-0.10471026,-0.13489524,-0.20148799,-0.17672014,-0.12513243,-0.16544807,-0.18041904,-0.18738703,-0.11705899,-0.1763032,-0.25806266,-0.09290624,-0.09265122,-0.11481425,-0.13600674,-0.14786798,-0.0986981,-0.18851343
k__Bacteria|p__Bacteroidetes|c__Bacteroidia|o__Bacteroidales|f__Prevotellaceae|g__Prevotella|s__Prevotella_melaninogenica,-0.1004395,-0.12316422,-0.14141451,-0.20428483,-0.16668499,-0.19306134,-0.1666669,-0.1448691,-0.12451761,-0.1831384,-0.18245527,-0.23039049,-0.16784634,-0.20631474,-0.10322516,-0.09939629,-0.058144663,-0.09975155,-0.10764059,-0.17042013,-0.1978925,-0.12536043,-0.13600972,-0.15209162,-0.17128207,-0.11658599,-0.1667418,-0.1735784,-0.1509206,-0.12124001,-0.13471812,-0.105887204,-0.14798298,-0.1959726,-0.18905455,-0.2175087,-0.16039342,-0.22338755,-0.1969451,-0.29867563,-0.29210672,-0.1984847,-0.10730365,2.4756167,0.6728248,-0.1545683,1.5189499,-0.19316478,-0.14652033,-0.2026537,-0.18303284,-0.18279888,-0.19740003,-0.19879904,-0.20532502,-0.1570313,-0.12574264,-0.1436998,-0.09206658,-0.09574193,-0.1710722,-0.14203751,-0.13743341,-0.14670245,-0.12719077,-0.15049627,-0.2613474,-0.22333384,-0.18842006,-0.20047067,-0.14566654,-0.14899483,-0.13081318,-0.14266856,-0.15091184,-0.1639351,-0.14648901,1.0717003,-0.15873203,-0.14998752,-0.14681207,-0.15675993,-0.15289846,-0.22480208,-0.120334074,-0.14115411,-0.11820616,-0.160808,-0.1739123,-0.15511093,-0.1677238,-0.11139822,-0.1388583,-0.13027036,-0.12847003,-0.15152657,-0.14201625,-0.115199536,-0.10065024,-0.09054078,-0.10561393,-0.120623454,-0.13497579,-0.15027548,-0.16008057,0.7728608,-0.11129953,-0.1578567,-0.17738779,-0.1333712,-0.16357626,-0.25953975,-0.14827922,-0.13236171,-0.14150837,-0.15095688,2.8252523,-0.16308768,1.1189078,-0.09015879,-0.1096189,-0.13452013,-0.12962082,-0.13997786,-0.17319228,-0.13908121,-0.16057305,-0.12777606,-0.07092635,-0.03704006,-0.13688901,-0.16196884,-0.17832555,1.400547,-0.12334781,-0.13520789,-0.12023825,-0.13835172,-0.25318068,-0.26654312,-0.08363308,-0.10945694,-0.14444354,-0.09238048,-0.18710294,-0.19015199,-0.15268524,-0.09038851,-0.13230102,-0.1491163,-0.15003085,-0.15873682,-0.17029339,-0.18363287,-0.087986425,-0.123518795,-0.14094296,-0.10256614,-0.17951453,-0.19495486,-0.19105676,-0.100202486,-0.13113372,-0.08029663,-0.12787266,-0.19006202,-0.19334832,-0.19133002,-0.12324514,-0.07554449,-0.09723593,-0.1184771,-0.13634974,-0.12406494,-0.121451,-0.094672404,-0.09670652,-0.10846245,-0.082459606,-0.112872176,-0.1321792,-0.16678321,-0.1410757,-0.13596766,-0.18093297,2.3248365,-0.19401196,-0.14459985,-0.15549555,-0.13536611,-0.119081676,-0.14001076,-0.19117098,-0.19099987,-0.18086182,-0.19755594,-0.25103784,-0.20219928,-0.18941098,-0.19064875,-0.18211576,-0.17358656,-0.27554205,-0.08916744,-0.11956477,-0.12747532,-0.15751183,-0.20931396,-0.18224281,-0.29657933,-0.32474133,-0.14937344,-0.3242122,-0.17325558,-0.17108874,-0.2185038,-0.17647925,-0.114121355,-0.13948232,-0.15388772,-0.15788373,-0.22984435,-0.18186735,-0.25871235,-0.10445087,-0.12455491,-0.13820656,-0.12411605,-0.15189947,-0.15501899,-0.15613368,-0.14014931,-0.15141064,-0.16300109,-0.15486604,-0.15325135,-0.15275227,-0.13377526,-0.12288709,-0.14582044,-0.19005603,-0.1768272,-0.21025829,-0.3990198,-0.20159699,-0.11334535,-0.1296617,-0.11862428,-0.1476697,-0.16636807,-0.18620823,-0.1912519,-0.13109696,-0.07702561,-0.15298945,-0.13959658,-0.14106366,-0.117587075,-0.19987361,-0.1649412,-0.15793908,-0.14121705,-0.12339447,-0.12722544,-0.14610182,-0.2588673,-0.10720426,-0.13074079,-0.09132757,-0.12832497,-0.12911244,-0.14943412,-0.151579,-0.09637769,-0.08910369,-0.12419619,-0.11056885,-0.13753387,-0.15051812,-0.17010377,-0.14271294,-0.11600801,-0.17332779,-0.15155277,-0.14212613,-0.12543029,-0.14158976,-0.17466888,-0.13176009,-0.13203317,-0.14545941,-0.12296303,-0.08722703,-0.05825615,-0.14318234,-0.17082691,-0.026243303,-0.16548395,-0.2829064,-0.31316653,-0.19770171,-0.14544363,-0.14331596,-0.14862512,-0.12963767,-0.25088155,-0.19384833,-0.18825561,-0.094756514,-0.109228685,-0.10702289,-0.09429027,-0.12759323,-0.15228985,-0.15746465,-0.16672151,-0.12812386,-0.0969081,-0.16398169,-0.14351806,-0.11335766,-0.18846886,-0.1706479,-0.15354691,-0.12558621,-0.115196005,-0.11292824,-0.11662802,-0.17550395,-0.13842334,-0.13445202,-0.096878245,-0.12106843,-0.09190254,-0.12434345,-0.13528721,-0.063823454,-0.13877153,-0.11419349,-0.133651,1.1067647,5.2272725,-0.29957527,-0.1460405,-0.1564728,-0.13229649,-0.19104545,-0.0782174,-0.17210785,-0.16385221,-0.09859173,-0.11065883,-0.11423354,-0.076612435,-0.083404,-0.1213824,-0.13072303,-0.13855581,-0.19385117,-0.09938835,-0.15521644,-0.19487974,-0.19070514,-0.18657745,-0.1112435,-0.14254686,-0.103094615,-0.15919921,-0.19390318,-0.17254339,-0.16880082,-0.14262617,-0.14233997,-0.10166904,-0.15291235,-0.1610604,-0.18039307,-0.194886,-0.121239305,-0.14704996,-0.113365054,-0.07998436,-0.14296488,-0.20725825,-0.16053715,-0.125103,-0.15657571,-0.15690626,-0.14305189,-0.19202894,-0.16221592,-0.18163294,-0.2963242,-0.19774738,-0.18050277,-0.17131317,-0.1928733,-0.15715857,-0.14054683,-0.13027278,-0.12557748,-0.13799617,-0.16282791,-0.30584824,-0.1660926,-0.18104911,-0.19225389,-0.11441202,-0.15027462,-0.14025949,-0.1774706,-0.16662923,-0.16412652,-0.14331086,-0.18237996,-0.1279723,-0.15261638,-0.13751648,-0.24156228,-0.17883283,-0.10332237,-0.13471347,-0.14193255,-0.1743067,-0.11015025,-0.13431112,-0.15214184,-0.1597037,-0.18132019,-0.15402418,-0.14915809,-0.19184028,-0.17505655,-0.16374898,-0.14723541,-0.14623587,-0.11499533,-0.10471026,-0.13484907,-0.20148799,-0.17681243,-0.12513243,-0.16435866,-0.18041904,-0.18738703,-0.11705899,-0.17622773,-0.26051104,-0.092642754,-0.092259675,-0.11466349,-0.13591546,-0.1478669,-0.098577395,-0.18869284
k__Bacteria|p__Bacteroidetes|c__Bacteroidia|o__Bacteroidales|f__Bacteroidaceae|g__Bacteroides|s__Bacteroides_caccae,-0.1004395,-0.12316422,-0.14117405,-0.20428483,-0.16671357,-0.19237119,-0.1666669,-0.14463764,-0.12485407,-0.18265179,-0.18202795,-0.2215133,-0.1680372,-0.20284107,-0.10310319,-0.09918392,-0.058144663,-0.09929602,-0.10773337,-0.16992997,-0.1978925,-0.12536043,-0.13572949,-0.15162677,-0.170684,1.7034883,-0.1668053,-0.17302227,-0.1509206,-0.12124001,-0.1348475,-0.10572978,-0.14778359,-0.19449994,-0.18799475,-0.2175087,-0.1607826,-0.22338755,-0.19648466,-0.29867563,-0.29210672,-0.19662246,-0.10712841,-0.09162698,-0.13691942,-0.15443902,-0.23188588,-0.19271228,-0.14609692,-0.2026537,-0.18398976,-0.18279888,-0.19616301,-0.19630978,-0.2006225,-0.15637481,-0.12536775,-0.14318356,-0.09216753,-0.09563157,-0.17046183,-0.14172262,-0.13743341,-0.14639498,-0.12719077,-0.15085715,-0.2613474,-0.22333384,-0.18807122,-0.20047067,-0.14506075,-0.14868234,-0.13030249,-0.1419743,-0.1496745,-0.16316992,-0.14613943,-0.16278498,-0.15911268,-0.14998752,-0.14668667,-0.15649988,-0.1524709,-0.22480208,-0.120334074,-0.14097127,-0.11801256,-0.16014414,-0.17316127,-0.15504569,-0.16729248,-0.11139822,-0.1388583,-0.13027036,-0.1282271,-0.15152657,-0.14219883,-0.11526513,-0.10065024,-0.090507254,-0.10523708,-0.12016548,-0.13454404,-0.15027548,-0.15970874,-0.1185138,-0.11129953,-0.1578567,-0.17738779,-0.13293225,-0.16342683,-0.25953975,-0.14824206,-0.1322846,-0.14100845,-0.15095688,-0.17780018,-0.16318265,-0.22917573,-0.09015879,-0.110003635,-0.1343191,-0.12914331,-0.13997786,-0.17298362,-0.13908121,-0.16057305,-0.12777606,-0.07092635,-0.03704006,-0.136687,-0.16129535,-0.17795323,-0.14332479,-0.12334781,-0.13554141,-0.12023825,-0.13765316,-0.25318068,-0.26654312,-0.08367148,-0.10945694,-0.14374259,-0.09238048,-0.18672852,-0.1892252,-0.1523111,-0.090364054,-0.13230102,-0.14897838,-0.14969595,-0.15821101,-0.16972357,-0.18264323,-0.088038534,-0.123329215,-0.14070593,-0.10256614,-0.17951453,-0.19495486,-0.18998343,-0.10007397,-0.13113372,-0.07931921,-0.12729484,-0.19006202,-0.19225684,-0.19063568,-0.123040915,-0.07584383,-0.09714404,-0.118193395,-0.13599336,-0.12406494,-0.121451,-0.09446535,-0.096640244,-0.10832767,-0.082459606,-0.11253703,-0.13175797,-0.16626559,-0.1410757,-0.13608468,-0.18093297,-0.17825818,-0.19306278,-0.14414585,-0.15549555,-0.13491444,-0.119081676,-0.14001076,-0.19117098,-0.19026631,-0.18057896,-0.19755594,-0.25103784,-0.20219928,-0.18932596,-0.19031048,-0.18155143,-0.17315716,-0.27554205,-0.08916744,-0.11956477,-0.12772797,-0.15751183,-0.20931396,-0.18224281,-0.29657933,-0.32474133,-0.1522751,2.0150034,-0.17325558,-0.17108874,3.3725238,-0.17647925,-0.114121355,-0.13961539,-0.15388772,-0.15788373,-0.22984435,-0.18186735,-0.25384894,-0.104271896,-0.12455491,-0.13804731,-0.12380247,-0.15189947,-0.15420283,-0.15550512,-0.14014931,-0.15141064,-0.16222322,-0.15477185,-0.15286773,-0.15253505,-0.13350052,-0.122822054,-0.14581475,-0.18898585,-0.17590344,-0.21025829,-0.3990198,-0.19938767,-0.11324078,-0.1296617,-0.11802743,-0.14726418,-0.16636807,-0.18554468,-0.1907537,-0.13132806,-0.07697134,-0.1523204,-0.13944359,-0.14106366,-0.117439285,-0.19987361,-0.1649412,-0.15834658,-0.14096346,-0.12322652,-0.12722544,-0.14610182,-0.2588673,-0.10714293,2.2274573,-0.09132757,-0.12832497,-0.12861797,-0.1492497,-0.1511428,-0.0962614,-0.08910369,-0.12388389,-0.110397324,-0.13731465,-0.15021895,-0.16940886,-0.14247455,-0.11624702,-0.17300643,-0.15125705,-0.14167632,-0.12511064,-0.14121354,-0.17466888,-0.13176009,-0.13181674,-0.1451505,-0.122603685,-0.08722703,-0.05825615,-0.1429414,-0.17082691,-0.026243303,-0.16632363,-0.2829064,-0.31316653,-0.1961127,-0.14510193,-0.14331596,-0.14862512,-0.12963767,-0.25088155,-0.19276448,-0.18754649,-0.094622865,-0.10914306,-0.10702289,-0.093295306,-0.12759323,-0.15224853,-0.15746465,-0.16631149,-0.12812386,-0.0969081,-0.16398169,-0.14285709,-0.11335766,-0.18846886,-0.1706479,-0.15338087,-0.12543619,-0.115196005,-0.11253381,-0.11662802,-0.17508626,-0.13793188,-0.13390262,-0.096878245,-0.12068806,-0.09166591,-0.12434345,-0.13542953,-0.063823454,-0.13877153,-0.11419349,-0.13337493,-0.24483351,-0.2571875,-0.29957527,-0.14562869,-0.1560305,-0.1316749,-0.19104545,7.2333636,-0.17150891,-0.16349909,-0.09859173,-0.11065883,-0.11442962,-0.076612435,-0.083404,-0.1213824,-0.13072303,-0.13855581,-0.19385117,-0.09891309,-0.15515007,-0.19487974,-0.19022761,-0.18585081,-0.11109291,-0.14254555,-0.10281884,-0.15851063,-0.19292383,-0.17130598,-0.16844359,-0.14230901,-0.14196202,-0.10179582,-0.15251721,-0.16088353,-0.18014571,-0.19389676,-0.120878175,-0.14670286,-0.113793835,-0.08016825,-0.14224073,-0.20725825,-0.16040246,-0.125103,-0.15657571,-0.15690626,-0.14319861,-0.19202894,-0.16197743,-0.18103343,-0.2963242,-0.19753237,-0.18010047,-0.17098963,-0.191885,-0.15678255,-0.14054683,-0.12995486,-0.12557748,-0.13790059,-0.1628262,-0.30584824,-0.16615632,-0.180269,-0.19189341,-0.11441202,-0.1498235,-0.1401461,-0.17708892,-0.16612065,-0.16381349,-0.14331086,-0.18237996,-0.1282227,-0.1526151,-0.13680673,-0.24156228,-0.17912315,-0.10311725,-0.13489908,-0.1412467,-0.1735784,-0.110231385,-0.13411719,-0.15143245,-0.15923254,-0.18116088,-0.15316398,-0.14846547,-0.19184028,-0.17468059,-0.16330162,-0.14723541,-0.14623587,-0.11499533,-0.10471026,-0.13436328,-0.20148799,-0.17628963,-0.12513243,-0.1654104,-0.18041904,-0.18738703,-0.11705899,-0.17519537,-0.25786614,-0.09260872,-0.09225256,-0.11464507,-0.13539037,-0.14728567,-0.098423794,-0.18792321
k__Bacteria|p__Bacteroidetes|c__Bacteroidia|o__Bacteroidales|f__Bacteroidaceae|g__Phocaeicola|s__Phocaeicola_dorei,-0.1004395,-0.12316422,-0.14149493,-0.20428483,-0.16743091,-0.19379362,-0.1666669,-0.14499936,-0.12502697,-0.18371023,-0.18314525,-0.2229943,-0.16952896,-0.20430219,-0.10297078,-0.09891539,-0.058144663,-0.09912843,-0.10771008,-0.17086574,-0.1978925,-0.12536043,-0.13627577,-0.15237188,-0.17167868,-0.11658599,-0.1676178,-0.17398904,-0.1509206,-0.12124001,-0.13500005,-0.10568242,-0.14820862,-0.19580841,-0.18914628,-0.2175087,-0.1614359,-0.22338755,-0.19733441,-0.29867563,-0.29210672,-0.19804752,-0.107112125,-0.09162698,-0.13691942,-0.15485239,-0.23188588,-0.19390225,-0.14679492,-0.2026537,-0.18472922,-0.18279888,-0.19740626,-0.19807205,-0.20191687,-0.15730515,-0.12560576,-0.14370427,-0.092037134,-0.0954864,-0.17148016,-0.1422706,-0.13743341,-0.14688891,-0.12719077,-0.15135874,-0.2613474,-0.22333384,-0.18934418,-0.20047067,-0.14567775,-0.14932291,-0.13066098,-0.14253438,-0.15056247,-0.164072,-0.14686644,-0.16278498,-0.15979889,-0.14998752,-0.1472567,-0.15713754,-0.15320645,-0.22480208,-0.120334074,-0.14136209,-0.118119776,-0.16101414,-0.17417574,-0.15565139,-0.16818255,-0.11139822,-0.1388583,-0.13027036,-0.12855557,-0.15152657,-0.142592,-0.11532645,-0.10065024,-0.09014119,-0.10519253,-0.12037122,-0.13490355,-0.15027548,-0.1604003,-0.1185138,-0.11129953,-0.1578567,-0.17738779,-0.13357417,-0.16396953,-0.25953975,-0.148705,-0.13256408,-0.14136636,-0.15095688,-0.17780018,-0.16384196,-0.22917573,-0.09015879,-0.10983053,-0.13455847,-0.12949458,-0.13997786,-0.17373554,-0.13908121,-0.16057305,-0.12777606,-0.07092635,-0.03704006,-0.13683897,-0.16212206,-0.17884946,-0.14332479,-0.12334781,-0.13578346,-0.12023825,-0.1380122,-0.25318068,-0.26654312,-0.08338862,-0.10945694,-0.14430568,-0.09238048,-0.1877504,-0.19023181,-0.15279967,-0.09014644,-0.13230102,-0.14943063,-0.15024242,-0.15899837,-0.170699,-0.18391839,-0.0877432,-0.12351794,-0.14104739,-0.10256614,-0.17951453,-0.19495486,-0.1913136,-0.09992184,-0.13113372,-0.07899783,-0.12745607,-0.19006202,-0.19366038,-0.19174679,-0.12315016,-0.07548537,-0.09701585,-0.118215024,-0.13625377,-0.12406494,-0.121451,-0.09428413,-0.096325904,-0.10822761,-0.082459606,-0.11254827,-0.13204356,-0.16701148,-0.1410757,-0.13631025,-0.18093297,-0.17825818,-0.19434528,-0.14457384,-0.15549555,-0.13526364,-0.119081676,-0.14001076,-0.19117098,-0.19143525,-0.18170848,-0.19755594,-0.25103784,-0.20219928,-0.19057877,-0.19134267,-0.18259871,-0.17390618,-0.27554205,-0.08916744,-0.11956477,-0.12769356,-0.15751183,-0.20931396,-0.18224281,-0.29657933,-0.32474133,-0.15105328,-0.3242122,-0.17325558,-0.17108874,-0.2185038,-0.17647925,-0.114121355,-0.13993716,-0.15388772,-0.15788373,-0.22984435,-0.18186735,-0.25581938,-0.10422232,-0.12455491,-0.13837302,-0.12403473,-0.15189947,-0.15494218,-0.15620321,-0.14014931,-0.15141064,-0.1631403,-0.15538985,-0.15354922,-0.15294686,-0.13377419,-0.12299836,-0.14641777,-0.1903697,-0.17689806,-0.21025829,-0.3990198,-0.20098755,-0.113237895,1.2466433,-0.118184246,-0.14772557,6.68497,-0.18670006,-0.19188821,-0.13136542,-0.07681921,-0.15294948,-0.13976869,-0.14106366,-0.11733846,-0.19987361,1.4204774,-0.15882373,-0.14129102,-0.123366,-0.12722544,-0.14610182,-0.2588673,-0.10699765,-0.13074079,-0.09132757,-0.12832497,-0.12900415,-0.14971092,-0.15180846,-0.09609139,-0.08910369,-0.12403937,-0.11036617,-0.13767184,-0.15072832,-0.1703253,-0.14288765,-0.11633633,-0.17378592,-0.15180841,-0.14215867,-0.12527919,-0.14185485,-0.17466888,-0.13176009,-0.13223083,-0.14557289,-0.122793406,-0.08722703,-0.05825615,-0.14317301,-0.17082691,-0.026243303,-0.16639724,-0.2829064,-0.31316653,-0.19752467,-0.14560468,-0.14331596,-0.14862512,-0.12963767,-0.25088155,-0.19424137,-0.18879864,-0.0944058,-0.10919355,-0.10702289,-0.09335576,-0.12759323,-0.1526277,-0.15746465,-0.16713107,-0.12812386,-0.0969081,-0.16398169,-0.14345868,-0.11335766,-0.18846886,2.1324034,-0.15402882,-0.12580472,-0.115196005,-0.112642005,-0.11662802,-0.17602983,-0.13836826,-0.13431047,-0.096878245,-0.12084041,-0.09145905,-0.12434345,-0.13568142,-0.063823454,-0.13877153,-0.11419349,-0.13346043,-0.24483351,-0.2571875,-0.29957527,-0.1461347,-0.1567648,-0.13213585,-0.19104545,-0.0782174,-0.17250274,-0.16416113,-0.09859173,-0.11065883,-0.11434582,-0.076612435,-0.083404,-0.1213824,-0.13072303,-0.13855581,-0.19385117,-0.09910594,-0.15567163,-0.19487974,-0.1914418,-0.18701184,-0.11113033,-0.14293554,-0.103009425,-0.15928918,-0.19435628,-0.17237522,-0.16918388,-0.14271107,-0.14242432,-0.101554915,-0.15301487,-0.16157329,-0.18102653,-0.19515172,-0.12110609,-0.14714155,-0.11369783,-0.07992701,-0.1425656,-0.20725825,-0.1611114,3.3035474,-0.15657571,-0.15690626,-0.14360629,-0.19202894,-0.16273092,-0.1821739,-0.2963242,-0.1984594,-0.18097506,-0.17161247,-0.1930362,-0.15720463,-0.14054683,-0.13022459,-0.12557748,-0.1381602,-0.16338462,-0.30584824,-0.16702168,-0.18136737,-0.19306225,-0.11441202,-0.15025884,-0.14050569,-0.17803276,-0.16700238,-0.16463569,-0.14331086,-0.18237996,-0.12844746,-0.15318432,-0.13700178,-0.24156228,-0.17992064,-0.103101015,-0.13513952,-0.14189976,-0.17446578,-0.11030419,-0.13441536,-0.1522305,-0.15991369,-0.18221077,-0.15410928,-0.14916657,-0.19184028,-0.17564225,-0.16424206,-0.14723541,-0.14623587,-0.11499533,-0.10471026,-0.13465238,-0.20148799,-0.17730445,-0.12513243,-0.16594648,-0.18041904,-0.18738703,-0.11705899,-0.17640865,-0.25982773,-0.09237899,-0.092056185,-0.11460331,-0.1357659,-0.14784,-0.09830232,-0.18915819
k__Bacteria|p__Bacteroidetes|c__Bacteroidia|o__Bacteroidales|f__Prevotellaceae|g__Prevotella|s__Prevotella_copri_clade_A,-0.1004395,-0.12316422,-0.141458,-0.20428483,-0.1661324,-0.19236915,-0.1666669,-0.14494571,-0.12512732,-0.1826806,-0.18218586,-0.22339767,-0.16838801,-0.20303899,-0.10373449,-0.09991796,-0.058144663,-0.10048072,-0.10818905,-0.17021212,-0.1978925,-0.12536043,-0.13634911,-0.15209636,-0.17074616,-0.11658599,-0.1668148,-0.17328471,-0.1509206,-0.12124001,-0.13516648,-0.10612183,-0.14812207,-0.19441245,-0.1881582,-0.2175087,-0.16016658,-0.22338755,-0.1957211,-0.29867563,-0.29210672,-0.1968895,-0.107733205,-0.09162698,-0.13691942,-0.15461676,-0.23188588,-0.19257209,-0.14632154,-0.2026537,-0.18257919,3.952813,-0.19584481,-0.19704257,-0.20196311,-0.15735963,-0.12593094,-0.14366359,-0.09309892,-0.096364066,-0.17057623,-0.1423699,-0.13743341,-0.14675026,-0.12719077,-0.15096857,-0.2613474,-0.22333384,-0.1876319,-0.20047067,-0.14556961,-0.14897409,-0.13080308,-0.14260268,-0.15057701,-0.16356076,-0.14633244,-0.16278498,-0.15879549,-0.14998752,-0.14695582,-0.15661676,-0.15296352,-0.22480208,-0.120334074,-0.14142184,-0.118648514,-0.16054961,-0.17330891,-0.15524215,-0.16740182,-0.11139822,-0.1388583,-0.13027036,-0.12880015,-0.15152657,-0.14246053,-0.11590934,-0.10065024,-0.09128258,-0.10604692,-0.120784044,-0.1350216,-0.15027548,-0.15992163,-0.1185138,-0.11129953,-0.1578567,-0.17738779,-0.13377024,-0.16327323,-0.25953975,-0.14843222,-0.13264936,-0.14150831,-0.15095688,-0.17780018,-0.16299158,-0.22917573,-0.09015879,-0.110654384,-0.13477887,-0.12977013,-0.13997786,-0.17295629,-0.13908121,-0.16057305,-0.12777606,-0.07092635,-0.03704006,-0.13707922,-0.1616413,-0.17808431,-0.14332479,-0.12334781,-0.1357204,-0.12023825,-0.1382365,-0.25318068,-0.26654312,-0.08447556,-0.10945694,-0.14438048,-0.09238048,-0.18675107,-0.18912444,-0.15257402,-0.09113402,-0.13230102,-0.14929095,-0.15002242,-0.15849951,-0.16982324,-0.18285754,-0.088751696,-0.12407239,-0.1410837,-0.10256614,-0.17951453,-0.19495486,-0.19007997,-0.1007904,-0.13113372,-0.08068219,-0.12796223,-0.19006202,-0.19208722,-0.19054165,-0.12379934,-0.07643551,-0.09786231,-0.118787184,-0.13654602,-0.12406494,-0.121451,-0.09530552,-0.09735587,-0.10902102,-0.082459606,-0.11328383,-0.13237122,-0.16655953,-0.1410757,-0.13629042,-0.18093297,-0.17825818,-0.19292502,-0.14452125,-0.15549555,-0.13549848,-0.119081676,-0.14001076,-0.19117098,-0.18994197,-0.18045363,-0.19755594,-0.25103784,-0.20219928,-0.18895511,-0.18987103,-0.18154997,-0.17305842,-0.27554205,-0.08916744,-0.11956477,-0.12799388,-0.15751183,-0.20931396,-0.18224281,-0.29657933,2.984947,-0.15288548,4.368601,-0.17325558,-0.17108874,-0.2185038,2.3519175,-0.114121355,-0.13974841,-0.15388772,-0.15788373,-0.22984435,-0.18186735,-0.25334108,-0.10497098,-0.12455491,-0.13845415,-0.12436673,-0.15189947,-0.15474832,-0.15586257,-0.14014931,-0.15141064,-0.16261195,-0.1548368,-0.1532074,-0.15273775,-0.13392143,-0.12324211,-0.14605393,-0.18920858,-0.1762219,-0.21025829,-0.3990198,-0.2015216,-0.11386368,-0.1296617,-0.11886522,-0.14770561,-0.16636807,-0.18566878,-0.19045001,-0.13172233,-0.07771684,-0.1527872,-0.13964166,-0.14106366,-0.1186243,-0.19987361,-0.1649412,-0.15813279,-0.14143652,-0.123783365,-0.12722544,-0.14610182,-0.2588673,-0.107824765,-0.13074079,-0.09132757,-0.12832497,-0.12931553,-0.14948338,-0.15155703,-0.0970442,-0.08910369,-0.12456337,-0.11096047,-0.13783067,-0.15048966,-0.16972098,-0.14279112,-0.116730586,-0.17321873,-0.15154076,-0.14226128,-0.1255469,-0.14183143,-0.17466888,-0.13176009,-0.13231592,-0.14558111,-0.12316463,-0.08722703,-0.05825615,-0.14338858,-0.17082691,-0.026243303,-0.1659896,-0.2829064,-0.31316653,-0.1972184,-0.145491,-0.14331596,-0.14862512,-0.12963767,-0.25088155,-0.19254011,-0.18751094,-0.095419705,-0.10981117,-0.10702289,-0.09464417,-0.12759323,-0.15269172,-0.15746465,-0.16642544,-0.12812386,-0.0969081,-0.16398169,-0.14356908,-0.11335766,-0.18846886,-0.1706479,-0.15350944,-0.1259594,-0.115196005,-0.11337157,-0.11662802,-0.17529744,-0.13843271,-0.1343978,-0.096878245,-0.12136094,-0.092575416,-0.12434345,-0.13593432,-0.063823454,-0.13877153,-0.11419349,-0.13383366,-0.24483351,-0.2571875,3.6331089,-0.14597753,-0.15632552,-0.13224554,-0.19104545,-0.0782174,-0.1716412,-0.16374357,-0.09859173,-0.11065883,-0.115131214,-0.076612435,-0.083404,-0.1213824,-0.13072303,-0.13855581,-0.19385117,-0.09973506,-0.15524632,-0.19487974,-0.18988124,-0.18586962,-0.11169304,-0.14287853,-0.10362002,-0.15883902,-0.19281621,-0.17230403,-0.16812517,-0.14266303,-0.14237075,-0.10236947,-0.15293853,-0.16101259,-0.17999879,-0.19364303,-0.12149577,-0.14714764,-0.114181444,-0.08109024,-0.1429203,-0.20725825,-0.16026834,-0.125103,-0.15657571,-0.15690626,-0.14343838,-0.19202894,-0.16201255,-0.18112233,-0.2963242,-0.1963256,-0.18011694,-0.17081016,-0.191739,-0.15703528,-0.14054683,-0.13041216,-0.12557748,-0.13826641,-0.16261345,-0.30584824,-0.16617683,-0.18014872,-0.1914437,-0.11441202,-0.15034868,-0.140439,-0.17718568,-0.16623703,-0.16396788,-0.14331086,-0.18237996,-0.12836884,-0.15301651,-0.13739976,6.9848776,-0.1784774,-0.103806525,-0.13522297,-0.14182903,-0.17368354,-0.11074643,-0.13458109,-0.15184867,-0.15946582,-0.18079005,-0.15384161,-0.1488103,-0.19184028,-0.17452808,-0.16364105,-0.14723541,-0.14623587,-0.11499533,-0.10471026,-0.13509867,-0.20148799,-0.1762321,6.9489994,-0.16512056,5.776386,6.037007,2.0637484,-0.17578217,-0.2562032,-0.093348786,-0.09307815,-0.11512321,-0.13601008,-0.1477296,-0.09915449,-0.18779887
k__Bacteria|p__Bacteroidetes|c__Bacteroidia|o__Bacteroidales|f__Bacteroidaceae|g__Bacteroides|s__Bacteroides_ovatus,-0.1004395,-0.12316422,-0.14132628,-0.20428483,-0.16636416,-0.19254795,-0.1666669,-0.14468142,-0.12479438,-0.18325968,-0.18157026,-0.22292462,-0.1690531,-0.20322967,-0.10299043,-0.099238224,-0.058144663,-0.09969021,-0.10755615,-0.17038006,-0.1978925,-0.12536043,-0.13591903,-0.15184343,-0.1709105,-0.11658599,-0.16699654,-0.17340726,-0.1509206,-0.12124001,-0.1348463,-0.10552101,-0.14789335,-0.19488603,-0.1885607,-0.2175087,-0.16017303,-0.22338755,-0.196563,-0.29867563,-0.29210672,-0.19746454,-0.10714869,-0.09162698,-0.13691942,-0.15464288,-0.23188588,-0.19313568,-0.14610025,-0.2026537,-0.18295133,-0.18279888,-0.19621812,-0.19678657,-0.20216373,-0.15785325,-0.12547497,-0.14340937,-0.09212994,-0.09565887,-0.17069072,-0.14191078,-0.13743341,-0.14646077,-0.12719077,-0.1510738,-0.2613474,-0.22333384,-0.18809819,-0.20047067,-0.14527494,-0.14878093,-0.13040103,-0.14233586,-0.15033442,-0.16348813,-0.14627019,-0.16278498,-0.15862207,-0.14998752,-0.14688177,-0.1564549,-0.15277088,-0.22480208,-0.120334074,-0.1411803,-0.11812848,-0.16052687,-0.17339614,-0.15497869,-0.16765049,-0.11139822,-0.1388583,-0.13027036,-0.12850708,-0.15152657,-0.14225426,-0.11539559,-0.10065024,-0.0904946,-0.105473384,-0.12039408,-0.13476172,-0.15027548,-0.1599374,-0.1185138,-0.11129953,-0.1578567,-0.17738779,-0.13308355,-0.16353825,-0.25953975,-0.14825282,-0.13218662,-0.14119548,-0.15095688,-0.17780018,-0.16306004,-0.22917573,-0.09015879,-0.1100373,-0.13433993,-0.12929164,-0.13997786,-0.1730583,-0.13908121,-0.16057305,-0.12777606,-0.07092635,-0.03704006,-0.13697807,-0.16164595,-0.17826557,-0.14332479,-0.12334781,-0.13548878,-0.12023825,-0.13796717,-0.25318068,-0.26654312,-0.083585165,-0.10945694,-0.14416537,-0.09238048,-0.18719251,-0.18950409,-0.15252739,-0.09033425,-0.13230102,-0.1491457,-0.14983669,-0.15843357,-0.16997007,-0.1831967,-0.08787847,-0.12356445,-0.14063509,-0.10256614,-0.17951453,-0.19495486,-0.19039604,-0.10010965,-0.13113372,-0.07960253,-0.12795207,-0.19006202,-0.19254017,-0.19089691,-0.1232006,-0.07545702,-0.09713327,-0.118356586,-0.13623951,-0.12406494,-0.121451,-0.0944234,-0.09661779,-0.1084481,-0.082459606,-0.11278194,-0.13213223,-0.16670236,-0.1410757,-0.13604675,-0.18093297,-0.17825818,-0.19325826,-0.14440483,-0.15549555,-0.13516691,-0.119081676,-0.14001076,-0.19117098,-0.19029534,-0.1805295,-0.19755594,5.4808817,-0.20219928,-0.18927023,-0.1903289,-0.18186307,-0.17327598,4.241745,-0.08916744,-0.11956477,-0.12774071,-0.15751183,-0.20931396,-0.18224281,-0.29657933,-0.32474133,-0.1524632,-0.3242122,-0.17325558,-0.17108874,-0.2185038,-0.17647925,-0.114121355,-0.139507,-0.15388772,-0.15788373,-0.22984435,-0.18186735,-0.25468794,-0.104240425,-0.12455491,-0.13823175,-0.12407575,-0.15189947,-0.15455845,-0.15580124,-0.14014931,-0.15141064,-0.16252173,-0.1547159,-0.15292922,-0.15258303,-0.1336748,-0.1228135,-0.14590952,-0.1893754,-0.17597237,-0.21025829,-0.3990198,-0.20219858,-0.11331633,3.4674592,-0.118349805,-0.14764102,4.3143034,-0.18601105,-0.19097064,-0.13134232,-0.0767525,-0.15284017,-0.13951832,-0.14106366,-0.11784959,-0.19987361,-0.1649412,-0.15796928,-0.1409891,-0.12340648,-0.12722544,-0.14610182,-0.2588673,-0.107202426,-0.13074079,-0.09132757,-0.12832497,-0.12896958,-0.14935,-0.15145211,-0.09625719,-0.08910369,-0.124163404,-0.11048403,-0.13759917,-0.15039884,-0.16986594,-0.14253914,-0.11621669,-0.17336255,-0.15138274,-0.1419811,-0.12502924,-0.14173818,-0.17466888,-0.13176009,-0.13191485,-0.14534682,-0.12271075,-0.08722703,-0.05825615,-0.14304666,-0.17082691,-0.026243303,-0.16650808,-0.2829064,-0.31316653,-0.19718868,-0.14523363,-0.14331596,-0.14862512,-0.12963767,-0.25088155,-0.19298682,-0.18781161,-0.09451534,-0.10924101,1.7246594,-0.093762964,1.0061682,-0.15259176,-0.15746465,-0.16642728,-0.12812386,-0.0969081,-0.16398169,-0.14343145,-0.11335766,-0.18846886,-0.1706479,-0.15327288,-0.12539715,-0.115196005,-0.112751484,-0.11662802,-0.17552438,-0.1380913,-0.1340188,-0.096878245,-0.12088382,-0.091846816,-0.12434345,-0.13562818,-0.063823454,-0.13877153,-0.11419349,-0.13357657,-0.24483351,-0.2571875,-0.29957527,-0.1457293,-0.15615025,-0.13191473,-0.19104545,5.9176607,-0.17157799,-0.16388106,-0.09859173,-0.11065883,-0.11451395,-0.076612435,-0.083404,-0.1213824,-0.13072303,-0.13855581,-0.19385117,-0.09877288,-0.15538016,-0.19487974,-0.19032042,-0.18622056,-0.111165375,-0.14260542,-0.10288744,-0.15893349,-0.19319642,-0.1722014,-0.16863409,-0.14239389,-0.14207749,-0.10158428,-0.15287665,-0.16107884,-0.1802192,-0.19432063,-0.12101675,-0.14698744,-0.113688536,-0.08019045,-0.14285067,2.0267694,-0.16025624,2.7064195,-0.15657571,-0.15690626,-0.14319682,-0.19202894,-0.16205396,-0.1813365,-0.2963242,-0.1967912,-0.18059193,-0.17127116,-0.19210681,-0.15705165,-0.14054683,-0.13003293,-0.12557748,-0.13796003,-0.16299972,-0.30584824,-0.1658337,-0.1804859,-0.19194724,-0.11441202,-0.15033594,-0.1403853,-0.17734967,-0.16633192,-0.16405667,-0.14331086,-0.18237996,-0.12796515,-0.15271038,-0.13701521,7.392277,-0.17889392,-0.10315795,-0.13489151,-0.14155528,-0.17391357,-0.11014676,-0.13429713,-0.15197691,-0.15941721,-0.18099847,-0.15366885,-0.14881378,-0.19184028,-0.17463878,-0.16359363,-0.14723541,-0.14623587,-0.11499533,-0.10471026,-0.13489401,-0.20148799,-0.17639518,-0.12513243,-0.16511247,-0.18041904,-0.18738703,-0.11705899,-0.17578533,-0.25820068,-0.09256317,-0.09229172,-0.114645645,-0.13575813,-0.14754298,-0.09840034,-0.1884603
k__Bacteria|p__Bacteroidetes|c__Bacteroidia|o__Bacteroidales|f__Bacteroidaceae|g__Bacteroides|s__Bacteroides_uniformis,-0.1004395,-0.12316422,-0.14105028,-0.20428483,-0.16631389,-0.19235879,-0.1666669,-0.14488143,-0.12506177,-0.18309823,-0.1830444,-0.21703838,-0.16894618,-0.20102963,-0.10288481,-0.098638244,-0.058144663,-0.09960556,-0.107696995,-0.17009713,-0.1978925,-0.12536043,-0.13623883,-0.15203933,-0.17061141,-0.11658599,-0.16720253,-0.17326346,-0.1509206,-0.12124001,-0.13506843,-0.10541999,-0.14807004,-0.1941559,-0.1880025,-0.2175087,-0.16035594,-0.22338755,-0.19544066,-0.29867563,-0.29210672,-0.19597173,-0.106936835,-0.09162698,-0.13691942,-0.15457359,-0.23188588,-0.19261831,-0.14614035,-0.2026537,-0.1836851,-0.18279888,-0.19556469,-0.19618173,-0.19936515,-0.15724152,-0.1254121,-0.1432995,-0.09239173,-0.095540956,-0.17074427,-0.14214006,-0.13743341,-0.1465948,-0.12719077,-0.15107492,-0.2613474,-0.22333384,-0.18778898,-0.20047067,-0.1452716,-0.14891256,-0.13023353,-0.14221245,-0.15017556,-0.16348898,-0.14632326,-0.16278498,-0.15911128,-0.14998752,-0.14699155,-0.15661739,-0.15284345,-0.22480208,-0.120334074,-0.14124468,-0.11816117,-0.16049996,-0.17339179,-0.15517181,-0.16758698,-0.11139822,-0.1388583,-0.13027036,-0.12850288,-0.15152657,-0.14273758,-0.115514204,-0.10065024,-0.09055297,-0.10531312,-0.12011099,-0.13464266,-0.15027548,-0.15993427,-0.1185138,-0.11129953,-0.1578567,-0.17738779,-0.13311258,-0.1630575,-0.25953975,-0.14842254,-0.13246146,-0.14110854,-0.15095688,-0.17780018,-0.1629171,-0.22917573,-0.09015879,-0.11043274,-0.13453037,-0.12933615,-0.13997786,-0.17311585,-0.13908121,-0.16057305,-0.12777606,-0.07092635,-0.03704006,-0.13681716,-0.16157193,-0.17823291,-0.14332479,-0.12334781,-0.13574603,-0.12023825,-0.13792431,-0.25318068,-0.26654312,-0.08360243,-0.10945694,-0.1439994,-0.09238048,-0.18707804,-0.18912807,-0.15251194,-0.090296134,-0.13230102,-0.14927848,-0.14989129,-0.15836957,-0.16980384,-0.18275928,-0.087835446,-0.123377785,-0.14066958,-0.10256614,-0.17951453,-0.19495486,-0.18987487,-0.10006317,-0.13113372,-0.07902721,-0.12737796,-0.19006202,-0.19203609,-0.19053717,-0.123307995,-0.075544894,-0.096969716,-0.11816819,-0.13628769,-0.12406494,-0.121451,-0.0943598,-0.09656979,-0.10831803,-0.082459606,-0.11265524,-0.13206303,-0.16646881,-0.1410757,-0.136233,-0.18093297,-0.17825818,-0.19278482,-0.14407761,-0.15549555,-0.13498169,-0.119081676,-0.14001076,-0.19117098,-0.18977371,-0.18052965,-0.19755594,-0.25103784,-0.20219928,-0.18957005,-0.19016287,-0.1817239,-0.17304245,-0.27554205,-0.08916744,-0.11956477,-0.12798215,-0.15751183,-0.20931396,-0.18224281,-0.29657933,3.2406776,-0.15347256,3.4407272,3.1381946,-0.17108874,3.5596805,-0.17647925,-0.114121355,-0.13974406,-0.15388772,-0.15788373,-0.22984435,-0.18186735,-0.25064778,-0.10426447,-0.12455491,-0.13835824,-0.12396026,-0.15189947,-0.15458848,-0.15571205,-0.14014931,-0.15141064,-0.16257402,-0.15490502,-0.15313919,-0.15256554,-0.13349947,-0.12304894,-0.1462698,-0.18957672,-0.17628719,-0.21025829,-0.3990198,-0.1997184,-0.113332585,2.2349465,-0.118105516,-0.14766523,4.358003,-0.18584356,-0.19057763,-0.13150278,-0.07683289,-0.15244533,-0.13949017,-0.14106366,-0.1182396,-0.19987361,1.3684982,-0.158492,-0.14100274,-0.12337154,-0.12722544,-0.14610182,-0.2588673,-0.10712128,-0.13074079,-0.09132757,-0.12832497,-0.12900783,-0.14956671,-0.15140937,-0.0962324,-0.08910369,-0.12402436,-0.11037204,-0.13751847,-0.15044108,-0.16948685,-0.14259061,-0.11660698,-0.17327523,-0.15153919,-0.1420577,-0.12508789,-0.14183494,-0.17466888,-0.13176009,-0.13199036,-0.14541706,-0.122545466,-0.08722703,-0.05825615,-0.14322138,-0.17082691,-0.026243303,-0.16555883,-0.2829064,-0.31316653,-0.1962881,-0.14532916,-0.14331596,-0.14862512,-0.12963767,-0.25088155,-0.19224286,-0.18750001,-0.09479545,-0.10916935,1.7711401,-0.09346275,2.6820598,-0.15268888,6.7670317,-0.16645412,-0.12812386,-0.0969081,-0.16398169,-0.1432243,-0.11335766,-0.18846886,-0.1706479,-0.1535204,-0.12551118,-0.115196005,-0.11266522,-0.11662802,-0.17539507,-0.13808094,-0.13394529,-0.096878245,-0.120673545,-0.091784105,-0.12434345,-0.13597171,-0.063823454,-0.13877153,-0.11419349,-0.1334818,-0.24483351,-0.2571875,-0.29957527,-0.14569198,-0.15628643,-0.13170254,-0.19104545,5.666494,-0.171402,-0.16370326,-0.09859173,-0.11065883,-0.1149338,-0.076612435,-0.083404,-0.1213824,-0.13072303,-0.13855581,-0.19385117,-0.098715104,-0.15503761,-0.19487974,-0.1901236,-0.18576965,-0.11112742,-0.14278895,-0.102994815,-0.15866192,-0.19282965,-0.17181411,-0.16828749,-0.14243832,-0.14202145,-0.10172203,-0.15278804,-0.1611024,-0.18024334,-0.19362578,-0.12102625,-0.14693668,-0.113925196,-0.08036032,-0.14212462,-0.20725825,-0.16022769,-0.125103,-0.15657571,-0.15690626,-0.14330837,-0.19202894,-0.16202047,-0.18126069,-0.2963242,-0.19582395,-0.18014242,-0.1710186,-0.19168678,-0.15683588,-0.14054683,-0.12998015,-0.12557748,-0.1379088,-0.1622655,-0.30584824,-0.16632837,-0.18021531,-0.19180362,-0.11441202,-0.15017618,-0.1402359,-0.17726403,-0.16613433,-0.16398028,-0.14331086,-0.18237996,-0.1280581,-0.15304795,-0.13660383,-0.24156228,-0.17876834,-0.10307135,-0.13513069,-0.14148201,-0.17358111,-0.11033131,-0.1342768,-0.15180027,-0.15932298,-0.18113732,-0.15343824,-0.14837071,-0.19184028,-0.17459092,-0.163672,-0.14723541,-0.14623587,-0.11499533,-0.10471026,-0.13465075,-0.20148799,-0.1763041,-0.12513243,-0.1657185,-0.18041904,-0.18738703,-0.11705899,-0.17572173,-0.25574917,-0.09243533,-0.09231599,-0.11458142,-0.13557509,-0.14738451,-0.09848164,-0.18792087
k__Bacteria|p__Bacteroidetes|c__Bacteroidia|o__Bacteroidales|f__Tannerellaceae|g__Parabacteroides|s__Parabacteroides_distasonis,-0.1004395,-0.12316422,-0.14112492,-0.20428483,-0.16601048,-0.19162382,-0.1666669,-0.14458853,-0.124937974,-0.18216945,-0.18182576,-0.22056557,-0.16719425,-0.2018606,-0.10340296,-0.09948331,-0.058144663,-0.100193545,-0.10797394,-0.16970596,-0.1978925,-0.12536043,-0.13604121,-0.1516476,-0.17013395,-0.11658599,-0.16651297,-0.17271122,-0.1509206,-0.12124001,-0.1348539,-0.10583955,-0.14768967,-0.19359432,-0.18727162,-0.2175087,-0.16009809,-0.22338755,-0.19500795,-0.29867563,-0.29210672,-0.19571874,-0.107415736,-0.09162698,-0.13691942,-0.15427363,-0.23188588,-0.19207358,-0.14582169,-0.2026537,-0.18284659,1.0601934,-0.19521186,-0.19575343,-0.1999941,-0.15646611,-0.1255444,-0.14316761,-0.092896804,-0.09610459,-0.17009145,-0.14193693,-0.13743341,-0.1463289,-0.12719077,-0.15059972,5.6112304,-0.22333384,-0.1872755,-0.20047067,-0.14510283,-0.14856437,-0.1303265,-0.14210024,-0.14987475,-0.16310883,-0.14582285,-0.16278498,-0.15870711,-0.14998752,-0.14658542,-0.15621938,-0.15251441,3.3760786,-0.120334074,-0.14100172,-0.11834893,-0.16007915,-0.17277282,-0.15486424,-0.16684207,-0.11139822,-0.1388583,-0.13027036,-0.1284102,-0.15152657,-0.14222567,-0.1156226,-0.10065024,-0.09105618,-0.105668366,-0.12038419,-0.13459599,-0.15027548,-0.1594104,-0.1185138,-0.11129953,-0.1578567,-0.17738779,-0.13322198,-0.16274273,-0.25953975,-0.14808443,-0.132317,-0.14100805,-0.15095688,-0.17780018,-0.16272569,-0.22917573,-0.09015879,-0.11052008,-0.1344158,-0.12931147,-0.13997786,-0.17249812,-0.13908121,-0.16057305,-0.12777606,-0.07092635,-0.03704006,-0.13681474,-0.16107696,-0.17753497,-0.14332479,-0.12334781,-0.13543685,-0.12023825,-0.13764586,-0.25318068,-0.26654312,-0.084289245,-0.10945694,-0.14369653,-0.09238048,-0.18619995,-0.1885282,-0.15205052,-0.09092637,-0.13230102,-0.14888981,-0.14961563,-0.15801804,-0.16932915,-0.18201469,-0.088567495,-0.12370807,-0.1406514,-0.10256614,-0.17951453,-0.19495486,-0.18921423,-0.10051419,-0.13113372,-0.08011469,-0.12736487,-0.19006202,-0.19142953,-0.1898205,-0.12343287,-0.0763762,-0.09757027,-0.11838883,-0.13608715,-0.12406494,-0.121451,-0.09501302,-0.09703061,-0.10863501,-0.082459606,-0.11286576,-0.13190694,-0.1659787,-0.1410757,-0.13603759,-0.18093297,-0.17825818,-0.19215302,-0.14398417,-0.15549555,-0.13498099,-0.119081676,-0.14001076,-0.19117098,-0.18938306,-0.18005231,-0.19755594,-0.25103784,-0.20219928,-0.18859805,-0.18945888,-0.18093015,-0.17255324,4.362299,-0.08916744,-0.11956477,-0.12775195,-0.15751183,-0.20931396,-0.18224281,-0.29657933,4.005471,-0.15251048,4.874652,3.0813537,-0.17108874,5.3693333,-0.17647925,-0.114121355,-0.1395202,-0.15388772,-0.15788373,-0.22984435,-0.18186735,-0.25101447,-0.10467836,-0.12455491,-0.13809815,-0.12398249,-0.15189947,-0.15421945,-0.15529834,-0.14014931,-0.15141064,-0.1620549,-0.15453735,-0.15275593,-0.15226638,-0.13340342,-0.122927405,-0.14576961,-0.18849401,-0.17568581,-0.21025829,-0.3990198,-0.19975242,-0.11353964,1.7205112,-0.11841977,-0.14719415,-0.16636807,-0.18507153,-0.18980527,-0.13142544,-0.07749158,-0.15218185,-0.13922799,-0.14106366,-0.118365966,-0.19987361,-0.1649412,-0.15795496,-0.14092028,-0.12339039,-0.12722544,-0.14610182,-0.2588673,-0.10751497,-0.13074079,-0.09132757,-0.12832497,-0.12886679,-0.1491482,-0.15104857,-0.096769154,-0.08910369,-0.124103054,-0.11064671,-0.13741477,-0.15008147,-0.16900957,-0.14239813,-0.11651228,-0.17272362,-0.15113729,-0.14179605,-0.12521923,-0.14132978,-0.17466888,-0.13176009,-0.13185605,-0.14515206,-0.12271677,-0.08722703,-0.05825615,-0.14295897,-0.17082691,-0.026243303,-0.16570768,-0.2829064,-0.31316653,-0.1958852,-0.14505996,-0.14331596,-0.14862512,-0.12963767,-0.25088155,-0.1919096,-0.18677974,-0.095119596,-0.1095043,4.519535,-0.09401471,-0.12759323,-0.15223329,1.0464697,-0.16597442,-0.12812386,-0.0969081,-0.16398169,-0.14304835,-0.11335766,-0.18846886,-0.1706479,-0.15312906,-0.12559953,-0.115196005,-0.112875,-0.11662802,-0.17466992,-0.13800086,-0.13389304,-0.096878245,-0.12092683,-0.09225738,-0.12434345,-0.13562083,-0.063823454,-0.13877153,-0.11419349,-0.13339618,-0.24483351,-0.2571875,-0.29957527,-0.14553824,-0.1558437,-0.13177581,-0.19104545,-0.0782174,-0.1709927,-0.16320166,-0.09859173,-0.11065883,-0.11488497,-0.076612435,-0.083404,-0.1213824,-0.13072303,-0.13855581,-0.19385117,-0.09937148,-0.15484613,-0.19487974,-0.18937577,-0.18511818,-0.111380816,-0.14257948,-0.103311,-0.15829608,-0.19214876,-0.17141742,-0.16756466,-0.14227235,-0.14191362,-0.10214685,-0.15242398,-0.16065903,-0.17949653,-0.19286466,-0.12111466,-0.14669561,-0.113993645,-0.080929086,-0.14233324,-0.20725825,-0.1599024,-0.125103,-0.15657571,-0.15690626,-0.1431618,-0.19202894,-0.16160989,-0.1804283,-0.2963242,-0.1957376,-0.17944212,-0.17040929,-0.19107029,-0.15653624,-0.14054683,-0.13000636,-0.12557748,-0.13782427,-0.16201766,-0.30584824,-0.16588166,-0.1794318,-0.19094299,-0.11441202,-0.14977595,-0.14011723,-0.17668778,-0.16577467,-0.16339935,-0.14331086,-0.18237996,-0.1281115,-0.15258284,-0.13675122,-0.24156228,-0.17818639,-0.10350814,-0.13501185,-0.14132631,-0.17309454,-0.11047911,-0.13421953,-0.1512732,-0.15901041,-0.18047749,-0.15316606,-0.14830948,-0.19184028,-0.17410213,-0.16310328,-0.14723541,-0.14623587,-0.11499533,-0.10471026,-0.13455933,-0.20148799,-0.17567004,-0.12513243,-0.16507372,-0.18041904,-0.18738703,-0.11705899,-0.17487782,-0.25479382,-0.09310408,-0.09282467,-0.114833124,-0.13550222,-0.14718388,-0.09883715,-0.18709534
k__Bacteria|p__Bacteroidetes|c__Bacteroidia|o__Bacteroidales|f__Bacteroidaceae|g__Phocaeicola|s__Phocaeicola_vulgatus,-0.1004395,-0.12316422,-0.14102489,-0.20428483,-0.16546202,-0.19166693,-0.1666669,-0.14418778,-0.12437436,-0.18172896,-0.18142518,-0.22734702,-0.16855624,-0.20331576,-0.10316363,-0.09959699,-0.058144663,-0.0999278,-0.10785584,-0.16945013,-0.1978925,-0.12536043,-0.13572466,-0.15139908,-0.17024258,-0.11658599,-0.16575183,-0.17236568,-0.1509206,-0.12124001,-0.13426857,-0.105723634,-0.14742097,-0.19400649,-0.1874572,-0.2175087,-0.15964487,-0.22338755,-0.19531834,-0.29867563,-0.29210672,-0.19653168,-0.10708131,-0.09162698,-0.13691942,-0.15396911,-0.23188588,-0.19177005,-0.14567259,-0.2026537,-0.18132465,-0.18279888,-0.19553801,-0.19781701,-0.20342031,-0.15675092,-0.12538478,-0.14303377,-0.09251875,-0.09603323,-0.16977315,-0.14163047,-0.13743341,-0.14608791,-0.12719077,-0.15010977,7.7424936,-0.22333384,-0.18688312,3.2698565,-0.14490363,-0.14829,-0.13037804,-0.1422019,-0.15007968,-0.16283734,-0.1456106,-0.16278498,-0.15795816,-0.14998752,-0.14628822,-0.15602523,-0.15226331,-0.22480208,-0.120334074,-0.14077064,-0.11822562,-0.15971942,-0.17265247,-0.15468758,-0.1666629,6.575767,-0.1388583,2.9772527,-0.1281032,6.672916,-0.1414454,-0.115216695,-0.10065024,-0.090836465,-0.10554382,-0.12022427,-0.13443494,-0.15027548,-0.15905209,-0.1185138,-0.11129953,-0.1578567,-0.17738779,-0.13334626,-0.1629534,3.2355824,-0.14770508,-0.13207331,-0.14110813,-0.15095688,-0.17780018,-0.16228083,-0.22917573,-0.09015879,-0.10998103,-0.13412544,-0.12932613,-0.13997786,-0.172165,-0.13908121,-0.16057305,-0.12777606,-0.07092635,-0.03704006,-0.1363622,-0.16090414,-0.17722875,-0.14332479,-0.12334781,-0.13478369,-0.12023825,-0.13784504,-0.25318068,-0.26654312,-0.083969705,-0.10945694,-0.14369881,-0.09238048,-0.18581161,-0.1884613,-0.15197167,-0.0906468,-0.13230102,-0.1485999,-0.14939186,-0.15790075,-0.16915832,-0.18204734,-0.088332504,-0.123432875,-0.14042932,-0.10256614,-0.17951453,-0.19495486,-0.18949941,-0.10029054,-0.13113372,-0.08084069,-0.12770413,-0.19006202,-0.19148883,-0.18985663,-0.123049885,-0.07590844,-0.097312465,-0.118372776,-0.13591397,-0.12406494,-0.121451,-0.09491135,-0.09691517,-0.10837815,-0.082459606,-0.11272146,-0.13164815,-0.16563767,0.8089205,-0.1356551,-0.18093297,-0.17825818,-0.19246428,-0.1439195,-0.15549555,-0.13495257,-0.119081676,-0.14001076,-0.19117098,-0.18937838,-0.17972715,-0.19755594,-0.25103784,-0.20219928,-0.18796411,-0.1890977,-0.1808775,-0.17243382,-0.27554205,-0.08916744,-0.11956477,-0.12722702,-0.15751183,-0.20931396,-0.18224281,-0.29657933,2.5302968,-0.15167075,4.5975204,3.4187214,-0.17108874,4.8944182,2.592165,-0.114121355,-0.1390399,-0.15388772,-0.15788373,-0.22984435,-0.18186735,-0.2549013,-0.104524456,4.840588,-0.13768777,-0.12377432,-0.15189947,-0.15399969,-0.15501484,-0.14014931,-0.15141064,-0.16187404,-0.15416163,-0.15247121,-0.15212207,-0.13336115,-0.12269008,-0.14532061,-0.18856192,-0.17557693,-0.21025829,-0.3990198,-0.20122667,-0.113261476,-0.1296617,-0.11830476,-0.14715275,-0.16636807,-0.18466374,-0.18965073,-0.13101508,-0.0773164,-0.15209197,-0.1389806,-0.14106366,-0.11790147,-0.19987361,2.0065632,-0.15724665,-0.14088666,-0.12326202,-0.12722544,-0.14610182,-0.2588673,-0.10734544,-0.13074079,-0.09132757,-0.12832497,-0.1287379,-0.14873597,-0.15070868,-0.09651263,-0.08910369,-0.123952344,-0.110485874,-0.13722616,-0.14975487,-0.16906023,-0.14209536,-0.11602829,-0.17235252,-0.15078965,-0.14165223,-0.1250845,-0.14113802,-0.17466888,-0.13176009,-0.13168237,-0.14489114,-0.12261586,-0.08722703,-0.05825615,-0.14266601,-0.17082691,-0.026243303,-0.16489166,-0.2829064,-0.31316653,-0.19664711,-0.14486364,-0.14331596,-0.14862512,-0.12963767,-0.25088155,-0.19205755,-0.18673709,-0.094993025,-0.10919134,-0.10702289,-0.09444032,-0.12759323,-0.15187499,4.8427205,-0.16571397,-0.12812386,-0.0969081,-0.16398169,-0.14285499,-0.11335766,-0.18846886,-0.1706479,-0.15290824,-0.12530473,-0.115196005,-0.11302056,-0.11662802,-0.17425282,-0.13782535,-0.13380066,-0.096878245,-0.12084,-0.0921109,-0.12434345,-0.13500705,-0.063823454,-0.13877153,-0.11419349,-0.1332986,-0.24483351,-0.2571875,-0.29957527,-0.14539644,-0.155676,-0.13180439,-0.19104545,-0.0782174,-0.17081237,-0.16304076,-0.09859173,-0.11065883,-0.11422977,-0.076612435,-0.083404,-0.1213824,-0.13072303,-0.13855581,-0.19385117,-0.09948192,-0.15458578,8.296433,-0.18909073,-0.185218,-0.11113222,-0.14208004,-0.10301301,-0.15805987,-0.19234341,-0.17164469,-0.16756311,-0.14200573,-0.14173964,-0.102014676,-0.1522844,-0.16027431,-0.17918286,-0.19313343,-0.12093742,-0.14632224,-0.113331825,-0.08055305,-0.14266956,2.5776587,-0.15940091,2.2068114,6.613026,2.6958694,-0.14268884,1.3748206,-0.16128445,-0.18026026,-0.2963242,-0.195887,-0.1794909,-0.17010571,-0.19118382,-0.15646982,-0.14054683,-0.1298297,-0.12557748,-0.13752595,-0.16232571,-0.30584824,-0.1651895,-0.17946261,-0.19063276,-0.11441202,-0.14970054,-0.13980895,-0.17641735,-0.16555645,-0.1631943,-0.14331086,-0.18237996,-0.12776476,-0.15239626,-0.13740069,-0.24156228,-0.17736861,-0.103364855,-0.13452335,-0.14123389,-0.17292355,-0.11023922,-0.13392502,-0.15113764,-0.15875179,-0.17988181,-0.15327364,-0.14835966,-0.19184028,-0.17381337,-0.16272618,-0.14723541,-0.14623587,-0.11499533,-0.10471026,-0.13464786,-0.20148799,-0.17541137,-0.12513243,-0.16392449,-0.18041904,-0.18738703,-0.11705899,-0.17492084,-0.25600156,-0.09285323,-0.09256343,-0.114560924,-0.13545471,-0.14719728,-0.09882243,-0.18699953
k__Bacteria|p__Bacteroidetes|c__Bacteroidia|o__Bacteroidales|f__Bacteroidaceae|g__Bacteroides|s__Bacteroides_fragilis,-0.1004395,-0.12316422,-0.14071037,-0.20428483,-0.16538802,-0.19143283,-0.1666669,-0.14394292,-0.12446222,-0.1815469,-0.18134105,-0.22149488,-0.16876917,-0.20239782,-0.10308835,-0.0993432,-0.058144663,-0.09947938,-0.10757672,-0.16912878,-0.1978925,-0.12536043,-0.13535035,-0.1509663,-0.1698927,-0.11658599,-0.16583861,-0.1721026,-0.1509206,-0.12124001,-0.13428876,-0.10570914,-0.14722279,-0.19365487,-0.18722361,-0.2175087,-0.15941763,-0.22338755,-0.19511873,-0.29867563,-0.29210672,-0.19617373,-0.1071155,-0.09162698,-0.13691942,-0.15367895,-0.23188588,-0.19166224,-0.14564347,-0.2026537,-0.18177299,-0.18279888,-0.19482335,-0.1960418,-0.2005994,-0.15671842,-0.12509096,-0.1428071,-0.09221819,-0.095699534,-0.1696279,-0.14119734,-0.13743341,-0.14582744,-0.12719077,-0.15026757,-0.2613474,-0.22333384,-0.18681297,-0.20047067,-0.14456195,-0.14808755,-0.13004895,-0.14170128,-0.14945948,-0.16230972,-0.1454229,4.618633,-0.1579721,-0.14998752,-0.1460835,-0.15576419,-0.15191136,3.6898038,-0.120334074,-0.14055496,-0.11782181,-0.15947759,-0.17227112,-0.15427782,-0.1663787,-0.11139822,-0.1388583,-0.13027036,-0.1279874,-0.15152657,-0.1415275,-0.11500452,-0.10065024,-0.0906786,-0.10538038,-0.12006541,-0.1342417,-0.15027548,-0.15894607,-0.1185138,-0.11129953,-0.1578567,-0.17738779,-0.13270015,-0.1624536,3.1928108,-0.14755395,-0.13190977,-0.140619,-0.15095688,-0.17780018,-0.16229862,-0.22917573,-0.09015879,-0.10980146,-0.13385943,-0.12893751,-0.13997786,-0.17204274,-0.13908121,-0.16057305,-0.12777606,-0.07092635,-0.03704006,-0.13630879,-0.16070578,-0.17694294,-0.14332479,-0.12334781,-0.13505298,-0.12023825,-0.13737267,-0.25318068,-0.26654312,-0.08388048,-0.10945694,-0.14351027,-0.09238048,-0.18582377,-0.18813124,-0.15184683,-0.09052462,-0.13230102,-0.14839858,-0.14909999,-0.15753035,-0.16889402,-0.18182766,-0.08817287,-0.123074815,-0.14018157,-0.10256614,-0.17951453,-0.19495486,-0.18907037,-0.100044265,-0.13113372,-0.07997373,-0.12738319,-0.19006202,-0.19121742,-0.18960726,-0.122710705,-0.07598212,-0.09724534,-0.11811115,-0.13568866,-0.12406494,-0.121451,-0.094600976,-0.096836194,-0.108377285,-0.082459606,-0.11264721,-0.13164586,-0.16554019,-0.1410757,-0.13547343,1.4905683,4.8389225,-0.19214502,-0.14378054,-0.15549555,-0.13456641,-0.119081676,-0.14001076,-0.19117098,-0.18912219,-0.1793955,-0.19755594,-0.25103784,-0.20219928,-0.18813635,-0.18896608,-0.18071193,-0.17233256,-0.27554205,-0.08916744,-0.11956477,-0.12733763,-0.15751183,-0.20931396,-0.18224281,-0.29657933,4.57854,-0.15172577,6.126088,3.2332783,-0.17108874,4.7639866,-0.17647925,-0.114121355,-0.1389856,-0.15388772,-0.15788373,-0.22984435,-0.18186735,-0.25349623,-0.104264386,-0.12455491,-0.1375942,-0.123606354,-0.15189947,-0.15371037,-0.1548675,-0.14014931,-0.15141064,-0.16149615,-0.15390788,-0.15218611,-0.15186065,-0.13325538,-0.12248084,-0.14527176,-0.18804598,-0.17514536,-0.21025829,-0.3990198,-0.20085216,-0.11316154,4.684912,-0.118083894,-0.14681439,2.8738337,-0.18456788,-0.1896179,-0.13083768,-0.077357605,-0.1518609,-0.13894698,2.4210496,-0.117205344,5.1772566,2.4935465,-0.15728226,-0.14054184,-0.123070106,0.9665899,5.9098945,5.563768,-0.10710857,-0.13074079,-0.09132757,-0.12832497,-0.12842956,-0.14860353,-0.15053597,-0.096347205,-0.08910369,-0.12376632,-0.110363364,-0.13699895,-0.14963186,-0.16873422,-0.14187253,-0.11603934,-0.17213224,-0.1506409,-0.14132392,-0.12480547,-0.14085206,-0.17466888,-0.13176009,-0.13153788,-0.14465235,-0.12237005,-0.08722703,-0.05825615,-0.14235756,-0.17082691,-0.026243303,-0.16523565,-0.2829064,-0.31316653,-0.1961093,-0.14457077,-0.14331596,-0.14862512,-0.12963767,-0.25088155,-0.19171761,-0.1865438,-0.09472568,-0.10908057,3.870126,-0.093842536,-0.12759323,-0.15172353,-0.15746465,-0.16543186,-0.12812386,-0.0969081,-0.16398169,-0.14254323,-0.11335766,-0.18846886,-0.1706479,-0.15262814,-0.12507808,-0.115196005,-0.11260007,-0.11662802,-0.17433602,-0.13749571,-0.13363677,-0.096878245,-0.12063985,-0.09194961,-0.12434345,-0.13493276,-0.063823454,-0.13877153,-0.11419349,-0.13298297,-0.24483351,-0.2571875,-0.29957527,-0.14509994,-0.1553943,-0.13141444,-0.19104545,7.4642615,-0.1707494,-0.16271758,-0.09859173,-0.11065883,-0.11416803,-0.076612435,-0.083404,-0.1213824,-0.13072303,-0.13855581,-0.19385117,-0.09903829,-0.15432659,-0.19487974,-0.18899995,-0.1849316,-0.110998,-0.14201,-0.10295147,-0.15777503,-0.19196598,-0.1709814,-0.16748865,-0.14178267,-0.14152683,-0.1017497,-0.15198344,-0.16005936,-0.17910647,-0.1928819,-0.12073684,-0.14618003,-0.1135003,-0.0805301,-0.14182508,-0.20725825,-0.15940008,-0.125103,-0.15657571,-0.15690626,-0.14262095,-0.19202894,-0.16109936,-0.18008022,-0.2963242,-0.1962779,-0.17932208,-0.1701867,-0.19097123,-0.15616858,-0.14054683,-0.12964475,-0.12557748,-0.13746357,-0.16202554,-0.30584824,-0.16503523,-0.17934054,-0.1906436,-0.11441202,-0.14940095,-0.13971254,-0.17612559,-0.1652183,-0.16310656,-0.14331086,-0.18237996,-0.1277228,-0.15204796,-0.13638914,-0.24156228,-0.17791566,-0.10313052,-0.13437885,-0.14087749,-0.17269544,-0.11014101,-0.13375168,-0.15082932,-0.15847607,-0.17995587,-0.15280178,-0.14796717,-0.19184028,-0.17362148,-0.16252437,-0.14723541,-0.14623587,-0.11499533,-0.10471026,-0.13424212,-0.20148799,-0.17525752,-0.12513243,-0.1643663,-0.18041904,-0.18738703,-0.11705899,-0.17446938,-0.25640863,-0.0927324,-0.09244903,-0.11447327,-0.13517806,-0.14687002,-0.09861505,-0.18686065
k__Bacteria|p__Fusobacteria|c__Fusobacteriia|o__Fusobacteriales|f__Leptotrichiaceae|g__Leptotrichia|s__Leptotrichia_sp_oral_taxon_215,-0.1004395,-0.12316422,-0.14350283,-0.20428483,-0.16809094,-0.19472706,-0.1666669,-0.14510188,-0.12510753,-0.18335345,-0.1843575,-0.24401021,-0.17106132,-0.21228597,-0.103594735,-0.10110301,-0.058144663,-0.099426456,-0.108438715,-0.17105669,-0.1978925,-0.12536043,-0.13605398,-0.15165801,-0.17237708,-0.11658599,-0.16710697,-0.17352927,-0.1509206,-0.12124001,-0.13490042,-0.10688312,-0.14867924,-0.19812435,-0.18987726,-0.2175087,-0.16230851,-0.22338755,-0.20013557,-0.29867563,-0.29210672,-0.20041923,-0.10743115,-0.09162698,-0.13691942,-0.1559631,-0.23188588,-0.19533561,-0.1469396,-0.2026537,-0.18448149,-0.18279888,-0.20010024,-0.20283759,-0.20996012,-0.1569606,-0.1259698,-0.14407897,-0.09145744,-0.095969886,-0.1711222,-0.14166951,-0.13743341,-0.14724307,-0.12719077,-0.15153514,-0.2613474,-0.22333384,-0.18962026,-0.20047067,-0.14554858,-0.14928691,-0.13148263,-0.14336687,-0.1499597,-0.1635412,-0.14583877,-0.16278498,-0.16049007,-0.14998752,-0.14689997,-0.15807092,-0.15318024,-0.22480208,-0.120334074,-0.14168212,-0.11882214,-0.16037355,-0.17414084,-0.15672234,-0.16804296,-0.11139822,-0.1388583,-0.13027036,-0.1281415,-0.15152657,-0.14172468,-0.115206026,-0.10065024,-0.090854734,-0.10554135,-0.12070383,-0.13520691,-0.15027548,-0.15999207,-0.1185138,-0.11129953,-0.1578567,-0.17738779,-0.1340779,-0.16556159,-0.25953975,-0.14911857,-0.13339913,-0.14275618,-0.15095688,-0.17780018,-0.16540185,-0.22917573,-0.09015879,-0.110029854,-0.13494033,-0.13012373,-0.13997786,-0.1746619,-0.13908121,-0.16057305,-0.12777606,-0.07092635,-0.03704006,-0.13787383,-0.16188738,-0.1790277,-0.14332479,-0.12334781,-0.13564861,-0.12023825,-0.13832423,-0.25318068,-0.26654312,-0.08337219,-0.10945694,-0.14392516,-0.09238048,-0.18837348,-0.19174984,-0.15416205,-0.09044935,-0.13230102,-0.14987573,-0.15091217,-0.15948386,-0.17110664,-0.18305327,-0.08850524,-0.12416616,-0.14164443,-0.10256614,-0.17951453,-0.19495486,-0.19200979,-0.100139946,-0.13113372,-0.08098011,-0.12831615,-0.19006202,-0.19457103,-0.19290715,-0.12276815,-0.07546826,-0.097495176,-0.11938744,-0.13674851,-0.12406494,-0.121451,-0.09507831,-0.09740302,-0.10869511,-0.082459606,-0.113199994,-0.1320041,-0.16683352,-0.1410757,-0.13694179,-0.18093297,-0.17825818,-0.19642854,-0.14542063,-0.15549555,-0.13563189,-0.119081676,-0.14001076,-0.19117098,-0.19365653,-0.18272418,-0.19755594,-0.25103784,-0.20219928,-0.19072041,-0.19262633,-0.1836311,-0.17564969,-0.27554205,-0.08916744,-0.11956477,-0.12807351,-0.15751183,-0.20931396,-0.18224281,-0.29657933,-0.32474133,-0.15671337,-0.3242122,-0.17325558,-0.17108874,-0.2185038,-0.17647925,-0.114121355,-0.14062221,-0.15388772,-0.15788373,-0.22984435,-0.18186735,-0.26912627,-0.1047561,-0.12455491,-0.13837963,-0.12398422,-0.15189947,-0.15455413,-0.15556112,-0.14014931,-0.15141064,-0.16239902,-0.15569529,-0.15347251,-0.15393598,-0.13478789,-0.12292114,-0.14632344,-0.19006677,-0.17810078,-0.21025829,-0.3990198,-0.2087354,-0.113641,-0.1296617,-0.11891508,-0.1479033,-0.16636807,-0.18613397,-0.19248544,-0.13196152,-0.07658422,-0.1527705,-0.13994522,-0.14106366,-0.11712515,-0.19987361,-0.1649412,-0.15943171,-0.14259979,-0.12393175,-0.12722544,-0.14610182,-0.2588673,-0.10778219,-0.13074079,-0.09132757,-0.12832497,-0.12860683,-0.14970306,-0.15117122,-0.09633635,-0.08910369,-0.12435059,-0.11086202,-0.13832629,-0.15090913,-0.17067336,-0.14297602,-0.11609078,-0.17421919,-0.15200388,-0.14236957,-0.1263431,-0.14129925,-0.17466888,-0.13176009,-0.13222468,-0.14591905,-0.12325843,-0.08722703,-0.05825615,-0.14358969,-0.17082691,-0.026243303,-0.1689,-0.2829064,-0.31316653,-0.20157644,-0.1458587,-0.14331596,-0.14862512,-0.12963767,-0.25088155,-0.19594537,-0.1889306,-0.09444812,-0.109283455,-0.10702289,-0.09338209,-0.12759323,-0.15315524,-0.15746465,-0.16780283,-0.12812386,-0.0969081,-0.16398169,-0.14273824,-0.11335766,-0.18846886,-0.1706479,-0.15455802,-0.1257172,-0.115196005,-0.11316793,-0.11662802,-0.17573437,-0.13857609,-0.13454777,-0.096878245,-0.12185445,-0.09147199,-0.12434345,-0.13503194,-0.063823454,-0.13877153,-0.11419349,-0.13420016,-0.24483351,-0.2571875,-0.29957527,-0.14673457,-0.15708232,-0.13251445,-0.19104545,-0.0782174,-0.17323083,-0.16452833,-0.09859173,-0.11065883,-0.11344918,-0.076612435,-0.083404,-0.1213824,-0.13072303,-0.13855581,-0.19385117,-0.09949592,-0.1560729,-0.19487974,-0.19211075,-0.18792729,-0.111229636,-0.14337826,-0.102399155,-0.15850952,-0.19576153,-0.1727007,-0.1698035,-0.14315526,-0.14310506,-0.10295512,-0.15354288,-0.16212744,-0.1820181,-0.19722973,-0.121107005,-0.14716189,-0.113532715,-0.0795795,-0.14399564,-0.20725825,-0.16111976,-0.125103,-0.15657571,-0.15690626,-0.14435819,-0.19202894,-0.16283888,-0.1815531,-0.2963242,-0.20468019,-0.18285948,-0.17320055,-0.19535853,-0.15884733,-0.14054683,-0.13060027,-0.12557748,-0.13852584,-0.16524024,-0.30584824,-0.16728234,-0.1813069,-0.19399166,-0.11441202,-0.15036559,-0.1412392,-0.17864507,-0.16733015,-0.16461404,-0.14331086,-0.18237996,-0.12918141,-0.15382375,-0.13910128,-0.24156228,-0.18087678,-0.10347886,-0.13574207,-0.1417945,-0.17451823,-0.11056447,-0.13477492,-0.15138815,-0.16042572,-0.18307328,-0.15382245,-0.14934355,-0.19184028,-0.17609605,-0.1633757,-0.14723541,-0.14623587,-0.11499533,-0.10471026,-0.13534236,-0.20148799,-0.17701393,-0.12513243,-0.16686189,-0.18041904,-0.18738703,-0.11705899,-0.17502627,-0.26537377,-0.0929167,-0.09229317,-0.11526868,-0.13632561,-0.14851612,-0.09899607,-0.18919444
k__Bacteria|p__Fusobacteria|c__Fusobacteriia|o__Fusobacteriales|f__Fusobacteriaceae|g__GGB37269|s__GGB37269_SGB47247,-0.1004395,-0.12316422,-0.14229834,-0.20428483,-0.1672225,-0.19420494,-0.1666669,-0.14529334,-0.124659255,-0.1837854,-0.18332627,-0.24060193,-0.1693665,-0.2107969,-0.10351497,-0.100552045,-0.058144663,-0.10005597,-0.107860655,-0.17113179,-0.1978925,-0.12536043,-0.136254,-0.15241358,-0.1722407,-0.11658599,-0.16711852,-0.17424253,-0.1509206,-0.12124001,-0.13506238,-0.10616624,-0.14856334,-0.19745107,-0.19016561,-0.2175087,-0.16093424,-0.22338755,-0.19901979,-0.29867563,-0.29210672,-0.20043805,-0.107477754,-0.09162698,-0.13691942,-0.15529817,-0.23188588,-0.19454417,-0.14683416,-0.2026537,-0.1830106,-0.18279888,-0.19951794,-0.20173824,-0.20970353,-0.15790072,-0.12606256,-0.14423843,-0.0919155,-0.09586713,-0.1714156,-0.14232065,-0.13743341,-0.14721939,-0.12719077,-0.15103908,-0.2613474,-0.22333384,-0.18923435,-0.20047067,-0.14603245,-0.14943068,-0.1314238,-0.14340188,-0.15114674,-0.16438405,-0.14659572,-0.16278498,-0.15942273,-0.14998752,-0.14722258,-0.15747565,-0.15336454,-0.22480208,-0.120334074,-0.14168964,-0.11854659,-0.1610437,-0.17443167,-0.15605159,-0.16846547,-0.11139822,-0.1388583,-0.13027036,-0.12858146,-0.15152657,-0.14189655,-0.1154642,-0.10065024,-0.090620354,-0.105661064,-0.12086213,-0.13525265,-0.15027548,-0.16050215,-0.1185138,-0.11129953,-0.1578567,-0.17738779,-0.13438685,-0.16486911,-0.25953975,-0.14880806,-0.1328925,-0.14244068,-0.15095688,-0.17780018,-0.16396555,-0.22917573,-0.09015879,-0.10984792,-0.1349262,-0.13014697,-0.13997786,-0.17413035,-0.13908121,-0.16057305,-0.12777606,-0.07092635,-0.03704006,-0.13741097,-0.16226092,-0.17927825,-0.14332479,-0.12334781,-0.13550326,-0.12023825,-0.13871646,-0.25318068,-0.26654312,-0.08341989,-0.10945694,-0.1448542,-0.09238048,-0.18798912,-0.19136107,-0.15349816,-0.09031677,-0.13230102,-0.14967966,-0.15067011,-0.15941817,-0.17099729,-0.18420649,-0.08804517,-0.12428578,-0.14186704,-0.10256614,-0.17951453,-0.19495486,-0.19222726,-0.100235224,-0.13113372,-0.08104777,-0.12833692,-0.19006202,-0.19435653,-0.19262408,-0.12344311,-0.07519008,-0.09745847,-0.119059235,-0.13681443,-0.12406494,-0.121451,-0.09492271,-0.09697026,-0.108764246,-0.082459606,-0.113189906,-0.13230343,-0.16741276,-0.1410757,-0.13636369,-0.18093297,-0.17825818,-0.19555406,-0.14530578,-0.15549555,-0.1359303,-0.119081676,-0.14001076,-0.19117098,-0.19253239,-0.18205112,-0.19755594,-0.25103784,-0.20219928,-0.1899285,-0.1917564,-0.18311998,-0.17464927,-0.27554205,-0.08916744,-0.11956477,-0.12762564,-0.15751183,-0.20931396,-0.18224281,-0.29657933,-0.32474133,-0.15246832,-0.3242122,-0.17325558,-0.17108874,-0.2185038,-0.17647925,-0.114121355,-0.13999143,-0.15388772,-0.15788373,-0.22984435,-0.18186735,-0.26507527,-0.10463458,-0.12455491,-0.1384989,-0.12422889,-0.15189947,-0.1551553,-0.15637289,-0.14014931,-0.15141064,-0.16328126,-0.15538913,-0.15369996,-0.15363848,-0.13450855,-0.12297155,-0.14614367,-0.19073734,-0.17760876,-0.21025829,-0.3990198,-0.20649247,-0.11355916,-0.1296617,-0.11912665,-0.14808868,-0.16636807,-0.1868255,-0.19225115,-0.13170211,-0.076517545,-0.1534935,-0.13987193,-0.14106366,-0.11764378,-0.19987361,-0.1649412,-0.15853879,-0.1422165,-0.12394233,-0.12722544,-0.14610182,-0.2588673,-0.10752499,-0.13074079,-0.09132757,-0.12832497,-0.12918988,-0.14967614,-0.15188909,-0.0964242,-0.08910369,-0.12463036,-0.11074759,-0.1381351,-0.15091708,-0.17104456,-0.14309719,-0.11601141,-0.17429778,-0.15194795,-0.14260106,-0.12583403,-0.14190291,-0.17466888,-0.13176009,-0.13236286,-0.14605847,-0.123339266,-0.08722703,-0.05825615,-0.14361846,-0.17082691,-0.026243303,-0.1674022,-0.2829064,-0.31316653,-0.20046364,-0.14588207,-0.14331596,-0.14862512,-0.12963767,-0.25088155,-0.1951809,-0.18919693,-0.09451869,-0.109461285,-0.10702289,-0.094380155,-0.12759323,-0.15297863,-0.15746465,-0.16752833,-0.12812386,-0.0969081,-0.16398169,-0.14378619,-0.11335766,-0.18846886,-0.1706479,-0.15417638,-0.12590896,-0.115196005,-0.113360554,-0.11662802,-0.17622136,-0.13877463,-0.13483414,-0.096878245,-0.12172145,-0.09174383,-0.12434345,-0.13547648,-0.063823454,-0.13877153,-0.11419349,-0.13413359,-0.24483351,-0.2571875,-0.29957527,-0.14663325,-0.1571078,-0.13264102,-0.19104545,-0.0782174,-0.173062,-0.16489409,-0.09859173,-0.11065883,-0.11410624,-0.076612435,-0.083404,-0.1213824,-0.13072303,-0.13855581,-0.19385117,-0.09952441,-0.15597923,-0.19487974,-0.19157568,-0.18787315,-0.111288816,-0.14315428,-0.10275714,-0.15951571,-0.19507,-0.17378232,-0.16965784,-0.14305395,-0.14301237,-0.102125764,-0.15362173,-0.16177583,-0.18138628,-0.1965895,-0.12127756,-0.14754346,-0.113436654,-0.07973009,-0.14403225,-0.20725825,-0.1609849,-0.125103,-0.15657571,-0.15690626,-0.1437391,-0.19202894,-0.16272809,-0.18227679,-0.2963242,-0.20060146,-0.18224594,-0.17229803,-0.19430166,-0.15827598,-0.14054683,-0.13061333,-0.12557748,-0.13856192,-0.16445443,-0.30584824,-0.16689233,-0.18191704,-0.19318697,-0.11441202,-0.15089136,-0.14081168,-0.17839576,-0.16736576,-0.16479008,-0.14331086,-0.18237996,-0.12848833,-0.15368733,-0.13873811,-0.24156228,-0.17971732,-0.10343625,-0.13521627,-0.14222543,-0.17500411,-0.11023958,-0.13472477,-0.15246783,-0.16041273,-0.18216848,-0.15462986,-0.14960188,-0.19184028,-0.17568421,-0.16419601,-0.14723541,-0.14623587,-0.11499533,-0.10471026,-0.13540763,-0.20148799,-0.17731775,-0.12513243,-0.16554394,-0.18041904,-0.18738703,-0.11705899,-0.1766514,-0.26318926,-0.09273307,-0.09230319,-0.11496895,-0.13645816,-0.14860585,-0.09865607,-0.18966764
k__Bacteria|p__Fusobacteria|c__Fusobacteriia|o__Fusobacteriales|f__Fusobacteriaceae|g__Fusobacterium|s__Fusobacterium_SGB14781,-0.1004395,-0.12316422,-0.13974494,-0.20428483,-0.16527382,-0.19050424,-0.1666669,-0.14395697,-0.124178335,-0.18165593,-0.18067068,-0.21490723,-0.16678655,-0.20009819,-0.102733955,-0.098699905,-0.058144663,-0.099694476,-0.107209854,-0.16872036,-0.1978925,-0.12536043,-0.13542897,-0.15111253,-0.16922297,-0.11658599,-0.16597609,-0.17214116,-0.1509206,-0.12124001,-0.13439116,-0.105035,-0.14696944,-0.19230866,-0.18648276,-0.2175087,-0.1590707,-0.22338755,-0.19381231,-0.29867563,-0.29210672,-0.19439526,-0.1069181,-0.09162698,-0.13691942,-0.15328464,-0.23188588,-0.19105536,-0.14532512,-0.2026537,-0.18209893,-0.18279888,-0.19379234,-0.19352943,-0.19694717,-0.15638012,-0.12483722,-0.142489,-0.09235556,-0.095363446,-0.1695281,-0.14117348,-0.13743341,-0.14560091,-0.12719077,-0.14982033,-0.2613474,-0.22333384,-0.18639565,-0.20047067,-0.1444807,-0.14798243,-0.12956683,-0.1412135,-0.14925116,-0.16247359,-0.14552133,-0.16278498,-0.15792136,-0.14998752,-0.14613181,-0.15527984,-0.151714,-0.22480208,-0.120334074,-0.14030299,-0.11748724,-0.15948872,-0.17207208,-0.15376744,-0.16631481,-0.11139822,-0.1388583,-0.13027036,-0.12790501,-0.15152657,-0.14177269,-0.11515222,-0.10065024,-0.0903579,-0.10502207,-0.11971644,-0.13391402,-0.15027548,-0.15897894,-0.1185138,-0.11129953,-0.1578567,-0.17738779,-0.1323626,-0.16142361,-0.25953975,-0.14735806,-0.13153157,-0.13999167,-0.15095688,-0.17780018,-0.1615001,-0.22917573,-0.09015879,-0.10993917,-0.13362025,-0.12855813,-0.13997786,-0.17156632,-0.13908121,-0.16057305,-0.12777606,-0.07092635,-0.03704006,-0.1360342,-0.16039394,-0.17687082,-0.14332479,-0.12334781,-0.13496405,-0.12023825,-0.13695534,-0.25318068,-0.26654312,-0.08379738,-0.10945694,-0.14326657,-0.09238048,-0.18541932,-0.18750018,-0.15136988,-0.09035748,-0.13230102,-0.14812577,-0.14875814,-0.1571871,-0.16850281,-0.18157011,-0.08781321,-0.12292126,-0.14002523,-0.10256614,-0.17951453,-0.19495486,-0.18831484,-0.099889815,-0.13113372,-0.07893165,-0.12645411,-0.19006202,-0.19054163,-0.18890634,-0.12289603,-0.07586621,-0.09696786,-0.11752035,-0.13538745,-0.12406494,-0.121451,-0.09429446,-0.09629078,-0.10806927,-0.082459606,-0.11218859,-0.1313417,-0.1654683,-0.1410757,-0.13523614,-0.18093297,-0.17825818,-0.19094214,-0.14316273,-0.15549555,-0.1342338,-0.119081676,-0.14001076,-0.19117098,-0.18821865,-0.17898399,-0.19755594,-0.25103784,-0.20219928,-0.18794653,-0.18844916,-0.18003568,-0.1714752,-0.27554205,-0.08916744,-0.11956477,-0.12710789,-0.15751183,-0.20931396,-0.18224281,-0.29657933,-0.32474133,-0.15020892,-0.3242122,-0.17325558,-0.17108874,-0.2185038,-0.17647925,-0.114121355,-0.13878238,-0.15388772,-0.15788373,-0.22984435,-0.18186735,-0.24751416,-0.103983805,-0.12455491,-0.13749926,-0.12341687,-0.15189947,-0.15355855,-0.15496212,-0.14014931,-0.15141064,-0.16152519,-0.15375775,-0.15207997,-0.1513643,-0.13276146,-0.122396946,-0.14521587,-0.18786755,-0.17457408,-0.21025829,-0.3990198,-0.19732118,-0.11291498,-0.1296617,-0.117685676,-0.14646597,-0.16636807,-0.18451442,-0.18898004,-0.1307405,-0.07697701,-0.1515513,-0.13863903,-0.14106366,-0.11749277,-0.19987361,-0.1649412,-0.15717508,-0.13992721,-0.12275566,-0.12722544,-0.14610182,-0.2588673,-0.106745794,-0.13074079,-0.09132757,-0.12832497,-0.12841058,-0.14850001,-0.15069047,-0.09620552,-0.08910369,-0.12345419,-0.109979495,-0.13666537,-0.1493738,-0.1683022,-0.14171225,-0.116102055,-0.17189145,-0.1503999,-0.14120734,-0.124261275,-0.14098155,-0.17466888,-0.13176009,-0.13126037,-0.14441338,-0.122048706,-0.08722703,-0.05825615,-0.14209467,-0.17082691,-0.026243303,-0.16451578,-0.2829064,-0.31316653,-0.19378611,-0.14435562,-0.14331596,-0.14862512,-0.12963767,-0.25088155,-0.19079238,-0.18608223,-0.09450294,-0.1089703,-0.10702289,-0.093307614,-0.12759323,-0.1513749,-0.15746465,-0.16515009,-0.12812386,-0.0969081,-0.16398169,-0.14264315,-0.11335766,-0.18846886,-0.1706479,-0.152407,-0.12498187,-0.115196005,-0.11214297,-0.11662802,-0.17421469,-0.13730836,-0.13332894,-0.096878245,-0.12011405,-0.09176189,-0.12434345,-0.13531867,-0.063823454,-0.13877153,-0.11419349,-0.1326009,-0.24483351,-0.2571875,-0.29957527,-0.1447325,-0.15510982,-0.130895,-0.19104545,-0.0782174,-0.17011291,-0.16261573,-0.09859173,-0.11065883,-0.11460028,-0.076612435,-0.083404,-0.1213824,-0.13072303,-0.13855581,-0.19385117,-0.09863113,-0.15392192,-0.19487974,-0.18846676,-0.1842451,-0.11084914,-0.14196816,-0.1028284,-0.15780811,-0.19085807,-0.17056562,-0.16693121,-0.14152601,-0.14119038,-0.101185545,-0.15158668,-0.15980807,-0.17858222,-0.19184023,-0.12049593,-0.14608973,-0.113508806,-0.08044116,-0.14098147,-0.20725825,-0.15937023,-0.125103,-0.15657571,-0.15690626,-0.14226511,-0.19202894,-0.16083908,-0.17996272,-0.2963242,-0.19374989,-0.17843576,-0.16957816,-0.18991719,-0.15548852,-0.14054683,-0.129325,-0.12557748,-0.1370435,-0.161236,-0.30584824,-0.1649709,-0.1789954,-0.19008894,-0.11441202,-0.14909638,-0.13939887,-0.17574729,-0.16493055,-0.1628786,-0.14331086,-0.18237996,-0.1273255,-0.15172955,-0.13518053,-0.24156228,-0.17758657,-0.10293543,-0.13420926,-0.14067833,-0.17241067,-0.10991879,-0.13345782,-0.15099731,-0.15831915,-0.1796477,-0.15252641,-0.1474315,-0.19184028,-0.17316325,-0.16279069,-0.14723541,-0.14623587,-0.11499533,-0.10471026,-0.13362142,-0.20148799,-0.17515725,-0.12513243,-0.1643507,-0.18041904,-0.18738703,-0.11705899,-0.17452422,-0.25318778,-0.09241906,-0.09231379,-0.11407724,-0.13477269,-0.14640622,-0.098119736,-0.18648046
k__Bacteria|p__Fusobacteria|c__Fusobacteriia|o__Fusobacteriales|f__Fusobacteriaceae|g__Fusobacterium|s__Fusobacterium_massiliense,-0.1004395,-0.12316422,-0.14188862,-0.20428483,-0.16692176,-0.19339249,-0.1666669,-0.14496815,-0.1250436,-0.1833142,-0.18346316,-0.22706133,-0.16989729,-0.20567504,-0.10328804,-0.09955414,-0.058144663,-0.0995052,-0.10780887,-0.17053826,-0.1978925,-0.12536043,-0.13609052,-0.1519334,-0.1714455,-0.11658599,-0.16728559,-0.17356504,-0.1509206,-0.12124001,-0.13489991,-0.10594633,-0.14809841,-0.19595015,-0.18891065,-0.2175087,-0.16077018,-0.22338755,-0.197315,-0.29867563,-0.29210672,-0.1980612,-0.10721865,-0.09162698,-0.13691942,-0.1550727,-0.23188588,-0.19385362,-0.14639798,-0.2026537,-0.18401274,-0.18279888,-0.19732386,-0.198475,-0.20356105,-0.15744898,-0.125615,-0.14363173,-0.09199327,-0.095652685,-0.17093115,-0.14208387,-0.13743341,-0.14681363,-0.12719077,-0.15128602,-0.2613474,-0.22333384,-0.18869372,-0.20047067,-0.14544773,-0.14908099,-0.13059044,-0.14261322,-0.15026407,-0.163665,-0.14616457,-0.16278498,-0.15954122,-0.14998752,-0.14688754,-0.15707046,-0.152973,-0.22480208,-0.120334074,-0.14136672,-0.11829978,-0.16061729,-0.17370535,-0.15565394,-0.16777684,-0.11139822,-0.1388583,-0.13027036,-0.12841046,-0.15152657,-0.14236361,-0.11541015,-0.10065024,-0.09062251,-0.105476975,-0.120399185,-0.13484949,-0.15027548,-0.16003297,-0.1185138,-0.11129953,-0.1578567,-0.17738779,-0.13344067,-0.1637857,-0.25953975,-0.14860925,-0.13264105,-0.14165892,-0.15095688,-0.17780018,-0.16379976,-0.22917573,-0.09015879,-0.11003505,-0.13461493,-0.12959285,-0.13997786,-0.17373872,-0.13908121,-0.16057305,-0.12777606,-0.07092635,-0.03704006,-0.13714516,-0.16178136,-0.17859697,-0.14332479,-0.12334781,-0.13576543,-0.12023825,-0.13803086,-0.25318068,-0.26654312,-0.08355628,-0.10945694,-0.14409837,-0.09238048,-0.18761304,-0.19026072,-0.15312095,-0.09033859,-0.13230102,-0.14941949,-0.15025511,-0.15881643,-0.17036751,-0.18317318,-0.08805856,-0.123718694,-0.14099833,-0.10256614,-0.17951453,-0.19495486,-0.19096595,-0.10009222,-0.13113372,-0.079743445,-0.12781449,-0.19006202,-0.19325538,-0.19156694,-0.123147696,-0.07564798,-0.097214416,-0.11859405,-0.13645706,-0.12406494,-0.121451,-0.0946155,-0.09692068,-0.10853572,-0.082459606,-0.112958446,-0.13218766,-0.16677737,-0.1410757,-0.13634463,-0.18093297,-0.17825818,-0.19430025,-0.1445917,-0.15549555,-0.13523918,-0.119081676,-0.14001076,-0.19117098,-0.19139409,-0.1813313,-0.19755594,-0.25103784,-0.20219928,-0.18995747,-0.1910858,-0.18250884,-0.17389344,-0.27554205,-0.08916744,-0.11956477,-0.1278907,-0.15751183,-0.20931396,-0.18224281,-0.29657933,-0.32474133,-0.15388045,-0.3242122,-0.17325558,-0.17108874,-0.2185038,-0.17647925,-0.114121355,-0.13994291,-0.15388772,-0.15788373,-0.22984435,-0.18186735,-0.2581718,-0.10440144,-0.12455491,-0.13838115,-0.123985,-0.15189947,-0.15476823,-0.15576217,-0.14014931,-0.15141064,-0.16258639,-0.15511744,-0.15323815,-0.1530264,-0.13398783,-0.12287037,-0.14609428,-0.18981844,-0.17691657,-0.21025829,-0.3990198,-0.2032763,-0.113483675,-0.1296617,-0.11847879,-0.1477207,-0.16636807,-0.18625194,-0.19149074,-0.1315186,-0.0768206,-0.1526639,-0.13965097,-0.14106366,-0.11763038,-0.19987361,-0.1649412,-0.15867072,-0.1414761,-0.123618245,-0.12722544,-0.14610182,-0.2588673,-0.10729392,-0.13074079,-0.09132757,-0.12832497,-0.12883559,-0.14958498,-0.15145484,-0.09631483,-0.08910369,-0.124174535,-0.110565364,-0.13775057,-0.15061939,-0.17005903,-0.1427404,-0.11622378,-0.17374057,-0.15174735,-0.14211382,-0.12557882,-0.14160904,-0.17466888,-0.13176009,-0.1319959,-0.14568627,-0.12295507,-0.08722703,-0.05825615,-0.14340326,-0.17082691,-0.026243303,-0.16687757,-0.2829064,-0.31316653,-0.19852526,-0.1454728,-0.14331596,-0.14862512,-0.12963767,-0.25088155,-0.19394055,-0.18819252,-0.094586946,-0.1092467,-0.10702289,-0.093573555,-0.12759323,-0.15279564,-0.15746465,-0.16701144,-0.12812386,-0.0969081,-0.16398169,-0.14317505,-0.11335766,-0.18846886,-0.1706479,-0.1537558,-0.12561746,-0.115196005,-0.11277119,-0.11662802,-0.1757785,-0.13826668,-0.13427453,-0.096878245,-0.121224456,-0.09169851,-0.12434345,-0.1355671,-0.063823454,-0.13877153,-0.11419349,-0.13362706,-0.24483351,-0.2571875,-0.29957527,-0.14604636,-0.15658896,-0.1320214,-0.19104545,-0.0782174,-0.17219512,-0.16404498,-0.09859173,-0.11065883,-0.11434796,-0.076612435,-0.083404,-0.1213824,-0.13072303,-0.13855581,-0.19385117,-0.09900504,-0.15542816,-0.19487974,-0.19097352,-0.18672273,-0.11112105,-0.14303121,-0.10285802,-0.15873566,-0.19405797,-0.17223483,-0.16894469,-0.14268924,-0.14243978,-0.101948164,-0.15309393,-0.16154522,-0.18091969,-0.19520253,-0.12106632,-0.14717685,-0.11380649,-0.080067605,-0.14269567,-0.20725825,-0.16059718,-0.125103,-0.15657571,-0.15690626,-0.14368661,-0.19202894,-0.16231503,-0.18149424,-0.2963242,-0.19896318,-0.18116581,-0.17194174,-0.19308177,-0.15762886,-0.14054683,-0.13017792,-0.12557748,-0.13823846,-0.16300294,-0.30584824,-0.16656728,-0.18082964,-0.19271387,-0.11441202,-0.15030307,-0.14058326,-0.17778388,-0.16669783,-0.1642903,-0.14331086,-0.18237996,-0.1282804,-0.15312995,-0.13728642,-0.24156228,-0.17964536,-0.10316205,-0.13526623,-0.14167343,-0.17410386,-0.11031154,-0.13444068,-0.15180296,-0.15981974,-0.18186873,-0.15371719,-0.14886534,-0.19184028,-0.17519979,-0.163685,-0.14723541,-0.14623587,-0.11499533,-0.10471026,-0.1348325,-0.20148799,-0.17667757,-0.12513243,-0.16605763,-0.18041904,-0.18738703,-0.11705899,-0.17574619,-0.26023266,-0.09268869,-0.092300326,-0.11478121,-0.13588065,-0.14784504,-0.09853475,-0.18865798
k__Bacteria|p__Fusobacteria|c__Fusobacteriia|o__Fusobacteriales|f__Leptotrichiaceae|g__Leptotrichia|s__Leptotrichia_sp_oral_taxon_221,-0.1004395,-0.12316422,-0.14161585,-0.20428483,-0.16693802,-0.19298173,-0.1666669,-0.14498027,-0.12492691,-0.18333805,-0.18253355,-0.22545618,-0.16876179,-0.20438763,-0.10308744,-0.099423274,-0.058144663,-0.099624895,-0.10786217,-0.1704535,-0.1978925,-0.12536043,-0.13609666,-0.15202403,-0.17119017,-0.11658599,-0.16715553,-0.17349951,-0.1509206,-0.12124001,-0.1350649,-0.10578735,-0.14824004,-0.19528651,-0.18872197,-0.2175087,-0.16092247,-0.22338755,-0.19707762,-0.29867563,-0.29210672,-0.19751205,-0.10716559,-0.09162698,1.1437949,-0.1549239,-0.23188588,-0.19335486,-0.14638633,-0.2026537,-0.1838044,-0.18279888,-0.19699071,-0.19778173,-0.20277344,-0.15710309,-0.12563294,-0.14356816,-0.09215319,-0.09572075,-0.17094421,-0.14201482,-0.13743341,-0.14676273,-0.12719077,-0.15113921,-0.2613474,-0.22333384,-0.1884101,-0.20047067,-0.14544177,-0.14902031,-0.13067716,-0.14252338,-0.15026283,-0.16363662,-0.14636031,-0.16278498,-0.15930611,-0.14998752,-0.14704144,-0.15694243,-0.1529223,-0.22480208,-0.120334074,-0.14135474,-0.118312724,-0.16058025,-0.17369018,-0.15546782,-0.16780972,-0.11139822,-0.1388583,-0.13027036,-0.12845512,-0.15152657,-0.142372,-0.11541445,-0.10065024,-0.090572,-0.105410546,-0.12038821,-0.13487856,-0.15027548,-0.16009374,-0.1185138,-0.11129953,-0.1578567,-0.17738779,-0.13335979,-0.16393164,-0.25953975,-0.14857687,-0.132597,-0.14153606,-0.15095688,-0.17780018,-0.16347454,-0.22917573,-0.09015879,-0.11019513,-0.13462532,-0.1295166,-0.13997786,-0.17346972,-0.13908121,-0.16057305,-0.12777606,-0.07092635,-0.03704006,-0.13708112,-0.16175811,-0.17851764,-0.14332479,-0.12334781,-0.13564587,-0.12023825,-0.1381596,-0.25318068,-0.26654312,-0.08359281,-0.10945694,-0.14415385,-0.09238048,-0.18741354,-0.18993942,-0.15286547,-0.09037648,-0.13230102,-0.14939891,-0.15013282,-0.15871286,-0.17022067,-0.18318632,-0.088025615,-0.123617575,-0.14103352,-0.10256614,-0.17951453,-0.19495486,-0.19064179,-0.10014853,-0.13113372,-0.0796734,-0.12772292,-0.19006202,-0.19288014,-0.19129196,-0.12325139,-0.07553354,-0.09717542,-0.118486494,-0.13639586,-0.12406494,-0.121451,-0.0945666,-0.09671439,-0.10846264,-0.082459606,-0.11276189,-0.1320467,-0.1667324,-0.1410757,-0.13637356,-0.18093297,-0.17825818,-0.19379984,-0.14453284,-0.15549555,-0.13527444,-0.119081676,-0.14001076,-0.19117098,-0.19090883,-0.18110973,-0.19755594,-0.25103784,-0.20219928,-0.18977313,-0.1908782,-0.18219791,-0.17375779,-0.27554205,-0.08916744,-0.11956477,-0.1279299,-0.15751183,-0.20931396,-0.18224281,-0.29657933,-0.32474133,-0.15325212,-0.3242122,-0.17325558,-0.17108874,-0.2185038,-0.17647925,-0.114121355,-0.1398941,-0.15388772,-0.15788373,-0.22984435,-0.18186735,-0.25598735,-0.10440537,-0.12455491,-0.13835713,-0.124052905,-0.15189947,-0.1546418,-0.15586689,-0.14014931,-0.15141064,-0.162689,-0.15511127,-0.15325543,-0.15294182,-0.13386059,-0.12302565,-0.14615002,-0.18977354,-0.17652714,-0.21025829,-0.3990198,-0.2015963,-0.11339168,-0.1296617,-0.118341744,-0.14774162,-0.16636807,-0.18607235,-0.19125234,-0.13160938,-0.07677625,-0.15276057,-0.13970849,-0.14106366,-0.11782207,-0.19987361,-0.1649412,-0.15859327,-0.14140585,-0.12349431,-0.12722544,-0.14610182,-0.2588673,-0.10731494,-0.13074079,-0.09132757,-0.12832497,-0.12898225,-0.14958432,-0.151499,-0.096300505,-0.08910369,-0.12418255,-0.11054386,-0.13773635,-0.1505878,-0.16998863,-0.14275764,-0.11638214,-0.17357415,-0.15161586,-0.14215371,-0.12535623,-0.1416381,-0.17466888,-0.13176009,-0.1320971,-0.14551356,-0.12280727,-0.08722703,-0.05825615,-0.14328831,-0.17082691,-0.026243303,-0.16661012,-0.2829064,-0.31316653,-0.19742745,-0.14549257,-0.14331596,-0.14862512,-0.12963767,-0.25088155,-0.19337314,-0.18808295,-0.09467352,-0.10925783,-0.10702289,-0.09357024,-0.12759323,-0.15272053,-0.15746465,-0.16678569,-0.12812386,-0.0969081,-0.16398169,-0.14327812,-0.11335766,-0.18846886,-0.1706479,-0.15376623,-0.12560235,-0.115196005,-0.112837166,-0.11662802,-0.17556706,-0.138277,-0.13418189,-0.096878245,-0.12096664,-0.091749296,-0.12434345,-0.1357005,-0.063823454,-0.13877153,-0.11419349,-0.13378775,-0.24483351,-0.2571875,-0.29957527,-0.1460165,-0.15649912,-0.13201293,-0.19104545,-0.0782174,-0.17196459,-0.16404459,-0.09859173,-0.11065883,-0.114514165,-0.076612435,-0.083404,-0.1213824,-0.13072303,-0.13855581,-0.19385117,-0.099012315,-0.1554906,-0.19487974,-0.19073933,-0.18650451,-0.11122146,-0.14288533,-0.10282251,-0.15892376,-0.19361039,-0.1721543,-0.16885486,-0.14264697,-0.14232887,-0.10195108,-0.15302259,-0.16132525,-0.18068205,-0.19465375,-0.12108468,-0.14704442,-0.113759734,-0.080087796,-0.14288259,-0.20725825,-0.16063091,-0.125103,-0.15657571,-0.15690626,-0.14347473,-0.19202894,-0.16233006,-0.181548,-0.2963242,-0.19814068,-0.1808591,-0.17155519,-0.1927051,-0.15731731,-0.14054683,-0.13021746,-0.12557748,-0.138102,-0.1634386,-0.30584824,-0.16649282,-0.18075359,-0.19241619,-0.11441202,-0.1503278,-0.14051174,-0.1776788,-0.16657034,-0.16423856,-0.14331086,-0.18237996,-0.1283374,-0.1531359,-0.13741276,-0.24156228,-0.1793691,-0.10325936,-0.13518214,-0.1416519,-0.17406003,-0.110348664,-0.13442203,-0.15186931,-0.159695,-0.18160886,-0.15369393,-0.14884216,-0.19184028,-0.17507067,-0.16370657,-0.14723541,-0.14623587,-0.11499533,-0.10471026,-0.13488087,-0.20148799,-0.17670006,-0.12513243,-0.16569984,-0.18041904,-0.18738703,-0.11705899,-0.17578572,-0.25881904,-0.09259066,-0.092300124,-0.11479607,-0.13581365,-0.14775087,-0.098561384,-0.18850797
k__Bacteria|p__Fusobacteria|c__Fusobacteriia|o__Fusobacteriales|f__Fusobacteriaceae|g__Fusobacterium|s__Fusobacterium_naviforme,-0.1004395,-0.12316422,-0.1413746,-0.20428483,-0.16682687,-0.19522078,-0.1666669,-0.14591797,-0.124677815,-0.18539053,-0.18321447,-0.22562478,-0.16897732,-0.20553583,-0.10280393,-0.09824239,-0.058144663,-0.099883884,-0.107099295,-0.1724139,-0.1978925,-0.12536043,-0.13694185,-0.15385109,-0.17265102,-0.11658599,-0.16820963,-0.17577982,-0.1509206,-0.12124001,-0.13547653,-0.104849026,-0.14893383,-0.19706516,-0.19128153,-0.2175087,-0.16028987,-0.22338755,-0.19754788,-0.29867563,-0.29210672,-0.2008153,-0.10716934,-0.09162698,-0.13691942,-0.15511598,-0.23188588,-0.19466111,-0.147419,-0.2026537,-0.1832974,-0.18279888,-0.19814691,-0.19972783,-0.20628427,-0.15977857,-0.1261524,-0.14468151,-0.0922015,-0.095278166,-0.17285317,-0.14369068,-0.13743341,-0.14762771,-0.12719077,-0.15175185,-0.2613474,-0.22333384,-0.19000624,-0.20047067,-0.14697172,-0.14999321,-0.13113809,-0.14345932,-0.15309241,-0.16576478,-0.14827836,-0.16278498,-0.15888721,-0.14998752,-0.14790124,-0.15750042,-0.154381,-0.22480208,-0.120334074,-0.14207226,-0.118213035,-0.16278064,-0.17573863,-0.15584342,-0.16969785,-0.11139822,-0.1388583,-0.13027036,-0.12948054,-0.15152657,-0.14311337,-0.1155204,-0.10065024,-0.08961342,-0.10559635,-0.12098463,-0.13571297,-0.15027548,-0.16170281,-0.1185138,-0.11129953,-0.1578567,-0.17738779,-0.13455221,-0.16440421,-0.25953975,-0.1490781,-0.13242245,-0.14200968,-0.15095688,-0.17780018,-0.1636314,-0.22917573,-0.09015879,-0.10962651,-0.13515949,-0.13002485,-0.13997786,-0.17437826,-0.13908121,-0.16057305,-0.12777606,-0.07092635,-0.03704006,-0.13720444,-0.16377962,-0.18024659,-0.14332479,-0.12334781,-0.13591826,-0.12023825,-0.1392303,-0.25318068,-0.26654312,-0.08293857,-0.10945694,-0.14614318,-0.09238048,-0.1890669,-0.19133626,-0.15292662,-0.08974862,-0.13230102,-0.15007783,-0.15080652,-0.15986398,-0.17162998,-0.186591,-0.086971276,-0.12409581,-0.14166145,-0.10256614,-0.17951453,-0.19495486,-0.19331628,-0.1000721,-0.13113372,-0.079403214,-0.12855399,-0.19006202,-0.19482648,-0.19314337,-0.12428336,-0.07419184,-0.09690195,-0.11835155,-0.13707308,-0.12406494,-0.121451,-0.09405807,-0.09597025,-0.10842668,-0.082459606,-0.11302151,-0.1331226,-0.16879904,-0.1410757,-0.13614751,-0.18093297,-0.17825818,-0.19527063,-0.14543603,-0.15549555,-0.13631812,-0.119081676,-0.14001076,-0.19117098,-0.19173177,-0.1820122,-0.19755594,-0.25103784,-0.20219928,-0.19093826,-0.19164951,-0.18352309,-0.1743464,-0.27554205,-0.08916744,-0.11956477,-0.1276784,-0.15751183,-0.20931396,-0.18224281,-0.29657933,-0.32474133,-0.14951323,-0.3242122,-0.17325558,-0.17108874,-0.2185038,-0.17647925,-0.114121355,-0.13961893,-0.15388772,-0.15788373,-0.22984435,-0.18186735,-0.25677985,-0.104164466,-0.12455491,-0.13902858,-0.12465326,-0.15189947,-0.15674044,-0.15788014,-0.14014931,-0.15141064,-0.1650224,-0.15567291,-0.1546164,-0.15354863,-0.13401772,-0.12320223,-0.14664169,-0.1924881,-0.17800766,-0.21025829,-0.3990198,-0.20407876,-0.11345342,-0.1296617,-0.119051285,-0.14884685,-0.16636807,-0.18886052,-0.19305027,-0.13150278,-0.076059364,-0.15484191,-0.1402341,-0.14106366,-0.11869058,-0.19987361,-0.1649412,-0.15838364,-0.14181629,-0.12360846,-0.12722544,-0.14610182,-0.2588673,-0.10702579,-0.13074079,-0.09132757,-0.12832497,-0.13009194,-0.15037085,-0.15322962,-0.09601852,-0.08910369,-0.124869786,-0.11037445,-0.13825832,-0.15154575,-0.17201093,-0.14370573,-0.11620494,-0.17525169,-0.15255406,-0.14311662,-0.12524647,-0.14335054,-0.17466888,-0.13176009,-0.13292104,-0.14647444,-0.12322104,-0.08722703,-0.05825615,-0.14422648,-0.17082691,-0.026243303,-0.16598713,-0.2829064,-0.31316653,-0.20019862,-0.14641361,-0.14331596,-0.14862512,-0.12963767,-0.25088155,-0.19500694,-0.19059289,-0.09441681,-0.10940106,-0.10702289,-0.094739646,-0.12759323,-0.15366954,-0.15746465,-0.167835,-0.12812386,-0.0969081,-0.16398169,-0.14519241,-0.11335766,-0.18846886,-0.1706479,-0.15422404,-0.12617676,-0.115196005,-0.11324541,-0.11662802,-0.17783251,-0.13923155,-0.13513455,-0.096878245,-0.12117653,-0.091641925,-0.12434345,-0.13645513,-0.063823454,-0.13877153,-0.11419349,-0.13417077,-0.24483351,-0.2571875,-0.29957527,-0.14690489,-0.1576306,-0.13299806,-0.19104545,-0.0782174,-0.17390795,-0.16527644,-0.09859173,-0.11065883,-0.11500528,-0.076612435,-0.083404,-0.1213824,-0.13072303,-0.13855581,-0.19385117,-0.099122934,-0.15659708,-0.19487974,-0.19210614,-0.18841523,-0.111338265,-0.1431463,-0.10340364,-0.16131648,-0.19542837,-0.17555736,-0.16991106,-0.1433471,-0.14303857,-0.10076351,-0.15422776,-0.16204813,-0.18165226,-0.19631562,-0.121766806,-0.14845048,-0.11355308,-0.07950491,-0.14402916,-0.20725825,-0.1615812,-0.125103,-0.15657571,-0.15690626,-0.14363487,-0.19202894,-0.16342941,-0.18414281,-0.2963242,-0.19624007,-0.18171966,-0.17171955,-0.19383933,-0.15778369,-0.14054683,-0.13076031,-0.12557748,-0.13897452,-0.16336101,-0.30584824,-0.16737741,-0.18294996,-0.19344075,-0.11441202,-0.15190442,-0.14070237,-0.17915848,-0.16795625,-0.16575903,-0.14331086,-0.18237996,-0.1280098,-0.15384662,-0.13797182,-0.24156228,-0.17951682,-0.10303436,-0.13497537,-0.14308947,-0.17627086,-0.109914064,-0.13498648,-0.15414616,-0.16089985,-0.1820481,-0.15599734,-0.15034786,-0.19184028,-0.1763338,-0.16584504,-0.14723541,-0.14623587,-0.11499533,-0.10471026,-0.13589087,-0.20148799,-0.17866209,-0.12513243,-0.16483678,-0.18041904,-0.18738703,-0.11705899,-0.17958373,-0.26060104,-0.092022136,-0.09180044,-0.11455004,-0.13673832,-0.14882143,-0.09801772,-0.19124764
k__Bacteria|p__Fusobacteria|c__Fusobacteriia|o__Fusobacteriales|f__Fusobacteriaceae|g__Cetobacterium|s__Cetobacterium_somerae,-0.1004395,-0.12316422,-0.1406185,-0.20428483,-0.1665777,-0.19402868,-0.1666669,-0.14544658,-0.12449704,-0.18459238,-0.18328753,-0.22150886,-0.16883893,-0.20439416,-0.10268548,-0.098317735,-0.058144663,-0.099802345,-0.10699749,-0.17131563,-0.1978925,-0.12536043,-0.13672845,-0.15323845,-0.17175698,-0.11658599,-0.16779494,-0.17508584,-0.1509206,-0.12124001,-0.1351087,-0.104708895,-0.14826924,-0.19584084,-0.18980834,-0.2175087,-0.16028899,-0.22338755,-0.19634424,-0.29867563,-0.29210672,-0.19839495,-0.10710966,-0.09162698,-0.13691942,-0.1546746,-0.23188588,-0.19375136,-0.14688292,-0.2026537,-0.18362026,-0.18279888,-0.19686148,-0.19786802,-0.2022011,-0.15911862,-0.12570827,-0.14408934,-0.09222529,-0.09509352,-0.17207044,-0.14306405,-0.13743341,-0.14714661,-0.12719077,-0.15118268,-0.2613474,-0.22333384,-0.18924287,-0.20047067,-0.14639197,-0.14961967,-0.13049161,-0.14274794,-0.15208593,-0.16523522,-0.14769918,-0.16278498,-0.15914269,-0.14998752,-0.14740005,-0.15690224,-0.1536867,-0.22480208,-0.120334074,-0.14153695,-0.11790885,-0.16203415,-0.17493643,-0.15526947,-0.16880834,-0.11139822,-0.1388583,-0.13027036,-0.12889647,-0.15152657,-0.14277567,-0.11557396,-0.10065024,-0.08967647,-0.10529132,-0.1205198,-0.13506867,-0.15027548,-0.16106032,-0.1185138,-0.11129953,-0.1578567,-0.17738779,-0.13413236,-0.1628678,-0.25953975,-0.14871158,-0.1321486,-0.14119515,-0.15095688,-0.17780018,-0.16300753,-0.22917573,-0.09015879,-0.109648064,-0.1346506,-0.1296027,-0.13997786,-0.17361425,-0.13908121,-0.16057305,-0.12777606,-0.07092635,-0.03704006,-0.13666193,-0.16272146,-0.17952847,-0.14332479,-0.12334781,-0.13563631,-0.12023825,-0.13831493,-0.25318068,-0.26654312,-0.08303857,-0.10945694,-0.1451891,-0.09238048,-0.1880044,-0.19021985,-0.15246701,-0.08977018,-0.13230102,-0.1495032,-0.15029734,-0.15926346,-0.17086431,-0.18517043,-0.08697532,-0.123827256,-0.1413859,-0.10256614,-0.17951453,-0.19495486,-0.19207951,-0.099745326,-0.13113372,-0.07860322,-0.12737027,-0.19006202,-0.19382684,-0.1919247,-0.12399766,-0.074667886,-0.09674877,-0.11788732,-0.1364888,-0.12406494,-0.121451,-0.094038956,-0.09587805,-0.108127415,-0.082459606,-0.11255754,-0.13243958,-0.16797471,-0.1410757,-0.13587262,-0.18093297,-0.17825818,-0.19407308,-0.14445692,-0.15549555,-0.13562696,-0.119081676,-0.14001076,-0.19117098,-0.19094978,-0.18146116,-0.19755594,-0.25103784,-0.20219928,-0.19031122,-0.19075692,-0.18261716,-0.1732727,-0.27554205,-0.08916744,-0.11956477,-0.1271711,-0.15751183,-0.20931396,-0.18224281,-0.29657933,-0.32474133,-0.14856143,-0.3242122,-0.17325558,-0.17108874,-0.2185038,-0.17647925,-0.114121355,-0.13937685,-0.15388772,-0.15788373,-0.22984435,-0.18186735,-0.25329635,-0.103972286,-0.12455491,-0.13854629,-0.124133855,-0.15189947,-0.15591432,-0.1572418,-0.14014931,-0.15141064,-0.16422406,-0.15527081,-0.15402642,-0.15276921,-0.13357307,-0.12287434,-0.14639713,-0.19148113,-0.17738672,-0.21025829,-0.3990198,-0.20106621,-0.11322442,-0.1296617,-0.11853768,-0.14799014,-0.16636807,-0.18786654,-0.19193994,-0.13116512,-0.07612321,-0.15364939,-0.13957183,-0.14106366,-0.11853472,-0.19987361,-0.1649412,-0.15824558,-0.1410442,-0.12319368,-0.12722544,-0.14610182,-0.2588673,-0.10669824,-0.13074079,-0.09132757,-0.12832497,-0.12954342,-0.14976813,-0.15271166,-0.09601982,-0.08910369,-0.1242246,-0.109963946,-0.13769424,-0.15081415,-0.17097127,-0.14305949,-0.11606501,-0.17432955,-0.15195197,-0.14263263,-0.1247918,-0.14304018,-0.17466888,-0.13176009,-0.13230245,-0.14590925,-0.122834444,-0.08722703,-0.05825615,-0.14354,-0.17082691,-0.026243303,-0.16532667,-0.2829064,-0.31316653,-0.19791672,-0.14590618,-0.14331596,-0.14862512,-0.12963767,-0.25088155,-0.19409022,-0.18938485,-0.09417214,-0.1092664,-0.10702289,-0.094038054,-0.12759323,-0.15285885,-0.15746465,-0.16748062,-0.12812386,-0.0969081,-0.16398169,-0.14455405,-0.11335766,-0.18846886,-0.1706479,-0.1539236,-0.1258885,-0.115196005,-0.112746246,-0.11662802,-0.17703761,-0.13874395,-0.13466316,-0.096878245,-0.1207487,-0.09147714,-0.12434345,-0.13628644,-0.063823454,-0.13877153,-0.11419349,-0.13337189,-0.24483351,-0.2571875,-0.29957527,-0.14628945,-0.15705909,-0.13214858,-0.19104545,-0.0782174,-0.17275059,-0.16456856,-0.09859173,-0.11065883,-0.11496552,-0.076612435,-0.083404,-0.1213824,-0.13072303,-0.13855581,-0.19385117,-0.098865986,-0.1555313,-0.19487974,-0.1912134,-0.18721306,-0.11103159,-0.14292157,-0.10326941,-0.16037287,-0.19438249,-0.17421187,-0.16886534,-0.14283909,-0.14260884,-0.1005694,-0.15326634,-0.16166954,-0.18083555,-0.19512495,-0.12129863,-0.14783011,-0.11351386,-0.079649195,-0.14248526,-0.20725825,-0.16111352,-0.125103,-0.15657571,-0.15690626,-0.14334714,-0.19202894,-0.16269052,-0.18303005,-0.2963242,-0.19491404,-0.1802955,-0.17095354,-0.19255032,-0.15686923,-0.14054683,-0.13020794,-0.12557748,-0.13812047,-0.1621777,-0.30584824,-0.16663745,-0.18171658,-0.19281667,-0.11441202,-0.15073667,-0.1402781,-0.17828134,-0.16715291,-0.16511211,-0.14331086,-0.18237996,-0.12764885,-0.15322688,-0.1363819,-0.24156228,-0.17904276,-0.10287529,-0.13477924,-0.14245243,-0.17516086,-0.10980244,-0.13429964,-0.15341184,-0.16049533,-0.18169777,-0.15504456,-0.14931612,-0.19184028,-0.17545286,-0.16534902,-0.14723541,-0.14623587,-0.11499533,-0.10471026,-0.13480839,-0.20148799,-0.17787279,-0.12513243,-0.16533345,-0.18041904,-0.18738703,-0.11705899,-0.17846714,-0.25823852,-0.091993526,-0.09185726,-0.11412697,-0.1360604,-0.14804283,-0.097717375,-0.18988922
k__Bacteria|p__Fusobacteria|c__CFGB76375|o__OFGB76375|f__FGB76375|g__GGB4386|s__GGB4386_SGB6036,-0.1004395,-0.12316422,-0.14181177,-0.20428483,-0.16718617,-0.19358861,-0.1666669,-0.14524183,-0.12477985,-0.18371981,-0.18297559,-0.22998163,-0.16827083,-0.20612298,-0.10301513,-0.09939968,-0.058144663,-0.099698424,-0.10782422,-0.17087442,-0.1978925,-0.12536043,-0.13628593,-0.15242004,-0.17167355,-0.11658599,-0.16730443,-0.17390543,-0.1509206,-0.12124001,-0.13508822,-0.10567163,-0.14844841,-0.19599485,-0.18927556,-0.2175087,-0.1610957,-0.22338755,-0.19764479,-0.29867563,-0.29210672,-0.19840848,-0.1070523,-0.09162698,-0.13691942,-0.1551157,-0.23188588,-0.19383627,-0.14651152,-0.2026537,-0.18385395,-0.18279888,-0.19804317,-0.19926059,-0.20510277,-0.15707986,-0.1257737,-0.1438126,-0.09207736,-0.095669076,-0.17132568,-0.14235641,-0.13743341,-0.14701271,-0.12719077,-0.15113883,-0.2613474,-0.22333384,-0.18888262,-0.20047067,-0.14577809,-0.14924926,-0.13090798,-0.14288709,-0.15076998,-0.16416186,-0.14658396,-0.16278498,-0.15948334,-0.14998752,-0.14721972,-0.15726319,-0.15324104,-0.22480208,-0.120334074,-0.14152206,-0.1183856,-0.16096094,-0.17416525,-0.15582502,-0.16821632,-0.11139822,-0.1388583,-0.13027036,-0.12850875,-0.15152657,-0.14233324,-0.115352385,-0.10065024,-0.09036381,-0.1053334,-0.12044927,-0.13502127,-0.15027548,-0.16033459,-0.1185138,-0.11129953,-0.1578567,-0.17738779,-0.13384251,-0.16438003,-0.25953975,-0.14873098,-0.13267854,-0.14190598,-0.15095688,-0.17780018,-0.16367029,-0.22917573,-0.09015879,-0.11005996,-0.13480769,-0.12972021,-0.13997786,-0.1738166,-0.13908121,-0.16057305,-0.12777606,-0.07092635,-0.03704006,-0.13714486,-0.16208541,-0.17895296,-0.14332479,-0.12334781,-0.1355667,-0.12023825,-0.13845858,-0.25318068,-0.26654312,-0.08336753,-0.10945694,-0.14442778,-0.09238048,-0.18775271,-0.19055113,-0.15298063,-0.09018898,-0.13230102,-0.14957398,-0.15039364,-0.15907882,-0.17061128,-0.18374671,-0.08786073,-0.12379135,-0.14133602,-0.10256614,-0.17951453,-0.19495486,-0.19132361,-0.10009997,-0.13113372,-0.07994645,-0.12779495,-0.19006202,-0.19348961,-0.19187781,-0.12338467,-0.07519345,-0.097096965,-0.11854394,-0.1365414,-0.12406494,-0.121451,-0.094531775,-0.09654154,-0.10837053,-0.082459606,-0.11274396,-0.13207299,-0.1670413,-0.1410757,-0.13640435,-0.18093297,-0.17825818,-0.19447032,-0.14474253,-0.15549555,-0.13551594,-0.119081676,-0.14001076,-0.19117098,-0.19152574,-0.18163927,-0.19755594,-0.25103784,-0.20219928,-0.19003305,-0.19134973,-0.18257877,-0.17411268,-0.27554205,-0.08916744,-0.11956477,-0.12779137,-0.15751183,-0.20931396,-0.18224281,-0.29657933,-0.32474133,-0.15292537,-0.3242122,-0.17325558,-0.17108874,-0.2185038,-0.17647925,-0.114121355,-0.13995361,-0.15388772,-0.15788373,-0.22984435,-0.18186735,-0.2580027,-0.10439569,-0.12455491,-0.13844594,-0.124067165,-0.15189947,-0.15500763,-0.1561153,-0.14014931,-0.15141064,-0.16313612,-0.15536809,-0.1535875,-0.1532352,-0.13391183,-0.12303452,-0.14618534,-0.19045651,-0.17700072,-0.21025829,-0.3990198,-0.20238541,-0.11333748,-0.1296617,-0.11848004,-0.14794958,-0.16636807,-0.18656695,-0.1916793,-0.13164818,-0.076488085,-0.15309255,-0.13977373,-0.14106366,-0.11787862,-0.19987361,-0.1649412,-0.15871146,-0.14171128,-0.1235531,-0.12722544,-0.14610182,-0.2588673,-0.10726757,-0.13074079,-0.09132757,-0.12832497,-0.12909895,-0.149739,-0.15172079,-0.09618737,-0.08910369,-0.124280326,-0.11048806,-0.13786681,-0.15078124,-0.17043261,-0.1429744,-0.11622306,-0.17402259,-0.15181157,-0.1423738,-0.12551549,-0.14175972,-0.17466888,-0.13176009,-0.13221662,-0.14576796,-0.12289659,-0.08722703,-0.05825615,-0.14352757,-0.17082691,-0.026243303,-0.16662934,-0.2829064,-0.31316653,-0.19834615,-0.14571957,-0.14331596,-0.14862512,-0.12963767,-0.25088155,-0.19404812,-0.18863627,-0.09456578,-0.10922423,-0.10702289,-0.0937507,-0.12759323,-0.15286756,-0.15746465,-0.16712886,-0.12812386,-0.0969081,-0.16398169,-0.14351761,-0.11335766,-0.18846886,-0.1706479,-0.15402293,-0.12575513,-0.115196005,-0.112937406,-0.11662802,-0.17586991,-0.13849725,-0.13436891,-0.096878245,-0.12107908,-0.091571525,-0.12434345,-0.13568647,-0.063823454,-0.13877153,-0.11419349,-0.1339607,-0.24483351,-0.2571875,-0.29957527,-0.14629911,-0.1568596,-0.13226686,-0.19104545,-0.0782174,-0.17247391,-0.16441014,-0.09859173,-0.11065883,-0.114392936,-0.076612435,-0.083404,-0.1213824,-0.13072303,-0.13855581,-0.19385117,-0.09916985,-0.15579474,-0.19487974,-0.1911692,-0.18706036,-0.11114374,-0.14303721,-0.10271406,-0.15933414,-0.19422442,-0.1728499,-0.16916052,-0.14283767,-0.1425527,-0.10189,-0.15332517,-0.16157225,-0.1810373,-0.19528764,-0.12113686,-0.14728047,-0.1135497,-0.07980123,-0.14337209,-0.20725825,-0.16085,-0.125103,-0.15657571,-0.15690626,-0.14358741,-0.19202894,-0.16261102,-0.18203245,-0.2963242,-0.19863944,-0.1813058,-0.17173886,-0.19331323,-0.15763193,-0.14054683,-0.130335,-0.12557748,-0.1382592,-0.1637378,-0.30584824,-0.16694771,-0.18129191,-0.19275208,-0.11441202,-0.15062287,-0.14056867,-0.17812447,-0.1670129,-0.16448465,-0.14331086,-0.18237996,-0.12834105,-0.15350828,-0.13799034,-0.24156228,-0.17944941,-0.10319744,-0.1352511,-0.14193651,-0.17455,-0.1102226,-0.1345636,-0.15219915,-0.16003123,-0.18193188,-0.15416822,-0.14920378,-0.19184028,-0.1754927,-0.16403851,-0.14723541,-0.14623587,-0.11499533,-0.10471026,-0.13508168,-0.20148799,-0.17709441,-0.12513243,-0.16567102,-0.18041904,-0.18738703,-0.11705899,-0.17641433,-0.25970542,-0.09243534,-0.092117,-0.11476742,-0.13599764,-0.14807822,-0.0984479,-0.18908387
k__Bacteria|p__Fusobacteria|c__CFGB76370|o__OFGB76370|f__FGB76370|g__GGB79751|s__GGB79751_SGB6028,-0.1004395,-0.12316422,-0.14239357,-0.20428483,-0.16721068,-0.19293475,-0.1666669,-0.14502418,-0.12590037,-0.18314552,-0.18364426,-0.22216634,-0.16953677,-0.2029548,-0.10352492,-0.09951689,-0.058144663,-0.099650025,-0.10859716,-0.17045234,-0.1978925,-0.12536043,-0.13635755,-0.1518822,-0.17113256,-0.11658599,-0.16759959,-0.17303693,-0.1509206,-0.12124001,-0.13530782,-0.10669212,-0.14857423,-0.19514032,-0.18839526,-0.2175087,-0.16122952,-0.22338755,-0.19652292,-0.29867563,-0.29210672,-0.19704226,-0.10736315,-0.09162698,-0.13691942,-0.15524662,-0.23188588,-0.19326368,-0.14657566,-0.2026537,-0.18438855,-0.18279888,-0.19682576,-0.19776915,-0.20148987,-0.15614091,-0.12588032,-0.14354584,-0.09255837,-0.096249446,-0.17092982,-0.14204073,-0.13743341,-0.14688161,-0.12719077,-0.15155905,-0.2613474,-0.22333384,-0.18835817,-0.20047067,-0.14529797,-0.14912567,-0.13096136,-0.14271319,-0.1498203,-0.16310653,-0.1460615,-0.16278498,-0.15975836,-0.14998752,-0.14723685,-0.15732923,-0.15309194,-0.22480208,-0.120334074,-0.14158341,-0.11884601,-0.1603485,-0.17340572,-0.15595351,-0.16768542,-0.11139822,-0.1388583,-0.13027036,-0.12870674,-0.15152657,-0.14302447,-0.115583375,-0.10065024,-0.09138696,-0.1058391,-0.120555654,-0.13509555,-0.15027548,-0.15994167,-0.1185138,-0.11129953,-0.1578567,-0.17738779,-0.1331197,-0.16439287,-0.25953975,-0.14880452,-0.13331045,-0.1418899,-0.15095688,-0.17780018,-0.16390513,-0.22917573,-0.09015879,-0.1108121,-0.13500798,-0.12981544,-0.13997786,-0.17378312,-0.13908121,-0.16057305,-0.12777606,-0.07092635,-0.03704006,-0.137444,-0.16191189,-0.17815505,-0.14332479,-0.12334781,-0.13616318,-0.12023825,-0.13840842,-0.25318068,-0.26654312,-0.08432575,-0.10945694,-0.14397493,-0.09238048,-0.18762869,-0.19001263,-0.15346596,-0.09104374,-0.13230102,-0.14972368,-0.15043771,-0.15880603,-0.1703086,-0.1824894,-0.088887244,-0.12352412,-0.14085579,-0.10256614,-0.17951453,-0.19495486,-0.18999207,-0.10064464,-0.13113372,-0.080208115,-0.1281316,-0.19006202,-0.1927648,-0.19105685,-0.123067826,-0.07644684,-0.09757471,-0.11894665,-0.13672769,-0.12406494,-0.121451,-0.095025554,-0.09735441,-0.10893045,-0.082459606,-0.11321397,-0.1324007,-0.16627353,-0.1410757,-0.13697526,-0.18093297,-0.17825818,-0.19379601,-0.14474696,-0.15549555,-0.13523555,-0.119081676,-0.14001076,-0.19117098,-0.1908784,-0.18136394,-0.19755594,-0.25103784,-0.20219928,-0.1903033,-0.1912039,-0.1824489,-0.17425212,-0.27554205,-0.08916744,-0.11956477,-0.1288651,-0.15751183,-0.20931396,-0.18224281,-0.29657933,5.8985605,-0.15551983,4.483159,3.838685,-0.17108874,3.1959794,-0.17647925,-0.114121355,-0.14057803,-0.15388772,-0.15788373,-0.22984435,-0.18186735,-0.25517362,-0.10494347,-0.12455491,-0.1387715,-0.124438405,-0.15189947,-0.15459093,-0.15539366,-0.14014931,-0.15141064,-0.1623658,-0.15536258,-0.15332058,-0.15317616,-0.13418669,-0.12353912,-0.14668302,-0.18967015,-0.1767987,-0.21025829,-0.3990198,-0.2019057,-0.113796905,-0.1296617,-0.11844345,-0.14805901,-0.16636807,-0.185615,-0.19115865,-0.13200562,-0.07787894,-0.15250719,-0.14017442,-0.14106366,-0.11789587,-0.19987361,-0.1649412,-0.15918273,-0.14179865,-0.123950385,-0.12722544,-0.14610182,-0.2588673,-0.107823536,-0.13074079,-0.09132757,-0.12832497,-0.12921885,-0.1500345,-0.15121093,-0.09674082,-0.08910369,-0.12446043,-0.111197025,-0.13806069,-0.1509653,-0.1696203,-0.14292242,-0.11714946,-0.17345612,-0.15202862,-0.14224938,-0.12605955,-0.14134777,-0.17466888,-0.13176009,-0.1324377,-0.14561239,-0.12303268,-0.08722703,-0.05825615,-0.14347962,-0.17082691,-0.026243303,-0.16646126,-0.2829064,-0.31316653,-0.19776571,-0.14559624,-0.14331596,-0.14862512,-0.12963767,-0.25088155,-0.19307593,-0.1876351,-0.09548901,-0.10948894,-0.10702289,-0.09374794,-0.12759323,-0.15307117,-0.15746465,-0.16666317,-0.12812386,-0.0969081,-0.16398169,-0.14299706,-0.11335766,-0.18846886,-0.1706479,-0.15396538,-0.12585291,-0.115196005,-0.11310894,-0.11662802,-0.17518362,-0.13835266,-0.13419625,-0.096878245,-0.121318415,-0.092302226,-0.12434345,-0.13580447,-0.063823454,-0.13877153,-0.11419349,-0.13409123,-0.24483351,-0.2571875,-0.29957527,-0.14609896,-0.15662998,-0.13238668,-0.19104545,-0.0782174,-0.17188576,-0.16379733,-0.09859173,-0.11065883,-0.114691645,-0.076612435,-0.083404,-0.1213824,-0.13072303,-0.13855581,-0.19385117,-0.0994316,-0.15553103,-0.19487974,-0.19102159,-0.18632308,-0.111661896,-0.14323378,-0.10327264,-0.1583297,-0.19369519,-0.17130516,-0.16911297,-0.14287098,-0.14235549,-0.10293926,-0.15327418,-0.16150731,-0.18104964,-0.1945394,-0.12140742,-0.14685863,-0.11432527,-0.08100061,-0.14297406,-0.20725825,-0.16059642,-0.125103,-0.15657571,-0.15690626,-0.1439015,-0.19202894,-0.16255403,-0.18116078,-0.2963242,-0.19931766,-0.18139485,-0.1722369,-0.19310431,-0.15770137,-0.14054683,-0.13053244,-0.12557748,-0.13842842,-0.16362874,-0.30584824,-0.16718508,-0.18045571,-0.1925708,-0.11441202,-0.15041941,-0.14088431,-0.17773373,-0.16657291,-0.16405669,-0.14331086,-0.18237996,-0.12894794,-0.15346593,-0.13784482,-0.24156228,-0.17978294,-0.103732355,-0.1357828,-0.1417309,-0.1735959,-0.11114385,-0.13489857,-0.151481,-0.15937245,-0.1821157,-0.15342385,-0.14889109,-0.19184028,-0.17530535,-0.1632207,-0.14723541,-0.14623587,-0.11499533,-0.10471026,-0.13527423,-0.20148799,-0.17635307,-0.12513243,-0.16639592,-0.18041904,-0.18738703,-0.11705899,-0.17473555,-0.25845462,-0.09318157,-0.09287253,-0.11539682,-0.13596691,-0.14786893,-0.09945659,-0.1881048
k__Bacteria|p__Fusobacteria|c__Fusobacteriia|o__Fusobacteriales|f__Fusobacteriaceae|g__Fusobacterium|s__Fusobacterium_pseudoperiodonticum,-0.1004395,-0.12316422,-0.14173648,-0.20428483,-0.16613829,-0.1930811,-0.1666669,-0.14471179,-0.12488169,-0.1824862,-0.18270326,-0.23105909,-0.16783093,-0.20661464,-0.103553355,-0.099907614,-0.058144663,-0.099865645,-0.10779363,-0.17034599,-0.1978925,-0.12536043,-0.13585496,-0.15172872,-0.17097208,-0.11658599,-0.16639306,-0.17316857,-0.1509206,-0.12124001,-0.13474587,-0.10611987,-0.14795856,-0.19556552,-0.18861139,-0.2175087,-0.16019171,-0.22338755,-0.19679564,1.5278869,-0.29210672,-0.19865644,-0.10751789,-0.09162698,-0.13691942,-0.15433411,1.8746734,-0.19301406,-0.14641365,-0.2026537,-0.18259177,-0.18279888,-0.19730368,-0.19893368,-0.20524794,-0.15680614,-0.12571025,-0.14359698,-0.09233531,-0.09594014,-0.17053252,-0.14195871,-0.13743341,-0.14658141,-0.12719077,-0.15078312,-0.2613474,-0.22333384,-0.18817154,-0.20047067,-0.14541718,-0.14875516,-0.13084988,-0.14256983,-0.15036318,-0.16336107,-0.14607008,-0.16278498,-0.15873781,-0.14998752,-0.14647493,-0.15667528,-0.15279853,-0.22480208,-0.120334074,-0.14113158,-0.118239984,-0.16036019,-0.17336436,-0.1552854,-0.16729945,-0.11139822,-0.1388583,-0.13027036,-0.12844566,-0.15152657,-0.14180912,-0.11529244,-0.10065024,-0.09077196,-0.10565831,-0.12064707,-0.13481325,-0.15027548,-0.15964341,-0.1185138,-0.11129953,-0.1578567,-0.17738779,-0.13390443,-0.1637663,-0.25953975,-0.14821158,-0.13249099,-0.14158598,-0.15095688,-0.17780018,-0.16351669,-0.22917573,-0.09015879,-0.10988222,-0.13454752,-0.12960202,-0.13997786,-0.17307109,-0.13908121,-0.16057305,-0.12777606,-0.07092635,-0.03704006,-0.13695991,-0.16157739,-0.1779951,-0.14332479,-0.12334781,-0.13538711,-0.12023825,-0.13790648,1.590863,-0.26654312,-0.08383535,-0.10945694,-0.14422175,-0.09238048,-0.18683606,-0.18962342,-0.15237696,-0.09058834,-0.13230102,-0.14902404,-0.14991611,-0.15845725,-0.16994663,-0.18295181,-0.08829276,-0.12388184,-0.14101161,-0.10256614,-0.17951453,-0.19495486,-0.19062456,-0.100383654,-0.13113372,-0.08084816,-0.12782925,-0.19006202,-0.19270799,-0.19105443,-0.12322456,-0.07580702,-0.097654626,-0.11870288,-0.13624802,-0.12406494,-0.121451,-0.09497689,-0.09705806,-0.108724296,-0.082459606,-0.11312279,-0.13205716,-0.16645554,-0.1410757,-0.13591227,-0.18093297,-0.17825818,-0.19381431,-0.1446828,-0.15549555,-0.13535762,-0.119081676,-0.14001076,-0.19117098,-0.19075742,-0.18087667,-0.19755594,1.4170283,-0.20219928,-0.18910584,-0.1903128,-0.18183386,-0.17360154,-0.27554205,-0.08916744,-0.11956477,-0.12754756,-0.15751183,-0.20931396,-0.18224281,-0.29657933,-0.32474133,-0.15198043,-0.3242122,-0.17325558,-0.17108874,-0.2185038,-0.17647925,-0.114121355,-0.13949884,-0.15388772,-0.15788373,-0.22984435,-0.18186735,-0.25942937,-0.10463189,-0.12455491,-0.13809381,-0.12398768,-0.15189947,-0.15449569,-0.15564652,-0.14014931,-0.15141064,-0.16241328,-0.1546264,-0.15306354,-0.15279803,-0.133813,-0.12272729,-0.14576697,-0.18918812,-0.17662872,-0.21025829,-0.3990198,-0.20440117,-0.113530174,-0.1296617,-0.11893988,-0.1473777,-0.16636807,-0.1857687,-0.19089848,-0.13127607,-0.07722431,-0.15282217,-0.1393625,-0.14106366,-0.11767629,-0.19987361,-0.1649412,-0.15793234,-0.1415557,-0.12346758,-0.12722544,-0.14610182,-0.2588673,-0.10749256,-0.13074079,-0.09132757,-0.12832497,-0.12877914,-0.14909938,-0.15114285,-0.09656825,-0.08910369,-0.124322474,-0.110609025,-0.13760185,-0.15033296,-0.16979489,-0.14261727,-0.11608955,-0.17322223,-0.15138462,-0.14189762,-0.12547466,-0.14139497,-0.17466888,-0.13176009,-0.13210994,-0.14540642,-0.12288953,-0.08722703,-0.05825615,-0.1431013,-0.17082691,-0.026243303,-0.16654643,-0.2829064,-0.31316653,-0.19901147,-0.14524873,-0.14331596,2.600806,-0.12963767,-0.25088155,-0.19349524,-0.18793705,-0.09475875,-0.10945998,-0.10702289,-0.094364926,-0.12759323,-0.15244266,-0.15746465,-0.1664572,-0.12812386,-0.0969081,5.5981536,-0.14308202,-0.11335766,-0.18846886,-0.1706479,-0.15335415,-0.12567566,-0.115196005,-0.113103956,-0.11662802,-0.17524834,-0.1382294,-0.13428885,-0.096878245,-0.12135176,-0.09194374,-0.12434345,-0.13512555,-0.063823454,-0.13877153,-0.11419349,-0.13352007,-0.24483351,1.2203834,-0.29957527,-0.14599054,-0.15624052,-0.13229041,-0.19104545,-0.0782174,-0.17237113,-0.16355288,-0.09859173,-0.11065883,-0.11420403,-0.076612435,-0.083404,-0.1213824,-0.13072303,-0.13855581,-0.19385117,-0.099541485,-0.15535688,-0.19487974,-0.19030705,-0.18631573,-0.11127577,-0.14251727,-0.10321972,-0.15874621,-0.19366702,-0.17268294,-0.16827843,-0.1424984,-0.1423438,-0.10215947,-0.15283856,-0.16085087,-0.18027514,-0.19457757,-0.121183455,-0.14696394,-0.11372319,-0.08047359,-0.1431257,-0.20725825,-0.16024075,-0.125103,-0.15657571,-0.15690626,-0.1433604,-0.19202894,-0.16197026,-0.18108152,-0.2963242,-0.19887301,-0.1806835,-0.17090024,-0.19263384,-0.1572107,-0.14054683,-0.1302624,-0.12557748,-0.13822973,-0.16290313,-0.30584824,-0.16632128,-0.18040806,-0.19175294,-0.11441202,-0.15006791,-0.14020139,-0.17730984,-0.1663245,-0.1638358,-0.14331086,-0.18237996,-0.12841924,-0.15294346,-0.1378124,-0.24156228,-0.17880748,-0.10338591,-0.13482636,-0.14163828,-0.17387518,-0.11021363,-0.13441348,-0.15149452,-0.15940052,-0.18104804,-0.15380299,-0.14885925,0.96464753,-0.17474213,-0.16332081,-0.14723541,2.5003562,-0.11499533,-0.10471026,-0.13492894,-0.20148799,-0.17619602,-0.12513243,-0.16484088,-0.18041904,0.7949825,-0.11705899,-0.17563957,-0.25953722,-0.092976674,-0.09252268,-0.11490308,-0.1358984,-0.14775304,-0.09879756,-0.18815786
k__Bacteria|p__Fusobacteria|c__Fusobacteriia|o__Fusobacteriales|f__Fusobacteriaceae|g__Fusobacterium|s__Fusobacterium_nucleatum,-0.1004395,-0.12316422,-0.14120004,-0.20428483,-0.16571304,-0.19267589,-0.1666669,-0.1447225,-0.12479284,-0.1826652,-0.1816119,-0.22358656,-0.16983062,-0.2024099,-0.103552386,-0.099885285,-0.058144663,-0.10021898,-0.10810492,-0.17018282,-0.1978925,-0.12536043,-0.13632907,-0.15213883,-0.17094125,-0.11658599,-0.1665359,-0.17321782,-0.1509206,-0.12124001,-0.13484463,-0.10588853,-0.14790696,-0.19448456,-0.18824561,-0.2175087,-0.16000846,-0.22338755,-0.19569212,-0.29867563,4.165473,-0.19697815,-0.107590705,-0.09162698,-0.13691942,-0.15436217,1.2173803,-0.1924949,-0.14629161,-0.2026537,-0.18177363,-0.18279888,-0.19564515,-0.19771534,-0.20236474,-0.15806113,-0.12582564,-0.14366466,-0.09308787,-0.09636873,-0.17057602,-0.1424481,-0.13743341,-0.14665839,-0.12719077,-0.15101227,-0.2613474,-0.22333384,-0.18742447,-0.20047067,-0.14558978,-0.1489507,-0.13075212,-0.14261836,-0.15091541,-0.16362822,-0.14656168,-0.16278498,-0.15854216,-0.14998752,-0.14688109,-0.15649611,-0.15296668,-0.22480208,-0.120334074,-0.14133069,-0.1185216,-0.16058597,-0.17333736,-0.15510063,-0.16738465,-0.11139822,-0.1388583,-0.13027036,-0.1287431,-0.15152657,-0.14209479,-0.11584279,-0.10065024,-0.09102073,-0.105974555,-0.12074701,-0.13494398,-0.15027548,-0.15982339,-0.1185138,-0.11129953,-0.1578567,-0.17738779,-0.13425489,-0.16314754,-0.25953975,-0.14829971,-0.1323834,-0.14140917,-0.15095688,-0.17780018,-0.16274726,2.0934732,-0.09015879,-0.110323384,-0.13453856,-0.12977163,-0.13997786,-0.17268941,-0.13908121,-0.16057305,-0.12777606,-0.07092635,-0.03704006,-0.13667084,-0.16155207,-0.17804526,-0.14332479,-0.12334781,-0.13546431,-0.12023825,-0.13823853,-0.25318068,-0.26654312,-0.08432186,-0.10945694,-0.14447524,-0.09238048,-0.18654367,-0.18874322,-0.15227361,-0.09096854,-0.13230102,-0.14910364,-0.1498571,-0.158506,-0.16979179,-0.18323168,-0.088568486,-0.124055244,-0.14087331,-0.10256614,-0.17951453,0.6471729,-0.19048691,-0.10063009,-0.13113372,-0.08076562,-0.12797138,-0.19006202,-0.19208512,-0.19054323,-0.12367578,-0.07632552,-0.097840644,-0.11866227,-0.13635841,-0.12406494,-0.121451,-0.095214345,-0.09717959,-0.10880276,-0.082459606,-0.11318397,-0.1321971,-0.16649646,-0.1410757,-0.13603428,6.6617613,6.0680566,-0.19307153,-0.14439152,-0.15549555,-0.1355302,-0.119081676,-0.14001076,-0.19117098,-0.18982698,-0.18029237,-0.19755594,4.025192,2.4002995,-0.18865305,-0.18953761,-0.18147323,-0.17273918,3.4715319,-0.08916744,-0.11956477,-0.12745538,-0.15751183,-0.20931396,-0.18224281,-0.29657933,-0.32474133,-0.15205193,-0.3242122,-0.17325558,-0.17108874,-0.2185038,-0.17647925,-0.114121355,-0.13941965,-0.15388772,-0.15788373,-0.22984435,-0.18186735,-0.25360662,-0.10483442,-0.12455491,-0.13819402,-0.124244586,-0.15189947,-0.15472496,-0.15587565,-0.14014931,-0.15141064,-0.16269565,-0.15468758,-0.15316975,-0.15251434,-0.13383116,-0.12314302,-0.14588988,-0.18934087,-0.17580703,-0.21025829,-0.3990198,-0.20194088,-0.11368598,-0.1296617,-0.11878152,-0.14761999,-0.16636807,-0.18564385,-0.19040233,-0.13134865,-0.07782986,-0.15287353,-0.13946146,-0.14106366,-0.118251845,-0.19987361,-0.1649412,-0.15770724,-0.14128092,-0.12361685,-0.12722544,-0.14610182,-0.2588673,-0.10760602,-0.13074079,-0.09132757,-0.12832497,-0.1292744,-0.14914162,-0.15158282,-0.09690701,-0.08910369,-0.12444605,-0.1107319,-0.13770199,-0.1502165,-0.16989605,-0.14263017,-0.11647941,-0.17304058,-0.15123864,-0.14219894,-0.12531593,-0.14199558,-0.17466888,-0.13176009,-0.13236475,-0.14547187,-0.12313317,-0.08722703,-0.05825615,-0.14317083,-0.17082691,-0.026243303,-0.16535701,-0.2829064,-0.31316653,-0.19749355,-0.14544511,-0.14331596,-0.14862512,-0.12963767,-0.25088155,-0.1927036,-0.18770692,-0.09527322,-0.10981451,-0.10702289,-0.09504243,-0.12759323,-0.15243863,-0.15746465,-0.16643035,-0.12812386,-0.0969081,-0.16398169,-0.14358842,-0.11335766,-0.18846886,-0.1706479,-0.15345758,-0.1260261,-0.115196005,-0.11350713,-0.11662802,-0.17533985,-0.13836724,-0.13443002,-0.096878245,-0.121272415,-0.09247927,-0.12434345,-0.13572302,-0.063823454,-0.13877153,-0.11419349,-0.13365524,-0.24483351,-0.2571875,-0.29957527,-0.1458934,-0.15635072,-0.13225204,-0.19104545,-0.0782174,-0.1717411,-0.16369528,-0.09859173,-0.11065883,-0.11488177,-0.076612435,-0.083404,-0.1213824,-0.13072303,4.248277,3.2481804,-0.09995328,-0.15512979,-0.19487974,-0.18968311,-0.18598408,-0.11151539,-0.14262846,-0.10370072,-0.15902248,-0.19295287,-0.1725407,-0.16790533,-0.14247979,-0.14235589,-0.102061324,-0.15274811,-0.16087803,-0.17972139,-0.19360891,-0.1214454,-0.14706485,-0.11384104,-0.08103816,-0.14284648,-0.20725825,-0.16006084,-0.125103,-0.15657571,-0.15690626,-0.14324294,-0.19202894,-0.16185227,-0.1812973,1.7147804,-0.19580698,-0.17990482,-0.17022139,-0.19141258,-0.15670153,-0.14054683,-0.1302449,-0.12557748,-0.13799208,-0.16249372,-0.30584824,-0.1658212,-0.18026398,-0.19134435,-0.11441202,-0.15021288,-0.1402131,-0.1770518,-0.16620892,-0.1640738,-0.14331086,-0.18237996,-0.12816049,-0.15295495,-0.13738453,-0.24156228,-0.17794582,-0.10369963,-0.13495544,-0.14192331,-0.17365932,-0.11060728,-0.13436046,-0.15200362,-0.15942144,-0.18042487,-0.15417683,-0.14886859,-0.19184028,-0.17436354,-0.16380982,-0.14723541,-0.14623587,-0.11499533,-0.10471026,-0.13504167,-0.20148799,-0.1762409,-0.12513243,-0.16456233,-0.18041904,-0.18738703,-0.11705899,-0.176539,-0.2560979,-0.093189426,-0.09298642,-0.11489409,-0.13598743,-0.14768778,-0.09902839,-0.18790573
k__Bacteria|p__Candidatus_Saccharibacteria|c__Candidatus_Nanosyncoccalia|o__Candidatus_Nanosyncoccales|f__Candidatus_Nanosyncoccacae|g__Candidatus_Nanosyncoccus|s__Candidatus_Nanosyncoccus_SGB19793,-0.1004395,-0.12316422,-0.14178014,-0.20428483,-0.16781409,-0.19432284,-0.1666669,-0.1458565,-0.1252549,-0.18503624,-0.1833084,-0.22334155,-0.16857718,-0.20432128,-0.10299892,-0.0987418,-0.058144663,-0.09986034,-0.10778004,-0.17170891,-0.1978925,-0.12536043,-0.13697158,-0.15326019,-0.17212339,-0.11658599,-0.16822344,-0.17498358,-0.1509206,-0.12124001,-0.13558784,-0.10547511,-0.148806,-0.19633412,-0.18988103,-0.2175087,-0.16171075,-0.22338755,-0.19759421,-0.29867563,-0.29210672,-0.198494,-0.10733916,-0.09162698,-0.13691942,-0.15542066,-0.23188588,-0.19452158,-0.1473197,-0.2026537,-0.18546453,-0.18279888,-0.19803557,-0.1981543,-0.20286855,-0.15840355,-0.1260675,-0.14426886,-0.09237367,-0.09566176,-0.17232063,-0.14299467,-0.13743341,-0.14748093,-0.12719077,-0.1517838,-0.2613474,-0.22333384,-0.18990138,-0.20047067,-0.14647606,-0.14989887,-0.13099638,-0.14309612,-0.15163623,-0.16521618,-0.1476787,-0.16278498,-0.16010438,-0.14998752,-0.14781581,-0.15761146,-0.15394697,-0.22480208,-0.120334074,-0.14189449,-0.11848812,-0.16202018,-0.17516658,-0.1559957,-0.16903087,-0.11139822,-0.1388583,-0.13027036,-0.12918709,-0.15152657,-0.14325953,-0.11591638,-0.10065024,-0.09020245,-0.10550374,-0.12079516,-0.13542888,-0.15027548,-0.1611866,-0.1185138,-0.11129953,-0.1578567,-0.17738779,-0.13412428,-0.16433626,-0.25953975,-0.14928389,-0.13276842,-0.14183405,-0.15095688,-0.17780018,-0.16420972,-0.22917573,-0.09015879,-0.11031316,-0.13507351,-0.1299119,-0.13997786,-0.1742335,-0.13908121,-0.16057305,-0.12777606,-0.07092635,-0.03704006,-0.13750905,-0.16284075,-0.17980318,-0.14332479,-0.12334781,-0.13609451,-0.12023825,-0.13857758,-0.25318068,-0.26654312,-0.08337705,-0.10945694,-0.14495721,-0.09238048,-0.1885503,-0.19092199,-0.15309489,-0.090219155,-0.13230102,-0.15000981,-0.15078616,-0.1596214,-0.1713242,-0.18487902,-0.087595,-0.12410709,-0.14137913,-0.10256614,-0.17951453,-0.19495486,-0.1921162,-0.10032007,-0.13113372,-0.07901594,-0.12784255,-0.19006202,-0.19422813,-0.19241732,-0.123941675,-0.075161874,-0.097171456,-0.118483014,-0.13678642,-0.12406494,-0.121451,-0.0944199,-0.096348114,-0.10838747,-0.082459606,-0.1128933,-0.132556,-0.16797785,-0.1410757,-0.13674532,-0.18093297,-0.17825818,-0.1946757,-0.14499827,-0.15549555,-0.13586962,-0.119081676,-0.14001076,-0.19117098,-0.19177347,-0.18218628,-0.19755594,-0.25103784,-0.20219928,-0.19119161,-0.19192985,-0.18317965,-0.17432517,-0.27554205,-0.08916744,-0.11956477,-0.12803596,-0.15751183,-0.20931396,-0.18224281,-0.29657933,-0.32474133,-0.15081295,-0.3242122,-0.17325558,-0.17108874,-0.2185038,-0.17647925,-0.114121355,-0.14025265,-0.15388772,-0.15788373,-0.22984435,-0.18186735,-0.2550218,-0.10442731,-0.12455491,-0.1389491,-0.12453375,-0.15189947,-0.15579578,-0.15720592,-0.14014931,-0.15141064,-0.1641382,-0.15594336,-0.15425536,-0.15339857,-0.1340257,-0.12342501,-0.14698012,-0.19134197,-0.17766249,-0.21025829,-0.3990198,-0.20117259,-0.11360466,-0.1296617,-0.118771344,-0.14841603,-0.16636807,-0.18779898,-0.19246107,-0.13178277,-0.076465525,-0.15381122,-0.14009964,-0.14106366,-0.11852776,-0.19987361,-0.1649412,-0.15919669,-0.14157866,-0.123620346,-0.12722544,-0.14610182,-0.2588673,-0.10725455,-0.13074079,-0.09132757,-0.12832497,-0.12966971,-0.15028206,-0.15265614,-0.0962867,-0.08910369,-0.12446376,-0.110489964,-0.13816181,-0.15129241,-0.17104504,-0.14353445,-0.11664599,-0.17464012,-0.15239815,-0.14284165,-0.12547626,-0.14290972,-0.17466888,-0.13176009,-0.13262334,-0.14620224,-0.123111956,-0.08722703,-0.05825615,-0.14389935,-0.17082691,-0.026243303,-0.16669509,-0.2829064,-0.31316653,-0.19782391,-0.14624834,-0.14331596,-0.14862512,-0.12963767,-0.25088155,-0.19473776,-0.18959305,-0.09454495,-0.10955153,-0.10702289,-0.0936964,-0.12759323,-0.15329535,-0.15746465,-0.16788551,-0.12812386,-0.0969081,-0.16398169,-0.14427918,-0.11335766,-0.18846886,-0.1706479,-0.15449786,-0.12615642,-0.115196005,-0.11298029,-0.11662802,-0.17689286,-0.1390149,-0.1347389,-0.096878245,-0.12108382,-0.091689914,-0.12434345,-0.13648379,-0.063823454,-0.13877153,-0.11419349,-0.13399577,-0.24483351,-0.2571875,-0.29957527,-0.14673093,-0.1573421,-0.13262111,-0.19104545,-0.0782174,-0.17313716,-0.16491488,-0.09859173,-0.11065883,-0.11505917,-0.076612435,-0.083404,-0.1213824,-0.13072303,-0.13855581,-0.19385117,-0.09910576,-0.15637977,-0.19487974,-0.1919676,-0.18757395,-0.11148439,-0.14333442,-0.10335487,-0.160447,-0.19489701,-0.1736573,-0.16947365,-0.14327577,-0.14293149,-0.101503916,-0.15367916,-0.16223109,-0.18155855,-0.19562532,-0.12158963,-0.14799333,-0.11403231,-0.079952314,-0.14330676,-0.20725825,-0.16168939,-0.125103,-0.15657571,-0.15690626,-0.14397103,-0.19202894,-0.16327189,-0.18303436,-0.2963242,-0.19755238,-0.1813559,-0.17195079,-0.19344994,-0.15769404,-0.14054683,-0.13062137,-0.12557748,-0.13851008,-0.16339144,-0.30584824,-0.16742662,-0.18198226,-0.19358283,-0.11441202,-0.15100124,-0.14095148,-0.17878538,-0.16769554,-0.16527784,-0.14331086,-0.18237996,-0.12863714,-0.15362048,-0.13742273,-0.24156228,-0.18013982,-0.10334159,-0.13548476,-0.1425859,-0.17540583,-0.110343024,-0.13488403,-0.15321663,-0.16075769,-0.18259326,-0.15486008,-0.14970295,-0.19184028,-0.17612424,-0.16524087,-0.14723541,-0.14623587,-0.11499533,-0.10471026,-0.13522287,-0.20148799,-0.17809302,-0.12513243,-0.1659603,-0.18041904,-0.18738703,-0.11705899,-0.17781496,-0.25963688,-0.092415154,-0.09219464,-0.11480209,-0.13635185,-0.14832753,-0.098306134,-0.18998012
k__Bacteria|p__Candidatus_Saccharibacteria|c__Candidatus_Nanosyncoccalia|o__Candidatus_Nanogingivales|f__Candidatus_Nanogingivalaceae|g__GGB12785|s__GGB12785_SGB19824,-0.1004395,-0.12316422,-0.1416907,-0.20428483,-0.1673174,-0.1936909,-0.1666669,-0.14509028,-0.12459272,-0.18319349,-0.18347943,-0.2299667,-0.16797645,-0.20641536,-0.10322455,-0.09932721,-0.058144663,-0.09968365,-0.107711874,-0.17088471,-0.1978925,-0.12536043,-0.13639876,-0.1524851,-0.17170112,-0.11658599,-0.1671105,-0.17398216,-0.1509206,-0.12124001,-0.1348984,-0.10572408,-0.1481535,-0.1962226,-0.18913442,-0.2175087,-0.16137108,-0.22338755,-0.19741705,-0.29867563,-0.29210672,-0.19841632,-0.10723374,-0.09162698,-0.13691942,-0.15492591,-0.23188588,-0.19393915,-0.14659551,-0.2026537,-0.18412906,-0.18279888,-0.19793148,-0.19943148,-0.20496413,-0.15709728,-0.12581731,-0.1439263,-0.09221922,-0.09567903,-0.1713658,-0.1425451,-0.13743341,-0.14704362,-0.12719077,-0.1507945,-0.2613474,-0.22333384,-0.18915433,-0.20047067,-0.14592923,-0.1493262,-0.13082905,-0.14287564,-0.15102583,-0.16450132,-0.14669794,-0.16278498,-0.15962312,-0.14998752,-0.1470944,-0.15718605,-0.1532794,-0.22480208,-0.120334074,-0.14138846,-0.118326366,-0.1611441,-0.17433836,-0.15572914,-0.16801146,-0.11139822,-0.1388583,-0.13027036,-0.12850152,-0.15152657,-0.14221026,-0.115354255,-0.10065024,-0.09030874,-0.10538171,-0.12058691,-0.13503027,-0.15027548,-0.1602827,-0.1185138,-0.11129953,-0.1578567,-0.17738779,-0.13390583,-0.1638714,-0.25953975,-0.14866042,-0.13251795,-0.14167061,-0.15095688,-0.17780018,-0.16382852,-0.22917573,-0.09015879,-0.109825075,-0.13471504,-0.1297383,-0.13997786,-0.17368099,-0.13908121,-0.16057305,-0.12777606,-0.07092635,-0.03704006,-0.13702661,-0.16207084,-0.17888683,-0.14332479,-0.12334781,-0.13539279,-0.12023825,-0.1381647,-0.25318068,-0.26654312,-0.08338884,-0.10945694,-0.14435533,-0.09238048,-0.18739262,-0.19044974,-0.1526095,-0.090211555,-0.13230102,-0.14940065,-0.15033829,-0.15906672,-0.1706914,-0.18383111,-0.08788235,-0.12391489,-0.14133705,-0.10256614,-0.17951453,-0.19495486,-0.19149786,-0.10006089,-0.13113372,-0.07984308,-0.12756191,-0.19006202,-0.19368726,-0.19176401,-0.12349667,-0.0754284,-0.097148106,-0.118442535,-0.13636506,-0.12406494,-0.121451,-0.094612256,-0.09653343,-0.10824688,-0.082459606,-0.112699494,-0.13206989,-0.1670571,-0.1410757,-0.13618913,-0.18093297,-0.17825818,-0.19447722,-0.14469963,-0.15549555,-0.1355088,-0.119081676,-0.14001076,-0.19117098,-0.19156563,-0.18157125,-0.19755594,-0.25103784,-0.20219928,-0.18995285,-0.19117172,-0.18236752,-0.1737952,-0.27554205,-0.08916744,-0.11956477,-0.12736978,-0.15751183,-0.20931396,-0.18224281,-0.29657933,-0.32474133,-0.15034753,-0.3242122,-0.17325558,-0.17108874,-0.2185038,-0.17647925,-0.114121355,-0.13977003,-0.15388772,-0.15788373,-0.22984435,-0.18186735,-0.2578221,-0.10441771,-0.12455491,-0.13827248,-0.123991445,-0.15189947,-0.15524036,-0.15628861,-0.14014931,-0.15141064,-0.16330558,-0.15541975,-0.1536218,-0.15309879,-0.13370466,-0.12290387,-0.14611696,-0.19028097,-0.17738266,-0.21025829,-0.3990198,-0.20132698,-0.113318235,-0.1296617,-0.11858915,-0.14770469,-0.16636807,-0.18659145,-0.1916081,-0.13134024,-0.076625526,-0.15307516,-0.13954848,-0.14106366,-0.11793807,-0.19987361,-0.1649412,-0.15859723,-0.14147142,-0.12343598,-0.12722544,-0.14610182,-0.2588673,-0.107168935,-0.13074079,-0.09132757,-0.12832497,-0.12900974,-0.1496898,-0.15178245,-0.09625892,-0.08910369,-0.12413534,-0.11043585,-0.13766776,-0.15068689,-0.17039013,-0.14296493,-0.11603464,-0.17382771,-0.15177628,-0.14228004,-0.12555301,-0.14179516,-0.17466888,-0.13176009,-0.13211453,-0.14581144,-0.12298748,-0.08722703,-0.05825615,-0.14345622,-0.17082691,-0.026243303,-0.16621044,-0.2829064,-0.31316653,-0.19789599,-0.14572412,-0.14331596,-0.14862512,-0.12963767,-0.25088155,-0.19448362,-0.1887066,-0.09455383,-0.10925923,-0.10702289,-0.09389337,-0.12759323,-0.1525749,-0.15746465,-0.1672718,-0.12812386,-0.0969081,-0.16398169,-0.14363018,-0.11335766,-0.18846886,-0.1706479,-0.15404631,-0.12587054,-0.115196005,-0.112873316,-0.11662802,-0.175823,-0.13860741,-0.1345362,-0.096878245,-0.12110863,-0.09156594,-0.12434345,-0.13551676,-0.063823454,-0.13877153,-0.11419349,-0.13363147,-0.24483351,-0.2571875,-0.29957527,-0.14633265,-0.15681355,-0.13231416,-0.19104545,-0.0782174,-0.17248051,-0.16421999,-0.09859173,-0.11065883,-0.11438197,-0.076612435,-0.083404,-0.1213824,-0.13072303,-0.13855581,-0.19385117,-0.099467926,-0.15561944,-0.19487974,-0.19109793,-0.18693258,-0.111148484,-0.14290057,-0.10303669,-0.15941143,-0.19440553,-0.17290956,-0.16885951,-0.14285979,-0.1426266,-0.10167472,-0.15305029,-0.16155298,-0.18074526,-0.19516307,-0.12123674,-0.14734402,-0.113419436,-0.07971856,-0.14308545,-0.20725825,-0.16094626,-0.125103,-0.15657571,-0.15690626,-0.14354482,-0.19202894,-0.16262801,-0.1819937,-0.2963242,-0.19820607,-0.18065217,-0.17138612,-0.1930313,-0.15741536,-0.14054683,-0.1303247,-0.12557748,-0.13823289,-0.16285972,-0.30584824,-0.16686153,-0.1812849,-0.19272153,-0.11441202,-0.15034768,-0.1404303,-0.1779665,-0.16709462,-0.1644462,-0.14331086,-0.18237996,-0.12825216,-0.15314522,-0.1376415,-0.24156228,-0.17927808,-0.10318258,-0.13510677,-0.1420385,-0.1746836,-0.11012009,-0.13444501,-0.15222383,-0.16011284,-0.1818553,-0.15424536,-0.14937532,-0.19184028,-0.17562884,-0.16419323,-0.14723541,-0.14623587,-0.11499533,-0.10471026,-0.13478309,-0.20148799,-0.17722893,-0.12513243,-0.16524813,-0.18041904,-0.18738703,-0.11705899,-0.17646231,-0.2599033,-0.09253724,-0.09210694,-0.11465275,-0.13593861,-0.14802098,-0.098368004,-0.18897898
k__Bacteria|p__Candidatus_Saccharibacteria|c__Candidatus_Nanosyncoccalia|o__Candidatus_Nanogingivales|f__Candidatus_Nanogingivalaceae|g__GGB12785|s__GGB12785_SGB19825,-0.1004395,-0.12316422,-0.14201686,-0.20428483,-0.1672236,-0.19396242,-0.1666669,-0.14522527,-0.12521498,-0.18391016,-0.1830781,-0.2262592,-0.17048228,-0.20528185,-0.103469566,-0.09958929,-0.058144663,-0.09946799,-0.107866906,-0.17103478,-0.1978925,-0.12536043,-0.1362863,-0.1522848,-0.1718714,1.6541581,-0.1674761,-0.17416583,-0.1509206,-0.12124001,-0.13511117,-0.10610703,-0.14828902,-0.19656757,-0.18955067,-0.2175087,-0.16128597,-0.22338755,-0.19789961,-0.29867563,-0.29210672,-0.1987305,-0.10756536,-0.09162698,-0.13691942,-0.1552315,-0.23188588,-0.19410506,-0.1469846,-0.2026537,-0.18453826,-0.18279888,-0.1975019,-0.19854933,-0.20382807,-0.15828872,-0.12589896,-0.14399907,-0.09214713,-0.0958475,-0.17144972,-0.14236479,-0.13743341,-0.14708781,-0.12719077,-0.15160733,-0.2613474,-0.22333384,-0.18920532,-0.20047067,-0.14586356,-0.14940715,-0.13084859,-0.1427826,-0.1508861,-0.16419134,-0.1469667,-0.16278498,-0.15961394,-0.14998752,-0.1471309,-0.1572637,-0.15329732,-0.22480208,-0.120334074,-0.14155695,-0.118426904,-0.16114834,-0.1743426,-0.15566754,-0.16822281,-0.11139822,-0.1388583,-0.13027036,-0.12879598,-0.15152657,-0.14259297,-0.11568703,-0.10065024,-0.09067357,-0.10577771,-0.120815754,-0.13520959,-0.15027548,-0.16053806,-0.1185138,-0.11129953,-0.1578567,-0.17738779,-0.13361697,-0.16411854,-0.25953975,-0.14890245,-0.13268182,-0.14169031,-0.15095688,-0.17780018,-0.16412494,-0.22917573,-0.09015879,-0.10996546,-0.13477592,-0.12979965,-0.13997786,-0.1738987,-0.13908121,-0.16057305,-0.12777606,-0.07092635,-0.03704006,-0.13725391,-0.16226393,-0.17899862,-0.14332479,-0.12334781,-0.13592696,-0.12023825,-0.13826826,-0.25318068,-0.26654312,-0.083636396,-0.10945694,-0.14455558,-0.09238048,-0.18788944,-0.19049206,-0.15313488,-0.0904448,-0.13230102,-0.14963067,-0.15045942,-0.15916169,-0.17080958,-0.18406147,-0.08804288,-0.12392855,-0.14110437,-0.10256614,-0.17951453,-0.19495486,-0.1917482,-0.10030553,-0.13113372,-0.07969166,-0.12821025,-0.19006202,-0.19382808,-0.1919964,-0.123456694,-0.075737,-0.097403765,-0.11875409,-0.13662316,-0.12406494,-0.121451,-0.094696835,-0.09701127,-0.108655974,-0.082459606,-0.113145955,-0.13249663,-0.16735141,-0.1410757,-0.13652767,-0.18093297,-0.17825818,-0.19467779,-0.14494574,-0.15549555,-0.1356405,-0.119081676,-0.14001076,-0.19117098,-0.19165564,-0.18150768,-0.19755594,-0.25103784,-0.20219928,-0.19027655,-0.19134769,-0.18287763,-0.17409107,-0.27554205,-0.08916744,-0.11956477,-0.12792513,-0.15751183,-0.20931396,-0.18224281,-0.29657933,-0.32474133,-0.15186842,-0.3242122,-0.17325558,-0.17108874,-0.2185038,-0.17647925,-0.114121355,-0.13998823,-0.15388772,-0.15788373,-0.22984435,-0.18186735,-0.2589179,-0.1045216,-0.12455491,-0.13857344,-0.124339394,-0.15189947,-0.15520029,-0.15648858,-0.14014931,-0.15141064,-0.1631981,-0.15538481,-0.15359396,-0.15319705,-0.1342277,-0.12314029,-0.14641702,-0.19026563,-0.17726173,-0.21025829,-0.3990198,-0.2027891,-0.113683745,-0.1296617,-0.11876526,-0.14803457,-0.16636807,-0.18681362,-0.19212449,-0.13149755,-0.07704979,-0.15326636,-0.13994955,-0.14106366,-0.11786807,-0.19987361,-0.1649412,-0.15872574,-0.14149436,-0.123662464,-0.12722544,-0.14610182,-0.2588673,-0.107414395,-0.13074079,-0.09132757,-0.12832497,-0.12918267,-0.14977072,-0.15198639,-0.09648113,-0.08910369,-0.12437348,-0.1107,-0.13791396,-0.15087244,-0.17060634,-0.14307635,-0.11632744,-0.17393035,-0.15199244,-0.14232628,-0.12561458,-0.14222226,-0.17466888,-0.13176009,-0.13232455,-0.14588535,-0.12326284,-0.08722703,-0.05825615,-0.14362143,-0.17082691,-0.026243303,-0.16695072,-0.2829064,-0.31316653,-0.19850871,-0.145821,-0.14331596,-0.14862512,-0.12963767,-0.25088155,-0.19453144,-0.18891436,-0.094711065,-0.10950965,-0.10702289,-0.09395786,-0.12759323,-0.15296212,-0.15746465,-0.1674805,-0.12812386,-0.0969081,2.3777704,-0.14362732,-0.11335766,-0.18846886,-0.1706479,-0.15401655,-0.12586434,-0.115196005,-0.113054425,-0.11662802,-0.17630892,-0.13865922,-0.13465855,-0.096878245,-0.12134001,-0.09192417,-0.12434345,-0.13578808,-0.063823454,-0.13877153,-0.11419349,-0.1337833,-0.24483351,-0.2571875,-0.29957527,-0.14638254,-0.15683842,-0.13241619,-0.19104545,-0.0782174,-0.17265823,-0.16431731,-0.09859173,-0.11065883,-0.114559114,-0.076612435,-0.083404,-0.1213824,-0.13072303,-0.13855581,-0.19385117,-0.09919133,-0.15583935,-0.19487974,-0.19145295,-0.18720534,-0.111427724,-0.1429377,-0.103316784,-0.15950206,-0.19471848,-0.1727961,-0.1693236,-0.14297739,-0.1427488,-0.10183495,-0.15328586,-0.16183163,-0.18115295,-0.19565913,-0.12143585,-0.1475462,-0.11397797,-0.08012158,-0.14302412,-0.20725825,-0.16109629,-0.125103,-0.15657571,-0.15690626,-0.14380118,-0.19202894,-0.16271108,-0.18213516,-0.2963242,-0.1988754,-0.18116868,-0.17196009,-0.19322947,-0.15766609,-0.14054683,-0.13046566,-0.12557748,-0.13845116,-0.16314048,-0.30584824,-0.1664798,-0.18137953,-0.19328524,-0.11441202,-0.15053342,-0.14077862,-0.17809403,-0.1670866,-0.16483344,-0.14331086,-0.18237996,-0.12853256,-0.1530011,-0.13747355,-0.24156228,-0.17987019,-0.10338317,-0.1352058,-0.14211869,-0.17471841,-0.110408366,-0.13457438,-0.1524281,-0.16025612,-0.18203655,-0.15419373,-0.1493861,-0.19184028,-0.17558405,-0.1642808,-0.14723541,-0.14623587,-0.11499533,-0.10471026,-0.135073,-0.20148799,-0.17733614,-0.12513243,-0.16565365,-0.18041904,-0.18738703,-0.11705899,-0.17666954,-0.26169798,-0.09283389,-0.092403665,-0.114913136,-0.13620396,-0.14809516,-0.09861952,-0.18930374
k__Bacteria|p__Candidatus_Saccharibacteria|c__Candidatus_Saccharibacteria_unclassified|o__Candidatus_Saccharibacteria_unclassified|f__Candidatus_Saccharibacteria_unclassified|g__Candidatus_Saccharibacteria_unclassified|s__Candidatus_Saccharibacteria_unclassified_SGB19858,-0.1004395,-0.12316422,-0.14159007,-0.20428483,-0.16713351,-0.19382401,-0.1666669,-0.14535692,-0.12497638,-0.18395174,-0.18315692,-0.22595075,-0.16941857,-0.20541972,-0.103236526,-0.09928009,-0.058144663,-0.09985766,-0.10773143,-0.17113161,-0.1978925,-0.12536043,-0.13648647,-0.15269542,-0.17179771,-0.11658599,-0.16762938,-0.17441136,-0.1509206,-0.12124001,-0.13522343,-0.10560098,-0.14841646,-0.19600412,-0.18955573,-0.2175087,-0.16090545,-0.22338755,-0.19742385,-0.29867563,-0.29210672,-0.19865465,-0.10737324,-0.09162698,-0.13691942,-0.15512978,-0.23188588,-0.19405931,-0.14682767,-0.2026537,-0.18399975,-0.18279888,-0.19741252,-0.19844088,-0.2037296,-0.15824854,-0.12588674,-0.14401981,-0.09227844,-0.09565784,-0.171563,-0.14265314,-0.13743341,-0.14714448,-0.12719077,-0.15141281,-0.2613474,-0.22333384,-0.18924765,-0.20047067,-0.14602414,-0.1494681,-0.13082029,-0.14286853,-0.15118024,-0.16447037,-0.14705029,-0.16278498,-0.15945792,-0.14998752,-0.14735694,-0.15718162,-0.15345632,-0.22480208,-0.120334074,-0.14165747,-0.118355475,-0.16134787,-0.17442557,-0.15574495,-0.16849324,-0.11139822,-0.1388583,-0.13027036,-0.12882942,-0.15152657,-0.14269105,-0.11564149,-0.10065024,-0.09037137,-0.10556002,-0.120652035,-0.13517639,-0.15027548,-0.16068256,-0.1185138,-0.11129953,-0.1578567,-0.17738779,-0.13388674,-0.16393264,-0.25953975,-0.14883861,-0.13260925,-0.14171222,-0.15095688,-0.17780018,-0.16375583,-0.22917573,-0.09015879,-0.11009953,-0.13483605,-0.12976179,-0.13997786,-0.17389253,-0.13908121,-0.16057305,-0.12777606,-0.07092635,-0.03704006,-0.13719909,-0.16241695,-0.17921299,-0.14332479,-0.12334781,-0.1358589,-0.12023825,-0.13842754,-0.25318068,-0.26654312,-0.08354443,-0.10945694,-0.14479561,-0.09238048,-0.1879914,-0.19052005,-0.1530653,-0.09032565,-0.13230102,-0.14967018,-0.1504526,-0.15917793,-0.170782,-0.18425803,-0.08783109,-0.12395622,-0.14139265,-0.10256614,-0.17951453,-0.19495486,-0.19164462,-0.10021815,-0.13113372,-0.079576194,-0.12798396,-0.19006202,-0.19370838,-0.1920153,-0.12374522,-0.075356506,-0.09720592,-0.11852506,-0.13666195,-0.12406494,-0.121451,-0.09459108,-0.09666175,-0.10858039,-0.082459606,-0.11293577,-0.13246985,-0.16750397,-0.1410757,-0.13636419,-0.18093297,-0.17825818,-0.19441332,-0.14484036,-0.15549555,-0.13566723,-0.119081676,-0.14001076,-0.19117098,-0.19144785,-0.18159541,-0.19755594,-0.25103784,-0.20219928,-0.19032964,-0.19121443,-0.18273687,-0.17396055,-0.27554205,-0.08916744,-0.11956477,-0.12786649,-0.15751183,-0.20931396,-0.18224281,-0.29657933,-0.32474133,-0.15205327,-0.3242122,-0.17325558,-0.17108874,-0.2185038,-0.17647925,-0.114121355,-0.13989109,-0.15388772,-0.15788373,3.5049663,-0.18186735,-0.25661576,-0.10444887,-0.12455491,-0.13863611,-0.12429018,-0.15189947,-0.15538877,-0.15661207,-0.14014931,-0.15141064,-0.16344795,-0.15539695,-0.15373957,-0.15321803,-0.13402884,-0.12309031,-0.14633979,-0.19059765,-0.17724076,-0.21025829,-0.3990198,-0.20250793,-0.11357556,-0.1296617,-0.11865862,-0.1480885,-0.16636807,-0.18711956,-0.19195265,-0.13170952,-0.07659696,-0.15336879,-0.13988918,-0.14106366,-0.11824043,-0.19987361,-0.1649412,-0.15868044,-0.1415733,-0.12366778,-0.12722544,-0.14610182,-0.2588673,-0.10734293,-0.13074079,-0.09132757,-0.12832497,-0.12934676,-0.14991261,-0.15217741,-0.09639123,-0.08910369,-0.12444214,-0.11056722,-0.13798295,-0.15094516,-0.17070161,-0.14313464,-0.1163668,-0.1742144,-0.15203682,-0.1425426,-0.12543963,-0.14238724,-0.17466888,-0.13176009,-0.13233791,-0.14594707,-0.123109505,-0.08722703,-0.05825615,-0.14367203,-0.17082691,-0.026243303,-0.16680777,-0.2829064,-0.31316653,-0.19834146,-0.14585626,-0.14331596,-0.14862512,-0.12963767,-0.25088155,-0.1942443,-0.18896678,-0.09462541,-0.10942118,-0.10702289,-0.09389116,-0.12759323,-0.15306735,-0.15746465,-0.16730154,-0.12812386,-0.0969081,-0.16398169,-0.14398476,-0.11335766,-0.18846886,-0.1706479,-0.15403783,-0.12589127,-0.115196005,-0.112982914,-0.11662802,-0.17642893,-0.13866842,-0.13459408,-0.096878245,-0.12118934,-0.09179751,-0.12434345,-0.13606656,-0.063823454,-0.13877153,-0.11419349,-0.13384898,-0.24483351,-0.2571875,-0.29957527,-0.14638492,-0.15691487,-0.13232265,-0.19104545,-0.0782174,-0.17263299,-0.16452792,-0.09859173,-0.11065883,-0.11479229,-0.076612435,-0.083404,-0.1213824,-0.13072303,-0.13855581,-0.19385117,-0.0991543,-0.15589176,-0.19487974,-0.1913104,-0.18719494,-0.11135428,-0.14315888,-0.10312542,-0.15965077,-0.1943122,-0.17329767,-0.16930878,-0.14297116,-0.14267825,-0.10163803,-0.15343653,-0.16172403,-0.1811062,-0.19542226,-0.12137546,-0.14762583,-0.11389039,-0.08000716,-0.14311597,-0.20725825,-0.16111308,-0.125103,-0.15657571,-0.15690626,-0.14371207,-0.19202894,-0.16276938,-0.18236992,-0.2963242,-0.19765323,-0.18110225,-0.17174569,-0.19314206,-0.15761283,-0.14054683,-0.13045776,-0.12557748,-0.13847926,-0.16338316,-0.30584824,-0.16679722,-0.18145171,-0.19288905,-0.11441202,-0.15080276,-0.1407044,-0.1782462,-0.16712527,-0.16482773,-0.14331086,-0.18237996,-0.12832338,-0.1533823,-0.13739373,-0.24156228,-0.17968218,-0.103294045,-0.13525704,-0.14215392,-0.17482762,-0.1103214,-0.13465366,-0.15268832,-0.16027679,-0.18191704,-0.15447934,-0.14936656,-0.19184028,-0.17559433,-0.16453195,-0.14723541,-0.14623587,-0.11499533,-0.10471026,-0.13512678,-0.20148799,-0.17745633,-0.12513243,-0.16575992,-0.18041904,-0.18738703,-0.11705899,-0.176984,-0.2596038,-0.09261225,-0.092291385,-0.114767425,-0.13615999,-0.14816472,-0.09842908,-0.18946373
k__Bacteria|p__Candidatus_Saccharibacteria|c__Candidatus_Nanosyncoccalia|o__Candidatus_Nanogingivales|f__Candidatus_Nanogingivalaceae|g__Candidatus_Nanogingivalis|s__Candidatus_Nanogingivalis_gingivitcus,-0.1004395,-0.12316422,-0.14168635,-0.20428483,-0.16691741,-0.19333228,-0.1666669,-0.14503755,-0.12507668,-0.18378878,-0.1832023,-0.22384605,-0.17051218,-0.20343757,-0.10289587,-0.09904586,-0.058144663,-0.09945133,-0.10775606,-0.17071165,-0.1978925,-0.12536043,-0.13633549,-0.15225339,-0.17147276,-0.11658599,-0.16751182,-0.17374662,-0.1509206,-0.12124001,-0.13512789,-0.10560846,-0.14838786,-0.19561534,-0.18907471,-0.2175087,-0.16088745,-0.22338755,-0.19717783,-0.29867563,-0.29210672,-0.19767278,-0.10692233,-0.09162698,-0.13691942,-0.15507482,-0.23188588,-0.19376838,-0.1465341,-0.2026537,-0.18385708,-0.18279888,-0.19717088,-0.19832844,-0.20287739,-0.15801889,-0.12559965,-0.14367247,-0.09199685,-0.09555345,-0.17122248,-0.14220767,-0.13743341,-0.14688724,-0.12719077,-0.15141067,-0.2613474,-0.22333384,-0.18857467,-0.20047067,-0.1455371,-0.14924306,-0.13065925,-0.1427337,-0.15054923,-0.16389564,-0.1465742,-0.16278498,-0.159419,-0.14998752,-0.14732963,-0.15710288,-0.15319382,-0.22480208,-0.120334074,-0.14152679,-0.11830964,-0.16079962,-0.1739676,-0.15566589,-0.16819225,-0.11139822,-0.1388583,-0.13027036,-0.12863147,-0.15152657,-0.14268327,-0.11553167,-0.10065024,-0.09043229,-0.1053248,-0.12030923,-0.13490804,-0.15027548,-0.16030504,-0.1185138,-0.11129953,-0.1578567,-0.17738779,-0.13347739,-0.16416556,-0.25953975,-0.1487265,-0.13267376,-0.1416702,-0.15095688,-0.17780018,-0.16356015,-0.22917573,-0.09015879,-0.11025925,-0.1346573,-0.1296493,-0.13997786,-0.17374098,-0.13908121,-0.16057305,-0.12777606,-0.07092635,-0.03704006,-0.13715869,-0.16197911,-0.17890143,-0.14332479,-0.12334781,-0.13577835,-0.12023825,-0.13832843,-0.25318068,-0.26654312,-0.0832879,-0.10945694,-0.14433767,-0.09238048,-0.18783298,-0.19020215,-0.15315634,-0.0901102,-0.13230102,-0.1496099,-0.15030026,-0.15891308,-0.17050985,-0.18354833,-0.08770203,-0.12359703,-0.14085889,-0.10256614,-0.17951453,-0.19495486,-0.19100466,-0.10001838,-0.13113372,-0.07936164,-0.12795705,-0.19006202,-0.19317654,-0.19161311,-0.12317685,-0.0751587,-0.09694998,-0.11849402,-0.1365353,-0.12406494,-0.121451,-0.09430921,-0.09656291,-0.108343035,-0.082459606,-0.11279518,-0.13221064,-0.16694915,-0.1410757,-0.13647817,-0.18093297,-0.17825818,-0.1941129,-0.14465041,-0.15549555,-0.13533929,-0.119081676,-0.14001076,-0.19117098,-0.19098532,-0.18129677,-0.19755594,2.7159247,2.5044436,-0.19019428,-0.19118476,-0.18263401,-0.17394015,-0.27554205,-0.08916744,-0.11956477,-0.12802127,-0.15751183,-0.20931396,-0.18224281,-0.29657933,-0.32474133,-0.15391064,-0.3242122,-0.17325558,-0.17108874,-0.2185038,-0.17647925,-0.114121355,-0.14000806,-0.15388772,-0.15788373,-0.22984435,-0.18186735,-0.2558828,-0.10425083,-0.12455491,-0.13852027,-0.124147065,-0.15189947,-0.15483269,-0.15606236,-0.14014931,-0.15141064,-0.1629356,-0.15528822,-0.15341239,-0.15309824,-0.13397641,-0.12313858,-0.14650734,-0.19026294,-0.1768261,-0.21025829,-0.3990198,-0.20259714,-0.113335475,-0.1296617,-0.11832206,-0.1480985,-0.16636807,-0.18641622,-0.19157422,-0.13162994,-0.07653694,-0.15298189,-0.13979152,-0.14106366,-0.11785776,-0.19987361,-0.1649412,-0.15873513,-0.14144754,-0.12364289,-0.12722544,-0.14610182,-0.2588673,-0.1071641,-0.13074079,-0.09132757,-0.12832497,-0.12914158,-0.14979786,-0.15168613,-0.09608043,-0.08910369,-0.12421626,-0.11047628,-0.13785443,-0.15078223,-0.17026809,-0.14285362,-0.11650612,-0.17381069,-0.15184331,-0.14235605,-0.12534027,-0.14205953,-0.17466888,-0.13176009,-0.13220155,-0.14574105,-0.12280136,-0.08722703,-0.05825615,-0.14339913,-0.17082691,-0.026243303,-0.16646025,-0.2829064,-0.31316653,-0.19789279,-0.14562906,-0.14331596,-0.14862512,-0.12963767,-0.25088155,-0.19360356,-0.18840885,-0.09456447,-0.10917041,-0.10702289,-0.093538046,-0.12759323,-0.15301126,-0.15746465,-0.16703916,-0.12812386,-0.0969081,1.9483423,-0.14346674,-0.11335766,-0.18846886,-0.1706479,-0.15394424,-0.1256235,-0.115196005,-0.11287604,-0.11662802,-0.1758968,-0.13835016,-0.13422668,-0.096878245,-0.1209773,-0.091617115,-0.12434345,-0.13591936,-0.063823454,-0.13877153,-0.11419349,-0.1338208,-0.24483351,-0.2571875,-0.29957527,-0.14607945,-0.15672007,-0.13210379,-0.19104545,-0.0782174,-0.17210032,-0.16441181,-0.09859173,-0.11065883,-0.11459088,-0.076612435,-0.083404,-0.1213824,-0.13072303,-0.13855581,-0.19385117,-0.09873984,-0.15562871,-0.19487974,-0.1910525,-0.18686983,-0.11114353,-0.14299,-0.102792814,-0.15910801,-0.19397675,-0.17250076,-0.16915998,-0.14271943,-0.14241247,-0.10177827,-0.15325263,-0.1616019,-0.18098536,-0.19503626,-0.121098205,-0.14720246,-0.11372985,-0.079965845,-0.142955,-0.20725825,-0.16063708,-0.125103,-0.15657571,-0.15690626,-0.14356336,-0.19202894,-0.16252416,-0.18192242,-0.2963242,-0.19789559,-0.18144846,-0.17186722,-0.19291562,-0.1576028,-0.14054683,-0.13020407,-0.12557748,-0.1381396,-0.1634593,-0.30584824,-0.1666548,-0.18116248,-0.19276509,-0.11441202,-0.15063214,-0.14062515,-0.1779278,-0.1668277,-0.16451968,-0.14331086,-0.18237996,-0.12831342,-0.1534087,-0.13748464,-0.24156228,-0.17944738,-0.10309168,-0.13528869,-0.14182466,-0.17427173,-0.11032108,-0.13454522,-0.15222314,-0.15978074,-0.18181565,-0.15396687,-0.14895846,-0.19184028,-0.17523548,-0.1640481,-0.14723541,-0.14623587,-0.11499533,-0.10471026,-0.13506317,-0.20148799,-0.17690094,-0.12513243,-0.16579354,-0.18041904,-0.18738703,-0.11705899,-0.17629203,-0.25908118,-0.09232127,-0.09215887,-0.11469848,-0.13596821,-0.14790419,-0.09849271,-0.18887112
k__Bacteria|p__Candidatus_Saccharibacteria|c__Candidatus_Nanosyncoccalia|o__Candidatus_Nanogingivales|f__Candidatus_Nanogingivalaceae|g__GGB12785|s__GGB12785_SGB19823,-0.1004395,-0.12316422,-0.14157934,-0.20428483,-0.167097,-0.19359624,-0.1666669,-0.14508228,-0.12501517,-0.18337986,-0.18393898,-0.22530505,-0.17042568,-0.20498359,-0.103294455,-0.099288814,-0.058144663,-0.09973454,-0.10788506,-0.17079785,-0.1978925,-0.12536043,-0.13651621,-0.15252808,-0.1717121,-0.11658599,-0.167555,-0.17400263,-0.1509206,-0.12124001,-0.13511641,-0.10585018,-0.1483706,-0.19589737,-0.1892854,-0.2175087,-0.16089348,-0.22338755,-0.19709915,-0.29867563,-0.29210672,-0.19823337,-0.10727517,-0.09162698,-0.13691942,-0.15504706,-0.23188588,-0.19388579,-0.14672497,-0.2026537,-0.18366498,-0.18279888,-0.19720384,-0.19891758,-0.20338494,-0.15795586,-0.12583299,-0.14394198,-0.09228705,-0.09570112,-0.1714071,-0.14253622,-0.13743341,-0.14708205,-0.12719077,-0.15120845,-0.2613474,-0.22333384,-0.1889664,-0.20047067,-0.14583322,-0.1494501,-0.13083787,-0.14291883,-0.15098226,-0.16419546,-0.1467415,-0.16278498,-0.15950683,-0.14998752,-0.14739811,-0.15717927,-0.15334693,-0.22480208,-0.120334074,-0.14162569,-0.11841306,-0.16107161,-0.1741778,-0.15578827,-0.16822633,-0.11139822,-0.1388583,-0.13027036,-0.12872326,-0.15152657,-0.14268178,-0.11552646,-0.10065024,-0.09056611,-0.10557008,-0.12055831,-0.13510865,-0.15027548,-0.16046378,-0.1185138,-0.11129953,-0.1578567,-0.17738779,-0.13371584,-0.16378397,-0.25953975,-0.14873627,-0.13278311,-0.14171952,-0.15095688,-0.17780018,-0.16358775,-0.22917573,-0.09015879,-0.11015375,-0.13479897,-0.12984562,-0.13997786,-0.17383984,-0.13908121,-0.16057305,-0.12777606,-0.07092635,-0.03704006,-0.13709907,-0.16227353,-0.17893934,-0.14332479,-0.12334781,-0.13582277,-0.12023825,-0.1384925,-0.25318068,-0.26654312,-0.08364856,-0.10945694,-0.14466417,-0.09238048,-0.18777367,-0.19040918,-0.15324046,-0.09040806,-0.13230102,-0.14962794,-0.15042207,-0.15907657,-0.17068747,-0.18386374,-0.08801478,-0.12372406,-0.14130613,-0.10256614,-0.17951453,-0.19495486,-0.1912942,-0.100135475,-0.13113372,-0.07969515,-0.12798047,-0.19006202,-0.193581,-0.19176863,-0.12348279,-0.07558096,-0.097158514,-0.11856156,-0.1366566,-0.12406494,-0.121451,-0.09464158,-0.09678464,-0.1085933,-0.082459606,-0.1129347,-0.13246273,-0.16711783,-0.1410757,-0.1363635,-0.18093297,-0.17825818,-0.19437209,-0.14477363,-0.15549555,-0.13549349,-0.119081676,-0.14001076,-0.19117098,-0.19129026,-0.18144572,-0.19755594,-0.25103784,-0.20219928,-0.19028275,-0.19110268,-0.18265796,-0.17391416,-0.27554205,-0.08916744,-0.11956477,-0.12792279,-0.15751183,-0.20931396,-0.18224281,-0.29657933,-0.32474133,-0.15224941,-0.3242122,-0.17325558,-0.17108874,-0.2185038,-0.17647925,-0.114121355,-0.13997626,-0.15388772,-0.15788373,-0.22984435,-0.18186735,-0.25636733,-0.10451609,-0.12455491,-0.13858745,-0.12425094,-0.15189947,-0.15527825,-0.15630324,-0.14014931,-0.15141064,-0.16323075,-0.15538165,-0.15361243,-0.15318415,-0.1340473,-0.12315908,-0.14640802,-0.19049636,-0.17728186,-0.21025829,-0.3990198,-0.20220631,-0.11352172,-0.1296617,-0.118509576,-0.14807424,-0.16636807,-0.18667808,-0.19168559,-0.13166596,-0.076921046,-0.15307078,-0.13989457,-0.14106366,-0.11794822,-0.19987361,-0.1649412,-0.15872915,-0.14157817,-0.12379522,-0.12722544,-0.14610182,-0.2588673,-0.10732226,-0.13074079,-0.09132757,2.526088,-0.12931558,-0.14997421,-0.15191957,-0.09640469,-0.08910369,-0.12438441,-0.11070107,-0.1379202,-0.15092167,-0.17045063,-0.1429794,-0.11651546,-0.17390057,-0.15201634,-0.14252576,-0.12559521,-0.14208868,-0.17466888,-0.13176009,-0.13232145,-0.1458993,-0.12308097,-0.08722703,-0.05825615,-0.1435158,-0.17082691,-0.026243303,-0.16618717,-0.2829064,-0.31316653,-0.19808996,-0.14577323,-0.14331596,-0.14862512,-0.12963767,-0.25088155,-0.19404005,-0.18861976,-0.09484896,-0.10932833,-0.10702289,-0.0939492,-0.12759323,-0.15294051,-0.15746465,-0.16711293,-0.12812386,-0.0969081,-0.16398169,-0.14383198,-0.11335766,-0.18846886,-0.1706479,-0.15408765,-0.12587497,-0.115196005,-0.11301464,-0.11662802,-0.17607015,-0.1385712,-0.13458803,-0.096878245,-0.121213526,-0.091875166,-0.12434345,-0.13592605,-0.063823454,-0.13877153,-0.11419349,-0.133811,-0.24483351,-0.2571875,1.3138891,-0.14625753,-0.15689677,-0.13227612,-0.19104545,-0.0782174,-0.17229447,-0.16438815,-0.09859173,-0.11065883,-0.11471022,-0.076612435,-0.083404,-0.1213824,-0.13072303,-0.13855581,-0.19385117,-0.09930448,-0.15552124,-0.19487974,-0.19116521,-0.18699898,-0.11133124,-0.14320177,-0.10314404,-0.15918308,-0.19417202,-0.17278561,-0.16927901,-0.14290163,-0.14259836,-0.101840824,-0.1532996,-0.16160162,-0.18098517,-0.19518746,-0.121344626,-0.14734674,-0.11378039,-0.080140166,-0.14282867,-0.20725825,-0.16086984,-0.125103,-0.15657571,-0.15690626,-0.14363417,-0.19202894,-0.16268556,-0.18210909,-0.2963242,-0.19774036,-0.18109298,-0.17183857,-0.19310445,-0.15760231,-0.14054683,-0.13043505,-0.12557748,-0.13837636,-0.16328815,-0.30584824,-0.16680256,-0.18137378,-0.19275773,-0.11441202,-0.15068734,-0.14065614,-0.17800334,-0.16696733,-0.16463497,-0.14331086,-0.18237996,-0.12828463,-0.15343295,-0.13735254,-0.24156228,-0.17952706,-0.103313625,-0.13533904,-0.14205992,-0.17449135,-0.110521674,-0.13464248,-0.15239938,-0.15996738,-0.18192673,-0.15430224,-0.14925402,-0.19184028,-0.17553024,-0.16424038,-0.14723541,-0.14623587,-0.11499533,-0.10471026,-0.13505661,-0.20148799,-0.17720318,-0.12513243,-0.16579935,-0.18041904,-0.18738703,-0.11705899,-0.17645101,-0.25936177,-0.09264412,-0.09237906,-0.11479969,-0.13607487,-0.14813599,-0.09869027,-0.18904078
k__Bacteria|p__Candidatus_Saccharibacteria|c__Candidatus_Saccharibacteria_unclassified|o__Candidatus_Saccharibacteria_unclassified|f__Candidatus_Saccharibacteria_unclassified|g__Candidatus_Saccharibacteria_unclassified|s__TM7_phylum_sp_oral_taxon_352,-0.1004395,-0.12316422,-0.14134294,-0.20428483,-0.16606751,-0.19200456,-0.1666669,-0.14429364,-0.12505247,-0.1822375,-0.18143122,-0.22118708,-0.1691255,-0.20137705,-0.10323059,-0.099606514,-0.058144663,-0.09940589,-0.10795584,-0.16971233,-0.1978925,-0.12536043,-0.13565865,-0.15128662,-0.17035496,2.0683444,-0.16653559,-0.17256221,-0.1509206,-0.12124001,-0.13479021,-0.10594909,-0.14776994,-0.19390139,-0.18763255,-0.2175087,-0.16043869,-0.22338755,-0.1959876,-0.29867563,-0.29210672,-0.19617641,-0.10715629,-0.09162698,-0.13691942,-0.15434414,-0.23188588,-0.19222143,-0.14589173,-0.2026537,-0.18280777,-0.18279888,-0.1955001,-0.19639632,-0.20045626,-0.15640278,-0.12535739,-0.14301398,-0.09243794,-0.09593655,-0.16996816,-0.14156559,-0.13743341,-0.14619583,-0.12719077,-0.15091722,-0.2613474,-0.22333384,-0.18726069,-0.20047067,-0.14474274,-0.14844127,-0.13036852,-0.14194474,-0.14935254,-0.16257271,-0.14583066,-0.16278498,-0.15869342,-0.14998752,-0.1465716,-0.15628743,-0.15236263,-0.22480208,-0.120334074,-0.14094591,-0.11821239,-0.1596491,-0.1726029,-0.15500474,-0.16698684,-0.11139822,-0.1388583,-0.13027036,-0.12821358,-0.15152657,-0.1420905,-0.11541213,-0.10065024,-0.090895645,-0.105423465,-0.120171204,-0.13445184,-0.15027548,-0.1593726,-0.1185138,-0.11129953,-0.1578567,-0.17738779,-0.13303044,-0.1635873,-0.25953975,-0.14809735,-0.13240139,-0.14103676,-0.15095688,-0.17780018,-0.16292039,-0.22917573,-0.09015879,-0.11028963,-0.13427457,-0.12920414,-0.13997786,-0.17267114,-0.13908121,-0.16057305,-0.12777606,-0.07092635,-0.03704006,-0.13658035,-0.16099904,-0.17755264,-0.14332479,-0.12334781,-0.13545358,-0.12023825,-0.13764155,-0.25318068,1.7032793,-0.08397234,-0.10945694,-0.1435921,-0.09238048,-0.18640572,-0.18864906,-0.15233365,-0.090649396,-0.13230102,-0.1489164,-0.14957201,-0.15800285,-0.16940014,-0.18208863,-0.088405445,-0.12341052,-0.14045966,-0.10256614,-0.17951453,-0.19495486,-0.18945166,-0.10024969,-0.13113372,-0.079921246,-0.12754872,-0.19006202,-0.1915982,-0.1901432,-0.12292495,-0.07611299,-0.097350016,-0.118395895,-0.1359916,-0.12406494,-0.121451,-0.094717294,-0.09691343,-0.108529255,-0.082459606,-0.11266963,-0.13168615,-0.16583133,-0.1410757,-0.1361552,-0.18093297,-0.17825818,-0.19263822,-0.14412412,-0.15549555,-0.13491929,-0.119081676,-0.14001076,-0.19117098,-0.18966919,-0.18026367,-0.19755594,4.4334416,2.826848,-0.18880662,-0.1898287,-0.18128884,-0.17296739,-0.27554205,-0.08916744,-0.11956477,-0.12784006,-0.15751183,-0.20931396,1.6394649,-0.29657933,-0.32474133,-0.15433586,-0.3242122,-0.17325558,-0.17108874,-0.2185038,-0.17647925,-0.114121355,-0.13959658,-0.15388772,-0.15788373,-0.22984435,-0.18186735,-0.25340518,-0.10445103,-0.12455491,-0.137974,-0.12388286,-0.15189947,-0.15375936,-0.15507063,-0.14014931,-0.15141064,-0.16175786,-0.154514,-0.15261078,-0.15241924,-0.1336397,-0.122908354,-0.14581393,-0.18845943,-0.17546159,0.9712533,-0.3990198,-0.2010202,-0.11330967,-0.1296617,-0.11804302,-0.14726005,-0.16636807,-0.18483081,-0.19026743,-0.13143325,-0.077394396,-0.15212172,-0.13939077,-0.14106366,-0.11766995,-0.19987361,-0.1649412,-0.15808512,-0.14110366,-0.12333855,-0.12722544,-0.14610182,-0.2588673,-0.10739356,-0.13074079,-0.09132757,-0.12832497,-0.12863591,-0.14902088,-0.15083587,-0.09645426,-0.08910369,-0.124000564,-0.11055431,-0.13740341,-0.15004206,-0.16917121,-0.14227504,-0.11646317,-0.17260364,-0.15105143,-0.14160101,-0.12509578,-0.14112365,-0.17466888,-0.13176009,-0.13191836,-0.14494388,-0.1226303,-0.08722703,-0.05825615,-0.14276591,-0.17082691,-0.026243303,-0.16631144,-0.2829064,-0.31316653,-0.19664958,-0.14495282,-0.14331596,-0.14862512,-0.12963767,-0.25088155,-0.19206324,-0.18702126,-0.09491708,-0.10926532,-0.10702289,-0.0936763,-0.12759323,-0.1523233,-0.15746465,-0.16594927,-0.12812386,-0.0969081,-0.16398169,-0.14266996,-0.11335766,-0.18846886,-0.1706479,-0.1531969,-0.12544985,-0.115196005,-0.1128556,-0.11662802,-0.1746231,-0.13779736,-0.1337128,-0.096878245,-0.120795,-0.091959454,-0.12434345,-0.13537495,-0.063823454,-0.13877153,-0.11419349,-0.13343862,-0.24483351,-0.2571875,-0.29957527,-0.1454314,-0.1557881,-0.13172057,-0.19104545,-0.0782174,-0.17111574,-0.16330323,-0.09859173,-0.11065883,-0.11444459,-0.076612435,-0.083404,-0.1213824,-0.13072303,-0.13855581,-0.19385117,-0.09906615,-0.1549932,-0.19487974,-0.18977027,-0.18556191,-0.11121955,-0.14238012,-0.102918506,-0.15803018,-0.19250491,-0.17110118,-0.16810985,-0.14214358,-0.14182684,-0.10222112,-0.15243821,-0.16064194,-0.17984992,-0.19341129,-0.12086831,-0.14636962,-0.11385598,-0.080644846,-0.14253233,-0.20725825,-0.15992798,-0.125103,-0.15657571,-0.15690626,-0.14314623,-0.19202894,-0.16172478,-0.180562,-0.2963242,-0.19741762,-0.18020257,-0.17066756,-0.19145581,-0.1567016,-0.14054683,-0.1299282,-0.12557748,-0.13780619,-0.16309467,-0.30584824,-0.16594675,-0.17965926,-0.19141649,-0.11441202,-0.14973633,-0.14010945,-0.17679107,-0.16577283,-0.16354701,-0.14331086,-0.18237996,-0.12834878,-0.15266438,-0.13721116,-0.24156228,-0.17857638,-0.10332699,-0.13493052,-0.14111896,-0.1729653,-0.11048937,-0.13413727,-0.15108895,-0.15877894,-0.18068877,-0.1530079,-0.14824685,1.5787853,-0.17421514,-0.1628863,-0.14723541,-0.14623587,-0.11499533,-0.10471026,-0.13461731,-0.20148799,-0.17569926,-0.12513243,-0.16523239,-0.18041904,-0.18738703,-0.11705899,-0.17471388,-0.25653142,-0.09286797,-0.0925706,-0.114806384,-0.13541502,-0.14716738,-0.09881146,-0.18733293
k__Bacteria|p__Verrucomicrobia|c__Verrucomicrobiae|o__Verrucomicrobiales|f__Akkermansiaceae|g__Akkermansia|s__Akkermansia_sp_BIOML_A40,-0.1004395,-0.12316422,-0.14080924,-0.20428483,-0.1665728,-0.19310403,-0.1666669,-0.14526531,-0.12465596,-0.18429509,-0.18183546,-0.22098036,-0.16923228,-0.2037091,-0.103177875,-0.09898351,-0.058144663,-0.10022253,-0.107406504,-0.17085382,-0.1978925,-0.12536043,-0.13652037,-0.15280397,-0.17150714,-0.11658599,-0.1675998,-0.17452548,-0.1509206,-0.12124001,-0.13507116,-0.10532692,-0.14799444,-0.19551986,-0.18937862,-0.2175087,-0.15988204,-0.22338755,-0.19631438,-0.29867563,-0.29210672,-0.19796875,-0.10754825,-0.09162698,-0.13691942,-0.1547442,-0.23188588,-0.19351673,-0.14667682,-0.2026537,-0.18323229,-0.18279888,-0.19627503,-0.19654216,-0.20196176,-0.15930659,-0.1258416,-0.14397138,-0.09248623,-0.09570524,-0.17162184,-0.14267983,-0.13743341,-0.14691265,-0.12719077,-0.15112251,-0.2613474,-0.22333384,-0.18874173,-0.20047067,-0.14614253,-0.14942163,-0.13054311,-0.14269672,-0.15174975,-0.16474828,-0.14726025,-0.16278498,-0.15873544,-0.14998752,-0.14735645,-0.15660632,-0.15331522,-0.22480208,-0.120334074,-0.14147772,-0.11817928,-0.16167694,-0.17435518,-0.15486786,-0.16834134,-0.11139822,-0.1388583,-0.13027036,-0.12904584,-0.15152657,-0.14274338,-0.115827635,-0.10065024,-0.09041834,-0.10585502,-0.12082584,-0.13519359,-0.15027548,-0.16079429,-0.1185138,-0.11129953,-0.1578567,-0.17738779,-0.13352457,-0.16277981,-0.25953975,-0.14851767,-0.13209555,-0.14120448,-0.15095688,-0.17780018,-0.16273195,-0.22917573,-0.09015879,-0.109894276,-0.13454533,-0.12962964,-0.13997786,-0.17326427,-0.13908121,-0.16057305,-0.12777606,-0.07092635,-0.03704006,-0.13698977,-0.16242197,-0.17899455,-0.14332479,-0.12334781,-0.13572356,-0.12023825,-0.138467,-0.25318068,-0.26654312,-0.0838165,-0.10945694,-0.145066,-0.09238048,-0.18763295,-0.18998304,-0.15272057,-0.09047743,-0.13230102,-0.14935613,-0.15014058,-0.158988,-0.1705492,-0.1846579,-0.087740794,-0.12385488,-0.14101115,-0.10256614,-0.17951453,-0.19495486,-0.19147041,-0.10031459,-0.13113372,-0.07938191,-0.12803334,-0.19006202,-0.1934571,-0.1914369,-0.12391874,-0.07562773,-0.097292036,-0.11828774,-0.13657966,-0.12406494,-0.121451,-0.094551794,-0.0965823,-0.10863555,-0.082459606,-0.113049,-0.132728,-0.16766684,-0.1410757,-0.13598354,-0.18093297,-0.17825818,-0.19358881,-0.14452887,-0.15549555,-0.13558646,-0.119081676,-0.14001076,-0.19117098,-0.19060874,-0.18070972,-0.19755594,-0.25103784,-0.20219928,-0.18972018,-0.1904288,-0.18227592,-0.17304122,-0.27554205,-0.08916744,-0.11956477,-0.12754752,-0.15751183,-0.20931396,-0.18224281,-0.29657933,-0.32474133,-0.14843914,-0.3242122,-0.17325558,-0.17108874,-0.2185038,-0.17647925,-0.114121355,-0.139438,-0.15388772,-0.15788373,-0.22984435,-0.18186735,-0.2533496,-0.10437586,-0.12455491,-0.13862607,-0.12448367,-0.15189947,-0.15569347,-0.15696077,-0.14014931,-0.15141064,-0.16370274,-0.15501107,-0.15355769,-0.15259667,-0.13383225,-0.123064965,-0.1461235,-0.19062927,-0.17649354,-0.21025829,-0.3990198,-0.20056923,-0.11359298,-0.1296617,-0.118744634,-0.14801663,-0.16636807,-0.18728991,-0.1915363,-0.13121995,-0.07698656,-0.15351994,-0.1397746,-0.14106366,-0.11823139,-0.19987361,-0.1649412,-0.15787888,-0.14080437,-0.12357779,-0.12722544,-0.14610182,-0.2588673,-0.10713151,-0.13074079,-0.09132757,-0.12832497,-0.12967265,-0.1497368,-0.15252668,-0.09656363,-0.08910369,-0.124442756,-0.11056665,-0.13774747,-0.15075074,-0.17062008,-0.14296451,-0.11628479,-0.17390588,-0.15181382,-0.14254217,-0.12508616,-0.14266415,-0.17466888,-0.13176009,-0.13220973,-0.14582342,-0.12318638,-0.08722703,-0.05825615,-0.1434299,-0.17082691,-0.026243303,-0.16546772,-0.2829064,-0.31316653,-0.19680993,-0.14571203,-0.14331596,-0.14862512,-0.12963767,-0.25088155,-0.19373922,-0.18869746,-0.094690874,-0.10959605,-0.10702289,-0.094466716,-0.12759323,-0.15262915,-0.15746465,-0.16705042,-0.12812386,-0.0969081,-0.16398169,-0.1444946,-0.11335766,-0.18846886,-0.1706479,-0.1535598,-0.12584859,-0.115196005,-0.112933636,-0.11662802,-0.17659567,-0.1386573,-0.13470998,-0.096878245,-0.121069886,-0.09221312,-0.12434345,-0.1362353,-0.063823454,-0.13877153,-0.11419349,-0.13360962,-0.24483351,-0.2571875,-0.29957527,-0.1460956,-0.1567221,-0.13223025,-0.19104545,-0.0782174,-0.17206654,-0.16439423,-0.09859173,-0.11065883,-0.11510274,-0.076612435,-0.083404,-0.1213824,-0.13072303,-0.13855581,-0.19385117,-0.09915047,-0.15542589,-0.19487974,-0.19075657,-0.1867513,-0.11143455,-0.14294004,-0.10355712,-0.16007149,-0.1936724,-0.17320633,-0.16889612,-0.14276674,-0.14249082,-0.10098706,-0.15316801,-0.1614952,-0.18039086,-0.19473177,-0.12149852,-0.14773962,-0.11382137,-0.080308065,-0.14254,-0.20725825,-0.16085081,-0.125103,-0.15657571,-0.15690626,-0.14320272,-0.19202894,-0.16240299,-0.18241167,-0.2963242,-0.19475126,-0.18023136,-0.17133543,-0.19220623,-0.15696757,-0.14054683,-0.13030331,-0.12557748,-0.13812499,-0.1622021,-0.30584824,-0.16582829,-0.18146104,-0.19241577,-0.11441202,-0.15078372,-0.14052612,-0.17773415,-0.1669143,-0.16478977,-0.14331086,-0.18237996,-0.12762454,-0.15262462,-0.13631439,-0.24156228,-0.17896311,-0.1033796,-0.13485086,-0.14236096,-0.17482167,-0.110200986,-0.13442452,-0.153213,-0.1602139,-0.18127938,-0.1546674,-0.14937647,-0.19184028,-0.17502981,-0.1648311,-0.14723541,-0.14623587,-0.11499533,-0.10471026,-0.13493285,-0.20148799,-0.17740393,-0.12513243,-0.16480382,-0.18041904,-0.18738703,-0.11705899,-0.17764392,-0.25870615,-0.09266943,-0.09248294,-0.114541754,-0.13615614,-0.14795753,-0.098264545,-0.18940714
k__Bacteria|p__Verrucomicrobia|c__Verrucomicrobiae|o__Verrucomicrobiales|f__Akkermansiaceae|g__Akkermansia|s__Akkermansia_sp_KLE1798,-0.1004395,-0.12316422,-0.14169726,-0.20428483,-0.16732745,-0.19349173,-0.1666669,-0.14520526,-0.12508239,-0.18359874,-0.183043,-0.22493996,-0.16835505,-0.20466614,-0.10317,-0.09927045,-0.058144663,-0.0995779,-0.10782344,-0.17086223,-0.1978925,-0.12536043,-0.13628541,-0.15234521,-0.17146158,-0.11658599,-0.16745976,-0.17397572,-0.1509206,-0.12124001,-0.13525471,-0.1057684,-0.14841048,-0.19563471,-0.1890683,-0.2175087,-0.16139084,-0.22338755,-0.19739076,-0.29867563,-0.29210672,-0.1979512,-0.107287526,-0.09162698,-0.13691942,-0.15504615,-0.23188588,-0.19372812,-0.14670259,-0.2026537,-0.18456271,-0.18279888,-0.19736299,-0.19791844,-0.2026397,-0.1571166,-0.12576854,-0.14378661,-0.092216015,-0.09565452,-0.17131972,-0.14232057,-0.13743341,-0.14699712,-0.12719077,-0.15131219,-0.2613474,-0.22333384,-0.18903127,-0.20047067,-0.14572689,-0.14927259,-0.13077536,-0.14261004,-0.15052152,-0.1640612,-0.1467652,-0.16278498,-0.1596701,-0.14998752,-0.14720693,-0.1571616,-0.15321112,-0.22480208,-0.120334074,-0.1414873,-0.11832,-0.16095483,-0.17412534,-0.15570799,-0.16813208,-0.11139822,-0.1388583,-0.13027036,-0.128617,-0.15152657,-0.14262506,-0.11550473,-0.10065024,-0.09043665,-0.105388746,-0.12051053,-0.13502008,-0.15027548,-0.1604187,-0.1185138,-0.11129953,-0.1578567,-0.17738779,-0.13356782,-0.16410747,-0.25953975,-0.14880505,-0.13269185,-0.14156756,-0.15095688,-0.17780018,-0.16389021,-0.22917573,-0.09015879,-0.110179946,-0.13479152,-0.12959373,-0.13997786,-0.17376551,-0.13908121,-0.16057305,-0.12777606,-0.07092635,-0.03704006,-0.13716716,-0.16208751,-0.17888945,-0.14332479,-0.12334781,-0.13581882,-0.12023825,-0.1381481,-0.25318068,-0.26654312,-0.08351883,-0.10945694,-0.14434867,-0.09238048,-0.18770176,-0.19026054,-0.15285671,-0.09031807,-0.13230102,-0.14956877,-0.15032724,-0.15895848,-0.17056552,-0.18364306,-0.0879259,-0.12377313,-0.14127693,-0.10256614,-0.17951453,-0.19495486,-0.19108629,-0.10015568,-0.13113372,-0.07938102,-0.12763363,-0.19006202,-0.19332929,-0.19166648,-0.12347941,-0.07547447,-0.097176805,-0.11846404,-0.13646421,-0.12406494,-0.121451,-0.09453155,-0.096611425,-0.10845531,-0.082459606,-0.112736985,-0.13215478,-0.16710082,-0.1410757,-0.136474,-0.18093297,-0.17825818,-0.19411995,-0.14471316,-0.15549555,-0.13544819,-0.119081676,-0.14001076,-0.19117098,-0.19127272,-0.18155897,-0.19755594,-0.25103784,-0.20219928,-0.1902678,-0.19124916,-0.18246615,-0.17399761,-0.27554205,-0.08916744,-0.11956477,-0.127958,-0.15751183,-0.20931396,-0.18224281,-0.29657933,-0.32474133,-0.15251175,-0.3242122,-0.17325558,-0.17108874,-0.2185038,-0.17647925,-0.114121355,-0.14001662,-0.15388772,-0.15788373,-0.22984435,-0.18186735,-0.25598466,-0.10441446,-0.12455491,-0.13849606,-0.124134816,-0.15189947,-0.1549452,-0.15626013,-0.14014931,-0.15141064,-0.16308597,-0.15539739,-0.1535765,-0.15314904,-0.1338866,-0.12309098,-0.14638162,-0.19011396,-0.17704114,-0.21025829,-0.3990198,-0.20129144,-0.11344588,-0.1296617,-0.11843859,-0.14783922,-0.16636807,-0.18657248,-0.19170298,-0.13170733,-0.07666231,-0.15303662,-0.13982533,-0.14106366,-0.11803909,-0.19987361,-0.1649412,-0.15890296,-0.14153299,-0.12348548,-0.12722544,-0.14610182,-0.2588673,-0.10731566,-0.13074079,-0.09132757,-0.12832497,-0.12907076,-0.14980239,-0.15180336,-0.09630286,-0.08910369,-0.124242514,-0.11051683,-0.1378271,-0.15081301,-0.17028481,-0.1430109,-0.116432585,-0.17388056,-0.15187421,-0.14227673,-0.12541331,-0.14191335,-0.17466888,-0.13176009,-0.1322507,-0.1457036,-0.12289561,-0.08722703,-0.05825615,-0.14348175,-0.17082691,-0.026243303,-0.1669512,-0.2829064,-0.31316653,-0.19763553,-0.14570597,-0.14331596,-0.14862512,-0.12963767,-0.25088155,-0.19386856,-0.18859304,-0.094613284,-0.10932115,-0.10702289,-0.09347232,-0.12759323,-0.15290336,-0.15746465,-0.16712698,-0.12812386,-0.0969081,-0.16398169,-0.14351118,-0.11335766,-0.18846886,-0.1706479,-0.15402506,-0.1257897,-0.115196005,-0.11282693,-0.11662802,-0.175947,-0.13849846,-0.13435444,-0.096878245,-0.12100006,-0.0916518,-0.12434345,-0.13587084,-0.063823454,-0.13877153,-0.11419349,-0.13379219,-0.24483351,-0.2571875,-0.29957527,-0.14625612,-0.15671647,-0.13217628,-0.19104545,-0.0782174,-0.17242129,-0.16423848,-0.09859173,-0.11065883,-0.11465168,-0.076612435,-0.083404,-0.1213824,-0.13072303,-0.13855581,-0.19385117,-0.09905641,-0.15579663,-0.19487974,-0.19120033,-0.18684727,-0.11129797,-0.14300491,-0.10297133,-0.15929985,-0.19407332,-0.17258109,-0.16907778,-0.14286217,-0.1425259,-0.10186684,-0.15317816,-0.16157159,-0.18100983,-0.19498116,-0.12121627,-0.14729962,-0.11389649,-0.07998797,-0.14298035,-0.20725825,-0.16107062,-0.125103,-0.15657571,-0.15690626,-0.14369467,-0.19202894,-0.16269414,-0.181976,-0.2963242,-0.19840653,-0.18093479,-0.17162156,-0.19297369,-0.15743084,-0.14054683,-0.13037568,-0.12557748,-0.13833506,-0.16348593,-0.30584824,-0.16694468,-0.18108384,-0.19282275,-0.11441202,-0.15043482,-0.14060721,-0.17804198,-0.16690871,-0.16453964,-0.14331086,-0.18237996,-0.12855452,-0.15328807,-0.13743258,-0.24156228,-0.17978129,-0.103252605,-0.13527696,-0.14185967,-0.17447864,-0.11033957,-0.13455586,-0.15214819,-0.15999965,-0.1819942,-0.15396178,-0.14909647,-0.19184028,-0.17551571,-0.16412012,-0.14723541,-0.14623587,-0.11499533,-0.10471026,-0.13489908,-0.20148799,-0.17717236,-0.12513243,-0.16594036,-0.18041904,-0.18738703,-0.11705899,-0.17621413,-0.2592871,-0.092577636,-0.092226505,-0.11482404,-0.13591349,-0.1479103,-0.098465696,-0.18893746
k__Bacteria|p__Verrucomicrobia|c__Verrucomicrobiae|o__Verrucomicrobiales|f__Akkermansiaceae|g__Akkermansia|s__Akkermansia_muciniphila,-0.1004395,-0.12316422,-0.14127114,-0.20428483,-0.16624406,-0.1933358,-0.1666669,-0.14489946,-0.12494593,-0.18327166,-0.18239851,-0.2245546,-0.16990796,-0.20339906,-0.103610456,-0.09953736,-0.058144663,-0.10008835,-0.107790664,-0.17087352,-0.1978925,-0.12536043,-0.13651389,-0.1526505,-0.17155647,-0.11658599,-0.16725567,-0.17416419,-0.1509206,-0.12124001,-0.13503651,-0.10584878,-0.1481312,-0.19543955,-0.18927483,-0.2175087,-0.16015805,-0.22338755,-0.1963633,-0.29867563,-0.29210672,-0.19831297,-0.1075816,-0.09162698,-0.13691942,-0.15462966,-0.23188588,-0.19319937,-0.14663118,-0.2026537,-0.18225423,-0.18279888,-0.19652939,-0.19847278,-0.20367987,-0.15831017,-0.12600163,-0.14398232,-0.092890084,-0.09609399,-0.17121586,-0.14288448,-0.13743341,-0.14693132,-0.12719077,-0.15101752,-0.2613474,-0.22333384,-0.18838884,-0.20047067,-0.14596729,-0.14934373,-0.13092041,-0.14289239,-0.15151286,-0.16432613,-0.14707884,-0.16278498,-0.15863994,-0.14998752,-0.1473141,-0.1567066,-0.1534146,-0.22480208,-0.120334074,-0.14153144,-0.118485585,-0.16118279,-0.17401046,-0.15537754,-0.16814747,-0.11139822,-0.1388583,-0.13027036,-0.12899444,-0.15152657,-0.14256933,-0.11583902,-0.10065024,-0.090819016,-0.105964564,-0.120884046,-0.1351555,-0.15027548,-0.1604836,-0.1185138,-0.11129953,-0.1578567,-0.17738779,-0.13407794,-0.16361114,-0.25953975,-0.14846838,-0.13249917,-0.14152527,-0.15095688,-0.17780018,-0.16288012,2.540229,-0.09015879,-0.110053405,-0.1347473,-0.12992628,-0.13997786,-0.17326824,-0.13908121,-0.16057305,-0.12777606,-0.07092635,-0.03704006,-0.13669848,-0.16230944,-0.1787116,-0.14332479,-0.12334781,-0.13560317,-0.12023825,-0.13856637,-0.25318068,-0.26654312,-0.08409754,-0.10945694,-0.14502527,-0.09238048,-0.1871831,-0.18977217,-0.15268347,-0.090731636,-0.13230102,-0.14938462,-0.15020986,-0.15897161,-0.17050236,-0.18427896,-0.088271014,-0.12404642,-0.14118099,-0.10256614,-0.17951453,-0.19495486,-0.1913428,-0.1004935,-0.13113372,-0.080460995,-0.12824652,-0.19006202,-0.1932181,-0.1913119,-0.12384592,-0.076004736,-0.09753973,-0.11861643,-0.13660876,-0.12406494,-0.121451,-0.09494735,-0.09689297,-0.108843684,-0.082459606,-0.113117315,-0.13257653,-0.16716498,-0.1410757,-0.13609344,-0.18093297,-0.17825818,-0.19376914,-0.14478834,-0.15549555,-0.13579443,-0.119081676,-0.14001076,-0.19117098,-0.19047797,-0.18094426,-0.19755594,-0.25103784,-0.20219928,-0.18936256,-0.1902905,-0.18216282,-0.17317575,-0.27554205,-0.08916744,-0.11956477,-0.12756766,-0.15751183,-0.20931396,-0.18224281,-0.29657933,1.2916198,-0.15024263,3.0154183,-0.17325558,-0.17108874,-0.2185038,-0.17647925,-0.114121355,-0.13953862,-0.15388772,-0.15788373,-0.22984435,-0.18186735,-0.2550053,-0.1047101,-0.12455491,-0.13851798,-0.1245083,-0.15189947,-0.15537298,-0.15651241,-0.14014931,-0.15141064,-0.16343126,-0.155039,-0.15357634,-0.15288806,-0.13400722,-0.12320999,-0.1461647,-0.19030991,-0.17671745,-0.21025829,-0.3990198,-0.20210747,-0.11362025,-0.1296617,-0.11879141,-0.14804626,-0.16636807,-0.1865628,-0.19136927,-0.13142267,-0.07755755,-0.15341976,-0.13979986,8.875302,-0.11839237,-0.19987361,-0.1649412,-0.15792267,-0.14144076,-0.12379998,-0.12722544,-0.14610182,-0.2588673,-0.10746821,-0.13074079,-0.09132757,-0.12832497,-0.1296027,-0.14965938,-0.15214582,-0.096779495,-0.08910369,-0.12463225,-0.11082401,-0.13783798,-0.15073736,-0.17057937,-0.14296174,-0.11646521,-0.17357484,-0.15179798,-0.14246246,-0.12542331,-0.1423015,-0.17466888,-0.13176009,-0.13250664,-0.14579177,-0.12336637,-0.08722703,-0.05825615,-0.14342648,-0.17082691,-0.026243303,-0.16551027,-0.2829064,-0.31316653,-0.19816282,-0.14569932,-0.14331596,-0.14862512,-0.12963767,-0.25088155,-0.19356534,-0.18855703,-0.0951791,-0.1096762,9.215874,-0.09506244,9.531066,-0.15275896,-0.15746465,-0.16683987,-0.12812386,-0.0969081,-0.16398169,-0.14425999,-0.11335766,-0.18846886,-0.1706479,-0.15370324,-0.12615085,-0.115196005,-0.11344591,-0.11662802,-0.17600694,-0.1386945,-0.13471627,-0.096878245,-0.12134905,-0.092369065,-0.12434345,-0.13592705,-0.063823454,-0.13877153,-0.11419349,-0.1337339,-0.24483351,-0.2571875,-0.29957527,-0.14613913,-0.15670104,-0.13259257,-0.19104545,-0.0782174,-0.17213179,-0.16428517,-0.09859173,-0.11065883,-0.114956155,-0.076612435,-0.083404,-0.1213824,-0.13072303,-0.13855581,-0.19385117,-0.09977645,-0.15549253,-0.19487974,-0.19067374,-0.18685977,-0.11157176,-0.14279377,-0.10370277,-0.15954474,-0.19382168,-0.17325348,-0.16886595,-0.14277409,-0.14253588,-0.101731844,-0.15320468,-0.16128454,-0.18035975,-0.19462274,-0.12156333,-0.1473668,-0.11379468,-0.08067927,-0.14325468,-0.20725825,-0.16060424,-0.125103,-0.15657571,-0.15690626,-0.14331886,-0.19202894,-0.16250591,-0.18217106,-0.2963242,-0.19585803,-0.18060194,-0.17092055,-0.19218862,-0.15715224,-0.14054683,-0.1304894,-0.12557748,-0.13840678,-0.16280931,-0.30584824,-0.16639814,-0.18122426,-0.19212279,-0.11441202,-0.15074794,-0.14038289,-0.17766324,-0.16687903,-0.16457145,-0.14331086,-0.18237996,-0.12811197,-0.15306404,-0.13760719,-0.24156228,-0.17849924,-0.10359511,-0.13497794,-0.1423457,-0.17442618,-0.11054682,-0.13460866,-0.15275213,-0.15973888,-0.18108484,-0.15473789,-0.14949617,-0.19184028,-0.1751131,-0.16441807,-0.14723541,-0.14623587,9.12183,-0.10471026,-0.13525635,-0.20148799,-0.17705035,-0.12513243,-0.16458882,-0.18041904,-0.18738703,-0.11705899,-0.17712842,-0.25813958,-0.09301767,-0.09272515,-0.1148374,-0.13621494,-0.14810309,-0.09883693,-0.18897739
k__Bacteria|p__Synergistetes|c__Synergistia|o__Synergistales|f__Synergistaceae|g__GGB9469|s__GGB9469_SGB14862,-0.1004395,-0.12316422,-0.14106426,-0.20428483,-0.16611974,-0.19246547,-0.1666669,-0.14452377,-0.12543292,-0.18337655,-0.18320021,-0.21291167,-0.17075779,-0.19958659,-0.10257907,-0.098244675,-0.058144663,-0.0988966,-0.107254356,-0.17026992,-0.1978925,-0.12536043,-0.1358721,-0.15168843,-0.17059602,5.7821193,-0.16769406,-0.17344376,-0.1509206,-0.12124001,-0.13500997,-0.10516526,-0.1480118,-0.19415337,-0.18828022,-0.2175087,-0.16014549,-0.22338755,-0.19577123,-0.29867563,-0.29210672,-0.19620822,-0.106589064,-0.09162698,-0.13691942,-0.15471049,-0.23188588,-0.19284008,-0.14590125,-0.2026537,-0.18373503,-0.18279888,-0.19518867,-0.1955096,-0.19791472,-0.15760979,-0.12506178,-0.14301902,-0.091837615,-0.09501062,-0.1705804,-0.1418873,-0.13743341,-0.14634398,-0.12719077,-0.15152743,-0.2613474,-0.22333384,-0.18794647,-0.20047067,-0.14482081,-0.1487377,-0.12984625,-0.14186737,-0.14962308,-0.16304359,-0.14617729,-0.16278498,-0.15892401,-0.14998752,-0.14694022,-0.15639251,-0.15275805,-0.22480208,-0.120334074,-0.14116578,-0.11784598,-0.16022328,-0.1731113,-0.15514942,-0.1677703,-0.11139822,-0.1388583,-0.13027036,-0.12834448,-0.15152657,-0.14298701,-0.11532429,-0.10065024,-0.09029128,-0.10501567,-0.11977184,-0.13435128,-0.15027548,-0.15997434,-0.1185138,-0.11129953,-0.1578567,-0.17738779,-0.13245305,-0.16332601,-0.25953975,-0.14832446,-0.13238108,-0.14078677,-0.15095688,-0.17780018,-0.16295162,-0.22917573,-0.09015879,-0.11023012,-0.13432941,-0.1289885,-0.13997786,-0.17333189,-0.13908121,-0.16057305,-0.12777606,-0.07092635,-0.03704006,-0.13661861,-0.16161238,-0.17832266,-0.14332479,-0.12334781,-0.13590461,-0.12023825,-0.13765481,-0.25318068,-0.26654312,-0.083155036,-0.10945694,-0.14387038,-0.09238048,-0.18749835,-0.1892408,-0.15275425,-0.089841686,-0.13230102,-0.14930686,-0.14981827,-0.15826167,-0.16984661,-0.18273306,-0.08737302,-0.12299762,-0.14036763,-0.10256614,-0.17951453,-0.19495486,-0.18979423,-0.09956113,-0.13113372,-0.07810956,-0.12752558,-0.19006202,-0.19211094,-0.19062163,-0.122905746,-0.075065196,-0.09643044,-0.11794424,-0.13620222,-0.12406494,-0.121451,-0.09375963,-0.09625052,-0.10821599,-0.082459606,-0.11237098,-0.13206217,-0.16650411,-0.1410757,-0.13622132,-0.18093297,-0.17825818,-0.19279921,-0.14402401,-0.15549555,-0.13473222,-0.119081676,-0.14001076,-0.19117098,-0.1897077,-0.18068323,-0.19755594,-0.25103784,-0.20219928,-0.18986766,-0.1903755,-0.1820687,-0.17321345,-0.27554205,-0.08916744,-0.11956477,-0.12819171,-0.15751183,-0.20931396,-0.18224281,-0.29657933,-0.32474133,-0.15559897,-0.3242122,-0.17325558,-0.17108874,-0.2185038,-0.17647925,-0.114121355,-0.13970509,-0.15388772,-0.15788373,-0.22984435,-0.18186735,-0.25054196,-0.10377963,-0.12455491,-0.1383808,-0.1238603,-0.15189947,-0.15427023,-0.15549392,-0.14014931,-0.15141064,-0.16225827,-0.15473612,-0.15287429,-0.15254614,-0.13352546,-0.12278846,-0.14635444,-0.18951042,-0.17623705,0.6618476,-0.3990198,-0.20133646,-0.113052905,-0.1296617,-0.11761872,-0.14774483,-0.16636807,-0.18596655,-0.19101733,-0.13153082,-0.07635893,-0.15232646,-0.13954,7.6541786,-0.11810287,7.6479235,-0.1649412,-0.15855494,-0.14087501,-0.12326932,-0.12722544,-0.14610182,-0.2588673,-0.10682997,-0.13074079,-0.09132757,-0.12832497,-0.1287663,-0.14956516,-0.15128073,-0.09580539,-0.08910369,-0.12389329,-0.11015974,-0.13746856,-0.15049748,-0.16952261,-0.14235705,-0.116514154,-0.17334263,-0.15161535,-0.14182225,-0.1247164,-0.14184487,-0.17466888,-0.13176009,-0.13178915,-0.14523429,-0.12228651,-0.08722703,-0.05825615,-0.1430435,-0.17082691,-0.026243303,-0.1665248,-0.2829064,-0.31316653,-0.19706462,-0.14507765,-0.14331596,-0.14862512,-0.12963767,-0.25088155,-0.19204967,-0.18750668,-0.09432569,-0.10878136,-0.10702289,-0.09278604,-0.12759323,-0.15301794,-0.15746465,-0.16632995,-0.12812386,-0.0969081,-0.16398169,-0.14312659,-0.11335766,-0.18846886,-0.1706479,-0.15327919,-0.12512559,-0.115196005,-0.1122955,-0.11662802,-0.17561239,-0.13776137,-0.13355497,-0.096878245,-0.1204298,-0.09140391,-0.12434345,-0.13596322,-0.063823454,-0.13877153,-0.11419349,-0.13327374,-0.24483351,-0.2571875,-0.29957527,-0.14537084,-0.15606269,-0.13142085,-0.19104545,-0.0782174,-0.17115733,-0.16377737,-0.09859173,-0.11065883,-0.114732765,-0.076612435,-0.083404,-0.1213824,-0.13072303,-0.13855581,-0.19385117,-0.097761616,-0.15508427,-0.19487974,-0.19054802,-0.18601707,-0.11082521,-0.1426684,-0.10253537,-0.15829466,-0.19303274,-0.17165412,-0.16880326,-0.1422329,-0.14172381,-0.10140462,-0.15287289,-0.16120158,-0.18062618,-0.19402689,-0.1206473,-0.1466884,-0.113970235,-0.080096036,-0.14204091,-0.20725825,-0.16009496,-0.125103,-0.15657571,-0.15690626,-0.14333995,-0.19202894,-0.1621241,-0.18127283,-0.2963242,-0.19608057,-0.18074566,-0.17145744,-0.1917822,-0.15696758,-0.14054683,-0.12975088,-0.12557748,-0.13791028,-0.16266996,-0.30584824,-0.1662485,-0.1800732,-0.19218643,-0.11441202,-0.15021792,-0.14024203,-0.17743015,-0.16604558,-0.16404426,-0.14331086,-0.18237996,-0.12791945,-0.15301551,-0.13629904,-0.24156228,-0.17919308,-0.10260869,-0.13507566,-0.14116116,-0.17338136,-0.11013129,-0.13418229,-0.15173078,-0.15900987,-0.18135032,-0.15315956,-0.14817707,-0.19184028,-0.17458627,-0.1634809,-0.14723541,-0.14623587,-0.11499533,-0.10471026,-0.13466597,-0.20148799,-0.17620507,-0.12513243,-0.16642466,-0.18041904,-0.18738703,-0.11705899,-0.17535698,-0.25655732,-0.09206095,-0.0919221,-0.1143632,-0.13539451,-0.1472143,-0.09811148,-0.18822244
k__Bacteria|p__Synergistetes|c__Synergistia|o__Synergistales|f__Synergistaceae|g__GGB9469|s__GGB9469_SGB14863,-0.1004395,-0.12316422,-0.14113978,-0.20428483,-0.16674125,-0.1933595,-0.1666669,-0.14505434,-0.12472887,-0.18372756,-0.18305364,-0.22291249,-0.16988373,-0.20441402,-0.10304213,-0.09921278,-0.058144663,-0.09960217,-0.10742015,-0.17064756,-0.1978925,-0.12536043,-0.13628224,-0.15234968,-0.17143859,-0.11658599,-0.16745496,-0.17409775,-0.1509206,-0.12124001,-0.13501784,-0.10535031,-0.14804631,-0.19560921,-0.18906018,-0.2175087,-0.16061352,-0.22338755,-0.19696441,-0.29867563,-0.29210672,-0.19765547,-0.10721058,-0.09162698,-0.13691942,-0.15485764,-0.23188588,-0.19374195,-0.14642483,-0.2026537,-0.18380252,-0.18279888,-0.19674924,-0.19753325,-0.20181736,-0.1584433,-0.12555887,-0.14375919,-0.092084646,-0.09538968,-0.17124471,-0.14238128,-0.13743341,-0.1468696,-0.12719077,-0.1512649,-0.2613474,-0.22333384,-0.18871254,-0.20047067,-0.14571503,-0.14926407,-0.1304017,-0.14250681,-0.15079233,-0.16424596,-0.1467753,-0.16278498,-0.15940939,-0.14998752,-0.14711058,-0.15682814,-0.15311097,-0.22480208,-0.120334074,-0.1413872,-0.11804257,-0.16106355,-0.17404509,-0.15532647,-0.16807911,-0.11139822,-0.1388583,-0.13027036,-0.12854722,-0.15152657,-0.14246435,-0.11558518,-0.10065024,-0.0902356,-0.10535261,-0.12040294,-0.13483647,-0.15027548,-0.16042283,-0.1185138,-0.11129953,-0.1578567,-0.17738779,-0.13365433,-0.16316694,-0.25953975,-0.14862186,-0.13232434,-0.14127198,-0.15095688,-0.17780018,-0.16332582,-0.22917573,-0.09015879,-0.10993543,-0.13450089,-0.12950099,-0.13997786,-0.17354628,-0.13908121,-0.16057305,-0.12777606,-0.07092635,-0.03704006,-0.13690227,-0.16192293,-0.17896624,-0.14332479,-0.12334781,-0.13574588,-0.12023825,-0.13796358,-0.25318068,-0.26654312,-0.08331509,-0.10945694,-0.14444536,-0.09238048,-0.18758401,-0.18995479,-0.1527322,-0.09006828,-0.13230102,-0.1493712,-0.15014194,-0.15886015,-0.17042342,-0.18385382,-0.08756032,-0.123799935,-0.14117348,-0.10256614,-0.17951453,-0.19495486,-0.19124758,-0.099850364,-0.13113372,-0.07895543,-0.12749454,-0.19006202,-0.19323377,-0.19151363,-0.12349626,-0.07530701,-0.09702912,-0.11824793,-0.13637686,-0.12406494,-0.121451,-0.094327904,-0.09648344,-0.10834439,-0.082459606,-0.11272137,-0.13219365,-0.1672452,-0.1410757,-0.13610286,-0.18093297,-0.17825818,-0.19393957,-0.14440458,-0.15549555,-0.13532603,-0.119081676,-0.14001076,-0.19117098,-0.19099301,-0.18116197,-0.19755594,-0.25103784,-0.20219928,-0.18985319,-0.19075538,-0.18234394,-0.17337736,-0.27554205,-0.08916744,-0.11956477,-0.12748593,-0.15751183,-0.20931396,-0.18224281,-0.29657933,-0.32474133,-0.15184018,-0.3242122,-0.17325558,-0.17108874,-0.2185038,-0.17647925,-0.114121355,-0.13965535,-0.15388772,-0.15788373,-0.22984435,-0.18186735,-0.25510234,-0.104139246,-0.12455491,-0.13836616,-0.12396982,-0.15189947,-0.15503784,-0.1563476,-0.14014931,-0.15141064,-0.16311431,-0.15512481,-0.15342578,-0.1528198,-0.13379994,-0.12283955,-0.14619848,-0.19021189,-0.17672633,-0.21025829,-0.3990198,-0.20177165,-0.113327295,-0.1296617,-0.11839974,-0.14770266,-0.16636807,-0.1867621,-0.19153282,-0.13137251,-0.076464355,-0.15298572,-0.13954991,0.9034626,-0.117923796,-0.19987361,-0.1649412,-0.15846628,-0.14112183,-0.12342606,-0.12722544,-0.14610182,-0.2588673,-0.106979206,-0.13074079,-0.09132757,-0.12832497,-0.12901612,-0.14954197,-0.15196976,-0.09618147,-0.08910369,-0.12412076,-0.11024861,-0.13764429,-0.1505557,-0.17035472,-0.14275461,-0.116150714,-0.17384547,-0.15164924,-0.1422522,-0.12506881,-0.14221402,-0.17466888,-0.13176009,-0.13202944,-0.14573744,-0.12286666,-0.08722703,-0.05825615,-0.14333406,-0.17082691,-0.026243303,-0.16646379,-0.2829064,-0.31316653,-0.19757599,-0.14556885,-0.14331596,-0.14862512,-0.12963767,-0.25088155,-0.19377342,-0.18851823,-0.09429863,-0.10930043,-0.10702289,-0.09362954,-0.12759323,-0.15273476,-0.15746465,-0.16717541,-0.12812386,-0.0969081,-0.16398169,-0.14373574,-0.11335766,-0.18846886,-0.1706479,-0.15377599,-0.12569253,-0.115196005,-0.11270627,-0.11662802,-0.17628461,-0.1383707,-0.1343968,-0.096878245,-0.12096831,-0.091573626,-0.12434345,-0.13594532,-0.063823454,-0.13877153,-0.11419349,-0.13344364,-0.24483351,-0.2571875,-0.29957527,-0.14601487,-0.15666446,-0.13184208,-0.19104545,-0.0782174,-0.17215487,-0.16432422,-0.09859173,-0.11065883,-0.11470556,-0.076612435,-0.083404,-0.1213824,-0.13072303,-0.13855581,-0.19385117,-0.09878531,-0.15535295,-0.19487974,-0.19083697,-0.1867669,-0.111024134,-0.1429759,-0.10294661,-0.15936285,-0.19386926,-0.1728116,-0.1687948,-0.14265206,-0.14248022,-0.1012566,-0.15298432,-0.16155538,-0.18068999,-0.19492078,-0.1210566,-0.14741956,-0.113714874,-0.07988234,-0.14233127,-0.20725825,-0.16074242,-0.125103,-0.15657571,-0.15690626,-0.14349975,-0.19202894,-0.16234991,-0.18201913,-0.2963242,-0.19687375,-0.18062004,-0.17139,-0.19243816,-0.15716118,-0.14054683,-0.13008076,-0.12557748,-0.13805276,-0.1626362,-0.30584824,-0.16630563,-0.1811043,-0.1926671,-0.11441202,-0.15035221,-0.14042687,-0.17779171,-0.16674855,-0.16463003,-0.14331086,-0.18237996,-0.1279422,-0.15308693,-0.1365431,-0.24156228,-0.17934904,-0.10298216,-0.13504675,-0.14184354,-0.17442062,-0.11005336,-0.1342502,-0.1524355,-0.16005123,-0.18162304,-0.15409708,-0.14886317,-0.19184028,-0.17508397,-0.16439378,-0.14723541,-0.14623587,-0.11499533,-0.10471026,-0.13463347,-0.20148799,-0.17707387,-0.12513243,-0.165928,-0.18041904,-0.18738703,-0.11705899,-0.17681119,-0.2589647,-0.09237422,-0.09214284,-0.11445287,-0.13586436,-0.1477945,-0.098082945,-0.1890026
