#OTU ID,T000272.0,T000272.1,T000272.2,T000272.3,T000272.4,T000461.0,T000461.1,T000461.2,T000461.3,T000461.4,T002534.0,T002534.1,T002534.2,T002534.3,T002534.4,T003950.0,T003950.1,T003950.2,T003950.3,T003950.4,T005999.0,T005999.1,T005999.2,T005999.3,T005999.4,T007748.0,T007748.1,T007748.2,T007748.3,T007748.4,T008025.0,T008025.1,T008025.2,T008025.3,T008025.4,T008631.0,T008631.1,T008631.2,T008631.3,T008631.4,T009280.0,T009280.1,T009280.2,T009280.3,T009280.4,T009909.0,T009909.1,T009909.2,T009909.3,T009909.4,T010520.0,T010520.1,T010520.2,T010520.3,T010520.4,T010532.0,T010532.1,T010532.2,T010532.3,T010532.4,T012138.0,T012138.1,T012138.2,T012138.3,T012138.4,T012374.0,T012374.1,T012374.2,T012374.3,T012374.4,T012389.0,T012389.1,T012389.2,T012389.3,T012389.4,T013832.0,T013832.1,T013832.2,T013832.3,T013832.4,T014827.0,T014827.1,T014827.2,T014827.3,T014827.4,T017394.0,T017394.1,T017394.2,T017394.3,T017394.4,T018343.0,T018343.1,T018343.2,T018343.3,T018343.4,T019021.0,T019021.1,T019021.2,T019021.3,T019021.4,T019031.0,T019031.1,T019031.2,T019031.3,T019031.4,T019850.0,T019850.1,T019850.2,T019850.3,T019850.4,T020231.0,T020231.1,T020231.2,T020231.3,T020231.4,T021076.0,T021076.1,T021076.2,T021076.3,T021076.4,T021613.0,T021613.1,T021613.2,T021613.3,T021613.4,T023390.0,T023390.1,T023390.2,T023390.3,T023390.4,T023909.0,T023909.1,T023909.2,T023909.3,T023909.4,T024121.0,T024121.1,T024121.2,T024121.3,T024121.4,T028183.0,T028183.1,T028183.2,T028183.3,T028183.4
k__Bacteria|p__Firmicutes|c__Bacilli|o__Lactobacillales|f__Enterococcaceae|g__unclassified|s__unclassified,0.0,0.0,0.0,0.0,0.0,0.0,0.0,0.0,0.0,0.0,0.0,0.0,0.0,0.0,0.0,0.0,0.0,0.0,0.0,0.0,0.0,0.0,0.0,0.0,0.0,0.0,0.0,0.0,0.0,0.0,0.0,0.0,0.0,0.0,0.0,0.0,0.0,0.0,0.0,0.0,0.0,0.0,0.0,0.0,0.0,0.0,0.0,0.0,0.0,0.0,0.0,0.0,0.0,0.0,0.0,0.0,0.0,0.0,0.0,0.0,0.0,0.0,0.0,0.0,0.0,0.0,0.0,0.0,0.0,0.0,0.0,0.0,0.0,0.0,0.0,0.0,0.0,0.0,0.0,0.0,0.0,0.0,0.0,0.0,0.0,0.0,0.0,0.0,0.0,0.0,0.0,0.0,0.0,0.0,0.0,0.0,0.0,0.0,0.0,0.0,0.0,0.0,0.0,0.0,0.0,0.0,0.0,0.0,0.0,0.0,0.0,0.0,0.0,0.0,0.0,0.0,0.0,0.0,0.0,0.0,0.0,0.0,0.0,0.0,0.0,0.0,0.0,0.0,0.0,0.0,0.0,0.0,0.024156857,0.0,0.0,0.0,0.0,0.0,0.0,0.0,0.0,0.0,0.0,0.0,0.048009813
k__Bacteria|p__Firmicutes|c__Clostridia|o__Clostridiales|f__Clostridiaceae|g__Peptoniphilus|s__asaccharolyticus,0.0,0.0,0.0,0.0,0.0,0.0,0.0,0.0,0.0,0.0,0.0,0.0,0.0,0.0,0.0,0.0,0.0,0.018482627,0.0,0.0,0.0,0.0,0.0,0.0,0.0,0.034112122,0.0,0.0,0.0,0.0,0.0404218,0.0,0.0,0.0,0.0,0.0,0.0,0.0,0.0,0.0,0.0,0.0,0.0,0.0,0.0,0.0,0.0,0.0,0.0,0.0,0.0,0.0,0.0,0.0,0.0,0.0,0.0,0.0,0.0,0.0,0.0,0.0,0.0,0.0,0.0,0.0,0.0,0.0,0.0,0.0,0.0,0.0,0.0,0.0,0.0,0.0,0.0,0.0,0.0,0.0,0.0,0.021364579,0.0,0.0,0.0,0.0,0.0,0.0,0.0,0.0,0.0,0.0,0.0,0.0,0.0,0.0,0.0,0.0,0.0,0.0,0.0,0.0,0.0,0.0,0.0,0.0,0.0,0.0,0.0,0.0,0.0,0.0,0.0,0.0,0.0,0.0,0.0,0.0,0.0,0.0,0.0,0.0,0.0,0.0,0.0,0.0,0.0,0.0,0.0,0.0,0.0,0.0,0.0,0.0,0.0,0.0,0.0,0.0,0.0,0.0,0.0,0.0,0.0,0.0,0.0
k__Bacteria|p__Firmicutes|c__Bacilli|o__Lactobacillales|f__Streptococcaceae|g__unclassified|s__unclassified,0.0,0.0,0.0,0.0,0.0,0.0,0.0,0.0,0.0,0.0,0.0,0.0,0.0,0.0,0.0,0.0,0.0,0.0,0.0,0.0,0.0,0.0,0.0,0.0,0.0,0.0,0.0,0.0,0.0,0.0,0.0,0.0,0.0,0.0,0.0,0.0,0.0,0.0,0.0,0.0,0.0,0.0,0.0,0.0,0.0,0.0,0.0,0.0,0.0,0.0,0.0,0.0,0.0,0.0,0.0,0.0,0.0,0.0,0.0,0.0,0.0,0.0,0.0,0.0,0.0,0.0,0.0,0.0,0.0,0.0,0.0,0.0,0.0,0.0,0.0,0.0,0.0,0.0,0.0,0.0,0.0,0.0,0.0,0.0,0.0,0.0,0.0,0.0,0.0,0.0,0.0,0.0,0.0,0.0,0.0,0.0,0.0,0.0,0.0,0.0,0.0,0.0,0.0,0.0,0.0,0.0,0.0,0.0,0.0,0.0,0.0,0.0,0.0,0.0,0.0,0.0,0.0,0.0,0.0,0.0,0.0,0.0,0.0,0.0,0.0,0.0,0.0,0.0,0.0,0.0,0.0,0.0,0.0,0.0,0.0,0.0,0.0,0.0,0.0,0.0,0.0,0.0,0.0,0.0,0.0488847
k__Bacteria|p__Firmicutes|c__Clostridia|o__Coriobacteriales|f__Coriobacteriaceae|g__Collinsella|s__aerofaciens,0.0,0.0,0.0,0.0,0.0,0.0,0.0,0.0,0.0,0.0,0.0,0.0,0.0,0.0,0.0,0.0,0.0,0.019111594,0.0,0.0,0.0,0.0,0.0,0.02491195,0.0,0.0,0.0,0.022120781,0.0,0.0,0.0,0.0,0.0,0.0,0.0,0.0,0.0,0.0,0.0,0.0,0.0,0.0,0.0,0.0,0.0,0.0,0.0,0.0,0.0,0.0,0.0,0.0,0.0,0.0,0.0,0.0,0.0,0.0,0.0,0.0,0.0,0.03461232,0.0,0.0,0.0,0.0,0.0,0.0,0.0,0.0,0.0,0.0,0.0,0.0,0.0,0.0,0.0,0.0,0.0,0.0,0.0,0.022013454,0.02599503,0.0,0.0,0.0,0.0,0.0,0.0,0.0,0.0,0.0,0.0,0.0,0.0,0.0,0.0,0.0,0.0,0.0,0.0,0.0,0.0,0.0,0.0,0.0,0.0,0.0,0.0,0.0,0.0,0.0,0.0,0.0,0.0,0.0,0.037755933,0.0,0.0,0.0,0.030679166,0.0,0.0,0.0,0.0,0.0,0.0,0.0,0.0,0.0,0.0,0.0,0.024122993,0.0,0.0,0.0,0.0,0.0,0.0,0.0,0.0,0.0,0.0,0.0,0.0
k__Bacteria|p__Firmicutes|c__Clostridia|o__Clostridiales|f__Lachnospiraceae|g__Blautia|s__producta,0.0,0.0,0.0,0.0,0.0,0.0,0.0,0.0,0.0,0.0,0.0,0.0,0.0,0.0,0.0255851,0.0,0.0,0.0,0.0,0.0,0.0,0.0,0.0,0.0,0.0,0.0,0.0,0.0,0.0,0.0,0.0,0.0,0.0,0.0,0.0,0.0,0.0,0.0,0.0,0.0,0.0,0.0,0.0,0.0,0.0,0.0,0.0,0.0,0.0,0.0,0.0,0.0,0.0,0.0,0.0,0.0,0.0,0.0,0.0,0.0,0.0,0.0,0.0,0.0,0.0,0.0,0.0,0.0,0.0,0.0,0.0,0.0,0.0,0.0,0.0,0.0,0.0,0.0,0.0,0.0,0.0,0.0,0.0,0.0,0.0,0.0,0.0,0.0,0.0,0.0,0.0,0.0,0.0,0.0,0.0,0.0,0.0,0.0,0.0,0.0,0.0,0.0,0.0,0.0,0.0,0.0,0.0,0.0,0.0,0.0,0.0,0.0,0.0,0.0,0.0,0.0,0.0,0.0,0.0,0.0,0.0,0.0,0.0,0.0,0.0,0.0,0.0,0.0,0.0,0.0,0.0,0.0,0.024138624,0.0,0.0,0.0,0.0,0.0,0.0,0.0,0.0,0.0,0.0,0.0,0.0
k__Bacteria|p__Firmicutes|c__Bacilli|o__Gemellales|f__Gemellaceae|g__unclassified|s__unclassified,0.0,0.0,0.0,0.0,0.0,0.0,0.0,0.0,0.0,0.0,0.0,0.0,0.0,0.0,0.0,0.0,0.0,0.018498963,0.0,0.0,0.0,0.0,0.0,0.0,0.0,0.0,0.0,0.021547223,0.0,0.026180824,0.0,0.0,0.0,0.0,0.0,0.0,0.0,0.0,0.0,0.0,0.0,0.0,0.0,0.0,0.0,0.0,0.0,0.0,0.0,0.0,0.0,0.0,0.0,0.0,0.0,0.0,0.0,0.0,0.0,0.0,0.0,0.0,0.0,0.0,0.0,0.0,0.0,0.0,0.0,0.0,0.0,0.0,0.0,0.0,0.0,0.0,0.0,0.0,0.0,0.0,0.0,0.021371732,0.0,0.0,0.0,0.0,0.07118009,0.0,0.0,0.0,0.0,0.0,0.0,0.0,0.0,0.04407246,0.0,0.0,0.0,0.0,0.0,0.0,0.0,0.0,0.0,0.0,0.0,0.0,0.0,0.0,0.0,0.0,0.0,0.0,0.0,0.0,0.0,0.0,0.0,0.0,0.0,0.0,0.0,0.0,0.0,0.0,0.040157847,0.0,0.0,0.0,0.0,0.0,0.0,0.0,0.0,0.0,0.0,0.0,0.0,0.0,0.0,0.0,0.0,0.0,0.047991734
k__Bacteria|p__Firmicutes|c__Bacilli|o__unclassified|f__unclassified|g__unclassified|s__unclassified,0.0,0.0,0.0,0.0,0.0,0.0,0.0,0.0,0.0,0.0,0.0,0.0,0.0,0.0,0.0,0.0,0.0,0.0,0.0,0.0,0.0,0.0,0.0,0.0,0.0,0.0,0.0,0.0,0.0,0.0,0.0,0.0,0.0,0.0,0.0,0.0,0.0,0.0,0.0,0.0,0.0,0.0,0.0,0.0,0.0,0.0,0.0,0.0,0.0,0.0,0.0,0.0,0.0,0.0,0.0,0.0,0.0,0.0,0.0,0.0,0.0,0.0,0.0,0.0,0.0,0.0,0.0,0.0,0.0,0.0,0.0,0.0,0.0,0.0,0.0,0.061464168,0.0,0.0,0.0,0.0,0.0,0.0,0.0,0.0,0.0,0.0,0.0,0.0,0.0,0.0,0.0,0.0,0.0,0.0,0.0,0.0,0.0,0.0,0.0,0.0,0.0,0.0,0.0,0.0,0.0,0.0,0.0,0.0,0.0,0.0,0.0,0.023547841,0.0,0.0,0.0,0.0,0.0,0.0,0.0,0.0,0.0,0.0,0.0,0.0,0.0,0.0,0.0,0.0,0.0,0.0,0.0,0.0,0.024233712,0.0,0.0,0.0,0.0,0.0,0.0,0.0,0.0,0.0,0.0,0.0,0.04881601
k__Bacteria|p__Firmicutes|c__Bacilli|o__Lactobacillales|f__Lactobacillaceae|g__Pediococcus|s__unclassified,0.0,0.0,0.0,0.0,0.0,0.0,0.0,0.0,0.0,0.0,0.0,0.0,0.0,0.0,0.0,0.0,0.0,0.0,0.0,0.0,0.0,0.0,0.0,0.0,0.0,0.0,0.0,0.0,0.0,0.0,0.0,0.0,0.0,0.0,0.0,0.0,0.0,0.0,0.0,0.0,0.0,0.0,0.0,0.0,0.0,0.0,0.05146348,0.0,0.0,0.0,0.0,0.0,0.0,0.0,0.0,0.0,0.0,0.0,0.0,0.0,0.0,0.0,0.0,0.0,0.0,0.0,0.0,0.0,0.0,0.0,0.0,0.0,0.0,0.0,0.0,0.0,0.0,0.0,0.0,0.0,0.0,0.0,0.0,0.0,0.0,0.0,0.0,0.0,0.0,0.0,0.0,0.0,0.0,0.0,0.0,0.0,0.0,0.0,0.0,0.0,0.0,0.0,0.0,0.0,0.0,0.0,0.0,0.0,0.0,0.0,0.0,0.0,0.0,0.0,0.0,0.0,0.0,0.0,0.0,0.0,0.0,0.0,0.0,0.0,0.0,0.0,0.0,0.0,0.0,0.0,0.0,0.0,0.0,0.0,0.0,0.0,0.0,0.0,0.0,0.0,0.0,0.0,0.0,0.0,0.0
k__Bacteria|p__Firmicutes|c__Bacilli|o__Bacillales|f__Staphylococcaceae|g__Staphylococcus|s__unclassified,0.0,0.0,0.0,0.0,0.0,0.0,0.0,0.0,0.0,0.0,0.0,0.0,0.0,0.0,0.0,0.045184437,0.0,0.018544488,0.0,0.0,0.0,0.0,0.0,0.0,0.0,0.0,0.0,0.02157618,0.0,0.0,0.04045164,0.0,0.0,0.0,0.0,0.0,0.0,0.0,0.0,0.0,0.0,0.0,0.0,0.0,0.0,0.067473195,0.0,0.0,0.0,0.0,0.0,0.0,0.0,0.0,0.0,0.0,0.0,0.0,0.0,0.0,0.0,0.0,0.0,0.0,0.0,0.0,0.0,0.0,0.0,0.0,0.0,0.0,0.0,0.0,0.0,0.061327692,0.0,0.0,0.0,0.0,0.0,0.021401735,0.0,0.0,0.0,0.0,0.07157864,0.0,0.0,0.0,0.0,0.0,0.0,0.0,0.0,0.0,0.0,0.0,0.0,0.0,0.0,0.0,0.0,0.0,0.0,0.0,0.0,0.0,0.0,0.0,0.0,0.0,0.0,0.0,0.0,0.0,0.0,0.0,0.0,0.0,0.030611333,0.0,0.0,0.0,0.0,0.0,0.0,0.0,0.0,0.0,0.0,0.0,0.0,0.0,0.0,0.0,0.0,0.0,0.0,0.0,0.0,0.0,0.0,0.0,0.0
k__Bacteria|p__Firmicutes|c__Bacilli|o__Lactobacillales|f__Lactobacillaceae|g__unclassified|s__unclassified,0.0,0.0,0.0,0.0,0.0,0.0,0.0,0.0,0.0,0.0,0.0,0.0,0.0,0.0,0.0,0.0,0.029408686,0.018463794,0.0,0.0,0.0,0.0,0.0,0.0,0.0,0.0,0.0,0.0,0.0,0.0,0.0,0.0,0.0,0.0,0.0,0.0,0.0,0.0,0.0,0.0,0.0,0.0,0.0,0.0,0.0,0.0,0.0,0.031205043,0.0,0.0,0.0,0.0,0.0,0.0,0.0,0.0,0.0,0.0,0.0,0.0,0.0,0.0,0.0,0.0,0.0,0.0,0.0,0.0,0.0,0.0,0.0,0.0,0.0,0.0,0.0,0.0,0.0,0.0,0.0,0.0,0.0,0.0,0.0,0.0,0.0,0.0,0.0,0.0,0.0,0.0,0.0,0.0,0.0,0.0,0.0,0.0,0.0,0.0,0.0,0.0,0.0,0.0,0.0,0.0,0.0,0.0,0.022155887,0.0,0.0,0.0,0.0,0.0,0.0,0.0,0.0,0.0,0.0,0.0,0.0,0.0,0.0,0.0,0.0,0.0,0.0,0.0,0.0,0.0,0.0,0.0,0.0,0.0,0.0,0.0,0.0,0.0,0.0,0.0,0.0,0.0,0.0,0.0,0.0,0.0,0.0
k__Bacteria|p__Firmicutes|c__Bacilli|o__Lactobacillales|f__unclassified|g__unclassified|s__unclassified,0.0,0.0,0.0,0.0,0.0,0.0,0.0,0.0,0.0,0.0,0.0,0.0,0.0,0.0,0.0,0.0,0.0,0.0,0.0,0.0,0.0,0.0,0.0,0.0,0.0,0.0,0.0,0.0,0.0,0.0,0.0,0.0,0.0,0.0,0.0,0.0,0.0,0.0,0.0,0.0,0.0,0.0,0.0,0.0,0.0,0.0,0.0,0.0,0.0,0.0,0.0,0.0,0.0,0.0,0.0,0.0,0.0,0.0,0.0,0.0,0.0,0.0,0.0,0.0,0.0,0.0,0.0,0.0,0.0,0.0,0.0,0.0,0.0,0.0,0.0,0.0,0.0,0.0,0.0,0.0,0.0,0.0,0.0,0.0,0.0,0.0,0.0,0.0,0.0,0.0,0.0,0.0,0.0,0.0,0.0,0.0,0.0,0.0,0.0,0.0,0.0,0.0,0.0,0.0,0.0,0.0,0.0,0.0,0.0,0.0,0.0,0.0,0.0,0.0,0.0,0.0,0.0,0.0,0.0,0.0,0.0,0.0,0.0,0.0,0.0,0.0,0.0,0.0,0.0,0.0,0.0,0.0,0.0,0.0,0.0,0.0,0.0,0.0,0.0,0.0,0.0,0.0,0.0,0.0,0.048035122
k__Bacteria|p__Firmicutes|c__Clostridia|o__Clostridiales|f__Veillonellaceae|g__Megasphaera|s__micronuciformis,0.0,0.038614407,0.0,0.0,0.0,0.0,0.0,0.0,0.0,0.0,0.0,0.0,0.0,0.0,0.0,0.0,0.0,0.018614395,0.0,0.0,0.0,0.0,0.0,0.0,0.0,0.0,0.0,0.02168457,0.0,0.0,0.0,0.0,0.0,0.0,0.0,0.0,0.0,0.0,0.0,0.0,0.0,0.0,0.0,0.0,0.0,0.0,0.0,0.0,0.0,0.0,0.0,0.0,0.0,0.0,0.0,0.0,0.0,0.0,0.0,0.0,0.0,0.0,0.0,0.0,0.0,0.0,0.0,0.0,0.0,0.0,0.0,0.0,0.0,0.0,0.0,0.0,0.0,0.0,0.0,0.0,0.0,0.021483982,0.0,0.0,0.0,0.0,0.0,0.0,0.0,0.0,0.0,0.0,0.0,0.0,0.0,0.0,0.0,0.0,0.0,0.0,0.0,0.04424437,0.0,0.0,0.0,0.0,0.0,0.0,0.0,0.0,0.0,0.0,0.0,0.0,0.0,0.0,0.0,0.0,0.0,0.0,0.0,0.0,0.0,0.0,0.0,0.0,0.0,0.0,0.0,0.0,0.0,0.0,0.0,0.0,0.0,0.0,0.0,0.0,0.0,0.0,0.0,0.0,0.0,0.0,0.0
k__Bacteria|p__Firmicutes|c__Bacilli|o__Lactobacillales|f__Lactobacillaceae|g__Lactobacillus|s__unclassified,0.0,0.0,0.0,0.0,0.0,0.041906793,0.0,0.0,0.0,0.0,0.0,0.0,0.0,0.0,0.0,0.045476668,0.0,0.0,0.0,0.0,0.0,0.0,0.0,0.0,0.0,0.0,0.0,0.0,0.0,0.0,0.042401187,0.0,0.0,0.0,0.0,0.0,0.0,0.0,0.0,0.0,0.0,0.0,0.0,0.0,0.0,0.0,0.051633555,0.03216195,0.0,0.0,0.0,0.0,0.0,0.0,0.0,0.0,0.0,0.0,0.0,0.0,0.0,0.0,0.0,0.0,0.0,0.05153666,0.052088264,0.0,0.0,0.0,0.06149901,0.0,0.0,0.0,0.025994793,0.0,0.0,0.0,0.0,0.0,0.0,0.0,0.0,0.0,0.0,0.0,0.0,0.0,0.0,0.0,0.0,0.0,0.0,0.0,0.0,0.04407246,0.0,0.0,0.0,0.0,0.0,0.0,0.0,0.0,0.0,0.0,0.023383752,0.0,0.0,0.0,0.0,0.0,0.0,0.0,0.0,0.0,0.0,0.0,0.034463536,0.0,0.0,0.0,0.0,0.0,0.0,0.0,0.0,0.0,0.0,0.0,0.0,0.0,0.0,0.0,0.0,0.0,0.04034691,0.0,0.0,0.0,0.0,0.0,0.0,0.0,0.0
k__Bacteria|p__Firmicutes|c__Clostridia|o__Clostridiales|f__Clostridiaceae|g__Clostridium|s__perfringens,0.0,0.039429832,0.0,0.0,0.0,0.0,0.0,0.0,0.0,0.0,0.0,0.0,0.0,0.0,0.0,0.0,0.0,0.0,0.0,0.0,0.0,0.0,0.0,0.0,0.0,0.035172094,0.0,0.0,0.0,0.0,0.0,0.0,0.0,0.0,0.0,0.0,0.03295926,0.0,0.0,0.0,0.0,0.0,0.0,0.0,0.0,0.0,0.0,0.0,0.0,0.0,0.0,0.0,0.057656057,0.0,0.0,0.0,0.0,0.0,0.0,0.0,0.0,0.0,0.0,0.0,0.0,0.05124714,0.05114288,0.0,0.0,0.0,0.0,0.0,0.0,0.0,0.0,0.06327741,0.0613027,0.0,0.0,0.0,0.0,0.0,0.0,0.0,0.0,0.0,0.0,0.0,0.0,0.0,0.0,0.0,0.0,0.0,0.0,0.0,0.0,0.0,0.0,0.0,0.0,0.0,0.0,0.0,0.0,0.0,0.022047035,0.0,0.0,0.0,0.0,0.0,0.0,0.0,0.0,0.0,0.0,0.0,0.0,0.0,0.0,0.0,0.0,0.0,0.0,0.0,0.04048384,0.0,0.0,0.0,0.0,0.0,0.0,0.0,0.0,0.06148329,0.0,0.0,0.0,0.0,0.0,0.0,0.0,0.0,0.0
k__Bacteria|p__Firmicutes|c__Clostridia|o__Clostridiales|f__Lachnospiraceae|g__Blautia|s__obeum,0.0,0.0,0.0,0.0,0.0,0.0,0.0,0.0,0.0,0.0,0.0,0.0,0.0,0.0,0.0,0.0,0.0,0.0,0.0,0.0,0.0,0.0,0.0,0.0,0.0,0.0,0.0,0.0,0.0,0.0,0.0,0.0,0.0,0.0,0.0,0.0,0.0,0.0,0.0,0.0,0.0,0.0,0.0,0.0,0.0,0.0,0.0,0.0,0.0,0.0,0.0,0.0,0.0,0.0,0.0,0.0,0.0,0.0,0.0,0.0,0.0,0.0,0.0,0.0,0.0,0.0,0.0,0.0,0.0,0.0,0.0,0.0,0.0,0.0,0.0,0.0,0.0,0.0,0.0,0.0,0.0,0.0,0.0,0.0,0.0,0.0,0.0,0.0,0.0,0.0,0.0,0.0,0.0,0.0,0.0,0.0,0.0,0.0,0.021925395,0.0,0.0,0.0,0.0,0.0,0.0,0.0,0.0,0.0,0.0,0.0,0.0,0.0,0.0,0.0,0.0,0.0,0.0,0.0,0.0,0.0,0.0,0.0,0.0,0.0,0.0,0.0,0.0,0.0,0.0,0.0,0.0,0.0,0.0,0.0,0.0,0.0,0.0,0.0,0.0,0.018941943,0.0,0.0,0.0,0.0,0.0
k__Bacteria|p__Firmicutes|c__Bacilli|o__Lactobacillales|f__Lactobacillaceae|g__Lactobacillus|s__zeae,0.0,0.0,0.0,0.0,0.0,0.042064697,0.0,0.0,0.0,0.0,0.0,0.044473752,0.0,0.0,0.025683194,0.0,0.0,0.0,0.0,0.0,0.0,0.0,0.0,0.0,0.0,0.03494566,0.0,0.0,0.0,0.0,0.04061631,0.0,0.0,0.0,0.0,0.0,0.0,0.0,0.0,0.0,0.061656315,0.0,0.0,0.0,0.0,0.067099094,0.0,0.0,0.0,0.0,0.0,0.0,0.0,0.0,0.0,0.0,0.0,0.0,0.0,0.0,0.0,0.0,0.0,0.0,0.0,0.051938776,0.052783664,0.0,0.0,0.0,0.061611358,0.0,0.0,0.0,0.0,0.0,0.0,0.0,0.0,0.0,0.0,0.0,0.0,0.0,0.0,0.0,0.07121908,0.0,0.0,0.0,0.0,0.0,0.0,0.0,0.0,0.0441885,0.030909011,0.0,0.0,0.0,0.0,0.0,0.0,0.0,0.0,0.0,0.0,0.0,0.0,0.0,0.0,0.0,0.0,0.0,0.0,0.0,0.0,0.0,0.035292562,0.0,0.0,0.0,0.0,0.0,0.0,0.0,0.040740315,0.0,0.0,0.0,0.0,0.0,0.0,0.0,0.0,0.0,0.0,0.0,0.0,0.0,0.0,0.0,0.0,0.0,0.0
k__Bacteria|p__Firmicutes|c__Bacilli|o__Lactobacillales|f__Leuconostocaceae|g__Leuconostoc|s__unclassified,0.0,0.0,0.0,0.0,0.0,0.0,0.0,0.0,0.0,0.0,0.0,0.0,0.0,0.0,0.0,0.0,0.0,0.0,0.0,0.0,0.0,0.0,0.0,0.0,0.0,0.0,0.0,0.0,0.0,0.0,0.0,0.0,0.0,0.0,0.0,0.0,0.0,0.0,0.0,0.0,0.0,0.032081533,0.0,0.0,0.0,0.0,0.0,0.031538308,0.0,0.0,0.0,0.0,0.0,0.0,0.0,0.0,0.0,0.0,0.0,0.0,0.0,0.0,0.0,0.0,0.0,0.0,0.0,0.0,0.0,0.0,0.0,0.029910315,0.0,0.0,0.0,0.0,0.0,0.0,0.0,0.0,0.0,0.0,0.0,0.0,0.0,0.0,0.0,0.0,0.0,0.0,0.0,0.0,0.0,0.0,0.0,0.0,0.0,0.0,0.0,0.0,0.0,0.0,0.0,0.0,0.0,0.0,0.0,0.0,0.0,0.0,0.0,0.0,0.0,0.0,0.0,0.0,0.0,0.0,0.0,0.0,0.0,0.0,0.0,0.0,0.0,0.0,0.0,0.0,0.0,0.0,0.0,0.0,0.025308324,0.0,0.0,0.0,0.0,0.0,0.0,0.0,0.0,0.0,0.0,0.0,0.0
k__Bacteria|p__Firmicutes|c__Clostridia|o__Clostridiales|f__Veillonellaceae|g__Selenomonas|s__unclassified,0.0,0.0,0.0,0.0,0.0,0.0,0.0,0.0,0.0,0.0,0.0,0.0,0.0,0.0,0.0,0.0,0.0,0.019069094,0.0,0.0,0.0,0.0,0.0,0.024891084,0.0,0.0,0.0,0.022094302,0.0,0.0,0.0,0.0,0.0,0.0,0.0,0.0,0.0,0.0,0.0,0.0,0.0,0.0,0.0,0.0,0.0,0.0,0.0,0.0,0.0,0.0,0.0,0.0,0.0,0.0,0.0,0.0,0.0,0.0,0.0,0.0,0.0,0.034564685,0.0,0.0,0.0,0.0,0.0,0.0,0.0,0.0,0.0,0.0,0.0,0.0,0.0,0.0,0.0,0.0,0.0,0.0,0.0,0.021942442,0.025960919,0.0,0.0,0.0,0.0,0.0,0.0,0.0,0.0,0.0,0.0,0.0,0.0,0.0,0.0,0.0,0.0,0.0,0.0,0.0,0.0,0.0,0.031085618,0.0,0.0,0.0,0.0,0.0,0.0,0.0,0.0,0.0,0.0,0.0,0.037701152,0.0,0.0,0.0,0.0,0.0,0.0,0.0,0.0,0.0,0.0,0.0,0.0,0.0,0.0,0.0,0.0,0.0,0.0,0.0,0.0,0.0,0.0,0.0,0.0,0.0,0.0,0.0,0.0
k__Bacteria|p__Firmicutes|c__Clostridia|o__Clostridiales|f__Veillonellaceae|g__Dialister|s__invisus,0.0,0.0,0.0,0.0,0.0,0.0,0.0,0.0,0.0,0.0,0.0,0.0,0.0,0.0,0.0,0.0,0.0,0.01856933,0.0,0.0,0.0,0.0,0.0,0.0,0.0,0.0,0.0,0.021615772,0.0,0.0,0.0,0.0,0.0,0.0,0.0,0.0,0.0,0.0,0.0,0.0,0.0,0.0,0.0,0.0,0.0,0.0,0.0,0.0,0.0,0.0,0.0,0.0,0.0,0.0,0.0,0.0,0.0,0.0,0.0,0.0,0.0,0.0,0.0,0.0,0.0,0.0,0.0,0.0,0.0,0.0,0.0,0.0,0.0,0.0,0.0,0.0,0.0,0.0,0.0,0.0,0.0,0.021436408,0.0,0.0,0.0,0.0,0.0,0.025531376,0.0,0.0,0.0,0.0,0.0,0.0,0.0,0.0,0.0,0.0,0.0,0.0,0.0,0.0,0.0,0.0,0.0,0.0,0.0,0.0,0.0,0.0,0.0,0.0,0.0,0.0,0.0,0.0,0.0,0.0,0.0,0.0,0.0,0.0,0.0,0.0,0.0,0.0,0.0,0.0,0.0,0.0,0.0,0.0,0.0,0.0,0.0,0.0,0.0,0.0,0.0,0.0,0.0,0.0,0.0,0.0,0.0
k__Bacteria|p__Firmicutes|c__Clostridia|o__Clostridiales|f__Ruminococcaceae|g__Ruminococcus|s__bromii,0.0,0.0,0.0,0.0,0.0,0.0,0.0,0.0,0.0,0.0,0.0,0.0,0.0,0.0,0.0,0.0,0.0,0.018611303,0.0,0.0,0.0,0.0,0.0,0.0,0.0,0.0,0.028852161,0.021669962,0.0,0.0,0.0,0.0,0.0,0.0,0.0,0.0,0.0,0.0,0.0,0.0,0.0,0.0,0.0,0.0,0.0,0.0,0.0,0.0,0.0,0.0,0.0,0.0,0.0,0.0,0.0,0.0,0.0,0.0,0.0,0.0,0.0,0.0,0.0,0.0,0.0,0.0,0.0,0.0,0.0,0.0,0.0,0.0,0.0,0.0,0.0,0.0,0.0,0.0,0.0,0.0,0.0,0.021515861,0.0,0.0,0.0,0.0,0.0,0.0,0.0,0.0,0.0,0.0,0.0,0.0,0.0,0.0,0.0,0.0,0.0,0.0,0.0,0.0,0.0,0.0,0.0,0.0,0.0,0.0,0.0,0.0,0.0,0.0,0.0,0.0,0.0,0.0,0.0,0.0,0.0,0.0,0.0,0.0,0.0,0.0,0.0,0.0,0.0,0.0,0.0,0.0,0.0,0.0,0.0,0.0,0.0,0.0,0.0,0.0,0.0,0.0,0.0,0.0,0.0,0.0,0.0
k__Bacteria|p__Firmicutes|c__Clostridia|o__Clostridiales|f__Veillonellaceae|g__Megamonas|s__unclassified,0.0,0.0,0.0,0.0,0.0,0.0,0.0,0.0,0.0,0.0,0.0,0.0,0.0,0.0,0.0,0.0,0.0,0.0,0.037751995,0.0,0.0,0.0,0.0,0.0,0.0,0.0,0.0,0.0,0.0,0.0,0.0,0.0,0.0,0.0,0.0,0.0,0.0,0.0,0.0,0.0,0.0,0.0,0.0,0.0,0.0,0.0,0.0,0.0,0.0,0.0,0.0,0.0,0.0,0.0,0.0,0.0,0.028201012,0.021578463,0.0,0.0,0.0,0.0,0.0,0.0,0.0,0.0,0.0,0.0,0.0,0.0,0.0,0.031714737,0.0,0.0,0.0,0.0,0.0,0.0,0.0,0.0,0.0,0.0,0.0,0.0,0.0,0.0,0.0,0.0,0.0,0.0,0.0,0.0,0.0,0.0,0.0,0.0,0.0,0.0,0.0,0.0,0.0,0.0,0.0,0.0,0.0,0.0,0.0,0.0,0.0,0.0,0.0,0.0,0.0,0.0,0.0,0.0,0.0,0.0,0.0,0.0,0.0,0.0,0.0,0.0,0.0,0.0,0.0,0.0,0.0,0.0,0.0,0.0,0.0,0.0,0.0,0.0,0.0,0.0,0.0,0.0,0.0,0.0,0.0,0.0,0.0
k__Bacteria|p__Firmicutes|c__Clostridia|o__Clostridiales|f__Veillonellaceae|g__Megasphaera|s__geminatus,0.0,0.0,0.0,0.0,0.0,0.0,0.0,0.0,0.0,0.0,0.0,0.0,0.0,0.0,0.0,0.0,0.0,0.0,0.0,0.0,0.0,0.0,0.0,0.0,0.0,0.0,0.0,0.0,0.0,0.0,0.0,0.0,0.0,0.0,0.0,0.0,0.0,0.0,0.0,0.0,0.0,0.0,0.0,0.0,0.0,0.0,0.0,0.0,0.0,0.0,0.0,0.0,0.0,0.0,0.0,0.0,0.0,0.0,0.0,0.0,0.0,0.0,0.0,0.0,0.0,0.0,0.0,0.0,0.0,0.0,0.0,0.0,0.0,0.0,0.0,0.0,0.0,0.0,0.0,0.0,0.0,0.0,0.0,0.0,0.0,0.0,0.0,0.0,0.0,0.0,0.0,0.0,0.0,0.0,0.0,0.0,0.040603362,0.0,0.0,0.0,0.0,0.0,0.0,0.0,0.0,0.0,0.0,0.0,0.0,0.0,0.0,0.0,0.0,0.0,0.0,0.0,0.0,0.0,0.0,0.0,0.0,0.0,0.0,0.0,0.0,0.0,0.0,0.0,0.0,0.0,0.0,0.0,0.0,0.0,0.0,0.0,0.0,0.0,0.0,0.0,0.0,0.0,0.0,0.0,0.0
k__Bacteria|p__Firmicutes|c__Bacilli|o__Lactobacillales|f__Carnobacteriaceae|g__Granulicatella|s__unclassified,0.0,0.03852491,0.0,0.0,0.0,0.0,0.0,0.0,0.0,0.0,0.0,0.04469113,0.0,0.0,0.025655432,0.0,0.0,0.0,0.0,0.0,0.0,0.0,0.0,0.0,0.0,0.0,0.0,0.0,0.0,0.0,0.04033891,0.0,0.0,0.0,0.0,0.0,0.034385376,0.0,0.0,0.0,0.0,0.0,0.0,0.0,0.0,0.0,0.051556244,0.031231442,0.0,0.0,0.0,0.0,0.05762974,0.0,0.0,0.0,0.0,0.0,0.0,0.0,0.0,0.0,0.0,0.0,0.018967351,0.0,0.0,0.0,0.0,0.0,0.06152897,0.0,0.0,0.0,0.0,0.06314093,0.061790437,0.0,0.0,0.0,0.0,0.0,0.0,0.0,0.0,0.0,0.0,0.0,0.0,0.0,0.0,0.0,0.0,0.0,0.0,0.04407246,0.0,0.0,0.02233975,0.0,0.0,0.044263616,0.0,0.0,0.0,0.0,0.0,0.020862198,0.026411345,0.0,0.0,0.023658358,0.0,0.0,0.0,0.0,0.0,0.0,0.034062527,0.0,0.030756686,0.0,0.0,0.0,0.0,0.0,0.040834557,0.0,0.0,0.0,0.0,0.0,0.032788943,0.0,0.0,0.0,0.040206682,0.0,0.0,0.0,0.0,0.0,0.0,0.0,0.07865252
k__Bacteria|p__Firmicutes|c__Clostridia|o__Clostridiales|f__Veillonellaceae|g__Veillonella|s__unclassified,0.0,0.038569655,0.0,0.0,0.0,0.0,0.0,0.0,0.0,0.0,0.0,0.0,0.0,0.0,0.0,0.04569022,0.0,0.0,0.03512797,0.0,0.0,0.0,0.0,0.0,0.0,0.0,0.0,0.0,0.0,0.0,0.0,0.0,0.0,0.0,0.0,0.0,0.0,0.0,0.0,0.0,0.0,0.0,0.0,0.0,0.0,0.07388693,0.0,0.0,0.0,0.0,0.0,0.0,0.0,0.0,0.0,0.0,0.0,0.0,0.0,0.0,0.0,0.0,0.0,0.0,0.0,0.0,0.0,0.0,0.0,0.0,0.0,0.0,0.0,0.0,0.0,0.0,0.0,0.0,0.0,0.0,0.0,0.0,0.0,0.0,0.0,0.0,0.071175754,0.0,0.0,0.0,0.0,0.0,0.0,0.0,0.0,0.0,0.0,0.0,0.0,0.0,0.0,0.0,0.0,0.0,0.0,0.061405137,0.0,0.0,0.0,0.0,0.0,0.02372293,0.0,0.0,0.0,0.0,0.0,0.0,0.0,0.0,0.03086328,0.0,0.0,0.0,0.0,0.0,0.04028763,0.0,0.0,0.0,0.0,0.0,0.0,0.0,0.0,0.0,0.0,0.0,0.0,0.0,0.09872971,0.0,0.0,0.0,0.048212267
k__Bacteria|p__Firmicutes|c__Bacilli|o__Lactobacillales|f__Enterococcaceae|g__Enterococcus|s__unclassified,0.0,0.0,0.0,0.0,0.0,0.0,0.0,0.0,0.0,0.0,0.0,0.04443235,0.0,0.0,0.0,0.0,0.029422648,0.0,0.0,0.0,0.0,0.024217665,0.0,0.0,0.0,0.0,0.0,0.0,0.0,0.0,0.0,0.0,0.0,0.0,0.0,0.0,0.033095647,0.0,0.0,0.0,0.0,0.0,0.0,0.0,0.0,0.0,0.0,0.0,0.0,0.0,0.0,0.0,0.0,0.0,0.0,0.0,0.0,0.0,0.0,0.0,0.0,0.0,0.0,0.0,0.0,0.0,0.0,0.0,0.0,0.0,0.0,0.0,0.0,0.0,0.0,0.064047545,0.06129703,0.0,0.0,0.0,0.0,0.0,0.0,0.0,0.0,0.0,0.0,0.0,0.0,0.0,0.0,0.0,0.0,0.0,0.0,0.0,0.0,0.0,0.0,0.0,0.0,0.0,0.0,0.0,0.0,0.0,0.0,0.020854082,0.02448193,0.0,0.0,0.023601236,0.0,0.0,0.0,0.0,0.0,0.0,0.0,0.0,0.0,0.0,0.0,0.0,0.0,0.0,0.0,0.0,0.0,0.0,0.0,0.0,0.026638241,0.0,0.0,0.0,0.0,0.0,0.0,0.0,0.0,0.0,0.0,0.0,0.05052601
k__Bacteria|p__Firmicutes|c__Clostridia|o__Coriobacteriales|f__Coriobacteriaceae|g__Slackia|s__unclassified,0.0,0.0,0.0,0.0,0.0,0.0,0.0,0.0,0.0,0.0,0.0,0.0,0.0,0.0,0.0,0.0,0.0,0.018824438,0.0,0.0,0.0,0.0,0.0,0.0,0.0,0.0,0.0,0.021858953,0.021185333,0.026853416,0.0,0.0,0.0,0.0,0.0,0.066362485,0.0,0.019506576,0.0,0.0,0.0,0.0,0.0,0.0,0.0,0.0,0.0,0.0,0.0,0.0,0.0,0.0,0.0,0.0,0.0,0.0,0.0,0.0,0.0,0.0,0.0,0.03436919,0.0,0.0,0.0,0.0,0.0,0.0,0.0,0.0,0.0,0.0,0.0,0.0,0.0,0.0,0.0,0.0,0.0,0.0,0.0,0.021698155,0.025741212,0.0,0.0,0.0,0.0,0.0,0.0,0.0,0.0,0.0,0.0,0.0,0.0,0.0,0.0,0.0,0.0,0.0,0.0,0.0,0.0,0.0,0.0,0.0,0.0,0.0,0.0,0.0,0.0,0.0,0.0,0.0,0.0,0.0,0.0,0.0,0.0,0.0,0.030640405,0.0,0.0,0.0,0.0,0.0,0.0,0.0,0.0,0.0,0.0,0.0,0.024831586,0.0,0.0,0.0,0.0,0.0,0.0,0.019153764,0.0,0.0,0.0,0.0,0.0
k__Bacteria|p__Firmicutes|c__Erysipelotrichi|o__Erysipelotrichales|f__Erysipelotrichaceae|g__[Eubacterium]|s__dolichum,0.0,0.03974805,0.0,0.0,0.0,0.0,0.0238002,0.0,0.0,0.0,0.0,0.0,0.0,0.0,0.026175514,0.0,0.0,0.018995851,0.0,0.0,0.0,0.0,0.02995745,0.024785558,0.031677227,0.03690152,0.0,0.022004219,0.0,0.026240759,0.0,0.04449103,0.0,0.0,0.0,0.0,0.0,0.0,0.0,0.0,0.0,0.0,0.0,0.0,0.0,0.0,0.0,0.0,0.0,0.0,0.0,0.0,0.0,0.0,0.0,0.04211154,0.0,0.0,0.029700626,0.0,0.0,0.03451939,0.0,0.0,0.0,0.052276548,0.05125878,0.0,0.0,0.0,0.0,0.0,0.0,0.0,0.0,0.0,0.0,0.061733477,0.0,0.0,0.0,0.021864017,0.025854753,0.0,0.0,0.0,0.0,0.0,0.0,0.0,0.0,0.0,0.025510004,0.0,0.0,0.0,0.030776612,0.044104498,0.0,0.0,0.0,0.0,0.031923488,0.0,0.0,0.0,0.02223281,0.0,0.0,0.0,0.0,0.0,0.0,0.0,0.0,0.0,0.03767058,0.0,0.0,0.0,0.0,0.0,0.0,0.0,0.0,0.0,0.0,0.0,0.0,0.0,0.05463196,0.0,0.0244317,0.0,0.0,0.0,0.0,0.0,0.0,0.0,0.0,0.0,0.0,0.0,0.0
k__Bacteria|p__Firmicutes|c__Bacilli|o__Lactobacillales|f__Streptococcaceae|g__Streptococcus|s__unclassified,0.08284062,0.038544796,0.0,0.027862007,0.026361434,0.041966755,0.0,0.028439786,0.02995697,0.028836973,0.08272769,0.044473752,0.0,0.0,0.027069459,0.04963308,0.03009842,0.020649388,0.036484253,0.0,0.083095744,0.02409111,0.029653883,0.0,0.03169838,0.034354966,0.028863609,0.0,0.021109777,0.0273229,0.045227148,0.0,0.06300128,0.029562691,0.0,0.06638841,0.0337924,0.019579973,0.021872846,0.0,0.0,0.03180791,0.028525174,0.029340262,0.020982737,0.08251714,0.052561227,0.031663697,0.027264988,0.023230283,0.0,0.0,0.06002377,0.025616953,0.027623788,0.042586245,0.0,0.021126015,0.030524766,0.01916323,0.07675426,0.035803348,0.0,0.021437626,0.019280257,0.052437395,0.05095198,0.029887283,0.028875966,0.02855936,0.061637573,0.030698005,0.0,0.028323766,0.027531805,0.061415426,0.061353747,0.0,0.029664882,0.0,0.08313284,0.021888882,0.0,0.023504354,0.024932992,0.0828773,0.07303422,0.0,0.0,0.0,0.08347893,0.0,0.025542945,0.0,0.030213263,0.04517484,0.030791325,0.044440117,0.024806539,0.022907525,0.057960257,0.044302113,0.0319961,0.0,0.0,0.061816577,0.022916408,0.021103794,0.025251526,0.029951476,0.08348907,0.026736666,0.023694225,0.029871747,0.029716527,0.115814835,0.041290853,0.031830847,0.034044802,0.0,0.032471865,0.048847415,0.0,0.029730247,0.02956264,0.08320642,0.040862367,0.021969331,0.0,0.029115172,0.054936945,0.057746843,0.02759172,0.0,0.0,0.058369122,0.073318265,0.027981183,0.0,0.01945561,0.066800006,0.08327915,0.022782706,0.02992336,0.048194192
k__Bacteria|p__Firmicutes|c__Bacilli|o__Lactobacillales|f__Streptococcaceae|g__Lactococcus|s__unclassified,0.0,0.0,0.0,0.0,0.0,0.0,0.0,0.0,0.0,0.0,0.0,0.0,0.0,0.0,0.0,0.0,0.0,0.019066164,0.0,0.0,0.0,0.0,0.0,0.024972366,0.0,0.0,0.0,0.022192147,0.020893177,0.0,0.0,0.0,0.0,0.0,0.0,0.0,0.0,0.019428115,0.0,0.0,0.0,0.032139752,0.0,0.0,0.0,0.0,0.0,0.031205043,0.028321456,0.0,0.0,0.0,0.0,0.02597416,0.0,0.0,0.0,0.0,0.0,0.0,0.0,0.03460719,0.0,0.0,0.0,0.0,0.0,0.0,0.0,0.0,0.0,0.0,0.0,0.0,0.0,0.0,0.0,0.0,0.0,0.0,0.0,0.021961946,0.026021691,0.0,0.0,0.0,0.0,0.0,0.0,0.0,0.0,0.0,0.025897061,0.0,0.0,0.0,0.0,0.0,0.0,0.0,0.0,0.0,0.0,0.0,0.0,0.0,0.0,0.021018893,0.024210943,0.0,0.0,0.0,0.0,0.0,0.0,0.0,0.03773014,0.0,0.03411487,0.0,0.0,0.0,0.0,0.0,0.0,0.0,0.0,0.0,0.0,0.0,0.0,0.0,0.0,0.0,0.0,0.0,0.0,0.0,0.0,0.0,0.0,0.0,0.0,0.0,0.048244804
k__Bacteria|p__Firmicutes|c__Clostridia|o__Clostridiales|f__Lachnospiraceae|g__Coprococcus|s__eutactus,0.0,0.0,0.0,0.0,0.0,0.0,0.0,0.0,0.0,0.0,0.0,0.0,0.0,0.0,0.0,0.0,0.0,0.01853176,0.0,0.0,0.0,0.0,0.0,0.0,0.0,0.0,0.0,0.021541033,0.0,0.0,0.0,0.0,0.0,0.0,0.0,0.0,0.0,0.0,0.0,0.0,0.0,0.0,0.0,0.0,0.020691887,0.0,0.0,0.0,0.02863097,0.0,0.0,0.0,0.0,0.0,0.0,0.0,0.0,0.0,0.0,0.0,0.0,0.0,0.0,0.021303698,0.019332957,0.0,0.0,0.0,0.0,0.0,0.0,0.0,0.0,0.0,0.0,0.0,0.0,0.0,0.030274687,0.0,0.0,0.021447439,0.0,0.0,0.0,0.0,0.0,0.0,0.0,0.0,0.0,0.0,0.0,0.0,0.0,0.0,0.0,0.0,0.0,0.0,0.0,0.0,0.0,0.0,0.030766148,0.0,0.0,0.0,0.0,0.0,0.0,0.0,0.0,0.0,0.0,0.0,0.0,0.0,0.0,0.0,0.0,0.0,0.0,0.0,0.0,0.0,0.0,0.0,0.0,0.0,0.0,0.0,0.0,0.0,0.0,0.0,0.0,0.0,0.0,0.0,0.0,0.0,0.0,0.0,0.0
k__Bacteria|p__Firmicutes|c__Clostridia|o__Clostridiales|f__Clostridiaceae|g__Clostridium|s__unclassified,0.0,0.0,0.0,0.0,0.0,0.0,0.0,0.0,0.0,0.0,0.0,0.0,0.0,0.0,0.0,0.0,0.02941846,0.0,0.0,0.0,0.0,0.0,0.030481417,0.0,0.0,0.03500473,0.0,0.0,0.0,0.0,0.0,0.0,0.0,0.0,0.0,0.0,0.03527781,0.0,0.0,0.0,0.0,0.0,0.0,0.0,0.0,0.0,0.0,0.0,0.0,0.0,0.054471675,0.0,0.0,0.0,0.0,0.0,0.0,0.0,0.0,0.0,0.0,0.0,0.0,0.0,0.01898382,0.0,0.0,0.0,0.0,0.0,0.0,0.0,0.0,0.0,0.0,0.0,0.0,0.0,0.0,0.0,0.0,0.0,0.0,0.024027977,0.025139723,0.0,0.0,0.0,0.0,0.0,0.0,0.0,0.025559416,0.0,0.0,0.0,0.0,0.0,0.022055225,0.022891978,0.0,0.04440797,0.0,0.0,0.0,0.065821536,0.0,0.0,0.0,0.0,0.0,0.023683192,0.0,0.0,0.0,0.0,0.0,0.03206247,0.03412669,0.0,0.0,0.0,0.0,0.0,0.0,0.0,0.0,0.0,0.0,0.0,0.0,0.0,0.0,0.0,0.0,0.0,0.0,0.0,0.0,0.0,0.0,0.0,0.0,0.0,0.04827734
k__Bacteria|p__Firmicutes|c__Erysipelotrichi|o__Erysipelotrichales|f__[Coprobacillaceae]|g__Coprobacillus|s__unclassified,0.0,0.0,0.0,0.0,0.0,0.0,0.0,0.0,0.0,0.0,0.0,0.04450481,0.0,0.0,0.025544384,0.0,0.0,0.0,0.0,0.0,0.0,0.0,0.0,0.0,0.0,0.0,0.0,0.0,0.0,0.0,0.0,0.0,0.0,0.0,0.0,0.0,0.0,0.0,0.0,0.0,0.0,0.0,0.0,0.0,0.0,0.0,0.0,0.0,0.027252426,0.0,0.0,0.0,0.0,0.0,0.0,0.0,0.0,0.0,0.029960481,0.0,0.0,0.0,0.0,0.0,0.0,0.0,0.0,0.0,0.0,0.02857073,0.0,0.0,0.0,0.0,0.0,0.0,0.0,0.0,0.0,0.0,0.0,0.0,0.0,0.0,0.0,0.0,0.0,0.0,0.0,0.0,0.0,0.0,0.0,0.0,0.0,0.0,0.0,0.0,0.0,0.0,0.0,0.0,0.0,0.0,0.0,0.0,0.0,0.0,0.0,0.0,0.0,0.0,0.0,0.0,0.0,0.0,0.0,0.0,0.0,0.0,0.0,0.0,0.0,0.0,0.0,0.0,0.0,0.021926692,0.0,0.0,0.0,0.0,0.0,0.0,0.0,0.0,0.0,0.0,0.0,0.0,0.0,0.0,0.0,0.0,0.0
k__Bacteria|p__Firmicutes|c__Erysipelotrichi|o__Erysipelotrichales|f__[Coprobacillaceae]|g__Catenibacterium|s__unclassified,0.0,0.0,0.0,0.0,0.0,0.0,0.0,0.0,0.0,0.0,0.0,0.0,0.0,0.0,0.0,0.0,0.0,0.018634515,0.0,0.0,0.0,0.0,0.0,0.0,0.0,0.0,0.0,0.021740152,0.0,0.0,0.0,0.0,0.0,0.0,0.0,0.0,0.0,0.0,0.0,0.0,0.0,0.0,0.0,0.0,0.0,0.0,0.0,0.0,0.0,0.027555417,0.0,0.0,0.0,0.0,0.0,0.0,0.0,0.02246489,0.0,0.02027736,0.0,0.0,0.0,0.0,0.026473816,0.0,0.0,0.0,0.0,0.0,0.0,0.035125267,0.0,0.0,0.0,0.0,0.0,0.0,0.0,0.0,0.0,0.021512829,0.0,0.0,0.0,0.0,0.0,0.0,0.024067007,0.023630247,0.0,0.0,0.0,0.0,0.0,0.0,0.0,0.0,0.0,0.0,0.0,0.0,0.0,0.0,0.0,0.0,0.0,0.0,0.0,0.0,0.0,0.0,0.0,0.0,0.0,0.0,0.0,0.0,0.03516593,0.0,0.0,0.0,0.0,0.0,0.0,0.0,0.0,0.024885766,0.0,0.0,0.0,0.0,0.0,0.0,0.024784643,0.0,0.0,0.0,0.0,0.019810412,0.0,0.0,0.0,0.0,0.0
k__Bacteria|p__Firmicutes|c__Clostridia|o__Clostridiales|f__Veillonellaceae|g__Veillonella|s__parvula,0.081398346,0.051173992,0.0,0.0,0.0,0.0,0.023510832,0.026014356,0.0,0.0,0.08166805,0.044491008,0.0,0.0,0.0,0.04525862,0.0,0.023046976,0.0,0.0,0.08073012,0.0,0.02987844,0.0,0.0,0.034144938,0.028863609,0.022905469,0.0,0.0,0.040680412,0.044308797,0.061998907,0.0,0.0,0.0,0.032911822,0.0,0.0,0.0,0.0,0.0,0.0,0.0,0.0,0.06904743,0.053066295,0.031234741,0.0,0.0,0.062701,0.061059903,0.05768236,0.02557119,0.0,0.04370857,0.02500287,0.0,0.0,0.0,0.07669723,0.037010904,0.0,0.0,0.0,0.0,0.0,0.0,0.0,0.028920935,0.06610144,0.0,0.0,0.0,0.0,0.06498341,0.0,0.0,0.0,0.0,0.080628686,0.023715068,0.0,0.023529839,0.025024688,0.08122634,0.0,0.0,0.0,0.0,0.07987291,0.0,0.0,0.0,0.0,0.044111136,0.030732479,0.0,0.0220497,0.0,0.0,0.0,0.031845137,0.0,0.0,0.061340027,0.032109424,0.020761063,0.0,0.0,0.07983041,0.0236894,0.023631474,0.0,0.0,0.0,0.042205844,0.03192349,0.03434534,0.029487448,0.0,0.04752725,0.0,0.0,0.0,0.08040927,0.0,0.021898754,0.0,0.0,0.054897845,0.05458629,0.0,0.0,0.0,0.0,0.040226392,0.0,0.0,0.0,0.0,0.08088477,0.021993387,0.0,0.0
k__Bacteria|p__Firmicutes|c__Erysipelotrichi|o__Erysipelotrichales|f__Erysipelotrichaceae|g__Holdemania|s__unclassified,0.0,0.0,0.0,0.0,0.0,0.0,0.0,0.0,0.0,0.0,0.0,0.0,0.02877281,0.0,0.0,0.0,0.0,0.0,0.0,0.0,0.0,0.0,0.030206956,0.0,0.031919338,0.0,0.028869333,0.0,0.0,0.0,0.0,0.0,0.0,0.0,0.0,0.0,0.0,0.0,0.0,0.0,0.0,0.0,0.0,0.0,0.0,0.0,0.0,0.0,0.0,0.0,0.0,0.0,0.0,0.0,0.0,0.0,0.0,0.0,0.029729981,0.0,0.0,0.0,0.0,0.0,0.0,0.0,0.0,0.0,0.0,0.028554812,0.0,0.0,0.0,0.0,0.0,0.0,0.0,0.0,0.0,0.0,0.0,0.0,0.0,0.0,0.0,0.0,0.0,0.025609316,0.0,0.0,0.0,0.0,0.0,0.0,0.0,0.0,0.0,0.0,0.0,0.0,0.0,0.0,0.0,0.0,0.0,0.0,0.0,0.0,0.0,0.0,0.0,0.0,0.023579268,0.0,0.0,0.0,0.0,0.0,0.0,0.0,0.0,0.0,0.0,0.0,0.0,0.0,0.0,0.0,0.0,0.0,0.0,0.0,0.0,0.0,0.0,0.0,0.0,0.0,0.0,0.0,0.0,0.0,0.0,0.0,0.0
k__Bacteria|p__Firmicutes|c__Clostridia|o__Clostridiales|f__Veillonellaceae|g__Veillonella|s__dispar,0.086094484,0.05169606,0.0,0.02792771,0.026543945,0.0,0.023691686,0.028659299,0.028710421,0.028703589,0.085758895,0.0,0.02877281,0.0,0.025507364,0.04588579,0.029493855,0.022486899,0.03595428,0.0,0.085244834,0.0,0.029918637,0.0,0.0,0.04341558,0.029945452,0.022177001,0.0,0.0,0.041787807,0.044526823,0.06383406,0.028457629,0.0,0.0,0.03710419,0.0,0.022194551,0.0,0.061868772,0.0,0.028773308,0.027969433,0.0,0.07639317,0.06721849,0.04621527,0.027186183,0.023360364,0.06651816,0.068020895,0.058208518,0.025547039,0.0,0.061540946,0.025011057,0.0,0.0,0.0,0.080057085,0.037171178,0.0,0.021380227,0.019072752,0.052598238,0.050940618,0.029442739,0.028593663,0.028627582,0.068741575,0.0,0.0,0.026644541,0.0,0.07011118,0.06151254,0.0,0.0,0.0,0.08516944,0.02319534,0.0,0.023599349,0.031066585,0.08609066,0.07322916,0.0,0.0,0.023445563,0.086470924,0.0,0.025595445,0.031854585,0.030634422,0.04426586,0.0,0.0,0.023980593,0.022889152,0.0,0.048026446,0.03252927,0.0,0.0,0.06206178,0.027544849,0.021525182,0.025706783,0.028674595,0.08620851,0.025892273,0.024229461,0.029111918,0.028239055,0.0,0.043243654,0.032241147,0.034509122,0.0,0.031619124,0.049858507,0.0,0.0,0.028155953,0.0865159,0.04313661,0.021916399,0.0,0.028417295,0.054983865,0.05881115,0.0,0.0,0.0,0.058985554,0.042191047,0.02891489,0.0,0.019757455,0.066768125,0.08540359,0.022232408,0.0,0.0
k__Bacteria|p__Firmicutes|c__Erysipelotrichi|o__Erysipelotrichales|f__Erysipelotrichaceae|g__[Eubacterium]|s__biforme,0.0,0.0,0.0,0.0,0.0,0.0,0.0,0.0,0.0,0.0,0.0,0.0,0.0,0.0,0.0,0.0,0.0,0.019348485,0.0,0.03219465,0.0,0.0,0.0,0.025308145,0.0,0.0,0.0,0.022549128,0.020767247,0.0,0.0,0.0,0.0,0.0,0.0,0.0,0.0,0.023172652,0.022610396,0.025546113,0.0,0.0,0.0,0.0,0.022057623,0.0,0.0,0.0,0.0,0.023324886,0.0,0.0,0.0,0.0,0.0,0.0,0.0,0.021480355,0.0,0.02016573,0.0,0.034899674,0.029327594,0.0,0.0,0.0,0.0,0.0,0.0,0.0,0.0,0.0,0.0,0.0,0.0,0.0,0.0,0.0,0.0,0.0,0.0,0.022295926,0.026353592,0.0,0.0,0.0,0.0,0.0,0.02408479,0.023484444,0.0,0.0,0.0,0.0,0.0,0.0,0.0,0.0,0.0,0.023535043,0.0,0.0,0.0,0.033919103,0.0,0.0,0.0,0.0,0.0,0.0,0.0,0.0,0.0,0.0,0.0,0.0,0.037976272,0.0,0.0,0.0,0.0,0.0,0.0,0.0,0.0,0.0,0.0,0.022178123,0.0,0.0,0.0,0.0,0.0,0.0,0.0,0.0,0.0,0.028108383,0.0,0.021113114,0.0,0.0,0.0,0.0,0.0
k__Bacteria|p__Firmicutes|c__Bacilli|o__Turicibacterales|f__Turicibacteraceae|g__Turicibacter|s__unclassified,0.0,0.0,0.0,0.0,0.0,0.0,0.0,0.0,0.0,0.0,0.0,0.0,0.0,0.029828299,0.0,0.0,0.03015427,0.0,0.03501362,0.0,0.0,0.0,0.029681604,0.0,0.0,0.0,0.0,0.0,0.0,0.026577054,0.0,0.0,0.0,0.0,0.034204744,0.0,0.0,0.0,0.0,0.0,0.0,0.0,0.0,0.0,0.0,0.0,0.0,0.0,0.0,0.0,0.0,0.0,0.0,0.0,0.0,0.0,0.0,0.0,0.0,0.0,0.0,0.0,0.0,0.0,0.0,0.0,0.0,0.0,0.0,0.0,0.0,0.0,0.0,0.0,0.0,0.0,0.0,0.0,0.0,0.0,0.0,0.0,0.0,0.02431991,0.025043026,0.0,0.0,0.0,0.0,0.0,0.0,0.0,0.0,0.0,0.0,0.0,0.0,0.0,0.021933682,0.0,0.0,0.0,0.0,0.0,0.0,0.0,0.0,0.021532048,0.025056418,0.0,0.0,0.0,0.02372112,0.0,0.0,0.0,0.0,0.0,0.0,0.0,0.0,0.0,0.027112374,0.0,0.0,0.0,0.0,0.0,0.0,0.0,0.0,0.0,0.0,0.0,0.0,0.0,0.0,0.0,0.0,0.0,0.0,0.0,0.0218711,0.0,0.0
k__Bacteria|p__Firmicutes|c__Clostridia|o__Clostridiales|f__Veillonellaceae|g__Phascolarctobacterium|s__unclassified,0.0,0.0,0.0,0.0,0.0,0.042450458,0.028661584,0.0,0.0,0.0,0.0,0.0,0.0,0.0,0.0,0.0,0.0,0.0,0.0,0.0,0.0,0.0,0.0,0.0,0.0,0.0,0.0,0.0,0.021054365,0.0,0.0,0.0,0.0,0.0,0.0,0.0,0.0,0.019557195,0.022531794,0.025416251,0.0,0.0,0.0,0.0,0.02092493,0.0,0.0,0.0,0.0,0.0,0.0,0.0,0.0,0.0,0.02783763,0.0,0.0,0.0,0.0,0.020399937,0.0,0.0,0.0,0.0,0.0,0.0,0.0,0.0,0.0,0.0,0.0,0.0,0.0,0.0,0.027094131,0.0,0.0,0.0,0.0,0.0,0.0,0.0,0.0,0.0,0.02495633,0.0,0.0,0.0,0.0,0.0,0.0,0.0,0.0,0.0,0.0,0.0,0.036499076,0.0,0.021939207,0.02349406,0.0,0.0,0.0,0.0,0.0,0.0,0.0,0.0,0.0,0.0,0.0,0.0,0.0,0.0,0.0,0.0,0.0,0.0,0.034092076,0.0,0.0,0.0,0.030382005,0.0,0.0,0.0,0.0,0.0,0.0,0.0,0.0,0.0,0.0,0.0,0.0,0.0,0.0,0.0,0.0,0.0,0.0,0.0,0.0,0.0,0.0
k__Bacteria|p__Firmicutes|c__Clostridia|o__Clostridiales|f__Ruminococcaceae|g__unclassified|s__unclassified,0.0,0.0,0.036205724,0.029504621,0.028391086,0.0,0.024205314,0.028520746,0.03162539,0.03153138,0.0,0.04459797,0.028879758,0.029964754,0.027369292,0.0,0.0,0.0,0.035161175,0.036375646,0.0,0.046364535,0.030460624,0.026844524,0.03494457,0.0,0.029579114,0.0,0.025602916,0.032503862,0.0,0.0,0.0,0.03441024,0.04968542,0.0,0.0,0.023105584,0.022655178,0.026231248,0.0,0.036033515,0.030409526,0.034373745,0.026756413,0.0,0.0,0.0,0.03329655,0.023456937,0.0,0.0,0.0,0.025677972,0.02760734,0.0,0.025528902,0.023623709,0.029978964,0.021790413,0.0,0.0,0.031647522,0.030821908,0.029609473,0.0,0.0,0.032681018,0.03306069,0.02951674,0.0,0.03008908,0.035178736,0.035008274,0.026173798,0.0,0.0,0.062405206,0.032689054,0.032853685,0.0,0.0,0.026678858,0.026544146,0.029722828,0.0,0.0,0.029202443,0.025669064,0.033024848,0.0,0.0,0.027343372,0.033920363,0.03127752,0.0,0.03235066,0.04495665,0.023055201,0.023413498,0.0,0.0,0.031862333,0.037179627,0.034142826,0.0,0.022293769,0.023830019,0.0,0.034345105,0.0,0.0,0.02696891,0.032803882,0.034270003,0.0,0.0,0.03187386,0.0,0.030680137,0.0,0.045457847,0.027598929,0.035747524,0.03431364,0.0,0.0,0.029365918,0.03502192,0.034309283,0.0,0.051214088,0.024176396,0.03777855,0.029479781,0.0,0.0,0.02789999,0.034033287,0.022209292,0.0,0.0,0.026117858,0.03498889,0.0
k__Bacteria|p__Firmicutes|c__Clostridia|o__Clostridiales|f__Lachnospiraceae|g__Roseburia|s__unclassified,0.0,0.0,0.0351528,0.030052157,0.026423927,0.0,0.023641048,0.027514448,0.030206908,0.03084976,0.0,0.0,0.028760927,0.0,0.0,0.0,0.0,0.0,0.0,0.035394274,0.0,0.024976986,0.0,0.025999805,0.038443457,0.0,0.0,0.0,0.022641068,0.026353966,0.0,0.0,0.0,0.032798786,0.041093964,0.0,0.0,0.025360659,0.022835223,0.025279671,0.0,0.03575116,0.029593313,0.032727,0.021156166,0.0,0.0,0.0,0.029628618,0.024987338,0.0,0.0,0.0,0.025487293,0.027771832,0.0,0.0,0.02181969,0.0,0.019523846,0.0,0.0,0.030829195,0.025502127,0.025222192,0.0,0.0,0.031465314,0.032162067,0.04195132,0.0,0.0,0.034317303,0.03291643,0.02687389,0.0,0.0,0.06248917,0.030206338,0.027012719,0.0,0.0,0.026168555,0.024266617,0.0,0.0,0.0,0.026751984,0.026354492,0.024913318,0.0,0.0,0.029383646,0.035112612,0.040552508,0.0,0.0,0.0,0.022486154,0.023037551,0.0,0.0,0.037908696,0.036592253,0.03424696,0.0,0.022292316,0.022171933,0.024265138,0.03241799,0.0,0.026485832,0.027077012,0.03148983,0.032488655,0.0,0.0,0.0,0.0,0.029461715,0.0,0.0,0.028241178,0.034228675,0.0326793,0.0,0.0,0.024281453,0.03414545,0.03310907,0.0,0.0,0.024133412,0.03677045,0.025994051,0.0,0.0,0.0,0.0337719,0.020647107,0.0,0.0,0.022682652,0.03419961,0.0
k__Bacteria|p__Firmicutes|c__Clostridia|o__Coriobacteriales|f__Coriobacteriaceae|g__unclassified|s__unclassified,0.0,0.0,0.0,0.0,0.0,0.04407547,0.0235253,0.0,0.0,0.0,0.0,0.0,0.0,0.0,0.0,0.046031907,0.029563665,0.018916156,0.035782132,0.0,0.0,0.0,0.0,0.02481321,0.0,0.0,0.0,0.022037577,0.0,0.02683011,0.0,0.0,0.0,0.0,0.0,0.0,0.0,0.019447098,0.0,0.0,0.062218715,0.0,0.0,0.0,0.020737048,0.06727642,0.05166448,0.03152841,0.0,0.02290607,0.054581523,0.0,0.05768236,0.0,0.0,0.0,0.024890298,0.021157179,0.0,0.018973349,0.0,0.03452709,0.0,0.021297323,0.0,0.0,0.05109061,0.0,0.0,0.0,0.0,0.0,0.0,0.0,0.0,0.0,0.0,0.0,0.0,0.0,0.0,0.021838471,0.025859231,0.0,0.0,0.0,0.0,0.025540626,0.0,0.023508744,0.0,0.0,0.0,0.0,0.0,0.04749564,0.0,0.0,0.0,0.0,0.0,0.0,0.0,0.0,0.0,0.0,0.0,0.0,0.0,0.0,0.0,0.0,0.0,0.0,0.0,0.0,0.037700024,0.0,0.034666993,0.0,0.03122182,0.0,0.0,0.0,0.0,0.0,0.0,0.022063434,0.0,0.0,0.0,0.0,0.02567174,0.0,0.025005504,0.0,0.040186968,0.0,0.0,0.019805115,0.0,0.0,0.0,0.0,0.0
k__Bacteria|p__Firmicutes|c__Clostridia|o__Coriobacteriales|f__Coriobacteriaceae|g__Eggerthella|s__lenta,0.0,0.0,0.0,0.0,0.0,0.0,0.0,0.0,0.0,0.0,0.0,0.044466853,0.0,0.0,0.026286563,0.0,0.0,0.018549452,0.0,0.0,0.0,0.024402628,0.0,0.0,0.0,0.03424667,0.0,0.021573883,0.0213163,0.026467176,0.0,0.0,0.0,0.0,0.0,0.0,0.0,0.01942685,0.0,0.0,0.0,0.031782687,0.0,0.0,0.0,0.0,0.0,0.0,0.0,0.0,0.0,0.0,0.0,0.0,0.0,0.0,0.0,0.0,0.029723454,0.0,0.0,0.0,0.0,0.0,0.0,0.0,0.0,0.0,0.0,0.028588923,0.0,0.0,0.0,0.0,0.0,0.0,0.0,0.0,0.02965689,0.0,0.0,0.021444516,0.0,0.0,0.0,0.0,0.0,0.0,0.0,0.0,0.0,0.0,0.025510004,0.031827945,0.0,0.0,0.0,0.045432545,0.021939207,0.0,0.0,0.044273242,0.031906288,0.0,0.0,0.0,0.022092028,0.0,0.0,0.0,0.0,0.0,0.0,0.0,0.0,0.0,0.0,0.0,0.0,0.0,0.0,0.0,0.0,0.0,0.0,0.0,0.04063989,0.0,0.0,0.0,0.0,0.0,0.024517668,0.0,0.0,0.0,0.0,0.0,0.0,0.0,0.0,0.0,0.0,0.0,0.0
k__Bacteria|p__Firmicutes|c__Clostridia|o__Clostridiales|f__Ruminococcaceae|g__Faecalibacterium|s__prausnitzii,0.0,0.0,0.034482516,0.029000886,0.026955843,0.042854212,0.02652026,0.027199695,0.03036013,0.030362079,0.0,0.0,0.0,0.03234066,0.0,0.0,0.029810797,0.0,0.0,0.034585774,0.0,0.024305278,0.02977725,0.025370836,0.031730115,0.0,0.035904184,0.0,0.02299367,0.026577054,0.0,0.0,0.0,0.032733973,0.036816973,0.0,0.03288514,0.023018267,0.02285807,0.026799956,0.0,0.032790814,0.029110426,0.03281637,0.021974524,0.0,0.0,0.047614336,0.04328043,0.026138343,0.0,0.0,0.0,0.026773743,0.028150165,0.0,0.025194248,0.022084003,0.02967888,0.020074345,0.0,0.0,0.030181395,0.021906361,0.01952729,0.0,0.0,0.03122269,0.03161211,0.0,0.0,0.029949421,0.033576977,0.033224095,0.0,0.0,0.0,0.0,0.0319825,0.027684607,0.0,0.0,0.0,0.024910722,0.027157024,0.0,0.0,0.026778404,0.025239477,0.026594914,0.0,0.0,0.026590878,0.0,0.031140288,0.0,0.0,0.0,0.022323174,0.023078538,0.0,0.0,0.031774428,0.0356108,0.03109674,0.0,0.02205429,0.021832949,0.029912481,0.0325149,0.0,0.024998209,0.025138566,0.031282365,0.032636646,0.0,0.0,0.03181099,0.0,0.029927235,0.0,0.0,0.031549733,0.03377645,0.032718845,0.0,0.0,0.021917133,0.033450197,0.032752436,0.0,0.0,0.02415165,0.03607222,0.026426874,0.0,0.0,0.03983253,0.035092853,0.02067888,0.0,0.0,0.024339112,0.03361987,0.0
k__Bacteria|p__Firmicutes|c__Clostridia|o__Coriobacteriales|f__unclassified|g__unclassified|s__unclassified,0.0,0.03895251,0.035281938,0.029855045,0.02790107,0.0,0.02357594,0.02766655,0.030511811,0.0309833,0.0,0.0,0.028951053,0.02963566,0.025871977,0.0,0.029417064,0.0,0.0,0.03552795,0.0,0.024052171,0.030931916,0.026210986,0.034229986,0.0,0.02892085,0.0,0.022505067,0.026949976,0.0,0.044328317,0.0,0.03298761,0.036543973,0.0,0.03284363,0.020685997,0.022034612,0.025570743,0.0,0.032285295,0.029800493,0.033034883,0.023072895,0.0,0.0,0.0,0.02841111,0.023081481,0.0,0.0,0.0,0.025709752,0.027755383,0.0,0.025349805,0.021540374,0.030025715,0.021063711,0.0,0.0,0.030936055,0.023495384,0.0218428,0.0,0.0,0.03183875,0.032209978,0.029660005,0.0,0.02990752,0.03444941,0.0333396,0.02670238,0.0,0.0,0.061964385,0.03087828,0.027684607,0.0,0.0,0.026315022,0.023895912,0.025199741,0.0,0.0,0.026399277,0.02504384,0.024796672,0.0,0.0,0.026115295,0.032555424,0.030607922,0.0,0.0,0.04574456,0.026853448,0.023980245,0.0,0.0,0.032384034,0.036609717,0.031178629,0.0,0.02211525,0.022582086,0.024731234,0.03275892,0.0,0.023740312,0.02582198,0.031750746,0.032816794,0.0,0.0,0.031830847,0.0,0.029875774,0.030776067,0.044984743,0.027754623,0.034443155,0.032889824,0.0,0.0,0.022195766,0.03431025,0.033397436,0.0,0.0,0.0,0.036903113,0.025413392,0.0,0.0,0.027783616,0.033935267,0.021192547,0.0,0.0,0.02237971,0.034431223,0.0
k__Bacteria|p__Firmicutes|c__Clostridia|o__Clostridiales|f__Ruminococcaceae|g__Ruminococcus|s__unclassified,0.0,0.0,0.036216866,0.030840613,0.027528236,0.041962758,0.02357594,0.028260889,0.031261683,0.03172575,0.0,0.0,0.029687786,0.030012915,0.02567394,0.0,0.029489668,0.0,0.0,0.036581967,0.0,0.031888757,0.02960398,0.026935432,0.03329562,0.0,0.030071381,0.0,0.022857666,0.034261923,0.0,0.044354357,0.059192233,0.0339141,0.035098683,0.0,0.0,0.019983659,0.021911232,0.025611043,0.0,0.03311101,0.030479243,0.033998605,0.027208049,0.0,0.0,0.0,0.029884452,0.023658954,0.0,0.0,0.0,0.02613306,0.028429806,0.0,0.024868803,0.021592313,0.03405944,0.021419948,0.0,0.0,0.03170038,0.022820447,0.02278152,0.0,0.0,0.03262708,0.033091858,0.030542344,0.0,0.0,0.035489812,0.034382544,0.02614662,0.0,0.0,0.062405206,0.038579404,0.02968154,0.0,0.0,0.026930366,0.027721142,0.025733242,0.0,0.0,0.029123181,0.025945425,0.027768632,0.0,0.0,0.026666025,0.033112973,0.03338001,0.0,0.0,0.046938885,0.025961204,0.022938618,0.0,0.0,0.032733742,0.03770153,0.032202754,0.0,0.022412783,0.025013654,0.024232622,0.03372073,0.0,0.023484513,0.027185643,0.032627825,0.033762366,0.0,0.0,0.0,0.0,0.03018612,0.030621022,0.045339517,0.032503374,0.035507232,0.03387057,0.0,0.0,0.028704993,0.035291918,0.034378808,0.0,0.051017955,0.0,0.038153123,0.026832975,0.0,0.0,0.027759258,0.034182653,0.022881825,0.0,0.0,0.02465595,0.035544936,0.0
k__Bacteria|p__Firmicutes|c__Clostridia|o__Clostridiales|f__Clostridiaceae|g__unclassified|s__unclassified,0.0,0.0,0.0,0.0,0.0,0.0,0.02366275,0.0,0.0,0.0,0.0,0.0,0.028760927,0.0,0.02554068,0.0,0.0,0.018592564,0.0,0.0,0.0,0.0,0.0,0.0,0.0,0.0,0.0,0.021686876,0.0,0.0,0.0,0.044308797,0.0,0.0,0.03405486,0.0,0.032929614,0.0,0.021690974,0.025250563,0.0,0.031847693,0.0,0.0,0.020722596,0.0,0.0,0.0,0.0,0.0,0.054471675,0.0,0.0,0.0,0.0,0.0,0.0,0.0,0.029679969,0.019389777,0.0,0.0,0.0,0.0,0.019020053,0.0,0.0,0.0,0.0,0.0,0.0,0.0,0.0,0.0,0.025981674,0.0,0.0,0.0,0.0,0.0,0.0,0.021486646,0.0,0.0,0.024912983,0.0,0.0,0.0,0.0,0.02423533,0.0,0.0,0.0,0.0,0.02975188,0.0,0.030967852,0.0,0.0,0.0,0.0,0.044234745,0.0,0.0,0.0,0.0,0.0,0.0,0.0,0.0,0.0,0.023488235,0.0,0.0,0.0,0.0,0.0,0.0,0.0,0.0,0.0,0.0,0.0,0.0,0.0,0.0,0.040181022,0.02187817,0.0,0.0,0.0,0.0,0.0,0.0,0.024626119,0.05858528,0.0,0.0,0.0,0.0,0.0,0.0,0.0,0.0,0.0
k__Bacteria|p__Firmicutes|c__Clostridia|o__Clostridiales|f__Ruminococcaceae|g__Faecalibacterium|s__unclassified,0.0,0.0,0.035318315,0.02834384,0.026997741,0.042840224,0.02623089,0.027589008,0.030256532,0.03102672,0.0,0.0,0.0,0.031939328,0.0,0.0,0.030366495,0.0,0.0,0.035622664,0.0,0.024743348,0.0,0.026206803,0.0,0.0,0.035789706,0.0,0.026232561,0.027559306,0.0,0.0,0.0,0.03284239,0.03436533,0.0,0.0,0.022618378,0.022114126,0.026714873,0.0,0.032423075,0.02977697,0.032805324,0.021251911,0.0,0.0,0.0,0.028381417,0.023153419,0.0,0.0,0.0,0.028417403,0.028742341,0.0,0.026499089,0.02178391,0.0,0.019610304,0.0,0.0,0.030983737,0.022017965,0.019794084,0.0,0.0,0.03167739,0.032280486,0.0,0.0,0.029890765,0.03455091,0.032980908,0.0,0.0,0.0,0.0,0.030306641,0.0276214,0.0,0.0,0.026376128,0.025522387,0.025196407,0.0,0.0,0.026717637,0.026555603,0.025416339,0.0,0.0,0.03184186,0.0,0.03670954,0.0,0.0,0.044122852,0.022513777,0.023537872,0.0,0.0,0.0,0.03686061,0.032633435,0.0,0.022351824,0.021684371,0.032644015,0.03246931,0.0,0.0,0.02607035,0.03163699,0.032560762,0.0,0.0,0.0,0.0,0.030613238,0.0,0.0,0.035052907,0.034376167,0.03270737,0.0,0.0,0.0,0.03438094,0.03332386,0.0,0.0,0.0,0.037013303,0.027529411,0.0,0.0,0.030249149,0.034112636,0.020493535,0.0,0.0,0.02402505,0.034537926,0.0
k__Bacteria|p__Firmicutes|c__Clostridia|o__Clostridiales|f__Lachnospiraceae|g__Lachnospira|s__unclassified,0.0,0.0,0.03436023,0.028540954,0.027094325,0.0,0.02550747,0.026863161,0.02952995,0.030338,0.0,0.0,0.030234393,0.031273108,0.0,0.0,0.0,0.0,0.0,0.034625348,0.0,0.024305278,0.0,0.02541381,0.03387387,0.0,0.031634048,0.0,0.023401681,0.0,0.0,0.0,0.0,0.031925514,0.035596505,0.0,0.0,0.01988242,0.02306919,0.025920028,0.0,0.0,0.029040808,0.03193177,0.02069008,0.0,0.0,0.03762951,0.027724693,0.023989078,0.0,0.0,0.0,0.026506793,0.027541542,0.0,0.0,0.021136403,0.0,0.019077865,0.0,0.0,0.030161975,0.0,0.0,0.0,0.0,0.030880492,0.031436905,0.029161986,0.0,0.030072324,0.033634823,0.03202506,0.027954482,0.0,0.0,0.0,0.03030753,0.026832458,0.0,0.0,0.025731632,0.02551312,0.024842963,0.0,0.0,0.025635738,0.024161406,0.023610808,0.0,0.0,0.02841498,0.031765487,0.030046219,0.0,0.0,0.0,0.021983406,0.022852406,0.0,0.0,0.034226224,0.035959926,0.03232205,0.0,0.0,0.022047704,0.02592357,0.0314884,0.0,0.023916643,0.023690006,0.030797184,0.031674955,0.0,0.0,0.0,0.0,0.030551089,0.0,0.0,0.027015064,0.03333836,0.03181387,0.0,0.0,0.022097988,0.03347458,0.03246337,0.0,0.0,0.0,0.035984375,0.02488439,0.0,0.0,0.0,0.03431802,0.019302038,0.0,0.0,0.022007285,0.033706516,0.0
k__Bacteria|p__Firmicutes|c__Clostridia|o__unclassified|f__unclassified|g__unclassified|s__unclassified,0.0,0.0,0.034189615,0.028716166,0.027308794,0.0,0.024451278,0.0270361,0.030437805,0.030179828,0.0,0.0,0.029521424,0.02968382,0.025483305,0.0,0.029425442,0.0,0.034959514,0.034271177,0.0,0.026982374,0.033178873,0.025114788,0.032908946,0.0,0.030203035,0.0,0.029949984,0.029673642,0.0,0.0,0.0,0.032712307,0.035104036,0.0,0.032888103,0.022046383,0.022065688,0.0254879,0.0,0.03588215,0.028894497,0.032874838,0.021848066,0.0,0.0,0.0,0.029134648,0.023349524,0.0,0.05809813,0.0,0.025880093,0.027722485,0.0,0.025605656,0.022194806,0.030529117,0.020202393,0.0,0.0,0.029893728,0.0262047,0.020403428,0.0,0.0,0.031158978,0.03139438,0.029243853,0.0,0.030438235,0.033327084,0.033378392,0.02669863,0.0,0.0,0.061814446,0.030046564,0.02707593,0.0,0.0,0.0,0.025436662,0.025003012,0.0,0.0,0.02673613,0.024369359,0.024446746,0.0,0.0,0.026454996,0.032364372,0.03123635,0.0,0.0,0.044795394,0.023847999,0.023561899,0.058201298,0.0,0.036244225,0.035284035,0.031474847,0.0,0.022208136,0.021148117,0.024492769,0.03254876,0.0,0.026182845,0.024458319,0.031223916,0.032730877,0.0,0.0,0.032095555,0.0,0.030110909,0.030621022,0.0,0.027190223,0.033639792,0.03277351,0.0,0.0,0.022942701,0.033188306,0.032673396,0.0,0.0,0.024679188,0.03582548,0.025662756,0.0,0.0,0.027948705,0.033874586,0.020043416,0.0,0.0,0.02229355,0.03347105,0.0
k__Bacteria|p__Firmicutes|c__Clostridia|o__Clostridiales|f__Lachnospiraceae|g__Anaerostipes|s__unclassified,0.0,0.0,0.0,0.0,0.0,0.0,0.0,0.0,0.0,0.0,0.0,0.0,0.028891638,0.029723955,0.0,0.0,0.0,0.018590055,0.0,0.0,0.0,0.0,0.0,0.0,0.0,0.0,0.0,0.021700988,0.020772286,0.026297363,0.0,0.0,0.0,0.0,0.0,0.0,0.0,0.0,0.0,0.0,0.0,0.0,0.0,0.0,0.020704532,0.0,0.0,0.0,0.0,0.0,0.0,0.0,0.0,0.02554958,0.027492195,0.0,0.0,0.0,0.0,0.018933399,0.0,0.0,0.0,0.0,0.019257203,0.0,0.0,0.0,0.0,0.0,0.0,0.0,0.0,0.0,0.0,0.0,0.0,0.0,0.029744769,0.026818411,0.0,0.02146981,0.0,0.0,0.025009682,0.0,0.0,0.0,0.0,0.0,0.0,0.0,0.0,0.0,0.029755192,0.0,0.0,0.0,0.021881197,0.0,0.0,0.0,0.0,0.0,0.030612478,0.0,0.0,0.020909643,0.0,0.0,0.0,0.0,0.023546575,0.0,0.0,0.0,0.0,0.0,0.0,0.0,0.0,0.0,0.0,0.0,0.0,0.0,0.0,0.021942865,0.0,0.0,0.0,0.0,0.0,0.0,0.0,0.0,0.0,0.0,0.0,0.01895783,0.0,0.0,0.0,0.0,0.0
k__Bacteria|p__Firmicutes|c__Clostridia|o__Clostridiales|f__Lachnospiraceae|g__Lachnobacterium|s__unclassified,0.0,0.0,0.0,0.0,0.026710836,0.0,0.0,0.0,0.0,0.0,0.0,0.0,0.0,0.029916596,0.0,0.0,0.0,0.0,0.0,0.0,0.0,0.0,0.0,0.0,0.0,0.0,0.0,0.0,0.0,0.0,0.0,0.0,0.0,0.0,0.0,0.0,0.0,0.0,0.0,0.0,0.0,0.0,0.0,0.0,0.0,0.0,0.0,0.0,0.027423745,0.0,0.0,0.0,0.0,0.0,0.0,0.0,0.0,0.021136403,0.0,0.019231085,0.0,0.0,0.0,0.021327082,0.0,0.0,0.0,0.0,0.0,0.0,0.0,0.0,0.0,0.0,0.0,0.0,0.0,0.0,0.029771397,0.026940148,0.0,0.0,0.0,0.030855931,0.025181403,0.0,0.0,0.025868231,0.0,0.0,0.0,0.0,0.0,0.0,0.031131772,0.0,0.0,0.0,0.0,0.0,0.0,0.0,0.0,0.0,0.030668082,0.0,0.022078965,0.021498961,0.0,0.0,0.0,0.0,0.0,0.0,0.0,0.0,0.0,0.0,0.0,0.02946607,0.0,0.0,0.027015064,0.0,0.0,0.0,0.0,0.0,0.0,0.0,0.0,0.0,0.0,0.0,0.024679556,0.0,0.0,0.0,0.0,0.020069892,0.0,0.0,0.0,0.0,0.0
k__Bacteria|p__Firmicutes|c__Clostridia|o__Clostridiales|f__Lachnospiraceae|g__[Ruminococcus]|s__unclassified,0.0,0.03881329,0.034050323,0.027949613,0.0,0.0,0.023669984,0.02678788,0.02983428,0.030082017,0.0,0.044918854,0.029283771,0.029756062,0.02655493,0.0,0.029431026,0.0,0.034965664,0.034196597,0.0,0.024830965,0.030464781,0.025080113,0.031936966,0.0,0.028886506,0.0,0.022343878,0.02801214,0.0,0.044313677,0.0,0.03210522,0.034734685,0.0,0.0,0.020197524,0.021884726,0.02543864,0.0,0.032620043,0.0287979,0.032206345,0.020966478,0.0,0.0,0.0,0.027814353,0.022963226,0.0,0.0,0.0,0.025783481,0.027525093,0.0,0.0,0.021137556,0.029721282,0.0202013,0.0,0.0,0.029834662,0.024706021,0.021118173,0.0,0.0,0.03083824,0.03120125,0.02887318,0.0,0.0,0.033237018,0.032492325,0.0,0.0,0.0,0.0,0.029773172,0.027462207,0.0,0.0,0.0,0.023668855,0.02488631,0.0,0.0,0.02549571,0.02426538,0.023802781,0.0,0.0,0.025770444,0.031752627,0.03009638,0.0,0.0,0.044378497,0.02330105,0.02319726,0.0,0.0,0.032542646,0.035349593,0.031038102,0.0,0.022067351,0.020982059,0.0,0.031805713,0.0,0.023499414,0.023556594,0.03080492,0.031997137,0.0,0.0,0.03187386,0.0,0.02960818,0.0,0.0,0.02697614,0.03322897,0.032077678,0.0,0.0,0.022256784,0.03310219,0.03235121,0.0,0.0,0.025472447,0.03563486,0.024661744,0.0,0.0,0.029350622,0.033795234,0.019344402,0.0,0.0,0.021859983,0.03334322,0.0
k__Bacteria|p__Firmicutes|c__Clostridia|o__Clostridiales|f__Lachnospiraceae|g__Roseburia|s__faecis,0.0,0.0,0.0,0.027862007,0.026203066,0.0,0.023518065,0.0,0.0,0.0,0.0,0.0,0.0,0.0,0.0,0.0,0.0,0.0,0.0,0.0,0.0,0.0,0.0,0.0,0.0,0.0,0.028852161,0.0,0.0,0.0,0.0,0.0,0.0,0.0,0.0,0.0,0.0,0.0,0.02172753,0.0,0.0,0.0,0.0,0.0,0.0,0.0,0.0,0.0,0.027266132,0.022955345,0.0,0.0,0.0,0.0,0.0,0.0,0.0,0.0,0.0,0.0,0.0,0.0,0.0,0.021277128,0.018947588,0.0,0.0,0.0,0.0,0.028579826,0.0,0.0,0.0,0.0,0.0,0.0,0.0,0.061706483,0.0,0.0,0.0,0.0,0.0,0.0,0.0,0.0,0.0,0.0,0.0,0.0,0.0,0.0,0.025521329,0.0,0.0,0.0,0.0,0.0,0.0,0.0,0.0,0.0,0.0,0.0,0.0,0.0,0.0,0.020801643,0.0,0.0,0.0,0.0,0.0,0.0,0.0,0.0,0.0,0.0,0.0,0.02947953,0.0,0.0,0.027015064,0.0,0.0,0.0,0.0,0.0,0.0,0.0,0.0,0.0,0.0,0.0,0.0,0.0,0.0,0.0,0.0,0.0,0.0,0.0,0.021737693,0.0,0.0
k__Bacteria|p__Firmicutes|c__Clostridia|o__Coriobacteriales|f__Coriobacteriaceae|g__Collinsella|s__unclassified,0.074584186,0.0,0.0,0.028278137,0.026210167,0.045352694,0.02418361,0.025782911,0.0,0.0,0.07524244,0.0,0.0,0.029643688,0.0,0.04611058,0.032061514,0.021055447,0.036582623,0.0,0.0759556,0.024052171,0.0,0.02552365,0.0,0.0,0.03366036,0.023390446,0.021240741,0.030516047,0.044197116,0.0,0.060414854,0.0,0.0,0.072203584,0.0,0.021083357,0.0,0.0,0.06378093,0.035547398,0.028401986,0.0,0.021221198,0.06818031,0.0,0.032201547,0.0,0.023574205,0.055469442,0.0,0.0631281,0.0,0.0,0.0,0.026546165,0.02208054,0.0,0.019517278,0.07066831,0.03625026,0.0294816,0.022190152,0.0,0.0,0.0,0.0,0.0,0.0,0.062030785,0.029929869,0.0,0.0,0.0,0.0,0.0,0.0,0.0,0.0,0.076054275,0.02343918,0.026656276,0.0,0.0,0.07388653,0.0,0.02605846,0.0,0.023554914,0.07281072,0.061829824,0.026342792,0.03446689,0.0,0.0,0.031100247,0.0,0.0268424,0.0,0.06135676,0.0,0.0,0.0,0.0,0.0,0.022177659,0.0,0.0,0.0,0.073738895,0.0,0.0,0.0,0.0,0.0,0.03989987,0.0,0.035524726,0.0,0.03973958,0.046044894,0.02697614,0.0,0.0,0.07287348,0.0,0.022721414,0.0,0.0,0.05547653,0.051823486,0.044997867,0.0,0.02482561,0.060970932,0.040963978,0.03989207,0.0,0.019429132,0.0,0.07638214,0.021693224,0.0,0.0
k__Bacteria|p__Firmicutes|c__Clostridia|o__Clostridiales|f__Ruminococcaceae|g__Oscillospira|s__unclassified,0.0,0.038698934,0.034114677,0.02878187,0.027742706,0.0,0.025022779,0.026934138,0.030315487,0.030177806,0.0,0.04930088,0.0311969,0.030430304,0.02621438,0.0,0.02959997,0.0,0.0,0.034239348,0.0,0.024811493,0.030841816,0.025070723,0.033877395,0.040150348,0.030042762,0.0,0.02106444,0.026627,0.0,0.047322147,0.0,0.03259431,0.035034448,0.0,0.0,0.02040253,0.021849085,0.025344603,0.0,0.03639737,0.02886267,0.032768887,0.023047604,0.0,0.0,0.0,0.027287832,0.022970123,0.0,0.0,0.0,0.027113153,0.027969223,0.04399099,0.02538767,0.021960502,0.030257301,0.020797215,0.0,0.0,0.029831622,0.021640636,0.02069328,0.0,0.0,0.031118168,0.03134034,0.029559948,0.0,0.0,0.03331591,0.033230495,0.026011663,0.0,0.0,0.0,0.03209878,0.039879233,0.0,0.0,0.0,0.024238816,0.025146391,0.0,0.0,0.026637055,0.025034262,0.03153765,0.0,0.0,0.026631026,0.03459181,0.0318468,0.0,0.030982565,0.0,0.022698857,0.023723017,0.0,0.0,0.03211076,0.035324365,0.031108871,0.0,0.022311185,0.023986088,0.024232622,0.03238612,0.0,0.02375149,0.024878597,0.031168742,0.032620158,0.0,0.0,0.031953275,0.0,0.03139623,0.0,0.0,0.028241178,0.033533946,0.032639552,0.0,0.0,0.023754334,0.03317271,0.03265078,0.0,0.0,0.024146438,0.03583024,0.027477758,0.0,0.0,0.027927054,0.033939935,0.01969391,0.06687971,0.0,0.021815514,0.033584803,0.0
k__Bacteria|p__Firmicutes|c__Clostridia|o__Clostridiales|f__Lachnospiraceae|g__[Ruminococcus]|s__gnavus,0.0,0.039658554,0.033262283,0.027949613,0.026288286,0.0,0.024118504,0.027122261,0.030187258,0.029307868,0.0,0.04540536,0.02903423,0.029892514,0.026503108,0.0,0.029618122,0.0,0.03503329,0.032864433,0.0,0.0,0.034714732,0.0,0.032416493,0.03550026,0.02927574,0.0,0.021729345,0.02624742,0.0,0.05295997,0.0,0.032104876,0.0,0.0,0.033223137,0.020110207,0.02171839,0.025308777,0.0,0.03196219,0.02831351,0.032013413,0.020762341,0.0,0.0,0.032208145,0.027278125,0.02297111,0.0,0.05890132,0.0,0.0,0.0,0.04356035,0.02495784,0.02127029,0.030651975,0.019233275,0.0,0.0,0.029175758,0.022496266,0.02036061,0.0,0.05268822,0.03029205,0.03052399,0.0,0.0,0.02984328,0.031847864,0.032361474,0.026370611,0.0,0.0,0.0,0.029717252,0.02685587,0.0,0.0,0.0,0.024530748,0.025001345,0.0,0.0,0.02575727,0.024097105,0.023598658,0.0,0.06184301,0.02553574,0.03186285,0.0,0.044111136,0.03151215,0.04694282,0.02329,0.023349896,0.0,0.044465713,0.032074455,0.0,0.030731775,0.06284587,0.02207461,0.021455888,0.026443865,0.03209204,0.0,0.025354594,0.02365784,0.03048661,0.032014128,0.0,0.0,0.032677922,0.0,0.029511593,0.031580362,0.0,0.0,0.032505862,0.032080628,0.0,0.040485386,0.02218327,0.031875245,0.03127336,0.0,0.051045448,0.024416069,0.033999473,0.0,0.0,0.040870987,0.03189735,0.0,0.019296743,0.06686377,0.0,0.021693224,0.031516038,0.048002586
k__Bacteria|p__Firmicutes|c__Erysipelotrichi|o__Erysipelotrichales|f__[Coprobacillaceae]|g__unclassified|s__unclassified,0.0,0.039539218,0.032826632,0.028562853,0.026257748,0.041950762,0.025225336,0.026412584,0.029941972,0.029194849,0.0,0.04518109,0.02971155,0.029691847,0.027941197,0.0,0.029683743,0.0,0.03500747,0.032694206,0.0,0.024422098,0.032667384,0.0,0.033837434,0.0,0.029458908,0.0,0.022741813,0.03119863,0.0,0.044966135,0.0,0.031706493,0.03500233,0.06815395,0.0,0.021824924,0.022354493,0.025613284,0.0628561,0.032076683,0.028055944,0.031972483,0.020818343,0.0,0.0,0.03134033,0.027519684,0.0,0.0,0.058399327,0.0,0.02652586,0.0,0.042263765,0.024962958,0.021212582,0.030700902,0.019943014,0.0,0.0,0.0,0.0225239,0.022550957,0.0,0.07515018,0.030445652,0.030114675,0.029525835,0.061963376,0.0,0.03183873,0.032490835,0.027135367,0.0,0.0,0.061721478,0.029707488,0.026954195,0.0,0.0,0.0,0.025042785,0.02505803,0.0,0.0,0.025609316,0.0,0.0,0.0,0.0,0.026256321,0.032047477,0.030987913,0.0,0.0,0.045106106,0.024870072,0.024904564,0.0,0.0,0.032103118,0.0,0.031280737,0.0,0.022129763,0.024915017,0.025468316,0.031721827,0.0,0.029430032,0.024117667,0.030375946,0.03196101,0.0,0.0,0.032830134,0.0,0.03012516,0.031347796,0.0,0.0,0.03231247,0.03178407,0.0,0.0,0.0,0.03181451,0.03153583,0.058244847,0.0,0.028962014,0.034065094,0.0246564,0.058769405,0.04567587,0.031218043,0.0,0.0,0.06681595,0.0,0.021707121,0.032105625,0.0
k__Bacteria|p__Firmicutes|c__Clostridia|o__Clostridiales|f__unclassified|g__unclassified|s__unclassified,0.0,0.038793404,0.0345419,0.028102923,0.026410436,0.0,0.023655515,0.0274188,0.03065752,0.03034071,0.0,0.0,0.029402599,0.029659739,0.025498113,0.0,0.0354278,0.0,0.03548948,0.03453478,0.0,0.028160295,0.031372715,0.025341522,0.031752445,0.0,0.02906395,0.0,0.021422079,0.03097221,0.0,0.0443934,0.0,0.033063073,0.041002963,0.0,0.034895338,0.02003681,0.022287773,0.025467748,0.0,0.032149453,0.029114451,0.033076026,0.027554901,0.0,0.0,0.03142942,0.027278125,0.02325689,0.054544907,0.0,0.0,0.025498733,0.0,0.0,0.025031526,0.021843929,0.030295357,0.02104018,0.0,0.0,0.030212611,0.021864906,0.023186652,0.0,0.052792754,0.031245047,0.031711906,0.028588923,0.0,0.029826516,0.03350226,0.03355182,0.0,0.0,0.0,0.061706483,0.031582173,0.027019745,0.0,0.0,0.0,0.02761688,0.032643747,0.0,0.0,0.028581573,0.024621092,0.024830697,0.0,0.0,0.026569262,0.03235243,0.029780746,0.0,0.0,0.044154316,0.030510817,0.02352515,0.0,0.044273242,0.032527357,0.035451602,0.030700434,0.0,0.023277802,0.021064464,0.02695332,0.03289445,0.0,0.025225451,0.024600169,0.03142605,0.03294563,0.0,0.0,0.031992983,0.034216177,0.029639056,0.0,0.0,0.027384846,0.03393769,0.03307267,0.0,0.040205743,0.022615548,0.033374846,0.032745227,0.0,0.0,0.0,0.035991795,0.030051533,0.057696655,0.0,0.028138155,0.0,0.019423837,0.0,0.0,0.021884996,0.033383273,0.0
k__Bacteria|p__Firmicutes|c__Clostridia|o__Clostridiales|f__Lachnospiraceae|g__Coprococcus|s__unclassified,0.0,0.03855474,0.03471602,0.028015317,0.027348563,0.0,0.0,0.027316486,0.030155744,0.030582141,0.0,0.0,0.02901047,0.029699875,0.025984878,0.0,0.029507818,0.0,0.0,0.03490633,0.0,0.02824791,0.029814675,0.02572155,0.032150876,0.034112122,0.029934006,0.0,0.023164934,0.02802213,0.0,0.045016576,0.0,0.03255477,0.03408698,0.0,0.032968156,0.021861624,0.021951444,0.02541849,0.0,0.032958675,0.029378328,0.032585442,0.021504825,0.0,0.0,0.0,0.028893087,0.023344595,0.0,0.058231995,0.0,0.025533056,0.027623788,0.04206547,0.025056086,0.02170658,0.030110521,0.019246407,0.0,0.0,0.03045203,0.023741975,0.020146515,0.0,0.05096562,0.031395577,0.031743646,0.028748106,0.0,0.029929869,0.03387744,0.032854196,0.026271269,0.0,0.0,0.0,0.029772285,0.02690269,0.0,0.0,0.025917677,0.023715192,0.024871305,0.0,0.0,0.02651024,0.024023227,0.02372988,0.0,0.0,0.025768386,0.032267004,0.030256798,0.0,0.030909011,0.058254167,0.023176745,0.022976778,0.0,0.0,0.031940684,0.036023214,0.033132855,0.061459165,0.022097833,0.021128766,0.024135066,0.032290146,0.0,0.023752728,0.023725338,0.03132396,0.032399587,0.0,0.0,0.031834155,0.0,0.029740792,0.0,0.0,0.02734592,0.03388089,0.032460213,0.0,0.0,0.022660395,0.03374898,0.032895576,0.0,0.0,0.02446296,0.036261622,0.025580822,0.0,0.0,0.027824212,0.0,0.019821003,0.0,0.0,0.022007285,0.03390935,0.0
k__Bacteria|p__Firmicutes|c__Clostridia|o__Clostridiales|f__Lachnospiraceae|g__Blautia|s__unclassified,0.07479895,0.04474503,0.0348651,0.03679783,0.03029859,0.042222597,0.026686646,0.03070919,0.03504092,0.031012975,0.07487047,0.045826312,0.029818494,0.030823613,0.02812813,0.045101263,0.030959893,0.0,0.035143957,0.03366851,0.07742523,0.025765514,0.055045463,0.025554212,0.05533846,0.03628129,0.03358022,0.0,0.030065838,0.036312997,0.0,0.053864624,0.060864832,0.036001414,0.03924185,0.0,0.038138937,0.029195046,0.025338497,0.027126849,0.0,0.045233775,0.030286722,0.035935517,0.024299532,0.0,0.0,0.033227745,0.03490466,0.029281924,0.0,0.058432795,0.0,0.02988818,0.033956766,0.043804042,0.02688082,0.023270523,0.04022201,0.022649541,0.07005272,0.03505862,0.030475695,0.035629373,0.023341456,0.0,0.056799278,0.032915726,0.03250912,0.03215465,0.0,0.044113856,0.032888655,0.036598183,0.029278748,0.061863862,0.0,0.06351475,0.031238658,0.03409913,0.07740592,0.0,0.025734179,0.031849883,0.042356804,0.073652945,0.0,0.031063735,0.026156116,0.025132023,0.074903265,0.062225044,0.029402176,0.033487737,0.03208814,0.044120807,0.031085538,0.056553792,0.026585499,0.029335365,0.0,0.044908397,0.043903455,0.03399719,0.037546802,0.07140298,0.02478433,0.026868388,0.027657881,0.037088722,0.07653521,0.030735115,0.02972049,0.03403771,0.03653348,0.0,0.03919318,0.047180843,0.0,0.03809319,0.033256784,0.04817179,0.029447827,0.034840457,0.036492493,0.07397953,0.04050856,0.024747554,0.03310126,0.033191446,0.0,0.055654194,0.026141966,0.03535652,0.026706515,0.0,0.043703407,0.032338493,0.034215327,0.022537615,0.07760797,0.07876071,0.02583159,0.032884527,0.048042353
k__Bacteria|p__Firmicutes|c__Clostridia|o__Clostridiales|f__Lachnospiraceae|g__unclassified|s__unclassified,0.0,0.046589687,0.036088347,0.039469812,0.032414887,0.0,0.02429936,0.029385544,0.034104396,0.031576544,0.0,0.0,0.047179256,0.035735957,0.028135533,0.04506979,0.03214249,0.0,0.035780903,0.035830166,0.0,0.025200889,0.03401611,0.026403679,0.039248537,0.0,0.03452469,0.0,0.027617779,0.03186789,0.0,0.04908427,0.05941867,0.036592413,0.04112608,0.06734779,0.033291332,0.022800606,0.028984196,0.029836044,0.0,0.03638379,0.030424152,0.036839385,0.022406284,0.0,0.0,0.031211643,0.03163133,0.026708918,0.0,0.05809813,0.0,0.029467411,0.028166616,0.045230158,0.029025879,0.024343932,0.036181767,0.025812998,0.0,0.0,0.03131537,0.026049517,0.026012693,0.07195594,0.05253141,0.03357459,0.033357985,0.032964222,0.0,0.030636555,0.034828234,0.038306504,0.028496183,0.0,0.0,0.06370967,0.034262832,0.0305173,0.0,0.0,0.02608861,0.04027651,0.0459496,0.0,0.0,0.02937946,0.027604947,0.025664203,0.0,0.0,0.03362787,0.03865447,0.0365884,0.0,0.033292145,0.045718342,0.03174283,0.03584942,0.0,0.0,0.0393018,0.036160123,0.03593732,0.06382806,0.024234261,0.025747806,0.04184669,0.037228554,0.0,0.033361424,0.0402886,0.034229375,0.037104033,0.0,0.0,0.034362156,0.034175657,0.034730855,0.03186138,0.04603111,0.030596089,0.036725998,0.036962207,0.0,0.0,0.023346312,0.034684803,0.03505366,0.058510732,0.052315496,0.026393361,0.037772693,0.02726402,0.05764862,0.0,0.02880393,0.03467276,0.023596723,0.06702317,0.0,0.027832681,0.034917153,0.048089348
k__Bacteria|p__Firmicutes|c__Clostridia|o__Clostridiales|f__Peptostreptococcaceae|g__unclassified|s__unclassified,0.0,0.0,0.033842847,0.0,0.0,0.0,0.0,0.026555888,0.027345406,0.029645264,0.0,0.0,0.028891638,0.029675795,0.0,0.0,0.03266608,0.0,0.0,0.034016885,0.0,0.0,0.029921409,0.025513371,0.0,0.043796256,0.0,0.0,0.0,0.026190812,0.0,0.04482946,0.0,0.029739128,0.03408698,0.0,0.032962225,0.019474939,0.02168366,0.025241608,0.0,0.0,0.028832672,0.02923015,0.0,0.0,0.0,0.0,0.0,0.023181012,0.0,0.05841606,0.0,0.0,0.0,0.043549,0.0,0.021126015,0.029703887,0.018966233,0.0,0.0,0.03010077,0.021493956,0.019270377,0.0,0.0,0.029752463,0.030495485,0.0,0.0,0.0,0.032750946,0.02868776,0.0,0.0,0.0,0.0,0.0,0.026862893,0.0,0.0,0.025943816,0.024139188,0.02597832,0.0,0.0,0.025577612,0.024097105,0.023576787,0.0,0.0,0.025600592,0.0,0.0,0.0,0.0,0.044099253,0.022342512,0.022886327,0.0,0.0,0.03183176,0.035389528,0.0,0.0,0.022314087,0.021156233,0.02443857,0.029052833,0.0,0.023762664,0.023976872,0.02918832,0.028965434,0.0,0.0,0.0,0.0,0.0,0.0,0.0,0.027112374,0.03191128,0.02915555,0.0,0.0415638,0.022003885,0.032746557,0.030797103,0.0,0.0,0.024687003,0.034229487,0.0,0.0,0.0,0.0,0.0,0.0,0.0,0.0,0.021729356,0.031930875,0.050388638
k__Bacteria|p__Firmicutes|c__Clostridia|o__Clostridiales|f__Lachnospiraceae|g__Dorea|s__unclassified,0.0,0.0,0.035117593,0.027971514,0.02629326,0.0,0.023908712,0.027415184,0.028313333,0.03063008,0.0,0.0,0.0,0.0,0.0,0.04506979,0.030013252,0.0,0.035362832,0.035428375,0.0,0.0,0.03128816,0.026618626,0.03180886,0.038932856,0.0,0.021746313,0.020782359,0.02662034,0.0,0.051715255,0.0,0.030868128,0.0,0.0,0.0,0.019526822,0.0,0.025243849,0.0,0.0,0.029833453,0.03041537,0.020713564,0.0,0.0,0.0,0.0,0.02287158,0.0,0.0,0.0,0.0,0.0,0.0,0.0,0.0,0.030429084,0.018950364,0.0,0.0,0.031198012,0.021879787,0.019280257,0.0,0.0,0.030849237,0.03159727,0.0,0.0,0.03005277,0.034079343,0.029979045,0.02601916,0.0,0.0,0.0,0.0,0.027047837,0.0,0.0,0.026873454,0.02355301,0.024864636,0.0,0.0,0.02549439,0.0,0.0,0.0,0.0,0.0,0.0,0.029802512,0.0,0.0,0.04451091,0.022439193,0.02285382,0.0,0.0,0.0,0.036767807,0.0,0.0,0.02210509,0.020984557,0.0,0.030279577,0.0,0.023567708,0.023521263,0.030309891,0.030130839,0.0,0.0,0.032191515,0.0,0.0,0.0,0.04519935,0.0,0.033257052,0.030311566,0.0,0.0,0.021904636,0.034040675,0.032047153,0.0,0.0,0.024171187,0.035716396,0.024633244,0.0,0.040279586,0.0286226,0.0,0.019471498,0.0,0.0,0.0,0.033259843,0.0
k__Bacteria|p__Firmicutes|c__Clostridia|o__Clostridiales|f__Veillonellaceae|g__unclassified|s__unclassified,0.0,0.04464559,0.03372505,0.028387642,0.026700182,0.0,0.0,0.026646642,0.029115656,0.029723968,0.0,0.0,0.0,0.0,0.0,0.0,0.0,0.0,0.0353284,0.03379279,0.0,0.024276074,0.0,0.024903663,0.03299709,0.0,0.02957339,0.0,0.020837769,0.0,0.0,0.0,0.0,0.031401075,0.0,0.06652513,0.0,0.019462284,0.022039182,0.0,0.0,0.0,0.028581675,0.03129682,0.0,0.0,0.0,0.032422625,0.04001224,0.0,0.0,0.0,0.0,0.027686464,0.0,0.0,0.024840148,0.025131095,0.030226858,0.0,0.0,0.0,0.029652381,0.023380592,0.02238627,0.0,0.0,0.030332085,0.03080272,0.034135364,0.0,0.030505272,0.03275023,0.031374365,0.0,0.0,0.0,0.0,0.033676993,0.03168315,0.0,0.0,0.0,0.024676714,0.029862875,0.0,0.0,0.05456436,0.026454363,0.0418338,0.0,0.0,0.026940875,0.0,0.030070825,0.04431421,0.030776612,0.0,0.0,0.0,0.0,0.044744793,0.031833667,0.03493464,0.0,0.0,0.0,0.021694986,0.02422178,0.031013025,0.0,0.02358882,0.03163837,0.030218512,0.031108404,0.0,0.0,0.0,0.03790712,0.030017883,0.03397386,0.0,0.0,0.032661803,0.031223178,0.0,0.0,0.025767239,0.03266558,0.031661235,0.0,0.0,0.0,0.034879882,0.024617216,0.0,0.0,0.0,0.033893254,0.019153764,0.0,0.0,0.022857748,0.032557484,0.0
k__Bacteria|p__Bacteroidetes|c__Bacteroidia|o__Bacteroidales|f__Bacteroidaceae|g__Bacteroides|s__caccae,0.0,0.0,0.0,0.0,0.0,0.0,0.0,0.0,0.0,0.0,0.0,0.0,0.0,0.0,0.0,0.0,0.0,0.018640354,0.0,0.0,0.0,0.0,0.0,0.0,0.0,0.0,0.0,0.02167276,0.0,0.0,0.0,0.0,0.0,0.0,0.0,0.0,0.0,0.0,0.0,0.0,0.0,0.0,0.0,0.0,0.0,0.0,0.0,0.0,0.0,0.0,0.0,0.0,0.0,0.0,0.0,0.0,0.0,0.0,0.0,0.0,0.0,0.0,0.0,0.0,0.0,0.0,0.0,0.0,0.0,0.0,0.0,0.0,0.0,0.0,0.0,0.0,0.0,0.0,0.0,0.0,0.0,0.021546897,0.0,0.0,0.0,0.0,0.0,0.0,0.0,0.0,0.0,0.0,0.0,0.0,0.0,0.0,0.0,0.0,0.0,0.0,0.0,0.0,0.0,0.0,0.0,0.0,0.0,0.0,0.0,0.0,0.0,0.0,0.0,0.0,0.0,0.0,0.0,0.0,0.0,0.0,0.0,0.0,0.0,0.0,0.0,0.0,0.0,0.0,0.0,0.0,0.0,0.0,0.0,0.0,0.0,0.0,0.0,0.0,0.0,0.0,0.0,0.0,0.0,0.0,0.0
k__Bacteria|p__Bacteroidetes|c__Bacteroidia|o__Bacteroidales|f__Porphyromonadaceae|g__Dysgonomonas|s__unclassified,0.0,0.0,0.0,0.0,0.0,0.0,0.0,0.0,0.0,0.0,0.0,0.0,0.0,0.0,0.0,0.0,0.0,0.018474653,0.0,0.0,0.0,0.0,0.0,0.0,0.0,0.0,0.0,0.0,0.0,0.0,0.0,0.0,0.0,0.0,0.0,0.0,0.0,0.0,0.0,0.0,0.0,0.0,0.0,0.0,0.0,0.0,0.0,0.0,0.0,0.0,0.0,0.0,0.0,0.0,0.0,0.0,0.0,0.0,0.0,0.0,0.0,0.0,0.0,0.0,0.0,0.0,0.0,0.0,0.0,0.0,0.0,0.0,0.0,0.0,0.0,0.0,0.0,0.0,0.029677307,0.026944831,0.0,0.0,0.0,0.0,0.0,0.0,0.0,0.0,0.0,0.0,0.0,0.0,0.0,0.0,0.0,0.0,0.0,0.0,0.0,0.0,0.0,0.0,0.0,0.0,0.0,0.0,0.0,0.0,0.0,0.0,0.0,0.0,0.0,0.0,0.0,0.0,0.0,0.0,0.0,0.0,0.0,0.0,0.0,0.0,0.0,0.0,0.0,0.0,0.0,0.0,0.0,0.0,0.0,0.0,0.0,0.0,0.0,0.0,0.0,0.0,0.0,0.0,0.0,0.0,0.0
k__Bacteria|p__Bacteroidetes|c__Bacteroidia|o__Bacteroidales|f__Prevotellaceae|g__Prevotella|s__stercorea,0.0,0.0,0.0,0.0,0.0,0.0,0.0,0.0,0.0,0.0,0.0,0.0,0.0,0.0,0.0,0.0,0.0,0.0,0.0,0.0,0.0,0.0,0.0,0.0,0.0,0.0,0.0,0.0,0.0,0.0,0.0,0.0,0.0,0.0,0.0,0.0,0.0,0.0,0.0,0.0,0.0,0.0,0.0,0.0,0.0,0.0,0.0,0.0,0.0,0.0,0.0,0.0,0.0,0.0,0.0,0.0,0.0,0.0,0.0,0.0,0.0,0.0,0.0,0.022020089,0.01898382,0.0,0.0,0.0,0.0,0.0,0.0,0.0,0.0,0.0,0.0,0.0,0.0,0.0,0.0,0.0,0.0,0.0,0.0,0.0,0.0,0.0,0.0,0.0,0.0,0.0,0.0,0.0,0.0,0.0,0.0,0.0,0.0,0.0,0.0,0.0,0.0,0.0,0.0,0.0,0.0,0.0,0.0,0.0,0.0,0.0,0.0,0.0,0.0,0.0,0.0,0.0,0.0,0.0,0.0,0.0,0.0,0.0,0.0,0.0,0.0,0.0,0.0,0.0,0.0,0.0,0.0,0.0,0.0,0.0,0.0,0.0,0.0,0.0,0.0,0.0,0.0,0.0,0.0,0.0,0.0
k__Bacteria|p__Bacteroidetes|c__Bacteroidia|o__Bacteroidales|f__[Paraprevotellaceae]|g__[Prevotella]|s__unclassified,0.0,0.0,0.0,0.0,0.0,0.0,0.0,0.0,0.0,0.0,0.0,0.0,0.0,0.0,0.0,0.0,0.0,0.0,0.0,0.0,0.0,0.0,0.0,0.0,0.0,0.0,0.0,0.0,0.0,0.0,0.0,0.0,0.0,0.0,0.0,0.0,0.0,0.022712022,0.03403827,0.03547833,0.0,0.0,0.0,0.0,0.020747889,0.0,0.0,0.0,0.0,0.0,0.0,0.0,0.0,0.0,0.0,0.0,0.0,0.02117449,0.0,0.0,0.0,0.0,0.0,0.0,0.0,0.0,0.0,0.0,0.0,0.0,0.0,0.0,0.0,0.0,0.0,0.0,0.0,0.0,0.0,0.0,0.0,0.0,0.0,0.0,0.0,0.0,0.0,0.0,0.035716493,0.023749322,0.0,0.0,0.0,0.0,0.0,0.0,0.0,0.0,0.0,0.0,0.0,0.0,0.0,0.0,0.0,0.0,0.0,0.0,0.0,0.0,0.0,0.0,0.0,0.0,0.0,0.0,0.0,0.0,0.0,0.0,0.0,0.0,0.0,0.0,0.0,0.0,0.0,0.0,0.0,0.0,0.0,0.0,0.0,0.0,0.0,0.0,0.0,0.0,0.0,0.0,0.0,0.0,0.0,0.0,0.0
k__Bacteria|p__Bacteroidetes|c__Bacteroidia|o__Bacteroidales|f__[Odoribacteraceae]|g__Butyricimonas|s__unclassified,0.0,0.0,0.0,0.02865046,0.029423667,0.0,0.0,0.0,0.0,0.0,0.0,0.0,0.0,0.0,0.025844214,0.0,0.0,0.018794678,0.0,0.0,0.0,0.0,0.0,0.0,0.0,0.0,0.0,0.021923453,0.0,0.0,0.0,0.0,0.0,0.0,0.0,0.0,0.0,0.0,0.0,0.0,0.0,0.0,0.0,0.0,0.021548182,0.0,0.0,0.0,0.0,0.0,0.0,0.0,0.0,0.0,0.027557991,0.0,0.0,0.0,0.031676173,0.01971756,0.0,0.034390587,0.0,0.021352595,0.018967351,0.0,0.0,0.0,0.0,0.0,0.0,0.0,0.0,0.0,0.0,0.0,0.0,0.0,0.0,0.0,0.0,0.021698434,0.025777727,0.0,0.0,0.0,0.0,0.0,0.02415867,0.0,0.0,0.0,0.0,0.0,0.0,0.0,0.0,0.0,0.0,0.0,0.0,0.0,0.0,0.0,0.0,0.0,0.0,0.0,0.0,0.0,0.0,0.0,0.0,0.0,0.0,0.0,0.0,0.0,0.0,0.0,0.0,0.0,0.0,0.0,0.0,0.0,0.0,0.0,0.0,0.0,0.0,0.0,0.0,0.0,0.025021536,0.0,0.0,0.0,0.033860583,0.019243788,0.0,0.0,0.0,0.0,0.0
k__Bacteria|p__Bacteroidetes|c__Bacteroidia|o__Bacteroidales|f__Bacteroidaceae|g__Bacteroides|s__plebeius,0.0,0.0,0.0,0.04731056,0.031012306,0.0,0.0,0.0,0.0,0.0,0.0,0.0,0.0,0.0,0.0,0.0,0.0,0.018835086,0.0,0.0,0.0,0.0,0.0,0.0,0.0,0.0,0.0,0.021898855,0.0,0.0,0.0,0.0,0.0,0.0,0.0,0.0,0.0,0.0,0.0,0.025604326,0.0,0.0,0.0,0.0,0.0,0.07040543,0.0,0.0,0.0,0.042423863,0.0,0.0,0.0,0.0,0.0,0.0,0.0,0.0,0.0,0.0,0.0,0.034390267,0.0,0.022830015,0.019066162,0.0,0.0,0.0,0.0,0.0,0.0,0.030454993,0.0,0.0,0.0,0.0,0.0,0.0,0.0,0.0,0.0,0.021722844,0.025783598,0.0,0.0,0.0,0.0,0.03058421,0.02500553,0.0,0.0,0.0,0.0,0.0,0.0,0.0,0.0,0.0,0.0,0.0,0.0,0.0,0.0,0.0,0.0,0.0,0.0,0.0,0.0,0.0,0.0,0.0,0.0,0.0,0.0,0.0,0.0,0.0,0.0,0.0,0.0,0.0,0.0,0.0,0.0,0.0,0.0,0.0,0.0,0.0,0.0,0.0,0.02441737,0.0,0.0,0.0,0.0,0.0,0.0,0.0,0.0,0.0,0.0,0.0,0.0
k__Bacteria|p__Bacteroidetes|c__Bacteroidia|o__Bacteroidales|f__S24-7|g__unclassified|s__unclassified,0.0,0.0,0.0,0.0,0.0,0.0,0.0,0.0,0.0,0.0,0.0,0.0,0.0,0.0,0.0,0.0,0.0,0.018655218,0.0,0.0,0.0,0.025200889,0.0,0.0,0.0,0.0,0.0,0.021752553,0.0,0.0,0.0,0.0,0.0,0.0,0.0,0.0,0.0,0.019714113,0.022412071,0.025687171,0.0,0.0,0.0,0.0,0.025343707,0.0,0.0,0.0,0.0,0.0,0.0,0.0,0.0,0.0,0.0,0.0,0.0,0.0,0.0,0.0,0.0,0.0,0.0,0.0,0.0,0.0,0.0,0.0,0.0,0.0,0.0,0.0,0.0,0.0,0.0,0.0,0.0,0.0,0.0,0.0,0.0,0.021543095,0.0,0.0,0.0,0.0,0.0,0.0,0.025363978,0.027921727,0.0,0.0,0.0,0.0,0.0,0.0,0.0,0.0,0.0,0.0,0.0,0.0,0.0,0.0,0.0,0.0,0.0,0.0,0.0,0.0,0.0,0.0,0.0,0.0,0.0,0.0,0.0,0.0,0.0,0.0,0.0,0.0,0.02705399,0.0,0.0,0.0,0.0,0.0,0.0,0.0,0.0,0.0,0.0,0.0,0.0,0.0,0.0,0.0,0.0,0.0,0.0,0.0,0.0,0.0,0.0
k__Bacteria|p__Bacteroidetes|c__Bacteroidia|o__Bacteroidales|f__Bacteroidaceae|g__Bacteroides|s__ovatus,0.0,0.0,0.0,0.0,0.0,0.0,0.023568707,0.0,0.0,0.0,0.0,0.0,0.028760927,0.0,0.0,0.0,0.0,0.0,0.0,0.0,0.0,0.0,0.0,0.0,0.0,0.0,0.0,0.0,0.0,0.0,0.0,0.0,0.0,0.0,0.0,0.0,0.0,0.0,0.0,0.0,0.0,0.0,0.0,0.0,0.0,0.0,0.0,0.0,0.0,0.0,0.0,0.0,0.0,0.0,0.0,0.0,0.0,0.0,0.0,0.0,0.0,0.0,0.0,0.0,0.0,0.0,0.0,0.0,0.0,0.0,0.0,0.0,0.0,0.0,0.0,0.0,0.0,0.0,0.029687071,0.0,0.0,0.0,0.0,0.0,0.0,0.0,0.0,0.0,0.0,0.0,0.0,0.0,0.0,0.0,0.0,0.044120807,0.0,0.0,0.0,0.0,0.0,0.0,0.0,0.0,0.0,0.0,0.0,0.0,0.0,0.0,0.0,0.0,0.023524955,0.0,0.0,0.0,0.0,0.032042615,0.0,0.029493386,0.0,0.0,0.0,0.0,0.0,0.0,0.0,0.022119308,0.0,0.0,0.0,0.0,0.0,0.0,0.0,0.0,0.0,0.0,0.0,0.0,0.0,0.0,0.021857202,0.0,0.0
k__Bacteria|p__Bacteroidetes|c__Bacteroidia|o__Bacteroidales|f__[Paraprevotellaceae]|g__Paraprevotella|s__unclassified,0.0,0.0,0.0,0.0,0.0,0.0,0.0,0.0,0.0,0.0,0.0,0.0,0.0,0.0,0.0,0.0,0.0,0.018778803,0.0,0.0,0.0,0.02436369,0.0,0.0,0.0,0.0,0.0,0.021978183,0.020873029,0.0,0.0,0.0,0.0,0.0,0.0,0.0,0.0,0.0,0.022237508,0.02525952,0.0,0.0,0.0,0.0,0.021979945,0.0,0.0,0.0,0.0,0.023481572,0.0,0.0,0.0,0.027519938,0.028429806,0.0,0.0,0.0,0.0,0.020447545,0.0,0.034399737,0.0,0.0,0.019056283,0.0,0.0,0.0,0.0,0.0,0.0,0.0,0.0,0.0,0.036672324,0.0,0.0,0.0,0.0,0.0,0.0,0.021692887,0.025824517,0.0,0.0,0.0,0.0,0.0,0.024177823,0.023457713,0.0,0.0,0.0,0.0,0.0,0.0,0.0,0.0,0.0,0.023030484,0.0,0.0,0.0,0.0,0.0,0.0,0.0,0.0,0.0,0.0,0.0,0.0,0.0,0.0,0.0,0.0,0.0,0.0,0.0,0.0,0.0,0.0,0.030479318,0.0,0.0,0.0,0.0,0.0,0.0,0.0,0.0,0.0,0.0,0.0,0.0,0.0,0.0,0.0277349,0.03417799,0.02281828,0.0,0.0,0.0,0.0,0.0
k__Bacteria|p__Bacteroidetes|c__Bacteroidia|o__Bacteroidales|f__[Barnesiellaceae]|g__unclassified|s__unclassified,0.0,0.0,0.0,0.0,0.0,0.0,0.0,0.0,0.0,0.0,0.0,0.0,0.0,0.0,0.0,0.0,0.0,0.01890001,0.0,0.0,0.0,0.0,0.0,0.024896642,0.0,0.0,0.0,0.022098813,0.021044292,0.0,0.0,0.0,0.0,0.0,0.037041795,0.0,0.0,0.021724952,0.022049237,0.025548352,0.0,0.0,0.0,0.0,0.021049578,0.0,0.0,0.0,0.0,0.023018412,0.0,0.0,0.0,0.0,0.028824585,0.04214559,0.025392788,0.02231369,0.0,0.020659318,0.0,0.034537617,0.0,0.0,0.0,0.0,0.0,0.0,0.0,0.0,0.0,0.030119807,0.0,0.0,0.027300313,0.0,0.0,0.0,0.0,0.0,0.0,0.021861581,0.025937129,0.0,0.0,0.0,0.0,0.0,0.025389971,0.023533044,0.0,0.06675257,0.0,0.0,0.0,0.0,0.0,0.0,0.02229279,0.023454485,0.0,0.0,0.0,0.0,0.0,0.0,0.0,0.020982683,0.0,0.0,0.0,0.0,0.0,0.0,0.0,0.0,0.03767347,0.0,0.0,0.0,0.0,0.0,0.0,0.0,0.0,0.0,0.0,0.0,0.0,0.0,0.0,0.0,0.024116479,0.0,0.030299114,0.0,0.0,0.0,0.0,0.0,0.0,0.0,0.0,0.0,0.0
k__Bacteria|p__Bacteroidetes|c__Bacteroidia|o__Bacteroidales|f__Bacteroidaceae|g__Bacteroides|s__uniformis,0.0,0.0,0.0,0.028212432,0.02626059,0.0,0.024892565,0.0,0.0,0.0,0.0,0.0,0.0,0.0,0.02643833,0.0,0.0,0.01894488,0.0,0.0,0.0,0.0,0.0,0.024937794,0.0,0.0,0.04061507,0.022144413,0.020817619,0.0,0.0,0.0,0.0,0.0,0.0,0.06707671,0.034216378,0.020658156,0.021685489,0.0,0.06290609,0.04596731,0.0,0.0,0.022462286,0.0,0.0,0.0,0.03263012,0.025505684,0.0,0.0,0.0,0.025605513,0.027640238,0.043992326,0.025457261,0.0,0.0,0.019577472,0.0,0.034634933,0.029038146,0.021474825,0.01905299,0.0,0.0,0.0,0.0,0.0,0.0,0.0,0.0,0.0,0.026301257,0.0,0.0,0.061688494,0.0,0.0,0.0,0.021936499,0.025952512,0.0,0.0,0.0,0.0,0.0,0.0,0.0,0.0,0.06240928,0.0,0.034225315,0.030425735,0.044101465,0.032056443,0.0,0.022748578,0.023723017,0.05940651,0.04422512,0.0,0.0,0.0,0.0,0.02219072,0.0,0.02442773,0.0,0.0,0.0,0.023848206,0.0,0.0,0.0,0.037808683,0.0,0.034067594,0.0,0.030853588,0.0,0.0,0.0,0.0,0.0,0.0,0.024755644,0.0,0.0,0.056016117,0.0,0.0,0.0,0.027201677,0.0,0.0,0.0,0.0,0.018941943,0.0,0.0,0.0,0.0,0.0
k__Bacteria|p__Bacteroidetes|c__Bacteroidia|o__Bacteroidales|f__Bacteroidaceae|g__unclassified|s__unclassified,0.0,0.0,0.03313558,0.0,0.02621443,0.042098675,0.024306593,0.025868835,0.027711648,0.029643372,0.0,0.0,0.028760927,0.0,0.025555488,0.0,0.029433817,0.0,0.0,0.033533186,0.0,0.0,0.0,0.02486774,0.0,0.0,0.0,0.0,0.020812582,0.0,0.0,0.0,0.0,0.02970674,0.0,0.06632477,0.0,0.019401541,0.0,0.0,0.061656315,0.0,0.028437769,0.029702842,0.020711755,0.0,0.0,0.0,0.027316956,0.022972096,0.054645598,0.058014464,0.0,0.025773311,0.028035022,0.04210019,0.025171733,0.021189496,0.0,0.019079506,0.0,0.0,0.02931149,0.02129307,0.0,0.0,0.0,0.02993054,0.030142292,0.0,0.06152897,0.0,0.032672677,0.029283712,0.026016349,0.0,0.0,0.0,0.030343035,0.027115727,0.0,0.0,0.0,0.0,0.0,0.0,0.0,0.0,0.0,0.0,0.0,0.062423598,0.030082613,0.036313135,0.03249794,0.0,0.030835455,0.0,0.0,0.02305451,0.057894517,0.0,0.0,0.03530507,0.0,0.0,0.0,0.021426545,0.025457477,0.029112048,0.0,0.0,0.030783579,0.029383909,0.029422946,0.0,0.0,0.031794447,0.034715116,0.029512385,0.03152222,0.0,0.027306996,0.031615134,0.02945132,0.0,0.04020883,0.021998739,0.032567002,0.031207027,0.05456158,0.0,0.0,0.034506414,0.02470627,0.0,0.0,0.0,0.034126643,0.019339107,0.0,0.0,0.021843307,0.0329863,0.0
k__Bacteria|p__Bacteroidetes|c__Bacteroidia|o__Bacteroidales|f__Prevotellaceae|g__Prevotella|s__copri,0.0,0.0,0.0,0.0,0.0,0.0,0.0,0.0,0.0,0.0,0.0,0.0,0.0,0.0,0.0,0.0,0.0,0.018908052,0.035471037,0.0,0.0,0.0,0.0,0.024995178,0.0,0.0,0.0,0.022184681,0.021175258,0.0,0.0,0.0,0.0,0.0,0.0,0.0,0.0,0.027188005,0.056480017,0.0698045,0.0,0.0,0.0,0.0,0.037819616,0.0,0.0,0.0,0.0,0.0,0.0,0.0,0.0,0.035195425,0.053185984,0.0,0.024841173,0.039503224,0.0,0.031332213,0.0,0.03456022,0.029089395,0.023375278,0.02223805,0.0,0.0,0.0,0.0,0.0,0.0,0.033697926,0.0,0.0,0.06352314,0.0,0.0,0.0,0.0,0.02808961,0.0,0.021873761,0.026025375,0.0,0.0,0.0,0.0,0.025804825,0.04355715,0.03290091,0.0,0.0,0.0,0.0,0.0,0.0,0.0,0.0,0.0,0.027758084,0.057971213,0.0,0.0,0.03364181,0.037291024,0.0,0.0,0.0,0.0,0.0,0.0,0.0,0.0,0.0,0.0,0.0,0.03766892,0.0,0.0,0.0,0.0,0.0,0.030148461,0.0,0.0,0.0,0.0,0.0,0.0,0.0,0.0,0.0,0.0,0.0,0.0,0.0,0.0,0.035532054,0.042103734,0.020959543,0.0,0.0,0.0,0.0,0.0
k__Bacteria|p__Bacteroidetes|c__Bacteroidia|o__Bacteroidales|f__Prevotellaceae|g__Prevotella|s__unclassified,0.0,0.038539823,0.03235791,0.031081531,0.027608484,0.0,0.0,0.0,0.0,0.0,0.0,0.0,0.0,0.0,0.0,0.0,0.0,0.019283213,0.037218336,0.03253133,0.0,0.0,0.0,0.025567878,0.0,0.034148224,0.0,0.022787442,0.027925048,0.0,0.0,0.0,0.0,0.0,0.0,0.0,0.0,0.02542773,0.031107273,0.04091911,0.0,0.0,0.028160362,0.0,0.02302412,0.0,0.051458325,0.0,0.0,0.0,0.0,0.0,0.0,0.036926795,0.058466204,0.0,0.0,0.032777686,0.0,0.02330675,0.0,0.035077892,0.02967227,0.028276278,0.030291282,0.0,0.0,0.0,0.0,0.0,0.0,0.06283683,0.030814614,0.0,0.025987297,0.0,0.0,0.0,0.0,0.02808493,0.0,0.022397693,0.02650476,0.025916263,0.024871305,0.0,0.0,0.027769156,0.046658665,0.031270344,0.0,0.0,0.0,0.0,0.0,0.044111136,0.031041406,0.0,0.0,0.028716322,0.058212254,0.0,0.0,0.034162667,0.040521108,0.0,0.0,0.0,0.0,0.0,0.0,0.02487031,0.0,0.0,0.0,0.0,0.03815778,0.0,0.0,0.0,0.0,0.0,0.050817203,0.0,0.0,0.0,0.0,0.0,0.031107634,0.0,0.0,0.0,0.0,0.0,0.0,0.0,0.0,0.028774157,0.090526424,0.034908008,0.0,0.0,0.0,0.0,0.0
k__Bacteria|p__Bacteroidetes|c__Bacteroidia|o__Bacteroidales|f__Porphyromonadaceae|g__Parabacteroides|s__unclassified,0.0,0.0,0.03296877,0.030249272,0.027624108,0.044027504,0.024357233,0.025731692,0.0,0.028456248,0.0,0.077428594,0.029283771,0.030446356,0.0,0.0,0.0,0.019798292,0.0,0.033174135,0.0,0.024276074,0.0,0.026231898,0.0,0.034072742,0.0,0.023502134,0.0,0.0,0.04432863,0.0,0.059399284,0.0,0.0,0.0,0.0,0.0,0.022082139,0.025586413,0.0,0.0,0.02868401,0.0,0.02169993,0.0,0.0,0.0,0.0,0.0,0.0,0.0,0.0,0.02735214,0.027936324,0.0,0.024933279,0.021460734,0.0,0.019690199,0.06827712,0.035688154,0.030296676,0.021923367,0.019270377,0.0,0.0,0.0,0.028602816,0.042110503,0.0,0.03076504,0.031347726,0.0,0.026372487,0.0,0.0,0.0,0.0,0.0,0.0,0.023026602,0.027079133,0.02354374,0.0,0.0,0.0,0.0,0.025080778,0.023953445,0.0,0.06385867,0.0,0.0,0.0,0.0,0.0,0.0,0.021953018,0.023209978,0.0,0.0,0.0,0.034791622,0.0,0.0,0.0,0.020987676,0.0,0.0,0.0,0.023485754,0.0,0.0,0.0,0.0,0.038719937,0.0,0.036970872,0.0,0.03352811,0.045304317,0.027015064,0.0,0.0,0.0,0.0,0.023997676,0.031650115,0.0,0.0,0.0,0.0,0.0,0.025112376,0.0,0.0,0.0,0.033790566,0.018963125,0.0,0.0,0.0,0.0,0.0
k__Bacteria|p__Bacteroidetes|c__Bacteroidia|o__Bacteroidales|f__Bacteroidaceae|g__Bacteroides|s__unclassified,0.07878675,0.0,0.0,0.038199525,0.046136707,0.07900024,0.07018591,0.029189756,0.039393585,0.030309578,0.079065464,0.0444496,0.0588838,0.064937115,0.058892496,0.0,0.04847271,0.0,0.035731718,0.0,0.08117402,0.025784984,0.0,0.0,0.0,0.0,0.04724924,0.0,0.033551548,0.026999922,0.042742692,0.04432019,0.06259932,0.036422852,0.04886642,0.1145527,0.06088859,0.02553656,0.023613898,0.026551427,0.105548464,0.033096455,0.028576225,0.038598944,0.030405609,0.07141961,0.0,0.0,0.029777663,0.032498423,0.09171874,0.10657412,0.061602246,0.04682053,0.038628362,0.058449708,0.06256492,0.03693859,0.060911432,0.040274266,0.07174627,0.0,0.0,0.0253969,0.022366507,0.0,0.0,0.033194758,0.030678764,0.03993195,0.091712534,0.03351916,0.030951126,0.039709836,0.033194378,0.0,0.061353747,0.12911601,0.066281624,0.04254571,0.08124471,0.0,0.0,0.03141894,0.029107634,0.07963581,0.0,0.033997677,0.025537727,0.024655731,0.08111925,0.08806738,0.04393837,0.056724735,0.047223877,0.057958573,0.04342782,0.0441163,0.03271242,0.054458775,0.08674291,0.08705018,0.060886387,0.0,0.0475909,0.0,0.023514375,0.045167252,0.02916456,0.038622502,0.08098355,0.023479544,0.037251208,0.035239596,0.039770085,0.0,0.0,0.06338454,0.07453455,0.060886923,0.04189082,0.047794558,0.044239014,0.032678574,0.038928922,0.08008684,0.066751994,0.039220188,0.03112669,0.033217084,0.10051244,0.05768352,0.025977843,0.034223884,0.05046896,0.05762461,0.04723435,0.02926943,0.04929199,0.04214172,0.0,0.08097534,0.043224398,0.03430904,0.048703935
k__Bacteria|p__Bacteroidetes|c__Bacteroidia|o__Bacteroidales|f__Rikenellaceae|g__unclassified|s__unclassified,0.0,0.0,0.03580478,0.028190529,0.03227001,0.0,0.0,0.027766652,0.030060695,0.03142834,0.0,0.0,0.029378831,0.030301876,0.025931206,0.0,0.0,0.0,0.0,0.036272667,0.0,0.024081375,0.044729706,0.02678269,0.05116613,0.0,0.0,0.0,0.020978808,0.026240759,0.0,0.0,0.0,0.032705627,0.040012673,0.0,0.0,0.021058047,0.021970637,0.025302062,0.0,0.0,0.03020176,0.03262712,0.030028041,0.0,0.0,0.0,0.0,0.023896446,0.0,0.0,0.0,0.030179283,0.028528502,0.0,0.024851406,0.022322923,0.0,0.021828718,0.0,0.0,0.03148377,0.024608234,0.01997524,0.0,0.0,0.031910334,0.032613438,0.048461962,0.0,0.0,0.03515204,0.03262788,0.026363114,0.0,0.0,0.0,0.03381369,0.045141958,0.0,0.0,0.026949907,0.0,0.025294771,0.0,0.0,0.0,0.024377568,0.02416486,0.0,0.06177972,0.025652062,0.03328841,0.030894218,0.0,0.03467495,0.0,0.022488916,0.023482751,0.0,0.0,0.03299937,0.037699364,0.03256064,0.0,0.0,0.023238203,0.0,0.032257255,0.0,0.0,0.024198875,0.031744584,0.032324646,0.0,0.0,0.0,0.0,0.035226453,0.0,0.04506363,0.026995601,0.034618143,0.032499857,0.0,0.0,0.02539671,0.034958117,0.03361432,0.0,0.0,0.0,0.037534304,0.03371894,0.0,0.0,0.0,0.03400528,0.020165212,0.0,0.0,0.029416878,0.035081238,0.0
k__Bacteria|p__Bacteroidetes|c__Bacteroidia|o__Bacteroidales|f__Porphyromonadaceae|g__Parabacteroides|s__distasonis,0.0,0.0,0.034778886,0.02849715,0.02970063,0.05149896,0.02411127,0.027272793,0.02888227,0.030493217,0.0,0.0,0.0,0.0,0.026791835,0.0,0.0,0.0,0.0,0.035032157,0.0,0.024061907,0.0,0.025972717,0.0,0.0,0.0,0.0,0.021049328,0.026164176,0.042291775,0.0,0.0,0.031487446,0.0,0.0,0.0,0.019795103,0.021670867,0.0,0.07282932,0.032017495,0.02944291,0.031142537,0.021716189,0.0,0.0,0.0,0.02717362,0.023827465,0.0,0.0,0.0,0.027101714,0.027640238,0.0,0.027080383,0.021757364,0.04156695,0.019293467,0.0,0.0,0.030730473,0.021356845,0.019056283,0.0,0.0,0.03080057,0.03160138,0.0,0.0,0.0,0.03384213,0.03092202,0.027079135,0.0,0.0,0.0,0.0,0.0,0.0,0.0,0.026275896,0.02652793,0.025018016,0.0,0.0,0.0,0.02423118,0.0,0.0,0.068661615,0.0,0.034961056,0.03008786,0.0,0.030791325,0.0,0.022207156,0.024674192,0.06176763,0.0,0.0,0.036378436,0.033085342,0.0,0.022121053,0.0,0.025934411,0.03093439,0.0,0.047301356,0.023557123,0.030596599,0.030924011,0.0,0.0,0.0,0.03467966,0.0,0.033295542,0.0,0.02724861,0.0333895,0.031110998,0.0,0.0,0.022377353,0.033726588,0.032209743,0.0,0.0,0.0,0.035801034,0.027137555,0.0,0.0,0.0,0.03409397,0.020339964,0.0,0.0,0.0,0.033369776,0.0
k__Bacteria|p__Bacteroidetes|c__Bacteroidia|o__Bacteroidales|f__Bacteroidaceae|g__Bacteroides|s__fragilis,0.0,0.0,0.035466142,0.0,0.028550874,0.0,0.0235253,0.027608752,0.029337237,0.031139651,0.0,0.0,0.038790002,0.041378733,0.0,0.04525862,0.0,0.0,0.0,0.03590625,0.0,0.024052171,0.0,0.026804697,0.0,0.0,0.0,0.021574335,0.022701515,0.0,0.07021652,0.07190566,0.05940523,0.031793993,0.034991626,0.0,0.0,0.02053414,0.0,0.0,0.0,0.0,0.030149957,0.031657588,0.0,0.0,0.0,0.0,0.027962828,0.02320072,0.0,0.0,0.0,0.0,0.027870527,0.04718037,0.024958864,0.021126015,0.0,0.0,0.0,0.0,0.03134414,0.021605562,0.019421889,0.0,0.0,0.031649396,0.03208511,0.0,0.0,0.03001087,0.034719836,0.031467646,0.02798541,0.0,0.0,0.0,0.0,0.0,0.0,0.0,0.027024508,0.0,0.0,0.0,0.0,0.026375499,0.0,0.0,0.0,0.08503108,0.033623755,0.040553078,0.034354355,0.047418278,0.047576237,0.0,0.024022026,0.024131471,0.0,0.0,0.0,0.0372797,0.03279822,0.0,0.024240065,0.024396867,0.025435798,0.031370267,0.0,0.023632282,0.026059275,0.031178877,0.031362563,0.17966557,0.0,0.045420513,0.0,0.03363633,0.03659993,0.04529872,0.0,0.03399735,0.031453487,0.0,0.0,0.022821398,0.03461963,0.033043426,0.0627414,0.050921705,0.024322284,0.036742426,0.0,0.076661855,0.0,0.0,0.03459808,0.020572968,0.0,0.0,0.0278299,0.034472078,0.0
k__Bacteria|p__Proteobacteria|c__Gammaproteobacteria|o__Pseudomonadales|f__Moraxellaceae|g__Acinetobacter|s__unclassified,0.0,0.0,0.0,0.0,0.0,0.0,0.0,0.0,0.0,0.0,0.0,0.0,0.0,0.0,0.0,0.04508103,0.0,0.018499868,0.0,0.0,0.0,0.0,0.0,0.0,0.0,0.0,0.0,0.0,0.0,0.0,0.040948972,0.0,0.0,0.0,0.0,0.0,0.0,0.0,0.0,0.0,0.0,0.0,0.0,0.0,0.0,0.0,0.0,0.0,0.0,0.0,0.0,0.0,0.0,0.0,0.0,0.0,0.0,0.0,0.0,0.0,0.0,0.0,0.0,0.0,0.0,0.0,0.0,0.0,0.0,0.0,0.0,0.0,0.0,0.0,0.0,0.0,0.0,0.0,0.0,0.0,0.0,0.0213749,0.0,0.0,0.0,0.0,0.0,0.0,0.0,0.0,0.0,0.0,0.0,0.0,0.0,0.0,0.0,0.0,0.0,0.0,0.0,0.0,0.0,0.0,0.0,0.0,0.0,0.0,0.0,0.0,0.0,0.0,0.0,0.0,0.0,0.0,0.0,0.0,0.0,0.0,0.0,0.0,0.0,0.0,0.0,0.0,0.0,0.0,0.0,0.0,0.0,0.0,0.0,0.0,0.0,0.0,0.04019701,0.0,0.0,0.0,0.0,0.0,0.0,0.0,0.0
k__Bacteria|p__Proteobacteria|c__Gammaproteobacteria|o__Enterobacteriales|f__Enterobacteriaceae|g__Erwinia|s__unclassified,0.0,0.0,0.0,0.0,0.0,0.0,0.0,0.0,0.0,0.0,0.0,0.0,0.0,0.0,0.0,0.0,0.0,0.018465638,0.0,0.0,0.0,0.0,0.0,0.0,0.0,0.0,0.0,0.0,0.0,0.0,0.0,0.0,0.0,0.0,0.0,0.0,0.0,0.0,0.0,0.0,0.0,0.0,0.0,0.0,0.0,0.0,0.0,0.0,0.0,0.0,0.0,0.0,0.0,0.0,0.0,0.041991364,0.0,0.0,0.0,0.0,0.0,0.0,0.0,0.0,0.0,0.05107021,0.0,0.0,0.0,0.0,0.0,0.0,0.0,0.0,0.0,0.0,0.06154657,0.0,0.0,0.0,0.0,0.0,0.0,0.0,0.0,0.0,0.0,0.0,0.0,0.0,0.0,0.0,0.0,0.0,0.0,0.0,0.0,0.0,0.0,0.0,0.0,0.0,0.0,0.0,0.0,0.0,0.022121053,0.0,0.0,0.0,0.0,0.0,0.0,0.0,0.0,0.0,0.0,0.03179114,0.0,0.0,0.0,0.0,0.0,0.0,0.0,0.0,0.0,0.0,0.0,0.0,0.0,0.0,0.0,0.0,0.0,0.05764062,0.0,0.0,0.0,0.0,0.0,0.0,0.0,0.0,0.0
k__Bacteria|p__Proteobacteria|c__Gammaproteobacteria|o__Aeromonadales|f__unclassified|g__unclassified|s__unclassified,0.0,0.0,0.0,0.0,0.0,0.0,0.02356147,0.0,0.0,0.0,0.0,0.0,0.0,0.0,0.025923802,0.0,0.0,0.0,0.0,0.0,0.0,0.0,0.0,0.0,0.0,0.0,0.0,0.0,0.0,0.0,0.0,0.0,0.0,0.0,0.0,0.0,0.0,0.0,0.0,0.0,0.0,0.0,0.0,0.0,0.0,0.0,0.0,0.0,0.0,0.0,0.0,0.0,0.0,0.0,0.0,0.0,0.0,0.0,0.0,0.0,0.0,0.0,0.0,0.0,0.0,0.05112651,0.0,0.0,0.0,0.0,0.0,0.0,0.0,0.0,0.0,0.0,0.061382096,0.0,0.0,0.0,0.0,0.0,0.0,0.023749948,0.0,0.0,0.0,0.0,0.0,0.0,0.0,0.0,0.0,0.0,0.0,0.0,0.0,0.0,0.0,0.0,0.0,0.0,0.0,0.0,0.0,0.0,0.0,0.0,0.0,0.0,0.0,0.0,0.0,0.0,0.0,0.0,0.0,0.0,0.0,0.0,0.0,0.0,0.0,0.0,0.0,0.0,0.0,0.0,0.0,0.0,0.0,0.0,0.0,0.0,0.0,0.0,0.0,0.0,0.0,0.0,0.0,0.0,0.0,0.0,0.0
k__Bacteria|p__Proteobacteria|c__Gammaproteobacteria|o__Pasteurellales|f__Pasteurellaceae|g__Aggregatibacter|s__unclassified,0.0,0.0,0.0,0.0,0.0,0.0,0.0,0.0,0.0,0.0,0.0,0.0,0.0,0.0,0.0,0.0,0.0,0.018499816,0.0,0.0,0.0,0.0,0.029677445,0.0,0.0,0.0,0.0,0.021549877,0.0,0.0,0.0,0.0,0.0,0.0,0.0,0.0,0.0,0.0,0.0,0.0,0.0,0.0,0.0,0.0,0.0,0.0,0.0,0.031234741,0.0,0.0,0.0,0.0,0.0,0.0,0.0,0.0,0.0,0.0,0.0,0.0,0.0,0.0,0.0,0.0,0.0,0.0,0.0,0.0,0.0,0.0,0.0,0.0,0.0,0.0,0.0,0.0,0.0,0.0,0.0,0.0,0.0,0.0213536,0.0,0.0,0.0,0.0,0.0,0.0,0.0,0.0,0.0,0.0,0.0,0.0,0.0,0.0,0.0,0.0,0.0,0.0,0.0,0.0,0.0,0.0,0.0,0.0,0.0,0.0,0.0,0.0,0.0,0.0,0.0,0.0,0.0,0.0,0.0,0.0,0.0,0.0,0.0,0.0,0.0,0.0,0.0,0.0,0.0,0.0,0.0,0.0,0.0,0.0,0.0,0.0,0.0,0.0,0.0,0.0,0.0,0.0,0.0,0.0,0.02167377,0.0,0.0
k__Bacteria|p__Proteobacteria|c__Gammaproteobacteria|o__Enterobacteriales|f__Enterobacteriaceae|g__Trabulsiella|s__unclassified,0.0,0.0,0.0,0.0,0.0,0.0,0.0,0.0,0.0,0.0,0.0,0.0,0.0,0.0,0.0,0.0,0.0,0.0,0.0,0.0,0.0,0.0,0.0,0.0,0.0,0.0,0.0,0.0,0.0,0.0,0.040304646,0.0,0.0,0.0,0.0,0.0,0.0,0.0,0.0,0.0,0.0,0.0,0.0,0.0,0.0,0.0,0.051607784,0.031403024,0.0,0.0,0.0,0.0,0.0,0.0,0.0,0.0,0.0,0.0,0.0,0.0,0.0,0.0,0.0,0.0,0.0,0.0,0.0,0.0,0.0,0.0,0.0,0.0,0.0,0.0,0.0,0.061571404,0.0,0.0,0.0,0.0,0.0,0.0,0.0,0.0,0.0,0.0,0.0,0.0,0.0,0.0,0.0,0.0,0.0,0.0,0.0,0.0,0.0,0.0,0.0,0.0,0.0,0.0,0.0,0.0,0.0,0.0,0.0,0.0,0.0,0.0,0.0,0.0,0.0,0.0,0.0,0.0,0.0,0.0,0.0,0.0,0.0,0.0,0.0,0.0,0.0,0.0,0.0,0.0,0.0,0.0,0.0,0.0,0.0,0.0,0.0,0.0,0.0,0.0,0.0,0.0,0.0,0.0,0.0,0.0,0.0
k__Bacteria|p__Proteobacteria|c__Gammaproteobacteria|o__Enterobacteriales|f__Enterobacteriaceae|g__Klebsiella|s__unclassified,0.0,0.0,0.0,0.0,0.0,0.0,0.0,0.0,0.0,0.0,0.0,0.0,0.0,0.0,0.0,0.0,0.0,0.01868341,0.0,0.0,0.0,0.0,0.0,0.0,0.0,0.0,0.0,0.02174115,0.0,0.0,0.040316805,0.0,0.0,0.0,0.0,0.0,0.0,0.0,0.0,0.0,0.0,0.0,0.0,0.0,0.0,0.0,0.05148925,0.031211643,0.0,0.0,0.0,0.0,0.0,0.0,0.0,0.042181645,0.0,0.0,0.0,0.0,0.0,0.0,0.0,0.0,0.0,0.05199507,0.0,0.0,0.0,0.0,0.0,0.0,0.0,0.0,0.0,0.061454423,0.06177342,0.0,0.0,0.0,0.0,0.021540087,0.0,0.0,0.0,0.0,0.0,0.0,0.0,0.0,0.0,0.0,0.0,0.0,0.0,0.0,0.0,0.0,0.0,0.0,0.0,0.0,0.0,0.0,0.0,0.0,0.022155887,0.0,0.0,0.0,0.0,0.0,0.0,0.0,0.0,0.0,0.0,0.0,0.0,0.0,0.0,0.0,0.0,0.0,0.0,0.0,0.0,0.0,0.0,0.0,0.0,0.0,0.0,0.0,0.0,0.0,0.0,0.0,0.0,0.0,0.0,0.0,0.0,0.0,0.0
k__Bacteria|p__Proteobacteria|c__Gammaproteobacteria|o__Enterobacteriales|f__Enterobacteriaceae|g__Citrobacter|s__unclassified,0.0,0.0,0.0,0.0,0.0,0.0,0.0,0.0,0.0,0.0,0.0,0.0,0.0,0.0,0.0,0.0,0.0,0.018464558,0.0,0.0,0.0,0.0,0.0,0.0,0.031750094,0.0,0.0,0.0,0.0,0.0,0.0,0.0,0.0,0.0,0.0,0.0,0.033113435,0.0,0.0,0.0,0.0,0.0,0.0,0.0,0.0,0.0,0.07538719,0.0,0.0,0.0,0.0,0.0,0.0,0.0,0.0,0.0,0.0,0.0,0.0,0.0,0.0,0.0,0.0,0.0,0.0,0.051102385,0.0,0.0,0.0,0.0,0.0,0.0,0.0,0.0,0.0,0.07354268,0.061319713,0.0,0.0,0.0,0.0,0.0,0.0,0.0,0.0,0.0,0.0,0.0,0.024005441,0.0,0.0,0.0,0.0,0.031748034,0.0,0.0,0.0,0.0,0.0,0.0,0.0,0.044667806,0.0,0.0,0.0,0.0,0.0,0.022713808,0.024341015,0.0,0.0,0.023965072,0.0,0.0,0.0,0.0,0.0,0.0,0.0,0.0,0.0,0.0,0.0,0.0,0.0,0.0,0.0,0.0,0.0,0.0,0.0,0.0,0.0,0.0,0.0,0.0,0.040458865,0.0,0.0,0.0,0.0,0.0,0.0,0.0,0.0
k__Bacteria|p__Proteobacteria|c__Gammaproteobacteria|o__Enterobacteriales|f__Enterobacteriaceae|g__unclassified|s__unclassified,0.08920698,0.043815248,0.032555938,0.0,0.0,0.04513883,0.024248721,0.029972719,0.030169837,0.029986992,0.08917166,0.047341045,0.029022349,0.034363393,0.026925094,0.04879011,0.03032461,0.024515098,0.038418453,0.0,0.08831425,0.025512407,0.032158665,0.025290677,0.031885255,0.04147941,0.029132638,0.023470115,0.0,0.0,0.041208692,0.0,0.066127785,0.02959463,0.0,0.07161428,0.035515003,0.021651555,0.0,0.0,0.06372469,0.034147274,0.030183516,0.029284835,0.0,0.0,0.055957552,0.034854487,0.0299427,0.0,0.055075828,0.058349125,0.05797175,0.025550852,0.0,0.058484428,0.025150241,0.021837004,0.029719109,0.02048421,0.08273273,0.038754024,0.029336495,0.0,0.019408714,0.09097586,0.075484246,0.03108051,0.029675864,0.028741285,0.06480198,0.0,0.0307896,0.02792229,0.025969489,0.064184025,0.117732674,0.061946392,0.029695949,0.027738452,0.08830121,0.024800742,0.02669307,0.023719827,0.027737206,0.089781,0.09618044,0.0,0.0241573,0.0,0.089835025,0.06365184,0.025523387,0.03190051,0.0,0.050493337,0.036146022,0.0,0.022234779,0.022910351,0.06550378,0.046149846,0.03189291,0.0,0.0,0.09669198,0.038756732,0.028206218,0.025880214,0.030079458,0.08905345,0.024378575,0.02385506,0.030677278,0.029628478,0.11893515,0.044946,0.036397133,0.038629774,0.0,0.03359594,0.05161427,0.0,0.030399745,0.029406058,0.08978536,0.052063648,0.022159008,0.031394027,0.029820785,0.054717984,0.060865127,0.024130808,0.031723395,0.024615433,0.084835544,0.04347726,0.032955553,0.0,0.020313488,0.070849,0.087613136,0.022465868,0.030903215,0.04837857
k__Bacteria|p__Proteobacteria|c__Alphaproteobacteria|o__Rickettsiales|f__mitochondria|g__unclassified|s__unclassified,0.0,0.0,0.0,0.0,0.0,0.0,0.0,0.0,0.0,0.0,0.0,0.0,0.0,0.0,0.0,0.0,0.0,0.0,0.0,0.0,0.0,0.024071643,0.0,0.0,0.0,0.0,0.0,0.0,0.020757174,0.026673615,0.0,0.0,0.0,0.0,0.0,0.0,0.0,0.019614141,0.0,0.0,0.0,0.0,0.0,0.0,0.0,0.0,0.0,0.0,0.0,0.0,0.0,0.0,0.0,0.0,0.0,0.0,0.0,0.0,0.0,0.0,0.0,0.0,0.0,0.0,0.0,0.0,0.0,0.0,0.0,0.0,0.0,0.0,0.0,0.0,0.0,0.0,0.0,0.0,0.0,0.0,0.0,0.0,0.0,0.0,0.0,0.0,0.0,0.0,0.0,0.0,0.0,0.0,0.0,0.0,0.0,0.0,0.0,0.0,0.0,0.0,0.0,0.0,0.0,0.0,0.0,0.0,0.0,0.0,0.0,0.0,0.0,0.0,0.0,0.0,0.0,0.0,0.0,0.0,0.0,0.0,0.0,0.0,0.0,0.0,0.0,0.0,0.0,0.0,0.0,0.0,0.0,0.0,0.0,0.0,0.0,0.0,0.0,0.0,0.0,0.0,0.0,0.0,0.0,0.0,0.0
k__Bacteria|p__Proteobacteria|c__Gammaproteobacteria|o__Enterobacteriales|f__Enterobacteriaceae|g__Enterobacter|s__hormaechei,0.0,0.03892765,0.0,0.0,0.0,0.0,0.02432106,0.0,0.0,0.0,0.0,0.0,0.0,0.0,0.0,0.0,0.0,0.019102545,0.0,0.0,0.0,0.0,0.0,0.024851074,0.0,0.034269642,0.029058227,0.022118531,0.0,0.0,0.047585618,0.0,0.0,0.0,0.0,0.0,0.03298891,0.0,0.0,0.0,0.0,0.03189524,0.0,0.0,0.0,0.0,0.054019738,0.03133373,0.027225586,0.0,0.0,0.0,0.0,0.0,0.0,0.04306896,0.025672179,0.0,0.0,0.019007273,0.0,0.03470867,0.0,0.0,0.0,0.05361156,0.0,0.0,0.0,0.0,0.0,0.0,0.0,0.0,0.0,0.10566429,0.0769443,0.062078338,0.0,0.0,0.0,0.022038095,0.02589064,0.0,0.0,0.0,0.0,0.0,0.0,0.0,0.0,0.0,0.0,0.0,0.0,0.0,0.030820746,0.0,0.0,0.0,0.0,0.044388723,0.0,0.0,0.0,0.06133864,0.023013653,0.020827862,0.024232622,0.0,0.0,0.026146835,0.0,0.0,0.0,0.0,0.03794082,0.032036,0.03406422,0.0,0.0,0.0,0.0,0.0,0.0,0.0,0.040278357,0.0,0.0,0.0,0.0,0.0,0.0,0.0,0.0,0.0,0.042016603,0.027862102,0.0,0.019016078,0.0,0.0,0.0,0.0,0.0
k__Bacteria|p__Proteobacteria|c__Gammaproteobacteria|o__Pasteurellales|f__Pasteurellaceae|g__Actinobacillus|s__unclassified,0.0,0.0,0.0,0.0,0.0,0.0,0.0,0.0,0.0,0.0,0.0,0.0,0.0,0.0,0.0,0.0,0.0,0.0,0.0,0.0,0.0,0.024081375,0.031701233,0.0,0.031797107,0.0,0.0,0.0,0.0,0.0,0.0,0.0,0.0,0.0,0.0,0.0,0.0,0.0,0.021717476,0.0,0.0,0.0,0.0,0.0,0.0,0.0,0.0,0.031515215,0.0,0.0,0.0,0.0,0.0,0.0,0.0,0.0,0.0,0.0,0.0,0.0,0.0,0.0,0.0,0.0,0.0,0.0,0.0,0.0,0.0,0.0,0.0,0.0,0.0,0.0,0.0,0.0,0.0,0.0,0.0,0.0,0.0,0.0,0.0,0.0,0.0,0.0,0.0,0.0,0.0,0.0,0.0,0.0,0.02558618,0.0,0.0,0.0,0.0,0.0,0.0,0.0,0.0,0.0,0.0,0.0,0.0,0.0,0.022129763,0.0,0.0,0.0,0.0,0.0,0.0,0.0,0.0,0.0,0.0,0.0,0.0,0.0,0.0,0.0,0.0,0.0,0.0,0.0,0.0,0.0,0.0,0.0,0.0,0.0,0.0,0.0,0.0,0.0,0.040222302,0.027913522,0.0,0.0,0.0,0.0,0.021679329,0.0,0.0
k__Bacteria|p__Proteobacteria|c__Gammaproteobacteria|o__Enterobacteriales|f__Enterobacteriaceae|g__Escherichia|s__unclassified,0.09337765,0.051089462,0.0,0.0,0.0,0.044115447,0.024921501,0.027341006,0.02562277,0.0,0.093159355,0.046060942,0.029390715,0.036458362,0.025779435,0.051098723,0.029718647,0.025912246,0.036080934,0.0,0.08976532,0.024373421,0.030539634,0.0,0.03191111,0.051097907,0.029561942,0.022773338,0.0,0.0,0.0,0.0,0.06517373,0.0,0.0,0.06909446,0.034257885,0.019969739,0.0,0.0,0.06680539,0.03253854,0.0,0.0,0.0,0.0,0.056813076,0.033438925,0.027560227,0.0,0.055570137,0.05853319,0.05794544,0.025492376,0.0,0.04379937,0.02486778,0.0,0.029737592,0.0,0.08697073,0.03873178,0.0,0.0,0.019076046,0.0,0.06367149,0.0,0.0,0.028561633,0.06388823,0.0,0.0,0.0,0.0,0.0619516,0.06540308,0.0,0.0,0.027637785,0.08986716,0.024829706,0.0,0.023490451,0.025478162,0.09410437,0.08395102,0.0,0.0,0.0,0.09315086,0.062730275,0.0,0.0,0.0,0.05835504,0.039735433,0.0,0.02200274,0.022849577,0.07470174,0.04546657,0.0,0.0,0.0,0.06915323,0.02463774,0.02292107,0.024275977,0.0,0.09146321,0.0,0.02359509,0.0,0.0,0.12095757,0.046212465,0.0324827,0.03534406,0.0,0.037559267,0.05036116,0.0,0.0,0.0,0.093660474,0.05617954,0.021899492,0.0,0.0,0.055062067,0.059798904,0.0,0.0,0.0,0.07118604,0.040995594,0.0,0.0,0.01895783,0.073479265,0.088903874,0.021876657,0.0,0.048356876
k__Bacteria|p__Proteobacteria|c__Gammaproteobacteria|o__Pasteurellales|f__Pasteurellaceae|g__Haemophilus|s__parainfluenzae,0.0,0.0,0.0,0.02790581,0.0,0.0,0.0,0.0,0.0,0.0,0.0,0.0,0.028784692,0.029651716,0.0,0.0,0.0,0.0,0.0,0.0,0.0,0.0,0.029750912,0.0,0.031770077,0.034696255,0.0,0.0,0.0,0.0,0.0,0.0,0.0,0.0,0.0,0.0,0.0,0.0,0.021688232,0.0,0.0,0.0,0.0,0.0,0.0,0.0,0.0,0.031419523,0.0,0.023162289,0.05448083,0.058047928,0.05762974,0.025941111,0.0,0.0,0.0,0.0,0.0,0.0,0.0,0.0,0.0,0.0,0.0,0.0,0.0,0.0,0.0,0.0,0.0,0.0,0.0,0.0,0.0,0.0,0.062005945,0.0,0.0,0.0,0.0,0.0,0.0,0.023541424,0.0,0.0,0.0,0.0,0.0,0.0,0.0,0.0,0.0,0.0,0.0,0.0,0.0,0.0,0.0,0.0,0.058020514,0.0,0.0,0.0,0.0,0.0,0.0,0.0,0.024514448,0.0,0.0,0.0,0.0,0.0,0.0,0.0,0.0,0.031883787,0.0,0.0,0.0,0.0,0.0,0.0,0.0,0.0,0.040916443,0.0,0.0,0.0,0.0,0.0,0.0,0.0,0.0,0.058545247,0.040241648,0.02780256,0.0,0.0,0.0,0.0,0.022132354,0.0,0.0
k__Bacteria|p__Proteobacteria|c__Alphaproteobacteria|o__RF32|f__unclassified|g__unclassified|s__unclassified,0.0,0.0,0.0,0.0,0.0,0.0,0.0,0.0,0.0,0.0,0.0,0.0,0.0,0.029900543,0.0,0.0,0.0,0.0,0.0,0.0,0.0,0.0,0.0,0.0,0.0,0.0,0.0,0.0,0.0,0.0,0.0,0.0,0.0,0.0,0.03408698,0.0,0.0,0.0,0.0,0.0,0.0,0.0,0.0,0.0,0.020695498,0.0,0.0,0.0,0.0,0.023658954,0.0,0.0,0.0,0.0,0.0,0.0,0.0,0.0,0.0,0.0,0.0,0.0,0.0,0.0,0.0,0.0,0.0,0.0,0.0,0.02986922,0.0,0.0,0.0,0.0,0.0,0.0,0.0,0.0,0.0,0.0,0.0,0.0,0.0,0.0,0.0,0.0,0.0,0.0,0.0,0.0,0.0,0.0,0.0,0.0,0.0,0.0,0.0,0.0,0.0,0.022969713,0.0,0.0,0.0,0.0,0.0,0.0,0.0,0.0,0.024200104,0.0,0.0,0.0,0.0,0.0,0.0,0.0,0.0,0.0,0.0,0.041348644,0.030756686,0.0,0.0,0.0,0.0,0.0,0.0,0.0,0.0,0.0,0.0,0.0,0.0,0.0,0.024636809,0.0,0.0,0.0,0.0,0.0,0.0,0.0,0.025942761,0.0,0.0
k__Bacteria|p__Proteobacteria|c__Gammaproteobacteria|o__Pasteurellales|f__Pasteurellaceae|g__Haemophilus|s__unclassified,0.07895897,0.0,0.0,0.028978983,0.0,0.042448465,0.023633812,0.027317904,0.029808043,0.028412394,0.07900978,0.04460832,0.029414479,0.03046241,0.0,0.045373265,0.0,0.018643137,0.03571819,0.0,0.0798716,0.024568122,0.037244465,0.0,0.0354476,0.041108586,0.029115466,0.0,0.020792434,0.0,0.040345542,0.044707432,0.061357304,0.029419338,0.03553227,0.06678914,0.03290293,0.019617938,0.02376744,0.0,0.0,0.0,0.0,0.029442891,0.0,0.0,0.051649015,0.03436943,0.0,0.024921313,0.055533525,0.058131594,0.060576238,0.028024605,0.0,0.0,0.0,0.021301454,0.029723454,0.019285807,0.0729868,0.0,0.0,0.021343026,0.0,0.05117476,0.05096562,0.0292718,0.028516809,0.028641228,0.0,0.029837692,0.0,0.028591616,0.0260454,0.0,0.063282005,0.0,0.029985316,0.0,0.07972513,0.0,0.0,0.028098801,0.026638526,0.07909596,0.07210282,0.025746701,0.024421347,0.0,0.079519816,0.0,0.026533231,0.031804066,0.030677486,0.0,0.030791325,0.0,0.024392184,0.0,0.059044946,0.0,0.03251398,0.0,0.0,0.06133172,0.022132667,0.020761063,0.037543435,0.029693598,0.079610005,0.024217147,0.023799691,0.029422421,0.029699393,0.0,0.038884327,0.033118006,0.0,0.02957295,0.0,0.047143523,0.0,0.02928385,0.029616117,0.07928164,0.045148205,0.0,0.0,0.028907547,0.0,0.055544104,0.0,0.0,0.0,0.063276544,0.04095133,0.030289743,0.0,0.01895783,0.066975355,0.080293424,0.026201237,0.02991024,0.048194192
k__Bacteria|p__Proteobacteria|c__Betaproteobacteria|o__Burkholderiales|f__Alcaligenaceae|g__Sutterella|s__unclassified,0.0,0.0,0.03478806,0.033950634,0.036722038,0.042290557,0.02584748,0.027729161,0.031252746,0.030740105,0.0,0.055891156,0.03694817,0.033111226,0.025518471,0.045299083,0.036692783,0.0,0.04482604,0.034845635,0.0,0.024646001,0.0,0.025718972,0.0,0.0,0.029882489,0.0,0.021673935,0.02624742,0.0,0.04980344,0.0,0.033450168,0.03439745,0.0,0.03691147,0.019411664,0.024745353,0.026511123,0.06171255,0.0,0.029546844,0.033688046,0.020655755,0.0,0.0,0.0,0.0,0.036488503,0.06266438,0.06469099,0.09622346,0.03013606,0.027541542,0.042195,0.026676137,0.026773527,0.032187182,0.022623824,0.0,0.0,0.030421166,0.02138873,0.019319782,0.0,0.0,0.03199649,0.031926528,0.0,0.07483445,0.029932663,0.033907298,0.034287695,0.035126884,0.0,0.0,0.0,0.03469067,0.027354516,0.0,0.0,0.025826856,0.02588383,0.0,0.0,0.0,0.025516847,0.026821017,0.023462573,0.0,0.0,0.032834202,0.038464338,0.035261504,0.0,0.031262066,0.0,0.0,0.03090275,0.0,0.0,0.0,0.035761643,0.039693113,0.0,0.022491155,0.02307714,0.02443857,0.033506736,0.0,0.024003565,0.025602086,0.032053873,0.033629287,0.1159304,0.0,0.035152983,0.04193237,0.033131626,0.045350254,0.04510337,0.027482156,0.034395345,0.03354866,0.0,0.0,0.026197316,0.03379584,0.033415332,0.0,0.051187128,0.024263669,0.03644385,0.028213376,0.0,0.051615953,0.029166587,0.03417799,0.018984307,0.07663557,0.0,0.02681268,0.034167625,0.04799897
k__Bacteria|p__Actinobacteria|c__Actinobacteria|o__Actinomycetales|f__Actinomycetaceae|g__Parascardovia|s__unclassified,0.0,0.0,0.0,0.0,0.0,0.0,0.0,0.0,0.0,0.0,0.0,0.0,0.0,0.0,0.0,0.0,0.0,0.0,0.0,0.0,0.0,0.0,0.0,0.0,0.0,0.0,0.0,0.0,0.0,0.0,0.0,0.0,0.0,0.0,0.0,0.0,0.0,0.0,0.0,0.0,0.0,0.0,0.0,0.0,0.0,0.0,0.0,0.0,0.0,0.0,0.0,0.0,0.0,0.0,0.0,0.0,0.0,0.0,0.0,0.0,0.0,0.0,0.0,0.0,0.0,0.055115465,0.0,0.0,0.0,0.0,0.0,0.0,0.0,0.0,0.0,0.0,0.0,0.0,0.0,0.0,0.0,0.0,0.0,0.0,0.0,0.0,0.0,0.0,0.0,0.0,0.0,0.0,0.0,0.0,0.0,0.0,0.0,0.0,0.0,0.0,0.0,0.0,0.0,0.0,0.0,0.0,0.0,0.0,0.0,0.0,0.0,0.0,0.0,0.0,0.0,0.0,0.0,0.0,0.0,0.0,0.0,0.0,0.0,0.0,0.0,0.0,0.0,0.0,0.0,0.0,0.05442864,0.0,0.0,0.0,0.0,0.0,0.0,0.0,0.0,0.0,0.0,0.0,0.0,0.0,0.0
k__Bacteria|p__Actinobacteria|c__Actinobacteria|o__Actinomycetales|f__Corynebacteriaceae|g__Corynebacterium|s__unclassified,0.0,0.0,0.0,0.0,0.0,0.0,0.0,0.0,0.0,0.0,0.0,0.0,0.0,0.0,0.0,0.0,0.0,0.0,0.0,0.0,0.0,0.0,0.0,0.0,0.0,0.0,0.0,0.0,0.0,0.0,0.0,0.0,0.0,0.0,0.0,0.0,0.0,0.0,0.0,0.0,0.0,0.0,0.0,0.0,0.0,0.0,0.0,0.0,0.0,0.0,0.0,0.0,0.0,0.0,0.0,0.0,0.0,0.0,0.0,0.0,0.0,0.0,0.0,0.0,0.0,0.0,0.0,0.0,0.0,0.0,0.0,0.0,0.0,0.0,0.0,0.0,0.0,0.0,0.0,0.0,0.0,0.0,0.0,0.0,0.0,0.0,0.0,0.0,0.0,0.0,0.0,0.0,0.0,0.0,0.0,0.0,0.0,0.0,0.0,0.0,0.0,0.0,0.0,0.0,0.0,0.0,0.0,0.0,0.0,0.0,0.0,0.0,0.0,0.0,0.0,0.0,0.0,0.0,0.0,0.0,0.0,0.0,0.0,0.0,0.0,0.0,0.0,0.0,0.0,0.0,0.0,0.0,0.0,0.0,0.0,0.0,0.0,0.0,0.0,0.0,0.0,0.0,0.0,0.0,0.0
k__Bacteria|p__Actinobacteria|c__Actinobacteria|o__Actinomycetales|f__Micrococcaceae|g__Rothia|s__mucilaginosa,0.0,0.0,0.0,0.0,0.0,0.0,0.0,0.0,0.0,0.0,0.0,0.0,0.0,0.0,0.0,0.045074288,0.0,0.018659163,0.0,0.0,0.0,0.0,0.0,0.0,0.0,0.0,0.0,0.021691447,0.0,0.026180824,0.04032675,0.0,0.0,0.0,0.0,0.0,0.0,0.0,0.0,0.0,0.0,0.0,0.0,0.0,0.0,0.0,0.0,0.0,0.0,0.0,0.0,0.0,0.0,0.0,0.0,0.0,0.0,0.0,0.0,0.0,0.0,0.0,0.0,0.0,0.0,0.0,0.0,0.0,0.0,0.0,0.0,0.0,0.0,0.0,0.0,0.0,0.0,0.0,0.0,0.0,0.0,0.02153973,0.0,0.0,0.0,0.0,0.07121474,0.0,0.0,0.0,0.0,0.0,0.0,0.0,0.0,0.0,0.0,0.0,0.0,0.0,0.0,0.0,0.0,0.0,0.0,0.0,0.0,0.0,0.0,0.0,0.0,0.0,0.0,0.0,0.0,0.0,0.0,0.0,0.0,0.0,0.0,0.0,0.0,0.0,0.0,0.0,0.0,0.0,0.0,0.0,0.0,0.0,0.0,0.0,0.0,0.0,0.0,0.0,0.0,0.0,0.0,0.0,0.0,0.0,0.0
k__Bacteria|p__Actinobacteria|c__Actinobacteria|o__Actinomycetales|f__Actinomycetaceae|g__Actinomyces|s__unclassified,0.0,0.0,0.0,0.0,0.0,0.0,0.0,0.0,0.0,0.0,0.0,0.0,0.0,0.0,0.0,0.0,0.0,0.0,0.0,0.0,0.0,0.0,0.0,0.0,0.0,0.034092434,0.0,0.0,0.0,0.0,0.0,0.0,0.0,0.0,0.0,0.0,0.0,0.0,0.0,0.0,0.0,0.0,0.0,0.0,0.0,0.06730669,0.0,0.0,0.0,0.0,0.0,0.0,0.0,0.0,0.0,0.0,0.0,0.0,0.0,0.0,0.0,0.0,0.0,0.0,0.018964058,0.05112651,0.052942745,0.0,0.0,0.0,0.0,0.0,0.0,0.0,0.0,0.0,0.0,0.0,0.0,0.0,0.0,0.0,0.0,0.0,0.0,0.0,0.0,0.0,0.0,0.0,0.0,0.0,0.0,0.0,0.0,0.0,0.0,0.0,0.0,0.0,0.0,0.044253994,0.0,0.0,0.0,0.0,0.0,0.0,0.0,0.0,0.0,0.0,0.0,0.0,0.0,0.0,0.0,0.0,0.0,0.0,0.0,0.0,0.0,0.0,0.0,0.0,0.0,0.0,0.0,0.0,0.0,0.0,0.024500737,0.0,0.0,0.0,0.0,0.0,0.0,0.0,0.0,0.0,0.0,0.0,0.0
k__Bacteria|p__Actinobacteria|c__Actinobacteria|o__Bifidobacteriales|f__Bifidobacteriaceae|g__Bifidobacterium|s__longum,0.0897574,0.03850502,0.03456024,0.0,0.026700893,0.054717004,0.024501918,0.032152176,0.032628287,0.031865742,0.089527026,0.052913457,0.028820341,0.0,0.02992713,0.076279975,0.035142973,0.025426518,0.051861964,0.033236414,0.08926676,0.04769821,0.030719833,0.027000906,0.032122668,0.040245514,0.030065658,0.024999555,0.021920757,0.033932287,0.042470813,0.044479642,0.06746113,0.03204451,0.03414051,0.06677264,0.056444205,0.019399012,0.021696456,0.02525952,0.065511875,0.032970317,0.032060884,0.031742997,0.02148134,0.083606996,0.068744004,0.03834554,0.027526535,0.024380302,0.05522229,0.0,0.060681466,0.026038991,0.027525093,0.0,0.032387763,0.02398613,0.0,0.019041749,0.083371036,0.04001485,0.031064827,0.022292191,0.019286845,0.05747184,0.055751625,0.033186834,0.03175359,0.02942123,0.07516026,0.033340394,0.032789297,0.030409206,0.026375296,0.0,0.0,0.0,0.029886791,0.027071247,0.089224674,0.025939578,0.028257202,0.02451221,0.024929656,0.090036646,0.10234064,0.027173383,0.0,0.023698289,0.09034713,0.0635682,0.02593103,0.03350243,0.030621646,0.07346925,0.035689987,0.04478753,0.02387286,0.02308843,0.06518057,0.062606215,0.040163655,0.034440953,0.030584171,0.077973545,0.04277124,0.021799862,0.024210943,0.032827973,0.09000694,0.023878148,0.023636747,0.033193007,0.03224682,0.116854936,0.04593114,0.031930115,0.045882486,0.029729705,0.03459404,0.053251266,0.027131837,0.03269258,0.032046206,0.09044082,0.04740083,0.02693543,0.033384606,0.031954207,0.061075717,0.062454693,0.024636202,0.03397877,0.026735013,0.0,0.0,0.027761964,0.0,0.0193497,0.06774052,0.08855082,0.024597585,0.033170287,0.0
k__Bacteria|p__Actinobacteria|c__Actinobacteria|o__Bifidobacteriales|f__Bifidobacteriaceae|g__Bifidobacterium|s__adolescentis,0.084669724,0.0,0.0,0.0,0.0,0.042816237,0.025167463,0.027852632,0.025028056,0.028492274,0.084308125,0.0,0.0,0.0,0.02564988,0.046681553,0.033971548,0.024630407,0.035961658,0.0,0.08311645,0.024529181,0.0,0.025072433,0.0,0.034112122,0.0,0.024406614,0.0,0.0,0.04034333,0.0,0.063366026,0.0,0.0,0.0,0.033068962,0.0,0.021699198,0.025277432,0.061800037,0.0,0.028983327,0.0,0.0,0.06754672,0.051633555,0.031904574,0.0,0.026939513,0.05616514,0.0,0.06354903,0.0,0.0,0.0,0.027925715,0.024990283,0.0,0.018990858,0.07988046,0.03839543,0.02916824,0.023153134,0.01971174,0.0,0.0,0.028036017,0.0,0.028550263,0.0,0.0,0.0,0.0,0.026482139,0.0,0.0,0.0,0.0,0.026851185,0.08317171,0.024811527,0.026724085,0.023898229,0.02506303,0.08416303,0.0713837,0.027018825,0.0,0.023506314,0.08294982,0.0,0.0,0.0,0.0,0.04452695,0.031026695,0.07604317,0.021859098,0.0,0.058206778,0.044571575,0.031774428,0.0,0.0,0.0,0.023035422,0.0,0.0,0.0,0.08322537,0.032377955,0.023509135,0.027051965,0.0,0.11583409,0.043944273,0.0,0.034355476,0.0,0.03219085,0.04932145,0.02724861,0.0,0.0,0.08413842,0.04046221,0.02860354,0.0,0.0,0.05448338,0.056752402,0.024387412,0.0,0.0,0.0,0.0,0.028113795,0.0,0.020022232,0.06683189,0.08331005,0.021740472,0.0,0.0
k__Bacteria|p__Actinobacteria|c__Actinobacteria|o__Bifidobacteriales|f__Bifidobacteriaceae|g__Bifidobacterium|s__unclassified,0.08552593,0.043830164,0.035224933,0.0,0.031390116,0.04220061,0.0,0.03194435,0.032235283,0.03222047,0.08549104,0.044542763,0.028998582,0.029659739,0.025714658,0.046551175,0.029604157,0.024358887,0.043782085,0.034116372,0.08604006,0.030418789,0.0,0.027498292,0.0320639,0.034817677,0.030970057,0.025113966,0.025023645,0.038993377,0.050446942,0.0,0.06638534,0.03229854,0.0,0.07079399,0.033140123,0.023458652,0.023075588,0.025924504,0.06512444,0.04410145,0.03228521,0.031900104,0.022930179,0.06784081,0.05207678,0.031699996,0.027176473,0.023353465,0.05616514,0.0,0.07180971,0.0,0.027821178,0.0,0.02892149,0.026381098,0.029927861,0.020121405,0.07980527,0.039410647,0.031650797,0.026587343,0.018944295,0.0512391,0.0,0.033302188,0.032286927,0.028623033,0.062959515,0.033066656,0.033571996,0.03062747,0.02871455,0.0,0.0,0.0,0.0,0.029697927,0.08607423,0.02554398,0.028627852,0.0,0.0,0.08544941,0.071409695,0.026326623,0.02409984,0.026949704,0.08554135,0.06516791,0.029902466,0.0,0.0,0.0454456,0.0,0.04479933,0.025538564,0.022865126,0.059828334,0.044475336,0.03226555,0.035423074,0.030811641,0.06152982,0.022824973,0.021167472,0.024926344,0.032852586,0.08585536,0.025405506,0.0,0.033291467,0.03231532,0.11600744,0.04452016,0.0,0.034115713,0.031272724,0.03562121,0.052281298,0.027209686,0.03334575,0.032193005,0.085621834,0.04050238,0.02293241,0.034078836,0.03246781,0.054717984,0.06057746,0.037717845,0.034807235,0.025370646,0.057720676,0.041684076,0.0,0.0,0.0,0.0,0.08564298,0.021762708,0.033814643,0.0
k__Bacteria|p__Cyanobacteria|c__4C0d-2|o__YS2|f__unclassified|g__unclassified|s__unclassified,0.0,0.0,0.0,0.0,0.0,0.0,0.0,0.0,0.0,0.0,0.0,0.0,0.0,0.0,0.0,0.0,0.0,0.0,0.0,0.0,0.0,0.0,0.0,0.0,0.0,0.0,0.0,0.0,0.021014068,0.0,0.0,0.0,0.0,0.0,0.0,0.0,0.0,0.01957238,0.0,0.027417919,0.0,0.0,0.0,0.0,0.020823764,0.0,0.0,0.0,0.0,0.0,0.0,0.0,0.0,0.0,0.0,0.0,0.0,0.0,0.0,0.0,0.0,0.0,0.0,0.0,0.0,0.0,0.0,0.0,0.0,0.0,0.0,0.0,0.0,0.0,0.0,0.0,0.0,0.0,0.0,0.0,0.0,0.0,0.0,0.0,0.0,0.0,0.0,0.02553402,0.02542691,0.023503885,0.0,0.0,0.0,0.0,0.0,0.0,0.0,0.0,0.0,0.0,0.0,0.0,0.0,0.0,0.0,0.0,0.0,0.0,0.0,0.0,0.0,0.0,0.0,0.0,0.0,0.0,0.0,0.0,0.0,0.0,0.0,0.0,0.0,0.0,0.0,0.0,0.0,0.0,0.0,0.0,0.0,0.0,0.0,0.0,0.0,0.0,0.0,0.0,0.0337859,0.0,0.0,0.0,0.0,0.0,0.0
k__Bacteria|p__Cyanobacteria|c__Chloroplast|o__Streptophyta|f__unclassified|g__unclassified|s__unclassified,0.0,0.0,0.0,0.0,0.0,0.0,0.0,0.0,0.0,0.0,0.0,0.0,0.0,0.0,0.0,0.0,0.0,0.018845692,0.0,0.0,0.0,0.024120316,0.0,0.0,0.0,0.0,0.0,0.02194925,0.020827694,0.029330688,0.0,0.0,0.0,0.0,0.0,0.0,0.0,0.02075813,0.0,0.0,0.0,0.0,0.0,0.0,0.0,0.0,0.0,0.0,0.0,0.0,0.0,0.0,0.0,0.0,0.0,0.0,0.0,0.0,0.0,0.0,0.0,0.034437716,0.0,0.0,0.0,0.0,0.0,0.0,0.0,0.0,0.0,0.0,0.0,0.0,0.0,0.0,0.0,0.0,0.0,0.0,0.0,0.021778457,0.025806338,0.023508986,0.0,0.0,0.0,0.0,0.0,0.0,0.0,0.0,0.0,0.0,0.0,0.0,0.0,0.0,0.0,0.0,0.0,0.0,0.0,0.0,0.0,0.0,0.0,0.0,0.0,0.0,0.0,0.0,0.0,0.0,0.0,0.0,0.037605368,0.0,0.0,0.0,0.0,0.0,0.0,0.0,0.0,0.0,0.0,0.0,0.0,0.0,0.0,0.0,0.024136018,0.0,0.0,0.0,0.0,0.0,0.0,0.018979011,0.0,0.0,0.02167377,0.0,0.0
k__Bacteria|p__Fusobacteria|c__Fusobacteria|o__Fusobacteriales|f__Fusobacteriaceae|g__Fusobacterium|s__unclassified,0.0,0.0,0.0,0.0,0.0,0.0,0.0,0.0,0.0,0.0,0.0,0.0,0.0,0.0,0.0,0.0,0.0,0.01845623,0.0,0.0,0.0,0.024061907,0.029599821,0.0,0.0,0.03478814,0.0,0.0,0.0,0.0,0.0,0.0,0.0,0.0,0.0,0.0,0.0,0.0,0.0,0.0,0.0,0.0,0.0,0.0,0.0,0.0,0.0,0.0,0.0,0.0,0.0,0.0,0.0,0.0,0.0,0.0,0.0,0.0,0.0,0.0,0.0,0.0,0.0,0.0,0.0,0.0,0.0,0.0,0.0,0.0,0.0,0.0,0.0,0.0,0.0,0.0,0.0,0.0,0.0,0.0,0.0,0.0,0.0,0.0,0.0,0.0,0.0,0.0,0.0,0.0,0.0,0.0,0.0,0.0,0.0,0.0,0.030835455,0.0,0.0,0.0,0.0,0.0,0.0,0.0,0.0,0.0,0.0,0.0,0.0,0.0,0.0,0.0,0.0,0.0,0.0,0.0,0.0,0.0,0.0,0.0,0.0,0.0,0.0,0.0,0.0,0.0,0.0,0.0,0.0,0.0,0.0,0.0,0.0,0.0,0.0,0.0,0.0,0.027702425,0.0,0.0,0.0,0.0,0.0,0.0,0.0
k__Bacteria|p__Fusobacteria|c__Fusobacteria|o__Fusobacteriales|f__Fusobacteriaceae|g__unclassified|s__unclassified,0.0,0.0,0.0,0.0,0.0,0.0,0.0,0.0,0.0,0.0,0.0,0.0,0.0,0.0,0.0,0.0,0.0,0.018913953,0.0,0.0,0.0,0.0,0.0,0.0,0.0,0.0,0.0,0.021962509,0.0,0.0,0.0,0.0,0.0,0.0,0.0,0.0,0.0,0.0,0.0,0.0,0.0,0.0,0.0,0.0,0.0,0.0,0.0,0.0,0.0,0.0,0.0,0.0,0.0,0.0,0.028035022,0.0,0.025256675,0.021301454,0.0,0.018918078,0.0,0.034473617,0.0,0.0,0.0,0.0,0.0,0.0,0.0,0.0,0.0,0.029904729,0.0,0.0,0.027755795,0.0,0.0,0.0,0.0,0.0,0.0,0.021822559,0.02583788,0.0,0.0,0.0,0.0,0.0,0.0,0.0,0.0,0.0,0.0,0.0,0.0,0.0,0.0,0.0,0.0,0.0,0.0,0.0,0.0,0.0,0.0,0.0,0.0,0.0,0.0,0.0,0.0,0.0,0.0,0.0,0.0,0.0,0.037619155,0.0,0.0,0.0,0.0,0.0,0.0,0.0,0.0,0.0,0.0,0.0,0.0,0.0,0.0,0.0,0.0,0.0,0.0,0.0,0.042934954,0.046631012,0.0,0.0,0.0,0.0,0.0,0.0,0.0
k__Bacteria|p__Tenericutes|c__Mollicutes|o__RF39|f__unclassified|g__unclassified|s__unclassified,0.0,0.0,0.0,0.0,0.0,0.0,0.0,0.0,0.0,0.0,0.0,0.0,0.0,0.0,0.0,0.0,0.0,0.018655825,0.0,0.0,0.0,0.0,0.0,0.0,0.0,0.0,0.0,0.021751417,0.0,0.0,0.0,0.0,0.0,0.0,0.0,0.0,0.0,0.0,0.0,0.0,0.0,0.0,0.0,0.0,0.020802084,0.0,0.0,0.0,0.0,0.0,0.0,0.0,0.0,0.0,0.0,0.0,0.0,0.0,0.0,0.018919172,0.0,0.0,0.0,0.0,0.019672217,0.0,0.0,0.0,0.0,0.0,0.0,0.0,0.0,0.0,0.0,0.0,0.0,0.0,0.0,0.0,0.0,0.02153837,0.0,0.0,0.0,0.0,0.0,0.0,0.023968501,0.023462573,0.0,0.0,0.0,0.0,0.0,0.0,0.0,0.0,0.0,0.0,0.0,0.0,0.0,0.0,0.0,0.0,0.0,0.0,0.0,0.0,0.0,0.0,0.0,0.0,0.0,0.0,0.0,0.0,0.0,0.0,0.0,0.0,0.027112374,0.0,0.0,0.0,0.0,0.0,0.0,0.0,0.0,0.0,0.0,0.0,0.024617216,0.0,0.0,0.0,0.033781234,0.018941943,0.0,0.0,0.0,0.0,0.0
k__Bacteria|p__Verrucomicrobia|c__Verrucomicrobiae|o__Verrucomicrobiales|f__Verrucomicrobiaceae|g__Akkermansia|s__muciniphila,0.0,0.0,0.0,0.0,0.0,0.0,0.0,0.0,0.0,0.0,0.0,0.0,0.0,0.0,0.072701484,0.0,0.029457554,0.0,0.0,0.0,0.0,0.0,0.0,0.0,0.0,0.0,0.0,0.021541638,0.020767247,0.0,0.0,0.0,0.0,0.0,0.034049507,0.0,0.0,0.0,0.0,0.0,0.0,0.0,0.0,0.0,0.0,0.0,0.0,0.0,0.0,0.0,0.0,0.0,0.0,0.0,0.034417342,0.0,0.029049417,0.023062766,0.03245791,0.021746088,0.0,0.0,0.0,0.02133346,0.021006186,0.0,0.0,0.0,0.0,0.032059144,0.0,0.02987959,0.0,0.0,0.0,0.0,0.0,0.0,0.0,0.030236373,0.0,0.0,0.0,0.025232773,0.025119716,0.0,0.0,0.027528733,0.0,0.023671558,0.0,0.0,0.0,0.032517765,0.0,0.0,0.0,0.0,0.0,0.0,0.0,0.0,0.0,0.0,0.031156385,0.0,0.0,0.021163724,0.028297408,0.0,0.0,0.0,0.024284301,0.0,0.0,0.0,0.0,0.0,0.0,0.0334867,0.0,0.0,0.0,0.0,0.0,0.0,0.0,0.022458958,0.0,0.0,0.0,0.0,0.03796924,0.0,0.030350767,0.0,0.0,0.0,0.03384191,0.021801535,0.0,0.0,0.02723791,0.0,0.0
