#OTU ID,B005.0,B005.1,B005.2,B005.3,B005.4,B005.5,B005.6,B014.0,B014.1,B014.2,B014.3,B014.4,B014.5,B014.6,B029.0,B029.1,B029.2,B029.3,B029.4,B029.5,B029.6,B043.0,B043.1,B043.2,B043.3,B043.4,B043.5,B043.6,B044.0,B044.1,B044.2,B044.3,B044.4,B044.5,B044.6,B061.0,B061.1,B061.2,B061.3,B061.4,B061.5,B061.6,B063.0,B063.1,B063.2,B063.3,B063.4,B063.5,B063.6,B069.0,B069.1,B069.2,B069.3,B069.4,B069.5,B069.6,B103.0,B103.1,B103.2,B103.3,B103.4,B103.5,B103.6,B109.0,B109.1,B109.2,B109.3,B109.4,B109.5,B109.6,B122.0,B122.1,B122.2,B122.3,B122.4,B122.5,B122.6,B123.0,B123.1,B123.2,B123.3,B123.4,B123.5,B123.6,B125.0,B125.1,B125.2,B125.3,B125.4,B125.5,B125.6,B148.0,B148.1,B148.2,B148.3,B148.4,B148.5,B148.6,B151.0,B151.1,B151.2,B151.3,B151.4,B151.5,B151.6,B165.0,B165.1,B165.2,B165.3,B165.4,B165.5,B165.6,B168.0,B168.1,B168.2,B168.3,B168.4,B168.5,B168.6,B177.0,B177.1,B177.2,B177.3,B177.4,B177.5,B177.6,B185.0,B185.1,B185.2,B185.3,B185.4,B185.5,B185.6,B193.0,B193.1,B193.2,B193.3,B193.4,B193.5,B193.6,B198.0,B198.1,B198.2,B198.3,B198.4,B198.5,B198.6,B211.0,B211.1,B211.2,B211.3,B211.4,B211.5,B211.6,B221.0,B221.1,B221.2,B221.3,B221.4,B221.5,B221.6,B224.0,B224.1,B224.2,B224.3,B224.4,B224.5,B224.6,B228.0,B228.1,B228.2,B228.3,B228.4,B228.5,B228.6,B236.0,B236.1,B236.2,B236.3,B236.4,B236.5,B236.6,B272.0,B272.1,B272.2,B272.3,B272.4,B272.5,B272.6,B287.0,B287.1,B287.2,B287.3,B287.4,B287.5,B287.6,B291.0,B291.1,B291.2,B291.3,B291.4,B291.5,B291.6,B295.0,B295.1,B295.2,B295.3,B295.4,B295.5,B295.6,B301.0,B301.1,B301.2,B301.3,B301.4,B301.5,B301.6,B325.0,B325.1,B325.2,B325.3,B325.4,B325.5,B325.6,B327.0,B327.1,B327.2,B327.3,B327.4,B327.5,B327.6,B334.0,B334.1,B334.2,B334.3,B334.4,B334.5,B334.6,B336.0,B336.1,B336.2,B336.3,B336.4,B336.5,B336.6,B358.0,B358.1,B358.2,B358.3,B358.4,B358.5,B358.6,B363.0,B363.1,B363.2,B363.3,B363.4,B363.5,B363.6,B364.0,B364.1,B364.2,B364.3,B364.4,B364.5,B364.6,B375.0,B375.1,B375.2,B375.3,B375.4,B375.5,B375.6,B379.0,B379.1,B379.2,B379.3,B379.4,B379.5,B379.6,B400.0,B400.1,B400.2,B400.3,B400.4,B400.5,B400.6,B426.0,B426.1,B426.2,B426.3,B426.4,B426.5,B426.6,B438.0,B438.1,B438.2,B438.3,B438.4,B438.5,B438.6,B440.0,B440.1,B440.2,B440.3,B440.4,B440.5,B440.6,B461.0,B461.1,B461.2,B461.3,B461.4,B461.5,B461.6,B511.0,B511.1,B511.2,B511.3,B511.4,B511.5,B511.6,B522.0,B522.1,B522.2,B522.3,B522.4,B522.5,B522.6,B562.0,B562.1,B562.2,B562.3,B562.4,B562.5,B562.6,B576.0,B576.1,B576.2,B576.3,B576.4,B576.5,B576.6,B634.0,B634.1,B634.2,B634.3,B634.4,B634.5,B634.6,B640.0,B640.1,B640.2,B640.3,B640.4,B640.5,B640.6,B651.0,B651.1,B651.2,B651.3,B651.4,B651.5,B651.6,B688.0,B688.1,B688.2,B688.3,B688.4,B688.5,B688.6,B782.0,B782.1,B782.2,B782.3,B782.4,B782.5,B782.6,B809.0,B809.1,B809.2,B809.3,B809.4,B809.5,B809.6,B819.0,B819.1,B819.2,B819.3,B819.4,B819.5,B819.6,B836.0,B836.1,B836.2,B836.3,B836.4,B836.5,B836.6,B853.0,B853.1,B853.2,B853.3,B853.4,B853.5,B853.6,B900.0,B900.1,B900.2,B900.3,B900.4,B900.5,B900.6,B917.0,B917.1,B917.2,B917.3,B917.4,B917.5,B917.6,B928.0,B928.1,B928.2,B928.3,B928.4,B928.5,B928.6,B941.0,B941.1,B941.2,B941.3,B941.4,B941.5,B941.6,B957.0,B957.1,B957.2,B957.3,B957.4,B957.5,B957.6,B972.0,B972.1,B972.2,B972.3,B972.4,B972.5,B972.6,B991.0,B991.1,B991.2,B991.3,B991.4,B991.5,B991.6
k__Bacteria|p__Firmicutes|c__Tissierellia|o__Tissierellia_unclassified|f__Tissierellia_unclassified|g__Ezakiella|s__Ezakiella_SGB6726,-0.1004395,-0.12316422,-0.15532836,-0.1586348,-0.15863505,-0.23867357,-0.1666669,-0.16813041,-0.10929718,-0.22895765,-0.23728925,-0.15533288,-0.22850217,-0.3768707,-0.08556121,-0.15495288,-0.058144663,-0.15482819,-0.15857638,-0.19931981,-0.1978925,-0.13059427,-0.15529963,-0.12711628,-0.20043859,-0.11658599,-0.182019,-0.25032333,-0.1509206,-0.15530437,-0.15142563,-0.10844302,-0.18249588,-0.28454733,-0.15532048,-0.13077155,-0.15533063,-0.22338755,-0.15533322,-0.29867563,-0.15533328,-0.29356226,-0.13012075,-0.15519446,-0.13691942,-0.15532804,-0.23188588,-0.24781659,-0.1296162,-0.13077718,-0.24679694,-0.18279888,-0.25087595,-0.26027086,-0.28621647,-0.27511892,-0.11894142,-0.15525144,-0.040142577,-0.056944285,-0.15465292,-0.11274739,-0.13743341,-0.1306688,-0.15531284,-0.15863064,-0.15863484,-0.15863545,-0.27573854,-0.15529585,-0.13067082,-0.16243835,-0.12334165,-0.14074792,-0.15530111,-0.15887658,-0.14481027,-0.13075688,-0.18691605,-0.14998752,-0.1553219,-0.1586149,-0.15862548,-0.15856431,-0.120334074,-0.13700745,-0.08858878,-0.15531631,-0.19008024,-0.15532681,-0.2004665,-0.11139822,-0.1388583,-0.13027036,-0.1074974,-0.15152657,-0.15523621,-0.15834604,-0.10065024,-0.08152827,-0.09427856,-0.15528269,-0.11960925,-0.15027548,-0.16982608,-0.1185138,-0.15529853,-0.15862913,-0.17738779,-0.15176103,-0.15532951,-0.25953975,-0.17989698,-0.13525523,-0.15532687,-0.15095688,-0.17780018,-0.2009549,-0.15530781,-0.09015879,-0.15505122,-0.12151222,-0.121854745,-0.13997786,-0.21433522,-0.13908121,-0.16057305,-0.15525988,-0.07092635,-0.15474075,-0.15791154,-0.18733518,-0.1550899,-0.13065639,-0.12334781,-0.14100276,-0.1552889,-0.114095174,-0.25318068,-0.26654312,-0.12995693,-0.10945694,-0.15528055,-0.09238048,-0.20963459,-0.15532708,-0.15855663,-0.1302059,-0.15526044,-0.16015086,-0.1553517,-0.15533116,-0.19704957,-0.20616047,-0.12967429,-0.10460003,-0.11361031,-0.10256614,-0.1553242,-0.19495486,-0.15530199,-0.13012958,-0.15518111,-0.041086134,-0.12967405,-0.15533,-0.2300741,-0.1553103,-0.10384405,-0.15401068,-0.0784167,-0.15519774,-0.12766197,-0.15521607,-0.121451,-0.075820275,-0.09192432,-0.101488546,-0.15508151,-0.15854672,-0.12378413,-0.15518582,-0.1410757,-0.13984437,-0.18093297,-0.1553323,-0.25777104,-0.12844054,-0.15524772,-0.13462572,-0.119081676,-0.15530491,-0.15863107,-0.1586326,-0.15863365,-0.19755594,-0.25103784,-0.20219928,-0.19465852,-0.24831252,-0.20506537,-0.22091979,-0.15531841,-0.1303942,-0.11956477,-0.15531383,-0.1586277,-0.20931396,-0.18224281,-0.15530582,-0.32474133,-0.15533054,-0.1586361,-0.15863511,-0.15863475,-0.2185038,-0.15530503,-0.114121355,-0.15530783,-0.15862209,-0.15862791,-0.22984435,-0.1553247,-0.15861143,-0.08963354,-0.15523082,-0.1585907,-0.15860716,-0.15860832,-0.13302092,-0.1051107,-0.14014931,-0.15141064,-0.15839578,-0.15615125,-0.14613561,-0.15532133,-0.12319561,-0.13073136,-0.1552884,-0.15863594,-0.1586355,-0.15863551,-0.15863597,-0.38518023,-0.11451449,-0.15529518,-0.15564899,-0.14443555,-0.16636807,-0.15532625,-0.15856522,-0.12993515,-0.047159404,-0.14989744,-0.14016809,-0.14106366,-0.15519384,-0.19987361,-0.1649412,-0.17166539,-0.15530589,-0.15859711,-0.12722544,-0.14610182,-0.2588673,-0.13054827,-0.15521401,-0.09132757,-0.12832497,-0.13684332,-0.16221203,-0.15659244,-0.13001478,-0.15509456,-0.15854928,-0.15859412,-0.15862498,-0.15740095,-0.19795567,-0.15106063,-0.07294749,-0.2039893,-0.15529588,-0.15859267,-0.104459345,-0.15496726,-0.17466888,-0.13176009,-0.1553024,-0.15109587,-0.10913184,-0.1551517,-0.05825615,-0.14326635,-0.17082691,-0.15524648,-0.18883844,-0.15533157,-0.31316653,-0.1553227,-0.16808087,-0.14331596,-0.15532452,-0.15863281,-0.25088155,-0.15533191,-0.22115314,-0.07562123,-0.086852394,-0.10702289,-0.060967896,-0.14922196,-0.16796505,-0.15746465,-0.22133875,-0.12812386,-0.0969081,-0.16398169,-0.12716047,-0.11335766,-0.18846886,-0.13072498,-0.17755464,-0.0994983,-0.115196005,-0.15524754,-0.11662802,-0.19749595,-0.14526704,-0.12781724,-0.096878245,-0.1552473,-0.15845387,-0.12434345,-0.11230643,-0.063823454,-0.15518302,-0.11419349,-0.10007019,-0.24483351,-0.15533239,-0.1586253,-0.16344379,-0.1759062,-0.12524253,-0.15531889,-0.0782174,-0.19187105,-0.18185812,-0.09859173,-0.11065883,-0.15501928,-0.15833788,-0.083404,-0.1213824,-0.13072303,-0.13855581,-0.19385117,-0.15529823,-0.1586299,-0.19487974,-0.23847799,-0.2432746,-0.13041988,-0.15514332,-0.15860358,-0.14520228,-0.2961179,-0.1553317,-0.19813283,-0.13063619,-0.15527287,-0.060104962,-0.15931924,-0.15533009,-0.2028091,-0.2868003,-0.11816878,-0.14795661,-0.10060286,-0.15518695,-0.13614628,-0.20725825,-0.17393659,-0.125103,-0.15657571,-0.15690626,-0.1553288,-0.15863213,-0.16221246,-0.22200036,-0.13079119,-0.2814266,-0.15533277,-0.1915083,-0.24371436,-0.16952515,-0.15525296,-0.13369927,-0.12557748,-0.15532592,-0.18106565,-0.15533254,-0.18642783,-0.15528083,-0.30462334,-0.15523009,-0.14691104,-0.13029914,-0.1553206,-0.15862074,-0.18915205,-0.13071777,-0.1553252,-0.10481856,-0.1650517,-0.1553232,-0.158634,-0.15860751,-0.13034436,-0.15523535,-0.15860277,-0.15859425,-0.158605,-0.15861246,-0.16505513,-0.17392421,-0.15531904,-0.15862736,-0.15861803,-0.15862784,-0.2025511,-0.15354379,-0.14723541,-0.15440354,-0.11499533,-0.10471026,-0.11893196,-0.15532237,-0.1585632,-0.13068055,-0.19501048,-0.15532961,-0.18738703,-0.11705899,-0.17429145,-0.15532094,-0.06652963,-0.1550954,-0.10737923,-0.124497145,-0.15298569,-0.052188452,-0.26007295
k__Bacteria|p__Firmicutes|c__Bacilli|o__Bacillales|f__Bacillaceae|g__Bacillus|s__Bacillus_sp_AP8,-0.1004395,-0.12316422,-0.15506089,-0.15836096,-0.15836123,-0.23867357,-0.1666669,-0.16813041,-0.10929718,-0.22895765,-0.23728925,-0.15506595,-0.22850217,-0.3768707,-0.08556121,-0.15464771,-0.058144663,-0.15451005,-0.15829569,-0.19931981,-0.1978925,-0.13036045,-0.15502898,-0.12711628,-0.20043859,-0.11658599,-0.182019,-0.25032333,-0.1509206,-0.15503395,-0.15142563,-0.10844302,-0.18249588,-0.28454733,-0.155052,-0.13055238,-0.15506344,-0.22338755,-0.15506634,-0.29867563,-0.1550664,-0.29356226,-0.12984493,-0.1549102,-0.13691942,-0.15506057,-0.23188588,-0.24781659,-0.1296162,-0.13055846,-0.24679694,-0.18279888,-0.25087595,-0.26027086,-0.28621647,-0.27511892,-0.11894142,-0.1549754,-0.040142577,-0.056944285,-0.15430203,-0.11274739,-0.13743341,-0.13044071,-0.1550434,-0.15835634,-0.15836099,-0.15836167,-0.27573854,-0.1550247,-0.13044196,-0.16243835,-0.12334165,-0.14074792,-0.15503055,-0.15887658,-0.14481027,-0.1305368,-0.18691605,-0.14998752,-0.15505373,-0.15833873,-0.15835047,-0.15828212,-0.120334074,-0.13700745,-0.08858878,-0.1550475,-0.19008024,-0.1550592,-0.2004665,-0.11139822,-0.1388583,-0.13027036,-0.1074974,-0.15152657,-0.15495852,-0.15804929,-0.10065024,-0.08152827,-0.09427856,-0.15501025,-0.11960925,-0.15027548,-0.16982608,-0.1185138,-0.15502742,-0.15835464,-0.17738779,-0.15176103,-0.15506217,-0.25953975,-0.17989698,-0.13525523,-0.15505928,-0.15095688,-0.17780018,-0.2009549,-0.15503749,-0.09015879,-0.15475413,-0.12151222,-0.121854745,-0.13997786,-0.21433522,-0.13908121,-0.16057305,-0.15498498,-0.07092635,-0.15440811,-0.15754211,-0.18733518,-0.15478972,-0.13042875,-0.12334781,-0.14100276,-0.15501702,-0.114095174,-0.25318068,-0.26654312,-0.12966995,-0.10945694,-0.15500784,-0.09238048,-0.20963459,-0.15505952,-0.15827185,-0.1299359,-0.1549851,-0.16015086,-0.1553517,-0.15506405,-0.19704957,-0.20616047,-0.12934707,-0.10460003,-0.11361031,-0.10256614,-0.15505634,-0.19495486,-0.15503141,-0.12984996,-0.15489791,-0.041086134,-0.12967405,-0.15506268,-0.2300741,-0.15504056,-0.10384405,-0.15360154,-0.0784167,-0.15491551,-0.12766197,-0.15493605,-0.121451,-0.075820275,-0.09192432,-0.101488546,-0.1547871,-0.15826333,-0.12378413,-0.15490445,-0.1410757,-0.13984437,-0.18093297,-0.1550653,-0.25777104,-0.12844054,-0.1549713,-0.13462572,-0.119081676,-0.15503505,-0.1583568,-0.15835851,-0.15835968,-0.19755594,-0.25103784,-0.20219928,-0.19465852,-0.24831252,-0.20506537,-0.22091979,-0.15504962,-0.13014306,-0.11956477,-0.15504482,-0.158353,-0.20931396,-0.18224281,-0.1550354,-0.32474133,-0.15506336,-0.1583624,-0.15836129,-0.1583609,-0.2185038,-0.15503469,-0.114121355,-0.15503773,-0.15834644,-0.15835325,-0.22984435,-0.1550569,-0.15833461,-0.08963354,-0.15495211,-0.1583122,-0.1583299,-0.15833169,-0.13302092,-0.1051107,-0.14014931,-0.15141064,-0.15839578,-0.15615125,-0.14613561,-0.15505323,-0.12319561,-0.13050777,-0.15501574,-0.15836221,-0.15836173,-0.15836173,-0.15836227,-0.38518023,-0.11451449,-0.15502381,-0.15564899,-0.14443555,-0.16636807,-0.1550585,-0.15828162,-0.12993515,-0.047159404,-0.14892064,-0.14016809,-0.14106366,-0.15491033,-0.19987361,-0.1649412,-0.17166539,-0.15503594,-0.15831938,-0.12722544,-0.14610182,-0.2588673,-0.1303135,-0.15493429,-0.09132757,-0.12832497,-0.13684332,-0.16221203,-0.15659244,-0.12971845,-0.15480012,-0.15826586,-0.15831578,-0.15835005,-0.15740095,-0.19795567,-0.15106063,-0.07294749,-0.2039893,-0.15502438,-0.15831453,-0.104459345,-0.15468074,-0.17466888,-0.13176009,-0.1550323,-0.15109587,-0.10913184,-0.15486473,-0.05825615,-0.14326635,-0.17082691,-0.15496922,-0.18883844,-0.15506446,-0.31316653,-0.15505433,-0.16808087,-0.14331596,-0.15505663,-0.15835868,-0.25088155,-0.15506485,-0.22115314,-0.07562123,-0.086852394,-0.10702289,-0.060967896,-0.14816606,-0.16796505,-0.15746465,-0.22133875,-0.12812386,-0.0969081,-0.16398169,-0.12716047,-0.11335766,-0.18846886,-0.13050152,-0.17755464,-0.0994983,-0.115196005,-0.15497066,-0.11662802,-0.19749595,-0.14526704,-0.12781724,-0.096878245,-0.15497138,-0.15816006,-0.12434345,-0.11230643,-0.063823454,-0.15489972,-0.11419349,-0.10007019,-0.24483351,-0.15506542,-0.1583501,-0.16344379,-0.1759062,-0.12524253,-0.15505041,-0.0782174,-0.19187105,-0.18185812,-0.09859173,-0.11065883,-0.15471798,-0.15803094,-0.083404,-0.1213824,-0.13072303,-0.13855581,-0.19385117,-0.15502697,-0.1583555,-0.19487974,-0.23847799,-0.2432746,-0.13015999,-0.15485506,-0.15832596,-0.14520228,-0.2961179,-0.15506466,-0.19813283,-0.1304059,-0.15499881,-0.060104962,-0.15931924,-0.1550628,-0.2028091,-0.2868003,-0.11816878,-0.14795661,-0.10060286,-0.15490253,-0.13614628,-0.20725825,-0.17393659,-0.125103,-0.15657571,-0.15690626,-0.15506138,-0.15835801,-0.16221246,-0.22200036,-0.13057388,-0.2814266,-0.15506582,-0.1915083,-0.24371436,-0.16952515,-0.15497622,-0.13369927,-0.12557748,-0.15505815,-0.18106565,-0.15506557,-0.18642783,-0.15500689,-0.30462334,-0.15495011,-0.14691104,-0.13029914,-0.15505224,-0.15834534,-0.18915205,-0.13049409,-0.15505743,-0.10481856,-0.1650517,-0.15505506,-0.15836006,-0.15833,-0.13008186,-0.15495774,-0.15832491,-0.15831566,-0.15832746,-0.15833616,-0.16505513,-0.17392421,-0.15505043,-0.15835267,-0.15834218,-0.15835321,-0.2025511,-0.15354379,-0.14723541,-0.15401441,-0.11499533,-0.10471026,-0.11893196,-0.15505423,-0.1582799,-0.13045402,-0.19501048,-0.15506226,-0.18738703,-0.11705899,-0.17429145,-0.15505251,-0.06652963,-0.15480368,-0.10737923,-0.124497145,-0.15298569,-0.052188452,-0.26007295
k__Bacteria|p__Firmicutes|c__Bacilli|o__Lactobacillales|f__Lactobacillaceae|g__Lentilactobacillus|s__Lentilactobacillus_kefiri,-0.1004395,-0.12316422,-0.1554175,-0.15867673,-0.158677,-0.23867357,-0.1666669,-0.16813041,-0.10929718,-0.22895765,-0.23728925,-0.15542214,-0.22850217,-0.3768707,-0.08556121,-0.15502381,-0.058144663,-0.15489008,-0.15861627,-0.19931981,-0.1978925,-0.13102227,-0.15538746,-0.12711628,-0.20043859,-0.11658599,-0.182019,-0.25032333,-0.1509206,-0.15539274,-0.15142563,-0.10844302,-0.18249588,-0.28454733,-0.15540943,-0.13121034,-0.15541978,-0.22338755,-0.15542251,-0.29867563,-0.15542257,-0.29356226,-0.13051172,-0.15528,-0.13691942,-0.15541707,-0.23188588,-0.24781659,-0.1296162,-0.13121662,-0.24679694,-0.18279888,-0.25087595,-0.26027086,-0.28621647,-0.27511892,-0.11894142,-0.15533733,-0.040142577,-0.056944285,-0.15472046,-0.11274739,-0.13743341,-0.13110235,-0.15540156,-0.15867239,-0.1586768,-0.1586774,-0.27573854,-0.15538429,-0.13110445,-0.16243835,-0.12334165,-0.14074792,-0.15538901,-0.15887658,-0.14481027,-0.1311951,-0.18691605,-0.14998752,-0.1554107,-0.15865606,-0.1586672,-0.15860535,-0.120334074,-0.13700745,-0.08858878,-0.15540487,-0.19008024,-0.15541582,-0.2004665,-0.11139822,-0.1388583,-0.13027036,-0.1074974,-0.15152657,-0.15532115,-0.15837744,-0.10065024,-0.08152827,-0.09427856,-0.15536967,-0.11960925,-0.15027548,-0.16982608,-0.1185138,-0.15538676,-0.15867084,-0.17738779,-0.15176103,-0.15541866,-0.25953975,-0.17989698,-0.13525523,-0.15541586,-0.15095688,-0.17780018,-0.2009549,-0.15539703,-0.09015879,-0.15512681,-0.12151222,-0.121854745,-0.13997786,-0.21433522,-0.13908121,-0.16057305,-0.15534571,-0.07092635,-0.15480497,-0.15793848,-0.18733518,-0.15517591,-0.13109031,-0.12334781,-0.14100276,-0.15537629,-0.114095174,-0.25318068,-0.26654312,-0.130326,-0.10945694,-0.1553674,-0.09238048,-0.20963459,-0.15541607,-0.15859818,-0.13059668,-0.1553472,-0.16015086,-0.1553517,-0.15542036,-0.19704957,-0.20616047,-0.1300405,-0.10460003,-0.11361031,-0.10256614,-0.15541303,-0.19495486,-0.15539008,-0.13051552,-0.15526298,-0.041086134,-0.12967405,-0.1554192,-0.2300741,-0.15539894,-0.10384405,-0.15403897,-0.0784167,-0.15528189,-0.12766197,-0.15530023,-0.121451,-0.075820275,-0.09192432,-0.101488546,-0.15515989,-0.15858448,-0.12378413,-0.15527228,-0.1410757,-0.13984437,-0.18093297,-0.15542153,-0.25777104,-0.12844054,-0.15533462,-0.13462572,-0.119081676,-0.15539274,-0.15867288,-0.15867446,-0.15867555,-0.19755594,-0.25103784,-0.20219928,-0.19465852,-0.24831252,-0.20506537,-0.22091979,-0.15540734,-0.13080224,-0.11956477,-0.15540218,-0.15866938,-0.20931396,-0.18224281,-0.15539436,-0.32474133,-0.15541968,-0.15867808,-0.15867704,-0.15867665,-0.2185038,-0.15539403,-0.114121355,-0.15539649,-0.1586639,-0.15866962,-0.22984435,-0.15541357,-0.15865362,-0.08963354,-0.15531653,-0.1586304,-0.15864825,-0.15864886,-0.13302092,-0.1051107,-0.14014931,-0.15141064,-0.15839578,-0.15615125,-0.14613561,-0.15540999,-0.12319561,-0.13116851,-0.15537651,-0.15867792,-0.15867747,-0.15867746,-0.15867794,-0.38518023,-0.11451449,-0.15538299,-0.15564899,-0.14443555,-0.16636807,-0.15541533,-0.1586063,-0.12993515,-0.047159404,-0.14986096,-0.14016809,-0.14106366,-0.15527797,-0.19987361,-0.1649412,-0.17166539,-0.15539396,-0.1586369,-0.12722544,-0.14610182,-0.2588673,-0.13096982,-0.1552979,-0.09132757,-0.12832497,-0.13684332,-0.16221203,-0.15659244,-0.13037376,-0.15517592,-0.1585876,-0.15863419,-0.1586665,-0.15740095,-0.19795567,-0.15106063,-0.07294749,-0.2039893,-0.15538396,-0.15863234,-0.104459345,-0.15504363,-0.17466888,-0.13176009,-0.15539005,-0.15109587,-0.10913184,-0.15523365,-0.05825615,-0.14326635,-0.17082691,-0.15533265,-0.18883844,-0.15542078,-0.31316653,-0.15541187,-0.16808087,-0.14331596,-0.15541342,-0.15867472,-0.25088155,-0.15542117,-0.22115314,-0.07562123,-0.086852394,-0.10702289,-0.060967896,-0.14915773,-0.16796505,-0.15746465,-0.22133875,-0.12812386,-0.0969081,-0.16398169,-0.12716047,-0.11335766,-0.18846886,-0.13116094,-0.17755464,-0.0994983,-0.115196005,-0.1553335,-0.11662802,-0.19749595,-0.14526704,-0.12781724,-0.096878245,-0.15533221,-0.15848784,-0.12434345,-0.11230643,-0.063823454,-0.15526596,-0.11419349,-0.10007019,-0.24483351,-0.15542161,-0.15866715,-0.16344379,-0.1759062,-0.12524253,-0.15540749,-0.0782174,-0.19187105,-0.18185812,-0.09859173,-0.11065883,-0.15509379,-0.15836681,-0.083404,-0.1213824,-0.13072303,-0.13855581,-0.19385117,-0.15538651,-0.15867165,-0.19487974,-0.23847799,-0.2432746,-0.13082905,-0.15522456,-0.15864444,-0.14520228,-0.2961179,-0.1554209,-0.19813283,-0.1310671,-0.1553601,-0.060104962,-0.15931924,-0.15541926,-0.2028091,-0.2868003,-0.11816878,-0.14795661,-0.10060286,-0.15527132,-0.13614628,-0.20725825,-0.17393659,-0.125103,-0.15657571,-0.15690626,-0.15541792,-0.15867397,-0.16221246,-0.22200036,-0.13123128,-0.2814266,-0.15542203,-0.1915083,-0.24371436,-0.16952515,-0.15534107,-0.13369927,-0.12557748,-0.15541495,-0.18106565,-0.15542176,-0.18642783,-0.15536946,-0.30462334,-0.1553165,-0.14691104,-0.13029914,-0.1554094,-0.15866205,-0.18915205,-0.1311534,-0.15541413,-0.10481856,-0.1650517,-0.15541223,-0.15867592,-0.15864913,-0.13073923,-0.15532014,-0.15864384,-0.1586348,-0.15864608,-0.1586535,-0.16505513,-0.17392421,-0.15540788,-0.15866897,-0.15865937,-0.15866944,-0.2025511,-0.15354379,-0.14723541,-0.15447211,-0.11499533,-0.10471026,-0.11893196,-0.15541124,-0.1586037,-0.13111304,-0.19501048,-0.1554188,-0.18738703,-0.11705899,-0.17429145,-0.15540993,-0.06652963,-0.1551736,-0.10737923,-0.124497145,-0.15298569,-0.052188452,-0.26007295
k__Bacteria|p__Firmicutes|c__Tissierellia|o__Tissierellales|f__Peptoniphilaceae|g__Peptoniphilus|s__Peptoniphilus_pacaensis,-0.1004395,-0.12316422,-0.15516505,-0.1584729,-0.15847318,-0.23867357,-0.1666669,-0.16813041,-0.10929718,-0.22895765,-0.23728925,-0.15517,-0.22850217,-0.3768707,-0.08556121,-0.1547546,-0.058144663,-0.15462086,-0.15840891,-0.19931981,-0.1978925,-0.13040282,-0.15513372,-0.12711628,-0.20043859,-0.11658599,-0.182019,-0.25032333,-0.1509206,-0.15513876,-0.15142563,-0.10844302,-0.18249588,-0.28454733,-0.15515646,-0.13059801,-0.15516753,-0.22338755,-0.15517037,-0.29867563,-0.15517044,-0.29356226,-0.12988606,-0.15501826,-0.13691942,-0.15516472,-0.23188588,-0.24781659,-0.1296162,-0.13060431,-0.24679694,-0.18279888,-0.25087595,-0.26027086,-0.28621647,-0.27511892,-0.11894142,-0.15508099,-0.040142577,-0.056944285,-0.1544247,-0.11274739,-0.13743341,-0.13048366,-0.155148,-0.15846837,-0.15847293,-0.15847361,-0.27573854,-0.15512887,-0.1304873,-0.16243835,-0.12334165,-0.14074792,-0.1551353,-0.15887658,-0.14481027,-0.13058247,-0.18691605,-0.14998752,-0.15515798,-0.15845111,-0.15846264,-0.15839456,-0.120334074,-0.13700745,-0.08858878,-0.15515192,-0.19008024,-0.15516338,-0.2004665,-0.11139822,-0.1388583,-0.13027036,-0.1074974,-0.15152657,-0.1550645,-0.15815282,-0.10065024,-0.08152827,-0.09427856,-0.15511525,-0.11960925,-0.15027548,-0.16982608,-0.1185138,-0.15513232,-0.1584667,-0.17738779,-0.15176103,-0.1551663,-0.25953975,-0.17989698,-0.13525523,-0.15516345,-0.15095688,-0.17780018,-0.2009549,-0.15514216,-0.09015879,-0.15486297,-0.12151222,-0.121854745,-0.13997786,-0.21433522,-0.13908121,-0.16057305,-0.15509027,-0.07092635,-0.15452194,-0.15767688,-0.18733518,-0.15490073,-0.13047066,-0.12334781,-0.14100276,-0.15512195,-0.114095174,-0.25318068,-0.26654312,-0.12967245,-0.10945694,-0.1551129,-0.09238048,-0.20963459,-0.15516368,-0.15838638,-0.12995452,-0.1550906,-0.16015086,-0.1553517,-0.15516812,-0.19704957,-0.20616047,-0.12937042,-0.10460003,-0.11361031,-0.10256614,-0.15516055,-0.19495486,-0.15513596,-0.12986884,-0.15500441,-0.041086134,-0.12967405,-0.15516683,-0.2300741,-0.1551452,-0.10384405,-0.15371546,-0.0784167,-0.15502176,-0.12766197,-0.15504238,-0.121451,-0.075820275,-0.09192432,-0.101488546,-0.15489525,-0.15837681,-0.12378413,-0.15500762,-0.1410757,-0.13984437,-0.18093297,-0.15516935,-0.25777104,-0.12844054,-0.15507609,-0.13462572,-0.119081676,-0.15513954,-0.15846883,-0.1584705,-0.15847164,-0.19755594,-0.25103784,-0.20219928,-0.19465852,-0.24831252,-0.20506537,-0.22091979,-0.15515403,-0.13016823,-0.11956477,-0.15514924,-0.15846512,-0.20931396,-0.18224281,-0.1551401,-0.32474133,-0.15516746,-0.15847431,-0.15847322,-0.15847284,-0.2185038,-0.15513909,-0.114121355,-0.15514246,-0.15845883,-0.15846534,-0.22984435,-0.15516108,-0.15844694,-0.08963354,-0.1550583,-0.15842488,-0.15844259,-0.1584441,-0.13302092,-0.1051107,-0.14014931,-0.15141064,-0.15839578,-0.15615125,-0.14613561,-0.15515748,-0.12319561,-0.13055381,-0.15512115,-0.15847413,-0.15847366,-0.15847367,-0.15847418,-0.38518023,-0.11451449,-0.15512875,-0.15564899,-0.14443555,-0.16636807,-0.15516272,-0.15839583,-0.12993515,-0.047159404,-0.14919367,-0.14016809,-0.14106366,-0.15501785,-0.19987361,-0.1649412,-0.17166539,-0.15514055,-0.15843195,-0.12722544,-0.14610182,-0.2588673,-0.13034642,-0.15504026,-0.09132757,-0.12832497,-0.13684332,-0.16221203,-0.15659244,-0.1297102,-0.15490842,-0.15837945,-0.15842849,-0.15846217,-0.15740095,-0.19795567,-0.15106063,-0.07294749,-0.2039893,-0.15512943,-0.15842699,-0.104459345,-0.15475664,-0.17466888,-0.13176009,-0.15513688,-0.15109587,-0.10913184,-0.15497166,-0.05825615,-0.14326635,-0.17082691,-0.15507543,-0.18883844,-0.15516856,-0.31316653,-0.15515868,-0.16808087,-0.14331596,-0.15516087,-0.15847069,-0.25088155,-0.15516892,-0.22115314,-0.07562123,-0.086852394,-0.10702289,-0.060967896,-0.1484549,-0.16796505,-0.15746465,-0.22133875,-0.12812386,-0.0969081,-0.16398169,-0.12716047,-0.11335766,-0.18846886,-0.13054651,-0.17755464,-0.0994983,-0.115196005,-0.15507665,-0.11662802,-0.19749595,-0.14526704,-0.12781724,-0.096878245,-0.15507683,-0.1582752,-0.12434345,-0.11230643,-0.063823454,-0.15500607,-0.11419349,-0.10007019,-0.24483351,-0.15516946,-0.15846238,-0.16344379,-0.1759062,-0.12524253,-0.15515473,-0.0782174,-0.19187105,-0.18185812,-0.09859173,-0.11065883,-0.15482771,-0.15814865,-0.083404,-0.1213824,-0.13072303,-0.13855581,-0.19385117,-0.15513198,-0.15846756,-0.19487974,-0.23847799,-0.2432746,-0.13019769,-0.15496284,-0.15843868,-0.14520228,-0.2961179,-0.15516873,-0.19813283,-0.13044712,-0.15510425,-0.060104962,-0.15931924,-0.15516692,-0.2028091,-0.2868003,-0.11816878,-0.14795661,-0.10060286,-0.15501016,-0.13614628,-0.20725825,-0.17393659,-0.125103,-0.15657571,-0.15690626,-0.15516552,-0.15846997,-0.16221246,-0.22200036,-0.13061956,-0.2814266,-0.15516987,-0.1915083,-0.24371436,-0.16952515,-0.15508188,-0.13369927,-0.12557748,-0.15516236,-0.18106565,-0.15516964,-0.18642783,-0.15511256,-0.30462334,-0.15505716,-0.14691104,-0.13029914,-0.15515655,-0.15845755,-0.18915205,-0.1305393,-0.15516163,-0.10481856,-0.1650517,-0.15515938,-0.15847203,-0.15844254,-0.13009667,-0.15506363,-0.15843774,-0.15842852,-0.1584402,-0.15844849,-0.16505513,-0.17392421,-0.15515482,-0.15846477,-0.15845457,-0.1584653,-0.2025511,-0.15354379,-0.14723541,-0.1541479,-0.11499533,-0.10471026,-0.11893196,-0.15515852,-0.1583934,-0.13049826,-0.19501048,-0.15516642,-0.18738703,-0.11705899,-0.17429145,-0.15515676,-0.06652963,-0.15491107,-0.10737923,-0.124497145,-0.15298569,-0.052188452,-0.26007295
k__Bacteria|p__Firmicutes|c__Bacilli|o__Bacillales|f__Staphylococcaceae|g__Macrococcus|s__Macrococcus_caseolyticus,-0.1004395,-0.12316422,-0.15507302,-0.15837447,-0.15837476,-0.23867357,-0.1666669,-0.16813041,-0.10929718,-0.22895765,-0.23728925,-0.15507807,-0.22850217,-0.3768707,-0.08556121,-0.15465516,-0.058144663,-0.1545212,-0.15830925,-0.19931981,-0.1978925,-0.13035843,-0.15504111,-0.12711628,-0.20043859,-0.11658599,-0.182019,-0.25032333,-0.1509206,-0.1550461,-0.15142563,-0.10844302,-0.18249588,-0.28454733,-0.15506402,-0.13055389,-0.15507555,-0.22338755,-0.15507846,-0.29867563,-0.15507852,-0.29356226,-0.12982208,-0.15492252,-0.13691942,-0.15507269,-0.23188588,-0.24781659,-0.1296162,-0.13056009,-0.24679694,-0.18279888,-0.25087595,-0.26027086,-0.28621647,-0.27511892,-0.11894142,-0.15498754,-0.040142577,-0.056944285,-0.15431657,-0.11274739,-0.13743341,-0.13043989,-0.15505558,-0.15836984,-0.15837452,-0.1583752,-0.27573854,-0.15503643,-0.13044152,-0.16243835,-0.12334165,-0.14074792,-0.15504274,-0.15887658,-0.14481027,-0.13053797,-0.18691605,-0.14998752,-0.15506586,-0.15835232,-0.15836401,-0.1582944,-0.120334074,-0.13700745,-0.08858878,-0.15505967,-0.19008024,-0.15507132,-0.2004665,-0.11139822,-0.1388583,-0.13027036,-0.1074974,-0.15152657,-0.15497077,-0.15804793,-0.10065024,-0.08152827,-0.09427856,-0.1550224,-0.11960925,-0.15027548,-0.16982608,-0.1185138,-0.15503961,-0.15836817,-0.17738779,-0.15176103,-0.1550743,-0.25953975,-0.17989698,-0.13525523,-0.1550714,-0.15095688,-0.17780018,-0.2009549,-0.15504935,-0.09015879,-0.15476625,-0.12151222,-0.121854745,-0.13997786,-0.21433522,-0.13908121,-0.16057305,-0.15499714,-0.07092635,-0.15441856,-0.15755859,-0.18733518,-0.15480222,-0.13042495,-0.12334781,-0.14100276,-0.15502924,-0.114095174,-0.25318068,-0.26654312,-0.12964647,-0.10945694,-0.15502003,-0.09238048,-0.20963459,-0.15507163,-0.15828505,-0.12991782,-0.1549972,-0.16015086,-0.1553517,-0.15507618,-0.19704957,-0.20616047,-0.12932412,-0.10460003,-0.11361031,-0.10256614,-0.15506849,-0.19495486,-0.1550433,-0.1298317,-0.15490991,-0.041086134,-0.12967405,-0.15507482,-0.2300741,-0.15505257,-0.10384405,-0.1536066,-0.0784167,-0.15492754,-0.12766197,-0.15494825,-0.121451,-0.075820275,-0.09192432,-0.101488546,-0.15479892,-0.15827687,-0.12378413,-0.15491086,-0.1410757,-0.13984437,-0.18093297,-0.15507741,-0.25777104,-0.12844054,-0.15498242,-0.13462572,-0.119081676,-0.15504718,-0.15837032,-0.15837204,-0.15837319,-0.19755594,-0.25103784,-0.20219928,-0.19465852,-0.24831252,-0.20506537,-0.22091979,-0.15506172,-0.1301307,-0.11956477,-0.15505695,-0.15836653,-0.20931396,-0.18224281,-0.15504727,-0.32474133,-0.15507549,-0.15837592,-0.1583748,-0.15837443,-0.2185038,-0.15504661,-0.114121355,-0.15504992,-0.15836003,-0.15836677,-0.22984435,-0.15506904,-0.15834776,-0.08963354,-0.15496427,-0.15832575,-0.1583435,-0.15834522,-0.13302092,-0.1051107,-0.14014931,-0.15141064,-0.15839578,-0.15615125,-0.14613561,-0.15506536,-0.12319561,-0.13050906,-0.15502806,-0.15837574,-0.15837525,-0.15837526,-0.15837577,-0.38518023,-0.11451449,-0.15503603,-0.15564899,-0.14443555,-0.16636807,-0.15507065,-0.1582953,-0.12993515,-0.047159404,-0.14895426,-0.14016809,-0.14106366,-0.15492287,-0.19987361,-0.1649412,-0.17166539,-0.1550481,-0.15833294,-0.12722544,-0.14610182,-0.2588673,-0.13030873,-0.15494627,-0.09132757,-0.12832497,-0.13684332,-0.16221203,-0.15659244,-0.12969309,-0.15481207,-0.15827948,-0.15832935,-0.15836358,-0.15740095,-0.19795567,-0.15106063,-0.07294749,-0.2039893,-0.15503661,-0.15832803,-0.104459345,-0.15466265,-0.17466888,-0.13176009,-0.15504447,-0.15109587,-0.10913184,-0.15487611,-0.05825615,-0.14326635,-0.17082691,-0.15498155,-0.18883844,-0.1550766,-0.31316653,-0.15506649,-0.16808087,-0.14331596,-0.15506876,-0.1583722,-0.25088155,-0.15507697,-0.22115314,-0.07562123,-0.086852394,-0.10702289,-0.060967896,-0.14820419,-0.16796505,-0.15746465,-0.22133875,-0.12812386,-0.0969081,-0.16398169,-0.12716047,-0.11335766,-0.18846886,-0.1305022,-0.17755464,-0.0994983,-0.115196005,-0.15498295,-0.11662802,-0.19749595,-0.14526704,-0.12781724,-0.096878245,-0.15498349,-0.15817359,-0.12434345,-0.11230643,-0.063823454,-0.15491162,-0.11419349,-0.10007019,-0.24483351,-0.15507752,-0.15836361,-0.16344379,-0.1759062,-0.12524253,-0.15506254,-0.0782174,-0.19187105,-0.18185812,-0.09859173,-0.11065883,-0.15473022,-0.15804455,-0.083404,-0.1213824,-0.13072303,-0.13855581,-0.19385117,-0.1550392,-0.15836903,-0.19487974,-0.23847799,-0.2432746,-0.13015781,-0.15486725,-0.15833956,-0.14520228,-0.2961179,-0.15507677,-0.19813283,-0.13040453,-0.15501098,-0.060104962,-0.15931924,-0.15507492,-0.2028091,-0.2868003,-0.11816878,-0.14795661,-0.10060286,-0.15491492,-0.13614628,-0.20725825,-0.17393659,-0.125103,-0.15657571,-0.15690626,-0.1550735,-0.15837151,-0.16221246,-0.22200036,-0.1305756,-0.2814266,-0.15507793,-0.1915083,-0.24371436,-0.16952515,-0.15498717,-0.13369927,-0.12557748,-0.15507028,-0.18106565,-0.1550777,-0.18642783,-0.15501878,-0.30462334,-0.15496264,-0.14691104,-0.13029914,-0.15506437,-0.15835887,-0.18915205,-0.13049476,-0.15506956,-0.10481856,-0.1650517,-0.1550672,-0.1583736,-0.15834334,-0.13007627,-0.15496992,-0.15833853,-0.15832922,-0.15834105,-0.15834966,-0.16505513,-0.17392421,-0.15506259,-0.1583662,-0.15835576,-0.15836675,-0.2025511,-0.15354379,-0.14723541,-0.15403074,-0.11499533,-0.10471026,-0.11893196,-0.15506637,-0.15829284,-0.13045399,-0.19501048,-0.15507439,-0.18738703,-0.11705899,-0.17429145,-0.15506446,-0.06652963,-0.15481494,-0.10737923,-0.124497145,-0.15298569,-0.052188452,-0.26007295
k__Bacteria|p__Firmicutes|c__Bacilli|o__Bacillales|f__Paenibacillaceae|g__Brevibacillus|s__Brevibacillus_parabrevis,-0.1004395,-0.12316422,-0.15525371,-0.15862188,-0.15862209,-0.23867357,-0.1666669,-0.16813041,-0.10929718,-0.22895765,-0.23728925,-0.15525815,-0.22850217,-0.3768707,-0.08556121,-0.15488578,-0.058144663,-0.1547612,-0.15856415,-0.19931981,-0.1978925,-0.13006797,-0.15522559,-0.12711628,-0.20043859,-0.11658599,-0.182019,-0.25032333,-0.1509206,-0.15523027,-0.15142563,-0.10844302,-0.18249588,-0.28454733,-0.1552467,-0.1302393,-0.15525594,-0.22338755,-0.15525849,-0.29867563,-0.15525857,-0.29356226,-0.12960255,-0.1551219,-0.13691942,-0.15525341,-0.23188588,-0.24781659,-0.1296162,-0.13024452,-0.24679694,-0.18279888,-0.25087595,-0.26027086,-0.28621647,-0.27511892,-0.11894142,-0.15517768,-0.040142577,-0.056944285,-0.15457997,-0.11274739,-0.13743341,-0.13013744,-0.15523821,-0.15861776,-0.1586219,-0.15862253,-0.27573854,-0.15522325,-0.13014053,-0.16243835,-0.12334165,-0.14074792,-0.15522671,-0.15887658,-0.14481027,-0.1302257,-0.18691605,-0.14998752,-0.1552473,-0.15860209,-0.15861255,-0.15855981,-0.120334074,-0.13700745,-0.08858878,-0.15524179,-0.19008024,-0.15525219,-0.2004665,-0.11139822,-0.1388583,-0.13027036,-0.1074974,-0.15152657,-0.15516245,-0.15837115,-0.10065024,-0.08152827,-0.09427856,-0.15520889,-0.11960925,-0.15027548,-0.16982608,-0.1185138,-0.15522438,-0.1586163,-0.17738779,-0.15176103,-0.15525484,-0.25953975,-0.17989698,-0.13525523,-0.15525226,-0.15095688,-0.17780018,-0.2009549,-0.15523505,-0.09015879,-0.15497988,-0.12151222,-0.121854745,-0.13997786,-0.21433522,-0.13908121,-0.16057305,-0.15518628,-0.07092635,-0.15467401,-0.1578975,-0.18733518,-0.15501904,-0.1301232,-0.12334781,-0.14100276,-0.15521467,-0.114095174,-0.25318068,-0.26654312,-0.12942341,-0.10945694,-0.15520653,-0.09238048,-0.20963459,-0.15525243,-0.1585511,-0.12967178,-0.15518689,-0.16015086,-0.1553517,-0.15525648,-0.19704957,-0.20616047,-0.12913993,-0.10460003,-0.11361031,-0.10256614,-0.15524963,-0.19495486,-0.15523009,-0.12959905,-0.15510926,-0.041086134,-0.12967405,-0.15525529,-0.2300741,-0.15523826,-0.10384405,-0.153954,-0.0784167,-0.15512496,-0.12766197,-0.15514256,-0.121451,-0.075820275,-0.09192432,-0.101488546,-0.15500896,-0.15853485,-0.12378413,-0.15512842,-0.1410757,-0.13984437,-0.18093297,-0.15525757,-0.25777104,-0.12844054,-0.155181,-0.13462572,-0.119081676,-0.15523058,-0.15861818,-0.1586197,-0.15862072,-0.19755594,-0.25103784,-0.20219928,-0.19465852,-0.24831252,-0.20506537,-0.22091979,-0.15524441,-0.12985924,-0.11956477,-0.15523946,-0.15861487,-0.20931396,-0.18224281,-0.15523264,-0.32474133,-0.15525585,-0.15862313,-0.15862215,-0.15862182,-0.2185038,-0.15523238,-0.114121355,-0.15523331,-0.15860915,-0.15861511,-0.22984435,-0.1552501,-0.15860018,-0.08963354,-0.15515722,-0.1585784,-0.15859437,-0.15859574,-0.13302092,-0.1051107,-0.14014931,-0.15141064,-0.15839578,-0.15615125,-0.14613561,-0.15524685,-0.12319561,-0.13020019,-0.15521367,-0.15862298,-0.15862256,-0.15862256,-0.15862301,-0.38518023,-0.11451449,-0.15522078,-0.15564899,-0.14443555,-0.16636807,-0.15525156,-0.15855496,-0.12993515,-0.047159404,-0.14981897,-0.14016809,-0.14106366,-0.15511984,-0.19987361,-0.1649412,-0.17166539,-0.15523148,-0.15858474,-0.12722544,-0.14610182,-0.2588673,-0.13002026,-0.15514097,-0.09132757,-0.12832497,-0.13684332,-0.16221203,-0.15659244,-0.12946627,-0.15502265,-0.1585373,-0.15858182,-0.15861219,-0.15740095,-0.19795567,-0.15106063,-0.07294749,-0.2039893,-0.15522131,-0.1585804,-0.104459345,-0.15493043,-0.17466888,-0.13176009,-0.1552282,-0.15109587,-0.10913184,-0.15507975,-0.05825615,-0.14326635,-0.17082691,-0.15517229,-0.18883844,-0.15525684,-0.31316653,-0.15524808,-0.16808087,-0.14331596,-0.15524992,-0.15861988,-0.25088155,-0.1552572,-0.22115314,-0.07562123,-0.086852394,-0.10702289,-0.060967896,-0.14914319,-0.16796505,-0.15746465,-0.22133875,-0.12812386,-0.0969081,-0.16398169,-0.12716047,-0.11335766,-0.18846886,-0.1301945,-0.17755464,-0.0994983,-0.115196005,-0.15517363,-0.11662802,-0.19749595,-0.14526704,-0.12781724,-0.096878245,-0.15517394,-0.15844315,-0.12434345,-0.11230643,-0.063823454,-0.15511023,-0.11419349,-0.10007019,-0.24483351,-0.15525767,-0.15861365,-0.16344379,-0.1759062,-0.12524253,-0.15524435,-0.0782174,-0.19187105,-0.18185812,-0.09859173,-0.11065883,-0.15494817,-0.15832843,-0.083404,-0.1213824,-0.13072303,-0.13855581,-0.19385117,-0.15522373,-0.15861705,-0.19487974,-0.23847799,-0.2432746,-0.12989408,-0.15507051,-0.15859094,-0.14520228,-0.2961179,-0.15525699,-0.19813283,-0.13010792,-0.15519875,-0.060104962,-0.15931924,-0.1552554,-0.2028091,-0.2868003,-0.11816878,-0.14795661,-0.10060286,-0.15511352,-0.13614628,-0.20725825,-0.17393659,-0.125103,-0.15657571,-0.15690626,-0.15525413,-0.15861925,-0.16221246,-0.22200036,-0.13025823,-0.2814266,-0.15525804,-0.1915083,-0.24371436,-0.16952515,-0.1551871,-0.13369927,-0.12557748,-0.15525126,-0.18106565,-0.15525782,-0.18642783,-0.15520918,-0.30462334,-0.15515545,-0.14691104,-0.13029914,-0.15524599,-0.15860799,-0.18915205,-0.13018878,-0.15525067,-0.10481856,-0.1650517,-0.15524854,-0.15862107,-0.1585981,-0.12981847,-0.15516183,-0.15858999,-0.1585816,-0.15859221,-0.15859994,-0.16505513,-0.17392421,-0.1552444,-0.15861449,-0.15860519,-0.15861496,-0.2025511,-0.15354379,-0.14723541,-0.15432702,-0.11499533,-0.10471026,-0.11893196,-0.15524778,-0.158557,-0.1301508,-0.19501048,-0.15525492,-0.18738703,-0.11705899,-0.17429145,-0.15524873,-0.06652963,-0.15502495,-0.10737923,-0.124497145,-0.15298569,-0.052188452,-0.26007295
k__Bacteria|p__Firmicutes|c__Negativicutes|o__Acidaminococcales|f__Acidaminococcaceae|g__GGB4239|s__GGB4239_SGB5731,-0.1004395,-0.12316422,-0.15477592,-0.1581105,-0.15811077,-0.23867357,-0.1666669,-0.16813041,-0.10929718,-0.22895765,-0.23728925,-0.15478033,-0.22850217,-0.3768707,-0.08556121,-0.15441135,-0.058144663,-0.1542898,-0.15805349,-0.19931981,-0.1978925,-0.12984149,-0.15474792,-0.12711628,-0.20043859,-0.11658599,-0.182019,-0.25032333,-0.1509206,-0.15475239,-0.15142563,-0.10844302,-0.18249588,-0.28454733,-0.15476814,-0.13001023,-0.15477812,-0.22338755,-0.15478066,-0.29867563,-0.15478072,-0.29356226,-0.12939468,-0.15464473,-0.13691942,-0.15477562,-0.23188588,-0.24781659,-0.1296162,-0.13001557,-0.24679694,-0.18279888,-0.25087595,-0.26027086,-0.28621647,-0.27511892,-0.11894142,-0.15470107,-0.040142577,-0.056944285,-0.15411468,-0.11274739,-0.13743341,-0.12991266,-0.1547607,-0.15810646,-0.15811056,-0.15811116,-0.27573854,-0.15474454,-0.12991357,-0.16243835,-0.12334165,-0.14074792,-0.15474932,-0.15887658,-0.14481027,-0.12999623,-0.18691605,-0.14998752,-0.15476963,-0.1580911,-0.1581014,-0.15804112,-0.120334074,-0.13700745,-0.08858878,-0.15476418,-0.19008024,-0.1547744,-0.2004665,-0.11139822,-0.1388583,-0.13027036,-0.1074974,-0.15152657,-0.15468618,-0.15783343,-0.10065024,-0.08152827,-0.09427856,-0.15473145,-0.11960925,-0.15027548,-0.16982608,-0.1185138,-0.15474671,-0.15810497,-0.17738779,-0.15176103,-0.15477702,-0.25953975,-0.17989698,-0.13525523,-0.15477446,-0.15095688,-0.17780018,-0.2009549,-0.15475571,-0.09015879,-0.15450639,-0.12151222,-0.121854745,-0.13997786,-0.21433522,-0.13908121,-0.16057305,-0.1547093,-0.07092635,-0.15420306,-0.15740004,-0.18733518,-0.15454076,-0.12990344,-0.12334781,-0.14100276,-0.15473746,-0.114095174,-0.25318068,-0.26654312,-0.12924495,-0.10945694,-0.15472938,-0.09238048,-0.20963459,-0.15477467,-0.15803377,-0.12947755,-0.1547096,-0.16015086,-0.1553517,-0.15477866,-0.19704957,-0.20616047,-0.1289835,-0.10460003,-0.11361031,-0.10256614,-0.15477188,-0.19495486,-0.15475002,-0.12941468,-0.15463245,-0.041086134,-0.12967405,-0.1547775,-0.2300741,-0.15475816,-0.10384405,-0.15349096,-0.0784167,-0.15464866,-0.12766197,-0.15466657,-0.121451,-0.075820275,-0.09192432,-0.101488546,-0.15453586,-0.1580248,-0.12378413,-0.15463641,-0.1410757,-0.13984437,-0.18093297,-0.15477975,-0.25777104,-0.12844054,-0.1546978,-0.13462572,-0.119081676,-0.15475316,-0.15810688,-0.15810838,-0.1581094,-0.19755594,-0.25103784,-0.20219928,-0.19465852,-0.24831252,-0.20506537,-0.22091979,-0.15476611,-0.12965594,-0.11956477,-0.15476179,-0.15810357,-0.20931396,-0.18224281,-0.1547538,-0.32474133,-0.15477803,-0.15811178,-0.1581108,-0.15811045,-0.2185038,-0.15475315,-0.114121355,-0.15475579,-0.15809798,-0.15810378,-0.22984435,-0.15477239,-0.15808794,-0.08963354,-0.15468085,-0.15806767,-0.15808347,-0.15808478,-0.13302092,-0.1051107,-0.14014931,-0.15141064,-0.15839578,-0.15615125,-0.14613561,-0.15476911,-0.12319561,-0.12997141,-0.1547367,-0.15811162,-0.1581112,-0.1581112,-0.15811166,-0.38518023,-0.11451449,-0.1547435,-0.15564899,-0.14443555,-0.16636807,-0.15477383,-0.15804191,-0.12993515,-0.047159404,-0.14944041,-0.14016809,-0.14106366,-0.15464443,-0.19987361,-0.1649412,-0.17166539,-0.15475404,-0.15807393,-0.12722544,-0.14610182,-0.2588673,-0.12979913,-0.15466481,-0.09132757,-0.12832497,-0.13684332,-0.16221203,-0.15659244,-0.12930441,-0.15454808,-0.15802726,-0.15807089,-0.15810095,-0.15740095,-0.19795567,-0.15106063,-0.07294749,-0.2039893,-0.15474412,-0.15806969,-0.104459345,-0.1544517,-0.17466888,-0.13176009,-0.15475073,-0.15109587,-0.10913184,-0.15460442,-0.05825615,-0.14326635,-0.17082691,-0.15469593,-0.18883844,-0.15477905,-0.31316653,-0.15477027,-0.16808087,-0.14331596,-0.15477216,-0.15810855,-0.25088155,-0.15477937,-0.22115314,-0.07562123,-0.086852394,-0.10702289,-0.060967896,-0.14878465,-0.16796505,-0.15746465,-0.22133875,-0.12812386,-0.0969081,-0.16398169,-0.12716047,-0.11335766,-0.18846886,-0.12996557,-0.17755464,-0.0994983,-0.115196005,-0.15469703,-0.11662802,-0.19749595,-0.14526704,-0.12781724,-0.096878245,-0.15469724,-0.15793449,-0.12434345,-0.11230643,-0.063823454,-0.15463452,-0.11419349,-0.10007019,-0.24483351,-0.15477984,-0.15810108,-0.16344379,-0.1759062,-0.12524253,-0.15476668,-0.0782174,-0.19187105,-0.18185812,-0.09859173,-0.11065883,-0.154475,-0.15782124,-0.083404,-0.1213824,-0.13072303,-0.13855581,-0.19385117,-0.15474638,-0.15810575,-0.19487974,-0.23847799,-0.2432746,-0.12967616,-0.15459573,-0.15807998,-0.14520228,-0.2961179,-0.15477917,-0.19813283,-0.12988177,-0.15472174,-0.060104962,-0.15931924,-0.15477759,-0.2028091,-0.2868003,-0.11816878,-0.14795661,-0.10060286,-0.15463772,-0.13614628,-0.20725825,-0.17393659,-0.125103,-0.15657571,-0.15690626,-0.15477633,-0.1581079,-0.16221246,-0.22200036,-0.1300291,-0.2814266,-0.15478021,-0.1915083,-0.24371436,-0.16952515,-0.1547023,-0.13369927,-0.12557748,-0.1547735,-0.18106565,-0.15478,-0.18642783,-0.15472913,-0.30462334,-0.15467957,-0.14691104,-0.13029914,-0.15476832,-0.15809684,-0.18915205,-0.12995857,-0.15477285,-0.10481856,-0.1650517,-0.15477085,-0.15810974,-0.1580835,-0.12960625,-0.15468541,-0.15807915,-0.15807097,-0.15808135,-0.1580888,-0.16505513,-0.17392421,-0.1547668,-0.15810327,-0.15809414,-0.15810373,-0.2025511,-0.15354379,-0.14723541,-0.15386778,-0.11499533,-0.10471026,-0.11893196,-0.15477006,-0.15803982,-0.12992291,-0.19501048,-0.15477712,-0.18738703,-0.11705899,-0.17429145,-0.15476847,-0.06652963,-0.15454945,-0.10737923,-0.124497145,-0.15298569,-0.052188452,-0.26007295
k__Bacteria|p__Firmicutes|c__Negativicutes|o__Selenomonadales|f__Selenomonadaceae|g__Selenomonas|s__Selenomonas_flueggei,-0.1004395,-0.12316422,-0.1554912,-0.15877056,-0.15877132,-0.23867357,-0.1666669,-0.16813041,-0.10929718,-0.22895765,-0.23728925,-0.15550205,-0.22850217,-0.3768707,-0.08556121,-0.15456486,-0.058144663,-0.15418042,-0.15862855,-0.19931981,-0.1978925,-0.13066939,-0.15541852,-0.12711628,-0.20043859,-0.11658599,-0.182019,-0.25032333,-0.1509206,-0.15543368,-0.15142563,-0.10844302,-0.18249588,-0.28454733,-0.15547362,-0.13113162,-0.15549636,-0.22338755,-0.15550293,-0.29867563,-0.15550311,-0.29356226,-0.12942344,-0.1551764,-0.13691942,-0.15548967,-0.23188588,-0.24781659,-0.1296162,-0.13114806,-0.24679694,-0.18279888,-0.25087595,-0.26027086,-0.28621647,-0.27511892,-0.11894142,-0.15529874,-0.040142577,-0.056944285,-0.15386525,-0.11274739,-0.13743341,-0.13087335,-0.15545484,-0.15876,-0.15877095,-0.15877227,-0.27573854,-0.15542072,-0.13087867,-0.16243835,-0.12334165,-0.14074792,-0.155422,-0.15887658,-0.14481027,-0.13109252,-0.18691605,-0.14998752,-0.1554746,-0.15872121,-0.1587489,-0.15862301,-0.120334074,-0.13700745,-0.08858878,-0.15546027,-0.19008024,-0.15548673,-0.2004665,-0.11139822,-0.1388583,-0.13027036,-0.1074974,-0.15152657,-0.15525685,-0.1581659,-0.10065024,-0.08152827,-0.09427856,-0.15537453,-0.11960925,-0.15027548,-0.16982608,-0.1185138,-0.15542015,-0.15875642,-0.17738779,-0.15176103,-0.15549387,-0.25953975,-0.17989698,-0.13525523,-0.15548678,-0.15095688,-0.17780018,-0.2009549,-0.15545109,-0.09015879,-0.15477766,-0.12151222,-0.121854745,-0.13997786,-0.21433522,-0.13908121,-0.16057305,-0.15531588,-0.07092635,-0.15403685,-0.15711474,-0.18733518,-0.15497547,-0.13084616,-0.12334781,-0.14100276,-0.15539142,-0.114095174,-0.25318068,-0.26654312,-0.12904026,-0.10945694,-0.15536872,-0.09238048,-0.20963459,-0.15548731,-0.15861094,-0.12969336,-0.15532717,-0.16015086,-0.1553517,-0.15549783,-0.19704957,-0.20616047,-0.12835948,-0.10460003,-0.11361031,-0.10256614,-0.15547954,-0.19495486,-0.15542886,-0.12951642,-0.15511438,-0.041086134,-0.12967405,-0.15549557,-0.2300741,-0.15545008,-0.10384405,-0.15224645,-0.0784167,-0.15517172,-0.12766197,-0.15520829,-0.121451,-0.075820275,-0.09192432,-0.101488546,-0.15486965,-0.15854521,-0.12378413,-0.15519717,-0.1410757,-0.13984437,-0.18093297,-0.15550056,-0.25777104,-0.12844054,-0.15531002,-0.13462572,-0.119081676,-0.15542936,-0.15876144,-0.15876526,-0.15876785,-0.19755594,-0.25103784,-0.20219928,-0.19465852,-0.24831252,-0.20506537,-0.22091979,-0.15546939,-0.13018417,-0.11956477,-0.15545319,-0.15875325,-0.20931396,-0.18224281,-0.15544185,-0.32474133,-0.15549597,-0.15877387,-0.1587713,-0.1587704,-0.2185038,-0.15544288,-0.114121355,-0.15544373,-0.15874282,-0.15875387,-0.22984435,-0.15548083,-0.15872502,-0.08963354,-0.15525334,-0.15865588,-0.15870437,-0.15870115,-0.13302092,-0.1051107,-0.14014931,-0.15141064,-0.15839578,-0.15615125,-0.14613561,-0.15547162,-0.12319561,-0.13103153,-0.1553978,-0.15877348,-0.15877247,-0.15877241,-0.15877357,-0.38518023,-0.11451449,-0.15540878,-0.15564899,-0.14443555,-0.16636807,-0.15548635,-0.15861958,-0.12993515,-0.047159404,-0.14293644,-0.14016809,-0.14106366,-0.15516025,-0.19987361,-0.1649412,-0.17166539,-0.1554336,-0.1586703,-0.12722544,-0.14610182,-0.2588673,-0.13054806,-0.15520093,-0.09132757,-0.12832497,-0.13684332,-0.16221203,-0.15659244,-0.1292294,-0.15492882,-0.15855567,-0.15866709,-0.15874583,-0.15740095,-0.19795567,-0.15106063,-0.07294749,-0.2039893,-0.15541321,-0.1586601,-0.104459345,-0.15479575,-0.17466888,-0.13176009,-0.15542176,-0.15109587,-0.10913184,-0.15505803,-0.05825615,-0.14326635,-0.17082691,-0.15529087,-0.18883844,-0.15549903,-0.31316653,-0.15548027,-0.16808087,-0.14331596,-0.15548104,-0.15876627,-0.25088155,-0.1554999,-0.22115314,-0.07562123,-0.086852394,-0.10702289,-0.060967896,-0.14121523,-0.16796505,-0.15746465,-0.22133875,-0.12812386,-0.0969081,-0.16398169,-0.12716047,-0.11335766,-0.18846886,-0.1310117,-0.17755464,-0.0994983,-0.115196005,-0.15529111,-0.11662802,-0.19749595,-0.14526704,-0.12781724,-0.096878245,-0.15527979,-0.15831438,-0.12434345,-0.11230643,-0.063823454,-0.15512797,-0.11419349,-0.10007019,-0.24483351,-0.1555008,-0.15875068,-0.16344379,-0.1759062,-0.12524253,-0.15546617,-0.0782174,-0.19187105,-0.18185812,-0.09859173,-0.11065883,-0.15470314,-0.15802318,-0.083404,-0.1213824,-0.13072303,-0.13855581,-0.19385117,-0.15541983,-0.15875834,-0.19487974,-0.23847799,-0.2432746,-0.13022983,-0.15502757,-0.15869486,-0.14520228,-0.2961179,-0.1554991,-0.19813283,-0.13078469,-0.15535691,-0.060104962,-0.15931924,-0.1554955,-0.2028091,-0.2868003,-0.11816878,-0.14795661,-0.10060286,-0.15514871,-0.13614628,-0.20725825,-0.17393659,-0.125103,-0.15657571,-0.15690626,-0.1554922,-0.15876389,-0.16221246,-0.22200036,-0.13118392,-0.2814266,-0.15550187,-0.1915083,-0.24371436,-0.16952515,-0.15533286,-0.13369927,-0.12557748,-0.1554853,-0.18106565,-0.1555012,-0.18642783,-0.15539084,-0.30462334,-0.15525895,-0.14691104,-0.13029914,-0.15547162,-0.15873483,-0.18915205,-0.13098937,-0.15548268,-0.10481856,-0.1650517,-0.15547928,-0.15876877,-0.15871328,-0.13003212,-0.15525362,-0.15869498,-0.15867165,-0.15869984,-0.15871513,-0.16505513,-0.17392421,-0.15546882,-0.15875167,-0.15872943,-0.15875289,-0.2025511,-0.15354379,-0.14723541,-0.15335628,-0.11499533,-0.10471026,-0.11893196,-0.15547612,-0.15861584,-0.13088687,-0.19501048,-0.1554946,-0.18738703,-0.11705899,-0.17429145,-0.15547608,-0.06652963,-0.15489964,-0.10737923,-0.124497145,-0.15298569,-0.052188452,-0.26007295
k__Bacteria|p__Firmicutes|c__Negativicutes|o__Veillonellales|f__Veillonellaceae|g__Megasphaera|s__Megasphaera_SGB5856,-0.1004395,-0.12316422,-0.15448973,-0.15782541,-0.15782559,-0.23867357,-0.1666669,-0.16813041,-0.10929718,-0.22895765,-0.23728925,-0.15449318,-0.22850217,-0.3768707,-0.08556121,-0.1542002,-0.058144663,-0.1541218,-0.15778086,-0.19931981,-0.1978925,-0.12957649,-0.15446833,-0.12711628,-0.20043859,-0.11658599,-0.182019,-0.25032333,-0.1509206,-0.15447144,-0.15142563,-0.10844302,-0.18249588,-0.28454733,-0.1544836,-0.12971574,-0.15449148,-0.22338755,-0.15449344,-0.29867563,-0.15449348,-0.29356226,-0.12919962,-0.15438625,-0.13691942,-0.15448959,-0.23188588,-0.24781659,-0.1296162,-0.1297199,-0.24679694,-0.18279888,-0.25087595,-0.26027086,-0.28621647,-0.27511892,-0.11894142,-0.15443161,-0.040142577,-0.056944285,-0.15397137,-0.11274739,-0.13743341,-0.12963201,-0.15447763,-0.15782231,-0.15782541,-0.1578259,-0.27573854,-0.1544635,-0.12963584,-0.16243835,-0.12334165,-0.14074792,-0.1544694,-0.15887658,-0.14481027,-0.12970512,-0.18691605,-0.14998752,-0.1544849,-0.15781033,-0.15781812,-0.15776932,-0.120334074,-0.13700745,-0.08858878,-0.15448077,-0.19008024,-0.15448865,-0.2004665,-0.11139822,-0.1388583,-0.13027036,-0.1074974,-0.15152657,-0.15442085,-0.15758818,-0.10065024,-0.08152827,-0.09427856,-0.15445581,-0.11960925,-0.15027548,-0.16982608,-0.1185138,-0.15446682,-0.15782115,-0.17738779,-0.15176103,-0.15449062,-0.25953975,-0.17989698,-0.13525523,-0.15448871,-0.15095688,-0.17780018,-0.2009549,-0.1544728,-0.09015879,-0.15428379,-0.12151222,-0.121854745,-0.13997786,-0.21433522,-0.13908121,-0.16057305,-0.15443873,-0.07092635,-0.15404314,-0.15725647,-0.18733518,-0.15429798,-0.1296166,-0.12334781,-0.14100276,-0.15446019,-0.114095174,-0.25318068,-0.26654312,-0.12901226,-0.10945694,-0.1544542,-0.09238048,-0.20963459,-0.15448886,-0.15776399,-0.12922725,-0.15443769,-0.16015086,-0.1553517,-0.15449187,-0.19704957,-0.20616047,-0.12878567,-0.10460003,-0.11361031,-0.10256614,-0.1544868,-0.19495486,-0.15446967,-0.1291498,-0.15438023,-0.041086134,-0.12967405,-0.1544909,-0.2300741,-0.15447626,-0.10384405,-0.15347221,-0.0784167,-0.15438992,-0.12766197,-0.15440527,-0.121451,-0.075820275,-0.09192432,-0.101488546,-0.15430304,-0.15775976,-0.12378413,-0.1543737,-0.1410757,-0.13984437,-0.18093297,-0.15449274,-0.25777104,-0.12844054,-0.15442744,-0.13462572,-0.119081676,-0.15447256,-0.15782258,-0.15782376,-0.15782452,-0.19755594,-0.25103784,-0.20219928,-0.19465852,-0.24831252,-0.20506537,-0.22091979,-0.15448189,-0.12938604,-0.11956477,-0.15447909,-0.15782,-0.20931396,-0.18224281,-0.1544716,-0.32474133,-0.15449145,-0.15782636,-0.15782563,-0.15782538,-0.2185038,-0.15447088,-0.114121355,-0.15447366,-0.1578152,-0.15782017,-0.22984435,-0.15448713,-0.15780585,-0.08963354,-0.15441522,-0.15779293,-0.15780413,-0.15780598,-0.13302092,-0.1051107,-0.14014931,-0.15141064,-0.15839578,-0.15615125,-0.14613561,-0.15448478,-0.12319561,-0.12968467,-0.15445858,-0.15782624,-0.15782592,-0.15782592,-0.15782627,-0.38518023,-0.11451449,-0.15446466,-0.15564899,-0.14443555,-0.16636807,-0.15448806,-0.1577701,-0.12993515,-0.047159404,-0.15024093,-0.14016809,-0.14106366,-0.15438762,-0.19987361,-0.1649412,-0.17166539,-0.15447304,-0.15779799,-0.12722544,-0.14610182,-0.2588673,-0.12952954,-0.15440391,-0.09132757,-0.12832497,-0.13684332,-0.16221203,-0.15659244,-0.129017,-0.15430927,-0.15776107,-0.1577951,-0.15781808,-0.15740095,-0.19795567,-0.15106063,-0.07294749,-0.2039893,-0.15446472,-0.15779443,-0.104459345,-0.15416953,-0.17466888,-0.13176009,-0.15447095,-0.15109587,-0.10913184,-0.15435398,-0.05825615,-0.14326635,-0.17082691,-0.15442736,-0.18883844,-0.15449215,-0.31316653,-0.15448494,-0.16808087,-0.14331596,-0.15448692,-0.1578238,-0.25088155,-0.15449241,-0.22115314,-0.07562123,-0.086852394,-0.10702289,-0.060967896,-0.14973357,-0.16796505,-0.15746465,-0.22133875,-0.12812386,-0.0969081,-0.16398169,-0.12716047,-0.11335766,-0.18846886,-0.12967919,-0.17755464,-0.0994983,-0.115196005,-0.15442854,-0.11662802,-0.19749595,-0.14526704,-0.12781724,-0.096878245,-0.15443,-0.15768927,-0.12434345,-0.11230643,-0.063823454,-0.15437959,-0.11419349,-0.10007019,-0.24483351,-0.1544928,-0.15781806,-0.16344379,-0.1759062,-0.12524253,-0.15448278,-0.0782174,-0.19187105,-0.18185812,-0.09859173,-0.11065883,-0.15425877,-0.1576023,-0.083404,-0.1213824,-0.13072303,-0.13855581,-0.19385117,-0.15446642,-0.15782174,-0.19487974,-0.23847799,-0.2432746,-0.12942456,-0.15435013,-0.15780157,-0.14520228,-0.2961179,-0.15449229,-0.19813283,-0.12960571,-0.15444714,-0.060104962,-0.15931924,-0.154491,-0.2028091,-0.2868003,-0.11816878,-0.14795661,-0.10060286,-0.15438151,-0.13614628,-0.20725825,-0.17393659,-0.125103,-0.15657571,-0.15690626,-0.15449005,-0.15782343,-0.16221246,-0.22200036,-0.12973046,-0.2814266,-0.15449306,-0.1915083,-0.24371436,-0.16952515,-0.15443048,-0.13369927,-0.12557748,-0.15448785,-0.18106565,-0.15449293,-0.18642783,-0.15445173,-0.30462334,-0.15441358,-0.14691104,-0.13029914,-0.15448388,-0.15781495,-0.18915205,-0.12967551,-0.15448746,-0.10481856,-0.1650517,-0.15448567,-0.1578248,-0.15780404,-0.12934035,-0.15442038,-0.15780059,-0.15779448,-0.1578024,-0.15780851,-0.16505513,-0.17392421,-0.15448254,-0.15781985,-0.15781268,-0.15782021,-0.2025511,-0.15354379,-0.14723541,-0.15376511,-0.11499533,-0.10471026,-0.11893196,-0.15448523,-0.15776892,-0.12964673,-0.19501048,-0.15449062,-0.18738703,-0.11705899,-0.17429145,-0.15448426,-0.06652963,-0.15431517,-0.10737923,-0.124497145,-0.15298569,-0.052188452,-0.26007295
k__Bacteria|p__Firmicutes|c__Negativicutes|o__Veillonellales|f__Veillonellaceae|g__Dialister|s__Dialister_hominis,-0.1004395,-0.12316422,-0.15534417,-0.15864985,-0.15865013,-0.23867357,-0.1666669,-0.16813041,-0.10929718,-0.22895765,-0.23728925,-0.15534906,-0.22850217,-0.3768707,-0.08556121,-0.15493709,-0.058144663,-0.15480377,-0.15858668,-0.19931981,-0.1978925,-0.13060182,-0.1553131,-0.12711628,-0.20043859,-0.11658599,-0.182019,-0.25032333,-0.1509206,-0.15531817,-0.15142563,-0.10844302,-0.18249588,-0.28454733,-0.15533553,-0.13079321,-0.15534662,-0.22338755,-0.15534943,-0.29867563,-0.15534951,-0.29356226,-0.13009083,-0.15519908,-0.13691942,-0.15534383,-0.23188588,-0.24781659,-0.1296162,-0.13079935,-0.24679694,-0.18279888,-0.25087595,-0.26027086,-0.28621647,-0.27511892,-0.11894142,-0.15526107,-0.040142577,-0.056944285,-0.1546127,-0.11274739,-0.13743341,-0.13068266,-0.15532736,-0.15864536,-0.1586499,-0.15865056,-0.27573854,-0.15530917,-0.13068424,-0.16243835,-0.12334165,-0.14074792,-0.15531471,-0.15887658,-0.14481027,-0.13077757,-0.18691605,-0.14998752,-0.15533721,-0.15862834,-0.15863976,-0.15857276,-0.120334074,-0.13700745,-0.08858878,-0.15533116,-0.19008024,-0.1553425,-0.2004665,-0.11139822,-0.1388583,-0.13027036,-0.1074974,-0.15152657,-0.15524463,-0.15833592,-0.10065024,-0.08152827,-0.09427856,-0.15529485,-0.11960925,-0.15027548,-0.16982608,-0.1185138,-0.15531185,-0.15864372,-0.17738779,-0.15176103,-0.15534541,-0.25953975,-0.17989698,-0.13525523,-0.15534258,-0.15095688,-0.17780018,-0.2009549,-0.15532175,-0.09015879,-0.15504482,-0.12151222,-0.121854745,-0.13997786,-0.21433522,-0.13908121,-0.16057305,-0.15527019,-0.07092635,-0.15470794,-0.15786532,-0.18733518,-0.1550844,-0.13067055,-0.12334781,-0.14100276,-0.15530154,-0.114095174,-0.25318068,-0.26654312,-0.129906,-0.10945694,-0.15529254,-0.09238048,-0.20963459,-0.1553428,-0.15856498,-0.13017492,-0.15527065,-0.16015086,-0.1553517,-0.15534721,-0.19704957,-0.20616047,-0.12960783,-0.10460003,-0.11361031,-0.10256614,-0.15533969,-0.19495486,-0.1553153,-0.13009624,-0.15518484,-0.041086134,-0.12967405,-0.15534595,-0.2300741,-0.15532447,-0.10384405,-0.15391281,-0.0784167,-0.15520293,-0.12766197,-0.15522279,-0.121451,-0.075820275,-0.09192432,-0.101488546,-0.15507753,-0.15855467,-0.12378413,-0.15518805,-0.1410757,-0.13984437,-0.18093297,-0.15534842,-0.25777104,-0.12844054,-0.1552571,-0.13462572,-0.119081676,-0.15531889,-0.15864584,-0.15864749,-0.15864861,-0.19755594,-0.25103784,-0.20219928,-0.19465852,-0.24831252,-0.20506537,-0.22091979,-0.15533334,-0.13038224,-0.11956477,-0.15532848,-0.15864216,-0.20931396,-0.18224281,-0.15531951,-0.32474133,-0.15534651,-0.15865126,-0.15865019,-0.1586498,-0.2185038,-0.15531886,-0.114121355,-0.15532194,-0.15863605,-0.15864238,-0.22984435,-0.15534025,-0.15862471,-0.08963354,-0.1552388,-0.15860228,-0.15861994,-0.15862128,-0.13302092,-0.1051107,-0.14014931,-0.15141064,-0.15839578,-0.15615125,-0.14613561,-0.15533662,-0.12319561,-0.1307497,-0.15530086,-0.15865108,-0.1586506,-0.1586506,-0.15865113,-0.38518023,-0.11451449,-0.15530828,-0.15564899,-0.14443555,-0.16636807,-0.1553419,-0.15857407,-0.12993515,-0.047159404,-0.14945164,-0.14016809,-0.14106366,-0.15519862,-0.19987361,-0.1649412,-0.17166539,-0.1553199,-0.15860921,-0.12722544,-0.14610182,-0.2588673,-0.13055041,-0.1552207,-0.09132757,-0.12832497,-0.13684332,-0.16221203,-0.15659244,-0.12995888,-0.15509142,-0.15855749,-0.1586059,-0.15863925,-0.15740095,-0.19795567,-0.15106063,-0.07294749,-0.2039893,-0.15530899,-0.15860444,-0.104459345,-0.15496399,-0.17466888,-0.13176009,-0.1553162,-0.15109587,-0.10913184,-0.15515327,-0.05825615,-0.14326635,-0.17082691,-0.1552556,-0.18883844,-0.15534765,-0.31316653,-0.15533799,-0.16808087,-0.14331596,-0.15534002,-0.15864769,-0.25088155,-0.155348,-0.22115314,-0.07562123,-0.086852394,-0.10702289,-0.060967896,-0.14872417,-0.16796505,-0.15746465,-0.22133875,-0.12812386,-0.0969081,-0.16398169,-0.12716047,-0.11335766,-0.18846886,-0.13074267,-0.17755464,-0.0994983,-0.115196005,-0.15525675,-0.11662802,-0.19749595,-0.14526704,-0.12781724,-0.096878245,-0.15525672,-0.15845437,-0.12434345,-0.11230643,-0.063823454,-0.15518713,-0.11419349,-0.10007019,-0.24483351,-0.15534852,-0.15863942,-0.16344379,-0.1759062,-0.12524253,-0.15533394,-0.0782174,-0.19187105,-0.18185812,-0.09859173,-0.11065883,-0.15501003,-0.15832882,-0.083404,-0.1213824,-0.13072303,-0.13855581,-0.19385117,-0.15531154,-0.15864456,-0.19487974,-0.23847799,-0.2432746,-0.13040802,-0.15514418,-0.15861607,-0.14520228,-0.2961179,-0.1553478,-0.19813283,-0.13064668,-0.15528414,-0.060104962,-0.15931924,-0.15534604,-0.2028091,-0.2868003,-0.11816878,-0.14795661,-0.10060286,-0.15519115,-0.13614628,-0.20725825,-0.17393659,-0.125103,-0.15657571,-0.15690626,-0.15534465,-0.15864697,-0.16221246,-0.22200036,-0.13081445,-0.2814266,-0.15534894,-0.1915083,-0.24371436,-0.16952515,-0.15526229,-0.13369927,-0.12557748,-0.15534152,-0.18106565,-0.15534869,-0.18642783,-0.1552924,-0.30462334,-0.15523769,-0.14691104,-0.13029914,-0.15533578,-0.15863466,-0.18915205,-0.13073513,-0.15534078,-0.10481856,-0.1650517,-0.15533859,-0.158649,-0.15861994,-0.1303205,-0.1552437,-0.15861517,-0.15860605,-0.15861762,-0.15862575,-0.16505513,-0.17392421,-0.15533409,-0.15864182,-0.15863171,-0.15864232,-0.2025511,-0.15354379,-0.14723541,-0.15434128,-0.11499533,-0.10471026,-0.11893196,-0.1553377,-0.15857133,-0.13069479,-0.19501048,-0.15534553,-0.18738703,-0.11705899,-0.17429145,-0.1553359,-0.06652963,-0.15509239,-0.10737923,-0.124497145,-0.15298569,-0.052188452,-0.26007295
k__Bacteria|p__Firmicutes|c__Bacilli|o__Lactobacillales|f__Lactobacillaceae|g__Ligilactobacillus|s__Ligilactobacillus_ruminis,-0.1004395,-0.12316422,-0.15473655,-0.15807499,-0.15807526,-0.23867357,-0.1666669,-0.16813041,-0.10929718,-0.22895765,-0.23728925,-0.15474135,-0.22850217,-0.3768707,-0.08556121,-0.1543358,-0.058144663,-0.154208,-0.15801297,-0.19931981,-0.1978925,-0.12975185,-0.15470614,-0.12711628,-0.20043859,-0.11658599,-0.182019,-0.25032333,-0.1509206,-0.15471101,-0.15142563,-0.10844302,-0.18249588,-0.28454733,-0.154728,-0.12994227,-0.15473893,-0.22338755,-0.1547417,-0.29867563,-0.15474176,-0.29356226,-0.12925345,-0.15459387,-0.13691942,-0.15473622,-0.23188588,-0.24781659,-0.1296162,-0.12994815,-0.24679694,-0.18279888,-0.25087595,-0.26027086,-0.28621647,-0.27511892,-0.11894142,-0.15465507,-0.040142577,-0.056944285,-0.15401822,-0.11274739,-0.13743341,-0.12983176,-0.15472,-0.1580706,-0.15807503,-0.15807569,-0.27573854,-0.15470165,-0.12983428,-0.16243835,-0.12334165,-0.14074792,-0.1547077,-0.15887658,-0.14481027,-0.12992667,-0.18691605,-0.14998752,-0.15472971,-0.1580539,-0.15806505,-0.15799823,-0.120334074,-0.13700745,-0.08858878,-0.1547238,-0.19008024,-0.15473492,-0.2004665,-0.11139822,-0.1388583,-0.13027036,-0.1074974,-0.15152657,-0.15463904,-0.15775822,-0.10065024,-0.08152827,-0.09427856,-0.15468827,-0.11960925,-0.15027548,-0.16982608,-0.1185138,-0.1547048,-0.15806897,-0.17738779,-0.15176103,-0.15473777,-0.25953975,-0.17989698,-0.13525523,-0.154735,-0.15095688,-0.17780018,-0.2009549,-0.1547142,-0.09015879,-0.15444359,-0.12151222,-0.121854745,-0.13997786,-0.21433522,-0.13908121,-0.16057305,-0.15466413,-0.07092635,-0.15411198,-0.15730187,-0.18733518,-0.15447918,-0.12982008,-0.12334781,-0.14100276,-0.1546948,-0.114095174,-0.25318068,-0.26654312,-0.12904802,-0.10945694,-0.15468603,-0.09238048,-0.20963459,-0.15473521,-0.15799066,-0.1293227,-0.15466425,-0.16015086,-0.1553517,-0.15473953,-0.19704957,-0.20616047,-0.12875757,-0.10460003,-0.11361031,-0.10256614,-0.15473218,-0.19495486,-0.15470809,-0.12923834,-0.15458037,-0.041086134,-0.12967405,-0.15473826,-0.2300741,-0.15471716,-0.10384405,-0.15332898,-0.0784167,-0.15459782,-0.12766197,-0.15461762,-0.121451,-0.075820275,-0.09192432,-0.101488546,-0.1544751,-0.15798183,-0.12378413,-0.15458122,-0.1410757,-0.13984437,-0.18093297,-0.15474072,-0.25777104,-0.12844054,-0.15465008,-0.13462572,-0.119081676,-0.15471184,-0.15807104,-0.15807267,-0.15807377,-0.19755594,-0.25103784,-0.20219928,-0.19465852,-0.24831252,-0.20506537,-0.22091979,-0.15472582,-0.12952587,-0.11956477,-0.15472123,-0.15806745,-0.20931396,-0.18224281,-0.15471226,-0.32474133,-0.15473886,-0.15807638,-0.1580753,-0.15807495,-0.2185038,-0.15471148,-0.114121355,-0.15471467,-0.15806133,-0.15806767,-0.22984435,-0.15473272,-0.15805012,-0.08963354,-0.15463307,-0.15802851,-0.1580456,-0.15804708,-0.13302092,-0.1051107,-0.14014931,-0.15141064,-0.15839578,-0.15615125,-0.14613561,-0.15472919,-0.12319561,-0.12989931,-0.15469392,-0.1580762,-0.15807572,-0.15807573,-0.15807623,-0.38518023,-0.11451449,-0.15470134,-0.15564899,-0.14443555,-0.16636807,-0.15473428,-0.15800023,-0.12993515,-0.047159404,-0.14893384,-0.14016809,-0.14106366,-0.1545938,-0.19987361,-0.1649412,-0.17166539,-0.1547128,-0.15803534,-0.12722544,-0.14610182,-0.2588673,-0.12969668,-0.15461546,-0.09132757,-0.12832497,-0.13684332,-0.16221203,-0.15659244,-0.12910657,-0.15448785,-0.15798448,-0.15803197,-0.1580646,-0.15740095,-0.19795567,-0.15106063,-0.07294749,-0.2039893,-0.15470196,-0.1580306,-0.104459345,-0.15434541,-0.17466888,-0.13176009,-0.15470926,-0.15109587,-0.10913184,-0.15454876,-0.05825615,-0.14326635,-0.17082691,-0.15464967,-0.18883844,-0.15473995,-0.31316653,-0.15473038,-0.16808087,-0.14331596,-0.1547325,-0.15807286,-0.25088155,-0.1547403,-0.22115314,-0.07562123,-0.086852394,-0.10702289,-0.060967896,-0.14822313,-0.16796505,-0.15746465,-0.22133875,-0.12812386,-0.0969081,-0.16398169,-0.12716047,-0.11335766,-0.18846886,-0.12989208,-0.17755464,-0.0994983,-0.115196005,-0.1546508,-0.11662802,-0.19749595,-0.14526704,-0.12781724,-0.096878245,-0.15465108,-0.15788333,-0.12434345,-0.11230643,-0.063823454,-0.15458241,-0.11419349,-0.10007019,-0.24483351,-0.15474081,-0.1580647,-0.16344379,-0.1759062,-0.12524253,-0.15472655,-0.0782174,-0.19187105,-0.18185812,-0.09859173,-0.11065883,-0.1544093,-0.15776029,-0.083404,-0.1213824,-0.13072303,-0.13855581,-0.19385117,-0.15470447,-0.15806982,-0.19487974,-0.23847799,-0.2432746,-0.12956133,-0.15454048,-0.15804182,-0.14520228,-0.2961179,-0.1547401,-0.19813283,-0.12979545,-0.15467754,-0.060104962,-0.15931924,-0.15473837,-0.2028091,-0.2868003,-0.11816878,-0.14795661,-0.10060286,-0.15458623,-0.13614628,-0.20725825,-0.17393659,-0.125103,-0.15657571,-0.15690626,-0.154737,-0.15807217,-0.16221246,-0.22200036,-0.12996298,-0.2814266,-0.15474121,-0.1915083,-0.24371436,-0.16952515,-0.15465528,-0.13369927,-0.12557748,-0.15473393,-0.18106565,-0.15474097,-0.18642783,-0.15468526,-0.30462334,-0.15463185,-0.14691104,-0.13029914,-0.15472831,-0.15806013,-0.18915205,-0.12988493,-0.15473321,-0.10481856,-0.1650517,-0.15473104,-0.15807416,-0.15804535,-0.12946762,-0.15463814,-0.15804088,-0.15803203,-0.1580433,-0.15805136,-0.16505513,-0.17392421,-0.15472662,-0.15806714,-0.15805721,-0.15806763,-0.2025511,-0.15354379,-0.14723541,-0.15374911,-0.11499533,-0.10471026,-0.11893196,-0.1547302,-0.15799753,-0.12984508,-0.19501048,-0.15473786,-0.18738703,-0.11705899,-0.17429145,-0.15472834,-0.06652963,-0.15448949,-0.10737923,-0.124497145,-0.15298569,-0.052188452,-0.26007295
k__Bacteria|p__Firmicutes|c__Bacilli|o__Lactobacillales|f__Lactobacillaceae|g__Ligilactobacillus|s__Ligilactobacillus_saerimneri,-0.1004395,-0.12316422,-0.15531501,-0.15862344,-0.15862373,-0.23867357,-0.1666669,-0.16813041,-0.10929718,-0.22895765,-0.23728925,-0.15532048,-0.22850217,-0.3768707,-0.08556121,-0.15487842,-0.058144663,-0.15472682,-0.1585532,-0.19931981,-0.1978925,-0.13054809,-0.15528075,-0.12711628,-0.20043859,-0.11658599,-0.182019,-0.25032333,-0.1509206,-0.15528592,-0.15142563,-0.10844302,-0.18249588,-0.28454733,-0.15530542,-0.13074522,-0.15531778,-0.22338755,-0.15532088,-0.29867563,-0.15532096,-0.29356226,-0.13001993,-0.15515257,-0.13691942,-0.1553147,-0.23188588,-0.24781659,-0.1296162,-0.13075164,-0.24679694,-0.18279888,-0.25087595,-0.26027086,-0.28621647,-0.27511892,-0.11894142,-0.1552234,-0.040142577,-0.056944285,-0.1544976,-0.11274739,-0.13743341,-0.13063046,-0.15529618,-0.15861848,-0.15862347,-0.1586242,-0.27573854,-0.15527615,-0.1306302,-0.16243835,-0.12334165,-0.14074792,-0.15528244,-0.15887658,-0.14481027,-0.13072926,-0.18691605,-0.14998752,-0.15530735,-0.15859953,-0.15861213,-0.1585381,-0.120334074,-0.13700745,-0.08858878,-0.15530068,-0.19008024,-0.15531322,-0.2004665,-0.11139822,-0.1388583,-0.13027036,-0.1074974,-0.15152657,-0.15520525,-0.15829337,-0.10065024,-0.08152827,-0.09427856,-0.15526071,-0.11960925,-0.15027548,-0.16982608,-0.1185138,-0.15527886,-0.15861666,-0.17738779,-0.15176103,-0.15531641,-0.25953975,-0.17989698,-0.13525523,-0.15531331,-0.15095688,-0.17780018,-0.2009549,-0.15528964,-0.09015879,-0.15498668,-0.12151222,-0.121854745,-0.13997786,-0.21433522,-0.13908121,-0.16057305,-0.15523368,-0.07092635,-0.15461624,-0.15773931,-0.18733518,-0.15502176,-0.13062273,-0.12334781,-0.14100276,-0.15526792,-0.114095174,-0.25318068,-0.26654312,-0.12986793,-0.10945694,-0.15525812,-0.09238048,-0.20963459,-0.15531355,-0.15852585,-0.13012734,-0.15523362,-0.16015086,-0.1553517,-0.15531841,-0.19704957,-0.20616047,-0.12954836,-0.10460003,-0.11361031,-0.10256614,-0.15531015,-0.19495486,-0.15528315,-0.13005571,-0.15514062,-0.041086134,-0.12967405,-0.15531695,-0.2300741,-0.15529275,-0.10384405,-0.15375777,-0.0784167,-0.15515894,-0.12766197,-0.15518117,-0.121451,-0.075820275,-0.09192432,-0.101488546,-0.15502208,-0.15851885,-0.12378413,-0.15514772,-0.1410757,-0.13984437,-0.18093297,-0.15531978,-0.25777104,-0.12844054,-0.15521803,-0.13462572,-0.119081676,-0.15528738,-0.15861899,-0.1586208,-0.15862206,-0.19755594,-0.25103784,-0.20219928,-0.19465852,-0.24831252,-0.20506537,-0.22091979,-0.15530273,-0.13033678,-0.11956477,-0.15529782,-0.15861487,-0.20931396,-0.18224281,-0.15528736,-0.32474133,-0.1553177,-0.158625,-0.15862378,-0.15862338,-0.2185038,-0.15528655,-0.114121355,-0.15529001,-0.15860772,-0.1586151,-0.22984435,-0.1553108,-0.1585947,-0.08963354,-0.15519819,-0.15857118,-0.15858999,-0.15859213,-0.13302092,-0.1051107,-0.14014931,-0.15141064,-0.15839578,-0.15615125,-0.14613561,-0.15530685,-0.12319561,-0.13069823,-0.15526631,-0.1586248,-0.15862426,-0.15862429,-0.15862484,-0.38518023,-0.11451449,-0.15527514,-0.15564899,-0.14443555,-0.16636807,-0.15531245,-0.1585371,-0.12993515,-0.047159404,-0.1486863,-0.14016809,-0.14106366,-0.155153,-0.19987361,-0.1649412,-0.17166539,-0.15528825,-0.15857899,-0.12722544,-0.14610182,-0.2588673,-0.13050762,-0.15517972,-0.09132757,-0.12832497,-0.13684332,-0.16221203,-0.15659244,-0.12992106,-0.15503523,-0.15852144,-0.15857497,-0.15861171,-0.15740095,-0.19795567,-0.15106063,-0.07294749,-0.2039893,-0.1552757,-0.15857376,-0.104459345,-0.15492028,-0.17466888,-0.13176009,-0.15528443,-0.15109587,-0.10913184,-0.15510574,-0.05825615,-0.14326635,-0.17082691,-0.15521638,-0.18883844,-0.15531889,-0.31316653,-0.15530786,-0.16808087,-0.14331596,-0.15531045,-0.15862095,-0.25088155,-0.15531929,-0.22115314,-0.07562123,-0.086852394,-0.10702289,-0.060967896,-0.14787596,-0.16796505,-0.15746465,-0.22133875,-0.12812386,-0.0969081,-0.16398169,-0.12716047,-0.11335766,-0.18846886,-0.1306923,-0.17755464,-0.0994983,-0.115196005,-0.1552181,-0.11662802,-0.19749595,-0.14526704,-0.12781724,-0.096878245,-0.15521932,-0.15840828,-0.12434345,-0.11230643,-0.063823454,-0.15514255,-0.11419349,-0.10007019,-0.24483351,-0.1553199,-0.15861148,-0.16344379,-0.1759062,-0.12524253,-0.15530378,-0.0782174,-0.19187105,-0.18185812,-0.09859173,-0.11065883,-0.15494771,-0.1582697,-0.083404,-0.1213824,-0.13072303,-0.13855581,-0.19385117,-0.15527843,-0.15861756,-0.19487974,-0.23847799,-0.2432746,-0.13034047,-0.15509443,-0.15858579,-0.14520228,-0.2961179,-0.15531908,-0.19813283,-0.13059667,-0.15524837,-0.060104962,-0.15931924,-0.15531708,-0.2028091,-0.2868003,-0.11816878,-0.14795661,-0.10060286,-0.15514475,-0.13614628,-0.20725825,-0.17393659,-0.125103,-0.15657571,-0.15690626,-0.15531555,-0.15862024,-0.16221246,-0.22200036,-0.13076797,-0.2814266,-0.15532035,-0.1915083,-0.24371436,-0.16952515,-0.15522283,-0.13369927,-0.12557748,-0.15531206,-0.18106565,-0.15532008,-0.18642783,-0.15525624,-0.30462334,-0.15519556,-0.14691104,-0.13029914,-0.15530573,-0.15860665,-0.18915205,-0.13068421,-0.15531132,-0.10481856,-0.1650517,-0.15530872,-0.15862247,-0.15858945,-0.1302696,-0.15520456,-0.15858462,-0.15857473,-0.15858734,-0.15859684,-0.16505513,-0.17392421,-0.15530375,-0.15861455,-0.15860324,-0.15861511,-0.2025511,-0.15354379,-0.14723541,-0.15418509,-0.11499533,-0.10471026,-0.11893196,-0.15530787,-0.15853506,-0.13064271,-0.19501048,-0.15531647,-0.18738703,-0.11705899,-0.17429145,-0.15530565,-0.06652963,-0.15504053,-0.10737923,-0.124497145,-0.15298569,-0.052188452,-0.26007295
k__Bacteria|p__Firmicutes|c__Bacilli|o__Lactobacillales|f__Lactobacillaceae|g__Limosilactobacillus|s__Lactobacillus_timonensis,-0.1004395,-0.12316422,-0.1548686,-0.15816954,-0.15816984,-0.23867357,-0.1666669,-0.16813041,-0.10929718,-0.22895765,-0.23728925,-0.1548735,-0.22850217,-0.3768707,-0.08556121,-0.15445189,-0.058144663,-0.15432253,-0.15810582,-0.19931981,-0.1978925,-0.13015646,-0.15483731,-0.12711628,-0.20043859,-0.11658599,-0.182019,-0.25032333,-0.1509206,-0.15484251,-0.15142563,-0.10844302,-0.18249588,-0.28454733,-0.15485993,-0.13035244,-0.15487105,-0.22338755,-0.15487388,-0.29867563,-0.15487394,-0.29356226,-0.12964574,-0.15472287,-0.13691942,-0.15486825,-0.23188588,-0.24781659,-0.1296162,-0.13035879,-0.24679694,-0.18279888,-0.25087595,-0.26027086,-0.28621647,-0.27511892,-0.11894142,-0.15478471,-0.040142577,-0.056944285,-0.1541354,-0.11274739,-0.13743341,-0.13023941,-0.15485172,-0.15816504,-0.1581696,-0.15817025,-0.27573854,-0.15483251,-0.13024186,-0.16243835,-0.12334165,-0.14074792,-0.15483901,-0.15887658,-0.14481027,-0.13033654,-0.18691605,-0.14998752,-0.15486155,-0.15814793,-0.15815943,-0.1580903,-0.120334074,-0.13700745,-0.08858878,-0.15485549,-0.19008024,-0.15486692,-0.2004665,-0.11139822,-0.1388583,-0.13027036,-0.1074974,-0.15152657,-0.15476847,-0.15783405,-0.10065024,-0.08152827,-0.09427856,-0.15481886,-0.11960925,-0.15027548,-0.16982608,-0.1185138,-0.15483606,-0.15816337,-0.17738779,-0.15176103,-0.15486985,-0.25953975,-0.17989698,-0.13525523,-0.154867,-0.15095688,-0.17780018,-0.2009549,-0.15484577,-0.09015879,-0.15456691,-0.12151222,-0.121854745,-0.13997786,-0.21433522,-0.13908121,-0.16057305,-0.15479404,-0.07092635,-0.15422526,-0.1573837,-0.18733518,-0.15460697,-0.13022718,-0.12334781,-0.14100276,-0.15482569,-0.114095174,-0.25318068,-0.26654312,-0.12943572,-0.10945694,-0.15481663,-0.09238048,-0.20963459,-0.1548672,-0.15808335,-0.12971881,-0.15479416,-0.16015086,-0.1553517,-0.15487164,-0.19704957,-0.20616047,-0.12914264,-0.10460003,-0.11361031,-0.10256614,-0.15486409,-0.19495486,-0.15483928,-0.12963495,-0.15470764,-0.041086134,-0.12967405,-0.15487036,-0.2300741,-0.1548487,-0.10384405,-0.15341046,-0.0784167,-0.15472543,-0.12766197,-0.15474631,-0.121451,-0.075820275,-0.09192432,-0.101488546,-0.1545996,-0.1580736,-0.12378413,-0.15470439,-0.1410757,-0.13984437,-0.18093297,-0.15487286,-0.25777104,-0.12844054,-0.15477884,-0.13462572,-0.119081676,-0.15484309,-0.15816548,-0.15816715,-0.15816829,-0.19755594,-0.25103784,-0.20219928,-0.19465852,-0.24831252,-0.20506537,-0.22091979,-0.15485764,-0.12992904,-0.11956477,-0.15485281,-0.15816182,-0.20931396,-0.18224281,-0.15484351,-0.32474133,-0.15487096,-0.15817097,-0.15816987,-0.15816948,-0.2185038,-0.15484232,-0.114121355,-0.15484622,-0.15815571,-0.15816203,-0.22984435,-0.15486464,-0.1581433,-0.08963354,-0.1547622,-0.15812162,-0.15813953,-0.15814078,-0.13302092,-0.1051107,-0.14014931,-0.15141064,-0.15839578,-0.15615125,-0.14613561,-0.15486097,-0.12319561,-0.1303086,-0.15482524,-0.15817077,-0.15817031,-0.15817031,-0.15817082,-0.38518023,-0.11451449,-0.15483254,-0.15564899,-0.14443555,-0.16636807,-0.15486632,-0.15809351,-0.12993515,-0.047159404,-0.14896375,-0.14016809,-0.14106366,-0.1547226,-0.19987361,-0.1649412,-0.17166539,-0.15484422,-0.15812863,-0.12722544,-0.14610182,-0.2588673,-0.13009998,-0.15474388,-0.09132757,-0.12832497,-0.13684332,-0.16221203,-0.15659244,-0.12949435,-0.15461254,-0.15807648,-0.15812528,-0.15815885,-0.15740095,-0.19795567,-0.15106063,-0.07294749,-0.2039893,-0.15483329,-0.15812364,-0.104459345,-0.15444338,-0.17466888,-0.13176009,-0.15484044,-0.15109587,-0.10913184,-0.15467487,-0.05825615,-0.14326635,-0.17082691,-0.1547797,-0.18883844,-0.15487209,-0.31316653,-0.15486239,-0.16808087,-0.14331596,-0.15486443,-0.15816736,-0.25088155,-0.15487245,-0.22115314,-0.07562123,-0.086852394,-0.10702289,-0.060967896,-0.14823869,-0.16796505,-0.15746465,-0.22133875,-0.12812386,-0.0969081,-0.16398169,-0.12716047,-0.11335766,-0.18846886,-0.13030095,-0.17755464,-0.0994983,-0.115196005,-0.15478072,-0.11662802,-0.19749595,-0.14526704,-0.12781724,-0.096878245,-0.15478036,-0.15797243,-0.12434345,-0.11230643,-0.063823454,-0.15470967,-0.11419349,-0.10007019,-0.24483351,-0.15487298,-0.15815902,-0.16344379,-0.1759062,-0.12524253,-0.1548583,-0.0782174,-0.19187105,-0.18185812,-0.09859173,-0.11065883,-0.154532,-0.15784615,-0.083404,-0.1213824,-0.13072303,-0.13855581,-0.19385117,-0.15483585,-0.15816422,-0.19487974,-0.23847799,-0.2432746,-0.12995982,-0.15466717,-0.1581356,-0.14520228,-0.2961179,-0.15487224,-0.19813283,-0.13020135,-0.15480815,-0.060104962,-0.15931924,-0.15487048,-0.2028091,-0.2868003,-0.11816878,-0.14795661,-0.10060286,-0.15471481,-0.13614628,-0.20725825,-0.17393659,-0.125103,-0.15657571,-0.15690626,-0.15486908,-0.15816665,-0.16221246,-0.22200036,-0.13037401,-0.2814266,-0.1548734,-0.1915083,-0.24371436,-0.16952515,-0.15478453,-0.13369927,-0.12557748,-0.15486592,-0.18106565,-0.15487313,-0.18642783,-0.15481618,-0.30462334,-0.15476194,-0.14691104,-0.13029914,-0.15486017,-0.15815426,-0.18915205,-0.13029318,-0.15486515,-0.10481856,-0.1650517,-0.154863,-0.15816869,-0.15813914,-0.12986115,-0.15476741,-0.15813473,-0.15812548,-0.15813714,-0.1581451,-0.16505513,-0.17392421,-0.15485847,-0.15816146,-0.15815136,-0.15816197,-0.2025511,-0.15354379,-0.14723541,-0.15386483,-0.11499533,-0.10471026,-0.11893196,-0.15486208,-0.15808979,-0.13025178,-0.19501048,-0.15486994,-0.18738703,-0.11705899,-0.17429145,-0.15486,-0.06652963,-0.15461333,-0.10737923,-0.124497145,-0.15298569,-0.052188452,-0.26007295
k__Bacteria|p__Firmicutes|c__Bacilli|o__Lactobacillales|f__Lactobacillaceae|g__Lactobacillus|s__Lactobacillus_johnsonii,-0.1004395,-0.12316422,-0.15559205,-0.15895322,-0.15895356,-0.23867357,-0.1666669,-0.16813041,-0.10929718,-0.22895765,-0.23728925,-0.15559801,-0.22850217,-0.3768707,-0.08556121,-0.15510237,-0.058144663,-0.15493509,-0.15887606,-0.19931981,-0.1978925,-0.13040972,-0.15555406,-0.12711628,-0.20043859,-0.11658599,-0.182019,-0.25032333,-0.1509206,-0.15556015,-0.15142563,-0.10844302,-0.18249588,-0.28454733,-0.15558144,-0.13062978,-0.15559503,-0.22338755,-0.15559846,-0.29867563,-0.15559855,-0.29356226,-0.1298244,-0.1554147,-0.13691942,-0.1555916,-0.23188588,-0.24781659,-0.1296162,-0.13063723,-0.24679694,-0.18279888,-0.25087595,-0.26027086,-0.28621647,-0.27511892,-0.11894142,-0.155491,-0.040142577,-0.056944285,-0.15470053,-0.11274739,-0.13743341,-0.13050441,-0.15557158,-0.15894774,-0.15895328,-0.15895408,-0.27573854,-0.15554985,-0.1305029,-0.16243835,-0.12334165,-0.14074792,-0.15555611,-0.15887658,-0.14481027,-0.13061157,-0.18691605,-0.14998752,-0.15558356,-0.158927,-0.15894094,-0.1588583,-0.120334074,-0.13700745,-0.08858878,-0.1555762,-0.19008024,-0.15559001,-0.2004665,-0.11139822,-0.1388583,-0.13027036,-0.1074974,-0.15152657,-0.15547094,-0.15858388,-0.10065024,-0.08152827,-0.09427856,-0.15553185,-0.11960925,-0.15027548,-0.16982608,-0.1185138,-0.15555245,-0.15894574,-0.17738779,-0.15176103,-0.15559354,-0.25953975,-0.17989698,-0.13525523,-0.15559012,-0.15095688,-0.17780018,-0.2009549,-0.15556458,-0.09015879,-0.15522802,-0.12151222,-0.121854745,-0.13997786,-0.21433522,-0.13908121,-0.16057305,-0.15550192,-0.07092635,-0.15481895,-0.1579975,-0.18733518,-0.1552751,-0.13049686,-0.12334781,-0.14100276,-0.15554005,-0.114095174,-0.25318068,-0.26654312,-0.12966928,-0.10945694,-0.15552908,-0.09238048,-0.20963459,-0.15559036,-0.15884718,-0.12995315,-0.15550229,-0.16015086,-0.1553517,-0.15559575,-0.19704957,-0.20616047,-0.12932792,-0.10460003,-0.11361031,-0.10256614,-0.15558659,-0.19495486,-0.15555643,-0.12988429,-0.15539795,-0.041086134,-0.12967405,-0.1555942,-0.2300741,-0.15556726,-0.10384405,-0.15386307,-0.0784167,-0.15541989,-0.12766197,-0.15544435,-0.121451,-0.075820275,-0.09192432,-0.101488546,-0.15526891,-0.15883741,-0.12378413,-0.15540263,-0.1410757,-0.13984437,-0.18093297,-0.15559724,-0.25777104,-0.12844054,-0.1554851,-0.13462572,-0.119081676,-0.15556125,-0.1589483,-0.15895033,-0.1589517,-0.19755594,-0.25103784,-0.20219928,-0.19465852,-0.24831252,-0.20506537,-0.22091979,-0.15557864,-0.1301851,-0.11956477,-0.15557286,-0.15894383,-0.20931396,-0.18224281,-0.15556177,-0.32474133,-0.15559493,-0.15895493,-0.1589536,-0.15895315,-0.2185038,-0.15556066,-0.114121355,-0.15556484,-0.15893638,-0.15894406,-0.22984435,-0.15558727,-0.158922,-0.08963354,-0.15546367,-0.15889522,-0.15891673,-0.1589184,-0.13302092,-0.1051107,-0.14014931,-0.15141064,-0.15839578,-0.15615125,-0.14613561,-0.15558282,-0.12319561,-0.13057809,-0.15553927,-0.15895472,-0.15895414,-0.15895414,-0.15895477,-0.38518023,-0.11451449,-0.15554826,-0.15564899,-0.14443555,-0.16636807,-0.15558927,-0.1588599,-0.12993515,-0.047159404,-0.1484077,-0.14016809,-0.14106366,-0.15541461,-0.19987361,-0.1649412,-0.17166539,-0.15556246,-0.15890367,-0.12722544,-0.14610182,-0.2588673,-0.13036324,-0.1554423,-0.09132757,-0.12832497,-0.13684332,-0.16221203,-0.15659244,-0.12974463,-0.15528466,-0.15884075,-0.15889958,-0.15894027,-0.15740095,-0.19795567,-0.15106063,-0.07294749,-0.2039893,-0.1555492,-0.15889794,-0.104459345,-0.15517882,-0.17466888,-0.13176009,-0.15555793,-0.15109587,-0.10913184,-0.15536115,-0.05825615,-0.14326635,-0.17082691,-0.1554841,-0.18883844,-0.15559629,-0.31316653,-0.15558447,-0.16808087,-0.14331596,-0.15558699,-0.15895057,-0.25088155,-0.15559673,-0.22115314,-0.07562123,-0.086852394,-0.10702289,-0.060967896,-0.14752616,-0.16796505,-0.15746465,-0.22133875,-0.12812386,-0.0969081,-0.16398169,-0.12716047,-0.11335766,-0.18846886,-0.13057098,-0.17755464,-0.0994983,-0.115196005,-0.15548554,-0.11662802,-0.19749595,-0.14526704,-0.12781724,-0.096878245,-0.1554856,-0.15871567,-0.12434345,-0.11230643,-0.063823454,-0.15540135,-0.11419349,-0.10007019,-0.24483351,-0.15559736,-0.15894002,-0.16344379,-0.1759062,-0.12524253,-0.15557955,-0.0782174,-0.19187105,-0.18185812,-0.09859173,-0.11065883,-0.15518574,-0.15856266,-0.083404,-0.1213824,-0.13072303,-0.13855581,-0.19385117,-0.15555224,-0.15894674,-0.19487974,-0.23847799,-0.2432746,-0.13018736,-0.15534893,-0.15891196,-0.14520228,-0.2961179,-0.15559648,-0.19813283,-0.13046443,-0.15551901,-0.060104962,-0.15931924,-0.15559432,-0.2028091,-0.2868003,-0.11816878,-0.14795661,-0.10060286,-0.15540567,-0.13614628,-0.20725825,-0.17393659,-0.125103,-0.15657571,-0.15690626,-0.15559262,-0.1589497,-0.16221246,-0.22200036,-0.13065535,-0.2814266,-0.15559787,-0.1915083,-0.24371436,-0.16952515,-0.15549049,-0.13369927,-0.12557748,-0.1555888,-0.18106565,-0.15559757,-0.18642783,-0.15552816,-0.30462334,-0.15546231,-0.14691104,-0.13029914,-0.15558183,-0.15893465,-0.18915205,-0.13056093,-0.15558788,-0.10481856,-0.1650517,-0.15558526,-0.15895218,-0.1589157,-0.13010783,-0.15546986,-0.15891096,-0.15889984,-0.1589139,-0.15892377,-0.16505513,-0.17392421,-0.15557975,-0.15894344,-0.1589311,-0.15894404,-0.2025511,-0.15354379,-0.14723541,-0.15437004,-0.11499533,-0.10471026,-0.11893196,-0.15558416,-0.15885562,-0.13051419,-0.19501048,-0.1555937,-0.18738703,-0.11705899,-0.17429145,-0.15558115,-0.06652963,-0.15528643,-0.10737923,-0.124497145,-0.15298569,-0.052188452,-0.26007295
k__Bacteria|p__Firmicutes|c__Bacilli|o__Lactobacillales|f__Lactobacillaceae|g__Leuconostoc|s__Leuconostoc_pseudomesenteroides,-0.1004395,-0.12316422,-0.15499358,-0.15828995,-0.15829024,-0.23867357,-0.1666669,-0.16813041,-0.10929718,-0.22895765,-0.23728925,-0.15499856,-0.22850217,-0.3768707,-0.08556121,-0.15458612,-0.058144663,-0.1544443,-0.15822557,-0.19931981,-0.1978925,-0.13032894,-0.15496191,-0.12711628,-0.20043859,-0.11658599,-0.182019,-0.25032333,-0.1509206,-0.15496704,-0.15142563,-0.10844302,-0.18249588,-0.28454733,-0.15498504,-0.13051227,-0.15499607,-0.22338755,-0.15499894,-0.29867563,-0.15499902,-0.29356226,-0.12984872,-0.15484586,-0.13691942,-0.1549932,-0.23188588,-0.24781659,-0.1296162,-0.13051829,-0.24679694,-0.18279888,-0.25087595,-0.26027086,-0.28621647,-0.27511892,-0.11894142,-0.15490909,-0.040142577,-0.056944285,-0.15424648,-0.11274739,-0.13743341,-0.13040692,-0.15497646,-0.15828538,-0.15829001,-0.15829068,-0.27573854,-0.15495846,-0.13040695,-0.16243835,-0.12334165,-0.14074792,-0.15496348,-0.15887658,-0.14481027,-0.13049737,-0.18691605,-0.14998752,-0.15498644,-0.15826799,-0.15827969,-0.15821335,-0.120334074,-0.13700745,-0.08858878,-0.1549803,-0.19008024,-0.15499187,-0.2004665,-0.11139822,-0.1388583,-0.13027036,-0.1074974,-0.15152657,-0.15489209,-0.15798783,-0.10065024,-0.08152827,-0.09427856,-0.1549433,-0.11960925,-0.15027548,-0.16982608,-0.1185138,-0.15496057,-0.15828371,-0.17738779,-0.15176103,-0.15499483,-0.25953975,-0.17989698,-0.13525523,-0.15499194,-0.15095688,-0.17780018,-0.2009549,-0.15497124,-0.09015879,-0.154689,-0.12151222,-0.121854745,-0.13997786,-0.21433522,-0.13908121,-0.16057305,-0.15491824,-0.07092635,-0.15434831,-0.1574893,-0.18733518,-0.15472966,-0.13040186,-0.12334781,-0.14100276,-0.15495005,-0.114095174,-0.25318068,-0.26654312,-0.12968901,-0.10945694,-0.1549409,-0.09238048,-0.20963459,-0.15499216,-0.15820327,-0.12994622,-0.1549188,-0.16015086,-0.1553517,-0.15499666,-0.19704957,-0.20616047,-0.12939703,-0.10460003,-0.11361031,-0.10256614,-0.15498899,-0.19495486,-0.15496463,-0.1298733,-0.15483154,-0.041086134,-0.12967405,-0.15499537,-0.2300741,-0.15497363,-0.10384405,-0.15354778,-0.0784167,-0.15484987,-0.12766197,-0.15486999,-0.121451,-0.075820275,-0.09192432,-0.101488546,-0.15472317,-0.15819308,-0.12378413,-0.15484098,-0.1410757,-0.13984437,-0.18093297,-0.15499792,-0.25777104,-0.12844054,-0.1549057,-0.13462572,-0.119081676,-0.1549678,-0.15828587,-0.15828754,-0.15828869,-0.19755594,-0.25103784,-0.20219928,-0.19465852,-0.24831252,-0.20506537,-0.22091979,-0.15498254,-0.13014027,-0.11956477,-0.15497756,-0.15828212,-0.20931396,-0.18224281,-0.15496883,-0.32474133,-0.15499596,-0.1582914,-0.1582903,-0.15828991,-0.2185038,-0.15496802,-0.114121355,-0.15497085,-0.15827587,-0.15828234,-0.22984435,-0.15498954,-0.15826477,-0.08963354,-0.15488634,-0.15824142,-0.15825942,-0.15826082,-0.13302092,-0.1051107,-0.14014931,-0.15141064,-0.15839578,-0.15615125,-0.14613561,-0.15498587,-0.12319561,-0.13046926,-0.15494934,-0.15829122,-0.15829074,-0.15829074,-0.15829125,-0.38518023,-0.11451449,-0.1549569,-0.15564899,-0.14443555,-0.16636807,-0.15499124,-0.15821272,-0.12993515,-0.047159404,-0.14897548,-0.14016809,-0.14106366,-0.15484488,-0.19987361,-0.1649412,-0.17166539,-0.1549688,-0.15824848,-0.12722544,-0.14610182,-0.2588673,-0.13028783,-0.15486832,-0.09132757,-0.12832497,-0.13684332,-0.16221203,-0.15659244,-0.12974863,-0.15473703,-0.15819591,-0.15824513,-0.15827915,-0.15740095,-0.19795567,-0.15106063,-0.07294749,-0.2039893,-0.15495768,-0.15824369,-0.104459345,-0.15463671,-0.17466888,-0.13176009,-0.15496498,-0.15109587,-0.10913184,-0.1548005,-0.05825615,-0.14326635,-0.17082691,-0.15490317,-0.18883844,-0.15499711,-0.31316653,-0.15498725,-0.16808087,-0.14331596,-0.15498933,-0.15828773,-0.25088155,-0.1549975,-0.22115314,-0.07562123,-0.086852394,-0.10702289,-0.060967896,-0.1482323,-0.16796505,-0.15746465,-0.22133875,-0.12812386,-0.0969081,-0.16398169,-0.12716047,-0.11335766,-0.18846886,-0.13046348,-0.17755464,-0.0994983,-0.115196005,-0.15490443,-0.11662802,-0.19749595,-0.14526704,-0.12781724,-0.096878245,-0.15490453,-0.15809117,-0.12434345,-0.11230643,-0.063823454,-0.15483421,-0.11419349,-0.10007019,-0.24483351,-0.154998,-0.15827933,-0.16344379,-0.1759062,-0.12524253,-0.1549831,-0.0782174,-0.19187105,-0.18185812,-0.09859173,-0.11065883,-0.15465342,-0.1579632,-0.083404,-0.1213824,-0.13072303,-0.13855581,-0.19385117,-0.15496024,-0.15828454,-0.19487974,-0.23847799,-0.2432746,-0.13013548,-0.15479007,-0.15825546,-0.14520228,-0.2961179,-0.15499726,-0.19813283,-0.1303741,-0.1549325,-0.060104962,-0.15931924,-0.15499547,-0.2028091,-0.2868003,-0.11816878,-0.14795661,-0.10060286,-0.1548377,-0.13614628,-0.20725825,-0.17393659,-0.125103,-0.15657571,-0.15690626,-0.15499407,-0.15828702,-0.16221246,-0.22200036,-0.13053337,-0.2814266,-0.15499844,-0.1915083,-0.24371436,-0.16952515,-0.15491134,-0.13369927,-0.12557748,-0.15499085,-0.18106565,-0.15499818,-0.18642783,-0.1549412,-0.30462334,-0.15488482,-0.14691104,-0.13029914,-0.154985,-0.15827444,-0.18915205,-0.13045545,-0.1549901,-0.10481856,-0.1650517,-0.15498787,-0.15828909,-0.15825972,-0.13006489,-0.15489131,-0.15825458,-0.1582453,-0.15825707,-0.15826543,-0.16505513,-0.17392421,-0.15498327,-0.15828176,-0.15827143,-0.15828228,-0.2025511,-0.15354379,-0.14723541,-0.15396932,-0.11499533,-0.10471026,-0.11893196,-0.15498698,-0.1582107,-0.13041618,-0.19501048,-0.15499495,-0.18738703,-0.11705899,-0.17429145,-0.15498531,-0.06652963,-0.15473866,-0.10737923,-0.124497145,-0.15298569,-0.052188452,-0.26007295
k__Bacteria|p__Firmicutes|c__Bacilli|o__Lactobacillales|f__Lactobacillaceae|g__Limosilactobacillus|s__Limosilactobacillus_coleohominis,-0.1004395,-0.12316422,-0.15498659,-0.1582878,-0.15828806,-0.23867357,-0.1666669,-0.16813041,-0.10929718,-0.22895765,-0.23728925,-0.15499148,-0.22850217,-0.3768707,-0.08556121,-0.15458257,-0.058144663,-0.154453,-0.15822485,-0.19931981,-0.1978925,-0.13027371,-0.15495577,-0.12711628,-0.20043859,-0.11658599,-0.182019,-0.25032333,-0.1509206,-0.15496069,-0.15142563,-0.10844302,-0.18249588,-0.28454733,-0.15497786,-0.13046883,-0.15498903,-0.22338755,-0.15499184,-0.29867563,-0.1549919,-0.29356226,-0.12976716,-0.15484175,-0.13691942,-0.15498629,-0.23188588,-0.24781659,-0.1296162,-0.1304749,-0.24679694,-0.18279888,-0.25087595,-0.26027086,-0.28621647,-0.27511892,-0.11894142,-0.15490384,-0.040142577,-0.056944285,-0.15425879,-0.11274739,-0.13743341,-0.13035464,-0.15496978,-0.15828334,-0.15828785,-0.15828851,-0.27573854,-0.15495065,-0.13035846,-0.16243835,-0.12334165,-0.14074792,-0.1549574,-0.15887658,-0.14481027,-0.13045293,-0.18691605,-0.14998752,-0.15497968,-0.1582664,-0.15827769,-0.1582094,-0.120334074,-0.13700745,-0.08858878,-0.15497369,-0.19008024,-0.15498497,-0.2004665,-0.11139822,-0.1388583,-0.13027036,-0.1074974,-0.15152657,-0.15488783,-0.15796497,-0.10065024,-0.08152827,-0.09427856,-0.15493765,-0.11960925,-0.15027548,-0.16982608,-0.1185138,-0.15495436,-0.15828171,-0.17738779,-0.15176103,-0.15498781,-0.25953975,-0.17989698,-0.13525523,-0.15498501,-0.15095688,-0.17780018,-0.2009549,-0.15496358,-0.09015879,-0.15468994,-0.12151222,-0.121854745,-0.13997786,-0.21433522,-0.13908121,-0.16057305,-0.15491319,-0.07092635,-0.15435487,-0.15750363,-0.18733518,-0.15472545,-0.13034078,-0.12334781,-0.14100276,-0.15494429,-0.114095174,-0.25318068,-0.26654312,-0.12955134,-0.10945694,-0.15493542,-0.09238048,-0.20963459,-0.15498525,-0.15820183,-0.1298339,-0.15491329,-0.16015086,-0.1553517,-0.15498963,-0.19704957,-0.20616047,-0.12925379,-0.10460003,-0.11361031,-0.10256614,-0.1549822,-0.19495486,-0.15495753,-0.12974365,-0.15482885,-0.041086134,-0.12967405,-0.15498835,-0.2300741,-0.15496671,-0.10384405,-0.15356278,-0.0784167,-0.15484568,-0.12766197,-0.15486607,-0.121451,-0.075820275,-0.09192432,-0.101488546,-0.15472114,-0.15819341,-0.12378413,-0.15482941,-0.1410757,-0.13984437,-0.18093297,-0.15499082,-0.25777104,-0.12844054,-0.15489796,-0.13462572,-0.119081676,-0.1549616,-0.15828378,-0.15828544,-0.15828657,-0.19755594,-0.25103784,-0.20219928,-0.19465852,-0.24831252,-0.20506537,-0.22091979,-0.15497565,-0.13004033,-0.11956477,-0.1549711,-0.15828015,-0.20931396,-0.18224281,-0.1549618,-0.32474133,-0.15498894,-0.1582892,-0.15828812,-0.15828773,-0.2185038,-0.1549606,-0.114121355,-0.1549643,-0.15827392,-0.15828037,-0.22984435,-0.15498273,-0.15826175,-0.08963354,-0.15488145,-0.1582407,-0.15825799,-0.15825954,-0.13302092,-0.1051107,-0.14014931,-0.15141064,-0.15839578,-0.15615125,-0.14613561,-0.15497917,-0.12319561,-0.1304251,-0.15494338,-0.15828902,-0.15828854,-0.15828857,-0.15828906,-0.38518023,-0.11451449,-0.15495093,-0.15564899,-0.14443555,-0.16636807,-0.15498431,-0.15821159,-0.12993515,-0.047159404,-0.14910886,-0.14016809,-0.14106366,-0.15484202,-0.19987361,-0.1649412,-0.17166539,-0.15496257,-0.15824768,-0.12722544,-0.14610182,-0.2588673,-0.13021708,-0.1548638,-0.09132757,-0.12832497,-0.13684332,-0.16221203,-0.15659244,-0.12960127,-0.15473354,-0.15819593,-0.1582442,-0.15827726,-0.15740095,-0.19795567,-0.15106063,-0.07294749,-0.2039893,-0.15495154,-0.15824278,-0.104459345,-0.1545704,-0.17466888,-0.13176009,-0.154959,-0.15109587,-0.10913184,-0.15479581,-0.05825615,-0.14326635,-0.17082691,-0.15489852,-0.18883844,-0.15499005,-0.31316653,-0.1549803,-0.16808087,-0.14331596,-0.15498248,-0.15828562,-0.25088155,-0.1549904,-0.22115314,-0.07562123,-0.086852394,-0.10702289,-0.060967896,-0.14838296,-0.16796505,-0.15746465,-0.22133875,-0.12812386,-0.0969081,-0.16398169,-0.12716047,-0.11335766,-0.18846886,-0.13041757,-0.17755464,-0.0994983,-0.115196005,-0.1548997,-0.11662802,-0.19749595,-0.14526704,-0.12781724,-0.096878245,-0.15489995,-0.15809338,-0.12434345,-0.11230643,-0.063823454,-0.15483019,-0.11419349,-0.10007019,-0.24483351,-0.15499094,-0.15827724,-0.16344379,-0.1759062,-0.12524253,-0.15497649,-0.0782174,-0.19187105,-0.18185812,-0.09859173,-0.11065883,-0.15465535,-0.15796916,-0.083404,-0.1213824,-0.13072303,-0.13855581,-0.19385117,-0.15495403,-0.15828255,-0.19487974,-0.23847799,-0.2432746,-0.13008086,-0.15478784,-0.15825418,-0.14520228,-0.2961179,-0.15499021,-0.19813283,-0.13031733,-0.15492667,-0.060104962,-0.15931924,-0.15498844,-0.2028091,-0.2868003,-0.11816878,-0.14795661,-0.10060286,-0.15483412,-0.13614628,-0.20725825,-0.17393659,-0.125103,-0.15657571,-0.15690626,-0.15498705,-0.15828493,-0.16221246,-0.22200036,-0.13048998,-0.2814266,-0.15499133,-0.1915083,-0.24371436,-0.16952515,-0.15490326,-0.13369927,-0.12557748,-0.15498394,-0.18106565,-0.15499109,-0.18642783,-0.1549342,-0.30462334,-0.15488045,-0.14691104,-0.13029914,-0.15497828,-0.15827274,-0.18915205,-0.13041024,-0.15498322,-0.10481856,-0.1650517,-0.15498102,-0.15828696,-0.1582574,-0.12998126,-0.15488695,-0.15825316,-0.15824416,-0.1582556,-0.15826374,-0.16505513,-0.17392421,-0.15497652,-0.1582798,-0.15826976,-0.15828034,-0.2025511,-0.15354379,-0.14723541,-0.15398507,-0.11499533,-0.10471026,-0.11893196,-0.15498017,-0.15820892,-0.1303701,-0.19501048,-0.15498793,-0.18738703,-0.11705899,-0.17429145,-0.1549781,-0.06652963,-0.15473664,-0.10737923,-0.124497145,-0.15298569,-0.052188452,-0.26007295
k__Bacteria|p__Firmicutes|c__Bacilli|o__Lactobacillales|f__Lactobacillaceae|g__Limosilactobacillus|s__Limosilactobacillus_antri,-0.1004395,-0.12316422,-0.15515089,-0.15853369,-0.15853405,-0.23867357,-0.1666669,-0.16813041,-0.10929718,-0.22895765,-0.23728925,-0.15515724,-0.22850217,-0.3768707,-0.08556121,-0.15464394,-0.058144663,-0.154463,-0.15845206,-0.19931981,-0.1978925,-0.12979728,-0.15511093,-0.12711628,-0.20043859,-0.11658599,-0.182019,-0.25032333,-0.1509206,-0.15511699,-0.15142563,-0.10844302,-0.18249588,-0.28454733,-0.15513977,-0.13002943,-0.15515406,-0.22338755,-0.15515772,-0.29867563,-0.1551578,-0.29356226,-0.1291739,-0.1549618,-0.13691942,-0.1551505,-0.23188588,-0.24781659,-0.1296162,-0.13003656,-0.24679694,-0.18279888,-0.25087595,-0.26027086,-0.28621647,-0.27511892,-0.11894142,-0.15504417,-0.040142577,-0.056944285,-0.15419674,-0.11274739,-0.13743341,-0.12989376,-0.15512893,-0.15852788,-0.15853372,-0.1585346,-0.27573854,-0.15510654,-0.12989442,-0.16243835,-0.12334165,-0.14074792,-0.15511277,-0.15887658,-0.14481027,-0.13001002,-0.18691605,-0.14998752,-0.15514193,-0.15850583,-0.1585205,-0.1584365,-0.120334074,-0.13700745,-0.08858878,-0.15513411,-0.19008024,-0.15514874,-0.2004665,-0.11139822,-0.1388583,-0.13027036,-0.1074974,-0.15152657,-0.15502253,-0.15816078,-0.10065024,-0.08152827,-0.09427856,-0.15508752,-0.11960925,-0.15027548,-0.16982608,-0.1185138,-0.15510893,-0.15852578,-0.17738779,-0.15176103,-0.15515247,-0.25953975,-0.17989698,-0.13525523,-0.15514883,-0.15095688,-0.17780018,-0.2009549,-0.15512188,-0.09015879,-0.15476704,-0.12151222,-0.121854745,-0.13997786,-0.21433522,-0.13908121,-0.16057305,-0.15505596,-0.07092635,-0.1543375,-0.15750374,-0.18733518,-0.15481147,-0.12988156,-0.12334781,-0.14100276,-0.1550959,-0.114095174,-0.25318068,-0.26654312,-0.12900251,-0.10945694,-0.15508442,-0.09238048,-0.20963459,-0.15514913,-0.15842259,-0.12930605,-0.15505642,-0.16015086,-0.1553517,-0.15515482,-0.19704957,-0.20616047,-0.12861204,-0.10460003,-0.11361031,-0.10256614,-0.15514517,-0.19495486,-0.15511432,-0.12921683,-0.15494737,-0.041086134,-0.12967405,-0.15515313,-0.2300741,-0.1551255,-0.10384405,-0.15334663,-0.0784167,-0.15497003,-0.12766197,-0.1549947,-0.121451,-0.075820275,-0.09192432,-0.101488546,-0.1548088,-0.1584115,-0.12378413,-0.15496197,-0.1410757,-0.13984437,-0.18093297,-0.1551564,-0.25777104,-0.12844054,-0.1550408,-0.13462572,-0.119081676,-0.15511855,-0.15852848,-0.15853062,-0.15853208,-0.19755594,-0.25103784,-0.20219928,-0.19465852,-0.24831252,-0.20506537,-0.22091979,-0.15513682,-0.12954915,-0.11956477,-0.15513077,-0.15852368,-0.20931396,-0.18224281,-0.15511945,-0.32474133,-0.15515397,-0.15853551,-0.15853411,-0.1585336,-0.2185038,-0.15511903,-0.114121355,-0.15512188,-0.15851545,-0.15852402,-0.22984435,-0.15514588,-0.1585019,-0.08963354,-0.15501499,-0.15847263,-0.1584947,-0.158497,-0.13302092,-0.1051107,-0.14014931,-0.15141064,-0.15839578,-0.15615125,-0.14613561,-0.1551413,-0.12319561,-0.1299739,-0.15509406,-0.15853527,-0.15853466,-0.15853468,-0.15853533,-0.38518023,-0.11451449,-0.15510431,-0.15564899,-0.14443555,-0.16636807,-0.15514785,-0.15843415,-0.12993515,-0.047159404,-0.14742619,-0.14016809,-0.14106366,-0.15496163,-0.19987361,-0.1649412,-0.17166539,-0.15511957,-0.15848158,-0.12722544,-0.14610182,-0.2588673,-0.12974924,-0.15499291,-0.09132757,-0.12832497,-0.13684332,-0.16221203,-0.15659244,-0.12908947,-0.15482655,-0.15841474,-0.15847714,-0.15852001,-0.15740095,-0.19795567,-0.15106063,-0.07294749,-0.2039893,-0.15510502,-0.15847574,-0.104459345,-0.15472038,-0.17466888,-0.13176009,-0.15511504,-0.15109587,-0.10913184,-0.15490788,-0.05825615,-0.14326635,-0.17082691,-0.15503575,-0.18883844,-0.15515536,-0.31316653,-0.15514262,-0.16808087,-0.14331596,-0.15514553,-0.15853083,-0.25088155,-0.15515584,-0.22115314,-0.07562123,-0.086852394,-0.10702289,-0.060967896,-0.1464754,-0.16796505,-0.15746465,-0.22133875,-0.12812386,-0.0969081,-0.16398169,-0.12716047,-0.11335766,-0.18846886,-0.12996733,-0.17755464,-0.0994983,-0.115196005,-0.15503773,-0.11662802,-0.19749595,-0.14526704,-0.12781724,-0.096878245,-0.15503904,-0.15828261,-0.12434345,-0.11230643,-0.063823454,-0.15495008,-0.11419349,-0.10007019,-0.24483351,-0.15515655,-0.1585201,-0.16344379,-0.1759062,-0.12524253,-0.15513772,-0.0782174,-0.19187105,-0.18185812,-0.09859173,-0.11065883,-0.1547218,-0.15812065,-0.083404,-0.1213824,-0.13072303,-0.13855581,-0.19385117,-0.15510824,-0.15852684,-0.19487974,-0.23847799,-0.2432746,-0.12956516,-0.15489341,-0.15848976,-0.14520228,-0.2961179,-0.15515561,-0.19813283,-0.12985417,-0.15507321,-0.060104962,-0.15931924,-0.15515327,-0.2028091,-0.2868003,-0.11816878,-0.14795661,-0.10060286,-0.15495223,-0.13614628,-0.20725825,-0.17393659,-0.125103,-0.15657571,-0.15690626,-0.15515149,-0.15852997,-0.16221246,-0.22200036,-0.13005576,-0.2814266,-0.15515709,-0.1915083,-0.24371436,-0.16952515,-0.15504646,-0.13369927,-0.12557748,-0.1551474,-0.18106565,-0.15515676,-0.18642783,-0.1550836,-0.30462334,-0.15501153,-0.14691104,-0.13029914,-0.15514001,-0.15851408,-0.18915205,-0.12995782,-0.15514657,-0.10481856,-0.1650517,-0.15514353,-0.15853256,-0.15849514,-0.12948838,-0.1550217,-0.15848844,-0.15847692,-0.15849166,-0.15850282,-0.16505513,-0.17392421,-0.15513772,-0.15852332,-0.15851012,-0.15852398,-0.2025511,-0.15354379,-0.14723541,-0.15383366,-0.11499533,-0.10471026,-0.11893196,-0.15514255,-0.15843315,-0.12990923,-0.19501048,-0.15515259,-0.18738703,-0.11705899,-0.17429145,-0.15514065,-0.06652963,-0.15483072,-0.10737923,-0.124497145,-0.15298569,-0.052188452,-0.26007295
k__Bacteria|p__Firmicutes|c__Erysipelotrichia|o__Erysipelotrichales|f__Erysipelotrichaceae|g__Holdemania|s__Holdemania_massiliensis,-0.1004395,-0.12316422,-0.15527797,-0.15858173,-0.15858203,-0.23867357,-0.1666669,-0.16813041,-0.10929718,-0.22895765,-0.23728925,-0.1552828,-0.22850217,-0.3768707,-0.08556121,-0.15487361,-0.058144663,-0.15474258,-0.15851936,-0.19931981,-0.1978925,-0.13054958,-0.15524729,-0.12711628,-0.20043859,-0.11658599,-0.182019,-0.25032333,-0.1509206,-0.15525237,-0.15142563,-0.10844302,-0.18249588,-0.28454733,-0.15526953,-0.13074082,-0.15528038,-0.22338755,-0.15528315,-0.29867563,-0.15528323,-0.29356226,-0.13003442,-0.15513504,-0.13691942,-0.15527764,-0.23188588,-0.24781659,-0.1296162,-0.13074698,-0.24679694,-0.18279888,-0.25087595,-0.26027086,-0.28621647,-0.27511892,-0.11894142,-0.1551958,-0.040142577,-0.056944285,-0.15455776,-0.11274739,-0.13743341,-0.13062991,-0.15526143,-0.15857732,-0.15858182,-0.15858245,-0.27573854,-0.15524298,-0.13063228,-0.16243835,-0.12334165,-0.14074792,-0.15524888,-0.15887658,-0.14481027,-0.13072515,-0.18691605,-0.14998752,-0.15527108,-0.15856051,-0.15857182,-0.1585054,-0.120334074,-0.13700745,-0.08858878,-0.15526512,-0.19008024,-0.15527633,-0.2004665,-0.11139822,-0.1388583,-0.13027036,-0.1074974,-0.15152657,-0.15517959,-0.15826313,-0.10065024,-0.08152827,-0.09427856,-0.15522918,-0.11960925,-0.15027548,-0.16982608,-0.1185138,-0.15524614,-0.1585757,-0.17738779,-0.15176103,-0.1552792,-0.25953975,-0.17989698,-0.13525523,-0.15527639,-0.15095688,-0.17780018,-0.2009549,-0.15525588,-0.09015879,-0.15498185,-0.12151222,-0.121854745,-0.13997786,-0.21433522,-0.13908121,-0.16057305,-0.1552048,-0.07092635,-0.15464872,-0.15781087,-0.18733518,-0.15502283,-0.13061588,-0.12334781,-0.14100276,-0.15523584,-0.114095174,-0.25318068,-0.26654312,-0.12985,-0.10945694,-0.15522692,-0.09238048,-0.20963459,-0.1552766,-0.1584978,-0.130121,-0.15520532,-0.16015086,-0.1553517,-0.15528098,-0.19704957,-0.20616047,-0.12955017,-0.10460003,-0.11361031,-0.10256614,-0.15527353,-0.19495486,-0.15524954,-0.13003837,-0.15512037,-0.041086134,-0.12967405,-0.15527973,-0.2300741,-0.1552586,-0.10384405,-0.15386274,-0.0784167,-0.15513825,-0.12766197,-0.155158,-0.121451,-0.075820275,-0.09192432,-0.101488546,-0.15501422,-0.15848762,-0.12378413,-0.15512165,-0.1410757,-0.13984437,-0.18093297,-0.15528215,-0.25777104,-0.12844054,-0.15519097,-0.13462572,-0.119081676,-0.15525292,-0.15857777,-0.15857944,-0.15858054,-0.19755594,-0.25103784,-0.20219928,-0.19465852,-0.24831252,-0.20506537,-0.22091979,-0.15526733,-0.13032629,-0.11956477,-0.15526246,-0.1585742,-0.20931396,-0.18224281,-0.15525368,-0.32474133,-0.15528029,-0.15858313,-0.15858206,-0.1585817,-0.2185038,-0.15525284,-0.114121355,-0.15525608,-0.1585682,-0.1585744,-0.22984435,-0.15527406,-0.15855667,-0.08963354,-0.15517384,-0.15853466,-0.15855229,-0.15855348,-0.13302092,-0.1051107,-0.14014931,-0.15141064,-0.15839578,-0.15615125,-0.14613561,-0.15527046,-0.12319561,-0.1306977,-0.15523541,-0.15858296,-0.15858251,-0.15858251,-0.15858302,-0.38518023,-0.11451449,-0.15524256,-0.15564899,-0.14443555,-0.16636807,-0.15527573,-0.15850744,-0.12993515,-0.047159404,-0.1494873,-0.14016809,-0.14106366,-0.1551345,-0.19987361,-0.1649412,-0.17166539,-0.15525399,-0.1585415,-0.12722544,-0.14610182,-0.2588673,-0.13049707,-0.15515576,-0.09132757,-0.12832497,-0.13684332,-0.16221203,-0.15659244,-0.12990755,-0.15502805,-0.15849043,-0.15853831,-0.15857127,-0.15740095,-0.19795567,-0.15106063,-0.07294749,-0.2039893,-0.15524332,-0.15853672,-0.104459345,-0.15487677,-0.17466888,-0.13176009,-0.15525027,-0.15109587,-0.10913184,-0.15508884,-0.05825615,-0.14326635,-0.17082691,-0.15519062,-0.18883844,-0.1552814,-0.31316653,-0.15527193,-0.16808087,-0.14331596,-0.15527385,-0.15857962,-0.25088155,-0.15528178,-0.22115314,-0.07562123,-0.086852394,-0.10702289,-0.060967896,-0.14877,-0.16796505,-0.15746465,-0.22133875,-0.12812386,-0.0969081,-0.16398169,-0.12716047,-0.11335766,-0.18846886,-0.1306905,-0.17755464,-0.0994983,-0.115196005,-0.15519169,-0.11662802,-0.19749595,-0.14526704,-0.12781724,-0.096878245,-0.15519136,-0.15838845,-0.12434345,-0.11230643,-0.063823454,-0.15512252,-0.11419349,-0.10007019,-0.24483351,-0.15528227,-0.15857157,-0.16344379,-0.1759062,-0.12524253,-0.15526783,-0.0782174,-0.19187105,-0.18185812,-0.09859173,-0.11065883,-0.15494767,-0.15826452,-0.083404,-0.1213824,-0.13072303,-0.13855581,-0.19385117,-0.15524586,-0.15857655,-0.19487974,-0.23847799,-0.2432746,-0.13035801,-0.15508033,-0.15854844,-0.14520228,-0.2961179,-0.15528154,-0.19813283,-0.13059427,-0.15521872,-0.060104962,-0.15931924,-0.15527982,-0.2028091,-0.2868003,-0.11816878,-0.14795661,-0.10060286,-0.15512708,-0.13614628,-0.20725825,-0.17393659,-0.125103,-0.15657571,-0.15690626,-0.15527843,-0.1585789,-0.16221246,-0.22200036,-0.13076197,-0.2814266,-0.15528268,-0.1915083,-0.24371436,-0.16952515,-0.15519665,-0.13369927,-0.12557748,-0.15527537,-0.18106565,-0.15528242,-0.18642783,-0.15522699,-0.30462334,-0.15517324,-0.14691104,-0.13029914,-0.15526968,-0.15856674,-0.18915205,-0.13068298,-0.1552746,-0.10481856,-0.1650517,-0.15527248,-0.15858093,-0.15855238,-0.1302703,-0.15517862,-0.15854761,-0.15853849,-0.15854996,-0.15855788,-0.16505513,-0.17392421,-0.15526803,-0.1585738,-0.15856388,-0.15857431,-0.2025511,-0.15354379,-0.14723541,-0.15429258,-0.11499533,-0.10471026,-0.11893196,-0.15527159,-0.15850455,-0.13064261,-0.19501048,-0.15527931,-0.18738703,-0.11705899,-0.17429145,-0.15526985,-0.06652963,-0.15502846,-0.10737923,-0.124497145,-0.15298569,-0.052188452,-0.26007295
k__Bacteria|p__Firmicutes|c__Clostridia|o__Eubacteriales|f__Lachnospiraceae|g__Dorea|s__Dorea_sp_AF24_7LB,-0.1004395,-0.12316422,-0.15528254,-0.15855202,-0.15855232,-0.23867357,-0.1666669,-0.16813041,-0.10929718,-0.22895765,-0.23728925,-0.15528744,-0.22850217,-0.3768707,-0.08556121,-0.1548683,-0.058144663,-0.15472504,-0.15848817,-0.19931981,-0.1978925,-0.13080445,-0.15525076,-0.12711628,-0.20043859,-0.11658599,-0.182019,-0.25032333,-0.1509206,-0.15525636,-0.15142563,-0.10844302,-0.18249588,-0.28454733,-0.15527385,-0.13099939,-0.15528497,-0.22338755,-0.15528785,-0.29867563,-0.1552879,-0.29356226,-0.1302852,-0.15513733,-0.13691942,-0.15528208,-0.23188588,-0.24781659,-0.1296162,-0.13100594,-0.24679694,-0.18279888,-0.25087595,-0.26027086,-0.28621647,-0.27511892,-0.11894142,-0.15519798,-0.040142577,-0.056944285,-0.1545498,-0.11274739,-0.13743341,-0.13088939,-0.15526581,-0.15854745,-0.15855211,-0.15855275,-0.27573854,-0.15524802,-0.13088953,-0.16243835,-0.12334165,-0.14074792,-0.15525253,-0.15887658,-0.14481027,-0.13098273,-0.18691605,-0.14998752,-0.1552754,-0.15853027,-0.15854202,-0.15847516,-0.120334074,-0.13700745,-0.08858878,-0.15526922,-0.19008024,-0.15528078,-0.2004665,-0.11139822,-0.1388583,-0.13027036,-0.1074974,-0.15152657,-0.15518114,-0.15824382,-0.10065024,-0.08152827,-0.09427856,-0.15523198,-0.11960925,-0.15027548,-0.16982608,-0.1185138,-0.15525007,-0.1585458,-0.17738779,-0.15176103,-0.15528378,-0.25953975,-0.17989698,-0.13525523,-0.15528083,-0.15095688,-0.17780018,-0.2009549,-0.15526079,-0.09015879,-0.15497589,-0.12151222,-0.121854745,-0.13997786,-0.21433522,-0.13908121,-0.16057305,-0.1552068,-0.07092635,-0.154637,-0.1577775,-0.18733518,-0.15502864,-0.13087828,-0.12334781,-0.14100276,-0.15523909,-0.114095174,-0.25318068,-0.26654312,-0.13012801,-0.10945694,-0.15522969,-0.09238048,-0.20963459,-0.15528107,-0.15846801,-0.13039033,-0.15520824,-0.16015086,-0.1553517,-0.15528558,-0.19704957,-0.20616047,-0.1298115,-0.10460003,-0.11361031,-0.10256614,-0.15527785,-0.19495486,-0.15525323,-0.13032292,-0.1551192,-0.041086134,-0.12967405,-0.15528437,-0.2300741,-0.15526243,-0.10384405,-0.15383574,-0.0784167,-0.15513948,-0.12766197,-0.15515909,-0.121451,-0.075820275,-0.09192432,-0.101488546,-0.15501164,-0.1584547,-0.12378413,-0.15512578,-0.1410757,-0.13984437,-0.18093297,-0.15528682,-0.25777104,-0.12844054,-0.15519437,-0.13462572,-0.119081676,-0.15525644,-0.15854795,-0.15854964,-0.15855077,-0.19755594,-0.25103784,-0.20219928,-0.19465852,-0.24831252,-0.20506537,-0.22091979,-0.15527177,-0.13059962,-0.11956477,-0.15526636,-0.15854427,-0.20931396,-0.18224281,-0.15525804,-0.32474133,-0.15528485,-0.15855347,-0.15855236,-0.15855196,-0.2185038,-0.1552571,-0.114121355,-0.1552604,-0.15853855,-0.15854448,-0.22984435,-0.1552784,-0.15852702,-0.08963354,-0.15517597,-0.1585031,-0.15852207,-0.1585226,-0.13302092,-0.1051107,-0.14014931,-0.15141064,-0.15839578,-0.15615125,-0.14613561,-0.15527457,-0.12319561,-0.13095549,-0.15523955,-0.15855329,-0.15855283,-0.15855283,-0.15855333,-0.38518023,-0.11451449,-0.15524621,-0.15564899,-0.14443555,-0.16636807,-0.15528029,-0.15847749,-0.12993515,-0.047159404,-0.14944825,-0.14016809,-0.14106366,-0.15513575,-0.19987361,-0.1649412,-0.17166539,-0.15525773,-0.15850997,-0.12722544,-0.14610182,-0.2588673,-0.13075669,-0.15515655,-0.09132757,-0.12832497,-0.13684332,-0.16221203,-0.15659244,-0.130202,-0.15502769,-0.158458,-0.15850708,-0.15854122,-0.15740095,-0.19795567,-0.15106063,-0.07294749,-0.2039893,-0.1552473,-0.1585052,-0.104459345,-0.15493,-0.17466888,-0.13176009,-0.15525353,-0.15109587,-0.10913184,-0.15508953,-0.05825615,-0.14326635,-0.17082691,-0.1551933,-0.18883844,-0.15528604,-0.31316653,-0.15527669,-0.16808087,-0.14331596,-0.15527827,-0.15854992,-0.25088155,-0.15528642,-0.22115314,-0.07562123,-0.086852394,-0.10702289,-0.060967896,-0.14871041,-0.16796505,-0.15746465,-0.22133875,-0.12812386,-0.0969081,-0.16398169,-0.12716047,-0.11335766,-0.18846886,-0.13094833,-0.17755464,-0.0994983,-0.115196005,-0.15519407,-0.11662802,-0.19749595,-0.14526704,-0.12781724,-0.096878245,-0.15519243,-0.15835312,-0.12434345,-0.11230643,-0.063823454,-0.15512285,-0.11419349,-0.10007019,-0.24483351,-0.15528691,-0.15854156,-0.16344379,-0.1759062,-0.12524253,-0.15527198,-0.0782174,-0.19187105,-0.18185812,-0.09859173,-0.11065883,-0.15494165,-0.15822545,-0.083404,-0.1213824,-0.13072303,-0.13855581,-0.19385117,-0.15524998,-0.15854664,-0.19487974,-0.23847799,-0.2432746,-0.13061723,-0.15507948,-0.158518,-0.14520228,-0.2961179,-0.15528616,-0.19813283,-0.13085161,-0.15522213,-0.060104962,-0.15931924,-0.15528443,-0.2028091,-0.2868003,-0.11816878,-0.14795661,-0.10060286,-0.15512864,-0.13614628,-0.20725825,-0.17393659,-0.125103,-0.15657571,-0.15690626,-0.155283,-0.1585491,-0.16221246,-0.22200036,-0.13102141,-0.2814266,-0.15528736,-0.1915083,-0.24371436,-0.16952515,-0.15520057,-0.13369927,-0.12557748,-0.15527987,-0.18106565,-0.15528709,-0.18642783,-0.15523142,-0.30462334,-0.15517649,-0.14691104,-0.13029914,-0.15527403,-0.15853654,-0.18915205,-0.13093911,-0.15527898,-0.10481856,-0.1650517,-0.15527701,-0.15855119,-0.15852216,-0.13054307,-0.1551799,-0.15851742,-0.15850785,-0.15851977,-0.15852743,-0.16505513,-0.17392421,-0.15527242,-0.15854384,-0.15853374,-0.15854436,-0.2025511,-0.15354379,-0.14723541,-0.15429069,-0.11499533,-0.10471026,-0.11893196,-0.15527597,-0.15847364,-0.1308978,-0.19501048,-0.15528396,-0.18738703,-0.11705899,-0.17429145,-0.1552738,-0.06652963,-0.15502475,-0.10737923,-0.124497145,-0.15298569,-0.052188452,-0.26007295
k__Bacteria|p__Firmicutes|c__Bacilli|o__Lactobacillales|f__Streptococcaceae|g__Lactococcus|s__Lactococcus_garvieae,-0.1004395,-0.12316422,-0.1552887,-0.15863948,-0.15863974,-0.23867357,-0.1666669,-0.16813041,-0.10929718,-0.22895765,-0.23728925,-0.1552934,-0.22850217,-0.3768707,-0.08556121,-0.15489997,-0.058144663,-0.15477434,-0.15857874,-0.19931981,-0.1978925,-0.13021766,-0.15525895,-0.12711628,-0.20043859,-0.11658599,-0.182019,-0.25032333,-0.1509206,-0.1552636,-0.15142563,-0.10844302,-0.18249588,-0.28454733,-0.15528023,-0.13040288,-0.15529107,-0.22338755,-0.15529376,-0.29867563,-0.15529382,-0.29356226,-0.1297262,-0.15514848,-0.13691942,-0.1552884,-0.23188588,-0.24781659,-0.1296162,-0.13040861,-0.24679694,-0.18279888,-0.25087595,-0.26027086,-0.28621647,-0.27511892,-0.11894142,-0.155209,-0.040142577,-0.056944285,-0.15458399,-0.11274739,-0.13743341,-0.13029467,-0.15527245,-0.15863517,-0.15863952,-0.15864015,-0.27573854,-0.15525414,-0.13029732,-0.16243835,-0.12334165,-0.14074792,-0.15526049,-0.15887658,-0.14481027,-0.13038781,-0.18691605,-0.14998752,-0.15528202,-0.15861881,-0.15862972,-0.15856367,-0.120334074,-0.13700745,-0.08858878,-0.15527624,-0.19008024,-0.15528713,-0.2004665,-0.11139822,-0.1388583,-0.13027036,-0.1074974,-0.15152657,-0.15519336,-0.15832943,-0.10065024,-0.08152827,-0.09427856,-0.1552415,-0.11960925,-0.15027548,-0.16982608,-0.1185138,-0.15525752,-0.15863359,-0.17738779,-0.15176103,-0.15528989,-0.25953975,-0.17989698,-0.13525523,-0.15528718,-0.15095688,-0.17780018,-0.2009549,-0.1552664,-0.09015879,-0.15500271,-0.12151222,-0.121854745,-0.13997786,-0.21433522,-0.13908121,-0.16057305,-0.15521793,-0.07092635,-0.1546787,-0.15787904,-0.18733518,-0.15503538,-0.13028236,-0.12334781,-0.14100276,-0.15524787,-0.114095174,-0.25318068,-0.26654312,-0.12954056,-0.10945694,-0.15523931,-0.09238048,-0.20963459,-0.15528738,-0.15855578,-0.12980403,-0.155218,-0.16015086,-0.1553517,-0.15529162,-0.19704957,-0.20616047,-0.12925866,-0.10460003,-0.11361031,-0.10256614,-0.15528445,-0.19495486,-0.15526065,-0.12972233,-0.15513653,-0.041086134,-0.12967405,-0.15529037,-0.2300741,-0.1552694,-0.10384405,-0.15391919,-0.0784167,-0.15515304,-0.12766197,-0.15517244,-0.121451,-0.075820275,-0.09192432,-0.101488546,-0.15503299,-0.15854849,-0.12378413,-0.1551367,-0.1410757,-0.13984437,-0.18093297,-0.1552928,-0.25777104,-0.12844054,-0.1552034,-0.13462572,-0.119081676,-0.15526462,-0.15863562,-0.1586372,-0.1586383,-0.19755594,-0.25103784,-0.20219928,-0.19465852,-0.24831252,-0.20506537,-0.22091979,-0.15527809,-0.1300007,-0.11956477,-0.15527375,-0.15863208,-0.20931396,-0.18224281,-0.15526474,-0.32474133,-0.15529098,-0.15864083,-0.15863979,-0.15863943,-0.2185038,-0.15526395,-0.114121355,-0.15526718,-0.15862602,-0.15863231,-0.22984435,-0.15528497,-0.15861472,-0.08963354,-0.15518737,-0.15859407,-0.15861064,-0.15861225,-0.13302092,-0.1051107,-0.14014931,-0.15141064,-0.15839578,-0.15615125,-0.14613561,-0.15528154,-0.12319561,-0.13036093,-0.1552468,-0.15864065,-0.1586402,-0.1586402,-0.1586407,-0.38518023,-0.11451449,-0.15525422,-0.15564899,-0.14443555,-0.16636807,-0.15528646,-0.15856546,-0.12993515,-0.047159404,-0.14958747,-0.14016809,-0.14106366,-0.1551488,-0.19987361,-0.1649412,-0.17166539,-0.15526548,-0.1586008,-0.12722544,-0.14610182,-0.2588673,-0.13016696,-0.15517044,-0.09132757,-0.12832497,-0.13684332,-0.16221203,-0.15659244,-0.12959236,-0.15504523,-0.15855092,-0.15859741,-0.1586293,-0.15740095,-0.19795567,-0.15106063,-0.07294749,-0.2039893,-0.15525475,-0.15859617,-0.104459345,-0.1548967,-0.17466888,-0.13176009,-0.15526208,-0.15109587,-0.10913184,-0.15510517,-0.05825615,-0.14326635,-0.17082691,-0.1552035,-0.18883844,-0.15529203,-0.31316653,-0.15528259,-0.16808087,-0.14331596,-0.15528473,-0.15863737,-0.25088155,-0.15529238,-0.22115314,-0.07562123,-0.086852394,-0.10702289,-0.060967896,-0.1488884,-0.16796505,-0.15746465,-0.22133875,-0.12812386,-0.0969081,-0.16398169,-0.12716047,-0.11335766,-0.18846886,-0.13035397,-0.17755464,-0.0994983,-0.115196005,-0.15520474,-0.11662802,-0.19749595,-0.14526704,-0.12781724,-0.096878245,-0.15520531,-0.1584521,-0.12434345,-0.11230643,-0.063823454,-0.15513812,-0.11419349,-0.10007019,-0.24483351,-0.15529288,-0.15862924,-0.16344379,-0.1759062,-0.12524253,-0.15527892,-0.0782174,-0.19187105,-0.18185812,-0.09859173,-0.11065883,-0.15496907,-0.15833189,-0.083404,-0.1213824,-0.13072303,-0.13855581,-0.19385117,-0.1552572,-0.1586344,-0.19487974,-0.23847799,-0.2432746,-0.13003325,-0.15509693,-0.15860695,-0.14520228,-0.2961179,-0.1552922,-0.19813283,-0.1302607,-0.15523085,-0.060104962,-0.15931924,-0.15529045,-0.2028091,-0.2868003,-0.11816878,-0.14795661,-0.10060286,-0.15514131,-0.13614628,-0.20725825,-0.17393659,-0.125103,-0.15657571,-0.15690626,-0.15528914,-0.15863672,-0.16221246,-0.22200036,-0.13042311,-0.2814266,-0.15529327,-0.1915083,-0.24371436,-0.16952515,-0.15520814,-0.13369927,-0.12557748,-0.15528615,-0.18106565,-0.15529305,-0.18642783,-0.15523797,-0.30462334,-0.15518585,-0.14691104,-0.13029914,-0.15528065,-0.15862495,-0.18915205,-0.13034695,-0.15528545,-0.10481856,-0.1650517,-0.15528327,-0.15863866,-0.15861005,-0.12994553,-0.15519258,-0.15860596,-0.15859732,-0.15860835,-0.15861633,-0.16505513,-0.17392421,-0.15527895,-0.15863177,-0.15862206,-0.15863228,-0.2025511,-0.15354379,-0.14723541,-0.1543175,-0.11499533,-0.10471026,-0.11893196,-0.1552825,-0.158563,-0.1303087,-0.19501048,-0.15528996,-0.18738703,-0.11705899,-0.17429145,-0.15528052,-0.06652963,-0.15504798,-0.10737923,-0.124497145,-0.15298569,-0.052188452,-0.26007295
k__Bacteria|p__Firmicutes|c__Bacilli|o__Lactobacillales|f__Lactobacillaceae|g__Weissella|s__Weissella_cibaria,-0.1004395,-0.12316422,-0.154069,-0.15739253,-0.15739274,-0.23867357,-0.1666669,-0.16813041,-0.10929718,-0.22895765,-0.23728925,-0.15407276,-0.22850217,-0.3768707,-0.08556121,-0.15374023,-0.058144663,-0.15364939,-0.1573439,-0.19931981,-0.1978925,-0.12922229,-0.15404506,-0.12711628,-0.20043859,-0.11658599,-0.182019,-0.25032333,-0.1509206,-0.15404905,-0.15142563,-0.10844302,-0.18249588,-0.28454733,-0.15406203,-0.12938412,-0.15407088,-0.22338755,-0.15407304,-0.29867563,-0.15407309,-0.29356226,-0.12877202,-0.15395707,-0.13691942,-0.15406877,-0.23188588,-0.24781659,-0.1296162,-0.1293892,-0.24679694,-0.18279888,-0.25087595,-0.26027086,-0.28621647,-0.27511892,-0.11894142,-0.15400478,-0.040142577,-0.056944285,-0.15351018,-0.11274739,-0.13743341,-0.12929073,-0.15405612,-0.15738907,-0.15739256,-0.15739307,-0.27573854,-0.15404071,-0.12929317,-0.16243835,-0.12334165,-0.14074792,-0.15404648,-0.15887658,-0.14481027,-0.1293708,-0.18691605,-0.14998752,-0.15406367,-0.15737605,-0.15738481,-0.15732896,-0.120334074,-0.13700745,-0.08858878,-0.15405901,-0.19008024,-0.15406774,-0.2004665,-0.11139822,-0.1388583,-0.13027036,-0.1074974,-0.15152657,-0.15399253,-0.15710881,-0.10065024,-0.08152827,-0.09427856,-0.154031,-0.11960925,-0.15027548,-0.16982608,-0.1185138,-0.15404424,-0.1573878,-0.17738779,-0.15176103,-0.15406996,-0.25953975,-0.17989698,-0.13525523,-0.15406777,-0.15095688,-0.17780018,-0.2009549,-0.15405084,-0.09015879,-0.15383807,-0.12151222,-0.121854745,-0.13997786,-0.21433522,-0.13908121,-0.16057305,-0.15401196,-0.07092635,-0.15357274,-0.1567927,-0.18733518,-0.15386732,-0.12927172,-0.12334781,-0.14100276,-0.15403633,-0.114095174,-0.25318068,-0.26654312,-0.12859902,-0.10945694,-0.15402934,-0.09238048,-0.20963459,-0.15406796,-0.1573253,-0.12883711,-0.15401196,-0.16015086,-0.1553517,-0.15407135,-0.19704957,-0.20616047,-0.12834144,-0.10460003,-0.11361031,-0.10256614,-0.15406558,-0.19495486,-0.15404597,-0.12875071,-0.15394539,-0.041086134,-0.12967405,-0.15407038,-0.2300741,-0.15405346,-0.10384405,-0.15294546,-0.0784167,-0.15395951,-0.12766197,-0.15397543,-0.121451,-0.075820275,-0.09192432,-0.101488546,-0.15386249,-0.15731916,-0.12378413,-0.15393226,-0.1410757,-0.13984437,-0.18093297,-0.15407228,-0.25777104,-0.12844054,-0.15399824,-0.13462572,-0.119081676,-0.15404955,-0.15738943,-0.15739074,-0.15739158,-0.19755594,-0.25103784,-0.20219928,-0.19465852,-0.24831252,-0.20506537,-0.22091979,-0.1540606,-0.129013,-0.11956477,-0.15405698,-0.15738663,-0.20931396,-0.18224281,-0.15404932,-0.32474133,-0.15407082,-0.1573936,-0.15739277,-0.15739247,-0.2185038,-0.15404868,-0.114121355,-0.15405199,-0.15738198,-0.15738681,-0.22984435,-0.15406598,-0.1573721,-0.08963354,-0.15398763,-0.157356,-0.15736964,-0.15737057,-0.13302092,-0.1051107,-0.14014931,-0.15141064,-0.15839578,-0.15615125,-0.14613561,-0.15406321,-0.12319561,-0.1293492,-0.15403599,-0.15739349,-0.15739313,-0.15739313,-0.15739352,-0.38518023,-0.11451449,-0.15404156,-0.15564899,-0.14443555,-0.16636807,-0.15406728,-0.15733421,-0.12993515,-0.047159404,-0.1495641,-0.14016809,-0.14106366,-0.15395777,-0.19987361,-0.1649412,-0.17166539,-0.15405041,-0.1573613,-0.12722544,-0.14610182,-0.2588673,-0.12916856,-0.15397312,-0.09132757,-0.12832497,-0.13684332,-0.16221203,-0.15659244,-0.12864694,-0.15387262,-0.1573214,-0.15735874,-0.15738437,-0.15740095,-0.19795567,-0.15106063,-0.07294749,-0.2039893,-0.15404207,-0.15735751,-0.104459345,-0.15369949,-0.17466888,-0.13176009,-0.15404755,-0.15109587,-0.10913184,-0.15391903,-0.05825615,-0.14326635,-0.17082691,-0.15400119,-0.18883844,-0.15407167,-0.31316653,-0.15406433,-0.16808087,-0.14331596,-0.15406582,-0.15739089,-0.25088155,-0.15407196,-0.22115314,-0.07562123,-0.086852394,-0.10702289,-0.060967896,-0.14901686,-0.16796505,-0.15746465,-0.22133875,-0.12812386,-0.0969081,-0.16398169,-0.12716047,-0.11335766,-0.18846886,-0.12934196,-0.17755464,-0.0994983,-0.115196005,-0.15400186,-0.11662802,-0.19749595,-0.14526704,-0.12781724,-0.096878245,-0.15400153,-0.1572415,-0.12434345,-0.11230643,-0.063823454,-0.1539469,-0.11419349,-0.10007019,-0.24483351,-0.15407234,-0.15738438,-0.16344379,-0.1759062,-0.12524253,-0.15406118,-0.0782174,-0.19187105,-0.18185812,-0.09859173,-0.11065883,-0.1538113,-0.15714476,-0.083404,-0.1213824,-0.13072303,-0.13855581,-0.19385117,-0.15404406,-0.15738848,-0.19487974,-0.23847799,-0.2432746,-0.12906432,-0.15391472,-0.1573666,-0.14520228,-0.2961179,-0.15407178,-0.19813283,-0.1292582,-0.15402266,-0.060104962,-0.15931924,-0.15407045,-0.2028091,-0.2868003,-0.11816878,-0.14795661,-0.10060286,-0.15395135,-0.13614628,-0.20725825,-0.17393659,-0.125103,-0.15657571,-0.15690626,-0.15406936,-0.1573903,-0.16221246,-0.22200036,-0.12940116,-0.2814266,-0.15407267,-0.1915083,-0.24371436,-0.16952515,-0.15400222,-0.13369927,-0.12557748,-0.15406701,-0.18106565,-0.15407246,-0.18642783,-0.15402816,-0.30462334,-0.15398777,-0.14691104,-0.13029914,-0.1540626,-0.15738091,-0.18915205,-0.1293364,-0.15406638,-0.10481856,-0.1650517,-0.15406474,-0.15739188,-0.15736882,-0.12897864,-0.15399152,-0.15736595,-0.15735888,-0.15736777,-0.15737382,-0.16505513,-0.17392421,-0.15406129,-0.15738639,-0.15737867,-0.15738678,-0.2025511,-0.15354379,-0.14723541,-0.15330392,-0.11499533,-0.10471026,-0.11893196,-0.15406404,-0.15732998,-0.12930311,-0.19501048,-0.15407006,-0.18738703,-0.11705899,-0.17429145,-0.15406215,-0.06652963,-0.15387176,-0.10737923,-0.124497145,-0.15298569,-0.052188452,-0.26007295
k__Bacteria|p__Firmicutes|c__Clostridia|o__Eubacteriales|f__Oscillospiraceae|g__Oscillospiraceae_unclassified|s__Ruminococcaceae_bacterium_D5,-0.1004395,-0.12316422,-0.1551668,-0.15852052,-0.1585208,-0.23867357,-0.1666669,-0.16813041,-0.10929718,-0.22895765,-0.23728925,-0.15517159,-0.22850217,-0.3768707,-0.08556121,-0.15477425,-0.058144663,-0.1546414,-0.15845892,-0.19931981,-0.1978925,-0.13007796,-0.15513656,-0.12711628,-0.20043859,-0.11658599,-0.182019,-0.25032333,-0.1509206,-0.15514143,-0.15142563,-0.10844302,-0.18249588,-0.28454733,-0.15515855,-0.13025938,-0.15516919,-0.22338755,-0.15517193,-0.29867563,-0.155172,-0.29356226,-0.12960495,-0.15502526,-0.13691942,-0.15516646,-0.23188588,-0.24781659,-0.1296162,-0.13026513,-0.24679694,-0.18279888,-0.25087595,-0.26027086,-0.28621647,-0.27511892,-0.11894142,-0.15508588,-0.040142577,-0.056944285,-0.15445149,-0.11274739,-0.13743341,-0.1301543,-0.15515035,-0.15851617,-0.15852058,-0.15852122,-0.27573854,-0.15513292,-0.1301558,-0.16243835,-0.12334165,-0.14074792,-0.15513805,-0.15887658,-0.14481027,-0.13024455,-0.18691605,-0.14998752,-0.15516001,-0.15849951,-0.15851068,-0.1584464,-0.120334074,-0.13700745,-0.08858878,-0.15515411,-0.19008024,-0.15516518,-0.2004665,-0.11139822,-0.1388583,-0.13027036,-0.1074974,-0.15152657,-0.15506972,-0.15822391,-0.10065024,-0.08152827,-0.09427856,-0.15511876,-0.11960925,-0.15027548,-0.16982608,-0.1185138,-0.15513524,-0.15851454,-0.17738779,-0.15176103,-0.15516803,-0.25953975,-0.17989698,-0.13525523,-0.15516526,-0.15095688,-0.17780018,-0.2009549,-0.15514517,-0.09015879,-0.15487537,-0.12151222,-0.121854745,-0.13997786,-0.21433522,-0.13908121,-0.16057305,-0.15509477,-0.07092635,-0.15454826,-0.15775241,-0.18733518,-0.15491289,-0.1301466,-0.12334781,-0.14100276,-0.1551252,-0.114095174,-0.25318068,-0.26654312,-0.12942614,-0.10945694,-0.1551165,-0.09238048,-0.20963459,-0.15516546,-0.15843782,-0.12968466,-0.15509517,-0.16015086,-0.1553517,-0.15516979,-0.19704957,-0.20616047,-0.1291444,-0.10460003,-0.11361031,-0.10256614,-0.15516244,-0.19495486,-0.155139,-0.12961036,-0.15501174,-0.041086134,-0.12967405,-0.15516852,-0.2300741,-0.15514779,-0.10384405,-0.15377754,-0.0784167,-0.15502921,-0.12766197,-0.15504853,-0.121451,-0.075820275,-0.09192432,-0.101488546,-0.1549074,-0.15842783,-0.12378413,-0.1550189,-0.1410757,-0.13984437,-0.18093297,-0.15517095,-0.25777104,-0.12844054,-0.15508258,-0.13462572,-0.119081676,-0.15514222,-0.15851662,-0.15851822,-0.15851933,-0.19755594,-0.25103784,-0.20219928,-0.19465852,-0.24831252,-0.20506537,-0.22091979,-0.15515625,-0.1298775,-0.11956477,-0.15515153,-0.15851304,-0.20931396,-0.18224281,-0.1551431,-0.32474133,-0.1551691,-0.15852192,-0.15852085,-0.15852048,-0.2185038,-0.15514235,-0.114121355,-0.15514505,-0.158507,-0.15851325,-0.22984435,-0.15516299,-0.1584964,-0.08963354,-0.1550641,-0.15847419,-0.1584913,-0.15849271,-0.13302092,-0.1051107,-0.14014931,-0.15141064,-0.15839578,-0.15615125,-0.14613561,-0.15515944,-0.12319561,-0.13021751,-0.1551244,-0.15852173,-0.15852126,-0.15852128,-0.15852177,-0.38518023,-0.11451449,-0.15513173,-0.15564899,-0.14443555,-0.16636807,-0.15516457,-0.15844655,-0.12993515,-0.047159404,-0.1493977,-0.14016809,-0.14106366,-0.15502456,-0.19987361,-0.1649412,-0.17166539,-0.15514314,-0.15848094,-0.12722544,-0.14610182,-0.2588673,-0.13003111,-0.15504673,-0.09132757,-0.12832497,-0.13684332,-0.16221203,-0.15659244,-0.12948275,-0.15492061,-0.15843052,-0.1584777,-0.1585102,-0.15740095,-0.19795567,-0.15106063,-0.07294749,-0.2039893,-0.15513244,-0.15847634,-0.104459345,-0.15480915,-0.17466888,-0.13176009,-0.15513955,-0.15109587,-0.10913184,-0.1549814,-0.05825615,-0.14326635,-0.17082691,-0.1550803,-0.18883844,-0.15517017,-0.31316653,-0.15516071,-0.16808087,-0.14331596,-0.15516275,-0.1585184,-0.25088155,-0.15517056,-0.22115314,-0.07562123,-0.086852394,-0.10702289,-0.060967896,-0.14868626,-0.16796505,-0.15746465,-0.22133875,-0.12812386,-0.0969081,-0.16398169,-0.12716047,-0.11335766,-0.18846886,-0.13021134,-0.17755464,-0.0994983,-0.115196005,-0.15508148,-0.11662802,-0.19749595,-0.14526704,-0.12781724,-0.096878245,-0.15508169,-0.15833014,-0.12434345,-0.11230643,-0.063823454,-0.15501404,-0.11419349,-0.10007019,-0.24483351,-0.15517107,-0.15851042,-0.16344379,-0.1759062,-0.12524253,-0.15515682,-0.0782174,-0.19187105,-0.18185812,-0.09859173,-0.11065883,-0.15484132,-0.15820771,-0.083404,-0.1213824,-0.13072303,-0.13855581,-0.19385117,-0.15513489,-0.15851536,-0.19487974,-0.23847799,-0.2432746,-0.1298919,-0.15497194,-0.15848753,-0.14520228,-0.2961179,-0.15517035,-0.19813283,-0.13012077,-0.15510826,-0.060104962,-0.15931924,-0.15516862,-0.2028091,-0.2868003,-0.11816878,-0.14795661,-0.10060286,-0.15501745,-0.13614628,-0.20725825,-0.17393659,-0.125103,-0.15657571,-0.15690626,-0.15516728,-0.15851772,-0.16221246,-0.22200036,-0.1302797,-0.2814266,-0.15517145,-0.1915083,-0.24371436,-0.16952515,-0.15508792,-0.13369927,-0.12557748,-0.15516421,-0.18106565,-0.15517122,-0.18642783,-0.15511656,-0.30462334,-0.1550626,-0.14691104,-0.13029914,-0.1551586,-0.15850572,-0.18915205,-0.13020395,-0.1551635,-0.10481856,-0.1650517,-0.15516132,-0.15851969,-0.15849155,-0.1298125,-0.15506895,-0.15848663,-0.15847778,-0.15848902,-0.15849707,-0.16505513,-0.17392421,-0.15515694,-0.15851268,-0.15850282,-0.15851319,-0.2025511,-0.15354379,-0.14723541,-0.1541847,-0.11499533,-0.10471026,-0.11893196,-0.15516049,-0.15844467,-0.13016543,-0.19501048,-0.15516812,-0.18738703,-0.11705899,-0.17429145,-0.15515892,-0.06652963,-0.15492234,-0.10737923,-0.124497145,-0.15298569,-0.052188452,-0.26007295
k__Bacteria|p__Firmicutes|c__Clostridia|o__Eubacteriales|f__Oscillospiraceae|g__GGB9453|s__GGB9453_SGB14845,-0.1004395,-0.12316422,-0.15532327,-0.1586342,-0.15863451,-0.23867357,-0.1666669,-0.16813041,-0.10929718,-0.22895765,-0.23728925,-0.1553285,-0.22850217,-0.3768707,-0.08556121,-0.15488935,-0.058144663,-0.15474376,-0.1585665,-0.19931981,-0.1978925,-0.13053107,-0.15529001,-0.12711628,-0.20043859,-0.11658599,-0.182019,-0.25032333,-0.1509206,-0.15529549,-0.15142563,-0.10844302,-0.18249588,-0.28454733,-0.15531427,-0.13073346,-0.15532589,-0.22338755,-0.1553289,-0.29867563,-0.15532896,-0.29356226,-0.12999937,-0.15516834,-0.13691942,-0.15532288,-0.23188588,-0.24781659,-0.1296162,-0.13073999,-0.24679694,-0.18279888,-0.25087595,-0.26027086,-0.28621647,-0.27511892,-0.11894142,-0.15523428,-0.040142577,-0.056944285,-0.15454091,-0.11274739,-0.13743341,-0.13061637,-0.1553053,-0.15862939,-0.15863426,-0.15863496,-0.27573854,-0.15528598,-0.13061847,-0.16243835,-0.12334165,-0.14074792,-0.1552917,-0.15887658,-0.14481027,-0.13071686,-0.18691605,-0.14998752,-0.15531579,-0.15861115,-0.15862343,-0.15855286,-0.120334074,-0.13700745,-0.08858878,-0.15530932,-0.19008024,-0.15532148,-0.2004665,-0.11139822,-0.1388583,-0.13027036,-0.1074974,-0.15152657,-0.1552166,-0.15830952,-0.10065024,-0.08152827,-0.09427856,-0.15527038,-0.11960925,-0.15027548,-0.16982608,-0.1185138,-0.15528871,-0.15862764,-0.17738779,-0.15176103,-0.1553246,-0.25953975,-0.17989698,-0.13525523,-0.15532154,-0.15095688,-0.17780018,-0.2009549,-0.1552997,-0.09015879,-0.15500244,-0.12151222,-0.121854745,-0.13997786,-0.21433522,-0.13908121,-0.16057305,-0.15524395,-0.07092635,-0.1546427,-0.15779652,-0.18733518,-0.15504673,-0.13060544,-0.12334781,-0.14100276,-0.15527757,-0.114095174,-0.25318068,-0.26654312,-0.12980554,-0.10945694,-0.15526792,-0.09238048,-0.20963459,-0.15532179,-0.15854394,-0.13009025,-0.15524456,-0.16015086,-0.1553517,-0.15532652,-0.19704957,-0.20616047,-0.12948856,-0.10460003,-0.11361031,-0.10256614,-0.15531844,-0.19495486,-0.15529278,-0.13000926,-0.15515256,-0.041086134,-0.12967405,-0.15532517,-0.2300741,-0.15530239,-0.10384405,-0.15379544,-0.0784167,-0.15517186,-0.12766197,-0.15519327,-0.121451,-0.075820275,-0.09192432,-0.101488546,-0.15503787,-0.1585322,-0.12378413,-0.15516017,-0.1410757,-0.13984437,-0.18093297,-0.15532783,-0.25777104,-0.12844054,-0.15523064,-0.13462572,-0.119081676,-0.15529612,-0.1586299,-0.15863168,-0.15863289,-0.19755594,-0.25103784,-0.20219928,-0.19465852,-0.24831252,-0.20506537,-0.22091979,-0.15531175,-0.13030568,-0.11956477,-0.15530643,-0.15862599,-0.20931396,-0.18224281,-0.15529731,-0.32474133,-0.15532579,-0.15863572,-0.15863456,-0.15863416,-0.2185038,-0.15529625,-0.114121355,-0.15529945,-0.15861948,-0.15862621,-0.22984435,-0.15531904,-0.15860742,-0.08963354,-0.1552104,-0.15858316,-0.15860221,-0.15860356,-0.13302092,-0.1051107,-0.14014931,-0.15141064,-0.15839578,-0.15615125,-0.14613561,-0.15531513,-0.12319561,-0.1306873,-0.15527698,-0.15863553,-0.15863502,-0.15863504,-0.15863557,-0.38518023,-0.11451449,-0.15528482,-0.15564899,-0.14443555,-0.16636807,-0.15532082,-0.15855359,-0.12993515,-0.047159404,-0.14902967,-0.14016809,-0.14106366,-0.15516745,-0.19987361,-0.1649412,-0.17166539,-0.15529725,-0.15859057,-0.12722544,-0.14610182,-0.2588673,-0.13047773,-0.15519103,-0.09132757,-0.12832497,-0.13684332,-0.16221203,-0.15659244,-0.12986761,-0.15505251,-0.1585352,-0.15858708,-0.15862283,-0.15740095,-0.19795567,-0.15106063,-0.07294749,-0.2039893,-0.15528566,-0.15858541,-0.104459345,-0.15493366,-0.17466888,-0.13176009,-0.15529323,-0.15109587,-0.10913184,-0.15511921,-0.05825615,-0.14326635,-0.17082691,-0.15522848,-0.18883844,-0.15532699,-0.31316653,-0.15531668,-0.16808087,-0.14331596,-0.15531883,-0.15863189,-0.25088155,-0.15532738,-0.22115314,-0.07562123,-0.086852394,-0.10702289,-0.060967896,-0.14824997,-0.16796505,-0.15746465,-0.22133875,-0.12812386,-0.0969081,-0.16398169,-0.12716047,-0.11335766,-0.18846886,-0.13068014,-0.17755464,-0.0994983,-0.115196005,-0.15522967,-0.11662802,-0.19749595,-0.14526704,-0.12781724,-0.096878245,-0.15522945,-0.15842482,-0.12434345,-0.11230643,-0.063823454,-0.15515502,-0.11419349,-0.10007019,-0.24483351,-0.15532795,-0.15862319,-0.16344379,-0.1759062,-0.12524253,-0.15531228,-0.0782174,-0.19187105,-0.18185812,-0.09859173,-0.11065883,-0.1549654,-0.15829045,-0.083404,-0.1213824,-0.13072303,-0.13855581,-0.19385117,-0.15528838,-0.15862854,-0.19487974,-0.23847799,-0.2432746,-0.13032717,-0.15510914,-0.15859804,-0.14520228,-0.2961179,-0.15532714,-0.19813283,-0.13057876,-0.15525907,-0.060104962,-0.15931924,-0.15532526,-0.2028091,-0.2868003,-0.11816878,-0.14795661,-0.10060286,-0.1551596,-0.13614628,-0.20725825,-0.17393659,-0.125103,-0.15657571,-0.15690626,-0.15532377,-0.15863113,-0.16221246,-0.22200036,-0.13075611,-0.2814266,-0.15532838,-0.1915083,-0.24371436,-0.16952515,-0.1552368,-0.13369927,-0.12557748,-0.15532044,-0.18106565,-0.15532811,-0.18642783,-0.15526845,-0.30462334,-0.15520945,-0.14691104,-0.13029914,-0.15531427,-0.15861791,-0.18915205,-0.13067175,-0.15531962,-0.10481856,-0.1650517,-0.1553173,-0.1586333,-0.15860257,-0.13023736,-0.15521562,-0.15859713,-0.1585873,-0.1585997,-0.15860835,-0.16505513,-0.17392421,-0.15531248,-0.15862559,-0.1586148,-0.15862614,-0.2025511,-0.15354379,-0.14723541,-0.15425217,-0.11499533,-0.10471026,-0.11893196,-0.15531634,-0.15855126,-0.13062882,-0.19501048,-0.15532471,-0.18738703,-0.11705899,-0.17429145,-0.1553146,-0.06652963,-0.15505368,-0.10737923,-0.124497145,-0.15298569,-0.052188452,-0.26007295
k__Bacteria|p__Firmicutes|c__Bacilli|o__Lactobacillales|f__Streptococcaceae|g__Lactococcus|s__Lactococcus_petauri,-0.1004395,-0.12316422,-0.15525392,-0.15851554,-0.15851593,-0.23867357,-0.1666669,-0.16813041,-0.10929718,-0.22895765,-0.23728925,-0.15526055,-0.22850217,-0.3768707,-0.08556121,-0.15470871,-0.058144663,-0.15452121,-0.15842971,-0.19931981,-0.1978925,-0.13077281,-0.1552116,-0.12711628,-0.20043859,-0.11658599,-0.182019,-0.25032333,-0.1509206,-0.15521841,-0.15142563,-0.10844302,-0.18249588,-0.28454733,-0.15524197,-0.13103078,-0.15525723,-0.22338755,-0.15526104,-0.29867563,-0.15526116,-0.29356226,-0.13009317,-0.15505654,-0.13691942,-0.15525341,-0.23188588,-0.24781659,-0.1296162,-0.13103905,-0.24679694,-0.18279888,-0.25087595,-0.26027086,-0.28621647,-0.27511892,-0.11894142,-0.155141,-0.040142577,-0.056944285,-0.15426025,-0.11274739,-0.13743341,-0.13088104,-0.15523107,-0.15850943,-0.15851563,-0.15851653,-0.27573854,-0.15520602,-0.13088416,-0.16243835,-0.12334165,-0.14074792,-0.1552138,-0.15887658,-0.14481027,-0.13100946,-0.18691605,-0.14998752,-0.15524441,-0.15848628,-0.15850186,-0.1584102,-0.120334074,-0.13700745,-0.08858878,-0.15523618,-0.19008024,-0.15525162,-0.2004665,-0.11139822,-0.1388583,-0.13027036,-0.1074974,-0.15152657,-0.15511844,-0.15809643,-0.10065024,-0.08152827,-0.09427856,-0.15518671,-0.11960925,-0.15027548,-0.16982608,-0.1185138,-0.1552099,-0.1585072,-0.17738779,-0.15176103,-0.15525559,-0.25953975,-0.17989698,-0.13525523,-0.1552517,-0.15095688,-0.17780018,-0.2009549,-0.15522316,-0.09015879,-0.15484709,-0.12151222,-0.121854745,-0.13997786,-0.21433522,-0.13908121,-0.16057305,-0.15515321,-0.07092635,-0.15439335,-0.15745136,-0.18733518,-0.15490223,-0.13086727,-0.12334781,-0.14100276,-0.15519586,-0.114095174,-0.25318068,-0.26654312,-0.12985733,-0.10945694,-0.1551836,-0.09238048,-0.20963459,-0.15525202,-0.15839887,-0.13021661,-0.15515421,-0.16015086,-0.1553517,-0.15525803,-0.19704957,-0.20616047,-0.1294706,-0.10460003,-0.11361031,-0.10256614,-0.15524778,-0.19495486,-0.1552141,-0.13010877,-0.15503764,-0.041086134,-0.12967405,-0.1552563,-0.2300741,-0.15522632,-0.10384405,-0.15332665,-0.0784167,-0.15506226,-0.12766197,-0.15508896,-0.121451,-0.075820275,-0.09192432,-0.101488546,-0.15489174,-0.15838617,-0.12378413,-0.15504746,-0.1410757,-0.13984437,-0.18093297,-0.15525967,-0.25777104,-0.12844054,-0.15513453,-0.13462572,-0.119081676,-0.15521948,-0.15851009,-0.15851234,-0.15851387,-0.19755594,-0.25103784,-0.20219928,-0.19465852,-0.24831252,-0.20506537,-0.22091979,-0.15523902,-0.13048558,-0.11956477,-0.15523252,-0.15850508,-0.20931396,-0.18224281,-0.15522046,-0.32474133,-0.15525709,-0.15851748,-0.15851599,-0.15851548,-0.2185038,-0.15521944,-0.114121355,-0.15522367,-0.1584968,-0.15850538,-0.22984435,-0.15524855,-0.15848136,-0.08963354,-0.15511078,-0.15845078,-0.15847489,-0.15847665,-0.13302092,-0.1051107,-0.14014931,-0.15141064,-0.15839578,-0.15615125,-0.14613561,-0.1552436,-0.12319561,-0.13097182,-0.15519509,-0.15851721,-0.15851659,-0.15851659,-0.1585173,-0.38518023,-0.11451449,-0.15520504,-0.15564899,-0.14443555,-0.16636807,-0.15525082,-0.15841202,-0.12993515,-0.047159404,-0.14726427,-0.14016809,-0.14106366,-0.15505601,-0.19987361,-0.1649412,-0.17166539,-0.15522084,-0.15846017,-0.12722544,-0.14610182,-0.2588673,-0.13070779,-0.15508619,-0.09132757,-0.12832497,-0.13684332,-0.16221203,-0.15659244,-0.12993371,-0.15491104,-0.1583899,-0.15845571,-0.15850112,-0.15740095,-0.19795567,-0.15106063,-0.07294749,-0.2039893,-0.1552061,-0.1584537,-0.104459345,-0.15475234,-0.17466888,-0.13176009,-0.15521574,-0.15109587,-0.10913184,-0.15499514,-0.05825615,-0.14326635,-0.17082691,-0.1551335,-0.18883844,-0.15525863,-0.31316653,-0.15524547,-0.16808087,-0.14331596,-0.15524822,-0.15851262,-0.25088155,-0.15525913,-0.22115314,-0.07562123,-0.086852394,-0.10702289,-0.060967896,-0.14626798,-0.16796505,-0.15746465,-0.22133875,-0.12812386,-0.0969081,-0.16398169,-0.12716047,-0.11335766,-0.18846886,-0.13096237,-0.17755464,-0.0994983,-0.115196005,-0.15513504,-0.11662802,-0.19749595,-0.14526704,-0.12781724,-0.096878245,-0.15513487,-0.15824974,-0.12434345,-0.11230643,-0.063823454,-0.15504083,-0.11419349,-0.10007019,-0.24483351,-0.15525982,-0.15850106,-0.16344379,-0.1759062,-0.12524253,-0.15523995,-0.0782174,-0.19187105,-0.18185812,-0.09859173,-0.11065883,-0.15479997,-0.15807948,-0.083404,-0.1213824,-0.13072303,-0.13855581,-0.19385117,-0.15520954,-0.15850833,-0.19487974,-0.23847799,-0.2432746,-0.13051705,-0.15498218,-0.1584696,-0.14520228,-0.2961179,-0.15525883,-0.19813283,-0.1308337,-0.15517232,-0.060104962,-0.15931924,-0.15525642,-0.2028091,-0.2868003,-0.11816878,-0.14795661,-0.10060286,-0.1550459,-0.13614628,-0.20725825,-0.17393659,-0.125103,-0.15657571,-0.15690626,-0.15525453,-0.15851164,-0.16221246,-0.22200036,-0.13105954,-0.2814266,-0.15526038,-0.1915083,-0.24371436,-0.16952515,-0.15514141,-0.13369927,-0.12557748,-0.15525028,-0.18106565,-0.15526006,-0.18642783,-0.1551831,-0.30462334,-0.15510927,-0.14691104,-0.13029914,-0.15524247,-0.15849489,-0.18915205,-0.13095164,-0.15524924,-0.10481856,-0.1650517,-0.15524632,-0.15851441,-0.15847403,-0.13040322,-0.15511727,-0.15846843,-0.158456,-0.15847173,-0.15848276,-0.16505513,-0.17392421,-0.15524018,-0.1585046,-0.1584909,-0.1585053,-0.2025511,-0.15354379,-0.14723541,-0.15389273,-0.11499533,-0.10471026,-0.11893196,-0.15524511,-0.15840837,-0.13089809,-0.19501048,-0.15525573,-0.18738703,-0.11705899,-0.17429145,-0.15524212,-0.06652963,-0.15491292,-0.10737923,-0.124497145,-0.15298569,-0.052188452,-0.26007295
k__Bacteria|p__Firmicutes|c__Bacilli|o__Lactobacillales|f__Streptococcaceae|g__Streptococcus|s__Streptococcus_mutans,-0.1004395,-0.12316422,-0.15493914,-0.15828186,-0.15828212,-0.23867357,-0.1666669,-0.16813041,-0.10929718,-0.22895765,-0.23728925,-0.15494382,-0.22850217,-0.3768707,-0.08556121,-0.15454976,-0.058144663,-0.15442368,-0.1582214,-0.19931981,-0.1978925,-0.12992145,-0.15490946,-0.12711628,-0.20043859,-0.11658599,-0.182019,-0.25032333,-0.1509206,-0.15491417,-0.15142563,-0.10844302,-0.18249588,-0.28454733,-0.15493071,-0.13011275,-0.15494147,-0.22338755,-0.15494417,-0.29867563,-0.15494424,-0.29356226,-0.12941799,-0.15479976,-0.13691942,-0.15493882,-0.23188588,-0.24781659,-0.1296162,-0.13011861,-0.24679694,-0.18279888,-0.25087595,-0.26027086,-0.28621647,-0.27511892,-0.11894142,-0.15485957,-0.040142577,-0.056944285,-0.15423805,-0.11274739,-0.13743341,-0.13000157,-0.15492298,-0.15827757,-0.15828189,-0.15828252,-0.27573854,-0.1549049,-0.13000461,-0.16243835,-0.12334165,-0.14074792,-0.15491098,-0.15887658,-0.14481027,-0.13009709,-0.18691605,-0.14998752,-0.15493247,-0.15826127,-0.15827215,-0.15820602,-0.120334074,-0.13700745,-0.08858878,-0.15492672,-0.19008024,-0.15493757,-0.2004665,-0.11139822,-0.1388583,-0.13027036,-0.1074974,-0.15152657,-0.15484399,-0.15797412,-0.10065024,-0.08152827,-0.09427856,-0.154892,-0.11960925,-0.15027548,-0.16982608,-0.1185138,-0.15490817,-0.15827596,-0.17738779,-0.15176103,-0.1549403,-0.25953975,-0.17989698,-0.13525523,-0.1549376,-0.15095688,-0.17780018,-0.2009549,-0.15491706,-0.09015879,-0.15465316,-0.12151222,-0.121854745,-0.13997786,-0.21433522,-0.13908121,-0.16057305,-0.1548684,-0.07092635,-0.15432951,-0.15752676,-0.18733518,-0.15468708,-0.12998812,-0.12334781,-0.14100276,-0.1548984,-0.114095174,-0.25318068,-0.26654312,-0.12920389,-0.10945694,-0.15488985,-0.09238048,-0.20963459,-0.15493783,-0.1581993,-0.12947911,-0.1548687,-0.16015086,-0.1553517,-0.15494204,-0.19704957,-0.20616047,-0.12890953,-0.10460003,-0.11361031,-0.10256614,-0.15493488,-0.19495486,-0.15491106,-0.12939718,-0.15478681,-0.041086134,-0.12967405,-0.15494081,-0.2300741,-0.15491995,-0.10384405,-0.15356897,-0.0784167,-0.15480393,-0.12766197,-0.15482312,-0.121451,-0.075820275,-0.09192432,-0.101488546,-0.15468374,-0.15819097,-0.12378413,-0.154787,-0.1410757,-0.13984437,-0.18093297,-0.1549432,-0.25777104,-0.12844054,-0.15485421,-0.13462572,-0.119081676,-0.15491506,-0.15827802,-0.1582796,-0.15828067,-0.19755594,-0.25103784,-0.20219928,-0.19465852,-0.24831252,-0.20506537,-0.22091979,-0.1549286,-0.12968677,-0.11956477,-0.15492418,-0.1582745,-0.20931396,-0.18224281,-0.15491536,-0.32474133,-0.15494141,-0.1582832,-0.15828216,-0.1582818,-0.2185038,-0.15491453,-0.114121355,-0.15491778,-0.15826851,-0.15827471,-0.22984435,-0.15493539,-0.15825763,-0.08963354,-0.15483825,-0.15823653,-0.15825316,-0.15825465,-0.13302092,-0.1051107,-0.14014931,-0.15141064,-0.15839578,-0.15615125,-0.14613561,-0.15493196,-0.12319561,-0.13007024,-0.15489751,-0.15828303,-0.15828258,-0.15828258,-0.15828308,-0.38518023,-0.11451449,-0.15490478,-0.15564899,-0.14443555,-0.16636807,-0.15493694,-0.15820846,-0.12993515,-0.047159404,-0.14927763,-0.14016809,-0.14106366,-0.15479982,-0.19987361,-0.1649412,-0.17166539,-0.15491596,-0.15824318,-0.12722544,-0.14610182,-0.2588673,-0.12986267,-0.15482092,-0.09132757,-0.12832497,-0.13684332,-0.16221203,-0.15659244,-0.12925121,-0.15469632,-0.1581935,-0.15823984,-0.15827172,-0.15740095,-0.19795567,-0.15106063,-0.07294749,-0.2039893,-0.15490536,-0.15823856,-0.104459345,-0.15455467,-0.17466888,-0.13176009,-0.1549125,-0.15109587,-0.10913184,-0.15475616,-0.05825615,-0.14326635,-0.17082691,-0.15485433,-0.18883844,-0.15494245,-0.31316653,-0.15493307,-0.16808087,-0.14331596,-0.15493515,-0.15827978,-0.25088155,-0.15494281,-0.22115314,-0.07562123,-0.086852394,-0.10702289,-0.060967896,-0.14858001,-0.16796505,-0.15746465,-0.22133875,-0.12812386,-0.0969081,-0.16398169,-0.12716047,-0.11335766,-0.18846886,-0.13006255,-0.17755464,-0.0994983,-0.115196005,-0.15485545,-0.11662802,-0.19749595,-0.14526704,-0.12781724,-0.096878245,-0.15485576,-0.15809478,-0.12434345,-0.11230643,-0.063823454,-0.15478878,-0.11419349,-0.10007019,-0.24483351,-0.15494332,-0.1582717,-0.16344379,-0.1759062,-0.12524253,-0.1549294,-0.0782174,-0.19187105,-0.18185812,-0.09859173,-0.11065883,-0.15461975,-0.15797475,-0.083404,-0.1213824,-0.13072303,-0.13855581,-0.19385117,-0.1549078,-0.1582768,-0.19487974,-0.23847799,-0.2432746,-0.12973177,-0.15474778,-0.15824947,-0.14520228,-0.2961179,-0.1549426,-0.19813283,-0.12996447,-0.15488152,-0.060104962,-0.15931924,-0.1549409,-0.2028091,-0.2868003,-0.11816878,-0.14795661,-0.10060286,-0.15479234,-0.13614628,-0.20725825,-0.17393659,-0.125103,-0.15657571,-0.15690626,-0.15493959,-0.15827909,-0.16221246,-0.22200036,-0.13013324,-0.2814266,-0.1549437,-0.1915083,-0.24371436,-0.16952515,-0.15485951,-0.13369927,-0.12557748,-0.15493658,-0.18106565,-0.15494347,-0.18642783,-0.1548889,-0.30462334,-0.15483692,-0.14691104,-0.13029914,-0.1549311,-0.15826738,-0.18915205,-0.13005558,-0.15493587,-0.10481856,-0.1650517,-0.15493377,-0.15828103,-0.15825263,-0.12963156,-0.15484312,-0.15824854,-0.15823993,-0.15825093,-0.15825883,-0.16505513,-0.17392421,-0.15492944,-0.15827417,-0.15826449,-0.15827468,-0.2025511,-0.15354379,-0.14723541,-0.15397482,-0.11499533,-0.10471026,-0.11893196,-0.15493293,-0.15820572,-0.13001621,-0.19501048,-0.15494043,-0.18738703,-0.11705899,-0.17429145,-0.15493089,-0.06652963,-0.15469821,-0.10737923,-0.124497145,-0.15298569,-0.052188452,-0.26007295
k__Bacteria|p__Firmicutes|c__Bacilli|o__Lactobacillales|f__Streptococcaceae|g__Streptococcus|s__Streptococcus_canis,-0.1004395,-0.12316422,-0.15507357,-0.1583777,-0.15837803,-0.23867357,-0.1666669,-0.16813041,-0.10929718,-0.22895765,-0.23728925,-0.15507907,-0.22850217,-0.3768707,-0.08556121,-0.15462014,-0.058144663,-0.15446839,-0.15830675,-0.19931981,-0.1978925,-0.13032229,-0.15503864,-0.12711628,-0.20043859,-0.11658599,-0.182019,-0.25032333,-0.1509206,-0.15504429,-0.15142563,-0.10844302,-0.18249588,-0.28454733,-0.15506387,-0.13053444,-0.15507632,-0.22338755,-0.15507948,-0.29867563,-0.15507954,-0.29356226,-0.12977165,-0.15491053,-0.13691942,-0.15507318,-0.23188588,-0.24781659,-0.1296162,-0.13054128,-0.24679694,-0.18279888,-0.25087595,-0.26027086,-0.28621647,-0.27511892,-0.11894142,-0.15498035,-0.040142577,-0.056944285,-0.1542528,-0.11274739,-0.13743341,-0.13041177,-0.15505472,-0.15837267,-0.15837777,-0.1583785,-0.27573854,-0.15503407,-0.13041413,-0.16243835,-0.12334165,-0.14074792,-0.1550405,-0.15887658,-0.14481027,-0.13051707,-0.18691605,-0.14998752,-0.15506575,-0.15835354,-0.15836638,-0.15829015,-0.120334074,-0.13700745,-0.08858878,-0.15505897,-0.19008024,-0.1550717,-0.2004665,-0.11139822,-0.1388583,-0.13027036,-0.1074974,-0.15152657,-0.1549619,-0.15803164,-0.10065024,-0.08152827,-0.09427856,-0.15501817,-0.11960925,-0.15027548,-0.16982608,-0.1185138,-0.1550372,-0.15837082,-0.17738779,-0.15176103,-0.15507497,-0.25953975,-0.17989698,-0.13525523,-0.15507177,-0.15095688,-0.17780018,-0.2009549,-0.15504819,-0.09015879,-0.15473808,-0.12151222,-0.121854745,-0.13997786,-0.21433522,-0.13908121,-0.16057305,-0.1549905,-0.07092635,-0.1543613,-0.15749735,-0.18733518,-0.15478122,-0.13040203,-0.12334781,-0.14100276,-0.15502569,-0.114095174,-0.25318068,-0.26654312,-0.1295569,-0.10945694,-0.15501562,-0.09238048,-0.20963459,-0.15507203,-0.15828088,-0.12986366,-0.154991,-0.16015086,-0.1553517,-0.15507698,-0.19704957,-0.20616047,-0.12922508,-0.10460003,-0.11361031,-0.10256614,-0.15506855,-0.19495486,-0.15504076,-0.12976773,-0.15489477,-0.041086134,-0.12967405,-0.15507555,-0.2300741,-0.1550509,-0.10384405,-0.15347318,-0.0784167,-0.15491487,-0.12766197,-0.15493746,-0.121451,-0.075820275,-0.09192432,-0.101488546,-0.15477502,-0.15827098,-0.12378413,-0.1549003,-0.1410757,-0.13984437,-0.18093297,-0.15507835,-0.25777104,-0.12844054,-0.15497476,-0.13462572,-0.119081676,-0.15504521,-0.1583732,-0.15837505,-0.1583763,-0.19755594,-0.25103784,-0.20219928,-0.19465852,-0.24831252,-0.20506537,-0.22091979,-0.15506127,-0.13008714,-0.11956477,-0.15505596,-0.15836908,-0.20931396,-0.18224281,-0.15504599,-0.32474133,-0.15507622,-0.15837929,-0.15837806,-0.15837765,-0.2185038,-0.15504472,-0.114121355,-0.15504858,-0.1583622,-0.15836932,-0.22984435,-0.15506917,-0.1583494,-0.08963354,-0.15495533,-0.15832433,-0.15834413,-0.15834565,-0.13302092,-0.1051107,-0.14014931,-0.15141064,-0.15839578,-0.15615125,-0.14613561,-0.15506509,-0.12319561,-0.13048589,-0.15502498,-0.1583791,-0.15837857,-0.15837857,-0.15837914,-0.38518023,-0.11451449,-0.15503326,-0.15564899,-0.14443555,-0.16636807,-0.15507102,-0.158292,-0.12993515,-0.047159404,-0.14846197,-0.14016809,-0.14106366,-0.15491024,-0.19987361,-0.1649412,-0.17166539,-0.15504634,-0.15833211,-0.12722544,-0.14610182,-0.2588673,-0.13026556,-0.15493518,-0.09132757,-0.12832497,-0.13684332,-0.16221203,-0.15659244,-0.12961373,-0.15478969,-0.15827402,-0.15832834,-0.1583658,-0.15740095,-0.19795567,-0.15106063,-0.07294749,-0.2039893,-0.15503412,-0.15832672,-0.104459345,-0.15466355,-0.17466888,-0.13176009,-0.15504217,-0.15109587,-0.10913184,-0.1548595,-0.05825615,-0.14326635,-0.17082691,-0.15497419,-0.18883844,-0.15507746,-0.31316653,-0.15506655,-0.16808087,-0.14331596,-0.1550689,-0.15837528,-0.25088155,-0.1550779,-0.22115314,-0.07562123,-0.086852394,-0.10702289,-0.060967896,-0.1476449,-0.16796505,-0.15746465,-0.22133875,-0.12812386,-0.0969081,-0.16398169,-0.12716047,-0.11335766,-0.18846886,-0.13047831,-0.17755464,-0.0994983,-0.115196005,-0.15497544,-0.11662802,-0.19749595,-0.14526704,-0.12781724,-0.096878245,-0.15497541,-0.15815835,-0.12434345,-0.11230643,-0.063823454,-0.15489745,-0.11419349,-0.10007019,-0.24483351,-0.15507847,-0.15836571,-0.16344379,-0.1759062,-0.12524253,-0.15506208,-0.0782174,-0.19187105,-0.18185812,-0.09859173,-0.11065883,-0.154699,-0.1580177,-0.083404,-0.1213824,-0.13072303,-0.13855581,-0.19385117,-0.15503693,-0.15837175,-0.19487974,-0.23847799,-0.2432746,-0.13010278,-0.1548493,-0.15833974,-0.14520228,-0.2961179,-0.15507764,-0.19813283,-0.13037144,-0.1550062,-0.060104962,-0.15931924,-0.15507565,-0.2028091,-0.2868003,-0.11816878,-0.14795661,-0.10060286,-0.1549018,-0.13614628,-0.20725825,-0.17393659,-0.125103,-0.15657571,-0.15690626,-0.1550741,-0.15837447,-0.16221246,-0.22200036,-0.13055813,-0.2814266,-0.15507895,-0.1915083,-0.24371436,-0.16952515,-0.15498069,-0.13369927,-0.12557748,-0.15507059,-0.18106565,-0.15507865,-0.18642783,-0.15501507,-0.30462334,-0.1549541,-0.14691104,-0.13029914,-0.15506414,-0.15836065,-0.18915205,-0.13046947,-0.15506974,-0.10481856,-0.1650517,-0.15506731,-0.15837674,-0.15834332,-0.13000448,-0.1549609,-0.15833877,-0.15832855,-0.15834151,-0.15835062,-0.16505513,-0.17392421,-0.15506226,-0.15836869,-0.15835735,-0.15836926,-0.2025511,-0.15354379,-0.14723541,-0.15394819,-0.11499533,-0.10471026,-0.11893196,-0.1550663,-0.15828867,-0.13042532,-0.19501048,-0.1550751,-0.18738703,-0.11705899,-0.17429145,-0.15506375,-0.06652963,-0.15479167,-0.10737923,-0.124497145,-0.15298569,-0.052188452,-0.26007295
k__Bacteria|p__Firmicutes|c__Clostridia|o__Eubacteriales|f__Peptostreptococcaceae|g__Romboutsia|s__Romboutsia_hominis,-0.1004395,-0.12316422,-0.15484692,-0.15818363,-0.15818386,-0.23867357,-0.1666669,-0.16813041,-0.10929718,-0.22895765,-0.23728925,-0.15485081,-0.22850217,-0.3768707,-0.08556121,-0.15452917,-0.058144663,-0.15442751,-0.15813386,-0.19931981,-0.1978925,-0.12990847,-0.15482265,-0.12711628,-0.20043859,-0.11658599,-0.182019,-0.25032333,-0.1509206,-0.15482633,-0.15142563,-0.10844302,-0.18249588,-0.28454733,-0.15483975,-0.13006522,-0.1548489,-0.22338755,-0.15485111,-0.29867563,-0.15485114,-0.29356226,-0.1294816,-0.15473151,-0.13691942,-0.15484671,-0.23188588,-0.24781659,-0.1296162,-0.13006996,-0.24679694,-0.18279888,-0.25087595,-0.26027086,-0.28621647,-0.27511892,-0.11894142,-0.15478158,-0.040142577,-0.056944285,-0.154268,-0.11274739,-0.13743341,-0.12997454,-0.15483356,-0.15818013,-0.15818366,-0.1581842,-0.27573854,-0.1548186,-0.12997508,-0.16243835,-0.12334165,-0.14074792,-0.15482387,-0.15887658,-0.14481027,-0.13005237,-0.18691605,-0.14998752,-0.15484151,-0.1581667,-0.15817559,-0.15812074,-0.120334074,-0.13700745,-0.08858878,-0.15483676,-0.19008024,-0.15484565,-0.2004665,-0.11139822,-0.1388583,-0.13027036,-0.1074974,-0.15152657,-0.15476903,-0.1579256,-0.10065024,-0.08152827,-0.09427856,-0.1548084,-0.11960925,-0.15027548,-0.16982608,-0.1185138,-0.15482135,-0.1581788,-0.17738779,-0.15176103,-0.15484792,-0.25953975,-0.17989698,-0.13525523,-0.15484571,-0.15095688,-0.17780018,-0.2009549,-0.15482828,-0.09015879,-0.15461323,-0.12151222,-0.121854745,-0.13997786,-0.21433522,-0.13908121,-0.16057305,-0.15478921,-0.07092635,-0.15434663,-0.15755562,-0.18733518,-0.15463677,-0.12996234,-0.12334781,-0.14100276,-0.15481362,-0.114095174,-0.25318068,-0.26654312,-0.12932143,-0.10945694,-0.15480664,-0.09238048,-0.20963459,-0.15484591,-0.15811448,-0.12954304,-0.15478906,-0.16015086,-0.1553517,-0.15484935,-0.19704957,-0.20616047,-0.1290712,-0.10460003,-0.11361031,-0.10256614,-0.15484352,-0.19495486,-0.15482378,-0.12948087,-0.15472269,-0.041086134,-0.12967405,-0.1548483,-0.2300741,-0.15483111,-0.10384405,-0.15372777,-0.0784167,-0.15473607,-0.12766197,-0.15475188,-0.121451,-0.075820275,-0.09192432,-0.101488546,-0.1546376,-0.15810937,-0.12378413,-0.15471864,-0.1410757,-0.13984437,-0.18093297,-0.1548503,-0.25777104,-0.12844054,-0.154776,-0.13462572,-0.119081676,-0.15482739,-0.15818048,-0.15818179,-0.15818265,-0.19755594,-0.25103784,-0.20219928,-0.19465852,-0.24831252,-0.20506537,-0.22091979,-0.15483813,-0.12971562,-0.11956477,-0.15483476,-0.15817755,-0.20931396,-0.18224281,-0.15482688,-0.32474133,-0.15484883,-0.15818474,-0.15818389,-0.1581836,-0.2185038,-0.15482628,-0.114121355,-0.15482923,-0.15817247,-0.15817776,-0.22984435,-0.15484394,-0.15816289,-0.08963354,-0.15476386,-0.15814665,-0.15815994,-0.15816146,-0.13302092,-0.1051107,-0.14014931,-0.15141064,-0.15839578,-0.15615125,-0.14613561,-0.15484115,-0.12319561,-0.13003063,-0.15481241,-0.15818459,-0.15818423,-0.15818423,-0.15818465,-0.38518023,-0.11451449,-0.15481871,-0.15564899,-0.14443555,-0.16636807,-0.15484512,-0.15812235,-0.12993515,-0.047159404,-0.15014838,-0.14016809,-0.14106366,-0.15473227,-0.19987361,-0.1649412,-0.17166539,-0.15482798,-0.15815221,-0.12722544,-0.14610182,-0.2588673,-0.12986335,-0.15475017,-0.09132757,-0.12832497,-0.13684332,-0.16221203,-0.15659244,-0.12935534,-0.15464678,-0.15811118,-0.15814929,-0.15817533,-0.15740095,-0.19795567,-0.15106063,-0.07294749,-0.2039893,-0.15481901,-0.15814845,-0.104459345,-0.15450343,-0.17466888,-0.13176009,-0.15482534,-0.15109587,-0.10913184,-0.15469663,-0.05825615,-0.14326635,-0.17082691,-0.15477705,-0.18883844,-0.15484966,-0.31316653,-0.15484181,-0.16808087,-0.14331596,-0.15484369,-0.1581819,-0.25088155,-0.15484995,-0.22115314,-0.07562123,-0.086852394,-0.10702289,-0.060967896,-0.14957368,-0.16796505,-0.15746465,-0.22133875,-0.12812386,-0.0969081,-0.16398169,-0.12716047,-0.11335766,-0.18846886,-0.13002422,-0.17755464,-0.0994983,-0.115196005,-0.15477817,-0.11662802,-0.19749595,-0.14526704,-0.12781724,-0.096878245,-0.15477896,-0.15803042,-0.12434345,-0.11230643,-0.063823454,-0.15472385,-0.11419349,-0.10007019,-0.24483351,-0.1548504,-0.15817514,-0.16344379,-0.1759062,-0.12524253,-0.15483901,-0.0782174,-0.19187105,-0.18185812,-0.09859173,-0.11065883,-0.15458566,-0.15793204,-0.083404,-0.1213824,-0.13072303,-0.13855581,-0.19385117,-0.15482104,-0.15817948,-0.19487974,-0.23847799,-0.2432746,-0.12975594,-0.15469,-0.15815696,-0.14520228,-0.2961179,-0.15484983,-0.19813283,-0.12994492,-0.15479943,-0.060104962,-0.15931924,-0.1548484,-0.2028091,-0.2868003,-0.11816878,-0.14795661,-0.10060286,-0.15472592,-0.13614628,-0.20725825,-0.17393659,-0.125103,-0.15657571,-0.15690626,-0.1548473,-0.15818137,-0.16221246,-0.22200036,-0.13008195,-0.2814266,-0.15485069,-0.1915083,-0.24371436,-0.16952515,-0.15478013,-0.13369927,-0.12557748,-0.15484484,-0.18106565,-0.15485051,-0.18642783,-0.15480462,-0.30462334,-0.15476227,-0.14691104,-0.13029914,-0.15484035,-0.1581718,-0.18915205,-0.13001865,-0.15484428,-0.10481856,-0.1650517,-0.15484247,-0.15818298,-0.15815942,-0.12968451,-0.15476844,-0.1581561,-0.1581491,-0.15815805,-0.15816477,-0.16505513,-0.17392421,-0.15483893,-0.15817735,-0.15816933,-0.15817776,-0.2025511,-0.15354379,-0.14723541,-0.15404555,-0.11499533,-0.10471026,-0.11893196,-0.15484187,-0.15812024,-0.12998667,-0.19501048,-0.15484798,-0.18738703,-0.11705899,-0.17429145,-0.15484014,-0.06652963,-0.15465015,-0.10737923,-0.124497145,-0.15298569,-0.052188452,-0.26007295
k__Bacteria|p__Firmicutes|c__Bacilli|o__Lactobacillales|f__Streptococcaceae|g__Streptococcus|s__Streptococcus_intermedius,-0.1004395,-0.12316422,-0.15470824,-0.15816405,-0.15816425,-0.23867357,-0.1666669,-0.16813041,-0.10929718,-0.22895765,-0.23728925,-0.1547122,-0.22850217,-0.3768707,-0.08556121,-0.15438,-0.058144663,-0.15428483,-0.15811306,-0.19931981,-0.1978925,-0.12889174,-0.15468352,-0.12711628,-0.20043859,-0.11658599,-0.182019,-0.25032333,-0.1509206,-0.15468708,-0.15142563,-0.10844302,-0.18249588,-0.28454733,-0.15470105,-0.12904263,-0.15471026,-0.22338755,-0.1547125,-0.29867563,-0.15471254,-0.29356226,-0.12849051,-0.1545895,-0.13691942,-0.15470806,-0.23188588,-0.24781659,-0.1296162,-0.12904721,-0.24679694,-0.18279888,-0.25087595,-0.26027086,-0.28621647,-0.27511892,-0.11894142,-0.15464197,-0.040142577,-0.056944285,-0.15411559,-0.11274739,-0.13743341,-0.12895374,-0.15469448,-0.15816048,-0.15816405,-0.1581646,-0.27573854,-0.15467867,-0.12895593,-0.16243835,-0.12334165,-0.14074792,-0.15468484,-0.15887658,-0.14481027,-0.12903044,-0.18691605,-0.14998752,-0.15470272,-0.15814681,-0.15815577,-0.15809791,-0.120334074,-0.13700745,-0.08858878,-0.15469794,-0.19008024,-0.15470698,-0.2004665,-0.11139822,-0.1388583,-0.13027036,-0.1074974,-0.15152657,-0.15462926,-0.15789786,-0.10065024,-0.08152827,-0.09427856,-0.15466917,-0.11960925,-0.15027548,-0.16982608,-0.1185138,-0.15468195,-0.15815914,-0.17738779,-0.15176103,-0.15470925,-0.25953975,-0.17989698,-0.13525523,-0.15470704,-0.15095688,-0.17780018,-0.2009549,-0.15468866,-0.09015879,-0.15447213,-0.12151222,-0.121854745,-0.13997786,-0.21433522,-0.13908121,-0.16057305,-0.15464966,-0.07092635,-0.1541977,-0.15751688,-0.18733518,-0.15448907,-0.12894301,-0.12334781,-0.14100276,-0.15467435,-0.114095174,-0.25318068,-0.26654312,-0.12833153,-0.10945694,-0.15466738,-0.09238048,-0.20963459,-0.15470722,-0.1580908,-0.12854874,-0.1546487,-0.16015086,-0.1553517,-0.15471071,-0.19704957,-0.20616047,-0.1280825,-0.10460003,-0.11361031,-0.10256614,-0.15470482,-0.19495486,-0.15468451,-0.12847394,-0.154582,-0.041086134,-0.12967405,-0.1547096,-0.2300741,-0.15469176,-0.10384405,-0.15355772,-0.0784167,-0.15459442,-0.12766197,-0.15461159,-0.121451,-0.075820275,-0.09192432,-0.101488546,-0.15449607,-0.15808876,-0.12378413,-0.15457511,-0.1410757,-0.13984437,-0.18093297,-0.1547117,-0.25777104,-0.12844054,-0.15463582,-0.13462572,-0.119081676,-0.15468848,-0.1581608,-0.15816215,-0.15816304,-0.19755594,-0.25103784,-0.20219928,-0.19465852,-0.24831252,-0.20506537,-0.22091979,-0.15469916,-0.12871183,-0.11956477,-0.15469593,-0.15815786,-0.20931396,-0.18224281,-0.15468773,-0.32474133,-0.1547102,-0.15816516,-0.1581643,-0.15816401,-0.2185038,-0.15468666,-0.114121355,-0.15468997,-0.15815246,-0.158158,-0.22984435,-0.15470526,-0.1581425,-0.08963354,-0.15462336,-0.15812668,-0.15813977,-0.15814166,-0.13302092,-0.1051107,-0.14014931,-0.15141064,-0.15839578,-0.15615125,-0.14613561,-0.15470247,-0.12319561,-0.1290075,-0.15467277,-0.15816502,-0.15816464,-0.15816465,-0.15816504,-0.38518023,-0.11451449,-0.15467948,-0.15564899,-0.14443555,-0.16636807,-0.15470636,-0.15810019,-0.12993515,-0.047159404,-0.14986345,-0.14016809,-0.14106366,-0.15459126,-0.19987361,-0.1649412,-0.17166539,-0.15468904,-0.15813237,-0.12722544,-0.14610182,-0.2588673,-0.12884906,-0.15461025,-0.09132757,-0.12832497,-0.13684332,-0.16221203,-0.15659244,-0.12836143,-0.15450345,-0.15809043,-0.15812917,-0.15815559,-0.15740095,-0.19795567,-0.15106063,-0.07294749,-0.2039893,-0.15467972,-0.15812847,-0.104459345,-0.15438293,-0.17466888,-0.13176009,-0.1546865,-0.15109587,-0.10913184,-0.15455435,-0.05825615,-0.14326635,-0.17082691,-0.15463692,-0.18883844,-0.15471104,-0.31316653,-0.15470284,-0.16808087,-0.14331596,-0.15470499,-0.15816222,-0.25088155,-0.15471132,-0.22115314,-0.07562123,-0.086852394,-0.10702289,-0.060967896,-0.14928819,-0.16796505,-0.15746465,-0.22133875,-0.12812386,-0.0969081,-0.16398169,-0.12716047,-0.11335766,-0.18846886,-0.12900254,-0.17755464,-0.0994983,-0.115196005,-0.15463814,-0.11662802,-0.19749595,-0.14526704,-0.12781724,-0.096878245,-0.15463957,-0.1580084,-0.12434345,-0.11230643,-0.063823454,-0.15458277,-0.11419349,-0.10007019,-0.24483351,-0.15471178,-0.15815508,-0.16344379,-0.1759062,-0.12524253,-0.15470023,-0.0782174,-0.19187105,-0.18185812,-0.09859173,-0.11065883,-0.15444347,-0.15790829,-0.083404,-0.1213824,-0.13072303,-0.13855581,-0.19385117,-0.15468164,-0.1581598,-0.19487974,-0.23847799,-0.2432746,-0.1287322,-0.15454863,-0.1581367,-0.14520228,-0.2961179,-0.15471119,-0.19813283,-0.12892535,-0.15465966,-0.060104962,-0.15931924,-0.15470973,-0.2028091,-0.2868003,-0.11816878,-0.14795661,-0.10060286,-0.15458448,-0.13614628,-0.20725825,-0.17393659,-0.125103,-0.15657571,-0.15690626,-0.15470862,-0.15816176,-0.16221246,-0.22200036,-0.12905915,-0.2814266,-0.15471208,-0.1915083,-0.24371436,-0.16952515,-0.15463847,-0.13369927,-0.12557748,-0.15470609,-0.18106565,-0.1547119,-0.18642783,-0.1546644,-0.30462334,-0.15462139,-0.14691104,-0.13029914,-0.15470155,-0.15815198,-0.18915205,-0.12899715,-0.15470558,-0.10481856,-0.1650517,-0.15470365,-0.15816334,-0.15813836,-0.12865868,-0.15462866,-0.15813573,-0.15812874,-0.1581378,-0.15814474,-0.16505513,-0.17392421,-0.15470004,-0.15815766,-0.15814947,-0.15815806,-0.2025511,-0.15354379,-0.14723541,-0.15388349,-0.11499533,-0.10471026,-0.11893196,-0.15470308,-0.15809762,-0.12896644,-0.19501048,-0.15470928,-0.18738703,-0.11705899,-0.17429145,-0.15470098,-0.06652963,-0.15450834,-0.10737923,-0.124497145,-0.15298569,-0.052188452,-0.26007295
k__Bacteria|p__Firmicutes|c__Erysipelotrichia|o__Erysipelotrichales|f__Coprobacillaceae|g__Coprobacillus|s__Coprobacillus_sp_AF33_1AC,-0.1004395,-0.12316422,-0.15552847,-0.1588063,-0.15880658,-0.23867357,-0.1666669,-0.16813041,-0.10929718,-0.22895765,-0.23728925,-0.15553308,-0.22850217,-0.3768707,-0.08556121,-0.15514535,-0.058144663,-0.15501054,-0.15874681,-0.19931981,-0.1978925,-0.13100053,-0.155499,-0.12711628,-0.20043859,-0.11658599,-0.182019,-0.25032333,-0.1509206,-0.1555041,-0.15142563,-0.10844302,-0.18249588,-0.28454733,-0.15552062,-0.13118386,-0.15553075,-0.22338755,-0.15553343,-0.29867563,-0.1555335,-0.29356226,-0.13051097,-0.15539294,-0.13691942,-0.1555281,-0.23188588,-0.24781659,-0.1296162,-0.13118976,-0.24679694,-0.18279888,-0.25087595,-0.26027086,-0.28621647,-0.27511892,-0.11894142,-0.15544969,-0.040142577,-0.056944285,-0.15484016,-0.11274739,-0.13743341,-0.13107863,-0.15551275,-0.15880202,-0.15880637,-0.15880698,-0.27573854,-0.15549631,-0.1310805,-0.16243835,-0.12334165,-0.14074792,-0.15550041,-0.15887658,-0.14481027,-0.13116871,-0.18691605,-0.14998752,-0.15552184,-0.15878591,-0.15879688,-0.158737,-0.120334074,-0.13700745,-0.08858878,-0.15551604,-0.19008024,-0.15552685,-0.2004665,-0.11139822,-0.1388583,-0.13027036,-0.1074974,-0.15152657,-0.15543362,-0.15852344,-0.10065024,-0.08152827,-0.09427856,-0.15548149,-0.11960925,-0.15027548,-0.16982608,-0.1185138,-0.15549824,-0.15880047,-0.17738779,-0.15176103,-0.15552963,-0.25953975,-0.17989698,-0.13525523,-0.15552689,-0.15095688,-0.17780018,-0.2009549,-0.15550855,-0.09015879,-0.15524262,-0.12151222,-0.121854745,-0.13997786,-0.21433522,-0.13908121,-0.16057305,-0.15545794,-0.07092635,-0.1549274,-0.15807608,-0.18733518,-0.15529034,-0.13106748,-0.12334781,-0.14100276,-0.15548791,-0.114095174,-0.25318068,-0.26654312,-0.13033403,-0.10945694,-0.15547922,-0.09238048,-0.20963459,-0.15552711,-0.15872978,-0.13059837,-0.15545945,-0.16015086,-0.1553517,-0.15553132,-0.19704957,-0.20616047,-0.13004753,-0.10460003,-0.11361031,-0.10256614,-0.1555241,-0.19495486,-0.15550187,-0.13051966,-0.15537673,-0.041086134,-0.12967405,-0.15553018,-0.2300741,-0.1555105,-0.10384405,-0.15418153,-0.0784167,-0.15539543,-0.12766197,-0.15541318,-0.121451,-0.075820275,-0.09192432,-0.101488546,-0.15527517,-0.15871556,-0.12378413,-0.15538895,-0.1410757,-0.13984437,-0.18093297,-0.15553245,-0.25777104,-0.12844054,-0.1554482,-0.13462572,-0.119081676,-0.1555042,-0.1588025,-0.15880406,-0.15880513,-0.19755594,-0.25103784,-0.20219928,-0.19465852,-0.24831252,-0.20506537,-0.22091979,-0.15551856,-0.13079487,-0.11956477,-0.15551347,-0.15879905,-0.20931396,-0.18224281,-0.15550607,-0.32474133,-0.15553063,-0.15880764,-0.15880659,-0.15880623,-0.2185038,-0.15550573,-0.114121355,-0.15550777,-0.15879358,-0.15879929,-0.22984435,-0.15552464,-0.158784,-0.08963354,-0.15542917,-0.15876076,-0.15877819,-0.15877888,-0.13302092,-0.1051107,-0.14014931,-0.15141064,-0.15839578,-0.15615125,-0.14613561,-0.15552111,-0.12319561,-0.13114277,-0.15548798,-0.15880747,-0.15880702,-0.15880704,-0.15880752,-0.38518023,-0.11451449,-0.15549445,-0.15564899,-0.14443555,-0.16636807,-0.15552634,-0.15873696,-0.12993515,-0.047159404,-0.15003482,-0.14016809,-0.14106366,-0.15539083,-0.19987361,-0.1649412,-0.17166539,-0.15550531,-0.15876716,-0.12722544,-0.14610182,-0.2588673,-0.13095084,-0.15541098,-0.09132757,-0.12832497,-0.13684332,-0.16221203,-0.15659244,-0.13039625,-0.15529111,-0.15871856,-0.15876445,-0.15879622,-0.15740095,-0.19795567,-0.15106063,-0.07294749,-0.2039893,-0.15549539,-0.15876272,-0.104459345,-0.15518317,-0.17466888,-0.13176009,-0.1555015,-0.15109587,-0.10913184,-0.15534842,-0.05825615,-0.14326635,-0.17082691,-0.15544483,-0.18883844,-0.15553175,-0.31316653,-0.15552293,-0.16808087,-0.14331596,-0.15552449,-0.1588043,-0.25088155,-0.1555321,-0.22115314,-0.07562123,-0.086852394,-0.10702289,-0.060967896,-0.14933857,-0.16796505,-0.15746465,-0.22133875,-0.12812386,-0.0969081,-0.16398169,-0.12716047,-0.11335766,-0.18846886,-0.13113585,-0.17755464,-0.0994983,-0.115196005,-0.15544574,-0.11662802,-0.19749595,-0.14526704,-0.12781724,-0.096878245,-0.15544471,-0.15862054,-0.12434345,-0.11230643,-0.063823454,-0.15537968,-0.11419349,-0.10007019,-0.24483351,-0.15553257,-0.15879695,-0.16344379,-0.1759062,-0.12524253,-0.15551865,-0.0782174,-0.19187105,-0.18185812,-0.09859173,-0.11065883,-0.15521014,-0.15850139,-0.083404,-0.1213824,-0.13072303,-0.13855581,-0.19385117,-0.1554979,-0.15880129,-0.19487974,-0.23847799,-0.2432746,-0.13081798,-0.15533869,-0.15877447,-0.14520228,-0.2961179,-0.15553187,-0.19813283,-0.13104434,-0.15547198,-0.060104962,-0.15931924,-0.15553024,-0.2028091,-0.2868003,-0.11816878,-0.14795661,-0.10060286,-0.15538439,-0.13614628,-0.20725825,-0.17393659,-0.125103,-0.15657571,-0.15690626,-0.15552893,-0.15880355,-0.16221246,-0.22200036,-0.13120417,-0.2814266,-0.15553297,-0.1915083,-0.24371436,-0.16952515,-0.15545468,-0.13369927,-0.12557748,-0.15552598,-0.18106565,-0.15553272,-0.18642783,-0.15548153,-0.30462334,-0.15542866,-0.14691104,-0.13029914,-0.1555205,-0.15879184,-0.18915205,-0.13112825,-0.15552521,-0.10481856,-0.1650517,-0.15552327,-0.1588055,-0.15877947,-0.13073733,-0.1554327,-0.15877382,-0.15876496,-0.15877604,-0.1587835,-0.16505513,-0.17392421,-0.15551901,-0.15879864,-0.15878916,-0.15879913,-0.2025511,-0.15354379,-0.14723541,-0.15459317,-0.11499533,-0.10471026,-0.11893196,-0.15552233,-0.15873533,-0.13108909,-0.19501048,-0.15552977,-0.18738703,-0.11705899,-0.17429145,-0.1555213,-0.06652963,-0.1552892,-0.10737923,-0.124497145,-0.15298569,-0.052188452,-0.26007295
k__Bacteria|p__Firmicutes|c__Erysipelotrichia|o__Erysipelotrichales|f__Erysipelotrichaceae|g__Allobaculum|s__Allobaculum_stercoricanis,-0.1004395,-0.12316422,-0.1551198,-0.15841669,-0.15841696,-0.23867357,-0.1666669,-0.16813041,-0.10929718,-0.22895765,-0.23728925,-0.15512472,-0.22850217,-0.3768707,-0.08556121,-0.15471108,-0.058144663,-0.15457723,-0.15835315,-0.19931981,-0.1978925,-0.13044909,-0.15508856,-0.12711628,-0.20043859,-0.11658599,-0.182019,-0.25032333,-0.1509206,-0.15509361,-0.15142563,-0.10844302,-0.18249588,-0.28454733,-0.15511116,-0.13063455,-0.15512227,-0.22338755,-0.1551251,-0.29867563,-0.15512517,-0.29356226,-0.12995365,-0.15497386,-0.13691942,-0.15511945,-0.23188588,-0.24781659,-0.1296162,-0.13064058,-0.24679694,-0.18279888,-0.25087595,-0.26027086,-0.28621647,-0.27511892,-0.11894142,-0.1550365,-0.040142577,-0.056944285,-0.15438461,-0.11274739,-0.13743341,-0.13052703,-0.15510291,-0.15841216,-0.15841673,-0.1584174,-0.27573854,-0.15508476,-0.13052842,-0.16243835,-0.12334165,-0.14074792,-0.15509018,-0.15887658,-0.14481027,-0.1306193,-0.18691605,-0.14998752,-0.1551128,-0.15839507,-0.15840656,-0.15833917,-0.120334074,-0.13700745,-0.08858878,-0.15510672,-0.19008024,-0.15511814,-0.2004665,-0.11139822,-0.1388583,-0.13027036,-0.1074974,-0.15152657,-0.15501982,-0.1581051,-0.10065024,-0.08152827,-0.09427856,-0.15507022,-0.11960925,-0.15027548,-0.16982608,-0.1185138,-0.15508726,-0.15841052,-0.17738779,-0.15176103,-0.15512106,-0.25953975,-0.17989698,-0.13525523,-0.1551182,-0.15095688,-0.17780018,-0.2009549,-0.15509734,-0.09015879,-0.15481938,-0.12151222,-0.121854745,-0.13997786,-0.21433522,-0.13908121,-0.16057305,-0.15504548,-0.07092635,-0.15448102,-0.15762849,-0.18733518,-0.15485889,-0.13051812,-0.12334781,-0.14100276,-0.15507695,-0.114095174,-0.25318068,-0.26654312,-0.12979287,-0.10945694,-0.1550679,-0.09238048,-0.20963459,-0.15511844,-0.15833059,-0.13004638,-0.15504584,-0.16015086,-0.1553517,-0.15512286,-0.19704957,-0.20616047,-0.12951218,-0.10460003,-0.11361031,-0.10256614,-0.15511529,-0.19495486,-0.15509078,-0.12997596,-0.15495965,-0.041086134,-0.12967405,-0.15512158,-0.2300741,-0.15509981,-0.10384405,-0.15368333,-0.0784167,-0.15497783,-0.12766197,-0.15499789,-0.121451,-0.075820275,-0.09192432,-0.101488546,-0.15485257,-0.1583211,-0.12378413,-0.15496469,-0.1410757,-0.13984437,-0.18093297,-0.15512407,-0.25777104,-0.12844054,-0.15503266,-0.13462572,-0.119081676,-0.15509439,-0.15841265,-0.1584143,-0.15841544,-0.19755594,-0.25103784,-0.20219928,-0.19465852,-0.24831252,-0.20506537,-0.22091979,-0.15510888,-0.13024393,-0.11956477,-0.15510403,-0.15840895,-0.20931396,-0.18224281,-0.15509513,-0.32474133,-0.15512218,-0.15841809,-0.15841702,-0.15841663,-0.2185038,-0.1550945,-0.114121355,-0.15509742,-0.1584028,-0.15840916,-0.22984435,-0.15511584,-0.15839154,-0.08963354,-0.15501398,-0.15836889,-0.15838662,-0.15838796,-0.13302092,-0.1051107,-0.14014931,-0.15141064,-0.15839578,-0.15615125,-0.14613561,-0.1551122,-0.12319561,-0.13059142,-0.1550763,-0.15841793,-0.15841746,-0.15841746,-0.15841797,-0.38518023,-0.11451449,-0.15508372,-0.15564899,-0.14443555,-0.16636807,-0.15511751,-0.15834038,-0.12993515,-0.047159404,-0.14919409,-0.14016809,-0.14106366,-0.15497348,-0.19987361,-0.1649412,-0.17166539,-0.15509543,-0.15837583,-0.12722544,-0.14610182,-0.2588673,-0.13040355,-0.15499602,-0.09132757,-0.12832497,-0.13684332,-0.16221203,-0.15659244,-0.12985006,-0.15486632,-0.15832394,-0.15837249,-0.15840602,-0.15740095,-0.19795567,-0.15106063,-0.07294749,-0.2039893,-0.15508448,-0.15837109,-0.104459345,-0.15476269,-0.17466888,-0.13176009,-0.15509167,-0.15109587,-0.10913184,-0.15492836,-0.05825615,-0.14326635,-0.17082691,-0.15503082,-0.18883844,-0.1551233,-0.31316653,-0.15511358,-0.16808087,-0.14331596,-0.15511563,-0.15841451,-0.25088155,-0.15512368,-0.22115314,-0.07562123,-0.086852394,-0.10702289,-0.060967896,-0.14846747,-0.16796505,-0.15746465,-0.22133875,-0.12812386,-0.0969081,-0.16398169,-0.12716047,-0.11335766,-0.18846886,-0.13058509,-0.17755464,-0.0994983,-0.115196005,-0.15503198,-0.11662802,-0.19749595,-0.14526704,-0.12781724,-0.096878245,-0.15503201,-0.15822048,-0.12434345,-0.11230643,-0.063823454,-0.15496218,-0.11419349,-0.10007019,-0.24483351,-0.15512419,-0.15840608,-0.16344379,-0.1759062,-0.12524253,-0.15510951,-0.0782174,-0.19187105,-0.18185812,-0.09859173,-0.11065883,-0.15478435,-0.15809426,-0.083404,-0.1213824,-0.13072303,-0.13855581,-0.19385117,-0.155087,-0.15841135,-0.19487974,-0.23847799,-0.2432746,-0.13025974,-0.15491901,-0.15838268,-0.14520228,-0.2961179,-0.15512344,-0.19813283,-0.1304935,-0.15505953,-0.060104962,-0.15931924,-0.15512168,-0.2028091,-0.2868003,-0.11816878,-0.14795661,-0.10060286,-0.15496609,-0.13614628,-0.20725825,-0.17393659,-0.125103,-0.15657571,-0.15690626,-0.15512028,-0.1584138,-0.16221246,-0.22200036,-0.13065559,-0.2814266,-0.1551246,-0.1915083,-0.24371436,-0.16952515,-0.15503721,-0.13369927,-0.12557748,-0.15511714,-0.18106565,-0.15512434,-0.18642783,-0.1550677,-0.30462334,-0.15501279,-0.14691104,-0.13029914,-0.15511137,-0.1584014,-0.18915205,-0.13057739,-0.15511638,-0.10481856,-0.1650517,-0.15511419,-0.15841582,-0.15838633,-0.13018125,-0.15501893,-0.1583818,-0.1583727,-0.15838428,-0.15839244,-0.16505513,-0.17392421,-0.15510967,-0.15840861,-0.15839845,-0.15840912,-0.2025511,-0.15354379,-0.14723541,-0.15411213,-0.11499533,-0.10471026,-0.11893196,-0.1551133,-0.1583375,-0.13053775,-0.19501048,-0.15512116,-0.18738703,-0.11705899,-0.17429145,-0.15511134,-0.06652963,-0.15486717,-0.10737923,-0.124497145,-0.15298569,-0.052188452,-0.26007295
k__Bacteria|p__Firmicutes|c__Erysipelotrichia|o__Erysipelotrichales|f__Erysipelotrichaceae|g__Faecalibacillus|s__Faecalibacillus_faecis,-0.1004395,-0.12316422,-0.15485375,-0.1581528,-0.15815307,-0.23867357,-0.1666669,-0.16813041,-0.10929718,-0.22895765,-0.23728925,-0.15485844,-0.22850217,-0.3768707,-0.08556121,-0.15446608,-0.058144663,-0.15433347,-0.15809199,-0.19931981,-0.1978925,-0.1301734,-0.15482384,-0.12711628,-0.20043859,-0.11658599,-0.182019,-0.25032333,-0.1509206,-0.1548287,-0.15142563,-0.10844302,-0.18249588,-0.28454733,-0.15484557,-0.1303523,-0.15485609,-0.22338755,-0.15485881,-0.29867563,-0.15485889,-0.29356226,-0.12969562,-0.15471417,-0.13691942,-0.1548534,-0.23188588,-0.24781659,-0.1296162,-0.13035797,-0.24679694,-0.18279888,-0.25087595,-0.26027086,-0.28621647,-0.27511892,-0.11894142,-0.1547738,-0.040142577,-0.056944285,-0.15414858,-0.11274739,-0.13743341,-0.13024867,-0.15483758,-0.15814847,-0.15815285,-0.15815347,-0.27573854,-0.15482077,-0.13024966,-0.16243835,-0.12334165,-0.14074792,-0.15482531,-0.15887658,-0.14481027,-0.13033731,-0.18691605,-0.14998752,-0.15484703,-0.15813206,-0.1581431,-0.15808022,-0.120334074,-0.13700745,-0.08858878,-0.15484121,-0.19008024,-0.15485214,-0.2004665,-0.11139822,-0.1388583,-0.13027036,-0.1074974,-0.15152657,-0.15475781,-0.15786505,-0.10065024,-0.08152827,-0.09427856,-0.15480623,-0.11960925,-0.15027548,-0.16982608,-0.1185138,-0.15482265,-0.1581469,-0.17738779,-0.15176103,-0.15485492,-0.25953975,-0.17989698,-0.13525523,-0.15485218,-0.15095688,-0.17780018,-0.2009549,-0.1548326,-0.09015879,-0.15456542,-0.12151222,-0.121854745,-0.13997786,-0.21433522,-0.13908121,-0.16057305,-0.15478253,-0.07092635,-0.15424305,-0.1573974,-0.18733518,-0.15460525,-0.13023926,-0.12334781,-0.14100276,-0.15481263,-0.114095174,-0.25318068,-0.26654312,-0.12953906,-0.10945694,-0.15480398,-0.09238048,-0.20963459,-0.15485239,-0.15807217,-0.12978946,-0.15478319,-0.16015086,-0.1553517,-0.15485665,-0.19704957,-0.20616047,-0.1292504,-0.10460003,-0.11361031,-0.10256614,-0.15484941,-0.19495486,-0.15482642,-0.12972385,-0.15470052,-0.041086134,-0.12967405,-0.15485545,-0.2300741,-0.15483505,-0.10384405,-0.15348592,-0.0784167,-0.15471822,-0.12766197,-0.15473694,-0.121451,-0.075820275,-0.09192432,-0.101488546,-0.1545974,-0.15806118,-0.12378413,-0.15470798,-0.1410757,-0.13984437,-0.18093297,-0.15485783,-0.25777104,-0.12844054,-0.15477131,-0.13462572,-0.119081676,-0.15482938,-0.15814894,-0.15815052,-0.1581516,-0.19755594,-0.25103784,-0.20219928,-0.19465852,-0.24831252,-0.20506537,-0.22091979,-0.15484339,-0.1299806,-0.11956477,-0.15483864,-0.1581454,-0.20931396,-0.18224281,-0.15483047,-0.32474133,-0.154856,-0.15815416,-0.15815312,-0.15815274,-0.2185038,-0.1548298,-0.114121355,-0.15483235,-0.15813953,-0.15814562,-0.22984435,-0.15484996,-0.15812916,-0.08963354,-0.15475237,-0.15810694,-0.158124,-0.15812525,-0.13302092,-0.1051107,-0.14014931,-0.15141064,-0.15839578,-0.15615125,-0.14613561,-0.15484644,-0.12319561,-0.13031116,-0.15481201,-0.15815398,-0.15815353,-0.15815353,-0.15815403,-0.38518023,-0.11451449,-0.15481913,-0.15564899,-0.14443555,-0.16636807,-0.15485154,-0.15808025,-0.12993515,-0.047159404,-0.14917853,-0.14016809,-0.14106366,-0.15471338,-0.19987361,-0.1649412,-0.17166539,-0.15483034,-0.15811358,-0.12722544,-0.14610182,-0.2588673,-0.13012993,-0.15473507,-0.09132757,-0.12832497,-0.13684332,-0.16221203,-0.15659244,-0.12959686,-0.15461114,-0.15806384,-0.15811045,-0.15814258,-0.15740095,-0.19795567,-0.15106063,-0.07294749,-0.2039893,-0.15481988,-0.15810907,-0.104459345,-0.15451224,-0.17466888,-0.13176009,-0.15482673,-0.15109587,-0.10913184,-0.15467098,-0.05825615,-0.14326635,-0.17082691,-0.15476836,-0.18883844,-0.1548571,-0.31316653,-0.1548478,-0.16808087,-0.14331596,-0.15484974,-0.15815072,-0.25088155,-0.15485744,-0.22115314,-0.07562123,-0.086852394,-0.10702289,-0.060967896,-0.14847426,-0.16796505,-0.15746465,-0.22133875,-0.12812386,-0.0969081,-0.16398169,-0.12716047,-0.11335766,-0.18846886,-0.13030511,-0.17755464,-0.0994983,-0.115196005,-0.15476952,-0.11662802,-0.19749595,-0.14526704,-0.12781724,-0.096878245,-0.15476945,-0.15796478,-0.12434345,-0.11230643,-0.063823454,-0.15470293,-0.11419349,-0.10007019,-0.24483351,-0.15485793,-0.15814286,-0.16344379,-0.1759062,-0.12524253,-0.15484387,-0.0782174,-0.19187105,-0.18185812,-0.09859173,-0.11065883,-0.15453213,-0.15784386,-0.083404,-0.1213824,-0.13072303,-0.13855581,-0.19385117,-0.15482233,-0.1581477,-0.19487974,-0.23847799,-0.2432746,-0.12999725,-0.1546613,-0.15812024,-0.14520228,-0.2961179,-0.15485723,-0.19813283,-0.1302162,-0.15479599,-0.060104962,-0.15931924,-0.15485553,-0.2028091,-0.2868003,-0.11816878,-0.14795661,-0.10060286,-0.15470645,-0.13614628,-0.20725825,-0.17393659,-0.125103,-0.15657571,-0.15690626,-0.15485421,-0.15815002,-0.16221246,-0.22200036,-0.1303724,-0.2814266,-0.15485834,-0.1915083,-0.24371436,-0.16952515,-0.15477651,-0.13369927,-0.12557748,-0.1548512,-0.18106565,-0.15485811,-0.18642783,-0.15480444,-0.30462334,-0.15475112,-0.14691104,-0.13029914,-0.15484565,-0.15813817,-0.18915205,-0.13029736,-0.15485045,-0.10481856,-0.1650517,-0.15484837,-0.15815197,-0.15812449,-0.12992966,-0.154757,-0.15811941,-0.15811059,-0.15812173,-0.15812963,-0.16505513,-0.17392421,-0.15484402,-0.15814504,-0.15813531,-0.15814555,-0.2025511,-0.15354379,-0.14723541,-0.15388745,-0.11499533,-0.10471026,-0.11893196,-0.15484752,-0.15807852,-0.13025941,-0.19501048,-0.15485504,-0.18738703,-0.11705899,-0.17429145,-0.15484606,-0.06652963,-0.15461212,-0.10737923,-0.124497145,-0.15298569,-0.052188452,-0.26007295
k__Bacteria|p__Firmicutes|c__Erysipelotrichia|o__Erysipelotrichales|f__Erysipelotrichaceae|g__Candidatus_Stoquefichus|s__Candidatus_Stoquefichus_massiliensis,-0.1004395,-0.12316422,-0.15534948,-0.15870228,-0.15870261,-0.23867357,-0.1666669,-0.16813041,-0.10929718,-0.22895765,-0.23728925,-0.15535533,-0.22850217,-0.3768707,-0.08556121,-0.15486899,-0.058144663,-0.15470926,-0.1586267,-0.19931981,-0.1978925,-0.13023128,-0.15531252,-0.12711628,-0.20043859,-0.11658599,-0.182019,-0.25032333,-0.1509206,-0.15531832,-0.15142563,-0.10844302,-0.18249588,-0.28454733,-0.15533929,-0.13045001,-0.15535243,-0.22338755,-0.15535578,-0.29867563,-0.15535587,-0.29356226,-0.12964126,-0.1551752,-0.13691942,-0.1553491,-0.23188588,-0.24781659,-0.1296162,-0.13045692,-0.24679694,-0.18279888,-0.25087595,-0.26027086,-0.28621647,-0.27511892,-0.11894142,-0.15525064,-0.040142577,-0.056944285,-0.15447146,-0.11274739,-0.13743341,-0.1303223,-0.15532926,-0.15869692,-0.15870233,-0.15870312,-0.27573854,-0.15530804,-0.13032354,-0.16243835,-0.12334165,-0.14074792,-0.15531433,-0.15887658,-0.14481027,-0.13043192,-0.18691605,-0.14998752,-0.15534118,-0.15867656,-0.15869014,-0.15861094,-0.120334074,-0.13700745,-0.08858878,-0.15533398,-0.19008024,-0.15534753,-0.2004665,-0.11139822,-0.1388583,-0.13027036,-0.1074974,-0.15152657,-0.1552309,-0.15833697,-0.10065024,-0.08152827,-0.09427856,-0.15529081,-0.11960925,-0.15027548,-0.16982608,-0.1185138,-0.15531076,-0.15869497,-0.17738779,-0.15176103,-0.15535097,-0.25953975,-0.17989698,-0.13525523,-0.1553476,-0.15095688,-0.17780018,-0.2009549,-0.15532266,-0.09015879,-0.15499383,-0.12151222,-0.121854745,-0.13997786,-0.21433522,-0.13908121,-0.16057305,-0.15526158,-0.07092635,-0.1545924,-0.15775588,-0.18733518,-0.15503657,-0.13030843,-0.12334781,-0.14100276,-0.15529865,-0.114095174,-0.25318068,-0.26654312,-0.12946957,-0.10945694,-0.15528801,-0.09238048,-0.20963459,-0.15534787,-0.1586001,-0.1297585,-0.15526167,-0.16015086,-0.1553517,-0.15535313,-0.19704957,-0.20616047,-0.12912522,-0.10460003,-0.11361031,-0.10256614,-0.15534419,-0.19495486,-0.15531555,-0.12967841,-0.15516037,-0.041086134,-0.12967405,-0.15535156,-0.2300741,-0.15532619,-0.10384405,-0.15365614,-0.0784167,-0.15518121,-0.12766197,-0.15520486,-0.121451,-0.075820275,-0.09192432,-0.101488546,-0.15503222,-0.15858907,-0.12378413,-0.15516593,-0.1410757,-0.13984437,-0.18093297,-0.15535459,-0.25777104,-0.12844054,-0.15524694,-0.13462572,-0.119081676,-0.15531948,-0.15869746,-0.15869945,-0.1587008,-0.19755594,-0.25103784,-0.20219928,-0.19465852,-0.24831252,-0.20506537,-0.22091979,-0.15533654,-0.12998876,-0.11956477,-0.15533087,-0.15869308,-0.20931396,-0.18224281,-0.15532017,-0.32474133,-0.15535232,-0.15870397,-0.15870267,-0.15870221,-0.2185038,-0.15531965,-0.114121355,-0.15532273,-0.15868555,-0.15869334,-0.22984435,-0.15534486,-0.15867215,-0.08963354,-0.15522358,-0.15864576,-0.15866636,-0.15866834,-0.13302092,-0.1051107,-0.14014931,-0.15141064,-0.15839578,-0.15615125,-0.14613561,-0.15534058,-0.12319561,-0.13039863,-0.15529731,-0.15870374,-0.15870318,-0.1587032,-0.1587038,-0.38518023,-0.11451449,-0.15530655,-0.15564899,-0.14443555,-0.16636807,-0.15534672,-0.15861106,-0.12993515,-0.047159404,-0.1482436,-0.14016809,-0.14106366,-0.15517516,-0.19987361,-0.1649412,-0.17166539,-0.15532058,-0.15865408,-0.12722544,-0.14610182,-0.2588673,-0.13018018,-0.15520284,-0.09132757,-0.12832497,-0.13684332,-0.16221203,-0.15659244,-0.12955426,-0.15504815,-0.15859224,-0.15864997,-0.15868965,-0.15740095,-0.19795567,-0.15106063,-0.07294749,-0.2039893,-0.1553073,-0.15864849,-0.104459345,-0.15492523,-0.17466888,-0.13176009,-0.15531632,-0.15109587,-0.10913184,-0.155123,-0.05825615,-0.14326635,-0.17082691,-0.1552434,-0.18883844,-0.15535364,-0.31316653,-0.15534194,-0.16808087,-0.14331596,-0.15534455,-0.15869965,-0.25088155,-0.15535408,-0.22115314,-0.07562123,-0.086852394,-0.10702289,-0.060967896,-0.14737709,-0.16796505,-0.15746465,-0.22133875,-0.12812386,-0.0969081,-0.16398169,-0.12716047,-0.11335766,-0.18846886,-0.13039164,-0.17755464,-0.0994983,-0.115196005,-0.15524502,-0.11662802,-0.19749595,-0.14526704,-0.12781724,-0.096878245,-0.15524581,-0.15846975,-0.12434345,-0.11230643,-0.063823454,-0.15516269,-0.11419349,-0.10007019,-0.24483351,-0.15535471,-0.15868983,-0.16344379,-0.1759062,-0.12524253,-0.15533733,-0.0782174,-0.19187105,-0.18185812,-0.09859173,-0.11065883,-0.15495217,-0.15831989,-0.083404,-0.1213824,-0.13072303,-0.13855581,-0.19385117,-0.15531027,-0.15869597,-0.19487974,-0.23847799,-0.2432746,-0.13001525,-0.15511122,-0.15866181,-0.14520228,-0.2961179,-0.15535384,-0.19813283,-0.13028401,-0.1552777,-0.060104962,-0.15931924,-0.1553517,-0.2028091,-0.2868003,-0.11816878,-0.14795661,-0.10060286,-0.15516622,-0.13614628,-0.20725825,-0.17393659,-0.125103,-0.15657571,-0.15690626,-0.15535003,-0.15869884,-0.16221246,-0.22200036,-0.13047473,-0.2814266,-0.15535519,-0.1915083,-0.24371436,-0.16952515,-0.15525213,-0.13369927,-0.12557748,-0.1553463,-0.18106565,-0.15535492,-0.18642783,-0.15528736,-0.30462334,-0.15522137,-0.14691104,-0.13029914,-0.15533945,-0.15868416,-0.18915205,-0.13038293,-0.15534547,-0.10481856,-0.1650517,-0.15534273,-0.15870124,-0.1586667,-0.1299317,-0.15522993,-0.15866059,-0.15864985,-0.15866354,-0.15867357,-0.16505513,-0.17392421,-0.15533736,-0.15869269,-0.15868056,-0.15869331,-0.2025511,-0.15354379,-0.14723541,-0.15413994,-0.11499533,-0.10471026,-0.11893196,-0.15534177,-0.15860882,-0.1303363,-0.19501048,-0.15535107,-0.18738703,-0.11705899,-0.17429145,-0.15533996,-0.06652963,-0.15505075,-0.10737923,-0.124497145,-0.15298569,-0.052188452,-0.26007295
k__Bacteria|p__Firmicutes|c__Bacilli|o__Lactobacillales|f__Lactobacillaceae|g__Leuconostoc|s__Leuconostoc_lactis,-0.1004395,-0.12316422,-0.15515473,-0.15850039,-0.15850066,-0.23867357,-0.1666669,-0.16813041,-0.10929718,-0.22895765,-0.23728925,-0.15515958,-0.22850217,-0.3768707,-0.08556121,-0.15474895,-0.058144663,-0.15462068,-0.15843745,-0.19931981,-0.1978925,-0.13011077,-0.15512392,-0.12711628,-0.20043859,-0.11658599,-0.182019,-0.25032333,-0.1509206,-0.1551288,-0.15142563,-0.10844302,-0.18249588,-0.28454733,-0.15514597,-0.13030666,-0.15515718,-0.22338755,-0.15515995,-0.29867563,-0.15515998,-0.29356226,-0.12958644,-0.15500978,-0.13691942,-0.1551544,-0.23188588,-0.24781659,-0.1296162,-0.1303128,-0.24679694,-0.18279888,-0.25087595,-0.26027086,-0.28621647,-0.27511892,-0.11894142,-0.15507206,-0.040142577,-0.056944285,-0.15442657,-0.11274739,-0.13743341,-0.13019238,-0.1551379,-0.15849593,-0.15850043,-0.15850109,-0.27573854,-0.15511864,-0.13019525,-0.16243835,-0.12334165,-0.14074792,-0.15512553,-0.15887658,-0.14481027,-0.13029078,-0.18691605,-0.14998752,-0.15514782,-0.158479,-0.15849027,-0.15842131,-0.120334074,-0.13700745,-0.08858878,-0.15514183,-0.19008024,-0.15515308,-0.2004665,-0.11139822,-0.1388583,-0.13027036,-0.1074974,-0.15152657,-0.15505601,-0.1581707,-0.10065024,-0.08152827,-0.09427856,-0.15510583,-0.11960925,-0.15027548,-0.16982608,-0.1185138,-0.15512249,-0.15849428,-0.17738779,-0.15176103,-0.15515596,-0.25953975,-0.17989698,-0.13525523,-0.15515316,-0.15095688,-0.17780018,-0.2009549,-0.15513161,-0.09015879,-0.15485826,-0.12151222,-0.121854745,-0.13997786,-0.21433522,-0.13908121,-0.16057305,-0.15508139,-0.07092635,-0.15452144,-0.157715,-0.18733518,-0.15489247,-0.13017733,-0.12334781,-0.14100276,-0.15511245,-0.114095174,-0.25318068,-0.26654312,-0.12937605,-0.10945694,-0.15510356,-0.09238048,-0.20963459,-0.15515336,-0.15841377,-0.12965944,-0.1550814,-0.16015086,-0.1553517,-0.15515774,-0.19704957,-0.20616047,-0.12907079,-0.10460003,-0.11361031,-0.10256614,-0.15515031,-0.19495486,-0.15512565,-0.12957197,-0.15499687,-0.041086134,-0.12967405,-0.15515646,-0.2300741,-0.15513487,-0.10384405,-0.15372904,-0.0784167,-0.15501395,-0.12766197,-0.15503427,-0.121451,-0.075820275,-0.09192432,-0.101488546,-0.15488955,-0.15840608,-0.12378413,-0.15499324,-0.1410757,-0.13984437,-0.18093297,-0.15515894,-0.25777104,-0.12844054,-0.15506539,-0.13462572,-0.119081676,-0.15512973,-0.1584964,-0.15849805,-0.15849915,-0.19755594,-0.25103784,-0.20219928,-0.19465852,-0.24831252,-0.20506537,-0.22091979,-0.15514371,-0.1298717,-0.11956477,-0.15513924,-0.15849274,-0.20931396,-0.18224281,-0.1551297,-0.32474133,-0.15515706,-0.15850177,-0.1585007,-0.15850033,-0.2185038,-0.15512876,-0.114121355,-0.15513246,-0.15848649,-0.15849297,-0.22984435,-0.15515083,-0.15847437,-0.08963354,-0.15504971,-0.15845335,-0.15847056,-0.15847215,-0.13302092,-0.1051107,-0.14014931,-0.15141064,-0.15839578,-0.15615125,-0.14613561,-0.1551473,-0.12319561,-0.13026294,-0.15511145,-0.1585016,-0.15850112,-0.15850113,-0.15850163,-0.38518023,-0.11451449,-0.15511905,-0.15564899,-0.14443555,-0.16636807,-0.15515243,-0.15842395,-0.12993515,-0.047159404,-0.14926735,-0.14016809,-0.14106366,-0.15501013,-0.19987361,-0.1649412,-0.17166539,-0.15513068,-0.1584603,-0.12722544,-0.14610182,-0.2588673,-0.13005319,-0.15503202,-0.09132757,-0.12832497,-0.13684332,-0.16221203,-0.15659244,-0.12942511,-0.15490195,-0.15840861,-0.15845682,-0.15848988,-0.15740095,-0.19795567,-0.15106063,-0.07294749,-0.2039893,-0.15511963,-0.15845543,-0.104459345,-0.1547278,-0.17466888,-0.13176009,-0.15512715,-0.15109587,-0.10913184,-0.15496409,-0.05825615,-0.14326635,-0.17082691,-0.15506661,-0.18883844,-0.15515815,-0.31316653,-0.15514836,-0.16808087,-0.14331596,-0.15515062,-0.1584982,-0.25088155,-0.15515852,-0.22115314,-0.07562123,-0.086852394,-0.10702289,-0.060967896,-0.14854482,-0.16796505,-0.15746465,-0.22133875,-0.12812386,-0.0969081,-0.16398169,-0.12716047,-0.11335766,-0.18846886,-0.13025518,-0.17755464,-0.0994983,-0.115196005,-0.15506782,-0.11662802,-0.19749595,-0.14526704,-0.12781724,-0.096878245,-0.15506825,-0.15830621,-0.12434345,-0.11230643,-0.063823454,-0.15499842,-0.11419349,-0.10007019,-0.24483351,-0.15515906,-0.15848982,-0.16344379,-0.1759062,-0.12524253,-0.15514462,-0.0782174,-0.19187105,-0.18185812,-0.09859173,-0.11065883,-0.15482356,-0.15818177,-0.083404,-0.1213824,-0.13072303,-0.13855581,-0.19385117,-0.15512216,-0.15849513,-0.19487974,-0.23847799,-0.2432746,-0.12991333,-0.15495607,-0.15846673,-0.14520228,-0.2961179,-0.15515831,-0.19813283,-0.13015546,-0.15509483,-0.060104962,-0.15931924,-0.15515655,-0.2028091,-0.2868003,-0.11816878,-0.14795661,-0.10060286,-0.15500225,-0.13614628,-0.20725825,-0.17393659,-0.125103,-0.15657571,-0.15690626,-0.15515518,-0.15849751,-0.16221246,-0.22200036,-0.13032788,-0.2814266,-0.15515946,-0.1915083,-0.24371436,-0.16952515,-0.1550709,-0.13369927,-0.12557748,-0.15515208,-0.18106565,-0.15515924,-0.18642783,-0.1551021,-0.30462334,-0.15504849,-0.14691104,-0.13029914,-0.15514639,-0.15848534,-0.18915205,-0.13024804,-0.15515135,-0.10481856,-0.1650517,-0.15514913,-0.15849952,-0.15847,-0.12981553,-0.15505514,-0.15846574,-0.15845676,-0.15846819,-0.15847638,-0.16505513,-0.17392421,-0.15514465,-0.1584924,-0.15848236,-0.15849292,-0.2025511,-0.15354379,-0.14723541,-0.15415196,-0.11499533,-0.10471026,-0.11893196,-0.1551483,-0.15842092,-0.13020743,-0.19501048,-0.15515605,-0.18738703,-0.11705899,-0.17429145,-0.15514623,-0.06652963,-0.1549046,-0.10737923,-0.124497145,-0.15298569,-0.052188452,-0.26007295
k__Bacteria|p__Firmicutes|c__Bacilli|o__Lactobacillales|f__Lactobacillaceae|g__Leuconostoc|s__Leuconostoc_gelidum,-0.1004395,-0.12316422,-0.15439568,-0.15767714,-0.1576774,-0.23867357,-0.1666669,-0.16813041,-0.10929718,-0.22895765,-0.23728925,-0.15439996,-0.22850217,-0.3768707,-0.08556121,-0.1540341,-0.058144663,-0.15391791,-0.15762147,-0.19931981,-0.1978925,-0.12986545,-0.15436834,-0.12711628,-0.20043859,-0.11658599,-0.182019,-0.25032333,-0.1509206,-0.15437289,-0.15142563,-0.10844302,-0.18249588,-0.28454733,-0.15438835,-0.13002467,-0.15439782,-0.22338755,-0.1544003,-0.29867563,-0.15440038,-0.29356226,-0.12943046,-0.15426838,-0.13691942,-0.15439537,-0.23188588,-0.24781659,-0.1296162,-0.13002992,-0.24679694,-0.18279888,-0.25087595,-0.26027086,-0.28621647,-0.27511892,-0.11894142,-0.15432265,-0.040142577,-0.056944285,-0.15375283,-0.11274739,-0.13743341,-0.12993369,-0.15438093,-0.15767321,-0.1576772,-0.15767777,-0.27573854,-0.15436584,-0.12993267,-0.16243835,-0.12334165,-0.14074792,-0.15436977,-0.15887658,-0.14481027,-0.13001128,-0.18691605,-0.14998752,-0.15438953,-0.15765825,-0.15766832,-0.15761092,-0.120334074,-0.13700745,-0.08858878,-0.15438423,-0.19008024,-0.15439421,-0.2004665,-0.11139822,-0.1388583,-0.13027036,-0.1074974,-0.15152657,-0.15430823,-0.15740794,-0.10065024,-0.08152827,-0.09427856,-0.15435226,-0.11960925,-0.15027548,-0.16982608,-0.1185138,-0.1543673,-0.15767176,-0.17738779,-0.15176103,-0.15439679,-0.25953975,-0.17989698,-0.13525523,-0.15439427,-0.15095688,-0.17780018,-0.2009549,-0.15437663,-0.09015879,-0.15413213,-0.12151222,-0.121854745,-0.13997786,-0.21433522,-0.13908121,-0.16057305,-0.15433063,-0.07092635,-0.15383449,-0.15698929,-0.18733518,-0.15416892,-0.1299251,-0.12334781,-0.14100276,-0.15435813,-0.114095174,-0.25318068,-0.26654312,-0.12931031,-0.10945694,-0.15435019,-0.09238048,-0.20963459,-0.15439445,-0.15760359,-0.12951905,-0.15433088,-0.16015086,-0.1553517,-0.15439835,-0.19704957,-0.20616047,-0.12904513,-0.10460003,-0.11361031,-0.10256614,-0.1543917,-0.19495486,-0.15437105,-0.12947428,-0.15425512,-0.041086134,-0.12967405,-0.15439725,-0.2300741,-0.15437895,-0.10384405,-0.1531318,-0.0784167,-0.1542714,-0.12766197,-0.1542889,-0.121451,-0.075820275,-0.09192432,-0.101488546,-0.15416175,-0.15759337,-0.12378413,-0.15425736,-0.1410757,-0.13984437,-0.18093297,-0.15439942,-0.25777104,-0.12844054,-0.15432079,-0.13462572,-0.119081676,-0.15437338,-0.1576736,-0.15767509,-0.15767607,-0.19755594,-0.25103784,-0.20219928,-0.19465852,-0.24831252,-0.20506537,-0.22091979,-0.15438633,-0.12969609,-0.11956477,-0.15438187,-0.15767041,-0.20931396,-0.18224281,-0.15437426,-0.32474133,-0.15439774,-0.1576784,-0.15767744,-0.15767708,-0.2185038,-0.1543737,-0.114121355,-0.15437616,-0.1576651,-0.15767059,-0.22984435,-0.15439221,-0.15765522,-0.08963354,-0.154303,-0.15763521,-0.15765089,-0.15765196,-0.13302092,-0.1051107,-0.14014931,-0.15141064,-0.15839578,-0.15615125,-0.14613561,-0.154389,-0.12319561,-0.12998737,-0.1543577,-0.15767823,-0.15767783,-0.15767783,-0.15767828,-0.38518023,-0.11451449,-0.15436414,-0.15564899,-0.14443555,-0.16636807,-0.15439367,-0.15761141,-0.12993515,-0.047159404,-0.14921823,-0.14016809,-0.14106366,-0.15426767,-0.19987361,-0.1649412,-0.17166539,-0.15437433,-0.15764132,-0.12722544,-0.14610182,-0.2588673,-0.12982926,-0.15428734,-0.09132757,-0.12832497,-0.13684332,-0.16221203,-0.15659244,-0.1293695,-0.15417387,-0.15759599,-0.15763845,-0.15766782,-0.15740095,-0.19795567,-0.15106063,-0.07294749,-0.2039893,-0.1543648,-0.15763721,-0.104459345,-0.15409341,-0.17466888,-0.13176009,-0.154371,-0.15109587,-0.10913184,-0.15422848,-0.05825615,-0.14326635,-0.17082691,-0.15431783,-0.18883844,-0.15439874,-0.31316653,-0.1543903,-0.16808087,-0.14331596,-0.15439203,-0.15767527,-0.25088155,-0.15439907,-0.22115314,-0.07562123,-0.086852394,-0.10702289,-0.060967896,-0.14858562,-0.16796505,-0.15746465,-0.22133875,-0.12812386,-0.0969081,-0.16398169,-0.12716047,-0.11335766,-0.18846886,-0.1299825,-0.17755464,-0.0994983,-0.115196005,-0.15431884,-0.11662802,-0.19749595,-0.14526704,-0.12781724,-0.096878245,-0.15431865,-0.15750563,-0.12434345,-0.11230643,-0.063823454,-0.15425761,-0.11419349,-0.10007019,-0.24483351,-0.15439951,-0.15766819,-0.16344379,-0.1759062,-0.12524253,-0.15438664,-0.0782174,-0.19187105,-0.18185812,-0.09859173,-0.11065883,-0.15410179,-0.15739475,-0.083404,-0.1213824,-0.13072303,-0.13855581,-0.19385117,-0.15436704,-0.1576725,-0.19487974,-0.23847799,-0.2432746,-0.12970564,-0.15421996,-0.15764743,-0.14520228,-0.2961179,-0.15439886,-0.19813283,-0.12990455,-0.15434302,-0.060104962,-0.15931924,-0.15439732,-0.2028091,-0.2868003,-0.11816878,-0.14795661,-0.10060286,-0.15426138,-0.13614628,-0.20725825,-0.17393659,-0.125103,-0.15657571,-0.15690626,-0.1543961,-0.15767463,-0.16221246,-0.22200036,-0.13004303,-0.2814266,-0.15439987,-0.1915083,-0.24371436,-0.16952515,-0.15432505,-0.13369927,-0.12557748,-0.15439336,-0.18106565,-0.15439966,-0.18642783,-0.15435079,-0.30462334,-0.15430221,-0.14691104,-0.13029914,-0.1543883,-0.15766379,-0.18915205,-0.12997544,-0.1543927,-0.10481856,-0.1650517,-0.15439078,-0.1576764,-0.15765163,-0.1296519,-0.15430734,-0.1576467,-0.15763867,-0.15764883,-0.15765592,-0.16505513,-0.17392421,-0.15438683,-0.15767008,-0.1576612,-0.15767053,-0.2025511,-0.15354379,-0.14723541,-0.15351616,-0.11499533,-0.10471026,-0.11893196,-0.15439,-0.15760902,-0.12994039,-0.19501048,-0.15439688,-0.18738703,-0.11705899,-0.17429145,-0.15438876,-0.06652963,-0.15417367,-0.10737923,-0.124497145,-0.15298569,-0.052188452,-0.26007295
k__Bacteria|p__Firmicutes|c__Bacilli|o__Lactobacillales|f__Enterococcaceae|g__Enterococcus|s__Enterococcus_asini,-0.1004395,-0.12316422,-0.1544368,-0.15771902,-0.15771921,-0.23867357,-0.1666669,-0.16813041,-0.10929718,-0.22895765,-0.23728925,-0.1544402,-0.22850217,-0.3768707,-0.08556121,-0.15415668,-0.058144663,-0.1540635,-0.15767518,-0.19931981,-0.1978925,-0.12992316,-0.15441531,-0.12711628,-0.20043859,-0.11658599,-0.182019,-0.25032333,-0.1509206,-0.15441877,-0.15142563,-0.10844302,-0.18249588,-0.28454733,-0.1544309,-0.13005942,-0.1544385,-0.22338755,-0.15444045,-0.29867563,-0.15444049,-0.29356226,-0.12957314,-0.15433608,-0.13691942,-0.15443656,-0.23188588,-0.24781659,-0.1296162,-0.13006365,-0.24679694,-0.18279888,-0.25087595,-0.26027086,-0.28621647,-0.27511892,-0.11894142,-0.15437898,-0.040142577,-0.056944285,-0.15392748,-0.11274739,-0.13743341,-0.12997979,-0.15442508,-0.15771589,-0.15771905,-0.1577195,-0.27573854,-0.15441197,-0.1299828,-0.16243835,-0.12334165,-0.14074792,-0.15441635,-0.15887658,-0.14481027,-0.13004856,-0.18691605,-0.14998752,-0.15443194,-0.15770403,-0.15771198,-0.15766586,-0.120334074,-0.13700745,-0.08858878,-0.15442777,-0.19008024,-0.15443565,-0.2004665,-0.11139822,-0.1388583,-0.13027036,-0.1074974,-0.15152657,-0.15436763,-0.15750337,-0.10065024,-0.08152827,-0.09427856,-0.15440261,-0.11960925,-0.15027548,-0.16982608,-0.1185138,-0.15441436,-0.15771475,-0.17738779,-0.15176103,-0.15443766,-0.25953975,-0.17989698,-0.13525523,-0.1544357,-0.15095688,-0.17780018,-0.2009549,-0.15442118,-0.09015879,-0.15422921,-0.12151222,-0.121854745,-0.13997786,-0.21433522,-0.13908121,-0.16057305,-0.15438545,-0.07092635,-0.1539964,-0.15717143,-0.18733518,-0.15425521,-0.12997156,-0.12334781,-0.14100276,-0.15440719,-0.114095174,-0.25318068,-0.26654312,-0.12939475,-0.10945694,-0.15440097,-0.09238048,-0.20963459,-0.15443584,-0.15766032,-0.12961282,-0.1543859,-0.16015086,-0.1553517,-0.15443891,-0.19704957,-0.20616047,-0.12917057,-0.10460003,-0.11361031,-0.10256614,-0.1544337,-0.19495486,-0.15441686,-0.12953538,-0.15432659,-0.041086134,-0.12967405,-0.15443802,-0.2300741,-0.15442327,-0.10384405,-0.15344211,-0.0784167,-0.15433863,-0.12766197,-0.15435255,-0.121451,-0.075820275,-0.09192432,-0.101488546,-0.1542514,-0.15765302,-0.12378413,-0.15433112,-0.1410757,-0.13984437,-0.18093297,-0.15443975,-0.25777104,-0.12844054,-0.15437582,-0.13462572,-0.119081676,-0.15441933,-0.15771621,-0.15771738,-0.15771815,-0.19755594,-0.25103784,-0.20219928,-0.19465852,-0.24831252,-0.20506537,-0.22091979,-0.15442923,-0.12976128,-0.11956477,-0.15442595,-0.15771367,-0.20931396,-0.18224281,-0.15441985,-0.32474133,-0.15443844,-0.15772,-0.15771922,-0.15771897,-0.2185038,-0.15441898,-0.114121355,-0.1544213,-0.15770935,-0.15771383,-0.22984435,-0.15443406,-0.1577017,-0.08963354,-0.15436357,-0.15768602,-0.15769818,-0.15769923,-0.13302092,-0.1051107,-0.14014931,-0.15141064,-0.15839578,-0.15615125,-0.14613561,-0.15443158,-0.12319561,-0.13002901,-0.15440658,-0.15771987,-0.15771954,-0.15771954,-0.15771988,-0.38518023,-0.11451449,-0.15441184,-0.15564899,-0.14443555,-0.16636807,-0.1544352,-0.15766612,-0.12993515,-0.047159404,-0.15033269,-0.14016809,-0.14106366,-0.15433554,-0.19987361,-0.1649412,-0.17166539,-0.15441996,-0.15769087,-0.12722544,-0.14610182,-0.2588673,-0.12988092,-0.15435106,-0.09132757,-0.12832497,-0.13684332,-0.16221203,-0.15659244,-0.12941444,-0.1542606,-0.15765479,-0.15768853,-0.15771165,-0.15740095,-0.19795567,-0.15106063,-0.07294749,-0.2039893,-0.15441231,-0.1576875,-0.104459345,-0.15415248,-0.17466888,-0.13176009,-0.15441743,-0.15109587,-0.10913184,-0.15430374,-0.05825615,-0.14326635,-0.17082691,-0.1543752,-0.18883844,-0.15443921,-0.31316653,-0.15443242,-0.16808087,-0.14331596,-0.15443392,-0.1577175,-0.25088155,-0.15443946,-0.22115314,-0.07562123,-0.086852394,-0.10702289,-0.060967896,-0.14981899,-0.16796505,-0.15746465,-0.22133875,-0.12812386,-0.0969081,-0.16398169,-0.12716047,-0.11335766,-0.18846886,-0.13002387,-0.17755464,-0.0994983,-0.115196005,-0.15437603,-0.11662802,-0.19749595,-0.14526704,-0.12781724,-0.096878245,-0.1543761,-0.15758304,-0.12434345,-0.11230643,-0.063823454,-0.15432769,-0.11419349,-0.10007019,-0.24483351,-0.15443984,-0.15771183,-0.16344379,-0.1759062,-0.12524253,-0.1544297,-0.0782174,-0.19187105,-0.18185812,-0.09859173,-0.11065883,-0.15420486,-0.15749621,-0.083404,-0.1213824,-0.13072303,-0.13855581,-0.19385117,-0.15441404,-0.15771534,-0.19487974,-0.23847799,-0.2432746,-0.12977614,-0.15429777,-0.1576955,-0.14520228,-0.2961179,-0.1544393,-0.19813283,-0.1299531,-0.15439498,-0.060104962,-0.15931924,-0.15443808,-0.2028091,-0.2868003,-0.11816878,-0.14795661,-0.10060286,-0.15433034,-0.13614628,-0.20725825,-0.17393659,-0.125103,-0.15657571,-0.15690626,-0.15443712,-0.15771702,-0.16221246,-0.22200036,-0.13007414,-0.2814266,-0.1544401,-0.1915083,-0.24371436,-0.16952515,-0.1543805,-0.13369927,-0.12557748,-0.15443495,-0.18106565,-0.15443993,-0.18642783,-0.15440094,-0.30462334,-0.15436256,-0.14691104,-0.13029914,-0.15443096,-0.15770847,-0.18915205,-0.13001883,-0.15443444,-0.10481856,-0.1650517,-0.1544329,-0.15771842,-0.15769832,-0.12970164,-0.15436709,-0.15769485,-0.15768853,-0.15769656,-0.15770228,-0.16505513,-0.17392421,-0.15442976,-0.15771343,-0.1577064,-0.15771379,-0.2025511,-0.15354379,-0.14723541,-0.1537368,-0.11499533,-0.10471026,-0.11893196,-0.1544323,-0.15766498,-0.12999085,-0.19501048,-0.15443774,-0.18738703,-0.11705899,-0.17429145,-0.1544312,-0.06652963,-0.15426287,-0.10737923,-0.124497145,-0.15298569,-0.052188452,-0.26007295
k__Bacteria|p__Firmicutes|c__Clostridia|o__Eubacteriales|f__Clostridiaceae|g__Clostridium|s__Clostridium_sp_Ade_TY,-0.1004395,-0.12316422,-0.15476851,-0.15806308,-0.15806341,-0.23867357,-0.1666669,-0.16813041,-0.10929718,-0.22895765,-0.23728925,-0.15477449,-0.22850217,-0.3768707,-0.08556121,-0.15427658,-0.058144663,-0.1541144,-0.15798585,-0.19931981,-0.1978925,-0.13007751,-0.15473077,-0.12711628,-0.20043859,-0.11658599,-0.182019,-0.25032333,-0.1509206,-0.15473671,-0.15142563,-0.10844302,-0.18249588,-0.28454733,-0.15475821,-0.13030158,-0.1547715,-0.22338755,-0.15477493,-0.29867563,-0.15477502,-0.29356226,-0.12948433,-0.15459067,-0.13691942,-0.15476814,-0.23188588,-0.24781659,-0.1296162,-0.13030867,-0.24679694,-0.18279888,-0.25087595,-0.26027086,-0.28621647,-0.27511892,-0.11894142,-0.15466738,-0.040142577,-0.056944285,-0.15387079,-0.11274739,-0.13743341,-0.13016964,-0.15474781,-0.1580576,-0.15806313,-0.15806395,-0.27573854,-0.15472576,-0.13017285,-0.16243835,-0.12334165,-0.14074792,-0.15473257,-0.15887658,-0.14481027,-0.13028342,-0.18691605,-0.14998752,-0.15476002,-0.15803678,-0.15805066,-0.15797023,-0.120334074,-0.13700745,-0.08858878,-0.15475267,-0.19008024,-0.1547665,-0.2004665,-0.11139822,-0.1388583,-0.13027036,-0.1074974,-0.15152657,-0.15464717,-0.15768817,-0.10065024,-0.08152827,-0.09427856,-0.15470853,-0.11960925,-0.15027548,-0.16982608,-0.1185138,-0.15472892,-0.1580556,-0.17738779,-0.15176103,-0.15477002,-0.25953975,-0.17989698,-0.13525523,-0.15476659,-0.15095688,-0.17780018,-0.2009549,-0.1547412,-0.09015879,-0.15440488,-0.12151222,-0.121854745,-0.13997786,-0.21433522,-0.13908121,-0.16057305,-0.15467858,-0.07092635,-0.15399498,-0.15709569,-0.18733518,-0.15444879,-0.13015623,-0.12334781,-0.14100276,-0.15471649,-0.114095174,-0.25318068,-0.26654312,-0.12927446,-0.10945694,-0.15470567,-0.09238048,-0.20963459,-0.15476686,-0.15795952,-0.12958556,-0.15467873,-0.16015086,-0.1553517,-0.15477222,-0.19704957,-0.20616047,-0.12893367,-0.10460003,-0.11361031,-0.10256614,-0.1547631,-0.19495486,-0.15473394,-0.12949313,-0.15457523,-0.041086134,-0.12967405,-0.15477064,-0.2300741,-0.15474488,-0.10384405,-0.15302728,-0.0784167,-0.15459618,-0.12766197,-0.15462053,-0.121451,-0.075820275,-0.09192432,-0.101488546,-0.15444365,-0.1579473,-0.12378413,-0.15458322,-0.1410757,-0.13984437,-0.18093297,-0.15477371,-0.25777104,-0.12844054,-0.15466404,-0.13462572,-0.119081676,-0.15473783,-0.15805817,-0.15806018,-0.15806156,-0.19755594,-0.25103784,-0.20219928,-0.19465852,-0.24831252,-0.20506537,-0.22091979,-0.15475528,-0.12982297,-0.11956477,-0.15474948,-0.15805368,-0.20931396,-0.18224281,-0.15473863,-0.32474133,-0.15477142,-0.15806478,-0.15806347,-0.15806301,-0.2185038,-0.15473804,-0.114121355,-0.15474114,-0.15804598,-0.15805396,-0.22984435,-0.15476379,-0.15803243,-0.08963354,-0.15463975,-0.15800527,-0.15802637,-0.15802836,-0.13302092,-0.1051107,-0.14014931,-0.15141064,-0.15839578,-0.15615125,-0.14613561,-0.1547594,-0.12319561,-0.13024901,-0.15471515,-0.15806457,-0.158064,-0.15806401,-0.15806463,-0.38518023,-0.11451449,-0.1547246,-0.15564899,-0.14443555,-0.16636807,-0.15476567,-0.15796995,-0.12993515,-0.047159404,-0.14750591,-0.14016809,-0.14106366,-0.15459028,-0.19987361,-0.1649412,-0.17166539,-0.15473895,-0.1580138,-0.12722544,-0.14610182,-0.2588673,-0.13002135,-0.15461853,-0.09132757,-0.12832497,-0.13684332,-0.16221203,-0.15659244,-0.12934762,-0.15446016,-0.15795052,-0.15800959,-0.15805016,-0.15740095,-0.19795567,-0.15106063,-0.07294749,-0.2039893,-0.15472537,-0.15800801,-0.104459345,-0.15432963,-0.17466888,-0.13176009,-0.15473461,-0.15109587,-0.10913184,-0.15453638,-0.05825615,-0.14326635,-0.17082691,-0.15466006,-0.18883844,-0.15477276,-0.31316653,-0.15476078,-0.16808087,-0.14331596,-0.15476346,-0.15806039,-0.25088155,-0.15477319,-0.22115314,-0.07562123,-0.086852394,-0.10702289,-0.060967896,-0.1466167,-0.16796505,-0.15746465,-0.22133875,-0.12812386,-0.0969081,-0.16398169,-0.12716047,-0.11335766,-0.18846886,-0.1302417,-0.17755464,-0.0994983,-0.115196005,-0.15466169,-0.11662802,-0.19749595,-0.14526704,-0.12781724,-0.096878245,-0.15466246,-0.15782508,-0.12434345,-0.11230643,-0.063823454,-0.15457727,-0.11419349,-0.10007019,-0.24483351,-0.15477383,-0.15805048,-0.16344379,-0.1759062,-0.12524253,-0.15475607,-0.0782174,-0.19187105,-0.18185812,-0.09859173,-0.11065883,-0.1543621,-0.1576721,-0.083404,-0.1213824,-0.13072303,-0.13855581,-0.19385117,-0.15472841,-0.15805662,-0.19487974,-0.23847799,-0.2432746,-0.12984788,-0.15452474,-0.15802172,-0.14520228,-0.2961179,-0.15477294,-0.19813283,-0.13013008,-0.15469512,-0.060104962,-0.15931924,-0.15477076,-0.2028091,-0.2868003,-0.11816878,-0.14795661,-0.10060286,-0.15458116,-0.13614628,-0.20725825,-0.17393659,-0.125103,-0.15657571,-0.15690626,-0.15476908,-0.15805958,-0.16221246,-0.22200036,-0.13032681,-0.2814266,-0.15477434,-0.1915083,-0.24371436,-0.16952515,-0.15466967,-0.13369927,-0.12557748,-0.15476525,-0.18106565,-0.15477404,-0.18642783,-0.15470526,-0.30462334,-0.15463752,-0.14691104,-0.13029914,-0.15475824,-0.15804455,-0.18915205,-0.13023315,-0.15476441,-0.10481856,-0.1650517,-0.15476161,-0.15806204,-0.15802684,-0.12974764,-0.15464625,-0.15802047,-0.15800944,-0.1580235,-0.1580337,-0.16505513,-0.17392421,-0.15475611,-0.15805326,-0.15804088,-0.1580539,-0.2025511,-0.15354379,-0.14723541,-0.15353194,-0.11499533,-0.10471026,-0.11893196,-0.1547606,-0.15796798,-0.13018522,-0.19501048,-0.15477014,-0.18738703,-0.11705899,-0.17429145,-0.15475899,-0.06652963,-0.15446335,-0.10737923,-0.124497145,-0.15298569,-0.052188452,-0.26007295
k__Bacteria|p__Firmicutes|c__Clostridia|o__Eubacteriales|f__Clostridiaceae|g__Clostridium|s__Clostridium_sp_AM49_4BH,-0.1004395,-0.12316422,-0.15503213,-0.1583842,-0.15838449,-0.23867357,-0.1666669,-0.16813041,-0.10929718,-0.22895765,-0.23728925,-0.15503721,-0.22850217,-0.3768707,-0.08556121,-0.15460998,-0.058144663,-0.15447372,-0.15831867,-0.19931981,-0.1978925,-0.1299386,-0.15500015,-0.12711628,-0.20043859,-0.11658599,-0.182019,-0.25032333,-0.1509206,-0.15500528,-0.15142563,-0.10844302,-0.18249588,-0.28454733,-0.15502355,-0.13013735,-0.15503468,-0.22338755,-0.1550376,-0.29867563,-0.15503767,-0.29356226,-0.12940508,-0.15488152,-0.13691942,-0.15503183,-0.23188588,-0.24781659,-0.1296162,-0.13014334,-0.24679694,-0.18279888,-0.25087595,-0.26027086,-0.28621647,-0.27511892,-0.11894142,-0.154946,-0.040142577,-0.056944285,-0.15426806,-0.11274739,-0.13743341,-0.13001934,-0.15501454,-0.15837955,-0.15838425,-0.15838493,-0.27573854,-0.15499562,-0.13002345,-0.16243835,-0.12334165,-0.14074792,-0.15500157,-0.15887658,-0.14481027,-0.13012138,-0.18691605,-0.14998752,-0.15502489,-0.15836182,-0.15837365,-0.15830687,-0.120334074,-0.13700745,-0.08858878,-0.15501864,-0.19008024,-0.15503043,-0.2004665,-0.11139822,-0.1388583,-0.13027036,-0.1074974,-0.15152657,-0.15492873,-0.15805532,-0.10065024,-0.08152827,-0.09427856,-0.1549812,-0.11960925,-0.15027548,-0.16982608,-0.1185138,-0.15499869,-0.15837786,-0.17738779,-0.15176103,-0.15503341,-0.25953975,-0.17989698,-0.13525523,-0.15503049,-0.15095688,-0.17780018,-0.2009549,-0.15500933,-0.09015879,-0.15472192,-0.12151222,-0.121854745,-0.13997786,-0.21433522,-0.13908121,-0.16057305,-0.15495563,-0.07092635,-0.1543715,-0.15756054,-0.18733518,-0.1547604,-0.13000388,-0.12334781,-0.14100276,-0.15498787,-0.114095174,-0.25318068,-0.26654312,-0.12919202,-0.10945694,-0.15497866,-0.09238048,-0.20963459,-0.15503071,-0.15829882,-0.12947196,-0.15495594,-0.16015086,-0.1553517,-0.1550353,-0.19704957,-0.20616047,-0.12890798,-0.10460003,-0.11361031,-0.10256614,-0.15502752,-0.19495486,-0.15500349,-0.12939827,-0.15486762,-0.041086134,-0.12967405,-0.15503393,-0.2300741,-0.15501302,-0.10384405,-0.1535398,-0.0784167,-0.15488571,-0.12766197,-0.15490606,-0.121451,-0.075820275,-0.09192432,-0.101488546,-0.15475434,-0.15828559,-0.12378413,-0.15487456,-0.1410757,-0.13984437,-0.18093297,-0.15503655,-0.25777104,-0.12844054,-0.1549443,-0.13462572,-0.119081676,-0.15500602,-0.15838003,-0.15838176,-0.15838292,-0.19755594,-0.25103784,-0.20219928,-0.19465852,-0.24831252,-0.20506537,-0.22091979,-0.15502112,-0.12968771,-0.11956477,-0.155016,-0.15837623,-0.20931396,-0.18224281,-0.15500706,-0.32474133,-0.15503457,-0.15838566,-0.15838455,-0.15838414,-0.2185038,-0.15500689,-0.114121355,-0.15500894,-0.15836968,-0.15837651,-0.22984435,-0.1550281,-0.15835893,-0.08963354,-0.15492266,-0.15833506,-0.158353,-0.15835467,-0.13302092,-0.1051107,-0.14014931,-0.15141064,-0.15839578,-0.15615125,-0.14613561,-0.1550244,-0.12319561,-0.13009207,-0.15498671,-0.15838549,-0.158385,-0.15838501,-0.15838555,-0.38518023,-0.11451449,-0.15499479,-0.15564899,-0.14443555,-0.16636807,-0.15502971,-0.15830621,-0.12993515,-0.047159404,-0.14885303,-0.14016809,-0.14106366,-0.15488046,-0.19987361,-0.1649412,-0.17166539,-0.15500697,-0.15834229,-0.12722544,-0.14610182,-0.2588673,-0.12988055,-0.15490414,-0.09132757,-0.12832497,-0.13684332,-0.16221203,-0.15659244,-0.12925476,-0.15476963,-0.15828845,-0.15833874,-0.15837327,-0.15740095,-0.19795567,-0.15106063,-0.07294749,-0.2039893,-0.15499538,-0.15833732,-0.104459345,-0.15461883,-0.17466888,-0.13176009,-0.15500331,-0.15109587,-0.10913184,-0.15483434,-0.05825615,-0.14326635,-0.17082691,-0.15493983,-0.18883844,-0.1550357,-0.31316653,-0.15502557,-0.16808087,-0.14331596,-0.15502784,-0.15838194,-0.25088155,-0.1550361,-0.22115314,-0.07562123,-0.086852394,-0.10702289,-0.060967896,-0.14809436,-0.16796505,-0.15746465,-0.22133875,-0.12812386,-0.0969081,-0.16398169,-0.12716047,-0.11335766,-0.18846886,-0.13008475,-0.17755464,-0.0994983,-0.115196005,-0.15494125,-0.11662802,-0.19749595,-0.14526704,-0.12781724,-0.096878245,-0.15494196,-0.15818146,-0.12434345,-0.11230643,-0.063823454,-0.15486905,-0.11419349,-0.10007019,-0.24483351,-0.15503666,-0.15837407,-0.16344379,-0.1759062,-0.12524253,-0.15502155,-0.0782174,-0.19187105,-0.18185812,-0.09859173,-0.11065883,-0.15468556,-0.15805101,-0.083404,-0.1213824,-0.13072303,-0.13855581,-0.19385117,-0.15499805,-0.15837875,-0.19487974,-0.23847799,-0.2432746,-0.12974419,-0.15482442,-0.15834908,-0.14520228,-0.2961179,-0.1550359,-0.19813283,-0.12998448,-0.15496969,-0.060104962,-0.15931924,-0.15503407,-0.2028091,-0.2868003,-0.11816878,-0.14795661,-0.10060286,-0.15487275,-0.13614628,-0.20725825,-0.17393659,-0.125103,-0.15657571,-0.15690626,-0.1550326,-0.15838125,-0.16221246,-0.22200036,-0.13015896,-0.2814266,-0.15503708,-0.1915083,-0.24371436,-0.16952515,-0.1549502,-0.13369927,-0.12557748,-0.15502936,-0.18106565,-0.15503684,-0.18642783,-0.15497921,-0.30462334,-0.15492061,-0.14691104,-0.13029914,-0.1550234,-0.15836848,-0.18915205,-0.13007823,-0.15502866,-0.10481856,-0.1650517,-0.15502626,-0.15838331,-0.15835474,-0.12964098,-0.15492797,-0.158348,-0.1583386,-0.15835057,-0.15835933,-0.16505513,-0.17392421,-0.15502158,-0.15837586,-0.15836532,-0.15837643,-0.2025511,-0.15354379,-0.14723541,-0.1539796,-0.11499533,-0.10471026,-0.11893196,-0.1550254,-0.15830554,-0.130035,-0.19501048,-0.1550335,-0.18738703,-0.11705899,-0.17429145,-0.155025,-0.06652963,-0.15477172,-0.10737923,-0.124497145,-0.15298569,-0.052188452,-0.26007295
k__Bacteria|p__Firmicutes|c__Clostridia|o__Eubacteriales|f__Clostridiaceae|g__Clostridium|s__Clostridium_sp_AF12_28,-0.1004395,-0.12316422,-0.15482092,-0.15811545,-0.15811568,-0.23867357,-0.1666669,-0.16813041,-0.10929718,-0.22895765,-0.23728925,-0.15482524,-0.22850217,-0.3768707,-0.08556121,-0.15446448,-0.058144663,-0.1543425,-0.1580596,-0.19931981,-0.1978925,-0.13018763,-0.15479344,-0.12711628,-0.20043859,-0.11658599,-0.182019,-0.25032333,-0.1509206,-0.154798,-0.15142563,-0.10844302,-0.18249588,-0.28454733,-0.15481347,-0.1303525,-0.15482306,-0.22338755,-0.15482555,-0.29867563,-0.15482563,-0.29356226,-0.1297461,-0.15469323,-0.13691942,-0.15482058,-0.23188588,-0.24781659,-0.1296162,-0.13035794,-0.24679694,-0.18279888,-0.25087595,-0.26027086,-0.28621647,-0.27511892,-0.11894142,-0.15474746,-0.040142577,-0.056944285,-0.1541754,-0.11274739,-0.13743341,-0.13025862,-0.15480614,-0.15811148,-0.15811548,-0.15811607,-0.27573854,-0.15479049,-0.1302582,-0.16243835,-0.12334165,-0.14074792,-0.15479484,-0.15887658,-0.14481027,-0.1303389,-0.18691605,-0.14998752,-0.15481472,-0.15809643,-0.15810657,-0.15804912,-0.120334074,-0.13700745,-0.08858878,-0.1548094,-0.19008024,-0.15481943,-0.2004665,-0.11139822,-0.1388583,-0.13027036,-0.1074974,-0.15152657,-0.15473294,-0.15785182,-0.10065024,-0.08152827,-0.09427856,-0.15477726,-0.11960925,-0.15027548,-0.16982608,-0.1185138,-0.15479243,-0.15811002,-0.17738779,-0.15176103,-0.154822,-0.25953975,-0.17989698,-0.13525523,-0.15481949,-0.15095688,-0.17780018,-0.2009549,-0.1548016,-0.09015879,-0.15455607,-0.12151222,-0.121854745,-0.13997786,-0.21433522,-0.13908121,-0.16057305,-0.15475547,-0.07092635,-0.15425958,-0.15742517,-0.18733518,-0.15459366,-0.13025065,-0.12334781,-0.14100276,-0.15478322,-0.114095174,-0.25318068,-0.26654312,-0.12960501,-0.10945694,-0.15477517,-0.09238048,-0.20963459,-0.15481968,-0.15804106,-0.12983096,-0.15475611,-0.16015086,-0.1553517,-0.15482357,-0.19704957,-0.20616047,-0.12932646,-0.10460003,-0.11361031,-0.10256614,-0.15481691,-0.19495486,-0.15479591,-0.12977435,-0.15468019,-0.041086134,-0.12967405,-0.15482247,-0.2300741,-0.15480375,-0.10384405,-0.15356407,-0.0784167,-0.15469629,-0.12766197,-0.15471373,-0.121451,-0.075820275,-0.09192432,-0.101488546,-0.15458581,-0.15803131,-0.12378413,-0.1546859,-0.1410757,-0.13984437,-0.18093297,-0.15482467,-0.25777104,-0.12844054,-0.15474448,-0.13462572,-0.119081676,-0.15479848,-0.1581119,-0.15811336,-0.15811434,-0.19755594,-0.25103784,-0.20219928,-0.19465852,-0.24831252,-0.20506537,-0.22091979,-0.15481141,-0.1300141,-0.11956477,-0.154807,-0.15810865,-0.20931396,-0.18224281,-0.15479942,-0.32474133,-0.15482298,-0.1581167,-0.15811571,-0.15811539,-0.2185038,-0.15479857,-0.114121355,-0.15480128,-0.15810332,-0.15810886,-0.22984435,-0.1548174,-0.15809332,-0.08963354,-0.15472785,-0.15807326,-0.15808906,-0.15809014,-0.13302092,-0.1051107,-0.14014931,-0.15141064,-0.15839578,-0.15615125,-0.14613561,-0.15481418,-0.12319561,-0.1303148,-0.15478274,-0.15811653,-0.15811613,-0.15811613,-0.15811658,-0.38518023,-0.11451449,-0.15478918,-0.15564899,-0.14443555,-0.16636807,-0.15481889,-0.15804902,-0.12993515,-0.047159404,-0.14963526,-0.14016809,-0.14106366,-0.15469228,-0.19987361,-0.1649412,-0.17166539,-0.15479943,-0.15807937,-0.12722544,-0.14610182,-0.2588673,-0.13014911,-0.15471198,-0.09132757,-0.12832497,-0.13684332,-0.16221203,-0.15659244,-0.12964904,-0.15459801,-0.15803379,-0.15807652,-0.15810606,-0.15740095,-0.19795567,-0.15106063,-0.07294749,-0.2039893,-0.15478987,-0.15807521,-0.104459345,-0.15449321,-0.17466888,-0.13176009,-0.15479606,-0.15109587,-0.10913184,-0.1546531,-0.05825615,-0.14326635,-0.17082691,-0.15474266,-0.18883844,-0.15482399,-0.31316653,-0.15481552,-0.16808087,-0.14331596,-0.15481722,-0.15811354,-0.25088155,-0.1548243,-0.22115314,-0.07562123,-0.086852394,-0.10702289,-0.060967896,-0.1489887,-0.16796505,-0.15746465,-0.22133875,-0.12812386,-0.0969081,-0.16398169,-0.12716047,-0.11335766,-0.18846886,-0.13030933,-0.17755464,-0.0994983,-0.115196005,-0.15474373,-0.11662802,-0.19749595,-0.14526704,-0.12781724,-0.096878245,-0.1547434,-0.15794292,-0.12434345,-0.11230643,-0.063823454,-0.15468246,-0.11419349,-0.10007019,-0.24483351,-0.15482476,-0.15810633,-0.16344379,-0.1759062,-0.12524253,-0.15481183,-0.0782174,-0.19187105,-0.18185812,-0.09859173,-0.11065883,-0.15452558,-0.1578319,-0.083404,-0.1213824,-0.13072303,-0.13855581,-0.19385117,-0.15479214,-0.15811077,-0.19487974,-0.23847799,-0.2432746,-0.13002011,-0.15464434,-0.1580856,-0.14520228,-0.2961179,-0.15482411,-0.19813283,-0.13022804,-0.154768,-0.060104962,-0.15931924,-0.15482256,-0.2028091,-0.2868003,-0.11816878,-0.14795661,-0.10060286,-0.15468602,-0.13614628,-0.20725825,-0.17393659,-0.125103,-0.15657571,-0.15690626,-0.15482134,-0.1581129,-0.16221246,-0.22200036,-0.13037121,-0.2814266,-0.15482512,-0.1915083,-0.24371436,-0.16952515,-0.1547497,-0.13369927,-0.12557748,-0.15481856,-0.18106565,-0.1548249,-0.18642783,-0.15477578,-0.30462334,-0.15472704,-0.14691104,-0.13029914,-0.1548135,-0.15810199,-0.18915205,-0.13030195,-0.15481788,-0.10481856,-0.1650517,-0.154816,-0.15811469,-0.1580896,-0.12995914,-0.15473212,-0.1580849,-0.15807676,-0.15808699,-0.15809414,-0.16505513,-0.17392421,-0.15481201,-0.15810834,-0.15809941,-0.15810877,-0.2025511,-0.15354379,-0.14723541,-0.1539379,-0.11499533,-0.10471026,-0.11893196,-0.1548152,-0.15804711,-0.130267,-0.19501048,-0.15482211,-0.18738703,-0.11705899,-0.17429145,-0.15481374,-0.06652963,-0.15459892,-0.10737923,-0.124497145,-0.15298569,-0.052188452,-0.26007295
k__Bacteria|p__Firmicutes|c__Clostridia|o__Eubacteriales|f__Clostridiaceae|g__Clostridium|s__Clostridium_disporicum,-0.1004395,-0.12316422,-0.15514456,-0.15849383,-0.15849416,-0.23867357,-0.1666669,-0.16813041,-0.10929718,-0.22895765,-0.23728925,-0.15515053,-0.22850217,-0.3768707,-0.08556121,-0.1546537,-0.058144663,-0.15449002,-0.15841657,-0.19931981,-0.1978925,-0.1300368,-0.1551066,-0.12711628,-0.20043859,-0.11658599,-0.182019,-0.25032333,-0.1509206,-0.1551125,-0.15142563,-0.10844302,-0.18249588,-0.28454733,-0.15513355,-0.13027045,-0.15514755,-0.22338755,-0.15515098,-0.29867563,-0.15515107,-0.29356226,-0.12943704,-0.15496609,-0.13691942,-0.15514414,-0.23188588,-0.24781659,-0.1296162,-0.13027777,-0.24679694,-0.18279888,-0.25087595,-0.26027086,-0.28621647,-0.27511892,-0.11894142,-0.15504321,-0.040142577,-0.056944285,-0.15424988,-0.11274739,-0.13743341,-0.13013572,-0.15512392,-0.15848838,-0.15849389,-0.15849468,-0.27573854,-0.1551004,-0.13013779,-0.16243835,-0.12334165,-0.14074792,-0.15510866,-0.15887658,-0.14481027,-0.13025106,-0.18691605,-0.14998752,-0.15513608,-0.15846758,-0.15848145,-0.15839493,-0.120334074,-0.13700745,-0.08858878,-0.15512872,-0.19008024,-0.15514255,-0.2004665,-0.11139822,-0.1388583,-0.13027036,-0.1074974,-0.15152657,-0.15502337,-0.15809599,-0.10065024,-0.08152827,-0.09427856,-0.15508439,-0.11960925,-0.15027548,-0.16982608,-0.1185138,-0.1551048,-0.1584863,-0.17738779,-0.15176103,-0.15514608,-0.25953975,-0.17989698,-0.13525523,-0.15514262,-0.15095688,-0.17780018,-0.2009549,-0.15511575,-0.09015879,-0.15478092,-0.12151222,-0.121854745,-0.13997786,-0.21433522,-0.13908121,-0.16057305,-0.15505448,-0.07092635,-0.1543701,-0.15752955,-0.18733518,-0.15482178,-0.1301255,-0.12334781,-0.14100276,-0.1550926,-0.114095174,-0.25318068,-0.26654312,-0.12920561,-0.10945694,-0.15508172,-0.09238048,-0.20963459,-0.1551429,-0.15838483,-0.12953867,-0.1550546,-0.16015086,-0.1553517,-0.15514827,-0.19704957,-0.20616047,-0.12885001,-0.10460003,-0.11361031,-0.10256614,-0.15513915,-0.19495486,-0.15510795,-0.12943727,-0.15495062,-0.041086134,-0.12967405,-0.15514669,-0.2300741,-0.15511909,-0.10384405,-0.15340889,-0.0784167,-0.15497205,-0.12766197,-0.15499686,-0.121451,-0.075820275,-0.09192432,-0.101488546,-0.15482032,-0.15837812,-0.12378413,-0.15494786,-0.1410757,-0.13984437,-0.18093297,-0.15514976,-0.25777104,-0.12844054,-0.1550335,-0.13462572,-0.119081676,-0.1551139,-0.15848893,-0.15849093,-0.15849231,-0.19755594,-0.25103784,-0.20219928,-0.19465852,-0.24831252,-0.20506537,-0.22091979,-0.15513082,-0.12978017,-0.11956477,-0.15512547,-0.1584844,-0.20931396,-0.18224281,-0.15511382,-0.32474133,-0.15514746,-0.15849555,-0.15849422,-0.15849376,-0.2185038,-0.15511234,-0.114121355,-0.15511718,-0.15847674,-0.15848467,-0.22984435,-0.15513983,-0.1584621,-0.08963354,-0.1550158,-0.15843603,-0.1584572,-0.15845917,-0.13302092,-0.1051107,-0.14014931,-0.15141064,-0.15839578,-0.15615125,-0.14613561,-0.15513542,-0.12319561,-0.13021737,-0.15509142,-0.15849534,-0.15849474,-0.15849477,-0.15849538,-0.38518023,-0.11451449,-0.1551007,-0.15564899,-0.14443555,-0.16636807,-0.15514174,-0.15839888,-0.12993515,-0.047159404,-0.14791232,-0.14016809,-0.14106366,-0.15496683,-0.19987361,-0.1649412,-0.17166539,-0.15511501,-0.15844458,-0.12722544,-0.14610182,-0.2588673,-0.12997557,-0.15499423,-0.09132757,-0.12832497,-0.13684332,-0.16221203,-0.15659244,-0.1292847,-0.15483508,-0.15838122,-0.15844026,-0.15848088,-0.15740095,-0.19795567,-0.15106063,-0.07294749,-0.2039893,-0.1551015,-0.1584387,-0.104459345,-0.15464838,-0.17466888,-0.13176009,-0.15511064,-0.15109587,-0.10913184,-0.15491176,-0.05825615,-0.14326635,-0.17082691,-0.15503636,-0.18883844,-0.15514879,-0.31316653,-0.15513673,-0.16808087,-0.14331596,-0.15513948,-0.15849115,-0.25088155,-0.15514924,-0.22115314,-0.07562123,-0.086852394,-0.10702289,-0.060967896,-0.14702481,-0.16796505,-0.15746465,-0.22133875,-0.12812386,-0.0969081,-0.16398169,-0.12716047,-0.11335766,-0.18846886,-0.1302087,-0.17755464,-0.0994983,-0.115196005,-0.15503782,-0.11662802,-0.19749595,-0.14526704,-0.12781724,-0.096878245,-0.15503836,-0.15825564,-0.12434345,-0.11230643,-0.063823454,-0.1549533,-0.11419349,-0.10007019,-0.24483351,-0.15514988,-0.15848029,-0.16344379,-0.1759062,-0.12524253,-0.15513211,-0.0782174,-0.19187105,-0.18185812,-0.09859173,-0.11065883,-0.15473819,-0.15810281,-0.083404,-0.1213824,-0.13072303,-0.13855581,-0.19385117,-0.15510453,-0.15848735,-0.19487974,-0.23847799,-0.2432746,-0.12980649,-0.15490095,-0.15845248,-0.14520228,-0.2961179,-0.15514898,-0.19813283,-0.13009138,-0.15507105,-0.060104962,-0.15931924,-0.15514678,-0.2028091,-0.2868003,-0.11816878,-0.14795661,-0.10060286,-0.15495723,-0.13614628,-0.20725825,-0.17393659,-0.125103,-0.15657571,-0.15690626,-0.15514514,-0.1584903,-0.16221246,-0.22200036,-0.13029613,-0.2814266,-0.15515038,-0.1915083,-0.24371436,-0.16952515,-0.15503968,-0.13369927,-0.12557748,-0.15514128,-0.18106565,-0.15515009,-0.18642783,-0.15507917,-0.30462334,-0.15501407,-0.14691104,-0.13029914,-0.15513432,-0.15847535,-0.18915205,-0.1301989,-0.1551404,-0.10481856,-0.1650517,-0.1551377,-0.15849279,-0.15845512,-0.12970144,-0.15502232,-0.15845129,-0.15844034,-0.1584543,-0.15846439,-0.16505513,-0.17392421,-0.15513217,-0.15848406,-0.15847169,-0.15848467,-0.2025511,-0.15354379,-0.14723541,-0.15391295,-0.11499533,-0.10471026,-0.11893196,-0.15513664,-0.15839455,-0.13015148,-0.19501048,-0.15514618,-0.18738703,-0.11705899,-0.17429145,-0.15513313,-0.06652963,-0.15483844,-0.10737923,-0.124497145,-0.15298569,-0.052188452,-0.26007295
k__Bacteria|p__Firmicutes|c__Clostridia|o__Eubacteriales|f__Clostridiaceae|g__Clostridium|s__Clostridium_sp_AF34_13,-0.1004395,-0.12316422,-0.1550164,-0.15835729,-0.15835756,-0.23867357,-0.1666669,-0.16813041,-0.10929718,-0.22895765,-0.23728925,-0.15502118,-0.22850217,-0.3768707,-0.08556121,-0.15462786,-0.058144663,-0.15449548,-0.1582959,-0.19931981,-0.1978925,-0.13003395,-0.15498629,-0.12711628,-0.20043859,-0.11658599,-0.182019,-0.25032333,-0.1509206,-0.15499106,-0.15142563,-0.10844302,-0.18249588,-0.28454733,-0.1550082,-0.13020504,-0.15501879,-0.22338755,-0.15502155,-0.29867563,-0.1550216,-0.29356226,-0.12958074,-0.154875,-0.13691942,-0.1550161,-0.23188588,-0.24781659,-0.1296162,-0.13021043,-0.24679694,-0.18279888,-0.25087595,-0.26027086,-0.28621647,-0.27511892,-0.11894142,-0.15493612,-0.040142577,-0.056944285,-0.15430318,-0.11274739,-0.13743341,-0.13010585,-0.15500003,-0.15835293,-0.15835732,-0.15835798,-0.27573854,-0.1549836,-0.1301057,-0.16243835,-0.12334165,-0.14074792,-0.1549878,-0.15887658,-0.14481027,-0.13019052,-0.18691605,-0.14998752,-0.15500967,-0.1583364,-0.15834747,-0.15828443,-0.120334074,-0.13700745,-0.08858878,-0.15500379,-0.19008024,-0.15501481,-0.2004665,-0.11139822,-0.1388583,-0.13027036,-0.1074974,-0.15152657,-0.15492001,-0.1580787,-0.10065024,-0.08152827,-0.09427856,-0.15496868,-0.11960925,-0.15027548,-0.16982608,-0.1185138,-0.15498492,-0.15835135,-0.17738779,-0.15176103,-0.15501761,-0.25953975,-0.17989698,-0.13525523,-0.15501487,-0.15095688,-0.17780018,-0.2009549,-0.15499505,-0.09015879,-0.15472724,-0.12151222,-0.121854745,-0.13997786,-0.21433522,-0.13908121,-0.16057305,-0.15494493,-0.07092635,-0.15440248,-0.15759036,-0.18733518,-0.15476392,-0.13009934,-0.12334781,-0.14100276,-0.15497504,-0.114095174,-0.25318068,-0.26654312,-0.12945908,-0.10945694,-0.15496641,-0.09238048,-0.20963459,-0.15501508,-0.15827514,-0.12968424,-0.15494514,-0.16015086,-0.1553517,-0.15501937,-0.19704957,-0.20616047,-0.12918101,-0.10460003,-0.11361031,-0.10256614,-0.15501207,-0.19495486,-0.15498905,-0.12962942,-0.15486255,-0.041086134,-0.12967405,-0.1550181,-0.2300741,-0.1549975,-0.10384405,-0.15364428,-0.0784167,-0.15487984,-0.12766197,-0.15489894,-0.121451,-0.075820275,-0.09192432,-0.101488546,-0.15475929,-0.15826526,-0.12378413,-0.15487218,-0.1410757,-0.13984437,-0.18093297,-0.15502055,-0.25777104,-0.12844054,-0.15493457,-0.13462572,-0.119081676,-0.154992,-0.15835339,-0.158355,-0.15835609,-0.19755594,-0.25103784,-0.20219928,-0.19465852,-0.24831252,-0.20506537,-0.22091979,-0.15500595,-0.12986231,-0.11956477,-0.15500124,-0.15834981,-0.20931396,-0.18224281,-0.15499298,-0.32474133,-0.15501872,-0.15835866,-0.15835762,-0.15835725,-0.2185038,-0.15499228,-0.114121355,-0.1549947,-0.15834376,-0.15835002,-0.22984435,-0.15501267,-0.15833333,-0.08963354,-0.1549142,-0.15831128,-0.15832815,-0.15832964,-0.13302092,-0.1051107,-0.14014931,-0.15141064,-0.15839578,-0.15615125,-0.14613561,-0.15500912,-0.12319561,-0.1301642,-0.15497407,-0.15835848,-0.15835804,-0.15835804,-0.15835854,-0.38518023,-0.11451449,-0.1549815,-0.15564899,-0.14443555,-0.16636807,-0.15501417,-0.15828352,-0.12993515,-0.047159404,-0.1492526,-0.14016809,-0.14106366,-0.1548747,-0.19987361,-0.1649412,-0.17166539,-0.15499288,-0.15831801,-0.12722544,-0.14610182,-0.2588673,-0.12999919,-0.15489747,-0.09132757,-0.12832497,-0.13684332,-0.16221203,-0.15659244,-0.12952727,-0.15477213,-0.15826786,-0.15831472,-0.158347,-0.15740095,-0.19795567,-0.15106063,-0.07294749,-0.2039893,-0.15498216,-0.15831353,-0.104459345,-0.15471807,-0.17466888,-0.13176009,-0.15498935,-0.15109587,-0.10913184,-0.15483302,-0.05825615,-0.14326635,-0.17082691,-0.15493023,-0.18883844,-0.15501979,-0.31316653,-0.15501031,-0.16808087,-0.14331596,-0.15501237,-0.15835518,-0.25088155,-0.15502013,-0.22115314,-0.07562123,-0.086852394,-0.10702289,-0.060967896,-0.14854819,-0.16796505,-0.15746465,-0.22133875,-0.12812386,-0.0969081,-0.16398169,-0.12716047,-0.11335766,-0.18846886,-0.13015936,-0.17755464,-0.0994983,-0.115196005,-0.15493156,-0.11662802,-0.19749595,-0.14526704,-0.12781724,-0.096878245,-0.15493196,-0.15816848,-0.12434345,-0.11230643,-0.063823454,-0.1548649,-0.11419349,-0.10007019,-0.24483351,-0.15502065,-0.15834716,-0.16344379,-0.1759062,-0.12524253,-0.15500647,-0.0782174,-0.19187105,-0.18185812,-0.09859173,-0.11065883,-0.15469354,-0.15804663,-0.083404,-0.1213824,-0.13072303,-0.13855581,-0.19385117,-0.1549846,-0.15835215,-0.19487974,-0.23847799,-0.2432746,-0.129867,-0.15482295,-0.15832439,-0.14520228,-0.2961179,-0.15501994,-0.19813283,-0.13007608,-0.15495817,-0.060104962,-0.15931924,-0.15501821,-0.2028091,-0.2868003,-0.11816878,-0.14795661,-0.10060286,-0.15486768,-0.13614628,-0.20725825,-0.17393659,-0.125103,-0.15657571,-0.15690626,-0.15501687,-0.15835449,-0.16221246,-0.22200036,-0.13022476,-0.2814266,-0.15502104,-0.1915083,-0.24371436,-0.16952515,-0.15493858,-0.13369927,-0.12557748,-0.15501383,-0.18106565,-0.1550208,-0.18642783,-0.15496635,-0.30462334,-0.15491244,-0.14691104,-0.13029914,-0.15500826,-0.15834256,-0.18915205,-0.13015158,-0.15501313,-0.10481856,-0.1650517,-0.15501094,-0.15835646,-0.15832852,-0.12981412,-0.15491927,-0.15832347,-0.1583147,-0.15832585,-0.15833396,-0.16505513,-0.17392421,-0.15500657,-0.15834951,-0.15833965,-0.15834999,-0.2025511,-0.15354379,-0.14723541,-0.15403569,-0.11499533,-0.10471026,-0.11893196,-0.15501013,-0.1582821,-0.13011488,-0.19501048,-0.1550177,-0.18738703,-0.11705899,-0.17429145,-0.15500863,-0.06652963,-0.15477407,-0.10737923,-0.124497145,-0.15298569,-0.052188452,-0.26007295
k__Bacteria|p__Firmicutes|c__Tissierellia|o__Tissierellales|f__Peptoniphilaceae|g__Anaerococcus|s__Anaerococcus_rubeinfantis,-0.1004395,-0.12316422,-0.15484658,-0.15812258,-0.1581229,-0.23867357,-0.1666669,-0.16813041,-0.10929718,-0.22895765,-0.23728925,-0.15485175,-0.22850217,-0.3768707,-0.08556121,-0.15441734,-0.058144663,-0.15426758,-0.1580556,-0.19931981,-0.1978925,-0.13031277,-0.15481344,-0.12711628,-0.20043859,-0.11658599,-0.182019,-0.25032333,-0.1509206,-0.154819,-0.15142563,-0.10844302,-0.18249588,-0.28454733,-0.15483761,-0.1305159,-0.15484914,-0.22338755,-0.15485215,-0.29867563,-0.15485221,-0.29356226,-0.1297705,-0.15469322,-0.13691942,-0.15484613,-0.23188588,-0.24781659,-0.1296162,-0.1305224,-0.24679694,-0.18279888,-0.25087595,-0.26027086,-0.28621647,-0.27511892,-0.11894142,-0.15475813,-0.040142577,-0.056944285,-0.1540695,-0.11274739,-0.13743341,-0.13039894,-0.15482879,-0.15811779,-0.15812266,-0.15812334,-0.27573854,-0.1548103,-0.13040072,-0.16243835,-0.12334165,-0.14074792,-0.15481505,-0.15887658,-0.14481027,-0.13049914,-0.18691605,-0.14998752,-0.1548391,-0.15809965,-0.15811193,-0.15804347,-0.120334074,-0.13700745,-0.08858878,-0.15483263,-0.19008024,-0.15484475,-0.2004665,-0.11139822,-0.1388583,-0.13027036,-0.1074974,-0.15152657,-0.15474014,-0.15780513,-0.10065024,-0.08152827,-0.09427856,-0.15479387,-0.11960925,-0.15027548,-0.16982608,-0.1185138,-0.1548124,-0.15811604,-0.17738779,-0.15176103,-0.15484788,-0.25953975,-0.17989698,-0.13525523,-0.15484482,-0.15095688,-0.17780018,-0.2009549,-0.15482365,-0.09015879,-0.15452635,-0.12151222,-0.121854745,-0.13997786,-0.21433522,-0.13908121,-0.16057305,-0.1547675,-0.07092635,-0.15417114,-0.15729448,-0.18733518,-0.15457517,-0.13038768,-0.12334781,-0.14100276,-0.15480104,-0.114095174,-0.25318068,-0.26654312,-0.12958062,-0.10945694,-0.15479134,-0.09238048,-0.20963459,-0.15484504,-0.15803483,-0.12986787,-0.1547688,-0.16015086,-0.1553517,-0.15484977,-0.19704957,-0.20616047,-0.12926446,-0.10460003,-0.11361031,-0.10256614,-0.1548417,-0.19495486,-0.15481636,-0.12978333,-0.15467641,-0.041086134,-0.12967405,-0.15484846,-0.2300741,-0.15482602,-0.10384405,-0.15333441,-0.0784167,-0.15469696,-0.12766197,-0.15471713,-0.121451,-0.075820275,-0.09192432,-0.101488546,-0.15456247,-0.1580209,-0.12378413,-0.15468888,-0.1410757,-0.13984437,-0.18093297,-0.15485106,-0.25777104,-0.12844054,-0.15475604,-0.13462572,-0.119081676,-0.15481943,-0.15811832,-0.15812008,-0.15812129,-0.19755594,-0.25103784,-0.20219928,-0.19465852,-0.24831252,-0.20506537,-0.22091979,-0.15483528,-0.13008541,-0.11956477,-0.15482974,-0.1581144,-0.20931396,-0.18224281,-0.15482113,-0.32474133,-0.15484902,-0.15812409,-0.15812293,-0.15812252,-0.2185038,-0.15482077,-0.114121355,-0.15482314,-0.1581081,-0.15811469,-0.22984435,-0.1548423,-0.1580973,-0.08963354,-0.15473484,-0.15807162,-0.15809086,-0.15809192,-0.13302092,-0.1051107,-0.14014931,-0.15141064,-0.15839578,-0.15615125,-0.14613561,-0.15483838,-0.12319561,-0.13046968,-0.15480068,-0.1581239,-0.1581234,-0.1581234,-0.15812394,-0.38518023,-0.11451449,-0.15480828,-0.15564899,-0.14443555,-0.16636807,-0.15484414,-0.15804343,-0.12993515,-0.047159404,-0.14861979,-0.14016809,-0.14106366,-0.1546915,-0.19987361,-0.1649412,-0.17166539,-0.15482056,-0.15807886,-0.12722544,-0.14610182,-0.2588673,-0.13025922,-0.15471487,-0.09132757,-0.12832497,-0.13684332,-0.16221203,-0.15659244,-0.12964584,-0.15457942,-0.15802413,-0.15807563,-0.15811127,-0.15740095,-0.19795567,-0.15106063,-0.07294749,-0.2039893,-0.15480924,-0.15807392,-0.104459345,-0.15446916,-0.17466888,-0.13176009,-0.15481643,-0.15109587,-0.10913184,-0.1546444,-0.05825615,-0.14326635,-0.17082691,-0.15475234,-0.18883844,-0.15485024,-0.31316653,-0.15484017,-0.16808087,-0.14331596,-0.15484211,-0.15812032,-0.25088155,-0.15485063,-0.22115314,-0.07562123,-0.086852394,-0.10702289,-0.060967896,-0.14783904,-0.16796505,-0.15746465,-0.22133875,-0.12812386,-0.0969081,-0.16398169,-0.12716047,-0.11335766,-0.18846886,-0.13046232,-0.17755464,-0.0994983,-0.115196005,-0.15475348,-0.11662802,-0.19749595,-0.14526704,-0.12781724,-0.096878245,-0.15475288,-0.15791415,-0.12434345,-0.11230643,-0.063823454,-0.15467963,-0.11419349,-0.10007019,-0.24483351,-0.15485118,-0.15811183,-0.16344379,-0.1759062,-0.12524253,-0.15483555,-0.0782174,-0.19187105,-0.18185812,-0.09859173,-0.11065883,-0.15448955,-0.1577802,-0.083404,-0.1213824,-0.13072303,-0.13855581,-0.19385117,-0.154812,-0.15811694,-0.19487974,-0.23847799,-0.2432746,-0.13010806,-0.15463343,-0.15808669,-0.14520228,-0.2961179,-0.1548504,-0.19813283,-0.13036127,-0.15478289,-0.060104962,-0.15931924,-0.15484855,-0.2028091,-0.2868003,-0.11816878,-0.14795661,-0.10060286,-0.1546841,-0.13614628,-0.20725825,-0.17393659,-0.125103,-0.15657571,-0.15690626,-0.15484707,-0.15811953,-0.16221246,-0.22200036,-0.13053851,-0.2814266,-0.15485163,-0.1915083,-0.24371436,-0.16952515,-0.15476245,-0.13369927,-0.12557748,-0.15484375,-0.18106565,-0.15485135,-0.18642783,-0.154793,-0.30462334,-0.15473369,-0.14691104,-0.13029914,-0.1548376,-0.15810636,-0.18915205,-0.13045403,-0.15484288,-0.10481856,-0.1650517,-0.15484065,-0.15812169,-0.15809177,-0.1300198,-0.15473917,-0.15808587,-0.15807606,-0.15808845,-0.15809701,-0.16505513,-0.17392421,-0.15483585,-0.15811399,-0.15810329,-0.15811455,-0.2025511,-0.15354379,-0.14723541,-0.15378648,-0.11499533,-0.10471026,-0.11893196,-0.15483966,-0.15804145,-0.13041084,-0.19501048,-0.15484801,-0.18738703,-0.11705899,-0.17429145,-0.15483823,-0.06652963,-0.1545785,-0.10737923,-0.124497145,-0.15298569,-0.052188452,-0.26007295
k__Bacteria|p__Firmicutes|c__Negativicutes|o__Veillonellales|f__Veillonellaceae|g__Megasphaera|s__Megasphaera_vaginalis,-0.1004395,-0.12316422,-0.15520915,-0.15849721,-0.15849751,-0.23867357,-0.1666669,-0.16813041,-0.10929718,-0.22895765,-0.23728925,-0.15521428,-0.22850217,-0.3768707,-0.08556121,-0.15478975,-0.058144663,-0.15464368,-0.15843096,-0.19931981,-0.1978925,-0.13059194,-0.15517658,-0.12711628,-0.20043859,-0.11658599,-0.182019,-0.25032333,-0.1509206,-0.15518191,-0.15142563,-0.10844302,-0.18249588,-0.28454733,-0.15520033,-0.13078937,-0.15521172,-0.22338755,-0.15521468,-0.29867563,-0.15521476,-0.29356226,-0.13006422,-0.15505731,-0.13691942,-0.1552088,-0.23188588,-0.24781659,-0.1296162,-0.1307958,-0.24679694,-0.18279888,-0.25087595,-0.26027086,-0.28621647,-0.27511892,-0.11894142,-0.15512201,-0.040142577,-0.056944285,-0.15444168,-0.11274739,-0.13743341,-0.1306751,-0.15519153,-0.15849249,-0.15849726,-0.15849796,-0.27573854,-0.15517272,-0.13067663,-0.16243835,-0.12334165,-0.14074792,-0.15517822,-0.15887658,-0.14481027,-0.1307733,-0.18691605,-0.14998752,-0.15520182,-0.1584746,-0.15848662,-0.1584186,-0.120334074,-0.13700745,-0.08858878,-0.15519547,-0.19008024,-0.1552074,-0.2004665,-0.11139822,-0.1388583,-0.13027036,-0.1074974,-0.15152657,-0.15510465,-0.15818514,-0.10065024,-0.08152827,-0.09427856,-0.1551574,-0.11960925,-0.15027548,-0.16982608,-0.1185138,-0.1551753,-0.15849078,-0.17738779,-0.15176103,-0.15521047,-0.25953975,-0.17989698,-0.13525523,-0.15520746,-0.15095688,-0.17780018,-0.2009549,-0.15518609,-0.09015879,-0.1548952,-0.12151222,-0.121854745,-0.13997786,-0.21433522,-0.13908121,-0.16057305,-0.15513155,-0.07092635,-0.15454504,-0.15767525,-0.18733518,-0.15493876,-0.13066366,-0.12334781,-0.14100276,-0.1551644,-0.114095174,-0.25318068,-0.26654312,-0.12988377,-0.10945694,-0.15515493,-0.09238048,-0.20963459,-0.15520771,-0.15840861,-0.1301568,-0.15513232,-0.16015086,-0.1553517,-0.15521234,-0.19704957,-0.20616047,-0.12955831,-0.10460003,-0.11361031,-0.10256614,-0.15520445,-0.19495486,-0.15517941,-0.13007557,-0.15504257,-0.041086134,-0.12967405,-0.15521102,-0.2300741,-0.15518874,-0.10384405,-0.15372542,-0.0784167,-0.15506132,-0.12766197,-0.15508191,-0.121451,-0.075820275,-0.09192432,-0.101488546,-0.15492988,-0.1583974,-0.12378413,-0.15505296,-0.1410757,-0.13984437,-0.18093297,-0.15521362,-0.25777104,-0.12844054,-0.1551184,-0.13462572,-0.119081676,-0.1551826,-0.15849298,-0.15849471,-0.1584959,-0.19755594,-0.25103784,-0.20219928,-0.19465852,-0.24831252,-0.20506537,-0.22091979,-0.15519789,-0.13037048,-0.11956477,-0.15519266,-0.15848914,-0.20931396,-0.18224281,-0.15518367,-0.32474133,-0.15521163,-0.15849867,-0.15849754,-0.15849715,-0.2185038,-0.15518281,-0.114121355,-0.15518582,-0.15848275,-0.15848938,-0.22984435,-0.155205,-0.15847088,-0.08963354,-0.1550987,-0.1584472,-0.1584658,-0.15846717,-0.13302092,-0.1051107,-0.14014931,-0.15141064,-0.15839578,-0.15615125,-0.14613561,-0.1552012,-0.12319561,-0.13074405,-0.15516374,-0.1584985,-0.158498,-0.15849802,-0.15849856,-0.38518023,-0.11451449,-0.15517145,-0.15564899,-0.14443555,-0.16636807,-0.15520677,-0.15841806,-0.12993515,-0.047159404,-0.14903912,-0.14016809,-0.14106366,-0.1550563,-0.19987361,-0.1649412,-0.17166539,-0.15518364,-0.15845445,-0.12722544,-0.14610182,-0.2588673,-0.13054311,-0.15507987,-0.09132757,-0.12832497,-0.13684332,-0.16221203,-0.15659244,-0.1299338,-0.1549446,-0.15840024,-0.15845107,-0.15848607,-0.15740095,-0.19795567,-0.15106063,-0.07294749,-0.2039893,-0.15517226,-0.15844947,-0.104459345,-0.15481868,-0.17466888,-0.13176009,-0.15517972,-0.15109587,-0.10913184,-0.15500996,-0.05825615,-0.14326635,-0.17082691,-0.15511617,-0.18883844,-0.1552128,-0.31316653,-0.1552027,-0.16808087,-0.14331596,-0.15520479,-0.15849492,-0.25088155,-0.15521318,-0.22115314,-0.07562123,-0.086852394,-0.10702289,-0.060967896,-0.14826778,-0.16796505,-0.15746465,-0.22133875,-0.12812386,-0.0969081,-0.16398169,-0.12716047,-0.11335766,-0.18846886,-0.13073729,-0.17755464,-0.0994983,-0.115196005,-0.15511748,-0.11662802,-0.19749595,-0.14526704,-0.12781724,-0.096878245,-0.15511733,-0.1582923,-0.12434345,-0.11230643,-0.063823454,-0.15504491,-0.11419349,-0.10007019,-0.24483351,-0.15521374,-0.15848643,-0.16344379,-0.1759062,-0.12524253,-0.1551984,-0.0782174,-0.19187105,-0.18185812,-0.09859173,-0.11065883,-0.1548589,-0.15816084,-0.083404,-0.1213824,-0.13072303,-0.13855581,-0.19385117,-0.15517491,-0.15849164,-0.19487974,-0.23847799,-0.2432746,-0.13038783,-0.1549995,-0.15846175,-0.14520228,-0.2961179,-0.15521297,-0.19813283,-0.13063902,-0.15514629,-0.060104962,-0.15931924,-0.15521112,-0.2028091,-0.2868003,-0.11816878,-0.14795661,-0.10060286,-0.15504879,-0.13614628,-0.20725825,-0.17393659,-0.125103,-0.15657571,-0.15690626,-0.15520965,-0.15849417,-0.16221246,-0.22200036,-0.13081159,-0.2814266,-0.15521416,-0.1915083,-0.24371436,-0.16952515,-0.15512459,-0.13369927,-0.12557748,-0.15520638,-0.18106565,-0.15521389,-0.18642783,-0.15515542,-0.30462334,-0.15509745,-0.14691104,-0.13029914,-0.15520033,-0.15848124,-0.18915205,-0.13072927,-0.15520558,-0.10481856,-0.1650517,-0.15520328,-0.15849632,-0.15846637,-0.13030568,-0.15510377,-0.15846086,-0.15845124,-0.15846337,-0.15847193,-0.16505513,-0.17392421,-0.15519856,-0.15848875,-0.15847817,-0.15848929,-0.2025511,-0.15354379,-0.14723541,-0.15415764,-0.11499533,-0.10471026,-0.11893196,-0.15520236,-0.15841626,-0.13068762,-0.19501048,-0.15521058,-0.18738703,-0.11705899,-0.17429145,-0.15520078,-0.06652963,-0.15494643,-0.10737923,-0.124497145,-0.15298569,-0.052188452,-0.26007295
k__Bacteria|p__Firmicutes|c__Bacilli|o__Bacillales|f__Staphylococcaceae|g__Staphylococcus|s__Staphylococcus_simulans,-0.1004395,-0.12316422,-0.15491985,-0.15826128,-0.15826152,-0.23867357,-0.1666669,-0.16813041,-0.10929718,-0.22895765,-0.23728925,-0.15492445,-0.22850217,-0.3768707,-0.08556121,-0.1545364,-0.058144663,-0.15441555,-0.15820171,-0.19931981,-0.1978925,-0.12991914,-0.15489075,-0.12711628,-0.20043859,-0.11658599,-0.182019,-0.25032333,-0.1509206,-0.15489528,-0.15142563,-0.10844302,-0.18249588,-0.28454733,-0.15491156,-0.1301035,-0.15492219,-0.22338755,-0.15492481,-0.29867563,-0.15492485,-0.29356226,-0.12944154,-0.15478244,-0.13691942,-0.15491956,-0.23188588,-0.24781659,-0.1296162,-0.13010913,-0.24679694,-0.18279888,-0.25087595,-0.26027086,-0.28621647,-0.27511892,-0.11894142,-0.15484166,-0.040142577,-0.056944285,-0.15422851,-0.11274739,-0.13743341,-0.12999496,-0.15490389,-0.15825707,-0.1582613,-0.15826192,-0.27573854,-0.15488538,-0.12999918,-0.16243835,-0.12334165,-0.14074792,-0.1548922,-0.15887658,-0.14481027,-0.13008882,-0.18691605,-0.14998752,-0.1549133,-0.158241,-0.15825167,-0.15818626,-0.120334074,-0.13700745,-0.08858878,-0.15490766,-0.19008024,-0.15491831,-0.2004665,-0.11139822,-0.1388583,-0.13027036,-0.1074974,-0.15152657,-0.15482628,-0.15794542,-0.10065024,-0.08152827,-0.09427856,-0.1548736,-0.11960925,-0.15027548,-0.16982608,-0.1185138,-0.15488927,-0.1582555,-0.17738779,-0.15176103,-0.15492101,-0.25953975,-0.17989698,-0.13525523,-0.15491837,-0.15095688,-0.17780018,-0.2009549,-0.15489782,-0.09015879,-0.15463942,-0.12151222,-0.121854745,-0.13997786,-0.21433522,-0.13908121,-0.16057305,-0.15485047,-0.07092635,-0.1543209,-0.15751433,-0.18733518,-0.15467025,-0.1299843,-0.12334781,-0.14100276,-0.15487981,-0.114095174,-0.25318068,-0.26654312,-0.12922162,-0.10945694,-0.15487148,-0.09238048,-0.20963459,-0.1549186,-0.15817915,-0.12950137,-0.15485044,-0.16015086,-0.1553517,-0.15492272,-0.19704957,-0.20616047,-0.128966,-0.10460003,-0.11361031,-0.10256614,-0.15491572,-0.19495486,-0.15489215,-0.1294103,-0.15477052,-0.041086134,-0.12967405,-0.15492147,-0.2300741,-0.15490097,-0.10384405,-0.15356582,-0.0784167,-0.15478647,-0.12766197,-0.15480575,-0.121451,-0.075820275,-0.09192432,-0.101488546,-0.15466864,-0.15817204,-0.12378413,-0.15476955,-0.1410757,-0.13984437,-0.18093297,-0.15492386,-0.25777104,-0.12844054,-0.1548355,-0.13462572,-0.119081676,-0.15489626,-0.1582575,-0.15825905,-0.15826009,-0.19755594,-0.25103784,-0.20219928,-0.19465852,-0.24831252,-0.20506537,-0.22091979,-0.1549094,-0.12969457,-0.11956477,-0.15490521,-0.15825403,-0.20931396,-0.18224281,-0.1548963,-0.32474133,-0.1549221,-0.1582626,-0.15826157,-0.15826121,-0.2185038,-0.15489551,-0.114121355,-0.15489872,-0.15824802,-0.15825424,-0.22984435,-0.15491623,-0.15823708,-0.08963354,-0.15482044,-0.15821682,-0.15823299,-0.1582346,-0.13302092,-0.1051107,-0.14014931,-0.15141064,-0.15839578,-0.15615125,-0.14613561,-0.15491289,-0.12319561,-0.13006233,-0.15487872,-0.15826243,-0.15826198,-0.15826198,-0.15826246,-0.38518023,-0.11451449,-0.15488604,-0.15564899,-0.14443555,-0.16636807,-0.15491767,-0.15818861,-0.12993515,-0.047159404,-0.14932074,-0.14016809,-0.14106366,-0.15478268,-0.19987361,-0.1649412,-0.17166539,-0.1548971,-0.15822344,-0.12722544,-0.14610182,-0.2588673,-0.12986287,-0.1548037,-0.09132757,-0.12832497,-0.13684332,-0.16221203,-0.15659244,-0.12926713,-0.15468046,-0.15817443,-0.15822007,-0.15825132,-0.15740095,-0.19795567,-0.15106063,-0.07294749,-0.2039893,-0.15488657,-0.15821879,-0.104459345,-0.15450467,-0.17466888,-0.13176009,-0.15489382,-0.15109587,-0.10913184,-0.1547389,-0.05825615,-0.14326635,-0.17082691,-0.15483633,-0.18883844,-0.15492311,-0.31316653,-0.15491378,-0.16808087,-0.14331596,-0.15491597,-0.15825918,-0.25088155,-0.15492344,-0.22115314,-0.07562123,-0.086852394,-0.10702289,-0.060967896,-0.1486363,-0.16796505,-0.15746465,-0.22133875,-0.12812386,-0.0969081,-0.16398169,-0.12716047,-0.11335766,-0.18846886,-0.1300548,-0.17755464,-0.0994983,-0.115196005,-0.1548375,-0.11662802,-0.19749595,-0.14526704,-0.12781724,-0.096878245,-0.15483813,-0.15807721,-0.12434345,-0.11230643,-0.063823454,-0.15477186,-0.11419349,-0.10007019,-0.24483351,-0.15492396,-0.15825126,-0.16344379,-0.1759062,-0.12524253,-0.15491031,-0.0782174,-0.19187105,-0.18185812,-0.09859173,-0.11065883,-0.15460616,-0.15795945,-0.083404,-0.1213824,-0.13072303,-0.13855581,-0.19385117,-0.15488891,-0.1582563,-0.19487974,-0.23847799,-0.2432746,-0.12973209,-0.1547316,-0.15822938,-0.14520228,-0.2961179,-0.15492326,-0.19813283,-0.12996064,-0.15486306,-0.060104962,-0.15931924,-0.15492159,-0.2028091,-0.2868003,-0.11816878,-0.14795661,-0.10060286,-0.15477523,-0.13614628,-0.20725825,-0.17393659,-0.125103,-0.15657571,-0.15690626,-0.1549203,-0.15825857,-0.16221246,-0.22200036,-0.13012332,-0.2814266,-0.15492433,-0.1915083,-0.24371436,-0.16952515,-0.15484054,-0.13369927,-0.12557748,-0.15491734,-0.18106565,-0.15492411,-0.18642783,-0.15486997,-0.30462334,-0.1548189,-0.14691104,-0.13029914,-0.15491194,-0.15824705,-0.18915205,-0.13004832,-0.15491667,-0.10481856,-0.1650517,-0.15491453,-0.15826046,-0.15823227,-0.12963003,-0.1548256,-0.1582284,-0.15821995,-0.15823072,-0.15823857,-0.16505513,-0.17392421,-0.1549103,-0.15825373,-0.1582442,-0.15825422,-0.2025511,-0.15354379,-0.14723541,-0.15396625,-0.11499533,-0.10471026,-0.11893196,-0.15491377,-0.1581862,-0.13001016,-0.19501048,-0.15492111,-0.18738703,-0.11705899,-0.17429145,-0.15491188,-0.06652963,-0.15468346,-0.10737923,-0.124497145,-0.15298569,-0.052188452,-0.26007295
k__Bacteria|p__Firmicutes|c__Bacilli|o__Lactobacillales|f__Enterococcaceae|g__Enterococcus|s__Enterococcus_hulanensis,-0.1004395,-0.12316422,-0.15548417,-0.15883803,-0.15883833,-0.23867357,-0.1666669,-0.16813041,-0.10929718,-0.22895765,-0.23728925,-0.15548961,-0.22850217,-0.3768707,-0.08556121,-0.15503362,-0.058144663,-0.1548867,-0.15876755,-0.19931981,-0.1978925,-0.1303652,-0.15544961,-0.12711628,-0.20043859,-0.11658599,-0.182019,-0.25032333,-0.1509206,-0.15545502,-0.15142563,-0.10844302,-0.18249588,-0.28454733,-0.15547445,-0.13057587,-0.15548688,-0.22338755,-0.15549001,-0.29867563,-0.1554901,-0.29356226,-0.12980847,-0.15532154,-0.13691942,-0.1554838,-0.23188588,-0.24781659,-0.1296162,-0.13058248,-0.24679694,-0.18279888,-0.25087595,-0.26027086,-0.28621647,-0.27511892,-0.11894142,-0.15539172,-0.040142577,-0.056944285,-0.15466624,-0.11274739,-0.13743341,-0.13045326,-0.1554653,-0.15883304,-0.1588381,-0.15883882,-0.27573854,-0.1554444,-0.13045548,-0.16243835,-0.12334165,-0.14074792,-0.15545139,-0.15887658,-0.14481027,-0.13055873,-0.18691605,-0.14998752,-0.15547642,-0.15881407,-0.15882672,-0.15875074,-0.120334074,-0.13700745,-0.08858878,-0.15546972,-0.19008024,-0.15548232,-0.2004665,-0.11139822,-0.1388583,-0.13027036,-0.1074974,-0.15152657,-0.15537348,-0.15848297,-0.10065024,-0.08152827,-0.09427856,-0.15542938,-0.11960925,-0.15027548,-0.16982608,-0.1185138,-0.15544796,-0.15883121,-0.17738779,-0.15176103,-0.15548554,-0.25953975,-0.17989698,-0.13525523,-0.15548241,-0.15095688,-0.17780018,-0.2009549,-0.15545857,-0.09015879,-0.15515223,-0.12151222,-0.121854745,-0.13997786,-0.21433522,-0.13908121,-0.16057305,-0.15540202,-0.07092635,-0.15477672,-0.15795624,-0.18733518,-0.15519077,-0.13044104,-0.12334781,-0.14100276,-0.15543675,-0.114095174,-0.25318068,-0.26654312,-0.1296017,-0.10945694,-0.15542683,-0.09238048,-0.20963459,-0.15548265,-0.15874103,-0.12990288,-0.1554021,-0.16015086,-0.1553517,-0.15548754,-0.19704957,-0.20616047,-0.12927234,-0.10460003,-0.11361031,-0.10256614,-0.15547922,-0.19495486,-0.15545179,-0.12980707,-0.15530744,-0.041086134,-0.12967405,-0.15548608,-0.2300741,-0.15546188,-0.10384405,-0.1538957,-0.0784167,-0.1553267,-0.12766197,-0.15534922,-0.121451,-0.075820275,-0.09192432,-0.101488546,-0.15518785,-0.15873241,-0.12378413,-0.15530881,-0.1410757,-0.13984437,-0.18093297,-0.15548891,-0.25777104,-0.12844054,-0.15538557,-0.13462572,-0.119081676,-0.15545619,-0.15883356,-0.15883541,-0.15883665,-0.19755594,-0.25103784,-0.20219928,-0.19465852,-0.24831252,-0.20506537,-0.22091979,-0.15547189,-0.13012531,-0.11956477,-0.15546677,-0.15882945,-0.20931396,-0.18224281,-0.15545645,-0.32474133,-0.1554868,-0.1588396,-0.15883839,-0.15883797,-0.2185038,-0.15545551,-0.114121355,-0.15545918,-0.15882245,-0.1588297,-0.22984435,-0.15547982,-0.15880948,-0.08963354,-0.1553666,-0.15878531,-0.15880457,-0.1588064,-0.13302092,-0.1051107,-0.14014931,-0.15141064,-0.15839578,-0.15615125,-0.14613561,-0.15547585,-0.12319561,-0.13052759,-0.15543556,-0.1588394,-0.15883888,-0.1588389,-0.15883946,-0.38518023,-0.11451449,-0.15544412,-0.15564899,-0.14443555,-0.16636807,-0.15548158,-0.15875232,-0.12993515,-0.047159404,-0.1488683,-0.14016809,-0.14106366,-0.15532175,-0.19987361,-0.1649412,-0.17166539,-0.1554572,-0.1587931,-0.12722544,-0.14610182,-0.2588673,-0.13030979,-0.15534703,-0.09132757,-0.12832497,-0.13684332,-0.16221203,-0.15659244,-0.1296654,-0.15520191,-0.15873528,-0.15878922,-0.15882623,-0.15740095,-0.19795567,-0.15106063,-0.07294749,-0.2039893,-0.1554448,-0.15878774,-0.104459345,-0.15504509,-0.17466888,-0.13176009,-0.15545323,-0.15109587,-0.10913184,-0.15527144,-0.05825615,-0.14326635,-0.17082691,-0.15538529,-0.18883844,-0.15548801,-0.31316653,-0.15547708,-0.16808087,-0.14331596,-0.15547955,-0.15883559,-0.25088155,-0.15548843,-0.22115314,-0.07562123,-0.086852394,-0.10702289,-0.060967896,-0.14805855,-0.16796505,-0.15746465,-0.22133875,-0.12812386,-0.0969081,-0.16398169,-0.12716047,-0.11335766,-0.18846886,-0.13052008,-0.17755464,-0.0994983,-0.115196005,-0.15538672,-0.11662802,-0.19749595,-0.14526704,-0.12781724,-0.096878245,-0.15538731,-0.15862066,-0.12434345,-0.11230643,-0.063823454,-0.15530951,-0.11419349,-0.10007019,-0.24483351,-0.15548903,-0.15882617,-0.16344379,-0.1759062,-0.12524253,-0.15547282,-0.0782174,-0.19187105,-0.18185812,-0.09859173,-0.11065883,-0.15511316,-0.15848106,-0.083404,-0.1213824,-0.13072303,-0.13855581,-0.19385117,-0.15544759,-0.15883215,-0.19487974,-0.23847799,-0.2432746,-0.13015014,-0.15526164,-0.15880029,-0.14520228,-0.2961179,-0.15548822,-0.19813283,-0.1304146,-0.15541708,-0.060104962,-0.15931924,-0.15548623,-0.2028091,-0.2868003,-0.11816878,-0.14795661,-0.10060286,-0.1553132,-0.13614628,-0.20725825,-0.17393659,-0.125103,-0.15657571,-0.15690626,-0.15548468,-0.15883484,-0.16221246,-0.22200036,-0.1305992,-0.2814266,-0.15548947,-0.1915083,-0.24371436,-0.16952515,-0.15539116,-0.13369927,-0.12557748,-0.15548119,-0.18106565,-0.1554892,-0.18642783,-0.15542547,-0.30462334,-0.15536484,-0.14691104,-0.13029914,-0.1554748,-0.15882117,-0.18915205,-0.13051185,-0.15548038,-0.10481856,-0.1650517,-0.15547788,-0.15883708,-0.15880403,-0.13005523,-0.15537259,-0.15879919,-0.15878916,-0.15880193,-0.1588112,-0.16505513,-0.17392421,-0.15547287,-0.15882911,-0.15881781,-0.15882967,-0.2025511,-0.15354379,-0.14723541,-0.1543577,-0.11499533,-0.10471026,-0.11893196,-0.15547696,-0.15874946,-0.13046797,-0.19501048,-0.15548563,-0.18738703,-0.11705899,-0.17429145,-0.15547472,-0.06652963,-0.15520492,-0.10737923,-0.124497145,-0.15298569,-0.052188452,-0.26007295
k__Bacteria|p__Firmicutes|c__Negativicutes|o__Veillonellales|f__Veillonellaceae|g__Veillonellaceae_unclassified|s__Veillonellaceae_bacterium,-0.1004395,-0.12316422,-0.15505919,-0.15840563,-0.15840589,-0.23867357,-0.1666669,-0.16813041,-0.10929718,-0.22895765,-0.23728925,-0.15506396,-0.22850217,-0.3768707,-0.08556121,-0.15466544,-0.058144663,-0.15453985,-0.15834412,-0.19931981,-0.1978925,-0.13002336,-0.15502912,-0.12711628,-0.20043859,-0.11658599,-0.182019,-0.25032333,-0.1509206,-0.1550338,-0.15142563,-0.10844302,-0.18249588,-0.28454733,-0.15505067,-0.13020599,-0.1550616,-0.22338755,-0.15506431,-0.29867563,-0.15506437,-0.29356226,-0.1295293,-0.15491709,-0.13691942,-0.15505889,-0.23188588,-0.24781659,-0.1296162,-0.13021176,-0.24679694,-0.18279888,-0.25087595,-0.26027086,-0.28621647,-0.27511892,-0.11894142,-0.15497872,-0.040142577,-0.056944285,-0.15434599,-0.11274739,-0.13743341,-0.13009906,-0.15504274,-0.15840127,-0.15840566,-0.1584063,-0.27573854,-0.15502441,-0.13010082,-0.16243835,-0.12334165,-0.14074792,-0.15503068,-0.15887658,-0.14481027,-0.13019106,-0.18691605,-0.14998752,-0.15505245,-0.15838474,-0.15839574,-0.15832889,-0.120334074,-0.13700745,-0.08858878,-0.15504661,-0.19008024,-0.15505761,-0.2004665,-0.11139822,-0.1388583,-0.13027036,-0.1074974,-0.15152657,-0.15496293,-0.15809168,-0.10065024,-0.08152827,-0.09427856,-0.1550115,-0.11960925,-0.15027548,-0.16982608,-0.1185138,-0.15502763,-0.15839967,-0.17738779,-0.15176103,-0.15506041,-0.25953975,-0.17989698,-0.13525523,-0.15505767,-0.15095688,-0.17780018,-0.2009549,-0.1550367,-0.09015879,-0.1547705,-0.12151222,-0.121854745,-0.13997786,-0.21433522,-0.13908121,-0.16057305,-0.15498774,-0.07092635,-0.1544424,-0.15763524,-0.18733518,-0.15480235,-0.13008597,-0.12334781,-0.14100276,-0.15501791,-0.114095174,-0.25318068,-0.26654312,-0.12936318,-0.10945694,-0.1550093,-0.09238048,-0.20963459,-0.1550579,-0.15832049,-0.12961285,-0.15498757,-0.16015086,-0.1553517,-0.15506217,-0.19704957,-0.20616047,-0.12907702,-0.10460003,-0.11361031,-0.10256614,-0.15505493,-0.19495486,-0.15503094,-0.12953678,-0.15490544,-0.041086134,-0.12967405,-0.15506089,-0.2300741,-0.15503973,-0.10384405,-0.15367366,-0.0784167,-0.15492192,-0.12766197,-0.15494165,-0.121451,-0.075820275,-0.09192432,-0.101488546,-0.15480104,-0.15831369,-0.12378413,-0.15490429,-0.1410757,-0.13984437,-0.18093297,-0.15506335,-0.25777104,-0.12844054,-0.15497306,-0.13462572,-0.119081676,-0.15503487,-0.1584017,-0.1584033,-0.15840441,-0.19755594,-0.25103784,-0.20219928,-0.19465852,-0.24831252,-0.20506537,-0.22091979,-0.15504846,-0.12980752,-0.11956477,-0.1550441,-0.15839815,-0.20931396,-0.18224281,-0.15503478,-0.32474133,-0.15506151,-0.15840697,-0.15840593,-0.15840557,-0.2185038,-0.15503408,-0.114121355,-0.1550374,-0.15839197,-0.15839836,-0.22984435,-0.15505545,-0.15838027,-0.08963354,-0.15495667,-0.15835977,-0.15837641,-0.1583781,-0.13302092,-0.1051107,-0.14014931,-0.15141064,-0.15839578,-0.15615125,-0.14613561,-0.15505198,-0.12319561,-0.13016373,-0.15501678,-0.15840681,-0.15840635,-0.15840635,-0.15840685,-0.38518023,-0.11451449,-0.15502433,-0.15564899,-0.14443555,-0.16636807,-0.15505695,-0.15833057,-0.12993515,-0.047159404,-0.14928067,-0.14016809,-0.14106366,-0.15491769,-0.19987361,-0.1649412,-0.17166539,-0.15503576,-0.15836659,-0.12722544,-0.14610182,-0.2588673,-0.12997626,-0.15493988,-0.09132757,-0.12832497,-0.13684332,-0.16221203,-0.15659244,-0.12941742,-0.15481305,-0.15831614,-0.15836312,-0.15839535,-0.15740095,-0.19795567,-0.15106063,-0.07294749,-0.2039893,-0.15502487,-0.15836193,-0.104459345,-0.15468113,-0.17466888,-0.13176009,-0.15503235,-0.15109587,-0.10913184,-0.15487391,-0.05825615,-0.14326635,-0.17082691,-0.154973,-0.18883844,-0.15506256,-0.31316653,-0.15505296,-0.16808087,-0.14331596,-0.1550552,-0.15840349,-0.25088155,-0.15506291,-0.22115314,-0.07562123,-0.086852394,-0.10702289,-0.060967896,-0.14857757,-0.16796505,-0.15746465,-0.22133875,-0.12812386,-0.0969081,-0.16398169,-0.12716047,-0.11335766,-0.18846886,-0.13015729,-0.17755464,-0.0994983,-0.115196005,-0.15497431,-0.11662802,-0.19749595,-0.14526704,-0.12781724,-0.096878245,-0.15497503,-0.15821648,-0.12434345,-0.11230643,-0.063823454,-0.15490702,-0.11419349,-0.10007019,-0.24483351,-0.15506345,-0.15839525,-0.16344379,-0.1759062,-0.12524253,-0.15504934,-0.0782174,-0.19187105,-0.18185812,-0.09859173,-0.11065883,-0.15473649,-0.15809488,-0.083404,-0.1213824,-0.13072303,-0.13855581,-0.19385117,-0.1550273,-0.15840048,-0.19487974,-0.23847799,-0.2432746,-0.12983789,-0.15486546,-0.1583727,-0.14520228,-0.2961179,-0.15506274,-0.19813283,-0.13006611,-0.15500073,-0.060104962,-0.15931924,-0.15506099,-0.2028091,-0.2868003,-0.11816878,-0.14795661,-0.10060286,-0.15491009,-0.13614628,-0.20725825,-0.17393659,-0.125103,-0.15657571,-0.15690626,-0.15505964,-0.15840283,-0.16221246,-0.22200036,-0.1302263,-0.2814266,-0.15506384,-0.1915083,-0.24371436,-0.16952515,-0.15497732,-0.13369927,-0.12557748,-0.1550566,-0.18106565,-0.1550636,-0.18642783,-0.15500757,-0.30462334,-0.15495507,-0.14691104,-0.13029914,-0.15505105,-0.15839094,-0.18915205,-0.13015047,-0.15505591,-0.10481856,-0.1650517,-0.1550537,-0.15840478,-0.15837578,-0.12975667,-0.15496212,-0.15837169,-0.15836298,-0.1583741,-0.15838222,-0.16505513,-0.17392421,-0.15504932,-0.15839784,-0.15838799,-0.15839835,-0.2025511,-0.15354379,-0.14723541,-0.15407538,-0.11499533,-0.10471026,-0.11893196,-0.15505293,-0.15832773,-0.13011213,-0.19501048,-0.15506047,-0.18738703,-0.11705899,-0.17429145,-0.15505093,-0.06652963,-0.15481603,-0.10737923,-0.124497145,-0.15298569,-0.052188452,-0.26007295
k__Bacteria|p__Firmicutes|c__Clostridia|o__Eubacteriales|f__Eubacteriaceae|g__Eubacterium|s__Eubacterium_sp_AF22_9,-0.1004395,-0.12316422,-0.154767,-0.15806279,-0.15806311,-0.23867357,-0.1666669,-0.16813041,-0.10929718,-0.22895765,-0.23728925,-0.1547727,-0.22850217,-0.3768707,-0.08556121,-0.15430582,-0.058144663,-0.15415092,-0.15798935,-0.19931981,-0.1978925,-0.13008368,-0.15473115,-0.12711628,-0.20043859,-0.11658599,-0.182019,-0.25032333,-0.1509206,-0.15473664,-0.15142563,-0.10844302,-0.18249588,-0.28454733,-0.15475702,-0.13029113,-0.15476987,-0.22338755,-0.15477313,-0.29867563,-0.1547732,-0.29356226,-0.12953329,-0.15459725,-0.13691942,-0.15476665,-0.23188588,-0.24781659,-0.1296162,-0.13029775,-0.24679694,-0.18279888,-0.25087595,-0.26027086,-0.28621647,-0.27511892,-0.11894142,-0.15467113,-0.040142577,-0.056944285,-0.15391347,-0.11274739,-0.13743341,-0.1301701,-0.1547473,-0.1580576,-0.15806283,-0.15806362,-0.27573854,-0.15472636,-0.13017057,-0.16243835,-0.12334165,-0.14074792,-0.15473297,-0.15887658,-0.14481027,-0.13027403,-0.18691605,-0.14998752,-0.15475897,-0.15803783,-0.15805098,-0.15797326,-0.120334074,-0.13700745,-0.08858878,-0.15475202,-0.19008024,-0.15476513,-0.2004665,-0.11139822,-0.1388583,-0.13027036,-0.1074974,-0.15152657,-0.15465233,-0.15771808,-0.10065024,-0.08152827,-0.09427856,-0.15471023,-0.11960925,-0.15027548,-0.16982608,-0.1185138,-0.15472923,-0.15805571,-0.17738779,-0.15176103,-0.15476845,-0.25953975,-0.17989698,-0.13525523,-0.15476522,-0.15095688,-0.17780018,-0.2009549,-0.15474056,-0.09015879,-0.1544236,-0.12151222,-0.121854745,-0.13997786,-0.21433522,-0.13908121,-0.16057305,-0.15468195,-0.07092635,-0.15403494,-0.15713951,-0.18733518,-0.15446046,-0.13015997,-0.12334781,-0.14100276,-0.15471774,-0.114095174,-0.25318068,-0.26654312,-0.12936348,-0.10945694,-0.15470755,-0.09238048,-0.20963459,-0.15476546,-0.15796182,-0.12964237,-0.15468174,-0.16015086,-0.1553517,-0.15477055,-0.19704957,-0.20616047,-0.12901914,-0.10460003,-0.11361031,-0.10256614,-0.15476194,-0.19495486,-0.15473387,-0.1295667,-0.15458444,-0.041086134,-0.12967405,-0.154769,-0.2300741,-0.15474395,-0.10384405,-0.15312898,-0.0784167,-0.15460357,-0.12766197,-0.15462708,-0.121451,-0.075820275,-0.09192432,-0.101488546,-0.15446033,-0.15795343,-0.12378413,-0.1545898,-0.1410757,-0.13984437,-0.18093297,-0.15477195,-0.25777104,-0.12844054,-0.15466626,-0.13462572,-0.119081676,-0.1547381,-0.15805814,-0.15806004,-0.15806136,-0.19755594,-0.25103784,-0.20219928,-0.19465852,-0.24831252,-0.20506537,-0.22091979,-0.1547542,-0.12986289,-0.11956477,-0.154749,-0.15805385,-0.20931396,-0.18224281,-0.15473825,-0.32474133,-0.1547698,-0.15806442,-0.15806317,-0.15806274,-0.2185038,-0.15473706,-0.114121355,-0.15474084,-0.1580464,-0.15805408,-0.22984435,-0.15476258,-0.15803272,-0.08963354,-0.15464473,-0.15800819,-0.15802787,-0.15803006,-0.13302092,-0.1051107,-0.14014931,-0.15141064,-0.15839578,-0.15615125,-0.14613561,-0.15475845,-0.12319561,-0.13024196,-0.15471616,-0.1580642,-0.15806367,-0.15806368,-0.15806426,-0.38518023,-0.11451449,-0.15472536,-0.15564899,-0.14443555,-0.16636807,-0.15476431,-0.15797287,-0.12993515,-0.047159404,-0.14784402,-0.14016809,-0.14106366,-0.15459783,-0.19987361,-0.1649412,-0.17166539,-0.15473905,-0.15801632,-0.12722544,-0.14610182,-0.2588673,-0.13003846,-0.1546254,-0.09132757,-0.12832497,-0.13684332,-0.16221203,-0.15659244,-0.12942526,-0.15447381,-0.15795615,-0.15801215,-0.15805055,-0.15740095,-0.19795567,-0.15106063,-0.07294749,-0.2039893,-0.15472597,-0.15801087,-0.104459345,-0.15437245,-0.17466888,-0.13176009,-0.15473504,-0.15109587,-0.10913184,-0.15454769,-0.05825615,-0.14326635,-0.17082691,-0.15466398,-0.18883844,-0.15477103,-0.31316653,-0.1547595,-0.16808087,-0.14331596,-0.15476224,-0.15806022,-0.25088155,-0.15477146,-0.22115314,-0.07562123,-0.086852394,-0.10702289,-0.060967896,-0.14699951,-0.16796505,-0.15746465,-0.22133875,-0.12812386,-0.0969081,-0.16398169,-0.12716047,-0.11335766,-0.18846886,-0.1302358,-0.17755464,-0.0994983,-0.115196005,-0.15466571,-0.11662802,-0.19749595,-0.14526704,-0.12781724,-0.096878245,-0.15466687,-0.15783778,-0.12434345,-0.11230643,-0.063823454,-0.15458626,-0.11419349,-0.10007019,-0.24483351,-0.15477209,-0.15805039,-0.16344379,-0.1759062,-0.12524253,-0.15475526,-0.0782174,-0.19187105,-0.18185812,-0.09859173,-0.11065883,-0.15438311,-0.15769297,-0.083404,-0.1213824,-0.13072303,-0.13855581,-0.19385117,-0.1547288,-0.15805666,-0.19487974,-0.23847799,-0.2432746,-0.12987164,-0.15453637,-0.15802343,-0.14520228,-0.2961179,-0.15477124,-0.19813283,-0.13013363,-0.15469728,-0.060104962,-0.15931924,-0.15476915,-0.2028091,-0.2868003,-0.11816878,-0.14795661,-0.10060286,-0.15458903,-0.13614628,-0.20725825,-0.17393659,-0.125103,-0.15657571,-0.15690626,-0.15476756,-0.15805948,-0.16221246,-0.22200036,-0.13031487,-0.2814266,-0.15477255,-0.1915083,-0.24371436,-0.16952515,-0.15467119,-0.13369927,-0.12557748,-0.1547639,-0.18106565,-0.15477228,-0.18642783,-0.15470572,-0.30462334,-0.15464228,-0.14691104,-0.13029914,-0.15475729,-0.15804526,-0.18915205,-0.13022703,-0.15476313,-0.10481856,-0.1650517,-0.15476044,-0.1580618,-0.15802743,-0.12979561,-0.15465152,-0.15802222,-0.15801185,-0.15802509,-0.15803492,-0.16505513,-0.17392421,-0.15475522,-0.15805352,-0.15804172,-0.1580541,-0.2025511,-0.15354379,-0.14723541,-0.1535874,-0.11499533,-0.10471026,-0.11893196,-0.15475953,-0.15797067,-0.13018341,-0.19501048,-0.15476853,-0.18738703,-0.11705899,-0.17429145,-0.15475729,-0.06652963,-0.1544792,-0.10737923,-0.124497145,-0.15298569,-0.052188452,-0.26007295
k__Bacteria|p__Firmicutes|c__Clostridia|o__Eubacteriales|f__Eubacteriaceae|g__Eubacteriaceae_unclassified|s__Eubacteriaceae_bacterium,-0.1004395,-0.12316422,-0.15531543,-0.15862131,-0.15862158,-0.23867357,-0.1666669,-0.16813041,-0.10929718,-0.22895765,-0.23728925,-0.15532017,-0.22850217,-0.3768707,-0.08556121,-0.15491882,-0.058144663,-0.15478703,-0.1585598,-0.19931981,-0.1978925,-0.13057783,-0.15528515,-0.12711628,-0.20043859,-0.11658599,-0.182019,-0.25032333,-0.1509206,-0.15529019,-0.15142563,-0.10844302,-0.18249588,-0.28454733,-0.15530717,-0.13076282,-0.1553178,-0.22338755,-0.15532055,-0.29867563,-0.15532061,-0.29356226,-0.13008954,-0.15517473,-0.13691942,-0.15531507,-0.23188588,-0.24781659,-0.1296162,-0.13076879,-0.24679694,-0.18279888,-0.25087595,-0.26027086,-0.28621647,-0.27511892,-0.11894142,-0.15523446,-0.040142577,-0.056944285,-0.1546054,-0.11274739,-0.13743341,-0.13065633,-0.15529913,-0.15861693,-0.15862137,-0.158622,-0.27573854,-0.15528151,-0.1306577,-0.16243835,-0.12334165,-0.14074792,-0.15528673,-0.15887658,-0.14481027,-0.13074754,-0.18691605,-0.14998752,-0.1553086,-0.15860036,-0.15861154,-0.15854709,-0.120334074,-0.13700745,-0.08858878,-0.15530273,-0.19008024,-0.15531379,-0.2004665,-0.11139822,-0.1388583,-0.13027036,-0.1074974,-0.15152657,-0.1552184,-0.1583181,-0.10065024,-0.08152827,-0.09427856,-0.15526727,-0.11960925,-0.15027548,-0.16982608,-0.1185138,-0.15528402,-0.15861535,-0.17738779,-0.15176103,-0.15531662,-0.25953975,-0.17989698,-0.13525523,-0.15531386,-0.15095688,-0.17780018,-0.2009549,-0.15529397,-0.09015879,-0.15502329,-0.12151222,-0.121854745,-0.13997786,-0.21433522,-0.13908121,-0.16057305,-0.15524325,-0.07092635,-0.15469578,-0.15786223,-0.18733518,-0.1550649,-0.13064606,-0.12334781,-0.14100276,-0.15527385,-0.114095174,-0.25318068,-0.26654312,-0.1299198,-0.10945694,-0.15526505,-0.09238048,-0.20963459,-0.15531406,-0.1585393,-0.13017702,-0.15524384,-0.16015086,-0.1553517,-0.15531838,-0.19704957,-0.20616047,-0.12963724,-0.10460003,-0.11361031,-0.10256614,-0.15531105,-0.19495486,-0.15528758,-0.13010561,-0.15515989,-0.041086134,-0.12967405,-0.15531716,-0.2300741,-0.15529642,-0.10384405,-0.15392357,-0.0784167,-0.15517774,-0.12766197,-0.15519714,-0.121451,-0.075820275,-0.09192432,-0.101488546,-0.1550557,-0.15852845,-0.12378413,-0.15516484,-0.1410757,-0.13984437,-0.18093297,-0.15531954,-0.25777104,-0.12844054,-0.15523076,-0.13462572,-0.119081676,-0.1552907,-0.15861738,-0.15861902,-0.15862009,-0.19755594,-0.25103784,-0.20219928,-0.19465852,-0.24831252,-0.20506537,-0.22091979,-0.15530497,-0.1303722,-0.11956477,-0.15530011,-0.15861386,-0.20931396,-0.18224281,-0.15529174,-0.32474133,-0.15531771,-0.15862268,-0.15862162,-0.15862125,-0.2185038,-0.15529086,-0.114121355,-0.15529385,-0.15860799,-0.15861405,-0.22984435,-0.15531155,-0.15859689,-0.08963354,-0.15521282,-0.15857482,-0.15859228,-0.15859339,-0.13302092,-0.1051107,-0.14014931,-0.15141064,-0.15839578,-0.15615125,-0.14613561,-0.15530801,-0.12319561,-0.13072085,-0.15527347,-0.1586225,-0.15862206,-0.15862206,-0.15862256,-0.38518023,-0.11451449,-0.1552805,-0.15564899,-0.14443555,-0.16636807,-0.15531322,-0.15854836,-0.12993515,-0.047159404,-0.14960963,-0.14016809,-0.14106366,-0.15517391,-0.19987361,-0.1649412,-0.17166539,-0.15529177,-0.15858155,-0.12722544,-0.14610182,-0.2588673,-0.13052972,-0.15519501,-0.09132757,-0.12832497,-0.13684332,-0.16221203,-0.15659244,-0.1299842,-0.15506935,-0.15853128,-0.15857843,-0.15861097,-0.15740095,-0.19795567,-0.15106063,-0.07294749,-0.2039893,-0.15528128,-0.15857688,-0.104459345,-0.15494551,-0.17466888,-0.13176009,-0.15528806,-0.15109587,-0.10913184,-0.15512961,-0.05825615,-0.14326635,-0.17082691,-0.15522934,-0.18883844,-0.15531881,-0.31316653,-0.1553095,-0.16808087,-0.14331596,-0.15531138,-0.15861921,-0.25088155,-0.15531917,-0.22115314,-0.07562123,-0.086852394,-0.10702289,-0.060967896,-0.14890322,-0.16796505,-0.15746465,-0.22133875,-0.12812386,-0.0969081,-0.16398169,-0.12716047,-0.11335766,-0.18846886,-0.13071412,-0.17755464,-0.0994983,-0.115196005,-0.15523037,-0.11662802,-0.19749595,-0.14526704,-0.12781724,-0.096878245,-0.15522997,-0.1584308,-0.12434345,-0.11230643,-0.063823454,-0.15516232,-0.11419349,-0.10007019,-0.24483351,-0.15531966,-0.1586113,-0.16344379,-0.1759062,-0.12524253,-0.15530543,-0.0782174,-0.19187105,-0.18185812,-0.09859173,-0.11065883,-0.15498967,-0.15830852,-0.083404,-0.1213824,-0.13072303,-0.13855581,-0.19385117,-0.15528378,-0.15861617,-0.19487974,-0.23847799,-0.2432746,-0.13039659,-0.15512067,-0.15858847,-0.14520228,-0.2961179,-0.15531895,-0.19813283,-0.13062191,-0.15525708,-0.060104962,-0.15931924,-0.15531725,-0.2028091,-0.2868003,-0.11816878,-0.14795661,-0.10060286,-0.15516676,-0.13614628,-0.20725825,-0.17393659,-0.125103,-0.15657571,-0.15690626,-0.15531589,-0.15861851,-0.16221246,-0.22200036,-0.13078347,-0.2814266,-0.15532006,-0.1915083,-0.24371436,-0.16952515,-0.1552363,-0.13369927,-0.12557748,-0.15531287,-0.18106565,-0.15531981,-0.18642783,-0.15526554,-0.30462334,-0.15521221,-0.14691104,-0.13029914,-0.15530726,-0.1586065,-0.18915205,-0.13070637,-0.15531209,-0.10481856,-0.1650517,-0.15531003,-0.15862048,-0.15859255,-0.13031657,-0.15521744,-0.15858766,-0.1585787,-0.15858999,-0.15859777,-0.16505513,-0.17392421,-0.15530562,-0.15861347,-0.1586037,-0.15861396,-0.2025511,-0.15354379,-0.14723541,-0.15434486,-0.11499533,-0.10471026,-0.11893196,-0.15530911,-0.15854585,-0.13066702,-0.19501048,-0.15531674,-0.18738703,-0.11705899,-0.17429145,-0.15530749,-0.06652963,-0.15506957,-0.10737923,-0.124497145,-0.15298569,-0.052188452,-0.26007295
k__Bacteria|p__Firmicutes|c__Clostridia|o__Eubacteriales|f__Eubacteriaceae|g__Eubacteriaceae_unclassified|s__Eubacteriaceae_bacterium_CHKCI004,-0.1004395,-0.12316422,-0.15470073,-0.15806258,-0.15806279,-0.23867357,-0.1666669,-0.16813041,-0.10929718,-0.22895765,-0.23728925,-0.15470459,-0.22850217,-0.3768707,-0.08556121,-0.15436873,-0.058144663,-0.15426329,-0.15801254,-0.19931981,-0.1978925,-0.12956771,-0.15467595,-0.12711628,-0.20043859,-0.11658599,-0.182019,-0.25032333,-0.1509206,-0.15468025,-0.15142563,-0.10844302,-0.18249588,-0.28454733,-0.15469386,-0.12973109,-0.15470263,-0.22338755,-0.15470487,-0.29867563,-0.15470493,-0.29356226,-0.1291202,-0.15458678,-0.13691942,-0.15470041,-0.23188588,-0.24781659,-0.1296162,-0.12973645,-0.24679694,-0.18279888,-0.25087595,-0.26027086,-0.28621647,-0.27511892,-0.11894142,-0.15463434,-0.040142577,-0.056944285,-0.15412529,-0.11274739,-0.13743341,-0.12963954,-0.1546876,-0.158059,-0.15806264,-0.15806311,-0.27573854,-0.1546731,-0.12963924,-0.16243835,-0.12334165,-0.14074792,-0.15467727,-0.15887658,-0.14481027,-0.12971777,-0.18691605,-0.14998752,-0.15469515,-0.1580455,-0.15805468,-0.15800118,-0.120334074,-0.13700745,-0.08858878,-0.15469033,-0.19008024,-0.15469936,-0.2004665,-0.11139822,-0.1388583,-0.13027036,-0.1074974,-0.15152657,-0.15462136,-0.15779975,-0.10065024,-0.08152827,-0.09427856,-0.1546613,-0.11960925,-0.15027548,-0.16982608,-0.1185138,-0.1546753,-0.15805769,-0.17738779,-0.15176103,-0.15470171,-0.25953975,-0.17989698,-0.13525523,-0.1546994,-0.15095688,-0.17780018,-0.2009549,-0.15468329,-0.09015879,-0.15446052,-0.12151222,-0.121854745,-0.13997786,-0.21433522,-0.13908121,-0.16057305,-0.15464152,-0.07092635,-0.15419012,-0.15745088,-0.18733518,-0.15449831,-0.12962724,-0.12334781,-0.14100276,-0.15466684,-0.114095174,-0.25318068,-0.26654312,-0.12895194,-0.10945694,-0.15465948,-0.09238048,-0.20963459,-0.1546996,-0.15799668,-0.1291913,-0.15464234,-0.16015086,-0.1553517,-0.15470311,-0.19704957,-0.20616047,-0.1286909,-0.10460003,-0.11361031,-0.10256614,-0.15469708,-0.19495486,-0.15467761,-0.12912369,-0.15457259,-0.041086134,-0.12967405,-0.15470214,-0.2300741,-0.15468529,-0.10384405,-0.15355054,-0.0784167,-0.15458837,-0.12766197,-0.154604,-0.121451,-0.075820275,-0.09192432,-0.101488546,-0.15448774,-0.15798645,-0.12378413,-0.15456936,-0.1410757,-0.13984437,-0.18093297,-0.1547041,-0.25777104,-0.12844054,-0.1546304,-0.13462572,-0.119081676,-0.1546804,-0.15805939,-0.1580607,-0.1580616,-0.19755594,-0.25103784,-0.20219928,-0.19465852,-0.24831252,-0.20506537,-0.22091979,-0.15469229,-0.12937579,-0.11956477,-0.15468812,-0.15805647,-0.20931396,-0.18224281,-0.1546811,-0.32474133,-0.15470254,-0.15806368,-0.15806282,-0.15806252,-0.2185038,-0.15468058,-0.114121355,-0.15468337,-0.15805188,-0.15805668,-0.22984435,-0.15469751,-0.15804279,-0.08963354,-0.15461718,-0.15802443,-0.15803906,-0.15803963,-0.13302092,-0.1051107,-0.14014931,-0.15141064,-0.15839578,-0.15615125,-0.14613561,-0.15469459,-0.12319561,-0.12969616,-0.15466689,-0.15806353,-0.15806317,-0.15806317,-0.15806359,-0.38518023,-0.11451449,-0.1546723,-0.15564899,-0.14443555,-0.16636807,-0.15469894,-0.15800393,-0.12993515,-0.047159404,-0.15009966,-0.14016809,-0.14106366,-0.15458572,-0.19987361,-0.1649412,-0.17166539,-0.15468135,-0.15802985,-0.12722544,-0.14610182,-0.2588673,-0.1295179,-0.15460168,-0.09132757,-0.12832497,-0.13684332,-0.16221203,-0.15659244,-0.12899332,-0.15449977,-0.15798897,-0.15802747,-0.15805408,-0.15740095,-0.19795567,-0.15106063,-0.07294749,-0.2039893,-0.15467301,-0.15802607,-0.104459345,-0.15435317,-0.17466888,-0.13176009,-0.15467818,-0.15109587,-0.10913184,-0.15454781,-0.05825615,-0.14326635,-0.17082691,-0.15463075,-0.18883844,-0.15470347,-0.31316653,-0.15469609,-0.16808087,-0.14331596,-0.15469739,-0.15806088,-0.25088155,-0.15470377,-0.22115314,-0.07562123,-0.086852394,-0.10702289,-0.060967896,-0.14952564,-0.16796505,-0.15746465,-0.22133875,-0.12812386,-0.0969081,-0.16398169,-0.12716047,-0.11335766,-0.18846886,-0.12968895,-0.17755464,-0.0994983,-0.115196005,-0.1546314,-0.11662802,-0.19749595,-0.14526704,-0.12781724,-0.096878245,-0.15463042,-0.1579065,-0.12434345,-0.11230643,-0.063823454,-0.1545752,-0.11419349,-0.10007019,-0.24483351,-0.15470415,-0.15805447,-0.16344379,-0.1759062,-0.12524253,-0.15469253,-0.0782174,-0.19187105,-0.18185812,-0.09859173,-0.11065883,-0.15443316,-0.15780623,-0.083404,-0.1213824,-0.13072303,-0.13855581,-0.19385117,-0.15467514,-0.15805838,-0.19487974,-0.23847799,-0.2432746,-0.12940522,-0.15454133,-0.15803587,-0.14520228,-0.2961179,-0.15470359,-0.19813283,-0.12960663,-0.15465322,-0.060104962,-0.15931924,-0.15470222,-0.2028091,-0.2868003,-0.11816878,-0.14795661,-0.10060286,-0.15457991,-0.13614628,-0.20725825,-0.17393659,-0.125103,-0.15657571,-0.15690626,-0.15470111,-0.15806025,-0.16221246,-0.22200036,-0.12974875,-0.2814266,-0.1547045,-0.1915083,-0.24371436,-0.16952515,-0.15463597,-0.13369927,-0.12557748,-0.15469864,-0.18106565,-0.15470429,-0.18642783,-0.15466034,-0.30462334,-0.15461734,-0.14691104,-0.13029914,-0.15469408,-0.15805048,-0.18915205,-0.12968244,-0.15469795,-0.10481856,-0.1650517,-0.15469638,-0.15806189,-0.15803942,-0.12932771,-0.1546204,-0.15803537,-0.15802795,-0.15803722,-0.15804338,-0.16505513,-0.17392421,-0.15469277,-0.15805617,-0.15804824,-0.15805659,-0.2025511,-0.15354379,-0.14723541,-0.15391879,-0.11499533,-0.10471026,-0.11893196,-0.15469557,-0.15800068,-0.129648,-0.19501048,-0.15470183,-0.18738703,-0.11705899,-0.17429145,-0.1546941,-0.06652963,-0.15449755,-0.10737923,-0.124497145,-0.15298569,-0.052188452,-0.26007295
k__Bacteria|p__Firmicutes|c__Clostridia|o__Eubacteriales|f__Clostridiaceae|g__Massilioclostridium|s__Massilioclostridium_coli,-0.1004395,-0.12316422,-0.15537727,-0.15872839,-0.15872873,-0.23867357,-0.1666669,-0.16813041,-0.10929718,-0.22895765,-0.23728925,-0.15538302,-0.22850217,-0.3768707,-0.08556121,-0.15489788,-0.058144663,-0.15473899,-0.15865377,-0.19931981,-0.1978925,-0.13027011,-0.15534058,-0.12711628,-0.20043859,-0.11658599,-0.182019,-0.25032333,-0.1509206,-0.1553466,-0.15142563,-0.10844302,-0.18249588,-0.28454733,-0.15536734,-0.13048942,-0.15538014,-0.22338755,-0.15538347,-0.29867563,-0.15538356,-0.29356226,-0.12968738,-0.1552062,-0.13691942,-0.15537685,-0.23188588,-0.24781659,-0.1296162,-0.13049655,-0.24679694,-0.18279888,-0.25087595,-0.26027086,-0.28621647,-0.27511892,-0.11894142,-0.15527928,-0.040142577,-0.056944285,-0.15451407,-0.11274739,-0.13743341,-0.13036287,-0.15535745,-0.15872309,-0.15872845,-0.15872923,-0.27573854,-0.15533628,-0.13036406,-0.16243835,-0.12334165,-0.14074792,-0.15534247,-0.15887658,-0.14481027,-0.13047145,-0.18691605,-0.14998752,-0.15536901,-0.158703,-0.1587165,-0.15863845,-0.120334074,-0.13700745,-0.08858878,-0.15536189,-0.19008024,-0.1553753,-0.2004665,-0.11139822,-0.1388583,-0.13027036,-0.1074974,-0.15152657,-0.15525979,-0.15836541,-0.10065024,-0.08152827,-0.09427856,-0.15531902,-0.11960925,-0.15027548,-0.16982608,-0.1185138,-0.15533912,-0.15872116,-0.17738779,-0.15176103,-0.15537873,-0.25953975,-0.17989698,-0.13525523,-0.15537538,-0.15095688,-0.17780018,-0.2009549,-0.15535119,-0.09015879,-0.1550241,-0.12151222,-0.121854745,-0.13997786,-0.21433522,-0.13908121,-0.16057305,-0.15528996,-0.07092635,-0.1546267,-0.15780325,-0.18733518,-0.15507156,-0.13035154,-0.12334781,-0.14100276,-0.15532692,-0.114095174,-0.25318068,-0.26654312,-0.12949206,-0.10945694,-0.15531631,-0.09238048,-0.20963459,-0.15537563,-0.15862815,-0.12979876,-0.15529042,-0.16015086,-0.1553517,-0.15538085,-0.19704957,-0.20616047,-0.12914258,-0.10460003,-0.11361031,-0.10256614,-0.15537196,-0.19495486,-0.15534365,-0.12970954,-0.15518914,-0.041086134,-0.12967405,-0.15537935,-0.2300741,-0.15535423,-0.10384405,-0.15369326,-0.0784167,-0.15521044,-0.12766197,-0.15523405,-0.121451,-0.075820275,-0.09192432,-0.101488546,-0.15506324,-0.15861607,-0.12378413,-0.15519482,-0.1410757,-0.13984437,-0.18093297,-0.15538228,-0.25777104,-0.12844054,-0.15527499,-0.13462572,-0.119081676,-0.15534739,-0.15872365,-0.1587256,-0.15872693,-0.19755594,-0.25103784,-0.20219928,-0.19465852,-0.24831252,-0.20506537,-0.22091979,-0.15536456,-0.13003129,-0.11956477,-0.15535873,-0.15871933,-0.20931396,-0.18224281,-0.15534854,-0.32474133,-0.15538004,-0.15873006,-0.15872878,-0.15872833,-0.2185038,-0.1553475,-0.114121355,-0.15535101,-0.15871212,-0.15871958,-0.22984435,-0.15537262,-0.15869883,-0.08963354,-0.15525289,-0.1586722,-0.15869309,-0.15869464,-0.13302092,-0.1051107,-0.14014931,-0.15141064,-0.15839578,-0.15615125,-0.14613561,-0.15536833,-0.12319561,-0.13043886,-0.15532617,-0.15872985,-0.1587293,-0.15872931,-0.15872991,-0.38518023,-0.11451449,-0.15533487,-0.15564899,-0.14443555,-0.16636807,-0.15537457,-0.15863934,-0.12993515,-0.047159404,-0.14842315,-0.14016809,-0.14106366,-0.15520543,-0.19987361,-0.1649412,-0.17166539,-0.15534863,-0.15868038,-0.12722544,-0.14610182,-0.2588673,-0.13021538,-0.15523171,-0.09132757,-0.12832497,-0.13684332,-0.16221203,-0.15659244,-0.12956607,-0.15507914,-0.1586194,-0.1586765,-0.15871587,-0.15740095,-0.19795567,-0.15106063,-0.07294749,-0.2039893,-0.15533578,-0.15867475,-0.104459345,-0.15494072,-0.17466888,-0.13176009,-0.1553442,-0.15109587,-0.10913184,-0.15515238,-0.05825615,-0.14326635,-0.17082691,-0.15527272,-0.18883844,-0.15538135,-0.31316653,-0.15537,-0.16808087,-0.14331596,-0.15537235,-0.15872584,-0.25088155,-0.1553818,-0.22115314,-0.07562123,-0.086852394,-0.10702289,-0.060967896,-0.14756843,-0.16796505,-0.15746465,-0.22133875,-0.12812386,-0.0969081,-0.16398169,-0.12716047,-0.11335766,-0.18846886,-0.13043141,-0.17755464,-0.0994983,-0.115196005,-0.1552741,-0.11662802,-0.19749595,-0.14526704,-0.12781724,-0.096878245,-0.15527403,-0.15849787,-0.12434345,-0.11230643,-0.063823454,-0.15519202,-0.11419349,-0.10007019,-0.24483351,-0.15538241,-0.15871617,-0.16344379,-0.1759062,-0.12524253,-0.15536517,-0.0782174,-0.19187105,-0.18185812,-0.09859173,-0.11065883,-0.15498307,-0.1583496,-0.083404,-0.1213824,-0.13072303,-0.13855581,-0.19385117,-0.15533876,-0.15872215,-0.19487974,-0.23847799,-0.2432746,-0.13004665,-0.15514137,-0.15868852,-0.14520228,-0.2961179,-0.15538153,-0.19813283,-0.1303227,-0.15530649,-0.060104962,-0.15931924,-0.15537947,-0.2028091,-0.2868003,-0.11816878,-0.14795661,-0.10060286,-0.15519679,-0.13614628,-0.20725825,-0.17393659,-0.125103,-0.15657571,-0.15690626,-0.15537784,-0.158725,-0.16221246,-0.22200036,-0.1305142,-0.2814266,-0.1553829,-0.1915083,-0.24371436,-0.16952515,-0.15528135,-0.13369927,-0.12557748,-0.15537414,-0.18106565,-0.1553826,-0.18642783,-0.15531659,-0.30462334,-0.15525165,-0.14691104,-0.13029914,-0.15536734,-0.15871045,-0.18915205,-0.13042222,-0.15537325,-0.10481856,-0.1650517,-0.15537068,-0.1587274,-0.15869343,-0.12995693,-0.15525872,-0.15868747,-0.15867668,-0.15869033,-0.1586999,-0.16505513,-0.17392421,-0.15536535,-0.15871891,-0.158707,-0.15871951,-0.2025511,-0.15354379,-0.14723541,-0.15419452,-0.11499533,-0.10471026,-0.11893196,-0.15536962,-0.15863651,-0.13037543,-0.19501048,-0.15537885,-0.18738703,-0.11705899,-0.17429145,-0.15536769,-0.06652963,-0.1550802,-0.10737923,-0.124497145,-0.15298569,-0.052188452,-0.26007295
k__Bacteria|p__Firmicutes|c__Clostridia|o__Eubacteriales|f__Clostridiaceae|g__Clostridium|s__Clostridium_transplantifaecale,-0.1004395,-0.12316422,-0.15494964,-0.15828782,-0.15828809,-0.23867357,-0.1666669,-0.16813041,-0.10929718,-0.22895765,-0.23728925,-0.1549543,-0.22850217,-0.3768707,-0.08556121,-0.1545671,-0.058144663,-0.15444085,-0.1582276,-0.19931981,-0.1978925,-0.12997663,-0.15492016,-0.12711628,-0.20043859,-0.11658599,-0.182019,-0.25032333,-0.1509206,-0.15492475,-0.15142563,-0.10844302,-0.18249588,-0.28454733,-0.15494132,-0.1301573,-0.15495199,-0.22338755,-0.15495464,-0.29867563,-0.15495472,-0.29356226,-0.12950358,-0.15481068,-0.13691942,-0.15494934,-0.23188588,-0.24781659,-0.1296162,-0.13016304,-0.24679694,-0.18279888,-0.25087595,-0.26027086,-0.28621647,-0.27511892,-0.11894142,-0.15487063,-0.040142577,-0.056944285,-0.15425134,-0.11274739,-0.13743341,-0.13005243,-0.15493354,-0.15828358,-0.15828787,-0.15828851,-0.27573854,-0.15491545,-0.13005427,-0.16243835,-0.12334165,-0.14074792,-0.15492168,-0.15887658,-0.14481027,-0.13014267,-0.18691605,-0.14998752,-0.15494302,-0.15826735,-0.15827817,-0.15821289,-0.120334074,-0.13700745,-0.08858878,-0.1549373,-0.19008024,-0.15494809,-0.2004665,-0.11139822,-0.1388583,-0.13027036,-0.1074974,-0.15152657,-0.15485522,-0.15798566,-0.10065024,-0.08152827,-0.09427856,-0.15490288,-0.11960925,-0.15027548,-0.16982608,-0.1185138,-0.1549187,-0.158282,-0.17738779,-0.15176103,-0.15495083,-0.25953975,-0.17989698,-0.13525523,-0.15494815,-0.15095688,-0.17780018,-0.2009549,-0.15492758,-0.09015879,-0.15466656,-0.12151222,-0.121854745,-0.13997786,-0.21433522,-0.13908121,-0.16057305,-0.15487954,-0.07092635,-0.15434656,-0.15753448,-0.18733518,-0.15469852,-0.13004225,-0.12334781,-0.14100276,-0.1549092,-0.114095174,-0.25318068,-0.26654312,-0.12931748,-0.10945694,-0.1549007,-0.09238048,-0.20963459,-0.15494837,-0.15820421,-0.1295801,-0.1548796,-0.16015086,-0.1553517,-0.15495254,-0.19704957,-0.20616047,-0.1290217,-0.10460003,-0.11361031,-0.10256614,-0.15494543,-0.19495486,-0.15492186,-0.12949342,-0.15479901,-0.041086134,-0.12967405,-0.15495129,-0.2300741,-0.15493043,-0.10384405,-0.15359658,-0.0784167,-0.15481511,-0.12766197,-0.15483451,-0.121451,-0.075820275,-0.09192432,-0.101488546,-0.15469688,-0.15819773,-0.12378413,-0.15479961,-0.1410757,-0.13984437,-0.18093297,-0.15495369,-0.25777104,-0.12844054,-0.15486446,-0.13462572,-0.119081676,-0.1549258,-0.15828401,-0.15828557,-0.15828665,-0.19755594,-0.25103784,-0.20219928,-0.19465852,-0.24831252,-0.20506537,-0.22091979,-0.15493909,-0.12977283,-0.11956477,-0.1549348,-0.15828049,-0.20931396,-0.18224281,-0.15492585,-0.32474133,-0.1549519,-0.15828916,-0.15828812,-0.15828778,-0.2185038,-0.15492469,-0.114121355,-0.15492827,-0.15827449,-0.1582807,-0.22984435,-0.15494595,-0.15826301,-0.08963354,-0.15484917,-0.15824285,-0.15825924,-0.15826085,-0.13302092,-0.1051107,-0.14014931,-0.15141064,-0.15839578,-0.15615125,-0.14613561,-0.15494254,-0.12319561,-0.13011605,-0.15490812,-0.15828899,-0.15828854,-0.15828855,-0.15828905,-0.38518023,-0.11451449,-0.15491545,-0.15564899,-0.14443555,-0.16636807,-0.15494743,-0.15821423,-0.12993515,-0.047159404,-0.14930212,-0.14016809,-0.14106366,-0.154811,-0.19987361,-0.1649412,-0.17166539,-0.15492663,-0.15824951,-0.12722544,-0.14610182,-0.2588673,-0.12992898,-0.15483263,-0.09132757,-0.12832497,-0.13684332,-0.16221203,-0.15659244,-0.12936166,-0.1547082,-0.15820006,-0.15824616,-0.15827775,-0.15740095,-0.19795567,-0.15106063,-0.07294749,-0.2039893,-0.154916,-0.15824491,-0.104459345,-0.15456128,-0.17466888,-0.13176009,-0.15492326,-0.15109587,-0.10913184,-0.15476796,-0.05825615,-0.14326635,-0.17082691,-0.1548652,-0.18883844,-0.15495294,-0.31316653,-0.15494354,-0.16808087,-0.14331596,-0.15494572,-0.15828572,-0.25088155,-0.15495329,-0.22115314,-0.07562123,-0.086852394,-0.10702289,-0.060967896,-0.14860708,-0.16796505,-0.15746465,-0.22133875,-0.12812386,-0.0969081,-0.16398169,-0.12716047,-0.11335766,-0.18846886,-0.13010967,-0.17755464,-0.0994983,-0.115196005,-0.15486644,-0.11662802,-0.19749595,-0.14526704,-0.12781724,-0.096878245,-0.15486696,-0.15810227,-0.12434345,-0.11230643,-0.063823454,-0.1548006,-0.11419349,-0.10007019,-0.24483351,-0.15495381,-0.15827757,-0.16344379,-0.1759062,-0.12524253,-0.15493996,-0.0782174,-0.19187105,-0.18185812,-0.09859173,-0.11065883,-0.1546332,-0.15798335,-0.083404,-0.1213824,-0.13072303,-0.13855581,-0.19385117,-0.15491839,-0.15828279,-0.19487974,-0.23847799,-0.2432746,-0.12978809,-0.15475973,-0.15825558,-0.14520228,-0.2961179,-0.1549531,-0.19813283,-0.1300184,-0.15489233,-0.060104962,-0.15931924,-0.1549514,-0.2028091,-0.2868003,-0.11816878,-0.14795661,-0.10060286,-0.15480365,-0.13614628,-0.20725825,-0.17393659,-0.125103,-0.15657571,-0.15690626,-0.15495008,-0.15828511,-0.16221246,-0.22200036,-0.13017732,-0.2814266,-0.15495418,-0.1915083,-0.24371436,-0.16952515,-0.15486956,-0.13369927,-0.12557748,-0.1549471,-0.18106565,-0.15495396,-0.18642783,-0.15489924,-0.30462334,-0.15484774,-0.14691104,-0.13029914,-0.15494165,-0.15827341,-0.18915205,-0.13010249,-0.15494642,-0.10481856,-0.1650517,-0.15494427,-0.158287,-0.15825853,-0.12970641,-0.15485448,-0.15825464,-0.15824604,-0.15825698,-0.15826488,-0.16505513,-0.17392421,-0.15493998,-0.1582802,-0.15827057,-0.15828069,-0.2025511,-0.15354379,-0.14723541,-0.15398726,-0.11499533,-0.10471026,-0.11893196,-0.15494348,-0.15821172,-0.13006541,-0.19501048,-0.1549509,-0.18738703,-0.11705899,-0.17429145,-0.15494137,-0.06652963,-0.15471171,-0.10737923,-0.124497145,-0.15298569,-0.052188452,-0.26007295
k__Bacteria|p__Firmicutes|c__Clostridia|o__Eubacteriales|f__Lachnospiraceae|g__GGB3385|s__GGB3385_SGB4471,-0.1004395,-0.12316422,-0.15509133,-0.15830515,-0.1583055,-0.23867357,-0.1666669,-0.16813041,-0.10929718,-0.22895765,-0.23728925,-0.15509698,-0.22850217,-0.3768707,-0.08556121,-0.15461528,-0.058144663,-0.1544556,-0.15823188,-0.19931981,-0.1978925,-0.13099195,-0.15505508,-0.12711628,-0.20043859,-0.11658599,-0.182019,-0.25032333,-0.1509206,-0.15506144,-0.15142563,-0.10844302,-0.18249588,-0.28454733,-0.15508157,-0.13122174,-0.15509412,-0.22338755,-0.15509742,-0.29867563,-0.15509748,-0.29356226,-0.1303785,-0.15492484,-0.13691942,-0.15509085,-0.23188588,-0.24781659,-0.1296162,-0.1312294,-0.24679694,-0.18279888,-0.25087595,-0.26027086,-0.28621647,-0.27511892,-0.11894142,-0.15499419,-0.040142577,-0.056944285,-0.15424964,-0.11274739,-0.13743341,-0.13108878,-0.15507203,-0.15829991,-0.15830524,-0.15830599,-0.27573854,-0.15505081,-0.1310927,-0.16243835,-0.12334165,-0.14074792,-0.15505701,-0.15887658,-0.14481027,-0.131203,-0.18691605,-0.14998752,-0.15508313,-0.15828015,-0.15829359,-0.1582179,-0.120334074,-0.13700745,-0.08858878,-0.15507609,-0.19008024,-0.15508933,-0.2004665,-0.11139822,-0.1388583,-0.13027036,-0.1074974,-0.15152657,-0.15497509,-0.15794569,-0.10065024,-0.08152827,-0.09427856,-0.15503356,-0.11960925,-0.15027548,-0.16982608,-0.1185138,-0.15505409,-0.15829805,-0.17738779,-0.15176103,-0.15509276,-0.25953975,-0.17989698,-0.13525523,-0.1550894,-0.15095688,-0.17780018,-0.2009549,-0.15506631,-0.09015879,-0.15474042,-0.12151222,-0.121854745,-0.13997786,-0.21433522,-0.13908121,-0.16057305,-0.15500464,-0.07092635,-0.15435156,-0.15741204,-0.18733518,-0.15479875,-0.13107151,-0.12334781,-0.14100276,-0.15504155,-0.114095174,-0.25318068,-0.26654312,-0.13013697,-0.10945694,-0.1550309,-0.09238048,-0.20963459,-0.15508966,-0.15821007,-0.13047214,-0.1550061,-0.16015086,-0.1553517,-0.15509483,-0.19704957,-0.20616047,-0.12977847,-0.10460003,-0.11361031,-0.10256614,-0.15508598,-0.19495486,-0.15505812,-0.13037011,-0.15490496,-0.041086134,-0.12967405,-0.15509343,-0.2300741,-0.15506881,-0.10384405,-0.1534226,-0.0784167,-0.15492669,-0.12766197,-0.15494967,-0.121451,-0.075820275,-0.09192432,-0.101488546,-0.15477948,-0.15819371,-0.12378413,-0.15491445,-0.1410757,-0.13984437,-0.18093297,-0.15509623,-0.25777104,-0.12844054,-0.15499035,-0.13462572,-0.119081676,-0.15506148,-0.15830047,-0.15830243,-0.15830372,-0.19755594,-0.25103784,-0.20219928,-0.19465852,-0.24831252,-0.20506537,-0.22091979,-0.155079,-0.13072114,-0.11956477,-0.15507291,-0.15829629,-0.20931396,-0.18224281,-0.15506318,-0.32474133,-0.15509401,-0.15830679,-0.15830553,-0.15830508,-0.2185038,-0.15506202,-0.114121355,-0.15506579,-0.15828958,-0.15829651,-0.22984435,-0.1550866,-0.15827584,-0.08963354,-0.1549688,-0.15824921,-0.15827072,-0.15827154,-0.13302092,-0.1051107,-0.14014931,-0.15141064,-0.15839578,-0.15615125,-0.14613561,-0.15508232,-0.12319561,-0.13117103,-0.15504184,-0.1583066,-0.15830606,-0.15830606,-0.15830664,-0.38518023,-0.11451449,-0.15504968,-0.15564899,-0.14443555,-0.16636807,-0.15508874,-0.15821964,-0.12993515,-0.047159404,-0.1483767,-0.14016809,-0.14106366,-0.15492296,-0.19987361,-0.1649412,-0.17166539,-0.15506297,-0.1582572,-0.12722544,-0.14610182,-0.2588673,-0.13092569,-0.15494671,-0.09132757,-0.12832497,-0.13684332,-0.16221203,-0.15659244,-0.13018776,-0.15479729,-0.15819727,-0.15825376,-0.15829277,-0.15740095,-0.19795567,-0.15106063,-0.07294749,-0.2039893,-0.15505081,-0.1582515,-0.104459345,-0.1546418,-0.17466888,-0.13176009,-0.1550583,-0.15109587,-0.10913184,-0.15486823,-0.05825615,-0.14326635,-0.17082691,-0.15498888,-0.18883844,-0.15509534,-0.31316653,-0.15508445,-0.16808087,-0.14331596,-0.15508646,-0.15830271,-0.25088155,-0.15509579,-0.22115314,-0.07562123,-0.086852394,-0.10702289,-0.060967896,-0.14752421,-0.16796505,-0.15746465,-0.22133875,-0.12812386,-0.0969081,-0.16398169,-0.12716047,-0.11335766,-0.18846886,-0.1311617,-0.17755464,-0.0994983,-0.115196005,-0.15498988,-0.11662802,-0.19749595,-0.14526704,-0.12781724,-0.096878245,-0.15498829,-0.1580767,-0.12434345,-0.11230643,-0.063823454,-0.15490767,-0.11419349,-0.10007019,-0.24483351,-0.15509635,-0.15829349,-0.16344379,-0.1759062,-0.12524253,-0.1550793,-0.0782174,-0.19187105,-0.18185812,-0.09859173,-0.11065883,-0.15470093,-0.15793106,-0.083404,-0.1213824,-0.13072303,-0.13855581,-0.19385117,-0.15505384,-0.158299,-0.19487974,-0.23847799,-0.2432746,-0.13075918,-0.1548582,-0.15826611,-0.14520228,-0.2961179,-0.15509552,-0.19813283,-0.13104449,-0.15502185,-0.060104962,-0.15931924,-0.1550935,-0.2028091,-0.2868003,-0.11816878,-0.14795661,-0.10060286,-0.15491456,-0.13614628,-0.20725825,-0.17393659,-0.125103,-0.15657571,-0.15690626,-0.15509187,-0.1583018,-0.16221246,-0.22200036,-0.1312472,-0.2814266,-0.15509683,-0.1915083,-0.24371436,-0.16952515,-0.15499817,-0.13369927,-0.12557748,-0.15508828,-0.18106565,-0.15509655,-0.18642783,-0.15503278,-0.30462334,-0.1549693,-0.14691104,-0.13029914,-0.15508156,-0.1582874,-0.18915205,-0.13115239,-0.15508729,-0.10481856,-0.1650517,-0.15508497,-0.15830418,-0.1582714,-0.1306465,-0.15497383,-0.15826532,-0.15825434,-0.15826803,-0.1582769,-0.16505513,-0.17392421,-0.15507971,-0.15829578,-0.15828419,-0.15829638,-0.2025511,-0.15354379,-0.14723541,-0.15394813,-0.11499533,-0.10471026,-0.11893196,-0.15508379,-0.15821636,-0.13110366,-0.19501048,-0.15509294,-0.18738703,-0.11705899,-0.17429145,-0.15508199,-0.06652963,-0.15479642,-0.10737923,-0.124497145,-0.15298569,-0.052188452,-0.26007295
k__Bacteria|p__Firmicutes|c__Clostridia|o__Eubacteriales|f__Lachnospiraceae|g__GGB3385|s__GGB3385_SGB4473,-0.1004395,-0.12316422,-0.1553053,-0.1585872,-0.15858757,-0.23867357,-0.1666669,-0.16813041,-0.10929718,-0.22895765,-0.23728925,-0.1553115,-0.22850217,-0.3768707,-0.08556121,-0.15478542,-0.058144663,-0.15461197,-0.15850662,-0.19931981,-0.1978925,-0.130687,-0.15526542,-0.12711628,-0.20043859,-0.11658599,-0.182019,-0.25032333,-0.1509206,-0.15527199,-0.15142563,-0.10844302,-0.18249588,-0.28454733,-0.15529406,-0.13093099,-0.1553084,-0.22338755,-0.15531197,-0.29867563,-0.15531206,-0.29356226,-0.13004182,-0.15512028,-0.13691942,-0.15530479,-0.23188588,-0.24781659,-0.1296162,-0.13093889,-0.24679694,-0.18279888,-0.25087595,-0.26027086,-0.28621647,-0.27511892,-0.11894142,-0.15519911,-0.040142577,-0.056944285,-0.15437463,-0.11274739,-0.13743341,-0.13079032,-0.15528393,-0.15858145,-0.15858728,-0.15858811,-0.27573854,-0.15526015,-0.13079298,-0.16243835,-0.12334165,-0.14074792,-0.15526757,-0.15887658,-0.14481027,-0.13091063,-0.18691605,-0.14998752,-0.15529636,-0.15855974,-0.15857442,-0.15848702,-0.120334074,-0.13700745,-0.08858878,-0.15528859,-0.19008024,-0.15530312,-0.2004665,-0.11139822,-0.1388583,-0.13027036,-0.1074974,-0.15152657,-0.15517786,-0.15817806,-0.10065024,-0.08152827,-0.09427856,-0.15524197,-0.11960925,-0.15027548,-0.16982608,-0.1185138,-0.15526402,-0.15857935,-0.17738779,-0.15176103,-0.15530685,-0.25953975,-0.17989698,-0.13525523,-0.15530318,-0.15095688,-0.17780018,-0.2009549,-0.15527646,-0.09015879,-0.15492192,-0.12151222,-0.121854745,-0.13997786,-0.21433522,-0.13908121,-0.16057305,-0.15521044,-0.07092635,-0.15449329,-0.15759364,-0.18733518,-0.15497616,-0.13077632,-0.12334781,-0.14100276,-0.1552507,-0.114095174,-0.25318068,-0.26654312,-0.12982039,-0.10945694,-0.15523909,-0.09238048,-0.20963459,-0.15530348,-0.15847738,-0.13015985,-0.15521142,-0.16015086,-0.1553517,-0.15530914,-0.19704957,-0.20616047,-0.12944996,-0.10460003,-0.11361031,-0.10256614,-0.15529948,-0.19495486,-0.15526767,-0.13005666,-0.15510093,-0.041086134,-0.12967405,-0.15530753,-0.2300741,-0.15527928,-0.10384405,-0.15347959,-0.0784167,-0.15512493,-0.12766197,-0.15515007,-0.121451,-0.075820275,-0.09192432,-0.101488546,-0.15496463,-0.15846533,-0.12378413,-0.15510434,-0.1410757,-0.13984437,-0.18093297,-0.15531069,-0.25777104,-0.12844054,-0.15519221,-0.13462572,-0.119081676,-0.1552728,-0.15858206,-0.1585842,-0.15858564,-0.19755594,-0.25103784,-0.20219928,-0.19465852,-0.24831252,-0.20506537,-0.22091979,-0.15529133,-0.13041633,-0.11956477,-0.1552851,-0.15857738,-0.20931396,-0.18224281,-0.15527374,-0.32474133,-0.15530825,-0.158589,-0.15858762,-0.15858713,-0.2185038,-0.15527284,-0.114121355,-0.15527704,-0.15856977,-0.15857765,-0.22984435,-0.1553002,-0.15855527,-0.08963354,-0.15517086,-0.15852617,-0.15854913,-0.1585505,-0.13302092,-0.1051107,-0.14014931,-0.15141064,-0.15839578,-0.15615125,-0.14613561,-0.15529549,-0.12319561,-0.13087524,-0.15525034,-0.15858877,-0.15858819,-0.15858819,-0.15858883,-0.38518023,-0.11451449,-0.15525943,-0.15564899,-0.14443555,-0.16636807,-0.15530238,-0.15849054,-0.12993515,-0.047159404,-0.14783466,-0.14016809,-0.14106366,-0.15511966,-0.19987361,-0.1649412,-0.17166539,-0.15527418,-0.15853493,-0.12722544,-0.14610182,-0.2588673,-0.13062447,-0.15514725,-0.09132757,-0.12832497,-0.13684332,-0.16221203,-0.15659244,-0.12990586,-0.1549834,-0.1584691,-0.15853088,-0.15857363,-0.15740095,-0.19795567,-0.15106063,-0.07294749,-0.2039893,-0.15526052,-0.15852888,-0.104459345,-0.15482716,-0.17466888,-0.13176009,-0.15526925,-0.15109587,-0.10913184,-0.15506154,-0.05825615,-0.14326635,-0.17082691,-0.15519238,-0.18883844,-0.1553097,-0.31316653,-0.15529749,-0.16808087,-0.14331596,-0.15529993,-0.15858446,-0.25088155,-0.15531018,-0.22115314,-0.07562123,-0.086852394,-0.10702289,-0.060967896,-0.1469065,-0.16796505,-0.15746465,-0.22133875,-0.12812386,-0.0969081,-0.16398169,-0.12716047,-0.11335766,-0.18846886,-0.13086629,-0.17755464,-0.0994983,-0.115196005,-0.15519366,-0.11662802,-0.19749595,-0.14526704,-0.12781724,-0.096878245,-0.15519303,-0.15833715,-0.12434345,-0.11230643,-0.063823454,-0.1551045,-0.11419349,-0.10007019,-0.24483351,-0.15531081,-0.1585736,-0.16344379,-0.1759062,-0.12524253,-0.15529211,-0.0782174,-0.19187105,-0.18185812,-0.09859173,-0.11065883,-0.15487769,-0.15817666,-0.083404,-0.1213824,-0.13072303,-0.13855581,-0.19385117,-0.15526378,-0.15858042,-0.19487974,-0.23847799,-0.2432746,-0.13044485,-0.15504973,-0.15854411,-0.14520228,-0.2961179,-0.15530989,-0.19813283,-0.13074471,-0.15522876,-0.060104962,-0.15931924,-0.15530765,-0.2028091,-0.2868003,-0.11816878,-0.14795661,-0.10060286,-0.15511017,-0.13614628,-0.20725825,-0.17393659,-0.125103,-0.15657571,-0.15690626,-0.15530586,-0.15858352,-0.16221246,-0.22200036,-0.13095818,-0.2814266,-0.15531136,-0.1915083,-0.24371436,-0.16952515,-0.15519877,-0.13369927,-0.12557748,-0.1553019,-0.18106565,-0.15531103,-0.18642783,-0.1552389,-0.30462334,-0.15517002,-0.14691104,-0.13029914,-0.15529454,-0.15856776,-0.18915205,-0.13085595,-0.15530086,-0.10481856,-0.1650517,-0.1552982,-0.15858613,-0.15854812,-0.13033597,-0.1551766,-0.15854311,-0.15853135,-0.15854618,-0.15855634,-0.16505513,-0.17392421,-0.15529242,-0.1585769,-0.15856408,-0.15857759,-0.2025511,-0.15354379,-0.14723541,-0.15403447,-0.11499533,-0.10471026,-0.11893196,-0.15529698,-0.15848583,-0.13080499,-0.19501048,-0.15530702,-0.18738703,-0.11705899,-0.17429145,-0.15529399,-0.06652963,-0.1549828,-0.10737923,-0.124497145,-0.15298569,-0.052188452,-0.26007295
k__Bacteria|p__Firmicutes|c__Clostridia|o__Eubacteriales|f__Lachnospiraceae|g__GGB34476|s__GGB34476_SGB65958,-0.1004395,-0.12316422,-0.15452561,-0.15781134,-0.15781158,-0.23867357,-0.1666669,-0.16813041,-0.10929718,-0.22895765,-0.23728925,-0.15452966,-0.22850217,-0.3768707,-0.08556121,-0.15419035,-0.058144663,-0.15407678,-0.15775901,-0.19931981,-0.1978925,-0.1299636,-0.15449981,-0.12711628,-0.20043859,-0.11658599,-0.182019,-0.25032333,-0.1509206,-0.15450403,-0.15142563,-0.10844302,-0.18249588,-0.28454733,-0.15451849,-0.1301223,-0.15452763,-0.22338755,-0.15452996,-0.29867563,-0.15453002,-0.29356226,-0.12953825,-0.15440544,-0.13691942,-0.15452531,-0.23188588,-0.24781659,-0.1296162,-0.13012739,-0.24679694,-0.18279888,-0.25087595,-0.26027086,-0.28621647,-0.27511892,-0.11894142,-0.15445668,-0.040142577,-0.056944285,-0.1539188,-0.11274739,-0.13743341,-0.13003062,-0.15451169,-0.15780762,-0.15781137,-0.15781194,-0.27573854,-0.15449673,-0.130032,-0.16243835,-0.12334165,-0.14074792,-0.15450111,-0.15887658,-0.14481027,-0.13010931,-0.18691605,-0.14998752,-0.15451981,-0.15779346,-0.157803,-0.15774809,-0.120334074,-0.13700745,-0.08858878,-0.15451479,-0.19008024,-0.1545242,-0.2004665,-0.11139822,-0.1388583,-0.13027036,-0.1074974,-0.15152657,-0.15444288,-0.15755616,-0.10065024,-0.08152827,-0.09427856,-0.15448461,-0.11960925,-0.15027548,-0.16982608,-0.1185138,-0.15449885,-0.15780625,-0.17738779,-0.15176103,-0.15452662,-0.25953975,-0.17989698,-0.13525523,-0.15452427,-0.15095688,-0.17780018,-0.2009549,-0.15450719,-0.09015879,-0.1542769,-0.12151222,-0.121854745,-0.13997786,-0.21433522,-0.13908121,-0.16057305,-0.15446416,-0.07092635,-0.15399867,-0.15716174,-0.18733518,-0.15431134,-0.13002104,-0.12334781,-0.14100276,-0.1544902,-0.114095174,-0.25318068,-0.26654312,-0.12938926,-0.10945694,-0.15448269,-0.09238048,-0.20963459,-0.15452445,-0.15774131,-0.12961301,-0.1544648,-0.16015086,-0.1553517,-0.15452811,-0.19704957,-0.20616047,-0.12914144,-0.10460003,-0.11361031,-0.10256614,-0.15452187,-0.19495486,-0.15450174,-0.12954673,-0.15439339,-0.041086134,-0.12967405,-0.15452707,-0.2300741,-0.15450926,-0.10384405,-0.15334436,-0.0784167,-0.1544087,-0.12766197,-0.15442488,-0.121451,-0.075820275,-0.09192432,-0.101488546,-0.15430436,-0.15773231,-0.12378413,-0.15439875,-0.1410757,-0.13984437,-0.18093297,-0.15452912,-0.25777104,-0.12844054,-0.15445371,-0.13462572,-0.119081676,-0.15450458,-0.157808,-0.15780938,-0.15781033,-0.19755594,-0.25103784,-0.20219928,-0.19465852,-0.24831252,-0.20506537,-0.22091979,-0.15451664,-0.12978406,-0.11956477,-0.15451255,-0.15780497,-0.20931396,-0.18224281,-0.15450534,-0.32474133,-0.15452754,-0.1578125,-0.15781161,-0.1578113,-0.2185038,-0.15450491,-0.114121355,-0.15450719,-0.15779993,-0.15780516,-0.22984435,-0.15452231,-0.15779084,-0.08963354,-0.15443832,-0.1577718,-0.15778653,-0.15778759,-0.13302092,-0.1051107,-0.14014931,-0.15141064,-0.15839578,-0.15615125,-0.14613561,-0.1545193,-0.12319561,-0.13008626,-0.1544897,-0.15781237,-0.15781197,-0.15781197,-0.15781239,-0.38518023,-0.11451449,-0.15449578,-0.15564899,-0.14443555,-0.16636807,-0.1545237,-0.15774867,-0.12993515,-0.047159404,-0.14964634,-0.14016809,-0.14106366,-0.15440476,-0.19987361,-0.1649412,-0.17166539,-0.15450543,-0.15777749,-0.12722544,-0.14610182,-0.2588673,-0.12992205,-0.15442313,-0.09132757,-0.12832497,-0.13684332,-0.16221203,-0.15659244,-0.12943426,-0.15431651,-0.15773466,-0.15777484,-0.15780254,-0.15740095,-0.19795567,-0.15106063,-0.07294749,-0.2039893,-0.15449643,-0.1577736,-0.104459345,-0.15421516,-0.17466888,-0.13176009,-0.1545023,-0.15109587,-0.10913184,-0.15436763,-0.05825615,-0.14326635,-0.17082691,-0.15445209,-0.18883844,-0.15452847,-0.31316653,-0.1545205,-0.16808087,-0.14331596,-0.15452215,-0.15780956,-0.25088155,-0.1545288,-0.22115314,-0.07562123,-0.086852394,-0.10702289,-0.060967896,-0.14903945,-0.16796505,-0.15746465,-0.22133875,-0.12812386,-0.0969081,-0.16398169,-0.12716047,-0.11335766,-0.18846886,-0.1300804,-0.17755464,-0.0994983,-0.115196005,-0.15445304,-0.11662802,-0.19749595,-0.14526704,-0.12781724,-0.096878245,-0.15445292,-0.15764908,-0.12434345,-0.11230643,-0.063823454,-0.15439546,-0.11419349,-0.10007019,-0.24483351,-0.15452921,-0.15780273,-0.16344379,-0.1759062,-0.12524253,-0.15451708,-0.0782174,-0.19187105,-0.18185812,-0.09859173,-0.11065883,-0.15424807,-0.15754485,-0.083404,-0.1213824,-0.13072303,-0.13855581,-0.19385117,-0.15449855,-0.15780695,-0.19487974,-0.23847799,-0.2432746,-0.12980302,-0.15435961,-0.15778331,-0.14520228,-0.2961179,-0.15452862,-0.19813283,-0.13000137,-0.15447584,-0.060104962,-0.15931924,-0.15452714,-0.2028091,-0.2868003,-0.11816878,-0.14795661,-0.10060286,-0.15439871,-0.13614628,-0.20725825,-0.17393659,-0.125103,-0.15657571,-0.15690626,-0.154526,-0.15780894,-0.16221246,-0.22200036,-0.13013992,-0.2814266,-0.15452956,-0.1915083,-0.24371436,-0.16952515,-0.15445827,-0.13369927,-0.12557748,-0.1545234,-0.18106565,-0.15452936,-0.18642783,-0.15448296,-0.30462334,-0.1544373,-0.14691104,-0.13029914,-0.15451863,-0.15779871,-0.18915205,-0.13007404,-0.15452276,-0.10481856,-0.1650517,-0.15452097,-0.15781064,-0.1577867,-0.12973286,-0.15444215,-0.15778261,-0.15777501,-0.15778461,-0.15779138,-0.16505513,-0.17392421,-0.15451723,-0.15780467,-0.1577963,-0.15780509,-0.2025511,-0.15354379,-0.14723541,-0.15369475,-0.11499533,-0.10471026,-0.11893196,-0.15452021,-0.15774675,-0.13004068,-0.19501048,-0.15452673,-0.18738703,-0.11705899,-0.17429145,-0.15451881,-0.06652963,-0.15431699,-0.10737923,-0.124497145,-0.15298569,-0.052188452,-0.26007295
k__Bacteria|p__Firmicutes|c__CFGB3012|o__OFGB3012|f__FGB3012|g__GGB9480|s__GGB9480_SGB14873,-0.1004395,-0.12316422,-0.1554083,-0.15868667,-0.15868697,-0.23867357,-0.1666669,-0.16813041,-0.10929718,-0.22895765,-0.23728925,-0.15541331,-0.22850217,-0.3768707,-0.08556121,-0.15499023,-0.058144663,-0.15484521,-0.15862168,-0.19931981,-0.1978925,-0.13086124,-0.15537614,-0.12711628,-0.20043859,-0.11658599,-0.182019,-0.25032333,-0.1509206,-0.15538165,-0.15142563,-0.10844302,-0.18249588,-0.28454733,-0.15539968,-0.13105959,-0.15541078,-0.22338755,-0.1554137,-0.29867563,-0.15541378,-0.29356226,-0.13032976,-0.15526016,-0.13691942,-0.15540788,-0.23188588,-0.24781659,-0.1296162,-0.13106614,-0.24679694,-0.18279888,-0.25087595,-0.26027086,-0.28621647,-0.27511892,-0.11894142,-0.15532234,-0.040142577,-0.056944285,-0.1546582,-0.11274739,-0.13743341,-0.13094555,-0.15539114,-0.15868202,-0.15868676,-0.15868741,-0.27573854,-0.15537286,-0.13094741,-0.16243835,-0.12334165,-0.14074792,-0.15537776,-0.15887658,-0.14481027,-0.13104334,-0.18691605,-0.14998752,-0.15540105,-0.15866446,-0.15867639,-0.15860999,-0.120334074,-0.13700745,-0.08858878,-0.15539476,-0.19008024,-0.15540653,-0.2004665,-0.11139822,-0.1388583,-0.13027036,-0.1074974,-0.15152657,-0.15530509,-0.15837514,-0.10065024,-0.08152827,-0.09427856,-0.1553571,-0.11960925,-0.15027548,-0.16982608,-0.1185138,-0.1553752,-0.15868033,-0.17738779,-0.15176103,-0.15540957,-0.25953975,-0.17989698,-0.13525523,-0.15540658,-0.15095688,-0.17780018,-0.2009549,-0.15538618,-0.09015879,-0.15509725,-0.12151222,-0.121854745,-0.13997786,-0.21433522,-0.13908121,-0.16057305,-0.15533146,-0.07092635,-0.15475276,-0.1578897,-0.18733518,-0.15514737,-0.1309333,-0.12334781,-0.14100276,-0.15536413,-0.114095174,-0.25318068,-0.26654312,-0.13014576,-0.10945694,-0.15535465,-0.09238048,-0.20963459,-0.15540682,-0.15860169,-0.13042456,-0.1553328,-0.16015086,-0.1553517,-0.1554114,-0.19704957,-0.20616047,-0.12983288,-0.10460003,-0.11361031,-0.10256614,-0.15540355,-0.19495486,-0.155379,-0.13034198,-0.1552431,-0.041086134,-0.12967405,-0.15541016,-0.2300741,-0.15538833,-0.10384405,-0.15393849,-0.0784167,-0.15526278,-0.12766197,-0.15528268,-0.121451,-0.075820275,-0.09192432,-0.101488546,-0.15513244,-0.1585879,-0.12378413,-0.15525386,-0.1410757,-0.13984437,-0.18093297,-0.15541264,-0.25777104,-0.12844054,-0.1553196,-0.13462572,-0.119081676,-0.15538186,-0.15868253,-0.15868424,-0.1586854,-0.19755594,-0.25103784,-0.20219928,-0.19465852,-0.24831252,-0.20506537,-0.22091979,-0.15539737,-0.13063811,-0.11956477,-0.15539193,-0.15867877,-0.20931396,-0.18224281,-0.1553835,-0.32474133,-0.15541068,-0.15868813,-0.158687,-0.15868661,-0.2185038,-0.15538284,-0.114121355,-0.15538561,-0.15867276,-0.15867901,-0.22984435,-0.1554041,-0.15866144,-0.08963354,-0.1552998,-0.15863708,-0.158656,-0.15865687,-0.13302092,-0.1051107,-0.14014931,-0.15141064,-0.15839578,-0.15615125,-0.14613561,-0.1554003,-0.12319561,-0.13101484,-0.15536413,-0.15868795,-0.15868747,-0.15868747,-0.158688,-0.38518023,-0.11451449,-0.15537125,-0.15564899,-0.14443555,-0.16636807,-0.15540598,-0.15861043,-0.12993515,-0.047159404,-0.14941394,-0.14016809,-0.14106366,-0.15525836,-0.19987361,-0.1649412,-0.17166539,-0.15538311,-0.15864412,-0.12722544,-0.14610182,-0.2588673,-0.13080938,-0.15528035,-0.09132757,-0.12832497,-0.13684332,-0.16221203,-0.15659244,-0.13020259,-0.1551487,-0.15859106,-0.15864107,-0.1586757,-0.15740095,-0.19795567,-0.15106063,-0.07294749,-0.2039893,-0.15537222,-0.15863922,-0.104459345,-0.15502563,-0.17466888,-0.13176009,-0.15537897,-0.15109587,-0.10913184,-0.15521169,-0.05825615,-0.14326635,-0.17082691,-0.15531713,-0.18883844,-0.15541187,-0.31316653,-0.15540218,-0.16808087,-0.14331596,-0.15540394,-0.15868449,-0.25088155,-0.15541226,-0.22115314,-0.07562123,-0.086852394,-0.10702289,-0.060967896,-0.14865772,-0.16796505,-0.15746465,-0.22133875,-0.12812386,-0.0969081,-0.16398169,-0.12716047,-0.11335766,-0.18846886,-0.13100742,-0.17755464,-0.0994983,-0.115196005,-0.15531814,-0.11662802,-0.19749595,-0.14526704,-0.12781724,-0.096878245,-0.15531713,-0.15848431,-0.12434345,-0.11230643,-0.063823454,-0.155246,-0.11419349,-0.10007019,-0.24483351,-0.15541276,-0.15867628,-0.16344379,-0.1759062,-0.12524253,-0.1553976,-0.0782174,-0.19187105,-0.18185812,-0.09859173,-0.11065883,-0.15506187,-0.15835464,-0.083404,-0.1213824,-0.13072303,-0.13855581,-0.19385117,-0.15537491,-0.15868118,-0.19487974,-0.23847799,-0.2432746,-0.13065988,-0.15520155,-0.15865195,-0.14520228,-0.2961179,-0.155412,-0.19813283,-0.13090855,-0.15534665,-0.060104962,-0.15931924,-0.15541023,-0.2028091,-0.2868003,-0.11816878,-0.14795661,-0.10060286,-0.15525115,-0.13614628,-0.20725825,-0.17393659,-0.125103,-0.15657571,-0.15690626,-0.15540877,-0.15868369,-0.16221246,-0.22200036,-0.13108182,-0.2814266,-0.15541321,-0.1915083,-0.24371436,-0.16952515,-0.15532619,-0.13369927,-0.12557748,-0.15540558,-0.18106565,-0.15541294,-0.18642783,-0.15535647,-0.30462334,-0.15529948,-0.14691104,-0.13029914,-0.1553996,-0.15867092,-0.18915205,-0.13099921,-0.15540472,-0.10481856,-0.1650517,-0.15540262,-0.1586858,-0.15865685,-0.1305724,-0.15530406,-0.15865123,-0.15864158,-0.15865366,-0.15866172,-0.16505513,-0.17392421,-0.15539795,-0.15867834,-0.15866801,-0.15867887,-0.2025511,-0.15354379,-0.14723541,-0.15438792,-0.11499533,-0.10471026,-0.11893196,-0.15540159,-0.158608,-0.13095693,-0.19501048,-0.15540972,-0.18738703,-0.11705899,-0.17429145,-0.15540013,-0.06652963,-0.15514758,-0.10737923,-0.124497145,-0.15298569,-0.052188452,-0.26007295
k__Bacteria|p__Firmicutes|c__CFGB6261|o__OFGB6261|f__FGB6261|g__GGB74510|s__GGB74510_SGB47635,-0.1004395,-0.12316422,-0.15547754,-0.15874463,-0.15874502,-0.23867357,-0.1666669,-0.16813041,-0.10929718,-0.22895765,-0.23728925,-0.15548384,-0.22850217,-0.3768707,-0.08556121,-0.15495917,-0.058144663,-0.1547822,-0.15866324,-0.19931981,-0.1978925,-0.13096385,-0.15543747,-0.12711628,-0.20043859,-0.11658599,-0.182019,-0.25032333,-0.1509206,-0.15544398,-0.15142563,-0.10844302,-0.18249588,-0.28454733,-0.15546635,-0.13121355,-0.15548068,-0.22338755,-0.15548432,-0.29867563,-0.15548441,-0.29356226,-0.13029826,-0.15529054,-0.13691942,-0.15547708,-0.23188588,-0.24781659,-0.1296162,-0.13122152,-0.24679694,-0.18279888,-0.25087595,-0.26027086,-0.28621647,-0.27511892,-0.11894142,-0.1553703,-0.040142577,-0.056944285,-0.15453461,-0.11274739,-0.13743341,-0.13106771,-0.15545586,-0.15873885,-0.15874472,-0.15874556,-0.27573854,-0.15543169,-0.1310718,-0.16243835,-0.12334165,-0.14074792,-0.1554395,-0.15887658,-0.14481027,-0.13119322,-0.18691605,-0.14998752,-0.15546852,-0.15871686,-0.15873162,-0.15864535,-0.120334074,-0.13700745,-0.08858878,-0.15546072,-0.19008024,-0.15547538,-0.2004665,-0.11139822,-0.1388583,-0.13027036,-0.1074974,-0.15152657,-0.15534893,-0.15833874,-0.10065024,-0.08152827,-0.09427856,-0.15541384,-0.11960925,-0.15027548,-0.16982608,-0.1185138,-0.15543589,-0.15873674,-0.17738779,-0.15176103,-0.15547913,-0.25953975,-0.17989698,-0.13525523,-0.15547547,-0.15095688,-0.17780018,-0.2009549,-0.1554485,-0.09015879,-0.15509129,-0.12151222,-0.121854745,-0.13997786,-0.21433522,-0.13908121,-0.16057305,-0.155382,-0.07092635,-0.15466034,-0.15773433,-0.18733518,-0.15514404,-0.13105041,-0.12334781,-0.14100276,-0.1554225,-0.114095174,-0.25318068,-0.26654312,-0.13005021,-0.10945694,-0.15541084,-0.09238048,-0.20963459,-0.15547574,-0.15863492,-0.13040587,-0.15538302,-0.16015086,-0.1553517,-0.15548144,-0.19704957,-0.20616047,-0.12967049,-0.10460003,-0.11361031,-0.10256614,-0.15547174,-0.19495486,-0.15544015,-0.13029422,-0.15527257,-0.041086134,-0.12967405,-0.15547982,-0.2300741,-0.15545186,-0.10384405,-0.15364385,-0.0784167,-0.15529563,-0.12766197,-0.15532091,-0.121451,-0.075820275,-0.09192432,-0.101488546,-0.15513304,-0.15862182,-0.12378413,-0.15528026,-0.1410757,-0.13984437,-0.18093297,-0.15548302,-0.25777104,-0.12844054,-0.15536407,-0.13462572,-0.119081676,-0.15544489,-0.15873945,-0.1587416,-0.15874305,-0.19755594,-0.25103784,-0.20219928,-0.19465852,-0.24831252,-0.20506537,-0.22091979,-0.15546352,-0.13067144,-0.11956477,-0.15545729,-0.15873472,-0.20931396,-0.18224281,-0.15544575,-0.32474133,-0.15548056,-0.15874645,-0.15874505,-0.15874457,-0.2185038,-0.15544492,-0.114121355,-0.15544887,-0.15872686,-0.15873502,-0.22984435,-0.15547244,-0.158712,-0.08963354,-0.15534163,-0.15868318,-0.15870605,-0.15870774,-0.13302092,-0.1051107,-0.14014931,-0.15141064,-0.15839578,-0.15615125,-0.14613561,-0.15546778,-0.12319561,-0.1311571,-0.1554217,-0.15874623,-0.15874563,-0.15874565,-0.1587463,-0.38518023,-0.11451449,-0.15543118,-0.15564899,-0.14443555,-0.16636807,-0.15547459,-0.15864679,-0.12993515,-0.047159404,-0.14789726,-0.14016809,-0.14106366,-0.15528978,-0.19987361,-0.1649412,-0.17166539,-0.1554462,-0.15869212,-0.12722544,-0.14610182,-0.2588673,-0.13089664,-0.15531817,-0.09132757,-0.12832497,-0.13684332,-0.16221203,-0.15659244,-0.13011576,-0.15515181,-0.15862533,-0.15868792,-0.15873095,-0.15740095,-0.19795567,-0.15106063,-0.07294749,-0.2039893,-0.15543216,-0.15868592,-0.104459345,-0.15496525,-0.17466888,-0.13176009,-0.15544137,-0.15109587,-0.10913184,-0.15523154,-0.05825615,-0.14326635,-0.17082691,-0.15536323,-0.18883844,-0.15548202,-0.31316653,-0.15546954,-0.16808087,-0.14331596,-0.15547216,-0.15874186,-0.25088155,-0.15548247,-0.22115314,-0.07562123,-0.086852394,-0.10702289,-0.060967896,-0.14694776,-0.16796505,-0.15746465,-0.22133875,-0.12812386,-0.0969081,-0.16398169,-0.12716047,-0.11335766,-0.18846886,-0.13114756,-0.17755464,-0.0994983,-0.115196005,-0.15536475,-0.11662802,-0.19749595,-0.14526704,-0.12781724,-0.096878245,-0.1553646,-0.15849222,-0.12434345,-0.11230643,-0.063823454,-0.15527506,-0.11419349,-0.10007019,-0.24483351,-0.15548316,-0.15873118,-0.16344379,-0.1759062,-0.12524253,-0.1554643,-0.0782174,-0.19187105,-0.18185812,-0.09859173,-0.11065883,-0.15504658,-0.15833077,-0.083404,-0.1213824,-0.13072303,-0.13855581,-0.19385117,-0.15543544,-0.15873782,-0.19487974,-0.23847799,-0.2432746,-0.13071214,-0.1552195,-0.15870106,-0.14520228,-0.2961179,-0.15548222,-0.19813283,-0.13102192,-0.15540011,-0.060104962,-0.15931924,-0.15547994,-0.2028091,-0.2868003,-0.11816878,-0.14795661,-0.10060286,-0.15528014,-0.13614628,-0.20725825,-0.17393659,-0.125103,-0.15657571,-0.15690626,-0.15547813,-0.15874094,-0.16221246,-0.22200036,-0.13124105,-0.2814266,-0.1554837,-0.1915083,-0.24371436,-0.16952515,-0.15537144,-0.13369927,-0.12557748,-0.15547413,-0.18106565,-0.15548337,-0.18642783,-0.15541065,-0.30462334,-0.15534025,-0.14691104,-0.13029914,-0.15546668,-0.15872504,-0.18915205,-0.13113795,-0.15547313,-0.10481856,-0.1650517,-0.15547034,-0.15874355,-0.15870589,-0.13059315,-0.15534785,-0.15869993,-0.15868808,-0.15870306,-0.15871353,-0.16505513,-0.17392421,-0.1554645,-0.15873426,-0.15872125,-0.15873493,-0.2025511,-0.15354379,-0.14723541,-0.1541853,-0.11499533,-0.10471026,-0.11893196,-0.15546918,-0.15864374,-0.13108596,-0.19501048,-0.15547928,-0.18738703,-0.11705899,-0.17429145,-0.15546685,-0.06652963,-0.15515381,-0.10737923,-0.124497145,-0.15298569,-0.052188452,-0.26007295
k__Bacteria|p__Firmicutes|c__CFGB540|o__OFGB540|f__FGB540|g__GGB79998|s__GGB79998_SGB48024,-0.1004395,-0.12316422,-0.15479854,-0.15813857,-0.15813887,-0.23867357,-0.1666669,-0.16813041,-0.10929718,-0.22895765,-0.23728925,-0.15480372,-0.22850217,-0.3768707,-0.08556121,-0.15436679,-0.058144663,-0.15422612,-0.15807144,-0.19931981,-0.1978925,-0.1297957,-0.15476559,-0.12711628,-0.20043859,-0.11658599,-0.182019,-0.25032333,-0.1509206,-0.1547709,-0.15142563,-0.10844302,-0.18249588,-0.28454733,-0.1547895,-0.12999296,-0.15480113,-0.22338755,-0.15480411,-0.29867563,-0.1548042,-0.29356226,-0.12927887,-0.15464431,-0.13691942,-0.15479818,-0.23188588,-0.24781659,-0.1296162,-0.12999924,-0.24679694,-0.18279888,-0.25087595,-0.26027086,-0.28621647,-0.27511892,-0.11894142,-0.1547105,-0.040142577,-0.056944285,-0.15402107,-0.11274739,-0.13743341,-0.12987867,-0.15478066,-0.1581338,-0.15813863,-0.15813932,-0.27573854,-0.15476154,-0.12988035,-0.16243835,-0.12334165,-0.14074792,-0.15476727,-0.15887658,-0.14481027,-0.12997676,-0.18691605,-0.14998752,-0.15479112,-0.15811574,-0.15812784,-0.15805684,-0.120334074,-0.13700745,-0.08858878,-0.15478474,-0.19008024,-0.15479678,-0.2004665,-0.11139822,-0.1388583,-0.13027036,-0.1074974,-0.15152657,-0.15469301,-0.15781069,-0.10065024,-0.08152827,-0.09427856,-0.15474623,-0.11960925,-0.15027548,-0.16982608,-0.1185138,-0.15476418,-0.15813208,-0.17738779,-0.15176103,-0.15479985,-0.25953975,-0.17989698,-0.13525523,-0.15479685,-0.15095688,-0.17780018,-0.2009549,-0.15477479,-0.09015879,-0.15448153,-0.12151222,-0.121854745,-0.13997786,-0.21433522,-0.13908121,-0.16057305,-0.15472013,-0.07092635,-0.15412363,-0.1573033,-0.18733518,-0.15452172,-0.12986942,-0.12334781,-0.14100276,-0.1547533,-0.114095174,-0.25318068,-0.26654312,-0.12909648,-0.10945694,-0.1547438,-0.09238048,-0.20963459,-0.15479708,-0.1580481,-0.12937194,-0.15472034,-0.16015086,-0.1553517,-0.15480176,-0.19704957,-0.20616047,-0.12880108,-0.10460003,-0.11361031,-0.10256614,-0.1547938,-0.19495486,-0.15476808,-0.12929414,-0.1546295,-0.041086134,-0.12967405,-0.1548004,-0.2300741,-0.15477765,-0.10384405,-0.15328057,-0.0784167,-0.15464845,-0.12766197,-0.15466982,-0.121451,-0.075820275,-0.09192432,-0.101488546,-0.15451623,-0.15803772,-0.12378413,-0.15463454,-0.1410757,-0.13984437,-0.18093297,-0.15480304,-0.25777104,-0.12844054,-0.15470685,-0.13462572,-0.119081676,-0.15477178,-0.15813431,-0.15813607,-0.15813726,-0.19755594,-0.25103784,-0.20219928,-0.19465852,-0.24831252,-0.20506537,-0.22091979,-0.15478703,-0.12957871,-0.11956477,-0.15478192,-0.15813042,-0.20931396,-0.18224281,-0.15477261,-0.32474133,-0.15480104,-0.15814008,-0.15813892,-0.15813853,-0.2185038,-0.1547718,-0.114121355,-0.15477486,-0.15812385,-0.15813065,-0.22984435,-0.15479438,-0.15811205,-0.08963354,-0.15468669,-0.15808819,-0.15810677,-0.15810832,-0.13302092,-0.1051107,-0.14014931,-0.15141064,-0.15839578,-0.15615125,-0.14613561,-0.15479055,-0.12319561,-0.12994741,-0.15475245,-0.15813988,-0.15813938,-0.15813938,-0.15813993,-0.38518023,-0.11451449,-0.15476042,-0.15564899,-0.14443555,-0.16636807,-0.15479611,-0.15805797,-0.12993515,-0.047159404,-0.14852142,-0.14016809,-0.14106366,-0.15464395,-0.19987361,-0.1649412,-0.17166539,-0.15477282,-0.15809557,-0.12722544,-0.14610182,-0.2588673,-0.12974487,-0.15466776,-0.09132757,-0.12832497,-0.13684332,-0.16221203,-0.15659244,-0.12916452,-0.15453024,-0.15804064,-0.15809198,-0.15812734,-0.15740095,-0.19795567,-0.15106063,-0.07294749,-0.2039893,-0.15476117,-0.15809049,-0.104459345,-0.15441746,-0.17466888,-0.13176009,-0.15476891,-0.15109587,-0.10913184,-0.15459621,-0.05825615,-0.14326635,-0.17082691,-0.15470451,-0.18883844,-0.1548022,-0.31316653,-0.1547919,-0.16808087,-0.14331596,-0.15479413,-0.15813626,-0.25088155,-0.1548026,-0.22115314,-0.07562123,-0.086852394,-0.10702289,-0.060967896,-0.14775501,-0.16796505,-0.15746465,-0.22133875,-0.12812386,-0.0969081,-0.16398169,-0.12716047,-0.11335766,-0.18846886,-0.1299406,-0.17755464,-0.0994983,-0.115196005,-0.15470575,-0.11662802,-0.19749595,-0.14526704,-0.12781724,-0.096878245,-0.15470597,-0.15793139,-0.12434345,-0.11230643,-0.063823454,-0.15463197,-0.11419349,-0.10007019,-0.24483351,-0.15480316,-0.15812747,-0.16344379,-0.1759062,-0.12524253,-0.15478769,-0.0782174,-0.19187105,-0.18185812,-0.09859173,-0.11065883,-0.15444446,-0.15779811,-0.083404,-0.1213824,-0.13072303,-0.13855581,-0.19385117,-0.15476383,-0.15813296,-0.19487974,-0.23847799,-0.2432746,-0.12959832,-0.15458652,-0.15810266,-0.14520228,-0.2961179,-0.15480238,-0.19813283,-0.12984246,-0.15473479,-0.060104962,-0.15931924,-0.1548005,-0.2028091,-0.2868003,-0.11816878,-0.14795661,-0.10060286,-0.15463603,-0.13614628,-0.20725825,-0.17393659,-0.125103,-0.15657571,-0.15690626,-0.15479903,-0.15813552,-0.16221246,-0.22200036,-0.13001509,-0.2814266,-0.1548036,-0.1915083,-0.24371436,-0.16952515,-0.15471192,-0.13369927,-0.12557748,-0.1547957,-0.18106565,-0.15480334,-0.18642783,-0.15474361,-0.30462334,-0.15468529,-0.14691104,-0.13029914,-0.15478963,-0.15812247,-0.18915205,-0.1299325,-0.15479493,-0.10481856,-0.1650517,-0.15479258,-0.15813768,-0.15810674,-0.1295119,-0.15469205,-0.15810168,-0.15809208,-0.1581043,-0.15811297,-0.16505513,-0.17392421,-0.15478781,-0.15813005,-0.15811932,-0.15813059,-0.2025511,-0.15354379,-0.14723541,-0.15373111,-0.11499533,-0.10471026,-0.11893196,-0.15479165,-0.15805542,-0.1298905,-0.19501048,-0.15479995,-0.18738703,-0.11705899,-0.17429145,-0.15478978,-0.06652963,-0.15453161,-0.10737923,-0.124497145,-0.15298569,-0.052188452,-0.26007295
k__Bacteria|p__Firmicutes|c__Clostridia|o__Eubacteriales|f__Lachnospiraceae|g__Lachnoclostridium|s__Clostridium_hylemonae,-0.1004395,-0.12316422,-0.15520301,-0.15855211,-0.15855235,-0.23867357,-0.1666669,-0.16813041,-0.10929718,-0.22895765,-0.23728925,-0.15520768,-0.22850217,-0.3768707,-0.08556121,-0.15482095,-0.058144663,-0.15469825,-0.158492,-0.19931981,-0.1978925,-0.13015345,-0.15517369,-0.12711628,-0.20043859,-0.11658599,-0.182019,-0.25032333,-0.1509206,-0.15517816,-0.15142563,-0.10844302,-0.18249588,-0.28454733,-0.15519471,-0.1303302,-0.15520537,-0.22338755,-0.15520802,-0.29867563,-0.1552081,-0.29356226,-0.12967487,-0.15506384,-0.13691942,-0.15520275,-0.23188588,-0.24781659,-0.1296162,-0.13033576,-0.24679694,-0.18279888,-0.25087595,-0.26027086,-0.28621647,-0.27511892,-0.11894142,-0.15512449,-0.040142577,-0.056944285,-0.15450443,-0.11274739,-0.13743341,-0.13022648,-0.15518688,-0.15854786,-0.15855213,-0.15855277,-0.27573854,-0.15516913,-0.13022819,-0.16243835,-0.12334165,-0.14074792,-0.15517518,-0.15887658,-0.14481027,-0.13031578,-0.18691605,-0.14998752,-0.15519646,-0.1585317,-0.15854242,-0.15847746,-0.120334074,-0.13700745,-0.08858878,-0.15519077,-0.19008024,-0.15520148,-0.2004665,-0.11139822,-0.1388583,-0.13027036,-0.1074974,-0.15152657,-0.15510911,-0.15825452,-0.10065024,-0.08152827,-0.09427856,-0.15515655,-0.11960925,-0.15027548,-0.16982608,-0.1185138,-0.15517214,-0.1585463,-0.17738779,-0.15176103,-0.1552042,-0.25953975,-0.17989698,-0.13525523,-0.15520155,-0.15095688,-0.17780018,-0.2009549,-0.15518093,-0.09015879,-0.15492178,-0.12151222,-0.121854745,-0.13997786,-0.21433522,-0.13908121,-0.16057305,-0.15513335,-0.07092635,-0.15460171,-0.15779561,-0.18733518,-0.15495077,-0.13021383,-0.12334781,-0.14100276,-0.15516275,-0.114095174,-0.25318068,-0.26654312,-0.12951264,-0.10945694,-0.15515436,-0.09238048,-0.20963459,-0.15520176,-0.15846872,-0.12975767,-0.15513313,-0.16015086,-0.1553517,-0.15520592,-0.19704957,-0.20616047,-0.12921768,-0.10460003,-0.11361031,-0.10256614,-0.15519887,-0.19495486,-0.1551756,-0.12968086,-0.1550534,-0.041086134,-0.12967405,-0.15520465,-0.2300741,-0.15518403,-0.10384405,-0.15385506,-0.0784167,-0.15506908,-0.12766197,-0.1550884,-0.121451,-0.075820275,-0.09192432,-0.101488546,-0.15495133,-0.15846252,-0.12378413,-0.15505351,-0.1410757,-0.13984437,-0.18093297,-0.15520707,-0.25777104,-0.12844054,-0.15511939,-0.13462572,-0.119081676,-0.15517937,-0.15854828,-0.15854985,-0.15855092,-0.19755594,-0.25103784,-0.20219928,-0.19465852,-0.24831252,-0.20506537,-0.22091979,-0.15519252,-0.12994921,-0.11956477,-0.1551883,-0.15854478,-0.20931396,-0.18224281,-0.15517923,-0.32474133,-0.15520531,-0.15855344,-0.15855241,-0.15855205,-0.2185038,-0.1551784,-0.114121355,-0.15518162,-0.15853867,-0.158545,-0.22984435,-0.15519938,-0.15852737,-0.08963354,-0.15510285,-0.15850745,-0.1585235,-0.15852533,-0.13302092,-0.1051107,-0.14014931,-0.15141064,-0.15839578,-0.15615125,-0.14613561,-0.15519604,-0.12319561,-0.13028905,-0.15516138,-0.15855327,-0.15855281,-0.15855283,-0.1585533,-0.38518023,-0.11451449,-0.15516895,-0.15564899,-0.14443555,-0.16636807,-0.15520081,-0.15847827,-0.12993515,-0.047159404,-0.14953357,-0.14016809,-0.14106366,-0.15506461,-0.19987361,-0.1649412,-0.17166539,-0.15518016,-0.15851411,-0.12722544,-0.14610182,-0.2588673,-0.13010894,-0.15508679,-0.09132757,-0.12832497,-0.13684332,-0.16221203,-0.15659244,-0.12955509,-0.15496254,-0.15846479,-0.15851067,-0.1585421,-0.15740095,-0.19795567,-0.15106063,-0.07294749,-0.2039893,-0.15516941,-0.1585096,-0.104459345,-0.1548427,-0.17466888,-0.13176009,-0.15517691,-0.15109587,-0.10913184,-0.15502235,-0.05825615,-0.14326635,-0.17082691,-0.15511867,-0.18883844,-0.15520631,-0.31316653,-0.15519685,-0.16808087,-0.14331596,-0.15519911,-0.15855,-0.25088155,-0.15520665,-0.22115314,-0.07562123,-0.086852394,-0.10702289,-0.060967896,-0.14884311,-0.16796505,-0.15746465,-0.22133875,-0.12812386,-0.0969081,-0.16398169,-0.12716047,-0.11335766,-0.18846886,-0.13028325,-0.17755464,-0.0994983,-0.115196005,-0.15512007,-0.11662802,-0.19749595,-0.14526704,-0.12781724,-0.096878245,-0.15512103,-0.15836762,-0.12434345,-0.11230643,-0.063823454,-0.15505472,-0.11419349,-0.10007019,-0.24483351,-0.15520719,-0.15854192,-0.16344379,-0.1759062,-0.12524253,-0.15519342,-0.0782174,-0.19187105,-0.18185812,-0.09859173,-0.11065883,-0.15488847,-0.15824902,-0.083404,-0.1213824,-0.13072303,-0.13855581,-0.19385117,-0.15517174,-0.15854709,-0.19487974,-0.23847799,-0.2432746,-0.12996994,-0.15501395,-0.15851988,-0.14520228,-0.2961179,-0.15520647,-0.19813283,-0.1301946,-0.15514585,-0.060104962,-0.15931924,-0.15520477,-0.2028091,-0.2868003,-0.11816878,-0.14795661,-0.10060286,-0.15505718,-0.13614628,-0.20725825,-0.17393659,-0.125103,-0.15657571,-0.15690626,-0.15520346,-0.15854937,-0.16221246,-0.22200036,-0.13034992,-0.2814266,-0.15520756,-0.1915083,-0.24371436,-0.16952515,-0.15512344,-0.13369927,-0.12557748,-0.15520048,-0.18106565,-0.15520734,-0.18642783,-0.15515256,-0.30462334,-0.15510091,-0.14691104,-0.13029914,-0.15519507,-0.15853778,-0.18915205,-0.1302765,-0.15519984,-0.10481856,-0.1650517,-0.15519762,-0.15855128,-0.15852296,-0.12989487,-0.15510839,-0.15851887,-0.1585104,-0.15852123,-0.15852928,-0.16505513,-0.17392421,-0.15519336,-0.15854451,-0.15853485,-0.158545,-0.2025511,-0.15354379,-0.14723541,-0.15423696,-0.11499533,-0.10471026,-0.11893196,-0.15519689,-0.15847605,-0.13023981,-0.19501048,-0.15520427,-0.18738703,-0.11705899,-0.17429145,-0.155195,-0.06652963,-0.1549666,-0.10737923,-0.124497145,-0.15298569,-0.052188452,-0.26007295
k__Bacteria|p__Firmicutes|c__Clostridia|o__Eubacteriales|f__Lachnospiraceae|g__Lachnoanaerobaculum|s__Lachnoanaerobaculum_umeaense,-0.1004395,-0.12316422,-0.15521348,-0.15858832,-0.15858883,-0.23867357,-0.1666669,-0.16813041,-0.10929718,-0.22895765,-0.23728925,-0.15522185,-0.22850217,-0.3768707,-0.08556121,-0.15452611,-0.058144663,-0.15426332,-0.1584801,-0.19931981,-0.1978925,-0.12983072,-0.15515938,-0.12711628,-0.20043859,-0.11658599,-0.182019,-0.25032333,-0.1509206,-0.15516856,-0.15142563,-0.10844302,-0.18249588,-0.28454733,-0.15519877,-0.13015051,-0.15521759,-0.22338755,-0.1552225,-0.29867563,-0.15522262,-0.29356226,-0.12897582,-0.15496552,-0.13691942,-0.15521267,-0.23188588,-0.24781659,-0.1296162,-0.13016063,-0.24679694,-0.18279888,-0.25087595,-0.26027086,-0.28621647,-0.27511892,-0.11894142,-0.15507044,-0.040142577,-0.056944285,-0.1539529,-0.11274739,-0.13743341,-0.12997006,-0.15518484,-0.15858048,-0.15858847,-0.15858957,-0.27573854,-0.15515736,-0.12996821,-0.16243835,-0.12334165,-0.14074792,-0.15516189,-0.15887658,-0.14481027,-0.13012266,-0.18691605,-0.14998752,-0.15520136,-0.1585511,-0.15857121,-0.15846062,-0.120334074,-0.13700745,-0.08858878,-0.15519074,-0.19008024,-0.15521042,-0.2004665,-0.11139822,-0.1388583,-0.13027036,-0.1074974,-0.15152657,-0.15503985,-0.15808699,-0.10065024,-0.08152827,-0.09427856,-0.15512744,-0.11960925,-0.15027548,-0.16982608,-0.1185138,-0.15515822,-0.15857765,-0.17738779,-0.15176103,-0.15521556,-0.25953975,-0.17989698,-0.13525523,-0.15521052,-0.15095688,-0.17780018,-0.2009549,-0.15517727,-0.09015879,-0.15469041,-0.12151222,-0.121854745,-0.13997786,-0.21433522,-0.13908121,-0.16057305,-0.15508455,-0.07092635,-0.15411839,-0.15725529,-0.18733518,-0.15477931,-0.12996139,-0.12334781,-0.14100276,-0.15513925,-0.114095174,-0.25318068,-0.26654312,-0.12876737,-0.10945694,-0.15512323,-0.09238048,-0.20963459,-0.15521091,-0.15844761,-0.1291799,-0.15508814,-0.16015086,-0.1553517,-0.15521863,-0.19704957,-0.20616047,-0.12830162,-0.10460003,-0.11361031,-0.10256614,-0.15520537,-0.19495486,-0.15516397,-0.12909669,-0.15493508,-0.041086134,-0.12967405,-0.15521656,-0.2300741,-0.15517968,-0.10384405,-0.15278329,-0.0784167,-0.15497313,-0.12766197,-0.15500309,-0.121451,-0.075820275,-0.09192432,-0.101488546,-0.15475327,-0.15842247,-0.12378413,-0.15496033,-0.1410757,-0.13984437,-0.18093297,-0.15522072,-0.25777104,-0.12844054,-0.15506952,-0.13462572,-0.119081676,-0.15516904,-0.15858144,-0.15858428,-0.15858623,-0.19755594,-0.25103784,-0.20219928,-0.19465852,-0.24831252,-0.20506537,-0.22091979,-0.15519531,-0.12951235,-0.11956477,-0.15518583,-0.15857503,-0.20931396,-0.18224281,-0.15517314,-0.32474133,-0.1552174,-0.15859076,-0.15858889,-0.15858823,-0.2185038,-0.15517408,-0.114121355,-0.15517598,-0.1585652,-0.15857553,-0.22984435,-0.15520641,-0.15855114,-0.08963354,-0.1550335,-0.15850496,-0.158537,-0.15853801,-0.13302092,-0.1051107,-0.14014931,-0.15141064,-0.15839578,-0.15615125,-0.14613561,-0.15519987,-0.12319561,-0.13007598,-0.15513937,-0.15859047,-0.15858968,-0.15858969,-0.15859056,-0.38518023,-0.11451449,-0.1551511,-0.15564899,-0.14443555,-0.16636807,-0.15520954,-0.15846127,-0.12993515,-0.047159404,-0.14515862,-0.14016809,-0.14106366,-0.15496114,-0.19987361,-0.1649412,-0.17166539,-0.15517093,-0.15851638,-0.12722544,-0.14610182,-0.2588673,-0.12975986,-0.1549996,-0.09132757,-0.12832497,-0.13684332,-0.16221203,-0.15659244,-0.12895074,-0.15478623,-0.15842852,-0.15851173,-0.15856987,-0.15740095,-0.19795567,-0.15106063,-0.07294749,-0.2039893,-0.15515304,-0.15850899,-0.104459345,-0.15469098,-0.17466888,-0.13176009,-0.15516381,-0.15109587,-0.10913184,-0.15489057,-0.05825615,-0.14326635,-0.17082691,-0.1550605,-0.18883844,-0.15521944,-0.31316653,-0.15520343,-0.16808087,-0.14331596,-0.15520608,-0.15858471,-0.25088155,-0.15522009,-0.22115314,-0.07562123,-0.086852394,-0.10702289,-0.060967896,-0.14389312,-0.16796505,-0.15746465,-0.22133875,-0.12812386,-0.0969081,-0.16398169,-0.12716047,-0.11335766,-0.18846886,-0.1300652,-0.17755464,-0.0994983,-0.115196005,-0.15506211,-0.11662802,-0.19749595,-0.14526704,-0.12781724,-0.096878245,-0.1550605,-0.1582501,-0.12434345,-0.11230643,-0.063823454,-0.15494375,-0.11419349,-0.10007019,-0.24483351,-0.15522093,-0.1585707,-0.16344379,-0.1759062,-0.12524253,-0.15519534,-0.0782174,-0.19187105,-0.18185812,-0.09859173,-0.11065883,-0.15463096,-0.15803063,-0.083404,-0.1213824,-0.13072303,-0.13855581,-0.19385117,-0.1551576,-0.15857914,-0.19487974,-0.23847799,-0.2432746,-0.12953545,-0.1548675,-0.15853009,-0.14520228,-0.2961179,-0.15521964,-0.19813283,-0.12991264,-0.15511066,-0.060104962,-0.15931924,-0.15521666,-0.2028091,-0.2868003,-0.11816878,-0.14795661,-0.10060286,-0.15495026,-0.13614628,-0.20725825,-0.17393659,-0.125103,-0.15657571,-0.15690626,-0.15521425,-0.15858331,-0.16221246,-0.22200036,-0.13018674,-0.2814266,-0.15522166,-0.1915083,-0.24371436,-0.16952515,-0.15507938,-0.13369927,-0.12557748,-0.1552089,-0.18106565,-0.15522121,-0.18642783,-0.15512802,-0.30462334,-0.15503089,-0.14691104,-0.13029914,-0.15519884,-0.15856189,-0.18915205,-0.13005015,-0.1552074,-0.10481856,-0.1650517,-0.1552039,-0.15858687,-0.15853843,-0.12942967,-0.15503816,-0.15852907,-0.15851313,-0.15853325,-0.1585472,-0.16505513,-0.17392421,-0.15519613,-0.15857428,-0.15855694,-0.1585752,-0.2025511,-0.15354379,-0.14723541,-0.15350416,-0.11499533,-0.10471026,-0.11893196,-0.15520218,-0.15845728,-0.12998109,-0.19501048,-0.15521584,-0.18738703,-0.11705899,-0.17429145,-0.15519953,-0.06652963,-0.15477751,-0.10737923,-0.124497145,-0.15298569,-0.052188452,-0.26007295
k__Bacteria|p__Firmicutes|c__Clostridia|o__Eubacteriales|f__Lachnospiraceae|g__Lachnospiraceae_unclassified|s__Lachnospiraceae_bacterium_AM48_27BH,-0.1004395,-0.12316422,-0.15482704,-0.15812387,-0.15812412,-0.23867357,-0.1666669,-0.16813041,-0.10929718,-0.22895765,-0.23728925,-0.15483151,-0.22850217,-0.3768707,-0.08556121,-0.15445152,-0.058144663,-0.15433109,-0.15806597,-0.19931981,-0.1978925,-0.13016444,-0.1547986,-0.12711628,-0.20043859,-0.11658599,-0.182019,-0.25032333,-0.1509206,-0.15480325,-0.15142563,-0.10844302,-0.18249588,-0.28454733,-0.15481916,-0.13034159,-0.15482928,-0.22338755,-0.15483187,-0.29867563,-0.15483192,-0.29356226,-0.12968847,-0.15469426,-0.13691942,-0.15482673,-0.23188588,-0.24781659,-0.1296162,-0.13034731,-0.24679694,-0.18279888,-0.25087595,-0.26027086,-0.28621647,-0.27511892,-0.11894142,-0.15475085,-0.040142577,-0.056944285,-0.15415744,-0.11274739,-0.13743341,-0.13023949,-0.15481165,-0.15811974,-0.15812391,-0.1581245,-0.27573854,-0.15479457,-0.13024099,-0.16243835,-0.12334165,-0.14074792,-0.15480006,-0.15887658,-0.14481027,-0.1303273,-0.18691605,-0.14998752,-0.15482065,-0.15810414,-0.15811463,-0.15805274,-0.120334074,-0.13700745,-0.08858878,-0.15481512,-0.19008024,-0.15482551,-0.2004665,-0.11139822,-0.1388583,-0.13027036,-0.1074974,-0.15152657,-0.15473583,-0.1578266,-0.10065024,-0.08152827,-0.09427856,-0.15478183,-0.11960925,-0.15027548,-0.16982608,-0.1185138,-0.15479746,-0.15811823,-0.17738779,-0.15176103,-0.15482818,-0.25953975,-0.17989698,-0.13525523,-0.15482558,-0.15095688,-0.17780018,-0.2009549,-0.15480642,-0.09015879,-0.15455264,-0.12151222,-0.121854745,-0.13997786,-0.21433522,-0.13908121,-0.16057305,-0.15475923,-0.07092635,-0.15424284,-0.15740585,-0.18733518,-0.15458885,-0.13022737,-0.12334781,-0.14100276,-0.154788,-0.114095174,-0.25318068,-0.26654312,-0.12950772,-0.10945694,-0.15477972,-0.09238048,-0.20963459,-0.15482579,-0.1580458,-0.12976548,-0.15475965,-0.16015086,-0.1553517,-0.15482983,-0.19704957,-0.20616047,-0.12922567,-0.10460003,-0.11361031,-0.10256614,-0.15482295,-0.19495486,-0.15480053,-0.1296848,-0.15468091,-0.041086134,-0.12967405,-0.15482867,-0.2300741,-0.15480906,-0.10384405,-0.15350913,-0.0784167,-0.15469745,-0.12766197,-0.1547158,-0.121451,-0.075820275,-0.09192432,-0.101488546,-0.15458253,-0.15803663,-0.12378413,-0.1546802,-0.1410757,-0.13984437,-0.18093297,-0.15483093,-0.25777104,-0.12844054,-0.15474631,-0.13462572,-0.119081676,-0.15480387,-0.15812019,-0.15812169,-0.15812272,-0.19755594,-0.25103784,-0.20219928,-0.19465852,-0.24831252,-0.20506537,-0.22091979,-0.1548171,-0.12996009,-0.11956477,-0.15481266,-0.15811682,-0.20931396,-0.18224281,-0.15480432,-0.32474133,-0.1548292,-0.15812515,-0.15812415,-0.15812379,-0.2185038,-0.15480366,-0.114121355,-0.15480667,-0.15811121,-0.15811703,-0.22984435,-0.15482342,-0.15810063,-0.08963354,-0.15473047,-0.15808025,-0.15809646,-0.15809768,-0.13302092,-0.1051107,-0.14014931,-0.15141064,-0.15839578,-0.15615125,-0.14613561,-0.15482011,-0.12319561,-0.13030165,-0.1547874,-0.15812498,-0.15812457,-0.15812457,-0.15812503,-0.38518023,-0.11451449,-0.15479417,-0.15564899,-0.14443555,-0.16636807,-0.15482494,-0.15805444,-0.12993515,-0.047159404,-0.149434,-0.14016809,-0.14106366,-0.15469375,-0.19987361,-0.1649412,-0.17166539,-0.15480481,-0.1580866,-0.12722544,-0.14610182,-0.2588673,-0.13011548,-0.15471378,-0.09132757,-0.12832497,-0.13684332,-0.16221203,-0.15659244,-0.12955429,-0.1545952,-0.15803921,-0.15808359,-0.15811414,-0.15740095,-0.19795567,-0.15106063,-0.07294749,-0.2039893,-0.15479484,-0.15808222,-0.104459345,-0.15445247,-0.17466888,-0.13176009,-0.1548014,-0.15109587,-0.10913184,-0.15465158,-0.05825615,-0.14326635,-0.17082691,-0.15474594,-0.18883844,-0.15483022,-0.31316653,-0.1548214,-0.16808087,-0.14331596,-0.15482324,-0.15812188,-0.25088155,-0.15483055,-0.22115314,-0.07562123,-0.086852394,-0.10702289,-0.060967896,-0.14876835,-0.16796505,-0.15746465,-0.22133875,-0.12812386,-0.0969081,-0.16398169,-0.12716047,-0.11335766,-0.18846886,-0.13029498,-0.17755464,-0.0994983,-0.115196005,-0.15474696,-0.11662802,-0.19749595,-0.14526704,-0.12781724,-0.096878245,-0.15474686,-0.15794463,-0.12434345,-0.11230643,-0.063823454,-0.15468293,-0.11419349,-0.10007019,-0.24483351,-0.15483102,-0.15811431,-0.16344379,-0.1759062,-0.12524253,-0.15481767,-0.0782174,-0.19187105,-0.18185812,-0.09859173,-0.11065883,-0.15452065,-0.15782955,-0.083404,-0.1213824,-0.13072303,-0.13855581,-0.19385117,-0.15479717,-0.15811902,-0.19487974,-0.23847799,-0.2432746,-0.1299803,-0.15464371,-0.15809292,-0.14520228,-0.2961179,-0.15483037,-0.19813283,-0.13020602,-0.15477204,-0.060104962,-0.15931924,-0.15482874,-0.2028091,-0.2868003,-0.11816878,-0.14795661,-0.10060286,-0.1546869,-0.13614628,-0.20725825,-0.17393659,-0.125103,-0.15657571,-0.15690626,-0.15482748,-0.15812123,-0.16221246,-0.22200036,-0.13036117,-0.2814266,-0.15483141,-0.1915083,-0.24371436,-0.16952515,-0.1547515,-0.13369927,-0.12557748,-0.15482461,-0.18106565,-0.15483117,-0.18642783,-0.15477955,-0.30462334,-0.15472957,-0.14691104,-0.13029914,-0.15481935,-0.15810995,-0.18915205,-0.13028811,-0.15482393,-0.10481856,-0.1650517,-0.15482193,-0.15812308,-0.15809649,-0.12989649,-0.15473497,-0.15809211,-0.15808372,-0.15809433,-0.15810175,-0.16505513,-0.17392421,-0.1548178,-0.15811649,-0.15810725,-0.15811697,-0.2025511,-0.15354379,-0.14723541,-0.15390936,-0.11499533,-0.10471026,-0.11893196,-0.1548211,-0.15805162,-0.13025081,-0.19501048,-0.15482828,-0.18738703,-0.11705899,-0.17429145,-0.15481946,-0.06652963,-0.15459591,-0.10737923,-0.124497145,-0.15298569,-0.052188452,-0.26007295
k__Bacteria|p__Firmicutes|c__Clostridia|o__Eubacteriales|f__Lachnospiraceae|g__Lachnospiraceae_unclassified|s__Lachnospiraceae_bacterium_Marseille_Q4251,-0.1004395,-0.12316422,-0.15465076,-0.15799083,-0.15799107,-0.23867357,-0.1666669,-0.16813041,-0.10929718,-0.22895765,-0.23728925,-0.15465522,-0.22850217,-0.3768707,-0.08556121,-0.15428698,-0.058144663,-0.15417185,-0.15793355,-0.19931981,-0.1978925,-0.12967503,-0.1546229,-0.12711628,-0.20043859,-0.11658599,-0.182019,-0.25032333,-0.1509206,-0.15462705,-0.15142563,-0.10844302,-0.18249588,-0.28454733,-0.15464273,-0.12984505,-0.15465303,-0.22338755,-0.15465555,-0.29867563,-0.1546556,-0.29356226,-0.12922588,-0.15451795,-0.13691942,-0.15465054,-0.23188588,-0.24781659,-0.1296162,-0.12985027,-0.24679694,-0.18279888,-0.25087595,-0.26027086,-0.28621647,-0.27511892,-0.11894142,-0.15457603,-0.040142577,-0.056944285,-0.15398552,-0.11274739,-0.13743341,-0.12974516,-0.15463534,-0.15798679,-0.15799083,-0.15799144,-0.27573854,-0.15461798,-0.12974714,-0.16243835,-0.12334165,-0.14074792,-0.15462436,-0.15887658,-0.14481027,-0.1298312,-0.18691605,-0.14998752,-0.15464453,-0.1579714,-0.15798156,-0.15791808,-0.120334074,-0.13700745,-0.08858878,-0.15463912,-0.19008024,-0.15464932,-0.2004665,-0.11139822,-0.1388583,-0.13027036,-0.1074974,-0.15152657,-0.15456155,-0.15769786,-0.10065024,-0.08152827,-0.09427856,-0.15460661,-0.11960925,-0.15027548,-0.16982608,-0.1185138,-0.15462127,-0.1579853,-0.17738779,-0.15176103,-0.1546519,-0.25953975,-0.17989698,-0.13525523,-0.1546494,-0.15095688,-0.17780018,-0.2009549,-0.15462932,-0.09015879,-0.15438369,-0.12151222,-0.121854745,-0.13997786,-0.21433522,-0.13908121,-0.16057305,-0.15458459,-0.07092635,-0.15407827,-0.15726817,-0.18733518,-0.1544083,-0.12973377,-0.12334781,-0.14100276,-0.15461251,-0.114095174,-0.25318068,-0.26654312,-0.12905736,-0.10945694,-0.15460458,-0.09238048,-0.20963459,-0.1546496,-0.15791032,-0.1292931,-0.15458407,-0.16015086,-0.1553517,-0.15465353,-0.19704957,-0.20616047,-0.12879077,-0.10460003,-0.11361031,-0.10256614,-0.15464687,-0.19495486,-0.15462425,-0.12922159,-0.1545085,-0.041086134,-0.12967405,-0.15465233,-0.2300741,-0.15463242,-0.10384405,-0.1533634,-0.0784167,-0.15452306,-0.12766197,-0.15454179,-0.121451,-0.075820275,-0.09192432,-0.101488546,-0.15441126,-0.15790571,-0.12378413,-0.15450506,-0.1410757,-0.13984437,-0.18093297,-0.15465465,-0.25777104,-0.12844054,-0.1545699,-0.13462572,-0.119081676,-0.15462835,-0.15798718,-0.15798867,-0.1579897,-0.19755594,-0.25103784,-0.20219928,-0.19465852,-0.24831252,-0.20506537,-0.22091979,-0.15464061,-0.12947436,-0.11956477,-0.15463683,-0.15798384,-0.20931396,-0.18224281,-0.1546278,-0.32474133,-0.15465295,-0.15799208,-0.15799111,-0.15799077,-0.2185038,-0.15462688,-0.114121355,-0.15463032,-0.15797794,-0.15798403,-0.22984435,-0.15464735,-0.1579668,-0.08963354,-0.15455535,-0.15794846,-0.15796357,-0.15796544,-0.13302092,-0.1051107,-0.14014931,-0.15141064,-0.15839578,-0.15615125,-0.14613561,-0.15464419,-0.12319561,-0.12980568,-0.15461105,-0.15799192,-0.15799148,-0.1579915,-0.15799196,-0.38518023,-0.11451449,-0.15461837,-0.15564899,-0.14443555,-0.16636807,-0.15464866,-0.15791987,-0.12993515,-0.047159404,-0.14923832,-0.14016809,-0.14106366,-0.15451913,-0.19987361,-0.1649412,-0.17166539,-0.15462907,-0.15795487,-0.12722544,-0.14610182,-0.2588673,-0.12962997,-0.15454021,-0.09132757,-0.12832497,-0.13684332,-0.16221203,-0.15659244,-0.12910432,-0.1544212,-0.15790775,-0.15795141,-0.15798129,-0.15740095,-0.19795567,-0.15106063,-0.07294749,-0.2039893,-0.15461874,-0.15795049,-0.104459345,-0.15429571,-0.17466888,-0.13176009,-0.15462607,-0.15109587,-0.10913184,-0.1544787,-0.05825615,-0.14326635,-0.17082691,-0.15457052,-0.18883844,-0.1546539,-0.31316653,-0.1546448,-0.16808087,-0.14331596,-0.15464708,-0.15798879,-0.25088155,-0.15465423,-0.22115314,-0.07562123,-0.086852394,-0.10702289,-0.060967896,-0.14858377,-0.16796505,-0.15746465,-0.22133875,-0.12812386,-0.0969081,-0.16398169,-0.12716047,-0.11335766,-0.18846886,-0.12979975,-0.17755464,-0.0994983,-0.115196005,-0.15457186,-0.11662802,-0.19749595,-0.14526704,-0.12781724,-0.096878245,-0.15457304,-0.15781534,-0.12434345,-0.11230643,-0.063823454,-0.15450954,-0.11419349,-0.10007019,-0.24483351,-0.15465474,-0.15798092,-0.16344379,-0.1759062,-0.12524253,-0.15464169,-0.0782174,-0.19187105,-0.18185812,-0.09859173,-0.11065883,-0.15435189,-0.15770262,-0.083404,-0.1213824,-0.13072303,-0.13855581,-0.19385117,-0.15462093,-0.15798604,-0.19487974,-0.23847799,-0.2432746,-0.12950246,-0.154471,-0.15796012,-0.14520228,-0.2961179,-0.15465409,-0.19813283,-0.12971401,-0.15459627,-0.060104962,-0.15931924,-0.15465245,-0.2028091,-0.2868003,-0.11816878,-0.14795661,-0.10060286,-0.15451181,-0.13614628,-0.20725825,-0.17393659,-0.125103,-0.15657571,-0.15690626,-0.1546512,-0.15798824,-0.16221246,-0.22200036,-0.12986377,-0.2814266,-0.1546551,-0.1915083,-0.24371436,-0.16952515,-0.15457359,-0.13369927,-0.12557748,-0.15464836,-0.18106565,-0.15465489,-0.18642783,-0.15460199,-0.30462334,-0.15455344,-0.14691104,-0.13029914,-0.15464321,-0.15797721,-0.18915205,-0.12979348,-0.15464777,-0.10481856,-0.1650517,-0.15464562,-0.15799002,-0.15796244,-0.12942253,-0.1545609,-0.1579591,-0.1579511,-0.15796138,-0.15796909,-0.16505513,-0.17392421,-0.15464157,-0.1579836,-0.1579744,-0.15798406,-0.2025511,-0.15354379,-0.14723541,-0.15372863,-0.11499533,-0.10471026,-0.11893196,-0.15464497,-0.15791726,-0.12975842,-0.19501048,-0.15465197,-0.18738703,-0.11705899,-0.17429145,-0.15464282,-0.06652963,-0.15442577,-0.10737923,-0.124497145,-0.15298569,-0.052188452,-0.26007295
k__Bacteria|p__Firmicutes|c__Clostridia|o__Eubacteriales|f__Lachnospiraceae|g__Luxibacter|s__Luxibacter_massiliensis,-0.1004395,-0.12316422,-0.15495606,-0.15826043,-0.15826069,-0.23867357,-0.1666669,-0.16813041,-0.10929718,-0.22895765,-0.23728925,-0.1549606,-0.22850217,-0.3768707,-0.08556121,-0.15458174,-0.058144663,-0.15445694,-0.15820175,-0.19931981,-0.1978925,-0.13023518,-0.15492737,-0.12711628,-0.20043859,-0.11658599,-0.182019,-0.25032333,-0.1509206,-0.15493202,-0.15142563,-0.10844302,-0.18249588,-0.28454733,-0.15494835,-0.13041466,-0.15495834,-0.22338755,-0.15496095,-0.29867563,-0.15496099,-0.29356226,-0.12975876,-0.15482149,-0.13691942,-0.15495574,-0.23188588,-0.24781659,-0.1296162,-0.1304204,-0.24679694,-0.18279888,-0.25087595,-0.26027086,-0.28621647,-0.27511892,-0.11894142,-0.15487888,-0.040142577,-0.056944285,-0.15427479,-0.11274739,-0.13743341,-0.13030963,-0.15494037,-0.15825626,-0.15826048,-0.15826109,-0.27573854,-0.15492347,-0.1303126,-0.16243835,-0.12334165,-0.14074792,-0.15492873,-0.15887658,-0.14481027,-0.1304006,-0.18691605,-0.14998752,-0.15494958,-0.15824042,-0.15825102,-0.15819114,-0.120334074,-0.13700745,-0.08858878,-0.15494397,-0.19008024,-0.15495452,-0.2004665,-0.11139822,-0.1388583,-0.13027036,-0.1074974,-0.15152657,-0.15486363,-0.15797779,-0.10065024,-0.08152827,-0.09427856,-0.15491042,-0.11960925,-0.15027548,-0.16982608,-0.1185138,-0.15492609,-0.15825474,-0.17738779,-0.15176103,-0.15495722,-0.25953975,-0.17989698,-0.13525523,-0.15495458,-0.15095688,-0.17780018,-0.2009549,-0.15493557,-0.09015879,-0.15467863,-0.12151222,-0.121854745,-0.13997786,-0.21433522,-0.13908121,-0.16057305,-0.15488748,-0.07092635,-0.15436676,-0.15752748,-0.18733518,-0.15471433,-0.13029711,-0.12334781,-0.14100276,-0.1549165,-0.114095174,-0.25318068,-0.26654312,-0.12956066,-0.10945694,-0.1549082,-0.09238048,-0.20963459,-0.15495479,-0.15818286,-0.12982163,-0.15488788,-0.16015086,-0.1553517,-0.15495889,-0.19704957,-0.20616047,-0.12927745,-0.10460003,-0.11361031,-0.10256614,-0.15495193,-0.19495486,-0.15493,-0.12973654,-0.15480892,-0.041086134,-0.12967405,-0.15495768,-0.2300741,-0.15493847,-0.10384405,-0.15363255,-0.0784167,-0.15482482,-0.12766197,-0.15484336,-0.121451,-0.075820275,-0.09192432,-0.101488546,-0.15470824,-0.15817219,-0.12378413,-0.15481713,-0.1410757,-0.13984437,-0.18093297,-0.15496,-0.25777104,-0.12844054,-0.15487637,-0.13462572,-0.119081676,-0.15493265,-0.1582567,-0.15825823,-0.15825927,-0.19755594,-0.25103784,-0.20219928,-0.19465852,-0.24831252,-0.20506537,-0.22091979,-0.15494612,-0.13001727,-0.11956477,-0.15494156,-0.15825331,-0.20931396,-0.18224281,-0.15493345,-0.32474133,-0.15495825,-0.15826175,-0.15826073,-0.15826039,-0.2185038,-0.15493286,-0.114121355,-0.1549353,-0.1582475,-0.15825354,-0.22984435,-0.1549524,-0.15823704,-0.08963354,-0.1548581,-0.15821637,-0.15823257,-0.15823399,-0.13302092,-0.1051107,-0.14014931,-0.15141064,-0.15839578,-0.15615125,-0.14613561,-0.1549491,-0.12319561,-0.13037415,-0.15491562,-0.15826157,-0.15826115,-0.15826115,-0.15826161,-0.38518023,-0.11451449,-0.1549227,-0.15564899,-0.14443555,-0.16636807,-0.1549539,-0.15819031,-0.12993515,-0.047159404,-0.14945915,-0.14016809,-0.14106366,-0.15482067,-0.19987361,-0.1649412,-0.17166539,-0.15493354,-0.15822282,-0.12722544,-0.14610182,-0.2588673,-0.13018334,-0.15484148,-0.09132757,-0.12832497,-0.13684332,-0.16221203,-0.15659244,-0.12959743,-0.15472078,-0.15817465,-0.15821972,-0.1582506,-0.15740095,-0.19795567,-0.15106063,-0.07294749,-0.2039893,-0.15492329,-0.15821832,-0.104459345,-0.15458483,-0.17466888,-0.13176009,-0.1549302,-0.15109587,-0.10913184,-0.15477872,-0.05825615,-0.14326635,-0.17082691,-0.15487364,-0.18883844,-0.15495926,-0.31316653,-0.15495026,-0.16808087,-0.14331596,-0.15495223,-0.15825841,-0.25088155,-0.15495962,-0.22115314,-0.07562123,-0.086852394,-0.10702289,-0.060967896,-0.14877786,-0.16796505,-0.15746465,-0.22133875,-0.12812386,-0.0969081,-0.16398169,-0.12716047,-0.11335766,-0.18846886,-0.13036744,-0.17755464,-0.0994983,-0.115196005,-0.15487483,-0.11662802,-0.19749595,-0.14526704,-0.12781724,-0.096878245,-0.15487511,-0.15807891,-0.12434345,-0.11230643,-0.063823454,-0.1548103,-0.11419349,-0.10007019,-0.24483351,-0.1549601,-0.1582511,-0.16344379,-0.1759062,-0.12524253,-0.1549466,-0.0782174,-0.19187105,-0.18185812,-0.09859173,-0.11065883,-0.15464619,-0.15796265,-0.083404,-0.1213824,-0.13072303,-0.13855581,-0.19385117,-0.15492564,-0.15825553,-0.19487974,-0.23847799,-0.2432746,-0.13004532,-0.15477031,-0.15822904,-0.14520228,-0.2961179,-0.15495944,-0.19813283,-0.13027638,-0.15490021,-0.060104962,-0.15931924,-0.1549578,-0.2028091,-0.2868003,-0.11816878,-0.14795661,-0.10060286,-0.15481377,-0.13614628,-0.20725825,-0.17393659,-0.125103,-0.15657571,-0.15690626,-0.15495649,-0.15825778,-0.16221246,-0.22200036,-0.13043442,-0.2814266,-0.15496048,-0.1915083,-0.24371436,-0.16952515,-0.15488203,-0.13369927,-0.12557748,-0.1549536,-0.18106565,-0.15496026,-0.18642783,-0.1549086,-0.30462334,-0.15485673,-0.14691104,-0.13029914,-0.15494825,-0.15824635,-0.18915205,-0.13036123,-0.15495294,-0.10481856,-0.1650517,-0.15495083,-0.15825963,-0.15823358,-0.1299541,-0.15486291,-0.15822811,-0.15821968,-0.15823038,-0.15823805,-0.16505513,-0.17392421,-0.15494666,-0.15825298,-0.15824357,-0.15825346,-0.2025511,-0.15354379,-0.14723541,-0.1540192,-0.11499533,-0.10471026,-0.11893196,-0.15495004,-0.15818936,-0.1303232,-0.19501048,-0.1549573,-0.18738703,-0.11705899,-0.17429145,-0.15494913,-0.06652963,-0.15472332,-0.10737923,-0.124497145,-0.15298569,-0.052188452,-0.26007295
k__Bacteria|p__Firmicutes|c__Clostridia|o__Eubacteriales|f__Lachnospiraceae|g__Lachnoclostridium|s__Lachnoclostridium_SGB4602,-0.1004395,-0.12316422,-0.15442568,-0.15775526,-0.15775546,-0.23867357,-0.1666669,-0.16813041,-0.10929718,-0.22895765,-0.23728925,-0.15442929,-0.22850217,-0.3768707,-0.08556121,-0.15412389,-0.058144663,-0.15402812,-0.15770838,-0.19931981,-0.1978925,-0.12955187,-0.15440285,-0.12711628,-0.20043859,-0.11658599,-0.182019,-0.25032333,-0.1509206,-0.15440652,-0.15142563,-0.10844302,-0.18249588,-0.28454733,-0.15441963,-0.12969682,-0.15442748,-0.22338755,-0.15442958,-0.29867563,-0.15442961,-0.29356226,-0.12915596,-0.15431798,-0.13691942,-0.15442544,-0.23188588,-0.24781659,-0.1296162,-0.12970126,-0.24679694,-0.18279888,-0.25087595,-0.26027086,-0.28621647,-0.27511892,-0.11894142,-0.15436402,-0.040142577,-0.056944285,-0.15387985,-0.11274739,-0.13743341,-0.1296109,-0.15441306,-0.15775193,-0.15775529,-0.15775576,-0.27573854,-0.15439966,-0.12961406,-0.16243835,-0.12334165,-0.14074792,-0.15440387,-0.15887658,-0.14481027,-0.12968543,-0.18691605,-0.14998752,-0.1544205,-0.15773925,-0.15774767,-0.15770099,-0.120334074,-0.13700745,-0.08858878,-0.15441605,-0.19008024,-0.15442446,-0.2004665,-0.11139822,-0.1388583,-0.13027036,-0.1074974,-0.15152657,-0.15435192,-0.15752839,-0.10065024,-0.08152827,-0.09427856,-0.15438938,-0.11960925,-0.15027548,-0.16982608,-0.1185138,-0.15440178,-0.15775073,-0.17738779,-0.15176103,-0.15442659,-0.25953975,-0.17989698,-0.13525523,-0.1544245,-0.15095688,-0.17780018,-0.2009549,-0.15440944,-0.09015879,-0.15420449,-0.12151222,-0.121854745,-0.13997786,-0.21433522,-0.13908121,-0.16057305,-0.15437108,-0.07092635,-0.15395436,-0.15716591,-0.18733518,-0.15423153,-0.12959722,-0.12334781,-0.14100276,-0.15439412,-0.114095174,-0.25318068,-0.26654312,-0.12898296,-0.10945694,-0.15438755,-0.09238048,-0.20963459,-0.15442465,-0.15769397,-0.1292006,-0.15437122,-0.16015086,-0.1553517,-0.15442793,-0.19704957,-0.20616047,-0.12873334,-0.10460003,-0.11361031,-0.10256614,-0.1544224,-0.19495486,-0.15440547,-0.12912218,-0.15430848,-0.041086134,-0.12967405,-0.15442696,-0.2300741,-0.15441221,-0.10384405,-0.15336615,-0.0784167,-0.15432094,-0.12766197,-0.15433568,-0.121451,-0.075820275,-0.09192432,-0.101488546,-0.15422754,-0.15768492,-0.12378413,-0.15431531,-0.1410757,-0.13984437,-0.18093297,-0.15442882,-0.25777104,-0.12844054,-0.15436277,-0.13462572,-0.119081676,-0.15440705,-0.15775226,-0.1577535,-0.15775433,-0.19755594,-0.25103784,-0.20219928,-0.19465852,-0.24831252,-0.20506537,-0.22091979,-0.15441784,-0.12936234,-0.11956477,-0.15441418,-0.15774955,-0.20931396,-0.18224281,-0.15440777,-0.32474133,-0.15442744,-0.1577563,-0.1577555,-0.15775523,-0.2185038,-0.15440741,-0.114121355,-0.15440907,-0.15774485,-0.15774974,-0.22984435,-0.15442279,-0.15773667,-0.08963354,-0.15434733,-0.15772018,-0.15773292,-0.15773422,-0.13302092,-0.1051107,-0.14014931,-0.15141064,-0.15839578,-0.15615125,-0.14613561,-0.15442015,-0.12319561,-0.12966415,-0.15439317,-0.15775618,-0.15775582,-0.15775582,-0.1577562,-0.38518023,-0.11451449,-0.15439904,-0.15564899,-0.14443555,-0.16636807,-0.15442394,-0.15769953,-0.12993515,-0.047159404,-0.15000944,-0.14016809,-0.14106366,-0.15431736,-0.19987361,-0.1649412,-0.17166539,-0.15440774,-0.15772536,-0.12722544,-0.14610182,-0.2588673,-0.12950674,-0.15433419,-0.09132757,-0.12832497,-0.13684332,-0.16221203,-0.15659244,-0.12900722,-0.1542374,-0.1576868,-0.1577228,-0.15774745,-0.15740095,-0.19795567,-0.15106063,-0.07294749,-0.2039893,-0.1543994,-0.15772179,-0.104459345,-0.15411992,-0.17466888,-0.13176009,-0.15440515,-0.15109587,-0.10913184,-0.15428342,-0.05825615,-0.14326635,-0.17082691,-0.15435973,-0.18883844,-0.15442824,-0.31316653,-0.15442097,-0.16808087,-0.14331596,-0.1544226,-0.15775362,-0.25088155,-0.1544285,-0.22115314,-0.07562123,-0.086852394,-0.10702289,-0.060967896,-0.14946496,-0.16796505,-0.15746465,-0.22133875,-0.12812386,-0.0969081,-0.16398169,-0.12716047,-0.11335766,-0.18846886,-0.1296589,-0.17755464,-0.0994983,-0.115196005,-0.15436077,-0.11662802,-0.19749595,-0.14526704,-0.12781724,-0.096878245,-0.15436122,-0.15761039,-0.12434345,-0.11230643,-0.063823454,-0.15430921,-0.11419349,-0.10007019,-0.24483351,-0.15442891,-0.15774809,-0.16344379,-0.1759062,-0.12524253,-0.15441814,-0.0782174,-0.19187105,-0.18185812,-0.09859173,-0.11065883,-0.15417853,-0.15751755,-0.083404,-0.1213824,-0.13072303,-0.13855581,-0.19385117,-0.1544013,-0.15775134,-0.19487974,-0.23847799,-0.2432746,-0.12939513,-0.15427724,-0.15773013,-0.14520228,-0.2961179,-0.15442836,-0.19813283,-0.12958409,-0.15438098,-0.060104962,-0.15931924,-0.15442705,-0.2028091,-0.2868003,-0.11816878,-0.14795661,-0.10060286,-0.1543118,-0.13614628,-0.20725825,-0.17393659,-0.125103,-0.15657571,-0.15690626,-0.15442601,-0.15775315,-0.16221246,-0.22200036,-0.12971249,-0.2814266,-0.15442921,-0.1915083,-0.24371436,-0.16952515,-0.1543675,-0.13369927,-0.12557748,-0.15442368,-0.18106565,-0.15442902,-0.18642783,-0.15438798,-0.30462334,-0.15434599,-0.14691104,-0.13029914,-0.15441945,-0.15774405,-0.18915205,-0.1296545,-0.1544232,-0.10481856,-0.1650517,-0.15442146,-0.15775463,-0.15773451,-0.12932163,-0.15435135,-0.15772936,-0.15772265,-0.15773118,-0.15773743,-0.16505513,-0.17392421,-0.15441814,-0.15774928,-0.15774176,-0.15774968,-0.2025511,-0.15354379,-0.14723541,-0.15367272,-0.11499533,-0.10471026,-0.11893196,-0.15442088,-0.15769956,-0.12962358,-0.19501048,-0.15442663,-0.18738703,-0.11705899,-0.17429145,-0.15442073,-0.06652963,-0.1542399,-0.10737923,-0.124497145,-0.15298569,-0.052188452,-0.26007295
k__Bacteria|p__Firmicutes|c__Clostridia|o__Eubacteriales|f__Lachnospiraceae|g__Oribacterium|s__Oribacterium_parvum,-0.1004395,-0.12316422,-0.15534917,-0.15866002,-0.15866034,-0.23867357,-0.1666669,-0.16813041,-0.10929718,-0.22895765,-0.23728925,-0.15535468,-0.22850217,-0.3768707,-0.08556121,-0.15489987,-0.058144663,-0.15475297,-0.15858895,-0.19931981,-0.1978925,-0.13055447,-0.15531452,-0.12711628,-0.20043859,-0.11658599,-0.182019,-0.25032333,-0.1509206,-0.15531981,-0.15142563,-0.10844302,-0.18249588,-0.28454733,-0.1553395,-0.13076082,-0.15535194,-0.22338755,-0.15535508,-0.29867563,-0.15535516,-0.29356226,-0.13000754,-0.15518491,-0.13691942,-0.15534884,-0.23188588,-0.24781659,-0.1296162,-0.13076735,-0.24679694,-0.18279888,-0.25087595,-0.26027086,-0.28621647,-0.27511892,-0.11894142,-0.15525629,-0.040142577,-0.056944285,-0.15452343,-0.11274739,-0.13743341,-0.13063991,-0.15533009,-0.15865502,-0.15866007,-0.15866083,-0.27573854,-0.1553091,-0.13064204,-0.16243835,-0.12334165,-0.14074792,-0.15531626,-0.15887658,-0.14481027,-0.1307441,-0.18691605,-0.14998752,-0.15534139,-0.15863588,-0.15864858,-0.15857282,-0.120334074,-0.13700745,-0.08858878,-0.15533465,-0.19008024,-0.15534735,-0.2004665,-0.11139822,-0.1388583,-0.13027036,-0.1074974,-0.15152657,-0.15523814,-0.15831378,-0.10065024,-0.08152827,-0.09427856,-0.15529424,-0.11960925,-0.15027548,-0.16982608,-0.1185138,-0.15531264,-0.15865318,-0.17738779,-0.15176103,-0.15535057,-0.25953975,-0.17989698,-0.13525523,-0.15534742,-0.15095688,-0.17780018,-0.2009549,-0.1553233,-0.09015879,-0.15501678,-0.12151222,-0.121854745,-0.13997786,-0.21433522,-0.13908121,-0.16057305,-0.15526682,-0.07092635,-0.15463966,-0.15776634,-0.18733518,-0.15505168,-0.13062745,-0.12334781,-0.14100276,-0.15530153,-0.114095174,-0.25318068,-0.26654312,-0.12981132,-0.10945694,-0.15529165,-0.09238048,-0.20963459,-0.15534768,-0.15856159,-0.1300996,-0.15526655,-0.16015086,-0.1553517,-0.15535259,-0.19704957,-0.20616047,-0.12946257,-0.10460003,-0.11361031,-0.10256614,-0.15534425,-0.19495486,-0.15531701,-0.13000697,-0.15517244,-0.041086134,-0.12967405,-0.1553511,-0.2300741,-0.15532687,-0.10384405,-0.15375847,-0.0784167,-0.1551907,-0.12766197,-0.15521365,-0.121451,-0.075820275,-0.09192432,-0.101488546,-0.15505192,-0.15855417,-0.12378413,-0.15517554,-0.1410757,-0.13984437,-0.18093297,-0.15535396,-0.25777104,-0.12844054,-0.15525046,-0.13462572,-0.119081676,-0.15532118,-0.15865552,-0.15865737,-0.15865862,-0.19755594,-0.25103784,-0.20219928,-0.19465852,-0.24831252,-0.20506537,-0.22091979,-0.15533677,-0.13032204,-0.11956477,-0.15533176,-0.15865138,-0.20931396,-0.18224281,-0.15532124,-0.32474133,-0.15535185,-0.15866162,-0.1586604,-0.15865998,-0.2185038,-0.15532002,-0.114121355,-0.15532383,-0.15864417,-0.15865164,-0.22984435,-0.15534487,-0.15863073,-0.08963354,-0.1552307,-0.15860718,-0.15862623,-0.15862837,-0.13302092,-0.1051107,-0.14014931,-0.15141064,-0.15839578,-0.15615125,-0.14613561,-0.15534091,-0.12319561,-0.13071243,-0.15529996,-0.15866141,-0.15866087,-0.15866089,-0.15866145,-0.38518023,-0.11451449,-0.15530889,-0.15564899,-0.14443555,-0.16636807,-0.15534656,-0.15857297,-0.12993515,-0.047159404,-0.14865144,-0.14016809,-0.14106366,-0.1551855,-0.19987361,-0.1649412,-0.17166539,-0.1553221,-0.15861511,-0.12722544,-0.14610182,-0.2588673,-0.13050398,-0.15521184,-0.09132757,-0.12832497,-0.13684332,-0.16221203,-0.15659244,-0.12986286,-0.15506482,-0.15855679,-0.15861103,-0.1586482,-0.15740095,-0.19795567,-0.15106063,-0.07294749,-0.2039893,-0.15530941,-0.15860972,-0.104459345,-0.1549225,-0.17466888,-0.13176009,-0.15531828,-0.15109587,-0.10913184,-0.15513578,-0.05825615,-0.14326635,-0.17082691,-0.15524948,-0.18883844,-0.15535305,-0.31316653,-0.1553419,-0.16808087,-0.14331596,-0.15534455,-0.15865754,-0.25088155,-0.15535346,-0.22115314,-0.07562123,-0.086852394,-0.10702289,-0.060967896,-0.14783311,-0.16796505,-0.15746465,-0.22133875,-0.12812386,-0.0969081,-0.16398169,-0.12716047,-0.11335766,-0.18846886,-0.13070604,-0.17755464,-0.0994983,-0.115196005,-0.15525112,-0.11662802,-0.19749595,-0.14526704,-0.12781724,-0.096878245,-0.1552522,-0.15844196,-0.12434345,-0.11230643,-0.063823454,-0.15517394,-0.11419349,-0.10007019,-0.24483351,-0.15535408,-0.15864806,-0.16344379,-0.1759062,-0.12524253,-0.15533781,-0.0782174,-0.19187105,-0.18185812,-0.09859173,-0.11065883,-0.15497741,-0.1583019,-0.083404,-0.1213824,-0.13072303,-0.13855581,-0.19385117,-0.1553122,-0.15865411,-0.19487974,-0.23847799,-0.2432746,-0.13033672,-0.15512568,-0.15862194,-0.14520228,-0.2961179,-0.15535328,-0.19813283,-0.13060254,-0.15528157,-0.060104962,-0.15931924,-0.15535122,-0.2028091,-0.2868003,-0.11816878,-0.14795661,-0.10060286,-0.15517683,-0.13614628,-0.20725825,-0.17393659,-0.125103,-0.15657571,-0.15690626,-0.1553497,-0.15865684,-0.16221246,-0.22200036,-0.13078403,-0.2814266,-0.15535453,-0.1915083,-0.24371436,-0.16952515,-0.15525568,-0.13369927,-0.12557748,-0.15534616,-0.18106565,-0.15535426,-0.18642783,-0.15528983,-0.30462334,-0.15522848,-0.14691104,-0.13029914,-0.15533976,-0.15864307,-0.18915205,-0.13069797,-0.15534541,-0.10481856,-0.1650517,-0.1553428,-0.15865906,-0.15862583,-0.13025005,-0.15523732,-0.15862074,-0.15861072,-0.15862353,-0.15863302,-0.16505513,-0.17392421,-0.15533775,-0.15865105,-0.15863964,-0.15865162,-0.2025511,-0.15354379,-0.14723541,-0.15420768,-0.11499533,-0.10471026,-0.11893196,-0.15534192,-0.15857081,-0.13065504,-0.19501048,-0.15535063,-0.18738703,-0.11705899,-0.17429145,-0.1553398,-0.06652963,-0.15507013,-0.10737923,-0.124497145,-0.15298569,-0.052188452,-0.26007295
k__Bacteria|p__Firmicutes|c__Clostridia|o__Eubacteriales|f__Lachnospiraceae|g__Oribacterium|s__Oribacterium_SGB5287,-0.1004395,-0.12316422,-0.15530168,-0.15865993,-0.1586602,-0.23867357,-0.1666669,-0.16813041,-0.10929718,-0.22895765,-0.23728925,-0.15530661,-0.22850217,-0.3768707,-0.08556121,-0.15489042,-0.058144663,-0.15475203,-0.15859571,-0.19931981,-0.1978925,-0.13017055,-0.15527008,-0.12711628,-0.20043859,-0.11658599,-0.182019,-0.25032333,-0.1509206,-0.15527532,-0.15142563,-0.10844302,-0.18249588,-0.28454733,-0.15529314,-0.13036011,-0.15530413,-0.22338755,-0.155307,-0.29867563,-0.15530705,-0.29356226,-0.12966457,-0.1551548,-0.13691942,-0.15530129,-0.23188588,-0.24781659,-0.1296162,-0.13036643,-0.24679694,-0.18279888,-0.25087595,-0.26027086,-0.28621647,-0.27511892,-0.11894142,-0.1552172,-0.040142577,-0.056944285,-0.15455958,-0.11274739,-0.13743341,-0.13025215,-0.15528464,-0.15865538,-0.15866,-0.15866065,-0.27573854,-0.15526646,-0.13025172,-0.16243835,-0.12334165,-0.14074792,-0.15527171,-0.15887658,-0.14481027,-0.13034473,-0.18691605,-0.14998752,-0.15529455,-0.15863806,-0.15864971,-0.15858327,-0.120334074,-0.13700745,-0.08858878,-0.15528843,-0.19008024,-0.15529996,-0.2004665,-0.11139822,-0.1388583,-0.13027036,-0.1074974,-0.15152657,-0.15520057,-0.1583503,-0.10065024,-0.08152827,-0.09427856,-0.15525153,-0.11960925,-0.15027548,-0.16982608,-0.1185138,-0.15526885,-0.1586537,-0.17738779,-0.15176103,-0.15530291,-0.25953975,-0.17989698,-0.13525523,-0.15530002,-0.15095688,-0.17780018,-0.2009549,-0.15527934,-0.09015879,-0.15499741,-0.12151222,-0.121854745,-0.13997786,-0.21433522,-0.13908121,-0.16057305,-0.15522647,-0.07092635,-0.15465581,-0.15786566,-0.18733518,-0.15503958,-0.13024311,-0.12334781,-0.14100276,-0.15525834,-0.114095174,-0.25318068,-0.26654312,-0.12949508,-0.10945694,-0.15524915,-0.09238048,-0.20963459,-0.15530024,-0.158574,-0.12975886,-0.15522704,-0.16015086,-0.1553517,-0.15530473,-0.19704957,-0.20616047,-0.12918052,-0.10460003,-0.11361031,-0.10256614,-0.15529709,-0.19495486,-0.1552728,-0.12968716,-0.15513983,-0.041086134,-0.12967405,-0.15530346,-0.2300741,-0.15528196,-0.10384405,-0.15385252,-0.0784167,-0.15515807,-0.12766197,-0.15517841,-0.121451,-0.075820275,-0.09192432,-0.101488546,-0.15503143,-0.15856324,-0.12378413,-0.15514457,-0.1410757,-0.13984437,-0.18093297,-0.15530597,-0.25777104,-0.12844054,-0.15521327,-0.13462572,-0.119081676,-0.15527591,-0.15865585,-0.15865752,-0.15865865,-0.19755594,-0.25103784,-0.20219928,-0.19465852,-0.24831252,-0.20506537,-0.22091979,-0.15529072,-0.12996796,-0.11956477,-0.15528569,-0.15865213,-0.20931396,-0.18224281,-0.15527676,-0.32474133,-0.15530404,-0.15866137,-0.15866026,-0.15865988,-0.2185038,-0.15527576,-0.114121355,-0.15527907,-0.15864599,-0.15865234,-0.22984435,-0.15529764,-0.15863416,-0.08963354,-0.15519461,-0.15861148,-0.15862957,-0.15863086,-0.13302092,-0.1051107,-0.14014931,-0.15141064,-0.15839578,-0.15615125,-0.14613561,-0.15529394,-0.12319561,-0.13031678,-0.15525776,-0.15866117,-0.15866071,-0.15866071,-0.15866122,-0.38518023,-0.11451449,-0.15526521,-0.15564899,-0.14443555,-0.16636807,-0.15529935,-0.15858343,-0.12993515,-0.047159404,-0.14933375,-0.14016809,-0.14106366,-0.15515384,-0.19987361,-0.1649412,-0.17166539,-0.15527698,-0.15861854,-0.12722544,-0.14610182,-0.2588673,-0.13012494,-0.15517643,-0.09132757,-0.12832497,-0.13684332,-0.16221203,-0.15659244,-0.12954473,-0.15504497,-0.15856607,-0.15861523,-0.15864915,-0.15740095,-0.19795567,-0.15106063,-0.07294749,-0.2039893,-0.15526596,-0.1586137,-0.104459345,-0.15491042,-0.17466888,-0.13176009,-0.15527314,-0.15109587,-0.10913184,-0.15510824,-0.05825615,-0.14326635,-0.17082691,-0.15521173,-0.18883844,-0.15530518,-0.31316653,-0.15529543,-0.16808087,-0.14331596,-0.15529743,-0.15865773,-0.25088155,-0.15530556,-0.22115314,-0.07562123,-0.086852394,-0.10702289,-0.060967896,-0.14859362,-0.16796505,-0.15746465,-0.22133875,-0.12812386,-0.0969081,-0.16398169,-0.12716047,-0.11335766,-0.18846886,-0.13031033,-0.17755464,-0.0994983,-0.115196005,-0.15521291,-0.11662802,-0.19749595,-0.14526704,-0.12781724,-0.096878245,-0.15521264,-0.15846156,-0.12434345,-0.11230643,-0.063823454,-0.15514234,-0.11419349,-0.10007019,-0.24483351,-0.15530609,-0.15864944,-0.16344379,-0.1759062,-0.12524253,-0.15529124,-0.0782174,-0.19187105,-0.18185812,-0.09859173,-0.11065883,-0.1549622,-0.15833399,-0.083404,-0.1213824,-0.13072303,-0.13855581,-0.19385117,-0.15526858,-0.15865454,-0.19487974,-0.23847799,-0.2432746,-0.12997335,-0.15509865,-0.15862563,-0.14520228,-0.2961179,-0.15530533,-0.19813283,-0.13021675,-0.1552408,-0.060104962,-0.15931924,-0.15530355,-0.2028091,-0.2868003,-0.11816878,-0.14795661,-0.10060286,-0.15514657,-0.13614628,-0.20725825,-0.17393659,-0.125103,-0.15657571,-0.15690626,-0.15530214,-0.158657,-0.16221246,-0.22200036,-0.13038166,-0.2814266,-0.1553065,-0.1915083,-0.24371436,-0.16952515,-0.15521929,-0.13369927,-0.12557748,-0.15529896,-0.18106565,-0.15530625,-0.18642783,-0.15524955,-0.30462334,-0.15519372,-0.14691104,-0.13029914,-0.15529314,-0.15864448,-0.18915205,-0.13030218,-0.15529819,-0.10481856,-0.1650517,-0.15529601,-0.15865907,-0.15863007,-0.12989852,-0.15519965,-0.1586248,-0.15861546,-0.1586272,-0.15863541,-0.16505513,-0.17392421,-0.15529141,-0.15865175,-0.15864152,-0.15865228,-0.2025511,-0.15354379,-0.14723541,-0.1542859,-0.11499533,-0.10471026,-0.11893196,-0.15529509,-0.15858096,-0.13026181,-0.19501048,-0.15530305,-0.18738703,-0.11705899,-0.17429145,-0.1552934,-0.06652963,-0.15504624,-0.10737923,-0.124497145,-0.15298569,-0.052188452,-0.26007295
k__Bacteria|p__Firmicutes|c__Clostridia|o__Eubacteriales|f__Lachnospiraceae|g__Merdimonas|s__Merdimonas_faecis,-0.1004395,-0.12316422,-0.15532953,-0.15859082,-0.15859112,-0.23867357,-0.1666669,-0.16813041,-0.10929718,-0.22895765,-0.23728925,-0.15533453,-0.22850217,-0.3768707,-0.08556121,-0.15490648,-0.058144663,-0.15476382,-0.15852582,-0.19931981,-0.1978925,-0.13089567,-0.15529728,-0.12711628,-0.20043859,-0.11658599,-0.182019,-0.25032333,-0.1509206,-0.15530285,-0.15142563,-0.10844302,-0.18249588,-0.28454733,-0.15532061,-0.13110696,-0.155332,-0.22338755,-0.1553349,-0.29867563,-0.15533498,-0.29356226,-0.13033898,-0.15518126,-0.13691942,-0.15532908,-0.23188588,-0.24781659,-0.1296162,-0.13111363,-0.24679694,-0.18279888,-0.25087595,-0.26027086,-0.28621647,-0.27511892,-0.11894142,-0.1552432,-0.040142577,-0.056944285,-0.15457925,-0.11274739,-0.13743341,-0.1309848,-0.15531233,-0.15858616,-0.1585909,-0.15859157,-0.27573854,-0.15529336,-0.13098922,-0.16243835,-0.12334165,-0.14074792,-0.15529895,-0.15887658,-0.14481027,-0.13108961,-0.18691605,-0.14998752,-0.15532224,-0.15856859,-0.15858051,-0.15851243,-0.120334074,-0.13700745,-0.08858878,-0.15531597,-0.19008024,-0.15532774,-0.2004665,-0.11139822,-0.1388583,-0.13027036,-0.1074974,-0.15152657,-0.15522596,-0.15826571,-0.10065024,-0.08152827,-0.09427856,-0.15527816,-0.11960925,-0.15027548,-0.16982608,-0.1185138,-0.15529644,-0.15858448,-0.17738779,-0.15176103,-0.15533078,-0.25953975,-0.17989698,-0.13525523,-0.15532778,-0.15095688,-0.17780018,-0.2009549,-0.15530697,-0.09015879,-0.15501712,-0.12151222,-0.121854745,-0.13997786,-0.21433522,-0.13908121,-0.16057305,-0.1552524,-0.07092635,-0.15467092,-0.15779376,-0.18733518,-0.15506752,-0.130969,-0.12334781,-0.14100276,-0.15528527,-0.114095174,-0.25318068,-0.26654312,-0.1300991,-0.10945694,-0.15527576,-0.09238048,-0.20963459,-0.15532802,-0.15850633,-0.13040875,-0.15525389,-0.16015086,-0.1553517,-0.15533261,-0.19704957,-0.20616047,-0.1297857,-0.10460003,-0.11361031,-0.10256614,-0.15532476,-0.19495486,-0.1552996,-0.13031517,-0.15516354,-0.041086134,-0.12967405,-0.15533137,-0.2300741,-0.15530935,-0.10384405,-0.15384485,-0.0784167,-0.15518367,-0.12766197,-0.15520352,-0.121451,-0.075820275,-0.09192432,-0.101488546,-0.15505177,-0.15849173,-0.12378413,-0.15517211,-0.1410757,-0.13984437,-0.18093297,-0.15533386,-0.25777104,-0.12844054,-0.15523991,-0.13462572,-0.119081676,-0.15530303,-0.15858668,-0.1585884,-0.15858957,-0.19755594,-0.25103784,-0.20219928,-0.19465852,-0.24831252,-0.20506537,-0.22091979,-0.1553185,-0.13063848,-0.11956477,-0.15531312,-0.15858291,-0.20931396,-0.18224281,-0.15530457,-0.32474133,-0.15533188,-0.15859228,-0.15859115,-0.15859076,-0.2185038,-0.15530398,-0.114121355,-0.15530686,-0.1585769,-0.15858316,-0.22984435,-0.15532531,-0.15856579,-0.08963354,-0.15522084,-0.15854117,-0.15856016,-0.15856096,-0.13302092,-0.1051107,-0.14014931,-0.15141064,-0.15839578,-0.15615125,-0.14613561,-0.15532151,-0.12319561,-0.13106088,-0.15528534,-0.1585921,-0.15859163,-0.15859163,-0.15859216,-0.38518023,-0.11451449,-0.15529242,-0.15564899,-0.14443555,-0.16636807,-0.15532719,-0.1585145,-0.12993515,-0.047159404,-0.14933994,-0.14016809,-0.14106366,-0.15517952,-0.19987361,-0.1649412,-0.17166539,-0.15530425,-0.15854818,-0.12722544,-0.14610182,-0.2588673,-0.13082978,-0.15520072,-0.09132757,-0.12832497,-0.13684332,-0.16221203,-0.15659244,-0.13015172,-0.15506876,-0.15849492,-0.1585451,-0.15857983,-0.15740095,-0.19795567,-0.15106063,-0.07294749,-0.2039893,-0.15529339,-0.15854323,-0.104459345,-0.154921,-0.17466888,-0.13176009,-0.15530013,-0.15109587,-0.10913184,-0.15513143,-0.05825615,-0.14326635,-0.17082691,-0.1552383,-0.18883844,-0.15533307,-0.31316653,-0.15532339,-0.16808087,-0.14331596,-0.15532514,-0.15858865,-0.25088155,-0.15533347,-0.22115314,-0.07562123,-0.086852394,-0.10702289,-0.060967896,-0.14857933,-0.16796505,-0.15746465,-0.22133875,-0.12812386,-0.0969081,-0.16398169,-0.12716047,-0.11335766,-0.18846886,-0.13105188,-0.17755464,-0.0994983,-0.115196005,-0.1552392,-0.11662802,-0.19749595,-0.14526704,-0.12781724,-0.096878245,-0.155238,-0.1583875,-0.12434345,-0.11230643,-0.063823454,-0.15516634,-0.11419349,-0.10007019,-0.24483351,-0.15533397,-0.1585804,-0.16344379,-0.1759062,-0.12524253,-0.1553188,-0.0782174,-0.19187105,-0.18185812,-0.09859173,-0.11065883,-0.1549817,-0.1582576,-0.083404,-0.1213824,-0.13072303,-0.13855581,-0.19385117,-0.15529612,-0.15858535,-0.19487974,-0.23847799,-0.2432746,-0.13068919,-0.15512201,-0.15855609,-0.14520228,-0.2961179,-0.1553332,-0.19813283,-0.13094339,-0.15526766,-0.060104962,-0.15931924,-0.15533143,-0.2028091,-0.2868003,-0.11816878,-0.14795661,-0.10060286,-0.15517202,-0.13614628,-0.20725825,-0.17393659,-0.125103,-0.15657571,-0.15690626,-0.15532999,-0.15858784,-0.16221246,-0.22200036,-0.13112962,-0.2814266,-0.15533441,-0.1915083,-0.24371436,-0.16952515,-0.15524682,-0.13369927,-0.12557748,-0.1553268,-0.18106565,-0.15533414,-0.18642783,-0.15527745,-0.30462334,-0.15522069,-0.14691104,-0.13029914,-0.15532081,-0.15857509,-0.18915205,-0.13104382,-0.1553259,-0.10481856,-0.1650517,-0.15532383,-0.15858996,-0.15856066,-0.1305751,-0.15522486,-0.15855534,-0.1585457,-0.15855782,-0.15856586,-0.16505513,-0.17392421,-0.15531915,-0.15858248,-0.15857214,-0.15858302,-0.2025511,-0.15354379,-0.14723541,-0.15430945,-0.11499533,-0.10471026,-0.11893196,-0.15532279,-0.15851174,-0.13099971,-0.19501048,-0.15533093,-0.18738703,-0.11705899,-0.17429145,-0.15532112,-0.06652963,-0.15506707,-0.10737923,-0.124497145,-0.15298569,-0.052188452,-0.26007295
k__Bacteria|p__Firmicutes|c__Clostridia|o__Eubacteriales|f__Lachnospiraceae|g__Shuttleworthia|s__Shuttleworthia_satelles,-0.1004395,-0.12316422,-0.15496328,-0.15831292,-0.15831323,-0.23867357,-0.1666669,-0.16813041,-0.10929718,-0.22895765,-0.23728925,-0.15496849,-0.22850217,-0.3768707,-0.08556121,-0.15452811,-0.058144663,-0.1543834,-0.15824547,-0.19931981,-0.1978925,-0.12988232,-0.15493006,-0.12711628,-0.20043859,-0.11658599,-0.182019,-0.25032333,-0.1509206,-0.15493561,-0.15142563,-0.10844302,-0.18249588,-0.28454733,-0.15495424,-0.13008574,-0.15496588,-0.22338755,-0.15496889,-0.29867563,-0.15496896,-0.29356226,-0.12934071,-0.15480897,-0.13691942,-0.1549629,-0.23188588,-0.24781659,-0.1296162,-0.13009238,-0.24679694,-0.18279888,-0.25087595,-0.26027086,-0.28621647,-0.27511892,-0.11894142,-0.15487441,-0.040142577,-0.056944285,-0.15418428,-0.11274739,-0.13743341,-0.1299685,-0.1549454,-0.15830812,-0.15831299,-0.15831369,-0.27573854,-0.15492615,-0.12997013,-0.16243835,-0.12334165,-0.14074792,-0.15493177,-0.15887658,-0.14481027,-0.13006905,-0.18691605,-0.14998752,-0.1549558,-0.15828994,-0.15830222,-0.1582318,-0.120334074,-0.13700745,-0.08858878,-0.15494935,-0.19008024,-0.1549615,-0.2004665,-0.11139822,-0.1388583,-0.13027036,-0.1074974,-0.15152657,-0.15485679,-0.15798277,-0.10065024,-0.08152827,-0.09427856,-0.15491045,-0.11960925,-0.15027548,-0.16982608,-0.1185138,-0.15492885,-0.15830639,-0.17738779,-0.15176103,-0.1549646,-0.25953975,-0.17989698,-0.13525523,-0.15496156,-0.15095688,-0.17780018,-0.2009549,-0.15493983,-0.09015879,-0.15464261,-0.12151222,-0.121854745,-0.13997786,-0.21433522,-0.13908121,-0.16057305,-0.15488404,-0.07092635,-0.15428361,-0.15748057,-0.18733518,-0.15468885,-0.1299558,-0.12334781,-0.14100276,-0.15491766,-0.114095174,-0.25318068,-0.26654312,-0.12915182,-0.10945694,-0.15490797,-0.09238048,-0.20963459,-0.1549618,-0.15822342,-0.12943545,-0.15488479,-0.16015086,-0.1553517,-0.15496652,-0.19704957,-0.20616047,-0.1288347,-0.10460003,-0.11361031,-0.10256614,-0.15495846,-0.19495486,-0.15493275,-0.12935348,-0.15479267,-0.041086134,-0.12967405,-0.15496519,-0.2300741,-0.15494248,-0.10384405,-0.15343493,-0.0784167,-0.15481225,-0.12766197,-0.15483345,-0.121451,-0.075820275,-0.09192432,-0.101488546,-0.15467814,-0.15821101,-0.12378413,-0.15479866,-0.1410757,-0.13984437,-0.18093297,-0.15496781,-0.25777104,-0.12844054,-0.15487078,-0.13462572,-0.119081676,-0.15493613,-0.15830863,-0.1583104,-0.1583116,-0.19755594,-0.25103784,-0.20219928,-0.19465852,-0.24831252,-0.20506537,-0.22091979,-0.15495184,-0.12965326,-0.11956477,-0.15494648,-0.15830474,-0.20931396,-0.18224281,-0.15493724,-0.32474133,-0.15496579,-0.15831444,-0.15831327,-0.15831287,-0.2185038,-0.1549364,-0.114121355,-0.15493962,-0.15829834,-0.15830496,-0.22984435,-0.15495904,-0.15828615,-0.08963354,-0.15485072,-0.1582619,-0.15828106,-0.15828227,-0.13302092,-0.1051107,-0.14014931,-0.15141064,-0.15839578,-0.15615125,-0.14613561,-0.15495513,-0.12319561,-0.1300395,-0.15491727,-0.15831424,-0.15831375,-0.15831375,-0.15831429,-0.38518023,-0.11451449,-0.15492496,-0.15564899,-0.14443555,-0.16636807,-0.15496087,-0.15823291,-0.12993515,-0.047159404,-0.14870667,-0.14016809,-0.14106366,-0.15480798,-0.19987361,-0.1649412,-0.17166539,-0.1549373,-0.15826926,-0.12722544,-0.14610182,-0.2588673,-0.12982905,-0.15483114,-0.09132757,-0.12832497,-0.13684332,-0.16221203,-0.15659244,-0.12921548,-0.15469344,-0.15821412,-0.15826586,-0.15830158,-0.15740095,-0.19795567,-0.15106063,-0.07294749,-0.2039893,-0.15492582,-0.15826415,-0.104459345,-0.15456775,-0.17466888,-0.13176009,-0.15493321,-0.15109587,-0.10913184,-0.1547594,-0.05825615,-0.14326635,-0.17082691,-0.15486881,-0.18883844,-0.15496698,-0.31316653,-0.15495679,-0.16808087,-0.14331596,-0.15495883,-0.15831064,-0.25088155,-0.1549674,-0.22115314,-0.07562123,-0.086852394,-0.10702289,-0.060967896,-0.14792971,-0.16796505,-0.15746465,-0.22133875,-0.12812386,-0.0969081,-0.16398169,-0.12716047,-0.11335766,-0.18846886,-0.13003208,-0.17755464,-0.0994983,-0.115196005,-0.15486994,-0.11662802,-0.19749595,-0.14526704,-0.12781724,-0.096878245,-0.15486947,-0.15810385,-0.12434345,-0.11230643,-0.063823454,-0.15479524,-0.11419349,-0.10007019,-0.24483351,-0.15496793,-0.15830198,-0.16344379,-0.1759062,-0.12524253,-0.15495229,-0.0782174,-0.19187105,-0.18185812,-0.09859173,-0.11065883,-0.15460575,-0.15796968,-0.083404,-0.1213824,-0.13072303,-0.13855581,-0.19385117,-0.15492857,-0.15830727,-0.19487974,-0.23847799,-0.2432746,-0.12967816,-0.15474951,-0.1582769,-0.14520228,-0.2961179,-0.15496714,-0.19813283,-0.12993051,-0.15489928,-0.060104962,-0.15931924,-0.15496528,-0.2028091,-0.2868003,-0.11816878,-0.14795661,-0.10060286,-0.15480018,-0.13614628,-0.20725825,-0.17393659,-0.125103,-0.15657571,-0.15690626,-0.15496379,-0.15830985,-0.16221246,-0.22200036,-0.1301085,-0.2814266,-0.15496838,-0.1915083,-0.24371436,-0.16952515,-0.15487681,-0.13369927,-0.12557748,-0.15496045,-0.18106565,-0.1549681,-0.18642783,-0.15490866,-0.30462334,-0.15485005,-0.14691104,-0.13029914,-0.15495431,-0.15829667,-0.18915205,-0.13002376,-0.15495962,-0.10481856,-0.1650517,-0.15495735,-0.15831202,-0.15828145,-0.12958768,-0.15485573,-0.15827602,-0.15826616,-0.15827858,-0.15828711,-0.16505513,-0.17392421,-0.15495253,-0.15830433,-0.15829358,-0.15830487,-0.2025511,-0.15354379,-0.14723541,-0.15389878,-0.11499533,-0.10471026,-0.11893196,-0.15495637,-0.15823007,-0.12998044,-0.19501048,-0.15496475,-0.18738703,-0.11705899,-0.17429145,-0.15495464,-0.06652963,-0.15469365,-0.10737923,-0.124497145,-0.15298569,-0.052188452,-0.26007295
k__Bacteria|p__Firmicutes|c__CFGB1195|o__OFGB1195|f__FGB1195|g__GGB2949|s__GGB2949_SGB6657,-0.1004395,-0.12316422,-0.15496045,-0.15830278,-0.15830305,-0.23867357,-0.1666669,-0.16813041,-0.10929718,-0.22895765,-0.23728925,-0.15496543,-0.22850217,-0.3768707,-0.08556121,-0.154546,-0.058144663,-0.1544095,-0.15823822,-0.19931981,-0.1978925,-0.12993987,-0.15492874,-0.12711628,-0.20043859,-0.11658599,-0.182019,-0.25032333,-0.1509206,-0.15493383,-0.15142563,-0.10844302,-0.18249588,-0.28454733,-0.15495163,-0.13013743,-0.15496296,-0.22338755,-0.15496582,-0.29867563,-0.15496589,-0.29356226,-0.12941933,-0.15481204,-0.13691942,-0.1549601,-0.23188588,-0.24781659,-0.1296162,-0.13014364,-0.24679694,-0.18279888,-0.25087595,-0.26027086,-0.28621647,-0.27511892,-0.11894142,-0.1548756,-0.040142577,-0.056944285,-0.1542126,-0.11274739,-0.13743341,-0.13002287,-0.15494324,-0.15829818,-0.15830281,-0.1583035,-0.27573854,-0.15492438,-0.13002545,-0.16243835,-0.12334165,-0.14074792,-0.15493037,-0.15887658,-0.14481027,-0.13012129,-0.18691605,-0.14998752,-0.15495333,-0.15828079,-0.15829244,-0.15822327,-0.120334074,-0.13700745,-0.08858878,-0.15494718,-0.19008024,-0.15495875,-0.2004665,-0.11139822,-0.1388583,-0.13027036,-0.1074974,-0.15152657,-0.15485883,-0.15798226,-0.10065024,-0.08152827,-0.09427856,-0.15491009,-0.11960925,-0.15027548,-0.16982608,-0.1185138,-0.15492743,-0.1582965,-0.17738779,-0.15176103,-0.1549617,-0.25953975,-0.17989698,-0.13525523,-0.15495881,-0.15095688,-0.17780018,-0.2009549,-0.15493731,-0.09015879,-0.15465507,-0.12151222,-0.121854745,-0.13997786,-0.21433522,-0.13908121,-0.16057305,-0.1548849,-0.07092635,-0.1543107,-0.15749924,-0.18733518,-0.15469354,-0.13001078,-0.12334781,-0.14100276,-0.15491694,-0.114095174,-0.25318068,-0.26654312,-0.12921777,-0.10945694,-0.15490775,-0.09238048,-0.20963459,-0.15495905,-0.1582152,-0.12949903,-0.15488532,-0.16015086,-0.1553517,-0.15496355,-0.19704957,-0.20616047,-0.12890986,-0.10460003,-0.11361031,-0.10256614,-0.1549559,-0.19495486,-0.15493083,-0.12941411,-0.15479782,-0.041086134,-0.12967405,-0.15496224,-0.2300741,-0.15494017,-0.10384405,-0.15350187,-0.0784167,-0.15481618,-0.12766197,-0.1548366,-0.121451,-0.075820275,-0.09192432,-0.101488546,-0.1546883,-0.15820566,-0.12378413,-0.15480094,-0.1410757,-0.13984437,-0.18093297,-0.15496479,-0.25777104,-0.12844054,-0.15487094,-0.13462572,-0.119081676,-0.15493467,-0.15829867,-0.15830034,-0.1583015,-0.19755594,-0.25103784,-0.20219928,-0.19465852,-0.24831252,-0.20506537,-0.22091979,-0.15494932,-0.12971134,-0.11956477,-0.15494445,-0.15829492,-0.20931396,-0.18224281,-0.15493536,-0.32474133,-0.15496287,-0.1583042,-0.15830308,-0.15830272,-0.2185038,-0.1549345,-0.114121355,-0.1549377,-0.1582886,-0.15829514,-0.22984435,-0.15495645,-0.15827712,-0.08963354,-0.15485284,-0.15825427,-0.15827218,-0.15827364,-0.13302092,-0.1051107,-0.14014931,-0.15141064,-0.15839578,-0.15615125,-0.14613561,-0.15495276,-0.12319561,-0.13009268,-0.15491611,-0.15830402,-0.15830356,-0.15830356,-0.15830407,-0.38518023,-0.11451449,-0.15492377,-0.15564899,-0.14443555,-0.16636807,-0.15495811,-0.15822494,-0.12993515,-0.047159404,-0.14892894,-0.14016809,-0.14106366,-0.15481171,-0.19987361,-0.1649412,-0.17166539,-0.15493567,-0.15826133,-0.12722544,-0.14610182,-0.2588673,-0.12988438,-0.15483437,-0.09132757,-0.12832497,-0.13684332,-0.16221203,-0.15659244,-0.12927362,-0.15470204,-0.15820843,-0.1582579,-0.15829194,-0.15740095,-0.19795567,-0.15106063,-0.07294749,-0.2039893,-0.15492448,-0.15825644,-0.104459345,-0.15456647,-0.17466888,-0.13176009,-0.15493195,-0.15109587,-0.10913184,-0.15476558,-0.05825615,-0.14326635,-0.17082691,-0.15486994,-0.18883844,-0.154964,-0.31316653,-0.15495406,-0.16808087,-0.14331596,-0.15495622,-0.15830055,-0.25088155,-0.15496436,-0.22115314,-0.07562123,-0.086852394,-0.10702289,-0.060967896,-0.14818555,-0.16796505,-0.15746465,-0.22133875,-0.12812386,-0.0969081,-0.16398169,-0.12716047,-0.11335766,-0.18846886,-0.13008538,-0.17755464,-0.0994983,-0.115196005,-0.15487114,-0.11662802,-0.19749595,-0.14526704,-0.12781724,-0.096878245,-0.15487128,-0.15810314,-0.12434345,-0.11230643,-0.063823454,-0.15480009,-0.11419349,-0.10007019,-0.24483351,-0.15496491,-0.15829203,-0.16344379,-0.1759062,-0.12524253,-0.15495002,-0.0782174,-0.19187105,-0.18185812,-0.09859173,-0.11065883,-0.15461944,-0.15797496,-0.083404,-0.1213824,-0.13072303,-0.13855581,-0.19385117,-0.15492707,-0.15829736,-0.19487974,-0.23847799,-0.2432746,-0.12974034,-0.15475626,-0.15826821,-0.14520228,-0.2961179,-0.15496416,-0.19813283,-0.12998557,-0.15489906,-0.060104962,-0.15931924,-0.15496233,-0.2028091,-0.2868003,-0.11816878,-0.14795661,-0.10060286,-0.15480399,-0.13614628,-0.20725825,-0.17393659,-0.125103,-0.15657571,-0.15690626,-0.15496093,-0.15829983,-0.16221246,-0.22200036,-0.1301591,-0.2814266,-0.15496533,-0.1915083,-0.24371436,-0.16952515,-0.15487647,-0.13369927,-0.12557748,-0.15495774,-0.18106565,-0.15496507,-0.18642783,-0.15490744,-0.30462334,-0.15485153,-0.14691104,-0.13029914,-0.15495187,-0.15828729,-0.18915205,-0.13007767,-0.15495697,-0.10481856,-0.1650517,-0.15495473,-0.15830189,-0.15827195,-0.12964585,-0.1548579,-0.15826726,-0.15825802,-0.1582698,-0.15827817,-0.16505513,-0.17392421,-0.15495011,-0.15829456,-0.15828425,-0.15829508,-0.2025511,-0.15354379,-0.14723541,-0.15393367,-0.11499533,-0.10471026,-0.11893196,-0.15495384,-0.15822232,-0.13003653,-0.19501048,-0.15496182,-0.18738703,-0.11705899,-0.17429145,-0.15495184,-0.06652963,-0.15470348,-0.10737923,-0.124497145,-0.15298569,-0.052188452,-0.26007295
k__Bacteria|p__Firmicutes|c__Clostridia|o__Eubacteriales|f__Lachnospiraceae|g__Faecalicatena|s__Faecalicatena_orotica,-0.1004395,-0.12316422,-0.15558773,-0.15893966,-0.1589399,-0.23867357,-0.1666669,-0.16813041,-0.10929718,-0.22895765,-0.23728925,-0.15559211,-0.22850217,-0.3768707,-0.08556121,-0.15522096,-0.058144663,-0.15510531,-0.15888304,-0.19931981,-0.1978925,-0.13052355,-0.15555996,-0.12711628,-0.20043859,-0.11658599,-0.182019,-0.25032333,-0.1509206,-0.15556443,-0.15142563,-0.10844302,-0.18249588,-0.28454733,-0.15558001,-0.13069311,-0.15558994,-0.22338755,-0.15559244,-0.29867563,-0.1555925,-0.29356226,-0.13006052,-0.15545744,-0.13691942,-0.15558743,-0.23188588,-0.24781659,-0.1296162,-0.13069856,-0.24679694,-0.18279888,-0.25087595,-0.26027086,-0.28621647,-0.27511892,-0.11894142,-0.1555134,-0.040142577,-0.056944285,-0.15493274,-0.11274739,-0.13743341,-0.13059486,-0.15557264,-0.15893567,-0.1589397,-0.15894029,-0.27573854,-0.15555602,-0.13059594,-0.16243835,-0.12334165,-0.14074792,-0.15556142,-0.15887658,-0.14481027,-0.1306792,-0.18691605,-0.14998752,-0.1555815,-0.15892044,-0.15893063,-0.15886997,-0.120334074,-0.13700745,-0.08858878,-0.15557611,-0.19008024,-0.15558624,-0.2004665,-0.11139822,-0.1388583,-0.13027036,-0.1074974,-0.15152657,-0.15549885,-0.15865116,-0.10065024,-0.08152827,-0.09427856,-0.15554366,-0.11960925,-0.15027548,-0.16982608,-0.1185138,-0.15555876,-0.15893418,-0.17738779,-0.15176103,-0.15558884,-0.25953975,-0.17989698,-0.13525523,-0.15558632,-0.15095688,-0.17780018,-0.2009549,-0.15556744,-0.09015879,-0.15532053,-0.12151222,-0.121854745,-0.13997786,-0.21433522,-0.13908121,-0.16057305,-0.15552166,-0.07092635,-0.15501744,-0.15823531,-0.18733518,-0.15535386,-0.1305821,-0.12334781,-0.14100276,-0.15554965,-0.114095174,-0.25318068,-0.26654312,-0.12991041,-0.10945694,-0.15554161,-0.09238048,-0.20963459,-0.15558651,-0.15886249,-0.13014577,-0.15552175,-0.16015086,-0.1553517,-0.15559044,-0.19704957,-0.20616047,-0.12963317,-0.10460003,-0.11361031,-0.10256614,-0.15558374,-0.19495486,-0.15556198,-0.1300734,-0.15544538,-0.041086134,-0.12967405,-0.15558931,-0.2300741,-0.1555701,-0.10384405,-0.15430617,-0.0784167,-0.15546109,-0.12766197,-0.15547921,-0.121451,-0.075820275,-0.09192432,-0.101488546,-0.15534937,-0.15885466,-0.12378413,-0.15544418,-0.1410757,-0.13984437,-0.18093297,-0.15559153,-0.25777104,-0.12844054,-0.1555089,-0.13462572,-0.119081676,-0.15556517,-0.15893605,-0.15893754,-0.15893854,-0.19755594,-0.25103784,-0.20219928,-0.19465852,-0.24831252,-0.20506537,-0.22091979,-0.15557802,-0.13032915,-0.11956477,-0.15557376,-0.1589328,-0.20931396,-0.18224281,-0.15556547,-0.32474133,-0.15558985,-0.15894091,-0.15893994,-0.15893961,-0.2185038,-0.15556476,-0.114121355,-0.15556777,-0.15892726,-0.15893298,-0.22984435,-0.15558425,-0.15891655,-0.08963354,-0.15549326,-0.15889719,-0.15891284,-0.15891418,-0.13302092,-0.1051107,-0.14014931,-0.15141064,-0.15839578,-0.15615125,-0.14613561,-0.15558101,-0.12319561,-0.1306543,-0.1555489,-0.15894076,-0.15894035,-0.15894035,-0.15894079,-0.38518023,-0.11451449,-0.15555564,-0.15564899,-0.14443555,-0.16636807,-0.15558568,-0.15887155,-0.12993515,-0.047159404,-0.15029882,-0.14016809,-0.14106366,-0.15545751,-0.19987361,-0.1649412,-0.17166539,-0.15556607,-0.15890345,-0.12722544,-0.14610182,-0.2588673,-0.13047998,-0.15547737,-0.09132757,-0.12832497,-0.13684332,-0.16221203,-0.15659244,-0.12996218,-0.155361,-0.15885708,-0.15890041,-0.15893018,-0.15740095,-0.19795567,-0.15106063,-0.07294749,-0.2039893,-0.1555562,-0.15889916,-0.104459345,-0.15523258,-0.17466888,-0.13176009,-0.15556279,-0.15109587,-0.10913184,-0.15541644,-0.05825615,-0.14326635,-0.17082691,-0.15550846,-0.18883844,-0.15559083,-0.31316653,-0.15558216,-0.16808087,-0.14331596,-0.15558404,-0.15893772,-0.25088155,-0.15559116,-0.22115314,-0.07562123,-0.086852394,-0.10702289,-0.060967896,-0.14965212,-0.16796505,-0.15746465,-0.22133875,-0.12812386,-0.0969081,-0.16398169,-0.12716047,-0.11335766,-0.18846886,-0.13064834,-0.17755464,-0.0994983,-0.115196005,-0.15550953,-0.11662802,-0.19749595,-0.14526704,-0.12781724,-0.096878245,-0.15550968,-0.15876496,-0.12434345,-0.11230643,-0.063823454,-0.15544713,-0.11419349,-0.10007019,-0.24483351,-0.15559164,-0.1589303,-0.16344379,-0.1759062,-0.12524253,-0.1555786,-0.0782174,-0.19187105,-0.18185812,-0.09859173,-0.11065883,-0.15528935,-0.15865268,-0.083404,-0.1213824,-0.13072303,-0.13855581,-0.19385117,-0.15555847,-0.15893492,-0.19487974,-0.23847799,-0.2432746,-0.13035165,-0.15540887,-0.15890938,-0.14520228,-0.2961179,-0.15559098,-0.19813283,-0.13056378,-0.15553394,-0.060104962,-0.15931924,-0.1555894,-0.2028091,-0.2868003,-0.11816878,-0.14795661,-0.10060286,-0.15545067,-0.13614628,-0.20725825,-0.17393659,-0.125103,-0.15657571,-0.15690626,-0.15558815,-0.1589371,-0.16221246,-0.22200036,-0.13071203,-0.2814266,-0.155592,-0.1915083,-0.24371436,-0.16952515,-0.15551332,-0.13369927,-0.12557748,-0.15558535,-0.18106565,-0.15559177,-0.18642783,-0.15554094,-0.30462334,-0.1554923,-0.14691104,-0.13029914,-0.15558022,-0.1589261,-0.18915205,-0.13064164,-0.1555847,-0.10481856,-0.1650517,-0.15558273,-0.1589389,-0.15891281,-0.1302809,-0.155498,-0.15890856,-0.15890041,-0.15891072,-0.15891805,-0.16505513,-0.17392421,-0.15557867,-0.15893248,-0.15892345,-0.15893295,-0.2025511,-0.15354379,-0.14723541,-0.15468793,-0.11499533,-0.10471026,-0.11893196,-0.15558195,-0.15886888,-0.13060583,-0.19501048,-0.15558892,-0.18738703,-0.11705899,-0.17429145,-0.15558034,-0.06652963,-0.15536234,-0.10737923,-0.124497145,-0.15298569,-0.052188452,-0.26007295
k__Bacteria|p__Firmicutes|c__Bacilli|o__Lactobacillales|f__Streptococcaceae|g__Streptococcus|s__Streptococcus_sobrinus,-0.1004395,-0.12316422,-0.15502658,-0.15832564,-0.15832591,-0.23867357,-0.1666669,-0.16813041,-0.10929718,-0.22895765,-0.23728925,-0.15503153,-0.22850217,-0.3768707,-0.08556121,-0.15461124,-0.058144663,-0.15447365,-0.15826139,-0.19931981,-0.1978925,-0.13032372,-0.15499492,-0.12711628,-0.20043859,-0.11658599,-0.182019,-0.25032333,-0.1509206,-0.15500018,-0.15142563,-0.10844302,-0.18249588,-0.28454733,-0.1550178,-0.13052455,-0.15502906,-0.22338755,-0.15503192,-0.29867563,-0.15503198,-0.29356226,-0.12979525,-0.15487924,-0.13691942,-0.15502623,-0.23188588,-0.24781659,-0.1296162,-0.13053076,-0.24679694,-0.18279888,-0.25087595,-0.26027086,-0.28621647,-0.27511892,-0.11894142,-0.15494178,-0.040142577,-0.056944285,-0.15428333,-0.11274739,-0.13743341,-0.1304083,-0.15500951,-0.15832107,-0.1583257,-0.15832636,-0.27573854,-0.15499094,-0.13041125,-0.16243835,-0.12334165,-0.14074792,-0.15499653,-0.15887658,-0.14481027,-0.13050777,-0.18691605,-0.14998752,-0.15501946,-0.15830374,-0.15831539,-0.15824744,-0.120334074,-0.13700745,-0.08858878,-0.1550133,-0.19008024,-0.15502489,-0.2004665,-0.11139822,-0.1388583,-0.13027036,-0.1074974,-0.15152657,-0.15492496,-0.15800317,-0.10065024,-0.08152827,-0.09427856,-0.15497622,-0.11960925,-0.15027548,-0.16982608,-0.1185138,-0.1549938,-0.15831938,-0.17738779,-0.15176103,-0.15502784,-0.25953975,-0.17989698,-0.13525523,-0.15502492,-0.15095688,-0.17780018,-0.2009549,-0.1550039,-0.09015879,-0.15472068,-0.12151222,-0.121854745,-0.13997786,-0.21433522,-0.13908121,-0.16057305,-0.15495104,-0.07092635,-0.1543785,-0.15753049,-0.18733518,-0.15476394,-0.1303936,-0.12334781,-0.14100276,-0.1549831,-0.114095174,-0.25318068,-0.26654312,-0.12958816,-0.10945694,-0.15497386,-0.09238048,-0.20963459,-0.15502515,-0.1582402,-0.12987739,-0.15495183,-0.16015086,-0.1553517,-0.15502965,-0.19704957,-0.20616047,-0.12927009,-0.10460003,-0.11361031,-0.10256614,-0.155022,-0.19495486,-0.15499726,-0.12978631,-0.15486386,-0.041086134,-0.12967405,-0.15502839,-0.2300741,-0.1550067,-0.10384405,-0.15357134,-0.0784167,-0.15488288,-0.12766197,-0.1549028,-0.121451,-0.075820275,-0.09192432,-0.101488546,-0.15475424,-0.15822846,-0.12378413,-0.15486804,-0.1410757,-0.13984437,-0.18093297,-0.15503088,-0.25777104,-0.12844054,-0.15493779,-0.13462572,-0.119081676,-0.15500072,-0.15832156,-0.15832324,-0.15832439,-0.19755594,-0.25103784,-0.20219928,-0.19465852,-0.24831252,-0.20506537,-0.22091979,-0.15501563,-0.13008957,-0.11956477,-0.15501055,-0.15831783,-0.20931396,-0.18224281,-0.15500179,-0.32474133,-0.15502897,-0.15832707,-0.15832597,-0.15832558,-0.2185038,-0.15500104,-0.114121355,-0.15500404,-0.15831168,-0.15831807,-0.22984435,-0.15502252,-0.15830041,-0.08963354,-0.15491927,-0.15827703,-0.15829524,-0.15829644,-0.13302092,-0.1051107,-0.14014931,-0.15141064,-0.15839578,-0.15615125,-0.14613561,-0.15501884,-0.12319561,-0.13047963,-0.15498263,-0.1583269,-0.15832642,-0.15832643,-0.15832694,-0.38518023,-0.11451449,-0.15499003,-0.15564899,-0.14443555,-0.16636807,-0.15502426,-0.15824932,-0.12993515,-0.047159404,-0.14905438,-0.14016809,-0.14106366,-0.15487847,-0.19987361,-0.1649412,-0.17166539,-0.15500182,-0.15828405,-0.12722544,-0.14610182,-0.2588673,-0.13026601,-0.15490031,-0.09132757,-0.12832497,-0.13684332,-0.16221203,-0.15659244,-0.12965956,-0.15476915,-0.1582314,-0.1582808,-0.15831482,-0.15740095,-0.19795567,-0.15106063,-0.07294749,-0.2039893,-0.15499082,-0.1582792,-0.104459345,-0.15462545,-0.17466888,-0.13176009,-0.15499794,-0.15109587,-0.10913184,-0.15483181,-0.05825615,-0.14326635,-0.17082691,-0.15493649,-0.18883844,-0.1550301,-0.31316653,-0.15502037,-0.16808087,-0.14331596,-0.15502232,-0.15832345,-0.25088155,-0.15503049,-0.22115314,-0.07562123,-0.086852394,-0.10702289,-0.060967896,-0.14831084,-0.16796505,-0.15746465,-0.22133875,-0.12812386,-0.0969081,-0.16398169,-0.12716047,-0.11335766,-0.18846886,-0.13047199,-0.17755464,-0.0994983,-0.115196005,-0.15493755,-0.11662802,-0.19749595,-0.14526704,-0.12781724,-0.096878245,-0.15493712,-0.15812609,-0.12434345,-0.11230643,-0.063823454,-0.15486628,-0.11419349,-0.10007019,-0.24483351,-0.155031,-0.15831518,-0.16344379,-0.1759062,-0.12524253,-0.15501612,-0.0782174,-0.19187105,-0.18185812,-0.09859173,-0.11065883,-0.15468554,-0.15799816,-0.083404,-0.1213824,-0.13072303,-0.13855581,-0.19385117,-0.15499344,-0.15832026,-0.19487974,-0.23847799,-0.2432746,-0.13013008,-0.1548226,-0.15829128,-0.14520228,-0.2961179,-0.15503025,-0.19813283,-0.13036962,-0.15496543,-0.060104962,-0.15931924,-0.15502849,-0.2028091,-0.2868003,-0.11816878,-0.14795661,-0.10060286,-0.15487084,-0.13614628,-0.20725825,-0.17393659,-0.125103,-0.15657571,-0.15690626,-0.15502706,-0.1583227,-0.16221246,-0.22200036,-0.13054632,-0.2814266,-0.15503141,-0.1915083,-0.24371436,-0.16952515,-0.15494385,-0.13369927,-0.12557748,-0.15502389,-0.18106565,-0.15503117,-0.18642783,-0.15497434,-0.30462334,-0.15491849,-0.14691104,-0.13029914,-0.15501803,-0.15831016,-0.18915205,-0.13046408,-0.15502307,-0.10481856,-0.1650517,-0.15502091,-0.15832478,-0.15829557,-0.13003697,-0.15492395,-0.15829042,-0.15828103,-0.15829287,-0.15830107,-0.16505513,-0.17392421,-0.15501632,-0.15831745,-0.1583072,-0.15831798,-0.2025511,-0.15354379,-0.14723541,-0.15400991,-0.11499533,-0.10471026,-0.11893196,-0.15501997,-0.15824683,-0.13042226,-0.19501048,-0.15502797,-0.18738703,-0.11705899,-0.17429145,-0.15501831,-0.06652963,-0.15476905,-0.10737923,-0.124497145,-0.15298569,-0.052188452,-0.26007295
k__Bacteria|p__Firmicutes|c__Clostridia|o__Eubacteriales|f__Lachnospiraceae|g__Faecalicatena|s__Faecalicatena_fissicatena,-0.1004395,-0.12316422,-0.15512025,-0.15842628,-0.15842658,-0.23867357,-0.1666669,-0.16813041,-0.10929718,-0.22895765,-0.23728925,-0.15512523,-0.22850217,-0.3768707,-0.08556121,-0.1547098,-0.058144663,-0.15457344,-0.15836188,-0.19931981,-0.1978925,-0.13037834,-0.1550887,-0.12711628,-0.20043859,-0.11658599,-0.182019,-0.25032333,-0.1509206,-0.1550937,-0.15142563,-0.10844302,-0.18249588,-0.28454733,-0.1551116,-0.13056698,-0.15512274,-0.22338755,-0.1551256,-0.29867563,-0.15512568,-0.29356226,-0.12987563,-0.1549721,-0.13691942,-0.1551199,-0.23188588,-0.24781659,-0.1296162,-0.13057306,-0.24679694,-0.18279888,-0.25087595,-0.26027086,-0.28621647,-0.27511892,-0.11894142,-0.1550358,-0.040142577,-0.056944285,-0.15437311,-0.11274739,-0.13743341,-0.13045742,-0.15510304,-0.15842174,-0.15842634,-0.15842701,-0.27573854,-0.15508446,-0.13045874,-0.16243835,-0.12334165,-0.14074792,-0.15509027,-0.15887658,-0.14481027,-0.13055168,-0.18691605,-0.14998752,-0.15511316,-0.15840438,-0.15841599,-0.15834838,-0.120334074,-0.13700745,-0.08858878,-0.15510702,-0.19008024,-0.15511857,-0.2004665,-0.11139822,-0.1388583,-0.13027036,-0.1074974,-0.15152657,-0.15501904,-0.15811361,-0.10065024,-0.08152827,-0.09427856,-0.15507013,-0.11960925,-0.15027548,-0.16982608,-0.1185138,-0.15508725,-0.15842006,-0.17738779,-0.15176103,-0.1551215,-0.25953975,-0.17989698,-0.13525523,-0.15511863,-0.15095688,-0.17780018,-0.2009549,-0.15509742,-0.09015879,-0.15481661,-0.12151222,-0.121854745,-0.13997786,-0.21433522,-0.13908121,-0.16057305,-0.1550451,-0.07092635,-0.15447432,-0.15762255,-0.18733518,-0.15485394,-0.13044763,-0.12334781,-0.14100276,-0.15507683,-0.114095174,-0.25318068,-0.26654312,-0.12969796,-0.10945694,-0.15506777,-0.09238048,-0.20963459,-0.15511885,-0.15833887,-0.12996137,-0.15504536,-0.16015086,-0.1553517,-0.15512334,-0.19704957,-0.20616047,-0.12939778,-0.10460003,-0.11361031,-0.10256614,-0.15511572,-0.19495486,-0.1550912,-0.12988445,-0.1549587,-0.041086134,-0.12967405,-0.15512203,-0.2300741,-0.15510027,-0.10384405,-0.15367019,-0.0784167,-0.15497641,-0.12766197,-0.15499684,-0.121451,-0.075820275,-0.09192432,-0.101488546,-0.15484963,-0.15832968,-0.12378413,-0.15496428,-0.1410757,-0.13984437,-0.18093297,-0.15512457,-0.25777104,-0.12844054,-0.15503153,-0.13462572,-0.119081676,-0.1550946,-0.1584222,-0.15842389,-0.15842503,-0.19755594,-0.25103784,-0.20219928,-0.19465852,-0.24831252,-0.20506537,-0.22091979,-0.15510915,-0.13016462,-0.11956477,-0.15510432,-0.15841848,-0.20931396,-0.18224281,-0.15509519,-0.32474133,-0.15512265,-0.15842773,-0.15842663,-0.15842624,-0.2185038,-0.15509439,-0.114121355,-0.15509745,-0.15841213,-0.15841869,-0.22984435,-0.15511629,-0.1584005,-0.08963354,-0.1550129,-0.158378,-0.15839574,-0.15839732,-0.13302092,-0.1051107,-0.14014931,-0.15141064,-0.15839578,-0.15615125,-0.14613561,-0.15511261,-0.12319561,-0.13052323,-0.15507591,-0.15842754,-0.15842706,-0.15842707,-0.1584276,-0.38518023,-0.11451449,-0.15508366,-0.15564899,-0.14443555,-0.16636807,-0.1551179,-0.15834859,-0.12993515,-0.047159404,-0.1490869,-0.14016809,-0.14106366,-0.15497178,-0.19987361,-0.1649412,-0.17166539,-0.15509558,-0.1583851,-0.12722544,-0.14610182,-0.2588673,-0.13033065,-0.15499505,-0.09132757,-0.12832497,-0.13684332,-0.16221203,-0.15659244,-0.12974903,-0.15486279,-0.15833238,-0.15838161,-0.15841553,-0.15740095,-0.19795567,-0.15106063,-0.07294749,-0.2039893,-0.15508431,-0.15838024,-0.104459345,-0.15474284,-0.17466888,-0.13176009,-0.1550919,-0.15109587,-0.10913184,-0.1549265,-0.05825615,-0.14326635,-0.17082691,-0.1550299,-0.18883844,-0.15512377,-0.31316653,-0.15511382,-0.16808087,-0.14331596,-0.15511604,-0.15842406,-0.25088155,-0.15512416,-0.22115314,-0.07562123,-0.086852394,-0.10702289,-0.060967896,-0.14834526,-0.16796505,-0.15746465,-0.22133875,-0.12812386,-0.0969081,-0.16398169,-0.12716047,-0.11335766,-0.18846886,-0.13051692,-0.17755464,-0.0994983,-0.115196005,-0.1550312,-0.11662802,-0.19749595,-0.14526704,-0.12781724,-0.096878245,-0.15503159,-0.15822774,-0.12434345,-0.11230643,-0.063823454,-0.1549608,-0.11419349,-0.10007019,-0.24483351,-0.1551247,-0.15841568,-0.16344379,-0.1759062,-0.12524253,-0.15510985,-0.0782174,-0.19187105,-0.18185812,-0.09859173,-0.11065883,-0.15478104,-0.15810011,-0.083404,-0.1213824,-0.13072303,-0.13855581,-0.19385117,-0.15508686,-0.1584209,-0.19487974,-0.23847799,-0.2432746,-0.130181,-0.15491694,-0.15839182,-0.14520228,-0.2961179,-0.15512395,-0.19813283,-0.1304231,-0.15505905,-0.060104962,-0.15931924,-0.15512213,-0.2028091,-0.2868003,-0.11816878,-0.14795661,-0.10060286,-0.15496424,-0.13614628,-0.20725825,-0.17393659,-0.125103,-0.15657571,-0.15690626,-0.15512073,-0.15842336,-0.16221246,-0.22200036,-0.13058826,-0.2814266,-0.15512511,-0.1915083,-0.24371436,-0.16952515,-0.15503688,-0.13369927,-0.12557748,-0.15511751,-0.18106565,-0.15512484,-0.18642783,-0.1550673,-0.30462334,-0.15501133,-0.14691104,-0.13029914,-0.1551117,-0.15841085,-0.18915205,-0.13050944,-0.15511681,-0.10481856,-0.1650517,-0.15511453,-0.15842542,-0.15839583,-0.13009937,-0.15501824,-0.15839085,-0.15838163,-0.15839335,-0.15840177,-0.16505513,-0.17392421,-0.15510994,-0.15841813,-0.1584078,-0.15841864,-0.2025511,-0.15354379,-0.14723541,-0.15409291,-0.11499533,-0.10471026,-0.11893196,-0.15511365,-0.15834641,-0.1304693,-0.19501048,-0.1551216,-0.18738703,-0.11705899,-0.17429145,-0.15511195,-0.06652963,-0.15486543,-0.10737923,-0.124497145,-0.15298569,-0.052188452,-0.26007295
k__Bacteria|p__Firmicutes|c__CFGB2928|o__OFGB2928|f__FGB2928|g__GGB80050|s__GGB80050_SGB6678,-0.1004395,-0.12316422,-0.1548315,-0.15812711,-0.15812735,-0.23867357,-0.1666669,-0.16813041,-0.10929718,-0.22895765,-0.23728925,-0.15483564,-0.22850217,-0.3768707,-0.08556121,-0.15448917,-0.058144663,-0.15437883,-0.1580736,-0.19931981,-0.1978925,-0.13019516,-0.15480533,-0.12711628,-0.20043859,-0.11658599,-0.182019,-0.25032333,-0.1509206,-0.15480952,-0.15142563,-0.10844302,-0.18249588,-0.28454733,-0.15482421,-0.13035506,-0.15483359,-0.22338755,-0.15483597,-0.29867563,-0.15483603,-0.29356226,-0.12976536,-0.1547085,-0.13691942,-0.15483125,-0.23188588,-0.24781659,-0.1296162,-0.13036028,-0.24679694,-0.18279888,-0.25087595,-0.26027086,-0.28621647,-0.27511892,-0.11894142,-0.15476133,-0.040142577,-0.056944285,-0.15421316,-0.11274739,-0.13743341,-0.13026223,-0.15481725,-0.15812334,-0.15812716,-0.15812771,-0.27573854,-0.15480125,-0.13026354,-0.16243835,-0.12334165,-0.14074792,-0.15480672,-0.15887658,-0.14481027,-0.13034213,-0.18691605,-0.14998752,-0.15482564,-0.15810895,-0.15811858,-0.15806156,-0.120334074,-0.13700745,-0.08858878,-0.15482056,-0.19008024,-0.15483013,-0.2004665,-0.11139822,-0.1388583,-0.13027036,-0.1074974,-0.15152657,-0.15474775,-0.15786025,-0.10065024,-0.08152827,-0.09427856,-0.15478997,-0.11960925,-0.15027548,-0.16982608,-0.1185138,-0.15480411,-0.15812196,-0.17738779,-0.15176103,-0.15483256,-0.25953975,-0.17989698,-0.13525523,-0.15483019,-0.15095688,-0.17780018,-0.2009549,-0.15481222,-0.09015879,-0.15457991,-0.12151222,-0.121854745,-0.13997786,-0.21433522,-0.13908121,-0.16057305,-0.15476923,-0.07092635,-0.15429512,-0.15746115,-0.18733518,-0.1546103,-0.13025118,-0.12334781,-0.14100276,-0.15479559,-0.114095174,-0.25318068,-0.26654312,-0.12961623,-0.10945694,-0.15478802,-0.09238048,-0.20963459,-0.15483037,-0.15805377,-0.12983684,-0.15476926,-0.16015086,-0.1553517,-0.15483409,-0.19704957,-0.20616047,-0.12935263,-0.10460003,-0.11361031,-0.10256614,-0.15482777,-0.19495486,-0.15480718,-0.12976994,-0.15469775,-0.041086134,-0.12967405,-0.15483299,-0.2300741,-0.15481475,-0.10384405,-0.15362686,-0.0784167,-0.15471189,-0.12766197,-0.15472922,-0.121451,-0.075820275,-0.09192432,-0.101488546,-0.15460679,-0.15804707,-0.12378413,-0.1546987,-0.1410757,-0.13984437,-0.18093297,-0.1548351,-0.25777104,-0.12844054,-0.1547566,-0.13462572,-0.119081676,-0.15481025,-0.1581237,-0.15812512,-0.15812606,-0.19755594,-0.25103784,-0.20219928,-0.19465852,-0.24831252,-0.20506537,-0.22091979,-0.15482226,-0.1300115,-0.11956477,-0.15481833,-0.15812063,-0.20931396,-0.18224281,-0.15481038,-0.32474133,-0.15483353,-0.1581283,-0.1581274,-0.15812707,-0.2185038,-0.15480942,-0.114121355,-0.15481257,-0.15811536,-0.15812081,-0.22984435,-0.15482822,-0.15810475,-0.08963354,-0.15474221,-0.1580871,-0.15810178,-0.15810314,-0.13302092,-0.1051107,-0.14014931,-0.15141064,-0.15839578,-0.15615125,-0.14613561,-0.15482521,-0.12319561,-0.13031852,-0.15479481,-0.15812816,-0.15812775,-0.15812777,-0.1581282,-0.38518023,-0.11451449,-0.15480123,-0.15564899,-0.14443555,-0.16636807,-0.15482958,-0.1580624,-0.12993515,-0.047159404,-0.14983737,-0.14016809,-0.14106366,-0.15470867,-0.19987361,-0.1649412,-0.17166539,-0.1548111,-0.15809304,-0.12722544,-0.14610182,-0.2588673,-0.13015495,-0.15472758,-0.09132757,-0.12832497,-0.13684332,-0.16221203,-0.15659244,-0.12965174,-0.15461706,-0.15804918,-0.15809008,-0.15811819,-0.15740095,-0.19795567,-0.15106063,-0.07294749,-0.2039893,-0.15480173,-0.15808892,-0.104459345,-0.15449098,-0.17466888,-0.13176009,-0.15480806,-0.15109587,-0.10913184,-0.15467003,-0.05825615,-0.14326635,-0.17082691,-0.15475665,-0.18883844,-0.15483445,-0.31316653,-0.15482618,-0.16808087,-0.14331596,-0.15482804,-0.15812527,-0.25088155,-0.15483475,-0.22115314,-0.07562123,-0.086852394,-0.10702289,-0.060967896,-0.14922225,-0.16796505,-0.15746465,-0.22133875,-0.12812386,-0.0969081,-0.16398169,-0.12716047,-0.11335766,-0.18846886,-0.13031293,-0.17755464,-0.0994983,-0.115196005,-0.15475775,-0.11662802,-0.19749595,-0.14526704,-0.12781724,-0.096878245,-0.15475799,-0.15796238,-0.12434345,-0.11230643,-0.063823454,-0.154699,-0.11419349,-0.10007019,-0.24483351,-0.15483521,-0.15811819,-0.16344379,-0.1759062,-0.12524253,-0.15482293,-0.0782174,-0.19187105,-0.18185812,-0.09859173,-0.11065883,-0.15455055,-0.1578568,-0.083404,-0.1213824,-0.13072303,-0.13855581,-0.19385117,-0.15480386,-0.15812266,-0.19487974,-0.23847799,-0.2432746,-0.13003063,-0.15466288,-0.15809855,-0.14520228,-0.2961179,-0.1548346,-0.19813283,-0.13023283,-0.15478072,-0.060104962,-0.15931924,-0.15483308,-0.2028091,-0.2868003,-0.11816878,-0.14795661,-0.10060286,-0.15470213,-0.13614628,-0.20725825,-0.17393659,-0.125103,-0.15657571,-0.15690626,-0.15483192,-0.1581247,-0.16221246,-0.22200036,-0.13037296,-0.2814266,-0.15483555,-0.1915083,-0.24371436,-0.16952515,-0.15476093,-0.13369927,-0.12557748,-0.15482928,-0.18106565,-0.15483534,-0.18642783,-0.1547871,-0.30462334,-0.15474135,-0.14691104,-0.13029914,-0.15482444,-0.15811431,-0.18915205,-0.1303066,-0.15482865,-0.10481856,-0.1650517,-0.15482676,-0.15812638,-0.15810156,-0.12996143,-0.15474698,-0.15809771,-0.15809005,-0.15809977,-0.15810668,-0.16505513,-0.17392421,-0.15482298,-0.15812035,-0.15811181,-0.15812078,-0.2025511,-0.15354379,-0.14723541,-0.15398072,-0.11499533,-0.10471026,-0.11893196,-0.15482606,-0.15806018,-0.1302732,-0.19501048,-0.15483263,-0.18738703,-0.11705899,-0.17429145,-0.1548244,-0.06652963,-0.15461981,-0.10737923,-0.124497145,-0.15298569,-0.052188452,-0.26007295
k__Bacteria|p__Firmicutes|c__Tissierellia|o__Tissierellales|f__Peptoniphilaceae|g__Anaerococcus|s__Anaerococcus_hydrogenalis,-0.1004395,-0.12316422,-0.15421468,-0.15754104,-0.15754113,-0.23867357,-0.1666669,-0.16813041,-0.10929718,-0.22895765,-0.23728925,-0.15421575,-0.22850217,-0.3768707,-0.08556121,-0.154102,-0.058144663,-0.15408991,-0.15752673,-0.19931981,-0.1978925,-0.12944576,-0.15420762,-0.12711628,-0.20043859,-0.11658599,-0.182019,-0.25032333,-0.1509206,-0.15420893,-0.15142563,-0.10844302,-0.18249588,-0.28454733,-0.15421218,-0.12950645,-0.15421522,-0.22338755,-0.15421584,-0.29867563,-0.15421586,-0.29356226,-0.12928483,-0.15418245,-0.13691942,-0.15421458,-0.23188588,-0.24781659,-0.1296162,-0.1295087,-0.24679694,-0.18279888,-0.25087595,-0.26027086,-0.28621647,-0.27511892,-0.11894142,-0.15419553,-0.040142577,-0.056944285,-0.15406105,-0.11274739,-0.13743341,-0.12947293,-0.1542111,-0.15754008,-0.15754107,-0.15754119,-0.27573854,-0.15420417,-0.12947479,-0.16243835,-0.12334165,-0.14074792,-0.15420839,-0.15887658,-0.14481027,-0.12950182,-0.18691605,-0.14998752,-0.15421313,-0.15753639,-0.15753889,-0.15751594,-0.120334074,-0.13700745,-0.08858878,-0.15421185,-0.19008024,-0.15421432,-0.2004665,-0.11139822,-0.1388583,-0.13027036,-0.1074974,-0.15152657,-0.15419294,-0.15741298,-0.10065024,-0.08152827,-0.09427856,-0.15420349,-0.11960925,-0.15027548,-0.16982608,-0.1185138,-0.15420741,-0.15753967,-0.17738779,-0.15176103,-0.15421498,-0.25953975,-0.17989698,-0.13525523,-0.15421434,-0.15095688,-0.17780018,-0.2009549,-0.15420799,-0.09015879,-0.15414752,-0.12151222,-0.121854745,-0.13997786,-0.21433522,-0.13908121,-0.16057305,-0.15419793,-0.07092635,-0.15406406,-0.15737715,-0.18733518,-0.15415442,-0.12946483,-0.12334781,-0.14100276,-0.15420535,-0.114095174,-0.25318068,-0.26654312,-0.12916395,-0.10945694,-0.15420325,-0.09238048,-0.20963459,-0.1542144,-0.1575177,-0.12927571,-0.1541973,-0.16015086,-0.1553517,-0.15421537,-0.19704957,-0.20616047,-0.1290744,-0.10460003,-0.11361031,-0.10256614,-0.15421373,-0.19495486,-0.15420619,-0.12923208,-0.1541776,-0.041086134,-0.12967405,-0.1542151,-0.2300741,-0.15420887,-0.10384405,-0.15384766,-0.0784167,-0.15418097,-0.12766197,-0.15418753,-0.121451,-0.075820275,-0.09192432,-0.101488546,-0.15415399,-0.15751968,-0.12378413,-0.15415491,-0.1410757,-0.13984437,-0.18093297,-0.15421562,-0.25777104,-0.12844054,-0.1541875,-0.13462572,-0.119081676,-0.15420902,-0.15754014,-0.15754053,-0.15754077,-0.19755594,-0.25103784,-0.20219928,-0.19465852,-0.24831252,-0.20506537,-0.22091979,-0.15421183,-0.12935343,-0.11956477,-0.1542112,-0.15753937,-0.20931396,-0.18224281,-0.15420756,-0.32474133,-0.15421522,-0.15754133,-0.15754113,-0.15754104,-0.2185038,-0.15420626,-0.114121355,-0.15420976,-0.15753815,-0.15753931,-0.22984435,-0.15421379,-0.15753251,-0.08963354,-0.15419059,-0.15753049,-0.15753466,-0.15753478,-0.13302092,-0.1051107,-0.14014931,-0.15141064,-0.15839578,-0.15615125,-0.14613561,-0.15421301,-0.12319561,-0.12949556,-0.15420575,-0.1575413,-0.15754122,-0.15754122,-0.15754133,-0.38518023,-0.11451449,-0.15420699,-0.15564899,-0.14443555,-0.16636807,-0.15421425,-0.15752321,-0.12993515,-0.047159404,-0.15298511,-0.14016809,-0.14106366,-0.15418392,-0.19987361,-0.1649412,-0.17166539,-0.15420945,-0.1575321,-0.12722544,-0.14610182,-0.2588673,-0.12941454,-0.15418613,-0.09132757,-0.12832497,-0.13684332,-0.16221203,-0.15659244,-0.12914048,-0.15415415,-0.15752032,-0.15753117,-0.15753865,-0.15740095,-0.19795567,-0.15106063,-0.07294749,-0.2039893,-0.1542072,-0.15753064,-0.104459345,-0.1540202,-0.17466888,-0.13176009,-0.15420853,-0.15109587,-0.10913184,-0.15416709,-0.05825615,-0.14326635,-0.17082691,-0.15419576,-0.18883844,-0.15421546,-0.31316653,-0.15421331,-0.16808087,-0.14331596,-0.15421379,-0.15754059,-0.25088155,-0.15421554,-0.22115314,-0.07562123,-0.086852394,-0.10702289,-0.060967896,-0.15283877,-0.16796505,-0.15746465,-0.22133875,-0.12812386,-0.0969081,-0.16398169,-0.12716047,-0.11335766,-0.18846886,-0.12949133,-0.17755464,-0.0994983,-0.115196005,-0.15419559,-0.11662802,-0.19749595,-0.14526704,-0.12781724,-0.096878245,-0.15419468,-0.15749662,-0.12434345,-0.11230643,-0.063823454,-0.15417773,-0.11419349,-0.10007019,-0.24483351,-0.15421565,-0.157538,-0.16344379,-0.1759062,-0.12524253,-0.15421247,-0.0782174,-0.19187105,-0.18185812,-0.09859173,-0.11065883,-0.1541399,-0.15746915,-0.083404,-0.1213824,-0.13072303,-0.13855581,-0.19385117,-0.15420774,-0.15753987,-0.19487974,-0.23847799,-0.2432746,-0.12937525,-0.15416983,-0.1575337,-0.14520228,-0.2961179,-0.1542155,-0.19813283,-0.12945601,-0.15420118,-0.060104962,-0.15931924,-0.15421511,-0.2028091,-0.2868003,-0.11816878,-0.14795661,-0.10060286,-0.15418123,-0.13614628,-0.20725825,-0.17393659,-0.125103,-0.15657571,-0.15690626,-0.1542148,-0.15754041,-0.16221246,-0.22200036,-0.1295124,-0.2814266,-0.15421574,-0.1915083,-0.24371436,-0.16952515,-0.15418878,-0.13369927,-0.12557748,-0.15421413,-0.18106565,-0.15421568,-0.18642783,-0.15420088,-0.30462334,-0.1541925,-0.14691104,-0.13029914,-0.15421289,-0.15753773,-0.18915205,-0.12948921,-0.15421388,-0.10481856,-0.1650517,-0.15421356,-0.15754089,-0.157532,-0.12931846,-0.1541923,-0.15753359,-0.15753147,-0.15753406,-0.15753531,-0.16505513,-0.17392421,-0.15421253,-0.15753931,-0.15753719,-0.1575394,-0.2025511,-0.15354379,-0.14723541,-0.1540075,-0.11499533,-0.10471026,-0.11893196,-0.15421328,-0.15751815,-0.12947781,-0.19501048,-0.15421501,-0.18738703,-0.11705899,-0.17429145,-0.15421098,-0.06652963,-0.15415409,-0.10737923,-0.124497145,-0.15298569,-0.052188452,-0.26007295
k__Bacteria|p__Firmicutes|c__Clostridia|o__Eubacteriales|f__Eubacteriales_unclassified|g__Eubacteriales_unclassified|s__Clostridiales_bacterium_KLE1615,-0.1004395,-0.12316422,-0.15523708,-0.15848792,-0.15848826,-0.23867357,-0.1666669,-0.16813041,-0.10929718,-0.22895765,-0.23728925,-0.15524268,-0.22850217,-0.3768707,-0.08556121,-0.15476584,-0.058144663,-0.15459144,-0.158415,-0.19931981,-0.1978925,-0.1308701,-0.1552006,-0.12711628,-0.20043859,-0.11658599,-0.182019,-0.25032333,-0.1509206,-0.1552074,-0.15142563,-0.10844302,-0.18249588,-0.28454733,-0.15522781,-0.13109235,-0.15523982,-0.22338755,-0.15524313,-0.29867563,-0.1552432,-0.29356226,-0.13027528,-0.1550729,-0.13691942,-0.15523648,-0.23188588,-0.24781659,-0.1296162,-0.13110006,-0.24679694,-0.18279888,-0.25087595,-0.26027086,-0.28621647,-0.27511892,-0.11894142,-0.15513994,-0.040142577,-0.056944285,-0.15439972,-0.11274739,-0.13743341,-0.13096657,-0.1552181,-0.15848261,-0.15848804,-0.15848875,-0.27573854,-0.15519921,-0.1309677,-0.16243835,-0.12334165,-0.14074792,-0.15520245,-0.15887658,-0.14481027,-0.13107383,-0.18691605,-0.14998752,-0.15522882,-0.15846288,-0.15847655,-0.15840682,-0.120334074,-0.13700745,-0.08858878,-0.15522167,-0.19008024,-0.15523499,-0.2004665,-0.11139822,-0.1388583,-0.13027036,-0.1074974,-0.15152657,-0.15511999,-0.15816376,-0.10065024,-0.08152827,-0.09427856,-0.15517887,-0.11960925,-0.15027548,-0.16982608,-0.1185138,-0.15520021,-0.15848076,-0.17738779,-0.15176103,-0.1552385,-0.25953975,-0.17989698,-0.13525523,-0.15523505,-0.15095688,-0.17780018,-0.2009549,-0.15521416,-0.09015879,-0.15488261,-0.12151222,-0.121854745,-0.13997786,-0.21433522,-0.13908121,-0.16057305,-0.1551497,-0.07092635,-0.15449882,-0.15761177,-0.18733518,-0.15495566,-0.13095418,-0.12334781,-0.14100276,-0.15518701,-0.114095174,-0.25318068,-0.26654312,-0.13009194,-0.10945694,-0.15517604,-0.09238048,-0.20963459,-0.15523529,-0.1583982,-0.1303976,-0.15515256,-0.16015086,-0.1553517,-0.15524054,-0.19704957,-0.20616047,-0.1297372,-0.10460003,-0.11361031,-0.10256614,-0.15523154,-0.19495486,-0.15520497,-0.13031527,-0.15504915,-0.041086134,-0.12967405,-0.15523922,-0.2300741,-0.15521547,-0.10384405,-0.15358415,-0.0784167,-0.15507355,-0.12766197,-0.15509486,-0.121451,-0.075820275,-0.09192432,-0.101488546,-0.15492508,-0.15837553,-0.12378413,-0.15507357,-0.1410757,-0.13984437,-0.18093297,-0.15524194,-0.25777104,-0.12844054,-0.1551412,-0.13462572,-0.119081676,-0.15520671,-0.15848324,-0.15848517,-0.15848649,-0.19755594,-0.25103784,-0.20219928,-0.19465852,-0.24831252,-0.20506537,-0.22091979,-0.15522529,-0.13063647,-0.11956477,-0.15521836,-0.15847905,-0.20931396,-0.18224281,-0.15521033,-0.32474133,-0.15523967,-0.15848956,-0.15848827,-0.15848784,-0.2185038,-0.15520978,-0.114121355,-0.15521203,-0.15847284,-0.15847933,-0.22984435,-0.15523219,-0.15846115,-0.08963354,-0.15511528,-0.15843119,-0.15845372,-0.15845372,-0.13302092,-0.1051107,-0.14014931,-0.15141064,-0.15839578,-0.15615125,-0.14613561,-0.15522775,-0.12319561,-0.13104238,-0.15518823,-0.15848938,-0.15848884,-0.15848882,-0.1584894,-0.38518023,-0.11451449,-0.15519536,-0.15564899,-0.14443555,-0.16636807,-0.15523453,-0.15840572,-0.12993515,-0.047159404,-0.1486251,-0.14016809,-0.14106366,-0.1550686,-0.19987361,-0.1649412,-0.17166539,-0.15520841,-0.1584389,-0.12722544,-0.14610182,-0.2588673,-0.13081574,-0.15509199,-0.09132757,-0.12832497,-0.13684332,-0.16221203,-0.15659244,-0.13016796,-0.15494692,-0.15837973,-0.15843612,-0.15847546,-0.15740095,-0.19795567,-0.15106063,-0.07294749,-0.2039893,-0.15519686,-0.15843351,-0.104459345,-0.15486139,-0.17466888,-0.13176009,-0.15520325,-0.15109587,-0.10913184,-0.15501642,-0.05825615,-0.14326635,-0.17082691,-0.15513481,-0.18883844,-0.15524109,-0.31316653,-0.1552307,-0.16808087,-0.14331596,-0.1552321,-0.15848555,-0.25088155,-0.15524152,-0.22115314,-0.07562123,-0.086852394,-0.10702289,-0.060967896,-0.14776833,-0.16796505,-0.15746465,-0.22133875,-0.12812386,-0.0969081,-0.16398169,-0.12716047,-0.11335766,-0.18846886,-0.1310342,-0.17755464,-0.0994983,-0.115196005,-0.15513557,-0.11662802,-0.19749595,-0.14526704,-0.12781724,-0.096878245,-0.15513268,-0.1582589,-0.12434345,-0.11230643,-0.063823454,-0.1550537,-0.11419349,-0.10007019,-0.24483351,-0.15524206,-0.15847686,-0.16344379,-0.1759062,-0.12524253,-0.1552248,-0.0782174,-0.19187105,-0.18185812,-0.09859173,-0.11065883,-0.15484366,-0.15811223,-0.083404,-0.1213824,-0.13072303,-0.13855581,-0.19385117,-0.1552,-0.15848172,-0.19487974,-0.23847799,-0.2432746,-0.13064933,-0.15500349,-0.15844905,-0.14520228,-0.2961179,-0.1552412,-0.19813283,-0.13092455,-0.15516815,-0.060104962,-0.15931924,-0.15523927,-0.2028091,-0.2868003,-0.11816878,-0.14795661,-0.10060286,-0.15506136,-0.13614628,-0.20725825,-0.17393659,-0.125103,-0.15657571,-0.15690626,-0.15523762,-0.15848455,-0.16221246,-0.22200036,-0.13111779,-0.2814266,-0.15524256,-0.1915083,-0.24371436,-0.16952515,-0.15514988,-0.13369927,-0.12557748,-0.15523404,-0.18106565,-0.15524225,-0.18642783,-0.1551817,-0.30462334,-0.1551163,-0.14691104,-0.13029914,-0.15522726,-0.15847002,-0.18915205,-0.13102393,-0.15523297,-0.10481856,-0.1650517,-0.1552308,-0.15848696,-0.15845627,-0.13056107,-0.15511858,-0.15844856,-0.15843733,-0.1584512,-0.15845972,-0.16505513,-0.17392421,-0.15522553,-0.15847845,-0.15846694,-0.15847905,-0.2025511,-0.15354379,-0.14723541,-0.15411258,-0.11499533,-0.10471026,-0.11893196,-0.15522951,-0.15840344,-0.13097529,-0.19501048,-0.15523872,-0.18738703,-0.11705899,-0.17429145,-0.15522856,-0.06652963,-0.15494102,-0.10737923,-0.124497145,-0.15298569,-0.052188452,-0.26007295
k__Bacteria|p__Firmicutes|c__Clostridia|o__Clostridia_unclassified|f__Clostridia_unclassified|g__GGB3451|s__GGB3451_SGB4605,-0.1004395,-0.12316422,-0.155247,-0.1585545,-0.15855479,-0.23867357,-0.1666669,-0.16813041,-0.10929718,-0.22895765,-0.23728925,-0.15525207,-0.22850217,-0.3768707,-0.08556121,-0.15482533,-0.058144663,-0.15468511,-0.15848878,-0.19931981,-0.1978925,-0.13048781,-0.1552147,-0.12711628,-0.20043859,-0.11658599,-0.182019,-0.25032333,-0.1509206,-0.15521997,-0.15142563,-0.10844302,-0.18249588,-0.28454733,-0.15523818,-0.13068283,-0.15524954,-0.22338755,-0.15525247,-0.29867563,-0.15525253,-0.29356226,-0.12997131,-0.15509628,-0.13691942,-0.15524662,-0.23188588,-0.24781659,-0.1296162,-0.1306891,-0.24679694,-0.18279888,-0.25087595,-0.26027086,-0.28621647,-0.27511892,-0.11894142,-0.1551606,-0.040142577,-0.056944285,-0.15448633,-0.11274739,-0.13743341,-0.1305699,-0.15522951,-0.15854982,-0.15855455,-0.15855524,-0.27573854,-0.15521085,-0.13057151,-0.16243835,-0.12334165,-0.14074792,-0.15521634,-0.15887658,-0.14481027,-0.13066679,-0.18691605,-0.14998752,-0.15523973,-0.15853211,-0.158544,-0.15847531,-0.120334074,-0.13700745,-0.08858878,-0.15523344,-0.19008024,-0.15524526,-0.2004665,-0.11139822,-0.1388583,-0.13027036,-0.1074974,-0.15152657,-0.15514347,-0.15823548,-0.10065024,-0.08152827,-0.09427856,-0.15519568,-0.11960925,-0.15027548,-0.16982608,-0.1185138,-0.15521339,-0.15854812,-0.17738779,-0.15176103,-0.15524828,-0.25953975,-0.17989698,-0.13525523,-0.15524533,-0.15095688,-0.17780018,-0.2009549,-0.155224,-0.09015879,-0.15493575,-0.12151222,-0.121854745,-0.13997786,-0.21433522,-0.13908121,-0.16057305,-0.15517005,-0.07092635,-0.15458634,-0.15773915,-0.18733518,-0.15497768,-0.13055904,-0.12334781,-0.14100276,-0.15520261,-0.114095174,-0.25318068,-0.26654312,-0.12978762,-0.10945694,-0.15519327,-0.09238048,-0.20963459,-0.15524556,-0.15846673,-0.13006043,-0.15517056,-0.16015086,-0.1553517,-0.15525016,-0.19704957,-0.20616047,-0.12948012,-0.10460003,-0.11361031,-0.10256614,-0.15524232,-0.19495486,-0.1552173,-0.12998334,-0.15508138,-0.041086134,-0.12967405,-0.15524882,-0.2300741,-0.15522672,-0.10384405,-0.1537616,-0.0784167,-0.15510009,-0.12766197,-0.15512078,-0.121451,-0.075820275,-0.09192432,-0.101488546,-0.15496998,-0.15845552,-0.12378413,-0.15508737,-0.1410757,-0.13984437,-0.18093297,-0.15525141,-0.25777104,-0.12844054,-0.15515709,-0.13462572,-0.119081676,-0.15522069,-0.15855032,-0.15855202,-0.15855321,-0.19755594,-0.25103784,-0.20219928,-0.19465852,-0.24831252,-0.20506537,-0.22091979,-0.15523578,-0.13026938,-0.11956477,-0.15523067,-0.15854649,-0.20931396,-0.18224281,-0.15522161,-0.32474133,-0.15524943,-0.15855595,-0.15855482,-0.15855443,-0.2185038,-0.15522078,-0.114121355,-0.15522386,-0.15854016,-0.15854673,-0.22984435,-0.15524289,-0.15852845,-0.08963354,-0.15513739,-0.158505,-0.15852338,-0.15852475,-0.13302092,-0.1051107,-0.14014931,-0.15141064,-0.15839578,-0.15615125,-0.14613561,-0.15523914,-0.12319561,-0.13063803,-0.15520197,-0.15855578,-0.15855528,-0.1585553,-0.1585558,-0.38518023,-0.11451449,-0.15520966,-0.15564899,-0.14443555,-0.16636807,-0.15524462,-0.158476,-0.12993515,-0.047159404,-0.14912118,-0.14016809,-0.14106366,-0.15509558,-0.19987361,-0.1649412,-0.17166539,-0.15522173,-0.15851218,-0.12722544,-0.14610182,-0.2588673,-0.13043754,-0.15511873,-0.09132757,-0.12832497,-0.13684332,-0.16221203,-0.15659244,-0.12984729,-0.15498428,-0.15845843,-0.15850876,-0.15854347,-0.15740095,-0.19795567,-0.15106063,-0.07294749,-0.2039893,-0.15521042,-0.15850723,-0.104459345,-0.15486734,-0.17466888,-0.13176009,-0.15521786,-0.15109587,-0.10913184,-0.1550489,-0.05825615,-0.14326635,-0.17082691,-0.15515488,-0.18883844,-0.15525061,-0.31316653,-0.15524057,-0.16808087,-0.14331596,-0.15524268,-0.15855223,-0.25088155,-0.15525098,-0.22115314,-0.07562123,-0.086852394,-0.10702289,-0.060967896,-0.14836448,-0.16796505,-0.15746465,-0.22133875,-0.12812386,-0.0969081,-0.16398169,-0.12716047,-0.11335766,-0.18846886,-0.13063125,-0.17755464,-0.0994983,-0.115196005,-0.15515608,-0.11662802,-0.19749595,-0.14526704,-0.12781724,-0.096878245,-0.15515602,-0.15835133,-0.12434345,-0.11230643,-0.063823454,-0.15508376,-0.11419349,-0.10007019,-0.24483351,-0.15525153,-0.15854374,-0.16344379,-0.1759062,-0.12524253,-0.15523633,-0.0782174,-0.19187105,-0.18185812,-0.09859173,-0.11065883,-0.15489969,-0.15822081,-0.083404,-0.1213824,-0.13072303,-0.13855581,-0.19385117,-0.15521306,-0.15854898,-0.19487974,-0.23847799,-0.2432746,-0.1302905,-0.15503913,-0.15851934,-0.14520228,-0.2961179,-0.15525076,-0.19813283,-0.13053377,-0.1551846,-0.060104962,-0.15931924,-0.15524893,-0.2028091,-0.2868003,-0.11816878,-0.14795661,-0.10060286,-0.15508795,-0.13614628,-0.20725825,-0.17393659,-0.125103,-0.15657571,-0.15690626,-0.15524748,-0.1585515,-0.16221246,-0.22200036,-0.1307047,-0.2814266,-0.15525195,-0.1915083,-0.24371436,-0.16952515,-0.15516269,-0.13369927,-0.12557748,-0.15524423,-0.18106565,-0.15525168,-0.18642783,-0.15519348,-0.30462334,-0.15513627,-0.14691104,-0.13029914,-0.15523827,-0.15853868,-0.18915205,-0.13062328,-0.15524346,-0.10481856,-0.1650517,-0.15524118,-0.1585536,-0.15852368,-0.13020606,-0.15514255,-0.15851843,-0.15850893,-0.15852097,-0.1585294,-0.16505513,-0.17392421,-0.1552365,-0.15854612,-0.15853563,-0.15854666,-0.2025511,-0.15354379,-0.14723541,-0.15420449,-0.11499533,-0.10471026,-0.11893196,-0.15524027,-0.15847358,-0.13058177,-0.19501048,-0.1552484,-0.18738703,-0.11705899,-0.17429145,-0.15523857,-0.06652963,-0.15498552,-0.10737923,-0.124497145,-0.15298569,-0.052188452,-0.26007295
k__Bacteria|p__Firmicutes|c__Clostridia|o__Eubacteriales|f__Eubacteriales_unclassified|g__Eubacteriales_unclassified|s__Clostridiales_bacterium_Marseille_P2846,-0.1004395,-0.12316422,-0.15452978,-0.15781331,-0.15781349,-0.23867357,-0.1666669,-0.16813041,-0.10929718,-0.22895765,-0.23728925,-0.15453336,-0.22850217,-0.3768707,-0.08556121,-0.15422498,-0.058144663,-0.15412521,-0.15776676,-0.19931981,-0.1978925,-0.12999597,-0.15450695,-0.12711628,-0.20043859,-0.11658599,-0.182019,-0.25032333,-0.1509206,-0.15451097,-0.15142563,-0.10844302,-0.18249588,-0.28454733,-0.15452412,-0.13014261,-0.15453154,-0.22338755,-0.15453362,-0.29867563,-0.15453368,-0.29356226,-0.12960128,-0.15442424,-0.13691942,-0.15452948,-0.23188588,-0.24781659,-0.1296162,-0.13014708,-0.24679694,-0.18279888,-0.25087595,-0.26027086,-0.28621647,-0.27511892,-0.11894142,-0.15446801,-0.040142577,-0.056944285,-0.15398961,-0.11274739,-0.13743341,-0.13005684,-0.15451738,-0.15780997,-0.15781334,-0.15781382,-0.27573854,-0.15450495,-0.13005982,-0.16243835,-0.12334165,-0.14074792,-0.15450789,-0.15887658,-0.14481027,-0.13013081,-0.18691605,-0.14998752,-0.15452455,-0.15779734,-0.15780586,-0.15776251,-0.120334074,-0.13700745,-0.08858878,-0.15452006,-0.19008024,-0.1545285,-0.2004665,-0.11139822,-0.1388583,-0.13027036,-0.1074974,-0.15152657,-0.15445569,-0.15759617,-0.10065024,-0.08152827,-0.09427856,-0.1544933,-0.11960925,-0.15027548,-0.16982608,-0.1185138,-0.15450627,-0.15780878,-0.17738779,-0.15176103,-0.15453067,-0.25953975,-0.17989698,-0.13525523,-0.15452854,-0.15095688,-0.17780018,-0.2009549,-0.15451491,-0.09015879,-0.15430644,-0.12151222,-0.121854745,-0.13997786,-0.21433522,-0.13908121,-0.16057305,-0.15447485,-0.07092635,-0.15405776,-0.1572373,-0.18733518,-0.15434314,-0.13004279,-0.12334781,-0.14100276,-0.15449813,-0.114095174,-0.25318068,-0.26654312,-0.12942773,-0.10945694,-0.15449142,-0.09238048,-0.20963459,-0.1545287,-0.15775739,-0.12965167,-0.15447575,-0.16015086,-0.1553517,-0.15453199,-0.19704957,-0.20616047,-0.12918463,-0.10460003,-0.11361031,-0.10256614,-0.15452638,-0.19495486,-0.1545105,-0.1295833,-0.15441167,-0.041086134,-0.12967405,-0.15453108,-0.2300741,-0.15451738,-0.10384405,-0.15346329,-0.0784167,-0.15442544,-0.12766197,-0.15443958,-0.121451,-0.075820275,-0.09192432,-0.101488546,-0.15433067,-0.15774244,-0.12378413,-0.1544227,-0.1410757,-0.13984437,-0.18093297,-0.15453286,-0.25777104,-0.12844054,-0.15447013,-0.13462572,-0.119081676,-0.15451089,-0.15781033,-0.15781155,-0.15781239,-0.19755594,-0.25103784,-0.20219928,-0.19465852,-0.24831252,-0.20506537,-0.22091979,-0.15452236,-0.12981522,-0.11956477,-0.15451814,-0.15780765,-0.20931396,-0.18224281,-0.1545128,-0.32474133,-0.15453145,-0.15781432,-0.15781352,-0.15781325,-0.2185038,-0.15451251,-0.114121355,-0.15451351,-0.15780327,-0.15780789,-0.22984435,-0.15452679,-0.15779613,-0.08963354,-0.15445185,-0.15777785,-0.15779126,-0.15779197,-0.13302092,-0.1051107,-0.14014931,-0.15141064,-0.15839578,-0.15615125,-0.14613561,-0.1545241,-0.12319561,-0.13011034,-0.15449786,-0.1578142,-0.15781388,-0.15781385,-0.15781423,-0.38518023,-0.11451449,-0.1545032,-0.15564899,-0.14443555,-0.16636807,-0.15452808,-0.15776038,-0.12993515,-0.047159404,-0.15020165,-0.14016809,-0.14106366,-0.15442201,-0.19987361,-0.1649412,-0.17166539,-0.15451172,-0.15778291,-0.12722544,-0.14610182,-0.2588673,-0.12994942,-0.15443777,-0.09132757,-0.12832497,-0.13684332,-0.16221203,-0.15659244,-0.12947074,-0.15434295,-0.15774474,-0.15778075,-0.15780544,-0.15740095,-0.19795567,-0.15106063,-0.07294749,-0.2039893,-0.15450379,-0.15777935,-0.104459345,-0.15424271,-0.17466888,-0.13176009,-0.15450886,-0.15109587,-0.10913184,-0.1543881,-0.05825615,-0.14326635,-0.17082691,-0.15446426,-0.18883844,-0.15453231,-0.31316653,-0.15452538,-0.16808087,-0.14331596,-0.15452667,-0.15781173,-0.25088155,-0.15453257,-0.22115314,-0.07562123,-0.086852394,-0.10702289,-0.060967896,-0.14965695,-0.16796505,-0.15746465,-0.22133875,-0.12812386,-0.0969081,-0.16398169,-0.12716047,-0.11335766,-0.18846886,-0.13010484,-0.17755464,-0.0994983,-0.115196005,-0.15446508,-0.11662802,-0.19749595,-0.14526704,-0.12781724,-0.096878245,-0.15446456,-0.15766805,-0.12434345,-0.11230643,-0.063823454,-0.15441293,-0.11419349,-0.10007019,-0.24483351,-0.15453295,-0.1578068,-0.16344379,-0.1759062,-0.12524253,-0.15452212,-0.0782174,-0.19187105,-0.18185812,-0.09859173,-0.11065883,-0.15428104,-0.15757497,-0.083404,-0.1213824,-0.13072303,-0.13855581,-0.19385117,-0.15450579,-0.1578094,-0.19487974,-0.23847799,-0.2432746,-0.12985018,-0.15438119,-0.15778841,-0.14520228,-0.2961179,-0.1545324,-0.19813283,-0.13002935,-0.15448546,-0.060104962,-0.15931924,-0.15453115,-0.2028091,-0.2868003,-0.11816878,-0.14795661,-0.10060286,-0.15441695,-0.13614628,-0.20725825,-0.17393659,-0.125103,-0.15657571,-0.15690626,-0.15453011,-0.1578112,-0.16221246,-0.22200036,-0.1301584,-0.2814266,-0.15453327,-0.1915083,-0.24371436,-0.16952515,-0.15447605,-0.13369927,-0.12557748,-0.15452781,-0.18106565,-0.15453306,-0.18642783,-0.15449439,-0.30462334,-0.15445128,-0.14691104,-0.13029914,-0.15452352,-0.15780205,-0.18915205,-0.13009979,-0.15452725,-0.10481856,-0.1650517,-0.15452564,-0.15781268,-0.15779436,-0.12977691,-0.15445499,-0.1577878,-0.15778086,-0.15778954,-0.15779552,-0.16505513,-0.17392421,-0.1545223,-0.15780732,-0.1577999,-0.15780771,-0.2025511,-0.15354379,-0.14723541,-0.15379268,-0.11499533,-0.10471026,-0.11893196,-0.15452498,-0.1577611,-0.13006753,-0.19501048,-0.15453076,-0.18738703,-0.11705899,-0.17429145,-0.15452567,-0.06652963,-0.15434232,-0.10737923,-0.124497145,-0.15298569,-0.052188452,-0.26007295
k__Bacteria|p__Firmicutes|c__Clostridia|o__Eubacteriales|f__Eubacteriales_unclassified|g__Eubacteriales_unclassified|s__Clostridiales_bacterium_VE202_01,-0.1004395,-0.12316422,-0.15469345,-0.15798157,-0.15798181,-0.23867357,-0.1666669,-0.16813041,-0.10929718,-0.22895765,-0.23728925,-0.15469763,-0.22850217,-0.3768707,-0.08556121,-0.15435524,-0.058144663,-0.15424073,-0.15792781,-0.19931981,-0.1978925,-0.13011755,-0.15466715,-0.12711628,-0.20043859,-0.11658599,-0.182019,-0.25032333,-0.1509206,-0.15467116,-0.15142563,-0.10844302,-0.18249588,-0.28454733,-0.15468605,-0.13027301,-0.15469554,-0.22338755,-0.15469792,-0.29867563,-0.15469798,-0.29356226,-0.12970021,-0.15456912,-0.13691942,-0.15469319,-0.23188588,-0.24781659,-0.1296162,-0.130278,-0.24679694,-0.18279888,-0.25087595,-0.26027086,-0.28621647,-0.27511892,-0.11894142,-0.1546232,-0.040142577,-0.056944285,-0.15406767,-0.11274739,-0.13743341,-0.13018307,-0.15467902,-0.15797779,-0.1579816,-0.15798217,-0.27573854,-0.15466362,-0.13018301,-0.16243835,-0.12334165,-0.14074792,-0.15466845,-0.15887658,-0.14481027,-0.13026042,-0.18691605,-0.14998752,-0.15468757,-0.15796329,-0.15797293,-0.1579154,-0.120334074,-0.13700745,-0.08858878,-0.15468244,-0.19008024,-0.15469205,-0.2004665,-0.11139822,-0.1388583,-0.13027036,-0.1074974,-0.15152657,-0.15460926,-0.15772374,-0.10065024,-0.08152827,-0.09427856,-0.15465178,-0.11960925,-0.15027548,-0.16982608,-0.1185138,-0.15466577,-0.15797637,-0.17738779,-0.15176103,-0.1546945,-0.25953975,-0.17989698,-0.13525523,-0.15469211,-0.15095688,-0.17780018,-0.2009549,-0.15467396,-0.09015879,-0.15444137,-0.12151222,-0.121854745,-0.13997786,-0.21433522,-0.13908121,-0.16057305,-0.15463102,-0.07092635,-0.15415591,-0.1573052,-0.18733518,-0.15446833,-0.13017625,-0.12334781,-0.14100276,-0.15465733,-0.114095174,-0.25318068,-0.26654312,-0.12956083,-0.10945694,-0.15464981,-0.09238048,-0.20963459,-0.1546923,-0.1579071,-0.12977397,-0.15463102,-0.16015086,-0.1553517,-0.15469605,-0.19704957,-0.20616047,-0.12930551,-0.10460003,-0.11361031,-0.10256614,-0.1546897,-0.19495486,-0.15466884,-0.12971514,-0.15455928,-0.041086134,-0.12967405,-0.15469491,-0.2300741,-0.15467641,-0.10384405,-0.15349142,-0.0784167,-0.15457383,-0.12766197,-0.15459083,-0.121451,-0.075820275,-0.09192432,-0.101488546,-0.15446867,-0.15790135,-0.12378413,-0.1545619,-0.1410757,-0.13984437,-0.18093297,-0.15469706,-0.25777104,-0.12844054,-0.15461895,-0.13462572,-0.119081676,-0.15467224,-0.15797818,-0.15797958,-0.15798053,-0.19755594,-0.25103784,-0.20219928,-0.19465852,-0.24831252,-0.20506537,-0.22091979,-0.15468399,-0.1299451,-0.11956477,-0.1546802,-0.15797502,-0.20931396,-0.18224281,-0.1546722,-0.32474133,-0.15469548,-0.1579828,-0.15798184,-0.15798154,-0.2185038,-0.15467167,-0.114121355,-0.15467432,-0.1579696,-0.15797521,-0.22984435,-0.15469018,-0.1579599,-0.08963354,-0.15460402,-0.15794152,-0.15795599,-0.15795755,-0.13302092,-0.1051107,-0.14014931,-0.15141064,-0.15839578,-0.15615125,-0.14613561,-0.15468714,-0.12319561,-0.13023661,-0.15465617,-0.15798262,-0.15798223,-0.15798223,-0.15798268,-0.38518023,-0.11451449,-0.15466288,-0.15564899,-0.14443555,-0.16636807,-0.15469147,-0.1579155,-0.12993515,-0.047159404,-0.14962125,-0.14016809,-0.14106366,-0.15456936,-0.19987361,-0.1649412,-0.17166539,-0.15467292,-0.15794748,-0.12722544,-0.14610182,-0.2588673,-0.1300804,-0.15458953,-0.09132757,-0.12832497,-0.13684332,-0.16221203,-0.15659244,-0.12959793,-0.15447901,-0.15790343,-0.15794443,-0.1579726,-0.15740095,-0.19795567,-0.15106063,-0.07294749,-0.2039893,-0.15466335,-0.15794352,-0.104459345,-0.15438715,-0.17466888,-0.13176009,-0.15466996,-0.15109587,-0.10913184,-0.15453278,-0.05825615,-0.14326635,-0.17082691,-0.15461794,-0.18883844,-0.15469639,-0.31316653,-0.15468793,-0.16808087,-0.14331596,-0.15468994,-0.1579797,-0.25088155,-0.1546967,-0.22115314,-0.07562123,-0.086852394,-0.10702289,-0.060967896,-0.14900142,-0.16796505,-0.15746465,-0.22133875,-0.12812386,-0.0969081,-0.16398169,-0.12716047,-0.11335766,-0.18846886,-0.13023154,-0.17755464,-0.0994983,-0.115196005,-0.15461916,-0.11662802,-0.19749595,-0.14526704,-0.12781724,-0.096878245,-0.15462,-0.15781654,-0.12434345,-0.11230643,-0.063823454,-0.15456107,-0.11419349,-0.10007019,-0.24483351,-0.15469715,-0.15797243,-0.16344379,-0.1759062,-0.12524253,-0.15468481,-0.0782174,-0.19187105,-0.18185812,-0.09859173,-0.11065883,-0.15441146,-0.15771013,-0.083404,-0.1213824,-0.13072303,-0.13855581,-0.19385117,-0.15466544,-0.15797707,-0.19487974,-0.23847799,-0.2432746,-0.12995118,-0.15452427,-0.15795274,-0.14520228,-0.2961179,-0.15469654,-0.19813283,-0.13015497,-0.15464237,-0.060104962,-0.15931924,-0.154695,-0.2028091,-0.2868003,-0.11816878,-0.14795661,-0.10060286,-0.154563,-0.13614628,-0.20725825,-0.17393659,-0.125103,-0.15657571,-0.15690626,-0.15469384,-0.15797913,-0.16221246,-0.22200036,-0.13029063,-0.2814266,-0.1546975,-0.1915083,-0.24371436,-0.16952515,-0.15462287,-0.13369927,-0.12557748,-0.15469116,-0.18106565,-0.1546973,-0.18642783,-0.15464848,-0.30462334,-0.15460204,-0.14691104,-0.13029914,-0.15468632,-0.15796871,-0.18915205,-0.13022535,-0.1546906,-0.10481856,-0.1650517,-0.15468863,-0.15798083,-0.15795553,-0.12988819,-0.1546087,-0.15795189,-0.15794429,-0.157954,-0.15796123,-0.16505513,-0.17392421,-0.15468481,-0.15797478,-0.1579661,-0.1579752,-0.2025511,-0.15354379,-0.14723541,-0.15382919,-0.11499533,-0.10471026,-0.11893196,-0.15468794,-0.15791348,-0.13019273,-0.19501048,-0.15469456,-0.18738703,-0.11705899,-0.17429145,-0.15468615,-0.06652963,-0.1544823,-0.10737923,-0.124497145,-0.15298569,-0.052188452,-0.26007295
k__Bacteria|p__Firmicutes|c__Clostridia|o__Eubacteriales|f__Eubacteriales_Family_XIII_Incertae_Sedis|g__Eubacteriales_Family_XIII_Incertae_Sedis_unclassified|s__Eubacterium_brachy,-0.1004395,-0.12316422,-0.15523359,-0.15858047,-0.15858072,-0.23867357,-0.1666669,-0.16813041,-0.10929718,-0.22895765,-0.23728925,-0.15523791,-0.22850217,-0.3768707,-0.08556121,-0.15487331,-0.058144663,-0.15475495,-0.1585246,-0.19931981,-0.1978925,-0.13020623,-0.15520608,-0.12711628,-0.20043859,-0.11658599,-0.182019,-0.25032333,-0.1509206,-0.15521055,-0.15142563,-0.10844302,-0.18249588,-0.28454733,-0.15522595,-0.1303761,-0.15523575,-0.22338755,-0.15523824,-0.29867563,-0.15523829,-0.29356226,-0.1297531,-0.15510526,-0.13691942,-0.15523326,-0.23188588,-0.24781659,-0.1296162,-0.13038161,-0.24679694,-0.18279888,-0.25087595,-0.26027086,-0.28621647,-0.27511892,-0.11894142,-0.1551601,-0.040142577,-0.056944285,-0.154587,-0.11274739,-0.13743341,-0.13027927,-0.15521875,-0.15857649,-0.15858051,-0.15858111,-0.27573854,-0.15520243,-0.13027965,-0.16243835,-0.12334165,-0.14074792,-0.15520751,-0.15887658,-0.14481027,-0.13036229,-0.18691605,-0.14998752,-0.15522742,-0.15856144,-0.15857157,-0.15851152,-0.120334074,-0.13700745,-0.08858878,-0.15522207,-0.19008024,-0.1552321,-0.2004665,-0.11139822,-0.1388583,-0.13027036,-0.1074974,-0.15152657,-0.15514559,-0.15830001,-0.10065024,-0.08152827,-0.09427856,-0.15518993,-0.11960925,-0.15027548,-0.16982608,-0.1185138,-0.155205,-0.15857504,-0.17738779,-0.15176103,-0.15523466,-0.25953975,-0.17989698,-0.13525523,-0.15523218,-0.15095688,-0.17780018,-0.2009549,-0.15521361,-0.09015879,-0.15496883,-0.12151222,-0.121854745,-0.13997786,-0.21433522,-0.13908121,-0.16057305,-0.1551681,-0.07092635,-0.15466991,-0.15788706,-0.18733518,-0.15500313,-0.13026956,-0.12334781,-0.14100276,-0.15519592,-0.114095174,-0.25318068,-0.26654312,-0.1295921,-0.10945694,-0.15518789,-0.09238048,-0.20963459,-0.15523235,-0.15850426,-0.1298344,-0.15516853,-0.16015086,-0.1553517,-0.15523627,-0.19704957,-0.20616047,-0.12931436,-0.10460003,-0.11361031,-0.10256614,-0.1552296,-0.19495486,-0.15520789,-0.12976034,-0.15509246,-0.041086134,-0.12967405,-0.15523514,-0.2300741,-0.15521598,-0.10384405,-0.15396944,-0.0784167,-0.15510863,-0.12766197,-0.1551263,-0.121451,-0.075820275,-0.09192432,-0.101488546,-0.15499818,-0.15849632,-0.12378413,-0.15509236,-0.1410757,-0.13984437,-0.18093297,-0.15523735,-0.25777104,-0.12844054,-0.15515533,-0.13462572,-0.119081676,-0.15521124,-0.15857692,-0.1585784,-0.15857938,-0.19755594,-0.25103784,-0.20219928,-0.19465852,-0.24831252,-0.20506537,-0.22091979,-0.15522395,-0.13001943,-0.11956477,-0.15521967,-0.15857367,-0.20931396,-0.18224281,-0.15521172,-0.32474133,-0.15523566,-0.15858173,-0.15858075,-0.15858044,-0.2185038,-0.15521091,-0.114121355,-0.15521392,-0.15856828,-0.15857388,-0.22984435,-0.15523009,-0.15855819,-0.08963354,-0.15514046,-0.1585384,-0.15855403,-0.15855522,-0.13302092,-0.1051107,-0.14014931,-0.15141064,-0.15839578,-0.15615125,-0.14613561,-0.15522689,-0.12319561,-0.13033769,-0.15519531,-0.15858157,-0.15858115,-0.15858114,-0.15858161,-0.38518023,-0.11451449,-0.15520182,-0.15564899,-0.14443555,-0.16636807,-0.15523157,-0.15851319,-0.12993515,-0.047159404,-0.15002543,-0.14016809,-0.14106366,-0.15510488,-0.19987361,-0.1649412,-0.17166539,-0.1552121,-0.15854451,-0.12722544,-0.14610182,-0.2588673,-0.13016132,-0.15512437,-0.09132757,-0.12832497,-0.13684332,-0.16221203,-0.15659244,-0.12964125,-0.15501001,-0.1584988,-0.15854159,-0.1585711,-0.15740095,-0.19795567,-0.15106063,-0.07294749,-0.2039893,-0.15520248,-0.15854031,-0.104459345,-0.15488225,-0.17466888,-0.13176009,-0.15520883,-0.15109587,-0.10913184,-0.15506476,-0.05825615,-0.14326635,-0.17082691,-0.15515526,-0.18883844,-0.15523666,-0.31316653,-0.15522814,-0.16808087,-0.14331596,-0.1552299,-0.15857857,-0.25088155,-0.15523697,-0.22115314,-0.07562123,-0.086852394,-0.10702289,-0.060967896,-0.14938366,-0.16796505,-0.15746465,-0.22133875,-0.12812386,-0.0969081,-0.16398169,-0.12716047,-0.11335766,-0.18846886,-0.13033153,-0.17755464,-0.0994983,-0.115196005,-0.15515628,-0.11662802,-0.19749595,-0.14526704,-0.12781724,-0.096878245,-0.15515622,-0.15840764,-0.12434345,-0.11230643,-0.063823454,-0.15509474,-0.11419349,-0.10007019,-0.24483351,-0.15523744,-0.15857112,-0.16344379,-0.1759062,-0.12524253,-0.15522453,-0.0782174,-0.19187105,-0.18185812,-0.09859173,-0.11065883,-0.15493795,-0.15829647,-0.083404,-0.1213824,-0.13072303,-0.13855581,-0.19385117,-0.15520474,-0.1585758,-0.19487974,-0.23847799,-0.2432746,-0.1300314,-0.15505676,-0.15855059,-0.14520228,-0.2961179,-0.15523678,-0.19813283,-0.13024692,-0.15518048,-0.060104962,-0.15931924,-0.15523522,-0.2028091,-0.2868003,-0.11816878,-0.14795661,-0.10060286,-0.15509832,-0.13614628,-0.20725825,-0.17393659,-0.125103,-0.15657571,-0.15690626,-0.15523401,-0.15857793,-0.16221246,-0.22200036,-0.13039497,-0.2814266,-0.15523781,-0.1915083,-0.24371436,-0.16952515,-0.1551604,-0.13369927,-0.12557748,-0.15523124,-0.18106565,-0.15523757,-0.18642783,-0.15518767,-0.30462334,-0.1551395,-0.14691104,-0.13029914,-0.15522616,-0.15856706,-0.18915205,-0.13032451,-0.15523055,-0.10481856,-0.1650517,-0.15522864,-0.1585797,-0.15855381,-0.12995702,-0.15514474,-0.15854985,-0.15854174,-0.15855196,-0.15855916,-0.16505513,-0.17392421,-0.15522467,-0.15857337,-0.15856445,-0.15857382,-0.2025511,-0.15354379,-0.14723541,-0.15434742,-0.11499533,-0.10471026,-0.11893196,-0.15522785,-0.15851042,-0.13028911,-0.19501048,-0.15523477,-0.18738703,-0.11705899,-0.17429145,-0.15522599,-0.06652963,-0.15501067,-0.10737923,-0.124497145,-0.15298569,-0.052188452,-0.26007295
k__Bacteria|p__Firmicutes|c__Clostridia|o__Eubacteriales|f__Eubacteriales_unclassified|g__Levyella|s__Levyella_massiliensis,-0.1004395,-0.12316422,-0.1549749,-0.15827176,-0.15827203,-0.23867357,-0.1666669,-0.16813041,-0.10929718,-0.22895765,-0.23728925,-0.15497991,-0.22850217,-0.3768707,-0.08556121,-0.15455334,-0.058144663,-0.15441872,-0.15820666,-0.19931981,-0.1978925,-0.13029295,-0.15494291,-0.12711628,-0.20043859,-0.11658599,-0.182019,-0.25032333,-0.1509206,-0.15494809,-0.15142563,-0.10844302,-0.18249588,-0.28454733,-0.15496597,-0.13048953,-0.15497741,-0.22338755,-0.1549803,-0.29867563,-0.15498038,-0.29356226,-0.12976322,-0.15482512,-0.13691942,-0.15497455,-0.23188588,-0.24781659,-0.1296162,-0.13049579,-0.24679694,-0.18279888,-0.25087595,-0.26027086,-0.28621647,-0.27511892,-0.11894142,-0.15488935,-0.040142577,-0.056944285,-0.15422106,-0.11274739,-0.13743341,-0.1303753,-0.15495753,-0.15826713,-0.15827182,-0.15827248,-0.27573854,-0.1549384,-0.13037741,-0.16243835,-0.12334165,-0.14074792,-0.15494457,-0.15887658,-0.14481027,-0.13047343,-0.18691605,-0.14998752,-0.15496771,-0.15824962,-0.15826136,-0.15819132,-0.120334074,-0.13700745,-0.08858878,-0.1549615,-0.19008024,-0.15497318,-0.2004665,-0.11139822,-0.1388583,-0.13027036,-0.1074974,-0.15152657,-0.15487242,-0.15793753,-0.10065024,-0.08152827,-0.09427856,-0.15492412,-0.11960925,-0.15027548,-0.16982608,-0.1185138,-0.15494156,-0.15826544,-0.17738779,-0.15176103,-0.15497616,-0.25953975,-0.17989698,-0.13525523,-0.15497324,-0.15095688,-0.17780018,-0.2009549,-0.15495156,-0.09015879,-0.15466692,-0.12151222,-0.121854745,-0.13997786,-0.21433522,-0.13908121,-0.16057305,-0.15489876,-0.07092635,-0.15431896,-0.1574622,-0.18733518,-0.15470606,-0.13036138,-0.12334781,-0.14100276,-0.154931,-0.114095174,-0.25318068,-0.26654312,-0.12957087,-0.10945694,-0.15492176,-0.09238048,-0.20963459,-0.15497348,-0.15818337,-0.12985289,-0.15489906,-0.16015086,-0.1553517,-0.154978,-0.19704957,-0.20616047,-0.12925908,-0.10460003,-0.11361031,-0.10256614,-0.15497029,-0.19495486,-0.15494508,-0.12976365,-0.15481077,-0.041086134,-0.12967405,-0.1549767,-0.2300741,-0.15495452,-0.10384405,-0.15349676,-0.0784167,-0.15482926,-0.12766197,-0.15484987,-0.121451,-0.075820275,-0.09192432,-0.101488546,-0.15470028,-0.1581738,-0.12378413,-0.1548103,-0.1410757,-0.13984437,-0.18093297,-0.15497926,-0.25777104,-0.12844054,-0.15488419,-0.13462572,-0.119081676,-0.15494889,-0.15826762,-0.15826932,-0.15827048,-0.19755594,-0.25103784,-0.20219928,-0.19465852,-0.24831252,-0.20506537,-0.22091979,-0.15496369,-0.13006437,-0.11956477,-0.15495875,-0.15826385,-0.20931396,-0.18224281,-0.15494935,-0.32474133,-0.15497732,-0.15827322,-0.15827209,-0.1582717,-0.2185038,-0.15494865,-0.114121355,-0.15495196,-0.15825748,-0.15826407,-0.22984435,-0.15497085,-0.15824567,-0.08963354,-0.1548663,-0.15822282,-0.15824091,-0.15824236,-0.13302092,-0.1051107,-0.14014931,-0.15141064,-0.15839578,-0.15615125,-0.14613561,-0.15496713,-0.12319561,-0.13044463,-0.1549302,-0.15827304,-0.15827255,-0.15827255,-0.15827307,-0.38518023,-0.11451449,-0.15493792,-0.15564899,-0.14443555,-0.16636807,-0.15497252,-0.15819342,-0.12993515,-0.047159404,-0.14889413,-0.14016809,-0.14106366,-0.15482497,-0.19987361,-0.1649412,-0.17166539,-0.15494992,-0.15822998,-0.12722544,-0.14610182,-0.2588673,-0.13023949,-0.15484774,-0.09132757,-0.12832497,-0.13684332,-0.16221203,-0.15659244,-0.12963009,-0.15471435,-0.15817668,-0.15822653,-0.15826084,-0.15740095,-0.19795567,-0.15106063,-0.07294749,-0.2039893,-0.15493864,-0.15822506,-0.104459345,-0.15456843,-0.17466888,-0.13176009,-0.15494612,-0.15109587,-0.10913184,-0.15477782,-0.05825615,-0.14326635,-0.17082691,-0.15488362,-0.18883844,-0.15497845,-0.31316653,-0.15496847,-0.16808087,-0.14331596,-0.15497062,-0.15826952,-0.25088155,-0.15497884,-0.22115314,-0.07562123,-0.086852394,-0.10702289,-0.060967896,-0.14814752,-0.16796505,-0.15746465,-0.22133875,-0.12812386,-0.0969081,-0.16398169,-0.12716047,-0.11335766,-0.18846886,-0.1304375,-0.17755464,-0.0994983,-0.115196005,-0.15488485,-0.11662802,-0.19749595,-0.14526704,-0.12781724,-0.096878245,-0.15488493,-0.15807047,-0.12434345,-0.11230643,-0.063823454,-0.15481299,-0.11419349,-0.10007019,-0.24483351,-0.15497938,-0.15826097,-0.16344379,-0.1759062,-0.12524253,-0.15496436,-0.0782174,-0.19187105,-0.18185812,-0.09859173,-0.11065883,-0.15463097,-0.15794115,-0.083404,-0.1213824,-0.13072303,-0.13855581,-0.19385117,-0.15494123,-0.1582663,-0.19487974,-0.23847799,-0.2432746,-0.13009124,-0.15476891,-0.15823692,-0.14520228,-0.2961179,-0.15497863,-0.19813283,-0.13033864,-0.15491301,-0.060104962,-0.15931924,-0.1549768,-0.2028091,-0.2868003,-0.11816878,-0.14795661,-0.10060286,-0.15481713,-0.13614628,-0.20725825,-0.17393659,-0.125103,-0.15657571,-0.15690626,-0.15497537,-0.1582688,-0.16221246,-0.22200036,-0.13051131,-0.2814266,-0.1549798,-0.1915083,-0.24371436,-0.16952515,-0.15488951,-0.13369927,-0.12557748,-0.15497217,-0.18106565,-0.15497954,-0.18642783,-0.15492114,-0.30462334,-0.1548651,-0.14691104,-0.13029914,-0.15496624,-0.15825613,-0.18915205,-0.13042986,-0.15497139,-0.10481856,-0.1650517,-0.15496913,-0.15827088,-0.1582407,-0.13000143,-0.15487146,-0.158236,-0.15822661,-0.1582385,-0.15824693,-0.16505513,-0.17392421,-0.15496448,-0.15826347,-0.15825309,-0.15826401,-0.2025511,-0.15354379,-0.14723541,-0.15394032,-0.11499533,-0.10471026,-0.11893196,-0.15496823,-0.15819025,-0.13038844,-0.19501048,-0.15497626,-0.18738703,-0.11705899,-0.17429145,-0.15496632,-0.06652963,-0.15471542,-0.10737923,-0.124497145,-0.15298569,-0.052188452,-0.26007295
k__Bacteria|p__Firmicutes|c__Clostridia|o__Eubacteriales|f__Lachnospiraceae|g__Blautia|s__Blautia_sp_MSK_20_85,-0.1004395,-0.12316422,-0.15530458,-0.1586085,-0.15860878,-0.23867357,-0.1666669,-0.16813041,-0.10929718,-0.22895765,-0.23728925,-0.15530962,-0.22850217,-0.3768707,-0.08556121,-0.1548877,-0.058144663,-0.15474796,-0.15854356,-0.19931981,-0.1978925,-0.13057418,-0.1552726,-0.12711628,-0.20043859,-0.11658599,-0.182019,-0.25032333,-0.1509206,-0.15527785,-0.15142563,-0.10844302,-0.18249588,-0.28454733,-0.15529588,-0.13076687,-0.15530708,-0.22338755,-0.15530999,-0.29867563,-0.15531006,-0.29356226,-0.13005477,-0.15515557,-0.13691942,-0.15530422,-0.23188588,-0.24781659,-0.1296162,-0.13077313,-0.24679694,-0.18279888,-0.25087595,-0.26027086,-0.28621647,-0.27511892,-0.11894142,-0.15521917,-0.040142577,-0.056944285,-0.15455246,-0.11274739,-0.13743341,-0.1306555,-0.1552873,-0.15860386,-0.15860856,-0.15860924,-0.27573854,-0.15526903,-0.1306568,-0.16243835,-0.12334165,-0.14074792,-0.15527421,-0.15887658,-0.14481027,-0.13075106,-0.18691605,-0.14998752,-0.1552974,-0.15858635,-0.15859815,-0.1585308,-0.120334074,-0.13700745,-0.08858878,-0.15529114,-0.19008024,-0.15530285,-0.2004665,-0.11139822,-0.1388583,-0.13027036,-0.1074974,-0.15152657,-0.15520206,-0.15829436,-0.10065024,-0.08152827,-0.09427856,-0.15525378,-0.11960925,-0.15027548,-0.16982608,-0.1185138,-0.15527138,-0.1586022,-0.17738779,-0.15176103,-0.15530586,-0.25953975,-0.17989698,-0.13525523,-0.15530291,-0.15095688,-0.17780018,-0.2009549,-0.15528199,-0.09015879,-0.15499642,-0.12151222,-0.121854745,-0.13997786,-0.21433522,-0.13908121,-0.16057305,-0.15522842,-0.07092635,-0.15465143,-0.15780368,-0.18733518,-0.15503933,-0.13064349,-0.12334781,-0.14100276,-0.15526068,-0.114095174,-0.25318068,-0.26654312,-0.12988296,-0.10945694,-0.15525138,-0.09238048,-0.20963459,-0.15530314,-0.1585216,-0.13015124,-0.15522908,-0.16015086,-0.1553517,-0.15530768,-0.19704957,-0.20616047,-0.12956564,-0.10460003,-0.11361031,-0.10256614,-0.15529993,-0.19495486,-0.1552753,-0.1300649,-0.1551406,-0.041086134,-0.12967405,-0.1553064,-0.2300741,-0.15528452,-0.10384405,-0.15384127,-0.0784167,-0.1551595,-0.12766197,-0.15517965,-0.121451,-0.075820275,-0.09192432,-0.101488546,-0.15503068,-0.1585105,-0.12378413,-0.15514809,-0.1410757,-0.13984437,-0.18093297,-0.15530895,-0.25777104,-0.12844054,-0.15521587,-0.13462572,-0.119081676,-0.15527849,-0.15860435,-0.15860607,-0.15860721,-0.19755594,-0.25103784,-0.20219928,-0.19465852,-0.24831252,-0.20506537,-0.22091979,-0.15529355,-0.13035706,-0.11956477,-0.1552884,-0.1586006,-0.20931396,-0.18224281,-0.15527955,-0.32474133,-0.155307,-0.15860996,-0.15860882,-0.15860844,-0.2185038,-0.15527898,-0.114121355,-0.15528177,-0.15859438,-0.15860082,-0.22984435,-0.1553005,-0.15858305,-0.08963354,-0.1551963,-0.15855943,-0.15857773,-0.15857899,-0.13302092,-0.1051107,-0.14014931,-0.15141064,-0.15839578,-0.15615125,-0.14613561,-0.15529674,-0.12319561,-0.13072233,-0.1552601,-0.15860976,-0.1586093,-0.1586093,-0.15860981,-0.38518023,-0.11451449,-0.15526763,-0.15564899,-0.14443555,-0.16636807,-0.15530223,-0.15853113,-0.12993515,-0.047159404,-0.14925474,-0.14016809,-0.14106366,-0.15515476,-0.19987361,-0.1649412,-0.17166539,-0.15527956,-0.15856652,-0.12722544,-0.14610182,-0.2588673,-0.13052571,-0.15517765,-0.09132757,-0.12832497,-0.13684332,-0.16221203,-0.15659244,-0.12994441,-0.15504545,-0.15851347,-0.15856323,-0.15859759,-0.15740095,-0.19795567,-0.15106063,-0.07294749,-0.2039893,-0.15526843,-0.15856168,-0.104459345,-0.15493152,-0.17466888,-0.13176009,-0.15527567,-0.15109587,-0.10913184,-0.15510868,-0.05825615,-0.14326635,-0.17082691,-0.15521346,-0.18883844,-0.15530814,-0.31316653,-0.15529828,-0.16808087,-0.14331596,-0.15530029,-0.15860628,-0.25088155,-0.15530851,-0.22115314,-0.07562123,-0.086852394,-0.10702289,-0.060967896,-0.14850637,-0.16796505,-0.15746465,-0.22133875,-0.12812386,-0.0969081,-0.16398169,-0.12716047,-0.11335766,-0.18846886,-0.13071577,-0.17755464,-0.0994983,-0.115196005,-0.15521464,-0.11662802,-0.19749595,-0.14526704,-0.12781724,-0.096878245,-0.15521444,-0.15840745,-0.12434345,-0.11230643,-0.063823454,-0.15514323,-0.11419349,-0.10007019,-0.24483351,-0.15530905,-0.15859792,-0.16344379,-0.1759062,-0.12524253,-0.155294,-0.0782174,-0.19187105,-0.18185812,-0.09859173,-0.11065883,-0.15496069,-0.15827823,-0.083404,-0.1213824,-0.13072303,-0.13855581,-0.19385117,-0.15527105,-0.15860304,-0.19487974,-0.23847799,-0.2432746,-0.13037425,-0.15509886,-0.15857375,-0.14520228,-0.2961179,-0.1553083,-0.19813283,-0.13062003,-0.15524292,-0.060104962,-0.15931924,-0.15530649,-0.2028091,-0.2868003,-0.11816878,-0.14795661,-0.10060286,-0.15514731,-0.13614628,-0.20725825,-0.17393659,-0.125103,-0.15657571,-0.15690626,-0.15530506,-0.15860555,-0.16221246,-0.22200036,-0.13078858,-0.2814266,-0.15530948,-0.1915083,-0.24371436,-0.16952515,-0.15522139,-0.13369927,-0.12557748,-0.15530184,-0.18106565,-0.15530923,-0.18642783,-0.15525186,-0.30462334,-0.15519516,-0.14691104,-0.13029914,-0.15529594,-0.15859285,-0.18915205,-0.13070805,-0.15530106,-0.10481856,-0.1650517,-0.15529883,-0.15860762,-0.15857819,-0.13029464,-0.1552011,-0.15857285,-0.15856345,-0.15857536,-0.1585837,-0.16505513,-0.17392421,-0.15529421,-0.15860021,-0.15858984,-0.15860075,-0.2025511,-0.15354379,-0.14723541,-0.15427518,-0.11499533,-0.10471026,-0.11893196,-0.15529792,-0.15852875,-0.13066705,-0.19501048,-0.15530598,-0.18738703,-0.11705899,-0.17429145,-0.15529634,-0.06652963,-0.15504584,-0.10737923,-0.124497145,-0.15298569,-0.052188452,-0.26007295
k__Bacteria|p__Firmicutes|c__Clostridia|o__Eubacteriales|f__Lachnospiraceae|g__Blautia|s__Blautia_sp_Marseille_P3201T,-0.1004395,-0.12316422,-0.15494332,-0.15828335,-0.15828359,-0.23867357,-0.1666669,-0.16813041,-0.10929718,-0.22895765,-0.23728925,-0.15494797,-0.22850217,-0.3768707,-0.08556121,-0.15455747,-0.058144663,-0.15443453,-0.15822324,-0.19931981,-0.1978925,-0.12995614,-0.15491393,-0.12711628,-0.20043859,-0.11658599,-0.182019,-0.25032333,-0.1509206,-0.15491852,-0.15142563,-0.10844302,-0.18249588,-0.28454733,-0.15493506,-0.13013728,-0.15494566,-0.22338755,-0.15494832,-0.29867563,-0.15494838,-0.29356226,-0.12946916,-0.15480468,-0.13691942,-0.15494302,-0.23188588,-0.24781659,-0.1296162,-0.13014305,-0.24679694,-0.18279888,-0.25087595,-0.26027086,-0.28621647,-0.27511892,-0.11894142,-0.15486453,-0.040142577,-0.056944285,-0.15424669,-0.11274739,-0.13743341,-0.13003199,-0.15492725,-0.15827912,-0.15828338,-0.15828401,-0.27573854,-0.15490928,-0.13003355,-0.16243835,-0.12334165,-0.14074792,-0.15491545,-0.15887658,-0.14481027,-0.1301226,-0.18691605,-0.14998752,-0.1549367,-0.15826294,-0.15827373,-0.15820871,-0.120334074,-0.13700745,-0.08858878,-0.15493104,-0.19008024,-0.15494177,-0.2004665,-0.11139822,-0.1388583,-0.13027036,-0.1074974,-0.15152657,-0.15484917,-0.15797685,-0.10065024,-0.08152827,-0.09427856,-0.15489668,-0.11960925,-0.15027548,-0.16982608,-0.1185138,-0.1549125,-0.15827754,-0.17738779,-0.15176103,-0.15494451,-0.25953975,-0.17989698,-0.13525523,-0.15494183,-0.15095688,-0.17780018,-0.2009549,-0.15492141,-0.09015879,-0.15466073,-0.12151222,-0.121854745,-0.13997786,-0.21433522,-0.13908121,-0.16057305,-0.15487342,-0.07092635,-0.1543394,-0.15753138,-0.18733518,-0.15469256,-0.13001952,-0.12334781,-0.14100276,-0.15490296,-0.114095174,-0.25318068,-0.26654312,-0.1292942,-0.10945694,-0.15489452,-0.09238048,-0.20963459,-0.15494207,-0.15820026,-0.12954777,-0.15487331,-0.16015086,-0.1553517,-0.15494622,-0.19704957,-0.20616047,-0.12900184,-0.10460003,-0.11361031,-0.10256614,-0.15493914,-0.19495486,-0.15491581,-0.12946868,-0.15479282,-0.041086134,-0.12967405,-0.15494499,-0.2300741,-0.15492445,-0.10384405,-0.15358807,-0.0784167,-0.154809,-0.12766197,-0.15482838,-0.121451,-0.075820275,-0.09192432,-0.101488546,-0.15469088,-0.15819345,-0.12378413,-0.1547915,-0.1410757,-0.13984437,-0.18093297,-0.15494734,-0.25777104,-0.12844054,-0.15485886,-0.13462572,-0.119081676,-0.15491952,-0.15827954,-0.15828112,-0.15828216,-0.19755594,-0.25103784,-0.20219928,-0.19465852,-0.24831252,-0.20506537,-0.22091979,-0.15493289,-0.1297433,-0.11956477,-0.15492857,-0.15827605,-0.20931396,-0.18224281,-0.15491955,-0.32474133,-0.15494558,-0.1582847,-0.15828365,-0.1582833,-0.2185038,-0.1549187,-0.114121355,-0.15492204,-0.15827006,-0.15827626,-0.22984435,-0.15493965,-0.15825862,-0.08963354,-0.15484308,-0.1582385,-0.15825483,-0.15825647,-0.13302092,-0.1051107,-0.14014931,-0.15141064,-0.15839578,-0.15615125,-0.14613561,-0.15493627,-0.12319561,-0.13009594,-0.15490189,-0.15828452,-0.15828407,-0.15828407,-0.15828454,-0.38518023,-0.11451449,-0.15490925,-0.15564899,-0.14443555,-0.16636807,-0.15494114,-0.15821028,-0.12993515,-0.047159404,-0.14930367,-0.14016809,-0.14106366,-0.15480506,-0.19987361,-0.1649412,-0.17166539,-0.15492038,-0.15824515,-0.12722544,-0.14610182,-0.2588673,-0.12990761,-0.15482646,-0.09132757,-0.12832497,-0.13684332,-0.16221203,-0.15659244,-0.12934355,-0.1547024,-0.15819584,-0.15824178,-0.15827331,-0.15740095,-0.19795567,-0.15106063,-0.07294749,-0.2039893,-0.15490979,-0.15824057,-0.104459345,-0.15455511,-0.17466888,-0.13176009,-0.15491703,-0.15109587,-0.10913184,-0.15476185,-0.05825615,-0.14326635,-0.17082691,-0.1548591,-0.18883844,-0.1549466,-0.31316653,-0.15493727,-0.16808087,-0.14331596,-0.15493941,-0.15828127,-0.25088155,-0.15494695,-0.22115314,-0.07562123,-0.086852394,-0.10702289,-0.060967896,-0.1486159,-0.16796505,-0.15746465,-0.22133875,-0.12812386,-0.0969081,-0.16398169,-0.12716047,-0.11335766,-0.18846886,-0.13008945,-0.17755464,-0.0994983,-0.115196005,-0.15486035,-0.11662802,-0.19749595,-0.14526704,-0.12781724,-0.096878245,-0.15486091,-0.15809828,-0.12434345,-0.11230643,-0.063823454,-0.15479445,-0.11419349,-0.10007019,-0.24483351,-0.15494746,-0.15827328,-0.16344379,-0.1759062,-0.12524253,-0.15493369,-0.0782174,-0.19187105,-0.18185812,-0.09859173,-0.11065883,-0.15462749,-0.15797937,-0.083404,-0.1213824,-0.13072303,-0.13855581,-0.19385117,-0.15491216,-0.15827835,-0.19487974,-0.23847799,-0.2432746,-0.1297704,-0.1547538,-0.1582512,-0.14520228,-0.2961179,-0.15494676,-0.19813283,-0.1299985,-0.15488614,-0.060104962,-0.15931924,-0.15494508,-0.2028091,-0.2868003,-0.11816878,-0.14795661,-0.10060286,-0.15479764,-0.13614628,-0.20725825,-0.17393659,-0.125103,-0.15657571,-0.15690626,-0.15494376,-0.15828064,-0.16221246,-0.22200036,-0.13015732,-0.2814266,-0.15494785,-0.1915083,-0.24371436,-0.16952515,-0.15486366,-0.13369927,-0.12557748,-0.15494078,-0.18106565,-0.15494761,-0.18642783,-0.15489316,-0.30462334,-0.15484166,-0.14691104,-0.13029914,-0.15493536,-0.15826899,-0.18915205,-0.1300826,-0.15494013,-0.10481856,-0.1650517,-0.15493797,-0.15828255,-0.15825444,-0.12968896,-0.15484834,-0.15825024,-0.15824169,-0.15825257,-0.15826046,-0.16505513,-0.17392421,-0.1549337,-0.15827575,-0.15826613,-0.15827626,-0.2025511,-0.15354379,-0.14723541,-0.15398313,-0.11499533,-0.10471026,-0.11893196,-0.15493718,-0.15820768,-0.13004477,-0.19501048,-0.15494457,-0.18738703,-0.11705899,-0.17429145,-0.15493532,-0.06652963,-0.15470514,-0.10737923,-0.124497145,-0.15298569,-0.052188452,-0.26007295
k__Bacteria|p__Firmicutes|c__Clostridia|o__Eubacteriales|f__Eubacteriales_unclassified|g__Intestinimonas|s__Intestinimonas_massiliensis,-0.1004395,-0.12316422,-0.15554959,-0.15891737,-0.15891771,-0.23867357,-0.1666669,-0.16813041,-0.10929718,-0.22895765,-0.23728925,-0.15555552,-0.22850217,-0.3768707,-0.08556121,-0.15505755,-0.058144663,-0.15489511,-0.15884069,-0.19931981,-0.1978925,-0.13031475,-0.15551195,-0.12711628,-0.20043859,-0.11658599,-0.182019,-0.25032333,-0.1509206,-0.1555181,-0.15142563,-0.10844302,-0.18249588,-0.28454733,-0.1555394,-0.13053836,-0.15555257,-0.22338755,-0.15555596,-0.29867563,-0.15555605,-0.29356226,-0.1297217,-0.15537381,-0.13691942,-0.15554917,-0.23188588,-0.24781659,-0.1296162,-0.13054565,-0.24679694,-0.18279888,-0.25087595,-0.26027086,-0.28621647,-0.27511892,-0.11894142,-0.15544894,-0.040142577,-0.056944285,-0.15466318,-0.11274739,-0.13743341,-0.13040952,-0.15552923,-0.15891193,-0.15891743,-0.15891823,-0.27573854,-0.15550742,-0.13041031,-0.16243835,-0.12334165,-0.14074792,-0.1555139,-0.15887658,-0.14481027,-0.13051994,-0.18691605,-0.14998752,-0.15554115,-0.15889129,-0.15890515,-0.15882504,-0.120334074,-0.13700745,-0.08858878,-0.15553382,-0.19008024,-0.15554759,-0.2004665,-0.11139822,-0.1388583,-0.13027036,-0.1074974,-0.15152657,-0.15542908,-0.15854606,-0.10065024,-0.08152827,-0.09427856,-0.15548983,-0.11960925,-0.15027548,-0.16982608,-0.1185138,-0.15551038,-0.15890995,-0.17738779,-0.15176103,-0.1555511,-0.25953975,-0.17989698,-0.13525523,-0.15554766,-0.15095688,-0.17780018,-0.2009549,-0.15552278,-0.09015879,-0.15518725,-0.12151222,-0.121854745,-0.13997786,-0.21433522,-0.13908121,-0.16057305,-0.15546,-0.07092635,-0.15477929,-0.15796675,-0.18733518,-0.15523547,-0.1303979,-0.12334781,-0.14100276,-0.15549792,-0.114095174,-0.25318068,-0.26654312,-0.12952699,-0.10945694,-0.15548703,-0.09238048,-0.20963459,-0.15554793,-0.15881416,-0.12983805,-0.15546036,-0.16015086,-0.1553517,-0.15555328,-0.19704957,-0.20616047,-0.1291602,-0.10460003,-0.11361031,-0.10256614,-0.15554416,-0.19495486,-0.15551513,-0.12974794,-0.15535668,-0.041086134,-0.12967405,-0.15555175,-0.2300741,-0.15552597,-0.10384405,-0.15382053,-0.0784167,-0.15537816,-0.12766197,-0.1554026,-0.121451,-0.075820275,-0.09192432,-0.101488546,-0.1552273,-0.15880209,-0.12378413,-0.15536182,-0.1410757,-0.13984437,-0.18093297,-0.15555476,-0.25777104,-0.12844054,-0.15544434,-0.13462572,-0.119081676,-0.15551895,-0.15891248,-0.1589145,-0.15891586,-0.19755594,-0.25103784,-0.20219928,-0.19465852,-0.24831252,-0.20506537,-0.22091979,-0.15553652,-0.13007599,-0.11956477,-0.15553059,-0.15890807,-0.20931396,-0.18224281,-0.15551996,-0.32474133,-0.15555245,-0.15891908,-0.15891775,-0.15891731,-0.2185038,-0.15551871,-0.114121355,-0.15552258,-0.15890065,-0.15890831,-0.22984435,-0.15554483,-0.15888657,-0.08963354,-0.15542173,-0.1588597,-0.1588811,-0.15888274,-0.13302092,-0.1051107,-0.14014931,-0.15141064,-0.15839578,-0.15615125,-0.14613561,-0.15554044,-0.12319561,-0.13048664,-0.15549713,-0.15891886,-0.15891829,-0.15891829,-0.15891892,-0.38518023,-0.11451449,-0.1555061,-0.15564899,-0.14443555,-0.16636807,-0.15554683,-0.15882577,-0.12993515,-0.047159404,-0.14840588,-0.14016809,-0.14106366,-0.15537319,-0.19987361,-0.1649412,-0.17166539,-0.1555202,-0.15886812,-0.12722544,-0.14610182,-0.2588673,-0.13026124,-0.15540025,-0.09132757,-0.12832497,-0.13684332,-0.16221203,-0.15659244,-0.12960222,-0.1552431,-0.15880546,-0.15886411,-0.15890452,-0.15740095,-0.19795567,-0.15106063,-0.07294749,-0.2039893,-0.155507,-0.15886232,-0.104459345,-0.15510374,-0.17466888,-0.13176009,-0.1555157,-0.15109587,-0.10913184,-0.15531862,-0.05825615,-0.14326635,-0.17082691,-0.15544227,-0.18883844,-0.1555538,-0.31316653,-0.1555421,-0.16808087,-0.14331596,-0.15554458,-0.15891474,-0.25088155,-0.15555423,-0.22115314,-0.07562123,-0.086852394,-0.10702289,-0.060967896,-0.1475276,-0.16796505,-0.15746465,-0.22133875,-0.12812386,-0.0969081,-0.16398169,-0.12716047,-0.11335766,-0.18846886,-0.1304793,-0.17755464,-0.0994983,-0.115196005,-0.1554437,-0.11662802,-0.19749595,-0.14526704,-0.12781724,-0.096878245,-0.15544364,-0.1586808,-0.12434345,-0.11230643,-0.063823454,-0.15535939,-0.11419349,-0.10007019,-0.24483351,-0.15555486,-0.15890479,-0.16344379,-0.1759062,-0.12524253,-0.15553719,-0.0782174,-0.19187105,-0.18185812,-0.09859173,-0.11065883,-0.1551452,-0.15852866,-0.083404,-0.1213824,-0.13072303,-0.13855581,-0.19385117,-0.15551007,-0.15891095,-0.19487974,-0.23847799,-0.2432746,-0.13008726,-0.15530747,-0.15887639,-0.14520228,-0.2961179,-0.155554,-0.19813283,-0.13036859,-0.1554769,-0.060104962,-0.15931924,-0.15555185,-0.2028091,-0.2868003,-0.11816878,-0.14795661,-0.10060286,-0.15536427,-0.13614628,-0.20725825,-0.17393659,-0.125103,-0.15657571,-0.15690626,-0.15555017,-0.15891388,-0.16221246,-0.22200036,-0.13056375,-0.2814266,-0.1555554,-0.1915083,-0.24371436,-0.16952515,-0.15545079,-0.13369927,-0.12557748,-0.15554638,-0.18106565,-0.15555508,-0.18642783,-0.15548709,-0.30462334,-0.15542057,-0.14691104,-0.13029914,-0.15553942,-0.15889895,-0.18915205,-0.13046968,-0.15554549,-0.10481856,-0.1650517,-0.15554282,-0.15891634,-0.15888143,-0.13000037,-0.15542796,-0.15887533,-0.15886423,-0.15887824,-0.15888807,-0.16505513,-0.17392421,-0.15553737,-0.15890762,-0.15889539,-0.15890823,-0.2025511,-0.15354379,-0.14723541,-0.1543344,-0.11499533,-0.10471026,-0.11893196,-0.15554176,-0.15882286,-0.13042209,-0.19501048,-0.15555122,-0.18738703,-0.11705899,-0.17429145,-0.15553972,-0.06652963,-0.1552448,-0.10737923,-0.124497145,-0.15298569,-0.052188452,-0.26007295
k__Bacteria|p__Firmicutes|c__Clostridia|o__Eubacteriales|f__Lachnospiraceae|g__Blautia|s__Blautia_stercoris,-0.1004395,-0.12316422,-0.15563902,-0.15906534,-0.15906629,-0.23867357,-0.1666669,-0.16813041,-0.10929718,-0.22895765,-0.23728925,-0.15565132,-0.22850217,-0.3768707,-0.08556121,-0.15455943,-0.058144663,-0.15408744,-0.15890265,-0.19931981,-0.1978925,-0.12962937,-0.1555543,-0.12711628,-0.20043859,-0.11658599,-0.182019,-0.25032333,-0.1509206,-0.15557411,-0.15142563,-0.10844302,-0.18249588,-0.28454733,-0.1556196,-0.13018209,-0.15564471,-0.22338755,-0.15565234,-0.29867563,-0.15565255,-0.29356226,-0.12814754,-0.15528643,-0.13691942,-0.15563685,-0.23188588,-0.24781659,-0.1296162,-0.13020329,-0.24679694,-0.18279888,-0.25087595,-0.26027086,-0.28621647,-0.27511892,-0.11894142,-0.15541524,-0.040142577,-0.056944285,-0.15380405,-0.11274739,-0.13743341,-0.12987858,-0.15559842,-0.15905303,-0.1590659,-0.15906735,-0.27573854,-0.15556039,-0.12988564,-0.16243835,-0.12334165,-0.14074792,-0.15555872,-0.15887658,-0.14481027,-0.13013506,-0.18691605,-0.14998752,-0.15561952,-0.15900853,-0.15904123,-0.15890557,-0.120334074,-0.13700745,-0.08858878,-0.15560284,-0.19008024,-0.15563355,-0.2004665,-0.11139822,-0.1388583,-0.13027036,-0.1074974,-0.15152657,-0.15536627,-0.15838386,-0.10065024,-0.08152827,-0.09427856,-0.15550241,-0.11960925,-0.15027548,-0.16982608,-0.1185138,-0.1555586,-0.15904902,-0.17738779,-0.15176103,-0.15564205,-0.25953975,-0.17989698,-0.13525523,-0.15563354,-0.15095688,-0.17780018,-0.2009549,-0.15559775,-0.09015879,-0.15480155,-0.12151222,-0.121854745,-0.13997786,-0.21433522,-0.13908121,-0.16057305,-0.15543364,-0.07092635,-0.15395927,-0.15724787,-0.18733518,-0.15508854,-0.12984262,-0.12334781,-0.14100276,-0.15552296,-0.114095174,-0.25318068,-0.26654312,-0.127711,-0.10945694,-0.15549567,-0.09238048,-0.20963459,-0.15563416,-0.15889792,-0.12847492,-0.15545115,-0.16015086,-0.1553517,-0.1556465,-0.19704957,-0.20616047,-0.1269557,-0.10460003,-0.11361031,-0.10256614,-0.15562487,-0.19495486,-0.15556793,-0.12829506,-0.15519793,-0.041086134,-0.12967405,-0.1556443,-0.2300741,-0.15559295,-0.10384405,-0.15187249,-0.0784167,-0.15526995,-0.12766197,-0.15531018,-0.121451,-0.075820275,-0.09192432,-0.101488546,-0.15491506,-0.15880147,-0.12378413,-0.15531431,-0.1410757,-0.13984437,-0.18093297,-0.1556496,-0.25777104,-0.12844054,-0.15543348,-0.13462572,-0.119081676,-0.15556552,-0.15905482,-0.15905926,-0.15906227,-0.19755594,-0.25103784,-0.20219928,-0.19465852,-0.24831252,-0.20506537,-0.22091979,-0.15561514,-0.12906022,-0.11956477,-0.15559414,-0.1590456,-0.20931396,-0.18224281,-0.15558404,-0.32474133,-0.15564418,-0.15906917,-0.1590662,-0.1590651,-0.2185038,-0.15558489,-0.114121355,-0.15558602,-0.15903568,-0.15904625,-0.22984435,-0.15562633,-0.15901436,-0.08963354,-0.15536548,-0.15893,-0.15899062,-0.15898326,-0.13302092,-0.1051107,-0.14014931,-0.15141064,-0.15839578,-0.15615125,-0.14613561,-0.15561524,-0.12319561,-0.13006672,-0.15553543,-0.15906876,-0.15906763,-0.15906753,-0.15906885,-0.38518023,-0.11451449,-0.15554437,-0.15564899,-0.14443555,-0.16636807,-0.15563375,-0.15890336,-0.12993515,-0.047159404,-0.14179154,-0.14016809,-0.14106366,-0.15526107,-0.19987361,-0.1649412,-0.17166539,-0.15557179,-0.15894613,-0.12722544,-0.14610182,-0.2588673,-0.12948427,-0.15529978,-0.09132757,-0.12832497,-0.13684332,-0.16221203,-0.15659244,-0.1279471,-0.1549944,-0.15881568,-0.15894452,-0.15903658,-0.15740095,-0.19795567,-0.15106063,-0.07294749,-0.2039893,-0.15555093,-0.15893409,-0.104459345,-0.15485226,-0.17466888,-0.13176009,-0.15555623,-0.15109587,-0.10913184,-0.15513831,-0.05825615,-0.14326635,-0.17082691,-0.1554105,-0.18883844,-0.155648,-0.31316653,-0.15562822,-0.16808087,-0.14331596,-0.15562701,-0.15906078,-0.25088155,-0.15564904,-0.22115314,-0.07562123,-0.086852394,-0.10702289,-0.060967896,-0.13979319,-0.16796505,-0.15746465,-0.22133875,-0.12812386,-0.0969081,-0.16398169,-0.12716047,-0.11335766,-0.18846886,-0.13004008,-0.17755464,-0.0994983,-0.115196005,-0.15540911,-0.11662802,-0.19749595,-0.14526704,-0.12781724,-0.096878245,-0.15538898,-0.15853456,-0.12434345,-0.11230643,-0.063823454,-0.15521622,-0.11419349,-0.10007019,-0.24483351,-0.15564987,-0.15904416,-0.16344379,-0.1759062,-0.12524253,-0.15560943,-0.0782174,-0.19187105,-0.18185812,-0.09859173,-0.11065883,-0.15471956,-0.15819843,-0.083404,-0.1213824,-0.13072303,-0.13855581,-0.19385117,-0.15555897,-0.15905118,-0.19487974,-0.23847799,-0.2432746,-0.12912947,-0.15510195,-0.1589793,-0.14520228,-0.2961179,-0.15564792,-0.19813283,-0.12976901,-0.1554861,-0.060104962,-0.15931924,-0.15564403,-0.2028091,-0.2868003,-0.11816878,-0.14795661,-0.10060286,-0.15524969,-0.13614628,-0.20725825,-0.17393659,-0.125103,-0.15657571,-0.15690626,-0.15564014,-0.15905759,-0.16221246,-0.22200036,-0.13024543,-0.2814266,-0.15565118,-0.1915083,-0.24371436,-0.16952515,-0.1554654,-0.13369927,-0.12557748,-0.15563235,-0.18106565,-0.15565035,-0.18642783,-0.15553093,-0.30462334,-0.15537962,-0.14691104,-0.13029914,-0.15561639,-0.15902369,-0.18915205,-0.13001105,-0.1556288,-0.10481856,-0.1650517,-0.15562591,-0.1590634,-0.15900365,-0.12887758,-0.1553615,-0.15898067,-0.15895209,-0.15898573,-0.15900065,-0.16505513,-0.17392421,-0.15561375,-0.15904336,-0.15901837,-0.15904477,-0.2025511,-0.15354379,-0.14723541,-0.15328678,-0.11499533,-0.10471026,-0.11893196,-0.15562156,-0.15889624,-0.12988569,-0.19501048,-0.15564314,-0.18738703,-0.11705899,-0.17429145,-0.15562233,-0.06652963,-0.15494572,-0.10737923,-0.124497145,-0.15298569,-0.052188452,-0.26007295
k__Bacteria|p__Firmicutes|c__Clostridia|o__Eubacteriales|f__Clostridiaceae|g__Clostridiaceae_unclassified|s__Clostridiaceae_bacterium_AF18_31LB,-0.1004395,-0.12316422,-0.15538658,-0.15873861,-0.15873888,-0.23867357,-0.1666669,-0.16813041,-0.10929718,-0.22895765,-0.23728925,-0.1553914,-0.22850217,-0.3768707,-0.08556121,-0.1549842,-0.058144663,-0.15485704,-0.15867627,-0.19931981,-0.1978925,-0.13029626,-0.15535602,-0.12711628,-0.20043859,-0.11658599,-0.182019,-0.25032333,-0.1509206,-0.15536083,-0.15142563,-0.10844302,-0.18249588,-0.28454733,-0.15537784,-0.1304912,-0.15538901,-0.22338755,-0.15539177,-0.29867563,-0.15539184,-0.29356226,-0.12978032,-0.1552427,-0.13691942,-0.15538627,-0.23188588,-0.24781659,-0.1296162,-0.13049717,-0.24679694,-0.18279888,-0.25087595,-0.26027086,-0.28621647,-0.27511892,-0.11894142,-0.1553047,-0.040142577,-0.056944285,-0.15466434,-0.11274739,-0.13743341,-0.13037667,-0.15536991,-0.1587342,-0.15873864,-0.1587393,-0.27573854,-0.15535088,-0.1303809,-0.16243835,-0.12334165,-0.14074792,-0.15535761,-0.15887658,-0.14481027,-0.13047521,-0.18691605,-0.14998752,-0.15537973,-0.15871742,-0.1587286,-0.15865995,-0.120334074,-0.13700745,-0.08858878,-0.1553738,-0.19008024,-0.15538496,-0.2004665,-0.11139822,-0.1388583,-0.13027036,-0.1074974,-0.15152657,-0.1552886,-0.15841442,-0.10065024,-0.08152827,-0.09427856,-0.15533805,-0.11960925,-0.15027548,-0.16982608,-0.1185138,-0.15535462,-0.15873256,-0.17738779,-0.15176103,-0.1553878,-0.25953975,-0.17989698,-0.13525523,-0.15538502,-0.15095688,-0.17780018,-0.2009549,-0.15536363,-0.09015879,-0.15509254,-0.12151222,-0.121854745,-0.13997786,-0.21433522,-0.13908121,-0.16057305,-0.1553138,-0.07092635,-0.15475926,-0.15795995,-0.18733518,-0.15512669,-0.13036093,-0.12334781,-0.14100276,-0.15534464,-0.114095174,-0.25318068,-0.26654312,-0.12956955,-0.10945694,-0.15533584,-0.09238048,-0.20963459,-0.15538526,-0.15865296,-0.12985203,-0.15531394,-0.16015086,-0.1553517,-0.15538958,-0.19704957,-0.20616047,-0.12927337,-0.10460003,-0.11361031,-0.10256614,-0.15538222,-0.19495486,-0.1553576,-0.1297583,-0.15522996,-0.041086134,-0.12967405,-0.15538831,-0.2300741,-0.15536669,-0.10384405,-0.15397462,-0.0784167,-0.15524715,-0.12766197,-0.15526709,-0.121451,-0.075820275,-0.09192432,-0.101488546,-0.15512341,-0.15864506,-0.12378413,-0.1552288,-0.1410757,-0.13984437,-0.18093297,-0.15539077,-0.25777104,-0.12844054,-0.15529874,-0.13462572,-0.119081676,-0.1553618,-0.15873465,-0.15873629,-0.15873739,-0.19755594,-0.25103784,-0.20219928,-0.19465852,-0.24831252,-0.20506537,-0.22091979,-0.15537569,-0.13005787,-0.11956477,-0.15537122,-0.15873104,-0.20931396,-0.18224281,-0.15536201,-0.32474133,-0.15538892,-0.15874001,-0.15873894,-0.15873855,-0.2185038,-0.15536115,-0.114121355,-0.15536453,-0.15872484,-0.15873125,-0.22984435,-0.15538275,-0.15871328,-0.08963354,-0.15528253,-0.15869197,-0.15870905,-0.15871061,-0.13302092,-0.1051107,-0.14014931,-0.15141064,-0.15839578,-0.15615125,-0.14613561,-0.15537924,-0.12319561,-0.13044742,-0.15534368,-0.15873984,-0.15873936,-0.15873936,-0.15873986,-0.38518023,-0.11451449,-0.1553512,-0.15564899,-0.14443555,-0.16636807,-0.1553843,-0.15866281,-0.12993515,-0.047159404,-0.14954837,-0.14016809,-0.14106366,-0.15524316,-0.19987361,-0.1649412,-0.17166539,-0.15536274,-0.15869884,-0.12722544,-0.14610182,-0.2588673,-0.13023788,-0.15526482,-0.09132757,-0.12832497,-0.13684332,-0.16221203,-0.15659244,-0.12962492,-0.15513629,-0.15864763,-0.1586954,-0.15872818,-0.15740095,-0.19795567,-0.15106063,-0.07294749,-0.2039893,-0.15535179,-0.15869406,-0.104459345,-0.15498435,-0.17466888,-0.13176009,-0.15535921,-0.15109587,-0.10913184,-0.15519753,-0.05825615,-0.14326635,-0.17082691,-0.15529922,-0.18883844,-0.15539,-0.31316653,-0.15538031,-0.16808087,-0.14331596,-0.1553825,-0.15873647,-0.25088155,-0.15539035,-0.22115314,-0.07562123,-0.086852394,-0.10702289,-0.060967896,-0.1488316,-0.16796505,-0.15746465,-0.22133875,-0.12812386,-0.0969081,-0.16398169,-0.12716047,-0.11335766,-0.18846886,-0.13043982,-0.17755464,-0.0994983,-0.115196005,-0.15530038,-0.11662802,-0.19749595,-0.14526704,-0.12781724,-0.096878245,-0.1553008,-0.15854588,-0.12434345,-0.11230643,-0.063823454,-0.15523154,-0.11419349,-0.10007019,-0.24483351,-0.15539087,-0.1587281,-0.16344379,-0.1759062,-0.12524253,-0.15537655,-0.0782174,-0.19187105,-0.18185812,-0.09859173,-0.11065883,-0.15505807,-0.15842253,-0.083404,-0.1213824,-0.13072303,-0.13855581,-0.19385117,-0.15535428,-0.15873343,-0.19487974,-0.23847799,-0.2432746,-0.13010377,-0.15518951,-0.15870523,-0.14520228,-0.2961179,-0.15539017,-0.19813283,-0.13033986,-0.15532717,-0.060104962,-0.15931924,-0.15538841,-0.2028091,-0.2868003,-0.11816878,-0.14795661,-0.10060286,-0.15523526,-0.13614628,-0.20725825,-0.17393659,-0.125103,-0.15657571,-0.15690626,-0.15538704,-0.15873578,-0.16221246,-0.22200036,-0.13051216,-0.2814266,-0.15539128,-0.1915083,-0.24371436,-0.16952515,-0.15530366,-0.13369927,-0.12557748,-0.15538397,-0.18106565,-0.15539104,-0.18642783,-0.15533452,-0.30462334,-0.15528123,-0.14691104,-0.13029914,-0.15537831,-0.15872371,-0.18915205,-0.13043274,-0.15538323,-0.10481856,-0.1650517,-0.15538102,-0.15873778,-0.15870829,-0.13000262,-0.15528773,-0.15870425,-0.15869537,-0.15870672,-0.15871483,-0.16505513,-0.17392421,-0.1553766,-0.15873072,-0.15872073,-0.15873122,-0.2025511,-0.15354379,-0.14723541,-0.15439227,-0.11499533,-0.10471026,-0.11893196,-0.15538022,-0.15865993,-0.13039273,-0.19501048,-0.15538788,-0.18738703,-0.11705899,-0.17429145,-0.1553781,-0.06652963,-0.15513851,-0.10737923,-0.124497145,-0.15298569,-0.052188452,-0.26007295
k__Bacteria|p__Firmicutes|c__CFGB7996|o__OFGB7996|f__FGB7996|g__GGB24853|s__GGB24853_SGB36753,-0.1004395,-0.12316422,-0.15481856,-0.15801542,-0.15801574,-0.23867357,-0.1666669,-0.16813041,-0.10929718,-0.22895765,-0.23728925,-0.15482362,-0.22850217,-0.3768707,-0.08556121,-0.15438648,-0.058144663,-0.15422887,-0.15794942,-0.19931981,-0.1978925,-0.13086517,-0.1547854,-0.12711628,-0.20043859,-0.11658599,-0.182019,-0.25032333,-0.1509206,-0.1547918,-0.15142563,-0.10844302,-0.18249588,-0.28454733,-0.15481013,-0.1310738,-0.15482102,-0.22338755,-0.15482402,-0.29867563,-0.15482408,-0.29356226,-0.13031676,-0.15467067,-0.13691942,-0.15481798,-0.23188588,-0.24781659,-0.1296162,-0.13108104,-0.24679694,-0.18279888,-0.25087595,-0.26027086,-0.28621647,-0.27511892,-0.11894142,-0.15473023,-0.040142577,-0.056944285,-0.15406367,-0.11274739,-0.13743341,-0.13095553,-0.15480146,-0.15801062,-0.15801555,-0.15801619,-0.27573854,-0.1547834,-0.13095844,-0.16243835,-0.12334165,-0.14074792,-0.15478715,-0.15887658,-0.14481027,-0.13105655,-0.18691605,-0.14998752,-0.15481102,-0.15799275,-0.1580052,-0.15794088,-0.120334074,-0.13700745,-0.08858878,-0.15480456,-0.19008024,-0.15481663,-0.2004665,-0.11139822,-0.1388583,-0.13027036,-0.1074974,-0.15152657,-0.15471211,-0.15770067,-0.10065024,-0.08152827,-0.09427856,-0.15476556,-0.11960925,-0.15027548,-0.16982608,-0.1185138,-0.15478528,-0.15800895,-0.17738779,-0.15176103,-0.15481983,-0.25953975,-0.17989698,-0.13525523,-0.15481667,-0.15095688,-0.17780018,-0.2009549,-0.15479776,-0.09015879,-0.15449567,-0.12151222,-0.121854745,-0.13997786,-0.21433522,-0.13908121,-0.16057305,-0.15473899,-0.07092635,-0.15414731,-0.1572296,-0.18733518,-0.15456599,-0.13094345,-0.12334781,-0.14100276,-0.15477309,-0.114095174,-0.25318068,-0.26654312,-0.13011521,-0.10945694,-0.15476307,-0.09238048,-0.20963459,-0.15481693,-0.15793449,-0.1304161,-0.15474188,-0.16015086,-0.1553517,-0.15482168,-0.19704957,-0.20616047,-0.12980747,-0.10460003,-0.11361031,-0.10256614,-0.15481347,-0.19495486,-0.15478909,-0.1303307,-0.15464726,-0.041086134,-0.12967405,-0.15482052,-0.2300741,-0.15479885,-0.10384405,-0.15330602,-0.0784167,-0.15466987,-0.12766197,-0.15468931,-0.121451,-0.075820275,-0.09192432,-0.101488546,-0.15453438,-0.15791312,-0.12378413,-0.15466623,-0.1410757,-0.13984437,-0.18093297,-0.15482295,-0.25777104,-0.12844054,-0.15472978,-0.13462572,-0.119081676,-0.15479083,-0.1580112,-0.15801296,-0.15801415,-0.19755594,-0.25103784,-0.20219928,-0.19465852,-0.24831252,-0.20506537,-0.22091979,-0.15480791,-0.13063742,-0.11956477,-0.15480149,-0.15800743,-0.20931396,-0.18224281,-0.15479428,-0.32474133,-0.15482086,-0.15801693,-0.15801576,-0.15801536,-0.2185038,-0.15479362,-0.114121355,-0.154796,-0.15800196,-0.15800767,-0.22984435,-0.15481405,-0.15799114,-0.08963354,-0.15470812,-0.15796374,-0.1579846,-0.15798427,-0.13302092,-0.1051107,-0.14014931,-0.15141064,-0.15839578,-0.15615125,-0.14613561,-0.15480998,-0.12319561,-0.1310281,-0.15477467,-0.15801674,-0.15801626,-0.15801626,-0.15801679,-0.38518023,-0.11451449,-0.15478078,-0.15564899,-0.14443555,-0.16636807,-0.15481627,-0.15794179,-0.12993515,-0.047159404,-0.148884,-0.14016809,-0.14106366,-0.15466629,-0.19987361,-0.1649412,-0.17166539,-0.15479252,-0.15797073,-0.12722544,-0.14610182,-0.2588673,-0.13080812,-0.15468624,-0.09132757,-0.12832497,-0.13684332,-0.16221203,-0.15659244,-0.13018979,-0.1545551,-0.15791713,-0.15796834,-0.15800413,-0.15740095,-0.19795567,-0.15106063,-0.07294749,-0.2039893,-0.15478227,-0.15796569,-0.104459345,-0.15442841,-0.17466888,-0.13176009,-0.15478767,-0.15109587,-0.10913184,-0.1546172,-0.05825615,-0.14326635,-0.17082691,-0.15472613,-0.18883844,-0.15482217,-0.31316653,-0.1548129,-0.16808087,-0.14331596,-0.15481402,-0.15801333,-0.25088155,-0.15482259,-0.22115314,-0.07562123,-0.086852394,-0.10702289,-0.060967896,-0.14810768,-0.16796505,-0.15746465,-0.22133875,-0.12812386,-0.0969081,-0.16398169,-0.12716047,-0.11335766,-0.18846886,-0.1310195,-0.17755464,-0.0994983,-0.115196005,-0.15472661,-0.11662802,-0.19749595,-0.14526704,-0.12781724,-0.096878245,-0.15472332,-0.15780698,-0.12434345,-0.11230643,-0.063823454,-0.1546515,-0.11419349,-0.10007019,-0.24483351,-0.15482305,-0.15800549,-0.16344379,-0.1759062,-0.12524253,-0.15480737,-0.0782174,-0.19187105,-0.18185812,-0.09859173,-0.11065883,-0.15446055,-0.15767401,-0.083404,-0.1213824,-0.13072303,-0.13855581,-0.19385117,-0.15478516,-0.15800981,-0.19487974,-0.23847799,-0.2432746,-0.13066128,-0.15460633,-0.15798032,-0.14520228,-0.2961179,-0.15482226,-0.19813283,-0.13091512,-0.15475616,-0.060104962,-0.15931924,-0.15482053,-0.2028091,-0.2868003,-0.11816878,-0.14795661,-0.10060286,-0.15465969,-0.13614628,-0.20725825,-0.17393659,-0.125103,-0.15657571,-0.15690626,-0.15481904,-0.15801236,-0.16221246,-0.22200036,-0.13109727,-0.2814266,-0.15482351,-0.1915083,-0.24371436,-0.16952515,-0.15473863,-0.13369927,-0.12557748,-0.15481582,-0.18106565,-0.15482321,-0.18642783,-0.15476857,-0.30462334,-0.1547099,-0.14691104,-0.13029914,-0.15480964,-0.15799917,-0.18915205,-0.13101003,-0.15481478,-0.10481856,-0.1650517,-0.15481295,-0.15801457,-0.15798667,-0.13056338,-0.15471074,-0.15797997,-0.15796964,-0.1579823,-0.15798979,-0.16505513,-0.17392421,-0.15480813,-0.15800685,-0.15799648,-0.15800738,-0.2025511,-0.15354379,-0.14723541,-0.15380974,-0.11499533,-0.10471026,-0.11893196,-0.15481168,-0.15793891,-0.13096455,-0.19501048,-0.15482005,-0.18738703,-0.11705899,-0.17429145,-0.15481071,-0.06652963,-0.1545482,-0.10737923,-0.124497145,-0.15298569,-0.052188452,-0.26007295
k__Bacteria|p__Firmicutes|c__CFGB76101|o__OFGB76101|f__FGB76101|g__GGB3499|s__GGB3499_SGB4674,-0.1004395,-0.12316422,-0.15496257,-0.1583884,-0.15838876,-0.23867357,-0.1666669,-0.16813041,-0.10929718,-0.22895765,-0.23728925,-0.15496898,-0.22850217,-0.3768707,-0.08556121,-0.15444171,-0.058144663,-0.15426208,-0.15830597,-0.19931981,-0.1978925,-0.12927426,-0.1549221,-0.12711628,-0.20043859,-0.11658599,-0.182019,-0.25032333,-0.1509206,-0.1549285,-0.15142563,-0.10844302,-0.18249588,-0.28454733,-0.1549513,-0.12952052,-0.15496579,-0.22338755,-0.15496945,-0.29867563,-0.15496954,-0.29356226,-0.12862137,-0.15477245,-0.13691942,-0.15496215,-0.23188588,-0.24781659,-0.1296162,-0.12952812,-0.24679694,-0.18279888,-0.25087595,-0.26027086,-0.28621647,-0.27511892,-0.11894142,-0.15485433,-0.040142577,-0.056944285,-0.15400314,-0.11274739,-0.13743341,-0.1293757,-0.15494049,-0.15838253,-0.15838847,-0.15838933,-0.27573854,-0.15491664,-0.12937972,-0.16243835,-0.12334165,-0.14074792,-0.15492405,-0.15887658,-0.14481027,-0.12950023,-0.18691605,-0.14998752,-0.15495348,-0.15836027,-0.15837516,-0.15828878,-0.120334074,-0.13700745,-0.08858878,-0.15494558,-0.19008024,-0.1549604,-0.2004665,-0.11139822,-0.1388583,-0.13027036,-0.1074974,-0.15152657,-0.15483248,-0.15798923,-0.10065024,-0.08152827,-0.09427856,-0.15489829,-0.11960925,-0.15027548,-0.16982608,-0.1185138,-0.15492031,-0.1583804,-0.17738779,-0.15176103,-0.15496418,-0.25953975,-0.17989698,-0.13525523,-0.15496048,-0.15095688,-0.17780018,-0.2009549,-0.15493324,-0.09015879,-0.15457274,-0.12151222,-0.121854745,-0.13997786,-0.21433522,-0.13908121,-0.16057305,-0.15486617,-0.07092635,-0.15413702,-0.15735665,-0.18733518,-0.15462202,-0.12936014,-0.12334781,-0.14100276,-0.15490687,-0.114095174,-0.25318068,-0.26654312,-0.12838899,-0.10945694,-0.1548952,-0.09238048,-0.20963459,-0.1549608,-0.15827712,-0.12873185,-0.15486693,-0.16015086,-0.1553517,-0.15496655,-0.19704957,-0.20616047,-0.12801185,-0.10460003,-0.11361031,-0.10256614,-0.15495676,-0.19495486,-0.15492517,-0.12862594,-0.15475571,-0.041086134,-0.12967405,-0.15496486,-0.2300741,-0.15493684,-0.10384405,-0.15311578,-0.0784167,-0.15477893,-0.12766197,-0.15480423,-0.121451,-0.075820275,-0.09192432,-0.101488546,-0.15461469,-0.1582644,-0.12378413,-0.15476751,-0.1410757,-0.13984437,-0.18093297,-0.15496813,-0.25777104,-0.12844054,-0.15484956,-0.13462572,-0.119081676,-0.15492967,-0.15838316,-0.15838534,-0.1583868,-0.19755594,-0.25103784,-0.20219928,-0.19465852,-0.24831252,-0.20506537,-0.22091979,-0.15494838,-0.12898894,-0.11956477,-0.15494215,-0.15837835,-0.20931396,-0.18224281,-0.15493074,-0.32474133,-0.15496567,-0.15839025,-0.15838884,-0.15838835,-0.2185038,-0.15493013,-0.114121355,-0.15493342,-0.1583702,-0.15837868,-0.22984435,-0.15495747,-0.15835612,-0.08963354,-0.15482508,-0.15832643,-0.15834919,-0.15835117,-0.13302092,-0.1051107,-0.14014931,-0.15141064,-0.15839578,-0.15615125,-0.14613561,-0.15495276,-0.12319561,-0.12946361,-0.15490562,-0.15839002,-0.1583894,-0.15838942,-0.15839007,-0.38518023,-0.11451449,-0.15491557,-0.15564899,-0.14443555,-0.16636807,-0.15495956,-0.1582888,-0.12993515,-0.047159404,-0.14722237,-0.14016809,-0.14106366,-0.1547719,-0.19987361,-0.1649412,-0.17166539,-0.15493086,-0.15833545,-0.12722544,-0.14610182,-0.2588673,-0.12921096,-0.15480182,-0.09132757,-0.12832497,-0.13684332,-0.16221203,-0.15659244,-0.12847094,-0.15463349,-0.15826786,-0.15833108,-0.15837458,-0.15740095,-0.19795567,-0.15106063,-0.07294749,-0.2039893,-0.15491644,-0.15832931,-0.104459345,-0.15448415,-0.17466888,-0.13176009,-0.15492614,-0.15109587,-0.10913184,-0.15471475,-0.05825615,-0.14326635,-0.17082691,-0.15484655,-0.18883844,-0.1549671,-0.31316653,-0.15495434,-0.16808087,-0.14331596,-0.15495715,-0.15838556,-0.25088155,-0.15496759,-0.22115314,-0.07562123,-0.086852394,-0.10702289,-0.060967896,-0.14626212,-0.16796505,-0.15746465,-0.22133875,-0.12812386,-0.0969081,-0.16398169,-0.12716047,-0.11335766,-0.18846886,-0.12945503,-0.17755464,-0.0994983,-0.115196005,-0.15484825,-0.11662802,-0.19749595,-0.14526704,-0.12781724,-0.096878245,-0.15484884,-0.15813346,-0.12434345,-0.11230643,-0.063823454,-0.15475824,-0.11419349,-0.10007019,-0.24483351,-0.15496828,-0.15837482,-0.16344379,-0.1759062,-0.12524253,-0.15494922,-0.0782174,-0.19187105,-0.18185812,-0.09859173,-0.11065883,-0.15452722,-0.15796982,-0.083404,-0.1213824,-0.13072303,-0.13855581,-0.19385117,-0.15491971,-0.15838149,-0.19487974,-0.23847799,-0.2432746,-0.12902983,-0.15470162,-0.15834416,-0.14520228,-0.2961179,-0.15496732,-0.19813283,-0.12933198,-0.15488409,-0.060104962,-0.15931924,-0.154965,-0.2028091,-0.2868003,-0.11816878,-0.14795661,-0.10060286,-0.15476218,-0.13614628,-0.20725825,-0.17393659,-0.125103,-0.15657571,-0.15690626,-0.15496317,-0.15838465,-0.16221246,-0.22200036,-0.12954774,-0.2814266,-0.15496883,-0.1915083,-0.24371436,-0.16952515,-0.1548563,-0.13369927,-0.12557748,-0.15495908,-0.18106565,-0.1549685,-0.18642783,-0.15489483,-0.30462334,-0.15482266,-0.14691104,-0.13029914,-0.15495157,-0.15836859,-0.18915205,-0.12944563,-0.15495814,-0.10481856,-0.1650517,-0.15495521,-0.15838729,-0.15834936,-0.12891988,-0.15483153,-0.1583429,-0.15833108,-0.15834613,-0.15835705,-0.16505513,-0.17392421,-0.15494932,-0.1583779,-0.15836465,-0.1583786,-0.2025511,-0.15354379,-0.14723541,-0.15364313,-0.11499533,-0.10471026,-0.11893196,-0.15495412,-0.15828684,-0.12939408,-0.19501048,-0.15496433,-0.18738703,-0.11705899,-0.17429145,-0.15495211,-0.06652963,-0.15463632,-0.10737923,-0.124497145,-0.15298569,-0.052188452,-0.26007295
k__Bacteria|p__Firmicutes|c__CFGB76106|o__OFGB76106|f__FGB76106|g__GGB33657|s__GGB33657_SGB66068,-0.1004395,-0.12316422,-0.15482402,-0.15811591,-0.15811619,-0.23867357,-0.1666669,-0.16813041,-0.10929718,-0.22895765,-0.23728925,-0.15482928,-0.22850217,-0.3768707,-0.08556121,-0.15439795,-0.058144663,-0.15425211,-0.15804818,-0.19931981,-0.1978925,-0.13017988,-0.15479088,-0.12711628,-0.20043859,-0.11658599,-0.182019,-0.25032333,-0.1509206,-0.15479597,-0.15142563,-0.10844302,-0.18249588,-0.28454733,-0.15481478,-0.13037673,-0.15482666,-0.22338755,-0.15482965,-0.29867563,-0.15482973,-0.29356226,-0.1296488,-0.15466742,-0.13691942,-0.15482369,-0.23188588,-0.24781659,-0.1296162,-0.13038276,-0.24679694,-0.18279888,-0.25087595,-0.26027086,-0.28621647,-0.27511892,-0.11894142,-0.15473537,-0.040142577,-0.056944285,-0.15403497,-0.11274739,-0.13743341,-0.13026138,-0.15480584,-0.1581111,-0.15811594,-0.15811665,-0.27573854,-0.15478688,-0.1302625,-0.16243835,-0.12334165,-0.14074792,-0.15479249,-0.15887658,-0.14481027,-0.13036019,-0.18691605,-0.14998752,-0.15481658,-0.15809281,-0.15810499,-0.1580338,-0.120334074,-0.13700745,-0.08858878,-0.15481012,-0.19008024,-0.15482225,-0.2004665,-0.11139822,-0.1388583,-0.13027036,-0.1074974,-0.15152657,-0.15471774,-0.15779412,-0.10065024,-0.08152827,-0.09427856,-0.15477149,-0.11960925,-0.15027548,-0.16982608,-0.1185138,-0.15478927,-0.15810934,-0.17738779,-0.15176103,-0.15482533,-0.25953975,-0.17989698,-0.13525523,-0.15482232,-0.15095688,-0.17780018,-0.2009549,-0.1547998,-0.09015879,-0.15450558,-0.12151222,-0.121854745,-0.13997786,-0.21433522,-0.13908121,-0.16057305,-0.15474531,-0.07092635,-0.15414694,-0.15726395,-0.18733518,-0.15454209,-0.13024937,-0.12334781,-0.14100276,-0.15477845,-0.114095174,-0.25318068,-0.26654312,-0.12948167,-0.10945694,-0.15476897,-0.09238048,-0.20963459,-0.15482259,-0.15802397,-0.12974963,-0.15474552,-0.16015086,-0.1553517,-0.1548273,-0.19704957,-0.20616047,-0.12915337,-0.10460003,-0.11361031,-0.10256614,-0.15481928,-0.19495486,-0.15479356,-0.12967938,-0.15465496,-0.041086134,-0.12967405,-0.15482587,-0.2300741,-0.15480302,-0.10384405,-0.15331337,-0.0784167,-0.15467362,-0.12766197,-0.15469456,-0.121451,-0.075820275,-0.09192432,-0.101488546,-0.15453988,-0.1580146,-0.12378413,-0.15466058,-0.1410757,-0.13984437,-0.18093297,-0.15482858,-0.25777104,-0.12844054,-0.15473151,-0.13462572,-0.119081676,-0.15479723,-0.15811157,-0.15811336,-0.15811455,-0.19755594,-0.25103784,-0.20219928,-0.19465852,-0.24831252,-0.20506537,-0.22091979,-0.15481232,-0.12995996,-0.11956477,-0.15480734,-0.15810761,-0.20931396,-0.18224281,-0.15479779,-0.32474133,-0.15482655,-0.1581174,-0.15811625,-0.15811585,-0.2185038,-0.15479705,-0.114121355,-0.15479997,-0.15810081,-0.1581079,-0.22984435,-0.1548199,-0.1580891,-0.08963354,-0.15471122,-0.15806532,-0.15808363,-0.15808553,-0.13302092,-0.1051107,-0.14014931,-0.15141064,-0.15839578,-0.15615125,-0.14613561,-0.15481606,-0.12319561,-0.1303307,-0.15477705,-0.1581172,-0.1581167,-0.1581167,-0.15811725,-0.38518023,-0.11451449,-0.15478548,-0.15564899,-0.14443555,-0.16636807,-0.15482152,-0.15803355,-0.12993515,-0.047159404,-0.14843538,-0.14016809,-0.14106366,-0.15466753,-0.19987361,-0.1649412,-0.17166539,-0.1547981,-0.1580728,-0.12722544,-0.14610182,-0.2588673,-0.13013306,-0.15469281,-0.09132757,-0.12832497,-0.13684332,-0.16221203,-0.15659244,-0.12954646,-0.15455386,-0.15801726,-0.15806903,-0.15810457,-0.15740095,-0.19795567,-0.15106063,-0.07294749,-0.2039893,-0.15478608,-0.15806782,-0.104459345,-0.15444316,-0.17466888,-0.13176009,-0.15479434,-0.15109587,-0.10913184,-0.15462165,-0.05825615,-0.14326635,-0.17082691,-0.15472877,-0.18883844,-0.15482773,-0.31316653,-0.15481713,-0.16808087,-0.14331596,-0.15481958,-0.15811352,-0.25088155,-0.15482813,-0.22115314,-0.07562123,-0.086852394,-0.10702289,-0.060967896,-0.14765066,-0.16796505,-0.15746465,-0.22133875,-0.12812386,-0.0969081,-0.16398169,-0.12716047,-0.11335766,-0.18846886,-0.13032448,-0.17755464,-0.0994983,-0.115196005,-0.15473032,-0.11662802,-0.19749595,-0.14526704,-0.12781724,-0.096878245,-0.15473123,-0.15790766,-0.12434345,-0.11230643,-0.063823454,-0.154657,-0.11419349,-0.10007019,-0.24483351,-0.15482868,-0.15810466,-0.16344379,-0.1759062,-0.12524253,-0.15481311,-0.0782174,-0.19187105,-0.18185812,-0.09859173,-0.11065883,-0.1544683,-0.15777348,-0.083404,-0.1213824,-0.13072303,-0.13855581,-0.19385117,-0.15478876,-0.15811023,-0.19487974,-0.23847799,-0.2432746,-0.12998588,-0.15461057,-0.15807953,-0.14520228,-0.2961179,-0.1548279,-0.19813283,-0.13022657,-0.1547596,-0.060104962,-0.15931924,-0.15482599,-0.2028091,-0.2868003,-0.11816878,-0.14795661,-0.10060286,-0.1546595,-0.13614628,-0.20725825,-0.17393659,-0.125103,-0.15657571,-0.15690626,-0.15482453,-0.15811282,-0.16221246,-0.22200036,-0.13039877,-0.2814266,-0.15482911,-0.1915083,-0.24371436,-0.16952515,-0.15473667,-0.13369927,-0.12557748,-0.15482114,-0.18106565,-0.15482888,-0.18642783,-0.15476799,-0.30462334,-0.15470877,-0.14691104,-0.13029914,-0.15481502,-0.1580997,-0.18915205,-0.13031647,-0.15482043,-0.10481856,-0.1650517,-0.15481791,-0.15811498,-0.15808381,-0.12991413,-0.15471698,-0.15807846,-0.15806884,-0.15808111,-0.15809025,-0.16505513,-0.17392421,-0.15481313,-0.15810731,-0.1580964,-0.15810785,-0.2025511,-0.15354379,-0.14723541,-0.15373504,-0.11499533,-0.10471026,-0.11893196,-0.1548171,-0.15803199,-0.13027513,-0.19501048,-0.15482543,-0.18738703,-0.11705899,-0.17429145,-0.15481538,-0.06652963,-0.15455745,-0.10737923,-0.124497145,-0.15298569,-0.052188452,-0.26007295
k__Bacteria|p__Firmicutes|c__Clostridia|o__Eubacteriales|f__Clostridiaceae|g__GGB9580|s__GGB9580_SGB14998,-0.1004395,-0.12316422,-0.15483159,-0.15820438,-0.15820462,-0.23867357,-0.1666669,-0.16813041,-0.10929718,-0.22895765,-0.23728925,-0.15483569,-0.22850217,-0.3768707,-0.08556121,-0.1544874,-0.058144663,-0.15438333,-0.15815152,-0.19931981,-0.1978925,-0.12961645,-0.1548056,-0.12711628,-0.20043859,-0.11658599,-0.182019,-0.25032333,-0.1509206,-0.15480961,-0.15142563,-0.10844302,-0.18249588,-0.28454733,-0.15482369,-0.1297812,-0.15483364,-0.22338755,-0.154836,-0.29867563,-0.15483606,-0.29356226,-0.12915559,-0.15470904,-0.13691942,-0.15483132,-0.23188588,-0.24781659,-0.1296162,-0.12978654,-0.24679694,-0.18279888,-0.25087595,-0.26027086,-0.28621647,-0.27511892,-0.11894142,-0.15476228,-0.040142577,-0.056944285,-0.15422258,-0.11274739,-0.13743341,-0.1296861,-0.15481752,-0.15820065,-0.15820444,-0.15820497,-0.27573854,-0.15480104,-0.1296869,-0.16243835,-0.12334165,-0.14074792,-0.15480715,-0.15887658,-0.14481027,-0.12976728,-0.18691605,-0.14998752,-0.15482582,-0.15818653,-0.15819597,-0.15813391,-0.120334074,-0.13700745,-0.08858878,-0.1548208,-0.19008024,-0.15483023,-0.2004665,-0.11139822,-0.1388583,-0.13027036,-0.1074974,-0.15152657,-0.15474905,-0.15791734,-0.10065024,-0.08152827,-0.09427856,-0.15479046,-0.11960925,-0.15027548,-0.16982608,-0.1185138,-0.15480442,-0.15819928,-0.17738779,-0.15176103,-0.15483263,-0.25953975,-0.17989698,-0.13525523,-0.15483026,-0.15095688,-0.17780018,-0.2009549,-0.1548113,-0.09015879,-0.15458316,-0.12151222,-0.121854745,-0.13997786,-0.21433522,-0.13908121,-0.16057305,-0.15476999,-0.07092635,-0.1542989,-0.15754789,-0.18733518,-0.15461019,-0.12967119,-0.12334781,-0.14100276,-0.15479618,-0.114095174,-0.25318068,-0.26654312,-0.12901294,-0.10945694,-0.15478869,-0.09238048,-0.20963459,-0.15483049,-0.15812851,-0.12923343,-0.1547699,-0.16015086,-0.1553517,-0.15483412,-0.19704957,-0.20616047,-0.12874547,-0.10460003,-0.11361031,-0.10256614,-0.15482792,-0.19495486,-0.15480591,-0.12917086,-0.15469873,-0.041086134,-0.12967405,-0.15483305,-0.2300741,-0.15481362,-0.10384405,-0.15363403,-0.0784167,-0.15471342,-0.12766197,-0.15473062,-0.121451,-0.075820275,-0.09192432,-0.101488546,-0.15460959,-0.15812537,-0.12378413,-0.15468758,-0.1410757,-0.13984437,-0.18093297,-0.15483516,-0.25777104,-0.12844054,-0.15475413,-0.13462572,-0.119081676,-0.15481067,-0.15820104,-0.15820244,-0.15820336,-0.19755594,-0.25103784,-0.20219928,-0.19465852,-0.24831252,-0.20506537,-0.22091979,-0.15482208,-0.12941644,-0.11956477,-0.15481856,-0.15819797,-0.20931396,-0.18224281,-0.15480977,-0.32474133,-0.15483359,-0.15820557,-0.15820464,-0.15820435,-0.2185038,-0.15480895,-0.114121355,-0.15481293,-0.15819275,-0.15819812,-0.22984435,-0.15482837,-0.1581817,-0.08963354,-0.1547435,-0.158165,-0.1581794,-0.15818076,-0.13302092,-0.1051107,-0.14014931,-0.15141064,-0.15839578,-0.15615125,-0.14613561,-0.15482536,-0.12319561,-0.12974408,-0.15479545,-0.15820542,-0.15820503,-0.15820503,-0.15820545,-0.38518023,-0.11451449,-0.15480173,-0.15564899,-0.14443555,-0.16636807,-0.15482971,-0.15813896,-0.12993515,-0.047159404,-0.14990878,-0.14016809,-0.14106366,-0.15471064,-0.19987361,-0.1649412,-0.17166539,-0.15481147,-0.15817079,-0.12722544,-0.14610182,-0.2588673,-0.12957126,-0.15472877,-0.09132757,-0.12832497,-0.13684332,-0.16221203,-0.15659244,-0.12904647,-0.15461947,-0.15812747,-0.15816778,-0.15819556,-0.15740095,-0.19795567,-0.15106063,-0.07294749,-0.2039893,-0.15480223,-0.1581668,-0.104459345,-0.15449578,-0.17466888,-0.13176009,-0.15480846,-0.15109587,-0.10913184,-0.15467149,-0.05825615,-0.14326635,-0.17082691,-0.15475783,-0.18883844,-0.15483451,-0.31316653,-0.15482625,-0.16808087,-0.14331596,-0.15482813,-0.15820256,-0.25088155,-0.15483479,-0.22115314,-0.07562123,-0.086852394,-0.10702289,-0.060967896,-0.14930776,-0.16796505,-0.15746465,-0.22133875,-0.12812386,-0.0969081,-0.16398169,-0.12716047,-0.11335766,-0.18846886,-0.12973756,-0.17755464,-0.0994983,-0.115196005,-0.15475878,-0.11662802,-0.19749595,-0.14526704,-0.12781724,-0.096878245,-0.15475899,-0.15804172,-0.12434345,-0.11230643,-0.063823454,-0.15470052,-0.11419349,-0.10007019,-0.24483351,-0.15483525,-0.15819487,-0.16344379,-0.1759062,-0.12524253,-0.15482312,-0.0782174,-0.19187105,-0.18185812,-0.09859173,-0.11065883,-0.15455425,-0.15793729,-0.083404,-0.1213824,-0.13072303,-0.13855581,-0.19385117,-0.15480432,-0.15819997,-0.19487974,-0.23847799,-0.2432746,-0.12945256,-0.15466514,-0.15817612,-0.14520228,-0.2961179,-0.15483463,-0.19813283,-0.12965415,-0.15478136,-0.060104962,-0.15931924,-0.15483314,-0.2028091,-0.2868003,-0.11816878,-0.14795661,-0.10060286,-0.15470366,-0.13614628,-0.20725825,-0.17393659,-0.125103,-0.15657571,-0.15690626,-0.15483198,-0.15820199,-0.16221246,-0.22200036,-0.12979928,-0.2814266,-0.15483558,-0.1915083,-0.24371436,-0.16952515,-0.15475711,-0.13369927,-0.12557748,-0.15482938,-0.18106565,-0.15483537,-0.18642783,-0.15478581,-0.30462334,-0.1547428,-0.14691104,-0.13029914,-0.15482461,-0.1581918,-0.18915205,-0.12973101,-0.15482873,-0.10481856,-0.1650517,-0.15482691,-0.15820369,-0.15817711,-0.12937936,-0.15474814,-0.15817538,-0.15816787,-0.15817747,-0.15818423,-0.16505513,-0.17392421,-0.15482317,-0.15819773,-0.1581893,-0.15819815,-0.2025511,-0.15354379,-0.14723541,-0.1539937,-0.11499533,-0.10471026,-0.11893196,-0.15482622,-0.15813398,-0.1296976,-0.19501048,-0.15483272,-0.18738703,-0.11705899,-0.17429145,-0.15482317,-0.06652963,-0.15462124,-0.10737923,-0.124497145,-0.15298569,-0.052188452,-0.26007295
k__Bacteria|p__Firmicutes|c__Clostridia|o__Eubacteriales|f__Eubacteriales_Family_XIII_Incertae_Sedis|g__Eubacteriales_Family_XIII_Incertae_Sedis_unclassified|s__Eubacterium_sulci,-0.1004395,-0.12316422,-0.1548692,-0.15817052,-0.15817079,-0.23867357,-0.1666669,-0.16813041,-0.10929718,-0.22895765,-0.23728925,-0.15487406,-0.22850217,-0.3768707,-0.08556121,-0.15446745,-0.058144663,-0.15433174,-0.15810779,-0.19931981,-0.1978925,-0.13016544,-0.15483832,-0.12711628,-0.20043859,-0.11658599,-0.182019,-0.25032333,-0.1509206,-0.15484333,-0.15142563,-0.10844302,-0.18249588,-0.28454733,-0.1548608,-0.1303509,-0.15487163,-0.22338755,-0.15487444,-0.29867563,-0.15487449,-0.29356226,-0.12966624,-0.1547251,-0.13691942,-0.15486884,-0.23188588,-0.24781659,-0.1296162,-0.13035685,-0.24679694,-0.18279888,-0.25087595,-0.26027086,-0.28621647,-0.27511892,-0.11894142,-0.15478677,-0.040142577,-0.056944285,-0.15414077,-0.11274739,-0.13743341,-0.13024373,-0.15485251,-0.15816605,-0.15817058,-0.15817124,-0.27573854,-0.15483494,-0.13024484,-0.16243835,-0.12334165,-0.14074792,-0.15483984,-0.15887658,-0.14481027,-0.1303357,-0.18691605,-0.14998752,-0.15486227,-0.15814912,-0.15816051,-0.15809537,-0.120334074,-0.13700745,-0.08858878,-0.15485625,-0.19008024,-0.15486753,-0.2004665,-0.11139822,-0.1388583,-0.13027036,-0.1074974,-0.15152657,-0.15477014,-0.15786998,-0.10065024,-0.08152827,-0.09427856,-0.15482014,-0.11960925,-0.15027548,-0.16982608,-0.1185138,-0.1548371,-0.15816443,-0.17738779,-0.15176103,-0.15487044,-0.25953975,-0.17989698,-0.13525523,-0.15486759,-0.15095688,-0.17780018,-0.2009549,-0.15484732,-0.09015879,-0.15457156,-0.12151222,-0.121854745,-0.13997786,-0.21433522,-0.13908121,-0.16057305,-0.15479563,-0.07092635,-0.1542377,-0.15739009,-0.18733518,-0.15461181,-0.13023409,-0.12334781,-0.14100276,-0.15482676,-0.114095174,-0.25318068,-0.26654312,-0.12949944,-0.10945694,-0.15481779,-0.09238048,-0.20963459,-0.15486783,-0.15808657,-0.12975727,-0.1547963,-0.16015086,-0.1553517,-0.15487221,-0.19704957,-0.20616047,-0.12920451,-0.10460003,-0.11361031,-0.10256614,-0.15486473,-0.19495486,-0.1548409,-0.12968326,-0.15471077,-0.041086134,-0.12967405,-0.15487096,-0.2300741,-0.15484983,-0.10384405,-0.15345411,-0.0784167,-0.15472922,-0.12766197,-0.15474856,-0.121451,-0.075820275,-0.09192432,-0.101488546,-0.1546047,-0.15807593,-0.12378413,-0.15471855,-0.1410757,-0.13984437,-0.18093297,-0.15487342,-0.25777104,-0.12844054,-0.154784,-0.13462572,-0.119081676,-0.15484403,-0.15816656,-0.15816817,-0.1581693,-0.19755594,-0.25103784,-0.20219928,-0.19465852,-0.24831252,-0.20506537,-0.22091979,-0.1548585,-0.12995851,-0.11956477,-0.15485358,-0.15816289,-0.20931396,-0.18224281,-0.15484509,-0.32474133,-0.15487152,-0.15817192,-0.15817085,-0.15817046,-0.2185038,-0.1548447,-0.114121355,-0.15484713,-0.15815681,-0.15816313,-0.22984435,-0.1548653,-0.15814635,-0.08963354,-0.1547647,-0.15812317,-0.15814078,-0.15814206,-0.13302092,-0.1051107,-0.14014931,-0.15141064,-0.15839578,-0.15615125,-0.14613561,-0.15486166,-0.12319561,-0.130308,-0.15482607,-0.15817174,-0.1581713,-0.1581713,-0.1581718,-0.38518023,-0.11451449,-0.15483345,-0.15564899,-0.14443555,-0.16636807,-0.1548669,-0.15809548,-0.12993515,-0.047159404,-0.1490035,-0.14016809,-0.14106366,-0.1547242,-0.19987361,-0.1649412,-0.17166539,-0.15484501,-0.15813002,-0.12722544,-0.14610182,-0.2588673,-0.13011862,-0.1547467,-0.09132757,-0.12832497,-0.13684332,-0.16221203,-0.15659244,-0.12955537,-0.15461911,-0.15807875,-0.1581268,-0.15815997,-0.15740095,-0.19795567,-0.15106063,-0.07294749,-0.2039893,-0.15483421,-0.15812537,-0.104459345,-0.15451655,-0.17466888,-0.13176009,-0.1548413,-0.15109587,-0.10913184,-0.15468042,-0.05825615,-0.14326635,-0.17082691,-0.15478103,-0.18883844,-0.15487266,-0.31316653,-0.15486306,-0.16808087,-0.14331596,-0.15486506,-0.15816838,-0.25088155,-0.15487301,-0.22115314,-0.07562123,-0.086852394,-0.10702289,-0.060967896,-0.14827925,-0.16796505,-0.15746465,-0.22133875,-0.12812386,-0.0969081,-0.16398169,-0.12716047,-0.11335766,-0.18846886,-0.1303017,-0.17755464,-0.0994983,-0.115196005,-0.15478225,-0.11662802,-0.19749595,-0.14526704,-0.12781724,-0.096878245,-0.15478227,-0.15797639,-0.12434345,-0.11230643,-0.063823454,-0.15471351,-0.11419349,-0.10007019,-0.24483351,-0.15487352,-0.15816025,-0.16344379,-0.1759062,-0.12524253,-0.15485899,-0.0782174,-0.19187105,-0.18185812,-0.09859173,-0.11065883,-0.15453687,-0.1578513,-0.083404,-0.1213824,-0.13072303,-0.13855581,-0.19385117,-0.15483674,-0.15816526,-0.19487974,-0.23847799,-0.2432746,-0.12997334,-0.15467045,-0.1581369,-0.14520228,-0.2961179,-0.1548728,-0.19813283,-0.13021007,-0.15480962,-0.060104962,-0.15931924,-0.15487105,-0.2028091,-0.2868003,-0.11816878,-0.14795661,-0.10060286,-0.1547171,-0.13614628,-0.20725825,-0.17393659,-0.125103,-0.15657571,-0.15690626,-0.15486968,-0.15816766,-0.16221246,-0.22200036,-0.13037175,-0.2814266,-0.15487395,-0.1915083,-0.24371436,-0.16952515,-0.15478924,-0.13369927,-0.12557748,-0.15486656,-0.18106565,-0.1548737,-0.18642783,-0.15481833,-0.30462334,-0.15476318,-0.14691104,-0.13029914,-0.15486085,-0.15815541,-0.18915205,-0.1302942,-0.15486582,-0.10481856,-0.1650517,-0.15486363,-0.15816969,-0.15814123,-0.12989555,-0.15476927,-0.15813604,-0.158127,-0.15813845,-0.15814665,-0.16505513,-0.17392421,-0.15485916,-0.15816253,-0.15815246,-0.15816304,-0.2025511,-0.15354379,-0.14723541,-0.15387101,-0.11499533,-0.10471026,-0.11893196,-0.15486276,-0.1580934,-0.13025463,-0.19501048,-0.15487054,-0.18738703,-0.11705899,-0.17429145,-0.15486123,-0.06652963,-0.1546196,-0.10737923,-0.124497145,-0.15298569,-0.052188452,-0.26007295
k__Bacteria|p__Firmicutes|c__Clostridia|o__Eubacteriales|f__Clostridiaceae|g__Clostridium|s__Clostridium_sp_1001271st1_H5,-0.1004395,-0.12316422,-0.15548958,-0.15882051,-0.15882102,-0.23867357,-0.1666669,-0.16813041,-0.10929718,-0.22895765,-0.23728925,-0.15549806,-0.22850217,-0.3768707,-0.08556121,-0.15478599,-0.058144663,-0.15453193,-0.1587105,-0.19931981,-0.1978925,-0.13042077,-0.15543492,-0.12711628,-0.20043859,-0.11658599,-0.182019,-0.25032333,-0.1509206,-0.15544444,-0.15142563,-0.10844302,-0.18249588,-0.28454733,-0.15547487,-0.13075168,-0.15549377,-0.22338755,-0.15549871,-0.29867563,-0.15549883,-0.29356226,-0.1295459,-0.15523933,-0.13691942,-0.1554888,-0.23188588,-0.24781659,-0.1296162,-0.13076279,-0.24679694,-0.18279888,-0.25087595,-0.26027086,-0.28621647,-0.27511892,-0.11894142,-0.1553441,-0.040142577,0.6829789,-0.15422206,-0.11274739,-0.13743341,-0.13056214,-0.15546063,-0.15881261,-0.15882064,-0.15882176,-0.27573854,-0.15543015,-0.13056412,-0.16243835,-0.12334165,-0.14074792,-0.15543775,-0.15887658,-0.14481027,-0.13072394,-0.18691605,-0.14998752,-0.15547726,-0.1587829,-0.15880318,-0.15868996,-0.120334074,-0.13700745,-0.08858878,-0.15546662,-0.19008024,-0.15548652,-0.2004665,-0.11139822,-0.1388583,-0.13027036,-0.1074974,-0.15152657,-0.15531453,-0.15829456,-0.10065024,-0.08152827,-0.09427856,-0.15540257,-0.11960925,-0.15027548,-0.16982608,-0.1185138,-0.15543354,-0.15880975,-0.17738779,-0.15176103,-0.15549171,-0.25953975,-0.17989698,-0.13525523,-0.15548664,-0.15095688,-0.17780018,-0.2009549,-0.15545243,-0.09015879,-0.15496142,-0.12151222,-0.121854745,-0.13997786,-0.21433522,-0.13908121,-0.16057305,-0.15535913,-0.07092635,-0.15438038,-0.15747863,-0.18733518,-0.15505113,-0.13054577,-0.12334781,-0.14100276,-0.15541458,-0.114095174,-0.25318068,-0.26654312,-0.12927955,-0.10945694,-0.15539849,-0.09238048,-0.20963459,-0.15548702,-0.15867731,-0.12971973,-0.15536186,-0.16015086,-0.1553517,-0.15549482,-0.19704957,-0.20616047,-0.12879966,-0.10460003,-0.11361031,-0.10256614,-0.15548147,-0.19495486,-0.15543956,-0.12961818,-0.15520899,-0.041086134,-0.12967405,-0.15549272,-0.2300741,-0.15545538,-0.10384405,-0.1530051,-0.0784167,-0.15524349,-0.12766197,-0.1552767,-0.121451,-0.075820275,-0.09192432,-0.101488546,-0.15502223,-0.1586528,-0.12378413,-0.15522783,-0.1410757,-0.13984437,-0.18093297,-0.15549693,-0.25777104,-0.12844054,-0.15533955,-0.13462572,-0.119081676,-0.15544459,-0.15881348,-0.1588164,-0.15881836,-0.19755594,-0.25103784,-0.20219928,-0.19465852,-0.24831252,-0.20506537,-0.22091979,-0.15547104,-0.1300655,-0.11956477,-0.15546173,-0.15880713,-0.20931396,-0.18224281,-0.15544775,-0.32474133,-0.15549356,-0.15882298,-0.15882106,-0.15882039,-0.2185038,-0.15544671,-0.114121355,-0.15545133,-0.15879714,-0.15880752,-0.22984435,-0.15548244,-0.15877831,-0.08963354,-0.15530606,-0.15873623,-0.15876871,-0.15876979,-0.13302092,-0.1051107,-0.14014931,-0.15141064,-0.15839578,-0.15615125,-0.14613561,-0.15547591,-0.12319561,-0.13067648,-0.15541509,-0.15882269,-0.15882188,-0.15882187,-0.15882275,-0.38518023,-0.11451449,-0.1554268,-0.15564899,-0.14443555,-0.16636807,-0.15548567,-0.15869197,-0.12993515,-0.047159404,-0.14538525,-0.14016809,-0.14106366,-0.15523583,-0.19987361,-0.1649412,-0.17166539,-0.15544677,-0.15874809,-0.12722544,-0.14610182,-0.2588673,-0.13034073,-0.15527275,-0.09132757,-0.12832497,-0.13684332,-0.16221203,-0.15659244,-0.129413,-0.15505132,-0.15865847,-0.15874308,-0.15880187,-0.15740095,-0.19795567,-0.15106063,-0.07294749,-0.2039893,-0.15542863,-0.15873984,-0.104459345,-0.15487975,-0.17466888,-0.13176009,-0.15543962,-0.15109587,-0.10913184,-0.15515864,-0.05825615,-0.14326635,-0.17082691,-0.15533537,-0.18883844,-0.15549561,-0.31316653,-0.15547931,-0.16808087,-0.14331596,-0.15548219,-0.15881684,-0.25088155,-0.15549627,-0.22115314,-0.07562123,-0.086852394,-0.10702289,-0.060967896,-0.14410636,-0.16796505,-0.15746465,-0.22133875,-0.12812386,-0.0969081,-0.16398169,-0.12716047,-0.11335766,-0.18846886,-0.13066414,-0.17755464,-0.0994983,-0.115196005,-0.15533692,-0.11662802,-0.19749595,-0.14526704,-0.12781724,-0.096878245,-0.15533471,-0.15847775,-0.12434345,-0.11230643,-0.063823454,-0.1552147,-0.11419349,-0.10007019,-0.24483351,-0.15549712,-0.15880275,-0.16344379,-0.1759062,-0.12524253,-0.15547137,-0.0782174,-0.19187105,-0.18185812,-0.09859173,-0.11065883,-0.15490207,-0.15825778,-0.083404,-0.1213824,-0.13072303,-0.13855581,-0.19385117,-0.15543321,-0.15881121,-0.19487974,-0.23847799,-0.2432746,-0.13010654,-0.15513961,-0.15876177,-0.14520228,-0.2961179,-0.15549582,-0.19813283,-0.1305016,-0.15538542,-0.060104962,-0.15931924,-0.15549283,-0.2028091,-0.2868003,-0.11816878,-0.14795661,-0.10060286,-0.15522388,-0.13614628,-0.20725825,-0.17393659,-0.125103,-0.15657571,-0.15690626,-0.15549038,-0.15881544,-0.16221246,-0.22200036,-0.13078922,-0.2814266,-0.15549786,-0.1915083,-0.24371436,-0.16952515,-0.15535054,-0.13369927,-0.12557748,-0.15548497,-0.18106565,-0.1554974,-0.18642783,-0.15540197,-0.30462334,-0.15530595,-0.14691104,-0.13029914,-0.15547484,-0.15879378,-0.18915205,-0.13064927,-0.15548345,-0.10481856,-0.1650517,-0.15548,-0.15881905,-0.1587696,-0.12996872,-0.1553127,-0.15876067,-0.15874423,-0.15876478,-0.15877828,-0.16505513,-0.17392421,-0.15547208,-0.15880637,-0.1587889,-0.15880725,-0.2025511,-0.15354379,-0.14723541,-0.15377057,-0.11499533,-0.10471026,-0.11893196,-0.15547822,-0.158687,-0.13057803,-0.19501048,-0.155492,-0.18738703,-0.11705899,-0.17429145,-0.15547529,-0.06652963,-0.15504737,-0.10737923,-0.124497145,-0.15298569,-0.052188452,-0.26007295
k__Bacteria|p__Firmicutes|c__Bacilli|o__Lactobacillales|f__Lactobacillaceae|g__Limosilactobacillus|s__Limosilactobacillus_pontis,-0.1004395,-0.12316422,-0.15519747,-0.15847914,-0.15847942,-0.23867357,-0.1666669,-0.16813041,-0.10929718,-0.22895765,-0.23728925,-0.15520205,-0.22850217,-0.3768707,-0.08556121,-0.15481079,-0.058144663,-0.15468279,-0.15841973,-0.19931981,-0.1978925,-0.1306397,-0.1551681,-0.12711628,-0.20043859,-0.11658599,-0.182019,-0.25032333,-0.1509206,-0.15517315,-0.15142563,-0.10844302,-0.18249588,-0.28454733,-0.1551895,-0.13082398,-0.15519975,-0.22338755,-0.15520239,-0.29867563,-0.15520248,-0.29356226,-0.13013668,-0.15506199,-0.13691942,-0.15519708,-0.23188588,-0.24781659,-0.1296162,-0.13083006,-0.24679694,-0.18279888,-0.25087595,-0.26027086,-0.28621647,-0.27511892,-0.11894142,-0.15511893,-0.040142577,-0.056944285,-0.15451244,-0.11274739,-0.13743341,-0.13071755,-0.1551818,-0.15847489,-0.15847921,-0.15847981,-0.27573854,-0.15516463,-0.13071987,-0.16243835,-0.12334165,-0.14074792,-0.1551696,-0.15887658,-0.14481027,-0.13080898,-0.18691605,-0.14998752,-0.15519086,-0.15845886,-0.15846974,-0.15840808,-0.120334074,-0.13700745,-0.08858878,-0.15518513,-0.19008024,-0.15519586,-0.2004665,-0.11139822,-0.1388583,-0.13027036,-0.1074974,-0.15152657,-0.15510324,-0.15818217,-0.10065024,-0.08152827,-0.09427856,-0.15515071,-0.11960925,-0.15027548,-0.16982608,-0.1185138,-0.15516725,-0.15847336,-0.17738779,-0.15176103,-0.15519863,-0.25953975,-0.17989698,-0.13525523,-0.15519592,-0.15095688,-0.17780018,-0.2009549,-0.155177,-0.09015879,-0.15491337,-0.12151222,-0.121854745,-0.13997786,-0.21433522,-0.13908121,-0.16057305,-0.15512732,-0.07092635,-0.1545966,-0.1577504,-0.18733518,-0.15495828,-0.13070333,-0.12334781,-0.14100276,-0.15515718,-0.114095174,-0.25318068,-0.26654312,-0.12996216,-0.10945694,-0.1551485,-0.09238048,-0.20963459,-0.15519613,-0.15840138,-0.13022408,-0.15512842,-0.16015086,-0.1553517,-0.15520032,-0.19704957,-0.20616047,-0.12967597,-0.10460003,-0.11361031,-0.10256614,-0.15519316,-0.19495486,-0.15517056,-0.13014664,-0.1550465,-0.041086134,-0.12967405,-0.15519917,-0.2300741,-0.15517926,-0.10384405,-0.15384506,-0.0784167,-0.15506434,-0.12766197,-0.15508269,-0.121451,-0.075820275,-0.09192432,-0.101488546,-0.15494497,-0.15838893,-0.12378413,-0.15505165,-0.1410757,-0.13984437,-0.18093297,-0.15520145,-0.25777104,-0.12844054,-0.15511598,-0.13462572,-0.119081676,-0.15517336,-0.15847535,-0.15847692,-0.15847798,-0.19755594,-0.25103784,-0.20219928,-0.19465852,-0.24831252,-0.20506537,-0.22091979,-0.15518747,-0.1304262,-0.11956477,-0.15518256,-0.15847193,-0.20931396,-0.18224281,-0.15517461,-0.32474133,-0.15519965,-0.15848047,-0.15847945,-0.1584791,-0.2185038,-0.1551741,-0.114121355,-0.15517676,-0.15846641,-0.15847214,-0.22984435,-0.15519366,-0.15845586,-0.08963354,-0.15509826,-0.1584339,-0.15845113,-0.15845196,-0.13302092,-0.1051107,-0.14014931,-0.15141064,-0.15839578,-0.15615125,-0.14613561,-0.1551902,-0.12319561,-0.13078284,-0.15515712,-0.15848032,-0.15847987,-0.15847987,-0.15848035,-0.38518023,-0.11451449,-0.15516368,-0.15564899,-0.14443555,-0.16636807,-0.15519536,-0.15840939,-0.12993515,-0.047159404,-0.14971782,-0.14016809,-0.14106366,-0.15506062,-0.19987361,-0.1649412,-0.17166539,-0.15517446,-0.15844035,-0.12722544,-0.14610182,-0.2588673,-0.13058925,-0.15508044,-0.09132757,-0.12832497,-0.13684332,-0.16221203,-0.15659244,-0.1300104,-0.15495986,-0.15839183,-0.15843752,-0.15846911,-0.15740095,-0.19795567,-0.15106063,-0.07294749,-0.2039893,-0.15516451,-0.15843585,-0.104459345,-0.1548245,-0.17466888,-0.13176009,-0.15517075,-0.15109587,-0.10913184,-0.15501705,-0.05825615,-0.14326635,-0.17082691,-0.1551142,-0.18883844,-0.15520072,-0.31316653,-0.15519187,-0.16808087,-0.14331596,-0.15519351,-0.15847714,-0.25088155,-0.15520108,-0.22115314,-0.07562123,-0.086852394,-0.10702289,-0.060967896,-0.14902917,-0.16796505,-0.15746465,-0.22133875,-0.12812386,-0.0969081,-0.16398169,-0.12716047,-0.11335766,-0.18846886,-0.13077566,-0.17755464,-0.0994983,-0.115196005,-0.15511513,-0.11662802,-0.19749595,-0.14526704,-0.12781724,-0.096878245,-0.15511423,-0.1582942,-0.12434345,-0.11230643,-0.063823454,-0.15504889,-0.11419349,-0.10007019,-0.24483351,-0.15520155,-0.15846966,-0.16344379,-0.1759062,-0.12524253,-0.15518773,-0.0782174,-0.19187105,-0.18185812,-0.09859173,-0.11065883,-0.15488097,-0.1581757,-0.083404,-0.1213824,-0.13072303,-0.13855581,-0.19385117,-0.15516698,-0.15847415,-0.19487974,-0.23847799,-0.2432746,-0.1304543,-0.1550085,-0.15844743,-0.14520228,-0.2961179,-0.15520087,-0.19813283,-0.13068327,-0.15514109,-0.060104962,-0.15931924,-0.15519923,-0.2028091,-0.2868003,-0.11816878,-0.14795661,-0.10060286,-0.15505385,-0.13614628,-0.20725825,-0.17393659,-0.125103,-0.15657571,-0.15690626,-0.1551979,-0.15847643,-0.16221246,-0.22200036,-0.13084443,-0.2814266,-0.15520194,-0.1915083,-0.24371436,-0.16952515,-0.15512174,-0.13369927,-0.12557748,-0.15519498,-0.18106565,-0.1552017,-0.18642783,-0.15514988,-0.30462334,-0.15509805,-0.14691104,-0.13029914,-0.15518954,-0.15846477,-0.18915205,-0.13076828,-0.1551942,-0.10481856,-0.1650517,-0.15519229,-0.15847835,-0.15845183,-0.13036916,-0.15510225,-0.15844673,-0.15843792,-0.15844896,-0.15845634,-0.16505513,-0.17392421,-0.15518802,-0.15847154,-0.1584621,-0.15847203,-0.2025511,-0.15354379,-0.14723541,-0.15426493,-0.11499533,-0.10471026,-0.11893196,-0.15519136,-0.15840685,-0.13072908,-0.19501048,-0.15519877,-0.18738703,-0.11705899,-0.17429145,-0.15519002,-0.06652963,-0.15495864,-0.10737923,-0.124497145,-0.15298569,-0.052188452,-0.26007295
k__Bacteria|p__Firmicutes|c__Clostridia|o__Eubacteriales|f__Clostridiaceae|g__Clostridium|s__Clostridium_cuniculi,-0.1004395,-0.12316422,-0.15528995,-0.1585961,-0.15859643,-0.23867357,-0.1666669,-0.16813041,-0.10929718,-0.22895765,-0.23728925,-0.15529528,-0.22850217,-0.3768707,-0.08556121,-0.15485355,-0.058144663,-0.15470451,-0.15852724,-0.19931981,-0.1978925,-0.13053314,-0.1552561,-0.12711628,-0.20043859,-0.11658599,-0.182019,-0.25032333,-0.1509206,-0.15526143,-0.15142563,-0.10844302,-0.18249588,-0.28454733,-0.1552805,-0.13073587,-0.1552926,-0.22338755,-0.1552957,-0.29867563,-0.15529576,-0.29356226,-0.12999865,-0.15513124,-0.13691942,-0.15528956,-0.23188588,-0.24781659,-0.1296162,-0.1307424,-0.24679694,-0.18279888,-0.25087595,-0.26027086,-0.28621647,-0.27511892,-0.11894142,-0.15519962,-0.040142577,-0.056944285,-0.15449017,-0.11274739,-0.13743341,-0.1306186,-0.15527156,-0.15859124,-0.15859617,-0.15859689,-0.27573854,-0.15525171,-0.13061987,-0.16243835,-0.12334165,-0.14074792,-0.15525782,-0.15887658,-0.14481027,-0.13071936,-0.18691605,-0.14998752,-0.15528236,-0.15857264,-0.15858509,-0.15851152,-0.120334074,-0.13700745,-0.08858878,-0.15527578,-0.19008024,-0.15528813,-0.2004665,-0.11139822,-0.1388583,-0.13027036,-0.1074974,-0.15152657,-0.15518157,-0.15826322,-0.10065024,-0.08152827,-0.09427856,-0.15523624,-0.11960925,-0.15027548,-0.16982608,-0.1185138,-0.15525457,-0.15858942,-0.17738779,-0.15176103,-0.15529129,-0.25953975,-0.17989698,-0.13525523,-0.15528822,-0.15095688,-0.17780018,-0.2009549,-0.15526527,-0.09015879,-0.15496486,-0.12151222,-0.121854745,-0.13997786,-0.21433522,-0.13908121,-0.16057305,-0.15520945,-0.07092635,-0.1545993,-0.15773624,-0.18733518,-0.15500458,-0.13060984,-0.12334781,-0.14100276,-0.15524349,-0.114095174,-0.25318068,-0.26654312,-0.12981075,-0.10945694,-0.15523374,-0.09238048,-0.20963459,-0.15528846,-0.15850179,-0.13009188,-0.1552099,-0.16015086,-0.1553517,-0.15529326,-0.19704957,-0.20616047,-0.12949532,-0.10460003,-0.11361031,-0.10256614,-0.15528509,-0.19495486,-0.15525825,-0.13001181,-0.15511686,-0.041086134,-0.12967405,-0.15529186,-0.2300741,-0.15526801,-0.10384405,-0.15374246,-0.0784167,-0.15513632,-0.12766197,-0.15515792,-0.121451,-0.075820275,-0.09192432,-0.101488546,-0.15500057,-0.1584927,-0.12378413,-0.15512264,-0.1410757,-0.13984437,-0.18093297,-0.15529457,-0.25777104,-0.12844054,-0.15519461,-0.13462572,-0.119081676,-0.1552625,-0.15859175,-0.15859354,-0.15859477,-0.19755594,-0.25103784,-0.20219928,-0.19465852,-0.24831252,-0.20506537,-0.22091979,-0.15527797,-0.13030922,-0.11956477,-0.15527287,-0.15858772,-0.20931396,-0.18224281,-0.15526302,-0.32474133,-0.15529251,-0.15859766,-0.15859647,-0.15859605,-0.2185038,-0.15526228,-0.114121355,-0.1552656,-0.15858094,-0.15858796,-0.22984435,-0.15528569,-0.15856883,-0.08963354,-0.15517525,-0.15854442,-0.15856342,-0.15856509,-0.13302092,3.1184316,-0.14014931,-0.15141064,-0.15839578,-0.15615125,-0.14613561,-0.15528175,-0.12319561,-0.13068886,-0.15524247,-0.15859747,-0.15859696,-0.15859696,-0.1585975,-0.38518023,-0.11451449,-0.15525074,-0.15564899,-0.14443555,-0.16636807,-0.15528741,-0.15851238,-0.12993515,-0.047159404,-0.14883435,-0.14016809,-0.14106366,-0.15513097,-0.19987361,-0.1649412,-0.17166539,-0.15526351,-0.15855196,-0.12722544,-0.14610182,-0.2588673,-0.13048264,-0.15515599,-0.09132757,-0.12832497,-0.13684332,-0.16221203,-0.15659244,-0.12986825,-0.15501514,-0.1584956,-0.15854827,-0.15858456,-0.15740095,-0.19795567,-0.15106063,-0.07294749,-0.2039893,-0.1552515,-0.15854684,-0.104459345,-0.15489978,-0.17466888,-0.13176009,-0.15525955,-0.15109587,-0.10913184,-0.15508328,-0.05825615,-0.14326635,-0.17082691,-0.15519322,-0.18883844,-0.15529372,-0.31316653,-0.15528305,-0.16808087,-0.14331596,-0.15528542,-0.15859374,-0.25088155,-0.15529412,-0.22115314,-0.07562123,-0.086852394,-0.10702289,-0.060967896,-0.14803937,-0.16796505,-0.15746465,-0.22133875,-0.12812386,-0.0969081,-0.16398169,-0.12716047,-0.11335766,-0.18846886,-0.1306819,-0.17755464,-0.0994983,-0.115196005,-0.15519461,-0.11662802,-0.19749595,-0.14526704,-0.12781724,-0.096878245,-0.15519504,-0.15838362,-0.12434345,-0.11230643,-0.063823454,-0.15511951,-0.11419349,-0.10007019,-0.24483351,-0.15529469,-0.15858445,-0.16344379,-0.1759062,-0.12524253,-0.1552788,-0.0782174,-0.19187105,-0.18185812,-0.09859173,-0.11065883,-0.15492669,-0.15824687,-0.083404,-0.1213824,-0.13072303,-0.13855581,-0.19385117,-0.15525422,-0.15859035,-0.19487974,-0.23847799,-0.2432746,-0.13032255,-0.1550724,-0.1585592,-0.14520228,-0.2961179,-0.15529391,-0.19813283,-0.13058156,-0.15522452,-0.060104962,-0.15931924,-0.15529196,-0.2028091,-0.2868003,-0.11816878,-0.14795661,-0.10060286,-0.15512292,-0.13614628,-0.20725825,-0.17393659,-0.125103,-0.15657571,-0.15690626,-0.15529045,-0.15859297,-0.16221246,-0.22200036,-0.13075869,-0.2814266,-0.15529513,-0.1915083,-0.24371436,-0.16952515,-0.15520003,-0.13369927,-0.12557748,-0.15528703,-0.18106565,-0.15529487,-0.18642783,-0.15523297,-0.30462334,-0.15517338,-0.14691104,-0.13029914,-0.1552808,-0.15857959,-0.18915205,-0.13067362,-0.15528624,-0.10481856,-0.1650517,-0.15528382,-0.15859517,-0.15856284,-0.13023359,-0.15518071,-0.15855819,-0.15854836,-0.15856089,-0.15856993,-0.16505513,-0.17392421,-0.15527889,-0.15858737,-0.15857631,-0.15858792,-0.2025511,-0.15354379,-0.14723541,-0.15419069,-0.11499533,-0.10471026,-0.11893196,-0.15528288,-0.15850955,-0.13063113,-0.19501048,-0.15529141,-0.18738703,-0.11705899,-0.17429145,-0.15528056,-0.06652963,-0.15501744,-0.10737923,-0.124497145,-0.15298569,-0.052188452,-0.26007295
k__Bacteria|p__Firmicutes|c__Bacilli|o__Lactobacillales|f__Enterococcaceae|g__Enterococcus|s__Enterococcus_canis,-0.1004395,-0.12316422,-0.15522382,-0.15857407,-0.15857434,-0.23867357,-0.1666669,-0.16813041,-0.10929718,-0.22895765,-0.23728925,-0.15522866,-0.22850217,-0.3768707,-0.08556121,-0.15483195,-0.058144663,-0.15469973,-0.15851173,-0.19931981,-0.1978925,-0.13015711,-0.15519336,-0.12711628,-0.20043859,-0.11658599,-0.182019,-0.25032333,-0.1509206,-0.155198,-0.15142563,-0.10844302,-0.18249588,-0.28454733,-0.15521526,-0.1303423,-0.15522626,-0.22338755,-0.15522903,-0.29867563,-0.15522909,-0.29356226,-0.12967075,-0.15507963,-0.13691942,-0.15522352,-0.23188588,-0.24781659,-0.1296162,-0.13034816,-0.24679694,-0.18279888,-0.25087595,-0.26027086,-0.28621647,-0.27511892,-0.11894142,-0.15514225,-0.040142577,-0.056944285,-0.15449803,-0.11274739,-0.13743341,-0.1302336,-0.15520708,-0.15856966,-0.1585741,-0.15857476,-0.27573854,-0.1551888,-0.13023628,-0.16243835,-0.12334165,-0.14074792,-0.15519486,-0.15887658,-0.14481027,-0.13032758,-0.18691605,-0.14998752,-0.15521699,-0.15855284,-0.158564,-0.15849751,-0.120334074,-0.13700745,-0.08858878,-0.15521106,-0.19008024,-0.1552222,-0.2004665,-0.11139822,-0.1388583,-0.13027036,-0.1074974,-0.15152657,-0.1551261,-0.15827385,-0.10065024,-0.08152827,-0.09427856,-0.1551755,-0.11960925,-0.15027548,-0.16982608,-0.1185138,-0.15519175,-0.15856802,-0.17738779,-0.15176103,-0.15522504,-0.25953975,-0.17989698,-0.13525523,-0.1552223,-0.15095688,-0.17780018,-0.2009549,-0.15520106,-0.09015879,-0.15493141,-0.12151222,-0.121854745,-0.13997786,-0.21433522,-0.13908121,-0.16057305,-0.15515137,-0.07092635,-0.15460111,-0.15778907,-0.18733518,-0.15496257,-0.13022369,-0.12334781,-0.14100276,-0.15518194,-0.114095174,-0.25318068,-0.26654312,-0.12948069,-0.10945694,-0.15517324,-0.09238048,-0.20963459,-0.1552225,-0.15848798,-0.12974177,-0.1551514,-0.16015086,-0.1553517,-0.15522683,-0.19704957,-0.20616047,-0.12919083,-0.10460003,-0.11361031,-0.10256614,-0.1552195,-0.19495486,-0.1551952,-0.12965664,-0.1550684,-0.041086134,-0.12967405,-0.15522552,-0.2300741,-0.15520403,-0.10384405,-0.15383026,-0.0784167,-0.15508488,-0.12766197,-0.1551047,-0.121451,-0.075820275,-0.09192432,-0.101488546,-0.15496242,-0.15848097,-0.12378413,-0.15507492,-0.1410757,-0.13984437,-0.18093297,-0.15522803,-0.25777104,-0.12844054,-0.15513757,-0.13462572,-0.119081676,-0.15519921,-0.15857013,-0.15857172,-0.15857284,-0.19755594,-0.25103784,-0.20219928,-0.19465852,-0.24831252,-0.20506537,-0.22091979,-0.15521291,-0.12993965,-0.11956477,-0.1552085,-0.15856647,-0.20931396,-0.18224281,-0.15519935,-0.32474133,-0.15522619,-0.15857545,-0.15857439,-0.15857401,-0.2185038,-0.15519863,-0.114121355,-0.15520163,-0.15856013,-0.15856671,-0.22984435,-0.15522003,-0.1585489,-0.08963354,-0.15511997,-0.15852761,-0.15854436,-0.15854621,-0.13302092,-0.1051107,-0.14014931,-0.15141064,-0.15839578,-0.15615125,-0.14613561,-0.15521654,-0.12319561,-0.13029937,-0.15518057,-0.15857527,-0.15857482,-0.15857482,-0.15857533,-0.38518023,-0.11451449,-0.15518838,-0.15564899,-0.14443555,-0.16636807,-0.15522152,-0.15849751,-0.12993515,-0.047159404,-0.14934132,-0.14016809,-0.14106366,-0.15507993,-0.19987361,-0.1649412,-0.17166539,-0.1552,-0.1585345,-0.12722544,-0.14610182,-0.2588673,-0.13010783,-0.15510301,-0.09132757,-0.12832497,-0.13684332,-0.16221203,-0.15659244,-0.12951845,-0.15497454,-0.15848333,-0.15853098,-0.15856366,-0.15740095,-0.19795567,-0.15106063,-0.07294749,-0.2039893,-0.15518892,-0.15852982,-0.104459345,-0.1548531,-0.17466888,-0.13176009,-0.15519662,-0.15109587,-0.10913184,-0.15503664,-0.05825615,-0.14326635,-0.17082691,-0.15513621,-0.18883844,-0.15522723,-0.31316653,-0.15521742,-0.16808087,-0.14331596,-0.15521976,-0.15857187,-0.25088155,-0.1552276,-0.22115314,-0.07562123,-0.086852394,-0.10702289,-0.060967896,-0.1486198,-0.16796505,-0.15746465,-0.22133875,-0.12812386,-0.0969081,-0.16398169,-0.12716047,-0.11335766,-0.18846886,-0.13029295,-0.17755464,-0.0994983,-0.115196005,-0.15513761,-0.11662802,-0.19749595,-0.14526704,-0.12781724,-0.096878245,-0.15513858,-0.1583822,-0.12434345,-0.11230643,-0.063823454,-0.15506998,-0.11419349,-0.10007019,-0.24483351,-0.15522814,-0.15856352,-0.16344379,-0.1759062,-0.12524253,-0.15521383,-0.0782174,-0.19187105,-0.18185812,-0.09859173,-0.11065883,-0.15489663,-0.15825911,-0.083404,-0.1213824,-0.13072303,-0.13855581,-0.19385117,-0.15519133,-0.15856886,-0.19487974,-0.23847799,-0.2432746,-0.12996012,-0.15502733,-0.1585406,-0.14520228,-0.2961179,-0.15522742,-0.19813283,-0.13019979,-0.15516445,-0.060104962,-0.15931924,-0.15522563,-0.2028091,-0.2868003,-0.11816878,-0.14795661,-0.10060286,-0.15507238,-0.13614628,-0.20725825,-0.17393659,-0.125103,-0.15657571,-0.15690626,-0.15522428,-0.15857124,-0.16221246,-0.22200036,-0.1303629,-0.2814266,-0.15522853,-0.1915083,-0.24371436,-0.16952515,-0.1551422,-0.13369927,-0.12557748,-0.15522118,-0.18106565,-0.15522829,-0.18642783,-0.15517184,-0.30462334,-0.15511778,-0.14691104,-0.13029914,-0.15521555,-0.15855917,-0.18915205,-0.13028623,-0.15522051,-0.10481856,-0.1650517,-0.15521821,-0.15857321,-0.15854384,-0.12987043,-0.15512544,-0.15853956,-0.15853082,-0.15854204,-0.15855041,-0.16505513,-0.17392421,-0.15521379,-0.15856618,-0.15855616,-0.15856668,-0.2025511,-0.15354379,-0.14723541,-0.15422094,-0.11499533,-0.10471026,-0.11893196,-0.15521745,-0.15849572,-0.13024792,-0.19501048,-0.15522511,-0.18738703,-0.11705899,-0.17429145,-0.15521549,-0.06652963,-0.15497881,-0.10737923,-0.124497145,-0.15298569,-0.052188452,-0.26007295
k__Bacteria|p__Firmicutes|c__Bacilli|o__Lactobacillales|f__Streptococcaceae|g__Lactococcus|s__Lactococcus_piscium,-0.1004395,-0.12316422,-0.15523976,-0.15858796,-0.15858826,-0.23867357,-0.1666669,-0.16813041,-0.10929718,-0.22895765,-0.23728925,-0.1552449,-0.22850217,-0.3768707,-0.08556121,-0.15481782,-0.058144663,-0.15467817,-0.1585217,-0.19931981,-0.1978925,-0.13017279,-0.15520729,-0.12711628,-0.20043859,-0.11658599,-0.182019,-0.25032333,-0.1509206,-0.1552124,-0.15142563,-0.10844302,-0.18249588,-0.28454733,-0.15523067,-0.1303734,-0.15524234,-0.22338755,-0.15524529,-0.29867563,-0.15524536,-0.29356226,-0.12965855,-0.15508711,-0.13691942,-0.15523942,-0.23188588,-0.24781659,-0.1296162,-0.13037965,-0.24679694,-0.18279888,-0.25087595,-0.26027086,-0.28621647,-0.27511892,-0.11894142,-0.15515283,-0.040142577,-0.056944285,-0.15447137,-0.11274739,-0.13743341,-0.13025594,-0.15522206,-0.15858327,-0.15858799,-0.1585887,-0.27573854,-0.15520228,-0.13025987,-0.16243835,-0.12334165,-0.14074792,-0.15520895,-0.15887658,-0.14481027,-0.13035716,-0.18691605,-0.14998752,-0.15523247,-0.1585654,-0.15857732,-0.15850592,-0.120334074,-0.13700745,-0.08858878,-0.15522617,-0.19008024,-0.15523803,-0.2004665,-0.11139822,-0.1388583,-0.13027036,-0.1074974,-0.15152657,-0.15513563,-0.15825862,-0.10065024,-0.08152827,-0.09427856,-0.15518822,-0.11960925,-0.15027548,-0.16982608,-0.1185138,-0.15520579,-0.15858153,-0.17738779,-0.15176103,-0.15524107,-0.25953975,-0.17989698,-0.13525523,-0.15523812,-0.15095688,-0.17780018,-0.2009549,-0.15521571,-0.09015879,-0.15492752,-0.12151222,-0.121854745,-0.13997786,-0.21433522,-0.13908121,-0.16057305,-0.15516245,-0.07092635,-0.15457551,-0.15776011,-0.18733518,-0.15496421,-0.13024575,-0.12334781,-0.14100276,-0.15519515,-0.114095174,-0.25318068,-0.26654312,-0.12944058,-0.10945694,-0.15518582,-0.09238048,-0.20963459,-0.15523835,-0.15849705,-0.12973179,-0.15516265,-0.16015086,-0.1553517,-0.15524295,-0.19704957,-0.20616047,-0.1291431,-0.10460003,-0.11361031,-0.10256614,-0.15523511,-0.19495486,-0.1552092,-0.12963754,-0.15507352,-0.041086134,-0.12967405,-0.15524158,-0.2300741,-0.15521869,-0.10384405,-0.15374735,-0.0784167,-0.15509163,-0.12766197,-0.15511285,-0.121451,-0.075820275,-0.09192432,-0.101488546,-0.15496096,-0.15848859,-0.12378413,-0.1550788,-0.1410757,-0.13984437,-0.18093297,-0.15524423,-0.25777104,-0.12844054,-0.15514734,-0.13462572,-0.119081676,-0.15521345,-0.15858375,-0.15858549,-0.15858665,-0.19755594,-0.25103784,-0.20219928,-0.19465852,-0.24831252,-0.20506537,-0.22091979,-0.15522824,-0.12993997,-0.11956477,-0.15522343,-0.15857989,-0.20931396,-0.18224281,-0.15521398,-0.32474133,-0.15524226,-0.15858944,-0.15858829,-0.1585879,-0.2185038,-0.1552129,-0.114121355,-0.1552163,-0.15857331,-0.15858012,-0.22984435,-0.1552357,-0.15856138,-0.08963354,-0.15512928,-0.15853836,-0.15855652,-0.15855819,-0.13302092,-0.1051107,-0.14014931,-0.15141064,-0.15839578,-0.15615125,-0.14613561,-0.15523194,-0.12319561,-0.13032769,-0.15519413,-0.15858924,-0.15858875,-0.15858877,-0.15858929,-0.38518023,-0.11451449,-0.15520212,-0.15564899,-0.14443555,-0.16636807,-0.15523735,-0.15850747,-0.12993515,-0.047159404,-0.14903037,-0.14016809,-0.14106366,-0.15508713,-0.19987361,-0.1649412,-0.17166539,-0.1552144,-0.15854567,-0.12722544,-0.14610182,-0.2588673,-0.13011606,-0.15511069,-0.09132757,-0.12832497,-0.13684332,-0.16221203,-0.15659244,-0.12949586,-0.15497424,-0.15849127,-0.158542,-0.15857688,-0.15740095,-0.19795567,-0.15106063,-0.07294749,-0.2039893,-0.1552028,-0.15854058,-0.104459345,-0.1548296,-0.17466888,-0.13176009,-0.15521067,-0.15109587,-0.10913184,-0.15503973,-0.05825615,-0.14326635,-0.17082691,-0.15514687,-0.18883844,-0.1552434,-0.31316653,-0.1552331,-0.16808087,-0.14331596,-0.15523544,-0.15858567,-0.25088155,-0.15524378,-0.22115314,-0.07562123,-0.086852394,-0.10702289,-0.060967896,-0.14826673,-0.16796505,-0.15746465,-0.22133875,-0.12812386,-0.0969081,-0.16398169,-0.12716047,1.6074182,-0.18846886,-0.1303203,-0.17755464,-0.0994983,-0.115196005,-0.15514815,-0.11662802,-0.19749595,-0.14526704,-0.12781724,-0.096878245,-0.15514863,-0.15838331,-0.12434345,-0.11230643,-0.063823454,-0.15507546,-0.11419349,-0.10007019,-0.24483351,-0.15524435,-0.1585768,-0.16344379,-0.1759062,-0.12524253,-0.15522909,-0.0782174,-0.19187105,-0.18185812,-0.09859173,-0.11065883,-0.15489078,-0.15825225,-0.083404,-0.1213824,-0.13072303,-0.13855581,-0.19385117,-0.15520541,-0.15858242,-0.19487974,-0.23847799,-0.2432746,-0.1299693,-0.15503049,-0.15855247,-0.14520228,-0.2961179,-0.15524358,-0.19813283,-0.13021836,-0.1551767,-0.060104962,-0.15931924,-0.1552417,-0.2028091,-0.2868003,-0.11816878,-0.14795661,-0.10060286,-0.15507905,-0.13614628,-0.20725825,-0.17393659,-0.125103,-0.15657571,-0.15690626,-0.15524027,-0.15858495,-0.16221246,-0.22200036,-0.1303954,-0.2814266,-0.15524477,-0.1915083,-0.24371436,-0.16952515,-0.1551528,-0.13369927,-0.12557748,-0.15523696,-0.18106565,-0.1552445,-0.18642783,-0.15518488,-0.30462334,-0.1551277,-0.14691104,-0.13029914,-0.15523097,-0.15857208,-0.18915205,-0.13031262,-0.15523621,-0.10481856,-0.1650517,-0.15523386,-0.15858707,-0.15855584,-0.12986748,-0.1551348,-0.15855145,-0.158542,-0.15855405,-0.1585627,-0.16505513,-0.17392421,-0.15522915,-0.15857954,-0.15856895,-0.1585801,-0.2025511,-0.15354379,-0.14723541,-0.15418218,-0.11499533,-0.10471026,-0.11893196,-0.155233,-0.15850508,-0.13027117,-0.19501048,-0.15524115,-0.18738703,-0.11705899,-0.17429145,-0.15523082,-0.06652963,-0.15497726,-0.10737923,-0.124497145,-0.15298569,-0.052188452,-0.26007295
k__Bacteria|p__Firmicutes|c__Clostridia|o__Eubacteriales|f__Lachnospiraceae|g__GGB3637|s__GGB3637_SGB4930,-0.1004395,-0.12316422,-0.15491925,-0.15821329,-0.15821353,-0.23867357,-0.1666669,-0.16813041,-0.10929718,-0.22895765,-0.23728925,-0.15492365,-0.22850217,-0.3768707,-0.08556121,-0.15455547,-0.058144663,-0.1544321,-0.15815648,-0.19931981,-0.1978925,-0.13028674,-0.15489125,-0.12711628,-0.20043859,-0.11658599,-0.182019,-0.25032333,-0.1509206,-0.1548959,-0.15142563,1.9170482,-0.18249588,-0.28454733,-0.15491164,-0.13045448,-0.15492144,-0.22338755,-0.15492398,-0.29867563,-0.15492404,-0.29356226,-0.12984136,-0.15478924,-0.13691942,-0.15491891,-0.23188588,-0.24781659,-0.1296162,-0.13046005,-0.24679694,-0.18279888,-0.25087595,-0.26027086,-0.28621647,-0.27511892,-0.11894142,-0.15484452,-0.040142577,-0.056944285,-0.15426302,-0.11274739,-0.13743341,-0.13035862,-0.15490422,-0.15820925,-0.15821335,-0.15821391,-0.27573854,-0.1548883,-0.13035867,-0.16243835,-0.12334165,-0.14074792,-0.15489273,-0.15887658,-0.14481027,-0.13044074,-0.18691605,-0.14998752,-0.15491296,-0.15819395,-0.15820426,-0.15814498,-0.120334074,-0.13700745,-0.08858878,-0.15490752,-0.19008024,-0.15491775,-0.2004665,-0.11139822,-0.1388583,-0.13027036,-0.1074974,-0.15152657,-0.15482973,-0.15794149,-0.10065024,-0.08152827,-0.09427856,-0.15487483,-0.11960925,-0.15027548,-0.16982608,-0.1185138,-0.15489021,-0.15820777,-0.17738779,-0.15176103,-0.15492037,-0.25953975,-0.17989698,-0.13525523,-0.15491779,-0.15095688,-0.17780018,-0.2009549,-0.15489951,-0.09015879,-0.1546498,-0.12151222,-0.121854745,-0.13997786,-0.21433522,-0.13908121,-0.16057305,-0.15485263,-0.07092635,-0.15434794,-0.15751162,-0.18733518,-0.15468772,-0.13035014,-0.12334781,-0.14100276,-0.15488087,-0.114095174,-0.25318068,-0.26654312,-0.12969631,-0.10945694,-0.15487275,-0.09238048,-0.20963459,-0.15491799,-0.15813747,-0.12992665,-0.1548532,-0.16015086,-0.1553517,-0.15492198,-0.19704957,-0.20616047,-0.12942585,-0.10460003,-0.11361031,-0.10256614,-0.15491518,-0.19495486,-0.15489352,-0.12986365,-0.15477581,-0.041086134,-0.12967405,-0.15492085,-0.2300741,-0.15490162,-0.10384405,-0.15363772,-0.0784167,-0.15479225,-0.12766197,-0.15481013,-0.121451,-0.075820275,-0.09192432,-0.101488546,-0.15467997,-0.1581276,-0.12378413,-0.15478066,-0.1410757,-0.13984437,-0.18093297,-0.15492305,-0.25777104,-0.12844054,-0.15484148,-0.13462572,-0.119081676,-0.15489644,-0.15820968,-0.15821114,-0.15821216,-0.19755594,-0.25103784,-0.20219928,-0.19465852,-0.24831252,-0.20506537,-0.22091979,-0.15490957,-0.13010748,-0.11956477,-0.15490508,-0.15820639,-0.20931396,-0.18224281,-0.15489727,-0.32474133,-0.15492135,-0.15821455,-0.15821357,-0.15821323,-0.2185038,-0.15489647,-0.114121355,-0.1548993,-0.15820096,-0.15820658,-0.22984435,-0.15491569,-0.1581907,-0.08963354,-0.15482455,-0.15817037,-0.15818644,-0.15818751,-0.13302092,-0.1051107,-0.14014931,-0.15141064,-0.15839578,-0.15615125,-0.14613561,-0.1549124,-0.12319561,-0.13041598,-0.15488046,-0.15821439,-0.15821397,-0.15821397,-0.15821443,-0.38518023,-0.11451449,-0.15488698,-0.15564899,-0.14443555,-0.16636807,-0.15491721,-0.15814559,-0.12993515,-0.047159404,-0.14964446,-0.14016809,-0.14106366,-0.15478846,-0.19987361,-0.1649412,-0.17166539,-0.15489739,-0.15817659,-0.12722544,-0.14610182,-0.2588673,-0.13024597,-0.15480834,-0.09132757,-0.12832497,-0.13684332,-0.16221203,-0.15659244,-0.12974848,-0.15469241,-0.1581302,-0.1581737,-0.15820374,-0.15740095,-0.19795567,-0.15106063,-0.07294749,-0.2039893,-0.1548877,-0.15817231,-0.104459345,-0.15459687,-0.17466888,-0.13176009,-0.15489398,-0.15109587,-0.10913184,-0.15474835,-0.05825615,-0.14326635,-0.17082691,-0.1548397,-0.18883844,-0.15492237,-0.31316653,-0.15491375,-0.16808087,-0.14331596,-0.15491551,-0.15821135,-0.25088155,-0.1549227,-0.22115314,-0.07562123,-0.086852394,-0.10702289,-0.060967896,-0.14899093,-0.16796505,-0.15746465,-0.22133875,-0.12812386,-0.0969081,-0.16398169,-0.12716047,-0.11335766,-0.18846886,-0.1304102,-0.17755464,-0.0994983,-0.115196005,-0.15484068,-0.11662802,-0.19749595,-0.14526704,-0.12781724,-0.096878245,-0.15484041,-0.15803765,-0.12434345,-0.11230643,-0.063823454,-0.15477815,-0.11419349,-0.10007019,-0.24483351,-0.15492316,-0.15820393,-0.16344379,-0.1759062,-0.12524253,-0.15491,-0.0782174,-0.19187105,-0.18185812,-0.09859173,-0.11065883,-0.15461871,-0.15792471,-0.083404,-0.1213824,-0.13072303,-0.13855581,-0.19385117,-0.15488999,-0.15820852,-0.19487974,-0.23847799,-0.2432746,-0.13011567,-0.15473959,-0.15818292,-0.14520228,-0.2961179,-0.1549225,-0.19813283,-0.13032728,-0.15486541,-0.060104962,-0.15931924,-0.15492092,-0.2028091,-0.2868003,-0.11816878,-0.14795661,-0.10060286,-0.15478198,-0.13614628,-0.20725825,-0.17393659,-0.125103,-0.15657571,-0.15690626,-0.15491968,-0.1582107,-0.16221246,-0.22200036,-0.13047355,-0.2814266,-0.15492354,-0.1915083,-0.24371436,-0.16952515,-0.1548464,-0.13369927,-0.12557748,-0.15491687,-0.18106565,-0.15492332,-0.18642783,-0.15487313,-0.30462334,-0.15482384,-0.14691104,-0.13029914,-0.1549117,-0.1581996,-0.18915205,-0.13040295,-0.15491617,-0.10481856,-0.1650517,-0.15491426,-0.15821253,-0.15818661,-0.13004734,-0.15482886,-0.1581822,-0.15817392,-0.15818435,-0.15819156,-0.16505513,-0.17392421,-0.15491019,-0.15820605,-0.15819699,-0.15820651,-0.2025511,-0.15354379,-0.14723541,-0.15402184,-0.11499533,-0.10471026,-0.11893196,-0.15491343,-0.1581431,-0.13036725,-0.19501048,-0.15492046,-0.18738703,-0.11705899,-0.17429145,-0.1549118,-0.06652963,-0.15469296,-0.10737923,-0.124497145,-0.15298569,-0.052188452,-0.26007295
k__Bacteria|p__Firmicutes|c__Bacilli|o__Bacillales|f__Staphylococcaceae|g__Staphylococcus|s__Staphylococcus_lugdunensis,-0.1004395,-0.12316422,-0.15430385,-0.15762267,-0.15762277,-0.23867357,-0.1666669,-0.16813041,-0.10929718,-0.22895765,-0.23728925,-0.15430574,-0.22850217,-0.3768707,-0.08556121,-0.15413958,-0.058144663,-0.15410224,-0.15759854,-0.19931981,-0.1978925,-0.1295671,-0.1542922,-0.12711628,-0.20043859,-0.11658599,-0.182019,-0.25032333,-0.1509206,-0.15429394,-0.15142563,-0.10844302,-0.18249588,-0.28454733,-0.15430012,-0.12965351,-0.15430483,-0.22338755,-0.15430589,-0.29867563,-0.15430592,-0.29356226,-0.12931164,-0.15424773,-0.13691942,-0.15430379,-0.23188588,-0.24781659,-0.1296162,-0.1296561,-0.24679694,-0.18279888,-0.25087595,-0.26027086,-0.28621647,-0.27511892,-0.11894142,-0.15427202,-0.040142577,-0.056944285,-0.15402578,-0.11274739,-0.13743341,-0.129603,-0.15429737,-0.15762097,-0.15762268,-0.15762293,-0.27573854,-0.15428886,-0.12960467,-0.16243835,-0.12334165,-0.14074792,-0.15429285,-0.15887658,-0.14481027,-0.12964661,-0.18691605,-0.14998752,-0.15430124,-0.1576145,-0.15761875,-0.15759005,-0.120334074,-0.13700745,-0.08858878,-0.154299,-0.19008024,-0.15430325,-0.2004665,-0.11139822,-0.1388583,-0.13027036,-0.1074974,-0.15152657,-0.15426658,-0.15747696,-0.10065024,-0.08152827,-0.09427856,-0.15428534,-0.11960925,-0.15027548,-0.16982608,-0.1185138,-0.15429151,-0.15762034,-0.17738779,-0.15176103,-0.15430437,-0.25953975,-0.17989698,-0.13525523,-0.15430328,-0.15095688,-0.17780018,-0.2009549,-0.15429409,-0.09015879,-0.1541914,-0.12151222,-0.121854745,-0.13997786,-0.21433522,-0.13908121,-0.16057305,-0.15427607,-0.07092635,-0.15405856,-0.15731892,-0.18733518,-0.15420017,-0.12958923,-0.12334781,-0.14100276,-0.1542879,-0.114095174,-0.25318068,-0.26654312,-0.12918623,-0.10945694,-0.15428454,-0.09238048,-0.20963459,-0.1543034,-0.15758836,-0.12932676,-0.15427569,-0.16015086,-0.1553517,-0.15430506,-0.19704957,-0.20616047,-0.1290204,-0.10460003,-0.11361031,-0.10256614,-0.15430228,-0.19495486,-0.1542923,-0.12927717,-0.15424404,-0.041086134,-0.12967405,-0.15430453,-0.2300741,-0.15429606,-0.10384405,-0.15374132,-0.0784167,-0.1542497,-0.12766197,-0.15425798,-0.121451,-0.075820275,-0.09192432,-0.101488546,-0.1542018,-0.15758698,-0.12378413,-0.15423296,-0.1410757,-0.13984437,-0.18093297,-0.1543055,-0.25777104,-0.12844054,-0.15426737,-0.13462572,-0.119081676,-0.1542945,-0.15762113,-0.15762177,-0.15762219,-0.19755594,-0.25103784,-0.20219928,-0.19465852,-0.24831252,-0.20506537,-0.22091979,-0.1542995,-0.12943903,-0.11956477,-0.15429804,-0.15761973,-0.20931396,-0.18224281,-0.15429345,-0.32474133,-0.1543048,-0.1576232,-0.15762278,-0.15762265,-0.2185038,-0.15429285,-0.114121355,-0.15429524,-0.1576172,-0.15761982,-0.22984435,-0.15430242,-0.15761149,-0.08963354,-0.15426344,-0.15760498,-0.15761122,-0.15761209,-0.13302092,-0.1051107,-0.14014931,-0.15141064,-0.15839578,-0.15615125,-0.14613561,-0.15430114,-0.12319561,-0.1296359,-0.15428725,-0.15762313,-0.15762295,-0.15762295,-0.15762314,-0.38518023,-0.11451449,-0.15429035,-0.15564899,-0.14443555,-0.16636807,-0.154303,-0.15759249,-0.12993515,-0.047159404,-0.15204296,-0.14016809,-0.14106366,-0.15424897,-0.19987361,-0.1649412,-0.17166539,-0.1542948,-0.15760769,-0.12722544,-0.14610182,-0.2588673,-0.12953413,-0.15425694,-0.09132757,-0.12832497,-0.13684332,-0.16221203,-0.15659244,-0.12915914,-0.1542052,-0.15758768,-0.15760615,-0.15761864,-0.15740095,-0.19795567,-0.15106063,-0.07294749,-0.2039893,-0.15429038,-0.15760577,-0.104459345,-0.15408385,-0.17466888,-0.13176009,-0.15429363,-0.15109587,-0.10913184,-0.15422857,-0.05825615,-0.14326635,-0.17082691,-0.15427023,-0.18883844,-0.1543052,-0.31316653,-0.15430132,-0.16808087,-0.14331596,-0.15430233,-0.1576218,-0.25088155,-0.15430534,-0.22115314,-0.07562123,-0.086852394,-0.10702289,-0.060967896,-0.15176398,-0.16796505,-0.15746465,-0.22133875,-0.12812386,-0.0969081,-0.16398169,-0.12716047,-0.11335766,-0.18846886,-0.1296317,-0.17755464,-0.0994983,-0.115196005,-0.15427077,-0.11662802,-0.19749595,-0.14526704,-0.12781724,-0.096878245,-0.1542711,-0.15754841,-0.12434345,-0.11230643,-0.063823454,-0.1542438,-0.11419349,-0.10007019,-0.24483351,-0.15430555,-0.15761848,-0.16344379,-0.1759062,-0.12524253,-0.15430008,-0.0782174,-0.19187105,-0.18185812,-0.09859173,-0.11065883,-0.15417807,-0.15750135,-0.083404,-0.1213824,-0.13072303,-0.13855581,-0.19385117,-0.15429136,-0.15762065,-0.19487974,-0.23847799,-0.2432746,-0.12947418,-0.15422782,-0.15760979,-0.14520228,-0.2961179,-0.15430528,-0.19813283,-0.12958458,-0.15428072,-0.060104962,-0.15931924,-0.1543046,-0.2028091,-0.2868003,-0.11816878,-0.14795661,-0.10060286,-0.15424539,-0.13614628,-0.20725825,-0.17393659,2.7347975,-0.15657571,-0.15690626,-0.15430403,-0.15762158,-0.16221246,-0.22200036,-0.12966214,-0.2814266,-0.1543057,-0.1915083,-0.24371436,-0.16952515,-0.15426926,-0.13369927,-0.12557748,-0.15430287,-0.18106565,-0.1543056,-0.18642783,-0.15428253,-0.30462334,-0.15426311,-0.14691104,-0.13029914,-0.1543007,-0.15761699,-0.18915205,-0.12962928,-0.1543026,-0.10481856,-0.1650517,-0.1543017,-0.15762235,-0.15761054,-0.12942256,-0.15426618,-0.15760934,-0.15760596,-0.1576103,-0.15761349,-0.16505513,-0.17392421,-0.1543,-0.15761963,-0.15761578,-0.15761985,-0.2025511,-0.15354379,-0.14723541,-0.1539173,-0.11499533,-0.10471026,-0.11893196,-0.15430142,-0.15759054,-0.12961254,-0.19501048,-0.15430436,-0.18738703,-0.11705899,-0.17429145,-0.15430032,-0.06652963,-0.15420797,-0.10737923,-0.124497145,-0.15298569,-0.052188452,-0.26007295
k__Bacteria|p__Firmicutes|c__Bacilli|o__Lactobacillales|f__Lactobacillaceae|g__Limosilactobacillus|s__Limosilactobacillus_urinaemulieris,-0.1004395,-0.12316422,-0.15514523,-0.15851802,-0.15851828,-0.23867357,-0.1666669,-0.16813041,-0.10929718,-0.22895765,-0.23728925,-0.15514933,-0.22850217,-0.3768707,-0.08556121,-0.15480573,-0.058144663,-0.15469027,-0.15846512,-0.19931981,-0.1978925,-0.12993148,-0.15511912,-0.12711628,-0.20043859,-0.11658599,-0.182019,-0.25032333,-0.1509206,-0.15512356,-0.15142563,-0.10844302,-0.18249588,-0.28454733,-0.155138,-0.13009515,-0.15514727,-0.22338755,-0.15514964,-0.29867563,-0.1551497,-0.29356226,-0.12948236,-0.15502411,-0.13691942,-0.15514493,-0.23188588,-0.24781659,-0.1296162,-0.13010028,-0.24679694,-0.18279888,-0.25087595,-0.26027086,-0.28621647,-0.27511892,-0.11894142,-0.15507537,-0.040142577,-0.056944285,-0.15453458,-0.11274739,-0.13743341,-0.1300017,-0.15513119,-0.15851423,-0.15851808,-0.15851861,-0.27573854,-0.15511648,-0.13000153,-0.16243835,-0.12334165,-0.14074792,-0.15512052,-0.15887658,-0.14481027,-0.13008107,-0.18691605,-0.14998752,-0.15513936,-0.15849999,-0.15850961,-0.15845504,1.5557089,-0.13700745,-0.08858878,-0.15513426,-0.19008024,-0.15514381,-0.2004665,-0.11139822,-0.1388583,-0.13027036,-0.1074974,-0.15152657,-0.15506174,-0.15826482,-0.10065024,-0.08152827,-0.09427856,-0.15510383,-0.11960925,-0.15027548,-0.16982608,-0.1185138,-0.1551183,-0.15851289,-0.17738779,-0.15176103,-0.15514627,-0.25953975,-0.17989698,-0.13525523,-0.15514386,-0.15095688,-0.17780018,-0.2009549,-0.1551269,-0.09015879,-0.15489343,-0.12151222,-0.121854745,-0.13997786,-0.21433522,-0.13908121,-0.16057305,-0.15508315,-0.07092635,-0.15461254,-0.15786558,-0.18733518,-0.15493095,-0.12998709,-0.12334781,-0.14100276,-0.15510948,-0.114095174,-0.25318068,-0.26654312,-0.12935168,-0.10945694,-0.15510184,-0.09238048,-0.20963459,-0.15514407,-0.15844856,-0.12957442,-0.15508392,-0.16015086,-0.1553517,-0.15514776,-0.19704957,-0.20616047,-0.129058,-0.10460003,-0.11361031,-0.10256614,-0.15514144,-0.19495486,-0.15512162,-0.12951471,-0.15501174,-0.041086134,-0.12967405,-0.15514672,-0.2300741,-0.15512915,-0.10384405,-0.15395983,-0.0784167,-0.15502737,-0.12766197,-0.15504354,-0.121451,-0.075820275,-0.09192432,-0.101488546,-0.15492138,-0.15843812,-0.12378413,-0.15501502,-0.1410757,-0.13984437,-0.18093297,-0.15514877,-0.25777104,-0.12844054,-0.15507254,-0.13462572,-0.119081676,-0.15512392,-0.15851465,-0.15851605,-0.158517,-0.19755594,-0.25103784,-0.20219928,-0.19465852,-0.24831252,-0.20506537,-0.22091979,-0.15513635,-0.1297514,-0.11956477,-0.15513203,-0.15851158,-0.20931396,-0.18224281,-0.1551249,-0.32474133,-0.1551472,-0.15851921,-0.15851828,-0.15851799,-0.2185038,-0.15512396,-0.114121355,-0.15512669,-0.15850657,-0.15851179,-0.22984435,-0.15514189,-0.15849689,-0.08963354,-0.15505688,-0.15847796,-0.15849304,-0.15849397,-0.13302092,-0.1051107,-0.14014931,-0.15141064,-0.15839578,-0.15615125,-0.14613561,-0.15513882,-0.12319561,-0.13005877,-0.15510915,-0.15851906,-0.15851867,-0.15851867,-0.15851909,-0.38518023,-0.11451449,-0.15511519,-0.15564899,-0.14443555,-0.16636807,-0.15514332,-0.15845564,-0.12993515,-0.047159404,-0.1502491,-0.14016809,-0.14106366,-0.15502349,-0.19987361,-0.1649412,-0.17166539,-0.15512484,-0.15848374,-0.12722544,-0.14610182,-0.2588673,-0.12989086,-0.15504155,-0.09132757,-0.12832497,-0.13684332,-0.16221203,-0.15659244,-0.12940904,-0.15493345,-0.15844041,-0.15848109,-0.15850912,-0.15740095,-0.19795567,-0.15106063,-0.07294749,-0.2039893,-0.1551158,-0.1584798,-0.104459345,-0.15482351,-0.17466888,-0.13176009,-0.15512162,-0.15109587,-0.10913184,-0.1549857,-0.05825615,-0.14326635,-0.17082691,-0.15507108,-0.18883844,-0.15514815,-0.31316653,-0.15514019,-0.16808087,-0.14331596,-0.15514174,-0.15851623,-0.25088155,-0.15514845,-0.22115314,-0.07562123,-0.086852394,-0.10702289,-0.060967896,-0.14963351,-0.16796505,-0.15746465,-0.22133875,-0.12812386,-0.0969081,-0.16398169,-0.12716047,-0.11335766,-0.18846886,-0.13005291,-0.17755464,-0.0994983,-0.115196005,-0.15507206,-0.11662802,-0.19749595,-0.14526704,-0.12781724,-0.096878245,-0.15507154,-0.15835416,-0.12434345,-0.11230643,-0.063823454,-0.15501367,-0.11419349,-0.10007019,-0.24483351,-0.1551489,-0.15850955,-0.16344379,-0.1759062,-0.12524253,-0.15513662,-0.0782174,-0.19187105,-0.18185812,-0.09859173,-0.11065883,-0.15486503,-0.15824902,-0.083404,-0.1213824,-0.13072303,-0.13855581,-0.19385117,-0.15511802,-0.15851358,-0.19487974,-0.23847799,-0.2432746,-0.12978292,-0.1549776,-0.15848975,-0.14520228,-0.2961179,-0.15514827,-0.19813283,-0.1299708,-0.15509501,-0.060104962,-0.15931924,-0.1551468,-0.2028091,-0.2868003,-0.11816878,-0.14795661,-0.10060286,-0.15501732,-0.13614628,-0.20725825,-0.17393659,-0.125103,-0.15657571,-0.15690626,-0.15514562,-0.1585156,-0.16221246,-0.22200036,-0.13011314,-0.2814266,-0.15514922,-0.1915083,-0.24371436,-0.16952515,-0.15507784,-0.13369927,-0.12557748,-0.15514302,-0.18106565,-0.15514901,-0.18642783,-0.15510246,-0.30462334,-0.15505645,-0.14691104,-0.13029914,-0.15513821,-0.15850528,-0.18915205,-0.13004571,-0.15514235,-0.10481856,-0.1650517,-0.15514058,-0.15851733,-0.15849388,-0.12972808,-0.15506086,-0.15848911,-0.15848127,-0.15849105,-0.15849775,-0.16505513,-0.17392421,-0.1551368,-0.15851128,-0.15850285,-0.1585117,-0.2025511,-0.15354379,-0.14723541,-0.15431073,-0.11499533,-0.10471026,-0.11893196,-0.15513982,-0.15845394,-0.13001172,-0.19501048,-0.15514638,-0.18738703,-0.11705899,-0.17429145,-0.15513864,-0.06652963,-0.15493378,-0.10737923,-0.124497145,-0.15298569,-0.052188452,-0.26007295
k__Bacteria|p__Firmicutes|c__Bacilli|o__Lactobacillales|f__Streptococcaceae|g__Streptococcus|s__Streptococcus_gallolyticus,-0.1004395,-0.12316422,-0.15493074,-0.15826106,-0.15826133,-0.23867357,-0.1666669,-0.16813041,-0.10929718,-0.22895765,-0.23728925,-0.15493482,-0.22850217,-0.3768707,-0.08556121,-0.15457329,-0.058144663,-0.15446118,-0.1582079,-0.19931981,-0.1978925,-0.13002549,-0.1549043,-0.12711628,-0.20043859,-0.11658599,-0.182019,-0.25032333,-0.1509206,-0.15490918,-0.15142563,-0.10844302,-0.18249588,-0.28454733,-0.15492372,-0.13019502,-0.15493275,-0.22338755,-0.15493512,-0.29867563,-0.15493518,-0.29356226,-0.1295756,-0.15481058,-0.13691942,-0.15493035,-0.23188588,-0.24781659,-0.1296162,-0.13020068,-0.24679694,-0.18279888,-0.25087595,-0.26027086,-0.28621647,-0.27511892,-0.11894142,-0.15486005,-0.040142577,-0.056944285,-0.1543229,-0.11274739,-0.13743341,-0.1300995,-0.15491685,-0.15825725,-0.15826115,-0.15826169,-0.27573854,-0.15490152,-0.13010052,-0.16243835,-0.12334165,-0.14074792,-0.15490577,-0.15887658,-0.14481027,-0.13018093,-0.18691605,-0.14998752,-0.15492478,-0.15824297,-0.15825278,-0.15819678,-0.120334074,-0.13700745,-0.08858878,-0.15491965,-0.19008024,-0.15492925,-0.2004665,-0.11139822,-0.1388583,-0.13027036,-0.1074974,-0.15152657,-0.15484613,-0.15797944,-0.10065024,-0.08152827,-0.09427856,-0.15488859,-0.11960925,-0.15027548,-0.16982608,-0.1185138,-0.15490383,-0.15825588,-0.17738779,-0.15176103,-0.15493177,-0.25953975,-0.17989698,-0.13525523,-0.15492932,-0.15095688,-0.17780018,-0.2009549,-0.15491286,-0.09015879,-0.15467405,-0.12151222,-0.121854745,-0.13997786,-0.21433522,-0.13908121,-0.16057305,-0.1548675,-0.07092635,-0.15438706,-0.15761986,-0.18733518,-0.15471962,-0.13008775,-0.12334781,-0.14100276,-0.15489453,-0.114095174,-0.25318068,-0.26654312,-0.12940341,-0.10945694,-0.15488666,-0.09238048,-0.20963459,-0.15492949,-0.15819263,-0.12965056,-0.15486851,-0.16015086,-0.1553517,-0.15493327,-0.19704957,-0.20616047,-0.1291463,-0.10460003,-0.11361031,-0.10256614,-0.1549268,-0.19495486,-0.15490657,-0.129582,-0.1547936,-0.041086134,-0.12967405,-0.15493226,-0.2300741,-0.15491468,-0.10384405,-0.15369707,-0.0784167,-0.15481071,-0.12766197,-0.15482756,-0.121451,-0.075820275,-0.09192432,-0.101488546,-0.15470366,-0.15817967,-0.12378413,-0.15479216,-0.1410757,-0.13984437,-0.18093297,-0.15493427,-0.25777104,-0.12844054,-0.15485674,-0.13462572,-0.119081676,-0.1549089,-0.15825766,-0.1582591,-0.15826003,-0.19755594,-0.25103784,-0.20219928,-0.19465852,-0.24831252,-0.20506537,-0.22091979,-0.15492195,-0.12983346,-0.11956477,-0.15491726,-0.15825465,-0.20931396,-0.18224281,-0.15491037,-0.32474133,-0.15493265,-0.15826227,-0.15826134,-0.15826103,-0.2185038,-0.15490946,-0.114121355,-0.15491241,-0.15824997,-0.15825482,-0.22984435,-0.15492725,-0.15824029,-0.08963354,-0.1548418,-0.15822023,-0.15823624,-0.15823649,-0.13302092,-0.1051107,-0.14014931,-0.15141064,-0.15839578,-0.15615125,-0.14613561,-0.15492408,-0.12319561,-0.13015825,-0.15489517,-0.15826212,-0.15826175,-0.15826175,-0.15826216,-0.38518023,-0.11451449,-0.15490055,-0.15564899,-0.14443555,-0.16636807,-0.15492888,-0.15820023,-0.12993515,-0.047159404,-0.15009433,-0.14016809,-0.14106366,-0.15480883,-0.19987361,-0.1649412,-0.17166539,-0.15491009,-0.15822597,-0.12722544,-0.14610182,-0.2588673,-0.12997471,-0.15482503,-0.09132757,-0.12832497,-0.13684332,-0.16221203,-0.15659244,-0.12946887,-0.15471709,-0.15818267,-0.15822363,-0.15825206,-0.15740095,-0.19795567,-0.15106063,-0.07294749,-0.2039893,-0.1549015,-0.15822183,-0.104459345,-0.15457755,-0.17466888,-0.13176009,-0.15490651,-0.15109587,-0.10913184,-0.15476774,-0.05825615,-0.14326635,-0.17082691,-0.15485665,-0.18883844,-0.15493365,-0.31316653,-0.15492597,-0.16808087,-0.14331596,-0.15492716,-0.15825933,-0.25088155,-0.15493396,-0.22115314,-0.07562123,-0.086852394,-0.10702289,-0.060967896,-0.14948943,-0.16796505,-0.15746465,-0.22133875,-0.12812386,-0.0969081,-0.16398169,-0.12716047,-0.11335766,-0.18846886,-0.1301511,-0.17755464,-0.0994983,-0.115196005,-0.15485711,-0.11662802,-0.19749595,-0.14526704,-0.12781724,-0.096878245,-0.15485537,-0.1580947,-0.12434345,-0.11230643,-0.063823454,-0.15479651,-0.11419349,-0.10007019,-0.24483351,-0.15493436,-0.15825275,-0.16344379,-0.1759062,-0.12524253,-0.15492195,-0.0782174,-0.19187105,-0.18185812,4.3632097,7.4572845,-0.15464538,-0.157988,-0.083404,-0.1213824,-0.13072303,-0.13855581,-0.19385117,-0.15490377,-0.15825662,-0.19487974,-0.23847799,-0.2432746,-0.1298629,-0.15476105,-0.15823285,-0.14520228,-0.2961179,-0.15493375,-0.19813283,-0.13006537,-0.15488042,-0.060104962,-0.15931924,-0.15493235,-0.2028091,-0.2868003,-0.11816878,-0.14795661,-0.10060286,-0.15480281,-0.13614628,-0.20725825,-0.17393659,-0.125103,-0.15657571,-0.15690626,-0.15493113,-0.15825865,-0.16221246,-0.22200036,-0.13021365,-0.2814266,-0.15493473,-0.1915083,-0.24371436,-0.16952515,-0.15486282,-0.13369927,-0.12557748,-0.15492857,-0.18106565,-0.1549345,-0.18642783,-0.15488875,-0.30462334,-0.1548429,-0.14691104,-0.13029914,-0.15492366,-0.15824817,-0.18915205,-0.13014379,-0.15492776,-0.10481856,-0.1650517,-0.15492618,-0.15826038,-0.15823694,-0.12978126,-0.15484497,-0.15823238,-0.15822431,-0.1582343,-0.15824053,-0.16505513,-0.17392421,-0.15492234,-0.15825425,-0.15824589,-0.15825468,-0.2025511,-0.15354379,-0.14723541,-0.15411049,-0.11499533,-0.10471026,-0.11893196,-0.15492526,-0.15819654,-0.13010712,-0.19501048,-0.15493192,-0.18738703,-0.11705899,-0.17429145,-0.1549239,-0.06652963,-0.15471306,-0.10737923,-0.124497145,-0.15298569,-0.052188452,-0.26007295
k__Bacteria|p__Firmicutes|c__Clostridia|o__Eubacteriales|f__Lachnospiraceae|g__Anaerosporobacter|s__Anaerosporobacter_mobilis,-0.1004395,-0.12316422,-0.15524822,-0.15859705,-0.15859738,-0.23867357,-0.1666669,-0.16813041,-0.10929718,-0.22895765,-0.23728925,-0.15525368,-0.22850217,-0.3768707,-0.08556121,-0.15479845,-0.058144663,-0.15464872,-0.1585267,-0.19931981,-0.1978925,-0.1301711,-0.15521371,-0.12711628,-0.20043859,-0.11658599,-0.182019,-0.25032333,-0.1509206,-0.15521929,-0.15142563,-0.10844302,-0.18249588,-0.28454733,-0.15523882,-0.13037747,-0.15525094,-0.22338755,-0.15525408,-0.29867563,-0.15525416,-0.29356226,-0.12962013,-0.15508668,-0.13691942,-0.15524784,-0.23188588,-0.24781659,-0.1296162,-0.13038407,-0.24679694,-0.18279888,-0.25087595,-0.26027086,-0.28621647,-0.27511892,-0.11894142,-0.15515593,-0.040142577,-0.056944285,-0.15443364,-0.11274739,-0.13743341,-0.13025838,-0.1552295,-0.15859205,-0.15859711,-0.15859786,-0.27573854,-0.1552096,-0.13025911,-0.16243835,-0.12334165,-0.14074792,-0.15521547,-0.15887658,-0.14481027,-0.13036035,-0.18691605,-0.14998752,-0.15524048,-0.15857312,-0.15858582,-0.15851228,-0.120334074,-0.13700745,-0.08858878,-0.15523374,-0.19008024,-0.15524638,-0.2004665,-0.11139822,-0.1388583,-0.13027036,-0.1074974,-0.15152657,-0.15513769,-0.1582597,-0.10065024,-0.08152827,-0.09427856,-0.15519343,-0.11960925,-0.15027548,-0.16982608,-0.1185138,-0.15521224,-0.15859026,-0.17738779,-0.15176103,-0.1552496,-0.25953975,-0.17989698,-0.13525523,-0.15524645,-0.15095688,-0.17780018,-0.2009549,-0.15522355,-0.09015879,-0.15491606,-0.12151222,-0.121854745,-0.13997786,-0.21433522,-0.13908121,-0.16057305,-0.15516609,-0.07092635,-0.1545418,-0.1577222,-0.18733518,-0.154959,-0.13024674,-0.12334781,-0.14100276,-0.15520082,-0.114095174,-0.25318068,-0.26654312,-0.12944232,-0.10945694,-0.15519086,-0.09238048,-0.20963459,-0.1552467,-0.15850213,-0.12972586,-0.15516642,-0.16015086,-0.1553517,-0.15525159,-0.19704957,-0.20616047,-0.12909621,-0.10460003,-0.11361031,-0.10256614,-0.15524326,-0.19495486,-0.15521668,-0.12964499,-0.15507141,-0.041086134,-0.12967405,-0.15525016,-0.2300741,-0.15522654,-0.10384405,-0.15366726,-0.0784167,-0.15509123,-0.12766197,-0.15511349,-0.121451,-0.075820275,-0.09192432,-0.101488546,-0.15495268,-0.15849143,-0.12378413,-0.15507653,-0.1410757,-0.13984437,-0.18093297,-0.15525295,-0.25777104,-0.12844054,-0.15515184,-0.13462572,-0.119081676,-0.15522015,-0.15859255,-0.15859443,-0.15859568,-0.19755594,-0.25103784,-0.20219928,-0.19465852,-0.24831252,-0.20506537,-0.22091979,-0.15523621,-0.1299472,-0.11956477,-0.15523079,-0.15858853,-0.20931396,-0.18224281,-0.15522107,-0.32474133,-0.15525085,-0.15859863,-0.15859741,-0.15859699,-0.2185038,-0.15522003,-0.114121355,-0.1552234,-0.15858164,-0.15858874,-0.22984435,-0.15524387,-0.15856898,-0.08963354,-0.155131,-0.1585442,-0.15856373,-0.15856534,-0.13302092,-0.1051107,-0.14014931,-0.15141064,-0.15839578,-0.15615125,-0.14613561,-0.15523982,-0.12319561,-0.13032973,-0.15519994,-0.15859842,-0.15859792,-0.15859792,-0.15859845,-0.38518023,-0.11451449,-0.15520829,-0.15564899,-0.14443555,-0.16636807,-0.15524566,-0.15851274,-0.12993515,-0.047159404,-0.14867708,-0.14016809,-0.14106366,-0.15508622,-0.19987361,-0.1649412,-0.17166539,-0.15522125,-0.15855196,-0.12722544,-0.14610182,-0.2588673,-0.13012119,-0.15511133,-0.09132757,-0.12832497,-0.13684332,-0.16221203,-0.15659244,-0.12951274,-0.15496725,-0.15849443,-0.1585482,-0.15858527,-0.15740095,-0.19795567,-0.15106063,-0.07294749,-0.2039893,-0.15520905,-0.15854667,-0.104459345,-0.15484548,-0.17466888,-0.13176009,-0.15521716,-0.15109587,-0.10913184,-0.15503676,-0.05825615,-0.14326635,-0.17082691,-0.15514962,-0.18883844,-0.15525208,-0.31316653,-0.15524131,-0.16808087,-0.14331596,-0.1552436,-0.15859464,-0.25088155,-0.15525249,-0.22115314,-0.07562123,-0.086852394,-0.10702289,-0.060967896,-0.14786974,-0.16796505,-0.15746465,-0.22133875,-0.12812386,-0.0969081,-0.16398169,-0.12716047,-0.11335766,-0.18846886,-0.13032302,-0.17755464,-0.0994983,-0.115196005,-0.15515102,-0.11662802,-0.19749595,-0.14526704,-0.12781724,-0.096878245,-0.15515119,-0.15838018,-0.12434345,-0.11230643,-0.063823454,-0.15507393,-0.11419349,-0.10007019,-0.24483351,-0.15525308,-0.15858549,-0.16344379,-0.1759062,-0.12524253,-0.15523684,-0.0782174,-0.19187105,-0.18185812,-0.09859173,-0.11065883,-0.15487747,-0.15824059,-0.083404,-0.1213824,-0.13072303,-0.13855581,-0.19385117,-0.1552119,-0.15859118,-0.19487974,-0.23847799,-0.2432746,-0.12996262,-0.15502617,-0.15855943,-0.14520228,-0.2961179,-0.15525225,-0.19813283,-0.13022074,-0.1551815,-0.060104962,-0.15931924,-0.15525028,-0.2028091,-0.2868003,-0.11816878,-0.14795661,-0.10060286,-0.15507802,-0.13614628,-0.20725825,-0.17393659,-0.125103,-0.15657571,-0.15690626,-0.15524873,-0.15859386,-0.16221246,-0.22200036,-0.13040073,-0.2814266,-0.15525353,-0.1915083,-0.24371436,-0.16952515,-0.15515774,-0.13369927,-0.12557748,-0.15524527,-0.18106565,-0.15525326,-0.18642783,-0.1551908,-0.30462334,-0.15512958,-0.14691104,-0.13029914,-0.1552389,-0.15858017,-0.18915205,-0.13031429,-0.15524444,-0.10481856,-0.1650517,-0.155242,-0.1585961,-0.15856409,-0.12988406,-0.1551367,-0.15855843,-0.15854828,-0.15856111,-0.15857026,-0.16505513,-0.17392421,-0.15523697,-0.15858811,-0.15857688,-0.15858868,-0.2025511,-0.15354379,-0.14723541,-0.15413001,-0.11499533,-0.10471026,-0.11893196,-0.15524101,-0.15851036,-0.13027057,-0.19501048,-0.15524971,-0.18738703,-0.11705899,-0.17429145,-0.15523921,-0.06652963,-0.15496899,-0.10737923,-0.124497145,-0.15298569,-0.052188452,-0.26007295
k__Bacteria|p__Firmicutes|c__Bacilli|o__Lactobacillales|f__Enterococcaceae|g__Enterococcus|s__Enterococcus_cecorum,-0.1004395,-0.12316422,-0.15471983,-0.1579887,-0.157989,-0.23867357,-0.1666669,-0.16813041,-0.10929718,-0.22895765,-0.23728925,-0.1547252,-0.22850217,-0.3768707,-0.08556121,-0.15427296,-0.058144663,-0.15412086,-0.15791905,-0.19931981,-0.1978925,-0.130232,-0.1546855,-0.12711628,-0.20043859,-0.11658599,-0.182019,-0.25032333,-0.1509206,-0.15469125,-0.15142563,-0.10844302,-0.18249588,-0.28454733,-0.15471052,-0.13044238,-0.15472251,-0.22338755,-0.15472561,-0.29867563,-0.1547257,-0.29356226,-0.12967515,-0.15456058,-0.13691942,-0.15471941,-0.23188588,-0.24781659,-0.1296162,-0.1304492,-0.24679694,-0.18279888,-0.25087595,-0.26027086,-0.28621647,-0.27511892,-0.11894142,-0.15462798,-0.040142577,-0.056944285,-0.15391445,-0.11274739,-0.13743341,-0.13032034,-0.15470135,-0.15798372,-0.15798876,-0.15798947,-0.27573854,-0.1546817,-0.13032304,-0.16243835,-0.12334165,-0.14074792,-0.15468723,-0.15887658,-0.14481027,-0.13042511,-0.18691605,-0.14998752,-0.1547121,-0.15796492,-0.15797761,-0.1579057,-0.120334074,-0.13700745,-0.08858878,-0.1547054,-0.19008024,-0.15471795,-0.2004665,-0.11139822,-0.1388583,-0.13027036,-0.1074974,-0.15152657,-0.15460965,-0.15765496,-0.10065024,-0.08152827,-0.09427856,-0.1546652,-0.11960925,-0.15027548,-0.16982608,-0.1185138,-0.15468428,-0.15798192,-0.17738779,-0.15176103,-0.15472119,-0.25953975,-0.17989698,-0.13525523,-0.15471803,-0.15095688,-0.17780018,-0.2009549,-0.15469575,-0.09015879,-0.15438823,-0.12151222,-0.121854745,-0.13997786,-0.21433522,-0.13908121,-0.16057305,-0.15463789,-0.07092635,-0.15401894,-0.15712896,-0.18733518,-0.15443736,-0.13030785,-0.12334781,-0.14100276,-0.15467264,-0.114095174,-0.25318068,-0.26654312,-0.12947057,-0.10945694,-0.15466264,-0.09238048,-0.20963459,-0.15471828,-0.15789731,-0.12976955,-0.15463893,-0.16015086,-0.1553517,-0.15472317,-0.19704957,-0.20616047,-0.12914775,-0.10460003,-0.11361031,-0.10256614,-0.15471482,-0.19495486,-0.15468839,-0.12968564,-0.1545437,-0.041086134,-0.12967405,-0.1547218,-0.2300741,-0.15469842,-0.10384405,-0.15314355,-0.0784167,-0.15456402,-0.12766197,-0.15458563,-0.121451,-0.075820275,-0.09192432,-0.101488546,-0.15442492,-0.15788332,-0.12378413,-0.15455371,-0.1410757,-0.13984437,-0.18093297,-0.15472451,-0.25777104,-0.12844054,-0.15462518,-0.13462572,-0.119081676,-0.15469174,-0.15798426,-0.15798607,-0.15798733,-0.19755594,-0.25103784,-0.20219928,-0.19465852,-0.24831252,-0.20506537,-0.22091979,-0.15470803,-0.12999512,-0.11956477,-0.15470243,-0.15798023,-0.20931396,-0.18224281,-0.15469319,-0.32474133,-0.1547224,-0.15799025,-0.15798904,-0.15798862,-0.2185038,-0.15469235,-0.114121355,-0.15469539,-0.15797362,-0.15798047,-0.22984435,-0.15471543,-0.15796146,-0.08963354,-0.1546036,-0.15793592,-0.15795577,-0.15795696,-0.13302092,-0.1051107,-0.14014931,-0.15141064,-0.15839578,-0.15615125,-0.14613561,-0.1547114,-0.12319561,-0.13039467,-0.15467227,-0.15799004,-0.15798953,-0.15798953,-0.1579901,-0.38518023,-0.11451449,-0.15468018,-0.15564899,-0.14443555,-0.16636807,-0.15471733,-0.15790622,-0.12993515,-0.047159404,-0.1482591,-0.14016809,-0.14106366,-0.15455922,-0.19987361,-0.1649412,-0.17166539,-0.15469295,-0.15794349,-0.12722544,-0.14610182,-0.2588673,-0.13017604,-0.15458329,-0.09132757,-0.12832497,-0.13684332,-0.16221203,-0.15659244,-0.12952828,-0.15444136,-0.15788652,-0.15794003,-0.15797696,-0.15740095,-0.19795567,-0.15106063,-0.07294749,-0.2039893,-0.15468112,-0.15793824,-0.104459345,-0.15431793,-0.17466888,-0.13176009,-0.15468869,-0.15109587,-0.10913184,-0.15450945,-0.05825615,-0.14326635,-0.17082691,-0.15462214,-0.18883844,-0.15472364,-0.31316653,-0.15471311,-0.16808087,-0.14331596,-0.15471521,-0.15798631,-0.25088155,-0.15472406,-0.22115314,-0.07562123,-0.086852394,-0.10702289,-0.060967896,-0.14745018,-0.16796505,-0.15746465,-0.22133875,-0.12812386,-0.0969081,-0.16398169,-0.12716047,-0.11335766,-0.18846886,-0.13038695,-0.17755464,-0.0994983,-0.115196005,-0.15462333,-0.11662802,-0.19749595,-0.14526704,-0.12781724,-0.096878245,-0.15462276,-0.15777251,-0.12434345,-0.11230643,-0.063823454,-0.15454632,-0.11419349,-0.10007019,-0.24483351,-0.15472461,-0.15797743,-0.16344379,-0.1759062,-0.12524253,-0.15470845,-0.0782174,-0.19187105,-0.18185812,-0.09859173,-0.11065883,-0.15435022,-0.15763402,-0.083404,-0.1213824,-0.13072303,-0.13855581,-0.19385117,-0.15468395,-0.15798286,-0.19487974,-0.23847799,-0.2432746,-0.13002145,-0.15449886,-0.15795146,-0.14520228,-0.2961179,-0.15472382,-0.19813283,-0.13028124,-0.1546537,-0.060104962,-0.15931924,-0.15472189,-0.2028091,-0.2868003,-0.11816878,-0.14795661,-0.10060286,-0.1545513,-0.13614628,-0.20725825,-0.17393659,-0.125103,-0.15657571,-0.15690626,-0.15472034,-0.15798551,-0.16221246,-0.22200036,-0.13046587,-0.2814266,-0.15472507,-0.1915083,-0.24371436,-0.16952515,-0.1546316,-0.13369927,-0.12557748,-0.15471691,-0.18106565,-0.1547248,-0.18642783,-0.15466377,-0.30462334,-0.15460277,-0.14691104,-0.13029914,-0.15471053,-0.15797187,-0.18915205,-0.1303783,-0.15471604,-0.10481856,-0.1650517,-0.15471369,-0.15798776,-0.15795636,-0.1299259,-0.15460864,-0.15795057,-0.15794036,-0.15795323,-0.15796205,-0.16505513,-0.17392421,-0.15470871,-0.15797979,-0.15796869,-0.15798035,-0.2025511,-0.15354379,-0.14723541,-0.15361974,-0.11499533,-0.10471026,-0.11893196,-0.15471268,-0.1579039,-0.13033363,-0.19501048,-0.15472132,-0.18738703,-0.11705899,-0.17429145,-0.15471104,-0.06652963,-0.15444177,-0.10737923,-0.124497145,-0.15298569,-0.052188452,-0.26007295
k__Bacteria|p__Firmicutes|c__Clostridia|o__Eubacteriales|f__Oscillospiraceae|g__Fournierella|s__Fournierella_massiliensis,-0.1004395,-0.12316422,-0.15501784,-0.15835859,-0.15835886,-0.23867357,-0.1666669,-0.16813041,-0.10929718,-0.22895765,-0.23728925,-0.15502253,-0.22850217,-0.3768707,-0.08556121,-0.15463418,-0.058144663,-0.15450405,-0.1582979,-0.19931981,-0.1978925,-0.13003002,-0.15498808,-0.12711628,-0.20043859,-0.11658599,-0.182019,-0.25032333,-0.1509206,-0.15499273,-0.15142563,-0.10844302,-0.18249588,-0.28454733,-0.15500954,-0.13020681,-0.1550202,-0.22338755,-0.1550229,-0.29867563,-0.15502295,-0.29356226,-0.12956133,-0.15487777,-0.13691942,-0.15501754,-0.23188588,-0.24781659,-0.1296162,-0.13021243,-0.24679694,-0.18279888,-0.25087595,-0.26027086,-0.28621647,-0.27511892,-0.11894142,-0.15493833,-0.040142577,-0.056944285,-0.15431263,-0.11274739,-0.13743341,-0.13010444,-0.1550016,-0.15835428,-0.15835863,-0.15835927,-0.27573854,-0.15498419,-0.13010512,-0.16243835,-0.12334165,-0.14074792,-0.15498957,-0.15887658,-0.14481027,-0.13019231,-0.18691605,-0.14998752,-0.15501118,-0.15833792,-0.15834886,-0.1582846,-0.120334074,-0.13700745,-0.08858878,-0.15500537,-0.19008024,-0.15501626,-0.2004665,-0.11139822,-0.1388583,-0.13027036,-0.1074974,-0.15152657,-0.15492254,-0.15806563,-0.10065024,-0.08152827,-0.09427856,-0.15497066,-0.11960925,-0.15027548,-0.16982608,-0.1185138,-0.15498668,-0.1583527,-0.17738779,-0.15176103,-0.15501903,-0.25953975,-0.17989698,-0.13525523,-0.15501632,-0.15095688,-0.17780018,-0.2009549,-0.15499608,-0.09015879,-0.15473217,-0.12151222,-0.121854745,-0.13997786,-0.21433522,-0.13908121,-0.16057305,-0.15494713,-0.07092635,-0.15441036,-0.15759873,-0.18733518,-0.15476584,-0.13009565,-0.12334781,-0.14100276,-0.15497698,-0.114095174,-0.25318068,-0.26654312,-0.12940887,-0.10945694,-0.15496844,-0.09238048,-0.20963459,-0.15501653,-0.15827516,-0.12965164,-0.15494731,-0.16015086,-0.1553517,-0.15502076,-0.19704957,-0.20616047,-0.12912114,-0.10460003,-0.11361031,-0.10256614,-0.15501359,-0.19495486,-0.15499023,-0.12957634,-0.15486586,-0.041086134,-0.12967405,-0.1550195,-0.2300741,-0.15499872,-0.10384405,-0.1536617,-0.0784167,-0.15488258,-0.12766197,-0.15490168,-0.121451,-0.075820275,-0.09192432,-0.101488546,-0.15476333,-0.15826768,-0.12378413,-0.15487087,-0.1410757,-0.13984437,-0.18093297,-0.15502194,-0.25777104,-0.12844054,-0.15493387,-0.13462572,-0.119081676,-0.15499374,-0.15835473,-0.15835632,-0.1583574,-0.19755594,-0.25103784,-0.20219928,-0.19465852,-0.24831252,-0.20506537,-0.22091979,-0.15500732,-0.12983719,-0.11956477,-0.15500283,-0.1583512,-0.20931396,-0.18224281,-0.15499417,-0.32474133,-0.15502012,-0.15835994,-0.1583589,-0.15835854,-0.2185038,-0.15499339,-0.114121355,-0.1549963,-0.15834516,-0.1583514,-0.22984435,-0.15501411,-0.15833426,-0.08963354,-0.1549167,-0.15831316,-0.15832976,-0.15833132,-0.13302092,-0.1051107,-0.14014931,-0.15141064,-0.15839578,-0.15615125,-0.14613561,-0.15501067,-0.12319561,-0.13016553,-0.15497592,-0.15835977,-0.15835932,-0.15835933,-0.15835983,-0.38518023,-0.11451449,-0.15498333,-0.15564899,-0.14443555,-0.16636807,-0.15501562,-0.15828483,-0.12993515,-0.047159404,-0.14931563,-0.14016809,-0.14106366,-0.15487778,-0.19987361,-0.1649412,-0.17166539,-0.1549946,-0.15831985,-0.12722544,-0.14610182,-0.2588673,-0.12998825,-0.15490001,-0.09132757,-0.12832497,-0.13684332,-0.16221203,-0.15659244,-0.12946747,-0.15477553,-0.15827012,-0.15831652,-0.15834843,-0.15740095,-0.19795567,-0.15106063,-0.07294749,-0.2039893,-0.15498394,-0.1583153,-0.104459345,-0.15466331,-0.17466888,-0.13176009,-0.15499118,-0.15109587,-0.10913184,-0.1548357,-0.05825615,-0.14326635,-0.17082691,-0.1549326,-0.18883844,-0.15502116,-0.31316653,-0.15501176,-0.16808087,-0.14331596,-0.15501386,-0.15835649,-0.25088155,-0.15502152,-0.22115314,-0.07562123,-0.086852394,-0.10702289,-0.060967896,-0.14861658,-0.16796505,-0.15746465,-0.22133875,-0.12812386,-0.0969081,-0.16398169,-0.12716047,-0.11335766,-0.18846886,-0.13015983,-0.17755464,-0.0994983,-0.115196005,-0.15493388,-0.11662802,-0.19749595,-0.14526704,-0.12781724,-0.096878245,-0.15493444,-0.15817167,-0.12434345,-0.11230643,-0.063823454,-0.15486789,-0.11419349,-0.10007019,-0.24483351,-0.15502203,-0.15834841,-0.16344379,-0.1759062,-0.12524253,-0.15500805,-0.0782174,-0.19187105,-0.18185812,-0.09859173,-0.11065883,-0.15469855,-0.1580514,-0.083404,-0.1213824,-0.13072303,-0.13855581,-0.19385117,-0.1549863,-0.15835351,-0.19487974,-0.23847799,-0.2432746,-0.12984887,-0.1548264,-0.15832606,-0.14520228,-0.2961179,-0.15502134,-0.19813283,-0.13007255,-0.15496013,-0.060104962,-0.15931924,-0.15501961,-0.2028091,-0.2868003,-0.11816878,-0.14795661,-0.10060286,-0.1548706,-0.13614628,-0.20725825,-0.17393659,-0.125103,-0.15657571,-0.15690626,-0.15501827,-0.15835583,-0.16221246,-0.22200036,-0.13022673,-0.2814266,-0.15502241,-0.1915083,-0.24371436,-0.16952515,-0.15493856,-0.13369927,-0.12557748,-0.15501526,-0.18106565,-0.15502219,-0.18642783,-0.15496756,-0.30462334,-0.15491498,-0.14691104,-0.13029914,-0.15500978,-0.15834403,-0.18915205,-0.1301526,-0.15501459,-0.10481856,-0.1650517,-0.15501241,-0.15835777,-0.15832953,-0.12977937,-0.1549218,-0.15832512,-0.15831648,-0.15832746,-0.15833549,-0.16505513,-0.17392421,-0.15500809,-0.15835088,-0.15834114,-0.15835139,-0.2025511,-0.15354379,-0.14723541,-0.15404671,-0.11499533,-0.10471026,-0.11893196,-0.15501162,-0.1582828,-0.13011561,-0.19501048,-0.1550191,-0.18738703,-0.11705899,-0.17429145,-0.1550098,-0.06652963,-0.15477821,-0.10737923,-0.124497145,-0.15298569,-0.052188452,-0.26007295
k__Bacteria|p__Firmicutes|c__Clostridia|o__Eubacteriales|f__Clostridiaceae|g__GGB27106|s__GGB27106_SGB6188,-0.1004395,-0.12316422,-0.15502673,-0.15841225,-0.15841281,-0.23867357,-0.1666669,-0.16813041,-0.10929718,-0.22895765,-0.23728925,-0.15503624,-0.22850217,-0.3768707,-0.08556121,-0.15425074,-0.058144663,-0.15396404,-0.15828949,-0.19931981,-0.1978925,-0.12951034,-0.15496565,-0.12711628,-0.20043859,-0.11658599,-0.182019,-0.25032333,-0.1509206,-0.15497586,-0.15142563,-0.10844302,-0.18249588,-0.28454733,-0.1550096,-0.12988392,-0.15503143,-0.22338755,-0.15503697,-0.29867563,-0.1550371,-0.29356226,-0.12850586,-0.15474531,-0.13691942,-0.15502593,-0.23188588,-0.24781659,-0.1296162,-0.12989621,-0.24679694,-0.18279888,-0.25087595,-0.26027086,-0.28621647,-0.27511892,-0.11894142,-0.1548645,-0.040142577,-0.056944285,-0.15360586,-0.11274739,-0.13743341,-0.12967059,-0.15499425,-0.15840343,-0.1584124,-0.15841365,-0.27573854,-0.15496007,-0.1296716,-0.16243835,-0.12334165,-0.14074792,-0.15496883,-0.15887658,-0.14481027,-0.12985252,-0.18691605,-0.14998752,-0.15501305,-0.15837021,-0.15839279,-0.15826353,-0.120334074,-0.13700745,-0.08858878,-0.15500113,-0.19008024,-0.15502337,-0.2004665,-0.11139822,-0.1388583,-0.13027036,-0.1074974,-0.15152657,-0.15483138,-0.1578295,-0.10065024,-0.08152827,-0.09427856,-0.1549297,-0.11960925,-0.15027548,-0.16982608,-0.1185138,-0.15496394,-0.15840021,-0.17738779,-0.15176103,-0.15502912,-0.25953975,-0.17989698,-0.13525523,-0.15502346,-0.15095688,-0.17780018,-0.2009549,-0.15498385,-0.09015879,-0.15443861,-0.12151222,-0.121854745,-0.13997786,-0.21433522,-0.13908121,-0.16057305,-0.15488137,-0.07092635,-0.15379182,-0.15690309,-0.18733518,-0.1545319,-0.12965178,-0.12334781,-0.14100276,-0.15494317,-0.114095174,-0.25318068,-0.26654312,-0.12821542,-0.10945694,-0.15492517,-0.09238048,-0.20963459,-0.15502393,-0.15824796,-0.12871355,-0.15488452,-0.16015086,-0.1553517,-0.1550326,-0.19704957,-0.20616047,-0.1276468,-0.10460003,-0.11361031,-0.10256614,-0.15501773,-0.19495486,-0.15496945,-0.12858227,-0.15471444,-0.041086134,-0.12967405,-0.15503024,-0.2300741,-0.15498707,-0.10384405,-0.15228027,-0.0784167,-0.15475316,-0.12766197,-0.15478942,-0.121451,-0.075820275,-0.09192432,-0.101488546,-0.1545062,-0.15822554,-0.12378413,-0.15473515,-0.1410757,-0.13984437,-0.18093297,-0.15503499,-0.25777104,-0.12844054,-0.15485692,0.85061306,-0.119081676,-0.15497679,-0.15840444,-0.15840766,-0.15840986,-0.19755594,-0.25103784,-0.20219928,-0.19465852,-0.24831252,-0.20506537,-0.22091979,-0.15500563,-0.1291079,-0.11956477,-0.15499565,-0.15839723,-0.20931396,-0.18224281,-0.15497932,-0.32474133,-0.15503123,-0.15841502,-0.15841289,-0.15841214,-0.2185038,-0.15497866,-0.114121355,-0.15498388,-0.15838586,-0.1583977,-0.22984435,-0.15501882,-0.15836513,-0.08963354,-0.15482214,-0.15831843,-0.15835416,-0.1583558,-0.13302092,-0.1051107,-0.14014931,-0.15141064,-0.15839578,-0.15615125,-0.14613561,-0.1550116,-0.12319561,-0.12979901,-0.15494303,-0.15841466,-0.15841377,-0.15841377,-0.15841475,-0.38518023,-0.11451449,-0.15495649,-0.15564899,-0.14443555,-0.16636807,-0.15502232,-0.15826586,-0.12993515,-0.047159404,-0.14367902,-0.14016809,-0.14106366,-0.15474272,-0.19987361,-0.1649412,-0.17166539,-0.15497895,-0.15833163,-0.12722544,-0.14610182,-0.2588673,-0.12942208,-0.15478522,-0.09132757,-0.12832497,-0.13684332,-0.16221203,-0.15659244,-0.12834048,-0.15453841,-0.15823148,-0.1583259,-0.15839145,-0.15740095,-0.19795567,-0.15106063,-0.07294749,-0.2039893,-0.1549584,-0.15832272,-0.104459345,-0.1543465,-0.17466888,-0.13176009,-0.15497114,-0.15109587,-0.10913184,-0.154658,-0.05825615,-0.14326635,-0.17082691,-0.15485409,-0.18883844,-0.1550335,-0.31316653,-0.15501505,-0.16808087,-0.14331596,-0.1550185,-0.15840812,-0.25088155,-0.15503424,-0.22115314,-0.07562123,-0.086852394,-0.10702289,-0.060967896,-0.14223985,-0.16796505,-0.15746465,-0.22133875,-0.12812386,-0.0969081,-0.16398169,-0.12716047,-0.11335766,-0.18846886,-0.12978493,-0.17755464,-0.0994983,-0.115196005,-0.15485607,-0.11662802,-0.19749595,-0.14526704,-0.12781724,-0.096878245,-0.15485442,-0.15802994,-0.12434345,-0.11230643,-0.063823454,-0.15472117,-0.11419349,-0.10007019,-0.24483351,-0.1550352,-0.15839162,-0.16344379,-0.1759062,-0.12524253,-0.15500645,-0.0782174,-0.19187105,-0.18185812,-0.09859173,-0.11065883,-0.15437177,-0.15778446,-0.083404,-0.1213824,-0.13072303,-0.13855581,-0.19385117,-0.15496346,-0.15840188,-0.19487974,-0.23847799,-0.2432746,-0.12914732,-0.15463614,-0.15834644,-0.14520228,-0.2961179,-0.15503377,-0.19813283,-0.12960199,-0.15491016,-0.060104962,-0.15931924,-0.15503034,-0.2028091,-0.2868003,-0.11816878,-0.14795661,-0.10060286,-0.15472916,-0.13614628,-0.20725825,-0.17393659,-0.125103,-0.15657571,-0.15690626,-0.15502763,-0.15840659,-0.16221246,-0.22200036,-0.12992589,-0.2814266,-0.15503603,-0.1915083,-0.24371436,-0.16952515,-0.15486804,-0.13369927,-0.12557748,-0.15502158,-0.18106565,-0.15503553,-0.18642783,-0.15492696,-0.30462334,-0.15482056,-0.14691104,-0.13029914,-0.15501028,-0.15838242,-0.18915205,-0.1297684,-0.15501991,-0.10481856,-0.1650517,-0.15501595,-0.15841061,-0.15835354,-0.12899968,-0.15482953,-0.15834515,-0.15832707,-0.15834978,-0.15836528,-0.16505513,-0.17392421,-0.15500712,-0.15839647,-0.1583769,-0.15839748,-0.2025511,-0.15354379,-0.14723541,-0.15309352,-0.11499533,-0.10471026,-0.11893196,-0.15501404,-0.15825993,-0.12969053,-0.19501048,-0.15502942,-0.18738703,-0.11705899,-0.17429145,-0.15500969,-0.06652963,-0.15453571,-0.10737923,-0.124497145,-0.15298569,-0.052188452,-0.26007295
k__Bacteria|p__Firmicutes|c__Bacilli|o__Lactobacillales|f__Lactobacillaceae|g__Limosilactobacillus|s__Limosilactobacillus_mucosae,-0.1004395,-0.12316422,-0.15549693,-0.15872791,-0.15872827,-0.23867357,-0.1666669,-0.16813041,-0.10929718,-0.22895765,-0.23728925,-0.15550265,-0.22850217,-0.3768707,-0.08556121,-0.15501486,-0.058144663,-0.15483811,-0.15865332,-0.19931981,-0.1978925,-0.13126716,-0.15545961,-0.12711628,-0.20043859,-0.11658599,-0.182019,-0.25032333,-0.1509206,-0.1554665,-0.15142563,-0.10844302,-0.18249588,-0.28454733,-0.15548724,-0.13149929,-0.15549973,-0.22338755,-0.1555031,-0.29867563,-0.15550318,-0.29356226,-0.13064018,-0.15532854,-0.13691942,-0.15549633,-0.23188588,-0.24781659,-0.1296162,-0.13150723,-0.24679694,-0.18279888,-0.25087595,-0.26027086,-0.28621647,-0.27511892,-0.11894142,-0.15539747,-0.040142577,-0.056944285,-0.15463905,-0.11274739,-0.13743341,-0.13136747,-0.15547743,-0.15872252,-0.15872805,-0.15872878,-0.27573854,-0.15545745,-0.13136917,-0.16243835,-0.12334165,-0.14074792,-0.15546149,-0.15887658,-0.14481027,-0.13148014,-0.18691605,-0.14998752,-0.15548846,-0.15870231,-0.15871626,-0.15864396,-0.120334074,-0.13700745,-0.08858878,-0.15548116,-0.19008024,-0.15549478,-0.2004665,-0.11139822,-0.1388583,-0.13027036,-0.1074974,-0.15152657,-0.15537713,-0.15838583,-0.10065024,-0.08152827,-0.09427856,-0.15543741,-0.11960925,-0.15027548,-0.16982608,-0.1185138,-0.15545917,-0.15872061,-0.17738779,-0.15176103,-0.15549836,-0.25953975,-0.17989698,-0.13525523,-0.15549484,-0.15095688,-0.17780018,-0.2009549,-0.15547301,-0.09015879,-0.15513459,-0.12151222,-0.121854745,-0.13997786,-0.21433522,-0.13908121,-0.16057305,-0.15540758,-0.07092635,-0.15474154,-0.15782833,-0.18733518,-0.15520716,-0.13135237,-0.12334781,-0.14100276,-0.15544572,-0.114095174,-0.25318068,-0.26654312,-0.13043375,-0.10945694,-0.15543452,-0.09238048,-0.20963459,-0.1554951,-0.15863514,-0.13075978,-0.15541045,-0.16015086,-0.1553517,-0.15550044,-0.19704957,-0.20616047,-0.13006361,-0.10460003,-0.11361031,-0.10256614,-0.15549126,-0.19495486,-0.15546377,-0.1306645,-0.15530498,-0.041086134,-0.12967405,-0.1554991,-0.2300741,-0.1554746,-0.10384405,-0.15380508,-0.0784167,-0.15532963,-0.12766197,-0.15535143,-0.121451,-0.075820275,-0.09192432,-0.101488546,-0.15517735,-0.15861309,-0.12378413,-0.15532738,-0.1410757,-0.13984437,-0.18093297,-0.15550189,-0.25777104,-0.12844054,-0.15539736,-0.13462572,-0.119081676,-0.15546592,-0.15872315,-0.15872514,-0.15872647,-0.19755594,-0.25103784,-0.20219928,-0.19465852,-0.24831252,-0.20506537,-0.22091979,-0.15548475,-0.13101164,-0.11956477,-0.15547778,-0.15871885,-0.20931396,-0.18224281,-0.15546916,-0.32474133,-0.15549956,-0.15872961,-0.1587283,-0.15872785,-0.2185038,-0.15546873,-0.114121355,-0.1554712,-0.15871242,-0.15871914,-0.22984435,-0.1554919,-0.15870017,-0.08963354,-0.15537222,-0.15867,-0.15869287,-0.15869302,-0.13302092,-0.1051107,-0.14014931,-0.15141064,-0.15839578,-0.15615125,-0.14613561,-0.1554874,-0.12319561,-0.13144767,-0.15544678,-0.1587294,-0.15872887,-0.15872885,-0.15872945,-0.38518023,-0.11451449,-0.15545419,-0.15564899,-0.14443555,-0.16636807,-0.15549429,-0.15864319,-0.12993515,-0.047159404,-0.14871573,-0.14016809,-0.14106366,-0.15532446,-0.19987361,-0.1649412,-0.17166539,-0.1554676,-0.15867792,-0.12722544,-0.14610182,-0.2588673,-0.13120748,-0.1553484,-0.09132757,-0.12832497,-0.13684332,-0.16221203,-0.15659244,-0.13050294,-0.15519959,-0.15861724,-0.15867501,-0.1587152,-0.15740095,-0.19795567,-0.15106063,-0.07294749,-0.2039893,-0.15545568,-0.15867238,-0.104459345,-0.15508075,-0.17466888,-0.13176009,-0.15546241,-0.15109587,-0.10913184,-0.15527056,-0.05825615,-0.14326635,-0.17082691,-0.15539217,-0.18883844,-0.15550101,-0.31316653,-0.15549031,-0.16808087,-0.14331596,-0.15549181,-0.1587255,-0.25088155,-0.15550146,-0.22115314,-0.07562123,-0.086852394,-0.10702289,-0.060967896,-0.1478357,-0.16796505,-0.15746465,-0.22133875,-0.12812386,-0.0969081,-0.16398169,-0.12716047,-0.11335766,-0.18846886,-0.13143866,-0.17755464,-0.0994983,-0.115196005,-0.15539303,-0.11662802,-0.19749595,-0.14526704,-0.12781724,-0.096878245,-0.15539028,-0.15849352,-0.12434345,-0.11230643,-0.063823454,-0.15530929,-0.11419349,-0.10007019,-0.24483351,-0.15550199,-0.15871653,-0.16344379,-0.1759062,-0.12524253,-0.15548438,-0.0782174,-0.19187105,-0.18185812,-0.09859173,-0.11065883,-0.15509456,-0.15834364,-0.083404,-0.1213824,-0.13072303,-0.13855581,-0.19385117,-0.15545888,-0.1587216,-0.19487974,-0.23847799,-0.2432746,-0.13103388,-0.15525782,-0.15868813,-0.14520228,-0.2961179,-0.15550113,-0.19813283,-0.13132352,-0.15542626,-0.060104962,-0.15931924,-0.15549913,-0.2028091,-0.2868003,-0.11816878,-0.14795661,-0.10060286,-0.15531689,7.957743,-0.20725825,-0.17393659,-0.125103,-0.15657571,-0.15690626,-0.15549746,-0.15872449,-0.16221246,-0.22200036,-0.13152549,-0.2814266,-0.15550253,-0.1915083,-0.24371436,-0.16952515,-0.15540643,-0.13369927,-0.12557748,-0.1554938,-0.18106565,-0.1555022,-0.18642783,-0.15543959,-0.30462334,-0.15537307,-0.14691104,-0.13029914,-0.15548685,-0.15870963,-0.18915205,-0.13142854,-0.15549271,-0.10481856,-0.1650517,-0.15549049,-0.15872696,-0.15869525,-0.13093503,-0.1553758,-0.15868759,-0.15867612,-0.15869027,-0.15869913,-0.16505513,-0.17392421,-0.15548506,-0.15871824,-0.15870646,-0.15871888,-0.2025511,-0.15354379,-0.14723541,-0.15434265,-0.11499533,-0.10471026,-0.11893196,-0.15548915,-0.15864074,-0.13137832,-0.19501048,-0.1554986,-0.18738703,-0.11705899,-0.17429145,-0.15548812,-0.06652963,-0.15519434,-0.10737923,-0.124497145,-0.15298569,-0.052188452,-0.26007295
k__Bacteria|p__Firmicutes|c__Bacilli|o__Lactobacillales|f__Carnobacteriaceae|g__Granulicatella|s__Granulicatella_adiacens,-0.1004395,-0.12316422,-0.15443324,-0.15776183,-0.15776207,-0.23867357,-0.1666669,-0.16813041,-0.10929718,-0.22895765,-0.23728925,-0.15443745,-0.22850217,-0.3768707,-0.08556121,-0.15407811,-0.058144663,-0.15396813,-0.15770733,-0.19931981,-0.1978925,-0.12954465,-0.15440649,-0.12711628,-0.20043859,-0.11658599,-0.182019,-0.25032333,-0.1509206,-0.15441078,-0.15142563,-0.10844302,-0.18249588,-0.28454733,-0.15442568,-0.12971176,-0.15443534,-0.22338755,-0.15443775,-0.29867563,-0.15443783,-0.29356226,-0.12909374,-0.15430772,-0.13691942,-0.15443295,-0.23188588,-0.24781659,-0.1296162,-0.12971699,-0.24679694,-0.18279888,-0.25087595,-0.26027086,-0.28621647,-0.27511892,-0.11894142,-0.15436167,-0.040142577,-0.056944285,-0.15380229,-0.11274739,-0.13743341,-0.12961422,-0.15441869,-0.15775797,-0.15776187,-0.15776244,-0.27573854,-0.15440239,-0.1296167,-0.16243835,-0.12334165,-0.14074792,-0.15440789,-0.15887658,-0.14481027,-0.12969807,-0.18691605,-0.14998752,-0.15442723,-0.1577433,-0.15775311,-0.1576936,-0.120334074,-0.13700745,-0.08858878,-0.15442204,-0.19008024,-0.1544318,-0.2004665,-0.11139822,-0.1388583,-0.13027036,-0.1074974,-0.15152657,-0.15434754,-0.15747508,-0.10065024,-0.08152827,-0.09427856,-0.15439077,-0.11960925,-0.15027548,-0.16982608,-0.1185138,-0.15440536,-0.15775654,-0.17738779,-0.15176103,-0.1544343,-0.25953975,-0.17989698,-0.13525523,-0.15443186,-0.15095688,-0.17780018,-0.2009549,-0.15441342,-0.09015879,-0.1541757,-0.12151222,-0.121854745,-0.13997786,-0.21433522,-0.13908121,-0.16057305,-0.15436956,-0.07092635,-0.15388313,-0.15708299,-0.18733518,-0.15420708,-0.12960169,-0.12334781,-0.14100276,-0.15439653,-0.114095174,-0.25318068,-0.26654312,-0.12892729,-0.10945694,-0.15438882,-0.09238048,-0.20963459,-0.15443206,-0.15768749,-0.12916583,-0.15436968,-0.16015086,-0.1553517,-0.15443584,-0.19704957,-0.20616047,-0.12867637,-0.10460003,-0.11361031,-0.10256614,-0.1544294,-0.19495486,-0.15440813,-0.12909383,-0.15429589,-0.041086134,-0.12967405,-0.15443474,-0.2300741,-0.15441608,-0.10384405,-0.1531923,-0.0784167,-0.15431127,-0.12766197,-0.15432864,-0.121451,-0.075820275,-0.09192432,-0.101488546,-0.1542032,-0.15767993,-0.12378413,-0.15429339,-0.1410757,-0.13984437,-0.18093297,-0.15443689,-0.25777104,-0.12844054,-0.154357,-0.13462572,-0.119081676,-0.15441151,-0.15775836,-0.15775979,-0.15776075,-0.19755594,-0.25103784,-0.20219928,-0.19465852,-0.24831252,-0.20506537,-0.22091979,-0.15442382,-0.12934518,-0.11956477,-0.15441978,-0.1577552,-0.20931396,-0.18224281,-0.1544118,-0.32474133,-0.15443528,-0.15776303,-0.1577621,-0.15776178,-0.2185038,-0.15441124,-0.114121355,-0.15441403,-0.15774986,-0.1577554,-0.22984435,-0.15442987,-0.15773994,-0.08963354,-0.15434231,-0.15772098,-0.15773602,-0.15773728,-0.13302092,-0.1051107,-0.14014931,-0.15141064,-0.15839578,-0.15615125,-0.14613561,-0.15442675,-0.12319561,-0.12967399,-0.1543958,-0.15776289,-0.15776248,-0.1577625,-0.15776291,-0.38518023,-0.11451449,-0.15440232,-0.15564899,-0.14443555,-0.16636807,-0.15443125,-0.1576961,-0.12993515,-0.047159404,-0.14933644,-0.14016809,-0.14106366,-0.15430784,-0.19987361,-0.1649412,-0.17166539,-0.15441236,-0.15772697,-0.12722544,-0.14610182,-0.2588673,-0.12949684,-0.15432678,-0.09132757,-0.12832497,-0.13684332,-0.16221203,-0.15659244,-0.12897764,-0.1542148,-0.1576823,-0.15772402,-0.1577527,-0.15740095,-0.19795567,-0.15106063,-0.07294749,-0.2039893,-0.15440288,-0.15772282,-0.104459345,-0.15407893,-0.17466888,-0.13176009,-0.15440923,-0.15109587,-0.10913184,-0.1542679,-0.05825615,0.8345579,-0.17082691,-0.1543569,-0.18883844,-0.1544362,-0.31316653,-0.15442783,-0.16808087,-0.14331596,-0.15442966,-0.15775995,-0.25088155,-0.15443653,-0.22115314,-0.07562123,-0.086852394,-0.10702289,-0.060967896,-0.14871415,-0.16796505,-0.15746465,-0.22133875,-0.12812386,-0.0969081,-0.16398169,-0.12716047,-0.11335766,-0.18846886,-0.12966761,-0.17755464,-0.0994983,-0.115196005,-0.15435788,-0.11662802,-0.19749595,-0.14526704,-0.12781724,-0.096878245,-0.15435809,-0.15759338,-0.12434345,-0.11230643,-0.063823454,-0.15429763,-0.11419349,-0.10007019,-0.24483351,-0.15443698,-0.15775275,-0.16344379,-0.1759062,-0.12524253,-0.15442444,-0.0782174,-0.19187105,-0.18185812,-0.09859173,-0.11065883,-0.15414557,-0.15748516,-0.083404,-0.1213824,-0.13072303,-0.13855581,-0.19385117,-0.15440506,-0.15775728,-0.19487974,-0.23847799,-0.2432746,-0.12937883,-0.15426087,-0.15773267,-0.14520228,-0.2961179,-0.15443635,-0.19813283,-0.12958317,-0.15438136,-0.060104962,-0.15931924,-0.15443483,-0.2028091,-0.2868003,-0.11816878,-0.14795661,-0.10060286,-0.15430114,-0.13614628,-0.20725825,-0.17393659,-0.125103,-0.15657571,-0.15690626,-0.15443364,-0.15775935,-0.16221246,-0.22200036,-0.12973002,-0.2814266,-0.15443733,-0.1915083,-0.24371436,-0.16952515,-0.15436119,-0.13369927,-0.12557748,-0.15443093,-0.18106565,-0.15443712,-0.18642783,-0.15438804,-0.30462334,-0.15434128,-0.14691104,-0.13029914,-0.15442601,-0.15774879,-0.18915205,-0.12966132,-0.1544303,-0.10481856,-0.1650517,-0.1544284,-0.1577611,-0.15773568,-0.12929834,-0.15434673,-0.15773186,-0.15772405,-0.15773398,-0.15774104,-0.16505513,-0.17392421,-0.15442452,-0.15775493,-0.15774621,-0.15775536,-0.2025511,-0.15354379,-0.14723541,-0.15356623,-0.11499533,-0.10471026,-0.11893196,-0.15442765,-0.15769336,-0.12962623,-0.19501048,-0.15443438,-0.18738703,-0.11705899,-0.17429145,-0.15442598,-0.06652963,-0.15421572,-0.10737923,-0.124497145,-0.15298569,-0.052188452,-0.26007295
k__Bacteria|p__Firmicutes|c__Bacilli|o__Bacillales|f__Bacillaceae|g__Bacillus|s__Bacillus_cereus,-0.1004395,-0.12316422,-0.15438351,-0.1576286,-0.157629,-0.23867357,-0.1666669,-0.16813041,-0.10929718,-0.22895765,-0.23728925,-0.15439034,-0.22850217,-0.3768707,-0.08556121,-0.15381631,-0.058144663,-0.15361935,-0.1575402,-0.19931981,-0.1978925,-0.13002566,-0.15433985,-0.12711628,-0.20043859,-0.11658599,-0.182019,-0.25032333,-0.1509206,-0.15434727,-0.15142563,-0.10844302,-0.18249588,-0.28454733,-0.15437195,-0.1302837,-0.1543869,-0.22338755,-0.15439086,-0.29867563,-0.15439096,-0.29356226,-0.12934121,-0.15418187,-0.13691942,-0.15438296,-0.23188588,-0.24781659,-0.1296162,-0.13029215,-0.24679694,-0.18279888,-0.25087595,-0.26027086,-0.28621647,-0.27511892,-0.11894142,-0.15426701,-0.040142577,-0.056944285,-0.15336138,-0.11274739,-0.13743341,-0.13013498,-0.15436012,-0.15762228,-0.15762869,-0.15762961,-0.27573854,-0.15433592,-0.13013649,-0.16243835,-0.12334165,-0.14074792,-0.154342,-0.15887658,-0.14481027,-0.13026214,-0.18691605,-0.14998752,-0.15437368,-0.1575984,-0.15761459,-0.15752517,-0.120334074,-0.13700745,-0.08858878,-0.15436514,-0.19008024,-0.15438111,-0.2004665,-0.11139822,-0.1388583,-0.13027036,-0.1074974,-0.15152657,-0.15424338,-0.15721084,-0.10065024,-0.08152827,-0.09427856,-0.15431401,-0.11960925,-0.15027548,-0.16982608,-0.1185138,-0.15433845,-0.15762,-0.17738779,-0.15176103,-0.15438524,-0.25953975,-0.17989698,-0.13525523,-0.1543812,-0.15095688,-0.17780018,-0.2009549,-0.15435374,-0.09015879,-0.15396154,-0.12151222,-0.121854745,-0.13997786,-0.21433522,-0.13908121,-0.16057305,-0.15427932,-0.07092635,-0.1534931,-0.15654087,-0.18733518,-0.1540278,-0.13012302,-0.12334781,-0.14100276,-0.15432346,-0.114095174,-0.25318068,-0.26654312,-0.12913296,-0.10945694,-0.1543107,-0.09238048,-0.20963459,-0.1543815,-0.1575134,-0.12947947,-0.15428083,-0.16015086,-0.1553517,-0.15438774,-0.19704957,-0.20616047,-0.12874061,-0.10460003,-0.11361031,-0.10256614,-0.1543771,-0.19495486,-0.15434423,-0.12939477,-0.15415919,-0.041086134,-0.12967405,-0.15438601,-0.2300741,-0.15435675,-0.10384405,-0.15238622,-0.0784167,-0.15418592,-0.12766197,-0.15421294,-0.121451,-0.075820275,-0.09192432,-0.101488546,-0.15400949,-0.1574945,-0.12378413,-0.15417503,-0.1410757,-0.13984437,-0.18093297,-0.15438944,-0.25777104,-0.12844054,-0.15426493,-0.13462572,-0.119081676,-0.15434767,-0.15762296,-0.15762529,-0.15762687,-0.19755594,-0.25103784,-0.20219928,-0.19465852,-0.24831252,-0.20506537,-0.22091979,-0.15436873,-0.12975174,-0.11956477,-0.15436134,-0.15761787,-0.20931396,-0.18224281,-0.15435016,-0.32474133,-0.15438676,-0.1576306,-0.15762904,-0.1576285,-0.2185038,-0.15434943,-0.114121355,-0.15435262,-0.15760961,-0.15761817,-0.22984435,-0.1543779,-0.15759486,-0.08963354,-0.15423611,-0.15756132,-0.15758686,-0.15758815,-0.13302092,-0.1051107,-0.14014931,-0.15141064,-0.15839578,-0.15615125,-0.14613561,-0.15437269,-0.12319561,-0.13022389,-0.15432325,-0.15763032,-0.1576297,-0.15762968,-0.1576304,-0.38518023,-0.11451449,-0.15433313,-0.15564899,-0.14443555,-0.16636807,-0.15438032,-0.15752503,-0.12993515,-0.047159404,-0.14619511,-0.14016809,-0.14106366,-0.15417941,-0.19987361,-0.1649412,-0.17166539,-0.1543493,-0.15757093,-0.12722544,-0.14610182,-0.2588673,-0.12996542,-0.15421015,-0.09132757,-0.12832497,-0.13684332,-0.16221203,-0.15659244,-0.12923892,-0.15403146,-0.15749887,-0.1575667,-0.1576137,-0.15740095,-0.19795567,-0.15106063,-0.07294749,-0.2039893,-0.15433443,-0.15756436,-0.104459345,-0.15390143,-0.17466888,-0.13176009,-0.15434375,-0.15109587,-0.10913184,-0.15411764,-0.05825615,1.6358644,-0.17082691,-0.15425947,-0.18883844,-0.15438837,-0.31316653,-0.15437514,-0.16808087,-0.14331596,-0.15437764,-0.15762562,-0.25088155,-0.15438889,-0.22115314,-0.07562123,-0.086852394,-0.10702289,-0.060967896,-0.14517385,-0.16796505,-0.15746465,-0.22133875,-0.12812386,-0.0969081,-0.16398169,-0.12716047,-0.11335766,-0.18846886,-0.13021533,-0.17755464,-0.0994983,-0.115196005,-0.15426093,-0.11662802,-0.19749595,-0.14526704,-0.12781724,-0.096878245,-0.15425998,-0.15735425,-0.12434345,-0.11230643,-0.063823454,-0.15416335,-0.11419349,-0.10007019,-0.24483351,-0.15438959,-0.15761453,-0.16344379,-0.1759062,-0.12524253,-0.154369,-0.0782174,-0.19187105,-0.18185812,-0.09859173,-0.11065883,-0.15391338,-0.15717766,-0.083404,-0.1213824,-0.13072303,-0.13855581,-0.19385117,-0.15433805,-0.15762118,-0.19487974,-0.23847799,-0.2432746,-0.1297741,-0.1541029,-0.15758133,-0.14520228,-0.2961179,-0.15438855,-0.19813283,-0.13008891,-0.15429977,-0.060104962,-0.15931924,-0.15438613,-0.2028091,-0.2868003,-0.11816878,-0.14795661,-0.10060286,-0.15416977,-0.13614628,-0.20725825,-0.17393659,-0.125103,-0.15657571,-0.15690626,-0.15438417,-0.15762456,-0.16221246,-0.22200036,-0.13031313,-0.2814266,-0.15439019,-0.1915083,-0.24371436,-0.16952515,-0.15427297,-0.13369927,-0.12557748,-0.1543798,-0.18106565,-0.15438983,-0.18642783,-0.15431327,-0.30462334,-0.15423512,-0.14691104,-0.13029914,-0.15437171,-0.1576072,-0.18915205,-0.13020392,-0.15437868,-0.10481856,-0.1650517,-0.15437575,-0.15762742,-0.15758836,-0.12967458,-0.15424204,-0.15758029,-0.15756728,-0.15758362,-0.15759477,-0.16505513,-0.17392421,-0.15436941,-0.15761727,-0.15760317,-0.15761799,-0.2025511,-0.15354379,-0.14723541,-0.152991,-0.11499533,-0.10471026,-0.11893196,-0.15437442,-0.15752235,-0.13014773,-0.19501048,-0.15438543,-0.18738703,-0.11705899,-0.17429145,-0.15437272,-0.06652963,-0.15402982,-0.10737923,-0.124497145,-0.15298569,-0.052188452,-0.26007295
k__Bacteria|p__Firmicutes|c__Bacilli|o__Lactobacillales|f__Enterococcaceae|g__Enterococcus|s__Enterococcus_gilvus,-0.1004395,-0.12316422,-0.1551857,-0.15849108,-0.15849134,-0.23867357,-0.1666669,-0.16813041,-0.10929718,-0.22895765,-0.23728925,-0.15519065,-0.22850217,-0.3768707,-0.08556121,-0.15477863,-0.058144663,-0.15464145,-0.15842716,-0.19931981,-0.1978925,-0.13044088,-0.1551543,-0.12711628,-0.20043859,-0.11658599,-0.182019,-0.25032333,-0.1509206,-0.1551593,-0.15142563,-0.10844302,-0.18249588,-0.28454733,-0.15517683,-0.13063711,-0.15518819,-0.22338755,-0.15519103,-0.29867563,-0.1551911,-0.29356226,-0.1299274,-0.1550385,-0.13691942,-0.15518536,-0.23188588,-0.24781659,-0.1296162,-0.13064328,-0.24679694,-0.18279888,-0.25087595,-0.26027086,-0.28621647,-0.27511892,-0.11894142,-0.15510163,-0.040142577,-0.056944285,-0.1544442,-0.11274739,-0.13743341,-0.13052341,-0.15516865,-0.15848653,-0.1584911,-0.15849178,-0.27573854,-0.15514956,-0.13052584,-0.16243835,-0.12334165,-0.14074792,-0.1551559,-0.15887658,-0.14481027,-0.13062122,-0.18691605,-0.14998752,-0.15517864,-0.15846927,-0.15848082,-0.15841195,-0.120334074,-0.13700745,-0.08858878,-0.15517254,-0.19008024,-0.15518403,-0.2004665,-0.11139822,-0.1388583,-0.13027036,-0.1074974,-0.15152657,-0.15508497,-0.15816918,-0.10065024,-0.08152827,-0.09427856,-0.15513584,-0.11960925,-0.15027548,-0.16982608,-0.1185138,-0.15515292,-0.15848485,-0.17738779,-0.15176103,-0.15518695,-0.25953975,-0.17989698,-0.13525523,-0.15518409,-0.15095688,-0.17780018,-0.2009549,-0.15516254,-0.09015879,-0.15488338,-0.12151222,-0.121854745,-0.13997786,-0.21433522,-0.13908121,-0.16057305,-0.15511091,-0.07092635,-0.15454364,-0.15769374,-0.18733518,-0.15492094,-0.13051234,-0.12334781,-0.14100276,-0.1551426,-0.114095174,-0.25318068,-0.26654312,-0.12972489,-0.10945694,-0.15513352,-0.09238048,-0.20963459,-0.15518433,-0.15840355,-0.13000882,-0.15511137,-0.16015086,-0.1553517,-0.15518878,-0.19704957,-0.20616047,-0.12942712,-0.10460003,-0.11361031,-0.10256614,-0.1551812,-0.19495486,-0.15515605,-0.129918,-0.15502493,-0.041086134,-0.12967405,-0.15518749,-0.2300741,-0.15516534,-0.10384405,-0.15374592,-0.0784167,-0.1550429,-0.12766197,-0.15506303,-0.121451,-0.075820275,-0.09192432,-0.101488546,-0.15491605,-0.15839495,-0.12378413,-0.15502794,-0.1410757,-0.13984437,-0.18093297,-0.15519002,-0.25777104,-0.12844054,-0.15509589,-0.13462572,-0.119081676,-0.15516022,-0.158487,-0.15848868,-0.15848981,-0.19755594,-0.25103784,-0.20219928,-0.19465852,-0.24831252,-0.20506537,-0.22091979,-0.15517458,-0.13021603,-0.11956477,-0.15516986,-0.15848327,-0.20931396,-0.18224281,-0.1551606,-0.32474133,-0.15518808,-0.15849249,-0.15849139,-0.15849102,-0.2185038,-0.15515983,-0.114121355,-0.15516312,-0.15847698,-0.15848352,-0.22984435,-0.15518174,-0.15846542,-0.08963354,-0.15507908,-0.15844302,-0.15846072,-0.15846223,-0.13302092,-0.1051107,-0.14014931,-0.15141064,-0.15839578,-0.15615125,-0.14613561,-0.1551781,-0.12319561,-0.13059291,-0.15514171,-0.1584923,-0.15849183,-0.15849185,-0.15849236,-0.38518023,-0.11451449,-0.15514934,-0.15564899,-0.14443555,-0.16636807,-0.15518337,-0.1584135,-0.12993515,-0.047159404,-0.14920466,-0.14016809,-0.14106366,-0.15503827,-0.19987361,-0.1649412,-0.17166539,-0.15516116,-0.15845007,-0.12722544,-0.14610182,-0.2588673,-0.13038728,-0.15506081,-0.09132757,-0.12832497,-0.13684332,-0.16221203,-0.15659244,-0.12978168,-0.15492976,-0.1583976,-0.15844664,-0.15848035,-0.15740095,-0.19795567,-0.15106063,-0.07294749,-0.2039893,-0.15515003,-0.1584452,-0.104459345,-0.154776,-0.17466888,-0.13176009,-0.15515748,-0.15109587,-0.10913184,-0.15499263,-0.05825615,-0.14326635,-0.17082691,-0.15509596,-0.18883844,-0.15518922,-0.31316653,-0.15517935,-0.16808087,-0.14331596,-0.1551815,-0.15848885,-0.25088155,-0.15518957,-0.22115314,-0.07562123,-0.086852394,-0.10702289,-0.060967896,-0.14846434,-0.16796505,-0.15746465,-0.22133875,-0.12812386,-0.0969081,-0.16398169,-0.12716047,-0.11335766,-0.18846886,-0.13058536,-0.17755464,-0.0994983,-0.115196005,-0.15509719,-0.11662802,-0.19749595,-0.14526704,-0.12781724,-0.096878245,-0.15509744,-0.15829325,-0.12434345,-0.11230643,-0.063823454,-0.155027,-0.11419349,-0.10007019,-0.24483351,-0.15519011,-0.15848029,-0.16344379,-0.1759062,-0.12524253,-0.15517536,-0.0782174,-0.19187105,-0.18185812,-0.09859173,-0.11065883,-0.15484795,-0.15816644,-0.083404,-0.1213824,-0.13072303,-0.13855581,-0.19385117,-0.15515256,-0.15848571,-0.19487974,-0.23847799,-0.2432746,-0.13024257,-0.15498342,-0.15845682,-0.14520228,-0.2961179,-0.15518938,-0.19813283,-0.13048688,-0.15512484,-0.060104962,-0.15931924,-0.15518758,-0.2028091,-0.2868003,-0.11816878,-0.14795661,-0.10060286,-0.15503058,-0.13614628,-0.20725825,-0.17393659,-0.125103,-0.15657571,-0.15690626,-0.15518618,-0.15848815,-0.16221246,-0.22200036,-0.13065858,-0.2814266,-0.15519053,-0.1915083,-0.24371436,-0.16952515,-0.15510157,-0.13369927,-0.12557748,-0.15518299,-0.18106565,-0.15519029,-0.18642783,-0.15513268,-0.30462334,-0.15507762,-0.14691104,-0.13029914,-0.1551772,-0.15847573,-0.18915205,-0.13057776,-0.15518224,-0.10481856,-0.1650517,-0.15518004,-0.1584902,-0.15846023,-0.13014829,-0.15508415,-0.15845588,-0.1584467,-0.15845834,-0.1584667,-0.16505513,-0.17392421,-0.15517545,-0.15848294,-0.1584727,-0.15848346,-0.2025511,-0.15354379,-0.14723541,-0.1541667,-0.11499533,-0.10471026,-0.11893196,-0.15517914,-0.15841094,-0.13053733,-0.19501048,-0.15518704,-0.18738703,-0.11705899,-0.17429145,-0.15517706,-0.06652963,-0.15493177,-0.10737923,-0.124497145,-0.15298569,-0.052188452,-0.26007295
k__Bacteria|p__Firmicutes|c__Bacilli|o__Lactobacillales|f__Lactobacillaceae|g__Lactobacillus|s__Lactobacillus_kalixensis,-0.1004395,-0.12316422,-0.15487376,-0.15820861,-0.15820885,-0.23867357,-0.1666669,-0.16813041,-0.10929718,-0.22895765,-0.23728925,-0.1548779,-0.22850217,-0.3768707,-0.08556121,-0.1545335,-0.058144663,-0.15442337,-0.1581551,-0.19931981,-0.1978925,-0.12995008,-0.15484762,-0.12711628,-0.20043859,-0.11658599,-0.182019,-0.25032333,-0.1509206,-0.15485163,-0.15142563,-0.10844302,-0.18249588,-0.28454733,-0.1548664,-0.13010634,-0.15487586,-0.22338755,-0.15487823,-0.29867563,-0.15487829,-0.29356226,-0.12952784,-0.15474997,-0.13691942,-0.15487352,-0.23188588,-0.24781659,-0.1296162,-0.1301113,-0.24679694,-0.18279888,-0.25087595,-0.26027086,-0.28621647,-0.27511892,-0.11894142,-0.15480378,-0.040142577,-0.056944285,-0.15425165,-0.11274739,-0.13743341,-0.1300155,-0.1548594,-0.15820484,-0.15820864,-0.1582092,-0.27573854,-0.15484369,-0.13001601,-0.16243835,-0.12334165,-0.14074792,-0.15484893,-0.15887658,-0.14481027,-0.13009366,-0.18691605,-0.14998752,-0.15486792,-0.15819043,-0.1582,-0.15814257,-0.120334074,-0.13700745,-0.08858878,-0.15486282,-0.19008024,-0.15487239,-0.2004665,-0.11139822,-0.1388583,-0.13027036,-0.1074974,-0.15152657,-0.15479007,-0.1579424,-0.10065024,-0.08152827,-0.09427856,-0.15483235,-0.11960925,-0.15027548,-0.16982608,-0.1185138,-0.15484625,-0.15820344,-0.17738779,-0.15176103,-0.15487482,-0.25953975,-0.17989698,-0.13525523,-0.15487245,-0.15095688,-0.17780018,-0.2009549,-0.15485424,-0.09015879,-0.15462306,-0.12151222,-0.121854745,-0.13997786,-0.21433522,-0.13908121,-0.16057305,-0.15481174,-0.07092635,-0.15433788,-0.1575355,-0.18733518,-0.15464953,-0.13000605,-0.12334781,-0.14100276,-0.15483788,-0.114095174,-0.25318068,-0.26654312,-0.1293883,-0.10945694,-0.1548304,-0.09238048,-0.20963459,-0.15487263,-0.15813434,-0.1296048,-0.15481153,-0.16015086,-0.1553517,-0.15487635,-0.19704957,-0.20616047,-0.12912863,-0.10460003,-0.11361031,-0.10256614,-0.15487006,-0.19495486,-0.15484941,-0.12953836,-0.15474033,-0.041086134,-0.12967405,-0.15487522,-0.2300741,-0.15485694,-0.10384405,-0.15367323,-0.0784167,-0.1547545,-0.12766197,-0.15477166,-0.121451,-0.075820275,-0.09192432,-0.101488546,-0.15464976,-0.15812881,-0.12378413,-0.1547403,-0.1410757,-0.13984437,-0.18093297,-0.15487736,-0.25777104,-0.12844054,-0.15479913,-0.13462572,-0.119081676,-0.15485269,-0.15820521,-0.15820661,-0.15820757,-0.19755594,-0.25103784,-0.20219928,-0.19465852,-0.24831252,-0.20506537,-0.22091979,-0.15486442,-0.1297741,-0.11956477,-0.15486065,-0.1582021,-0.20931396,-0.18224281,-0.15485257,-0.32474133,-0.15487579,-0.1582098,-0.15820888,-0.15820858,-0.2185038,-0.15485191,-0.114121355,-0.15485471,-0.15819669,-0.15820229,-0.22984435,-0.15487054,-0.15818666,-0.08963354,-0.15478459,-0.1581688,-0.15818316,-0.15818474,-0.13302092,-0.1051107,-0.14014931,-0.15141064,-0.15839578,-0.15615125,-0.14613561,-0.15486753,-0.12319561,-0.13006999,-0.1548367,-0.15820965,-0.15820926,-0.15820926,-0.15820968,-0.38518023,-0.11451449,-0.1548434,-0.15564899,-0.14443555,-0.16636807,-0.15487179,-0.15814306,-0.12993515,-0.047159404,-0.14982688,-0.14016809,-0.14106366,-0.15475047,-0.19987361,-0.1649412,-0.17166539,-0.15485337,-0.15817475,-0.12722544,-0.14610182,-0.2588673,-0.12991229,-0.15477023,-0.09132757,-0.12832497,-0.13684332,-0.16221203,-0.15659244,-0.12943083,-0.15465978,-0.15813085,-0.15817168,-0.1581997,-0.15740095,-0.19795567,-0.15106063,-0.07294749,-0.2039893,-0.1548438,-0.15817074,-0.104459345,-0.15454489,-0.17466888,-0.13176009,-0.15485047,-0.15109587,-0.10913184,-0.15471292,-0.05825615,-0.14326635,-0.17082691,-0.15479866,-0.18883844,-0.15487668,-0.31316653,-0.1548683,-0.16808087,-0.14331596,-0.15487029,-0.15820673,-0.25088155,-0.154877,-0.22115314,-0.07562123,-0.086852394,-0.10702289,-0.060967896,-0.14921308,-0.16796505,-0.15746465,-0.22133875,-0.12812386,-0.0969081,-0.16398169,-0.12716047,-0.11335766,-0.18846886,-0.13006486,-0.17755464,-0.0994983,-0.115196005,-0.15479988,-0.11662802,-0.19749595,-0.14526704,-0.12781724,-0.096878245,-0.1548007,-0.1580443,-0.12434345,-0.11230643,-0.063823454,-0.15474173,-0.11419349,-0.10007019,-0.24483351,-0.15487745,-0.15819958,-0.16344379,-0.1759062,-0.12524253,-0.1548652,-0.0782174,-0.19187105,-0.18185812,-0.09859173,-0.11065883,-0.15459332,-0.15793851,-0.083404,-0.1213824,-0.13072303,-0.13855581,-0.19385117,-0.15484592,-0.15820417,-0.19487974,-0.23847799,-0.2432746,-0.12978713,-0.15470532,-0.15817994,-0.14520228,-0.2961179,-0.15487686,-0.19813283,-0.12998745,-0.15482286,-0.060104962,-0.15931924,-0.15487532,-0.2028091,-0.2868003,-0.11816878,-0.14795661,-0.10060286,-0.15474397,-0.13614628,-0.20725825,-0.17393659,-0.125103,-0.15657571,-0.15690626,-0.15487415,-0.1582062,-0.16221246,-0.22200036,-0.13012388,-0.2814266,-0.1548778,-0.1915083,-0.24371436,-0.16952515,-0.154803,-0.13369927,-0.12557748,-0.15487151,-0.18106565,-0.1548776,-0.18642783,-0.1548289,-0.30462334,-0.15478286,-0.14691104,-0.13029914,-0.1548667,-0.15819585,-0.18915205,-0.13005878,-0.15487093,-0.10481856,-0.1650517,-0.15486896,-0.1582079,-0.15818281,-0.12972437,-0.15478945,-0.15817904,-0.1581715,-0.15818113,-0.15818831,-0.16505513,-0.17392421,-0.15486516,-0.15820184,-0.15819326,-0.15820229,-0.2025511,-0.15354379,-0.14723541,-0.15401414,-0.11499533,-0.10471026,-0.11893196,-0.15486832,-0.15814109,-0.13002607,-0.19501048,-0.15487488,-0.18738703,-0.11705899,-0.17429145,-0.15486667,-0.06652963,-0.15466303,-0.10737923,-0.124497145,-0.15298569,-0.052188452,-0.26007295
k__Bacteria|p__Firmicutes|c__Clostridia|o__Eubacteriales|f__Oscillospiraceae|g__Oscillospiraceae_unclassified|s__Clostridium_methylpentosum,-0.1004395,-0.12316422,-0.15472004,-0.1580607,-0.158061,-0.23867357,-0.1666669,-0.16813041,-0.10929718,-0.22895765,-0.23728925,-0.15472509,-0.22850217,-0.3768707,-0.08556121,-0.15430373,-0.058144663,-0.15416908,-0.15799552,-0.19931981,-0.1978925,-0.12971625,-0.15468818,-0.12711628,-0.20043859,-0.11658599,-0.182019,-0.25032333,-0.1509206,-0.15469313,-0.15142563,-0.10844302,-0.18249588,-0.28454733,-0.15471107,-0.1299099,-0.15472259,-0.22338755,-0.15472546,-0.29867563,-0.15472555,-0.29356226,-0.1292054,-0.15456958,-0.13691942,-0.15471974,-0.23188588,-0.24781659,-0.1296162,-0.129916,-0.24679694,-0.18279888,-0.25087595,-0.26027086,-0.28621647,-0.27511892,-0.11894142,-0.15463468,-0.040142577,-0.056944285,-0.15396333,-0.11274739,-0.13743341,-0.12979685,-0.1547026,-0.1580561,-0.15806074,-0.15806143,-0.27573854,-0.15468338,-0.12979916,-0.16243835,-0.12334165,-0.14074792,-0.15468979,-0.15887658,-0.14481027,-0.12989421,-0.18691605,-0.14998752,-0.15471289,-0.15803853,-0.15805022,-0.15798004,-0.120334074,-0.13700745,-0.08858878,-0.15470672,-0.19008024,-0.15471837,-0.2004665,-0.11139822,-0.1388583,-0.13027036,-0.1074974,-0.15152657,-0.15461788,-0.15773332,-0.10065024,-0.08152827,-0.09427856,-0.15466946,-0.11960925,-0.15027548,-0.16982608,-0.1185138,-0.15468659,-0.15805438,-0.17738779,-0.15176103,-0.15472132,-0.25953975,-0.17989698,-0.13525523,-0.15471843,-0.15095688,-0.17780018,-0.2009549,-0.1546963,-0.09015879,-0.15441372,-0.12151222,-0.121854745,-0.13997786,-0.21433522,-0.13908121,-0.16057305,-0.15464425,-0.07092635,-0.15406652,-0.15724382,-0.18733518,-0.15444812,-0.12978575,-0.12334781,-0.14100276,-0.15467626,-0.114095174,-0.25318068,-0.26654312,-0.12901373,-0.10945694,-0.15466711,-0.09238048,-0.20963459,-0.15471867,-0.15797096,-0.1292885,-0.15464419,-0.16015086,-0.1553517,-0.1547232,-0.19704957,-0.20616047,-0.12871152,-0.10460003,-0.11361031,-0.10256614,-0.15471551,-0.19495486,-0.15469013,-0.12920202,-0.15455693,-0.041086134,1.4318781,-0.15472183,-0.2300741,-0.15469947,-0.10384405,-0.15325099,-0.0784167,-0.15457453,-0.12766197,-0.1545954,-0.121451,-0.075820275,-0.09192432,-0.101488546,-0.1544464,-0.15796319,-0.12378413,-0.15455839,-0.1410757,-0.13984437,-0.18093297,-0.15472445,-0.25777104,-0.12844054,-0.15462941,-0.13462572,-0.119081676,-0.15469426,-0.15805656,-0.15805826,-0.15805942,-0.19755594,-0.25103784,-0.20219928,-0.19465852,-0.24831252,-0.20506537,-0.22091979,-0.1547087,-0.12949494,-0.11956477,-0.154704,-0.15805277,-0.20931396,-0.18224281,-0.15469441,-0.32474133,-0.1547225,-0.15806216,-0.15806104,-0.15806064,-0.2185038,-0.1546936,-0.114121355,-0.15469691,-0.15804625,-0.15805301,-0.22984435,-0.15471607,-0.15803427,-0.08963354,-0.15461138,-0.15801206,-0.15802974,-0.15803152,-0.13302092,-0.1051107,-0.14014931,-0.15141064,-0.15839578,-0.15615125,-0.14613561,-0.15471241,-0.12319561,-0.12986524,-0.15467504,-0.15806197,-0.15806147,-0.1580615,-0.15806201,-0.38518023,-0.11451449,-0.15468305,-0.15564899,-0.14443555,-0.16636807,-0.15471765,-0.15798128,-0.12993515,-0.047159404,-0.14859176,-0.14016809,-0.14106366,-0.1545699,-0.19987361,-0.1649412,-0.17166539,-0.15469515,-0.15801926,-0.12722544,-0.14610182,-0.2588673,-0.12966551,-0.15459347,-0.09132757,-0.12832497,-0.13684332,-0.16221203,-0.15659244,-0.12906757,-0.15445924,-0.15796581,-0.15801561,-0.1580498,-0.15740095,-0.19795567,-0.15106063,-0.07294749,-0.2039893,-0.15468365,-0.15801433,-0.104459345,-0.15431497,-0.17466888,-0.13176009,-0.15469155,-0.15109587,-0.10913184,-0.15452352,-0.05825615,-0.14326635,-0.17082691,-0.15462863,-0.18883844,-0.15472361,-0.31316653,-0.15471347,-0.16808087,-0.14331596,-0.1547158,-0.15805842,-0.25088155,-0.154724,-0.22115314,-0.07562123,-0.086852394,-0.10702289,-0.060967896,-0.14784369,-0.16796505,-0.15746465,-0.22133875,-0.12812386,-0.0969081,-0.16398169,-0.12716047,-0.11335766,-0.18846886,-0.12985851,-0.17755464,-0.0994983,-0.115196005,-0.15462999,-0.11662802,-0.19749595,-0.14526704,-0.12781724,-0.096878245,-0.15463069,-0.15785995,-0.12434345,-0.11230643,-0.063823454,-0.15455876,-0.11419349,-0.10007019,-0.24483351,-0.15472454,-0.1580497,-0.16344379,-0.1759062,-0.12524253,-0.15470958,-0.0782174,-0.19187105,-0.18185812,-0.09859173,-0.11065883,-0.15437749,-0.157731,-0.083404,-0.1213824,-0.13072303,-0.13855581,-0.19385117,-0.15468621,-0.15805525,-0.19487974,-0.23847799,-0.2432746,-0.12951681,-0.15451452,-0.1580258,-0.14520228,-0.2961179,-0.1547238,-0.19813283,-0.12976126,-0.15465802,-0.060104962,-0.15931924,-0.15472195,-0.2028091,-0.2868003,-0.11816878,-0.14795661,-0.10060286,-0.15456195,-0.13614628,-0.20725825,-0.17393659,-0.125103,-0.15657571,-0.15690626,-0.15472052,-0.15805775,-0.16221246,-0.22200036,-0.1299314,-0.2814266,-0.15472497,-0.1915083,-0.24371436,-0.16952515,-0.15463418,-0.13369927,-0.12557748,-0.1547173,-0.18106565,-0.15472472,-0.18642783,-0.15466578,-0.30462334,-0.15460959,-0.14691104,-0.13029914,-0.1547114,-0.15804511,-0.18915205,-0.12985104,-0.15471658,-0.10481856,-0.1650517,-0.15471423,-0.1580598,-0.15802923,-0.12942867,-0.15461704,-0.15802473,-0.15801552,-0.15802729,-0.1580359,-0.16505513,-0.17392421,-0.15470959,-0.15805244,-0.158042,-0.15805298,-0.2025511,-0.15354379,-0.14723541,-0.15367658,-0.11499533,-0.10471026,-0.11893196,-0.15471339,-0.15797876,-0.12981068,-0.19501048,-0.15472141,-0.18738703,-0.11705899,-0.17429145,-0.15471134,-0.06652963,-0.15446232,-0.10737923,-0.124497145,-0.15298569,-0.052188452,-0.26007295
k__Bacteria|p__Firmicutes|c__Bacilli|o__Lactobacillales|f__Lactobacillaceae|g__Leuconostoc|s__Leuconostoc_mesenteroides,-0.1004395,-0.12316422,-0.15395492,-0.15727207,-0.15727234,-0.23867357,-0.1666669,-0.16813041,-0.10929718,-0.22895765,-0.23728925,-0.15395927,-0.22850217,-0.3768707,-0.08556121,-0.15358363,-0.058144663,-0.15347143,-0.15721571,-0.19931981,-0.1978925,-0.12913918,-0.15392724,-0.12711628,-0.20043859,-0.11658599,-0.182019,-0.25032333,-0.1509206,-0.1539318,-0.15142563,-0.10844302,-0.18249588,-0.28454733,-0.15394711,-0.12931798,-0.1539571,-0.22338755,-0.1539596,-0.29867563,-0.15395966,-0.29356226,-0.12865838,-0.15382552,-0.13691942,-0.15395463,-0.23188588,-0.24781659,-0.1296162,-0.1293236,-0.24679694,-0.18279888,-0.25087595,-0.26027086,-0.28621647,-0.27511892,-0.11894142,-0.15388063,-0.040142577,-0.056944285,-0.15330487,-0.11274739,-0.13743341,-0.12921488,-0.15393996,-0.15726808,-0.15727213,-0.15727271,-0.27573854,-0.15392295,-0.12921703,-0.16243835,-0.12334165,-0.14074792,-0.15392873,-0.15887658,-0.14481027,-0.1293033,-0.18691605,-0.14998752,-0.15394872,-0.15725294,-0.15726312,-0.15720153,-0.120334074,-0.13700745,-0.08858878,-0.15394334,-0.19008024,-0.15395343,-0.2004665,-0.11139822,-0.1388583,-0.13027036,-0.1074974,-0.15152657,-0.15386629,-0.15697102,-0.10065024,-0.08152827,-0.09427856,-0.15391093,-0.11960925,-0.15027548,-0.16982608,-0.1185138,-0.15392613,-0.15726662,-0.17738779,-0.15176103,-0.15395603,-0.25953975,-0.17989698,-0.13525523,-0.1539535,-0.15095688,-0.17780018,-0.2009549,-0.15393451,-0.09015879,-0.15368783,-0.12151222,-0.121854745,-0.13997786,-0.21433522,-0.13908121,-0.16057305,-0.15388897,-0.07092635,-0.15338403,-0.15657403,-0.18733518,-0.15372212,-0.1291996,-0.12334781,-0.14100276,-0.15391698,-0.114095174,-0.25318068,-0.26654312,-0.12846668,-0.10945694,-0.15390894,-0.09238048,-0.20963459,-0.1539537,-0.15719557,-0.12872472,-0.15388906,-0.16015086,-0.1553517,-0.15395762,-0.19704957,-0.20616047,-0.1281787,-0.10460003,-0.11361031,-0.10256614,-0.15395094,-0.19495486,-0.15392894,-0.12864237,-0.15381238,-0.041086134,-0.12967405,-0.1539565,-0.2300741,-0.15393734,-0.10384405,-0.15266523,-0.0784167,-0.15382849,-0.12766197,-0.15384668,-0.121451,-0.075820275,-0.09192432,-0.101488546,-0.15371656,-0.1571872,-0.12378413,-0.15380712,-0.1410757,-0.13984437,-0.18093297,-0.1539587,-0.25777104,-0.12844054,-0.15387535,-0.13462572,-0.119081676,-0.15393241,-0.1572685,-0.15726998,-0.157271,-0.19755594,-0.25103784,-0.20219928,-0.19465852,-0.24831252,-0.20506537,-0.22091979,-0.15394522,-0.12892145,-0.11956477,-0.15394098,-0.15726525,-0.20931396,-0.18224281,-0.1539326,-0.32474133,-0.15395702,-0.15727334,-0.15727237,-0.15727204,-0.2185038,-0.1539318,-0.114121355,-0.15393513,-0.1572598,-0.15726545,-0.22984435,-0.15395144,-0.157249,-0.08963354,-0.15386078,-0.15722972,-0.15724549,-0.15724665,-0.13302092,-0.1051107,-0.14014931,-0.15141064,-0.15839578,-0.15615125,-0.14613561,-0.1539482,-0.12319561,-0.1292784,-0.15391645,-0.15727317,-0.15727277,-0.15727276,-0.15727322,-0.38518023,-0.11451449,-0.153923,-0.15564899,-0.14443555,-0.16636807,-0.1539529,-0.1572046,-0.12993515,-0.047159404,-0.14871359,-0.14016809,-0.14106366,-0.15382558,-0.19987361,-0.1649412,-0.17166539,-0.15393335,-0.15723592,-0.12722544,-0.14610182,-0.2588673,-0.12908508,-0.15384439,-0.09132757,-0.12832497,-0.13684332,-0.16221203,-0.15659244,-0.12851681,-0.15372826,-0.1571897,-0.15723293,-0.15726264,-0.15740095,-0.19795567,-0.15106063,-0.07294749,-0.2039893,-0.1539236,-0.15723157,-0.104459345,-0.15356854,-0.17466888,-0.13176009,-0.15393005,-0.15109587,-0.10913184,-0.15378307,-0.05825615,-0.14326635,-0.17082691,-0.15387616,-0.18883844,-0.15395802,-0.31316653,-0.15394941,-0.16808087,-0.14331596,-0.15395123,-0.15727016,-0.25088155,-0.15395835,-0.22115314,-0.07562123,-0.086852394,-0.10702289,-0.060967896,-0.14807132,-0.16796505,1.9714494,-0.22133875,-0.12812386,-0.0969081,-0.16398169,-0.12716047,-0.11335766,-0.18846886,-0.12927128,-0.17755464,-0.0994983,-0.115196005,-0.15387708,-0.11662802,-0.19749595,-0.14526704,-0.12781724,-0.096878245,-0.15387692,-0.15709755,-0.12434345,-0.11230643,-0.063823454,-0.15381424,-0.11419349,-0.10007019,-0.24483351,-0.1539588,-0.15726277,-0.16344379,-0.1759062,-0.12524253,-0.15394583,-0.0782174,-0.19187105,-0.18185812,-0.09859173,-0.11065883,-0.15365687,-0.15698561,-0.083404,-0.1213824,-0.13072303,-0.13855581,-0.19385117,-0.15392591,-0.15726739,-0.19487974,-0.23847799,-0.2432746,-0.12896073,-0.15377647,-0.15724203,-0.14520228,-0.2961179,-0.15395814,-0.19813283,-0.12917975,-0.15390131,-0.060104962,-0.15931924,-0.15395658,-0.2028091,-0.2868003,-0.11816878,-0.14795661,-0.10060286,-0.15381855,-0.13614628,-0.20725825,-0.17393659,-0.125103,-0.15657571,-0.15690626,-0.15395534,-0.15726954,-0.16221246,-0.22200036,-0.12933727,-0.2814266,-0.15395917,-0.1915083,-0.24371436,-0.16952515,-0.15388027,-0.13369927,-0.12557748,-0.15395255,-0.18106565,-0.15395895,-0.18642783,-0.15390834,-0.30462334,-0.1538603,-0.14691104,-0.13029914,-0.15394747,-0.1572586,-0.18915205,-0.12926465,-0.15395188,-0.10481856,-0.1650517,-0.15394995,-0.15727133,-0.15724528,-0.12887222,-0.15386531,-0.15724121,-0.15723304,-0.15724337,-0.15725052,-0.16505513,-0.17392421,-0.15394595,-0.15726493,-0.15725598,-0.1572654,-0.2025511,-0.15354379,-0.14723541,-0.15306365,-0.11499533,-0.10471026,-0.11893196,-0.15394917,-0.15720135,-0.12922737,-0.19501048,-0.15395612,-0.18738703,-0.11705899,-0.17429145,-0.15394738,-0.06652963,-0.1537286,-0.10737923,-0.124497145,-0.15298569,-0.052188452,-0.26007295
k__Bacteria|p__Firmicutes|c__Clostridia|o__Eubacteriales|f__Oscillospiraceae|g__Anaeromassilibacillus|s__Anaeromassilibacillus_sp_An172,-0.1004395,-0.12316422,-0.15411359,-0.15739702,-0.15739731,-0.23867357,-0.1666669,-0.16813041,-0.10929718,-0.22895765,-0.23728925,-0.1541188,-0.22850217,-0.3768707,-0.08556121,-0.1536738,-0.058144663,-0.15352952,-0.15732926,-0.19931981,-0.1978925,-0.12952605,-0.15408017,-0.12711628,-0.20043859,-0.11658599,-0.182019,-0.25032333,-0.1509206,-0.15408579,-0.15142563,-0.10844302,-0.18249588,-0.28454733,-0.15410453,-0.12972796,-0.15411618,-0.22338755,-0.15411921,-0.29867563,-0.15411927,-0.29356226,-0.1289879,-0.15395862,-0.13691942,-0.15411317,-0.23188588,-0.24781659,-0.1296162,-0.12973447,-0.24679694,-0.18279888,-0.25087595,-0.26027086,-0.28621647,-0.27511892,-0.11894142,-0.15402438,-0.040142577,-0.056944285,-0.15333128,-0.11274739,-0.13743341,-0.1296122,-0.15409565,-0.15739217,-0.15739709,-0.15739778,-0.27573854,-0.15407646,-0.12961301,-0.16243835,-0.12334165,-0.14074792,-0.15408191,-0.15887658,-0.14481027,-0.12971109,-0.18691605,-0.14998752,-0.15410607,-0.15737395,-0.15738626,-0.15731554,-0.120334074,-0.13700745,-0.08858878,-0.15409957,-0.19008024,-0.15411177,-0.2004665,-0.11139822,-0.1388583,-0.13027036,-0.1074974,-0.15152657,-0.1540066,-0.15706089,-0.10065024,-0.08152827,-0.09427856,-0.15406048,-0.11960925,-0.15027548,-0.16982608,-0.1185138,-0.15407902,-0.15739043,-0.17738779,-0.15176103,-0.1541149,-0.25953975,-0.17989698,-0.13525523,-0.15411183,-0.15095688,-0.17780018,-0.2009549,-0.15409014,-0.09015879,-0.15379131,-0.12151222,-0.121854745,-0.13997786,-0.21433522,-0.13908121,-0.16057305,-0.15403402,-0.07092635,-0.15342972,-0.15656172,-0.18733518,-0.1538382,-0.12960067,-0.12334781,-0.14100276,-0.15406775,-0.114095174,-0.25318068,-0.26654312,-0.12881264,-0.10945694,-0.15405802,-0.09238048,-0.20963459,-0.15411207,-0.15730682,-0.1290923,-0.15403467,-0.16015086,-0.1553517,-0.15411681,-0.19704957,-0.20616047,-0.1284919,-0.10460003,-0.11361031,-0.10256614,-0.15410872,-0.19495486,-0.15408307,-0.12901257,-0.15394184,-0.041086134,-0.12967405,-0.1541155,-0.2300741,-0.15409279,-0.10384405,-0.15257707,-0.0784167,-0.15396196,-0.12766197,-0.15398319,-0.121451,-0.075820275,-0.09192432,-0.101488546,-0.15382747,-0.1572946,-0.12378413,-0.15394607,-0.1410757,-0.13984437,-0.18093297,-0.1541181,-0.25777104,-0.12844054,-0.15402064,-0.13462572,-0.119081676,-0.15408629,-0.1573927,-0.1573945,-0.15739569,-0.19755594,-0.25103784,-0.20219928,-0.19465852,-0.24831252,-0.20506537,-0.22091979,-0.15410212,-0.12930608,-0.11956477,-0.15409666,-0.1573888,-0.20931396,-0.18224281,-0.15408756,-0.32474133,-0.1541161,-0.15739854,-0.15739736,-0.15739696,-0.2185038,-0.15408677,-0.114121355,-0.15408987,-0.1573824,-0.15738903,-0.22984435,-0.15410931,-0.15737042,-0.08963354,-0.15400055,-0.15734574,-0.15736504,-0.15736619,-0.13302092,-0.1051107,-0.14014931,-0.15141064,-0.15839578,-0.15615125,-0.14613561,-0.15410537,-0.12319561,-0.12968177,-0.1540674,-0.15739834,-0.15739785,-0.15739785,-0.15739839,-0.38518023,-0.11451449,-0.15407509,-0.15564899,-0.14443555,-0.16636807,-0.15411113,-0.15731701,-0.12993515,-0.047159404,-0.14782876,-0.14016809,-0.14106366,-0.15395758,-0.19987361,-0.1649412,-0.17166539,-0.15408747,-0.15735313,-0.12722544,-0.14610182,-0.2588673,-0.12947537,-0.15398082,-0.09132757,-0.12832497,-0.13684332,-0.16221203,-0.15659244,-0.12889381,-0.1538429,-0.15729783,-0.15734975,-0.15738562,-0.15740095,-0.19795567,-0.15106063,-0.07294749,-0.2039893,-0.15407598,-0.15734804,-0.104459345,-0.15371302,-0.17466888,-0.13176009,-0.15408334,-0.15109587,-0.10913184,-0.15390876,-0.05825615,-0.14326635,-0.17082691,-0.15401873,-0.18883844,-0.15411729,-0.31316653,-0.15410712,-0.16808087,-0.14331596,-0.1541091,-0.15739472,-0.25088155,-0.15411767,-0.22115314,-0.07562123,-0.086852394,-0.10702289,-0.060967896,-0.14705366,5.362931,-0.15746465,-0.22133875,-0.12812386,-0.0969081,-0.16398169,-0.12716047,-0.11335766,-0.18846886,-0.12967476,-0.17755464,-0.0994983,-0.115196005,-0.15401983,-0.11662802,-0.19749595,-0.14526704,-0.12781724,-0.096878245,-0.1540193,-0.15718712,-0.12434345,-0.11230643,-0.063823454,-0.15394482,-0.11419349,-0.10007019,-0.24483351,-0.15411822,-0.15738606,-0.16344379,-0.1759062,-0.12524253,-0.15410253,-0.0782174,-0.19187105,-0.18185812,-0.09859173,-0.11065883,-0.15375425,-0.15705201,-0.083404,-0.1213824,-0.13072303,-0.13855581,-0.19385117,-0.15407875,-0.15739134,-0.19487974,-0.23847799,-0.2432746,-0.12932736,-0.15389886,-0.15736085,-0.14520228,-0.2961179,-0.15411745,-0.19813283,-0.12957476,-0.15404934,-0.060104962,-0.15931924,-0.15411559,-0.2028091,-0.2868003,-0.11816878,-0.14795661,-0.10060286,-0.1539498,-0.13614628,-0.20725825,-0.17393659,-0.125103,-0.15657571,-0.15690626,-0.1541141,-0.15739395,-0.16221246,-0.22200036,-0.12975064,-0.2814266,-0.15411867,-0.1915083,-0.24371436,-0.16952515,-0.15402666,-0.13369927,-0.12557748,-0.15411076,-0.18106565,-0.1541184,-0.18642783,-0.15405884,-0.30462334,-0.15399994,-0.14691104,-0.13029914,-0.15410456,-0.1573807,-0.18915205,-0.12966612,-0.1541099,-0.10481856,-0.1650517,-0.15410763,-0.15739612,-0.15736559,-0.12924713,-0.15400548,-0.15735999,-0.15735008,-0.15736255,-0.15737112,-0.16505513,-0.17392421,-0.1541028,-0.15738837,-0.1573776,-0.15738893,-0.2025511,-0.15354379,-0.14723541,-0.15304542,-0.11499533,-0.10471026,-0.11893196,-0.15410662,-0.15731408,-0.12962285,-0.19501048,-0.15411502,-0.18738703,-0.11705899,-0.17429145,-0.15410495,-0.06652963,-0.15384206,-0.10737923,-0.124497145,-0.15298569,-0.052188452,-0.26007295
k__Bacteria|p__Firmicutes|c__Clostridia|o__Eubacteriales|f__Clostridiaceae|g__Clostridium|s__Clostridium_SGB6176,-0.1004395,-0.12316422,-0.15508035,-0.1584318,-0.15843207,-0.23867357,-0.1666669,-0.16813041,-0.10929718,-0.22895765,-0.23728925,-0.15508537,-0.22850217,-0.3768707,-0.08556121,-0.1546678,-0.058144663,-0.15452564,-0.15836698,-0.19931981,-0.1978925,-0.12999676,-0.15504842,-0.12711628,-0.20043859,-0.11658599,-0.182019,-0.25032333,-0.1509206,-0.15505368,-0.15142563,-0.10844302,-0.18249588,-0.28454733,-0.15507159,-0.13018961,-0.15508285,-0.22338755,-0.15508574,-0.29867563,-0.1550858,-0.29356226,-0.12948585,-0.15493178,-0.13691942,-0.15507996,-0.23188588,-0.24781659,-0.1296162,-0.1301958,-0.24679694,-0.18279888,-0.25087595,-0.26027086,-0.28621647,-0.27511892,-0.11894142,-0.15499505,-0.040142577,-0.056944285,-0.15433067,-0.11274739,-0.13743341,-0.13007776,-0.15506314,-0.15842718,-0.15843186,-0.15843251,-0.27573854,-0.15504463,-0.13007972,-0.16243835,-0.12334165,-0.14074792,-0.15505005,-0.15887658,-0.14481027,-0.1301735,-0.18691605,-0.14998752,-0.1550732,-0.15840968,-0.15842147,-0.15835379,-0.120334074,-0.13700745,-0.08858878,-0.15506697,-0.19008024,-0.15507862,-0.2004665,-0.11139822,-0.1388583,-0.13027036,-0.1074974,-0.15152657,-0.15497805,-0.15812156,-0.10065024,-0.08152827,-0.09427856,-0.15502962,-0.11960925,-0.15027548,-0.16982608,-0.1185138,-0.15504722,-0.1584255,-0.17738779,-0.15176103,-0.15508163,-0.25953975,-0.17989698,-0.13525523,-0.15507868,-0.15095688,-0.17780018,-0.2009549,-0.15505768,-0.09015879,-0.15477283,-0.12151222,-0.121854745,-0.13997786,-0.21433522,-0.13908121,-0.16057305,-0.15500431,-0.07092635,-0.15443006,-0.15763003,-0.18733518,-0.1548163,-0.13006642,-0.12334781,-0.14100276,-0.15503651,-0.114095174,-0.25318068,-0.26654312,-0.12931302,-0.10945694,-0.15502724,-0.09238048,-0.20963459,-0.15507892,-0.15834501,-0.12958051,-0.15500513,-0.16015086,-0.1553517,-0.15508345,-0.19704957,-0.20616047,-0.1289994,-0.10460003,-0.11361031,-0.10256614,-0.15507571,-0.19495486,-0.155051,-0.129504,-0.15491699,-0.041086134,-0.12967405,-0.15508217,-0.2300741,-0.15506011,-0.10384405,-0.15362394,-0.0784167,-0.15493569,-0.12766197,-0.15495579,-0.121451,-0.075820275,-0.09192432,-0.101488546,-0.1548069,-0.15833402,-0.12378413,-0.1549249,-0.1410757,-0.13984437,-0.18093297,-0.1550847,-0.25777104,-0.12844054,-0.15499122,-0.13462572,-0.119081676,-0.1550543,-0.15842766,-0.15842935,-0.15843052,-0.19755594,-0.25103784,-0.20219928,-0.19465852,-0.24831252,-0.20506537,-0.22091979,-0.15506926,-0.12978536,-0.11956477,-0.1550642,-0.1584239,-0.20931396,-0.18224281,-0.15505542,-0.32474133,-0.15508275,-0.15843323,-0.15843213,-0.15843171,-0.2185038,-0.15505445,-0.114121355,-0.15505755,-0.1584177,-0.15842414,-0.22984435,-0.15507628,-0.15840614,-0.08963354,-0.15497224,-0.1583828,-0.15840113,-0.15840235,-0.13302092,-0.1051107,-0.14014931,-0.15141064,-0.15839578,-0.15615125,-0.14613561,-0.15507254,-0.12319561,-0.1301453,-0.15503602,-0.15843305,-0.15843257,-0.15843257,-0.15843308,-0.38518023,-0.11451449,-0.15504348,-0.15564899,-0.14443555,-0.16636807,-0.15507801,-0.1583544,-0.12993515,-0.047159404,-0.14905815,-0.14016809,-0.14106366,-0.15493096,-0.19987361,-0.1649412,-0.17166539,-0.1550554,-0.1583899,-0.12722544,-0.14610182,-0.2588673,-0.12994944,-0.15495372,-0.09132757,-0.12832497,-0.13684332,-0.16221203,-0.15659244,-0.12937444,-0.15482157,-0.1583369,-0.15838659,-0.1584209,-0.15740095,-0.19795567,-0.15106063,-0.07294749,-0.2039893,-0.15504432,-0.15838501,-0.104459345,-0.15470968,-0.17466888,-0.13176009,-0.1550515,-0.15109587,-0.10913184,-0.15488532,-0.05825615,-0.14326635,-0.17082691,-0.15498947,-0.18883844,-0.1550839,-0.31316653,-0.15507403,-0.16808087,-0.14331596,-0.15507606,-0.15842956,-0.25088155,-0.15508428,-0.22115314,-0.07562123,-0.086852394,-0.10702289,-0.060967896,-0.1483058,-0.16796505,-0.15746465,-0.22133875,-0.12812386,-0.0969081,-0.16398169,-0.12716047,-0.11335766,-0.18846886,-0.13013874,-0.17755464,-0.0994983,-0.115196005,-0.15499064,-0.11662802,-0.19749595,-0.14526704,-0.12781724,-0.096878245,-0.15499035,-0.1582312,-0.12434345,-0.11230643,-0.063823454,-0.1549194,-0.11419349,-0.10007019,-0.24483351,-0.15508482,-0.15842113,-0.16344379,-0.1759062,-0.12524253,-0.1550698,-0.0782174,-0.19187105,-0.18185812,-0.09859173,-0.11065883,-0.1547375,-0.15810251,-0.083404,-0.1213824,-0.13072303,-0.13855581,-0.19385117,-0.15504691,-0.15842634,-0.19487974,-0.23847799,-0.2432746,-0.1298053,-0.15487519,-0.15839712,-0.14520228,-0.2961179,-0.15508406,-0.19813283,-0.1300424,-0.15501884,-0.060104962,-0.15931924,-0.15508226,-0.2028091,-0.2868003,-0.11816878,-0.14795661,-0.10060286,-0.1549235,-0.13614628,-0.20725825,-0.17393659,-0.125103,-0.15657571,-0.15690626,-0.15508083,-0.15842882,-0.16221246,-0.22200036,-0.13021126,-0.2814266,-0.15508524,-0.1915083,-0.24371436,-0.16952515,-0.154997,-0.13369927,-0.12557748,-0.15507762,-0.18106565,-0.15508497,-0.18642783,-0.15502761,-0.30462334,-0.1549713,-0.14691104,-0.13029914,-0.15507172,-0.15841617,-0.18915205,-0.13013045,-0.15507683,-0.10481856,-0.1650517,-0.15507463,-0.1584309,-0.15840128,-0.12972715,-0.15497714,-0.15839627,-0.15838683,-0.15839873,-0.158407,-0.16505513,-0.17392421,-0.15507,-0.15842351,-0.15841317,-0.15842405,-0.2025511,-0.15354379,-0.14723541,-0.15405461,-0.11499533,-0.10471026,-0.11893196,-0.1550737,-0.15835214,-0.13008994,-0.19501048,-0.15508173,-0.18738703,-0.11705899,-0.17429145,-0.1550719,-0.06652963,-0.15482263,-0.10737923,-0.124497145,-0.15298569,-0.052188452,-0.26007295
k__Bacteria|p__Firmicutes|c__Bacilli|o__Bacillales|f__Paenibacillaceae|g__Paenibacillus|s__Paenibacillus_sp_79R4,-0.1004395,-0.12316422,-0.15392151,-0.15719417,-0.15719444,-0.23867357,-0.1666669,-0.16813041,-0.10929718,-0.22895765,-0.23728925,-0.1539259,-0.22850217,-0.3768707,-0.08556121,-0.15355255,-0.058144663,-0.15343113,-0.1571372,-0.19931981,-0.1978925,-0.12944435,-0.15389344,-0.12711628,-0.20043859,-0.11658599,-0.182019,-0.25032333,-0.1509206,-0.15389815,-0.15142563,-0.10844302,-0.18249588,-0.28454733,-0.15391387,-0.12961543,-0.15392369,-0.22338755,-0.15392625,-0.29867563,-0.1539263,-0.29356226,-0.1289902,-0.15379134,-0.13691942,-0.15392116,-0.23188588,-0.24781659,-0.1296162,-0.129621,-0.24679694,-0.18279888,-0.25087595,-0.26027086,-0.28621647,-0.27511892,-0.11894142,-0.15384647,-0.040142577,-0.056944285,-0.15326428,-0.11274739,-0.13743341,-0.1295174,-0.15390643,-0.15719011,-0.15719423,-0.15719481,-0.27573854,-0.15389028,-0.12951806,-0.16243835,-0.12334165,-0.14074792,-0.1538949,-0.15887658,-0.14481027,-0.12960124,-0.18691605,-0.14998752,-0.1539152,-0.15717477,-0.15718514,-0.15712531,-0.120334074,-0.13700745,-0.08858878,-0.15390974,-0.19008024,-0.15391998,-0.2004665,-0.11139822,-0.1388583,-0.13027036,-0.1074974,-0.15152657,-0.15383166,-0.1569117,-0.10065024,-0.08152827,-0.09427856,-0.15387692,-0.11960925,-0.15027548,-0.16982608,-0.1185138,-0.15389244,-0.15718864,-0.17738779,-0.15176103,-0.15392262,-0.25953975,-0.17989698,-0.13525523,-0.15392004,-0.15095688,-0.17780018,-0.2009549,-0.15390171,-0.09015879,-0.15365073,-0.12151222,-0.121854745,-0.13997786,-0.21433522,-0.13908121,-0.16057305,-0.15385464,-0.07092635,-0.15334675,-0.15649197,-0.18733518,-0.15368964,-0.12950794,-0.12334781,-0.14100276,-0.153883,-0.114095174,-0.25318068,-0.26654312,-0.128833,-0.10945694,-0.15387483,-0.09238048,-0.20963459,-0.15392023,-0.15711865,-0.12907185,-0.1538552,-0.16015086,-0.1553517,-0.15392423,-0.19704957,-0.20616047,-0.12856668,-0.10460003,-0.11361031,-0.10256614,-0.15391743,-0.19495486,-0.15389574,-0.12901127,-0.1537773,-0.041086134,-0.12967405,-0.15392311,-0.2300741,-0.153904,-0.10384405,-0.15262735,-0.0784167,-0.15379402,-0.12766197,-0.15381196,-0.121451,-0.075820275,-0.09192432,-0.101488546,-0.15368092,-0.15710813,-0.12378413,-0.1537797,-0.1410757,-0.13984437,-0.18093297,-0.15392533,-0.25777104,-0.12844054,-0.1538432,-0.13462572,-0.119081676,-0.15389858,-0.15719053,-0.15719204,-0.15719305,-0.19755594,-0.25103784,-0.20219928,-0.19465852,-0.24831252,-0.20506537,-0.22091979,-0.15391183,-0.1292564,-0.11956477,-0.1539073,-0.15718725,-0.20931396,-0.18224281,-0.15389952,-0.32474133,-0.1539236,-0.15719545,-0.15719447,-0.15719411,-0.2185038,-0.15389869,-0.114121355,-0.15390153,-0.15718186,-0.15718745,-0.22984435,-0.15391791,-0.1571716,-0.08963354,-0.15382649,-0.1571511,-0.15716729,-0.1571683,-0.13302092,-0.1051107,-0.14014931,-0.15141064,-0.15839578,-0.15615125,-0.14613561,-0.15391463,-0.12319561,-0.1295767,-0.15388268,-0.15719527,-0.15719485,-0.15719485,-0.15719531,-0.38518023,-0.11451449,-0.15388915,-0.15564899,-0.14443555,-0.16636807,-0.15391946,-0.15712672,-0.12993515,-0.047159404,-0.14864154,-0.14016809,-0.14106366,-0.15379047,-0.19987361,-0.1649412,-0.17166539,-0.15389958,-0.15715733,-0.12722544,-0.14610182,-0.2588673,-0.12939979,-0.15381,-0.09132757,-0.12832497,-0.13684332,-0.16221203,-0.15659244,-0.12889074,-0.15369362,-0.1571108,-0.15715444,-0.1571846,-0.15740095,-0.19795567,-0.15106063,-0.07294749,-0.2039893,-0.1538899,-0.15715301,-0.104459345,-0.15357834,-0.17466888,-0.13176009,-0.15389612,-0.15109587,-0.10913184,-0.15374947,-0.05825615,-0.14326635,-0.17082691,-0.15384181,-0.18883844,-0.15392461,-0.31316653,-0.15391603,2.9010952,-0.14331596,-0.15391776,-0.15719223,-0.25088155,-0.15392497,-0.22115314,-0.07562123,-0.086852394,-0.10702289,-0.060967896,-0.147988,-0.16796505,-0.15746465,-0.22133875,-0.12812386,-0.0969081,-0.16398169,-0.12716047,-0.11335766,-0.18846886,-0.1295705,-0.17755464,-0.0994983,-0.115196005,-0.15384275,-0.11662802,-0.19749595,-0.14526704,-0.12781724,-0.096878245,-0.15384229,-0.1570178,-0.12434345,-0.11230643,-0.063823454,-0.15377966,-0.11419349,-0.10007019,-0.24483351,-0.15392542,-0.1571849,-0.16344379,-0.1759062,-0.12524253,-0.15391223,-0.0782174,-0.19187105,-0.18185812,-0.09859173,-0.11065883,-0.15361968,-0.15690443,-0.083404,-0.1213824,-0.13072303,-0.13855581,-0.19385117,-0.15389222,-0.1571894,-0.19487974,-0.23847799,-0.2432746,-0.12927663,-0.15374115,-0.15716377,-0.14520228,-0.2961179,-0.15392476,-0.19813283,-0.12948513,-0.15386748,-0.060104962,-0.15931924,-0.15392318,-0.2028091,-0.2868003,-0.11816878,-0.14795661,-0.10060286,-0.15378392,-0.13614628,-0.20725825,-0.17393659,-0.125103,-0.15657571,-0.15690626,-0.15392193,-0.15719157,-0.16221246,-0.22200036,-0.12963459,-0.2814266,-0.1539258,-0.1915083,-0.24371436,-0.16952515,-0.15384841,-0.13369927,-0.12557748,-0.15391912,-0.18106565,-0.15392557,-0.18642783,-0.15387538,-0.30462334,-0.153826,-0.14691104,-0.13029914,-0.15391394,-0.15718046,-0.18915205,-0.12956317,-0.15391842,-0.10481856,-0.1650517,-0.15391651,-0.15719339,-0.15716761,-0.1292046,-0.15383074,-0.15716305,-0.15715471,-0.1571652,-0.15717238,-0.16505513,-0.17392421,-0.15391244,-0.15718691,-0.15717784,-0.15718737,-0.2025511,-0.15354379,-0.14723541,-0.15302362,-0.11499533,-0.10471026,-0.11893196,-0.15391566,-0.15712415,-0.12952659,-0.19501048,-0.15392274,-0.18738703,-0.11705899,-0.17429145,-0.15391415,-0.06652963,-0.15369353,-0.10737923,-0.124497145,-0.15298569,-0.052188452,-0.26007295
k__Bacteria|p__Firmicutes|c__Clostridia|o__Eubacteriales|f__Oscillospiraceae|g__Agathobaculum|s__Agathobaculum_desmolans,-0.1004395,-0.12316422,-0.15437879,-0.1576663,-0.15766655,-0.23867357,-0.1666669,-0.16813041,-0.10929718,-0.22895765,-0.23728925,-0.1543833,-0.22850217,-0.3768707,-0.08556121,-0.1540023,-0.058144663,-0.15387768,-0.15760791,-0.19931981,-0.1978925,-0.12978472,-0.15435003,-0.12711628,-0.20043859,-0.11658599,-0.182019,-0.25032333,-0.1509206,-0.15435478,-0.15142563,-0.10844302,-0.18249588,-0.28454733,-0.15437087,-0.12996253,-0.15438104,-0.22338755,-0.15438364,-0.29867563,-0.1543837,-0.29356226,-0.12930857,-0.15424493,-0.13691942,-0.15437844,-0.23188588,-0.24781659,-0.1296162,-0.12996823,-0.24679694,-0.18279888,-0.25087595,-0.26027086,-0.28621647,-0.27511892,-0.11894142,-0.15430187,-0.040142577,-0.056944285,-0.15370348,-0.11274739,-0.13743341,-0.12986003,-0.15436329,-0.15766212,-0.15766634,-0.15766695,-0.27573854,-0.15434629,-0.12986158,-0.16243835,-0.12334165,-0.14074792,-0.1543515,-0.15887658,-0.14481027,-0.12994787,-0.18691605,-0.14998752,-0.15437233,-0.15764639,-0.157657,-0.15759535,-0.120334074,-0.13700745,-0.08858878,-0.15436672,-0.19008024,-0.15437722,-0.2004665,-0.11139822,-0.1388583,-0.13027036,-0.1074974,-0.15152657,-0.15428662,-0.15737353,-0.10065024,-0.08152827,-0.09427856,-0.15433308,-0.11960925,-0.15027548,-0.16982608,-0.1185138,-0.15434897,-0.15766062,-0.17738779,-0.15176103,-0.15437993,-0.25953975,-0.17989698,-0.13525523,-0.15437728,-0.15095688,-0.17780018,-0.2009549,-0.15435821,-0.09015879,-0.15410146,-0.12151222,-0.121854745,-0.13997786,-0.21433522,-0.13908121,-0.16057305,-0.15431029,-0.07092635,-0.1537905,-0.15694371,-0.18733518,-0.15414,-0.12984782,-0.12334781,-0.14100276,-0.15433934,-0.114095174,-0.25318068,-0.26654312,-0.12913744,-0.10945694,-0.15433094,-0.09238048,-0.20963459,-0.15437749,-0.15758786,-0.1293926,-0.15431091,-0.16015086,-0.1553517,-0.15438157,-0.19704957,-0.20616047,-0.12884372,-0.10460003,-0.11361031,-0.10256614,-0.1543746,-0.19495486,-0.15435222,-0.12931138,-0.15423128,-0.041086134,-0.12967405,-0.15438043,-0.2300741,-0.15436067,-0.10384405,-0.15305781,-0.0784167,-0.15424827,-0.12766197,-0.15426649,-0.121451,-0.075820275,-0.09192432,-0.101488546,-0.15413208,-0.15757817,-0.12378413,-0.15423384,-0.1410757,-0.13984437,-0.18093297,-0.1543827,-0.25777104,-0.12844054,-0.15429766,-0.13462572,-0.119081676,-0.15435535,-0.15766257,-0.1576641,-0.15766513,-0.19755594,-0.25103784,-0.20219928,-0.19465852,-0.24831252,-0.20506537,-0.22091979,-0.15436882,-0.12958421,-0.11956477,-0.15436423,-0.15765917,-0.20931396,-0.18224281,-0.15435615,-0.32474133,-0.15438095,-0.15766759,-0.1576666,-0.15766624,-0.2185038,-0.15435538,-0.114121355,-0.15435828,-0.1576536,-0.1576594,-0.22984435,-0.15437512,-0.15764314,-0.08963354,-0.15428138,-0.15762216,-0.15763867,-0.1576398,-0.13302092,-0.1051107,-0.14014931,-0.15141064,-0.15839578,-0.15615125,-0.14613561,-0.15437174,-0.12319561,-0.12992226,-0.15433885,-0.15766743,-0.157667,-0.15766701,-0.15766746,-0.38518023,-0.11451449,-0.15434559,-0.15564899,-0.14443555,-0.16636807,-0.15437669,-0.15759665,-0.12993515,-0.047159404,-0.14895087,-0.14016809,-0.14106366,-0.15424426,-0.19987361,-0.1649412,-0.17166539,-0.1543563,-0.15762855,-0.12722544,-0.14610182,-0.2588673,-0.12973776,-0.15426445,-0.09132757,-0.12832497,-0.13684332,-0.16221203,-0.15659244,-0.12919301,-0.15414527,-0.1575808,-0.1576256,-0.15765646,-0.15740095,-0.19795567,-0.15106063,-0.07294749,-0.2039893,-0.15434629,-0.15762417,-0.104459345,-0.15401235,-0.17466888,-0.13176009,-0.15435278,-0.15109587,-0.10913184,-0.15420213,-0.05825615,-0.14326635,-0.17082691,-0.15429693,-0.18883844,-0.15438199,-0.31316653,-0.15437314,3.5686793,-0.14331596,-0.15437493,-0.1576643,-0.25088155,-0.15438233,-0.22115314,-0.07562123,-0.086852394,-0.10702289,-0.060967896,-0.14827603,-0.16796505,-0.15746465,-0.22133875,-0.12812386,-0.0969081,-0.16398169,-0.12716047,-0.11335766,-0.18846886,-0.12991585,-0.17755464,-0.0994983,-0.115196005,-0.15429795,-0.11662802,-0.19749595,-0.14526704,-0.12781724,-0.096878245,-0.15429768,-0.15748537,-0.12434345,-0.11230643,-0.063823454,-0.15423347,-0.11419349,-0.10007019,-0.24483351,-0.1543828,-0.15765673,-0.16344379,-0.1759062,-0.12524253,-0.1543693,-0.0782174,-0.19187105,-0.18185812,-0.09859173,-0.11065883,-0.15406942,-0.1573692,-0.083404,-0.1213824,-0.13072303,-0.13855581,-0.19385117,-0.15434867,-0.15766138,-0.19487974,-0.23847799,-0.2432746,-0.12960503,-0.15419374,-0.15763506,-0.14520228,-0.2961179,-0.15438214,-0.19813283,-0.1298266,-0.15432334,-0.060104962,-0.15931924,-0.1543805,-0.2028091,-0.2868003,-0.11816878,-0.14795661,-0.10060286,-0.15423742,-0.13614628,-0.20725825,-0.17393659,-0.125103,-0.15657571,-0.15690626,-0.15437922,-0.15766361,-0.16221246,-0.22200036,-0.12998222,-0.2814266,-0.15438318,-0.1915083,-0.24371436,-0.16952515,-0.15430309,-0.13369927,-0.12557748,-0.15437633,-0.18106565,-0.15438294,-0.18642783,-0.15433116,-0.30462334,-0.15428056,-0.14691104,-0.13029914,-0.15437101,-0.15765221,-0.18915205,-0.1299086,-0.15437561,-0.10481856,-0.1650517,-0.15437365,-0.15766549,-0.15763889,-0.12952822,-0.15428574,-0.1576343,-0.15762578,-0.15763652,-0.15764397,-0.16505513,-0.17392421,-0.15436946,-0.15765885,-0.15764952,-0.15765932,-0.2025511,-0.15354379,-0.14723541,-0.15345481,-0.11499533,-0.10471026,-0.11893196,-0.15437281,-0.15759417,-0.12987137,-0.19501048,-0.15438002,-0.18738703,-0.11705899,-0.17429145,-0.15437122,-0.06652963,-0.15414563,-0.10737923,-0.124497145,-0.15298569,-0.052188452,-0.26007295
k__Bacteria|p__Firmicutes|c__Negativicutes|o__Veillonellales|f__Veillonellaceae|g__Megasphaera|s__Megasphaera_elsdenii,-0.1004395,-0.12316422,-0.15417656,-0.15745813,-0.15745836,-0.23867357,-0.1666669,-0.16813041,-0.10929718,-0.22895765,-0.23728925,-0.15418072,-0.22850217,-0.3768707,-0.08556121,-0.15383458,-0.058144663,-0.15371746,-0.15740454,-0.19931981,-0.1978925,-0.12964793,-0.15415019,-0.12711628,-0.20043859,-0.11658599,-0.182019,-0.25032333,-0.1509206,-0.1541545,-0.15142563,-0.10844302,-0.18249588,-0.28454733,-0.15416926,-0.12980478,-0.15417865,-0.22338755,-0.15418103,-0.29867563,-0.1541811,-0.29356226,-0.12922847,-0.15405363,-0.13691942,-0.15417627,-0.23188588,-0.24781659,-0.1296162,-0.1298098,-0.24679694,-0.18279888,-0.25087595,-0.26027086,-0.28621647,-0.27511892,-0.11894142,-0.15410605,-0.040142577,-0.056944285,-0.15355566,-0.11274739,-0.13743341,-0.12971485,-0.15416232,-0.1574543,-0.15745817,-0.15745872,-0.27573854,-0.15414721,-0.1297145,-0.16243835,-0.12334165,-0.14074792,-0.1541515,-0.15887658,-0.14481027,-0.12979165,-0.18691605,-0.14998752,-0.15417065,-0.15743984,-0.15744959,-0.15739349,-0.120334074,-0.13700745,-0.08858878,-0.1541655,-0.19008024,-0.15417513,-0.2004665,-0.11139822,-0.1388583,-0.13027036,-0.1074974,-0.15152657,-0.15409201,-0.15719432,-0.10065024,-0.08152827,-0.09427856,-0.15413466,-0.11960925,-0.15027548,-0.16982608,-0.1185138,-0.15414913,-0.15745291,-0.17738779,-0.15176103,-0.15417762,-0.25953975,-0.17989698,-0.13525523,-0.15417519,-0.15095688,-0.17780018,-0.2009549,-0.15415782,-0.09015879,-0.15392229,-0.12151222,-0.121854745,-0.13997786,-0.21433522,-0.13908121,-0.16057305,-0.1541138,-0.07092635,-0.15363793,-0.15679339,-0.18733518,-0.15395765,-0.12970778,-0.12334781,-0.14100276,-0.15414034,-0.114095174,-0.25318068,-0.26654312,-0.12909852,-0.10945694,-0.1541327,-0.09238048,-0.20963459,-0.15417539,-0.1573863,-0.12931798,-0.15411435,-0.16015086,-0.1553517,-0.15417914,-0.19704957,-0.20616047,-0.12885045,-0.10460003,-0.11361031,-0.10256614,-0.15417275,-0.19495486,-0.15415229,-0.12926306,-0.15404144,-0.041086134,-0.12967405,-0.15417807,-0.2300741,-0.15415996,-0.10384405,-0.15296884,-0.0784167,-0.15405703,-0.12766197,-0.15407361,-0.121451,-0.075820275,-0.09192432,-0.101488546,-0.15395068,-0.15737733,-0.12378413,-0.1540443,-0.1410757,-0.13984437,-0.18093297,-0.15418017,-0.25777104,-0.12844054,-0.15410253,-0.13462572,-0.119081676,-0.15415508,-0.1574547,-0.15745611,-0.15745707,-0.19755594,-0.25103784,-0.20219928,-0.19465852,-0.24831252,-0.20506537,-0.22091979,-0.15416738,-0.12948479,-0.11956477,-0.15416321,-0.15745158,-0.20931396,-0.18224281,-0.15415576,-0.32474133,-0.15417856,-0.15745932,-0.1574584,-0.15745807,-0.2185038,-0.15415515,-0.114121355,-0.15415773,-0.15744643,-0.15745178,-0.22984435,-0.15417323,-0.1574369,-0.08963354,-0.15408719,-0.15741764,-0.15743275,-0.15743381,-0.13302092,-0.1051107,-0.14014931,-0.15141064,-0.15839578,-0.15615125,-0.14613561,-0.15417011,-0.12319561,-0.12976885,-0.15413982,-0.15745917,-0.15745878,-0.15745878,-0.1574592,-0.38518023,-0.11451449,-0.15414608,-0.15564899,-0.14443555,-0.16636807,-0.15417463,-0.15739411,-0.12993515,-0.047159404,-0.14918147,-0.14016809,-0.14106366,-0.15405294,-0.19987361,-0.1649412,-0.17166539,-0.15415592,-0.15742354,-0.12722544,-0.14610182,-0.2588673,-0.12961225,-0.15407196,-0.09132757,-0.12832497,-0.13684332,-0.16221203,-0.15659244,-0.12915698,-0.15396269,-0.15737972,-0.15742078,-0.1574491,-0.15740095,-0.19795567,-0.15106063,-0.07294749,-0.2039893,-0.1541467,-0.15741955,-0.104459345,-0.15385121,-0.17466888,-0.13176009,-0.15415275,-0.15109587,-0.10913184,-0.15401536,-0.05825615,-0.14326635,-0.17082691,-0.15410134,-0.18883844,-0.15417951,-0.31316653,-0.15417133,-0.16808087,-0.14331596,-0.15417303,-0.15745628,-0.25088155,-0.15417983,-0.22115314,-0.07562123,-0.086852394,-0.10702289,-0.060967896,-0.14856194,-0.16796505,-0.15746465,-0.22133875,-0.12812386,-0.0969081,-0.16398169,-0.12716047,-0.11335766,-0.18846886,-0.12976344,-0.17755464,-0.0994983,-0.115196005,-0.15410239,-0.11662802,-0.19749595,-0.14526704,-0.12781724,-0.096878245,-0.15410224,-0.15729243,-0.12434345,-0.11230643,-0.063823454,-0.15404364,-0.11419349,-0.10007019,-0.24483351,-0.15418027,-0.15744929,-0.16344379,-0.1759062,-0.12524253,-0.15416785,-0.0782174,-0.19187105,-0.18185812,-0.09859173,-0.11065883,-0.15389298,-0.15718576,-0.083404,-0.1213824,-0.13072303,-0.13855581,-0.19385117,-0.1541489,-0.15745363,-0.19487974,-0.23847799,-0.2432746,-0.12949482,-0.15400697,-0.15742946,-0.14520228,-0.2961179,-0.15417965,-0.19813283,-0.12968664,-0.1541257,-0.060104962,-0.15931924,-0.15417814,-0.2028091,-0.2868003,-0.11816878,-0.14795661,-0.10060286,-0.15404683,-0.13614628,-0.20725825,-0.17393659,-0.125103,-0.15657571,-0.15690626,-0.15417697,-0.15745567,-0.16221246,-0.22200036,-0.12982251,-0.2814266,-0.15418062,-0.1915083,-0.24371436,-0.16952515,-0.15410736,-0.13369927,-0.12557748,-0.15417431,-0.18106565,-0.15418041,-0.18642783,-0.15413272,-0.30462334,-0.15408623,-0.14691104,-0.13029914,-0.15416944,-0.15744522,-0.18915205,-0.12975639,-0.15417367,-0.10481856,-0.1650517,-0.15417182,-0.1574574,-0.15743297,-0.12943971,-0.1540913,-0.15742874,-0.1574209,-0.15743074,-0.15743768,-0.16505513,-0.17392421,-0.15416801,-0.15745127,-0.15744272,-0.15745172,-0.2025511,-0.15354379,-0.14723541,-0.15332624,-0.11499533,-0.10471026,-0.11893196,-0.15417108,-0.15739205,-0.12972301,-0.19501048,-0.15417771,-0.18738703,-0.11705899,-0.17429145,-0.15416962,-0.06652963,-0.15396336,-0.10737923,-0.124497145,-0.15298569,-0.052188452,-0.26007295
k__Bacteria|p__Firmicutes|c__Negativicutes|o__Veillonellales|f__Veillonellaceae|g__Veillonella|s__Veillonella_seminalis,-0.1004395,-0.12316422,-0.15376431,-0.15703753,-0.1570378,-0.23867357,-0.1666669,-0.16813041,-0.10929718,-0.22895765,-0.23728925,-0.15376914,-0.22850217,-0.3768707,-0.08556121,-0.15336028,-0.058144663,-0.15322879,-0.15697503,-0.19931981,-0.1978925,-0.1292678,-0.15373361,-0.12711628,-0.20043859,-0.11658599,-0.182019,-0.25032333,-0.1509206,-0.15373865,-0.15142563,-0.10844302,-0.18249588,-0.28454733,-0.1537559,-0.12945467,-0.15376672,-0.22338755,-0.15376951,-0.29867563,-0.15376958,-0.29356226,-0.1287681,-0.1536211,-0.13691942,-0.15376396,-0.23188588,-0.24781659,-0.1296162,-0.12946069,-0.24679694,-0.18279888,-0.25087595,-0.26027086,-0.28621647,-0.27511892,-0.11894142,-0.15368219,-0.040142577,-0.056944285,-0.15304172,-0.11274739,-0.13743341,-0.12934625,-0.15374771,-0.15703306,-0.15703757,-0.15703821,-0.27573854,-0.15372972,-0.1293481,-0.16243835,-0.12334165,-0.14074792,-0.15373516,-0.15887658,-0.14481027,-0.12943941,-0.18691605,-0.14998752,-0.15375741,-0.15701625,-0.15702756,-0.15696155,-0.120334074,-0.13700745,-0.08858878,-0.15375143,-0.19008024,-0.15376267,-0.2004665,-0.11139822,-0.1388583,-0.13027036,-0.1074974,-0.15152657,-0.15366584,-0.15672302,-0.10065024,-0.08152827,-0.09427856,-0.1537155,-0.11960925,-0.15027548,-0.16982608,-0.1185138,-0.15373239,-0.15703145,-0.17738779,-0.15176103,-0.15376553,-0.25953975,-0.17989698,-0.13525523,-0.15376273,-0.15095688,-0.17780018,-0.2009549,-0.15374234,-0.09015879,-0.15346813,-0.12151222,-0.121854745,-0.13997786,-0.21433522,-0.13908121,-0.16057305,-0.15369114,-0.07092635,-0.15313463,-0.15626334,-0.18733518,-0.15350819,-0.12933533,-0.12334781,-0.14100276,-0.15372212,-0.114095174,-0.25318068,-0.26654312,-0.12859035,-0.10945694,-0.15371323,-0.09238048,-0.20963459,-0.15376295,-0.15695384,-0.12885353,-0.15369156,-0.16015086,-0.1553517,-0.15376732,-0.19704957,-0.20616047,-0.12831038,-0.10460003,-0.11361031,-0.10256614,-0.15375987,-0.19495486,-0.15373597,-0.12877916,-0.15360653,-0.041086134,-0.12967405,-0.15376607,-0.2300741,-0.153745,-0.10384405,-0.15234566,-0.0784167,-0.1536245,-0.12766197,-0.15364423,-0.121451,-0.075820275,-0.09192432,-0.101488546,-0.15350063,-0.15694332,-0.12378413,-0.15360951,-0.1410757,-0.13984437,-0.18093297,-0.15376851,-0.25777104,-0.12844054,-0.15367833,-0.13462572,-0.119081676,-0.15373927,-0.15703353,-0.15703517,-0.1570363,-0.19755594,-0.25103784,-0.20219928,-0.19465852,-0.24831252,-0.20506537,-0.22091979,-0.15375365,-0.1290531,-0.11956477,-0.15374878,-0.15702993,-0.20931396,-0.18224281,-0.15374011,-0.32474133,-0.15376663,-0.15703891,-0.15703782,-0.15703747,-0.2185038,-0.15373948,-0.114121355,-0.15374236,-0.1570239,-0.15703014,-0.22984435,-0.15376042,-0.1570128,-0.08963354,-0.15366015,-0.15699042,-0.15700798,-0.15700923,-0.13302092,-0.1051107,-0.14014931,-0.15141064,-0.15839578,-0.15615125,-0.14613561,-0.15375681,-0.12319561,-0.12941198,-0.15372156,-0.15703872,-0.15703827,-0.15703827,-0.15703878,-0.38518023,-0.11451449,-0.15372881,-0.15564899,-0.14443555,-0.16636807,-0.15376204,-0.15696302,-0.12993515,-0.047159404,-0.14794496,-0.14016809,-0.14106366,-0.15362044,-0.19987361,-0.1649412,-0.17166539,-0.15374032,-0.15699726,-0.12722544,-0.14610182,-0.2588673,-0.12921765,-0.1536422,-0.09132757,-0.12832497,-0.13684332,-0.16221203,-0.15659244,-0.12864995,-0.1535145,-0.15694618,-0.15699403,-0.157027,-0.15740095,-0.19795567,-0.15106063,-0.07294749,-0.2039893,-0.15372957,-0.15699252,-0.104459345,-0.15338351,-0.17466888,-0.13176009,-0.1537366,-0.15109587,-0.10913184,-0.15357551,-0.05825615,-0.14326635,-0.17082691,-0.1536768,-0.18883844,-0.15376773,-0.31316653,-0.15375823,-0.16808087,-0.14331596,-0.15376021,-0.15703538,-0.25088155,-0.15376812,-0.22115314,-0.07562123,-0.086852394,-0.10702289,-0.060967896,-0.14722927,-0.16796505,-0.15746465,-0.22133875,-0.12812386,-0.0969081,-0.16398169,-0.12716047,-0.11335766,-0.18846886,-0.12940514,-0.17755464,-0.0994983,-0.115196005,-0.15367788,-0.11662802,-0.19749595,-0.14526704,-0.12781724,-0.096878245,-0.15367778,-0.15684421,-0.12434345,-0.11230643,-0.063823454,-0.15360889,-0.11419349,-0.10007019,-0.24483351,-0.15376861,-0.1570273,-0.16344379,-0.1759062,-0.12524253,-0.15375417,-0.0782174,-0.19187105,-0.18185812,-0.09859173,-0.11065883,-0.15343376,-0.15671995,-0.083404,-0.1213824,-0.13072303,-0.13855581,-0.19385117,-0.15373209,-0.15703228,-0.19487974,-0.23847799,-0.2432746,-0.12907875,-0.15356655,-0.15700412,-0.14520228,-0.2961179,-0.1537679,-0.19813283,-0.12931184,-0.153705,-0.060104962,-0.15931924,-0.15376616,-0.2028091,-0.2868003,-0.11816878,-0.14795661,-0.10060286,-0.15361315,-0.13614628,-0.20725825,-0.17393659,-0.125103,-0.15657571,-0.15690626,-0.15376477,-0.15703467,-0.16221246,-0.22200036,-0.12947553,-0.2814266,-0.15376902,-0.1915083,-0.24371436,7.197354,-0.1536836,-0.13369927,-0.12557748,-0.15376168,-0.18106565,-0.15376878,-0.18642783,-0.15371338,-0.30462334,-0.15365916,-0.14691104,-0.13029914,-0.15375602,-0.15702248,-0.18915205,-0.12939773,-0.15376094,-0.10481856,-0.1650517,-0.1537588,-0.15703666,-0.15700816,-0.12899363,-0.15366492,-0.15700327,-0.15699422,-0.15700567,-0.15701365,-0.16505513,-0.17392421,-0.15375434,-0.15702957,-0.15701959,-0.15703008,-0.2025511,-0.15354379,-0.14723541,-0.15277463,-0.11499533,-0.10471026,-0.11893196,-0.15375791,-0.15696031,-0.12935767,-0.19501048,-0.15376565,-0.18738703,-0.11705899,-0.17429145,-0.15375629,-0.06652963,-0.15351498,-0.10737923,-0.124497145,-0.15298569,-0.052188452,-0.26007295
k__Bacteria|p__Firmicutes|c__Bacilli|o__Lactobacillales|f__Lactobacillaceae|g__Pediococcus|s__Pediococcus_pentosaceus,-0.1004395,-0.12316422,-0.15436992,-0.15769821,-0.15769848,-0.23867357,-0.1666669,-0.16813041,-0.10929718,-0.22895765,-0.23728925,-0.15437447,-0.22850217,-0.3768707,-0.08556121,-0.15399545,-0.058144663,-0.15387669,-0.15763962,-0.19931981,-0.1978925,-0.12947692,-0.15434134,-0.12711628,-0.20043859,-0.11658599,-0.182019,-0.25032333,-0.1509206,-0.15434572,-0.15142563,-0.10844302,-0.18249588,-0.28454733,-0.15436181,-0.12965132,-0.15437222,-0.22338755,-0.15437481,-0.29867563,-0.15437487,-0.29356226,-0.12901382,-0.15423444,-0.13691942,-0.15436965,-0.23188588,-0.24781659,-0.1296162,-0.12965676,-0.24679694,-0.18279888,-0.25087595,-0.26027086,-0.28621647,-0.27511892,-0.11894142,-0.15429327,-0.040142577,-0.056944285,-0.15368977,-0.11274739,-0.13743341,-0.1295492,-0.1543542,-0.15769409,-0.15769824,-0.15769887,-0.27573854,-0.15433663,-0.12955126,-0.16243835,-0.12334165,-0.14074792,-0.1543428,-0.15887658,-0.14481027,-0.1296371,-0.18691605,-0.14998752,-0.15436351,-0.15767832,-0.1576888,-0.15762503,-0.120334074,-0.13700745,-0.08858878,-0.15435797,-0.19008024,-0.15436842,-0.2004665,-0.11139822,-0.1388583,-0.13027036,-0.1074974,-0.15152657,-0.15427834,-0.15740132,-0.10065024,-0.08152827,-0.09427856,-0.15432459,-0.11960925,-0.15027548,-0.16982608,-0.1185138,-0.15433982,-0.15769255,-0.17738779,-0.15176103,-0.15437108,-0.25953975,-0.17989698,-0.13525523,-0.15436849,-0.15095688,-0.17780018,-0.2009549,-0.15434837,-0.09015879,-0.15409541,-0.12151222,-0.121854745,-0.13997786,-0.21433522,-0.13908121,-0.16057305,-0.15430196,-0.07092635,-0.15378283,-0.15696207,-0.18733518,-0.15412405,-0.12953763,-0.12334781,-0.14100276,-0.15433064,-0.114095174,-0.25318068,-0.26654312,-0.1288397,-0.10945694,-0.15432248,-0.09238048,-0.20963459,-0.1543687,-0.15761706,-0.12908596,-0.1543017,-0.16015086,-0.1553517,-0.15437274,-0.19704957,-0.20616047,-0.12856206,-0.10460003,-0.11361031,-0.10256614,-0.15436588,-0.19495486,-0.15434307,-0.12901017,-0.15422374,-0.041086134,-0.12967405,-0.15437151,-0.2300741,-0.15435141,-0.10384405,-0.15304911,-0.0784167,-0.15423912,-0.12766197,-0.15425809,-0.121451,-0.075820275,-0.09192432,-0.101488546,-0.1541242,-0.1576108,-0.12378413,-0.15422264,-0.1410757,-0.13984437,-0.18093297,-0.15437388,-0.25777104,-0.12844054,-0.15428787,-0.13462572,-0.119081676,-0.15434682,-0.15769449,-0.15769604,-0.15769707,-0.19755594,-0.25103784,-0.20219928,-0.19465852,-0.24831252,-0.20506537,-0.22091979,-0.15435967,-0.12927312,-0.11956477,-0.15435559,-0.15769109,-0.20931396,-0.18224281,-0.15434672,-0.32474133,-0.15437213,-0.15769953,-0.15769851,-0.15769818,-0.2185038,-0.15434581,-0.114121355,-0.15434909,-0.15768516,-0.1576913,-0.22984435,-0.15436637,-0.15767406,-0.08963354,-0.15427221,-0.15765466,-0.15767038,-0.1576721,-0.13302092,-0.1051107,-0.14014931,-0.15141064,-0.15839578,-0.15615125,-0.14613561,-0.15436311,-0.12319561,-0.12961113,-0.15432942,-0.15769935,-0.1576989,-0.15769891,-0.15769938,-0.38518023,-0.11451449,-0.15433672,-0.15564899,-0.14443555,-0.16636807,-0.15436777,-0.15762646,-0.12993515,-0.047159404,-0.14885214,-0.14016809,-0.14106366,-0.15423511,-0.19987361,-0.1649412,-0.17166539,-0.15434763,-0.15766117,-0.12722544,-0.14610182,-0.2588673,-0.12943032,-0.1542564,-0.09132757,-0.12832497,-0.13684332,-0.16221203,-0.15659244,-0.12888664,-0.15413505,-0.15761304,-0.15765777,-0.15768845,-0.15740095,-0.19795567,-0.15106063,-0.07294749,-0.2039893,-0.15433717,-0.1576567,-0.104459345,-0.15400568,-0.17466888,-0.13176009,-0.15434444,-0.15109587,-0.10913184,-0.15419334,-0.05825615,-0.14326635,-0.17082691,-0.15428779,-0.18883844,-0.15437312,-0.31316653,-0.15436392,-0.16808087,-0.14331596,-0.15436614,-0.15769616,-0.25088155,-0.15437347,-0.22115314,-0.07562123,-0.086852394,-0.10702289,-0.060967896,-0.14818057,-0.16796505,-0.15746465,-0.22133875,-0.12812386,-0.0969081,-0.16398169,-0.12716047,-0.11335766,-0.18846886,-0.12960508,-0.17755464,-0.0994983,-0.115196005,-0.15428907,-0.11662802,-0.19749595,-0.14526704,-0.12781724,-0.096878245,-0.1542899,-0.15751815,-0.12434345,-0.11230643,-0.063823454,-0.15422505,-0.11419349,-0.10007019,-0.24483351,-0.15437397,-0.1576883,-0.16344379,-0.1759062,-0.12524253,-0.15436056,-0.0782174,-0.19187105,5.404097,-0.09859173,-0.11065883,-0.15406293,-0.15740252,-0.083404,-0.1213824,-0.13072303,-0.13855581,-0.19385117,-0.15433946,-0.15769333,-0.19487974,-0.23847799,-0.2432746,-0.12929878,-0.15418549,-0.15766683,-0.14520228,-0.2961179,-0.15437329,-0.19813283,-0.12951706,-0.15431416,-0.060104962,-0.15931924,-0.15437162,-0.2028091,-0.2868003,-0.11816878,-0.14795661,-0.10060286,-0.1542278,-0.13614628,-0.20725825,-0.17393659,-0.125103,-0.15657571,-0.15690626,-0.15437034,-0.15769556,-0.16221246,-0.22200036,-0.1296706,-0.2814266,-0.15437433,-0.1915083,-0.24371436,-0.16952515,-0.15429212,-0.13369927,-0.12557748,-0.15436745,-0.18106565,-0.15437412,-0.18642783,-0.15432072,-0.30462334,-0.15427054,-0.14691104,-0.13029914,-0.15436217,-0.15768425,-0.18915205,-0.12959851,-0.15436682,-0.10481856,-0.1650517,-0.15436468,-0.15769741,-0.15766977,-0.12921873,-0.1542776,-0.15766585,-0.15765758,-0.15766814,-0.15767594,-0.16505513,-0.17392421,-0.15436052,-0.15769082,-0.15768144,-0.1576913,-0.2025511,-0.15354379,-0.14723541,-0.15343004,-0.11499533,-0.10471026,-0.11893196,-0.15436396,-0.1576241,-0.12956223,-0.19501048,-0.15437114,-0.18738703,-0.11705899,-0.17429145,-0.15436205,-0.06652963,-0.15413876,-0.10737923,-0.124497145,-0.15298569,-0.052188452,-0.26007295
k__Bacteria|p__Firmicutes|c__Clostridia|o__Eubacteriales|f__Peptostreptococcaceae|g__GGB47956|s__GGB47956_SGB71712,-0.1004395,-0.12316422,-0.15420985,-0.15747282,-0.15747312,-0.23867357,-0.1666669,-0.16813041,-0.10929718,-0.22895765,-0.23728925,-0.15421458,-0.22850217,-0.3768707,-0.08556121,-0.15381461,-0.058144663,-0.15367737,-0.15741166,-0.19931981,-0.1978925,-0.1297909,-0.15417953,-0.12711628,-0.20043859,-0.11658599,-0.182019,-0.25032333,-0.1509206,-0.15418485,-0.15142563,-0.10844302,-0.18249588,-0.28454733,-0.15420188,-0.12997545,-0.15421218,-0.22338755,-0.15421493,-0.29867563,-0.15421501,-0.29356226,-0.1292916,-0.15407082,-0.13691942,-0.15420945,-0.23188588,-0.24781659,-0.1296162,-0.12998167,-0.24679694,-0.18279888,-0.25087595,-0.26027086,-0.28621647,-0.27511892,-0.11894142,-0.15412894,-0.040142577,-0.056944285,-0.15350443,-0.11274739,-0.13743341,-0.12986997,-0.15419376,-0.15746844,-0.15747291,-0.15747353,-0.27573854,-0.15417719,-0.12987089,-0.16243835,-0.12334165,-0.14074792,-0.15418106,-0.15887658,-0.14481027,-0.12996027,-0.18691605,-0.14998752,-0.15420301,-0.15745193,-0.1574632,-0.15740198,-0.120334074,-0.13700745,-0.08858878,-0.1541971,-0.19008024,-0.15420818,-0.2004665,-0.11139822,-0.1388583,-0.13027036,-0.1074974,-0.15152657,-0.15411259,-0.15718807,-0.10065024,-0.08152827,-0.09427856,-0.15416157,-0.11960925,-0.15027548,2.0918286,-0.1185138,-0.15417877,-0.15746686,-0.17738779,-0.15176103,-0.15421104,-0.25953975,-0.17989698,-0.13525523,-0.15420823,-0.15095688,-0.17780018,-0.2009549,-0.15418954,-0.09015879,-0.15391639,-0.12151222,-0.121854745,-0.13997786,-0.21433522,-0.13908121,-0.16057305,-0.15413742,-0.07092635,-0.15359193,-0.15672544,-0.18733518,-0.15396619,-0.12985912,-0.12334781,-0.14100276,-0.15416822,-0.114095174,-0.25318068,-0.26654312,-0.12912962,-0.10945694,-0.15415926,-0.09238048,-0.20963459,-0.15420845,-0.15739423,-0.12938672,-0.15413886,-0.16015086,-0.1553517,-0.15421279,-0.19704957,-0.20616047,-0.12883227,-0.10460003,-0.11361031,-0.10256614,-0.15420535,-0.19495486,-0.15418261,-0.12931496,-0.1540539,-0.041086134,-0.12967405,-0.15421161,-0.2300741,-0.15419139,-0.10384405,-0.1528242,-0.0784167,-0.15407293,-0.12766197,-0.15409148,-0.121451,-0.075820275,-0.09192432,-0.101488546,-0.15395017,-0.15737967,-0.12378413,-0.15406631,-0.1410757,-0.13984437,-0.18093297,-0.15421396,-0.25777104,-0.12844054,-0.15412785,-0.13462572,-0.119081676,-0.1541849,-0.15746893,-0.15747054,-0.15747163,-0.19755594,-0.25103784,-0.20219928,-0.19465852,-0.24831252,-0.20506537,-0.22091979,-0.15419972,-0.12958789,-0.11956477,-0.1541944,-0.1574654,-0.20931396,-0.18224281,-0.1541868,-0.32474133,-0.15421209,-0.15747422,-0.15747315,-0.15747276,-0.2185038,-0.15418628,-0.114121355,-0.15418859,-0.15745984,-0.1574656,-0.22984435,-0.15420589,-0.15744957,-0.08963354,-0.15410781,-0.15742603,-0.15744402,-0.15744467,-0.13302092,-0.1051107,-0.14014931,-0.15141064,-0.15839578,-0.15615125,-0.14613561,-0.15420228,-0.12319561,-0.12993363,-0.1541684,-0.15747404,-0.1574736,-0.15747358,-0.15747407,-0.38518023,-0.11451449,-0.15417498,-0.15564899,-0.14443555,-0.16636807,-0.15420768,-0.15740179,-0.12993515,-0.047159404,-0.14858225,-0.14016809,-0.14106366,-0.15406871,-0.19987361,-0.1649412,-0.17166539,-0.1541861,-0.1574326,-0.12722544,-0.14610182,-0.2588673,-0.12974383,-0.15408933,-0.09132757,-0.12832497,-0.13684332,-0.16221203,-0.15659244,-0.12918328,-0.15396595,-0.15738277,-0.15742984,-0.15746248,-0.15740095,-0.19795567,-0.15106063,-0.07294749,-0.2039893,-0.15417597,-0.15742804,-0.104459345,-0.15387416,-0.17466888,-0.13176009,-0.15418212,-0.15109587,-0.10913184,-0.15402497,-0.05825615,-0.14326635,-0.17082691,-0.15412408,-0.18883844,-0.15421322,-0.31316653,-0.15420419,-0.16808087,-0.14331596,-0.15420575,-0.15747079,-0.25088155,-0.15421358,-0.22115314,-0.07562123,-0.086852394,-0.10702289,-0.060967896,-0.14787182,-0.16796505,-0.15746465,-0.22133875,-0.12812386,-0.0969081,-0.16398169,-0.12716047,-0.11335766,-0.18846886,-0.12992695,-0.17755464,-0.0994983,-0.115196005,-0.15412499,-0.11662802,-0.19749595,-0.14526704,-0.12781724,-0.096878245,-0.15412378,-0.15728226,-0.12434345,-0.11230643,-0.063823454,-0.15405701,-0.11419349,-0.10007019,-0.24483351,-0.15421405,-0.15746322,-0.16344379,-0.1759062,-0.12524253,-0.15419975,-0.0782174,-0.19187105,-0.18185812,-0.09859173,-0.11065883,-0.15388316,-0.15715992,-0.083404,-0.1213824,-0.13072303,-0.13855581,-0.19385117,-0.15417852,-0.15746768,-0.19487974,-0.23847799,-0.2432746,-0.12960243,-0.15401512,-0.15744017,-0.14520228,-0.2961179,-0.15421334,-0.19813283,-0.12983552,-0.15415192,-0.060104962,-0.15931924,-0.15421167,-0.2028091,-0.2868003,-0.11816878,-0.14795661,-0.10060286,-0.15406215,-0.13614628,-0.20725825,-0.17393659,-0.125103,-0.15657571,-0.15690626,-0.1542103,-0.15747002,-0.16221246,-0.22200036,-0.12999637,-0.2814266,-0.15421447,-0.1915083,-0.24371436,-0.16952515,-0.1541341,-0.13369927,-0.12557748,-0.15420729,-0.18106565,-0.15421423,-0.18642783,-0.15416175,-0.30462334,-0.15410763,-0.14691104,-0.13029914,-0.15420167,-0.15745796,-0.18915205,-0.12991905,-0.15420648,-0.10481856,-0.1650517,-0.15420453,-0.15747201,-0.15744528,-0.1295261,-0.15411156,-0.15743953,-0.15743043,-0.15744182,-0.15744936,-0.16505513,-0.17392421,-0.15420014,-0.15746497,-0.15745525,-0.15746546,-0.2025511,-0.15354379,-0.14723541,-0.15325257,-0.11499533,-0.10471026,-0.11893196,-0.15420355,-0.15739967,-0.12987912,-0.19501048,-0.15421121,-0.18738703,-0.11705899,-0.17429145,-0.1542024,-0.06652963,-0.15396392,-0.10737923,-0.124497145,-0.15298569,-0.052188452,-0.26007295
k__Bacteria|p__Firmicutes|c__Clostridia|o__Eubacteriales|f__Clostridiaceae|g__Clostridium|s__Clostridium_culturomicium,-0.1004395,-0.12316422,-0.15442577,-0.15775387,-0.15775415,-0.23867357,-0.1666669,-0.16813041,-0.10929718,-0.22895765,-0.23728925,-0.15443067,-0.22850217,-0.3768707,-0.08556121,-0.1540269,-0.058144663,-0.15389693,-0.15769081,-0.19931981,-0.1978925,-0.12951587,-0.15439492,-0.12711628,-0.20043859,-0.11658599,-0.182019,-0.25032333,-0.1509206,-0.15439951,-0.15142563,-0.10844302,-0.18249588,-0.28454733,-0.15441662,-0.12970854,-0.15442824,-0.22338755,-0.15443102,-0.29867563,-0.1544311,-0.29356226,-0.12902078,-0.15427938,-0.13691942,-0.15442547,-0.23188588,-0.24781659,-0.1296162,-0.12971443,-0.24679694,-0.18279888,-0.25087595,-0.26027086,-0.28621647,-0.27511892,-0.11894142,-0.1543432,-0.040142577,-0.056944285,-0.15369318,-0.11274739,-0.13743341,-0.12959604,-0.15440881,-0.15774943,-0.1577539,-0.15775457,-0.27573854,-0.15438884,-0.12959903,-0.16243835,-0.12334165,-0.14074792,-0.1543966,-0.15887658,-0.14481027,-0.12969282,-0.18691605,-0.14998752,-0.15441889,-0.15773244,-0.15774368,-0.15767151,-0.120334074,-0.13700745,-0.08858878,-0.15441293,-0.19008024,-0.15442416,-0.2004665,-0.11139822,-0.1388583,-0.13027036,-0.1074974,-0.15152657,-0.1543272,-0.15742384,-0.10065024,-0.08152827,-0.09427856,-0.1543769,-0.11960925,-0.15027548,-0.16982608,-0.1185138,-0.15439323,-0.15774776,-0.17738779,-0.15176103,-0.15442702,-0.25953975,-0.17989698,-0.13525523,-0.15442424,-0.15095688,-0.17780018,-0.2009549,-0.1544016,-0.09015879,-0.15413067,-0.12151222,-0.121854745,-0.13997786,-0.21433522,-0.13908121,-0.16057305,-0.15435258,-0.07092635,-0.15379494,-0.15695962,-0.18733518,-0.1541582,-0.12958664,-0.12334781,-0.14100276,-0.15438351,-0.114095174,-0.25318068,-0.26654312,-0.12880373,-0.10945694,-0.15437473,-0.09238048,-0.20963459,-0.15442446,-0.1576636,-0.1290873,-0.15435237,-0.16015086,-0.1553517,-0.15442881,-0.19704957,-0.20616047,-0.12851569,-0.10460003,-0.11361031,-0.10256614,-0.15442142,-0.19495486,-0.15439555,-0.12900078,-0.15426853,-0.041086134,-0.12967405,-0.15442748,-0.2300741,-0.15440467,-0.10384405,-0.15300581,-0.0784167,-0.15428501,-0.12766197,-0.15430555,-0.121451,-0.075820275,-0.09192432,-0.101488546,-0.15416142,-0.15765993,-0.12378413,-0.15426368,-0.1410757,-0.13984437,4.0980396,-0.15443003,-0.25777104,-0.12844054,-0.1543341,-0.13462572,-0.119081676,-0.154401,-0.15774989,-0.15775153,-0.15775263,-0.19755594,-0.25103784,-0.20219928,-0.19465852,-0.24831252,-0.20506537,-0.22091979,-0.15441436,-0.12929238,-0.11956477,-0.15441033,-0.15774618,-0.20931396,-0.18224281,-0.15440026,-0.32474133,-0.15442818,-0.15775527,-0.15775418,-0.15775384,-0.2185038,-0.15439898,-0.114121355,-0.15440327,-0.15773971,-0.1577464,-0.22984435,-0.15442199,-0.15772754,-0.08963354,-0.15432066,-0.1577071,-0.15772389,-0.15772584,-0.13302092,-0.1051107,-0.14014931,-0.15141064,-0.15839578,-0.15615125,-0.14613561,-0.15441847,-0.12319561,-0.12966496,-0.15438208,-0.15775509,-0.15775463,-0.15775463,-0.15775514,-0.38518023,-0.11451449,-0.15438999,-0.15564899,-0.14443555,-0.16636807,-0.15442345,-0.15767497,-0.12993515,-0.047159404,-0.14848112,-0.14016809,-0.14106366,-0.15428066,-0.19987361,-0.1649412,-0.17166539,-0.15440176,-0.1577141,-0.12722544,-0.14610182,-0.2588673,-0.12946159,-0.15430358,-0.09132757,-0.12832497,-0.13684332,-0.16221203,-0.15659244,-0.12884468,-0.15417258,-0.15766218,-0.15771034,-0.15774335,-0.15740095,-0.19795567,-0.15106063,-0.07294749,-0.2039893,-0.15439048,-0.15770926,-0.104459345,-0.15400992,-0.17466888,-0.13176009,-0.15439841,-0.15109587,-0.10913184,-0.15423572,-0.05825615,-0.14326635,-0.17082691,-0.15433735,-0.18883844,-0.15442923,-0.31316653,-0.15441915,-0.16808087,-0.14331596,-0.15442167,-0.15775165,-0.25088155,-0.15442958,-0.22115314,-0.07562123,-0.086852394,-0.10702289,-0.060967896,-0.14775258,-0.16796505,-0.15746465,-0.22133875,-0.12812386,-0.0969081,-0.16398169,-0.12716047,-0.11335766,-0.18846886,-0.12965758,-0.17755464,-0.0994983,-0.115196005,-0.15433869,-0.11662802,-0.19749595,-0.14526704,-0.12781724,-0.096878245,-0.15433978,-0.15755993,-0.12434345,-0.11230643,-0.063823454,-0.15427002,-0.11419349,-0.10007019,-0.24483351,-0.15443015,-0.1577426,-0.16344379,-0.1759062,-0.12524253,-0.15441573,-0.0782174,-0.19187105,-0.18185812,-0.09859173,-0.11065883,-0.1540955,-0.15743572,-0.083404,-0.1213824,-0.13072303,-0.13855581,-0.19385117,-0.15439293,-0.15774861,-0.19487974,-0.23847799,-0.2432746,-0.12932017,-0.15422733,-0.15772006,-0.14520228,-0.2961179,-0.1544294,-0.19813283,-0.12955944,-0.15436566,-0.060104962,-0.15931924,-0.15442759,-0.2028091,-0.2868003,-0.11816878,-0.14795661,-0.10060286,-0.15427256,-0.13614628,-0.20725825,-0.17393659,-0.125103,-0.15657571,-0.15690626,-0.15442623,-0.15775102,-0.16221246,-0.22200036,-0.12972942,-0.2814266,-0.15443054,-0.1915083,-0.24371436,-0.16952515,-0.15433884,-0.13369927,-0.12557748,-0.1544231,-0.18106565,-0.1544303,-0.18642783,-0.15437141,-0.30462334,-0.15431866,-0.14691104,-0.13029914,-0.15441743,-0.15773888,-0.18915205,-0.12965004,-0.15442242,-0.10481856,-0.1650517,-0.15442011,-0.15775302,-0.15772156,-0.12922136,-0.1543265,-0.15771897,-0.15771016,-0.15772149,-0.15772992,-0.16505513,-0.17392421,-0.15441564,-0.15774593,-0.1577358,-0.15774642,-0.2025511,-0.15354379,-0.14723541,-0.15341198,-0.11499533,-0.10471026,-0.11893196,-0.15441933,-0.15767139,-0.12961152,-0.19501048,-0.15442708,-0.18738703,-0.11705899,-0.17429145,-0.1544162,-0.06652963,-0.15417767,-0.10737923,-0.124497145,-0.15298569,-0.052188452,-0.26007295
k__Bacteria|p__Firmicutes|c__Bacilli|o__Lactobacillales|f__Aerococcaceae|g__Abiotrophia|s__Abiotrophia_defectiva,-0.1004395,-0.12316422,-0.1553421,-0.15868966,-0.15868992,-0.23867357,-0.1666669,-0.16813041,-0.10929718,-0.22895765,-0.23728925,-0.1553466,-0.22850217,-0.3768707,-0.08556121,-0.15496871,-0.058144663,-0.15484881,-0.15863138,-0.19931981,-0.1978925,-0.1303032,-0.15531358,-0.12711628,-0.20043859,-0.11658599,-0.182019,-0.25032333,-0.1509206,-0.15531805,-0.15142563,-0.10844302,-0.18249588,-0.28454733,-0.155334,-0.13047998,-0.15534435,-0.22338755,-0.15534694,-0.29867563,-0.15534699,-0.29356226,-0.12983158,-0.15520759,-0.13691942,-0.1553418,-0.23188588,-0.24781659,-0.1296162,-0.13048553,-0.24679694,-0.18279888,-0.25087595,-0.26027086,-0.28621647,-0.27511892,-0.11894142,-0.15526566,-0.040142577,-0.056944285,-0.15466641,-0.11274739,-0.13743341,-0.13037735,-0.1553265,-0.15868554,-0.15868971,-0.1586903,-0.27573854,-0.15530905,-0.13037902,-0.16243835,-0.12334165,-0.14074792,-0.15531504,-0.15887658,-0.14481027,-0.1304656,-0.18691605,-0.14998752,-0.1553357,-0.15866986,-0.1586803,-0.15861708,-0.120334074,-0.13700745,-0.08858878,-0.15533015,-0.19008024,-0.15534058,-0.2004665,-0.11139822,-0.1388583,-0.13027036,-0.1074974,-0.15152657,-0.15525073,-0.15839237,-0.10065024,-0.08152827,-0.09427856,-0.15529683,-0.11960925,-0.15027548,-0.16982608,-0.1185138,-0.1553122,-0.15868403,-0.17738779,-0.15176103,-0.15534323,-0.25953975,-0.17989698,-0.13525523,-0.15534064,-0.15095688,-0.17780018,-0.2009549,-0.15532076,-0.09015879,-0.15506792,-0.12151222,-0.121854745,-0.13997786,-0.21433522,-0.13908121,-0.16057305,-0.15527427,-0.07092635,-0.15475693,-0.1579605,-0.18733518,-0.15509903,-0.13036524,-0.12334781,-0.14100276,-0.15530294,-0.114095174,-0.25318068,-0.26654312,-0.12965894,-0.10945694,-0.15529475,-0.09238048,-0.20963459,-0.15534085,-0.15860918,-0.12990841,-0.15527426,-0.16015086,-0.1553517,-0.1553449,-0.19704957,-0.20616047,-0.12937777,-0.10460003,-0.11361031,-0.10256614,-0.15533803,-0.19495486,-0.15531527,-0.12982875,-0.15519616,-0.041086134,-0.12967405,-0.1553437,-0.2300741,-0.15532364,-0.10384405,-0.15402886,-0.0784167,-0.15521193,-0.12766197,-0.15523061,-0.121451,-0.075820275,-0.09192432,-0.101488546,-0.15509708,-0.15860243,-0.12378413,-0.15519533,-0.1410757,-0.13984437,-0.18093297,-0.155346,-0.25777104,-0.12844054,-0.15526015,-0.13462572,-0.119081676,-0.15531904,-0.15868595,-0.15868749,-0.15868852,-0.19755594,-0.25103784,-0.20219928,-0.19465852,-0.24831252,-0.20506537,-0.22091979,-0.15533195,-0.13009775,-0.11956477,-0.15532775,-0.15868258,-0.20931396,-0.18224281,-0.15531904,-0.32474133,-0.15534428,-0.15869096,-0.15868996,-0.15868962,-0.2185038,-0.1553182,-0.114121355,-0.15532145,-0.15867676,-0.1586828,-0.22984435,-0.15533853,-0.15866572,-0.08963354,-0.15524487,-0.15864615,-0.158662,-0.15866354,-0.13302092,-0.1051107,-0.14014931,-0.15141064,-0.15839578,-0.15615125,-0.14613561,-0.15533525,-0.12319561,-0.13043977,-0.15530193,-0.1586908,-0.15869036,-0.15869036,-0.15869083,-0.38518023,-0.11451449,-0.15530905,-0.15564899,-0.14443555,-0.16636807,-0.15533996,-0.15861869,-0.12993515,-0.047159404,-0.14987476,-0.14016809,-0.14106366,-0.15520798,-0.19987361,-0.1649412,-0.17166539,-0.15531984,-0.15865259,-0.12722544,-0.14610182,-0.2588673,-0.13025582,-0.15522873,-0.09132757,-0.12832497,-0.13684332,-0.16221203,-0.15659244,-0.12970772,-0.1551085,-0.15860476,-0.15864934,-0.15867992,-0.15740095,-0.19795567,-0.15106063,-0.07294749,-0.2039893,-0.15530956,-0.15864815,-0.104459345,-0.1549651,-0.17466888,-0.13176009,-0.15531659,-0.15109587,-0.10913184,-0.15516604,-0.05825615,-0.14326635,-0.17082691,-0.15526041,-0.18883844,-0.15534529,-0.31316653,-0.15533623,-0.16808087,-0.14331596,-0.15533829,-0.15868765,-0.25088155,-0.15534562,-0.22115314,-0.07562123,-0.086852394,-0.10702289,-0.060967896,-0.14920542,-0.16796505,-0.15746465,-0.22133875,-0.12812386,-0.0969081,-0.16398169,-0.12716047,-0.11335766,-0.18846886,-0.13043332,-0.17755464,-0.0994983,-0.115196005,-0.15526159,-0.11662802,-0.19749595,-0.14526704,-0.12781724,-0.096878245,-0.15526213,-0.15851004,-0.12434345,-0.11230643,-0.063823454,-0.15519772,-0.11419349,-0.10007019,-0.24483351,-0.15534611,-0.15867984,-0.16344379,-0.1759062,-0.12524253,-0.15533274,-0.0782174,-0.19187105,-0.18185812,-0.09859173,-0.11065883,-0.15503567,-0.15839475,-0.083404,-0.1213824,-0.13072303,-0.13855581,-0.19385117,-0.15531188,-0.15868479,-0.19487974,-0.23847799,-0.2432746,-0.13012424,-0.15515824,-0.15865847,-0.14520228,-0.2961179,-0.15534544,-0.19813283,-0.13034444,-0.15528664,-0.060104962,-0.15931924,-0.1553438,-0.2028091,-0.2868003,-0.11816878,-0.14795661,-0.10060286,-0.15520078,-0.13614628,-0.20725825,-0.17393659,-0.125103,-0.15657571,-0.15690626,-0.15534253,-0.15868703,-0.16221246,-0.22200036,-0.13049942,-0.2814266,-0.15534648,-0.1915083,-0.24371436,-0.16952515,-0.1552647,-0.13369927,-0.12557748,-0.15533964,-0.18106565,-0.15534627,-0.18642783,-0.15529339,-0.30462334,-0.15524349,-0.14691104,-0.13029914,-0.15533438,-0.15867573,-0.18915205,-0.1304266,-0.15533897,-0.10481856,-0.1650517,-0.15533692,-0.15868887,-0.1586615,-0.13004367,-0.15524995,-0.15865755,-0.15864925,-0.15865982,-0.15866746,-0.16505513,-0.17392421,-0.15533274,-0.15868229,-0.15867296,-0.15868276,-0.2025511,-0.15354379,-0.14723541,-0.15441087,-0.11499533,-0.10471026,-0.11893196,-0.15533614,-0.15861616,-0.13039003,-0.19501048,-0.15534331,-0.18738703,-0.11705899,-0.17429145,-0.15533423,-0.06652963,-0.15511118,-0.10737923,-0.124497145,-0.15298569,-0.052188452,-0.26007295
k__Bacteria|p__Firmicutes|c__Tissierellia|o__Tissierellales|f__Peptoniphilaceae|g__Peptoniphilus|s__Peptoniphilus_duerdenii,-0.1004395,-0.12316422,-0.15478843,-0.15811945,-0.15811971,-0.23867357,-0.1666669,-0.16813041,-0.10929718,-0.22895765,-0.23728925,-0.15479288,-0.22850217,-0.3768707,-0.08556121,-0.15442328,-0.058144663,-0.1543037,-0.15806204,-0.19931981,-0.1978925,-0.12988569,-0.15476036,-0.12711628,-0.20043859,-0.11658599,-0.182019,-0.25032333,-0.1509206,-0.15476474,-0.15142563,-0.10844302,-0.18249588,-0.28454733,-0.15478066,-0.13004974,-0.15479067,-0.22338755,-0.15479322,-0.29867563,-0.15479328,-0.29356226,-0.12944874,-0.15465608,-0.13691942,-0.15478814,-0.23188588,-0.24781659,-0.1296162,-0.13005501,-0.24679694,-0.18279888,-0.25087595,-0.26027086,-0.28621647,-0.27511892,-0.11894142,-0.15471338,-0.040142577,-0.056944285,-0.1541221,-0.11274739,-0.13743341,-0.12995449,-0.15477307,-0.15811539,-0.15811948,-0.1581201,-0.27573854,-0.15475665,-0.129955,-0.16243835,-0.12334165,-0.14074792,-0.15476179,-0.15887658,-0.14481027,-0.13003637,-0.18691605,-0.14998752,-0.15478215,-0.15809995,-0.15811025,-0.15804954,-0.120334074,-0.13700745,-0.08858878,-0.15477669,-0.19008024,-0.15478694,-0.2004665,-0.11139822,-0.1388583,-0.13027036,-0.1074974,-0.15152657,-0.15469855,-0.157841,-0.10065024,-0.08152827,-0.09427856,-0.15474394,-0.11960925,-0.15027548,-0.16982608,-0.1185138,-0.15475895,-0.1581139,-0.17738779,-0.15176103,-0.15478957,-0.25953975,-0.17989698,-0.13525523,-0.15478702,-0.15095688,-0.17780018,-0.2009549,-0.15476789,-0.09015879,-0.15451899,-0.12151222,-0.121854745,-0.13997786,-0.21433522,-0.13908121,-0.16057305,-0.15472177,-0.07092635,-0.1542139,-0.15740068,-0.18733518,-0.1545499,-0.12994683,-0.12334781,-0.14100276,-0.15474987,-0.114095174,-0.25318068,-0.26654312,-0.12930745,-0.10945694,-0.15474182,-0.09238048,-0.20963459,-0.15478721,-0.15804096,-0.1295317,-0.15472168,-0.16015086,-0.1553517,-0.1547912,-0.19704957,-0.20616047,-0.12904705,-0.10460003,-0.11361031,-0.10256614,-0.15478444,-0.19495486,-0.15476245,-0.12946922,-0.15464498,-0.041086134,-0.12967405,-0.15479001,-0.2300741,-0.15477052,-0.10384405,-0.153498,-0.0784167,-0.1546604,-0.12766197,-0.15467875,-0.121451,-0.075820275,-0.09192432,-0.101488546,-0.15454811,-0.15803367,-0.12378413,-0.15464826,-0.1410757,-0.13984437,-0.18093297,-0.15479231,-0.25777104,-0.12844054,-0.15470967,-0.13462572,-0.119081676,-0.15476573,-0.1581158,-0.15811731,-0.15811832,-0.19755594,-0.25103784,-0.20219928,-0.19465852,-0.24831252,-0.20506537,-0.22091979,-0.1547785,-0.12970766,-0.11956477,-0.15477431,-0.15811247,-0.20931396,-0.18224281,-0.15476598,-0.32474133,-0.15479058,-0.15812072,-0.15811974,-0.15811941,-0.2185038,-0.15476526,-0.114121355,-0.15476806,-0.15810674,-0.15811267,-0.22984435,-0.15478492,-0.15809625,-0.08963354,-0.15469283,-0.15807661,-0.15809219,-0.15809375,-0.13302092,-0.1051107,-0.14014931,-0.15141064,-0.15839578,-0.15615125,-0.14613561,-0.1547817,-0.12319561,-0.13001116,-0.15474881,-0.15812057,-0.15812014,-0.15812016,-0.1581206,-0.38518023,-0.11451449,-0.15475586,-0.15564899,-0.14443555,-0.16636807,-0.15478633,-0.15804973,-0.12993515,-0.047159404,-0.14939302,-0.14016809,-0.14106366,-0.1546562,-0.19987361,-0.1649412,-0.17166539,-0.15476651,-0.15808295,-0.12722544,-0.14610182,-0.2588673,-0.12984765,-0.15467733,-0.09132757,-0.12832497,-0.13684332,-0.16221203,-0.15659244,-0.12935509,-0.15455927,-0.15803598,-0.15807976,-0.15810987,-0.15740095,-0.19795567,-0.15106063,-0.07294749,-0.2039893,-0.1547564,-0.15807867,-0.104459345,-0.1544599,-0.17466888,-0.13176009,-0.15476331,-0.15109587,-0.10913184,-0.15461615,-0.05825615,-0.14326635,-0.17082691,-0.15470795,-0.18883844,-0.15479158,-0.31316653,-0.15478264,-0.16808087,-0.14331596,-0.15478468,-0.15811746,-0.25088155,-0.1547919,-0.22115314,-0.07562123,-0.086852394,-0.10702289,-0.060967896,-0.14873552,-0.16796505,-0.15746465,-0.22133875,-0.12812386,-0.0969081,-0.16398169,-0.12716047,-0.11335766,-0.18846886,-0.13000599,-0.17755464,-0.0994983,-0.115196005,-0.15470919,-0.11662802,-0.19749595,-0.14526704,-0.12781724,-0.096878245,-0.15470982,-0.15794308,-0.12434345,-0.11230643,-0.063823454,-0.15464672,-0.11419349,-0.10007019,-0.24483351,-0.1547924,-0.15810984,-0.16344379,-0.1759062,-0.12524253,-0.15477923,-0.0782174,-0.19187105,-0.18185812,-0.09859173,-0.11065883,-0.15448721,-0.15782952,-0.083404,-0.1213824,-0.13072303,-0.13855581,-0.19385117,-0.15475865,-0.15811466,-0.19487974,-0.23847799,-0.2432746,-0.12971567,-0.15460771,-0.15808871,-0.14520228,-0.2961179,-0.15479174,-0.19813283,-0.12992513,-0.15473393,-0.060104962,-0.15931924,-0.1547901,-0.2028091,-0.2868003,-0.11816878,-0.14795661,-0.10060286,-0.1546494,-0.13614628,-0.20725825,-0.17393659,-0.125103,-0.15657571,-0.15690626,-0.15478885,-0.15811685,-0.16221246,-0.22200036,-0.13006845,-0.2814266,-0.15479276,-0.1915083,-0.24371436,-0.16952515,-0.15471363,-0.13369927,-0.12557748,-0.15478602,-0.18106565,-0.15479255,-0.18642783,-0.15474087,-0.30462334,-0.15469117,-0.14691104,-0.13029914,-0.15478083,-0.15810572,-0.18915205,-0.12999925,-0.1547854,-0.10481856,-0.1650517,-0.15478331,-0.15811868,-0.15809202,-0.1296507,-0.15469787,-0.1580878,-0.15807967,-0.15809004,-0.15809764,-0.16505513,-0.17392421,-0.15477923,-0.1581122,-0.15810299,-0.15811265,-0.2025511,-0.15354379,-0.14723541,-0.15386997,-0.11499533,-0.10471026,-0.11893196,-0.15478256,-0.15804768,-0.12996437,-0.19501048,-0.15478963,-0.18738703,-0.11705899,-0.17429145,-0.15478092,-0.06652963,-0.15456215,-0.10737923,-0.124497145,-0.15298569,-0.052188452,-0.26007295
k__Bacteria|p__Firmicutes|c__Tissierellia|o__Tissierellales|f__Peptoniphilaceae|g__Anaerococcus|s__Anaerococcus_sp_Marseille_P3915,-0.1004395,-0.12316422,-0.15508267,-0.15843318,-0.15843353,-0.23867357,-0.1666669,-0.16813041,-0.10929718,-0.22895765,-0.23728925,-0.15508878,-0.22850217,-0.3768707,-0.08556121,-0.15457666,-0.058144663,-0.1544151,-0.1583541,-0.19931981,-0.1978925,-0.12996478,-0.15504399,-0.12711628,-0.20043859,-0.11658599,-0.182019,-0.25032333,-0.1509206,-0.15504995,-0.15142563,-0.10844302,-0.18249588,-0.28454733,-0.15507169,-0.13019985,-0.15508574,-0.22338755,-0.15508924,-0.29867563,-0.15508932,-0.29356226,-0.12933539,-0.1548998,-0.13691942,-0.15508227,-0.23188588,-0.24781659,-0.1296162,-0.13020721,-0.24679694,-0.18279888,-0.25087595,-0.26027086,-0.28621647,-0.27511892,-0.11894142,-0.15497921,-0.040142577,-0.056944285,-0.15416485,-0.11274739,-0.13743341,-0.13006166,-0.15506147,-0.15842758,-0.15843324,-0.15843406,-0.27573854,-0.15503749,-0.13006514,-0.16243835,-0.12334165,-0.14074792,-0.15504599,-0.15887658,-0.14481027,-0.13018063,-0.18691605,-0.14998752,-0.155074,-0.15840632,-0.15842046,-0.15833378,-0.120334074,-0.13700745,-0.08858878,-0.15506649,-0.19008024,-0.15508062,-0.2004665,-0.11139822,-0.1388583,-0.13027036,-0.1074974,-0.15152657,-0.1549588,-0.15802598,-0.10065024,-0.08152827,-0.09427856,-0.15502132,-0.11960925,-0.15027548,-0.16982608,-0.1185138,-0.15504205,-0.15842554,-0.17738779,-0.15176103,-0.15508421,-0.25953975,-0.17989698,-0.13525523,-0.1550807,-0.15095688,-0.17780018,-0.2009549,-0.15505356,-0.09015879,-0.15471148,-0.12151222,-0.121854745,-0.13997786,-0.21433522,-0.13908121,-0.16057305,-0.15499073,-0.07092635,-0.15428981,-0.15744165,-0.18733518,-0.15475163,-0.13004532,-0.12334781,-0.14100276,-0.15502955,-0.114095174,-0.25318068,-0.26654312,-0.12910944,-0.10945694,-0.15501848,-0.09238048,-0.20963459,-0.15508097,-0.15832308,-0.12943745,-0.15499058,-0.16015086,-0.1553517,-0.15508647,-0.19704957,-0.20616047,-0.12874141,-0.10460003,-0.11361031,-0.10256614,-0.15507716,-0.19495486,-0.1550462,-0.12933305,-0.1548849,-0.041086134,-0.12967405,-0.15508482,-0.2300741,-0.15505745,-0.10384405,-0.15329908,-0.0784167,-0.15490612,-0.12766197,-0.15493149,-0.121451,-0.075820275,-0.09192432,-0.101488546,-0.15475065,-0.15831497,-0.12378413,-0.15488304,-0.1410757,-0.13984437,-0.18093297,-0.15508799,-0.25777104,-0.12844054,-0.15497145,-0.13462572,-0.119081676,-0.15505141,-0.15842815,-0.15843022,-0.15843163,-0.19755594,-0.25103784,-0.20219928,-0.19465852,-0.24831252,-0.20506537,-0.22091979,-0.1550688,-0.12968813,-0.11956477,-0.15506323,-0.15842356,-0.20931396,-0.18224281,-0.15505129,-0.32474133,-0.15508565,-0.15843494,-0.15843359,-0.15843312,-0.2185038,-0.15505037,-0.114121355,-0.15505461,-0.15841562,-0.15842384,-0.22984435,-0.15507784,-0.15840086,-0.08963354,-0.15495086,-0.15837425,-0.15839562,-0.15839781,-0.13302092,-0.1051107,-0.14014931,-0.15141064,-0.15839578,-0.15615125,-0.14613561,-0.15507342,-0.12319561,-0.13014525,-0.15502805,-0.1584347,-0.15843412,-0.15843414,-0.15843476,-0.38518023,-0.11451449,-0.1550378,-0.15564899,-0.14443555,-0.16636807,-0.15507975,-0.15833634,-0.12993515,-0.047159404,-0.14764574,-0.14016809,-0.14106366,-0.1549006,-0.19987361,-0.1649412,-0.17166539,-0.15505251,-0.15838298,-0.12722544,-0.14610182,-0.2588673,-0.12990302,-0.15492922,-0.09132757,-0.12832497,-0.13684332,-0.16221203,-0.15659244,-0.12918131,-0.15476635,-0.15831815,-0.15837851,-0.15841998,-0.15740095,-0.19795567,-0.15106063,-0.07294749,-0.2039893,-0.15503849,-0.158377,-0.104459345,-0.1545944,-0.17466888,-0.13176009,-0.15504813,-0.15109587,-0.10913184,-0.1548444,-0.05825615,-0.14326635,-0.17082691,-0.15497178,-0.18883844,-0.15508698,-0.31316653,-0.1550746,-0.16808087,-0.14331596,-0.15507752,-0.15843043,-0.25088155,-0.15508744,-0.22115314,-0.07562123,-0.086852394,-0.10702289,-0.060967896,-0.14673957,-0.16796505,-0.15746465,-0.22133875,-0.12812386,-0.0969081,-0.16398169,-0.12716047,-0.11335766,-0.18846886,-0.13013715,-0.17755464,-0.0994983,-0.115196005,-0.15497345,-0.11662802,-0.19749595,-0.14526704,-0.12781724,-0.096878245,-0.15497446,-0.15818985,-0.12434345,-0.11230643,-0.063823454,-0.15488696,-0.11419349,-0.10007019,-0.24483351,-0.15508813,-0.15841976,-0.16344379,-0.1759062,-0.12524253,-0.15506998,-0.0782174,-0.19187105,-0.18185812,-0.09859173,-0.11065883,-0.15466759,-0.15803349,-0.083404,-0.1213824,-0.13072303,-0.13855581,-0.19385117,-0.15504159,-0.15842657,-0.19487974,-0.23847799,-0.2432746,-0.12972331,-0.15483344,-0.15839082,-0.14520228,-0.2961179,-0.1550872,-0.19813283,-0.1300192,-0.15500745,-0.060104962,-0.15931924,-0.15508497,-0.2028091,-0.2868003,-0.11816878,-0.14795661,-0.10060286,-0.15489079,-0.13614628,-0.20725825,-0.17393659,-0.125103,-0.15657571,-0.15690626,-0.15508324,-0.15842961,-0.16221246,-0.22200036,-0.1302259,-0.2814266,-0.1550886,-0.1915083,-0.24371436,-0.16952515,-0.15497701,-0.13369927,-0.12557748,-0.15507932,-0.18106565,-0.1550883,-0.18642783,-0.1550162,-0.30462334,-0.15494865,-0.14691104,-0.13029914,-0.15507218,-0.15841429,-0.18915205,-0.13012831,-0.15507846,-0.10481856,-0.1650517,-0.1550756,-0.15843211,-0.15839455,-0.1296145,-0.15495777,-0.15838951,-0.15837833,-0.15839265,-0.15840311,-0.16505513,-0.17392421,-0.15506998,-0.15842319,-0.15841049,-0.15842383,-0.2025511,-0.15354379,-0.14723541,-0.15381634,-0.11499533,-0.10471026,-0.11893196,-0.1550746,-0.15833268,-0.13007933,-0.19501048,-0.15508431,-0.18738703,-0.11705899,-0.17429145,-0.1550719,-0.06652963,-0.15477017,-0.10737923,-0.124497145,-0.15298569,-0.052188452,-0.26007295
k__Bacteria|p__Firmicutes|c__CFGB76046|o__OFGB76046|f__FGB76046|g__GGB51510|s__GGB51510_SGB71883,-0.1004395,-0.12316422,-0.15437472,-0.1576128,-0.15761305,-0.23867357,-0.1666669,-0.16813041,-0.10929718,-0.22895765,-0.23728925,-0.15437865,-0.22850217,-0.3768707,-0.08556121,-0.15402764,-0.058144663,-0.15391418,-0.15756142,-0.19931981,-0.1978925,-0.1301484,-0.15434894,-0.12711628,-0.20043859,-0.11658599,-0.182019,-0.25032333,-0.1509206,-0.1543538,-0.15142563,-0.10844302,-0.18249588,-0.28454733,-0.15436772,-0.13032338,-0.15437663,-0.22338755,-0.15437895,-0.29867563,-0.15437901,-0.29356226,-0.12966758,-0.15425867,-0.13691942,-0.1543743,-0.23188588,-0.24781659,-0.1296162,-0.1303291,-0.24679694,-0.18279888,-0.25087595,-0.26027086,-0.28621647,-0.27511892,-0.11894142,-0.15430583,-0.040142577,-0.056944285,-0.15378591,-0.11274739,-0.13743341,-0.1302242,-0.15436134,-0.15760908,-0.15761289,-0.1576134,-0.27573854,-0.15434659,-0.13022669,-0.16243835,-0.12334165,-0.14074792,-0.15435031,-0.15887658,-0.14481027,-0.13030879,-0.18691605,-0.14998752,-0.15436888,-0.15759519,-0.1576048,-0.15755124,-0.120334074,-0.13700745,-0.08858878,-0.15436386,-0.19008024,-0.15437323,-0.2004665,-0.11139822,-0.1388583,-0.13027036,-0.1074974,-0.15152657,-0.15429188,-0.15733604,-0.10065024,-0.08152827,-0.09427856,-0.15433352,-0.11960925,-0.15027548,-0.16982608,-0.1185138,-0.15434879,-0.15760773,-0.17738779,-0.15176103,-0.1543757,-0.25953975,-0.17989698,-0.13525523,-0.15437326,-0.15095688,-0.17780018,-0.2009549,-0.15435758,-0.09015879,-0.15412319,-0.12151222,-0.121854745,-0.13997786,-0.21433522,-0.13908121,-0.16057305,-0.15431285,-0.07092635,-0.15384647,-0.1569964,-0.18733518,-0.15417396,-0.1302077,-0.12334781,-0.14100276,-0.15433943,-0.114095174,-0.25318068,-0.26654312,-0.129484,-0.10945694,-0.15433161,-0.09238048,-0.20963459,-0.15437347,-0.1575486,-0.1297442,-0.15431479,-0.16015086,-0.1553517,-0.15437713,-0.19704957,-0.20616047,-0.12923133,-0.10460003,-0.11361031,-0.10256614,-0.15437081,-0.19495486,-0.15435101,-0.12966682,-0.15424082,-0.041086134,-0.12967405,-0.15437622,-0.2300741,-0.15435913,-0.10384405,-0.15317959,-0.0784167,-0.15425888,-0.12766197,-0.15427402,-0.121451,-0.075820275,-0.09192432,-0.101488546,-0.15415238,-0.1575332,-0.12378413,-0.15424293,-0.1410757,-0.13984437,-0.18093297,-0.15437812,-0.25777104,-0.12844054,-0.15430361,-0.13462572,-0.119081676,-0.15435323,-0.15760952,-0.1576109,-0.15761182,-0.19755594,-0.25103784,-0.20219928,-0.19465852,-0.24831252,-0.20506537,-0.22091979,-0.15436628,-0.12993552,-0.11956477,-0.15436149,-0.15760654,-0.20931396,-0.18224281,-0.15435514,-0.32474133,-0.15437654,-0.15761396,-0.15761307,-0.15761276,-0.2185038,-0.15435511,-0.114121355,-0.15435717,-0.15760222,-0.15760677,-0.22984435,-0.15437123,-0.1575937,-0.08963354,-0.15428863,-0.15757278,-0.15758875,-0.15758868,-0.13302092,-0.1051107,-0.14014931,-0.15141064,-0.15839578,-0.15615125,-0.14613561,-0.1543681,-0.12319561,-0.13028657,-0.1543404,-0.15761383,-0.15761346,-0.15761346,-0.15761387,-0.38518023,-0.11451449,-0.1543453,-0.15564899,-0.14443555,-0.16636807,-0.15437293,-0.15755475,-0.12993515,-0.047159404,-0.14972457,-0.14016809,-0.14106366,-0.15425622,-0.19987361,-0.1649412,-0.17166539,-0.1543545,-0.15757822,-0.12722544,-0.14610182,-0.2588673,-0.13009156,-0.15427119,-0.09132757,-0.12832497,-0.13684332,-0.16221203,-0.15659244,-0.12954456,-0.15416855,-0.15753633,-0.15757623,-0.15760401,-0.15740095,-0.19795567,-0.15106063,-0.07294749,-0.2039893,-0.15434636,-0.15757431,-0.104459345,-0.15401672,-0.17466888,-0.13176009,-0.15435086,-0.15109587,-0.10913184,-0.15421611,-0.05825615,-0.14326635,-0.17082691,-0.15430272,-0.18883844,-0.15437753,-0.31316653,-0.15437025,-0.16808087,-0.14331596,-0.1543712,-0.15761115,-0.25088155,-0.15437785,-0.22115314,-0.07562123,-0.086852394,-0.10702289,-0.060967896,-0.14912695,-0.16796505,-0.15746465,-0.22133875,-0.12812386,-0.0969081,-0.16398169,-0.12716047,-0.11335766,-0.18846886,-0.1302782,-0.17755464,-0.0994983,-0.115196005,-0.15430304,-0.11662802,-0.19749595,-0.14526704,-0.12781724,-0.096878245,-0.15430078,-0.15745023,-0.12434345,-0.11230643,-0.063823454,-0.15424405,-0.11419349,-0.10007019,-0.24483351,-0.1543782,-0.15760492,-0.16344379,-0.1759062,-0.12524253,-0.15436605,-0.0782174,-0.19187105,-0.18185812,-0.09859173,-0.11065883,-0.15409552,-0.15734626,-0.083404,-0.1213824,-0.13072303,-0.13855581,-0.19385117,-0.15434864,-0.15760846,-0.19487974,-0.23847799,-0.2432746,-0.12998478,-0.15420909,-0.15758544,-0.14520228,-0.2961179,-0.15437761,-0.19813283,-0.13018915,-0.15432586,-0.060104962,-0.15931924,-0.15437624,-0.2028091,-0.2868003,-0.11816878,-0.14795661,-0.10060286,-0.15425056,-0.13614628,-0.20725825,-0.17393659,-0.125103,-0.15657571,-0.15690626,-0.15437508,-0.15761043,-0.16221246,-0.22200036,-0.130342,-0.2814266,-0.15437856,-0.1915083,-0.24371436,-0.16952515,-0.15431005,-0.13369927,-0.12557748,-0.15437257,-0.18106565,-0.15437835,-0.18642783,-0.15433471,-0.30462334,-0.15428984,-0.14691104,-0.13029914,-0.15436777,-0.15760022,-0.18915205,-0.1302713,-0.15437177,-0.10481856,-0.1650517,-0.15437031,-0.15761214,-0.15758988,-0.1298939,-0.15429074,-0.15758508,-0.15757713,-0.15758696,-0.1575929,-0.16505513,-0.17392421,-0.1543666,-0.15760612,-0.15759806,-0.15760659,-0.2025511,-0.15354379,-0.14723541,-0.1535849,-0.11499533,-0.10471026,-0.11893196,-0.15436935,-0.15755138,-0.13023393,-0.19501048,-0.15437588,-0.18738703,-0.11705899,-0.17429145,-0.15436831,-0.06652963,-0.15416223,-0.10737923,-0.124497145,-0.15298569,-0.052188452,-0.26007295
k__Bacteria|p__Firmicutes|c__Clostridia|o__Eubacteriales|f__Lachnospiraceae|g__Eisenbergiella|s__Eisenbergiella_sp_OF01_20,-0.1004395,-0.12316422,-0.15409173,-0.15741315,-0.15741342,-0.23867357,-0.1666669,-0.16813041,-0.10929718,-0.22895765,-0.23728925,-0.15409632,-0.22850217,-0.3768707,-0.08556121,-0.15371239,-0.058144663,-0.15358815,-0.15735391,-0.19931981,-0.1978925,-0.1292509,-0.15406272,-0.12711628,-0.20043859,-0.11658599,-0.182019,-0.25032333,-0.1509206,-0.15406734,-0.15142563,-0.10844302,-0.18249588,-0.28454733,-0.15408373,-0.12942415,-0.15409403,-0.22338755,-0.15409666,-0.29867563,-0.15409672,-0.29356226,-0.12878348,-0.15395553,-0.13691942,-0.15409142,-0.23188588,-0.24781659,-0.1296162,-0.1294297,-0.24679694,-0.18279888,-0.25087595,-0.26027086,-0.28621647,-0.27511892,-0.11894142,-0.15401411,-0.040142577,-0.056944285,-0.15340552,-0.11274739,-0.13743341,-0.12932405,-0.15407594,-0.15740895,-0.1574132,-0.15741381,-0.27573854,-0.15405908,-0.12932429,-0.16243835,-0.12334165,-0.14074792,-0.15406418,-0.15887658,-0.14481027,-0.12940982,-0.18691605,-0.14998752,-0.15408522,-0.15739301,-0.15740368,-0.15734115,-0.120334074,-0.13700745,-0.08858878,-0.15407956,-0.19008024,-0.15409018,-0.2004665,-0.11139822,-0.1388583,-0.13027036,-0.1074974,-0.15152657,-0.15399882,-0.15712191,-0.10065024,-0.08152827,-0.09427856,-0.1540457,-0.11960925,-0.15027548,-0.16982608,-0.1185138,-0.1540614,-0.15740742,-0.17738779,-0.15176103,-0.15409288,-0.25953975,-0.17989698,-0.13525523,-0.15409026,-0.15095688,-0.17780018,-0.2009549,-0.15407073,-0.09015879,-0.15381256,-0.12151222,-0.121854745,-0.13997786,-0.21433522,-0.13908121,-0.16057305,-0.15402272,-0.07092635,-0.15349686,-0.15667494,-0.18733518,-0.15384701,-0.12931392,-0.12334781,-0.14100276,-0.1540519,-0.114095174,-0.25318068,-0.26654312,-0.12863237,-0.10945694,-0.15404351,-0.09238048,-0.20963459,-0.15409046,-0.1573329,-0.12887082,-0.15402287,-0.16015086,-0.1553517,-0.15409458,-0.19704957,-0.20616047,-0.12834421,-0.10460003,-0.11361031,-0.10256614,-0.15408757,-0.19495486,-0.15406506,-0.1288065,-0.15394309,-0.041086134,-0.12967405,-0.15409337,-0.2300741,-0.15407345,-0.10384405,-0.15275711,-0.0784167,-0.15395963,-0.12766197,-0.15397838,-0.121451,-0.075820275,-0.09192432,-0.101488546,-0.1538431,-0.15732436,-0.12378413,-0.15394428,-0.1410757,-0.13984437,-0.18093297,-0.15409571,-0.25777104,-0.12844054,-0.15401012,-0.13462572,-0.119081676,-0.15406817,-0.1574094,-0.15741095,-0.157412,-0.19755594,-0.25103784,-0.20219928,-0.19465852,-0.24831252,-0.20506537,-0.22091979,-0.15408155,-0.12905939,-0.11956477,-0.1540771,-0.15740596,-0.20931396,-0.18224281,-0.15406863,-0.32474133,-0.15409395,-0.15741448,-0.15741345,-0.15741311,-0.2185038,-0.15406784,-0.114121355,-0.15407081,-0.15740013,-0.15740615,-0.22984435,-0.15408808,-0.15738934,-0.08963354,-0.15399306,-0.15736878,-0.15738508,-0.15738651,-0.13302092,-0.1051107,-0.14014931,-0.15141064,-0.15839578,-0.15615125,-0.14613561,-0.15408471,-0.12319561,-0.12938401,-0.15405102,-0.15741432,-0.15741387,-0.15741387,-0.15741435,-0.38518023,-0.11451449,-0.15405813,-0.15564899,-0.14443555,-0.16636807,-0.15408957,-0.15734187,-0.12993515,-0.047159404,-0.14854833,-0.14016809,-0.14106366,-0.15395537,-0.19987361,-0.1649412,-0.17166539,-0.15406907,-0.1573753,-0.12722544,-0.14610182,-0.2588673,-0.12920858,-0.15397666,-0.09132757,-0.12832497,-0.13684332,-0.16221203,-0.15659244,-0.12868705,-0.15385512,-0.15732685,-0.1573721,-0.15740323,-0.15740095,-0.19795567,-0.15106063,-0.07294749,-0.2039893,-0.15405872,-0.15737087,-0.104459345,-0.1537385,-0.17466888,-0.13176009,-0.15406567,-0.15109587,-0.10913184,-0.15391374,-0.05825615,-0.14326635,-0.17082691,-0.15400872,-0.18883844,-0.15409496,-0.31316653,-0.15408584,-0.16808087,-0.14331596,-0.15408787,-0.1574111,-0.25088155,-0.15409532,-0.22115314,-0.07562123,4.644563,5.516125,4.557627,-0.1478696,2.5794373,-0.15746465,-0.22133875,-0.12812386,-0.0969081,-0.16398169,-0.12716047,-0.11335766,-0.18846886,-0.12937835,-0.17755464,-0.0994983,-0.115196005,-0.15400994,-0.11662802,-0.19749595,-0.14526704,-0.12781724,-0.096878245,-0.15401022,-0.15723082,-0.12434345,-0.11230643,-0.063823454,-0.15394515,-0.11419349,-0.10007019,-0.24483351,-0.15409581,-0.15740336,-0.16344379,-0.1759062,-0.12524253,-0.15408218,-0.0782174,-0.19187105,-0.18185812,-0.09859173,-0.11065883,-0.15378001,-0.15711336,-0.083404,-0.1213824,-0.13072303,-0.13855581,-0.19385117,-0.15406108,-0.15740821,-0.19487974,-0.23847799,-0.2432746,-0.12907484,-0.15390494,-0.15738146,-0.14520228,-0.2961179,-0.15409514,-0.19813283,-0.12929237,-0.15403551,-0.060104962,-0.15931924,-0.15409347,-0.2028091,-0.2868003,-0.11816878,-0.14795661,-0.10060286,-0.15394841,-0.13614628,-0.20725825,-0.17393659,-0.125103,-0.15657571,-0.15690626,-0.15409216,-0.15741047,-0.16221246,-0.22200036,-0.12944368,-0.2814266,-0.15409619,-0.1915083,-0.24371436,-0.16952515,-0.15401492,-0.13369927,-0.12557748,-0.15408924,-0.18106565,-0.15409598,-0.18642783,-0.15404302,-0.30462334,-0.15399171,-0.14691104,-0.13029914,-0.15408388,-0.15739894,-0.18915205,-0.12937115,-0.15408856,-0.10481856,-0.1650517,-0.15408647,-0.15741235,-0.15738523,-0.12900817,-0.15399799,-0.15738061,-0.15737209,-0.15738286,-0.15739061,-0.16505513,-0.17392421,-0.15408225,-0.15740564,-0.15739617,-0.15740612,-0.2025511,-0.15354379,-0.14723541,-0.15314835,-0.11499533,-0.10471026,-0.11893196,-0.15408568,-0.15733954,-0.12933429,-0.19501048,-0.15409298,-0.18738703,-0.11705899,-0.17429145,-0.15408407,-0.06652963,-0.153857,-0.10737923,-0.124497145,-0.15298569,-0.052188452,-0.26007295
k__Bacteria|p__Firmicutes|c__Clostridia|o__Eubacteriales|f__Lachnospiraceae|g__Coprococcus|s__Coprococcus_SGB106020,-0.1004395,-0.12316422,-0.15392153,-0.15724564,-0.15724587,-0.23867357,-0.1666669,-0.16813041,-0.10929718,-0.22895765,-0.23728925,-0.1539256,-0.22850217,-0.3768707,-0.08556121,-0.1535857,-0.058144663,-0.1534779,-0.15719321,-0.19931981,-0.1978925,-0.12907352,-0.15389588,-0.12711628,-0.20043859,-0.11658599,-0.182019,-0.25032333,-0.1509206,-0.15389992,-0.15142563,-0.10844302,-0.18249588,-0.28454733,-0.15391427,-0.1292333,-0.15392357,-0.22338755,-0.1539259,-0.29867563,-0.15392596,-0.29356226,-0.12865308,-0.15380085,-0.13691942,-0.15392128,-0.23188588,-0.24781659,-0.1296162,-0.12923846,-0.24679694,-0.18279888,-0.25087595,-0.26027086,-0.28621647,-0.27511892,-0.11894142,-0.15385279,-0.040142577,-0.056944285,-0.15331563,-0.11274739,-0.13743341,-0.12913999,-0.15390755,-0.15724194,-0.15724567,-0.1572462,-0.27573854,-0.1538915,-0.12914242,-0.16243835,-0.12334165,-0.14074792,-0.15389726,-0.15887658,-0.14481027,-0.12922047,-0.18691605,-0.14998752,-0.1539158,-0.15722784,-0.15723723,-0.1571796,-0.120334074,-0.13700745,-0.08858878,-0.15391082,-0.19008024,-0.15392017,-0.2004665,-0.11139822,-0.1388583,-0.13027036,-0.1074974,-0.15152657,-0.15383944,-0.15697607,-0.10065024,-0.08152827,-0.09427856,-0.1538808,-0.11960925,-0.15027548,-0.16982608,-0.1185138,-0.15389465,-0.15724057,-0.17738779,-0.15176103,-0.15392256,-0.25953975,-0.17989698,-0.13525523,-0.15392023,-0.15095688,-0.17780018,-0.2009549,-0.15390223,-0.09015879,-0.15367505,-0.12151222,-0.121854745,-0.13997786,-0.21433522,-0.13908121,-0.16057305,-0.15386048,-0.07092635,-0.15339524,-0.15659228,-0.18733518,-0.15370318,-0.12912974,-0.12334781,-0.14100276,-0.15388635,-0.114095174,-0.25318068,-0.26654312,-0.12848853,-0.10945694,-0.15387897,-0.09238048,-0.20963459,-0.15392043,-0.15717298,-0.12871242,-0.15386045,-0.16015086,-0.1553517,-0.15392408,-0.19704957,-0.20616047,-0.12824842,-0.10460003,-0.11361031,-0.10256614,-0.15391788,-0.19495486,-0.15389714,-0.12864538,-0.15379025,-0.041086134,-0.12967405,-0.15392299,-0.2300741,-0.1539047,-0.10384405,-0.15273625,-0.0784167,-0.15380418,-0.12766197,-0.15382133,-0.121451,-0.075820275,-0.09192432,-0.101488546,-0.15370116,-0.15716717,-0.12378413,-0.1537889,-0.1410757,-0.13984437,-0.18093297,-0.15392508,-0.25777104,-0.12844054,-0.15384726,-0.13462572,-0.119081676,-0.15390074,-0.1572423,-0.15724367,-0.1572446,-0.19755594,-0.25103784,-0.20219928,-0.19465852,-0.24831252,-0.20506537,-0.22091979,-0.15391234,-0.12888382,-0.11956477,-0.15390863,-0.15723926,-0.20931396,-0.18224281,-0.15390067,-0.32474133,-0.15392351,-0.1572468,-0.1572459,-0.15724559,-0.2185038,-0.15389974,-0.114121355,-0.15390296,-0.15723407,-0.15723944,-0.22984435,-0.15391833,-0.15722376,-0.08963354,-0.15383409,-0.15720649,-0.15722081,-0.15722215,-0.13302092,-0.1051107,-0.14014931,-0.15141064,-0.15839578,-0.15615125,-0.14613561,-0.15391538,-0.12319561,-0.12919712,-0.15388556,-0.15724665,-0.15724626,-0.15724626,-0.15724668,-0.38518023,-0.11451449,-0.15389186,-0.15564899,-0.14443555,-0.16636807,-0.15391964,-0.15718168,-0.12993515,-0.047159404,-0.14902213,-0.14016809,-0.14106366,-0.1538012,-0.19987361,-0.1649412,-0.17166539,-0.15390155,-0.15721229,-0.12722544,-0.14610182,-0.2588673,-0.12902932,-0.15381958,-0.09132757,-0.12832497,-0.13684332,-0.16221203,-0.15659244,-0.12852551,-0.15371117,-0.15716928,-0.15720937,-0.15723687,-0.15740095,-0.19795567,-0.15106063,-0.07294749,-0.2039893,-0.15389237,-0.15720823,-0.104459345,-0.15358269,-0.17466888,-0.13176009,-0.15389861,-0.15109587,-0.10913184,-0.15376322,-0.05825615,-0.14326635,-0.17082691,-0.15384823,-0.18883844,-0.1539244,-0.31316653,-0.15391627,-0.16808087,-0.14331596,-0.15391815,-0.15724382,-0.25088155,-0.1539247,-0.22115314,-0.07562123,-0.086852394,-0.10702289,-0.060967896,-0.14842167,-0.16796505,-0.15746465,-0.22133875,-0.12812386,-0.0969081,-0.16398169,-0.12716047,-0.11335766,-0.18846886,-0.12919098,-0.17755464,-0.0994983,-0.115196005,-0.15384924,-0.11662802,-0.19749595,-0.14526704,-0.12781724,-0.096878245,-0.1538496,-0.15708409,-0.12434345,-0.11230643,-0.063823454,-0.15379152,-0.11419349,-0.10007019,-0.24483351,-0.15392517,-0.1572367,-0.16344379,-0.1759062,-0.12524253,-0.15391314,-0.0782174,-0.19187105,-0.18185812,-0.09859173,-0.11065883,-0.15364613,-0.1569806,-0.083404,-0.1213824,-0.13072303,-0.13855581,-0.19385117,-0.15389441,-0.15724126,-0.19487974,-0.23847799,-0.2432746,-0.12891074,-0.15375632,-0.15721762,-0.14520228,-0.2961179,-0.15392455,-0.19813283,-0.12911025,-0.15387173,-0.060104962,-0.15931924,-0.15392306,-0.2028091,-0.2868003,-0.11816878,-0.14795661,-0.10060286,-0.15379466,-0.13614628,-0.20725825,-0.17393659,-0.125103,-0.15657571,-0.15690626,-0.15392193,-0.15724325,-0.16221246,-0.22200036,-0.12925091,-0.2814266,-0.1539255,-0.1915083,-0.24371436,-0.16952515,-0.15385133,-0.13369927,-0.12557748,-0.15391934,-0.18106565,-0.15392528,-0.18642783,-0.15387759,-0.30462334,-0.15383315,-0.14691104,-0.13029914,-0.1539146,-0.15723312,1.4312546,-0.12918496,-0.15391874,-0.10481856,-0.1650517,-0.1539169,-0.15724492,-0.15721995,-0.12882939,-0.15383871,-0.15721682,-0.15720934,-0.15721884,-0.15722564,-0.16505513,-0.17392421,-0.15391314,-0.15723899,-0.15723065,-0.15723944,-0.2025511,-0.15354379,-0.14723541,-0.15308729,-0.11499533,-0.10471026,-0.11893196,-0.15391618,-0.15717894,-0.12915185,-0.19501048,-0.15392265,-0.18738703,-0.11705899,-0.17429145,-0.15391421,-0.06652963,-0.15371378,-0.10737923,-0.124497145,-0.15298569,-0.052188452,-0.26007295
k__Bacteria|p__Firmicutes|c__Tissierellia|o__Tissierellales|f__Peptoniphilaceae|g__Parvimonas|s__Parvimonas_micra,-0.1004395,-0.12316422,-0.15417498,-0.15736184,-0.15736216,-0.23867357,-0.1666669,-0.16813041,-0.10929718,-0.22895765,-0.23728925,-0.15418006,-0.22850217,-0.3768707,-0.08556121,-0.15374084,-0.058144663,-0.15358707,-0.15729545,-0.19931981,-0.1978925,-0.1302967,-0.15414177,-0.12711628,-0.20043859,-0.11658599,-0.182019,-0.25032333,-0.1509206,-0.15414795,-0.15142563,-0.10844302,-0.18249588,-0.28454733,-0.15416631,-0.13050494,-0.15417747,-0.22338755,-0.15418047,-0.29867563,-0.15418054,-0.29356226,-0.12973993,-0.15402529,-0.13691942,-0.15417445,-0.23188588,-0.24781659,-0.1296162,-0.13051206,-0.24679694,-0.18279888,-0.25087595,-0.26027086,-0.28621647,-0.27511892,-0.11894142,-0.15408641,-0.040142577,-0.056944285,-0.1534133,-0.11274739,-0.13743341,-0.1303865,-0.15415767,-0.15735704,-0.15736195,-0.15736261,-0.27573854,-0.15413934,-0.1303887,-0.16243835,-0.12334165,-0.14074792,-0.15414348,-0.15887658,-0.14481027,-0.13048777,-0.18691605,-0.14998752,-0.15416744,-0.15733907,-0.15735148,-0.15728548,-0.120334074,-0.13700745,-0.08858878,-0.15416098,-0.19008024,-0.15417308,-0.2004665,-0.11139822,-0.1388583,-0.13027036,-0.1074974,-0.15152657,-0.15406838,-0.15704101,-0.10065024,-0.08152827,-0.09427856,-0.15412197,-0.11960925,-0.15027548,-0.16982608,-0.1185138,-0.15414137,-0.15735532,-0.17738779,-0.15176103,-0.15417627,-0.25953975,-0.17989698,-0.13525523,-0.15417314,-0.15095688,-0.17780018,-0.2009549,-0.15415345,-0.09015879,-0.15385224,-0.12151222,-0.121854745,-0.13997786,-0.21433522,-0.13908121,-0.16057305,-0.15409541,-0.07092635,-0.15350062,-0.15656364,-0.18733518,-0.15391684,-0.13037351,-0.12334781,-0.14100276,-0.15412942,-0.114095174,-0.25318068,-0.26654312,-0.12954426,-0.10945694,-0.15411946,-0.09238048,-0.20963459,-0.15417337,-0.15727898,-0.12984326,-0.15409783,-0.16015086,-0.1553517,-0.15417811,-0.19704957,-0.20616047,-0.12923741,-0.10460003,-0.11361031,-0.10256614,-0.15416995,-0.19495486,-0.1541451,-0.12976031,-0.15400371,-0.041086134,-0.12967405,-0.15417692,-0.2300741,-0.15415496,-0.10384405,-0.15265507,-0.0784167,-0.15402564,-0.12766197,-0.15404542,-0.121451,-0.075820275,-0.09192432,-0.101488546,-0.15389009,-0.15725952,-0.12378413,-0.15401855,-0.1410757,-0.13984437,-0.18093297,-0.1541794,-0.25777104,-0.12844054,-0.15408522,-0.13462572,-0.119081676,-0.15414737,-0.15735759,-0.15735936,-0.15736055,-0.19755594,-0.25103784,-0.20219928,-0.19465852,-0.24831252,-0.20506537,-0.22091979,-0.1541641,-0.13006651,-0.11956477,-0.15415795,-0.15735379,-0.20931396,-0.18224281,-0.1541501,-0.32474133,-0.15417734,-0.15736334,-0.15736218,-0.15736176,-0.2185038,-0.15414955,-0.114121355,-0.15415213,-0.15734808,-0.15735403,-0.22984435,-0.15417053,-0.1573369,-0.08963354,-0.15406391,-0.15731028,-0.15733074,-0.15733078,-0.13302092,-0.1051107,-0.14014931,-0.15141064,-0.15839578,-0.15615125,-0.14613561,-0.1541665,-0.12319561,-0.13045913,-0.15413052,-0.15736316,-0.15736268,-0.15736267,-0.1573632,-0.38518023,-0.11451449,-0.15413702,-0.15564899,-0.14443555,-0.16636807,-0.15417266,-0.15728651,-0.12993515,-0.047159404,-0.14815518,-0.14016809,-0.14106366,-0.1540218,-0.19987361,-0.1649412,-0.17166539,-0.1541489,-0.15731736,-0.12722544,-0.14610182,-0.2588673,-0.13024034,-0.15404257,-0.09132757,-0.12832497,-0.13684332,-0.16221203,-0.15659244,-0.1296101,-0.15390971,-0.15726334,-0.15731472,-0.15735053,-0.15740095,-0.19795567,-0.15106063,-0.07294749,-0.2039893,-0.15413836,-0.15731232,-0.104459345,-0.15377963,-0.17466888,-0.13176009,-0.15414427,-0.15109587,-0.10913184,-0.15397263,-0.05825615,-0.14326635,-0.17082691,-0.15408194,-0.18883844,-0.15417862,-0.31316653,-0.15416911,-0.16808087,-0.14331596,-0.15417045,-0.15735969,-0.25088155,-0.154179,-0.22115314,-0.07562123,-0.086852394,-0.10702289,-0.060967896,-0.14737725,-0.16796505,-0.15746465,-0.22133875,-0.12812386,-0.0969081,-0.16398169,-0.12716047,-0.11335766,-0.18846886,-0.13045056,-0.17755464,-0.0994983,-0.115196005,-0.1540826,-0.11662802,-0.19749595,-0.14526704,-0.12781724,-0.096878245,-0.15407997,-0.15715301,-0.12434345,-0.11230643,-0.063823454,-0.1540075,-0.11419349,-0.10007019,-0.24483351,-0.15417951,-0.15735164,-0.16344379,-0.1759062,-0.12524253,-0.15416384,-0.0782174,-0.19187105,-0.18185812,-0.09859173,-0.11065883,-0.15381663,-0.15701962,-0.083404,-0.1213824,-0.13072303,-0.13855581,-0.19385117,-0.15414122,-0.15735623,-0.19487974,-0.23847799,-0.2432746,-0.13009244,-0.1539621,-0.15732647,-0.14520228,-0.2961179,-0.15417872,-0.19813283,-0.13034673,-0.1541121,-0.060104962,-0.15931924,-0.15417697,-0.2028091,-0.2868003,-0.11816878,-0.14795661,-0.10060286,-0.1540149,-0.13614628,-0.20725825,-0.17393659,-0.125103,-0.15657571,-0.15690626,-0.15417546,-0.15735877,-0.16221246,-0.22200036,-0.13052827,-0.2814266,-0.15417996,-0.1915083,-0.24371436,-0.16952515,-0.15409327,-0.13369927,-0.12557748,-0.15417221,-0.18106565,-0.15417968,-0.18642783,-0.15412368,-0.30462334,-0.15406506,-0.14691104,-0.13029914,-0.15416604,-0.15734558,0.7098175,-0.1304414,-0.15417123,-0.10481856,-0.1650517,-0.15416928,-0.15736097,-0.15733238,-0.12999637,-0.15406713,-0.15732601,-0.15731576,-0.1573284,-0.15733615,-0.16505513,-0.17392421,-0.15416446,-0.15735324,-0.15734278,-0.15735379,-0.2025511,-0.15354379,-0.14723541,-0.15315121,-0.11499533,-0.10471026,-0.11893196,-0.15416807,-0.15728353,-0.13039622,-0.19501048,-0.15417647,-0.18738703,-0.11705899,-0.17429145,-0.1541669,-0.06652963,-0.15390456,-0.10737923,-0.124497145,-0.15298569,-0.052188452,-0.26007295
k__Bacteria|p__Firmicutes|c__Bacilli|o__Lactobacillales|f__Lactobacillaceae|g__Weissella|s__Weissella_paramesenteroides,-0.1004395,-0.12316422,-0.15399443,-0.1573134,-0.15731367,-0.23867357,-0.1666669,-0.16813041,-0.10929718,-0.22895765,-0.23728925,-0.15399945,-0.22850217,-0.3768707,-0.08556121,-0.15358089,-0.058144663,-0.15344507,-0.15724868,-0.19931981,-0.1978925,-0.12915346,-0.15396272,-0.12711628,-0.20043859,-0.11658599,-0.182019,-0.25032333,-0.1509206,-0.15396768,-0.15142563,-0.10844302,-0.18249588,-0.28454733,-0.15398562,-0.1293454,-0.15399694,-0.22338755,-0.15399984,-0.29867563,-0.1539999,-0.29356226,-0.12864181,-0.15384507,-0.13691942,-0.1539941,-0.23188588,-0.24781659,-0.1296162,-0.1293514,-0.24679694,-0.18279888,-0.25087595,-0.26027086,-0.28621647,-0.27511892,-0.11894142,-0.15390958,-0.040142577,-0.056944285,-0.15324175,-0.11274739,-0.13743341,-0.12923402,-0.15397713,-0.15730882,-0.15731345,-0.15731412,-0.27573854,-0.15395862,-0.12923539,-0.16243835,-0.12334165,-0.14074792,-0.15396428,-0.15887658,-0.14481027,-0.1293297,-0.18691605,-0.14998752,-0.15398732,-0.15729135,-0.157303,-0.15723442,-0.120334074,-0.13700745,-0.08858878,-0.15398115,-0.19008024,-0.15399274,-0.2004665,-0.11139822,-0.1388583,-0.13027036,-0.1074974,-0.15152657,-0.15389273,-0.15699771,-0.10065024,-0.08152827,-0.09427856,-0.15394412,-0.11960925,-0.15027548,-0.16982608,-0.1185138,-0.15396124,-0.15730712,-0.17738779,-0.15176103,-0.1539957,-0.25953975,-0.17989698,-0.13525523,-0.15399282,-0.15095688,-0.17780018,-0.2009549,-0.15397124,-0.09015879,-0.15368935,-0.12151222,-0.121854745,-0.13997786,-0.21433522,-0.13908121,-0.16057305,-0.15391898,-0.07092635,-0.15334441,-0.15650211,-0.18733518,-0.15372515,-0.12922329,-0.12334781,-0.14100276,-0.15395086,-0.114095174,-0.25318068,-0.26654312,-0.12845927,-0.10945694,-0.15394174,-0.09238048,-0.20963459,-0.15399304,-0.1572253,-0.12872885,-0.15391915,-0.16015086,-0.1553517,-0.15399754,-0.19704957,-0.20616047,-0.12815192,-0.10460003,-0.11361031,-0.10256614,-0.15398988,-0.19495486,-0.15396501,-0.1286476,-0.15383199,-0.041086134,-0.12967405,-0.15399621,-0.2300741,-0.15397425,-0.10384405,-0.15253697,-0.0784167,-0.15385005,-0.12766197,-0.15387043,-0.121451,-0.075820275,-0.09192432,-0.101488546,-0.1537224,-0.15721634,-0.12378413,-0.15383628,-0.1410757,-0.13984437,-0.18093297,-0.15399879,-0.25777104,-0.12844054,-0.1539056,-0.13462572,-0.119081676,-0.15396872,-0.1573093,-0.15731099,-0.15731212,-0.19755594,-0.25103784,-0.20219928,-0.19465852,-0.24831252,-0.20506537,-0.22091979,-0.15398325,-0.12893556,-0.11956477,-0.15397847,-0.15730551,-0.20931396,-0.18224281,-0.15396923,-0.32474133,-0.15399686,-0.15731484,-0.15731373,-0.15731335,-0.2185038,-0.15396862,-0.114121355,-0.15397152,-0.15729907,-0.15730576,-0.22984435,-0.15399045,-0.15728779,-0.08963354,-0.15388656,-0.15726496,-0.15728262,-0.15728432,-0.13302092,-0.1051107,-0.14014931,-0.15141064,-0.15839578,-0.15615125,-0.14613561,-0.15398678,-0.12319561,-0.12930104,-0.15394971,-0.15731466,-0.15731418,-0.15731418,-0.1573147,-0.38518023,-0.11451449,-0.15395762,-0.15564899,-0.14443555,-0.16636807,-0.15399206,-0.1572349,-0.12993515,-0.047159404,-0.14790551,-0.14016809,-0.14106366,-0.153845,-0.19987361,-0.1649412,-0.17166539,-0.15396965,-0.15727207,-0.12722544,-0.14610182,-0.2588673,-0.12910342,-0.15386856,-0.09132757,-0.12832497,-0.13684332,-0.16221203,-0.15659244,-0.12851521,-0.15373576,-0.15721902,-0.15726852,-0.15730256,-0.15740095,-0.19795567,-0.15106063,-0.07294749,-0.2039893,-0.15395823,-0.15726726,-0.104459345,-0.15361688,-0.17466888,-0.13176009,-0.153966,-0.15109587,-0.10913184,-0.1537996,-0.05825615,-0.14326635,-0.17082691,-0.1539035,-0.18883844,-0.15399797,-0.31316653,-0.15398794,-0.16808087,-0.14331596,-0.1539902,-0.15731114,-0.25088155,-0.15399836,-0.22115314,-0.07562123,-0.086852394,-0.10702289,-0.060967896,-0.14716096,-0.16796505,-0.15746465,-0.22133875,-0.12812386,-0.0969081,-0.16398169,-0.12716047,-0.11335766,-0.18846886,-0.12929451,-0.17755464,-0.0994983,-0.115196005,-0.15390486,-0.11662802,-0.19749595,-0.14526704,-0.12781724,-0.096878245,-0.15390545,-0.15711382,-0.12434345,-0.11230643,-0.063823454,-0.15383422,-0.11419349,-0.10007019,-0.24483351,-0.15399891,-0.15730262,-0.16344379,-0.1759062,-0.12524253,-0.153984,-0.0782174,-0.19187105,-0.18185812,-0.09859173,-0.11065883,-0.1536534,-0.15698531,-0.083404,-0.1213824,-0.13072303,-0.13855581,-0.19385117,-0.1539608,-0.15730798,-0.19487974,-0.23847799,-0.2432746,-0.12895605,-0.15379,-0.15727869,-0.14520228,-0.2961179,-0.15399817,1.064501,-0.12919869,-0.15393282,-0.060104962,-0.15931924,-0.15399632,-0.2028091,-0.2868003,-0.11816878,-0.14795661,-0.10060286,-0.15383732,-0.13614628,-0.20725825,-0.17393659,-0.125103,-0.15657571,-0.15690626,-0.15399492,-0.15731046,-0.16221246,-0.22200036,-0.12936674,-0.2814266,-0.15399933,-0.1915083,-0.24371436,-0.16952515,-0.15391055,-0.13369927,-0.12557748,-0.1539917,-0.18106565,-0.15399906,-0.18642783,-0.15394102,-0.30462334,-0.15388465,-0.14691104,-0.13029914,-0.15398583,-0.15729788,-0.18915205,-0.12928705,-0.15399098,-0.10481856,-0.1650517,-0.15398863,-0.15731251,-0.1572826,-0.12887317,-0.15389189,-0.15727767,-0.1572685,-0.15728022,-0.15728882,-0.16505513,-0.17392421,-0.15398404,-0.15730518,-0.1572948,-0.15730572,-0.2025511,-0.15354379,-0.14723541,-0.15295778,-0.11499533,-0.10471026,-0.11893196,-0.15398781,-0.15723276,-0.12924671,-0.19501048,-0.1539958,-0.18738703,-0.11705899,-0.17429145,-0.153986,-0.06652963,-0.15373811,-0.10737923,-0.124497145,-0.15298569,-0.052188452,-0.26007295
k__Bacteria|p__Firmicutes|c__Clostridia|o__Eubacteriales|f__Lachnospiraceae|g__Velocimicrobium|s__Velocimicrobium_porci,-0.1004395,-0.12316422,-0.15443909,-0.15770409,-0.15770435,-0.23867357,-0.1666669,-0.16813041,-0.10929718,-0.22895765,-0.23728925,-0.15444395,-0.22850217,-0.3768707,-0.08556121,-0.15403444,-0.058144663,-0.15389286,-0.15764095,-0.19931981,-0.1978925,-0.12999111,-0.154408,-0.12711628,-0.20043859,-0.11658599,-0.182019,-0.25032333,-0.1509206,-0.1544134,-0.15142563,-0.10844302,1.8759979,-0.28454733,-0.15443102,-0.13018979,-0.1544415,-0.22338755,-0.15444434,-0.29867563,-0.1544444,-0.29356226,-0.12945856,-0.15429565,-0.13691942,-0.1544387,-0.23188588,-0.24781659,-0.1296162,-0.13019617,-0.24679694,-0.18279888,-0.25087595,-0.26027086,-0.28621647,-0.27511892,-0.11894142,-0.15435536,-0.040142577,-0.056944285,-0.15370792,-0.11274739,-0.13743341,-0.13007477,-0.15442236,-0.15769956,-0.15770414,-0.15770479,-0.27573854,-0.15440515,-0.1300775,-0.16243835,-0.12334165,-0.14074792,-0.15440944,-0.15887658,-0.14481027,-0.13017383,-0.18691605,-0.14998752,-0.15443203,-0.15768245,-0.15769403,-0.15763316,-0.120334074,-0.13700745,-0.08858878,-0.15442595,-0.19008024,-0.15443738,-0.2004665,-0.11139822,-0.1388583,-0.13027036,-0.1074974,-0.15152657,-0.15433875,-0.15741834,-0.10065024,-0.08152827,-0.09427856,-0.1543895,-0.11960925,-0.15027548,-0.16982608,-0.1185138,-0.15440705,-0.15769795,-0.17738779,-0.15176103,-0.15444033,-0.25953975,-0.17989698,-0.13525523,-0.15443742,-0.15095688,-0.17780018,-0.2009549,-0.15441832,-0.09015879,-0.15413666,-0.12151222,-0.121854745,-0.13997786,-0.21433522,-0.13908121,-0.16057305,-0.15436453,-0.07092635,-0.15380202,-0.15692532,-0.18733518,-0.15418565,-0.13005951,-0.12334781,-0.14100276,-0.15439618,-0.114095174,-0.25318068,-0.26654312,-0.12923712,-0.10945694,-0.15438703,-0.09238048,-0.20963459,-0.15443766,-0.1576253,-0.12952684,-0.15436596,-0.16015086,-0.1553517,-0.1544421,-0.19704957,-0.20616047,-0.12890926,-0.10460003,-0.11361031,-0.10256614,-0.1544345,-0.19495486,-0.15441182,-0.12944548,-0.1542792,-0.041086134,-0.12967405,-0.15444088,-0.2300741,-0.15442099,-0.10384405,-0.15300974,-0.0784167,-0.15429783,-0.12766197,-0.15431702,-0.121451,-0.075820275,-0.09192432,-0.101488546,-0.15417008,-0.15760812,-0.12378413,-0.15429574,-0.1410757,-0.13984437,-0.18093297,-0.15444332,-0.25777104,-0.12844054,-0.15435565,-0.13462572,-0.119081676,-0.15441346,-0.15770005,-0.15770172,-0.15770283,-0.19755594,-0.25103784,-0.20219928,-0.19465852,-0.24831252,-0.20506537,-0.22091979,-0.1544287,-0.12975037,-0.11956477,-0.15442327,-0.15769641,-0.20931396,-0.18224281,-0.15441555,-0.32474133,-0.1544414,-0.15770549,-0.15770441,-0.15770401,-0.2185038,-0.15441483,-0.114121355,-0.15441701,-0.15769047,-0.15769668,-0.22984435,-0.15443504,-0.15768006,-0.08963354,-0.15433355,-0.15765595,-0.15767421,-0.15767518,-0.13302092,-0.1051107,-0.14014931,-0.15141064,-0.15839578,-0.15615125,-0.14613561,-0.15443137,-0.12319561,-0.13014603,-0.15439594,-0.15770532,-0.15770486,-0.15770486,-0.15770537,-0.38518023,-0.11451449,-0.15440303,-0.15564899,-0.14443555,-0.16636807,-0.15443681,-0.15763095,-0.12993515,-0.047159404,-0.14859323,-0.14016809,-0.14106366,-0.15429309,-0.19987361,-0.1649412,-0.17166539,-0.1544146,-0.15766282,-0.12722544,-0.14610182,-0.2588673,-0.12993185,-0.15431467,-0.09132757,-0.12832497,-0.13684332,-0.16221203,-0.15659244,-0.129272,-0.15418598,-0.15761109,-0.15765984,-0.15769345,-0.15740095,-0.19795567,-0.15106063,-0.07294749,-0.2039893,-0.1544039,-0.15765804,-0.104459345,-0.15406254,-0.17466888,-0.13176009,-0.15441069,-0.15109587,-0.10913184,-0.15424812,-0.05825615,-0.14326635,-0.17082691,-0.1543503,-0.18883844,-0.15444255,-0.31316653,-0.1544331,-0.16808087,-0.14331596,-0.15443489,-0.15770195,-0.25088155,-0.15444292,-0.22115314,-0.07562123,-0.086852394,-0.10702289,-0.060967896,-0.14784837,-0.16796505,-0.15746465,-0.22133875,-0.12812386,-0.0969081,-0.16398169,-0.12716047,-0.11335766,-0.18846886,-0.13013834,-0.17755464,-0.0994983,-0.115196005,-0.15435143,-0.11662802,-0.19749595,-0.14526704,-0.12781724,-0.096878245,-0.15435061,-0.15750732,-0.12434345,-0.11230643,-0.063823454,-0.15428126,-0.11419349,-0.10007019,-0.24483351,-0.15444341,-0.15769461,-0.16344379,-0.1759062,-0.12524253,-0.15442872,-0.0782174,-0.19187105,-0.18185812,-0.09859173,-0.11065883,-0.15410237,-0.15738149,-0.083404,-0.1213824,-0.13072303,-0.13855581,-0.19385117,-0.15440658,-0.15769878,-0.19487974,-0.23847799,-0.2432746,-0.12978886,-0.15423796,-0.15767032,-0.14520228,-0.2961179,-0.15444268,-0.19813283,-0.13003694,-0.15437907,-0.060104962,-0.15931924,-0.15444097,-0.2028091,-0.2868003,-0.11816878,-0.14795661,-0.10060286,-0.15428624,-0.13614628,-0.20725825,-0.17393659,-0.125103,-0.15657571,-0.15690626,-0.15443955,-0.1577012,-0.16221246,-0.22200036,-0.1302115,-0.2814266,-0.15444386,-0.1915083,-0.24371436,-0.16952515,-0.15436342,-0.13369927,-0.12557748,-0.15443644,-0.18106565,-0.15444359,-0.18642783,-0.15438996,-0.30462334,-0.15433288,-0.14691104,-0.13029914,-0.15443064,-0.1576888,-0.18915205,-0.13013098,-0.15443563,-0.10481856,-0.1650517,-0.15443353,-0.15770324,-0.15767685,-0.12969095,-0.15433784,-0.15766954,-0.15766017,-0.15767191,-0.15767995,-0.16505513,-0.17392421,-0.15442899,-0.15769598,-0.1576859,-0.15769649,-0.2025511,-0.15354379,-0.14723541,-0.15344208,-0.11499533,-0.10471026,-0.11893196,-0.15443258,-0.15763068,-0.13008833,-0.19501048,-0.15444045,-0.18738703,-0.11705899,-0.17429145,-0.15443228,-0.06652963,-0.15418637,-0.10737923,-0.124497145,-0.15298569,-0.052188452,-0.26007295
k__Bacteria|p__Firmicutes|c__Bacilli|o__Lactobacillales|f__Lactobacillaceae|g__Levilactobacillus|s__Levilactobacillus_brevis,-0.1004395,-0.12316422,-0.15495338,-0.15829572,-0.15829599,-0.23867357,-0.1666669,-0.16813041,-0.10929718,-0.22895765,-0.23728925,-0.15495792,-0.22850217,-0.3768707,-0.08556121,-0.15457667,-0.058144663,-0.15445265,-0.15823698,-0.19931981,-0.1978925,-0.12995575,-0.15492457,-0.12711628,-0.20043859,-0.11658599,-0.182019,-0.25032333,-0.1509206,-0.15492919,-0.15142563,-0.10844302,-0.18249588,-0.28454733,-0.15494546,-0.13013017,-0.15495566,-0.22338755,-0.15495828,-0.29867563,-0.15495834,-0.29356226,-0.12949163,-0.15481839,-0.13691942,-0.15495306,-0.23188588,-0.24781659,-0.1296162,-0.13013577,-0.24679694,-0.18279888,-0.25087595,-0.26027086,-0.28621647,-0.27511892,-0.11894142,-0.1548763,-0.040142577,-0.056944285,-0.15427263,-0.11274739,-0.13743341,-0.13002963,-0.15493774,-0.15829156,-0.15829578,-0.15829638,-0.27573854,-0.15492117,-0.13003035,-0.16243835,-0.12334165,-0.14074792,-0.15492603,-0.15887658,-0.14481027,-0.13011588,-0.18691605,-0.14998752,-0.15494691,-0.15827574,-0.15828633,-0.1582245,-0.120334074,-0.13700745,-0.08858878,-0.1549413,-0.19008024,-0.15495184,-0.2004665,-0.11139822,-0.1388583,-0.13027036,-0.1074974,-0.15152657,-0.15486108,-0.15801182,-0.10065024,-0.08152827,-0.09427856,-0.15490764,-0.11960925,-0.15027548,-0.16982608,-0.1185138,-0.1549233,-0.15829003,-0.17738779,-0.15176103,-0.15495452,-0.25953975,-0.17989698,-0.13525523,-0.1549519,-0.15095688,-0.17780018,-0.2009549,-0.15493262,-0.09015879,-0.15467593,-0.12151222,-0.121854745,-0.13997786,-0.21433522,-0.13908121,-0.16057305,-0.15488479,-0.07092635,-0.15436257,-0.1575641,-0.18733518,-0.1547108,-0.13002038,-0.12334781,-0.14100276,-0.15491381,-0.114095174,-0.25318068,-0.26654312,-0.12932837,-0.10945694,-0.1549055,-0.09238048,-0.20963459,-0.15495211,-0.15821654,-0.12956871,-0.15488502,-0.16015086,-0.1553517,-0.15495622,-0.19704957,-0.20616047,-0.12904727,-0.10460003,-0.11361031,-0.10256614,-0.15494923,-0.19495486,-0.1549268,-0.1295034,-0.15480557,-0.041086134,-0.12967405,-0.15495503,-0.2300741,-0.1549352,-0.10384405,-0.15362746,-0.0784167,-0.1548222,-0.12766197,-0.1548408,-0.121451,-0.075820275,-0.09192432,-0.101488546,-0.15470645,-0.1582075,-0.12378413,-0.15480945,-0.1410757,-0.13984437,-0.18093297,-0.15495734,-0.25777104,-0.12844054,-0.15487301,-0.13462572,-0.119081676,-0.15492997,-0.158292,-0.15829355,-0.15829457,-0.19755594,-0.25103784,-0.20219928,-0.19465852,-0.24831252,-0.20506537,-0.22091979,-0.15494332,-0.12975922,-0.11956477,-0.15493885,-0.1582886,-0.20931396,-0.18224281,-0.15493059,-0.32474133,-0.15495558,-0.15829703,-0.15829603,-0.15829569,-0.2185038,-0.15492988,-0.114121355,-0.15493266,-0.15828282,-0.15828879,-0.22984435,-0.15494974,-0.15827242,-0.08963354,-0.15485552,-0.15825164,-0.15826789,-0.15826926,-0.13302092,-0.1051107,-0.14014931,-0.15141064,-0.15839578,-0.15615125,-0.14613561,-0.15494639,-0.12319561,-0.13009004,-0.15491302,-0.15829688,-0.15829644,-0.15829644,-0.15829691,-0.38518023,-0.11451449,-0.15492001,-0.15564899,-0.14443555,-0.16636807,-0.15495124,-0.1582251,-0.12993515,-0.047159404,-0.14945832,-0.14016809,-0.14106366,-0.15481803,-0.19987361,-0.1649412,-0.17166539,-0.15493086,-0.15825808,-0.12722544,-0.14610182,-0.2588673,-0.12991036,-0.15483904,-0.09132757,-0.12832497,-0.13684332,-0.16221203,-0.15659244,-0.12937689,-0.15471858,-0.15821004,-0.15825495,-0.15828589,-0.15740095,-0.19795567,-0.15106063,-0.07294749,-0.2039893,-0.15492065,-0.15825368,-0.104459345,-0.15461445,-0.17466888,-0.13176009,-0.15492746,-0.15109587,-0.10913184,-0.15477666,-0.05825615,-0.14326635,-0.17082691,-0.15487105,-0.18883844,-0.15495661,-0.31316653,-0.1549476,-0.16808087,-0.14331596,-0.15494953,-0.1582937,-0.25088155,-0.15495694,-0.22115314,-0.07562123,-0.086852394,-0.10702289,-0.060967896,-0.14878461,-0.16796505,-0.15746465,-0.22133875,-0.12812386,-0.0969081,-0.16398169,-0.12716047,-0.11335766,-0.18846886,-0.13008407,-0.17755464,-0.0994983,-0.115196005,-0.15487218,-0.11662802,-0.19749595,-0.14526704,-0.12781724,-0.096878245,-0.15487239,-0.15811454,-0.12434345,-0.11230643,-0.063823454,-0.1548078,-0.11419349,-0.10007019,-0.24483351,-0.15495743,-0.15828604,-0.16344379,-0.1759062,-0.12524253,-0.15494388,-0.0782174,-0.19187105,-0.18185812,-0.09859173,-0.11065883,-0.15464357,-0.15799785,-0.083404,-0.1213824,-0.13072303,-0.13855581,-0.19385117,-0.15492299,-0.15829082,-0.19487974,-0.23847799,-0.2432746,-0.12977701,-0.15476787,-0.15826428,-0.14520228,-0.2961179,-0.15495676,-0.19813283,-0.12999699,-0.15489759,-0.060104962,-0.15931924,-0.1549551,-0.2028091,-0.2868003,-0.11816878,-0.14795661,-0.10060286,-0.15481116,-0.13614628,-0.20725825,-0.17393659,-0.125103,-0.15657571,-0.15690626,-0.15495381,-0.15829305,-0.16221246,-0.22200036,-0.13014969,-0.2814266,-0.1549578,-0.1915083,-0.24371436,-0.16952515,-0.15487774,-0.13369927,-0.12557748,-0.15495092,-0.18106565,-0.15495759,-0.18642783,-0.15490532,-0.30462334,-0.15485421,-0.14691104,-0.13029914,-0.15494558,-0.15828162,-0.18915205,-0.13007703,-0.15495023,-0.10481856,-0.1650517,-0.15494817,-0.15829495,-0.15826803,-0.12970214,-0.15486024,-0.15826344,-0.15825506,-0.15826571,-0.15827337,-0.16505513,-0.17392421,-0.15494397,-0.15828827,-0.15827887,-0.15828875,-0.2025511,-0.15354379,-0.14723541,-0.15401839,-0.11499533,-0.10471026,-0.11893196,-0.15494737,-0.15822285,-0.13004003,-0.19501048,-0.15495463,-0.18738703,-0.11705899,-0.17429145,-0.15494573,-0.06652963,-0.15472008,-0.10737923,-0.124497145,-0.15298569,-0.052188452,-0.26007295
k__Bacteria|p__Firmicutes|c__Clostridia|o__Eubacteriales|f__Oscillospiraceae|g__GGB80017|s__GGB80017_SGB63183,-0.1004395,-0.12316422,-0.15424398,-0.15752977,-0.15753004,-0.23867357,-0.1666669,-0.16813041,-0.10929718,-0.22895765,-0.23728925,-0.15424895,-0.22850217,-0.3768707,-0.08556121,-0.15383193,-0.058144663,-0.15369955,-0.15746525,-0.19931981,0.9395577,-0.12964666,-0.15421245,-0.12711628,-0.20043859,-0.11658599,-0.182019,-0.25032333,-0.1509206,-0.15421733,-0.15142563,-0.10844302,-0.18249588,-0.28454733,-0.15423504,-0.12984107,-0.15424648,-0.22338755,-0.15424936,-0.29867563,-0.15424943,-0.29356226,-0.1291292,-0.15409507,-0.13691942,-0.15424366,-0.23188588,-0.24781659,-0.1296162,-0.1298472,-0.24679694,-0.18279888,-0.25087595,-0.26027086,-0.28621647,-0.27511892,-0.11894142,-0.15415944,-0.040142577,-0.056944285,-0.15349615,-0.11274739,-0.13743341,-0.12972738,-0.15422669,-0.15752521,-0.1575298,-0.15753049,-0.27573854,-0.15420738,-0.12972984,-0.16243835,-0.12334165,-0.14074792,-0.15421408,-0.15887658,-0.14481027,-0.12982525,-0.18691605,-0.14998752,-0.15423691,-0.15750784,-0.1575194,-0.15744914,-0.120334074,-0.13700745,-0.08858878,-0.15423079,-0.19008024,-0.1542423,-0.2004665,-0.11139822,-0.1388583,-0.13027036,-0.1074974,-0.15152657,-0.154143,-0.15720439,-0.10065024,-0.08152827,-0.09427856,-0.15419397,-0.11960925,-0.15027548,-0.16982608,-0.1185138,-0.15421085,-0.15752351,-0.17738779,-0.15176103,-0.15424523,-0.25953975,-0.17989698,-0.13525523,-0.15424238,-0.15095688,-0.17780018,-0.2009549,-0.15422028,-0.09015879,-0.1539411,-0.12151222,-0.121854745,-0.13997786,-0.21433522,-0.13908121,-0.16057305,-0.154169,-0.07092635,-0.1535972,-0.1567218,-0.18733518,-0.15397462,-0.12971368,-0.12334781,-0.14100276,-0.15420069,-0.114095174,-0.25318068,-0.26654312,-0.12893596,-0.10945694,-0.15419164,-0.09238048,-0.20963459,-0.1542426,-0.15744108,-0.12920949,-0.15416892,-0.16015086,-0.1553517,-0.15424708,-0.19704957,-0.20616047,-0.1286295,-0.10460003,-0.11361031,-0.10256614,-0.1542395,-0.19495486,-0.15421426,-0.12912995,-0.15408285,-0.041086134,-0.12967405,-0.15424573,-0.2300741,-0.15422355,-0.10384405,-0.15278825,-0.0784167,-0.1540999,-0.12766197,-0.15412074,-0.121451,-0.075820275,-0.09192432,-0.101488546,-0.15397292,-0.15743336,-0.12378413,-0.15408137,-0.1410757,-0.13984437,-0.18093297,-0.15424833,-0.25777104,-0.12844054,-0.15415373,-0.13462572,-0.119081676,-0.15421848,-0.15752566,-0.15752736,-0.15752849,-0.19755594,-0.25103784,-0.20219928,-0.19465852,-0.24831252,-0.20506537,-0.22091979,-0.15423268,-0.12942085,-0.11956477,-0.15422812,-0.1575219,-0.20931396,-0.18224281,-0.15421836,-0.32474133,-0.1542464,-0.1575312,-0.1575301,-0.15752971,-0.2185038,-0.15421739,-0.114121355,-0.15422106,-0.15751544,-0.15752214,-0.22984435,-0.15424004,-0.15750305,-0.08963354,-0.15413636,-0.15748169,-0.15749913,-0.15750095,-0.13302092,-0.1051107,-0.14014931,-0.15141064,-0.15839578,-0.15615125,-0.14613561,-0.15423642,-0.12319561,-0.12979671,-0.15419948,-0.15753102,-0.15753053,-0.15753055,-0.15753105,-0.38518023,-0.11451449,-0.15420741,-0.15564899,-0.14443555,-0.16636807,-0.15424162,-0.1574509,-0.12993515,-0.047159404,-0.14818789,-0.14016809,-0.14106366,-0.15409562,-0.19987361,-0.1649412,-0.17166539,-0.15421939,-0.15748885,-0.12722544,-0.14610182,-0.2588673,-0.12959462,-0.15411875,-0.09132757,-0.12832497,-0.13684332,-0.16221203,-0.15659244,-0.12898347,-0.15398537,-0.15743586,-0.15748519,-0.157519,-0.15740095,-0.19795567,-0.15106063,-0.07294749,-0.2039893,-0.15420796,-0.15748392,-0.104459345,-0.15384358,-0.17466888,-0.13176009,-0.15421584,-0.15109587,-0.10913184,-0.15404958,-0.05825615,-0.14326635,-0.17082691,-0.15415359,-0.18883844,-0.15424751,-0.31316653,-0.15423739,-0.16808087,-0.14331596,-0.15423977,-0.1575275,-0.25088155,-0.15424788,-0.22115314,-0.07562123,-0.086852394,-0.10702289,-0.060967896,-0.14744562,-0.16796505,-0.15746465,-0.22133875,-0.12812386,-0.0969081,-0.16398169,-0.12716047,-0.11335766,-0.18846886,-0.12978968,-0.17755464,-0.0994983,-0.115196005,-0.15415496,-0.11662802,-0.19749595,-0.14526704,-0.12781724,-0.096878245,-0.15415564,-0.15733127,-0.12434345,-0.11230643,-0.063823454,-0.15408427,-0.11419349,-0.10007019,-0.24483351,-0.15424842,-0.15751885,-0.16344379,-0.1759062,-0.12524253,-0.15423366,-0.0782174,-0.19187105,-0.18185812,-0.09859173,-0.11065883,-0.1539055,-0.15720391,-0.083404,-0.1213824,-0.13072303,-0.13855581,-0.19385117,-0.1542105,-0.15752438,-0.19487974,-0.23847799,-0.2432746,-0.12945005,-0.15404075,-0.15749523,-0.14520228,-0.2961179,-0.15424769,-0.19813283,-0.12969148,-0.15418261,-0.060104962,-0.15931924,-0.15424585,-0.2028091,-0.2868003,-0.11816878,-0.14795661,-0.10060286,-0.1540876,-0.13614628,-0.20725825,-0.17393659,-0.125103,-0.15657571,-0.15690626,-0.15424444,-0.15752685,-0.16221246,-0.22200036,-0.12986252,-0.2814266,-0.15424883,-0.1915083,-0.24371436,-0.16952515,-0.15415852,-0.13369927,-0.12557748,-0.15424126,-0.18106565,-0.1542486,-0.18642783,-0.15418996,-0.30462334,-0.15413477,-0.14691104,-0.13029914,-0.15423545,-0.15751436,-0.18915205,-0.12978221,-0.15424053,-0.10481856,-0.1650517,-0.15423822,-0.15752888,-0.15749845,-0.12935936,-0.15414217,-0.15749419,-0.15748501,-0.15749672,-0.15750521,-0.16505513,-0.17392421,-0.15423363,-0.1575216,-0.15751126,-0.15752213,-0.2025511,-0.15354379,-0.14723541,-0.15321212,-0.11499533,-0.10471026,-0.11893196,-0.15423739,-0.15744813,-0.12974192,-0.19501048,-0.15424532,-0.18738703,-0.11705899,-0.17429145,-0.15423523,-0.06652963,-0.15398908,-0.10737923,-0.124497145,-0.15298569,-0.052188452,-0.26007295
k__Bacteria|p__Firmicutes|c__CFGB4881|o__OFGB4881|f__FGB4881|g__GGB14025|s__GGB14025_SGB14906,-0.1004395,-0.12316422,-0.15403809,-0.15732141,-0.15732166,-0.23867357,-0.1666669,-0.16813041,-0.10929718,-0.22895765,-0.23728925,-0.15404278,-0.22850217,-0.3768707,-0.08556121,-0.15365145,-0.058144663,-0.15352377,-0.15726092,-0.19931981,-0.1978925,-0.12947363,-0.15400845,-0.12711628,-0.20043859,-0.11658599,-0.182019,-0.25032333,-0.1509206,-0.15401319,-0.15142563,-0.10844302,-0.18249588,-0.28454733,-0.15402989,-0.12965351,-0.15404044,-0.22338755,-0.15404314,-0.29867563,-0.1540432,-0.29356226,-0.12900093,-0.1538991,-0.13691942,-0.15403777,-0.23188588,-0.24781659,-0.1296162,-0.12965925,-0.24679694,-0.18279888,-0.25087595,-0.26027086,-0.28621647,-0.27511892,-0.11894142,-0.1539587,-0.040142577,-0.056944285,-0.15333712,-0.11274739,-0.13743341,-0.12954906,-0.15402195,-0.1573171,-0.15732144,-0.15732206,-0.27573854,-0.1540043,-0.12955093,-0.16243835,-0.12334165,-0.14074792,-0.15400994,-0.15887658,-0.14481027,-0.12963891,-0.18691605,-0.14998752,-0.15403143,-0.1573008,-0.15731171,-0.15724784,-0.120334074,-0.13700745,-0.08858878,-0.15402567,-0.19008024,-0.15403652,-0.2004665,-0.11139822,2.8535354,-0.13027036,-0.1074974,-0.15152657,-0.15394297,-0.1570232,-0.10065024,-0.08152827,-0.09427856,-0.15399098,-0.11960925,-0.15027548,-0.16982608,-0.1185138,-0.1540071,-0.15731554,-0.17738779,-0.15176103,-0.15403928,-0.25953975,-0.17989698,-0.13525523,-0.15403658,-0.15095688,-0.17780018,-0.2009549,-0.15401655,-0.09015879,-0.15375254,-0.12151222,-0.121854745,-0.13997786,-0.21433522,-0.13908121,-0.16057305,-0.15396747,-0.07092635,-0.15343097,-0.15656784,-0.18733518,-0.15378846,-0.12953988,-0.12334781,-0.14100276,-0.15399733,-0.114095174,-0.25318068,-0.26654312,-0.12882598,-0.10945694,-0.15398878,-0.09238048,-0.20963459,-0.15403679,-0.15723956,-0.1290794,-0.15396777,-0.16015086,-0.1553517,-0.15404099,-0.19704957,-0.20616047,-0.12855545,-0.10460003,-0.11361031,-0.10256614,-0.15403384,-0.19495486,-0.1540106,-0.1290057,-0.1538862,-0.041086134,-0.12967405,-0.15403977,-0.2300741,-0.15401924,-0.10384405,-0.15267295,-0.0784167,-0.15390292,-0.12766197,-0.15392211,-0.121451,-0.075820275,-0.09192432,-0.101488546,-0.15378344,-0.15723056,-0.12378413,-0.15389112,-0.1410757,-0.13984437,-0.18093297,-0.15404217,-0.25777104,-0.12844054,-0.15395463,-0.13462572,-0.119081676,-0.15401399,-0.15731755,-0.15731913,-0.15732022,-0.19755594,-0.25103784,-0.20219928,-0.19465852,-0.24831252,-0.20506537,-0.22091979,-0.15402767,-0.12927073,-0.11956477,-0.15402314,-0.15731405,-0.20931396,-0.18224281,-0.15401456,-0.32474133,-0.15404035,-0.15732275,-0.1573217,-0.15732136,-0.2185038,-0.15401381,-0.114121355,-0.15401672,-0.1573081,-0.15731427,-0.22984435,-0.15403435,-0.1572972,-0.08963354,-0.15393725,-0.15727599,-0.15729272,-0.15729415,-0.13302092,-0.1051107,-0.14014931,-0.15141064,-0.15839578,-0.15615125,-0.14613561,-0.15403092,-0.12319561,-0.1296123,-0.15399651,-0.15732257,-0.15732214,-0.15732212,-0.15732262,-0.38518023,-0.11451449,-0.15400374,-0.15564899,-0.14443555,-0.16636807,-0.1540359,-0.15724856,-0.12993515,-0.047159404,-0.14838174,-0.14016809,-0.14106366,-0.15389875,-0.19987361,-0.1649412,-0.17166539,-0.15401492,-0.15728267,-0.12722544,-0.14610182,-0.2588673,-0.1294269,-0.15392028,-0.09132757,-0.12832497,-0.13684332,-0.16221203,-0.15659244,-0.12887755,-0.15379614,-0.15723312,-0.15727942,-0.15731126,-0.15740095,-0.19795567,-0.15106063,-0.07294749,-0.2039893,-0.15400438,-0.15727806,-0.104459345,-0.15367122,-0.17466888,-0.13176009,-0.15401143,-0.15109587,-0.10913184,-0.15385568,-0.05825615,-0.14326635,-0.17082691,-0.1539533,-0.18883844,-0.15404141,-0.31316653,-0.15403208,6.2064877,-0.14331596,-0.15403414,-0.1573193,-0.25088155,-0.15404177,-0.22115314,-0.07562123,-0.086852394,-0.10702289,-0.060967896,-0.14768499,-0.16796505,-0.15746465,-0.22133875,-0.12812386,-0.0969081,-0.16398169,-0.12716047,-0.11335766,-0.18846886,-0.12960589,-0.17755464,-0.0994983,-0.115196005,-0.15395448,-0.11662802,-0.19749595,-0.14526704,-0.12781724,-0.096878245,-0.15395471,-0.15713464,-0.12434345,-0.11230643,-0.063823454,-0.1538881,-0.11419349,-0.10007019,-0.24483351,-0.15404227,-0.1573114,-0.16344379,-0.1759062,-0.12524253,-0.15402833,-0.0782174,-0.19187105,-0.18185812,-0.09859173,-0.11065883,-0.15371914,-0.15701479,-0.083404,-0.1213824,-0.13072303,-0.13855581,-0.19385117,-0.15400678,-0.15731634,-0.19487974,-0.23847799,-0.2432746,-0.12929153,-0.153847,-0.15728904,-0.14520228,-0.2961179,-0.15404156,-0.19813283,-0.12951612,-0.15398061,-0.060104962,-0.15931924,-0.15403987,-0.2028091,-0.2868003,-0.11816878,-0.14795661,-0.10060286,-0.15389158,-0.13614628,-0.20725825,-0.17393659,-0.125103,-0.15657571,-0.15690626,-0.15403855,-0.15731865,-0.16221246,-0.22200036,-0.12967357,-0.2814266,-0.15404266,-0.1915083,-0.24371436,-0.16952515,-0.15395957,-0.13369927,-0.12557748,-0.15403557,-0.18106565,-0.15404242,-0.18642783,-0.15398839,-0.30462334,-0.15393594,-0.14691104,-0.13029914,-0.15403007,-0.1573069,-0.18915205,-0.12959874,-0.15403485,-0.10481856,-0.1650517,-0.15403274,-0.15732057,-0.15729266,-0.12920955,-0.1539422,-0.15728813,-0.15727948,-0.15729049,-0.15729834,-0.16505513,-0.17392421,-0.15402842,-0.1573137,-0.15730405,-0.15731421,-0.2025511,-0.15354379,-0.14723541,-0.15307498,-0.11499533,-0.10471026,-0.11893196,-0.1540319,-0.15724641,-0.12956078,-0.19501048,-0.15403938,-0.18738703,-0.11705899,-0.17429145,-0.15403023,-0.06652963,-0.15379822,-0.10737923,-0.124497145,-0.15298569,-0.052188452,-0.26007295
k__Bacteria|p__Firmicutes|c__Clostridia|o__Eubacteriales|f__Oscillospiraceae|g__Oscillospiraceae_unclassified|s__Clostridium_sporosphaeroides,-0.1004395,-0.12316422,-0.15411548,-0.15743887,-0.15743914,-0.23867357,-0.1666669,-0.16813041,-0.10929718,-0.22895765,-0.23728925,-0.15412039,-0.22850217,-0.3768707,-0.08556121,-0.15370318,-0.058144663,-0.15357435,-0.15737528,-0.19931981,-0.1978925,-0.12924396,-0.15408432,-0.12711628,-0.20043859,-0.11658599,-0.182019,-0.25032333,-0.1509206,-0.15408939,-0.15142563,-0.10844302,-0.18249588,-0.28454733,-0.15410689,-0.12943307,-0.15411794,-0.22338755,-0.15412077,-0.29867563,-0.15412083,-0.29356226,-0.12875111,-0.15396962,-0.13691942,-0.15411517,-0.23188588,-0.24781659,-0.1296162,-0.12943919,-0.24679694,-0.18279888,-0.25087595,-0.26027086,-0.28621647,-0.27511892,-0.11894142,-0.15403205,-0.040142577,-0.056944285,-0.15338233,-0.11274739,-0.13743341,-0.12932295,-0.1540986,-0.15743439,-0.15743893,-0.15743959,-0.27573854,-0.15407947,-0.12932542,-0.16243835,-0.12334165,-0.14074792,-0.15408602,-0.15887658,-0.14481027,-0.12941763,-0.18691605,-0.14998752,-0.1541085,-0.15741733,-0.15742874,-0.15735969,-0.120334074,-0.13700745,-0.08858878,-0.15410244,-0.19008024,-0.15411383,-0.2004665,-0.11139822,2.8053806,-0.13027036,-0.1074974,-0.15152657,-0.15401584,-0.15710983,-0.10065024,-0.08152827,-0.09427856,-0.15406603,-0.11960925,-0.15027548,-0.16982608,-0.1185138,-0.15408292,-0.15743273,-0.17738779,-0.15176103,-0.15411673,-0.25953975,-0.17989698,-0.13525523,-0.15411389,-0.15095688,-0.17780018,-0.2009549,-0.15409261,-0.09015879,-0.15381588,-0.12151222,-0.121854745,-0.13997786,-0.21433522,-0.13908121,-0.16057305,-0.15404135,-0.07092635,-0.1534757,-0.15665056,-0.18733518,-0.15385273,-0.12931211,-0.12334781,-0.14100276,-0.15407273,-0.114095174,-0.25318068,-0.26654312,-0.12856221,-0.10945694,-0.15406379,-0.09238048,-0.20963459,-0.15411411,-0.15735212,-0.1288322,-0.15404125,-0.16015086,-0.1553517,-0.15411854,-0.19704957,-0.20616047,-0.12828068,-0.10460003,-0.11361031,-0.10256614,-0.15411103,-0.19495486,-0.1540864,-0.128755,-0.15395567,-0.041086134,-0.12967405,-0.15411726,-0.2300741,-0.15409556,-0.10384405,-0.15266842,-0.0784167,-0.1539728,-0.12766197,-0.15399376,-0.121451,-0.075820275,-0.09192432,-0.101488546,-0.15384802,-0.1573435,-0.12378413,-0.1539533,-0.1410757,-0.13984437,-0.18093297,-0.15411976,-0.25777104,-0.12844054,-0.15402621,-0.13462572,-0.119081676,-0.15409017,-0.15743482,-0.15743652,-0.15743762,-0.19755594,-0.25103784,-0.20219928,-0.19465852,-0.24831252,-0.20506537,-0.22091979,-0.1541045,-0.12903002,-0.11956477,-0.15409982,-0.15743119,-0.20931396,-0.18224281,-0.15409055,-0.32474133,-0.15411785,-0.15744029,-0.1574392,-0.15743881,-0.2185038,-0.15408915,-0.114121355,-0.15409303,-0.15742499,-0.15743136,-0.22984435,-0.15411156,-0.15741259,-0.08963354,-0.15400934,-0.15739125,-0.15740886,-0.15741031,-0.13302092,-0.1051107,-0.14014931,-0.15141064,-0.15839578,-0.15615125,-0.14613561,-0.15410796,-0.12319561,-0.12938997,-0.15407203,-0.15744011,-0.15743965,-0.15743965,-0.15744016,-0.38518023,-0.11451449,-0.15407953,-0.15564899,-0.14443555,-0.16636807,-0.1541132,-0.15736246,-0.12993515,-0.047159404,-0.14819479,-0.14016809,-0.14106366,-0.1539697,-0.19987361,-0.1649412,-0.17166539,-0.15409121,-0.15739831,-0.12722544,-0.14610182,-0.2588673,-0.12919277,-0.15399164,-0.09132757,-0.12832497,-0.13684332,-0.16221203,-0.15659244,-0.12862274,-0.15386012,-0.15734622,-0.15739483,-0.15742823,-0.15740095,-0.19795567,-0.15106063,-0.07294749,-0.2039893,-0.15408021,-0.15739334,-0.104459345,-0.15370876,-0.17466888,-0.13176009,-0.15408756,-0.15109587,-0.10913184,-0.15392295,-0.05825615,-0.14326635,-0.17082691,-0.15402672,-0.18883844,-0.15411896,-0.31316653,-0.15410918,5.6388936,-0.14331596,-0.15411136,-0.1574367,-0.25088155,-0.15411934,-0.22115314,-0.07562123,-0.086852394,-0.10702289,-0.060967896,-0.14747263,-0.16796505,-0.15746465,-0.22133875,-0.12812386,-0.0969081,-0.16398169,-0.12716047,-0.11335766,-0.18846886,-0.1293831,-0.17755464,-0.0994983,-0.115196005,-0.15402785,-0.11662802,-0.19749595,-0.14526704,-0.12781724,-0.096878245,-0.15402794,-0.15724282,-0.12434345,-0.11230643,-0.063823454,-0.15395737,-0.11419349,-0.10007019,-0.24483351,-0.15411985,-0.15742831,-0.16344379,-0.1759062,-0.12524253,-0.15410528,-0.0782174,-0.19187105,-0.18185812,-0.09859173,-0.11065883,-0.153781,-0.15711717,-0.083404,-0.1213824,-0.13072303,-0.13855581,-0.19385117,-0.15408272,-0.15743357,-0.19487974,-0.23847799,-0.2432746,-0.1290558,-0.15391499,-0.15740496,-0.14520228,-0.2961179,-0.15411913,-0.19813283,-0.1292876,-0.15405515,-0.060104962,-0.15931924,-0.15411736,-0.2028091,-0.2868003,-0.11816878,-0.14795661,-0.10060286,-0.1539619,-0.13614628,-0.20725825,-0.17393659,-0.125103,-0.15657571,-0.15690626,-0.15411595,-0.15743598,-0.16221246,-0.22200036,-0.1294542,-0.2814266,-0.15412027,-0.1915083,-0.24371436,-0.16952515,-0.1540314,-0.13369927,-0.12557748,-0.15411282,-0.18106565,-0.15412001,-0.18642783,-0.15406284,-0.30462334,-0.15400869,-0.14691104,-0.13029914,-0.1541071,-0.15742366,-0.18915205,-0.12937538,-0.15411207,-0.10481856,-0.1650517,-0.1541099,-0.15743802,-0.15740833,-0.1289664,-0.15401492,-0.157404,-0.15739486,-0.15740645,-0.15741453,-0.16505513,-0.17392421,-0.15410534,-0.15743083,-0.15742072,-0.15743133,-0.2025511,-0.15354379,-0.14723541,-0.15310875,-0.11499533,-0.10471026,-0.11893196,-0.15410902,-0.15735914,-0.12933527,-0.19501048,-0.15411684,-0.18738703,-0.11705899,-0.17429145,-0.15410693,-0.06652963,-0.1538623,-0.10737923,-0.124497145,-0.15298569,-0.052188452,-0.26007295
k__Bacteria|p__Firmicutes|c__Bacilli|o__Lactobacillales|f__Carnobacteriaceae|g__Granulicatella|s__Granulicatella_SGB8244,-0.1004395,-0.12316422,-0.15373611,-0.15705982,-0.15706012,-0.23867357,-0.1666669,-0.16813041,-0.10929718,-0.22895765,-0.23728925,-0.15374184,-0.22850217,-0.3768707,-0.08556121,-0.15327865,-0.058144663,-0.15312201,-0.15698639,-0.19931981,-0.1978925,-0.12884514,-0.15370034,-0.12711628,-0.20043859,-0.11658599,-0.182019,-0.25032333,-0.1509206,-0.15370569,-0.15142563,-0.10844302,-0.18249588,-0.28454733,-0.15372616,-0.12905325,-0.153739,-0.22338755,-0.15374225,-0.29867563,-0.15374234,-0.29356226,-0.12830485,-0.15356603,-0.13691942,-0.15373579,-0.23188588,-0.24781659,-0.1296162,-0.1290597,-0.24679694,-0.18279888,-0.25087595,-0.26027086,-0.28621647,-0.27511892,-0.11894142,-0.15364034,-0.040142577,-0.056944285,-0.15287971,-0.11274739,-0.13743341,-0.12893109,-0.15371636,-0.15705463,-0.15705985,-0.15706062,-0.27573854,-0.15369546,-0.12893274,-0.16243835,-0.12334165,-0.14074792,-0.15370207,-0.15887658,-0.14481027,-0.12903626,-0.18691605,-0.14998752,-0.1537281,-0.15703481,-0.15704793,-0.1569705,-0.120334074,-0.13700745,-0.08858878,-0.15372114,-0.19008024,-0.15373425,-0.2004665,-0.11139822,-0.1388583,-0.13027036,-0.1074974,-0.15152657,-0.15362135,-0.15671805,-0.10065024,-0.08152827,-0.09427856,-0.15367943,-0.11960925,-0.15027548,-0.16982608,-0.1185138,-0.1536983,-0.15705273,-0.17738779,-0.15176103,-0.15373756,-0.25953975,-0.17989698,-0.13525523,-0.15373433,-0.15095688,-0.17780018,-0.2009549,-0.15370952,-0.09015879,-0.15339309,-0.12151222,-0.121854745,-0.13997786,-0.21433522,-0.13908121,-0.16057305,-0.15365113,-0.07092635,-0.15300539,-0.15613152,-0.18733518,-0.15342781,-0.12892283,-0.12334781,-0.14100276,-0.15368688,-0.114095174,-0.25318068,-0.26654312,-0.12811783,-0.10945694,-0.15367672,-0.09238048,-0.20963459,-0.1537346,-0.15695854,-0.12840302,-0.15365092,-0.16015086,-0.1553517,-0.15373966,-0.19704957,-0.20616047,-0.12778349,-0.10460003,-0.11361031,-0.10256614,-0.15373108,-0.19495486,-0.15370291,-0.12832043,-0.15355386,-0.041086134,-0.12967405,-0.15373811,-0.2300741,-0.15371305,-0.10384405,-0.15210363,-0.0784167,-0.15357286,-0.12766197,-0.15359622,-0.121451,-0.075820275,-0.09192432,-0.101488546,-0.15342957,-0.15695052,-0.12378413,-0.15356255,-0.1410757,-0.13984437,-0.18093297,-0.15374109,-0.25777104,-0.12844054,-0.15363583,-0.13462572,-0.119081676,-0.1537073,-0.15705514,-0.15705705,-0.15705836,-0.19755594,-0.25103784,-0.20219928,-0.19465852,-0.24831252,-0.20506537,-0.22091979,-0.1537233,-0.12862098,-0.11956477,-0.15371816,-0.15705085,-0.20931396,-0.18224281,-0.15370752,-0.32474133,-0.15373892,-0.15706146,-0.15706018,-0.15705976,-0.2185038,-0.15370649,-0.114121355,-0.15370989,-0.15704331,-0.15705112,-0.22984435,-0.15373172,-0.1570302,-0.08963354,-0.15361387,-0.1570053,-0.15702477,-0.15702713,-0.13302092,-0.1051107,-0.14014931,-0.15141064,-0.15839578,-0.15615125,-0.14613561,-0.15372762,-0.12319561,-0.12900381,-0.153685,-0.15706123,-0.15706068,-0.1570607,-0.15706128,-0.38518023,-0.11451449,-0.1536944,-0.15564899,-0.14443555,-0.16636807,-0.15373339,-0.15696946,-0.12993515,-0.047159404,-0.14677894,-0.14016809,-0.14106366,-0.15356654,-0.19987361,-0.1649412,-0.17166539,-0.15370816,-0.15701345,-0.12722544,-0.14610182,-0.2588673,-0.12879756,-0.15359458,-0.09132757,-0.12832497,-0.13684332,-0.16221203,-0.15659244,-0.12817933,-0.15344305,-0.15695319,-0.15700921,-0.15704757,-0.15740095,-0.19795567,-0.15106063,-0.07294749,-0.2039893,-0.15369496,-0.15700799,-0.104459345,-0.15333375,-0.17466888,-0.13176009,-0.15370424,-0.15109587,-0.10913184,-0.15351704,-0.05825615,-0.14326635,-0.17082691,-0.15363291,-0.18883844,-0.15374015,-0.31316653,-0.15372853,-0.16808087,-0.14331596,-0.15373138,-0.15705723,-0.25088155,-0.15374058,-0.22115314,-0.07562123,-0.086852394,-0.10702289,-0.060967896,-0.14593092,-0.16796505,-0.15746465,-0.22133875,-0.12812386,-0.0969081,-0.16398169,-0.12716047,-0.11335766,-0.18846886,-0.12899762,-0.17755464,-0.0994983,-0.115196005,-0.1536347,-0.11662802,-0.19749595,-0.14526704,-0.12781724,-0.096878245,-0.15363622,-0.15683472,-0.12434345,-0.11230643,-0.063823454,-0.15355563,-0.11419349,-0.10007019,-0.24483351,-0.15374121,-0.15704738,-0.16344379,-0.1759062,-0.12524253,-0.1537244,-0.0782174,-0.19187105,-0.18185812,-0.09859173,-0.11065883,-0.15335226,-0.15668991,-0.083404,-0.1213824,-0.13072303,-0.13855581,-0.19385117,-0.15369779,-0.15705368,-0.19487974,-0.23847799,-0.2432746,-0.12863076,-0.15350538,-0.15702039,-0.14520228,-0.2961179,-0.15374038,-0.19813283,-0.12889443,-0.15366629,-0.060104962,-0.15931924,-0.15373826,-0.2028091,-0.2868003,-0.11816878,-0.14795661,-0.10060286,-0.15355775,-0.13614628,-0.20725825,-0.17393659,-0.125103,-0.15657571,-0.15690626,-0.15373667,-0.15705648,-0.16221246,-0.22200036,-0.12907682,-0.2814266,-0.15374169,-0.1915083,-0.24371436,-0.16952515,-0.15364075,-0.13369927,-0.12557748,-0.15373302,-0.18106565,-0.15374139,-0.18642783,-0.15367489,-0.30462334,-0.15361086,-0.14691104,-0.13029914,-0.1537264,-0.1570423,-0.18915205,-0.12898922,-0.15373227,-0.10481856,-0.1650517,-0.15372951,-0.1570588,-0.15702438,-0.12854816,-0.15362066,-0.15701911,-0.15700886,-0.15702201,-0.15703201,-0.16505513,-0.17392421,-0.15372428,-0.15705054,-0.15703869,-0.15705112,1.0291669,-0.15354379,-0.14723541,-0.15255013,-0.11499533,-0.10471026,-0.11893196,-0.15372863,-0.15696803,-0.1289458,-0.19501048,-0.15373763,-0.18738703,-0.11705899,-0.17429145,-0.15372649,-0.06652963,-0.15344909,-0.10737923,-0.124497145,-0.15298569,-0.052188452,-0.26007295
k__Bacteria|p__Firmicutes|c__Negativicutes|o__Veillonellales|f__Veillonellaceae|g__Veillonella|s__Veillonella_SGB96765,-0.1004395,-0.12316422,-0.15400189,-0.15732579,-0.15732604,-0.23867357,-0.1666669,-0.16813041,-0.10929718,-0.22895765,-0.23728925,-0.15400624,-0.22850217,-0.3768707,-0.08556121,-0.15364106,-0.058144663,-0.15352355,-0.15726966,-0.19931981,-0.1978925,-0.12913989,-0.15397435,-0.12711628,-0.20043859,-0.11658599,-0.182019,-0.25032333,-0.1509206,-0.15397868,-0.15142563,-0.10844302,-0.18249588,-0.28454733,-0.1539941,-0.12931544,-0.15400408,-0.22338755,-0.15400657,-0.29867563,-0.15400663,-0.29356226,-0.12867427,-0.15387237,-0.13691942,-0.15400161,-0.23188588,-0.24781659,-0.1296162,-0.12932079,-0.24679694,-0.18279888,-0.25087595,-0.26027086,-0.28621647,-0.27511892,-0.11894142,-0.15392813,-0.040142577,-0.056944285,-0.15334946,-0.11274739,-0.13743341,-0.12921312,-0.15398687,-0.15732181,-0.15732583,-0.15732642,-0.27573854,-0.15397039,-0.129216,-0.16243835,-0.12334165,-0.14074792,-0.15397573,-0.15887658,-0.14481027,-0.12930113,-0.18691605,-0.14998752,-0.15399572,-0.15730664,-0.15731677,-0.15725619,-0.120334074,-0.13700745,-0.08858878,-0.15399036,-0.19008024,-0.15400043,-0.2004665,-0.11139822,-0.1388583,-0.13027036,-0.1074974,-0.15152657,-0.15391344,-0.15704377,-0.10065024,-0.08152827,-0.09427856,-0.15395814,-0.11960925,-0.15027548,-0.16982608,-0.1185138,-0.15397313,-0.15732032,-0.17738779,-0.15176103,-0.154003,-0.25953975,-0.17989698,-0.13525523,-0.15400049,-0.15095688,-0.17780018,-0.2009549,-0.15398154,-0.09015879,-0.15373641,-0.12151222,-0.121854745,-0.13997786,-0.21433522,-0.13908121,-0.16057305,-0.15393624,-0.07092635,-0.15343627,-0.1566229,-0.18733518,-0.15376797,-0.12920117,-0.12334781,-0.14100276,-0.15396406,-0.114095174,-0.25318068,-0.26654312,-0.12848476,-0.10945694,-0.1539561,-0.09238048,-0.20963459,-0.15400068,-0.15724947,-0.12873717,-0.15393656,-0.16015086,-0.1553517,-0.1540046,-0.19704957,-0.20616047,-0.12821962,-0.10460003,-0.11361031,-0.10256614,-0.15399796,-0.19495486,-0.153976,-0.12865794,-0.15386051,-0.041086134,-0.12967405,-0.15400346,-0.2300741,-0.15398419,-0.10384405,-0.15273312,-0.0784167,-0.15387657,-0.12766197,-0.15389413,-0.121451,-0.075820275,-0.09192432,-0.101488546,-0.15376487,-0.15724139,-0.12378413,-0.1538634,-0.1410757,-0.13984437,-0.18093297,-0.15400568,-0.25777104,-0.12844054,-0.15392408,-0.13462572,-0.119081676,-0.15397955,-0.15732223,-0.15732369,-0.1573247,-0.19755594,-0.25103784,-0.20219928,-0.19465852,-0.24831252,-0.20506537,-0.22091979,-0.15399215,-0.12892564,-0.11956477,-0.15398802,-0.15731895,-0.20931396,-0.18224281,-0.15397999,-0.32474133,-0.15400401,-0.15732704,-0.15732609,-0.15732576,-0.2185038,-0.15397957,-0.114121355,-0.15398207,-0.15731336,-0.15731917,-0.22984435,-0.15399843,-0.15730377,-0.08963354,-0.15390831,-0.1572837,-0.15729912,-0.1573005,-0.13302092,-0.1051107,-0.14014931,-0.15141064,-0.15839578,-0.15615125,-0.14613561,-0.15399525,-0.12319561,-0.12927604,-0.15396315,-0.15732688,-0.15732646,-0.15732647,-0.15732692,-0.38518023,-0.11451449,-0.15396996,-0.15564899,-0.14443555,-0.16636807,-0.15399984,-0.15725772,-0.12993515,-0.047159404,-0.14872979,-0.14016809,-0.14106366,-0.15387231,-0.19987361,-0.1649412,-0.17166539,-0.15398036,-0.15728985,-0.12722544,-0.14610182,-0.2588673,-0.12908697,-0.15389216,-0.09132757,-0.12832497,-0.13684332,-0.16221203,-0.15659244,-0.12853232,-0.15377703,-0.15724376,-0.1572868,-0.15731639,-0.15740095,-0.19795567,-0.15106063,-0.07294749,-0.2039893,-0.15397051,-0.15728563,-0.104459345,-0.15365511,-0.17466888,-0.13176009,-0.15397717,-0.15109587,-0.10913184,-0.15383214,-0.05825615,-0.14326635,-0.17082691,-0.15392302,-0.18883844,-0.15400498,-0.31316653,-0.15399629,-0.16808087,-0.14331596,-0.15399823,-0.15732385,-0.25088155,-0.15400532,-0.22115314,-0.07562123,-0.086852394,-0.10702289,-0.060967896,-0.14808214,-0.16796505,-0.15746465,-0.22133875,-0.12812386,-0.0969081,-0.16398169,-0.12716047,-0.11335766,-0.18846886,-0.12926915,-0.17755464,-0.0994983,-0.115196005,-0.15392411,-0.11662802,-0.19749595,-0.14526704,-0.12781724,-0.096878245,-0.15392452,-0.15715204,-0.12434345,-0.11230643,-0.063823454,-0.15386243,-0.11419349,-0.10007019,-0.24483351,-0.15400577,-0.15731643,-0.16344379,-0.1759062,-0.12524253,-0.15399283,-0.0782174,-0.19187105,-0.18185812,-0.09859173,-0.11065883,-0.15370518,-0.15704046,-0.083404,-0.1213824,-0.13072303,-0.13855581,-0.19385117,-0.15397274,-0.1573211,-0.19487974,-0.23847799,-0.2432746,-0.12896407,-0.15382414,-0.15729567,-0.14520228,-0.2961179,-0.15400513,-0.19813283,-0.12917991,-0.15394837,-0.060104962,-0.15931924,-0.15400355,-0.2028091,-0.2868003,-0.11816878,-0.14795661,-0.10060286,-0.15386543,-0.13614628,1.6845956,-0.17393659,-0.125103,-0.15657571,-0.15690626,-0.15400231,-0.15732324,-0.16221246,-0.22200036,-0.12933432,-0.2814266,-0.15400615,-0.1915083,-0.24371436,-0.16952515,-0.1539287,-0.13369927,-0.12557748,-0.15399954,-0.18106565,-0.15400591,-0.18642783,-0.1539555,-0.30462334,-0.15390675,-0.14691104,-0.13029914,-0.15399443,-0.15731233,-0.18915205,-0.1292629,-0.15399887,-0.10481856,-0.1650517,-0.15399688,-0.15732503,-0.15729888,-0.12887406,-0.1539127,-0.15729481,-0.15728684,-0.15729703,-0.15730445,-0.16505513,-0.17392421,-0.15399289,-0.15731865,-0.15730965,-0.15731913,-0.2025511,-0.15354379,-0.14723541,-0.15310404,-0.11499533,-0.10471026,-0.11893196,-0.15399614,-0.15725563,-0.12922655,-0.19501048,-0.15400308,-0.18738703,-0.11705899,-0.17429145,-0.15399447,-0.06652963,-0.15377846,-0.10737923,-0.124497145,-0.15298569,-0.052188452,-0.26007295
k__Bacteria|p__Firmicutes|c__Clostridia|o__Eubacteriales|f__Lachnospiraceae|g__Cellulosilyticum|s__Cellulosilyticum_lentocellum,-0.1004395,-0.12316422,-0.15393022,-0.15719102,-0.15719134,-0.23867357,-0.1666669,-0.16813041,-0.10929718,-0.22895765,-0.23728925,-0.15393542,-0.22850217,-0.3768707,-0.08556121,-0.15348731,-0.058144663,-0.15334544,-0.15712342,-0.19931981,-0.1978925,-0.12950033,-0.15389693,-0.12711628,-0.20043859,-0.11658599,-0.182019,-0.25032333,-0.1509206,-0.15390263,-0.15142563,-0.10844302,-0.18249588,-0.28454733,-0.1539213,-0.12971205,-0.15393281,-0.22338755,-0.15393582,-0.29867563,-0.1539359,-0.29356226,-0.1289354,-0.15377611,-0.13691942,-0.1539298,-0.23188588,-0.24781659,-0.1296162,-0.12971884,-0.24679694,-0.18279888,-0.25087595,-0.26027086,-0.28621647,-0.27511892,-0.11894142,-0.15384087,-0.040142577,-0.056944285,-0.15314974,-0.11274739,-0.13743341,-0.12958844,-0.15391229,-0.15718621,-0.1571911,-0.15719178,-0.27573854,-0.15389289,-0.1295927,-0.16243835,-0.12334165,-0.14074792,-0.1538986,-0.15887658,-0.14481027,-0.129695,-0.18691605,-0.14998752,-0.15392268,-0.15716797,-0.15718028,-0.15711059,-0.120334074,-0.13700745,-0.08858878,-0.15391621,-0.19008024,-0.1539284,-0.2004665,-0.11139822,-0.1388583,-0.13027036,-0.1074974,-0.15152657,-0.15382312,-0.15685016,-0.10065024,-0.08152827,-0.09427856,-0.15387717,-0.11960925,-0.15027548,-0.16982608,-0.1185138,-0.15389583,-0.15718445,-0.17738779,-0.15176103,-0.15393153,-0.25953975,-0.17989698,-0.13525523,-0.15392846,-0.15095688,-0.17780018,-0.2009549,-0.153907,-0.09015879,-0.1536074,-0.12151222,-0.121854745,-0.13997786,-0.21433522,-0.13908121,-0.16057305,-0.15385059,-0.07092635,-0.15324551,-0.15635803,-0.18733518,-0.1536563,-0.12957193,-0.12334781,-0.14100276,-0.1538844,-0.114095174,-0.25318068,-0.26654312,-0.1287052,-0.10945694,-0.15387467,-0.09238048,-0.20963459,-0.1539287,-0.15710399,-0.1290108,-0.15385142,-0.16015086,-0.1553517,-0.15393344,-0.19704957,-0.20616047,-0.12840088,-0.10460003,-0.11361031,-0.10256614,-0.15392534,-0.19495486,-0.15389994,-0.12892416,-0.15375859,-0.041086134,-0.12967405,-0.15393212,-0.2300741,-0.15391006,-0.10384405,-0.15237978,-0.0784167,-0.15377837,-0.12766197,-0.15379964,-0.121451,-0.075820275,-0.09192432,-0.101488546,-0.15364248,-0.15708847,-0.12378413,-0.15376467,-0.1410757,-0.13984437,-0.18093297,-0.15393473,-0.25777104,-0.12844054,-0.1538388,-0.13462572,-0.119081676,-0.15390286,-0.15718672,-0.1571885,-0.1571897,1.4019498,-0.25103784,-0.20219928,-0.19465852,-0.24831252,-0.20506537,-0.22091979,-0.1539189,-0.12924084,-0.11956477,-0.15391333,-0.15718283,-0.20931396,-0.18224281,-0.15390433,-0.32474133,-0.15393269,-0.15719254,-0.15719137,-0.15719096,-0.2185038,-0.15390381,-0.114121355,-0.15390657,-0.15717645,-0.15718308,-0.22984435,-0.15392591,-0.15716457,-0.08963354,-0.15381719,-0.15713975,-0.15715912,-0.1571602,-0.13302092,-0.1051107,-0.14014931,-0.15141064,-0.15839578,-0.15615125,-0.14613561,-0.153922,-0.12319561,-0.12966506,-0.15388414,-0.15719235,-0.15719184,-0.15719186,-0.1571924,-0.38518023,-0.11451449,-0.15389177,-0.15564899,-0.14443555,-0.16636807,-0.15392777,-0.15711194,-0.12993515,-0.047159404,-0.14766747,-0.14016809,-0.14106366,-0.15377451,-0.19987361,-0.1649412,-0.17166539,-0.15390413,-0.15714714,-0.12722544,-0.14610182,-0.2588673,-0.12943572,-0.153797,-0.09132757,-0.12832497,-0.13684332,-0.16221203,-0.15659244,-0.12876399,-0.15365893,-0.15709177,-0.1571438,-0.15717965,-0.15740095,-0.19795567,-0.15106063,-0.07294749,-0.2039893,-0.15389267,-0.15714192,-0.104459345,-0.15350467,-0.17466888,-0.13176009,-0.1539,-0.15109587,-0.10913184,-0.15372448,-0.05825615,-0.14326635,-0.17082691,-0.15383549,-0.18883844,-0.15393391,-0.31316653,-0.15392375,-0.16808087,-0.14331596,-0.15392575,-0.15718874,-0.25088155,-0.1539343,-0.22115314,-0.07562123,-0.086852394,-0.10702289,-0.060967896,-0.14688854,-0.16796505,-0.15746465,-0.22133875,-0.12812386,-0.0969081,-0.16398169,-0.12716047,-0.11335766,-0.18846886,-0.12965643,-0.17755464,-0.0994983,-0.115196005,-0.15383655,-0.11662802,-0.19749595,-0.14526704,-0.12781724,-0.096878245,-0.15383583,-0.15698065,-0.12434345,-0.11230643,-0.063823454,-0.15376082,-0.11419349,-0.10007019,-0.24483351,-0.15393485,-0.15718046,-0.16344379,-0.1759062,-0.12524253,-0.15391918,-0.0782174,-0.19187105,-0.18185812,-0.09859173,-0.11065883,-0.15357044,-0.15684593,-0.083404,-0.1213824,-0.13072303,-0.13855581,-0.19385117,-0.15389545,-0.15718538,-0.19487974,-0.23847799,-0.2432746,-0.12929046,-0.15371525,-0.15715496,-0.14520228,-0.2961179,-0.15393406,-0.19813283,-0.12954855,-0.15386596,-0.060104962,-0.15931924,-0.15393221,-0.2028091,-0.2868003,-0.11816878,-0.14795661,-0.10060286,-0.15376666,-0.13614628,-0.20725825,-0.17393659,-0.125103,-0.15657571,-0.15690626,-0.1539307,-0.15718795,-0.16221246,-0.22200036,-0.12973517,-0.2814266,-0.15393528,-0.1915083,-0.24371436,-0.16952515,-0.15384531,-0.13369927,-0.12557748,-0.15392739,-0.18106565,-0.15393502,-0.18642783,-0.1538763,-0.30462334,-0.15381682,-0.14691104,-0.13029914,-0.15392119,-0.15717474,-0.18915205,-0.12964875,-0.15392654,-0.10481856,-0.1650517,-0.15392427,-0.15719013,-0.15716039,-0.12917799,-0.15382202,-0.15715407,-0.15714413,-0.15715665,-0.15716511,-0.16505513,-0.17392421,-0.15391943,-0.1571824,-0.15717164,-0.15718295,-0.2025511,-0.15354379,-0.14723541,-0.15286502,-0.11499533,-0.10471026,-0.11893196,-0.15392326,-0.15710959,-0.12960304,-0.19501048,-0.15393168,-0.18738703,-0.11705899,-0.17429145,-0.15392219,-0.06652963,-0.15365812,-0.10737923,-0.124497145,-0.15298569,-0.052188452,-0.26007295
k__Bacteria|p__Firmicutes|c__Bacilli|o__Lactobacillales|f__Lactobacillaceae|g__Limosilactobacillus|s__Limosilactobacillus_oris,-0.1004395,-0.12316422,-0.15412503,-0.1573574,-0.15735766,-0.23867357,-0.1666669,-0.16813041,-0.10929718,-0.22895765,-0.23728925,-0.15412962,-0.22850217,-0.3768707,-0.08556121,-0.1537387,-0.058144663,-0.15360564,-0.15729782,-0.19931981,-0.1978925,-0.12993257,-0.1540955,-0.12711628,-0.20043859,-0.11658599,-0.182019,-0.25032333,-0.1509206,-0.15410069,-0.15142563,-0.10844302,-0.18249588,-0.28454733,-0.15411717,-0.13011773,-0.15412731,-0.22338755,-0.15412998,-0.29867563,-0.15413004,-0.29356226,-0.12943284,-0.1539897,-0.13691942,-0.15412463,-0.23188588,-0.24781659,-0.1296162,-0.13012391,-0.24679694,-0.18279888,-0.25087595,-0.26027086,-0.28621647,-0.27511892,-0.11894142,-0.15404606,-0.040142577,-0.056944285,-0.15343869,-0.11274739,-0.13743341,-0.13001136,-0.15410936,-0.1573531,-0.15735745,-0.15735805,-0.27573854,-0.15409264,-0.13001357,-0.16243835,-0.12334165,-0.14074792,-0.15409699,-0.15887658,-0.14481027,-0.13010266,-0.18691605,-0.14998752,-0.15411836,-0.15733701,-0.15734799,-0.1572876,-0.120334074,-0.13700745,-0.08858878,-0.1541126,-0.19008024,-0.1541234,-0.2004665,-0.11139822,-0.1388583,-0.13027036,-0.1074974,-0.15152657,-0.15403017,-0.15707007,-0.10065024,-0.08152827,-0.09427856,-0.15407795,-0.11960925,-0.15027548,-0.16982608,-0.1185138,-0.15409479,-0.15735157,-0.17738779,-0.15176103,-0.1541262,-0.25953975,-0.17989698,-0.13525523,-0.15412344,-0.15095688,-0.17780018,-0.2009549,-0.15410502,-0.09015879,-0.1538387,-0.12151222,-0.121854745,-0.13997786,-0.21433522,-0.13908121,-0.16057305,-0.15405434,-0.07092635,-0.15352249,-0.15663075,-0.18733518,-0.15388781,-0.12999889,-0.12334781,-0.14100276,-0.15408446,-0.114095174,-0.25318068,-0.26654312,-0.12925129,-0.10945694,-0.15407571,-0.09238048,-0.20963459,-0.15412366,-0.15728065,-0.12951624,-0.15405583,-0.16015086,-0.1553517,-0.15412788,-0.19704957,-0.20616047,-0.12896262,-0.10460003,-0.11361031,-0.10256614,-0.15412065,-0.19495486,-0.15409818,-0.1294368,-0.15397295,-0.041086134,-0.12967405,-0.15412676,-0.2300741,-0.15410689,-0.10384405,-0.15277025,-0.0784167,-0.15399148,-0.12766197,-0.15400957,-0.121451,-0.075820275,-0.09192432,-0.101488546,-0.15387128,-0.1572665,-0.12378413,-0.15398368,-0.1410757,-0.13984437,-0.18093297,-0.15412903,-0.25777104,-0.12844054,-0.15404409,-0.13462572,-0.119081676,-0.15410069,-0.15735358,-0.15735516,-0.15735622,-0.19755594,-0.25103784,-0.20219928,-0.19465852,-0.24831252,-0.20506537,-0.22091979,-0.15411511,-0.12971866,-0.11956477,-0.15410997,-0.15735015,-0.20931396,-0.18224281,-0.15410241,-0.32474133,-0.15412721,-0.15735874,-0.1573577,-0.15735732,-0.2185038,-0.15410192,-0.114121355,-0.15410435,-0.15734474,-0.15735036,-0.22984435,-0.15412116,-0.15733454,-0.08963354,-0.15402555,-0.15731172,-0.15732932,-0.15732992,-0.13302092,-0.1051107,-0.14014931,-0.15141064,-0.15839578,-0.15615125,-0.14613561,-0.15411764,-0.12319561,-0.13007644,-0.15408473,-0.15735856,-0.15735811,-0.15735812,-0.1573586,-0.38518023,-0.11451449,-0.15409106,-0.15564899,-0.14443555,-0.16636807,-0.15412292,-0.15728816,-0.12993515,-0.047159404,-0.14865655,-0.14016809,-0.14106366,-0.15398765,-0.19987361,-0.1649412,-0.17166539,-0.15410185,-0.15731815,-0.12722544,-0.14610182,-0.2588673,-0.12988138,-0.15400729,-0.09132757,-0.12832497,-0.13684332,-0.16221203,-0.15659244,-0.12929739,-0.15388703,-0.15726955,-0.15731546,-0.15734729,-0.15740095,-0.19795567,-0.15106063,-0.07294749,-0.2039893,-0.15409204,-0.15731364,-0.104459345,-0.1537708,-0.17466888,-0.13176009,-0.15409797,-0.15109587,-0.10913184,-0.15394418,-0.05825615,-0.14326635,-0.17082691,-0.15404151,-0.18883844,-0.15412831,-0.31316653,-0.15411952,-0.16808087,-0.14331596,-0.15412104,-0.1573554,-0.25088155,-0.15412867,-0.22115314,-0.07562123,-0.086852394,-0.10702289,-0.060967896,-0.14796183,-0.16796505,-0.15746465,-0.22133875,-0.12812386,-0.0969081,-0.16398169,-0.12716047,-0.11335766,-0.18846886,-0.13006915,-0.17755464,-0.0994983,-0.115196005,-0.15404233,-0.11662802,6.3738866,-0.14526704,-0.12781724,-0.096878245,-0.154041,-0.15717132,-0.12434345,-0.11230643,-0.063823454,-0.15397581,-0.11419349,-0.10007019,-0.24483351,-0.15412913,-0.15734798,-0.16344379,-0.1759062,-0.12524253,-0.15411519,-0.0782174,-0.19187105,-0.18185812,-0.09859173,-0.11065883,-0.15380633,-0.15705222,-0.083404,-0.1213824,-0.13072303,-0.13855581,-0.19385117,-0.15409455,-0.15735236,-0.19487974,-0.23847799,-0.2432746,-0.12974285,-0.15393506,-0.1573256,-0.14520228,-0.2961179,-0.15412843,-0.19813283,-0.12997627,-0.15406856,-0.060104962,-0.15931924,-0.15412681,-0.2028091,-0.2868003,-0.11816878,-0.14795661,-0.10060286,-0.15398112,-0.13614628,-0.20725825,-0.17393659,-0.125103,-0.15657571,-0.15690626,-0.15412548,-0.15735465,-0.16221246,-0.22200036,-0.13013837,-0.2814266,-0.15412953,-0.1915083,-0.24371436,-0.16952515,-0.15405044,-0.13369927,-0.12557748,-0.15412255,-0.18106565,-0.15412928,-0.18642783,-0.15407798,-0.30462334,-0.1540256,-0.14691104,-0.13029914,-0.15411705,-0.15734291,-0.18915205,-0.13006164,-0.15412174,-0.10481856,-0.1650517,-0.15411985,-0.15735659,-0.15733033,-0.1296558,-0.15402913,-0.15732498,-0.15731606,-0.1573272,-0.15733449,-0.16505513,-0.17392421,-0.15411557,-0.15734974,-0.15734027,-0.15735021,-0.2025511,-0.15354379,-0.14723541,-0.15319438,-0.11499533,-0.10471026,-0.11893196,-0.1541189,-0.15728578,-0.13002202,-0.19501048,-0.15412635,-0.18738703,-0.11705899,-0.17429145,-0.15411767,-0.06652963,-0.15388495,-0.10737923,-0.124497145,-0.15298569,-0.052188452,-0.26007295
k__Bacteria|p__Firmicutes|c__Tissierellia|o__Tissierellales|f__Peptoniphilaceae|g__Urinicoccus|s__Urinicoccus_timonensis,-0.1004395,-0.12316422,-0.15425724,-0.15753755,-0.15753779,-0.23867357,-0.1666669,-0.16813041,-0.10929718,-0.22895765,-0.23728925,-0.15426147,-0.22850217,-0.3768707,-0.08556121,-0.15390657,-0.058144663,-0.15379158,-0.15748292,-0.19931981,-0.1978925,-0.12972856,-0.15423046,-0.12711628,-0.20043859,-0.11658599,-0.182019,-0.25032333,-0.1509206,-0.15423483,-0.15142563,-0.10844302,-0.18249588,-0.28454733,-0.15424988,-0.12989435,-0.15425937,-0.22338755,-0.15426178,-0.29867563,-0.15426186,-0.29356226,-0.12928188,-0.15413204,-0.13691942,-0.15425694,-0.23188588,-0.24781659,-0.1296162,-0.12989974,-0.24679694,-0.18279888,-0.25087595,-0.26027086,-0.28621647,-0.27511892,-0.11894142,-0.15418541,-0.040142577,-0.056944285,-0.15362623,-0.11274739,-0.13743341,-0.1297982,-0.15424272,-0.15753368,-0.1575376,-0.15753816,-0.27573854,-0.15422675,-0.12979987,-0.16243835,-0.12334165,-0.14074792,-0.15423185,-0.15887658,-0.14481027,-0.12988086,-0.18691605,-0.14998752,-0.15425122,-0.15751895,-0.15752883,-0.15747158,-0.120334074,-0.13700745,-0.08858878,-0.154246,-0.19008024,-0.1542558,-0.2004665,-0.11139822,-0.1388583,-0.13027036,-0.1074974,-0.15152657,-0.15417138,-0.1572689,-0.10065024,-0.08152827,-0.09427856,-0.15421465,-0.11960925,-0.15027548,-0.16982608,-0.1185138,-0.15422934,-0.15753224,-0.17738779,-0.15176103,-0.15425834,-0.25953975,-0.17989698,-0.13525523,-0.15425587,-0.15095688,-0.17780018,-0.2009549,-0.15423796,-0.09015879,-0.15399896,-0.12151222,-0.121854745,-0.13997786,-0.21433522,-0.13908121,-0.16057305,-0.15419337,-0.07092635,-0.15370832,-0.15686053,-0.18733518,-0.1540334,-0.12978604,-0.12334781,-0.14100276,-0.15422046,-0.114095174,-0.25318068,-0.26654312,-0.12912384,-0.10945694,-0.15421265,-0.09238048,-0.20963459,-0.15425606,-0.15746404,-0.12935327,-0.15419374,-0.16015086,-0.1553517,-0.15425986,-0.19704957,-0.20616047,-0.12885061,-0.10460003,-0.11361031,-0.10256614,-0.1542534,-0.19495486,-0.1542326,-0.1292839,-0.15412,-0.041086134,-0.12967405,-0.15425877,-0.2300741,-0.15424037,-0.10384405,-0.1530253,-0.0784167,-0.15413511,-0.12766197,-0.15415248,-0.121451,-0.075820275,-0.09192432,-0.101488546,-0.15402699,-0.15745541,-0.12378413,-0.15412354,-0.1410757,-0.13984437,-0.18093297,-0.15426092,-0.25777104,-0.12844054,-0.15418164,-0.13462572,-0.119081676,-0.1542354,-0.15753406,-0.15753551,-0.15753648,-0.19755594,-0.25103784,-0.20219928,0.86003435,-0.24831252,-0.20506537,-0.22091979,-0.15424791,-0.12953502,-0.11956477,-0.15424371,-0.1575309,-0.20931396,-0.18224281,-0.15423596,-0.32474133,-0.1542593,-0.15753877,-0.15753782,-0.1575375,-0.2185038,-0.15423512,-0.114121355,-0.154238,-0.15752563,-0.15753111,-0.22984435,-0.15425386,-0.15751526,-0.08963354,-0.15416607,-0.15749647,-0.15751171,-0.1575129,-0.13302092,-0.1051107,-0.14014931,-0.15141064,-0.15839578,-0.15615125,-0.14613561,-0.15425074,-0.12319561,-0.1298567,-0.15421987,-0.1575386,-0.1575382,-0.15753822,-0.15753865,-0.38518023,-0.11451449,-0.15422627,-0.15564899,-0.14443555,-0.16636807,-0.15425527,-0.15747222,-0.12993515,-0.047159404,-0.14917651,-0.14016809,-0.14106366,-0.15413168,-0.19987361,-0.1649412,-0.17166539,-0.1542363,-0.15750247,-0.12722544,-0.14610182,-0.2588673,-0.12968493,-0.15415066,-0.09132757,-0.12832497,-0.13684332,-0.16221203,-0.15659244,-0.129163,-0.15403846,-0.15745774,-0.1574996,-0.1575284,-0.15740095,-0.19795567,-0.15106063,-0.07294749,-0.2039893,-0.15422685,-0.1574983,-0.104459345,-0.15391728,-0.17466888,-0.13176009,-0.15423311,-0.15109587,-0.10913184,-0.15409224,-0.05825615,-0.14326635,-0.17082691,-0.15418078,-0.18883844,-0.15426025,-0.31316653,-0.1542519,-0.16808087,-0.14331596,-0.15425366,-0.15753567,-0.25088155,-0.15426056,-0.22115314,-0.07562123,-0.086852394,-0.10702289,-0.060967896,-0.14854605,-0.16796505,-0.15746465,-0.22133875,-0.12812386,-0.0969081,-0.16398169,-0.12716047,-0.11335766,-0.18846886,-0.12985076,-0.17755464,-0.0994983,-0.115196005,-0.15418181,-0.11662802,-0.19749595,-0.14526704,-0.12781724,-0.096878245,-0.15418172,-0.15736878,-0.12434345,-0.11230643,-0.063823454,-0.1541216,-0.11419349,-0.10007019,-0.24483351,-0.15426102,-0.15752861,-0.16344379,-0.1759062,-0.12524253,-0.15424842,-0.0782174,-0.19187105,-0.18185812,-0.09859173,-0.11065883,-0.15396908,-0.15726063,-0.083404,-0.1213824,-0.13072303,-0.13855581,-0.19385117,-0.15422904,-0.15753299,-0.19487974,-0.23847799,-0.2432746,-0.12955903,-0.1540846,-0.15750837,-0.14520228,-0.2961179,-0.1542604,-0.19813283,-0.12976734,-0.15420538,-0.060104962,-0.15931924,-0.15425886,-0.2028091,-0.2868003,-0.11816878,-0.14795661,-0.10060286,-0.15412518,-0.13614628,-0.20725825,-0.17393659,-0.125103,-0.15657571,-0.15690626,-0.15425766,-0.15753508,-0.16221246,-0.22200036,-0.1299128,-0.2814266,-0.15426135,-0.1915083,-0.24371436,-0.16952515,-0.15418646,-0.13369927,-0.12557748,-0.15425496,-0.18106565,-0.15426116,-0.18642783,-0.15421256,-0.30462334,-0.15416536,-0.14691104,-0.13029914,-0.15425,-0.15752444,-0.18915205,-0.12984428,-0.1542543,-0.10481856,-0.1650517,-0.15425244,-0.1575368,-0.15751195,-0.12948537,-0.15417056,-0.15750761,-0.15749967,-0.15750968,-0.15751666,-0.16505513,-0.17392421,-0.15424854,-0.1575306,-0.1575219,-0.15753105,-0.2025511,-0.15354379,-0.14723541,-0.15339188,-0.11499533,-0.10471026,-0.11893196,-0.15425165,-0.15747014,-0.12980941,-0.19501048,-0.15425843,-0.18738703,-0.11705899,-0.17429145,-0.15425023,-0.06652963,-0.15404007,-0.10737923,-0.124497145,-0.15298569,-0.052188452,-0.26007295
k__Bacteria|p__Firmicutes|c__Clostridia|o__Clostridia_unclassified|f__Clostridia_unclassified|g__GGB3363|s__GGB3363_SGB4448,-0.1004395,-0.12316422,-0.15480456,-0.15810114,-0.15810141,-0.23867357,-0.1666669,-0.16813041,-0.10929718,-0.22895765,-0.23728925,-0.15480949,-0.22850217,-0.3768707,-0.08556121,-0.15439823,-0.058144663,-0.15426108,-0.15803742,-0.19931981,-0.1978925,-0.13013063,-0.15477327,-0.12711628,-0.20043859,-0.11658599,-0.182019,-0.25032333,-0.1509206,-0.15477833,-0.15142563,-0.10844302,-0.18249588,-0.28454733,-0.15479593,-0.13032144,-0.15480703,-0.22338755,-0.15480986,-0.29867563,-0.15480992,-0.29356226,-0.1296319,-0.15465832,-0.13691942,-0.1548042,-0.23188588,-0.24781659,-0.1296162,-0.13032755,-0.24679694,-0.18279888,-0.25087595,-0.26027086,-0.28621647,-0.27511892,-0.11894142,-0.15472084,-0.040142577,-0.056944285,-0.15406662,-0.11274739,-0.13743341,-0.13021049,-0.1547876,-0.15809661,-0.15810117,-0.15810184,-0.27573854,-0.1547691,-0.13021289,-0.16243835,-0.12334165,-0.14074792,-0.15477484,-0.15887658,-0.14481027,-0.13030589,-0.18691605,-0.14998752,-0.15479752,-0.15807942,-0.15809095,-0.15802352,-0.120334074,-0.13700745,-0.08858878,-0.15479144,-0.19008024,-0.15480289,-0.2004665,-0.11139822,-0.1388583,-0.13027036,-0.1074974,-0.15152657,-0.15470418,-0.15778905,-0.10065024,-0.08152827,-0.09427856,-0.15475483,-0.11960925,-0.15027548,-0.16982608,-0.1185138,-0.15477195,-0.15809494,-0.17738779,-0.15176103,-0.15480581,-0.25953975,-0.17989698,-0.13525523,-0.15480295,-0.15095688,-0.17780018,-0.2009549,-0.15478197,-0.09015879,-0.15450305,-0.12151222,-0.121854745,-0.13997786,-0.21433522,-0.13908121,-0.16057305,-0.15472999,-0.07092635,-0.15416476,-0.15730926,-0.18733518,-0.15454248,-0.13020095,-0.12334781,-0.14100276,-0.15476155,-0.114095174,-0.25318068,-0.26654312,-0.12944354,-0.10945694,-0.15475252,-0.09238048,-0.20963459,-0.15480319,-0.15801528,-0.12971321,-0.1547305,-0.16015086,-0.1553517,-0.15480763,-0.19704957,-0.20616047,-0.12915987,-0.10460003,-0.11361031,-0.10256614,-0.15480006,-0.19495486,-0.1547755,-0.12963739,-0.15464419,-0.041086134,-0.12967405,-0.15480635,-0.2300741,-0.15478462,-0.10384405,-0.15336688,-0.0784167,-0.15466216,-0.12766197,-0.15468228,-0.121451,-0.075820275,-0.09192432,-0.101488546,-0.15453595,-0.15800524,-0.12378413,-0.15465017,-0.1410757,-0.13984437,-0.18093297,-0.15480885,-0.25777104,-0.12844054,-0.15471658,-0.13462572,-0.119081676,-0.15477909,-0.15809709,-0.15809874,-0.15809987,-0.19755594,-0.25103784,-0.20219928,-0.19465852,-0.24831252,-0.20506537,-0.22091979,-0.15479359,-0.12991497,-0.11956477,-0.15478876,-0.1580934,-0.20931396,-0.18224281,-0.1547799,-0.32474133,-0.15480694,-0.15810256,-0.15810145,-0.15810108,-0.2185038,-0.15477903,-0.114121355,-0.15478209,-0.15808718,-0.1580936,-0.22984435,-0.1548006,-0.15807584,-0.08963354,-0.15469834,-0.15805319,-0.15807095,-0.15807235,-0.13302092,-0.1051107,-0.14014931,-0.15141064,-0.15839578,-0.15615125,-0.14613561,-0.15479696,-0.12319561,-0.13027792,-0.15476084,-0.15810236,-0.1581019,-0.1581019,-0.15810241,-0.38518023,-0.11451449,-0.15476833,-0.15564899,-0.14443555,-0.16636807,-0.15480226,-0.15802455,-0.12993515,-0.047159404,-0.14885913,-0.14016809,-0.14106366,-0.15465772,-0.19987361,-0.1649412,-0.17166539,-0.15478009,-0.15806018,-0.12722544,-0.14610182,-0.2588673,-0.13008003,-0.15468024,-0.09132757,-0.12832497,-0.13684332,-0.16221203,-0.15659244,-0.12950027,-0.15454975,-0.158008,-0.15805681,-0.15809044,-0.15740095,-0.19795567,-0.15106063,-0.07294749,-0.2039893,-0.15476906,-0.15805534,-0.104459345,-0.15442543,-0.17466888,-0.13176009,-0.15477636,-0.15109587,-0.10913184,-0.15461263,-0.05825615,-0.14326635,-0.17082691,-0.15471523,-0.18883844,-0.15480806,-0.31316653,-0.15479827,-0.16808087,-0.14331596,-0.15480037,-0.15809894,-0.25088155,-0.15480843,-0.22115314,-0.07562123,-0.086852394,-0.10702289,-0.060967896,-0.14812334,-0.16796505,-0.15746465,-0.22133875,-0.12812386,-0.0969081,-0.16398169,-0.12716047,-0.11335766,-0.18846886,-0.13027094,-0.17755464,-0.0994983,-0.115196005,-0.1547164,-0.11662802,-0.19749595,-0.14526704,-0.12781724,-0.096878245,-0.1547165,-0.15790412,-0.12434345,-0.11230643,-0.063823454,-0.15464637,-0.11419349,-0.10007019,-0.24483351,-0.15480895,-0.15809059,-0.16344379,-0.1759062,-0.12524253,-0.15479425,-0.0782174,-0.19187105,-0.18185812,-0.09859173,-0.11065883,-0.154468,-0.15777773,-0.083404,-0.1213824,-0.13072303,-0.13855581,-0.19385117,-0.15477163,-0.15809579,-0.19487974,-0.23847799,-0.2432746,-0.12993917,-0.15460306,-0.15806703,-0.14520228,-0.2961179,-0.15480822,-0.19813283,-0.13017546,-0.15474406,-0.060104962,-0.15931924,-0.15480644,-0.2028091,-0.2868003,-0.11816878,-0.14795661,-0.10060286,-0.15465024,-0.13614628,-0.20725825,-0.17393659,-0.125103,-0.15657571,-0.15690626,-0.15480503,-0.15809822,-0.16221246,-0.22200036,-0.13034268,-0.2814266,-0.15480937,-0.1915083,-0.24371436,-0.16952515,-0.15472212,-0.13369927,-0.12557748,-0.15480188,-0.18106565,-0.15480912,-0.18642783,-0.15475236,-0.30462334,-0.1546971,-0.14691104,-0.13029914,-0.1547961,-0.15808582,-0.18915205,-0.13026327,-0.15480113,-0.10481856,-0.1650517,-0.15479892,-0.15810028,-0.15807083,-0.12984991,-0.15470335,-0.15806614,-0.15805694,-0.1580686,-0.15807682,-0.16505513,-0.17392421,-0.15479437,-0.15809304,-0.15808284,-0.15809354,-0.2025511,-0.15354379,-0.14723541,-0.1537922,-0.11499533,-0.10471026,-0.11893196,-0.15479803,-0.1580222,-0.13022305,-0.19501048,-0.15480591,-0.18738703,-0.11705899,-0.17429145,-0.15479621,-0.06652963,-0.1545515,-0.10737923,-0.124497145,-0.15298569,-0.052188452,-0.26007295
k__Bacteria|p__Firmicutes|c__Bacilli|o__Lactobacillales|f__Lactobacillaceae|g__Lactobacillus|s__Lactobacillus_crispatus,-0.1004395,-0.12316422,-0.15440491,-0.15771273,-0.15771317,-0.23867357,-0.1666669,-0.16813041,-0.10929718,-0.22895765,-0.23728925,-0.15441251,-0.22850217,-0.3768707,-0.08556121,-0.1537785,-0.058144663,-0.15356284,-0.15761438,-0.19931981,-0.1978925,-0.1295516,-0.15435639,-0.12711628,-0.20043859,-0.11658599,-0.182019,-0.25032333,-0.1509206,-0.15436433,-0.15142563,-0.10844302,-0.18249588,-0.28454733,-0.1543914,-0.12983957,-0.1544087,-0.22338755,-0.1544131,-0.29867563,-0.15441321,-0.29356226,-0.12878156,-0.15417919,-0.13691942,-0.15440434,-0.23188588,-0.24781659,-0.1296162,-0.12984897,-0.24679694,-0.18279888,-0.25087595,-0.26027086,-0.28621647,-0.27511892,-0.11894142,-0.15427563,-0.040142577,-0.056944285,-0.15326852,-0.11274739,-0.13743341,-0.12967406,-0.15437883,-0.15770571,-0.15771283,-0.15771383,-0.27573854,-0.15435109,-0.12967443,-0.16243835,-0.12334165,-0.14074792,-0.15435895,-0.15887658,-0.14481027,-0.12981519,-0.18691605,-0.14998752,-0.15439406,-0.15767923,-0.15769711,-0.15759318,5.937193,-0.13700745,-0.08858878,-0.15438458,-0.19008024,-0.15440229,-0.2004665,-0.11139822,-0.1388583,-0.13027036,-0.1074974,-0.15152657,-0.15424986,-0.15724039,-0.10065024,-0.08152827,-0.09427856,-0.15432787,-0.11960925,-0.15027548,-0.16982608,-0.1185138,-0.15435459,-0.15770318,-0.17738779,-0.15176103,-0.15440685,-0.25953975,-0.17989698,-0.13525523,-0.15440238,-0.15095688,-0.17780018,-0.2009549,-0.15437032,-0.09015879,-0.15393847,-0.12151222,-0.121854745,-0.13997786,-0.21433522,-0.13908121,-0.16057305,-0.15428956,-0.07092635,-0.15341808,-0.15649804,-0.18733518,-0.15400451,-0.12965846,-0.12334781,-0.14100276,-0.15433845,-0.114095174,-0.25318068,-0.26654312,-0.12856698,-0.10945694,-0.15432434,-0.09238048,-0.20963459,-0.15440275,-0.15758006,-0.12894598,-0.15429068,-0.16015086,-0.1553517,-0.15440965,-0.19704957,-0.20616047,-0.12810765,-0.10460003,-0.11361031,-0.10256614,-0.15439788,-0.19495486,-0.1543599,-0.12884888,-0.15415683,-0.041086134,-0.12967405,-0.15440768,-0.2300741,-0.15437372,-0.10384405,-0.15219742,-0.0784167,-0.15418553,-0.12766197,-0.15421602,-0.121451,-0.075820275,-0.09192432,-0.101488546,-0.15399066,-0.15756443,-0.12378413,-0.15416569,-0.1410757,-0.13984437,-0.18093297,-0.15441152,-0.25777104,-0.12844054,-0.15426934,-0.13462572,-0.119081676,-0.15436539,-0.15770647,-0.15770905,-0.1577108,-0.19755594,-0.25103784,-0.20219928,-0.19465852,-0.24831252,-0.20506537,-0.22091979,-0.15438801,-0.1292493,-0.11956477,-0.15438038,-0.15770075,-0.20931396,-0.18224281,-0.1543667,-0.32474133,-0.15440857,-0.15771493,-0.15771323,-0.15771264,-0.2185038,-0.15436545,-0.114121355,-0.15437037,-0.15769139,-0.15770109,-0.22984435,-0.15439877,-0.15767348,-0.08963354,-0.154241,-0.1576384,-0.15766624,-0.15766808,-0.13302092,-0.1051107,-0.14014931,-0.15141064,-0.15839578,-0.15615125,-0.14613561,-0.15439305,-0.12319561,-0.12977283,-0.15433773,-0.15771466,-0.15771392,-0.15771393,-0.15771472,-0.38518023,-0.11451449,-0.154349,-0.15564899,-0.14443555,-0.16636807,-0.15440139,-0.15759498,-0.12993515,-0.047159404,-0.14527516,-0.14016809,-0.14106366,-0.15417843,-0.19987361,-0.1649412,-0.17166539,-0.15436706,-0.15764914,-0.12722544,-0.14610182,-0.2588673,-0.12948819,-0.15421301,-0.09132757,-0.12832497,-0.13684332,-0.16221203,-0.15659244,-0.12867416,-0.15401286,-0.15756886,-0.15764414,-0.15769619,-0.15740095,-0.19795567,-0.15106063,-0.07294749,-0.2039893,-0.15435025,-0.15764186,-0.104459345,-0.1538688,2.637414,2.435012,-0.1543611,-0.15109587,-0.10913184,-0.15410966,-0.05825615,-0.14326635,-0.17082691,-0.1542671,-0.18883844,-0.15441032,-0.31316653,-0.15439537,-0.16808087,-0.14331596,-0.15439841,-0.15770936,-0.25088155,-0.1544109,-0.22115314,-0.07562123,-0.086852394,-0.10702289,-0.060967896,-0.14414012,-0.16796505,-0.15746465,-0.22133875,-0.12812386,-0.0969081,-0.16398169,-0.12716047,-0.11335766,-0.18846886,-0.12976319,-0.17755464,-0.0994983,-0.115196005,-0.15426888,-0.11662802,-0.19749595,-0.14526704,-0.12781724,-0.096878245,-0.1542684,-0.15740873,-0.12434345,-0.11230643,-0.063823454,-0.15416092,-0.11419349,-0.10007019,-0.24483351,-0.15441169,-0.15769628,-0.16344379,-0.1759062,-0.12524253,-0.1543889,-0.0782174,-0.19187105,-0.18185812,-0.09859173,-0.11065883,-0.15388498,-0.1572133,-0.083404,-0.1213824,-0.13072303,-0.13855581,-0.19385117,-0.15435424,-0.15770446,-0.19487974,-0.23847799,-0.2432746,-0.12927371,-0.15409395,-0.15766014,-0.14520228,-0.2961179,-0.15441057,-0.19813283,-0.12962198,-0.1543117,-0.060104962,-0.15931924,-0.1544078,-0.2028091,-0.2868003,-0.11816878,-0.14795661,-0.10060286,-0.15416706,-0.13614628,-0.20725825,-0.17393659,-0.125103,-0.15657571,-0.15690626,-0.15440564,-0.15770823,-0.16221246,-0.22200036,-0.12987235,-0.2814266,-0.15441234,-0.1915083,-0.24371436,-0.16952515,-0.15427695,-0.13369927,-0.12557748,-0.1544008,-0.18106565,-0.15441194,-0.18642783,-0.15432426,-0.30462334,-0.15423965,-0.14691104,-0.13029914,-0.15439184,-0.15768903,-0.18915205,-0.12975016,-0.15439957,-0.10481856,-0.1650517,-0.15439625,-0.1577114,-0.15766579,-0.1291702,-0.15424839,-0.15765887,-0.15764457,-0.15766263,-0.15767515,-0.16505513,-0.17392421,-0.15438923,-0.15770018,-0.1576845,-0.15770099,-0.2025511,-0.15354379,-0.14723541,-0.1528509,-0.11499533,-0.10471026,-0.11893196,-0.15439484,-0.1575904,-0.12968943,-0.19501048,-0.15440702,-0.18738703,-0.11705899,-0.17429145,-0.15439157,-0.06652963,-0.15401366,-0.10737923,-0.124497145,-0.15298569,-0.052188452,-0.26007295
k__Bacteria|p__Firmicutes|c__Clostridia|o__Eubacteriales|f__Peptostreptococcaceae|g__Terrisporobacter|s__Terrisporobacter_mayombei,-0.1004395,-0.12316422,-0.15524776,-0.1585576,-0.15855789,-0.23867357,-0.1666669,-0.16813041,-0.10929718,-0.22895765,-0.23728925,-0.1552531,-0.22850217,-0.3768707,-0.08556121,-0.15480393,-0.058144663,-0.15465969,-0.15848866,-0.19931981,-0.1978925,-0.13045436,-0.1552139,-0.12711628,-0.20043859,-0.11658599,-0.182019,-0.25032333,-0.1509206,-0.15521936,-0.15142563,-0.10844302,-0.18249588,-0.28454733,-0.1552383,-0.1306662,-0.15525043,-0.22338755,-0.1552535,-0.29867563,-0.15525357,-0.29356226,-0.12989645,-0.15508924,-0.13691942,-0.15524739,-0.23188588,-0.24781659,-0.1296162,-0.13067289,-0.24679694,-0.18279888,-0.25087595,-0.26027086,-0.28621647,-0.27511892,-0.11894142,-0.15515712,-0.040142577,-0.056944285,-0.15444954,-0.11274739,-0.13743341,-0.13054264,-0.15522939,-0.15855269,-0.15855764,-0.15855837,-0.27573854,-0.15520862,-0.13054633,-0.16243835,-0.12334165,-0.14074792,-0.15521565,-0.15887658,-0.14481027,-0.13064913,-0.18691605,-0.14998752,-0.15524015,-0.15853411,-0.15854654,-0.15847215,-0.120334074,-0.13700745,-0.08858878,-0.15523359,-0.19008024,-0.15524596,-0.2004665,-0.11139822,-0.1388583,-0.13027036,-0.1074974,-0.15152657,-0.15513913,-0.15820192,-0.10065024,-0.08152827,-0.09427856,-0.15519395,-0.11960925,-0.15027548,-0.16982608,-0.1185138,-0.15521246,-0.15855089,-0.17738779,-0.15176103,-0.15524912,-0.25953975,-0.17989698,-0.13525523,-0.15524602,-0.15095688,-0.17780018,-0.2009549,-0.1552229,-0.09015879,-0.15492162,-0.12151222,-0.121854745,-0.13997786,-0.21433522,-0.13908121,-0.16057305,-0.15516707,-0.07092635,-0.15455422,-0.15770009,-0.18733518,-0.15496275,-0.13052887,-0.12334781,-0.14100276,-0.15520126,-0.114095174,-0.25318068,-0.26654312,-0.12966937,-0.10945694,-0.15519148,-0.09238048,-0.20963459,-0.15524627,-0.15846346,-0.1299806,-0.15516749,-0.16015086,-0.1553517,-0.15525109,-0.19704957,-0.20616047,-0.12935184,-0.10460003,-0.11361031,-0.10256614,-0.1552429,-0.19495486,-0.15521589,-0.12987357,-0.15507409,-0.041086134,-0.12967405,-0.15524969,-0.2300741,-0.15522596,-0.10384405,-0.1536865,-0.0784167,-0.15509346,-0.12766197,-0.15511534,-0.121451,-0.075820275,-0.09192432,-0.101488546,-0.1549567,-0.15845382,-0.12378413,-0.15507624,-0.1410757,-0.13984437,-0.18093297,-0.1552524,-0.25777104,-0.12844054,-0.15515092,-0.13462572,-0.119081676,-0.15522023,-0.1585532,-0.158555,-0.15855624,-0.19755594,-0.25103784,-0.20219928,-0.19465852,-0.24831252,-0.20506537,-0.22091979,-0.15523583,-0.13020262,-0.11956477,-0.1552307,-0.1585492,-0.20931396,-0.18224281,-0.15522075,-0.32474133,-0.15525034,-0.15855911,-0.15855792,-0.15855753,-0.2185038,-0.15521994,-0.114121355,-0.15522347,-0.15854248,-0.15854944,-0.22984435,-0.15524349,-0.15852991,-0.08963354,-0.15513276,-0.15850577,-0.15852492,-0.15852647,-0.13302092,-0.1051107,-0.14014931,-0.15141064,-0.15839578,-0.15615125,-0.14613561,-0.15523955,-0.12319561,-0.13061835,-0.15520045,-0.15855892,-0.15855841,-0.15855843,-0.15855896,-0.38518023,-0.11451449,-0.1552086,-0.15564899,-0.14443555,-0.16636807,-0.15524527,-0.15847443,-0.12993515,-0.047159404,-0.14881137,-0.14016809,-0.14106366,-0.155089,-0.19987361,-0.1649412,-0.17166539,-0.15522131,-0.15851334,-0.12722544,-0.14610182,-0.2588673,-0.13039346,-0.15511295,-0.09132757,-0.12832497,-0.13684332,-0.16221203,-0.15659244,-0.12973052,-0.15497151,-0.1584568,-0.15850967,-0.15854603,-0.15740095,-0.19795567,-0.15106063,-0.07294749,-0.2039893,-0.15520936,-0.15850803,-0.104459345,-0.15479808,-0.17466888,-0.13176009,-0.15521732,-0.15109587,-0.10913184,-0.15503871,-0.05825615,-0.14326635,-0.17082691,-0.15515113,-0.18883844,-0.15525156,-0.31316653,-0.15524095,-0.16808087,-0.14331596,-0.15524325,-0.15855521,-0.25088155,-0.15525195,-0.22115314,-0.07562123,-0.086852394,-0.10702289,-0.060967896,-0.14801785,-0.16796505,-0.15746465,-0.22133875,-0.12812386,-0.0969081,-0.16398169,-0.12716047,-0.11335766,-0.18846886,-0.13061017,-0.17755464,-0.0994983,-0.115196005,-0.15515237,-0.11662802,-0.19749595,-0.14526704,-0.12781724,-0.096878245,-0.1551525,-0.1583441,-0.12434345,-0.11230643,-0.063823454,-0.15507625,-0.11419349,-0.10007019,-0.24483351,-0.15525253,-0.15854612,-0.16344379,-0.1759062,-0.12524253,-0.15523662,-0.0782174,-0.19187105,-0.18185812,-0.09859173,-0.11065883,-0.1548834,-0.15820739,-0.083404,-0.1213824,-0.13072303,-0.13855581,-0.19385117,-0.1552121,-0.15855181,-0.19487974,-0.23847799,-0.2432746,-0.13023661,-0.1550295,-0.1585207,-0.14520228,-0.2961179,-0.15525171,-0.19813283,-0.13050294,-0.15518218,-0.060104962,-0.15931924,-0.1552498,-0.2028091,-0.2868003,-0.11816878,-0.14795661,-0.10060286,-0.15508065,-0.13614628,-0.20725825,-0.17393659,-0.125103,-0.15657571,-0.15690626,-0.15524827,-0.15855445,-0.16221246,-0.22200036,-0.13068935,-0.2814266,-0.15525298,-0.1915083,-0.24371436,-0.16952515,-0.15515691,-0.13369927,-0.12557748,-0.15524486,-0.18106565,-0.1552527,-0.18642783,-0.15519077,-0.30462334,-0.15513149,-0.14691104,-0.13029914,-0.1552386,-0.15854102,-0.18915205,-0.13060233,-0.15524405,-0.10481856,-0.1650517,-0.15524165,-0.15855666,-0.15852445,-0.13012859,-0.1551382,-0.15851969,-0.15850976,-0.15852237,-0.15853125,-0.16505513,-0.17392421,-0.15523674,-0.15854882,-0.1585378,-0.15854938,-0.2025511,-0.15354379,-0.14723541,-0.15415204,-0.11499533,-0.10471026,-0.11893196,-0.15524071,-0.15847132,-0.1305582,-0.19501048,-0.15524922,-0.18738703,-0.11705899,-0.17429145,-0.15523858,-0.06652963,-0.15497318,-0.10737923,-0.124497145,-0.15298569,-0.052188452,-0.26007295
k__Bacteria|p__Firmicutes|c__Bacilli|o__Lactobacillales|f__Lactobacillaceae|g__Dellaglioa|s__Dellaglioa_algida,-0.1004395,-0.12316422,-0.15532136,-0.15867095,-0.15867123,-0.23867357,-0.1666669,-0.16813041,-0.10929718,-0.22895765,-0.23728925,-0.15532629,-0.22850217,-0.3768707,-0.08556121,-0.15490575,-0.058144663,-0.15477616,-0.15860695,-0.19931981,-0.1978925,-0.13025036,-0.15529001,-0.12711628,-0.20043859,-0.11658599,-0.182019,-0.25032333,-0.1509206,-0.15529504,-0.15142563,-0.10844302,-0.18249588,-0.28454733,-0.1553126,-0.13044423,-0.15532383,-0.22338755,-0.15532666,-0.29867563,-0.15532672,-0.29356226,-0.12973495,-0.15517436,-0.13691942,-0.15532103,-0.23188588,-0.24781659,-0.1296162,-0.13045044,-0.24679694,-0.18279888,-0.25087595,-0.26027086,-0.28621647,-0.27511892,-0.11894142,-0.15523739,-0.040142577,-0.056944285,-0.15458268,-0.11274739,-0.13743341,-0.13033159,-0.15530434,-0.15866642,-0.15867099,-0.15867166,-0.27573854,-0.15528515,-0.13033384,-0.16243835,-0.12334165,-0.14074792,-0.15529166,-0.15887658,-0.14481027,-0.13042837,-0.18691605,-0.14998752,-0.15531431,-0.15864924,-0.15866074,-0.15859076,-0.120334074,-0.13700745,-0.08858878,-0.15530825,-0.19008024,-0.15531969,-0.2004665,-0.11139822,-0.1388583,-0.13027036,-0.1074974,-0.15152657,-0.15522105,-0.15833858,-0.10065024,-0.08152827,-0.09427856,-0.15527156,-0.11960925,-0.15027548,-0.16982608,-0.1185138,-0.1552886,-0.15866476,-0.17738779,-0.15176103,-0.15532261,-0.25953975,-0.17989698,-0.13525523,-0.15531975,-0.15095688,-0.17780018,-0.2009549,-0.15529817,-0.09015879,-0.15501958,-0.12151222,-0.121854745,-0.13997786,-0.21433522,-0.13908121,-0.16057305,-0.1552467,-0.07092635,-0.15467636,-0.15787628,-0.18733518,-0.15505622,-0.13031887,-0.12334781,-0.14100276,-0.15527833,-0.114095174,-0.25318068,-0.26654312,-0.129543,-0.10945694,-0.15526931,-0.09238048,-0.20963459,-0.15531999,-0.15858355,-0.12981436,-0.15524669,-0.16015086,-0.1553517,-0.15532443,-0.19704957,-0.20616047,-0.1292516,-0.10460003,-0.11361031,-0.10256614,-0.15531687,-0.19495486,-0.15529191,-0.12974088,-0.15516034,-0.041086134,-0.12967405,-0.15532312,-0.2300741,-0.15530121,-0.10384405,-0.15386459,-0.0784167,-0.15517801,-0.12766197,-0.15519884,-0.121451,-0.075820275,-0.09192432,-0.101488546,-0.15505198,-0.15857495,-0.12378413,-0.1551567,-0.1410757,-0.13984437,-0.18093297,-0.15532565,-0.25777104,-0.12844054,-0.15523162,-0.13462572,-0.119081676,-0.15529588,-0.15866688,-0.15866856,-0.1586697,-0.19755594,-0.25103784,-0.20219928,-0.19465852,-0.24831252,-0.20506537,-0.22091979,-0.15531027,-0.13002387,-0.11956477,-0.15530555,-0.15866318,-0.20931396,-0.18224281,-0.15529612,-0.32474133,-0.15532374,-0.15867236,-0.15867126,-0.1586709,-0.2185038,-0.1552951,-0.114121355,-0.15529877,-0.15865692,-0.15866339,-0.22984435,-0.15531743,-0.1586447,-0.08963354,-0.15521464,-0.15862304,-0.15864071,-0.15864222,-0.13302092,-0.1051107,-0.14014931,-0.15141064,-0.15839578,-0.15615125,-0.14613561,-0.15531379,-0.12319561,-0.1304003,-0.15527755,-0.15867218,-0.1586717,-0.15867172,-0.15867223,-0.38518023,-0.11451449,-0.15528513,-0.15564899,-0.14443555,-0.16636807,-0.15531905,-0.15859376,-0.12993515,-0.047159404,-0.14935434,-0.14016809,-0.14106366,-0.15517451,-0.19987361,-0.1649412,-0.17166539,-0.15529692,-0.1586301,-0.12722544,-0.14610182,-0.2588673,-0.13019627,-0.15519664,-0.09132757,-0.12832497,-0.13684332,-0.16221203,-0.15659244,-0.12960052,-0.15506472,-0.1585777,-0.1586266,-0.15866025,-0.15740095,-0.19795567,-0.15106063,-0.07294749,-0.2039893,-0.1552858,-0.15862517,-0.104459345,-0.15491495,-0.17466888,-0.13176009,-0.15529326,-0.15109587,-0.10913184,-0.15512784,-0.05825615,-0.14326635,-0.17082691,-0.15523192,-0.18883844,-0.15532485,-0.31316653,-0.15531501,-0.16808087,-0.14331596,-0.15531717,-0.15866874,-0.25088155,-0.15532523,-0.22115314,-0.07562123,-0.086852394,-0.10702289,-0.060967896,-0.14862636,-0.16796505,-0.15746465,-0.22133875,-0.12812386,-0.0969081,-0.16398169,-0.12716047,-0.11335766,-0.18846886,-0.13039304,-0.17755464,-0.0994983,-0.115196005,-0.15523309,-0.11662802,-0.19749595,-0.14526704,-0.12781724,-0.096878245,-0.15523325,-0.15847361,-0.12434345,-0.11230643,-0.063823454,-0.15516232,-0.11419349,-0.10007019,-0.24483351,-0.15532577,-0.15866025,-0.16344379,-0.1759062,-0.12524253,-0.15531106,-0.0782174,-0.19187105,-0.18185812,-0.09859173,-0.11065883,-0.15498444,-0.15834688,-0.083404,-0.1213824,-0.13072303,-0.13855581,-0.19385117,-0.15528834,-0.15866561,-0.19487974,-0.23847799,-0.2432746,-0.13005742,-0.15511946,-0.1586368,-0.14520228,-0.2961179,-0.15532501,-0.19813283,-0.13029522,-0.15526061,-0.060104962,-0.15931924,-0.15532324,-0.2028091,-0.2868003,-0.11816878,-0.14795661,-0.10060286,-0.15516666,-0.13614628,-0.20725825,-0.17393659,-0.125103,-0.15657571,-0.15690626,-0.15532184,-0.15866806,-0.16221246,-0.22200036,-0.13046566,-0.2814266,-0.15532616,-0.1915083,-0.24371436,-0.16952515,-0.15523666,-0.13369927,-0.12557748,-0.15531868,-0.18106565,-0.15532592,-0.18642783,-0.15526828,-0.30462334,-0.15521371,-0.14691104,-0.13029914,-0.1553129,-0.15865564,-0.18915205,-0.13038543,-0.15531793,-0.10481856,-0.1650517,-0.1553157,-0.15867008,-0.15864015,-0.12996441,-0.15522005,-0.15863584,-0.15862666,-0.15863833,-0.15864652,-0.16505513,-0.17392421,-0.15531115,-0.15866286,-0.15865265,-0.15866336,-0.2025511,-0.15354379,-0.14723541,-0.15430656,-0.11499533,-0.10471026,-0.11893196,-0.15531482,-0.15859029,-0.13034445,-0.19501048,-0.1553227,-0.18738703,-0.11705899,-0.17429145,-0.15531269,-0.06652963,-0.15506636,-0.10737923,-0.124497145,-0.15298569,-0.052188452,-0.26007295
k__Bacteria|p__Firmicutes|c__Clostridia|o__Eubacteriales|f__Peptostreptococcaceae|g__Peptostreptococcus|s__Peptostreptococcus_stomatis,-0.1004395,-0.12316422,-0.15478164,-0.15812035,-0.15812065,-0.23867357,-0.1666669,-0.16813041,-0.10929718,-0.22895765,-0.23728925,-0.15478697,-0.22850217,-0.3768707,-0.08556121,-0.1543453,-0.058144663,-0.15420422,-0.15805158,-0.19931981,-0.1978925,-0.12978603,-0.15474808,-0.12711628,-0.20043859,-0.11658599,-0.182019,-0.25032333,-0.1509206,-0.15475318,-0.15142563,-0.10844302,-0.18249588,-0.28454733,-0.15477216,-0.12998644,-0.15478432,-0.22338755,-0.15478736,-0.29867563,-0.15478744,-0.29356226,-0.12925884,-0.15462244,-0.13691942,-0.15478133,-0.23188588,-0.24781659,-0.1296162,-0.12999266,-0.24679694,-0.18279888,-0.25087595,-0.26027086,-0.28621647,-0.27511892,-0.11894142,-0.15469176,-0.040142577,-0.056944285,-0.15398179,-0.11274739,-0.13743341,-0.12986928,-0.15476313,-0.1581155,-0.15812038,-0.15812111,-0.27573854,-0.15474309,-0.12987106,-0.16243835,-0.12334165,-0.14074792,-0.15474978,-0.15887658,-0.14481027,-0.12997013,-0.18691605,-0.14998752,-0.15477413,-0.15809698,-0.15810926,-0.15803553,-0.120334074,-0.13700745,-0.08858878,-0.15476759,-0.19008024,-0.15477988,-0.2004665,-0.11139822,-0.1388583,-0.13027036,-0.1074974,-0.15152657,-0.15467416,-0.15778358,-0.10065024,-0.08152827,-0.09427856,-0.15472844,-0.11960925,-0.15027548,-0.16982608,-0.1185138,-0.15474625,-0.1581137,-0.17738779,-0.15176103,-0.15478298,-0.25953975,-0.17989698,-0.13525523,-0.15477994,-0.15095688,-0.17780018,-0.2009549,-0.15475649,-0.09015879,-0.15445986,-0.12151222,-0.121854745,-0.13997786,-0.21433522,-0.13908121,-0.16057305,-0.15470195,-0.07092635,-0.1540942,-0.15725404,-0.18733518,-0.15449297,-0.12985854,-0.12334781,-0.14100276,-0.15473554,-0.114095174,-0.25318068,-0.26654312,-0.12906855,-0.10945694,-0.15472598,-0.09238048,-0.20963459,-0.15478021,-0.15802518,-0.12934722,-0.15470159,-0.16015086,-0.1553517,-0.15478495,-0.19704957,-0.20616047,-0.12874979,-0.10460003,-0.11361031,-0.10256614,-0.15477689,-0.19495486,-0.15475023,-0.12926002,-0.15461032,-0.041086134,-0.12967405,-0.15478352,-0.2300741,-0.15475994,-0.10384405,-0.1532391,-0.0784167,-0.1546283,-0.12766197,-0.15465045,-0.121451,-0.075820275,-0.09192432,-0.101488546,-0.15449385,-0.15801787,-0.12378413,-0.15461347,-0.1410757,-0.13984437,-0.18093297,-0.15478626,-0.25777104,-0.12844054,-0.15468654,-0.13462572,-0.119081676,-0.15475458,-0.15811598,-0.15811777,-0.158119,-0.19755594,-0.25103784,-0.20219928,-0.19465852,-0.24831252,-0.20506537,-0.22091979,-0.15476961,-0.12955943,-0.11956477,-0.1547648,-0.15811197,-0.20931396,-0.18224281,-0.15475455,-0.32474133,-0.15478423,-0.15812188,-0.15812069,-0.1581203,-0.2185038,-0.15475363,-0.114121355,-0.15475713,-0.15810497,-0.15811223,-0.22984435,-0.1547775,-0.15809223,-0.08963354,-0.15466702,-0.15806927,-0.15808761,-0.15808971,-0.13302092,-0.1051107,-0.14014931,-0.15141064,-0.15839578,-0.15615125,-0.14613561,-0.15477364,-0.12319561,-0.12993963,-0.15473396,-0.15812168,-0.15812115,-0.15812117,-0.15812172,-0.38518023,-0.11451449,-0.15474263,-0.15564899,-0.14443555,-0.16636807,-0.15477909,-0.158036,-0.12993515,-0.047159404,-0.14828685,-0.14016809,-0.14106366,-0.15462318,-0.19987361,-0.1649412,-0.17166539,-0.15475547,-0.15807691,-0.12722544,-0.14610182,-0.2588673,-0.12973602,-0.15464863,-0.09132757,-0.12832497,-0.13684332,-0.16221203,-0.15659244,-0.12912479,-0.15450644,-0.15802047,-0.15807292,-0.15810889,-0.15740095,-0.19795567,-0.15106063,-0.07294749,-0.2039893,-0.15474316,-0.15807173,-0.104459345,-0.15437791,-0.17466888,-0.13176009,-0.15475176,-0.15109587,-0.10913184,-0.1545749,-0.05825615,-0.14326635,-0.17082691,-0.15468514,-0.18883844,-0.1547854,-0.31316653,-0.15477458,-0.16808087,-0.14331596,-0.15477717,-0.15811792,-0.25088155,-0.15478581,-0.22115314,-0.07562123,-0.086852394,-0.10702289,-0.060967896,-0.14749858,-0.16796505,-0.15746465,-0.22133875,-0.12812386,-0.0969081,-0.16398169,-0.12716047,-0.11335766,-0.18846886,-0.12993306,-0.17755464,-0.0994983,-0.115196005,-0.1546867,-0.11662802,-0.19749595,-0.14526704,-0.12781724,-0.096878245,-0.15468787,-0.15790921,-0.12434345,-0.11230643,-0.063823454,-0.154612,-0.11419349,-0.10007019,-0.24483351,-0.1547864,-0.15810868,-0.16344379,-0.1759062,-0.12524253,-0.15477064,-0.0782174,-0.19187105,-0.18185812,-0.09859173,-0.11065883,-0.1544216,-0.15777346,-0.083404,-0.1213824,-0.13072303,-0.13855581,-0.19385117,-0.15474582,-0.15811461,-0.19487974,-0.23847799,-0.2432746,-0.12957975,-0.15456527,-0.15808348,-0.14520228,-0.2961179,-0.1547856,-0.19813283,-0.1298329,-0.1547162,-0.060104962,-0.15931924,-0.15478364,-0.2028091,-0.2868003,-0.11816878,-0.14795661,-0.10060286,-0.15461472,-0.13614628,-0.20725825,-0.17393659,-0.125103,-0.15657571,-0.15690626,-0.15478215,-0.15811723,-0.16221246,-0.22200036,-0.13000882,-0.2814266,-0.15478683,-0.1915083,-0.24371436,-0.16952515,-0.15469104,-0.13369927,-0.12557748,-0.15477872,-0.18106565,-0.15478657,-0.18642783,-0.154724,-0.30462334,-0.15466473,-0.14691104,-0.13029914,-0.15477253,-0.15810396,-0.18915205,-0.12992536,-0.154778,-0.10481856,-0.1650517,-0.15477547,-0.15811941,-0.15808703,-0.12949333,-0.15467337,-0.15808229,-0.15807265,-0.15808502,-0.15809426,-0.16505513,-0.17392421,-0.15477058,-0.15811166,-0.1581006,-0.15811223,-0.2025511,-0.15354379,-0.14723541,-0.15367538,-0.11499533,-0.10471026,-0.11893196,-0.15477464,-0.15803374,-0.12988359,-0.19501048,-0.15478306,-0.18738703,-0.11705899,-0.17429145,-0.15477246,-0.06652963,-0.15451112,-0.10737923,-0.124497145,-0.15298569,-0.052188452,-0.26007295
k__Bacteria|p__Firmicutes|c__Clostridia|o__Eubacteriales|f__Clostridiaceae|g__Paraclostridium|s__Paraclostridium_bifermentans,-0.1004395,-0.12316422,-0.15358648,-0.15685397,-0.15685421,-0.23867357,-0.1666669,-0.16813041,-0.10929718,-0.22895765,-0.23728925,-0.15359077,-0.22850217,-0.3768707,-0.08556121,-0.15323049,-0.058144663,-0.15310791,-0.15679827,-0.19931981,-0.1978925,-0.1291567,-0.15355903,-0.12711628,-0.20043859,-0.11658599,-0.182019,-0.25032333,-0.1509206,-0.15356365,-0.15142563,-0.10844302,-0.18249588,-0.28454733,-0.15357918,-0.1293189,-0.15358862,-0.22338755,-0.1535911,-0.29867563,-0.15359116,-0.29356226,-0.12872903,-0.1534593,-0.13691942,-0.15358612,-0.23188588,-0.24781659,-0.1296162,-0.12932426,-0.24679694,-0.18279888,-0.25087595,-0.26027086,-0.28621647,-0.27511892,-0.11894142,-0.15351318,-0.040142577,-0.056944285,-0.15294276,-0.11274739,-0.13743341,-0.12922604,-0.15357171,-0.15685,-0.15685403,-0.1568546,-0.27573854,-0.1535565,-0.12922612,-0.16243835,-0.12334165,-0.14074792,-0.15356041,-0.15887658,-0.14481027,-0.1293055,-0.18691605,-0.14998752,-0.1535803,-0.15683499,-0.15684512,-0.15678847,-0.120334074,-0.13700745,-0.08858878,-0.15357496,-0.19008024,-0.15358499,-0.2004665,-0.11139822,-0.1388583,-0.13027036,-0.1074974,-0.15152657,-0.15349856,-0.1565945,-0.10065024,-0.08152827,-0.09427856,-0.15354286,-0.11960925,-0.15027548,-0.16982608,-0.1185138,-0.15355805,-0.15684856,-0.17738779,-0.15176103,-0.15358755,-0.25953975,-0.17989698,-0.13525523,-0.15358505,-0.15095688,-0.17780018,-0.2009549,-0.15356752,-0.09015879,-0.15332183,-0.12151222,-0.121854745,-0.13997786,-0.21433522,-0.13908121,-0.16057305,-0.15352109,-0.07092635,-0.15302658,-0.15616673,-0.18733518,-0.15336078,-0.12921931,-0.12334781,-0.14100276,-0.15354878,-0.114095174,-0.25318068,-0.26654312,-0.12859216,-0.10945694,-0.15354079,-0.09238048,-0.20963459,-0.15358523,-0.15678078,-0.12881264,-0.15352176,-0.16015086,-0.1553517,-0.15358913,-0.19704957,-0.20616047,-0.1283376,-0.10460003,-0.11361031,-0.10256614,-0.15358247,-0.19495486,-0.15356168,-0.1287582,-0.15344574,-0.041086134,-0.12967405,-0.15358803,-0.2300741,-0.15356955,-0.10384405,-0.15233111,-0.0784167,-0.15346196,-0.12766197,-0.15347934,-0.121451,-0.075820275,-0.09192432,-0.101488546,-0.1533517,-0.15676987,-0.12378413,-0.15345448,-0.1410757,-0.13984437,-0.18093297,-0.1535902,-0.25777104,-0.12844054,-0.15351132,-0.13462572,-0.119081676,-0.15356404,-0.15685043,-0.15685189,-0.15685287,-0.19755594,-0.25103784,-0.20219928,-0.19465852,-0.24831252,-0.20506537,-0.22091979,-0.15357709,-0.12898543,-0.11956477,-0.15357257,-0.15684721,-0.20931396,-0.18224281,-0.15356529,-0.32474133,-0.15358853,-0.15685521,-0.15685424,-0.15685391,-0.2185038,-0.15356451,-0.114121355,-0.15356693,-0.15684193,-0.15684739,-0.22984435,-0.15358296,-0.1568322,-0.08963354,-0.15349361,-0.1568118,-0.15682766,-0.15682864,-0.13302092,-0.1051107,-0.14014931,-0.15141064,-0.15839578,-0.15615125,-0.14613561,-0.15357971,-0.12319561,-0.12928146,-0.15354845,-0.15685506,-0.15685464,-0.15685466,-0.15685509,-0.38518023,-0.11451449,-0.1535548,-0.15564899,-0.14443555,-0.16636807,-0.15358447,-0.15678823,-0.12993515,-0.047159404,-0.14841788,-0.14016809,-0.14106366,-0.15345812,-0.19987361,-0.1649412,-0.17166539,-0.15356499,-0.15681788,-0.12722544,-0.14610182,-0.2588673,-0.12911816,-0.15347767,-0.09132757,-0.12832497,-0.13684332,-0.16221203,-0.15659244,-0.12864786,-0.15336418,-0.15677243,-0.15681511,-0.1568446,-0.15740095,-0.19795567,-0.15106063,-0.07294749,-0.2039893,-0.15355554,-0.15681371,-0.104459345,-0.1532824,-0.17466888,-0.13176009,-0.15356159,-0.15109587,-0.10913184,-0.15341909,-0.05825615,-0.14326635,-0.17082691,-0.15350842,-0.18883844,-0.15358952,-0.31316653,-0.15358113,-0.16808087,-0.14331596,-0.15358278,-0.15685207,-0.25088155,-0.15358984,-0.22115314,-0.07562123,-0.086852394,-0.10702289,-0.060967896,-0.14777602,-0.16796505,-0.15746465,-0.22133875,-0.12812386,-0.0969081,-0.16398169,-0.12716047,-0.11335766,-0.18846886,-0.12927607,-0.17755464,-0.0994983,-0.115196005,-0.15350941,-0.11662802,-0.19749595,-0.14526704,-0.12781724,-0.096878245,-0.15350902,-0.15668166,-0.12434345,-0.11230643,-0.063823454,-0.15344812,-0.11419349,-0.10007019,-0.24483351,-0.15359029,-0.15684503,-0.16344379,-0.1759062,-0.12524253,-0.15357739,-0.0782174,-0.19187105,-0.18185812,-0.09859173,-0.11065883,-0.15329146,-0.15657082,-0.083404,-0.1213824,-0.13072303,-0.13855581,-0.19385117,-0.1535578,-0.1568493,-0.19487974,-0.23847799,-0.2432746,-0.12899461,-0.1534102,-0.15682422,-0.14520228,-0.2961179,-0.15358965,-0.19813283,-0.12919623,-0.15353371,-0.060104962,-0.15931924,-0.15358812,-0.2028091,-0.2868003,-0.11816878,-0.14795661,-0.10060286,-0.15345192,-0.13614628,-0.20725825,-0.17393659,-0.125103,-0.15657571,-0.15690626,-0.15358688,-0.15685143,-0.16221246,5.292531,-0.12933743,-0.2814266,-0.15359066,-0.1915083,-0.24371436,-0.16952515,-0.15351643,-0.13369927,-0.12557748,-0.15358412,-0.18106565,-0.15359044,-0.18642783,-0.15354183,-0.30462334,-0.1534929,-0.14691104,-0.13029914,-0.15357906,-0.15684053,-0.18915205,-0.12926891,-0.15358345,-0.10481856,-0.1650517,-0.15358156,-0.15685323,-0.15682837,-0.12893164,-0.15349774,-0.15682352,-0.15681538,-0.15682563,-0.15683268,-0.16505513,-0.17392421,-0.1535776,-0.15684687,-0.15683798,-0.1568473,-0.2025511,-0.15354379,-0.14723541,-0.15270716,-0.11499533,-0.10471026,-0.11893196,-0.15358075,-0.15678646,-0.12923384,-0.19501048,-0.15358767,-0.18738703,-0.11705899,-0.17429145,-0.1535795,-0.06652963,-0.15336454,-0.10737923,-0.124497145,-0.15298569,-0.052188452,-0.26007295
k__Bacteria|p__Firmicutes|c__Negativicutes|o__Selenomonadales|f__Selenomonadaceae|g__Selenomonas|s__Selenomonas_SGB5880,-0.1004395,-0.12316422,-0.15409249,-0.15741569,-0.15741596,-0.23867357,-0.1666669,-0.16813041,-0.10929718,-0.22895765,-0.23728925,-0.15409753,-0.22850217,-0.3768707,-0.08556121,-0.15367538,-0.058144663,-0.15353984,-0.15735075,-0.19931981,-0.1978925,-0.12922072,-0.15406068,-0.12711628,-0.20043859,-0.11658599,-0.182019,-0.25032333,-0.1509206,-0.15406579,-0.15142563,-0.10844302,-0.18249588,-0.28454733,-0.15408382,-0.12941189,-0.15409502,-0.22338755,-0.15409788,-0.29867563,-0.15409797,-0.29356226,-0.12871674,-0.15394336,-0.13691942,-0.15409215,-0.23188588,-0.24781659,-0.1296162,-0.12941813,-0.24679694,-0.18279888,-0.25087595,-0.26027086,-0.28621647,-0.27511892,-0.11894142,-0.1540074,-0.040142577,-0.056944285,-0.15334052,-0.11274739,-0.13743341,-0.12930118,-0.15407519,-0.15741108,-0.15741573,-0.1574164,-0.27573854,-0.1540564,-0.12930265,-0.16243835,-0.12334165,-0.14074792,-0.1540623,-0.15887658,-0.14481027,-0.12939659,-0.18691605,-0.14998752,-0.15408534,-0.1573936,-0.15740529,-0.15733626,-0.120334074,-0.13700745,-0.08858878,-0.15407917,-0.19008024,-0.1540908,-0.2004665,-0.11139822,-0.1388583,-0.13027036,-0.1074974,-0.15152657,-0.15399054,-0.15709227,-0.10065024,-0.08152827,-0.09427856,-0.15404199,-0.11960925,-0.15027548,-0.16982608,-0.1185138,-0.15405923,-0.1574094,-0.17738779,-0.15176103,-0.15409377,-0.25953975,-0.17989698,-0.13525523,-0.15409088,-0.15095688,-0.17780018,1.163634,-0.15406942,-0.09015879,-0.1537863,-0.12151222,-0.121854745,-0.13997786,-0.21433522,-0.13908121,-0.16057305,-0.15401673,-0.07092635,-0.15343967,-0.15660694,-0.18733518,-0.15382364,-0.1292918,-0.12334781,-0.14100276,-0.15404877,-0.114095174,-0.25318068,-0.26654312,-0.12852961,-0.10945694,-0.15403962,-0.09238048,-0.20963459,-0.15409109,-0.15732738,-0.12879744,-0.15401682,-0.16015086,-0.1553517,-0.15409562,-0.19704957,-0.20616047,-0.12823689,-0.10460003,-0.11361031,-0.10256614,-0.15408793,-0.19495486,-0.15406299,-0.12871817,-0.1539292,-0.041086134,-0.12967405,-0.15409428,-0.2300741,-0.15407231,-0.10384405,-0.15262237,-0.0784167,-0.15394722,-0.12766197,-0.1539681,-0.121451,-0.075820275,-0.09192432,-0.101488546,-0.15381971,-0.15731823,-0.12378413,-0.15393162,-0.1410757,-0.13984437,-0.18093297,-0.15409687,-0.25777104,-0.12844054,-0.15400288,-0.13462572,-0.119081676,-0.15406664,-0.15741156,-0.15741324,-0.1574144,-0.19755594,-0.25103784,-0.20219928,-0.19465852,-0.24831252,-0.20506537,-0.22091979,-0.15408131,-0.12900281,-0.11956477,-0.15407646,-0.15740779,-0.20931396,-0.18224281,-0.15406716,-0.32474133,-0.15409493,-0.15741712,-0.15741602,-0.15741563,-0.2185038,-0.15406638,-0.114121355,-0.15406957,-0.15740141,-0.15740801,-0.22984435,-0.15408848,-0.15738966,-0.08963354,-0.15398434,-0.15736702,-0.15738492,-0.15738648,-0.13302092,-0.1051107,-0.14014931,-0.15141064,-0.15839578,-0.15615125,-0.14613561,-0.1540848,-0.12319561,-0.12936762,-0.15404789,-0.15741694,-0.15741646,-0.15741646,-0.15741698,-0.38518023,-0.11451449,-0.15405566,-0.15564899,-0.14443555,-0.16636807,-0.15409014,-0.15733743,-0.12993515,-0.047159404,-0.14801627,-0.14016809,-0.14106366,-0.15394303,-0.19987361,-0.1649412,-0.17166539,-0.15406764,-0.15737414,-0.12722544,-0.14610182,-0.2588673,-0.12916999,-0.15396617,-0.09132757,-0.12832497,-0.13684332,-0.16221203,-0.15659244,-0.1285868,-0.15383288,-0.15732104,-0.15737066,-0.15740481,-0.15740095,-0.19795567,-0.15106063,-0.07294749,-0.2039893,-0.15405634,-0.15736923,-0.104459345,-0.1537031,-0.17466888,-0.13176009,-0.15406391,-0.15109587,-0.10913184,-0.1538969,-0.05825615,-0.14326635,-0.17082691,-0.15400155,-0.18883844,-0.15409607,-0.31316653,-0.15408605,-0.16808087,-0.14331596,-0.15408826,-0.15741344,-0.25088155,-0.15409642,-0.22115314,-0.07562123,-0.086852394,-0.10702289,-0.060967896,-0.1472755,-0.16796505,-0.15746465,-0.22133875,-0.12812386,-0.0969081,-0.16398169,-0.12716047,-0.11335766,-0.18846886,-0.12936099,-0.17755464,-0.0994983,-0.115196005,-0.15400279,-0.11662802,-0.19749595,-0.14526704,-0.12781724,-0.096878245,-0.15400311,-0.15721548,-0.12434345,-0.11230643,-0.063823454,-0.15393148,-0.11419349,-0.10007019,-0.24483351,-0.15409698,-0.15740493,-0.16344379,-0.1759062,-0.12524253,-0.15408203,-0.0782174,-0.19187105,-0.18185812,-0.09859173,-0.11065883,-0.15375032,-0.15708667,-0.083404,-0.1213824,-0.13072303,-0.13855581,-0.19385117,-0.1540589,-0.15741026,-0.19487974,-0.23847799,-0.2432746,-0.12901857,-0.15388757,-0.15738097,-0.14520228,-0.2961179,-0.15409622,-0.19813283,-0.12926573,-0.15403086,-0.060104962,-0.15931924,-0.1540944,-0.2028091,-0.2868003,-0.11816878,-0.14795661,-0.10060286,-0.15393536,-0.13614628,-0.20725825,-0.17393659,-0.125103,-0.15657571,-0.15690626,-0.15409298,-0.15741274,-0.16221246,-0.22200036,-0.12943345,-0.2814266,-0.1540974,-0.1915083,-0.24371436,-0.16952515,-0.15400809,-0.13369927,-0.12557748,-0.15408976,-0.18106565,-0.15409714,-0.18642783,-0.15403914,-0.30462334,-0.15398292,-0.14691104,-0.13029914,-0.15408388,-0.1574001,-0.18915205,-0.1293536,-0.15408902,-0.10481856,-0.1650517,-0.15408675,-0.1574148,-0.15738481,-0.12892875,-0.15398964,-0.15737998,-0.15737072,-0.15738252,-0.15739095,-0.16505513,-0.17392421,-0.15408212,-0.15740745,-0.15739706,-0.15740797,-0.2025511,-0.15354379,-0.14723541,-0.15305918,-0.11499533,-0.10471026,-0.11893196,-0.15408586,-0.15733458,-0.12931271,-0.19501048,-0.15409386,-0.18738703,-0.11705899,-0.17429145,-0.154084,-0.06652963,-0.1538347,-0.10737923,-0.124497145,-0.15298569,-0.052188452,-0.26007295
k__Bacteria|p__Firmicutes|c__Clostridia|o__Eubacteriales|f__Lachnospiraceae|g__GGB25053|s__GGB25053_SGB106016,-0.1004395,-0.12316422,-0.15436953,-0.15760994,-0.15761022,-0.23867357,-0.1666669,-0.16813041,-0.10929718,-0.22895765,-0.23728925,-0.15437436,-0.22850217,-0.3768707,-0.08556121,-0.15396547,-0.058144663,-0.1538263,-0.15754724,-0.19931981,-0.1978925,-0.13011408,-0.15433848,-0.12711628,-0.20043859,-0.11658599,-0.182019,-0.25032333,-0.1509206,-0.15434384,-0.15142563,-0.10844302,-0.18249588,-0.28454733,-0.15436122,-0.13030288,-0.15437192,-0.22338755,-0.15437475,-0.29867563,-0.15437481,-0.29356226,-0.12960662,-0.15422663,-0.13691942,-0.15436912,-0.23188588,-0.24781659,-0.1296162,-0.13030918,-0.24679694,-0.18279888,-0.25087595,-0.26027086,-0.28621647,-0.27511892,-0.11894142,-0.15428665,-0.040142577,-0.056944285,-0.1536456,-0.11274739,-0.13743341,-0.1301937,-0.15435298,-0.15760544,-0.15761,-0.15761064,-0.27573854,-0.15433529,-0.13019595,-0.16243835,-0.12334165,-0.14074792,-0.15434003,-0.15887658,-0.14481027,-0.1302875,-0.18691605,-0.14998752,-0.15436253,-0.1575885,-0.15760002,-0.15753628,-0.120334074,-0.13700745,-0.08858878,-0.15435646,-0.19008024,-0.15436782,-0.2004665,-0.11139822,-0.1388583,-0.13027036,-0.1074974,-0.15152657,-0.1542699,-0.15730755,-0.10065024,-0.08152827,-0.09427856,-0.1543201,-0.11960925,-0.15027548,-0.16982608,-0.1185138,-0.15433758,-0.15760383,-0.17738779,-0.15176103,-0.15437075,-0.25953975,-0.17989698,-0.13525523,-0.15436786,-0.15095688,-0.17780018,-0.2009549,-0.15434828,-0.09015879,-0.1540694,-0.12151222,-0.121854745,-0.13997786,-0.21433522,-0.13908121,-0.16057305,-0.1542954,-0.07092635,-0.15373732,-0.15684126,-0.18733518,-0.1541183,-0.13018239,-0.12334781,-0.14100276,-0.15432689,-0.114095174,-0.25318068,-0.26654312,-0.12943408,-0.10945694,-0.15431775,-0.09238048,-0.20963459,-0.15436809,-0.15752816,-0.12970002,-0.1542967,-0.16015086,-0.1553517,-0.15437251,-0.19704957,-0.20616047,-0.12914497,-0.10460003,-0.11361031,-0.10256614,-0.15436496,-0.19495486,-0.15434128,-0.12961999,-0.15421015,-0.041086134,-0.12967405,-0.15437132,-0.2300741,-0.1543503,-0.10384405,-0.15294854,-0.0784167,-0.1542291,-0.12766197,-0.15424824,-0.121451,-0.075820275,-0.09192432,-0.101488546,-0.15410328,-0.15751457,-0.12378413,-0.15422161,-0.1410757,-0.13984437,-0.18093297,-0.15437372,-0.25777104,-0.12844054,-0.15428439,-0.13462572,-0.119081676,-0.154344,-0.15760593,-0.15760759,-0.1576087,-0.19755594,-0.25103784,-0.20219928,-0.19465852,-0.24831252,-0.20506537,-0.22091979,-0.154359,-0.12990199,-0.11956477,-0.15435374,-0.15760231,-0.20931396,-0.18224281,-0.15434563,-0.32474133,-0.15437183,-0.15761134,-0.15761025,-0.15760988,-0.2185038,-0.15434512,-0.114121355,-0.15434766,-0.15759653,-0.15760253,-0.22984435,-0.1543655,-0.15758571,-0.08963354,-0.15426484,-0.15756205,-0.15758035,-0.15758115,-0.13302092,-0.1051107,-0.14014931,-0.15141064,-0.15839578,-0.15615125,-0.14613561,-0.15436181,-0.12319561,-0.1302599,-0.15432692,-0.15761116,-0.15761071,-0.1576107,-0.1576112,-0.38518023,-0.11451449,-0.15433377,-0.15564899,-0.14443555,-0.16636807,-0.1543673,-0.15753649,-0.12993515,-0.047159404,-0.1485855,-0.14016809,-0.14106366,-0.15422483,-0.19987361,-0.1649412,-0.17166539,-0.1543452,-0.15756886,-0.12722544,-0.14610182,-0.2588673,-0.13006607,-0.1542461,-0.09132757,-0.12832497,-0.13684332,-0.16221203,-0.15659244,-0.12948841,-0.15411933,-0.1575177,-0.15756592,-0.15759933,-0.15740095,-0.19795567,-0.15106063,-0.07294749,-0.2039893,-0.15433472,-0.15756413,-0.104459345,-0.15400302,-0.17466888,-0.13176009,-0.1543412,-0.15109587,-0.10913184,-0.15417969,-0.05825615,-0.14326635,-0.17082691,-0.15428156,-0.18883844,-0.15437296,-0.31316653,-0.15436363,-0.16808087,-0.14331596,-0.15436533,-0.15760782,-0.25088155,-0.15437335,-0.22115314,-0.07562123,-0.086852394,-0.10702289,-0.060967896,-0.14785628,-0.16796505,-0.15746465,-0.22133875,-0.12812386,-0.0969081,-0.16398169,-0.12716047,-0.11335766,-0.18846886,-0.13025296,-0.17755464,-0.0994983,-0.115196005,-0.15428253,-0.11662802,-0.19749595,-0.14526704,-0.12781724,-0.096878245,-0.15428151,-0.15741463,-0.12434345,-0.11230643,-0.063823454,-0.15421289,-0.11419349,-0.10007019,-0.24483351,-0.15437382,-0.15759996,-0.16344379,-0.1759062,-0.12524253,-0.15435919,-0.0782174,-0.19187105,-0.18185812,-0.09859173,-0.11065883,-0.15403518,-0.15728952,-0.083404,-0.1213824,-0.13072303,-0.13855581,-0.19385117,-0.15433732,-0.15760465,-0.19487974,-0.23847799,-0.2432746,-0.12992102,-0.15416998,-0.15757644,-0.14520228,-0.2961179,-0.15437311,-0.19813283,-0.13015927,-0.15431005,-0.060104962,-0.15931924,-0.15437138,-0.2028091,-0.2868003,-0.11816878,-0.14795661,-0.10060286,-0.15421793,-0.13614628,-0.20725825,-0.17393659,-0.125103,-0.15657571,-0.15690626,-0.15437,-0.15760706,-0.16221246,-0.22200036,-0.13032421,-0.2814266,-0.15437424,-0.1915083,-0.24371436,-0.16952515,-0.15429041,-0.13369927,-0.12557748,-0.15436691,-0.18106565,-0.154374,-0.18642783,-0.15431957,-0.30462334,-0.15426451,-0.14691104,-0.13029914,-0.15436113,-0.15759473,-0.18915205,-0.13024518,-0.15436608,-0.10481856,-0.1650517,-0.15436405,-0.15760909,-0.15758118,-0.1298373,-0.15426892,-0.15757573,-0.15756641,-0.15757808,-0.15758587,-0.16505513,-0.17392421,-0.15435955,-0.1576019,-0.15759191,-0.1576024,-0.2025511,-0.15354379,-0.14723541,-0.15338518,-0.11499533,-0.10471026,-0.11893196,-0.15436307,-0.15753421,-0.13020459,-0.19501048,-0.1543709,-0.18738703,-0.11705899,-0.17429145,-0.15436175,-0.06652963,-0.15411806,-0.10737923,-0.124497145,-0.15298569,-0.052188452,-0.26007295
k__Bacteria|p__Firmicutes|c__Bacilli|o__Lactobacillales|f__Carnobacteriaceae|g__Granulicatella|s__Granulicatella_SGB8239,-0.1004395,-0.12316422,-0.15525317,-0.15860437,-0.15860465,-0.23867357,-0.1666669,-0.16813041,-0.10929718,-0.22895765,-0.23728925,-0.15525791,-0.22850217,-0.3768707,-0.08556121,-0.15484586,-0.058144663,-0.15471546,-0.15854278,-0.19931981,-0.1978925,-0.13015912,-0.15522268,-0.12711628,-0.20043859,-0.11658599,-0.182019,-0.25032333,-0.1509206,-0.15522815,-0.15142563,-0.10844302,-0.18249588,-0.28454733,-0.15524508,-0.13036259,-0.15525551,-0.22338755,-0.15525827,-0.29867563,-0.15525833,-0.29356226,-0.12959859,-0.15511322,-0.13691942,-0.15525278,-0.23188588,-0.24781659,-0.1296162,-0.13036916,-0.24679694,-0.18279888,-0.25087595,-0.26027086,-0.28621647,-0.27511892,-0.11894142,-0.15517114,-0.040142577,-0.056944285,-0.15454406,-0.11274739,-0.13743341,-0.13024288,-0.15523693,-0.15859994,-0.15860444,-0.15860507,-0.27573854,-0.15521851,-0.1302492,-0.16243835,-0.12334165,-0.14074792,-0.15522422,-0.15887658,-0.14481027,-0.13034625,-0.18691605,-0.14998752,-0.15524626,-0.1585833,-0.15859462,-0.15853208,-0.120334074,-0.13700745,-0.08858878,-0.15524027,-0.19008024,-0.15525147,-0.2004665,-0.11139822,-0.1388583,-0.13027036,-0.1074974,-0.15152657,-0.15515488,-0.15828833,-0.10065024,-0.08152827,-0.09427856,-0.1552045,-0.11960925,-0.15027548,-0.16982608,-0.1185138,-0.155222,-0.15859836,-0.17738779,-0.15176103,-0.15525436,-0.25953975,-0.17989698,-0.13525523,-0.15525152,-0.15095688,-0.17780018,-0.2009549,-0.15523231,-0.09015879,-0.15495652,-0.12151222,-0.121854745,-0.13997786,-0.21433522,-0.13908121,-0.16057305,-0.15517998,-0.07092635,-0.15462777,-0.15785271,-0.18733518,-0.15500781,-0.13021885,-0.12334781,-0.14100276,-0.15521121,-0.114095174,-0.25318068,-0.26654312,-0.12935905,-0.10945694,-0.15520217,-0.09238048,-0.20963459,-0.15525174,-0.15852632,-0.12967397,-0.15518151,-0.16015086,-0.1553517,-0.15525609,-0.19704957,-0.20616047,-0.1290299,-0.10460003,-0.11361031,-0.10256614,-0.15524864,-0.19495486,-0.1552257,-0.12955402,-0.15509602,-0.041086134,-0.12967405,-0.15525493,-0.2300741,-0.15523489,-0.10384405,-0.15383857,-0.0784167,-0.15511447,-0.12766197,-0.15513343,-0.121451,-0.075820275,-0.09192432,-0.101488546,-0.15498859,-0.15851021,-0.12378413,-0.15510367,-0.1410757,-0.13984437,-0.18093297,-0.15525728,-0.25777104,-0.12844054,-0.15516871,-0.13462572,-0.119081676,-0.15522794,-0.15860042,-0.15860207,-0.15860316,-0.19755594,-0.25103784,-0.20219928,-0.19465852,-0.24831252,-0.20506537,-0.22091979,-0.15524304,-0.1298958,-0.11956477,-0.15523766,-0.1585969,-0.20931396,-0.18224281,-0.15522972,-0.32474133,-0.1552554,-0.15860575,-0.15860468,-0.15860431,-0.2185038,-0.15522909,-0.114121355,-0.15523177,-0.1585913,-0.15859714,-0.22984435,-0.15524915,-0.15858021,-0.08963354,-0.15514988,-0.15855715,-0.15857536,-0.15857595,-0.13302092,-0.1051107,-0.14014931,-0.15141064,-0.15839578,-0.15615125,-0.14613561,-0.15524554,-0.12319561,-0.13031861,-0.15521148,-0.15860558,-0.15860513,-0.15860513,-0.15860562,-0.38518023,-0.11451449,-0.15521808,-0.15564899,-0.14443555,-0.16636807,-0.15525098,-0.15853336,-0.12993515,-0.047159404,-0.1496054,-0.14016809,-0.14106366,-0.15511125,-0.19987361,-0.1649412,-0.17166539,-0.15522924,-0.15856382,-0.12722544,-0.14610182,-0.2588673,-0.13009249,-0.15513062,-0.09132757,-0.12832497,-0.13684332,-0.16221203,-0.15659244,-0.12939647,-0.15500525,-0.15851331,-0.15856108,-0.15859395,-0.15740095,-0.19795567,-0.15106063,-0.07294749,-0.2039893,-0.15521902,-0.158559,-0.104459345,-0.15483052,-0.17466888,-0.13176009,-0.15522526,-0.15109587,-0.10913184,-0.15506345,-0.05825615,-0.14326635,-0.17082691,-0.15516677,-0.18883844,-0.15525654,-0.31316653,-0.15524748,-0.16808087,-0.14331596,-0.15524903,-0.15860233,-0.25088155,-0.15525691,-0.22115314,-0.07562123,-0.086852394,-0.10702289,-0.060967896,-0.14888322,-0.16796505,-0.15746465,-0.22133875,-0.12812386,-0.0969081,-0.16398169,-0.12716047,-0.11335766,-0.18846886,-0.1303098,-0.17755464,-0.0994983,-0.115196005,-0.15516758,-0.11662802,-0.19749595,-0.14526704,-0.12781724,-0.096878245,-0.15516609,-0.15841109,-0.12434345,-0.11230643,-0.063823454,-0.15509766,-0.11419349,-0.10007019,-0.24483351,-0.15525737,-0.15859506,-0.16344379,-0.1759062,-0.12524253,-0.15524298,-0.0782174,-0.19187105,-0.18185812,-0.09859173,-0.11065883,-0.15492308,-0.1582883,-0.083404,-0.1213824,-0.13072303,-0.13855581,-0.19385117,-0.15522164,-0.1585992,-0.19487974,-0.23847799,-0.2432746,-0.12995057,-0.15505598,-0.15857151,-0.14520228,-0.2961179,-0.15525666,-0.19813283,-0.13020383,-0.15519452,-0.060104962,-0.15931924,-0.15525499,-0.2028091,-0.2868003,-0.11816878,-0.14795661,-0.10060286,-0.15510407,-0.13614628,-0.20725825,-0.17393659,-0.125103,-0.15657571,-0.15690626,-0.1552536,-0.15860155,-0.16221246,-0.22200036,-0.13038436,-0.2814266,-0.15525779,-0.1915083,-0.24371436,-0.16952515,-0.15517606,-0.13369927,-0.12557748,-0.15525061,-0.18106565,-0.15525755,-0.18642783,-0.15520464,-0.30462334,-0.15515041,-0.14691104,-0.13029914,-0.15524492,-0.15858941,-0.18915205,-0.13030288,-0.15524977,-0.10481856,-0.1650517,-0.1552478,-0.15860355,-0.15857702,-0.12983695,-0.1551538,-0.15857086,-0.15856147,-0.1585731,-0.15858057,-0.16505513,-0.17392421,-0.15524337,-0.15859644,-0.15858668,-0.15859698,-0.2025511,-0.15354379,-0.14723541,-0.15429099,-0.11499533,-0.10471026,-0.11893196,-0.15524681,-0.15853138,-0.13025999,-0.19501048,-0.15525451,-0.18738703,-0.11705899,-0.17429145,-0.1552462,-0.06652963,-0.15500343,-0.10737923,-0.124497145,-0.15298569,-0.052188452,-0.26007295
k__Bacteria|p__Firmicutes|c__Bacilli|o__Bacillales|f__Bacillales_unclassified|g__Gemella|s__Gemella_SGB7291,-0.1004395,-0.12316422,-0.15512013,-0.1584255,-0.15842572,-0.23867357,-0.1666669,-0.16813041,-0.10929718,-0.22895765,-0.23728925,-0.15512434,-0.22850217,-0.3768707,-0.08556121,-0.1547701,-0.058144663,-0.15466097,-0.15837142,-0.19931981,-0.1978925,-0.1304098,-0.15509368,-0.12711628,-0.20043859,-0.11658599,-0.182019,-0.25032333,-0.1509206,-0.15509781,-0.15142563,-0.10844302,-0.18249588,-0.28454733,-0.15511262,-0.13057193,-0.15512225,-0.22338755,-0.15512466,-0.29867563,-0.1551247,-0.29356226,-0.12997422,-0.15499523,-0.13691942,-0.1551199,-0.23188588,-0.24781659,-0.1296162,-0.13057683,-0.24679694,-0.18279888,-0.25087595,-0.26027086,-0.28621647,-0.27511892,-0.11894142,-0.15504932,-0.040142577,-0.056944285,-0.15449299,-0.11274739,-0.13743341,-0.13047814,-0.15510568,-0.15842165,-0.15842552,-0.15842608,-0.27573854,-0.15509003,-0.13047868,-0.16243835,-0.12334165,-0.14074792,-0.15509507,-0.15887658,-0.14481027,-0.13055821,-0.18691605,-0.14998752,-0.15511422,-0.15840714,-0.15841681,-0.15835766,-0.120334074,-0.13700745,-0.08858878,-0.1551091,-0.19008024,-0.15511876,-0.2004665,-0.11139822,-0.1388583,-0.13027036,-0.1074974,-0.15152657,-0.1550355,-0.15814823,-0.10065024,-0.08152827,-0.09427856,-0.1550782,-0.11960925,-0.15027548,-0.16982608,-0.1185138,-0.15509242,-0.15842025,-0.17738779,-0.15176103,-0.15512122,-0.25953975,-0.17989698,-0.13525523,-0.15511881,-0.15095688,-0.17780018,-0.2009549,-0.15510046,-0.09015879,-0.15486577,-0.12151222,-0.121854745,-0.13997786,-0.21433522,-0.13908121,-0.16057305,-0.15505731,-0.07092635,-0.1545755,-0.15774819,-0.18733518,-0.15489411,-0.13046739,-0.12334781,-0.14100276,-0.15508386,-0.114095174,-0.25318068,-0.26654312,-0.1298258,-0.10945694,-0.15507627,-0.09238048,-0.20963459,-0.155119,-0.15835157,-0.1300527,-0.15505715,-0.16015086,-0.1553517,-0.15512276,-0.19704957,-0.20616047,-0.1295681,-0.10460003,-0.11361031,-0.10256614,-0.1551164,-0.19495486,-0.1550954,-0.12999487,-0.15498441,-0.041086134,-0.12967405,-0.15512164,-0.2300741,-0.15510324,-0.10384405,-0.15389484,-0.0784167,-0.15499958,-0.12766197,-0.15501681,-0.121451,-0.075820275,-0.09192432,-0.101488546,-0.15489303,-0.15834458,-0.12378413,-0.15498,-0.1410757,-0.13984437,-0.18093297,-0.1551238,-0.25777104,-0.12844054,-0.15504497,-0.13462572,-0.119081676,-0.15509877,-0.15842205,-0.15842347,-0.15842442,-0.19755594,-0.25103784,-0.20219928,-0.19465852,-0.24831252,-0.20506537,-0.22091979,-0.15511075,-0.13022701,-0.11956477,-0.15510687,-0.15841891,-0.20931396,-0.18224281,-0.15509886,-0.32474133,-0.15512219,-0.15842669,-0.15842576,-0.15842544,-0.2185038,-0.15509817,-0.114121355,-0.15510102,-0.1584135,-0.1584191,-0.22984435,-0.15511686,-0.15840372,-0.08963354,-0.15503004,-0.15838517,-0.15839985,-0.15840128,-0.13302092,-0.1051107,-0.14014931,-0.15141064,-0.15839578,-0.15615125,-0.14613561,-0.15511379,-0.12319561,-0.130535,-0.15508285,-0.15842652,-0.15842614,-0.15842614,-0.15842657,-0.38518023,-0.11451449,-0.15508951,-0.15564899,-0.14443555,-0.16636807,-0.15511818,-0.15835984,-0.12993515,-0.047159404,-0.15003717,-0.14016809,-0.14106366,-0.15499572,-0.19987361,-0.1649412,-0.17166539,-0.15509954,-0.15839115,-0.12722544,-0.14610182,-0.2588673,-0.13036655,-0.15501508,-0.09132757,-0.12832497,-0.13684332,-0.16221203,-0.15659244,-0.1298857,-0.15490364,-0.15834682,-0.1583881,-0.15841645,-0.15740095,-0.19795567,-0.15106063,-0.07294749,-0.2039893,-0.15508997,-0.1583871,-0.104459345,-0.1547913,-0.17466888,-0.13176009,-0.15509653,-0.15109587,-0.10913184,-0.15495719,-0.05825615,-0.14326635,-0.17082691,-0.1550444,-0.18883844,-0.15512311,-0.31316653,-0.15511468,-0.16808087,-0.14331596,-0.15511663,-0.1584236,-0.25088155,-0.15512341,-0.22115314,-0.07562123,-0.086852394,-0.10702289,-0.060967896,-0.14942175,-0.16796505,-0.15746465,-0.22133875,-0.12812386,-0.0969081,-0.16398169,-0.12716047,-0.11335766,-0.18846886,-0.13052927,-0.17755464,-0.0994983,-0.115196005,-0.15504548,-0.11662802,-0.19749595,-0.14526704,-0.12781724,-0.096878245,-0.15504603,-0.15825915,-0.12434345,-0.11230643,-0.063823454,-0.15498623,-0.11419349,-0.10007019,-0.24483351,-0.15512389,-0.15841639,-0.16344379,-0.1759062,-0.12524253,-0.15511148,-0.0782174,-0.19187105,-0.18185812,-0.09859173,-0.11065883,-0.15483595,-0.15815185,-0.083404,-0.1213824,-0.13072303,-0.13855581,-0.19385117,-0.15509212,-0.15842098,-0.19487974,-0.23847799,-0.2432746,-0.1302558,-0.15494974,-0.15839654,-0.14520228,-0.2961179,-0.15512326,-0.19813283,-0.1304479,-0.15506873,-0.060104962,-0.15931924,-0.15512173,-0.2028091,-0.2868003,-0.11816878,-0.14795661,-0.10060286,-0.15498906,-0.13614628,-0.20725825,-0.17393659,-0.125103,-0.15657571,-0.15690626,-0.15512055,-0.15842304,-0.16221246,-0.22200036,-0.1305897,-0.2814266,-0.15512422,-0.1915083,-0.24371436,-0.16952515,-0.15504888,-0.13369927,-0.12557748,-0.15511787,-0.18106565,-0.15512402,-0.18642783,-0.15507501,-0.30462334,-0.15502863,-0.14691104,-0.13029914,-0.15511298,-0.15841259,-0.18915205,-0.13052262,-0.15511727,-0.10481856,-0.1650517,-0.1551153,-0.15842475,-0.15839949,-0.13019046,-0.15503472,-0.15839568,-0.15838802,-0.1583978,-0.15840496,-0.16505513,-0.17392421,-0.15511148,-0.15841866,-0.15841,-0.15841909,-0.2025511,-0.15354379,-0.14723541,-0.15425548,-0.11499533,-0.10471026,-0.11893196,-0.15511464,-0.1583573,-0.13048862,-0.19501048,-0.15512127,-0.18738703,-0.11705899,-0.17429145,-0.15511289,-0.06652963,-0.15490532,-0.10737923,-0.124497145,-0.15298569,-0.052188452,-0.26007295
k__Bacteria|p__Firmicutes|c__Bacilli|o__Lactobacillales|f__Lactobacillaceae|g__Lentilactobacillus|s__Lentilactobacillus_parafarraginis,-0.1004395,-0.12316422,-0.15384854,-0.15716752,-0.15716779,-0.23867357,-0.1666669,-0.16813041,-0.10929718,-0.22895765,-0.23728925,-0.1538531,-0.22850217,-0.3768707,-0.08556121,-0.15347666,-0.058144663,-0.15334974,-0.15710886,-0.19931981,-0.1978925,-0.12902375,-0.1538198,-0.12711628,-0.20043859,-0.11658599,-0.182019,-0.25032333,-0.1509206,-0.15382437,-0.15142563,-0.10844302,-0.18249588,-0.28454733,-0.15384066,-0.1291991,-0.15385084,-0.22338755,-0.15385345,-0.29867563,-0.15385349,-0.29356226,-0.12855995,-0.15371358,-0.13691942,-0.15384823,-0.23188588,-0.24781659,-0.1296162,-0.12920451,-0.24679694,-0.18279888,-0.25087595,-0.26027086,-0.28621647,-0.27511892,-0.11894142,-0.15377155,-0.040142577,-0.056944285,-0.1531675,-0.11274739,-0.13743341,-0.12909722,-0.15383288,-0.15716338,-0.15716758,-0.1571682,-0.27573854,-0.15381646,-0.1290988,-0.16243835,-0.12334165,-0.14074792,-0.1538212,-0.15887658,-0.14481027,-0.12918442,-0.18691605,-0.14998752,-0.15384209,-0.15714754,-0.1571581,-0.15709704,-0.120334074,-0.13700745,-0.08858878,-0.15383649,-0.19008024,-0.15384701,-0.2004665,-0.11139822,-0.1388583,-0.13027036,-0.1074974,-0.15152657,-0.15375629,-0.15689382,-0.10065024,-0.08152827,-0.09427856,-0.15380289,-0.11960925,-0.15027548,-0.16982608,-0.1185138,-0.15381852,-0.15716183,-0.17738779,-0.15176103,-0.1538497,-0.25953975,-0.17989698,-0.13525523,-0.15384707,-0.15095688,-0.17780018,-0.2009549,-0.15382788,-0.09015879,-0.15357152,-0.12151222,-0.121854745,-0.13997786,-0.21433522,-0.13908121,-0.16057305,-0.15378007,-0.07092635,-0.1532604,-0.15643497,-0.18733518,-0.15360646,-0.12908691,-0.12334781,-0.14100276,-0.15380901,-0.114095174,-0.25318068,-0.26654312,-0.12839453,-0.10945694,-0.15380073,-0.09238048,-0.20963459,-0.15384728,-0.15708882,-0.12863748,-0.15378049,-0.16015086,-0.1553517,-0.15385137,-0.19704957,-0.20616047,-0.12810132,-0.10460003,-0.11361031,-0.10256614,-0.15384442,-0.19495486,-0.15382223,-0.12857094,-0.15370135,-0.041086134,-0.12967405,-0.15385018,-0.2300741,-0.15383048,-0.10384405,-0.1525355,-0.0784167,-0.15371789,-0.12766197,-0.15373617,-0.121451,-0.075820275,-0.09192432,-0.101488546,-0.15360183,-0.15707946,-0.12378413,-0.15370879,-0.1410757,-0.13984437,-0.18093297,-0.15385251,-0.25777104,-0.12844054,-0.1537687,-0.13462572,-0.119081676,-0.1538252,-0.1571638,-0.15716533,-0.15716636,-0.19755594,-0.25103784,-0.20219928,-0.19465852,-0.24831252,-0.20506537,-0.22091979,-0.15383852,-0.12882629,-0.11956477,-0.15383404,-0.15716037,1.9827079,-0.18224281,-0.15382609,-0.32474133,-0.15385076,-0.15716884,-0.15716782,-0.1571675,-0.2185038,-0.1538252,-0.114121355,-0.15382782,-0.15715459,-0.15716061,-0.22984435,-0.15384492,-0.15714446,-0.08963354,-0.1537508,-0.1571235,-0.15713969,-0.15714109,-0.13302092,-0.1051107,-0.14014931,-0.15141064,-0.15839578,-0.15615125,-0.14613561,-0.15384158,-0.12319561,-0.12915887,-0.15380813,-0.15716866,-0.15716824,-0.15716822,-0.15716869,-0.38518023,-0.11451449,-0.15381518,-0.15564899,-0.14443555,-0.16636807,-0.15384641,-0.15709695,-0.12993515,-0.047159404,-0.14835282,-0.14016809,-0.14106366,-0.1537132,-0.19987361,-0.1649412,-0.17166539,-0.15382606,-0.15712994,-0.12722544,-0.14610182,-0.2588673,-0.12897801,-0.15373437,-0.09132757,-0.12832497,-0.13684332,-0.16221203,-0.15659244,-0.12844695,-0.15361407,-0.15708184,-0.15712678,-0.15715769,-0.15740095,-0.19795567,-0.15106063,-0.07294749,-0.2039893,-0.15381579,-0.15712556,-0.104459345,-0.15352055,-0.17466888,-0.13176009,-0.15382269,-0.15109587,-0.10913184,-0.15367258,-0.05825615,-0.14326635,-0.17082691,-0.15376619,-0.18883844,-0.15385178,-0.31316653,-0.15384272,-0.16808087,-0.14331596,-0.1538447,-0.1571655,-0.25088155,-0.1538521,-0.22115314,-0.07562123,-0.086852394,-0.10702289,-0.060967896,-0.14767301,-0.16796505,-0.15746465,-0.22133875,-0.12812386,-0.0969081,-0.16398169,-0.12716047,-0.11335766,-0.18846886,-0.12915301,-0.17755464,-0.0994983,-0.115196005,-0.1537674,-0.11662802,-0.19749595,-0.14526704,-0.12781724,-0.096878245,-0.15376769,-0.15698656,-0.12434345,-0.11230643,-0.063823454,-0.15370336,-0.11419349,-0.10007019,-0.24483351,-0.15385261,-0.1571579,-0.16344379,-0.1759062,-0.12524253,-0.15383905,-0.0782174,-0.19187105,-0.18185812,-0.09859173,-0.11065883,-0.15353937,-0.1568702,-0.083404,-0.1213824,-0.13072303,-0.13855581,-0.19385117,-0.15381816,-0.1571626,-0.19487974,-0.23847799,-0.2432746,-0.12885034,-0.15366328,-0.15713608,-0.14520228,-0.2961179,-0.15385194,-0.19813283,-0.12906466,-0.15379278,-0.060104962,-0.15931924,-0.15385027,-0.2028091,-0.2868003,-0.11816878,-0.14795661,-0.10060286,-0.15370631,-0.13614628,-0.20725825,-0.17393659,-0.125103,-0.15657571,-0.15690626,-0.15384898,-0.15716486,-0.16221246,-0.22200036,-0.1292185,-0.2814266,-0.15385297,-0.1915083,-0.24371436,-0.16952515,-0.15377378,-0.13369927,-0.12557748,-0.15384609,-0.18106565,-0.15385276,-0.18642783,-0.15380071,-0.30462334,-0.15374926,-0.14691104,-0.13029914,-0.15384075,-0.15715346,-0.18915205,-0.12914583,-0.1538454,-0.10481856,-0.1650517,-0.15384331,-0.15716673,-0.15714005,-0.12877911,-0.15375552,-0.15713522,-0.15712684,-0.15713748,-0.15714522,-0.16505513,-0.17392421,-0.15383914,-0.15716007,-0.15715066,-0.15716055,-0.2025511,-0.15354379,-0.14723541,-0.15291214,-0.11499533,-0.10471026,-0.11893196,-0.15384254,-0.15709563,-0.12910914,-0.19501048,-0.1538498,-0.18738703,-0.11705899,-0.17429145,-0.15384108,-0.06652963,-0.15361628,-0.10737923,-0.124497145,-0.15298569,-0.052188452,-0.26007295
k__Bacteria|p__Firmicutes|c__Clostridia|o__Eubacteriales|f__Clostridiaceae|g__Clostridium|s__Clostridium_ihumii,-0.1004395,-0.12316422,-0.15481901,-0.15811071,-0.15811095,-0.23867357,-0.1666669,-0.16813041,-0.10929718,-0.22895765,-0.23728925,-0.15482324,-0.22850217,-0.3768707,-0.08556121,-0.1544654,-0.058144663,-0.15434718,-0.15805593,-0.19931981,-0.1978925,-0.13020223,-0.154792,-0.12711628,-0.20043859,-0.11658599,-0.182019,-0.25032333,-0.1509206,-0.15479642,-0.15142563,-0.10844302,-0.18249588,-0.28454733,-0.15481141,-0.13037144,-0.15482113,-0.22338755,-0.15482357,-0.29867563,-0.15482363,-0.29356226,-0.12973878,-0.15469328,-0.13691942,-0.15481868,-0.23188588,-0.24781659,-0.1296162,-0.13037674,-0.24679694,-0.18279888,-0.25087595,-0.26027086,-0.28621647,-0.27511892,-0.11894142,-0.15474674,-0.040142577,-0.056944285,-0.15418428,-0.11274739,-0.13743341,-0.13027462,-0.15480445,-0.1581068,-0.15811075,-0.15811132,-0.27573854,-0.15478891,-0.13027468,-0.16243835,-0.12334165,-0.14074792,-0.15479335,-0.15887658,-0.14481027,-0.1303573,-0.18691605,-0.14998752,-0.15481295,-0.158092,-0.15810198,-0.15804398,-0.120334074,-0.13700745,-0.08858878,-0.15480766,-0.19008024,-0.15481755,-0.2004665,-0.11139822,-0.1388583,-0.13027036,-0.1074974,-0.15152657,-0.15473238,-0.15783438,-0.10065024,-0.08152827,-0.09427856,-0.15477608,-0.11960925,-0.15027548,-0.16982608,-0.1185138,-0.15479101,-0.15810537,-0.17738779,-0.15176103,-0.15482005,-0.25953975,-0.17989698,-0.13525523,-0.15481758,-0.15095688,-0.17780018,-0.2009549,-0.15479964,-0.09015879,-0.15455812,-0.12151222,-0.121854745,-0.13997786,-0.21433522,-0.13908121,-0.16057305,-0.15475467,-0.07092635,-0.15426534,-0.1574316,-0.18733518,-0.1545948,-0.13026369,-0.12334781,-0.14100276,-0.15478194,-0.114095174,-0.25318068,-0.26654312,-0.12958497,-0.10945694,-0.15477405,-0.09238048,-0.20963459,-0.15481779,-0.15803774,-0.12982589,-0.15475541,-0.16015086,-0.1553517,-0.15482163,-0.19704957,-0.20616047,-0.12931716,-0.10460003,-0.11361031,-0.10256614,-0.15481508,-0.19495486,-0.15479393,-0.12976502,-0.15468028,-0.041086134,-0.12967405,-0.15482053,-0.2300741,-0.15480202,-0.10384405,-0.15357876,-0.0784167,-0.15469688,-0.12766197,-0.15471354,-0.121451,-0.075820275,-0.09192432,-0.101488546,-0.15458712,-0.15802792,-0.12378413,-0.154681,-0.1410757,-0.13984437,-0.18093297,-0.15482268,-0.25777104,-0.12844054,-0.15474305,-0.13462572,-0.119081676,-0.15479699,-0.15810722,-0.15810865,-0.15810964,-0.19755594,-0.25103784,-0.20219928,-0.19465852,-0.24831252,-0.20506537,-0.22091979,-0.15480964,-0.13001151,-0.11956477,-0.15480532,-0.15810403,-0.20931396,-0.18224281,-0.15479767,-0.32474133,-0.15482104,-0.15811193,-0.15811098,-0.15811065,-0.2185038,-0.15479724,-0.114121355,-0.15479979,-0.15809877,-0.15810424,-0.22984435,-0.15481555,-0.15808937,-0.08963354,-0.15472767,-0.15806924,-0.15808478,-0.1580858,-0.13302092,-0.1051107,-0.14014931,-0.15141064,-0.15839578,-0.15615125,-0.14613561,-0.1548124,-0.12319561,-0.13033387,-0.15478146,-0.15811178,-0.15811136,-0.15811136,-0.15811181,-0.38518023,-0.11451449,-0.15478781,-0.15564899,-0.14443555,-0.16636807,-0.15481701,-0.15804538,-0.12993515,-0.047159404,-0.14971864,-0.14016809,-0.14106366,-0.15469256,-0.19987361,-0.1649412,-0.17166539,-0.15479787,-0.15807524,-0.12722544,-0.14610182,-0.2588673,-0.13015722,-0.15471157,-0.09132757,-0.12832497,-0.13684332,-0.16221203,-0.15659244,-0.1296349,-0.15460004,-0.15803042,-0.15807247,-0.15810147,-0.15740095,-0.19795567,-0.15106063,-0.07294749,-0.2039893,-0.15478846,-0.15807119,-0.104459345,-0.15446404,-0.17466888,-0.13176009,-0.15479454,-0.15109587,-0.10913184,-0.15465346,-0.05825615,-0.14326635,-0.17082691,-0.15474206,-0.18883844,-0.154822,-0.31316653,-0.1548137,-0.16808087,-0.14331596,-0.15481538,-0.15810883,-0.25088155,-0.15482235,-0.22115314,-0.07562123,-0.086852394,-0.10702289,-0.060967896,-0.14908406,-0.16796505,-0.15746465,-0.22133875,-0.12812386,-0.0969081,-0.16398169,-0.12716047,-0.11335766,-0.18846886,-0.13032725,-0.17755464,-0.0994983,-0.115196005,-0.15474305,-0.11662802,-0.19749595,-0.14526704,-0.12781724,-0.096878245,-0.15474278,-0.1579408,-0.12434345,-0.11230643,-0.063823454,-0.15468274,-0.11419349,-0.10007019,-0.24483351,-0.15482277,-0.15810171,-0.16344379,-0.1759062,-0.12524253,-0.15481007,-0.0782174,-0.19187105,-0.18185812,-0.09859173,-0.11065883,-0.15452808,-0.15783146,-0.083404,-0.1213824,-0.13072303,-0.13855581,-0.19385117,-0.15479074,-0.15810612,-0.19487974,-0.23847799,-0.2432746,-0.1300397,-0.15464516,-0.15808137,-0.14520228,-0.2961179,-0.15482214,-0.19813283,-0.13024308,-0.15476689,-0.060104962,-0.15931924,-0.1548206,-0.2028091,-0.2868003,-0.11816878,-0.14795661,-0.10060286,-0.15468626,-0.13614628,-0.20725825,-0.17393659,-0.125103,-0.15657571,-0.15690626,-0.1548194,-0.15810819,-0.16221246,-0.22200036,-0.13038996,-0.2814266,-0.15482314,-0.1915083,-0.24371436,-0.16952515,-0.15474823,-0.13369927,-0.12557748,-0.1548167,-0.18106565,-0.15482292,-0.18642783,-0.15477428,-0.30462334,-0.15472668,-0.14691104,-0.13029914,-0.15481171,-0.1580975,-0.18915205,-0.13032022,-0.15481602,-0.10481856,-0.1650517,-0.15481417,-0.15810996,-0.1580851,-0.12997183,-0.15473157,-0.15808067,-0.15807271,-0.15808274,-0.15808983,-0.16505513,-0.17392421,-0.15481025,-0.1581037,-0.15809497,-0.15810417,-0.2025511,-0.15354379,-0.14723541,-0.15395057,-0.11499533,-0.10471026,-0.11893196,-0.15481338,-0.15804309,-0.13028467,-0.19501048,-0.15482017,-0.18738703,-0.11705899,-0.17429145,-0.15481187,-0.06652963,-0.15459985,-0.10737923,-0.124497145,-0.15298569,-0.052188452,-0.26007295
k__Bacteria|p__Firmicutes|c__Bacilli|o__Lactobacillales|f__Streptococcaceae|g__Streptococcus|s__Streptococcus_gordonii,-0.1004395,-0.12316422,-0.15430066,-0.1576269,-0.15762714,-0.23867357,-0.1666669,-0.16813041,-0.10929718,-0.22895765,-0.23728925,-0.15430509,-0.22850217,-0.3768707,-0.08556121,-0.15394446,-0.058144663,-0.15382473,-0.15757003,-0.19931981,-0.1978925,-0.12942907,-0.15427293,-0.12711628,-0.20043859,-0.11658599,-0.182019,-0.25032333,-0.1509206,-0.15427709,-0.15142563,-0.10844302,-0.18249588,-0.28454733,-0.15429273,-0.12959753,-0.1543029,-0.22338755,-0.15430541,-0.29867563,-0.15430547,-0.29356226,-0.12898533,-0.15416884,-0.13691942,-0.15430039,-0.23188588,-0.24781659,-0.1296162,-0.12960276,-0.24679694,-0.18279888,-0.25087595,-0.26027086,-0.28621647,-0.27511892,-0.11894142,-0.15422633,-0.040142577,-0.056944285,-0.15363806,-0.11274739,-0.13743341,-0.12949935,-0.15428537,-0.15762287,-0.15762691,-0.15762752,-0.27573854,-0.15426826,-0.12950058,-0.16243835,-0.12334165,-0.14074792,-0.15427431,-0.15887658,-0.14481027,-0.129584,-0.18691605,-0.14998752,-0.15429445,-0.15760753,-0.15761769,-0.15755598,-0.120334074,-0.13700745,-0.08858878,-0.15428907,-0.19008024,-0.15429923,-0.2004665,-0.11139822,-0.1388583,-0.13027036,-0.1074974,-0.15152657,-0.15421173,-0.15734516,-0.10065024,-0.08152827,-0.09427856,-0.15425673,-0.11960925,-0.15027548,-0.16982608,-0.1185138,-0.15427136,-0.15762138,-0.17738779,-0.15176103,-0.15430176,-0.25953975,-0.17989698,-0.13525523,-0.15429927,-0.15095688,-0.17780018,-0.2009549,-0.15427956,-0.09015879,-0.15403476,-0.12151222,-0.121854745,-0.13997786,-0.21433522,-0.13908121,-0.16057305,-0.15423478,-0.07092635,-0.1537331,-0.15690824,-0.18733518,-0.15406042,-0.12949103,-0.12334781,-0.14100276,-0.15426254,-0.114095174,3.5073278,-0.26654312,-0.12881513,-0.10945694,-0.15425465,-0.09238048,-0.20963459,-0.15429947,-0.15754703,-0.12905642,-0.15423468,-0.16015086,-0.1553517,-0.15430342,-0.19704957,-0.20616047,-0.12854609,-0.10460003,-0.11361031,-0.10256614,-0.15429676,-0.19495486,-0.15427442,-0.12898055,-0.15415937,-0.041086134,-0.12967405,-0.15430221,-0.2300741,-0.15428245,-0.10384405,-0.15303192,-0.0784167,-0.15417407,-0.12766197,-0.15419227,-0.121451,-0.075820275,-0.09192432,-0.101488546,-0.15406278,-0.15754224,-0.12378413,-0.15416089,-0.1410757,-0.13984437,-0.18093297,-0.1543045,-0.25777104,-0.12844054,-0.15422028,-0.13462572,-0.119081676,-0.15427834,-0.15762329,-0.15762475,-0.15762576,-0.19755594,-0.25103784,-0.20219928,-0.19465852,-0.24831252,-0.20506537,-0.22091979,-0.1542906,-0.1292364,-0.11956477,-0.15428674,-0.15761995,-0.20931396,-0.18224281,-0.1542781,-0.32474133,-0.15430284,-0.15762815,-0.15762718,-0.15762684,-0.2185038,-0.15427718,-0.114121355,-0.15428036,-0.15761411,-0.15762016,-0.22984435,-0.15429725,-0.15760356,-0.08963354,-0.15420598,-0.15758467,-0.15759978,-0.1576016,-0.13302092,-0.1051107,-0.14014931,-0.15141064,-0.15839578,-0.15615125,-0.14613561,-0.15429407,-0.12319561,-0.12955871,-0.15426111,-0.157628,-0.15762757,-0.15762758,-0.15762803,-0.38518023,-0.11451449,-0.15426837,-0.15564899,-0.14443555,-0.16636807,-0.15429856,-0.15755644,-0.12993515,-0.047159404,-0.14892128,-0.14016809,-0.14106366,-0.15416947,-0.19987361,-0.1649412,-0.17166539,-0.154279,-0.15759102,-0.12722544,-0.14610182,-0.2588673,-0.12938568,-0.15419078,-0.09132757,-0.12832497,-0.13684332,-0.16221203,-0.15659244,-0.1288513,-0.15407303,-0.15754426,-0.15758768,-0.1576174,-0.15740095,-0.19795567,-0.15106063,-0.07294749,-0.2039893,-0.15426877,-0.15758672,-0.104459345,-0.15393564,-0.17466888,-0.13176009,-0.15427598,-0.15109587,-0.10913184,-0.15413007,-0.05825615,-0.14326635,-0.17082691,-0.15422073,-0.18883844,-0.15430379,-0.31316653,-0.15429476,-0.16808087,-0.14331596,-0.15429696,-0.15762487,-0.25088155,-0.15430412,-0.22115314,-0.07562123,-0.086852394,-0.10702289,-0.060967896,-0.14826272,-0.16796505,-0.15746465,-0.22133875,-0.12812386,-0.0969081,-0.16398169,-0.12716047,-0.11335766,-0.18846886,-0.1295529,-0.17755464,-0.0994983,-0.115196005,-0.1542221,-0.11662802,-0.19749595,-0.14526704,-0.12781724,-0.096878245,-0.15422323,-0.15745229,-0.12434345,-0.11230643,-0.063823454,-0.15416068,-0.11419349,-0.10007019,-0.24483351,-0.15430462,-0.15761714,-0.16344379,-0.1759062,-0.12524253,-0.15429159,-0.0782174,-0.19187105,-0.18185812,-0.09859173,-0.11065883,-0.154003,-0.15734018,-0.083404,-0.1213824,-0.13072303,-0.13855581,-0.19385117,-0.15427098,-0.15762213,-0.19487974,-0.23847799,-0.2432746,-0.1292528,-0.15412176,-0.15759635,-0.14520228,-0.2961179,-0.15430395,-0.19813283,-0.12946865,-0.15424648,-0.060104962,-0.15931924,-0.15430231,-0.2028091,-0.2868003,-0.11816878,-0.14795661,-0.10060286,-0.1541625,-0.13614628,-0.20725825,-0.17393659,-0.125103,-0.15657571,-0.15690626,-0.15430108,-0.1576243,-0.16221246,-0.22200036,-0.12961617,-0.2814266,-0.15430497,-0.1915083,-0.24371436,-0.16952515,-0.15422484,-0.13369927,-0.12557748,-0.15429825,-0.18106565,-0.15430474,-0.18642783,-0.15425256,-0.30462334,-0.15420374,-0.14691104,-0.13029914,-0.15429312,-0.15761332,-0.18915205,-0.12954651,-0.15429765,-0.10481856,-0.1650517,-0.15429553,-0.1576261,-0.15759899,-0.12917656,-0.15421122,-0.15759537,-0.15758741,-0.1575976,-0.15760535,-0.16505513,-0.17392421,-0.15429151,-0.1576197,-0.15761054,-0.15762016,-0.2025511,-0.15354379,-0.14723541,-0.15338296,-0.11499533,-0.10471026,-0.11893196,-0.15429485,-0.15755463,-0.12951203,-0.19501048,-0.15430184,-0.18738703,-0.11705899,-0.17429145,-0.15429288,-0.06652963,-0.15407792,-0.10737923,-0.124497145,-0.15298569,-0.052188452,-0.26007295
k__Bacteria|p__Firmicutes|c__Clostridia|o__Eubacteriales|f__Clostridiaceae|g__Clostridium|s__Clostridium_SGB65129,-0.1004395,-0.12316422,-0.15488456,-0.15823072,-0.15823099,-0.23867357,-0.1666669,-0.16813041,-0.10929718,-0.22895765,-0.23728925,-0.15488991,-0.22850217,-0.3768707,-0.08556121,-0.15444742,-0.058144663,-0.15430695,-0.15816203,-0.19931981,-0.1978925,-0.12982991,-0.15485105,-0.12711628,-0.20043859,-0.11658599,-0.182019,-0.25032333,-0.1509206,-0.15485612,-0.15142563,-0.10844302,-0.18249588,-0.28454733,-0.15487503,-0.13003406,-0.15488726,-0.22338755,-0.1548903,-0.29867563,-0.15489036,-0.29356226,-0.12928244,-0.15472545,-0.13691942,-0.15488426,-0.23188588,-0.24781659,-0.1296162,-0.13004038,-0.24679694,-0.18279888,-0.25087595,-0.26027086,-0.28621647,-0.27511892,-0.11894142,-0.15479475,-0.040142577,-0.056944285,-0.1540857,-0.11274739,-0.13743341,-0.12991446,-0.15486611,-0.15822586,-0.15823075,-0.15823147,-0.27573854,-0.15484571,-0.12991671,-0.16243835,-0.12334165,-0.14074792,-0.15485273,-0.15887658,-0.14481027,-0.13001746,-0.18691605,-0.14998752,-0.15487707,-0.15820737,-0.15821964,-0.15814526,-0.120334074,-0.13700745,-0.08858878,-0.15487054,-0.19008024,-0.15488282,-0.2004665,-0.11139822,-0.1388583,-0.13027036,-0.1074974,-0.15152657,-0.15477711,-0.1578874,-0.10065024,-0.08152827,-0.09427856,-0.15483141,-0.11960925,-0.15027548,-0.16982608,-0.1185138,-0.15484926,-0.15822408,-0.17738779,-0.15176103,-0.15488592,-0.25953975,-0.17989698,-0.13525523,-0.1548829,-0.15095688,-0.17780018,-0.2009549,-0.15485927,-0.09015879,-0.1545628,-0.12151222,-0.121854745,-0.13997786,-0.21433522,-0.13908121,-0.16057305,-0.1548049,-0.07092635,-0.15419686,-0.15736559,-0.18733518,-0.15459605,-0.12990081,-0.12334781,-0.14100276,-0.15483852,-0.114095174,-0.25318068,-0.26654312,-0.12908868,-0.10945694,-0.15482894,-0.09238048,-0.20963459,-0.15488313,-0.15813516,-0.12937483,-0.15480468,-0.16015086,-0.1553517,-0.15488788,-0.19704957,-0.20616047,-0.12875986,-0.10460003,-0.11361031,-0.10256614,-0.15487984,-0.19495486,-0.15485306,-0.12928088,-0.1547133,-0.041086134,-0.12967405,-0.15488645,-0.2300741,-0.15486276,-0.10384405,-0.15334395,-0.0784167,-0.15473145,-0.12766197,-0.15475345,-0.121451,-0.075820275,-0.09192432,-0.101488546,-0.15459669,-0.15812826,-0.12378413,-0.15471429,-0.1410757,-0.13984437,-0.18093297,-0.15488921,-0.25777104,-0.12844054,-0.15478873,3.2470114,-0.119081676,-0.15485752,-0.15822634,-0.15822814,-0.15822935,-0.19755594,-0.25103784,-0.20219928,-0.19465852,-0.24831252,-0.20506537,-0.22091979,-0.15487255,-0.12959221,-0.11956477,-0.15486774,-0.15822235,-0.20931396,-0.18224281,-0.15485741,-0.32474133,-0.15488717,-0.15823224,-0.15823106,-0.15823066,-0.2185038,-0.1548566,-0.114121355,-0.15486014,-0.15821534,-0.15822259,-0.22984435,-0.15488042,-0.15820262,-0.08963354,-0.15477009,-0.15817964,-0.158198,-0.15820009,-0.13302092,-0.1051107,-0.14014931,-0.15141064,-0.15839578,-0.15615125,-0.14613561,-0.15487657,-0.12319561,-0.12998682,-0.15483697,-0.15823203,-0.15823153,-0.15823154,-0.1582321,-0.38518023,-0.11451449,-0.1548456,-0.15564899,-0.14443555,-0.16636807,-0.15488204,-0.15814635,-0.12993515,-0.047159404,-0.14840057,-0.14016809,-0.14106366,-0.15472628,-0.19987361,-0.1649412,-0.17166539,-0.15485841,-0.15818727,-0.12722544,-0.14610182,-0.2588673,-0.12977697,-0.15475148,-0.09132757,-0.12832497,-0.13684332,-0.16221203,-0.15659244,-0.1291441,-0.15460967,-0.15813085,-0.1581833,-0.15821925,-0.15740095,-0.19795567,-0.15106063,-0.07294749,-0.2039893,-0.15484612,-0.15818208,-0.104459345,-0.15446465,-0.17466888,-0.13176009,-0.15485471,-0.15109587,-0.10913184,-0.15467769,-0.05825615,-0.14326635,-0.17082691,-0.15478815,-0.18883844,-0.15488833,-0.31316653,-0.15487754,-0.16808087,-0.14331596,-0.1548801,-0.1582283,-0.25088155,-0.15488873,-0.22115314,-0.07562123,-0.086852394,-0.10702289,-0.060967896,-0.14761223,-0.16796505,-0.15746465,-0.22133875,-0.12812386,-0.0969081,-0.16398169,-0.12716047,-0.11335766,-0.18846886,-0.12997982,-0.17755464,-0.0994983,-0.115196005,-0.1547897,-0.11662802,-0.19749595,-0.14526704,-0.12781724,-0.096878245,-0.15479083,-0.15801957,-0.12434345,-0.11230643,-0.063823454,-0.15471494,-0.11419349,-0.10007019,-0.24483351,-0.15488932,-0.15821904,-0.16344379,-0.1759062,-0.12524253,-0.15487361,-0.0782174,-0.19187105,-0.18185812,-0.09859173,-0.11065883,-0.15452456,-0.15788388,-0.083404,-0.1213824,-0.13072303,-0.13855581,-0.19385117,-0.15484881,-0.15822497,-0.19487974,-0.23847799,-0.2432746,-0.12961991,-0.15466824,-0.15819387,-0.14520228,-0.2961179,-0.15488854,-0.19813283,-0.12987758,-0.15481916,-0.060104962,-0.15931924,-0.15488659,-0.2028091,-0.2868003,-0.11816878,-0.14795661,-0.10060286,-0.15471774,-0.13614628,-0.20725825,-0.17393659,-0.125103,-0.15657571,-0.15690626,-0.15488508,-0.1582276,-0.16221246,-0.22200036,-0.13005662,-0.2814266,-0.15488976,-0.1915083,-0.24371436,-0.16952515,-0.15479346,-0.13369927,-0.12557748,-0.15488166,-0.18106565,-0.15488951,-0.18642783,-0.15482685,-0.30462334,-0.15476781,-0.14691104,-0.13029914,-0.15487547,-0.15821433,-0.18915205,-0.12997222,-0.15488093,-0.10481856,-0.1650517,-0.15487841,-0.15822978,-0.15819734,-0.12953012,-0.1547763,-0.1581927,-0.15818304,-0.1581954,-0.15820464,-0.16505513,-0.17392421,-0.15487352,-0.15822202,-0.15821098,-0.15822259,-0.2025511,-0.15354379,-0.14723541,-0.15377995,-0.11499533,-0.10471026,-0.11893196,-0.15487756,-0.15814391,-0.12992999,-0.19501048,-0.154886,-0.18738703,-0.11705899,-0.17429145,-0.1548754,-0.06652963,-0.15461388,-0.10737923,-0.124497145,-0.15298569,-0.052188452,-0.26007295
k__Bacteria|p__Firmicutes|c__CFGB72924|o__OFGB72924|f__FGB72924|g__GGB3612|s__GGB3612_SGB4882,-0.1004395,-0.12316422,-0.1552778,-0.15855573,-0.15855598,-0.23867357,-0.1666669,-0.16813041,-0.10929718,-0.22895765,-0.23728925,-0.1552822,-0.22850217,-0.3768707,-0.08556121,-0.15491575,-0.058144663,-0.15478662,-0.15849888,-0.19931981,-0.1978925,-0.13075854,-0.15524966,-0.12711628,-0.20043859,-0.11658599,-0.182019,-0.25032333,-0.1509206,-0.15525447,-0.15142563,-0.10844302,-0.18249588,-0.28454733,-0.15527019,-0.13093215,-0.15527998,-0.22338755,-0.15528253,-0.29867563,-0.15528259,-0.29356226,-0.13029017,-0.15514815,-0.13691942,-0.15527743,-0.23188588,-0.24781659,-0.1296162,-0.13093793,-0.24679694,-0.18279888,-0.25087595,-0.26027086,-0.28621647,-0.27511892,-0.11894142,-0.15520257,-0.040142577,-0.056944285,-0.15462115,-0.11274739,-0.13743341,-0.13083357,-0.1552628,-0.15855166,-0.15855579,-0.15855637,-0.27573854,-0.15524693,-0.13083361,-0.16243835,-0.12334165,-0.14074792,-0.1552511,-0.15887658,-0.14481027,-0.130918,-0.18691605,-0.14998752,-0.15527147,-0.15853629,-0.15854672,-0.15848914,-0.120334074,-0.13700745,-0.08858878,-0.15526599,-0.19008024,-0.15527627,-0.2004665,-0.11139822,-0.1388583,-0.13027036,-0.1074974,-0.15152657,-0.1551876,-0.15829004,-0.10065024,-0.08152827,-0.09427856,-0.15523304,-0.11960925,-0.15027548,-0.16982608,-0.1185138,-0.15524882,-0.15855019,-0.17738779,-0.15176103,-0.15527892,-0.25953975,-0.17989698,-0.13525523,-0.1552763,-0.15095688,-0.17780018,-0.2009549,-0.15525842,-0.09015879,-0.15500602,-0.12151222,-0.121854745,-0.13997786,-0.21433522,-0.13908121,-0.16057305,-0.15521067,-0.07092635,-0.15470561,-0.15785754,-0.18733518,-0.15504955,-0.13082369,-0.12334781,-0.14100276,-0.15523922,-0.114095174,-0.25318068,-0.26654312,-0.13013351,-0.10945694,-0.15523091,-0.09238048,-0.20963459,-0.1552765,-0.15848103,-0.13038048,-0.15521193,-0.16015086,-0.1553517,-0.15528052,-0.19704957,-0.20616047,-0.12983777,-0.10460003,-0.11361031,-0.10256614,-0.15527366,-0.19495486,-0.15525219,-0.13030623,-0.1551337,-0.041086134,-0.12967405,-0.15527943,-0.2300741,-0.1552603,-0.10384405,-0.1540012,-0.0784167,-0.15515082,-0.12766197,-0.15516809,-0.121451,-0.075820275,-0.09192432,-0.101488546,-0.155037,-0.15846947,-0.12378413,-0.15514344,-0.1410757,-0.13984437,-0.18093297,-0.1552816,-0.25777104,-0.12844054,-0.15519974,-0.13462572,-0.119081676,-0.15525472,-0.15855211,-0.1585536,-0.15855461,-0.19755594,-0.25103784,-0.20219928,-0.19465852,-0.24831252,-0.20506537,-0.22091979,-0.15526819,-0.13057132,-0.11956477,-0.15526348,-0.1585488,-0.20931396,-0.18224281,-0.15525597,-0.32474133,-0.15527987,-0.158557,-0.15855601,-0.15855567,-0.2185038,-0.15525529,-0.114121355,-0.15525791,-0.15854353,-0.15854901,-0.22984435,-0.15527415,-0.15853341,-0.08963354,-0.15518291,-0.15851238,-0.15852888,-0.1585297,-0.13302092,-0.1051107,-0.14014931,-0.15141064,-0.15839578,-0.15615125,-0.14613561,-0.15527083,-0.12319561,-0.1308933,-0.1552391,-0.15855685,-0.15855643,-0.15855643,-0.1585569,-0.38518023,-0.11451449,-0.1552454,-0.15564899,-0.14443555,-0.16636807,-0.15527576,-0.15848872,-0.12993515,-0.047159404,-0.15003175,-0.14016809,-0.14106366,-0.1551466,-0.19987361,-0.1649412,-0.17166539,-0.15525575,-0.15851855,-0.12722544,-0.14610182,-0.2588673,-0.1307159,-0.15516606,-0.09132757,-0.12832497,-0.13684332,-0.16221203,-0.15659244,-0.13017347,-0.15505075,-0.15847209,-0.15851587,-0.15854612,-0.15740095,-0.19795567,-0.15106063,-0.07294749,-0.2039893,-0.1552462,-0.15851432,-0.104459345,-0.15493326,-0.17466888,-0.13176009,-0.15525217,-0.15109587,-0.10913184,-0.15510614,-0.05825615,-0.14326635,-0.17082691,-0.15519801,-0.18883844,-0.15528092,-0.31316653,-0.15527244,-0.16808087,-0.14331596,-0.155274,-0.15855381,-0.25088155,-0.15528128,-0.22115314,-0.07562123,-0.086852394,-0.10702289,-0.060967896,-0.1493653,-0.16796505,-0.15746465,-0.22133875,-0.12812386,-0.0969081,-0.16398169,-0.12716047,-0.11335766,-0.18846886,-0.13088688,-0.17755464,-0.0994983,-0.115196005,-0.15519896,-0.11662802,-0.19749595,-0.14526704,-0.12781724,-0.096878245,-0.1551981,-0.1583789,-0.12434345,-0.11230643,-0.063823454,-0.15513623,-0.11419349,-0.10007019,-0.24483351,-0.15528172,-0.15854657,-0.16344379,-0.1759062,-0.12524253,-0.15526846,-0.0782174,-0.19187105,-0.18185812,-0.09859173,-0.11065883,-0.15497509,-0.15826565,-0.083404,-0.1213824,-0.13072303,-0.13855581,-0.19385117,-0.15524858,-0.15855095,-0.19487974,-0.23847799,-0.2432746,-0.13057937,-0.1550971,-0.15852535,-0.14520228,-0.2961179,-0.15528105,-0.19813283,-0.13080093,-0.15522385,-0.060104962,-0.15931924,-0.15527947,-0.2028091,-0.2868003,-0.11816878,-0.14795661,-0.10060286,-0.15514037,-0.13614628,-0.20725825,-0.17393659,-0.125103,-0.15657571,-0.15690626,-0.15527824,-0.15855312,-0.16221246,-0.22200036,-0.13095166,-0.2814266,-0.1552821,-0.1915083,-0.24371436,-0.16952515,-0.15520589,-0.13369927,-0.12557748,-0.1552754,-0.18106565,-0.15528186,-0.18642783,-0.15523228,-0.30462334,-0.15518251,-0.14691104,-0.13029914,-0.15527022,-0.15854195,-0.18915205,-0.13087937,-0.15527469,-0.10481856,-0.1650517,-0.15527284,-0.15855497,-0.15852967,-0.13051136,-0.15518676,-0.15852472,-0.15851626,-0.15852681,-0.15853393,-0.16505513,-0.17392421,-0.15526874,-0.15854844,-0.1585394,-0.15854889,-0.2025511,-0.15354379,-0.14723541,-0.15438378,-0.11499533,-0.10471026,-0.11893196,-0.15527195,-0.15848689,-0.13084292,-0.19501048,-0.15527904,-0.18738703,-0.11705899,-0.17429145,-0.15527058,-0.06652963,-0.15505059,-0.10737923,-0.124497145,-0.15298569,-0.052188452,-0.26007295
k__Bacteria|p__Firmicutes|c__CFGB76096|o__OFGB76096|f__FGB76096|g__GGB3390|s__GGB3390_SGB4478,-0.1004395,-0.12316422,-0.15441667,-0.15774554,-0.15774578,-0.23867357,-0.1666669,-0.16813041,-0.10929718,-0.22895765,-0.23728925,-0.15442145,-0.22850217,-0.3768707,-0.08556121,-0.15402089,-0.058144663,-0.15389967,-0.15768376,-0.19931981,-0.1978925,-0.12950668,-0.15438662,-0.12711628,-0.20043859,-0.11658599,-0.182019,-0.25032333,-0.1509206,-0.15439108,-0.15142563,-0.10844302,-0.18249588,-0.28454733,-0.15440792,-0.12969407,-0.1544191,-0.22338755,-0.15442182,-0.29867563,-0.15442188,-0.29356226,-0.12899853,-0.15427333,-0.13691942,-0.15441641,-0.23188588,-0.24781659,-0.1296162,-0.12969987,-0.24679694,-0.18279888,-0.25087595,-0.26027086,-0.28621647,-0.27511892,-0.11894142,-0.15433595,-0.040142577,-0.056944285,-0.15369867,-0.11274739,-0.13743341,-0.12958434,-0.15440004,-0.15774117,-0.15774554,-0.1577462,-0.27573854,-0.15438089,-0.12958638,-0.16243835,-0.12334165,-0.14074792,-0.15438816,-0.15887658,-0.14481027,-0.12967908,-0.18691605,-0.14998752,-0.15440995,-0.15772456,-0.15773553,-0.15766686,-0.120334074,-0.13700745,-0.08858878,-0.15440412,-0.19008024,-0.1544151,-0.2004665,-0.11139822,-0.1388583,0.76268786,-0.1074974,-0.15152657,-0.15432036,-0.15742025,-0.10065024,-0.08152827,-0.09427856,-0.15436903,-0.11960925,-0.15027548,-0.16982608,-0.1185138,-0.15438488,-0.15773955,-0.17738779,-0.15176103,-0.15441789,-0.25953975,-0.17989698,-0.13525523,-0.15441519,-0.15095688,-0.17780018,-0.2009549,-0.15439332,-0.09015879,-0.15412837,-0.12151222,-0.121854745,-0.13997786,-0.21433522,-0.13908121,-0.16057305,-0.15434527,-0.07092635,-0.15379742,-0.15696517,-0.18733518,-0.15415472,-0.12957019,-0.12334781,-0.14100276,-0.15437542,-0.114095174,-0.25318068,-0.26654312,-0.12880597,-0.10945694,-0.15436684,-0.09238048,-0.20963459,-0.15441541,-0.15765837,-0.12907512,-0.15434474,-0.16015086,-0.1553517,-0.15441966,-0.19704957,-0.20616047,-0.12850988,-0.10460003,-0.11361031,-0.10256614,-0.15441246,-0.19495486,-0.15438798,-0.12898752,-0.15426315,-0.041086134,-0.12967405,-0.15441835,-0.2300741,-0.15439689,-0.10384405,-0.15302345,-0.0784167,-0.15427884,-0.12766197,-0.154299,-0.121451,-0.075820275,-0.09192432,-0.101488546,-0.15415789,-0.15765372,-0.12378413,-0.15425715,-0.1410757,-0.13984437,-0.18093297,-0.15442085,-0.25777104,-0.12844054,-0.15432867,-0.13462572,-0.119081676,-0.1543925,-0.1577416,-0.15774322,-0.1577443,-0.19755594,-0.25103784,-0.20219928,-0.19465852,-0.24831252,-0.20506537,-0.22091979,-0.15440574,-0.12927993,-0.11956477,-0.15440163,-0.157738,-0.20931396,-0.18224281,-0.1543917,-0.32474133,-0.15441903,-0.15774688,-0.15774584,-0.15774548,-0.2185038,-0.15439092,-0.114121355,-0.15439463,-0.15773162,-0.15773822,-0.22984435,-0.15441298,-0.1577195,-0.08963354,-0.15431368,-0.15769984,-0.15771613,-0.15771815,-0.13302092,-0.1051107,-0.14014931,-0.15141064,-0.15839578,-0.15615125,-0.14613561,-0.15440956,-0.12319561,-0.12965147,-0.1543738,-0.1577467,-0.15774624,-0.15774626,-0.15774676,-0.38518023,-0.11451449,-0.1543817,-0.15564899,-0.14443555,-0.16636807,-0.1544144,-0.15766895,-0.12993515,-0.047159404,-0.14857504,-0.14016809,-0.14106366,-0.15427461,-0.19987361,-0.1649412,-0.17166539,-0.15439326,-0.15770674,-0.12722544,-0.14610182,-0.2588673,-0.12945482,-0.15429719,-0.09132757,-0.12832497,-0.13684332,-0.16221203,-0.15659244,-0.12884349,-0.15416867,-0.15765591,-0.15770306,-0.15773524,-0.15740095,-0.19795567,-0.15106063,-0.07294749,-0.2039893,-0.15438208,-0.15770203,-0.104459345,-0.15399662,-0.17466888,-0.13176009,-0.15439004,-0.15109587,-0.10913184,-0.15422994,-0.05825615,-0.14326635,-0.17082691,-0.15433006,-0.18883844,-0.15442005,-0.31316653,-0.15441024,-0.16808087,-0.14331596,-0.15441269,-0.15774333,-0.25088155,-0.1544204,-0.22115314,-0.07562123,-0.086852394,-0.10702289,-0.060967896,-0.14786795,-0.16796505,-0.15746465,-0.22133875,-0.12812386,-0.0969081,-0.16398169,-0.12716047,-0.11335766,-0.18846886,-0.12964451,-0.17755464,-0.0994983,-0.115196005,-0.1543315,-0.11662802,-0.19749595,-0.14526704,-0.12781724,-0.096878245,-0.15433276,-0.157556,-0.12434345,-0.11230643,-0.063823454,-0.15426418,-0.11419349,-0.10007019,-0.24483351,-0.15442094,-0.1577349,-0.16344379,-0.1759062,-0.12524253,-0.15440688,-0.0782174,-0.19187105,-0.18185812,-0.09859173,-0.11065883,-0.15409383,-0.15743431,-0.083404,-0.1213824,-0.13072303,-0.13855581,-0.19385117,-0.15438446,-0.15774038,-0.19487974,-0.23847799,-0.2432746,-0.12931211,-0.15422243,-0.1577124,-0.14520228,-0.2961179,-0.15442024,-0.19813283,-0.12954994,-0.15435778,-0.060104962,-0.15931924,-0.15441847,-0.2028091,-0.2868003,-0.11816878,-0.14795661,-0.10060286,-0.15426666,-0.13614628,-0.20725825,-0.17393659,-0.125103,-0.15657571,-0.15690626,-0.15441713,-0.15774274,-0.16221246,-0.22200036,-0.12971452,-0.2814266,-0.15442133,-0.1915083,-0.24371436,-0.16952515,-0.1543329,-0.13369927,-0.12557748,-0.15441407,-0.18106565,-0.15442109,-0.18642783,-0.15436395,-0.30462334,-0.1543116,-0.14691104,-0.13029914,-0.15440853,-0.15773085,-0.18915205,-0.12963793,-0.15441343,-0.10481856,-0.1650517,-0.1544111,-0.15774468,-0.15771507,-0.12922256,-0.15431966,-0.15771131,-0.15770268,-0.15771376,-0.15772209,-0.16505513,-0.17392421,-0.15440673,-0.15773775,-0.15772781,-0.15773825,0.72482014,-0.15354379,-0.14723541,-0.15342109,-0.11499533,-0.10471026,-0.11893196,-0.15441038,-0.15766613,-0.12959948,-0.19501048,-0.15441795,-0.18738703,-0.11705899,-0.17429145,-0.15440819,-0.06652963,-0.15417352,-0.10737923,-0.124497145,-0.15298569,-0.052188452,-0.26007295
k__Bacteria|p__Firmicutes|c__Clostridia|o__Eubacteriales|f__Clostridiaceae|g__Clostridium|s__Clostridium_sartagoforme,-0.1004395,-0.12316422,-0.15539408,-0.15874547,-0.15874575,-0.23867357,-0.1666669,-0.16813041,-0.10929718,-0.22895765,-0.23728925,-0.15539885,-0.22850217,-0.3768707,-0.08556121,-0.15498884,-0.058144663,-0.15485844,-0.15868361,-0.19931981,-0.1978925,-0.13030955,-0.15536352,-0.12711628,-0.20043859,-0.11658599,-0.182019,-0.25032333,-0.1509206,-0.15536872,-0.15142563,-0.10844302,-0.18249588,-0.28454733,-0.15538563,-0.13050313,-0.15539646,-0.22338755,-0.15539922,-0.29867563,-0.15539928,-0.29356226,-0.12979412,-0.15525253,-0.13691942,-0.15539372,-0.23188588,-0.24781659,-0.1296162,-0.13050921,-0.24679694,-0.18279888,-0.25087595,-0.26027086,-0.28621647,-0.27511892,-0.11894142,-0.15531234,-0.040142577,-0.056944285,-0.15468049,-0.11274739,-0.13743341,-0.13039154,-0.15537772,-0.15874104,-0.15874553,-0.15874617,-0.27573854,-0.15535976,-0.13039407,-0.16243835,-0.12334165,-0.14074792,-0.15536511,-0.15887658,-0.14481027,-0.1304869,-0.18691605,-0.14998752,-0.15538722,-0.1587244,-0.15873566,-0.15866989,-0.120334074,-0.13700745,-0.08858878,-0.15538126,-0.19008024,-0.15539241,-0.2004665,-0.11139822,-0.1388583,-0.13027036,-0.1074974,-0.15152657,-0.15529612,-0.15842837,-0.10065024,-0.08152827,-0.09427856,-0.15534548,-0.11960925,-0.15027548,-0.16982608,-0.1185138,-0.15536258,-0.15873945,-0.17738779,-0.15176103,-0.1553953,-0.25953975,-0.17989698,-0.13525523,-0.15539247,-0.15095688,-0.17780018,-0.2009549,-0.1553724,-0.09015879,-0.1550987,-0.12151222,-0.121854745,-0.13997786,-0.21433522,-0.13908121,-0.16057305,-0.15532118,-0.07092635,-0.15476765,-0.15798438,-0.18733518,-0.1551427,-0.13037708,-0.12334781,-0.14100276,-0.15535218,-0.114095174,-0.25318068,-0.26654312,-0.12960395,-0.10945694,-0.15534323,-0.09238048,-0.20963459,-0.1553927,-0.15866333,-0.12988184,-0.15532196,-0.16015086,-0.1553517,-0.15539704,-0.19704957,-0.20616047,-0.12930542,-0.10460003,-0.11361031,-0.10256614,-0.15538964,-0.19495486,-0.15536578,-0.1297948,-0.15523666,-0.041086134,-0.12967405,-0.15539584,-0.2300741,-0.1553749,-0.10384405,-0.15398455,-0.0784167,-0.15525544,-0.12766197,-0.15527469,-0.121451,-0.075820275,-0.09192432,-0.101488546,-0.15513146,-0.15865165,-0.12378413,-0.15523893,-0.1410757,-0.13984437,-0.18093297,-0.15539822,-0.25777104,-0.12844054,-0.15530834,-0.13462572,-0.119081676,-0.15536907,-0.15874152,-0.15874317,-0.15874426,-0.19755594,-0.25103784,-0.20219928,-0.19465852,-0.24831252,-0.20506537,-0.22091979,-0.15538362,-0.13008486,-0.11956477,-0.15537861,-0.15873796,-0.20931396,-0.18224281,-0.15537027,-0.32474133,-0.15539637,-0.15874684,-0.15874578,-0.15874541,-0.2185038,-0.15536949,-0.114121355,-0.15537249,-0.15873215,-0.15873817,-0.22984435,-0.15539017,-0.15872124,-0.08963354,-0.15529074,-0.15869853,-0.15871629,-0.15871723,-0.13302092,-0.1051107,-0.14014931,-0.15141064,-0.15839578,-0.15615125,-0.14613561,-0.15538655,-0.12319561,-0.13046005,-0.155352,-0.15874669,-0.15874623,-0.15874621,-0.15874672,-0.38518023,-0.11451449,-0.1553589,-0.15564899,-0.14443555,-0.16636807,-0.15539187,-0.15867251,-0.12993515,-0.047159404,-0.14967066,-0.14016809,-0.14106366,-0.15525171,-0.19987361,-0.1649412,-0.17166539,-0.1553702,-0.15870526,-0.12722544,-0.14610182,-0.2588673,-0.130254,-0.15527219,-0.09132757,-0.12832497,-0.13684332,-0.16221203,-0.15659244,-0.12967663,-0.15514615,-0.15865463,-0.15870221,-0.15873504,-0.15740095,-0.19795567,-0.15106063,-0.07294749,-0.2039893,-0.15535975,-0.15870053,-0.104459345,-0.15500656,-0.17466888,-0.13176009,-0.15536636,-0.15109587,-0.10913184,-0.15520579,-0.05825615,-0.14326635,-0.17082691,-0.15530747,-0.18883844,-0.15539747,-0.31316653,-0.1553882,-0.16808087,-0.14331596,-0.15538996,-0.15874338,-0.25088155,-0.15539785,-0.22115314,-0.07562123,-0.086852394,-0.10702289,-0.060967896,-0.14896059,-0.16796505,-0.15746465,-0.22133875,-0.12812386,-0.0969081,-0.16398169,-0.12716047,-0.11335766,-0.18846886,-0.13045245,-0.17755464,-0.0994983,-0.115196005,-0.15530837,-0.11662802,-0.19749595,-0.14526704,-0.12781724,-0.096878245,-0.15530762,-0.15855299,-0.12434345,-0.11230643,-0.063823454,-0.15523931,-0.11419349,-0.10007019,-0.24483351,-0.15539834,-0.15873545,-0.16344379,-0.1759062,-0.12524253,-0.15538397,-0.0782174,-0.19187105,-0.18185812,-0.09859173,-0.11065883,-0.15506491,-0.15842955,-0.083404,-0.1213824,-0.13072303,-0.13855581,-0.19385117,-0.15536231,-0.15874027,-0.19487974,-0.23847799,-0.2432746,-0.13012472,-0.15519744,-0.15871242,-0.14520228,-0.2961179,-0.15539762,-0.19813283,-0.13035446,-0.15533528,-0.060104962,-0.15931924,-0.15539591,-0.2028091,-0.2868003,-0.11816878,-0.14795661,-0.10060286,-0.15524435,-0.13614628,-0.20725825,-0.17393659,-0.125103,-0.15657571,-0.15690626,-0.15539454,-0.15874264,-0.16221246,-0.22200036,-0.1305242,-0.2814266,-0.15539874,-0.1915083,-0.24371436,-0.16952515,-0.15531409,-0.13369927,-0.12557748,-0.1553915,-0.18106565,-0.15539849,-0.18642783,-0.15534396,-0.30462334,-0.15529047,-0.14691104,-0.13029914,-0.15538584,-0.15873054,-0.18915205,-0.13044466,-0.15539068,-0.10481856,-0.1650517,-0.15538865,-0.15874463,-0.15871653,-0.13003552,-0.15529504,-0.15871166,-0.15870258,-0.158714,-0.15872173,-0.16505513,-0.17392421,-0.15538423,-0.15873757,-0.15872774,-0.15873808,-0.2025511,-0.15354379,-0.14723541,-0.15442103,-0.11499533,-0.10471026,-0.11893196,-0.15538773,-0.1586695,-0.13040395,-0.19501048,-0.15539542,-0.18738703,-0.11705899,-0.17429145,-0.15538606,-0.06652963,-0.15514472,-0.10737923,-0.124497145,-0.15298569,-0.052188452,-0.26007295
k__Bacteria|p__Firmicutes|c__CFGB75783|o__OFGB75783|f__FGB75783|g__GGB3579|s__GGB3579_SGB47659,-0.1004395,-0.12316422,-0.1549907,-0.15828893,-0.1582892,-0.23867357,-0.1666669,-0.16813041,-0.10929718,-0.22895765,-0.23728925,-0.15499568,-0.22850217,-0.3768707,-0.08556121,-0.15457754,-0.058144663,-0.1544455,-0.15822428,-0.19931981,-0.1978925,-0.13030156,-0.15495911,-0.12711628,-0.20043859,-0.11658599,-0.182019,-0.25032333,-0.1509206,-0.15496399,-0.15142563,-0.10844302,-0.18249588,-0.28454733,-0.15498164,-0.13049535,-0.1549932,-0.22338755,-0.15499607,-0.29867563,-0.15499613,-0.29356226,-0.12978902,-0.15484151,-0.13691942,-0.15499038,-0.23188588,-0.24781659,-0.1296162,-0.13050152,-0.24679694,-0.18279888,-0.25087595,-0.26027086,-0.28621647,-0.27511892,-0.11894142,-0.15490606,-0.040142577,-0.056944285,-0.15424217,-0.11274739,-0.13743341,-0.13038206,-0.15497339,-0.15828437,-0.15828896,-0.15828964,-0.27573854,-0.15495369,-0.1303845,-0.16243835,-0.12334165,-0.14074792,-0.15496078,-0.15887658,-0.14481027,-0.13047966,-0.18691605,-0.14998752,-0.15498361,-0.15826699,-0.15827854,-0.15820703,-0.120334074,-0.13700745,-0.08858878,-0.1549775,-0.19008024,-0.15498903,-0.2004665,-0.11139822,-0.1388583,-0.13027036,-0.1074974,-0.15152657,-0.15488958,-0.15795541,-0.10065024,-0.08152827,-0.09427856,-0.15494058,-0.11960925,-0.15027548,-0.16982608,-0.1185138,-0.15495747,-0.15828268,-0.17738779,-0.15176103,-0.15499195,-0.25953975,-0.17989698,-0.13525523,-0.15498911,-0.15095688,-0.17780018,-0.2009549,-0.15496674,-0.09015879,-0.15468746,-0.12151222,-0.121854745,-0.13997786,-0.21433522,-0.13908121,-0.16057305,-0.15491557,-0.07092635,-0.15434273,-0.15748027,-0.18733518,-0.15472034,-0.1303708,-0.12334781,-0.14100276,-0.15494734,-0.114095174,-0.25318068,-0.26654312,-0.12959398,-0.10945694,-0.15493831,-0.09238048,-0.20963459,-0.15498933,-0.15819898,-0.1298683,-0.15491542,-0.16015086,-0.1553517,-0.1549938,-0.19704957,-0.20616047,-0.12930867,-0.10460003,-0.11361031,-0.10256614,-0.1549862,-0.19495486,-0.15496059,-0.12979124,-0.15482917,-0.041086134,-0.12967405,-0.15499246,-0.2300741,-0.1549699,-0.10384405,-0.15353002,-0.0784167,-0.15484619,-0.12766197,-0.15486728,-0.121451,-0.075820275,-0.09192432,-0.101488546,-0.15471938,-0.1581924,-0.12378413,-0.15482628,-0.1410757,-0.13984437,-0.18093297,-0.15499505,-0.25777104,-0.12844054,-0.15489909,-0.13462572,-0.119081676,-0.15496515,-0.15828481,-0.15828651,-0.15828764,-0.19755594,-0.25103784,-0.20219928,-0.19465852,-0.24831252,-0.20506537,-0.22091979,-0.15497929,-0.13007611,-0.11956477,-0.15497482,-0.15828106,-0.20931396,-0.18224281,-0.1549649,-0.32474133,-0.15499313,-0.15829036,-0.15828925,-0.15828887,-0.2185038,-0.15496387,-0.114121355,-0.15496773,-0.15827458,-0.15828128,-0.22984435,-0.15498677,-0.15826201,-0.08963354,-0.15488294,-0.15824078,-0.15825829,-0.15826008,-0.13302092,-0.1051107,-0.14014931,-0.15141064,-0.15839578,-0.15615125,-0.14613561,-0.15498313,-0.12319561,-0.13045117,-0.15494616,-0.15829018,-0.1582897,-0.1582897,-0.15829022,-0.38518023,-0.11451449,-0.15495408,-0.15564899,-0.14443555,-0.16636807,-0.15498835,-0.15820964,-0.12993515,-0.047159404,-0.14892827,-0.14016809,-0.14106366,-0.1548422,-0.19987361,-0.1649412,-0.17166539,-0.15496607,-0.15824798,-0.12722544,-0.14610182,-0.2588673,-0.13024916,-0.1548653,-0.09132757,-0.12832497,-0.13684332,-0.16221203,-0.15659244,-0.1296412,-0.15473151,-0.1581949,-0.15824425,-0.15827814,-0.15740095,-0.19795567,-0.15106063,-0.07294749,-0.2039893,-0.15495464,-0.15824299,-0.104459345,-0.15457809,-0.17466888,-0.13176009,-0.15496251,-0.15109587,-0.10913184,-0.15479577,-0.05825615,-0.14326635,-0.17082691,-0.15490022,-0.18883844,-0.15499423,-0.31316653,-0.15498409,-0.16808087,-0.14331596,-0.1549865,-0.15828666,-0.25088155,-0.1549946,-0.22115314,-0.07562123,-0.086852394,-0.10702289,-0.060967896,-0.1481874,-0.16796505,-0.15746465,-0.22133875,-0.12812386,-0.0969081,-0.16398169,-0.12716047,-0.11335766,-0.18846886,-0.13044393,-0.17755464,-0.0994983,-0.115196005,-0.15490156,-0.11662802,-0.19749595,-0.14526704,-0.12781724,-0.096878245,-0.15490225,-0.15809011,-0.12434345,-0.11230643,-0.063823454,-0.15483072,-0.11419349,-0.10007019,-0.24483351,-0.15499514,-0.15827784,-0.16344379,-0.1759062,-0.12524253,-0.15498036,-0.0782174,-0.19187105,-0.18185812,-0.09859173,-0.11065883,-0.15465173,-0.15796262,-0.083404,-0.1213824,-0.13072303,-0.13855581,-0.19385117,-0.15495718,-0.15828353,-0.19487974,-0.23847799,-0.2432746,-0.1301049,-0.15478723,-0.15825436,-0.14520228,-0.2961179,-0.15499441,-0.19813283,-0.13034639,-0.15492925,-0.060104962,-0.15931924,-0.15499258,-0.2028091,-0.2868003,-0.11816878,-0.14795661,-0.10060286,-0.15483412,-0.13614628,-0.20725825,-0.17393659,-0.125103,-0.15657571,-0.15690626,-0.15499118,-0.15828599,-0.16221246,-0.22200036,-0.13051681,-0.2814266,-0.15499556,-0.1915083,-0.24371436,-0.16952515,-0.15490386,-0.13369927,-0.12557748,-0.15498796,-0.18106565,-0.1549953,-0.18642783,-0.15493616,-0.30462334,-0.15488142,-0.14691104,-0.13029914,-0.15498215,-0.1582735,-0.18915205,-0.1304364,-0.15498725,-0.10481856,-0.1650517,-0.15498494,-0.15828805,-0.15825704,-0.13001144,-0.15488878,-0.1582533,-0.15824416,-0.15825585,-0.15826431,-0.16505513,-0.17392421,-0.15498033,-0.15828076,-0.15827042,-0.15828128,-0.2025511,-0.15354379,-0.14723541,-0.15395808,-0.11499533,-0.10471026,-0.11893196,-0.1549841,-0.15820634,-0.13039611,-0.19501048,-0.15499204,-0.18738703,-0.11705899,-0.17429145,-0.15498163,-0.06652963,-0.15473533,-0.10737923,-0.124497145,-0.15298569,-0.052188452,-0.26007295
k__Bacteria|p__Firmicutes|c__Clostridia|o__Eubacteriales|f__Lachnospiraceae|g__Blautia|s__Blautia_pseudococcoides,-0.1004395,-0.12316422,-0.15497354,-0.15837622,-0.15837651,-0.23867357,-0.1666669,-0.16813041,-0.10929718,-0.22895765,-0.23728925,-0.15497911,-0.22850217,-0.3768707,-0.08556121,-0.15451708,-0.058144663,-0.15436879,-0.15830436,-0.19931981,-0.1978925,-0.12949431,-0.15493846,-0.12711628,-0.20043859,-0.11658599,-0.182019,-0.25032333,-0.1509206,-0.15494373,-0.15142563,-0.10844302,-0.18249588,-0.28454733,-0.15496364,-0.1297035,-0.15497634,-0.22338755,-0.15497953,-0.29867563,-0.15497959,-0.29356226,-0.12893379,-0.15480699,-0.13691942,-0.1549732,-0.23188588,-0.24781659,-0.1296162,-0.12970994,-0.24679694,-0.18279888,-0.25087595,-0.26027086,-0.28621647,-0.27511892,-0.11894142,-0.15487969,-0.040142577,-0.056944285,-0.15413588,-0.11274739,-0.13743341,-0.1295817,-0.1549542,-0.15837114,-0.15837625,-0.158377,-0.27573854,-0.15493345,-0.1295826,-0.16243835,-0.12334165,-0.14074792,-0.15494017,-0.15887658,-0.14481027,-0.12968639,-0.18691605,-0.14998752,-0.15496567,-0.15835178,-0.15836461,-0.15828742,-0.120334074,-0.13700745,-0.08858878,-0.15495884,-0.19008024,-0.15497169,-0.2004665,-0.11139822,-0.1388583,-0.13027036,-0.1074974,-0.15152657,-0.1548611,-0.15802163,-0.10065024,-0.08152827,-0.09427856,-0.15491797,-0.11960925,-0.15027548,-0.16982608,-0.1185138,-0.15493658,-0.15836926,-0.17738779,-0.15176103,-0.15497494,-0.25953975,-0.17989698,-0.13525523,-0.15497178,-0.15095688,-0.17780018,-0.2009549,-0.1549473,-0.09015879,-0.15463698,-0.12151222,-0.121854745,-0.13997786,-0.21433522,-0.13908121,-0.16057305,-0.15489025,-0.07092635,-0.15425372,-0.1574687,-0.18733518,-0.15467095,-0.12957048,-0.12334781,-0.14100276,-0.15492535,-0.114095174,-0.25318068,-0.26654312,-0.12874219,-0.10945694,-0.15491533,-0.09238048,-0.20963459,-0.15497202,-0.15827662,-0.129035,-0.15488997,-0.16015086,-0.1553517,-0.154977,-0.19704957,-0.20616047,-0.12840092,-0.10460003,-0.11361031,-0.10256614,-0.15496856,-0.19495486,-0.15494083,-0.12894687,-0.15479425,-0.041086134,-0.12967405,-0.15497547,-0.2300741,-0.15495098,-0.10384405,-0.15336198,-0.0784167,-0.15481365,-0.12766197,-0.15483642,-0.121451,-0.075820275,-0.09192432,-0.101488546,-0.15467289,-0.15826908,-0.12378413,-0.15479529,-0.1410757,-0.13984437,-0.18093297,-0.15497836,-0.25777104,-0.12844054,-0.15487418,-0.13462572,-0.119081676,-0.15494527,-0.15837166,-0.15837352,-0.1583748,-0.19755594,-0.25103784,-0.20219928,-0.19465852,-0.24831252,-0.20506537,-0.22091979,-0.15496099,-0.1292596,-0.11956477,-0.15495592,-0.15836746,-0.20931396,-0.18224281,-0.15494531,-0.32474133,-0.15497623,-0.15837781,-0.15837659,-0.15837616,-0.2185038,-0.15494461,-0.114121355,-0.15494795,-0.15836011,-0.15836772,-0.22984435,-0.1549692,-0.15834747,-0.08963354,-0.15485391,-0.15832283,-0.15834197,-0.1583442,-0.13302092,-0.1051107,-0.14014931,-0.15141064,-0.15839578,-0.15615125,-0.14613561,-0.15496516,-0.12319561,-0.12965462,-0.15492359,-0.1583776,-0.15837707,-0.15837708,-0.15837765,-0.38518023,-0.11451449,-0.15493271,-0.15564899,-0.14443555,-0.16636807,-0.15497085,-0.158288,-0.12993515,-0.047159404,-0.14816803,-0.14016809,-0.14106366,-0.15480763,-0.19987361,-0.1649412,-0.17166539,-0.15494612,-0.15833078,-0.12722544,-0.14610182,-0.2588673,-0.12944211,-0.15483454,-0.09132757,-0.12832497,-0.13684332,-0.16221203,-0.15659244,-0.12880719,-0.15468657,-0.15827185,-0.15832666,-0.15836424,-0.15740095,-0.19795567,-0.15106063,-0.07294749,-0.2039893,-0.15493324,-0.15832546,-0.104459345,-0.15454724,-0.17466888,-0.13176009,-0.15494227,-0.15109587,-0.10913184,-0.15475795,-0.05825615,-0.14326635,-0.17082691,-0.15487254,-0.18883844,-0.15497747,-0.31316653,-0.15496616,-0.16808087,-0.14331596,-0.15496886,-0.15837368,-0.25088155,-0.15497789,-0.22115314,-0.07562123,-0.086852394,-0.10702289,-0.060967896,-0.14734459,-0.16796505,-0.15746465,-0.22133875,-0.12812386,-0.0969081,-0.16398169,-0.12716047,-0.11335766,-0.18846886,-0.12964788,-0.17755464,-0.0994983,-0.115196005,-0.1548742,-0.11662802,-0.19749595,-0.14526704,-0.12781724,-0.096878245,-0.15487555,-0.15815562,-0.12434345,-0.11230643,-0.063823454,-0.15479642,-0.11419349,-0.10007019,-0.24483351,-0.15497848,-0.15836406,-0.16344379,-0.1759062,-0.12524253,-0.15496203,-0.0782174,-0.19187105,-0.18185812,-0.09859173,-0.11065883,-0.15459684,-0.15801328,-0.083404,-0.1213824,-0.13072303,-0.13855581,-0.19385117,-0.15493606,-0.15837023,-0.19487974,-0.23847799,-0.2432746,-0.12927827,-0.15474732,-0.15833762,-0.14520228,-0.2961179,-0.15497766,-0.19813283,-0.12954411,-0.15490511,-0.060104962,-0.15931924,-0.15497562,-0.2028091,-0.2868003,-0.11816878,-0.14795661,-0.10060286,-0.15479892,-0.13614628,-0.20725825,-0.17393659,-0.125103,-0.15657571,-0.15690626,-0.15497406,-0.15837295,-0.16221246,-0.22200036,-0.12972683,-0.2814266,-0.15497896,-0.1915083,-0.24371436,-0.16952515,-0.15487918,-0.13369927,-0.12557748,-0.15497047,-0.18106565,-0.15497869,-0.18642783,-0.1549134,-0.30462334,-0.15485108,-0.14691104,-0.13029914,-0.154964,-0.15835908,-0.18915205,-0.12963977,-0.15496972,-0.10481856,-0.1650517,-0.15496705,-0.15837523,-0.15834159,-0.12919366,-0.15486029,-0.15833642,-0.15832637,-0.15833926,-0.15834904,-0.16505513,-0.17392421,-0.15496196,-0.15836713,-0.15835556,-0.15836772,-0.2025511,-0.15354379,-0.14723541,-0.15381464,-0.11499533,-0.10471026,-0.11893196,-0.15496618,-0.1582857,-0.12959602,-0.19501048,-0.15497501,-0.18738703,-0.11705899,-0.17429145,-0.15496406,-0.06652963,-0.15469068,-0.10737923,-0.124497145,-0.15298569,-0.052188452,-0.26007295
k__Bacteria|p__Firmicutes|c__Negativicutes|o__Acidaminococcales|f__Acidaminococcaceae|g__Phascolarctobacterium|s__Phascolarctobacterium_succinatutens,-0.1004395,-0.12316422,-0.15380172,-0.15711936,-0.15711963,-0.23867357,-0.1666669,-0.16813041,-0.10929718,-0.22895765,-0.23728925,-0.15380657,-0.22850217,2.2277913,-0.08556121,-0.15340385,-0.058144663,-0.15326965,-0.15705669,-0.19931981,-0.1978925,-0.12898105,-0.15377103,-0.12711628,-0.20043859,-0.11658599,-0.182019,-0.25032333,-0.1509206,-0.15377593,-0.15142563,-0.10844302,-0.18249588,-0.28454733,-0.15379335,-0.12916267,-0.15380415,-0.22338755,-0.15380694,-0.29867563,-0.15380701,-0.29356226,-0.12849674,-0.15365757,-0.13691942,-0.15380141,-0.23188588,-0.24781659,-0.1296162,-0.1291684,-0.24679694,-0.18279888,-0.25087595,-0.26027086,-0.28621647,-0.27511892,-0.11894142,-0.1537196,-0.040142577,-0.056944285,-0.15307465,-0.11274739,-0.13743341,-0.12905703,-0.153785,-0.15711491,-0.1571194,-0.15712005,-0.27573854,-0.15376754,-0.12905806,-0.16243835,-0.12334165,-0.14074792,-0.15377256,-0.15887658,-0.14481027,-0.1291475,-0.18691605,-0.14998752,-0.15379484,-0.15709803,-0.15710932,-0.15704443,-0.120334074,-0.13700745,-0.08858878,-0.15378883,-0.19008024,-0.15380009,-0.2004665,-0.11139822,-0.1388583,-0.13027036,-0.1074974,-0.15152657,-0.1537033,-0.15682259,-0.10065024,-0.08152827,-0.09427856,-0.15375301,-0.11960925,-0.15027548,-0.16982608,-0.1185138,-0.15376966,-0.15711328,-0.17738779,-0.15176103,-0.15380296,-0.25953975,-0.17989698,-0.13525523,-0.15380016,-0.15095688,-0.17780018,-0.2009549,-0.15377973,-0.09015879,-0.15350631,-0.12151222,-0.121854745,-0.13997786,-0.21433522,-0.13908121,-0.16057305,-0.15372872,-0.07092635,-0.15317431,-0.15633743,-0.18733518,-0.15354376,-0.12904672,-0.12334781,-0.14100276,-0.15375951,-0.114095174,-0.25318068,-0.26654312,-0.12834197,-0.10945694,-0.1537507,-0.09238048,-0.20963459,-0.15380037,-0.15703502,-0.12859099,-0.15372896,-0.16015086,-0.1553517,-0.15380475,-0.19704957,-0.20616047,-0.12803525,-0.10460003,-0.11361031,-0.10256614,-0.15379733,-0.19495486,-0.15377377,-0.12851961,-0.15364471,-0.041086134,-0.12967405,-0.15380347,-0.2300741,-0.15378253,-0.10384405,-0.15239906,-0.0784167,-0.15366215,-0.12766197,-0.15368177,-0.121451,-0.075820275,-0.09192432,-0.101488546,-0.15353869,-0.15702537,-0.12378413,-0.15365133,-0.1410757,-0.13984437,-0.18093297,-0.15380594,-0.25777104,-0.12844054,-0.15371653,-0.13462572,-0.119081676,-0.1537768,-0.15711537,-0.15711701,-0.15711813,-0.19755594,-0.25103784,-0.20219928,-0.19465852,-0.24831252,-0.20506537,-0.22091979,-0.15379104,-0.12878397,-0.11956477,-0.15378624,-0.15711173,-0.20931396,-0.18224281,-0.15377766,-0.32474133,-0.15380408,-0.15712076,-0.15711966,-0.1571193,-0.2185038,-0.15377682,-0.114121355,-0.15377958,-0.15710557,-0.15711197,-0.22984435,-0.15379788,-0.15709445,-0.08963354,-0.15369728,-0.15707237,-0.15708962,-0.15709116,-0.13302092,-0.1051107,-0.14014931,-0.15141064,-0.15839578,-0.15615125,-0.14613561,-0.15379429,-0.12319561,-0.12912023,-0.15375857,-0.15712059,-0.15712011,-0.15712011,-0.15712062,-0.38518023,-0.11451449,-0.15376613,-0.15564899,-0.14443555,-0.16636807,-0.15379944,-0.15704414,-0.12993515,-0.047159404,-0.14793059,-0.14016809,-0.14106366,-0.15365726,-0.19987361,-0.1649412,-0.17166539,-0.15377772,-0.15707926,-0.12722544,-0.14610182,-0.2588673,-0.12893829,-0.15368,-0.09132757,-0.12832497,-0.13684332,-0.16221203,-0.15659244,-0.1284046,-0.15355164,-0.15702799,-0.15707591,-0.15710886,-0.15740095,-0.19795567,-0.15106063,-0.07294749,-0.2039893,-0.15376678,-0.1570746,-0.104459345,-0.15344603,-0.17466888,-0.13176009,-0.15377413,-0.15109587,-0.10913184,-0.15361373,-0.05825615,-0.14326635,-0.17082691,-0.15371381,-0.18883844,-0.15380517,-0.31316653,-0.15379554,-0.16808087,-0.14331596,-0.15379763,-0.15711719,-0.25088155,-0.15380552,-0.22115314,-0.07562123,-0.086852394,-0.10702289,-0.060967896,-0.14720832,-0.16796505,-0.15746465,-0.22133875,-0.12812386,-0.0969081,-0.16398169,-0.12716047,-0.11335766,-0.18846886,-0.12911463,-0.17755464,-0.0994983,-0.115196005,-0.15371512,-0.11662802,-0.19749595,-0.14526704,-0.12781724,-0.096878245,-0.15371543,-0.15692635,-0.12434345,-0.11230643,-0.063823454,-0.1536468,-0.11419349,-0.10007019,-0.24483351,-0.15380606,-0.1571091,-0.16344379,-0.1759062,-0.12524253,-0.1537916,-0.0782174,-0.19187105,-0.18185812,-0.09859173,-0.11065883,-0.15347198,-0.15680215,-0.083404,-0.1213824,-0.13072303,-0.13855581,-0.19385117,-0.15376928,-0.15711412,-0.19487974,-0.23847799,-0.2432746,-0.12879865,-0.15360405,-0.1570858,-0.14520228,-0.2961179,-0.15380533,-0.19813283,-0.12902422,-0.15374222,-0.060104962,-0.15931924,-0.15380356,-0.2028091,-0.2868003,-0.11816878,-0.14795661,-0.10060286,-0.15364996,-0.13614628,-0.20725825,-0.17393659,-0.125103,-0.15657571,-0.15690626,-0.15380219,-0.15711652,-0.16221246,-0.22200036,-0.12918319,-0.2814266,-0.15380646,-0.1915083,-0.24371436,-0.16952515,-0.15372154,-0.13369927,-0.12557748,-0.15379909,-0.18106565,-0.15380621,-0.18642783,-0.15375057,-0.30462334,-0.15369575,-0.14691104,-0.13029914,-0.15379342,-0.15710431,-0.18915205,-0.12910698,-0.15379837,-0.10481856,-0.1650517,-0.15379617,-0.1571185,-0.15709011,-0.12873319,-0.1537025,-0.15708487,-0.15707588,-0.15708728,-0.15709552,-0.16505513,-0.17392421,-0.1537917,-0.15711139,-0.15710136,-0.15711191,-0.2025511,-0.15354379,-0.14723541,-0.152802,-0.11499533,-0.10471026,-0.11893196,-0.15379533,-0.15704258,-0.1290685,-0.19501048,-0.15380305,-0.18738703,-0.11705899,-0.17429145,-0.15379387,-0.06652963,-0.15355386,-0.10737923,-0.124497145,-0.15298569,-0.052188452,-0.26007295
k__Bacteria|p__Firmicutes|c__Clostridia|o__Eubacteriales|f__Oscillospiraceae|g__Pseudoflavonifractor|s__Pseudoflavonifractor_sp_An184,-0.1004395,-0.12316422,-0.15572682,-0.15903756,-0.15903902,-0.23867357,-0.1666669,-0.16813041,-0.10929718,-0.22895765,-0.23728925,-0.15574503,-0.22850217,1.1722971,-0.08556121,-0.15413663,-0.058144663,-0.15340617,-0.15879631,-0.19931981,-0.1978925,-0.13028692,-0.15559995,-0.12711628,-0.20043859,-0.11658599,-0.182019,-0.25032333,-0.1509206,-0.15562975,-0.15142563,-0.10844302,-0.18249588,-0.28454733,-0.15569654,-0.13112201,-0.15573521,-0.22338755,-0.15574658,-0.29867563,-0.15574689,-0.29356226,-0.12802765,-0.15520346,-0.13691942,-0.15572333,-0.23188588,-0.24781659,-0.1296162,-0.13115437,-0.24679694,-0.18279888,-0.25087595,-0.26027086,-0.28621647,-0.27511892,-0.11894142,-0.15539375,-0.040142577,-0.056944285,-0.15300766,-0.11274739,-0.13743341,-0.1306684,-0.15566686,-0.15901917,-0.15903848,-0.15904059,-0.27573854,-0.15561052,-0.13067576,-0.16243835,-0.12334165,-0.14074792,-0.1556068,-0.15887658,-0.14481027,-0.1310497,-0.18691605,-0.14998752,-0.15569773,-0.15895306,-0.15900204,-0.15879431,-0.120334074,-0.13700745,-0.08858878,-0.1556727,-0.19008024,-0.15571852,-0.2004665,-0.11139822,-0.1388583,-0.13027036,-0.1074974,-0.15152657,-0.15531969,-0.15802413,-0.10065024,-0.08152827,-0.09427856,-0.15552238,-0.11960925,-0.15027548,-0.16982608,-0.1185138,-0.15560737,-0.15901315,-0.17738779,-0.15176103,-0.15573126,-0.25953975,-0.17989698,-0.13525523,-0.15571842,-0.15095688,-0.17780018,-0.2009549,-0.15566477,-0.09015879,-0.15447563,-0.12151222,-0.121854745,-0.13997786,-0.21433522,-0.13908121,-0.16057305,-0.15541977,-0.07092635,-0.15323302,-0.15636447,-0.18733518,-0.15491956,-0.13061781,-0.12334781,-0.14100276,-0.15555373,-0.114095174,-0.25318068,-0.26654312,-0.12742774,-0.10945694,-0.15551251,-0.09238048,-0.20963459,-0.15571943,-0.1587852,-0.12856902,-0.15544875,-0.16015086,-0.1553517,-0.15573788,-0.19704957,-0.20616047,-0.12628774,-0.10460003,-0.11361031,-0.10256614,-0.15570542,-0.19495486,-0.15561727,-0.12830228,-0.15506771,-0.041086134,-0.12967405,-0.15573469,-0.2300741,-0.15565462,-0.10384405,-0.15016723,-0.0784167,-0.1551804,-0.12766197,-0.15523708,-0.121451,-0.075820275,-0.09192432,-0.101488546,-0.15464953,-0.1586437,-0.12378413,-0.15524215,-0.1410757,-0.13984437,-0.18093297,-0.1557425,-0.25777104,-0.12844054,-0.15541528,-0.13462572,-0.119081676,-0.15561672,-0.15902197,-0.15902855,-0.15903303,-0.19755594,-0.25103784,-0.20219928,-0.19465852,-0.24831252,-0.20506537,-0.22091979,-0.15569079,-0.12945133,-0.11956477,-0.15565938,-0.15900816,-0.20931396,-0.18224281,-0.15564439,-0.32474133,-0.15573439,-0.15904328,-0.15903884,-0.15903723,-0.2185038,-0.15564664,-0.114121355,-0.15564874,-0.15899417,-0.15900914,-0.22984435,-0.1557076,-0.15896362,-0.08963354,-0.15532142,-0.15883504,-0.15892687,-0.15891463,-0.13302092,-0.1051107,-0.14014931,-0.15141064,-0.15839578,-0.15615125,-0.14613561,-0.15569086,-0.12319561,-0.13094877,-0.15557393,-0.15904269,-0.15904102,-0.15904084,-0.1590428,-0.38518023,-0.11451449,-0.1555858,-0.15564899,-0.14443555,-0.16636807,-0.15571904,-0.15879615,-0.12993515,-0.047159404,-0.13534215,-0.14016809,-0.14106366,-0.155165,-0.19987361,-0.1649412,-0.17166539,-0.15562625,-0.15885857,-0.12722544,-0.14610182,-0.2588673,-0.13007525,-0.15522096,-0.09132757,-0.12832497,-0.13684332,-0.16221203,-0.15659244,-0.12778807,-0.15477404,-0.15866552,-0.15885702,-0.15899459,-0.15740095,-0.19795567,-0.15106063,-0.07294749,-0.2039893,-0.1555962,-0.1588412,-0.104459345,-0.15459695,-0.17466888,-0.13176009,-0.15560237,-0.15109587,-0.10913184,-0.15498519,-0.05825615,-0.14326635,-0.17082691,-0.15538731,-0.18883844,-0.15574014,-0.31316653,-0.15571117,-0.16808087,-0.14331596,-0.1557087,-0.15903088,-0.25088155,-0.15574172,-0.22115314,-0.07562123,-0.086852394,-0.10702289,-0.060967896,-0.13234642,-0.16796505,-0.15746465,-0.22133875,-0.12812386,-0.0969081,-0.16398169,-0.12716047,-0.11335766,-0.18846886,-0.13090701,-0.17755464,-0.0994983,-0.115196005,-0.15538466,-0.11662802,-0.19749595,-0.14526704,-0.12781724,-0.096878245,-0.15535244,-0.15824655,-0.12434345,-0.11230643,-0.063823454,-0.15509877,-0.11419349,-0.10007019,-0.24483351,-0.15574288,-0.15900463,-0.16344379,-0.1759062,-0.12524253,-0.1556824,-0.0782174,-0.19187105,-0.18185812,-0.09859173,-0.11065883,-0.1543546,-0.15774563,-0.083404,-0.1213824,-0.13072303,-0.13855581,-0.19385117,-0.1556083,-0.1590164,-0.19487974,-0.23847799,-0.2432746,-0.12953746,-0.15492722,-0.15890975,-0.14520228,-0.2961179,-0.15573996,-0.19813283,-0.13050087,-0.1555,-0.060104962,-0.15931924,-0.15573421,-0.2028091,-0.2868003,-0.11816878,-0.14795661,-0.10060286,-0.15514883,-0.13614628,-0.20725825,-0.17393659,-0.125103,-0.15657571,-0.15690626,-0.15572844,-0.15902594,-0.16221246,-0.22200036,-0.13121766,-0.2814266,-0.15574485,-0.1915083,-0.24371436,-0.16952515,-0.15546325,-0.13369927,-0.12557748,-0.15571687,-0.18106565,-0.1557436,-0.18642783,-0.15556511,-0.30462334,-0.15534341,-0.14691104,-0.13029914,-0.15569305,-0.1589754,-0.18915205,-0.13086107,-0.15571132,-0.10481856,-0.1650517,-0.15570748,-0.1590347,-0.15894246,-0.12917468,-0.15531236,-0.1589124,-0.1588696,-0.15891984,-0.1589415,-0.16505513,-0.17392421,-0.15568934,-0.15900475,-0.15896773,-0.15900685,-0.2025511,-0.15354379,-0.14723541,-0.15226215,-0.11499533,-0.10471026,-0.11893196,-0.15570074,-0.15878098,-0.13067533,-0.19501048,-0.155733,-0.18738703,-0.11705899,-0.17429145,-0.15569875,-0.06652963,-0.15469429,-0.10737923,-0.124497145,-0.15298569,-0.052188452,-0.26007295
k__Bacteria|p__Firmicutes|c__Clostridia|o__Eubacteriales|f__Lachnospiraceae|g__Lachnospiraceae_unclassified|s__Lachnospiraceae_unclassified_SGB65957,-0.1004395,-0.12316422,-0.15389104,-0.1572124,-0.15721267,-0.23867357,-0.1666669,-0.16813041,-0.10929718,-0.22895765,-0.23728925,-0.15389574,-0.22850217,1.9347862,-0.08556121,-0.15350443,-0.058144663,-0.15337464,-0.15715176,-0.19931981,-0.1978925,-0.12904455,-0.15386127,-0.12711628,-0.20043859,-0.11658599,-0.182019,-0.25032333,-0.1509206,-0.15386596,-0.15142563,-0.10844302,-0.18249588,-0.28454733,-0.15388288,-0.12922385,-0.15389338,-0.22338755,-0.1538961,-0.29867563,-0.15389615,-0.29356226,-0.12856726,-0.15375137,-0.13691942,-0.1538907,-0.23188588,-0.24781659,-0.1296162,-0.12922958,-0.24679694,-0.18279888,-0.25087595,-0.26027086,-0.28621647,-0.27511892,-0.11894142,-0.1538115,-0.040142577,-0.056944285,-0.15318619,-0.11274739,-0.13743341,-0.12912025,-0.15387483,-0.15720809,-0.15721244,-0.15721306,-0.27573854,-0.15385757,-0.12912126,-0.16243835,-0.12334165,-0.14074792,-0.15386273,-0.15887658,-0.14481027,-0.12920931,-0.18691605,-0.14998752,-0.15388435,-0.15719172,-0.15720268,-0.15713899,-0.120334074,-0.13700745,-0.08858878,-0.15387854,-0.19008024,-0.15388943,-0.2004665,-0.11139822,-0.1388583,-0.13027036,-0.1074974,-0.15152657,-0.15379554,-0.15691836,-0.10065024,-0.08152827,-0.09427856,-0.15384379,-0.11960925,-0.15027548,-0.16982608,-0.1185138,-0.15385994,-0.1572065,-0.17738779,-0.15176103,-0.15389222,-0.25953975,-0.17989698,-0.13525523,-0.1538895,-0.15095688,-0.17780018,-0.2009549,-0.15386955,-0.09015879,-0.15360458,-0.12151222,-0.121854745,-0.13997786,-0.21433522,-0.13908121,-0.16057305,-0.15382019,-0.07092635,-0.15328173,-0.15645438,-0.18733518,-0.1536398,-0.12911159,-0.12334781,-0.14100276,-0.15385014,-0.114095174,-0.25318068,-0.26654312,-0.12839785,-0.10945694,-0.15384153,-0.09238048,-0.20963459,-0.15388972,-0.1571298,-0.12864937,-0.1538205,-0.16015086,-0.1553517,-0.15389395,-0.19704957,-0.20616047,-0.12810852,-0.10460003,-0.11361031,-0.10256614,-0.15388677,-0.19495486,-0.15386353,-0.12857123,-0.15373847,-0.041086134,-0.12967405,-0.1538927,-0.2300741,-0.15387216,-0.10384405,-0.15252778,-0.0784167,-0.15375575,-0.12766197,-0.1537747,-0.121451,-0.075820275,-0.09192432,-0.101488546,-0.15363614,-0.15712127,-0.12378413,-0.15374434,-0.1410757,-0.13984437,-0.18093297,-0.15389511,-0.25777104,-0.12844054,-0.15380767,-0.13462572,-0.119081676,-0.15386686,-0.15720853,-0.15721014,-0.15721121,-0.19755594,-0.25103784,-0.20219928,-0.19465852,-0.24831252,-0.20506537,-0.22091979,-0.15388061,-0.12884206,-0.11956477,-0.153876,-0.15720502,-0.20931396,-0.18224281,-0.15386757,-0.32474133,-0.15389329,-0.15721375,-0.1572127,-0.15721235,-0.2185038,-0.153867,-0.114121355,-0.15386961,-0.15719904,-0.15720522,-0.22984435,-0.15388727,-0.15718865,-0.08963354,-0.15379003,-0.15716687,-0.15718359,-0.15718505,-0.13302092,-0.1051107,-0.14014931,-0.15141064,-0.15839578,-0.15615125,-0.14613561,-0.15388381,-0.12319561,-0.12918232,-0.1538492,-0.15721357,-0.15721312,-0.15721312,-0.15721363,-0.38518023,-0.11451449,-0.15385652,-0.15564899,-0.14443555,-0.16636807,-0.15388879,-0.15713918,-0.12993515,-0.047159404,-0.14819862,-0.14016809,-0.14106366,-0.15375094,-0.19987361,-0.1649412,-0.17166539,-0.15386775,-0.1571735,-0.12722544,-0.14610182,-0.2588673,-0.12899841,-0.15377295,-0.09132757,-0.12832497,-0.13684332,-0.16221203,-0.15659244,-0.12845144,-0.153649,-0.1571239,-0.15717028,-0.15720223,-0.15740095,-0.19795567,-0.15106063,-0.07294749,-0.2039893,-0.15385714,-0.15716901,-0.104459345,-0.153534,-0.17466888,-0.13176009,-0.15386426,-0.15109587,-0.10913184,-0.1537086,-0.05825615,-0.14326635,-0.17082691,-0.15380584,-0.18883844,-0.15389435,-0.31316653,-0.15388502,-0.16808087,-0.14331596,-0.15388706,-0.15721029,-0.25088155,-0.15389472,-0.22115314,-0.07562123,-0.086852394,-0.10702289,-0.060967896,-0.1475007,-0.16796505,-0.15746465,-0.22133875,-0.12812386,-0.0969081,-0.16398169,-0.12716047,-0.11335766,-0.18846886,-0.12917626,-0.17755464,-0.0994983,-0.115196005,-0.15380706,-0.11662802,-0.19749595,-0.14526704,-0.12781724,-0.096878245,-0.15380745,-0.15702519,-0.12434345,-0.11230643,-0.063823454,-0.15374088,-0.11419349,-0.10007019,-0.24483351,-0.15389523,-0.15720236,-0.16344379,-0.1759062,-0.12524253,-0.1538812,-0.0782174,-0.19187105,-0.18185812,-0.09859173,-0.11065883,-0.15357085,-0.15690456,-0.083404,-0.1213824,-0.13072303,-0.13855581,-0.19385117,-0.15385957,-0.15720731,-0.19487974,-0.23847799,-0.2432746,-0.12885588,-0.15369928,-0.15717989,-0.14520228,-0.2961179,-0.15389451,-0.19813283,-0.12908734,-0.15383336,-0.060104962,-0.15931924,-0.15389282,-0.2028091,-0.2868003,-0.11816878,-0.14795661,-0.10060286,-0.15374392,-0.13614628,-0.20725825,-0.17393659,-0.125103,-0.15657571,-0.15690626,-0.15389147,-0.15720963,-0.16221246,-0.22200036,-0.12924394,-0.2814266,-0.1538956,-0.1915083,-0.24371436,-0.16952515,-0.1538127,-0.13369927,-0.12557748,-0.1538885,-0.18106565,-0.15389538,-0.18642783,-0.15384132,-0.30462334,-0.15378833,-0.14691104,-0.13029914,-0.15388295,-0.15719782,-0.18915205,-0.12916926,-0.15388778,-0.10481856,-0.1650517,-0.15388563,-0.15721157,-0.15718374,-0.12877885,-0.15379478,-0.157179,-0.15717036,-0.15718134,-0.15718935,-0.16505513,-0.17392421,-0.15388131,-0.15720469,-0.15719497,-0.1572052,-0.2025511,-0.15354379,-0.14723541,-0.15292217,-0.11499533,-0.10471026,-0.11893196,-0.15388481,-0.1571372,-0.12913139,-0.19501048,-0.15389231,-0.18738703,-0.11705899,-0.17429145,-0.15388319,-0.06652963,-0.15365057,-0.10737923,-0.124497145,-0.15298569,-0.052188452,-0.26007295
k__Bacteria|p__Firmicutes|c__Clostridia|o__Eubacteriales|f__Lachnospiraceae|g__GGB3463|s__GGB3463_SGB4621,-0.1004395,-0.12316422,-0.15403529,-0.1573563,-0.15735656,-0.23867357,-0.1666669,-0.16813041,-0.10929718,-0.22895765,-0.23728925,-0.15404001,-0.22850217,1.8018461,-0.08556121,-0.15365565,-0.058144663,-0.1535266,-0.15729555,-0.19931981,-0.1978925,-0.12919912,-0.15400565,-0.12711628,-0.20043859,-0.11658599,-0.182019,-0.25032333,-0.1509206,-0.15401009,-0.15142563,-0.10844302,-0.18249588,-0.28454733,-0.15402699,-0.12937139,-0.15403767,-0.22338755,-0.15404037,-0.29867563,-0.15404043,-0.29356226,-0.12874573,-0.15389465,-0.13691942,-0.154035,-0.23188588,-0.24781659,-0.1296162,-0.12937683,-0.24679694,-0.18279888,-0.25087595,-0.26027086,-0.28621647,-0.27511892,-0.11894142,-0.15395606,-0.040142577,-0.056944285,-0.15332799,-0.11274739,-0.13743341,-0.12927067,-0.15401894,-0.15735202,-0.15735632,-0.15735698,-0.27573854,-0.15400127,-0.1292715,-0.16243835,-0.12334165,-0.14074792,-0.15400714,-0.15887658,-0.14481027,-0.12935735,-0.18691605,-0.14998752,-0.15402865,-0.15733564,-0.15734649,-0.15728156,-0.120334074,-0.13700745,-0.08858878,-0.15402289,-0.19008024,-0.15403374,-0.2004665,-0.11139822,-0.1388583,-0.13027036,-0.1074974,-0.15152657,-0.15394038,-0.15706453,-0.10065024,-0.08152827,-0.09427856,-0.15398833,-0.11960925,-0.15027548,-0.16982608,-0.1185138,-0.15400401,-0.15735045,-0.17738779,-0.15176103,-0.15403649,-0.25953975,-0.17989698,-0.13525523,-0.1540338,-0.15095688,-0.17780018,-0.2009549,-0.15401316,-0.09015879,-0.15375146,-0.12151222,-0.121854745,-0.13997786,-0.21433522,-0.13908121,-0.16057305,-0.15396497,-0.07092635,-0.1534301,-0.15659022,-0.18733518,-0.15378022,-0.1292635,-0.12334781,-0.14100276,-0.15399455,-0.114095174,-0.25318068,-0.26654312,-0.12859517,-0.10945694,-0.15398613,-0.09238048,-0.20963459,-0.15403402,-0.15727144,-0.12883013,-0.15396476,-0.16015086,-0.1553517,-0.15403822,-0.19704957,-0.20616047,-0.12831329,-0.10460003,-0.11361031,-0.10256614,-0.1540311,-0.19495486,-0.15400767,-0.12876101,-0.15388435,-0.041086134,-0.12967405,-0.15403694,-0.2300741,-0.15401602,-0.10384405,-0.1526832,-0.0784167,-0.15390018,-0.12766197,-0.15391958,-0.121451,-0.075820275,-0.09192432,-0.101488546,-0.1537818,-0.15726587,-0.12378413,-0.1538882,-0.1410757,-0.13984437,-0.18093297,-0.1540394,-0.25777104,-0.12844054,-0.15395084,-0.13462572,-0.119081676,-0.15401141,-0.15735245,-0.15735403,-0.1573551,-0.19755594,-0.25103784,-0.20219928,-0.19465852,-0.24831252,-0.20506537,-0.22091979,-0.15402463,-0.1290121,-0.11956477,-0.1540204,-0.1573489,-0.20931396,-0.18224281,-0.1540114,-0.32474133,-0.1540376,-0.15735766,-0.1573566,-0.15735626,-0.2185038,-0.1540105,-0.114121355,-0.15401362,-0.15734267,-0.15734911,-0.22984435,-0.15403163,-0.1573315,-0.08963354,-0.15393417,-0.15731117,-0.15732735,-0.15732923,-0.13302092,-0.1051107,-0.14014931,-0.15141064,-0.15839578,-0.15615125,-0.14613561,-0.15402824,-0.12319561,-0.12933047,-0.15399311,-0.15735748,-0.15735702,-0.15735704,-0.15735751,-0.38518023,-0.11451449,-0.15400079,-0.15564899,-0.14443555,-0.16636807,-0.15403304,-0.15728146,-0.12993515,-0.047159404,-0.14829269,-0.14016809,-0.14106366,-0.15389517,-0.19987361,-0.1649412,-0.17166539,-0.15401216,-0.15731794,-0.12722544,-0.14610182,-0.2588673,-0.12916045,-0.15391818,-0.09132757,-0.12832497,-0.13684332,-0.16221203,-0.15659244,-0.1286479,-0.15379292,-0.15726812,-0.15731442,-0.15734616,-0.15740095,-0.19795567,-0.15106063,-0.07294749,-0.2039893,-0.15400127,-0.15731339,-0.104459345,-0.15368634,-0.17466888,-0.13176009,-0.1540089,-0.15109587,-0.10913184,-0.15385395,-0.05825615,-0.14326635,-0.17082691,-0.15394998,-0.18883844,-0.15403861,-0.31316653,-0.15402901,-0.16808087,-0.14331596,-0.15403134,-0.15735415,-0.25088155,-0.15403897,-0.22115314,-0.07562123,-0.086852394,-0.10702289,-0.060967896,-0.14759326,-0.16796505,-0.15746465,-0.22133875,-0.12812386,-0.0969081,-0.16398169,-0.12716047,-0.11335766,-0.18846886,-0.12932529,-0.17755464,-0.0994983,-0.115196005,-0.15395144,-0.11662802,-0.19749595,-0.14526704,-0.12781724,-0.096878245,-0.15395258,-0.15717015,-0.12434345,-0.11230643,-0.063823454,-0.15388593,-0.11419349,-0.10007019,-0.24483351,-0.1540395,-0.15734592,-0.16344379,-0.1759062,-0.12524253,-0.15402558,-0.0782174,-0.19187105,-0.18185812,-0.09859173,-0.11065883,-0.1537177,-0.15705031,-0.083404,-0.1213824,-0.13072303,-0.13855581,-0.19385117,-0.15400362,-0.15735123,-0.19487974,-0.23847799,-0.2432746,-0.12901871,-0.15384445,-0.15732372,-0.14520228,-0.2961179,-0.1540388,-0.19813283,-0.12924047,-0.15397754,-0.060104962,-0.15931924,-0.15403706,-0.2028091,-0.2868003,-0.11816878,-0.14795661,-0.10060286,-0.15388787,-0.13614628,-0.20725825,-0.17393659,-0.125103,-0.15657571,-0.15690626,-0.15403575,-0.15735355,-0.16221246,-0.22200036,-0.12939098,-0.2814266,-0.15403989,-0.1915083,-0.24371436,-0.16952515,-0.15395516,-0.13369927,-0.12557748,-0.1540327,-0.18106565,-0.15403965,-0.18642783,-0.15398431,-0.30462334,-0.15393189,-0.14691104,-0.13029914,-0.15402724,-0.15734181,-0.18915205,-0.12931828,-0.15403208,-0.10481856,-0.1650517,-0.15402982,-0.15735547,-0.15732676,-0.12895177,-0.15393978,-0.15732267,-0.15731415,-0.15732507,-0.15733328,-0.16505513,-0.17392421,-0.15402552,-0.15734863,-0.15733884,-0.15734911,-0.2025511,-0.15354379,-0.14723541,-0.15305665,-0.11499533,-0.10471026,-0.11893196,-0.1540291,-0.15727961,-0.1292823,-0.19501048,-0.15403654,-0.18738703,-0.11705899,-0.17429145,-0.15402713,-0.06652963,-0.15379757,-0.10737923,-0.124497145,-0.15298569,-0.052188452,-0.26007295
k__Bacteria|p__Firmicutes|c__CFGB76046|o__OFGB76046|f__FGB76046|g__GGB55957|s__GGB55957_SGB77276,-0.1004395,-0.12316422,-0.1546878,-0.1579271,-0.15792762,-0.23867357,-0.1666669,-0.16813041,-0.10929718,-0.22895765,-0.23728925,-0.15469623,-0.22850217,0.8011696,-0.08556121,-0.15399496,-0.058144663,-0.15372509,-0.1578182,-0.19931981,-0.1978925,-0.13029733,-0.1546332,-0.12711628,-0.20043859,-0.11658599,-0.182019,-0.25032333,-0.1509206,-0.1546427,-0.15142563,-0.10844302,-0.18249588,-0.28454733,-0.15467313,-0.13063061,-0.15469192,-0.22338755,-0.15469688,-0.29867563,-0.154697,-0.29356226,-0.12941402,-0.15443933,-0.13691942,-0.15468696,-0.23188588,-0.24781659,-0.1296162,-0.13064127,-0.24679694,-0.18279888,-0.25087595,-0.26027086,-0.28621647,-0.27511892,-0.11894142,-0.15454319,-0.040142577,-0.056944285,-0.15342042,-0.11274739,-0.13743341,-0.13044189,-0.15465906,-0.15791917,-0.15792726,-0.15792838,-0.27573854,-0.15463114,-0.1304428,-0.16243835,-0.12334165,-0.14074792,-0.15463567,-0.15887658,-0.14481027,-0.1306023,-0.18691605,-0.14998752,-0.15467551,-0.15788954,-0.15790993,-0.15780042,-0.120334074,-0.13700745,-0.08858878,-0.15466478,-0.19008024,-0.15468468,-0.2004665,-0.11139822,-0.1388583,-0.13027036,-0.1074974,-0.15152657,-0.15451208,-0.15742621,-0.10065024,-0.08152827,-0.09427856,-0.15460077,-0.11960925,-0.15027548,-0.16982608,-0.1185138,-0.1546323,-0.1579163,-0.17738779,-0.15176103,-0.15468988,-0.25953975,-0.17989698,-0.13525523,-0.15468475,-0.15095688,-0.17780018,-0.2009549,-0.15465192,-0.09015879,-0.1541581,-0.12151222,-0.121854745,-0.13997786,-0.21433522,-0.13908121,-0.16057305,-0.15455726,-0.07092635,-0.15358351,-0.15659268,-0.18733518,-0.15425517,-0.13043195,-0.12334781,-0.14100276,-0.15461281,-0.114095174,-0.25318068,-0.26654312,-0.12914443,-0.10945694,-0.15459651,-0.09238048,-0.20963459,-0.15468517,-0.15778813,-0.12959771,-0.15456176,-0.16015086,-0.1553517,-0.15469298,-0.19704957,-0.20616047,-0.12867892,-0.10460003,-0.11361031,-0.10256614,-0.15467954,-0.19495486,-0.15463792,-0.12949136,-0.15440631,-0.041086134,-0.12967405,-0.15469092,-0.2300741,-0.15465397,-0.10384405,-0.15223269,-0.0784167,-0.15444529,-0.12766197,-0.15447512,-0.121451,-0.075820275,-0.09192432,-0.101488546,-0.15422195,-0.15775926,-0.12378413,-0.15443982,-0.1410757,-0.13984437,-0.18093297,-0.1546951,-0.25777104,-0.12844054,-0.1545432,-0.13462572,-0.119081676,-0.1546427,-0.15792018,-0.15792303,-0.15792501,-0.19755594,-0.25103784,-0.20219928,-0.19465852,-0.24831252,-0.20506537,-0.22091979,-0.15466964,-0.12994628,-0.11956477,-0.15465978,-0.15791371,-0.20931396,-0.18224281,-0.15464753,-0.32474133,-0.1546917,-0.15792958,-0.15792766,-0.157927,-0.2185038,-0.1546486,-0.114121355,-0.15465021,-0.15790401,-0.15791425,-0.22984435,-0.15468055,-0.15789032,-0.08963354,-0.15450647,-0.15784264,-0.15787552,-0.1578761,-0.13302092,-0.1051107,-0.14014931,-0.15141064,-0.15839578,-0.15615125,-0.14613561,-0.15467393,-0.12319561,-0.13055475,-0.15461347,-0.15792927,-0.15792848,-0.15792847,-0.15792936,-0.38518023,-0.11451449,-0.15462488,-0.15564899,-0.14443555,-0.16636807,-0.15468386,-0.15780047,-0.12993515,-0.047159404,-0.14462206,-0.14016809,-0.14106366,-0.15443358,-0.19987361,-0.1649412,-0.17166539,-0.15464476,-0.15785408,-0.12722544,-0.14610182,-0.2588673,-0.1302135,-0.15447122,-0.09132757,-0.12832497,-0.13684332,-0.16221203,-0.15659244,-0.12930408,-0.15425707,-0.15776555,-0.15784964,-0.15790848,-0.15740095,-0.19795567,-0.15106063,-0.07294749,-0.2039893,-0.15462703,-0.15784653,-0.104459345,-0.15413892,-0.17466888,-0.13176009,-0.15463734,-0.15109587,-0.10913184,-0.15436114,-0.05825615,-0.14326635,-0.17082691,-0.15453371,-0.18883844,-0.1546938,-0.31316653,-0.15467787,-0.16808087,-0.14331596,-0.15468031,-0.15792352,-0.25088155,-0.15469447,-0.22115314,-0.07562123,-0.086852394,-0.10702289,-0.060967896,-0.14333597,-0.16796505,-0.15746465,-0.22133875,-0.12812386,-0.0969081,-0.16398169,-0.12716047,-0.11335766,-0.18846886,-0.13054211,-0.17755464,-0.0994983,-0.115196005,-0.15453514,-0.11662802,-0.19749595,-0.14526704,-0.12781724,-0.096878245,-0.1545327,-0.15758479,-0.12434345,-0.11230643,-0.063823454,-0.1544151,-0.11419349,-0.10007019,-0.24483351,-0.15469527,-0.15790969,-0.16344379,-0.1759062,-0.12524253,-0.1546694,-0.0782174,-0.19187105,-0.18185812,-0.09859173,-0.11065883,-0.15409827,-0.15736361,-0.083404,-0.1213824,-0.13072303,-0.13855581,-0.19385117,-0.15463167,-0.15791784,-0.19487974,-0.23847799,-0.2432746,-0.12998028,-0.1543381,-0.15786853,-0.14520228,-0.2961179,-0.15469399,-0.19813283,-0.13038078,-0.15458423,-0.060104962,-0.15931924,-0.15469101,-0.2028091,-0.2868003,-0.11816878,-0.14795661,-0.10060286,-0.15442288,-0.13614628,-0.20725825,-0.17393659,-0.125103,-0.15657571,-0.15690626,-0.1546886,-0.15792204,-0.16221246,-0.22200036,-0.13066782,-0.2814266,-0.15469603,-0.1915083,-0.24371436,-0.16952515,-0.15455481,-0.13369927,-0.12557748,-0.15468319,-0.18106565,-0.15469557,-0.18642783,-0.15460297,-0.30462334,-0.15450451,-0.14691104,-0.13029914,-0.15467298,-0.15790036,-0.18915205,-0.13052729,-0.15468162,-0.10481856,-0.1650517,-0.15467823,-0.15792567,-0.15787756,-0.12984379,-0.15451041,-0.15786763,-0.15785137,-0.15787178,-0.15788558,-0.16505513,-0.17392421,-0.15467036,-0.15791292,-0.1578955,-0.15791386,-0.2025511,-0.15354379,-0.14723541,-0.15297559,-0.11499533,-0.10471026,-0.11893196,-0.15467638,-0.15779698,-0.13045557,-0.19501048,-0.1546902,-0.18738703,-0.11705899,-0.17429145,-0.15467407,-0.06652963,-0.15424706,-0.10737923,-0.124497145,-0.15298569,-0.052188452,-0.26007295
k__Bacteria|p__Firmicutes|c__Clostridia|o__Eubacteriales|f__Lachnospiraceae|g__Lachnoclostridium|s__Lachnoclostridium_edouardi,-0.1004395,-0.12316422,-0.15420194,-0.15751821,-0.15751874,-0.23867357,-0.1666669,-0.16813041,-0.10929718,-0.22895765,-0.23728925,-0.15421057,-0.22850217,-0.3768707,-0.08556121,-0.1534783,-0.058144663,-0.15321906,-0.15740609,-0.19931981,-0.1978925,-0.12922585,-0.15414597,-0.12711628,-0.20043859,-0.11658599,-0.182019,-0.25032333,-0.1509206,-0.15415595,-0.15142563,-0.10844302,-0.18249588,-0.28454733,-0.15418676,-0.12957191,-0.15420619,-0.22338755,-0.15421122,-0.29867563,-0.15421136,-0.29356226,-0.12830967,-0.15394738,-0.13691942,-0.15420109,-0.23188588,-0.24781659,-0.1296162,-0.12958366,-0.24679694,-0.18279888,-0.25087595,-0.26027086,-0.28621647,-0.27511892,-0.11894142,-0.15405309,-0.040142577,-0.056944285,-0.15291357,-0.11274739,-0.13743341,-0.12937483,-0.15417257,-0.15751013,-0.15751837,-0.15751949,-0.27573854,-0.15414098,-0.12937772,-0.16243835,-0.12334165,-0.14074792,-0.15414897,-0.15887658,-0.14481027,-0.12954304,-0.18691605,-0.14998752,-0.15418933,-0.15747985,-0.15750062,-0.15738428,-0.120334074,-0.13700745,-0.08858878,-0.15417843,-0.19008024,-0.1541988,-0.2004665,-0.11139822,-0.1388583,-0.13027036,-0.1074974,-0.15152657,-0.15402287,-0.15697154,-0.10065024,-0.08152827,-0.09427856,-0.1541128,-0.11960925,-0.15027548,-0.16982608,-0.1185138,-0.15414491,-0.15750723,-0.17738779,-0.15176103,-0.1542041,-0.25953975,-0.17989698,-0.13525523,-0.15419888,-0.15095688,-0.17780018,-0.2009549,-0.15416399,-0.09015879,-0.1536609,-0.12151222,-0.121854745,-0.13997786,-0.21433522,-0.13908121,-0.16057305,-0.15406832,-0.07092635,-0.15306807,-0.15616034,-0.18733518,-0.15375891,-0.12935601,-0.12334781,-0.14100276,-0.15412533,-0.114095174,-0.25318068,-0.26654312,-0.12801762,-0.10945694,-0.1541087,-0.09238048,-0.20963459,-0.1541993,-0.15737243,-0.12849328,-0.15407164,-0.16015086,-0.1553517,-0.15420726,-0.19704957,-0.20616047,-0.12751527,-0.10460003,-0.11361031,-0.10256614,-0.15419357,-0.19495486,-0.15415019,-0.12836574,-0.15391438,-0.041086134,-0.12967405,-0.15420517,-0.2300741,-0.15416655,-0.10384405,-0.15165892,-0.0784167,-0.15395048,-0.12766197,-0.15398425,-0.121451,-0.075820275,-0.09192432,-0.101488546,-0.15372378,-0.15734652,-0.12378413,-0.15393266,-0.1410757,-0.13984437,-0.18093297,-0.15420942,-0.25777104,-0.12844054,-0.15404746,-0.13462572,-0.119081676,-0.15415578,-0.15751106,-0.15751402,-0.15751603,-0.19755594,-0.25103784,-0.20219928,-0.19465852,-0.24831252,-0.20506537,-0.22091979,-0.15418306,-0.12885499,-0.11956477,-0.15417337,-0.15750457,-0.20931396,-0.18224281,-0.15415916,-0.32474133,-0.15420598,-0.15752074,-0.15751877,-0.15751809,-0.2185038,-0.15415806,-0.114121355,-0.15416312,-0.15749465,-0.15750495,-0.22984435,-0.15419456,-0.1574751,-0.08963354,-0.15401468,-0.1574318,-0.15746553,-0.1574662,-0.13302092,-0.1051107,-0.14014931,-0.15141064,-0.15839578,-0.15615125,-0.14613561,-0.15418783,-0.12319561,-0.1294946,-0.15412647,-0.15752043,-0.15751961,-0.15751961,-0.15752052,-0.38518023,-0.11451449,-0.15413791,-0.15564899,-0.14443555,-0.16636807,-0.15419799,-0.15738788,-0.12993515,-0.047159404,-0.14397116,-0.14016809,-0.14106366,-0.15394348,-0.19987361,-0.1649412,-0.17166539,-0.15415816,-0.15744382,-0.12722544,-0.14610182,-0.2588673,-0.12913883,-0.15397969,-0.09132757,-0.12832497,-0.13684332,-0.16221203,-0.15659244,-0.12814488,-0.15375467,-0.15735252,-0.15743901,-0.15749915,-0.15740095,-0.19795567,-0.15106063,-0.07294749,-0.2039893,-0.15413998,-0.15743539,-0.104459345,-0.15355116,-0.17466888,-0.13176009,-0.1541506,-0.15109587,-0.10913184,-0.15386234,-0.05825615,-0.14326635,-0.17082691,-0.15404487,-0.18883844,-0.1542081,-0.31316653,-0.15419172,-0.16808087,-0.14331596,-0.15419436,-0.15751451,-0.25088155,-0.15420876,-0.22115314,-0.07562123,-0.086852394,-0.10702289,-0.060967896,-0.14266452,-0.16796505,-0.15746465,-0.22133875,-0.12812386,-0.0969081,-0.16398169,-0.12716047,-0.11335766,-0.18846886,-0.12948084,-0.17755464,-0.0994983,-0.115196005,-0.15404615,-0.11662802,-0.19749595,-0.14526704,-0.12781724,-0.096878245,-0.15404293,-0.15716732,-0.12434345,-0.11230643,-0.063823454,-0.15392064,-0.11419349,-0.10007019,-0.24483351,-0.15420961,-0.15750003,-0.16344379,-0.1759062,-0.12524253,-0.15418327,-0.0782174,-0.19187105,2.3074918,-0.09859173,-0.11065883,-0.15360045,-0.15694274,-0.083404,-0.1213824,-0.13072303,-0.13855581,-0.19385117,-0.1541447,-0.15750872,-0.19487974,-0.23847799,-0.2432746,-0.12889421,-0.15384406,-0.15745842,-0.14520228,-0.2961179,-0.1542083,-0.19813283,-0.12930982,-0.15409574,-0.060104962,-0.15931924,-0.15420526,-0.2028091,-0.2868003,-0.11816878,-0.14795661,-0.10060286,-0.15393126,-0.13614628,-0.20725825,-0.17393659,-0.125103,-0.15657571,-0.15690626,-0.15420276,-0.15751304,-0.16221246,-0.22200036,-0.12961088,-0.2814266,-0.15421039,-0.1915083,-0.24371436,-0.16952515,-0.15405905,-0.13369927,-0.12557748,-0.15419725,-0.18106565,-0.15420991,-0.18642783,-0.15411288,-0.30462334,-0.15401563,-0.14691104,-0.13029914,-0.15418689,-0.15749086,-0.18915205,-0.12946512,-0.15419564,-0.10481856,-0.1650517,-0.15419224,-0.15751673,-0.15746598,-0.12874338,-0.15402083,-0.15745744,-0.15744048,-0.15746155,-0.15747496,-0.16505513,-0.17392421,-0.15418416,-0.15750375,-0.15748602,-0.15750468,-0.2025511,-0.15354379,-0.14723541,-0.15246174,-0.11499533,-0.10471026,-0.11893196,-0.15419033,-0.15738173,-0.12939158,-0.19501048,-0.15420443,-0.18738703,-0.11705899,-0.17429145,-0.15418693,-0.06652963,-0.1537484,-0.10737923,-0.124497145,2.8778389,-0.052188452,-0.26007295
k__Bacteria|p__Firmicutes|c__Clostridia|o__Eubacteriales|f__Lachnospiraceae|g__Lachnoclostridium|s__Clostridium_methoxybenzovorans,-0.1004395,-0.12316422,-0.15375987,-0.15707749,-0.15707776,-0.23867357,-0.1666669,-0.16813041,-0.10929718,-0.22895765,-0.23728925,-0.15376472,-0.22850217,-0.3768707,-0.08556121,-0.15336649,-0.058144663,-0.15323433,-0.157015,-0.19931981,-0.1978925,-0.12894215,-0.15372938,-0.12711628,-0.20043859,-0.11658599,-0.182019,-0.25032333,-0.1509206,-0.15373406,-0.15142563,-0.10844302,-0.18249588,-0.28454733,-0.15375146,-0.12912129,-0.15376233,-0.22338755,-0.15376511,-0.29867563,-0.15376517,-0.29356226,-0.12846377,-0.15361546,-0.13691942,-0.1537596,-0.23188588,-0.24781659,-0.1296162,-0.12912692,-0.24679694,-0.18279888,-0.25087595,-0.26027086,-0.28621647,-0.27511892,-0.11894142,-0.15367822,-0.040142577,-0.056944285,-0.15303245,-0.11274739,-0.13743341,-0.12901679,-0.1537431,-0.15707307,-0.15707752,-0.15707818,-0.27573854,-0.15372561,-0.1290176,-0.16243835,-0.12334165,-0.14074792,-0.15373087,-0.15887658,-0.14481027,-0.12910661,-0.18691605,-0.14998752,-0.15375304,-0.15705623,-0.15706742,-0.15700251,-0.120334074,-0.13700745,-0.08858878,-0.15374711,-0.19008024,-0.15375827,-0.2004665,-0.11139822,-0.1388583,-0.13027036,-0.1074974,-0.15152657,-0.15366209,-0.15678748,-0.10065024,-0.08152827,-0.09427856,-0.15371153,-0.11960925,-0.15027548,-0.16982608,-0.1185138,-0.15372778,-0.15707147,-0.17738779,-0.15176103,-0.15376112,-0.25953975,-0.17989698,-0.13525523,-0.15375835,-0.15095688,-0.17780018,-0.2009549,-0.15373759,-0.09015879,-0.15346703,-0.12151222,-0.121854745,-0.13997786,-0.21433522,-0.13908121,-0.16057305,-0.15368742,-0.07092635,-0.15313618,-0.15629116,-0.18733518,-0.15349945,-0.12900713,-0.12334781,-0.14100276,-0.15371794,-0.114095174,-0.25318068,-0.26654312,-0.12830862,-0.10945694,-0.1537092,-0.09238048,-0.20963459,-0.15375857,-0.1569921,-0.12855087,-0.15368733,-0.16015086,-0.1553517,-0.1537629,-0.19704957,-0.20616047,-0.12800065,-0.10460003,-0.11361031,-0.10256614,-0.15375555,-0.19495486,-0.15373193,-0.12847663,-0.15360424,-0.041086134,-0.12967405,-0.1537616,-0.2300741,-0.15374054,-0.10384405,-0.15236768,-0.0784167,-0.15362087,-0.12766197,-0.15364061,-0.121451,-0.075820275,-0.09192432,-0.101488546,-0.1534986,-0.15698424,-0.12378413,-0.15361199,-0.1410757,-0.13984437,-0.18093297,-0.1537641,-0.25777104,-0.12844054,-0.15367502,-0.13462572,-0.119081676,-0.15373522,-0.15707351,-0.15707514,-0.15707625,-0.19755594,-0.25103784,-0.20219928,-0.19465852,-0.24831252,-0.20506537,-0.22091979,-0.1537491,-0.12874374,-0.11956477,-0.15374455,-0.15706988,-0.20931396,-0.18224281,-0.15373564,-0.32474133,-0.15376225,-0.15707888,-0.1570778,-0.15707743,-0.2185038,-0.1537349,-0.114121355,-0.15373766,-0.15706354,-0.1570701,-0.22984435,-0.15375608,-0.15705237,-0.08963354,-0.1536558,-0.15703094,-0.15704772,-0.15704957,-0.13302092,-0.1051107,-0.14014931,-0.15141064,-0.15839578,-0.15615125,-0.14613561,-0.15375258,-0.12319561,-0.12907891,-0.15371655,-0.1570787,-0.15707824,-0.15707824,-0.15707874,-0.38518023,-0.11451449,-0.1537244,-0.15564899,-0.14443555,-0.16636807,-0.15375757,-0.15700138,-0.12993515,-0.047159404,-0.1478625,-0.14016809,-0.14106366,-0.15361567,-0.19987361,-0.1649412,-0.17166539,-0.15373603,-0.15703785,-0.12722544,-0.14610182,-0.2588673,-0.12890074,-0.15363911,-0.09132757,-0.12832497,-0.13684332,-0.16221203,-0.15659244,-0.1283585,-0.15351057,-0.15698662,-0.15703434,-0.15706706,-0.15740095,-0.19795567,-0.15106063,-0.07294749,-0.2039893,-0.15372491,-0.15703322,-0.104459345,-0.15341897,-0.17466888,-0.13176009,-0.15373263,-0.15109587,-0.10913184,-0.15357289,-0.05825615,-0.14326635,-0.17082691,-0.1536721,-0.18883844,-0.15376331,-0.31316653,-0.15375352,-0.16808087,-0.14331596,-0.15375581,-0.15707529,-0.25088155,-0.15376368,-0.22115314,-0.07562123,-0.086852394,-0.10702289,-0.060967896,-0.1471423,-0.16796505,-0.15746465,-0.22133875,-0.12812386,-0.0969081,-0.16398169,-0.12716047,-0.11335766,-0.18846886,-0.12907359,-0.17755464,-0.0994983,-0.115196005,-0.15367356,-0.11662802,-0.19749595,-0.14526704,-0.12781724,-0.096878245,-0.15367448,-0.15688565,-0.12434345,-0.11230643,-0.063823454,-0.15360598,-0.11419349,-0.10007019,-0.24483351,-0.15376422,-0.15706709,-0.16344379,-0.1759062,-0.12524253,-0.15374985,-0.0782174,-0.19187105,-0.18185812,-0.09859173,-0.11065883,-0.15343243,-0.15676212,-0.083404,-0.1213824,-0.13072303,-0.13855581,-0.19385117,-0.15372735,-0.15707228,-0.19487974,-0.23847799,-0.2432746,-0.12875435,-0.1535632,-0.15704396,-0.14520228,-0.2961179,-0.1537635,-0.19813283,-0.12898476,-0.15370047,-0.060104962,-0.15931924,-0.15376171,-0.2028091,-0.2868003,-0.11816878,-0.14795661,-0.10060286,-0.15360826,-0.13614628,-0.20725825,-0.17393659,-0.125103,-0.15657571,-0.15690626,-0.15376034,-0.15707466,-0.16221246,-0.22200036,-0.1291416,-0.2814266,-0.1537646,-0.1915083,-0.24371436,-0.16952515,-0.15367939,0.95469916,2.7759805,-0.15375724,1.6840588,-0.15376437,-0.18642783,-0.15370823,-0.30462334,-0.15365362,-0.14691104,-0.13029914,-0.15375161,-0.15706256,-0.18915205,-0.1290665,-0.15375659,-0.10481856,-0.1650517,-0.15375426,-0.15707663,-0.1570479,-0.12868705,-0.15366137,-0.15704292,-0.15703413,-0.15704538,-0.15705377,-0.16505513,-0.17392421,-0.15374985,-0.15706958,-0.15705952,-0.15707007,-0.2025511,-0.15354379,-0.14723541,-0.15275507,-0.11499533,-0.10471026,-0.11893196,-0.1537535,-0.15700006,-0.12902883,-0.19501048,-0.15376118,-0.18738703,-0.11705899,-0.17429145,-0.15375191,-0.06652963,-0.15351449,-0.10737923,-0.124497145,-0.15298569,-0.052188452,-0.26007295
k__Bacteria|p__Firmicutes|c__CFGB3009|o__OFGB3009|f__FGB3009|g__GGB9474|s__GGB9474_SGB14868,-0.1004395,-0.12316422,-0.15424652,-0.15757284,-0.15757303,-0.23867357,-0.1666669,-0.16813041,-0.10929718,-0.22895765,-0.23728925,-0.1542502,-0.22850217,-0.3768707,-0.08556121,-0.15393269,-0.058144663,-0.15383688,-0.15752484,-0.19931981,-0.1978925,-0.12939425,-0.154223,-0.12711628,-0.20043859,-0.11658599,-0.182019,1.306491,-0.1509206,-0.1542268,-0.15142563,-0.10844302,-0.18249588,-0.28454733,-0.1542399,-0.1295415,-0.15424837,-0.22338755,-0.15425049,-0.29867563,-0.15425055,-0.29356226,-0.12899001,-0.15413621,-0.13691942,-0.15424626,-0.23188588,-0.24781659,-0.1296162,-0.12954625,-0.24679694,-0.18279888,-0.25087595,-0.26027086,-0.28621647,-0.27511892,-0.11894142,-0.1541835,-0.040142577,-0.056944285,-0.15369295,-0.11274739,-0.13743341,-0.12945622,-0.15423375,-0.15756944,-0.15757287,-0.15757336,-0.27573854,-0.1542196,-0.1294573,-0.16243835,-0.12334165,-0.14074792,-0.15422425,-0.15887658,-0.14481027,-0.12952942,-0.18691605,-0.14998752,-0.15424123,-0.15755656,-0.15756518,-0.15751275,-0.120334074,-0.13700745,-0.08858878,-0.15423667,-0.19008024,-0.15424526,-0.2004665,-0.11139822,-0.1388583,-0.13027036,-0.1074974,-0.15152657,-0.15417129,-0.15732327,-0.10065024,-0.08152827,-0.09427856,-0.15420917,-0.11960925,-0.15027548,-0.16982608,-0.1185138,-0.154222,-0.15756819,-0.17738779,-0.15176103,-0.15424743,-0.25953975,-0.17989698,-0.13525523,-0.15424532,-0.15095688,-0.17780018,-0.2009549,-0.15422915,-0.09015879,-0.15402001,-0.12151222,-0.121854745,-0.13997786,-0.21433522,-0.13908121,-0.16057305,-0.15419051,-0.07092635,-0.15376166,-0.15697747,-0.18733518,-0.154048,-0.12944418,-0.12334781,-0.14100276,-0.15421428,-0.114095174,-0.25318068,-0.26654312,-0.12885587,-0.10945694,-0.15420747,-0.09238048,-0.20963459,-0.15424548,-0.15750757,-0.12905586,-0.15419051,-0.16015086,-0.1553517,-0.1542488,-0.19704957,-0.20616047,-0.12862861,-0.10460003,-0.11361031,-0.10256614,-0.15424314,-0.19495486,-0.15422443,-0.12900281,-0.15412565,-0.041086134,-0.12967405,-0.15424785,-0.2300741,-0.15423146,-0.10384405,-0.15315363,-0.0784167,-0.15413907,-0.12766197,-0.1541546,-0.121451,-0.075820275,-0.09192432,-0.101488546,-0.1540443,-0.1575008,-0.12378413,-0.15412182,-0.1410757,-0.13984437,-0.18093297,-0.15424973,-0.25777104,-0.12844054,-0.15417953,-0.13462572,-0.119081676,-0.1542274,-0.15756978,-0.15757105,-0.15757188,-0.19755594,-0.25103784,-0.20219928,-0.19465852,-0.24831252,-0.20506537,-0.22091979,-0.15423825,-0.12921765,-0.11956477,-0.15423468,-0.15756701,-0.20931396,-0.18224281,-0.1542275,-0.32474133,-0.1542483,-0.1575739,-0.15757307,-0.15757278,-0.2185038,-0.15422688,-0.114121355,-0.15422961,-0.15756235,-0.15756717,-0.22984435,-0.15424356,-0.15755308,-0.08963354,-0.15416646,-0.1575369,-0.15755017,-0.15755127,-0.13302092,-0.1051107,-0.14014931,-0.15141064,-0.15839578,-0.15615125,-0.14613561,-0.15424083,-0.12319561,-0.12950836,-0.1542137,-0.15757376,-0.1575734,-0.1575734,-0.15757379,-0.38518023,-0.11451449,-0.15421939,-0.15564899,-0.14443555,-0.16636807,-0.15424478,-0.15751511,-0.12993515,-0.047159404,-0.14977574,-0.14016809,-0.14106366,-0.15413646,-0.19987361,-0.1649412,-0.17166539,-0.15422821,-0.15754218,-0.12722544,-0.14610182,-0.2588673,-0.12935317,-0.1541529,-0.09132757,-0.12832497,-0.13684332,-0.16221203,-0.15659244,-0.12889536,-0.15405402,-0.1575029,-0.15753958,-0.1575648,-0.15740095,-0.19795567,-0.15106063,-0.07294749,-0.2039893,-0.15421987,-0.1575385,-0.104459345,-0.15394366,-0.17466888,-0.13176009,-0.15422544,-0.15109587,-0.10913184,-0.15410116,-0.05825615,-0.14326635,-0.17082691,-0.15417947,-0.18883844,-0.15424913,-0.31316653,-0.15424177,-0.16808087,-0.14331596,-0.15424338,-0.15757117,-0.25088155,-0.1542494,-0.22115314,-0.07562123,-0.086852394,-0.10702289,-0.060967896,-0.14923155,-0.16796505,-0.15746465,-0.22133875,-0.12812386,-0.0969081,-0.16398169,-0.12716047,-0.11335766,-0.18846886,-0.12950265,-0.17755464,-0.0994983,-0.115196005,-0.15418032,-0.11662802,-0.19749595,-0.14526704,-0.12781724,-0.096878245,-0.15418041,-0.15742484,-0.12434345,-0.11230643,-0.063823454,-0.15412718,-0.11419349,-0.10007019,-0.24483351,-0.15424982,-0.15756483,-0.16344379,-0.1759062,-0.12524253,-0.1542388,-0.0782174,-0.19187105,-0.18185812,-0.09859173,-0.11065883,-0.1539937,-0.15732968,-0.083404,-0.1213824,-0.13072303,-0.13855581,-0.19385117,-0.15422177,-0.15756883,-0.19487974,-0.23847799,-0.2432746,-0.12924924,-0.15409505,-0.15754724,-0.14520228,-0.2961179,-0.15424927,-0.19813283,-0.1294286,-0.15420094,-0.060104962,-0.15931924,-0.15424791,-0.2028091,-0.2868003,-0.11816878,-0.14795661,-0.10060286,-0.15413049,-0.13614628,-0.20725825,-0.17393659,-0.125103,-0.15657571,-0.15690626,-0.15424687,-0.15757065,-0.16221246,-0.22200036,-0.12955773,-0.2814266,-0.15425012,-0.1915083,-0.24371436,-0.16952515,-0.154183,-0.13369927,-0.12557748,-0.15424451,-0.18106565,-0.15424994,-0.18642783,-0.15420672,-0.30462334,-0.1541659,-0.14691104,-0.13029914,-0.15424016,-0.15756136,-0.18915205,-0.12949705,-0.15424395,-0.10481856,-0.1650517,-0.15424228,-0.15757218,-0.15754986,-0.1291812,-0.15417048,-0.15754652,-0.15753964,-0.15754837,-0.1575545,-0.16505513,-0.17392421,-0.15423886,-0.15756676,-0.15755913,-0.15756714,-0.2025511,-0.15354379,-0.14723541,-0.15348637,-0.11499533,-0.10471026,-0.11893196,-0.15424162,-0.15751228,-0.12946588,-0.19501048,-0.15424752,-0.18738703,-0.11705899,-0.17429145,-0.15424004,-0.06652963,-0.15405482,-0.10737923,-0.124497145,-0.15298569,-0.052188452,-0.26007295
k__Bacteria|p__Firmicutes|c__Clostridia|o__Eubacteriales|f__Oscillospiraceae|g__Massiliimalia|s__Massiliimalia_massiliensis,-0.1004395,-0.12316422,-0.15401444,-0.15729088,-0.15729114,-0.23867357,-0.1666669,-0.16813041,-0.10929718,-0.22895765,-0.23728925,-0.15401863,-0.22850217,-0.3768707,-0.08556121,-0.1536518,-0.058144663,-0.15354179,-0.15723634,-0.19931981,-0.1978925,-0.12950705,-0.15398753,-0.12711628,-0.20043859,-0.11658599,-0.182019,-0.25032333,-0.1509206,-0.15399213,-0.15142563,-0.10844302,-0.18249588,-0.28454733,-0.15400693,-0.12967949,-0.15401652,-0.22338755,-0.15401894,-0.29867563,-0.154019,-0.29356226,-0.12903833,-0.1538899,-0.13691942,-0.15401411,-0.23188588,-0.24781659,-0.1296162,-0.12968507,-0.24679694,-0.18279888,-0.25087595,-0.26027086,-0.28621647,-0.27511892,-0.11894142,-0.15394238,-0.040142577,-0.056944285,-0.153388,-0.11274739,-0.13743341,-0.12958105,-0.15400004,-0.157287,-0.15729094,-0.1572915,-0.27573854,-0.15398362,-0.12958217,-0.16243835,-0.12334165,-0.14074792,-0.15398902,-0.15887658,-0.14481027,-0.12966523,-0.18691605,-0.14998752,-0.15400839,-0.15727237,-0.15728226,-0.15722269,-0.120334074,-0.13700745,-0.08858878,-0.15400316,-0.19008024,-0.154013,-0.2004665,-0.11139822,-0.1388583,-0.13027036,-0.1074974,-0.15152657,-0.15392838,-0.15699333,-0.10065024,-0.08152827,-0.09427856,-0.15397164,-0.11960925,-0.15027548,-0.16982608,-0.1185138,-0.15398666,-0.1572856,-0.17738779,-0.15176103,-0.1540155,-0.25953975,-0.17989698,-0.13525523,-0.15401304,-0.15095688,-0.17780018,-0.2009549,-0.153995,-0.09015879,-0.1537545,-0.12151222,-0.121854745,-0.13997786,-0.21433522,-0.13908121,-0.16057305,-0.15395027,-0.07092635,-0.15345985,-0.15662226,-0.18733518,-0.15379214,-0.12956695,-0.12334781,-0.14100276,-0.1539776,-0.114095174,-0.25318068,-0.26654312,-0.12887023,-0.10945694,-0.15396972,-0.09238048,-0.20963459,-0.15401322,-0.15721759,-0.1291162,-0.15395066,-0.16015086,-0.1553517,-0.15401703,-0.19704957,-0.20616047,-0.12860398,-0.10460003,-0.11361031,-0.10256614,-0.15401053,-0.19495486,-0.15398932,-0.1290455,-0.1538756,-0.041086134,-0.12967405,-0.15401596,-0.2300741,-0.15399748,-0.10384405,-0.15275976,-0.0784167,-0.15389188,-0.12766197,-0.15390936,-0.121451,-0.075820275,-0.09192432,-0.101488546,-0.15378311,-0.15720831,-0.12378413,-0.15386868,-0.1410757,-0.13984437,-0.18093297,-0.15401807,-0.25777104,-0.12844054,-0.1539371,-0.13462572,-0.119081676,-0.15399243,-0.15728742,-0.15728885,-0.15728983,-0.19755594,-0.25103784,-0.20219928,-0.19465852,-0.24831252,-0.20506537,-0.22091979,-0.15400514,-0.12930444,-0.11956477,-0.15400082,-0.15728429,-0.20931396,-0.18224281,-0.15399289,-0.32474133,-0.15401644,-0.1572921,-0.15729117,-0.15729083,-0.2185038,-0.15399215,-0.114121355,-0.1539954,-0.1572792,-0.15728447,-0.22984435,-0.15401098,-0.1572687,-0.08963354,-0.1539233,-0.1572496,-0.15726528,-0.15726608,-0.13302092,-0.1051107,-0.14014931,-0.15141064,-0.15839578,-0.15615125,-0.14613561,-0.15400782,-0.12319561,-0.1296416,-0.1539775,-0.15729195,-0.15729155,-0.15729156,-0.15729198,-0.38518023,-0.11451449,-0.15398355,-0.15564899,-0.14443555,-0.16636807,-0.15401249,-0.15722647,-0.12993515,-0.047159404,-0.14898564,-0.14016809,-0.14106366,-0.15388942,-0.19987361,-0.1649412,-0.17166539,-0.15399347,-0.15725556,-0.12722544,-0.14610182,-0.2588673,-0.12945686,-0.153907,-0.09132757,-0.12832497,-0.13684332,-0.16221203,-0.15659244,-0.1289299,-0.1537953,-0.15721099,-0.15725283,-0.15728171,-0.15740095,-0.19795567,-0.15106063,-0.07294749,-0.2039893,-0.15398426,-0.15725136,-0.104459345,-0.15363419,-0.17466888,-0.13176009,-0.15399012,-0.15109587,-0.10913184,-0.1538479,-0.05825615,-0.14326635,-0.17082691,-0.15393834,-0.18883844,-0.1540174,-0.31316653,-0.15400925,-0.16808087,-0.14331596,-0.15401083,-0.15728906,-0.25088155,-0.15401775,-0.22115314,-0.07562123,-0.086852394,-0.10702289,-0.060967896,-0.14836678,3.8392935,2.6239684,-0.22133875,-0.12812386,-0.0969081,-0.16398169,-0.12716047,-0.11335766,-0.18846886,-0.12963451,-0.17755464,-0.0994983,-0.115196005,-0.1539391,-0.11662802,-0.19749595,-0.14526704,-0.12781724,-0.096878245,-0.15393835,-0.15712157,-0.12434345,-0.11230643,-0.063823454,-0.15387782,-0.11419349,-0.10007019,-0.24483351,-0.15401816,-0.157282,-0.16344379,-0.1759062,-0.12524253,-0.15400556,-0.0782174,-0.19187105,-0.18185812,-0.09859173,-0.11065883,-0.15372474,-0.15701282,-0.083404,-0.1213824,-0.13072303,-0.13855581,-0.19385117,-0.15398651,-0.15728633,-0.19487974,-0.23847799,-0.2432746,-0.1293401,-0.1538414,-0.15726185,-0.14520228,-0.2961179,-0.15401754,-0.19813283,-0.12954757,-0.15396266,-0.060104962,-0.15931924,-0.15401605,-0.2028091,-0.2868003,-0.11816878,-0.14795661,-0.10060286,-0.1538828,-0.13614628,-0.20725825,-0.17393659,-0.125103,-0.15657571,-0.15690626,-0.15401486,-0.1572884,-0.16221246,-0.22200036,-0.12969828,-0.2814266,-0.15401852,-0.1915083,-0.24371436,-0.16952515,-0.15394223,-0.13369927,-0.12557748,-0.15401217,-0.18106565,-0.15401831,-0.18642783,-0.15396978,-0.30462334,-0.15392348,-0.14691104,-0.13029914,-0.15400721,-0.1572778,-0.18915205,-0.12962762,-0.15401146,-0.10481856,-0.1650517,-0.15400968,-0.15729016,-0.15726519,-0.12925938,-0.15392733,-0.1572612,-0.15725315,-0.15726322,-0.15726994,-0.16505513,-0.17392421,-0.15400577,-0.15728396,-0.15727532,-0.15728441,-0.2025511,-0.15354379,-0.14723541,-0.1531603,-0.11499533,-0.10471026,-0.11893196,-0.15400884,-0.1572227,-0.12959108,-0.19501048,-0.15401562,-0.18738703,-0.11705899,-0.17429145,-0.15400714,-0.06652963,-0.15379387,-0.10737923,-0.124497145,-0.15298569,-0.052188452,-0.26007295
k__Bacteria|p__Firmicutes|c__Clostridia|o__Eubacteriales|f__Lachnospiraceae|g__Lachnotalea|s__Lachnotalea_sp_AF33_28,-0.1004395,-0.12316422,-0.15331519,-0.15661745,-0.1566177,-0.23867357,-0.1666669,-0.16813041,-0.10929718,-0.22895765,-0.23728925,-0.15331984,-0.22850217,-0.3768707,-0.08556121,-0.15292773,-0.058144663,-0.15280521,-0.1565574,-0.19931981,-0.1978925,-0.1286092,-0.1532858,-0.12711628,-0.20043859,-0.11658599,-0.182019,-0.25032333,-0.1509206,-0.15329048,-0.15142563,-0.10844302,-0.18249588,-0.28454733,-0.15330698,-0.12878971,-0.15331751,-0.22338755,-0.1533202,-0.29867563,-0.15332022,-0.29356226,-0.12812082,-0.15317695,-0.13691942,-0.15331489,-0.23188588,-0.24781659,-0.1296162,-0.12879544,-0.24679694,-0.18279888,-0.25087595,-0.26027086,-0.28621647,-0.27511892,-0.11894142,-0.15323642,-0.040142577,-0.056944285,-0.1526202,-0.11274739,-0.13743341,-0.1286848,-0.15329917,-0.1566132,-0.15661749,-0.15661812,-0.27573854,-0.15328136,-0.12868638,-0.16243835,-0.12334165,-0.14074792,-0.15328732,-0.15887658,-0.14481027,-0.12877497,-0.18691605,-0.14998752,-0.1533086,-0.15659705,-0.15660784,-0.15654343,-0.120334074,-0.13700745,-0.08858878,-0.15330288,-0.19008024,-0.15331362,-0.2004665,-0.11139822,-0.1388583,-0.13027036,-0.1074974,-0.15152657,-0.15322101,-0.1563105,-0.10065024,-0.08152827,-0.09427856,-0.15326853,-0.11960925,-0.15027548,-0.16982608,-0.1185138,-0.15328446,-0.15661165,-0.17738779,-0.15176103,-0.15331636,-0.25953975,-0.17989698,-0.13525523,-0.1533137,-0.15095688,-0.17780018,-0.2009549,-0.15329354,-0.09015879,-0.1530323,-0.12151222,-0.121854745,-0.13997786,-0.21433522,-0.13908121,-0.16057305,-0.15324524,-0.07092635,-0.15271144,-0.15586893,-0.18733518,-0.15306641,-0.12867162,-0.12334781,-0.14100276,-0.15327483,-0.114095174,-0.25318068,-0.26654312,-0.12795064,-0.10945694,-0.15326637,-0.09238048,-0.20963459,-0.1533139,-0.15653533,-0.12820484,-0.15324524,-0.16015086,-0.1553517,-0.15331808,-0.19704957,-0.20616047,-0.1276583,-0.10460003,-0.11361031,-0.10256614,-0.15331098,-0.19495486,-0.15328787,-0.12812518,-0.15316457,-0.041086134,-0.12967405,-0.15331686,-0.2300741,-0.15329649,-0.10384405,-0.15195794,-0.0784167,-0.15318096,-0.12766197,-0.15320024,-0.121451,-0.075820275,-0.09192432,-0.101488546,-0.15306258,-0.15652746,-0.12378413,-0.15316355,-0.1410757,-0.13984437,-0.18093297,-0.15331922,-0.25777104,-0.12844054,-0.15323125,-0.13462572,-0.119081676,-0.15329131,-0.15661362,-0.1566152,-0.15661627,-0.19755594,-0.25103784,-0.20219928,-0.19465852,-0.24831252,-0.20506537,-0.22091979,-0.15330483,-0.12839945,-0.11956477,-0.1533004,-0.15661016,-0.20931396,-0.18224281,-0.15329155,-0.32474133,-0.15331745,-0.15661877,-0.15661776,-0.1566174,-0.2185038,-0.15329075,-0.114121355,-0.15329397,-0.15660423,-0.15661037,-0.22984435,-0.15331149,-0.15659283,-0.08963354,-0.15321499,-0.15657252,-0.156589,-0.15659049,-0.13302092,-0.1051107,-0.14014931,-0.15141064,-0.15839578,-0.15615125,-0.14613561,-0.1533081,-0.12319561,-0.12874849,-0.15327393,-0.15661862,-0.15661818,-0.15661818,-0.15661865,-0.38518023,-0.11451449,-0.15328118,-0.15564899,-0.14443555,-0.16636807,-0.15331301,-0.15654498,-0.12993515,-0.047159404,-0.14769825,-0.14016809,-0.14106366,-0.15317713,-0.19987361,-0.1649412,-0.17166539,-0.15329225,-0.15657914,-0.12722544,-0.14610182,-0.2588673,-0.12856156,-0.15319827,-0.09132757,-0.12832497,-0.13684332,-0.16221203,-0.15659244,-0.12800361,-0.15307456,-0.15652993,-0.15657589,-0.15660742,-0.15740095,-0.19795567,-0.15106063,-0.07294749,-0.2039893,-0.15328173,-0.15657458,-0.104459345,-0.15292993,-0.17466888,-0.13176009,-0.15328884,-0.15109587,-0.10913184,-0.15313356,-0.05825615,-0.14326635,-0.17082691,-0.15323111,-0.18883844,-0.15331846,-0.31316653,-0.15330923,-0.16808087,-0.14331596,-0.15331128,-0.15661538,-0.25088155,-0.15331884,-0.22115314,-0.07562123,-0.086852394,-0.10702289,-0.060967896,-0.14701092,2.515451,0.7312304,-0.22133875,-0.12812386,-0.0969081,-0.16398169,-0.12716047,-0.11335766,-0.18846886,-0.12874207,-0.17755464,-0.0994983,-0.115196005,-0.1532323,-0.11662802,-0.19749595,-0.14526704,-0.12781724,-0.096878245,-0.1532326,-0.15643233,-0.12434345,-0.11230643,-0.063823454,-0.15316623,-0.11419349,-0.10007019,-0.24483351,-0.15331933,-0.1566075,-0.16344379,-0.1759062,-0.12524253,-0.15330553,-0.0782174,-0.19187105,-0.18185812,-0.09859173,-0.11065883,-0.15299922,-0.15631345,-0.083404,-0.1213824,-0.13072303,-0.13855581,-0.19385117,-0.15328413,-0.15661243,-0.19487974,-0.23847799,-0.2432746,-0.12842558,-0.15312567,-0.15658535,-0.14520228,-0.2961179,-0.15331864,-0.19813283,-0.12865153,-0.15325812,-0.060104962,-0.15931924,-0.15331694,-0.2028091,-0.2868003,-0.11816878,-0.14795661,-0.10060286,-0.15316978,-0.13614628,-0.20725825,-0.17393659,-0.125103,-0.15657571,-0.15690626,-0.15331563,-0.15661472,-0.16221246,-0.22200036,-0.12880972,-0.2814266,-0.15331972,-0.1915083,-0.24371436,-0.16952515,-0.15323608,-0.13369927,-0.12557748,-0.15331268,-0.18106565,-0.15331948,-0.18642783,-0.1532654,-0.30462334,-0.15321386,-0.14691104,-0.13029914,-0.15330724,-0.15660307,-0.18915205,-0.12873511,-0.15331198,-0.10481856,-0.1650517,-0.15330987,-0.15661664,-0.15658888,-0.12834743,-0.15322018,-0.15658443,-0.15657581,-0.15658674,-0.15659454,-0.16505513,-0.17392421,-0.15330559,-0.15660983,-0.15660024,-0.15661032,-0.2025511,-0.15354379,-0.14723541,-0.15235908,-0.11499533,-0.10471026,-0.11893196,-0.15330906,-0.15654239,-0.12869716,-0.19501048,-0.15331645,-0.18738703,-0.11705899,-0.17429145,-0.15330735,-0.06652963,-0.1530767,-0.10737923,-0.124497145,-0.15298569,-0.052188452,-0.26007295
k__Bacteria|p__Firmicutes|c__Clostridia|o__Eubacteriales|f__Clostridiaceae|g__Clostridiaceae_unclassified|s__Clostridiaceae_bacterium_NSJ_33,-0.1004395,-0.12316422,-0.15396002,-0.15723765,-0.157238,-0.23867357,-0.1666669,-0.16813041,-0.10929718,-0.22895765,-0.23728925,-0.15396622,-0.22850217,-0.3768707,-0.08556121,-0.1534454,-0.058144663,-0.1532774,-0.15715751,-0.19931981,-0.1978925,-0.1293748,-0.15392071,-0.12711628,-0.20043859,-0.11658599,-0.182019,-0.25032333,-0.1509206,-0.153927,-0.15142563,-0.10844302,-0.18249588,-0.28454733,-0.15394905,-0.1296183,-0.15396315,-0.22338755,-0.1539667,-0.29867563,-0.15396678,-0.29356226,-0.12873267,-0.15377569,-0.13691942,-0.1539596,-0.23188588,-0.24781659,-0.1296162,-0.12962592,-0.24679694,-0.18279888,-0.25087595,-0.26027086,-0.28621647,-0.27511892,-0.11894142,-0.1538548,-0.040142577,-0.056944285,-0.15303192,-0.11274739,-0.13743341,-0.12947616,-0.15393867,-0.15723196,-0.15723771,-0.15723854,-0.27573854,-0.15391493,-0.12948003,-0.16243835,-0.12334165,-0.14074792,-0.15392272,-0.15887658,-0.14481027,-0.12959835,-0.18691605,-0.14998752,-0.1539512,-0.15721038,-0.15722483,-0.15713899,-0.120334074,-0.13700745,-0.08858878,-0.15394355,-0.19008024,-0.15395793,-0.2004665,-0.11139822,-0.1388583,-0.13027036,-0.1074974,-0.15152657,-0.15383393,-0.15683466,-0.10065024,-0.08152827,-0.09427856,-0.15389755,-0.11960925,-0.15027548,-0.16982608,-0.1185138,-0.15391901,-0.15722987,-0.17738779,-0.15176103,-0.1539616,-0.25953975,-0.17989698,-0.13525523,-0.15395802,-0.15095688,-0.17780018,-0.2009549,-0.15393123,-0.09015879,-0.15358135,-0.12151222,-0.121854745,-0.13997786,-0.21433522,-0.13908121,-0.16057305,-0.15386637,-0.07092635,-0.15315434,-0.1562399,-0.18733518,-0.15362883,-0.12946072,-0.12334781,-0.14100276,-0.15390602,-0.114095174,-0.25318068,-0.26654312,-0.12848964,-0.10945694,-0.15389466,-0.09238048,-0.20963459,-0.1539583,-0.15712854,-0.12883034,-0.15386674,-0.16015086,-0.1553517,-0.1539639,-0.19704957,-0.20616047,-0.1281198,-0.10460003,-0.11361031,-0.10256614,-0.15395437,-0.19495486,-0.15392333,-0.12872668,-0.1537584,-0.041086134,-0.12967405,-0.15396225,-0.2300741,-0.15393482,-0.10384405,-0.1521497,-0.0784167,-0.1537809,-0.12766197,-0.15380631,-0.121451,-0.075820275,-0.09192432,-0.101488546,-0.15362218,-0.15711719,-0.12378413,-0.15376279,-0.1410757,-0.13984437,-0.18093297,-0.15396541,-0.25777104,-0.12844054,-0.15384874,-0.13462572,-0.119081676,-0.15392804,-0.15723255,-0.15723465,-0.15723608,-0.19755594,-0.25103784,-0.20219928,-0.19465852,-0.24831252,-0.20506537,-0.22091979,-0.1539462,-0.12908876,-0.11956477,-0.1539402,-0.1572279,-0.20931396,-0.18224281,-0.15392879,-0.32474133,-0.15396303,-0.15723942,-0.15723805,-0.15723759,-0.2185038,-0.15392789,-0.114121355,-0.15393177,-0.15722005,-0.15722819,-0.22984435,-0.15395507,-0.15720558,-0.08963354,-0.15382639,-0.15717748,-0.15719967,-0.15720153,-0.13302092,-0.1051107,-0.14014931,-0.15141064,-0.15839578,-0.15615125,-0.14613561,-0.15395051,-0.12319561,-0.1295628,-0.153905,-0.1572392,-0.15723862,-0.15723862,-0.15723926,-0.38518023,-0.11451449,-0.15391453,-0.15564899,-0.14443555,-0.16636807,-0.15395713,-0.15714104,-0.12993515,-0.047159404,-0.14647077,-0.14016809,-0.14106366,-0.15377548,-0.19987361,-0.1649412,-0.17166539,-0.15392932,-0.15718628,-0.12722544,-0.14610182,-0.2588673,-0.12930802,-0.1538036,-0.09132757,-0.12832497,-0.13684332,-0.16221203,-0.15659244,-0.12856558,-0.15363933,-0.15712062,-0.15718198,-0.15722421,-0.15740095,-0.19795567,-0.15106063,-0.07294749,-0.2039893,-0.15391538,-0.15718019,-0.104459345,-0.15346763,-0.17466888,-0.13176009,-0.15392469,-0.15109587,-0.10913184,-0.153718,-0.05825615,-0.14326635,-0.17082691,-0.1538477,-0.18883844,-0.15396442,-0.31316653,-0.15395208,-0.16808087,-0.14331596,-0.15395477,-0.15723489,-0.25088155,-0.15396489,-0.22115314,-0.07562123,-0.086852394,-0.10702289,1.7958201,-0.14554939,4.457599,0.6456852,-0.22133875,-0.12812386,-0.0969081,-0.16398169,-0.12716047,-0.11335766,-0.18846886,-0.12955387,-0.17755464,-0.0994983,-0.115196005,-0.15384921,-0.11662802,-0.19749595,-0.14526704,-0.12781724,-0.096878245,-0.15384947,-0.15698998,-0.12434345,-0.11230643,-0.063823454,-0.153761,-0.11419349,-0.10007019,-0.24483351,-0.15396556,-0.15722431,-0.16344379,-0.1759062,-0.12524253,-0.15394709,-0.0782174,-0.19187105,-0.18185812,-0.09859173,-0.11065883,-0.15353715,-0.15683103,-0.083404,-0.1213824,-0.13072303,-0.13855581,-0.19385117,-0.15391858,-0.15723094,-0.19487974,-0.23847799,-0.2432746,-0.12913196,-0.15370667,-0.1571948,-0.14520228,-0.2961179,-0.15396462,-0.19813283,-0.12943122,-0.15388383,-0.060104962,-0.15931924,-0.15396237,-0.2028091,-0.2868003,-0.11816878,-0.14795661,-0.10060286,-0.1537658,-0.13614628,-0.20725825,-0.17393659,-0.125103,-0.15657571,-0.15690626,-0.15396062,-0.157234,-0.16221246,-0.22200036,-0.12964506,-0.2814266,-0.15396608,-0.1915083,-0.24371436,-0.16952515,-0.1538552,-0.13369927,-0.12557748,-0.15395665,-0.18106565,-0.15396577,-0.18642783,-0.15389398,-0.30462334,-0.15382479,-0.14691104,-0.13029914,-0.1539494,-0.15721843,-0.18915205,-0.12954454,-0.15395571,-0.10481856,-0.1650517,-0.15395293,-0.15723656,-0.15719935,-0.12901601,-0.15383281,-0.15719356,-0.1571821,-0.1571967,-0.15720707,-0.16505513,-0.17392421,-0.1539472,-0.15722747,-0.15721466,-0.15722813,-0.2025511,-0.15354379,-0.14723541,-0.15268515,-0.11499533,-0.10471026,-0.11893196,-0.15395182,-0.15713787,-0.12949356,-0.19501048,-0.15396175,-0.18738703,-0.11705899,-0.17429145,-0.15394944,-0.06652963,-0.15364128,-0.10737923,-0.124497145,-0.15298569,-0.052188452,-0.26007295
k__Bacteria|p__Firmicutes|c__Negativicutes|o__Veillonellales|f__Veillonellaceae|g__Veillonella|s__Veillonella_tobetsuensis,-0.1004395,-0.12316422,-0.1541481,-0.15742768,-0.1574279,-0.23867357,-0.1666669,-0.16813041,-0.10929718,-0.22895765,-0.23728925,-0.15415204,-0.22850217,-0.3768707,-0.08556121,-0.15381953,-0.058144663,-0.15371642,-0.15737689,-0.19931981,-0.1978925,-0.12963443,-0.15412322,-0.12711628,-0.20043859,-0.11658599,-0.182019,-0.25032333,-0.1509206,-0.15412718,-0.15142563,-0.10844302,-0.18249588,-0.28454733,-0.15414101,-0.12979057,-0.15415007,-0.22338755,-0.15415232,-0.29867563,-0.15415236,-0.29356226,-0.12921482,-0.15403108,-0.13691942,-0.15414783,-0.23188588,-0.24781659,-0.1296162,-0.1297954,-0.24679694,-0.18279888,-0.25087595,-0.26027086,-0.28621647,-0.27511892,-0.11894142,-0.15408133,-0.040142577,-0.056944285,-0.15356019,-0.11274739,-0.13743341,-0.12969956,-0.15413454,-0.15742408,-0.1574277,-0.15742823,-0.27573854,-0.1541194,-0.12970167,-0.16243835,-0.12334165,-0.14074792,-0.1541245,-0.15887658,-0.14481027,-0.12977761,-0.18691605,-0.14998752,-0.15414251,-0.15741041,-0.15741953,-0.1573647,-0.120334074,-0.13700745,-0.08858878,-0.15413767,-0.19008024,-0.15414678,-0.2004665,-0.11139822,-0.1388583,-0.13027036,-0.1074974,-0.15152657,-0.15406835,-0.15716699,-0.10065024,-0.08152827,-0.09427856,-0.15410858,-0.11960925,-0.15027548,-0.16982608,-0.1185138,-0.15412211,-0.15742275,-0.17738779,-0.15176103,-0.15414909,-0.25953975,-0.17989698,-0.13525523,-0.15414682,-0.15095688,-0.17780018,-0.2009549,-0.15412962,-0.09015879,-0.1539084,-0.12151222,-0.121854745,-0.13997786,-0.21433522,-0.13908121,-0.16057305,-0.15408887,-0.07092635,-0.15363705,-0.15679464,-0.18733518,-0.15393785,-0.12968692,-0.12334781,-0.14100276,-0.15411395,-0.114095174,-0.25318068,-0.26654312,-0.12906164,-0.10945694,-0.15410677,-0.09238048,-0.20963459,-0.15414701,-0.15735883,-0.1292819,-0.15408899,-0.16015086,-0.1553517,-0.15415055,-0.19704957,-0.20616047,-0.1288139,-0.10460003,-0.11361031,-0.10256614,-0.15414454,-0.19495486,-0.15412481,-0.1292176,-0.15402065,-0.041086134,-0.12967405,-0.1541495,-0.2300741,-0.1541322,-0.10384405,-0.15299664,-0.0784167,-0.1540346,-0.12766197,-0.15405078,-0.121451,-0.075820275,-0.09192432,-0.101488546,-0.15393376,-0.15735146,-0.12378413,-0.15401958,-0.1410757,-0.13984437,-0.18093297,-0.1541515,-0.25777104,-0.12844054,-0.15407732,-0.13462572,-0.119081676,-0.15412791,-0.15742445,-0.15742579,-0.15742669,-0.19755594,-0.25103784,-0.20219928,-0.19465852,-0.24831252,-0.20506537,-0.22091979,-0.15413931,-0.12945205,-0.11956477,-0.15413558,-0.1574215,-0.20931396,-0.18224281,-0.15412806,-0.32474133,-0.15415001,-0.1574288,-0.15742794,-0.15742764,-0.2185038,-0.15412739,-0.114121355,-0.15413015,-0.1574165,-0.15742168,-0.22984435,-0.15414497,-0.1574069,-0.08963354,-0.15406325,-0.15738964,-0.15740362,-0.15740485,-0.13302092,-0.1051107,-0.14014931,-0.15141064,-0.15839578,-0.15615125,-0.14613561,-0.15414208,-0.12319561,-0.12975542,-0.1541132,-0.15742865,-0.15742828,-0.1574283,-0.1574287,-0.38518023,-0.11451449,-0.15411931,-0.15564899,-0.14443555,-0.16636807,-0.15414625,-0.15736637,-0.12993515,-0.047159404,-0.14940101,-0.14016809,-0.14106366,-0.1540313,-0.19987361,-0.1649412,-0.17166539,-0.15412867,-0.15739526,-0.12722544,-0.14610182,-0.2588673,-0.12959194,-0.15404901,-0.09132757,-0.12832497,-0.13684332,-0.16221203,-0.15659244,-0.12910323,-0.15394433,-0.15735355,-0.15739249,-0.15741917,-0.15740095,-0.19795567,-0.15106063,-0.07294749,-0.2039893,-0.15411979,-0.1573914,-0.104459345,-0.15381953,-0.17466888,-0.13176009,-0.15412578,-0.15109587,-0.10913184,-0.15399419,-0.05825615,-0.14326635,-0.17082691,-0.15407696,-0.18883844,-0.15415087,-0.31316653,-0.15414305,-0.16808087,-0.14331596,-0.15414478,-0.15742594,-0.25088155,-0.15415117,-0.22115314,-0.07562123,-0.086852394,-0.10702289,-0.060967896,-0.14881553,-0.16796505,-0.15746465,-0.22133875,-0.12812386,-0.0969081,-0.16398169,-0.12716047,-0.11335766,-0.18846886,-0.12974966,-0.17755464,-0.0994983,-0.115196005,-0.15407795,-0.11662802,-0.19749595,-0.14526704,-0.12781724,-0.096878245,-0.15407811,-0.15727083,-0.12434345,-0.11230643,-0.063823454,-0.15402192,-0.11419349,-0.10007019,4.32201,-0.15415159,-0.15741923,-0.16344379,-0.1759062,-0.12524253,-0.15413992,-0.0782174,-0.19187105,-0.18185812,-0.09859173,-0.11065883,-0.15388054,-0.1571703,-0.083404,-0.1213824,-0.13072303,-0.13855581,-0.19385117,-0.15412182,-0.15742344,-0.19487974,-0.23847799,-0.2432746,-0.12948364,-0.15398762,-0.15740052,-0.14520228,-0.2961179,-0.15415102,-0.19813283,-0.1296703,-0.15409976,-0.060104962,-0.15931924,-0.15414959,-0.2028091,-0.2868003,-0.11816878,-0.14795661,-0.10060286,-0.154025,-0.13614628,-0.20725825,-0.17393659,-0.125103,-0.15657571,-0.15690626,-0.15414847,-0.15742537,-0.16221246,-0.22200036,-0.12980759,-0.2814266,-0.15415192,-0.1915083,-0.24371436,-0.16952515,-0.15408117,-0.13369927,-0.12557748,-0.15414597,-0.18106565,-0.15415174,-0.18642783,-0.15410595,-0.30462334,-0.15406236,-0.14691104,-0.13029914,-0.15414137,-0.15741554,-0.18915205,-0.12974352,-0.15414539,-0.10481856,-0.1650517,-0.15414359,-0.15742698,-0.15740342,-0.1294137,-0.1540676,-0.15739973,-0.15739246,-0.15740171,-0.1574083,-0.16505513,-0.17392421,-0.15413997,-0.15742123,-0.15741313,-0.15742165,-0.2025511,-0.15354379,-0.14723541,-0.15333942,-0.11499533,-0.10471026,-0.11893196,-0.1541429,-0.15736422,-0.12971118,-0.19501048,-0.15414917,-0.18738703,-0.11705899,-0.17429145,-0.15414138,-0.06652963,-0.1539461,-0.10737923,-0.124497145,-0.15298569,-0.052188452,-0.26007295
k__Bacteria|p__Firmicutes|c__Bacilli|o__Lactobacillales|f__Lactobacillaceae|g__Limosilactobacillus|s__Limosilactobacillus_vaginalis,-0.1004395,-0.12316422,-0.15413725,-0.15745634,-0.15745655,-0.23867357,-0.1666669,-0.16813041,-0.10929718,-0.22895765,-0.23728925,-0.1541406,-0.22850217,-0.3768707,-0.08556121,-0.15384626,-0.058144663,-0.15376109,-0.1574126,-0.19931981,-0.1978925,-0.12934294,-0.15411565,-0.12711628,-0.20043859,-0.11658599,-0.182019,-0.25032333,-0.1509206,-0.1541192,-0.15142563,-0.10844302,-0.18249588,-0.28454733,-0.15413094,-0.12948507,-0.15413892,-0.22338755,-0.15414087,-0.29867563,-0.15414092,-0.29356226,-0.12897047,-0.15403682,-0.13691942,-0.15413699,-0.23188588,-0.24781659,-0.1296162,-0.1294896,-0.24679694,-0.18279888,-0.25087595,-0.26027086,-0.28621647,-0.27511892,-0.11894142,-0.1540795,-0.040142577,-0.056944285,-0.15363504,-0.11274739,-0.13743341,-0.12940384,-0.15412569,-0.15745325,-0.15745638,-0.15745685,-0.27573854,-0.15411162,-0.12940608,-0.16243835,-0.12334165,-0.14074792,-0.15411693,-0.15887658,-0.14481027,-0.12947342,-0.18691605,-0.14998752,-0.15413243,-0.15744153,-0.15744941,-0.15739855,-0.120334074,-0.13700745,-0.08858878,-0.15412825,-0.19008024,-0.15413609,-0.2004665,-0.11139822,-0.1388583,-0.13027036,-0.1074974,-0.15152657,-0.15406847,-0.15721397,-0.10065024,-0.08152827,-0.09427856,-0.15410298,-0.11960925,-0.15027548,-0.16982608,-0.1185138,-0.15411486,-0.15745209,-0.17738779,-0.15176103,-0.15413809,-0.25953975,-0.17989698,-0.13525523,-0.15413614,-0.15095688,-0.17780018,-0.2009549,-0.1541208,-0.09015879,-0.15392983,-0.12151222,-0.121854745,-0.13997786,-0.21433522,-0.13908121,-0.16057305,-0.15408587,-0.07092635,-0.15369295,-0.15691826,-0.18733518,-0.15395565,-0.12939458,-0.12334781,-0.14100276,-0.15410781,-0.114095174,-0.25318068,-0.26654312,-0.12879673,-0.10945694,-0.15410149,-0.09238048,-0.20963459,-0.1541363,-0.15739521,-0.12901983,-0.15408605,-0.16015086,-0.1553517,-0.15413934,-0.19704957,-0.20616047,-0.12858257,-0.10460003,-0.11361031,-0.10256614,-0.15413414,-0.19495486,-0.15411606,-0.1289482,-0.15402609,-0.041086134,-0.12967405,-0.15413848,-0.2300741,-0.15412264,-0.10384405,-0.15312688,-0.0784167,-0.15403873,-0.12766197,-0.15405327,-0.121451,-0.075820275,-0.09192432,-0.101488546,-0.15395227,-0.15739045,-0.12378413,-0.15401804,-0.1410757,-0.13984437,-0.18093297,-0.15414017,-0.25777104,-0.12844054,-0.154073,-0.13462572,-0.119081676,-0.15411973,-0.15745357,-0.15745471,-0.15745549,-0.19755594,-0.25103784,-0.20219928,-0.19465852,-0.24831252,-0.20506537,-0.22091979,-0.1541295,-0.12917554,-0.11956477,-0.15412638,-0.15745105,-0.20931396,-0.18224281,-0.15411967,-0.32474133,-0.15413886,-0.15745732,-0.15745658,-0.15745631,-0.2185038,-0.15411848,-0.114121355,-0.15412188,-0.15744686,-0.15745117,-0.22984435,-0.15413451,-0.15743828,-0.08963354,-0.15406424,-0.15742344,-0.15743579,-0.15743661,-0.13302092,-0.1051107,-0.14014931,-0.15141064,-0.15839578,-0.15615125,-0.14613561,-0.15413201,-0.12319561,-0.12945446,-0.15410759,-0.15745719,-0.15745687,-0.15745687,-0.15745723,-0.38518023,-0.11451449,-0.1541125,-0.15564899,-0.14443555,-0.16636807,-0.1541357,-0.15740319,-0.12993515,-0.047159404,-0.1500983,-0.14016809,-0.14106366,-0.1540372,-0.19987361,-0.1649412,-0.17166539,-0.15412049,-0.15742825,-0.12722544,-0.14610182,-0.2588673,-0.12929611,-0.1540513,-0.09132757,-0.12832497,-0.13684332,-0.16221203,-0.15659244,-0.12881824,-0.15396068,-0.15739237,-0.1574259,-0.15744899,-0.15740095,-0.19795567,-0.15106063,-0.07294749,-0.2039893,-0.15411305,-0.1574248,-0.104459345,-0.1538278,-0.17466888,-0.13176009,-0.15411788,-0.15109587,-0.10913184,-0.15400296,-0.05825615,-0.14326635,-0.17082691,-0.15407632,-0.18883844,-0.15413964,-0.31316653,-0.15413293,-0.16808087,-0.14331596,-0.15413438,-0.15745485,-0.25088155,-0.15413989,-0.22115314,-0.07562123,-0.086852394,-0.10702289,-0.060967896,-0.14960054,-0.16796505,-0.15746465,-0.22133875,-0.12812386,-0.0969081,-0.16398169,-0.12716047,-0.11335766,-0.18846886,-0.12944822,-0.17755464,-0.0994983,-0.115196005,-0.1540769,-0.11662802,7.359344,-0.14526704,-0.12781724,-0.096878245,-0.15407649,-0.15732057,-0.12434345,-0.11230643,-0.063823454,-0.15402777,-0.11419349,-0.10007019,-0.24483351,-0.15414023,-0.1574487,-0.16344379,-0.1759062,-0.12524253,-0.15413019,-0.0782174,-0.19187105,-0.18185812,-0.09859173,-0.11065883,-0.15390569,-0.1572339,-0.083404,-0.1213824,-0.13072303,-0.13855581,-0.19385117,-0.15411481,-0.15745269,-0.19487974,-0.23847799,-0.2432746,-0.12919891,-0.1539987,-0.157433,-0.14520228,-0.2961179,-0.15413974,-0.19813283,-0.12937444,-0.15409562,-0.060104962,-0.15931924,-0.15413852,-0.2028091,-0.2868003,-0.11816878,-0.14795661,-0.10060286,-0.15403159,-0.13614628,-0.20725825,-0.17393659,-0.125103,-0.15657571,-0.15690626,-0.15413758,-0.15745434,-0.16221246,-0.22200036,-0.12950023,-0.2814266,-0.15414053,-0.1915083,-0.24371436,-0.16952515,-0.15407693,-0.13369927,-0.12557748,-0.1541354,-0.18106565,-0.15414035,-0.18642783,-0.15410036,-0.30462334,-0.15406424,-0.14691104,-0.13029914,-0.15413147,-0.15744588,-0.18915205,-0.12944241,-0.15413485,-0.10481856,-0.1650517,-0.15413344,-0.15745577,-0.15743421,-0.12911856,-0.1540677,-0.15743248,-0.15742615,-0.15743415,-0.15743954,-0.16505513,-0.17392421,-0.15413031,-0.15745081,-0.15744388,-0.15745115,-0.2025511,-0.15354379,-0.14723541,-0.1534505,-0.11499533,-0.10471026,-0.11893196,-0.15413277,-0.15739933,-0.12941375,-0.19501048,-0.15413818,-0.18738703,-0.11705899,-0.17429145,-0.15413043,-0.06652963,-0.15396112,-0.10737923,-0.124497145,-0.15298569,-0.052188452,-0.26007295
k__Bacteria|p__Firmicutes|c__Clostridia|o__Eubacteriales|f__Clostridiaceae|g__Clostridiaceae_unclassified|s__Clostridiaceae_bacterium_Marseille_Q4143,-0.1004395,-0.12316422,-0.15528385,-0.15863289,-0.15863317,-0.23867357,-0.1666669,-0.16813041,-0.10929718,-0.22895765,-0.23728925,-0.15528905,-0.22850217,-0.3768707,-0.08556121,-0.15485579,-0.058144663,-0.15471977,-0.1585657,-0.19931981,-0.1978925,-0.13021392,-0.15525112,-0.12711628,-0.20043859,-0.11658599,-0.182019,-0.25032333,-0.1509206,-0.15525612,-0.15142563,-0.10844302,-0.18249588,-0.28454733,-0.1552746,-0.13041168,-0.15528649,-0.22338755,-0.15528947,-0.29867563,-0.15528953,-0.29356226,-0.12969291,-0.15512863,-0.13691942,-0.15528354,-0.23188588,-0.24781659,-0.1296162,-0.13041796,-0.24679694,-0.18279888,-0.25087595,-0.26027086,-0.28621647,-0.27511892,-0.11894142,-0.15519607,-0.040142577,-0.056944285,-0.15450478,-0.11274739,-0.13743341,-0.13029599,-0.15526584,-0.15862817,-0.15863293,-0.15863363,-0.27573854,-0.15524554,-0.13029817,-0.16243835,-0.12334165,-0.14074792,-0.15525281,-0.15887658,-0.14481027,-0.13039574,-0.18691605,-0.14998752,-0.15527652,-0.1586101,-0.15862209,-0.15854883,-0.120334074,-0.13700745,-0.08858878,-0.15527017,-0.19008024,-0.15528214,-0.2004665,-0.11139822,-0.1388583,-0.13027036,-0.1074974,-0.15152657,-0.15517902,-0.1582931,-0.10065024,-0.08152827,-0.09427856,-0.15523194,-0.11960925,-0.15027548,-0.16982608,-0.1185138,-0.15524933,-0.1586264,-0.17738779,-0.15176103,-0.15528518,-0.25953975,-0.17989698,-0.13525523,-0.15528223,-0.15095688,-0.17780018,-0.2009549,-0.15525907,-0.09015879,-0.15496978,-0.12151222,-0.121854745,-0.13997786,-0.21433522,-0.13908121,-0.16057305,-0.15520605,-0.07092635,-0.15461154,-0.15778916,-0.18733518,-0.15500173,-0.13028473,-0.12334781,-0.14100276,-0.1552389,-0.114095174,-0.25318068,-0.26654312,-0.12949839,-0.10945694,-0.15522955,-0.09238048,-0.20963459,-0.15528247,-0.15853907,-0.12977624,-0.1552056,-0.16015086,-0.1553517,-0.15528709,-0.19704957,-0.20616047,-0.12918721,-0.10460003,-0.11361031,-0.10256614,-0.15527923,-0.19495486,-0.15525301,-0.12969086,-0.15511656,-0.041086134,-0.12967405,-0.15528569,-0.2300741,-0.15526251,-0.10384405,-0.15377203,-0.0784167,-0.15513378,-0.12766197,-0.15515584,-0.121451,-0.075820275,-0.09192432,-0.101488546,-0.15500277,-0.15853286,-0.12378413,-0.15511519,-0.1410757,-0.13984437,-0.18093297,-0.15528838,-0.25777104,-0.12844054,-0.15518935,-0.13462572,-0.119081676,-0.15525743,-0.15862863,-0.15863037,-0.15863156,-0.19755594,-0.25103784,-0.20219928,-0.19465852,-0.24831252,-0.20506537,-0.22091979,-0.15527207,-0.1299872,-0.11956477,-0.15526743,-0.15862474,-0.20931396,-0.18224281,-0.15525717,-0.32474133,-0.1552864,-0.15863438,-0.15863323,-0.15863284,-0.2185038,-0.15525599,-0.114121355,-0.15525994,-0.1586179,-0.15862495,-0.22984435,-0.15527982,-0.15860486,-0.08963354,-0.15517187,-0.15858305,-0.15860099,-0.15860301,-0.13302092,-0.1051107,-0.14014931,-0.15141064,-0.15839578,-0.15615125,-0.14613561,-0.15527606,-0.12319561,-0.13036597,-0.15523744,-0.15863419,-0.15863368,-0.15863371,-0.15863425,-0.38518023,-0.11451449,-0.15524584,-0.15564899,-0.14443555,-0.16636807,-0.1552814,-0.15855041,-0.12993515,-0.047159404,-0.14895958,-0.14016809,-0.14106366,-0.15512949,-0.19987361,-0.1649412,-0.17166539,-0.15525833,-0.15859051,-0.12722544,-0.14610182,-0.2588673,-0.13016286,-0.15515393,-0.09132757,-0.12832497,-0.13684332,-0.16221203,-0.15659244,-0.12954926,-0.15501457,-0.15853536,-0.15858659,-0.1586217,-0.15740095,-0.19795567,-0.15106063,-0.07294749,-0.2039893,-0.15524635,-0.15858534,-0.104459345,-0.15486082,-0.17466888,-0.13176009,-0.15525472,-0.15109587,-0.10913184,-0.15508156,-0.05825615,-0.14326635,-0.17082691,-0.15518981,-0.18883844,-0.15528753,-0.31316653,-0.15527697,-0.16808087,-0.14331596,-0.15527952,-0.15863052,-0.25088155,-0.15528792,-0.22115314,-0.07562123,-0.086852394,-0.10702289,-0.060967896,-0.14819214,-0.16796505,-0.15746465,-0.22133875,-0.12812386,-0.0969081,-0.16398169,-0.12716047,-0.11335766,-0.18846886,-0.13035917,-0.17755464,-0.0994983,-0.115196005,-0.15519127,-0.11662802,-0.19749595,-0.14526704,-0.12781724,-0.096878245,-0.15519229,-0.15842673,-0.12434345,-0.11230643,-0.063823454,-0.15511797,-0.11419349,-0.10007019,-0.24483351,-0.1552885,-0.15862145,-0.16344379,-0.1759062,-0.12524253,-0.15527315,-0.0782174,-0.19187105,-0.18185812,-0.09859173,-0.11065883,-0.1549325,-0.15829436,-0.083404,-0.1213824,-0.13072303,-0.13855581,-0.19385117,-0.15524897,-0.15862729,-0.19487974,-0.23847799,-0.2432746,-0.13000943,-0.1550727,-0.15859693,-0.14520228,-0.2961179,-0.15528773,-0.19813283,-0.13025996,-0.15522,-0.060104962,-0.15931924,-0.15528582,-0.2028091,-0.2868003,-0.11816878,-0.14795661,-0.10060286,-0.15512109,-0.13614628,-0.20725825,-0.17393659,-0.125103,-0.15657571,-0.15690626,-0.15528436,-0.15862986,-0.16221246,-0.22200036,-0.13043374,-0.2814266,-0.15528893,-0.1915083,-0.24371436,-0.16952515,-0.15519413,-0.13369927,-0.12557748,-0.15528104,-0.18106565,-0.15528867,-0.18642783,-0.1552273,-0.30462334,-0.15517,-0.14691104,-0.13029914,-0.15527499,-0.15861689,-0.18915205,-0.13035157,-0.15528032,-0.10481856,-0.1650517,-0.15527785,-0.15863198,-0.15860006,-0.12991926,-0.15517822,-0.1585958,-0.15858635,-0.15859842,-0.15860733,-0.16505513,-0.17392421,-0.15527308,-0.15862443,-0.15861365,-0.15862496,-0.2025511,-0.15354379,-0.14723541,-0.15420681,-0.11499533,-0.10471026,-0.11893196,-0.15527701,-0.15854761,-0.13031043,-0.19501048,-0.15528524,-0.18738703,-0.11705899,-0.17429145,-0.15527472,-0.06652963,-0.15501928,-0.10737923,-0.124497145,-0.15298569,-0.052188452,-0.26007295
k__Bacteria|p__Firmicutes|c__Clostridia|o__Eubacteriales|f__Clostridiaceae|g__Clostridium|s__Clostridium_sp_AF27_2AA,-0.1004395,-0.12316422,-0.15520397,-0.15850982,-0.15851009,-0.23867357,-0.1666669,-0.16813041,-0.10929718,-0.22895765,-0.23728925,-0.15520872,-0.22850217,-0.3768707,-0.08556121,-0.15480998,-0.058144663,-0.154679,-0.15844837,-0.19931981,-0.1978925,-0.13046753,-0.15517376,-0.12711628,-0.20043859,-0.11658599,-0.182019,-0.25032333,-0.1509206,-0.1551787,-0.15142563,-0.10844302,-0.18249588,-0.28454733,-0.15519561,-0.13065179,-0.15520632,-0.22338755,-0.15520908,-0.29867563,-0.15520914,-0.29356226,-0.12997863,-0.15506291,-0.13691942,-0.15520363,-0.23188588,-0.24781659,-0.1296162,-0.13065764,-0.24679694,-0.18279888,-0.25087595,-0.26027086,-0.28621647,-0.27511892,-0.11894142,-0.15512314,-0.040142577,-0.056944285,-0.15449283,-0.11274739,-0.13743341,-0.13054541,-0.1551876,-0.15850547,-0.15850985,-0.1585105,-0.27573854,-0.15516976,-0.13054663,-0.16243835,-0.12334165,-0.14074792,-0.15517531,-0.15887658,-0.14481027,-0.13063656,-0.18691605,-0.14998752,-0.15519717,-0.15848887,-0.1585,-0.15843493,-0.120334074,-0.13700745,-0.08858878,-0.1551913,-0.19008024,-0.15520234,-0.2004665,-0.11139822,-0.1388583,-0.13027036,-0.1074974,-0.15152657,-0.15510717,-0.15820324,-0.10065024,-0.08152827,-0.09427856,-0.155156,-0.11960925,-0.15027548,-0.16982608,-0.1185138,-0.15517253,-0.15850386,-0.17738779,-0.15176103,-0.15520516,-0.25953975,-0.17989698,-0.13525523,-0.1552024,-0.15095688,-0.17780018,-0.2009549,-0.1551822,-0.09015879,-0.15491304,-0.12151222,-0.121854745,-0.13997786,-0.21433522,-0.13908121,-0.16057305,-0.15513206,-0.07092635,-0.15458618,-0.15774697,-0.18733518,-0.15495174,-0.13053423,-0.12334781,-0.14100276,-0.15516251,-0.114095174,-0.25318068,-0.26654312,-0.1298072,-0.10945694,-0.15515375,-0.09238048,-0.20963459,-0.15520263,-0.1584271,-0.13006896,-0.15513253,-0.16015086,-0.1553517,-0.1552069,-0.19704957,-0.20616047,-0.12951484,-0.10460003,-0.11361031,-0.10256614,-0.15519962,-0.19495486,-0.15517606,-0.12999363,-0.15504928,-0.041086134,-0.12967405,-0.15520568,-0.2300741,-0.1551849,-0.10384405,-0.15381624,-0.0784167,-0.15506667,-0.12766197,-0.15508604,-0.121451,-0.075820275,-0.09192432,-0.101488546,-0.1549448,-0.15841731,-0.12378413,-0.1550512,-0.1410757,-0.13984437,-0.18093297,-0.1552081,-0.25777104,-0.12844054,-0.15511867,-0.13462572,-0.119081676,-0.1551794,-0.15850592,-0.15850751,-0.1585086,-0.19755594,-0.25103784,-0.20219928,-0.19465852,-0.24831252,-0.20506537,-0.22091979,-0.15519342,-0.13026527,-0.11956477,-0.15518871,-0.15850234,-0.20931396,-0.18224281,-0.15518004,-0.32474133,-0.15520623,-0.15851119,-0.15851012,-0.15850976,-0.2185038,-0.15517917,-0.114121355,-0.1551823,-0.15849638,-0.15850256,-0.22984435,-0.15520015,-0.15848511,-0.08963354,-0.15510143,-0.15846354,-0.15848073,-0.15848204,-0.13302092,-0.1051107,-0.14014931,-0.15141064,-0.15839578,-0.15615125,-0.14613561,-0.15519662,-0.12319561,-0.13060994,-0.15516183,-0.15851101,-0.15851057,-0.15851057,-0.15851106,-0.38518023,-0.11451449,-0.15516907,-0.15564899,-0.14443555,-0.16636807,-0.15520173,-0.15843618,-0.12993515,-0.047159404,-0.14947611,-0.14016809,-0.14106366,-0.15506244,-0.19987361,-0.1649412,-0.17166539,-0.15518036,-0.1584703,-0.12722544,-0.14610182,-0.2588673,-0.13042074,-0.15508397,-0.09132757,-0.12832497,-0.13684332,-0.16221203,-0.15659244,-0.12986985,-0.15495807,-0.15841998,-0.15846708,-0.15849951,-0.15740095,-0.19795567,-0.15106063,-0.07294749,-0.2039893,-0.15516976,-0.15846565,-0.104459345,-0.15482247,-0.17466888,-0.13176009,-0.15517676,-0.15109587,-0.10913184,-0.15501857,-0.05825615,-0.14326635,-0.17082691,-0.15511784,-0.18883844,-0.15520732,-0.31316653,-0.15519793,-0.16808087,-0.14331596,-0.15519993,-0.1585077,-0.25088155,-0.1552077,-0.22115314,-0.07562123,-0.086852394,-0.10702289,-0.060967896,-0.14876705,-0.16796505,-0.15746465,-0.22133875,-0.12812386,-0.0969081,-0.16398169,-0.12716047,-0.11335766,-0.18846886,-0.13060334,-0.17755464,-0.0994983,-0.115196005,-0.15511897,-0.11662802,-0.19749595,-0.14526704,-0.12781724,-0.096878245,-0.15511894,-0.15831986,-0.12434345,-0.11230643,-0.063823454,-0.1550513,-0.11419349,-0.10007019,-0.24483351,-0.1552082,-0.15849969,-0.16344379,-0.1759062,-0.12524253,-0.155194,-0.0782174,-0.19187105,-0.18185812,-0.09859173,-0.11065883,-0.15487936,-0.1581979,-0.083404,-0.1213824,-0.13072303,-0.13855581,-0.19385117,-0.15517223,-0.15850466,-0.19487974,-0.23847799,-0.2432746,-0.13028547,-0.15500966,-0.15847698,-0.14520228,-0.2961179,-0.15520748,-0.19813283,-0.13051142,-0.15514562,-0.060104962,-0.15931924,-0.15520579,-0.2028091,-0.2868003,-0.11816878,-0.14795661,-0.10060286,-0.1550552,-0.13614628,-0.20725825,-0.17393659,-0.125103,-0.15657571,-0.15690626,-0.15520442,-0.15850702,-0.16221246,-0.22200036,-0.13067228,-0.2814266,-0.15520859,-0.1915083,-0.24371436,-0.16952515,-0.15512416,-0.13369927,-0.12557748,-0.15520138,-0.18106565,-0.15520835,-0.18642783,-0.15515357,-0.30462334,-0.15510044,-0.14691104,-0.13029914,-0.1551958,-0.15849507,-0.18915205,-0.13059561,-0.15520066,-0.10481856,-0.1650517,-0.15519854,-0.15850899,-0.15848082,-0.13020884,-0.15510634,-0.1584761,-0.15846717,-0.15847844,-0.15848635,-0.16505513,-0.17392421,-0.15519415,-0.158502,-0.15849218,-0.1585025,-0.2025511,-0.15354379,-0.14723541,-0.15422873,-0.11499533,-0.10471026,-0.11893196,-0.15519768,-0.15843374,-0.13055687,-0.19501048,-0.15520528,-0.18738703,-0.11705899,-0.17429145,-0.15519597,-0.06652963,-0.15495943,-0.10737923,-0.124497145,-0.15298569,-0.052188452,-0.26007295
k__Bacteria|p__Firmicutes|c__Clostridia|o__Eubacteriales|f__Clostridiaceae|g__Clostridium|s__Clostridium_SGB4648,-0.1004395,-0.12316422,-0.1551909,-0.15857291,-0.15857321,-0.23867357,-0.1666669,-0.16813041,-0.10929718,-0.22895765,-0.23728925,-0.15519613,-0.22850217,-0.3768707,-0.08556121,-0.15475756,-0.058144663,-0.15461317,-0.15850523,-0.19931981,-0.1978925,-0.12986729,-0.15515761,-0.12711628,-0.20043859,-0.11658599,-0.182019,-0.25032333,-0.1509206,-0.15516299,-0.15142563,-0.10844302,-0.18249588,-0.28454733,-0.15518165,-0.13007306,-0.15519351,-0.22338755,-0.15519653,-0.29867563,-0.1551966,-0.29356226,-0.12933332,-0.15503535,-0.13691942,-0.15519051,-0.23188588,-0.24781659,-0.1296162,-0.13007955,-0.24679694,-0.18279888,-0.25087595,-0.26027086,-0.28621647,-0.27511892,-0.11894142,-0.15510187,-0.040142577,-0.056944285,-0.15440686,-0.11274739,-0.13743341,-0.12995322,-0.15517285,-0.15856811,-0.15857297,-0.15857369,-0.27573854,-0.15515286,-0.12995672,-0.16243835,-0.12334165,-0.14074792,-0.15515932,-0.15887658,-0.14481027,-0.13005634,-0.18691605,-0.14998752,-0.1551834,-0.15854985,-0.1585621,-0.15849002,-0.120334074,-0.13700745,-0.08858878,-0.15517694,-0.19008024,-0.1551891,-0.2004665,-0.11139822,-0.1388583,-0.13027036,-0.1074974,-0.15152657,-0.15508413,-0.15823525,-0.10065024,-0.08152827,-0.09427856,-0.15513802,-0.11960925,-0.15027548,-0.16982608,-0.1185138,-0.15515624,-0.15856634,-0.17738779,-0.15176103,-0.15519221,-0.25953975,-0.17989698,-0.13525523,-0.15518919,-0.15095688,-0.17780018,-0.2009549,-0.15516672,-0.09015879,-0.15487038,-0.12151222,-0.121854745,-0.13997786,-0.21433522,-0.13908121,-0.16057305,-0.15511158,-0.07092635,-0.15451083,-0.15773168,-0.18733518,-0.15491202,-0.12994191,-0.12334781,-0.14100276,-0.15514517,-0.114095174,-0.25318068,-0.26654312,-0.12911744,-0.10945694,-0.15513557,-0.09238048,-0.20963459,-0.15518941,-0.15848103,-0.12941487,-0.15511212,-0.16015086,-0.1553517,-0.15519413,-0.19704957,-0.20616047,-0.12880878,-0.10460003,-0.11361031,-0.10256614,-0.15518609,-0.19495486,-0.15515979,-0.12931691,-0.1550203,-0.041086134,-0.12967405,-0.15519276,-0.2300741,-0.15516955,-0.10384405,-0.15366282,-0.0784167,-0.15503944,-0.12766197,-0.15506083,-0.121451,-0.075820275,-0.09192432,-0.101488546,-0.15490523,-0.15847096,-0.12378413,-0.1550268,-0.1410757,-0.13984437,-0.18093297,-0.15519544,-0.25777104,-0.12844054,-0.15509674,-0.13462572,-0.119081676,-0.15516381,-0.15856862,-0.15857038,-0.15857159,-0.19755594,-0.25103784,-0.20219928,-0.19465852,-0.24831252,-0.20506537,-0.22091979,-0.15517923,-0.12962893,-0.11956477,-0.15517409,-0.15856469,-0.20931396,-0.18224281,-0.15516466,-0.32474133,-0.1551934,-0.15857443,-0.15857327,-0.15857285,-0.2185038,-0.15516374,-0.114121355,-0.15516704,-0.1585581,-0.15856493,-0.22984435,-0.15518668,-0.15854603,-0.08963354,-0.155078,-0.15852195,-0.15854084,-0.1585423,-0.13302092,-0.1051107,-0.14014931,-0.15141064,-0.15839578,-0.15615125,-0.14613561,-0.15518281,-0.12319561,-0.13002627,-0.15514445,-0.15857424,-0.15857373,-0.15857375,-0.15857428,-0.38518023,-0.11451449,-0.15515241,-0.15564899,-0.14443555,-0.16636807,-0.15518844,-0.15849149,-0.12993515,-0.047159404,-0.14887495,-0.14016809,-0.14106366,-0.15503488,-0.19987361,-0.1649412,-0.17166539,-0.1551649,-0.15852939,-0.12722544,-0.14610182,-0.2588673,-0.12981002,-0.15505853,-0.09132757,-0.12832497,-0.13684332,-0.16221203,-0.15659244,-0.12917933,-0.1549199,-0.15847391,-0.1585258,-0.15856156,-0.15740095,-0.19795567,-0.15106063,-0.07294749,-0.2039893,-0.15515319,-0.15852422,-0.104459345,-0.1547721,-0.17466888,-0.13176009,-0.1551609,-0.15109587,-0.10913184,-0.15498613,-0.05825615,-0.14326635,-0.17082691,-0.15509596,-0.18883844,-0.15519461,-0.31316653,-0.15518421,-0.16808087,-0.14331596,-0.15518644,-0.15857059,-0.25088155,-0.155195,-0.22115314,-0.07562123,-0.086852394,-0.10702289,-0.060967896,-0.1480936,-0.16796505,-0.15746465,-0.22133875,-0.12812386,-0.0969081,-0.16398169,-0.12716047,-0.11335766,-0.18846886,-0.13001862,-0.17755464,-0.0994983,-0.115196005,-0.15509719,-0.11662802,-0.19749595,-0.14526704,-0.12781724,-0.096878245,-0.1550972,-0.15836325,-0.12434345,-0.11230643,-0.063823454,-0.15502262,-0.11419349,-0.10007019,-0.24483351,-0.15519556,-0.15856168,-0.16344379,-0.1759062,-0.12524253,-0.15517992,-0.0782174,-0.19187105,-0.18185812,-0.09859173,-0.11065883,-0.15483296,-0.15822896,-0.083404,-0.1213824,-0.13072303,-0.13855581,-0.19385117,-0.1551559,-0.15856725,-0.19487974,-0.23847799,-0.2432746,-0.12965855,-0.15497655,-0.15853669,-0.14520228,-0.2961179,-0.15519477,-0.19813283,-0.12991466,-0.1551265,-0.060104962,-0.15931924,-0.15519288,-0.2028091,-0.2868003,-0.11816878,-0.14795661,-0.10060286,-0.1550268,-0.13614628,-0.20725825,-0.17393659,-0.125103,-0.15657571,-0.15690626,-0.15519139,-0.15856983,-0.16221246,-0.22200036,-0.1300957,-0.2814266,-0.155196,-0.1915083,-0.24371436,-0.16952515,-0.15510264,-0.13369927,-0.12557748,-0.15518805,-0.18106565,-0.15519574,-0.18642783,-0.1551353,-0.30462334,-0.15507673,-0.14691104,-0.13029914,-0.15518188,-0.15855664,-0.18915205,-0.13001066,-0.15518725,-0.10481856,-0.1650517,-0.1551849,-0.158572,-0.15854055,-0.12955713,-0.15508322,-0.15853572,-0.15852597,-0.15853833,-0.15854704,-0.16505513,-0.17392421,-0.15518007,-0.1585643,-0.15855348,-0.15856485,-0.2025511,-0.15354379,-0.14723541,-0.15411556,-0.11499533,-0.10471026,-0.11893196,-0.15518396,-0.1584889,-0.12996776,-0.19501048,-0.15519235,-0.18738703,-0.11705899,-0.17429145,-0.15518191,-0.06652963,-0.15492149,-0.10737923,-0.124497145,-0.15298569,-0.052188452,-0.26007295
k__Bacteria|p__Firmicutes|c__Clostridia|o__Eubacteriales|f__Oscillospiraceae|g__GGB79118|s__GGB79118_SGB105839,-0.1004395,-0.12316422,-0.15541714,-0.15870349,-0.15870383,-0.23867357,-0.1666669,-0.16813041,-0.10929718,-0.22895765,-0.23728925,-0.15542293,-0.22850217,-0.3768707,-0.08556121,-0.15493521,-0.058144663,-0.1547732,-0.1586287,-0.19931981,-0.1978925,-0.13078137,-0.15538025,-0.12711628,-0.20043859,-0.11658599,-0.182019,-0.25032333,-0.1509206,-0.15538645,-0.15142563,-0.10844302,-0.18249588,-0.28454733,-0.15540703,-0.13100976,-0.15542,-0.22338755,-0.15542336,-0.29867563,-0.15542343,-0.29356226,-0.13017955,-0.15524612,-0.13691942,-0.1554167,-0.23188588,-0.24781659,-0.1296162,-0.13101712,-0.24679694,-0.18279888,-0.25087595,-0.26027086,-0.28621647,-0.27511892,-0.11894142,-0.15531842,-0.040142577,-0.056944285,-0.15455398,-0.11274739,-0.13743341,-0.13087842,-0.15539733,-0.15869816,-0.15870357,-0.15870434,-0.27573854,-0.15537587,-0.13088045,-0.16243835,-0.12334165,-0.14074792,-0.15538219,-0.15887658,-0.14481027,-0.1309908,-0.18691605,-0.14998752,-0.15540883,-0.158678,-0.15869161,-0.15861319,-0.120334074,-0.13700745,-0.08858878,-0.15540165,-0.19008024,-0.15541513,-0.2004665,-0.11139822,-0.1388583,-0.13027036,-0.1074974,-0.15152657,-0.15529892,-0.15833712,-0.10065024,-0.08152827,-0.09427856,-0.15535848,-0.11960925,-0.15027548,-0.16982608,-0.1185138,-0.15537897,-0.15869623,-0.17738779,-0.15176103,-0.1554186,-0.25953975,-0.17989698,-0.13525523,-0.15541519,-0.15095688,-0.17780018,-0.2009549,-0.15539108,-0.09015879,-0.15506107,-0.12151222,-0.121854745,-0.13997786,-0.21433522,-0.13908121,-0.16057305,-0.15532917,-0.07092635,-0.1546636,-0.15778202,-0.18733518,-0.15511358,-0.13086392,-0.12334781,-0.14100276,-0.15536653,-0.114095174,-0.25318068,-0.26654312,-0.12996154,-0.10945694,-0.15535577,-0.09238048,-0.20963459,-0.15541548,-0.15860455,-0.13028617,-0.15533014,-0.16015086,-0.1553517,-0.15542072,-0.19704957,-0.20616047,-0.12960275,-0.10460003,-0.11361031,-0.10256614,-0.15541175,-0.19495486,-0.15538314,-0.13019289,-0.15522781,-0.041086134,-0.12967405,-0.15541926,-0.2300741,-0.15539396,-0.10384405,-0.15372312,-0.0784167,-0.15524967,-0.12766197,-0.15527314,-0.121451,-0.075820275,-0.09192432,-0.101488546,-0.1551005,-0.15859035,-0.12378413,-0.15523379,-0.1410757,-0.13984437,-0.18093297,-0.15542215,-0.25777104,-0.12844054,-0.15531403,-0.13462572,-0.119081676,-0.15538698,-0.15869872,-0.1587007,-0.15870203,-0.19755594,-0.25103784,-0.20219928,-0.19465852,-0.24831252,-0.20506537,-0.22091979,-0.1554044,-0.13052899,-0.11956477,-0.15539846,-0.15869442,-0.20931396,-0.18224281,-0.15538827,-0.32474133,-0.1554199,-0.15870517,-0.15870386,-0.15870342,-0.2185038,-0.15538713,-0.114121355,-0.15539092,-0.15868734,-0.15869467,-0.22984435,-0.1554124,-0.15867373,-0.08963354,-0.15529223,-0.15864682,-0.15866819,-0.15866944,-0.13302092,-0.1051107,-0.14014931,-0.15141064,-0.15839578,-0.15615125,-0.14613561,-0.15540807,-0.12319561,-0.13095845,-0.15536618,-0.15870497,-0.1587044,-0.15870441,-0.158705,-0.38518023,-0.11451449,-0.15537462,-0.15564899,-0.14443555,-0.16636807,-0.15541446,-0.15861484,-0.12993515,-0.047159404,-0.14849283,-0.14016809,-0.14106366,-0.15524498,-0.19987361,-0.1649412,-0.17166539,-0.1553883,-0.15865499,-0.12722544,-0.14610182,-0.2588673,-0.13072088,-0.15527037,-0.09132757,-0.12832497,-0.13684332,-0.16221203,-0.15659244,-0.13003631,-0.15511759,-0.15859379,-0.15865126,-0.1586909,-0.15740095,-0.19795567,-0.15106063,-0.07294749,-0.2039893,-0.15537561,-0.1586493,-0.104459345,-0.15497163,-0.17466888,-0.13176009,-0.15538374,-0.15109587,-0.10913184,-0.15519087,-0.05825615,-0.14326635,-0.17082691,-0.15531239,-0.18883844,-0.15542123,-0.31316653,-0.15540993,-0.16808087,-0.14331596,-0.1554122,-0.15870096,-0.25088155,-0.15542167,-0.22115314,-0.07562123,-0.086852394,-0.10702289,-0.060967896,-0.14762756,-0.16796505,-0.15746465,-0.22133875,-0.12812386,-0.0969081,-0.16398169,-0.12716047,-0.11335766,-0.18846886,-0.13094991,-0.17755464,-0.0994983,-0.115196005,-0.15531361,-0.11662802,-0.19749595,-0.14526704,-0.12781724,-0.096878245,-0.15531288,-0.15847139,-0.12434345,-0.11230643,-0.063823454,-0.15523061,-0.11419349,-0.10007019,-0.24483351,-0.15542229,-0.1586913,-0.16344379,-0.1759062,-0.12524253,-0.15540494,-0.0782174,-0.19187105,-0.18185812,-0.09859173,-0.11065883,-0.15502036,-0.15832269,-0.083404,-0.1213824,-0.13072303,-0.13855581,-0.19385117,-0.15537867,-0.15869722,-0.19487974,-0.23847799,-0.2432746,-0.13055828,-0.15517998,-0.15866356,-0.14520228,-0.2961179,-0.15542142,-0.19813283,-0.13083518,-0.15534614,-0.060104962,-0.15931924,-0.15541935,-0.2028091,-0.2868003,-0.11816878,-0.14795661,-0.10060286,-0.15523627,-0.13614628,-0.20725825,-0.17393659,-0.125103,-0.15657571,-0.15690626,-0.1554177,-0.15870008,-0.16221246,-0.22200036,-0.13103507,-0.2814266,-0.15542278,-0.1915083,-0.24371436,-0.16952515,-0.15532117,-0.13369927,-0.12557748,-0.15541402,-0.18106565,-0.15542248,-0.18642783,-0.15535653,-0.30462334,-0.15529169,-0.14691104,-0.13029914,-0.15540718,-0.15868548,-0.18915205,-0.13094023,-0.15541306,-0.10481856,-0.1650517,-0.15541057,-0.1587025,-0.15866852,-0.13045809,-0.15529776,-0.1586626,-0.15865162,-0.15866542,-0.15867484,-0.16505513,-0.17392421,-0.15540522,-0.15869394,-0.15868205,-0.15869457,-0.2025511,-0.15354379,-0.14723541,-0.15423849,-0.11499533,-0.10471026,-0.11893196,-0.15540946,-0.1586117,-0.13089217,-0.19501048,-0.15541875,-0.18738703,-0.11705899,-0.17429145,-0.15540741,-0.06652963,-0.15511778,-0.10737923,-0.124497145,-0.15298569,-0.052188452,-0.26007295
k__Bacteria|p__Firmicutes|c__Erysipelotrichia|o__Erysipelotrichales|f__Erysipelotrichaceae|g__Catenibacterium|s__Candidatus_Catenibacterium_tridentinum,-0.1004395,-0.12316422,-0.15512984,-0.15842912,-0.15842941,-0.23867357,-0.1666669,-0.16813041,-0.10929718,-0.22895765,-0.23728925,-0.15513484,-0.22850217,-0.3768707,-0.08556121,-0.15470761,-0.058144663,-0.15456575,-0.15836416,-0.19931981,-0.1978925,-0.13041829,-0.15509757,-0.12711628,-0.20043859,-0.11658599,-0.182019,-0.25032333,-0.1509206,-0.15510309,-0.15142563,-0.10844302,-0.18249588,-0.28454733,-0.15512079,-0.13062522,-0.15513231,-0.22338755,-0.15513521,-0.29867563,-0.15513529,-0.29356226,-0.12987168,-0.15498129,-0.13691942,-0.1551294,-0.23188588,-0.24781659,-0.1296162,-0.13063194,-0.24679694,-0.18279888,-0.25087595,-0.26027086,-0.28621647,-0.27511892,-0.11894142,-0.15504381,-0.040142577,-0.056944285,-0.15438221,-0.11274739,-0.13743341,-0.13050698,-0.15511271,-0.15842447,-0.15842919,-0.15842986,-0.27573854,-0.1550936,-0.13050942,-0.16243835,-0.12334165,-0.14074792,-0.15509936,-0.15887658,-0.14481027,-0.13060798,-0.18691605,-0.14998752,-0.1551226,-0.15840697,-0.15841886,-0.15834844,-0.120334074,-0.13700745,-0.08858878,-0.15511632,-0.19008024,-0.15512806,-0.2004665,-0.11139822,-0.1388583,-0.13027036,-0.1074974,-0.15152657,-0.15502673,-0.15809846,-0.10065024,-0.08152827,-0.09427856,-0.15507856,-0.11960925,-0.15027548,-0.16982608,-0.1185138,-0.1550967,-0.15842277,-0.17738779,-0.15176103,-0.1551311,-0.25953975,-0.17989698,-0.13525523,-0.15512812,-0.15095688,-0.17780018,-0.2009549,-0.15510684,-0.09015879,-0.1548188,-0.12151222,-0.121854745,-0.13997786,-0.21433522,-0.13908121,-0.16057305,-0.15505293,-0.07092635,-0.15447256,-0.15763447,-0.18733518,-0.15486687,-0.1304921,-0.12334781,-0.14100276,-0.15508574,-0.114095174,-0.25318068,-0.26654312,-0.12966366,-0.10945694,-0.15507625,-0.09238048,-0.20963459,-0.15512836,-0.15834177,-0.12996128,-0.15505412,-0.16015086,-0.1553517,-0.15513292,-0.19704957,-0.20616047,-0.12933414,-0.10460003,-0.11361031,-0.10256614,-0.1551251,-0.19495486,-0.15509936,-0.12986347,-0.15496406,-0.041086134,-0.12967405,-0.15513167,-0.2300741,-0.15510897,-0.10384405,-0.15365493,-0.0784167,-0.1549841,-0.12766197,-0.15500432,-0.121451,-0.075820275,-0.09192432,-0.101488546,-0.15485388,-0.15833034,-0.12378413,-0.15496624,-0.1410757,-0.13984437,-0.18093297,-0.15513417,-0.25777104,-0.12844054,-0.15503804,-0.13462572,-0.119081676,-0.15510345,-0.15842497,-0.1584267,-0.15842786,-0.19755594,-0.25103784,-0.20219928,-0.19465852,-0.24831252,-0.20506537,-0.22091979,-0.15511867,-0.13018058,-0.11956477,-0.15511346,-0.15842122,-0.20931396,-0.18224281,-0.15510455,-0.32474133,-0.1551322,-0.15843058,-0.15842944,-0.15842906,-0.2185038,-0.1551035,-0.114121355,-0.1551072,-0.15841523,-0.15842143,-0.22984435,-0.15512566,-0.15840334,-0.08963354,-0.15502131,-0.15837961,-0.15839854,-0.15839934,-0.13302092,-0.1051107,-0.14014931,-0.15141064,-0.15839578,-0.15615125,-0.14613561,-0.15512185,-0.12319561,-0.13057943,-0.15508583,-0.1584304,-0.15842992,-0.15842992,-0.15843043,-0.38518023,-0.11451449,-0.15509285,-0.15564899,-0.14443555,-0.16636807,-0.15512753,-0.15835205,-0.12993515,-0.047159404,-0.14915448,-0.14016809,-0.14106366,-0.15498039,-0.19987361,-0.1649412,-0.17166539,-0.15510467,-0.15838663,-0.12722544,-0.14610182,-0.2588673,-0.13035858,-0.15500152,-0.09132757,-0.12832497,-0.13684332,-0.16221203,-0.15659244,-0.12972942,-0.15486947,-0.15833354,-0.15838355,-0.15841815,-0.15740095,-0.19795567,-0.15106063,-0.07294749,-0.2039893,-0.15509385,-0.1583817,-0.104459345,-0.15472366,-0.17466888,-0.13176009,-0.15510055,-0.15109587,-0.10913184,-0.15493229,-0.05825615,-0.14326635,-0.17082691,-0.15503892,-0.18883844,-0.1551334,-0.31316653,-0.15512368,-0.16808087,-0.14331596,-0.15512548,-0.15842694,-0.25088155,-0.15513378,-0.22115314,-0.07562123,-0.086852394,-0.10702289,-0.060967896,-0.1484032,-0.16796505,-0.15746465,-0.22133875,-0.12812386,-0.0969081,-0.16398169,-0.12716047,-0.11335766,-0.18846886,-0.1305711,-0.17755464,-0.0994983,-0.115196005,-0.15503974,-0.11662802,-0.19749595,-0.14526704,-0.12781724,-0.096878245,-0.1550386,-0.15822658,-0.12434345,-0.11230643,-0.063823454,-0.15496716,-0.11419349,-0.10007019,-0.24483351,-0.15513429,-0.15841825,-0.16344379,-0.1759062,-0.12524253,-0.15511915,-0.0782174,-0.19187105,-0.18185812,-0.09859173,-0.11065883,-0.15478347,-0.15809698,-0.083404,-0.1213824,-0.13072303,-0.13855581,-0.19385117,-0.15509655,-0.15842365,-0.19487974,-0.23847799,-0.2432746,-0.13021372,-0.15492314,-0.15839443,-0.14520228,-0.2961179,-0.15513352,-0.19813283,-0.13046587,-0.15506811,-0.060104962,-0.15931924,-0.15513176,-0.2028091,-0.2868003,-0.11816878,-0.14795661,-0.10060286,-0.1549727,-0.13614628,-0.20725825,-0.17393659,-0.125103,-0.15657571,-0.15690626,-0.15513031,-0.15842614,-0.16221246,-0.22200036,-0.1306478,-0.2814266,-0.15513472,-0.1915083,-0.24371436,-0.16952515,-0.1550445,-0.13369927,-0.12557748,-0.15512711,-0.18106565,-0.15513447,-0.18642783,-0.15507686,-0.30462334,-0.15502141,-0.14691104,-0.13029914,-0.15512116,-0.15841341,-0.18915205,-0.13056247,-0.15512623,-0.10481856,-0.1650517,-0.15512416,-0.15842825,-0.15839794,-0.1301144,-0.15502557,-0.15839373,-0.1583841,-0.15839615,-0.15840414,-0.16505513,-0.17392421,-0.1551195,-0.1584208,-0.1584105,-0.15842134,-0.2025511,-0.15354379,-0.14723541,-0.15411328,-0.11499533,-0.10471026,-0.11893196,-0.15512314,-0.15834792,-0.13051985,-0.19501048,-0.15513125,-0.18738703,-0.11705899,-0.17429145,-0.15512069,-0.06652963,-0.15486777,-0.10737923,-0.124497145,-0.15298569,-0.052188452,-0.26007295
k__Bacteria|p__Firmicutes|c__CFGB76688|o__OFGB76688|f__FGB76688|g__GGB4250|s__GGB4250_SGB5751,-0.1004395,-0.12316422,-0.15545976,-0.1587952,-0.15879601,-0.23867357,-0.1666669,-0.16813041,-0.10929718,-0.22895765,-0.23728925,-0.15547228,-0.22850217,-0.3768707,-0.08556121,-0.15440983,-0.058144663,-0.15398622,-0.15863203,-0.19931981,-0.1978925,-0.13015632,-0.15537693,-0.12711628,-0.20043859,-0.11658599,-0.182019,-0.25032333,-0.1509206,-0.15539277,-0.15142563,-0.10844302,-0.18249588,-0.28454733,-0.1554378,-0.13068528,-0.15546578,-0.22338755,-0.15547326,-0.29867563,-0.15547347,-0.29356226,-0.12873185,-0.15509224,-0.13691942,-0.15545821,-0.23188588,-0.24781659,-0.1296162,-0.13070339,-0.24679694,-0.18279888,-0.25087595,-0.26027086,-0.28621647,-0.27511892,-0.11894142,-0.15524048,-0.040142577,-0.056944285,-0.15358107,-0.11274739,-0.13743341,-0.1303889,-0.1554174,-0.1587832,-0.15879554,-0.15879712,-0.27573854,-0.15537511,-0.13039204,-0.16243835,-0.12334165,-0.14074792,-0.15538104,-0.15887658,-0.14481027,-0.13064037,-0.18691605,-0.14998752,-0.15544103,-0.15873875,-0.15876994,-0.15860978,-0.120334074,-0.13700745,-0.08858878,-0.15542474,-0.19008024,-0.15545484,-0.2004665,-0.11139822,-0.1388583,-0.13027036,-0.1074974,-0.15152657,-0.15519366,-0.15804258,-0.10065024,-0.08152827,-0.09427856,-0.15532732,-0.11960925,-0.15027548,-0.16982608,-0.1185138,-0.15537727,-0.15877897,-0.17738779,-0.15176103,-0.15546285,-0.25953975,-0.17989698,-0.13525523,-0.1554549,-0.15095688,-0.17780018,-0.2009549,-0.1554082,-0.09015879,-0.15465277,-0.12151222,-0.121854745,-0.13997786,-0.21433522,-0.13908121,-0.16057305,-0.15526105,-0.07092635,-0.15379691,-0.1568501,-0.18733518,-0.15483868,-0.13036099,-0.12334781,-0.14100276,-0.15534635,-0.114095174,-0.25318068,-0.26654312,-0.12830374,-0.10945694,-0.15532097,-0.09238048,-0.20963459,-0.15545556,-0.15859526,-0.1290256,-0.15527105,-0.16015086,-0.1553517,-0.15546745,-0.19704957,-0.20616047,-0.12755772,-0.10460003,-0.11361031,-0.10256614,-0.15544686,-0.19495486,-0.15538445,-0.12884721,-0.15503238,-0.041086134,-0.12967405,-0.15546462,-0.2300741,-0.15540901,-0.10384405,-0.15175965,-0.0784167,-0.15509436,-0.12766197,-0.155138,-0.121451,-0.075820275,-0.09192432,-0.101488546,-0.15475294,-0.15854001,-0.12378413,-0.15509294,-0.1410757,-0.13984437,-0.18093297,-0.15547058,-0.25777104,-0.12844054,-0.15524092,-0.13462572,-0.119081676,-0.15539044,-0.15878475,-0.1587891,-0.15879208,-0.19755594,-0.25103784,-0.20219928,-0.19465852,-0.24831252,-0.20506537,-0.22091979,-0.15543313,-0.12958646,-0.11956477,-0.15541688,-0.1587752,-0.20931396,-0.18224281,-0.15539968,-0.32474133,-0.15546542,-0.15879895,-0.15879604,-0.15879501,-0.2185038,-0.15540084,-0.114121355,-0.15540433,-0.15876201,-0.15877594,-0.22984435,-0.15544835,-0.15873922,-0.08963354,-0.15518706,-0.158666,-0.15871865,-0.15871716,-0.13302092,-0.1051107,-0.14014931,-0.15141064,-0.15839578,-0.15615125,-0.14613561,-0.1554381,-0.12319561,-0.13056983,-0.15535074,-0.15879849,-0.15879731,-0.15879728,-0.1587986,-0.38518023,-0.11451449,-0.15536538,-0.15564899,-0.14443555,-0.16636807,-0.15545404,-0.15861192,-0.12993515,-0.047159404,-0.14076346,-0.14016809,-0.14106366,-0.15507999,-0.19987361,-0.1649412,-0.17166539,-0.15539443,-0.1586829,-0.12722544,-0.14610182,-0.2588673,-0.13001883,-0.15513031,-0.09132757,-0.12832497,-0.13684332,-0.16221203,-0.15659244,-0.12851822,-0.15481275,-0.15855059,-0.15867767,-0.15876701,-0.15740095,-0.19795567,-0.15106063,-0.07294749,-0.2039893,-0.15536949,-0.15867126,-0.104459345,-0.15458092,-0.17466888,-0.13176009,-0.15538205,-0.15109587,-0.10913184,-0.15496531,-0.05825615,-0.14326635,-0.17082691,-0.15522954,-0.18883844,-0.15546873,-0.31316653,-0.155446,-0.16808087,-0.14331596,-0.15544829,-0.15879004,-0.25088155,-0.15546975,-0.22115314,-0.07562123,-0.086852394,-0.10702289,-0.060967896,-0.13880616,-0.16796505,-0.15746465,-0.22133875,-0.12812386,-0.0969081,-0.16398169,-0.12716047,-0.11335766,-0.18846886,-0.13054672,-0.17755464,-0.0994983,-0.115196005,-0.15523061,-0.11662802,-0.19749595,-0.14526704,-0.12781724,-0.096878245,-0.15522188,-0.15827638,-0.12434345,-0.11230643,-0.063823454,-0.15504652,-0.11419349,-0.10007019,-0.24483351,-0.15547085,-0.15876988,-0.16344379,-0.1759062,-0.12524253,-0.15543163,-0.0782174,-0.19187105,-0.18185812,-0.09859173,-0.11065883,-0.1545656,-0.157944,-0.083404,-0.1213824,-0.13072303,-0.13855581,-0.19385117,-0.15537682,-0.15878122,-0.19487974,-0.23847799,-0.2432746,-0.12966274,-0.15493153,-0.15870793,-0.14520228,-0.2961179,-0.15546893,-0.19813283,-0.13028798,-0.15530497,-0.060104962,-0.15931924,-0.15546462,-0.2028091,-0.2868003,-0.11816878,-0.14795661,-0.10060286,-0.1550647,-0.13614628,-0.20725825,-0.17393659,-0.125103,-0.15657571,-0.15690626,-0.15546092,-0.15878755,-0.16221246,-0.22200036,-0.13074425,-0.2814266,-0.15547204,-0.1915083,-0.24371436,-0.16952515,-0.15526259,-0.13369927,-0.12557748,-0.1554529,-0.18106565,-0.15547131,-0.18642783,-0.15533607,-0.30462334,-0.15518977,-0.14691104,-0.13029914,-0.15543745,-0.15875466,-0.18915205,-0.13052227,-0.15545017,-0.10481856,-0.1650517,-0.15544575,-0.15879309,-0.15872285,-0.12943418,-0.15519041,-0.15870738,-0.15868172,-0.15871322,-0.1587321,-0.16505513,-0.17392421,-0.15543386,-0.15877374,-0.15874797,-0.15877514,-0.2025511,-0.15354379,-0.14723541,-0.15295848,-0.11499533,-0.10471026,-0.11893196,-0.15544255,-0.1586042,-0.13040884,-0.19501048,-0.15546352,-0.18738703,-0.11705899,-0.17429145,-0.15543908,-0.06652963,-0.15478906,-0.10737923,-0.124497145,-0.15298569,-0.052188452,-0.26007295
k__Bacteria|p__Firmicutes|c__Firmicutes_unclassified|o__Firmicutes_unclassified|f__Firmicutes_unclassified|g__GGB3680|s__GGB3680_SGB4994,-0.1004395,-0.12316422,-0.15464473,-0.15793923,-0.15793946,-0.23867357,-0.1666669,-0.16813041,-0.10929718,-0.22895765,-0.23728925,-0.15464884,-0.22850217,-0.3768707,-0.08556121,-0.15430336,-0.058144663,-0.15418819,-0.15788598,-0.19931981,-0.1978925,-0.13001595,-0.15461853,-0.12711628,-0.20043859,-0.11658599,-0.182019,-0.25032333,-0.1509206,-0.15462288,-0.15142563,-0.10844302,-0.18249588,-0.28454733,-0.15463763,-0.13017626,-0.15464678,-0.22338755,-0.15464915,-0.29867563,-0.15464923,-0.29356226,-0.12958692,-0.1545229,-0.13691942,-0.15464443,-0.23188588,-0.24781659,-0.1296162,-0.13018152,-0.24679694,-0.18279888,-0.25087595,-0.26027086,-0.28621647,-0.27511892,-0.11894142,-0.15457466,-0.040142577,-0.056944285,-0.15402907,-0.11274739,-0.13743341,-0.13008359,-0.1546306,-0.15793544,-0.15793929,-0.15793982,-0.27573854,-0.1546155,-0.13008504,-0.16243835,-0.12334165,-0.14074792,-0.15461984,-0.15887658,-0.14481027,-0.13016322,-0.18691605,-0.14998752,-0.15463883,-0.15792108,-0.15793075,-0.15787569,-0.120334074,-0.13700745,-0.08858878,-0.15463373,-0.19008024,-0.1546433,-0.2004665,-0.11139822,-0.1388583,-0.13027036,-0.1074974,-0.15152657,-0.15456071,-0.15768394,-0.10065024,-0.08152827,-0.09427856,-0.1546031,-0.11960925,-0.15027548,-0.16982608,-0.1185138,-0.15461756,-0.15793405,-0.17738779,-0.15176103,-0.15464577,-0.25953975,-0.17989698,-0.13525523,-0.15464337,-0.15095688,-0.17780018,-0.2009549,-0.15462627,-0.09015879,-0.15439196,-0.12151222,-0.121854745,-0.13997786,-0.21433522,-0.13908121,-0.16057305,-0.15458223,-0.07092635,-0.154109,-0.15728076,-0.18733518,-0.15442762,-0.13007362,-0.12334781,-0.14100276,-0.15460873,-0.114095174,-0.25318068,-0.26654312,-0.12943475,-0.10945694,-0.1546011,-0.09238048,-0.20963459,-0.15464355,-0.15786847,-0.12965465,-0.15458283,-0.16015086,-0.1553517,-0.15464729,-0.19704957,-0.20616047,-0.12917781,-0.10460003,-0.11361031,-0.10256614,-0.15464091,-0.19495486,-0.15462077,-0.12959197,-0.15451032,-0.041086134,-0.12967405,-0.15464622,-0.2300741,-0.15462838,-0.10384405,-0.15344247,-0.0784167,-0.15452567,-0.12766197,-0.15454233,-0.121451,-0.075820275,-0.09192432,-0.101488546,-0.15441996,-0.15785888,-0.12378413,-0.15451702,-0.1410757,-0.13984437,-0.18093297,-0.1546483,-0.25777104,-0.12844054,-0.15457208,-0.13462572,-0.119081676,-0.15462331,-0.15793584,-0.15793723,-0.15793818,-0.19755594,-0.25103784,-0.20219928,-0.19465852,-0.24831252,-0.20506537,-0.22091979,-0.1546357,-0.12983018,-0.11956477,-0.15463145,-0.15793276,-0.20931396,-0.18224281,-0.15462422,-0.32474133,-0.1546467,-0.15794042,-0.1579395,-0.1579392,-0.2185038,-0.15462361,-0.114121355,-0.15462601,-0.15792766,-0.15793295,-0.22984435,-0.15464136,-0.15791821,-0.08963354,-0.15455596,-0.15789899,-0.15791404,-0.15791506,-0.13302092,-0.1051107,-0.14014931,-0.15141064,-0.15839578,-0.15615125,-0.14613561,-0.15463832,-0.12319561,-0.13013957,-0.15460834,-0.15794027,-0.15793988,-0.15793988,-0.1579403,-0.38518023,-0.11451449,-0.15461445,-0.15564899,-0.14443555,-0.16636807,-0.15464282,-0.15787596,-0.12993515,-0.047159404,-0.14969732,-0.14016809,-0.14106366,-0.15452203,-0.19987361,-0.1649412,-0.17166539,-0.15462422,-0.1579048,-0.12722544,-0.14610182,-0.2588673,-0.12997344,-0.15454063,-0.09132757,-0.12832497,-0.13684332,-0.16221203,-0.15659244,-0.1294758,-0.15443197,-0.15786129,-0.1579021,-0.15793028,-0.15740095,-0.19795567,-0.15106063,-0.07294749,-0.2039893,-0.15461513,-0.15790078,-0.104459345,-0.15433653,-0.17466888,-0.13176009,-0.15462102,-0.15109587,-0.10913184,-0.15448427,-0.05825615,-0.14326635,-0.17082691,-0.1545701,-0.18883844,-0.15464765,-0.31316653,-0.15463957,-0.16808087,-0.14331596,-0.15464123,-0.15793741,-0.25088155,-0.15464796,-0.22115314,-0.07562123,-0.086852394,-0.10702289,-0.060967896,-0.14908205,-0.16796505,-0.15746465,-0.22133875,-0.12812386,-0.0969081,-0.16398169,-0.12716047,-0.11335766,-0.18846886,-0.13013391,-0.17755464,-0.0994983,-0.115196005,-0.15457103,-0.11662802,-0.19749595,-0.14526704,-0.12781724,-0.096878245,-0.15457082,-0.15777439,-0.12434345,-0.11230643,-0.063823454,-0.15451238,-0.11419349,-0.10007019,-0.24483351,-0.1546484,-0.15793061,-0.16344379,-0.1759062,-0.12524253,-0.15463606,-0.0782174,-0.19187105,-0.18185812,-0.09859173,-0.11065883,-0.1543628,-0.15766856,-0.083404,-0.1213824,-0.13072303,-0.13855581,-0.19385117,-0.15461728,-0.15793477,-0.19487974,-0.23847799,-0.2432746,-0.12985009,-0.1544761,-0.15791076,-0.14520228,-0.2961179,-0.15464778,-0.19813283,-0.13005362,-0.15459423,-0.060104962,-0.15931924,-0.1546463,-0.2028091,-0.2868003,-0.11816878,-0.14795661,-0.10060286,-0.15451594,-0.13614628,-0.20725825,-0.17393659,-0.125103,-0.15657571,-0.15690626,-0.15464512,-0.15793681,-0.16221246,-0.22200036,-0.13019425,-0.2814266,-0.15464875,-0.1915083,-0.24371436,-0.16952515,-0.1545769,-0.13369927,-0.12557748,-0.15464249,-0.18106565,-0.15464854,-0.18642783,-0.15460171,-0.30462334,-0.15455519,-0.14691104,-0.13029914,-0.15463763,-0.1579264,-0.18915205,-0.13012761,-0.15464187,-0.10481856,-0.1650517,-0.15464005,-0.15793851,-0.1579145,-0.1297771,-0.15455993,-0.15791005,-0.15790233,-0.1579121,-0.15791889,-0.16505513,-0.17392421,-0.15463623,-0.15793243,-0.15792395,-0.15793288,-0.2025511,-0.15354379,-0.14723541,-0.15380254,-0.11499533,-0.10471026,-0.11893196,-0.15463927,-0.15787402,-0.1300934,-0.19501048,-0.15464588,-0.18738703,-0.11705899,-0.17429145,-0.15463796,-0.06652963,-0.15443256,-0.10737923,-0.124497145,-0.15298569,-0.052188452,-0.26007295
k__Bacteria|p__Firmicutes|c__Clostridia|o__Eubacteriales|f__Lachnospiraceae|g__Coprococcus|s__Coprococcus_sp_AF21_14LB,-0.1004395,-0.12316422,-0.15473369,-0.15798284,-0.15798312,-0.23867357,-0.1666669,-0.16813041,-0.10929718,-0.22895765,-0.23728925,-0.15473798,-0.22850217,-0.3768707,-0.08556121,-0.15436181,-0.058144663,-0.15424398,-0.15792668,-0.19931981,-0.1978925,-0.13042343,-0.15470587,-0.12711628,-0.20043859,-0.11658599,-0.182019,-0.25032333,-0.1509206,-0.1547108,-0.15142563,-0.10844302,-0.18249588,-0.28454733,-0.15472612,-0.13060108,-0.1547358,-0.22338755,-0.15473832,-0.29867563,-0.1547384,-0.29356226,-0.12993625,-0.15460604,-0.13691942,-0.1547333,-0.23188588,-0.24781659,-0.1296162,-0.13060695,-0.24679694,-0.18279888,-0.25087595,-0.26027086,-0.28621647,-0.27511892,-0.11894142,-0.15465923,-0.040142577,-0.056944285,-0.15408948,-0.11274739,-0.13743341,-0.13049825,-0.15471892,-0.15797883,-0.15798292,-0.15798348,-0.27573854,-0.15470257,-0.13050118,-0.16243835,-0.12334165,-0.14074792,-0.15470736,-0.15887658,-0.14481027,-0.13058642,-0.18691605,-0.14998752,-0.1547274,-0.15796371,-0.157974,-0.15791523,-0.120334074,-0.13700745,-0.08858878,-0.15472199,-0.19008024,-0.15473214,-0.2004665,-0.11139822,-0.1388583,-0.13027036,-0.1074974,-0.15152657,-0.15464455,-0.15769555,-0.10065024,-0.08152827,-0.09427856,-0.15468934,-0.11960925,-0.15027548,-0.16982608,-0.1185138,-0.15470517,-0.15797737,-0.17738779,-0.15176103,-0.15473476,-0.25953975,-0.17989698,-0.13525523,-0.1547322,-0.15095688,-0.17780018,-0.2009549,-0.15471445,-0.09015879,-0.15446419,-0.12151222,-0.121854745,-0.13997786,-0.21433522,-0.13908121,-0.16057305,-0.15466717,-0.07092635,-0.15416366,-0.15730003,-0.18733518,-0.15450966,-0.13048156,-0.12334781,-0.14100276,-0.15469551,-0.114095174,-0.25318068,-0.26654312,-0.12976351,-0.10945694,-0.15468732,-0.09238048,-0.20963459,-0.15473238,-0.15791044,-0.1300149,-0.15466821,-0.16015086,-0.1553517,-0.15473635,-0.19704957,-0.20616047,-0.12949336,-0.10460003,-0.11361031,-0.10256614,-0.15472957,-0.19495486,-0.15470818,-0.12994185,-0.1545903,-0.041086134,-0.12967405,-0.15473528,-0.2300741,-0.15471649,-0.10384405,-0.15344238,-0.0784167,-0.15460736,-0.12766197,-0.15462494,-0.121451,-0.075820275,-0.09192432,-0.101488546,-0.15449402,-0.15789728,-0.12378413,-0.15459299,-0.1410757,-0.13984437,-0.18093297,-0.15473743,-0.25777104,-0.12844054,-0.15465659,-0.13462572,-0.119081676,-0.15471074,-0.15797925,-0.15798074,-0.15798175,-0.19755594,-0.25103784,-0.20219928,-0.19465852,-0.24831252,-0.20506537,-0.22091979,-0.15472429,-0.13020973,-0.11956477,-0.15471953,-0.15797605,-0.20931396,-0.18224281,-0.15471195,-0.32474133,-0.15473571,-0.15798411,-0.15798312,-0.1579828,-0.2185038,-0.15471141,-0.114121355,-0.15471417,-0.15797096,-0.15797624,-0.22984435,-0.15473005,-0.15796047,-0.08963354,-0.15463974,-0.15793994,-0.15795648,-0.15795705,-0.13302092,-0.1051107,-0.14014931,-0.15141064,-0.15839578,-0.15615125,-0.14613561,-0.15472674,-0.12319561,-0.13056189,-0.15469584,-0.15798396,-0.15798354,-0.15798354,-0.15798399,-0.38518023,-0.11451449,-0.1547018,-0.15564899,-0.14443555,-0.16636807,-0.15473169,-0.15791765,-0.12993515,-0.047159404,-0.14959472,-0.14016809,-0.14106366,-0.15460476,-0.19987361,-0.1649412,-0.17166539,-0.15471193,-0.15794602,-0.12722544,-0.14610182,-0.2588673,-0.13037182,-0.1546226,-0.09132757,-0.12832497,-0.13684332,-0.16221203,-0.15659244,-0.12981234,-0.15450841,-0.15790017,-0.15794343,-0.15797335,-0.15740095,-0.19795567,-0.15106063,-0.07294749,-0.2039893,-0.15470265,-0.15794168,-0.104459345,-0.1543907,-0.17466888,-0.13176009,-0.1547083,-0.15109587,-0.10913184,-0.15456213,-0.05825615,-0.14326635,-0.17082691,-0.15465522,-0.18883844,-0.15473676,-0.31316653,-0.15472846,-0.16808087,-0.14331596,-0.15472993,-0.15798098,-0.25088155,-0.15473709,-0.22115314,-0.07562123,-0.086852394,-0.10702289,-0.060967896,-0.14894755,-0.16796505,-0.15746465,-0.22133875,-0.12812386,-0.0969081,-0.16398169,-0.12716047,-0.11335766,-0.18846886,-0.13055454,-0.17755464,-0.0994983,-0.115196005,-0.15465593,-0.11662802,-0.19749595,-0.14526704,-0.12781724,-0.096878245,-0.15465462,-0.15780762,-0.12434345,-0.11230643,-0.063823454,-0.15459245,-0.11419349,-0.10007019,-0.24483351,-0.15473753,-0.15797395,-0.16344379,-0.1759062,-0.12524253,-0.15472445,-0.0782174,-0.19187105,-0.18185812,-0.09859173,-0.11065883,-0.15443395,-0.15769562,-0.083404,-0.1213824,-0.13072303,-0.13855581,-0.19385117,-0.15470502,-0.15797813,-0.19487974,-0.23847799,-0.2432746,-0.13024953,-0.15455481,-0.15795295,-0.14520228,-0.2961179,-0.15473688,-0.19813283,-0.1304644,-0.15468045,-0.060104962,-0.15931924,-0.15473534,-0.2028091,-0.2868003,-0.11816878,-0.14795661,-0.10060286,-0.15459822,-0.13614628,-0.20725825,-0.17393659,-0.125103,-0.15657571,-0.15690626,-0.15473409,-0.15798028,-0.16221246,-0.22200036,-0.13062066,-0.2814266,-0.15473789,-0.1915083,-0.24371436,-0.16952515,-0.15466192,-0.13369927,-0.12557748,-0.15473135,-0.18106565,-0.15473767,-0.18642783,-0.15468879,-0.30462334,-0.15464035,-0.14691104,-0.13029914,-0.15472619,-0.15796927,-0.18915205,-0.13054752,-0.15473059,-0.10481856,-0.1650517,-0.15472881,-0.15798211,-0.15795708,-0.1301621,-0.15464346,-0.15795234,-0.15794392,-0.15795445,-0.15796117,-0.16505513,-0.17392421,-0.15472478,-0.15797564,-0.1579668,-0.15797612,-0.2025511,-0.15354379,-0.14723541,-0.15385991,-0.11499533,-0.10471026,-0.11893196,-0.1547279,-0.15791446,-0.13050938,-0.19501048,-0.15473492,-0.18738703,-0.11705899,-0.17429145,-0.15472658,-0.06652963,-0.15450624,-0.10737923,-0.124497145,-0.15298569,-0.052188452,-0.26007295
k__Bacteria|p__Firmicutes|c__CFGB75522|o__OFGB75522|f__FGB75522|g__GGB4249|s__GGB4249_SGB5749,-0.1004395,-0.12316422,-0.15526673,-0.15861487,-0.15861513,-0.23867357,-0.1666669,-0.16813041,-0.10929718,-0.22895765,-0.23728925,-0.15527134,-0.22850217,-0.3768707,-0.08556121,-0.15488707,-0.058144663,-0.15476562,-0.15855527,-0.19931981,-0.1978925,-0.13022262,-0.15523762,-0.12711628,-0.20043859,-0.11658599,-0.182019,-0.25032333,-0.1509206,-0.155242,-0.15142563,-0.10844302,-0.18249588,-0.28454733,-0.15525833,-0.13040078,-0.15526906,-0.22338755,-0.15527168,-0.29867563,-0.15527175,-0.29356226,-0.12973386,-0.15512842,-0.13691942,-0.15526643,-0.23188588,-0.24781659,-0.1296162,-0.13040626,-0.24679694,-0.18279888,-0.25087595,-0.26027086,-0.28621647,-0.27511892,-0.11894142,-0.15518874,-0.040142577,-0.056944285,-0.15457314,-0.11274739,-0.13743341,-0.1302968,-0.1552507,-0.15861064,-0.1586149,-0.15861553,-0.27573854,-0.15523294,-0.13029785,-0.16243835,-0.12334165,-0.14074792,-0.1552391,-0.15887658,-0.14481027,-0.13038616,-0.18691605,-0.14998752,-0.15526022,-0.15859461,-0.15860525,-0.15854037,-0.120334074,-0.13700745,-0.08858878,-0.15525454,-0.19008024,-0.15526521,-0.2004665,-0.11139822,-0.1388583,-0.13027036,-0.1074974,-0.15152657,-0.15517351,-0.15831277,-0.10065024,-0.08152827,-0.09427856,-0.15522061,-0.11960925,-0.15027548,-0.16982608,-0.1185138,-0.15523607,-0.15860912,-0.17738779,-0.15176103,-0.1552679,-0.25953975,-0.17989698,-0.13525523,-0.15526527,-0.15095688,-0.17780018,-0.2009549,-0.15524466,-0.09015879,-0.15498751,-0.12151222,-0.121854745,-0.13997786,-0.21433522,-0.13908121,-0.16057305,-0.15519765,-0.07092635,-0.15466964,-0.15786347,-0.18733518,-0.155016,-0.13028294,-0.12334781,-0.14100276,-0.15522677,-0.114095174,-0.25318068,-0.26654312,-0.12957011,-0.10945694,-0.15521845,-0.09238048,-0.20963459,-0.15526548,-0.1585316,-0.12982136,-0.15519744,-0.16015086,-0.1553517,-0.1552696,-0.19704957,-0.20616047,-0.12926424,-0.10460003,-0.11361031,-0.10256614,-0.15526262,-0.19495486,-0.15523931,-0.12973742,-0.1551182,-0.041086134,-0.12967405,-0.15526834,-0.2300741,-0.15524778,-0.10384405,-0.15393047,-0.0784167,-0.15513405,-0.12766197,-0.15515296,-0.121451,-0.075820275,-0.09192432,-0.101488546,-0.15501688,-0.158526,-0.12378413,-0.15511596,-0.1410757,-0.13984437,-0.18093297,-0.15527076,-0.25777104,-0.12844054,-0.15518282,-0.13462572,-0.119081676,-0.15524328,-0.15861109,-0.15861264,-0.15861368,-0.19755594,-0.25103784,-0.20219928,-0.19465852,-0.24831252,-0.20506537,-0.22091979,-0.15525624,-0.13001502,-0.11956477,-0.15525213,-0.1586076,-0.20931396,-0.18224281,-0.1552429,-0.32474133,-0.15526898,-0.1586162,-0.15861517,-0.15861481,-0.2185038,-0.15524226,-0.114121355,-0.15524551,-0.15860152,-0.15860781,-0.22984435,-0.15526314,-0.15859029,-0.08963354,-0.15516739,-0.15857057,-0.15858649,-0.15858829,-0.13302092,-0.1051107,-0.14014931,-0.15141064,-0.15839578,-0.15615125,-0.14613561,-0.15525979,-0.12319561,-0.13035974,-0.15522537,-0.158616,-0.15861557,-0.15861559,-0.15861607,-0.38518023,-0.11451449,-0.1552329,-0.15564899,-0.14443555,-0.16636807,-0.15526453,-0.15854144,-0.12993515,-0.047159404,-0.14963737,-0.14016809,-0.14106366,-0.15512931,-0.19987361,-0.1649412,-0.17166539,-0.15524402,-0.15857717,-0.12722544,-0.14610182,-0.2588673,-0.1301777,-0.15515128,-0.09132757,-0.12832497,-0.13684332,-0.16221203,-0.15659244,-0.12961572,-0.15502822,-0.15852824,-0.15857376,-0.15860492,-0.15740095,-0.19795567,-0.15106063,-0.07294749,-0.2039893,-0.15523332,-0.15857275,-0.104459345,-0.15489143,-0.17466888,-0.13176009,-0.15524082,-0.15109587,-0.10913184,-0.15508717,-0.05825615,-0.14326635,-0.17082691,-0.15518299,-0.18883844,-0.15526998,-0.31316653,-0.15526061,-0.16808087,-0.14331596,-0.15526283,-0.15861277,-0.25088155,-0.15527034,-0.22115314,-0.07562123,-0.086852394,-0.10702289,-0.060967896,-0.14895125,-0.16796505,-0.15746465,-0.22133875,-0.12812386,-0.0969081,-0.16398169,-0.12716047,-0.11335766,-0.18846886,-0.1303536,-0.17755464,-0.0994983,-0.115196005,-0.15518439,-0.11662802,-0.19749595,-0.14526704,-0.12781724,-0.096878245,-0.15518539,-0.15843174,-0.12434345,-0.11230643,-0.063823454,-0.15511963,-0.11419349,-0.10007019,-0.24483351,-0.15527084,-0.15860471,-0.16344379,-0.1759062,-0.12524253,-0.1552572,-0.0782174,-0.19187105,-0.18185812,-0.09859173,-0.11065883,-0.15495436,-0.15831396,-0.083404,-0.1213824,-0.13072303,-0.13855581,-0.19385117,-0.15523568,-0.15860991,-0.19487974,-0.23847799,-0.2432746,-0.13003868,-0.155079,-0.1585829,-0.14520228,-0.2961179,-0.15527016,-0.19813283,-0.13026464,-0.15520993,-0.060104962,-0.15931924,-0.15526846,-0.2028091,-0.2868003,-0.11816878,-0.14795661,-0.10060286,-0.1551219,-0.13614628,-0.20725825,-0.17393659,-0.125103,-0.15657571,-0.15690626,-0.15526715,-0.15861216,-0.16221246,-0.22200036,-0.13042042,-0.2814266,-0.15527123,-0.1915083,-0.24371436,-0.16952515,-0.15518704,-0.13369927,-0.12557748,-0.1552642,-0.18106565,-0.155271,-0.18642783,-0.15521628,-0.30462334,-0.15516533,-0.14691104,-0.13029914,-0.15525883,-0.15860066,-0.18915205,-0.13034694,-0.15526357,-0.10481856,-0.1650517,-0.15526134,-0.15861405,-0.15858586,-0.12996607,-0.1551728,-0.15858188,-0.1585735,-0.1585842,-0.15859227,-0.16505513,-0.17392421,-0.15525714,-0.15860733,-0.15859775,-0.15860784,-0.2025511,-0.15354379,-0.14723541,-0.15430728,-0.11499533,-0.10471026,-0.11893196,-0.15526065,-0.15853909,-0.13031033,-0.19501048,-0.15526795,-0.18738703,-0.11705899,-0.17429145,-0.1552587,-0.06652963,-0.15503196,-0.10737923,-0.124497145,-0.15298569,-0.052188452,-0.26007295
k__Bacteria|p__Firmicutes|c__Negativicutes|o__Veillonellales|f__Veillonellaceae|g__Allisonella|s__Allisonella_histaminiformans,-0.1004395,-0.12316422,-0.15522417,-0.15853043,-0.15853071,-0.23867357,-0.1666669,-0.16813041,-0.10929718,-0.22895765,-0.23728925,-0.15522903,-0.22850217,-0.3768707,-0.08556121,-0.15482318,-0.058144663,-0.1546874,-0.15846771,-0.19931981,-0.1978925,-0.13047752,-0.1551933,-0.12711628,-0.20043859,-0.11658599,-0.182019,-0.25032333,-0.1509206,-0.15519834,-0.15142563,-0.10844302,-0.18249588,-0.28454733,-0.15521567,-0.13066883,-0.1552266,-0.22338755,-0.15522939,-0.29867563,-0.15522945,-0.29356226,-0.12996903,-0.15508015,-0.13691942,-0.15522382,-0.23188588,-0.24781659,-0.1296162,-0.1306749,-0.24679694,-0.18279888,-0.25087595,-0.26027086,-0.28621647,-0.27511892,-0.11894142,-0.15514159,-0.040142577,-0.056944285,-0.15449733,-0.11274739,-0.13743341,-0.13055779,-0.15520748,-0.15852597,-0.15853049,-0.15853113,-0.27573854,-0.15518938,-0.13056025,-0.16243835,-0.12334165,-0.14074792,-0.15519485,-0.15887658,-0.14481027,-0.13065313,-0.18691605,-0.14998752,-0.15521723,-0.15850902,-0.15852043,-0.1584546,-0.120334074,-0.13700745,-0.08858878,-0.15521123,-0.19008024,-0.1552225,-0.2004665,-0.11139822,-0.1388583,-0.13027036,-0.1074974,-0.15152657,-0.15512513,-0.15822594,-0.10065024,-0.08152827,-0.09427856,-0.15517512,-0.11960925,-0.15027548,-0.16982608,-0.1185138,-0.1551921,-0.15852433,-0.17738779,-0.15176103,-0.15522541,-0.25953975,-0.17989698,-0.13525523,-0.15522256,-0.15095688,-0.17780018,-0.2009549,-0.15520203,-0.09015879,-0.15492652,-0.12151222,-0.121854745,-0.13997786,-0.21433522,-0.13908121,-0.16057305,-0.15515059,-0.07092635,-0.15459338,-0.15775156,-0.18733518,-0.1549671,-0.13054572,-0.12334781,-0.14100276,-0.15518178,-0.114095174,-0.25318068,-0.26654312,-0.12978055,-0.10945694,-0.1551728,-0.09238048,-0.20963459,-0.1552228,-0.15844627,-0.13005468,-0.15515131,-0.16015086,-0.1553517,-0.15522718,-0.19704957,-0.20616047,-0.12947273,-0.10460003,-0.11361031,-0.10256614,-0.1552197,-0.19495486,-0.15519565,-0.12996992,-0.15506601,-0.041086134,-0.12967405,-0.15522593,-0.2300741,-0.15520462,-0.10384405,-0.15381178,-0.0784167,-0.15508406,-0.12766197,-0.1551036,-0.121451,-0.075820275,-0.09192432,-0.101488546,-0.15495919,-0.15843582,-0.12378413,-0.15507272,-0.1410757,-0.13984437,-0.18093297,-0.15522839,-0.25777104,-0.12844054,-0.1551377,-0.13462572,-0.119081676,-0.155199,-0.15852645,-0.15852809,-0.15852919,-0.19755594,-0.25103784,-0.20219928,-0.19465852,-0.24831252,-0.20506537,-0.22091979,-0.15521345,-0.13025983,-0.11956477,-0.15520856,-0.15852278,-0.20931396,-0.18224281,-0.1552,-0.32474133,-0.1552265,-0.15853184,-0.15853074,-0.15853038,-0.2185038,-0.15519919,-0.114121355,-0.15520209,-0.15851673,-0.15852302,-0.22984435,-0.15522024,-0.15850568,-0.08963354,-0.15511951,-0.15848309,-0.1585007,-0.158502,-0.13302092,-0.1051107,-0.14014931,-0.15141064,-0.15839578,-0.15615125,-0.14613561,-0.15521663,-0.12319561,-0.13062555,-0.15518114,-0.15853167,-0.15853119,-0.1585312,-0.1585317,-0.38518023,-0.11451449,-0.15518847,-0.15564899,-0.14443555,-0.16636807,-0.15522191,-0.1584553,-0.12993515,-0.047159404,-0.14937744,-0.14016809,-0.14106366,-0.15507945,-0.19987361,-0.1649412,-0.17166539,-0.15520002,-0.15848994,-0.12722544,-0.14610182,-0.2588673,-0.13042608,-0.15510142,-0.09132757,-0.12832497,-0.13684332,-0.16221203,-0.15659244,-0.12983255,-0.15497321,-0.15843856,-0.15848672,-0.1585199,-0.15740095,-0.19795567,-0.15106063,-0.07294749,-0.2039893,-0.15518922,-0.15848522,-0.104459345,-0.15484303,-0.17466888,-0.13176009,-0.15519631,-0.15109587,-0.10913184,-0.15503472,-0.05825615,-0.14326635,-0.17082691,-0.15513611,-0.18883844,-0.15522762,-0.31316653,-0.15521803,-0.16808087,-0.14331596,-0.15522003,-0.1585283,-0.25088155,-0.15522799,-0.22115314,-0.07562123,-0.086852394,-0.10702289,-0.060967896,-0.14864917,-0.16796505,-0.15746465,-0.22133875,-0.12812386,-0.0969081,-0.16398169,-0.12716047,-0.11335766,-0.18846886,-0.13061857,-0.17755464,-0.0994983,-0.115196005,-0.15513727,-0.11662802,-0.19749595,-0.14526704,-0.12781724,-0.096878245,-0.15513715,-0.15833606,-0.12434345,-0.11230643,-0.063823454,-0.15506825,-0.11419349,-0.10007019,-0.24483351,-0.1552285,-0.15852013,-0.16344379,-0.1759062,-0.12524253,-0.15521398,-0.0782174,-0.19187105,-0.18185812,-0.09859173,-0.11065883,-0.15489206,-0.15821141,-0.083404,-0.1213824,-0.13072303,-0.13855581,-0.19385117,-0.15519175,-0.15852517,-0.19487974,-0.23847799,-0.2432746,-0.13028449,-0.15502536,-0.15849686,-0.14520228,-0.2961179,-0.15522778,-0.19813283,-0.13052225,-0.15516451,-0.060104962,-0.15931924,-0.15522602,-0.2028091,-0.2868003,-0.11816878,-0.14795661,-0.10060286,-0.15507212,-0.13614628,-0.20725825,-0.17393659,-0.125103,-0.15657571,-0.15690626,-0.15522465,-0.15852758,-0.16221246,-0.22200036,-0.13068995,-0.2814266,-0.15522891,-0.1915083,-0.24371436,-0.16952515,-0.15514344,-0.13369927,-0.12557748,-0.15522154,-0.18106565,-0.15522866,-0.18642783,-0.1551731,-0.30462334,-0.15511839,-0.14691104,-0.13029914,-0.15521583,-0.15851533,-0.18915205,-0.13061088,-0.15522078,-0.10481856,-0.1650517,-0.15521863,-0.15852958,-0.15850094,-0.13019939,-0.15512426,-0.15849598,-0.15848689,-0.15849839,-0.15850648,-0.16505513,-0.17392421,-0.15521413,-0.15852243,-0.15851241,-0.15852296,-0.2025511,-0.15354379,-0.14723541,-0.15422818,-0.11499533,-0.10471026,-0.11893196,-0.15521774,-0.1584533,-0.13057104,-0.19501048,-0.15522552,-0.18738703,-0.11705899,-0.17429145,-0.15521607,-0.06652963,-0.1549744,-0.10737923,-0.124497145,-0.15298569,-0.052188452,-0.26007295
k__Bacteria|p__Firmicutes|c__CFGB1507|o__OFGB1507|f__FGB1507|g__GGB3819|s__GGB3819_SGB5184,-0.1004395,-0.12316422,-0.15408167,-0.15736528,-0.15736553,-0.23867357,-0.1666669,-0.16813041,-0.10929718,-0.22895765,-0.23728925,-0.15408602,-0.22850217,-0.3768707,-0.08556121,-0.15371795,-0.058144663,-0.15359825,-0.157309,-0.19931981,-0.1978925,-0.12952584,-0.15405396,-0.12711628,-0.20043859,-0.11658599,-0.182019,-0.25032333,-0.1509206,-0.15405855,-0.15142563,-0.10844302,-0.18249588,-0.28454733,-0.15407407,-0.12969428,-0.15408385,-0.22338755,-0.15408635,-0.29867563,-0.15408641,-0.29356226,-0.12906735,-0.1539526,-0.13691942,-0.15408134,-0.23188588,-0.24781659,-0.1296162,-0.12969975,-0.24679694,-0.18279888,-0.25087595,-0.26027086,-0.28621647,-0.27511892,-0.11894142,-0.15400757,-0.040142577,-0.056944285,-0.15343052,-0.11274739,-0.13743341,-0.12959738,-0.15406671,-0.15736127,-0.15736535,-0.15736592,-0.27573854,-0.15405083,-0.1295979,-0.16243835,-0.12334165,-0.14074792,-0.15405536,-0.15887658,-0.14481027,-0.12968034,-0.18691605,-0.14998752,-0.15407544,-0.15734613,-0.15735634,-0.15729769,-0.120334074,-0.13700745,-0.08858878,-0.15407005,-0.19008024,-0.15408018,-0.2004665,-0.11139822,-0.1388583,-0.13027036,-0.1074974,-0.15152657,-0.15399285,-0.15708819,-0.10065024,-0.08152827,-0.09427856,-0.15403762,-0.11960925,-0.15027548,-0.16982608,-0.1185138,-0.15405294,-0.15735984,-0.17738779,-0.15176103,-0.15408278,-0.25953975,-0.17989698,-0.13525523,-0.15408021,-0.15095688,-0.17780018,-0.2009549,-0.15406206,-0.09015879,-0.15381436,-0.12151222,-0.121854745,-0.13997786,-0.21433522,-0.13908121,-0.16057305,-0.15401563,-0.07092635,-0.1535142,-0.1566686,-0.18733518,-0.15385196,-0.12958595,-0.12334781,-0.14100276,-0.15404363,-0.114095174,-0.25318068,-0.26654312,-0.12892294,-0.10945694,-0.15403555,-0.09238048,-0.20963459,-0.15408042,-0.15729018,-0.1291546,-0.15401617,-0.16015086,-0.1553517,-0.15408437,-0.19704957,-0.20616047,-0.12864617,-0.10460003,-0.11361031,-0.10256614,-0.15407765,-0.19495486,-0.15405631,-0.12908661,-0.15393941,-0.041086134,-0.12967405,-0.15408324,-0.2300741,-0.15406439,-0.10384405,-0.15280916,-0.0784167,-0.15395585,-0.12766197,-0.1539734,-0.121451,-0.075820275,-0.09192432,-0.101488546,-0.15384403,-0.15728033,-0.12378413,-0.15394302,-0.1410757,-0.13984437,-0.18093297,-0.15408544,-0.25777104,-0.12844054,-0.15400448,-0.13462572,-0.119081676,-0.15405905,-0.1573617,-0.15736319,-0.15736419,-0.19755594,-0.25103784,-0.20219928,-0.19465852,-0.24831252,-0.20506537,-0.22091979,-0.15407214,-0.12933648,-0.11956477,-0.15406767,-0.15735844,-0.20931396,-0.18224281,-0.15405989,-0.32474133,-0.15408376,-0.15736656,-0.15736558,-0.15736525,-0.2185038,-0.15405934,-0.114121355,-0.15406191,-0.15735307,-0.15735863,-0.22984435,-0.15407816,-0.15734299,-0.08963354,-0.15398775,-0.15732276,-0.15733865,-0.15733972,-0.13302092,-0.1051107,-0.14014931,-0.15141064,-0.15839578,-0.15615125,-0.14613561,-0.15407488,-0.12319561,-0.12965575,-0.15404317,-0.1573664,-0.15736596,-0.15736598,-0.15736642,-0.38518023,-0.11451449,-0.15404968,-0.15564899,-0.14443555,-0.16636807,-0.15407965,-0.15729842,-0.12993515,-0.047159404,-0.14884484,-0.14016809,-0.14106366,-0.15395194,-0.19987361,-0.1649412,-0.17166539,-0.15405999,-0.1573289,-0.12722544,-0.14610182,-0.2588673,-0.12948352,-0.15397154,-0.09132757,-0.12832497,-0.13684332,-0.16221203,-0.15659244,-0.12897882,-0.15385672,-0.15728292,-0.15732607,-0.15735582,-0.15740095,-0.19795567,-0.15106063,-0.07294749,-0.2039893,-0.15405035,-0.1573247,-0.104459345,-0.1537472,-0.17466888,-0.13176009,-0.15405661,-0.15109587,-0.10913184,-0.15391162,-0.05825615,-0.14326635,-0.17082691,-0.15400276,-0.18883844,-0.15408477,-0.31316653,-0.15407623,-0.16808087,-0.14331596,-0.15407795,-0.15736338,-0.25088155,-0.15408508,-0.22115314,-0.07562123,-0.086852394,-0.10702289,-0.060967896,-0.14819789,-0.16796505,-0.15746465,-0.22133875,-0.12812386,-0.0969081,-0.16398169,-0.12716047,-0.11335766,-0.18846886,-0.12964986,-0.17755464,-0.0994983,-0.115196005,-0.15400377,-0.11662802,-0.19749595,-0.14526704,-0.12781724,-0.096878245,-0.1540035,-0.15719104,-0.12434345,-0.11230643,-0.063823454,-0.15394165,-0.11419349,-0.10007019,-0.24483351,-0.15408555,-0.15735616,-0.16344379,-0.1759062,-0.12524253,-0.1540725,-0.0782174,-0.19187105,-0.18185812,-0.09859173,-0.11065883,-0.15378353,-0.15707895,-0.083404,-0.1213824,-0.13072303,-0.13855581,-0.19385117,-0.15405264,-0.15736057,-0.19487974,-0.23847799,-0.2432746,-0.12935638,-0.15390335,-0.15733519,-0.14520228,-0.2961179,-0.15408489,-0.19813283,-0.12956628,-0.15402822,-0.060104962,-0.15931924,-0.15408333,-0.2028091,-0.2868003,-0.11816878,-0.14795661,-0.10060286,-0.15394543,-0.13614628,-0.20725825,-0.17393659,-0.125103,-0.15657571,-0.15690626,-0.15408209,-0.15736273,-0.16221246,-0.22200036,-0.12971318,-0.2814266,-0.1540859,-0.1915083,-0.24371436,-0.16952515,-0.15400933,-0.13369927,-0.12557748,-0.1540793,-0.18106565,-0.1540857,-0.18642783,-0.15403593,-0.30462334,-0.15398696,-0.14691104,-0.13029914,-0.15407419,-0.15735173,-0.18915205,-0.12964296,-0.15407862,-0.10481856,-0.1650517,-0.1540767,-0.15736453,-0.15733914,-0.12928958,-0.153992,-0.15733445,-0.15732624,-0.1573366,-0.15734379,-0.16505513,-0.17392421,-0.15407269,-0.15735811,-0.15734914,-0.15735857,-0.2025511,-0.15354379,-0.14723541,-0.15319079,-0.11499533,-0.10471026,-0.11893196,-0.15407589,-0.15729612,-0.12960704,-0.19501048,-0.15408286,-0.18738703,-0.11705899,-0.17429145,-0.15407453,-0.06652963,-0.1538568,-0.10737923,-0.124497145,-0.15298569,-0.052188452,-0.26007295
k__Bacteria|p__Firmicutes|c__Clostridia|o__Eubacteriales|f__Eubacteriales_unclassified|g__Gemmiger|s__Gemmiger_SGB1481,-0.1004395,-0.12316422,-0.15469897,-0.15797007,-0.15797034,-0.23867357,-0.1666669,-0.16813041,-0.10929718,-0.22895765,-0.23728925,-0.15470366,-0.22850217,-0.3768707,-0.08556121,-0.15430738,-0.058144663,-0.15416995,-0.1579093,-0.19931981,-0.1978925,-0.1302246,-0.15466884,-0.12711628,-0.20043859,-0.11658599,-0.182019,-0.25032333,-0.1509206,-0.15467411,-0.15142563,-0.10844302,-0.18249588,-0.28454733,-0.15469104,-0.13040443,-0.15470129,-0.22338755,-0.15470403,-0.29867563,-0.15470408,-0.29356226,-0.12974562,-0.15456092,-0.13691942,-0.15469855,-0.23188588,-0.24781659,-0.1296162,-0.1304105,-0.24679694,-0.18279888,-0.25087595,-0.26027086,-0.28621647,-0.27511892,-0.11894142,-0.15461865,-0.040142577,-0.056944285,-0.15399852,-0.11274739,-0.13743341,-0.1303019,-0.154683,-0.15796569,-0.15797013,-0.15797076,-0.27573854,-0.15466657,-0.13030237,-0.16243835,-0.12334165,-0.14074792,-0.15467036,-0.15887658,-0.14481027,-0.13038953,-0.18691605,-0.14998752,-0.15469217,-0.1579493,-0.1579605,-0.15789947,-0.120334074,-0.13700745,-0.08858878,-0.1546863,-0.19008024,-0.1546973,-0.2004665,-0.11139822,-0.1388583,-0.13027036,-0.1074974,-0.15152657,-0.15460236,-0.15768695,-0.10065024,-0.08152827,-0.09427856,-0.15465099,-0.11960925,-0.15027548,-0.16982608,-0.1185138,-0.15466806,-0.15796414,-0.17738779,-0.15176103,-0.15470016,-0.25953975,-0.17989698,-0.13525523,-0.15469736,-0.15095688,-0.17780018,-0.2009549,-0.15467882,-0.09015879,-0.1544075,-0.12151222,-0.121854745,-0.13997786,-0.21433522,-0.13908121,-0.16057305,-0.15462703,-0.07092635,-0.15408564,-0.15722838,-0.18733518,-0.15445718,-0.13029394,-0.12334781,-0.14100276,-0.1546576,-0.114095174,-0.25318068,-0.26654312,-0.12959525,-0.10945694,-0.15464872,-0.09238048,-0.20963459,-0.15469757,-0.15789185,-0.12984459,-0.15462841,-0.16015086,-0.1553517,-0.15470187,-0.19704957,-0.20616047,-0.12931575,-0.10460003,-0.11361031,-0.10256614,-0.1546945,-0.19495486,-0.15467182,-0.12978092,-0.15454401,-0.041086134,-0.12967405,-0.15470071,-0.2300741,-0.15468052,-0.10384405,-0.15332203,-0.0784167,-0.15456295,-0.12766197,-0.15458143,-0.121451,-0.075820275,-0.09192432,-0.101488546,-0.15444127,-0.15787752,-0.12378413,-0.154556,-0.1410757,-0.13984437,-0.18093297,-0.15470305,-0.25777104,-0.12844054,-0.15461741,-0.13462572,-0.119081676,-0.15467417,-0.1579662,-0.15796779,-0.15796888,-0.19755594,-0.25103784,-0.20219928,-0.19465852,-0.24831252,-0.20506537,-0.22091979,-0.15468886,-0.13003692,-0.11956477,-0.15468362,-0.15796268,-0.20931396,-0.18224281,-0.1546761,-0.32474133,-0.15470119,-0.15797144,-0.15797037,-0.15797001,-0.2185038,-0.15467545,-0.114121355,-0.15467784,-0.15795717,-0.15796289,-0.22984435,-0.15469503,-0.15794699,-0.08963354,-0.15459764,-0.15792355,-0.15794146,-0.15794209,-0.13302092,-0.1051107,-0.14014931,-0.15141064,-0.15839578,-0.15615125,-0.14613561,-0.15469143,-0.12319561,-0.1303634,-0.15465783,-0.15797126,-0.15797082,-0.15797082,-0.1579713,-0.38518023,-0.11451449,-0.15466432,-0.15564899,-0.14443555,-0.16636807,-0.15469682,-0.15789947,-0.12993515,-0.047159404,-0.14911127,-0.14016809,-0.14106366,-0.15455878,-0.19987361,-0.1649412,-0.17166539,-0.15467536,-0.1579301,-0.12722544,-0.14610182,-0.2588673,-0.1301816,-0.15457936,-0.09132757,-0.12832497,-0.13684332,-0.16221203,-0.15659244,-0.12965606,-0.15445688,-0.15788065,-0.15792735,-0.15795979,-0.15740095,-0.19795567,-0.15106063,-0.07294749,-0.2039893,-0.15466532,-0.15792558,-0.104459345,-0.15437023,-0.17466888,-0.13176009,-0.1546714,-0.15109587,-0.10913184,-0.15451565,-0.05825615,-0.14326635,-0.17082691,-0.15461382,-0.18883844,-0.1547023,-0.31316653,-0.15469335,-0.16808087,-0.14331596,-0.1546949,-0.15796804,-0.25088155,-0.15470268,-0.22115314,-0.07562123,-0.086852394,-0.10702289,-0.060967896,-0.14840719,-0.16796505,-0.15746465,-0.22133875,-0.12812386,-0.0969081,-0.16398169,-0.12716047,-0.11335766,-0.18846886,-0.13035704,-0.17755464,-0.0994983,-0.115196005,-0.15461469,-0.11662802,-0.19749595,-0.14526704,-0.12781724,-0.096878245,-0.15461344,-0.15778089,-0.12434345,-0.11230643,-0.063823454,-0.15454723,-0.11419349,-0.10007019,-0.24483351,-0.15470314,-0.15796043,-0.16344379,-0.1759062,-0.12524253,-0.15468892,-0.0782174,-0.19187105,-0.18185812,-0.09859173,-0.11065883,-0.15437454,-0.15765932,-0.083404,-0.1213824,-0.13072303,-0.13855581,-0.19385117,-0.15466785,-0.15796494,-0.19487974,-0.23847799,-0.2432746,-0.13004458,-0.15450567,-0.15793762,-0.14520228,-0.2961179,-0.15470243,-0.19813283,-0.13026875,-0.15464145,-0.060104962,-0.15931924,-0.15470079,-0.2028091,-0.2868003,-0.11816878,-0.14795661,-0.10060286,-0.15455231,-0.13614628,-0.20725825,-0.17393659,-0.125103,-0.15657571,-0.15690626,-0.15469941,-0.15796727,-0.16221246,-0.22200036,-0.130425,-0.2814266,-0.15470356,-0.1915083,-0.24371436,-0.16952515,-0.15462348,-0.13369927,-0.12557748,-0.15469643,-0.18106565,-0.15470332,-0.18642783,-0.1546511,-0.30462334,-0.1545975,-0.14691104,-0.13029914,-0.15469085,-0.1579553,-0.18915205,-0.13034886,-0.15469563,-0.10481856,-0.1650517,-0.1546937,-0.15796925,-0.1579425,-0.12997386,-0.15460138,-0.15793703,-0.15792793,-0.15793929,-0.15794674,-0.16505513,-0.17392421,-0.15468933,-0.15796226,-0.1579526,-0.15796275,-0.2025511,-0.15354379,-0.14723541,-0.15374887,-0.11499533,-0.10471026,-0.11893196,-0.15469271,-0.1578972,-0.13030978,-0.19501048,-0.15470031,-0.18738703,-0.11705899,-0.17429145,-0.15469143,-0.06652963,-0.1544548,-0.10737923,-0.124497145,-0.15298569,-0.052188452,-0.26007295
k__Bacteria|p__Firmicutes|c__Clostridia|o__Eubacteriales|f__Christensenellaceae|g__Christensenellaceae_unclassified|s__Christensenellaceae_bacterium_NSJ_63,-0.1004395,-0.12316422,-0.15490252,-0.15823814,-0.15823838,-0.23867357,-0.1666669,-0.16813041,-0.10929718,-0.22895765,-0.23728925,-0.15490663,-0.22850217,-0.3768707,-0.08556121,-0.15455534,-0.058144663,-0.1544464,-0.15818469,-0.19931981,-0.1978925,-0.12996843,-0.15487629,-0.12711628,-0.20043859,-0.11658599,-0.182019,-0.25032333,-0.1509206,-0.15488055,-0.15142563,-0.10844302,-0.18249588,-0.28454733,-0.15489522,-0.13012882,-0.15490457,-0.22338755,-0.15490694,-0.29867563,-0.15490702,-0.29356226,-0.1295391,-0.15477973,-0.13691942,-0.15490222,-0.23188588,-0.24781659,-0.1296162,-0.1301339,-0.24679694,-0.18279888,-0.25087595,-0.26027086,-0.28621647,-0.27511892,-0.11894142,-0.15483233,-0.040142577,-0.056944285,-0.15428469,-0.11274739,-0.13743341,-0.13003625,-0.15488829,-0.15823436,-0.15823817,-0.15823874,-0.27573854,-0.15487254,-0.1300373,-0.16243835,-0.12334165,-0.14074792,-0.15487766,-0.15887658,-0.14481027,-0.13011563,-0.18691605,-0.14998752,-0.15489662,-0.15822,-0.1582296,-0.15817249,-0.120334074,-0.13700745,-0.08858878,-0.15489154,-0.19008024,-0.15490112,-0.2004665,-0.11139822,-0.1388583,-0.13027036,-0.1074974,-0.15152657,-0.15481853,-0.15796396,-0.10065024,-0.08152827,-0.09427856,-0.15486088,-0.11960925,-0.15027548,-0.16982608,-0.1185138,-0.15487517,-0.15823297,-0.17738779,-0.15176103,-0.15490355,-0.25953975,-0.17989698,-0.13525523,-0.15490118,-0.15095688,-0.17780018,-0.2009549,-0.15488341,-0.09015879,-0.15465008,-0.12151222,-0.121854745,-0.13997786,-0.21433522,-0.13908121,-0.16057305,-0.15484013,-0.07092635,-0.15436395,-0.1575742,-0.18733518,-0.15468207,-0.13002598,-0.12334781,-0.14100276,-0.15486653,-0.114095174,-0.25318068,-0.26654312,-0.12938924,-0.10945694,-0.15485895,-0.09238048,-0.20963459,-0.15490136,-0.15816556,-0.12961635,-0.1548402,-0.16015086,-0.1553517,-0.15490507,-0.19704957,-0.20616047,-0.12913902,-0.10460003,-0.11361031,-0.10256614,-0.15489875,-0.19495486,-0.15487823,-0.1295476,-0.15476793,-0.041086134,-0.12967405,-0.15490398,-0.2300741,-0.15488592,-0.10384405,-0.15368998,-0.0784167,-0.15478289,-0.12766197,-0.15480004,-0.121451,-0.075820275,-0.09192432,-0.101488546,-0.15467742,-0.15815786,-0.12378413,-0.1547674,-0.1410757,-0.13984437,-0.18093297,-0.1549061,-0.25777104,-0.12844054,-0.15482806,-0.13462572,-0.119081676,-0.1548812,-0.15823475,-0.15823615,-0.1582371,-0.19755594,-0.25103784,-0.20219928,-0.19465852,-0.24831252,-0.20506537,-0.22091979,-0.15489334,-0.12978657,-0.11956477,-0.15488929,-0.15823165,-0.20931396,-0.18224281,-0.15488161,-0.32474133,-0.1549045,-0.15823933,-0.15823841,-0.15823808,-0.2185038,-0.15488088,-0.114121355,-0.15488368,-0.15822645,-0.15823182,-0.22984435,-0.15489921,-0.15821654,-0.08963354,-0.15481333,-0.15819804,-0.15821287,-0.15821406,-0.13302092,-0.1051107,-0.14014931,-0.15141064,-0.15839578,-0.15615125,-0.14613561,-0.15489615,-0.12319561,-0.13009238,-0.15486589,-0.15823919,-0.15823878,-0.1582388,-0.15823922,-0.38518023,-0.11451449,-0.15487222,-0.15564899,-0.14443555,-0.16636807,-0.15490057,-0.1581741,-0.12993515,-0.047159404,-0.14991555,-0.14016809,-0.14106366,-0.15477966,-0.19987361,-0.1649412,-0.17166539,-0.15488206,-0.15820393,-0.12722544,-0.14610182,-0.2588673,-0.1299261,-0.15479821,-0.09132757,-0.12832497,-0.13684332,-0.16221203,-0.15659244,-0.12944502,-0.15468839,-0.15816018,-0.15820107,-0.1582292,-0.15740095,-0.19795567,-0.15106063,-0.07294749,-0.2039893,-0.15487278,-0.15819985,-0.104459345,-0.15456343,-0.17466888,-0.13176009,-0.15487897,-0.15109587,-0.10913184,-0.15474059,-0.05825615,-0.14326635,-0.17082691,-0.15482771,-0.18883844,-0.15490544,-0.31316653,-0.15489724,-0.16808087,-0.14331596,-0.154899,-0.1582363,-0.25088155,-0.15490574,-0.22115314,-0.07562123,-0.086852394,-0.10702289,-0.060967896,-0.14930648,-0.16796505,-0.15746465,-0.22133875,-0.12812386,-0.0969081,-0.16398169,-0.12716047,-0.11335766,-0.18846886,-0.13008657,-0.17755464,-0.0994983,-0.115196005,-0.1548287,-0.11662802,-0.19749595,-0.14526704,-0.12781724,-0.096878245,-0.15482879,-0.15807314,-0.12434345,-0.11230643,-0.063823454,-0.15476969,-0.11419349,-0.10007019,-0.24483351,-0.15490618,-0.15822935,-0.16344379,-0.1759062,-0.12524253,-0.15489388,-0.0782174,-0.19187105,-0.18185812,-0.09859173,-0.11065883,-0.15462062,-0.1579671,-0.083404,-0.1213824,-0.13072303,-0.13855581,-0.19385117,-0.15487492,-0.15823367,-0.19487974,-0.23847799,-0.2432746,-0.12980917,-0.15473363,-0.15820959,-0.14520228,-0.2961179,-0.15490557,-0.19813283,-0.13000657,-0.15485173,-0.060104962,-0.15931924,-0.15490407,-0.2028091,-0.2868003,-0.11816878,-0.14795661,-0.10060286,-0.1547732,-0.13614628,-0.20725825,-0.17393659,-0.125103,-0.15657571,-0.15690626,-0.1549029,-0.15823573,-0.16221246,-0.22200036,-0.13014661,-0.2814266,-0.15490654,-0.1915083,-0.24371436,-0.16952515,-0.15483245,-0.13369927,-0.12557748,-0.15490028,-0.18106565,-0.15490632,-0.18642783,-0.15485847,-0.30462334,-0.15481251,-0.14691104,-0.13029914,-0.15489542,-0.15822534,-0.18915205,-0.13008013,-0.15489966,-0.10481856,-0.1650517,-0.15489778,-0.15823743,-0.15821287,-0.12974045,-0.15481776,-0.1582088,-0.15820111,-0.15821084,-0.15821773,-0.16505513,-0.17392421,-0.15489396,-0.15823136,-0.15822282,-0.1582318,-0.2025511,-0.15354379,-0.14723541,-0.15405437,-0.11499533,-0.10471026,-0.11893196,-0.15489705,-0.15817171,-0.13004617,-0.19501048,-0.15490365,-0.18738703,-0.11705899,-0.17429145,-0.15489554,-0.06652963,-0.15468939,-0.10737923,-0.124497145,-0.15298569,-0.052188452,-0.26007295
k__Bacteria|p__Firmicutes|c__Clostridia|o__Clostridia_unclassified|f__Clostridia_unclassified|g__GGB33586|s__GGB33586_SGB53517,-0.1004395,-0.12316422,-0.15453528,-0.1578283,-0.15782858,-0.23867357,-0.1666669,-0.16813041,-0.10929718,-0.22895765,-0.23728925,-0.15454037,-0.22850217,-0.3768707,-0.08556121,-0.15411714,-0.058144663,-0.1539742,-0.15776244,-0.19931981,-0.1978925,-0.12988557,-0.15450293,-0.12711628,-0.20043859,-0.11658599,-0.182019,-0.25032333,-0.1509206,-0.15450813,-0.15142563,-0.10844302,-0.18249588,-0.28454733,-0.15452652,-0.13007893,-0.15453781,-0.22338755,-0.15454075,-0.29867563,-0.15454084,-0.29356226,-0.12937738,-0.15438399,-0.13691942,-0.1545349,-0.23188588,-0.24781659,-0.1296162,-0.13008507,-0.24679694,-0.18279888,-0.25087595,-0.26027086,-0.28621647,-0.27511892,-0.11894142,-0.1544488,-0.040142577,-0.056944285,-0.15377071,-0.11274739,-0.13743341,-0.12996623,-0.15451771,-0.15782359,-0.15782833,-0.15782903,-0.27573854,-0.15449908,-0.12996867,-0.16243835,-0.12334165,-0.14074792,-0.15450451,-0.15887658,-0.14481027,-0.13006313,-0.18691605,-0.14998752,-0.15452799,-0.15780582,-0.15781775,-0.1577498,-0.120334074,-0.13700745,-0.08858878,-0.15452169,-0.19008024,-0.15453354,-0.2004665,-0.11139822,-0.1388583,-0.13027036,-0.1074974,-0.15152657,-0.15443145,-0.1575202,-0.10065024,-0.08152827,-0.09427856,-0.15448388,-0.11960925,-0.15027548,-0.16982608,-0.1185138,-0.15450156,-0.1578219,-0.17738779,-0.15176103,-0.15453656,-0.25953975,-0.17989698,-0.13525523,-0.1545336,-0.15095688,-0.17780018,-0.2009549,-0.15451229,-0.09015879,-0.15422377,-0.12151222,-0.121854745,-0.13997786,-0.21433522,-0.13908121,-0.16057305,-0.1544582,-0.07092635,-0.15387526,-0.15700793,-0.18733518,-0.1542649,-0.1299569,-0.12334781,-0.14100276,-0.15449077,-0.114095174,-0.25318068,-0.26654312,-0.12919085,-0.10945694,-0.15448144,-0.09238048,-0.20963459,-0.15453383,-0.15774007,-0.12946695,-0.15445882,-0.16015086,-0.1553517,-0.15453845,-0.19704957,-0.20616047,-0.1288813,-0.10460003,-0.11361031,-0.10256614,-0.1545306,-0.19495486,-0.1545057,-0.12938094,-0.1543697,-0.041086134,-0.12967405,-0.15453711,-0.2300741,-0.15451491,-0.10384405,-0.15305646,-0.0784167,-0.15438831,-0.12766197,-0.15440883,-0.121451,-0.075820275,-0.09192432,-0.101488546,-0.15425801,-0.15772921,-0.12378413,-0.15438113,-0.1410757,-0.13984437,-0.18093297,-0.1545397,-0.25777104,-0.12844054,-0.15444592,-0.13462572,-0.119081676,-0.15450893,-0.1578241,-0.15782583,-0.15782699,-0.19755594,-0.25103784,-0.20219928,-0.19465852,-0.24831252,-0.20506537,-0.22091979,-0.15452403,-0.12967205,-0.11956477,-0.15451893,-0.15782025,-0.20931396,-0.18224281,-0.15451013,-0.32474133,-0.15453774,-0.15782976,-0.15782863,-0.15782824,-0.2185038,-0.15450934,-0.114121355,-0.15451205,-0.15781385,-0.15782052,-0.22984435,-0.15453117,-0.15780264,-0.08963354,-0.15442553,-0.15777871,-0.15779704,-0.15779851,-0.13302092,-0.1051107,-0.14014931,-0.15141064,-0.15839578,-0.15615125,-0.14613561,-0.1545274,-0.12319561,-0.13003406,-0.15448995,-0.15782957,-0.15782908,-0.15782909,-0.15782961,-0.38518023,-0.11451449,-0.15449777,-0.15564899,-0.14443555,-0.16636807,-0.15453288,-0.15774927,-0.12993515,-0.047159404,-0.14837472,-0.14016809,-0.14106366,-0.15438318,-0.19987361,-0.1649412,-0.17166539,-0.15450995,-0.15778592,-0.12722544,-0.14610182,-0.2588673,-0.12983653,-0.15440692,-0.09132757,-0.12832497,-0.13684332,-0.16221203,-0.15659244,-0.12924516,-0.15427245,-0.15773201,-0.15778247,-0.15781724,-0.15740095,-0.19795567,-0.15106063,-0.07294749,-0.2039893,-0.15449855,-0.157781,-0.104459345,-0.15417123,-0.17466888,-0.13176009,-0.15450609,-0.15109587,-0.10913184,-0.15433714,-0.05825615,-0.14326635,-0.17082691,-0.15444276,-0.18883844,-0.15453887,-0.31316653,-0.15452877,-0.16808087,-0.14331596,-0.15453094,-0.157826,-0.25088155,-0.15453929,-0.22115314,-0.07562123,-0.086852394,-0.10702289,-0.060967896,-0.14761142,-0.16796505,-0.15746465,-0.22133875,-0.12812386,-0.0969081,-0.16398169,-0.12716047,-0.11335766,-0.18846886,-0.13002768,-0.17755464,-0.0994983,-0.115196005,-0.15444407,-0.11662802,-0.19749595,-0.14526704,-0.12781724,-0.096878245,-0.15444422,-0.1576247,-0.12434345,-0.11230643,-0.063823454,-0.15437205,-0.11419349,-0.10007019,-0.24483351,-0.15453981,-0.15781751,-0.16344379,-0.1759062,-0.12524253,-0.1545246,-0.0782174,-0.19187105,-0.18185812,-0.09859173,-0.11065883,-0.15418741,-0.157494,-0.083404,-0.1213824,-0.13072303,-0.13855581,-0.19385117,-0.15450116,-0.15782276,-0.19487974,-0.23847799,-0.2432746,-0.12968421,-0.15432693,-0.15779299,-0.14520228,-0.2961179,-0.15453905,-0.19813283,-0.12993114,-0.15447271,-0.060104962,-0.15931924,-0.1545372,-0.2028091,-0.2868003,-0.11816878,-0.14795661,-0.10060286,-0.15437563,-0.13614628,-0.20725825,-0.17393659,-0.125103,-0.15657571,-0.15690626,-0.15453576,-0.15782529,-0.16221246,-0.22200036,-0.13010064,-0.2814266,-0.15454024,-0.1915083,-0.24371436,-0.16952515,-0.15445155,-0.13369927,-0.12557748,-0.15453249,-0.18106565,-0.15453997,-0.18642783,-0.15448183,-0.30462334,-0.15442389,-0.14691104,-0.13029914,-0.1545265,-0.15781245,-0.18915205,-0.1300198,-0.15453173,-0.10481856,-0.1650517,-0.15452942,-0.1578274,-0.15779743,-0.12960085,-0.15443063,-0.15779205,-0.15778258,-0.1577946,-0.15780321,-0.16505513,-0.17392421,-0.15452471,-0.1578199,-0.15780935,-0.15782043,-0.2025511,-0.15354379,-0.14723541,-0.15348604,-0.11499533,-0.10471026,-0.11893196,-0.15452853,-0.15774775,-0.12997898,-0.19501048,-0.15453666,-0.18738703,-0.11705899,-0.17429145,-0.15452695,-0.06652963,-0.15427439,-0.10737923,-0.124497145,-0.15298569,-0.052188452,-0.26007295
k__Bacteria|p__Firmicutes|c__Clostridia|o__Eubacteriales|f__Oscillospiraceae|g__Anaerotruncus|s__Anaerotruncus_rubiinfantis,-0.1004395,-0.12316422,-0.15530622,-0.15866363,-0.15866397,-0.23867357,-0.1666669,-0.16813041,-0.10929718,-0.22895765,-0.23728925,-0.15531196,-0.22850217,-0.3768707,-0.08556121,-0.1548354,-0.058144663,-0.15468165,-0.1585898,-0.19931981,-0.1978925,-0.13015485,-0.15527001,-0.12711628,-0.20043859,-0.11658599,-0.182019,-0.25032333,-0.1509206,-0.15527557,-0.15142563,-0.10844302,-0.18249588,-0.28454733,-0.15529582,-0.13037193,-0.15530911,-0.22338755,-0.15531239,-0.29867563,-0.15531245,-0.29356226,-0.12957516,-0.15513542,-0.13691942,-0.15530586,-0.23188588,-0.24781659,-0.1296162,-0.13037884,-0.24679694,-0.18279888,-0.25087595,-0.26027086,-0.28621647,-0.27511892,-0.11894142,-0.15520966,-0.040142577,-0.056944285,-0.15445031,-0.11274739,-0.13743341,-0.13024586,-0.15528649,-0.15865843,-0.15866369,-0.15866446,-0.27573854,-0.15526466,-0.13024728,-0.16243835,-0.12334165,-0.14074792,-0.15527195,-0.15887658,-0.14481027,-0.13035384,-0.18691605,-0.14998752,-0.15529814,-0.15863857,-0.15865183,-0.15857007,-0.120334074,-0.13700745,-0.08858878,-0.15529111,-0.19008024,-0.15530431,-0.2004665,-0.11139822,-0.1388583,-0.13027036,-0.1074974,-0.15152657,-0.15519059,-0.15829279,-0.10065024,-0.08152827,-0.09427856,-0.15524882,-0.11960925,-0.15027548,-0.16982608,-0.1185138,-0.15526825,-0.15865648,-0.17738779,-0.15176103,-0.15530768,-0.25953975,-0.17989698,-0.13525523,-0.1553044,-0.15095688,-0.17780018,-0.2009549,-0.15527898,-0.09015879,-0.1549593,-0.12151222,-0.121854745,-0.13997786,-0.21433522,-0.13908121,-0.16057305,-0.15522029,-0.07092635,-0.15456589,-0.15774062,-0.18733518,-0.1549978,-0.13023421,-0.12334781,-0.14100276,-0.1552566,-0.114095174,-0.25318068,-0.26654312,-0.12939204,-0.10945694,-0.15524623,-0.09238048,-0.20963459,-0.15530467,-0.15855998,-0.12968025,-0.15522024,-0.16015086,-0.1553517,-0.1553098,-0.19704957,-0.20616047,-0.12905553,-0.10460003,-0.11361031,-0.10256614,-0.15530106,-0.19495486,-0.1552717,-0.12960052,-0.15512112,-0.041086134,-0.12967405,-0.15530825,-0.2300741,-0.15528211,-0.10384405,-0.15364733,-0.0784167,-0.15514158,-0.12766197,-0.15516514,-0.121451,-0.075820275,-0.09192432,-0.101488546,-0.15499689,-0.15855321,-0.12378413,-0.15512037,-0.1410757,-0.13984437,-0.18093297,-0.15531121,-0.25777104,-0.12844054,-0.15520233,-0.13462572,-0.119081676,-0.15527698,-0.15865895,-0.15866089,-0.1586622,-0.19755594,-0.25103784,-0.20219928,-0.19465852,-0.24831252,-0.20506537,-0.22091979,-0.1552932,-0.12991104,-0.11956477,-0.15528801,-0.15865465,-0.20931396,-0.18224281,-0.1552769,-0.32474133,-0.15530902,-0.15866528,-0.15866402,-0.15866359,-0.2185038,-0.15527597,-0.114121355,-0.15528008,-0.1586473,-0.15865488,-0.22984435,-0.15530172,-0.15863356,-0.08963354,-0.15518332,-0.15860851,-0.15862861,-0.15863056,-0.13302092,-0.1051107,-0.14014931,-0.15141064,-0.15839578,-0.15615125,-0.14613561,-0.15529753,-0.12319561,-0.13032126,-0.15525538,-0.15866508,-0.15866452,-0.15866454,-0.15866514,-0.38518023,-0.11451449,-0.15526436,-0.15564899,-0.14443555,-0.16636807,-0.15530354,-0.15857296,-0.12993515,-0.047159404,-0.14837867,-0.14016809,-0.14106366,-0.1551363,-0.19987361,-0.1649412,-0.17166539,-0.15527804,-0.15861665,-0.12722544,-0.14610182,-0.2588673,-0.13010183,-0.15516305,-0.09132757,-0.12832497,-0.13684332,-0.16221203,-0.15659244,-0.12946081,-0.1550114,-0.15855621,-0.15861249,-0.15865129,-0.15740095,-0.19795567,-0.15106063,-0.07294749,-0.2039893,-0.15526506,-0.15861115,-0.104459345,-0.1548836,-0.17466888,-0.13176009,-0.15527387,-0.15109587,-0.10913184,-0.15508455,-0.05825615,-0.14326635,-0.17082691,-0.15520278,-0.18883844,-0.15531029,-0.31316653,-0.15529877,-0.16808087,-0.14331596,-0.15530142,-0.15866108,-0.25088155,-0.15531072,-0.22115314,-0.07562123,-0.086852394,-0.10702289,-0.060967896,-0.14753512,-0.16796505,-0.15746465,-0.22133875,-0.12812386,-0.0969081,-0.16398169,-0.12716047,-0.11335766,-0.18846886,-0.13031389,-0.17755464,-0.0994983,-0.115196005,-0.15520428,-0.11662802,-0.19749595,-0.14526704,-0.12781724,-0.096878245,-0.15520501,-0.15843657,-0.12434345,-0.11230643,-0.063823454,-0.15512377,-0.11419349,-0.10007019,-0.24483351,-0.15531135,-0.15865079,-0.16344379,-0.1759062,-0.12524253,-0.15529437,-0.0782174,-0.19187105,-0.18185812,-0.09859173,-0.11065883,-0.15491849,-0.15829031,-0.083404,-0.1213824,-0.13072303,-0.13855581,-0.19385117,-0.15526795,-0.15865746,-0.19487974,-0.23847799,-0.2432746,-0.12993687,-0.1550737,-0.15862408,-0.14520228,-0.2961179,-0.15531048,-0.19813283,-0.1302063,-0.1552361,-0.060104962,-0.15931924,-0.1553084,-0.2028091,-0.2868003,-0.11816878,-0.14795661,-0.10060286,-0.15512724,-0.13614628,-0.20725825,-0.17393659,-0.125103,-0.15657571,-0.15690626,-0.1553068,-0.1586603,-0.16221246,-0.22200036,-0.13039629,-0.2814266,-0.1553118,-0.1915083,-0.24371436,-0.16952515,-0.15520689,-0.13369927,-0.12557748,-0.15530312,-0.18106565,-0.15531152,-0.18642783,-0.15524393,-0.30462334,-0.15518136,-0.14691104,-0.13029914,-0.15529644,-0.15864597,-0.18915205,-0.13030498,-0.15530226,-0.10481856,-0.1650517,-0.15529966,-0.15866263,-0.15862693,-0.12984571,-0.15518957,-0.15862295,-0.15861252,-0.15862586,-0.15863556,-0.16505513,-0.17392421,-0.15529442,-0.1586543,-0.15864246,-0.1586549,-0.2025511,-0.15354379,-0.14723541,-0.15412724,-0.11499533,-0.10471026,-0.11893196,-0.1552987,-0.15856881,-0.13025986,-0.19501048,-0.15530778,-0.18738703,-0.11705899,-0.17429145,-0.15529558,-0.06652963,-0.15501425,-0.10737923,-0.124497145,-0.15298569,-0.052188452,-0.26007295
k__Bacteria|p__Firmicutes|c__Clostridia|o__Eubacteriales|f__Lachnospiraceae|g__Mediterraneibacter|s__Mediterraneibacter_massiliensis,-0.1004395,-0.12316422,-0.15540603,-0.15877602,-0.15877664,-0.23867357,-0.1666669,-0.16813041,-0.10929718,-0.22895765,-0.23728925,-0.15541658,-0.22850217,-0.3768707,-0.08556121,-0.15455528,-0.058144663,-0.15422031,-0.15863994,-0.19931981,-0.1978925,-0.12997247,-0.15533824,-0.12711628,-0.20043859,-0.11658599,-0.182019,-0.25032333,-0.1509206,-0.1553493,-0.15142563,-0.10844302,-0.18249588,-0.28454733,-0.15538752,-0.1303809,-0.15541124,-0.22338755,-0.15541738,-0.29867563,-0.15541753,-0.29356226,-0.12889396,-0.15509269,-0.13691942,-0.15540507,-0.23188588,-0.24781659,-0.1296162,-0.1303933,-0.24679694,-0.18279888,-0.25087595,-0.26027086,-0.28621647,-0.27511892,-0.11894142,-0.15522625,-0.040142577,-0.056944285,-0.1538087,-0.11274739,-0.13743341,-0.13014862,-0.15536967,-0.15876615,-0.15877616,-0.15877756,-0.27573854,-0.155335,-0.1301483,-0.16243835,-0.12334165,-0.14074792,-0.15534107,-0.15887658,-0.14481027,-0.13034634,-0.18691605,-0.14998752,-0.1553908,-0.15872905,-0.15875429,-0.15861696,-0.120334074,-0.13700745,-0.08858878,-0.15537745,-0.19008024,-0.15540221,-0.2004665,-0.11139822,-0.1388583,-0.13027036,-0.1074974,-0.15152657,-0.15518749,-0.15816173,-0.10065024,-0.08152827,-0.09427856,-0.1552982,-0.11960925,-0.15027548,-0.16982608,-0.1185138,-0.15533632,-0.15876256,-0.17738779,-0.15176103,-0.15540862,-0.25953975,-0.17989698,-0.13525523,-0.1554023,-0.15095688,-0.17780018,-0.2009549,-0.15535998,-0.09015879,-0.15475008,-0.12151222,-0.121854745,-0.13997786,-0.21433522,-0.13908121,-0.16057305,-0.15524429,-0.07092635,-0.15403289,-0.15707709,-0.18733518,-0.15485203,-0.13013908,-0.12334781,-0.14100276,-0.15531278,-0.114095174,-0.25318068,-0.26654312,-0.12855859,-0.10945694,-0.15529278,-0.09238048,-0.20963459,-0.15540281,-0.15859854,-0.12911716,-0.15524879,-0.16015086,-0.1553517,-0.15541254,-0.19704957,-0.20616047,-0.12796059,-0.10460003,-0.11361031,-0.10256614,-0.1553959,-0.19495486,-0.15534401,-0.1289784,-0.15505776,-0.041086134,-0.12967405,-0.15540981,-0.2300741,-0.15536383,-0.10384405,-0.15236874,-0.0784167,-0.15510456,-0.12766197,-0.15514164,-0.121451,-0.075820275,-0.09192432,-0.101488546,-0.15482742,-0.15856804,-0.12378413,-0.15509881,-0.1410757,-0.13984437,-0.18093297,-0.15541518,-0.25777104,-0.12844054,-0.15522587,-0.13462572,-0.119081676,-0.15535054,-0.15876739,-0.15877092,-0.15877339,-0.19755594,-0.25103784,-0.20219928,-0.19465852,-0.24831252,-0.20506537,-0.22091979,-0.155383,-0.1295451,-0.11956477,-0.1553714,-0.15875919,-0.20931396,-0.18224281,-0.15535542,-0.32474133,-0.15541098,-0.1587791,-0.1587767,-0.1587759,-0.2185038,-0.15535712,-0.114121355,-0.15535852,-0.15874636,-0.15875995,-0.22984435,-0.1553972,-0.1587303,-0.08963354,-0.15517975,-0.15867165,-0.15871105,-0.15871307,-0.13302092,-0.1051107,-0.14014931,-0.15141064,-0.15839578,-0.15615125,-0.14613561,-0.15538913,-0.12319561,-0.13028628,-0.15531166,-0.15877871,-0.15877768,-0.15877768,-0.15877882,-0.38518023,-0.11451449,-0.15532729,-0.15564899,-0.14443555,-0.16636807,-0.15540093,-0.1586141,-0.12993515,-0.047159404,-0.1426185,-0.14016809,-0.14106366,-0.15508711,-0.19987361,-0.1649412,-0.17166539,-0.15535252,-0.15868604,-0.12722544,-0.14610182,-0.2588673,-0.12987268,-0.15513754,-0.09132757,-0.12832497,-0.13684332,-0.16221203,-0.15659244,-0.12875812,-0.15486845,-0.15857509,-0.15867992,-0.15875287,-0.15740095,-0.19795567,-0.15106063,-0.07294749,-0.2039893,-0.15532942,-0.15867686,-0.104459345,-0.1547238,-0.17466888,-0.13176009,-0.15534395,-0.15109587,-0.10913184,-0.15500057,-0.05825615,-0.14326635,-0.17082691,-0.15521267,-0.18883844,-0.15541348,-0.31316653,-0.155393,-0.16808087,-0.14331596,-0.15539676,-0.1587714,-0.25088155,-0.15541433,-0.22115314,-0.07562123,-0.086852394,-0.10702289,-0.060967896,-0.14100674,-0.16796505,-0.15746465,-0.22133875,-0.12812386,-0.0969081,-0.16398169,-0.12716047,-0.11335766,-0.18846886,-0.13027212,-0.17755464,-0.0994983,-0.115196005,-0.15521517,-0.11662802,-0.19749595,-0.14526704,-0.12781724,-0.096878245,-0.15521473,-0.15835074,-0.12434345,-0.11230643,-0.063823454,-0.15506783,-0.11419349,-0.10007019,-0.24483351,-0.15541542,-0.15875393,-0.16344379,-0.1759062,-0.12524253,-0.15538329,-0.0782174,-0.19187105,-0.18185812,-0.09859173,-0.11065883,-0.15467405,-0.15807492,-0.083404,-0.1213824,-0.13072303,-0.13855581,-0.19385117,-0.15533513,-0.15876448,-0.19487974,-0.23847799,-0.2432746,-0.1295766,-0.15497062,-0.1587025,-0.14520228,-0.2961179,-0.15541379,-0.19813283,-0.13007526,-0.15527618,-0.060104962,-0.15931924,-0.15541,-0.2028091,-0.2868003,-0.11816878,-0.14795661,-0.10060286,-0.15507343,-0.13614628,-0.20725825,-0.17393659,-0.125103,-0.15657571,-0.15690626,-0.155407,-0.15876971,-0.16221246,-0.22200036,-0.13042617,-0.2814266,-0.15541631,-0.1915083,-0.24371436,-0.16952515,-0.15523933,-0.13369927,-0.12557748,-0.1554002,-0.18106565,-0.15541577,-0.18642783,-0.15529819,-0.30462334,-0.15517405,-0.14691104,-0.13029914,-0.15538754,-0.15874279,-0.18915205,-0.13025479,-0.15539843,-0.10481856,-0.1650517,-0.1553938,-0.15877417,-0.15871352,-0.12941904,-0.15518588,-0.15870094,-0.15868121,-0.15870629,-0.15872459,-0.16505513,-0.17392421,-0.15538403,-0.15875837,-0.15873638,-0.15875955,-0.2025511,-0.15354379,-0.14723541,-0.15322804,-0.11499533,-0.10471026,-0.11893196,-0.15539178,-0.15861204,-0.13016808,-0.19501048,-0.15540893,-0.18738703,-0.11705899,-0.17429145,-0.15538916,-0.06652963,-0.15486169,-0.10737923,-0.124497145,-0.15298569,-0.052188452,-0.26007295
k__Bacteria|p__Firmicutes|c__Clostridia|o__Eubacteriales|f__Lachnospiraceae|g__Blautia|s__Blautia_sp_OF03_15BH,-0.1004395,-0.12316422,-0.15515411,-0.15845224,-0.1584524,-0.23867357,-0.1666669,-0.16813041,-0.10929718,-0.22895765,-0.23728925,-0.15515675,-0.22850217,-0.3768707,-0.08556121,-0.15491489,-0.058144663,-0.15485267,-0.15841763,-0.19931981,-0.1978925,-0.13054322,-0.15513721,-0.12711628,-0.20043859,-0.11658599,-0.182019,-0.25032333,-0.1509206,-0.15514055,-0.15142563,-0.10844302,-0.18249588,-0.28454733,-0.15515004,-0.13065705,-0.15515542,-0.22338755,-0.15515694,-0.29867563,-0.15515697,-0.29356226,-0.1302293,-0.1550771,-0.13691942,-0.1551539,-0.23188588,-0.24781659,-0.1296162,-0.13066092,-0.24679694,-0.18279888,-0.25087595,-0.26027086,-0.28621647,-0.27511892,-0.11894142,-0.15510792,-0.040142577,-0.056944285,-0.15476465,-0.11274739,-0.13743341,-0.13059023,-0.15514514,-0.1584498,-0.15845227,-0.15845263,-0.27573854,-0.15513483,-0.13059385,-0.16243835,-0.12334165,-0.14074792,-0.15513822,-0.15887658,-0.14481027,-0.13064794,-0.18691605,-0.14998752,-0.15515023,-0.15844055,-0.15844685,-0.15841424,-0.120334074,-0.13700745,-0.08858878,-0.15514696,-0.19008024,-0.15515319,-0.2004665,-0.11139822,-0.1388583,-0.13027036,-0.1074974,-0.15152657,-0.15509978,-0.15827984,-0.10065024,-0.08152827,-0.09427856,-0.15512706,-0.11960925,-0.15027548,-0.16982608,-0.1185138,-0.15513685,-0.15844896,-0.17738779,-0.15176103,-0.15515481,-0.25953975,-0.17989698,-0.13525523,-0.15515323,-0.15095688,-0.17780018,-0.2009549,-0.1551432,-0.09015879,-0.15498883,-0.12151222,-0.121854745,-0.13997786,-0.21433522,-0.13908121,-0.16057305,-0.1551134,-0.07092635,-0.1548024,-0.1580403,-0.18733518,-0.15502074,-0.13057226,-0.12334781,-0.14100276,-0.15513082,-0.114095174,-0.25318068,-0.26654312,-0.13007805,-0.10945694,-0.15512583,-0.09238048,-0.20963459,-0.15515332,-0.15841132,-0.13026778,-0.15511362,-0.16015086,-0.1553517,-0.15515576,-0.19704957,-0.20616047,-0.12984824,-0.10460003,-0.11361031,-0.10256614,-0.15515164,-0.19495486,-0.15514006,-0.13019285,-0.15506658,-0.041086134,-0.12967405,-0.15515512,-0.2300741,-0.15514511,-0.10384405,-0.15434483,-0.0784167,-0.1550752,-0.12766197,-0.15508741,-0.121451,-0.075820275,-0.09192432,-0.101488546,-0.15500607,-0.15839972,-0.12378413,-0.15506774,-0.1410757,-0.13984437,-0.18093297,-0.1551564,-0.25777104,-0.12844054,-0.1551077,-0.13462572,-0.119081676,-0.15514,-0.15844998,-0.15845095,-0.15845156,-0.19755594,-0.25103784,-0.20219928,-0.19465852,-0.24831252,-0.20506537,-0.22091979,-0.15514874,-0.13039805,-0.11956477,-0.15514556,-0.15844816,-0.20931396,-0.18224281,-0.15514114,-0.32474133,-0.15515536,-0.15845302,-0.15845242,-0.1584522,-0.2185038,-0.15513952,-0.114121355,-0.15514213,-0.1584451,-0.1584482,-0.22984435,-0.15515187,-0.15843678,-0.08963354,-0.15509571,-0.1584259,-0.15843624,-0.15843646,-0.13302092,-0.1051107,-0.14014931,-0.15141064,-0.15839578,-0.15615125,-0.14613561,-0.15514988,-0.12319561,-0.13063344,-0.15513134,-0.15845293,-0.15845266,-0.15845266,-0.15845293,-0.38518023,-0.11451449,-0.15513481,-0.15564899,-0.14443555,-0.16636807,-0.15515298,-0.15841448,-0.12993515,-0.047159404,-0.15205866,-0.14016809,-0.14106366,-0.15507607,-0.19987361,-0.1649412,-0.17166539,-0.1551409,-0.15842979,-0.12722544,-0.14610182,-0.2588673,-0.13050419,-0.15508547,-0.09132757,-0.12832497,-0.13684332,-0.16221203,-0.15659244,-0.13008076,-0.15501256,-0.15840133,-0.1584282,-0.15844646,-0.15740095,-0.19795567,-0.15106063,-0.07294749,-0.2039893,-0.1551353,-0.15842673,-0.104459345,-0.15489972,-0.17466888,-0.13176009,-0.15513866,-0.15109587,-0.10913184,-0.15504554,-0.05825615,-0.14326635,-0.17082691,-0.15510644,-0.18883844,-0.155156,-0.31316653,-0.15515107,-0.16808087,-0.14331596,-0.15515186,-0.1584511,-0.25088155,-0.1551562,-0.22115314,-0.07562123,-0.086852394,-0.10702289,-0.060967896,-0.15166375,-0.16796505,-0.15746465,-0.22133875,-0.12812386,-0.0969081,-0.16398169,-0.12716047,-0.11335766,-0.18846886,-0.13062875,-0.17755464,-0.0994983,-0.115196005,-0.15510681,-0.11662802,-0.19749595,-0.14526704,-0.12781724,-0.096878245,-0.15510523,-0.15834439,-0.12434345,-0.11230643,-0.063823454,-0.15506624,-0.11419349,-0.10007019,-0.24483351,-0.15515646,-0.15844758,-0.16344379,-0.1759062,-0.12524253,-0.1551485,-0.0782174,-0.19187105,-0.18185812,-0.09859173,-0.11065883,-0.15497094,-0.15827675,-0.083404,-0.1213824,-0.13072303,-0.13855581,-0.19385117,-0.15513681,-0.15844937,-0.19487974,-0.23847799,-0.2432746,-0.13042474,-0.15504426,-0.15843411,-0.14520228,-0.2961179,-0.15515608,-0.19813283,-0.1305666,-0.15512145,-0.060104962,-0.15931924,-0.15515515,-0.2028091,-0.2868003,-0.11816878,-0.14795661,-0.10060286,-0.15507177,-0.13614628,-0.20725825,-0.17393659,-0.125103,-0.15657571,-0.15690626,-0.15515438,-0.1584507,-0.16221246,-0.22200036,-0.1306694,-0.2814266,-0.15515667,-0.1915083,-0.24371436,-0.16952515,-0.15511258,-0.13369927,-0.12557748,-0.15515274,-0.18106565,-0.15515655,-0.18642783,-0.15512788,-0.30462334,-0.15509778,-0.14691104,-0.13029914,-0.15514958,-0.15844396,-0.18915205,-0.13062437,-0.15515226,-0.10481856,-0.1650517,-0.15515119,-0.1584518,-0.15843838,-0.13036776,-0.15509894,-0.15843374,-0.15842825,-0.1584349,-0.15843862,-0.16505513,-0.17392421,-0.15514871,-0.15844786,-0.15844247,-0.15844813,-0.2025511,-0.15354379,-0.14723541,-0.15462771,-0.11499533,-0.10471026,-0.11893196,-0.15515062,-0.15841371,-0.1305997,-0.19501048,-0.15515488,-0.18738703,-0.11705899,-0.17429145,-0.15515092,-0.06652963,-0.1550129,-0.10737923,-0.124497145,-0.15298569,-0.052188452,-0.26007295
k__Bacteria|p__Firmicutes|c__Clostridia|o__Eubacteriales|f__Peptostreptococcaceae|g__Peptacetobacter|s__Peptacetobacter_hiranonis,-0.1004395,-0.12316422,-0.15544334,-0.1587922,-0.15879247,-0.23867357,-0.1666669,-0.16813041,-0.10929718,-0.22895765,-0.23728925,-0.15544823,-0.22850217,-0.3768707,-0.08556121,-0.15504193,-0.058144663,-0.15491131,-0.15872926,-0.19931981,-0.1978925,-0.13038287,-0.15541258,-0.12711628,-0.20043859,-0.11658599,-0.182019,-0.25032333,-0.1509206,-0.15541738,-0.15142563,-0.10844302,-0.18249588,-0.28454733,-0.15543471,-0.13057205,-0.15544578,-0.22338755,-0.1554486,-0.29867563,-0.15544865,-0.29356226,-0.12987949,-0.1552982,-0.13691942,-0.15544304,-0.23188588,-0.24781659,-0.1296162,-0.13057789,-0.24679694,-0.18279888,-0.25087595,-0.26027086,-0.28621647,-0.27511892,-0.11894142,-0.15536082,-0.040142577,-0.056944285,-0.1547134,-0.11274739,-0.13743341,-0.13046135,-0.15542647,-0.15878776,-0.15879226,-0.15879291,-0.27573854,-0.155408,-0.13046375,-0.16243835,-0.12334165,-0.14074792,-0.15541416,-0.15887658,-0.14481027,-0.1305564,-0.18691605,-0.14998752,-0.15543643,-0.1587708,-0.1587821,-0.15871492,-0.120334074,-0.13700745,-0.08858878,-0.15543045,-0.19008024,-0.15544172,-0.2004665,-0.11139822,-0.1388583,-0.13027036,-0.1074974,-0.15152657,-0.1553447,-0.15848227,-0.10065024,-0.08152827,-0.09427856,-0.15539451,-0.11960925,-0.15027548,-0.16982608,-0.1185138,-0.15541108,-0.15878612,-0.17738779,-0.15176103,-0.15544459,-0.25953975,-0.17989698,-0.13525523,-0.15544178,-0.15095688,-0.17780018,-0.2009549,-0.15542057,-0.09015879,-0.1551474,-0.12151222,-0.121854745,-0.13997786,-0.21433522,-0.13908121,-0.16057305,-0.15537013,-0.07092635,-0.15481254,-0.15800443,-0.18733518,-0.15518174,-0.13044816,-0.12334781,-0.14100276,-0.15540105,-0.114095174,-0.25318068,-0.26654312,-0.129693,-0.10945694,-0.15539223,-0.09238048,-0.20963459,-0.15544201,-0.15870643,-0.12996157,-0.15537019,-0.16015086,-0.1553517,-0.15544638,-0.19704957,-0.20616047,-0.12938139,-0.10460003,-0.11361031,-0.10256614,-0.15543896,-0.19495486,-0.15541479,-0.12988235,-0.15528607,-0.041086134,-0.12967405,-0.1554451,-0.2300741,-0.1554237,-0.10384405,-0.15402819,-0.0784167,-0.15530291,-0.12766197,-0.15532306,-0.121451,-0.075820275,-0.09192432,-0.101488546,-0.15517882,-0.15869805,-0.12378413,-0.15528801,-0.1410757,-0.13984437,-0.18093297,-0.15544759,-0.25777104,-0.12844054,-0.155356,-0.13462572,-0.119081676,-0.15541841,-0.1587882,-0.15878984,-0.15879096,-0.19755594,-0.25103784,-0.20219928,-0.19465852,-0.24831252,-0.20506537,-0.22091979,-0.15543243,-0.13016558,-0.11956477,-0.15542787,-0.15878454,-0.20931396,-0.18224281,-0.15541875,-0.32474133,-0.15544572,-0.1587936,-0.15879253,-0.15879217,-0.2185038,-0.15541767,-0.114121355,-0.155421,-0.15877827,-0.15878478,-0.22984435,-0.1554395,-0.15876651,-0.08963354,-0.15533832,-0.1587452,-0.15876234,-0.15876402,-0.13302092,-0.1051107,-0.14014931,-0.15141064,-0.15839578,-0.15615125,-0.14613561,-0.15543595,-0.12319561,-0.13052893,-0.15539995,-0.15879343,-0.15879296,-0.15879297,-0.15879348,-0.38518023,-0.11451449,-0.15540767,-0.15564899,-0.14443555,-0.16636807,-0.15544105,-0.15871584,-0.12993515,-0.047159404,-0.14953882,-0.14016809,-0.14106366,-0.15529847,-0.19987361,-0.1649412,-0.17166539,-0.15541932,-0.15875217,-0.12722544,-0.14610182,-0.2588673,-0.13033286,-0.15532106,-0.09132757,-0.12832497,-0.13684332,-0.16221203,-0.15659244,-0.12974222,-0.15519106,-0.1587005,-0.15874869,-0.15878168,-0.15740095,-0.19795567,-0.15106063,-0.07294749,-0.2039893,-0.1554082,-0.1587474,-0.104459345,-0.15505534,-0.17466888,-0.13176009,-0.15541583,-0.15109587,-0.10913184,-0.15525366,-0.05825615,-0.14326635,-0.17082691,-0.1553551,-0.18883844,-0.1554468,-0.31316653,-0.155437,-0.16808087,-0.14331596,-0.15543926,-0.15879002,-0.25088155,-0.15544716,-0.22115314,-0.07562123,-0.086852394,-0.10702289,-0.060967896,-0.14881216,-0.16796505,-0.15746465,-0.22133875,-0.12812386,-0.0969081,-0.16398169,-0.12716047,-0.11335766,-0.18846886,-0.13052234,-0.17755464,-0.0994983,-0.115196005,-0.15535644,-0.11662802,-0.19749595,-0.14526704,-0.12781724,-0.096878245,-0.15535697,-0.1585984,-0.12434345,-0.11230643,-0.063823454,-0.15528755,-0.11419349,-0.10007019,-0.24483351,-0.15544769,-0.15878174,-0.16344379,-0.1759062,-0.12524253,-0.15543324,-0.0782174,-0.19187105,-0.18185812,-0.09859173,-0.11065883,-0.15511283,-0.15847406,-0.083404,-0.1213824,-0.13072303,-0.13855581,-0.19385117,-0.1554107,-0.15878695,-0.19487974,-0.23847799,-0.2432746,-0.13019478,-0.15524492,-0.15875852,-0.14520228,-0.2961179,-0.15544696,-0.19813283,-0.13042647,-0.15538347,-0.060104962,-0.15931924,-0.15544519,-0.2028091,-0.2868003,-0.11816878,-0.14795661,-0.10060286,-0.15529075,-0.13614628,-0.20725825,-0.17393659,-0.125103,-0.15657571,-0.15690626,-0.15544382,-0.15878935,-0.16221246,-0.22200036,-0.13059287,-0.2814266,-0.1554481,-0.1915083,-0.24371436,-0.16952515,-0.15536109,-0.13369927,-0.12557748,-0.15544069,-0.18106565,-0.15544786,-0.18642783,-0.15539114,-0.30462334,-0.1553368,-0.14691104,-0.13029914,-0.15543503,-0.15877718,-0.18915205,-0.13051483,-0.15543999,-0.10481856,-0.1650517,-0.15543774,-0.15879136,-0.15876219,-0.13011353,-0.15534389,-0.15875751,-0.15874851,-0.15875995,-0.15876824,-0.16505513,-0.17392421,-0.15543325,-0.15878424,-0.15877417,-0.15878475,-0.2025511,-0.15354379,-0.14723541,-0.15443705,-0.11499533,-0.10471026,-0.11893196,-0.15543692,-0.15871388,-0.13047561,-0.19501048,-0.15544465,-0.18738703,-0.11705899,-0.17429145,-0.15543512,-0.06652963,-0.15519455,-0.10737923,-0.124497145,-0.15298569,-0.052188452,-0.26007295
k__Bacteria|p__Firmicutes|c__Tissierellia|o__Tissierellales|f__Peptoniphilaceae|g__Parvimonas|s__Parvimonas_parva,-0.1004395,-0.12316422,-0.15467133,-0.15796585,-0.15796623,-0.23867357,-0.1666669,-0.16813041,2.4176533,-0.22895765,-0.23728925,-0.15467793,-0.22850217,-0.3768707,-0.08556121,-0.15413547,-0.058144663,-0.15395509,-0.15788102,-0.19931981,-0.1978925,-0.12994955,-0.15462951,-0.12711628,-0.20043859,-0.11658599,-0.182019,-0.25032333,-0.1509206,-0.15463576,-0.15142563,-0.10844302,-0.18249588,-0.28454733,-0.15465859,-0.13020413,-0.15467465,-0.22338755,-0.1546784,-0.29867563,-0.15467852,-0.29356226,-0.1292764,-0.15447405,-0.13691942,-0.1546709,-0.23188588,-0.24781659,-0.1296162,-0.1302122,-0.24679694,-0.18279888,-0.25087595,-0.26027086,-0.28621647,-0.27511892,-0.11894142,-0.1545603,-0.040142577,-0.056944285,-0.15368892,-0.11274739,-0.13743341,-0.13005732,-0.15464869,-0.15795985,-0.15796591,-0.15796681,-0.27573854,-0.15462252,-0.13005863,-0.16243835,-0.12334165,-0.14074792,-0.15463191,-0.15887658,-0.14481027,-0.1301825,-0.18691605,-0.14998752,-0.15466207,-0.15793705,-0.15795228,-0.15785289,-0.120334074,-0.13700745,-0.08858878,-0.15465397,-0.19008024,-0.15466914,-0.2004665,-0.11139822,-0.1388583,-0.13027036,-0.1074974,-0.15152657,-0.15453842,-0.15752676,-0.10065024,-0.08152827,-0.09427856,-0.15460518,-0.11960925,-0.15027548,-0.16982608,-0.1185138,-0.1546275,-0.15795758,-0.17738779,-0.15176103,-0.154673,-0.25953975,-0.17989698,-0.13525523,-0.1546692,-0.15095688,-0.17780018,-0.2009549,-0.15463856,-0.09015879,-0.15427285,-0.12151222,-0.121854745,-0.13997786,-0.21433522,-0.13908121,-0.16057305,-0.15457241,-0.07092635,-0.15382242,-0.15690663,-0.18733518,-0.15431504,-0.13004564,-0.12334781,-0.14100276,-0.15461436,-0.114095174,-0.25318068,-0.26654312,-0.1290687,-0.10945694,-0.15460235,-0.09238048,-0.20963459,-0.15466955,-0.15784225,-0.12941194,-0.1545726,-0.16015086,-0.1553517,-0.15467542,-0.19704957,-0.20616047,-0.12868318,-0.10460003,-0.11361031,-0.10256614,-0.1546654,-0.19495486,-0.15462951,-0.12931323,-0.15445848,-0.041086134,-0.12967405,-0.15467367,-0.2300741,-0.15464157,-0.10384405,-0.15277646,-0.0784167,-0.15448241,-0.12766197,-0.15450937,-0.121451,-0.075820275,-0.09192432,-0.101488546,-0.15431623,-0.15783903,-0.12378413,-0.15445107,-0.1410757,-0.13984437,-0.18093297,-0.15467706,-0.25777104,-0.12844054,-0.15454718,-0.13462572,-0.119081676,-0.15463778,-0.15796047,-0.15796268,-0.1579642,-0.19755594,-0.25103784,-0.20219928,-0.19465852,-0.24831252,-0.20506537,-0.22091979,-0.15465587,-0.12967601,-0.11956477,-0.15465033,-0.1579555,-0.20931396,-0.18224281,-0.15463674,-0.32474133,-0.15467454,-0.15796775,-0.15796629,-0.15796578,-0.2185038,-0.1546354,-0.114121355,-0.15464126,-0.15794705,-0.15795574,-0.22984435,-0.15466617,-0.15793052,-0.08963354,-0.15453017,-0.15790251,-0.15792562,-0.15792786,-0.13302092,-0.1051107,-0.14014931,-0.15141064,-0.15839578,-0.15615125,-0.14613561,-0.15466131,-0.12319561,-0.13014552,-0.15461299,-0.15796751,-0.15796688,-0.15796688,-0.15796757,-0.38518023,-0.11451449,-0.15462317,-0.15564899,-0.14443555,-0.16636807,-0.15466827,-0.15785944,-0.12993515,-0.047159404,-0.14672838,-0.14016809,-0.14106366,-0.15447626,-0.19987361,-0.1649412,-0.17166539,-0.15463892,-0.15791184,-0.12722544,-0.14610182,-0.2588673,-0.12988943,-0.15450673,-0.09132757,-0.12832497,-0.13684332,-0.16221203,-0.15659244,-0.12914431,-0.15433256,-0.15784231,-0.15790701,-0.15795162,-0.15740095,-0.19795567,-0.15106063,-0.07294749,-0.2039893,-0.15462404,-0.15790552,-0.104459345,-0.15416944,-0.17466888,-0.13176009,-0.15463412,-0.15109587,-0.10913184,-0.15441659,-0.05825615,-0.14326635,-0.17082691,-0.15455252,-0.18883844,-0.154676,-0.31316653,-0.15466267,-0.16808087,-0.14331596,-0.15466577,-0.15796289,-0.25088155,-0.1546765,-0.22115314,-0.07562123,-0.086852394,-0.10702289,-0.060967896,-0.14575374,-0.16796505,-0.15746465,-0.22133875,-0.12812386,-0.0969081,-0.16398169,-0.12716047,-0.11335766,-0.18846886,-0.13013609,-0.17755464,-0.0994983,-0.115196005,-0.15455413,-0.11662802,-0.19749595,-0.14526704,-0.12781724,-0.096878245,-0.15455487,-0.15770468,-0.12434345,-0.11230643,-0.063823454,-0.15446195,-0.11419349,-0.10007019,-0.24483351,-0.15467721,-0.15795007,-0.16344379,-0.1759062,-0.12524253,-0.15465769,-0.0782174,-0.19187105,-0.18185812,-0.09859173,-0.11065883,-0.15422598,-0.15753695,-0.083404,-0.1213824,-0.13072303,-0.13855581,-0.19385117,-0.15462734,-0.15795872,-0.19487974,-0.23847799,-0.2432746,-0.12970097,-0.15440424,-0.15792035,-0.14520228,-0.2961179,-0.15467623,-0.19813283,-0.13001,-0.15459064,-0.060104962,-0.15931924,-0.1546738,-0.2028091,-0.2868003,-0.11816878,-0.14795661,-0.10060286,-0.15446547,-0.13614628,-0.20725825,-0.17393659,-0.125103,-0.15657571,-0.15690626,-0.15467197,-0.15796196,-0.16221246,-0.22200036,-0.13023241,-0.2814266,-0.15467776,-0.1915083,-0.24371436,-0.16952515,-0.1545518,-0.13369927,-0.12557748,-0.15466776,-0.18106565,-0.15467742,-0.18642783,-0.15459761,-0.30462334,-0.15452804,-0.14691104,-0.13029914,-0.1546601,-0.15794556,-0.18915205,-0.13012475,-0.15466672,-0.10481856,-0.1650517,-0.15466379,-0.1579647,-0.15792103,-0.12959652,-0.15453729,-0.15791911,-0.15790714,-0.15792245,-0.1579336,-0.16505513,-0.17392421,-0.15465778,-0.15795511,-0.15794155,-0.1579558,-0.2025511,-0.15354379,-0.14723541,-0.15331833,-0.11499533,-0.10471026,-0.11893196,-0.15466267,-0.15785262,-0.13007434,-0.19501048,-0.15467313,-0.18738703,-0.11705899,-0.17429145,-0.15465726,-0.06652963,-0.15433624,-0.10737923,-0.124497145,-0.15298569,-0.052188452,-0.26007295
k__Bacteria|p__Firmicutes|c__Tissierellia|o__Tissierellales|f__Peptoniphilaceae|g__Anaerococcus|s__Anaerococcus_vaginalis,-0.1004395,-0.12316422,-0.15439758,-0.15774772,-0.15774795,-0.23867357,-0.1666669,-0.16813041,-0.10929718,-0.22895765,-0.23728925,-0.15440176,-0.22850217,-0.3768707,-0.08556121,-0.15405707,-0.058144663,-0.15394633,-0.15769386,-0.19931981,-0.1978925,-0.1293568,-0.15437135,-0.12711628,-0.20043859,-0.11658599,-0.182019,-0.25032333,-0.1509206,-0.15437523,-0.15142563,-0.10844302,-0.18249588,-0.28454733,-0.15439,-0.12951672,-0.1543997,-0.22338755,-0.15440206,-0.29867563,-0.15440212,-0.29356226,-0.12893388,-0.15427265,-0.13691942,-0.15439734,-0.23188588,-0.24781659,-0.1296162,-0.12952161,-0.24679694,-0.18279888,-0.25087595,-0.26027086,-0.28621647,-0.27511892,-0.11894142,-0.15432721,-0.040142577,-0.056944285,-0.15377015,-0.11274739,-0.13743341,-0.12942317,-0.15438306,-0.15774393,-0.15774775,-0.15774831,-0.27573854,-0.15436724,-0.12942442,-0.16243835,-0.12334165,-0.14074792,-0.15437263,-0.15887658,-0.14481027,-0.12950356,-0.18691605,-0.14998752,-0.15439169,-0.15772942,-0.15773898,-0.15768015,-0.120334074,-0.13700745,-0.08858878,-0.15438661,-0.19008024,-0.1543962,-0.2004665,-0.11139822,-0.1388583,-0.13027036,-0.1074974,-0.15152657,-0.1543135,-0.1574806,-0.10065024,-0.08152827,-0.09427856,-0.15435599,-0.11960925,-0.15027548,-0.16982608,-0.1185138,-0.15436983,-0.15774252,-0.17738779,-0.15176103,-0.15439864,-0.25953975,-0.17989698,-0.13525523,-0.15439627,-0.15095688,-0.17780018,-0.2009549,-0.15437758,-0.09015879,-0.15414584,-0.12151222,-0.121854745,-0.13997786,-0.21433522,-0.13908121,-0.16057305,-0.15433528,-0.07092635,-0.15385872,-0.1570664,-0.18733518,-0.15416962,-0.12941407,-0.12334781,-0.14100276,-0.15436152,-0.114095174,-0.25318068,-0.26654312,-0.12877622,-0.10945694,-0.15435407,-0.09238048,-0.20963459,-0.15439647,-0.15767297,-0.12899598,-0.15433498,-0.16015086,-0.1553517,-0.1544002,-0.19704957,-0.20616047,-0.12852646,-0.10460003,-0.11361031,-0.10256614,-0.15439388,-0.19495486,-0.15437278,-0.12894103,-0.15426363,-0.041086134,-0.12967405,-0.15439904,-0.2300741,-0.1543805,-0.10384405,-0.15318829,-0.0784167,-0.15427771,-0.12766197,-0.15429497,-0.121451,-0.075820275,-0.09192432,-0.101488546,-0.15417212,-0.1576676,-0.12378413,-0.1542629,-0.1410757,-0.13984437,-0.18093297,-0.15440121,-0.25777104,-0.12844054,-0.1543226,-0.13462572,-0.119081676,-0.15437648,-0.15774429,-0.1577457,-0.15774667,-0.19755594,-0.25103784,-0.20219928,-0.19465852,-0.24831252,-0.20506537,-0.22091979,-0.15438806,-0.12917069,-0.11956477,-0.15438443,-0.15774116,-0.20931396,-0.18224281,-0.15437618,-0.32474133,-0.15439962,-0.15774891,-0.15774798,-0.15774769,-0.2185038,-0.15437546,-0.114121355,-0.15437834,-0.15773559,-0.15774135,-0.22984435,-0.15439436,-0.15772569,-0.08963354,-0.15430787,-0.15770784,-0.15772206,-0.15772381,-0.13302092,-0.1051107,-0.14014931,-0.15141064,-0.15839578,-0.15615125,-0.14613561,-0.15439135,-0.12319561,-0.12947987,-0.15436012,-0.15774876,-0.15774836,-0.15774837,-0.15774879,-0.38518023,-0.11451449,-0.154367,-0.15564899,-0.14443555,-0.16636807,-0.15439558,-0.15768114,-0.12993515,-0.047159404,-0.14929572,-0.14016809,-0.14106366,-0.1542734,-0.19987361,-0.1649412,-0.17166539,-0.1543771,-0.15771383,-0.12722544,-0.14610182,-0.2588673,-0.12931462,-0.15429357,-0.09132757,-0.12832497,-0.13684332,-0.16221203,-0.15659244,-0.12881602,-0.1541819,-0.15766954,-0.15771061,-0.15773875,-0.15740095,-0.19795567,-0.15106063,-0.07294749,-0.2039893,-0.15436737,-0.15770978,-0.104459345,-0.15407273,-0.17466888,-0.13176009,-0.15437427,-0.15109587,-0.10913184,-0.15423627,-0.05825615,-0.14326635,-0.17082691,-0.15432194,-0.18883844,-0.15440053,-0.31316653,-0.15439194,-0.16808087,-0.14331596,-0.15439409,-0.15774581,-0.25088155,-0.15440084,-0.22115314,-0.07562123,-0.086852394,-0.10702289,-0.060967896,-0.1486757,-0.16796505,-0.15746465,-0.22133875,-0.12812386,-0.0969081,-0.16398169,-0.12716047,-0.11335766,-0.18846886,-0.12947434,-0.17755464,-0.0994983,-0.115196005,-0.15432322,-0.11662802,-0.19749595,-0.14526704,-0.12781724,-0.096878245,-0.15432438,-0.1575826,-0.12434345,-0.11230643,-0.063823454,-0.1542649,-0.11419349,-0.10007019,-0.24483351,-0.1544013,-0.15773849,-0.16344379,-0.1759062,-0.12524253,-0.15438901,-0.0782174,-0.19187105,-0.18185812,-0.09859173,-0.11065883,-0.15411593,-0.15747628,-0.083404,-0.1213824,-0.13072303,-0.13855581,-0.19385117,-0.15436946,-0.15774325,-0.19487974,-0.23847799,-0.2432746,-0.12919812,-0.1542283,-0.15771881,-0.14520228,-0.2961179,-0.15440068,-0.19813283,-0.12939382,-0.15434627,-0.060104962,-0.15931924,-0.15439914,-0.2028091,-0.2868003,-0.11816878,-0.14795661,-0.10060286,-0.15426672,-0.13614628,-0.20725825,-0.17393659,-0.125103,-0.15657571,-0.15690626,-0.15439796,-0.15774529,-0.16221246,-0.22200036,-0.12953432,-0.2814266,-0.15440165,-0.1915083,-0.24371436,-0.16952515,-0.15432617,-0.13369927,-0.12557748,-0.1543953,-0.18106565,-0.15440145,-0.18642783,-0.15435207,-0.30462334,-0.15430576,-0.14691104,-0.13029914,-0.15439045,-0.1577349,-0.18915205,-0.12946823,-0.15439475,-0.10481856,-0.1650517,-0.15439272,-0.15774697,-0.15772137,-0.12912646,-0.15431291,-0.15771785,-0.15771037,-0.15772001,-0.15772736,-0.16505513,-0.17392421,-0.1543889,-0.15774092,-0.15773225,-0.15774137,-0.2025511,-0.15354379,-0.14723541,-0.15352789,-0.11499533,-0.10471026,-0.11893196,-0.1543921,-0.1576792,-0.12943512,-0.19501048,-0.1543987,-0.18738703,-0.11705899,-0.17429145,-0.15439025,-0.06652963,-0.15418613,-0.10737923,-0.124497145,-0.15298569,-0.052188452,-0.26007295
k__Bacteria|p__Firmicutes|c__Negativicutes|o__Veillonellales|f__Veillonellaceae|g__Veillonellaceae_unclassified|s__Veillonellaceae_bacterium_DNF00626,-0.1004395,-0.12316422,-0.1546835,-0.15797219,-0.15797246,-0.23867357,-0.1666669,-0.16813041,-0.10929718,-0.22895765,-0.23728925,-0.15468833,-0.22850217,-0.3768707,-0.08556121,-0.15428132,-0.058144663,-0.15414762,-0.15790954,-0.19931981,-0.1978925,-0.13007654,-0.15465268,-0.12711628,-0.20043859,-0.11658599,-0.182019,-0.25032333,-0.1509206,-0.15465772,-0.15142563,-0.10844302,-0.18249588,-0.28454733,-0.15467504,-0.13025904,-0.15468591,-0.22338755,-0.15468869,-0.29867563,-0.15468878,-0.29356226,-0.12959465,-0.1545398,-0.13691942,-0.15468314,-0.23188588,-0.24781659,-0.1296162,-0.13026495,-0.24679694,-0.18279888,-0.25087595,-0.26027086,-0.28621647,-0.27511892,-0.11894142,-0.15460125,-0.040142577,-0.056944285,-0.15395866,-0.11274739,-0.13743341,-0.13015385,-0.15466684,-0.15796772,-0.15797223,-0.15797287,-0.27573854,-0.15464929,-0.13015443,-0.16243835,-0.12334165,-0.14074792,-0.15465428,-0.15887658,-0.14481027,-0.13024396,-0.18691605,-0.14998752,-0.15467659,-0.15795088,-0.1579622,-0.15789646,-0.120334074,-0.13700745,-0.08858878,-0.1546706,-0.19008024,-0.15468183,-0.2004665,-0.11139822,-0.1388583,-0.13027036,-0.1074974,-0.15152657,-0.15458485,-0.1576696,-0.10065024,-0.08152827,-0.09427856,-0.15463458,-0.11960925,-0.15027548,-0.16982608,-0.1185138,-0.15465143,-0.1579661,-0.17738779,-0.15176103,-0.15468472,-0.25953975,-0.17989698,-0.13525523,-0.15468192,-0.15095688,-0.17780018,-0.2009549,-0.1546616,-0.09015879,-0.15438691,-0.12151222,-0.121854745,-0.13997786,-0.21433522,-0.13908121,-0.16057305,-0.15461019,-0.07092635,-0.15405367,-0.15719554,-0.18733518,-0.15442702,-0.13014558,-0.12334781,-0.14100276,-0.1546412,-0.114095174,-0.25318068,-0.26654312,-0.12943855,-0.10945694,-0.1546323,-0.09238048,-0.20963459,-0.15468213,-0.15788847,-0.12968904,-0.15461057,-0.16015086,-0.1553517,-0.15468648,-0.19704957,-0.20616047,-0.12916228,-0.10460003,-0.11361031,-0.10256614,-0.15467905,-0.19495486,-0.15465505,-0.12962413,-0.15452549,-0.041086134,-0.12967405,-0.15468524,-0.2300741,-0.15466401,-0.10384405,-0.15326674,-0.0784167,-0.15454347,-0.12766197,-0.15456323,-0.121451,-0.075820275,-0.09192432,-0.101488546,-0.15441972,-0.15787785,-0.12378413,-0.15453076,-0.1410757,-0.13984437,-0.18093297,-0.1546877,-0.25777104,-0.12844054,-0.15459812,-0.13462572,-0.119081676,-0.1546584,-0.1579682,-0.15796983,-0.15797095,-0.19755594,-0.25103784,-0.20219928,-0.19465852,-0.24831252,-0.20506537,-0.22091979,-0.15467277,-0.12988162,-0.11956477,-0.15466794,-0.15796457,-0.20931396,-0.18224281,-0.15465923,-0.32474133,-0.15468583,-0.15797357,-0.15797248,-0.15797213,-0.2185038,-0.15465853,-0.114121355,-0.15466145,-0.15795854,-0.15796478,-0.22984435,-0.15467961,-0.15794739,-0.08963354,-0.15457907,-0.15792501,-0.15794256,-0.15794383,-0.13302092,-0.1051107,-0.14014931,-0.15141064,-0.15839578,-0.15615125,-0.14613561,-0.15467599,-0.12319561,-0.13021684,-0.15464059,-0.1579734,-0.15797293,-0.15797295,-0.15797344,-0.38518023,-0.11451449,-0.1546479,-0.15564899,-0.14443555,-0.16636807,-0.15468124,-0.15789728,-0.12993515,-0.047159404,-0.148844,-0.14016809,-0.14106366,-0.1545392,-0.19987361,-0.1649412,-0.17166539,-0.15465944,-0.15793186,-0.12722544,-0.14610182,-0.2588673,-0.13003282,-0.15456134,-0.09132757,-0.12832497,-0.13684332,-0.16221203,-0.15659244,-0.12950242,-0.15443335,-0.15788066,-0.15792859,-0.15796167,-0.15740095,-0.19795567,-0.15106063,-0.07294749,-0.2039893,-0.15464866,-0.15792716,-0.104459345,-0.15433909,-0.17466888,-0.13176009,-0.15465572,-0.15109587,-0.10913184,-0.15449491,-0.05825615,-0.14326635,-0.17082691,-0.15459573,-0.18883844,-0.15468693,-0.31316653,-0.15467736,-0.16808087,-0.14331596,-0.15467939,-0.15797004,-0.25088155,-0.15468729,-0.22115314,-0.07562123,-0.086852394,-0.10702289,-0.060967896,-0.14812641,-0.16796505,-0.15746465,-0.22133875,-0.12812386,-0.0969081,-0.16398169,-0.12716047,-0.11335766,-0.18846886,-0.13021055,-0.17755464,-0.0994983,-0.115196005,-0.15459687,-0.11662802,-0.19749595,-0.14526704,-0.12781724,-0.096878245,-0.1545968,-0.15777867,-0.12434345,-0.11230643,-0.063823454,-0.15452796,-0.11419349,-0.10007019,-0.24483351,-0.15468782,-0.15796185,-0.16344379,-0.1759062,-0.12524253,-0.15467334,-0.0782174,-0.19187105,-0.18185812,-0.09859173,-0.11065883,-0.15435252,-0.15765417,-0.083404,-0.1213824,-0.13072303,-0.13855581,-0.19385117,-0.15465117,-0.15796694,-0.19487974,-0.23847799,-0.2432746,-0.12989533,-0.1544855,-0.15793869,-0.14520228,-0.2961179,-0.15468708,-0.19813283,-0.13012066,-0.15462407,-0.060104962,-0.15931924,-0.15468535,-0.2028091,-0.2868003,-0.11816878,-0.14795661,-0.10060286,-0.15453196,-0.13614628,-0.20725825,-0.17393659,-0.125103,-0.15657571,-0.15690626,-0.15468396,-0.15796933,-0.16221246,-0.22200036,-0.13027973,-0.2814266,-0.15468821,-0.1915083,-0.24371436,-0.16952515,-0.15460294,-0.13369927,-0.12557748,-0.15468086,-0.18106565,-0.15468797,-0.18642783,-0.15463236,-0.30462334,-0.15457802,-0.14691104,-0.13029914,-0.15467516,-0.15795712,-0.18915205,-0.1302027,-0.15468012,-0.10481856,-0.1650517,-0.15467796,-0.15797134,-0.1579426,-0.12982129,-0.15458396,-0.15793782,-0.1579288,-0.15794024,-0.15794826,-0.16505513,-0.17392421,-0.1546735,-0.15796421,-0.15795422,-0.1579647,-0.2025511,-0.15354379,-0.14723541,-0.15369043,-0.11499533,-0.10471026,-0.11893196,-0.1546771,-0.15789467,-0.13016361,-0.19501048,-0.15468483,-0.18738703,-0.11705899,-0.17429145,-0.1546753,-0.06652963,-0.15443417,-0.10737923,-0.124497145,-0.15298569,-0.052188452,-0.26007295
k__Bacteria|p__Firmicutes|c__Tissierellia|o__Tissierellales|f__Peptoniphilaceae|g__Anaerococcus|s__Anaerococcus_lactolyticus,-0.1004395,-0.12316422,-0.15535595,-0.15870681,-0.15870716,-0.23867357,-0.1666669,-0.16813041,-0.10929718,-0.22895765,-0.23728925,-0.155362,-0.22850217,-0.3768707,-0.08556121,-0.15486464,-0.058144663,-0.15469375,-0.15862875,-0.19931981,-0.1978925,-0.13025111,-0.1553177,-0.12711628,-0.20043859,-0.11658599,-0.182019,-0.25032333,-0.1509206,-0.15532379,-0.15142563,-0.10844302,-0.18249588,-0.28454733,-0.15534574,-0.13047096,-0.15535899,-0.22338755,-0.15536246,-0.29867563,-0.15536255,-0.29356226,-0.12967218,-0.15517658,-0.13691942,-0.15535554,-0.23188588,-0.24781659,-0.1296162,-0.1304782,-0.24679694,-0.18279888,-0.25087595,-0.26027086,-0.28621647,-0.27511892,-0.11894142,-0.15525389,-0.040142577,-0.056944285,-0.15444884,-0.11274739,-0.13743341,-0.13034321,-0.1553351,-0.15870127,-0.15870687,-0.1587077,-0.27573854,-0.15531354,-0.13034396,-0.16243835,-0.12334165,-0.14074792,-0.15531956,-0.15887658,-0.14481027,-0.1304533,-0.18691605,-0.14998752,-0.15534735,-0.15868022,-0.15869431,-0.15861416,-0.120334074,-0.13700745,-0.08858878,-0.15533993,-0.19008024,-0.1553539,-0.2004665,-0.11139822,-0.1388583,-0.13027036,-0.1074974,-0.15152657,-0.15523326,-0.15834513,-0.10065024,-0.08152827,-0.09427856,-0.15529525,-0.11960925,-0.15027548,-0.16982608,-0.1185138,-0.15531594,-0.15869924,-0.17738779,-0.15176103,-0.15535748,-0.25953975,-0.17989698,-0.13525523,-0.15535402,-0.15095688,-0.17780018,-0.2009549,-0.1553288,-0.09015879,-0.15498817,-0.12151222,-0.121854745,-0.13997786,-0.21433522,-0.13908121,-0.16057305,-0.15526494,-0.07092635,-0.15457486,-0.15773126,-0.18733518,-0.15503398,-0.13033627,-0.12334781,-0.14100276,-0.15530333,-0.114095174,-0.25318068,-0.26654312,-0.1294948,-0.10945694,-0.15529233,-0.09238048,-0.20963459,-0.15535426,-0.15860155,-0.12978598,-0.1552653,-0.16015086,-0.1553517,-0.15535972,-0.19704957,-0.20616047,-0.12915954,-0.10460003,-0.11361031,-0.10256614,-0.15535045,-0.19495486,-0.15532115,-0.12971076,-0.15516034,-0.041086134,-0.12967405,-0.1553581,-0.2300741,-0.155332,-0.10384405,-0.15361044,-0.0784167,-0.15518191,-0.12766197,-0.15520647,-0.121451,-0.075820275,-0.09192432,-0.101488546,-0.15502883,-0.15858975,-0.12378413,-0.15517294,-0.1410757,-0.13984437,-0.18093297,-0.1553612,-0.25777104,-0.12844054,-0.15525076,-0.13462572,-0.119081676,-0.15532488,-0.15870187,-0.1587039,-0.1587053,-0.19755594,-0.25103784,-0.20219928,-0.19465852,-0.24831252,-0.20506537,-0.22091979,-0.15534264,-0.1300175,-0.11956477,-0.15533665,-0.1586973,-0.20931396,-0.18224281,-0.15532607,-0.32474133,-0.15535888,-0.15870856,-0.1587072,-0.15870675,-0.2185038,-0.1553253,-0.114121355,-0.15532833,-0.15868962,-0.15869758,-0.22984435,-0.15535113,-0.1586762,-0.08963354,-0.15522607,-0.15864825,-0.15866974,-0.15867166,-0.13302092,-0.1051107,-0.14014931,-0.15141064,-0.15839578,-0.15615125,-0.14613561,-0.15534669,-0.12319561,-0.13041869,-0.1553021,-0.15870833,-0.15870775,-0.15870777,-0.1587084,-0.38518023,-0.11451449,-0.15531154,-0.15564899,-0.14443555,-0.16636807,-0.1553531,-0.15861283,-0.12993515,-0.047159404,-0.14802596,-0.14016809,-0.14106366,-0.15517566,-0.19987361,-0.1649412,-0.17166539,-0.15532602,-0.15865684,-0.12722544,-0.14610182,-0.2588673,-0.13020213,-0.15520462,-0.09132757,-0.12832497,-0.13684332,-0.16221203,-0.15659244,-0.12956968,-0.1550452,-0.15859306,-0.15865266,-0.15869376,-0.15740095,-0.19795567,-0.15106063,-0.07294749,-0.2039893,-0.15531239,-0.15865105,-0.104459345,-0.15493289,-0.17466888,-0.13176009,-0.15532157,-0.15109587,-0.10913184,-0.15512292,-0.05825615,-0.14326635,-0.17082691,-0.15524632,-0.18883844,-0.15536024,-0.31316653,-0.15534818,-0.16808087,-0.14331596,-0.15535085,-0.1587041,-0.25088155,-0.15536068,-0.22115314,-0.07562123,-0.086852394,-0.10702289,-0.060967896,-0.1471293,-0.16796505,-0.15746465,-0.22133875,-0.12812386,-0.0969081,-0.16398169,-0.12716047,-0.11335766,-0.18846886,-0.13041201,-0.17755464,-0.0994983,-0.115196005,-0.15524799,-0.11662802,-0.19749595,-0.14526704,-0.12781724,-0.096878245,-0.15524864,-0.15846655,-0.12434345,-0.11230643,-0.063823454,-0.1551632,-0.11419349,-0.10007019,-0.24483351,-0.15536135,-0.15869403,-0.16344379,-0.1759062,-0.12524253,-0.15534332,-0.0782174,-0.19187105,-0.18185812,-0.09859173,-0.11065883,-0.15494493,-0.15831162,-0.083404,-0.1213824,-0.13072303,-0.13855581,-0.19385117,-0.15531546,-0.15870029,-0.19487974,-0.23847799,-0.2432746,-0.13002154,-0.1551098,-0.158665,-0.14520228,-0.2961179,-0.15536043,-0.19813283,-0.13030523,-0.15528192,-0.060104962,-0.15931924,-0.15535824,-0.2028091,-0.2868003,-0.11816878,-0.14795661,-0.10060286,-0.15516688,-0.13614628,-0.20725825,-0.17393659,-0.125103,-0.15657571,-0.15690626,-0.15535654,-0.15870327,-0.16221246,-0.22200036,-0.13049638,-0.2814266,-0.15536185,-0.1915083,-0.24371436,-0.16952515,-0.1552568,-0.13369927,-0.12557748,-0.15535265,-0.18106565,-0.15536153,-0.18642783,-0.15529254,-0.30462334,-0.15522373,-0.14691104,-0.13029914,-0.15534557,-0.15868804,-0.18915205,-0.13040291,-0.15535179,-0.10481856,-0.1650517,-0.155349,-0.15870576,-0.1586703,-0.12993412,-0.15523237,-0.15866384,-0.1586527,-0.15866686,-0.15867716,-0.16505513,-0.17392421,-0.15534346,-0.1586969,-0.15868436,-0.15869752,-0.2025511,-0.15354379,-0.14723541,-0.15410852,-0.11499533,-0.10471026,-0.11893196,-0.15534794,-0.15861097,-0.13035533,-0.19501048,-0.1553576,-0.18738703,-0.11705899,-0.17429145,-0.15534618,-0.06652963,-0.15504807,-0.10737923,-0.124497145,-0.15298569,-0.052188452,-0.26007295
k__Bacteria|p__Firmicutes|c__Tissierellia|o__Tissierellales|f__Peptoniphilaceae|g__Peptoniphilus|s__Peptoniphilus_coxii,-0.1004395,-0.12316422,-0.15432604,-0.1576636,-0.15766382,-0.23867357,-0.1666669,-0.16813041,-0.10929718,-0.22895765,-0.23728925,-0.1543303,-0.22850217,-0.3768707,-0.08556121,-0.15396982,-0.058144663,-0.15386465,-0.15760842,-0.19931981,-0.1978925,-0.12937047,-0.15429926,-0.12711628,-0.20043859,-0.11658599,-0.182019,-0.25032333,-0.1509206,-0.15430328,-0.15142563,-0.10844302,-0.18249588,-0.28454733,-0.15431827,-0.12953848,-0.1543282,-0.22338755,-0.15433064,-0.29867563,-0.1543307,-0.29356226,-0.12891023,-0.15419823,-0.13691942,-0.1543258,-0.23188588,-0.24781659,-0.1296162,-0.1295436,-0.24679694,-0.18279888,-0.25087595,-0.26027086,-0.28621647,-0.27511892,-0.11894142,-0.15425387,-0.040142577,-0.056944285,-0.15368637,-0.11274739,-0.13743341,-0.12944067,-0.15431121,-0.15765974,-0.15766363,-0.15766421,-0.27573854,-0.15429416,-0.1294415,-0.16243835,-0.12334165,-0.14074792,-0.15430067,-0.15887658,-0.14481027,-0.12952465,-0.18691605,-0.14998752,-0.15432006,-0.15764493,-0.15765467,-0.15759362,-0.120334074,-0.13700745,-0.08858878,-0.15431486,-0.19008024,-0.15432467,-0.2004665,-0.11139822,-0.1388583,-0.13027036,-0.1074974,-0.15152657,-0.15424035,-0.15737192,-0.10065024,-0.08152827,-0.09427856,-0.15428361,-0.11960925,-0.15027548,-0.16982608,-0.1185138,-0.15429771,-0.15765831,-0.17738779,-0.15176103,-0.15432712,-0.25953975,-0.17989698,-0.13525523,-0.15432471,-0.15095688,-0.17780018,-0.2009549,-0.15430528,-0.09015879,-0.15406898,-0.12151222,-0.121854745,-0.13997786,-0.21433522,-0.13908121,-0.16057305,-0.15426245,-0.07092635,-0.15377243,-0.15696761,-0.18733518,-0.15409231,-0.12942591,-0.12334781,-0.14100276,-0.15428928,-0.114095174,-0.25318068,-0.26654312,-0.128737,-0.10945694,-0.15428163,-0.09238048,-0.20963459,-0.15432492,-0.15758629,-0.12897909,-0.1542618,-0.16015086,-0.1553517,-0.15432869,-0.19704957,-0.20616047,-0.12844253,-0.10460003,-0.11361031,-0.10256614,-0.1543223,-0.19495486,-0.15430084,-0.12890646,-0.1541892,-0.041086134,-0.12967405,-0.15432751,-0.2300741,-0.1543088,-0.10384405,-0.15307832,-0.0784167,-0.15420292,-0.12766197,-0.1542212,-0.121451,-0.075820275,-0.09192432,-0.101488546,-0.15409514,-0.1575818,-0.12378413,-0.15417995,-0.1410757,-0.13984437,-0.18093297,-0.15432975,-0.25777104,-0.12844054,-0.1542472,-0.13462572,-0.119081676,-0.15430453,-0.15766008,-0.15766154,-0.15766251,-0.19755594,-0.25103784,-0.20219928,-0.19465852,-0.24831252,-0.20506537,-0.22091979,-0.1543163,-0.12916844,-0.11956477,-0.15431269,-0.15765691,-0.20931396,-0.18224281,-0.1543037,-0.32474133,-0.15432817,-0.15766482,-0.15766388,-0.15766355,-0.2185038,-0.15430258,-0.114121355,-0.15430632,-0.15765119,-0.1576571,-0.22984435,-0.15432277,-0.15763982,-0.08963354,-0.15423396,-0.15762293,-0.15763742,-0.15763925,-0.13302092,-0.1051107,-0.14014931,-0.15141064,-0.15839578,-0.15615125,-0.14613561,-0.15431973,-0.12319561,-0.12950066,-0.15428782,-0.15766466,-0.15766425,-0.15766427,-0.15766469,-0.38518023,-0.11451449,-0.15429494,-0.15564899,-0.14443555,-0.16636807,-0.154324,-0.1575956,-0.12993515,-0.047159404,-0.14911917,-0.14016809,-0.14106366,-0.15419954,-0.19987361,-0.1649412,-0.17166539,-0.15430522,-0.15762913,-0.12722544,-0.14610182,-0.2588673,-0.1293243,-0.15421948,-0.09132757,-0.12832497,-0.13684332,-0.16221203,-0.15659244,-0.12877075,-0.15410392,-0.15758368,-0.15762575,-0.15765443,-0.15740095,-0.19795567,-0.15106063,-0.07294749,-0.2039893,-0.15429518,-0.15762487,-0.104459345,-0.15394202,-0.17466888,-0.13176009,-0.15430234,-0.15109587,-0.10913184,-0.1541591,-0.05825615,-0.14326635,-0.17082691,-0.15424883,-0.18883844,-0.15432906,-0.31316653,-0.15432027,-0.16808087,-0.14331596,-0.1543225,-0.15766163,-0.25088155,-0.15432937,-0.22115314,-0.07562123,-0.086852394,-0.10702289,-0.060967896,-0.14848875,-0.16796505,-0.15746465,-0.22133875,-0.12812386,-0.0969081,-0.16398169,-0.12716047,-0.11335766,-0.18846886,-0.12949464,-0.17755464,-0.0994983,-0.115196005,-0.15425014,-0.11662802,-0.19749595,-0.14526704,-0.12781724,-0.096878245,-0.15425122,-0.15749477,-0.12434345,-0.11230643,-0.063823454,-0.15418991,-0.11419349,-0.10007019,-0.24483351,-0.15432987,-0.15765424,-0.16344379,-0.1759062,-0.12524253,-0.15431733,-0.0782174,-0.19187105,-0.18185812,-0.09859173,-0.11065883,-0.15403853,-0.15738633,-0.083404,-0.1213824,-0.13072303,-0.13855581,-0.19385117,-0.15429734,-0.15765904,-0.19487974,-0.23847799,-0.2432746,-0.12920079,-0.15415293,-0.15763411,-0.14520228,-0.2961179,-0.15432923,-0.19813283,-0.12940904,-0.15427352,-0.060104962,-0.15931924,-0.15432763,-0.2028091,-0.2868003,-0.11816878,-0.14795661,-0.10060286,-0.15419236,-0.13614628,-0.20725825,-0.17393659,-0.125103,-0.15657571,-0.15690626,-0.15432644,-0.15766111,-0.16221246,-0.22200036,-0.12955672,-0.2814266,-0.1543302,-0.1915083,-0.24371436,-0.16952515,-0.15425134,-0.13369927,-0.12557748,-0.15432371,-0.18106565,-0.15432999,-0.18642783,-0.15427892,-0.30462334,-0.15423241,-0.14691104,-0.13029914,-0.15431878,-0.15765056,-0.18915205,-0.12948838,-0.15432316,-0.10481856,-0.1650517,-0.15432107,-0.15766284,-0.15763682,-0.12912965,-0.15423965,-0.15763311,-0.15762533,-0.15763523,-0.15764266,-0.16505513,-0.17392421,-0.1543172,-0.15765668,-0.15764782,-0.15765712,-0.2025511,-0.15354379,-0.14723541,-0.1534385,-0.11499533,-0.10471026,-0.11893196,-0.15432048,-0.15759307,-0.12945388,-0.19501048,-0.15432715,-0.18738703,-0.11705899,-0.17429145,-0.1543186,-0.06652963,-0.15410876,-0.10737923,-0.124497145,-0.15298569,-0.052188452,-0.26007295
k__Bacteria|p__Firmicutes|c__Tissierellia|o__Tissierellales|f__Peptoniphilaceae|g__Peptoniphilus|s__Peptoniphilus_obesi,-0.1004395,-0.12316422,-0.15571906,-0.15898055,-0.15898119,-0.23867357,-0.1666669,-0.16813041,-0.10929718,-0.22895765,-0.23728925,-0.15572894,-0.22850217,-0.3768707,-0.08556121,-0.1548984,-0.058144663,-0.15458292,-0.15885228,-0.19931981,-0.1978925,-0.13108611,-0.1556543,-0.12711628,-0.20043859,-0.11658599,-0.182019,-0.25032333,-0.1509206,-0.15566587,-0.15142563,-0.10844302,-0.18249588,-0.28454733,-0.15570056,-0.1314945,-0.15572388,-0.22338755,-0.15572971,-0.29867563,-0.15572986,-0.29356226,-0.1299879,-0.1554271,-0.13691942,-0.15571797,-0.23188588,-0.24781659,-0.1296162,-0.13150848,-0.24679694,-0.18279888,-0.25087595,-0.26027086,-0.28621647,-0.27511892,-0.11894142,-0.15554798,-0.040142577,-0.056944285,-0.15424502,-0.11274739,-0.13743341,-0.13126564,-0.1556856,-0.15897122,-0.15898079,-0.15898205,-0.27573854,-0.15564913,-0.1312663,-0.16243835,-0.12334165,-0.14074792,-0.15565793,-0.15887658,-0.14481027,-0.13145941,-0.18691605,-0.14998752,-0.15570456,-0.15893652,-0.15896058,-0.15882212,-0.120334074,-0.13700745,-0.08858878,-0.15569192,-0.19008024,-0.15571535,-0.2004665,-0.11139822,-0.1388583,-0.13027036,-0.1074974,-0.15152657,-0.15551256,-0.15834492,-0.10065024,-0.08152827,-0.09427856,-0.15561596,-0.11960925,-0.15027548,-0.16982608,-0.1185138,-0.15565366,-0.15896787,-0.17738779,-0.15176103,-0.15572152,-0.25953975,-0.17989698,-0.13525523,-0.1557154,-0.15095688,-0.17780018,-0.2009549,-0.15567473,-0.09015879,-0.15509433,-0.12151222,-0.121854745,-0.13997786,-0.21433522,-0.13908121,-0.16057305,-0.1555647,-0.07092635,-0.1544195,-0.15743801,-0.18733518,-0.15521595,-0.13124456,-0.12334781,-0.14100276,-0.15563083,-0.114095174,-0.25318068,-0.26654312,-0.12968488,-0.10945694,-0.1556113,-0.09238048,-0.20963459,-0.15571594,-0.15881032,-0.1302277,-0.15557033,-0.16015086,-0.1553517,-0.15572514,-0.19704957,-0.20616047,-0.12909853,-0.10460003,-0.11361031,-0.10256614,-0.15570925,-0.19495486,-0.15565695,-0.13009173,-0.15538698,-0.041086134,-0.12967405,-0.15572283,-0.2300741,-0.15567595,-0.10384405,-0.15282495,-0.0784167,-0.15543213,-0.12766197,-0.1554687,-0.121451,-0.075820275,-0.09192432,-0.101488546,-0.15516946,-0.1587826,-0.12378413,-0.15540582,-0.1410757,-0.13984437,-0.18093297,-0.15572762,-0.25777104,-0.12844054,-0.15553707,-0.13462572,-0.119081676,-0.15566564,-0.15897238,-0.15897575,-0.15897807,-0.19755594,-0.25103784,-0.20219928,-0.19465852,-0.24831252,-0.20506537,-0.22091979,-0.15569696,-0.13065699,-0.11956477,-0.15568584,-0.15896484,-0.20931396,-0.18224281,-0.15566917,-0.32474133,-0.15572363,-0.15898348,-0.1589812,-0.15898043,-0.2185038,-0.15566877,-0.114121355,-0.15567495,-0.1589539,-0.15896533,-0.22984435,-0.15571043,-0.15893218,-0.08963354,-0.15550499,-0.15888062,-0.15892033,-0.15892035,-0.13302092,-0.1051107,-0.14014931,-0.15141064,-0.15839578,-0.15615125,-0.14613561,-0.15570255,-0.12319561,-0.13140419,-0.15563306,-0.15898313,-0.15898219,-0.15898219,-0.15898322,-0.38518023,-0.11451449,-0.15564539,-0.15564899,-0.14443555,-0.16636807,-0.15571457,-0.15883009,-0.12993515,-0.047159404,-0.1440915,-0.14016809,-0.14106366,-0.1554224,-0.19987361,-0.1649412,-0.17166539,-0.15566844,-0.15889417,-0.12722544,-0.14610182,-0.2588673,-0.1309878,-0.15546311,-0.09132757,-0.12832497,-0.13684332,-0.16221203,-0.15659244,-0.12984274,-0.15520933,-0.15878992,-0.15888907,-0.15895855,-0.15740095,-0.19795567,-0.15106063,-0.07294749,-0.2039893,-0.15564814,-0.15888487,-0.104459345,-0.15499067,-0.17466888,-0.13176009,-0.15565932,-0.15109587,-0.10913184,-0.15533146,-0.05825615,-0.14326635,-0.17082691,-0.15553886,-0.18883844,-0.15572613,-0.31316653,-0.15570754,-0.16808087,-0.14331596,-0.15571022,-0.1589764,-0.25088155,-0.15572691,-0.22115314,-0.07562123,-0.086852394,-0.10702289,-0.060967896,-0.14257455,-0.16796505,-0.15746465,-0.22133875,-0.12812386,-0.0969081,-0.16398169,-0.12716047,-0.11335766,-0.18846886,-0.13138676,-0.17755464,-0.0994983,-0.115196005,-0.15554002,-0.11662802,-0.19749595,-0.14526704,-0.12781724,-0.096878245,-0.15553513,-0.15857674,-0.12434345,-0.11230643,-0.063823454,-0.15539664,-0.11419349,-0.10007019,-0.24483351,-0.15572783,-0.15895867,-0.16344379,-0.1759062,-0.12524253,-0.15569739,-0.0782174,-0.19187105,-0.18185812,-0.09859173,-0.11065883,-0.1550255,-0.15831813,-0.083404,-0.1213824,-0.13072303,-0.13855581,-0.19385117,-0.15565363,-0.1589696,-0.19487974,-0.23847799,-0.2432746,-0.13070518,-0.15530765,-0.15891196,-0.14520228,-0.2961179,-0.15572634,-0.19813283,-0.13118741,-0.15559748,-0.060104962,-0.15931924,-0.15572286,-0.2028091,-0.2868003,-0.11816878,-0.14795661,-0.10060286,-0.15540874,-0.13614628,-0.20725825,-0.17393659,-0.125103,-0.15657571,-0.15690626,-0.15571997,-0.15897459,-0.16221246,-0.22200036,-0.13154021,-0.2814266,-0.15572873,-0.1915083,-0.24371436,-0.16952515,-0.15555057,-0.13369927,-0.12557748,-0.15571368,-0.18106565,-0.15572819,-0.18642783,-0.15561557,-0.30462334,-0.15550643,-0.14691104,-0.13029914,-0.15570174,-0.15894903,-0.18915205,-0.13136706,-0.15571165,-0.10481856,-0.1650517,-0.15570801,-0.15897888,-0.15891819,-0.1305368,-0.1555101,-0.15891124,-0.15889157,-0.15891592,-0.15893106,-0.16505513,-0.17392421,-0.15569872,-0.15896389,-0.15894362,-0.15896496,-0.2025511,-0.15354379,-0.14723541,-0.1537395,-0.11499533,-0.10471026,-0.11893196,-0.15570566,-0.1588197,-0.13128267,-0.19501048,-0.15572196,-0.18738703,-0.11705899,-0.17429145,-0.15569958,-0.06652963,-0.15519756,-0.10737923,-0.124497145,-0.15298569,-0.052188452,-0.26007295
k__Bacteria|p__Firmicutes|c__Clostridia|o__Eubacteriales|f__Peptostreptococcaceae|g__Paeniclostridium|s__Eubacterium_tenue,-0.1004395,-0.12316422,-0.15488917,-0.15818496,-0.15818521,-0.23867357,-0.1666669,-0.16813041,-0.10929718,-0.22895765,-0.23728925,-0.15489376,-0.22850217,-0.3768707,-0.08556121,-0.15450817,-0.058144663,-0.15437976,-0.15812558,-0.19931981,-0.1978925,-0.13023056,-0.1548599,-0.12711628,-0.20043859,-0.11658599,-0.182019,-0.25032333,-0.1509206,-0.15486477,-0.15142563,-0.10844302,-0.18249588,-0.28454733,-0.15488124,-0.1304112,-0.15489146,-0.22338755,-0.15489411,-0.29867563,-0.15489417,-0.29356226,-0.12976465,-0.15475333,-0.13691942,-0.15488881,-0.23188588,-0.24781659,-0.1296162,-0.1304171,-0.24679694,-0.18279888,-0.25087595,-0.26027086,-0.28621647,-0.27511892,-0.11894142,-0.15481094,-0.040142577,-0.056944285,-0.154203,-0.11274739,-0.13743341,-0.13030781,-0.15487343,-0.15818073,-0.15818502,-0.15818563,-0.27573854,-0.15485628,-0.13030955,-0.16243835,-0.12334165,-0.14074792,-0.15486142,-0.15887658,-0.14481027,-0.1303967,-0.18691605,-0.14998752,-0.15488258,-0.15816471,-0.15817551,-0.15811333,-0.120334074,-0.13700745,-0.08858878,-0.1548769,-0.19008024,-0.15488759,-0.2004665,-0.11139822,-0.1388583,-0.13027036,-0.1074974,-0.15152657,-0.15479544,-0.15789732,-0.10065024,-0.08152827,-0.09427856,-0.15484267,-0.11960925,-0.15027548,-0.16982608,-0.1185138,-0.15485883,-0.1581792,-0.17738779,-0.15176103,-0.15489033,-0.25953975,-0.17989698,-0.13525523,-0.15488765,-0.15095688,-0.17780018,-0.2009549,-0.15486833,-0.09015879,-0.15460718,-0.12151222,-0.121854745,-0.13997786,-0.21433522,-0.13908121,-0.16057305,-0.15481943,-0.07092635,-0.1542915,-0.15745114,-0.18733518,-0.1546465,-0.13029948,-0.12334781,-0.14100276,-0.15484905,-0.114095174,-0.25318068,-0.26654312,-0.12957655,-0.10945694,-0.15484053,-0.09238048,-0.20963459,-0.15488786,-0.1581053,-0.12983765,-0.15482005,-0.16015086,-0.1553517,-0.15489201,-0.19704957,-0.20616047,-0.12929267,-0.10460003,-0.11361031,-0.10256614,-0.15488492,-0.19495486,-0.15486206,-0.1297534,-0.15473904,-0.041086134,-0.12967405,-0.15489084,-0.2300741,-0.15487064,-0.10384405,-0.1535469,-0.0784167,-0.15475614,-0.12766197,-0.15477496,-0.121451,-0.075820275,-0.09192432,-0.101488546,-0.15463862,-0.15809534,-0.12378413,-0.15474588,-0.1410757,-0.13984437,-0.18093297,-0.15489314,-0.25777104,-0.12844054,-0.15480724,-0.13462572,-0.119081676,-0.15486532,-0.15818119,-0.15818274,-0.1581838,-0.19755594,-0.25103784,-0.20219928,-0.19465852,-0.24831252,-0.20506537,-0.22091979,-0.15487903,-0.13003115,-0.11956477,-0.15487434,-0.15817773,-0.20931396,-0.18224281,-0.15486628,-0.32474133,-0.15489137,-0.15818629,-0.15818526,-0.1581849,-0.2185038,-0.15486532,-0.114121355,-0.1548683,-0.15817207,-0.15817794,-0.22984435,-0.15488541,-0.15816149,-0.08963354,-0.15479013,-0.15814006,-0.15815689,-0.158158,-0.13302092,-0.1051107,-0.14014931,-0.15141064,-0.15839578,-0.15615125,-0.14613561,-0.15488201,-0.12319561,-0.13037033,-0.1548486,-0.15818612,-0.15818569,-0.15818569,-0.15818617,-0.38518023,-0.11451449,-0.1548554,-0.15564899,-0.14443555,-0.16636807,-0.15488704,-0.15811412,-0.12993515,-0.047159404,-0.14937547,-0.14016809,-0.14106366,-0.1547524,-0.19987361,-0.1649412,-0.17166539,-0.1548663,-0.15814656,-0.12722544,-0.14610182,-0.2588673,-0.13018127,-0.15477288,-0.09132757,-0.12832497,-0.13684332,-0.16221203,-0.15659244,-0.12962443,-0.1546515,-0.158098,-0.15814357,-0.15817498,-0.15740095,-0.19795567,-0.15106063,-0.07294749,-0.2039893,-0.15485618,-0.15814205,-0.104459345,-0.15452671,-0.17466888,-0.13176009,-0.15486273,-0.15109587,-0.10913184,-0.15470958,-0.05825615,-0.14326635,-0.17082691,-0.15480599,-0.18883844,-0.15489241,-0.31316653,-0.15488343,-0.16808087,-0.14331596,-0.15488525,-0.15818295,-0.25088155,-0.15489277,-0.22115314,-0.07562123,-0.086852394,-0.10702289,-0.060967896,-0.1486901,-0.16796505,-0.15746465,-0.22133875,-0.12812386,-0.0969081,-0.16398169,-0.12716047,-0.11335766,-0.18846886,-0.13036373,-0.17755464,-0.0994983,-0.115196005,-0.15480699,-0.11662802,-0.19749595,-0.14526704,-0.12781724,-0.096878245,-0.15480664,-0.15800086,-0.12434345,-0.11230643,-0.063823454,-0.1547414,-0.11419349,-0.10007019,-0.24483351,-0.15489325,-0.1581752,-0.16344379,-0.1759062,-0.12524253,-0.1548795,-0.0782174,-0.19187105,-0.18185812,-0.09859173,-0.11065883,-0.15457445,-0.15788284,-0.083404,-0.1213824,-0.13072303,-0.13855581,-0.19385117,-0.15485856,-0.15817998,-0.19487974,-0.23847799,-0.2432746,-0.13004178,-0.15470101,-0.15815324,-0.14520228,-0.2961179,-0.15489256,-0.19813283,-0.13027291,-0.15483277,-0.060104962,-0.15931924,-0.15489092,-0.2028091,-0.2868003,-0.11816878,-0.14795661,-0.10060286,-0.15474555,-0.13614628,-0.20725825,-0.17393659,-0.125103,-0.15657571,-0.15690626,-0.15488961,-0.15818226,-0.16221246,-0.22200036,-0.13043128,-0.2814266,-0.15489364,-0.1915083,-0.24371436,-0.16952515,-0.15481287,-0.13369927,-0.12557748,-0.15488666,-0.18106565,-0.15489341,-0.18642783,-0.15484108,-0.30462334,-0.15478939,-0.14691104,-0.13029914,-0.15488127,-0.15817066,-0.18915205,-0.13035639,-0.15488595,-0.10481856,-0.1650517,-0.15488395,-0.15818417,-0.15815699,-0.12995496,-0.15479454,-0.15815245,-0.15814382,-0.15815473,-0.15816224,-0.16505513,-0.17392421,-0.15487969,-0.15817738,-0.15816793,-0.15817788,-0.2025511,-0.15354379,-0.14723541,-0.15395081,-0.11499533,-0.10471026,-0.11893196,-0.15488306,-0.1581118,-0.1303186,-0.19501048,-0.15489045,-0.18738703,-0.11705899,-0.17429145,-0.15488133,-0.06652963,-0.15465218,-0.10737923,-0.124497145,-0.15298569,-0.052188452,-0.26007295
k__Bacteria|p__Firmicutes|c__Clostridia|o__Eubacteriales|f__Oscillospiraceae|g__Anaeromassilibacillus|s__Anaeromassilibacillus_sp_An250,-0.1004395,-0.12316422,-0.15399909,-0.1572735,-0.15727375,-0.23867357,-0.1666669,-0.16813041,-0.10929718,-0.22895765,-0.23728925,-0.15400347,-0.22850217,-0.3768707,-0.08556121,-0.15362969,-0.058144663,-0.15351096,-0.15721667,-0.19931981,-0.1978925,-0.1295067,-0.15397114,-0.12711628,-0.20043859,-0.11658599,-0.182019,-0.25032333,-0.1509206,-0.15397578,-0.15142563,-0.10844302,-0.18249588,-0.28454733,-0.15399143,-0.12967983,-0.15400127,-0.22338755,-0.1540038,-0.29867563,-0.15400386,-0.29356226,-0.12904105,-0.15386903,-0.13691942,-0.15399876,-0.23188588,-0.24781659,-0.1296162,-0.12968545,-0.24679694,-0.18279888,-0.25087595,-0.26027086,-0.28621647,-0.27511892,-0.11894142,-0.15392421,-0.040142577,-0.056944285,-0.15334299,-0.11274739,-0.13743341,-0.1295801,-0.15398401,-0.15726945,-0.15727356,-0.15727413,-0.27573854,-0.15396768,-0.12958147,-0.16243835,-0.12334165,-0.14074792,-0.15397257,-0.15887658,-0.14481027,-0.1296657,-0.18691605,-0.14998752,-0.1539928,-0.15725416,-0.15726447,-0.15720508,-0.120334074,-0.13700745,-0.08858878,-0.15398735,-0.19008024,-0.15399757,-0.2004665,-0.11139822,-0.1388583,-0.13027036,-0.1074974,-0.15152657,-0.15390947,-0.15699136,-0.10065024,-0.08152827,-0.09427856,-0.15395464,-0.11960925,-0.15027548,-0.16982608,-0.1185138,-0.15397009,-0.15726799,-0.17738779,-0.15176103,-0.1540002,-0.25953975,-0.17989698,-0.13525523,-0.15399763,-0.15095688,-0.17780018,-0.2009549,-0.15397924,-0.09015879,-0.15372923,-0.12151222,-0.121854745,-0.13997786,-0.21433522,-0.13908121,-0.16057305,-0.1539324,-0.07092635,-0.15342557,-0.15657157,-0.18733518,-0.15376721,-0.12956837,-0.12334781,-0.14100276,-0.1539607,-0.114095174,-0.25318068,-0.26654312,-0.12887408,-0.10945694,-0.15395257,-0.09238048,-0.20963459,-0.15399782,-0.15719798,-0.12911597,-0.15393288,-0.16015086,-0.1553517,-0.1540018,-0.19704957,-0.20616047,-0.12860192,-0.10460003,-0.11361031,-0.10256614,-0.15399504,-0.19495486,-0.1539734,-0.12904516,-0.15385538,-0.041086134,-0.12967405,-0.15400067,-0.2300741,-0.15398164,-0.10384405,-0.1527074,-0.0784167,-0.15387177,-0.12766197,-0.15388975,-0.121451,-0.075820275,-0.09192432,-0.101488546,-0.15375888,-0.15718773,-0.12378413,-0.1538592,-0.1410757,-0.13984437,-0.18093297,-0.15400288,-0.25777104,-0.12844054,-0.1539211,-0.13462572,-0.119081676,-0.15397625,-0.15726988,-0.15727139,-0.1572724,-0.19755594,-0.25103784,-0.20219928,-0.19465852,-0.24831252,-0.20506537,-0.22091979,-0.15398943,-0.12930483,-0.11956477,-0.15398493,-0.1572666,-0.20931396,-0.18224281,-0.15397702,-0.32474133,-0.15400118,-0.15727477,-0.15727378,-0.15727344,-0.2185038,-0.15397638,-0.114121355,-0.15397914,-0.1572612,-0.1572668,-0.22984435,-0.15399551,-0.15725082,-0.08963354,-0.15390424,-0.15723059,-0.15724665,-0.15724772,-0.13302092,-0.1051107,-0.14014931,-0.15141064,-0.15839578,-0.15615125,-0.14613561,-0.15399224,-0.12319561,-0.12964073,-0.1539603,-0.1572746,-0.15727419,-0.15727419,-0.15727465,-0.38518023,-0.11451449,-0.15396681,-0.15564899,-0.14443555,-0.16636807,-0.15399703,-0.15720613,-0.12993515,-0.047159404,-0.14872405,-0.14016809,-0.14106366,-0.15386836,-0.19987361,-0.1649412,-0.17166539,-0.15397723,-0.15723681,-0.12722544,-0.14610182,-0.2588673,-0.12945943,-0.15388778,-0.09132757,-0.12832497,-0.13684332,-0.16221203,-0.15659244,-0.1289213,-0.15377149,-0.15719035,-0.1572339,-0.15726396,-0.15740095,-0.19795567,-0.15106063,-0.07294749,-0.2039893,-0.15396751,-0.1572325,-0.104459345,-0.15365502,-0.17466888,-0.13176009,-0.15397382,-0.15109587,-0.10913184,-0.15382683,-0.05825615,-0.14326635,-0.17082691,-0.15391955,-0.18883844,-0.15400219,2.8447297,-0.15399359,-0.16808087,-0.14331596,-0.15399534,-0.15727156,-0.25088155,-0.15400252,-0.22115314,-0.07562123,-0.086852394,-0.10702289,-0.060967896,-0.14807186,-0.16796505,-0.15746465,-0.22133875,-0.12812386,-0.0969081,-0.16398169,-0.12716047,-0.11335766,-0.18846886,-0.12963426,-0.17755464,-0.0994983,-0.115196005,-0.1539205,-0.11662802,-0.19749595,-0.14526704,-0.12781724,-0.096878245,-0.15392017,-0.15709746,-0.12434345,-0.11230643,-0.063823454,-0.1538575,-0.11419349,-0.10007019,-0.24483351,-0.154003,-0.15726429,-0.16344379,-0.1759062,-0.12524253,-0.15398985,-0.0782174,-0.19187105,-0.18185812,-0.09859173,-0.11065883,-0.15369809,-0.15698448,-0.083404,-0.1213824,-0.13072303,-0.13855581,-0.19385117,-0.15396982,-0.15726875,-0.19487974,-0.23847799,-0.2432746,-0.12933144,-0.15381904,-0.15724316,-0.14520228,-0.2961179,-0.15400232,-0.19813283,-0.12954742,-0.15394512,-0.060104962,-0.15931924,-0.15400076,-0.2028091,-0.2868003,-0.11816878,-0.14795661,-0.10060286,-0.15386169,-0.13614628,-0.20725825,-0.17393659,-0.125103,-0.15657571,-0.15690626,-0.15399949,-0.15727091,-0.16221246,-0.22200036,-0.12969907,-0.2814266,-0.15400337,-0.1915083,-0.24371436,-0.16952515,-0.15392604,-0.13369927,-0.12557748,-0.1539967,-0.18106565,-0.15400314,-0.18642783,-0.15395296,-0.30462334,-0.15390366,-0.14691104,-0.13029914,-0.15399154,-0.15725982,-0.18915205,-0.1296275,-0.153996,-0.10481856,-0.1650517,-0.15399408,-0.15727274,-0.15724708,-0.12925221,-0.15390858,-0.15724239,-0.15723415,-0.15724456,-0.15725175,-0.16505513,-0.17392421,-0.15399002,-0.15726626,-0.15725721,-0.15726674,-0.2025511,-0.15354379,-0.14723541,-0.15310176,-0.11499533,-0.10471026,-0.11893196,-0.15399326,-0.15720367,-0.12959057,-0.19501048,-0.1540003,-0.18738703,-0.11705899,-0.17429145,-0.15399185,-0.06652963,-0.15377174,-0.10737923,-0.124497145,-0.15298569,-0.052188452,-0.26007295
k__Bacteria|p__Firmicutes|c__Bacilli|o__Lactobacillales|f__Lactobacillaceae|g__Schleiferilactobacillus|s__Schleiferilactobacillus_harbinensis,-0.1004395,-0.12316422,-0.15519002,-0.1585526,-0.15855303,-0.23867357,-0.1666669,-0.16813041,-0.10929718,-0.22895765,-0.23728925,-0.15519719,-0.22850217,-0.3768707,-0.08556121,-0.15460306,-0.058144663,-0.15438777,-0.1584599,-0.19931981,-0.1978925,-0.12994368,-0.1551441,-0.12711628,-0.20043859,-0.11658599,-0.182019,-0.25032333,-0.1509206,-0.15515192,-0.15142563,-0.10844302,-0.18249588,-0.28454733,-0.15517777,-0.13021746,-0.15519358,-0.22338755,-0.15519774,-0.29867563,-0.15519783,-0.29356226,-0.12923439,-0.15497851,-0.13691942,-0.15518941,-0.23188588,-0.24781659,-0.1296162,-0.1302264,-0.24679694,-0.18279888,-0.25087595,-0.26027086,-0.28621647,-0.27511892,-0.11894142,-0.15506765,-0.040142577,-0.056944285,-0.1541169,-0.11274739,-0.13743341,-0.13006082,-0.15516551,-0.15854594,-0.1585527,-0.15855365,-0.27573854,-0.15514068,-0.13006195,-0.16243835,-0.12334165,-0.14074792,-0.15514636,-0.15887658,-0.14481027,-0.13019462,-0.18691605,-0.14998752,-0.15517968,-0.15852086,-0.15853791,-0.15844452,-0.120334074,-0.13700745,-0.08858878,-0.15517071,-0.19008024,-0.15518749,-0.2004665,-0.11139822,-0.1388583,-0.13027036,-0.1074974,-0.15152657,-0.15504268,-0.15813176,-0.10065024,-0.08152827,-0.09427856,-0.15511698,-0.11960925,-0.15027548,-0.16982608,-0.1185138,-0.15514272,-0.15854356,-0.17738779,-0.15176103,-0.15519182,-0.25953975,-0.17989698,-0.13525523,-0.15518758,-0.15095688,-0.17780018,-0.2009549,-0.15515882,-0.09015879,-0.15474644,-0.12151222,-0.121854745,-0.13997786,-0.21433522,-0.13908121,-0.16057305,-0.1550805,-0.07092635,-0.15425816,-0.15741214,-0.18733518,-0.15481791,-0.13005152,-0.12334781,-0.14100276,-0.15512696,-0.114095174,-0.25318068,-0.26654312,-0.12900576,-0.10945694,-0.1551135,-0.09238048,-0.20963459,-0.1551879,-0.15843222,-0.12937868,-0.15508252,-0.16015086,-0.1553517,-0.15519446,-0.19704957,-0.20616047,-0.12859392,-0.10460003,-0.11361031,-0.10256614,-0.15518326,-0.19495486,-0.15514836,-0.12928626,-0.15495452,-0.041086134,-0.12967405,-0.15519264,-0.2300741,-0.15516154,-0.10384405,-0.1531092,-0.0784167,-0.1549831,-0.12766197,-0.15501098,-0.121451,-0.075820275,-0.09192432,-0.101488546,-0.1547975,-0.15841173,-0.12378413,-0.15497714,-0.1410757,-0.13984437,-0.18093297,-0.15519623,-0.25777104,-0.12844054,-0.15506585,-0.13462572,2.7437463,-0.15515238,-0.15854669,-0.15854913,-0.15855078,-0.19755594,-0.25103784,-0.20219928,-0.19465852,-0.24831252,-0.20506537,-0.22091979,-0.15517445,-0.12966281,-0.11956477,-0.15516666,-0.15854129,-0.20931396,-0.18224281,-0.1551552,-0.32474133,-0.15519342,-0.15855469,-0.15855308,-0.15855253,-0.2185038,-0.1551543,-0.114121355,-0.15515763,-0.15853268,-0.15854165,-0.22984435,-0.15518409,-0.15851763,-0.08963354,-0.15503544,-0.15848187,-0.15850878,-0.15851006,-0.13302092,-0.1051107,-0.14014931,-0.15141064,-0.15839578,-0.15615125,-0.14613561,-0.1551786,-0.12319561,-0.13015465,-0.15512678,-0.15855442,-0.15855373,-0.15855375,-0.1585545,-0.38518023,-0.11451449,-0.15513705,-0.15564899,-0.14443555,-0.16636807,-0.15518668,-0.15844369,-0.12993515,-0.047159404,-0.14660788,-0.14016809,-0.14106366,-0.1549756,-0.19987361,-0.1649412,-0.17166539,-0.155154,-0.1584919,-0.12722544,-0.14610182,-0.2588673,-0.12987958,-0.15500793,-0.09132757,-0.12832497,-0.13684332,-0.16221203,-0.15659244,-0.12911311,-0.15482095,-0.15841627,-0.15848754,-0.15853691,-0.15740095,-0.19795567,-0.15106063,-0.07294749,-0.2039893,-0.1551385,-0.15848505,-0.104459345,-0.15470171,-0.17466888,-0.13176009,-0.15514815,-0.15109587,-0.10913184,-0.15491186,-0.05825615,-0.14326635,-0.17082691,-0.15505978,-0.18883844,-0.15519512,-0.31316653,-0.15518126,-0.16808087,-0.14331596,-0.15518382,-0.15854947,-0.25088155,-0.15519568,-0.22115314,-0.07562123,-0.086852394,-0.10702289,-0.060967896,-0.14552677,-0.16796505,-0.15746465,-0.22133875,-0.12812386,-0.0969081,-0.16398169,-0.12716047,-0.11335766,-0.18846886,-0.13014515,-0.17755464,-0.0994983,-0.115196005,-0.15506127,-0.11662802,-0.19749595,-0.14526704,-0.12781724,-0.096878245,-0.15506008,-0.1582643,-0.12434345,-0.11230643,-0.063823454,-0.15495926,-0.11419349,-0.10007019,-0.24483351,-0.1551964,-0.15853769,-0.16344379,-0.1759062,-0.12524253,-0.15517473,-0.0782174,-0.19187105,-0.18185812,-0.09859173,-0.11065883,-0.15469599,-0.15807906,-0.083404,-0.1213824,-0.13072303,-0.13855581,-0.19385117,-0.1551423,-0.15854478,-0.19487974,-0.23847799,-0.2432746,-0.12967917,-0.1548954,-0.158503,-0.14520228,-0.2961179,-0.15519533,-0.19813283,-0.13001075,-0.1551021,-0.060104962,-0.15931924,-0.15519276,-0.2028091,-0.2868003,-0.11816878,-0.14795661,-0.10060286,-0.15496564,-0.13614628,-0.20725825,-0.17393659,-0.125103,-0.15657571,-0.15690626,-0.1551907,-0.15854834,-0.16221246,-0.22200036,-0.13024855,-0.2814266,-0.15519702,-0.1915083,-0.24371436,-0.16952515,-0.1550748,-0.13369927,-0.12557748,-0.15518612,-0.18106565,-0.15519664,-0.18642783,-0.15511647,-0.30462334,-0.15503429,-0.14691104,-0.13029914,-0.15517761,-0.1585301,-0.18915205,-0.1301327,-0.15518492,-0.10481856,-0.1650517,-0.15518188,-0.15855135,-0.15851007,-0.12957236,-0.15504134,-0.15850195,-0.15848827,-0.15850544,-0.15851712,-0.16505513,-0.17392421,-0.15517521,-0.1585407,-0.1585259,-0.15854146,-0.2025511,-0.15354379,-0.14723541,-0.15372923,-0.11499533,-0.10471026,-0.11893196,-0.15518045,-0.15844123,-0.13007416,-0.19501048,-0.15519205,-0.18738703,-0.11705899,-0.17429145,-0.15517837,-0.06652963,-0.15481943,-0.10737923,-0.124497145,-0.15298569,-0.052188452,-0.26007295
k__Bacteria|p__Firmicutes|c__Bacilli|o__Lactobacillales|f__Carnobacteriaceae|g__Granulicatella|s__Granulicatella_SGB8245,-0.1004395,-0.12316422,-0.15380171,-0.15711458,-0.15711486,-0.23867357,-0.1666669,-0.16813041,-0.10929718,-0.22895765,-0.23728925,-0.15380669,-0.22850217,-0.3768707,-0.08556121,-0.15339985,-0.058144663,-0.15326871,-0.15705088,-0.19931981,-0.1978925,-0.12901561,-0.15377071,-0.12711628,-0.20043859,-0.11658599,-0.182019,-0.25032333,-0.1509206,-0.1537753,-0.15142563,-0.10844302,-0.18249588,-0.28454733,-0.15379289,-0.12919876,-0.15380424,-0.22338755,-0.15380706,-0.29867563,-0.1538071,-0.29356226,-0.12852876,-0.15365389,-0.13691942,-0.15380146,-0.23188588,-0.24781659,-0.1296162,-0.12920433,-0.24679694,-0.18279888,-0.25087595,-0.26027086,-0.28621647,-0.27511892,-0.11894142,-0.15371867,-0.040142577,-0.056944285,-0.15305975,-0.11274739,-0.13743341,-0.12909126,-0.15378459,-0.1571101,-0.15711461,-0.1571153,-0.27573854,-0.15376598,-0.1290926,-0.16243835,-0.12334165,-0.14074792,-0.15377223,-0.15887658,-0.14481027,-0.12918358,-0.18691605,-0.14998752,-0.1537948,-0.15709294,-0.15710428,-0.15703546,-0.120334074,-0.13700745,-0.08858878,-0.15378875,-0.19008024,-0.15380011,-0.2004665,-0.11139822,-0.1388583,-0.13027036,-0.1074974,-0.15152657,-0.1537023,-0.1568022,-0.10065024,-0.08152827,-0.09427856,-0.15375258,-0.11960925,-0.15027548,-0.16982608,-0.1185138,-0.15376894,-0.15710843,-0.17738779,-0.15176103,-0.15380299,-0.25953975,-0.17989698,-0.13525523,-0.15380019,-0.15095688,-0.17780018,-0.2009549,-0.15377827,-0.09015879,-0.1535044,-0.12151222,-0.121854745,-0.13997786,-0.21433522,-0.13908121,-0.16057305,-0.15372811,-0.07092635,-0.15316617,-0.15630946,-0.18733518,-0.15353343,-0.12908056,-0.12334781,-0.14100276,-0.15375908,-0.114095174,-0.25318068,-0.26654312,-0.12837115,-0.10945694,-0.15375027,-0.09238048,-0.20963459,-0.1538004,-0.15702586,-0.12862472,-0.15372771,-0.16015086,-0.1553517,-0.15380481,-0.19704957,-0.20616047,-0.12807232,-0.10460003,-0.11361031,-0.10256614,-0.15379736,-0.19495486,-0.15377265,-0.12854686,-0.15364355,-0.041086134,-0.12967405,-0.15380347,-0.2300741,-0.15378156,-0.10384405,-0.15237972,-0.0784167,-0.15366009,-0.12766197,-0.15368044,-0.121451,-0.075820275,-0.09192432,-0.101488546,-0.15353562,-0.15701988,-0.12378413,-0.15364434,-0.1410757,-0.13984437,-0.18093297,-0.15380605,-0.25777104,-0.12844054,-0.15371346,-0.13462572,-0.119081676,-0.15377676,-0.15711054,-0.1571122,-0.15711333,-0.19755594,-0.25103784,-0.20219928,-0.19465852,-0.24831252,-0.20506537,-0.22091979,-0.15379056,-0.12881607,-0.11956477,-0.15378618,-0.15710682,-0.20931396,-0.18224281,-0.15377662,-0.32474133,-0.15380415,-0.157116,-0.15711491,-0.15711454,-0.2185038,-0.15377578,-0.114121355,-0.153779,-0.15710026,-0.15710706,-0.22984435,-0.15379792,-0.15708855,-0.08963354,-0.15369564,-0.15706739,-0.15708421,-0.15708628,-0.13302092,-0.1051107,-0.14014931,-0.15141064,-0.15839578,-0.15615125,-0.14613561,-0.15379438,-0.12319561,-0.12915564,-0.15375744,-0.15711582,-0.15711534,-0.15711536,-0.15711586,-0.38518023,-0.11451449,-0.15376559,-0.15564899,-0.14443555,-0.16636807,-0.15379938,-0.15703599,-0.12993515,-0.047159404,-0.14776793,-0.14016809,-0.14106366,-0.15365487,-0.19987361,-0.1649412,-0.17166539,-0.15377751,-0.15707448,-0.12722544,-0.14610182,-0.2588673,-0.12897311,-0.15367883,-0.09132757,-0.12832497,-0.13684332,-0.16221203,-0.15659244,-0.12843381,-0.15354729,-0.15702218,-0.15707074,-0.15710397,-0.15740095,-0.19795567,-0.15106063,-0.07294749,-0.2039893,-0.15376604,-0.15706971,-0.104459345,-0.15343204,-0.17466888,-0.13176009,-0.15377414,-0.15109587,-0.10913184,-0.15361091,-0.05825615,-0.14326635,-0.17082691,-0.15371229,-0.18883844,-0.15380523,-0.31316653,-0.15379512,-0.16808087,-0.14331596,-0.1537976,-0.15711233,-0.25088155,-0.15380558,-0.22115314,-0.07562123,-0.086852394,-0.10702289,-0.060967896,-0.14703707,-0.16796505,-0.15746465,-0.22133875,-0.12812386,-0.0969081,-0.16398169,-0.12716047,-0.11335766,-0.18846886,-0.12914997,-0.17755464,-0.0994983,-0.115196005,-0.1537138,-0.11662802,-0.19749595,-0.14526704,-0.12781724,-0.096878245,-0.15371515,-0.1569194,-0.12434345,-0.11230643,-0.063823454,-0.15364495,-0.11419349,-0.10007019,-0.24483351,-0.15380615,-0.1571037,-0.16344379,-0.1759062,-0.12524253,-0.15379159,-0.0782174,-0.19187105,-0.18185812,-0.09859173,-0.11065883,-0.153469,-0.15679376,-0.083404,-0.1213824,-0.13072303,-0.13855581,-0.19385117,-0.15376851,-0.15710926,-0.19487974,-0.23847799,-0.2432746,-0.1288323,-0.15360163,-0.1570804,-0.14520228,-0.2961179,-0.1538054,-0.19813283,-0.12905914,-0.15374112,-0.060104962,-0.15931924,-0.15380359,-0.2028091,-0.2868003,-0.11816878,-0.14795661,-0.10060286,-0.153647,-0.13614628,-0.20725825,-0.17393659,-0.125103,-0.15657571,-0.15690626,-0.15380219,-0.1571117,-0.16221246,-0.22200036,-0.12921925,1.4182827,-0.15380655,-0.1915083,-0.24371436,-0.16952515,-0.1537174,-0.13369927,-0.12557748,-0.15379904,-0.18106565,-0.15380631,-0.18642783,-0.15374804,-0.30462334,-0.1536932,-0.14691104,-0.13029914,-0.1537933,-0.15709941,-0.18915205,-0.12914257,-0.15379839,-0.10481856,-0.1650517,-0.15379599,-0.1571137,-0.15708356,-0.12876257,-0.15370163,-0.15707928,-0.15707037,-0.15708178,-0.15709046,-0.16505513,-0.17392421,-0.15379149,-0.15710655,-0.15709628,-0.15710706,-0.2025511,-0.15354379,-0.14723541,-0.15277365,-0.11499533,-0.10471026,-0.11893196,-0.15379526,-0.15703407,-0.12910469,-0.19501048,-0.15380305,-0.18738703,-0.11705899,-0.17429145,-0.15379323,-0.06652963,-0.15355197,-0.10737923,-0.124497145,-0.15298569,-0.052188452,-0.26007295
k__Bacteria|p__Firmicutes|c__Clostridia|o__Eubacteriales|f__Lachnospiraceae|g__Roseburia|s__Roseburia_sp_AF02_12,-0.1004395,-0.12316422,-0.15464205,-0.15800819,-0.15800846,-0.23867357,-0.1666669,-0.16813041,-0.10929718,-0.22895765,-0.23728925,-0.15464662,-0.22850217,-0.3768707,-0.08556121,-0.15426551,-0.058144663,-0.15413703,-0.15794921,-0.19931981,-0.1978925,-0.12946765,-0.15461303,-0.12711628,-0.20043859,-0.11658599,-0.182019,-0.25032333,-0.1509206,-0.15461779,-0.15142563,-0.10844302,-0.18249588,-0.28454733,-0.15463415,-0.12964207,-0.15464434,-0.22338755,-0.15464696,-0.29867563,-0.15464702,-0.29356226,-0.12900867,-0.15450683,-0.13691942,-0.15464172,-0.23188588,-0.24781659,-0.1296162,-0.12964767,-0.24679694,-0.18279888,-0.25087595,-0.26027086,-0.28621647,-0.27511892,-0.11894142,-0.15456447,-0.040142577,-0.056944285,-0.15395904,-0.11274739,-0.13743341,-0.12954155,-0.15462637,-0.15800399,-0.15800825,-0.15800886,-0.27573854,-0.15460974,-0.12954246,-0.16243835,-0.12334165,-0.14074792,-0.1546145,-0.15887658,-0.14481027,-0.12962765,-0.18691605,-0.14998752,-0.15463553,-0.15798807,-0.15799879,-0.15793735,-0.120334074,-0.13700745,-0.08858878,-0.15462989,-0.19008024,-0.1546405,-0.2004665,-0.11139822,-0.1388583,-0.13027036,-0.1074974,-0.15152657,-0.154549,-0.15772451,-0.10065024,-0.08152827,-0.09427856,-0.15459594,-0.11960925,-0.15027548,-0.16982608,-0.1185138,-0.15461189,-0.15800247,-0.17738779,-0.15176103,-0.15464321,-0.25953975,-0.17989698,-0.13525523,-0.15464056,-0.15095688,-0.17780018,-0.2009549,-0.15462151,-0.09015879,-0.1543623,-0.12151222,-0.121854745,-0.13997786,-0.21433522,-0.13908121,-0.16057305,-0.15457293,-0.07092635,-0.15404941,-0.15727681,-0.18733518,-0.15440094,-0.12953278,-0.12334781,-0.14100276,-0.15460218,-0.114095174,-0.25318068,-0.26654312,-0.12885356,-0.10945694,-0.15459378,-0.09238048,-0.20963459,-0.15464076,-0.15792957,-0.12909578,-0.1545735,-0.16015086,-0.1553517,-0.15464489,-0.19704957,-0.20616047,-0.12858415,-0.10460003,-0.11361031,-0.10256614,-0.15463784,-0.19495486,-0.15461543,-0.12902947,-0.1544933,-0.041086134,-0.12967405,-0.15464371,-0.2300741,-0.15462385,-0.10384405,-0.15331304,-0.0784167,-0.1545103,-0.12766197,-0.1545287,-0.121451,-0.075820275,-0.09192432,-0.101488546,-0.15439329,-0.15791926,-0.12378413,-0.15449968,-0.1410757,-0.13984437,-0.18093297,-0.15464601,-0.25777104,-0.12844054,-0.15456139,-0.13462572,-0.119081676,-0.1546184,-0.15800443,-0.15800598,-0.15800704,-0.19755594,-0.25103784,-0.20219928,-0.19465852,-0.24831252,-0.20506537,-0.22091979,-0.154632,-0.12927906,-0.11956477,-0.15462738,-0.15800102,-0.20931396,-0.18224281,-0.15461937,-0.32474133,-0.15464425,-0.15800951,-0.15800849,-0.15800814,-0.2185038,-0.15461862,-0.114121355,-0.1546213,-0.15799534,-0.15800121,-0.22984435,-0.15463838,-0.15798497,-0.08963354,-0.1545437,-0.15796366,-0.15798028,-0.15798146,-0.13302092,-0.1051107,-0.14014931,-0.15141064,-0.15839578,-0.15615125,-0.14613561,-0.15463497,-0.12319561,-0.12960204,-0.15460163,-0.15800935,-0.1580089,-0.15800892,-0.15800938,-0.38518023,-0.11451449,-0.1546085,-0.15564899,-0.14443555,-0.16636807,-0.15463991,-0.15793782,-0.12993515,-0.047159404,-0.1491465,-0.14016809,-0.14106366,-0.15450603,-0.19987361,-0.1649412,-0.17166539,-0.15461935,-0.15797013,-0.12722544,-0.14610182,-0.2588673,-0.12942445,-0.15452684,-0.09132757,-0.12832497,-0.13684332,-0.16221203,-0.15659244,-0.12891677,-0.15440643,-0.1579219,-0.15796709,-0.15799828,-0.15740095,-0.19795567,-0.15106063,-0.07294749,-0.2039893,-0.15460923,-0.1579657,-0.104459345,-0.15430547,-0.17466888,-0.13176009,-0.15461585,-0.15109587,-0.10913184,-0.15446457,-0.05825615,-0.14326635,-0.17082691,-0.15455933,-0.18883844,-0.1546453,-0.31316653,-0.1546363,-0.16808087,-0.14331596,-0.15463817,-0.15800616,-0.25088155,-0.15464564,-0.22115314,-0.07562123,-0.086852394,-0.10702289,-0.060967896,-0.14846566,-0.16796505,-0.15746465,-0.22133875,-0.12812386,-0.0969081,-0.16398169,-0.12716047,-0.11335766,-0.18846886,-0.129596,-0.17755464,-0.0994983,-0.115196005,-0.1545604,-0.11662802,-0.19749595,-0.14526704,-0.12781724,-0.096878245,-0.1545603,-0.15782571,-0.12434345,-0.11230643,-0.063823454,-0.15449554,-0.11419349,-0.10007019,-0.24483351,-0.15464613,-0.15799856,-0.16344379,-0.1759062,-0.12524253,-0.15463246,-0.0782174,-0.19187105,-0.18185812,-0.09859173,-0.11065883,-0.15432999,-0.15770847,-0.083404,-0.1213824,-0.13072303,-0.13855581,-0.19385117,-0.1546116,-0.15800324,-0.19487974,-0.23847799,-0.2432746,-0.12929556,-0.1544554,-0.15797663,-0.14520228,-0.2961179,-0.15464544,-0.19813283,-0.12950958,-0.15458608,-0.060104962,-0.15931924,-0.1546438,-0.2028091,-0.2868003,-0.11816878,-0.14795661,-0.10060286,-0.15449926,-0.13614628,-0.20725825,-0.17393659,-0.125103,-0.15657571,-0.15690626,-0.15464249,-0.1580055,-0.16221246,-0.22200036,-0.12966168,-0.2814266,-0.1546465,-0.1915083,-0.24371436,-0.16952515,-0.15456662,-0.13369927,-0.12557748,-0.15463957,-0.18106565,-0.15464628,-0.18642783,-0.15459412,-0.30462334,-0.15454268,-0.14691104,-0.13029914,-0.15463421,-0.157994,-0.18915205,-0.1295886,-0.15463887,-0.10481856,-0.1650517,-0.15463684,-0.1580074,-0.15798058,-0.12922361,-0.1545482,-0.15797584,-0.15796727,-0.15797809,-0.15798567,-0.16505513,-0.17392421,-0.15463263,-0.15800068,-0.15799126,-0.15800115,-0.2025511,-0.15354379,-0.14723541,-0.15370665,-0.11499533,-0.10471026,-0.11893196,-0.15463601,-0.15793577,-0.12955151,-0.19501048,-0.15464333,-0.18738703,-0.11705899,-0.17429145,-0.1546345,-0.06652963,-0.1544073,-0.10737923,-0.124497145,-0.15298569,-0.052188452,-0.26007295
k__Bacteria|p__Firmicutes|c__Clostridia|o__Eubacteriales|f__Clostridiaceae|g__Clostridium|s__Clostridium_sp_AF34_10BH,-0.1004395,-0.12316422,-0.15511483,-0.15845907,-0.15845935,-0.23867357,-0.1666669,-0.16813041,-0.10929718,-0.22895765,-0.23728925,-0.15511969,-0.22850217,-0.3768707,-0.08556121,-0.15471017,-0.058144663,-0.15457755,-0.15839627,-0.19931981,-0.1978925,-0.13008723,-0.15508397,-0.12711628,-0.20043859,-0.11658599,-0.182019,-0.25032333,-0.1509206,-0.15508896,-0.15142563,-0.10844302,-0.18249588,-0.28454733,-0.15510628,-0.13027763,-0.15511727,-0.22338755,-0.15512006,-0.29867563,-0.15512013,-0.29356226,-0.1295885,-0.15497053,-0.13691942,-0.1551145,-0.23188588,-0.24781659,-0.1296162,-0.13028361,-0.24679694,-0.18279888,-0.25087595,-0.26027086,-0.28621647,-0.27511892,-0.11894142,-0.15503229,-0.040142577,-0.056944285,-0.15438746,-0.11274739,-0.13743341,-0.13016729,-0.15509813,-0.15845463,-0.15845913,-0.15845978,-0.27573854,-0.15507996,-0.13016951,-0.16243835,-0.12334165,-0.14074792,-0.15508556,-0.15887658,-0.14481027,-0.13026193,-0.18691605,-0.14998752,-0.1551079,-0.15843768,-0.15844904,-0.15838158,-0.120334074,-0.13700745,-0.08858878,-0.15510191,-0.19008024,-0.15511319,-0.2004665,-0.11139822,-0.1388583,-0.13027036,-0.1074974,-0.15152657,-0.15501592,-0.1581454,-0.10065024,-0.08152827,-0.09427856,-0.1550658,-0.11960925,-0.15027548,-0.16982608,-0.1185138,-0.15508269,-0.15845296,-0.17738779,-0.15176103,-0.15511607,-0.25953975,-0.17989698,-0.13525523,-0.15511325,-0.15095688,-0.17780018,-0.2009549,-0.15509245,-0.09015879,-0.1548174,-0.12151222,-0.121854745,-0.13997786,-0.21433522,-0.13908121,-0.16057305,-0.1550413,-0.07092635,-0.154482,-0.15767817,-0.18733518,-0.15485562,-0.13015692,-0.12334781,-0.14100276,-0.15507247,-0.114095174,-0.25318068,-0.26654312,-0.12939677,-0.10945694,-0.15506354,-0.09238048,-0.20963459,-0.15511347,-0.15837449,-0.12967072,-0.15504172,-0.16015086,-0.1553517,-0.15511787,-0.19704957,-0.20616047,-0.12911119,-0.10460003,-0.11361031,-0.10256614,-0.15511039,-0.19495486,-0.15508601,-0.12959465,-0.15495634,-0.041086134,-0.12967405,-0.15511659,-0.2300741,-0.15509516,-0.10384405,-0.15369065,-0.0784167,-0.15497442,-0.12766197,-0.15499428,-0.121451,-0.075820275,-0.09192432,-0.101488546,-0.15484989,-0.1583645,-0.12378413,-0.15495831,-0.1410757,-0.13984437,-0.18093297,-0.15511906,-0.25777104,-0.12844054,-0.15502805,-0.13462572,-0.119081676,-0.15508974,-0.15845509,-0.15845673,-0.15845785,-0.19755594,-0.25103784,-0.20219928,-0.19465852,-0.24831252,-0.20506537,-0.22091979,-0.15510401,-0.12987265,-0.11956477,-0.15509927,-0.15845142,-0.20931396,-0.18224281,-0.1550905,-0.32474133,-0.15511718,-0.15846047,-0.1584594,-0.15845902,-0.2185038,-0.15508965,-0.114121355,-0.15509272,-0.15844531,-0.15845165,-0.22984435,-0.15511096,-0.1584343,-0.08963354,-0.15501012,-0.15841183,-0.15842934,-0.1584307,-0.13302092,-0.1051107,-0.14014931,-0.15141064,-0.15839578,-0.15615125,-0.14613561,-0.15510732,-0.12319561,-0.13023457,-0.15507174,-0.15846029,-0.15845983,-0.15845984,-0.15846033,-0.38518023,-0.11451449,-0.15507916,-0.15564899,-0.14443555,-0.16636807,-0.15511256,-0.15838358,-0.12993515,-0.047159404,-0.1492495,-0.14016809,-0.14106366,-0.15497014,-0.19987361,-0.1649412,-0.17166539,-0.15509072,-0.15841873,-0.12722544,-0.14610182,-0.2588673,-0.13003421,-0.1549921,-0.09132757,-0.12832497,-0.13684332,-0.16221203,-0.15659244,-0.12945758,-0.15486339,-0.15836728,-0.15841539,-0.15844853,-0.15740095,-0.19795567,-0.15106063,-0.07294749,-0.2039893,-0.15507987,-0.15841398,-0.104459345,-0.15473601,-0.17466888,-0.13176009,-0.15508705,-0.15109587,-0.10913184,-0.1549252,-0.05825615,-0.14326635,-0.17082691,-0.15502681,-0.18883844,-0.15511829,-0.31316653,-0.15510863,-0.16808087,-0.14331596,-0.15511072,-0.1584569,-0.25088155,-0.15511866,-0.22115314,-0.07562123,-0.086852394,-0.10702289,-0.060967896,-0.14852828,-0.16796505,-0.15746465,-0.22133875,-0.12812386,-0.0969081,-0.16398169,-0.12716047,-0.11335766,-0.18846886,-0.13022746,-0.17755464,-0.0994983,-0.115196005,-0.15502793,-0.11662802,-0.19749595,-0.14526704,-0.12781724,-0.096878245,-0.15502799,-0.15826479,-0.12434345,-0.11230643,-0.063823454,-0.15495868,-0.11419349,-0.10007019,-0.24483351,-0.15511918,-0.15844864,-0.16344379,-0.1759062,-0.12524253,-0.15510468,-0.0782174,-0.19187105,-0.18185812,-0.09859173,-0.11065883,-0.1547828,-0.15813996,-0.083404,-0.1213824,-0.13072303,-0.13855581,-0.19385117,-0.15508237,-0.15845382,-0.19487974,-0.23847799,-0.2432746,-0.12989974,-0.15491614,-0.15842545,-0.14520228,-0.2961179,-0.15511844,-0.19813283,-0.13013145,-0.15505514,-0.060104962,-0.15931924,-0.15511669,-0.2028091,-0.2868003,-0.11816878,-0.14795661,-0.10060286,-0.15496266,-0.13614628,-0.20725825,-0.17393659,-0.125103,-0.15657571,-0.15690626,-0.1551153,-0.1584562,-0.16221246,-0.22200036,-0.1302986,-0.2814266,-0.15511957,-0.1915083,-0.24371436,-0.16952515,-0.15503336,-0.13369927,-0.12557748,-0.1551122,-0.18106565,-0.15511933,-0.18642783,-0.15506333,-0.30462334,-0.15500893,-0.14691104,-0.13029914,-0.15510648,-0.158444,-0.18915205,-0.1302197,-0.15511146,-0.10481856,-0.1650517,-0.15510929,-0.15845823,-0.15842912,-0.12981088,-0.155015,-0.15842456,-0.15841553,-0.158427,-0.15843512,-0.16505513,-0.17392421,-0.1551048,-0.15845108,-0.15844105,-0.1584516,-0.2025511,-0.15354379,-0.14723541,-0.1541169,-0.11499533,-0.10471026,-0.11893196,-0.1551084,-0.1583809,-0.13017973,-0.19501048,-0.15511617,-0.18738703,-0.11705899,-0.17429145,-0.15510647,-0.06652963,-0.15486443,-0.10737923,-0.124497145,-0.15298569,-0.052188452,-0.26007295
k__Bacteria|p__Firmicutes|c__CFGB75721|o__OFGB75721|f__FGB75721|g__GGB9524|s__GGB9524_SGB14924,-0.1004395,-0.12316422,-0.15516953,-0.15847579,-0.15847602,-0.23867357,-0.1666669,-0.16813041,-0.10929718,-0.22895765,-0.23728925,-0.15517399,-0.22850217,-0.3768707,-0.08556121,-0.15480027,-0.058144663,-0.1546769,-0.15841815,-0.19931981,-0.1978925,-0.13044472,-0.15514131,-0.12711628,-0.20043859,-0.11658599,-0.182019,-0.25032333,-0.1509206,-0.15514594,-0.15142563,-0.10844302,-0.18249588,-0.28454733,-0.1551621,-0.13061447,-0.15517175,-0.22338755,-0.15517431,-0.29867563,-0.15517437,-0.29356226,-0.12998345,-0.15503758,-0.13691942,-0.1551692,-0.23188588,-0.24781659,-0.1296162,-0.13061993,-0.24679694,-0.18279888,-0.25087595,-0.26027086,-0.28621647,-0.27511892,-0.11894142,-0.1550938,-0.040142577,-0.056944285,-0.15449913,-0.11274739,-0.13743341,-0.130516,-0.15515414,-0.1584717,-0.15847582,-0.15847644,-0.27573854,-0.15513858,-0.13051675,-0.16243835,-0.12334165,-0.14074792,-0.1551426,-0.15887658,-0.14481027,-0.13060094,-0.18691605,-0.14998752,-0.15516315,-0.15845612,-0.15846658,-0.15840976,-0.120334074,-0.13700745,-0.08858878,-0.15515764,-0.19008024,-0.155168,-0.2004665,-0.11139822,-0.1388583,-0.13027036,-0.1074974,-0.15152657,-0.15507865,-0.158208,-0.10065024,-0.08152827,-0.09427856,-0.15512463,-0.11960925,-0.15027548,-0.16982608,-0.1185138,-0.15514012,-0.15847021,-0.17738779,-0.15176103,-0.15517065,-0.25953975,-0.17989698,-0.13525523,-0.15516809,-0.15095688,-0.17780018,-0.2009549,-0.15515001,-0.09015879,-0.15489638,-0.12151222,-0.121854745,-0.13997786,-0.21433522,-0.13908121,-0.16057305,-0.15510213,-0.07092635,-0.15458924,-0.15775594,-0.18733518,-0.15493347,-0.1305058,-0.12334781,-0.14100276,-0.1551306,-0.114095174,-0.25318068,-0.26654312,-0.12982678,-0.10945694,-0.1551224,-0.09238048,-0.20963459,-0.15516824,-0.15840125,-0.13005517,-0.15510258,-0.16015086,-0.1553517,-0.15517229,-0.19704957,-0.20616047,-0.129559,-0.10460003,-0.11361031,-0.10256614,-0.15516543,-0.19495486,-0.15514454,-0.12999824,-0.15502457,-0.041086134,-0.12967405,-0.15517111,-0.2300741,-0.15515281,-0.10384405,-0.15386635,-0.0784167,-0.15504089,-0.12766197,-0.1550587,-0.121451,-0.075820275,-0.09192432,-0.101488546,-0.15492626,-0.15838897,-0.12378413,-0.1550352,-0.1410757,-0.13984437,-0.18093297,-0.15517339,-0.25777104,-0.12844054,-0.15509379,-0.13462572,-0.119081676,-0.15514646,-0.15847212,-0.15847361,-0.15847464,-0.19755594,-0.25103784,-0.20219928,-0.19465852,-0.24831252,-0.20506537,-0.22091979,-0.15515992,-0.13024601,-0.11956477,-0.15515524,-0.15846878,-0.20931396,-0.18224281,-0.15514761,-0.32474133,-0.15517166,-0.15847707,-0.15847607,-0.15847573,-0.2185038,-0.15514751,-0.114121355,-0.15514919,-0.15846315,-0.15846902,-0.22984435,-0.15516594,-0.1584536,-0.08963354,-0.1550734,-0.15843238,-0.1584484,-0.15844971,-0.13302092,-0.1051107,-0.14014931,-0.15141064,-0.15839578,-0.15615125,-0.14613561,-0.15516266,-0.12319561,-0.13057524,-0.15512976,-0.15847689,-0.15847647,-0.15847647,-0.15847695,-0.38518023,-0.11451449,-0.1551367,-0.15564899,-0.14443555,-0.16636807,-0.1551674,-0.15840769,-0.12993515,-0.047159404,-0.14976183,-0.14016809,-0.14106366,-0.15503621,-0.19987361,-0.1649412,-0.17166539,-0.15514736,-0.1584387,-0.12722544,-0.14610182,-0.2588673,-0.13040122,-0.15505713,-0.09132757,-0.12832497,-0.13684332,-0.16221203,-0.15659244,-0.12987132,-0.15493953,-0.15839157,-0.15843573,-0.15846615,-0.15740095,-0.19795567,-0.15106063,-0.07294749,-0.2039893,-0.1551373,-0.15843445,-0.104459345,-0.15484273,-0.17466888,-0.13176009,-0.15514402,-0.15109587,-0.10913184,-0.15499634,-0.05825615,-0.14326635,-0.17082691,-0.15508845,-0.18883844,-0.15517266,-0.31316653,-0.1551639,-0.16808087,-0.14331596,-0.15516575,-0.15847379,-0.25088155,-0.155173,-0.22115314,-0.07562123,-0.086852394,-0.10702289,-0.060967896,-0.14909583,-0.16796505,-0.15746465,-0.22133875,-0.12812386,-0.0969081,-0.16398169,-0.12716047,-0.11335766,-0.18846886,-0.13056953,-0.17755464,-0.0994983,-0.115196005,-0.15508968,-0.11662802,-0.19749595,-0.14526704,-0.12781724,-0.096878245,-0.15508991,-0.15829769,-0.12434345,-0.11230643,-0.063823454,-0.15502653,-0.11419349,-0.10007019,-0.24483351,-0.15517348,-0.15846686,-0.16344379,-0.1759062,-0.12524253,-0.15516019,-0.0782174,-0.19187105,-0.18185812,-0.09859173,-0.11065883,-0.15486452,-0.15818283,-0.083404,-0.1213824,-0.13072303,-0.13855581,-0.19385117,-0.15513965,-0.15847099,-0.19487974,-0.23847799,-0.2432746,-0.13026845,-0.15498698,-0.15844491,-0.14520228,-0.2961179,-0.15517281,-0.19813283,-0.13048582,-0.15511476,-0.060104962,-0.15931924,-0.15517122,-0.2028091,-0.2868003,-0.11816878,-0.14795661,-0.10060286,-0.1550298,-0.13614628,-0.20725825,-0.17393659,-0.125103,-0.15657571,-0.15690626,-0.15516996,-0.15847316,-0.16221246,-0.22200036,-0.1306336,-0.2814266,-0.15517387,-0.1915083,-0.24371436,-0.16952515,-0.15509881,-0.13369927,-0.12557748,-0.15516707,-0.18106565,-0.15517363,-0.18642783,-0.15512365,-0.30462334,-0.15507185,-0.14691104,-0.13029914,-0.15516186,-0.15846193,-0.18915205,-0.13056336,-0.15516645,-0.10481856,-0.1650517,-0.15516439,-0.15847501,-0.15845028,-0.13019463,-0.15507787,-0.15844406,-0.1584358,-0.15844631,-0.15845388,-0.16505513,-0.17392421,-0.15516028,-0.15846846,-0.15845922,-0.1584689,-0.2025511,-0.15354379,-0.14723541,-0.15424895,-0.11499533,-0.10471026,-0.11893196,-0.15516362,-0.1584071,-0.13052602,-0.19501048,-0.15517074,-0.18738703,-0.11705899,-0.17429145,-0.15516317,-0.06652963,-0.15494063,-0.10737923,-0.124497145,-0.15298569,-0.052188452,-0.26007295
k__Bacteria|p__Firmicutes|c__Clostridia|o__Eubacteriales|f__Oscillospiraceae|g__Dysosmobacter|s__Dysosmobacter_sp_NSJ_60,-0.1004395,-0.12316422,-0.15508838,-0.15850842,-0.15850872,-0.23867357,-0.1666669,-0.16813041,-0.10929718,-0.22895765,-0.23728925,-0.15509361,-0.22850217,-0.3768707,-0.08556121,-0.15466031,-0.058144663,-0.15451327,-0.15844089,-0.19931981,-0.1978925,-0.1294829,-0.15505517,-0.12711628,-0.20043859,-0.11658599,-0.182019,-0.25032333,-0.1509206,-0.15506051,-0.15142563,-0.10844302,-0.18249588,-0.28454733,-0.15507916,-0.12968808,-0.15509099,-0.22338755,-0.155094,-0.29867563,-0.15509409,-0.29356226,-0.12894586,-0.15493317,-0.13691942,-0.15508799,-0.23188588,-0.24781659,-0.1296162,-0.12969466,-0.24679694,-0.18279888,-0.25087595,-0.26027086,-0.28621647,-0.27511892,-0.11894142,-0.15499946,-0.040142577,-0.056944285,-0.15430507,-0.11274739,-0.13743341,-0.12956871,-0.15507038,-0.15850362,-0.15850848,-0.15850918,-0.27573854,-0.15505035,-0.12957175,-0.16243835,-0.12334165,-0.14074792,-0.15505683,-0.15887658,-0.14481027,-0.12967166,-0.18691605,-0.14998752,-0.15508091,-0.15848537,-0.1584976,-0.1584263,-0.120334074,-0.13700745,-0.08858878,-0.15507445,-0.19008024,-0.1550866,-0.2004665,-0.11139822,-0.1388583,-0.13027036,-0.1074974,-0.15152657,-0.15498179,-0.15817624,-0.10065024,-0.08152827,-0.09427856,-0.15503561,-0.11960925,-0.15027548,-0.16982608,-0.1185138,-0.15505376,-0.15850186,-0.17738779,-0.15176103,-0.1550897,-0.25953975,-0.17989698,-0.13525523,-0.15508667,-0.15095688,-0.17780018,-0.2009549,-0.15506423,-0.09015879,-0.15476862,-0.12151222,-0.121854745,-0.13997786,-0.21433522,-0.13908121,-0.16057305,-0.15500924,-0.07092635,-0.1544113,-0.15766782,-0.18733518,-0.15481046,-0.12955749,-0.12334781,-0.14100276,-0.15504277,-0.114095174,-0.25318068,-0.26654312,-0.12872961,-0.10945694,-0.15503314,-0.09238048,-0.20963459,-0.1550869,-0.15841688,-0.12903506,-0.15500998,-0.16015086,-0.1553517,-0.15509161,-0.19704957,-0.20616047,-0.12841149,-0.10460003,-0.11361031,-0.10256614,-0.1550836,-0.19495486,-0.15505734,-0.12893148,-0.15491864,-0.041086134,-0.12967405,-0.15509026,-0.2300741,-0.15506706,-0.10384405,-0.15357023,-0.0784167,-0.15493742,-0.12766197,-0.15495862,-0.121451,-0.075820275,-0.09192432,-0.101488546,-0.15480329,-0.15840673,-0.12378413,-0.15492606,-0.1410757,-0.13984437,-0.18093297,-0.15509292,-0.25777104,-0.12844054,-0.15499407,-0.13462572,-0.119081676,-0.15506136,-0.15850413,-0.15850589,-0.1585071,-0.19755594,-0.25103784,-0.20219928,-0.19465852,-0.24831252,-0.20506537,-0.22091979,-0.15507671,-0.12925091,-0.11956477,-0.15507162,-0.1585002,-0.20931396,-0.18224281,-0.15506211,-0.32474133,-0.1550909,-0.15850994,-0.15850878,-0.15850836,-0.2185038,-0.1550611,-0.114121355,-0.15506452,-0.1584936,-0.15850043,-0.22984435,-0.15508416,-0.1584814,-0.08963354,-0.15497567,-0.15845752,-0.15847637,-0.15847787,-0.13302092,-0.1051107,-0.14014931,-0.15141064,-0.15839578,-0.15615125,-0.14613561,-0.1550803,-0.12319561,-0.12964173,-0.15504195,-0.15850973,-0.15850924,-0.15850925,-0.15850979,-0.38518023,-0.11451449,-0.15504992,-0.15564899,-0.14443555,-0.16636807,-0.15508592,-0.1584269,-0.12993515,-0.047159404,-0.14878304,-0.14016809,-0.14106366,-0.15493253,-0.19987361,-0.1649412,-0.17166539,-0.1550624,-0.15846495,-0.12722544,-0.14610182,-0.2588673,-0.12942778,-0.15495639,-0.09132757,-0.12832497,-0.13684332,-0.16221203,-0.15659244,-0.12877601,-0.15481794,-0.15840954,-0.15846142,-0.15849708,-0.15740095,-0.19795567,-0.15106063,-0.07294749,-0.2039893,-0.1550507,-0.1584598,-0.104459345,-0.15465416,-0.17466888,-0.13176009,-0.15505846,-0.15109587,-0.10913184,-0.15488419,-0.05825615,-0.14326635,-0.17082691,-0.15499352,-0.18883844,-0.15509209,-0.31316653,-0.15508169,-0.16808087,-0.14331596,-0.15508392,-0.1585061,-0.25088155,-0.15509248,-0.22115314,-0.07562123,-0.086852394,-0.10702289,-0.060967896,-0.1479955,-0.16796505,-0.15746465,-0.22133875,-0.12812386,-0.0969081,-0.16398169,-0.12716047,-0.11335766,-0.18846886,-0.12963402,-0.17755464,-0.0994983,-0.115196005,-0.1549948,-0.11662802,-0.19749595,-0.14526704,-0.12781724,-0.096878245,-0.15499485,-0.15829918,-0.12434345,-0.11230643,-0.063823454,-0.15492067,-0.11419349,-0.10007019,-0.24483351,-0.15509304,-0.15849718,-0.16344379,-0.1759062,-0.12524253,-0.15507743,-0.0782174,-0.19187105,-0.18185812,-0.09859173,-0.11065883,-0.15473121,-0.1581654,-0.083404,-0.1213824,-0.13072303,-0.13855581,-0.19385117,-0.1550534,-0.15850276,-0.19487974,-0.23847799,-0.2432746,-0.12926923,-0.15487444,-0.15847224,-0.14520228,-0.2961179,-0.15509227,-0.19813283,-0.12953071,-0.15502411,-0.060104962,-0.15931924,-0.15509036,-0.2028091,-0.2868003,-0.11816878,-0.14795661,-0.10060286,-0.15492457,-0.13614628,-0.20725825,-0.17393659,-0.125103,-0.15657571,-0.15690626,-0.15508887,-0.15850535,-0.16221246,-0.22200036,-0.12971076,-0.2814266,-0.15509349,-0.1915083,-0.24371436,-0.16952515,-0.15500048,-0.13369927,-0.12557748,-0.15508553,-0.18106565,-0.15509322,-0.18642783,-0.15503287,-0.30462334,-0.15497428,-0.14691104,-0.13029914,-0.15507936,-0.15849218,-0.18915205,-0.12962595,-0.15508473,-0.10481856,-0.1650517,-0.15508239,-0.15850751,-0.15847617,-0.12917103,-0.15498097,-0.1584713,-0.1584615,-0.15847386,-0.15848261,-0.16505513,-0.17392421,-0.15507755,-0.1584998,-0.158489,-0.15850037,-0.2025511,-0.15354379,-0.14723541,-0.1540134,-0.11499533,-0.10471026,-0.11893196,-0.15508145,-0.1584247,-0.12958361,-0.19501048,-0.15508981,-0.18738703,-0.11705899,-0.17429145,-0.15507948,-0.06652963,-0.15482055,-0.10737923,-0.124497145,-0.15298569,-0.052188452,-0.26007295
k__Bacteria|p__Firmicutes|c__Clostridia|o__Eubacteriales|f__Clostridiaceae|g__Clostridium|s__Clostridium_sp_AF36_4,-0.1004395,-0.12316422,-0.1540794,-0.15741916,-0.1574195,-0.23867357,-0.1666669,-0.16813041,-0.10929718,-0.22895765,-0.23728925,-0.15408581,-0.22850217,-0.3768707,-0.08556121,-0.15355545,-0.058144663,-0.15338223,-0.15733653,-0.19931981,-0.1978925,-0.12903312,-0.154039,-0.12711628,-0.20043859,-0.11658599,-0.182019,-0.25032333,-0.1509206,-0.1540452,-0.15142563,-0.10844302,-0.18249588,-0.28454733,-0.15406792,-0.12927677,-0.15408263,-0.22338755,-0.15408628,-0.29867563,-0.15408637,-0.29356226,-0.1283725,-0.15388829,-0.13691942,-0.154079,-0.23188588,-0.24781659,-0.1296162,-0.12928441,-0.24679694,-0.18279888,-0.25087595,-0.26027086,-0.28621647,-0.27511892,-0.11894142,-0.15397131,-0.040142577,-0.056944285,-0.15311968,-0.11274739,-0.13743341,-0.12913452,-0.15405725,-0.1574133,-0.1574192,-0.15742007,-0.27573854,-0.1540331,-0.12913606,-0.16243835,-0.12334165,-0.14074792,-0.15404104,-0.15887658,-0.14481027,-0.12925664,-0.18691605,-0.14998752,-0.15407035,-0.15739107,-0.15740587,-0.1573168,-0.120334074,-0.13700745,-0.08858878,-0.15406248,-0.19008024,-0.15407726,-0.2004665,-0.11139822,-0.1388583,-0.13027036,-0.1074974,-0.15152657,-0.15394995,-0.15700787,-0.10065024,-0.08152827,-0.09427856,-0.1540153,-0.11960925,-0.15027548,-0.16982608,-0.1185138,-0.15403697,-0.15741117,-0.17738779,-0.15176103,-0.15408102,-0.25953975,-0.17989698,-0.13525523,-0.15407735,-0.15095688,-0.17780018,-0.2009549,-0.15404928,-0.09015879,-0.15369146,-0.12151222,-0.121854745,-0.13997786,-0.21433522,-0.13908121,-0.16057305,-0.15398338,-0.07092635,-0.15325224,-0.1563825,-0.18733518,-0.1537347,-0.12911762,-0.12334781,-0.14100276,-0.1540239,-0.114095174,-0.25318068,-0.26654312,-0.12817326,-0.10945694,-0.15401232,-0.09238048,-0.20963459,-0.15407765,-0.15730476,-0.12849686,-0.15398335,-0.16015086,-0.1553517,-0.15408337,-0.19704957,-0.20616047,-0.12778424,-0.10460003,-0.11361031,-0.10256614,-0.15407366,-0.19495486,-0.15404159,-0.12840164,-0.15387306,-0.041086134,-0.12967405,-0.15408166,-0.2300741,-0.15405323,-0.10384405,-0.15223229,-0.0784167,-0.15389541,-0.12766197,-0.15392151,-0.121451,-0.075820275,-0.09192432,-0.101488546,-0.15373284,-0.15729567,-0.12378413,-0.15387441,-0.1410757,-0.13984437,-0.18093297,-0.15408498,-0.25777104,-0.12844054,-0.15396428,-0.13462572,-0.119081676,-0.1540467,-0.1574139,-0.15741606,-0.15741754,-0.19755594,-0.25103784,-0.20219928,-0.19465852,-0.24831252,-0.20506537,-0.22091979,-0.15406501,-0.1287543,-0.11956477,-0.15405908,-0.1574091,-0.20931396,-0.18224281,-0.15404679,-0.32474133,-0.15408252,-0.157421,-0.15741958,-0.1574191,-0.2185038,-0.15404597,-0.114121355,-0.15405008,-0.1574008,-0.1574094,-0.22984435,-0.15407437,-0.15738541,-0.08963354,-0.1539417,-0.15735753,-0.15737987,-0.15738218,-0.13302092,-0.1051107,-0.14014931,-0.15141064,-0.15839578,-0.15615125,-0.14613561,-0.1540697,-0.12319561,-0.1292201,-0.15402228,-0.15742077,-0.15742014,-0.15742016,-0.15742081,-0.38518023,-0.11451449,-0.1540325,-0.15564899,-0.14443555,-0.16636807,-0.15407637,-0.15731823,-0.12993515,-0.047159404,-0.1463053,-0.14016809,-0.14106366,-0.15388902,-0.19987361,-0.1649412,-0.17166539,-0.15404785,-0.15736665,-0.12722544,-0.14610182,-0.2588673,-0.12897447,-0.15391919,-0.09132757,-0.12832497,-0.13684332,-0.16221203,-0.15659244,-0.12825702,-0.15374938,-0.15729892,-0.15736204,-0.15740535,-0.15740095,-0.19795567,-0.15106063,-0.07294749,-0.2039893,-0.1540332,-0.1573605,-0.104459345,-0.15358502,-0.17466888,-0.13176009,-0.15404329,-0.15109587,-0.10913184,-0.15383145,-0.05825615,-0.14326635,-0.17082691,-0.15396345,-0.18883844,-0.15408391,-0.31316653,-0.154071,-0.16808087,-0.14331596,-0.15407401,-0.15741628,-0.25088155,-0.15408441,-0.22115314,-0.07562123,-0.086852394,-0.10702289,-0.060967896,-0.14535648,-0.16796505,-0.15746465,-0.22133875,-0.12812386,-0.0969081,-0.16398169,-0.12716047,-0.11335766,-0.18846886,-0.12921187,-0.17755464,-0.0994983,-0.115196005,-0.15396526,-0.11662802,-0.19749595,-0.14526704,-0.12781724,-0.096878245,-0.15396634,-0.15716514,-0.12434345,-0.11230643,-0.063823454,-0.15387535,-0.11419349,-0.10007019,-0.24483351,-0.1540851,-0.1574052,-0.16344379,-0.1759062,-0.12524253,-0.15406615,-0.0782174,-0.19187105,-0.18185812,-0.09859173,-0.11065883,-0.15364584,-0.15700164,-0.083404,-0.1213824,-0.13072303,-0.13855581,-0.19385117,-0.15403646,-0.15741226,-0.19487974,-0.23847799,-0.2432746,-0.12879145,-0.15381913,-0.15737487,-0.14520228,-0.2961179,-0.15408415,-0.19813283,-0.12909141,-0.15400085,-0.060104962,-0.15931924,-0.15408182,-0.2028091,-0.2868003,-0.11816878,-0.14795661,-0.10060286,-0.1538789,-0.13614628,-0.20725825,-0.17393659,-0.125103,-0.15657571,-0.15690626,-0.15408,-0.15741542,-0.16221246,-0.22200036,-0.12930399,-0.2814266,-0.15408562,-0.1915083,-0.24371436,-0.16952515,-0.15397,-0.13369927,-0.12557748,-0.1540759,-0.18106565,-0.15408531,-0.18642783,-0.1540102,-0.30462334,-0.15393925,-0.14691104,-0.13029914,-0.15406846,-0.15739942,-0.18915205,-0.12920241,-0.154075,-0.10481856,-0.1650517,-0.15407199,-0.15741804,-0.15737924,-0.12869416,-0.15394892,-0.15737355,-0.15736184,-0.15737678,-0.15738776,-0.16505513,-0.17392421,-0.15406612,-0.15740868,-0.15739545,-0.15740938,-0.2025511,-0.15354379,-0.14723541,-0.15275514,-0.11499533,-0.10471026,-0.11893196,-0.15407096,-0.15731505,-0.12915152,-0.19501048,-0.15408114,-0.18738703,-0.11705899,-0.17429145,-0.15406835,-0.06652963,-0.15375334,-0.10737923,-0.124497145,-0.15298569,-0.052188452,0.88912094
k__Bacteria|p__Firmicutes|c__Erysipelotrichia|o__Erysipelotrichales|f__Erysipelotrichaceae|g__Longibaculum|s__Longibaculum_muris,-0.1004395,-0.12316422,-0.15560246,-0.1588673,-0.15886764,-0.23867357,-0.1666669,-0.16813041,-0.10929718,-0.22895765,-0.23728925,-0.1556083,-0.22850217,-0.3768707,-0.08556121,-0.15511426,-0.058144663,-0.15494679,-0.1587914,-0.19931981,-0.1978925,-0.13112429,-0.15556493,-0.12711628,-0.20043859,-0.11658599,-0.182019,-0.25032333,-0.1509206,-0.15557134,-0.15142563,-0.10844302,-0.18249588,-0.28454733,-0.15559238,-0.13135447,-0.15560535,-0.22338755,-0.15560874,-0.29867563,-0.15560883,-0.29356226,-0.13051209,-0.1554294,-0.13691942,-0.15560195,-0.23188588,-0.24781659,-0.1296162,-0.13136211,-0.24679694,-0.18279888,-0.25087595,-0.26027086,-0.28621647,-0.27511892,-0.11894142,-0.15550213,-0.040142577,-0.056944285,-0.15472668,-0.11274739,-0.13743341,-0.131222,-0.15558237,-0.15886188,-0.15886739,-0.15886816,-0.27573854,-0.15556079,-0.13122422,-0.16243835,-0.12334165,-0.14074792,-0.15556684,-0.15887658,-0.14481027,-0.13133569,-0.18691605,-0.14998752,-0.15559398,-0.1588414,-0.15885529,-0.15877758,-0.120334074,-0.13700745,-0.08858878,-0.15558669,-0.19008024,-0.15560038,-0.2004665,-0.11139822,-0.1388583,-0.13027036,-0.1074974,-0.15152657,-0.15548214,-0.15850157,-0.10065024,-0.08152827,-0.09427856,-0.15554275,-0.11960925,-0.15027548,-0.16982608,-0.1185138,-0.15556374,-0.15885994,-0.17738779,-0.15176103,-0.15560392,-0.25953975,-0.17989698,-0.13525523,-0.15560046,-0.15095688,-0.17780018,-0.2009549,-0.1555765,-0.09015879,-0.15523997,-0.12151222,-0.121854745,-0.13997786,-0.21433522,-0.13908121,-0.16057305,-0.1555129,-0.07092635,-0.15483767,-0.15793547,-0.18733518,-0.15529695,-0.13120821,-0.12334781,-0.14100276,-0.15555093,-0.114095174,-0.25318068,-0.26654312,-0.13029216,-0.10945694,-0.15553993,-0.09238048,-0.20963459,-0.15560071,-0.15876772,-0.13061854,-0.15551424,-0.16015086,-0.1553517,-0.15560606,-0.19704957,-0.20616047,-0.12992637,-0.10460003,-0.11361031,-0.10256614,-0.15559693,-0.19495486,-0.15556827,-0.13052148,-0.15540995,-0.041086134,-0.12967405,-0.1556046,-0.2300741,-0.15557918,-0.10384405,-0.15388426,-0.0784167,-0.15543236,-0.12766197,-0.15545592,-0.121451,-0.075820275,-0.09192432,-0.101488546,-0.15528065,-0.15875216,-0.12378413,-0.15542129,-0.1410757,-0.13984437,-0.18093297,-0.15560752,-0.25777104,-0.12844054,-0.15549845,-0.13462572,-0.119081676,-0.15557165,-0.15886247,-0.15886447,-0.15886581,-0.19755594,-0.25103784,-0.20219928,-0.19465852,-0.24831252,-0.20506537,-0.22091979,-0.15558964,-0.13086665,-0.11956477,-0.1555834,-0.15885808,-0.20931396,-0.18224281,-0.15557337,-0.32474133,-0.15560523,-0.158869,-0.15886769,-0.15886724,-0.2185038,-0.15557235,-0.114121355,-0.1555759,-0.15885101,-0.15885833,-0.22984435,-0.15559758,-0.1588374,-0.08963354,-0.15547565,-0.15880951,-0.15883149,-0.15883258,-0.13302092,-0.1051107,-0.14014931,-0.15141064,-0.15839578,-0.15615125,-0.14613561,-0.15559316,-0.12319561,-0.13130246,-0.15555082,-0.15886879,-0.15886822,-0.15886825,-0.15886885,-0.38518023,-0.11451449,-0.15555921,-0.15564899,-0.14443555,-0.16636807,-0.15559971,-0.15877806,-0.12993515,-0.047159404,-0.14859626,-0.14016809,-0.14106366,-0.15542752,-0.19987361,-0.1649412,-0.17166539,-0.15557307,-0.15881778,-0.12722544,-0.14610182,-0.2588673,-0.13106446,-0.15545323,-0.09132757,-0.12832497,-0.13684332,-0.16221203,-0.15659244,-0.13035509,-0.15529883,-0.15875576,-0.15881416,-0.15885451,-0.15740095,-0.19795567,-0.15106063,-0.07294749,-0.2039893,-0.15556031,-0.15881202,-0.104459345,-0.15514764,-0.17466888,-0.13176009,-0.15556832,-0.15109587,-0.10913184,-0.15537268,-0.05825615,-0.14326635,-0.17082691,-0.15549603,-0.18883844,-0.1556066,-0.31316653,-0.15559524,-0.16808087,-0.14331596,-0.15559739,-0.15886475,-0.25088155,-0.15560704,-0.22115314,-0.07562123,-0.086852394,-0.10702289,-0.060967896,-0.14771388,-0.16796505,-0.15746465,-0.22133875,-0.12812386,-0.0969081,-0.16398169,-0.12716047,-0.11335766,-0.18846886,-0.131294,-0.17755464,-0.0994983,-0.115196005,-0.15549725,-0.11662802,-0.19749595,-0.14526704,-0.12781724,-0.096878245,-0.15549618,-0.15863128,-0.12434345,-0.11230643,-0.063823454,-0.155413,-0.11419349,-0.10007019,-0.24483351,-0.15560764,-0.15885514,-0.16344379,-0.1759062,-0.12524253,-0.15559,-0.0782174,-0.19187105,-0.18185812,-0.09859173,-0.11065883,-0.15519866,-0.15848017,-0.083404,-0.1213824,-0.13072303,-0.13855581,-0.19385117,-0.15556343,-0.15886092,-0.19487974,-0.23847799,-0.2432746,-0.13088925,-0.1553613,-0.15882677,-0.14520228,-0.2961179,-0.15560678,-0.19813283,-0.13117887,-0.15553045,-0.060104962,-0.15931924,-0.15560469,-0.2028091,-0.2868003,-0.11816878,-0.14795661,-0.10060286,-0.15541899,-0.13614628,-0.20725825,-0.17393659,-0.125103,-0.15657571,-0.15690626,-0.15560299,-0.15886384,-0.16221246,-0.22200036,-0.13138033,-0.2814266,-0.15560816,-0.1915083,-0.24371436,-0.16952515,-0.15550615,-0.13369927,-0.12557748,-0.15559927,-0.18106565,-0.15560785,-0.18642783,-0.15554164,-0.30462334,-0.1554753,-0.14691104,-0.13029914,-0.1555923,-0.15884894,-0.18915205,-0.13128439,-0.15559828,-0.10481856,-0.1650517,-0.15559578,-0.15886629,-0.15883237,-0.13078754,-0.15548097,-0.15882589,-0.15881464,-0.15882874,-0.15883818,-0.16505513,-0.17392421,-0.15559036,-0.15885758,-0.15884551,-0.15885821,-0.2025511,-0.15354379,-0.14723541,-0.15440969,-0.11499533,-0.10471026,-0.11893196,-0.15559465,-0.15877526,-0.13123538,-0.19501048,-0.15560408,-0.18738703,-0.11705899,-0.17429145,-0.15559287,-0.06652963,-0.15529847,-0.10737923,-0.124497145,-0.15298569,-0.052188452,-0.26007295
k__Bacteria|p__Firmicutes|c__Bacilli|o__Lactobacillales|f__Streptococcaceae|g__Streptococcus|s__Streptococcus_SGB14888,-0.1004395,-0.12316422,-0.15498629,-0.15833648,-0.15833677,-0.23867357,-0.1666669,-0.16813041,-0.10929718,-0.22895765,-0.23728925,-0.15499134,-0.22850217,-0.3768707,-0.08556121,-0.1545635,-0.058144663,-0.15441772,-0.15827075,-0.19931981,-0.1978925,-0.12991089,-0.1549538,-0.12711628,-0.20043859,-0.11658599,-0.182019,-0.25032333,-0.1509206,-0.15495935,-0.15142563,-0.10844302,-0.18249588,-0.28454733,-0.15497771,-0.13010453,-0.15498878,-0.22338755,-0.15499175,-0.29867563,-0.1549918,-0.29356226,-0.12939984,-0.1548365,-0.13691942,-0.15498585,-0.23188588,-0.24781659,-0.1296162,-0.13011095,-0.24679694,-0.18279888,-0.25087595,-0.26027086,-0.28621647,-0.27511892,-0.11894142,-0.15489961,-0.040142577,-0.056944285,-0.15422767,-0.11274739,-0.13743341,-0.12999408,-0.15496895,-0.15833178,-0.15833655,-0.15833722,-0.27573854,-0.15495116,-0.12999445,-0.16243835,-0.12334165,-0.14074792,-0.15495545,-0.15887658,-0.14481027,-0.13008842,-0.18691605,-0.14998752,-0.15497896,-0.15831405,-0.15832609,-0.15825967,-0.120334074,-0.13700745,-0.08858878,-0.15497263,-0.19008024,-0.1549845,-0.2004665,-0.11139822,-0.1388583,-0.13027036,-0.1074974,-0.15152657,-0.15488222,-0.15803051,-0.10065024,-0.08152827,-0.09427856,-0.15493463,-0.11960925,-0.15027548,-0.16982608,-0.1185138,-0.1549528,-0.15833008,-0.17738779,-0.15176103,-0.15498754,-0.25953975,-0.17989698,-0.13525523,-0.15498456,-0.15095688,-0.17780018,-0.2009549,-0.1549642,-0.09015879,-0.15467262,-0.12151222,-0.121854745,-0.13997786,-0.21433522,-0.13908121,-0.16057305,-0.15490882,-0.07092635,-0.15432397,-0.15752953,-0.18733518,-0.15472192,-0.12998505,-0.12334781,-0.14100276,-0.15494168,-0.114095174,-0.25318068,-0.26654312,-0.12923273,-0.10945694,-0.15493217,-0.09238048,-0.20963459,-0.15498479,-0.15825066,-0.12949863,-0.15490985,-0.16015086,-0.1553517,-0.15498942,-0.19704957,-0.20616047,-0.12891313,-0.10460003,-0.11361031,-0.10256614,-0.1549815,-0.19495486,-0.15495706,-0.1294254,-0.15481934,-0.041086134,-0.12967405,-0.15498814,-0.2300741,-0.15496638,-0.10384405,-0.153502,-0.0784167,-0.15483925,-0.12766197,-0.15485956,-0.121451,-0.075820275,-0.09192432,-0.101488546,-0.15470864,-0.15823683,-0.12378413,-0.15483055,-0.1410757,-0.13984437,-0.18093297,-0.15499067,-0.25777104,-0.12844054,-0.15489781,-0.13462572,-0.119081676,-0.15495965,-0.15833229,-0.15833402,-0.15833518,-0.19755594,-0.25103784,-0.20219928,-0.19465852,-0.24831252,-0.20506537,-0.22091979,-0.1549753,-0.12970608,-0.11956477,-0.15496978,-0.1583285,-0.20931396,-0.18224281,-0.15496147,-0.32474133,-0.15498868,-0.15833795,-0.15833682,-0.15833642,-0.2185038,-0.15496057,-0.114121355,-0.15496333,-0.1583224,-0.15832873,-0.22984435,-0.15498209,-0.15831116,-0.08963354,-0.15487668,-0.15828648,-0.15830547,-0.15830642,-0.13302092,-0.1051107,-0.14014931,-0.15141064,-0.15839578,-0.15615125,-0.14613561,-0.15497822,-0.12319561,-0.1300599,-0.15494159,-0.15833777,-0.1583373,-0.15833728,-0.1583378,-0.38518023,-0.11451449,-0.15494886,-0.15564899,-0.14443555,-0.16636807,-0.15498392,-0.15825957,-0.12993515,-0.047159404,-0.14891125,-0.14016809,-0.14106366,-0.15483476,-0.19987361,-0.1649412,-0.17166539,-0.15496084,-0.1582936,-0.12722544,-0.14610182,-0.2588673,-0.12986375,-0.15485737,-0.09132757,-0.12832497,-0.13684332,-0.16221203,-0.15659244,-0.12930256,-0.15472414,-0.15824005,-0.15829048,-0.1583254,-0.15740095,-0.19795567,-0.15106063,-0.07294749,-0.2039893,-0.15494984,-0.15828872,-0.104459345,-0.15462837,-0.17466888,-0.13176009,-0.15495673,-0.15109587,-0.10913184,-0.1547883,-0.05825615,-0.14326635,-0.17082691,-0.15489419,-0.18883844,-0.15498987,-0.31316653,-0.1549801,-0.16808087,-0.14331596,-0.15498191,-0.15833427,-0.25088155,-0.15499026,-0.22115314,-0.07562123,-0.086852394,-0.10702289,-0.060967896,-0.14815356,-0.16796505,-0.15746465,-0.22133875,-0.12812386,-0.0969081,-0.16398169,-0.12716047,-0.11335766,-0.18846886,-0.13005352,-0.17755464,-0.0994983,-0.115196005,-0.15489525,-0.11662802,-0.19749595,-0.14526704,-0.12781724,-0.096878245,-0.15489437,-0.15813255,-0.12434345,-0.11230643,-0.063823454,-0.15482259,-0.11419349,-0.10007019,-0.24483351,-0.15499078,-0.158326,-0.16344379,-0.1759062,-0.12524253,-0.15497549,-0.0782174,-0.19187105,-0.18185812,-0.09859173,-0.11065883,-0.15463687,-0.15800136,-0.083404,-0.1213824,-0.13072303,-0.13855581,-0.19385117,-0.15495253,-0.15833095,-0.19487974,-0.23847799,-0.2432746,-0.12971461,-0.15477775,-0.15830138,-0.14520228,-0.2961179,-0.15499002,-0.19813283,-0.12995762,-0.15492404,-0.060104962,-0.15931924,-0.15498821,-0.2028091,-0.2868003,-0.11816878,-0.14795661,-0.10060286,-0.15482756,-0.13614628,-0.20725825,-0.17393659,-0.125103,-0.15657571,-0.15690626,-0.15498677,-0.15833348,-0.16221246,-0.22200036,-0.13012663,-0.2814266,-0.15499121,-0.1915083,-0.24371436,-0.16952515,-0.15490414,-0.13369927,-0.12557748,-0.15498352,-0.18106565,-0.15499096,-0.18642783,-0.15493412,-0.30462334,-0.1548762,-0.14691104,-0.13029914,-0.1549775,-0.15832058,-0.18915205,-0.13004495,-0.15498269,-0.10481856,-0.1650517,-0.15498051,-0.1583356,-0.15830657,-0.12964006,-0.15488115,-0.15830064,-0.15829095,-0.15830308,-0.1583113,-0.16505513,-0.17392421,-0.15497582,-0.15832809,-0.15831763,-0.1583286,-0.2025511,-0.15354379,-0.14723541,-0.15395339,-0.11499533,-0.10471026,-0.11893196,-0.15497951,-0.1582573,-0.13000312,-0.19501048,-0.15498771,-0.18738703,-0.11705899,-0.17429145,-0.1549781,-0.06652963,-0.15472302,-0.10737923,-0.124497145,-0.15298569,-0.052188452,-0.26007295
k__Bacteria|p__Firmicutes|c__Clostridia|o__Eubacteriales|f__Lachnospiraceae|g__Lachnospiraceae_unclassified|s__Lachnospiraceae_bacterium_NSJ_29,-0.1004395,-0.12316422,-0.15527603,-0.15858448,-0.15858471,-0.23867357,-0.1666669,-0.16813041,-0.10929718,-0.22895765,-0.23728925,-0.1552805,-0.22850217,-0.3768707,-0.08556121,-0.15490854,-0.058144663,-0.15478423,-0.15852673,-0.19931981,-0.1978925,-0.13053074,-0.15524766,-0.12711628,-0.20043859,-0.11658599,-0.182019,-0.25032333,-0.1509206,-0.15525222,-0.15142563,-0.10844302,-0.18249588,-0.28454733,-0.15526813,-0.13070449,-0.15527827,-0.22338755,-0.15528084,-0.29867563,-0.1552809,-0.29356226,-0.13006395,-0.15514322,-0.13691942,-0.15527573,-0.23188588,-0.24781659,-0.1296162,-0.13071008,-0.24679694,-0.18279888,-0.25087595,-0.26027086,-0.28621647,-0.27511892,-0.11894142,-0.15520018,-0.040142577,-0.056944285,-0.1546067,-0.11274739,-0.13743341,-0.13060379,-0.15526065,-0.15858036,-0.1585845,-0.1585851,-0.27573854,-0.15524393,-0.13060522,-0.16243835,-0.12334165,-0.14074792,-0.15524909,-0.15887658,-0.14481027,-0.1306903,-0.18691605,-0.14998752,-0.15526967,-0.15856478,-0.15857524,-0.15851423,-0.120334074,-0.13700745,-0.08858878,-0.15526414,-0.19008024,-0.15527451,-0.2004665,-0.11139822,-0.1388583,-0.13027036,-0.1074974,-0.15152657,-0.1551851,-0.15830216,-0.10065024,-0.08152827,-0.09427856,-0.155231,-0.11960925,-0.15027548,-0.16982608,-0.1185138,-0.15524648,-0.15857886,-0.17738779,-0.15176103,-0.15527716,-0.25953975,-0.17989698,-0.13525523,-0.15527457,-0.15095688,-0.17780018,-0.2009549,-0.15525547,-0.09015879,-0.15500298,-0.12151222,-0.121854745,-0.13997786,-0.21433522,-0.13908121,-0.16057305,-0.1552085,-0.07092635,-0.15469652,-0.15786573,-0.18733518,-0.15503824,-0.13059258,-0.12334781,-0.14100276,-0.15523708,-0.114095174,-0.25318068,-0.26654312,-0.12990554,-0.10945694,-0.15522887,-0.09238048,-0.20963459,-0.15527478,-0.15850605,-0.1301444,-0.15520895,-0.16015086,-0.1553517,-0.15527882,-0.19704957,-0.20616047,-0.12962691,-0.10460003,-0.11361031,-0.10256614,-0.15527195,-0.19495486,-0.15524966,-0.13007122,-0.1551309,-0.041086134,-0.12967405,-0.15527764,-0.2300741,-0.15525788,-0.10384405,-0.15397978,-0.0784167,-0.15514722,-0.12766197,-0.15516521,-0.121451,-0.075820275,-0.09192432,-0.101488546,-0.15503277,-0.15849763,-0.12378413,-0.15513575,-0.1410757,-0.13984437,-0.18093297,-0.15527993,-0.25777104,-0.12844054,-0.1551961,-0.13462572,-0.119081676,-0.15525296,-0.1585808,-0.1585823,-0.15858333,-0.19755594,-0.25103784,-0.20219928,-0.19465852,-0.24831252,-0.20506537,-0.22091979,-0.15526608,-0.13033113,-0.11956477,-0.1552617,-0.15857744,-0.20931396,-0.18224281,-0.1552535,-0.32474133,-0.15527819,-0.15858576,-0.15858476,-0.15858442,-0.2185038,-0.15525292,-0.114121355,-0.15525568,-0.1585718,-0.15857765,-0.22984435,-0.15527244,-0.15856135,-0.08963354,-0.15517978,-0.15854102,-0.15855707,-0.15855837,-0.13302092,-0.1051107,-0.14014931,-0.15141064,-0.15839578,-0.15615125,-0.14613561,-0.15526915,-0.12319561,-0.13066468,-0.15523636,-0.15858558,-0.15858516,-0.15858516,-0.15858564,-0.38518023,-0.11451449,-0.1552432,-0.15564899,-0.14443555,-0.16636807,-0.15527394,-0.15851483,-0.12993515,-0.047159404,-0.14988182,-0.14016809,-0.14106366,-0.1551429,-0.19987361,-0.1649412,-0.17166539,-0.15525386,-0.15854737,-0.12722544,-0.14610182,-0.2588673,-0.13048635,-0.15516342,-0.09132757,-0.12832497,-0.13684332,-0.16221203,-0.15659244,-0.1299544,-0.15504536,-0.15850008,-0.15854432,-0.15857477,-0.15740095,-0.19795567,-0.15106063,-0.07294749,-0.2039893,-0.15524381,-0.15854304,-0.104459345,-0.15492988,-0.17466888,-0.13176009,-0.1552505,-0.15109587,-0.10913184,-0.1551022,-0.05825615,-0.14326635,-0.17082691,-0.155195,-0.18883844,-0.1552792,-0.31316653,-0.15527034,-0.16808087,-0.14331596,-0.15527225,-0.15858248,-0.25088155,-0.15527955,-0.22115314,-0.07562123,-0.086852394,-0.10702289,-0.060967896,-0.14921388,-0.16796505,-0.15746465,-0.22133875,-0.12812386,-0.0969081,-0.16398169,-0.12716047,-0.11335766,-0.18846886,-0.13065848,-0.17755464,-0.0994983,-0.115196005,-0.15519613,-0.11662802,-0.19749595,-0.14526704,-0.12781724,-0.096878245,-0.15519628,-0.15840605,-0.12434345,-0.11230643,-0.063823454,-0.15513289,-0.11419349,-0.10007019,-0.24483351,-0.15528002,-0.15857488,-0.16344379,-0.1759062,-0.12524253,-0.15526667,-0.0782174,-0.19187105,-0.18185812,-0.09859173,-0.11065883,-0.15497118,-0.15829147,-0.083404,-0.1213824,-0.13072303,-0.13855581,-0.19385117,-0.15524614,-0.15857962,-0.19487974,-0.23847799,-0.2432746,-0.13035336,-0.15509345,-0.15855356,-0.14520228,-0.2961179,-0.15527935,-0.19813283,-0.13057193,-0.15522116,-0.060104962,-0.15931924,-0.15527773,-0.2028091,-0.2868003,-0.11816878,-0.14795661,-0.10060286,-0.15513608,-0.13614628,-0.20725825,-0.17393659,-0.125103,-0.15657571,-0.15690626,-0.15527646,-0.15858182,-0.16221246,-0.22200036,-0.13072386,-0.2814266,-0.15528041,-0.1915083,-0.24371436,-0.16952515,-0.15520091,-0.13369927,-0.12557748,-0.15527362,-0.18106565,-0.15528017,-0.18642783,-0.15522853,-0.30462334,-0.15517853,-0.14691104,-0.13029914,-0.15526836,-0.15857059,-0.18915205,-0.13065171,-0.15527292,-0.10481856,-0.1650517,-0.1552709,-0.15858367,-0.15855703,-0.1302777,-0.15518433,-0.1585527,-0.1585444,-0.15855494,-0.15856245,-0.16505513,-0.17392421,-0.15526679,-0.15857711,-0.15856788,-0.15857759,-0.2025511,-0.15354379,-0.14723541,-0.15435715,-0.11499533,-0.10471026,-0.11893196,-0.1552701,-0.15851265,-0.13061534,-0.19501048,-0.15527725,-0.18738703,-0.11705899,-0.17429145,-0.15526845,-0.06652963,-0.15504691,-0.10737923,-0.124497145,-0.15298569,-0.052188452,-0.26007295
k__Bacteria|p__Firmicutes|c__Clostridia|o__Eubacteriales|f__Eubacteriaceae|g__Anaerofustis|s__Anaerofustis_stercorihominis,-0.1004395,-0.12316422,-0.15474102,-0.15807432,-0.15807456,-0.23867357,-0.1666669,-0.16813041,-0.10929718,-0.22895765,-0.23728925,-0.15474543,-0.22850217,-0.3768707,-0.08556121,-0.1543738,-0.058144663,-0.15425597,-0.15801725,-0.19931981,-0.1978925,-0.12981218,-0.15471306,-0.12711628,-0.20043859,-0.11658599,-0.182019,-0.25032333,-0.1509206,-0.15471753,-0.15142563,-0.10844302,-0.18249588,-0.28454733,-0.15473321,-0.12998486,-0.15474322,-0.22338755,-0.15474577,-0.29867563,-0.15474583,-0.29356226,-0.12935352,-0.15460978,-0.13691942,-0.15474072,-0.23188588,-0.24781659,-0.1296162,-0.12999031,-0.24679694,-0.18279888,-0.25087595,-0.26027086,-0.28621647,-0.27511892,-0.11894142,-0.1546661,-0.040142577,-0.056944285,-0.15408099,-0.11274739,-0.13743341,-0.12988448,-0.1547258,-0.15807027,-0.15807435,-0.15807495,-0.27573854,-0.15470883,-0.12988645,-0.16243835,-0.12334165,-0.14074792,-0.15471452,-0.15887658,-0.14481027,-0.1299707,-0.18691605,-0.14998752,-0.15473473,-0.15805492,-0.15806517,-0.15800391,-0.120334074,-0.13700745,-0.08858878,-0.1547293,-0.19008024,-0.15473953,-0.2004665,-0.11139822,-0.1388583,-0.13027036,-0.1074974,-0.15152657,-0.15465143,-0.15778401,-0.10065024,-0.08152827,-0.09427856,-0.15469661,-0.11960925,-0.15027548,-0.16982608,-0.1185138,-0.15471181,-0.15806878,-0.17738779,-0.15176103,-0.15474215,-0.25953975,-0.17989698,-0.13525523,-0.15473959,-0.15095688,-0.17780018,-0.2009549,-0.15472043,-0.09015879,-0.15447187,-0.12151222,-0.121854745,-0.13997786,-0.21433522,-0.13908121,-0.16057305,-0.15467447,-0.07092635,-0.15416756,-0.15736407,-0.18733518,-0.15450507,-0.12987268,-0.12334781,-0.14100276,-0.15470263,-0.114095174,-0.25318068,-0.26654312,-0.12918735,-0.10945694,-0.15469457,-0.09238048,-0.20963459,-0.1547398,-0.15799657,-0.12943013,-0.15467457,-0.16015086,-0.1553517,-0.15474376,-0.19704957,-0.20616047,-0.12891941,-0.10460003,-0.11361031,-0.10256614,-0.15473703,-0.19495486,-0.15471494,-0.12935677,-0.15459779,-0.041086134,-0.12967405,-0.1547426,-0.2300741,-0.15472317,-0.10384405,-0.15345155,-0.0784167,-0.15461342,-0.12766197,-0.15463172,-0.121451,-0.075820275,-0.09192432,-0.101488546,-0.1545007,-0.1579887,-0.12378413,-0.15459812,-0.1410757,-0.13984437,-0.18093297,-0.15474485,-0.25777104,-0.12844054,-0.15466133,-0.13462572,-0.119081676,-0.15471831,-0.15807068,-0.15807217,-0.15807319,-0.19755594,-0.25103784,-0.20219928,-0.19465852,-0.24831252,-0.20506537,-0.22091979,-0.15473118,-0.12961352,-0.11956477,-0.15472695,-0.15806738,-0.20931396,-0.18224281,-0.15471864,-0.32474133,-0.15474316,-0.15807559,-0.1580746,-0.15807426,-0.2185038,-0.15471779,-0.114121355,-0.15472086,-0.15806177,-0.15806757,-0.22984435,-0.1547375,-0.15805098,-0.08963354,-0.1546458,-0.15803155,-0.15804729,-0.15804866,-0.13302092,-0.1051107,-0.14014931,-0.15141064,-0.15839578,-0.15615125,-0.14613561,-0.15473427,-0.12319561,-0.12994567,-0.15470186,-0.15807542,-0.15807499,-0.158075,-0.15807545,-0.38518023,-0.11451449,-0.15470867,-0.15564899,-0.14443555,-0.16636807,-0.15473896,-0.15800554,-0.12993515,-0.047159404,-0.14941183,-0.14016809,-0.14106366,-0.15460984,-0.19987361,-0.1649412,-0.17166539,-0.1547192,-0.15803786,-0.12722544,-0.14610182,-0.2588673,-0.1297661,-0.1546298,-0.09132757,-0.12832497,-0.13684332,-0.16221203,-0.15659244,-0.12924057,-0.15451229,-0.15799105,-0.15803477,-0.15806475,-0.15740095,-0.19795567,-0.15106063,-0.07294749,-0.2039893,-0.15470925,-0.15803349,-0.104459345,-0.15437645,-0.17466888,-0.13176009,-0.15471594,-0.15109587,-0.10913184,-0.15456848,-0.05825615,-0.14326635,-0.17082691,-0.15466115,-0.18883844,-0.15474415,-0.31316653,-0.15473536,-0.16808087,-0.14331596,-0.1547373,-0.15807234,-0.25088155,-0.15474448,-0.22115314,-0.07562123,-0.086852394,-0.10702289,-0.060967896,-0.14875704,-0.16796505,-0.15746465,-0.22133875,-0.12812386,-0.0969081,-0.16398169,-0.12716047,-0.11335766,-0.18846886,-0.12993936,-0.17755464,-0.0994983,-0.115196005,-0.15466222,-0.11662802,-0.19749595,-0.14526704,-0.12781724,-0.096878245,-0.15466243,-0.15789822,-0.12434345,-0.11230643,-0.063823454,-0.15459937,-0.11419349,-0.10007019,-0.24483351,-0.15474495,-0.15806484,-0.16344379,-0.1759062,-0.12524253,-0.15473184,-0.0782174,-0.19187105,-0.18185812,-0.09859173,-0.11065883,-0.15444052,-0.15778528,-0.083404,-0.1213824,-0.13072303,-0.13855581,-0.19385117,-0.15471153,-0.15806955,-0.19487974,-0.23847799,-0.2432746,-0.12964164,-0.15456085,-0.1580438,-0.14520228,-0.2961179,-0.1547443,-0.19813283,-0.12985249,-0.15468678,-0.060104962,-0.15931924,-0.15474269,-0.2028091,-0.2868003,-0.11816878,-0.14795661,-0.10060286,-0.15460287,-0.13614628,-0.20725825,-0.17393659,-0.125103,-0.15657571,-0.15690626,-0.15474144,-0.15807173,-0.16221246,-0.22200036,-0.1300039,-0.2814266,-0.15474533,-0.1915083,-0.24371436,-0.16952515,-0.15466595,-0.13369927,-0.12557748,-0.15473862,-0.18106565,-0.1547451,-0.18642783,-0.1546938,-0.30462334,-0.15464482,-0.14691104,-0.13029914,-0.15473348,-0.15806065,-0.18915205,-0.12993257,-0.15473796,-0.10481856,-0.1650517,-0.15473595,-0.15807354,-0.15804708,-0.12956378,-0.15465063,-0.15804295,-0.15803476,-0.15804514,-0.15805252,-0.16505513,-0.17392421,-0.1547319,-0.15806708,-0.15805797,-0.15806754,-0.2025511,-0.15354379,-0.14723541,-0.15383372,-0.11499533,-0.10471026,-0.11893196,-0.1547352,-0.15800312,-0.12989646,-0.19501048,-0.15474223,-0.18738703,-0.11705899,-0.17429145,-0.1547335,-0.06652963,-0.15451424,-0.10737923,-0.124497145,-0.15298569,-0.052188452,-0.26007295
k__Bacteria|p__Firmicutes|c__CFGB76783|o__OFGB76783|f__FGB76783|g__GGB80011|s__GGB80011_SGB15265,-0.1004395,-0.12316422,-0.1550858,-0.15843268,-0.15843302,-0.23867357,-0.1666669,-0.16813041,-0.10929718,-0.22895765,-0.23728925,-0.1550916,-0.22850217,-0.3768707,-0.08556121,-0.15460548,-0.058144663,-0.15444669,-0.15835762,-0.19931981,-0.1978925,-0.13000557,-0.15504882,-0.12711628,-0.20043859,-0.11658599,-0.182019,-0.25032333,-0.1509206,-0.15505472,-0.15142563,-0.10844302,-0.18249588,-0.28454733,-0.15507528,-0.13022912,-0.1550887,-0.22338755,-0.15509203,-0.29867563,-0.15509212,-0.29356226,-0.12942155,-0.15491289,-0.13691942,-0.15508538,-0.23188588,-0.24781659,-0.1296162,-0.13023639,-0.24679694,-0.18279888,-0.25087595,-0.26027086,-0.28621647,-0.27511892,-0.11894142,-0.15498728,-0.040142577,-0.056944285,-0.15421882,-0.11274739,-0.13743341,-0.13010068,-0.15506586,-0.15842736,-0.15843275,-0.15843353,-0.27573854,-0.1550434,-0.13010219,-0.16243835,-0.12334165,-0.14074792,-0.15505086,-0.15887658,-0.14481027,-0.1302106,-0.18691605,-0.14998752,-0.15507755,-0.15840718,-0.15842073,-0.1583381,-0.120334074,-0.13700745,-0.08858878,-0.15507036,-0.19008024,-0.15508384,-0.2004665,-0.11139822,-0.1388583,-0.13027036,-0.1074974,-0.15152657,-0.15496787,-0.15805438,-0.10065024,-0.08152827,-0.09427856,-0.15502718,-0.11960925,-0.15027548,-0.16982608,-0.1185138,-0.15504725,-0.15842539,-0.17738779,-0.15176103,-0.15508726,-0.25953975,-0.17989698,-0.13525523,-0.1550839,-0.15095688,-0.17780018,-0.2009549,-0.15505835,-0.09015879,-0.15473151,-0.12151222,-0.121854745,-0.13997786,-0.21433522,-0.13908121,-0.16057305,-0.154998,-0.07092635,-0.15433246,-0.15750232,-0.18733518,-0.15477562,-0.13008966,-0.12334781,-0.14100276,-0.15503523,-0.114095174,-0.25318068,-0.26654312,-0.12922092,-0.10945694,-0.15502454,-0.09238048,-0.20963459,-0.15508416,-0.15832771,-0.12953037,-0.15499833,-0.16015086,-0.1553517,-0.15508941,-0.19704957,-0.20616047,-0.12886398,-0.10460003,-0.11361031,-0.10256614,-0.15508048,-0.19495486,-0.15505053,-0.12943041,-0.15489677,-0.041086134,-0.12967405,-0.15508789,-0.2300741,-0.15506116,-0.10384405,-0.15339647,-0.0784167,-0.15491793,-0.12766197,-0.154942,-0.121451,-0.075820275,-0.09192432,-0.101488546,-0.1547706,-0.15831995,-0.12378413,-0.15489727,-0.1410757,-0.13984437,-0.18093297,-0.15509084,-0.25777104,-0.12844054,-0.15497917,-0.13462572,-0.119081676,-0.15505585,-0.15842792,-0.15842989,-0.1584312,-0.19755594,-0.25103784,-0.20219928,-0.19465852,-0.24831252,-0.20506537,-0.22091979,-0.15507266,-0.12976423,-0.11956477,-0.15506716,-0.15842356,-0.20931396,-0.18224281,-0.1550561,-0.32474133,-0.1550886,-0.15843436,-0.15843308,-0.15843263,-0.2185038,-0.15505473,-0.114121355,-0.15505931,-0.15841629,-0.15842378,-0.22984435,-0.15508115,-0.158402,-0.08963354,-0.15496069,-0.15837629,-0.1583972,-0.15839884,-0.13302092,-0.1051107,-0.14014931,-0.15141064,-0.15839578,-0.15615125,-0.14613561,-0.15507683,-0.12319561,-0.13017757,-0.15503445,-0.15843415,-0.15843359,-0.1584336,-0.15843421,-0.38518023,-0.11451449,-0.15504321,-0.15564899,-0.14443555,-0.16636807,-0.15508309,-0.15834132,-0.12993515,-0.047159404,-0.14809811,-0.14016809,-0.14106366,-0.15491328,-0.19987361,-0.1649412,-0.17166539,-0.15505703,-0.15838452,-0.12722544,-0.14610182,-0.2588673,-0.1299508,-0.15493953,-0.09132757,-0.12832497,-0.13684332,-0.16221203,-0.15659244,-0.12929244,-0.15478566,-0.15832314,-0.15838051,-0.15842009,-0.15740095,-0.19795567,-0.15106063,-0.07294749,-0.2039893,-0.1550441,-0.15837884,-0.104459345,-0.15463653,-0.17466888,-0.13176009,-0.15505262,-0.15109587,-0.10913184,-0.15485933,-0.05825615,-0.14326635,-0.17082691,-0.1549808,-0.18883844,-0.15508991,-0.31316653,-0.15507838,-0.16808087,-0.14331596,-0.15508087,-0.1584301,-0.25088155,-0.15509036,-0.22115314,-0.07562123,-0.086852394,-0.10702289,-0.060967896,-0.14723837,-0.16796505,-0.15746465,-0.22133875,-0.12812386,-0.0969081,-0.16398169,-0.12716047,-0.11335766,-0.18846886,-0.13016981,-0.17755464,-0.0994983,-0.115196005,-0.15498209,-0.11662802,-0.19749595,-0.14526704,-0.12781724,-0.096878245,-0.15498212,-0.15820093,-0.12434345,-0.11230643,-0.063823454,-0.15489969,-0.11419349,-0.10007019,-0.24483351,-0.15509097,-0.15841967,-0.16344379,-0.1759062,-0.12524253,-0.15507366,-0.0782174,-0.19187105,-0.18185812,-0.09859173,-0.11065883,-0.15469015,-0.15805224,-0.083404,-0.1213824,-0.13072303,-0.13855581,-0.19385117,-0.15504704,-0.15842637,-0.19487974,-0.23847799,-0.2432746,-0.12977791,-0.15484884,-0.15839255,-0.14520228,-0.2961179,-0.15509011,-0.19813283,-0.13005847,-0.15501454,-0.060104962,-0.15931924,-0.15508799,-0.2028091,-0.2868003,-0.11816878,-0.14795661,-0.10060286,-0.15490419,-0.13614628,-0.20725825,-0.17393659,-0.125103,-0.15657571,-0.15690626,-0.15508634,-0.15842927,-0.16221246,-0.22200036,-0.13025424,-0.2814266,-0.15509146,-0.1915083,-0.24371436,-0.16952515,-0.15498477,-0.13369927,-0.12557748,-0.15508264,-0.18106565,-0.15509117,-0.18642783,-0.15502298,-0.30462334,-0.15495959,-0.14691104,-0.13029914,-0.15507585,-0.15841466,-0.18915205,-0.13016015,-0.15508173,-0.10481856,-0.1650517,-0.15507917,-0.15843168,-0.15839547,-0.12968235,-0.15496674,-0.15839152,-0.15838073,-0.1583944,-0.158404,-0.16505513,-0.17392421,-0.15507382,-0.15842316,-0.15841119,-0.15842377,-0.2025511,-0.15354379,-0.14723541,-0.15389685,-0.11499533,-0.10471026,-0.11893196,-0.15507811,-0.15833676,-0.13011423,-0.19501048,-0.1550874,-0.18738703,-0.11705899,-0.17429145,-0.15507482,-0.06652963,-0.15478748,-0.10737923,-0.124497145,-0.15298569,-0.052188452,-0.26007295
k__Bacteria|p__Firmicutes|c__Clostridia|o__Eubacteriales|f__Christensenellaceae|g__Christensenella|s__Christensenella_minuta,-0.1004395,-0.12316422,-0.15401368,-0.15726784,-0.15726815,-0.23867357,-0.1666669,-0.16813041,-0.10929718,-0.22895765,-0.23728925,-0.15401885,-0.22850217,-0.3768707,-0.08556121,-0.15357903,-0.058144663,-0.1534266,-0.15720062,-0.19931981,-0.1978925,-0.12963957,-0.15398028,-0.12711628,-0.20043859,-0.11658599,-0.182019,-0.25032333,-0.1509206,-0.15398619,-0.15142563,-0.10844302,-0.18249588,-0.28454733,-0.15400487,-0.12984474,-0.15401623,-0.22338755,-0.15401927,-0.29867563,-0.15401933,-0.29356226,-0.12909836,-0.15386103,-0.13691942,-0.15401322,-0.23188588,-0.24781659,-0.1296162,-0.12985152,0.5687033,-0.18279888,-0.25087595,-0.26027086,-0.28621647,-0.27511892,-0.11894142,-0.1539246,-0.040142577,-0.056944285,-0.15323895,-0.11274739,-0.13743341,-0.12972714,-0.15399599,-0.15726301,-0.15726793,-0.15726861,-0.27573854,-0.15397765,-0.12972921,-0.16243835,-0.12334165,-0.14074792,-0.15398198,-0.15887658,-0.14481027,-0.12982768,-0.18691605,-0.14998752,-0.15400614,-0.15724483,-0.15725726,-0.15718952,-0.120334074,-0.13700745,-0.08858878,-0.15399963,-0.19008024,-0.15401182,-0.2004665,-0.11139822,-0.1388583,-0.13027036,-0.1074974,-0.15152657,-0.15390657,-0.15695138,-0.10065024,-0.08152827,-0.09427856,-0.1539605,-0.11960925,-0.15027548,-0.16982608,-0.1185138,-0.15397951,-0.15726128,-0.17738779,-0.15176103,-0.15401497,-0.25953975,-0.17989698,-0.13525523,-0.15401188,-0.15095688,-0.17780018,-0.2009549,-0.15399137,-0.09015879,-0.15369034,-0.12151222,-0.121854745,-0.13997786,-0.21433522,-0.13908121,-0.16057305,-0.15393388,-0.07092635,-0.15333414,-0.15644825,-0.18733518,-0.15374646,-0.12971596,-0.12334781,-0.14100276,-0.15396783,-0.114095174,-0.25318068,-0.26654312,-0.1289058,-0.10945694,-0.153958,-0.09238048,-0.20963459,-0.15401211,-0.15718193,-0.12919602,-0.15393558,-0.16015086,-0.1553517,-0.15401688,-0.19704957,-0.20616047,-0.12859328,-0.10460003,-0.11361031,-0.10256614,-0.15400872,-0.19495486,-0.15398355,-0.12911633,-0.1538418,-0.041086134,-0.12967405,-0.1540156,-0.2300741,-0.15399331,-0.10384405,-0.15248728,-0.0784167,-0.15386304,-0.12766197,-0.15388338,-0.121451,-0.075820275,-0.09192432,-0.101488546,-0.15372756,-0.1571652,-0.12378413,-0.15385595,-0.1410757,-0.13984437,-0.18093297,-0.15401816,-0.25777104,-0.12844054,-0.15392333,-0.13462572,-0.119081676,-0.15398616,-0.15726355,-0.15726534,-0.15726653,-0.19755594,-0.25103784,-0.20219928,-0.19465852,-0.24831252,-0.20506537,-0.22091979,-0.15400252,-0.1294134,-0.11956477,-0.15399666,-0.15725967,-0.20931396,-0.18224281,-0.15398845,-0.32474133,-0.1540161,-0.15726936,-0.15726818,-0.15726778,-0.2185038,-0.1539878,-0.114121355,-0.15399033,-0.1572536,-0.15725991,-0.22984435,-0.15400931,-0.1572425,-0.08963354,-0.15390146,-0.15721628,-0.15723619,-0.15723681,-0.13302092,-0.1051107,-0.14014931,-0.15141064,-0.15839578,-0.15615125,-0.14613561,-0.1540053,-0.12319561,-0.1297986,-0.15396819,-0.15726916,-0.15726867,-0.15726867,-0.15726921,-0.38518023,-0.11451449,-0.15397531,-0.15564899,-0.14443555,-0.16636807,-0.15401128,-0.15719004,-0.12993515,-0.047159404,-0.14784059,-0.14016809,-0.14106366,-0.15385854,-0.19987361,-0.1649412,-0.17166539,-0.1539875,-0.1572235,-0.12722544,-0.14610182,-0.2588673,-0.12958467,-0.15388085,-0.09132757,-0.12832497,-0.13684332,-0.16221203,-0.15659244,-0.12897721,-0.15374534,-0.15716872,-0.15722051,-0.15725645,-0.15740095,-0.19795567,-0.15106063,-0.07294749,-0.2039893,-0.15397644,-0.15721846,-0.104459345,-0.15364283,-0.17466888,-0.13176009,-0.15398309,-0.15109587,-0.10913184,-0.15381026,-0.05825615,-0.14326635,-0.17082691,-0.15391943,-0.18883844,-0.15401736,-0.31316653,-0.15400746,-0.16808087,-0.14331596,-0.15400916,-0.1572656,-0.25088155,-0.15401776,-0.22115314,-0.07562123,-0.086852394,-0.10702289,-0.060967896,-0.1470591,-0.16796505,-0.15746465,-0.22133875,-0.12812386,-0.0969081,-0.16398169,-0.12716047,-0.11335766,-0.18846886,-0.12979087,-0.17755464,-0.0994983,-0.115196005,-0.15392032,-0.11662802,-0.19749595,-0.14526704,-0.12781724,-0.096878245,-0.1539188,-0.15705796,-0.12434345,-0.11230643,-0.063823454,-0.1538453,-0.11419349,-0.10007019,-0.24483351,-0.15401828,-0.15725729,-0.16344379,-0.1759062,-0.12524253,-0.15400255,-0.0782174,-0.19187105,-0.18185812,-0.09859173,-0.11065883,-0.15365395,-0.15692338,-0.083404,-0.1213824,-0.13072303,-0.13855581,-0.19385117,-0.15397926,-0.15726218,-0.19487974,-0.23847799,-0.2432746,-0.12943773,-0.15379938,-0.15723196,-0.14520228,-0.2961179,-0.15401751,-0.19813283,-0.12968835,-0.15394995,-0.060104962,-0.15931924,-0.15401566,-0.2028091,-0.2868003,-0.11816878,-0.14795661,-0.10060286,-0.15385129,-0.13614628,-0.20725825,-0.17393659,-0.125103,-0.15657571,-0.15690626,-0.15401417,-0.15726475,-0.16221246,-0.22200036,-0.12986773,-0.2814266,-0.15401873,-0.1915083,-0.24371436,-0.16952515,-0.15393046,-0.13369927,-0.12557748,-0.15401086,-0.18106565,-0.15401846,-0.18642783,-0.15396088,-0.30462334,-0.15390147,-0.14691104,-0.13029914,-0.15400466,-0.15725149,-0.18915205,-0.12978199,-0.15400994,-0.10481856,-0.1650517,-0.15400782,-0.15726694,-0.15723744,-0.12934671,-0.15390542,-0.15723127,-0.15722121,-0.15723379,-0.157242,-0.16505513,-0.17392421,-0.15400298,-0.1572592,-0.15724853,-0.15725975,-0.2025511,-0.15354379,-0.14723541,-0.15296379,-0.11499533,-0.10471026,-0.11893196,-0.15400672,-0.15718761,-0.12973776,-0.19501048,-0.15401515,-0.18738703,-0.11705899,-0.17429145,-0.15400541,-0.06652963,-0.15374258,-0.10737923,-0.124497145,-0.15298569,-0.052188452,-0.26007295
k__Bacteria|p__Firmicutes|c__CFGB3009|o__OFGB3009|f__FGB3009|g__GGB48538|s__GGB48538_SGB66596,-0.1004395,-0.12316422,-0.15452728,-0.15778606,-0.15778653,-0.23867357,-0.1666669,-0.16813041,-0.10929718,-0.22895765,-0.23728925,-0.15453506,-0.22850217,-0.3768707,-0.08556121,-0.15387745,-0.058144663,-0.15363562,-0.15768461,-0.19931981,-0.1978925,-0.13000129,-0.15447646,-0.12711628,-0.20043859,-0.11658599,-0.182019,-0.25032333,-0.1509206,-0.15448557,-0.15142563,-0.10844302,-0.18249588,-0.28454733,-0.15451336,-0.13032317,-0.15453106,-0.22338755,-0.15453567,1.7945092,-0.15453579,-0.29356226,-0.12913486,-0.15429692,-0.13691942,-0.15452647,-0.23188588,-0.24781659,-0.1296162,-0.13033408,-0.24679694,-0.18279888,-0.25087595,-0.26027086,-0.28621647,-0.27511892,-0.11894142,-0.15439215,-0.040142577,-0.056944285,-0.15336122,-0.11274739,-0.13743341,-0.13014042,-0.15450071,-0.15777871,-0.1577862,-0.15778722,-0.27573854,-0.15447247,-0.13014296,-0.16243835,-0.12334165,-0.14074792,-0.15447918,-0.15887658,-0.14481027,-0.1302961,-0.18691605,-0.14998752,-0.15451583,-0.15775126,-0.15777017,-0.15766586,-0.120334074,-0.13700745,-0.08858878,-0.15450591,-0.19008024,-0.15452439,-0.2004665,-0.11139822,-0.1388583,-0.13027036,-0.1074974,-0.15152657,-0.15436472,-0.1573112,-0.10065024,-0.08152827,-0.09427856,-0.15444633,-0.11960925,-0.15027548,-0.16982608,-0.1185138,-0.15447569,-0.1577761,-0.17738779,-0.15176103,-0.15452921,-0.25953975,-0.17989698,-0.13525523,-0.15452442,-0.15095688,-0.17780018,-0.2009549,-0.15449312,-0.09015879,-0.15403591,-0.12151222,-0.121854745,-0.13997786,-0.21433522,-0.13908121,-0.16057305,-0.15440586,-0.07092635,-0.15350217,-0.15656024,-0.18733518,-0.15412885,-0.13011901,-0.12334781,-0.14100276,-0.15445776,-0.114095174,-0.25318068,-0.26654312,-0.12885682,-0.10945694,-0.15444256,-0.09238048,-0.20963459,-0.15452483,-0.15765484,-0.12929729,-0.15440968,-0.16015086,-0.1553517,-0.15453207,-0.19704957,-0.20616047,-0.12835154,-0.10460003,-0.11361031,-0.10256614,-0.15451962,-0.19495486,-0.15448025,-0.12917231,-0.15426666,-0.041086134,-0.12967405,-0.1545302,-0.2300741,-0.15449499,-0.10384405,-0.15224111,-0.0784167,-0.15430006,-0.12766197,-0.1543299,-0.121451,-0.075820275,-0.09192432,-0.101488546,-0.1540935,-0.15763026,-0.12378413,-0.15429002,-0.1410757,-0.13984437,-0.18093297,-0.15453403,-0.25777104,-0.12844054,-0.15438743,-0.13462572,-0.119081676,-0.15448532,-0.15777957,-0.15778226,-0.1577841,-0.19755594,-0.25103784,-0.20219928,-0.19465852,-0.24831252,-0.20506537,-0.22091979,-0.15451014,-0.12964277,-0.11956477,-0.15450126,-0.15777369,-0.20931396,-0.18224281,-0.15448856,-0.32474133,-0.15453088,-0.15778835,-0.15778658,-0.15778595,-0.2185038,-0.15448768,-0.114121355,-0.15449221,-0.15776482,-0.15777408,-0.22984435,-0.15452051,-0.1577472,-0.08963354,-0.15435776,-0.15770754,-0.15773839,-0.15773878,-0.13302092,-0.1051107,-0.14014931,-0.15141064,-0.15839578,-0.15615125,-0.14613561,-0.15451437,-0.12319561,-0.13025197,-0.15445903,-0.15778807,-0.15778734,-0.15778732,-0.15778814,-0.38518023,-0.11451449,-0.15446919,-0.15564899,-0.14443555,-0.16636807,-0.15452369,-0.15766819,-0.12993515,-0.047159404,-0.1452994,-0.14016809,-0.14106366,-0.15429305,-0.19987361,-0.1649412,-0.17166539,-0.15448746,-0.15771833,-0.12722544,-0.14610182,-0.2588673,-0.1299174,-0.15432563,-0.09132757,-0.12832497,-0.13684332,-0.16221203,-0.15659244,-0.12894937,-0.15412256,-0.15763567,-0.15771413,-0.15776876,-0.15740095,-0.19795567,-0.15106063,-0.07294749,-0.2039893,-0.15447113,-0.15771079,-0.104459345,-0.15396824,-0.17466888,-0.13176009,-0.15448052,-0.15109587,-0.10913184,-0.15422016,-0.05825615,-0.14326635,-0.17082691,-0.15438491,-0.18883844,-0.15453282,-0.31316653,-0.15451807,-0.16808087,-0.14331596,-0.15452035,-0.15778275,-0.25088155,-0.15453345,-0.22115314,-0.07562123,-0.086852394,-0.10702289,-0.060967896,-0.1441007,-0.16796505,-0.15746465,-0.22133875,-0.12812386,-0.0969081,-0.16398169,-0.12716047,-0.11335766,-0.18846886,-0.13023885,-0.17755464,-0.0994983,-0.115196005,-0.15438607,-0.11662802,-0.19749595,-0.14526704,-0.12781724,-0.096878245,-0.15438268,-0.15746772,-0.12434345,-0.11230643,-0.063823454,-0.15427262,-0.11419349,-0.10007019,-0.24483351,-0.15453419,-0.15776959,-0.16344379,-0.1759062,-0.12524253,-0.15451027,-0.0782174,-0.19187105,-0.18185812,-0.09859173,-0.11065883,-0.15398163,-0.15726441,-0.083404,-0.1213824,-0.13072303,-0.13855581,-0.19385117,-0.15447545,-0.15777744,-0.19487974,-0.23847799,-0.2432746,-0.1296868,-0.15420273,-0.1577319,-0.14520228,-0.2961179,-0.15453301,-0.19813283,-0.13007835,-0.1544311,-0.060104962,-0.15931924,-0.15453027,-0.2028091,-0.2868003,-0.11816878,-0.14795661,-0.10060286,-0.15428212,-0.13614628,-0.20725825,-0.17393659,-0.125103,-0.15657571,-0.15690626,-0.15452799,-0.15778136,-0.16221246,-0.22200036,-0.13035905,-0.2814266,-0.15453489,-0.1915083,-0.24371436,-0.16952515,-0.15439875,-0.13369927,-0.12557748,-0.15452302,-0.18106565,-0.15453446,-0.18642783,-0.15444684,-0.30462334,-0.15435877,-0.14691104,-0.13029914,-0.15451361,-0.15776125,-0.18915205,-0.13022456,-0.1545215,-0.10481856,-0.1650517,-0.15451849,-0.15778472,-0.1577389,-0.129547,-0.15436286,-0.15773112,-0.15771566,-0.15773481,-0.15774693,-0.16505513,-0.17392421,-0.15451115,-0.15777293,-0.1577569,-0.15777378,-0.2025511,-0.15354379,-0.14723541,-0.15295523,-0.11499533,-0.10471026,-0.11893196,-0.15451673,-0.15766284,-0.13015719,-0.19501048,-0.15452953,-0.18738703,-0.11705899,-0.17429145,-0.1545135,-0.06652963,-0.15411684,-0.10737923,-0.124497145,-0.15298569,-0.052188452,-0.26007295
k__Bacteria|p__Firmicutes|c__Clostridia|o__Eubacteriales|f__Lachnospiraceae|g__GGB3636|s__GGB3636_SGB4929,-0.1004395,-0.12316422,-0.15433875,-0.1576241,-0.15762436,-0.23867357,-0.1666669,-0.16813041,-0.10929718,-0.22895765,-0.23728925,-0.1543436,-0.22850217,-0.3768707,-0.08556121,-0.15392908,-0.058144663,-0.15379816,-0.15756124,-0.19931981,-0.1978925,-0.12974091,-0.15430781,-0.12711628,-0.20043859,-0.11658599,-0.182019,-0.25032333,-0.1509206,-0.15431295,-0.15142563,-0.10844302,-0.18249588,-0.28454733,-0.1543302,-0.1299383,-0.15434116,-0.22338755,-0.15434396,2.7912035,-0.15434402,-0.29356226,-0.12921408,-0.15419471,-0.13691942,-0.15433839,-0.23188588,-0.24781659,-0.1296162,-0.12994458,-0.24679694,-0.18279888,-0.25087595,-0.26027086,-0.28621647,-0.27511892,-0.11894142,-0.15425582,-0.040142577,-0.056944285,-0.15361243,-0.11274739,-0.13743341,-0.12982412,-0.15432204,-0.15761963,-0.15762416,-0.1576248,-0.27573854,-0.1543034,-0.12982684,-0.16243835,-0.12334165,-0.14074792,-0.15430942,-0.15887658,-0.14481027,-0.12992226,-0.18691605,-0.14998752,-0.15433177,-0.15760268,-0.15761408,-0.15754667,-0.120334074,-0.13700745,-0.08858878,-0.15432577,-0.19008024,-0.15433706,-0.2004665,-0.11139822,-0.1388583,-0.13027036,-0.1074974,-0.15152657,-0.15423952,-0.15729786,-0.10065024,-0.08152827,-0.09427856,-0.15428957,-0.11960925,-0.15027548,-0.16982608,-0.1185138,-0.15430667,-0.15761799,-0.17738779,-0.15176103,-0.15433997,-0.25953975,-0.17989698,-0.13525523,-0.15433714,-0.15095688,-0.17780018,-0.2009549,-0.15431638,-0.09015879,-0.15403993,-0.12151222,-0.121854745,-0.13997786,-0.21433522,-0.13908121,-0.16057305,-0.15426493,-0.07092635,-0.1537031,-0.15684614,-0.18733518,-0.15408076,-0.12980956,-0.12334781,-0.14100276,-0.1542963,-0.114095174,-0.25318068,-0.26654312,-0.12899978,-0.10945694,-0.15428728,-0.09238048,-0.20963459,-0.15433735,-0.15754002,-0.12928993,-0.1542655,-0.16015086,-0.1553517,-0.15434176,-0.19704957,-0.20616047,-0.12869549,-0.10460003,-0.11361031,-0.10256614,-0.15433426,-0.19495486,-0.15430993,-0.12920187,-0.15417963,-0.041086134,-0.12967405,-0.15434049,-0.2300741,-0.15431929,-0.10384405,-0.1529039,-0.0784167,-0.15419783,-0.12766197,-0.15421776,-0.121451,-0.075820275,-0.09192432,-0.101488546,-0.1540724,-0.15752916,-0.12378413,-0.15417886,-0.1410757,-0.13984437,-0.18093297,-0.15434295,-0.25777104,-0.12844054,-0.15425095,-0.13462572,-0.119081676,-0.1543135,-0.1576201,-0.15762174,-0.15762287,-0.19755594,-0.25103784,-0.20219928,-0.19465852,-0.24831252,-0.20506537,-0.22091979,-0.15432799,-0.12950543,-0.11956477,-0.1543231,-0.15761647,-0.20931396,-0.18224281,-0.15431419,-0.32474133,-0.15434107,-0.1576255,-0.15762442,-0.15762404,-0.2185038,-0.15431342,-0.114121355,-0.15431666,-0.15761043,-0.15761667,-0.22984435,-0.1543348,-0.15759896,-0.08963354,-0.15423375,-0.15757664,-0.1575944,-0.1575956,-0.13302092,-0.1051107,-0.14014931,-0.15141064,-0.15839578,-0.15615125,-0.14613561,-0.15433118,-0.12319561,-0.12989455,-0.15429577,-0.15762532,-0.15762486,-0.15762486,-0.15762535,-0.38518023,-0.11451449,-0.15430304,-0.15564899,-0.14443555,-0.16636807,-0.15433648,-0.15754914,-0.12993515,-0.047159404,-0.14849617,-0.14016809,-0.14106366,-0.15419407,-0.19987361,-0.1649412,-0.17166539,-0.15431456,-0.15758353,-0.12722544,-0.14610182,-0.2588673,-0.12968193,-0.15421532,-0.09132757,-0.12832497,-0.13684332,-0.16221203,-0.15659244,-0.12905322,-0.15408644,-0.157532,-0.15758032,-0.15761353,-0.15740095,-0.19795567,-0.15106063,-0.07294749,-0.2039893,-0.15430377,-0.15757872,-0.104459345,-0.15392008,-0.17466888,-0.13176009,-0.15431084,-0.15109587,-0.10913184,-0.15414767,-0.05825615,-0.14326635,-0.17082691,-0.1542507,-0.18883844,-0.15434219,-0.31316653,-0.15433262,-0.16808087,-0.14331596,-0.1543346,-0.15762195,-0.25088155,-0.15434256,-0.22115314,-0.07562123,-0.086852394,-0.10702289,-0.060967896,-0.14777246,-0.16796505,-0.15746465,-0.22133875,-0.12812386,-0.0969081,-0.16398169,-0.12716047,-0.11335766,-0.18846886,-0.12988664,-0.17755464,-0.0994983,-0.115196005,-0.15425172,-0.11662802,-0.19749595,-0.14526704,-0.12781724,-0.096878245,-0.15425141,-0.15742905,-0.12434345,-0.11230643,-0.063823454,-0.15418182,-0.11419349,-0.10007019,-0.24483351,-0.15434307,-0.15761381,-0.16344379,-0.1759062,-0.12524253,-0.15432854,-0.0782174,-0.19187105,-0.18185812,-0.09859173,-0.11065883,-0.15400538,-0.15730399,-0.083404,-0.1213824,-0.13072303,-0.13855581,-0.19385117,-0.15430635,-0.15761884,-0.19487974,-0.23847799,-0.2432746,-0.12954202,-0.15413934,-0.15759051,-0.14520228,-0.2961179,-0.15434234,-0.19813283,-0.12978612,-0.15427896,-0.060104962,-0.15931924,-0.1543406,-0.2028091,-0.2868003,-0.11816878,-0.14795661,-0.10060286,-0.15418655,-0.13614628,-0.20725825,-0.17393659,-0.125103,-0.15657571,-0.15690626,-0.1543392,-0.15762123,-0.16221246,-0.22200036,-0.12995973,-0.2814266,-0.15434347,-0.1915083,-0.24371436,-0.16952515,-0.154257,-0.13369927,-0.12557748,-0.15433611,-0.18106565,-0.15434323,-0.18642783,-0.1542874,-0.30462334,-0.15423308,-0.14691104,-0.13029914,-0.15433037,-0.15760899,-0.18915205,-0.12987915,-0.15433533,-0.10481856,-0.1650517,-0.15433319,-0.15762325,-0.15759452,-0.12944302,-0.15423852,-0.15758964,-0.15758051,-0.15759206,-0.15760006,-0.16505513,-0.17392421,-0.1543287,-0.15761608,-0.15760607,-0.15761662,-0.2025511,-0.15354379,-0.14723541,-0.15334451,-0.11499533,-0.10471026,-0.11893196,-0.1543323,-0.15754613,-0.12983769,-0.19501048,-0.15434009,-0.18738703,-0.11705899,-0.17429145,-0.15433055,-0.06652963,-0.1540867,-0.10737923,-0.124497145,-0.15298569,-0.052188452,-0.26007295
k__Bacteria|p__Firmicutes|c__CFGB76238|o__OFGB76238|f__FGB76238|g__GGB3478|s__GGB3478_SGB14857,-0.1004395,-0.12316422,-0.15437955,-0.15771021,-0.15771046,-0.23867357,-0.1666669,-0.16813041,-0.10929718,-0.22895765,-0.23728925,-0.15438421,-0.22850217,-0.3768707,-0.08556121,-0.15399124,-0.058144663,-0.1538662,-0.15764976,-0.19931981,-0.1978925,-0.1294679,-0.15434992,-0.12711628,-0.20043859,-0.11658599,-0.182019,-0.25032333,-0.1509206,-0.1543546,-0.15142563,-0.10844302,-0.18249588,-0.28454733,-0.15437135,-0.12964344,-0.15438187,-0.22338755,-0.15438457,-0.29867563,-0.15438461,-0.29356226,-0.12899914,-0.15424031,-0.13691942,-0.15437923,-0.23188588,-0.24781659,-0.1296162,-0.12964901,-0.24679694,-0.18279888,-0.25087595,-0.26027086,-0.28621647,-0.27511892,-0.11894142,-0.1543004,-0.040142577,-0.056944285,-0.15367834,-0.11274739,-0.13743341,-0.12954116,-0.1543634,-0.15770592,-0.15771025,-0.15771088,-0.27573854,-0.15434593,-0.1295425,-0.16243835,-0.12334165,-0.14074792,-0.15435141,-0.15887658,-0.14481027,-0.12962905,-0.18691605,-0.14998752,-0.1543729,-0.15768966,-0.15770052,-0.15763602,-0.120334074,-0.13700745,-0.08858878,-0.15436715,-0.19008024,-0.15437797,-0.2004665,-0.11139822,-0.1388583,-0.13027036,-0.1074974,-0.15152657,-0.15428469,-0.15740941,-0.10065024,-0.08152827,-0.09427856,-0.15433255,-0.11960925,-0.15027548,-0.16982608,-0.1185138,-0.15434855,-0.15770435,-0.17738779,-0.15176103,-0.15438071,-0.25953975,-0.17989698,-0.13525523,-0.15437803,-0.15095688,-0.17780018,-0.2009549,-0.15435794,-0.09015879,-0.1540949,-0.12151222,-0.121854745,-0.13997786,-0.21433522,-0.13908121,-0.16057305,-0.15430912,-0.07092635,-0.15377213,-0.15695503,-0.18733518,-0.15412858,-0.12953222,-0.12334781,-0.14100276,-0.15433884,-0.114095174,-0.25318068,-0.26654312,-0.12884235,-0.10945694,-0.15433037,-0.09238048,-0.20963459,-0.15437824,-0.15762767,-0.12908506,-0.15430912,-0.16015086,-0.1553517,-0.15438244,-0.19704957,-0.20616047,-0.12857403,-0.10460003,-0.11361031,-0.10256614,-0.15437528,-0.19495486,-0.1543521,-0.12901719,-0.15422776,-0.041086134,-0.12967405,-0.15438119,-0.2300741,-0.15436065,-0.10384405,-0.15301374,-0.0784167,-0.15424451,-0.12766197,-0.1542638,-0.121451,-0.075820275,-0.09192432,-0.101488546,-0.15412578,-0.15761963,-0.12378413,-0.15422988,-0.1410757,-0.13984437,-0.18093297,-0.1543836,-0.25777104,-0.12844054,-0.1542963,-0.13462572,-0.119081676,-0.15435553,-0.15770638,-0.15770794,-0.15770902,-0.19755594,-0.25103784,-0.20219928,-0.19465852,-0.24831252,-0.20506537,-0.22091979,-0.15436912,-0.12927109,-0.11956477,-0.15436462,-0.15770286,-0.20931396,-0.18224281,-0.154356,-0.32474133,-0.15438181,-0.15771155,-0.15771052,-0.15771016,-0.2185038,-0.15435532,-0.114121355,-0.15435816,-0.15769689,-0.15770307,-0.22984435,-0.15437584,-0.15768611,-0.08963354,-0.15427884,-0.15766498,-0.15768155,-0.15768306,-0.13302092,-0.1051107,-0.14014931,-0.15141064,-0.15839578,-0.15615125,-0.14613561,-0.15437238,-0.12319561,-0.12960249,-0.15433791,-0.15771137,-0.15771092,-0.15771094,-0.15771142,-0.38518023,-0.11451449,-0.15434523,-0.15564899,-0.14443555,-0.16636807,-0.15437733,-0.15763715,-0.12993515,-0.047159404,-0.148707,-0.14016809,-0.14106366,-0.15424028,-0.19987361,-0.1649412,-0.17166539,-0.15435642,-0.15767165,-0.12722544,-0.14610182,-0.2588673,-0.12942387,-0.15426214,-0.09132757,-0.12832497,-0.13684332,-0.16221203,-0.15659244,-0.12890041,-0.15413806,-0.15762219,-0.15766832,-0.15770009,-0.15740095,-0.19795567,-0.15106063,-0.07294749,-0.2039893,-0.15434584,-0.1576671,-0.104459345,-0.15402666,-0.17466888,-0.13176009,-0.154353,-0.15109587,-0.10913184,-0.1541976,-0.05825615,-0.14326635,-0.17082691,-0.15429479,-0.18883844,-0.15438284,-0.31316653,-0.1543735,-0.16808087,-0.14331596,-0.15437558,-0.15770811,-0.25088155,-0.1543832,-0.22115314,-0.07562123,-0.086852394,-0.10702289,-0.060967896,-0.14801782,-0.16796505,-0.15746465,-0.22133875,-0.12812386,-0.0969081,-0.16398169,-0.12716047,-0.11335766,-0.18846886,-0.12959664,-0.17755464,-0.0994983,-0.115196005,-0.15429603,-0.11662802,-0.19749595,-0.14526704,-0.12781724,-0.096878245,-0.1542965,-0.15752405,-0.12434345,-0.11230643,-0.063823454,-0.15422985,-0.11419349,-0.10007019,-0.24483351,-0.15438372,-0.15770015,-0.16344379,-0.1759062,-0.12524253,-0.1543698,-0.0782174,-0.19187105,-0.18185812,-0.09859173,-0.11065883,-0.15406144,-0.15740412,-0.083404,-0.1213824,-0.13072303,-0.13855581,-0.19385117,-0.15434822,-0.15770516,-0.19487974,-0.23847799,-0.2432746,-0.12928924,-0.15418884,-0.15767784,-0.14520228,-0.2961179,-0.154383,-0.19813283,-0.12950975,-0.15432212,-0.060104962,-0.15931924,-0.1543813,-0.2028091,-0.2868003,-0.11816878,-0.14795661,-0.10060286,-0.15423307,-0.13614628,-0.20725825,-0.17393659,-0.125103,-0.15657571,-0.15690626,-0.15438,-0.15770747,-0.16221246,-0.22200036,-0.12966321,-0.2814266,-0.1543841,-0.1915083,-0.24371436,-0.16952515,-0.15430066,-0.13369927,-0.12557748,-0.15437698,-0.18106565,-0.15438387,-0.18642783,-0.15432963,-0.30462334,-0.1542773,-0.14691104,-0.13029914,-0.15437151,-0.15769574,-0.18915205,-0.12958959,-0.1543763,-0.10481856,-0.1650517,-0.15437415,-0.15770939,-0.15768135,-0.12921461,-0.1542839,-0.15767692,-0.1576683,-0.15767927,-0.15768722,-0.16505513,-0.17392421,-0.15436986,-0.15770254,-0.15769286,-0.15770304,-0.2025511,-0.15354379,-0.14723541,-0.15341476,-0.11499533,-0.10471026,-0.11893196,-0.15437335,-0.1576347,-0.1295521,-0.19501048,-0.1543808,-0.18738703,-0.11705899,-0.17429145,-0.15437163,-0.06652963,-0.15413997,-0.10737923,-0.124497145,-0.15298569,-0.052188452,-0.26007295
k__Bacteria|p__Firmicutes|c__Clostridia|o__Eubacteriales|f__Oscillospiraceae|g__Oscillospiraceae_unclassified|s__Eubacterium_siraeum,-0.1004395,-0.12316422,-0.15526818,-0.1585763,-0.15857653,-0.23867357,-0.1666669,-0.16813041,-0.10929718,-0.22895765,-0.23728925,-0.15527254,-0.22850217,-0.3768707,-0.08556121,-0.15490891,-0.058144663,-0.15479124,-0.15851992,-0.19931981,-0.1978925,-0.1305346,-0.15524057,-0.12711628,-0.20043859,-0.11658599,-0.182019,-0.25032333,-0.1509206,-0.15524489,-0.15142563,-0.10844302,-0.18249588,-0.28454733,-0.15526041,-0.13069916,-0.15527038,-0.22338755,-0.15527287,-0.29867563,-0.15527293,-0.29356226,-0.13008852,-0.1551382,-0.13691942,-0.1552679,-0.23188588,-0.24781659,-0.1296162,-0.13070458,-0.24679694,-0.18279888,-0.25087595,-0.26027086,-0.28621647,-0.27511892,-0.11894142,-0.15519442,-0.040142577,-0.056944285,-0.1546158,-0.11274739,-0.13743341,-0.1306045,-0.15525316,-0.15857232,-0.15857634,-0.15857692,-0.27573854,-0.15523694,-0.13060415,-0.16243835,-0.12334165,-0.14074792,-0.15524203,-0.15887658,-0.14481027,-0.13068555,-0.18691605,-0.14998752,-0.15526201,-0.15855716,-0.15856728,-0.15850626,-0.120334074,-0.13700745,-0.08858878,-0.15525666,-0.19008024,-0.15526673,-0.2004665,-0.11139822,-0.1388583,-0.13027036,-0.1074974,-0.15152657,-0.15518005,-0.15830071,-0.10065024,-0.08152827,-0.09427856,-0.15522441,-0.11960925,-0.15027548,-0.16982608,-0.1185138,-0.15523925,-0.15857083,-0.17738779,-0.15176103,-0.1552693,-0.25953975,-0.17989698,-0.13525523,-0.15526679,-0.15095688,-0.17780018,-0.2009549,-0.15524775,-0.09015879,-0.15500341,-0.12151222,-0.121854745,-0.13997786,-0.21433522,-0.13908121,-0.16057305,-0.15520261,-0.07092635,-0.154703,-0.1578733,-0.18733518,-0.15503383,-0.13059491,-0.12334781,-0.14100276,-0.15523034,-0.114095174,-0.25318068,-0.26654312,-0.12995517,-0.10945694,-0.15522242,-0.09238048,-0.20963459,-0.15526699,-0.15849827,-0.13017285,-0.1552026,-0.16015086,-0.1553517,-0.15527087,-0.19704957,-0.20616047,-0.12967867,-0.10460003,-0.11361031,-0.10256614,-0.15526426,-0.19495486,-0.1552423,-0.13011618,-0.15512708,-0.041086134,-0.12967405,-0.15526974,-0.2300741,-0.15525022,-0.10384405,-0.15400341,-0.0784167,-0.15514244,-0.12766197,-0.15516055,-0.121451,-0.075820275,-0.09192432,-0.101488546,-0.1550323,-0.15849204,-0.12378413,-0.15512657,-0.1410757,-0.13984437,-0.18093297,-0.15527198,-0.25777104,-0.12844054,-0.15518948,-0.13462572,-0.119081676,-0.15524587,-0.15857272,-0.1585742,-0.15857518,-0.19755594,-0.25103784,-0.20219928,-0.19465852,-0.24831252,-0.20506537,-0.22091979,-0.15525836,-0.13035306,-0.11956477,-0.15525427,-0.15856943,-0.20931396,-0.18224281,-0.1552459,-0.32474133,-0.1552703,-0.15857756,-0.15857658,-0.15857625,-0.2185038,-0.1552449,-0.114121355,-0.15524822,-0.15856387,-0.15856962,-0.22984435,-0.15526474,-0.1585531,-0.08963354,-0.15517429,-0.1585342,-0.15854958,-0.15855105,-0.13302092,-0.1051107,-0.14014931,-0.15141064,-0.15839578,-0.15615125,-0.14613561,-0.15526152,-0.12319561,-0.13066085,-0.15522943,-0.15857738,-0.15857697,-0.15857698,-0.15857743,-0.38518023,-0.11451449,-0.15523624,-0.15564899,-0.14443555,-0.16636807,-0.15526614,-0.1585076,-0.12993515,-0.047159404,-0.14999306,-0.14016809,-0.14106366,-0.15513863,-0.19987361,-0.1649412,-0.17166539,-0.15524668,-0.15854043,-0.12722544,-0.14610182,-0.2588673,-0.13049543,-0.15515903,-0.09132757,-0.12832497,-0.13684332,-0.16221203,-0.15659244,-0.12999694,-0.15504286,-0.1584943,-0.15853728,-0.15856686,-0.15740095,-0.19795567,-0.15106063,-0.07294749,-0.2039893,-0.15523678,-0.1585362,-0.104459345,-0.15494137,-0.17466888,-0.13176009,-0.15524349,-0.15109587,-0.10913184,-0.15509914,-0.05825615,-0.14326635,-0.17082691,-0.15518928,-0.18883844,-0.15527126,-0.31316653,-0.15526253,-0.16808087,-0.14331596,-0.15526451,-0.15857434,-0.25088155,-0.15527159,-0.22115314,-0.07562123,-0.086852394,-0.10702289,-0.060967896,-0.14934833,-0.16796505,-0.15746465,-0.22133875,-0.12812386,-0.0969081,-0.16398169,-0.12716047,-0.11335766,-0.18846886,-0.13065551,-0.17755464,-0.0994983,-0.115196005,-0.15519045,-0.11662802,-0.19749595,-0.14526704,-0.12781724,-0.096878245,-0.15519086,-0.15840316,-0.12434345,-0.11230643,-0.063823454,-0.15512899,-0.11419349,-0.10007019,-0.24483351,-0.15527207,-0.1585667,-0.16344379,-0.1759062,-0.12524253,-0.15525913,-0.0782174,-0.19187105,-0.18185812,-0.09859173,-0.11065883,-0.15497246,-0.15829168,-0.083404,-0.1213824,-0.13072303,-0.13855581,-0.19385117,-0.15523902,-0.15857159,-0.19487974,-0.23847799,-0.2432746,-0.13036594,-0.15509084,-0.15854615,-0.14520228,-0.2961179,-0.15527143,-0.19813283,-0.13057385,-0.1552147,-0.060104962,-0.15931924,-0.15526983,-0.2028091,-0.2868003,-0.11816878,-0.14795661,-0.10060286,-0.15513183,-0.13614628,-0.20725825,-0.17393659,-0.125103,-0.15657571,-0.15690626,-0.1552686,-0.15857373,-0.16221246,-0.22200036,-0.13071787,-0.2814266,-0.15527242,-0.1915083,-0.24371436,-0.16952515,-0.15519351,-0.13369927,-0.12557748,-0.15526581,-0.18106565,-0.15527222,-0.18642783,-0.15522113,-0.30462334,-0.15517303,-0.14691104,-0.13029914,-0.15526073,-0.15856281,-0.18915205,-0.13064858,-0.15526518,-0.10481856,-0.1650517,-0.15526317,-0.15857553,-0.15854892,-0.13030255,-0.15517925,-0.15854532,-0.1585373,-0.15854749,-0.15855485,-0.16505513,-0.17392421,-0.15525916,-0.15856917,-0.15856016,-0.15856962,-0.2025511,-0.15354379,-0.14723541,-0.15437013,-0.11499533,-0.10471026,-0.11893196,-0.15526244,-0.1585047,-0.13061406,-0.19501048,-0.15526935,-0.18738703,-0.11705899,-0.17429145,-0.15526032,-0.06652963,-0.15504551,-0.10737923,-0.124497145,-0.15298569,-0.052188452,-0.26007295
k__Bacteria|p__Firmicutes|c__Clostridia|o__Eubacteriales|f__Eubacteriaceae|g__Eubacterium|s__Eubacterium_limosum,-0.1004395,-0.12316422,-0.1549721,-0.15833011,-0.15833041,-0.23867357,-0.1666669,-0.16813041,-0.10929718,-0.22895765,-0.23728925,-0.1549773,-0.22850217,-0.3768707,-0.08556121,-0.1545424,-0.058144663,-0.15439945,-0.15826283,-0.19931981,-0.1978925,-0.12983432,-0.1549391,-0.12711628,-0.20043859,-0.11658599,-0.182019,-0.25032333,-0.1509206,-0.15494443,-0.15142563,-0.10844302,-0.18249588,-0.28454733,-0.15496308,-0.130033,-0.15497471,-0.22338755,-0.15497771,-0.29867563,-0.15497777,-0.29356226,-0.129309,-0.15481758,-0.13691942,-0.15497175,-0.23188588,-0.24781659,-0.1296162,-0.13003932,-0.24679694,-0.18279888,-0.25087595,-0.26027086,-0.28621647,-0.27511892,-0.11894142,-0.15488374,-0.040142577,-0.056944285,-0.15419292,4.767769,3.9557123,-0.12991777,-0.15495418,-0.15832534,-0.15833017,-0.15833086,-0.27573854,-0.15493508,-0.12991941,-0.16243835,-0.12334165,-0.14074792,-0.15494078,-0.15887658,-0.14481027,-0.13001662,-0.18691605,-0.14998752,-0.15496469,-0.1583072,-0.15831935,-0.15824941,-0.120334074,-0.13700745,-0.08858878,-0.15495828,-0.19008024,-0.15497035,-0.2004665,-0.11139822,-0.1388583,-0.13027036,-0.1074974,-0.15152657,-0.15486631,-0.15800974,-0.10065024,-0.08152827,-0.09427856,-0.15491968,-0.11960925,-0.15027548,-0.16982608,-0.1185138,-0.15493768,-0.15832359,-0.17738779,-0.15176103,-0.15497342,-0.25953975,-0.17989698,-0.13525523,-0.15497041,-0.15095688,-0.17780018,-0.2009549,-0.15494849,-0.09015879,-0.15465432,-0.12151222,-0.121854745,-0.13997786,-0.21433522,-0.13908121,-0.16057305,-0.15489353,-0.07092635,-0.15429746,-0.15749328,-0.18733518,-0.15469596,-0.12990609,-0.12334781,-0.14100276,-0.15492675,-0.114095174,-0.25318068,-0.26654312,-0.12912631,-0.10945694,-0.15491724,-0.09238048,-0.20963459,-0.15497065,-0.15824005,-0.12940599,-0.1548939,-0.16015086,-0.1553517,-0.15497534,-0.19704957,-0.20616047,-0.12880445,-0.10460003,-0.11361031,-0.10256614,-0.15496735,-0.19495486,-0.15494186,-0.129321,-0.15480319,-0.041086134,-0.12967405,-0.15497397,-0.2300741,-0.15495136,-0.10384405,-0.1534589,-0.0784167,-0.15482184,-0.12766197,-0.15484312,-0.121451,-0.075820275,-0.09192432,-0.101488546,-0.15468895,-0.15822902,-0.12378413,-0.1548107,-0.1410757,-0.13984437,-0.18093297,-0.15497664,-0.25777104,-0.12844054,-0.15488034,-0.13462572,-0.119081676,-0.15494527,-0.15832582,-0.1583276,-0.1583288,-0.19755594,-0.25103784,-0.20219928,-0.19465852,-0.24831252,-0.20506537,-0.22091979,-0.1549606,-0.12961616,-0.11956477,-0.15495546,-0.15832193,-0.20931396,-0.18224281,-0.15494615,-0.32474133,-0.15497461,-0.1583316,-0.15833046,-0.15833005,-0.2185038,-0.15494516,-0.114121355,-0.15494835,-0.15831536,-0.15832219,-0.22984435,-0.15496793,-0.1583032,-0.08963354,-0.15485987,-0.15827957,-0.15829822,-0.15829977,-0.13302092,-0.1051107,-0.14014931,-0.15141064,-0.15839578,-0.15615125,-0.14613561,-0.15496409,-0.12319561,-0.12998731,-0.15492591,-0.15833142,-0.15833092,-0.15833093,-0.15833147,-0.38518023,-0.11451449,-0.1549339,-0.15564899,-0.14443555,-0.16636807,-0.15496966,-0.1582495,-0.12993515,-0.047159404,-0.14868927,-0.14016809,-0.14106366,-0.15481713,-0.19987361,-0.1649412,-0.17166539,-0.1549463,-0.15828696,-0.12722544,-0.14610182,-0.2588673,-0.1297847,-0.15484105,-0.09132757,-0.12832497,-0.13684332,-0.16221203,-0.15659244,-0.12918791,-0.15470302,-0.15823185,-0.1582834,-0.15831885,-0.15740095,-0.19795567,-0.15106063,-0.07294749,-0.2039893,-0.15493464,-0.15828189,-0.104459345,-0.15459111,-0.17466888,-0.13176009,-0.15494241,-0.15109587,-0.10913184,-0.15476935,-0.05825615,-0.14326635,-0.17082691,-0.1548778,-0.18883844,-0.15497579,-0.31316653,-0.15496548,-0.16808087,-0.14331596,-0.1549677,-0.15832779,-0.25088155,-0.15497619,-0.22115314,-0.07562123,-0.086852394,-0.10702289,-0.060967896,-0.14791355,-0.16796505,-0.15746465,-0.22133875,-0.12812386,-0.0969081,-0.16398169,-0.12716047,-0.11335766,-0.18846886,-0.12998058,-0.17755464,-0.0994983,-0.115196005,-0.15487912,-0.11662802,-0.19749595,-0.14526704,-0.12781724,-0.096878245,-0.15487921,-0.1581224,-0.12434345,-0.11230643,-0.063823454,-0.15480527,-0.11419349,-0.10007019,-0.24483351,-0.15497676,-0.15831909,-0.16344379,-0.1759062,-0.12524253,-0.15496123,-0.0782174,-0.19187105,-0.18185812,-0.09859173,-0.11065883,-0.15461743,-0.15798911,-0.083404,-0.1213824,-0.13072303,-0.13855581,-0.19385117,-0.15493733,-0.15832448,-0.19487974,-0.23847799,-0.2432746,-0.12963435,-0.15475956,-0.15829413,-0.14520228,-0.2961179,-0.15497597,-0.19813283,-0.12988134,-0.15490821,-0.060104962,-0.15931924,-0.15497407,-0.2028091,-0.2868003,-0.11816878,-0.14795661,-0.10060286,-0.15480924,-0.13614628,-0.20725825,-0.17393659,-0.125103,-0.15657571,-0.15690626,-0.1549726,-0.15832704,-0.16221246,-0.22200036,-0.13005528,-0.2814266,-0.15497717,-0.1915083,-0.24371436,-0.16952515,-0.15488587,-0.13369927,-0.12557748,-0.15496927,-0.18106565,-0.1549769,-0.18642783,-0.15491718,-0.30462334,-0.15485859,-0.14691104,-0.13029914,-0.15496318,-0.15831396,-0.18915205,-0.12997237,-0.1549685,-0.10481856,-0.1650517,-0.15496615,-0.1583292,-0.15829857,-0.12955277,-0.1548654,-0.15829314,-0.15828344,-0.15829572,-0.15830444,-0.16505513,-0.17392421,-0.15496135,-0.15832156,-0.1583108,-0.15832211,-0.2025511,-0.15354379,-0.14723541,-0.15390229,-0.11499533,-0.10471026,-0.11893196,-0.15496522,-0.1582475,-0.12993048,-0.19501048,-0.15497354,-0.18738703,-0.11705899,-0.17429145,-0.15496355,-0.06652963,-0.15470523,-0.10737923,-0.124497145,-0.15298569,-0.052188452,-0.26007295
k__Bacteria|p__Firmicutes|c__Tissierellia|o__Tissierellales|f__Peptoniphilaceae|g__Lagierella|s__Lagierella_massiliensis,-0.1004395,-0.12316422,-0.15465346,-0.15798075,-0.15798098,-0.23867357,-0.1666669,-0.16813041,-0.10929718,-0.22895765,-0.23728925,-0.15465733,-0.22850217,-0.3768707,-0.08556121,-0.15431973,-0.058144663,-0.15421516,-0.15793025,-0.19931981,-0.1978925,-0.1297829,-0.15462849,-0.12711628,-0.20043859,-0.11658599,-0.182019,-0.25032333,-0.1509206,-0.15463278,-0.15142563,-0.10844302,-0.18249588,-0.28454733,-0.15464665,-0.12994084,-0.15465537,-0.22338755,-0.15465763,-0.29867563,-0.15465769,-0.29356226,-0.12936075,-0.15453821,-0.13691942,-0.15465313,-0.23188588,-0.24781659,-0.1296162,-0.12994592,-0.24679694,-0.18279888,-0.25087595,-0.26027086,-0.28621647,-0.27511892,-0.11894142,-0.15458672,-0.040142577,-0.056944285,-0.15407184,-0.11274739,-0.13743341,-0.12985088,-0.15464012,-0.15797716,-0.15798083,-0.15798134,-0.27573854,-0.15462548,-0.12985206,-0.16243835,-0.12334165,-0.14074792,-0.15462983,-0.15887658,-0.14481027,-0.12992777,-0.18691605,-0.14998752,-0.15464784,-0.15796357,-0.15797278,-0.15791908,-0.120334074,-0.13700745,-0.08858878,-0.154643,-0.19008024,-0.15465209,-0.2004665,-0.11139822,-0.1388583,-0.13027036,-0.1074974,-0.15152657,-0.15457359,-0.15771976,-0.10065024,-0.08152827,-0.09427856,-0.15461378,-0.11960925,-0.15027548,-0.16982608,-0.1185138,-0.15462774,-0.15797584,-0.17738779,-0.15176103,-0.15465444,-0.25953975,-0.17989698,-0.13525523,-0.15465215,-0.15095688,-0.17780018,-0.2009549,-0.15463585,-0.09015879,-0.15441231,-0.12151222,-0.121854745,-0.13997786,-0.21433522,-0.13908121,-0.16057305,-0.15459394,-0.07092635,-0.15414062,-0.15736096,-0.18733518,-0.15444806,-0.12984002,-0.12334781,-0.14100276,-0.15461926,-0.114095174,-0.25318068,-0.26654312,-0.12919524,-0.10945694,-0.15461195,-0.09238048,-0.20963459,-0.15465231,-0.15791377,-0.12942643,-0.15459451,-0.16015086,-0.1553517,-0.15465586,-0.19704957,-0.20616047,-0.12893896,-0.10460003,-0.11361031,-0.10256614,-0.1546498,-0.19495486,-0.15463045,-0.12935638,-0.15452468,-0.041086134,-0.12967405,-0.15465489,-0.2300741,-0.15463793,-0.10384405,-0.1534948,-0.0784167,-0.1545401,-0.12766197,-0.15455604,-0.121451,-0.075820275,-0.09192432,-0.101488546,-0.15443939,-0.15790421,-0.12378413,-0.15452412,-0.1410757,-0.13984437,-0.18093297,-0.15465683,-0.25777104,-0.12844054,-0.1545833,-0.13462572,-0.119081676,-0.15463303,-0.15797755,-0.15797888,-0.15797977,-0.19755594,-0.25103784,-0.20219928,-0.19465852,-0.24831252,-0.20506537,-0.22091979,-0.1546449,-0.12960035,-0.11956477,-0.15464081,-0.15797463,-0.20931396,-0.18224281,-0.15463394,-0.32474133,-0.15465531,-0.15798189,-0.15798101,-0.15798071,-0.2185038,-0.1546332,-0.114121355,-0.15463585,-0.15796994,-0.15797481,-0.22984435,-0.15465023,-0.15796101,-0.08963354,-0.15456915,-0.15794244,-0.15795699,-0.15795772,-0.13302092,-0.1051107,-0.14014931,-0.15141064,-0.15839578,-0.15615125,-0.14613561,-0.15464729,-0.12319561,-0.12990573,-0.15461917,-0.15798175,-0.15798137,-0.15798137,-0.15798178,-0.38518023,-0.11451449,-0.15462476,-0.15564899,-0.14443555,-0.16636807,-0.15465164,-0.15792137,-0.12993515,-0.047159404,-0.14999017,-0.14016809,-0.14106366,-0.15453736,-0.19987361,-0.1649412,-0.17166539,-0.15463395,-0.15794791,-0.12722544,-0.14610182,-0.2588673,-0.12973611,-0.15455398,-0.09132757,-0.12832497,-0.13684332,-0.16221203,-0.15659244,-0.12924288,-0.15445097,-0.15790668,-0.15794545,-0.15797225,-0.15740095,-0.19795567,-0.15106063,-0.07294749,-0.2039893,-0.15462548,-0.15794408,-0.104459345,-0.15432712,-0.17466888,-0.13176009,-0.15463084,-0.15109587,-0.10913184,-0.15449959,-0.05825615,-0.14326635,-0.17082691,-0.15458283,-0.18883844,-0.15465622,-0.31316653,-0.15464866,-0.16808087,-0.14331596,-0.15465009,-0.15797907,-0.25088155,-0.15465653,-0.22115314,-0.07562123,-0.086852394,-0.10702289,-0.060967896,-0.14941281,-0.16796505,-0.15746465,-0.22133875,-0.12812386,-0.0969081,-0.16398169,-0.12716047,-0.11335766,-0.18846886,-0.12989968,-0.17755464,-0.0994983,-0.115196005,-0.15458354,-0.11662802,-0.19749595,-0.14526704,-0.12781724,-0.096878245,-0.15458283,-0.15782377,-0.12434345,-0.11230643,-0.063823454,-0.1545271,-0.11419349,-0.10007019,-0.24483351,-0.15465692,-0.15797262,-0.16344379,-0.1759062,-0.12524253,-0.1546452,-0.0782174,-0.19187105,-0.18185812,-0.09859173,-0.11065883,-0.15438464,-0.15772289,-0.083404,-0.1213824,-0.13072303,-0.13855581,-0.19385117,-0.15462756,-0.15797652,-0.19487974,-0.23847799,-0.2432746,-0.12962356,-0.15449297,-0.1579538,-0.14520228,-0.2961179,-0.15465632,-0.19813283,-0.1298194,-0.15460551,-0.060104962,-0.15931924,-0.15465495,-0.2028091,-0.2868003,-0.11816878,-0.14795661,-0.10060286,-0.15453145,-0.13614628,-0.20725825,-0.17393659,-0.125103,-0.15657571,-0.15690626,-0.15465382,-0.15797845,-0.16221246,-0.22200036,-0.12995812,-0.2814266,-0.15465724,-0.1915083,-0.24371436,-0.16952515,-0.15458831,-0.13369927,-0.12557748,-0.15465134,-0.18106565,-0.15465704,-0.18642783,-0.15461273,-0.30462334,-0.15456906,-0.14691104,-0.13029914,-0.15464674,-0.15796858,-0.18915205,-0.12989326,-0.15465069,-0.10481856,-0.1650517,-0.15464905,-0.15798008,-0.15795732,-0.12954918,-0.15457265,-0.15795323,-0.15794581,-0.15795514,-0.1579614,-0.16505513,-0.17392421,-0.15464541,-0.1579743,-0.15796632,-0.15797475,-0.2025511,-0.15354379,-0.14723541,-0.1538611,-0.11499533,-0.10471026,-0.11893196,-0.15464824,-0.15791854,-0.12985978,-0.19501048,-0.15465456,-0.18738703,-0.11705899,-0.17429145,-0.15464687,-0.06652963,-0.15444961,-0.10737923,-0.124497145,-0.15298569,-0.052188452,-0.26007295
k__Bacteria|p__Firmicutes|c__Tissierellia|o__Tissierellales|f__Peptoniphilaceae|g__Anaerococcus|s__Anaerococcus_prevotii,-0.1004395,-0.12316422,-0.15505898,-0.15835935,-0.15835962,-0.23867357,-0.1666669,-0.16813041,-0.10929718,-0.22895765,-0.23728925,-0.15506364,-0.22850217,-0.3768707,-0.08556121,-0.15465811,-0.058144663,-0.15452701,-0.15829846,-0.19931981,-0.1978925,-0.13035838,-0.15502882,-0.12711628,-0.20043859,-0.11658599,-0.182019,-0.25032333,-0.1509206,-0.15503414,-0.15142563,-0.10844302,-0.18249588,-0.28454733,-0.15505096,-0.13054664,-0.15506129,-0.22338755,-0.15506402,-0.29867563,-0.15506408,-0.29356226,-0.12985776,-0.1549207,-0.13691942,-0.15505856,-0.23188588,-0.24781659,-0.1296162,-0.13055283,-0.24679694,-0.18279888,-0.25087595,-0.26027086,-0.28621647,-0.27511892,-0.11894142,-0.15497844,-0.040142577,-0.056944285,-0.154359,-0.11274739,-0.13743341,-0.13043888,-0.15504298,-0.15835497,-0.15835941,-0.15836003,-0.27573854,-0.15502617,-0.13044071,-0.16243835,-0.12334165,-0.14074792,-0.1550304,-0.15887658,-0.14481027,-0.13053104,-0.18691605,-0.14998752,-0.15505219,-0.1583386,-0.15834975,-0.1582869,-0.120334074,-0.13700745,-0.08858878,-0.15504631,-0.19008024,-0.15505731,-0.2004665,-0.11139822,-0.1388583,-0.13027036,-0.1074974,-0.15152657,-0.1549623,-0.15805694,-0.10065024,-0.08152827,-0.09427856,-0.15501095,-0.11960925,-0.15027548,-0.16982608,-0.1185138,-0.15502807,-0.15835342,-0.17738779,-0.15176103,-0.15506017,-0.25953975,-0.17989698,-0.13525523,-0.15505737,-0.15095688,-0.17780018,-0.2009549,-0.15503848,-0.09015879,-0.1547668,-0.12151222,-0.121854745,-0.13997786,-0.21433522,-0.13908121,-0.16057305,-0.15498692,-0.07092635,-0.15444094,-0.15761715,-0.18733518,-0.15481524,-0.13042712,-0.12334781,-0.14100276,-0.1550176,-0.114095174,-0.25318068,-0.26654312,-0.12967546,-0.10945694,-0.15500873,-0.09238048,-0.20963459,-0.15505758,-0.15828088,-0.12994146,-0.15498796,-0.16015086,-0.1553517,-0.15506187,-0.19704957,-0.20616047,-0.12939693,-0.10460003,-0.11361031,-0.10256614,-0.15505452,-0.19495486,-0.15503153,-0.1298681,-0.1549031,-0.041086134,-0.12967405,-0.15506071,-0.2300741,-0.15504059,-0.10384405,-0.15366518,-0.0784167,-0.15492225,-0.12766197,-0.15494117,-0.121451,-0.075820275,-0.09192432,-0.101488546,-0.15480018,-0.15826657,-0.12378413,-0.1549093,-0.1410757,-0.13984437,-0.18093297,-0.15506303,-0.25777104,-0.12844054,-0.15497655,-0.13462572,-0.119081676,-0.15503414,-0.15835547,-0.15835707,-0.15835816,-0.19755594,-0.25103784,-0.20219928,-0.19465852,-0.24831252,-0.20506537,-0.22091979,-0.15504888,-0.13014126,-0.11956477,-0.15504363,-0.15835196,-0.20931396,-0.18224281,-0.15503593,-0.32474133,-0.15506119,-0.15836069,-0.15835965,-0.15835929,-0.2185038,-0.15503535,-0.114121355,-0.15503788,-0.15834644,-0.15835218,-0.22984435,-0.15505505,-0.15833607,-0.08963354,-0.15495737,-0.15831286,-0.15833077,-0.15833133,-0.13302092,-0.1051107,-0.14014931,-0.15141064,-0.15839578,-0.15615125,-0.14613561,-0.15505147,-0.12319561,-0.13050462,-0.15501785,-0.15836054,-0.1583601,-0.1583601,-0.15836057,-0.38518023,-0.11451449,-0.15502435,-0.15564899,-0.14443555,-0.16636807,-0.15505682,-0.15828891,-0.12993515,-0.047159404,-0.1494658,-0.14016809,-0.14106366,-0.15491894,-0.19987361,-0.1649412,-0.17166539,-0.15503538,-0.15831941,-0.12722544,-0.14610182,-0.2588673,-0.13030365,-0.1549387,-0.09132757,-0.12832497,-0.13684332,-0.16221203,-0.15659244,-0.12974499,-0.15481542,-0.1582698,-0.15831661,-0.15834907,-0.15740095,-0.19795567,-0.15106063,-0.07294749,-0.2039893,-0.15502533,-0.15831478,-0.104459345,-0.15470152,-0.17466888,-0.13176009,-0.15503147,-0.15109587,-0.10913184,-0.15487394,-0.05825615,-0.14326635,-0.17082691,-0.15497388,-0.18883844,-0.15506232,-0.31316653,-0.15505335,-0.16808087,-0.14331596,-0.1550549,-0.15835732,-0.25088155,-0.15506268,-0.22115314,-0.07562123,-0.086852394,-0.10702289,-0.060967896,-0.14877021,-0.16796505,-0.15746465,-0.22133875,-0.12812386,-0.0969081,-0.16398169,-0.12716047,-0.11335766,-0.18846886,-0.13049719,-0.17755464,-0.0994983,-0.115196005,-0.15497461,-0.11662802,-0.19749595,-0.14526704,-0.12781724,-0.096878245,-0.15497336,-0.15816957,-0.12434345,-0.11230643,-0.063823454,-0.15490627,-0.11419349,-0.10007019,-0.24483351,-0.15506312,-0.15834975,-0.16344379,-0.1759062,-0.12524253,-0.15504894,-0.0782174,-0.19187105,-0.18185812,-0.09859173,-0.11065883,-0.15473375,-0.1580477,-0.083404,-0.1213824,-0.13072303,-0.13855581,-0.19385117,-0.15502787,-0.15835422,-0.19487974,-0.23847799,-0.2432746,-0.13017437,-0.15486518,-0.1583269,-0.14520228,-0.2961179,-0.15506244,-0.19813283,-0.1304024,-0.15500128,-0.060104962,-0.15931924,-0.15506077,-0.2028091,-0.2868003,-0.11816878,-0.14795661,-0.10060286,-0.15491208,-0.13614628,-0.20725825,-0.17393659,-0.125103,-0.15657571,-0.15690626,-0.15505943,-0.15835655,-0.16221246,-0.22200036,-0.13056752,-0.2814266,-0.15506354,-0.1915083,-0.24371436,-0.16952515,-0.15498255,-0.13369927,-0.12557748,-0.15505645,-0.18106565,-0.1550633,-0.18642783,-0.15501088,-0.30462334,-0.15495759,-0.14691104,-0.13029914,-0.15505084,-0.1583446,-0.18915205,-0.13048948,-0.15505563,-0.10481856,-0.1650517,-0.15505368,-0.15835854,-0.15833166,-0.13008557,-0.15496115,-0.15832627,-0.15831724,-0.15832853,-0.15833595,-0.16505513,-0.17392421,-0.15504932,-0.15835154,-0.1583419,-0.15835203,-0.2025511,-0.15354379,-0.14723541,-0.15410939,-0.11499533,-0.10471026,-0.11893196,-0.1550527,-0.15828592,-0.13044856,-0.19501048,-0.15506032,-0.18738703,-0.11705899,-0.17429145,-0.15505138,-0.06652963,-0.15481237,-0.10737923,-0.124497145,-0.15298569,-0.052188452,-0.26007295
k__Bacteria|p__Firmicutes|c__Negativicutes|o__Veillonellales|f__Veillonellaceae|g__Veillonella|s__Veillonella_sp_3310,-0.1004395,-0.12316422,-0.15481052,-0.15805942,-0.15805975,-0.23867357,-0.1666669,-0.16813041,-0.10929718,-0.22895765,-0.23728925,-0.15481603,-0.22850217,-0.3768707,-0.08556121,-0.15434664,-0.058144663,-0.15418857,-0.15798774,-0.19931981,-0.1978925,-0.13046831,-0.15477505,-0.12711628,-0.20043859,-0.11658599,-0.182019,-0.25032333,-0.1509206,-0.15478119,-0.15142563,-0.10844302,-0.18249588,-0.28454733,-0.15480106,-0.13068123,-0.15481326,-0.22338755,-0.15481648,-0.29867563,-0.15481654,-0.29356226,-0.12988882,-0.15464728,-0.13691942,-0.15481004,-0.23188588,-0.24781659,-0.1296162,-0.13068831,-0.24679694,-0.18279888,-0.25087595,-0.26027086,-0.28621647,-0.27511892,-0.11894142,-0.15471585,-0.040142577,-0.056944285,-0.15398428,-0.11274739,-0.13743341,-0.1305583,-0.15479162,-0.15805429,-0.1580595,-0.15806022,-0.27573854,-0.1547718,-0.13055968,-0.16243835,-0.12334165,-0.14074792,-0.15477687,-0.15887658,-0.14481027,-0.13066347,-0.18691605,-0.14998752,-0.15480252,-0.15803497,-0.1580481,-0.1579749,-0.120334074,-0.13700745,-0.08858878,-0.15479559,-0.19008024,-0.15480855,-0.2004665,-0.11139822,-0.1388583,-0.13027036,-0.1074974,-0.15152657,-0.15469679,-0.15771303,-0.10065024,-0.08152827,-0.09427856,-0.15475407,-0.11960925,-0.15027548,-0.16982608,-0.1185138,-0.15477404,-0.15805244,-0.17738779,-0.15176103,-0.15481192,-0.25953975,-0.17989698,-0.13525523,-0.15480864,-0.15095688,-0.17780018,-0.2009549,-0.15478641,-0.09015879,-0.15446764,-0.12151222,-0.121854745,-0.13997786,-0.21433522,-0.13908121,-0.16057305,-0.15472588,-0.07092635,-0.1540872,-0.15718219,-0.18733518,-0.15452388,-0.13054486,-0.12334781,-0.14100276,-0.15476179,-0.114095174,-0.25318068,-0.26654312,-0.1297132,-0.10945694,-0.1547514,-0.09238048,-0.20963459,-0.15480888,-0.15796645,-0.13000768,-0.15472719,-0.16015086,-0.1553517,-0.15481395,-0.19704957,-0.20616047,-0.12938501,-0.10460003,-0.11361031,-0.10256614,-0.15480527,-0.19495486,-0.15477844,-0.12992984,-0.15462822,-0.041086134,-0.12967405,-0.15481254,-0.2300741,-0.15478873,3.986729,-0.15318431,-0.0784167,-0.15465002,-0.12766197,-0.15467201,-0.121451,-0.075820275,-0.09192432,-0.101488546,-0.15450647,-0.15795049,-0.12378413,-0.15463783,-0.1410757,-0.13984437,-0.18093297,-0.15481532,-0.25777104,-0.12844054,-0.15471339,-0.13462572,-0.119081676,-0.15478137,-0.15805483,-0.15805674,-0.15805802,-0.19755594,-0.25103784,-0.20219928,-0.19465852,-0.24831252,-0.20506537,-0.22091979,-0.15479854,-0.13023351,-0.11956477,-0.1547925,-0.15805072,-0.20931396,-0.18224281,-0.15478322,-0.32474133,-0.15481314,-0.15806103,-0.15805978,-0.15805934,-0.2185038,-0.1547826,-0.114121355,-0.15478554,-0.15804413,-0.15805097,-0.22984435,-0.15480594,-0.15803158,-0.08963354,-0.15469089,-0.15800473,-0.15802565,-0.15802652,-0.13302092,-0.1051107,-0.14014931,-0.15141064,-0.15839578,-0.15615125,-0.14613561,-0.1548017,-0.12319561,-0.13063261,-0.15476188,-0.15806082,-0.15806031,-0.1580603,-0.15806088,-0.38518023,-0.11451449,-0.15476972,-0.15564899,-0.14443555,-0.16636807,-0.15480797,-0.15797581,-0.12993515,-0.047159404,-0.14820528,-0.14016809,-0.14106366,-0.15464535,-0.19987361,-0.1649412,-0.17166539,-0.15478274,-0.15801252,-0.12722544,-0.14610182,-0.2588673,-0.13041578,-0.15466961,-0.09132757,-0.12832497,-0.13684332,-0.16221203,-0.15659244,-0.1297895,-0.1545245,-0.15795408,-0.15800916,-0.15804732,-0.15740095,-0.19795567,-0.15106063,-0.07294749,-0.2039893,-0.15477082,-0.15800713,-0.104459345,-0.15441063,-0.17466888,-0.13176009,-0.15477818,-0.15109587,-0.10913184,-0.15459391,-0.05825615,-0.14326635,-0.17082691,-0.15471008,-0.18883844,-0.15481445,-0.31316653,-0.15480378,-0.16808087,-0.14331596,-0.15480573,-0.15805702,-0.25088155,-0.15481487,-0.22115314,-0.07562123,-0.086852394,-0.10702289,-0.060967896,-0.14737776,-0.16796505,-0.15746465,-0.22133875,-0.12812386,-0.0969081,-0.16398169,-0.12716047,-0.11335766,-0.18846886,-0.13062489,-0.17755464,-0.0994983,-0.115196005,-0.15471119,-0.11662802,-0.19749595,-0.14526704,-0.12781724,-0.096878245,-0.15471001,-0.15783657,-0.12434345,-0.11230643,-0.063823454,-0.15463147,-0.11419349,-0.10007019,-0.24483351,-0.15481544,-0.15804805,-0.16344379,-0.1759062,-0.12524253,-0.15479872,-0.0782174,-0.19187105,-0.18185812,-0.09859173,-0.11065883,-0.15442884,-0.1576935,-0.083404,-0.1213824,-0.13072303,-0.13855581,-0.19385117,-0.15477377,-0.15805338,-0.19487974,-0.23847799,-0.2432746,-0.1302574,-0.15458277,-0.15802115,-0.14520228,-0.2961179,-0.1548146,-0.19813283,-0.1305198,-0.15474264,-0.060104962,-0.15931924,-0.15481263,-0.2028091,-0.2868003,-0.11816878,-0.14795661,-0.10060286,-0.15463743,-0.13614628,-0.20725825,-0.17393659,-0.125103,-0.15657571,-0.15690626,-0.15481104,-0.15805614,-0.16221246,-0.22200036,-0.13070545,-0.2814266,-0.15481591,-0.1915083,-0.24371436,-0.16952515,-0.15472023,-0.13369927,-0.12557748,-0.15480751,-0.18106565,-0.15481561,-0.18642783,-0.15475337,-0.30462334,-0.1546907,-0.14691104,-0.13029914,-0.15480095,-0.15804206,-0.18915205,-0.13061568,-0.15480657,-0.10481856,-0.1650517,-0.15480426,-0.15805846,-0.1580267,-0.1301727,-0.15469566,-0.15802038,-0.15800968,-0.15802304,-0.15803188,-0.16505513,-0.17392421,-0.1547991,-0.15805024,-0.15803884,-0.15805082,-0.2025511,-0.15354379,-0.14723541,-0.15368733,-0.11499533,-0.10471026,-0.11893196,-0.15480316,-0.1579728,-0.13056926,-0.19501048,-0.1548121,-0.18738703,-0.11705899,-0.17429145,-0.15480167,-0.06652963,-0.15452269,-0.10737923,-0.124497145,-0.15298569,-0.052188452,-0.26007295
k__Bacteria|p__Firmicutes|c__Clostridia|o__Eubacteriales|f__Lachnospiraceae|g__Lachnospira|s__Lachnospira_sp_NSJ_43,-0.1004395,-0.12316422,-0.15514424,-0.15845004,-0.15845032,-0.23867357,-0.1666669,-0.16813041,-0.10929718,-0.22895765,-0.23728925,-0.1551494,-0.22850217,-0.3768707,-0.08556121,-0.15472186,-0.058144663,-0.1545787,-0.15838352,-0.19931981,-0.1978925,-0.13039672,-0.15511161,-0.12711628,-0.20043859,-0.11658599,-0.182019,-0.25032333,-0.1509206,-0.15511683,-0.15142563,-0.10844302,-0.18249588,-0.28454733,-0.15513529,-0.13059306,-0.15514684,-0.22338755,-0.15514979,-0.29867563,-0.15514986,-0.29356226,-0.12987196,-0.15499128,-0.13691942,-0.1551439,-0.23188588,-0.24781659,-0.1296162,-0.13059933,-0.24679694,-0.18279888,-0.25087595,-0.26027086,-0.28621647,-0.27511892,-0.11894142,-0.15505692,-0.040142577,-0.056944285,-0.15437248,-0.11274739,-0.13743341,-0.13047877,-0.15512651,-0.1584453,-0.1584501,-0.15845078,-0.27573854,-0.15510753,-0.13048068,-0.16243835,-0.12334165,-0.14074792,-0.15511322,-0.15887658,-0.14481027,-0.13057701,-0.18691605,-0.14998752,-0.15513691,-0.15842736,-0.15843938,-0.15837035,-0.120334074,-0.13700745,-0.08858878,-0.15513057,-0.19008024,-0.15514249,-0.2004665,-0.11139822,-0.1388583,-0.13027036,-0.1074974,-0.15152657,-0.15503953,-0.15813413,-0.10065024,-0.08152827,-0.09427856,-0.1550924,-0.11960925,-0.15027548,-0.16982608,-0.1185138,-0.15511021,-0.15844359,-0.17738779,-0.15176103,-0.15514556,-0.25953975,-0.17989698,-0.13525523,-0.15514258,-0.15095688,-0.17780018,-0.2009549,-0.15512079,-0.09015879,-0.15483004,-0.12151222,-0.121854745,-0.13997786,-0.21433522,-0.13908121,-0.16057305,-0.15506653,-0.07092635,-0.15447769,-0.15762106,-0.18733518,-0.15487081,-0.13046743,-0.12334781,-0.14100276,-0.15509939,2.7311354,-0.25318068,-0.26654312,-0.12969443,-0.10945694,-0.15508994,-0.09238048,-0.20963459,-0.15514281,-0.1583603,-0.1299681,-0.15506703,-0.16015086,-0.1553517,-0.15514746,-0.19704957,-0.20616047,-0.12937392,-0.10460003,-0.11361031,-0.10256614,-0.15513955,-0.19495486,-0.15511426,-0.12988329,-0.15497732,-0.041086134,-0.12967405,-0.15514609,-0.2300741,-0.15512359,-0.10384405,-0.15365371,-0.0784167,-0.15499589,-0.12766197,-0.15501666,-0.121451,-0.075820275,-0.09192432,-0.101488546,-0.15486437,-0.15835008,-0.12378413,-0.15498635,-0.1410757,-0.13984437,-0.18093297,-0.15514873,-0.25777104,-0.12844054,-0.1550533,-0.13462572,-0.119081676,-0.15511769,-0.15844579,-0.15844753,-0.15844873,-0.19755594,-0.25103784,-0.20219928,-0.19465852,-0.24831252,-0.20506537,-0.22091979,-0.15513285,-0.13017768,-0.11956477,-0.15512776,-0.15844193,-0.20931396,-0.18224281,-0.15511858,-0.32474133,-0.15514675,-0.15845153,-0.15845037,-0.15844998,-0.2185038,-0.15511781,-0.114121355,-0.15512076,-0.15843542,-0.15844217,-0.22984435,-0.15514013,-0.1584236,-0.08963354,-0.15503335,-0.15840001,-0.15841846,-0.15842001,-0.13302092,-0.1051107,-0.14014931,-0.15141064,-0.15839578,-0.15615125,-0.14613561,-0.15513633,-0.12319561,-0.1305477,-0.15509847,-0.15845132,-0.15845084,-0.15845084,-0.15845138,-0.38518023,-0.11451449,-0.15510643,-0.15564899,-0.14443555,-0.16636807,-0.15514183,-0.15837005,-0.12993515,-0.047159404,-0.14892206,-0.14016809,-0.14106366,-0.15499078,-0.19987361,-0.1649412,-0.17166539,-0.15511872,-0.15840733,-0.12722544,-0.14610182,-0.2588673,-0.13034856,-0.15501472,-0.09132757,-0.12832497,-0.13684332,-0.16221203,-0.15659244,-0.12974836,-0.15487862,-0.15835287,-0.15840381,-0.15843888,-0.15740095,-0.19795567,-0.15106063,-0.07294749,-0.2039893,-0.15510714,-0.15840234,-0.104459345,-0.1547598,-0.17466888,-0.13176009,-0.15511486,-0.15109587,-0.10913184,-0.15494408,-0.05825615,-0.14326635,-0.17082691,-0.15505084,-0.18883844,-0.15514791,-0.31316653,-0.15513769,-0.16808087,-0.14331596,-0.15513988,-0.15844774,-0.25088155,-0.1551483,-0.22115314,-0.07562123,-0.086852394,-0.10702289,-0.060967896,-0.14815176,-0.16796505,-0.15746465,-0.22133875,-0.12812386,-0.0969081,-0.16398169,-0.12716047,-0.11335766,-0.18846886,-0.13054112,-0.17755464,-0.0994983,-0.115196005,-0.15505221,-0.11662802,-0.19749595,-0.14526704,-0.12781724,-0.096878245,-0.15505242,-0.15824462,-0.12434345,-0.11230643,-0.063823454,-0.15497953,-0.11419349,-0.10007019,-0.24483351,-0.15514883,-0.15843907,-0.16344379,-0.1759062,-0.12524253,-0.15513347,-0.0782174,-0.19187105,-0.18185812,-0.09859173,-0.11065883,-0.1547934,-0.15811273,-0.083404,-0.1213824,-0.13072303,-0.13855581,-0.19385117,-0.1551098,-0.15844446,-0.19487974,-0.23847799,-0.2432746,-0.13019519,-0.15493399,-0.15841442,-0.14520228,-0.2961179,-0.15514809,-0.19813283,-0.13044345,-0.15508105,-0.060104962,-0.15931924,-0.15514621,-0.2028091,-0.2868003,-0.11816878,-0.14795661,-0.10060286,-0.15498301,-0.13614628,-0.20725825,-0.17393659,-0.125103,-0.15657571,-0.15690626,-0.15514475,-0.158447,-0.16221246,-0.22200036,-0.13061512,-0.2814266,-0.15514928,-0.1915083,-0.24371436,-0.16952515,-0.15505874,-0.13369927,-0.12557748,-0.15514144,-0.18106565,-0.15514901,-0.18642783,-0.15508987,-0.30462334,-0.1550318,-0.14691104,-0.13029914,-0.1551354,-0.15843403,-0.18915205,-0.13053316,-0.15514068,-0.10481856,-0.1650517,-0.15513834,-0.15844914,-0.15841874,-0.13011491,-0.15503868,-0.15841343,-0.15840387,-0.158416,-0.15842468,-0.16505513,-0.17392421,-0.1551336,-0.15844157,-0.1584309,-0.15844211,-0.2025511,-0.15354379,-0.14723541,-0.15408425,-0.11499533,-0.10471026,-0.11893196,-0.15513745,-0.15836826,-0.13049191,-0.19501048,-0.15514567,-0.18738703,-0.11705899,-0.17429145,-0.15513575,-0.06652963,-0.15488091,-0.10737923,-0.124497145,-0.15298569,-0.052188452,-0.26007295
k__Bacteria|p__Firmicutes|c__CFGB3012|o__OFGB3012|f__FGB3012|g__GGB9480|s__GGB9480_SGB14875,-0.1004395,-0.12316422,-0.15425801,-0.157581,-0.15758127,-0.23867357,-0.1666669,-0.16813041,-0.10929718,-0.22895765,-0.23728925,-0.15426286,-0.22850217,-0.3768707,-0.08556121,-0.15385419,-0.058144663,-0.15372692,-0.15751852,-0.19931981,-0.1978925,-0.12939754,-0.15422739,-0.12711628,-0.20043859,-0.11658599,-0.182019,-0.25032333,-0.1509206,-0.15423225,-0.15142563,-0.10844302,-0.18249588,-0.28454733,-0.15424943,-0.12957908,-0.15426046,-0.22338755,-0.15426323,-0.29867563,-0.15426327,-0.29356226,-0.12890306,-0.15411401,-0.13691942,-0.15425768,-0.23188588,-0.24781659,-0.1296162,-0.12958494,-0.24679694,-0.18279888,-0.25087595,-0.26027086,-0.28621647,-0.27511892,-0.11894142,-0.15417625,-0.040142577,-0.056944285,-0.15353425,-0.11274739,-0.13743341,-0.12947395,-0.15424135,-0.15757656,-0.15758103,-0.15758169,-0.27573854,-0.15422332,-0.12947442,-0.16243835,-0.12334165,-0.14074792,-0.15422897,-0.15887658,-0.14481027,-0.12956409,-0.18691605,-0.14998752,-0.15425116,-0.15755978,-0.15757102,-0.15750377,-0.120334074,-0.13700745,-0.08858878,-0.1542452,-0.19008024,-0.15425637,-0.2004665,-0.11139822,-0.1388583,-0.13027036,-0.1074974,-0.15152657,-0.15416008,-0.15726444,-0.10065024,-0.08152827,-0.09427856,-0.15420946,-0.11960925,-0.15027548,-0.16982608,-0.1185138,-0.154226,-0.15757495,-0.17738779,-0.15176103,-0.15425925,-0.25953975,-0.17989698,-0.13525523,-0.15425645,-0.15095688,-0.17780018,-0.2009549,-0.15423553,-0.09015879,-0.15396377,-0.12151222,-0.121854745,-0.13997786,-0.21433522,-0.13908121,-0.16057305,-0.15418527,-0.07092635,-0.15362942,-0.156802,-0.18733518,-0.15399902,-0.1294631,-0.12334781,-0.14100276,-0.15421602,-0.114095174,-0.25318068,-0.26654312,-0.12875675,-0.10945694,-0.15420717,-0.09238048,-0.20963459,-0.15425667,-0.15749538,-0.12899859,-0.15418522,-0.16015086,-0.1553517,-0.15426102,-0.19704957,-0.20616047,-0.128473,-0.10460003,-0.11361031,-0.10256614,-0.15425363,-0.19495486,-0.15422948,-0.1289342,-0.15410104,-0.041086134,-0.12967405,-0.15425974,-0.2300741,-0.15423837,-0.10384405,-0.15284297,-0.0784167,-0.15411854,-0.12766197,-0.1541384,-0.121451,-0.075820275,-0.09192432,-0.101488546,-0.15399578,-0.15748738,-0.12378413,-0.15409997,-0.1410757,-0.13984437,-0.18093297,-0.15426223,-0.25777104,-0.12844054,-0.15417176,-0.13462572,-0.119081676,-0.15423322,-0.15757701,-0.15757868,-0.15757978,-0.19755594,-0.25103784,-0.20219928,-0.19465852,-0.24831252,-0.20506537,-0.22091979,-0.15424722,-0.12919565,-0.11956477,-0.1542426,-0.1575734,-0.20931396,-0.18224281,-0.1542334,-0.32474133,-0.15426037,-0.15758237,-0.1575813,-0.15758094,-0.2185038,-0.15423287,-0.114121355,-0.15423596,-0.15756723,-0.15757358,-0.22984435,-0.1542542,-0.15755583,-0.08963354,-0.15415396,-0.15753427,-0.15755141,-0.15755293,-0.13302092,-0.1051107,-0.14014931,-0.15141064,-0.15839578,-0.15615125,-0.14613561,-0.15425062,-0.12319561,-0.12953664,-0.15421507,-0.1575822,-0.15758175,-0.15758175,-0.15758225,-0.38518023,-0.11451449,-0.15422258,-0.15564899,-0.14443555,-0.16636807,-0.15425575,-0.15750542,-0.12993515,-0.047159404,-0.14840437,-0.14016809,-0.14106366,-0.15411425,-0.19987361,-0.1649412,-0.17166539,-0.15423414,-0.15754113,-0.12722544,-0.14610182,-0.2588673,-0.12935452,-0.15413667,-0.09132757,-0.12832497,-0.13684332,-0.16221203,-0.15659244,-0.12881619,-0.15400869,-0.15749007,-0.1575377,-0.15757054,-0.15740095,-0.19795567,-0.15106063,-0.07294749,-0.2039893,-0.15422323,-0.15753649,-0.104459345,-0.15389077,-0.17466888,-0.13176009,-0.15423056,-0.15109587,-0.10913184,-0.15406986,-0.05825615,-0.14326635,-0.17082691,-0.1541705,-0.18883844,-0.15426144,-0.31316653,-0.15425181,-0.16808087,-0.14331596,-0.15425391,-0.15757883,-0.25088155,-0.1542618,-0.22115314,-0.07562123,-0.086852394,-0.10702289,3.702583,-0.14769414,-0.16796505,-0.15746465,-0.22133875,-0.12812386,-0.0969081,-0.16398169,-0.12716047,-0.11335766,-0.18846886,-0.12953064,-0.17755464,-0.0994983,-0.115196005,-0.15417176,-0.11662802,-0.19749595,-0.14526704,-0.12781724,-0.096878245,-0.15417215,-0.1573887,-0.12434345,-0.11230643,-0.063823454,-0.15410331,-0.11419349,-0.10007019,-0.24483351,-0.15426233,-0.15757051,-0.16344379,-0.1759062,-0.12524253,-0.15424795,-0.0782174,-0.19187105,-0.18185812,-0.09859173,-0.11065883,-0.15392923,-0.15726462,-0.083404,-0.1213824,-0.13072303,-0.13855581,-0.19385117,-0.1542257,-0.15757579,-0.19487974,-0.23847799,-0.2432746,-0.12921421,-0.15406099,-0.1575476,-0.14520228,-0.2961179,-0.15426159,-0.19813283,-0.1294414,-0.15419874,-0.060104962,-0.15931924,-0.15425986,-0.2028091,-0.2868003,-0.11816878,-0.14795661,-0.10060286,-0.15410675,-0.13614628,-0.20725825,-0.17393659,-0.125103,-0.15657571,-0.15690626,-0.15425849,-0.15757817,-0.16221246,-0.22200036,-0.12959965,-0.2814266,-0.15426272,-0.1915083,-0.24371436,-0.16952515,-0.1541757,-0.13369927,-0.12557748,-0.15425539,-0.18106565,-0.15426248,-0.18642783,-0.15420619,-0.30462334,-0.15415251,-0.14691104,-0.13029914,-0.15424976,-0.15756604,-0.18915205,-0.12952322,-0.15425467,-0.10481856,-0.1650517,-0.15425247,-0.15758014,-0.15755099,-0.12914215,-0.15415919,-0.15754664,-0.15753774,-0.15754905,-0.15755723,-0.16505513,-0.17392421,-0.15424803,-0.15757307,-0.15756309,-0.15757358,-0.2025511,-0.15354379,-0.14723541,-0.1532628,-0.11499533,-0.10471026,-0.11893196,-0.15425165,-0.1575023,-0.12948446,-0.19501048,-0.15425932,-0.18738703,-0.11705899,-0.17429145,-0.15424968,-0.06652963,-0.15401,-0.10737923,-0.124497145,-0.15298569,-0.052188452,-0.26007295
k__Bacteria|p__Firmicutes|c__CFGB14224|o__OFGB14224|f__FGB14224|g__GGB38873|s__GGB38873_SGB47522,-0.1004395,-0.12316422,-0.15392655,-0.15720707,-0.15720741,-0.23867357,-0.1666669,-0.16813041,-0.10929718,-0.22895765,-0.23728925,-0.15393275,-0.22850217,-0.3768707,-0.08556121,-0.15341201,-0.058144663,-0.15324628,-0.15712696,-0.19931981,-0.1978925,-0.12932087,-0.1538873,-0.12711628,-0.20043859,-0.11658599,-0.182019,-0.25032333,-0.1509206,-0.15389343,-0.15142563,-0.10844302,-0.18249588,-0.28454733,-0.15391529,-0.12956339,-0.15392965,-0.22338755,-0.1539332,-0.29867563,-0.15393329,-0.29356226,-0.12866892,-0.15374154,-0.13691942,-0.15392613,-0.23188588,-0.24781659,-0.1296162,-0.12957096,-0.24679694,-0.18279888,-0.25087595,-0.26027086,-0.28621647,-0.27511892,-0.11894142,-0.15382151,-0.040142577,-0.056944285,-0.15299734,-0.11274739,-0.13743341,-0.12942171,-0.15390512,-0.15720138,-0.15720713,-0.15720797,-0.27573854,-0.1538814,-0.12942454,-0.16243835,-0.12334165,-0.14074792,-0.1538893,-0.15887658,-0.14481027,-0.1295434,-0.18691605,-0.14998752,-0.15391776,-0.15717983,-0.15719423,-0.15710665,-0.120334074,-0.13700745,-0.08858878,-0.15391012,-0.19008024,-0.15392447,-0.2004665,-0.11139822,-0.1388583,-0.13027036,-0.1074974,-0.15152657,-0.15380073,-0.15679282,-0.10065024,-0.08152827,-0.09427856,-0.1538642,-0.11960925,-0.15027548,-0.16982608,-0.1185138,-0.15388545,-0.15719931,-0.17738779,-0.15176103,-0.15392812,-0.25953975,-0.17989698,-0.13525523,-0.15392455,-0.15095688,-0.17780018,-0.2009549,-0.15389723,-0.09015879,-0.15354887,-0.12151222,-0.121854745,-0.13997786,-0.21433522,-0.13908121,-0.16057305,-0.15383315,-0.07092635,-0.15312138,-0.1562056,-0.18733518,-0.15359312,-0.12940463,-0.12334781,-0.14100276,-0.15387264,-0.114095174,-0.25318068,-0.26654312,-0.12844454,-0.10945694,-0.15386134,-0.09238048,-0.20963459,-0.15392484,-0.15709701,-0.12877461,-0.15383326,-0.16015086,-0.1553517,-0.1539304,-0.19704957,-0.20616047,-0.1280885,-0.10460003,-0.11361031,-0.10256614,-0.15392093,-0.19495486,-0.15388939,-0.12868012,-0.15372536,-0.041086134,-0.12967405,-0.15392874,-0.2300741,-0.15390107,-0.10384405,-0.15211621,-0.0784167,-0.15374777,-0.12766197,-0.15377302,-0.121451,-0.075820275,-0.09192432,-0.101488546,-0.15358908,-0.1570869,-0.12378413,-0.15372407,-0.1410757,-0.13984437,-0.18093297,-0.15393195,-0.25777104,-0.12844054,-0.15381463,-0.13462572,-0.119081676,-0.15389472,-0.15720198,-0.15720408,-0.15720549,-0.19755594,-0.25103784,-0.20219928,-0.19465852,-0.24831252,-0.20506537,-0.22091979,-0.15391257,-0.1290321,-0.11956477,-0.15390679,-0.15719733,-0.20931396,-0.18224281,-0.15389477,-0.32474133,-0.15392955,-0.15720886,-0.15720747,-0.157207,-0.2185038,-0.1538943,-0.114121355,-0.15389824,-0.15718937,-0.15719762,-0.22984435,-0.15392163,-0.15717465,-0.08963354,-0.15379298,-0.15714714,-0.15716907,-0.1571711,-0.13302092,-0.1051107,-0.14014931,-0.15141064,-0.15839578,-0.15615125,-0.14613561,-0.15391709,-0.12319561,-0.12950784,-0.15387136,-0.15720862,-0.15720803,-0.15720804,-0.15720868,-0.38518023,-0.11451449,-0.15388107,-0.15564899,-0.14443555,-0.16636807,-0.15392362,-0.15710966,-0.12993515,-0.047159404,-0.1464107,-0.14016809,-0.14106366,-0.15374205,-0.19987361,-0.1649412,-0.17166539,-0.15389591,-0.15715596,-0.12722544,-0.14610182,-0.2588673,-0.12925577,-0.1537705,-0.09132757,-0.12832497,-0.13684332,-0.16221203,-0.15659244,-0.1285262,-0.15360618,-0.1570903,-0.15715155,-0.15719366,-0.15740095,-0.19795567,-0.15106063,-0.07294749,-0.2039893,-0.15388182,-0.15714994,-0.104459345,-0.15343216,-0.17466888,-0.13176009,-0.15389138,-0.15109587,-0.10913184,-0.15368494,-0.05825615,-0.14326635,-0.17082691,-0.15381421,-0.18883844,-0.15393093,-0.31316653,-0.1539185,-0.16808087,-0.14331596,-0.1539213,-0.15720429,-0.25088155,-0.15393141,-0.22115314,-0.07562123,-0.086852394,-0.10702289,-0.060967896,-0.14549273,-0.16796505,-0.15746465,-0.22133875,-0.12812386,-0.0969081,-0.16398169,-0.12716047,-0.11335766,-0.18846886,-0.12949875,4.289378,1.711316,1.8308067,-0.15381578,-0.11662802,-0.19749595,-0.14526704,-0.12781724,-0.096878245,-0.15381648,-0.15695997,-0.12434345,-0.11230643,-0.063823454,-0.15372789,-0.11419349,-0.10007019,-0.24483351,-0.15393206,-0.15719353,-0.16344379,-0.1759062,-0.12524253,-0.15391365,-0.0782174,-0.19187105,-0.18185812,-0.09859173,-0.11065883,-0.15350461,-0.15680106,-0.083404,-0.1213824,-0.13072303,-0.13855581,-0.19385117,-0.153885,-0.15720037,-0.19487974,-0.23847799,-0.2432746,-0.1290828,-0.15367359,-0.15716419,-0.14520228,-0.2961179,-0.15393116,-0.19813283,-0.12937742,-0.15385032,-0.060104962,-0.15931924,-0.1539289,-0.2028091,-0.2868003,-0.11816878,-0.14795661,-0.10060286,-0.15373215,-0.13614628,-0.20725825,-0.17393659,-0.125103,-0.15657571,-0.15690626,-0.15392715,-0.15720344,-0.16221246,-0.22200036,-0.12959006,-0.2814266,-0.15393259,-0.1915083,-0.24371436,-0.16952515,-0.15382014,-0.13369927,-0.12557748,-0.15392315,-0.18106565,-0.15393227,-0.18642783,-0.15385953,-0.30462334,-0.15379101,-0.14691104,-0.13029914,-0.15391593,-0.15718791,-0.18915205,-0.12948973,-0.15392224,-0.10481856,-0.1650517,-0.1539194,-0.15720598,-0.15716818,-0.12897031,-0.15379962,-0.1571629,-0.15715154,-0.15716606,-0.15717658,-0.16505513,-0.17392421,-0.1539137,-0.15719691,-0.15718408,-0.15719756,-0.2025511,-0.15354379,-0.14723541,-0.15264723,-0.11499533,-0.10471026,-0.11893196,-0.15391836,-0.15710568,-0.12943886,-0.19501048,-0.15392822,-0.18738703,-0.11705899,-0.17429145,-0.15391569,-0.06652963,-0.15360841,-0.10737923,-0.124497145,-0.15298569,-0.052188452,-0.26007295
k__Bacteria|p__Firmicutes|c__Bacilli|o__Lactobacillales|f__Lactobacillaceae|g__Lactobacillus|s__Lactobacillus_helveticus,-0.1004395,-0.12316422,-0.15371394,-0.15698391,-0.15698418,-0.23867357,-0.1666669,-0.16813041,-0.10929718,-0.22895765,-0.23728925,-0.15371862,-0.22850217,-0.3768707,-0.08556121,-0.15332931,-0.058144663,-0.15320057,-0.15692335,-0.19931981,-0.1978925,-0.12924868,-0.15368426,-0.12711628,-0.20043859,-0.11658599,-0.182019,-0.25032333,-0.1509206,-0.15368897,-0.15142563,-0.10844302,-0.18249588,-0.28454733,-0.15370569,-0.12942837,-0.1537163,-0.22338755,-0.15371898,-0.29867563,-0.15371905,-0.29356226,-0.1287716,-0.15357466,-0.13691942,-0.15371363,-0.23188588,-0.24781659,-0.1296162,-0.12943417,-0.24679694,-0.18279888,-0.25087595,-0.26027086,-0.28621647,-0.27511892,-0.11894142,-0.1536345,-0.040142577,-0.056944285,-0.15301225,-0.11274739,-0.13743341,-0.12932414,-0.15369779,-0.15697964,-0.15698396,-0.15698458,-0.27573854,-0.15368012,-0.12932551,-0.16243835,-0.12334165,-0.14074792,-0.15368578,-0.15887658,-0.14481027,-0.12941378,-0.18691605,-0.14998752,-0.1537073,-0.15696332,-0.15697423,-0.15691008,-0.120334074,-0.13700745,-0.08858878,-0.15370151,-0.19008024,-0.15371236,-0.2004665,-0.11139822,-0.1388583,-0.13027036,-0.1074974,-0.15152657,-0.15361887,-0.15668869,-0.10065024,-0.08152827,-0.09427856,-0.15366684,-0.11960925,-0.15027548,-0.16982608,-0.1185138,-0.1536829,-0.15697804,-0.17738779,-0.15176103,-0.15371512,-0.25953975,-0.17989698,-0.13525523,-0.15371242,-0.15095688,-0.17780018,-0.2009549,-0.15369226,-0.09015879,-0.15342861,-0.12151222,-0.121854745,-0.13997786,-0.21433522,-0.13908121,-0.16057305,-0.15364334,-0.07092635,-0.15310723,-0.15622881,-0.18733518,-0.15346368,-0.12931392,-0.12334781,-0.14100276,-0.1536732,-0.114095174,-0.25318068,-0.26654312,-0.12860253,-0.10945694,-0.15366465,-0.09238048,-0.20963459,-0.15371263,-0.15690151,-0.12885484,-0.15364361,-0.16015086,-0.1553517,-0.15371686,-0.19704957,-0.20616047,-0.1283138,-0.10460003,-0.11361031,-0.10256614,-0.15370968,-0.19495486,-0.15368639,-0.12878096,-0.1535623,-0.041086134,-0.12967405,-0.15371561,-0.2300741,-0.15369496,-0.10384405,-0.1523532,-0.0784167,-0.15357877,-0.12766197,-0.15359804,-0.121451,-0.075820275,-0.09192432,-0.101488546,-0.15345944,-0.15689313,-0.12378413,-0.15356596,-0.1410757,-0.13984437,-0.18093297,-0.15371802,-0.25777104,-0.12844054,-0.15362996,-0.13462572,-0.119081676,-0.15368986,-0.15698007,-0.15698165,-0.15698272,-0.19755594,-0.25103784,-0.20219928,-0.19465852,-0.24831252,-0.20506537,-0.22091979,-0.15370348,-0.12904863,-0.11956477,-0.15369898,-0.15697655,-0.20931396,-0.18224281,-0.15369025,-0.32474133,-0.1537162,-0.15698525,-0.15698421,-0.15698385,-0.2185038,-0.15368932,-0.114121355,-0.15369251,-0.15697058,-0.15697676,-0.22984435,-0.15371022,-0.15695931,-0.08963354,-0.15361299,-0.15693852,-0.15695521,-0.15695669,-0.13302092,-0.1051107,-0.14014931,-0.15141064,-0.15839578,-0.15615125,-0.14613561,-0.15370679,-0.12319561,-0.12938717,-0.15367228,-0.15698509,-0.15698464,-0.15698464,-0.15698513,-0.38518023,-0.11451449,-0.15367956,-0.15564899,-0.14443555,-0.16636807,-0.15371174,-0.15691061,-0.12993515,-0.047159404,-0.14804956,-0.14016809,-0.14106366,-0.1535745,-0.19987361,-0.1649412,-0.17166539,-0.15369076,-0.15694523,-0.12722544,-0.14610182,-0.2588673,-0.1292037,-0.15359622,-0.09132757,-0.12832497,-0.13684332,-0.16221203,-0.15659244,-0.12864783,-0.15347171,-0.1568956,-0.15694195,-0.15697378,-0.15740095,-0.19795567,-0.15106063,-0.07294749,-0.2039893,-0.15368018,-0.15694064,-0.104459345,-0.15334633,-0.17466888,-0.13176009,-0.15368731,-0.15109587,-0.10913184,-0.15353173,-0.05825615,-0.14326635,-0.17082691,-0.15362905,-0.18883844,-0.15371725,-0.31316653,-0.15370789,-0.16808087,-0.14331596,-0.15370998,-0.15698181,-0.25088155,-0.1537176,-0.22115314,-0.07562123,-0.086852394,-0.10702289,-0.060967896,-0.14734979,-0.16796505,-0.15746465,-0.22133875,-0.12812386,-0.0969081,-0.16398169,-0.12716047,-0.11335766,-0.18846886,-0.12938093,-0.17755464,-0.0994983,-0.115196005,-0.15363029,-0.11662802,-0.19749595,-0.14526704,-0.12781724,-0.096878245,-0.1536306,-0.15679725,-0.12434345,-0.11230643,-0.063823454,-0.15356405,-0.11419349,-0.10007019,-0.24483351,-0.15371811,-0.15697381,-0.16344379,-0.1759062,-0.12524253,-0.1537042,-0.0782174,2.6556594,3.695922,-0.09859173,-0.11065883,-0.15339527,-0.15667745,-0.083404,-0.1213824,-0.13072303,-0.13855581,-0.19385117,-0.15368257,-0.15697885,-0.19487974,-0.23847799,-0.2432746,-0.12906444,-0.1535229,-0.15695152,-0.14520228,-0.2961179,-0.15371743,-0.19813283,-0.12929125,-0.15365642,-0.060104962,-0.15931924,-0.15371571,-0.2028091,-0.2868003,-0.11816878,-0.14795661,-0.10060286,-0.1535673,-0.13614628,-0.20725825,-0.17393659,-0.125103,-0.15657571,-0.15690626,-0.15371439,-0.15698116,-0.16221246,-0.22200036,-0.1294485,-0.2814266,-0.1537185,-0.1915083,-0.24371436,-0.16952515,-0.153635,-0.13369927,-0.12557748,-0.1537114,-0.18106565,-0.15371828,-0.18642783,-0.15366393,-0.30462334,-0.15361163,-0.14691104,-0.13029914,-0.15370592,-0.1569694,-0.18915205,-0.12937362,-0.15371071,-0.10481856,-0.1650517,-0.15370856,-0.15698308,-0.15695503,-0.12898722,-0.1536181,-0.15695061,-0.15694192,-0.15695293,-0.15696084,-0.16505513,-0.17392421,-0.15370426,-0.15697622,-0.15696654,-0.15697673,-0.2025511,-0.15354379,-0.14723541,-0.15274882,-0.11499533,-0.10471026,-0.11893196,-0.15370777,-0.15690844,-0.12933607,-0.19501048,-0.15371522,-0.18738703,-0.11705899,-0.17429145,-0.15370595,-0.06652963,-0.15347451,-0.10737923,-0.124497145,-0.15298569,-0.052188452,-0.26007295
k__Bacteria|p__Firmicutes|c__Clostridia|o__Eubacteriales|f__Lachnospiraceae|g__GGB3424|s__GGB3424_SGB4551,-0.1004395,-0.12316422,-0.15391946,-0.15719639,-0.15719667,-0.23867357,-0.1666669,-0.16813041,-0.10929718,-0.22895765,-0.23728925,-0.15392433,-0.22850217,-0.3768707,-0.08556121,-0.1535197,-0.058144663,-0.15338539,-0.15713346,-0.19931981,-0.1978925,-0.12939468,-0.15388858,-0.12711628,-0.20043859,-0.11658599,-0.182019,-0.25032333,-0.1509206,-0.1538935,-0.15142563,-0.10844302,-0.18249588,-0.28454733,-0.15391085,-0.1295823,-0.1539219,-0.22338755,-0.1539247,-0.29867563,-0.15392476,-0.29356226,-0.12890072,-0.15377468,-0.13691942,-0.15391913,-0.23188588,-0.24781659,-0.1296162,-0.12958829,-0.24679694,-0.18279888,-0.25087595,-0.26027086,-0.28621647,-0.27511892,-0.11894142,-0.15383685,-0.040142577,-0.056944285,-0.15319064,-0.11274739,-0.13743341,-0.1294731,-0.15390268,-0.15719192,-0.15719643,-0.15719709,-0.27573854,-0.15388435,-0.12947527,-0.16243835,-0.12334165,-0.14074792,-0.15389018,-0.15887658,-0.14481027,-0.12956694,-0.18691605,-0.14998752,-0.15391253,-0.15717496,-0.1571863,-0.1571196,-0.120334074,-0.13700745,-0.08858878,-0.15390652,-0.19008024,-0.1539178,-0.2004665,-0.11139822,-0.1388583,-0.13027036,-0.1074974,-0.15152657,-0.15382057,-0.1568927,-0.10065024,-0.08152827,-0.09427856,-0.15387045,-0.11960925,-0.15027548,-0.16982608,-0.1185138,-0.15388721,-0.15719028,-0.17738779,-0.15176103,-0.1539207,-0.25953975,-0.17989698,-0.13525523,-0.15391786,-0.15095688,-0.17780018,-0.2009549,-0.15389696,-0.09015879,-0.15362263,-0.12151222,-0.121854745,-0.13997786,-0.21433522,-0.13908121,-0.16057305,-0.153846,-0.07092635,-0.15328923,-0.1564128,-0.18733518,-0.15366007,-0.12946162,-0.12334781,-0.14100276,-0.15387708,-0.114095174,-0.25318068,-0.26654312,-0.12872481,-0.10945694,-0.15386817,-0.09238048,-0.20963459,-0.1539181,-0.15711093,-0.12898709,-0.15384632,-0.16015086,-0.1553517,-0.15392247,-0.19704957,-0.20616047,-0.12842375,-0.10460003,-0.11361031,-0.10256614,-0.15391502,-0.19495486,-0.15389073,-0.12890594,-0.1537617,-0.041086134,-0.12967405,-0.1539212,-0.2300741,-0.15389961,-0.10384405,-0.15250671,-0.0784167,-0.15377894,-0.12766197,-0.15379892,-0.121451,-0.075820275,-0.09192432,-0.101488546,-0.1536547,-0.15710193,-0.12378413,-0.15376714,-0.1410757,-0.13984437,-0.18093297,-0.1539237,-0.25777104,-0.12844054,-0.1538325,-0.13462572,-0.119081676,-0.1538944,-0.15719238,-0.15719403,-0.15719514,-0.19755594,-0.25103784,-0.20219928,-0.19465852,-0.24831252,-0.20506537,-0.22091979,-0.15390858,-0.12918589,-0.11956477,-0.1539039,-0.15718873,-0.20931396,-0.18224281,-0.15389492,-0.32474133,-0.15392181,-0.15719779,-0.1571967,-0.15719631,-0.2185038,-0.15389395,-0.114121355,-0.1538972,-0.15718254,-0.15718894,-0.22984435,-0.15391555,-0.15717086,-0.08963354,-0.1538145,-0.15714915,-0.15716654,-0.15716805,-0.13302092,-0.1051107,-0.14014931,-0.15141064,-0.15839578,-0.15615125,-0.14613561,-0.153912,-0.12319561,-0.12953922,-0.15387623,-0.1571976,-0.15719715,-0.15719715,-0.15719764,-0.38518023,-0.11451449,-0.15388373,-0.15564899,-0.14443555,-0.16636807,-0.15391718,-0.15712029,-0.12993515,-0.047159404,-0.14804038,-0.14016809,-0.14106366,-0.15377456,-0.19987361,-0.1649412,-0.17166539,-0.15389535,-0.1571561,-0.12722544,-0.14610182,-0.2588673,-0.12934758,-0.15379696,-0.09132757,-0.12832497,-0.13684332,-0.16221203,-0.15659244,-0.12877823,-0.15366772,-0.1571045,-0.15715271,-0.15718584,-0.15740095,-0.19795567,-0.15106063,-0.07294749,-0.2039893,-0.15388438,-0.15715131,-0.104459345,-0.15355426,-0.17466888,-0.13176009,-0.15389174,-0.15109587,-0.10913184,-0.15373,-0.05825615,-0.14326635,-0.17082691,-0.15383124,-0.18883844,-0.15392292,-0.31316653,-0.1539132,-0.16808087,-0.14331596,-0.15391533,-0.1571942,-0.25088155,-0.15392327,-0.22115314,-0.07562123,-0.086852394,-0.10702289,-0.060967896,-0.14731286,-0.16796505,-0.15746465,-0.22133875,-0.12812386,-0.0969081,-0.16398169,-0.12716047,-0.11335766,-0.18846886,-0.1295327,-0.17755464,-0.0994983,-0.115196005,-0.1538325,-0.11662802,-0.19749595,-0.14526704,-0.12781724,-0.096878245,-0.15383272,-0.15700217,-0.12434345,-0.11230643,-0.063823454,-0.1537635,-0.11419349,-0.10007019,-0.24483351,-0.15392381,-0.15718587,-0.16344379,-0.1759062,-0.12524253,-0.15390931,-0.0782174,-0.19187105,-0.18185812,-0.09859173,-0.11065883,-0.15358807,-0.1568777,-0.083404,-0.1213824,-0.13072303,-0.13855581,-0.19385117,-0.15388688,-0.1571911,-0.19487974,-0.23847799,-0.2432746,-0.12920527,-0.1537208,-0.15716271,-0.14520228,-0.2961179,-0.15392306,-0.19813283,-0.12943873,-0.15385967,-0.060104962,-0.15931924,-0.1539213,-0.2028091,-0.2868003,-0.11816878,-0.14795661,-0.10060286,-0.15376702,-0.13614628,2.798339,6.0018597,-0.125103,-0.15657571,-0.15690626,-0.15391992,-0.15719351,-0.16221246,-0.22200036,-0.12960325,-0.2814266,-0.15392421,-0.1915083,-0.24371436,-0.16952515,-0.1538375,-0.13369927,-0.12557748,-0.1539168,-0.18106565,-0.15392396,-0.18642783,-0.15386753,-0.30462334,-0.15381323,-0.14691104,-0.13029914,-0.15391111,-0.15718128,-0.18915205,-0.12952505,-0.15391608,-0.10481856,-0.1650517,-0.15391389,-0.15719552,-0.15716627,-0.12912354,-0.15381972,-0.15716177,-0.15715271,-0.1571642,-0.15717237,-0.16505513,-0.17392421,-0.15390939,-0.15718839,-0.15717833,-0.15718889,-0.2025511,-0.15354379,-0.14723541,-0.15291785,-0.11499533,-0.10471026,-0.11893196,-0.15391302,-0.15711805,-0.12948607,-0.19501048,-0.1539208,-0.18738703,-0.11705899,-0.17429145,-0.15391108,-0.06652963,-0.15367031,-0.10737923,-0.124497145,-0.15298569,-0.052188452,-0.26007295
k__Bacteria|p__Firmicutes|c__Bacilli|o__Bacillales|f__Staphylococcaceae|g__Staphylococcus|s__Staphylococcus_hominis,-0.1004395,-0.12316422,-0.15513518,-0.15843906,-0.1584393,-0.23867357,-0.1666669,-0.16813041,-0.10929718,-0.22895765,-0.23728925,-0.15513971,-0.22850217,-0.3768707,-0.08556121,-0.15476286,-0.058144663,-0.15464815,-0.1583809,-0.19931981,-0.1978925,-0.13042416,-0.15510686,-0.12711628,-0.20043859,-0.11658599,-0.182019,-0.25032333,-0.1509206,-0.1551111,-0.15142563,-0.10844302,-0.18249588,-0.28454733,-0.15512694,-0.13059814,-0.15513748,-0.22338755,-0.15514004,-0.29867563,-0.1551401,-0.29356226,-0.12994431,-0.15500024,-0.13691942,-0.15513495,-0.23188588,-0.24781659,-0.1296162,-0.1306036,-0.24679694,-0.18279888,-0.25087595,-0.26027086,-0.28621647,-0.27511892,-0.11894142,-0.15505919,-0.040142577,-0.056944285,-0.15445906,-0.11274739,-0.13743341,-0.13049573,-0.15511955,-0.15843494,-0.15843907,-0.1584397,-0.27573854,-0.15510157,-0.13049777,-0.16243835,-0.12334165,-0.14074792,-0.1551083,-0.15887658,-0.14481027,-0.13058418,-0.18691605,-0.14998752,-0.15512884,-0.15841928,-0.15842965,-0.15836555,-0.120334074,-0.13700745,-0.08858878,-0.15512335,-0.19008024,-0.15513371,-0.2004665,-0.11139822,-0.1388583,-0.13027036,-0.1074974,-0.15152657,-0.15504442,-0.15813474,-0.10065024,-0.08152827,-0.09427856,-0.15509027,-0.11960925,-0.15027548,-0.16982608,-0.1185138,-0.15510526,-0.15843344,-0.17738779,-0.15176103,-0.15513635,-0.25953975,-0.17989698,-0.13525523,-0.15513378,-0.15095688,-0.17780018,-0.2009549,-0.15511334,-0.09015879,-0.15486348,-0.12151222,-0.121854745,-0.13997786,-0.21433522,-0.13908121,-0.16057305,-0.15506792,-0.07092635,-0.15455255,-0.1577054,-0.18733518,-0.1548897,-0.1304818,-0.12334781,-0.14100276,-0.15509629,-0.114095174,-0.25318068,-0.26654312,-0.12977803,-0.10945694,-0.15508819,-0.09238048,-0.20963459,-0.15513399,-0.15835717,-0.13002232,-0.15506753,-0.16015086,-0.1553517,-0.15513802,-0.19704957,-0.20616047,-0.12949872,-0.10460003,-0.11361031,-0.10256614,-0.15513122,-0.19495486,-0.15510827,-0.12994324,-0.15499067,-0.041086134,-0.12967405,-0.15513678,-0.2300741,-0.15511656,1.7164389,-0.15382427,-0.0784167,-0.15500547,-0.12766197,-0.15502428,-0.121451,-0.075820275,-0.09192432,-0.101488546,-0.15489137,-0.15835251,-0.12378413,-0.1549866,-0.1410757,-0.13984437,-0.18093297,-0.15513912,-0.25777104,-0.12844054,-0.15505277,-0.13462572,-0.119081676,-0.15511237,-0.15843534,-0.15843686,-0.15843791,-0.19755594,-0.25103784,-0.20219928,-0.19465852,-0.24831252,-0.20506537,-0.22091979,-0.1551249,-0.13021429,-0.11956477,-0.155121,-0.15843196,-0.20931396,-0.18224281,-0.1551117,-0.32474133,-0.15513742,-0.15844035,-0.15843934,-0.15843901,-0.2185038,-0.1551111,-0.114121355,-0.15511444,-0.15842599,-0.15843216,-0.22984435,-0.1551317,-0.1584146,-0.08963354,-0.15503821,-0.15839592,-0.15841135,-0.15841322,-0.13302092,-0.1051107,-0.14014931,-0.15141064,-0.15839578,-0.15615125,-0.14613561,-0.15512846,-0.12319561,-0.1305581,-0.15509486,-0.15844017,-0.15843974,-0.15843976,-0.15844022,-0.38518023,-0.11451449,-0.15510225,-0.15564899,-0.14443555,-0.16636807,-0.15513304,-0.15836711,-0.12993515,-0.047159404,-0.1496414,-0.14016809,-0.14106366,-0.15500137,-0.19987361,-0.1649412,-0.17166539,-0.1551131,-0.15840241,-0.12722544,-0.14610182,-0.2588673,-0.13037916,-0.1550227,-0.09132757,-0.12832497,-0.13684332,-0.16221203,-0.15659244,-0.12980902,-0.15490213,-0.15835463,-0.15839902,-0.15842935,-0.15740095,-0.19795567,-0.15106063,-0.07294749,-0.2039893,-0.15510261,-0.15839802,-0.104459345,-0.1547477,-0.17466888,-0.13176009,-0.15511003,-0.15109587,-0.10913184,-0.15495948,-0.05825615,-0.14326635,-0.17082691,-0.1550536,-0.18883844,-0.15513837,-0.31316653,-0.1551292,-0.16808087,2.0980923,-0.15513143,-0.158437,-0.25088155,-0.15513872,-0.22115314,-0.07562123,-0.086852394,-0.10702289,-0.060967896,-0.14897348,-0.16796505,-0.15746465,-0.22133875,-0.12812386,-0.0969081,-0.16398169,-0.12716047,-0.11335766,-0.18846886,-0.1305519,-0.17755464,-0.0994983,-0.115196005,-0.15505499,-0.11662802,-0.19749595,-0.14526704,-0.12781724,-0.096878245,-0.15505606,-0.15826052,-0.12434345,-0.11230643,-0.063823454,-0.15499163,-0.11419349,-0.10007019,-0.24483351,-0.15513922,-0.15842906,-0.16344379,-0.1759062,-0.12524253,-0.15512593,-0.0782174,-0.19187105,-0.18185812,-0.09859173,-0.11065883,-0.15483104,-0.15814587,-0.083404,-0.1213824,-0.13072303,-0.13855581,-0.19385117,-0.1551049,-0.1584342,-0.19487974,-0.23847799,-0.2432746,-0.1302421,-0.1549522,-0.15840788,-0.14520228,-0.2961179,-0.15513857,-0.19813283,-0.13046476,-0.15507978,-0.060104962,-0.15931924,-0.1551369,-0.2028091,-0.2868003,-0.11816878,-0.14795661,-0.10060286,-0.15499397,-0.13614628,-0.20725825,-0.17393659,-0.125103,-0.15657571,-0.15690626,-0.1551356,-0.15843643,-0.16221246,-0.22200036,-0.13061735,-0.2814266,-0.1551396,-0.1915083,-0.24371436,-0.16952515,-0.15505642,-0.13369927,-0.12557748,-0.15513274,-0.18106565,-0.15513939,-0.18642783,-0.15508565,-0.30462334,-0.15503627,-0.14691104,-0.13029914,-0.1551275,-0.1584252,-0.18915205,-0.1305457,-0.15513211,-0.10481856,-0.1650517,-0.15512997,-0.15843827,-0.15841046,-0.13016312,-0.15504378,-0.15840684,-0.1583987,-0.15840912,-0.15841697,-0.16505513,-0.17392421,-0.15512586,-0.15843171,-0.15842235,-0.15843219,-0.2025511,-0.15354379,-0.14723541,-0.15419872,-0.11499533,-0.10471026,-0.11893196,-0.15512927,-0.15836449,-0.13050981,-0.19501048,-0.1551364,-0.18738703,-0.11705899,-0.17429145,-0.15512727,-0.06652963,-0.15490644,-0.10737923,-0.124497145,-0.15298569,-0.052188452,-0.26007295
k__Bacteria|p__Firmicutes|c__Negativicutes|o__Veillonellales|f__Veillonellaceae|g__Veillonella|s__Veillonella_SGB6928,-0.1004395,-0.12316422,-0.15337467,-0.15667911,-0.15667886,-0.23867357,-0.1666669,-0.16813041,-0.10929718,-0.22895765,-0.23728925,-0.15336984,-0.22850217,-0.3768707,-0.08556121,-0.15373418,-0.058144663,-0.15389591,-0.15674037,-0.19931981,-0.1978925,-0.12898989,-0.15340507,-0.12711628,-0.20043859,-0.11658599,-0.182019,-0.25032333,-0.1509206,-0.15340102,-0.15142563,-0.10844302,-0.18249588,-0.28454733,-0.15338352,-0.12882529,-0.15337226,-0.22338755,-0.15336949,-0.29867563,-0.15336943,-0.29356226,-0.12941356,-0.15351924,-0.13691942,-0.15337503,-0.23188588,-0.24781659,-0.1296162,-0.12882088,-0.24679694,-0.18279888,-0.25087595,-0.26027086,-0.28621647,-0.27511892,-0.11894142,-0.15345424,-0.040142577,-0.056944285,-0.15410942,-0.11274739,-0.13743341,-0.12891723,-0.1533914,-0.15668353,-0.1566791,-0.15667841,-0.27573854,-0.1534054,-0.12892245,-0.16243835,-0.12334165,-0.14074792,-0.15340401,-0.15887658,-0.14481027,-0.12884009,-0.18691605,-0.14998752,-0.15338138,-0.15670031,-0.1566891,-0.15675381,-0.120334074,-0.13700745,-0.08858878,-0.1533874,-0.19008024,-0.15337633,-0.2004665,-0.11139822,-0.1388583,-0.13027036,-0.1074974,-0.15152657,-0.15347251,-0.15692733,-0.10065024,-0.08152827,-0.09427856,-0.15342271,-0.11960925,-0.15027548,-0.16982608,-0.1185138,-0.15340656,-0.15668522,-0.17738779,-0.15176103,-0.15337351,-0.25953975,-0.17989698,-0.13525523,-0.15337628,-0.15095688,-0.17780018,-0.2009549,-0.15339674,-0.09015879,-0.15366551,-0.12151222,-0.121854745,-0.13997786,-0.21433522,-0.13908121,-0.16057305,-0.15344653,-0.07092635,-0.1539858,-0.15747324,-0.18733518,-0.15363684,-0.12890744,-0.12334781,-0.14100276,-0.15341642,-0.114095174,-0.25318068,-0.26654312,-0.12946445,-0.10945694,-0.1534252,-0.09238048,-0.20963459,-0.15337604,-0.15676543,-0.12928459,-0.15344505,-0.16015086,-0.1553517,-0.15337169,-0.19704957,-0.20616047,-0.12969033,-0.10460003,-0.11361031,-0.10256614,-0.1533791,-0.19495486,-0.15340355,-0.12930001,-0.15352961,-0.041086134,-0.12967405,-0.15337303,-0.2300741,-0.15339512,-0.10384405,-0.15469,-0.0784167,-0.1535078,-0.12766197,-0.15349248,-0.121451,-0.075820275,-0.09192432,-0.101488546,-0.15363026,-0.15677142,-0.12378413,-0.15350798,-0.1410757,-0.13984437,-0.18093297,-0.1533705,-0.25777104,-0.12844054,-0.15345448,-0.13462572,-0.119081676,-0.15339899,-0.15668297,-0.15668142,-0.15668029,-0.19755594,-0.25103784,-0.20219928,-0.19465852,-0.24831252,-0.20506537,-0.22091979,-0.15338556,-0.12912253,-0.11956477,-0.15339011,-0.15668684,-0.20931396,-0.18224281,-0.15339756,-0.32474133,-0.15337236,-0.15667772,-0.1566788,-0.15667915,-0.2185038,-0.15339555,-0.114121355,-0.15339641,-0.15669318,-0.15668641,-0.22984435,-0.15337844,-0.15669763,-0.08963354,-0.15347558,-0.15672526,-0.1567089,-0.15670696,-0.13302092,-0.1051107,-0.14014931,-0.15141064,-0.15839578,-0.15615125,-0.14613561,-0.153382,-0.12319561,-0.12886725,-0.15341862,-0.1566779,-0.15667838,-0.15667838,-0.15667787,-0.38518023,-0.11451449,-0.15341046,-0.15564899,-0.14443555,-0.16636807,-0.15337709,-0.15675667,-0.12993515,-0.047159404,-0.15934506,-0.14016809,-0.14106366,-0.1535202,-0.19987361,-0.1649412,-0.17166539,-0.1533987,-0.15671882,-0.12722544,-0.14610182,-0.2588673,-0.12901299,-0.1534932,-0.09132757,-0.12832497,-0.13684332,-0.16221203,-0.15659244,-0.12932673,-0.15361252,-0.15676868,-0.15672204,-0.1566895,-0.15740095,-0.19795567,-0.15106063,-0.07294749,-0.2039893,-0.15340978,-0.15672234,-0.104459345,-0.15357503,-0.17466888,-0.13176009,-0.15340206,-0.15109587,-0.10913184,-0.15355074,-0.05825615,-0.14326635,-0.17082691,-0.15346274,-0.18883844,-0.15337129,-0.31316653,-0.15338102,-0.16808087,-0.14331596,-0.15337881,-0.1566813,-0.25088155,-0.1533709,-0.22115314,-0.07562123,-0.086852394,-0.10702289,-0.060967896,-0.16006944,-0.16796505,-0.15746465,-0.22133875,-0.12812386,-0.0969081,-0.16398169,-0.12716047,-0.11335766,-0.18846886,-0.12887083,-0.17755464,-0.0994983,-0.115196005,-0.15346101,-0.11662802,-0.19749595,-0.14526704,-0.12781724,-0.096878245,-0.15345861,-0.15686801,-0.12434345,-0.11230643,-0.063823454,-0.15352345,-0.11419349,-0.10007019,-0.24483351,-0.15337038,-0.15669018,-0.16344379,-0.1759062,-0.12524253,-0.1533848,-0.0782174,-0.19187105,-0.18185812,-0.09859173,-0.11065883,-0.15370104,-0.15699312,-0.083404,-0.1213824,-0.13072303,-0.13855581,-0.19385117,-0.15340737,-0.15668431,-0.19487974,-0.23847799,-0.2432746,-0.12913772,-0.15356906,-0.15671268,-0.14520228,-0.2961179,-0.15337111,-0.19813283,-0.12894297,-0.15343335,-0.060104962,-0.15931924,-0.15337291,-0.2028091,-0.2868003,-0.11816878,-0.14795661,-0.10060286,-0.15352616,-0.13614628,-0.20725825,-0.17393659,-0.125103,-0.15657571,-0.15690626,-0.15337422,-0.15668197,-0.16221246,-0.22200036,-0.12880653,0.6169275,-0.15337,-0.1915083,-0.24371436,-0.16952515,-0.15345147,-0.13369927,-0.12557748,-0.15337737,-0.18106565,-0.15337022,-0.18642783,-0.1534254,-0.30462334,-0.1534821,-0.14691104,-0.13029914,-0.15338302,-0.156694,-0.18915205,-0.1288788,-0.15337801,-0.10481856,-0.1650517,-0.15338042,-0.15667999,-0.15670948,-0.12916595,-0.15347278,-0.15671366,-0.1567218,-0.15671101,-0.15670164,-0.16505513,-0.17392421,-0.15338476,-0.15668704,-0.15669718,-0.1566865,-0.2025511,-0.15354379,-0.14723541,-0.154392,-0.11499533,-0.10471026,-0.11893196,-0.15338108,-0.15675667,-0.12891278,-0.19501048,-0.15337344,-0.18738703,-0.11705899,-0.17429145,-0.15338334,-0.06652963,-0.15361358,-0.10737923,-0.124497145,-0.15298569,-0.052188452,-0.26007295
k__Bacteria|p__Firmicutes|c__Tissierellia|o__Tissierellales|f__Peptoniphilaceae|g__Anaerococcus|s__Anaerococcus_octavius,-0.1004395,-0.12316422,-0.15441291,-0.15769993,-0.15770024,-0.23867357,-0.1666669,-0.16813041,-0.10929718,-0.22895765,-0.23728925,-0.15441859,-0.22850217,-0.3768707,-0.08556121,-0.15394615,-0.058144663,-0.1537886,-0.15762663,-0.19931981,-0.1978925,-0.12978598,-0.15437695,-0.12711628,-0.20043859,-0.11658599,-0.182019,-0.25032333,-0.1509206,-0.15438277,-0.15142563,-0.10844302,-0.18249588,-0.28454733,-0.15440312,-0.13000149,-0.15441574,-0.22338755,-0.15441902,-0.29867563,-0.15441908,-0.29356226,-0.12921,-0.15424457,-0.13691942,-0.15441254,-0.23188588,-0.24781659,-0.1296162,-0.13000834,-0.24679694,-0.18279888,-0.25087595,-0.26027086,-0.28621647,-0.27511892,-0.11894142,-0.15431675,-0.040142577,-0.056944285,-0.15356371,-0.11274739,-0.13743341,-0.12987609,-0.15439337,-0.15769471,-0.15769997,-0.15770075,-0.27573854,-0.15437284,-0.1298779,-0.16243835,-0.12334165,-0.14074792,-0.15437876,-0.15887658,-0.14481027,-0.12998357,-0.18691605,-0.14998752,-0.15440482,-0.15767497,-0.1576882,-0.15761235,-0.120334074,-0.13700745,-0.08858878,-0.15439782,-0.19008024,-0.15441096,-0.2004665,-0.11139822,-0.1388583,-0.13027036,-0.1074974,-0.15152657,-0.15429759,-0.15735316,-0.10065024,-0.08152827,-0.09427856,-0.15435581,-0.11960925,-0.15027548,-0.16982608,-0.1185138,-0.15437543,-0.15769282,-0.17738779,-0.15176103,-0.15441436,-0.25953975,-0.17989698,-0.13525523,-0.15441105,-0.15095688,-0.17780018,-0.2009549,-0.1543873,-0.09015879,-0.15406656,-0.12151222,-0.121854745,-0.13997786,-0.21433522,-0.13908121,-0.16057305,-0.1543273,-0.07092635,-0.15367809,-0.15678835,-0.18733518,-0.15411252,-0.12986276,-0.12334781,-0.14100276,-0.15436348,-0.114095174,-0.25318068,-0.26654312,-0.12902458,-0.10945694,-0.15435308,-0.09238048,-0.20963459,-0.15441132,-0.15760185,-0.12931967,-0.1543278,-0.16015086,-0.1553517,-0.15441643,-0.19704957,-0.20616047,-0.12867066,-0.10460003,-0.11361031,-0.10256614,-0.15440771,-0.19495486,-0.15438011,-0.12923309,-0.15422884,-0.041086134,-0.12967405,-0.15441495,-0.2300741,-0.1543904,-0.10384405,-0.15277007,-0.0784167,-0.15424947,-0.12766197,-0.15427239,-0.121451,-0.075820275,-0.09192432,-0.101488546,-0.15410455,-0.15758976,-0.12378413,-0.15423796,-0.1410757,-0.13984437,-0.18093297,-0.15441783,2.627642,-0.12844054,-0.15431334,-0.13462572,-0.119081676,-0.15438363,-0.15769525,-0.15769717,-0.15769848,-0.19755594,-0.25103784,-0.20219928,-0.19465852,-0.24831252,-0.20506537,-0.22091979,-0.15440044,-0.12954754,-0.11956477,-0.15439475,-0.157691,-0.20931396,-0.18224281,-0.1543848,-0.32474133,-0.15441564,-0.15770155,-0.15770029,-0.15769985,-0.2185038,-0.15438387,-0.114121355,-0.15438707,-0.15768388,-0.15769127,-0.22984435,-0.15440837,-0.15767089,-0.08963354,-0.15429072,-0.15764481,-0.1576652,-0.15766682,-0.13302092,-0.1051107,-0.14014931,-0.15141064,-0.15839578,-0.15615125,-0.14613561,-0.15440416,-0.12319561,-0.12995157,-0.15436256,-0.15770134,-0.1577008,-0.1577008,-0.15770139,-0.38518023,-0.11451449,-0.15437126,-0.15564899,-0.14443555,-0.16636807,-0.15441024,-0.1576123,-0.12993515,-0.047159404,-0.14756739,-0.14016809,-0.14106366,-0.15424398,-0.19987361,-0.1649412,-0.17166539,-0.15438479,-0.15765285,-0.12722544,-0.14610182,-0.2588673,-0.1297334,-0.15427017,-0.09132757,-0.12832497,-0.13684332,-0.16221203,-0.15659244,-0.1290976,-0.15412031,-0.1575929,-0.15764901,-0.15768763,-0.15740095,-0.19795567,-0.15106063,-0.07294749,-0.2039893,-0.15437208,-0.15764737,-0.104459345,-0.15400207,-0.17466888,-0.13176009,-0.15438053,-0.15109587,-0.10913184,-0.15419264,-0.05825615,-0.14326635,-0.17082691,-0.15431012,-0.18883844,-0.15441693,-0.31316653,-0.15440573,-0.16808087,-0.14331596,-0.1544081,-0.1576974,-0.25088155,-0.15441737,-0.22115314,-0.07562123,-0.086852394,-0.10702289,-0.060967896,-0.14672218,-0.16796505,-0.15746465,-0.22133875,-0.12812386,-0.0969081,-0.16398169,-0.12716047,-0.11335766,-0.18846886,-0.12994449,-0.17755464,-0.0994983,-0.115196005,-0.1543116,-0.11662802,-0.19749595,-0.14526704,-0.12781724,-0.096878245,-0.1543117,-0.15747373,-0.12434345,-0.11230643,2.2099724,-0.15423131,2.0561657,-0.10007019,-0.24483351,-0.15441796,-0.15768796,-0.16344379,-0.1759062,-0.12524253,-0.15440105,-0.0782174,-0.19187105,-0.18185812,-0.09859173,-0.11065883,-0.15402645,-0.15732834,-0.083404,-0.1213824,-0.13072303,-0.13855581,-0.19385117,-0.15437503,-0.15769377,-0.19487974,-0.23847799,-0.2432746,-0.12957121,-0.15418138,-0.15766072,-0.14520228,-0.2961179,-0.15441713,-0.19813283,-0.12983721,-0.15434334,-0.060104962,-0.15931924,-0.15441507,-0.2028091,-0.2868003,-0.11816878,-0.14795661,-0.10060286,-0.15423545,-0.13614628,-0.20725825,-0.17393659,-0.125103,-0.15657571,-0.15690626,-0.15441345,-0.15769659,-0.16221246,-0.22200036,-0.13002571,-0.2814266,-0.15441844,-0.1915083,-0.24371436,-0.16952515,-0.15431932,-0.13369927,-0.12557748,-0.15440983,-0.18106565,-0.15441816,-0.18642783,-0.15435332,-0.30462334,-0.15428922,-0.14691104,-0.13029914,-0.15440318,-0.1576823,-0.18915205,-0.12993559,-0.15440899,-0.10481856,-0.1650517,-0.1544064,-0.15769893,-0.15766574,-0.12948737,-0.15429659,-0.15765965,-0.15764908,-0.15766245,-0.15767197,-0.16505513,-0.17392421,-0.15440118,-0.1576906,-0.15767887,-0.15769121,-0.2025511,-0.15354379,-0.14723541,-0.15324739,-0.11499533,-0.10471026,-0.11893196,-0.15440542,-0.1576103,-0.12988994,-0.19501048,-0.15441447,-0.18738703,-0.11705899,-0.17429145,-0.15440369,-0.06652963,-0.15412223,-0.10737923,-0.124497145,-0.15298569,-0.052188452,-0.26007295
k__Bacteria|p__Firmicutes|c__Bacilli|o__Lactobacillales|f__Lactobacillaceae|g__Fructobacillus|s__Fructobacillus_fructosus,-0.1004395,-0.12316422,-0.15401846,-0.1573748,-0.1573751,-0.23867357,-0.1666669,-0.16813041,-0.10929718,-0.22895765,-0.23728925,-0.15402335,-0.22850217,-0.3768707,-0.08556121,-0.1536077,-0.058144663,-0.15347604,-0.15731138,-0.19931981,-0.1978925,-0.1288949,-0.15398732,-0.12711628,-0.20043859,-0.11658599,-0.182019,-0.25032333,-0.1509206,-0.15399241,-0.15142563,-0.10844302,-0.18249588,-0.28454733,-0.15400982,-0.12909088,-0.1540209,-0.22338755,-0.15402372,-0.29867563,-0.15402377,-0.29356226,-0.12837201,-0.15387297,-0.13691942,-0.1540181,-0.23188588,-0.24781659,-0.1296162,-0.12909706,-0.24679694,-0.18279888,-0.25087595,-0.26027086,-0.28621647,-0.27511892,-0.11894142,-0.15393497,-0.040142577,-0.056944285,-0.15328512,-0.11274739,-0.13743341,-0.12897703,-0.15400156,-0.15737031,-0.15737486,-0.15737551,-0.27573854,-0.15398283,-0.12897965,-0.16243835,-0.12334165,-0.14074792,-0.15398893,-0.15887658,-0.14481027,-0.12907486,-0.18691605,-0.14998752,-0.15401144,-0.15735322,-0.15736468,-0.15729696,-0.120334074,-0.13700745,-0.08858878,-0.1540054,-0.19008024,-0.15401678,-0.2004665,-0.11139822,-0.1388583,-0.13027036,-0.1074974,-0.15152657,-0.15391862,-0.15705189,-0.10065024,-0.08152827,-0.09427856,-0.15396897,-0.11960925,-0.15027548,-0.16982608,-0.1185138,-0.15398605,-0.15736866,-0.17738779,-0.15176103,-0.15401968,-0.25953975,-0.17989698,-0.13525523,-0.15401684,-0.15095688,-0.17780018,-0.2009549,-0.15399583,-0.09015879,-0.15371805,-0.12151222,-0.121854745,-0.13997786,-0.21433522,-0.13908121,-0.16057305,-0.1539442,-0.07092635,-0.15337881,-0.15658754,-0.18733518,-0.15375707,-0.12896316,-0.12334781,-0.14100276,-0.15397568,-0.114095174,-0.25318068,-0.26654312,-0.12816638,-0.10945694,-0.15396665,-0.09238048,-0.20963459,-0.15401706,-0.15728956,-0.12844571,-0.15394458,-0.16015086,-0.1553517,-0.1540215,-0.19704957,-0.20616047,-0.1278634,-0.10460003,-0.11361031,-0.10256614,-0.15401396,-0.19495486,-0.15398955,-0.12836602,-0.15385854,-0.041086134,-0.12967405,-0.1540202,-0.2300741,-0.15399882,-0.10384405,-0.15257695,-0.0784167,-0.15387648,-0.12766197,-0.15389666,-0.121451,-0.075820275,-0.09192432,-0.101488546,-0.15375048,-0.15727934,-0.12378413,-0.15385963,-0.1410757,-0.13984437,-0.18093297,-0.1540227,-0.25777104,-0.12844054,-0.15393022,-0.13462572,-0.119081676,-0.15399309,-0.15737078,-0.15737243,-0.15737355,-0.19755594,-0.25103784,-0.20219928,-0.19465852,-0.24831252,-0.20506537,-0.22091979,-0.15400757,-0.1286594,-0.11956477,-0.15400274,-0.15736711,-0.20931396,-0.18224281,-0.15399373,-0.32474133,-0.15402082,-0.15737623,-0.15737513,-0.15737475,-0.2185038,-0.15399282,1.9347894,-0.15399614,-0.15736096,-0.15736735,-0.22984435,-0.1540145,-0.15734936,-0.08963354,-0.1539126,-0.15732712,-0.15734482,-0.15734617,-0.13302092,-0.1051107,-0.14014931,-0.15141064,-0.15839578,-0.15615125,-0.14613561,-0.15401089,-0.12319561,-0.12904692,-0.15397501,-0.15737604,-0.15737557,-0.15737557,-0.15737608,-0.38518023,-0.11451449,-0.15398246,-0.15564899,-0.14443555,-0.16636807,-0.15401617,-0.1572989,-0.12993515,-0.047159404,-0.1481094,-0.14016809,-0.14106366,-0.15387255,-0.19987361,-0.1649412,-0.17166539,-0.15399411,-0.15733409,-0.12722544,-0.14610182,-0.2588673,-0.12883796,-0.15389442,-0.09132757,-0.12832497,-0.13684332,-0.16221203,-0.15659244,-0.1282169,-0.15376402,-0.15728211,-0.15733072,-0.15736419,-0.15740095,-0.19795567,0.8014494,-0.07294749,-0.2039893,-0.15398315,-0.15732923,-0.104459345,-0.15361096,-0.17466888,-0.13176009,-0.15399042,-0.15109587,-0.10913184,-0.15382636,-0.05825615,-0.14326635,-0.17082691,-0.15392962,-0.18883844,-0.15402192,-0.31316653,-0.15401222,-0.16808087,-0.14331596,-0.15401429,-0.15737264,-0.25088155,-0.15402228,-0.22115314,-0.07562123,-0.086852394,-0.10702289,-0.060967896,-0.14737982,-0.16796505,-0.15746465,-0.22133875,-0.12812386,-0.0969081,-0.16398169,-0.12716047,-0.11335766,-0.18846886,-0.12903939,-0.17755464,-0.0994983,-0.115196005,-0.15393075,-0.11662802,-0.19749595,-0.14526704,-0.12781724,-0.096878245,-0.15393075,-0.15717858,-0.12434345,2.3615227,-0.063823454,-0.1538606,-0.11419349,-0.10007019,-0.24483351,-0.15402281,-0.15736443,-0.16344379,-0.1759062,-0.12524253,-0.1540082,-0.0782174,-0.19187105,-0.18185812,-0.09859173,-0.11065883,-0.15368325,-0.15705271,-0.083404,-0.1213824,-0.13072303,-0.13855581,-0.19385117,-0.15398571,-0.1573695,-0.19487974,-0.23847799,-0.2432746,-0.12869912,-0.15381774,-0.15734091,-0.14520228,-0.2961179,-0.15402207,-0.19813283,-0.1289398,-0.15395814,-0.060104962,-0.15931924,-0.15402032,-0.2028091,-0.2868003,-0.11816878,-0.14795661,-0.10060286,-0.15386489,-0.13614628,-0.20725825,-0.17393659,-0.125103,-0.15657571,-0.15690626,-0.15401891,-0.15737194,-0.16221246,-0.22200036,-0.1291123,-0.2814266,-0.15402323,-0.1915083,-0.24371436,-0.16952515,-0.15393597,-0.13369927,-0.12557748,-0.1540158,-0.18106565,-0.15402298,-0.18642783,-0.15396644,0.57141256,-0.15391167,-0.14691104,-0.13029914,-0.15401003,-0.1573596,-0.18915205,-0.12903197,-0.15401502,-0.10481856,-0.1650517,-0.15401283,-0.15737395,-0.15734491,-0.12860303,-0.15391767,-0.15733999,-0.15733084,-0.15734245,-0.1573506,-0.16505513,-0.17392421,-0.15400833,-0.15736675,-0.15735663,-0.15736729,-0.2025511,-0.15354379,-0.14723541,-0.15301254,-0.11499533,-0.10471026,-0.11893196,-0.15401196,-0.15729618,-0.1289907,-0.19501048,-0.15401979,-0.18738703,-0.11705899,-0.17429145,-0.15401022,-0.06652963,-0.15376538,-0.10737923,-0.124497145,-0.15298569,-0.052188452,-0.26007295
k__Bacteria|p__Firmicutes|c__Clostridia|o__Eubacteriales|f__Clostridiaceae|g__Clostridium|s__Clostridium_sp_NSJ_6,-0.1004395,-0.12316422,-0.15384606,-0.15711927,-0.15711959,-0.23867357,-0.1666669,-0.16813041,-0.10929718,-0.22895765,-0.23728925,-0.15385169,-0.22850217,-0.3768707,-0.08556121,-0.15337954,-0.058144663,-0.15322523,-0.15704647,-0.19931981,-0.1978925,-0.12932132,-0.15381026,-0.12711628,-0.20043859,-0.11658599,-0.182019,-0.25032333,-0.1509206,-0.15381598,-0.15142563,-0.10844302,-0.18249588,-0.28454733,-0.1538361,-0.12953669,-0.15384886,-0.22338755,-0.1538521,-0.29867563,-0.1538522,-0.29356226,-0.1287602,-0.15367872,-0.13691942,-0.15384564,-0.23188588,-0.24781659,-0.1296162,-0.1295437,-0.24679694,-0.18279888,-0.25087595,-0.26027086,-0.28621647,-0.27511892,-0.11894142,-0.15375057,-0.040142577,-0.056944285,-0.15300348,-0.11274739,-0.13743341,-0.1294116,-0.15382668,-0.15711409,-0.15711933,-0.15712008,-0.27573854,-0.15380538,-0.12941429,-0.16243835,-0.12334165,-0.14074792,-0.15381213,-0.15887658,-0.14481027,-0.12951928,-0.18691605,-0.14998752,-0.15383801,-0.15709451,-0.15710765,-0.15702885,-0.120334074,-0.13700745,-0.08858878,-0.15383108,-0.19008024,-0.15384412,-0.2004665,-0.11139822,-0.1388583,-0.13027036,-0.1074974,-0.15152657,-0.1537315,-0.15675613,-0.10065024,-0.08152827,-0.09427856,-0.15378924,-0.11960925,-0.15027548,-0.16982608,-0.1185138,-0.15380871,-0.15711218,-0.17738779,-0.15176103,-0.15384747,-0.25953975,-0.17989698,-0.13525523,-0.15384421,-0.15095688,-0.17780018,-0.2009549,-0.15381989,-0.09015879,-0.15350205,-0.12151222,-0.121854745,-0.13997786,-0.21433522,-0.13908121,-0.16057305,-0.15376088,-0.07092635,-0.15311447,-0.15621492,-0.18733518,-0.15354557,-0.12940267,-0.12334781,-0.14100276,-0.15379696,-0.114095174,-0.25318068,-0.26654312,-0.12855072,-0.10945694,-0.15378663,-0.09238048,-0.20963459,-0.15384446,-0.15701973,-0.12885463,-0.15376124,-0.16015086,-0.1553517,-0.15384954,-0.19704957,-0.20616047,-0.1282415,-0.10460003,-0.11361031,-0.10256614,-0.1538409,-0.19495486,-0.15381226,-0.12876761,-0.15366256,-0.041086134,-0.12967405,-0.15384808,-0.2300741,-0.15382275,-0.10384405,-0.15219764,-0.0784167,-0.15368313,-0.12766197,-0.1537064,-0.121451,-0.075820275,-0.09192432,-0.101488546,-0.15353973,-0.1570098,-0.12378413,-0.15366618,-0.1410757,-0.13984437,-0.18093297,-0.15385094,-0.25777104,-0.12844054,-0.15374497,-0.13462572,-0.119081676,-0.153817,-0.15711464,-0.15711653,-0.15711784,-0.19755594,-0.25103784,-0.20219928,-0.19465852,-0.24831252,-0.20506537,-0.22091979,-0.15383339,-0.12908222,-0.11956477,-0.153828,-0.15711041,-0.20931396,-0.18224281,-0.1538176,-0.32474133,-0.15384877,-0.1571209,-0.15711965,-0.15711921,-0.2185038,-0.15381676,-0.114121355,-0.15382038,-0.1571033,-0.15711065,-0.22984435,-0.15384153,-0.15709022,-0.08963354,-0.15372477,-0.15706456,-0.15708482,-0.15708643,-0.13302092,-0.1051107,-0.14014931,-0.15141064,-0.15839578,-0.15615125,-0.14613561,-0.15383737,-0.12319561,-0.12948704,-0.15379614,-0.15712067,-0.15712014,-0.15712017,-0.15712073,-0.38518023,-0.11451449,-0.15380469,-0.15564899,-0.14443555,-0.16636807,-0.1538434,-0.15703115,-0.12993515,-0.047159404,-0.14705008,-0.14016809,-0.14106366,-0.15367842,-0.19987361,-0.1649412,-0.17166539,-0.1538181,-0.15707254,-0.12722544,-0.14610182,-0.2588673,-0.12926483,-0.15370414,-0.09132757,-0.12832497,-0.13684332,-0.16221203,-0.15659244,-0.1286142,-0.15355515,-0.157013,-0.15706867,-0.15710706,-0.15740095,-0.19795567,-0.15106063,-0.07294749,-0.2039893,-0.15380555,-0.15706703,-0.104459345,-0.15342036,-0.17466888,-0.13176009,-0.15381387,-0.15109587,-0.10913184,-0.15362662,-0.05825615,-0.14326635,-0.17082691,-0.15374407,-0.18883844,-0.15385003,-0.31316653,-0.15383881,-0.16808087,-0.14331596,-0.15384127,-0.15711676,-0.25088155,-0.15385047,-0.22115314,-0.07562123,-0.086852394,-0.10702289,-0.060967896,-0.1462161,-0.16796505,-0.15746465,-0.22133875,-0.12812386,-0.0969081,-0.16398169,-0.12716047,-0.11335766,-0.18846886,-0.12947921,-0.17755464,-0.0994983,-0.115196005,-0.1537454,-0.11662802,-0.19749595,-0.14526704,-0.12781724,-0.096878245,-0.15374552,-0.15689434,-0.12434345,-0.11230643,-0.063823454,-0.15366533,-0.11419349,-0.10007019,-0.24483351,-0.15385108,-0.15710692,-0.16344379,-0.1759062,-0.12524253,-0.15383425,-0.0782174,0.9253723,-0.18185812,-0.09859173,-0.11065883,-0.15346175,-0.15674987,-0.083404,-0.1213824,-0.13072303,-0.13855581,-0.19385117,-0.15380843,-0.15711316,-0.19487974,-0.23847799,-0.2432746,-0.12909856,-0.15361603,-0.15708032,-0.14520228,-0.2961179,-0.15385023,-0.19813283,-0.12937188,-0.15377693,-0.060104962,-0.15931924,-0.15384817,-0.2028091,-0.2868003,-0.11816878,-0.14795661,-0.10060286,-0.1536698,-0.13614628,-0.20725825,-0.17393659,-0.125103,-0.15657571,-0.15690626,-0.15384659,-0.15711594,-0.16221246,-0.22200036,-0.12956092,-0.2814266,-0.15385154,-0.1915083,-0.24371436,-0.16952515,-0.15375042,-0.13369927,-0.12557748,-0.15384299,-0.18106565,-0.15385126,-0.18642783,-0.15378594,-0.30462334,-0.15372336,-0.14691104,-0.13029914,-0.15383637,-0.1571018,-0.18915205,-0.12947044,-0.15384212,-0.10481856,-0.1650517,-0.15383962,-0.15711829,-0.15708387,-0.1289955,-0.1537305,-0.15707928,-0.15706885,-0.15708213,-0.1570915,-0.16505513,-0.17392421,-0.1538344,-0.15711004,-0.1570984,-0.1571106,-0.2025511,-0.15354379,-0.14723541,-0.15269011,-0.11499533,-0.10471026,-0.11893196,-0.15383859,-0.15702748,-0.12942496,-0.19501048,-0.1538476,-0.18738703,-0.11705899,-0.17429145,-0.15383598,-0.06652963,-0.15355672,-0.10737923,-0.124497145,-0.15298569,-0.052188452,-0.26007295
k__Bacteria|p__Firmicutes|c__Clostridia|o__Eubacteriales|f__Clostridiaceae|g__Clostridium|s__Clostridium_SGB6177,-0.1004395,-0.12316422,-0.15356508,-0.15683216,-0.15683241,-0.23867357,-0.1666669,-0.16813041,-0.10929718,-0.22895765,-0.23728925,-0.15356968,-0.22850217,-0.3768707,-0.08556121,-0.15318108,-0.058144663,-0.15305802,-0.1567725,-0.19931981,-0.1978925,-0.12911804,-0.15353578,-0.12711628,-0.20043859,-0.11658599,-0.182019,-0.25032333,-0.1509206,-0.15354039,-0.15142563,-0.10844302,-0.18249588,-0.28454733,-0.15355664,-0.12930064,-0.15356737,-0.22338755,-0.15357003,-0.29867563,-0.1535701,-0.29356226,-0.12864475,-0.15342759,-0.13691942,-0.15356475,1.2304008,-0.24781659,-0.1296162,-0.12930638,-0.24679694,-0.18279888,-0.25087595,-0.26027086,-0.28621647,-0.27511892,-0.11894142,-0.15348665,-0.040142577,-0.056944285,-0.15287459,-0.11274739,-0.13743341,-0.12919424,-0.15354915,-0.15682794,-0.15683219,-0.15683281,-0.27573854,-0.15353107,-0.12919733,-0.16243835,-0.12334165,-0.14074792,-0.15353733,-0.15887658,-0.14481027,-0.12928577,-0.18691605,-0.14998752,-0.1535585,-0.15681186,-0.15682259,-0.15675656,-0.120334074,-0.13700745,-0.08858878,-0.15355283,-0.19008024,-0.15356353,-0.2004665,-0.11139822,-0.1388583,-0.13027036,-0.1074974,-0.15152657,-0.15347132,-0.15652508,-0.10065024,-0.08152827,-0.09427856,-0.15351856,-0.11960925,-0.15027548,-0.16982608,-0.1185138,-0.15353441,-0.15682635,-0.17738779,-0.15176103,-0.15356624,-0.25953975,-0.17989698,-0.13525523,-0.15356359,-0.15095688,-0.17780018,-0.2009549,-0.15354307,-0.09015879,-0.15328357,-0.12151222,-0.121854745,-0.13997786,-0.21433522,-0.13908121,-0.16057305,-0.15349537,-0.07092635,-0.1529654,-0.15608914,-0.18733518,-0.1533171,-0.12918569,-0.12334781,-0.14100276,-0.15352489,-0.114095174,-0.25318068,-0.26654312,-0.12843728,-0.10945694,-0.15351649,-0.09238048,-0.20963459,-0.1535638,-0.15674983,-0.12871128,-0.15349558,-0.16015086,-0.1553517,-0.15356794,-0.19704957,-0.20616047,-0.12817498,-0.10460003,-0.11361031,-0.10256614,-0.15356088,-0.19495486,-0.15353692,-0.12862907,-0.15341496,-0.041086134,-0.12967405,-0.15356672,-0.2300741,-0.15354566,-0.10384405,-0.15220912,-0.0784167,-0.15343148,-0.12766197,-0.15345073,-0.121451,-0.075820275,-0.09192432,-0.101488546,-0.1533137,-0.15674262,-0.12378413,-0.153415,-0.1410757,-0.13984437,-0.18093297,-0.15356907,-0.25777104,-0.12844054,-0.15348057,-0.13462572,-0.119081676,-0.15354136,-0.15682837,-0.15682992,-0.15683097,-0.19755594,-0.25103784,-0.20219928,-0.19465852,-0.24831252,-0.20506537,-0.22091979,-0.15355456,-0.1289058,-0.11956477,-0.15355033,-0.15682489,-0.20931396,-0.18224281,-0.15354142,-0.32474133,-0.15356728,-0.15683347,-0.15683246,-0.1568321,-0.2185038,-0.15354046,-0.114121355,-0.15354398,-0.156819,-0.15682508,-0.22984435,-0.1535614,-0.15680791,-0.08963354,-0.15346557,-0.15678747,-0.1568039,-0.15680534,-0.13302092,-0.1051107,-0.14014931,-0.15141064,-0.15839578,-0.15615125,-0.14613561,-0.15355802,-0.12319561,-0.1292597,-0.1535241,-0.1568333,-0.15683287,-0.15683287,-0.15683335,-0.38518023,-0.11451449,-0.15353122,-0.15564899,-0.14443555,-0.16636807,-0.1535629,-0.15675938,-0.12993515,-0.047159404,-0.14799082,-0.14016809,-0.14106366,-0.15342785,-0.19987361,-0.1649412,-0.17166539,-0.15354224,-0.15679404,-0.12722544,-0.14610182,-0.2588673,-0.12906495,-0.15344872,-0.09132757,-0.12832497,-0.13684332,-0.16221203,-0.15659244,-0.12847297,-0.15332559,-0.15674506,-0.15679073,-0.15682214,-0.15740095,-0.19795567,-0.15106063,-0.07294749,-0.2039893,-0.15353186,-0.15678947,-0.104459345,-0.15318488,-0.17466888,-0.13176009,-0.15353882,-0.15109587,-0.10913184,-0.15338406,-0.05825615,-0.14326635,-0.17082691,-0.15348154,-0.18883844,-0.15356833,-0.31316653,-0.15355906,-0.16808087,-0.14331596,-0.15356117,-0.1568301,-0.25088155,-0.15356869,-0.22115314,-0.07562123,-0.086852394,-0.10702289,-0.060967896,-0.147304,-0.16796505,-0.15746465,-0.22133875,-0.12812386,-0.0969081,-0.16398169,-0.12716047,-0.11335766,-0.18846886,-0.12925239,-0.17755464,-0.0994983,-0.115196005,-0.15348262,-0.11662802,-0.19749595,-0.14526704,-0.12781724,-0.096878245,-0.15348278,-0.15664771,-0.12434345,-0.11230643,-0.063823454,-0.15341687,-0.11419349,-0.10007019,-0.24483351,-0.15356919,-0.15682188,-0.16344379,-0.1759062,-0.12524253,-0.15355545,-0.0782174,-0.19187105,-0.18185812,-0.09859173,-0.11065883,-0.15325052,-0.1565297,-0.083404,-0.1213824,-0.13072303,-0.13855581,-0.19385117,-0.1535342,-0.15682715,-0.19487974,-0.23847799,-0.2432746,-0.1289316,-0.15337652,-0.15680024,-0.14520228,-0.2961179,-0.15356849,-0.19813283,-0.12915921,-0.15350828,-0.060104962,-0.15931924,-0.15356681,-0.2028091,-0.2868003,-0.11816878,-0.14795661,-0.10060286,-0.15342048,-0.13614628,-0.20725825,-0.17393659,-0.125103,-0.15657571,-0.15690626,-0.15356553,-0.15682945,-0.16221246,-0.22200036,-0.12932059,-0.2814266,-0.15356958,-0.1915083,-0.24371436,-0.16952515,-0.15348524,-0.13369927,-0.12557748,-0.15356258,-0.18106565,-0.15356934,-0.18642783,-0.15351504,-0.30462334,-0.1534644,-0.14691104,-0.13029914,-0.15355715,-0.15681787,-0.18915205,-0.12924513,-0.15356186,-0.10481856,-0.1650517,-0.15355977,-0.15683134,-0.1568026,-0.12883765,-0.15347053,-0.15679935,-0.15679084,-0.15680167,-0.1568094,-0.16505513,-0.17392421,-0.15355554,-0.15682459,-0.15681505,-0.15682507,-0.2025511,-0.15354379,2.4236426,-0.1526159,-0.11499533,-0.10471026,-0.11893196,-0.15355897,-0.15675613,-0.12920754,-0.19501048,-0.15356633,-0.18738703,-0.11705899,-0.17429145,-0.1535565,-0.06652963,-0.15332805,-0.10737923,-0.124497145,-0.15298569,-0.052188452,-0.26007295
k__Bacteria|p__Firmicutes|c__Tissierellia|o__Tissierellales|f__Peptoniphilaceae|g__Anaerococcus|s__Anaerococcus_degeneri,-0.1004395,-0.12316422,-0.15430164,-0.15758814,-0.15758842,-0.23867357,-0.1666669,1.3997349,2.1871834,-0.22895765,-0.23728925,-0.15430674,-0.22850217,-0.3768707,-0.08556121,-0.15387696,-0.058144663,-0.15373746,-0.15752205,-0.19931981,-0.1978925,-0.12969525,-0.15426919,-0.12711628,-0.20043859,-0.11658599,-0.182019,-0.25032333,-0.1509206,-0.15427446,-0.15142563,-0.10844302,-0.18249588,-0.28454733,-0.15429276,-0.12989329,-0.15430419,-0.22338755,-0.15430713,-0.29867563,-0.1543072,-0.29356226,-0.12916787,-0.15414995,-0.13691942,-0.15430129,-0.23188588,-0.24781659,-0.1296162,-0.12989973,-0.24679694,-0.18279888,-0.25087595,-0.26027086,-0.28621647,-0.27511892,-0.11894142,-0.15421483,-0.040142577,-0.056944285,-0.15353683,-0.11274739,-0.13743341,-0.12977852,-0.15428405,-0.15758345,-0.15758818,-0.15758887,-0.27573854,-0.15426505,-0.12978041,-0.16243835,-0.12334165,-0.14074792,-0.15427086,-0.15887658,-0.14481027,-0.12987724,-0.18691605,-0.14998752,-0.15429434,-0.15756565,-0.15757759,-0.15750784,-0.120334074,-0.13700745,-0.08858878,-0.15428805,-0.19008024,-0.15429989,-0.2004665,-0.11139822,-0.1388583,-0.13027036,-0.1074974,-0.15152657,-0.15419766,-0.1572635,-0.10065024,-0.08152827,-0.09427856,-0.15425012,-0.11960925,-0.15027548,-0.16982608,-0.1185138,-0.15426782,-0.15758172,-0.17738779,-0.15176103,-0.15430292,-0.25953975,-0.17989698,-0.13525523,-0.15429997,-0.15095688,-0.17780018,-0.2009549,-0.1542783,-0.09015879,-0.1539891,-0.12151222,-0.121854745,-0.13997786,-0.21433522,-0.13908121,-0.16057305,-0.15422434,-0.07092635,-0.15363693,-0.15676725,-0.18733518,-0.15402964,-0.12976629,-0.12334781,-0.14100276,-0.15425709,-0.114095174,-0.25318068,-0.26654312,-0.1289767,-0.10945694,-0.15424769,-0.09238048,-0.20963459,-0.1543002,-0.15749913,-0.12925261,-0.1542247,-0.16015086,-0.1553517,-0.1543048,-0.19704957,-0.20616047,-0.128665,-0.10460003,-0.11361031,-0.10256614,-0.15429696,-0.19495486,-0.15427166,-0.12916967,-0.15413518,-0.041086134,-0.12967405,-0.15430348,-0.2300741,-0.15428115,-0.10384405,-0.15280773,-0.0784167,-0.15415382,-0.12766197,-0.1541748,-0.121451,-0.075820275,-0.09192432,-0.101488546,-0.15402323,-0.15748873,-0.12378413,-0.15413964,-0.1410757,-0.13984437,-0.18093297,-0.15430607,-0.25777104,-0.12844054,-0.15421075,-0.13462572,-0.119081676,-0.15427522,-0.15758394,-0.15758568,-0.15758684,-0.19755594,-0.25103784,-0.20219928,-0.19465852,-0.24831252,-0.20506537,-0.22091979,-0.15429032,-0.12946607,-0.11956477,-0.15428525,-0.1575801,-0.20931396,-0.18224281,-0.15427597,-0.32474133,-0.1543041,-0.15758961,-0.15758847,-0.15758808,-0.2185038,-0.15427518,-0.114121355,-0.15427835,-0.15757369,-0.15758035,-0.22984435,-0.15429753,-0.15756173,-0.08963354,-0.15419146,-0.15753846,-0.15755685,-0.15755829,-0.13302092,-0.1051107,-0.14014931,-0.15141064,-0.15839578,-0.15615125,-0.14613561,-0.15429375,-0.12319561,-0.12984785,-0.15425631,-0.15758942,-0.15758893,-0.15758894,-0.15758947,-0.38518023,-0.11451449,-0.1542641,-0.15564899,-0.14443555,-0.16636807,-0.15429923,-0.15750888,-0.12993515,-0.047159404,-0.14813545,-0.14016809,-0.14106366,-0.15414947,-0.19987361,-0.1649412,-0.17166539,-0.15427628,-0.15754569,-0.12722544,-0.14610182,-0.2588673,-0.12964192,-0.15417272,-0.09132757,-0.12832497,-0.13684332,-0.16221203,-0.15659244,-0.12903328,-0.15403731,-0.15749162,-0.15754221,-0.15757707,-0.15740095,-0.19795567,-0.15106063,-0.07294749,-0.2039893,-0.15426487,-0.15754068,-0.104459345,-0.15391292,-0.17466888,-0.13176009,-0.1542724,-0.15109587,-0.10913184,-0.15410233,-0.05825615,-0.14326635,-0.17082691,-0.15420905,-0.18883844,-0.15430526,-0.31316653,-0.15429515,-0.16808087,-0.14331596,-0.15429729,-0.15758587,-0.25088155,-0.15430564,-0.22115314,-0.07562123,-0.086852394,-0.10702289,-0.060967896,-0.14737697,-0.16796505,-0.15746465,-0.22133875,-0.12812386,-0.0969081,-0.16398169,-0.12716047,-0.11335766,-0.18846886,-0.12984079,-0.17755464,-0.0994983,-0.115196005,-0.15421025,-0.11662802,-0.19749595,-0.14526704,-0.12781724,-0.096878245,-0.15421034,-0.15738396,-0.12434345,-0.11230643,-0.063823454,-0.15413749,-0.11419349,-0.10007019,-0.24483351,-0.15430619,-0.15757728,-0.16344379,-0.1759062,-0.12524253,-0.15429094,-0.0782174,-0.19187105,-0.18185812,-0.09859173,-0.11065883,-0.15395272,-0.15725279,-0.083404,-0.1213824,-0.13072303,-0.13855581,-0.19385117,-0.15426749,-0.15758261,-0.19487974,-0.23847799,-0.2432746,-0.12949006,-0.15409271,-0.1575528,-0.14520228,-0.2961179,-0.15430543,-0.19813283,-0.12974152,-0.15423888,-0.060104962,-0.15931924,-0.15430358,-0.2028091,-0.2868003,-0.11816878,-0.14795661,-0.10060286,-0.15414166,-0.13614628,-0.20725825,-0.17393659,-0.125103,-0.15657571,-0.15690626,-0.15430212,-0.15758514,-0.16221246,-0.22200036,-0.12991542,-0.2814266,-0.15430662,-0.1915083,-0.24371436,-0.16952515,-0.15421627,-0.13369927,-0.12557748,-0.15429887,-0.18106565,-0.15430637,-0.18642783,-0.15424761,-0.30462334,-0.15419027,-0.14691104,-0.13029914,-0.15429285,-0.15757227,-0.18915205,-0.12983315,-0.15429808,-0.10481856,-0.1650517,-0.1542958,-0.15758725,-0.15755694,-0.12939829,-0.1541967,-0.15755185,-0.15754235,-0.15755442,-0.15756293,-0.16505513,-0.17392421,-0.15429108,-0.15757973,-0.15756917,-0.15758029,-0.2025511,-0.15354379,-0.14723541,-0.15325242,-0.11499533,-0.10471026,-0.11893196,-0.15429488,-0.15750614,-0.12979108,-0.19501048,-0.15430304,-0.18738703,-0.11705899,-0.17429145,-0.15429306,-0.06652963,-0.15403871,-0.10737923,-0.124497145,-0.15298569,-0.052188452,-0.26007295
k__Bacteria|p__Firmicutes|c__CFGB3012|o__OFGB3012|f__FGB3012|g__GGB9480|s__GGB9480_SGB14874,-0.1004395,-0.12316422,-0.15366903,-0.15700105,-0.15700132,-0.23867357,-0.1666669,-0.16813041,-0.10929718,-0.22895765,-0.23728925,-0.15367405,-0.22850217,-0.3768707,-0.08556121,-0.15325642,-0.058144663,-0.15311876,-0.15693611,-0.19931981,-0.1978925,-0.12872031,-0.15363717,-0.12711628,-0.20043859,-0.11658599,-0.182019,-0.25032333,-0.1509206,-0.15364216,-0.15142563,-0.10844302,-0.18249588,-0.28454733,-0.15365994,-0.12892246,-0.15367153,-0.22338755,-0.15367444,-0.29867563,-0.15367451,-0.29356226,-0.12818316,-0.1535191,-0.13691942,-0.1536687,-0.23188588,-0.24781659,-0.1296162,-0.12892877,-0.24679694,-0.18279888,-0.25087595,-0.26027086,-0.28621647,-0.27511892,-0.11894142,-0.15358365,-0.040142577,-0.056944285,-0.15291506,-0.11274739,-0.13743341,-0.12880445,-0.15365165,-0.15699643,-0.15700108,-0.15700176,-0.27573854,-0.15363201,-0.12880781,-0.16243835,-0.12334165,-0.14074792,-0.15363881,-0.15887658,-0.14481027,-0.12890615,-0.18691605,-0.14998752,-0.15366188,-0.1569789,-0.15699059,-0.15692037,-0.120334074,-0.13700745,-0.08858878,-0.15365571,-0.19008024,-0.15366733,-0.2004665,-0.11139822,-0.1388583,-0.13027036,-0.1074974,-0.15152657,-0.15356685,-0.15667507,-0.10065024,-0.08152827,-0.09427856,-0.15361845,-0.11960925,-0.15027548,-0.16982608,-0.1185138,-0.15363571,-0.15699473,-0.17738779,-0.15176103,-0.1536703,-0.25953975,-0.17989698,-0.13525523,-0.15366739,-0.15095688,-0.17780018,-0.2009549,-0.15364519,-0.09015879,-0.15336265,-0.12151222,-0.121854745,-0.13997786,-0.21433522,-0.13908121,-0.16057305,-0.15359315,-0.07092635,-0.15301774,-0.15618855,-0.18733518,-0.15339871,-0.1287899,-0.12334781,-0.14100276,-0.15362531,-0.114095174,-0.25318068,-0.26654312,-0.12796463,-0.10945694,-0.1536161,-0.09238048,-0.20963459,-0.15366764,-0.15691139,-0.12825963,-0.15359358,-0.16015086,-0.1553517,-0.15367216,-0.19704957,-0.20616047,-0.12763676,-0.10460003,-0.11361031,-0.10256614,-0.15366447,-0.19495486,-0.15363887,-0.128156,-0.15350626,-0.041086134,-0.12967405,-0.15367082,-0.2300741,-0.15364823,-0.10384405,-0.15221143,-0.0784167,-0.15352407,-0.12766197,-0.15354452,-0.121451,-0.075820275,-0.09192432,-0.101488546,-0.15339527,-0.1569036,-0.12378413,-0.15350957,-0.1410757,-0.13984437,-0.18093297,-0.1536734,-0.25777104,-0.12844054,-0.15357731,-0.13462572,-0.119081676,-0.15364322,-0.1569969,-0.1569986,-0.15699977,-0.19755594,-0.25103784,-0.20219928,-0.19465852,-0.24831252,-0.20506537,-0.22091979,-0.15365767,-0.12847696,-0.11956477,-0.15365298,-0.15699312,-0.20931396,-0.18224281,-0.1536434,-0.32474133,-0.15367147,-0.15700248,-0.15700135,-0.15700099,-0.2185038,-0.1536425,-0.114121355,-0.15364602,-0.15698665,-0.15699336,-0.22984435,-0.15366502,-0.15697467,-0.08963354,-0.15356067,-0.15695238,-0.15697017,-0.15697184,-0.13302092,-0.1051107,-0.14014931,-0.15141064,-0.15839578,-0.15615125,-0.14613561,-0.15366134,-0.12319561,-0.12887697,-0.15362422,-0.1570023,-0.15700182,-0.15700182,-0.15700233,0.9620365,-0.11451449,-0.1536321,-0.15564899,-0.14443555,-0.16636807,-0.15366665,-0.15692177,-0.12993515,-0.047159404,-0.14758196,-0.14016809,-0.14106366,-0.15351927,-0.19987361,-0.1649412,-0.17166539,-0.15364414,-0.15695953,-0.12722544,-0.14610182,-0.2588673,-0.12866268,-0.15354234,-0.09132757,-0.12832497,-0.13684332,-0.16221203,-0.15659244,-0.12800449,-0.15340865,-0.15690614,-0.15695599,-0.15699017,-0.15740095,-0.19795567,-0.15106063,-0.07294749,-0.2039893,-0.15363273,-0.15695459,-0.104459345,-0.15324387,-0.17466888,-0.13176009,-0.15364048,-0.15109587,-0.10913184,-0.15347259,-0.05825615,-0.14326635,-0.17082691,-0.15357783,-0.18883844,-0.15367258,-0.31316653,-0.1536625,-0.16808087,-0.14331596,-0.15366477,-0.15699878,-0.25088155,-0.15367296,-0.22115314,-0.07562123,-0.086852394,2.1860387,-0.060967896,-0.14682627,-0.16796505,1.9907138,-0.22133875,-0.12812386,-0.0969081,-0.16398169,-0.12716047,-0.11335766,-0.18846886,-0.12886924,-0.17755464,-0.0994983,-0.115196005,-0.15357912,-0.11662802,-0.19749595,-0.14526704,-0.12781724,-0.096878245,-0.15357956,-0.15680024,-0.12434345,-0.11230643,-0.063823454,-0.15350801,-0.11419349,-0.10007019,-0.24483351,-0.15367351,-0.15699005,-0.16344379,-0.1759062,-0.12524253,-0.15365857,-0.0782174,-0.19187105,-0.18185812,-0.09859173,-0.11065883,-0.15332663,-0.15667175,-0.083404,-0.1213824,-0.13072303,-0.13855581,-0.19385117,-0.15363531,-0.1569956,-0.19487974,-0.23847799,-0.2432746,-0.12851039,-0.15346362,-0.15696624,-0.14520228,-0.2961179,-0.15367275,-0.19813283,-0.12876624,-0.1536071,-0.060104962,-0.15931924,-0.15367094,-0.2028091,-0.2868003,-0.11816878,-0.14795661,-0.10060286,-0.15351132,-0.13614628,-0.20725825,-0.17393659,-0.125103,-0.15657571,-0.15690626,-0.1536695,-0.1569981,-0.16221246,-0.22200036,-0.1289444,-0.2814266,-0.15367395,-0.1915083,-0.24371436,-0.16952515,-0.15358296,-0.13369927,-0.12557748,-0.15366629,-0.18106565,-0.15367368,-0.18642783,-0.15361485,-0.30462334,-0.15355904,-0.14691104,-0.13029914,-0.1536604,-0.15698549,-0.18915205,-0.1288619,-0.15366557,-0.10481856,-0.1650517,-0.15366325,-0.15700015,-0.15696952,-0.12841038,-0.15356603,-0.15696523,-0.15695594,-0.15696774,-0.1569763,-0.16505513,-0.17392421,-0.15365861,-0.1569928,-0.15698236,-0.15699333,-0.2025511,-0.15354379,-0.14723541,-0.1526309,-0.11499533,-0.10471026,-0.11893196,-0.15366238,-0.1569193,-0.12882084,-0.19501048,-0.1536704,-0.18738703,-0.11705899,-0.17429145,-0.15366018,-0.06652963,-0.15341187,-0.10737923,-0.124497145,-0.15298569,-0.052188452,-0.26007295
k__Bacteria|p__Firmicutes|c__Clostridia|o__Eubacteriales|f__Eubacteriaceae|g__Eubacterium|s__Eubacterium_maltosivorans,-0.1004395,-0.12316422,-0.15421088,-0.157442,-0.15744233,-0.23867357,-0.1666669,-0.16813041,-0.10929718,-0.22895765,-0.23728925,-0.15421629,-0.22850217,-0.3768707,-0.08556121,-0.1537602,-0.058144663,-0.15360044,-0.1573718,-0.19931981,-0.1978925,-0.12999572,-0.15417588,-0.12711628,-0.20043859,-0.11658599,-0.182019,-0.25032333,-0.1509206,-0.15418187,-0.15142563,-0.10844302,-0.18249588,-0.28454733,-0.15420103,-0.13021262,-0.15421356,-0.22338755,-0.1542167,-0.29867563,-0.1542168,-0.29356226,-0.1294235,-0.15405047,-0.13691942,-0.15421039,-0.23188588,-0.24781659,-0.1296162,-0.13021994,-0.24679694,-0.18279888,-0.25087595,-0.26027086,-0.28621647,-0.27511892,-0.11894142,-0.15411794,-0.040142577,-0.056944285,-0.15340334,-0.11274739,-0.13743341,-0.13008943,-0.15419243,-0.15743697,-0.1574421,-0.15744281,-0.27573854,-0.15417218,-0.1300906,-0.16243835,-0.12334165,-0.14074792,-0.15417784,-0.15887658,-0.14481027,-0.13019444,-0.18691605,-0.14998752,-0.15420303,-0.15741803,-0.15743095,-0.15735489,-0.120334074,-0.13700745,-0.08858878,-0.15419625,-0.19008024,-0.15420896,-0.2004665,-0.11139822,-0.1388583,-0.13027036,-0.1074974,-0.15152657,-0.15409927,-0.1570968,-0.10065024,-0.08152827,-0.09427856,-0.15415527,-0.11960925,-0.15027548,-0.16982608,-0.1185138,-0.15417498,-0.15743515,-0.17738779,-0.15176103,-0.15421224,-0.25953975,-0.17989698,-0.13525523,-0.15420899,-0.15095688,-0.17780018,-0.2009549,-0.15418613,-0.09015879,-0.15387413,-0.12151222,-0.121854745,-0.13997786,-0.21433522,-0.13908121,-0.16057305,-0.15412757,-0.07092635,-0.15350232,-0.15658656,-0.18733518,-0.15392888,-0.13007912,-0.12334781,-0.14100276,-0.15416309,-0.114095174,-0.25318068,-0.26654312,-0.12923655,-0.10945694,-0.15415278,-0.09238048,-0.20963459,-0.15420926,-0.15734744,-0.12953725,-0.15412922,-0.16015086,-0.1553517,-0.15421422,-0.19704957,-0.20616047,-0.12891668,-0.10460003,-0.11361031,-0.10256614,-0.15420571,-0.19495486,-0.15417752,-0.12945528,-0.15403152,-0.041086134,-0.12967405,-0.15421289,-0.2300741,-0.15418775,-0.10384405,-0.15262462,-0.0784167,-0.1540536,-0.12766197,-0.15407515,-0.121451,-0.075820275,-0.09192432,-0.101488546,-0.15391295,-0.15733509,-0.12378413,-0.15403798,-0.1410757,-0.13984437,-0.18093297,-0.15421557,-0.25777104,-0.12844054,-0.15411194,-0.13462572,-0.119081676,-0.15418224,-0.15743755,-0.15743938,-0.15744063,-0.19755594,-0.25103784,-0.20219928,-0.19465852,-0.24831252,-0.20506537,-0.22091979,-0.15419874,-0.12976415,-0.11956477,-0.1541931,-0.15743345,-0.20931396,-0.18224281,-0.1541835,-0.32474133,-0.15421344,-0.1574436,-0.15744236,-0.15744194,3.2408047,-0.1541825,-0.114121355,-0.15418644,-0.15742707,-0.15743367,-0.22984435,-0.15420634,-0.15741438,-0.08963354,-0.15409377,-0.15738827,-0.15740898,-0.15740971,-0.13302092,-0.1051107,-0.14014931,-0.15141064,-0.15839578,-0.15615125,-0.14613561,-0.15420216,-0.12319561,-0.13016418,-0.15416344,-0.15744339,-0.15744287,-0.1574429,-0.15744343,-0.38518023,-0.11451449,-0.15417084,-0.15564899,-0.14443555,-0.16636807,-0.1542084,-0.15735848,-0.12993515,-0.047159404,-0.14777379,-0.14016809,-0.14106366,-0.15404922,-0.19987361,-0.1649412,-0.17166539,-0.1541836,-0.15739587,-0.12722544,-0.14610182,-0.2588673,-0.12994042,-0.15407239,-0.09132757,-0.12832497,-0.13684332,-0.16221203,-0.15659244,-0.12930374,-0.15393047,-0.15733857,-0.15739259,-0.1574301,-0.15740095,-0.19795567,-0.15106063,-0.07294749,-0.2039893,-0.15417203,-0.15739056,-0.104459345,-0.15380856,-0.17466888,-0.13176009,-0.15417904,-0.15109587,-0.10913184,-0.15399857,-0.05825615,-0.14326635,-0.17082691,-0.15411258,-0.18883844,-0.15421474,-0.31316653,-0.15420428,-0.16808087,-0.14331596,-0.15420616,-0.15743966,-0.25088155,-0.15421516,-0.22115314,-0.07562123,-0.086852394,-0.10702289,-0.060967896,-0.1469585,-0.16796505,-0.15746465,-0.22133875,-0.12812386,-0.0969081,-0.16398169,-0.12716047,-0.11335766,-0.18846886,-0.13015541,-0.17755464,-0.0994983,-0.115196005,-0.15411347,-0.11662802,-0.19749595,-0.14526704,-0.12781724,-0.096878245,-0.15411198,-0.15722305,-0.12434345,-0.11230643,-0.063823454,-0.15403539,-0.11419349,-0.10007019,-0.24483351,-0.1542157,-0.15743002,-0.16344379,-0.1759062,-0.12524253,-0.15419927,-0.0782174,-0.19187105,-0.18185812,-0.09859173,-0.11065883,-0.15383609,-0.15708292,-0.083404,-0.1213824,-0.13072303,-0.13855581,-0.19385117,-0.15417492,-0.15743607,-0.19487974,-0.23847799,-0.2432746,-0.12978478,-0.15398753,-0.15740451,-0.14520228,-0.2961179,-0.15421487,-0.19813283,-0.13004783,-0.15414432,-0.060104962,-0.15931924,-0.15421295,-0.2028091,-0.2868003,-0.11816878,-0.14795661,-0.10060286,-0.15404123,-0.13614628,-0.20725825,-0.17393659,-0.125103,-0.15657571,-0.15690626,-0.15421139,-0.15743877,-0.16221246,-0.22200036,-0.13023692,-0.2814266,-0.15421619,-0.1915083,-0.24371436,-0.16952515,-0.15411842,-0.13369927,-0.12557748,-0.15420793,-0.18106565,-0.15421589,-0.18642783,-0.15415353,-0.30462334,-0.15409389,-0.14691104,-0.13029914,-0.15420151,-0.15742496,-0.18915205,-0.13014548,-0.15420695,-0.10481856,-0.1650517,-0.15420477,-0.15744108,-0.15740776,-0.12968937,-0.15409806,-0.15740384,-0.1573934,-0.15740646,-0.157415,-0.16505513,-0.17392421,-0.15419972,-0.157433,-0.15742189,-0.15743357,-0.2025511,-0.15354379,-0.14723541,-0.15311557,-0.11499533,-0.10471026,-0.11893196,-0.15420362,-0.15735364,-0.1301005,-0.19501048,-0.15421242,-0.18738703,-0.11705899,-0.17429145,-0.15420052,-0.06652963,-0.15392837,-0.10737923,-0.124497145,-0.15298569,-0.052188452,-0.26007295
k__Bacteria|p__Firmicutes|c__Clostridia|o__Eubacteriales|f__Clostridiaceae|g__Lactonifactor|s__Lactonifactor_sp_BIOML_A6,-0.1004395,-0.12316422,-0.15350401,-0.15675062,-0.15675089,-0.23867357,-0.1666669,-0.16813041,-0.10929718,-0.22895765,-0.23728925,-0.15350875,-0.22850217,-0.3768707,-0.08556121,-0.15309845,-0.058144663,-0.15296972,-0.1566889,-0.19931981,-0.1978925,-0.1291924,-0.15347347,-0.12711628,-0.20043859,-0.11658599,-0.182019,-0.25032333,-0.1509206,-0.15347858,-0.15142563,-0.10844302,-0.18249588,-0.28454733,-0.15349516,-0.12939078,-0.15350637,-0.22338755,-0.15350914,-0.29867563,-0.1535092,-0.29356226,-0.12863797,-0.15336227,-0.13691942,-0.15350363,-0.23188588,-0.24781659,-0.1296162,-0.12939712,-0.24679694,-0.18279888,-0.25087595,-0.26027086,-0.28621647,-0.27511892,-0.11894142,-0.15342236,-0.040142577,-0.056944285,-0.15279222,-0.11274739,-0.13743341,-0.12927823,-0.15348765,-0.15674621,-0.15675068,-0.1567513,-0.27573854,-0.15346956,-0.12927815,-0.16243835,-0.12334165,-0.14074792,-0.15347512,-0.15887658,-0.14481027,-0.12937415,-0.18691605,-0.14998752,-0.15349716,-0.15672961,-0.15674081,-0.15667358,-0.120334074,-0.13700745,-0.08858878,-0.1534912,-0.19008024,-0.15350235,-0.2004665,-0.11139822,-0.1388583,-0.13027036,-0.1074974,-0.15152657,-0.15340638,-0.15642372,-0.10065024,-0.08152827,-0.09427856,-0.1534555,-0.11960925,-0.15027548,-0.16982608,-0.1185138,-0.15347253,-0.1567446,-0.17738779,-0.15176103,-0.1535052,-0.25953975,-0.17989698,-0.13525523,-0.15350239,-0.15095688,-0.17780018,-0.2009549,-0.15348181,-0.09015879,-0.1532093,-0.12151222,-0.121854745,-0.13997786,-0.21433522,-0.13908121,-0.16057305,-0.15343128,-0.07092635,-0.15287748,-0.15599072,-0.18733518,-0.15325212,-0.12925974,-0.12334781,-0.14100276,-0.15346229,-0.114095174,-0.25318068,-0.26654312,-0.12846285,-0.10945694,-0.15345328,-0.09238048,-0.20963459,-0.15350264,-0.15666753,-0.12873721,-0.1534321,-0.16015086,-0.1553517,-0.15350696,-0.19704957,-0.20616047,-0.12813962,-0.10460003,-0.11361031,-0.10256614,-0.15349957,-0.19495486,-0.15347515,-0.12865758,-0.15334703,-0.041086134,-0.12967405,-0.15350574,-0.2300741,-0.15348446,-0.10384405,-0.1520977,-0.0784167,-0.15336594,-0.12766197,-0.15338495,-0.121451,-0.075820275,-0.09192432,-0.101488546,-0.15324187,-0.15665713,-0.12378413,-0.15334183,-0.1410757,-0.13984437,-0.18093297,-0.15350814,-0.25777104,-0.12844054,-0.15341668,-0.13462572,-0.119081676,-0.15347908,-0.15674669,-0.15674832,-0.15674943,-0.19755594,-0.25103784,-0.20219928,-0.19465852,-0.24831252,-0.20506537,-0.22091979,-0.15349339,-0.1289576,-0.11956477,-0.15348855,-0.15674311,-0.20931396,-0.18224281,-0.1534794,-0.32474133,-0.15350628,-0.15675199,-0.15675095,-0.15675056,-0.2185038,-0.15347898,-0.114121355,-0.15348244,-0.1567373,-0.15674335,-0.22984435,-0.15350008,-0.1567257,-0.08963354,-0.1534009,-0.1567038,-0.1567215,-0.15672249,-0.13302092,-0.1051107,-0.14014931,-0.15141064,-0.15839578,-0.15615125,-0.14613561,-0.1534965,-0.12319561,-0.12934735,-0.15346201,-0.15675184,-0.15675136,-0.15675136,-0.15675187,-0.38518023,-0.11451449,-0.15346892,-0.15564899,-0.14443555,-0.16636807,-0.15350181,-0.15667707,0.8398941,-0.047159404,-0.14779569,2.3488731,3.7741091,-0.153362,1.990337,-0.1649412,-0.17166539,-0.15348017,-0.15671054,-0.12722544,-0.14610182,-0.2588673,-0.12913722,-0.15338236,-0.09132757,-0.12832497,-0.13684332,-0.16221203,-0.15659244,-0.12852173,-0.1532566,-0.15666002,-0.15670747,-0.15674019,-0.15740095,-0.19795567,-0.15106063,-0.07294749,-0.2039893,-0.15346968,-0.15670592,-0.104459345,-0.15309203,-0.17466888,-0.13176009,-0.15347639,-0.15109587,-0.10913184,-0.15331608,-0.05825615,-0.14326635,-0.17082691,-0.15341753,-0.18883844,-0.1535074,-0.31316653,-0.15349811,-0.16808087,-0.14331596,-0.15349989,-0.15674853,-0.25088155,-0.15350777,-0.22115314,-0.07562123,-0.086852394,-0.10702289,-0.060967896,-0.14708501,-0.16796505,-0.15746465,-0.22133875,-0.12812386,-0.0969081,-0.16398169,-0.12716047,-0.11335766,-0.18846886,-0.1293391,-0.17755464,-0.0994983,-0.115196005,-0.15341851,-0.11662802,-0.19749595,-0.14526704,-0.12781724,-0.096878245,-0.15341781,-0.15655875,-0.12434345,-0.11230643,-0.063823454,-0.15334973,-0.11419349,-0.10007019,-0.24483351,-0.15350825,-0.1567404,-0.16344379,-0.1759062,-0.12524253,-0.15349391,-0.0782174,-0.19187105,-0.18185812,-0.09859173,-0.11065883,-0.1531756,-0.15643546,-0.083404,-0.1213824,-0.13072303,-0.13855581,-0.19385117,-0.15347229,-0.15674543,-0.19487974,-0.23847799,-0.2432746,-0.12900308,-0.15330786,-0.15671763,-0.14520228,-0.2961179,-0.15350753,-0.19813283,-0.1292397,-0.15344533,-0.060104962,-0.15931924,-0.15350583,-0.2028091,-0.2868003,-0.11816878,-0.14795661,-0.10060286,-0.15335456,-0.13614628,-0.20725825,-0.17393659,-0.125103,-0.15657571,-0.15690626,-0.15350446,-0.15674779,-0.16221246,-0.22200036,-0.12941228,-0.2814266,-0.15350866,-0.1915083,-0.24371436,-0.16952515,-0.15342213,-0.13369927,-0.12557748,-0.15350144,-0.18106565,-0.15350841,-0.18642783,-0.15345302,-0.30462334,-0.1534006,-0.14691104,-0.13029914,-0.15349582,-0.15673578,-0.18915205,-0.12933122,-0.1535006,-0.10481856,-0.1650517,-0.15349858,-0.15674978,-0.1567213,-0.12891817,-0.15340525,-0.15671691,-0.15670782,-0.15671924,-0.15672699,-0.16505513,-0.17392421,-0.15349415,-0.15674272,-0.15673295,-0.15674326,-0.2025511,-0.15354379,-0.14723541,-0.15253268,-0.11499533,-0.10471026,-0.11893196,-0.15349767,-0.15667292,-0.12929007,-0.19501048,-0.15350534,-0.18738703,-0.11705899,-0.17429145,-0.15349552,-0.06652963,-0.15325513,-0.10737923,-0.124497145,-0.15298569,-0.052188452,-0.26007295
k__Bacteria|p__Firmicutes|c__Bacilli|o__Lactobacillales|f__Streptococcaceae|g__Streptococcus|s__Streptococcus_rubneri,-0.1004395,-0.12316422,-0.15524647,-0.15855339,-0.15855366,-0.23867357,-0.1666669,-0.16813041,-0.10929718,-0.22895765,-0.23728925,-0.15525128,-0.22850217,-0.3768707,-0.08556121,-0.15485378,-0.058144663,-0.15471806,-0.15849124,-0.19931981,-0.1978925,-0.13050725,-0.15521598,-0.12711628,-0.20043859,-0.11658599,-0.182019,-0.25032333,-0.1509206,-0.15522087,-0.15142563,-0.10844302,-0.18249588,-0.28454733,-0.15523821,-0.13068677,-0.15524888,-0.22338755,-0.15525165,-0.29867563,-0.15525171,-0.29356226,-0.13002938,-0.15510377,-0.13691942,-0.15524614,-0.23188588,-0.24781659,-0.1296162,-0.13069266,-0.24679694,-0.18279888,-0.25087595,-0.26027086,-0.28621647,-0.27511892,-0.11894142,-0.15516496,-0.040142577,-0.056944285,-0.15452543,-0.11274739,-0.13743341,-0.13058315,-0.15522991,-0.15854897,-0.15855342,-0.15855408,-0.27573854,-0.15521264,-0.13058363,-0.16243835,-0.12334165,-0.14074792,-0.15521747,-0.15887658,-0.14481027,-0.13067216,-0.18691605,-0.14998752,-0.15523961,-0.1585322,-0.15854345,-0.15847985,-0.120334074,-0.13700745,-0.08858878,-0.15523368,-0.19008024,-0.15524483,-0.2004665,-0.11139822,-0.1388583,-0.13027036,-0.1074974,-0.15152657,-0.15514871,-0.15826659,-0.10065024,-0.08152827,-0.09427856,-0.15519807,-0.11960925,-0.15027548,-0.16982608,-0.1185138,-0.15521464,-0.15854736,-0.17738779,-0.15176103,-0.15524769,-0.25953975,-0.17989698,-0.13525523,-0.1552449,-0.15095688,-0.17780018,-0.2009549,-0.15522483,-0.09015879,-0.154953,-0.12151222,-0.121854745,-0.13997786,-0.21433522,-0.13908121,-0.16057305,-0.15517387,-0.07092635,-0.15462422,-0.15777948,-0.18733518,-0.15499148,-0.1305752,-0.12334781,-0.14100276,-0.15520455,-0.114095174,-0.25318068,-0.26654312,-0.12987512,-0.10945694,-0.15519571,-0.09238048,-0.20963459,-0.15524513,-0.1584699,-0.13011828,-0.15517437,-0.16015086,-0.1553517,-0.15524946,-0.19704957,-0.20616047,-0.12957565,-0.10460003,-0.11361031,-0.10256614,-0.15524206,-0.19495486,-0.1552187,-0.13005084,-0.15509057,-0.041086134,-0.12967405,-0.1552482,-0.2300741,-0.15522733,-0.10384405,-0.15385592,-0.0784167,-0.15510795,-0.12766197,-0.15512735,-0.121451,-0.075820275,-0.09192432,-0.101488546,-0.15498556,-0.15846005,-0.12378413,-0.15510064,-0.1410757,-0.13984437,-0.18093297,-0.15525065,-0.25777104,-0.12844054,-0.15516225,-0.13462572,-0.119081676,-0.15522166,-0.15854943,-0.15855105,-0.15855217,-0.19755594,-0.25103784,-0.20219928,-0.19465852,-0.24831252,-0.20506537,-0.22091979,-0.15523586,-0.1303139,-0.11956477,-0.15523106,-0.15854582,-0.20931396,-0.18224281,-0.1552226,-0.32474133,-0.15524879,-0.15855476,-0.1585537,-0.15855333,-0.2185038,-0.15522182,-0.114121355,-0.1552245,-0.15853974,-0.15854603,-0.22984435,-0.15524259,-0.15852883,-0.08963354,-0.15514293,-0.15850663,-0.15852389,-0.15852535,-0.13302092,-0.1051107,-0.14014931,-0.15141064,-0.15839578,-0.15615125,-0.14613561,-0.15523905,-0.12319561,-0.13064478,-0.15520373,-0.1585546,-0.15855414,-0.15855414,-0.15855464,-0.38518023,-0.11451449,-0.15521112,-0.15564899,-0.14443555,-0.16636807,-0.1552442,-0.15847881,-0.12993515,-0.047159404,-0.14943507,-0.14016809,-0.14106366,-0.15510306,-0.19987361,-0.1649412,-0.17166539,-0.1552226,-0.15851346,-0.12722544,-0.14610182,-0.2588673,-0.13046601,-0.1551257,-0.09132757,-0.12832497,-0.13684332,-0.16221203,-0.15659244,-0.12992162,-0.15499872,-0.15846264,-0.1585102,-0.15854296,-0.15740095,-0.19795567,-0.15106063,-0.07294749,-0.2039893,-0.1552118,-0.15850884,-0.104459345,-0.15490033,-0.17466888,-0.13176009,-0.15521897,-0.15109587,-0.10913184,-0.15506025,-0.05825615,-0.14326635,-0.17082691,-0.15515924,-0.18883844,-0.1552499,-0.31316653,-0.15524036,-0.16808087,-0.14331596,-0.15524238,-0.15855125,-0.25088155,-0.15525025,-0.22115314,-0.07562123,-0.086852394,-0.10702289,-0.060967896,-0.14871556,-0.16796505,-0.15746465,-0.22133875,-0.12812386,-0.0969081,-0.16398169,-0.12716047,-0.11335766,-0.18846886,-0.1306392,-0.17755464,-0.0994983,-0.115196005,-0.15516052,-0.11662802,-0.19749595,-0.14526704,-0.12781724,-0.096878245,-0.1551607,-0.15836176,-0.12434345,-0.11230643,-0.063823454,-0.15509287,-0.11419349,-0.10007019,-0.24483351,-0.15525076,-0.15854318,-0.16344379,-0.1759062,-0.12524253,-0.1552364,-0.0782174,-0.19187105,-0.18185812,-0.09859173,-0.11065883,-0.15491879,-0.15823847,-0.083404,-0.1213824,-0.13072303,-0.13855581,-0.19385117,-0.1552143,-0.15854818,-0.19487974,-0.23847799,-0.2432746,-0.13031913,-0.15505022,-0.1585201,-0.14520228,-0.2961179,-0.15525004,-0.19813283,-0.1305507,-0.15518749,-0.060104962,-0.15931924,-0.1552483,-0.2028091,-0.2868003,-0.11816878,-0.14795661,-0.10060286,-0.15509602,-0.13614628,-0.20725825,-0.17393659,-0.125103,-0.15657571,-0.15690626,-0.15524693,-0.15855056,-0.16221246,-0.22200036,-0.1307073,-0.2814266,-0.15525118,-0.1915083,-0.24371436,-0.16952515,-0.1551674,-0.13369927,-0.12557748,-0.15524384,-0.18106565,-0.15525094,-0.18642783,-0.155196,-0.30462334,-0.15514141,-0.14691104,-0.13029914,-0.1552382,-0.15853843,-0.18915205,-0.13063166,-0.15524314,-0.10481856,-0.1650517,-0.15524095,-0.15855254,-0.1585244,-0.1302503,-0.15514791,-0.15851921,-0.1585103,-0.1585216,-0.15852973,-0.16505513,-0.17392421,-0.15523651,-0.15854546,-0.15853551,-0.15854597,-0.2025511,-0.15354379,-0.14723541,-0.15425661,-0.11499533,1.8800381,1.5040605,-0.15524009,-0.15847726,-0.13059348,-0.19501048,-0.1552478,-0.18738703,-0.11705899,-0.17429145,-0.15523858,-0.06652963,-0.1550009,-0.10737923,-0.124497145,-0.15298569,-0.052188452,-0.26007295
k__Bacteria|p__Firmicutes|c__Erysipelotrichia|o__Erysipelotrichales|f__Erysipelotrichaceae|g__Solobacterium|s__Solobacterium_moorei,-0.1004395,-0.12316422,-0.153691,-0.15700299,-0.15700328,-0.23867357,-0.1666669,-0.16813041,-0.10929718,-0.22895765,-0.23728925,-0.15369621,-0.22850217,-0.3768707,-0.08556121,-0.15325698,-0.058144663,-0.15310836,-0.15693545,-0.19931981,-0.1978925,-0.12889801,-0.15365776,-0.12711628,-0.20043859,-0.11658599,-0.182019,-0.25032333,-0.1509206,-0.15366325,-0.15142563,-0.10844302,-0.18249588,-0.28454733,-0.15368223,-0.12909402,-0.15369359,-0.22338755,-0.15369661,-0.29867563,-0.15369669,-0.29356226,-0.12836541,-0.15353605,-0.13691942,-0.1536906,-0.23188588,-0.24781659,-0.1296162,-0.12910014,-0.24679694,-0.18279888,-0.25087595,-0.26027086,-0.28621647,-0.27511892,-0.11894142,-0.1536023,-0.040142577,-0.056944285,-0.15290391,-0.11274739,-0.13743341,-0.12897992,-0.15367296,-0.15699816,-0.15700305,-0.15700376,-0.27573854,-0.15365508,-0.12898088,-0.16243835,-0.12334165,-0.14074792,-0.15365922,-0.15887658,-0.14481027,-0.12907776,-0.18691605,-0.14998752,-0.15368351,-0.15697989,-0.1569922,-0.15692407,-0.120334074,-0.13700745,-0.08858878,-0.15367699,-0.19008024,-0.15368916,-0.2004665,-0.11139822,-0.1388583,-0.13027036,-0.1074974,-0.15152657,-0.1535839,-0.15667626,-0.10065024,-0.08152827,-0.09427856,-0.15363812,-0.11960925,-0.15027548,-0.16982608,-0.1185138,-0.15365654,-0.1569964,-0.17738779,-0.15176103,-0.15369229,-0.25953975,-0.17989698,-0.13525523,-0.15368924,-0.15095688,-0.17780018,-0.2009549,-0.15366817,-0.09015879,-0.15336919,-0.12151222,-0.121854745,-0.13997786,-0.21433522,-0.13908121,-0.16057305,-0.15361169,-0.07092635,-0.15300874,-0.15616053,-0.18733518,-0.15341486,-0.12896904,-0.12334781,-0.14100276,-0.15364516,-0.114095174,-0.25318068,-0.26654312,-0.12821619,-0.10945694,-0.1536355,-0.09238048,-0.20963459,-0.15368947,-0.15691555,-0.1284722,-0.15361252,-0.16015086,-0.1553517,-0.15369423,-0.19704957,-0.20616047,-0.1279349,-0.10460003,-0.11361031,-0.10256614,-0.15368614,-0.19495486,-0.1536614,-0.12841684,-0.15351984,-0.041086134,-0.12967405,-0.15369286,-0.2300741,-0.15367116,-0.10384405,-0.1521627,-0.0784167,-0.15354055,-0.12766197,-0.1535607,-0.121451,-0.075820275,-0.09192432,-0.101488546,-0.15340519,-0.15690073,-0.12378413,-0.15352905,-0.1410757,-0.13984437,-0.18093297,-0.15369552,-0.25777104,-0.12844054,-0.15360227,-0.13462572,-0.119081676,-0.15366378,-0.1569987,-0.15700045,-0.15700167,-0.19755594,-0.25103784,-0.20219928,-0.19465852,-0.24831252,-0.20506537,-0.22091979,-0.15367979,-0.12867929,-0.11956477,-0.15367413,-0.15699476,-0.20931396,-0.18224281,-0.1536656,-0.32474133,-0.15369347,-0.1570045,-0.15700334,-0.15700293,-0.2185038,-0.15366597,-0.114121355,-0.1536673,-0.15698825,-0.15699506,-0.22984435,-0.15368675,-0.15697825,-0.08963354,-0.15357849,-0.15695187,-0.15697092,-0.1569722,-0.13302092,-0.1051107,-0.14014931,-0.15141064,-0.15839578,-0.15615125,-0.14613561,-0.15368283,-0.12319561,-0.12904799,-0.15364438,-0.1570043,-0.1570038,-0.15700382,-0.15700436,-0.38518023,-0.11451449,-0.15365237,-0.15564899,-0.14443555,-0.16636807,-0.1536885,-0.15692347,-0.12993515,-0.047159404,-0.14734852,-0.14016809,-0.14106366,-0.15353428,-0.19987361,-0.1649412,-0.17166539,-0.15366487,-0.15695919,-0.12722544,-0.14610182,-0.2588673,-0.12885018,-0.15355879,-0.09132757,-0.12832497,-0.13684332,-0.16221203,-0.15659244,-0.12831645,-0.15342271,-0.1569041,-0.15695585,-0.15699163,-0.15740095,-0.19795567,-0.15106063,-0.07294749,-0.2039893,-0.15365322,-0.15695432,-0.104459345,-0.15331846,-0.17466888,3.0286186,-0.15366083,-0.15109587,-0.10913184,-0.15348879,-0.05825615,-0.14326635,-0.17082691,-0.15359578,-0.18883844,-0.15369469,-0.31316653,-0.15368447,-0.16808087,-0.14331596,-0.1536865,-0.15700068,-0.25088155,-0.15369509,-0.22115314,-0.07562123,-0.086852394,-0.10702289,-0.060967896,-0.14657292,-0.16796505,-0.15746465,-0.22133875,-0.12812386,-0.0969081,-0.16398169,-0.12716047,-0.11335766,-0.18846886,-0.1290416,-0.17755464,-0.0994983,-0.115196005,-0.15359713,-0.11662802,-0.19749595,-0.14526704,-0.12781724,-0.096878245,-0.1535973,-0.15679376,-0.12434345,-0.11230643,-0.063823454,-0.15352306,-0.11419349,-0.10007019,-0.24483351,-0.15369564,-0.1569925,-0.16344379,-0.1759062,-0.12524253,-0.15367994,-0.0782174,-0.19187105,-0.18185812,-0.09859173,-0.11065883,-0.15333185,-0.15665814,-0.083404,-0.1213824,-0.13072303,-0.13855581,-0.19385117,-0.15365598,-0.15699732,-0.19487974,-0.23847799,-0.2432746,-0.12871082,-0.15347657,-0.15696675,-0.14520228,-0.2961179,-0.15369485,-0.19813283,-0.12894651,-0.1536268,-0.060104962,-0.15931924,-0.15369298,-0.2028091,-0.2868003,-0.11816878,-0.14795661,-0.10060286,-0.15352693,-0.13614628,-0.20725825,0.66490537,-0.125103,-0.15657571,-0.15690626,-0.15369147,-0.15699992,-0.16221246,1.6693983,-0.12911616,-0.2814266,-0.15369609,-0.1915083,-0.24371436,-0.16952515,-0.1536078,-0.13369927,-0.12557748,-0.15368813,-0.18106565,-0.15369582,-0.18642783,-0.15363741,-0.30462334,-0.15357646,-0.14691104,-0.13029914,-0.15368193,-0.15698668,-0.18915205,-0.1290339,-0.15368734,-0.10481856,-0.1650517,-0.15368497,-0.15700208,-0.15697281,-0.12863372,-0.153583,-0.1569658,-0.15695606,-0.15696844,-0.15697736,-0.16505513,-0.17392421,-0.15368015,-0.15699434,-0.1569835,-0.15699491,-0.2025511,-0.15354379,-0.14723541,-0.15261309,-0.11499533,-0.10471026,-0.11893196,-0.15368403,-0.15692216,-0.12899029,-0.19501048,-0.15369242,-0.18738703,-0.11705899,-0.17429145,-0.15368342,-0.06652963,-0.15342104,-0.10737923,-0.124497145,-0.15298569,-0.052188452,-0.26007295
k__Bacteria|p__Firmicutes|c__Erysipelotrichia|o__Erysipelotrichales|f__Turicibacteraceae|g__Turicibacter|s__Turicibacter_sanguinis,-0.1004395,-0.12316422,-0.15512484,-0.15847602,-0.15847634,-0.23867357,-0.1666669,-0.16813041,-0.10929718,-0.22895765,-0.23728925,-0.15513074,-0.22850217,-0.3768707,-0.08556121,-0.1546496,-0.058144663,-0.15448846,-0.15840006,-0.19931981,-0.1978925,-0.13001317,-0.1550878,-0.12711628,-0.20043859,-0.11658599,-0.182019,-0.25032333,-0.1509206,-0.15509334,-0.15142563,-0.10844302,-0.18249588,-0.28454733,-0.15511435,-0.13023749,-0.15512782,-0.22338755,-0.15513119,-0.29867563,-0.15513128,-0.29356226,-0.12942064,-0.15494879,-0.13691942,-0.15512452,-0.23188588,-0.24781659,-0.1296162,-0.13024442,-0.24679694,-0.18279888,-0.25087595,-0.26027086,-0.28621647,-0.27511892,-0.11894142,-0.15502556,-0.040142577,-0.056944285,-0.15423992,-0.11274739,-0.13743341,-0.13010623,-0.15510441,-0.15847066,-0.15847605,-0.15847686,-0.27573854,-0.15508208,-0.1301085,-0.16243835,-0.12334165,-0.14074792,-0.15508962,-0.15887658,-0.14481027,-0.1302192,-0.18691605,-0.14998752,-0.15511656,-0.15845016,-0.15846375,-0.15838265,-0.120334074,-0.13700745,-0.08858878,-0.15510935,-0.19008024,-0.1551229,-0.2004665,-0.11139822,-0.1388583,-0.13027036,-0.1074974,-0.15152657,-0.15500599,-0.1581121,-0.10065024,-0.08152827,-0.09427856,-0.1550661,-0.11960925,-0.15027548,-0.16982608,-0.1185138,-0.1550858,-0.15846868,-0.17738779,-0.15176103,-0.15512636,-0.25953975,-0.17989698,-0.13525523,-0.15512298,-0.15095688,-0.17780018,-0.2009549,-0.15509701,-0.09015879,-0.15476936,-0.12151222,-0.121854745,-0.13997786,-0.21433522,-0.13908121,-0.16057305,-0.15503678,-0.07092635,-0.15436769,-0.15751731,-0.18733518,-0.15480584,-0.13009271,-0.12334781,-0.14100276,-0.15507391,-0.114095174,-0.25318068,-0.26654312,-0.12920748,-0.10945694,-0.15506333,-0.09238048,-0.20963459,-0.15512326,-0.15837018,-0.12951973,-0.15503672,-0.16015086,-0.1553517,-0.15512852,-0.19704957,-0.20616047,-0.12882993,-0.10460003,-0.11361031,-0.10256614,-0.15511961,-0.19495486,-0.1550902,-0.12941411,-0.15493605,-0.041086134,-0.12967405,-0.15512693,-0.2300741,-0.15510073,-0.10384405,-0.15343802,-0.0784167,-0.1549559,-0.12766197,-0.15497994,-0.121451,-0.075820275,-0.09192432,-0.101488546,-0.15480697,-0.15836282,-0.12378413,-0.15494269,-0.1410757,-0.13984437,-0.18093297,-0.15513,-0.25777104,-0.12844054,-0.15501904,-0.13462572,-0.119081676,-0.15509498,-0.1584712,-0.15847316,-0.15847453,-0.19755594,-0.25103784,-0.20219928,-0.19465852,-0.24831252,-0.20506537,-0.22091979,-0.15511152,-0.1297569,-0.11956477,-0.15510625,-0.15846676,-0.20931396,-0.18224281,-0.15509504,-0.32474133,-0.15512773,-0.15847771,-0.15847641,-0.15847597,-0.2185038,-0.15509394,-0.114121355,-0.15509778,-0.15845898,-0.15846702,-0.22984435,-0.15512027,-0.15844502,-0.08963354,-0.15499827,-0.15841955,-0.15843979,-0.15844215,-0.13302092,-0.1051107,-0.14014931,-0.15141064,-0.15839578,-0.15615125,-0.14613561,-0.15511602,-0.12319561,-0.13018528,-0.15507208,-0.15847749,-0.15847692,-0.15847693,-0.15847754,-0.38518023,-0.11451449,-0.1550817,-0.15564899,-0.14443555,-0.16636807,-0.15512204,-0.15838245,-0.12993515,-0.047159404,-0.14794555,-0.14016809,-0.14106366,-0.15494955,-0.19987361,-0.1649412,-0.17166539,-0.15509589,-0.15842798,-0.12722544,-0.14610182,-0.2588673,-0.1299573,-0.15497793,-0.09132757,-0.12832497,-0.13684332,-0.16221203,-0.15659244,-0.12926771,-0.1548211,-0.15836553,-0.1584236,-0.15846336,-0.15740095,-0.19795567,-0.15106063,-0.07294749,-0.2039893,-0.15508227,-0.15842228,-0.104459345,-0.15467493,-0.17466888,-0.13176009,-0.1550918,-0.15109587,-0.10913184,-0.15489714,-0.05825615,-0.14326635,-0.17082691,-0.15501808,-0.18883844,-0.15512902,-0.31316653,-0.15511703,-0.16808087,-0.14331596,-0.15511993,-0.15847334,-0.25088155,-0.15512946,-0.22115314,-0.07562123,-0.086852394,-0.10702289,-0.060967896,-0.14706492,-0.16796505,-0.15746465,-0.22133875,-0.12812386,-0.0969081,-0.16398169,-0.12716047,-0.11335766,-0.18846886,-0.13017799,-0.17755464,-0.0994983,-0.115196005,-0.1550199,-0.11662802,-0.19749595,-0.14526704,-0.12781724,-0.096878245,-0.15502125,-0.15824267,-0.12434345,-0.11230643,-0.063823454,-0.15493777,-0.11419349,-0.10007019,-0.24483351,-0.15513012,-0.15846312,-0.16344379,-0.1759062,-0.12524253,-0.15511271,-0.0782174,-0.19187105,-0.18185812,-0.09859173,-0.11065883,-0.15472716,-0.15809286,-0.083404,-0.1213824,-0.13072303,-0.13855581,-0.19385117,-0.15508522,-0.15846968,-0.19487974,-0.23847799,-0.2432746,-0.12978072,-0.15488578,-0.15843526,-0.14520228,-0.2961179,-0.15512925,-0.19813283,-0.13006559,-0.15505251,-0.060104962,-0.15931924,-0.15512708,-0.2028091,0.9203957,-0.11816878,-0.14795661,-0.10060286,-0.15494022,-0.13614628,-0.20725825,-0.17393659,-0.125103,-0.15657571,-0.15690626,-0.15512542,-0.15847257,-0.16221246,-0.22200036,-0.13026237,-0.2814266,-0.15513061,-0.1915083,-0.24371436,-0.16952515,-0.15502474,-0.13369927,-0.12557748,-0.15512162,-0.18106565,-0.15513033,-0.18642783,-0.15506113,-0.30462334,-0.15499547,-0.14691104,-0.13029914,-0.15511478,-0.15845789,-0.18915205,-0.13016945,-0.15512085,-0.10481856,-0.1650517,-0.15511802,-0.15847497,-0.15843919,-0.12968634,-0.15500519,-0.15843394,-0.15842327,-0.15843694,-0.15844724,-0.16505513,-0.17392421,-0.15511264,-0.15846643,-0.15845418,-0.15846704,-0.2025511,-0.15354379,-0.14723541,-0.15390024,-0.11499533,-0.10471026,-0.11893196,-0.1551171,-0.15838057,-0.13012359,-0.19501048,-0.15512642,-0.18738703,-0.11705899,-0.17429145,-0.15511471,-0.06652963,-0.15482703,-0.10737923,-0.124497145,-0.15298569,-0.052188452,-0.26007295
k__Bacteria|p__Firmicutes|c__Tissierellia|o__Tissierellales|f__Peptoniphilaceae|g__Anaerococcus|s__Anaerococcus_jeddahensis,-0.1004395,-0.12316422,-0.15395032,-0.15722635,-0.15722658,-0.23867357,-0.1666669,-0.16813041,-0.10929718,-0.22895765,-0.23728925,-0.15395455,-0.22850217,-0.3768707,-0.08556121,-0.15360183,-0.058144663,-0.15348794,-0.15717171,-0.19931981,-0.1978925,-0.12945288,-0.15392357,-0.12711628,-0.20043859,-0.11658599,-0.182019,-0.25032333,-0.1509206,-0.1539278,-0.15142563,-0.10844302,-0.18249588,-0.28454733,-0.15394282,-0.12961933,-0.15395245,-0.22338755,-0.15395486,-0.29867563,-0.15395492,-0.29356226,-0.12901118,-0.15382457,-0.13691942,-0.15395004,-0.23188588,-0.24781659,-0.1296162,-0.12962463,-0.24679694,-0.18279888,-0.25087595,-0.26027086,-0.28621647,-0.27511892,-0.11894142,-0.1538786,-0.040142577,-0.056944285,-0.15331753,-0.11274739,-0.13743341,-0.1295226,-0.1539357,-0.15722248,-0.15722638,-0.15722695,-0.27573854,-0.15391938,-0.12952462,-0.16243835,-0.12334165,-0.14074792,-0.15392496,-0.15887658,-0.14481027,-0.12960592,-0.18691605,-0.14998752,-0.15394431,-0.15720776,-0.15721758,-0.15715924,-0.120334074,-0.13700745,-0.08858878,-0.15393911,-0.19008024,-0.1539489,-0.2004665,-0.11139822,-0.1388583,-0.13027036,-0.1074974,-0.15152657,-0.15386464,-0.15695392,-0.10065024,-0.08152827,-0.09427856,-0.15390787,-0.11960925,-0.15027548,-0.16982608,-0.1185138,-0.15392233,-0.15722105,-0.17738779,-0.15176103,-0.15395139,-0.25953975,-0.17989698,-0.13525523,-0.15394896,-0.15095688,-0.17780018,-0.2009549,-0.15393052,-0.09015879,-0.15369311,-0.12151222,-0.121854745,-0.13997786,-0.21433522,-0.13908121,-0.16057305,-0.15388665,-0.07092635,-0.15340257,-0.15654448,-0.18733518,-0.15372346,-0.12951127,-0.12334781,-0.14100276,-0.15391362,-0.114095174,-0.25318068,-0.26654312,-0.12883893,-0.10945694,-0.15390587,-0.09238048,-0.20963459,-0.15394916,-0.15715143,-0.12907326,-0.1538868,-0.16015086,-0.1553517,-0.15395296,-0.19704957,-0.20616047,-0.12856889,-0.10460003,-0.11361031,-0.10256614,-0.15394649,-0.19495486,-0.15392536,-0.12899807,-0.15381359,-0.041086134,-0.12967405,-0.15395182,-0.2300741,-0.15393317,-0.10384405,-0.15272096,-0.0784167,-0.15382825,-0.12766197,-0.15384576,-0.121451,-0.075820275,-0.09192432,-0.101488546,-0.15372054,-0.15714452,-0.12378413,-0.15381612,-0.1410757,-0.13984437,-0.18093297,-0.153954,-0.25777104,-0.12844054,-0.1538738,-0.13462572,-0.119081676,-0.15392862,-0.15722287,-0.1572243,-0.15722527,-0.19755594,-0.25103784,-0.20219928,-0.19465852,-0.24831252,-0.20506537,-0.22091979,-0.15394086,-0.12925488,-0.11956477,-0.15393683,-0.15721971,-0.20931396,-0.18224281,-0.15392883,-0.32474133,-0.15395236,-0.15722756,-0.15722662,-0.1572263,-0.2185038,-0.15392792,-0.114121355,-0.15393096,-0.15721428,-0.15721989,-0.22984435,-0.15394697,-0.15720393,-0.08963354,-0.15385918,-0.15718548,-0.15720043,-0.15720183,-0.13302092,-0.1051107,-0.14014931,-0.15141064,-0.15839578,-0.15615125,-0.14613561,-0.15394388,-0.12319561,-0.12958145,-0.15391272,-0.1572274,-0.157227,-0.15722701,-0.15722744,-0.38518023,-0.11451449,-0.15391934,-0.15564899,-0.14443555,-0.16636807,-0.15394834,-0.15716007,-0.12993515,-0.047159404,-0.14883944,-0.14016809,-0.14106366,-0.15382463,-0.19987361,-0.1649412,-0.17166539,-0.15392944,-0.1571915,-0.12722544,-0.14610182,-0.2588673,-0.1294071,-0.15384403,-0.09132757,-0.12832497,-0.13684332,-0.16221203,-0.15659244,-0.12887362,-0.1537313,-0.15714669,-0.1571885,-0.1572172,-0.15740095,-0.19795567,0.75500476,-0.07294749,-0.2039893,-0.15391985,-0.15718731,-0.104459345,-0.15359911,-0.17466888,-0.13176009,-0.15392637,-0.15109587,-0.10913184,-0.1537854,-0.05825615,-0.14326635,-0.17082691,-0.15387377,-0.18883844,-0.15395331,-0.31316653,-0.15394485,-0.16808087,-0.14331596,-0.15394674,-0.15722445,-0.25088155,-0.15395364,-0.22115314,-0.07562123,-0.086852394,-0.10702289,-0.060967896,-0.14820802,-0.16796505,-0.15746465,-0.22133875,-0.12812386,-0.0969081,-0.16398169,-0.12716047,-0.11335766,-0.18846886,-0.12957548,1.5369387,-0.0994983,-0.115196005,-0.15387487,-0.11662802,-0.19749595,-0.14526704,-0.12781724,-0.096878245,-0.15387523,-0.15705787,-0.12434345,-0.11230643,-0.063823454,-0.15381499,-0.11419349,-0.10007019,-0.24483351,-0.15395409,-0.15721723,-0.16344379,-0.1759062,-0.12524253,-0.15394154,-0.0782174,-0.19187105,-0.18185812,-0.09859173,-0.11065883,-0.15366295,-0.15694994,-0.083404,-0.1213824,-0.13072303,-0.13855581,-0.19385117,-0.153922,-0.15722176,-0.19487974,-0.23847799,-0.2432746,-0.12927988,-0.1537779,-0.15719712,-0.14520228,-0.2961179,-0.15395346,-0.19813283,-0.12949109,-0.15389837,-0.060104962,-0.15931924,-0.15395191,-0.2028091,-0.2868003,-0.11816878,-0.14795661,-0.10060286,-0.15381798,-0.13614628,-0.20725825,-0.17393659,-0.125103,-0.15657571,-0.15690626,-0.15395072,-0.15722385,-0.16221246,-0.22200036,-0.12963766,-0.2814266,-0.15395445,-0.1915083,-0.24371436,-0.16952515,-0.15387848,-0.13369927,-0.12557748,-0.15394802,-0.18106565,-0.15395424,-0.18642783,-0.15390502,-0.30462334,-0.153858,-0.14691104,-0.13029914,-0.15394308,-0.15721326,-0.18915205,-0.12956929,-0.15394741,-0.10481856,-0.1650517,-0.15394545,-0.15722561,-0.15720019,-0.12919995,-0.15386388,-0.15719627,-0.15718848,-0.15719838,-0.15720552,-0.16505513,-0.17392421,-0.15394157,-0.15721941,-0.15721068,-0.15721986,-0.2025511,-0.15354379,-0.14723541,-0.15307918,-0.11499533,-0.10471026,-0.11893196,-0.15394473,-0.157158,-0.12953478,-0.19501048,-0.15395147,-0.18738703,-0.11705899,-0.17429145,-0.15394306,-0.06652963,-0.15373415,-0.10737923,-0.124497145,-0.15298569,-0.052188452,-0.26007295
k__Bacteria|p__Firmicutes|c__Bacilli|o__Lactobacillales|f__Enterococcaceae|g__Enterococcus|s__Enterococcus_italicus,-0.1004395,-0.12316422,-0.15400751,-0.15732662,-0.15732685,-0.23867357,-0.1666669,-0.16813041,-0.10929718,-0.22895765,-0.23728925,-0.1540117,-0.22850217,-0.3768707,-0.08556121,-0.15366751,-0.058144663,-0.15355965,-0.15727285,-0.19931981,-0.1978925,-0.12920102,-0.15398134,-0.12711628,-0.20043859,-0.11658599,-0.182019,-0.25032333,-0.1509206,-0.15398517,-0.15142563,-0.10844302,-0.18249588,-0.28454733,-0.15399995,-0.12935723,-0.15400964,-0.22338755,-0.154012,-0.29867563,-0.15401205,-0.29356226,-0.12878057,-0.1538825,-0.13691942,-0.15400729,-0.23188588,-0.24781659,-0.1296162,-0.1293621,2.3940036,-0.18279888,-0.25087595,-0.26027086,-0.28621647,-0.27511892,-0.11894142,-0.15393746,-0.040142577,-0.056944285,-0.15338166,-0.11274739,-0.13743341,-0.12926519,-0.15399301,-0.15732285,-0.15732664,-0.1573272,-0.27573854,-0.15397665,-0.12926678,-0.16243835,-0.12334165,-0.14074792,-0.1539827,-0.15887658,-0.14481027,-0.12934455,-0.18691605,-0.14998752,-0.15400168,-0.15730838,-0.15731792,-0.15725839,-0.120334074,-0.13700745,-0.08858878,-0.1539966,-0.19008024,-0.15400617,-0.2004665,-0.11139822,-0.1388583,-0.13027036,-0.1074974,-0.15152657,-0.15392384,-0.15705547,-0.10065024,-0.08152827,-0.09427856,-0.15396608,-0.11960925,-0.15027548,-0.16982608,-0.1185138,-0.15397978,-0.15732144,-0.17738779,-0.15176103,-0.15400857,-0.25953975,-0.17989698,-0.13525523,-0.15400621,-0.15095688,-0.17780018,-0.2009549,-0.15398729,-0.09015879,-0.15375733,-0.12151222,-0.121854745,-0.13997786,-0.21433522,-0.13908121,-0.16057305,-0.15394548,-0.07092635,-0.1534709,-0.15664594,-0.18733518,-0.15377924,-0.12925476,-0.12334781,-0.14100276,-0.1539716,-0.114095174,-0.25318068,-0.26654312,-0.12863725,-0.10945694,-0.15396416,-0.09238048,-0.20963459,-0.15400642,-0.15725033,-0.12885077,-0.15394497,-0.16015086,-0.1553517,-0.15401012,-0.19704957,-0.20616047,-0.12838227,-0.10460003,-0.11361031,-0.10256614,-0.15400386,-0.19495486,-0.15398267,-0.12878558,-0.15387434,-0.041086134,-0.12967405,-0.15400895,-0.2300741,-0.15399016,-0.10384405,-0.15280291,-0.0784167,-0.15388773,-0.12766197,-0.15390527,-0.121451,-0.075820275,-0.09192432,-0.101488546,-0.1537831,-0.15724689,-0.12378413,-0.15387176,-0.1410757,-0.13984437,-0.18093297,-0.15401116,-0.25777104,-0.12844054,-0.15393166,-0.13462572,-0.119081676,-0.15398651,-0.15732321,-0.15732461,-0.15732557,-0.19755594,-0.25103784,-0.20219928,-0.19465852,-0.24831252,-0.20506537,-0.22091979,-0.15399793,-0.12902044,-0.11956477,-0.15399443,-0.15732008,-0.20931396,-0.18224281,-0.15398592,-0.32474133,-0.15400957,-0.15732782,-0.1573269,-0.15732658,-0.2185038,-0.15398511,-0.114121355,-0.15398827,-0.1573145,-0.15732026,-0.22984435,-0.1540043,-0.15730403,-0.08963354,-0.15391792,-0.15728691,-0.15730098,-0.15730286,-0.13302092,-0.1051107,-0.14014931,-0.15141064,-0.15839578,-0.15615125,-0.14613561,-0.15400136,-0.12319561,-0.12932047,-0.1539701,-0.15732767,-0.15732726,-0.15732726,-0.1573277,-0.38518023,-0.11451449,-0.15397707,-0.15564899,-0.14443555,-0.16636807,-0.15400553,-0.1572596,-0.12993515,-0.047159404,-0.148911,-0.14016809,-0.14106366,-0.15388376,-0.19987361,-0.1649412,-0.17166539,-0.15398714,-0.15729293,-0.12722544,-0.14610182,-0.2588673,-0.12916279,-0.15390402,-0.09132757,-0.12832497,-0.13684332,-0.16221203,-0.15659244,-0.12867378,-0.1537923,-0.15724874,-0.15728968,-0.15731768,-0.15740095,-0.19795567,-0.15106063,-0.07294749,-0.2039893,-0.1539774,-0.15728886,-0.104459345,-0.1536837,-0.17466888,-0.13176009,-0.15398437,-0.15109587,-0.10913184,-0.15384626,-0.05825615,-0.14326635,-0.17082691,-0.15393206,-0.18883844,-0.15401047,-0.31316653,-0.15400186,-0.16808087,-0.14331596,-0.15400404,-0.1573247,-0.25088155,-0.15401077,-0.22115314,-0.07562123,-0.086852394,-0.10702289,-0.060967896,-0.14829457,-0.16796505,-0.15746465,-0.22133875,-0.12812386,-0.0969081,-0.16398169,-0.12716047,-0.11335766,-0.18846886,-0.1293155,-0.17755464,-0.0994983,-0.115196005,-0.1539334,-0.11662802,-0.19749595,-0.14526704,-0.12781724,-0.096878245,-0.15393472,-0.15716214,-0.12434345,-0.11230643,-0.063823454,-0.15387523,-0.11419349,-0.10007019,-0.24483351,-0.15401125,-0.15731728,-0.16344379,-0.1759062,-0.12524253,-0.153999,-0.0782174,-0.19187105,-0.18185812,-0.09859173,-0.11065883,-0.15372737,-0.15705636,-0.083404,-0.1213824,-0.13072303,-0.13855581,-0.19385117,-0.15397944,-0.15732214,-0.19487974,-0.23847799,-0.2432746,-0.12903763,-0.15383884,-0.15729778,-0.14520228,-0.2961179,-0.15401062,-0.19813283,-0.12923744,-0.15395635,-0.060104962,-0.15931924,-0.15400907,-0.2028091,-0.2868003,-0.11816878,-0.14795661,-0.10060286,-0.15387693,-0.13614628,-0.20725825,-0.17393659,-0.125103,-0.15657571,-0.15690626,-0.15400791,-0.1573242,-0.16221246,-0.22200036,-0.12937471,-0.2814266,-0.15401158,-0.1915083,-0.24371436,-0.16952515,-0.1539348,-0.13369927,-0.12557748,-0.15400523,-0.18106565,-0.15401138,-0.18642783,-0.15396155,-0.30462334,-0.15391587,-0.14691104,-0.13029914,-0.15400042,-0.15731384,-0.18915205,-0.12930958,-0.1540047,-0.10481856,-0.1650517,-0.15400267,-0.1573259,-0.15729988,-0.12896979,-0.15392326,-0.15729679,-0.15728933,-0.15729894,-0.15730625,-0.16505513,-0.17392421,-0.15399887,-0.15731986,-0.1573112,-0.15732029,-0.2025511,-0.15354379,-0.14723541,-0.15313877,-0.11499533,-0.10471026,-0.11893196,-0.15400204,-0.15725729,-0.12927741,-0.19501048,-0.15400861,-0.18738703,-0.11705899,-0.17429145,-0.15400001,-0.06652963,-0.15379718,-0.10737923,-0.124497145,-0.15298569,-0.052188452,-0.26007295
k__Bacteria|p__Firmicutes|c__Bacilli|o__Lactobacillales|f__Aerococcaceae|g__Abiotrophia|s__Abiotrophia_sp_HMSC24B09,-0.1004395,-0.12316422,-0.15395969,-0.15727964,-0.15727992,-0.23867357,-0.1666669,-0.16813041,-0.10929718,-0.22895765,-0.23728925,-0.15396455,-0.22850217,-0.3768707,-0.08556121,-0.15355903,-0.058144663,-0.15342793,-0.1572171,-0.19931981,-0.1978925,-0.12912087,-0.15392904,-0.12711628,-0.20043859,-0.11658599,-0.182019,-0.25032333,-0.1509206,-0.15393391,-0.15142563,-0.10844302,-0.18249588,-0.28454733,-0.15395126,-0.12930323,-0.15396212,-0.22338755,-0.1539649,-0.29867563,-0.15396497,-0.29356226,-0.1286419,-0.15381587,-0.13691942,-0.15395936,-0.23188588,-0.24781659,-0.1296162,-0.12930906,-0.24679694,-0.18279888,-0.25087595,-0.26027086,-0.28621647,-0.27511892,-0.11894142,-0.15387774,-0.040142577,-0.056944285,-0.1532348,-0.11274739,-0.13743341,-0.12919775,-0.153943,-0.15727523,-0.1572797,-0.15728036,-0.27573854,-0.15392533,-0.1291987,-0.16243835,-0.12334165,-0.14074792,-0.1539306,-0.15887658,-0.14481027,-0.12928823,-0.18691605,-0.14998752,-0.1539528,-0.15725838,-0.15726966,-0.15720375,-0.120334074,-0.13700745,-0.08858878,-0.15394685,-0.19008024,-0.15395805,-0.2004665,-0.11139822,-0.1388583,-0.13027036,-0.1074974,-0.15152657,-0.15386152,-0.15697834,-0.10065024,-0.08152827,-0.09427856,-0.15391102,-0.11960925,-0.15027548,-0.16982608,-0.1185138,-0.15392765,-0.15727359,-0.17738779,-0.15176103,-0.15396093,-0.25953975,-0.17989698,-0.13525523,-0.15395813,-0.15095688,-0.17780018,-0.2009549,-0.15393758,-0.09015879,-0.15366483,-0.12151222,-0.121854745,-0.13997786,-0.21433522,-0.13908121,-0.16057305,-0.15388678,-0.07092635,-0.15333168,-0.15649988,-0.18733518,-0.15370116,-0.12918928,-0.12334781,-0.14100276,-0.15391758,-0.114095174,-0.25318068,-0.26654312,-0.12847576,-0.10945694,-0.15390876,-0.09238048,-0.20963459,-0.15395835,-0.15719524,-0.12872554,-0.15388688,-0.16015086,-0.1553517,-0.1539627,-0.19704957,-0.20616047,-0.12819304,-0.10460003,-0.11361031,-0.10256614,-0.15395531,-0.19495486,-0.15393141,-0.12865895,-0.15380257,-0.041086134,-0.12967405,-0.15396143,-0.2300741,-0.15394029,-0.10384405,-0.15254769,-0.0784167,-0.15382001,-0.12766197,-0.15383992,-0.121451,-0.075820275,-0.09192432,-0.101488546,-0.15369704,-0.15718582,-0.12378413,-0.15380752,-0.1410757,-0.13984437,-0.18093297,-0.1539639,-0.25777104,-0.12844054,-0.15387443,-0.13462572,-0.119081676,-0.1539348,-0.15727568,-0.1572773,-0.15727842,-0.19755594,-0.25103784,-0.20219928,-0.19465852,-0.24831252,-0.20506537,-0.22091979,-0.15394895,-0.1289203,-0.11956477,-0.15394424,-0.15727204,-0.20931396,-0.18224281,-0.15393546,-0.32474133,-0.15396205,-0.15728104,-0.15727997,-0.1572796,-0.2185038,-0.15393464,-0.114121355,-0.15393761,-0.1572659,-0.15727225,-0.22984435,-0.15395585,-0.15725479,-0.08963354,-0.15385549,-0.15723279,-0.15725,-0.1572515,-0.13302092,-0.1051107,-0.14014931,-0.15141064,-0.15839578,-0.15615125,-0.14613561,-0.15395229,-0.12319561,-0.12926087,-0.15391669,-0.15728086,-0.1572804,-0.15728042,-0.15728089,-0.38518023,-0.11451449,-0.15392418,-0.15564899,-0.14443555,-0.16636807,-0.15395741,-0.15720433,-0.12993515,-0.047159404,-0.14810228,-0.14016809,-0.14106366,-0.15381564,-0.19987361,-0.1649412,-0.17166539,-0.15393576,-0.15723968,-0.12722544,-0.14610182,-0.2588673,-0.12907526,-0.15383814,-0.09132757,-0.12832497,-0.13684332,-0.16221203,-0.15659244,-0.12853391,-0.15370975,-0.1571885,-0.15723628,-0.15726918,-0.15740095,-0.19795567,-0.15106063,-0.07294749,-0.2039893,-0.15392485,-0.15723497,-0.104459345,-0.15361258,-0.17466888,-0.13176009,-0.15393217,-0.15109587,-0.10913184,-0.15377165,-0.05825615,-0.14326635,-0.17082691,-0.15387206,-0.18883844,-0.15396312,-0.31316653,-0.1539535,-0.16808087,-0.14331596,-0.15395561,-0.1572775,-0.25088155,-0.15396348,-0.22115314,-0.07562123,-0.086852394,-0.10702289,-0.060967896,-0.14738685,-0.16796505,-0.15746465,-0.22133875,-0.12812386,-0.0969081,-0.16398169,-0.12716047,-0.11335766,-0.18846886,-0.12925482,-0.17755464,-0.0994983,-0.115196005,-0.1538733,-0.11662802,-0.19749595,-0.14526704,-0.12781724,-0.096878245,-0.15387362,-0.15708694,-0.12434345,-0.11230643,-0.063823454,-0.15380478,-0.11419349,-0.10007019,-0.24483351,-0.15396401,-0.15726928,-0.16344379,-0.1759062,-0.12524253,-0.15394962,-0.0782174,-0.19187105,-0.18185812,-0.09859173,-0.11065883,-0.15363035,-0.1569629,-0.083404,-0.1213824,-0.13072303,-0.13855581,-0.19385117,-0.15392733,-0.15727443,-0.19487974,-0.23847799,-0.2432746,-0.12893716,-0.15376237,-0.15724617,-0.14520228,-0.2961179,-0.15396328,2.600939,-0.12916417,-0.15390033,-0.060104962,-0.15931924,-0.15396154,-0.2028091,1.5360405,-0.11816878,-0.14795661,-0.10060286,-0.15380828,-0.13614628,-0.20725825,-0.17393659,-0.125103,-0.15657571,-0.15690626,-0.15396017,-0.15727681,-0.16221246,-0.22200036,-0.12932378,-0.2814266,-0.15396442,-0.1915083,-0.24371436,-0.16952515,-0.15387905,-0.13369927,-0.12557748,-0.15395707,-0.18106565,-0.15396416,-0.18642783,-0.1539084,-0.30462334,-0.15385404,-0.14691104,-0.13029914,-0.1539514,-0.15726465,-0.18915205,-0.1292473,-0.15395635,-0.10481856,-0.1650517,-0.15395415,-0.1572788,-0.15724999,-0.12885977,-0.15386066,-0.15724525,-0.15723632,-0.15724769,-0.15725586,-0.16505513,-0.17392421,-0.1539497,-0.15727171,-0.1572617,-0.15727222,-0.2025511,-0.15354379,-0.14723541,-0.15296324,-0.11499533,-0.10471026,-0.11893196,-0.15395331,-0.15720204,-0.12920845,-0.19501048,-0.153961,-0.18738703,-0.11705899,-0.17429145,-0.15395153,-0.06652963,-0.15371172,-0.10737923,-0.124497145,-0.15298569,-0.052188452,-0.26007295
k__Bacteria|p__Firmicutes|c__CFGB3070|o__OFGB3070|f__FGB3070|g__GGB9512|s__GGB9512_SGB14909,-0.1004395,-0.12316422,-0.15348825,-0.15675697,-0.15675595,-0.23867357,-0.1666669,-0.16813041,-0.10929718,-0.22895765,-0.23728925,-0.15347748,-0.22850217,-0.3768707,-0.08556121,-0.15445822,-0.058144663,-0.15497014,-0.15690212,-0.19931981,3.0183506,-0.12976034,-0.15356678,-0.12711628,-0.20043859,-0.11658599,-0.182019,-0.25032333,-0.1509206,-0.15354478,-0.15142563,-0.10844302,-0.18249588,-0.28454733,-0.15350366,-0.12922534,-0.15348354,-0.22338755,-0.15347649,-0.29867563,-0.1534763,-0.29356226,-0.13122296,-0.15378928,-0.13691942,-0.15349104,-0.23188588,-0.24781659,-0.1296162,-0.12920262,-0.24679694,-0.18279888,-0.25087595,-0.26027086,-0.28621647,-0.27511892,-0.11894142,-0.15369442,-0.040142577,-0.056944285,-0.15509854,-0.11274739,-0.13743341,-0.12951206,-0.15352291,-0.15676841,-0.15675619,-0.15675506,-0.27573854,-0.15355036,-0.12950306,-0.16243835,-0.12334165,-0.14074792,-0.15356284,-0.15887658,-0.14481027,-0.1292711,-0.18691605,-0.14998752,-0.15350667,-0.15680864,-0.15677738,-0.15686962,-0.120334074,-0.13700745,-0.08858878,-0.15352231,-0.19008024,-0.15349388,-0.2004665,-0.11139822,-0.1388583,-0.13027036,-0.1074974,-0.15152657,-0.15374237,-0.15724939,-0.10065024,-0.08152827,-0.09427856,-0.15361619,-0.11960925,-0.15027548,-0.16982608,-0.1185138,-0.1535582,-0.15677181,-0.17738779,-0.15176103,-0.15348566,-0.25953975,-0.17989698,-0.13525523,-0.15349403,-0.15095688,-0.17780018,-0.2009549,-0.15351388,-0.09015879,-0.15427828,-0.12151222,-0.121854745,-0.13997786,-0.21433522,-0.13908121,-0.16057305,-0.15368104,-0.07092635,-0.15500788,-0.15825418,-0.18733518,-0.15390092,-0.1295546,-0.12334781,-0.14100276,-0.15359588,-0.114095174,-0.25318068,-0.26654312,-0.13159251,-0.10945694,-0.15362287,-0.09238048,-0.20963459,-0.15349343,-0.1568696,-0.13087122,-0.1536543,-0.16015086,-0.1553517,-0.1534818,-0.19704957,-0.20616047,-0.1322872,-0.10460003,-0.11361031,-0.10256614,-0.15350254,-0.19495486,-0.1535486,-0.13101466,-0.15389961,-0.041086134,-0.12967405,-0.15348312,-0.2300741,-0.15352547,-0.10384405,-0.1568801,-0.0784167,-0.15382034,-0.12766197,-0.15379222,-0.121451,-0.075820275,-0.09192432,-0.101488546,-0.15415946,-0.15700445,-0.12378413,-0.15371355,-0.1410757,-0.13984437,-0.18093297,-0.15347907,-0.25777104,-0.12844054,-0.15365607,-0.13462572,-0.119081676,-0.15355921,-0.15676647,-0.15676239,-0.15675965,-0.19755594,-0.25103784,-0.20219928,-0.19465852,-0.24831252,-0.20506537,-0.22091979,-0.15350682,-0.13029408,-0.11956477,-0.15353116,-0.15677455,-0.20931396,-0.18224281,-0.1535319,-0.32474133,-0.15348423,-0.15675342,-0.15675619,-0.1567572,-0.2185038,-0.15352881,-0.114121355,-0.15353298,-0.15677977,-0.15677387,-0.22984435,-0.15350127,-0.15679407,-0.08963354,-0.15373394,-0.156886,-0.15682235,-0.15683562,-0.13302092,-0.1051107,-0.14014931,-0.15141064,-0.15839578,-0.15615125,-0.14613561,-0.15351224,-0.12319561,-0.12933108,-0.153576,-0.15675372,-0.1567547,-0.15675488,-0.15675366,-0.38518023,-0.11451449,-0.15357429,-0.15564899,-0.14443555,-0.16636807,-0.1534926,-0.15688008,-0.12993515,-0.047159404,-0.16501552,-0.14016809,-0.14106366,-0.15382823,-0.19987361,-0.1649412,-0.17166539,-0.15355134,-0.15687266,-0.12722544,-0.14610182,-0.2588673,-0.12989734,-0.15380439,-0.09132757,-0.12832497,-0.13684332,-0.16221203,-0.15659244,-0.13136742,-0.15405917,-0.15698756,-0.1568696,-0.15678355,-0.15740095,-0.19795567,-0.15106063,-0.07294749,-0.2039893,-0.15356557,-0.15688322,-0.104459345,-0.1540451,-0.17466888,-0.13176009,-0.15356895,-0.15109587,-0.10913184,-0.15393957,-0.05825615,-0.14326635,-0.17082691,-0.15369296,-0.18883844,-0.15348023,-0.31316653,-0.15349469,-0.16808087,-0.14331596,-0.15349984,-0.15676042,-0.25088155,-0.15347925,-0.22115314,-0.07562123,-0.086852394,-0.10702289,-0.060967896,-0.16690734,-0.16796505,-0.15746465,-0.22133875,-0.12812386,-0.0969081,-0.16398169,-0.12716047,-0.11335766,-0.18846886,-0.12936054,-0.17755464,-0.0994983,-0.115196005,-0.15369666,-0.11662802,-0.19749595,-0.14526704,-0.12781724,-0.096878245,-0.15372723,-0.15724817,-0.12434345,-0.11230643,-0.063823454,-0.15387678,-0.11419349,-0.10007019,-0.24483351,-0.15347883,-0.1567717,-0.16344379,-0.1759062,-0.12524253,-0.15351674,-0.0782174,-0.19187105,-0.18185812,-0.09859173,-0.11065883,-0.15434623,-0.15755568,-0.083404,-0.1213824,-0.13072303,-0.13855581,-0.19385117,-0.15355739,-0.1567699,-0.19487974,-0.23847799,-0.2432746,-0.13022399,-0.1539819,-0.15683316,-0.14520228,-0.2961179,-0.1534806,-0.19813283,-0.12962003,-0.1536237,-0.060104962,-0.15931924,-0.15348366,-0.2028091,-0.2868003,-0.11816878,-0.14795661,-0.10060286,-0.153833,-0.13614628,-0.20725825,-0.17393659,-0.125103,-0.15657571,-0.15690626,-0.15348732,-0.15676412,-0.16221246,-0.22200036,-0.12916279,-0.2814266,-0.15347752,-0.1915083,-0.24371436,-0.16952515,-0.15361527,-0.13369927,-0.12557748,-0.15349415,-0.18106565,-0.15347835,-0.18642783,-0.15356764,-0.30462334,-0.15371111,-0.14691104,-0.13029914,-0.15350913,-0.15679583,-0.18915205,-0.12939142,-0.15349826,-0.10481856,-0.1650517,-0.1534992,-0.15675855,-0.15680067,-0.13047156,-0.15374793,-0.15682968,-0.1568585,-0.15682593,-0.15681626,-0.16505513,-0.17392421,-0.15351042,-0.15677744,-0.15679914,-0.1567761,-0.2025511,-0.15354379,-0.14723541,-0.15544835,-0.11499533,-0.10471026,-0.11893196,-0.15350434,-0.15688404,-0.12951782,-0.19501048,-0.1534842,-0.18738703,-0.11705899,-0.17429145,-0.15349907,-0.06652963,-0.15413246,-0.10737923,-0.124497145,-0.15298569,-0.052188452,-0.26007295
k__Bacteria|p__Firmicutes|c__Negativicutes|o__Veillonellales|f__Veillonellaceae|g__Anaeroglobus|s__Anaeroglobus_geminatus,-0.1004395,-0.12316422,-0.15530014,-0.15860921,-0.15860969,-0.23867357,-0.1666669,-0.16813041,-0.10929718,-0.22895765,-0.23728925,-0.15530784,-0.22850217,-0.3768707,-0.08556121,-0.15466061,-0.058144663,-0.15443748,-0.15850931,-0.19931981,-0.1978925,-0.13042352,-0.1552506,-0.12711628,-0.20043859,-0.11658599,-0.182019,-0.25032333,-0.1509206,-0.15525892,-0.15142563,-0.10844302,-0.18249588,-0.28454733,-0.15528628,-0.13072434,-0.15530396,-0.22338755,-0.15530843,-0.29867563,-0.15530854,-0.29356226,-0.12962687,-0.15507162,-0.13691942,-0.15529948,-0.23188588,-0.24781659,-0.1296162,-0.1307344,-0.24679694,-0.18279888,-0.25087595,-0.26027086,-0.28621647,-0.27511892,-0.11894142,-0.15516846,-0.040142577,-0.056944285,-0.15414976,-0.11274739,-0.13743341,-0.13055284,-0.1552738,-0.15860206,-0.15860933,-0.15861034,-0.27573854,-0.15524513,-0.13055381,-0.16243835,-0.12334165,-0.14074792,-0.15525332,-0.15887658,-0.14481027,-0.13069911,-0.18691605,-0.14998752,-0.15528905,-0.15857518,-0.15859345,-0.15848607,-0.120334074,-0.13700745,-0.08858878,-0.15527943,-0.19008024,-0.15529743,-0.2004665,-0.11139822,-0.1388583,-0.13027036,-0.1074974,-0.15152657,-0.15514204,-0.15811437,-0.10065024,-0.08152827,-0.09427856,-0.15522143,-0.11960925,-0.15027548,-0.16982608,-0.1185138,-0.15524907,-0.15859947,-0.17738779,-0.15176103,-0.15530208,-0.25953975,-0.17989698,-0.13525523,-0.15529752,-0.15095688,-0.17780018,-0.2009549,-0.15526485,-0.09015879,-0.1548237,-0.12151222,-0.121854745,-0.13997786,-0.21433522,-0.13908121,-0.16057305,-0.15518229,-0.07092635,-0.1542945,-0.15738563,-0.18733518,-0.15489635,-0.13053854,-0.12334781,-0.14100276,-0.1552324,-0.114095174,-0.25318068,-0.26654312,-0.12938827,-0.10945694,-0.15521787,-0.09238048,-0.20963459,-0.15529789,-0.15847367,-0.12978692,-0.15518396,-0.16015086,-0.1553517,-0.15530491,-0.19704957,-0.20616047,-0.12893818,-0.10460003,-0.11361031,-0.10256614,-0.15529287,-0.19495486,-0.15525344,-0.12968107,-0.15504631,-0.041086134,-0.12967405,-0.15530297,-0.2300741,-0.15526779,-0.10384405,-0.1530512,-0.0784167,-0.15507677,-0.12766197,-0.15510766,-0.121451,-0.075820275,-0.09192432,-0.101488546,-0.15487811,-0.1584578,-0.12378413,-0.15505388,-0.1410757,-0.13984437,-0.18093297,-0.15530682,-0.25777104,-0.12844054,-0.1551602,-0.13462572,-0.119081676,-0.15525967,-0.15860286,-0.15860549,-0.15860727,-0.19755594,-0.25103784,-0.20219928,-0.19465852,-0.24831252,-0.20506537,-0.22091979,-0.15528291,-0.13010131,-0.11956477,-0.155275,-0.15859707,-0.20931396,-0.18224281,-0.1552612,-0.32474133,-0.1553038,-0.15861146,-0.15860972,-0.15860912,-0.2185038,-0.15526003,-0.114121355,-0.15526524,-0.1585878,-0.15859738,-0.22984435,-0.15529376,-0.15856951,-0.08963354,-0.1551336,-0.15853325,-0.15856215,-0.15856355,-0.13302092,-0.1051107,-0.14014931,-0.15141064,-0.15839578,-0.15615125,-0.14613561,-0.15528789,-0.12319561,-0.13065569,-0.15523238,-0.15861118,-0.15861045,-0.15861046,-0.15861124,-0.38518023,4.104477,-0.15524329,1.8382204,3.1604865,-0.16636807,-0.1552966,-0.15849021,-0.12993515,-0.047159404,-0.146094,-0.14016809,-0.14106366,-0.15507028,-0.19987361,-0.1649412,-0.17166539,-0.15526152,-0.15854408,-0.12722544,-0.14610182,-0.2588673,-0.13035145,-0.15510409,-0.09132757,-0.12832497,-0.13684332,-0.16221203,-0.15659244,-0.12950103,-0.15490185,-0.15846267,-0.1585392,-0.15859234,-0.15740095,-0.19795567,-0.15106063,-0.07294749,-0.2039893,-0.15524481,-0.1585366,-0.104459345,-0.15471806,-0.17466888,-0.13176009,-0.15525521,-0.15109587,-0.10913184,-0.15499923,-0.05825615,-0.14326635,-0.17082691,-0.15516035,-0.18883844,-0.15530562,-0.31316653,-0.15529065,-0.16808087,-0.14331596,-0.15529346,-0.15860584,-0.25088155,-0.15530622,-0.22115314,-0.07562123,-0.086852394,-0.10702289,-0.060967896,-0.14494261,-0.16796505,-0.15746465,-0.22133875,-0.12812386,-0.0969081,-0.16398169,-0.12716047,-0.11335766,-0.18846886,-0.13064453,-0.17755464,-0.0994983,-0.115196005,-0.15516183,-0.11662802,-0.19749595,-0.14526704,-0.12781724,-0.096878245,-0.15516046,-0.15829915,-0.12434345,-0.11230643,-0.063823454,-0.15505144,-0.11419349,-0.10007019,-0.24483351,-0.155307,-0.1585923,-0.16344379,-0.1759062,-0.12524253,-0.15528375,-0.0782174,-0.19187105,-0.18185812,-0.09859173,-0.11065883,-0.1547694,-0.1581001,-0.083404,-0.1213824,-0.13072303,-0.13855581,-0.19385117,-0.15524887,-0.1586008,-0.19487974,-0.23847799,-0.2432746,-0.13013068,-0.15498343,-0.1585559,-0.14520228,-0.2961179,-0.15530585,-0.19813283,-0.13049652,-0.15520549,-0.060104962,-0.15931924,-0.15530308,-0.2028091,-0.2868003,-0.11816878,-0.14795661,-0.10060286,-0.15505885,-0.13614628,-0.20725825,-0.17393659,-0.125103,-0.15657571,-0.15690626,-0.15530086,-0.15860464,-0.16221246,-0.22200036,-0.13075837,-0.2814266,-0.15530768,-0.1915083,-0.24371436,-0.16952515,-0.15516867,-0.13369927,-0.12557748,-0.15529594,-0.18106565,-0.15530726,-0.18642783,-0.15521841,-0.30462334,-0.15513322,-0.14691104,-0.13029914,-0.15528682,-0.15858504,-0.18915205,-0.13063106,-0.15529463,-0.10481856,-0.1650517,-0.15529141,-0.15860789,-0.15856093,-0.13000843,-0.15514036,-0.15855479,-0.1585401,-0.15855852,-0.1585709,-0.16505513,-0.17392421,-0.15528426,-0.15859646,-0.15858057,-0.15859725,-0.2025511,-0.15354379,-0.14723541,-0.15373427,-0.11499533,-0.10471026,-0.11893196,-0.15528986,-0.15848401,-0.13056785,-0.19501048,-0.15530232,-0.18738703,-0.11705899,-0.17429145,-0.1552859,-0.06652963,-0.15489994,-0.10737923,-0.124497145,-0.15298569,-0.052188452,-0.26007295
k__Bacteria|p__Firmicutes|c__Clostridia|o__Eubacteriales|f__Peptostreptococcaceae|g__Terrisporobacter|s__Terrisporobacter_glycolicus,-0.1004395,-0.12316422,-0.15547562,-0.15875489,-0.15875596,-0.23867357,-0.1666669,-0.16813041,-0.10929718,-0.22895765,-0.23728925,-0.15548924,-0.22850217,-0.3768707,-0.08556121,-0.15429547,-0.058144663,-0.15374851,-0.15857421,-0.19931981,-0.1978925,-0.13049087,-0.15538126,-0.12711628,-0.20043859,-0.11658599,-0.182019,-0.25032333,-0.1509206,-0.15540345,-0.15142563,-0.10844302,-0.18249588,-0.28454733,-0.15545411,-0.13110912,-0.1554819,-0.22338755,-0.15549041,-0.29867563,-0.15549064,-0.29356226,-0.1288288,-0.1550847,-0.13691942,-0.15547308,-0.23188588,-0.24781659,-0.1296162,-0.13113308,-0.24679694,-0.18279888,-0.25087595,-0.26027086,-0.28621647,-0.27511892,-0.11894142,-0.15522642,-0.040142577,-0.056944285,-0.15343308,-0.11274739,-0.13743341,-0.13077113,-0.1554305,-0.15874119,-0.15875554,-0.15875714,-0.27573854,-0.1553896,-0.13077712,-0.16243835,-0.12334165,-0.14074792,-0.15538599,-0.15887658,-0.14481027,-0.131057,3.6980622,0.8720442,-0.15545386,-0.15869157,-0.15872811,-0.15858242,-0.120334074,-0.13700745,-0.08858878,-0.15543522,-0.19008024,-0.15546945,-0.2004665,-0.11139822,-0.1388583,-0.13027036,-0.1074974,-0.15152657,-0.15517142,-0.15803939,-0.10065024,-0.08152827,-0.09427856,-0.15532339,-0.11960925,-0.15027548,-0.16982608,-0.1185138,-0.1553863,-0.15873672,-0.17738779,-0.15176103,-0.15547894,-0.25953975,-0.17989698,-0.13525523,-0.15546942,-0.15095688,-0.17780018,-0.2009549,-0.15543084,-0.09015879,-0.15454182,-0.12151222,-0.121854745,-0.13997786,-0.21433522,-0.13908121,-0.16057305,-0.15524668,-0.07092635,-0.15361333,-0.15673748,-0.18733518,-0.1548695,-0.1307344,-0.12334781,-0.14100276,-0.15534626,-0.114095174,-0.25318068,-0.26654312,-0.12834004,-0.10945694,-0.15531573,-0.09238048,-0.20963459,-0.15547013,-0.15857252,-0.1291914,-0.15526776,-0.16015086,-0.1553517,-0.1554839,-0.19704957,-0.20616047,-0.12748492,-0.10460003,-0.11361031,-0.10256614,-0.15545973,-0.19495486,-0.15539697,-0.12900618,-0.15498543,-0.041086134,-0.12967405,-0.15548144,-0.2300741,-0.15542476,-0.10384405,-0.15132049,-0.0784167,-0.15506655,-0.12766197,-0.15510957,-0.121451,-0.075820275,-0.09192432,-0.101488546,-0.1546697,-0.15846094,-0.12378413,-0.15513164,-0.1410757,-0.13984437,-0.18093297,-0.15548734,-0.25777104,-0.12844054,-0.15524927,-0.13462572,-0.119081676,-0.15539357,-0.15874323,-0.15874812,-0.15875147,-0.19755594,-0.25103784,-0.20219928,-0.19465852,-0.24831252,-0.20506537,-0.22091979,-0.15544915,-0.1298579,-0.11956477,-0.15542546,-0.1587329,-0.20931396,-0.18224281,-0.155415,-0.32474133,-0.15548131,-0.15875916,-0.15875584,-0.15875465,-0.2185038,-0.15541643,-0.114121355,-0.15541679,-0.15872204,-0.1587337,-0.22984435,-0.15546136,-0.15869948,-0.08963354,-0.15517181,-0.15860386,-0.1586718,-0.15866332,-0.13302092,-0.1051107,-0.14014931,-0.15141064,-0.15839578,-0.15615125,-0.14613561,-0.15544896,-0.12319561,-0.13098094,-0.15536036,-0.15875871,-0.15875745,-0.15875733,-0.15875882,-0.38518023,-0.11451449,-0.15537006,-0.15564899,-0.14443555,-0.16636807,-0.15546972,-0.15857558,-0.12993515,-0.047159404,-0.14011414,-0.14016809,-0.14106366,-0.1550544,-0.19987361,-0.1649412,-0.17166539,-0.15540051,-0.15862167,-0.12722544,-0.14610182,-0.2588673,-0.13033193,-0.15509817,-0.09132757,-0.12832497,-0.13684332,-0.16221203,-0.15659244,-0.12856999,-0.1547609,-0.15847674,-0.15862027,-0.15872285,-0.15740095,-0.19795567,-0.15106063,-0.07294749,-0.2039893,-0.15537748,-0.15860847,-0.104459345,-0.15461928,-0.17466888,-0.13176009,-0.15538305,-0.15109587,-0.10913184,-0.15492183,-0.05825615,-0.14326635,-0.17082691,-0.15522105,-0.18883844,-0.15548557,-0.31316653,-0.1554637,-0.16808087,-0.14331596,-0.15546215,-0.15874983,-0.25088155,-0.15548673,-0.22115314,-0.07562123,-0.086852394,-0.10702289,-0.060967896,-0.13785964,-0.16796505,-0.15746465,-0.22133875,-0.12812386,-0.0969081,-0.16398169,-0.12716047,-0.11335766,-0.18846886,-0.13095066,-0.17755464,-0.0994983,-0.115196005,-0.15521961,-0.11662802,-0.19749595,-0.14526704,-0.12781724,-0.096878245,-0.15519673,-0.15816402,-0.12434345,-0.11230643,-0.063823454,-0.15500633,-0.11419349,-0.10007019,-0.24483351,-0.15548764,-0.15873164,-0.16344379,-0.1759062,-0.12524253,-0.15544254,-0.0782174,-0.19187105,-0.18185812,-0.09859173,-0.11065883,-0.15445103,-0.1577901,-0.083404,-0.1213824,-0.13072303,-0.13855581,-0.19385117,-0.15538657,-0.15873912,-0.19487974,-0.23847799,-0.2432746,-0.12992382,-0.15487781,-0.15865919,-0.14520228,-0.2961179,-0.15548545,-0.19813283,-0.13064906,-0.15530571,-0.060104962,-0.15931924,-0.15548116,-0.2028091,-0.2868003,-0.11816878,-0.14795661,-0.10060286,-0.15504274,-0.13614628,-0.20725825,-0.17393659,-0.125103,-0.15657571,-0.15690626,-0.15547684,-0.15874624,-0.16221246,-0.22200036,-0.13118012,-0.2814266,-0.1554891,-0.1915083,-0.24371436,-0.16952515,-0.15528709,-0.13369927,-0.12557748,-0.15546814,-0.18106565,-0.15548818,-0.18642783,-0.155357,-0.30462334,-0.15518698,-0.14691104,-0.13029914,-0.15545034,-0.15870845,-0.18915205,-0.13091817,-0.15546417,-0.10481856,-0.1650517,-0.15546101,-0.15875272,-0.15868759,-0.12964551,-0.15516639,-0.15866089,-0.15862894,-0.15866645,-0.15868315,-0.16505513,-0.17392421,-0.15544745,-0.15873036,-0.15870257,-0.15873194,-0.2025511,-0.15354379,-0.14723541,-0.15286154,-0.11499533,-0.10471026,-0.11893196,-0.15545614,-0.15856972,-0.13077828,-0.19501048,-0.15548018,-0.18738703,-0.11705899,-0.17429145,-0.15545753,-0.06652963,-0.15470709,-0.10737923,-0.124497145,-0.15298569,-0.052188452,-0.26007295
k__Bacteria|p__Firmicutes|c__Negativicutes|o__Acidaminococcales|f__Acidaminococcaceae|g__Phascolarctobacterium|s__Phascolarctobacterium_faecium,-0.1004395,-0.12316422,-0.15397838,-0.1572985,-0.1572988,-0.23867357,-0.1666669,-0.16813041,-0.10929718,-0.22895765,-0.23728925,-0.1539836,-0.22850217,-0.3768707,-0.08556121,-0.15355222,-0.058144663,-0.15341045,-0.15723145,-0.19931981,-0.1978925,-0.12912185,-0.15394554,-0.12711628,-0.20043859,-0.11658599,-0.182019,-0.25032333,-0.1509206,-0.15395069,-0.15142563,-0.10844302,-0.18249588,-0.28454733,-0.15396917,-0.1293208,-0.153981,-0.22338755,-0.15398398,-0.29867563,-0.15398405,-0.29356226,-0.12859255,-0.15382381,-0.13691942,-0.15397805,-0.23188588,-0.24781659,-0.1296162,-0.12932713,-0.24679694,-0.18279888,-0.25087595,-0.26027086,-0.28621647,-0.27511892,-0.11894142,-0.1538905,-0.040142577,-0.056944285,-0.15320046,-0.11274739,-0.13743341,-0.1292054,-0.15396047,-0.15729374,-0.15729855,-0.15729925,-0.27573854,-0.15394095,-0.12920672,-0.16243835,-0.12334165,-0.14074792,-0.15394722,-0.15887658,-0.14481027,-0.1293046,-0.18691605,-0.14998752,-0.15397103,-0.15727568,-0.15728775,-0.15721625,-0.120334074,-0.13700745,-0.08858878,-0.15396464,-0.19008024,-0.15397665,-0.2004665,-0.11139822,-0.1388583,-0.13027036,-0.1074974,-0.15152657,-0.15387315,-0.15696837,-0.10065024,-0.08152827,-0.09427856,-0.15392628,-0.11960925,-0.15027548,-0.16982608,-0.1185138,-0.15394399,-0.15729201,-0.17738779,-0.15176103,-0.15397972,-0.25953975,-0.17989698,-0.13525523,-0.15397672,-0.15095688,-0.17780018,-0.2009549,-0.15395421,-0.09015879,-0.15366271,-0.12151222,-0.121854745,-0.13997786,-0.21433522,-0.13908121,-0.16057305,-0.15390028,-0.07092635,-0.15330625,-0.15646027,-0.18733518,-0.15369996,-0.12919429,-0.12334781,-0.14100276,-0.15393329,-0.114095174,-0.25318068,-0.26654312,-0.1284099,-0.10945694,-0.15392382,-0.09238048,-0.20963459,-0.15397696,-0.15720634,-0.1286839,-0.15390041,-0.16015086,-0.1553517,-0.15398163,-0.19704957,-0.20616047,-0.12809119,-0.10460003,-0.11361031,-0.10256614,-0.1539737,-0.19495486,-0.15394771,-0.12860103,-0.15381043,-0.041086134,-0.12967405,-0.15398024,-0.2300741,-0.15395722,-0.10384405,-0.15247363,-0.0784167,-0.1538288,-0.12766197,-0.15385008,-0.121451,-0.075820275,-0.09192432,-0.101488546,-0.1536969,-0.15719806,-0.12378413,-0.15381385,-0.1410757,-0.13984437,-0.18093297,-0.15398291,-0.25777104,-0.12844054,-0.15388514,-0.13462572,-0.119081676,-0.15395176,-0.15729424,-0.157296,-0.1572972,-0.19755594,-0.25103784,-0.20219928,-0.19465852,-0.24831252,-0.20506537,-0.22091979,-0.15396674,-0.12889686,-0.11956477,-0.15396184,-0.15729034,-0.20931396,-0.18224281,-0.15395206,-0.32474133,-0.15398091,-0.1573,-0.15729885,-0.15729845,-0.2185038,-0.15395123,-0.114121355,-0.15395464,-0.15728368,-0.15729058,-0.22984435,-0.15397426,-0.15727133,-0.08963354,-0.15386665,-0.15724832,-0.15726668,-0.1572684,-0.13302092,-0.1051107,-0.14014931,-0.15141064,-0.15839578,-0.15615125,-0.14613561,-0.15397048,-0.12319561,-0.1292749,-0.15393218,-0.15729982,-0.15729931,-0.15729931,-0.15729985,-0.38518023,-0.11451449,-0.1539403,-0.15564899,-0.14443555,1.908932,-0.15397595,-0.15721703,-0.12993515,-0.047159404,-0.14768937,-0.14016809,-0.14106366,-0.1538239,-0.19987361,-0.1649412,-0.17166539,-0.15395275,-0.15725572,-0.12722544,-0.14610182,-0.2588673,-0.12907219,-0.15384808,-0.09132757,-0.12832497,-0.13684332,-0.16221203,-0.15659244,-0.12846552,-0.15371035,-0.15720077,-0.15725204,-0.15728728,-0.15740095,-0.19795567,-0.15106063,-0.07294749,-0.2039893,-0.15394095,-0.15725067,-0.104459345,-0.15356985,-0.17466888,-0.13176009,-0.15394895,-0.15109587,-0.10913184,-0.1537767,-0.05825615,-0.14326635,-0.17082691,-0.15388434,-0.18883844,-0.15398207,-0.31316653,-0.15397167,-0.16808087,-0.14331596,-0.15397401,-0.15729618,-0.25088155,-0.15398246,-0.22115314,-0.07562123,-0.086852394,-0.10702289,-0.060967896,-0.14691788,-0.16796505,-0.15746465,-0.22133875,-0.12812386,-0.0969081,-0.16398169,-0.12716047,-0.11335766,-0.18846886,-0.12926804,-0.17755464,-0.0994983,-0.115196005,-0.15388572,-0.11662802,-0.19749595,-0.14526704,-0.12781724,-0.096878245,-0.15388626,-0.15709192,-0.12434345,-0.11230643,-0.063823454,-0.15381254,-0.11419349,-0.10007019,-0.24483351,-0.15398303,-0.15728721,-0.16344379,-0.1759062,-0.12524253,-0.1539676,-0.0782174,-0.19187105,-0.18185812,-0.09859173,-0.11065883,-0.15362564,-0.15695912,-0.083404,-0.1213824,-0.13072303,-0.13855581,-0.19385117,-0.1539436,-0.1572929,-0.19487974,-0.23847799,-0.2432746,-0.12891786,-0.15376687,-0.1572626,-0.14520228,-0.2961179,-0.15398225,-0.19813283,-0.1291691,-0.15391466,-0.060104962,-0.15931924,-0.15398036,-0.2028091,-0.2868003,-0.11816878,-0.14795661,-0.10060286,-0.15381587,-0.13614628,-0.20725825,-0.17393659,-0.125103,-0.15657571,-0.15690626,-0.15397888,-0.15729547,-0.16221246,-0.22200036,-0.12934303,-0.2814266,-0.15398346,-0.1915083,-0.24371436,-0.16952515,-0.15389034,-0.13369927,-0.12557748,-0.15397558,-0.18106565,-0.1539832,-0.18642783,-0.15392274,-0.30462334,-0.15386492,-0.14691104,-0.13029914,-0.1539695,-0.15728244,-0.18915205,-0.12926018,-0.1539748,-0.10481856,-0.1650517,-0.15397242,-0.1572976,-0.1572663,-0.12883279,-0.15387231,-0.15726157,-0.15725201,-0.15726417,-0.15727298,-0.16505513,-0.17392421,-0.15396765,-0.15729001,-0.15727925,-0.15729055,-0.2025511,-0.15354379,-0.14723541,-0.15290736,-0.11499533,-0.10471026,-0.11893196,-0.15397152,-0.15721446,-0.12921864,-0.19501048,-0.1539798,-0.18738703,-0.11705899,-0.17429145,-0.15396944,-0.06652963,-0.1537132,-0.10737923,-0.124497145,-0.15298569,-0.052188452,-0.26007295
k__Bacteria|p__Firmicutes|c__Bacilli|o__Lactobacillales|f__Streptococcaceae|g__Lactococcus|s__Lactococcus_cremoris,-0.1004395,-0.12316422,-0.15389237,-0.1572389,-0.15723924,-0.23867357,-0.1666669,-0.16813041,-0.10929718,-0.22895765,-0.23728925,-0.15389827,-0.22850217,-0.3768707,-0.08556121,-0.15340279,-0.058144663,-0.15323716,-0.15716247,-0.19931981,-0.1978925,-0.12881193,-0.1538547,-0.12711628,-0.20043859,-0.11658599,-0.182019,-0.25032333,-0.1509206,-0.15386093,-0.15142563,-0.10844302,-0.18249588,-0.28454733,-0.15388201,-0.12903845,-0.15389532,-0.22338755,-0.15389872,-0.29867563,-0.15389879,-0.29356226,-0.12821521,-0.15371728,-0.13691942,-0.15389192,-0.23188588,-0.24781659,-0.1296162,-0.12904578,-0.24679694,-0.18279888,-0.25087595,-0.26027086,-0.28621647,-0.27511892,-0.11894142,-0.15379182,-0.040142577,-0.056944285,-0.15300974,-0.11274739,-0.13743341,-0.1289083,-0.1538721,-0.15723346,-0.15723898,-0.15723976,-0.27573854,-0.15385053,-0.12890923,-0.16243835,-0.12334165,-0.14074792,-0.1538567,-0.15887658,-0.14481027,-0.1290195,-0.18691605,-0.14998752,-0.1538839,-0.15721288,-0.15722677,-0.15714645,-0.120334074,-0.13700745,-0.08858878,-0.15387659,-0.19008024,-0.15389033,-0.2004665,-0.11139822,-0.1388583,-0.13027036,-0.1074974,-0.15152657,-0.1537719,-0.1568715,-0.10065024,-0.08152827,-0.09427856,-0.15383255,-0.11960925,-0.15027548,-0.16982608,2.6116333,-0.15385328,-0.15723148,-0.17738779,-0.15176103,-0.15389386,-0.25953975,-0.17989698,-0.13525523,-0.1538904,-0.15095688,-0.17780018,-0.2009549,-0.15386567,-0.09015879,-0.15352985,-0.12151222,-0.121854745,-0.13997786,-0.21433522,-0.13908121,-0.16057305,-0.15380275,-0.07092635,-0.15312415,-0.15629499,-0.18733518,-0.15358084,-0.12889658,-0.12334781,-0.14100276,-0.15384072,-0.114095174,-0.25318068,-0.26654312,-0.12801845,-0.10945694,-0.15382981,-0.09238048,-0.20963459,-0.15389067,-0.1571365,-0.1283288,-0.15380347,-0.16015086,-0.1553517,-0.15389603,-0.19704957,-0.20616047,-0.12765713,-0.10460003,-0.11361031,-0.10256614,-0.15388691,-0.19495486,-0.15385765,-0.12824462,-0.15369937,-0.041086134,-0.12967405,-0.15389451,-0.2300741,-0.15386848,-0.10384405,-0.1521698,-0.0784167,-0.15372154,-0.12766197,-0.15374556,-0.121451,-0.075820275,-0.09192432,-0.101488546,-0.15357031,-0.15712366,-0.12378413,-0.1537063,-0.1410757,-0.13984437,-0.18093297,-0.1538975,-0.25777104,-0.12844054,-0.15378729,-0.13462572,-0.119081676,-0.15386167,-0.15723404,-0.15723604,-0.1572374,-0.19755594,-0.25103784,-0.20219928,-0.19465852,-0.24831252,-0.20506537,-0.22091979,-0.15387928,-0.12856795,-0.11956477,-0.15387332,-0.15722962,-0.20931396,-0.18224281,-0.15386285,-0.32474133,-0.1538952,-0.15724063,-0.15723929,-0.15723884,-0.2185038,-0.15386167,-0.114121355,-0.15386552,-0.15722233,-0.15722984,-0.22984435,-0.15388758,-0.15720847,-0.08963354,-0.15376493,-0.1571812,-0.15720281,-0.15720424,-0.13302092,-0.1051107,-0.14014931,-0.15141064,-0.15839578,-0.15615125,-0.14613561,-0.15388316,-0.12319561,-0.1289865,-0.15384018,-0.15724039,-0.15723982,-0.15723982,-0.15724045,-0.38518023,-0.11451449,-0.15384895,-0.15564899,-0.14443555,-0.16636807,-0.1538896,-0.15714781,-0.12993515,-0.047159404,-0.14679751,-0.14016809,-0.14106366,-0.15371647,-0.19987361,-0.1649412,-0.17166539,-0.15386295,-0.15718955,-0.12722544,-0.14610182,-0.2588673,-0.12875655,-0.15374306,-0.09132757,-0.12832497,-0.13684332,-0.16221203,-0.15659244,-0.12809876,-0.153587,-0.15712711,-0.15718564,-0.15722606,-0.15740095,-0.19795567,-0.15106063,-0.07294749,-0.2039893,-0.15384993,-0.15718378,-0.104459345,-0.15346566,-0.17466888,-0.13176009,-0.15385836,-0.15109587,-0.10913184,-0.15366228,-0.05825615,-0.14326635,-0.17082691,-0.15378538,-0.18883844,-0.15389656,-0.31316653,-0.15388495,-0.16808087,-0.14331596,-0.15388732,-0.15723631,-0.25088155,-0.15389702,-0.22115314,-0.07562123,-0.086852394,-0.10702289,-0.060967896,-0.14591843,-0.16796505,-0.15746465,-0.22133875,-0.12812386,-0.0969081,-0.16398169,-0.12716047,-0.11335766,-0.18846886,-0.12897865,-0.17755464,-0.0994983,-0.115196005,-0.15378669,-0.11662802,-0.19749595,-0.14526704,-0.12781724,-0.096878245,-0.1537863,-0.15700257,-0.12434345,-0.11230643,-0.063823454,-0.1537025,-0.11419349,-0.10007019,-0.24483351,-0.15389763,-0.15722628,-0.16344379,-0.1759062,-0.12524253,-0.15387993,-0.0782174,-0.19187105,-0.18185812,-0.09859173,-0.11065883,-0.15348819,-0.15685071,-0.083404,-0.1213824,-0.13072303,-0.13855581,-0.19385117,-0.153853,-0.1572325,-0.19487974,-0.23847799,-0.2432746,-0.12858921,-0.15365067,-0.15719807,-0.14520228,-0.2961179,-0.15389675,-0.19813283,-0.12886618,-0.15381989,-0.060104962,-0.15931924,-0.15389462,-0.2028091,-0.2868003,-0.11816878,-0.14795661,-0.10060286,-0.15370761,-0.13614628,-0.20725825,-0.17393659,-0.125103,-0.15657571,-0.15690626,-0.15389293,-0.15723541,-0.16221246,-0.22200036,-0.12906396,-0.2814266,-0.15389812,-0.1915083,-0.24371436,-0.16952515,-0.15379381,-0.13369927,-0.12557748,-0.15388916,-0.18106565,-0.15389782,-0.18642783,-0.15383007,-0.30462334,-0.15376402,-0.14691104,-0.13029914,-0.1538822,-0.15722048,-0.18915205,-0.12896875,-0.15388821,-0.10481856,-0.1650517,-0.15388563,-0.15723789,-0.15720278,-0.12849878,-0.15377074,-0.15719709,-0.15718594,-0.15719998,-0.15720968,-0.16505513,-0.17392421,-0.15388018,-0.15722916,-0.15721698,-0.1572298,2.5494368,-0.15354379,6.4827104,-0.15268525,-0.11499533,1.4006262,-0.11893196,-0.15388453,-0.15714449,-0.12892081,-0.19501048,-0.153894,-0.18738703,-0.11705899,-0.17429145,-0.15388222,-0.06652963,-0.15358773,-0.10737923,-0.124497145,-0.15298569,-0.052188452,-0.26007295
k__Bacteria|p__Firmicutes|c__Clostridia|o__Eubacteriales|f__Lachnospiraceae|g__Blautia|s__Blautia_faecicola,-0.1004395,-0.12316422,-0.15380199,-0.15712577,-0.15712616,-0.23867357,-0.1666669,-0.16813041,-0.10929718,-0.22895765,-0.23728925,-0.15380932,-0.22850217,-0.3768707,-0.08556121,-0.15321018,-0.058144663,-0.15300795,-0.15703142,-0.19931981,-0.1978925,-0.12884472,-0.15375572,-0.12711628,-0.20043859,-0.11658599,-0.182019,-0.25032333,-0.1509206,-0.15376265,-0.15142563,-0.10844302,-0.18249588,-0.28454733,-0.15378848,-0.12911901,-0.15380567,-0.22338755,-0.15380988,-0.29867563,-0.15381,-0.29356226,-0.12812081,-0.15358305,-0.13691942,-0.15380153,-0.23188588,-0.24781659,-0.1296162,-0.12912756,-0.24679694,-0.18279888,-0.25087595,-0.26027086,-0.28621647,-0.27511892,-0.11894142,-0.15367875,-0.040142577,-0.056944285,-0.15270534,-0.11274739,-0.13743341,-0.1289588,-0.15377668,-0.15711908,-0.1571258,-0.15712681,-0.27573854,-0.15374899,-0.12896097,-0.16243835,-0.12334165,-0.14074792,-0.15375814,-0.15887658,-0.14481027,-0.12909596,-0.18691605,-0.14998752,-0.15379168,-0.15709367,-0.15711059,-0.15700611,-0.120334074,-0.13700745,-0.08858878,-0.15378267,-0.19008024,-0.15379956,-0.2004665,-0.11139822,-0.1388583,-0.13027036,-0.1074974,-0.15152657,-0.15365417,-0.1566615,-0.10065024,-0.08152827,-0.09427856,-0.1537287,-0.11960925,-0.15027548,-0.16982608,-0.1185138,-0.15375334,-0.15711659,-0.17738779,-0.15176103,-0.15380384,-0.25953975,-0.17989698,-0.13525523,-0.15379965,-0.15095688,-0.17780018,-0.2009549,-0.1537669,-0.09015879,-0.15335947,-0.12151222,-0.121854745,-0.13997786,-0.21433522,-0.13908121,-0.16057305,-0.15369233,-0.07092635,-0.15286082,-0.15594146,-0.18733518,-0.15340713,-0.12894614,-0.12334781,-0.14100276,-0.15373859,-0.114095174,-0.25318068,-0.26654312,-0.12789623,-0.10945694,-0.15372536,-0.09238048,-0.20963459,-0.15380001,-0.15699258,-0.12826239,-0.15369242,-0.16015086,-0.1553517,-0.15380654,-0.19704957,-0.20616047,-0.12747607,-0.10460003,-0.11361031,-0.10256614,-0.15379542,-0.19495486,-0.15375751,-0.12815799,-0.1535663,-0.041086134,-0.12967405,-0.15380457,-0.2300741,-0.15377071,-0.10384405,-0.15170108,-0.0784167,-0.15359227,-0.12766197,-0.15362188,-0.121451,-0.075820275,-0.09192432,-0.101488546,-0.1534072,-0.15698484,-0.12378413,-0.15356976,-0.1410757,-0.13984437,-0.18093297,-0.15380839,-0.25777104,-0.12844054,-0.15366927,-0.13462572,-0.119081676,-0.15376472,-0.15711975,-0.15712222,-0.15712391,-0.19755594,-0.25103784,-0.20219928,-0.19465852,-0.24831252,-0.20506537,-0.22091979,-0.1537852,-0.12854573,-0.11956477,-0.15377875,-0.15711422,-0.20931396,-0.18224281,-0.15376449,-0.32474133,-0.15380557,-0.15712786,-0.15712623,-0.15712567,-0.2185038,-0.15376349,-0.114121355,-0.15376848,-0.15710473,-0.15711454,-0.22984435,-0.15379627,-0.15708746,-0.08963354,-0.15364498,-0.15705541,-0.15708086,-0.15708353,-0.13302092,-0.1051107,-0.14014931,-0.15141064,-0.15839578,-0.15615125,-0.14613561,-0.15379092,-0.12319561,-0.1290545,-0.15373674,-0.15712757,-0.15712687,-0.15712689,-0.15712765,-0.38518023,-0.11451449,-0.15374836,-0.15564899,-0.14443555,-0.16636807,-0.15379852,-0.15700896,-0.12993515,-0.047159404,-0.14491983,-0.14016809,-0.14106366,-0.15358445,-0.19987361,-0.1649412,-0.17166539,-0.15376595,-0.15706578,-0.12722544,-0.14610182,-0.2588673,-0.12878197,-0.15361938,-0.09132757,-0.12832497,-0.13684332,-0.16221203,-0.15659244,-0.12798919,-0.15342598,-0.1569885,-0.15706043,-0.15710998,-0.15740095,-0.19795567,-0.15106063,-0.07294749,-0.2039893,-0.15374923,-0.15705884,-0.104459345,-0.15327705,-0.17466888,-0.13176009,-0.15376072,-0.15109587,-0.10913184,-0.15351984,-0.05825615,-0.14326635,-0.17082691,-0.15366957,-0.18883844,-0.1538072,-0.31316653,-0.15379232,-0.16808087,-0.14331596,-0.15379584,-0.15712245,-0.25088155,-0.15380773,-0.22115314,-0.07562123,-0.086852394,-0.10702289,-0.060967896,-0.14383256,-0.16796505,-0.15746465,-0.22133875,-0.12812386,-0.0969081,-0.16398169,-0.12716047,-0.11335766,-0.18846886,-0.1290454,-0.17755464,-0.0994983,-0.115196005,-0.15367159,-0.11662802,-0.19749595,-0.14526704,-0.12781724,-0.096878245,-0.1536729,-0.15683578,-0.12434345,-0.11230643,-0.063823454,-0.15356958,-0.11419349,-0.10007019,-0.24483351,-0.15380853,-0.15710908,-0.16344379,-0.1759062,-0.12524253,-0.15378684,-0.0782174,-0.19187105,-0.18185812,-0.09859173,-0.11065883,-0.15330729,-0.15664923,-0.083404,-0.1213824,-0.13072303,-0.13855581,-0.19385117,-0.15375291,-0.15711784,-0.19487974,-0.23847799,-0.2432746,-0.12857345,-0.15350507,-0.15707514,-0.14520228,-0.2961179,-0.15380746,-0.19813283,-0.12890984,-0.15371227,-0.060104962,-0.15931924,-0.15380473,4.8643236,4.5147843,-0.11816878,-0.14795661,-0.10060286,-0.15357286,-0.13614628,-0.20725825,-0.17393659,-0.125103,-0.15657571,-0.15690626,-0.1538027,-0.15712146,-0.16221246,-0.22200036,-0.12914981,-0.2814266,-0.15380913,-0.1915083,-0.24371436,-0.16952515,-0.15367472,-0.13369927,-0.12557748,-0.15379798,-0.18106565,-0.15380877,-0.18642783,-0.15372187,-0.30462334,-0.15364185,-0.14691104,-0.13029914,-0.15378949,-0.15710318,-0.18915205,-0.12903383,-0.15379694,-0.10481856,-0.1650517,-0.15379354,-0.15712447,-0.1570783,-0.1284655,-0.15365307,-0.1570736,-0.15706035,-0.15707734,-0.15708995,-0.16505513,-0.17392421,-0.15378684,-0.15711379,-0.15709862,-0.15711457,-0.2025511,-0.15354379,-0.14723541,-0.15228862,-0.11499533,-0.10471026,-0.11893196,-0.15379235,-0.15700437,-0.12897769,-0.19501048,-0.15380397,-0.18738703,-0.11705899,-0.17429145,-0.15378818,-0.06652963,-0.15343098,-0.10737923,-0.124497145,-0.15298569,-0.052188452,-0.26007295
k__Bacteria|p__Firmicutes|c__Tissierellia|o__Tissierellales|f__Peptoniphilaceae|g__Anaerococcus|s__Anaerococcus_SGB53821,-0.1004395,-0.12316422,-0.15455665,-0.1576968,-0.15769714,-0.23867357,-0.1666669,-0.16813041,-0.10929718,-0.22895765,-0.23728925,-0.15456185,-0.22850217,-0.3768707,-0.08556121,-0.15411222,-0.058144663,-0.15394476,-0.1576288,-0.19931981,-0.1978925,-0.13101213,-0.15452233,-0.12711628,-0.20043859,-0.11658599,-0.182019,-0.25032333,-0.1509206,-0.15452905,-0.15142563,-0.10844302,-0.18249588,-0.28454733,-0.15454789,-0.13123271,-0.15455917,-0.22338755,-0.15456226,-0.29867563,-0.15456234,-0.29356226,-0.13042153,-0.15440443,-0.13691942,-0.15455604,1.2345502,-0.24781659,-0.1296162,-0.13124031,-0.24679694,-0.18279888,-0.25087595,-0.26027086,-0.28621647,-0.27511892,-0.11894142,-0.15446524,-0.040142577,-0.056944285,-0.15377778,-0.11274739,-0.13743341,-0.13110802,-0.15453905,-0.15769182,-0.15769693,-0.1576976,-0.27573854,-0.15452075,-0.13111094,-0.16243835,-0.12334165,-0.14074792,-0.15452409,-0.15887658,-0.14481027,-0.13121438,-0.18691605,-0.14998752,-0.15454884,-0.15767336,-0.15768626,-0.15762103,-0.120334074,-0.13700745,-0.08858878,-0.15454213,-0.19008024,-0.15455464,-0.2004665,-0.11139822,-0.1388583,-0.13027036,-0.1074974,-0.15152657,-0.1544463,-0.1573796,-0.10065024,-0.08152827,-0.09427856,-0.15450174,-0.11960925,-0.15027548,-0.16982608,-0.1185138,-0.1545224,-0.15769008,-0.17738779,-0.15176103,-0.15455794,-0.25953975,-0.17989698,-0.13525523,-0.15455467,-0.15095688,-0.17780018,-0.2009549,-0.15453556,-0.09015879,-0.15422171,-0.12151222,-0.121854745,-0.13997786,-0.21433522,-0.13908121,-0.16057305,-0.1544742,-0.07092635,-0.15386355,-0.15688924,-0.18733518,-0.15429898,-0.13109332,-0.12334781,-0.14100276,-0.15450957,-0.114095174,-0.25318068,-0.26654312,-0.13020813,-0.10945694,-0.15449911,-0.09238048,-0.20963459,-0.15455492,-0.15761513,-0.13053249,-0.15447785,-0.16015086,-0.1553517,-0.15455985,-0.19704957,-0.20616047,-0.1298761,-0.10460003,-0.11361031,-0.10256614,-0.15455133,-0.19495486,-0.15452625,-0.13044089,-0.1543794,-0.041086134,-0.12967405,-0.15455867,-0.2300741,-0.15453643,-0.10384405,-0.15299946,-0.0784167,-0.1544036,-0.12766197,-0.15442291,-0.121451,-0.075820275,-0.09192432,-0.101488546,-0.15426223,-0.1575908,-0.12378413,-0.15440217,-0.1410757,-0.13984437,-0.18093297,-0.15456115,-0.25777104,-0.12844054,-0.15446575,-0.13462572,-0.119081676,-0.15452787,-0.15769243,-0.15769425,-0.15769549,-0.19755594,-0.25103784,-0.20219928,-0.19465852,-0.24831252,-0.20506537,-0.22091979,-0.15454572,-0.13077046,-0.11956477,-0.15453893,-0.15768853,-0.20931396,-0.18224281,-0.15453178,-0.32474133,-0.15455902,-0.15769833,-0.15769714,-0.15769672,-0.2185038,-0.1545314,-0.114121355,-0.15453349,-0.15768301,-0.1576888,-0.22984435,-0.15455192,-0.15767238,-0.08963354,-0.15444276,-0.15764317,-0.15766501,-0.15766445,-0.13302092,-0.1051107,-0.14014931,-0.15141064,-0.15839578,-0.15615125,-0.14613561,-0.15454769,-0.12319561,-0.13118528,-0.15451145,-0.15769817,-0.15769768,-0.15769765,-0.15769821,-0.38518023,-0.11451449,-0.15451756,-0.15564899,-0.14443555,-0.16636807,-0.15455431,-0.15762141,-0.12993515,-0.047159404,-0.14845918,-0.14016809,-0.14106366,-0.15439926,-0.19987361,-0.1649412,-0.17166539,-0.15452962,-0.15765032,-0.12722544,-0.14610182,-0.2588673,-0.13095072,-0.15441956,-0.09132757,-0.12832497,-0.13684332,-0.16221203,-0.15659244,-0.13027892,-0.15428531,-0.15759504,-0.15764806,-0.1576851,-0.15740095,-0.19795567,-0.15106063,-0.07294749,-0.2039893,-0.1545192,-0.15764521,-0.104459345,-0.15415904,-0.17466888,-0.13176009,-0.15452452,-0.15109587,-0.10913184,-0.15434888,-0.05825615,-0.14326635,-0.17082691,-0.15446115,-0.18883844,-0.15456039,-0.31316653,-0.15455091,-0.16808087,-0.14331596,-0.15455192,-0.15769464,-0.25088155,-0.15456079,-0.22115314,-0.07562123,-0.086852394,-0.10702289,-0.060967896,-0.14764819,-0.16796505,-0.15746465,-0.22133875,-0.12812386,-0.0969081,-0.16398169,-0.12716047,-0.11335766,-0.18846886,-0.1311757,-0.17755464,-0.0994983,-0.115196005,-0.15446159,-0.11662802,-0.19749595,-0.14526704,-0.12781724,-0.096878245,-0.15445778,-0.157481,-0.12434345,-0.11230643,-0.063823454,-0.15438402,-0.11419349,-0.10007019,-0.24483351,-0.15456127,-0.15768668,-0.16344379,-0.1759062,-0.12524253,-0.15454501,-0.0782174,-0.19187105,-0.18185812,-0.09859173,-0.11065883,-0.15418564,-0.1573435,-0.083404,-0.1213824,-0.13072303,-0.13855581,-0.19385117,-0.15452224,-0.157691,-0.19487974,-0.23847799,-0.2432746,-0.13079873,-0.15433702,-0.15766059,-0.14520228,-0.2961179,-0.15456048,-0.19813283,-0.13106537,-0.15449226,-0.060104962,-0.15931924,-0.15455869,-0.2028091,-0.2868003,-0.11816878,-0.14795661,-0.10060286,-0.15439269,-0.13614628,-0.20725825,-0.17393659,-0.125103,-0.15657571,-0.15690626,-0.15455714,-0.15769364,-0.16221246,-0.22200036,-0.13125724,-0.2814266,-0.15456174,-0.1915083,-0.24371436,-0.16952515,-0.1544756,-0.13369927,-0.12557748,-0.15455383,-0.18106565,-0.15456146,-0.18642783,-0.15450567,-0.30462334,-0.15444468,-0.14691104,-0.13029914,-0.1545474,-0.15767999,-0.18915205,-0.13116564,-0.15455271,-0.10481856,-0.1650517,-0.15455085,-0.15769592,-0.15766764,-0.13069682,-0.15444493,-0.1576603,-0.15764952,-0.15766269,-0.15767036,-0.16505513,-0.17392421,-0.1545459,-0.1576879,-0.15767722,-0.15768847,-0.2025511,-0.15354379,-0.14723541,-0.15351894,-0.11499533,-0.10471026,-0.11893196,-0.15454954,-0.15761888,-0.13111794,-0.19501048,-0.15455821,-0.18738703,-0.11705899,-0.17429145,-0.15454872,-0.06652963,-0.15427713,-0.10737923,-0.124497145,-0.15298569,-0.052188452,-0.26007295
k__Bacteria|p__Firmicutes|c__Clostridia|o__Eubacteriales|f__Lachnospiraceae|g__GGB79912|s__GGB79912_SGB4550,-0.1004395,-0.12316422,-0.1544416,-0.15772533,-0.15772557,-0.23867357,-0.1666669,-0.16813041,-0.10929718,-0.22895765,-0.23728925,-0.15444575,-0.22850217,-0.3768707,-0.08556121,-0.1540915,-0.058144663,-0.15398148,-0.15767178,-0.19931981,-0.1978925,-0.12989205,-0.15441525,-0.12711628,-0.20043859,-0.11658599,-0.182019,-0.25032333,-0.1509206,-0.15441963,-0.15142563,-0.10844302,-0.18249588,-0.28454733,-0.15443435,-0.13005319,-0.15444368,-0.22338755,-0.15444607,-0.29867563,-0.15444611,-0.29356226,-0.12945026,-0.15431882,-0.13691942,-0.1544413,-0.23188588,-0.24781659,-0.1296162,-0.13005851,-0.24679694,-0.18279888,-0.25087595,-0.26027086,-0.28621647,-0.27511892,-0.11894142,-0.15437117,-0.040142577,-0.056944285,-0.15382321,-0.11274739,-0.13743341,-0.12996055,-0.15442741,-0.15772152,-0.15772536,-0.15772593,-0.27573854,-0.15441196,-0.12996109,-0.16243835,-0.12334165,-0.14074792,-0.15441664,-0.15887658,-0.14481027,-0.13004003,-0.18691605,-0.14998752,-0.1544357,-0.15770712,-0.15771683,-0.15765974,-0.120334074,-0.13700745,-0.08858878,-0.15443057,-0.19008024,-0.1544402,-0.2004665,-0.11139822,-0.1388583,-0.13027036,-0.1074974,-0.15152657,-0.15435728,-0.1574519,-0.10065024,-0.08152827,-0.09427856,-0.15439974,-0.11960925,-0.15027548,-0.16982608,-0.1185138,-0.15441424,-0.15772013,-0.17738779,-0.15176103,-0.15444265,-0.25953975,-0.17989698,-0.13525523,-0.15444025,-0.15095688,-0.17780018,-0.2009549,-0.15442275,-0.09015879,-0.15418759,-0.12151222,-0.121854745,-0.13997786,-0.21433522,-0.13908121,-0.16057305,-0.15437882,-0.07092635,-0.15390012,-0.15706325,-0.18733518,-0.15422198,-0.12994881,-0.12334781,-0.14100276,-0.15440546,-0.114095174,-0.25318068,-0.26654312,-0.12930526,-0.10945694,-0.15439779,-0.09238048,-0.20963459,-0.15444043,-0.15765335,-0.12952422,-0.15437913,-0.16015086,-0.1553517,-0.15444417,-0.19704957,-0.20616047,-0.12904991,-0.10460003,-0.11361031,-0.10256614,-0.15443778,-0.19495486,-0.15441723,-0.12946212,-0.15430608,-0.041086134,-0.12967405,-0.15444311,-0.2300741,-0.15442505,-0.10384405,-0.15321946,-0.0784167,-0.15432161,-0.12766197,-0.15433861,-0.121451,-0.075820275,-0.09192432,-0.101488546,-0.15421554,-0.15764457,-0.12378413,-0.15430546,-0.1410757,-0.13984437,-0.18093297,-0.1544452,-0.25777104,-0.12844054,-0.15436763,-0.13462572,-0.119081676,-0.15442011,-0.15772194,-0.15772334,-0.15772429,-0.19755594,-0.25103784,-0.20219928,-0.19465852,-0.24831252,-0.20506537,-0.22091979,-0.15443248,-0.1297027,-0.11956477,-0.15442827,-0.15771884,-0.20931396,-0.18224281,-0.15442055,-0.32474133,-0.15444359,-0.15772653,-0.1577256,-0.15772527,-0.2185038,-0.15442011,-0.114121355,-0.15442282,-0.15771371,-0.15771902,5.809282,-0.15443826,-0.15770385,-0.08963354,-0.15435229,-0.15768495,-0.15770003,-0.15770108,-0.13302092,-0.1051107,-0.14014931,-0.15141064,-0.15839578,-0.15615125,-0.14613561,-0.15443517,-0.12319561,-0.13001627,-0.15440506,-0.15772638,-0.15772599,-0.15772599,-0.1577264,-0.38518023,-0.11451449,-0.15441123,-0.15564899,-0.14443555,-0.16636807,-0.15443969,-0.15766151,-0.12993515,-0.047159404,-0.14946267,-0.14016809,-0.14106366,-0.15431845,-0.19987361,-0.1649412,-0.17166539,-0.15442103,-0.1576908,-0.12722544,-0.14610182,-0.2588673,-0.12984909,-0.15433691,-0.09132757,-0.12832497,-0.13684332,-0.16221203,-0.15659244,-0.12935294,-0.1542274,-0.15764707,-0.15768805,-0.15771633,-0.15740095,-0.19795567,-0.15106063,-0.07294749,-0.2039893,-0.15441185,-0.15768677,-0.104459345,-0.1541225,-0.17466888,-0.13176009,-0.15441784,-0.15109587,-0.10913184,-0.15427953,-0.05825615,-0.14326635,-0.17082691,-0.15436664,-0.18883844,-0.15444455,-0.31316653,-0.15443641,-0.16808087,-0.14331596,-0.1544381,-0.15772352,-0.25088155,-0.15444487,-0.22115314,-0.07562123,-0.086852394,-0.10702289,-0.060967896,-0.14885254,-0.16796505,-0.15746465,-0.22133875,-0.12812386,-0.0969081,-0.16398169,-0.12716047,-0.11335766,-0.18846886,-0.13001043,-0.17755464,-0.0994983,-0.115196005,-0.15436757,-0.11662802,-0.19749595,-0.14526704,-0.12781724,-0.096878245,-0.15436739,-0.1575597,-0.12434345,-0.11230643,-0.063823454,-0.15430818,-0.11419349,-0.10007019,-0.24483351,-0.15444529,-0.15771656,-0.16344379,-0.1759062,-0.12524253,-0.15443292,-0.0782174,-0.19187105,-0.18185812,-0.09859173,-0.11065883,-0.15415815,-0.15745303,-0.083404,-0.1213824,-0.13072303,-0.13855581,-0.19385117,-0.154414,-0.15772086,-0.19487974,-0.23847799,-0.2432746,-0.12972544,-0.15427211,-0.15769671,-0.14520228,-0.2961179,-0.15444468,-0.19813283,-0.12993027,-0.15439081,-0.060104962,-0.15931924,-0.15444317,-0.2028091,-0.2868003,-0.11816878,-0.14795661,-0.10060286,-0.15431213,-0.13614628,-0.20725825,-0.17393659,-0.125103,-0.15657571,-0.15690626,-0.15444201,-0.15772289,-0.16221246,-0.22200036,-0.1300713,-0.2814266,-0.15444565,-0.1915083,-0.24371436,-0.16952515,-0.15437181,-0.13369927,-0.12557748,-0.15443936,-0.18106565,-0.15444544,-0.18642783,-0.15439773,-0.30462334,-0.15435168,-0.14691104,-0.13029914,-0.1544345,-0.15771246,-0.18915205,-0.13000421,-0.15443872,-0.10481856,-0.1650517,-0.15443689,-0.15772462,-0.15770012,-0.12965238,-0.15435639,-0.15769602,-0.15768826,-0.15769807,-0.15770486,-0.16505513,-0.17392421,-0.15443307,-0.15771851,-0.15770999,-0.15771896,-0.2025511,-0.15354379,-0.14723541,-0.15359542,-0.11499533,-0.10471026,-0.11893196,-0.15443611,-0.15765835,-0.12996948,-0.19501048,-0.15444276,-0.18738703,-0.11705899,-0.17429145,-0.15443462,-0.06652963,-0.15422726,-0.10737923,-0.124497145,-0.15298569,-0.052188452,-0.26007295
k__Bacteria|p__Firmicutes|c__Clostridia|o__Eubacteriales|f__Eubacteriales_unclassified|g__Gemmiger|s__Gemmiger_SGB15299,-0.1004395,-0.12316422,-0.15414199,-0.15746273,-0.15746297,-0.23867357,-0.1666669,-0.16813041,-0.10929718,-0.22895765,-0.23728925,-0.15414636,-0.22850217,-0.3768707,-0.08556121,-0.15377805,-0.058144663,-0.15366104,-0.15740639,-0.19931981,-0.1978925,-0.12930585,-0.15411435,-0.12711628,-0.20043859,-0.11658599,-0.182019,-0.25032333,-0.1509206,-0.15411879,-0.15142563,-0.10844302,-0.18249588,-0.28454733,-0.15413426,-0.12947905,-0.15414418,-0.22338755,-0.15414669,-0.29867563,-0.15414676,-0.29356226,-0.12884894,-0.15401238,-0.13691942,-0.1541417,-0.23188588,-0.24781659,-0.1296162,-0.12948443,-0.24679694,-0.18279888,-0.25087595,-0.26027086,-0.28621647,-0.27511892,-0.11894142,-0.15406793,-0.040142577,-0.056944285,-0.15348977,-0.11274739,-0.13743341,-0.12937835,-0.15412699,-0.15745872,-0.15746278,-0.15746336,-0.27573854,-0.15411061,-0.1293808,-0.16243835,-0.12334165,-0.14074792,-0.15411577,-0.15887658,-0.14481027,-0.1294647,-0.18691605,-0.14998752,-0.1541358,-0.15744355,-0.15745372,-0.15739302,-0.120334074,-0.13700745,-0.08858878,-0.15413041,-0.19008024,-0.15414053,-0.2004665,-0.11139822,-0.1388583,-0.13027036,-0.1074974,-0.15152657,-0.15405336,-0.15717977,-0.10065024,-0.08152827,-0.09427856,-0.15409806,-0.11960925,-0.15027548,-0.16982608,-0.1185138,-0.15411317,-0.15745726,-0.17738779,-0.15176103,-0.15414311,-0.25953975,-0.17989698,-0.13525523,-0.15414058,-0.15095688,-0.17780018,-0.2009549,-0.15412176,-0.09015879,-0.1538755,-0.12151222,-0.121854745,-0.13997786,-0.21433522,-0.13908121,-0.16057305,-0.15407613,-0.07092635,-0.15357465,-0.15676163,-0.18733518,-0.15390913,-0.12936606,-0.12334781,-0.14100276,-0.15410404,-0.114095174,-0.25318068,3.1994317,-0.1286721,-0.10945694,-0.15409607,-0.09238048,-0.20963459,-0.15414079,-0.15738694,-0.12892057,-0.1540764,-0.16015086,-0.1553517,-0.1541447,-0.19704957,-0.20616047,-0.12840551,-0.10460003,-0.11361031,-0.10256614,-0.15413803,-0.19495486,-0.15411614,-0.12884614,-0.15400004,-0.041086134,-0.12967405,-0.15414357,-0.2300741,-0.15412438,-0.10384405,-0.15286487,-0.0784167,-0.15401603,-0.12766197,-0.15403391,-0.121451,-0.075820275,-0.09192432,-0.101488546,-0.15390417,-0.15737799,-0.12378413,-0.15400109,-0.1410757,-0.13984437,-0.18093297,-0.15414578,-0.25777104,-0.12844054,-0.15406415,-0.13462572,-0.119081676,-0.15411955,-0.15745914,-0.15746063,-0.15746163,-0.19755594,-0.25103784,-0.20219928,-0.19465852,-0.24831252,-0.20506537,-0.22091979,-0.1541323,-0.12910455,-0.11956477,-0.15412806,-0.15745588,-0.20931396,-0.18224281,-0.15412006,-0.32474133,-0.15414411,-0.15746398,-0.15746301,-0.15746269,-0.2185038,-0.15411931,-0.114121355,-0.15412214,-0.15745035,-0.15745607,-0.22984435,-0.1541385,-0.15744025,-0.08963354,-0.154048,-0.15742044,-0.15743604,-0.15743732,-0.13302092,-0.1051107,-0.14014931,-0.15141064,-0.15839578,-0.15615125,-0.14613561,-0.15413529,-0.12319561,-0.12944,-0.15410331,-0.15746382,-0.1574634,-0.15746342,-0.15746386,-0.38518023,-0.11451449,-0.15411001,-0.15564899,-0.14443555,-0.16636807,-0.15413997,-0.15739493,-0.12993515,-0.047159404,-0.14887944,-0.14016809,-0.14106366,-0.15401232,-0.19987361,-0.1649412,-0.17166539,-0.15412042,-0.15742661,-0.12722544,-0.14610182,-0.2588673,-0.12925616,-0.15403192,-0.09132757,-0.12832497,-0.13684332,-0.16221203,-0.15659244,-0.12872627,-0.15391618,-0.15738042,-0.15742362,-0.15745328,-0.15740095,-0.19795567,-0.15106063,-0.07294749,-0.2039893,-0.15411063,-0.15742235,-0.104459345,-0.15380193,-0.17466888,-0.13176009,-0.15411715,-0.15109587,-0.10913184,-0.15397157,-0.05825615,-0.14326635,-0.17082691,-0.15406308,-0.18883844,-0.15414509,-0.31316653,-0.15413642,-0.16808087,-0.14331596,-0.1541383,-0.15746078,-0.25088155,-0.15414542,-0.22115314,-0.07562123,-0.086852394,-0.10702289,-0.060967896,-0.14823201,-0.16796505,-0.15746465,-0.22133875,-0.12812386,-0.0969081,-0.16398169,-0.12716047,-0.11335766,-0.18846886,-0.12943348,-0.17755464,-0.0994983,-0.115196005,-0.15406409,-0.11662802,-0.19749595,-0.14526704,-0.12781724,-0.096878245,-0.15406418,-0.1572885,-0.12434345,-0.11230643,-0.063823454,-0.15400186,-0.11419349,-0.10007019,-0.24483351,-0.15414588,-0.15745339,-0.16344379,-0.1759062,-0.12524253,-0.1541329,-0.0782174,-0.19187105,-0.18185812,-0.09859173,-0.11065883,-0.15384454,-0.15717673,-0.083404,-0.1213824,-0.13072303,-0.13855581,-0.19385117,-0.15411288,-0.15745802,-0.19487974,-0.23847799,-0.2432746,-0.1291368,-0.15396382,-0.1574326,-0.14520228,-0.2961179,-0.15414524,-0.19813283,-0.1293453,-0.15408841,-0.060104962,-0.15931924,-0.15414366,-0.2028091,-0.2868003,-0.11816878,-0.14795661,-0.10060286,-0.15400547,-0.13614628,-0.20725825,-0.17393659,-0.125103,-0.15657571,-0.15690626,-0.15414241,-0.15746017,-0.16221246,-0.22200036,-0.12949793,-0.2814266,-0.15414625,-0.1915083,-0.24371436,-0.16952515,-0.15406871,-0.13369927,-0.12557748,-0.15413964,-0.18106565,-0.15414603,-0.18642783,-0.15409565,-0.30462334,-0.15404697,-0.14691104,-0.13029914,-0.15413453,-0.15744923,-0.18915205,-0.12942673,-0.15413897,-0.10481856,-0.1650517,-0.15413699,-0.15746197,-0.15743583,-0.1290542,-0.15405253,-0.15743175,-0.15742366,-0.15743396,-0.15744123,-0.16505513,-0.17392421,-0.15413299,-0.15745556,-0.15744656,-0.15745604,-0.2025511,-0.15354379,-0.14723541,-0.15324625,-0.11499533,-0.10471026,-0.11893196,-0.15413624,-0.15739253,-0.12939064,-0.19501048,-0.1541432,-0.18738703,-0.11705899,-0.17429145,-0.15413454,-0.06652963,-0.1539174,-0.10737923,-0.124497145,-0.15298569,-0.052188452,-0.26007295
k__Bacteria|p__Firmicutes|c__Clostridia|o__Eubacteriales|f__Lachnospiraceae|g__Blautia|s__Blautia_SGB4793,-0.1004395,-0.12316422,-0.1544041,-0.15769434,-0.15769461,-0.23867357,-0.1666669,-0.16813041,-0.10929718,-0.22895765,-0.23728925,-0.15440875,-0.22850217,-0.3768707,-0.08556121,-0.15401465,-0.058144663,-0.15388975,-0.15763418,-0.19931981,-0.1978925,-0.12977761,-0.15437455,-0.12711628,-0.20043859,-0.11658599,-0.182019,-0.25032333,-0.1509206,-0.15437937,-0.15142563,-0.10844302,-0.18249588,3.4035425,-0.15439579,-0.1299674,-0.15440643,-0.22338755,-0.15440911,-0.29867563,-0.15440917,-0.29356226,-0.12927257,-0.15426603,-0.13691942,-0.15440379,-0.23188588,-0.24781659,-0.1296162,-0.12997343,-0.24679694,-0.18279888,-0.25087595,-0.26027086,-0.28621647,-0.27511892,-0.11894142,-0.15432487,-0.040142577,-0.056944285,-0.1537092,-0.11274739,-0.13743341,-0.12985685,-0.1543881,-0.15769006,-0.15769437,-0.157695,-0.27573854,-0.1543698,-0.12986031,-0.16243835,-0.12334165,-0.14074792,-0.15437612,-0.15887658,-0.14481027,-0.129952,-0.18691605,-0.14998752,-0.15439749,-0.15767385,-0.15768471,-0.15761924,-0.120334074,-0.13700745,-0.08858878,-0.15439174,-0.19008024,-0.15440252,-0.2004665,-0.11139822,-0.1388583,-0.13027036,-0.1074974,-0.15152657,-0.15430936,-0.1573816,-0.10065024,-0.08152827,-0.09427856,-0.15435714,-0.11960925,-0.15027548,-0.16982608,-0.1185138,-0.15437338,-0.15768848,-0.17738779,-0.15176103,-0.1544053,-0.25953975,-0.17989698,-0.13525523,-0.15440258,-0.15095688,-0.17780018,-0.2009549,-0.15438235,-0.09015879,-0.15411907,-0.12151222,-0.121854745,-0.13997786,-0.21433522,-0.13908121,-0.16057305,-0.15433362,-0.07092635,-0.15379754,-0.15694836,-0.18733518,-0.15415592,-0.12984167,-0.12334781,-0.14100276,-0.15436357,-0.114095174,-0.25318068,-0.26654312,-0.12906577,-0.10945694,-0.15435499,-0.09238048,-0.20963459,-0.15440279,-0.15761286,-0.12934002,-0.15433404,-0.16015086,-0.1553517,-0.154407,-0.19704957,-0.20616047,-0.12877774,-0.10460003,-0.11361031,-0.10256614,-0.15439984,-0.19495486,-0.1543763,-0.1292553,-0.15425244,-0.041086134,-0.12967405,-0.1544058,-0.2300741,-0.15438515,-0.10384405,-0.153036,-0.0784167,-0.15426934,-0.12766197,-0.15428856,-0.121451,-0.075820275,-0.09192432,-0.101488546,-0.15414949,-0.15760373,-0.12378413,-0.15425149,-0.1410757,-0.13984437,-0.18093297,-0.15440816,-0.25777104,-0.12844054,-0.15431935,-0.13462572,-0.119081676,-0.15438004,-0.1576905,-0.15769207,-0.15769315,-0.19755594,-0.25103784,-0.20219928,-0.19465852,-0.24831252,-0.20506537,-0.22091979,-0.1543937,-0.12954588,-0.11956477,-0.1543892,-0.15768701,-0.20931396,-0.18224281,-0.15438044,-0.32474133,-0.15440635,-0.15769567,-0.15769462,-0.15769428,-0.2185038,-0.15437959,-0.114121355,-0.15438293,-0.15768117,-0.15768723,-0.22984435,-0.15440035,-0.15766987,-0.08963354,-0.15430367,-0.15764907,-0.15766588,-0.15766716,-0.13302092,-0.1051107,-0.14014931,-0.15141064,-0.15839578,-0.15615125,-0.14613561,-0.15439692,-0.12319561,-0.12992524,-0.15436295,-0.1576955,-0.15769506,-0.15769506,-0.15769553,-0.38518023,-0.11451449,-0.15436998,-0.15564899,-0.14443555,-0.16636807,-0.15440194,-0.15762194,-0.12993515,-0.047159404,-0.14880773,-0.14016809,-0.14106366,-0.15426582,-0.19987361,-0.1649412,-0.17166539,-0.15438104,-0.15765569,-0.12722544,-0.14610182,-0.2588673,-0.12972043,-0.15428627,-0.09132757,-0.12832497,-0.13684332,-0.16221203,-0.15659244,-0.12911373,-0.15416259,-0.15760633,-0.1576525,-0.15768424,-0.15740095,-0.19795567,-0.15106063,-0.07294749,-0.2039893,-0.15437064,-0.15765104,-0.104459345,-0.15400851,-0.17466888,-0.13176009,-0.15437752,-0.15109587,-0.10913184,-0.1542216,-0.05825615,-0.14326635,-0.17082691,-0.15431988,-0.18883844,-0.15440741,-0.31316653,-0.15439817,-0.16808087,-0.14331596,-0.15440017,-0.15769225,-0.25088155,-0.15440775,-0.22115314,-0.07562123,-0.086852394,-0.10702289,-0.060967896,-0.14811367,-0.16796505,-0.15746465,-0.22133875,-0.12812386,-0.0969081,-0.16398169,-0.12716047,-0.11335766,-0.18846886,-0.12991756,-0.17755464,-0.0994983,-0.115196005,-0.15432093,-0.11662802,-0.19749595,-0.14526704,-0.12781724,-0.096878245,-0.15432087,-0.15750796,-0.12434345,-0.11230643,-0.063823454,-0.15425417,-0.11419349,-0.10007019,-0.24483351,-0.15440825,-0.15768434,-0.16344379,-0.1759062,-0.12524253,-0.15439439,-0.0782174,-0.19187105,-0.18185812,-0.09859173,-0.11065883,-0.15408605,-0.15738872,-0.083404,-0.1213824,-0.13072303,-0.13855581,-0.19385117,-0.15437306,-0.1576893,-0.19487974,-0.23847799,-0.2432746,-0.12958762,-0.15421364,-0.15766218,-0.14520228,-0.2961179,-0.15440756,-0.19813283,-0.12982053,-0.15434691,-0.060104962,-0.15931924,-0.15440589,-0.2028091,-0.2868003,-0.11816878,-0.14795661,-0.10060286,-0.15425843,-0.13614628,-0.20725825,-0.17393659,-0.125103,-0.15657571,-0.15690626,-0.15440455,-0.1576916,-0.16221246,-0.22200036,-0.12998796,-0.2814266,-0.15440863,-0.1915083,-0.24371436,-0.16952515,-0.15432483,-0.13369927,-0.12557748,-0.1544016,-0.18106565,-0.1544084,-0.18642783,-0.15435442,-0.30462334,-0.15430292,-0.14691104,-0.13029914,-0.15439612,-0.15767989,-0.18915205,-0.12991059,-0.15440086,-0.10481856,-0.1650517,-0.1543988,-0.1576935,-0.15766549,-0.12948747,-0.15430845,-0.15766132,-0.15765262,-0.15766364,-0.15767132,-0.16505513,-0.17392421,-0.1543945,-0.15768668,-0.1576771,-0.15768719,-0.2025511,-0.15354379,-0.14723541,-0.15345103,-0.11499533,-0.10471026,-0.11893196,-0.15439795,-0.15761891,-0.12987116,-0.19501048,-0.15440539,-0.18738703,-0.11705899,-0.17429145,-0.15439603,-0.06652963,-0.15416387,-0.10737923,-0.124497145,-0.15298569,-0.052188452,-0.26007295
k__Bacteria|p__Firmicutes|c__Bacilli|o__Lactobacillales|f__Lactobacillaceae|g__Lactobacillus|s__Lactobacillus_delbrueckii,-0.1004395,-0.12316422,-0.15524353,-0.15862176,-0.15862209,-0.23867357,-0.1666669,-0.16813041,-0.10929718,-0.22895765,-0.23728925,-0.15524948,-0.22850217,-0.3768707,-0.08556121,-0.15474835,-0.058144663,-0.1545884,-0.15854476,-0.19931981,-0.1978925,-0.12992448,-0.15520579,-0.12711628,-0.20043859,-0.11658599,-0.182019,-0.25032333,-0.1509206,-0.1552119,-0.15142563,-0.10844302,-0.18249588,-0.28454733,-0.15523307,-0.13015434,-0.15524651,-0.22338755,-0.15524992,-0.29867563,-0.15525001,-0.29356226,-0.12931207,-0.15506676,-0.13691942,-0.15524313,-0.23188588,-0.24781659,-0.1296162,-0.13016176,-0.24679694,-0.18279888,-0.25087595,-0.26027086,-0.28621647,-0.27511892,-0.11894142,-0.15514244,-0.040142577,-0.056944285,-0.15435469,-0.11274739,-0.13743341,-0.13002145,-0.15522306,-0.1586163,-0.15862182,-0.15862262,-0.27573854,-0.15520069,-0.13002303,-0.16243835,-0.12334165,-0.14074792,-0.15520778,-0.15887658,-0.14481027,-0.1301354,-0.18691605,-0.14998752,-0.15523505,-0.1585956,-0.15860948,-0.15852794,-0.120334074,-0.13700745,-0.08858878,-0.15522772,-0.19008024,-0.15524152,-0.2004665,-0.11139822,-0.1388583,-0.13027036,-0.1074974,-0.15152657,-0.15512276,-0.15824227,-0.10065024,-0.08152827,-0.09427856,-0.15518361,-0.11960925,-0.15027548,-0.16982608,-0.1185138,-0.15520418,-0.15861434,-0.17738779,-0.15176103,-0.15524505,-0.25953975,-0.17989698,-0.13525523,-0.15524161,-0.15095688,-0.17780018,-0.2009549,-0.15521614,-0.09015879,-0.15488034,-0.12151222,-0.121854745,-0.13997786,-0.21433522,-0.13908121,-0.16057305,-0.15515372,-0.07092635,-0.15447046,-0.15766695,-0.18733518,-0.15492716,-0.13000567,-0.12334781,-0.14100276,-0.15519175,-0.114095174,-0.25318068,-0.26654312,-0.12910686,-0.10945694,-0.15518084,-0.09238048,-0.20963459,-0.15524188,-0.15851742,-0.12942126,-0.15515387,-0.16015086,-0.1553517,-0.15524721,-0.19704957,-0.20616047,-0.12872954,-0.10460003,-0.11361031,-0.10256614,-0.15523812,-0.19495486,-0.15520862,-0.12932546,-0.15505023,-0.041086134,-0.12967405,-0.15524568,-0.2300741,-0.15521955,-0.10384405,-0.15350781,-0.0784167,-0.15507135,-0.12766197,-0.15509608,-0.121451,-0.075820275,-0.09192432,-0.101488546,-0.15491974,-0.15850621,-0.12378413,-0.15505308,-0.1410757,-0.13984437,-0.18093297,-0.15524872,-0.25777104,-0.12844054,-0.15513693,-0.13462572,-0.119081676,-0.15521285,-0.15861684,-0.1586189,-0.15862024,-0.19755594,-0.25103784,-0.20219928,-0.19465852,-0.24831252,-0.20506537,-0.22091979,-0.15523031,-0.1296665,-0.11956477,-0.1552245,-0.15861243,-0.20931396,-0.18224281,-0.15521342,-0.32474133,-0.1552464,-0.15862346,-0.15862215,-0.1586217,-0.2185038,-0.15521212,-0.114121355,-0.15521638,-0.15860492,-0.15861267,-0.22984435,-0.15523878,-0.15859011,-0.08963354,-0.15511504,-0.158564,-0.15858535,-0.1585871,-0.13302092,-0.1051107,-0.14014931,-0.15141064,-0.15839578,-0.15615125,-0.14613561,-0.15523437,-0.12319561,-0.13010171,-0.15519086,-0.15862325,-0.15862268,-0.15862268,-0.15862331,-0.38518023,-0.11451449,-0.15519993,-0.15564899,-0.14443555,-0.16636807,-0.15524077,-0.1585294,-0.12993515,-0.047159404,-0.14807469,-0.14016809,-0.14106366,-0.15506673,-0.19987361,-0.1649412,-0.17166539,-0.1552141,-0.1585725,-0.12722544,-0.14610182,-0.2588673,-0.12986694,-0.15509358,-0.09132757,-0.12832497,-0.13684332,-0.16221203,-0.15659244,-0.12917781,-0.15493517,-0.15850945,-0.15856835,-0.15860888,-0.15740095,-0.19795567,-0.15106063,-0.07294749,-0.2039893,-0.15520075,-0.1585666,-0.104459345,-0.15478325,-0.17466888,-0.13176009,-0.15520962,-0.15109587,-0.10913184,-0.15501106,-0.05825615,-0.14326635,-0.17082691,-0.1551359,-0.18883844,-0.15524776,-0.31316653,-0.15523599,-0.16808087,-0.14331596,-0.1552385,-0.1586191,-0.25088155,-0.1552482,-0.22115314,-0.07562123,-0.086852394,-0.10702289,-0.060967896,-0.14719322,-0.16796505,-0.15746465,-0.22133875,-0.12812386,-0.0969081,-0.16398169,-0.12716047,-0.11335766,-0.18846886,-0.13009374,-0.17755464,-0.0994983,-0.115196005,-0.15513733,-0.11662802,-0.19749595,-0.14526704,-0.12781724,-0.096878245,-0.15513735,-0.15838432,-0.12434345,-0.11230643,-0.063823454,-0.15505248,-0.11419349,-0.10007019,-0.24483351,-0.15524882,-0.158609,-0.16344379,-0.1759062,-0.12524253,-0.15523112,-0.0782174,-0.19187105,-0.18185812,-0.09859173,-0.11065883,-0.15483826,-0.158232,-0.083404,-0.1213824,-0.13072303,-0.13855581,-0.19385117,-0.15520382,-0.15861532,-0.19487974,-0.23847799,-0.2432746,-0.12969488,-0.15500061,-0.15858066,-0.14520228,1.5529577,-0.15524796,-0.19813283,-0.12997869,-0.15517049,-0.060104962,-0.15931924,-0.15524581,-0.2028091,-0.2868003,-0.11816878,-0.14795661,-0.10060286,-0.15505745,-0.13614628,-0.20725825,-0.17393659,-0.125103,-0.15657571,-0.15690626,-0.15524408,-0.15861827,-0.16221246,-0.22200036,-0.13018008,-0.2814266,-0.15524933,-0.1915083,-0.24371436,-0.16952515,-0.15514296,-0.13369927,-0.12557748,-0.1552403,-0.18106565,-0.15524903,-0.18642783,-0.15518014,-0.30462334,-0.15511408,-0.14691104,-0.13029914,-0.15523335,-0.15860331,-0.18915205,-0.13008435,-0.1552394,-0.10481856,-0.1650517,-0.15523674,-0.15862072,-0.15858527,-0.12959929,-0.1551216,-0.15857953,-0.15856843,-0.15858248,-0.15859231,-0.16505513,-0.17392421,-0.15523125,-0.15861201,-0.15859972,-0.15861264,-0.2025511,-0.15354379,-0.14723541,-0.1540235,-0.11499533,-0.10471026,-0.11893196,-0.15523568,-0.15852611,-0.13003606,-0.19501048,-0.15524517,-0.18738703,-0.11705899,-0.17429145,-0.1552334,-0.06652963,-0.15493749,-0.10737923,-0.124497145,-0.15298569,-0.052188452,-0.26007295
k__Bacteria|p__Firmicutes|c__Bacilli|o__Lactobacillales|f__Lactobacillaceae|g__Weissella|s__Weissella_confusa,-0.1004395,-0.12316422,-0.15358828,-0.15683591,-0.15683621,-0.23867357,-0.1666669,-0.16813041,-0.10929718,-0.22895765,-0.23728925,-0.15359326,-0.22850217,-0.3768707,-0.08556121,-0.15317139,-0.058144663,-0.15302679,-0.1567713,-0.19931981,-0.1978925,-0.12927495,-0.15355626,-0.12711628,-0.20043859,-0.11658599,-0.182019,-0.25032333,-0.1509206,-0.1535618,-0.15142563,-0.10844302,-0.18249588,-0.28454733,-0.15357977,-0.1294681,-0.15359074,-0.22338755,-0.15359363,-0.29867563,-0.15359369,-0.29356226,-0.12875992,-0.15344112,-0.13691942,-0.15358783,-0.23188588,-0.24781659,-0.1296162,-0.12947446,-0.24679694,-0.18279888,-0.25087595,-0.26027086,-0.28621647,-0.27511892,-0.11894142,-0.15350291,-0.040142577,-0.056944285,-0.1528421,-0.11274739,-0.13743341,-0.12935808,-0.15357123,-0.15683128,-0.156836,-0.15683666,-0.27573854,-0.15355384,-0.12935838,-0.16243835,-0.12334165,-0.14074792,-0.15355787,-0.15887658,-0.14481027,-0.12945198,-0.18691605,-0.14998752,-0.15358105,-0.15681383,-0.15682572,-0.15676042,-0.120334074,-0.13700745,-0.08858878,-0.15357482,-0.19008024,-0.1535865,-0.2004665,-0.11139822,-0.1388583,-0.13027036,-0.1074974,-0.15152657,-0.15348566,-0.15653479,-0.10065024,-0.08152827,-0.09427856,-0.15353735,-0.11960925,-0.15027548,-0.16982608,-0.1185138,-0.15355536,-0.15682961,-0.17738779,-0.15176103,-0.15358953,-0.25953975,-0.17989698,-0.13525523,-0.15358657,-0.15095688,-0.17780018,-0.2009549,-0.15356669,-0.09015879,-0.15327875,-0.12151222,-0.121854745,-0.13997786,-0.21433522,-0.13908121,-0.16057305,-0.15351188,-0.07092635,-0.15293571,-0.15604372,-0.18733518,-0.15332934,-0.12934862,-0.12334781,-0.14100276,-0.15354434,-0.114095174,-0.25318068,-0.26654312,-0.12859559,-0.10945694,-0.15353492,-0.09238048,-0.20963459,-0.15358678,-0.15675256,-0.12886074,-0.15351316,-0.16015086,-0.1553517,-0.15359136,-0.19704957,-0.20616047,-0.12829708,-0.10460003,-0.11361031,-0.10256614,-0.15358356,-0.19495486,-0.15355942,-0.12879404,-0.15342362,-0.041086134,-0.12967405,-0.1535901,-0.2300741,-0.15356869,-0.10384405,-0.15212488,-0.0784167,-0.15344372,-0.12766197,-0.15346336,-0.121451,-0.075820275,-0.09192432,-0.101488546,-0.1533143,-0.15673766,-0.12378413,-0.1534357,-0.1410757,-0.13984437,-0.18093297,-0.15359259,-0.25777104,-0.12844054,-0.15350172,-0.13462572,-0.119081676,-0.15356198,-0.1568318,-0.1568335,-0.15683465,-0.19755594,-0.25103784,-0.20219928,-0.19465852,-0.24831252,-0.20506537,-0.22091979,-0.15357749,-0.12906723,-0.11956477,-0.153572,-0.15682806,-0.20931396,-0.18224281,-0.15356387,-0.32474133,-0.15359062,-0.15683737,-0.15683624,-0.15683585,-0.2185038,-0.15356335,-0.114121355,-0.15356576,-0.15682212,-0.1568283,-0.22984435,-0.15358412,-0.15681145,-0.08963354,-0.15348051,-0.15678659,-0.15680546,-0.15680625,-0.13302092,-0.1051107,-0.14014931,-0.15141064,-0.15839578,-0.15615125,-0.14613561,-0.15358031,-0.12319561,-0.12942415,-0.15354435,-0.1568372,-0.15683672,-0.15683672,-0.15683724,-0.38518023,-0.11451449,-0.15355143,-0.15564899,-0.14443555,-0.16636807,-0.15358597,-0.15676054,-0.12993515,-0.047159404,-0.14762336,-0.14016809,-0.14106366,-0.15343912,-0.19987361,-0.1649412,-0.17166539,-0.1535632,-0.15679356,-0.12722544,-0.14610182,-0.2588673,-0.12922645,-0.15346116,-0.09132757,-0.12832497,-0.13684332,-0.16221203,-0.15659244,-0.12866627,-0.15333062,-0.1567409,-0.15679055,-0.156825,-0.15740095,-0.19795567,-0.15106063,-0.07294749,-0.2039893,-0.15355243,-0.15678878,-0.104459345,-0.15324709,-0.17466888,-0.13176009,-0.15355909,-0.15109587,-0.10913184,-0.15339342,-0.05825615,2.4369893,-0.17082691,-0.15349764,-0.18883844,-0.15359181,-0.31316653,-0.15358222,-0.16808087,-0.14331596,-0.15358394,-0.15683374,-0.25088155,-0.1535922,3.837146,-0.07562123,-0.086852394,-0.10702289,-0.060967896,-0.14687598,-0.16796505,-0.15746465,-0.22133875,-0.12812386,-0.0969081,-0.16398169,-0.12716047,-0.11335766,-0.18846886,-0.12941724,-0.17755464,-0.0994983,-0.115196005,-0.15349862,-0.11662802,-0.19749595,-0.14526704,-0.12781724,-0.096878245,-0.1534976,-0.15663491,-0.12434345,-0.11230643,-0.063823454,-0.153427,-0.11419349,-0.10007019,-0.24483351,-0.1535927,-0.15682569,-0.16344379,-0.1759062,-0.12524253,-0.15357761,-0.0782174,-0.19187105,-0.18185812,-0.09859173,-0.11065883,-0.15324363,-0.15650561,-0.083404,-0.1213824,-0.13072303,-0.13855581,-0.19385117,-0.15355511,-0.15683047,-0.19487974,2.1821053,-0.2432746,-0.1290852,-0.15338281,-0.15680139,-0.14520228,-0.2961179,-0.15359196,-0.19813283,-0.1293221,-0.15352705,-0.060104962,-0.15931924,-0.15359017,-0.2028091,-0.2868003,-0.11816878,-0.14795661,-0.10060286,-0.1534321,-0.13614628,-0.20725825,-0.17393659,-0.125103,-0.15657571,-0.15690626,-0.15358874,-0.15683295,-0.16221246,-0.22200036,-0.12948993,-0.2814266,-0.15359312,-0.1915083,-0.24371436,-0.16952515,-0.15350798,-0.13369927,-0.12557748,-0.15358555,-0.18106565,-0.15359287,-0.18642783,-0.15353711,-0.30462334,-0.15348005,-0.14691104,-0.13029914,-0.15357964,-0.15682027,-0.18915205,-0.12940878,-0.15358472,-0.10481856,-0.1650517,-0.15358262,-0.15683505,-0.15680657,-0.12900761,-0.15348461,-0.15680069,-0.15679112,-0.15680313,-0.15681118,-0.16505513,-0.17392421,-0.15357798,-0.15682763,-0.15681735,-0.15682815,-0.2025511,-0.15354379,-0.14723541,-0.15257396,-0.11499533,-0.10471026,-0.11893196,-0.15358162,-0.15675825,-0.1293669,-0.19501048,-0.15358967,-0.18738703,-0.11705899,-0.17429145,-0.15358028,-0.06652963,-0.15332872,-0.10737923,-0.124497145,-0.15298569,-0.052188452,-0.26007295
k__Bacteria|p__Firmicutes|c__Clostridia|o__Eubacteriales|f__Eubacteriales_unclassified|g__Fenollaria|s__Fenollaria_timonensis,-0.1004395,-0.12316422,-0.15406199,-0.15734586,-0.15734611,-0.23867357,-0.1666669,-0.16813041,-0.10929718,-0.22895765,-0.23728925,-0.15406641,-0.22850217,-0.3768707,-0.08556121,-0.15368786,-0.058144663,-0.15357238,-0.15728857,-0.19931981,-0.1978925,-0.12948932,-0.15403391,-0.12711628,-0.20043859,-0.11658599,-0.182019,-0.25032333,-0.1509206,-0.15403847,-0.15142563,-0.10844302,-0.18249588,-0.28454733,-0.15405405,-0.12967238,-0.1540642,-0.22338755,-0.15406674,-0.29867563,-0.1540668,-0.29356226,-0.1289959,-0.15393035,-0.13691942,-0.15406169,-0.23188588,-0.24781659,-0.1296162,-0.12967801,-0.24679694,-0.18279888,-0.25087595,-0.26027086,-0.28621647,0.94927114,-0.11894142,-0.15398647,-0.040142577,-0.056944285,-0.15339929,-0.11274739,-0.13743341,-0.12956475,-0.1540467,-0.15734181,-0.1573459,-0.15734652,-0.27573854,-0.15402919,-0.12956879,-0.16243835,-0.12334165,-0.14074792,-0.15403536,-0.15887658,-0.14481027,-0.1296575,-0.18691605,-0.14998752,-0.15405566,-0.15732637,-0.15733668,-0.15727451,-0.120334074,-0.13700745,-0.08858878,-0.1540502,-0.19008024,-0.15406048,-0.2004665,-0.11139822,-0.1388583,-0.13027036,-0.1074974,-0.15152657,-0.15397176,-0.1570418,-0.10065024,-0.08152827,-0.09427856,-0.15401733,-0.11960925,-0.15027548,-0.16982608,-0.1185138,-0.15403274,-0.15734032,-0.17738779,-0.15176103,-0.1540631,-0.25953975,-0.17989698,-0.13525523,-0.15406054,-0.15095688,-0.17780018,-0.2009549,-0.15404122,-0.09015879,-0.15379062,-0.12151222,-0.121854745,-0.13997786,-0.21433522,-0.13908121,-0.16057305,-0.15399495,-0.07092635,-0.15348297,-0.1566329,-0.18733518,-0.15382494,-0.12954807,-0.12334781,-0.14100276,-0.15402338,-0.114095174,-0.25318068,-0.26654312,-0.12878832,-0.10945694,-0.15401526,-0.09238048,-0.20963459,-0.15406075,-0.15726918,-0.129057,-0.15399522,-0.16015086,-0.1553517,-0.15406474,-0.19704957,-0.20616047,-0.12851991,-0.10460003,-0.11361031,-0.10256614,-0.15405795,-0.19495486,-0.15403575,-0.1289785,-0.15391767,-0.041086134,-0.12967405,-0.15406358,-0.2300741,-0.15404429,-0.10384405,-0.15275161,-0.0784167,-0.15393357,-0.12766197,-0.15395191,-0.121451,-0.075820275,-0.09192432,-0.101488546,-0.1538189,-0.15725961,-0.12378413,-0.15391512,-0.1410757,-0.13984437,-0.18093297,-0.15406583,-0.25777104,-0.12844054,-0.15398175,-0.13462572,-0.119081676,-0.1540391,-0.15734223,-0.15734372,-0.15734474,-0.19755594,-0.25103784,-0.20219928,-0.19465852,-0.24831252,-0.20506537,-0.22091979,-0.15405211,-0.12925693,-0.11956477,-0.15404783,-0.15733892,-0.20931396,-0.18224281,-0.1540394,-0.32474133,-0.15406412,-0.15734714,-0.15734616,-0.15734582,-0.2185038,-0.15403879,-0.114121355,-0.1540418,-0.15733328,-0.15733913,-0.22984435,-0.15405843,-0.15732254,-0.08963354,-0.15396622,-0.15730286,-0.15731874,-0.15732005,-0.13302092,-0.1051107,-0.14014931,-0.15141064,-0.15839578,-0.15615125,-0.14613561,-0.15405518,-0.12319561,-0.1296322,-0.15402266,-0.15734696,-0.15734655,-0.15734655,-0.15734702,-0.38518023,-0.11451449,-0.15402949,-0.15564899,-0.14443555,-0.16636807,-0.1540599,-0.15727712,-0.12993515,-0.047159404,-0.14871594,-0.14016809,-0.14106366,-0.15393025,-0.19987361,-0.1649412,-0.17166539,-0.15404004,-0.1573092,-0.12722544,-0.14610182,-0.2588673,-0.12943143,-0.15394966,-0.09132757,-0.12832497,-0.13684332,-0.16221203,-0.15659244,-0.12883198,-0.15383138,-0.15726206,-0.15730609,-0.15733626,-0.15740095,-0.19795567,-0.15106063,-0.07294749,-0.2039893,-0.15403005,-0.15730472,-0.104459345,-0.15366924,-0.17466888,-0.13176009,-0.15403676,-0.15109587,-0.10913184,-0.15388753,-0.05825615,-0.14326635,-0.17082691,-0.15398172,-0.18883844,-0.1540651,-0.31316653,-0.15405628,-0.16808087,-0.14331596,-0.15405822,-0.1573439,-0.25088155,-0.15406546,-0.22115314,-0.07562123,-0.086852394,-0.10702289,-0.060967896,-0.1480557,-0.16796505,-0.15746465,-0.22133875,-0.12812386,-0.0969081,-0.16398169,-0.12716047,-0.11335766,-0.18846886,-0.12962446,-0.17755464,-0.0994983,-0.115196005,-0.15398276,-0.11662802,-0.19749595,-0.14526704,-0.12781724,-0.096878245,-0.15398285,-0.15716833,-0.12434345,-0.11230643,-0.063823454,-0.15391895,-0.11419349,-0.10007019,-0.24483351,-0.15406594,-0.15733653,-0.16344379,-0.1759062,-0.12524253,-0.15405275,-0.0782174,-0.19187105,-0.18185812,-0.09859173,-0.11065883,-0.15375918,-0.15705478,-0.083404,-0.1213824,-0.13072303,-0.13855581,-0.19385117,-0.15403238,-0.1573411,-0.19487974,-0.23847799,-0.2432746,-0.1293112,-0.15388048,-0.15731525,-0.14520228,-0.2961179,-0.15406527,-0.19813283,-0.12953019,-0.1540074,-0.060104962,-0.15931924,-0.15406367,-0.2028091,-0.2868003,-0.11816878,-0.14795661,-0.10060286,-0.15392308,-0.13614628,-0.20725825,-0.17393659,-0.125103,-0.15657571,-0.15690626,-0.15406239,-0.15734327,-0.16221246,-0.22200036,-0.12969188,-0.2814266,-0.1540663,-0.1915083,-0.24371436,-0.16952515,-0.15398693,-0.13369927,-0.12557748,-0.15405959,-0.18106565,-0.15406606,-0.18642783,-0.15401468,-0.30462334,-0.1539654,-0.14691104,-0.13029914,-0.15405437,-0.15733215,-0.18915205,-0.1296181,-0.1540589,-0.10481856,-0.1650517,-0.1540569,-0.15734509,-0.15731876,-0.12921219,-0.15397093,-0.15731436,-0.1573061,-0.1573166,-0.15732399,-0.16505513,-0.17392421,-0.15405282,-0.15733859,-0.15732946,-0.15733907,-0.2025511,-0.15354379,-0.14723541,-0.15315145,-0.11499533,-0.10471026,-0.11893196,-0.15405613,-0.15727463,-0.12957977,-0.19501048,-0.15406318,-0.18738703,-0.11705899,-0.17429145,-0.15405464,-0.06652963,-0.15383285,-0.10737923,-0.124497145,-0.15298569,-0.052188452,-0.26007295
k__Bacteria|p__Firmicutes|c__CFGB1437|o__OFGB1437|f__FGB1437|g__GGB51420|s__GGB51420_SGB4586,-0.1004395,-0.12316422,-0.15364659,-0.15691465,-0.15691487,-0.23867357,-0.1666669,-0.16813041,-0.10929718,-0.22895765,-0.23728925,-0.15365057,-0.22850217,-0.3768707,-0.08556121,-0.15330702,-0.058144663,-0.1532028,-0.156863,-0.19931981,-0.1978925,-0.12921068,-0.1536212,-0.12711628,-0.20043859,-0.11658599,-0.182019,-0.25032333,-0.1509206,-0.15362537,-0.15142563,-0.10844302,-0.18249588,-0.28454733,-0.15363939,-0.12937403,-0.15364857,-0.22338755,-0.15365088,-0.29867563,-0.15365091,-0.29356226,-0.12875465,-0.15352802,-0.13691942,-0.15364629,-0.23188588,-0.24781659,-0.1296162,-0.12937924,-0.24679694,-0.18279888,-0.25087595,-0.26027086,-0.28621647,-0.27511892,-0.11894142,-0.15357852,-0.040142577,-0.056944285,-0.15305023,-0.11274739,-0.13743341,-0.12927978,-0.15363285,-0.15691099,-0.15691471,-0.15691523,5.387584,-0.1536177,-0.12928101,-0.16243835,-0.12334165,-0.14074792,-0.15362254,-0.15887658,-0.14481027,-0.12936063,-0.18691605,-0.14998752,-0.1536409,-0.15689711,-0.15690643,-0.15685087,-0.120334074,-0.13700745,-0.08858878,-0.15363595,-0.19008024,-0.15364523,-0.2004665,-0.11139822,-0.1388583,-0.13027036,-0.1074974,-0.15152657,-0.15356523,-0.15664431,-0.10065024,-0.08152827,-0.09427856,-0.15360622,-0.11960925,-0.15027548,-0.16982608,-0.1185138,-0.15362024,-0.15690964,-0.17738779,-0.15176103,-0.15364757,-0.25953975,-0.17989698,-0.13525523,-0.15364528,-0.15095688,-0.17780018,-0.2009549,-0.15362808,-0.09015879,-0.15340132,-0.12151222,-0.121854745,-0.13997786,-0.21433522,-0.13908121,-0.16057305,-0.15358603,-0.07092635,-0.15312317,-0.15627524,-0.18733518,-0.15343428,-0.12926422,-0.12334781,-0.14100276,-0.15361176,-0.114095174,-0.25318068,4.9979877,-0.12859938,-0.10945694,-0.15360436,-0.09238048,-0.20963459,-0.15364546,-0.15684551,-0.12881999,-0.15358636,-0.16015086,-0.1553517,-0.15364906,-0.19704957,-0.20616047,-0.1283431,-0.10460003,-0.11361031,-0.10256614,-0.15364292,-0.19495486,-0.1536229,-0.12875919,-0.15351593,-0.041086134,-0.12967405,-0.15364802,-0.2300741,-0.15363058,-0.10384405,-0.15246645,-0.0784167,-0.15353096,-0.12766197,-0.1535472,-0.121451,-0.075820275,-0.09192432,-0.101488546,-0.15342775,-0.15683675,-0.12378413,-0.15351349,-0.1410757,-0.13984437,-0.18093297,-0.15365005,-0.25777104,-0.12844054,-0.15357485,-0.13462572,-0.119081676,-0.15362585,-0.15691137,-0.15691274,-0.15691365,-0.19755594,-0.25103784,-0.20219928,-0.19465852,-0.24831252,-0.20506537,-0.22091979,-0.15363774,-0.12900496,-0.11956477,-0.15363374,-0.15690838,-0.20931396,-0.18224281,-0.15362608,-0.32474133,-0.1536485,-0.1569158,-0.15691492,-0.15691462,-0.2185038,-0.15362588,-0.114121355,-0.15362847,-0.15690342,-0.15690857,-0.22984435,-0.15364334,-0.15689373,-0.08963354,-0.15356037,-0.15687577,-0.15689026,-0.15689129,-0.13302092,-0.1051107,-0.14014931,-0.15141064,-0.15839578,-0.15615125,-0.14613561,-0.1536404,-0.12319561,-0.12933765,-0.1536113,-0.15691565,-0.15691528,-0.15691528,-0.1569157,-0.38518023,-0.11451449,-0.1536173,-0.15564899,-0.14443555,-0.16636807,-0.15364473,-0.15685305,-0.12993515,-0.047159404,-0.14884487,-0.14016809,-0.14106366,-0.15352786,-0.19987361,-0.1649412,-0.17166539,-0.15362677,-0.1568814,-0.12722544,-0.14610182,-0.2588673,-0.12916303,-0.1535453,-0.09132757,-0.12832497,-0.13684332,-0.16221203,-0.15659244,-0.1286391,-0.15343949,-0.15683913,-0.15687871,-0.156906,-0.15740095,-0.19795567,-0.15106063,-0.07294749,-0.2039893,-0.15361786,-0.1568775,-0.104459345,-0.15331355,-0.17466888,-0.13176009,-0.15362372,-0.15109587,-0.10913184,-0.15348965,-0.05825615,-0.14326635,-0.17082691,-0.15357426,-0.18883844,-0.15364942,-0.31316653,-0.15364155,-0.16808087,-0.14331596,-0.15364319,-0.1569129,-0.25088155,-0.15364972,-0.22115314,-0.07562123,-0.086852394,-0.10702289,-0.060967896,-0.1482537,-0.16796505,-0.15746465,-0.22133875,-0.12812386,-0.0969081,-0.16398169,-0.12716047,-0.11335766,-0.18846886,-0.12933107,-0.17755464,-0.0994983,-0.115196005,-0.15357518,-0.11662802,-0.19749595,-0.14526704,-0.12781724,-0.096878245,-0.153575,-0.1567547,-0.12434345,-0.11230643,-0.063823454,-0.15351775,-0.11419349,-0.10007019,-0.24483351,-0.15365013,-0.15690622,-0.16344379,-0.1759062,-0.12524253,-0.15363823,-0.0782174,-0.19187105,-0.18185812,-0.09859173,-0.11065883,-0.15337303,-0.15665185,-0.083404,-0.1213824,-0.13072303,-0.13855581,-0.19385117,-0.15361997,-0.15691036,-0.19487974,-0.23847799,-0.2432746,-0.12904896,-0.15348288,-0.15688707,-0.14520228,-0.2961179,-0.15364954,-0.19813283,-0.12924862,-0.15359747,-0.060104962,-0.15931924,-0.15364811,-0.2028091,-0.2868003,-0.11816878,-0.14795661,-0.10060286,-0.15352157,-0.13614628,-0.20725825,-0.17393659,-0.125103,-0.15657571,-0.15690626,-0.15364695,-0.15691231,-0.16221246,-0.22200036,-0.12939179,-0.2814266,-0.15365048,-0.1915083,-0.24371436,-0.16952515,-0.1535789,-0.13369927,-0.12557748,-0.15364444,-0.18106565,-0.15365027,-0.18642783,-0.15360408,-0.30462334,-0.1535598,-0.14691104,-0.13029914,-0.15363973,-0.15690227,-0.18915205,-0.12932527,-0.15364379,-0.10481856,-0.1650517,-0.15364203,-0.15691397,-0.15689039,-0.12897018,-0.15356433,-0.15688634,-0.15687889,-0.15688835,-0.15689494,-0.16505513,-0.17392421,-0.15363835,-0.1569081,-0.15689987,-0.15690853,-0.2025511,-0.15354379,-0.14723541,-0.1528297,-0.11499533,-0.10471026,-0.11893196,-0.15364128,-0.15685013,-0.12929061,-0.19501048,-0.15364769,-0.18738703,-0.11705899,-0.17429145,-0.15363985,-0.06652963,-0.15343934,-0.10737923,-0.124497145,-0.15298569,-0.052188452,-0.26007295
k__Bacteria|p__Firmicutes|c__Clostridia|o__Eubacteriales|f__Clostridiaceae|g__Clostridium|s__Clostridium_sp_12_A,-0.1004395,-0.12316422,-0.15383397,-0.15711203,-0.1571123,-0.23867357,-0.1666669,-0.16813041,-0.10929718,-0.22895765,-0.23728925,-0.15383896,-0.22850217,-0.3768707,-0.08556121,-0.15341565,-0.058144663,-0.15327866,-0.15704736,-0.19931981,-0.1978925,-0.12929618,-0.15380213,4.9235883,-0.20043859,-0.11658599,-0.182019,-0.25032333,-0.1509206,-0.15380737,-0.15142563,-0.10844302,-0.18249588,-0.28454733,-0.15382522,-0.12948835,-0.15383646,-0.22338755,-0.15383933,-0.29867563,-0.15383941,-0.29356226,-0.12878156,-0.1536857,-0.13691942,-0.1538336,-0.23188588,-0.24781659,-0.1296162,-0.12949449,-0.24679694,-0.18279888,-0.25087595,-0.26027086,-0.28621647,-0.27511892,-0.11894142,-0.15374896,-0.040142577,-0.056944285,-0.15308611,-0.11274739,-0.13743341,-0.12937754,-0.15381679,-0.15710741,-0.15711209,-0.15711275,-0.27573854,-0.15379837,-0.12937857,-0.16243835,-0.12334165,-0.14074792,-0.15380377,-0.15887658,-0.14481027,-0.1294724,-0.18691605,-0.14998752,-0.15382682,-0.15709001,-0.15710175,-0.15703341,-0.120334074,-0.13700745,-0.08858878,-0.15382062,-0.19008024,-0.15383224,-0.2004665,-0.11139822,-0.1388583,-0.13027036,-0.1074974,-0.15152657,-0.15373197,-0.15678842,-0.10065024,-0.08152827,-0.09427856,-0.15378338,-0.11960925,-0.15027548,-0.16982608,-0.1185138,-0.15380092,-0.15710574,-0.17738779,-0.15176103,-0.15383524,-0.25953975,-0.17989698,-0.13525523,-0.15383232,-0.15095688,-0.17780018,-0.2009549,-0.15381128,-0.09015879,-0.1535271,-0.12151222,-0.121854745,-0.13997786,-0.21433522,-0.13908121,-0.16057305,-0.15375817,-0.07092635,-0.15318193,-0.15631157,-0.18733518,-0.15356945,-0.12936696,-0.12334781,-0.14100276,-0.15379027,-0.114095174,-0.25318068,-0.26654312,-0.12861314,-0.10945694,-0.15378104,-0.09238048,-0.20963459,-0.15383253,-0.15702537,-0.12888277,-0.15375867,-0.16015086,-0.1553517,-0.15383705,-0.19704957,-0.20616047,-0.12831916,-0.10460003,-0.11361031,-0.10256614,-0.15382935,-0.19495486,-0.1538046,-0.12880787,-0.15367043,-0.041086134,-0.12967405,-0.15383577,-0.2300741,-0.15381393,-0.10384405,-0.15236844,-0.0784167,-0.15368941,-0.12766197,-0.15370965,-0.121451,-0.075820275,-0.09192432,-0.101488546,-0.15356116,-0.15701449,-0.12378413,-0.1536731,-0.1410757,-0.13984437,-0.18093297,-0.1538383,-0.25777104,-0.12844054,-0.153745,-0.13462572,-0.119081676,-0.15380801,-0.15710792,-0.15710962,-0.15711075,-0.19755594,-0.25103784,-0.20219928,-0.19465852,-0.24831252,-0.20506537,-0.22091979,-0.15382294,-0.12908563,-0.11956477,-0.15381786,-0.15710416,-0.20931396,-0.18224281,-0.15380897,-0.32474133,-0.15383635,-0.15711346,-0.15711236,-0.15711197,-0.2185038,-0.1538083,-0.114121355,-0.15381128,-0.15709797,-0.15710439,-0.22984435,-0.15382993,-0.15708661,-0.08963354,-0.15372616,-0.15706322,-0.15708145,-0.1570827,-0.13302092,-0.1051107,-0.14014931,-0.15141064,-0.15839578,-0.15615125,-0.14613561,-0.15382618,-0.12319561,-0.12944445,-0.15378973,-0.15711328,-0.1571128,-0.15711282,-0.15711333,-0.38518023,-0.11451449,-0.15379721,-0.15564899,-0.14443555,-0.16636807,-0.15383163,-0.15703502,-0.12993515,-0.047159404,-0.14781478,-0.14016809,-0.14106366,-0.153685,-0.19987361,-0.1649412,-0.17166539,-0.1538091,-0.1570703,-0.12722544,-0.14610182,-0.2588673,-0.12924747,-0.1537075,-0.09132757,-0.12832497,-0.13684332,-0.16221203,-0.15659244,-0.12868449,-0.15357566,-0.15701747,-0.15706699,-0.15710115,-0.15740095,-0.19795567,-0.15106063,-0.07294749,-0.2039893,-0.15379801,-0.15706545,-0.104459345,-0.15344596,-0.17466888,-0.13176009,-0.15380521,-0.15109587,-0.10913184,-0.15363866,-0.05825615,-0.14326635,-0.17082691,-0.15374337,-0.18883844,-0.1538375,-0.31316653,-0.1538277,-0.16808087,-0.14331596,-0.1538297,-0.15710983,-0.25088155,-0.15383789,-0.22115314,-0.07562123,-0.086852394,-0.10702289,-0.060967896,-0.14707476,-0.16796505,-0.15746465,-0.22133875,-0.12812386,-0.0969081,-0.16398169,-0.12716047,-0.11335766,-0.18846886,-0.12943755,-0.17755464,-0.0994983,-0.115196005,-0.15374449,-0.11662802,-0.19749595,-0.14526704,-0.12781724,-0.096878245,-0.15374428,-0.15691194,-0.12434345,-0.11230643,-0.063823454,-0.15367314,-0.11419349,-0.10007019,-0.24483351,-0.15383843,-0.15710142,-0.16344379,-0.1759062,-0.12524253,-0.15382344,-0.0782174,-0.19187105,-0.18185812,-0.09859173,-0.11065883,-0.15349159,-0.15678315,-0.083404,-0.1213824,-0.13072303,-0.13855581,-0.19385117,-0.15380064,-0.15710661,-0.19487974,-0.23847799,-0.2432746,-0.12910691,-0.15362924,-0.15707746,-0.14520228,-0.2961179,-0.15383767,-0.19813283,-0.12934248,-0.15377259,-0.060104962,-0.15931924,-0.15383586,-0.2028091,-0.2868003,-0.11816878,-0.14795661,-0.10060286,-0.1536775,-0.13614628,-0.20725825,-0.17393659,-0.125103,-0.15657571,-0.15690626,-0.15383445,-0.15710908,-0.16221246,-0.22200036,-0.12950987,-0.2814266,-0.15383884,-0.1915083,-0.24371436,-0.16952515,-0.1537504,-0.13369927,1.6587939,-0.15383124,4.384026,-0.15383857,-0.18642783,-0.1537813,-0.30462334,-0.1537252,-0.14691104,-0.13029914,-0.15382537,-0.15709648,-0.18915205,-0.12942946,-0.15383045,-0.10481856,-0.1650517,-0.15382826,-0.15711117,-0.15708165,-0.12902823,-0.153731,-0.1570766,-0.15706721,-0.15707907,-0.15708733,-0.16505513,-0.17392421,-0.15382363,-0.15710378,-0.15709347,-0.15710431,-0.2025511,-0.15354379,-0.14723541,-0.15281057,-0.11499533,-0.10471026,-0.11893196,-0.15382732,-0.15703219,-0.12938842,-0.19501048,-0.15383534,-0.18738703,-0.11705899,-0.17429145,-0.15382558,-0.06652963,-0.15357558,-0.10737923,-0.124497145,-0.15298569,-0.052188452,-0.26007295
k__Bacteria|p__Firmicutes|c__Clostridia|o__Eubacteriales|f__Lachnospiraceae|g__Robinsoniella|s__Robinsoniella_peoriensis,1.9360272,-0.12316422,-0.15390211,-0.15722212,-0.15722239,-0.23867357,-0.1666669,-0.16813041,-0.10929718,-0.22895765,-0.23728925,-0.153907,-0.22850217,-0.3768707,-0.08556121,-0.15350154,-0.058144663,-0.15337008,-0.15715912,-0.19931981,-0.1978925,-0.12905882,-0.15387128,-0.12711628,-0.20043859,-0.11658599,-0.182019,-0.25032333,-0.1509206,-0.15387602,-0.15142563,-0.10844302,-0.18249588,-0.28454733,-0.15389341,-0.1292453,-0.15390456,-0.22338755,-0.15390736,-0.29867563,-0.15390742,-0.29356226,-0.12856306,-0.15375641,-0.13691942,-0.1539018,-0.23188588,-0.24781659,-0.1296162,-0.12925112,-0.24679694,-0.18279888,-0.25087595,-0.26027086,-0.28621647,-0.27511892,-0.11894142,-0.15381962,-0.040142577,-0.056944285,-0.1531693,-0.11274739,-0.13743341,-0.1291363,-0.15388522,-0.15721767,-0.15722215,-0.15722282,-0.27573854,-0.15386683,-0.12913823,-0.16243835,-0.12334165,-0.14074792,-0.15387282,-0.15887658,-0.14481027,-0.1292301,-0.18691605,-0.14998752,-0.1538952,-0.15720066,-0.15721196,-0.15714422,-0.120334074,-0.13700745,-0.08858878,-0.15388921,-0.19008024,-0.15390047,-0.2004665,-0.11139822,-0.1388583,-0.13027036,-0.1074974,-0.15152657,-0.15380329,-0.15691164,-0.10065024,-0.08152827,-0.09427856,-0.15385324,-0.11960925,-0.15027548,-0.16982608,-0.1185138,-0.15386972,-0.15721601,-0.17738779,-0.15176103,-0.15390334,-0.25953975,-0.17989698,-0.13525523,-0.15390055,-0.15095688,-0.17780018,-0.2009549,-0.15387917,-0.09015879,-0.15360607,1.0163385,-0.121854745,-0.13997786,-0.21433522,-0.13908121,-0.16057305,-0.15382883,-0.07092635,-0.15327069,-0.15643045,-0.18733518,-0.15363866,-0.1291256,-0.12334781,-0.14100276,-0.15385976,-0.114095174,-0.25318068,-0.26654312,-0.1283856,-0.10945694,-0.15385094,-0.09238048,-0.20963459,-0.15390077,-0.15713543,-0.12864733,-0.15382883,-0.16015086,-0.1553517,-0.15390514,-0.19704957,-0.20616047,-0.12809427,-0.10460003,-0.11361031,-0.10256614,-0.15389772,-0.19495486,-0.15387319,-0.12856822,-0.15374455,-0.041086134,-0.12967405,-0.15390383,-0.2300741,-0.15388216,-0.10384405,-0.15248628,-0.0784167,-0.15376163,-0.12766197,-0.15378162,-0.121451,-0.075820275,-0.09192432,-0.101488546,-0.15363765,-0.15712789,-0.12378413,-0.15374728,-0.1410757,-0.13984437,-0.18093297,-0.15390636,-0.25777104,-0.12844054,-0.1538149,-0.13462572,0.795916,-0.1538772,-0.15721813,-0.15721977,-0.15722087,3.5321918,-0.25103784,-0.20219928,-0.19465852,-0.24831252,-0.20506537,-0.22091979,-0.15389112,-0.12884605,-0.11956477,-0.15388662,-0.15721443,-0.20931396,-0.18224281,-0.15387738,-0.32474133,-0.15390448,-0.15722352,-0.15722245,-0.15722206,-0.2185038,-0.15387668,-0.114121355,-0.15387973,-0.15720809,-0.15721467,-0.22984435,-0.15389827,-0.15719679,-0.08963354,-0.15379712,-0.15717512,-0.15719214,-0.15719391,-0.13302092,-0.1051107,-0.14014931,-0.15141064,-0.15839578,-0.15615125,-0.14613561,-0.15389472,-0.12319561,-0.12920217,-0.1538585,-0.15722334,-0.15722287,-0.15722288,-0.15722337,-0.38518023,-0.11451449,-0.15386629,-0.15564899,-0.14443555,-0.16636807,-0.15389979,-0.15714507,-0.12993515,-0.047159404,-0.14796479,-0.14016809,-0.14106366,-0.15375677,-0.19987361,-0.1649412,-0.17166539,-0.15387803,-0.15718208,-0.12722544,-0.14610182,-0.2588673,-0.1290107,-0.15377985,-0.09132757,-0.12832497,-0.13684332,-0.16221203,-0.15659244,-0.1284367,-0.1536502,-0.15713039,-0.15717855,-0.15721159,-0.15740095,-0.19795567,-0.15106063,-0.07294749,-0.2039893,-0.15386686,-0.15717736,-0.104459345,-0.1535283,-0.17466888,-0.13176009,-0.15387455,-0.15109587,-0.10913184,-0.1537126,-0.05825615,-0.14326635,-0.17082691,-0.15381363,-0.18883844,-0.15390557,-0.31316653,-0.1538957,-0.16808087,-0.14331596,-0.153898,-0.15721992,-0.25088155,-0.15390593,-0.22115314,-0.07562123,-0.086852394,-0.10702289,-0.060967896,-0.14723986,-0.16796505,-0.15746465,-0.22133875,-0.12812386,-0.0969081,-0.16398169,-0.12716047,-0.11335766,-0.18846886,-0.12919572,-0.17755464,-0.0994983,-0.115196005,-0.15381497,-0.11662802,-0.19749595,-0.14526704,-0.12781724,-0.096878245,-0.1538158,-0.15702814,-0.12434345,-0.11230643,-0.063823454,-0.15374635,-0.11419349,-0.10007019,-0.24483351,-0.15390646,-0.15721147,-0.16344379,-0.1759062,-0.12524253,-0.153892,-0.0782174,-0.19187105,-0.18185812,-0.09859173,-0.11065883,-0.15357104,-0.15690342,-0.083404,-0.1213824,-0.13072303,-0.13855581,-0.19385117,-0.15386935,-0.15721685,-0.19487974,-0.23847799,-0.2432746,-0.12886836,-0.15370342,-0.15718833,-0.14520228,-0.2961179,-0.15390575,-0.19813283,-0.12910254,-0.15384214,-0.060104962,-0.15931924,-0.15390393,-0.2028091,-0.2868003,-0.11816878,-0.14795661,-0.10060286,-0.15374911,-0.13614628,-0.20725825,-0.17393659,-0.125103,-0.15657571,-0.15690626,-0.15390256,-0.15721926,-0.16221246,-0.22200036,-0.12926601,-0.2814266,-0.15390688,-0.1915083,-0.24371436,-0.16952515,-0.15381938,-0.13369927,-0.12557748,-0.15389943,-0.18106565,-0.15390663,-0.18642783,-0.15384956,-0.30462334,-0.1537951,-0.14691104,-0.13029914,-0.15389374,-0.15720704,-0.18915205,-0.12918852,-0.15389875,-0.10481856,-0.1650517,-0.15389645,-0.15722126,-0.15719163,-0.12878555,-0.15380254,-0.1571873,-0.1571784,-0.15718979,-0.15719819,-0.16505513,-0.17392421,-0.15389198,-0.15721413,-0.15720402,-0.15721464,-0.2025511,-0.15354379,-0.14723541,-0.1528908,-0.11499533,-0.10471026,-0.11893196,-0.15389568,-0.15714285,-0.12914969,-0.19501048,-0.15390342,-0.18738703,-0.11705899,-0.17429145,-0.15389368,-0.06652963,-0.15365343,-0.10737923,-0.124497145,-0.15298569,-0.052188452,-0.26007295
k__Bacteria|p__Firmicutes|c__Erysipelotrichia|o__Erysipelotrichales|f__Erysipelotrichaceae|g__Erysipelotrichaceae_unclassified|s__Erysipelotrichaceae_bacterium_3_1_53,-0.1004395,-0.12316422,-0.1552616,-0.15857087,-0.15857112,-0.23867357,-0.1666669,-0.16813041,-0.10929718,-0.22895765,-0.23728925,-0.15526612,-0.22850217,-0.3768707,-0.08556121,-0.15488482,-0.058144663,-0.15476012,-0.15851226,-0.19931981,-0.1978925,-0.13050707,-0.15523279,-0.12711628,-0.20043859,-0.11658599,-0.182019,-0.25032333,-0.1509206,-0.15523756,-0.15142563,-0.10844302,-0.18249588,-0.28454733,-0.1552538,-0.1306836,-0.15526386,-0.22338755,-0.15526646,-0.29867563,-0.15526652,-0.29356226,-0.13003777,-0.1551275,-0.13691942,-0.15526126,-0.23188588,-0.24781659,-0.1296162,-0.13068938,-0.24679694,-0.18279888,-0.25087595,-0.26027086,-0.28621647,-0.27511892,-0.11894142,-0.15518448,-0.040142577,-0.056944285,-0.15458444,-0.11274739,-0.13743341,-0.13058135,-0.15524603,-0.1585667,-0.15857093,-0.15857154,-0.27573854,-0.15522906,-0.13058335,-0.16243835,-0.12334165,-0.14074792,-0.15523428,-0.15887658,-0.14481027,-0.13066937,-0.18691605,-0.14998752,-0.15525511,-0.15855092,-0.15856153,-0.15850028,-0.120334074,-0.13700745,-0.08858878,-0.1552495,-0.19008024,-0.15526004,-0.2004665,-0.11139822,-0.1388583,-0.13027036,-0.1074974,-0.15152657,-0.15516925,-0.1582844,-0.10065024,-0.08152827,-0.09427856,-0.1552158,-0.11960925,-0.15027548,-0.16982608,-0.1185138,-0.15523165,-0.1585652,-0.17738779,-0.15176103,-0.15526274,-0.25953975,-0.17989698,-0.13525523,-0.1552601,-0.15095688,-0.17780018,-0.2009549,-0.15524106,-0.09015879,-0.15498383,-0.12151222,-0.121854745,-0.13997786,-0.21433522,-0.13908121,-0.16057305,-0.15519291,-0.07092635,-0.15467189,-0.15784577,-0.18733518,-0.15502214,-0.13057059,-0.12334781,-0.14100276,-0.15522203,-0.114095174,-0.25318068,-0.26654312,-0.12986515,-0.10945694,-0.15521365,-0.09238048,-0.20963459,-0.15526031,-0.15849265,-0.13011628,-0.15519343,-0.16015086,-0.1553517,-0.1552644,-0.19704957,-0.20616047,-0.12958689,-0.10460003,-0.11361031,-0.10256614,-0.15525743,-0.19495486,-0.15523511,-0.13004225,-0.15511392,-0.041086134,-0.12967405,-0.15526323,-0.2300741,-0.15524352,-0.10384405,-0.15393518,-0.0784167,-0.15513039,-0.12766197,-0.15514901,-0.121451,-0.075820275,-0.09192432,-0.101488546,-0.15501426,-0.15848255,-0.12378413,-0.15511876,-0.1410757,-0.13984437,-0.18093297,-0.15526552,-0.25777104,-0.12844054,-0.15518102,-0.13462572,-0.119081676,-0.15523808,-0.15856715,-0.15856868,-0.15856972,-0.19755594,-0.25103784,-0.20219928,-0.19465852,-0.24831252,-0.20506537,-0.22091979,-0.1552516,-0.13030796,-0.11956477,-0.15524703,-0.15856376,-0.20931396,-0.18224281,-0.15523894,-0.32474133,-0.15526378,-0.15857218,-0.15857117,-0.15857083,-0.2185038,-0.15523806,-0.114121355,-0.15524097,-0.15855813,-0.15856396,-0.22984435,-0.15525791,-0.1585474,-0.08963354,-0.15516381,-0.15852666,-0.15854317,-0.15854433,-0.13302092,-0.1051107,-0.14014931,-0.15141064,-0.15839578,-0.15615125,-0.14613561,-0.15525456,-0.12319561,-0.13064353,-0.15522154,-0.15857202,-0.15857159,-0.15857159,-0.15857206,-0.38518023,-0.11451449,-0.15522832,-0.15564899,-0.14443555,-0.16636807,-0.15525949,-0.158501,-0.12993515,-0.047159404,-0.1498155,-0.14016809,-0.14106366,-0.15512672,-0.19987361,-0.1649412,-0.17166539,-0.15523908,-0.1585331,-0.12722544,-0.14610182,-0.2588673,-0.13046026,-0.15514705,-0.09132757,-0.12832497,-0.13684332,-0.16221203,-0.15659244,-0.12990758,-0.15502697,-0.15848514,-0.15853009,-0.15856102,-0.15740095,-0.19795567,-0.15106063,-0.07294749,-0.2039893,-0.15522902,-0.15852863,-0.104459345,-0.15490213,-0.17466888,-0.13176009,-0.15523559,-0.15109587,-0.10913184,-0.15508446,-0.05825615,-0.14326635,-0.17082691,-0.15517952,-0.18883844,-0.15526481,-0.31316653,-0.15525588,-0.16808087,-0.14331596,-0.15525773,-0.15856886,-0.25088155,-0.15526515,-0.22115314,-0.07562123,-0.086852394,-0.10702289,-0.060967896,-0.14913926,-0.16796505,-0.15746465,-0.22133875,-0.12812386,-0.0969081,-0.16398169,-0.12716047,-0.11335766,-0.18846886,-0.13063714,-0.17755464,-0.0994983,-0.115196005,-0.15518057,-0.11662802,-0.19749595,-0.14526704,-0.12781724,-0.096878245,-0.15518034,-0.1583895,-0.12434345,-0.11230643,-0.063823454,-0.15511581,-0.11419349,-0.10007019,-0.24483351,-0.15526563,-0.15856132,-0.16344379,-0.1759062,-0.12524253,-0.1552521,-0.0782174,-0.19187105,-0.18185812,-0.09859173,-0.11065883,-0.15495169,-0.15827325,-0.083404,-0.1213824,-0.13072303,-0.13855581,-0.19385117,-0.15523139,-0.15856595,-0.19487974,-0.23847799,-0.2432746,-0.13032524,-0.15507612,-0.15853956,-0.14520228,-0.2961179,-0.15526494,-0.19813283,-0.13054855,-0.15520597,-0.060104962,-0.15931924,-0.15526332,-0.2028091,-0.2868003,-0.11816878,-0.14795661,-0.10060286,-0.1551199,-0.13614628,-0.20725825,-0.17393659,-0.125103,-0.15657571,-0.15690626,-0.15526204,-0.1585682,-0.16221246,-0.22200036,-0.13070336,-0.2814266,-0.15526602,-0.1915083,-0.24371436,-0.16952515,-0.15518631,-0.13369927,-0.12557748,-0.15525915,-0.18106565,-0.15526578,-0.18642783,-0.15521406,-0.30462334,-0.15516306,-0.14691104,-0.13029914,-0.1552538,-0.15855677,-0.18915205,-0.13063002,-0.15525843,-0.10481856,-0.1650517,-0.15525644,-0.15857008,-0.15854345,-0.1302442,-0.15516838,-0.15853877,-0.15853024,-0.158541,-0.15854844,-0.16505513,-0.17392421,-0.15525225,-0.1585634,-0.15855408,-0.1585639,-0.2025511,-0.15354379,-0.14723541,-0.15433446,-0.11499533,-0.10471026,-0.11893196,-0.15525559,-0.15849882,-0.13059267,-0.19501048,-0.15526286,-0.18738703,-0.11705899,-0.17429145,-0.1552541,-0.06652963,-0.15502816,-0.10737923,-0.124497145,-0.15298569,-0.052188452,-0.26007295
k__Bacteria|p__Firmicutes|c__Bacilli|o__Lactobacillales|f__Lactobacillaceae|g__Lacticaseibacillus|s__Lacticaseibacillus_zeae,-0.1004395,-0.12316422,-0.15518434,-0.15849397,-0.1584942,-0.23867357,-0.1666669,-0.16813041,-0.10929718,-0.22895765,-0.23728925,-0.15518871,-0.22850217,-0.3768707,-0.08556121,-0.15482666,-0.058144663,-0.15471332,-0.15843773,-0.19931981,-0.1978925,-0.1304456,-0.15515697,-0.12711628,-0.20043859,-0.11658599,-0.182019,-0.25032333,-0.1509206,-0.15516111,-0.15142563,-0.10844302,-0.18249588,-0.28454733,-0.15517657,-0.13060486,-0.15518656,-0.22338755,-0.15518904,-0.29867563,-0.1551891,-0.29356226,-0.13000873,-0.15505424,-0.13691942,-0.15518412,-0.23188588,-0.24781659,-0.1296162,-0.13060993,-0.24679694,-0.18279888,-0.25087595,-0.26027086,-0.28621647,-0.27511892,-0.11894142,-0.15511104,-0.040142577,-0.056944285,-0.15453202,-0.11274739,-0.13743341,-0.13051054,-0.15516928,-0.15849,-0.15849398,-0.15849459,-0.27573854,-0.15515277,-0.13051184,-0.16243835,-0.12334165,-0.14074792,-0.15515837,-0.15887658,-0.14481027,-0.13059172,-0.18691605,-0.14998752,-0.15517822,-0.15847489,-0.15848492,-0.15842417,-0.120334074,-0.13700745,-0.08858878,-0.15517291,-0.19008024,-0.15518293,-0.2004665,-0.11139822,-0.1388583,-0.13027036,-0.1074974,-0.15152657,-0.15509671,-0.15821329,-0.10065024,-0.08152827,-0.09427856,-0.15514094,-0.11960925,-0.15027548,-0.16982608,-0.1185138,-0.15515547,-0.15848856,-0.17738779,-0.15176103,-0.15518546,-0.25953975,-0.17989698,-0.13525523,-0.155183,-0.15095688,-0.17780018,-0.2009549,-0.1551638,-0.09015879,-0.15492192,-0.12151222,-0.121854745,-0.13997786,-0.21433522,-0.13908121,-0.16057305,-0.15511936,-0.07092635,-0.15462306,-0.1577875,-0.18733518,-0.1549494,-0.13049957,-0.12334781,-0.14100276,-0.15514669,-0.114095174,-0.25318068,-0.26654312,-0.1298866,-0.10945694,-0.15513894,-0.09238048,-0.20963459,-0.1551832,-0.15841621,-0.13009673,-0.15511899,-0.16015086,-0.1553517,-0.15518707,-0.19704957,-0.20616047,-0.12964174,-0.10460003,-0.11361031,-0.10256614,-0.15518048,-0.19495486,-0.15515879,-0.13004084,-0.15504472,-0.041086134,-0.12967405,-0.15518588,-0.2300741,-0.15516658,-0.10384405,-0.15392232,-0.0784167,-0.15505911,-0.12766197,-0.15507726,-0.121451,-0.075820275,-0.09192432,-0.101488546,-0.15494928,-0.15841033,-0.12378413,-0.15504426,-0.1410757,-0.13984437,-0.18093297,-0.15518814,-0.25777104,-0.12844054,-0.15510663,-0.13462572,-0.119081676,-0.15516225,-0.15849039,-0.15849186,-0.15849286,-0.19755594,-0.25103784,-0.20219928,-0.19465852,-0.24831252,-0.20506537,-0.22091979,-0.15517452,-0.13026509,-0.11956477,-0.15517062,-0.15848714,-0.20931396,-0.18224281,-0.155162,-0.32474133,-0.1551865,-0.1584952,-0.15849425,-0.1584939,-0.2185038,-0.15516141,-0.114121355,-0.15516435,-0.15848142,-0.15848732,-0.22984435,-0.15518099,-0.1584705,-0.08963354,-0.15509069,-0.15845226,-0.15846725,-0.15846895,-0.13302092,-0.1051107,-0.14014931,-0.15141064,-0.15839578,-0.15615125,-0.14613561,-0.15517783,-0.12319561,-0.1305671,-0.15514548,-0.15849505,-0.15849462,-0.15849464,-0.15849507,-0.38518023,-0.11451449,-0.15515256,-0.15564899,-0.14443555,-0.16636807,-0.1551823,-0.15842508,-0.12993515,-0.047159404,-0.14988583,-0.14016809,-0.14106366,-0.15505514,-0.19987361,-0.1649412,-0.17166539,-0.15516302,-0.15845853,-0.12722544,-0.14610182,-0.2588673,-0.1304101,-0.15507595,-0.09132757,-0.12832497,-0.13684332,-0.16221203,-0.15659244,-0.12993585,-0.15495983,-0.15841246,-0.15845525,-0.15848461,-0.15740095,-0.19795567,-0.15106063,-0.07294749,-0.2039893,-0.15515295,-0.15845428,-0.104459345,-0.15486479,-0.17466888,-0.13176009,-0.15516,-0.15109587,-0.10913184,-0.15501574,-0.05825615,-0.14326635,-0.17082691,-0.15510562,-0.18883844,-0.15518743,-0.31316653,-0.15517858,-0.16808087,-0.14331596,-0.15518072,-0.15849198,-0.25088155,-0.15518776,-0.22115314,-0.07562123,-0.086852394,-0.10702289,-0.060967896,-0.14924487,-0.16796505,-0.15746465,-0.22133875,-0.12812386,-0.0969081,-0.16398169,-0.12716047,-0.11335766,-0.18846886,-0.130562,-0.17755464,-0.0994983,-0.115196005,-0.15510692,-0.11662802,-0.19749595,-0.14526704,-0.12781724,-0.096878245,-0.15510786,-0.15832184,-0.12434345,-0.11230643,-0.063823454,-0.15504578,-0.11419349,-0.10007019,-0.24483351,-0.15518825,-0.15848443,-0.16344379,-0.1759062,-0.12524253,-0.1551754,-0.0782174,-0.19187105,-0.18185812,-0.09859173,-0.11065883,-0.15489095,-0.15821111,-0.083404,-0.1213824,-0.13072303,-0.13855581,-0.19385117,-0.15515515,-0.15848929,-0.19487974,-0.23847799,-0.2432746,-0.13028619,-0.1550079,-0.1584639,-0.14520228,-0.2961179,-0.1551876,-0.19813283,-0.13048369,-0.155131,-0.060104962,-0.15931924,-0.155186,-0.2028091,-0.2868003,-0.11816878,-0.14795661,-0.10060286,-0.15504816,-0.13614628,-0.20725825,-0.17393659,-0.125103,-0.15657571,-0.15690626,-0.15518478,-0.15849143,-0.16221246,-0.22200036,-0.13062303,-0.2814266,-0.1551886,-0.1915083,-0.24371436,-0.16952515,-0.15510964,-0.13369927,-0.12557748,-0.15518199,-0.18106565,-0.15518838,-0.18642783,-0.15513696,-0.30462334,-0.15508899,-0.14691104,-0.13029914,-0.15517694,-0.15848058,-0.18915205,-0.1305557,-0.15518141,-0.10481856,-0.1650517,-0.15517934,-0.15849319,-0.15846664,-0.13022527,-0.15509605,-0.15846288,-0.15845497,-0.15846512,-0.15847261,-0.16505513,-0.17392421,-0.15517536,-0.15848687,-0.15847784,-0.15848732,-0.2025511,-0.15354379,-0.14723541,-0.1542821,-0.11499533,-0.10471026,-0.11893196,-0.15517867,-0.1584228,-0.1305218,-0.19501048,-0.15518552,-0.18738703,-0.11705899,-0.17429145,-0.15517688,-0.06652963,-0.15496361,-0.10737923,-0.124497145,-0.15298569,-0.052188452,-0.26007295
k__Bacteria|p__Firmicutes|c__CFGB1507|o__OFGB1507|f__FGB1507|g__GGB3818|s__GGB3818_SGB5183,-0.1004395,-0.12316422,-0.15409452,-0.15743184,-0.15743214,-0.23867357,-0.1666669,-0.16813041,-0.10929718,-0.22895765,-0.23728925,-0.1540997,-0.22850217,-0.3768707,-0.08556121,-0.15366441,-0.058144663,-0.15352419,-0.15736485,-0.19931981,-0.1978925,-0.12910448,-0.15406165,-0.12711628,-0.20043859,-0.11658599,-0.182019,-0.25032333,-0.1509206,-0.15406689,-0.15142563,-0.10844302,-0.18249588,-0.28454733,-0.15408528,-0.12930876,-0.15409711,-0.22338755,-0.15410009,-0.29867563,-0.15410016,-0.29356226,-0.12856714,-0.15394032,-0.13691942,-0.15409416,-0.23188588,-0.24781659,-0.1296162,-0.12931514,-0.24679694,-0.18279888,-0.25087595,-0.26027086,-0.28621647,-0.27511892,-0.11894142,-0.15400645,-0.040142577,-0.056944285,-0.15331832,-0.11274739,-0.13743341,-0.12918918,-0.15407664,-0.15742709,-0.15743189,-0.15743259,-0.27573854,-0.15405652,-0.12919286,-0.16243835,-0.12334165,-0.14074792,-0.15406331,-0.15887658,-0.14481027,-0.12929212,-0.18691605,-0.14998752,-0.15408713,-0.15740903,-0.15742111,-0.15734896,-0.120334074,-0.13700745,-0.08858878,-0.15408073,-0.19008024,-0.15409276,-0.2004665,-0.11139822,-0.1388583,-0.13027036,-0.1074974,-0.15152657,-0.153989,-0.15708879,-0.10065024,-0.08152827,-0.09427856,-0.15404227,-0.11960925,-0.15027548,-0.16982608,-0.1185138,-0.15406021,-0.15742534,-0.17738779,-0.15176103,-0.15409583,-0.25953975,-0.17989698,-0.13525523,-0.15409282,-0.15095688,-0.17780018,-0.2009549,-0.15407029,-0.09015879,-0.15377787,-0.12151222,-0.121854745,-0.13997786,-0.21433522,-0.13908121,-0.16057305,-0.1540162,-0.07092635,-0.15342137,-0.15659729,-0.18733518,-0.15381765,-0.12917565,-0.12334781,-0.14100276,-0.15404934,-0.114095174,-0.25318068,-0.26654312,-0.1283576,-0.10945694,-0.15403986,-0.09238048,-0.20963459,-0.15409307,-0.1573407,-0.12865481,-0.15401655,-0.16015086,-0.1553517,-0.15409774,-0.19704957,-0.20616047,-0.12805375,-0.10460003,-0.11361031,-0.10256614,-0.15408981,-0.19495486,-0.15406364,-0.12855825,-0.1539261,-0.041086134,-0.12967405,-0.15409636,-0.2300741,-0.15407339,-0.10384405,-0.15257952,-0.0784167,-0.15394469,-0.12766197,-0.15396594,-0.121451,-0.075820275,-0.09192432,-0.101488546,-0.15381165,-0.15733111,-0.12378413,-0.15392831,-0.1410757,-0.13984437,-0.18093297,-0.15409902,-0.25777104,-0.12844054,-0.15400086,-0.13462572,-0.119081676,-0.1540678,-0.15742758,-0.15742934,-0.15743053,-0.19755594,-0.25103784,-0.20219928,-0.19465852,-0.24831252,-0.20506537,-0.22091979,-0.15408292,-0.12886776,-0.11956477,-0.15407795,-0.1574237,-0.20931396,-0.18224281,-0.1540683,-0.32474133,-0.15409702,-0.15743333,-0.15743218,-0.15743178,-0.2185038,-0.15406747,-0.114121355,-0.15407085,-0.1574171,-0.15742393,-0.22984435,-0.15409037,-0.15740484,-0.08963354,-0.15398268,-0.15738153,-0.15740007,-0.15740162,-0.13302092,-0.1051107,-0.14014931,-0.15141064,-0.15839578,-0.15615125,-0.14613561,-0.15408656,-0.12319561,-0.12926254,-0.15404847,-0.15743314,-0.15743265,-0.15743265,-0.15743318,2.755083,-0.11451449,-0.15405644,-0.15564899,-0.14443555,-0.16636807,-0.15409207,-0.15735096,-0.12993515,-0.047159404,-0.14783233,-0.14016809,-0.14106366,-0.1539402,-0.19987361,-0.1649412,-0.17166539,-0.15406883,-0.15738891,-0.12722544,-0.14610182,-0.2588673,-0.12904818,-0.15396363,-0.09132757,-0.12832497,-0.13684332,-0.16221203,-0.15659244,-0.12842111,-0.15382606,-0.15733393,-0.15738532,-0.1574206,-0.15740095,-0.19795567,-0.15106063,-0.07294749,-0.2039893,-0.15405717,-0.15738378,-0.104459345,-0.1536625,-0.17466888,-0.13176009,-0.15406498,-0.15109587,-0.10913184,-0.1538916,-0.05825615,-0.14326635,-0.17082691,-0.15400058,-0.18883844,-0.15409818,-0.31316653,-0.15408786,-0.16808087,-0.14331596,-0.15409012,-0.15742953,-0.25088155,-0.15409857,-0.22115314,-0.07562123,-0.086852394,-0.10702289,-0.060967896,-0.14705941,-0.16796505,-0.15746465,-0.22133875,-0.12812386,-0.0969081,-0.16398169,-0.12716047,-0.11335766,-0.18846886,-0.1292548,-0.17755464,-0.0994983,-0.115196005,-0.15400183,-0.11662802,-0.19749595,-0.14526704,-0.12781724,-0.096878245,-0.15400203,-0.15722454,-0.12434345,-0.11230643,-0.063823454,-0.15392795,-0.11419349,-0.10007019,-0.24483351,-0.15409914,-0.15742068,-0.16344379,-0.1759062,-0.12524253,-0.1540837,-0.0782174,-0.19187105,-0.18185812,-0.09859173,-0.11065883,-0.15374085,-0.15709183,-0.083404,-0.1213824,-0.13072303,-0.13855581,-0.19385117,-0.15405984,-0.15742624,-0.19487974,-0.23847799,-0.2432746,-0.12890159,-0.15388253,-0.15739599,-0.14520228,-0.2961179,-0.15409836,-0.19813283,-0.1291516,-0.15403076,-0.060104962,-0.15931924,-0.15409648,-0.2028091,-0.2868003,-0.11816878,-0.14795661,-0.10060286,-0.15393203,-0.13614628,-0.20725825,-0.17393659,-0.125103,-0.15657571,-0.15690626,-0.15409502,-0.1574288,-0.16221246,-0.22200036,-0.12933114,-0.2814266,-0.15409957,-0.1915083,-0.24371436,-0.16952515,-0.15400642,-0.13369927,-0.12557748,-0.15409169,-0.18106565,-0.1540993,-0.18642783,-0.15403908,-0.30462334,-0.15398139,-0.14691104,-0.13029914,-0.1540856,-0.15741578,-0.18915205,-0.12924692,-0.15409091,-0.10481856,-0.1650517,-0.15408856,-0.15743093,-0.15739968,-0.12880307,-0.15398812,-0.15739496,-0.15738532,-0.15739757,-0.15740626,-0.16505513,-0.17392421,-0.15408379,-0.15742332,-0.15741262,-0.15742388,-0.2025511,-0.15354379,-0.14723541,-0.15302803,-0.11499533,-0.10471026,-0.11893196,-0.15408766,-0.1573483,-0.12920448,-0.19501048,-0.15409593,-0.18738703,-0.11705899,-0.17429145,-0.15408567,-0.06652963,-0.15382807,-0.10737923,-0.124497145,-0.15298569,-0.052188452,-0.26007295
k__Bacteria|p__Firmicutes|c__Erysipelotrichia|o__Erysipelotrichales|f__Erysipelotrichaceae|g__Holdemania|s__Holdemania_filiformis,-0.1004395,-0.12316422,-0.15415399,-0.15743122,-0.15743145,-0.23867357,-0.1666669,-0.16813041,-0.10929718,-0.22895765,-0.23728925,-0.15415847,-0.22850217,-0.3768707,-0.08556121,-0.15378892,-0.058144663,-0.15366493,-0.15737356,-0.19931981,-0.1978925,-0.12964368,-0.15412566,-0.12711628,-0.20043859,-0.11658599,-0.182019,-0.25032333,-0.1509206,-0.1541301,-0.15142563,-0.10844302,-0.18249588,-0.28454733,-0.15414591,-0.12981436,-0.15415624,-0.22338755,-0.15415879,-0.29867563,-0.15415885,-0.29356226,-0.12919033,-0.15402117,-0.13691942,-0.15415367,-0.23188588,-0.24781659,-0.1296162,-0.1298199,-0.24679694,-0.18279888,-0.25087595,-0.26027086,-0.28621647,-0.27511892,-0.11894142,-0.15407836,-0.040142577,-0.056944285,-0.15348646,-0.11274739,-0.13743341,-0.12971683,-0.15413864,-0.15742713,-0.15743126,-0.15743186,-0.27573854,-0.15412197,-0.12971653,-0.16243835,-0.12334165,-0.14074792,-0.15412717,-0.15887658,-0.14481027,-0.12980025,-0.18691605,-0.14998752,-0.15414765,-0.1574116,-0.15742199,-0.15735981,-0.120334074,-0.13700745,-0.08858878,-0.15414216,-0.19008024,-0.1541525,-0.2004665,-0.11139822,-0.1388583,-0.13027036,-0.1074974,-0.15152657,-0.15406355,-0.15715271,-0.10065024,-0.08152827,-0.09427856,-0.15410906,-0.11960925,-0.15027548,-0.16982608,-0.1185138,-0.15412438,-0.15742561,-0.17738779,-0.15176103,-0.15415514,-0.25953975,-0.17989698,-0.13525523,-0.15415254,-0.15095688,-0.17780018,-0.2009549,-0.1541331,-0.09015879,-0.15388232,-0.12151222,-0.121854745,-0.13997786,-0.21433522,-0.13908121,-0.16057305,-0.15408674,-0.07092635,-0.15357652,-0.15671358,-0.18733518,-0.15391535,-0.12970954,-0.12334781,-0.14100276,-0.1541152,-0.114095174,-0.25318068,-0.26654312,-0.1290368,-0.10945694,-0.154107,-0.09238048,-0.20963459,-0.15415275,-0.15735134,-0.12927239,-0.15408704,-0.16015086,-0.1553517,-0.15415677,-0.19704957,-0.20616047,-0.1287512,-0.10460003,-0.11361031,-0.10256614,-0.15414992,-0.19495486,-0.15412723,-0.12920724,-0.15400931,-0.041086134,-0.12967405,-0.15415561,-0.2300741,-0.15413535,-0.10384405,-0.1528627,-0.0784167,-0.1540255,-0.12766197,-0.1540437,-0.121451,-0.075820275,-0.09192432,-0.101488546,-0.15391238,-0.15734482,-0.12378413,-0.15401188,-0.1410757,-0.13984437,-0.18093297,-0.15415788,-0.25777104,-0.12844054,-0.15407297,-0.13462572,-0.119081676,-0.15413107,-0.15742755,-0.15742905,-0.15743008,-0.19755594,-0.25103784,-0.20219928,-0.19465852,-0.24831252,-0.20506537,-0.22091979,-0.15414387,-0.12945925,-0.11956477,-0.1541397,-0.15742418,-0.20931396,-0.18224281,-0.1541312,-0.32474133,-0.15415615,-0.1574325,-0.1574315,-0.15743117,-0.2185038,-0.15413022,-0.114121355,-0.15413359,-0.15741852,-0.15742438,-0.22984435,-0.15415041,-0.15740778,-0.08963354,-0.15405802,-0.15738796,-0.15740389,-0.1574053,-0.13302092,-0.1051107,-0.14014931,-0.15141064,-0.15839578,-0.15615125,-0.14613561,-0.15414713,-0.12319561,-0.12977515,-0.1541144,-0.15743232,-0.1574319,-0.1574319,-0.15743236,2.3508346,-0.11451449,-0.15412125,-0.15564899,-0.14443555,-0.16636807,-0.15415189,-0.15736093,-0.12993515,-0.047159404,-0.14876972,-0.14016809,-0.14106366,-0.1540213,-0.19987361,-0.1649412,-0.17166539,-0.15413189,-0.15739432,-0.12722544,-0.14610182,-0.2588673,-0.12960273,-0.15404205,-0.09132757,-0.12832497,-0.13684332,-0.16221203,-0.15659244,-0.1290747,-0.15392372,-0.15734714,-0.15739116,-0.15742154,-0.15740095,-0.19795567,-0.15106063,-0.07294749,-0.2039893,-0.15412185,-0.15739003,-0.104459345,-0.15381572,-0.17466888,-0.13176009,-0.15412858,-0.15109587,-0.10913184,-0.15398093,-0.05825615,-0.14326635,-0.17082691,-0.1540732,-0.18883844,-0.15415713,-0.31316653,-0.15414824,-0.16808087,-0.14331596,-0.15415022,-0.15742922,-0.25088155,-0.1541575,-0.22115314,-0.07562123,-0.086852394,-0.10702289,-0.060967896,-0.14810395,-0.16796505,-0.15746465,-0.22133875,-0.12812386,-0.0969081,-0.16398169,-0.12716047,-0.11335766,-0.18846886,-0.1297693,-0.17755464,-0.0994983,-0.115196005,-0.15407437,-0.11662802,-0.19749595,-0.14526704,-0.12781724,-0.096878245,-0.15407456,-0.15725362,-0.12434345,-0.11230643,-0.063823454,-0.15401164,-0.11419349,-0.10007019,-0.24483351,-0.15415797,-0.15742129,-0.16344379,-0.1759062,-0.12524253,-0.15414469,-0.0782174,-0.19187105,-0.18185812,-0.09859173,-0.11065883,-0.15385059,-0.1571395,-0.083404,-0.1213824,-0.13072303,-0.13855581,-0.19385117,-0.15412416,-0.15742639,-0.19487974,-0.23847799,-0.2432746,-0.12946704,-0.15397224,-0.15740034,-0.14520228,-0.2961179,-0.15415731,-0.19813283,-0.12968457,-0.15409926,-0.060104962,-0.15931924,-0.1541557,-0.2028091,-0.2868003,-0.11816878,-0.14795661,-0.10060286,-0.15401444,-0.13614628,-0.20725825,-0.17393659,-0.125103,-0.15657571,-0.15690626,-0.15415442,-0.15742858,-0.16221246,-0.22200036,-0.12983358,-0.2814266,-0.15415834,-0.1915083,-0.24371436,-0.16952515,-0.15407759,-0.13369927,-0.12557748,-0.15415156,-0.18106565,-0.15415812,-0.18642783,-0.15410587,-0.30462334,-0.1540567,-0.14691104,-0.13029914,-0.15414634,-0.15741739,-0.18915205,-0.1297619,-0.15415087,-0.10481856,-0.1650517,-0.15414888,-0.15743044,-0.15740304,-0.12940001,-0.15406278,-0.15739954,-0.15739131,-0.15740177,-0.15740928,-0.16505513,-0.17392421,-0.15414476,-0.15742391,-0.15741467,-0.15742436,-0.2025511,-0.15354379,-0.14723541,-0.15323672,-0.11499533,-0.10471026,-0.11893196,-0.1541481,-0.15735808,-0.12972668,-0.19501048,-0.15415522,-0.18738703,-0.11705899,-0.17429145,-0.15414575,-0.06652963,-0.15392616,-0.10737923,-0.124497145,-0.15298569,-0.052188452,-0.26007295
k__Bacteria|p__Firmicutes|c__Clostridia|o__Clostridia_unclassified|f__Clostridia_unclassified|g__Clostridia_unclassified|s__Clostridia_bacterium_UC5_1_1E11,-0.1004395,-0.12316422,-0.1540854,-0.15736341,-0.15736376,-0.23867357,-0.1666669,-0.16813041,-0.10929718,-0.22895765,-0.23728925,-0.15409136,-0.22850217,-0.3768707,-0.08556121,-0.15358959,-0.058144663,-0.15341452,-0.15728596,-0.19931981,-0.1978925,-0.12951353,-0.15404704,-0.12711628,-0.20043859,-0.11658599,-0.182019,-0.25032333,-0.1509206,-0.15405357,-0.15142563,-0.10844302,-0.18249588,-0.28454733,-0.1540753,-0.12974027,-0.15408835,-0.22338755,-0.15409182,-0.29867563,-0.15409191,-0.29356226,-0.12892216,-0.15390879,-0.13691942,-0.15408488,-0.23188588,-0.24781659,-0.1296162,-0.12974781,-0.24679694,-0.18279888,-0.25087595,-0.26027086,-0.28621647,-0.27511892,-0.11894142,-0.15398324,-0.040142577,-0.056944285,-0.15318888,-0.11274739,-0.13743341,-0.12960929,-0.1540649,-0.15735787,-0.1573635,-0.15736428,-0.27573854,-0.15404361,-0.1296117,-0.16243835,-0.12334165,-0.14074792,-0.15404892,-0.15887658,-0.14481027,-0.12972182,-0.18691605,-0.14998752,-0.15407673,-0.15733692,-0.15735115,-0.15727267,-0.120334074,-0.13700745,-0.08858878,-0.15406926,-0.19008024,-0.15408328,-0.2004665,-0.11139822,-0.1388583,-0.13027036,-0.1074974,-0.15152657,-0.15396228,-0.15700108,-0.10065024,-0.08152827,-0.09427856,-0.15402436,-0.11960925,-0.15027548,-0.16982608,-0.1185138,-0.15404585,-0.15735584,-0.17738779,-0.15176103,-0.15408689,-0.25953975,-0.17989698,-0.13525523,-0.15408334,-0.15095688,-0.17780018,-0.2009549,-0.15405935,-0.09015879,-0.15371494,-0.12151222,-0.121854745,-0.13997786,-0.21433522,-0.13908121,-0.16057305,-0.15399384,-0.07092635,-0.15330505,-0.15641063,-0.18733518,-0.15377378,-0.12960172,-0.12334781,-0.14100276,-0.15403265,-0.114095174,-0.25318068,-0.26654312,-0.12871382,-0.10945694,-0.15402144,-0.09238048,-0.20963459,-0.15408361,-0.1572626,-0.1290326,-0.15399534,-0.16015086,-0.1553517,-0.1540891,-0.19704957,-0.20616047,-0.12838595,-0.10460003,-0.11361031,-0.10256614,-0.15407974,-0.19495486,-0.1540506,-0.128947,-0.15388831,-0.041086134,-0.12967405,-0.15408757,-0.2300741,-0.15406168,-0.10384405,-0.15233022,-0.0784167,-0.15391195,-0.12766197,-0.15393564,-0.121451,-0.075820275,-0.09192432,-0.101488546,-0.15375723,-0.15724568,-0.12378413,-0.15390548,-0.1410757,-0.13984437,-0.18093297,-0.15409058,-0.25777104,-0.12844054,-0.15398157,-0.13462572,-0.119081676,-0.1540539,-0.1573585,-0.1573605,-0.1573619,-0.19755594,-0.25103784,-0.20219928,-0.19465852,-0.24831252,-0.20506537,-0.22091979,-0.15407236,-0.12927116,-0.11956477,-0.15406588,-0.15735397,-0.20931396,-0.18224281,-0.15405619,-0.32474133,-0.15408823,-0.15736514,-0.1573638,-0.15736333,-0.2185038,-0.15405564,-0.114121355,-0.15405832,-0.15734677,-0.15735427,-0.22984435,-0.1540804,-0.15733425,-0.08963354,-0.15395623,-0.15730432,-0.15732682,-0.15732786,-0.13302092,-0.1051107,-0.14014931,-0.15141064,-0.15839578,-0.15615125,-0.14613561,-0.15407586,-0.12319561,-0.1296878,-0.15403256,-0.15736493,-0.15736437,-0.15736437,-0.15736498,2.9353142,-0.11451449,-0.15404113,-0.15564899,-0.14443555,-0.16636807,-0.1540826,-0.1572724,-0.12993515,-0.047159404,-0.14690998,-0.14016809,-0.14106366,-0.15390626,-0.19987361,-0.1649412,-0.17166539,-0.1540553,-0.15731272,-0.12722544,-0.14610182,-0.2588673,-0.12945727,-0.15393323,-0.09132757,-0.12832497,-0.13684332,-0.16221203,-0.15659244,-0.12879218,-0.1537769,-0.15724955,-0.15730906,-0.15735033,-0.15740095,-0.19795567,-0.15106063,-0.07294749,-0.2039893,-0.15404235,-0.15730692,-0.104459345,-0.15367413,-0.17466888,-0.13176009,-0.15405041,-0.15109587,-0.10913184,-0.15385213,-0.05825615,-0.14326635,-0.17082691,-0.15397659,-0.18883844,-0.15408963,-0.31316653,-0.15407804,-0.16808087,-0.14331596,-0.15408021,-0.1573608,-0.25088155,-0.15409009,-0.22115314,-0.07562123,-0.086852394,-0.10702289,-0.060967896,-0.14601226,-0.16796505,-0.15746465,-0.22133875,-0.12812386,-0.0969081,-0.16398169,-0.12716047,-0.11335766,-0.18846886,-0.12967989,-0.17755464,-0.0994983,-0.115196005,-0.15397783,-0.11662802,-0.19749595,-0.14526704,-0.12781724,-0.096878245,-0.15397689,-0.15712243,-0.12434345,-0.11230643,-0.063823454,-0.15389219,-0.11419349,-0.10007019,-0.24483351,-0.1540907,-0.15735099,-0.16344379,-0.1759062,-0.12524253,-0.15407261,-0.0782174,-0.19187105,-0.18185812,-0.09859173,-0.11065883,-0.1536724,-0.15696755,-0.083404,-0.1213824,-0.13072303,-0.13855581,-0.19385117,-0.1540455,-0.15735689,-0.19487974,-0.23847799,-0.2432746,-0.12927999,-0.15383908,-0.15732196,-0.14520228,-0.2961179,-0.1540898,-0.19813283,-0.12956838,-0.15401193,-0.060104962,-0.15931924,-0.15408766,-0.2028091,-0.2868003,-0.11816878,-0.14795661,-0.10060286,-0.15389794,-0.13614628,-0.20725825,-0.17393659,-0.125103,-0.15657571,-0.15690626,-0.15408596,-0.15735987,-0.16221246,-0.22200036,-0.12976617,-0.2814266,-0.15409121,-0.1915083,-0.24371436,-0.16952515,-0.15398887,-0.13369927,-0.12557748,-0.15408212,-0.18106565,-0.15409091,-0.18642783,-0.15402395,-0.30462334,-0.15395528,-0.14691104,-0.13029914,-0.154075,-0.15734461,-0.18915205,-0.12967011,-0.15408114,-0.10481856,-0.1650517,-0.15407859,-0.15736237,-0.1573278,-0.12917891,-0.15396117,-0.15732107,-0.15730968,-0.15732402,-0.15733376,-0.16505513,-0.17392421,-0.15407303,-0.15735349,-0.15734112,-0.1573541,-0.2025511,-0.15354379,-0.14723541,-0.1528652,-0.11499533,-0.10471026,-0.11893196,-0.1540774,-0.15726991,-0.12962079,-0.19501048,-0.15408707,-0.18738703,-0.11705899,-0.17429145,-0.15407574,-0.06652963,-0.15377535,-0.10737923,-0.124497145,-0.15298569,-0.052188452,-0.26007295
k__Bacteria|p__Firmicutes|c__Negativicutes|o__Veillonellales|f__Veillonellaceae|g__Colibacter|s__Colibacter_massiliensis,-0.1004395,-0.12316422,-0.15332228,-0.15662698,-0.15662724,-0.23867357,-0.1666669,-0.16813041,-0.10929718,-0.22895765,-0.23728925,-0.15332681,-0.22850217,-0.3768707,-0.08556121,-0.15294304,-0.058144663,-0.1528188,-0.15656841,-0.19931981,-0.1978925,-0.12860282,-0.15329343,-0.12711628,-0.20043859,-0.11658599,-0.182019,-0.25032333,-0.1509206,-0.15329823,-0.15142563,-0.10844302,-0.18249588,-0.28454733,-0.15331437,-0.12877843,-0.15332454,-0.22338755,-0.15332717,-0.29867563,-0.15332721,-0.29356226,-0.12814142,-0.15318815,-0.13691942,-0.15332195,-0.23188588,-0.24781659,-0.1296162,-0.12878403,-0.24679694,-0.18279888,-0.25087595,-0.26027086,-0.28621647,-0.27511892,-0.11894142,-0.15324523,-0.040142577,-0.056944285,-0.15264627,-0.11274739,-0.13743341,-0.12867709,-0.15330675,-0.1566228,-0.15662704,-0.15662764,-0.27573854,-0.1532898,-0.12867881,-0.16243835,-0.12334165,-0.14074792,-0.15329495,-0.15887658,-0.14481027,-0.1287638,-0.18691605,-0.14998752,-0.1533158,-0.15660705,-0.15661769,-0.15655532,-0.120334074,-0.13700745,-0.08858878,-0.15331018,-0.19008024,-0.15332073,-0.2004665,-0.11139822,-0.1388583,-0.13027036,-0.1074974,-0.15152657,-0.15322989,-0.15633185,-0.10065024,-0.08152827,-0.09427856,-0.15327643,-0.11960925,-0.15027548,-0.16982608,-0.1185138,-0.15329236,-0.1566213,-0.17738779,-0.15176103,-0.15332343,-0.25953975,-0.17989698,-0.13525523,-0.15332079,-0.15095688,-0.17780018,-0.2009549,-0.1533017,-0.09015879,-0.1530442,-0.12151222,-0.121854745,-0.13997786,-0.21433522,-0.13908121,-0.16057305,-0.15325356,-0.07092635,-0.15273187,-0.15590405,-0.18733518,-0.15308325,-0.12866682,-0.12334781,-0.14100276,-0.1532827,-0.114095174,-0.25318068,-0.26654312,-0.12798327,-0.10945694,-0.15327433,-0.09238048,-0.20963459,-0.153321,-0.15654835,-0.12823094,-0.15325403,-0.16015086,-0.1553517,-0.1533251,-0.19704957,-0.20616047,-0.12771456,-0.10460003,-0.11361031,-0.10256614,-0.1533181,-0.19495486,-0.1532956,-0.1281578,-0.15317407,-0.041086134,-0.12967405,-0.15332392,-0.2300741,-0.15330404,-0.10384405,-0.15199456,-0.0784167,-0.15319118,-0.12766197,-0.15320969,-0.121451,-0.075820275,-0.09192432,-0.101488546,-0.15307501,-0.15653856,-0.12378413,-0.15317595,-0.1410757,-0.13984437,-0.18093297,-0.15332621,-0.25777104,-0.12844054,-0.15324125,-0.13462572,-0.119081676,-0.15329874,-0.15662324,-0.1566248,-0.15662584,-0.19755594,-0.25103784,-0.20219928,-0.19465852,-0.24831252,-0.20506537,-0.22091979,-0.1533123,-0.1284126,8.237197,-0.1533077,-0.15661988,7.4778686,-0.18224281,-0.15329969,-0.32474133,-0.15332446,-0.15662828,-0.15662728,-0.15662694,-0.2185038,-0.15329885,-0.114121355,-0.15330175,-0.1566143,-0.15662006,-0.22984435,-0.15331861,-0.15660378,-0.08963354,-0.15322459,-0.15658274,-0.15659933,-0.1566004,-0.13302092,-0.1051107,-0.14014931,-0.15141064,-0.15839578,-0.15615125,-0.14613561,-0.15331522,-0.12319561,-0.12873843,-0.15328234,-0.15662813,-0.15662768,-0.1566277,-0.15662816,-0.38518023,-0.11451449,-0.15328902,-0.15564899,-0.14443555,-0.16636807,-0.1533202,-0.15655735,-0.12993515,-0.047159404,-0.14788559,-0.14016809,-0.14106366,-0.15318757,-0.19987361,-0.1649412,-0.17166539,-0.15329978,-0.15658915,-0.12722544,-0.14610182,-0.2588673,-0.12855773,-0.15320757,-0.09132757,-0.12832497,6.776255,5.023273,-0.15659244,-0.12805638,-0.1530881,-0.15654129,-0.15658617,-0.15661713,-0.15740095,-0.19795567,-0.15106063,-0.07294749,-0.2039893,-0.1532898,-0.1565847,-0.104459345,-0.15296906,-0.17466888,-0.13176009,-0.15329623,-0.15109587,-0.10913184,-0.15314516,-0.05825615,-0.14326635,-0.17082691,-0.15324032,-0.18883844,-0.1533255,-0.31316653,-0.15331662,-0.16808087,-0.14331596,-0.15331843,-0.156625,-0.25088155,-0.15332586,-0.22115314,-0.07562123,-0.086852394,-0.10702289,-0.060967896,-0.14721592,-0.16796505,-0.15746465,-0.22133875,-0.12812386,-0.0969081,-0.16398169,-0.12716047,-0.11335766,-0.18846886,-0.12873214,-0.17755464,-0.0994983,-0.115196005,-0.15324128,-0.11662802,-0.19749595,-0.14526704,-0.12781724,-0.096878245,-0.15324095,-0.1564456,-0.12434345,-0.11230643,-0.063823454,-0.1531764,-0.11419349,-0.10007019,-0.24483351,-0.15332632,-0.15661734,-0.16344379,-0.1759062,-0.12524253,-0.15331276,-0.0782174,-0.19187105,-0.18185812,-0.09859173,-0.11065883,-0.15301213,-0.15632907,-0.083404,-0.1213824,-0.13072303,-0.13855581,-0.19385117,-0.15329215,-0.15662208,-0.19487974,-0.23847799,-0.2432746,-0.12843311,-0.15313685,-0.1565957,-0.14520228,-0.2961179,-0.15332563,-0.19813283,-0.12864468,-0.15326673,-0.060104962,-0.15931924,-0.15332401,-0.2028091,-0.2868003,-0.11816878,-0.14795661,-0.10060286,-0.15318066,-0.13614628,-0.20725825,-0.17393659,-0.125103,-0.15657571,-0.15690626,-0.15332273,-0.15662432,-0.16221246,-0.22200036,-0.12879798,-0.2814266,-0.1533267,-0.1915083,-0.24371436,-0.16952515,-0.15324631,-0.13369927,-0.12557748,-0.15331984,-0.18106565,-0.15332645,-0.18642783,-0.15327457,-0.30462334,-0.15322399,-0.14691104,-0.13029914,-0.1533145,-0.15661289,-0.18915205,-0.1287246,-0.1533191,-0.10481856,-0.1650517,-0.15331714,-0.15662621,-0.15659934,-0.12835875,-0.15322897,-0.15659493,-0.1565864,-0.15659717,-0.15660456,-0.16505513,-0.17392421,-0.15331295,-0.15661953,-0.1566102,-0.15662,-0.2025511,-0.15354379,-0.14723541,-0.15239805,-0.11499533,-0.10471026,-0.11893196,-0.15331629,-0.15655464,-0.12868747,-0.19501048,-0.15332355,-0.18738703,-0.11705899,-0.17429145,-0.15331459,-0.06652963,-0.15308782,-0.10737923,-0.124497145,-0.15298569,-0.052188452,-0.26007295
k__Bacteria|p__Firmicutes|c__Clostridia|o__Eubacteriales|f__Clostridiaceae|g__GGB9580|s__GGB9580_SGB14996,-0.1004395,-0.12316422,-0.15513146,-0.15847911,-0.1584794,-0.23867357,-0.1666669,-0.16813041,-0.10929718,-0.22895765,-0.23728925,-0.15513659,-0.22850217,-0.3768707,-0.08556121,-0.1547043,-0.058144663,-0.15456623,-0.15841284,-0.19931981,-0.1978925,-0.13006192,-0.15509889,-0.12711628,-0.20043859,-0.11658599,-0.182019,-0.25032333,-0.1509206,-0.15510412,-0.15142563,-0.10844302,-0.18249588,-0.28454733,-0.15512219,-0.13026866,-0.15513402,-0.22338755,-0.15513697,-0.29867563,-0.15513703,-0.29356226,-0.12952264,-0.15497883,-0.13691942,-0.1551311,-0.23188588,-0.24781659,-0.1296162,-0.13027504,-0.24679694,-0.18279888,-0.25087595,-0.26027086,-0.28621647,-0.27511892,-0.11894142,-0.15504424,-0.040142577,-0.056944285,-0.15436423,-0.11274739,-0.13743341,-0.13014895,-0.15511377,-0.15847442,-0.15847915,-0.15847985,-0.27573854,-0.15509398,-0.13015173,-0.16243835,-0.12334165,-0.14074792,-0.15510061,-0.15887658,-0.14481027,-0.13025156,-0.18691605,-0.14998752,-0.15512416,-0.15845656,-0.1584685,-0.15839618,-0.120334074,-0.13700745,-0.08858878,-0.15511782,-0.19008024,-0.15512972,-0.2004665,-0.11139822,-0.1388583,-0.13027036,-0.1074974,-0.15152657,-0.1550272,-0.15814047,-0.10065024,-0.08152827,-0.09427856,-0.15507977,-0.11960925,-0.15027548,-0.16982608,-0.1185138,-0.15509751,-0.15847267,-0.17738779,-0.15176103,-0.15513274,-0.25953975,-0.17989698,-0.13525523,-0.15512978,-0.15095688,-0.17780018,-0.2009549,-0.15510735,-0.09015879,-0.15481803,-0.12151222,-0.121854745,-0.13997786,-0.21433522,-0.13908121,-0.16057305,-0.15505394,-0.07092635,-0.15446398,-0.15765363,-0.18733518,-0.1548564,-0.13013467,-0.12334781,-0.14100276,-0.15508682,-0.114095174,-0.25318068,-0.26654312,-0.12930505,-0.10945694,-0.15507743,-0.09238048,-0.20963459,-0.15513003,-0.15838882,-0.12960105,-0.15505421,-0.16015086,-0.1553517,-0.15513465,-0.19704957,-0.20616047,-0.12898803,-0.10460003,-0.11361031,-0.10256614,-0.1551268,-0.19495486,-0.15510073,-0.12951094,-0.1549645,-0.041086134,-0.12967405,-0.15513329,-0.2300741,-0.15511045,-0.10384405,-0.15363024,-0.0784167,-0.1549832,-0.12766197,-0.15500432,-0.121451,-0.075820275,-0.09192432,-0.101488546,-0.15485162,-0.1583795,-0.12378413,-0.15496397,-0.1410757,-0.13984437,-0.18093297,-0.1551359,-0.25777104,-0.12844054,-0.15503837,-0.13462572,-0.119081676,-0.15510505,-0.15847489,-0.15847665,-0.15847781,-0.19755594,-0.25103784,-0.20219928,-0.19465852,-0.24831252,-0.20506537,-0.22091979,-0.15511994,-0.1298198,-0.11956477,-0.15511507,-0.15847105,-0.20931396,-0.18224281,-0.1551054,-0.32474133,-0.15513393,-0.15848058,-0.15847945,-0.15847905,-0.2185038,-0.15510434,-0.114121355,-0.15510806,-0.15846454,-0.15847129,-0.22984435,-0.15512735,-0.15845232,-0.08963354,-0.15502083,-0.15842941,-0.15844771,-0.15844926,-0.13302092,-0.1051107,-0.14014931,-0.15141064,-0.15839578,-0.15615125,-0.14613561,-0.15512359,-0.12319561,-0.13022245,-0.15508595,-0.1584804,-0.1584799,-0.15847991,-0.15848044,-0.38518023,-0.11451449,-0.15509383,-0.15564899,-0.14443555,-0.16636807,-0.15512905,-0.15839896,-0.12993515,-0.047159404,-0.14893895,-0.14016809,-0.14106366,-0.15497893,-0.19987361,-0.1649412,-0.17166539,-0.15510607,-0.15843669,-0.12722544,-0.14610182,-0.2588673,-0.13000204,-0.15500185,-0.09132757,-0.12832497,-0.13684332,-0.16221203,-0.15659244,-0.12937158,-0.15486538,-0.15838227,-0.15843308,-0.15846801,-0.15740095,-0.19795567,-0.15106063,-0.07294749,-0.2039893,-0.1550945,-0.15843162,-0.104459345,-0.15471332,-0.17466888,-0.13176009,-0.15510225,-0.15109587,-0.10913184,-0.15493082,-0.05825615,-0.14326635,-0.17082691,-0.1550386,-0.18883844,-0.15513508,-0.31316653,-0.15512486,-0.16808087,-0.14331596,-0.15512711,-0.15847683,-0.25088155,-0.15513547,-0.22115314,-0.07562123,-0.086852394,-0.10702289,-0.060967896,-0.14817657,-0.16796505,-0.15746465,-0.22133875,-0.12812386,-0.0969081,-0.16398169,-0.12716047,-0.11335766,-0.18846886,-0.13021444,-0.17755464,-0.0994983,-0.115196005,-0.15503979,-0.11662802,-0.19749595,-0.14526704,-0.12781724,-0.096878245,-0.15503998,-0.15827411,-0.12434345,-0.11230643,-0.063823454,-0.15496656,-0.11419349,-0.10007019,-0.24483351,-0.15513602,-0.15846798,-0.16344379,-0.1759062,-0.12524253,-0.15512076,-0.0782174,-0.19187105,-0.18185812,-0.09859173,-0.11065883,-0.15478155,-0.15814266,-0.083404,-0.1213824,-0.13072303,-0.13855581,-0.19385117,-0.15509719,-0.15847358,-0.19487974,-0.23847799,-0.2432746,-0.1298622,-0.15492183,-0.15844366,-0.14520228,-0.2961179,-0.15513526,-0.19813283,-0.13010916,-0.15506835,-0.060104962,-0.15931924,-0.1551334,-0.2028091,-0.2868003,-0.11816878,-0.14795661,-0.10060286,-0.15497074,-0.13614628,-0.20725825,-0.17393659,-0.125103,-0.15657571,-0.15690626,-0.15513194,-0.1584761,-0.16221246,-0.22200036,-0.13029099,-0.2814266,-0.15513644,-0.1915083,-0.24371436,-0.16952515,-0.15504403,-0.13369927,-0.12557748,-0.15512867,-0.18106565,-0.1551362,-0.18642783,-0.15507641,-0.30462334,-0.15501964,-0.14691104,-0.13029914,-0.15512267,-0.15846324,-0.18915205,-0.1302064,-0.15512788,-0.10481856,-0.1650517,-0.15512557,-0.15847823,-0.15844712,-0.12976064,-0.1550262,-0.15844266,-0.15843317,-0.15844524,-0.15845382,-0.16505513,-0.17392421,-0.15512085,-0.1584707,-0.15846011,-0.15847126,-0.2025511,-0.15354379,-0.14723541,-0.15407711,-0.11499533,-0.10471026,-0.11893196,-0.15512466,-0.15839584,-0.13016386,-0.19501048,-0.15513286,-0.18738703,-0.11705899,-0.17429145,-0.1551224,-0.06652963,-0.15486717,-0.10737923,-0.124497145,-0.15298569,-0.052188452,-0.26007295
k__Bacteria|p__Firmicutes|c__Clostridia|o__Eubacteriales|f__Lachnospiraceae|g__Eisenbergiella|s__Eisenbergiella_tayi,-0.1004395,-0.12316422,-0.15414667,-0.15747756,-0.1574778,-0.23867357,-0.1666669,-0.16813041,-0.10929718,-0.22895765,-0.23728925,-0.15415072,-0.22850217,-0.3768707,-0.08556121,-0.15381284,-0.058144663,-0.15369937,-0.15742508,-0.19931981,-0.1978925,-0.12925021,-0.15412083,-0.12711628,-0.20043859,-0.11658599,-0.182019,-0.25032333,-0.1509206,-0.15412498,-0.15142563,-0.10844302,-0.18249588,-0.28454733,-0.15413941,-0.12940809,-0.1541487,-0.22338755,-0.15415104,-0.29867563,-0.15415108,-0.29356226,-0.12883455,-0.15402591,-0.13691942,-0.15414637,-0.23188588,-0.24781659,-0.1296162,-0.1294131,-0.24679694,-0.18279888,-0.25087595,-0.26027086,-0.28621647,-0.27511892,-0.11894142,-0.15407756,-0.040142577,-0.056944285,-0.15353811,-0.11274739,-0.13743341,-0.129317,-0.1541327,-0.15747383,-0.15747759,-0.15747815,-0.27573854,-0.15411744,-0.12931825,-0.16243835,-0.12334165,-0.14074792,-0.15412217,-0.15887658,-0.14481027,-0.12939507,-0.18691605,-0.14998752,-0.15414086,-0.15745965,-0.15746915,-0.15741354,-0.120334074,-0.13700745,-0.08858878,-0.15413585,-0.19008024,-0.15414529,-0.2004665,-0.11139822,-0.1388583,-0.13027036,-0.1074974,-0.15152657,-0.15406393,-0.15722255,-0.10065024,-0.08152827,-0.09427856,-0.15410566,-0.11960925,-0.15027548,-0.16982608,-0.1185138,-0.15411976,-0.15747246,-0.17738779,-0.15176103,-0.15414768,-0.25953975,-0.17989698,-0.13525523,-0.15414533,-0.15095688,-0.17780018,-0.2009549,-0.1541279,-0.09015879,-0.15389821,-0.12151222,-0.121854745,-0.13997786,-0.21433522,-0.13908121,-0.16057305,-0.15408522,-0.07092635,-0.15362017,-0.15682463,-0.18733518,-0.15393081,-0.12930888,-0.12334781,-0.14100276,-0.15411122,-0.114095174,-0.25318068,-0.26654312,-0.12867805,-0.10945694,-0.15410376,-0.09238048,-0.20963459,-0.15414551,-0.15740648,-0.1289106,-0.15408576,-0.16015086,-0.1553517,-0.15414919,-0.19704957,-0.20616047,-0.12842019,-0.10460003,-0.11361031,-0.10256614,-0.15414295,-0.19495486,-0.15412253,-0.12883933,-0.15401468,-0.041086134,-0.12967405,-0.15414813,-0.2300741,-0.15413004,-0.10384405,-0.15296601,-0.0784167,-0.15402952,-0.12766197,-0.15404592,-0.121451,-0.075820275,-0.09192432,-0.101488546,-0.15392542,-0.15739858,-0.12378413,-0.15401906,-0.1410757,-0.13984437,-0.18093297,-0.1541502,-0.25777104,-0.12844054,-0.1540736,-0.13462572,-0.119081676,-0.1541257,-0.15747422,-0.15747559,-0.15747651,-0.19755594,-0.25103784,-0.20219928,-0.19465852,-0.24831252,-0.20506537,-0.22091979,-0.15413758,-0.12907982,-0.11956477,-0.15413363,-0.15747117,-0.20931396,-0.18224281,-0.15412623,-0.32474133,-0.15414862,-0.15747873,-0.15747783,-0.15747751,-0.2185038,-0.15412535,-0.114121355,-0.15412813,-0.15746605,-0.15747136,-0.22984435,-0.15414341,-0.1574566,-0.08963354,-0.1540591,-0.15743804,-0.15745267,-0.15745384,-0.13302092,-0.1051107,-0.14014931,-0.15141064,-0.15839578,-0.15615125,-0.14613561,-0.1541404,-0.12319561,-0.12937237,-0.15411061,-0.15747859,-0.15747818,-0.15747821,-0.15747862,-0.38518023,-0.11451449,-0.15411678,-0.15564899,-0.14443555,-0.16636807,-0.15414476,-0.15741417,-0.12993515,-0.047159404,-0.14924827,-0.14016809,-0.14106366,-0.15402558,-0.19987361,-0.1649412,-0.17166539,-0.15412648,-0.15744379,-0.12722544,-0.14610182,-0.2588673,-0.12921008,-0.15404421,-0.09132757,-0.12832497,-0.13684332,-0.16221203,-0.15659244,-0.12871519,-0.1539366,-0.15740076,-0.15744103,-0.15746874,-0.15740095,-0.19795567,-0.15106063,-0.07294749,-0.2039893,-0.1541174,-0.15743986,-0.104459345,-0.153824,-0.17466888,-0.13176009,-0.15412341,-0.15109587,-0.10913184,-0.15398818,-0.05825615,-0.14326635,-0.17082691,-0.15407299,-0.18883844,-0.15414955,-0.31316653,-0.15414149,-0.16808087,-0.14331596,-0.15414321,-0.15747574,-0.25088155,-0.15414986,-0.22115314,-0.07562123,-0.086852394,-0.10702289,-0.060967896,-0.14863665,-0.16796505,-0.15746465,-0.22133875,-0.12812386,-0.0969081,-0.16398169,-0.12716047,-0.11335766,-0.18846886,-0.12936674,-0.17755464,-0.0994983,-0.115196005,-0.154074,-0.11662802,-0.19749595,-0.14526704,-0.12781724,-0.096878245,-0.15407395,-0.15731515,-0.12434345,-0.11230643,-0.063823454,-0.15401648,-0.11419349,-0.10007019,-0.24483351,-0.15415028,-0.15746875,-0.16344379,-0.1759062,-0.12524253,-0.15413815,-0.0782174,-0.19187105,-0.18185812,-0.09859173,-0.11065883,-0.1538693,-0.1572111,-0.083404,-0.1213824,-0.13072303,-0.13855581,-0.19385117,-0.15411949,-0.15747316,-0.19487974,-0.23847799,-0.2432746,-0.12909037,-0.15398052,-0.15744945,-0.14520228,-0.2961179,-0.15414968,-0.19813283,-0.12928736,-0.15409672,-0.060104962,-0.15931924,-0.1541482,-0.2028091,-0.2868003,-0.11816878,-0.14795661,-0.10060286,-0.15401943,-0.13614628,-0.20725825,-0.17393659,-0.125103,-0.15657571,-0.15690626,-0.15414706,-0.15747516,-0.16221246,-0.22200036,-0.12942563,-0.2814266,-0.15415064,-0.1915083,-0.24371436,-0.16952515,-0.15407829,-0.13369927,-0.12557748,-0.15414447,-0.18106565,-0.15415043,-0.18642783,-0.15410343,-0.30462334,-0.15405802,-0.14691104,-0.13029914,-0.1541397,-0.15746495,-0.18915205,-0.12935995,-0.15414383,-0.10481856,-0.1650517,-0.15414202,-0.15747684,-0.15745243,-0.12902471,-0.15406325,-0.15744871,-0.15744111,-0.1574507,-0.15745753,-0.16505513,-0.17392421,-0.15413827,-0.15747088,-0.15746248,-0.1574713,-0.2025511,-0.15354379,-0.14723541,-0.15331167,-0.11499533,-0.10471026,-0.11893196,-0.15414128,-0.15741232,-0.12932748,-0.19501048,-0.15414777,-0.18738703,-0.11705899,-0.17429145,-0.15413961,-0.06652963,-0.1539385,-0.10737923,-0.124497145,-0.15298569,-0.052188452,4.8705325
k__Bacteria|p__Firmicutes|c__Clostridia|o__Eubacteriales|f__Oscillospiraceae|g__Ruminococcus|s__Ruminococcus_bromii,-0.1004395,-0.12316422,-0.15380505,-0.15708205,-0.15708232,-0.23867357,-0.1666669,-0.16813041,-0.10929718,-0.22895765,-0.23728925,-0.15381008,-0.22850217,-0.3768707,-0.08556121,-0.15338665,-0.058144663,-0.15324757,-0.15701687,-0.19931981,-0.1978925,-0.12927642,-0.15377301,-0.12711628,-0.20043859,-0.11658599,-0.182019,-0.25032333,-0.1509206,-0.15377825,-0.15142563,-0.10844302,-0.18249588,-0.28454733,-0.15379627,-0.12946746,-0.15380755,-0.22338755,-0.15381047,-0.29867563,-0.15381053,-0.29356226,-0.12877288,-0.15365562,-0.13691942,-0.15380469,-0.23188588,-0.24781659,-0.1296162,-0.12947364,-0.24679694,-0.18279888,-0.25087595,-0.26027086,-0.28621647,-0.27511892,-0.11894142,-0.15371943,-0.040142577,-0.056944285,-0.15305117,-0.11274739,-0.13743341,-0.1293575,-0.15378773,-0.15707742,-0.15708211,-0.15708277,-0.27573854,-0.1537695,-0.12935814,-0.16243835,-0.12334165,-0.14074792,-0.15377465,-0.15887658,-0.14481027,-0.12945165,-0.18691605,-0.14998752,-0.15379785,-0.15705986,-0.15707168,-0.15700358,-0.120334074,-0.13700745,-0.08858878,-0.15379162,-0.19008024,-0.15380332,-0.2004665,-0.11139822,-0.1388583,-0.13027036,-0.1074974,-0.15152657,-0.15370244,-0.15676664,-0.10065024,-0.08152827,-0.09427856,-0.15375416,-0.11960925,-0.15027548,-0.16982608,-0.1185138,-0.15377173,-0.15707573,-0.17738779,-0.15176103,-0.15380633,-0.25953975,-0.17989698,-0.13525523,-0.15380341,-0.15095688,-0.17780018,-0.2009549,-0.15378226,-0.09015879,-0.15349641,-0.12151222,-0.121854745,-0.13997786,-0.21433522,-0.13908121,-0.16057305,-0.15372878,-0.07092635,-0.1531499,-0.15627438,-0.18733518,-0.1535384,-0.12934853,-0.12334781,-0.14100276,-0.15376106,-0.114095174,-0.25318068,-0.26654312,-0.12860556,-0.10945694,-0.15375179,-0.09238048,-0.20963459,-0.15380362,-0.15699506,-0.12886837,-0.15372923,-0.16015086,-0.1553517,-0.15380818,-0.19704957,-0.20616047,-0.12831184,-0.10460003,-0.11361031,-0.10256614,-0.15380043,-0.19495486,-0.15377557,-0.12879875,-0.15364072,-0.041086134,-0.12967405,-0.15380687,-0.2300741,-0.15378487,-0.10384405,-0.1523323,-0.0784167,-0.1536594,-0.12766197,-0.15367992,-0.121451,-0.075820275,-0.09192432,-0.101488546,-0.15353063,-0.15698391,-0.12378413,-0.15364653,-0.1410757,-0.13984437,-0.18093297,-0.15380943,-0.25777104,-0.12844054,-0.15371618,-0.13462572,-0.119081676,-0.15377897,-0.15707791,-0.1570796,-0.15708077,-0.19755594,-0.25103784,-0.20219928,-0.19465852,-0.24831252,-0.20506537,-0.22091979,-0.15379393,-0.12907052,-0.11956477,-0.15378886,-0.15707412,-0.20931396,-0.18224281,-0.15377986,-0.32474133,-0.15380746,-0.15708351,-0.15708238,-0.15708199,-0.2185038,-0.15377904,-0.114121355,-0.15378213,-0.15706787,-0.15707436,-0.22984435,-0.153801,-0.15705624,-0.08963354,-0.15369639,-0.15703295,-0.15705124,-0.15705255,-0.13302092,-0.1051107,-0.14014931,-0.15141064,-0.15839578,-0.15615125,-0.14613561,-0.15379724,-0.12319561,-0.12942341,-0.15376043,-0.1570833,-0.15708283,-0.15708286,-0.15708336,-0.38518023,-0.11451449,-0.15376803,-0.15564899,-0.14443555,-0.16636807,-0.1538027,-0.15700431,-0.12993515,-0.047159404,-0.14773354,-0.14016809,-0.14106366,-0.15365496,-0.19987361,-0.1649412,-0.17166539,-0.15378001,-0.1570401,-0.12722544,-0.14610182,-0.2588673,-0.12922978,-0.15367794,-0.09132757,-0.12832497,-0.13684332,-0.16221203,-0.15659244,-0.12867025,-0.15354471,-0.15698683,-0.1570367,-0.15707111,-0.15740095,-0.19795567,-0.15106063,-0.07294749,-0.2039893,-0.15376881,-0.1570352,-0.104459345,-0.15343416,-0.17466888,-0.13176009,-0.15377615,-0.15109587,-0.10913184,-0.15360875,-0.05825615,-0.14326635,-0.17082691,-0.15371376,-0.18883844,-0.15380862,-0.31316653,-0.1537987,-0.16808087,-0.14331596,-0.15380076,-0.15707982,-0.25088155,-0.15380901,-0.22115314,-0.07562123,-0.086852394,-0.10702289,-0.060967896,-0.14698605,6.279586,4.0386953,-0.22133875,-0.12812386,-0.0969081,-0.16398169,-0.12716047,-0.11335766,-0.18846886,-0.12941687,-0.17755464,-0.0994983,-0.115196005,-0.15371494,-0.11662802,-0.19749595,-0.14526704,-0.12781724,-0.096878245,-0.1537148,-0.15688069,-0.12434345,-0.11230643,-0.063823454,-0.15364328,-0.11419349,-0.10007019,-0.24483351,-0.15380953,-0.15707134,-0.16344379,-0.1759062,-0.12524253,-0.15379447,-0.0782174,-0.19187105,-0.18185812,-0.09859173,-0.11065883,-0.1534607,-0.15675122,-0.083404,-0.1213824,-0.13072303,-0.13855581,-0.19385117,-0.15377143,-0.15707658,-0.19487974,-0.23847799,-0.2432746,-0.12908708,-0.15359902,-0.15704721,-0.14520228,-0.2961179,-0.15380879,-0.19813283,-0.12932223,-0.15374321,-0.060104962,-0.15931924,-0.15380697,-0.2028091,-0.2868003,-0.11816878,-0.14795661,-0.10060286,-0.15364742,-0.13614628,-0.20725825,-0.17393659,-0.125103,-0.15657571,-0.15690626,-0.15380552,-0.15707907,-0.16221246,-0.22200036,-0.12948903,-0.2814266,-0.15380996,-0.1915083,-0.24371436,-0.16952515,-0.15372138,-0.13369927,-0.12557748,-0.1538023,-0.18106565,-0.1538097,-0.18642783,-0.15375197,-0.30462334,-0.15369534,-0.14691104,-0.13029914,-0.1537964,-0.1570664,-0.18915205,-0.12940872,-0.15380153,-0.10481856,-0.1650517,-0.1537993,-0.15708116,-0.15705141,-0.12900946,-0.15370148,-0.15704632,-0.1570369,-0.15704882,-0.15705717,-0.16505513,-0.17392421,-0.15379465,-0.15707375,-0.15706336,-0.1570743,-0.2025511,-0.15354379,-0.14723541,-0.1527723,-0.11499533,-0.10471026,-0.11893196,-0.15379839,-0.15700176,-0.1293679,-0.19501048,-0.15380645,-0.18738703,-0.11705899,-0.17429145,-0.15379661,-0.06652963,-0.15354563,-0.10737923,-0.124497145,-0.15298569,-0.052188452,-0.26007295
k__Bacteria|p__Firmicutes|c__Tissierellia|o__Tissierellales|f__Peptoniphilaceae|g__Anaerococcus|s__Anaerococcus_provencensis,-0.1004395,-0.12316422,-0.15421888,-0.1574983,-0.15749857,-0.23867357,-0.1666669,-0.16813041,-0.10929718,-0.22895765,-0.23728925,-0.15422311,-0.22850217,-0.3768707,-0.08556121,-0.15386593,-0.058144663,-0.15374826,-0.15744343,-0.19931981,-0.1978925,-0.12969938,-0.15419188,-0.12711628,-0.20043859,-0.11658599,-0.182019,-0.25032333,-0.1509206,-0.15419634,-0.15142563,-0.10844302,-0.18249588,-0.28454733,-0.15421146,-0.12986262,-0.15422098,-0.22338755,-0.15422344,-0.29867563,-0.1542235,-0.29356226,-0.12925649,-0.15409303,-0.13691942,-0.15421857,-0.23188588,-0.24781659,-0.1296162,-0.1298679,-0.24679694,-0.18279888,-0.25087595,-0.26027086,-0.28621647,-0.27511892,-0.11894142,-0.1541467,-0.040142577,-0.056944285,-0.15358406,-0.11274739,-0.13743341,-0.12976831,-0.15420431,-0.1574944,-0.15749836,-0.15749893,-0.27573854,-0.15418914,-0.12976892,-0.16243835,-0.12334165,-0.14074792,-0.15419325,-0.15887658,-0.14481027,-0.12984902,-0.18691605,-0.14998752,-0.1542128,-0.15747961,-0.15748957,-0.15743244,-0.120334074,-0.13700745,-0.08858878,-0.15420756,-0.19008024,-0.15421742,-0.2004665,-0.11139822,-0.1388583,-0.13027036,-0.1074974,-0.15152657,-0.15413234,-0.15723357,-0.10065024,-0.08152827,-0.09427856,-0.15417598,-0.11960925,-0.15027548,-0.16982608,-0.1185138,-0.15419085,-0.157493,-0.17738779,-0.15176103,-0.15421996,-0.25953975,-0.17989698,-0.13525523,-0.15421747,-0.15095688,-0.17780018,-0.2009549,-0.15419981,-0.09015879,-0.15395847,-0.12151222,-0.121854745,-0.13997786,-0.21433522,-0.13908121,-0.16057305,-0.15415457,-0.07092635,-0.15366659,-0.15681882,-0.18733518,-0.15399519,-0.12975731,-0.12334781,-0.14100276,-0.15418181,-0.114095174,-0.25318068,-0.26654312,-0.12912217,-0.10945694,-0.15417396,-0.09238048,-0.20963459,-0.15421766,-0.15742582,-0.12934373,-0.15415508,-0.16015086,-0.1553517,-0.1542215,-0.19704957,-0.20616047,-0.12886631,-0.10460003,-0.11361031,-0.10256614,-0.15421496,-0.19495486,-0.15419412,-0.12928525,-0.15408036,-0.041086134,-0.12967405,-0.15422042,-0.2300741,-0.15420201,-0.10384405,-0.1529805,-0.0784167,-0.15409636,-0.12766197,-0.15411338,-0.121451,-0.075820275,-0.09192432,-0.101488546,-0.15398723,-0.15741554,-0.12378413,-0.15408494,-0.1410757,-0.13984437,-0.18093297,-0.15422256,-0.25777104,-0.12844054,-0.1541445,-0.13462572,-0.119081676,-0.15419684,-0.15749478,-0.15749624,-0.15749723,-0.19755594,-0.25103784,-0.20219928,-0.19465852,-0.24831252,-0.20506537,-0.22091979,-0.15420955,-0.12951759,-0.11956477,-0.15420523,-0.15749162,-0.20931396,-0.18224281,-0.1541977,-0.32474133,-0.15422091,-0.15749952,-0.1574986,-0.15749827,-0.2185038,-0.15419722,-0.114121355,-0.1541996,-0.15748638,-0.15749183,-0.22984435,-0.15421544,-0.15747663,-0.08963354,-0.15412736,-0.1574569,-0.15747234,-0.15747342,-0.13302092,-0.1051107,-0.14014931,-0.15141064,-0.15839578,-0.15615125,-0.14613561,-0.15421227,-0.12319561,-0.12982525,-0.15418133,-0.15749937,-0.15749896,-0.15749899,-0.1574994,-0.38518023,-0.11451449,-0.1541877,-0.15564899,-0.14443555,-0.16636807,-0.1542169,-0.1574331,-0.12993515,-0.047159404,-0.1491116,-0.14016809,-0.14106366,-0.15409245,-0.19987361,-0.1649412,-0.17166539,-0.15419775,-0.1574629,-0.12722544,-0.14610182,-0.2588673,-0.12965861,-0.15411164,-0.09132757,-0.12832497,-0.13684332,-0.16221203,-0.15659244,-0.12917905,-0.15399975,-0.15741801,-0.1574601,-0.15748909,-0.15740095,-0.19795567,-0.15106063,-0.07294749,-0.2039893,-0.15418833,-0.15745878,-0.104459345,-0.15391247,-0.17466888,-0.13176009,-0.15419447,-0.15109587,-0.10913184,-0.15405358,-0.05825615,-0.14326635,-0.17082691,-0.15414193,-0.18883844,-0.15422188,-0.31316653,-0.15421355,-0.16808087,-0.14331596,-0.15421526,-0.15749645,-0.25088155,-0.1542222,-0.22115314,-0.07562123,-0.086852394,-0.10702289,-0.060967896,-0.1484806,-0.16796505,-0.15746465,-0.22133875,-0.12812386,-0.0969081,-0.16398169,-0.12716047,-0.11335766,-0.18846886,-0.12981944,-0.17755464,-0.0994983,-0.115196005,-0.15414293,-0.11662802,-0.19749595,-0.14526704,-0.12781724,-0.096878245,-0.15414274,-0.15732858,-0.12434345,-0.11230643,-0.063823454,-0.15408246,2.2595398,1.9979062,-0.24483351,-0.15422267,-0.15748939,-0.16344379,-0.1759062,-0.12524253,-0.15420996,-0.0782174,-0.19187105,-0.18185812,-0.09859173,-0.11065883,-0.15392855,-0.15721944,-0.083404,-0.1213824,-0.13072303,-0.13855581,-0.19385117,-0.15419057,-0.15749371,-0.19487974,-0.23847799,-0.2432746,-0.12954034,-0.1540452,-0.15746897,-0.14520228,-0.2961179,-0.15422203,-0.19813283,-0.12973848,-0.15416679,-0.060104962,-0.15931924,-0.15422049,-0.2028091,-0.2868003,-0.11816878,-0.14795661,-0.10060286,-0.15408608,-0.13614628,-0.20725825,-0.17393659,-0.125103,-0.15657571,-0.15690626,-0.15421928,-0.15749583,-0.16221246,-0.22200036,-0.12988096,-0.2814266,-0.154223,-0.1915083,-0.24371436,-0.16952515,-0.15414888,-0.13369927,-0.12557748,-0.15421656,-0.18106565,-0.15422279,-0.18642783,-0.15417433,-0.30462334,-0.15412652,-0.14691104,-0.13029914,-0.15421158,-0.1574851,-0.18915205,-0.12981266,-0.1542159,-0.10481856,-0.1650517,-0.15421405,-0.15749758,-0.15747279,-0.12947564,-0.15413153,-0.15746823,-0.15746024,-0.15747032,-0.15747735,-0.16505513,-0.17392421,-0.1542101,-0.1574913,-0.15748256,-0.15749174,-0.2025511,-0.15354379,-0.14723541,-0.15334988,-0.11499533,-0.10471026,-0.11893196,-0.15421325,-0.15743098,-0.12977773,2.3346453,-0.15422004,-0.18738703,-0.11705899,-0.17429145,-0.15421192,-0.06652963,-0.15400001,-0.10737923,-0.124497145,-0.15298569,-0.052188452,-0.26007295
k__Bacteria|p__Firmicutes|c__Bacilli|o__Bacillales|f__Staphylococcaceae|g__Staphylococcus|s__Staphylococcus_haemolyticus,-0.1004395,-0.12316422,-0.15407202,-0.15739429,-0.15739454,-0.23867357,-0.1666669,-0.16813041,-0.10929718,-0.22895765,-0.23728925,-0.15407673,-0.22850217,-0.3768707,-0.08556121,-0.15368178,-0.058144663,-0.15355907,-0.15733355,-0.19931981,-0.1978925,-0.12921898,-0.15404236,-0.12711628,-0.20043859,-0.11658599,-0.182019,-0.25032333,-0.1509206,-0.15404701,-0.15142563,-0.10844302,-0.18249588,-0.28454733,-0.15406373,-0.12939832,-0.15407439,-0.22338755,-0.15407708,-0.29867563,-0.15407714,-0.29356226,-0.12873948,-0.15393205,-0.13691942,-0.15407173,-0.23188588,-0.24781659,-0.1296162,-0.12940401,-0.24679694,-0.18279888,-0.25087595,-0.26027086,-0.28621647,-0.27511892,-0.11894142,-0.15399253,-0.040142577,-0.056944285,-0.15336838,-0.11274739,-0.13743341,-0.12929395,-0.15405577,-0.15739,-0.15739432,-0.15739495,-0.27573854,-0.1540381,-0.12929532,-0.16243835,-0.12334165,-0.14074792,-0.15404391,-0.15887658,-0.14481027,-0.12938371,-0.18691605,-0.14998752,-0.15406537,-0.15737367,-0.15738454,-0.15731968,-0.120334074,-0.13700745,-0.08858878,-0.15405962,-0.19008024,-0.15407047,-0.2004665,-0.11139822,-0.1388583,-0.13027036,-0.1074974,-0.15152657,-0.15397707,-0.15709403,-0.10065024,-0.08152827,-0.09427856,-0.15402499,-0.11960925,-0.15027548,-0.16982608,-0.1185138,-0.15404089,-0.15738842,-0.17738779,-0.15176103,-0.15407321,-0.25953975,-0.17989698,-0.13525523,-0.15407053,-0.15095688,-0.17780018,-0.2009549,-0.15405011,-0.09015879,-0.15378703,-0.12151222,-0.121854745,-0.13997786,-0.21433522,-0.13908121,-0.16057305,-0.1540015,-0.07092635,-0.15346278,-0.15663445,-0.18733518,-0.1538191,-0.12928265,-0.12334781,-0.14100276,-0.15403128,-0.114095174,-0.25318068,-0.26654312,-0.12857005,-0.10945694,-0.15402278,-0.09238048,-0.20963459,-0.15407073,-0.15731138,-0.12881787,-0.1540013,-0.16015086,-0.1553517,-0.15407494,-0.19704957,-0.20616047,-0.12828651,-0.10460003,-0.11361031,-0.10256614,-0.15406781,-0.19495486,-0.15404448,-0.12874551,-0.1539202,-0.041086134,-0.12967405,-0.15407369,-0.2300741,-0.15405309,-0.10384405,-0.15270083,-0.0784167,-0.15393636,-0.12766197,-0.15395603,-0.121451,-0.075820275,-0.09192432,-0.101488546,-0.15381736,-0.15730357,-0.12378413,-0.15392154,-0.1410757,-0.13984437,-0.18093297,-0.1540761,-0.25777104,-0.12844054,-0.15398833,-0.13462572,-0.119081676,-0.15404803,-0.15739042,-0.15739201,-0.15739308,-0.19755594,-0.25103784,-0.20219928,-0.19465852,-0.24831252,-0.20506537,-0.22091979,-0.15406151,-0.12901175,-0.11956477,-0.15405712,-0.1573869,-0.20931396,-0.18224281,-0.15404814,-0.32474133,-0.15407431,-0.15739563,-0.15739459,-0.15739423,-0.2185038,-0.15404731,-0.114121355,-0.15405048,-0.15738082,-0.15738711,-0.22984435,-0.15406834,-0.15736942,-0.08963354,-0.15397081,-0.15734905,-0.15736549,-0.15736715,-0.13302092,-0.1051107,-0.14014931,-0.15141064,-0.15839578,-0.15615125,-0.14613561,-0.15406492,-0.12319561,-0.12935695,-0.15403017,-0.15739545,-0.157395,-0.157395,-0.1573955,-0.38518023,-0.11451449,-0.15403764,-0.15564899,-0.14443555,-0.16636807,-0.15406981,-0.15732062,-0.12993515,-0.047159404,-0.14837149,-0.14016809,-0.14106366,-0.15393244,-0.19987361,-0.1649412,-0.17166539,-0.15404889,-0.15735576,-0.12722544,-0.14610182,-0.2588673,-0.12917218,-0.1539543,-0.09132757,-0.12832497,-0.13684332,-0.16221203,-0.15659244,-0.12861602,-0.15382877,-0.15730599,-0.15735233,-0.15738416,-0.15740095,-0.19795567,-0.15106063,-0.07294749,-0.2039893,-0.15403816,-0.15735115,-0.104459345,-0.15371369,-0.17466888,-0.13176009,-0.15404552,-0.15109587,-0.10913184,-0.15388891,-0.05825615,-0.14326635,-0.17082691,-0.15398702,-0.18883844,-0.15407535,-0.31316653,-0.1540659,-0.16808087,-0.14331596,-0.15406808,-0.15739217,-0.25088155,-0.1540757,-0.22115314,-0.07562123,-0.086852394,-0.10702289,-0.060967896,-0.1476785,-0.16796505,-0.15746465,-0.22133875,-0.12812386,-0.0969081,-0.16398169,-0.12716047,-0.11335766,-0.18846886,-0.12935077,-0.17755464,-0.0994983,-0.115196005,-0.15398827,-0.11662802,-0.19749595,-0.14526704,-0.12781724,-0.096878245,-0.1539889,-0.1572076,-0.12434345,-0.11230643,-0.063823454,-0.15392178,-0.11419349,-0.10007019,-0.24483351,-0.15407622,-0.15738416,-0.16344379,-0.1759062,-0.12524253,-0.1540623,-0.0782174,-0.19187105,-0.18185812,-0.09859173,-0.11065883,-0.15375349,-0.15708761,-0.083404,-0.1213824,-0.13072303,-0.13855581,-0.19385117,-0.15404056,-0.15738922,-0.19487974,-0.23847799,-0.2432746,-0.12903568,-0.1538808,-0.1573618,-0.14520228,-0.2961179,-0.1540755,-0.19813283,-0.12926088,-0.15401432,-0.060104962,-0.15931924,-0.1540738,-0.2028091,-0.2868003,-0.11816878,-0.14795661,-0.10060286,-0.15392499,-0.13614628,-0.20725825,-0.17393659,-0.125103,-0.15657571,-0.15690626,-0.15407248,-0.15739153,-0.16221246,2.0810184,-0.12941834,-0.2814266,-0.1540766,-0.1915083,-0.24371436,-0.16952515,-0.15399253,-0.13369927,-0.12557748,-0.15406947,-0.18106565,-0.15407637,-0.18642783,-0.15402156,-0.30462334,-0.15396932,-0.14691104,-0.13029914,-0.154064,-0.15737979,-0.18915205,-0.12934388,-0.15406881,-0.10481856,-0.1650517,-0.15406662,-0.15739346,-0.15736525,-0.12895608,-0.15397626,-0.15736082,-0.15735222,-0.1573632,-0.15737118,-0.16505513,-0.17392421,-0.1540623,-0.1573866,-0.15737689,-0.15738711,-0.2025511,-0.15354379,-0.14723541,-0.15310174,-0.11499533,-0.10471026,-0.11893196,-0.15406585,-0.15731823,-0.129306,-0.19501048,-0.1540733,-0.18738703,-0.11705899,-0.17429145,-0.15406406,-0.06652963,-0.1538319,-0.10737923,-0.124497145,-0.15298569,-0.052188452,-0.26007295
k__Bacteria|p__Firmicutes|c__Clostridia|o__Eubacteriales|f__Lachnospiraceae|g__Anaerobutyricum|s__Anaerobutyricum_hallii,-0.1004395,-0.12316422,-0.1541456,-0.15742463,-0.15742487,-0.23867357,-0.1666669,-0.16813041,-0.10929718,-0.22895765,-0.23728925,-0.1541501,-0.22850217,-0.3768707,-0.08556121,-0.15377693,-0.058144663,-0.15365243,-0.15736672,-0.19931981,-0.1978925,-0.12962013,-0.1541171,-0.12711628,-0.20043859,-0.11658599,-0.182019,-0.25032333,-0.1509206,-0.15412165,-0.15142563,-0.10844302,-0.18249588,-0.28454733,-0.15413758,-0.1297927,-0.15414783,-0.22338755,-0.15415043,-0.29867563,-0.15415049,6.9904194,-0.1291658,-0.1540122,-0.13691942,-0.15414529,-0.23188588,-0.24781659,-0.1296162,-0.12979814,-0.24679694,-0.18279888,-0.25087595,-0.26027086,-0.28621647,-0.27511892,-0.11894142,-0.15406951,-0.040142577,-0.056944285,-0.15347415,-0.11274739,-0.13743341,-0.12969345,-0.15413016,-0.1574205,-0.15742466,-0.15742527,-0.27573854,-0.15411368,-0.12969415,-0.16243835,-0.12334165,-0.14074792,-0.1541186,-0.15887658,-0.14481027,-0.12977827,-0.18691605,-0.14998752,-0.15413922,-0.1574049,-0.15741536,-0.15735373,-0.120334074,-0.13700745,-0.08858878,-0.15413368,-0.19008024,-0.15414408,-0.2004665,-0.11139822,-0.1388583,-0.13027036,-0.1074974,-0.15152657,-0.15405446,-0.15714711,-0.10065024,-0.08152827,-0.09427856,-0.15410042,-0.11960925,-0.15027548,-0.16982608,-0.1185138,-0.1541159,-0.157419,-0.17738779,-0.15176103,-0.15414673,-0.25953975,-0.17989698,-0.13525523,-0.15414414,-0.15095688,-0.17780018,-0.2009549,-0.15412489,-0.09015879,-0.15387183,-0.12151222,-0.121854745,-0.13997786,-0.21433522,-0.13908121,-0.16057305,-0.15407789,-0.07092635,-0.15356463,-0.1567035,-0.18733518,-0.15390684,-0.12968472,-0.12334781,-0.14100276,-0.15410654,-0.114095174,-0.25318068,-0.26654312,-0.1290103,-0.10945694,-0.15409833,-0.09238048,-0.20963459,-0.15414435,-0.15734603,-0.12925236,-0.1540783,-0.16015086,-0.1553517,-0.15414838,-0.19704957,-0.20616047,-0.1287325,-0.10460003,-0.11361031,-0.10256614,-0.1541415,-0.19495486,-0.15411898,-0.12918279,-0.15399994,-0.041086134,-0.12967405,-0.15414721,-0.2300741,-0.15412721,-0.10384405,-0.15284538,-0.0784167,-0.15401646,-0.12766197,-0.15403458,-0.121451,-0.075820275,-0.09192432,-0.101488546,-0.15390193,-0.15733759,-0.12378413,-0.15400484,-0.1410757,-0.13984437,-0.18093297,-0.1541495,-0.25777104,-0.12844054,-0.15406564,-0.13462572,-0.119081676,-0.1541225,-0.15742093,-0.15742245,-0.1574235,-0.19755594,-0.25103784,-0.20219928,-0.19465852,-0.24831252,-0.20506537,-0.22091979,-0.15413557,-0.12943503,-0.11956477,-0.15413123,-0.15741757,-0.20931396,-0.18224281,-0.15412307,-0.32474133,-0.15414777,-0.15742591,-0.15742493,-0.15742457,-0.2185038,-0.15412223,-0.114121355,-0.15412515,-0.1574119,-0.15741777,-0.22984435,-0.15414202,-0.15740159,-0.08963354,-0.15404907,-0.15738109,-0.15739717,-0.15739849,-0.13302092,-0.1051107,-0.14014931,-0.15141064,-0.15839578,-0.15615125,-0.14613561,-0.1541387,-0.12319561,-0.12975323,-0.1541058,-0.15742575,-0.15742531,-0.15742533,-0.15742579,-0.38518023,-0.11451449,-0.15411267,-0.15564899,-0.14443555,-0.16636807,-0.1541435,-0.15735461,-0.12993515,-0.047159404,-0.14873292,-0.14016809,-0.14106366,-0.15401208,-0.19987361,-0.1649412,-0.17166539,-0.15412337,-0.15738745,-0.12722544,-0.14610182,-0.2588673,-0.12957746,-0.15403274,-0.09132757,-0.12832497,-0.13684332,-0.16221203,-0.15659244,-0.12906277,-0.1539141,-0.15734,-0.15738437,-0.1574149,-0.15740095,-0.19795567,-0.15106063,-0.07294749,-0.2039893,-0.15411331,-0.15738314,-0.104459345,-0.15381776,-0.17466888,-0.13176009,-0.15412,-0.15109587,-0.10913184,-0.15397125,-0.05825615,-0.14326635,-0.17082691,-0.15406436,-0.18883844,-0.15414879,-0.31316653,-0.15413986,-0.16808087,-0.14331596,-0.15414178,-0.15742262,-0.25088155,-0.15414912,-0.22115314,-0.07562123,-0.086852394,-0.10702289,-0.060967896,-0.14806327,-0.16796505,-0.15746465,-0.22133875,-0.12812386,-0.0969081,-0.16398169,-0.12716047,-0.11335766,-0.18846886,-0.12974724,-0.17755464,-0.0994983,-0.115196005,-0.15406546,-0.11662802,-0.19749595,-0.14526704,-0.12781724,-0.096878245,-0.15406558,-0.15724574,-0.12434345,-0.11230643,-0.063823454,-0.15400213,-0.11419349,-0.10007019,-0.24483351,-0.15414959,-0.15741485,-0.16344379,-0.1759062,-0.12524253,-0.15413621,-0.0782174,-0.19187105,-0.18185812,-0.09859173,-0.11065883,-0.15384,-0.15713084,-0.083404,-0.1213824,-0.13072303,-0.13855581,-0.19385117,-0.15411562,-0.15741977,-0.19487974,-0.23847799,-0.2432746,-0.12945038,-0.15396258,-0.1573936,-0.14520228,-0.2961179,-0.15414894,-0.19813283,-0.12966117,-0.15409055,-0.060104962,-0.15931924,-0.1541473,-0.2028091,-0.2868003,-0.11816878,-0.14795661,-0.10060286,-0.15400523,-0.13614628,-0.20725825,-0.17393659,-0.125103,-0.15657571,-0.15690626,-0.15414603,-0.15742198,-0.16221246,-0.22200036,-0.12981191,-0.2814266,-0.15414998,-0.1915083,-0.24371436,-0.16952515,-0.1540702,-0.13369927,-0.12557748,-0.15414315,-0.18106565,-0.15414974,-0.18642783,-0.1540978,-0.30462334,-0.15404779,-0.14691104,-0.13029914,-0.15413791,-0.15741071,-0.18915205,-0.1297398,-0.15414247,-0.10481856,-0.1650517,-0.15414046,-0.15742384,-0.1573968,-0.12938169,-0.15405369,-0.15739277,-0.15738446,-0.157395,-0.15740256,-0.16505513,-0.17392421,-0.15413633,-0.15741725,-0.157408,-0.15741773,-0.2025511,-0.15354379,-0.14723541,-0.15322368,-0.11499533,-0.10471026,-0.11893196,-0.15413968,-0.15735237,-0.12970409,-0.19501048,-0.15414682,-0.18738703,-0.11705899,-0.17429145,-0.15413773,-0.06652963,-0.15391587,-0.10737923,-0.124497145,-0.15298569,-0.052188452,-0.26007295
k__Bacteria|p__Firmicutes|c__Clostridia|o__Eubacteriales|f__Lachnospiraceae|g__Dorea|s__Dorea_phocaeensis,-0.1004395,-0.12316422,-0.15432753,-0.15761417,-0.15761444,-0.23867357,-0.1666669,-0.16813041,-0.10929718,-0.22895765,-0.23728925,-0.15433195,-0.22850217,-0.3768707,-0.08556121,-0.15395816,-0.058144663,-0.15383208,-0.15755695,-0.19931981,-0.1978925,-0.12974823,-0.15429923,-0.12711628,-0.20043859,-0.11658599,-0.182019,-0.25032333,-0.1509206,-0.154304,-0.15142563,-0.10844302,-0.18249588,-0.28454733,-0.15431993,-0.12991746,-0.15432972,-0.22338755,-0.15433228,-0.29867563,-0.15433232,2.6831825,-0.12928823,-0.15419668,-0.13691942,-0.15432715,-0.23188588,-0.24781659,-0.1296162,-0.12992305,-0.24679694,-0.18279888,-0.25087595,-0.26027086,-0.28621647,-0.27511892,-0.11894142,-0.15425208,-0.040142577,-0.056944285,-0.15366516,-0.11274739,-0.13743341,-0.12982135,-0.15431237,-0.15761006,-0.15761426,-0.15761483,-0.27573854,-0.15429714,-0.12982054,-0.16243835,-0.12334165,-0.14074792,-0.15430063,-0.15887658,-0.14481027,-0.12990332,-0.18691605,-0.14998752,-0.15432116,-0.15759465,-0.15760511,-0.15754652,-0.120334074,-0.13700745,-0.08858878,-0.15431565,-0.19008024,-0.15432596,-0.2004665,-0.11139822,-0.1388583,-0.13027036,-0.1074974,-0.15152657,-0.15423691,-0.15734704,-0.10065024,-0.08152827,-0.09427856,-0.15428257,-0.11960925,-0.15027548,-0.16982608,-0.1185138,-0.15429832,-0.1576086,-0.17738779,-0.15176103,-0.15432864,-0.25953975,-0.17989698,-0.13525523,-0.15432602,-0.15095688,-0.17780018,-0.2009549,-0.15430814,-0.09015879,-0.15405443,-0.12151222,-0.121854745,-0.13997786,-0.21433522,-0.13908121,-0.16057305,-0.1542601,-0.07092635,-0.15374923,-0.1569086,-0.18733518,-0.1540955,-0.12981334,-0.12334781,-0.14100276,-0.15428868,-0.114095174,-0.25318068,-0.26654312,-0.12914632,-0.10945694,-0.15428041,-0.09238048,-0.20963459,-0.1543262,-0.15753913,-0.12937923,-0.15426102,-0.16015086,-0.1553517,-0.15433024,-0.19704957,-0.20616047,-0.12886678,-0.10460003,-0.11361031,-0.10256614,-0.15432334,-0.19495486,-0.15430185,-0.12932102,-0.15418196,-0.041086134,-0.12967405,-0.15432914,-0.2300741,-0.15431005,-0.10384405,-0.15303305,-0.0784167,-0.15419973,-0.12766197,-0.15421714,-0.121451,-0.075820275,-0.09192432,-0.101488546,-0.15408589,-0.15752748,-0.12378413,-0.15418966,-0.1410757,-0.13984437,-0.18093297,-0.15433136,-0.25777104,-0.12844054,-0.15425047,-0.13462572,-0.119081676,-0.15430439,-0.15761054,-0.15761206,-0.15761307,-0.19755594,-0.25103784,-0.20219928,-0.19465852,-0.24831252,-0.20506537,-0.22091979,-0.15431789,-0.12956472,-0.11956477,-0.15431315,-0.15760723,-0.20931396,-0.18224281,-0.15430576,-0.32474133,-0.15432963,-0.15761545,-0.15761447,-0.15761414,-0.2185038,-0.15430526,-0.114121355,-0.15430751,-0.15760186,-0.15760744,-0.22984435,-0.15432388,-0.1575926,-0.08963354,-0.15423222,-0.15757073,-0.15758714,-0.15758803,-0.13302092,-0.1051107,-0.14014931,-0.15141064,-0.15839578,-0.15615125,-0.14613561,-0.15432052,-0.12319561,-0.12987861,-0.15428844,-0.1576153,-0.15761489,-0.15761489,-0.15761536,-0.38518023,-0.11451449,-0.15429488,-0.15564899,-0.14443555,-0.16636807,-0.15432546,-0.15754673,-0.12993515,-0.047159404,-0.14901607,-0.14016809,-0.14106366,-0.15419534,-0.19987361,-0.1649412,-0.17166539,-0.15430537,-0.15757689,-0.12722544,-0.14610182,-0.2588673,-0.12970555,-0.1542154,-0.09132757,-0.12832497,-0.13684332,-0.16221203,-0.15659244,-0.12919983,-0.15409952,-0.15753026,-0.15757412,-0.15760452,-0.15740095,-0.19795567,-0.15106063,-0.07294749,-0.2039893,-0.15429571,-0.15757272,-0.104459345,-0.15402687,-0.17466888,-0.13176009,-0.15430179,-0.15109587,-0.10913184,-0.15415537,-0.05825615,-0.14326635,-0.17082691,-0.1542472,-0.18883844,-0.15433067,-0.31316653,-0.15432207,-0.16808087,-0.14331596,-0.1543237,-0.15761226,-0.25088155,-0.154331,-0.22115314,-0.07562123,-0.086852394,-0.10702289,-0.060967896,-0.14835748,-0.16796505,-0.15746465,-0.22133875,-0.12812386,-0.0969081,-0.16398169,-0.12716047,-0.11335766,-0.18846886,-0.1298728,-0.17755464,-0.0994983,-0.115196005,-0.15424815,-0.11662802,-0.19749595,-0.14526704,-0.12781724,-0.096878245,-0.15424758,-0.15743671,-0.12434345,-0.11230643,-0.063823454,-0.15418515,-0.11419349,-0.10007019,-0.24483351,-0.15433145,-0.15760496,-0.16344379,-0.1759062,-0.12524253,-0.15431812,-0.0782174,-0.19187105,-0.18185812,-0.09859173,-0.11065883,-0.15402308,-0.15732217,-0.083404,-0.1213824,-0.13072303,-0.13855581,-0.19385117,-0.15429804,-0.15760937,-0.19487974,-0.23847799,-0.2432746,-0.12957543,-0.1541459,-0.15758356,-0.14520228,-0.2961179,-0.15433079,-0.19813283,-0.12978947,-0.15427324,-0.060104962,-0.15931924,-0.15432918,-0.2028091,-0.2868003,-0.11816878,-0.14795661,-0.10060286,-0.1541891,-0.13614628,-0.20725825,-0.17393659,-0.125103,-0.15657571,-0.15690626,-0.15432793,-0.15761155,-0.16221246,-0.22200036,-0.12993668,-0.2814266,-0.15433183,-0.1915083,-0.24371436,-0.16952515,-0.15425578,-0.13369927,-0.12557748,-0.15432511,-0.18106565,-0.1543316,-0.18642783,-0.15428178,-0.30462334,-0.15423135,-0.14691104,-0.13029914,-0.15431987,-0.15760034,-0.18915205,-0.12986547,-0.15432435,-0.10481856,-0.1650517,-0.15432248,-0.1576134,-0.15758792,-0.12951097,-0.15423599,-0.15758291,-0.15757455,-0.15758511,-0.15759236,-0.16505513,-0.17392421,-0.15431838,-0.15760684,-0.15759772,-0.15760732,-0.2025511,-0.15354379,-0.14723541,-0.15342459,-0.11499533,-0.10471026,-0.11893196,-0.15432164,-0.15754443,-0.1298288,-0.19501048,-0.15432873,-0.18738703,-0.11705899,-0.17429145,-0.15432025,-0.06652963,-0.15409836,-0.10737923,-0.124497145,-0.15298569,-0.052188452,-0.26007295
k__Bacteria|p__Firmicutes|c__Clostridia|o__Eubacteriales|f__Oscillospiraceae|g__Neobittarella|s__Neobittarella_massiliensis,-0.1004395,-0.12316422,-0.15413362,-0.15745416,-0.15745446,-0.23867357,-0.1666669,-0.16813041,-0.10929718,-0.22895765,-0.23728925,-0.15413892,-0.22850217,-0.3768707,-0.08556121,-0.15369397,-0.058144663,-0.15355086,-0.1573854,-0.19931981,-0.1978925,-0.12927759,-0.15409991,-0.12711628,-0.20043859,-0.11658599,-0.182019,-0.25032333,-0.1509206,-0.15410517,-0.15142563,-0.10844302,-0.18249588,-0.28454733,-0.15412423,-0.12947321,-0.1541363,-0.22338755,-0.15413934,-0.29867563,-0.15413943,-0.29356226,-0.12876008,-0.15397507,-0.13691942,-0.15413326,-0.23188588,-0.24781659,-0.1296162,-0.12947957,-0.24679694,-0.18279888,-0.25087595,-0.26027086,-0.28621647,-0.27511892,-0.11894142,-0.15404376,-0.040142577,-0.056944285,-0.1533365,-0.11274739,-0.13743341,-0.12936044,-0.15411526,-0.1574493,-0.1574542,-0.15745494,-0.27573854,-0.15409577,-0.12936042,-0.16243835,-0.12334165,-0.14074792,-0.15410167,-0.15887658,-0.14481027,-0.1294571,-0.18691605,-0.14998752,-0.15412608,-0.1574308,-0.15744317,-0.15736917,-0.120334074,-0.13700745,-0.08858878,-0.15411955,-0.19008024,-0.15413183,-0.2004665,-0.11139822,-0.1388583,-0.13027036,-0.1074974,-0.15152657,-0.15402596,-0.15711865,-0.10065024,-0.08152827,-0.09427856,-0.15408021,-0.11960925,-0.15027548,-0.16982608,-0.1185138,-0.15409829,-0.1574475,-0.17738779,-0.15176103,-0.15413496,-0.25953975,-0.17989698,-0.13525523,-0.15413192,-0.15095688,-0.17780018,-0.2009549,-0.15410888,-0.09015879,-0.15381053,-0.12151222,-0.121854745,-0.13997786,-0.21433522,-0.13908121,-0.16057305,-0.15405363,-0.07092635,-0.15344383,-0.1565955,-0.18733518,-0.15384756,-0.1293537,-0.12334781,-0.14100276,-0.1540874,-0.114095174,-0.25318068,-0.26654312,-0.12859817,-0.10945694,-0.15407774,-0.09238048,-0.20963459,-0.15413216,-0.15735908,-0.12885907,-0.15405351,-0.16015086,-0.1553517,-0.15413693,-0.19704957,-0.20616047,-0.12829234,-0.10460003,-0.11361031,-0.10256614,-0.15412882,-0.19495486,-0.15410209,-0.12879059,-0.15396103,-0.041086134,-0.12967405,-0.15413551,-0.2300741,-0.15411174,-0.10384405,-0.15258484,-0.0784167,-0.15398017,-0.12766197,-0.15400222,-0.121451,-0.075820275,-0.09192432,-0.101488546,-0.15384617,-0.15735129,-0.12378413,-0.15396339,-0.1410757,-0.13984437,-0.18093297,-0.15413824,-0.25777104,-0.12844054,-0.15403879,-0.13462572,-0.119081676,-0.15410636,-0.15744981,-0.15745158,-0.1574528,-0.19755594,-0.25103784,-0.20219928,-0.19465852,-0.24831252,-0.20506537,-0.22091979,-0.15412164,-0.12906791,-0.11956477,-0.15411666,-0.15744579,-0.20931396,-0.18224281,-0.15410665,-0.32474133,-0.15413621,-0.15745568,-0.15745452,-0.1574541,-0.2185038,-0.15410581,-0.114121355,-0.15410927,-0.157439,-0.15744601,-0.22984435,-0.15412942,-0.15742663,-0.08963354,-0.15401924,-0.1574028,-0.15742157,-0.15742332,-0.13302092,-0.1051107,-0.14014931,-0.15141064,-0.15839578,-0.15615125,-0.14613561,-0.15412551,-0.12319561,-0.1294269,-0.15408629,-0.1574555,-0.15745498,-0.157455,-0.15745553,-0.38518023,-0.11451449,-0.1540946,-0.15564899,-0.14443555,-0.16636807,-0.15413111,-0.15737051,-0.12993515,-0.047159404,-0.1476806,-0.14016809,-0.14106366,-0.15397534,-0.19987361,-0.1649412,-0.17166539,-0.15410736,-0.15741035,-0.12722544,-0.14610182,-0.2588673,-0.1292322,-0.15400046,-0.09132757,-0.12832497,-0.13684332,-0.16221203,-0.15659244,-0.12866169,-0.15385944,-0.15735419,-0.15740652,-0.15744266,-0.15740095,-0.19795567,-0.15106063,-0.07294749,-0.2039893,-0.1540953,-0.15740523,-0.104459345,-0.15375632,-0.17466888,-0.13176009,-0.15410346,-0.15109587,-0.10913184,-0.15392745,-0.05825615,-0.14326635,-0.17082691,-0.15403733,-0.18883844,-0.15413737,2.1642516,-0.15412673,-0.16808087,-0.14331596,-0.15412915,-0.15745178,-0.25088155,-0.15413779,-0.22115314,-0.07562123,-0.086852394,-0.10702289,-0.060967896,-0.14690006,-0.16796505,-0.15746465,-0.22133875,-0.12812386,-0.0969081,-0.16398169,-0.12716047,-0.11335766,-0.18846886,-0.12942079,-0.17755464,-0.0994983,-0.115196005,-0.1540387,-0.11662802,-0.19749595,-0.14526704,-0.12781724,-0.096878245,-0.15403931,-0.15724291,-0.12434345,-0.11230643,-0.063823454,-0.15396383,-0.11419349,-0.10007019,-0.24483351,-0.15413836,-0.15744242,-0.16344379,-0.1759062,-0.12524253,-0.15412256,-0.0782174,-0.19187105,-0.18185812,-0.09859173,-0.11065883,-0.1537724,-0.15710652,-0.083404,-0.1213824,-0.13072303,-0.13855581,-0.19385117,-0.15409797,-0.15744841,-0.19487974,-0.23847799,-0.2432746,-0.1290746,-0.15391716,-0.15741734,-0.14520228,-0.2961179,-0.15413757,-0.19813283,-0.12932484,-0.15406838,-0.060104962,-0.15931924,-0.15413561,-0.2028091,-0.2868003,-0.11816878,-0.14795661,-0.10060286,-0.15396719,-0.13614628,-0.20725825,-0.17393659,-0.125103,-0.15657571,-0.15690626,-0.15413414,-0.15745103,-0.16221246,-0.22200036,-0.12949564,-0.2814266,-0.1541388,-0.1915083,-0.24371436,-0.16952515,-0.15404317,-0.13369927,-0.12557748,-0.1541307,-0.18106565,-0.15413854,-0.18642783,-0.15407649,-0.30462334,-0.15401739,-0.14691104,-0.13029914,-0.15412453,-0.15743771,-0.18915205,-0.1294125,-0.15412995,-0.10481856,-0.1650517,-0.15412751,-0.15745322,-0.15742075,-0.12899747,-0.15402502,-0.1574163,-0.15740661,-0.15741901,-0.15742803,-0.16505513,-0.17392421,-0.15412262,-0.15744546,-0.15743446,-0.157446,-0.2025511,-0.15354379,-0.14723541,-0.15303662,-0.11499533,-0.10471026,-0.11893196,-0.15412658,-0.15736717,-0.12937078,-0.19501048,-0.15413508,-0.18738703,-0.11705899,-0.17429145,-0.15412413,-0.06652963,-0.1538617,-0.10737923,-0.124497145,-0.15298569,-0.052188452,-0.26007295
k__Bacteria|p__Firmicutes|c__Clostridia|o__Eubacteriales|f__Oscillospiraceae|g__Ruminococcus|s__Ruminococcus_sp_AF13_28,-0.1004395,-0.12316422,-0.15375312,-0.15708244,-0.15708284,-0.23867357,-0.1666669,-0.16813041,-0.10929718,-0.22895765,-0.23728925,-0.1537601,-0.22850217,-0.3768707,-0.08556121,-0.15318415,-0.058144663,-0.15299338,-0.15699248,-0.19931981,-0.1978925,-0.12876338,-0.15370908,-0.12711628,-0.20043859,-0.11658599,-0.182019,-0.25032333,-0.1509206,-0.15371597,-0.15142563,-0.10844302,-0.18249588,-0.28454733,-0.15374088,-0.12902838,-0.15375662,-0.22338755,-0.15376063,-0.29867563,-0.15376072,-0.29356226,-0.12806264,-0.1535455,-0.13691942,-0.15375268,-0.23188588,-0.24781659,-0.1296162,-0.12903666,-0.24679694,-0.18279888,-0.25087595,-0.26027086,-0.28621647,-0.27511892,-0.11894142,-0.15363525,-0.040142577,-0.056944285,-0.15270787,-0.11274739,-0.13743341,-0.12887174,-0.153729,-0.15707606,-0.1570825,-0.15708345,-0.27573854,-0.15370268,-0.1288768,-0.16243835,-0.12334165,-0.14074792,-0.15371126,-0.15887658,-0.14481027,-0.12900674,-0.18691605,-0.14998752,-0.15374324,-0.1570518,-0.15706798,-0.1569731,-0.120334074,-0.13700745,-0.08858878,-0.15373465,-0.19008024,-0.15375078,-0.2004665,-0.11139822,-0.1388583,-0.13027036,-0.1074974,-0.15152657,-0.15361178,-0.15664788,-0.10065024,-0.08152827,-0.09427856,-0.15368322,-0.11960925,-0.15027548,-0.16982608,-0.1185138,-0.15370697,-0.15707374,-0.17738779,-0.15176103,-0.15375489,-0.25953975,-0.17989698,-0.13525523,-0.15375088,-0.15095688,-0.17780018,-0.2009549,-0.1537208,-0.09015879,-0.15332994,-0.12151222,-0.121854745,-0.13997786,-0.21433522,-0.13908121,-0.16057305,-0.15364833,-0.07092635,-0.15285449,-0.15595573,-0.18733518,-0.15338048,-0.12885481,-0.12334781,-0.14100276,-0.15369254,-0.114095174,-0.25318068,-0.26654312,-0.12780675,-0.10945694,-0.15367994,-0.09238048,-0.20963459,-0.1537512,-0.15695956,-0.1281833,-0.15364864,-0.16015086,-0.1553517,-0.15375745,-0.19704957,-0.20616047,-0.12738183,-0.10460003,-0.11361031,-0.10256614,-0.15374683,-0.19495486,-0.1537123,-0.12805441,-0.15352833,-0.041086134,-0.12967405,-0.1537556,3.0514984,-0.15372486,-0.10384405,-0.15174016,-0.0784167,-0.15355247,-0.12766197,-0.1535809,-0.121451,-0.075820275,-0.09192432,-0.101488546,-0.153375,-0.15694769,-0.12378413,-0.15353921,-0.1410757,-0.13984437,-0.18093297,-0.15375918,3.6754618,-0.12844054,-0.1536293,-0.13462572,-0.119081676,-0.1537174,-0.15707672,-0.15707907,-0.15708068,-0.19755594,-0.25103784,-0.20219928,-0.19465852,-0.24831252,-0.20506537,-0.22091979,-0.15373755,-0.12846017,-0.11956477,-0.15373096,-0.1570715,-0.20931396,-0.18224281,-0.1537182,-0.32474133,-0.1537565,-0.15708447,-0.15708292,-0.15708238,-0.2185038,-0.15371716,-0.114121355,-0.15372121,-0.1570625,-0.15707183,-0.22984435,-0.15374762,-0.1570462,-0.08963354,-0.15360305,-0.15701512,-0.15703967,-0.15704203,-0.13302092,-0.1051107,-0.14014931,-0.15141064,-0.15839578,-0.15615125,-0.14613561,-0.15374252,-0.12319561,-0.12896666,-0.15369098,-0.1570842,-0.15708354,-0.15708354,-0.15708426,-0.38518023,-0.11451449,-0.15370199,-0.15564899,-0.14443555,-0.16636807,-0.15374982,-0.15697321,-0.12993515,-0.047159404,-0.14530258,-0.14016809,-0.14106366,-0.15354559,-0.19987361,-0.1649412,-0.17166539,-0.15371868,-0.15702507,-0.12722544,-0.14610182,-0.2588673,-0.12869635,-0.15357831,-0.09132757,-0.12832497,-0.13684332,-0.16221203,-0.15659244,-0.12788245,-0.1533936,-0.15695125,-0.15702014,-0.1570674,-0.15740095,-0.19795567,-0.15106063,-0.07294749,-0.2039893,-0.15370286,-0.15701826,-0.104459345,-0.15322882,-0.17466888,-0.13176009,-0.15371364,-0.15109587,-0.10913184,-0.15348223,-0.05825615,-0.14326635,-0.17082691,-0.15362677,-0.18883844,-0.15375805,-0.31316653,-0.15374404,-0.16808087,-0.14331596,-0.15374723,-0.15707932,-0.25088155,-0.15375859,-0.22115314,-0.07562123,-0.086852394,-0.10702289,-0.060967896,-0.14426053,-0.16796505,-0.15746465,-0.22133875,-0.12812386,-0.0969081,-0.16398169,-0.12716047,-0.11335766,-0.18846886,-0.12895784,-0.17755464,-0.0994983,-0.115196005,-0.1536287,-0.11662802,-0.19749595,-0.14526704,-0.12781724,-0.096878245,-0.15362954,-0.15680505,-0.12434345,-0.11230643,-0.063823454,-0.15353054,-0.11419349,-0.10007019,-0.24483351,-0.15375935,-0.15706745,-0.16344379,-0.1759062,-0.12524253,-0.15373865,-0.0782174,-0.19187105,-0.18185812,-0.09859173,-0.11065883,-0.1532802,-0.1566273,-0.083404,-0.1213824,-0.13072303,-0.13855581,-0.19385117,-0.15370639,-0.15707491,-0.19487974,-0.23847799,-0.2432746,-0.12848896,-0.15346918,-0.15703425,-0.14520228,-0.2961179,-0.1537583,-0.19813283,-0.12882456,-0.15366751,-0.060104962,-0.15931924,-0.15375575,-0.2028091,-0.2868003,-0.11816878,-0.14795661,-0.10060286,-0.15353476,-0.13614628,-0.20725825,-0.17393659,-0.125103,-0.15657571,-0.15690626,-0.15375379,-0.15707837,-0.16221246,-0.22200036,-0.12905794,-0.2814266,-0.15375993,-0.1915083,-0.24371436,-0.16952515,-0.15363608,-0.13369927,-0.12557748,-0.15374932,-0.18106565,-0.15375957,-0.18642783,-0.15367876,-0.30462334,-0.15360059,-0.14691104,-0.13029914,-0.15374118,-0.15706086,-0.18915205,-0.12894762,-0.15374833,-0.10481856,-0.1650517,-0.15374509,-0.15708122,-0.15703945,-0.12837312,-0.15361075,-0.15703277,-0.15701994,-0.15703629,-0.15704818,-0.16505513,-0.17392421,-0.15373868,-0.15707102,-0.1570566,-0.15707177,-0.2025511,-0.15354379,-0.14723541,-0.15231287,-0.11499533,-0.10471026,-0.11893196,-0.15374392,-0.15697095,-0.12889251,-0.19501048,-0.15375501,-0.18738703,-0.11705899,-0.17429145,-0.1537415,-0.06652963,-0.15339828,-0.10737923,-0.124497145,-0.15298569,-0.052188452,-0.26007295
k__Bacteria|p__Firmicutes|c__Clostridia|o__Eubacteriales|f__Eubacteriales_Family_XIII_Incertae_Sedis|g__Mogibacterium|s__Mogibacterium_sp_NSJ_24,-0.1004395,-0.12316422,-0.15476668,-0.15810648,-0.15810674,-0.23867357,-0.1666669,-0.16813041,-0.10929718,-0.22895765,-0.23728925,-0.15477182,-0.22850217,-0.3768707,-0.08556121,-0.15434927,-0.058144663,-0.15420935,-0.15804027,-0.19931981,-0.1978925,-0.12977341,-0.15473434,-0.12711628,-0.20043859,-0.11658599,-0.182019,-0.25032333,-0.1509206,-0.15473932,-0.15142563,-0.10844302,-0.18249588,-0.28454733,-0.15475771,-0.12996356,-0.15476927,-0.22338755,-0.1547722,-0.29867563,-0.15477227,-0.29356226,-0.12927534,-0.15461382,-0.13691942,-0.15476635,-0.23188588,-0.24781659,-0.1296162,-0.12996951,-0.24679694,-0.18279888,-0.25087595,-0.26027086,-0.28621647,-0.27511892,-0.11894142,-0.15468018,-0.040142577,-0.056944285,-0.1539968,-0.11274739,-0.13743341,-0.1298533,-0.15474892,-0.1581018,-0.1581065,-0.15810719,-0.27573854,-0.15472999,-0.1298538,-0.16243835,-0.12334165,-0.14074792,-0.15473597,-0.15887658,-0.14481027,-0.12994796,-0.18691605,-0.14998752,-0.15475944,-0.15808395,-0.1580958,-0.15802602,-0.120334074,-0.13700745,-0.08858878,-0.15475315,-0.19008024,-0.15476498,-0.2004665,-0.11139822,-0.1388583,-0.13027036,-0.1074974,-0.15152657,-0.15466309,-0.15778983,-0.10065024,-0.08152827,-0.09427856,-0.15471543,-0.11960925,-0.15027548,-0.16982608,-0.1185138,-0.15473264,-0.15810007,-0.17738779,-0.15176103,-0.15476799,-0.25953975,-0.17989698,-0.13525523,-0.15476505,-0.15095688,-0.17780018,-0.2009549,-0.15474293,-0.09015879,-0.1544564,-0.12151222,-0.121854745,-0.13997786,-0.21433522,-0.13908121,-0.16057305,-0.1546899,-0.07092635,-0.1541055,-0.1572743,-0.18733518,-0.1544903,-0.12984501,-0.12334781,-0.14100276,-0.15472221,-0.114095174,-0.25318068,-0.26654312,-0.12910432,-0.10945694,-0.154713,-0.09238048,-0.20963459,-0.15476528,-0.15801544,-0.12936744,-0.15468976,-0.16015086,-0.1553517,-0.15476988,-0.19704957,-0.20616047,-0.12879266,-0.10460003,-0.11361031,-0.10256614,-0.15476207,-0.19495486,-0.15473683,-0.12928864,-0.15460157,-0.041086134,-0.12967405,-0.1547685,-0.2300741,-0.15474606,-0.10384405,-0.15328774,-0.0784167,-0.15461929,-0.12766197,-0.15464036,-0.121451,-0.075820275,-0.09192432,-0.101488546,-0.15448987,-0.15800768,-0.12378413,-0.15460682,-0.1410757,-0.13984437,-0.18093297,-0.15477113,-0.25777104,-0.12844054,-0.15467551,-0.13462572,-0.119081676,-0.15474057,-0.15810226,-0.158104,-0.15810516,-0.19755594,-0.25103784,-0.20219928,-0.19465852,-0.24831252,-0.20506537,-0.22091979,-0.15475519,-0.12956749,-0.11956477,-0.15475044,-0.1580984,-0.20931396,-0.18224281,-0.15474088,-0.32474133,-0.15476918,-0.15810794,-0.1581068,-0.15810642,-0.2185038,-0.15473992,-0.114121355,-0.15474313,-0.15809172,-0.15809864,-0.22984435,-0.15476267,-0.15807977,-0.08963354,-0.15465644,-0.15805715,-0.15807495,-0.15807688,-0.13302092,-0.1051107,-0.14014931,-0.15141064,-0.15839578,-0.15615125,-0.14613561,-0.15475895,-0.12319561,-0.12991892,-0.15472084,-0.15810776,-0.15810725,-0.15810725,-0.15810779,-0.38518023,-0.11451449,-0.1547291,-0.15564899,-0.14443555,-0.16636807,-0.15476424,-0.15802577,-0.12993515,-0.047159404,-0.14852488,-0.14016809,-0.14106366,-0.15461403,-0.19987361,-0.1649412,-0.17166539,-0.15474144,-0.15806448,-0.12722544,-0.14610182,-0.2588673,-0.1297287,-0.15463865,-0.09132757,-0.12832497,-0.13684332,-0.16221203,-0.15659244,-0.12916909,-0.15450233,-0.15801023,-0.15806073,-0.15809542,-0.15740095,-0.19795567,-0.15106063,-0.07294749,-0.2039893,-0.15472966,-0.15805954,-0.104459345,-0.1543886,-0.17466888,-0.13176009,-0.1547378,-0.15109587,-0.10913184,-0.15456843,-0.05825615,-0.14326635,-0.17082691,-0.15467378,-0.18883844,-0.15477031,-0.31316653,-0.15475994,-0.16808087,-0.14331596,-0.15476237,-0.15810414,-0.25088155,-0.1547707,-0.22115314,-0.07562123,-0.086852394,-0.10702289,-0.060967896,-0.14776433,-0.16796505,-0.15746465,-0.22133875,-0.12812386,-0.0969081,-0.16398169,-0.12716047,-0.11335766,-0.18846886,-0.12991303,-0.17755464,-0.0994983,-0.115196005,-0.15467528,-0.11662802,-0.19749595,-0.14526704,-0.12781724,-0.096878245,-0.15467626,-0.15790322,-0.12434345,-0.11230643,-0.063823454,-0.15460354,-0.11419349,-0.10007019,-0.24483351,-0.15477127,-0.15809537,-0.16344379,-0.1759062,-0.12524253,-0.15475607,-0.0782174,-0.19187105,-0.18185812,-0.09859173,-0.11065883,-0.15441969,-0.15777235,-0.083404,-0.1213824,-0.13072303,-0.13855581,-0.19385117,-0.15473223,-0.15810093,-0.19487974,-0.23847799,-0.2432746,-0.1295782,-0.15455842,-0.15807097,-0.14520228,-0.2961179,-0.1547705,-0.19813283,-0.12981905,-0.15470377,-0.060104962,-0.15931924,-0.15476862,-0.2028091,-0.2868003,-0.11816878,-0.14795661,-0.10060286,-0.15460616,-0.13614628,-0.20725825,-0.17393659,-0.125103,-0.15657571,-0.15690626,-0.15476716,-0.15810347,-0.16221246,-0.22200036,-0.129985,-0.2814266,-0.15477169,-0.1915083,-0.24371436,-0.16952515,-0.15468056,-0.13369927,-0.12557748,-0.15476388,-0.18106565,-0.15477145,-0.18642783,-0.1547117,-0.30462334,-0.15465422,-0.14691104,-0.13029914,-0.1547579,-0.15809065,-0.18915205,-0.12990528,-0.15476318,-0.10481856,-0.1650517,-0.15476075,-0.15810557,-0.15807486,-0.12950434,-0.15466234,-0.15806988,-0.15806055,-0.15807247,-0.15808134,-0.16505513,-0.17392421,-0.15475605,-0.15809809,-0.15808746,-0.15809864,-0.2025511,-0.15354379,-0.14723541,-0.15370356,-0.11499533,-0.10471026,-0.11893196,-0.15475993,-0.15802395,-0.12986533,-0.19501048,-0.15476806,-0.18738703,-0.11705899,-0.17429145,-0.15475807,-0.06652963,-0.15450636,-0.10737923,-0.124497145,-0.15298569,-0.052188452,-0.26007295
k__Bacteria|p__Firmicutes|c__Clostridia|o__Eubacteriales|f__Lachnospiraceae|g__Mediterraneibacter|s__Mediterraneibacter_SGB48424,-0.1004395,-0.12316422,-0.15411317,-0.15743351,-0.1574337,-0.23867357,-0.1666669,-0.16813041,-0.10929718,-0.22895765,-0.23728925,-0.15411675,-0.22850217,-0.3768707,-0.08556121,-0.15381427,-0.058144663,-0.15371862,-0.15738723,-0.19931981,-0.1978925,-0.12931125,-0.15409048,-0.12711628,-0.20043859,-0.11658599,-0.182019,-0.25032333,-0.1509206,-0.15409413,-0.15142563,-0.10844302,-0.18249588,-0.28454733,-0.15410674,-0.12945276,-0.15411499,-0.22338755,-0.15411703,-0.29867563,-0.15411708,-0.29356226,-0.12893414,-0.15400681,-0.13691942,-0.15411294,-0.23188588,-0.24781659,-0.1296162,-0.12945725,-0.24679694,-0.18279888,-0.25087595,-0.26027086,-0.28621647,-0.27511892,-0.11894142,-0.15405238,-0.040142577,-0.056944285,-0.15357846,-0.11274739,-0.13743341,-0.12937179,-0.15410087,-0.15743023,-0.15743354,-0.15743403,-0.27573854,-0.15408745,-0.12937188,-0.16243835,-0.12334165,-0.14074792,-0.1540917,-0.15887658,-0.14481027,-0.12944102,-0.18691605,-0.14998752,-0.15410809,-0.15741779,-0.15742612,-0.15737605,-0.120334074,-0.13700745,-0.08858878,-0.1541037,-0.19008024,-0.15411198,-0.2004665,-0.11139822,-0.1388583,-0.13027036,-0.1074974,-0.15152657,-0.15404058,-0.15719968,-0.10065024,-0.08152827,-0.09427856,-0.15407714,-0.11960925,-0.15027548,-0.16982608,-0.1185138,-0.1540895,-0.15742901,-0.17738779,-0.15176103,-0.1541141,-0.25953975,-0.17989698,-0.13525523,-0.15411203,-0.15095688,-0.17780018,-0.2009549,-0.15409648,-0.09015879,-0.1538946,-0.12151222,-0.121854745,-0.13997786,-0.21433522,-0.13908121,-0.16057305,-0.15405919,-0.07092635,-0.15364689,-0.15685841,-0.18733518,-0.15392175,-0.12936303,-0.12334781,-0.14100276,-0.15408207,-0.114095174,-0.25318068,-0.26654312,-0.1288029,-0.10945694,-0.1540755,-0.09238048,-0.20963459,-0.15411219,-0.15737078,-0.12899509,-0.15405926,-0.16015086,-0.1553517,-0.15411541,-0.19704957,-0.20616047,-0.12858549,-0.10460003,-0.11361031,-0.10256614,-0.15410993,-0.19495486,-0.15409184,-0.12894878,-0.1539967,-0.041086134,-0.12967405,-0.15411445,-0.2300741,-0.15409863,-0.10384405,-0.15306425,-0.0784167,-0.15400976,-0.12766197,-0.15402457,-0.121451,-0.075820275,-0.09192432,-0.101488546,-0.1539183,-0.15736406,-0.12378413,-0.15399534,-0.1410757,-0.13984437,-0.18093297,-0.15411629,-0.25777104,-0.12844054,-0.15404865,-0.13462572,-0.119081676,-0.15409479,-0.15743056,-0.15743178,-0.15743262,-0.19755594,-0.25103784,-0.20219928,-0.19465852,-0.24831252,-0.20506537,-0.22091979,-0.15410517,-0.12914945,-0.11956477,-0.15410176,-0.15742788,-0.20931396,-0.18224281,-0.15409485,-0.32474133,-0.15411492,-0.15743454,-0.15743373,-0.15743347,-0.2185038,-0.15409422,-0.114121355,-0.15409687,-0.15742335,-0.15742804,-0.22984435,-0.15411034,-0.15741459,-0.08963354,-0.15403602,-0.15739883,-0.15741162,-0.15741271,-0.13302092,-0.1051107,-0.14014931,-0.15141064,-0.15839578,-0.15615125,-0.14613561,-0.1541077,-0.12319561,-0.12942106,-0.15408146,-0.1574344,-0.15743406,-0.15743408,-0.15743443,-0.38518023,-0.11451449,-0.15408696,-0.15564899,-0.14443555,-0.16636807,-0.1541115,-0.15737772,-0.12993515,-0.047159404,-0.14979698,-0.14016809,-0.14106366,-0.15400688,-0.19987361,-0.1649412,-0.17166539,-0.15409549,-0.15740393,-0.12722544,-0.14610182,-0.2588673,-0.1292735,-0.15402296,-0.09132757,-0.12832497,-0.13684332,-0.16221203,-0.15659244,-0.12884443,-0.15392765,-0.15736601,-0.15740141,-0.15742576,-0.15740095,-0.19795567,-0.15106063,-0.07294749,-0.2039893,-0.15408744,-0.15740041,-0.104459345,-0.15382779,-0.17466888,-0.13176009,-0.15409282,-0.15109587,-0.10913184,-0.15397352,-0.05825615,-0.14326635,-0.17082691,-0.15404847,-0.18883844,-0.1541157,-0.31316653,-0.15410861,-0.16808087,-0.14331596,-0.15411015,-0.1574319,-0.25088155,-0.15411597,-0.22115314,-0.07562123,-0.086852394,-0.10702289,-0.060967896,-0.14926773,-0.16796505,-0.15746465,-0.22133875,-0.12812386,-0.0969081,-0.16398169,-0.12716047,-0.11335766,-0.18846886,-0.12941562,-0.17755464,-0.0994983,-0.115196005,-0.1540493,-0.11662802,-0.19749595,-0.14526704,-0.12781724,-0.096878245,-0.15404943,-0.15729076,-0.12434345,-0.11230643,-0.063823454,-0.15399835,-0.11419349,-0.10007019,-0.24483351,-0.15411636,-0.15742575,-0.16344379,-0.1759062,-0.12524253,-0.15410574,-0.0782174,-0.19187105,-0.18185812,-0.09859173,-0.11065883,-0.15386926,-0.157199,-0.083404,-0.1213824,-0.13072303,-0.13855581,-0.19385117,-0.15408929,-0.15742964,-0.19487974,-0.23847799,-0.2432746,-0.129176,-0.15396714,-0.15740879,-0.14520228,-0.2961179,-0.15411583,-0.19813283,-0.12934478,-0.15406924,-0.060104962,-0.15931924,-0.15411454,-0.2028091,-0.2868003,-0.11816878,-0.14795661,-0.10060286,-0.15400125,-0.13614628,-0.20725825,-0.17393659,-0.125103,-0.15657571,-0.15690626,-0.15411353,-0.15743141,-0.16221246,-0.22200036,-0.12946834,-0.2814266,-0.15411668,-0.1915083,-0.24371436,-0.16952515,-0.15405227,-0.13369927,-0.12557748,-0.15411124,-0.18106565,-0.15411651,-0.18642783,-0.15407476,-0.30462334,-0.15403527,-0.14691104,-0.13029914,-0.15410706,-0.15742244,-0.18915205,-0.12940986,-0.1541107,-0.10481856,-0.1650517,-0.15410909,-0.15743288,-0.15741134,-0.12911394,-0.15403989,-0.15740813,-0.15740149,-0.1574099,-0.15741587,-0.16505513,-0.17392421,-0.1541058,-0.15742764,-0.15742026,-0.15742803,-0.2025511,-0.15354379,-0.14723541,-0.15337867,-0.11499533,-0.10471026,-0.11893196,-0.15410846,-0.1573753,-0.12938021,-0.19501048,-0.15411417,-0.18738703,-0.11705899,-0.17429145,-0.15410687,-0.06652963,-0.15392883,-0.10737923,-0.124497145,-0.15298569,-0.052188452,-0.26007295
k__Bacteria|p__Firmicutes|c__Clostridia|o__Eubacteriales|f__Oscillospiraceae|g__Massiliimalia|s__Massiliimalia_timonensis,-0.1004395,-0.12316422,-0.15483344,-0.15813188,-0.15813214,-0.23867357,-0.1666669,-0.16813041,-0.10929718,-0.22895765,-0.23728925,-0.1548381,-0.22850217,-0.3768707,-0.08556121,-0.15445,-0.058144663,-0.15432395,-0.15807156,-0.19931981,-0.1978925,-0.1301572,-0.15480392,-0.12711628,-0.20043859,-0.11658599,-0.182019,-0.25032333,-0.1509206,-0.15480852,-0.15142563,-0.10844302,-0.18249588,-0.28454733,-0.15482517,-0.1303364,-0.15483578,-0.22338755,-0.15483844,-0.29867563,-0.15483852,-0.29356226,-0.12967713,-0.15469426,-0.13691942,-0.15483312,-0.23188588,-0.24781659,-0.1296162,-0.1303421,-0.24679694,-0.18279888,-0.25087595,-0.26027086,-0.28621647,-0.27511892,-0.11894142,-0.15475443,-0.040142577,-0.056944285,-0.15413326,-0.11274739,-0.13743341,-0.13023147,-0.15481727,-0.1581276,-0.15813193,-0.15813255,-0.27573854,-0.15479966,-0.13023359,-0.16243835,-0.12334165,-0.14074792,-0.15480542,-0.15887658,-0.14481027,-0.13032186,-0.18691605,-0.14998752,-0.1548268,-0.15811136,-0.15812218,-0.15805784,-0.120334074,-0.13700745,-0.08858878,-0.15482107,-0.19008024,-0.15483186,-0.2004665,-0.11139822,-0.1388583,-0.13027036,-0.1074974,-0.15152657,-0.15473887,-0.15783669,-0.10065024,-0.08152827,-0.09427856,-0.15478662,-0.11960925,-0.15027548,-0.16982608,-0.1185138,-0.15480247,-0.15812606,-0.17738779,-0.15176103,-0.1548346,-0.25953975,-0.17989698,-0.13525523,-0.15483193,-0.15095688,-0.17780018,-0.2009549,-0.15481162,-0.09015879,-0.15454991,-0.12151222,-0.121854745,-0.13997786,-0.21433522,-0.13908121,-0.16057305,-0.15476325,-0.07092635,-0.15422934,-0.1573764,-0.18733518,-0.15458247,-0.1302196,-0.12334781,-0.14100276,-0.1547929,-0.114095174,-0.25318068,-0.26654312,-0.12950581,-0.10945694,-0.15478441,-0.09238048,-0.20963459,-0.15483214,-0.15804937,-0.1297547,-0.15476331,-0.16015086,-0.1553517,-0.15483633,-0.19704957,-0.20616047,-0.12921667,-0.10460003,-0.11361031,-0.10256614,-0.15482923,-0.19495486,-0.15480594,-0.1296797,-0.1546827,-0.041086134,-0.12967405,-0.15483508,-0.2300741,-0.15481448,-0.10384405,-0.15347809,-0.0784167,-0.15469885,-0.12766197,-0.15471807,-0.121451,-0.075820275,-0.09192432,-0.101488546,-0.1545801,-0.15804166,-0.12378413,-0.15468585,-0.1410757,-0.13984437,-0.18093297,-0.15483749,-0.25777104,-0.12844054,-0.15475002,-0.13462572,-0.119081676,-0.15480953,-0.15812804,-0.15812962,-0.15813069,-0.19755594,-0.25103784,-0.20219928,-0.19465852,-0.24831252,-0.20506537,-0.22091979,-0.15482295,-0.1299492,-0.11956477,-0.15481856,-0.15812454,-0.20931396,-0.18224281,-0.15480974,-0.32474133,-0.1548357,-0.15813322,-0.1581322,-0.15813184,-0.2185038,-0.15480897,-0.114121355,-0.15481202,-0.1581185,-0.15812474,-0.22984435,-0.15482973,-0.15810734,-0.08963354,-0.15473285,-0.15808682,-0.15810321,-0.15810487,-0.13302092,-0.1051107,-0.14014931,-0.15141064,-0.15839578,-0.15615125,-0.14613561,-0.15482634,-0.12319561,-0.130295,-0.15479179,-0.15813306,-0.15813261,-0.15813261,-0.15813309,-0.38518023,-0.11451449,-0.1547992,-0.15564899,-0.14443555,-0.16636807,-0.15483122,-0.15805845,-0.12993515,-0.047159404,-0.14916837,-0.14016809,-0.14106366,-0.15469447,-0.19987361,-0.1649412,-0.17166539,-0.15481037,-0.15809348,-0.12722544,-0.14610182,-0.2588673,-0.1301108,-0.15471637,-0.09132757,-0.12832497,-0.13684332,-0.16221203,-0.15659244,-0.1295477,-0.15459213,-0.15804403,-0.15809014,-0.1581218,-0.15740095,-0.19795567,-0.15106063,-0.07294749,-0.2039893,-0.15479973,-0.15808894,-0.104459345,-0.15447402,-0.17466888,-0.13176009,-0.15480702,-0.15109587,-0.10913184,-0.154652,-0.05825615,-0.14326635,-0.17082691,-0.1547488,-0.18883844,-0.15483673,-0.31316653,-0.15482733,-0.16808087,-0.14331596,-0.1548295,-0.15812977,-0.25088155,-0.15483707,-0.22115314,-0.07562123,-0.086852394,-0.10702289,-0.060967896,-0.14847259,-0.16796505,-0.15746465,-0.22133875,-0.12812386,-0.0969081,-0.16398169,-0.12716047,-0.11335766,-0.18846886,-0.13028884,-0.17755464,-0.0994983,-0.115196005,-0.1547501,-0.11662802,-0.19749595,-0.14526704,-0.12781724,-0.096878245,-0.1547507,-0.1579462,-0.12434345,-0.11230643,-0.063823454,-0.15468425,-0.11419349,-0.10007019,-0.24483351,-0.15483758,-0.15812176,-0.16344379,-0.1759062,-0.12524253,-0.15482374,-0.0782174,-0.19187105,-0.18185812,-0.09859173,-0.11065883,-0.1545166,-0.15782696,-0.083404,-0.1213824,-0.13072303,-0.13855581,-0.19385117,-0.15480211,-0.15812683,-0.19487974,-0.23847799,-0.2432746,-0.12997164,-0.15464327,-0.15809958,-0.14520228,-0.2961179,-0.1548369,-0.19813283,-0.1301988,-0.15477607,-0.060104962,-0.15931924,-0.1548352,-0.2028091,-0.2868003,-0.11816878,-0.14795661,-0.10060286,-0.15468717,-0.13614628,-0.20725825,-0.17393659,-0.125103,-0.15657571,-0.15690626,-0.15483387,-0.15812914,-0.16221246,-0.22200036,-0.13035639,-0.2814266,-0.15483798,-0.1915083,-0.24371436,-0.16952515,-0.15475452,-0.13369927,-0.12557748,-0.15483087,-0.18106565,-0.15483776,-0.18642783,-0.15478334,-0.30462334,-0.15473121,-0.14691104,-0.13029914,-0.15482543,-0.15811744,-0.18915205,-0.130282,-0.15483022,-0.10481856,-0.1650517,-0.15482804,-0.15813106,-0.15810294,-0.12989143,-0.15473813,-0.15809861,-0.15809003,-0.15810098,-0.15810893,-0.16505513,-0.17392421,-0.15482375,-0.15812424,-0.15811455,-0.15812473,-0.2025511,-0.15354379,-0.14723541,-0.15386814,-0.11499533,-0.10471026,-0.11893196,-0.15482727,-0.15805635,-0.13024455,-0.19501048,-0.15483469,-0.18738703,-0.11705899,-0.17429145,-0.15482548,-0.06652963,-0.15459538,-0.10737923,-0.124497145,-0.15298569,-0.052188452,-0.26007295
k__Bacteria|p__Firmicutes|c__Clostridia|o__Eubacteriales|f__Clostridiaceae|g__Clostridium|s__Clostridium_SGB4750,-0.1004395,-0.12316422,-0.15440628,-0.15769698,-0.15769725,-0.23867357,-0.1666669,-0.16813041,-0.10929718,-0.22895765,-0.23728925,-0.1544109,-0.22850217,-0.3768707,-0.08556121,-0.15402481,-0.058144663,-0.1538974,-0.15763739,-0.19931981,-0.1978925,-0.12979051,-0.154377,-0.12711628,-0.20043859,-0.11658599,-0.182019,-0.25032333,-0.1509206,-0.15438174,-0.15142563,-0.10844302,-0.18249588,-0.28454733,-0.15439819,-0.12996654,-0.15440857,-0.22338755,-0.15441124,-0.29867563,-0.15441132,-0.29356226,-0.12931356,-0.15426937,-0.13691942,-0.15440595,-0.23188588,-0.24781659,-0.1296162,-0.12997226,-0.24679694,-0.18279888,-0.25087595,-0.26027086,-0.28621647,-0.27511892,-0.11894142,-0.15432799,-0.040142577,-0.056944285,-0.15371606,-0.11274739,-0.13743341,-0.12986502,-0.15439041,-0.15769275,-0.15769702,-0.15769766,-0.27573854,-0.1543735,-0.12986535,-0.16243835,-0.12334165,-0.14074792,-0.15437847,-0.15887658,-0.14481027,-0.12995207,-0.18691605,-0.14998752,-0.1543997,-0.1576767,-0.15768749,-0.1576249,-0.120334074,-0.13700745,-0.08858878,-0.15439399,-0.19008024,-0.15440471,-0.2004665,-0.11139822,-0.1388583,-0.13027036,-0.1074974,-0.15152657,-0.15431246,-0.1574071,-0.10065024,-0.08152827,-0.09427856,-0.15435977,-0.11960925,-0.15027548,-0.16982608,-0.1185138,-0.15437579,-0.15769121,-0.17738779,-0.15176103,-0.15440744,-0.25953975,-0.17989698,-0.13525523,-0.15440476,-0.15095688,-0.17780018,-0.2009549,-0.15438531,-0.09015879,-0.15412429,-0.12151222,-0.121854745,-0.13997786,-0.21433522,-0.13908121,-0.16057305,-0.15433657,-0.07092635,-0.1538072,-0.15695661,-0.18733518,-0.15416157,-0.12985472,-0.12334781,-0.14100276,-0.15436608,-0.114095174,-0.25318068,-0.26654312,-0.12916592,-0.10945694,-0.15435758,-0.09238048,-0.20963459,-0.15440498,-0.15761665,-0.12940297,-0.15433699,-0.16015086,-0.1553517,-0.15440914,-0.19704957,-0.20616047,-0.12888826,-0.10460003,-0.11361031,-0.10256614,-0.15440205,-0.19495486,-0.15437928,-0.12933905,-0.15425622,-0.041086134,-0.12967405,-0.15440792,-0.2300741,-0.15438776,-0.10384405,-0.15306412,-0.0784167,-0.15427323,-0.12766197,-0.15429188,-0.121451,-0.075820275,-0.09192432,-0.101488546,-0.15415534,-0.15760732,-0.12378413,-0.15426084,-0.1410757,-0.13984437,-0.18093297,-0.15441029,-0.25777104,-0.12844054,-0.15432434,-0.13462572,-0.119081676,-0.15438244,-0.1576932,-0.15769476,-0.15769583,-0.19755594,-0.25103784,-0.20219928,-0.19465852,-0.24831252,-0.20506537,-0.22091979,-0.15439606,-0.12959217,-0.11956477,-0.15439148,-0.15768974,-0.20931396,-0.18224281,-0.15438306,-0.32474133,-0.15440848,-0.15769833,-0.15769729,-0.15769693,-0.2185038,-0.1543825,-0.114121355,-0.1543853,-0.15768395,-0.15768994,-0.22984435,-0.15440255,-0.15767322,-0.08963354,-0.15430695,-0.15765214,-0.15766875,-0.15767004,-0.13302092,-0.1051107,-0.14014931,-0.15141064,-0.15839578,-0.15615125,-0.14613561,-0.15439916,-0.12319561,-0.12992598,-0.15436539,-0.15769814,-0.1576977,-0.15769772,-0.15769818,-0.38518023,-0.11451449,-0.15437242,-0.15564899,-0.14443555,-0.16636807,-0.15440412,-0.15762553,-0.12993515,-0.047159404,-0.14884478,-0.14016809,-0.14106366,-0.15426894,-0.19987361,-0.1649412,-0.17166539,-0.15438339,-0.15765865,-0.12722544,-0.14610182,-0.2588673,-0.12974739,-0.15429014,-0.09132757,-0.12832497,-0.13684332,-0.16221203,-0.15659244,-0.12922114,-0.15416828,-0.15760994,-0.15765554,-0.15768698,-0.15740095,-0.19795567,-0.15106063,-0.07294749,-0.2039893,-0.15437308,-0.15765423,-0.104459345,-0.15406495,-0.17466888,-0.13176009,-0.15437989,-0.15109587,-0.10913184,-0.15422699,-0.05825615,-0.14326635,-0.17082691,-0.15432271,-0.18883844,-0.15440956,-0.31316653,-0.15440044,-0.16808087,-0.14331596,-0.15440238,-0.15769495,-0.25088155,-0.15440989,-0.22115314,-0.07562123,-0.086852394,-0.10702289,-0.060967896,-0.14815962,-0.16796505,-0.15746465,-0.22133875,-0.12812386,-0.0969081,-0.16398169,-0.12716047,-0.11335766,-0.18846886,-0.12991986,-0.17755464,-0.0994983,-0.115196005,-0.15432385,-0.11662802,-0.19749595,-0.14526704,-0.12781724,-0.096878245,-0.15432394,-0.15751298,-0.12434345,-0.11230643,-0.063823454,-0.15425849,-0.11419349,-0.10007019,-0.24483351,-0.15441039,-0.15768719,-0.16344379,-0.1759062,-0.12524253,-0.15439662,-0.0782174,-0.19187105,-0.18185812,-0.09859173,-0.11065883,-0.15409157,-0.15739456,-0.083404,-0.1213824,-0.13072303,-0.13855581,-0.19385117,-0.15437546,-0.157692,-0.19487974,-0.23847799,-0.2432746,-0.12961328,-0.15421788,-0.1576651,-0.14520228,-0.2961179,-0.1544097,-0.19813283,-0.12983315,-0.15434973,-0.060104962,-0.15931924,-0.15440802,-0.2028091,-0.2868003,-0.11816878,-0.14795661,-0.10060286,-0.154262,-0.13614628,-0.20725825,-0.17393659,-0.125103,-0.15657571,-0.15690626,-0.15440673,-0.15769428,-0.16221246,-0.22200036,-0.12998642,-0.2814266,-0.15441078,-0.1915083,-0.24371436,-0.16952515,-0.15432918,-0.13369927,-0.12557748,-0.15440378,-0.18106565,-0.15441054,-0.18642783,-0.1543574,-0.30462334,-0.15430579,-0.14691104,-0.13029914,-0.15439837,-0.15768266,-0.18915205,-0.1299127,-0.15440306,-0.10481856,-0.1650517,-0.154401,-0.15769619,-0.15766889,-0.12954196,-0.15431164,-0.15766427,-0.15765567,-0.15766656,-0.15767425,-0.16505513,-0.17392421,-0.15439674,-0.15768942,-0.15767989,-0.1576899,-0.2025511,-0.15354379,-0.14723541,-0.15345973,-0.11499533,-0.10471026,-0.11893196,-0.15440017,-0.1576231,-0.12987512,-0.19501048,-0.15440755,-0.18738703,-0.11705899,-0.17429145,-0.15439856,-0.06652963,-0.15416944,-0.10737923,-0.124497145,3.7625203,-0.052188452,2.9519613
k__Bacteria|p__Firmicutes|c__CFGB4806|o__OFGB4806|f__FGB4806|g__GGB51647|s__GGB51647_SGB4348,-0.1004395,-0.12316422,-0.1540586,-0.15733644,-0.15733671,-0.23867357,-0.1666669,-0.16813041,-0.10929718,-0.22895765,-0.23728925,-0.15406296,-0.22850217,-0.3768707,-0.08556121,-0.15368235,-0.058144663,-0.15356518,-0.15727963,-0.19931981,-0.1978925,-0.12953481,-0.15403053,-0.12711628,-0.20043859,-0.11658599,-0.182019,-0.25032333,-0.1509206,-0.15403539,-0.15142563,-0.10844302,-0.18249588,-0.28454733,-0.15405089,-0.12971342,-0.15406078,-0.22338755,-0.1540633,-0.29867563,-0.15406337,-0.29356226,-0.12905234,-0.15392905,-0.13691942,-0.15405825,-0.23188588,-0.24781659,-0.1296162,-0.12971915,-0.24679694,-0.18279888,-0.25087595,-0.26027086,-0.28621647,-0.27511892,-0.11894142,-0.15398349,-0.040142577,-0.056944285,-0.15340573,-0.11274739,-0.13743341,-0.12961045,-0.15404361,-0.15733236,-0.1573365,-0.15733707,-0.27573854,-0.1540271,-0.12961265,-0.16243835,-0.12334165,-0.14074792,-0.15403205,-0.15887658,-0.14481027,-0.12969849,-0.18691605,-0.14998752,-0.15405226,-0.15731713,-0.15732747,-0.1572668,-0.120334074,-0.13700745,-0.08858878,-0.15404683,-0.19008024,-0.15405706,-0.2004665,-0.11139822,-0.1388583,-0.13027036,-0.1074974,-0.15152657,-0.15396874,-0.15704133,-0.10065024,-0.08152827,-0.09427856,-0.15401393,-0.11960925,-0.15027548,-0.16982608,-0.1185138,-0.1540297,-0.15733092,-0.17738779,-0.15176103,-0.15405971,-0.25953975,-0.17989698,-0.13525523,-0.15405712,-0.15095688,-0.17780018,-0.2009549,-0.15403883,-0.09015879,-0.1537871,-0.12151222,-0.121854745,-0.13997786,-0.21433522,-0.13908121,-0.16057305,-0.15399161,-0.07092635,-0.15348175,-0.15664116,-0.18733518,-0.15382893,-0.12959532,-0.12334781,-0.14100276,-0.15402013,-0.114095174,-0.25318068,-0.26654312,-0.1288788,-0.10945694,-0.1540119,-0.09238048,-0.20963459,-0.15405732,-0.15726204,-0.12913217,-0.15399227,-0.16015086,-0.1553517,-0.15406132,-0.19704957,-0.20616047,-0.12860942,-0.10460003,-0.11361031,-0.10256614,-0.1540545,-0.19495486,-0.1540327,-0.1290623,-0.15391383,-0.041086134,-0.12967405,-0.1540602,-0.2300741,-0.15404114,-0.10384405,-0.15275338,-0.0784167,-0.15393096,-0.12766197,-0.15394896,-0.121451,-0.075820275,-0.09192432,-0.101488546,-0.15381704,-0.15725023,-0.12378413,-0.1539127,-0.1410757,-0.13984437,-0.18093297,-0.15406239,-0.25777104,-0.12844054,-0.15398008,-0.13462572,-0.119081676,-0.15403557,-0.15733281,-0.15733433,-0.15733534,-0.19755594,-0.25103784,-0.20219928,-0.19465852,-0.24831252,-0.20506537,-0.22091979,-0.15404902,-0.12932432,-0.11956477,-0.15404439,-0.15732956,-0.20931396,-0.18224281,-0.15403655,-0.32474133,-0.15406066,-0.15733771,-0.15733674,-0.15733638,-0.2185038,-0.15403585,-0.114121355,-0.1540388,-0.15732428,-0.15732974,-0.22984435,-0.15405498,-0.15731382,-0.08963354,-0.15396366,-0.1572933,-0.15730973,-0.1573105,-0.13302092,-0.1051107,-0.14014931,-0.15141064,-0.15839578,-0.15615125,-0.14613561,-0.15405166,-0.12319561,-0.12967397,-0.15402015,-0.15733755,-0.15733713,-0.15733713,-0.15733759,-0.38518023,-0.11451449,-0.15402636,-0.15564899,-0.14443555,-0.16636807,-0.15405658,-0.1572699,-0.12993515,-0.047159404,-0.14882739,-0.14016809,-0.14106366,-0.15392822,-0.19987361,-0.1649412,-0.17166539,-0.1540367,-0.15729949,-0.12722544,-0.14610182,-0.2588673,-0.1294824,-0.15394658,-0.09132757,-0.12832497,-0.13684332,-0.16221203,-0.15659244,-0.12894079,-0.15383056,-0.15725303,-0.15729672,-0.15732685,-0.15740095,-0.19795567,-0.15106063,-0.07294749,-0.2039893,-0.15402716,-0.15729511,-0.104459345,-0.15370616,-0.17466888,-0.13176009,-0.15403315,-0.15109587,-0.10913184,-0.15388542,-0.05825615,-0.14326635,-0.17082691,-0.15397924,-0.18883844,-0.1540617,3.7522814,-0.15405324,-0.16808087,-0.14331596,-0.15405482,-0.15733454,-0.25088155,-0.15406203,-0.22115314,-0.07562123,-0.086852394,-0.10702289,-0.060967896,-0.14817885,-0.16796505,-0.15746465,-0.22133875,-0.12812386,-0.0969081,-0.16398169,-0.12716047,-0.11335766,-0.18846886,-0.1296667,-0.17755464,-0.0994983,-0.115196005,-0.15398002,-0.11662802,-0.19749595,-0.14526704,-0.12781724,-0.096878245,-0.15397912,-0.15715975,-0.12434345,-0.11230643,-0.063823454,-0.15391609,-0.11419349,-0.10007019,-0.24483351,-0.15406248,-0.15732732,-0.16344379,-0.1759062,-0.12524253,-0.1540493,-0.0782174,-0.19187105,-0.18185812,-0.09859173,-0.11065883,-0.15375635,-0.15704645,-0.083404,-0.1213824,-0.13072303,-0.13855581,-0.19385117,-0.15402953,-0.15733168,-0.19487974,-0.23847799,-0.2432746,-0.1293656,-0.15387812,-0.15730618,-0.14520228,-0.2961179,-0.15406182,-0.19813283,-0.12957609,-0.1540047,-0.060104962,-0.15931924,-0.15406027,-0.2028091,-0.2868003,-0.11816878,-0.14795661,-0.10060286,-0.15392143,-0.13614628,-0.20725825,-0.17393659,-0.125103,-0.15657571,-0.15690626,-0.15405901,-0.15733385,-0.16221246,-0.22200036,-0.12973294,-0.2814266,-0.15406287,-0.1915083,-0.24371436,-0.16952515,-0.15398529,-0.13369927,-0.12557748,-0.15405622,-0.18106565,-0.15406264,-0.18642783,-0.15401272,-0.30462334,-0.15396386,-0.14691104,-0.13029914,-0.15405104,-0.15732275,-0.18915205,-0.12965947,-0.15405548,-0.10481856,-0.1650517,-0.15405364,-0.1573357,-0.15731004,-0.12928043,-0.15396766,-0.15730551,-0.1572971,-0.15730764,-0.1573146,-0.16505513,-0.17392421,-0.15404956,-0.15732917,-0.1573202,-0.15732966,-0.2025511,-0.15354379,-0.14723541,-0.15316978,-0.11499533,-0.10471026,-0.11893196,-0.15405276,-0.15726657,-0.12962136,-0.19501048,-0.15405983,-0.18738703,-0.11705899,-0.17429145,-0.15405127,-0.06652963,-0.15382886,-0.10737923,-0.124497145,-0.15298569,-0.052188452,-0.26007295
k__Bacteria|p__Firmicutes|c__Erysipelotrichia|o__Erysipelotrichales|f__Erysipelotrichaceae|g__Amedibacterium|s__Amedibacterium_intestinale,-0.1004395,-0.12316422,-0.15372151,-0.15699074,-0.15699098,-0.23867357,-0.1666669,-0.16813041,-0.10929718,-0.22895765,-0.23728925,-0.1537257,-0.22850217,-0.3768707,-0.08556121,-0.15336937,-0.058144663,-0.1532543,-0.15693632,-0.19931981,-0.1978925,-0.12927917,-0.15369472,-0.12711628,-0.20043859,-0.11658599,-0.182019,-0.25032333,-0.1509206,-0.15369925,-0.15142563,-0.10844302,-0.18249588,-0.28454733,-0.15371424,-0.12944077,-0.1537236,-0.22338755,-0.15372601,-0.29867563,-0.15372607,-0.29356226,-0.12884891,-0.15359738,-0.13691942,-0.15372118,-0.23188588,-0.24781659,-0.1296162,-0.12944618,-0.24679694,-0.18279888,-0.25087595,-0.26027086,-0.28621647,-0.27511892,-0.11894142,-0.1536499,-0.040142577,-0.056944285,-0.15309596,-0.11274739,-0.13743341,-0.12934768,-0.15370715,-0.15698686,-0.15699077,-0.15699133,-0.27573854,-0.15369153,-0.12934871,-0.16243835,-0.12334165,-0.14074792,-0.15369618,-0.15887658,-0.14481027,-0.12942748,-0.18691605,-0.14998752,-0.15371549,-0.15697224,-0.15698212,-0.15692517,-0.120334074,-0.13700745,-0.08858878,-0.15371028,-0.19008024,-0.15372005,-0.2004665,-0.11139822,-0.1388583,-0.13027036,-0.1074974,-0.15152657,-0.15363587,-0.15672281,-0.10065024,-0.08152827,-0.09427856,-0.15367894,-0.11960925,-0.15027548,-0.16982608,-0.1185138,-0.15369377,-0.15698548,-0.17738779,-0.15176103,-0.15372257,-0.25953975,-0.17989698,-0.13525523,-0.15372013,-0.15095688,-0.17780018,-0.2009549,-0.15370259,-0.09015879,-0.15346336,-0.12151222,-0.121854745,-0.13997786,-0.21433522,-0.13908121,-0.16057305,-0.1536577,-0.07092635,-0.15317373,-0.15632299,-0.18733518,-0.1535013,-0.12933783,-0.12334781,-0.14100276,-0.15368477,-0.114095174,-0.25318068,-0.26654312,-0.12871006,-0.10945694,-0.15367697,-0.09238048,-0.20963459,-0.1537203,-0.15691844,-0.12892936,-0.15365814,-0.16015086,-0.1553517,-0.1537241,-0.19704957,-0.20616047,-0.12845829,-0.10460003,-0.11361031,-0.10256614,-0.15371762,-0.19495486,-0.15369692,-0.12887163,-0.15358412,-0.041086134,-0.12967405,-0.15372305,-0.2300741,-0.1537047,-0.10384405,-0.15248749,-0.0784167,-0.15359953,-0.12766197,-0.153617,-0.121451,-0.075820275,-0.09192432,-0.101488546,-0.15349197,-0.15690865,-0.12378413,-0.1535872,-0.1410757,-0.13984437,-0.18093297,-0.15372515,-0.25777104,-0.12844054,-0.15364663,-0.13462572,-0.119081676,-0.1536996,-0.15698725,-0.15698868,-0.15698966,-0.19755594,-0.25103784,-0.20219928,-0.19465852,-0.24831252,-0.20506537,-0.22091979,-0.15371229,-0.12910214,-0.11956477,-0.15370797,-0.15698415,-0.20931396,-0.18224281,-0.15370044,-0.32474133,-0.15372351,-0.15699193,-0.156991,-0.15699068,-0.2185038,-0.15369943,-0.114121355,-0.15370244,-0.15697901,-0.1569843,-0.22984435,-0.15371808,-0.15696858,-0.08963354,-0.1536307,-0.15694961,-0.15696512,-0.15696603,-0.13302092,-0.1051107,-0.14014931,-0.15141064,-0.15839578,-0.15615125,-0.14613561,-0.15371495,-0.12319561,-0.12940393,-0.15368462,-0.15699178,-0.15699139,-0.15699139,-0.15699182,-0.38518023,-0.11451449,-0.1536907,-0.15564899,-0.14443555,-0.16636807,-0.15371957,-0.15692645,-0.12993515,-0.047159404,-0.14870006,-0.14016809,-0.14106366,-0.15359673,-0.19987361,-0.1649412,-0.17166539,-0.15370062,-0.15695557,-0.12722544,-0.14610182,-0.2588673,-0.12923945,-0.15361515,-0.09132757,-0.12832497,-0.13684332,-0.16221203,-0.15659244,-0.12875916,-0.15350372,-0.15691116,-0.15695283,-0.15698159,-0.15740095,-0.19795567,-0.15106063,-0.07294749,-0.2039893,-0.15369141,-0.15695138,-0.104459345,-0.15339728,-0.17466888,-0.13176009,-0.15369731,-0.15109587,-0.10913184,-0.15355706,-0.05825615,-0.14326635,-0.17082691,-0.15364558,-0.18883844,-0.15372449,-0.31316653,-0.1537163,-0.16808087,-0.14331596,-0.15371792,-0.15698887,-0.25088155,-0.15372482,-0.22115314,-0.07562123,-0.086852394,-0.10702289,-0.060967896,-0.14807771,-0.16796505,-0.15746465,-0.22133875,-0.12812386,-0.0969081,-0.16398169,-0.12716047,-0.11335766,-0.18846886,-0.12939817,-0.17755464,-0.0994983,-0.115196005,-0.15364644,-0.11662802,-0.19749595,-0.14526704,-0.12781724,-0.096878245,-0.15364587,-0.15682244,-0.12434345,-0.11230643,-0.063823454,-0.15358602,-0.11419349,-0.10007019,-0.24483351,-0.15372524,-0.15698187,-0.16344379,-0.1759062,-0.12524253,-0.15371267,-0.0782174,-0.19187105,-0.18185812,-0.09859173,-0.11065883,-0.15343389,-0.15671457,-0.083404,-0.1213824,-0.13072303,-0.13855581,-0.19385117,-0.15369362,-0.15698618,-0.19487974,-0.23847799,1.9467716,-0.12911943,-0.15354949,-0.15696175,-0.14520228,-0.2961179,-0.15372461,-0.19813283,-0.12931772,-0.15367001,-0.060104962,-0.15931924,-0.15372312,-0.2028091,-0.2868003,-0.11816878,-0.14795661,-0.10060286,-0.15359038,-0.13614628,-0.20725825,-0.17393659,-0.125103,-0.15657571,-0.15690626,-0.15372193,-0.15698826,-0.16221246,5.368516,-0.12945911,-0.2814266,-0.1537256,-0.1915083,-0.24371436,-0.16952515,-0.15365127,-0.13369927,-0.12557748,-0.15371925,-0.18106565,-0.15372539,-0.18642783,-0.15367742,-0.30462334,-0.15363061,-0.14691104,-0.13029914,-0.15371431,-0.15697764,-0.18915205,-0.12939118,-0.15371856,-0.10481856,-0.1650517,-0.15371676,-0.15698999,-0.15696529,-0.1290517,-0.15363497,-0.15696105,-0.1569531,-0.15696311,-0.15696985,-0.16505513,-0.17392421,-0.15371287,-0.15698382,-0.15697518,-0.15698424,-0.2025511,-0.15354379,-0.14723541,-0.15286763,-0.11499533,-0.10471026,-0.11893196,-0.15371595,-0.1569238,-0.12935656,-0.19501048,-0.15372267,-0.18738703,-0.11705899,-0.17429145,-0.15371439,-0.06652963,-0.15350404,-0.10737923,-0.124497145,-0.15298569,-0.052188452,-0.26007295
k__Bacteria|p__Firmicutes|c__Negativicutes|o__Veillonellales|f__Veillonellaceae|g__Veillonella|s__Veillonella_sp_3627,-0.1004395,-0.12316422,-0.15429005,-0.15753685,-0.15753712,-0.23867357,-0.1666669,-0.16813041,-0.10929718,-0.22895765,-0.23728925,-0.15429443,-0.22850217,-0.3768707,-0.08556121,-0.15391867,-0.058144663,-0.15379153,-0.15747978,-0.19931981,-0.1978925,-0.13000321,-0.15426171,-0.12711628,-0.20043859,2.3460197,-0.182019,-0.25032333,-0.1509206,-0.15426674,-0.15142563,-0.10844302,-0.18249588,-0.28454733,-0.15428254,-0.13017544,-0.1542922,-0.22338755,-0.15429477,-0.29867563,-0.15429483,-0.29356226,-0.12953892,-0.15416053,0.90531266,-0.15428963,-0.23188588,-0.24781659,-0.1296162,-0.13018125,-0.24679694,-0.18279888,-0.25087595,-0.26027086,-0.28621647,-0.27511892,-0.11894142,-0.15421446,-0.040142577,-0.056944285,-0.1536332,-0.11274739,-0.13743341,-0.13007763,-0.15427507,-0.15753275,-0.15753692,-0.15753749,-0.27573854,-0.1542593,-0.13007809,-0.16243835,-0.12334165,-0.14074792,-0.15426315,-0.15887658,-0.14481027,-0.1301612,-0.18691605,-0.14998752,-0.15428364,-0.15751736,-0.1575279,-0.15747024,-0.120334074,-0.13700745,-0.08858878,-0.15427813,-0.19008024,-0.15428847,-0.2004665,-0.11139822,-0.1388583,-0.13027036,-0.1074974,-0.15152657,-0.15419924,-0.1572603,-0.10065024,-0.08152827,-0.09427856,-0.15424491,-0.11960925,-0.15027548,-0.16982608,-0.1185138,-0.15426105,-0.15753129,-0.17738779,-0.15176103,-0.15429115,-0.25953975,-0.17989698,-0.13525523,-0.15428852,-0.15095688,-0.17780018,-0.2009549,-0.15427105,-0.09015879,-0.15401575,-0.12151222,-0.121854745,-0.13997786,-0.21433522,-0.13908121,-0.16057305,-0.15422237,-0.07092635,-0.15371251,-0.15684241,-0.18733518,-0.15406343,-0.13006772,-0.12334781,-0.14100276,-0.15425116,-0.114095174,-0.25318068,-0.26654312,-0.12938815,-0.10945694,-0.15424277,-0.09238048,-0.20963459,-0.15428871,-0.15746327,-0.12962979,-0.15422371,-0.16015086,-0.1553517,-0.15429276,-0.19704957,-0.20616047,-0.12910974,-0.10460003,-0.11361031,-0.10256614,-0.15428582,-0.19495486,-0.1542645,-0.12956166,-0.15414417,-0.041086134,-0.12967405,-0.15429169,-0.2300741,-0.15427276,1.9070044,-0.1529904,-0.0784167,-0.15416212,-0.12766197,-0.15417948,-0.121451,-0.075820275,-0.09192432,-0.101488546,-0.15404752,-0.15744975,-0.12378413,-0.1541524,-0.1410757,-0.13984437,-0.18093297,-0.15429386,-0.25777104,-0.12844054,-0.1542126,-0.13462572,-0.119081676,-0.15426669,-0.15753321,-0.1575347,-0.15753573,-0.19755594,-0.25103784,-0.20219928,-0.19465852,-0.24831252,-0.20506537,-0.22091979,-0.15428057,-0.12981799,-0.11956477,-0.1542756,-0.15752992,-0.20931396,-0.18224281,-0.15426835,-0.32474133,-0.1542921,-0.15753813,-0.15753713,-0.1575368,-0.2185038,-0.15426785,-0.114121355,-0.15427025,-0.15752481,-0.15753011,-0.22984435,-0.15428632,-0.157515,-0.08963354,-0.1541948,-0.15749308,-0.15751003,-0.15751052,-0.13302092,-0.1051107,-0.14014931,-0.15141064,-0.15839578,-0.15615125,-0.14613561,-0.15428293,-0.12319561,-0.13013645,-0.15425149,-0.15753798,-0.15753756,-0.15753755,-0.15753803,-0.38518023,-0.11451449,-0.1542575,-0.15564899,-0.14443555,-0.16636807,-0.15428802,-0.1574708,-0.12993515,-0.047159404,-0.14905737,-0.14016809,-0.14106366,-0.1541585,-0.19987361,-0.1649412,-0.17166539,-0.15426785,-0.15749922,-0.12722544,-0.14610182,-0.2588673,-0.12996043,-0.1541774,-0.09132757,-0.12832497,-0.13684332,-0.16221203,-0.15659244,-0.12944464,-0.15406246,-0.15745279,-0.1574967,-0.15752718,-0.15740095,-0.19795567,-0.15106063,-0.07294749,-0.2039893,-0.15425847,-0.15749496,1.968506,-0.15395531,-0.17466888,-0.13176009,-0.15426408,-0.15109587,-0.10913184,-0.15411714,-0.05825615,-0.14326635,-0.17082691,-0.15421009,-0.18883844,-0.15429318,-0.31316653,-0.1542848,-0.16808087,-0.14331596,-0.1542862,-0.15753496,-0.25088155,-0.15429352,-0.22115314,-0.07562123,-0.086852394,-0.10702289,-0.060967896,-0.14839616,-0.16796505,-0.15746465,-0.22133875,-0.12812386,-0.0969081,-0.16398169,-0.12716047,-0.11335766,-0.18846886,-0.13013025,-0.17755464,-0.0994983,-0.115196005,-0.15421088,-0.11662802,-0.19749595,-0.14526704,-0.12781724,-0.096878245,-0.1542095,-0.15735888,-0.12434345,-0.11230643,-0.063823454,-0.15414721,-0.11419349,-0.10007019,-0.24483351,-0.15429395,-0.15752786,-0.16344379,-0.1759062,-0.12524253,-0.1542806,-0.0782174,-0.19187105,-0.18185812,-0.09859173,-0.11065883,-0.15398479,-0.15724462,-0.083404,-0.1213824,-0.13072303,-0.13855581,-0.19385117,-0.15426087,-0.15753205,-0.19487974,-0.23847799,-0.2432746,-0.12982813,-0.15410823,-0.15750642,-0.14520228,-0.2961179,-0.15429327,-0.19813283,-0.13004515,-0.15423602,-0.060104962,-0.15931924,-0.15429173,-0.2028091,-0.2868003,-0.11816878,-0.14795661,-0.10060286,-0.15415236,-0.13614628,-0.20725825,-0.17393659,-0.125103,-0.15657571,-0.15690626,-0.15429047,-0.15753424,-0.16221246,-0.22200036,-0.13019499,1.8960638,-0.15429434,-0.1915083,-0.24371436,-0.16952515,-0.15421855,-0.13369927,-0.12557748,-0.15428767,-0.18106565,-0.1542941,-0.18642783,-0.15424506,-0.30462334,-0.15419495,-0.14691104,-0.13029914,-0.15428242,-0.15752298,-0.18915205,-0.13012263,-0.15428689,-0.10481856,-0.1650517,-0.15428509,-0.15753609,-0.15751109,-0.12975837,-0.15419823,-0.15750587,-0.15749729,-0.15750799,-0.15751491,-0.16505513,-0.17392421,-0.15428099,-0.15752952,-0.15752047,-0.15752998,-0.2025511,-0.15354379,-0.14723541,-0.15340045,-0.11499533,-0.10471026,-0.11893196,-0.15428415,-0.15746826,-0.13008535,-0.19501048,-0.1542913,-0.18738703,-0.11705899,-0.17429145,-0.15428299,-0.06652963,-0.15405984,-0.10737923,-0.124497145,-0.15298569,-0.052188452,-0.26007295
k__Bacteria|p__Firmicutes|c__Clostridia|o__Eubacteriales|f__Oscillospiraceae|g__Hydrogeniiclostidium|s__Hydrogeniiclostidium_mannosilyticum,-0.1004395,-0.12316422,-0.15485008,-0.15814829,-0.15814859,-0.23867357,-0.1666669,-0.16813041,-0.10929718,-0.22895765,-0.23728925,-0.15485537,-0.22850217,-0.3768707,-0.08556121,-0.15440899,-0.058144663,-0.1542678,-0.15807989,-0.19931981,-0.1978925,-0.13014647,-0.15481654,-0.12711628,-0.20043859,-0.11658599,-0.182019,-0.25032333,-0.1509206,-0.1548219,-0.15142563,-0.10844302,-0.18249588,-0.28454733,-0.15484068,-0.13035479,-0.15485272,-0.22338755,-0.15485576,-0.29867563,-0.15485583,-0.29356226,-0.12958893,-0.15469256,-0.13691942,-0.15484974,-0.23188588,-0.24781659,-0.1296162,-0.13036138,-0.24679694,-0.18279888,-0.25087595,-0.26027086,-0.28621647,-0.27511892,-0.11894142,-0.15476024,-0.040142577,-0.056944285,-0.15405759,-0.11274739,-0.13743341,-0.13023311,-0.15483181,-0.15814343,-0.15814835,-0.15814906,-0.27573854,-0.15481183,-0.13023609,-0.16243835,-0.12334165,-0.14074792,-0.15481825,-0.15887658,-0.14481027,-0.1303378,-0.18691605,-0.14998752,-0.15484256,-0.15812503,-0.15813735,-0.15806416,-0.120334074,-0.13700745,-0.08858878,-0.15483601,-0.19008024,-0.15484828,-0.2004665,-0.11139822,-0.1388583,-0.13027036,-0.1074974,-0.15152657,-0.15474254,-0.15780288,-0.10065024,-0.08152827,-0.09427856,-0.15479681,-0.11960925,-0.15027548,-0.16982608,-0.1185138,-0.15481506,-0.15814167,-0.17738779,-0.15176103,-0.1548514,-0.25953975,-0.17989698,-0.13525523,-0.15484837,-0.15095688,-0.17780018,-0.2009549,-0.15482548,-0.09015879,-0.15452704,-0.12151222,-0.121854745,-0.13997786,-0.21433522,-0.13908121,-0.16057305,-0.1547702,-0.07092635,-0.15416211,-0.15729561,-0.18733518,-0.1545671,-0.13021733,-0.12334781,-0.14100276,-0.15480402,-0.114095174,-0.25318068,-0.26654312,-0.12938416,-0.10945694,-0.15479432,-0.09238048,-0.20963459,-0.1548486,-0.15805574,-0.12967207,-0.15477037,-0.16015086,-0.1553517,-0.15485337,-0.19704957,-0.20616047,-0.12906508,-0.10460003,-0.11361031,-0.10256614,-0.15484527,-0.19495486,-0.1548188,-0.12958227,-0.15467808,-0.041086134,-0.12967405,-0.15485197,-0.2300741,-0.15482873,-0.10384405,-0.15330145,-0.0784167,-0.15469714,-0.12766197,-0.15471883,-0.121451,-0.075820275,-0.09192432,-0.101488546,-0.15456152,-0.15804552,-0.12378413,-0.15468046,-0.1410757,-0.13984437,-0.18093297,-0.15485469,-0.25777104,-0.12844054,-0.1547557,-0.13462572,-0.119081676,-0.15482283,-0.15814394,-0.15814574,-0.15814695,-0.19755594,-0.25103784,-0.20219928,-0.19465852,-0.24831252,-0.20506537,-0.22091979,-0.1548383,-0.12989557,-0.11956477,-0.15483317,-0.15813997,-0.20931396,-0.18224281,-0.15482321,-0.32474133,-0.15485263,-0.15814981,-0.15814865,-0.15814823,-0.2185038,-0.15482269,-0.114121355,-0.15482593,-0.15813324,-0.15814023,-0.22984435,-0.15484583,-0.15812068,-0.08963354,-0.15473592,-0.15809701,-0.15811586,-0.15811749,-0.13302092,-0.1051107,-0.14014931,-0.15141064,-0.15839578,-0.15615125,-0.14613561,-0.15484196,-0.12319561,-0.13030718,-0.15480307,-0.15814963,-0.15814912,-0.15814912,-0.15814967,-0.38518023,-0.11451449,-0.15481126,-0.15564899,-0.14443555,-0.16636807,-0.15484759,-0.15806586,-0.12993515,-0.047159404,-0.14844912,-0.14016809,-0.14106366,-0.15469258,-0.19987361,-0.1649412,-0.17166539,-0.15482387,-0.15810454,-0.12722544,-0.14610182,-0.2588673,-0.1300886,-0.1547166,-0.09132757,-0.12832497,-0.13684332,-0.16221203,-0.15659244,-0.12944666,-0.15457618,-0.15804847,-0.15810084,-0.15813684,-0.15740095,-0.19795567,-0.15106063,-0.07294749,-0.2039893,-0.15481193,-0.15809935,-0.104459345,-0.15443738,-0.17466888,-0.13176009,-0.15481997,-0.15109587,-0.10913184,-0.15464327,-0.05825615,-0.14326635,-0.17082691,-0.1547542,-0.18883844,-0.15485382,-0.31316653,-0.1548433,-0.16808087,-0.14331596,-0.1548456,-0.15814593,-0.25088155,-0.15485421,-0.22115314,-0.07562123,-0.086852394,-0.10702289,-0.060967896,-0.14766425,-0.16796505,-0.15746465,-0.22133875,-0.12812386,-0.0969081,-0.16398169,-0.12716047,-0.11335766,-0.18846886,-0.13029948,-0.17755464,-0.0994983,-0.115196005,-0.1547555,-0.11662802,-0.19749595,-0.14526704,-0.12781724,-0.096878245,-0.15475583,-0.15793699,-0.12434345,-0.11230643,-0.063823454,-0.1546801,-0.11419349,-0.10007019,-0.24483351,-0.1548548,-0.15813698,-0.16344379,-0.1759062,-0.12524253,-0.15483904,-0.0782174,-0.19187105,-0.18185812,-0.09859173,-0.11065883,-0.15448931,-0.15780133,-0.083404,-0.1213824,-0.13072303,-0.13855581,-0.19385117,-0.15481466,-0.15814258,-0.19487974,-0.23847799,-0.2432746,-0.12993626,-0.15463383,-0.15811172,-0.14520228,-0.2961179,-0.154854,-0.19813283,-0.13019428,-0.154785,-0.060104962,-0.15931924,-0.15485209,-0.2028091,-0.2868003,-0.11816878,-0.14795661,-0.10060286,-0.15468423,-0.13614628,-0.20725825,-0.17393659,-0.125103,-0.15657571,-0.15690626,-0.15485057,-0.15814519,-0.16221246,-0.22200036,-0.13037772,-0.2814266,-0.15485524,-0.1915083,-0.24371436,-0.16952515,-0.15476076,-0.13369927,-0.12557748,-0.1548472,-0.18106565,-0.15485497,-0.18642783,-0.15479359,-0.30462334,-0.15473455,-0.14691104,-0.13029914,-0.154841,-0.1581319,-0.18915205,-0.13029191,-0.1548464,-0.10481856,-0.1650517,-0.15484399,-0.15814736,-0.15811571,-0.12983586,-0.15474154,-0.15811065,-0.15810087,-0.15811333,-0.15812221,-0.16505513,-0.17392421,-0.15483913,-0.1581396,-0.15812868,-0.15814018,-0.2025511,-0.15354379,-0.14723541,-0.15376061,-0.11499533,-0.10471026,-0.11893196,-0.15484308,-0.15806292,-0.13024803,-0.19501048,-0.15485153,-0.18738703,-0.11705899,-0.17429145,-0.15484115,-0.06652963,-0.15457791,-0.10737923,-0.124497145,-0.15298569,-0.052188452,-0.26007295
k__Bacteria|p__Firmicutes|c__Tissierellia|o__Tissierellales|f__Peptoniphilaceae|g__Urinicoccus|s__Urinicoccus_massiliensis,-0.1004395,-0.12316422,-0.15481694,-0.15816839,-0.15816873,-0.23867357,-0.1666669,-0.16813041,-0.10929718,-0.22895765,-0.23728925,-0.15482312,-0.22850217,-0.3768707,-0.08556121,-0.15430602,-0.058144663,-0.15413883,-0.15808868,-0.19931981,-0.1978925,-0.12969221,-0.15477785,-0.12711628,-0.20043859,-0.11658599,-0.182019,-0.25032333,-0.1509206,-0.154784,-0.15142563,-0.10844302,-0.18249588,-0.28454733,-0.154806,-0.12992734,-0.15482005,-0.22338755,-0.15482357,-0.29867563,-0.15482366,-0.29356226,-0.12905891,-0.15463313,-0.13691942,-0.15481652,-0.23188588,-0.24781659,-0.1296162,-0.12993474,-0.24679694,-0.18279888,-0.25087595,-0.26027086,-0.28621647,-0.27511892,-0.11894142,-0.15471247,-0.040142577,-0.056944285,-0.15389195,-0.11274739,-0.13743341,-0.12978967,-0.15479565,-0.15816273,-0.15816845,-0.15816927,-0.27573854,-0.15477282,-0.12979227,-0.16243835,-0.12334165,-0.14074792,-0.1547798,-0.15887658,-0.14481027,-0.12990786,-0.18691605,-0.14998752,-0.15480818,-0.15814126,-0.15815562,-0.15807039,-0.120334074,-0.13700745,-0.08858878,-0.15480056,-0.19008024,-0.15481485,-0.2004665,-0.11139822,-0.1388583,-0.13027036,-0.1074974,-0.15152657,-0.15469158,-0.15777478,-0.10065024,-0.08152827,-0.09427856,-0.15475485,-0.11960925,-0.15027548,-0.16982608,-0.1185138,-0.1547761,-0.15816066,-0.17738779,-0.15176103,-0.1548185,-0.25953975,-0.17989698,-0.13525523,-0.15481493,-0.15095688,-0.17780018,-0.2009549,-0.15478843,-0.09015879,-0.15444076,-0.12151222,-0.121854745,-0.13997786,-0.21433522,-0.13908121,-0.16057305,-0.15472391,-0.07092635,-0.15401638,-0.15717337,-0.18733518,-0.15448716,-0.12977481,-0.12334781,-0.14100276,-0.15476322,-0.114095174,-0.25318068,-0.26654312,-0.12884927,-0.10945694,-0.15475196,-0.09238048,-0.20963459,-0.15481523,-0.15806034,-0.12917371,-0.15472423,-0.16015086,-0.1553517,-0.15482078,-0.19704957,-0.20616047,-0.12849043,-0.10460003,-0.11361031,-0.10256614,-0.15481134,-0.19495486,-0.1547805,-0.12908167,-0.1546166,-0.041086134,-0.12967405,-0.15481916,-0.2300741,-0.15479189,-0.10384405,-0.15301816,-0.0784167,-0.15463911,-0.12766197,-0.15466408,-0.121451,-0.075820275,-0.09192432,-0.101488546,-0.15448144,-0.15804866,-0.12378413,-0.15462086,-0.1410757,-0.13984437,-0.18093297,-0.1548223,-0.25777104,-0.12844054,-0.15470761,-0.13462572,-0.119081676,-0.1547852,-0.15816331,-0.1581654,-0.15816683,-0.19755594,-0.25103784,-0.20219928,-0.19465852,-0.24831252,-0.20506537,-0.22091979,-0.15480317,-0.12942265,-0.11956477,-0.15479723,-0.15815869,-0.20931396,-0.18224281,-0.15478586,-0.32474133,-0.15481994,-0.15817016,-0.1581688,-0.15816832,-0.2185038,-0.15478526,-0.114121355,-0.1547888,-0.15815082,-0.15815899,-0.22984435,-0.15481204,-0.15813679,-0.08963354,-0.15468413,-0.15810862,-0.15813056,-0.15813246,-0.13302092,-0.1051107,-0.14014931,-0.15141064,-0.15839578,-0.15615125,-0.14613561,-0.15480748,-0.12319561,-0.1298728,-0.15476206,-0.15816993,-0.15816933,-0.15816936,-0.15816998,-0.38518023,-0.11451449,-0.15477164,-0.15564899,-0.14443555,-0.16636807,-0.15481403,-0.15807202,-0.12993515,-0.047159404,-0.14734396,-0.14016809,-0.14106366,-0.15463313,-0.19987361,-0.1649412,-0.17166539,-0.15478641,-0.15811735,-0.12722544,-0.14610182,-0.2588673,-0.12963189,-0.1546618,-0.09132757,-0.12832497,-0.13684332,-0.16221203,-0.15659244,-0.12892611,-0.15449868,-0.15805212,-0.15811306,-0.15815502,-0.15740095,-0.19795567,-0.15106063,-0.07294749,1.1830586,-0.15477246,-0.15811142,-0.104459345,-0.15437049,-0.17466888,-0.13176009,-0.15478182,-0.15109587,-0.10913184,-0.15457705,-0.05825615,-0.14326635,-0.17082691,-0.15470509,-0.18883844,-0.1548213,-0.31316653,-0.15480897,-0.16808087,-0.14331596,-0.15481171,-0.15816563,-0.25088155,-0.15482178,-0.22115314,-0.07562123,-0.086852394,-0.10702289,-0.060967896,-0.14642924,-0.16796505,-0.15746465,-0.22133875,-0.12812386,-0.0969081,-0.16398169,-0.12716047,-0.11335766,-0.18846886,-0.1298646,-0.17755464,-0.0994983,-0.115196005,-0.15470667,-0.11662802,-0.19749595,-0.14526704,-0.12781724,-0.096878245,-0.15470716,-0.15792245,-0.12434345,-0.11230643,-0.063823454,-0.15461934,-0.11419349,-0.10007019,-0.24483351,-0.15482244,-0.15815507,-0.16344379,-0.1759062,-0.12524253,-0.15480408,-0.0782174,-0.19187105,-0.18185812,-0.09859173,-0.11065883,-0.1543968,-0.15776423,-0.083404,-0.1213824,-0.13072303,-0.13855581,-0.19385117,-0.15477565,-0.15816171,-0.19487974,-0.23847799,-0.2432746,-0.12945685,-0.15456516,-0.15812567,-0.14520228,-0.2961179,-0.15482153,-0.19813283,-0.12974744,-0.15474118,-0.060104962,-0.15931924,-0.15481928,-0.2028091,-0.2868003,-0.11816878,-0.14795661,-0.10060286,-0.1546236,-0.13614628,-0.20725825,-0.17393659,-0.125103,-0.15657571,-0.15690626,-0.15481752,-0.15816475,-0.16221246,-0.22200036,-0.12995361,-0.2814266,-0.15482296,-0.1915083,-0.24371436,-0.16952515,-0.15471315,-0.13369927,-0.12557748,-0.15481359,-0.18106565,-0.15482265,-0.18642783,-0.15475106,-0.30462334,-0.15468213,-0.14691104,-0.13029914,-0.15480636,-0.15814927,-0.18915205,-0.1298553,-0.15481266,-0.10481856,-0.1650517,-0.15480986,-0.1581673,-0.1581302,-0.12935539,-0.15469053,-0.15812448,-0.15811309,-0.1581276,-0.15813807,-0.16505513,-0.17392421,-0.15480417,-0.15815826,-0.15814549,-0.15815891,-0.2025511,-0.15354379,-0.14723541,-0.1535452,-0.11499533,-0.10471026,-0.11893196,-0.15480879,-0.15806875,-0.12980548,-0.19501048,-0.15481862,-0.18738703,-0.11705899,-0.17429145,-0.15480646,-0.06652963,-0.15450072,-0.10737923,-0.124497145,-0.15298569,-0.052188452,-0.26007295
k__Bacteria|p__Firmicutes|c__Clostridia|o__Eubacteriales|f__Oscillospiraceae|g__Faecalibacterium|s__Faecalibacterium_SGB15315,-0.1004395,-0.12316422,-0.15384123,-0.15722564,-0.15722588,-0.23867357,-0.1666669,-0.16813041,-0.10929718,-0.22895765,-0.23728925,-0.15384535,-0.22850217,-0.3768707,-0.08556121,-0.15348992,-0.058144663,-0.15337792,-0.15717207,-0.19931981,-0.1978925,-0.12853435,-0.15381481,-0.12711628,-0.20043859,-0.11658599,-0.182019,-0.25032333,-0.1509206,-0.1538193,-0.15142563,-0.10844302,-0.18249588,-0.28454733,-0.15383393,-0.12870458,-0.15384328,-0.22338755,-0.15384568,-0.29867563,-0.15384574,-0.29356226,-0.12807463,-0.15371872,-0.13691942,-0.15384093,-0.23188588,-0.24781659,-0.1296162,-0.12870994,-0.24679694,-0.18279888,-0.25087595,-0.26027086,-0.28621647,-0.27511892,-0.11894142,-0.15377036,-0.040142577,-0.056944285,-0.1532228,-0.11274739,-0.13743341,-0.12860565,-0.15382704,-0.1572218,-0.1572257,-0.15722623,-0.27573854,-0.15381137,-0.12860866,-0.16243835,-0.12334165,-0.14074792,-0.15381615,-0.15887658,-0.14481027,-0.12869054,-0.18691605,-0.14998752,-0.15383528,-0.15720737,-0.15721712,-0.15716088,-0.120334074,-0.13700745,-0.08858878,-0.15383011,-0.19008024,-0.1538398,-0.2004665,-0.11139822,-0.1388583,-0.13027036,-0.1074974,-0.15152657,-0.15375635,-0.15694974,-0.10065024,-0.08152827,-0.09427856,-0.15379915,-0.11960925,-0.15027548,-0.16982608,-0.1185138,-0.15381397,-0.15722042,-0.17738779,-0.15176103,-0.15384227,-0.25953975,-0.17989698,-0.13525523,-0.15383984,-0.15095688,-0.17780018,-0.2009549,-0.15382253,-0.09015879,-0.15358528,-0.12151222,-0.121854745,-0.13997786,-0.21433522,-0.13908121,-0.16057305,-0.15377808,-0.07092635,-0.15329888,-0.15656577,-0.18733518,-0.15362382,-0.12859033,-0.12334781,-0.14100276,-0.15380493,-0.114095174,-0.25318068,-0.26654312,-0.1278943,-0.10945694,-0.15379718,-0.09238048,-0.20963459,-0.15384004,-0.15715556,-0.1281383,-0.15377882,-0.16015086,-0.1553517,-0.15384379,-0.19704957,-0.20616047,-0.12763335,-0.10460003,-0.11361031,-0.10256614,-0.15383738,-0.19495486,-0.15381691,-0.12806213,-0.15370513,-0.041086134,-0.12967405,-0.15384275,-0.2300741,-0.15382488,-0.10384405,-0.15261555,-0.0784167,-0.1537211,-0.12766197,-0.1537377,-0.121451,-0.075820275,-0.09192432,-0.101488546,-0.15361309,-0.15714434,-0.12378413,-0.15370807,-0.1410757,-0.13984437,-0.18093297,-0.15384483,-0.25777104,-0.12844054,-0.1537675,-0.13462572,-0.119081676,-0.15381956,-0.15722221,-0.15722364,-0.1572246,-0.19755594,-0.25103784,-0.20219928,-0.19465852,-0.24831252,-0.20506537,-0.22091979,-0.15383217,-0.12832355,-0.11956477,-0.15382785,-0.15721913,-0.20931396,-0.18224281,-0.15382043,-0.32474133,-0.15384321,-0.15722683,-0.1572259,-0.1572256,-0.2185038,-0.1538201,-0.114121355,-0.15382251,-0.15721408,-0.15721932,-0.22984435,-0.15383783,-0.15720448,-0.08963354,-0.15375164,-0.15718499,-0.15720034,-0.1572012,-0.13302092,-0.1051107,-0.14014931,-0.15141064,-0.15839578,-0.15615125,-0.14613561,-0.15383473,-0.12319561,-0.12866683,-0.15380473,-0.15722668,-0.1572263,-0.1572263,-0.15722673,-0.38518023,-0.11451449,-0.15381077,-0.15564899,-0.14443555,-0.16636807,-0.1538393,-0.1571626,-0.12993515,-0.047159404,-0.14888287,-0.14016809,-0.14106366,-0.15371785,-0.19987361,-0.1649412,-0.17166539,-0.15382054,-0.1571908,-0.12722544,-0.14610182,-0.2588673,-0.1284831,-0.1537356,-0.09132757,-0.12832497,-0.13684332,-0.16221203,-0.15659244,-0.1279442,-0.1536263,-0.15714693,-0.15718818,-0.15721661,-0.15740095,-0.19795567,-0.15106063,-0.07294749,-0.2039893,-0.15381145,-0.15718672,-0.104459345,-0.15350032,-0.17466888,-0.13176009,-0.15381727,-0.15109587,-0.10913184,-0.15367791,-0.05825615,6.3666315,-0.17082691,-0.15376616,-0.18883844,-0.15384416,-0.31316653,-0.15383612,-0.16808087,-0.14331596,-0.15383768,-0.15722382,-0.25088155,-0.15384449,-0.22115314,-0.07562123,-0.086852394,-0.10702289,-0.060967896,-0.1482631,-0.16796505,-0.15746465,-0.22133875,-0.12812386,-0.0969081,-0.16398169,-0.12716047,-0.11335766,-0.18846886,-0.12865995,-0.17755464,-0.0994983,-0.115196005,-0.15376697,-0.11662802,-0.19749595,-0.14526704,-0.12781724,-0.096878245,-0.15376636,-0.15705882,-0.12434345,-0.11230643,-0.063823454,-0.15370703,-0.11419349,-0.10007019,-0.24483351,-0.15384491,-0.1572171,-0.16344379,-0.1759062,-0.12524253,-0.15383247,-0.0782174,-0.19187105,-0.18185812,-0.09859173,-0.11065883,-0.15355605,-0.15695202,-0.083404,-0.1213824,-0.13072303,-0.13855581,-0.19385117,-0.15381369,-0.15722115,-0.19487974,-0.23847799,-0.2432746,-0.12836748,-0.15367077,-0.15719703,-0.14520228,-0.2961179,-0.1538443,-0.19813283,-0.12857291,-0.15379027,-0.060104962,-0.15931924,-0.1538428,-0.2028091,-0.2868003,-0.11816878,-0.14795661,-0.10060286,-0.15371147,-0.13614628,-0.20725825,-0.17393659,-0.125103,-0.15657571,-0.15690626,-0.15384161,-0.1572232,-0.16221246,-0.22200036,-0.128723,-0.2814266,-0.15384527,-0.1915083,-0.24371436,-0.16952515,-0.15377252,-0.13369927,-0.12557748,-0.15383899,-0.18106565,-0.15384504,-0.18642783,-0.15379792,-0.30462334,-0.15375137,-0.14691104,-0.13029914,-0.15383407,-0.1572127,-0.18915205,-0.12865373,-0.1538383,-0.10481856,-0.1650517,-0.15383652,-0.15722492,-0.1572009,-0.12828127,-0.15375543,-0.15719634,-0.15718846,-0.15719838,-0.1572051,-0.16505513,-0.17392421,-0.15383269,-0.15721878,-0.15721028,-0.15721923,-0.2025511,-0.15354379,-0.14723541,-0.15299737,-0.11499533,-0.10471026,-0.11893196,-0.15383571,-0.15716022,-0.12861766,-0.19501048,-0.15384239,-0.18738703,-0.11705899,-0.17429145,-0.15383457,-0.06652963,-0.1536255,-0.10737923,-0.124497145,-0.15298569,-0.052188452,-0.26007295
k__Bacteria|p__Firmicutes|c__Negativicutes|o__Veillonellales|f__Veillonellaceae|g__Megasphaera|s__Megasphaera_massiliensis,-0.1004395,-0.12316422,-0.15497631,-0.15822409,-0.15822436,-0.23867357,-0.1666669,-0.16813041,-0.10929718,-0.22895765,-0.23728925,-0.1549809,-0.22850217,-0.3768707,-0.08556121,-0.15457958,-0.058144663,-0.15444756,-0.15816419,-0.19931981,-0.1978925,-0.13065387,-0.1549465,-0.12711628,-0.20043859,-0.11658599,-0.182019,-0.25032333,-0.1509206,-0.154952,-0.15142563,-0.10844302,-0.18249588,-0.28454733,-0.15496844,-0.13085358,-0.15497857,-0.22338755,-0.15498126,-0.29867563,-0.15498133,-0.29356226,-0.1301139,-0.15484083,-0.13691942,-0.15497588,-0.23188588,-0.24781659,-0.1296162,-0.13086003,-0.24679694,-0.18279888,-0.25087595,-0.26027086,-0.28621647,-0.27511892,-0.11894142,-0.15489632,-0.040142577,-0.056944285,-0.15428846,-0.11274739,-0.13743341,-0.13073862,-0.15496062,-0.15821975,-0.15822417,-0.15822476,-0.27573854,-0.1549438,-0.1307426,-0.16243835,-0.12334165,-0.14074792,-0.15494803,-0.15887658,-0.14481027,-0.13083702,-0.18691605,-0.14998752,-0.15496954,-0.15820357,-0.15821467,-0.15815452,-0.120334074,-0.13700745,-0.08858878,-0.15496372,-0.19008024,-0.15497462,-0.2004665,-0.11139822,-0.1388583,-0.13027036,-0.1074974,-0.15152657,-0.15488043,-0.15792646,-0.10065024,-0.08152827,-0.09427856,-0.15492871,-0.11960925,-0.15027548,-0.16982608,-0.1185138,-0.15494609,-0.15821823,-0.17738779,-0.15176103,-0.15497747,-0.25953975,-0.17989698,-0.13525523,-0.15497467,-0.15095688,-0.17780018,-0.2009549,-0.15495655,-0.09015879,-0.1546858,-0.12151222,-0.121854745,-0.13997786,-0.21433522,-0.13908121,-0.16057305,-0.15490475,-0.07092635,-0.15436593,-0.15749896,-0.18733518,-0.15474044,-0.13071829,-0.12334781,-0.14100276,-0.15493536,-0.114095174,-0.25318068,-0.26654312,-0.12989596,-0.10945694,-0.15492646,-0.09238048,-0.20963459,-0.15497488,-0.1581498,-0.13018768,-0.15490659,-0.16015086,-0.1553517,-0.15497914,-0.19704957,-0.20616047,-0.12958288,-0.10460003,-0.11361031,-0.10256614,-0.15497184,-0.19495486,-0.15494959,-0.13009593,-0.15482219,-0.041086134,-0.12967405,-0.15497804,-0.2300741,-0.1549587,-0.10384405,-0.1536012,-0.0784167,-0.15484151,-0.12766197,-0.15485959,-0.121451,-0.075820275,-0.09192432,-0.101488546,-0.15471856,-0.15813203,-0.12378413,-0.15483174,-0.1410757,-0.13984437,-0.18093297,-0.15498029,-0.25777104,-0.12844054,-0.1548953,-0.13462572,-0.119081676,-0.15495157,-0.15822025,-0.15822186,-0.15822291,-0.19755594,-0.25103784,-0.20219928,-0.19465852,-0.24831252,-0.20506537,-0.22091979,-0.15496656,-0.13040465,-0.11956477,-0.1549611,-0.15821682,-0.20931396,-0.18224281,-0.15495384,-0.32474133,-0.15497845,-0.15822543,-0.15822439,-0.15822402,-0.2185038,-0.15495327,-0.114121355,-0.15495566,-0.15821153,-0.15821707,-0.22984435,-0.15497234,-0.15820122,-0.08963354,-0.15487592,-0.15817788,-0.15819596,-0.15819624,-0.13302092,-0.1051107,-0.14014931,-0.15141064,-0.15839578,-0.15615125,-0.14613561,-0.15496877,-0.12319561,-0.1308108,-0.15493605,-0.15822527,-0.15822484,-0.15822482,-0.15822531,-0.38518023,-0.11451449,-0.15494214,-0.15564899,-0.14443555,-0.16636807,-0.15497419,-0.1581561,-0.12993515,-0.047159404,-0.14951897,-0.14016809,-0.14106366,-0.1548383,-0.19987361,-0.1649412,-0.17166539,-0.15495291,-0.15818428,-0.12722544,-0.14610182,-0.2588673,-0.1305892,-0.15485662,-0.09132757,-0.12832497,-0.13684332,-0.16221203,-0.15659244,-0.12995447,-0.15473548,-0.1581353,-0.15818177,-0.15821391,-0.15740095,-0.19795567,-0.15106063,-0.07294749,-0.2039893,-0.1549432,-0.15817967,-0.104459345,-0.15459324,-0.17466888,-0.13176009,-0.15494889,-0.15109587,-0.10913184,-0.15479258,-0.05825615,-0.14326635,-0.17082691,-0.1548924,-0.18883844,-0.15497959,-0.31316653,-0.15497094,-0.16808087,-0.14331596,-0.15497226,-0.15822214,-0.25088155,-0.15497994,-0.22115314,-0.07562123,-0.086852394,-0.10702289,-0.060967896,-0.14881876,-0.16796505,-0.15746465,-0.22133875,-0.12812386,-0.0969081,-0.16398169,-0.12716047,-0.11335766,-0.18846886,-0.13080205,-0.17755464,-0.0994983,-0.115196005,-0.15489304,-0.11662802,-0.19749595,-0.14526704,-0.12781724,-0.096878245,-0.15489101,-0.1580357,-0.12434345,-0.11230643,-0.063823454,-0.15482485,-0.11419349,-0.10007019,-0.24483351,-0.15498039,-0.1582151,-0.16344379,-0.1759062,-0.12524253,-0.15496632,-0.0782174,-0.19187105,-0.18185812,-0.09859173,-0.11065883,-0.15465373,-0.15791559,-0.083404,-0.1213824,-0.13072303,-0.13855581,-0.19385117,-0.15494582,-0.15821904,-0.19487974,-0.23847799,-0.2432746,-0.13046412,-0.15478425,-0.15819219,-0.14520228,-0.2961179,-0.15497968,-0.19813283,-0.13069874,-0.15491939,-0.060104962,-0.15931924,-0.1549781,-0.2028091,-0.2868003,-0.11816878,-0.14795661,-0.10060286,-0.15483156,-0.13614628,-0.20725825,-0.17393659,-0.125103,-0.15657571,-0.15690626,-0.15497676,-0.15822133,-0.16221246,-0.22200036,-0.13087496,-0.2814266,-0.15498081,-0.1915083,-0.24371436,-0.16952515,-0.15490273,-0.13369927,-0.12557748,-0.15497382,-0.18106565,-0.15498054,-0.18642783,-0.15492985,-0.30462334,-0.15487689,-0.14691104,2.5199368,-0.15496826,-0.1582095,-0.18915205,-0.13079455,-0.15497294,-0.10481856,-0.1650517,-0.15497112,-0.15822329,-0.15819791,-0.13036008,-0.15487918,-0.15819164,-0.15818249,-0.15819383,-0.15820093,-0.16505513,-0.17392421,-0.1549668,-0.15821636,-0.1582069,-0.15821686,-0.2025511,-0.15354379,-0.14723541,-0.15404767,-0.11499533,-0.10471026,-0.11893196,-0.1549701,-0.15815386,-0.130752,-0.19501048,-0.15497762,-0.18738703,-0.11705899,-0.17429145,-0.1549694,-0.06652963,-0.1547316,-0.10737923,-0.124497145,-0.15298569,-0.052188452,-0.26007295
k__Bacteria|p__Firmicutes|c__Clostridia|o__Eubacteriales|f__Clostridiaceae|g__GGB57353|s__GGB57353_SGB58537,-0.1004395,-0.12316422,-0.15399027,-0.1573202,-0.1573205,-0.23867357,-0.1666669,-0.16813041,-0.10929718,-0.22895765,-0.23728925,-0.1539953,-0.22850217,-0.3768707,-0.08556121,-0.15356568,-0.058144663,-0.15342893,-0.15725502,-0.19931981,-0.1978925,-0.12906289,-0.15395808,-0.12711628,-0.20043859,-0.11658599,-0.182019,-0.25032333,-0.1509206,-0.15396348,-0.15142563,-0.10844302,-0.18249588,-0.28454733,-0.15398136,-0.12925884,-0.15399277,-0.22338755,-0.1539957,-0.29867563,-0.15399577,-0.29356226,-0.12853467,-0.15384094,-0.13691942,-0.15398988,-0.23188588,-0.24781659,-0.1296162,-0.12926531,-0.24679694,-0.18279888,-0.25087595,-0.26027086,-0.28621647,-0.27511892,-0.11894142,-0.1539045,-0.040142577,-0.056944285,-0.15323943,-0.11274739,-0.13743341,-0.1291459,-0.15397306,-0.15731555,-0.15732029,-0.15732095,-0.27573854,-0.15395385,-0.1291477,-0.16243835,-0.12334165,-0.14074792,-0.15395984,-0.15887658,-0.14481027,-0.12924258,-0.18691605,-0.14998752,-0.15398307,-0.15729806,-0.1573099,-0.15723945,-0.120334074,-0.13700745,-0.08858878,-0.15397681,-0.19008024,-0.15398854,-0.2004665,-0.11139822,-0.1388583,-0.13027036,-0.1074974,-0.15152657,-0.15388742,-0.15698436,-0.10065024,-0.08152827,-0.09427856,-0.15393916,-0.11960925,-0.15027548,-0.16982608,-0.1185138,-0.153957,-0.15731388,-0.17738779,-0.15176103,-0.15399155,-0.25953975,-0.17989698,-0.13525523,-0.1539886,-0.15095688,-0.17780018,-0.2009549,-0.15396714,-0.09015879,-0.15368047,-0.12151222,-0.121854745,-0.13997786,-0.21433522,-0.13908121,-0.16057305,-0.15391365,-0.07092635,-0.15333241,-0.15651903,-0.18733518,-0.15372476,-0.12913257,-0.12334781,-0.14100276,-0.1539462,-0.114095174,-0.25318068,-0.26654312,-0.12836568,-0.10945694,-0.15393682,-0.09238048,-0.20963459,-0.15398884,-0.15723154,-0.12863517,-0.15391427,-0.16015086,-0.1553517,-0.1539934,-0.19704957,-0.20616047,-0.12805898,-0.10460003,-0.11361031,-0.10256614,-0.15398559,-0.19495486,-0.15396017,-0.12855043,-0.15382496,-0.041086134,-0.12967405,-0.15399212,-0.2300741,-0.15396956,-0.10384405,-0.15250936,-0.0784167,-0.15384421,-0.12766197,-0.1538648,-0.121451,-0.075820275,-0.09192432,-0.101488546,-0.15371501,-0.15722167,-0.12378413,-0.15382515,-0.1410757,-0.13984437,-0.18093297,-0.15399465,-0.25777104,-0.12844054,-0.15389898,-0.13462572,-0.119081676,-0.15396401,-0.15731606,-0.15731779,-0.15731895,-0.19755594,-0.25103784,-0.20219928,-0.19465852,-0.24831252,-0.20506537,-0.22091979,-0.15397912,-0.12884267,-0.11956477,-0.153974,-0.1573123,-0.20931396,-0.18224281,-0.15396479,-0.32474133,-0.15399268,-0.15732166,-0.15732056,-0.15732016,-0.2185038,-0.15396398,-0.114121355,-0.15396747,-0.15730618,-0.15731251,-0.22984435,-0.15398617,-0.15729408,-0.08963354,-0.15388156,-0.15727088,-0.15728949,-0.15729055,-0.13302092,-0.1051107,-0.14014931,-0.15141064,-0.15839578,-0.15615125,-0.14613561,-0.15398237,-0.12319561,-0.12921384,-0.15394598,-0.15732148,-0.157321,-0.157321,-0.15732154,-0.38518023,-0.11451449,-0.15395328,-0.15564899,-0.14443555,-0.16636807,-0.15398796,-0.15724255,-0.12993515,-0.047159404,-0.14796218,-0.14016809,-0.14106366,-0.1538405,-0.19987361,-0.1649412,-0.17166539,-0.1539652,-0.15727797,-0.12722544,-0.14610182,-0.2588673,-0.1290127,-0.15386254,-0.09132757,-0.12832497,-0.13684332,-0.16221203,-0.15659244,-0.1284351,-0.15372983,-0.1572248,-0.15727471,-0.15730925,-0.15740095,-0.19795567,-0.15106063,-0.07294749,-0.2039893,-0.15395418,-0.15727304,-0.104459345,-0.15359506,-0.17466888,-0.13176009,-0.15396118,-0.15109587,-0.10913184,-0.15379274,-0.05825615,-0.14326635,-0.17082691,-0.15389913,-0.18883844,-0.15399386,-0.31316653,-0.15398404,-0.16808087,-0.14331596,-0.15398596,-0.15731801,-0.25088155,-0.15399425,-0.22115314,-0.07562123,-0.086852394,-0.10702289,-0.060967896,-0.14721811,-0.16796505,-0.15746465,-0.22133875,-0.12812386,-0.0969081,-0.16398169,-0.12716047,-0.11335766,-0.18846886,-0.12920684,-0.17755464,-0.0994983,-0.115196005,-0.15390015,-0.11662802,-0.19749595,-0.14526704,-0.12781724,-0.096878245,-0.15389952,-0.1571182,-0.12434345,-0.11230643,-0.063823454,-0.15382776,-0.11419349,-0.10007019,-0.24483351,-0.15399477,-0.15730934,-0.16344379,-0.1759062,-0.12524253,-0.15397966,-0.0782174,-0.19187105,-0.18185812,-0.09859173,-0.11065883,-0.15364482,-0.15698847,-0.083404,-0.1213824,-0.13072303,-0.13855581,-0.19385117,-0.1539568,-0.15731473,-0.19487974,-0.23847799,-0.2432746,-0.12886493,-0.15378377,-0.15728542,-0.14520228,-0.2961179,-0.153994,-0.19813283,-0.12910923,-0.15392846,-0.060104962,-0.15931924,-0.1539922,-0.2028091,-0.2868003,-0.11816878,-0.14795661,-0.10060286,-0.1538328,-0.13614628,-0.20725825,-0.17393659,-0.125103,-0.15657571,-0.15690626,-0.15399076,-0.15731725,-0.16221246,-0.22200036,-0.1292809,-0.2814266,-0.15399519,-0.1915083,1.8011279,-0.16952515,-0.15390417,-0.13369927,-0.12557748,-0.15398756,-0.18106565,-0.15399493,-0.18642783,-0.15393683,-0.30462334,-0.15388122,-0.14691104,-0.13029914,-0.15398161,-0.1573045,-0.18915205,-0.12919866,-0.15398672,-0.10481856,-0.1650517,-0.15398458,-0.15731934,-0.15728894,-0.12877963,-0.1538863,-0.15728462,-0.15727508,-0.15728709,-0.15729523,-0.16505513,-0.17392421,-0.15397993,-0.15731192,-0.15730155,-0.15731244,-0.2025511,-0.15354379,-0.14723541,-0.15296581,-0.11499533,-0.10471026,-0.11893196,-0.1539836,-0.15723844,-0.12915716,-0.19501048,-0.1539917,-0.18738703,-0.11705899,-0.17429145,-0.15398133,-0.06652963,-0.15372893,-0.10737923,-0.124497145,-0.15298569,-0.052188452,-0.26007295
k__Bacteria|p__Firmicutes|c__Clostridia|o__Eubacteriales|f__Clostridiaceae|g__Clostridium|s__Clostridium_jeddahense,-0.1004395,-0.12316422,-0.15298304,-0.15624529,-0.15624562,-0.23867357,-0.1666669,-0.16813041,-0.10929718,-0.22895765,-0.23728925,-0.15298912,-0.22850217,-0.3768707,-0.08556121,-0.15248536,-0.058144663,-0.15231791,-0.1561671,-0.19931981,-0.1978925,-0.12852886,-0.15294471,-0.12711628,-0.20043859,-0.11658599,-0.182019,-0.25032333,-0.1509206,-0.15295085,-0.15142563,-0.10844302,-0.18249588,-0.28454733,-0.15297252,-0.12875612,-0.1529861,-0.22338755,-0.15298958,-0.29867563,-0.15298966,-0.29356226,-0.12790784,-0.15280306,-0.13691942,-0.15298265,-0.23188588,-0.24781659,-0.1296162,-0.12876338,-0.24679694,-0.18279888,-0.25087595,-0.26027086,-0.28621647,-0.27511892,-0.11894142,-0.15288053,-0.040142577,-0.056944285,-0.15207529,-0.11274739,-0.13743341,-0.12862308,-0.15296218,-0.15623972,-0.15624535,-0.15624616,-0.27573854,-0.15294006,-0.12862484,-0.16243835,-0.12334165,-0.14074792,-0.15294659,-0.15887658,-0.14481027,-0.12873739,-0.18691605,-0.14998752,-0.15297446,-0.15621865,-0.15623276,-0.15615165,-0.120334074,-0.13700745,-0.08858878,-0.15296698,-0.19008024,-0.15298098,-0.2004665,-0.11139822,3.6543074,-0.13027036,-0.1074974,-0.15152657,-0.15285996,-0.1558656,-0.10065024,-0.08152827,-0.09427856,-0.15292215,-0.11960925,-0.15027548,-0.16982608,-0.1185138,-0.15294304,-0.15623769,-0.17738779,-0.15176103,-0.15298459,-0.25953975,-0.17989698,-0.13525523,-0.15298109,-0.15095688,-0.17780018,-0.2009549,-0.15295559,-0.09015879,-0.15261376,-0.12151222,-0.121854745,-0.13997786,-0.21433522,-0.13908121,-0.16057305,-0.15289178,-0.07092635,-0.15219936,-0.15527001,-0.18733518,-0.15266185,-0.1286075,-0.12334781,-0.14100276,-0.15293032,-0.114095174,-0.25318068,-0.26654312,-0.12772489,-0.10945694,-0.15291923,-0.09238048,-0.20963459,-0.15298137,-0.15614004,-0.12802914,-0.15289223,-0.16015086,-0.1553517,-0.15298682,-0.19704957,-0.20616047,-0.12735812,-0.10460003,-0.11361031,-0.10256614,-0.15297753,-0.19495486,-0.15294802,-0.12793781,-0.15278687,-0.041086134,-0.12967405,-0.15298523,-0.2300741,-0.152959,-0.10384405,-0.15122864,-0.0784167,-0.15280877,-0.12766197,-0.15283301,-0.121451,-0.075820275,-0.09192432,-0.101488546,-0.15265395,-0.15612775,-0.12378413,-0.1527948,-0.1410757,-0.13984437,-0.18093297,-0.15298831,-0.25777104,-0.12844054,-0.15287659,-0.13462572,-0.119081676,-0.15295184,-0.1562403,-0.15624236,-0.15624376,-0.19755594,-0.25103784,-0.20219928,-0.19465852,-0.24831252,-0.20506537,-0.22091979,-0.15296969,-0.12827092,-0.11956477,-0.15296371,-0.15623575,-0.20931396,-0.18224281,-0.1529527,-0.32474133,-0.15298598,-0.15624703,-0.15624568,-0.15624522,-0.2185038,-0.15295234,-0.114121355,-0.15295546,-0.1562281,-0.15623605,-0.22984435,-0.15297821,-0.15621415,-0.08963354,-0.15285268,-0.15618652,-0.15620816,-0.15620998,-0.13302092,-0.1051107,-0.14014931,-0.15141064,-0.15839578,-0.15615125,-0.14613561,-0.15297374,-0.12319561,-0.12870276,-0.15292919,-0.15624681,-0.15624623,-0.15624623,-0.15624687,-0.38518023,-0.11451449,-0.15293857,-0.15564899,-0.14443555,-0.16636807,-0.15298021,-0.15615143,-0.12993515,-0.047159404,-0.14565727,-0.14016809,-0.14106366,-0.15280257,-0.19987361,-0.1649412,-0.17166539,-0.15295304,-0.15619512,-0.12722544,-0.14610182,-0.2588673,-0.12847617,-0.15283088,-0.09132757,-0.12832497,-0.13684332,-0.16221203,-0.15659244,-0.12780571,-0.15267146,-0.15613115,-0.15619098,-0.15623218,-0.15740095,-0.19795567,-0.15106063,-0.07294749,-0.2039893,-0.15293941,-0.15618931,-0.104459345,-0.15253833,-0.17466888,-0.13176009,-0.15294853,-0.15109587,-0.10913184,-0.15274817,-0.05825615,-0.14326635,-0.17082691,-0.15287325,-0.18883844,-0.15298733,-0.31316653,-0.15297534,5.835522,-0.14331596,-0.15297791,-0.1562426,3.5830328,-0.15298781,-0.22115314,-0.07562123,-0.086852394,-0.10702289,-0.060967896,-0.14475586,-0.16796505,-0.15746465,-0.22133875,-0.12812386,-0.0969081,-0.16398169,-0.12716047,-0.11335766,-0.18846886,-0.12869535,-0.17755464,-0.0994983,-0.115196005,-0.15287486,-0.11662802,-0.19749595,-0.14526704,-0.12781724,-0.096878245,-0.15287526,-0.15600407,-0.12434345,-0.11230643,-0.063823454,-0.15278938,-0.11419349,-0.10007019,-0.24483351,-0.15298846,-0.1562325,-0.16344379,-0.1759062,-0.12524253,-0.1529704,-0.0782174,-0.19187105,-0.18185812,-0.09859173,-0.11065883,-0.15257075,-0.15584882,-0.083404,-0.1213824,-0.13072303,-0.13855581,-0.19385117,-0.15294255,-0.15623872,-0.19487974,-0.23847799,-0.2432746,-0.12829694,-0.15273598,-0.15620342,-0.14520228,-0.2961179,-0.15298754,-0.19813283,-0.12858364,-0.15290882,-0.060104962,-0.15931924,-0.15298536,-0.2028091,-0.2868003,-0.11816878,-0.14795661,-0.10060286,-0.1527935,-0.13614628,-0.20725825,-0.17393659,-0.125103,-0.15657571,-0.15690626,-0.15298364,-0.15624173,-0.16221246,-0.22200036,-0.12878188,-0.2814266,-0.15298897,-0.1915083,-0.24371436,-0.16952515,-0.15288246,4.300842,6.6795197,-0.15297976,5.435726,-0.15298866,-0.18642783,-0.152919,-0.30462334,-0.15285076,-0.14691104,-0.13029914,-0.15297265,-0.15622649,-0.18915205,-0.12868646,-0.15297887,-0.10481856,-0.1650517,-0.15297608,-0.15624422,-0.15620875,-0.12820953,-0.15285897,-0.15620224,-0.15619096,-0.15620525,-0.15621553,-0.16505513,-0.17392421,-0.15297052,-0.15623534,-0.15622279,-0.156236,-0.2025511,-0.15354379,-0.14723541,-0.15173584,-0.11499533,-0.10471026,-0.11893196,-0.15297507,-0.15614904,-0.12863776,-0.19501048,-0.15298472,-0.18738703,-0.11705899,-0.17429145,-0.15297335,-0.06652963,-0.15267332,-0.10737923,-0.124497145,-0.15298569,-0.052188452,-0.26007295
k__Bacteria|p__Firmicutes|c__Clostridia|o__Eubacteriales|f__Peptostreptococcaceae|g__Peptostreptococcus|s__Peptostreptococcus_SGB749,-0.1004395,-0.12316422,-0.15417126,-0.15749499,-0.15749526,-0.23867357,-0.1666669,-0.16813041,-0.10929718,-0.22895765,-0.23728925,-0.15417607,-0.22850217,-0.3768707,-0.08556121,-0.15378012,-0.058144663,-0.15365008,-0.157433,-0.19931981,-0.1978925,-0.12930393,-0.15414095,-0.12711628,-0.20043859,-0.11658599,-0.182019,-0.25032333,-0.1509206,-0.1541455,-0.15142563,-0.10844302,-0.18249588,-0.28454733,-0.15416259,-0.12948677,-0.15417367,-0.22338755,-0.15417644,-0.29867563,-0.1541765,-0.29356226,-0.128815,-0.15402754,-0.13691942,-0.15417096,-0.23188588,-0.24781659,-0.1296162,-0.12949246,-0.24679694,-0.18279888,-0.25087595,-0.26027086,-0.28621647,-0.27511892,-0.11894142,-0.15409026,-0.040142577,-0.056944285,-0.15345001,-0.11274739,-0.13743341,-0.12938026,-0.1541546,-0.15749061,-0.15749502,-0.15749569,-0.27573854,-0.15413648,-0.12938136,-0.16243835,-0.12334165,-0.14074792,-0.1541425,-0.15887658,-0.14481027,-0.12947173,-0.18691605,-0.14998752,-0.15416448,-0.15747392,-0.15748501,-0.15741736,-0.120334074,-0.13700745,-0.08858878,-0.15415859,-0.19008024,-0.15416968,-0.2004665,-0.11139822,-0.1388583,-0.13027036,-0.1074974,-0.15152657,-0.15407428,-0.15719333,-0.10065024,-0.08152827,-0.09427856,-0.15412325,-0.11960925,-0.15027548,-0.16982608,-0.1185138,-0.15413934,-0.15748899,-0.17738779,-0.15176103,-0.15417248,-0.25953975,-0.17989698,-0.13525523,-0.15416974,-0.15095688,-0.17780018,-0.2009549,-0.1541484,-0.09015879,-0.15388088,-0.12151222,-0.121854745,-0.13997786,-0.21433522,-0.13908121,-0.16057305,-0.1540993,-0.07092635,-0.15355134,-0.15671426,-0.18733518,-0.15391064,-0.1293698,-0.12334781,-0.14100276,-0.15412968,-0.114095174,-0.25318068,-0.26654312,-0.1286499,-0.10945694,-0.15412101,-0.09238048,-0.20963459,-0.15416998,-0.15740839,-0.1289001,-0.1540992,-0.16015086,-0.1553517,-0.15417425,-0.19704957,-0.20616047,-0.12835473,-0.10460003,-0.11361031,-0.10256614,-0.15416697,-0.19495486,-0.15414256,-0.12882654,-0.15401664,-0.041086134,-0.12967405,-0.15417296,-0.2300741,-0.15415128,-0.10384405,-0.15278623,-0.0784167,-0.15403327,-0.12766197,-0.154053,-0.121451,-0.075820275,-0.09192432,-0.101488546,-0.15391183,-0.15740256,-0.12378413,-0.15401821,-0.1410757,-0.13984437,-0.18093297,-0.15417546,-0.25777104,-0.12844054,-0.15408471,-0.13462572,-0.119081676,-0.15414684,-0.15749106,-0.15749268,-0.15749377,-0.19755594,-0.25103784,-0.20219928,-0.19465852,-0.24831252,-0.20506537,-0.22091979,-0.15416034,-0.12909612,-0.11956477,-0.15415604,-0.15748742,-0.20931396,-0.18224281,-0.1541467,-0.32474133,-0.15417361,-0.15749638,-0.15749532,-0.15749496,-0.2185038,-0.15414593,-0.114121355,-0.15414917,-0.15748112,-0.15748766,-0.22984435,-0.1541675,-0.15746975,-0.08963354,-0.15406805,-0.15744889,-0.15746547,-0.15746734,-0.13302092,-0.1051107,-0.14014931,-0.15141064,-0.15839578,-0.15615125,-0.14613561,-0.15416405,-0.12319561,-0.12944427,-0.15412828,-0.1574962,-0.15749574,-0.15749575,-0.15749624,-0.38518023,-0.11451449,-0.15413606,-0.15564899,-0.14443555,-0.16636807,-0.15416896,-0.15741846,-0.12993515,-0.047159404,-0.14831987,-0.14016809,-0.14106366,-0.15402833,-0.19987361,-0.1649412,-0.17166539,-0.15414762,-0.15745576,-0.12722544,-0.14610182,-0.2588673,-0.12925805,-0.15405133,-0.09132757,-0.12832497,-0.13684332,-0.16221203,-0.15659244,-0.12869857,-0.15392353,-0.15740487,-0.15745217,-0.15748465,-0.15740095,-0.19795567,-0.15106063,-0.07294749,-0.2039893,-0.15413654,-0.15745112,-0.104459345,-0.15381911,-0.17466888,-0.13176009,-0.15414426,-0.15109587,-0.10913184,-0.15398553,-0.05825615,-0.14326635,-0.17082691,-0.1540842,-0.18883844,-0.15417466,-0.31316653,-0.15416488,-0.16808087,-0.14331596,-0.15416723,-0.15749282,-0.25088155,-0.15417501,-0.22115314,-0.07562123,-0.086852394,-0.10702289,-0.060967896,-0.14760661,-0.16796505,-0.15746465,-0.22133875,-0.12812386,-0.0969081,-0.16398169,-0.12716047,-0.11335766,-0.18846886,-0.12943806,-0.17755464,-0.0994983,-0.115196005,-0.1540856,-0.11662802,-0.19749595,-0.14526704,-0.12781724,-0.096878245,-0.15408665,-0.15730461,-0.12434345,-0.11230643,-0.063823454,-0.15401843,-0.11419349,-0.10007019,-0.24483351,-0.15417555,-0.1574843,-0.16344379,-0.1759062,-0.12524253,-0.15416133,-0.0782174,-0.19187105,-0.18185812,-0.09859173,-0.11065883,-0.15384647,-0.15718211,-0.083404,-0.1213824,-0.13072303,-0.13855581,-0.19385117,-0.15413895,-0.1574898,-0.19487974,-0.23847799,-0.2432746,-0.1291164,-0.1539762,-0.15746172,-0.14520228,-0.2961179,-0.15417483,-0.19813283,-0.12934706,-0.15411226,-0.060104962,-0.15931924,-0.15417306,-0.2028091,-0.2868003,-0.11816878,-0.14795661,-0.10060286,-0.15402071,-0.13614628,-0.20725825,-0.17393659,-0.125103,-0.15657571,-0.15690626,-0.15417172,-0.15749219,-0.16221246,-0.22200036,-0.12950712,-0.2814266,-0.15417595,-0.1915083,-0.24371436,-0.16952515,-0.15408888,-0.13369927,-0.12557748,-0.15416864,-0.18106565,-0.1541757,-0.18642783,-0.15411897,-0.30462334,-0.15406586,-0.14691104,-0.13029914,-0.15416303,-0.15748018,-0.18915205,-0.12943092,-0.15416795,-0.10481856,-0.1650517,-0.15416569,-0.15749416,-0.15746449,-0.12903877,-0.15407357,-0.15746069,-0.15745199,-0.15746315,-0.15747151,-0.16505513,-0.17392421,-0.15416129,-0.15748715,-0.1574772,-0.15748766,3.125735,-0.15354379,-0.14723541,-0.15317416,-0.11499533,-0.10471026,-0.11893196,-0.15416493,-0.15741593,-0.1293932,-0.19501048,-0.15417254,-0.18738703,-0.11705899,-0.17429145,-0.15416265,-0.06652963,-0.1539275,-0.10737923,-0.124497145,-0.15298569,-0.052188452,-0.26007295
k__Bacteria|p__Firmicutes|c__Bacilli|o__Lactobacillales|f__Lactobacillaceae|g__Limosilactobacillus|s__Limosilactobacillus_portuensis,-0.1004395,-0.12316422,-0.15372066,-0.15698996,-0.15699026,-0.23867357,-0.1666669,-0.16813041,-0.10929718,-0.22895765,-0.23728925,-0.15372556,-0.22850217,-0.3768707,-0.08556121,-0.15330327,-0.058144663,-0.15317109,-0.15692618,-0.19931981,-0.1978925,-0.12923995,-0.1536892,-0.12711628,-0.20043859,-0.11658599,-0.182019,-0.25032333,-0.1509206,-0.15369451,-0.15142563,-0.10844302,-0.18249588,-0.28454733,-0.15371194,-0.12943923,-0.1537231,-0.22338755,-0.15372595,-0.29867563,-0.15372601,-0.29356226,-0.12870272,-0.15357472,-0.13691942,-0.15372027,-0.23188588,-0.24781659,-0.1296162,-0.12944564,-0.24679694,-0.18279888,-0.25087595,-0.26027086,-0.28621647,-0.27511892,-0.11894142,-0.15363652,-0.040142577,-0.056944285,-0.1529862,-0.11274739,-0.13743341,-0.12932466,-0.15370378,-0.15698543,-0.15699004,-0.15699068,-0.27573854,-0.15368508,-0.12932679,-0.16243835,-0.12334165,-0.14074792,-0.15369092,-0.15887658,-0.14481027,-0.12942277,-0.18691605,-0.14998752,-0.15371358,-0.15696828,-0.15697984,-0.15691179,6.0050707,3.5055516,-0.08858878,-0.15370747,-0.19008024,-0.15371895,-0.2004665,-0.11139822,-0.1388583,-0.13027036,-0.1074974,-0.15152657,-0.15362,-0.15666494,-0.10065024,-0.08152827,-0.09427856,-0.15367068,-0.11960925,-0.15027548,-0.16982608,-0.1185138,-0.15368816,-0.15698378,-0.17738779,-0.15176103,-0.1537219,-0.25953975,2.3092377,2.5044243,-0.15371901,-0.15095688,-0.17780018,-0.2009549,-0.15369809,-0.09015879,-0.15341726,-0.12151222,-0.121854745,-0.13997786,-0.21433522,-0.13908121,-0.16057305,-0.1536457,-0.07092635,-0.15307575,-0.15620525,-0.18733518,-0.15346098,-0.12930873,-0.12334781,-0.14100276,-0.15367761,-0.114095174,-0.25318068,-0.26654312,-0.12851216,-0.10945694,-0.15366839,-0.09238048,-0.20963459,-0.15371923,-0.15690461,-0.12879613,-0.1536463,-0.16015086,-0.1553517,-0.15372372,-0.19704957,-0.20616047,-0.12819284,-0.10460003,-0.11361031,-0.10256614,-0.15371609,-0.19495486,-0.15369147,-0.12870528,-0.15355901,-0.041086134,-0.12967405,-0.15372245,-0.2300741,-0.15370077,-0.10384405,-0.15227082,-0.0784167,-0.1535777,-0.12766197,-0.15359792,-0.121451,-0.075820275,-0.09192432,-0.101488546,-0.15345067,-0.15689358,-0.12378413,-0.15355964,-0.1410757,-0.13984437,-0.18093297,-0.15372494,-0.25777104,-0.12844054,-0.1536319,-0.13462572,-0.119081676,-0.15369499,-0.1569859,-0.1569876,-0.15698873,-0.19755594,-0.25103784,-0.20219928,-0.19465852,-0.24831252,-0.20506537,-0.22091979,-0.15370983,-0.12900996,-0.11956477,-0.15370476,-0.15698224,-0.20931396,-0.18224281,-0.15369587,-0.32474133,-0.153723,-0.15699139,-0.15699029,-0.15698992,-0.2185038,-0.15369493,-0.114121355,-0.15369835,-0.15697621,-0.15698245,-0.22984435,-0.15371664,-0.15696435,-0.08963354,-0.15361416,-0.15694174,-0.1569599,-0.156961,-0.13302092,-0.1051107,-0.14014931,-0.15141064,-0.15839578,-0.15615125,-0.14613561,-0.15371294,-0.12319561,-0.12939492,-0.15367728,-0.15699121,-0.15699074,-0.15699075,-0.15699126,-0.38518023,-0.11451449,-0.1536845,-0.15564899,-0.14443555,-0.16636807,-0.15371838,-0.15691438,-0.12993515,-0.047159404,-0.1478236,-0.14016809,-0.14106366,-0.1535742,-0.19987361,-0.1649412,-0.17166539,-0.15369613,-0.15694869,-0.12722544,-0.14610182,-0.2588673,-0.12918389,-0.15359533,-0.09132757,-0.12832497,-0.13684332,-0.16221203,-0.15659244,-0.12857231,-0.15346487,-0.15689653,-0.1569455,-0.15697923,-0.15740095,-0.19795567,-0.15106063,-0.07294749,-0.2039893,-0.1536853,-0.15694383,-0.104459345,-0.153314,-0.17466888,-0.13176009,-0.15369225,-0.15109587,-0.10913184,-0.15352657,-0.05825615,-0.14326635,-0.17082691,-0.15363151,-0.18883844,-0.15372413,-0.31316653,-0.15371457,-0.16808087,-0.14331596,-0.15371644,-0.1569878,-0.25088155,-0.15372452,-0.22115314,-0.07562123,-0.086852394,-0.10702289,-0.060967896,-0.14709294,-0.16796505,-0.15746465,-0.22133875,-0.12812386,-0.0969081,-0.16398169,-0.12716047,-0.11335766,-0.18846886,-0.12938717,-0.17755464,-0.0994983,-0.115196005,-0.15363249,-0.11662802,0.6722652,-0.14526704,-0.12781724,-0.096878245,-0.15363184,-0.15679206,-0.12434345,-0.11230643,-0.063823454,-0.15356141,-0.11419349,-0.10007019,-0.24483351,-0.15372503,-0.15697955,-0.16344379,-0.1759062,-0.12524253,-0.15371029,-0.0782174,-0.19187105,-0.18185812,-0.09859173,-0.11065883,-0.15338247,-0.15666525,-0.083404,-0.1213824,-0.13072303,-0.13855581,-0.19385117,-0.15368791,-0.15698463,-0.19487974,-0.23847799,-0.2432746,-0.12904416,-0.15351841,-0.15695596,-0.14520228,-0.2961179,-0.1537243,-0.19813283,-0.12928641,-0.15366009,-0.060104962,-0.15931924,-0.15372254,-0.2028091,-0.2868003,-0.11816878,-0.14795661,-0.10060286,-0.15356654,-0.13614628,5.4204917,-0.17393659,-0.125103,-0.15657571,-0.15690626,-0.15372112,-0.15698707,-0.16221246,-0.22200036,-0.12946105,-0.2814266,-0.15372546,-0.1915083,-0.24371436,-0.16952515,-0.15363759,-0.13369927,-0.12557748,-0.153718,-0.18106565,-0.1537252,-0.18642783,-0.15366873,-0.30462334,-0.15361394,-0.14691104,-0.13029914,-0.1537122,-0.15697461,-0.18915205,-0.12937915,-0.15371719,-0.10481856,-0.1650517,-0.15371507,-0.15698911,-0.15696001,-0.12895387,-0.15361892,-0.15695515,-0.15694578,-0.15695754,-0.1569655,-0.16505513,-0.17392421,-0.1537105,-0.15698184,-0.15697172,-0.15698236,-0.2025511,-0.15354379,-0.14723541,-0.15271771,-0.11499533,-0.10471026,-0.11893196,-0.1537141,-0.15691115,-0.12933752,-0.19501048,-0.15372202,-0.18738703,-0.11705899,-0.17429145,-0.15371224,-0.06652963,-0.15346435,-0.10737923,-0.124497145,-0.15298569,-0.052188452,-0.26007295
k__Bacteria|p__Firmicutes|c__Clostridia|o__Eubacteriales|f__Clostridiaceae|g__Clostridium|s__Clostridium_celatum,-0.1004395,-0.12316422,-0.15428945,-0.1575756,-0.15757588,-0.23867357,-0.1666669,-0.16813041,-0.10929718,-0.22895765,-0.23728925,-0.15429407,-0.22850217,-0.3768707,-0.08556121,-0.15390545,-0.058144663,-0.15377964,-0.15751584,-0.19931981,-0.1978925,-0.12969998,-0.1542601,-0.12711628,-0.20043859,-0.11658599,-0.182019,-0.25032333,-0.1509206,-0.15426484,-0.15142563,-0.10844302,-0.18249588,1.3865702,-0.15428121,-0.12988329,-0.15429176,-0.22338755,-0.15429443,-0.29867563,-0.15429449,-0.29356226,-0.12921418,-0.15415204,-0.13691942,-0.15428913,-0.23188588,-0.24781659,-0.1296162,-0.12988907,-0.24679694,-0.18279888,-0.25087595,-0.26027086,-0.28621647,-0.27511892,-0.11894142,-0.15421084,-0.040142577,-0.056944285,-0.15359773,-0.11274739,-0.13743341,-0.1297761,-0.15427351,-0.15757138,-0.15757565,-0.15757626,-0.27573854,-0.15425566,-0.12977919,-0.16243835,-0.12334165,-0.14074792,-0.15426162,-0.15887658,-0.14481027,-0.12986828,-0.18691605,-0.14998752,-0.15428287,-0.15755525,-0.15756604,-0.15750158,-0.120334074,-0.13700745,-0.08858878,-0.15427715,-0.19008024,-0.15428787,-0.2004665,-0.11139822,-0.1388583,-0.13027036,-0.1074974,-0.15152657,-0.15419531,-0.15726963,-0.10065024,-0.08152827,-0.09427856,-0.1542428,-0.11960925,-0.15027548,-0.16982608,-0.1185138,-0.15425886,-0.1575698,-0.17738779,-0.15176103,-0.15429062,-0.25953975,-0.17989698,-0.13525523,-0.15428793,-0.15095688,-0.17780018,-0.2009549,-0.1542679,-0.09015879,-0.1540066,-0.12151222,-0.121854745,-0.13997786,-0.21433522,-0.13908121,-0.16057305,-0.15421951,-0.07092635,-0.15368836,-0.15683268,-0.18733518,-0.154043,-0.12976328,-0.12334781,-0.14100276,-0.15424913,-0.114095174,-0.25318068,-0.26654312,-0.12902819,-0.10945694,-0.15424065,-0.09238048,-0.20963459,-0.15428814,-0.15749463,-0.12929185,-0.15421993,-0.16015086,-0.1553517,-0.15429232,-0.19704957,-0.20616047,-0.12875377,-0.10460003,-0.11361031,-0.10256614,-0.15428522,-0.19495486,-0.15426192,-0.12921235,-0.15413904,-0.041086134,-0.12967405,-0.15429111,-0.2300741,-0.15427062,-0.10384405,-0.15293661,-0.0784167,-0.15415576,-0.12766197,-0.15417469,-0.121451,-0.075820275,-0.09192432,-0.101488546,-0.15403688,-0.15748566,-0.12378413,-0.15414011,-0.1410757,-0.13984437,-0.18093297,-0.15429348,-0.25777104,-0.12844054,-0.15420578,-0.13462572,-0.119081676,-0.15426555,-0.15757181,-0.15757337,-0.15757443,-0.19755594,-0.25103784,-0.20219928,-0.19465852,-0.24831252,-0.20506537,-0.22091979,-0.15427911,-0.12948549,-0.11956477,-0.15427464,-0.15756834,-0.20931396,-0.18224281,-0.15426604,-0.32474133,-0.15429169,-0.15757693,-0.1575759,-0.15757555,-0.2185038,-0.15426522,-0.114121355,-0.15426835,-0.15756251,-0.15756854,-0.22984435,-0.15428576,-0.15755144,-0.08963354,-0.15418968,-0.15753067,-0.1575473,-0.15754862,-0.13302092,-0.1051107,-0.14014931,-0.15141064,-0.15839578,-0.15615125,-0.14613561,-0.15428233,-0.12319561,-0.129842,-0.15424845,-0.15757677,-0.15757632,-0.15757632,-0.15757681,-0.38518023,-0.11451449,-0.15425551,-0.15564899,-0.14443555,-0.16636807,-0.15428728,-0.1575036,-0.12993515,-0.047159404,-0.14871483,-0.14016809,-0.14106366,-0.15415186,-0.19987361,-0.1649412,-0.17166539,-0.1542665,-0.15753725,-0.12722544,-0.14610182,-0.2588673,-0.12964886,-0.1541726,-0.09132757,-0.12832497,-0.13684332,-0.16221203,-0.15659244,-0.12908217,-0.15404984,-0.1574882,-0.15753406,-0.1575656,-0.15740095,-0.19795567,-0.15106063,-0.07294749,-0.2039893,-0.15425617,-0.15753266,-0.104459345,-0.15390395,-0.17466888,-0.13176009,-0.15426305,-0.15109587,-0.10913184,-0.15410855,-0.05825615,-0.14326635,-0.17082691,-0.15420568,-0.18883844,-0.15429273,-0.31316653,-0.15428352,-0.16808087,-0.14331596,-0.15428552,-0.15757355,-0.25088155,-0.15429309,-0.22115314,-0.07562123,-0.086852394,-0.10702289,-0.060967896,-0.1480245,-0.16796505,-0.15746465,-0.22133875,-0.12812386,-0.0969081,-0.16398169,-0.12716047,-0.11335766,-0.18846886,-0.12983495,-0.17755464,-0.0994983,-0.115196005,-0.15420677,-0.11662802,-0.19749595,-0.14526704,-0.12781724,-0.096878245,-0.15420681,-0.15739062,-0.12434345,-0.11230643,-0.063823454,-0.15414074,-0.11419349,-0.10007019,-0.24483351,-0.15429357,-0.15756568,-0.16344379,-0.1759062,-0.12524253,-0.1542798,-0.0782174,-0.19187105,-0.18185812,-0.09859173,-0.11065883,-0.15397376,-0.15727219,-0.083404,-0.1213824,-0.13072303,-0.13855581,-0.19385117,-0.15425855,-0.1575706,-0.19487974,-0.23847799,-0.2432746,-0.12951948,-0.15410033,-0.15754364,-0.14520228,-0.2961179,-0.15429288,-0.19813283,-0.12974212,-0.15423259,-0.060104962,-0.15931924,-0.15429121,-0.2028091,-0.2868003,-0.11816878,-0.14795661,-0.10060286,-0.15414459,-0.13614628,-0.20725825,-0.17393659,-0.125103,-0.15657571,-0.15690626,-0.15428989,-0.1575729,-0.16221246,-0.22200036,-0.12990338,-0.2814266,-0.15429395,-0.1915083,-0.24371436,-0.16952515,-0.15421093,-0.13369927,-0.12557748,-0.15428694,-0.18106565,-0.15429372,-0.18642783,-0.15424007,-0.30462334,-0.1541887,-0.14691104,-0.13029914,-0.15428151,-0.15756126,-0.18915205,-0.12982783,-0.15428624,-0.10481856,-0.1650517,-0.15428415,-0.1575748,-0.15754697,-0.12943122,-0.15419447,-0.15754277,-0.15753412,-0.15754507,-0.15755278,-0.16505513,-0.17392421,-0.15427989,-0.15756801,-0.15755847,-0.15756848,-0.2025511,-0.15354379,-0.14723541,-0.15333995,-0.11499533,-0.10471026,-0.11893196,-0.15428334,-0.15750103,-0.12978962,-0.19501048,-0.1542907,-0.18738703,-0.11705899,-0.17429145,-0.15428153,-0.06652963,-0.15405148,-0.10737923,-0.124497145,-0.15298569,-0.052188452,-0.26007295
k__Bacteria|p__Firmicutes|c__Tissierellia|o__Tissierellales|f__Peptoniphilaceae|g__Anaerococcus|s__Anaerococcus_SGB6671,-0.1004395,-0.12316422,-0.15357232,-0.15684661,-0.15684688,-0.23867357,-0.1666669,-0.16813041,-0.10929718,-0.22895765,-0.23728925,-0.15357712,-0.22850217,-0.3768707,-0.08556121,-0.15317424,-0.058144663,-0.15303743,-0.15678439,-0.19931981,-0.1978925,-0.12906843,-0.15354171,-0.12711628,-0.20043859,-0.11658599,-0.182019,-0.25032333,-0.1509206,-0.15354684,-0.15142563,-0.10844302,-0.18249588,-0.28454733,-0.15356414,-0.12925464,-0.15357472,-0.22338755,-0.15357748,-0.29867563,-0.15357755,-0.29356226,-0.12857999,-0.15343007,-0.13691942,-0.15357196,-0.23188588,-0.24781659,-0.1296162,-0.12926054,-0.24679694,-0.18279888,-0.25087595,-0.26027086,-0.28621647,-0.27511892,-0.11894142,-0.15349036,-0.040142577,-0.056944285,-0.15285127,-0.11274739,-0.13743341,-0.12914714,-0.15355577,-0.15684217,-0.15684667,-0.15684731,-0.27573854,-0.15353857,-0.12914848,-0.16243835,-0.12334165,-0.14074792,-0.1535432,-0.15887658,-0.14481027,-0.12923928,-0.18691605,-0.14998752,-0.1535654,-0.15682536,-0.15683669,-0.15677333,-0.120334074,-0.13700745,-0.08858878,-0.15355945,-0.19008024,-0.15357065,-0.2004665,-0.11139822,-0.1388583,-0.13027036,-0.1074974,-0.15152657,-0.15347396,-0.15654905,-0.10065024,-0.08152827,-0.09427856,-0.15352364,-0.11960925,-0.15027548,-0.16982608,-0.1185138,-0.15354057,-0.15684056,-0.17738779,-0.15176103,-0.15357354,-0.25953975,-0.17989698,-0.13525523,-0.15357071,-0.15095688,-0.17780018,-0.2009549,-0.15355107,-0.09015879,-0.15327635,-0.12151222,-0.121854745,-0.13997786,-0.21433522,-0.13908121,-0.16057305,-0.15349928,-0.07092635,-0.15294594,-0.15607536,-0.18733518,-0.15331876,-0.12913749,-0.12334781,-0.14100276,-0.15353018,-0.114095174,-0.25318068,-0.26654312,-0.12839973,-0.10945694,-0.1535213,-0.09238048,-0.20963459,-0.15357094,-0.15676525,-0.12865949,-0.15350004,-0.16015086,-0.1553517,-0.1535753,-0.19704957,-0.20616047,-0.12811074,-0.10460003,-0.11361031,-0.10256614,-0.15356787,-0.19495486,-0.1535447,-0.12859209,-0.15341504,-0.041086134,-0.12967405,-0.15357406,-0.2300741,-0.15355368,-0.10384405,-0.1521663,-0.0784167,-0.15343332,-0.12766197,-0.15345255,-0.121451,-0.075820275,-0.09192432,-0.101488546,-0.15330929,-0.15675259,-0.12378413,-0.15342385,-0.1410757,-0.13984437,-0.18093297,-0.1535765,-0.25777104,-0.12844054,-0.15348828,-0.13462572,-0.119081676,-0.15354729,-0.15684265,-0.15684427,-0.15684539,-0.19755594,-0.25103784,-0.20219928,-0.19465852,-0.24831252,-0.20506537,-0.22091979,-0.15356183,-0.12885848,-0.11956477,-0.15355682,-0.15683904,-0.20931396,-0.18224281,-0.15354866,-0.32474133,-0.15357462,-0.15684798,-0.15684694,-0.15684655,-0.2185038,-0.153548,-0.114121355,-0.15355048,-0.15683308,-0.15683928,-0.22984435,-0.15356842,-0.15682262,-0.08963354,-0.15346855,-0.15679954,-0.15681717,-0.15681833,-0.13302092,-0.1051107,-0.14014931,-0.15141064,-0.15839578,-0.15615125,-0.14613561,-0.15356481,-0.12319561,-0.12921214,-0.15352966,-0.15684782,-0.15684737,-0.15684736,-0.15684786,-0.38518023,-0.11451449,-0.15353689,-0.15564899,-0.14443555,-0.16636807,-0.15357006,-0.15677316,-0.12993515,-0.047159404,-0.14777565,-0.14016809,-0.14106366,-0.15342864,-0.19987361,-0.1649412,-0.17166539,-0.15354833,-0.15680633,-0.12722544,-0.14610182,-0.2588673,-0.12901914,-0.15345052,-0.09132757,-0.12832497,-0.13684332,-0.16221203,-0.15659244,-0.12846744,-0.15332375,-0.15675545,-0.15680319,-0.15683614,-0.15740095,-0.19795567,-0.15106063,-0.07294749,1.7535142,-0.15353766,-0.15680167,-0.104459345,-0.1532098,-0.17466888,-0.13176009,-0.15354457,-0.15109587,-0.10913184,-0.15338516,-0.05825615,-0.14326635,-0.17082691,-0.15348497,-0.18883844,-0.15357573,-0.31316653,-0.15356629,-0.16808087,-0.14331596,-0.15356821,-0.1568445,-0.25088155,-0.1535761,-0.22115314,-0.07562123,-0.086852394,-0.10702289,-0.060967896,-0.14705586,-0.16796505,-0.15746465,1.2880632,-0.12812386,-0.0969081,-0.16398169,-0.12716047,-0.11335766,-0.18846886,-0.12920558,-0.17755464,-0.0994983,-0.115196005,-0.1534861,-0.11662802,-0.19749595,-0.14526704,-0.12781724,-0.096878245,-0.1534859,-0.15665385,-0.12434345,-0.11230643,-0.063823454,-0.15341756,-0.11419349,-0.10007019,-0.24483351,-0.15357661,-0.15683675,-0.16344379,-0.1759062,-0.12524253,-0.15356216,-0.0782174,-0.19187105,-0.18185812,-0.09859173,-0.11065883,-0.15324229,-0.15652984,-0.083404,-0.1213824,-0.13072303,-0.13855581,-0.19385117,-0.15354021,-0.1568414,-0.19487974,-0.23847799,-0.2432746,-0.12888463,-0.15337509,-0.15681332,-0.14520228,-0.2961179,-0.15357588,-0.19813283,-0.1291126,-0.15351325,-0.060104962,-0.15931924,-0.15357417,-0.2028091,-0.2868003,-0.11816878,-0.14795661,-0.10060286,-0.15342167,-0.13614628,-0.20725825,-0.17393659,-0.125103,-0.15657571,-0.15690626,-0.15357277,-0.15684378,-0.16221246,-0.22200036,-0.12927538,-0.2814266,-0.153577,-0.1915083,-0.24371436,-0.16952515,-0.15349442,-0.13369927,-0.12557748,-0.1535697,-0.18106565,-0.15357676,-0.18642783,-0.15352249,-0.30462334,-0.15346745,-0.14691104,-0.13029914,-0.153564,-0.15683162,-0.18915205,-0.12919806,-0.15356895,-0.10481856,-0.1650517,-0.15356684,-0.15684578,-0.1568183,-0.1288035,-0.15347306,-0.15681249,-0.15680343,-0.15681487,-0.15682289,-0.16505513,-0.17392421,-0.15356237,-0.15683867,-0.15682873,-0.15683918,-0.2025511,-0.15354379,-0.14723541,-0.1525858,-0.11499533,-0.10471026,-0.11893196,-0.15356594,-0.1567716,-0.12915796,-0.19501048,-0.15357366,-0.18738703,-0.11705899,-0.17429145,-0.15356481,-0.06652963,-0.1533241,-0.10737923,-0.124497145,-0.15298569,-0.052188452,-0.26007295
k__Bacteria|p__Firmicutes|c__Tissierellia|o__Tissierellales|f__Peptoniphilaceae|g__Anaerococcus|s__Anaerococcus_mediterraneensis,-0.1004395,-0.12316422,-0.15389033,-0.1571688,-0.1571691,-0.23867357,-0.1666669,-0.16813041,-0.10929718,-0.22895765,-0.23728925,-0.15389566,-0.22850217,-0.3768707,-0.08556121,-0.15345645,-0.058144663,-0.1533106,-0.15710023,-0.19931981,-0.1978925,-0.12933838,-0.15385675,-0.12711628,-0.20043859,-0.11658599,-0.182019,-0.25032333,-0.1509206,-0.15386197,-0.15142563,-0.10844302,-0.18249588,-0.28454733,-0.15388095,-0.12954216,-0.15389301,-0.22338755,-0.15389605,-0.29867563,-0.15389612,-0.29356226,-0.12879974,-0.15373203,-0.13691942,-0.15389,-0.23188588,-0.24781659,-0.1296162,-0.1295486,-0.24679694,-0.18279888,-0.25087595,-0.26027086,-0.28621647,-0.27511892,-0.11894142,-0.15380043,-0.040142577,-0.056944285,-0.15309301,-0.11274739,-0.13743341,-0.1294235,-0.15387195,-0.15716395,-0.15716885,-0.15716958,-0.27573854,-0.15385208,-0.12942563,-0.16243835,-0.12334165,-0.14074792,-0.15385842,-0.15887658,-0.14481027,-0.12952568,-0.18691605,-0.14998752,-0.1538828,-0.15714544,-0.15715778,-0.15708527,-0.120334074,-0.13700745,-0.08858878,-0.15387626,-0.19008024,-0.15388855,-0.2004665,-0.11139822,-0.1388583,-0.13027036,-0.1074974,-0.15152657,-0.15378262,-0.15684043,-0.10065024,-0.08152827,-0.09427856,-0.15383704,-0.11960925,-0.15027548,-0.16982608,-0.1185138,-0.15385512,-0.15716216,-0.17738779,-0.15176103,-0.15389168,-0.25953975,-0.17989698,-0.13525523,-0.15388863,-0.15095688,-0.17780018,-0.2009549,-0.15386562,-0.09015879,-0.15356755,-0.12151222,-0.121854745,-0.13997786,-0.21433522,-0.13908121,-0.16057305,-0.15381043,-0.07092635,-0.15320395,-0.15630904,-0.18733518,-0.15360521,-0.12941237,-0.12334781,-0.14100276,-0.1538442,-0.114095174,-0.25318068,-0.26654312,-0.12860063,-0.10945694,-0.15383452,-0.09238048,-0.20963459,-0.15388885,-0.15707499,-0.1288896,-0.15381068,-0.16015086,-0.1553517,-0.15389365,-0.19704957,-0.20616047,-0.12827176,-0.10460003,-0.11361031,-0.10256614,-0.15388553,-0.19495486,-0.15385905,-0.1287967,-0.15371877,-0.041086134,-0.12967405,-0.15389222,-0.2300741,-0.1538687,-0.10384405,-0.15235415,-0.0784167,-0.1537374,-0.12766197,-0.15375906,-0.121451,-0.075820275,-0.09192432,-0.101488546,-0.15360229,-0.1570661,-0.12378413,-0.15372616,-0.1410757,-0.13984437,-0.18093297,-0.15389496,-0.25777104,-0.12844054,-0.15379576,-0.13462572,-0.119081676,-0.15386313,-0.15716445,-0.15716624,-0.15716746,-0.19755594,-0.25103784,-0.20219928,-0.19465852,-0.24831252,-0.20506537,-0.22091979,-0.15387842,-0.12910797,-0.11956477,-0.1538734,-0.15716046,-0.20931396,-0.18224281,-0.15386358,-0.32474133,-0.15389292,-0.15717033,-0.15716916,-0.15716875,-0.2185038,-0.15386273,-0.114121355,-0.153866,-0.15715358,-0.1571607,-0.22984435,-0.15388611,-0.15714133,-0.08963354,-0.15377602,-0.1571175,-0.15713617,-0.15713802,-0.13302092,-0.1051107,-0.14014931,-0.15141064,-0.15839578,-0.15615125,-0.14613561,-0.15388224,-0.12319561,-0.12949516,-0.15384293,-0.15717015,-0.15716964,-0.15716964,-0.1571702,-0.38518023,-0.11451449,-0.15385133,-0.15564899,-0.14443555,-0.16636807,-0.15388781,-0.15708525,-0.12993515,-0.047159404,-0.14744335,-0.14016809,-0.14106366,-0.15373206,-0.19987361,-0.1649412,-0.17166539,-0.15386409,-0.15712506,-0.12722544,-0.14610182,-0.2588673,-0.12928611,-0.1537571,-0.09132757,-0.12832497,-0.13684332,-0.16221203,-0.15659244,-0.1286478,-0.15361612,-0.1570688,-0.15712129,-0.15715733,-0.15740095,-0.19795567,-0.15106063,-0.07294749,-0.2039893,-0.15385199,-0.15711991,-0.104459345,-0.15348798,-0.17466888,-0.13176009,-0.15386024,-0.15109587,-0.10913184,-0.15368399,-0.05825615,-0.14326635,-0.17082691,-0.15379399,-0.18883844,-0.1538941,-0.31316653,-0.15388343,-0.16808087,-0.14331596,-0.15388584,-0.15716642,-0.25088155,-0.15389448,-0.22115314,-0.07562123,-0.086852394,-0.10702289,-0.060967896,-0.14664906,-0.16796505,-0.15746465,0.8228725,-0.12812386,-0.0969081,-0.16398169,-0.12716047,-0.11335766,-0.18846886,-0.12948819,-0.17755464,-0.0994983,-0.115196005,-0.15379545,-0.11662802,-0.19749595,-0.14526704,-0.12781724,-0.096878245,-0.15379612,-0.15695736,-0.12434345,-0.11230643,-0.063823454,-0.1537208,-0.11419349,-0.10007019,-0.24483351,-0.15389508,-0.15715729,-0.16344379,-0.1759062,-0.12524253,-0.15387928,-0.0782174,-0.19187105,-0.18185812,-0.09859173,-0.11065883,-0.1535295,-0.15682164,-0.083404,-0.1213824,-0.13072303,-0.13855581,-0.19385117,-0.15385468,-0.15716305,-0.19487974,-0.23847799,-0.2432746,-0.12912552,-0.15367386,-0.15713203,-0.14520228,-0.2961179,-0.15389429,-0.19813283,-0.12938616,-0.15382507,-0.060104962,-0.15931924,-0.15389234,-0.2028091,-0.2868003,-0.11816878,-0.14795661,-0.10060286,-0.15372387,-0.13614628,-0.20725825,-0.17393659,-0.125103,-0.15657571,-0.15690626,-0.15389083,-0.1571657,-0.16221246,-0.22200036,-0.12956484,-0.2814266,-0.15389553,-0.1915083,-0.24371436,-0.16952515,-0.15380111,-0.13369927,-0.12557748,-0.15388745,-0.18106565,-0.15389526,-0.18642783,-0.15383357,-0.30462334,-0.15377398,-0.14691104,-0.13029914,-0.15388122,-0.15715238,-0.18915205,-0.12948024,-0.15388668,-0.10481856,-0.1650517,-0.1538842,-0.15716788,-0.15713593,-0.12903516,-0.15378182,-0.15713094,-0.15712121,-0.15713362,-0.15714273,-0.16505513,-0.17392421,-0.15387934,-0.1571601,-0.15714909,-0.15716067,-0.2025511,-0.15354379,-0.14723541,-0.15279153,-0.11499533,-0.10471026,-0.11893196,-0.15388331,-0.15708329,-0.12943804,-0.19501048,-0.15389177,-0.18738703,-0.11705899,-0.17429145,-0.15388128,-0.06652963,-0.15361977,-0.10737923,-0.124497145,-0.15298569,-0.052188452,-0.26007295
k__Bacteria|p__Firmicutes|c__Bacilli|o__Lactobacillales|f__Streptococcaceae|g__Streptococcus|s__Streptococcus_equinus,-0.1004395,-0.12316422,-0.1527887,-0.15604308,-0.15604338,-0.23867357,-0.1666669,-0.16813041,-0.10929718,-0.22895765,-0.23728925,-0.1527942,-0.22850217,-0.3768707,-0.08556121,-0.15233985,-0.058144663,-0.1521906,-0.15597217,-0.19931981,-0.1978925,-0.12841056,-0.15275401,-0.12711628,-0.20043859,-0.11658599,-0.182019,-0.25032333,-0.1509206,-0.15275937,-0.15142563,-0.10844302,-0.18249588,-0.28454733,-0.15277892,-0.12861978,-0.15279147,-0.22338755,-0.1527946,-0.29867563,-0.15279469,-0.29356226,-0.127864,-0.15262482,-0.13691942,-0.15278836,-0.23188588,-0.24781659,-0.1296162,-0.12862627,-0.24679694,-0.18279888,-0.25087595,-0.26027086,-0.28621647,-0.27511892,-0.11894142,-0.15269586,-0.040142577,-0.056944285,-0.15196414,-0.11274739,-0.13743341,-0.12849702,-0.15276967,-0.15603808,-0.15604313,-0.15604387,-0.27573854,-0.15274884,-0.12849997,-0.16243835,-0.12334165,-0.14074792,-0.15275574,-0.15887658,-0.14481027,-0.12860265,-0.18691605,-0.14998752,-0.15278092,-0.15601896,-0.15603167,-0.1559556,-0.120334074,-0.13700745,-0.08858878,-0.15277418,-0.19008024,-0.15278687,-0.2004665,-0.11139822,-0.1388583,-0.13027036,-0.1074974,-0.15152657,-0.15267746,-0.15569326,-0.10065024,-0.08152827,-0.09427856,-0.15273368,-0.11960925,-0.15027548,-0.16982608,-0.1185138,-0.15275225,-0.15603623,-0.17738779,-0.15176103,-0.1527901,-0.25953975,-0.17989698,-0.13525523,-0.15278696,-0.15095688,-0.17780018,-0.2009549,-0.15276292,-0.09015879,-0.15245554,-0.12151222,-0.121854745,-0.13997786,-0.21433522,-0.13908121,-0.16057305,-0.1527062,-0.07092635,-0.1520797,-0.1551527,-0.18733518,-0.15249257,-0.12848547,-0.12334781,-0.14100276,-0.15274101,-0.114095174,-0.25318068,-0.26654312,-0.12765554,-0.10945694,-0.15273109,-0.09238048,-0.20963459,-0.1527872,-0.15594555,-0.12795031,-0.15270628,-0.16015086,-0.1553517,-0.15279213,-0.19704957,-0.20616047,-0.12733173,-0.10460003,-0.11361031,-0.10256614,-0.15278377,-0.19495486,-0.15275621,-0.12785807,-0.15261151,-0.041086134,-0.12967405,-0.15279065,-0.2300741,-0.15276626,-0.10384405,-0.1511966,-0.0784167,-0.1526306,-0.12766197,-0.15265305,-0.121451,-0.075820275,-0.09192432,-0.101488546,-0.15249097,-0.15593702,-0.12378413,-0.15261644,-0.1410757,-0.13984437,-0.18093297,-0.15279347,-0.25777104,-0.12844054,-0.15269034,-0.13462572,-0.119081676,-0.15276065,-0.15603858,-0.15604043,-0.15604168,-0.19755594,-0.25103784,-0.20219928,-0.19465852,-0.24831252,-0.20506537,-0.22091979,-0.15277633,-0.12817013,-0.11956477,-0.15277126,-0.15603444,-0.20931396,-0.18224281,-0.15276092,-0.32474133,-0.15279138,-0.15604466,-0.15604344,-0.15604302,-0.2185038,-0.15276003,-0.114121355,-0.15276352,-0.1560273,-0.15603471,-0.22984435,-0.15278439,-0.15601456,-0.08963354,-0.15267052,-0.15599017,-0.15600936,-0.15601131,-0.13302092,-0.1051107,-0.14014931,-0.15141064,-0.15839578,-0.15615125,-0.14613561,-0.15278038,-0.12319561,-0.1285711,-0.15273963,-0.15604445,-0.15604393,-0.15604395,-0.1560445,-0.38518023,-0.11451449,-0.1527484,-0.15564899,-0.14443555,-0.16636807,-0.1527861,-0.15595645,-0.12993515,-0.047159404,-0.14611194,-0.14016809,-0.14106366,-0.15262511,-0.19987361,-0.1649412,-0.17166539,-0.1527616,-0.155998,-0.12722544,-0.14610182,-0.2588673,-0.12835619,-0.15265113,-0.09132757,-0.12832497,-0.13684332,-0.16221203,-0.15659244,-0.12771717,-0.15250519,-0.15593982,-0.15599401,-0.15603124,-0.15740095,-0.19795567,-0.15106063,-0.07294749,-0.2039893,-0.15274905,-0.15599266,-0.104459345,-0.15236901,-0.17466888,-0.13176009,-0.15275769,-0.15109587,-0.10913184,-0.15257555,-0.05825615,-0.14326635,-0.17082691,-0.15268913,-0.18883844,-0.15279259,-0.31316653,-0.15278149,-0.16808087,-0.14331596,-0.15278408,-0.15604061,-0.25088155,-0.15279299,-0.22115314,-0.07562123,-0.086852394,-0.10702289,-0.060967896,-0.14529316,-0.16796505,-0.15746465,-0.22133875,-0.12812386,-0.0969081,-0.16398169,-0.12716047,-0.11335766,-0.18846886,-0.12856403,-0.17755464,-0.0994983,-0.115196005,-0.15269065,-0.11662802,-0.19749595,-0.14526704,-0.12781724,-0.096878245,-0.15269154,-0.15582472,-0.12434345,-0.11230643,-0.063823454,-0.15261343,-0.11419349,-0.10007019,-0.24483351,-0.1527936,-0.15603112,-0.16344379,-0.1759062,-0.12524253,-0.15277731,-0.0782174,-0.19187105,-0.18185812,-0.09859173,-0.11065883,-0.1524162,-0.15568452,-0.083404,-0.1213824,-0.13072303,2.683022,-0.19385117,-0.15275182,-0.15603717,-0.19487974,-0.23847799,-0.2432746,-0.12819698,-0.1525651,-0.15600507,-0.14520228,-0.2961179,-0.15279278,-0.19813283,-0.12845874,-0.15272123,-0.060104962,-0.15931924,-0.15279076,-0.2028091,-0.2868003,-0.11816878,-0.14795661,-0.10060286,-0.1526165,-0.13614628,-0.20725825,-0.17393659,-0.125103,-0.15657571,-0.15690626,-0.15278924,-0.15603986,-0.16221246,-0.22200036,-0.128643,1.0407572,-0.15279406,1.2968476,-0.24371436,-0.16952515,-0.15269557,-0.13369927,-0.12557748,-0.1527857,-0.18106565,-0.1527938,-0.18642783,-0.15272957,-0.30462334,-0.1526683,-0.14691104,-0.13029914,-0.15277928,-0.15602612,-0.18915205,-0.12855601,-0.15278494,-0.10481856,-0.1650517,-0.15278235,-0.15604211,-0.15600875,-0.12810081,-0.15267661,-0.15600389,-0.15599388,-0.15600671,-0.15601614,-0.16505513,-0.17392421,-0.15277731,-0.15603411,-0.1560227,-0.15603468,-0.2025511,-0.15354379,-0.14723541,-0.15165101,-0.11499533,-0.10471026,-0.11893196,-0.15278146,-0.15595405,-0.12851247,-0.19501048,-0.15279019,-0.18738703,-0.11705899,-0.17429145,-0.15277925,-0.06652963,-0.15250918,-0.10737923,-0.124497145,-0.15298569,-0.052188452,-0.26007295
k__Bacteria|p__Firmicutes|c__Clostridia|o__Eubacteriales|f__Lachnospiraceae|g__Lacrimispora|s__Lacrimispora_saccharolytica,-0.1004395,-0.12316422,-0.15368786,-0.1569567,-0.1569569,-0.23867357,-0.1666669,-0.16813041,-0.10929718,-0.22895765,-0.23728925,-0.15369129,1.681425,2.188252,-0.08556121,-0.15340646,-0.058144663,-0.15332049,-0.15691283,-0.19931981,-0.1978925,-0.12926754,-0.15366654,-0.12711628,-0.20043859,-0.11658599,-0.182019,-0.25032333,-0.1509206,-0.15366971,-0.15142563,-0.10844302,-0.18249588,-0.28454733,-0.15368131,-0.1294099,-0.15368962,-0.22338755,-0.15369156,-0.29867563,-0.15369159,-0.29356226,-0.12886664,-0.1535857,-0.13691942,-0.1536877,-0.23188588,-0.24781659,-0.1296162,-0.12941408,-0.24679694,-0.18279888,-0.25087595,-0.26027086,-0.28621647,-0.27511892,-0.11894142,-0.15363029,-0.040142577,-0.056944285,-0.15317823,-0.11274739,-0.13743341,-0.12932698,-0.15367606,-0.15695362,-0.15695673,-0.1569572,-0.27573854,-0.1536623,-0.12932777,-0.16243835,-0.12334165,-0.14074792,-0.15366766,-0.15887658,-0.14481027,-0.12939797,-0.18691605,-0.14998752,-0.15368313,-0.15694182,-0.15694961,-0.15689984,-0.120334074,-0.13700745,-0.08858878,-0.15367895,-0.19008024,-0.15368678,-0.2004665,-0.11139822,-0.1388583,-0.13027036,-0.1074974,-0.15152657,-0.15361945,-0.1567194,-0.10065024,-0.08152827,-0.09427856,-0.15365401,-0.11960925,-0.15027548,-0.16982608,-0.1185138,-0.15366533,-0.15695247,-0.17738779,-0.15176103,-0.15368876,-0.25953975,-0.17989698,-0.13525523,-0.15368679,-0.15095688,-0.17780018,-0.2009549,-0.15367097,-0.09015879,-0.15348262,-0.12151222,-0.121854745,-0.13997786,-0.21433522,-0.13908121,-0.16057305,-0.15363716,-0.07092635,-0.1532473,-0.15640208,-0.18733518,-0.15350151,-0.12931073,-0.12334781,-0.14100276,-0.15365861,-0.114095174,-0.25318068,-0.26654312,-0.1287254,-0.10945694,-0.15365247,-0.09238048,-0.20963459,-0.153687,-0.15689509,-0.12892269,-0.15363693,-0.16015086,-0.1553517,-0.15369001,-0.19704957,-0.20616047,-0.1284894,-0.10460003,-0.11361031,-0.10256614,-0.15368493,-0.19495486,-0.15366721,-0.12886612,-0.15357897,-0.041086134,-0.12967405,-0.15368906,-0.2300741,-0.15367374,-0.10384405,-0.15270123,-0.0784167,-0.15359032,-0.12766197,-0.1536043,-0.121451,-0.075820275,-0.09192432,-0.101488546,-0.15350309,-0.1568915,-0.12378413,-0.15357077,-0.1410757,-0.13984437,-0.18093297,-0.15369086,-0.25777104,-0.12844054,-0.15362415,-0.13462572,-0.119081676,-0.15367076,-0.15695395,-0.1569551,-0.15695585,-0.19755594,-0.25103784,-0.20219928,-0.19465852,-0.24831252,-0.20506537,-0.22091979,-0.15368003,-0.12908244,-0.11956477,-0.15367724,-0.15695137,-0.20931396,-0.18224281,-0.15366973,-0.32474133,-0.15368956,-0.1569577,-0.15695694,-0.1569567,-0.2185038,-0.15366924,-0.114121355,-0.15367222,-0.15694681,-0.15695153,-0.22984435,-0.15368529,-0.15693773,-0.08963354,-0.15361461,-0.15692429,-0.15693584,-0.1569373,-0.13302092,-0.1051107,-0.14014931,-0.15141064,-0.15839578,-0.15615125,-0.14613561,-0.15368286,-0.12319561,-0.12937887,-0.15365744,-0.15695755,-0.15695724,-0.15695722,-0.15695761,-0.38518023,-0.11451449,-0.15366308,-0.15564899,-0.14443555,-0.16636807,-0.15368626,-0.15690218,-0.12993515,-0.047159404,-0.14954688,-0.14016809,-0.14106366,-0.1535871,-0.19987361,-0.1649412,-0.17166539,-0.15367125,-0.1569292,-0.12722544,-0.14610182,-0.2588673,-0.12922578,-0.15360275,-0.09132757,-0.12832497,-0.13684332,-0.16221203,-0.15659244,-0.12875172,-0.15351106,-0.15689294,-0.15692653,-0.1569494,-0.15740095,-0.19795567,-0.15106063,-0.07294749,-0.2039893,-0.15366325,-0.15692584,-0.104459345,-0.15337296,-0.17466888,-0.13176009,-0.153669,-0.15109587,-0.10913184,-0.15355504,-0.05825615,-0.14326635,-0.17082691,-0.15362632,-0.18883844,-0.15369031,-0.31316653,-0.15368327,-0.16808087,-0.14331596,-0.15368503,-0.15695515,-0.25088155,-0.15369055,-0.22115314,-0.07562123,-0.086852394,-0.10702289,-0.060967896,-0.14903824,-0.16796505,-0.15746465,-0.22133875,-0.12812386,-0.0969081,-0.16398169,-0.12716047,-0.11335766,-0.18846886,-0.12937282,-0.17755464,-0.0994983,-0.115196005,-0.15362738,-0.11662802,-0.19749595,-0.14526704,-0.12781724,-0.096878245,-0.15362824,-0.15682197,-0.12434345,-0.11230643,-0.063823454,-0.15357949,-0.11419349,-0.10007019,-0.24483351,-0.15369093,-0.15694913,-0.16344379,-0.1759062,-0.12524253,-0.15368094,-0.0782174,-0.19187105,-0.18185812,-0.09859173,-0.11065883,-0.1534585,-0.15673561,-0.083404,-0.1213824,-0.13072303,-0.13855581,-0.19385117,-0.15366504,-0.1569531,-0.19487974,-0.23847799,-0.2432746,-0.12913506,-0.15354979,-0.15693322,-0.14520228,-0.2961179,-0.15369043,-0.19813283,-0.12930003,-0.15364596,-0.060104962,-0.15931924,-0.15368916,-0.2028091,-0.2868003,-0.11816878,-0.14795661,-0.10060286,-0.15358117,-0.13614628,-0.20725825,-0.17393659,-0.125103,-0.15657571,-0.15690626,-0.15368819,-0.15695475,-0.16221246,-0.22200036,-0.12942478,-0.2814266,-0.15369122,-0.1915083,-0.24371436,-0.16952515,-0.15362741,-0.13369927,-0.12557748,-0.15368605,-0.18106565,-0.15369104,-0.18642783,-0.15364975,-0.30462334,-0.15361325,-0.14691104,-0.13029914,-0.15368211,-0.15694636,-0.18915205,-0.12936802,-0.15368557,-0.10481856,-0.1650517,-0.15368392,-0.15695614,-0.15693498,-0.12907009,-0.15361893,-0.15693241,-0.15692626,-0.15693414,-0.15694009,-0.16505513,-0.17392421,-0.15368083,-0.15695116,-0.15694413,-0.15695156,-0.2025511,-0.15354379,-0.14723541,-0.15298049,-0.11499533,-0.10471026,-0.11893196,-0.15368345,-0.15689985,-0.12933955,-0.19501048,-0.15368879,-0.18738703,-0.11705899,-0.17429145,-0.15368173,-0.06652963,-0.15351476,-0.10737923,-0.124497145,-0.15298569,-0.052188452,-0.26007295
k__Bacteria|p__Firmicutes|c__Clostridia|o__Eubacteriales|f__Clostridiaceae|g__Clostridium|s__Clostridium_SGB29100,-0.1004395,-0.12316422,-0.15331835,-0.15658584,-0.15658608,-0.23867357,-0.1666669,-0.16813041,-0.10929718,-0.22895765,-0.23728925,-0.15332265,-0.22850217,-0.3768707,-0.08556121,-0.15296224,-0.058144663,-0.15284768,-0.15653008,-0.19931981,-0.1978925,-0.12888084,-0.1532911,-0.12711628,-0.20043859,-0.11658599,-0.182019,-0.25032333,-0.1509206,-0.15329534,-0.15142563,-0.10844302,-0.18249588,-0.28454733,-0.15331058,-0.12905073,-0.1533205,-0.22338755,-0.15332296,1.1105926,-0.15332304,-0.29356226,-0.1284166,-0.15318969,-0.13691942,-0.15331806,-0.23188588,-0.24781659,-0.1296162,-0.1290561,-0.24679694,-0.18279888,-0.25087595,-0.26027086,-0.28621647,-0.27511892,-0.11894142,-0.15324521,-0.040142577,-0.056944285,-0.15267268,-0.11274739,-0.13743341,-0.12895091,-0.15330341,-0.1565819,-0.15658587,-0.15658647,-0.27573854,-0.1532867,-0.12895331,-0.16243835,-0.12334165,-0.14074792,-0.1532925,-0.15887658,-0.14481027,-0.12903681,-0.18691605,-0.14998752,-0.15331224,-0.1565669,-0.15657687,-0.1565167,-0.120334074,-0.13700745,-0.08858878,-0.15330692,-0.19008024,-0.1533169,-0.2004665,-0.11139822,-0.1388583,-0.13027036,-0.1074974,-0.15152657,-0.15323104,-0.15630624,-0.10065024,-0.08152827,-0.09427856,-0.15327507,-0.11960925,-0.15027548,-0.16982608,-0.1185138,-0.15328977,-0.15658046,-0.17738779,-0.15176103,-0.15331943,-0.25953975,-0.17989698,-0.13525523,-0.15331696,-0.15095688,-0.17780018,-0.2009549,-0.15329795,-0.09015879,-0.15305635,-0.12151222,-0.121854745,-0.13997786,-0.21433522,-0.13908121,-0.16057305,-0.1532535,-0.07092635,-0.1527596,-0.15588897,-0.18733518,-0.15308665,-0.12893575,-0.12334781,-0.14100276,-0.15328091,-0.114095174,-0.25318068,-0.26654312,-0.12825534,-0.10945694,-0.15327308,-0.09238048,-0.20963459,-0.15331715,-0.15650937,-0.12849106,-0.15325354,-0.16015086,-0.1553517,-0.15332101,-0.19704957,-0.20616047,-0.12797144,-0.10460003,-0.11361031,-0.10256614,-0.15331446,-0.19495486,-0.15329283,-0.12841853,-0.1531792,-0.041086134,-0.12967405,-0.15331987,-0.2300741,-0.15330076,-0.10384405,-0.15206546,-0.0784167,-0.15319395,-0.12766197,-0.15321177,-0.121451,-0.075820275,-0.09192432,-0.101488546,-0.1530838,-0.15650249,-0.12378413,-0.1531789,-0.1410757,-0.13984437,-0.18093297,-0.15332209,-0.25777104,-0.12844054,-0.15324026,-0.13462572,-0.119081676,-0.15329625,-0.15658228,-0.15658376,-0.15658474,-0.19755594,-0.25103784,-0.20219928,-0.19465852,-0.24831252,-0.20506537,-0.22091979,-0.15330863,-0.12867706,-0.11956477,-0.15330464,-0.15657908,-0.20931396,-0.18224281,-0.15329623,-0.32474133,-0.15332043,-0.15658706,-0.15658613,-0.1565858,-0.2185038,-0.15329537,-0.114121355,-0.15329857,-0.15657349,-0.15657926,-0.22984435,-0.15331493,-0.15656258,-0.08963354,-0.15322529,-0.15654422,-0.15655938,-0.1565609,-0.13302092,-0.1051107,-0.14014931,-0.15141064,-0.15839578,-0.15615125,-0.14613561,-0.15331179,-0.12319561,-0.12901211,-0.15327993,-0.15658692,-0.1565865,-0.15658651,-0.15658695,-0.38518023,-0.11451449,-0.15328676,-0.15564899,-0.14443555,-0.16636807,-0.1533163,-0.15651798,-0.12993515,-0.047159404,-0.14809775,-0.14016809,-0.14106366,-0.1531902,0.62840325,-0.1649412,-0.17166539,-0.15329707,-0.1565504,-0.12722544,-0.14610182,-0.2588673,-0.12883559,-0.15321,-0.09132757,-0.12832497,-0.13684332,-0.16221203,-0.15659244,-0.12829134,-0.15309477,-0.1565046,-0.1565473,-0.15657651,-0.15740095,-0.19795567,-0.15106063,-0.07294749,-0.2039893,-0.15328722,-0.15654613,-0.104459345,-0.15296677,-0.17466888,-0.13176009,-0.15329397,-0.15109587,-0.10913184,-0.15315014,-0.05825615,-0.14326635,-0.17082691,-0.1532402,-0.18883844,-0.1533214,-0.31316653,-0.15331268,-0.16808087,-0.14331596,-0.15331471,-0.1565839,-0.25088155,-0.15332171,-0.22115314,-0.07562123,-0.086852394,-0.10702289,-0.060967896,-0.14745353,-0.16796505,-0.15746465,-0.22133875,-0.12812386,-0.0969081,-0.16398169,-0.12716047,-0.11335766,-0.18846886,-0.12900597,-0.17755464,-0.0994983,-0.115196005,-0.1532414,-0.11662802,-0.19749595,-0.14526704,-0.12781724,-0.096878245,-0.15324187,-0.15641418,-0.12434345,-0.11230643,-0.063823454,-0.15318026,-0.11419349,-0.10007019,-0.24483351,-0.15332219,-0.15657648,-0.16344379,-0.1759062,-0.12524253,-0.1533094,-0.0782174,-0.19187105,-0.18185812,-0.09859173,-0.11065883,-0.1530258,-0.15630424,-0.083404,-0.1213824,-0.13072303,-0.13855581,-0.19385117,-0.15328944,-0.15658118,-0.19487974,-0.23847799,-0.2432746,-0.12870994,-0.1531426,-0.15655601,-0.14520228,-0.2961179,-0.15332155,-0.19813283,-0.12891978,-0.15326533,-0.060104962,-0.15931924,-0.15331997,-0.2028091,-0.2868003,-0.11816878,-0.14795661,-0.10060286,-0.15318322,-0.13614628,-0.20725825,-0.17393659,-0.125103,-0.15657571,-0.15690626,-0.15331873,-0.15658331,-0.16221246,-0.22200036,-0.12906942,-0.2814266,-0.15332255,-0.1915083,-0.24371436,-0.16952515,-0.15324453,-0.13369927,-0.12557748,-0.15331599,-0.18106565,-0.15332234,-0.18642783,-0.15327173,-0.30462334,-0.15322408,-0.14691104,-0.13029914,-0.15331097,-0.15657252,-0.18915205,-0.12899959,-0.15331535,-0.10481856,-0.1650517,-0.15331337,-0.15658508,-0.15655904,-0.12863447,-0.15323028,-0.15655512,-0.15654716,-0.15655728,-0.1565646,-0.16505513,-0.17392421,-0.1533094,-0.15657878,-0.15656987,-0.15657924,-0.2025511,-0.15354379,-0.14723541,-0.15242822,-0.11499533,-0.10471026,-0.11893196,-0.15331265,-0.15651578,-0.12896451,-0.19501048,-0.15331951,-0.18738703,-0.11705899,-0.17429145,-0.15331092,-0.06652963,-0.15309799,-0.10737923,-0.124497145,-0.15298569,-0.052188452,-0.26007295
k__Bacteria|p__Firmicutes|c__Erysipelotrichia|o__Erysipelotrichales|f__Erysipelotrichaceae|g__Longicatena|s__Longicatena_caecimuris,-0.1004395,-0.12316422,-0.15396164,-0.15728211,-0.15728241,-0.23867357,-0.1666669,-0.16813041,-0.10929718,-0.22895765,-0.23728925,-0.15396702,-0.22850217,-0.3768707,-0.08556121,-0.15351614,-0.058144663,-0.15337154,-0.15721245,-0.19931981,-0.1978925,-0.12909743,-0.15392756,-0.12711628,4.680727,-0.11658599,-0.182019,2.5198545,-0.1509206,-0.15393296,-0.15142563,-0.10844302,-0.18249588,-0.28454733,-0.15395223,-0.12930164,-0.15396434,-0.22338755,-0.15396744,-0.29867563,-0.15396751,-0.29356226,-0.12855339,-0.15380132,-0.13691942,-0.15396127,-0.23188588,-0.24781659,-0.1296162,-0.12930824,-0.24679694,-0.18279888,-0.25087595,-0.26027086,-0.28621647,-0.27511892,-0.11894142,-0.15387045,-0.040142577,-0.056944285,-0.15315464,-0.11274739,-0.13743341,-0.12918273,-0.15394305,-0.15727717,-0.15728214,-0.15728289,-0.27573854,-0.15392266,-0.12918457,-0.16243835,-0.12334165,-0.14074792,-0.1539293,-0.15887658,-0.14481027,-0.12928516,-0.18691605,-0.14998752,-0.153954,-0.15725842,-0.15727094,-0.15719655,-0.120334074,-0.13700745,-0.08858878,-0.15394738,-0.19008024,-0.15395984,-0.2004665,-0.11139822,-0.1388583,-0.13027036,-0.1074974,-0.15152657,-0.15385246,-0.15693548,-0.10065024,-0.08152827,-0.09427856,-0.15390757,-0.11960925,-0.15027548,-0.16982608,-0.1185138,-0.15392593,-0.15727535,-0.17738779,-0.15176103,-0.153963,-0.25953975,-0.17989698,-0.13525523,-0.1539599,-0.15095688,-0.17780018,-0.2009549,-0.15393662,-0.09015879,-0.15363406,-0.12151222,-0.121854745,-0.13997786,-0.21433522,-0.13908121,-0.16057305,-0.15388057,-0.07092635,-0.15326297,-0.15641269,-0.18733518,-0.15367268,-0.12917116,-0.12334781,-0.14100276,-0.15391484,-0.114095174,-0.25318068,-0.26654312,-0.1283623,-0.10945694,-0.15390503,-0.09238048,-0.20963459,-0.15396015,-0.15718672,-0.1286493,-0.15388058,-0.16015086,-0.1553517,-0.153965,-0.19704957,-0.20616047,-0.1280382,-0.10460003,-0.11361031,-0.10256614,-0.15395677,-0.19495486,-0.15392995,-0.12856212,-0.1537872,-0.041086134,-0.12967405,-0.15396357,-0.2300741,-0.15393984,-0.10384405,-0.15239131,-0.0784167,-0.15380603,-0.12766197,-0.15382841,-0.121451,-0.075820275,-0.09192432,-0.101488546,-0.15366939,-0.15717782,-0.12378413,-0.15378885,-0.1410757,-0.13984437,-0.18093297,-0.15396634,-0.25777104,-0.12844054,-0.15386507,-0.13462572,-0.119081676,-0.153934,-0.15727767,-0.15727949,-0.15728073,-0.19755594,-0.25103784,-0.20219928,-0.19465852,-0.24831252,-0.20506537,-0.22091979,-0.15394959,-0.12886825,-0.11956477,-0.15394446,-0.15727364,-0.20931396,-0.18224281,-0.15393439,-0.32474133,-0.15396425,-0.15728365,-0.15728246,-0.15728205,-0.2185038,-0.15393338,-0.114121355,-0.15393698,-0.15726674,-0.15727386,-0.22984435,-0.15395737,-0.15725383,-0.08963354,-0.15384558,-0.15723002,-0.15724908,-0.15725085,-0.13302092,-0.1051107,-0.14014931,-0.15141064,-0.15839578,-0.15615125,-0.14613561,-0.15395343,-0.12319561,-0.1292543,-0.15391372,-0.15728346,-0.15728295,-0.15728295,-0.1572835,-0.38518023,-0.11451449,-0.15392216,-0.15564899,-0.14443555,-0.16636807,-0.15395911,-0.15719771,-0.12993515,-0.047159404,-0.14743543,-0.14016809,-0.14106366,-0.15380135,-0.19987361,-0.1649412,-0.17166539,-0.15393505,-0.15723771,-0.12722544,-0.14610182,-0.2588673,-0.12904568,-0.15382642,-0.09132757,-0.12832497,-0.13684332,-0.16221203,-0.15659244,-0.12841876,-0.15368313,-0.15718067,-0.1572339,-0.15727046,-0.15740095,-0.19795567,-0.15106063,-0.07294749,-0.2039893,-0.15392284,-0.15723242,-0.104459345,-0.15353608,-0.17466888,-0.13176009,-0.15393111,-0.15109587,-0.10913184,-0.1537519,-0.05825615,-0.14326635,-0.17082691,-0.15386406,-0.18883844,-0.15396546,-0.31316653,-0.15395465,-0.16808087,-0.14331596,-0.1539571,-0.15727967,-0.25088155,-0.15396586,-0.22115314,-0.07562123,-0.086852394,-0.10702289,-0.060967896,-0.146638,-0.16796505,-0.15746465,-0.22133875,-0.12812386,-0.0969081,-0.16398169,-0.12716047,-0.11335766,-0.18846886,-0.1292474,-0.17755464,-0.0994983,-0.115196005,-0.15386549,-0.11662802,-0.19749595,-0.14526704,-0.12781724,-0.096878245,-0.153866,-0.15706766,-0.12434345,-0.11230643,-0.063823454,-0.15378922,-0.11419349,-0.10007019,-0.24483351,-0.15396646,-0.15727046,-0.16344379,-0.1759062,-0.12524253,-0.15395044,-0.0782174,-0.19187105,-0.18185812,-0.09859173,-0.11065883,-0.15359552,-0.15692985,-0.083404,-0.1213824,-0.13072303,-0.13855581,-0.19385117,-0.15392557,-0.15727627,-0.19487974,-0.23847799,-0.2432746,-0.12888406,-0.15374209,-0.15724485,-0.14520228,-0.2961179,-0.15396565,-0.19813283,-0.12914556,-0.1538955,-0.060104962,-0.15931924,-0.15396369,-0.2028091,-0.2868003,-0.11816878,-0.14795661,-0.10060286,-0.153793,-0.13614628,-0.20725825,-0.17393659,-0.125103,-0.15657571,-0.15690626,-0.15396217,-0.15727894,-0.16221246,-0.22200036,-0.12932464,-0.2814266,-0.1539669,-0.1915083,-0.24371436,-0.16952515,-0.1538704,-0.13369927,-0.12557748,-0.15395871,-0.18106565,-0.15396664,-0.18642783,-0.15390405,-0.30462334,-0.15384394,-0.14691104,-0.13029914,-0.15395242,-0.15726542,-0.18915205,-0.12923929,-0.15395793,-0.10481856,-0.1650517,-0.15395546,-0.15728116,-0.15724878,-0.12879467,-0.15385155,-0.15724377,-0.15723383,-0.15724647,-0.15725556,-0.16505513,-0.17392421,-0.1539505,-0.15727329,-0.15726213,-0.15727384,-0.2025511,-0.15354379,-0.14723541,-0.15285087,-0.11499533,-0.10471026,-0.11893196,-0.15395454,-0.1571949,-0.12919617,-0.19501048,-0.15396312,-0.18738703,-0.11705899,-0.17429145,-0.15395245,-0.06652963,-0.15368605,-0.10737923,-0.124497145,-0.15298569,-0.052188452,-0.26007295
k__Bacteria|p__Firmicutes|c__Clostridia|o__Eubacteriales|f__Lachnospiraceae|g__Lachnospiraceae_unclassified|s__Lachnospiraceae_bacterium,-0.1004395,-0.12316422,-0.15423957,-0.15756805,-0.15756834,-0.23867357,-0.1666669,-0.16813041,-0.10929718,-0.22895765,-0.23728925,-0.15424469,-0.22850217,-0.3768707,-0.08556121,-0.15380815,-0.058144663,-0.15367243,-0.15750173,-0.19931981,-0.1978925,-0.12931187,-0.154207,-0.12711628,-0.20043859,-0.11658599,-0.182019,-0.25032333,-0.1509206,-0.1542123,-0.15142563,-0.10844302,-0.18249588,-0.28454733,-0.15423045,-0.12951905,-0.15424213,-0.22338755,-0.15424508,-0.29867563,-0.15424514,3.184192,-0.12876639,-0.1540872,-0.13691942,-0.15423921,-0.23188588,-0.24781659,-0.1296162,-0.12952554,-0.24679694,-0.18279888,-0.25087595,-0.26027086,-0.28621647,-0.27511892,-0.11894142,-0.1541523,-0.040142577,-0.056944285,-0.1534727,-0.11274739,-0.13743341,-0.12939864,-0.1542219,-0.15756336,-0.1575681,-0.15756878,-0.27573854,-0.15420184,-0.12940222,-0.16243835,-0.12334165,-0.14074792,-0.15420872,-0.15887658,-0.14481027,-0.1295023,-0.18691605,-0.14998752,-0.15423225,-0.15754549,-0.15755746,-0.15748529,-0.120334074,-0.13700745,-0.08858878,-0.15422593,-0.19008024,-0.15423782,-0.2004665,-0.11139822,-0.1388583,-0.13027036,-0.1074974,-0.15152657,-0.15413515,-0.15722144,-0.10065024,-0.08152827,-0.09427856,-0.15418783,-0.11960925,-0.15027548,-0.16982608,-0.1185138,-0.15420564,-0.1575616,-0.17738779,-0.15176103,-0.15424086,-0.25953975,-0.17989698,-0.13525523,-0.1542379,-0.15095688,-0.17780018,-0.2009549,-0.15421557,-0.09015879,-0.15392563,-0.12151222,-0.121854745,-0.13997786,-0.21433522,-0.13908121,-0.16057305,-0.15416193,-0.07092635,-0.15357001,-0.15674397,-0.18733518,-0.15396506,-0.12938479,-0.12334781,-0.14100276,-0.15419489,-0.114095174,-0.25318068,-0.26654312,-0.12853795,-0.10945694,-0.15418547,-0.09238048,-0.20963459,-0.15423813,-0.15747774,-0.12884271,-0.15416218,-0.16015086,-0.1553517,-0.15424274,-0.19704957,-0.20616047,-0.12823085,-0.10460003,-0.11361031,-0.10256614,-0.15423489,-0.19495486,-0.15420893,-0.12874511,-0.15407215,-0.041086134,-0.12967405,-0.15424141,-0.2300741,-0.1542187,-0.10384405,-0.15272903,-0.0784167,-0.15409088,-0.12766197,-0.15411222,-0.121451,-0.075820275,-0.09192432,-0.101488546,-0.1539593,-0.15746823,-0.12378413,-0.15407123,-0.1410757,-0.13984437,-0.18093297,-0.154244,-0.25777104,-0.12844054,-0.15414625,-0.13462572,-0.119081676,-0.15421307,-0.15756384,-0.15756556,-0.15756676,-0.19755594,-0.25103784,-0.20219928,-0.19465852,-0.24831252,-0.20506537,-0.22091979,-0.15422812,-0.12906334,-0.11956477,-0.15422314,-0.15755999,-0.20931396,-0.18224281,-0.15421358,-0.32474133,-0.15424204,-0.15756953,-0.1575684,-0.15756801,-0.2185038,-0.15421267,-0.114121355,-0.1542162,-0.15755352,-0.15756023,-0.22984435,-0.15423545,-0.15754133,-0.08963354,-0.15412885,-0.15751824,-0.15753669,-0.15753815,-0.13302092,-0.1051107,-0.14014931,-0.15141064,-0.15839578,-0.15615125,-0.14613561,-0.15423167,-0.12319561,-0.12947293,-0.15419412,-0.15756933,-0.15756884,-0.15756884,-0.15756938,-0.38518023,-0.11451449,-0.15420192,-0.15564899,-0.14443555,-0.16636807,-0.15423717,-0.15748823,-0.12993515,-0.047159404,-0.14805323,-0.14016809,-0.14106366,-0.15408704,-0.19987361,-0.1649412,-0.17166539,-0.15421414,-0.15752552,-0.12722544,-0.14610182,-0.2588673,-0.12924951,-0.15410967,-0.09132757,-0.12832497,-0.13684332,-0.16221203,-0.15659244,-0.12859662,-0.15397324,-0.15747112,-0.157522,-0.15755694,-0.15740095,-0.19795567,-0.15106063,-0.07294749,-0.2039893,-0.15420267,-0.15752041,-0.104459345,-0.15379885,-0.17466888,-0.13176009,-0.15421031,-0.15109587,-0.10913184,-0.15403791,-0.05825615,-0.14326635,-0.17082691,-0.15414673,-0.18883844,-0.1542432,-0.31316653,-0.15423304,-0.16808087,-0.14331596,-0.15423521,-0.15756577,-0.25088155,-0.15424357,-0.22115314,-0.07562123,-0.086852394,-0.10702289,-0.060967896,-0.14729397,-0.16796505,-0.15746465,-0.22133875,-0.12812386,-0.0969081,-0.16398169,-0.12716047,-0.11335766,-0.18846886,-0.12946461,-0.17755464,-0.0994983,-0.115196005,-0.15414786,-0.11662802,-0.19749595,-0.14526704,-0.12781724,-0.096878245,-0.1541479,-0.15736264,-0.12434345,-0.11230643,-0.063823454,-0.15407428,-0.11419349,-0.10007019,-0.24483351,-0.15424412,-0.15755704,-0.16344379,-0.1759062,-0.12524253,-0.15422887,-0.0782174,-0.19187105,-0.18185812,-0.09859173,-0.11065883,-0.15388894,-0.15723102,-0.083404,-0.1213824,-0.13072303,-0.13855581,-0.19385117,-0.15420532,-0.15756252,-0.19487974,-0.23847799,-0.2432746,-0.12910347,-0.15402958,-0.1575326,-0.14520228,-0.2961179,-0.15424335,-0.19813283,-0.12935917,-0.15417644,-0.060104962,-0.15931924,-0.15424152,-0.2028091,-0.2868003,-0.11816878,-0.14795661,-0.10060286,-0.15407887,-0.13614628,-0.20725825,-0.17393659,-0.125103,-0.15657571,-0.15690626,-0.15424007,-0.15756504,-0.16221246,-0.22200036,-0.12954147,-0.2814266,-0.15424456,-0.1915083,-0.24371436,-0.16952515,-0.15415214,-0.13369927,-0.12557748,-0.1542368,-0.18106565,-0.1542443,-0.18642783,-0.1541848,-0.30462334,-0.1541279,-0.14691104,-0.13029914,-0.15423076,-0.15755215,-0.18915205,-0.12945691,-0.15423599,-0.10481856,-0.1650517,-0.1542337,-0.15756716,-0.15753627,-0.12899579,-0.15413415,-0.15753163,-0.15752211,-0.1575342,-0.1575427,-0.16505513,-0.17392421,-0.15422896,-0.15755963,-0.15754905,-0.15756018,-0.2025511,-0.15354379,-0.14723541,-0.15318707,-0.11499533,-0.10471026,-0.11893196,-0.15423277,-0.15748504,-0.12941372,-0.19501048,-0.15424097,-0.18738703,-0.11705899,-0.17429145,-0.15423068,-0.06652963,-0.15397438,-0.10737923,-0.124497145,-0.15298569,-0.052188452,-0.26007295
k__Bacteria|p__Firmicutes|c__Bacilli|o__Lactobacillales|f__Carnobacteriaceae|g__Dolosigranulum|s__Dolosigranulum_pigrum,-0.1004395,-0.12316422,-0.15363635,-0.15698302,-0.15698329,-0.23867357,-0.1666669,-0.16813041,-0.10929718,-0.22895765,-0.23728925,-0.15364116,-0.22850217,-0.3768707,-0.08556121,-0.15324055,-0.058144663,-0.15310377,-0.15692091,-0.19931981,-0.1978925,-0.12859736,-0.15360573,-0.12711628,-0.20043859,-0.11658599,-0.182019,-0.25032333,-0.1509206,-0.15361077,-0.15142563,-0.10844302,-0.18249588,-0.28454733,-0.15362799,-0.12878102,-0.15363875,-0.22338755,-0.15364152,-0.29867563,-0.15364158,-0.29356226,-0.1281128,-0.15349397,-0.13691942,-0.15363598,-0.23188588,-0.24781659,-0.1296162,-0.12878698,-0.24679694,-0.18279888,-0.25087595,-0.26027086,-0.28621647,-0.27511892,-0.11894142,-0.15355462,-0.040142577,-0.056944285,-0.15291674,-0.11274739,-0.13743341,-0.1286751,-0.15361986,-0.15697858,-0.15698308,-0.15698372,-0.27573854,-0.15360218,-0.12867633,-0.16243835,-0.12334165,-0.14074792,-0.15360728,-0.15887658,-0.14481027,-0.128766,-0.18691605,-0.14998752,-0.15362947,-0.15696183,-0.15697312,-0.1569083,-0.120334074,-0.13700745,-0.08858878,-0.1536235,-0.19008024,-0.1536347,-0.2004665,-0.11139822,-0.1388583,-0.13027036,-0.1074974,-0.15152657,-0.15353817,-0.15668282,-0.10065024,-0.08152827,-0.09427856,-0.1535877,-0.11960925,-0.15027548,-0.16982608,-0.1185138,-0.15360457,-0.15697697,-0.17738779,-0.15176103,-0.15363756,-0.25953975,-0.17989698,-0.13525523,-0.15363474,-0.15095688,-0.17780018,-0.2009549,-0.15361467,-0.09015879,-0.15334138,-0.12151222,-0.121854745,-0.13997786,-0.21433522,-0.13908121,-0.16057305,-0.15356342,-0.07092635,-0.15301214,-0.15621346,-0.18733518,-0.15338275,-0.12866712,-0.12334781,-0.14100276,-0.15359429,-0.114095174,-0.25318068,-0.26654312,-0.12794521,-0.10945694,-0.1535854,-0.09238048,-0.20963459,-0.15363497,-0.15689966,-0.12820607,-0.1535642,-0.16015086,-0.1553517,-0.15363933,-0.19704957,-0.20616047,-0.12766123,-0.10460003,-0.11361031,-0.10256614,-0.1536319,-0.19495486,-0.1536081,-0.1281294,-0.15347949,-0.041086134,-0.12967405,-0.1536381,-0.2300741,-0.15361696,-0.10384405,-0.1522376,-0.0784167,-0.15349759,-0.12766197,-0.15351686,-0.121451,-0.075820275,-0.09192432,-0.101488546,-0.15337434,-0.15688924,-0.12378413,-0.15348707,-0.1410757,-0.13984437,-0.18093297,-0.15364052,-0.25777104,-0.12844054,-0.15355088,-0.13462572,-0.119081676,-0.15361136,-0.15697905,-0.1569807,-0.1569818,-0.19755594,-0.25103784,-0.20219928,-0.19465852,-0.24831252,-0.20506537,-0.22091979,-0.15362573,-0.12839942,-0.11956477,-0.15362084,-0.15697545,-0.20931396,-0.18224281,-0.15361245,-0.32474133,-0.15363865,-0.1569844,-0.15698333,-0.15698296,-0.2185038,-0.15361175,-0.114121355,-0.15361452,-0.15696949,-0.15697567,-0.22984435,-0.15363245,-0.15695876,-0.08963354,-0.15353282,-0.15693602,-0.1569536,-0.1569548,-0.13302092,-0.1051107,-0.14014931,-0.15141064,-0.15839578,-0.15615125,-0.14613561,-0.15362886,-0.12319561,-0.12873888,-0.15359381,-0.15698424,-0.15698378,-0.15698378,-0.15698427,-0.38518023,-0.11451449,-0.15360096,-0.15564899,-0.14443555,-0.16636807,-0.1536341,-0.15690878,-0.12993515,-0.047159404,-0.14785248,-0.14016809,-0.14106366,-0.15349296,-0.19987361,-0.1649412,-0.17166539,-0.15361239,-0.15694281,-0.12722544,-0.14610182,-0.2588673,-0.12855212,-0.1535149,-0.09132757,-0.12832497,-0.13684332,-0.16221203,-0.15659244,-0.12800488,-0.1533885,-0.15689205,-0.15693969,-0.15697257,-0.15740095,-0.19795567,-0.15106063,-0.07294749,-0.2039893,-0.15360177,-0.15693817,-0.104459345,-0.1532718,-0.17466888,-0.13176009,-0.15360865,-0.15109587,-0.10913184,-0.15344927,-0.05825615,-0.14326635,-0.17082691,-0.15354915,-0.18883844,-0.15363976,-0.31316653,-0.15363032,-0.16808087,-0.14331596,-0.15363224,-0.15698089,-0.25088155,-0.15364012,-0.22115314,-0.07562123,-0.086852394,-0.10702289,-0.060967896,-0.14713377,-0.16796505,-0.15746465,1.126755,-0.12812386,-0.0969081,-0.16398169,-0.12716047,-0.11335766,-0.18846886,-0.1287324,-0.17755464,-0.0994983,-0.115196005,-0.15355027,-0.11662802,-0.19749595,-0.14526704,-0.12781724,-0.096878245,-0.15355006,-0.15679058,-0.12434345,-0.11230643,-0.063823454,-0.15348206,-0.11419349,-0.10007019,-0.24483351,-0.15364063,-0.1569728,-0.16344379,-0.1759062,-0.12524253,-0.15362622,-0.0782174,-0.19187105,-0.18185812,-0.09859173,-0.11065883,-0.15330717,-0.15666698,-0.083404,-0.1213824,-0.13072303,-0.13855581,-0.19385117,-0.15360427,-0.1569778,-0.19487974,-0.23847799,-0.2432746,-0.12840998,-0.15343955,-0.15694976,-0.14520228,-0.2961179,-0.15363991,-0.19813283,-0.12864174,-0.15357739,-0.060104962,-0.15931924,-0.15363818,-0.2028091,-0.2868003,-0.11816878,-0.14795661,-0.10060286,-0.15348592,-0.13614628,-0.20725825,-0.17393659,-0.125103,-0.15657571,-0.15690626,-0.15363681,-0.15698017,-0.16221246,-0.22200036,-0.12880172,0.64574045,-0.15364105,-0.1915083,-0.24371436,-0.16952515,-0.15355653,-0.13369927,-0.12557748,-0.15363374,-0.18106565,-0.15364079,-0.18642783,-0.15358587,-0.30462334,-0.1535317,-0.14691104,-0.13029914,-0.15362807,-0.15696803,-0.18915205,-0.1287246,-0.15363297,-0.10481856,-0.1650517,-0.15363085,-0.15698218,-0.15695377,-0.12833306,-0.15353735,-0.15694895,-0.15693991,-0.15695132,-0.1569593,-0.16505513,-0.17392421,-0.15362641,-0.15697509,-0.15696517,-0.1569756,-0.2025511,-0.15354379,-0.14723541,-0.15265185,-0.11499533,-0.10471026,-0.11893196,-0.15362996,-0.15690655,-0.12868571,-0.19501048,-0.15363768,-0.18738703,-0.11705899,-0.17429145,-0.15362826,-0.06652963,-0.15338911,-0.10737923,-0.124497145,-0.15298569,-0.052188452,-0.26007295
k__Bacteria|p__Firmicutes|c__Clostridia|o__Eubacteriales|f__Eubacteriales_unclassified|g__Eubacteriales_unclassified|s__Eubacteriales_unclassified_SGB4861,-0.1004395,-0.12316422,-0.15354413,-0.1568563,-0.15685657,-0.23867357,-0.1666669,-0.16813041,-0.10929718,-0.22895765,-0.23728925,-0.15354855,-0.22850217,-0.3768707,-0.08556121,-0.15318169,-0.058144663,-0.15306124,-0.15679914,-0.19931981,3.1903546,-0.12878114,-0.15351619,-0.12711628,-0.20043859,-0.11658599,-0.182019,-0.25032333,-0.1509206,-0.15352061,-0.15142563,-0.10844302,-0.18249588,-0.28454733,-0.1535365,-0.1289453,-0.15354633,-0.22338755,-0.1535489,-0.29867563,-0.15354894,-0.29356226,-0.12834841,-0.15341265,-0.13691942,-0.15354383,-0.23188588,-0.24781659,-0.1296162,-0.12895055,-0.24679694,-0.18279888,-0.25087595,-0.26027086,-0.28621647,-0.27511892,-0.11894142,-0.15346934,-0.040142577,-0.056944285,-0.15288192,-0.11274739,-0.13743341,-0.12884942,-0.15352887,-0.15685228,-0.15685634,-0.15685694,-0.27573854,-0.1535126,-0.12885076,-0.16243835,-0.12334165,-0.14074792,-0.1535176,-0.15887658,-0.14481027,-0.1289317,-0.18691605,-0.14998752,-0.15353784,-0.15683687,-0.15684715,-0.15678746,-0.120334074,-0.13700745,-0.08858878,-0.15353242,-0.19008024,-0.15354264,-0.2004665,-0.11139822,-0.1388583,-0.13027036,-0.1074974,-0.15152657,-0.15345466,-0.15658742,-0.10065024,-0.08152827,-0.09427856,-0.1534998,-0.11960925,-0.15027548,-0.16982608,-0.1185138,-0.15351483,-0.15685079,-0.17738779,-0.15176103,-0.15354526,-0.25953975,-0.17989698,-0.13525523,-0.15354271,-0.15095688,-0.17780018,-0.2009549,-0.15352394,-0.09015879,-0.1532757,-0.12151222,-0.121854745,-0.13997786,-0.21433522,-0.13908121,-0.16057305,-0.15347768,-0.07092635,-0.15297283,-0.15614273,-0.18733518,-0.15330796,-0.12884057,-0.12334781,-0.14100276,-0.15350571,-0.114095174,-0.25318068,-0.26654312,-0.12820555,-0.10945694,-0.15349771,-0.09238048,-0.20963459,-0.1535429,-0.15677896,-0.12842795,-0.1534777,-0.16015086,-0.1553517,-0.15354687,-0.19704957,-0.20616047,-0.12793705,-0.10460003,-0.11361031,-0.10256614,-0.15354013,-0.19495486,-0.15351862,-0.12836787,-0.15340139,-0.041086134,-0.12967405,-0.15354571,-0.2300741,-0.15352648,-0.10384405,-0.15226337,-0.0784167,-0.15341662,-0.12766197,-0.15343496,-0.121451,-0.075820275,-0.09192432,-0.101488546,-0.15330467,-0.15677086,-0.12378413,-0.15340722,-0.1410757,-0.13984437,-0.18093297,-0.15354797,-0.25777104,-0.12844054,-0.15346621,-0.13462572,-0.119081676,-0.15352146,-0.15685266,-0.15685415,-0.15685518,-0.19755594,-0.25103784,-0.20219928,-0.19465852,-0.24831252,-0.20506537,-0.22091979,-0.15353431,-0.1286021,-0.11956477,-0.15353006,-0.15684937,-0.20931396,-0.18224281,-0.15352206,-0.32474133,-0.15354627,-0.15685758,-0.1568566,-0.15685625,-0.2185038,-0.15352103,-0.114121355,-0.15352386,-0.15684369,-0.15684955,-0.22984435,-0.15354064,-0.15683313,-0.08963354,-0.15344885,-0.1568136,-0.15682921,-0.15683068,-0.13302092,-0.1051107,-0.14014931,-0.15141064,-0.15839578,-0.15615125,-0.14613561,-0.15353741,-0.12319561,-0.12890682,-0.15350479,-0.15685742,-0.15685698,-0.156857,-0.15685746,-0.38518023,-0.11451449,-0.15351173,-0.15564899,-0.14443555,-0.16636807,-0.15354204,-0.15678737,-0.12993515,-0.047159404,-0.14818937,-0.14016809,-0.14106366,-0.15341263,-0.19987361,-0.1649412,-0.17166539,-0.15352231,-0.15681992,-0.12722544,-0.14610182,-0.2588673,-0.12874238,-0.15343344,-0.09132757,-0.12832497,-0.13684332,-0.16221203,-0.15659244,-0.12825696,-0.15331566,-0.15677312,-0.15681677,-0.15684676,-0.15740095,-0.19795567,-0.15106063,-0.07294749,-0.2039893,-0.1535123,-0.15681559,-0.104459345,-0.15323201,-0.17466888,-0.13176009,-0.1535191,-0.15109587,-0.10913184,-0.15337281,-0.05825615,-0.14326635,-0.17082691,-0.15346408,-0.18883844,-0.15354726,-0.31316653,-0.15353839,-0.16808087,-0.14331596,-0.1535404,-0.15685433,-0.25088155,-0.1535476,-0.22115314,-0.07562123,-0.086852394,-0.10702289,-0.060967896,-0.14753273,-0.16796505,-0.15746465,-0.22133875,-0.12812386,-0.0969081,-0.16398169,-0.12716047,-0.11335766,-0.18846886,-0.12890178,-0.17755464,-0.0994983,-0.115196005,-0.15346529,-0.11662802,-0.19749595,-0.14526704,-0.12781724,-0.096878245,-0.15346575,-0.15668067,-0.12434345,-0.11230643,-0.063823454,-0.15340292,-0.11419349,-0.10007019,-0.24483351,-0.15354808,-0.15684688,-0.16344379,-0.1759062,-0.12524253,-0.15353495,-0.0782174,-0.19187105,-0.18185812,-0.09859173,-0.11065883,-0.1532444,-0.15656781,-0.083404,-0.1213824,-0.13072303,-0.13855581,-0.19385117,-0.15351453,-0.15685153,-0.19487974,-0.23847799,-0.2432746,-0.12861618,-0.15336424,-0.15682574,-0.14520228,-0.2961179,-0.1535474,-0.19813283,-0.12881994,-0.15348992,-0.060104962,-0.15931924,-0.1535458,-0.2028091,-0.2868003,-0.11816878,-0.14795661,-0.10060286,-0.15340585,-0.13614628,-0.20725825,-0.17393659,-0.125103,-0.15657571,-0.15690626,-0.15354455,-0.1568537,-0.16221246,-0.22200036,-0.12896395,-0.2814266,-0.15354845,-0.1915083,-0.24371436,-0.16952515,-0.15347052,-0.13369927,-0.12557748,-0.15354171,-0.18106565,-0.15354821,-0.18642783,-0.15349717,-0.30462334,-0.15344752,-0.14691104,-0.13029914,-0.15353656,-0.15684262,7.354134,-0.12889487,-0.15354109,-0.10481856,-0.1650517,-0.15353905,-0.15685552,-0.15682931,-0.12855218,-0.15345392,-0.15682483,-0.15681669,-0.15682706,-0.15683454,-0.16505513,-0.17392421,-0.15353498,-0.15684906,-0.1568399,-0.15684953,-0.2025511,-0.15354379,-0.14723541,-0.15263222,-0.11499533,-0.10471026,-0.11893196,-0.15353832,-0.15678579,-0.12886003,-0.19501048,-0.15354532,-0.18738703,-0.11705899,-0.17429145,-0.1535368,-0.06652963,-0.15331876,-0.10737923,-0.124497145,-0.15298569,-0.052188452,-0.26007295
k__Bacteria|p__Firmicutes|c__Bacilli|o__Lactobacillales|f__Lactobacillaceae|g__Lactiplantibacillus|s__Lactiplantibacillus_plantarum,-0.1004395,-0.12316422,-0.15484749,-0.15818284,-0.15818305,-0.23867357,-0.1666669,-0.16813041,-0.10929718,-0.22895765,-0.23728925,-0.15485126,-0.22850217,-0.3768707,-0.08556121,-0.15453646,-0.058144663,-0.15443337,-0.15813437,-0.19931981,-0.1978925,-0.12992695,-0.15482366,-0.12711628,-0.20043859,-0.11658599,-0.182019,-0.25032333,-0.1509206,-0.1548275,-0.15142563,-0.10844302,-0.18249588,-0.28454733,-0.15484083,-0.13007563,-0.15484938,-0.22338755,-0.15485153,-0.29867563,-0.15485159,-0.29356226,-0.12952681,-0.15473598,-0.13691942,-0.15484722,-0.23188588,-0.24781659,-0.1296162,-0.1300803,-0.24679694,-0.18279888,-0.25087595,-0.26027086,-0.28621647,-0.27511892,-0.11894142,-0.15478367,-0.040142577,-0.056944285,-0.15428555,-0.11274739,-0.13743341,-0.12999009,-0.1548346,-0.1581794,-0.15818289,-0.15818338,-0.27573854,-0.15482064,-0.12999104,-0.16243835,-0.12334165,-0.14074792,-0.15482488,-0.15887658,-0.14481027,-0.13006331,-0.18691605,-0.14998752,-0.15484215,-0.15816632,-0.15817511,-0.15812369,-0.120334074,-0.13700745,-0.08858878,-0.15483752,-0.19008024,-0.15484622,-0.2004665,-0.11139822,-0.1388583,-0.13027036,-0.1074974,-0.15152657,-0.15477113,-0.15794817,-0.10065024,-0.08152827,-0.09427856,-0.15480965,-0.11960925,-0.15027548,-0.16982608,-0.1185138,-0.1548227,-0.15817814,-0.17738779,-0.15176103,-0.15484844,-0.25953975,-0.17989698,-0.13525523,-0.15484625,-0.15095688,-0.17780018,-0.2009549,-0.15483022,-0.09015879,-0.15461788,-0.12151222,-0.121854745,-0.13997786,-0.21433522,-0.13908121,-0.16057305,-0.15479073,-0.07092635,-0.1543594,-0.15757957,-0.18733518,-0.15464763,-0.12998024,-0.12334781,3.972655,-0.1548148,-0.114095174,-0.25318068,-0.26654312,-0.12938038,-0.10945694,-0.15480788,-0.09238048,-0.20963459,-0.15484644,-0.15811738,-0.12959856,-0.1547912,-0.16015086,-0.1553517,-0.15484983,-0.19704957,-0.20616047,-0.12912397,-0.10460003,-0.11361031,-0.10256614,-0.15484406,-0.19495486,-0.15482539,-0.12953132,-0.1547254,-0.041086134,-0.12967405,-0.15484884,-0.2300741,-0.1548323,-0.10384405,-0.15375593,-0.0784167,-0.15473932,-0.12766197,-0.15475447,-0.121451,-0.075820275,-0.09192432,-0.101488546,-0.15464309,-0.1581099,-0.12378413,-0.15472798,-0.1410757,-0.13984437,-0.18093297,-0.15485077,-0.25777104,-0.12844054,-0.15478024,-0.13462572,-0.119081676,-0.15482815,-0.15817976,-0.15818101,-0.15818188,-0.19755594,-0.25103784,-0.20219928,-0.19465852,-0.24831252,-0.20506537,-0.22091979,-0.15483917,-0.1297612,-0.11956477,-0.15483546,-0.15817693,-0.20931396,-0.18224281,-0.15482873,-0.32474133,-0.15484929,-0.15818393,-0.15818308,-0.1581828,-0.2185038,-0.15482786,-0.114121355,-0.15483043,-0.1581722,-0.15817711,-0.22984435,-0.1548445,-0.15816367,-0.08963354,-0.15476665,-0.15814635,-0.15815988,-0.15816095,-0.13302092,-0.1051107,-0.14014931,-0.15141064,-0.15839578,-0.15615125,-0.14613561,-0.15484169,-0.12319561,-0.13004233,-0.15481418,-0.15818378,-0.15818343,-0.15818343,-0.15818383,-0.38518023,-0.11451449,-0.15481994,-0.15564899,-0.14443555,-0.16636807,-0.15484574,-0.15812445,-0.12993515,-0.047159404,-0.15032217,-0.14016809,-0.14106366,-0.15473573,-0.19987361,-0.1649412,-0.17166539,-0.15482886,-0.15815166,-0.12722544,-0.14610182,-0.2588673,-0.12988669,-0.15475278,-0.09132757,-0.12832497,-0.13684332,-0.16221203,-0.15659244,-0.12941316,-0.15465331,-0.15811191,-0.15814912,-0.15817471,-0.15740095,-0.19795567,-0.15106063,-0.07294749,-0.2039893,-0.15482047,-0.15814802,-0.104459345,-0.15455037,-0.17466888,-0.13176009,-0.15482605,-0.15109587,-0.10913184,-0.154701,-0.05825615,-0.14326635,-0.17082691,-0.15477946,-0.18883844,-0.15485016,-0.31316653,-0.15484272,-0.16808087,-0.14331596,-0.1548443,-0.15818116,-0.25088155,-0.15485045,-0.22115314,-0.07562123,-0.086852394,-0.10702289,-0.060967896,-0.1497598,-0.16796505,-0.15746465,-0.22133875,-0.12812386,-0.0969081,-0.16398169,-0.12716047,-0.11335766,-0.18846886,-0.13003695,-0.17755464,-0.0994983,-0.115196005,-0.15478039,-0.11662802,-0.19749595,-0.14526704,-0.12781724,-0.096878245,-0.15478036,-0.15803286,-0.12434345,-0.11230643,-0.063823454,-0.15472716,-0.11419349,-0.10007019,-0.24483351,-0.15485084,-0.15817478,-0.16344379,-0.1759062,-0.12524253,-0.15483963,-0.0782174,-0.19187105,-0.18185812,-0.09859173,-0.11065883,-0.1545912,-0.15793657,-0.083404,-0.1213824,-0.13072303,-0.13855581,-0.19385117,-0.15482242,-0.15817878,-0.19487974,-0.23847799,-0.2432746,-0.12977701,-0.15469405,-0.15815689,-0.14520228,-0.2961179,-0.15485027,-0.19813283,-0.12996182,-0.15480137,-0.060104962,-0.15931924,-0.15484892,-0.2028091,-0.2868003,-0.11816878,-0.14795661,-0.10060286,-0.15472999,-0.13614628,-0.20725825,-0.17393659,-0.125103,-0.15657571,-0.15690626,-0.15484786,-0.15818062,-0.16221246,-0.22200036,-0.13009195,-0.2814266,-0.15485117,-0.1915083,-0.24371436,-0.16952515,-0.15478471,-0.13369927,-0.12557748,-0.15484545,-0.18106565,-0.15485096,-0.18642783,-0.15480775,-0.30462334,-0.15476568,-0.14691104,-0.13029914,-0.15484107,-0.1581712,-0.18915205,-0.13003075,-0.15484488,-0.10481856,-0.1650517,-0.15484318,-0.15818217,-0.15815988,-0.12971509,-0.15477043,-0.15815623,-0.15814921,-0.15815806,-0.15816437,-0.16505513,-0.17392421,-0.15483975,-0.15817668,-0.15816891,-0.15817706,-0.2025511,-0.15354379,-0.14723541,-0.15407643,-0.11499533,-0.10471026,-0.11893196,-0.15484253,-0.15812276,-0.13000019,-0.19501048,-0.15484852,-0.18738703,-0.11705899,-0.17429145,-0.15484108,-0.06652963,-0.15465465,-0.10737923,-0.124497145,-0.15298569,-0.052188452,-0.26007295
k__Bacteria|p__Firmicutes|c__Clostridia|o__Eubacteriales|f__Oscillospiraceae|g__Phocea|s__Phocea_massiliensis,-0.1004395,-0.12316422,-0.15354444,-0.15685147,-0.15685174,-0.23867357,-0.1666669,-0.16813041,-0.10929718,-0.22895765,-0.23728925,-0.15354945,-0.22850217,1.5173903,-0.08556121,-0.15313265,-0.058144663,-0.152998,-0.1567868,-0.19931981,-0.1978925,-0.12879393,-0.1535128,-0.12711628,-0.20043859,-0.11658599,-0.182019,-0.25032333,-0.1509206,-0.15351775,-0.15142563,-0.10844302,-0.18249588,-0.28454733,-0.15353565,-0.12898405,-0.15354696,-0.22338755,-0.15354982,-0.29867563,-0.15354988,-0.29356226,-0.12829463,-0.15339535,-0.13691942,-0.15354413,-0.23188588,-0.24781659,-0.1296162,-0.12899007,-0.24679694,-0.18279888,-0.25087595,-0.26027086,-0.28621647,-0.27511892,-0.11894142,-0.15345976,-0.040142577,-0.056944285,-0.15279424,-0.11274739,-0.13743341,-0.12887329,-0.15352713,-0.15684691,-0.1568515,-0.15685219,-0.27573854,-0.15350822,-0.12887508,-0.16243835,-0.12334165,-0.14074792,-0.15351442,-0.15887658,-0.14481027,-0.12896858,-0.18691605,-0.14998752,-0.15353733,-0.15682948,-0.15684107,-0.156772,-0.120334074,-0.13700745,-0.08858878,-0.1535312,-0.19008024,-0.15354277,-0.2004665,-0.11139822,-0.1388583,-0.13027036,-0.1074974,-0.15152657,-0.15344313,-0.15653239,-0.10065024,-0.08152827,-0.09427856,-0.15349428,-0.11960925,-0.15027548,-0.16982608,-0.1185138,-0.15351126,-0.15684521,-0.17738779,-0.15176103,-0.15354571,-0.25953975,-0.17989698,-0.13525523,-0.15354285,-0.15095688,-0.17780018,-0.2009549,-0.15352112,-0.09015879,-0.15324065,-0.12151222,-0.121854745,-0.13997786,-0.21433522,-0.13908121,-0.16057305,-0.15346923,-0.07092635,-0.15289676,-0.15604198,-0.18733518,-0.15327516,-0.12886265,-0.12334781,-0.14100276,-0.15350099,-0.114095174,-0.25318068,-0.26654312,-0.12810959,-0.10945694,-0.15349193,-0.09238048,-0.20963459,-0.15354306,-0.15676287,-0.12837732,-0.1534692,-0.16015086,-0.1553517,-0.15354756,-0.19704957,-0.20616047,-0.12780645,-0.10460003,-0.11361031,-0.10256614,-0.15353993,-0.19495486,-0.15351501,-0.12829563,-0.15338275,-0.041086134,-0.12967405,-0.15354621,-0.2300741,-0.15352419,-0.10384405,-0.15208888,-0.0784167,-0.15340003,-0.12766197,-0.15342082,-0.121451,-0.075820275,-0.09192432,-0.101488546,-0.15327314,-0.15675476,-0.12378413,-0.15338512,-0.1410757,-0.13984437,-0.18093297,-0.1535488,-0.25777104,-0.12844054,-0.15345475,-0.13462572,-0.119081676,-0.15351883,-0.15684736,-0.15684906,-0.15685019,-0.19755594,-0.25103784,-0.20219928,-0.19465852,-0.24831252,-0.20506537,-0.22091979,-0.15353322,-0.12857954,-0.11956477,-0.15352853,-0.1568436,-0.20931396,-0.18224281,-0.15351911,-0.32474133,-0.15354687,-0.1568529,-0.1568518,-0.15685141,-0.2185038,-0.15351808,-0.114121355,-0.1535215,-0.15683714,-0.15684381,-0.22984435,-0.15354049,-0.15682516,-0.08963354,-0.15343663,-0.15680319,-0.15682076,-0.1568225,-0.13302092,-0.1051107,-0.14014931,-0.15141064,-0.15839578,-0.15615125,-0.14613561,-0.15353683,-0.12319561,-0.12893999,-0.15349984,-0.15685272,-0.15685225,-0.15685225,-0.15685277,1.8808479,-0.11451449,-0.15350777,-0.15564899,-0.14443555,-0.16636807,-0.15354207,-0.15677287,-0.12993515,-0.047159404,-0.14747173,-0.14016809,-0.14106366,-0.15339553,-0.19987361,-0.1649412,-0.17166539,-0.15351975,-0.15681036,-0.12722544,-0.14610182,-0.2588673,-0.12874511,-0.15341899,-0.09132757,-0.12832497,-0.13684332,-0.16221203,-0.15659244,-0.12816557,-0.15328561,-0.15675732,-0.15680674,-0.15684065,-0.15740095,-0.19795567,-0.15106063,-0.07294749,-0.2039893,-0.15350835,-0.15680544,-0.104459345,-0.15315749,-0.17466888,-0.13176009,-0.15351614,-0.15109587,-0.10913184,-0.15334988,-0.05825615,-0.14326635,-0.17082691,-0.1534538,-0.18883844,-0.15354797,-0.31316653,-0.1535379,-0.16808087,-0.14331596,-0.15354022,-0.1568492,-0.25088155,-0.15354836,-0.22115314,-0.07562123,-0.086852394,-0.10702289,-0.060967896,-0.1467292,-0.16796505,-0.15746465,-0.22133875,-0.12812386,-0.0969081,-0.16398169,-0.12716047,-0.11335766,-0.18846886,-0.12893361,-0.17755464,-0.0994983,-0.115196005,-0.15345514,-0.11662802,-0.19749595,-0.14526704,-0.12781724,-0.096878245,-0.15345581,-0.15665248,-0.12434345,-0.11230643,-0.063823454,-0.15338448,-0.11419349,-0.10007019,-0.24483351,-0.1535489,-0.15684065,-0.16344379,-0.1759062,-0.12524253,-0.15353405,-0.0782174,-0.19187105,-0.18185812,-0.09859173,-0.11065883,-0.15320489,-0.15652466,-0.083404,-0.1213824,-0.13072303,-0.13855581,-0.19385117,-0.15351088,-0.15684608,-0.19487974,-0.23847799,-0.2432746,-0.12859818,-0.15334068,-0.15681684,-0.14520228,-0.2961179,-0.15354815,-0.19813283,-0.12883829,-0.15348297,-0.060104962,-0.15931924,-0.15354633,-0.2028091,-0.2868003,-0.11816878,-0.14795661,-0.10060286,-0.15338773,-0.13614628,-0.20725825,-0.17393659,-0.125103,-0.15657571,-0.15690626,-0.15354492,-0.15684855,-0.16221246,-0.22200036,-0.12900531,-0.2814266,-0.15354931,-0.1915083,-0.24371436,-0.16952515,-0.15345976,-0.13369927,-0.12557748,-0.1535417,-0.18106565,-0.15354908,-0.18642783,-0.15349075,-0.30462334,-0.15343495,-0.14691104,-0.13029914,-0.15353586,-0.156836,-0.18915205,-0.12892611,-0.153541,-0.10481856,-0.1650517,-0.15353867,-0.15685059,-0.15682045,-0.12851371,-0.15344232,-0.15681583,-0.15680662,-0.15681833,-0.15682685,-0.16505513,-0.17392421,-0.15353407,-0.15684327,-0.15683292,-0.15684381,-0.2025511,-0.15354379,-0.14723541,-0.15251032,-0.11499533,-0.10471026,-0.11893196,-0.15353784,-0.15677047,-0.12888624,-0.19501048,-0.1535458,-0.18738703,-0.11705899,-0.17429145,-0.1535359,-0.06652963,-0.15328905,-0.10737923,-0.124497145,-0.15298569,-0.052188452,-0.26007295
k__Bacteria|p__Firmicutes|c__Clostridia|o__Eubacteriales|f__Lachnospiraceae|g__GGB3602|s__GGB3602_SGB4574,-0.1004395,-0.12316422,-0.15408815,-0.15740576,-0.15740602,-0.23867357,-0.1666669,-0.16813041,-0.10929718,-0.22895765,-0.23728925,-0.15409255,-0.22850217,-0.3768707,-0.08556121,-0.15372047,-0.058144663,-0.15359676,-0.15734902,-0.19931981,-0.1978925,-0.12928227,-0.15406011,-0.12711628,-0.20043859,-0.11658599,-0.182019,-0.25032333,-0.1509206,-0.15406486,-0.15142563,-0.10844302,-0.18249588,-0.28454733,-0.15408066,-0.12944835,-0.15409032,-0.22338755,-0.15409288,-0.29867563,-0.15409292,-0.29356226,-0.128831,-0.1539585,-0.13691942,-0.1540878,-0.23188588,-0.24781659,-0.1296162,-0.12945382,-0.24679694,-0.18279888,-0.25087595,-0.26027086,-0.28621647,-0.27511892,-0.11894142,-0.15401341,-0.040142577,-0.056944285,-0.15343185,-0.11274739,-0.13743341,-0.12935433,-0.15407315,-0.15740171,-0.15740582,-0.1574064,4.1938496,-0.15405798,-0.12935317,-0.16243835,-0.12334165,-0.14074792,-0.15406153,-0.15887658,-0.14481027,-0.12943451,-0.18691605,-0.14998752,-0.15408185,-0.1573864,-0.1573968,-0.15733892,-0.120334074,-0.13700745,-0.08858878,-0.1540764,-0.19008024,-0.15408662,-0.2004665,-0.11139822,-0.1388583,-0.13027036,-0.1074974,-0.15152657,-0.15399835,-0.15713575,-0.10065024,-0.08152827,-0.09427856,-0.15404359,-0.11960925,-0.15027548,-0.16982608,-0.1185138,-0.15405922,-0.15740025,-0.17738779,-0.15176103,-0.15408927,-0.25953975,-0.17989698,-0.13525523,-0.15408668,-0.15095688,-0.17780018,-0.2009549,-0.15406898,-0.09015879,-0.15381745,-0.12151222,-0.121854745,-0.13997786,-0.21433522,-0.13908121,-0.16057305,-0.15402138,-0.07092635,-0.1535146,-0.15670666,-0.18733518,-0.15385874,-0.12934655,-0.12334781,-0.14100276,-0.1540497,-0.114095174,-0.25318068,-0.26654312,-0.12870184,-0.10945694,-0.15404147,-0.09238048,-0.20963459,-0.15408686,-0.1573313,-0.12892793,-0.15402216,-0.16015086,-0.1553517,-0.15409087,-0.19704957,-0.20616047,-0.12842783,-0.10460003,-0.11361031,-0.10256614,-0.15408406,-0.19495486,-0.15406281,-0.12887003,-0.15394387,-0.041086134,-0.12967405,-0.15408976,-0.2300741,-0.15407094,-0.10384405,-0.15280257,-0.0784167,-0.15396139,-0.12766197,-0.15397877,-0.121451,-0.075820275,-0.09192432,-0.101488546,-0.15384865,-0.15731978,-0.12378413,-0.15394995,-0.1410757,-0.13984437,-0.18093297,-0.15409195,-0.25777104,-0.12844054,-0.15401182,-0.13462572,-0.119081676,-0.15406522,-0.15740216,-0.15740366,-0.15740466,-0.19755594,-0.25103784,-0.20219928,-0.19465852,-0.24831252,-0.20506537,-0.22091979,-0.15407863,-0.1291091,-0.11956477,-0.15407392,-0.15739886,-0.20931396,-0.18224281,-0.1540665,-0.32474133,-0.15409024,-0.15740703,-0.15740606,-0.15740572,-0.2185038,-0.15406615,-0.114121355,-0.15406835,-0.15739356,-0.15739907,-0.22984435,-0.15408455,-0.15738413,-0.08963354,-0.15399364,-0.15736267,-0.15737897,-0.15737987,-0.13302092,-0.1051107,-0.14014931,-0.15141064,-0.15839578,-0.15615125,-0.14613561,-0.15408123,-0.12319561,-0.12941007,-0.15404946,-0.15740688,-0.15740645,-0.15740646,-0.15740693,-0.38518023,-0.11451449,-0.15405583,-0.15564899,-0.14443555,-0.16636807,-0.15408611,-0.1573391,-0.12993515,-0.047159404,-0.1488226,-0.14016809,-0.14106366,-0.15395719,-0.19987361,-0.1649412,-0.17166539,-0.1540662,-0.15736881,-0.12722544,-0.14610182,-0.2588673,-0.1292436,-0.15397696,-0.09132757,-0.12832497,-0.13684332,-0.16221203,-0.15659244,-0.12876467,-0.15386222,-0.15732262,-0.15736608,-0.1573962,-0.15740095,-0.19795567,-0.15106063,-0.07294749,-0.2039893,-0.15405664,-0.15736467,-0.104459345,-0.15377794,-0.17466888,-0.13176009,-0.15406266,-0.15109587,-0.10913184,-0.15391722,-0.05825615,-0.14326635,-0.17082691,-0.15400857,-0.18883844,-0.15409127,-0.31316653,-0.1540828,-0.16808087,-0.14331596,-0.15408438,-0.15740387,-0.25088155,-0.1540916,-0.22115314,-0.07562123,-0.086852394,-0.10702289,-0.060967896,-0.14817235,-0.16796505,-0.15746465,-0.22133875,-0.12812386,-0.0969081,-0.16398169,-0.12716047,-0.11335766,-0.18846886,-0.12940453,-0.17755464,-0.0994983,-0.115196005,-0.15400949,-0.11662802,-0.19749595,-0.14526704,-0.12781724,-0.096878245,-0.15400892,-0.15722989,-0.12434345,-0.11230643,-0.063823454,-0.15394697,-0.11419349,-0.10007019,-0.24483351,-0.15409206,-0.15739666,-0.16344379,-0.1759062,-0.12524253,-0.15407884,-0.0782174,-0.19187105,-0.18185812,-0.09859173,-0.11065883,-0.15378633,-0.15711622,-0.083404,-0.1213824,-0.13072303,-0.13855581,-0.19385117,-0.15405898,-0.157401,-0.19487974,-0.23847799,-0.2432746,-0.12911434,-0.1539081,-0.15737543,-0.14520228,-0.2961179,-0.15409139,-0.19813283,-0.1293237,-0.15403438,-0.060104962,-0.15931924,-0.15408984,-0.2028091,-0.2868003,-0.11816878,-0.14795661,-0.10060286,-0.15395099,-0.13614628,-0.20725825,-0.17393659,-0.125103,-0.15657571,-0.15690626,-0.15408857,-0.15740317,-0.16221246,-0.22200036,-0.12946732,-0.2814266,-0.15409243,-0.1915083,-0.24371436,-0.16952515,-0.15401682,-0.13369927,-0.12557748,-0.15408577,-0.18106565,-0.1540922,-0.18642783,-0.15404283,-0.30462334,-0.15399286,-0.14691104,-0.13029914,-0.15408057,-0.15739205,-0.18915205,-0.12939712,-0.15408507,-0.10481856,-0.1650517,-0.15408316,-0.15740502,-0.15737987,-0.1290566,-0.15399742,-0.15737477,-0.15736645,-0.15737692,-0.15738411,-0.16505513,-0.17392421,-0.15407912,-0.15739852,-0.15738946,-0.15739898,-0.2025511,-0.15354379,-0.14723541,-0.15319356,-0.11499533,-0.10471026,-0.11893196,-0.15408231,-0.15733682,-0.129361,-0.19501048,-0.15408939,-0.18738703,-0.11705899,-0.17429145,-0.15408108,-0.06652963,-0.15386064,-0.10737923,-0.124497145,-0.15298569,-0.052188452,-0.26007295
k__Bacteria|p__Firmicutes|c__Erysipelotrichia|o__Erysipelotrichales|f__Erysipelotrichaceae|g__Solobacterium|s__Solobacterium_SGB6834,-0.1004395,-0.12316422,-0.15522462,-0.15847951,-0.15847978,-0.23867357,-0.1666669,-0.16813041,-0.10929718,-0.22895765,-0.23728925,-0.15522943,-0.22850217,-0.3768707,-0.08556121,-0.15481326,-0.058144663,-0.15467627,-0.1584169,-0.19931981,-0.1978925,-0.13084471,-0.15519351,-0.12711628,-0.20043859,-0.11658599,-0.182019,-0.25032333,-0.1509206,-0.15519899,-0.15142563,-0.10844302,-0.18249588,-0.28454733,-0.15521601,-0.13104957,-0.155227,-0.22338755,-0.1552298,-0.29867563,-0.15522988,-0.29356226,-0.13029818,-0.15508208,-0.13691942,-0.15522419,-0.23188588,-0.24781659,-0.1296162,-0.13105616,-0.24679694,-0.18279888,-0.25087595,-0.26027086,-0.28621647,-0.27511892,-0.11894142,-0.15514132,-0.040142577,-0.056944285,-0.1545034,-0.11274739,-0.13743341,-0.13093217,-0.15520813,-0.15847501,-0.15847959,-0.15848021,-0.27573854,-0.15518966,-0.13093536,-0.16243835,-0.12334165,-0.14074792,-0.15519513,-0.15887658,-0.14481027,-0.13103275,-0.18691605,-0.14998752,-0.15521759,-0.15845808,-0.15846962,-0.15840358,-0.120334074,-0.13700745,-0.08858878,-0.15521154,-0.19008024,-0.1552229,-0.2004665,-0.11139822,-0.1388583,-0.13027036,-0.1074974,-0.15152657,-0.15512468,-0.15815246,-0.10065024,-0.08152827,-0.09427856,-0.15517503,-0.11960925,-0.15027548,-0.16982608,-0.1185138,-0.15519279,-0.15847336,-0.17738779,-0.15176103,-0.15522584,-0.25953975,-0.17989698,-0.13525523,-0.15522294,-0.15095688,-0.17780018,-0.2009549,-0.15520298,-0.09015879,-0.1549227,-0.12151222,-0.121854745,-0.13997786,-0.21433522,-0.13908121,-0.16057305,-0.15515018,-0.07092635,-0.15458816,-0.15771538,-0.18733518,-0.15497369,-0.13091604,-0.12334781,-0.14100276,-0.15518196,-0.114095174,-0.25318068,-0.26654312,-0.13007304,-0.10945694,-0.15517274,-0.09238048,-0.20963459,-0.15522318,-0.15839806,-0.13037817,-0.1551517,-0.16015086,-0.1553517,-0.1552276,-0.19704957,-0.20616047,-0.12976961,-0.10460003,-0.11361031,-0.10256614,-0.15522,-0.19495486,-0.15519568,-0.13028117,-0.15506408,-0.041086134,-0.12967405,-0.15522641,-0.2300741,-0.15520523,-0.10384405,-0.1537883,-0.0784167,-0.15508392,-0.12766197,-0.155103,-0.121451,-0.075820275,-0.09192432,-0.101488546,-0.15495652,-0.15838374,-0.12378413,-0.15506788,-0.1410757,-0.13984437,-0.18093297,-0.15522882,-0.25777104,-0.12844054,-0.15513712,-0.13462572,-0.119081676,-0.15519899,-0.15847552,-0.15847716,-0.15847829,-0.19755594,-0.25103784,-0.20219928,-0.19465852,-0.24831252,-0.20506537,-0.22091979,-0.15521404,-0.13059846,-0.11956477,-0.15520878,-0.15847187,-0.20931396,-0.18224281,-0.15520039,-0.32474133,-0.15522689,-0.15848091,-0.15847984,-0.15847945,-0.2185038,-0.15519994,-0.114121355,-0.1552029,-0.15846619,-0.15847212,-0.22984435,-0.15522054,-0.15845521,-0.08963354,-0.15511984,-0.15843147,-0.15845002,-0.1584506,-0.13302092,-0.1051107,-0.14014931,-0.15141064,-0.15839578,-0.15615125,-0.14613561,-0.15521684,-0.12319561,-0.13100532,-0.15518226,-0.15848073,-0.15848029,-0.15848029,-0.1584808,-0.38518023,-0.11451449,-0.15518889,-0.15564899,-0.14443555,-0.16636807,-0.15522239,-0.15840648,-0.12993515,-0.047159404,-0.14947705,-0.14016809,-0.14106366,-0.15508026,-0.19987361,-0.1649412,-0.17166539,-0.15520026,-0.15843824,-0.12722544,-0.14610182,-0.2588673,-0.13078155,-0.1551001,-0.09132757,-0.12832497,-0.13684332,-0.16221203,-0.15659244,-0.1301361,-0.15497333,-0.158387,-0.15843539,-0.15846887,-0.15740095,-0.19795567,-0.15106063,-0.07294749,-0.2039893,-0.1551899,-0.15843345,-0.104459345,-0.1548022,-0.17466888,-0.13176009,-0.15519617,-0.15109587,-0.10913184,-0.15503299,-0.05825615,-0.14326635,-0.17082691,-0.15513682,-0.18883844,-0.15522805,-0.31316653,-0.15521881,-0.16808087,-0.14331596,-0.15522042,-0.15847743,-0.25088155,-0.15522844,-0.22115314,-0.07562123,-0.086852394,-0.10702289,-0.060967896,-0.14874768,-0.16796505,-0.15746465,-0.22133875,-0.12812386,-0.0969081,-0.16398169,-0.12716047,-0.11335766,-0.18846886,-0.13099624,-0.17755464,-0.0994983,-0.115196005,-0.1551376,-0.11662802,-0.19749595,-0.14526704,-0.12781724,-0.096878245,-0.15513611,-0.1582832,-0.12434345,-0.11230643,-0.063823454,-0.155067,-0.11419349,-0.10007019,-0.24483351,-0.15522891,-0.1584695,-0.16344379,-0.1759062,-0.12524253,-0.15521426,-0.0782174,-0.19187105,-0.18185812,-0.09859173,-0.11065883,-0.15488859,-0.1581578,-0.083404,-0.1213824,-0.13072303,-0.13855581,-0.19385117,-0.15519255,-0.15847424,-0.19487974,-0.23847799,-0.2432746,-0.13064492,-0.15502438,-0.15844609,-0.14520228,-0.2961179,-0.1552282,-0.19813283,-0.13089196,-0.15516505,-0.060104962,-0.15931924,-0.15522648,-0.2028091,-0.2868003,-0.11816878,-0.14795661,-0.10060286,-0.15507305,-0.13614628,-0.20725825,-0.17393659,-0.125103,-0.15657571,-0.15690626,-0.15522508,-0.15847662,-0.16221246,-0.22200036,-0.13107157,-0.2814266,-0.15522933,-0.1915083,-0.24371436,-0.16952515,-0.15514421,-0.13369927,-0.12557748,-0.155222,-0.18106565,-0.15522908,-0.18642783,-0.15517442,-0.30462334,-0.15512013,-0.14691104,-0.13029914,-0.15521622,-0.1584643,-0.18915205,-0.13098833,-0.15522113,-0.10481856,-0.1650517,-0.15521917,-0.15847868,-0.15845057,-0.13053827,-0.15512355,-0.15844543,-0.15843603,-0.15844777,-0.1584554,-0.16505513,-0.17392421,-0.15521467,-0.15847145,-0.15846151,-0.15847199,-0.2025511,-0.15354379,-0.14723541,-0.15424663,-0.11499533,-0.10471026,-0.11893196,-0.15521815,-0.15840313,-0.13094534,-0.19501048,-0.15522599,-0.18738703,-0.11705899,-0.17429145,-0.15521654,-0.06652963,-0.15497035,-0.10737923,-0.124497145,-0.15298569,-0.052188452,-0.26007295
k__Bacteria|p__Firmicutes|c__Clostridia|o__Eubacteriales|f__Lachnospiraceae|g__Enterocloster|s__Enterocloster_citroniae,-0.1004395,-0.12316422,-0.15553674,-0.15882525,-0.15882552,-0.23867357,-0.1666669,-0.16813041,-0.10929718,-0.22895765,-0.23728925,-0.15554167,-0.22850217,-0.3768707,-0.08556121,-0.1551266,-0.058144663,-0.1549873,-0.15876135,-0.19931981,-0.1978925,-0.13091679,-0.15550523,-0.12711628,-0.20043859,-0.11658599,-0.182019,-0.25032333,-0.1509206,-0.15551047,-0.15142563,-0.10844302,-0.18249588,-0.28454733,-0.15552808,-0.1311129,-0.1555392,-0.22338755,-0.15554206,-0.29867563,-0.15554212,-0.29356226,-0.13039353,-0.15539055,-0.13691942,-0.15553635,-0.23188588,-0.24781659,-0.1296162,-0.13111934,-0.24679694,-0.18279888,-0.25087595,-0.26027086,-0.28621647,-0.27511892,-0.11894142,-0.1554524,-0.040142577,-0.056944285,-0.154798,-0.11274739,-0.13743341,-0.13099916,-0.15551981,-0.15882069,-0.15882531,-0.15882595,-0.27573854,-0.15550095,-0.13100202,-0.16243835,-0.12334165,-0.14074792,-0.15550682,-0.15887658,-0.14481027,-0.13109711,-0.18691605,-0.14998752,-0.15552962,-0.15880343,-0.15881509,-0.15874788,-0.120334074,-0.13700745,-0.08858878,-0.15552351,-0.19008024,-0.15553501,-0.2004665,-0.11139822,-0.1388583,-0.13027036,-0.1074974,-0.15152657,-0.15543556,-0.15850654,-0.10065024,-0.08152827,-0.09427856,-0.15548658,-0.11960925,-0.15027548,-0.16982608,-0.1185138,-0.15550411,-0.15881902,-0.17738779,-0.15176103,-0.155538,-0.25953975,-0.17989698,-0.13525523,-0.15553507,-0.15095688,-0.17780018,-0.2009549,-0.15551428,-0.09015879,-0.15523243,-0.12151222,-0.121854745,-0.13997786,-0.21433522,-0.13908121,-0.16057305,-0.15546149,-0.07092635,-0.15489313,-0.15803653,-0.18733518,-0.15527678,-0.13098693,-0.12334781,-0.14100276,-0.15549344,-0.114095174,-0.25318068,-0.26654312,-0.13019428,-0.10945694,-0.15548423,-0.09238048,-0.20963459,-0.15553531,-0.15873986,-0.13047858,-0.1554625,-0.16015086,-0.1553517,-0.15553981,-0.19704957,-0.20616047,-0.12989365,-0.10460003,-0.11361031,-0.10256614,-0.15553214,-0.19495486,-0.15550748,-0.130391,-0.1553751,-0.041086134,-0.12967405,-0.15553853,-0.2300741,-0.15551674,-0.10384405,-0.15408927,-0.0784167,-0.15539366,-0.12766197,-0.15541357,-0.121451,-0.075820275,-0.09192432,-0.101488546,-0.15526596,-0.15872854,-0.12378413,-0.15538114,-0.1410757,-0.13984437,-0.18093297,-0.15554103,-0.25777104,-0.12844054,-0.15544786,-0.13462572,-0.119081676,-0.15551096,-0.15882117,-0.15882283,-0.15882398,-0.19755594,-0.25103784,-0.20219928,-0.19465852,-0.24831252,-0.20506537,-0.22091979,-0.1555258,-0.1306907,-0.11956477,-0.15552075,-0.15881747,-0.20931396,-0.18224281,-0.15551195,-0.32474133,-0.1555391,-0.15882666,-0.15882555,-0.15882517,-0.2185038,-0.1555112,-0.114121355,-0.15551431,-0.15881139,-0.1588177,-0.22984435,-0.15553269,-0.15879989,-0.08963354,-0.15543006,-0.15877676,-0.15879503,-0.15879613,-0.13302092,-0.1051107,-0.14014931,-0.15141064,-0.15839578,-0.15615125,-0.14613561,-0.15552899,-0.12319561,-0.13106884,-0.15549311,-0.15882649,-0.15882601,-0.15882602,-0.15882653,-0.38518023,-0.11451449,-0.15550035,-0.15564899,-0.14443555,-0.16636807,-0.15553445,-0.15874909,-0.12993515,-0.047159404,-0.14961264,-0.14016809,-0.14106366,-0.1553894,-0.19987361,-0.1649412,-0.17166539,-0.15551206,-0.15878376,-0.12722544,-0.14610182,-0.2588673,-0.13086346,-0.15541132,-0.09132757,-0.12832497,-0.13684332,-0.16221203,-0.15659244,-0.13024095,-0.15528107,-0.15873146,-0.1587806,-0.15881447,-0.15740095,-0.19795567,-0.15106063,-0.07294749,-0.2039893,-0.15550119,-0.15877888,-0.104459345,-0.1551307,-0.17466888,-0.13176009,-0.15550816,-0.15109587,-0.10913184,-0.15534323,-0.05825615,-0.14326635,-0.17082691,-0.1554471,-0.18883844,-0.15554024,-0.31316653,-0.15553057,-0.16808087,-0.14331596,-0.15553251,-0.15882307,-0.25088155,-0.15554062,-0.22115314,-0.07562123,-0.086852394,-0.10702289,-0.060967896,-0.14886898,-0.16796505,-0.15746465,-0.22133875,-0.12812386,-0.0969081,-0.16398169,-0.12716047,-0.11335766,-0.18846886,-0.13106127,-0.17755464,-0.0994983,-0.115196005,-0.15544817,-0.11662802,-0.19749595,-0.14526704,-0.12781724,-0.096878245,-0.15544765,-0.15862669,-0.12434345,-0.11230643,-0.063823454,-0.15537743,-0.11419349,-0.10007019,-0.24483351,-0.15554112,-0.15881476,-0.16344379,-0.1759062,-0.12524253,-0.1555263,-0.0782174,-0.19187105,-0.18185812,-0.09859173,-0.11065883,-0.15519735,-0.15849963,-0.083404,-0.1213824,-0.13072303,-0.13855581,-0.19385117,-0.15550381,-0.15881985,-0.19487974,-0.23847799,-0.2432746,-0.13071433,-0.15533385,-0.15879108,-0.14520228,-0.2961179,-0.1555404,-0.19813283,-0.13096282,-0.15547603,-0.060104962,-0.15931924,-0.15553862,-0.2028091,-0.2868003,-0.11816878,-0.14795661,-0.10060286,-0.15538205,-0.13614628,-0.20725825,-0.17393659,-0.125103,-0.15657571,-0.15690626,-0.1555372,-0.15882233,-0.16221246,-0.22200036,-0.13113469,-0.2814266,-0.15554154,-0.1915083,-0.24371436,-0.16952515,-0.15545413,-0.13369927,-0.12557748,-0.15553406,-0.18106565,-0.1555413,-0.18642783,-0.1554848,-0.30462334,-0.15542936,-0.14691104,-0.13029914,-0.15552822,-0.15880981,-0.18915205,-0.13105348,-0.15553325,-0.10481856,-0.1650517,-0.15553111,-0.15882437,-0.15879515,-0.13061991,-0.15543467,-0.15879026,-0.15878087,-0.15879267,-0.15880078,-0.16505513,-0.17392421,-0.15552655,-0.15881707,-0.15880689,-0.15881759,-0.2025511,-0.15354379,-0.14723541,-0.15452766,-0.11499533,-0.10471026,-0.11893196,-0.15553015,-0.15874647,-0.13101226,-0.19501048,-0.15553811,-0.18738703,-0.11705899,-0.17429145,-0.1555284,-0.06652963,-0.15528153,-0.10737923,-0.124497145,-0.15298569,-0.052188452,-0.26007295
k__Bacteria|p__Firmicutes|c__Clostridia|o__Eubacteriales|f__Lachnospiraceae|g__Blautia|s__Blautia_hydrogenotrophica,-0.1004395,-0.12316422,-0.15391131,-0.15723592,-0.15723617,-0.23867357,-0.1666669,-0.16813041,-0.10929718,-0.22895765,-0.23728925,-0.1539158,-0.22850217,-0.3768707,-0.08556121,-0.15353365,-0.058144663,-0.15340942,-0.15717772,-0.19931981,-0.1978925,-0.12903956,-0.15388262,-0.12711628,-0.20043859,-0.11658599,-0.182019,-0.25032333,-0.1509206,-0.1538875,-0.15142563,-0.10844302,-0.18249588,-0.28454733,-0.15390351,-0.129219,-0.15391353,-0.22338755,-0.15391614,-0.29867563,-0.1539162,-0.29356226,-0.12856267,-0.15377857,-0.13691942,-0.15391096,-0.23188588,-0.24781659,-0.1296162,-0.1292249,-0.24679694,-0.18279888,-0.25087595,-0.26027086,-0.28621647,-0.27511892,-0.11894142,-0.15383449,-0.040142577,-0.056944285,-0.15324132,-0.11274739,-0.13743341,-0.1291156,-0.15389593,-0.15723175,-0.15723598,-0.15723658,-0.27573854,-0.15387927,-0.12911758,-0.16243835,-0.12334165,-0.14074792,-0.15388414,-0.15887658,-0.14481027,-0.12920427,-0.18691605,-0.14998752,-0.15390486,-0.1572161,-0.15722668,-0.15716591,-0.120334074,-0.13700745,-0.08858878,-0.15389927,-0.19008024,-0.15390974,-0.2004665,-0.11139822,-0.1388583,-0.13027036,-0.1074974,-0.15152657,-0.15381938,-0.15694919,-0.10065024,-0.08152827,-0.09427856,-0.15386567,-0.11960925,-0.15027548,-0.16982608,-0.1185138,-0.15388167,-0.15723026,-0.17738779,-0.15176103,-0.15391245,-0.25953975,-0.17989698,-0.13525523,-0.1539098,-0.15095688,-0.17780018,-0.2009549,-0.15389115,-0.09015879,-0.1536341,-0.12151222,-0.121854745,-0.13997786,-0.21433522,-0.13908121,-0.16057305,-0.15384282,-0.07092635,-0.15332392,-0.15652138,-0.18733518,-0.15367576,-0.12910283,-0.12334781,-0.14100276,-0.15387192,-0.114095174,-0.25318068,-0.26654312,-0.1283904,-0.10945694,-0.15386355,-0.09238048,-0.20963459,-0.15391001,-0.15715937,-0.12863687,-0.15384352,-0.16015086,-0.1553517,-0.1539141,-0.19704957,-0.20616047,-0.12811542,-0.10460003,-0.11361031,-0.10256614,-0.15390712,-0.19495486,-0.15388495,-0.12856863,-0.1537638,-0.041086134,-0.12967405,-0.15391296,-0.2300741,-0.15389344,-0.10384405,-0.15258878,-0.0784167,-0.15378082,-0.12766197,-0.1537992,-0.121451,-0.075820275,-0.09192432,-0.101488546,-0.15366474,-0.15714782,-0.12378413,-0.15376873,-0.1410757,-0.13984437,-0.18093297,-0.1539152,-0.25777104,-0.12844054,-0.15383151,-0.13462572,-0.119081676,-0.15388781,-0.1572322,-0.15723374,-0.15723479,-0.19755594,-0.25103784,-0.20219928,-0.19465852,-0.24831252,-0.20506537,-0.22091979,-0.15390149,-0.12883034,-0.11956477,-0.15389678,-0.15722886,-0.20931396,-0.18224281,-0.15388884,-0.32474133,-0.15391344,-0.1572372,-0.1572362,-0.15723586,-0.2185038,-0.15388803,-0.114121355,-0.15389097,-0.1572234,-0.15722905,-0.22984435,-0.15390763,-0.15721263,-0.08963354,-0.15381412,-0.15719181,-0.1572085,-0.15720941,-0.13302092,-0.1051107,-0.14014931,-0.15141064,-0.15839578,-0.15615125,-0.14613561,-0.15390424,-0.12319561,-0.12917875,-0.1538718,-0.15723705,-0.15723662,-0.15723662,-0.15723708,2.279866,-0.11451449,-0.15387827,-0.15564899,-0.14443555,-0.16636807,-0.15390924,-0.15716738,-0.12993515,-0.047159404,-0.14853984,-0.14016809,-0.14106366,-0.1537776,-0.19987361,-0.1649412,-0.17166539,-0.15388888,-0.15719816,-0.12722544,-0.14610182,-0.2588673,-0.1289898,-0.15379703,-0.09132757,-0.12832497,-0.13684332,-0.16221203,-0.15659244,-0.12844414,-0.1536781,-0.1571506,-0.15719527,-0.15722612,-0.15740095,-0.19795567,-0.15106063,-0.07294749,-0.2039893,-0.15387906,-0.15719369,-0.104459345,-0.15356447,-0.17466888,-0.13176009,-0.1538853,-0.15109587,-0.10913184,-0.15373504,-0.05825615,-0.14326635,-0.17082691,-0.15382993,-0.18883844,-0.15391451,-0.31316653,-0.15390576,-0.16808087,-0.14331596,-0.15390745,-0.15723395,-0.25088155,-0.15391484,-0.22115314,-0.07562123,-0.086852394,-0.10702289,-0.060967896,-0.14787027,-0.16796505,-0.15746465,-0.22133875,-0.12812386,-0.0969081,-0.16398169,-0.12716047,-0.11335766,-0.18846886,-0.12917185,-0.17755464,-0.0994983,-0.115196005,-0.15383084,-0.11662802,-0.19749595,-0.14526704,-0.12781724,-0.096878245,-0.15383016,-0.15705529,-0.12434345,-0.11230643,-0.063823454,-0.15376598,-0.11419349,-0.10007019,-0.24483351,-0.15391529,-0.15722655,-0.16344379,-0.1759062,-0.12524253,-0.15390182,-0.0782174,-0.19187105,-0.18185812,-0.09859173,-0.11065883,-0.15360253,-0.1569396,-0.083404,-0.1213824,-0.13072303,-0.13855581,-0.19385117,-0.15388146,-0.15723103,-0.19487974,-0.23847799,-0.2432746,-0.12886338,-0.15372679,-0.15720488,-0.14520228,-0.2961179,-0.15391463,-0.19813283,-0.12908134,-0.15385613,-0.060104962,-0.15931924,-0.15391302,-0.2028091,-0.2868003,-0.11816878,-0.14795661,-0.10060286,-0.15377079,-0.13614628,-0.20725825,-0.17393659,-0.125103,-0.15657571,-0.15690626,-0.15391174,-0.15723327,-0.16221246,-0.22200036,-0.1292389,-0.2814266,-0.15391567,-0.1915083,-0.24371436,-0.16952515,-0.15383685,-0.13369927,-0.12557748,-0.15390888,-0.18106565,-0.15391546,-0.18642783,-0.15386438,2.3703816,-0.153814,-0.14691104,-0.13029914,-0.15390357,-0.15722188,-0.18915205,-0.1291647,-0.15390813,-0.10481856,-0.1650517,-0.15390623,-0.15723515,-0.15720892,-0.1287782,-0.1538184,-0.15720417,-0.15719561,-0.15720636,-0.15721357,-0.16505513,-0.17392421,-0.15390205,-0.15722848,-0.15721926,-0.15722898,-0.2025511,-0.15354379,-0.14723541,-0.15299752,-0.11499533,-0.10471026,-0.11893196,-0.15390533,-0.1571647,-0.12912646,-0.19501048,-0.15391257,-0.18738703,-0.11705899,-0.17429145,-0.15390384,-0.06652963,-0.15367782,-0.10737923,-0.124497145,-0.15298569,-0.052188452,-0.26007295
k__Bacteria|p__Firmicutes|c__CFGB28775|o__OFGB28775|f__FGB28775|g__GGB3511|s__GGB3511_SGB4688,-0.1004395,-0.12316422,-0.15397763,-0.15729626,-0.15729651,-0.23867357,-0.1666669,-0.16813041,-0.10929718,-0.22895765,-0.23728925,-0.153982,-0.22850217,-0.3768707,-0.08556121,-0.15360665,-0.058144663,-0.15349394,-0.1572397,-0.19931981,-0.1978925,-0.12915826,-0.15394986,-0.12711628,-0.20043859,-0.11658599,-0.182019,-0.25032333,-0.1509206,-0.15395434,-0.15142563,-0.10844302,-0.18249588,-0.28454733,-0.15396981,-0.12933028,-0.15397982,-0.22338755,-0.15398233,-0.29867563,-0.1539824,-0.29356226,-0.12869808,-0.1538475,-0.13691942,-0.15397733,-0.23188588,-0.24781659,-0.1296162,-0.12933578,-0.24679694,-0.18279888,-0.25087595,-0.26027086,-0.28621647,-0.27511892,-0.11894142,-0.15390334,-0.040142577,-0.056944285,-0.15332359,-0.11274739,-0.13743341,-0.12923081,-0.15396258,-0.15729225,-0.1572963,-0.1572969,-0.27573854,-0.1539455,-0.12923256,-0.16243835,-0.12334165,-0.14074792,-0.15395132,-0.15887658,-0.14481027,-0.12931637,-0.18691605,-0.14998752,-0.1539714,-0.15727705,-0.15728723,-0.15722501,-0.120334074,-0.13700745,-0.08858878,-0.15396601,-0.19008024,-0.15397616,-0.2004665,-0.11139822,-0.1388583,-0.13027036,-0.1074974,-0.15152657,-0.15388873,-0.15699315,-0.10065024,-0.08152827,-0.09427856,-0.15393355,-0.11960925,-0.15027548,-0.16982608,-0.1185138,-0.15394866,-0.15729076,-0.17738779,-0.15176103,-0.15397874,-0.25953975,-0.17989698,-0.13525523,-0.1539762,-0.15095688,-0.17780018,-0.2009549,-0.15395708,-0.09015879,-0.15371028,-0.12151222,-0.121854745,-0.13997786,-0.21433522,-0.13908121,-0.16057305,-0.15391153,-0.07092635,-0.15340577,-0.15659314,-0.18733518,-0.15374279,-0.12921959,-0.12334781,-0.14100276,-0.15393955,-0.114095174,-0.25318068,-0.26654312,-0.12852228,-0.10945694,-0.15393153,-0.09238048,-0.20963459,-0.15397641,-0.15721864,-0.12877154,-0.15391153,-0.16015086,-0.1553517,-0.15398034,-0.19704957,-0.20616047,-0.12826633,-0.10460003,-0.11361031,-0.10256614,-0.15397365,-0.19495486,-0.1539514,-0.12869266,-0.15383476,-0.041086134,-0.12967405,-0.15397921,-0.2300741,-0.15395975,-0.10384405,-0.15268221,-0.0784167,-0.15385076,-0.12766197,-0.15386903,-0.121451,-0.075820275,-0.09192432,-0.101488546,-0.1537391,-0.1572112,-0.12378413,-0.15383007,-0.1410757,-0.13984437,-0.18093297,-0.15398143,-0.25777104,-0.12844054,-0.15389794,-0.13462572,-0.119081676,-0.15395507,-0.15729266,-0.15729414,-0.15729514,-0.19755594,-0.25103784,-0.20219928,-0.19465852,-0.24831252,-0.20506537,-0.22091979,-0.15396783,-0.12895651,-0.11956477,-0.15396364,-0.15728939,-0.20931396,-0.18224281,-0.15395519,-0.32474133,-0.15397975,-0.15729752,-0.15729654,-0.15729621,-0.2185038,-0.1539546,-0.114121355,-0.1539577,-0.15728386,-0.15728956,-0.22984435,-0.15397415,-0.15727338,-0.08963354,-0.15388328,-0.15725383,-0.15726951,-0.15727077,-0.13302092,-0.1051107,-0.14014931,-0.15141064,-0.15839578,-0.15615125,-0.14613561,-0.1539709,-0.12319561,-0.12929127,-0.15393887,-0.15729734,-0.15729693,-0.15729696,-0.1572974,-0.38518023,-0.11451449,-0.15394557,-0.15564899,-0.14443555,-0.16636807,-0.15397558,-0.157228,-0.12993515,-0.047159404,-0.14869383,-0.14016809,-0.14106366,-0.1538476,-0.19987361,-0.1649412,-0.17166539,-0.15395598,-0.15726005,-0.12722544,-0.14610182,-0.2588673,-0.12910944,-0.15386711,-0.09132757,-0.12832497,-0.13684332,-0.16221203,-0.15659244,-0.12857541,-0.15375087,-0.15721375,-0.15725699,-0.15728676,-0.15740095,-0.19795567,-0.15106063,-0.07294749,-0.2039893,-0.15394618,-0.15725574,-0.104459345,-0.1536077,-0.17466888,-0.13176009,-0.15395272,-0.15109587,-0.10913184,-0.15380567,-0.05825615,-0.14326635,-0.17082691,-0.15389848,-0.18883844,-0.15398073,-0.31316653,-0.15397204,-0.16808087,-0.14331596,-0.15397392,-0.1572943,-0.25088155,-0.15398106,-0.22115314,-0.07562123,-0.086852394,-0.10702289,-0.060967896,-0.1480524,-0.16796505,-0.15746465,-0.22133875,-0.12812386,-0.0969081,-0.16398169,-0.12716047,-0.11335766,-0.18846886,-0.12928468,-0.17755464,-0.0994983,-0.115196005,-0.15389946,-0.11662802,-0.19749595,-0.14526704,-0.12781724,-0.096878245,-0.1538996,-0.15712139,-0.12434345,-0.11230643,-0.063823454,-0.15383676,-0.11419349,-0.10007019,-0.24483351,-0.1539815,-0.15728676,-0.16344379,-0.1759062,-0.12524253,-0.15396851,-0.0782174,-0.19187105,-0.18185812,-0.09859173,-0.11065883,-0.15367883,-0.15700898,-0.083404,-0.1213824,-0.13072303,-0.13855581,-0.19385117,-0.15394843,-0.15729153,-0.19487974,-0.23847799,-0.2432746,-0.12898125,-0.15379873,-0.15726602,-0.14520228,0.61925423,-0.15398088,-0.19813283,-0.12919836,-0.15392385,-0.060104962,-0.15931924,-0.1539793,-0.2028091,-0.2868003,-0.11816878,-0.14795661,-0.10060286,-0.15384066,-0.13614628,-0.20725825,-0.17393659,-0.125103,-0.15657571,-0.15690626,-0.15397805,-0.15729368,-0.16221246,-0.22200036,-0.12934925,-0.2814266,-0.1539819,-0.1915083,-0.24371436,-0.16952515,-0.15390229,-0.13369927,-0.12557748,-0.15397525,-0.18106565,-0.15398167,-0.18642783,-0.15393059,-0.30462334,-0.15388238,-0.14691104,-0.13029914,-0.15397012,-0.15728271,-0.18915205,-0.12927818,-0.1539746,-0.10481856,-0.1650517,-0.15397263,-0.1572955,-0.15726891,-0.12889595,-0.15388787,-0.15726519,-0.15725708,-0.15726739,-0.15727466,-0.16505513,-0.17392421,-0.1539686,-0.15728907,-0.15728006,-0.15728953,-0.2025511,-0.15354379,-0.14723541,-0.15307975,-0.11499533,-0.10471026,-0.11893196,-0.15397185,-0.15722452,-0.1292418,-0.19501048,-0.15397882,-0.18738703,-0.11705899,-0.17429145,-0.15396994,-0.06652963,-0.15375143,-0.10737923,-0.124497145,-0.15298569,-0.052188452,-0.26007295
k__Bacteria|p__Firmicutes|c__CFGB1362|o__OFGB1362|f__FGB1362|g__GGB48159|s__GGB48159_SGB105301,-0.1004395,-0.12316422,-0.15413475,-0.15745471,-0.15745491,-0.23867357,-0.1666669,-0.16813041,-0.10929718,-0.22895765,-0.23728925,-0.15413846,-0.22850217,-0.3768707,-0.08556121,-0.15382904,-0.058144663,-0.15373456,-0.1574072,-0.19931981,-0.1978925,-0.12932882,-0.15411153,-0.12711628,-0.20043859,-0.11658599,-0.182019,1.2822405,-0.1509206,-0.15411505,-0.15142563,-0.10844302,-0.18249588,-0.28454733,-0.15412794,-0.12947735,-0.15413663,-0.22338755,-0.15413873,-0.29867563,-0.15413877,-0.29356226,-0.1289252,-0.15402451,-0.13691942,-0.15413456,-0.23188588,-0.24781659,-0.1296162,-0.12948185,-0.24679694,-0.18279888,-0.25087595,-0.26027086,-0.28621647,-0.27511892,-0.11894142,-0.15407243,-0.040142577,-0.056944285,-0.15358305,-0.11274739,-0.13743341,-0.12939066,-0.154122,-0.15745136,-0.15745473,-0.15745524,-0.27573854,-0.15410756,-0.12939268,-0.16243835,-0.12334165,-0.14074792,-0.15411277,-0.15887658,-0.14481027,-0.12946504,-0.18691605,-0.14998752,-0.1541296,-0.15743858,-0.15744704,-0.15739422,-0.120334074,-0.13700745,-0.08858878,-0.15412506,-0.19008024,-0.15413356,-0.2004665,-0.11139822,-0.1388583,-0.13027036,-0.1074974,-0.15152657,-0.15406044,-0.15721342,-0.10065024,-0.08152827,-0.09427856,-0.15409794,-0.11960925,-0.15027548,-0.16982608,-0.1185138,-0.15411034,-0.15745011,-0.17738779,-0.15176103,-0.1541357,-0.25953975,-0.17989698,-0.13525523,-0.15413359,-0.15095688,-0.17780018,-0.2009549,-0.15411693,-0.09015879,-0.15391189,-0.12151222,-0.121854745,-0.13997786,-0.21433522,-0.13908121,-0.16057305,-0.15407956,-0.07092635,-0.15365759,-0.15685713,-0.18733518,-0.15393464,-0.12937717,-0.12334781,-0.14100276,-0.15410294,-0.114095174,-0.25318068,-0.26654312,-0.12876795,-0.10945694,-0.15409628,-0.09238048,-0.20963459,-0.15413377,-0.15738863,-0.12898575,-0.15407948,-0.16015086,-0.1553517,-0.15413705,-0.19704957,-0.20616047,-0.12851268,-0.10460003,-0.11361031,-0.10256614,-0.1541315,-0.19495486,-0.1541126,-0.12891293,-0.15401614,-0.041086134,-0.12967405,-0.15413606,-0.2300741,-0.15411943,-0.10384405,-0.15306303,-0.0784167,-0.15402879,-0.12766197,-0.15404406,-0.121451,-0.075820275,-0.09192432,-0.101488546,-0.15393496,-0.15738383,-0.12378413,-0.1540131,-0.1410757,-0.13984437,-0.18093297,-0.15413797,-0.25777104,-0.12844054,-0.15406755,-0.13462572,-0.119081676,-0.15411606,-0.15745169,-0.15745294,-0.15745378,-0.19755594,-0.25103784,-0.20219928,-0.19465852,-0.24831252,-0.20506537,-0.22091979,-0.15412638,-0.12915021,-0.11956477,-0.15412311,-0.15744892,-0.20931396,-0.18224281,-0.15411577,-0.32474133,-0.15413657,-0.15745576,-0.15745497,-0.15745467,-0.2185038,-0.15411493,-0.114121355,-0.15411788,-0.15744409,-0.1574491,-0.22984435,-0.15413189,-0.157435,-0.08963354,-0.15405548,-0.1574194,-0.15743211,-0.15743352,-0.13302092,-0.1051107,-0.14014931,-0.15141064,-0.15839578,-0.15615125,-0.14613561,-0.15412924,-0.12319561,-0.12944408,-0.15410191,-0.15745562,-0.15745527,-0.1574553,-0.15745567,-0.38518023,-0.11451449,-0.15410784,-0.15564899,-0.14443555,-0.16636807,-0.15413302,-0.15739608,-0.12993515,-0.047159404,-0.14966255,-0.14016809,-0.14106366,-0.15402544,-0.19987361,-0.1649412,-0.17166539,-0.15411666,-0.15742466,-0.12722544,-0.14610182,-0.2588673,-0.12928566,-0.15404242,-0.09132757,-0.12832497,-0.13684332,-0.16221203,-0.15659244,-0.12879248,-0.15394378,-0.15738551,-0.15742192,-0.15744677,-0.15740095,-0.19795567,-0.15106063,-0.07294749,-0.2039893,-0.15410818,-0.15742105,0.9301537,-0.1538374,-0.17466888,-0.13176009,-0.1541141,-0.15109587,-0.10913184,-0.15399083,-0.05825615,-0.14326635,-0.17082691,-0.15406811,-0.18883844,-0.15413737,-0.31316653,-0.15412988,-0.16808087,-0.14331596,-0.15413168,-0.15745306,-0.25088155,-0.15413764,-0.22115314,-0.07562123,-0.086852394,-0.10702289,-0.060967896,-0.14911342,-0.16796505,-0.15746465,-0.22133875,-0.12812386,-0.0969081,-0.16398169,-0.12716047,-0.11335766,-0.18846886,-0.12943852,-0.17755464,-0.0994983,-0.115196005,-0.15406914,-0.11662802,-0.19749595,-0.14526704,-0.12781724,-0.096878245,-0.15406975,-0.15730837,-0.12434345,-0.11230643,-0.063823454,-0.15401712,-0.11419349,-0.10007019,-0.24483351,-0.15413806,-0.15744653,-0.16344379,-0.1759062,-0.12524253,-0.15412718,-0.0782174,-0.19187105,-0.18185812,-0.09859173,-0.11065883,-0.15388559,-0.15721464,-0.083404,-0.1213824,-0.13072303,-0.13855581,-0.19385117,-0.15411004,-0.15745075,-0.19487974,-0.23847799,-0.2432746,-0.12917873,-0.15398496,-0.15742922,-0.14520228,-0.2961179,-0.15413749,-0.19813283,-0.12936208,-0.15408944,-0.060104962,-0.15931924,-0.15413615,-0.2028091,-0.2868003,-0.11816878,-0.14795661,-0.10060286,-0.15401934,-0.13614628,-0.20725825,-0.17393659,-0.125103,-0.15657571,-0.15690626,-0.15413511,-0.15745255,-0.16221246,-0.22200036,-0.12949327,-0.2814266,-0.15413836,-0.1915083,-0.24371436,-0.16952515,-0.15407094,-0.13369927,-0.12557748,-0.15413275,-0.18106565,-0.15413818,-0.18642783,-0.15409446,-0.30462334,-0.15405414,-0.14691104,-0.13029914,-0.15412849,-0.15744339,-0.18915205,-0.12943296,-0.15413223,-0.10481856,-0.1650517,-0.15413052,-0.15745407,-0.15743129,-0.12910917,-0.15405983,-0.15742844,-0.15742174,-0.15743032,-0.15743664,-0.16505513,-0.17392421,-0.15412712,-0.15744871,-0.15744108,-0.1574491,-0.2025511,-0.15354379,-0.14723541,-0.15337205,-0.11499533,-0.10471026,-0.11893196,-0.15412992,-0.15739387,-0.12940317,-0.19501048,-0.15413576,-0.18738703,-0.11705899,-0.17429145,-0.1541281,-0.06652963,-0.15394697,-0.10737923,-0.124497145,-0.15298569,-0.052188452,-0.26007295
k__Bacteria|p__Firmicutes|c__Bacilli|o__Lactobacillales|f__Streptococcaceae|g__Streptococcus|s__Streptococcus_agalactiae,-0.1004395,-0.12316422,-0.15399331,-0.15731207,-0.1573123,-0.23867357,-0.1666669,-0.16813041,-0.10929718,-0.22895765,-0.23728925,-0.15399766,-0.22850217,-0.3768707,-0.08556121,-0.1536332,-0.058144663,-0.15351461,-0.15725583,-0.19931981,-0.1978925,-0.12918575,-0.15396577,-0.12711628,-0.20043859,-0.11658599,-0.182019,-0.25032333,-0.1509206,-0.1539702,-0.15142563,-0.10844302,-0.18249588,-0.28454733,-0.15398586,-0.12934566,-0.15399548,-0.22338755,-0.15399799,-0.29867563,-0.15399805,-0.29356226,-0.12876539,-0.15386425,-0.13691942,-0.15399301,-0.23188588,-0.24781659,-0.1296162,-0.12935081,-0.24679694,-0.18279888,-0.25087595,-0.26027086,-0.28621647,-0.27511892,-0.11894142,-0.1539196,-0.040142577,-0.056944285,-0.15334153,-0.11274739,-0.13743341,-0.12925328,-0.15397832,-0.15730807,-0.15731211,-0.15731269,2.8716028,-0.15396266,-0.12925348,-0.16243835,-0.12334165,-0.14074792,-0.15396713,-0.15887658,-0.14481027,-0.12933245,-0.18691605,-0.14998752,-0.15398712,-0.15729293,-0.15730308,-0.15724462,-0.120334074,-0.13700745,-0.08858878,-0.15398175,-0.19008024,-0.15399185,-0.2004665,-0.11139822,-0.1388583,-0.13027036,-0.1074974,-0.15152657,-0.15390503,-0.15704101,-0.10065024,-0.08152827,-0.09427856,-0.15394957,-0.11960925,-0.15027548,-0.16982608,-0.1185138,-0.15396452,-0.15730663,-0.17738779,-0.15176103,-0.15399441,-0.25953975,-0.17989698,-0.13525523,-0.15399191,-0.15095688,-0.17780018,-0.2009549,-0.15397368,-0.09015879,-0.15372807,-0.12151222,-0.121854745,-0.13997786,-0.21433522,-0.13908121,-0.16057305,-0.15392777,-0.07092635,-0.15342888,-0.15661171,-0.18733518,-0.15376185,-0.1292472,-0.12334781,-0.14100276,-0.15395541,-0.114095174,-0.25318068,-0.26654312,-0.12862484,-0.10945694,-0.1539475,-0.09238048,-0.20963459,-0.15399209,-0.15723693,-0.12884799,-0.15392789,-0.16015086,-0.1553517,-0.15399602,-0.19704957,-0.20616047,-0.12837417,-0.10460003,-0.11361031,-0.10256614,-0.15398934,-0.19495486,-0.15396821,-0.12879288,-0.15385208,-0.041086134,-0.12967405,-0.15399486,-0.2300741,-0.15397617,5.1546,-0.15272173,-0.0784167,-0.1538677,1.8797956,-0.1538856,-0.121451,-0.075820275,-0.09192432,-0.101488546,-0.15375726,-0.15722767,-0.12378413,-0.15385598,-0.1410757,-0.13984437,-0.18093297,-0.1539971,-0.25777104,-0.12844054,-0.15391701,-0.13462572,-0.119081676,-0.15397093,-0.15730849,-0.15730995,-0.15731096,-0.19755594,-0.25103784,-0.20219928,-0.19465852,-0.24831252,-0.20506537,-0.22091979,-0.15398371,-0.12901872,-0.11956477,-0.15397942,-0.15730523,-0.20931396,-0.18224281,-0.15397164,-0.32474133,-0.1539954,-0.15731332,-0.15731235,-0.15731202,-0.2185038,-0.15397082,-0.114121355,-0.15397343,-0.15729973,-0.15730542,-0.22984435,-0.15398985,-0.15728977,-0.08963354,-0.15389961,-0.15726988,-0.15728542,-0.15728673,-0.13302092,-0.1051107,-0.14014931,-0.15141064,-0.15839578,-0.15615125,-0.14613561,-0.15398663,-0.12319561,-0.12930822,-0.15395465,-0.15731315,-0.15731275,-0.15731275,-0.1573132,-0.38518023,-0.11451449,-0.15396139,-0.15564899,-0.14443555,-0.16636807,-0.15399125,-0.15724476,-0.12993515,-0.047159404,-0.14872971,-0.14016809,-0.14106366,-0.15386376,-0.19987361,-0.1649412,-0.17166539,-0.15397176,-0.15727608,-0.12722544,-0.14610182,-0.2588673,-0.12914833,-0.1538841,-0.09132757,-0.12832497,-0.13684332,-0.16221203,-0.15659244,-0.1286798,-0.15376873,-0.15723011,-0.15727305,-0.15730265,-0.15740095,-0.19795567,-0.15106063,-0.07294749,-0.2039893,-0.153962,-0.15727186,-0.104459345,-0.15367436,-0.17466888,-0.13176009,-0.15396853,3.007402,-0.10913184,-0.1538244,-0.05825615,-0.14326635,-0.17082691,-0.15391451,-0.18883844,-0.1539964,-0.31316653,-0.15398774,-0.16808087,-0.14331596,-0.15398963,-0.15731011,-0.25088155,-0.1539967,-0.22115314,-0.07562123,-0.086852394,-0.10702289,-0.060967896,-0.14808604,-0.16796505,-0.15746465,-0.22133875,-0.12812386,-0.0969081,-0.16398169,-0.12716047,-0.11335766,-0.18846886,-0.12930323,-0.17755464,-0.0994983,-0.115196005,-0.15391561,-0.11662802,-0.19749595,-0.14526704,-0.12781724,-0.096878245,-0.15391582,-0.15713888,-0.12434345,-0.11230643,-0.063823454,-0.15385407,-0.11419349,-0.10007019,-0.24483351,-0.15399718,-0.15730287,-0.16344379,-0.1759062,-0.12524253,-0.15398422,-0.0782174,-0.19187105,-0.18185812,-0.09859173,-0.11065883,-0.15369713,-0.1570273,-0.083404,-0.1213824,-0.13072303,-0.13855581,-0.19385117,-0.15396424,-0.15730736,-0.19487974,-0.23847799,-0.2432746,-0.12902397,-0.15381594,-0.15728198,-0.14520228,-0.2961179,-0.15399654,-0.19813283,-0.12922429,-0.15393996,-0.060104962,-0.15931924,-0.15399496,-0.2028091,-0.2868003,-0.11816878,-0.14795661,-0.10060286,-0.15385729,-0.13614628,-0.20725825,-0.17393659,-0.125103,-0.15657571,-0.15690626,-0.15399374,-0.15730952,-0.16221246,-0.22200036,-0.12936395,-0.2814266,-0.15399756,-0.1915083,-0.24371436,-0.16952515,-0.15392148,-0.13369927,-0.12557748,-0.15399095,-0.18106565,-0.15399733,-0.18642783,-0.15394747,-0.30462334,-0.15389834,-0.14691104,-0.13029914,-0.15398586,-0.15729856,-0.18915205,-0.12929624,-0.1539903,-0.10481856,-0.1650517,-0.15398833,-0.1573113,-0.1572858,-0.128963,-0.15390429,-0.15728118,-0.1572731,-0.15728332,-0.15729067,-0.16505513,-0.17392421,-0.15398431,-0.15730493,-0.15729594,-0.15730539,-0.2025511,-0.15354379,-0.14723541,-0.15309799,-0.11499533,-0.10471026,-0.11893196,-0.15398756,-0.1572429,-0.12926167,-0.19501048,-0.1539945,-0.18738703,-0.11705899,-0.17429145,-0.15398622,-0.06652963,-0.1537705,-0.10737923,-0.124497145,-0.15298569,-0.052188452,-0.26007295
k__Bacteria|p__Firmicutes|c__Clostridia|o__Eubacteriales|f__Lachnospiraceae|g__Coprococcus|s__Coprococcus_catus,-0.1004395,-0.12316422,-0.15382712,-0.15708306,-0.1570831,-0.23867357,-0.1666669,-0.16813041,-0.10929718,-0.22895765,-0.23728925,-0.15382756,-0.22850217,-0.3768707,-0.08556121,-0.15377143,-0.058144663,-0.15376906,-0.15707701,-0.19931981,-0.1978925,-0.12961131,-0.15382394,-0.12711628,-0.20043859,-0.11658599,-0.182019,-0.25032333,-0.1509206,-0.1538247,-0.15142563,-0.10844302,-0.18249588,-0.28454733,-0.15382591,-0.12964189,-0.15382732,-0.22338755,-0.1538276,-0.29867563,-0.15382761,-0.29356226,-0.12951139,-0.1538138,-0.13691942,-0.15382704,-0.23188588,-0.24781659,-0.1296162,-0.12964311,-0.24679694,-0.18279888,-0.25087595,-0.26027086,-0.28621647,-0.27511892,-0.11894142,-0.15381856,-0.040142577,-0.056944285,-0.15376526,-0.11274739,-0.13743341,-0.12962636,-0.15382572,-0.15708265,-0.1570831,-0.15708314,-0.27573854,-0.15382269,-0.12962623,-0.16243835,-0.12334165,-0.14074792,-0.15382439,-0.15887658,-0.14481027,-0.12963936,-0.18691605,-0.14998752,-0.15382642,-0.1570811,-0.15708223,-0.1570719,-0.120334074,-0.13700745,-0.08858878,-0.15382585,-0.19008024,-0.15382692,-0.2004665,-0.11139822,-0.1388583,-0.13027036,-0.1074974,-0.15152657,-0.1538176,-0.15702403,-0.10065024,-0.08152827,-0.09427856,-0.15382211,-0.11960925,-0.15027548,-0.16982608,-0.1185138,-0.15382408,-0.15708248,-0.17738779,-0.15176103,-0.15382725,-0.25953975,-0.17989698,-0.13525523,-0.15382692,-0.15095688,-0.17780018,-0.2009549,-0.15382445,-0.09015879,-0.15379706,-0.12151222,-0.121854745,-0.13997786,-0.21433522,-0.13908121,-0.16057305,-0.15381962,-0.07092635,-0.15376051,-0.15702158,-0.18733518,-0.1538046,-0.12962061,-0.12334781,-0.14100276,-0.15382305,-0.114095174,-0.25318068,-0.26654312,-0.12943932,-0.10945694,-0.15382206,-0.09238048,-0.20963459,-0.15382697,-0.15707318,-0.12952381,-0.15381971,-0.16015086,-0.1553517,-0.1538274,-0.19704957,-0.20616047,-0.12935272,-0.10460003,-0.11361031,-0.10256614,-0.15382664,-0.19495486,-0.15382318,-0.12947592,-0.15381022,-0.041086134,-0.12967405,-0.15382732,-0.2300741,-0.15382436,-0.10384405,-0.15366243,-0.0784167,-0.15381247,-0.12766197,-0.15381524,-0.121451,-0.075820275,-0.09192432,-0.101488546,-0.15380076,-0.1570736,-0.12378413,-0.15379763,-0.1410757,-0.13984437,-0.18093297,-0.1538275,-0.25777104,-0.12844054,-0.15381384,-0.13462572,-0.119081676,-0.15382451,-0.15708268,-0.15708286,-0.15708295,-0.19755594,-0.25103784,-0.20219928,-0.19465852,-0.24831252,-0.20506537,-0.22091979,-0.15382592,-0.1295672,-0.11956477,-0.1538255,-0.15708238,-0.20931396,-0.18224281,-0.15382394,-0.32474133,-0.15382731,-0.1570832,-0.1570831,-0.15708306,-0.2185038,-0.1538231,-0.114121355,-0.15382516,-0.15708205,-0.15708233,-0.22984435,-0.15382668,-0.15707931,-0.08963354,-0.1538168,-0.15707827,-0.15708049,-0.1570802,-0.13302092,-0.1051107,-0.14014931,-0.15141064,-0.15839578,-0.15615125,-0.14613561,-0.15382627,-0.12319561,-0.1296374,-0.15382372,-0.1570832,-0.15708315,-0.15708315,-0.1570832,-0.38518023,-0.11451449,-0.15382388,-0.15564899,-0.14443555,-0.16636807,-0.15382697,-0.15707612,-0.12993515,-0.047159404,-0.1533618,-0.14016809,-0.14106366,-0.15381438,-0.19987361,-0.1649412,-0.17166539,-0.1538248,-0.15707894,-0.12722544,-0.14610182,-0.2588673,-0.12959331,-0.15381433,-0.09132757,-0.12832497,-0.13684332,-0.16221203,-0.15659244,-0.12940659,-0.15380079,-0.15707394,-0.15707871,-0.157082,-0.15740095,-0.19795567,-0.15106063,-0.07294749,-0.2039893,-0.15382409,-0.1570783,-0.104459345,-0.15373285,-0.17466888,-0.13176009,-0.15382424,-0.15109587,-0.10913184,-0.15380466,-0.05825615,-0.14326635,-0.17082691,-0.15381926,-0.18883844,-0.15382746,5.082868,-0.15382665,-0.16808087,-0.14331596,-0.15382671,-0.15708292,-0.25088155,-0.15382749,-0.22115314,-0.07562123,-0.086852394,-0.10702289,-0.060967896,-0.15329853,-0.16796505,-0.15746465,-0.22133875,-0.12812386,-0.0969081,-0.16398169,-0.12716047,-0.11335766,-0.18846886,-0.1296349,-0.17755464,-0.0994983,-0.115196005,-0.153819,-0.11662802,-0.19749595,-0.14526704,-0.12781724,-0.096878245,-0.15381776,-0.15706341,-0.12434345,-0.11230643,-0.063823454,-0.1538108,-0.11419349,-0.10007019,-0.24483351,-0.15382752,-0.15708172,-0.16344379,-0.1759062,-0.12524253,-0.15382612,-0.0782174,-0.19187105,-0.18185812,-0.09859173,-0.11065883,-0.15379399,-0.15705162,-0.083404,-0.1213824,-0.13072303,-0.13855581,-0.19385117,-0.15382436,-0.15708256,-0.19487974,-0.23847799,-0.2432746,-0.12956375,-0.15380743,-0.15707998,-0.14520228,-0.2961179,-0.15382744,-0.19813283,-0.12961616,-0.1538214,-0.060104962,-0.15931924,-0.15382731,-0.2028091,-0.2868003,-0.11816878,-0.14795661,-0.10060286,-0.15381324,-0.13614628,-0.20725825,-0.17393659,-0.125103,-0.15657571,-0.15690626,-0.15382716,-0.1570828,-0.16221246,-0.22200036,-0.12964484,-0.2814266,-0.15382756,-0.1915083,-0.24371436,-0.16952515,-0.15381525,-0.13369927,-0.12557748,-0.15382689,-0.18106565,-0.15382753,-0.18642783,-0.15382119,-0.30462334,-0.15381849,-0.14691104,-0.13029914,-0.15382634,-0.15708162,-0.18915205,-0.12963337,-0.15382673,-0.10481856,-0.1650517,-0.1538267,-0.157083,-0.1570791,-0.12954438,-0.15381727,-0.15708011,-0.15707901,-0.15708025,-0.15708053,-0.16505513,-0.17392421,-0.15382625,-0.15708232,-0.15708148,-0.15708235,-0.2025511,-0.15354379,-0.14723541,-0.15374906,-0.11499533,-0.10471026,-0.11893196,-0.1538265,-0.15707292,-0.1296281,-0.19501048,-0.15382728,-0.18738703,-0.11705899,-0.17429145,-0.15382522,-0.06652963,-0.15379956,-0.10737923,-0.124497145,-0.15298569,-0.052188452,-0.26007295
k__Bacteria|p__Firmicutes|c__Negativicutes|o__Acidaminococcales|f__Acidaminococcaceae|g__Acidaminococcus|s__Acidaminococcus_intestini,-0.1004395,-0.12316422,-0.153851,-0.15716454,-0.15716475,-0.23867357,-0.1666669,-0.16813041,-0.10929718,-0.22895765,-0.23728925,-0.15385462,-0.22850217,-0.3768707,-0.08556121,-0.15354536,-0.058144663,-0.15344368,-0.15711734,-0.19931981,-0.1978925,-0.12909356,-0.15382767,-0.12711628,-0.20043859,-0.11658599,-0.182019,-0.25032333,-0.1509206,-0.1538316,-0.15142563,-0.10844302,-0.18249588,-0.28454733,-0.15384465,-0.1292405,-0.15385279,-0.22338755,-0.1538549,-0.29867563,-0.15385494,-0.29356226,-0.128718,-0.15374333,-0.13691942,-0.15385067,-0.23188588,-0.24781659,-0.1296162,-0.12924525,-0.24679694,-0.18279888,-0.25087595,-0.26027086,-0.28621647,-0.27511892,-0.11894142,-0.15378863,-0.040142577,-0.056944285,-0.15330683,-0.11274739,-0.13743341,-0.12915812,-0.15383853,-0.15716118,-0.15716457,-0.15716505,-0.27573854,-0.15382478,-0.1291582,-0.16243835,-0.12334165,-0.14074792,-0.15382892,-0.15887658,-0.14481027,-0.1292285,-0.18691605,-0.14998752,-0.15384571,-0.15714845,-0.15715705,-0.15710697,-0.120334074,-0.13700745,-0.08858878,-0.15384123,-0.19008024,-0.15384972,-0.2004665,-0.11139822,-0.1388583,-0.13027036,-0.1074974,-0.15152657,-0.15377648,-0.15693317,-0.10065024,-0.08152827,-0.09427856,-0.15381396,-0.11960925,-0.15027548,-0.16982608,-0.1185138,-0.15382689,-0.15715992,-0.17738779,-0.15176103,-0.1538519,-0.25953975,-0.17989698,-0.13525523,-0.15384975,-0.15095688,-0.17780018,-0.2009549,-0.15383443,-0.09015879,-0.15362626,-0.12151222,-0.121854745,-0.13997786,-0.21433522,-0.13908121,-0.16057305,-0.15379545,-0.07092635,-0.15337348,-0.15658349,-0.18733518,-0.15365787,-0.12915324,-0.12334781,-0.14100276,-0.15381908,-0.114095174,-0.25318068,-0.26654312,-0.12855314,-0.10945694,-0.15381226,-0.09238048,-0.20963459,-0.15384993,-0.15710105,-0.1287786,-0.153796,-0.16015086,-0.1553517,-0.15385324,-0.19704957,-0.20616047,-0.12830988,-0.10460003,-0.11361031,-0.10256614,-0.15384758,-0.19495486,-0.15382934,-0.12871242,-0.15373114,-0.041086134,-0.12967405,-0.15385231,-0.2300741,-0.15383625,-0.10384405,-0.15277916,-0.0784167,-0.15374507,-0.12766197,-0.15376025,-0.121451,-0.075820275,-0.09192432,-0.101488546,-0.15365183,-0.15709323,-0.12378413,-0.15373302,-0.1410757,-0.13984437,-0.18093297,-0.15385413,-0.25777104,-0.12844054,-0.15378451,-0.13462572,-0.119081676,-0.15383199,-0.15716155,-0.15716277,-0.1571636,-0.19755594,-0.25103784,-0.20219928,-0.19465852,-0.24831252,-0.20506537,-0.22091979,-0.15384293,-0.12893833,-0.11956477,-0.1538392,-0.15715879,-0.20931396,-0.18224281,-0.1538329,-0.32474133,-0.15385272,-0.15716559,-0.15716478,-0.1571645,-0.2185038,-0.15383148,-0.114121355,-0.15383443,-0.15715435,-0.15715896,8.088508,-0.15384798,-0.15714595,-0.08963354,-0.15377226,-0.15712878,-0.1571423,-0.15714309,-0.13302092,-0.1051107,-0.14014931,-0.15141064,-0.15839578,-0.15615125,-0.14613561,-0.15384525,-0.12319561,-0.1292084,-0.15381888,-0.15716544,-0.15716511,-0.15716511,-0.15716548,-0.38518023,3.2622163,-0.15382417,-0.15564899,-0.14443555,-0.16636807,-0.15384929,-0.1571084,-0.12993515,-0.047159404,-0.1494866,-0.14016809,-0.14106366,-0.15374245,-0.19987361,1.8654401,-0.17166539,-0.1538328,-0.15713394,-0.12722544,-0.14610182,-0.2588673,-0.12905091,-0.15375832,-0.09132757,-0.12832497,-0.13684332,-0.16221203,-0.15659244,-0.1285859,-0.15366127,-0.15709531,-0.15713158,-0.15715659,-0.15740095,-0.19795567,-0.15106063,-0.07294749,-0.2039893,-0.1538248,-0.15713032,-0.104459345,-0.15353791,-0.17466888,-0.13176009,-0.1538299,-0.15109587,-0.10913184,-0.15370771,-0.05825615,-0.14326635,-0.17082691,-0.15378496,-0.18883844,-0.15385357,-0.31316653,-0.15384646,-0.16808087,-0.14331596,-0.15384784,-0.15716293,-0.25088155,-0.15385383,-0.22115314,-0.07562123,-0.086852394,-0.10702289,-0.060967896,-0.14894247,-0.16796505,-0.15746465,-0.22133875,-0.12812386,-0.0969081,-0.16398169,-0.12716047,-0.11335766,-0.18846886,-0.12920275,-0.17755464,-0.0994983,-0.115196005,-0.1537857,-0.11662802,-0.19749595,-0.14526704,-0.12781724,-0.096878245,-0.15378512,-0.15701802,-0.12434345,-0.11230643,-0.063823454,-0.15373334,-0.11419349,-0.10007019,-0.24483351,-0.15385422,-0.15715675,-0.16344379,-0.1759062,-0.12524253,-0.15384328,-0.0782174,-0.19187105,-0.18185812,-0.09859173,-0.11065883,-0.15360032,-0.15692408,-0.083404,-0.1213824,-0.13072303,-0.13855581,-0.19385117,-0.15382674,-0.15716058,-0.19487974,-0.23847799,-0.2432746,-0.12894401,-0.15370134,-0.15713933,-0.14520228,-0.2961179,-0.15385368,-0.19813283,-0.1291282,-0.15380614,-0.060104962,-0.15931924,-0.15385237,-0.2028091,-0.2868003,-0.11816878,-0.14795661,-0.10060286,-0.15373701,-0.13614628,-0.20725825,-0.17393659,-0.125103,-0.15657571,-0.15690626,-0.15385133,-0.15716235,-0.16221246,-0.22200036,-0.12925659,-0.2814266,-0.15385452,-0.1915083,-0.24371436,-0.16952515,-0.15379003,-0.13369927,-0.12557748,-0.153849,-0.18106565,-0.15385434,-0.18642783,-0.15381278,-0.30462334,-0.15377197,-0.14691104,-0.13029914,-0.15384468,-0.15715316,-0.18915205,-0.12919614,-0.15384841,-0.10481856,-0.1650517,-0.15384686,-0.1571639,-0.15714228,-0.1288766,-0.15377572,-0.1571388,-0.15713188,-0.15714052,-0.15714645,-0.16505513,-0.17392421,-0.15384346,-0.15715852,-0.15715101,-0.15715888,-0.2025511,-0.15354379,-0.14723541,-0.15310836,-0.11499533,-0.10471026,-0.11893196,-0.15384614,-0.15710628,-0.12916583,-0.19501048,-0.15385199,-0.18738703,-0.11705899,-0.17429145,-0.15384454,-0.06652963,-0.15366173,-0.10737923,-0.124497145,-0.15298569,-0.052188452,-0.26007295
k__Bacteria|p__Firmicutes|c__CFGB76110|o__OFGB76110|f__FGB76110|g__GGB35456|s__GGB35456_SGB66051,-0.1004395,-0.12316422,-0.15450594,-0.15779208,-0.15779234,-0.23867357,-0.1666669,-0.16813041,-0.10929718,-0.22895765,-0.23728925,-0.15451062,-0.22850217,-0.3768707,-0.08556121,-0.15411839,-0.058144663,-0.15398836,-0.1577315,-0.19931981,-0.1978925,-0.12991674,-0.15447614,-0.12711628,-0.20043859,-0.11658599,-0.182019,-0.25032333,-0.1509206,-0.15448096,-0.15142563,-0.10844302,-0.18249588,-0.28454733,-0.1544976,-0.13009998,-0.15450826,-0.22338755,-0.15451097,-0.29867563,-0.15451105,-0.29356226,-0.12943737,-0.15436679,-0.13691942,-0.15450558,-0.23188588,-0.24781659,-0.1296162,-0.13010582,-0.24679694,-0.18279888,-0.25087595,-0.26027086,-0.28621647,-0.27511892,-0.11894142,-0.15442623,-0.040142577,-0.056944285,-0.1538049,-0.11274739,-0.13743341,-0.12999408,-0.15448982,-0.15778777,-0.15779212,-0.15779275,-0.27573854,-0.15447196,-0.12999585,-0.16243835,-0.12334165,-0.14074792,-0.15447769,-0.15887658,-0.14481027,-0.13008492,-0.18691605,-0.14998752,-0.15449923,-0.15777144,-0.1577824,-0.1577173,-0.120334074,-0.13700745,-0.08858878,-0.15449345,-0.19008024,-0.15450433,-0.2004665,-0.11139822,-0.1388583,-0.13027036,-0.1074974,-0.15152657,-0.15441045,-0.15748799,-0.10065024,-0.08152827,-0.09427856,-0.15445858,-0.11960925,-0.15027548,-0.16982608,-0.1185138,-0.1544749,-0.15778619,-0.17738779,-0.15176103,-0.15450712,-0.25953975,-0.17989698,-0.13525523,-0.15450439,-0.15095688,-0.17780018,-0.2009549,-0.15448427,-0.09015879,-0.15421899,-0.12151222,-0.121854745,-0.13997786,-0.21433522,-0.13908121,-0.16057305,-0.15443496,-0.07092635,-0.15389705,-0.15704022,-0.18733518,-0.15425661,-0.12998393,-0.12334781,-0.14100276,-0.15446503,-0.114095174,-0.25318068,-0.26654312,-0.1292573,-0.10945694,-0.1544564,-0.09238048,-0.20963459,-0.15450461,-0.15770996,-0.12952004,-0.15443549,-0.16015086,-0.1553517,-0.15450884,-0.19704957,-0.20616047,-0.12897903,-0.10460003,-0.11361031,-0.10256614,-0.15450163,-0.19495486,-0.15447801,-0.1294427,-0.15435326,-0.041086134,-0.12967405,-0.15450762,-0.2300741,-0.15448678,-0.10384405,-0.15313715,-0.0784167,-0.15437049,-0.12766197,-0.15438959,-0.121451,-0.075820275,-0.09192432,-0.101488546,-0.1542503,-0.15770084,-0.12378413,-0.15435547,-0.1410757,-0.13984437,-0.18093297,-0.15451,-0.25777104,-0.12844054,-0.15442115,-0.13462572,-0.119081676,-0.15448171,-0.15778822,-0.15778981,-0.15779087,1.9990298,-0.25103784,-0.20219928,-0.19465852,-0.24831252,-0.20506537,-0.22091979,-0.15449545,-0.1297126,-0.11956477,-0.15449089,-0.1577847,-0.20931396,-0.18224281,-0.15448228,-0.32474133,-0.15450819,-0.15779343,-0.15779239,-0.15779202,-0.2185038,-0.15448132,-0.114121355,-0.1544846,-0.15777883,-0.15778491,-0.22984435,-0.15450215,-0.15776777,-0.08963354,-0.15440486,-0.15774645,-0.15776339,-0.15776467,-0.13302092,-0.1051107,-0.14014931,-0.15141064,-0.15839578,-0.15615125,-0.14613561,-0.15449868,-0.12319561,-0.13005848,-0.15446442,-0.15779325,-0.1577928,-0.1577928,-0.15779328,-0.38518023,-0.11451449,-0.1544715,-0.15564899,-0.14443555,-0.16636807,-0.15450375,-0.1577191,-0.12993515,-0.047159404,-0.14886141,-0.14016809,-0.14106366,-0.1543664,-0.19987361,-0.1649412,-0.17166539,-0.15448266,-0.15775311,-0.12722544,-0.14610182,-0.2588673,-0.12986813,-0.15438756,-0.09132757,-0.12832497,-0.13684332,-0.16221203,-0.15659244,-0.12931663,-0.15426339,-0.15770346,-0.1577499,-0.1577819,-0.15740095,-0.19795567,-0.15106063,-0.07294749,-0.2039893,-0.1544722,-0.15774849,-0.104459345,-0.15413222,-0.17466888,-0.13176009,-0.15447909,-0.15109587,-0.10913184,-0.15432307,-0.05825615,-0.14326635,-0.17082691,-0.15442102,-0.18883844,-0.15450926,-0.31316653,-0.15449995,-0.16808087,-0.14331596,-0.15450194,-0.15778999,-0.25088155,-0.1545096,-0.22115314,-0.07562123,-0.086852394,-0.10702289,-0.060967896,-0.14816168,-0.16796505,-0.15746465,-0.22133875,-0.12812386,-0.0969081,-0.16398169,-0.12716047,-0.11335766,-0.18846886,-0.13005166,-0.17755464,-0.0994983,-0.115196005,-0.1544221,-0.11662802,-0.19749595,-0.14526704,-0.12781724,-0.096878245,-0.15442207,-0.1576046,-0.12434345,-0.11230643,-0.063823454,-0.15435535,-0.11419349,-0.10007019,-0.24483351,-0.15451011,-0.15778194,-0.16344379,-0.1759062,-0.12524253,-0.15449612,-0.0782174,-0.19187105,-0.18185812,-0.09859173,-0.11065883,-0.15418571,-0.15748441,-0.083404,-0.1213824,-0.13072303,-0.13855581,-0.19385117,-0.15447465,-0.157787,-0.19487974,-0.23847799,-0.2432746,-0.12973517,-0.15431426,-0.15775967,-0.14520228,-0.2961179,-0.15450941,-0.19813283,-0.12995979,-0.15444836,-0.060104962,-0.15931924,-0.15450771,-0.2028091,-0.2868003,-0.11816878,-0.14795661,-0.10060286,-0.1543592,-0.13614628,-0.20725825,-0.17393659,-0.125103,-0.15657571,-0.15690626,-0.15450639,-0.15778932,-0.16221246,-0.22200036,-0.13012026,-0.2814266,-0.1545105,-0.1915083,-0.24371436,-0.16952515,-0.15442657,-0.13369927,-0.12557748,-0.15450339,-0.18106565,-0.15451026,-0.18642783,-0.15445596,-0.30462334,-0.15440387,-0.14691104,-0.13029914,-0.15449788,-0.15777752,-0.18915205,-0.1300441,-0.15450266,-0.10481856,-0.1650517,-0.15450057,-0.15779126,-0.15776297,-0.12965125,-0.15440962,-0.15775883,-0.15775004,-0.15776116,-0.15776893,-0.16505513,-0.17392421,-0.15449625,-0.15778437,-0.15777469,-0.15778485,-0.2025511,-0.15354379,-0.14723541,-0.15354478,-0.11499533,-0.10471026,-0.11893196,-0.15449974,-0.15771633,-0.13000587,-0.19501048,-0.15450722,-0.18738703,-0.11705899,-0.17429145,-0.15449774,-0.06652963,-0.15426482,-0.10737923,-0.124497145,-0.15298569,-0.052188452,-0.26007295
k__Bacteria|p__Firmicutes|c__Clostridia|o__Eubacteriales|f__Oscillospiraceae|g__Pseudoflavonifractor|s__Pseudoflavonifractor_gallinarum,-0.1004395,-0.12316422,-0.15402344,-0.15734094,-0.15734127,-0.23867357,-0.1666669,-0.16813041,-0.10929718,-0.22895765,-0.23728925,-0.15402883,-0.22850217,-0.3768707,-0.08556121,-0.15356994,-0.058144663,-0.15342061,-0.15727077,-0.19931981,-0.1978925,-0.12917522,-0.15398888,-0.12711628,-0.20043859,-0.11658599,-0.182019,-0.25032333,-0.1509206,-0.15399465,-0.15142563,-0.10844302,-0.18249588,-0.28454733,-0.15401405,-0.12938468,-0.15402612,-0.22338755,-0.15402927,-0.29867563,-0.15402934,-0.29356226,-0.12861758,-0.15386297,-0.13691942,-0.15402302,-0.23188588,-0.24781659,-0.1296162,-0.12939154,-0.24679694,-0.18279888,-0.25087595,-0.26027086,-0.28621647,-0.27511892,-0.11894142,-0.15393108,-0.040142577,-0.056944285,-0.15321368,-0.11274739,-0.13743341,-0.12926376,-0.15400484,-0.15733597,-0.15734102,-0.15734175,-0.27573854,-0.15398464,-0.12926543,-0.16243835,-0.12334165,-0.14074792,-0.15399069,-0.15887658,-0.14481027,-0.12936747,-0.18691605,-0.14998752,-0.15401566,-0.15731707,-0.15732981,-0.1572559,-0.120334074,-0.13700745,-0.08858878,-0.15400895,-0.19008024,-0.15402156,-0.2004665,-0.11139822,-0.1388583,-0.13027036,-0.1074974,-0.15152657,-0.15391277,-0.15699233,-0.10065024,-0.08152827,-0.09427856,-0.15396851,-0.11960925,-0.15027548,-0.16982608,-0.1185138,-0.1539876,-0.15733415,-0.17738779,-0.15176103,-0.15402481,-0.25953975,-0.17989698,-0.13525523,-0.15402165,-0.15095688,-0.17780018,-0.2009549,-0.15399894,-0.09015879,-0.15369028,-0.12151222,-0.121854745,-0.13997786,-0.21433522,-0.13908121,-0.16057305,-0.1539411,-0.07092635,-0.15331617,-0.15647537,-0.18733518,-0.15373755,-0.12925178,-0.12334781,-0.14100276,-0.153976,-0.114095174,-0.25318068,-0.26654312,-0.12842755,-0.10945694,-0.15396595,-0.09238048,-0.20963459,-0.15402189,-0.15724733,-0.12871943,-0.15394172,-0.16015086,-0.1553517,-0.15402679,-0.19704957,-0.20616047,-0.12810789,-0.10460003,-0.11361031,-0.10256614,-0.1540184,-0.19495486,-0.15399164,-0.12864098,-0.15384603,-0.041086134,-0.12967405,-0.1540254,-0.2300741,-0.15400173,-0.10384405,-0.15243116,-0.0784167,-0.15386629,-0.12766197,-0.15388852,-0.121451,-0.075820275,-0.09192432,-0.101488546,-0.15372716,-0.15723504,-0.12378413,-0.15384984,-0.1410757,-0.13984437,-0.18093297,-0.15402815,-0.25777104,-0.12844054,-0.1539267,-0.13462572,-0.119081676,-0.1539952,-0.15733647,-0.15733832,-0.15733957,-0.19755594,-0.25103784,-0.20219928,-0.19465852,-0.24831252,-0.20506537,-0.22091979,-0.15401149,-0.12894294,-0.11956477,-0.15400594,-0.15733244,-0.20931396,-0.18224281,-0.15399632,-0.32474133,-0.15402603,-0.15734252,-0.1573413,-0.15734088,-0.2185038,-0.1539953,-0.114121355,-0.15399879,-0.15732577,-0.15733266,-0.22984435,-0.15401903,-0.15731299,-0.08963354,-0.15390638,-0.15728793,-0.15730783,-0.1573091,-0.13302092,-0.1051107,-0.14014931,-0.15141064,-0.15839578,-0.15615125,-0.14613561,-0.15401497,-0.12319561,-0.12933698,-0.15397559,-0.15734231,-0.15734181,-0.15734181,-0.15734237,-0.38518023,-0.11451449,-0.1539836,-0.15564899,-0.14443555,-0.16636807,-0.1540209,-0.15725762,-0.12993515,-0.047159404,-0.14751577,-0.14016809,-0.14106366,-0.15386203,-0.19987361,-0.1649412,-0.17166539,-0.15399644,-0.15729561,-0.12722544,-0.14610182,-0.2588673,-0.12912133,-0.15388615,-0.09132757,-0.12832497,-0.13684332,-0.16221203,-0.15659244,-0.12849587,-0.15374273,-0.15723827,-0.15729204,-0.15732916,-0.15740095,-0.19795567,-0.15106063,-0.07294749,-0.2039893,-0.15398449,-0.15729026,-0.104459345,-0.15360266,-0.17466888,-0.13176009,-0.1539922,-0.15109587,-0.10913184,-0.15381145,-0.05825615,-0.14326635,-0.17082691,-0.15392524,-0.18883844,-0.15402728,1.1027433,-0.15401664,-0.16808087,-0.14331596,-0.15401882,-0.15733856,-0.25088155,-0.1540277,-0.22115314,-0.07562123,-0.086852394,-0.10702289,-0.060967896,-0.14671084,-0.16796505,-0.15746465,-0.22133875,-0.12812386,-0.0969081,-0.16398169,-0.12716047,-0.11335766,-0.18846886,-0.12932941,-0.17755464,-0.0994983,-0.115196005,-0.15392642,-0.11662802,-0.19749595,-0.14526704,-0.12781724,-0.096878245,-0.15392597,-0.15712373,-0.12434345,-0.11230643,-0.063823454,-0.15384871,-0.11419349,-0.10007019,-0.24483351,-0.15402827,-0.1573295,-0.16344379,-0.1759062,-0.12524253,-0.15401202,-0.0782174,-0.19187105,-0.18185812,-0.09859173,-0.11065883,-0.15365194,-0.15698424,-0.083404,-0.1213824,-0.13072303,-0.13855581,-0.19385117,-0.15398733,-0.15733507,-0.19487974,-0.23847799,-0.2432746,-0.12896682,-0.1538013,-0.15730348,-0.14520228,-0.2961179,-0.15402745,-0.19813283,-0.1292252,-0.15395689,-0.060104962,-0.15931924,-0.1540255,-0.2028091,-0.2868003,-0.11816878,-0.14795661,-0.10060286,-0.1538539,-0.13614628,-0.20725825,-0.17393659,-0.125103,-0.15657571,-0.15690626,-0.15402396,-0.15733775,-0.16221246,-0.22200036,-0.12940823,-0.2814266,-0.15402871,-0.1915083,-0.24371436,-0.16952515,-0.15393293,-0.13369927,-0.12557748,-0.15402049,-0.18106565,-0.15402843,-0.18642783,-0.15396646,-0.30462334,-0.15390572,-0.14691104,-0.13029914,-0.15401411,-0.15732405,-0.18915205,-0.12932059,-0.15401962,-0.10481856,-0.1650517,-0.15401728,-0.15734002,-0.15730804,-0.12887563,-0.15391171,-0.15730257,-0.15729232,-0.15730524,-0.15731409,-0.16505513,-0.17392421,-0.15401225,-0.15733202,-0.15732086,-0.15733257,-0.2025511,-0.15354379,-0.14723541,-0.15291664,-0.11499533,-0.10471026,-0.11893196,-0.15401626,-0.15725446,-0.12927577,-0.19501048,-0.15402494,-0.18738703,-0.11705899,-0.17429145,-0.15401435,-0.06652963,-0.15374303,-0.10737923,-0.124497145,-0.15298569,-0.052188452,-0.26007295
k__Bacteria|p__Firmicutes|c__Clostridia|o__Eubacteriales|f__Clostridiaceae|g__GGB9568|s__GGB9568_SGB14980,-0.1004395,-0.12316422,-0.15437454,-0.1576994,-0.1576996,-0.23867357,-0.1666669,-0.16813041,-0.10929718,-0.22895765,-0.23728925,-0.15437815,-0.22850217,-0.3768707,-0.08556121,-0.1540725,-0.058144663,-0.15397924,-0.15765285,-0.19931981,-0.1978925,-0.1295331,-0.15435165,-0.12711628,-0.20043859,-0.11658599,-0.182019,-0.25032333,-0.1509206,-0.1543552,-0.15142563,-0.10844302,-0.18249588,-0.28454733,-0.15436763,-0.12968016,-0.15437636,-0.22338755,-0.15437844,-0.29867563,-0.15437847,-0.29356226,-0.1291334,-0.15426666,-0.13691942,-0.15437432,-0.23188588,-0.24781659,-0.1296162,-0.1296848,-0.24679694,-0.18279888,-0.25087595,-0.26027086,-0.28621647,-0.27511892,-0.11894142,-0.1543134,-0.040142577,-0.056944285,-0.1538368,-0.11274739,-0.13743341,-0.12959637,-0.15436214,-0.15769611,-0.15769944,-0.15769991,-0.27573854,-0.1543478,-0.1295965,-0.16243835,-0.12334165,-0.14074792,-0.15435298,-0.15887658,-0.14481027,-0.12966786,-0.18691605,-0.14998752,-0.15436946,-0.15768364,-0.15769196,-0.15763813,-0.120334074,-0.13700745,-0.08858878,-0.15436503,-0.19008024,-0.15437335,-0.2004665,-0.11139822,-0.1388583,-0.13027036,-0.1074974,-0.15152657,-0.1543017,-0.15745121,-0.10065024,-0.08152827,-0.09427856,-0.15433832,-0.11960925,-0.15027548,-0.16982608,-0.1185138,-0.15435061,-0.15769488,-0.17738779,-0.15176103,-0.15437546,-0.25953975,-0.17989698,-0.13525523,-0.15437338,-0.15095688,-0.17780018,-0.2009549,-0.1543568,-0.09015879,-0.15415537,-0.12151222,-0.121854745,-0.13997786,-0.21433522,-0.13908121,-0.16057305,-0.15432025,-0.07092635,-0.15390494,-0.1571194,-0.18733518,-0.15417896,-0.12958491,-0.12334781,-0.14100276,-0.15434334,-0.114095174,-0.25318068,-0.26654312,-0.1289939,-0.10945694,-0.15433672,-0.09238048,-0.20963459,-0.15437359,-0.157633,-0.12919623,-0.15432023,-0.16015086,-0.1553517,-0.15437678,-0.19704957,-0.20616047,-0.1287517,-0.10460003,-0.11361031,-0.10256614,-0.1543713,-0.19495486,-0.15435205,-0.12913461,-0.15425737,-0.041086134,-0.12967405,-0.15437584,-0.2300741,-0.1543589,-0.10384405,-0.1533209,-0.0784167,-0.15427051,-0.12766197,-0.15428555,-0.121451,-0.075820275,-0.09192432,-0.101488546,-0.15417895,-0.15762973,-0.12378413,-0.15424952,-0.1410757,-0.13984437,-0.18093297,-0.1543777,-0.25777104,-0.12844054,-0.15430671,-0.13462572,-0.119081676,-0.15435612,-0.15769644,-0.15769768,-0.1576985,-0.19755594,-0.25103784,-0.20219928,-0.19465852,-0.24831252,-0.20506537,-0.22091979,-0.15436623,-0.1293587,-0.11956477,-0.15436305,-0.15769373,-0.20931396,-0.18224281,-0.15435548,-0.32474133,-0.1543763,-0.15770043,-0.15769964,-0.15769936,-0.2185038,-0.15435472,-0.114121355,-0.15435809,-0.15768912,-0.15769388,-0.22984435,-0.1543717,-0.15767981,-0.08963354,-0.15429695,-0.15766466,-0.15767738,-0.15767857,-0.13302092,-0.1051107,-0.14014931,-0.15141064,-0.15839578,-0.15615125,-0.14613561,-0.15436906,-0.12319561,-0.12964737,-0.15434262,-0.15770032,-0.15769996,-0.15769997,-0.15770033,-0.38518023,-0.11451449,-0.1543482,-0.15564899,-0.14443555,-0.16636807,-0.15437287,-0.15764186,-0.12993515,-0.047159404,-0.15002635,-0.14016809,-0.14106366,-0.15426779,-0.19987361,-0.1649412,-0.17166539,-0.1543568,-0.15766977,-0.12722544,-0.14610182,-0.2588673,-0.12949178,-0.15428387,-0.09132757,-0.12832497,-0.13684332,-0.16221203,-0.15659244,-0.12902766,-0.15418763,-0.15763158,-0.15766713,-0.1576916,-0.15740095,-0.19795567,-0.15106063,-0.07294749,-0.2039893,-0.15434861,-0.15766627,-0.104459345,-0.15407467,-0.17466888,-0.13176009,-0.15435416,-0.15109587,-0.10913184,-0.15423352,-0.05825615,-0.14326635,-0.17082691,-0.15430948,-0.18883844,-0.1543771,-0.31316653,-0.15436986,-0.16808087,-0.14331596,-0.1543715,-0.1576978,-0.25088155,-0.15437737,-0.22115314,-0.07562123,-0.086852394,-0.10702289,-0.060967896,-0.14949527,-0.16796505,-0.15746465,-0.22133875,-0.12812386,-0.0969081,-0.16398169,-0.12716047,-0.11335766,-0.18846886,-0.1296415,-0.17755464,-0.0994983,-0.115196005,-0.15431032,-0.11662802,-0.19749595,-0.14526704,-0.12781724,-0.096878245,-0.15431058,-0.15755591,-0.12434345,-0.11230643,-0.063823454,-0.15425912,-0.11419349,-0.10007019,-0.24483351,-0.15437776,-0.15769109,-0.16344379,-0.1759062,-0.12524253,-0.15436709,-0.0782174,-0.19187105,-0.18185812,-0.09859173,-0.11065883,-0.15412968,-0.1574637,-0.083404,-0.1213824,-0.13072303,-0.13855581,2.8135123,-0.15435047,-0.15769552,-0.19487974,-0.23847799,-0.2432746,-0.12938716,-0.15422773,-0.15767449,-0.14520228,-0.2961179,-0.15437722,-0.19813283,-0.12956713,-0.15433024,-0.060104962,-0.15931924,-0.15437591,-0.2028091,-0.2868003,-0.11816878,-0.14795661,-0.10060286,-0.15426174,-0.13614628,-0.20725825,-0.17393659,-0.125103,-0.15657571,-0.15690626,-0.15437488,-0.15769729,-0.16221246,-0.22200036,-0.12969607,-0.2814266,-0.15437806,-0.1915083,-0.24371436,-0.16952515,-0.15430981,-0.13369927,-0.12557748,-0.1543726,-0.18106565,-0.15437788,-0.18642783,-0.15433449,-0.30462334,-0.15429613,-0.14691104,-0.13029914,-0.1543684,-0.15768829,-0.18915205,-0.12963572,-0.15437202,-0.10481856,-0.1650517,-0.1543704,-0.15769878,-0.15767567,-0.1293195,-0.15430093,-0.1576738,-0.15766722,-0.15767562,-0.15768167,-0.16505513,-0.17392421,-0.1543671,-0.15769352,-0.15768608,-0.15769391,-0.2025511,-0.15354379,-0.14723541,-0.15363434,-0.11499533,-0.10471026,-0.11893196,-0.1543698,-0.15763795,-0.12960619,-0.19501048,-0.15437554,-0.18738703,-0.11705899,-0.17429145,-0.15436727,-0.06652963,-0.15418914,-0.10737923,-0.124497145,-0.15298569,-0.052188452,-0.26007295
k__Bacteria|p__Firmicutes|c__Clostridia|o__Eubacteriales|f__Eubacteriales_unclassified|g__Eubacteriales_unclassified|s__Clostridiales_bacterium,-0.1004395,-0.12316422,-0.15517211,-0.15851825,-0.15851854,-0.23867357,-0.1666669,-0.16813041,-0.10929718,-0.22895765,-0.23728925,-0.15517722,-0.22850217,-0.3768707,-0.08556121,-0.15475175,-0.058144663,-0.15461436,-0.15845245,-0.19931981,-0.1978925,-0.13012934,-0.15513992,-0.12711628,-0.20043859,-0.11658599,-0.182019,-0.25032333,-0.1509206,-0.15514499,-0.15142563,-0.10844302,-0.18249588,-0.28454733,-0.15516326,-0.13032152,-0.15517467,-0.22338755,-0.15517761,-0.29867563,-0.15517768,-0.29356226,-0.12961188,-0.15502053,-0.13691942,-0.15517178,-0.23188588,-0.24781659,-0.1296162,-0.13032761,-0.24679694,-0.18279888,-0.25087595,-0.26027086,-0.28621647,-0.27511892,-0.11894142,-0.155086,-0.040142577,-0.056944285,-0.15440848,-0.11274739,-0.13743341,-0.13020936,-0.15515454,-0.15851358,-0.15851828,-0.15851898,-0.27573854,-0.15513569,-0.13021101,-0.16243835,-0.12334165,-0.14074792,-0.15514153,-0.15887658,-0.14481027,-0.13030578,-0.18691605,-0.14998752,-0.1551649,-0.15849587,-0.1585077,-0.15843832,-0.120334074,-0.13700745,-0.08858878,-0.15515864,-0.19008024,-0.15517041,-0.2004665,-0.11139822,-0.1388583,-0.13027036,-0.1074974,-0.15152657,-0.15506887,-0.15819728,-0.10065024,-0.08152827,-0.09427856,-0.15512101,-0.11960925,-0.15027548,-0.16982608,-0.1185138,-0.15513842,-0.15851188,-0.17738779,-0.15176103,-0.15517342,-0.25953975,-0.17989698,-0.13525523,-0.15517049,-0.15095688,-0.17780018,-0.2009549,-0.15514866,-0.09015879,-0.15486242,-0.12151222,-0.121854745,-0.13997786,-0.21433522,-0.13908121,-0.16057305,-0.1550955,-0.07092635,-0.15451217,-0.15769565,-0.18733518,-0.15489945,-0.13019797,-0.12334781,-0.14100276,-0.15512785,-0.114095174,-0.25318068,-0.26654312,-0.12944077,-0.10945694,-0.1551186,-0.09238048,-0.20963459,-0.15517071,-0.15842864,-0.12970617,-0.15509564,-0.16015086,-0.1553517,-0.1551753,-0.19704957,-0.20616047,-0.12912929,-0.10460003,-0.11361031,-0.10256614,-0.15516752,-0.19495486,-0.15514246,-0.12962675,-0.15500727,-0.041086134,-0.12967405,-0.15517393,-0.2300741,-0.1551517,-0.10384405,-0.15369302,-0.0784167,-0.1550254,-0.12766197,-0.1550462,-0.121451,-0.075820275,-0.09192432,-0.101488546,-0.15489596,-0.1584197,-0.12378413,-0.15501174,-0.1410757,-0.13984437,-0.18093297,-0.15517655,-0.25777104,-0.12844054,-0.1550819,-0.13462572,-0.119081676,-0.15514597,-0.15851405,-0.15851578,-0.15851696,-0.19755594,-0.25103784,-0.20219928,-0.19465852,-0.24831252,-0.20506537,-0.22091979,-0.15516081,-0.12991227,-0.11956477,-0.1551559,-0.15851024,-0.20931396,-0.18224281,-0.1551466,-0.32474133,-0.15517458,-0.15851972,-0.15851858,-0.1585182,-0.2185038,-0.15514585,-0.114121355,-0.15514885,-0.15850371,-0.15851048,-0.22984435,-0.15516809,-0.158492,-0.08963354,-0.15506251,-0.15846902,-0.15848702,-0.15848869,-0.13302092,-0.1051107,-0.14014931,-0.15141064,-0.15839578,-0.15615125,-0.14613561,-0.15516436,-0.12319561,-0.13027671,-0.15512677,-0.15851952,-0.15851903,-0.15851904,-0.15851957,-0.38518023,-0.11451449,-0.15513477,-0.15564899,-0.14443555,-0.16636807,-0.15516973,-0.15843876,-0.12993515,-0.047159404,-0.14899676,-0.14016809,-0.14106366,-0.15502048,-0.19987361,-0.1649412,-0.17166539,-0.15514696,-0.15847626,-0.12722544,-0.14610182,-0.2588673,-0.13008158,-0.15504438,-0.09132757,-0.12832497,-0.13684332,-0.16221203,-0.15659244,-0.1294971,-0.1549094,-0.15842241,-0.15847269,-0.15850723,-0.15740095,-0.19795567,-0.15106063,-0.07294749,-0.2039893,-0.15513542,-0.15847135,-0.104459345,-0.1547862,-0.17466888,-0.13176009,-0.15514325,-0.15109587,-0.10913184,-0.1549742,-0.05825615,-0.14326635,-0.17082691,-0.1550798,-0.18883844,-0.15517573,-0.31316653,-0.15516555,-0.16808087,-0.14331596,-0.15516782,-0.15851596,-0.25088155,-0.1551761,-0.22115314,-0.07562123,-0.086852394,-0.10702289,-0.060967896,-0.148242,-0.16796505,-0.15746465,-0.22133875,-0.12812386,-0.0969081,-0.16398169,-0.12716047,-0.11335766,-0.18846886,-0.13027045,-0.17755464,-0.0994983,-0.115196005,-0.1550812,-0.11662802,-0.19749595,-0.14526704,-0.12781724,-0.096878245,-0.15508175,-0.15831563,-0.12434345,-0.11230643,-0.063823454,-0.15500937,-0.11419349,-0.10007019,-0.24483351,-0.15517667,-0.15850735,-0.16344379,-0.1759062,-0.12524253,-0.15516153,-0.0782174,-0.19187105,-0.18185812,-0.09859173,-0.11065883,-0.15482605,-0.15818523,-0.083404,-0.1213824,-0.13072303,-0.13855581,-0.19385117,-0.15513802,-0.15851274,-0.19487974,-0.23847799,-0.2432746,-0.12993138,-0.15496457,-0.158483,-0.14520228,-0.2961179,-0.15517592,-0.19813283,-0.13017483,-0.15510958,-0.060104962,-0.15931924,-0.15517405,-0.2028091,-0.2868003,-0.11816878,-0.14795661,-0.10060286,-0.15501267,-0.13614628,-0.20725825,-0.17393659,-0.125103,-0.15657571,-0.15690626,-0.15517262,-0.15851527,-0.16221246,-0.22200036,-0.13034314,-0.2814266,-0.15517709,-0.1915083,-0.24371436,-0.16952515,-0.15508679,-0.13369927,-0.12557748,-0.15516937,-0.18106565,-0.15517683,-0.18642783,-0.15511799,-0.30462334,-0.15506074,-0.14691104,-0.13029914,-0.1551634,-0.15850249,-0.18915205,-0.13026284,-0.15516862,-0.10481856,-0.1650517,-0.15516627,-0.15851736,-0.15848708,-0.12985271,-0.15506804,-0.15848199,-0.15847263,-0.15848455,-0.15849322,-0.16505513,-0.17392421,-0.15516159,-0.15850991,-0.15849936,-0.15851045,-0.2025511,-0.15354379,-0.14723541,-0.15412095,-0.11499533,-0.10471026,-0.11893196,-0.1551654,-0.1584366,-0.13022214,-0.19501048,-0.15517351,-0.18738703,-0.11705899,-0.17429145,-0.15516368,-0.06652963,-0.15491185,-0.10737923,-0.124497145,-0.15298569,-0.052188452,-0.26007295
k__Bacteria|p__Firmicutes|c__Bacilli|o__Lactobacillales|f__Streptococcaceae|g__Streptococcus|s__Streptococcus_anginosus,-0.1004395,-0.12316422,-0.1541605,-0.1574812,-0.1574814,-0.23867357,-0.1666669,-0.16813041,-0.10929718,-0.22895765,-0.23728925,-0.15416375,-0.22850217,-0.3768707,-0.08556121,-0.153884,-0.058144663,-0.1537943,-0.15743877,-0.19931981,-0.1978925,-0.12935874,-0.15413955,-0.12711628,-0.20043859,-0.11658599,-0.182019,-0.25032333,-0.1509206,-0.15414315,-0.15142563,-0.10844302,-0.18249588,-0.28454733,-0.15415476,-0.12949648,-0.15416211,-0.22338755,-0.154164,-0.29867563,-0.15416405,-0.29356226,-0.129001,-0.15406358,-0.13691942,-0.15416023,-0.23188588,-0.24781659,-0.1296162,-0.12950073,-0.24679694,-0.18279888,-0.25087595,-0.26027086,-0.28621647,-0.27511892,-0.11894142,-0.15410426,-0.040142577,-0.056944285,-0.15367132,-0.11274739,-0.13743341,-0.12941796,-0.15414923,-0.15747821,-0.15748125,-0.15748167,-0.27573854,-0.15413706,-0.12941936,-0.16243835,-0.12334165,-0.14074792,-0.15414068,-0.15887658,-0.14481027,-0.12948501,-0.18691605,-0.14998752,-0.15415576,-0.15746674,-0.15747446,-0.15743,-0.120334074,-0.13700745,-0.08858878,-0.15415171,-0.19008024,-0.15415937,-0.2004665,-0.11139822,-0.1388583,3.2947116,1.3535641,2.077744,-0.15409346,-0.15727425,-0.10065024,-0.08152827,-0.09427856,-0.15412726,-0.11960925,-0.15027548,-0.16982608,-0.1185138,-0.15413886,-0.15747708,-0.17738779,-0.15176103,-0.15416133,-0.25953975,-0.17989698,-0.13525523,-0.15415938,-0.15095688,-0.17780018,-0.2009549,-0.1541457,-0.09015879,-0.15395826,-0.12151222,-0.121854745,-0.13997786,-0.21433522,-0.13908121,-0.16057305,-0.15411057,-0.07092635,-0.15373114,-0.15695816,-0.18733518,-0.15398726,-0.1294085,-0.12334781,-0.14100276,-0.1541318,-0.114095174,-0.25318068,-0.26654312,-0.12883168,-0.10945694,-0.15412572,-0.09238048,-0.20963459,-0.15415953,-0.15742543,-0.12904859,-0.15411109,-0.16015086,-0.1553517,-0.15416251,-0.19704957,-0.20616047,-0.12859362,-0.10460003,-0.11361031,-0.10256614,-0.15415746,-0.19495486,-0.15414128,-0.12897824,-0.15405285,-0.041086134,-0.12967405,-0.15416169,-0.2300741,-0.15414757,-0.10384405,-0.15319678,-0.0784167,-0.15406527,-0.12766197,-0.15407883,-0.121451,-0.075820275,-0.09192432,-0.101488546,-0.15398061,-0.15741706,-0.12378413,-0.15405545,-0.1410757,-0.13984437,-0.18093297,-0.15416332,-0.25777104,-0.12844054,-0.15410122,-0.13462572,-0.119081676,-0.15414341,-0.15747851,-0.15747961,-0.15748036,-0.19755594,-0.25103784,-0.20219928,-0.19465852,-0.24831252,-0.20506537,-0.22091979,-0.15415329,-0.129197,-0.11956477,-0.15414992,-0.15747605,-0.20931396,-0.18224281,-0.1541443,-0.32474133,-0.15416205,-0.15748215,-0.15748143,-0.15748116,-0.2185038,-0.15414304,-0.114121355,-0.1541456,-0.15747204,-0.15747622,-0.22984435,-0.15415782,-0.15746433,-0.08963354,-0.15408954,-0.15744911,-0.15746121,-0.15746194,-0.13302092,-0.1051107,-0.14014931,-0.15141064,-0.15839578,-0.15615125,-0.14613561,-0.15415537,-0.12319561,-0.12946704,-0.15413159,-0.15748203,-0.15748172,-0.15748173,-0.15748206,-0.38518023,-0.11451449,-0.1541364,-0.15564899,-0.14443555,-0.16636807,-0.15415896,-0.15743119,-0.12993515,-0.047159404,-0.15023693,-0.14016809,-0.14106366,-0.15406299,-0.19987361,-0.1649412,-0.17166539,-0.15414414,-0.15745378,-0.12722544,-0.14610182,-0.2588673,-0.1293137,-0.1540769,-0.09132757,-0.12832497,-0.13684332,-0.16221203,-0.15659244,-0.12885977,-0.15398912,-0.15741888,-0.15745157,-0.15747407,-0.15740095,-0.19795567,-0.15106063,-0.07294749,-0.2039893,-0.15413693,-0.15745044,-0.104459345,-0.15387924,-0.17466888,-0.13176009,-0.1541416,-0.15109587,-0.10913184,-0.15403092,-0.05825615,-0.14326635,-0.17082691,-0.15410113,-0.18883844,-0.1541628,-0.31316653,-0.15415639,-0.16808087,4.154337,-0.1541577,-0.1574798,-0.25088155,-0.15416306,-0.22115314,-0.07562123,-0.086852394,-0.10702289,-0.060967896,-0.14974509,-0.16796505,-0.15746465,-0.22133875,-0.12812386,-0.0969081,-0.16398169,-0.12716047,-0.11335766,-0.18846886,-0.12946133,-0.17755464,-0.0994983,-0.115196005,-0.15410177,-0.11662802,-0.19749595,-0.14526704,-0.12781724,-0.096878245,-0.15410124,-0.15734926,-0.12434345,-0.11230643,-0.063823454,-0.1540544,-0.11419349,-0.10007019,-0.24483351,-0.15416339,-0.15747443,-0.16344379,-0.1759062,-0.12524253,-0.15415359,-0.0782174,-0.19187105,-0.18185812,3.0315819,0.79132336,-0.15393516,-0.15726501,-0.083404,-0.1213824,-0.13072303,-0.13855581,-0.19385117,-0.15413868,-0.15747766,-0.19487974,-0.23847799,-0.2432746,-0.12922323,-0.15402573,-0.15745854,-0.14520228,-0.2961179,-0.15416291,-0.19813283,-0.12938924,-0.15412006,-0.060104962,-0.15931924,-0.15416175,-0.2028091,-0.2868003,-0.11816878,-0.14795661,-0.10060286,-0.15405789,-0.13614628,-0.20725825,-0.17393659,-0.125103,-0.15657571,-0.15690626,-0.1541608,-0.15747926,-0.16221246,-0.22200036,-0.12951107,0.716545,-0.15416367,-0.1915083,-0.24371436,-0.16952515,-0.15410644,-0.13369927,-0.12557748,-0.15415871,-0.18106565,-0.15416351,-0.18642783,-0.15412626,-0.30462334,-0.1540894,-0.14691104,-0.13029914,-0.15415485,-0.157471,-0.18915205,-0.12945576,-0.15415816,-0.10481856,-0.1650517,-0.15415677,-0.15748063,-0.15746161,-0.1291567,-0.15409276,-0.15745804,-0.15745178,-0.15745962,-0.15746492,-0.16505513,-0.17392421,-0.15415373,-0.1574758,-0.15746906,-0.15747616,-0.2025511,-0.15354379,-0.14723541,-0.15349218,-0.11499533,-0.10471026,-0.11893196,-0.15415613,-0.15742972,-0.12942752,-0.19501048,-0.1541614,-0.18738703,-0.11705899,-0.17429145,-0.15415502,-0.06652963,-0.15398988,-0.10737923,-0.124497145,-0.15298569,-0.052188452,-0.26007295
k__Bacteria|p__Firmicutes|c__Clostridia|o__Clostridiales|f__Ruminococcaceae|g__Candidatus_Cibionibacter|s__Candidatus_Cibionibacter_quicibialis,-0.1004395,-0.12316422,-0.15378189,-0.15705323,-0.15705352,-0.23867357,-0.1666669,-0.16813041,-0.10929718,-0.22895765,-0.23728925,-0.15378693,-0.22850217,-0.3768707,-0.08556121,-0.15337059,-0.058144663,-0.15323347,-0.15698823,-0.19931981,-0.1978925,-0.12929347,-0.15375009,-0.12711628,-0.20043859,-0.11658599,-0.182019,-0.25032333,-0.1509206,-0.15375502,-0.15142563,-0.10844302,-0.18249588,-0.28454733,-0.15377295,-0.12948656,-0.15378442,-0.22338755,-0.15378731,-0.29867563,-0.15378739,-0.29356226,-0.128786,-0.15363184,-0.13691942,-0.15378158,-0.23188588,-0.24781659,-0.1296162,-0.1294926,-0.24679694,-0.18279888,-0.25087595,-0.26027086,-0.28621647,-0.27511892,-0.11894142,-0.15369672,-0.040142577,-0.056944285,-0.15302663,-0.11274739,-0.13743341,-0.12937436,-0.15376449,-0.15704864,-0.15705329,-0.15705396,-0.27573854,-0.15374528,-0.12937602,-0.16243835,-0.12334165,-0.14074792,-0.1537517,-0.15887658,-0.14481027,-0.12947088,-0.18691605,-0.14998752,-0.15377475,-0.15703112,-0.15704277,-0.15697332,-0.120334074,-0.13700745,-0.08858878,-0.15376857,-0.19008024,-0.1537802,-0.2004665,-0.11139822,-0.1388583,-0.13027036,-0.1074974,-0.15152657,-0.15367997,-0.15673476,-0.10065024,-0.08152827,-0.09427856,-0.15373147,-0.11960925,-0.15027548,-0.16982608,-0.1185138,-0.15374851,-0.15704696,-0.17738779,-0.15176103,-0.15378317,-0.25953975,-0.17989698,-0.13525523,-0.15378028,-0.15095688,-0.17780018,-0.2009549,-0.15375829,-0.09015879,-0.15347649,-0.12151222,-0.121854745,-0.13997786,-0.21433522,-0.13908121,-0.16057305,-0.15370631,-0.07092635,-0.15313151,-0.15623769,-0.18733518,-0.15351084,-0.12936388,-0.12334781,-0.14100276,-0.15373823,-0.114095174,-0.25318068,3.3355634,-0.12859744,-0.10945694,-0.15372911,-0.09238048,-0.20963459,-0.15378052,-0.15696374,-0.12887293,-0.15370637,-0.16015086,-0.1553517,-0.15378502,-0.19704957,-0.20616047,-0.12828788,-0.10460003,-0.11361031,-0.10256614,-0.15377736,-0.19495486,-0.15375218,-0.12878627,-0.15361956,-0.041086134,-0.12967405,-0.15378368,-0.2300741,-0.15376137,-0.10384405,-0.152325,-0.0784167,-0.15363693,-0.12766197,-0.15365766,-0.121451,-0.075820275,-0.09192432,-0.101488546,-0.15350911,-0.15695605,-0.12378413,-0.15362298,-0.1410757,-0.13984437,-0.18093297,-0.15378627,-0.25777104,-0.12844054,-0.15369132,-0.13462572,-0.119081676,-0.15375619,-0.15704912,-0.1570508,-0.15705197,-0.19755594,-0.25103784,-0.20219928,-0.19465852,-0.24831252,-0.20506537,-0.22091979,-0.15377057,-0.12907836,-0.11956477,-0.15376589,-0.15704532,-0.20931396,-0.18224281,-0.15375635,-0.32474133,-0.15378436,-0.15705469,-0.15705357,-0.1570532,-0.2185038,-0.1537554,-0.114121355,-0.1537588,-0.1570388,-0.15704554,-0.22984435,-0.15377793,-0.1570268,-0.08963354,-0.15367353,-0.15700471,-0.15702233,-0.15702415,-0.13302092,-0.1051107,-0.14014931,-0.15141064,-0.15839578,-0.15615125,-0.14613561,-0.15377426,-0.12319561,-0.12944223,-0.15373695,-0.1570545,-0.15705402,-0.15705402,-0.15705454,5.732108,-0.11451449,-0.15374497,-0.15564899,-0.14443555,-0.16636807,-0.1537795,-0.15697385,-0.12993515,-0.047159404,-0.1476686,-0.14016809,-0.14106366,-0.15363204,-0.19987361,-0.1649412,-0.17166539,-0.15375707,-0.15701193,-0.12722544,-0.14610182,-0.2588673,-0.12924448,-0.15365574,-0.09132757,-0.12832497,-0.13684332,-0.16221203,-0.15659244,-0.12865007,-0.15352172,-0.15695855,-0.15700829,-0.15704237,-0.15740095,-0.19795567,-0.15106063,-0.07294749,-0.2039893,-0.15374556,-0.157007,-0.104459345,-0.15338331,-0.17466888,-0.13176009,-0.15375346,-0.15109587,-0.10913184,-0.15358633,-0.05825615,-0.14326635,-0.17082691,-0.15369065,-0.18883844,-0.15378544,-0.31316653,-0.1537753,-0.16808087,-0.14331596,-0.15377764,-0.15705097,-0.25088155,-0.15378584,-0.22115314,-0.07562123,-0.086852394,-0.10702289,-0.060967896,-0.14691731,-0.16796505,-0.15746465,-0.22133875,-0.12812386,-0.0969081,-0.16398169,-0.12716047,-0.11335766,-0.18846886,-0.12943554,-0.17755464,-0.0994983,-0.115196005,-0.15369207,-0.11662802,-0.19749595,-0.14526704,-0.12781724,-0.096878245,-0.15369281,-0.1568531,-0.12434345,-0.11230643,-0.063823454,-0.15362126,-0.11419349,-0.10007019,-0.24483351,-0.15378639,-0.15704228,-0.16344379,-0.1759062,-0.12524253,-0.15377146,-0.0782174,-0.19187105,-0.18185812,-0.09859173,-0.11065883,-0.15344045,-0.15672462,-0.083404,-0.1213824,-0.13072303,-0.13855581,-0.19385117,-0.1537481,-0.15704781,-0.19487974,-0.23847799,-0.2432746,-0.12909551,-0.15357694,-0.1570184,-0.14520228,-0.2961179,-0.15378563,-0.19813283,-0.12933904,-0.15372005,-0.060104962,-0.15931924,-0.1537838,-0.2028091,-0.2868003,-0.11816878,-0.14795661,-0.10060286,-0.15362418,-0.13614628,-0.20725825,-0.17393659,-0.125103,-0.15657571,-0.15690626,-0.15378238,-0.15705028,-0.16221246,-0.22200036,-0.12950799,-0.2814266,-0.15378681,-0.1915083,-0.24371436,-0.16952515,-0.15369654,-0.13369927,-0.12557748,-0.15377915,-0.18106565,-0.15378654,-0.18642783,-0.15372774,-0.30462334,-0.15367162,-0.14691104,-0.13029914,-0.15377328,-0.15703769,-0.18915205,-0.1294279,-0.15377843,-0.10481856,-0.1650517,-0.15377608,-0.15705234,-0.15702192,-0.12901154,-0.15367922,-0.15701735,-0.15700811,-0.15701988,-0.15702853,-0.16505513,-0.17392421,-0.15377145,-0.157045,-0.15703458,-0.15704554,-0.2025511,-0.15354379,-0.14723541,-0.15273994,-0.11499533,-0.10471026,-0.11893196,-0.15377524,-0.15697178,-0.12938799,-0.19501048,-0.15378326,-0.18738703,-0.11705899,-0.17429145,-0.15377325,-0.06652963,-0.15352559,-0.10737923,-0.124497145,-0.15298569,-0.052188452,-0.26007295
k__Bacteria|p__Firmicutes|c__Bacilli|o__Lactobacillales|f__Lactobacillaceae|g__Ligilactobacillus|s__Ligilactobacillus_animalis,-0.1004395,-0.12316422,-0.15259254,-0.15589517,-0.15589546,-0.23867357,-0.1666669,-0.16813041,-0.10929718,-0.22895765,-0.23728925,-0.15259767,-0.22850217,-0.3768707,-0.08556121,-0.15217306,-0.058144663,-0.15203713,-0.15582916,-0.19931981,-0.1978925,-0.12786876,-0.1525603,-0.12711628,-0.20043859,-0.11658599,6.3192086,-0.25032333,-0.1509206,-0.15256527,-0.15142563,-0.10844302,-0.18249588,-0.28454733,-0.15258336,-0.12806499,-0.15259513,-0.22338755,-0.15259805,-0.29867563,-0.15259811,-0.29356226,-0.12733632,-0.15243977,-0.13691942,-0.15259226,-0.23188588,-0.24781659,-0.1296162,-0.12807111,-0.24679694,-0.18279888,-0.25087595,-0.26027086,-0.28621647,3.6550422,-0.11894142,-0.15250617,-0.040142577,-0.056944285,-0.15182593,-0.11274739,-0.13743341,-0.12794974,-0.15257484,-0.15589051,-0.1558952,-0.1558959,-0.27573854,-0.15255526,-0.12795204,-0.16243835,-0.12334165,-0.14074792,-0.15256196,-0.15887658,-0.14481027,-0.12804887,-0.18691605,-0.14998752,-0.15258533,-0.15587273,-0.15588453,-0.15581366,-0.120334074,-0.13700745,-0.08858878,-0.15257904,-0.19008024,-0.15259086,-0.2004665,-0.11139822,-0.1388583,-0.13027036,-0.1074974,-0.15152657,-0.1524892,-0.1555668,-0.10065024,-0.08152827,-0.09427856,-0.1525414,-0.11960925,-0.15027548,-0.16982608,-0.1185138,-0.15255865,-0.1558888,-0.17738779,-0.15176103,-0.15259385,-0.25953975,-0.17989698,-0.13525523,-0.15259093,-0.15095688,-0.17780018,-0.2009549,-0.15256837,-0.09015879,-0.15228298,-0.12151222,-0.121854745,-0.13997786,6.1733794,-0.13908121,-0.16057305,-0.15251592,-0.07092635,-0.15193251,-0.15506634,-0.18733518,-0.15231729,-0.12793407,-0.12334781,-0.14100276,-0.15254827,-0.114095174,-0.25318068,-0.26654312,-0.12716672,-0.10945694,-0.15253901,-0.09238048,-0.20963459,-0.15259117,-0.15580398,-0.12743407,-0.15251583,-0.16015086,-0.1553517,-0.15259573,4.193334,-0.20616047,-0.12684761,-0.10460003,-0.11361031,-0.10256614,-0.15258798,-0.19495486,-0.15256242,-0.12734586,-0.15242809,-0.041086134,-0.12967405,-0.15259436,-0.2300741,-0.15257168,-0.10384405,-0.15111619,-0.0784167,-0.15244547,-0.12766197,-0.15246645,-0.121451,-0.075820275,-0.09192432,-0.101488546,-0.15231541,-0.1557966,-0.12378413,-0.15243018,-0.1410757,-0.13984437,-0.18093297,-0.15259701,-0.25777104,-0.12844054,-0.15250072,-0.13462572,-0.119081676,-0.15256648,-0.15589096,-0.1558927,-0.15589388,-0.19755594,-0.25103784,-0.20219928,-0.19465852,-0.24831252,-0.20506537,-0.22091979,-0.15258107,-0.12764144,-0.11956477,-0.15257636,-0.15588713,-0.20931396,-0.18224281,-0.15256646,-0.32474133,-0.15259504,-0.15589665,-0.1558955,-0.15589511,-0.2185038,-0.15256575,-0.114121355,-0.15256909,-0.15588048,-0.15588737,-0.22984435,-0.15258855,-0.1558679,-0.08963354,-0.15248244,-0.155846,-0.15586376,-0.15586567,-0.13302092,-0.1051107,-0.14014931,-0.15141064,-0.15839578,-0.15615125,-0.14613561,-0.15258484,-0.12319561,-0.12801956,-0.15254691,-0.15589646,-0.15589595,-0.15589596,-0.15589648,-0.38518023,-0.11451449,-0.15255511,-0.15564899,-0.14443555,-0.16636807,-0.15259013,-0.15581451,-0.12993515,-0.047159404,-0.14638135,-0.14016809,-0.14106366,-0.15244055,-0.19987361,-0.1649412,-0.17166539,-0.15256739,-0.1558533,-0.12722544,-0.14610182,-0.2588673,-0.12782058,-0.15246451,-0.09132757,-0.12832497,-0.13684332,-0.16221203,-0.15659244,-0.12722506,-0.15232843,-0.15579909,-0.15584959,-0.15588415,-0.15740095,-0.19795567,-0.15106063,-0.07294749,-0.2039893,-0.15255564,-0.15584832,-0.104459345,-0.15219158,-0.17466888,-0.13176009,-0.15256378,-0.15109587,-0.10913184,-0.1523937,-0.05825615,-0.14326635,-0.17082691,-0.15249991,-0.18883844,-0.15259618,-0.31316653,-0.15258586,-0.16808087,-0.14331596,-0.15258825,-0.15589286,-0.25088155,-0.15259656,-0.22115314,-0.07562123,-0.086852394,-0.10702289,-0.060967896,-0.14562073,-0.16796505,-0.15746465,-0.22133875,-0.12812386,-0.0969081,-0.16398169,-0.12716047,-0.11335766,-0.18846886,-0.12801288,-0.17755464,-0.0994983,-0.115196005,-0.1525014,-0.11662802,-0.19749595,-0.14526704,-0.12781724,-0.096878245,-0.15250227,-0.15569213,-0.12434345,-0.11230643,-0.063823454,-0.15242943,-0.11419349,-0.10007019,-0.24483351,-0.15259711,-0.15588407,-0.16344379,-0.1759062,-0.12524253,-0.15258199,-0.0782174,-0.19187105,-0.18185812,-0.09859173,-0.11065883,-0.15224652,-0.15556188,4.644684,-0.1213824,-0.13072303,-0.13855581,-0.19385117,-0.15255824,-0.15588966,-0.19487974,-0.23847799,-0.2432746,-0.12767276,-0.15238458,-0.1558598,-0.14520228,-0.2961179,-0.15259635,-0.19813283,-0.1279149,-0.15252973,-0.060104962,-0.15931924,-0.15259448,-0.2028091,-0.2868003,-0.11816878,-0.14795661,-0.10060286,-0.15243232,-0.13614628,-0.20725825,-0.17393659,-0.125103,-0.15657571,-0.15690626,-0.15259303,-0.1558922,-0.16221246,-0.22200036,-0.12808678,-0.2814266,-0.15259755,-0.1915083,-0.24371436,-0.16952515,-0.15250513,-0.13369927,-0.12557748,-0.15258977,-0.18106565,-0.15259728,-0.18642783,-0.15253723,-0.30462334,-0.15248056,-0.14691104,-0.13029914,-0.15258381,-0.1558794,-0.18915205,-0.12800545,-0.15258905,-0.10481856,-0.1650517,-0.15258664,-0.15589428,-0.15586333,-0.12759186,-0.15248841,-0.1558587,-0.15584934,-0.15586127,-0.15587005,-0.16505513,-0.17392421,-0.15258195,-0.15588681,-0.15587622,-0.15588737,-0.2025511,-0.15354379,-0.14723541,-0.15153384,-0.11499533,-0.10471026,-0.11893196,-0.15258583,-0.1558123,-0.12796488,-0.19501048,-0.15259393,-0.18738703,-0.11705899,-0.17429145,-0.15258387,-0.06652963,-0.15233232,-0.10737923,-0.124497145,-0.15298569,-0.052188452,-0.26007295
k__Bacteria|p__Firmicutes|c__Clostridia|o__Eubacteriales|f__Oscillospiraceae|g__GGB9739|s__GGB9739_SGB15313,-0.1004395,-0.12316422,-0.15360755,-0.15687756,-0.15687788,-0.23867357,-0.1666669,-0.16813041,-0.10929718,-0.22895765,-0.23728925,-0.153613,-0.22850217,-0.3768707,-0.08556121,-0.15315889,-0.058144663,-0.15301166,-0.15680718,-0.19931981,-0.1978925,-0.12910616,-0.15357308,-0.12711628,-0.20043859,-0.11658599,-0.182019,-0.25032333,-0.1509206,-0.15357852,-0.15142563,-0.10844302,-0.18249588,-0.28454733,-0.15359783,-0.12932186,-0.15361027,-0.22338755,-0.1536134,-0.29867563,-0.15361348,-0.29356226,-0.12853557,-0.15344532,-0.13691942,-0.15360719,-0.23188588,-0.24781659,-0.1296162,-0.12932858,-0.24679694,-0.18279888,-0.25087595,-0.26027086,-0.28621647,-0.27511892,-0.11894142,-0.15351513,-0.040142577,-0.056944285,-0.1527915,-0.11274739,-0.13743341,-0.12919594,-0.15358873,-0.15687257,-0.15687762,-0.15687835,-0.27573854,-0.15356754,-0.12919933,-0.16243835,-0.12334165,-0.14074792,-0.15357485,-0.15887658,-0.14481027,-0.12930435,-0.18691605,-0.14998752,-0.15359981,-0.1568536,-0.15686625,-0.15679067,-0.120334074,-0.13700745,-0.08858878,-0.1535931,-0.19008024,-0.15360573,-0.2004665,-0.11139822,-0.1388583,-0.13027036,-0.1074974,-0.15152657,-0.15349701,-0.15652402,-0.10065024,-0.08152827,-0.09427856,-0.15355283,-0.11960925,-0.15027548,-0.16982608,-0.1185138,-0.15357149,-0.15687075,-0.17738779,-0.15176103,-0.15360892,-0.25953975,-0.17989698,-0.13525523,-0.15360579,-0.15095688,-0.17780018,-0.2009549,-0.1535819,-0.09015879,-0.153276,-0.12151222,-0.121854745,-0.13997786,-0.21433522,-0.13908121,-0.16057305,-0.1535255,-0.07092635,-0.15290192,-0.15599784,-0.18733518,-0.15331525,-0.12918063,-0.12334781,-0.14100276,-0.15356022,-0.114095174,-0.25318068,-0.26654312,-0.12831204,-0.10945694,-0.15355027,-0.09238048,-0.20963459,-0.15360606,-0.15678102,-0.12862363,-0.15352577,-0.16015086,-0.1553517,-0.15361093,-0.19704957,3.6483047,-0.12796444,-0.10460003,-0.11361031,-0.10256614,-0.15360263,-0.19495486,-0.15357527,-0.12852007,-0.15343139,-0.041086134,-0.12967405,-0.15360948,-0.2300741,-0.15358537,-0.10384405,-0.15202531,-0.0784167,-0.15345038,-0.12766197,-0.15347283,-0.121451,-0.075820275,-0.09192432,-0.101488546,-0.1533112,-0.1567721,-0.12378413,-0.15343378,-0.1410757,-0.13984437,-0.18093297,-0.15361229,-0.25777104,-0.12844054,-0.15350884,-0.13462572,-0.119081676,-0.15357962,-0.15687308,-0.15687494,-0.15687618,-0.19755594,-0.25103784,-0.20219928,-0.19465852,-0.24831252,-0.20506537,-0.22091979,-0.15359533,-0.12885463,-0.11956477,-0.1535902,-0.156869,-0.20931396,-0.18224281,-0.15357992,-0.32474133,-0.1536102,-0.15687913,-0.15687792,-0.1568775,-0.2185038,-0.15357885,-0.114121355,-0.1535826,-0.156862,-0.15686926,-0.22984435,-0.15360323,-0.1568488,-0.08963354,-0.1534901,-0.15682489,-0.15684415,-0.15684599,-0.13302092,-0.1051107,-0.14014931,-0.15141064,-0.15839578,-0.15615125,-0.14613561,-0.15359925,-0.12319561,-0.1292731,-0.15355906,-0.15687892,-0.15687841,-0.15687841,-0.15687898,-0.38518023,-0.11451449,-0.1535676,-0.15564899,-0.14443555,-0.16636807,-0.15360498,-0.15679206,-0.12993515,-0.047159404,-0.14701453,-0.14016809,-0.14106366,-0.15344548,-0.19987361,-0.1649412,-0.17166539,-0.15358062,-0.1568327,-0.12722544,-0.14610182,-0.2588673,-0.12904699,-0.15347044,-0.09132757,-0.12832497,-0.13684332,-0.16221203,-0.15659244,-0.12836653,-0.15332538,-0.15677485,-0.15682882,-0.15686579,-0.15740095,-0.19795567,-0.15106063,-0.07294749,-0.2039893,-0.15356827,-0.1568273,-0.104459345,-0.15314925,-0.17466888,-0.13176009,-0.15357667,-0.15109587,-0.10913184,-0.15339485,-0.05825615,-0.14326635,-0.17082691,-0.15350884,-0.18883844,-0.15361139,-0.31316653,-0.15360048,-0.16808087,-0.14331596,-0.15360294,-0.15687512,-0.25088155,-0.15361181,-0.22115314,-0.07562123,-0.086852394,-0.10702289,-0.060967896,-0.14619933,-0.16796505,-0.15746465,-0.22133875,-0.12812386,-0.0969081,-0.16398169,-0.12716047,-0.11335766,-0.18846886,-0.12926519,-0.17755464,-0.0994983,-0.115196005,-0.15351027,-0.11662802,-0.19749595,-0.14526704,-0.12781724,-0.096878245,-0.15351075,-0.15666032,-0.12434345,-0.11230643,-0.063823454,-0.15343308,-0.11419349,-0.10007019,-0.24483351,-0.1536124,-0.15686579,-0.16344379,-0.1759062,-0.12524253,-0.15359624,-0.0782174,-0.19187105,-0.18185812,-0.09859173,-0.11065883,-0.15323713,-0.15652123,-0.083404,-0.1213824,-0.13072303,-0.13855581,-0.19385117,-0.15357104,-0.15687169,-0.19487974,-0.23847799,-0.2432746,-0.12888733,-0.15338527,-0.15683989,-0.14520228,-0.2961179,-0.1536116,2.13014,-0.12915574,-0.15354055,-0.060104962,-0.15931924,-0.1536096,-0.2028091,-0.2868003,-0.11816878,-0.14795661,-0.10060286,-0.15343684,-0.13614628,-0.20725825,-0.17393659,-0.125103,-0.15657571,-0.15690626,-0.15360805,-0.15687437,-0.16221246,-0.22200036,-0.12934542,-0.2814266,-0.15361287,-0.1915083,-0.24371436,-0.16952515,-0.15351486,-0.13369927,-0.12557748,-0.15360457,-0.18106565,-0.15361258,-0.18642783,-0.1535491,-0.30462334,-0.15348849,-0.14691104,-0.13029914,-0.15359822,-0.15686071,-0.18915205,-0.129257,-0.15360379,-0.10481856,-0.1650517,-0.15360127,-0.15687661,-0.1568438,-0.12878653,-0.15349612,-0.15683877,-0.15682873,-0.15684152,-0.15685073,-0.16505513,-0.17392421,-0.15359625,-0.15686864,-0.15685737,-0.15686922,-0.2025511,-0.15354379,-0.14723541,-0.15248363,-0.11499533,-0.10471026,-0.11893196,-0.15360036,-0.15678966,-0.12921274,-0.19501048,-0.15360901,-0.18738703,-0.11705899,-0.17429145,-0.15359822,-0.06652963,-0.15332887,-0.10737923,-0.124497145,-0.15298569,-0.052188452,-0.26007295
k__Bacteria|p__Firmicutes|c__Clostridia|o__Eubacteriales|f__Oscillospiraceae|g__Ruminococcus|s__Ruminococcus_bicirculans,-0.1004395,-0.12316422,-0.15354408,-0.15681522,-0.1568155,-0.23867357,-0.1666669,-0.16813041,-0.10929718,-0.22895765,-0.23728925,-0.1535489,-0.22850217,-0.3768707,-0.08556121,-0.15314323,-0.058144663,-0.15301034,-0.15675294,-0.19931981,-0.1978925,-0.1290558,-0.15351343,-0.12711628,-0.20043859,-0.11658599,-0.182019,4.061184,-0.1509206,-0.15351847,-0.15142563,-0.10844302,-0.18249588,-0.28454733,-0.15353554,-0.12924923,-0.15354647,-0.22338755,-0.15354925,-0.29867563,-0.15354931,-0.29356226,-0.1285406,-0.15340117,-0.13691942,-0.15354373,-0.23188588,-0.24781659,-0.1296162,-0.12925541,-0.24679694,-0.18279888,-0.25087595,-0.26027086,-0.28621647,-0.27511892,-0.11894142,-0.15346201,-0.040142577,-0.056944285,-0.15282406,-0.11274739,-0.13743341,-0.12913746,-0.15352753,-0.15681078,-0.15681526,-0.15681592,-0.27573854,-0.15350941,-0.12913965,-0.16243835,-0.12334165,-0.14074792,-0.15351501,-0.15887658,-0.14481027,-0.12923339,-0.18691605,-0.14998752,-0.15353718,-0.156794,-0.15680528,-0.15673912,-0.120334074,-0.13700745,-0.08858878,-0.15353122,-0.19008024,-0.15354243,-0.2004665,-0.11139822,-0.1388583,-0.13027036,-0.1074974,-0.15152657,-0.15344584,-0.15650462,-0.10065024,-0.08152827,-0.09427856,-0.15349537,-0.11960925,-0.15027548,-0.16982608,-0.1185138,-0.15351224,-0.15680915,-0.17738779,-0.15176103,-0.15354529,-0.25953975,-0.17989698,-0.13525523,-0.15354249,-0.15095688,-0.17780018,-0.2009549,-0.15352196,-0.09015879,-0.15324846,-0.12151222,-0.121854745,-0.13997786,-0.21433522,-0.13908121,-0.16057305,-0.15347101,-0.07092635,-0.15291658,-0.15604371,-0.18733518,-0.1532886,-0.12912324,-0.12334781,-0.14100276,-0.15350203,-0.114095174,-0.25318068,-0.26654312,-0.12834725,-0.10945694,-0.1534931,-0.09238048,-0.20963459,-0.1535427,-0.1567315,-0.1286172,-0.15347159,-0.16015086,-0.1553517,-0.15354706,-0.19704957,-0.20616047,-0.12803712,-0.10460003,-0.11361031,-0.10256614,-0.15353966,-0.19495486,-0.15351555,-0.12853393,-0.15338682,-0.041086134,-0.12967405,-0.15354581,-0.2300741,-0.15352464,-0.10384405,-0.15213618,-0.0784167,-0.15340476,-0.12766197,-0.15342432,-0.121451,-0.075820275,-0.09192432,-0.101488546,-0.15328078,-0.15672125,-0.12378413,-0.15338996,-0.1410757,-0.13984437,-0.18093297,-0.15354827,-0.25777104,-0.12844054,-0.15345764,-0.13462572,-0.119081676,-0.1535191,-0.15681125,-0.15681289,-0.156814,-0.19755594,-0.25103784,-0.20219928,-0.19465852,-0.24831252,-0.20506537,-0.22091979,-0.1535334,-0.12882681,-0.11956477,-0.15352857,-0.15680763,-0.20931396,-0.18224281,-0.15351975,-0.32474133,-0.1535464,-0.1568166,-0.15681553,-0.15681517,-0.2185038,-0.15351902,-0.114121355,-0.15352218,-0.15680166,-0.15680787,-0.22984435,-0.15354016,-0.15679021,-0.08963354,-0.15344012,-0.15676823,-0.15678574,-0.156787,-0.13302092,-0.1051107,-0.14014931,-0.15141064,-0.15839578,-0.15615125,-0.14613561,-0.1535366,-0.12319561,-0.12920572,-0.15350147,-0.15681644,-0.15681598,-0.15681596,-0.15681648,-0.38518023,-0.11451449,-0.1535087,-0.15564899,-0.14443555,-0.16636807,-0.15354183,-0.15674073,-0.12993515,-0.047159404,-0.14775148,-0.14016809,-0.14106366,-0.15340069,-0.19987361,-0.1649412,-0.17166539,-0.15352014,-0.15677504,-0.12722544,-0.14610182,-0.2588673,-0.12900157,-0.15342206,-0.09132757,-0.12832497,-0.13684332,-0.16221203,-0.15659244,-0.12840223,-0.1532946,-0.15672402,-0.15677184,-0.15680474,-0.15740095,-0.19795567,-0.15106063,-0.07294749,-0.2039893,-0.15350941,-0.15677032,-0.104459345,-0.15315717,-0.17466888,-0.13176009,-0.15351643,-0.15109587,-0.10913184,-0.15335575,-0.05825615,-0.14326635,-0.17082691,-0.1534568,-0.18883844,-0.15354748,-0.31316653,-0.15353802,-0.16808087,-0.14331596,-0.15353996,-0.15681309,-0.25088155,-0.15354785,-0.22115314,-0.07562123,-0.086852394,-0.10702289,-0.060967896,-0.14703237,-0.16796505,2.7067847,-0.22133875,-0.12812386,-0.0969081,-0.16398169,-0.12716047,-0.11335766,-0.18846886,-0.12919834,-0.17755464,-0.0994983,-0.115196005,-0.15345788,-0.11662802,-0.19749595,-0.14526704,-0.12781724,-0.096878245,-0.15345767,-0.15662225,-0.12434345,-0.11230643,-0.063823454,-0.15338904,-0.11419349,-0.10007019,-0.24483351,-0.15354836,-0.15680495,-0.16344379,-0.1759062,-0.12524253,-0.15353397,-0.0782174,-0.19187105,-0.18185812,-0.09859173,-0.11065883,-0.15321434,-0.15649849,-0.083404,-0.1213824,-0.13072303,-0.13855581,-0.19385117,-0.15351193,-0.15681,-0.19487974,-0.23847799,-0.2432746,-0.12886141,-0.15334675,-0.15678191,-0.14520228,-0.2961179,-0.15354763,-0.19813283,-0.12910044,-0.15348488,-0.060104962,-0.15931924,-0.15354592,-0.2028091,-0.2868003,-0.11816878,-0.14795661,-0.10060286,-0.15339324,-0.13614628,-0.20725825,-0.17393659,-0.125103,-0.15657571,-0.15690626,-0.15354455,-0.15681237,-0.16221246,-0.22200036,-0.12927043,-0.2814266,-0.15354876,-0.1915083,-0.24371436,-0.16952515,-0.1534632,-0.13369927,-0.12557748,-0.15354148,-0.18106565,-0.15354852,-0.18642783,-0.15349312,-0.30462334,-0.1534393,-0.14691104,-0.13029914,-0.1535358,-0.15680024,-0.18915205,-0.12919097,-0.1535407,-0.10481856,-0.1650517,-0.15353858,-0.15681438,-0.15678579,-0.12876968,-0.15344489,-0.15678105,-0.15677205,-0.15678346,-0.1567914,-0.16505513,-0.17392421,-0.15353411,-0.15680729,-0.15679736,-0.15680781,-0.2025511,-0.15354379,-0.14723541,-0.15255788,-0.11499533,-0.10471026,-0.11893196,-0.15353769,-0.15673795,-0.12915058,-0.19501048,-0.15354541,-0.18738703,-0.11705899,-0.17429145,-0.15353587,-0.06652963,-0.15329532,-0.10737923,-0.124497145,-0.15298569,-0.052188452,-0.26007295
k__Bacteria|p__Firmicutes|c__Bacilli|o__Lactobacillales|f__Streptococcaceae|g__Streptococcus|s__Streptococcus_sanguinis,-0.1004395,-0.12316422,-0.15290877,-0.15620437,-0.15620464,0.94901973,-0.1666669,-0.16813041,-0.10929718,-0.22895765,-0.23728925,-0.15291327,-0.22850217,-0.3768707,-0.08556121,-0.15253967,-0.058144663,-0.15241696,-0.15614621,-0.19931981,-0.1978925,-0.12826139,-0.15288031,-0.12711628,-0.20043859,-0.11658599,-0.182019,-0.25032333,-0.1509206,-0.15288475,-0.15142563,-0.10844302,-0.18249588,-0.28454733,-0.15290086,-0.12843283,-0.15291104,-0.22338755,-0.15291362,-0.29867563,-0.15291367,-0.29356226,-0.1278075,-0.15277472,-0.13691942,-0.15290847,-0.23188588,-0.24781659,-0.1296162,-0.1284383,-0.24679694,-0.18279888,-0.25087595,-0.26027086,-0.28621647,-0.27511892,-0.11894142,-0.15283258,-0.040142577,-0.056944285,-0.15223384,-0.11274739,-0.13743341,-0.1283333,-0.15289322,-0.15620026,-0.15620443,-0.15620503,-0.27573854,-0.15287633,-0.12833455,-0.16243835,-0.12334165,-0.14074792,-0.15288174,-0.15887658,-0.14481027,-0.12841883,-0.18691605,-0.14998752,-0.1529024,-0.1561846,-0.15619504,-0.15613338,-0.120334074,-0.13700745,-0.08858878,-0.15289685,-0.19008024,-0.15290725,-0.2004665,-0.11139822,-0.1388583,-0.13027036,-0.1074974,-0.15152657,-0.15281759,-0.15592241,-0.10065024,-0.08152827,-0.09427856,-0.15286362,-0.11960925,-0.15027548,-0.16982608,-0.1185138,-0.15287894,-0.15619877,-0.17738779,-0.15176103,-0.1529099,2.3884587,-0.17989698,-0.13525523,-0.15290733,-0.15095688,-0.17780018,-0.2009549,-0.15288785,-0.09015879,-0.15263529,-0.12151222,-0.121854745,-0.13997786,-0.21433522,-0.13908121,-0.16057305,-0.15284108,-0.07092635,-0.15232635,-0.15547666,-0.18733518,-0.15266714,-0.12832358,-0.12334781,-0.14100276,-0.15286969,-0.114095174,-0.25318068,-0.26654312,-0.12764698,-0.10945694,-0.1528615,-0.09238048,-0.20963459,-0.15290754,-0.15612471,-0.12788424,-0.15284118,-0.16015086,-0.1553517,-0.15291157,-0.19704957,-0.20616047,-0.12736374,-0.10460003,-0.11361031,-0.10256614,-0.15290469,-0.19495486,-0.1528824,-0.12781323,-0.1527633,-0.041086134,-0.12967405,-0.15291035,-0.2300741,-0.15289058,-0.10384405,-0.15160404,-0.0784167,-0.15277903,-0.12766197,-0.15279758,-0.121451,-0.075820275,-0.09192432,-0.101488546,-0.15266481,-0.15611735,-0.12378413,-0.15276682,-0.1410757,-0.13984437,-0.18093297,-0.15291268,-0.25777104,-0.12844054,-0.1528283,-0.13462572,-0.119081676,-0.1528857,-0.15620068,-0.1562022,-0.15620323,-0.19755594,-0.25103784,-0.20219928,-0.19465852,-0.24831252,-0.20506537,-0.22091979,-0.1528987,-0.12806949,-0.11956477,-0.15289444,-0.15619731,-0.20931396,-0.18224281,-0.15288606,-0.32474133,-0.15291095,-0.15620568,-0.15620467,-0.15620433,-0.2185038,-0.15288517,-0.114121355,-0.15288815,-0.1561915,-0.15619752,-0.22984435,-0.1529052,-0.1561808,-0.08963354,-0.15281183,-0.15616092,-0.15617676,-0.15617833,-0.13302092,-0.1051107,-0.14014931,-0.15141064,-0.15839578,-0.15615125,-0.14613561,-0.15290192,-0.12319561,-0.1283931,-0.15286866,-0.1562055,-0.15620507,-0.15620509,-0.15620553,-0.38518023,-0.11451449,-0.15287577,-0.15564899,-0.14443555,-0.16636807,-0.15290664,-0.15613374,-0.12993515,-0.047159404,-0.14745018,-0.14016809,-0.14106366,-0.15277477,-0.19987361,-0.1649412,-0.17166539,-0.15288654,-0.15616733,-0.12722544,-0.14610182,-0.2588673,-0.12821864,-0.15279591,-0.09132757,-0.12832497,-0.13684332,-0.16221203,-0.15659244,-0.12769376,-0.15267621,-0.15611967,-0.15616411,-0.15619466,-0.15740095,-0.19795567,-0.15106063,-0.07294749,-0.2039893,-0.15287632,-0.15616295,-0.104459345,-0.1525634,-0.17466888,-0.13176009,-0.15288329,-0.15109587,-0.10913184,-0.15273404,-0.05825615,-0.14326635,-0.17082691,-0.15282719,-0.18883844,-0.15291196,-0.31316653,-0.15290293,-0.16808087,-0.14331596,-0.15290499,-0.15620236,-0.25088155,-0.15291229,-0.22115314,-0.07562123,-0.086852394,-0.10702289,-0.060967896,-0.14677992,-0.16796505,-0.15746465,-0.22133875,-0.12812386,-0.0969081,-0.16398169,-0.12716047,-0.11335766,-0.18846886,-0.12838747,-0.17755464,-0.0994983,-0.115196005,-0.15282843,-0.11662802,-0.19749595,-0.14526704,-0.12781724,-0.096878245,-0.15282896,-0.1560254,-0.12434345,-0.11230643,-0.063823454,-0.152765,-0.11419349,-0.10007019,-0.24483351,-0.15291278,-0.15619466,-0.16344379,-0.1759062,-0.12524253,-0.15289943,-0.0782174,-0.19187105,-0.18185812,-0.09859173,-0.11065883,-0.15260318,-0.15591031,-0.083404,-0.1213824,-0.13072303,-0.13855581,-0.19385117,-0.15287858,-0.15619951,-0.19487974,-0.23847799,-0.2432746,-0.12808435,-0.15272546,-0.15617323,-0.14520228,-0.2961179,-0.15291211,-0.19813283,-0.12830178,-0.1528535,-0.060104962,-0.15931924,-0.15291047,-0.2028091,-0.2868003,-0.11816878,-0.14795661,-0.10060286,-0.15276782,-0.13614628,-0.20725825,-0.17393659,-0.125103,-0.15657571,-0.15690626,-0.15290919,-0.15620174,-0.16221246,-0.22200036,-0.12845205,-0.2814266,-0.15291315,-0.1915083,-0.24371436,-0.16952515,-0.15283291,-0.13369927,-0.12557748,-0.1529063,-0.18106565,-0.15291294,-0.18642783,-0.15286064,-0.30462334,-0.1528103,-0.14691104,-0.13029914,-0.15290107,-0.15619045,-0.18915205,-0.12838061,-0.15290567,-0.10481856,-0.1650517,-0.15290359,-0.1562036,-0.1561766,-0.12801203,-0.15281686,-0.15617234,-0.15616405,-0.15617459,-0.15618226,-0.16505513,-0.17392421,-0.15289944,-0.15619701,-0.15618768,-0.15619749,0.73032635,-0.15354379,-0.14723541,-0.15197891,-0.11499533,-0.10471026,-0.11893196,-0.15290284,-0.15613177,-0.12834479,-0.19501048,-0.15290998,-0.18738703,-0.11705899,-0.17429145,-0.15290111,-0.06652963,-0.15267915,-0.10737923,-0.124497145,-0.15298569,-0.052188452,-0.26007295
k__Bacteria|p__Firmicutes|c__Bacilli|o__Bacillales|f__Bacillales_unclassified|g__Gemella|s__Gemella_SGB47116,-0.1004395,-0.12316422,-0.15211694,-0.15535334,-0.15535359,-0.23867357,-0.1666669,-0.16813041,-0.10929718,-0.22895765,-0.23728925,-0.1521212,-0.22850217,-0.3768707,-0.08556121,-0.15176305,-0.058144663,-0.15164316,-0.15529823,-0.19931981,-0.1978925,-0.12791216,-0.15208977,-0.12711628,-0.20043859,-0.11658599,-0.182019,-0.25032333,-0.1509206,-0.15209424,-0.15142563,-0.10844302,-0.18249588,-0.28454733,-0.15210946,-0.12808019,-0.15211907,-0.22338755,-0.15212154,-0.29867563,-0.15212157,-0.29356226,-0.12746225,-0.15199052,-0.13691942,-0.15211663,-0.23188588,-0.24781659,-0.1296162,-0.12808554,-0.24679694,-0.18279888,-0.25087595,-0.26027086,-0.28621647,-0.27511892,-0.11894142,-0.15204433,-0.040142577,-0.056944285,-0.15147802,-0.11274739,-0.13743341,-0.12798342,-0.15210229,-0.1553494,-0.15535338,-0.15535396,-0.27573854,-0.15208665,-0.12798469,-0.16243835,-0.12334165,-0.14074792,-0.15209112,-0.15887658,-0.14481027,-0.12806638,-0.18691605,-0.14998752,-0.15211084,-0.15533453,-0.15534455,-0.15528685,-0.120334074,-0.13700745,-0.08858878,-0.15210554,-0.19008024,-0.15211546,-0.2004665,-0.11139822,-0.1388583,-0.13027036,-0.1074974,-0.15152657,-0.15202975,-0.15508398,-0.10065024,-0.08152827,-0.09427856,-0.15207376,-0.11960925,-0.15027548,-0.16982608,-0.1185138,-0.15208879,-0.15534797,0.95030785,-0.15176103,-0.152118,-0.25953975,-0.17989698,-0.13525523,-0.15211552,-0.15095688,-0.17780018,-0.2009549,-0.15209764,-0.09015879,-0.15185472,-0.12151222,-0.121854745,-0.13997786,-0.21433522,-0.13908121,-0.16057305,-0.15205216,-0.07092635,-0.15156132,-0.15466979,-0.18733518,-0.15189153,-0.12797351,-0.12334781,-0.14100276,-0.15207964,-0.114095174,-0.25318068,-0.26654312,-0.1273033,-0.10945694,-0.15207171,-0.09238048,-0.20963459,-0.15211573,-0.15528,-0.12754072,-0.15205291,-0.16015086,0.86764455,-0.15211958,-0.19704957,-0.20616047,-0.12704295,-0.10460003,-0.11361031,-0.10256614,-0.15211299,-0.19495486,-0.15209186,-0.12747304,-0.15197748,-0.041086134,-0.12967405,-0.15211847,-0.2300741,-0.15209985,-0.10384405,-0.15087152,-0.0784167,-0.15199387,-0.12766197,-0.1520108,-0.121451,-0.075820275,-0.09192432,-0.101488546,-0.15188381,-0.15527004,-0.12378413,-0.15198292,-0.1410757,-0.13984437,-0.18093297,-0.15212065,-0.25777104,-0.12844054,-0.1520414,-0.13462572,-0.119081676,-0.15209478,-0.15534982,-0.15535128,-0.15535226,-0.19755594,-0.25103784,-0.20219928,-0.19465852,-0.24831252,-0.20506537,-0.22091979,-0.15210754,-0.12772205,-0.11956477,-0.15210319,-0.15534662,-0.20931396,-0.18224281,-0.15209568,-0.32474133,-0.15211898,-0.15535456,-0.15535362,-0.15535328,-0.2185038,-0.15209529,-0.114121355,-0.1520976,-0.15534134,-0.15534684,-0.22984435,-0.15211347,-0.155332,-0.08963354,-0.15202504,-0.15531163,-0.15532723,-0.15532827,-0.13302092,-0.1051107,-0.14014931,-0.15141064,-0.15839578,-0.15615125,-0.14613561,-0.15211028,-0.12319561,-0.1280422,-0.15207915,-0.15535441,-0.155354,-0.15535401,-0.15535444,-0.38518023,-0.11451449,-0.15208553,-0.15564899,-0.14443555,-0.16636807,-0.15211496,-0.1552876,-0.12993515,-0.047159404,-0.14698152,-0.14016809,-0.14106366,-0.15198965,-0.19987361,-0.1649412,-0.17166539,-0.15209566,-0.15531766,-0.12722544,-0.14610182,-0.2588673,-0.12786716,-0.15200892,-0.09132757,-0.12832497,-0.13684332,-0.16221203,-0.15659244,-0.12735486,-0.1518968,-0.15527256,-0.15531486,-0.15534407,-0.15740095,-0.19795567,-0.15106063,-0.07294749,-0.2039893,-0.15208623,-0.15531355,-0.104459345,-0.15178841,-0.17466888,-0.13176009,-0.15209235,-0.15109587,-0.10913184,-0.1519506,-0.05825615,-0.14326635,-0.17082691,-0.15203953,-0.18883844,-0.15211996,-0.31316653,-0.15211159,-0.16808087,-0.14331596,-0.15211329,-0.15535146,-0.25088155,-0.15212029,-0.22115314,-0.07562123,-0.086852394,-0.10702289,-0.060967896,-0.146343,-0.16796505,-0.15746465,-0.22133875,-0.12812386,-0.0969081,-0.16398169,-0.12716047,-0.11335766,-0.18846886,-0.12803595,-0.17755464,-0.0994983,-0.115196005,-0.15204051,-0.11662802,-0.19749595,-0.14526704,-0.12781724,-0.096878245,-0.15204032,-0.15518238,-0.12434345,-0.11230643,-0.063823454,-0.15197983,-0.11419349,-0.10007019,-0.24483351,-0.15212074,-0.15534434,-0.16344379,-0.1759062,-0.12524253,-0.15210795,-0.0782174,-0.19187105,-0.18185812,-0.09859173,-0.11065883,-0.15182437,-0.15507248,-0.083404,-0.1213824,-0.13072303,-0.13855581,-0.19385117,-0.15208848,-0.15534872,-0.19487974,-0.23847799,-0.2432746,-0.12774432,-0.15194207,-0.15532382,-0.14520228,-0.2961179,-0.1521201,-0.19813283,-0.12795222,-0.15206453,-0.060104962,-0.15931924,-0.15211856,-0.2028091,-0.2868003,-0.11816878,-0.14795661,-0.10060286,-0.15198334,-0.13614628,-0.20725825,-0.17393659,-0.125103,-0.15657571,-0.15690626,-0.15211734,-0.15535082,-0.16221246,-0.22200036,-0.12809876,2.917341,-0.1521211,-0.1915083,-0.24371436,-0.16952515,-0.15204644,-0.13369927,-0.12557748,-0.15211461,-0.18106565,-0.15212087,-0.18642783,-0.15207222,-0.30462334,-0.152024,-0.14691104,-0.13029914,-0.1521096,-0.15534005,-0.18915205,-0.12802918,-0.15211394,-0.10481856,-0.1650517,-0.15211207,-0.15535259,-0.15532757,-0.12767002,-0.15202896,-0.15532309,-0.1553151,-0.15532522,-0.15533233,-0.16505513,-0.17392421,-0.15210813,-0.1553463,-0.1553375,-0.15534675,1.0458987,-0.15354379,-0.14723541,-0.15124267,-0.11499533,-0.10471026,-0.11893196,-0.15211126,-0.15528561,-0.12799375,-0.19501048,-0.15211812,-0.18738703,-0.11705899,-0.17429145,-0.15210986,-0.06652963,-0.15189686,-0.10737923,-0.124497145,-0.15298569,-0.052188452,-0.26007295
k__Bacteria|p__Firmicutes|c__CFGB75916|o__OFGB75916|f__FGB75916|g__GGB2993|s__GGB2993_SGB3978,-0.1004395,-0.12316422,-0.15353088,-0.1568773,-0.15687767,-0.23867357,-0.1666669,-0.16813041,-0.10929718,-0.22895765,1.3669834,-0.15353738,2.1565905,1.8880682,-0.08556121,-0.15300182,-0.058144663,-0.15281782,-0.1567935,-0.19931981,-0.1978925,-0.12842727,-0.15348953,-0.12711628,-0.20043859,-0.11658599,-0.182019,-0.25032333,-0.1509206,-0.15349594,-0.15142563,-0.10844302,-0.18249588,-0.28454733,-0.15351883,-0.12867819,-0.15353413,-0.22338755,-0.15353787,-0.29867563,-0.15353796,-0.29356226,-0.1277517,-0.15333694,-0.13691942,-0.1535304,-0.23188588,-0.24781659,-0.1296162,-0.12868617,-0.24679694,-0.18279888,-0.25087595,-0.26027086,-0.28621647,-0.27511892,-0.11894142,-0.15342094,-0.040142577,-0.056944285,-0.15255857,-0.11274739,-0.13743341,-0.1285335,-0.15350851,-0.15687132,-0.15687737,-0.15687823,-0.27573854,-0.15348402,-0.12853447,-0.16243835,-0.12334165,-0.14074792,-0.15349172,-0.15887658,-0.14481027,-0.12865698,-0.18691605,-0.14998752,-0.15352167,-0.15684873,-0.1568639,-0.15677117,-0.120334074,-0.13700745,-0.08858878,-0.15351363,-0.19008024,-0.15352866,-0.2004665,-0.11139822,-0.1388583,-0.13027036,-0.1074974,-0.15152657,-0.15339887,-0.15646265,-0.10065024,-0.08152827,-0.09427856,-0.15346533,-0.11960925,-0.15027548,-0.16982608,-0.1185138,-0.15348779,-0.15686914,-0.17738779,-0.15176103,-0.1535325,-0.25953975,-0.17989698,-0.13525523,-0.15352874,-0.15095688,-0.17780018,-0.2009549,-0.15350002,-0.09015879,-0.1531348,-0.12151222,-0.121854745,-0.13997786,-0.21433522,-0.13908121,-0.16057305,-0.15343276,-0.07092635,-0.15269104,-0.15583324,-0.18733518,-0.1531834,-0.12851927,-0.12334781,-0.14100276,-0.15347432,-0.114095174,-0.25318068,-0.26654312,-0.12755191,-0.10945694,-0.15346235,-0.09238048,-0.20963459,-0.15352906,-0.15675974,-0.12788461,-0.15343356,-0.16015086,-0.1553517,-0.15353492,-0.19704957,-0.20616047,-0.12715127,-0.10460003,-0.11361031,-0.10256614,-0.15352492,-0.19495486,-0.15349114,-0.12778717,-0.1533199,-0.041086134,-0.12967405,-0.15353319,-0.2300741,-0.153503,-0.10384405,-0.15166134,-0.0784167,-0.15334445,-0.12766197,-0.15337017,-0.121451,-0.075820275,-0.09192432,-0.101488546,-0.15317863,-0.1567513,-0.12378413,-0.15332282,-0.1410757,-0.13984437,-0.18093297,-0.15353653,-0.25777104,-0.12844054,-0.1534122,-0.13462572,-0.119081676,-0.15349743,-0.15687197,-0.15687416,-0.15687567,-0.19755594,-0.25103784,-0.20219928,-0.19465852,-0.24831252,-0.20506537,-0.22091979,-0.15351605,-0.12814933,-0.11956477,-0.15351,-0.15686706,-0.20931396,-0.18224281,-0.15349764,-0.32474133,-0.15353401,-0.15687917,-0.15687773,-0.15687722,-0.2185038,-0.15349686,-0.114121355,-0.15350133,-0.15685888,-0.15686736,-0.22984435,-0.15352568,-0.15684384,-0.08963354,-0.15339139,-0.15681428,-0.15683752,-0.15683943,-0.13302092,-0.1051107,-0.14014931,-0.15141064,-0.15839578,-0.15615125,-0.14613561,-0.15352085,-0.12319561,-0.12862001,-0.15347323,-0.15687893,-0.15687831,-0.15687832,-0.15687898,-0.38518023,-0.11451449,-0.15348315,-0.15564899,-0.14443555,-0.16636807,-0.15352783,-0.15677446,-0.12993515,-0.047159404,-0.14569479,-0.14016809,-0.14106366,-0.15333748,-0.19987361,-0.1649412,-0.17166539,-0.15349863,-0.1568234,-0.12722544,-0.14610182,-0.2588673,-0.12836754,-0.15336767,-0.09132757,-0.12832497,-0.13684332,-0.16221203,-0.15659244,-0.1276353,-0.15319712,-0.15675487,-0.15681893,-0.1568632,-0.15740095,-0.19795567,-0.15106063,-0.07294749,-0.2039893,-0.15348409,-0.15681729,-0.104459345,-0.15305918,-0.17466888,-0.13176009,-0.15349375,-0.15109587,-0.10913184,-0.15327972,-0.05825615,-0.14326635,-0.17082691,-0.15341318,-0.18883844,-0.15353549,-0.31316653,-0.15352252,-0.16808087,-0.14331596,-0.15352532,-0.15687439,-0.25088155,-0.15353599,-0.22115314,-0.07562123,-0.086852394,-0.10702289,-0.060967896,-0.1447246,-0.16796505,-0.15746465,-0.22133875,-0.12812386,-0.0969081,-0.16398169,-0.12716047,-0.11335766,-0.18846886,-0.12861122,-0.17755464,-0.0994983,-0.115196005,-0.15341479,-0.11662802,-0.19749595,-0.14526704,-0.12781724,-0.096878245,-0.15341514,-0.1566185,-0.12434345,-0.11230643,-0.063823454,-0.15332362,-0.11419349,-0.10007019,-0.24483351,-0.15353668,-0.15686259,-0.16344379,-0.1759062,-0.12524253,-0.15351728,-0.0782174,-0.19187105,-0.18185812,-0.09859173,-0.11065883,-0.15308863,-0.156452,-0.083404,-0.1213824,-0.13072303,-0.13855581,-0.19385117,-0.15348741,-0.15687025,-0.19487974,-0.23847799,-0.2432746,-0.12817824,-0.15326607,-0.15683232,-0.14520228,-0.2961179,-0.15353571,-0.19813283,-0.12848738,-0.1534512,-0.060104962,-0.15931924,-0.15353334,-0.2028091,-0.2868003,-0.11816878,-0.14795661,-0.10060286,-0.1533274,-0.13614628,-0.20725825,-0.17393659,-0.125103,-0.15657571,-0.15690626,-0.15353149,-0.15687346,-0.16221246,-0.22200036,-0.12870622,-0.2814266,-0.15353721,-0.1915083,-0.24371436,-0.16952515,-0.15341803,-0.13369927,-0.12557748,-0.15352732,-0.18106565,-0.15353689,-0.18642783,-0.1534603,-0.30462334,-0.15338925,-0.14691104,-0.13029914,-0.15351972,-0.15685715,-0.18915205,-0.12860061,-0.1535263,-0.10481856,-0.1650517,-0.15352342,-0.15687615,-0.1568354,-0.12807843,-0.15339771,-0.15683118,-0.1568192,-0.15683445,-0.15684542,-0.16505513,-0.17392421,-0.15351745,-0.15686661,-0.1568532,-0.1568673,-0.2025511,-0.15354379,-0.14723541,-0.1521959,-0.11499533,-0.10471026,-0.11893196,-0.15352228,-0.15676954,-0.12854937,-0.19501048,-0.15353265,-0.18738703,-0.11705899,-0.17429145,-0.15351847,-0.06652963,-0.15319893,-0.10737923,-0.124497145,-0.15298569,-0.052188452,-0.26007295
k__Bacteria|p__Firmicutes|c__Tissierellia|o__Tissierellia_unclassified|f__Tissierellia_unclassified|g__Ezakiella|s__Ezakiella_coagulans,-0.1004395,-0.12316422,-0.15382153,-0.1570396,-0.15703993,-0.23867357,-0.1666669,-0.16813041,-0.10929718,-0.22895765,0.8680339,-0.15382671,1.5476656,2.2785172,-0.08556121,-0.1533833,-0.058144663,-0.15322483,-0.15697223,-0.19931981,-0.1978925,-0.12970795,-0.15378782,-0.12711628,-0.20043859,-0.11658599,-0.182019,-0.25032333,-0.1509206,-0.1537941,-0.15142563,-0.10844302,-0.18249588,-0.28454733,-0.1538128,-0.12991966,-0.15382405,-0.22338755,-0.1538271,-0.29867563,-0.15382718,-0.29356226,-0.12914336,-0.15366963,-0.13691942,-0.15382099,-0.23188588,-0.24781659,-0.1296162,-0.12992686,-0.24679694,-0.18279888,-0.25087595,-0.26027086,-0.28621647,-0.27511892,-0.11894142,-0.15373161,-0.040142577,-0.056944285,-0.15304773,-0.11274739,-0.13743341,-0.12979943,-0.15380394,-0.15703472,-0.15703972,-0.15704039,-0.27573854,-0.15378568,-0.12980163,-0.16243835,-0.12334165,-0.14074792,-0.15378954,-0.15887658,-0.14481027,-0.12990215,-0.18691605,-0.14998752,-0.15381388,-0.15701649,-0.15702908,-0.15696318,-0.120334074,-0.13700745,-0.08858878,-0.15380728,-0.19008024,-0.1538196,-0.2004665,-0.11139822,-0.1388583,-0.13027036,-0.1074974,-0.15152657,-0.15371326,-0.15672499,-0.10065024,-0.08152827,-0.09427856,-0.1537677,-0.11960925,-0.15027548,-0.16982608,-0.1185138,-0.15378745,-0.157033,-0.17738779,-0.15176103,-0.15382281,-0.25953975,-0.17989698,-0.13525523,-0.15381965,-0.15095688,-0.17780018,-0.2009549,-0.15379992,-0.09015879,-0.15349379,-0.12151222,-0.121854745,-0.13997786,-0.21433522,-0.13908121,-0.16057305,-0.15374073,-0.07092635,-0.15313797,-0.15622893,-0.18733518,-0.1535601,-0.129786,-0.12334781,-0.14100276,-0.15377524,-0.114095174,-0.25318068,-0.26654312,-0.12894572,-0.10945694,-0.15376514,-0.09238048,-0.20963459,-0.15381989,-0.15695591,-0.12924847,-0.15374333,-0.16015086,-0.1553517,-0.15382472,-0.19704957,-0.20616047,-0.12861979,-0.10460003,-0.11361031,-0.10256614,-0.1538164,-0.19495486,-0.15379146,-0.1291596,-0.15364774,-0.041086134,-0.12967405,-0.1538235,-0.2300741,-0.15380132,-0.10384405,-0.15228704,-0.0784167,-0.15367015,-0.12766197,-0.15369001,-0.121451,-0.075820275,-0.09192432,-0.101488546,-0.15353245,-0.15693572,-0.12378413,-0.1536667,-0.1410757,-0.13984437,-0.18093297,-0.153826,-0.25777104,-0.12844054,-0.15373123,-0.13462572,-0.119081676,-0.15379348,-0.15703529,-0.15703708,-0.1570383,-0.19755594,-0.25103784,-0.20219928,-0.19465852,-0.24831252,-0.20506537,-0.22091979,-0.15381053,-0.12947485,-0.11956477,-0.15380421,-0.15703142,-0.20931396,-0.18224281,-0.15379652,-0.32474133,-0.15382391,-0.15704113,-0.15703996,-0.15703954,-0.2185038,-0.15379599,-0.114121355,-0.15379834,-0.15702564,-0.15703167,-0.22984435,-0.153817,-0.15701458,-0.08963354,-0.15370882,-0.15698723,-0.157008,-0.15700805,-0.13302092,-0.1051107,-0.14014931,-0.15141064,-0.15839578,-0.15615125,-0.14613561,-0.15381292,-0.12319561,-0.12987301,-0.15377635,-0.15704094,-0.15704046,-0.15704045,-0.15704098,-0.38518023,-0.11451449,-0.15378296,-0.15564899,-0.14443555,-0.16636807,-0.15381916,-0.15696332,-0.12993515,-0.047159404,-0.14770867,-0.14016809,-0.14106366,-0.1536659,-0.19987361,-0.1649412,-0.17166539,-0.15379505,-0.1569944,-0.12722544,-0.14610182,-0.2588673,-0.12965105,-0.15368712,-0.09132757,-0.12832497,-0.13684332,-0.16221203,-0.15659244,-0.12901545,-0.15355253,-0.15693957,-0.15699178,-0.15702811,-0.15740095,-0.19795567,-0.15106063,-0.07294749,-0.2039893,-0.15378433,-0.1569893,-0.104459345,-0.15343848,-0.17466888,-0.13176009,-0.15379032,-0.15109587,-0.10913184,-0.15361646,-0.05825615,-0.14326635,-0.17082691,-0.15372702,-0.18883844,-0.15382522,-0.31316653,-0.1538156,-0.16808087,-0.14331596,-0.15381692,-0.1570374,-0.25088155,-0.15382561,-0.22115314,-0.07562123,-0.086852394,-0.10702289,-0.060967896,-0.14691615,-0.16796505,-0.15746465,-0.22133875,-0.12812386,-0.0969081,-0.16398169,-0.12716047,-0.11335766,-0.18846886,-0.12986451,-0.17755464,-0.0994983,-0.115196005,-0.1537277,-0.11662802,-0.19749595,-0.14526704,-0.12781724,-0.096878245,-0.15372503,-0.1568276,-0.12434345,-0.11230643,-0.063823454,-0.15365168,-0.11419349,-0.10007019,-0.24483351,-0.15382612,-0.15702933,-0.16344379,-0.1759062,-0.12524253,-0.15381019,-0.0782174,-0.19187105,-0.18185812,-0.09859173,-0.11065883,-0.15345767,-0.15669215,-0.083404,-0.1213824,-0.13072303,-0.13855581,-0.19385117,-0.15378723,-0.1570339,-0.19487974,-0.23847799,-0.2432746,-0.12949939,-0.1536054,-0.1570037,-0.14520228,-0.2961179,-0.15382533,-0.19813283,-0.12975891,-0.15375769,-0.060104962,-0.15931924,-0.15382354,-0.2028091,-0.2868003,-0.11816878,-0.14795661,-0.10060286,-0.15365897,-0.13614628,-0.20725825,-0.17393659,-0.125103,-0.15657571,-0.15690626,-0.15382202,-0.1570365,-0.16221246,-0.22200036,-0.12994337,-0.2814266,-0.1538266,-0.1915083,-0.24371436,-0.16952515,-0.15373957,-0.13369927,-0.12557748,-0.15381871,-0.18106565,-0.1538263,-0.18642783,-0.1537698,-0.30462334,-0.15370987,-0.14691104,-0.13029914,-0.15381244,-0.15702309,-0.18915205,-0.1298552,-0.1538177,-0.10481856,-0.1650517,-0.15381573,-0.15703873,-0.15701,-0.12940478,-0.15371197,-0.15700321,-0.15699282,-0.15700564,-0.15701355,-0.16505513,-0.17392421,-0.15381084,-0.15703085,-0.15702024,-0.15703142,-0.2025511,-0.15354379,-0.14723541,-0.15278155,-0.11499533,-0.10471026,-0.11893196,-0.15381452,-0.15696089,-0.12980947,-0.19501048,-0.15382305,-0.18738703,-0.11705899,-0.17429145,-0.15381351,-0.06652963,-0.15354729,-0.10737923,-0.124497145,-0.15298569,-0.052188452,-0.26007295
k__Bacteria|p__Firmicutes|c__Tissierellia|o__Tissierellales|f__Peptoniphilaceae|g__Peptoniphilus|s__Peptoniphilus_lacrimalis,-0.1004395,-0.12316422,-0.15409318,-0.15742618,-0.15742645,-0.23867357,-0.1666669,-0.16813041,-0.10929718,-0.22895765,-0.23728925,-0.15409824,-0.22850217,-0.3768707,-0.08556121,-0.15368259,-0.058144663,-0.15353718,-0.15736079,-0.19931981,-0.1978925,-0.12915206,-0.15406108,-0.12711628,-0.20043859,-0.11658599,-0.182019,-0.25032333,-0.1509206,-0.15406623,-0.15142563,-0.10844302,-0.18249588,-0.28454733,-0.15408456,-0.12934,-0.15409571,-0.22338755,-0.15409863,-0.29867563,-0.15409869,-0.29356226,-0.12865064,-0.15394309,-0.13691942,-0.15409282,-0.23188588,-0.24781659,-0.1296162,-0.12934612,-0.24679694,-0.18279888,-0.25087595,-0.26027086,-0.28621647,0.67983127,-0.11894142,-0.15400736,-0.040142577,-0.056944285,-0.15333363,-0.11274739,-0.13743341,-0.12923159,-0.15407574,-0.1574215,-0.15742621,-0.1574269,-0.27573854,-0.15405789,-0.12923166,-0.16243835,-0.12334165,-0.14074792,-0.15406263,-0.15887658,-0.14481027,-0.12932472,-0.18691605,-0.14998752,-0.15408593,-0.15740383,-0.15741572,-0.15734975,-0.120334074,-0.13700745,-0.08858878,-0.1540797,-0.19008024,-0.15409145,-0.2004665,-0.11139822,-0.1388583,-0.13027036,-0.1074974,-0.15152657,-0.15399018,-0.15713274,-0.10065024,-0.08152827,-0.09427856,-0.15404218,-0.11960925,-0.15027548,-0.16982608,-0.1185138,-0.15405968,-0.15741983,-0.17738779,-0.15176103,-0.15409443,-0.25953975,-0.17989698,-0.13525523,-0.15409154,-0.15095688,-0.17780018,-0.2009549,-0.15407068,-0.09015879,-0.1537842,-0.12151222,-0.121854745,-0.13997786,-0.21433522,-0.13908121,-0.16057305,-0.15401676,-0.07092635,-0.15343942,-0.15661123,-0.18733518,-0.15382552,-0.12922388,-0.12334781,-0.14100276,-0.15404902,-0.114095174,-0.25318068,-0.26654312,-0.12849066,-0.10945694,-0.15403974,-0.09238048,-0.20963459,-0.15409172,-0.15733892,-0.12874943,-0.15401742,-0.16015086,-0.1553517,-0.15409632,-0.19704957,-0.20616047,-0.12817425,-0.10460003,-0.11361031,-0.10256614,-0.15408853,-0.19495486,-0.15406415,-0.12867452,-0.1539292,-0.041086134,-0.12967405,-0.154095,-0.2300741,-0.15407318,-0.10384405,-0.15263596,-0.0784167,-0.15394753,-0.12766197,-0.15396777,-0.121451,-0.075820275,-0.09192432,-0.101488546,-0.15381862,-0.15732789,-0.12378413,-0.15394285,-0.1410757,-0.13984437,-0.18093297,-0.15409756,-0.25777104,-0.12844054,-0.15400504,-0.13462572,-0.119081676,-0.15406704,-0.15742204,-0.15742373,-0.1574249,-0.19755594,-0.25103784,-0.20219928,-0.19465852,-0.24831252,-0.20506537,-0.22091979,-0.15408203,-0.12895161,-0.11956477,-0.15407693,-0.15741819,-0.20931396,-0.18224281,-0.15406817,-0.32474133,-0.15409562,-0.15742761,-0.1574265,-0.15742612,-0.2185038,-0.15406743,-0.114121355,-0.15407006,-0.15741181,-0.15741843,-0.22984435,-0.1540891,-0.15740052,-0.08963354,-0.15398428,-0.15737692,-0.1573951,-0.15739661,-0.13302092,-0.1051107,-0.14014931,-0.15141064,-0.15839578,-0.15615125,-0.14613561,-0.15408537,-0.12319561,-0.12929605,-0.15404813,-0.15742743,-0.15742695,-0.15742695,-0.15742749,-0.38518023,-0.11451449,-0.15405595,-0.15564899,-0.14443555,-0.16636807,-0.15409079,-0.15734783,-0.12993515,-0.047159404,-0.14797436,-0.14016809,-0.14106366,-0.15394205,-0.19987361,-0.1649412,-0.17166539,-0.15406802,-0.1573841,-0.12722544,-0.14610182,-0.2588673,-0.12910956,-0.1539661,-0.09132757,-0.12832497,-0.13684332,-0.16221203,-0.15659244,-0.12854025,-0.15383264,-0.15733063,-0.1573807,-0.1574152,-0.15740095,-0.19795567,-0.15106063,-0.07294749,-0.2039893,-0.15405668,-0.15737927,-0.104459345,-0.1537437,-0.17466888,-0.13176009,-0.15406422,-0.15109587,-0.10913184,-0.15389745,-0.05825615,-0.14326635,-0.17082691,-0.15400127,-0.18883844,-0.15409675,-0.31316653,-0.15408672,-0.16808087,-0.14331596,-0.15408887,-0.15742391,-0.25088155,-0.15409715,-0.22115314,-0.07562123,-0.086852394,-0.10702289,-0.060967896,-0.14721441,-0.16796505,-0.15746465,-0.22133875,-0.12812386,-0.0969081,-0.16398169,-0.12716047,-0.11335766,-0.18846886,-0.12929013,-0.17755464,-0.0994983,-0.115196005,-0.15400267,-0.11662802,-0.19749595,-0.14526704,-0.12781724,-0.096878245,-0.15400288,-0.15722446,-0.12434345,-0.11230643,-0.063823454,-0.15393162,-0.11419349,-0.10007019,-0.24483351,-0.15409768,-0.15741554,-0.16344379,-0.1759062,-0.12524253,-0.15408257,-0.0782174,-0.19187105,-0.18185812,-0.09859173,-0.11065883,-0.15374821,-0.15709472,-0.083404,-0.1213824,-0.13072303,-0.13855581,-0.19385117,-0.15405926,-0.1574207,-0.19487974,-0.23847799,-0.2432746,-0.12895304,-0.15388659,-0.1573911,-0.14520228,-0.2961179,-0.15409692,-0.19813283,-0.12919804,-0.15403113,-0.060104962,-0.15931924,-0.15409508,-0.2028091,-0.2868003,-0.11816878,-0.14795661,-0.10060286,-0.1539348,-0.13614628,-0.20725825,-0.17393659,-0.125103,-0.15657571,-0.15690626,-0.15409368,-0.15742317,-0.16221246,-0.22200036,-0.12936153,-0.2814266,-0.15409812,-0.1915083,-0.24371436,-0.16952515,-0.15401082,-0.13369927,-0.12557748,-0.15409042,-0.18106565,-0.15409786,-0.18642783,-0.15404026,-0.30462334,-0.15398255,-0.14691104,-0.13029914,-0.15408447,-0.15741043,-0.18915205,-0.12928225,-0.15408967,-0.10481856,-0.1650517,-0.15408738,-0.15742528,-0.1573959,-0.12888373,-0.15398943,-0.1573902,-0.15738079,-0.1573927,-0.1574013,-0.16505513,-0.17392421,-0.15408272,-0.15741783,-0.15740734,-0.15741837,-0.2025511,-0.15354379,-0.14723541,-0.15305054,-0.11499533,-0.10471026,-0.11893196,-0.15408647,-0.15734662,-0.12924221,-0.19501048,-0.15409456,-0.18738703,-0.11705899,-0.17429145,-0.15408505,-0.06652963,-0.15383515,-0.10737923,-0.124497145,-0.15298569,-0.052188452,-0.26007295
k__Bacteria|p__Firmicutes|c__Clostridia|o__Eubacteriales|f__Lachnospiraceae|g__Mediterraneibacter|s__Ruminococcus_lactaris,-0.1004395,-0.12316422,-0.15360698,-0.15687817,-0.15687841,-0.23867357,-0.1666669,-0.16813041,-0.10929718,-0.22895765,-0.23728925,-0.15361124,-0.22850217,-0.3768707,-0.08556121,-0.15325496,-0.058144663,-0.153135,-0.1568231,-0.19931981,-0.1978925,-0.12914908,-0.15357986,1.9458574,-0.20043859,-0.11658599,-0.182019,-0.25032333,-0.1509206,-0.15358436,-0.15142563,-0.10844302,-0.18249588,-0.28454733,-0.15359965,-0.12931202,-0.1536091,-0.22338755,-0.15361157,-0.29867563,-0.15361162,-0.29356226,-0.12872027,-0.15348093,-0.13691942,-0.15360667,-0.23188588,-0.24781659,-0.1296162,-0.12931728,-0.24679694,-0.18279888,-0.25087595,-0.26027086,-0.28621647,-0.27511892,-0.11894142,-0.1535345,-0.040142577,-0.056944285,-0.15297012,-0.11274739,-0.13743341,-0.1292179,-0.15359236,-0.15687424,-0.15687822,-0.1568788,-0.27573854,-0.15357697,-0.12921914,-0.16243835,-0.12334165,-0.14074792,-0.15358126,-0.15887658,-0.14481027,-0.12929848,-0.18691605,-0.14998752,-0.15360087,-0.1568594,-0.15686938,-0.15681252,-0.120334074,-0.13700745,-0.08858878,-0.1535956,-0.19008024,-0.15360552,-0.2004665,-0.11139822,-0.1388583,-0.13027036,-0.1074974,-0.15152657,-0.1535201,-0.15661821,-0.10065024,-0.08152827,-0.09427856,-0.15356392,-0.11960925,-0.15027548,-0.16982608,-0.1185138,-0.15357885,-0.15687282,-0.17738779,-0.15176103,-0.15360805,-0.25953975,-0.17989698,-0.13525523,-0.15360558,-0.15095688,-0.17780018,-0.2009549,-0.15358794,-0.09015879,-0.15334561,-0.12151222,-0.121854745,-0.13997786,-0.21433522,-0.13908121,-0.16057305,-0.1535424,-0.07092635,-0.1530538,-0.1561971,-0.18733518,-0.15338305,-0.12920901,-0.12334781,-0.14100276,-0.15356974,-0.114095174,-0.25318068,-0.26654312,-0.1285743,-0.10945694,-0.15356189,-0.09238048,-0.20963459,-0.15360576,-0.15680549,-0.12880187,-0.15354301,-0.16015086,-0.1553517,-0.15360963,-0.19704957,-0.20616047,-0.12831512,-0.10460003,-0.11361031,-0.10256614,-0.15360305,-0.19495486,-0.15358225,-0.12873995,-0.15346807,-0.041086134,-0.12967405,-0.15360853,-0.2300741,-0.15359005,-0.10384405,-0.15236536,-0.0784167,-0.15348393,-0.12766197,-0.15350115,-0.121451,-0.075820275,-0.09192432,-0.101488546,-0.15337458,-0.15679508,-0.12378413,-0.15347517,-0.1410757,-0.13984437,-0.18093297,-0.15361068,-0.25777104,-0.12844054,-0.1535323,-0.13462572,-0.119081676,-0.15358485,-0.15687466,-0.1568761,-0.15687709,-0.19755594,-0.25103784,-0.20219928,-0.19465852,-0.24831252,-0.20506537,-0.22091979,-0.15359762,-0.12897494,-0.11956477,-0.15359327,-0.15687147,-0.20931396,-0.18224281,-0.15358591,-0.32474133,-0.15360901,-0.1568794,-0.15687844,-0.15687811,-0.2185038,-0.1535851,-0.114121355,-0.15358762,-0.15686621,-0.15687166,-0.22984435,-0.15360352,-0.15685645,-0.08963354,-0.1535151,-0.15683654,-0.15685213,-0.15685317,-0.13302092,-0.1051107,-0.14014931,-0.15141064,-0.15839578,-0.15615125,-0.14613561,-0.15360034,-0.12319561,-0.12927468,-0.15356931,-0.15687925,-0.15687883,-0.15687883,-0.15687928,-0.38518023,-0.11451449,-0.15357566,-0.15564899,-0.14443555,-0.16636807,-0.15360498,-0.15681274,-0.12993515,-0.047159404,-0.14848894,-0.14016809,-0.14106366,-0.15348008,-0.19987361,-0.1649412,-0.17166539,-0.15358578,-0.15684257,-0.12722544,-0.14610182,-0.2588673,-0.12910898,-0.15349936,-0.09132757,-0.12832497,-0.13684332,-0.16221203,-0.15659244,-0.12862845,-0.15338695,-0.15679756,-0.15683979,-0.1568689,-0.15740095,-0.19795567,-0.15106063,-0.07294749,-0.2039893,-0.15357637,-0.15683845,-0.104459345,-0.15330154,-0.17466888,-0.13176009,-0.15358247,-0.15109587,-0.10913184,-0.15344119,-0.05825615,-0.14326635,-0.17082691,-0.1535298,2.7778716,-0.15361,-0.31316653,-0.15360165,-0.16808087,-0.14331596,-0.15360335,-0.1568763,-0.25088155,-0.15361032,-0.22115314,-0.07562123,-0.086852394,-0.10702289,-0.060967896,-0.14785188,-0.16796505,-0.15746465,-0.22133875,-0.12812386,-0.0969081,-0.16398169,-0.12716047,-0.11335766,-0.18846886,-0.12926911,-0.17755464,-0.0994983,-0.115196005,-0.15353078,-0.11662802,-0.19749595,-0.14526704,-0.12781724,-0.096878245,-0.15353051,-0.15670773,-0.12434345,-0.11230643,-0.063823454,-0.15347011,-0.11419349,-0.10007019,-0.24483351,-0.15361077,-0.1568692,-0.16344379,-0.1759062,-0.12524253,-0.15359803,-0.0782174,-0.19187105,-0.18185812,-0.09859173,-0.11065883,-0.1533156,-0.15659833,-0.083404,-0.1213824,-0.13072303,-0.13855581,-0.19385117,-0.1535786,-0.15687355,-0.19487974,-0.23847799,-0.2432746,-0.12898837,-0.15343267,-0.15684873,-0.14520228,-0.2961179,-0.15361014,-0.19813283,-0.1291879,-0.15355475,-0.060104962,-0.15931924,-0.15360862,-0.2028091,-0.2868003,-0.11816878,4.51114,-0.10060286,-0.1534738,-0.13614628,2.433306,-0.17393659,-0.125103,-0.15657571,-0.15690626,-0.1536074,-0.15687567,-0.16221246,-0.22200036,-0.12933037,-0.2814266,-0.15361114,-0.1915083,-0.24371436,-0.16952515,-0.15353712,-0.13369927,-0.12557748,-0.15360467,-0.18106565,-0.15361091,-0.18642783,-0.15356252,-0.30462334,-0.15351436,-0.14691104,-0.13029914,-0.15359965,-0.15686491,-0.18915205,-0.12926202,-0.153604,-0.10481856,-0.1650517,-0.15360212,-0.15687743,-0.15685256,-0.12892237,-0.1535193,-0.156848,-0.15683997,-0.1568501,-0.1568571,-0.16505513,-0.17392421,-0.15359819,-0.15687114,-0.15686235,-0.15687159,-0.2025511,-0.15354379,-0.14723541,-0.15273571,-0.11499533,-0.10471026,-0.11893196,-0.15360133,-0.156811,-0.12922744,-0.19501048,-0.15360817,-0.18738703,-0.11705899,-0.17429145,-0.15359999,-0.06652963,-0.1533877,-0.10737923,-0.124497145,-0.15298569,-0.052188452,-0.26007295
k__Bacteria|p__Firmicutes|c__Clostridia|o__Eubacteriales|f__Clostridiaceae|g__Clostridium|s__Clostridium_moniliforme,-0.1004395,-0.12316422,-0.1523869,-0.15566963,-0.15566984,-0.23867357,-0.1666669,-0.16813041,-0.10929718,-0.22895765,-0.23728925,-0.15239087,-0.22850217,-0.3768707,-0.08556121,-0.15204531,-0.058144663,-0.1519559,-0.15561831,-0.19931981,-0.1978925,-0.1278407,-0.15236184,-0.12711628,-0.20043859,-0.11658599,-0.182019,-0.25032333,-0.1509206,-0.15236586,-0.15142563,-0.10844302,-0.18249588,-0.28454733,-0.15237936,-0.12800516,-0.1523889,-0.22338755,-0.15239115,-0.29867563,-0.1523912,-0.29356226,-0.12740372,-0.15226892,-0.13691942,-0.15238667,-0.23188588,-0.24781659,-0.1296162,-0.12801065,-0.24679694,-0.18279888,-0.25087595,-0.26027086,-0.28621647,-0.27511892,-0.11894142,-0.15231955,-0.040142577,-0.056944285,-0.1518035,-0.11274739,-0.13743341,-0.12790895,-0.15237334,-0.15566604,-0.15566966,-0.15567017,-0.27573854,-0.15235507,-0.12791309,-0.16243835,-0.12334165,-0.14074792,-0.15236354,-0.15887658,-0.14481027,-0.12799202,-0.18691605,-0.14998752,-0.15238132,-0.15565239,-0.15566145,-0.15559962,-0.120334074,-0.13700745,-0.08858878,-0.15237653,-0.19008024,-0.15238562,-0.2004665,-0.11139822,-0.1388583,-0.13027036,-0.1074974,-0.15152657,-0.15230751,-0.15536556,-0.10065024,-0.08152827,-0.09427856,-0.15234722,-0.11960925,-0.15027548,1.4731367,-0.1185138,-0.15236059,-0.1556647,-0.17738779,-0.15176103,-0.15238792,-0.25953975,-0.17989698,-0.13525523,-0.15238568,-0.15095688,-0.17780018,-0.2009549,-0.15236664,-0.09015879,-0.1521478,-0.12151222,-0.121854745,-0.13997786,-0.21433522,-0.13908121,-0.16057305,-0.1523275,-0.07092635,-0.1518707,-0.15503927,-0.18733518,-0.15217231,-0.12789221,-0.12334781,-0.14100276,-0.15235282,-0.114095174,-0.25318068,-0.26654312,-0.12720507,-0.10945694,-0.15234563,-0.09238048,-0.20963459,-0.15238586,-0.15559462,-0.12745723,-0.15232667,-0.16015086,-0.1553517,-0.15238938,-0.19704957,-0.20616047,-0.12693955,-0.10460003,-0.11361031,-0.10256614,-0.15238342,-0.19495486,-0.15236184,-0.12735996,-0.15225896,-0.041086134,-0.12967405,-0.15238833,-0.2300741,-0.15236938,-0.10384405,-0.15120542,-0.0784167,-0.15227088,-0.12766197,-0.15228942,-0.121451,-0.075820275,-0.09192432,-0.101488546,-0.15217166,-0.15559338,-0.12378413,-0.15224078,-0.1410757,-0.13984437,-0.18093297,-0.15239036,-0.25777104,-0.12844054,-0.15230823,-0.13462572,-0.119081676,-0.15236674,-0.15566634,-0.15566772,-0.1556686,-0.19755594,-0.25103784,-0.20219928,-0.19465852,-0.24831252,-0.20506537,-0.22091979,-0.1523776,-0.12763594,-0.11956477,-0.15237442,-0.15566346,-0.20931396,-0.18224281,-0.15236528,-0.32474133,-0.15238886,-0.15567073,-0.15566987,-0.15566957,-0.2185038,-0.15236309,-0.114121355,-0.1523687,-0.1556584,-0.15566352,-0.22984435,-0.15238383,-0.15564525,-0.08963354,-0.15230101,-0.15563162,-0.15564558,-0.1556469,-0.13302092,-0.1051107,-0.14014931,-0.15141064,-0.15839578,-0.15615125,-0.14613561,-0.15238096,-0.12319561,-0.12796944,-0.15235233,-0.1556706,-0.15567023,-0.15567023,-0.15567061,-0.38518023,-0.11451449,-0.1523583,-0.15564899,-0.14443555,-0.16636807,-0.15238513,-0.15560624,-0.12993515,-0.047159404,-0.14766788,-0.14016809,-0.14106366,-0.15227106,-0.19987361,-0.1649412,-0.17166539,-0.15236764,-0.15563744,-0.12722544,-0.14610182,-0.2588673,-0.12778986,-0.15228719,-0.09132757,-0.12832497,-0.13684332,-0.16221203,-0.15659244,-0.127215,-0.15217839,-0.15559518,-0.15563436,-0.15566109,1.4804494,4.2213273,-0.15106063,-0.07294749,-0.2039893,-0.1523587,-0.15563309,-0.104459345,-0.15197554,-0.17466888,-0.13176009,-0.15236479,-0.15109587,-0.10913184,-0.15222844,-0.05825615,-0.14326635,-0.17082691,-0.1523161,-0.18883844,-0.15238972,-0.31316653,-0.15238172,-0.16808087,-0.14331596,-0.15238364,-0.15566784,-0.25088155,-0.15239,-0.22115314,-0.07562123,-0.086852394,-0.10702289,-0.060967896,-0.1470922,-0.16796505,-0.15746465,-0.22133875,-0.12812386,-0.0969081,-0.16398169,-0.12716047,-0.11335766,-0.18846886,-0.1279623,-0.17755464,-0.0994983,-0.115196005,-0.15231687,-0.11662802,-0.19749595,-0.14526704,-0.12781724,-0.096878245,-0.15231675,-0.15551195,-0.12434345,-0.11230643,-0.063823454,-0.15225899,-0.11419349,-0.10007019,-0.24483351,-0.15239045,-0.15566033,-0.16344379,-0.1759062,-0.12524253,-0.15237883,-0.0782174,-0.19187105,-0.18185812,-0.09859173,-0.11065883,-0.15211987,-0.15541223,-0.083404,2.1249206,2.6180806,-0.13855581,-0.19385117,-0.15236068,-0.15566535,-0.19487974,-0.23847799,-0.2432746,-0.12766832,-0.15222603,-0.15564245,-0.14520228,-0.2961179,-0.15238985,-0.19813283,-0.12787573,-0.15233827,-0.060104962,-0.15931924,-0.15238842,-0.2028091,-0.2868003,-0.11816878,-0.14795661,-0.10060286,-0.1522637,-0.13614628,0.7405344,-0.17393659,-0.125103,-0.15657571,-0.15690626,-0.1523873,-0.1556673,-0.16221246,-0.22200036,-0.12802294,-0.2814266,-0.15239075,-0.1915083,-0.24371436,-0.16952515,-0.15231186,-0.13369927,-0.12557748,-0.15238479,-0.18106565,-0.15239057,-0.18642783,-0.15234187,-0.30462334,-0.15230183,-0.14691104,-0.13029914,-0.15238024,-0.15565747,-0.18915205,-0.12795599,-0.15238419,-0.10481856,-0.1650517,-0.15238246,-0.15566893,-0.15564269,-0.12757412,-0.15230659,-0.15564165,-0.15563422,-0.15564357,-0.15564975,-0.16505513,-0.17392421,-0.15237881,-0.1556632,-0.15565515,-0.15566361,-0.2025511,-0.15354379,-0.14723541,-0.1515838,-0.11499533,-0.10471026,-0.11893196,-0.15238175,-0.15560073,-0.12792346,-0.19501048,-0.152388,-0.18738703,-0.11705899,-0.17429145,-0.15237851,-0.06652963,-0.15218247,-0.10737923,-0.124497145,-0.15298569,-0.052188452,-0.26007295
k__Bacteria|p__Firmicutes|c__Clostridia|o__Eubacteriales|f__Lachnospiraceae|g__Bariatricus|s__Bariatricus_massiliensis,-0.1004395,-0.12316422,-0.15413436,-0.15741642,-0.15741667,-0.23867357,-0.1666669,-0.16813041,-0.10929718,-0.22895765,-0.23728925,-0.1541388,-0.22850217,-0.3768707,-0.08556121,-0.15377215,-0.058144663,-0.15365538,-0.15735945,-0.19931981,-0.1978925,-0.12958887,-0.15410659,-0.12711628,-0.20043859,-0.11658599,-0.182019,-0.25032333,-0.1509206,-0.15411082,-0.15142563,-0.10844302,-0.18249588,-0.28454733,-0.15412651,-0.12975925,-0.1541366,-0.22338755,-0.15413913,-0.29867563,-0.15413919,-0.29356226,-0.12912127,-0.15400244,-0.13691942,-0.15413412,-0.23188588,-0.24781659,-0.1296162,-0.12976453,-0.24679694,-0.18279888,-0.25087595,-0.26027086,-0.28621647,-0.27511892,-0.11894142,-0.15405981,-0.040142577,-0.056944285,-0.15347081,-0.11274739,-0.13743341,-0.12965895,-0.15411904,-0.1574124,-0.15741645,-0.15741706,-0.27573854,-0.15410209,-0.12966105,-0.16243835,-0.12334165,-0.14074792,-0.15410793,-0.15887658,-0.14481027,-0.12974554,-0.18691605,-0.14998752,-0.15412813,-0.15739703,-0.15740722,-0.15734647,-0.120334074,-0.13700745,-0.08858878,-0.15412273,-0.19008024,-0.1541329,-0.2004665,-0.11139822,-0.1388583,-0.13027036,-0.1074974,-0.15152657,-0.15404513,-0.1571319,-0.10065024,-0.08152827,-0.09427856,-0.15409029,-0.11960925,-0.15027548,-0.16982608,-0.1185138,-0.15410511,-0.15741092,-0.17738779,-0.15176103,-0.1541355,-0.25953975,-0.17989698,-0.13525523,-0.15413296,-0.15095688,-0.17780018,-0.2009549,-0.15411353,-0.09015879,-0.15386724,-0.12151222,-0.121854745,-0.13997786,-0.21433522,-0.13908121,-0.16057305,-0.15406828,-0.07092635,-0.15356389,-0.1566979,-0.18733518,-0.1538956,-0.12964538,-0.12334781,-0.14100276,-0.15409616,-0.114095174,-0.25318068,-0.26654312,-0.12895796,-0.10945694,-0.15408817,-0.09238048,-0.20963459,-0.15413317,-0.15733793,-0.12919706,-0.1540682,-0.16015086,-0.1553517,-0.15413712,-0.19704957,-0.20616047,-0.12867492,-0.10460003,-0.11361031,-0.10256614,-0.15413043,-0.19495486,-0.1541085,-0.12911882,-0.15399253,-0.041086134,-0.12967405,-0.15413591,-0.2300741,-0.1541166,-0.10384405,-0.15285577,-0.0784167,-0.1540075,-0.12766197,-0.1540255,-0.121451,-0.075820275,-0.09192432,-0.101488546,-0.15389511,-0.1573314,-0.12378413,-0.15399393,-0.1410757,-0.13984437,-0.18093297,-0.15413822,-0.25777104,-0.12844054,-0.15405536,-0.13462572,-0.119081676,-0.15411192,-0.1574128,-0.15741429,-0.1574153,-0.19755594,-0.25103784,-0.20219928,-0.19465852,-0.24831252,-0.20506537,-0.22091979,-0.15412444,-0.12938485,-0.11956477,-0.15412042,-0.15740947,-0.20931396,-0.18224281,-0.1541118,-0.32474133,-0.15413654,-0.15741768,-0.15741672,-0.15741637,-0.2185038,-0.15411142,-0.114121355,-0.15411408,-0.15740366,-0.1574097,-0.22984435,-0.15413092,-0.15739314,-0.08963354,-0.15403937,-0.15737401,-0.15738925,-0.157391,-0.13302092,-0.1051107,-0.14014931,-0.15141064,-0.15839578,-0.15615125,-0.14613561,-0.15412773,-0.12319561,-0.12971994,-0.15409482,-0.15741752,-0.1574171,-0.15741712,-0.15741755,2.9227712,-0.11451449,-0.154102,-0.15564899,-0.14443555,-0.16636807,-0.15413228,-0.15734662,-0.12993515,-0.047159404,-0.14875188,-0.14016809,-0.14106366,-0.1540029,-0.19987361,-0.1649412,-0.17166539,-0.15411264,-0.15738034,-0.12722544,-0.14610182,-0.2588673,-0.12954487,-0.15402395,-0.09132757,-0.12832497,-0.13684332,-0.16221203,-0.15659244,-0.1289948,-0.15390648,-0.15733352,-0.15737711,-0.15740693,-0.15740095,-0.19795567,-0.15106063,-0.07294749,-0.2039893,-0.15410241,-0.15737608,-0.104459345,-0.15377605,-0.17466888,-0.13176009,-0.15410957,-0.15109587,-0.10913184,-0.15396276,-0.05825615,-0.14326635,-0.17082691,-0.15405428,-0.18883844,-0.15413749,-0.31316653,-0.15412855,-0.16808087,-0.14331596,-0.15413067,-0.1574144,-0.25088155,-0.15413782,-0.22115314,-0.07562123,-0.086852394,-0.10702289,-0.060967896,-0.14809287,-0.16796505,-0.15746465,-0.22133875,-0.12812386,-0.0969081,-0.16398169,-0.12716047,-0.11335766,-0.18846886,-0.12971407,-0.17755464,-0.0994983,-0.115196005,-0.15405563,-0.11662802,-0.19749595,-0.14526704,-0.12781724,-0.096878245,-0.15405658,-0.15724121,-0.12434345,-0.11230643,-0.063823454,-0.1539937,-0.11419349,-0.10007019,-0.24483351,-0.15413833,-0.15740693,-0.16344379,-0.1759062,-0.12524253,-0.15412526,-0.0782174,-0.19187105,-0.18185812,-0.09859173,-0.11065883,-0.15383555,-0.15712863,-0.083404,-0.1213824,-0.13072303,-0.13855581,-0.19385117,-0.15410468,-0.15741166,-0.19487974,-0.23847799,-0.2432746,-0.12941028,-0.15395474,-0.15738586,-0.14520228,-0.2961179,-0.15413766,-0.19813283,-0.12962875,-0.1540801,-0.060104962,-0.15931924,-0.15413603,-0.2028091,-0.2868003,-0.11816878,-0.14795661,-0.10060286,-0.1539959,-0.13614628,-0.20725825,-0.17393659,-0.125103,-0.15657571,-0.15690626,-0.15413478,-0.15741386,-0.16221246,-0.22200036,-0.12977806,-0.2814266,-0.15413868,-0.1915083,-0.24371436,-0.16952515,-0.15405944,-0.13369927,-0.12557748,-0.15413196,-0.18106565,-0.15413848,-0.18642783,-0.1540867,-0.30462334,-0.15403736,-0.14691104,-0.13029914,-0.15412682,-0.15740281,-0.18915205,-0.12970802,-0.15413137,-0.10481856,-0.1650517,-0.15412924,-0.15741563,-0.1573892,-0.12933548,-0.15404451,-0.15738487,-0.15737683,-0.15738711,-0.15739481,-0.16505513,-0.17392421,-0.1541252,-0.15740922,-0.15740003,-0.1574097,-0.2025511,-0.15354379,-0.14723541,-0.1532166,-0.11499533,-0.10471026,-0.11893196,-0.15412857,-0.157345,-0.1296726,-0.19501048,-0.15413556,-0.18738703,-0.11705899,-0.17429145,-0.15412709,-0.06652963,-0.15391015,-0.10737923,-0.124497145,-0.15298569,-0.052188452,-0.26007295
k__Bacteria|p__Firmicutes|c__Bacilli|o__Lactobacillales|f__Streptococcaceae|g__Streptococcus|s__Streptococcus_oralis,-0.1004395,-0.12316422,-0.15361875,-0.15686594,-0.15686618,-0.23867357,-0.1666669,-0.16813041,-0.10929718,-0.22895765,-0.23728925,-0.15362294,-0.22850217,-0.3768707,-0.08556121,-0.15326849,-0.058144663,-0.15315098,-0.1568116,-0.19931981,-0.1978925,-0.12933107,-0.15359196,-0.12711628,-0.20043859,-0.11658599,-0.182019,-0.25032333,-0.1509206,-0.15359646,-0.15142563,-0.10844302,-0.18249588,-0.28454733,-0.15361133,-0.12950125,-0.15362084,-0.22338755,-0.15362325,-0.29867563,-0.15362333,-0.29356226,-0.12887067,-0.15349457,-0.13691942,-0.15361843,-0.23188588,-0.24781659,-0.1296162,-0.12950686,-0.24679694,-0.18279888,-0.25087595,-0.26027086,-0.28621647,-0.27511892,-0.11894142,-0.15354693,-0.040142577,-0.056944285,-0.1529915,-0.11274739,-0.13743341,-0.12940358,-0.15360437,-0.15686207,-0.15686598,-0.15686655,-0.27573854,-0.1535886,-0.12940487,-0.16243835,-0.12334165,-0.14074792,-0.15359333,-0.15887658,-0.14481027,-0.12948745,-0.18691605,-0.14998752,-0.15361272,-0.1568474,-0.15685731,-0.15680045,-0.120334074,-0.13700745,-0.08858878,-0.1536075,-0.19008024,-0.1536173,-0.2004665,-0.11139822,-0.1388583,-0.13027036,-0.1074974,-0.15152657,-0.15353283,-0.15659633,-0.10065024,-0.08152827,-0.09427856,-0.15357612,-0.11960925,-0.15027548,-0.16982608,-0.1185138,-0.15359105,-0.15686065,-0.17738779,-0.15176103,-0.15361983,1.0459697,-0.17989698,-0.13525523,-0.15361732,-0.15095688,-0.17780018,-0.2009549,-0.1535997,-0.09015879,-0.1533598,-0.12151222,-0.121854745,-0.13997786,-0.21433522,-0.13908121,-0.16057305,-0.15355478,-0.07092635,-0.1530706,-0.15619636,-0.18733518,-0.15339784,-0.12939131,-0.12334781,-0.14100276,-0.15358198,-0.114095174,-0.25318068,-0.26654312,-0.12869845,-0.10945694,-0.15357411,-0.09238048,-0.20963459,-0.15361753,-0.15679386,-0.1289359,-0.1535556,-0.16015086,-0.1553517,-0.15362135,-0.19704957,-0.20616047,-0.12842797,-0.10460003,-0.11361031,-0.10256614,-0.15361485,-0.19495486,-0.15359396,-0.1288688,-0.1534812,-0.041086134,-0.12967405,-0.15362027,-0.2300741,-0.15360191,-0.10384405,-0.15238678,-0.0784167,-0.15349713,-0.12766197,-0.15351401,-0.121451,-0.075820275,-0.09192432,-0.101488546,-0.15338841,-0.1567837,-0.12378413,-0.15348563,-0.1410757,-0.13984437,-0.18093297,-0.15362239,-0.25777104,-0.12844054,-0.15354332,-0.13462572,-0.119081676,-0.15359683,-0.15686247,-0.1568639,-0.15686488,-0.19755594,-0.25103784,-0.20219928,-0.19465852,-0.24831252,-0.20506537,-0.22091979,-0.15360947,-0.12912649,-0.11956477,-0.15360516,-0.15685934,-0.20931396,-0.18224281,-0.15359752,-0.32474133,-0.15362075,-0.15686715,-0.15686622,-0.15686588,-0.2185038,-0.15359694,-0.114121355,-0.15359971,-0.1568542,-0.15685952,-0.22984435,-0.1536153,-0.1568442,-0.08963354,-0.15352803,-0.15682474,-0.15684026,-0.15684119,-0.13302092,-0.1051107,-0.14014931,-0.15141064,-0.15839578,-0.15615125,-0.14613561,-0.15361217,-0.12319561,-0.12946337,-0.15358171,-0.156867,-0.15686661,-0.15686661,-0.15686703,-0.38518023,-0.11451449,-0.15358785,-0.15564899,-0.14443555,-0.16636807,-0.15361682,-0.15680145,-0.12993515,-0.047159404,-0.14859141,-0.14016809,-0.14106366,-0.15349363,-0.19987361,-0.1649412,-0.17166539,-0.15359779,-0.15683065,-0.12722544,-0.14610182,-0.2588673,-0.12928301,-0.15351206,-0.09132757,-0.12832497,-0.13684332,-0.16221203,-0.15659244,-0.12873167,-0.15340109,-0.15678622,-0.15682796,-0.15685678,-0.15740095,-0.19795567,-0.15106063,-0.07294749,-0.2039893,-0.15358853,-0.15682654,-0.104459345,-0.15327328,-0.17466888,-0.13176009,-0.15359446,-0.15109587,-0.10913184,-0.15345421,-0.05825615,-0.14326635,-0.17082691,-0.15354261,-0.18883844,-0.15362172,-0.31316653,-0.15361354,-0.16808087,-0.14331596,-0.15361515,-0.15686409,-0.25088155,-0.15362205,-0.22115314,-0.07562123,-0.086852394,-0.10702289,-0.060967896,-0.14795926,-0.16796505,-0.15746465,-0.22133875,-0.12812386,-0.0969081,-0.16398169,-0.12716047,-0.11335766,-0.18846886,-0.12945665,-0.17755464,-0.0994983,-0.115196005,-0.15354352,-0.11662802,-0.19749595,-0.14526704,-0.12781724,-0.096878245,-0.15354298,-0.15669721,-0.12434345,-0.11230643,-0.063823454,-0.1534833,-0.11419349,-0.10007019,-0.24483351,-0.1536225,-0.15685713,-0.16344379,-0.1759062,-0.12524253,-0.15360989,-0.0782174,-0.19187105,-0.18185812,-0.09859173,-0.11065883,-0.15333018,-0.15658912,-0.083404,-0.1213824,-0.13072303,-0.13855581,-0.19385117,-0.1535908,-0.15686138,-0.19487974,0.9538347,-0.2432746,-0.12915713,-0.15344626,-0.15683691,-0.14520228,-0.2961179,-0.15362185,-0.19813283,-0.1293707,-0.15356717,-0.060104962,-0.15931924,-0.15362036,-0.2028091,-0.2868003,-0.11816878,-0.14795661,-0.10060286,-0.15348732,-0.13614628,-0.20725825,-0.17393659,-0.125103,-0.15657571,-0.15690626,-0.15361916,-0.15686345,-0.16221246,-0.22200036,-0.12952001,-0.2814266,-0.15362284,-0.1915083,-0.24371436,-0.16952515,-0.15354872,-0.13369927,-0.12557748,-0.15361647,-0.18106565,-0.15362263,-0.18642783,-0.15357462,-0.30462334,-0.15352759,-0.14691104,-0.13029914,-0.15361151,-0.15685284,-0.18915205,-0.12945014,-0.15361579,-0.10481856,-0.1650517,-0.15361398,-0.15686521,-0.1568406,-0.12907508,-0.15353197,-0.15683624,-0.15682828,-0.1568383,-0.15684515,-0.16505513,-0.17392421,-0.15361008,-0.156859,-0.15685035,-0.15685944,-0.2025511,-0.15354379,-0.14723541,-0.15276226,-0.11499533,-0.10471026,-0.11893196,-0.15361318,-0.15679896,-0.12941426,-0.19501048,-0.15361992,-0.18738703,-0.11705899,-0.17429145,-0.15361169,-0.06652963,-0.1534014,-0.10737923,-0.124497145,-0.15298569,-0.052188452,-0.26007295
k__Bacteria|p__Firmicutes|c__Clostridia|o__Eubacteriales|f__Eubacteriales_unclassified|g__Fenollaria|s__Fenollaria_massiliensis,-0.1004395,-0.12316422,-0.1540348,-0.15741745,-0.15741774,-0.23867357,-0.1666669,-0.16813041,-0.10929718,-0.22895765,-0.23728925,-0.15403989,-0.22850217,0.7925379,-0.08556121,-0.15361181,-0.058144663,-0.15346146,-0.15735134,-0.19931981,-0.1978925,-0.12871984,-0.15400206,-0.12711628,-0.20043859,-0.11658599,-0.182019,-0.25032333,-0.1509206,-0.15400778,-0.15142563,-0.10844302,-0.18249588,-0.28454733,-0.15402627,-0.12891208,-0.15403733,-0.22338755,-0.15404028,-0.29867563,-0.15404034,-0.29356226,-0.12821248,-0.15388457,-0.13691942,-0.15403435,-0.23188588,-0.24781659,-0.1296162,-0.1289185,-0.24679694,-0.18279888,-0.25087595,-0.26027086,-0.28621647,-0.27511892,-0.11894142,-0.15394753,-0.040142577,-0.056944285,-0.15327232,-0.11274739,-0.13743341,-0.12880225,-0.15401737,-0.15741271,-0.15741754,-0.15741819,-0.27573854,-0.1539998,-0.12880272,-0.16243835,-0.12334165,-0.14074792,-0.15400371,-0.15887658,-0.14481027,-0.12889603,-0.18691605,-0.14998752,-0.1540274,-0.15739486,-0.15740702,-0.15734196,-0.120334074,-0.13700745,-0.08858878,-0.15402102,-0.19008024,-0.15403298,-0.2004665,-0.11139822,-0.1388583,-0.13027036,-0.1074974,-0.15152657,-0.15392986,-0.15711907,-0.10065024,-0.08152827,-0.09427856,-0.1539827,-0.11960925,-0.15027548,-0.16982608,-0.1185138,-0.15400118,-0.15741101,-0.17738779,-0.15176103,-0.15403607,-0.25953975,-0.17989698,-0.13525523,-0.15403305,-0.15095688,-0.17780018,-0.2009549,-0.15401307,-0.09015879,-0.15371847,-0.12151222,-0.121854745,-0.13997786,-0.21433522,-0.13908121,-0.16057305,-0.15395671,-0.07092635,-0.15336993,-0.15660919,-0.18733518,-0.15377203,-0.12879394,-0.12334781,-0.14100276,-0.15398982,-0.114095174,-0.25318068,-0.26654312,-0.12805995,-0.10945694,-0.15398023,-0.09238048,-0.20963459,-0.15403327,-0.15733239,-0.12832117,-0.15395808,-0.16015086,-0.1553517,-0.15403794,-0.19704957,-0.20616047,-0.12774637,-0.10460003,-0.11361031,-0.10256614,-0.15402995,-0.19495486,-0.15400569,-0.12824903,-0.15386677,-0.041086134,-0.12967405,-0.15403669,-0.2300741,-0.15401495,-0.10384405,-0.15254717,-0.0784167,-0.15388702,-0.12766197,-0.15390709,-0.121451,-0.075820275,-0.09192432,-0.101488546,-0.1537551,-0.15731695,-0.12378413,-0.15388358,-0.1410757,-0.13984437,-0.18093297,-0.1540392,-0.25777104,-0.12844054,-0.1539469,-0.13462572,-0.119081676,-0.15400785,-0.15741321,-0.15741497,-0.15741616,-0.19755594,-0.25103784,-0.20219928,-0.19465852,-0.24831252,-0.20506537,-0.22091979,-0.15402386,-0.12852332,-0.11956477,-0.15401813,-0.15740941,-0.20931396,-0.18224281,-0.15401012,-0.32474133,-0.1540372,-0.15741894,-0.15741779,-0.15741739,-0.2185038,-0.15400937,-0.114121355,-0.15401177,-0.15740338,-0.15740964,-0.22984435,-0.15403053,-0.15739226,-0.08963354,-0.15392454,-0.15736693,-0.1573863,-0.15738706,-0.13302092,-0.1051107,-0.14014931,-0.15141064,-0.15839578,-0.15615125,-0.14613561,-0.15402663,-0.12319561,-0.12886757,-0.15398996,-0.15741874,-0.15741825,-0.15741825,-0.15741879,-0.38518023,-0.11451449,-0.15399712,-0.15564899,-0.14443555,-0.16636807,-0.15403244,-0.1573408,-0.12993515,-0.047159404,-0.14794669,-0.14016809,-0.14106366,-0.1538823,-0.19987361,-0.1649412,-0.17166539,-0.15400913,-0.15737408,-0.12722544,-0.14610182,-0.2588673,-0.12867698,-0.15390494,-0.09132757,-0.12832497,-0.13684332,-0.16221203,-0.15659244,-0.12813477,-0.15377168,-0.15732026,-0.15737104,-0.15740627,-0.15740095,-0.19795567,-0.15106063,-0.07294749,-0.2039893,-0.15399818,-0.15736917,-0.104459345,-0.153693,-0.17466888,-0.13176009,-0.15400489,-0.15109587,-0.10913184,-0.15383585,-0.05825615,-0.14326635,-0.17082691,-0.15394214,-0.18883844,-0.15403843,-0.31316653,-0.15402868,-0.16808087,-0.14331596,-0.15403037,-0.15741524,-0.25088155,-0.15403882,-0.22115314,-0.07562123,-0.086852394,-0.10702289,-0.060967896,-0.14718029,-0.16796505,-0.15746465,-0.22133875,-0.12812386,-0.0969081,-0.16398169,-0.12716047,-0.11335766,-0.18846886,-0.12886137,-0.17755464,-0.0994983,-0.115196005,-0.15394317,-0.11662802,-0.19749595,-0.14526704,-0.12781724,-0.096878245,-0.15394196,-0.15721199,-0.12434345,-0.11230643,-0.063823454,-0.15387009,-0.11419349,-0.10007019,-0.24483351,-0.15403932,-0.15740706,-0.16344379,-0.1759062,-0.12524253,-0.15402389,-0.0782174,-0.19187105,-0.18185812,-0.09859173,-0.11065883,-0.1536827,-0.15708,-0.083404,-0.1213824,-0.13072303,-0.13855581,-0.19385117,-0.15400091,-0.15741187,-0.19487974,-0.23847799,-0.2432746,-0.12852761,-0.15382479,-0.15738216,-0.14520228,-0.2961179,-0.15403856,-0.19813283,-0.12876724,-0.15397224,-0.060104962,-0.15931924,-0.15403673,-0.2028091,-0.2868003,-0.11816878,-0.14795661,-0.10060286,-0.15387526,-0.13614628,-0.20725825,-0.17393659,-0.125103,-0.15657571,-0.15690626,-0.15403527,-0.1574144,-0.16221246,-0.22200036,-0.12893423,-0.2814266,-0.15403977,-0.1915083,-0.24371436,-0.16952515,-0.15395339,-0.13369927,-0.12557748,-0.15403202,-0.18106565,-0.1540395,-0.18642783,-0.15398291,-0.30462334,-0.15392429,-0.14691104,-0.13029914,-0.15402594,-0.15740141,-0.18915205,-0.1288525,-0.15403116,-0.10481856,-0.1650517,-0.15402901,-0.15741655,-0.15738781,-0.12845951,-0.1539288,-0.15738145,-0.15737161,-0.15738392,-0.15739208,-0.16505513,-0.17392421,-0.15402429,-0.15740895,-0.15739846,-0.15740949,-0.2025511,-0.15354379,-0.14723541,-0.15299937,-0.11499533,-0.10471026,-0.11893196,-0.154028,-0.15733907,-0.12881072,-0.19501048,-0.15403624,-0.18738703,-0.11705899,-0.17429145,-0.15402684,-0.06652963,-0.15377,-0.10737923,-0.124497145,-0.15298569,-0.052188452,-0.26007295
k__Bacteria|p__Firmicutes|c__Clostridia|o__Eubacteriales|f__Clostridiaceae|g__Clostridium|s__Clostridium_fessum,-0.1004395,-0.12316422,-0.15388483,-0.15720311,-0.15720339,-0.23867357,-0.1666669,-0.16813041,-0.10929718,-0.22895765,-0.23728925,-0.15388976,-0.22850217,-0.3768707,-0.08556121,-0.15347105,-0.058144663,-0.15333799,-0.15713939,-0.19931981,-0.1978925,-0.12904269,-0.15385348,-0.12711628,-0.20043859,-0.11658599,-0.182019,-0.25032333,-0.1509206,-0.1538586,-0.15142563,-0.10844302,-0.18249588,-0.28454733,-0.15387608,-0.1292401,-0.15388727,-0.22338755,-0.15389012,-0.29867563,-0.15389019,-0.29356226,-0.12852299,-0.1537385,-0.13691942,-0.15388446,-0.23188588,-0.24781659,-0.1296162,-0.1292463,-0.24679694,-0.18279888,-0.25087595,-0.26027086,-0.28621647,-0.27511892,-0.11894142,-0.15380092,-0.040142577,-0.056944285,-0.1531477,-0.11274739,-0.13743341,-0.12912548,-0.15386789,-0.15719858,-0.15720317,-0.15720382,-0.27573854,-0.15384868,-0.1291285,-0.16243835,-0.12334165,-0.14074792,-0.15385512,-0.15887658,-0.14481027,-0.129224,-0.18691605,-0.14998752,-0.1538778,-0.15718141,-0.15719295,-0.1571236,-0.120334074,-0.13700745,-0.08858878,-0.15387169,-0.19008024,-0.15388313,-0.2004665,-0.11139822,-0.1388583,-0.13027036,-0.1074974,-0.15152657,-0.15378425,-0.15686819,-0.10065024,-0.08152827,-0.09427856,-0.153835,-0.11960925,-0.15027548,-0.16982608,-0.1185138,-0.15385225,-0.15719691,-0.17738779,-0.15176103,-0.15388608,-0.25953975,-0.17989698,-0.13525523,-0.15388322,-0.15095688,-0.17780018,-0.2009549,-0.15386191,-0.09015879,-0.1535824,-0.12151222,-0.121854745,-0.13997786,-0.21433522,-0.13908121,-0.16057305,-0.15381008,-0.07092635,-0.15324117,-0.15641247,-0.18733518,-0.15362191,-0.12911305,-0.12334781,-0.14100276,-0.15384182,-0.114095174,-0.25318068,-0.26654312,-0.12831189,-0.10945694,-0.1538327,-0.09238048,-0.20963459,-0.15388343,-0.15711656,-0.12860394,-0.15381053,-0.16015086,-0.1553517,-0.15388787,-0.19704957,-0.20616047,-0.12802348,-0.10460003,-0.11361031,-0.10256614,-0.1538803,-0.19495486,-0.15385532,-0.12851202,-0.1537236,-0.041086134,-0.12967405,-0.1538866,-0.2300741,-0.15386474,-0.10384405,-0.15243283,-0.0784167,-0.15374199,-0.12766197,-0.15376225,-0.121451,-0.075820275,-0.09192432,-0.101488546,-0.1536152,-0.15710697,-0.12378413,-0.15372232,-0.1410757,-0.13984437,-0.18093297,-0.15388912,-0.25777104,-0.12844054,-0.15379502,-0.13462572,-0.119081676,-0.15385929,-0.15719905,-0.15720072,-0.15720186,-0.19755594,-0.25103784,-0.20219928,-0.19465852,-0.24831252,-0.20506537,-0.22091979,-0.15387383,-0.128811,-0.11956477,-0.153869,-0.15719536,-0.20931396,-0.18224281,-0.15385988,-0.32474133,-0.15388718,-0.15720454,-0.15720344,-0.15720306,-0.2185038,-0.1538591,-0.114121355,-0.15386245,-0.15718922,-0.1571956,-0.22984435,-0.15388085,-0.15717766,-0.08963354,-0.15377843,-0.1571551,-0.15717298,-0.15717426,-0.13302092,-0.1051107,-0.14014931,-0.15141064,-0.15839578,-0.15615125,-0.14613561,-0.1538772,-0.12319561,-0.12919599,-0.1538412,-0.15720436,-0.15720388,-0.15720388,-0.15720439,-0.38518023,-0.11451449,-0.15384862,-0.15564899,-0.14443555,-0.16636807,-0.15388253,-0.1571266,-0.12993515,-0.047159404,-0.14794582,-0.14016809,-0.14106366,-0.1537381,-0.19987361,-0.1649412,-0.17166539,-0.15386033,-0.15716209,-0.12722544,-0.14610182,-0.2588673,-0.12898481,-0.15375987,-0.09132757,-0.12832497,-0.13684332,-0.16221203,-0.15659244,-0.12837873,-0.15362921,-0.15710986,-0.15715876,-0.15719241,-0.15740095,-0.19795567,-0.15106063,-0.07294749,-0.2039893,-0.15384938,-0.15715718,-0.104459345,-0.15346462,-0.17466888,-0.13176009,-0.15385658,-0.15109587,-0.10913184,-0.15369129,-0.05825615,-0.14326635,-0.17082691,-0.15379554,-0.18883844,-0.15388831,-0.31316653,-0.15387857,-0.16808087,-0.14331596,-0.15388064,-0.15720093,-0.25088155,-0.15388867,-0.22115314,-0.07562123,-0.086852394,-0.10702289,-0.060967896,-0.14721522,-0.16796505,-0.15746465,-0.22133875,-0.12812386,-0.0969081,-0.16398169,-0.12716047,-0.11335766,-0.18846886,-0.12918803,-0.17755464,-0.0994983,-0.115196005,-0.15379661,-0.11662802,-0.19749595,-0.14526704,-0.12781724,-0.096878245,-0.15379652,-0.15700546,-0.12434345,-0.11230643,-0.063823454,-0.15372585,-0.11419349,-0.10007019,-0.24483351,-0.15388921,-0.15719254,-0.16344379,-0.1759062,-0.12524253,-0.15387449,-0.0782174,-0.19187105,-0.18185812,-0.09859173,-0.11065883,-0.1535472,-0.15687874,-0.083404,-0.1213824,-0.13072303,-0.13855581,-0.19385117,-0.15385196,-0.15719777,-0.19487974,-0.23847799,-0.2432746,-0.12884551,-0.15368283,-0.15716904,-0.14520228,-0.2961179,-0.15388846,-0.19813283,-0.12908836,-0.15382421,-0.060104962,-0.15931924,-0.1538867,-0.2028091,6.790188,-0.11816878,-0.14795661,-0.10060286,-0.15373039,-0.13614628,-0.20725825,-0.17393659,-0.125103,-0.15657571,-0.15690626,-0.1538853,-0.1572002,-0.16221246,-0.22200036,-0.12926158,-0.2814266,-0.15388964,-0.1915083,-0.24371436,-0.16952515,-0.1538009,-0.13369927,-0.12557748,-0.15388215,-0.18106565,-0.15388937,-0.18642783,-0.15383226,-0.30462334,-0.15377757,-0.14691104,-0.13029914,-0.15387633,-0.15718779,-0.18915205,-0.12918048,-0.15388137,-0.10481856,-0.1650517,-0.1538792,-0.15720224,-0.15717259,-0.12874582,-0.15378332,-0.15716814,-0.15715891,-0.15717058,-0.15717876,-0.16505513,-0.17392421,-0.15387464,-0.157195,-0.15718484,-0.15719551,-0.2025511,-0.15354379,-0.14723541,-0.15287465,-0.11499533,-0.10471026,-0.11893196,-0.15387829,-0.15712333,-0.12913908,-0.19501048,-0.1538862,-0.18738703,-0.11705899,-0.17429145,-0.1538763,-0.06652963,-0.15362966,-0.10737923,-0.124497145,-0.15298569,-0.052188452,-0.26007295
k__Bacteria|p__Firmicutes|c__Bacilli|o__Lactobacillales|f__Streptococcaceae|g__Streptococcus|s__Streptococcus_pneumoniae,-0.1004395,-0.12316422,-0.15273267,-0.15598181,-0.15598209,-0.23867357,-0.1666669,-0.16813041,-0.10929718,-0.22895765,-0.23728925,-0.15273738,-0.22850217,-0.3768707,-0.08556121,-0.15234149,-0.058144663,-0.15221158,-0.15592106,-0.19931981,-0.1978925,-0.1284163,-0.15270278,-0.12711628,-0.20043859,-0.11658599,-0.182019,-0.25032333,-0.1509206,-0.15270773,-0.15142563,-0.10844302,-0.18249588,-0.28454733,-0.15272444,-0.12860139,-0.15273502,-0.22338755,-0.15273774,-0.29867563,-0.1527378,-0.29356226,-0.12792149,-0.1525935,-0.13691942,-0.15273234,-0.23188588,-0.24781659,-0.1296162,-0.1286073,-0.24679694,-0.18279888,-0.25087595,-0.26027086,-0.28621647,-0.27511892,-0.11894142,-0.1526526,-0.040142577,-0.056944285,-0.15203097,-0.11274739,-0.13743341,-0.1284943,-0.15271655,-0.15597749,-0.15598187,-0.1559825,-0.27573854,-0.15269917,-0.1284961,-0.16243835,-0.12334165,-0.14074792,-0.15270433,-0.15887658,-0.14481027,-0.128586,-0.18691605,-0.14998752,-0.15272595,-0.15596113,-0.15597215,-0.15590855,-0.120334074,-0.13700745,-0.08858878,-0.15272012,-0.19008024,-0.15273106,-0.2004665,-0.11139822,-0.1388583,-0.13027036,-0.1074974,-0.15152657,-0.15263684,-0.15568441,-0.10065024,-0.08152827,-0.09427856,-0.15268514,-0.11960925,-0.15027548,-0.16982608,-0.1185138,-0.15270168,-0.15597594,-0.17738779,-0.15176103,-0.15273386,-0.25953975,-0.17989698,-0.13525523,-0.15273112,-0.15095688,-0.17780018,-0.2009549,-0.15271139,-0.09015879,-0.15244415,-0.12151222,-0.121854745,-0.13997786,-0.21433522,-0.13908121,-0.16057305,-0.1526614,-0.07092635,-0.15212116,-0.15523113,-0.18733518,-0.15248513,-0.12848122,-0.12334781,-0.14100276,-0.15269163,-0.114095174,-0.25318068,-0.26654312,-0.12774958,-0.10945694,-0.15268293,-0.09238048,-0.20963459,-0.15273133,-0.15590096,-0.12800713,-0.15266202,-0.16015086,-0.1553517,-0.15273559,-0.19704957,-0.20616047,-0.1274516,-0.10460003,-0.11361031,-0.10256614,-0.15272835,-0.19495486,-0.15270516,-0.12793191,-0.15257931,-0.041086134,-0.12967405,-0.15273438,-0.2300741,-0.1527139,-0.10384405,-0.15136072,-0.0784167,-0.1525968,-0.12766197,-0.15261585,-0.121451,-0.075820275,-0.09192432,-0.101488546,-0.15247585,-0.15589012,-0.12378413,-0.15258439,-0.1410757,-0.13984437,-0.18093297,-0.15273675,-0.25777104,-0.12844054,-0.15264904,-0.13462572,-0.119081676,-0.15270826,-0.15597793,-0.15597954,-0.15598063,-0.19755594,-0.25103784,-0.20219928,-0.19465852,-0.24831252,-0.20506537,-0.22091979,-0.15272234,-0.12820485,-0.11956477,-0.15271756,-0.15597445,-0.20931396,0.6028342,-0.15270919,-0.32474133,-0.15273494,-0.15598318,-0.15598214,-0.15598176,-0.2185038,-0.15270832,-0.114121355,-0.15271135,-0.15596864,-0.15597466,-0.22984435,-0.15272887,-0.15595748,-0.08963354,-0.15263122,-0.15593591,-0.15595311,-0.15595426,-0.13302092,-0.1051107,-0.14014931,-0.15141064,-0.15839578,-0.15615125,-0.14613561,-0.15272535,-0.12319561,-0.12855956,-0.15269119,-0.155983,-0.15598255,-0.15598255,-0.15598305,-0.38518023,-0.11451449,-0.15269817,-0.15564899,-0.14443555,-0.16636807,-0.1527305,-0.15590963,-0.12993515,-0.047159404,-0.14709452,-0.14016809,-0.14106366,-0.15259287,-0.19987361,-0.1649412,-0.17166539,-0.1527093,-0.15594259,-0.12722544,-0.14610182,-0.2588673,-0.1283675,-0.1526137,-0.09132757,-0.12832497,-0.13684332,-0.16221203,-0.15659244,-0.127806,-0.15248938,-0.15589282,-0.15593947,-0.1559716,-0.15740095,-0.19795567,-0.15106063,-0.07294749,-0.2039893,-0.1526989,-0.15593797,-0.104459345,-0.1523683,-0.17466888,-0.13176009,-0.15270565,-0.15109587,-0.10913184,-0.15254895,-0.05825615,-0.14326635,-0.17082691,-0.15264758,-0.18883844,-0.15273601,-0.31316653,-0.1527268,-0.16808087,-0.14331596,-0.15272868,-0.15597975,-0.25088155,-0.15273637,-0.22115314,-0.07562123,-0.086852394,-0.10702289,-0.060967896,-0.1463928,-0.16796505,-0.15746465,-0.22133875,-0.12812386,-0.0969081,-0.16398169,-0.12716047,-0.11335766,-0.18846886,-0.12855278,-0.17755464,-0.0994983,-0.115196005,-0.15264863,-0.11662802,-0.19749595,-0.14526704,-0.12781724,-0.096878245,-0.15264826,-0.1557936,-0.12434345,-0.11230643,-0.063823454,-0.15258142,-0.11419349,-0.10007019,-0.24483351,-0.15273686,-0.15597191,-0.16344379,-0.1759062,-0.12524253,-0.1527228,-0.0782174,-0.19187105,-0.18185812,-0.09859173,-0.11065883,-0.15241109,-0.15567297,-0.083404,-0.1213824,-0.13072303,-0.13855581,-0.19385117,-0.15270138,-0.15597673,-0.19487974,-0.23847799,-0.2432746,-0.12823522,-0.15254024,-0.15594935,-0.14520228,-0.2961179,-0.15273616,-0.19813283,-0.1284596,-0.15267497,-0.060104962,-0.15931924,-0.15273446,-0.2028091,-0.2868003,-0.11816878,-0.14795661,-0.10060286,-0.1525857,-0.13614628,-0.20725825,-0.17393659,-0.125103,-0.15657571,-0.15690626,-0.15273313,-0.15597905,-0.16221246,-0.22200036,-0.12862188,3.1347961,-0.15273726,-0.1915083,-0.24371436,-0.16952515,-0.15265444,-0.13369927,-0.12557748,-0.15273014,-0.18106565,-0.15273702,-0.18642783,-0.15268324,-0.30462334,-0.15263063,-0.14691104,-0.13029914,-0.1527246,-0.1559672,-0.18915205,-0.1285452,-0.15272939,-0.10481856,-0.1650517,-0.15272734,-0.155981,-0.15595342,-0.12815613,-0.1526359,-0.15594855,-0.1559397,-0.15595087,-0.15595856,-0.16505513,-0.17392421,-0.15272298,-0.15597408,-0.1559644,-0.15597458,3.790208,1.8556855,-0.14723541,-0.15177278,-0.11499533,-0.10471026,-0.11893196,-0.15272647,-0.15590727,-0.12850624,-0.19501048,-0.15273398,-0.18738703,-0.11705899,-0.17429145,-0.15272486,-0.06652963,-0.15249005,-0.10737923,-0.124497145,-0.15298569,0.96983445,-0.26007295
k__Bacteria|p__Firmicutes|c__CFGB14936|o__OFGB14936|f__FGB14936|g__GGB3256|s__GGB3256_SGB4303,-0.1004395,-0.12316422,-0.15428182,-0.15760705,-0.15760732,-0.23867357,-0.1666669,-0.16813041,-0.10929718,-0.22895765,-0.23728925,-0.1542863,-0.22850217,-0.3768707,-0.08556121,-0.15390556,-0.058144663,-0.15378028,-0.15754889,-0.19931981,-0.1978925,-0.12941213,-0.1542531,-0.12711628,-0.20043859,-0.11658599,-0.182019,-0.25032333,-0.1509206,-0.15425792,-0.15142563,-0.10844302,-0.18249588,-0.28454733,-0.15427402,-0.12958522,-0.15428406,-0.22338755,-0.15428665,-0.29867563,-0.15428671,5.189689,-0.1289443,-0.154149,-0.13691942,-0.15428145,-0.23188588,-0.24781659,-0.1296162,-0.12959103,-0.24679694,-0.18279888,-0.25087595,-0.26027086,-0.28621647,-0.27511892,-0.11894142,-0.1542052,-0.040142577,-0.056944285,-0.15361014,-0.11274739,-0.13743341,-0.12948634,-0.15426645,-0.1576029,-0.15760711,-0.1576077,-0.27573854,-0.1542499,-0.12948656,-0.16243835,-0.12334165,-0.14074792,-0.15425459,-0.15887658,-0.14481027,-0.12957118,-0.18691605,-0.14998752,-0.15427536,-0.15758723,-0.15759784,-0.15753733,-0.120334074,-0.13700745,-0.08858878,-0.15426978,-0.19008024,-0.15428026,-0.2004665,-0.11139822,-0.1388583,-0.13027036,-0.1074974,-0.15152657,-0.15418985,-0.15732029,-0.10065024,-0.08152827,-0.09427856,-0.15423617,-0.11960925,-0.15027548,-0.16982608,-0.1185138,-0.15425214,-0.15760139,-0.17738779,-0.15176103,-0.15428294,-0.25953975,-0.17989698,-0.13525523,-0.1542803,-0.15095688,-0.17780018,-0.2009549,-0.15426171,-0.09015879,-0.15400484,-0.12151222,-0.121854745,-0.13997786,-0.21433522,-0.13908121,-0.16057305,-0.15421337,-0.07092635,-0.15369463,-0.15689087,-0.18733518,-0.15404575,-0.12947778,-0.12334781,-0.14100276,-0.15424243,-0.114095174,-0.25318068,-0.26654312,-0.12879175,-0.10945694,-0.15423402,-0.09238048,-0.20963459,-0.15428051,-0.15752974,-0.1290297,-0.15421414,-0.16015086,-0.1553517,-0.1542846,-0.19704957,-0.20616047,-0.12852734,-0.10460003,-0.11361031,-0.10256614,-0.15427762,-0.19495486,-0.15425545,-0.12896767,-0.15413433,-0.041086134,-0.12967405,-0.15428346,-0.2300741,-0.15426382,-0.10384405,-0.15295991,-0.0784167,-0.15415162,-0.12766197,-0.15416974,-0.121451,-0.075820275,-0.09192432,-0.101488546,-0.15403607,-0.15751904,-0.12378413,-0.15413934,-0.1410757,-0.13984437,-0.18093297,-0.15428571,-0.25777104,-0.12844054,-0.15420198,-0.13462572,-0.119081676,-0.15425833,-0.15760335,-0.15760487,-0.15760592,-0.19755594,-0.25103784,-0.20219928,-0.19465852,-0.24831252,-0.20506537,-0.22091979,-0.15427193,-0.12922013,-0.11956477,-0.15426725,-0.15759999,-0.20931396,-0.18224281,-0.1542593,-0.32474133,-0.15428394,-0.15760836,-0.15760735,-0.15760699,-0.2185038,-0.15425879,-0.114121355,-0.15426144,-0.15759452,-0.15760018,-0.22984435,-0.15427811,-0.15758428,-0.08963354,-0.15418491,-0.15756294,-0.15757959,-0.15758052,-0.13302092,-0.1051107,-0.14014931,-0.15141064,-0.15839578,-0.15615125,-0.14613561,-0.15427476,-0.12319561,-0.12954567,-0.15424219,-0.15760818,-0.15760776,-0.15760776,-0.15760821,-0.38518023,-0.11451449,-0.15424871,-0.15564899,-0.14443555,-0.16636807,-0.15427974,-0.15753818,-0.12993515,-0.047159404,-0.1488941,-0.14016809,-0.14106366,-0.1541478,-0.19987361,-0.1649412,-0.17166539,-0.15425937,-0.15756926,-0.12722544,-0.14610182,-0.2588673,-0.12936884,-0.1541679,-0.09132757,-0.12832497,-0.13684332,-0.16221203,-0.15659244,-0.1288395,-0.15404972,-0.15752184,-0.1575664,-0.15759724,-0.15740095,-0.19795567,-0.15106063,-0.07294749,-0.2039893,-0.15424952,-0.15756491,-0.104459345,-0.15393662,-0.17466888,-0.13176009,-0.15425578,-0.15109587,-0.10913184,-0.1541062,-0.05825615,-0.14326635,-0.17082691,-0.15420032,-0.18883844,-0.15428501,-0.31316653,-0.15427625,-0.16808087,-0.14331596,-0.15427795,-0.15760508,-0.25088155,-0.15428536,-0.22115314,-0.07562123,-0.086852394,-0.10702289,-0.060967896,-0.1482251,-0.16796505,-0.15746465,-0.22133875,-0.12812386,-0.0969081,-0.16398169,-0.12716047,-0.11335766,-0.18846886,-0.12953942,-0.17755464,-0.0994983,-0.115196005,-0.1542013,-0.11662802,-0.19749595,-0.14526704,-0.12781724,-0.096878245,-0.15420076,-0.15742673,-0.12434345,-0.11230643,-0.063823454,-0.15413702,-0.11419349,-0.10007019,-0.24483351,-0.15428582,-0.1575976,-0.16344379,-0.1759062,-0.12524253,-0.15427232,-0.0782174,-0.19187105,-0.18185812,-0.09859173,-0.11065883,-0.1539729,-0.15731072,-0.083404,-0.1213824,-0.13072303,-0.13855581,-0.19385117,-0.1542519,-0.15760216,-0.19487974,-0.23847799,-0.2432746,-0.12923346,-0.15409736,-0.15757596,-0.14520228,-0.2961179,-0.15428513,-0.19813283,-0.12945446,-0.1542267,-0.060104962,-0.15931924,-0.15428352,-0.2028091,-0.2868003,-0.11816878,-0.14795661,-0.10060286,-0.1541413,-0.13614628,-0.20725825,-0.17393659,-0.125103,-0.15657571,-0.15690626,-0.15428224,-0.15760437,-0.16221246,-0.22200036,-0.12960488,-0.2814266,-0.1542862,-0.1915083,-0.24371436,-0.16952515,-0.15420723,-0.13369927,-0.12557748,-0.15427938,-0.18106565,-0.15428597,-0.18642783,-0.15423483,-0.30462334,-0.15418427,-0.14691104,-0.13029914,-0.15427408,-0.157593,-0.18915205,-0.1295322,-0.15427864,-0.10481856,-0.1650517,-0.15427671,-0.15760627,-0.15757994,-0.12915842,-0.15418899,-0.15757528,-0.15756677,-0.15757748,-0.15758482,-0.16505513,-0.17392421,-0.15427256,-0.15759963,-0.15759036,-0.15760008,-0.2025511,-0.15354379,-0.14723541,-0.15336558,-0.11499533,-0.10471026,-0.11893196,-0.15427582,-0.15753543,-0.12949482,-0.19501048,-0.15428308,-0.18738703,-0.11705899,-0.17429145,-0.1542743,-0.06652963,-0.15404919,-0.10737923,-0.124497145,-0.15298569,-0.052188452,-0.26007295
k__Bacteria|p__Firmicutes|c__Clostridia|o__Eubacteriales|f__Eubacteriales_Family_XIII_Incertae_Sedis|g__Eubacteriales_Family_XIII_Incertae_Sedis_unclassified|s__Clostridiales_Family_XIII_bacterium_BX16,-0.1004395,-0.12316422,-0.15363182,-0.15694976,-0.15695,-0.23867357,-0.1666669,-0.16813041,-0.10929718,-0.22895765,-0.23728925,-0.15363616,-0.22850217,-0.3768707,-0.08556121,-0.15327482,-0.058144663,-0.15315697,-0.15689373,-0.19931981,-0.1978925,-0.12882009,-0.15360457,-0.12711628,-0.20043859,-0.11658599,-0.182019,-0.25032333,-0.1509206,-0.15360893,-0.15142563,-0.10844302,-0.18249588,-0.28454733,-0.15362471,-0.12899035,-0.15363401,-0.22338755,-0.15363649,-0.29867563,-0.15363654,-0.29356226,-0.12836845,-0.1535032,-0.13691942,-0.15363157,-0.23188588,-0.24781659,-0.1296162,-0.12899542,-0.24679694,-0.18279888,-0.25087595,-0.26027086,-0.28621647,-0.27511892,-0.11894142,-0.15355821,-0.040142577,-0.056944285,-0.15297778,-0.11274739,-0.13743341,-0.12888893,-0.15361673,-0.15694578,-0.15694977,-0.15695038,-0.27573854,-0.15360096,-0.1288931,-0.16243835,-0.12334165,-0.14074792,-0.15360573,-0.15887658,-0.14481027,-0.12897684,-0.18691605,-0.14998752,-0.15362564,-0.1569306,-0.15694068,-0.15688573,-0.120334074,-0.13700745,-0.08858878,-0.1536203,-0.19008024,-0.15363036,-0.2004665,-0.11139822,-0.1388583,-0.13027036,-0.1074974,-0.15152657,-0.15354355,-0.1566863,-0.10065024,-0.08152827,-0.09427856,-0.15358841,-0.11960925,-0.15027548,-0.16982608,-0.1185138,-0.15360326,-0.15694433,-0.17738779,-0.15176103,-0.15363292,-0.25953975,-0.17989698,-0.13525523,-0.15363042,-0.15095688,-0.17780018,-0.2009549,-0.15361264,-0.09015879,-0.15336737,-0.12151222,-0.121854745,-0.13997786,-0.21433522,-0.13908121,-0.16057305,-0.15356658,-0.07092635,-0.15306956,-0.15624341,-0.18733518,-0.15339997,-0.12887524,-0.12334781,-0.14100276,-0.15359406,-0.114095174,-0.25318068,-0.26654312,-0.12816638,-0.10945694,-0.15358621,-0.09238048,-0.20963459,-0.15363061,-0.15687777,-0.12842236,-0.1535669,-0.16015086,-0.1553517,-0.15363452,-0.19704957,-0.20616047,-0.12788759,-0.10460003,-0.11361031,-0.10256614,-0.1536279,-0.19495486,-0.15360793,-0.12834094,-0.15349196,-0.041086134,-0.12967405,-0.15363336,-0.2300741,-0.15361598,-0.10384405,-0.15236716,-0.0784167,-0.15350686,-0.12766197,-0.15352432,-0.121451,-0.075820275,-0.09192432,-0.101488546,-0.15339488,-0.15686569,-0.12378413,-0.15350275,-0.1410757,-0.13984437,-0.18093297,-0.15363559,-0.25777104,-0.12844054,-0.15355799,-0.13462572,-0.119081676,-0.15360957,-0.15694618,-0.15694764,-0.15694866,-0.19755594,-0.25103784,-0.20219928,-0.19465852,-0.24831252,-0.20506537,-0.22091979,-0.15362251,-0.12860909,-0.11956477,-0.15361808,-0.15694293,-0.20931396,-0.18224281,-0.1536108,-0.32474133,-0.15363392,-0.156951,-0.15695003,-0.1569497,-0.2185038,-0.15361032,-0.114121355,-0.15361194,-0.15693727,-0.15694317,-0.22984435,-0.15362838,-0.15692815,-0.08963354,-0.15353823,-0.15690781,-0.15692303,-0.15692458,-0.13302092,-0.1051107,-0.14014931,-0.15141064,-0.15839578,-0.15615125,-0.14613561,-0.15362525,-0.12319561,-0.12895176,-0.15359285,-0.15695083,-0.15695041,-0.15695041,-0.15695088,1.8582585,-0.11451449,-0.15359992,-0.15564899,-0.14443555,-0.16636807,-0.15362974,-0.15688327,-0.12993515,-0.047159404,-0.14833912,-0.14016809,-0.14106366,-0.15350209,-0.19987361,-0.1649412,-0.17166539,-0.15361033,-0.15691401,-0.12722544,-0.14610182,-0.2588673,-0.12876913,-0.1535226,-0.09132757,-0.12832497,-0.13684332,-0.16221203,-0.15659244,-0.12820666,-0.15340719,-0.1568679,-0.15691099,-0.15694039,-0.15740095,-0.19795567,-0.15106063,-0.07294749,-0.2039893,-0.15360036,-0.15690976,-0.104459345,-0.1532805,-0.17466888,-0.13176009,-0.15360728,-0.15109587,-0.10913184,-0.15346275,-0.05825615,-0.14326635,-0.17082691,-0.15355287,-0.18883844,-0.15363488,2.8129492,-0.15362619,-0.16808087,-0.14331596,-0.15362817,-0.15694779,-0.25088155,-0.1536352,-0.22115314,-0.07562123,-0.086852394,-0.10702289,-0.060967896,-0.14768432,-0.16796505,-0.15746465,-0.22133875,-0.12812386,-0.0969081,-0.16398169,-0.12716047,-0.11335766,-0.18846886,-0.12894586,-0.17755464,-0.0994983,-0.115196005,-0.15355419,-0.11662802,-0.19749595,-0.14526704,-0.12781724,-0.096878245,-0.15355486,-0.15677664,-0.12434345,-0.11230643,-0.063823454,-0.15349276,-0.11419349,-0.10007019,-0.24483351,-0.15363568,-0.15694126,-0.16344379,-0.1759062,-0.12524253,-0.1536228,-0.0782174,-0.19187105,-0.18185812,-0.09859173,-0.11065883,-0.1533363,-0.1566656,-0.083404,-0.1213824,-0.13072303,-0.13855581,-0.19385117,-0.15360263,-0.1569451,-0.19487974,-0.23847799,-0.2432746,-0.12864497,-0.15345442,-0.15691969,-0.14520228,-0.2961179,-0.15363505,-0.19813283,-0.12885839,-0.1535784,-0.060104962,-0.15931924,-0.15363348,-0.2028091,-0.2868003,-0.11816878,-0.14795661,-0.10060286,-0.15349561,-0.13614628,-0.20725825,-0.17393659,-0.125103,-0.15657571,-0.15690626,-0.15363224,-0.15694723,-0.16221246,-0.22200036,-0.12900877,-0.2814266,-0.15363604,-0.1915083,-0.24371436,-0.16952515,-0.15356374,-0.13369927,-0.12557748,-0.15362945,-0.18106565,-0.15363583,-0.18642783,-0.15358725,-0.30462334,-0.15353629,-0.14691104,-0.13029914,-0.15362436,-0.15693633,-0.18915205,-0.12894025,-0.15362887,-0.10481856,-0.1650517,-0.15362678,-0.15694898,-0.15692526,-0.12856013,-0.15354297,-0.15691872,-0.15691072,-0.15692091,-0.15692848,-0.16505513,-0.17392421,-0.15362278,-0.15694262,-0.1569336,-0.15694308,-0.2025511,-0.15354379,-0.14723541,-0.15272905,-0.11499533,-0.10471026,-0.11893196,-0.15362608,-0.15688413,-0.12890382,-0.19501048,-0.15363297,-0.18738703,-0.11705899,-0.17429145,-0.15362614,-0.06652963,-0.15341036,-0.10737923,-0.124497145,-0.15298569,-0.052188452,-0.26007295
k__Bacteria|p__Firmicutes|c__Clostridia|o__Eubacteriales|f__Lachnospiraceae|g__Enterocloster|s__Enterocloster_lavalensis,-0.1004395,-0.12316422,-0.15299928,-0.15627047,-0.15627101,-0.23867357,-0.1666669,-0.16813041,-0.10929718,-0.22895765,-0.23728925,-0.15300803,-0.22850217,-0.3768707,-0.08556121,-0.15228686,-0.058144663,-0.15200663,-0.15615727,-0.19931981,-0.1978925,-0.12837793,-0.15294272,-0.12711628,-0.20043859,-0.11658599,-0.182019,-0.25032333,-0.1509206,-0.15295258,-0.15142563,-0.10844302,-0.18249588,-0.28454733,-0.15298444,-0.12870605,-0.15300359,-0.22338755,-0.15300873,-0.29867563,-0.15300885,-0.29356226,-0.12751535,-0.15274149,-0.13691942,-0.15299842,-0.23188588,-0.24781659,-0.1296162,-0.12871693,-0.24679694,-0.18279888,-0.25087595,-0.26027086,-0.28621647,-0.27511892,-0.11894142,-0.15284939,-0.040142577,-0.056944285,-0.15168487,-0.11274739,-0.13743341,-0.12851958,-0.15296942,-0.15626226,-0.15627064,-0.15627179,-0.27573854,-0.15294078,-0.12851928,-0.16243835,-0.12334165,-0.14074792,-0.15294532,-0.15887658,-0.14481027,-0.12867819,-0.18691605,-0.14998752,-0.15298653,-0.15623152,-0.15625265,-0.15614197,-0.120334074,-0.13700745,-0.08858878,-0.15297544,-0.19008024,-0.15299608,-0.2004665,-0.11139822,-0.1388583,-0.13027036,-0.1074974,-0.15152657,-0.15281753,-0.15577465,-0.10065024,-0.08152827,-0.09427856,-0.15290916,-0.11960925,-0.15027548,1.8701959,-0.1185138,-0.15294155,-0.15625933,-0.17738779,-0.15176103,-0.15300146,-0.25953975,-0.17989698,-0.13525523,-0.15299615,-0.15095688,-0.17780018,-0.2009549,-0.15296258,-0.09015879,-0.15245178,-0.12151222,-0.121854745,-0.13997786,-0.21433522,-0.13908121,-0.16057305,-0.15286425,-0.07092635,-0.15185893,-0.1548852,-0.18733518,-0.15255219,-0.128513,-0.12334781,-0.14100276,-0.15292153,-0.114095174,-0.25318068,-0.26654312,-0.12729341,-0.10945694,-0.15290475,-0.09238048,-0.20963459,-0.15299657,-0.15612662,-0.12772083,-0.15286836,-0.16015086,-0.1553517,-0.15300468,-0.19704957,-0.20616047,-0.12681982,-0.10460003,-0.11361031,-0.10256614,-0.15299076,-0.19495486,-0.15294853,-0.12762976,-0.15270892,-0.041086134,-0.12967405,-0.15300253,-0.2300741,-0.15296459,-0.10384405,-0.15046343,-0.0784167,-0.1527472,-0.12766197,-0.15277901,-0.121451,-0.075820275,-0.09192432,-0.101488546,-0.15251744,-0.15609677,-0.12378413,-0.15274972,-0.1410757,-0.13984437,-0.18093297,-0.15300685,-0.25777104,-0.12844054,-0.1528508,-0.13462572,-0.119081676,-0.1529526,-0.15626326,-0.15626623,-0.15626827,-0.19755594,-0.25103784,-0.20219928,-0.19465852,-0.24831252,-0.20506537,-0.22091979,-0.1529805,-0.12805885,-0.11956477,-0.15297031,-0.15625662,-0.20931396,-0.18224281,-0.15295754,-0.32474133,-0.15300335,-0.15627305,-0.15627107,-0.15627037,-0.2185038,-0.15295789,-0.114121355,-0.15296003,-0.15624648,-0.15625711,-0.22984435,-0.15299183,-0.15623072,-0.08963354,-0.15281071,-0.15618294,-0.15621692,-0.15621771,-0.13302092,-0.1051107,-0.14014931,-0.15141064,-0.15839578,-0.15615125,-0.14613561,-0.15298499,-0.12319561,-0.12862934,-0.15292212,-0.15627272,-0.1562719,-0.15627189,-0.15627281,-0.38518023,-0.11451449,-0.1529341,-0.15564899,-0.14443555,-0.16636807,-0.1529952,-0.15613917,4.8920674,-0.047159404,-0.14255115,-0.14016809,3.4231315,-0.15273577,4.43654,-0.1649412,-0.17166539,-0.15295476,-0.15619498,-0.12722544,-0.14610182,-0.2588673,-0.12831071,-0.15277562,-0.09132757,-0.12832497,-0.13684332,-0.16221203,-0.15659244,-0.12745306,-0.1525518,-0.15610304,-0.15619026,-0.15625119,-0.15740095,-0.19795567,-0.15106063,-0.07294749,-0.2039893,-0.15293625,-0.15618701,-0.104459345,-0.15247208,-0.17466888,-0.13176009,-0.15294713,-0.15109587,-0.10913184,-0.15266122,-0.05825615,-0.14326635,-0.17082691,-0.15283947,-0.18883844,-0.15300551,-0.31316653,-0.15298891,-0.16808087,-0.14331596,-0.15299153,-0.15626673,-0.25088155,-0.1530062,-0.22115314,-0.07562123,-0.086852394,-0.10702289,-0.060967896,-0.14121678,-0.16796505,-0.15746465,-0.22133875,-0.12812386,-0.0969081,-0.16398169,-0.12716047,-0.11335766,-0.18846886,-0.12861848,-0.17755464,-0.0994983,-0.115196005,-0.15284118,-0.11662802,-0.19749595,-0.14526704,-0.12781724,-0.096878245,-0.15283874,-0.15591633,-0.12434345,-0.11230643,-0.063823454,-0.15271688,-0.11419349,-0.10007019,-0.24483351,-0.15300706,-0.1562525,-0.16344379,-0.1759062,-0.12524253,-0.15298027,-0.0782174,-0.19187105,-0.18185812,-0.09859173,-0.11065883,-0.15239012,-0.15568787,-0.083404,-0.1213824,-0.13072303,-0.13855581,-0.19385117,-0.15294102,-0.15626086,-0.19487974,-0.23847799,-0.2432746,-0.12806444,-0.15263735,-0.15620972,-0.14520228,-0.2961179,-0.15300572,-0.19813283,-0.12846217,-0.15289196,-0.060104962,-0.15931924,-0.15300265,-0.2028091,-0.2868003,-0.11816878,-0.14795661,-0.10060286,-0.15272474,-0.13614628,-0.20725825,-0.17393659,-0.125103,-0.15657571,-0.15690626,-0.1530001,-0.15626524,-0.16221246,-0.22200036,-0.12874404,-0.2814266,-0.15300784,-0.1915083,-0.24371436,-0.16952515,-0.15286204,-0.13369927,-0.12557748,-0.1529945,-0.18106565,-0.15300736,4.7603693,-0.15291129,-0.30462334,-0.15280908,-0.14691104,-0.13029914,-0.15298396,-0.15624273,-0.18915205,-0.12860271,-0.15299293,-0.10481856,-0.1650517,-0.15298936,-0.15626897,-0.15621947,-0.12795222,-0.15281591,-0.15620871,-0.15619177,-0.15621299,-0.15622722,-0.16505513,-0.17392421,-0.15298118,-0.15625578,-0.15623769,-0.15625674,-0.2025511,-0.15354379,-0.14723541,-0.15122145,-0.11499533,-0.10471026,-0.11893196,-0.1529875,-0.15613654,-0.12853107,-0.19501048,-0.15300179,-0.18738703,-0.11705899,-0.17429145,-0.15298545,-0.06652963,-0.15254456,-0.10737923,-0.124497145,-0.15298569,-0.052188452,-0.26007295
k__Bacteria|p__Firmicutes|c__Tissierellia|o__Tissierellales|f__Peptoniphilaceae|g__Peptoniphilus|s__Peptoniphilus_phoceensis,-0.1004395,-0.12316422,-0.15332533,-0.1565872,-0.15658745,-0.23867357,-0.1666669,-0.16813041,-0.10929718,-0.22895765,-0.23728925,-0.15332973,-0.22850217,-0.3768707,-0.08556121,-0.1529524,-0.058144663,-0.15282965,-0.15652992,-0.19931981,-0.1978925,-0.12892321,-0.15329707,-0.12711628,-0.20043859,-0.11658599,-0.182019,-0.25032333,-0.1509206,-0.1533019,-0.15142563,-0.10844302,-0.18249588,3.7632933,-0.15331775,-0.12909922,-0.15332752,-0.22338755,-0.15333009,-0.29867563,-0.15333015,-0.29356226,-0.12845032,-0.15319467,-0.13691942,-0.15332499,-0.23188588,-0.24781659,-0.1296162,-0.12910491,-0.24679694,-0.18279888,-0.25087595,-0.26027086,-0.28621647,-0.27511892,-0.11894142,-0.15324974,-0.040142577,-0.056944285,-0.15266472,-0.11274739,-0.13743341,-0.12899816,-0.1533102,-0.1565831,-0.15658726,-0.15658784,-0.27573854,-0.15329412,-0.12899955,-0.16243835,-0.12334165,-0.14074792,-0.15329853,-0.15887658,-0.14481027,-0.12908462,-0.18691605,-0.14998752,-0.15331897,-0.15656766,-0.15657812,-0.15651894,-0.120334074,-0.13700745,-0.08858878,-0.15331346,-0.19008024,-0.15332378,-0.2004665,-0.11139822,-0.1388583,-0.13027036,-0.1074974,-0.15152657,-0.15323474,-0.15630758,-0.10065024,-0.08152827,-0.09427856,-0.15328038,-0.11960925,-0.15027548,-0.16982608,-0.1185138,-0.15329619,-0.15658163,-0.17738779,-0.15176103,-0.15332645,-0.25953975,-0.17989698,-0.13525523,-0.15332386,-0.15095688,-0.17780018,-0.2009549,-0.15330574,-0.09015879,-0.15305206,-0.12151222,-0.121854745,-0.13997786,-0.21433522,-0.13908121,-0.16057305,-0.15325788,-0.07092635,-0.15274604,-0.15588295,-0.18733518,-0.1530936,-0.12898576,-0.12334781,-0.14100276,-0.15328655,-0.114095174,-0.25318068,-0.26654312,-0.12828411,-0.10945694,-0.15327828,-0.09238048,-0.20963459,-0.15332404,-0.15651225,-0.12852943,-0.15325862,-0.16015086,-0.1553517,-0.15332806,-0.19704957,-0.20616047,-0.12799993,-0.10460003,-0.11361031,-0.10256614,-0.1533212,-0.19495486,-0.1532997,-0.12846075,-0.15317982,-0.041086134,-0.12967405,-0.15332696,-0.2300741,-0.15330799,-0.10384405,-0.15202385,-0.0784167,-0.15319705,-0.12766197,-0.15321492,-0.121451,-0.075820275,-0.09192432,-0.101488546,-0.15308267,-0.15650041,-0.12378413,-0.15318489,-0.1410757,-0.13984437,-0.18093297,-0.15332916,-0.25777104,-0.12844054,-0.15324739,-0.13462572,-0.119081676,-0.15330218,-0.15658355,-0.15658505,-0.15658608,-0.19755594,-0.25103784,-0.20219928,-0.19465852,-0.24831252,-0.20506537,-0.22091979,-0.15331572,-0.12872088,-0.11956477,-0.15331101,-0.15658024,-0.20931396,-0.18224281,-0.15330347,-0.32474133,-0.15332744,-0.15658848,-0.15658748,-0.15658715,-0.2185038,-0.15330282,-0.114121355,-0.15330534,-0.15657488,-0.15658045,-0.22984435,-0.15332168,-0.15656483,-0.08963354,-0.15322974,-0.15654373,-0.15656018,-0.15656108,-0.13302092,-0.1051107,-0.14014931,-0.15141064,-0.15839578,-0.15615125,-0.14613561,-0.15331835,-0.12319561,-0.12905966,-0.15328637,-0.15658832,-0.1565879,-0.15658788,-0.15658835,-0.38518023,-0.11451449,-0.15329278,-0.15564899,-0.14443555,-0.16636807,-0.1533233,-0.15652001,-0.12993515,-0.047159404,-0.14802828,-0.14016809,-0.14106366,-0.15319347,-0.19987361,-0.1649412,-0.17166539,-0.15330322,-0.15654996,-0.12722544,-0.14610182,-0.2588673,-0.12887454,-0.15321274,-0.09132757,-0.12832497,-0.13684332,-0.16221203,-0.15659244,-0.12834357,-0.15309617,-0.15650317,-0.15654716,-0.15657754,-0.15740095,-0.19795567,-0.15106063,-0.07294749,-0.2039893,-0.15329356,-0.15654562,-0.104459345,-0.15298986,-0.17466888,-0.13176009,-0.15329969,-0.15109587,-0.10913184,-0.15315194,-0.05825615,-0.14326635,-0.17082691,-0.15324515,-0.18883844,-0.15332845,-0.31316653,-0.15331991,-0.16808087,-0.14331596,-0.15332153,-0.15658528,-0.25088155,-0.1533288,-0.22115314,-0.07562123,-0.086852394,-0.10702289,-0.060967896,-0.14736989,-0.16796505,-0.15746465,-0.22133875,-0.12812386,-0.0969081,-0.16398169,-0.12716047,-0.11335766,-0.18846886,-0.12905313,-0.17755464,-0.0994983,-0.115196005,-0.15324605,-0.11662802,-0.19749595,-0.14526704,-0.12781724,-0.096878245,-0.15324537,-0.15640935,-0.12434345,-0.11230643,-0.063823454,-0.15318233,-0.11419349,-0.10007019,-0.24483351,-0.15332925,-0.1565781,-0.16344379,-0.1759062,-0.12524253,-0.15331596,-0.0782174,-0.19187105,-0.18185812,-0.09859173,-0.11065883,-0.15302089,-0.15629509,-0.083404,-0.1213824,-0.13072303,-0.13855581,-0.19385117,-0.15329593,-0.15658239,-0.19487974,-0.23847799,-0.2432746,-0.12874928,-0.15314354,-0.15655664,-0.14520228,-0.2961179,-0.1533286,-0.19813283,-0.12896469,-0.153271,-0.060104962,-0.15931924,-0.15332702,-0.2028091,-0.2868003,-0.11816878,-0.14795661,-0.10060286,-0.15318692,-0.13614628,-0.20725825,-0.17393659,-0.125103,-0.15657571,-0.15690626,-0.15332577,-0.15658459,-0.16221246,-0.22200036,-0.12911871,1.571052,-0.15332964,1.0052054,-0.24371436,-0.16952515,-0.15325296,-0.13369927,-0.12557748,-0.15332294,-0.18106565,-0.1533294,-0.18642783,-0.15327951,-0.30462334,-0.15322942,-0.14691104,-0.13029914,-0.15331772,-0.15657337,-0.18915205,-0.12904596,-0.1533222,-0.10481856,-0.1650517,-0.15332031,-0.15658644,-0.15656103,-0.12867221,-0.15323374,-0.15655594,-0.15654752,-0.15655808,-0.15656526,-0.16505513,-0.17392421,-0.15331621,-0.15657988,-0.15657078,-0.15658034,-0.2025511,-0.15354379,-0.14723541,-0.15242466,-0.11499533,-0.10471026,-0.11893196,-0.15331945,-0.15651774,-0.1290083,-0.19501048,-0.15332657,-0.18738703,-0.11705899,-0.17429145,-0.15331823,-0.06652963,-0.15309513,-0.10737923,-0.124497145,-0.15298569,-0.052188452,-0.26007295
k__Bacteria|p__Firmicutes|c__Clostridia|o__Eubacteriales|f__Oscillospiraceae|g__Oscillospiraceae_unclassified|s__Clostridium_leptum,-0.1004395,-0.12316422,-0.15332359,-0.15658996,-0.15659021,-0.23867357,-0.1666669,-0.16813041,-0.10929718,-0.22895765,-0.23728925,-0.15332831,-0.22850217,-0.3768707,-0.08556121,-0.15293935,-0.058144663,-0.15281121,-0.15652928,-0.19931981,-0.1978925,-0.12888435,-0.15329391,-0.12711628,-0.20043859,-0.11658599,-0.182019,-0.25032333,-0.1509206,-0.1532985,-0.15142563,-0.10844302,-0.18249588,-0.28454733,-0.15331523,-0.12906516,-0.15332597,-0.22338755,-0.15332866,-0.29867563,-0.15332873,-0.29356226,-0.12840569,-0.15318339,-0.13691942,-0.1533233,-0.23188588,-0.24781659,-0.1296162,-0.12907082,-0.24679694,-0.18279888,-0.25087595,-0.26027086,-0.28621647,-0.27511892,-0.11894142,-0.15324408,-0.040142577,-0.056944285,-0.15261775,-0.11274739,-0.13743341,-0.12895937,-0.15330732,-0.15658565,-0.15658998,-0.15659063,-0.27573854,-0.15328945,-0.12896161,-0.16243835,-0.12334165,-0.14074792,-0.15329537,-0.15887658,-0.14481027,-0.1290505,-0.18691605,-0.14998752,-0.15331693,-0.15656927,-0.15658018,-0.15651527,-0.120334074,-0.13700745,-0.08858878,-0.15331116,-0.19008024,-0.15332204,-0.2004665,-0.11139822,-0.1388583,-0.13027036,-0.1074974,-0.15152657,-0.15322831,-0.15629104,-0.10065024,-0.08152827,-0.09427856,-0.15327647,-0.11960925,-0.15027548,-0.16982608,-0.1185138,-0.15329243,-0.15658407,-0.17738779,-0.15176103,-0.15332478,-0.25953975,-0.17989698,-0.13525523,-0.15332209,-0.15095688,-0.17780018,-0.2009549,-0.15330154,-0.09015879,-0.1530382,-0.12151222,-0.121854745,-0.13997786,-0.21433522,-0.13908121,-0.16057305,-0.15325296,-0.07092635,-0.15271619,-0.15582797,-0.18733518,-0.15307042,-0.12894884,-0.12334781,-0.14100276,-0.15328279,-0.114095174,-0.25318068,-0.26654312,-0.12822637,-0.10945694,-0.15327425,-0.09238048,-0.20963459,-0.15332231,-0.1565066,-0.12848324,-0.15325311,-0.16015086,-0.1553517,-0.15332654,-0.19704957,-0.20616047,-0.12794407,-0.10460003,-0.11361031,-0.10256614,-0.15331936,-0.19495486,-0.15329577,-0.12840247,-0.15317191,-0.041086134,-0.12967405,-0.15332526,-0.2300741,-0.15330441,-0.10384405,-0.15196154,-0.0784167,-0.1531883,-0.12766197,-0.15320748,-0.121451,-0.075820275,-0.09192432,-0.101488546,-0.15306857,-0.15649912,-0.12378413,-0.15317595,-0.1410757,-0.13984437,-0.18093297,-0.15332769,-0.25777104,-0.12844054,-0.15323931,-0.13462572,-0.119081676,-0.15329957,-0.15658611,-0.15658768,-0.15658875,-0.19755594,-0.25103784,-0.20219928,-0.19465852,-0.24831252,-0.20506537,-0.22091979,-0.15331301,-0.128676,-0.11956477,-0.15330866,-0.15658255,-0.20931396,-0.18224281,-0.15329978,-0.32474133,-0.15332589,-0.15659131,-0.15659025,-0.15658991,-0.2185038,-0.1532991,-0.114121355,-0.15330204,-0.15657645,-0.15658277,-0.22984435,-0.1533199,-0.15656552,-0.08963354,-0.15322244,-0.1565446,-0.15656108,-0.15656275,-0.13302092,-0.1051107,-0.14014931,-0.15141064,-0.15839578,-0.15615125,-0.14613561,-0.15331647,-0.12319561,-0.12902349,-0.1532816,-0.15659112,-0.15659067,-0.15659069,-0.15659116,1.754242,-0.11451449,-0.15328908,-0.15564899,-0.14443555,-0.16636807,-0.15332137,-0.1565158,-0.12993515,-0.047159404,-0.14761108,-0.14016809,-0.14106366,-0.15318355,-0.19987361,-0.1649412,-0.17166539,-0.15330037,-0.15655132,-0.12722544,-0.14610182,-0.2588673,-0.12883714,-0.15320575,-0.09132757,-0.12832497,-0.13684332,-0.16221203,-0.15659244,-0.1282734,-0.15308091,-0.1565015,-0.15654793,-0.1565798,-0.15740095,-0.19795567,-0.15106063,-0.07294749,-0.2039893,-0.15328965,-0.15654676,-0.104459345,-0.15295628,-0.17466888,-0.13176009,-0.15329704,-0.15109587,-0.10913184,-0.15314102,-0.05825615,-0.14326635,-0.17082691,-0.15323833,-0.18883844,-0.15332693,2.1757367,-0.15331744,-0.16808087,-0.14331596,-0.15331963,-0.15658784,-0.25088155,-0.15332729,-0.22115314,-0.07562123,-0.086852394,-0.10702289,-0.060967896,-0.14690869,-0.16796505,-0.15746465,-0.22133875,-0.12812386,-0.0969081,-0.16398169,-0.12716047,-0.11335766,-0.18846886,-0.12901714,-0.17755464,-0.0994983,-0.115196005,-0.15323965,-0.11662802,-0.19749595,-0.14526704,-0.12781724,-0.096878245,-0.15324038,-0.15640292,-0.12434345,-0.11230643,-0.063823454,-0.15317355,-0.11419349,-0.10007019,-0.24483351,-0.1533278,-0.15657973,-0.16344379,-0.1759062,-0.12524253,-0.15331386,-0.0782174,-0.19187105,-0.18185812,-0.09859173,-0.11065883,-0.15300448,-0.15628287,-0.083404,-0.1213824,-0.13072303,-0.13855581,-0.19385117,-0.15329203,-0.15658487,-0.19487974,-0.23847799,-0.2432746,-0.12869805,-0.1531321,-0.1565574,-0.14520228,-0.2961179,-0.1533271,-0.19813283,-0.12892655,-0.15326583,-0.060104962,-0.15931924,-0.15332536,-0.2028091,-0.2868003,-0.11816878,-0.14795661,-0.10060286,-0.15317622,-0.13614628,-0.20725825,-0.17393659,-0.125103,-0.15657571,-0.15690626,-0.15332405,-0.15658718,-0.16221246,-0.22200036,-0.12908518,-0.2814266,-0.15332818,-0.1915083,-0.24371436,-0.16952515,-0.15324402,-0.13369927,-0.12557748,-0.15332103,-0.18106565,-0.15332797,-0.18642783,-0.15327305,-0.30462334,-0.15322053,-0.14691104,-0.13029914,-0.15331554,-0.15657541,-0.18915205,-0.12901028,-0.15332037,-0.10481856,-0.1650517,-0.15331817,-0.15658912,-0.15656067,-0.12861523,-0.15322763,-0.15655643,-0.15654783,-0.15655881,-0.1565669,-0.16505513,-0.17392421,-0.15331385,-0.15658225,-0.15657249,-0.15658274,-0.2025511,-0.15354379,-0.14723541,-0.15234992,-0.11499533,-0.10471026,-0.11893196,-0.15331739,-0.15651384,-0.12897274,-0.19501048,-0.15332487,-0.18738703,-0.11705899,-0.17429145,-0.15331557,-0.06652963,-0.15308425,-0.10737923,-0.124497145,-0.15298569,-0.052188452,-0.26007295
k__Bacteria|p__Firmicutes|c__Clostridia|o__Eubacteriales|f__Eubacteriales_unclassified|g__Gemmiger|s__Gemmiger_formicilis,-0.1004395,-0.12316422,-0.15366997,-0.15698358,-0.15698385,-0.23867357,-0.1666669,-0.16813041,-0.10929718,-0.22895765,-0.23728925,-0.15367484,-0.22850217,-0.3768707,-0.08556121,-0.15326503,-0.058144663,-0.15313855,-0.15692057,-0.19931981,-0.1978925,-0.12886703,-0.1536392,-0.12711628,-0.20043859,-0.11658599,-0.182019,-0.25032333,-0.1509206,-0.15364395,-0.15142563,-0.10844302,-0.18249588,-0.28454733,-0.15366113,-0.12906031,-0.15367243,-0.22338755,-0.15367521,-0.29867563,-0.15367527,-0.29356226,-0.1283541,-0.15352437,-0.13691942,-0.15366969,-0.23188588,-0.24781659,-0.1296162,-0.1290663,-0.24679694,-0.18279888,-0.25087595,-0.26027086,-0.28621647,-0.27511892,-0.11894142,-0.15358736,-0.040142577,-0.056944285,-0.15293986,-0.11274739,-0.13743341,-0.12894697,-0.15365309,-0.15697914,-0.15698361,-0.15698427,-0.27573854,-0.15363362,-0.12895018,-0.16243835,-0.12334165,-0.14074792,-0.15364082,-0.15887658,-0.14481027,-0.12904459,-0.18691605,-0.14998752,-0.15366307,-0.15696219,-0.15697344,-0.15690388,-0.120334074,-0.13700745,-0.08858878,-0.1536571,-0.19008024,-0.15366834,-0.2004665,-0.11139822,-0.1388583,-0.13027036,-0.1074974,-0.15152657,-0.15357137,-0.15665421,-0.10065024,-0.08152827,-0.09427856,-0.15362114,-0.11960925,-0.15027548,-0.16982608,-0.1185138,-0.15363762,-0.15697747,-0.17738779,-0.15176103,-0.1536712,-0.25953975,-0.17989698,-0.13525523,-0.15366843,-0.15095688,-0.17780018,-0.2009549,-0.15364653,-0.09015879,-0.15337428,-0.12151222,-0.121854745,-0.13997786,-0.21433522,-0.13908121,-0.16057305,-0.15359677,-0.07092635,-0.15303752,-0.15619385,-0.18733518,-0.15340576,-0.12893252,-0.12334781,-0.14100276,-0.15362774,-0.114095174,-0.25318068,-0.26654312,-0.12814899,-0.10945694,-0.15361892,-0.09238048,-0.20963459,-0.15366864,-0.15689594,-0.12842984,-0.15359655,-0.16015086,-0.1553517,-0.15367301,-0.19704957,-0.20616047,-0.12784785,-0.10460003,-0.11361031,-0.10256614,-0.1536656,-0.19495486,-0.15364075,-0.12833866,-0.15351257,-0.041086134,-0.12967405,-0.15367168,-0.2300741,-0.15364987,-0.10384405,-0.15224582,-0.0784167,-0.15352908,-0.12766197,-0.15354961,4.7778983,-0.075820275,-0.09192432,-0.101488546,-0.15340501,-0.15688947,-0.12378413,-0.15350898,-0.1410757,-0.13984437,-0.18093297,-0.15367422,-0.25777104,-0.12844054,-0.1535804,-0.13462572,-0.119081676,-0.1536451,-0.15697956,-0.15698123,-0.15698233,-0.19755594,-0.25103784,-0.20219928,-0.19465852,-0.24831252,-0.20506537,-0.22091979,-0.1536589,-0.12863564,-0.11956477,-0.15365453,-0.15697592,-0.20931396,-0.18224281,-0.15364486,-0.32474133,-0.15367235,-0.15698498,-0.1569839,-0.15698352,-0.2185038,-0.15364376,-0.114121355,-0.15364759,-0.15696958,-0.15697613,-0.22984435,-0.15366617,-0.1569573,-0.08963354,-0.1535648,-0.15693668,-0.15695368,-0.15695545,-0.13302092,-0.1051107,-0.14014931,-0.15141064,-0.15839578,-0.15615125,-0.14613561,-0.15366262,-0.12319561,-0.12901676,-0.1536265,-0.15698479,-0.15698433,-0.15698433,-0.15698484,6.9370093,-0.11451449,-0.15363431,-0.15564899,-0.14443555,-0.16636807,-0.15366766,-0.15690643,-0.12993515,-0.047159404,-0.14775364,-0.14016809,-0.14106366,-0.15352517,-0.19987361,-0.1649412,-0.17166539,-0.15364599,-0.1569437,-0.12722544,-0.14610182,-0.2588673,-0.1288121,-0.15354748,-0.09132757,-0.12832497,-0.13684332,-0.16221203,-0.15659244,-0.12819655,-0.15341674,-0.15689185,-0.15694007,-0.15697306,-0.15740095,-0.19795567,-0.15106063,-0.07294749,-0.2039893,-0.1536348,-0.1569388,-0.104459345,-0.15324694,-0.17466888,-0.13176009,-0.15364254,-0.15109587,-0.10913184,-0.1534791,-0.05825615,-0.14326635,-0.17082691,-0.15358174,-0.18883844,-0.15367341,6.5129337,-0.15366355,-0.16808087,-0.14331596,-0.15366587,-0.15698138,-0.25088155,-0.15367378,-0.22115314,-0.07562123,-0.086852394,-0.10702289,-0.060967896,-0.14703056,-0.16796505,-0.15746465,-0.22133875,-0.12812386,-0.0969081,-0.16398169,-0.12716047,-0.11335766,-0.18846886,-0.12900941,-0.17755464,-0.0994983,-0.115196005,-0.15358303,-0.11662802,-0.19749595,-0.14526704,-0.12781724,-0.096878245,-0.15358374,-0.15678951,-0.12434345,-0.11230643,-0.063823454,-0.15351379,-0.11419349,-0.10007019,-0.24483351,-0.15367432,-0.15697289,-0.16344379,-0.1759062,-0.12524253,-0.15365991,-0.0782174,-0.19187105,-0.18185812,-0.09859173,-0.11065883,-0.1533394,-0.15666527,-0.083404,-0.1213824,-0.13072303,-0.13855581,-0.19385117,-0.15363728,-0.15697834,-0.19487974,-0.23847799,-0.2432746,-0.12867323,-0.15347137,-0.15694986,-0.14520228,-0.2961179,-0.15367359,-0.19813283,-0.1289109,-0.15360996,-0.060104962,-0.15931924,-0.1536718,-0.2028091,-0.2868003,-0.11816878,-0.14795661,-0.10060286,-0.15351714,-0.13614628,-0.20725825,-0.17393659,-0.125103,-0.15657571,-0.15690626,-0.15367043,-0.15698072,-0.16221246,-0.22200036,-0.12908131,-0.2814266,-0.15367472,-0.1915083,-0.24371436,-0.16952515,-0.15358528,-0.13369927,-0.12557748,-0.15366732,-0.18106565,-0.15367448,-0.18642783,-0.15361682,-0.30462334,-0.15356335,-0.14691104,-0.13029914,-0.15366164,-0.15696856,-0.18915205,-0.12900224,-0.15366662,-0.10481856,-0.1650517,-0.15366435,-0.15698272,-0.15695274,-0.12857847,-0.15357056,-0.15694882,-0.15693986,-0.15695128,-0.15695956,-0.16505513,-0.17392421,-0.15365987,-0.15697563,-0.15696554,-0.15697613,-0.2025511,-0.15354379,-0.14723541,-0.15266195,-0.11499533,-0.10471026,-0.11893196,-0.15366355,-0.15690355,-0.1289626,-0.19501048,-0.15367128,-0.18738703,-0.11705899,-0.17429145,-0.15366134,-0.06652963,-0.15342057,-0.10737923,-0.124497145,-0.15298569,-0.052188452,-0.26007295
k__Bacteria|p__Firmicutes|c__Clostridia|o__Eubacteriales|f__Lachnospiraceae|g__Lachnospiraceae_unclassified|s__Lachnospiraceae_bacterium_oral_taxon_096,-0.1004395,-0.12316422,-0.15271965,-0.15601155,-0.15601182,-0.23867357,-0.1666669,-0.16813041,-0.10929718,-0.22895765,-0.23728925,-0.15272465,-0.22850217,-0.3768707,-0.08556121,-0.15230909,-0.058144663,-0.15217537,-0.1559471,-0.19931981,-0.1978925,-0.12807441,-0.1526881,-0.12711628,-0.20043859,-0.11658599,-0.182019,-0.25032333,-0.1509206,-0.15269297,-0.15142563,-0.10844302,-0.18249588,-0.28454733,-0.15271062,-0.12827131,-0.15272215,-0.22338755,-0.15272501,-0.29867563,-0.15272507,-0.29356226,-0.12755974,-0.15257062,-0.13691942,-0.15271933,-0.23188588,-0.24781659,-0.1296162,-0.12827738,-0.24679694,-0.18279888,-0.25087595,-0.26027086,-0.28621647,-0.27511892,-0.11894142,-0.15263513,-0.040142577,-0.056944285,-0.1519709,-0.11274739,-0.13743341,-0.12815663,-0.15270236,-0.15600699,-0.1560116,-0.15601227,-0.27573854,-0.1526832,-0.12815925,-0.16243835,-0.12334165,-0.14074792,-0.15268973,-0.15887658,-0.14481027,-0.12825525,-0.18691605,-0.14998752,-0.15271258,-0.15598962,-0.15600117,-0.15593106,-0.120334074,-0.13700745,-0.08858878,-0.15270644,-0.19008024,-0.15271798,-0.2004665,-0.11139822,-0.1388583,-0.13027036,-0.1074974,-0.15152657,-0.15261859,-0.15568879,-0.10065024,-0.08152827,-0.09427856,-0.15266962,-0.11960925,-0.15027548,-0.16982608,-0.1185138,-0.15268654,-0.1560053,-0.17738779,-0.15176103,-0.15272091,-0.25953975,-0.17989698,-0.13525523,-0.15271804,-0.15095688,-0.17780018,-0.2009549,-0.15269588,-0.09015879,-0.15241663,-0.12151222,-0.121854745,-0.13997786,-0.21433522,-0.13908121,-0.16057305,-0.15264466,-0.07092635,-0.15207332,-0.15520239,-0.18733518,-0.1524496,-0.1281444,-0.12334781,-0.14100276,-0.15267636,-0.114095174,-0.25318068,-0.26654312,-0.12735234,-0.10945694,-0.1526673,-0.09238048,-0.20963459,-0.15271828,-0.15592265,-0.12763244,-0.15264466,-0.16015086,-0.1553517,-0.15272275,-0.19704957,-0.20616047,-0.1270446,-0.10460003,-0.11361031,-0.10256614,-0.15271518,-0.19495486,-0.15268975,-0.12754554,-0.1525584,-0.041086134,-0.12967405,-0.1527214,-0.2300741,-0.15269908,-0.10384405,-0.15126851,-0.0784167,-0.15257582,-0.12766197,-0.1525964,-0.121451,-0.075820275,-0.09192432,-0.101488546,-0.15244871,-0.15591514,-0.12378413,-0.15255965,-0.1410757,-0.13984437,-0.18093297,-0.15272398,-0.25777104,-0.12844054,-0.15262951,-0.13462572,-0.119081676,-0.15269417,-0.15600747,-0.15600914,-0.15601029,-0.19755594,-0.25103784,-0.20219928,-0.19465852,-0.24831252,-0.20506537,-0.22091979,-0.15270834,-0.12784393,-0.11956477,-0.15270379,-0.15600368,-0.20931396,-0.18224281,-0.15269418,-0.32474133,-0.15272208,-0.15601298,-0.15601188,-0.1560115,-0.2185038,-0.15269327,-0.114121355,-0.15269676,-0.1559972,-0.15600392,-0.22984435,-0.15271571,-0.15598536,-0.08963354,-0.15261218,-0.15596348,-0.15598091,-0.15598272,-0.13302092,-0.1051107,-0.14014931,-0.15141064,-0.15839578,-0.15615125,-0.14613561,-0.15271209,-0.12319561,-0.12822658,-0.15267509,-0.1560128,-0.15601233,-0.15601233,-0.15601283,-0.38518023,-0.11451449,-0.15268305,-0.15564899,-0.14443555,-0.16636807,-0.15271728,-0.1559326,-0.12993515,-0.047159404,-0.14665598,-0.14016809,-0.14106366,-0.15257114,-0.19987361,-0.1649412,-0.17166539,-0.15269503,-0.1559706,-0.12722544,-0.14610182,-0.2588673,-0.12801953,-0.15259433,-0.09132757,-0.12832497,-0.13684332,-0.16221203,-0.15659244,-0.12740043,-0.15246126,-0.15591764,-0.15596697,-0.15600078,-0.15740095,-0.19795567,-0.15106063,-0.07294749,-0.2039893,-0.1526836,-0.15596572,-0.104459345,-0.15231591,-0.17466888,-0.13176009,-0.15269148,-0.15109587,-0.10913184,-0.15252528,-0.05825615,-0.14326635,-0.17082691,-0.1526292,-0.18883844,-0.15272316,-0.31316653,-0.15271309,-0.16808087,-0.14331596,-0.15271544,-0.1560093,-0.25088155,-0.15272355,-0.22115314,-0.07562123,-0.086852394,-0.10702289,-0.060967896,-0.1459122,-0.16796505,-0.15746465,-0.22133875,-0.12812386,-0.0969081,-0.16398169,-0.12716047,-0.11335766,-0.18846886,-0.12821937,-0.17755464,-0.0994983,-0.115196005,-0.15263054,-0.11662802,-0.19749595,-0.14526704,-0.12781724,-0.096878245,-0.15263131,-0.1558129,-0.12434345,-0.11230643,-0.063823454,-0.15256014,-0.11419349,-0.10007019,-0.24483351,-0.1527241,-0.15600058,-0.16344379,-0.1759062,-0.12524253,-0.1527093,-0.0782174,-0.19187105,-0.18185812,-0.09859173,-0.11065883,-0.15238085,-0.15568545,-0.083404,-0.1213824,-0.13072303,-0.13855581,-0.19385117,-0.15268613,-0.15600617,-0.19487974,-0.23847799,-0.2432746,-0.12787637,-0.15251632,-0.15597701,-0.14520228,-0.2961179,-0.15272336,-0.19813283,-0.1281193,-0.15265822,-0.060104962,-0.15931924,-0.15272152,-0.2028091,-0.2868003,-0.11816878,-0.14795661,-0.10060286,-0.15256312,-0.13614628,-0.20725825,-0.17393659,-0.125103,-0.15657571,-0.15690626,-0.15272012,-0.15600863,-0.16221246,-0.22200036,-0.12829275,-0.2814266,-0.1527245,-0.1915083,-0.24371436,-0.16952515,-0.15263437,-0.13369927,-0.12557748,-0.15271692,-0.18106565,-0.15272427,-0.18642783,-0.15266567,-0.30462334,-0.1526103,-0.14691104,-0.13029914,-0.1527111,-0.15599614,-0.18915205,-0.12821193,-0.15271619,-0.10481856,-0.1650517,-0.15271387,-0.15601067,-0.15598014,-0.12778084,-0.15261778,-0.15597595,-0.15596685,-0.1559785,-0.15598705,-0.16505513,-0.17392421,-0.1527093,-0.15600339,-0.15599304,-0.15600392,1.5986786,-0.15354379,-0.14723541,-0.15168628,-0.11499533,-0.10471026,-0.11893196,-0.15271305,-0.1559301,-0.12817164,-0.19501048,-0.15272099,-0.18738703,-0.11705899,3.0009198,-0.15271081,-0.06652963,-0.15246484,-0.10737923,-0.124497145,-0.15298569,-0.052188452,1.3505651
k__Bacteria|p__Firmicutes|c__Clostridia|o__Eubacteriales|f__Lachnospiraceae|g__Enterocloster|s__Enterocloster_asparagiformis,-0.1004395,-0.12316422,-0.15262261,-0.15592253,-0.15592287,-0.23867357,-0.1666669,-0.16813041,-0.10929718,-0.22895765,-0.23728925,-0.15262878,-0.22850217,-0.3768707,-0.08556121,-0.15211338,-0.058144663,-0.15194857,-0.15584302,-0.19931981,-0.1978925,-0.12787381,-0.15258354,-0.12711628,-0.20043859,-0.11658599,-0.182019,-0.25032333,-0.1509206,-0.15258959,-0.15142563,-0.10844302,-0.18249588,-0.28454733,-0.15261108,-0.12811519,-0.15262571,-0.22338755,-0.15262926,-0.29867563,-0.15262932,-0.29356226,-0.1272277,-0.15243858,-0.13691942,-0.15262222,-0.23188588,-0.24781659,-0.1296162,-0.12812284,-0.24679694,-0.18279888,-0.25087595,-0.26027086,-0.28621647,-0.27511892,-0.11894142,-0.15251833,-0.040142577,-0.056944285,-0.15170252,-0.11274739,-0.13743341,-0.12797546,-0.15260139,-0.1559169,-0.15592258,-0.15592341,-0.27573854,-0.15257722,-0.1279771,-0.16243835,-0.12334165,-0.14074792,-0.15258572,-0.15887658,-0.14481027,-0.128095,-0.18691605,-0.14998752,-0.15261392,-0.15589553,-0.1559098,-0.15581986,-0.120334074,-0.13700745,-0.08858878,-0.15260634,-0.19008024,-0.15262055,-0.2004665,-0.11139822,-0.1388583,-0.13027036,-0.1074974,-0.15152657,-0.15249795,-0.15550393,-0.10065024,-0.08152827,-0.09427856,-0.15256068,-0.11960925,-0.15027548,-0.16982608,-0.1185138,-0.15258172,-0.15591481,-0.17738779,-0.15176103,-0.15262419,-0.25953975,-0.17989698,-0.13525523,-0.15262064,-0.15095688,-0.17780018,-0.2009549,-0.15259275,-0.09015879,-0.15224823,-0.12151222,-0.121854745,-0.13997786,-0.21433522,-0.13908121,-0.16057305,-0.1525299,-0.07092635,-0.15182433,-0.15493116,-0.18733518,-0.15229069,-0.12795952,-0.12334781,-0.14100276,-0.15256917,-0.114095174,-0.25318068,-0.26654312,-0.1270146,-0.10945694,-0.15255794,-0.09238048,-0.20963459,-0.15262094,-0.15581042,-0.12734132,-0.15252998,-0.16015086,-0.1553517,-0.15262645,-0.19704957,-0.20616047,-0.12665054,-0.10460003,-0.11361031,-0.10256614,-0.15261707,-0.19495486,-0.15258472,-0.12724712,-0.15242296,-0.041086134,-0.12967405,-0.15262482,-0.2300741,-0.15259625,-0.10384405,-0.1508307,-0.0784167,-0.15244514,-0.12766197,-0.15247047,-0.121451,-0.075820275,-0.09192432,-0.101488546,-0.15228838,-0.15580338,-0.12378413,-0.15241642,-0.1410757,-0.13984437,-0.18093297,-0.15262797,-0.25777104,-0.12844054,-0.15250838,-0.13462572,-0.119081676,-0.15259108,-0.15591747,-0.15591955,-0.15592097,-0.19755594,-0.25103784,-0.20219928,-0.19465852,-0.24831252,-0.20506537,-0.22091979,-0.15260848,-0.12759581,-0.11956477,-0.15260299,-0.15591285,-0.20931396,-0.18224281,-0.15259051,1.5241412,-0.15262562,-0.15592429,-0.15592293,-0.15592246,1.7530811,-0.1525895,-0.114121355,-0.15259448,-0.15590498,-0.15591311,-0.22984435,-0.15261777,-0.15588948,-0.08963354,-0.15249005,-0.15586308,-0.15588485,-0.15588684,-0.13302092,-0.1051107,-0.14014931,-0.15141064,-0.15839578,-0.15615125,-0.14613561,-0.15261322,-0.12319561,-0.12806007,-0.15256801,-0.15592407,-0.15592349,-0.15592349,-0.15592413,-0.38518023,-0.11451449,-0.15257753,-0.15564899,-0.14443555,-0.16636807,-0.15261975,-0.15582475,-0.12993515,-0.047159404,-0.14518619,-0.14016809,-0.14106366,-0.15243988,-0.19987361,-0.1649412,-0.17166539,-0.15259224,-0.15587184,-0.12722544,-0.14610182,-0.2588673,-0.12781172,-0.15246792,-0.09132757,-0.12832497,-0.13684332,-0.16221203,-0.15659244,-0.12709144,-0.15230432,-0.15580666,-0.1558674,-0.15590921,-0.15740095,-0.19795567,-0.15106063,-0.07294749,-0.2039893,-0.1525783,-0.15586585,-0.104459345,-0.15212214,-0.17466888,-0.13176009,-0.15258773,-0.15109587,-0.10913184,-0.15238279,-0.05825615,-0.14326635,-0.17082691,-0.1525113,-0.18883844,-0.15262699,-0.31316653,-0.1526146,-0.16808087,-0.14331596,-0.15261742,-0.15591976,-0.25088155,-0.15262745,-0.22115314,-0.07562123,-0.086852394,-0.10702289,0.9884387,-0.14427507,2.175748,1.7376152,-0.22133875,-0.12812386,-0.0969081,-0.16398169,-0.12716047,-0.11335766,-0.18846886,-0.12805097,-0.17755464,-0.0994983,-0.115196005,-0.15251279,-0.11662802,-0.19749595,-0.14526704,-0.12781724,-0.096878245,-0.15251333,-0.15567744,-0.12434345,-0.11230643,-0.063823454,-0.15242565,-0.11419349,-0.10007019,-0.24483351,-0.15262812,-0.15590855,-0.16344379,-0.1759062,-0.12524253,-0.15260985,-0.0782174,-0.19187105,-0.18185812,-0.09859173,-0.11065883,-0.15220445,-0.15552007,-0.083404,-0.1213824,-0.13072303,-0.13855581,-0.19385117,-0.15258145,-0.15591586,-0.19487974,-0.23847799,-0.2432746,-0.1276393,-0.15237188,-0.15587996,-0.14520228,-0.2961179,-0.1526272,-0.19813283,-0.12793025,-0.152547,-0.060104962,-0.15931924,-0.15262493,-0.2028091,-0.2868003,-0.11816878,-0.14795661,-0.10060286,-0.15242985,-0.13614628,-0.20725825,-0.17393659,-0.125103,-0.15657571,-0.15690626,-0.1526232,-0.15591891,-0.16221246,-0.22200036,-0.12814182,-0.2814266,-0.15262863,-0.1915083,-0.24371436,-0.16952515,-0.15251362,-0.13369927,-0.12557748,-0.15261927,-0.18106565,-0.15262832,-0.18642783,-0.15255482,-0.30462334,-0.15248846,-0.14691104,-0.13029914,-0.1526121,-0.1559035,-0.18915205,-0.12804124,-0.15261835,-0.10481856,-0.1650517,-0.15261556,-0.15592146,-0.15588246,-0.12753233,-0.15249678,-0.15587875,-0.15586746,-0.15588188,-0.15589222,-0.16505513,-0.17392421,-0.15260991,-0.15591246,-0.15589975,-0.15591311,-0.2025511,-0.15354379,-0.14723541,-0.15135641,-0.11499533,-0.10471026,-0.11893196,-0.1526145,-0.1558193,-0.1279918,-0.19501048,-0.15262431,-0.18738703,-0.11705899,-0.17429145,-0.15261076,-0.06652963,-0.15230712,-0.10737923,-0.124497145,-0.15298569,-0.052188452,-0.26007295
k__Bacteria|p__Firmicutes|c__CFGB76352|o__OFGB76352|f__FGB76352|g__GGB4593|s__GGB4593_SGB6353,-0.1004395,-0.12316422,-0.1527176,-0.15601605,-0.15601632,-0.23867357,-0.1666669,-0.16813041,-0.10929718,6.0127916,6.31877,-0.15272243,5.3725147,3.2201297,-0.08556121,-0.15231653,-0.058144663,-0.15218988,-0.15595376,-0.19931981,-0.1978925,-0.12803584,-0.15268716,-0.12711628,-0.20043859,-0.11658599,-0.182019,-0.25032333,-0.1509206,-0.15269196,-0.15142563,-0.10844302,-0.18249588,-0.28454733,-0.15270907,-0.12822087,-0.15272003,-0.22338755,-0.1527228,-0.29867563,-0.15272287,-0.29356226,-0.12753275,-0.152574,-0.13691942,-0.15271732,-0.23188588,-0.24781659,-0.1296162,-0.12822667,-0.24679694,-0.18279888,-0.25087595,-0.26027086,-0.28621647,-0.27511892,-0.11894142,-0.15263605,-0.040142577,-0.056944285,-0.15199628,-0.11274739,-0.13743341,-0.12811333,-0.15270096,-0.15601164,-0.15601608,-0.15601675,-0.27573854,-0.15268277,-0.12811442,-0.16243835,-0.12334165,-0.14074792,-0.15268871,-0.15887658,-0.14481027,-0.12820551,-0.18691605,-0.14998752,-0.1527108,-0.15599492,-0.15600607,-0.15593937,-0.120334074,-0.13700745,-0.08858878,-0.15270485,-0.19008024,-0.15271601,-0.2004665,-0.11139822,-0.1388583,-0.13027036,-0.1074974,-0.15152657,-0.1526201,-0.15570275,-0.10065024,-0.08152827,-0.09427856,-0.15266931,-0.11960925,-0.15027548,-0.16982608,-0.1185138,-0.15268573,-0.15601003,-0.17738779,-0.15176103,-0.15271884,-0.25953975,-0.17989698,-0.13525523,-0.15271607,-0.15095688,-0.17780018,-0.2009549,-0.15269515,-0.09015879,-0.15242478,-0.12151222,-0.121854745,-0.13997786,-0.21433522,-0.13908121,-0.16057305,-0.15264522,-0.07092635,-0.15209204,-0.15523815,-0.18733518,-0.1524589,-0.12809941,-0.12334781,-0.14100276,-0.15267581,-0.114095174,-0.25318068,-0.26654312,-0.1273725,-0.10945694,-0.15266703,-0.09238048,-0.20963459,-0.15271631,-0.15593064,-0.12762162,-0.15264508,-0.16015086,-0.1553517,-0.15272062,-0.19704957,-0.20616047,-0.12706527,-0.10460003,-0.11361031,-0.10256614,-0.15271328,-0.19495486,-0.15268938,-0.12754685,-0.15256162,-0.041086134,-0.12967405,-0.15271932,-0.2300741,-0.1526982,-0.10384405,-0.15131423,-0.0784167,-0.15257865,-0.12766197,-0.15259853,-0.121451,-0.075820275,-0.09192432,-0.101488546,-0.15245618,-0.15592286,-0.12378413,-0.15256113,-0.1410757,-0.13984437,-0.18093297,-0.15272182,-0.25777104,-0.12844054,-0.15263121,-0.13462572,-0.119081676,-0.15269293,-0.15601209,-0.15601373,-0.15601483,-0.19755594,-0.25103784,-0.20219928,-0.19465852,-0.24831252,-0.20506537,-0.22091979,-0.15270688,-0.12782136,-0.11956477,-0.15270229,-0.15600848,-0.20931396,-0.18224281,-0.15269311,-0.32474133,-0.15271994,-0.15601744,-0.15601638,-0.156016,-0.2185038,-0.15269235,-0.114121355,-0.15269557,-0.15600228,-0.15600872,-0.22984435,-0.1527138,-0.15599059,-0.08963354,-0.15261379,-0.15596953,-0.15598652,-0.15598814,-0.13302092,-0.1051107,-0.14014931,-0.15141064,-0.15839578,-0.15615125,-0.14613561,-0.15271027,-0.12319561,-0.12817806,-0.15267476,-0.15601726,-0.15601681,-0.15601681,-0.15601729,-0.38518023,-0.11451449,-0.15268233,-0.15564899,-0.14443555,-0.16636807,-0.15271536,-0.15594071,-0.12993515,-0.047159404,-0.1468797,-0.14016809,-0.14106366,-0.15257442,-0.19987361,-0.1649412,-0.17166539,-0.15269385,-0.15597641,-0.12722544,-0.14610182,-0.2588673,-0.1279893,-0.15259665,-0.09132757,-0.12832497,-0.13684332,-0.16221203,-0.15659244,-0.12743367,-0.1524685,-0.15592542,-0.15597296,-0.15600564,-0.15740095,-0.19795567,-0.15106063,-0.07294749,-0.2039893,-0.15268289,-0.15597174,-0.104459345,-0.15234295,-0.17466888,-0.13176009,-0.15269037,-0.15109587,-0.10913184,-0.1525299,-0.05825615,-0.14326635,-0.17082691,-0.15263042,-0.18883844,-0.15272103,-0.31316653,-0.15271139,-0.16808087,-0.14331596,-0.15271355,-0.15601389,-0.25088155,-0.15272139,-0.22115314,-0.07562123,-0.086852394,-0.10702289,-0.060967896,-0.14616926,-0.16796505,-0.15746465,-0.22133875,-0.12812386,-0.0969081,-0.16398169,-0.12716047,-0.11335766,-0.18846886,-0.12817186,-0.17755464,-0.0994983,-0.115196005,-0.15263167,-0.11662802,-0.19749595,-0.14526704,-0.12781724,-0.096878245,-0.1526322,-0.15582445,-0.12434345,-0.11230643,-0.063823454,-0.15256342,-0.11419349,-0.10007019,-0.24483351,-0.15272194,-0.15600568,-0.16344379,-0.1759062,-0.12524253,-0.1527076,-0.0782174,-0.19187105,-0.18185812,-0.09859173,-0.11065883,-0.15239051,-0.15570113,-0.083404,-0.1213824,-0.13072303,-0.13855581,-0.19385117,-0.15268537,-0.15601085,-0.19487974,-0.23847799,-0.2432746,-0.12785088,-0.15252134,-0.15598273,-0.14520228,-0.2961179,-0.1527212,-0.19813283,-0.1280796,-0.15265845,-0.060104962,-0.15931924,-0.15271944,-0.2028091,-0.2868003,-0.11816878,-0.14795661,-0.10060286,-0.15256678,-0.13614628,-0.20725825,-0.17393659,-0.125103,-0.15657571,-0.15690626,-0.15271807,-0.15601324,-0.16221246,-0.22200036,-0.12824146,-0.2814266,-0.15272231,-0.1915083,-0.24371436,-0.16952515,-0.15263563,-0.13369927,-0.12557748,-0.152715,-0.18106565,-0.15272208,-0.18642783,-0.15266585,-0.30462334,-0.15261239,-0.14691104,-0.13029914,-0.15270936,-0.15600117,-0.18915205,-0.12816466,-0.15271428,-0.10481856,-0.1650517,-0.15271208,-0.15601522,-0.15598637,-0.12777606,-0.15261918,-0.15598176,-0.15597291,-0.1559842,-0.15599234,-0.16505513,-0.17392421,-0.15270764,-0.15600815,-0.1559982,-0.15600868,-0.2025511,-0.15354379,-0.14723541,-0.15172416,-0.11499533,-0.10471026,-0.11893196,-0.15271126,-0.15593807,-0.1281257,-0.19501048,-0.15271893,-0.18738703,-0.11705899,-0.17429145,-0.15270945,-0.06652963,-0.15247071,-0.10737923,-0.124497145,-0.15298569,-0.052188452,-0.26007295
k__Bacteria|p__Firmicutes|c__Bacilli|o__Lactobacillales|f__Lactobacillaceae|g__Limosilactobacillus|s__Limosilactobacillus_reuteri,-0.1004395,-0.12316422,-0.15362081,-0.15693435,-0.15693466,-0.23867357,-0.1666669,-0.16813041,-0.10929718,-0.22895765,-0.23728925,-0.15362634,-0.22850217,-0.3768707,-0.08556121,-0.15315914,-0.058144663,-0.15301257,-0.15686277,-0.19931981,-0.1978925,-0.1287921,-0.1535857,-0.12711628,-0.20043859,-0.11658599,-0.182019,-0.25032333,-0.1509206,-0.15359123,-0.15142563,-0.10844302,-0.18249588,-0.28454733,-0.1536108,-0.1290119,-0.15362358,-0.22338755,-0.15362677,-0.29867563,-0.15362683,-0.29356226,-0.12820947,-0.15345557,-0.13691942,-0.15362044,-0.23188588,-0.24781659,-0.1296162,-0.12901866,-0.24679694,-0.18279888,-0.25087595,-0.26027086,-0.28621647,-0.27511892,-0.11894142,-0.15352683,-0.040142577,-0.056944285,-0.1527909,-0.11274739,-0.13743341,-0.12888359,-0.15360165,-0.15692925,-0.1569344,-0.15693514,-0.27573854,-0.15358004,-0.12888709,-0.16243835,-0.12334165,-0.14074792,-0.15358752,-0.15887658,-0.14481027,-0.12899387,-0.18691605,-0.14998752,-0.15361294,-0.15691,-0.15692285,-0.1568445,-0.120334074,-0.13700745,-0.08858878,-0.1536061,-0.19008024,-0.15361893,-0.2004665,-0.11139822,-0.1388583,-0.13027036,-0.1074974,-0.15152657,-0.1535083,-0.15656249,-0.10065024,-0.08152827,-0.09427856,-0.15356508,-0.11960925,-0.15027548,-0.16982608,-0.1185138,-0.1535841,-0.1569274,-0.17738779,-0.15176103,-0.15362221,-0.25953975,-0.17989698,-0.13525523,-0.15361902,-0.15095688,-0.17780018,-0.2009549,-0.15359452,-0.09015879,-0.15328321,-0.12151222,-0.121854745,-0.13997786,-0.21433522,-0.13908121,-0.16057305,-0.15353727,-0.07092635,-0.15290059,-0.15603988,-0.18733518,-0.15332258,-0.12886785,-0.12334781,-0.14100276,-0.15357263,-0.114095174,-0.25318068,-0.26654312,-0.12798586,-0.10945694,-0.15356253,-0.09238048,-0.20963459,-0.15361927,-0.15683559,-0.12830092,-0.15353736,-0.16015086,-0.1553517,-0.15362424,-0.19704957,-0.20616047,-0.12764817,-0.10460003,-0.11361031,-0.10256614,-0.15361579,-0.19495486,-0.15358761,-0.12819654,-0.15344092,-0.041086134,-0.12967405,-0.15362278,-0.2300741,-0.15359801,-0.10384405,-0.15200165,-0.0784167,-0.15346076,-0.12766197,-0.1534836,-0.121451,-0.075820275,-0.09192432,-0.101488546,-0.1533191,-0.15682693,-0.12378413,-0.15343964,-0.1410757,-0.13984437,-0.18093297,-0.15362562,-0.25777104,-0.12844054,-0.15352005,-0.13462572,-0.119081676,-0.15359235,-0.15692979,-0.15693167,-0.15693295,-0.19755594,-0.25103784,-0.20219928,-0.19465852,-0.24831252,-0.20506537,-0.22091979,-0.15360834,-0.12853223,-0.11956477,-0.15360314,-0.15692562,-0.20931396,-0.18224281,-0.15359257,-0.32474133,-0.15362349,-0.15693595,-0.15693471,-0.15693429,-0.2185038,-0.1535917,-0.114121355,-0.15359549,-0.15691853,-0.15692589,-0.22984435,-0.15361641,-0.15690532,-0.08963354,-0.15350136,-0.15688077,-0.15690039,-0.1569022,-0.13302092,-0.1051107,-0.14014931,-0.15141064,-0.15839578,-0.15615125,-0.14613561,-0.15361235,-0.12319561,-0.12896211,-0.15357152,-0.15693574,-0.15693521,-0.15693521,-0.15693578,-0.38518023,-0.11451449,-0.15358016,4.0343227,5.837592,-0.16636807,-0.15361819,-0.15684736,-0.12993515,-0.047159404,-0.14691052,-0.14016809,-0.14106366,-0.15345597,-0.19987361,-0.1649412,-0.17166539,-0.15359342,-0.15688865,-0.12722544,-0.14610182,-0.2588673,-0.1287303,-0.15348113,5.0672793,-0.12832497,4.076023,5.7620926,8.919767,-0.12805626,-0.15333383,-0.1568299,-0.15688471,-0.15692237,-0.15740095,-0.19795567,-0.15106063,-0.07294749,-0.2039893,-0.15358086,-0.15688321,-0.104459345,-0.15315855,-0.17466888,-0.13176009,-0.15358937,-0.15109587,-0.10913184,-0.15340394,-0.05825615,-0.14326635,-0.17082691,-0.15352044,-0.18883844,-0.15362471,-0.31316653,-0.15361363,-0.16808087,-0.14331596,-0.15361612,-0.15693185,-0.25088155,-0.15362515,-0.22115314,-0.07562123,-0.086852394,-0.10702289,-0.060967896,-0.14608958,-0.16796505,-0.15746465,-0.22133875,-0.12812386,-0.0969081,-0.16398169,-0.12716047,-0.11335766,-0.18846886,-0.12895383,-0.17755464,-0.0994983,-0.115196005,-0.1535218,-0.11662802,-0.19749595,-0.14526704,-0.12781724,-0.096878245,-0.15352231,-0.15671322,-0.12434345,-0.11230643,-0.063823454,-0.15344301,-0.11419349,-0.10007019,-0.24483351,-0.15362573,-0.15692228,-0.16344379,-0.1759062,-0.12524253,-0.15360928,-0.0782174,-0.19187105,-0.18185812,-0.09859173,-0.11065883,-0.15324354,-0.15657133,-0.083404,-0.1213824,5.786752,-0.13855581,-0.19385117,-0.1535837,-0.15692836,-0.19487974,-0.23847799,-0.2432746,-0.12857369,-0.15339455,-0.15689602,-0.14520228,-0.2961179,-0.15362492,-0.19813283,-0.1288426,-0.15355262,-0.060104962,-0.15931924,-0.1536229,-0.2028091,-0.2868003,-0.11816878,-0.14795661,-0.10060286,-0.15344706,-0.13614628,-0.20725825,-0.17393659,-0.125103,-0.15657571,-0.15690626,-0.15362132,-0.1569311,-0.16221246,-0.22200036,-0.1290358,-0.2814266,-0.1536262,-0.1915083,-0.24371436,-0.16952515,-0.15352553,-0.13369927,-0.12557748,-0.15361778,-0.18106565,-0.1536259,-0.18642783,-0.15356104,-0.30462334,-0.15349977,-0.14691104,-0.13029914,-0.1536113,-0.1569172,-0.18915205,-0.12894559,-0.15361694,-0.10481856,-0.1650517,-0.15361443,-0.15693337,-0.15689962,-0.12846825,-0.15350732,-0.15689489,-0.15688469,-0.15689768,-0.15690705,-0.16505513,-0.17392421,-0.15360934,-0.15692526,-0.15691382,-0.15692586,-0.2025511,-0.15354379,-0.14723541,-0.15247849,-0.11499533,-0.10471026,-0.11893196,-0.15361348,-0.15684406,-0.1289002,-0.19501048,-0.1536223,-0.18738703,-0.11705899,-0.17429145,-0.15361108,-0.06652963,-0.15333608,-0.10737923,-0.124497145,-0.15298569,-0.052188452,-0.26007295
k__Bacteria|p__Firmicutes|c__Clostridia|o__Eubacteriales|f__Clostridiaceae|g__Clostridium|s__Clostridium_sp_AF20_17LB,-0.1004395,-0.12316422,-0.15279716,-0.15604334,-0.15604353,-0.23867357,-0.1666669,-0.16813041,-0.10929718,-0.22895765,-0.23728925,-0.15280059,-0.22850217,-0.3768707,-0.08556121,-0.15250349,-0.058144663,-0.15240711,-0.15599883,-0.19931981,-0.1978925,-0.12854587,-0.15277502,-0.12711628,-0.20043859,-0.11658599,-0.182019,-0.25032333,-0.1509206,-0.15277891,-0.15142563,-0.10844302,-0.18249588,-0.28454733,-0.15279102,-0.12868696,-0.15279885,-0.22338755,-0.15280086,-0.29867563,-0.15280089,-0.29356226,-0.12815769,-0.15269554,-0.13691942,-0.15279686,-0.23188588,-0.24781659,-0.1296162,-0.12869145,-0.24679694,-0.18279888,-0.25087595,4.055583,3.5687792,2.5806289,-0.11894142,-0.15273814,-0.040142577,-0.056944285,-0.15228337,-0.11274739,-0.13743341,-0.1286084,-0.15278544,-0.15604015,-0.1560434,-0.15604383,-0.27573854,-0.15277332,-0.12860681,-0.16243835,-0.12334165,-0.14074792,-0.15277621,-0.15887658,-0.14481027,-0.12867491,-0.18691605,-0.14998752,-0.15279222,-0.15602815,-0.15603633,-0.15598948,-0.120334074,-0.13700745,-0.08858878,-0.1527879,-0.19008024,-0.15279594,-0.2004665,-0.11139822,-0.1388583,-0.13027036,-0.1074974,-0.15152657,-0.15272643,-0.15581894,-0.10065024,-0.08152827,-0.09427856,-0.15276204,-0.11960925,-0.15027548,-0.16982608,-0.1185138,-0.15277451,-0.156039,-0.17738779,-0.15176103,-0.15279803,-0.25953975,-0.17989698,-0.13525523,-0.152796,-0.15095688,-0.17780018,-0.2009549,-0.15278193,-0.09015879,-0.15258308,-0.12151222,-0.121854745,-0.13997786,-0.21433522,-0.13908121,-0.16057305,-0.15274447,-0.07092635,-0.1523432,-0.15549764,-0.18733518,-0.1526173,-0.12859859,-0.12334781,-0.14100276,-0.15276691,-0.114095174,-0.25318068,2.454287,-0.12803163,-0.10945694,-0.15276039,-0.09238048,-0.20963459,-0.15279613,-0.15598547,-0.1282346,-0.15274535,-0.16015086,-0.1553517,-0.1527993,-0.19704957,-0.20616047,-0.12779234,-0.10460003,-0.11361031,-0.10256614,-0.15279391,-0.19495486,-0.15277684,-0.12818448,-0.15268302,-0.041086134,-0.12967405,-0.15279843,-0.2300741,-0.15278357,-0.10384405,-0.15177831,-0.0784167,-0.15269764,-0.12766197,-0.15271102,-0.121451,-0.075820275,-0.09192432,-0.101488546,-0.15260783,-0.15597552,-0.12378413,-0.15268163,-0.1410757,-0.13984437,-0.18093297,-0.15280014,-0.25777104,-0.12844054,-0.15273571,-0.13462572,-0.119081676,-0.15277906,-0.15604052,-0.15604167,-0.15604246,-0.19755594,-0.25103784,-0.20219928,-0.19465852,-0.24831252,-0.20506537,-0.22091979,-0.15278968,-0.12839206,-0.11956477,-0.15278593,-0.15603791,-0.20931396,-0.18224281,-0.15277997,-0.32474133,-0.15279877,-0.15604433,-0.15604356,-0.15604329,-0.2185038,-0.1527795,-0.114121355,-0.15278171,-0.15603384,-0.1560381,-0.22984435,-0.1527943,-0.15602641,-0.08963354,-0.15272287,-0.15600935,-0.15602238,-0.15602288,-0.13302092,-0.1051107,-0.14014931,-0.15141064,-0.15839578,-0.15615125,-0.14613561,-0.15279165,-0.12319561,-0.12865628,-0.15276694,-0.15604421,-0.15604387,-0.15604389,-0.15604423,-0.38518023,-0.11451449,-0.1527718,-0.15564899,-0.14443555,-0.16636807,-0.15279557,-0.15599129,-0.12993515,-0.047159404,-0.1486899,-0.14016809,-0.14106366,-0.15269446,-0.19987361,-0.1649412,-0.17166539,-0.15277988,-0.15601411,-0.12722544,-0.14610182,-0.2588673,-0.12850702,-0.15270916,-0.09132757,-0.12832497,-0.13684332,-0.16221203,-0.15659244,-0.12808187,-0.15261902,-0.1559778,-0.15601206,-0.15603581,-0.15740095,-0.19795567,-0.15106063,-0.07294749,-0.2039893,-0.15277246,-0.15601088,-0.104459345,-0.152522,-0.17466888,-0.13176009,-0.15277703,-0.15109587,-0.10913184,-0.15266201,-0.05825615,-0.14326635,-0.17082691,-0.15273477,-0.18883844,-0.1527996,-0.31316653,-0.15279302,-0.16808087,-0.14331596,-0.15279418,-0.15604186,-0.25088155,-0.15279986,-0.22115314,-0.07562123,-0.086852394,-0.10702289,-0.060967896,-0.14817724,-0.16796505,-0.15746465,-0.22133875,-0.12812386,-0.0969081,-0.16398169,-0.12716047,-0.11335766,-0.18846886,-0.12865059,-0.17755464,-0.0994983,-0.115196005,-0.15273532,-0.11662802,-0.19749595,-0.14526704,-0.12781724,-0.096878245,-0.15273452,-0.15590456,-0.12434345,-0.11230643,-0.063823454,-0.15268569,-0.11419349,-0.10007019,-0.24483351,-0.1528002,-0.1560362,-0.16344379,-0.1759062,-0.12524253,-0.15278982,-0.0782174,-0.19187105,-0.18185812,-0.09859173,-0.11065883,-0.15255885,-0.155815,-0.083404,-0.1213824,-0.13072303,-0.13855581,-0.19385117,-0.15277436,-0.15603958,-0.19487974,-0.23847799,-0.2432746,-0.12841344,-0.1526553,-0.15601952,-0.14520228,-0.2961179,-0.1527997,-0.19813283,-0.12858048,-0.15275489,-0.060104962,-0.15931924,-0.15279847,-0.2028091,-0.2868003,-0.11816878,-0.14795661,-0.10060286,-0.1526895,-0.13614628,-0.20725825,-0.17393659,-0.125103,-0.15657571,-0.15690626,-0.15279749,-0.1560413,-0.16221246,-0.22200036,-0.12870231,-0.2814266,-0.1528005,-0.1915083,-0.24371436,-0.16952515,-0.15274051,-0.13369927,-0.12557748,-0.1527953,-0.18106565,-0.15280035,-0.18642783,-0.1527614,-0.30462334,-0.15272272,-0.14691104,-0.13029914,-0.15279122,-0.15603258,-0.18915205,-0.12864432,-0.15279469,-0.10481856,-0.1650517,-0.15279326,-0.15604274,-0.15602297,-0.12835981,-0.15272559,-0.15601912,-0.15601248,-0.15602076,-0.1560263,-0.16505513,-0.17392421,-0.1527901,-0.15603761,-0.15603055,-0.15603799,-0.2025511,-0.15354379,-0.14723541,-0.15209916,-0.11499533,-0.10471026,-0.11893196,-0.15279257,-0.15598872,-0.12861449,-0.19501048,-0.15279812,-0.18738703,-0.11705899,-0.17429145,-0.15279141,-0.06652963,-0.15261665,-0.10737923,-0.124497145,-0.15298569,-0.052188452,-0.26007295
k__Bacteria|p__Firmicutes|c__Tissierellia|o__Tissierellales|f__Peptoniphilaceae|g__Peptoniphilus|s__Peptoniphilus_senegalensis,-0.1004395,-0.12316422,-0.15165582,-0.15492472,-0.15492496,-0.23867357,-0.1666669,-0.16813041,-0.10929718,-0.22895765,-0.23728925,-0.15166011,-0.22850217,0.5801654,-0.08556121,-0.15129645,-0.058144663,-0.15118176,-0.15486905,-0.19931981,-0.1978925,-0.1272138,-0.15162855,-0.12711628,-0.20043859,-0.11658599,-0.182019,-0.25032333,-0.1509206,-0.151633,-0.15142563,-0.10844302,-0.18249588,-0.28454733,-0.15164834,-0.12737803,-0.15165798,-0.22338755,-0.15166044,-0.29867563,-0.1516605,-0.29356226,-0.12677889,-0.15152818,-0.13691942,-0.15165552,-0.23188588,-0.24781659,-0.1296162,-0.12738337,-0.24679694,-0.18279888,-0.25087595,-0.26027086,-0.28621647,-0.27511892,-0.11894142,-0.15158282,-0.040142577,-0.056944285,-0.15101345,-0.11274739,-0.13743341,-0.12728299,-0.15164104,-0.15492076,-0.15492475,-0.15492533,-0.27573854,-0.15162477,-0.12728402,-0.16243835,-0.12334165,-0.14074792,-0.15163,-0.15887658,-0.14481027,-0.12736459,-0.18691605,-0.14998752,-0.1516497,-0.15490583,-0.15491584,-0.1548563,-0.120334074,-0.13700745,-0.08858878,-0.15164441,-0.19008024,-0.15165438,-0.2004665,-0.11139822,-0.1388583,-0.13027036,-0.1074974,-0.15152657,-0.15156858,-0.15464388,-0.10065024,-0.08152827,-0.09427856,-0.15161254,-0.11960925,-0.15027548,-0.16982608,-0.1185138,-0.15162735,-0.15491934,-0.17738779,-0.15176103,-0.15165693,-0.25953975,-0.17989698,-0.13525523,-0.15165444,-0.15095688,-0.17780018,-0.2009549,-0.15163603,-0.09015879,-0.15139341,-0.12151222,-0.121854745,-0.13997786,-0.21433522,-0.13908121,-0.16057305,-0.15159091,-0.07092635,-0.15109599,-0.15423441,-0.18733518,-0.1514264,-0.12727353,-0.12334781,-0.14100276,-0.15161839,-0.114095174,-0.25318068,-0.26654312,-0.1266283,-0.10945694,-0.15161055,-0.09238048,-0.20963459,-0.15165463,-0.15484923,-0.12685575,-0.15159093,-0.16015086,-0.1553517,-0.15165849,-0.19704957,-0.20616047,-0.12637435,-0.10460003,-0.11361031,-0.10256614,-0.15165192,-0.19495486,-0.15163058,-0.12679361,-0.15151593,-0.041086134,-0.12967405,-0.15165737,-0.2300741,-0.15163857,-0.10384405,-0.15039428,-0.0784167,-0.15153119,-0.12766197,-0.15154928,-0.121451,-0.075820275,-0.09192432,-0.101488546,-0.15142192,-0.15484121,-0.12378413,-0.15151541,-0.1410757,-0.13984437,-0.18093297,-0.15165956,-0.25777104,-0.12844054,-0.15157847,-0.13462572,-0.119081676,-0.15163365,-0.15492117,-0.15492263,-0.15492362,-0.19755594,1.6533942,3.0353374,2.3050303,4.726974,-0.20506537,-0.22091979,-0.15164626,-0.12703016,-0.11956477,-0.15164208,-0.15491797,-0.20931396,-0.18224281,-0.15163407,-0.32474133,-0.15165791,-0.15492594,-0.15492499,-0.15492466,-0.2185038,-0.15163307,-0.114121355,-0.1516362,-0.15491255,-0.15491813,-0.22984435,-0.1516524,-0.15490194,-0.08963354,-0.151563,-0.154883,-0.15489843,-0.15489969,-0.13302092,-0.1051107,-0.14014931,-0.15141064,-0.15839578,-0.15615125,-0.14613561,-0.15164922,-0.12319561,-0.12734035,-0.15161777,-0.1549258,-0.15492538,-0.15492538,-0.15492582,-0.38518023,-0.11451449,-0.15162432,-0.15564899,-0.14443555,-0.16636807,-0.15165383,-0.15485796,-0.12993515,-0.047159404,-0.14646988,-0.14016809,-0.14106366,-0.15152809,-0.19987361,-0.1649412,-0.17166539,-0.15163457,-0.15488914,-0.12722544,-0.14610182,-0.2588673,-0.12717159,-0.15154752,-0.09132757,-0.12832497,-0.13684332,-0.16221203,-0.15659244,-0.12668294,-0.15143287,-0.1548436,-0.15488613,-0.15491539,-0.15740095,-0.19795567,-0.15106063,-0.07294749,-0.2039893,-0.15162492,-0.15488486,-0.104459345,-0.15131527,-0.17466888,-0.13176009,-0.15163136,-0.15109587,-0.10913184,-0.15148792,-0.05825615,-0.14326635,-0.17082691,-0.15157805,-0.18883844,-0.15165886,-0.31316653,-0.15165032,-0.16808087,-0.14331596,-0.15165219,-0.1549228,-0.25088155,-0.15165919,-0.22115314,-0.07562123,-0.086852394,-0.10702289,-0.060967896,-0.14583692,-0.16796505,-0.15746465,-0.22133875,-0.12812386,-0.0969081,-0.16398169,-0.12716047,-0.11335766,-0.18846886,-0.12733458,-0.17755464,-0.0994983,-0.115196005,-0.15157908,-0.11662802,-0.19749595,-0.14526704,-0.12781724,-0.096878245,-0.15157917,-0.15475321,-0.12434345,-0.11230643,-0.063823454,-0.15151766,-0.11419349,-0.10007019,-0.24483351,-0.15165967,-0.15491553,-0.16344379,-0.1759062,-0.12524253,-0.15164685,-0.0782174,-0.19187105,-0.18185812,-0.09859173,-0.11065883,-0.1513629,-0.15464303,-0.083404,-0.1213824,-0.13072303,-0.13855581,-0.19385117,-0.15162714,-0.15492007,-0.19487974,-0.23847799,-0.2432746,-0.12704931,-0.15148036,-0.15489501,-0.14520228,-0.2961179,-0.15165901,-0.19813283,-0.12725267,-0.15160307,-0.060104962,-0.15931924,-0.15165746,-0.2028091,-0.2868003,-0.11816878,-0.14795661,-0.10060286,-0.1515214,-0.13614628,-0.20725825,-0.17393659,-0.125103,-0.15657571,-0.15690626,-0.15165624,-0.15492219,-0.16221246,-0.22200036,-0.12739651,-0.2814266,-0.15166003,-0.1915083,-0.24371436,-0.16952515,-0.15158299,-0.13369927,-0.12557748,-0.1516535,-0.18106565,-0.15165979,-0.18642783,-0.15161,-0.30462334,-0.15156226,-0.14691104,-0.13029914,-0.15164846,-0.15491138,-0.18915205,-0.12732783,-0.15165284,-0.10481856,-0.1650517,-0.15165092,-0.15492396,-0.15489827,-0.12697776,-0.15156776,-0.1548942,-0.15488619,-0.15489633,-0.15490344,-0.16505513,-0.17392421,-0.15164696,-0.15491767,-0.1549088,-0.1549181,-0.2025511,-0.15354379,-0.14723541,-0.150774,-0.11499533,-0.10471026,-0.11893196,-0.15165015,-0.15485528,-0.12729277,-0.19501048,-0.15165702,-0.18738703,-0.11705899,-0.17429145,-0.15164849,-0.06652963,-0.15143442,-0.10737923,-0.124497145,-0.15298569,-0.052188452,-0.26007295
k__Bacteria|p__Firmicutes|c__Clostridia|o__Eubacteriales|f__Clostridiaceae|g__Sarcina|s__Sarcina_ventriculi,-0.1004395,-0.12316422,-0.15257427,-0.15586859,-0.15586883,-0.23867357,-0.1666669,-0.16813041,-0.10929718,-0.22895765,-0.23728925,-0.15257844,-0.22850217,-0.3768707,-0.08556121,-0.15223274,-0.058144663,-0.1521288,-0.15581495,-0.19931981,-0.1978925,-0.12794486,-0.15254825,-0.12711628,-0.20043859,-0.11658599,-0.182019,-0.25032333,-0.1509206,-0.15255201,-0.15142563,-0.10844302,-0.18249588,-0.28454733,-0.15256658,-0.12810796,-0.1525764,-0.22338755,-0.15257877,-0.29867563,-0.1525788,-0.29356226,-0.12750004,-0.15244927,-0.13691942,-0.15257408,-0.23188588,-0.24781659,-0.1296162,-0.12811296,-0.24679694,-0.18279888,-0.25087595,-0.26027086,-0.28621647,-0.27511892,-0.11894142,-0.15250428,-0.040142577,-0.056944285,-0.15194987,-0.11274739,-0.13743341,-0.12801245,-0.15255977,-0.15586483,-0.15586862,-0.15586919,-0.27573854,-0.1525431,-0.12801367,-0.16243835,-0.12334165,-0.14074792,-0.15254961,-0.15887658,-0.14481027,-0.12809488,-0.18691605,-0.14998752,-0.15256846,-0.15585044,-0.15585986,-0.15579964,-0.120334074,-0.13700745,-0.08858878,-0.15256342,-0.19008024,-0.15257294,-0.2004665,-0.11139822,-0.1388583,-0.13027036,-0.1074974,-0.15152657,-0.152491,-0.15558636,-0.10065024,-0.08152827,-0.09427856,-0.15253311,-0.11960925,-0.15027548,-0.16982608,-0.1185138,-0.15254661,-0.15586343,-0.17738779,-0.15176103,-0.15257534,-0.25953975,-0.17989698,-0.13525523,-0.15257302,-0.15095688,-0.17780018,-0.2009549,-0.15255365,-0.09015879,-0.15232523,-0.12151222,-0.121854745,-0.13997786,-0.21433522,-0.13908121,-0.16057305,-0.15251258,-0.07092635,-0.15203772,-0.15518665,-0.18733518,-0.1523445,-0.12799866,-0.12334781,-0.14100276,-0.1525386,-0.114095174,-0.25318068,-0.26654312,-0.12733617,-0.10945694,-0.15253122,-0.09238048,-0.20963459,-0.15257323,-0.1557918,-0.12756522,-0.15251179,-0.16015086,-0.1553517,-0.15257686,-0.19704957,-0.20616047,-0.12706332,-0.10460003,-0.11361031,-0.10256614,-0.15257068,-0.19495486,-0.15254933,-0.12748915,-0.15244171,-0.041086134,-0.12967405,-0.15257573,-0.2300741,-0.15255705,-0.10384405,-0.15137172,-0.0784167,-0.15245473,-0.12766197,-0.15247247,-0.121451,-0.075820275,-0.09192432,-0.101488546,-0.15235029,-0.15578927,-0.12378413,-0.15243411,-0.1410757,-0.13984437,-0.18093297,-0.1525779,-0.25777104,-0.12844054,-0.15249726,-0.13462572,-0.119081676,-0.15255345,-0.15586518,-0.1558666,-0.15586753,-0.19755594,-0.25103784,-0.20219928,-0.19465852,-0.24831252,-0.20506537,-0.22091979,-0.15256467,-0.12774448,-0.11956477,-0.1525613,-0.15586205,-0.20931396,-0.18224281,-0.15255234,-0.32474133,-0.15257636,-0.15586978,-0.15586886,-0.15586856,-0.2185038,-0.15255153,-0.114121355,-0.15255502,-0.15585637,-0.15586226,-0.22984435,-0.15257111,-0.15584537,-0.08963354,-0.15248477,-0.15582918,-0.15584299,-0.15584499,-0.13302092,-0.1051107,-0.14014931,-0.15141064,-0.15839578,-0.15615125,-0.14613561,-0.15256819,-0.12319561,-0.1280708,-0.15253688,-0.15586962,-0.15586922,-0.15586925,-0.15586966,-0.38518023,-0.11451449,-0.15254396,-0.15564899,-0.14443555,5.8261757,-0.15257227,-0.15580139,-0.12993515,-0.047159404,-0.1474759,-0.14016809,-0.14106366,-0.152451,-0.19987361,-0.1649412,-0.17166539,-0.15255404,-0.15583521,-0.12722544,-0.14610182,-0.2588673,-0.12790012,-0.15247092,-0.09132757,-0.12832497,-0.13684332,-0.16221203,-0.15659244,-0.12736818,-0.15235856,-0.15579097,-0.15583187,-0.15585968,-0.15740095,-0.19795567,-0.15106063,-0.07294749,-0.2039893,-0.15254417,-0.15583113,-0.104459345,-0.152204,-0.17466888,-0.13176009,-0.15255138,-0.15109587,-0.10913184,-0.15241247,-0.05825615,-0.14326635,-0.17082691,-0.15249908,-0.18883844,-0.15257722,-0.31316653,-0.1525686,-0.16808087,-0.14331596,-0.15257084,-0.15586668,-0.25088155,-0.15257752,-0.22115314,-0.07562123,-0.086852394,-0.10702289,-0.060967896,-0.14686278,-0.16796505,-0.15746465,-0.22133875,-0.12812386,-0.0969081,-0.16398169,-0.12716047,-0.11335766,-0.18846886,-0.12806487,-0.17755464,-0.0994983,-0.115196005,-0.15250042,-0.11662802,-0.19749595,-0.14526704,-0.12781724,-0.096878245,-0.1525019,-0.15570459,-0.12434345,-0.11230643,-0.063823454,-0.15244225,-0.11419349,-0.10007019,-0.24483351,-0.152578,-0.15585926,-0.16344379,-0.1759062,-0.12524253,-0.15256584,-0.0782174,-0.19187105,-0.18185812,-0.09859173,-0.11065883,-0.15229526,-0.15559927,-0.083404,-0.1213824,-0.13072303,-0.13855581,-0.19385117,-0.15254623,-0.15586415,-0.19487974,-0.23847799,-0.2432746,-0.12777574,-0.15240608,-0.15583983,-0.14520228,-0.2961179,-0.15257739,-0.19813283,-0.12798223,-0.1525231,-0.060104962,-0.15931924,-0.15257584,-0.2028091,-0.2868003,-0.11816878,-0.14795661,-0.10060286,-0.15244389,-0.13614628,-0.20725825,-0.17393659,-0.125103,-0.15657571,-0.15690626,-0.15257466,-0.15586618,-0.16221246,-0.22200036,-0.12812568,6.515944,-0.15257832,-0.1915083,2.6586928,-0.16952515,-0.15250069,-0.13369927,-0.12557748,-0.152572,-0.18106565,-0.15257815,-0.18642783,-0.15252788,1.3902719,-0.15248272,-0.14691104,-0.13029914,-0.15256722,-0.1558559,-0.18915205,-0.12805933,-0.15257147,-0.10481856,-0.1650517,-0.15256941,-0.15586784,-0.1558419,-0.12770133,-0.15249042,-0.15583879,-0.15583138,-0.15584092,-0.15584828,-0.16505513,-0.17392421,-0.15256563,-0.15586185,-0.15585323,-0.1558623,-0.2025511,-0.15354379,-0.14723541,-0.15170485,-0.11499533,-0.10471026,-0.11893196,-0.15256882,-0.15579897,-0.12802625,-0.19501048,-0.15257537,-0.18738703,-0.11705899,-0.17429145,-0.1525668,-0.06652963,-0.15236406,-0.10737923,-0.124497145,-0.15298569,-0.052188452,-0.26007295
k__Bacteria|p__Firmicutes|c__Clostridia|o__Clostridia_unclassified|f__Clostridia_unclassified|g__Clostridia_unclassified|s__Clostridia_bacterium,-0.1004395,-0.12316422,-0.15271042,-0.15607111,-0.15607144,-0.23867357,4.5918684,-0.16813041,-0.10929718,-0.22895765,-0.23728925,-0.1527158,-0.22850217,-0.3768707,-0.08556121,-0.1522628,-0.058144663,-0.15210485,-0.15600124,-0.19931981,-0.1978925,-0.12754232,-0.15267581,-0.12711628,-0.20043859,-0.11658599,-0.182019,-0.25032333,-0.1509206,-0.15268183,-0.15142563,-0.10844302,-0.18249588,-0.28454733,-0.15270127,-0.1277506,-0.15271309,-0.22338755,-0.15271622,-0.29867563,-0.15271631,-0.29356226,-0.12698704,-0.15255144,-0.13691942,-0.15270996,-0.23188588,-0.24781659,-0.1296162,-0.1277576,-0.24679694,-0.18279888,-0.25087595,-0.26027086,-0.28621647,3.7726195,-0.11894142,-0.15261808,-0.040142577,-0.056944285,-0.1519044,-0.11274739,-0.13743341,-0.12763144,-0.152692,-0.1560661,-0.1560712,-0.15607192,-0.27573854,-0.15267281,-0.12763241,-0.16243835,-0.12334165,-0.14074792,-0.15267758,-0.15887658,-0.14481027,-0.12773341,-0.18691605,-0.14998752,-0.15270261,-0.15604724,-0.15606007,-0.15598986,-0.120334074,-0.13700745,-0.08858878,-0.15269588,-0.19008024,-0.15270852,-0.2004665,-0.11139822,-0.1388583,-0.13027036,-0.1074974,-0.15152657,-0.15259951,-0.1557462,-0.10065024,-0.08152827,-0.09427856,-0.15265536,-0.11960925,-0.15027548,-0.16982608,-0.1185138,-0.15267485,-0.15606433,-0.17738779,-0.15176103,-0.15271178,-0.25953975,-0.17989698,-0.13525523,-0.15270858,-0.15095688,-0.17780018,-0.2009549,-0.15268698,-0.09015879,-0.15237606,-0.12151222,-0.121854745,-0.13997786,-0.21433522,-0.13908121,-0.16057305,-0.15262786,-0.07092635,-0.15200661,-0.15521577,-0.18733518,-0.15243144,-0.12762077,-0.12334781,-0.14100276,-0.15266293,-0.114095174,-0.25318068,-0.26654312,-0.12680966,-0.10945694,-0.15265274,-0.09238048,-0.20963459,-0.15270881,-0.15598047,-0.12709889,-0.15262935,-0.16015086,-0.1553517,-0.15271376,-0.19704957,-0.20616047,-0.12647332,-0.10460003,-0.11361031,-0.10256614,-0.15270531,-0.19495486,-0.15267925,-0.12702061,-0.15253294,-0.041086134,-0.12967405,-0.1527124,-0.2300741,-0.15268917,-0.10384405,-0.1511342,-0.0784167,-0.1525541,-0.12766197,-0.15257548,-0.121451,-0.075820275,-0.09192432,-0.101488546,-0.15241432,-0.15596494,-0.12378413,-0.15254644,-0.1410757,-0.13984437,-0.18093297,-0.15271509,-0.25777104,-0.12844054,-0.15261602,-0.13462572,-0.119081676,-0.15268198,-0.15606666,-0.1560685,-0.15606976,-0.19755594,-0.25103784,-0.20219928,-0.19465852,-0.24831252,-0.20506537,-0.22091979,-0.15269876,-0.12732312,-0.11956477,-0.15269282,-0.15606263,-0.20931396,-0.18224281,-0.152684,-0.32474133,-0.15271297,-0.15607268,-0.15607148,-0.15607104,-0.2185038,-0.15268311,-0.114121355,-0.15268603,-0.1560562,-0.15606287,-0.22984435,-0.15270592,-0.15604407,-0.08963354,-0.15259379,-0.15601775,-0.15603818,-0.15603904,-0.13302092,-0.1051107,-0.14014931,-0.15141064,-0.15839578,-0.15615125,-0.14613561,-0.15270181,-0.12319561,-0.12770323,-0.15266299,-0.1560725,-0.15607199,-0.15607199,-0.15607254,1.5936633,-0.11451449,-0.15267059,-0.15564899,-0.14443555,-0.16636807,-0.15270793,-0.1559895,-0.12993515,-0.047159404,-0.14627409,-0.14016809,-0.14106366,-0.15254927,-0.19987361,-0.1649412,-0.17166539,-0.1526833,-0.15602532,-0.12722544,-0.14610182,-0.2588673,-0.1274928,-0.15257305,-0.09132757,-0.12832497,-0.13684332,-0.16221203,-0.15659244,-0.12687446,-0.15243168,-0.15596834,-0.1560221,-0.1560593,-0.15740095,-0.19795567,-0.15106063,-0.07294749,-0.2039893,-0.15267168,-0.15602009,-0.104459345,-0.15231496,-0.17466888,-0.13176009,-0.15267886,-0.15109587,-0.10913184,-0.15249966,-0.05825615,-0.14326635,-0.17082691,-0.15261245,-0.18883844,-0.15271425,-0.31316653,-0.15270388,-0.16808087,-0.14331596,-0.15270576,-0.15606877,-0.25088155,-0.15271467,-0.22115314,-0.07562123,-0.086852394,-0.10702289,-0.060967896,-0.14546064,-0.16796505,-0.15746465,-0.22133875,-0.12812386,-0.0969081,-0.16398169,-0.12716047,-0.11335766,-0.18846886,-0.12769596,-0.17755464,-0.0994983,-0.115196005,-0.15261355,-0.11662802,-0.19749595,-0.14526704,-0.12781724,-0.096878245,-0.15261233,-0.15585381,-0.12434345,-0.11230643,-0.063823454,-0.15253618,-0.11419349,-0.10007019,-0.24483351,-0.15271524,-0.15606,-0.16344379,-0.1759062,-0.12524253,-0.15269892,-0.0782174,-0.19187105,-0.18185812,-0.09859173,-0.11065883,-0.15233818,-0.1557144,-0.083404,-0.1213824,-0.13072303,-0.13855581,-0.19385117,-0.15267457,-0.15606523,-0.19487974,-0.23847799,-0.2432746,-0.12733322,-0.15248834,-0.15603381,-0.14520228,-0.2961179,-0.1527144,-0.19813283,-0.12759316,-0.15264425,-0.060104962,-0.15931924,-0.1527125,-0.2028091,-0.2868003,-0.11816878,-0.14795661,-0.10060286,-0.1525417,-0.13614628,-0.20725825,-0.17393659,-0.125103,-0.15657571,-0.15690626,-0.15271094,-0.15606792,-0.16221246,-0.22200036,-0.1277743,-0.2814266,-0.15271568,-0.1915083,-0.24371436,-0.16952515,-0.15262312,-0.13369927,-0.12557748,-0.1527075,-0.18106565,-0.1527154,-0.18642783,-0.1526551,-0.30462334,-0.15259355,-0.14691104,-0.13029914,-0.15270108,-0.15605417,-0.18915205,-0.12768658,-0.15270658,-0.10481856,-0.1650517,-0.15270433,-0.15607019,-0.15603939,-0.1272526,-0.15259841,-0.15603305,-0.15602265,-0.15603563,-0.1560443,-0.16505513,-0.17392421,-0.15269932,-0.15606216,-0.15605104,-0.15606272,-0.2025511,-0.15354379,-0.14723541,-0.15161493,-0.11499533,-0.10471026,-0.11893196,-0.15270323,-0.1559873,-0.12764193,-0.19501048,-0.15271196,-0.18738703,-0.11705899,-0.17429145,-0.15270177,-0.06652963,-0.15243047,-0.10737923,-0.124497145,-0.15298569,-0.052188452,-0.26007295
k__Bacteria|p__Firmicutes|c__Bacilli|o__Lactobacillales|f__Enterococcaceae|g__Enterococcus|s__Enterococcus_raffinosus,-0.1004395,-0.12316422,-0.15351099,-0.15677787,-0.15677814,-0.23867357,-0.1666669,-0.16813041,-0.10929718,-0.22895765,-0.23728925,-0.15351564,-0.22850217,-0.3768707,-0.08556121,-0.15312585,-0.058144663,-0.15299855,-0.15671793,-0.19931981,-0.1978925,-0.12906517,-0.15348151,-0.12711628,-0.20043859,-0.11658599,-0.182019,-0.25032333,-0.1509206,-0.15348637,-0.15142563,-0.10844302,-0.18249588,-0.28454733,-0.15350284,-0.12924777,-0.15351331,-0.22338755,-0.15351598,-0.29867563,-0.15351605,-0.29356226,-0.1285804,-0.15337369,-0.13691942,-0.15351066,-0.23188588,-0.24781659,-0.1296162,-0.12925373,-0.24679694,-0.18279888,-0.25087595,-0.26027086,-0.28621647,-0.27511892,-0.11894142,-0.15343204,-0.040142577,-0.056944285,-0.15281965,-0.11274739,-0.13743341,-0.1291424,-0.1534951,-0.15677363,-0.15677792,-0.15677854,-0.27573854,-0.15347752,-0.12914409,-0.16243835,-0.12334165,-0.14074792,-0.1534831,-0.15887658,-0.14481027,-0.12923287,-0.18691605,-0.14998752,-0.15350437,-0.15675747,-0.15676832,-0.15670496,-0.120334074,-0.13700745,-0.08858878,-0.15349865,-0.19008024,-0.15350941,-0.2004665,-0.11139822,-0.1388583,-0.13027036,-0.1074974,-0.15152657,-0.15341663,-0.15648237,-0.10065024,-0.08152827,-0.09427856,-0.15346414,-0.11960925,-0.15027548,-0.16982608,-0.1185138,-0.15348037,-0.15677206,-0.17738779,-0.15176103,-0.15351218,-0.25953975,-0.17989698,-0.13525523,-0.15350947,-0.15095688,-0.17780018,-0.2009549,-0.15348975,-0.09015879,-0.15322702,-0.12151222,-0.121854745,-0.13997786,-0.21433522,-0.13908121,-0.16057305,-0.15344077,-0.07092635,-0.15290827,-0.15603743,-0.18733518,-0.15326622,-0.12913033,-0.12334781,-0.14100276,-0.15347058,-0.114095174,-0.25318068,-0.26654312,-0.12840784,-0.10945694,-0.153462,-0.09238048,-0.20963459,-0.15350968,-0.15669718,-0.12866344,-0.15344124,5.608308,-0.1553517,-0.15351388,-0.19704957,-0.20616047,-0.12811704,-0.10460003,-0.11361031,-0.10256614,-0.15350674,-0.19495486,-0.15348363,-0.12858683,-0.15336002,-0.041086134,-0.12967405,-0.15351269,-0.2300741,-0.15349221,-0.10384405,-0.15215771,-0.0784167,-0.15337676,-0.12766197,-0.15339592,-0.121451,-0.075820275,-0.09192432,-0.101488546,-0.15325803,-0.15668759,-0.12378413,-0.15336354,-0.1410757,-0.13984437,-0.18093297,-0.15351501,-0.25777104,-0.12844054,-0.15342757,-0.13462572,-0.119081676,-0.15348697,-0.15677407,-0.15677564,-0.1567767,4.888769,-0.25103784,-0.20219928,-0.19465852,-0.24831252,-0.20506537,-0.22091979,-0.1535007,-0.12885925,-0.11956477,-0.15349609,-0.15677062,-0.20931396,-0.18224281,-0.1534876,-0.32474133,-0.15351322,-0.15677923,-0.15677819,-0.15677783,-0.2185038,-0.15348655,-0.114121355,-0.1534899,-0.15676485,-0.1567708,-0.22984435,-0.15350723,-0.1567533,-0.08963354,-0.15341088,-0.15673268,-0.15674956,-0.15675077,-0.13302092,-0.1051107,-0.14014931,-0.15141064,-0.15839578,-0.15615125,-0.14613561,-0.1535038,-0.12319561,-0.12920667,-0.1534701,-0.15677904,-0.1567786,-0.1567786,-0.15677908,-0.38518023,-0.11451449,-0.153477,-0.15564899,-0.14443555,-0.16636807,-0.15350884,-0.15670621,-0.12993515,-0.047159404,-0.1479523,-0.14016809,-0.14106366,-0.15337329,-0.19987361,-0.1649412,-0.17166539,-0.15348798,-0.15673926,-0.12722544,-0.14610182,-0.2588673,-0.12901764,-0.15339378,-0.09132757,-0.12832497,-0.13684332,-0.16221203,-0.15659244,-0.12845573,-0.15327066,-0.15669018,-0.15673617,-0.15676782,-0.15740095,-0.19795567,-0.15106063,-0.07294749,-0.2039893,-0.1534777,-0.15673468,-0.104459345,-0.15313947,-0.17466888,-0.13176009,-0.15348442,-0.15109587,-0.10913184,-0.15332961,-0.05825615,-0.14326635,-0.17082691,-0.15342714,-0.18883844,-0.1535143,-0.31316653,-0.15350516,-0.16808087,-0.14331596,-0.15350705,-0.15677583,-0.25088155,-0.15351462,-0.22115314,-0.07562123,-0.086852394,-0.10702289,-0.060967896,-0.14726102,-0.16796505,-0.15746465,-0.22133875,-0.12812386,-0.0969081,-0.16398169,-0.12716047,-0.11335766,-0.18846886,-0.12919983,-0.17755464,-0.0994983,-0.115196005,-0.1534282,-0.11662802,-0.19749595,-0.14526704,-0.12781724,-0.096878245,-0.15342787,-0.15659238,-0.12434345,-0.11230643,-0.063823454,-0.15336189,-0.11419349,-0.10007019,-0.24483351,-0.15351513,-0.15676796,-0.16344379,-0.1759062,-0.12524253,-0.15350129,-0.0782174,-0.19187105,-0.18185812,-0.09859173,-0.11065883,-0.15319431,-0.15647367,-0.083404,-0.1213824,-0.13072303,-0.13855581,-0.19385117,-0.15348014,-0.15677285,-0.19487974,-0.23847799,-0.2432746,-0.12888265,-0.15332139,-0.15674588,-0.14520228,-0.2961179,-0.15351443,-0.19813283,-0.1291082,-0.1534541,-0.060104962,-0.15931924,-0.15351276,-0.2028091,-0.2868003,-0.11816878,-0.14795661,-0.10060286,-0.15336612,-0.13614628,-0.20725825,-0.17393659,-0.125103,-0.15657571,-0.15690626,-0.15351143,-0.15677515,-0.16221246,-0.22200036,-0.12926808,-0.2814266,-0.15351552,-0.1915083,-0.24371436,-0.16952515,-0.15343288,-0.13369927,-0.12557748,-0.15350848,-0.18106565,-0.15351528,-0.18642783,-0.15346189,-0.30462334,-0.1534104,-0.14691104,-0.13029914,-0.15350305,-0.15676346,-0.18915205,-0.12919235,-0.15350775,-0.10481856,-0.1650517,-0.15350571,-0.15677708,-0.15674949,-0.12880155,-0.15341571,-0.15674506,-0.15673633,-0.15674734,-0.15675491,-0.16505513,-0.17392421,-0.15350144,-0.15677026,-0.15676071,-0.15677074,-0.2025511,-0.15354379,-0.14723541,-0.15256447,-0.11499533,-0.10471026,-0.11893196,-0.15350486,-0.15670362,-0.1291542,-0.19501048,-0.15351228,-0.18738703,-0.11705899,-0.17429145,-0.15350303,-0.06652963,-0.15327206,-0.10737923,-0.124497145,-0.15298569,-0.052188452,-0.26007295
k__Bacteria|p__Firmicutes|c__Clostridia|o__Eubacteriales|f__Lachnospiraceae|g__Blautia|s__Blautia_marasmi,-0.1004395,-0.12316422,-0.1525754,-0.15587726,-0.1558775,-0.23867357,-0.1666669,-0.16813041,-0.10929718,-0.22895765,-0.23728925,-0.15257977,-0.22850217,-0.3768707,-0.08556121,-0.1522136,-0.058144663,-0.1520932,-0.15582082,-0.19931981,-0.1978925,-0.12788662,-0.15254767,-0.12711628,-0.20043859,-0.11658599,-0.182019,2.7703753,-0.1509206,-0.15255219,-0.15142563,-0.10844302,-0.18249588,-0.28454733,-0.1525678,-0.1280529,-0.1525776,-0.22338755,-0.15258011,-0.29867563,-0.15258017,-0.29356226,-0.12744282,-0.15244581,-0.13691942,-0.1525751,-0.23188588,-0.24781659,-0.1296162,-0.12805821,-0.24679694,-0.18279888,-0.25087595,-0.26027086,-0.28621647,-0.27511892,-0.11894142,-0.15250129,-0.040142577,-0.056944285,-0.15192184,-0.11274739,-0.13743341,-0.12795712,-0.15256038,-0.15587324,-0.15587732,-0.15587789,-0.27573854,-0.15254447,-0.1279575,-0.16243835,-0.12334165,-0.14074792,-0.15254909,-0.15887658,-0.14481027,-0.12803906,-0.18691605,-0.14998752,-0.15256919,-0.15585805,-0.15586826,-0.15580915,-0.120334074,-0.13700745,-0.08858878,-0.1525638,-0.19008024,-0.15257391,-0.2004665,-0.11139822,-0.1388583,-0.13027036,-0.1074974,-0.15152657,-0.15248659,-0.15560381,-0.10065024,-0.08152827,-0.09427856,-0.15253139,-0.11960925,-0.15027548,-0.16982608,-0.1185138,-0.15254653,-0.1558718,-0.17738779,-0.15176103,-0.15257652,-0.25953975,-0.17989698,-0.13525523,-0.152574,-0.15095688,-0.17780018,-0.2009549,-0.15255567,-0.09015879,-0.15230834,-0.12151222,-0.121854745,-0.13997786,-0.21433522,-0.13908121,-0.16057305,-0.15250942,-0.07092635,-0.15200809,-0.15517606,3.824995,-0.15234369,-0.12794772,-0.12334781,-0.14100276,-0.15253732,-0.114095174,-0.25318068,-0.26654312,-0.12729879,-0.10945694,-0.15252931,-0.09238048,-0.20963459,-0.15257418,-0.1558015,-0.12752697,-0.15250975,-0.16015086,-0.1553517,-0.15257813,-0.19704957,-0.20616047,-0.12703101,-0.10460003,-0.11361031,-0.10256614,-0.15257141,-0.19495486,-0.15255,-0.12746389,-0.15243323,-0.041086134,-0.12967405,-0.15257698,-0.2300741,-0.152558,-0.10384405,-0.15130341,-0.0784167,-0.15244938,-0.12766197,-0.15246712,-0.121451,-0.075820275,-0.09192432,-0.101488546,-0.15233782,-0.15579234,-0.12378413,-0.15243736,-0.1410757,-0.13984437,-0.18093297,-0.15257919,-0.25777104,-0.12844054,-0.15249804,-0.13462572,-0.119081676,-0.15255286,-0.15587369,-0.15587515,-0.15587616,-0.19755594,-0.25103784,-0.20219928,-0.19465852,-0.24831252,-0.20506537,-0.22091979,-0.15256576,-0.1277035,-0.11956477,-0.15256141,-0.15587041,-0.20931396,-0.18224281,-0.15255356,-0.32474133,-0.15257752,-0.15587854,-0.15587755,-0.1558772,-0.2185038,-0.15255287,-0.114121355,-0.15255553,-0.15586492,-0.15587059,-0.22984435,-0.15257192,-0.15585482,-0.08963354,-0.15248129,-0.1558348,-0.15585054,-0.15585175,-0.13302092,-0.1051107,-0.14014931,-0.15141064,-0.15839578,-0.15615125,-0.14613561,-0.15256867,-0.12319561,-0.1280146,-0.15253669,-0.15587837,-0.15587795,-0.15587795,-0.1558784,-0.38518023,-0.11451449,-0.15254334,-0.15564899,-0.14443555,-0.16636807,-0.15257338,-0.15580976,-0.12993515,-0.047159404,-0.1473073,-0.14016809,-0.14106366,-0.15244536,-0.19987361,-0.1649412,-0.17166539,-0.15255375,-0.155841,-0.12722544,-0.14610182,-0.2588673,-0.12784562,-0.15246539,-0.09132757,-0.12832497,-0.13684332,-0.16221203,-0.15659244,-0.12735984,-0.15234986,-0.15579483,-0.15583803,-0.15586779,-0.15740095,-0.19795567,-0.15106063,-0.07294749,-0.2039893,-0.15254396,-0.15583675,-0.104459345,-0.1522566,-0.17466888,-0.13176009,-0.15255043,-0.15109587,-0.10913184,-0.15240556,-0.05825615,-0.14326635,-0.17082691,-0.15249631,4.089813,-0.1525785,-0.31316653,-0.15256988,-0.16808087,-0.14331596,-0.15257171,-0.15587533,-0.25088155,-0.15257883,-0.22115314,-0.07562123,-0.086852394,-0.10702289,-0.060967896,-0.14665928,-0.16796505,-0.15746465,-0.22133875,-0.12812386,-0.0969081,-0.16398169,-0.12716047,-0.11335766,-0.18846886,-0.12800895,-0.17755464,-0.0994983,-0.115196005,-0.15249735,-0.11662802,-0.19749595,-0.14526704,-0.12781724,-0.096878245,-0.1524974,-0.15570301,-0.12434345,-0.11230643,-0.063823454,-0.15243536,-0.11419349,-0.10007019,-0.24483351,-0.1525793,-0.15586801,-0.16344379,-0.1759062,-0.12524253,-0.15256627,-0.0782174,-0.19187105,-0.18185812,-0.09859173,-0.11065883,-0.15227744,-0.15559086,-0.083404,-0.1213824,-0.13072303,-0.13855581,-0.19385117,-0.15254626,-0.15587254,-0.19487974,-0.23847799,-0.2432746,-0.12772158,-0.15239704,-0.15584707,-0.14520228,-0.2961179,-0.15257865,-0.19813283,-0.12792662,-0.15252185,-0.060104962,-0.15931924,-0.15257707,-0.2028091,-0.2868003,-0.11816878,-0.14795661,-0.10060286,-0.15243879,-0.13614628,-0.20725825,-0.17393659,-0.125103,-0.15657571,-0.15690626,-0.15257582,-0.1558747,-0.16221246,-0.22200036,-0.1280716,-0.2814266,-0.15257967,-0.1915083,-0.24371436,-0.16952515,-0.15250276,-0.13369927,-0.12557748,-0.15257305,-0.18106565,-0.15257943,-0.18642783,-0.15252924,-0.30462334,-0.15248024,-0.14691104,-0.13029914,-0.15256792,-0.1558637,-0.18915205,-0.12800199,-0.15257236,-0.10481856,-0.1650517,-0.15257043,-0.15587649,-0.1558508,-0.12765619,-0.15248579,-0.15584627,-0.15583813,-0.15584844,-0.15585575,-0.16505513,-0.17392421,-0.1525664,-0.15587008,-0.15586105,-0.15587054,-0.2025511,-0.15354379,-0.14723541,-0.15167904,-0.11499533,-0.10471026,-0.11893196,-0.15256965,-0.15580761,-0.12796654,-0.19501048,-0.15257661,-0.18738703,-0.11705899,-0.17429145,-0.15256816,-0.06652963,-0.15235093,-0.10737923,-0.124497145,-0.15298569,-0.052188452,-0.26007295
k__Bacteria|p__Firmicutes|c__Clostridia|o__Eubacteriales|f__Eubacteriales_unclassified|g__Eubacteriales_unclassified|s__Clostridiales_bacterium_1_7_47FAA,-0.1004395,-0.12316422,-0.15279995,-0.15609838,-0.1560987,-0.23867357,-0.1666669,-0.16813041,-0.10929718,-0.22895765,-0.23728925,-0.15280506,-0.22850217,-0.3768707,-0.08556121,-0.15237167,-0.058144663,-0.15221953,-0.15603203,-0.19931981,-0.1978925,-0.12809822,-0.15276694,-0.12711628,-0.20043859,-0.11658599,-0.182019,-0.25032333,-0.1509206,-0.15277284,-0.15142563,-0.10844302,-0.18249588,-0.28454733,-0.15279126,-0.1283019,-0.15280247,-0.22338755,-0.15280545,-0.29867563,-0.15280554,-0.29356226,-0.12755549,-0.1526495,-0.13691942,-0.15279947,-0.23188588,-0.24781659,-0.1296162,-0.12830873,-0.24679694,-0.18279888,-0.25087595,-0.26027086,-0.28621647,-0.27511892,-0.11894142,-0.1527119,-0.040142577,-0.056944285,-0.15203637,-0.11274739,-0.13743341,-0.12818582,-0.15278253,-0.1560936,-0.15609847,-0.15609914,-0.27573854,-0.15276445,-0.12818722,-0.16243835,-0.12334165,-0.14074792,-0.15276864,-0.15887658,-0.14481027,-0.128285,-0.18691605,-0.14998752,-0.15279248,-0.15607567,-0.15608795,-0.15602171,-0.120334074,-0.13700745,-0.08858878,-0.15278605,-0.19008024,-0.15279809,-0.2004665,-0.11139822,-0.1388583,-0.13027036,-0.1074974,-0.15152657,-0.15269412,-0.1557889,-0.10065024,-0.08152827,-0.09427856,-0.15274736,-0.11960925,-0.15027548,-0.16982608,-0.1185138,-0.15276626,-0.1560919,-0.17738779,-0.15176103,-0.15280123,-0.25953975,-0.17989698,-0.13525523,-0.15279815,-0.15095688,-0.17780018,-0.2009549,-0.15277806,-0.09015879,-0.15248027,-0.12151222,-0.121854745,-0.13997786,-0.21433522,-0.13908121,-0.16057305,-0.15272105,-0.07092635,-0.15212943,-0.15529218,-0.18733518,-0.15253785,-0.1281733,-0.12334781,-0.14100276,-0.15275466,-0.114095174,-0.25318068,-0.26654312,-0.12737435,-0.10945694,-0.15274487,-0.09238048,-0.20963459,-0.15279838,-0.15601385,-0.12765642,-0.1527229,-0.16015086,-0.1553517,-0.15280311,-0.19704957,-0.20616047,-0.127052,-0.10460003,-0.11361031,-0.10256614,-0.15279502,-0.19495486,-0.15277027,-0.1275776,-0.15263024,-0.041086134,-0.12967405,-0.15280186,-0.2300741,-0.15277986,-0.10384405,-0.1512967,-0.0784167,-0.15265125,-0.12766197,-0.15267122,-0.121451,-0.075820275,-0.09192432,-0.101488546,-0.15251726,-0.15599693,-0.12378413,-0.15264496,-0.1410757,-0.13984437,-0.18093297,-0.15280437,-0.25777104,-0.12844054,-0.1527106,-0.13462572,-0.119081676,-0.1527727,-0.15609415,-0.15609589,-0.15609708,-0.19755594,-0.25103784,-0.20219928,-0.19465852,-0.24831252,-0.20506537,-0.22091979,-0.15278895,-0.12787482,-0.11956477,-0.1527831,-0.15609032,-0.20931396,-0.18224281,-0.15277497,-0.32474133,-0.15280235,-0.15609987,-0.15609872,-0.15609832,-0.2185038,-0.1527743,-0.114121355,-0.15277696,-0.15608439,-0.15609056,-0.22984435,-0.1527956,-0.15607308,-0.08963354,-0.15268913,-0.15604734,-0.15606716,-0.15606767,-0.13302092,-0.1051107,-0.14014931,-0.15141064,-0.15839578,-0.15615125,-0.14613561,-0.15279165,-0.12319561,-0.1282562,-0.15275516,-0.15609968,-0.15609922,-0.1560992,-0.15609974,1.218496,-0.11451449,-0.15276209,-0.15564899,-0.14443555,-0.16636807,-0.15279761,-0.15602186,-0.12993515,-0.047159404,-0.14672816,-0.14016809,-0.14106366,-0.15264688,-0.19987361,-0.1649412,-0.17166539,-0.15277407,-0.15605448,-0.12722544,-0.14610182,-0.2588673,-0.12804581,-0.15266868,-0.09132757,-0.12832497,-0.13684332,-0.16221203,-0.15659244,-0.12744212,-0.15253513,-0.15600042,-0.15605159,-0.15608713,-0.15740095,-0.19795567,-0.15106063,-0.07294749,-0.2039893,-0.15276322,-0.15604949,-0.104459345,-0.15243214,-0.17466888,-0.13176009,-0.15276967,-0.15109587,-0.10913184,-0.15259919,-0.05825615,-0.14326635,-0.17082691,-0.15270695,-0.18883844,-0.1528036,-0.31316653,-0.15279388,-0.16808087,-0.14331596,-0.15279548,-0.15609619,-0.25088155,-0.15280399,-0.22115314,-0.07562123,-0.086852394,-0.10702289,-0.060967896,-0.1459539,-0.16796505,-0.15746465,-0.22133875,-0.12812386,-0.0969081,-0.16398169,-0.12716047,-0.11335766,-0.18846886,-0.12824856,-0.17755464,-0.0994983,-0.115196005,-0.15270782,-0.11662802,-0.19749595,-0.14526704,-0.12781724,-0.096878245,-0.15270609,-0.15589105,-0.12434345,-0.11230643,-0.063823454,-0.15263367,-0.11419349,-0.10007019,-0.24483351,-0.1528045,-0.156088,-0.16344379,-0.1759062,-0.12524253,-0.15278894,-0.0782174,-0.19187105,-0.18185812,-0.09859173,-0.11065883,-0.15244453,-0.15575823,-0.083404,-0.1213824,-0.13072303,-0.13855581,-0.19385117,-0.15276602,-0.1560928,-0.19487974,-0.23847799,-0.2432746,-0.12789704,-0.15258831,-0.15606296,-0.14520228,-0.2961179,-0.15280372,-0.19813283,-0.12814724,-0.15273711,1.3141421,4.6769075,-0.15280192,-0.2028091,3.0157323,-0.11816878,-0.14795661,-0.10060286,-0.15263979,-0.13614628,-0.20725825,-0.17393659,-0.125103,-0.15657571,-0.15690626,-0.15280043,-0.15609533,-0.16221246,-0.22200036,-0.12832482,-0.2814266,-0.15280494,-0.1915083,-0.24371436,-0.16952515,-0.15271789,-0.13369927,-0.12557748,-0.15279716,-0.18106565,-0.15280466,-0.18642783,-0.15274799,-0.30462334,-0.15268944,-0.14691104,-0.13029914,-0.15279105,-0.15608221,-0.18915205,-0.12823966,-0.15279627,-0.10481856,-0.1650517,-0.15279418,-0.1560975,-0.15606858,-0.12781033,-0.15269294,-0.15606236,-0.15605235,-0.15606481,-0.15607283,-0.16505513,-0.17392421,-0.15278941,-0.15608983,-0.15607932,-0.15609038,-0.2025511,-0.15354379,-0.14723541,-0.15176687,-0.11499533,-0.10471026,-0.11893196,-0.15279308,-0.15601939,-0.12819585,-0.19501048,-0.15280142,-0.18738703,-0.11705899,-0.17429145,-0.1527918,-0.06652963,-0.15253216,-0.10737923,-0.124497145,-0.15298569,-0.052188452,-0.26007295
k__Bacteria|p__Firmicutes|c__Clostridia|o__Eubacteriales|f__Lachnospiraceae|g__Blautia|s__Blautia_argi,-0.1004395,-0.12316422,-0.15362269,-0.15689582,-0.15689614,-0.23867357,-0.1666669,-0.16813041,-0.10929718,-0.22895765,-0.23728925,-0.15362813,-0.22850217,1.592206,-0.08556121,-0.15316737,-0.058144663,-0.15302466,-0.15682551,-0.19931981,-0.1978925,-0.12909597,-0.15358827,-0.12711628,-0.20043859,-0.11658599,-0.182019,-0.25032333,-0.1509206,-0.1535939,-0.15142563,-0.10844302,-0.18249588,-0.28454733,-0.15361308,-0.12931347,-0.15362543,-0.22338755,-0.15362853,-0.29867563,-0.1536286,-0.29356226,-0.12851764,-0.15346137,-0.13691942,-0.15362234,-0.23188588,-0.24781659,-0.1296162,-0.1293204,-0.24679694,-0.18279888,-0.25087595,-0.26027086,-0.28621647,-0.27511892,-0.11894142,-0.15353021,-0.040142577,-0.056944285,-0.15281223,-0.11274739,-0.13743341,-0.12918594,-0.15360397,-0.15689084,-0.15689588,-0.15689662,-0.27573854,-0.15358269,-0.12919004,-0.16243835,-0.12334165,-0.14074792,-0.15359011,-0.15887658,-0.14481027,-0.12929574,-0.18691605,-0.14998752,-0.15361495,-0.15687197,-0.15688458,-0.15680887,-0.120334074,-0.13700745,-0.08858878,-0.15360826,-0.19008024,-0.15362087,-0.2004665,-0.11139822,-0.1388583,-0.13027036,-0.1074974,-0.15152657,-0.15351239,-0.15653391,-0.10065024,-0.08152827,-0.09427856,-0.15356797,-0.11960925,-0.15027548,-0.16982608,-0.1185138,-0.15358678,-0.15688904,-0.17738779,-0.15176103,-0.15362409,-0.25953975,-0.17989698,-0.13525523,-0.15362093,-0.15095688,-0.17780018,-0.2009549,-0.15359734,-0.09015879,-0.15329093,-0.12151222,-0.121854745,-0.13997786,-0.21433522,-0.13908121,-0.16057305,-0.15354064,-0.07092635,-0.15291572,-0.15602428,-0.18733518,-0.15333323,-0.12916741,-0.12334781,-0.14100276,-0.15357542,-0.114095174,-0.25318068,-0.26654312,-0.12829213,-0.10945694,-0.1535655,-0.09238048,-0.20963459,-0.1536212,-0.15680088,-0.1286011,-0.15354073,-0.16015086,-0.1553517,-0.15362608,-0.19704957,-0.20616047,-0.1279565,-0.10460003,-0.11361031,-0.10256614,-0.15361777,-0.19495486,-0.15359059,-0.12850522,-0.15344627,-0.041086134,-0.12967405,-0.15362465,-0.2300741,-0.1536008,-0.10384405,-0.15202709,-0.0784167,-0.15346503,-0.12766197,-0.15348798,-0.121451,-0.075820275,-0.09192432,-0.101488546,-0.15332581,-0.15679027,-0.12378413,-0.15344542,-0.1410757,-0.13984437,-0.18093297,-0.15362741,-0.25777104,-0.12844054,-0.1535242,-0.13462572,-0.119081676,-0.15359467,-0.15689135,-0.1568932,-0.15689445,-0.19755594,-0.25103784,-0.20219928,-0.19465852,-0.24831252,-0.20506537,-0.22091979,-0.15361059,-0.12883288,-0.11956477,-0.15360537,-0.15688732,-0.20931396,-0.18224281,-0.153595,-0.32474133,-0.15362532,-0.1568974,-0.15689617,-0.15689577,-0.2185038,-0.15359369,-0.114121355,-0.15359788,-0.15688044,-0.15688753,-0.22984435,-0.15361837,-0.15686637,-0.08963354,-0.15350516,-0.15684314,-0.15686262,-0.15686423,-0.13302092,-0.1051107,-0.14014931,-0.15141064,-0.15839578,-0.15615125,-0.14613561,-0.15361437,-0.12319561,-0.12926479,-0.15357465,-0.15689719,-0.15689667,-0.15689668,-0.15689725,-0.38518023,-0.11451449,-0.15358295,-0.15564899,-0.14443555,-0.16636807,-0.15362018,-0.15681148,-0.12993515,-0.047159404,-0.14708553,-0.14016809,-0.14106366,-0.15346153,-0.19987361,-0.1649412,-0.17166539,-0.15359586,-0.15685093,-0.12722544,-0.14610182,-0.2588673,-0.12903364,-0.15348539,-0.09132757,-0.12832497,-0.13684332,-0.16221203,-0.15659244,-0.12834924,-0.1533399,-0.15679318,-0.15684712,-0.15688407,-0.15740095,-0.19795567,-0.15106063,-0.07294749,-0.2039893,-0.15358365,-0.15684539,-0.104459345,-0.15316415,-0.17466888,-0.13176009,-0.15359181,-0.15109587,-0.10913184,-0.15340921,-0.05825615,-0.14326635,-0.17082691,-0.15352449,-0.18883844,-0.15362655,-0.31316653,-0.15361573,-0.16808087,-0.14331596,-0.15361811,-0.1568934,-0.25088155,-0.15362695,-0.22115314,-0.07562123,-0.086852394,-0.10702289,-0.060967896,-0.14627898,-0.16796505,-0.15746465,-0.22133875,-0.12812386,-0.0969081,-0.16398169,-0.12716047,-0.11335766,-0.18846886,-0.12925634,-0.17755464,-0.0994983,-0.115196005,-0.15352574,-0.11662802,-0.19749595,-0.14526704,-0.12781724,-0.096878245,-0.15352574,-0.15667863,-0.12434345,-0.11230643,-0.063823454,-0.15344761,-0.11419349,-0.10007019,-0.24483351,-0.15362754,-0.15688425,-0.16344379,-0.1759062,-0.12524253,-0.15361139,-0.0782174,-0.19187105,-0.18185812,-0.09859173,-0.11065883,-0.15325262,-0.15653992,-0.083404,-0.1213824,-0.13072303,-0.13855581,-0.19385117,-0.15358645,-0.15688996,-0.19487974,-0.23847799,-0.2432746,-0.12888204,-0.15340069,-0.15685834,-0.14520228,3.5266333,-0.15362673,-0.19813283,-0.129145,-0.15355588,-0.060104962,-0.15931924,-0.15362477,-0.2028091,-0.2868003,-0.11816878,-0.14795661,-0.10060286,-0.15345272,-0.13614628,-0.20725825,-0.17393659,-0.125103,-0.15657571,-0.15690626,-0.15362321,-0.15689266,-0.16221246,-0.22200036,-0.12933725,-0.2814266,-0.15362799,-0.1915083,-0.24371436,-0.16952515,-0.15353012,-0.13369927,-0.12557748,-0.15361977,-0.18106565,-0.15362772,-0.18642783,-0.15356454,-0.30462334,-0.1535046,-0.14691104,-0.13029914,-0.15361339,-0.15687901,-0.18915205,-0.12924816,-0.15361893,-0.10481856,-0.1650517,-0.15361649,-0.15689489,-0.15686235,-0.12877427,-0.15351132,-0.15685727,-0.15684709,-0.15685996,-0.15686888,-0.16505513,-0.17392421,-0.15361148,-0.15688692,-0.15687573,-0.1568875,-0.2025511,-0.15354379,-0.14723541,-0.15250953,-0.11499533,-0.10471026,-0.11893196,-0.15361553,-0.15680827,-0.12920271,-0.19501048,-0.15362419,-0.18738703,-0.11705899,-0.17429145,-0.15361348,-0.06652963,-0.15334257,-0.10737923,-0.124497145,-0.15298569,-0.052188452,-0.26007295
k__Bacteria|p__Firmicutes|c__CFGB75783|o__OFGB75783|f__FGB75783|g__GGB79419|s__GGB79419_SGB105985,-0.1004395,-0.12316422,-0.15246543,-0.15570563,-0.1557059,-0.23867357,-0.1666669,-0.16813041,-0.10929718,-0.22895765,-0.23728925,-0.15246978,-0.22850217,-0.3768707,-0.08556121,-0.152103,-0.058144663,-0.15198115,-0.15564936,-0.19931981,-0.1978925,-0.12823287,-0.15243769,-0.12711628,-0.20043859,-0.11658599,-0.182019,-0.25032333,-0.1509206,-0.15244232,-0.15142563,-0.10844302,-0.18249588,-0.28454733,-0.15245788,-0.12840053,-0.15246761,-0.22338755,-0.15247011,-0.29867563,-0.15247017,-0.29356226,-0.12778425,-0.15233658,-0.13691942,-0.1524651,-0.23188588,2.8938754,-0.1296162,-0.12840597,-0.24679694,-0.18279888,-0.25087595,-0.26027086,-0.28621647,-0.27511892,-0.11894142,-0.15239131,-0.040142577,-0.056944285,-0.15181443,-0.11274739,-0.13743341,-0.12830423,-0.15245052,-0.15570162,-0.1557057,-0.15570629,-0.27573854,-0.15243474,-0.1283048,-0.16243835,-0.12334165,-0.14074792,-0.1524391,-0.15887658,-0.14481027,-0.12838665,-0.18691605,-0.14998752,-0.1524592,-0.15568645,-0.15569669,-0.15563807,-0.120334074,-0.13700745,-0.08858878,-0.15245381,-0.19008024,-0.15246394,-0.2004665,-0.11139822,-0.1388583,-0.13027036,-0.1074974,-0.15152657,-0.1523765,-0.15543084,-0.10065024,-0.08152827,-0.09427856,-0.15242136,-0.11960925,-0.15027548,-0.16982608,-0.1185138,-0.1524367,-0.15570018,-0.17738779,-0.15176103,-0.15246654,-0.25953975,-0.17989698,-0.13525523,-0.152464,-0.15095688,-0.17780018,-0.2009549,-0.15244594,-0.09015879,-0.15219775,-0.12151222,-0.121854745,-0.13997786,-0.21433522,-0.13908121,-0.16057305,-0.15239933,-0.07092635,-0.15189826,-0.15501007,-0.18733518,-0.15223643,-0.12829462,-0.12334781,-0.14100276,-0.15242735,-0.114095174,-0.25318068,-0.26654312,-0.12763809,-0.10945694,-0.15241927,-0.09238048,-0.20963459,-0.15246418,-0.15563115,-0.12787178,-0.15239999,-0.16015086,-0.1553517,-0.15246814,-0.19704957,-0.20616047,-0.12737596,-0.10460003,-0.11361031,-0.10256614,-0.1524614,-0.19495486,-0.15244003,-0.12780821,-0.15232301,-0.041086134,-0.12967405,-0.15246701,-0.2300741,-0.15244815,-0.10384405,-0.15119153,-0.0784167,-0.15233964,-0.12766197,-0.1523571,-0.121451,-0.075820275,-0.09192432,-0.101488546,-0.15222761,-0.15562057,-0.12378413,-0.15232751,-0.1410757,-0.13984437,-0.18093297,-0.15246922,-0.25777104,-0.12844054,-0.15238857,-0.13462572,-0.119081676,-0.15244278,-0.15570207,-0.15570354,-0.15570454,-0.19755594,-0.25103784,-0.20219928,-0.19465852,-0.24831252,-0.20506537,-0.22091979,-0.1524559,-0.12805063,-0.11956477,-0.1524514,-0.1556988,-0.20931396,-0.18224281,-0.15244377,-0.32474133,-0.15246752,-0.1557069,-0.15570593,-0.1557056,-0.2185038,-0.15244319,-0.114121355,-0.1524457,-0.15569344,-0.155699,6.5759993,-0.1524619,-0.1556836,-0.08963354,-0.15237156,-0.15566304,-0.15567905,-0.15568005,-0.13302092,-0.1051107,-0.14014931,-0.15141064,-0.15839578,-0.15615125,-0.14613561,-0.15245864,-0.12319561,-0.12836225,-0.15242696,-0.15570675,-0.15570632,-0.15570635,-0.1557068,-0.38518023,-0.11451449,-0.15243343,-0.15564899,-0.14443555,-0.16636807,-0.1524634,-0.15563887,-0.12993515,-0.047159404,-0.14723529,-0.14016809,-0.14106366,-0.15233567,-0.19987361,-0.1649412,-0.17166539,-0.15244374,-0.15566918,-0.12722544,-0.14610182,-0.2588673,-0.12819096,-0.15235525,-0.09132757,-0.12832497,-0.13684332,-0.16221203,-0.15659244,-0.12769821,-0.15224066,-0.15562321,-0.15566637,-0.15569617,-0.15740095,-0.19795567,-0.15106063,-0.07294749,-0.2039893,-0.15243414,-0.15566498,-0.104459345,-0.15213954,-0.17466888,-0.13176009,-0.15244032,-0.15109587,-0.10913184,-0.15229571,-0.05825615,-0.14326635,-0.17082691,-0.15238652,-0.18883844,-0.15246853,-0.31316653,-0.15246002,-0.16808087,-0.14331596,-0.15246171,-0.15570372,-0.25088155,-0.15246886,-0.22115314,-0.07562123,-0.086852394,-0.10702289,-0.060967896,-0.14658673,-0.16796505,-0.15746465,-0.22133875,-0.12812386,-0.0969081,-0.16398169,-0.12716047,-0.11335766,-0.18846886,-0.12835631,-0.17755464,-0.0994983,-0.115196005,-0.1523875,-0.11662802,-0.19749595,-0.14526704,-0.12781724,-0.096878245,-0.15238716,-0.15553126,-0.12434345,-0.11230643,-0.063823454,-0.15232536,-0.11419349,-0.10007019,-0.24483351,-0.1524693,-0.1556965,-0.16344379,-0.1759062,-0.12524253,-0.15245625,-0.0782174,-0.19187105,-0.18185812,-0.09859173,-0.11065883,-0.15216696,-0.15541911,-0.083404,-0.1213824,-0.13072303,-0.13855581,-0.19385117,-0.15243644,-0.15570092,-0.19487974,-0.23847799,-0.2432746,-0.12806708,-0.15228707,-0.15567556,-0.14520228,2.2497602,-0.15246865,-0.19813283,-0.12827334,-0.15241203,-0.060104962,-0.15931924,-0.1524671,-0.2028091,-0.2868003,-0.11816878,-0.14795661,-0.10060286,-0.15232927,-0.13614628,-0.20725825,-0.17393659,-0.125103,-0.15657571,-0.15690626,-0.15246585,-0.15570308,-0.16221246,-0.22200036,-0.12841938,-0.2814266,-0.15246968,-0.1915083,-0.24371436,-0.16952515,-0.15239358,-0.13369927,-0.12557748,-0.15246308,-0.18106565,-0.15246946,-0.18642783,-0.1524199,-0.30462334,-0.15237081,-0.14691104,-0.13029914,-0.15245795,-0.15569207,-0.18915205,-0.12834917,-0.1524624,-0.10481856,-0.1650517,-0.15246049,-0.15570489,-0.15567946,-0.12799893,-0.15237567,-0.15567484,-0.1556666,-0.15567696,-0.15568414,-0.16505513,-0.17392421,-0.15245646,-0.15569846,-0.15568948,-0.15569893,-0.2025511,-0.15354379,-0.14723541,-0.15157568,-0.11499533,-0.10471026,-0.11893196,-0.15245965,-0.15563661,-0.12831333,-0.19501048,-0.15246665,-0.18738703,-0.11705899,-0.17429145,-0.15245828,-0.06652963,-0.15224054,-0.10737923,-0.124497145,-0.15298569,-0.052188452,-0.26007295
k__Bacteria|p__Firmicutes|c__Clostridia|o__Eubacteriales|f__Lachnospiraceae|g__Stomatobaculum|s__Stomatobaculum_longum,-0.1004395,-0.12316422,-0.15198444,-0.15527885,-0.15527904,-0.23867357,-0.1666669,-0.16813041,-0.10929718,-0.22895765,-0.23728925,-0.15198806,-0.22850217,-0.3768707,-0.08556121,-0.15167335,-0.058144663,-0.15157884,-0.15523186,-0.19931981,-0.1978925,-0.12737355,-0.15196183,-0.12711628,-0.20043859,-0.11658599,-0.182019,-0.25032333,-0.1509206,-0.15196626,0.7136374,1.2720402,-0.18249588,-0.28454733,-0.15197997,-0.12751696,-0.15198624,-0.22338755,-0.15198833,-0.29867563,-0.15198836,-0.29356226,-0.12696457,-0.1518801,-0.13691942,-0.15198424,-0.23188588,-0.24781659,-0.1296162,-0.12752159,-0.24679694,-0.18279888,-0.25087595,-0.26027086,-0.28621647,-0.27511892,-0.11894142,-0.15192199,-0.040142577,-0.056944285,-0.1514424,-0.11274739,-0.13743341,-0.12743026,-0.15197197,-0.1552755,-0.15527888,-0.15527935,-0.27573854,-0.15196109,-0.12743442,-0.16243835,-0.12334165,-0.14074792,-0.15196264,-0.15887658,-0.14481027,-0.1275062,-0.18691605,-0.14998752,-0.15197915,-0.15526275,-0.15527132,-0.1552382,-0.120334074,-0.13700745,-0.08858878,-0.15197468,-0.19008024,-0.1519832,-0.2004665,-0.11139822,-0.1388583,-0.13027036,-0.1074974,-0.15152657,-0.15191022,-0.1550993,-0.10065024,-0.08152827,-0.09427856,-0.15194812,-0.11960925,-0.15027548,-0.16982608,-0.1185138,-0.15196116,-0.15527439,-0.17738779,-0.15176103,-0.15198538,-0.25953975,-0.17989698,-0.13525523,-0.15198326,-0.15095688,-0.17780018,-0.2009549,-0.15197188,-0.09015879,-0.15175991,-0.12151222,-0.121854745,-0.13997786,-0.21433522,-0.13908121,-0.16057305,-0.15192953,-0.07092635,-0.15151015,-0.15470067,-0.18733518,-0.15180336,-0.12740648,-0.12334781,-0.14100276,-0.15195265,-0.114095174,-0.25318068,-0.26654312,-0.1267844,-0.10945694,-0.15194604,-0.09238048,-0.20963459,-0.15198338,-0.15523165,-0.12700151,-0.15193012,-0.16015086,-0.1553517,-0.15198669,-0.19704957,-0.20616047,-0.12649608,-0.10460003,-0.11361031,-0.10256614,-0.15198112,-0.19495486,-0.15196875,-0.12693706,-0.15186732,-0.041086134,-0.12967405,-0.1519858,-0.2300741,-0.15197536,-0.10384405,-0.15090334,-0.0784167,-0.15187868,-0.12766197,-0.15189359,-0.121451,-0.075820275,-0.09192432,-0.101488546,-0.15178274,-0.15520763,-0.12378413,-0.15189189,-0.1410757,-0.13984437,-0.18093297,-0.15198755,0.6852629,-0.12844054,-0.15193215,-0.13462572,-0.119081676,-0.15196538,-0.15527579,-0.15527706,-0.1552779,-0.19755594,-0.25103784,-0.20219928,-0.19465852,-0.24831252,-0.20506537,-0.22091979,-0.15197784,-0.12717664,-0.11956477,-0.15197295,-0.15527323,-0.20931396,-0.18224281,-0.15196852,-0.32474133,-0.15198614,-0.15527986,-0.15527907,-0.15527879,-0.2185038,-0.15196785,-0.114121355,-0.15196799,-0.1552688,-0.15527348,-0.22984435,-0.15198143,-0.15526062,-0.08963354,-0.15190531,-0.15524316,-0.15525663,-0.15525743,-0.13302092,1.1681947,-0.14014931,-0.15141064,-0.15839578,-0.15615125,-0.14613561,-0.15197882,-0.12319561,-0.12748554,-0.15195239,-0.15527974,-0.1552794,-0.15527938,-0.15527977,-0.38518023,-0.11451449,-0.15195793,-0.15564899,-0.14443555,-0.16636807,-0.15198275,-0.15522939,-0.12993515,-0.047159404,-0.1476455,-0.14016809,-0.14106366,-0.15187633,-0.19987361,-0.1649412,-0.17166539,-0.1519664,-0.1552484,-0.12722544,-0.14610182,-0.2588673,-0.12732741,-0.15189199,-0.09132757,-0.12832497,-0.13684332,-0.16221203,-0.15659244,-0.12678908,-0.15179434,-0.15520975,-0.15524632,-0.15527101,-0.15740095,-0.19795567,-0.15106063,-0.07294749,-0.2039893,-0.15195835,-0.15524456,-0.104459345,-0.1517117,3.2560573,-0.13176009,-0.15196359,-0.15109587,-0.10913184,-0.15184075,-0.05825615,3.062545,-0.17082691,-0.15191859,-0.18883844,-0.15198699,-0.31316653,-0.15198022,-0.16808087,-0.14331596,-0.1519814,-0.15527727,-0.25088155,-0.15198727,-0.22115314,-0.07562123,-0.086852394,-0.10702289,-0.060967896,-0.1470919,-0.16796505,-0.15746465,-0.22133875,-0.12812386,-0.0969081,-0.16398169,-0.12716047,-0.11335766,-0.18846886,-0.12748094,-0.17755464,-0.0994983,-0.115196005,-0.15191966,-0.11662802,-0.19749595,-0.14526704,-0.12781724,-0.096878245,-0.1519188,-0.15513293,-0.12434345,-0.11230643,-0.063823454,-0.1518662,-0.11419349,-0.10007019,-0.24483351,-0.15198764,-0.15527403,-0.16344379,-0.1759062,-0.12524253,-0.15197682,-0.0782174,-0.19187105,-0.18185812,-0.09859173,-0.11065883,-0.15173525,-0.1550402,-0.083404,-0.1213824,-0.13072303,-0.13855581,-0.19385117,-0.15196043,-0.15527497,-0.19487974,-0.23847799,-0.2432746,-0.12722272,-0.15183493,-0.15525395,-0.14520228,-0.2961179,-0.1519871,-0.19813283,-0.1274048,-0.15193997,-0.060104962,-0.15931924,-0.15198588,-0.2028091,-0.2868003,-0.11816878,-0.14795661,-0.10060286,-0.15187156,-0.13614628,-0.20725825,-0.17393659,-0.125103,-0.15657571,-0.15690626,-0.15198478,-0.15527676,-0.16221246,-0.22200036,-0.12753287,1.5482771,-0.15198795,-0.1915083,-0.24371436,-0.16952515,-0.15193933,-0.13369927,-0.12557748,-0.15198252,-0.18106565,-0.15198776,-0.18642783,-0.15195218,-0.30462334,-0.15190563,-0.14691104,-0.13029914,-0.1519782,-0.15526754,-0.18915205,-0.12747714,-0.15198204,-0.10481856,-0.1650517,-0.15198034,-0.15527819,-0.15526438,-0.12715448,-0.15190953,-0.15525323,-0.15524599,-0.1552549,-0.15526074,-0.16505513,-0.17392421,-0.15197697,-0.15527281,-0.15526536,-0.15527323,-0.2025511,-0.15354379,-0.14723541,-0.15124413,-0.11499533,-0.10471026,-0.11893196,-0.15197968,-0.15523419,-0.12744269,-0.19501048,-0.15198547,-0.18738703,-0.11705899,-0.17429145,-0.15198341,-0.06652963,-0.15179631,-0.10737923,-0.124497145,-0.15298569,-0.052188452,1.9490247
k__Bacteria|p__Firmicutes|c__Clostridia|o__Eubacteriales|f__Clostridiaceae|g__Clostridium|s__Clostridium_sp_D5,-0.1004395,-0.12316422,-0.15399465,-0.15727574,-0.15727603,-0.23867357,-0.1666669,-0.16813041,-0.10929718,-0.22895765,-0.23728925,-0.15400009,-0.22850217,-0.3768707,-0.08556121,-0.1535511,-0.058144663,-0.15340021,-0.15720573,-0.19931981,-0.1978925,-0.12941617,-0.1539603,-0.12711628,-0.20043859,-0.11658599,-0.182019,-0.25032333,-0.1509206,-0.1539657,-0.15142563,-0.10844302,-0.18249588,-0.28454733,-0.153985,-0.12962702,-0.15399736,-0.22338755,-0.15400049,-0.29867563,-0.15400057,-0.29356226,-0.12885332,-0.15383309,-0.13691942,-0.15399429,-0.23188588,-0.24781659,-0.1296162,-0.12963358,-0.24679694,-0.18279888,-0.25087595,-0.26027086,-0.28621647,-0.27511892,-0.11894142,-0.15390277,-0.040142577,-0.056944285,-0.15318136,-0.11274739,-0.13743341,-0.12950376,-0.1539759,-0.15727076,-0.15727578,-0.15727651,-0.27573854,-0.15395586,-0.12950626,-0.16243835,-0.12334165,-0.14074792,-0.15396202,-0.15887658,-0.14481027,-0.12960947,-0.18691605,-0.14998752,-0.15398696,-0.15725186,-0.1572645,-0.15718997,-0.120334074,-0.13700745,-0.08858878,-0.15398026,-0.19008024,-0.1539928,-0.2004665,-0.11139822,-0.1388583,-0.13027036,-0.1074974,-0.15152657,-0.15388449,-0.15693998,-0.10065024,-0.08152827,-0.09427856,-0.15394011,-0.11960925,-0.15027548,-0.16982608,-0.1185138,-0.15395877,-0.15726894,-0.17738779,-0.15176103,-0.15399602,-0.25953975,-0.17989698,-0.13525523,-0.15399289,-0.15095688,-0.17780018,-0.2009549,-0.15396953,-0.09015879,-0.15366413,-0.12151222,-0.121854745,-0.13997786,-0.21433522,-0.13908121,-0.16057305,-0.15391289,-0.07092635,-0.1532929,-0.15640019,-0.18733518,-0.1537047,-0.12948968,-0.12334781,-0.14100276,-0.15394744,-0.114095174,-0.25318068,-0.26654312,-0.12866168,-0.10945694,-0.15393756,-0.09238048,-0.20963459,-0.15399316,-0.15718082,-0.12894855,-0.15391335,-0.16015086,-0.1553517,-0.15399803,-0.19704957,-0.20616047,-0.12833375,-0.10460003,-0.11361031,-0.10256614,-0.15398972,-0.19495486,-0.15396264,-0.12886779,-0.15381902,-0.041086134,-0.12967405,-0.15399659,-0.2300741,-0.15397257,-0.10384405,-0.15242694,-0.0784167,-0.15383866,-0.12766197,-0.15386045,-0.121451,-0.075820275,-0.09192432,-0.101488546,-0.1536997,-0.15717061,-0.12378413,-0.1538261,-0.1410757,-0.13984437,-0.18093297,-0.15399936,3.6148245,-0.12844054,-0.15389842,-0.13462572,-0.119081676,-0.15396677,-0.15727128,-0.15727311,-0.15727437,-0.19755594,-0.25103784,-0.20219928,-0.19465852,-0.24831252,-0.20506537,-0.22091979,-0.15398254,-0.12917142,-0.11956477,-0.15397735,-0.1572672,-0.20931396,-0.18224281,-0.15396743,-0.32474133,-0.15399727,-0.1572773,-0.1572761,-0.15727568,-0.2185038,-0.15396672,-0.114121355,-0.1539699,-0.15726027,-0.15726745,-0.22984435,-0.15399034,-0.15724786,-0.08963354,-0.15387791,-0.15722324,-0.15724248,-0.1572442,-0.13302092,-0.1051107,-0.14014931,-0.15141064,-0.15839578,-0.15615125,-0.14613561,-0.15398636,-0.12319561,-0.12957865,-0.15394635,-0.15727709,-0.15727657,-0.15727657,-0.15727714,-0.38518023,-0.11451449,-0.15395482,-0.15564899,-0.14443555,-0.16636807,-0.15399209,-0.15719083,-0.12993515,-0.047159404,-0.147428,-0.14016809,-0.14106366,-0.15383308,-0.19987361,-0.1649412,-0.17166539,-0.1539678,-0.15723091,-0.12722544,-0.14610182,-0.2588673,-0.12936082,-0.1538583,-0.09132757,-0.12832497,-0.13684332,-0.16221203,-0.15659244,-0.12872687,-0.15371475,-0.15717348,-0.15722713,-0.157264,-0.15740095,-0.19795567,-0.15106063,-0.07294749,-0.2039893,-0.15395555,-0.1572257,-0.104459345,-0.15360403,-0.17466888,-0.13176009,-0.15396379,-0.15109587,-0.10913184,-0.1537844,-0.05825615,-0.14326635,-0.17082691,-0.1538963,-0.18883844,-0.1539985,-0.31316653,-0.15398765,-0.16808087,-0.14331596,-0.15399006,-0.15727332,-0.25088155,-0.15399891,-0.22115314,-0.07562123,-0.086852394,-0.10702289,-0.060967896,-0.14661679,-0.16796505,-0.15746465,-0.22133875,-0.12812386,-0.0969081,-0.16398169,-0.12716047,-0.11335766,-0.18846886,-0.12957111,-0.17755464,-0.0994983,-0.115196005,-0.15389776,-0.11662802,-0.19749595,-0.14526704,-0.12781724,-0.096878245,-0.15389824,-0.15705958,-0.12434345,-0.11230643,-0.063823454,-0.15382122,-0.11419349,-0.10007019,-0.24483351,-0.1539995,-0.15726405,-0.16344379,-0.1759062,-0.12524253,-0.15398335,-0.0782174,-0.19187105,-0.18185812,-0.09859173,-0.11065883,-0.15362567,-0.15692079,-0.083404,-0.1213824,-0.13072303,-0.13855581,-0.19385117,-0.1539583,-0.15726987,-0.19487974,-0.23847799,-0.2432746,-0.12921017,-0.15377343,-0.15723822,-0.14520228,-0.2961179,-0.15399867,-0.19813283,-0.12946536,-0.15392804,-0.060104962,-0.15931924,-0.1539967,-0.2028091,-0.2868003,-0.11816878,-0.14795661,-0.10060286,-0.15382466,-0.13614628,-0.20725825,-0.17393659,-0.125103,-0.15657571,-0.15690626,-0.15399517,-0.15727255,-0.16221246,-0.22200036,-0.1296503,-0.2814266,-0.15399995,-0.1915083,-0.24371436,-0.16952515,-0.1539038,-0.13369927,-0.12557748,-0.15399171,-0.18106565,-0.15399967,-0.18642783,-0.15393677,-0.30462334,-0.15387607,-0.14691104,-0.13029914,-0.15398535,-0.15725893,-0.18915205,-0.12956288,-0.1539909,-0.10481856,-0.1650517,-0.15398839,-0.15727478,-0.15724221,-0.12911782,-0.1538836,-0.15723713,-0.15722714,-0.15723988,-0.15724911,-0.16505513,-0.17392421,-0.15398341,-0.15726686,-0.15725562,-0.15726742,-0.2025511,-0.15354379,-0.14723541,-0.15287557,-0.11499533,-0.10471026,-0.11893196,-0.1539875,-0.15718856,-0.12951894,-0.19501048,-0.15399614,-0.18738703,-0.11705899,-0.17429145,-0.15398541,-0.06652963,-0.15371746,-0.10737923,-0.124497145,-0.15298569,-0.052188452,-0.26007295
k__Bacteria|p__Firmicutes|c__Clostridia|o__Eubacteriales|f__Clostridiaceae|g__Clostridium|s__Clostridium_sp_AM22_11AC,-0.1004395,-0.12316422,-0.15414816,-0.1574283,-0.15742859,-0.23867357,-0.1666669,-0.16813041,-0.10929718,-0.22895765,-0.23728925,-0.15415326,-0.22850217,-0.3768707,-0.08556121,-0.15372732,-0.058144663,-0.15358937,-0.15736279,-0.19931981,-0.1978925,-0.1295797,-0.15411586,-0.12711628,-0.20043859,-0.11658599,-0.182019,-0.25032333,-0.1509206,-0.15412095,-0.15142563,-0.10844302,-0.18249588,-0.28454733,-0.1541386,-0.12978674,-0.15415072,-0.22338755,-0.15415365,-0.29867563,-0.1541537,-0.29356226,-0.12903313,-0.15399668,-0.13691942,-0.15414783,-0.23188588,-0.24781659,-0.1296162,-0.12979308,-0.24679694,-0.18279888,-0.25087595,-0.26027086,-0.28621647,-0.27511892,-0.11894142,-0.15406191,-0.040142577,-0.056944285,-0.15339017,-0.11274739,-0.13743341,-0.12966684,-0.15413073,-0.15742365,-0.15742837,-0.15742904,-0.27573854,-0.15411058,-0.1296697,-0.16243835,-0.12334165,-0.14074792,-0.15411767,-0.15887658,-0.14481027,-0.12976919,-0.18691605,-0.14998752,-0.15414098,-0.15740602,-0.15741782,-0.1573432,-0.120334074,-0.13700745,-0.08858878,-0.1541347,-0.19008024,-0.15414646,-0.2004665,-0.11139822,-0.1388583,-0.13027036,-0.1074974,-0.15152657,-0.15404505,-0.15708394,-0.10065024,-0.08152827,-0.09427856,-0.15409693,-0.11960925,-0.15027548,-0.16982608,-0.1185138,-0.15411454,-0.15742192,-0.17738779,-0.15176103,-0.15414947,-0.25953975,-0.17989698,-0.13525523,-0.1541465,-0.15095688,-0.17780018,-0.2009549,-0.15412357,-0.09015879,-0.15383816,-0.12151222,-0.121854745,-0.13997786,-0.21433522,-0.13908121,-0.16057305,-0.15407142,-0.07092635,-0.15348864,-0.1566134,-0.18733518,-0.15387547,-0.12965214,-0.12334781,-0.14100276,-0.15410402,-0.114095174,-0.25318068,-0.26654312,-0.12882388,-0.10945694,-0.15409468,-0.09238048,-0.20963459,-0.15414676,-0.15733665,-0.12912014,-0.1540719,-0.16015086,-0.1553517,-0.15415135,-0.19704957,-0.20616047,-0.1285066,-0.10460003,-0.11361031,-0.10256614,-0.15414357,-0.19495486,-0.15411673,-0.12903139,-0.15398291,-0.041086134,-0.12967405,-0.15415,-0.2300741,-0.15412635,-0.10384405,-0.1526683,-0.0784167,-0.15400185,-0.12766197,-0.15402251,-0.121451,-0.075820275,-0.09192432,-0.101488546,-0.1538715,-0.15732977,-0.12378413,-0.1539781,-0.1410757,-0.13984437,-0.18093297,-0.1541526,-0.25777104,-0.12844054,-0.15405358,-0.13462572,-0.119081676,-0.15412207,-0.15742415,-0.15742585,-0.15742701,-0.19755594,-0.25103784,-0.20219928,-0.19465852,-0.24831252,-0.20506537,-0.22091979,-0.15413654,-0.12933858,-0.11956477,-0.15413192,-0.1574203,-0.20931396,-0.18224281,-0.15412197,-0.32474133,-0.15415064,-0.15742975,-0.15742865,-0.15742826,-0.2185038,-0.1541209,-0.114121355,-0.15412506,-0.1574139,-0.15742055,-0.22984435,-0.15414414,-0.15740156,-0.08963354,-0.15403885,-0.1573791,-0.15739729,-0.15739876,-0.13302092,-0.1051107,-0.14014931,-0.15141064,-0.15839578,-0.15615125,-0.14613561,-0.15414037,-0.12319561,-0.12974069,-0.15410325,-0.15742958,-0.1574291,-0.1574291,-0.15742964,2.3881333,-0.11451449,-0.15411097,-0.15564899,-0.14443555,-0.16636807,-0.1541458,-0.15734795,-0.12993515,-0.047159404,-0.14803809,-0.14016809,-0.14106366,-0.15399745,-0.19987361,-0.1649412,-0.17166539,-0.15412304,-0.15738629,-0.12722544,-0.14610182,-0.2588673,-0.12952054,-0.15402,-0.09132757,-0.12832497,-0.13684332,-0.16221203,-0.15659244,-0.12888706,-0.15388536,-0.15733248,-0.15738273,-0.1574173,-0.15740095,-0.19795567,-0.15106063,-0.07294749,-0.2039893,-0.15411167,-0.15738133,-0.104459345,-0.15373021,-0.17466888,-0.13176009,-0.15411925,-0.15109587,-0.10913184,-0.15394989,-0.05825615,-0.14326635,-0.17082691,-0.15405637,-0.18883844,-0.1541518,-0.31316653,-0.1541416,-0.16808087,-0.14331596,-0.15414387,-0.15742606,-0.25088155,-0.15415217,-0.22115314,-0.07562123,-0.086852394,-0.10702289,-0.060967896,-0.14728075,-0.16796505,-0.15746465,-0.22133875,-0.12812386,-0.0969081,-0.16398169,-0.12716047,-0.11335766,-0.18846886,-0.12973231,-0.17755464,-0.0994983,-0.115196005,-0.1540575,-0.11662802,-0.19749595,-0.14526704,-0.12781724,-0.096878245,-0.15405759,-0.15722549,-0.12434345,-0.11230643,-0.063823454,-0.15398529,-0.11419349,-0.10007019,-0.24483351,-0.15415272,-0.1574168,-0.16344379,-0.1759062,-0.12524253,-0.1541376,-0.0782174,-0.19187105,-0.18185812,-0.09859173,-0.11065883,-0.15380219,-0.15709552,-0.083404,-0.1213824,-0.13072303,-0.13855581,-0.19385117,-0.15411428,-0.15742281,-0.19487974,-0.23847799,-0.2432746,-0.12938352,-0.15394092,-0.15739322,-0.14520228,-0.2961179,-0.15415195,-0.19813283,-0.12962681,-0.15408579,-0.060104962,-0.15931924,-0.15415011,-0.2028091,-0.2868003,-0.11816878,-0.14795661,-0.10060286,-0.15398914,-0.13614628,-0.20725825,-0.17393659,-0.125103,-0.15657571,-0.15690626,-0.15414865,-0.15742531,-0.16221246,-0.22200036,-0.12980895,-0.2814266,-0.15415314,-0.1915083,-0.24371436,-0.16952515,-0.15405875,-0.13369927,-0.12557748,-0.15414542,-0.18106565,-0.15415287,-0.18642783,-0.15409261,-0.30462334,-0.15403774,-0.14691104,-0.13029914,-0.15413949,-0.1574126,-0.18915205,-0.12972386,-0.15414461,-0.10481856,-0.1650517,-0.15414236,-0.15742743,-0.1573953,-0.12928513,-0.15404405,-0.1573923,-0.15738288,-0.15739483,-0.1574033,-0.16505513,-0.17392421,-0.1541377,-0.15741998,-0.15740952,-0.15742053,-0.2025511,-0.15354379,-0.14723541,-0.1531072,-0.11499533,-0.10471026,-0.11893196,-0.15414146,-0.15734363,-0.12968233,-0.19501048,-0.15414956,-0.18738703,-0.11705899,-0.17429145,-0.1541383,-0.06652963,-0.15388696,-0.10737923,-0.124497145,-0.15298569,-0.052188452,-0.26007295
k__Bacteria|p__Firmicutes|c__Bacilli|o__Lactobacillales|f__Lactobacillaceae|g__Ligilactobacillus|s__Ligilactobacillus_salivarius,-0.1004395,-0.12316422,-0.15190002,-0.15509835,-0.15509868,1.8466216,-0.1666669,-0.16813041,-0.10929718,-0.22895765,-0.23728925,-0.15190533,-0.22850217,-0.3768707,-0.08556121,-0.1514478,-0.058144663,-0.15129787,-0.15502907,-0.19931981,-0.1978925,-0.1279318,-0.15186572,-0.12711628,-0.20043859,-0.11658599,-0.182019,-0.25032333,-0.1509206,-0.15187177,-0.15142563,-0.10844302,-0.18249588,-0.28454733,-0.15189078,-0.12814562,-0.15190266,-0.22338755,-0.15190576,-0.29867563,-0.15190583,-0.29356226,-0.12736051,-0.15174264,-0.13691942,-0.15189958,-0.23188588,-0.24781659,-0.1296162,-0.1281528,-0.24679694,-0.18279888,-0.25087595,-0.26027086,-0.28621647,-0.27511892,-0.11894142,-0.15180835,-0.040142577,-0.056944285,-0.15110447,-0.11274739,-0.13743341,-0.12802418,-0.15188181,-0.1550934,-0.15509844,-0.15509912,-0.27573854,-0.15186183,-0.12802498,-0.16243835,-0.12334165,-0.14074792,-0.1518676,-0.15887658,-0.14481027,-0.12812811,-0.18691605,-0.14998752,-0.15189229,-0.15507475,-0.15508744,-0.15501523,-0.120334074,-0.13700745,-0.08858878,-0.15188561,-0.19008024,-0.15189813,-0.2004665,-0.11139822,-0.1388583,-0.13027036,-0.1074974,-0.15152657,-0.15179026,-0.15474759,-0.10065024,-0.08152827,-0.09427856,-0.15184546,-0.11960925,-0.15027548,-0.16982608,-0.1185138,-0.1518648,-0.15509161,-0.17738779,-0.15176103,-0.15190136,-0.25953975,2.657632,4.017883,-0.1518982,-0.15095688,-0.17780018,-0.2009549,-0.1518763,-0.09015879,-0.15156847,-0.12151222,-0.121854745,-0.13997786,-0.21433522,-0.13908121,-0.16057305,-0.15181819,-0.07092635,-0.15119877,-0.15425387,-0.18733518,-0.15162227,-0.1280106,-0.12334781,-0.14100276,-0.15185302,-0.114095174,-0.25318068,-0.26654312,-0.1271588,-0.10945694,-0.15184292,-0.09238048,-0.20963459,-0.15189844,-0.15500724,-0.12746075,-0.15181932,-0.16015086,-0.1553517,-0.15190333,-0.19704957,-0.20616047,-0.12682113,-0.10460003,-0.11361031,-0.10256614,-0.15189497,2.9717853,-0.15186858,-0.12737492,-0.15172353,-0.041086134,-0.12967405,-0.151902,-0.2300741,-0.15187874,-0.10384405,-0.15031976,-0.0784167,-0.15174444,-0.12766197,-0.15176626,-0.121451,-0.075820275,-0.09192432,-0.101488546,-0.15160607,-0.15499309,-0.12378413,-0.1517264,-0.1410757,-0.13984437,-0.18093297,-0.15190464,-0.25777104,-0.12844054,-0.15180364,-0.13462572,-0.119081676,-0.15187185,-0.15509394,-0.15509576,-0.15509701,-0.19755594,-0.25103784,-0.20219928,-0.19465852,-0.24831252,-0.20506537,-0.22091979,-0.15188837,-0.1276929,-0.11956477,-0.15188259,-0.15508997,-0.20931396,-0.18224281,-0.1518732,-0.32474133,-0.15190256,-0.1550999,-0.1550987,-0.15509829,-0.2185038,-0.15187216,-0.114121355,-0.15187591,-0.15508363,-0.15509018,-0.22984435,-0.15189555,-0.15507063,-0.08963354,-0.1517843,-0.15504552,-0.1550658,-0.15506661,-0.13302092,-0.1051107,-0.14014931,-0.15141064,-0.15839578,-0.15615125,-0.14613561,-0.1518915,-0.12319561,-0.12809809,-0.15185325,-0.15509972,-0.15509921,-0.15509921,-0.15509975,-0.38518023,-0.11451449,-0.15186068,-0.15564899,-0.14443555,-0.16636807,-0.15189758,-0.15501745,-0.12993515,-0.047159404,-0.1455443,-0.14016809,-0.14106366,-0.15174091,-0.19987361,-0.1649412,-0.17166539,-0.15187323,-0.15505308,-0.12722544,-0.14610182,-0.2588673,-0.12787479,-0.1517635,4.8299813,-0.12832497,1.8945451,5.4763126,7.5688825,-0.12722719,-0.15162252,-0.15499657,-0.1550498,-0.15508665,-0.15740095,-0.19795567,-0.15106063,-0.07294749,-0.2039893,-0.15186173,-0.15504774,-0.104459345,-0.15145451,-0.17466888,-0.13176009,-0.15186879,-0.15109587,-0.10913184,-0.15168959,-0.05825615,-0.14326635,-0.17082691,-0.15180323,-0.18883844,-0.15190381,-0.31316653,-0.15189359,-0.16808087,-0.14331596,-0.1518954,-0.15509604,-0.25088155,-0.15190424,-0.22115314,-0.07562123,-0.086852394,-0.10702289,-0.060967896,-0.14474735,-0.16796505,-0.15746465,-0.22133875,-0.12812386,-0.0969081,-0.16398169,-0.12716047,-0.11335766,-0.18846886,-0.12808974,-0.17755464,-0.0994983,-0.115196005,-0.1518042,-0.11662802,-0.19749595,-0.14526704,-0.12781724,-0.096878245,-0.15180278,-0.15488279,-0.12434345,-0.11230643,-0.063823454,-0.15172666,-0.11419349,-0.10007019,-0.24483351,-0.15190476,-0.15508723,-0.16344379,-0.1759062,-0.12524253,-0.15188867,-0.0782174,-0.19187105,1.4967062,-0.09859173,-0.11065883,-0.15153094,-0.15474465,-0.083404,-0.1213824,-0.13072303,-0.13855581,-0.19385117,-0.15186462,-0.15509254,-0.19487974,-0.23847799,-0.2432746,-0.12771776,-0.1516799,-0.15506148,-0.14520228,-0.2961179,-0.15190396,-0.19813283,-0.12798302,-0.15183441,-0.060104962,-0.15931924,-0.15190208,-0.2028091,-0.2868003,-0.11816878,-0.14795661,-0.10060286,-0.15173307,-0.13614628,-0.20725825,-0.17393659,-0.125103,-0.15657571,-0.15690626,-0.15190053,-0.15509517,-0.16221246,-0.22200036,-0.12816952,-0.2814266,-0.15190524,-0.1915083,-0.24371436,-0.16952515,-0.15181097,-0.13369927,-0.12557748,-0.15189716,-0.18106565,-0.15190494,-0.18642783,-0.15184444,-0.30462334,-0.1517847,-0.14691104,-0.13029914,-0.15189078,-0.1550816,-0.18915205,-0.12808067,-0.15189621,-0.10481856,-0.1650517,-0.151894,-0.15509742,-0.15506642,-0.12762325,-0.15178902,-0.15506074,-0.1550504,-0.15506327,-0.15507169,-0.16505513,-0.17392421,-0.15188904,-0.1550895,-0.15507853,-0.15509005,-0.2025511,-0.15354379,-0.14723541,-0.15081951,-0.11499533,-0.10471026,-0.11893196,-0.1518929,-0.15501368,-0.12803492,-0.19501048,-0.15190154,-0.18738703,-0.11705899,-0.17429145,-0.15189105,-0.06652963,-0.15162063,-0.10737923,-0.124497145,-0.15298569,-0.052188452,-0.26007295
k__Bacteria|p__Firmicutes|c__Clostridia|o__Eubacteriales|f__Peptostreptococcaceae|g__Paeniclostridium|s__Paeniclostridium_sordellii,-0.1004395,-0.12316422,-0.15179871,-0.15503111,-0.15503137,-0.23867357,-0.1666669,-0.16813041,-0.10929718,-0.22895765,-0.23728925,-0.15180317,-0.22850217,-0.3768707,-0.08556121,-0.1514335,-0.058144663,-0.15131032,-0.15497354,-0.19931981,-0.1978925,-0.12761833,-0.1517705,-0.12711628,-0.20043859,-0.11658599,-0.182019,-0.25032333,-0.1509206,-0.15177496,-0.15142563,-0.10844302,-0.18249588,2.7870584,-0.1517909,-0.12779191,-0.15180093,-0.22338755,-0.1518035,-0.29867563,-0.15180355,-0.29356226,-0.12716337,-0.15166622,-0.13691942,-0.1517984,-0.23188588,-0.24781659,-0.1296162,-0.12779742,-0.24679694,-0.18279888,-0.25087595,-0.26027086,-0.28621647,-0.27511892,-0.11894142,-0.15172312,-0.040142577,-0.056944285,-0.15113029,-0.11274739,-0.13743341,-0.12769102,-0.15178332,-0.15502703,-0.15503114,-0.15503176,-0.27573854,-0.15176648,-0.12769319,-0.16243835,-0.12334165,-0.14074792,-0.15177189,-0.15887658,-0.14481027,-0.127778,-0.18691605,-0.14998752,-0.15179236,-0.1550115,-0.15502188,-0.15496123,-0.120334074,-0.13700745,-0.08858878,-0.15178688,-0.19008024,-0.1517972,-0.2004665,-0.11139822,-0.1388583,-0.13027036,-0.1074974,-0.15152657,-0.15170816,-0.15475293,-0.10065024,-0.08152827,-0.09427856,-0.1517539,-0.11960925,-0.15027548,-0.16982608,-0.1185138,-0.15176919,-0.15502553,-0.17738779,-0.15176103,-0.15179983,-0.25953975,-0.17989698,-0.13525523,-0.15179726,-0.15095688,-0.17780018,-0.2009549,-0.15177813,-0.09015879,-0.15152715,-0.12151222,-0.121854745,-0.13997786,-0.21433522,-0.13908121,-0.16057305,-0.15173149,-0.07092635,-0.1512215,-0.15431154,-0.18733518,-0.15155992,-0.12768218,-0.12334781,-0.14100276,-0.15175991,-0.114095174,-0.25318068,-0.26654312,-0.12697983,-0.10945694,-0.15175177,-0.09238048,-0.20963459,-0.15179744,-0.15495268,-0.12722838,-0.15173182,-0.16015086,-0.1553517,-0.15180147,-0.19704957,-0.20616047,-0.12670632,-0.10460003,-0.11361031,-0.10256614,-0.15179464,-0.19495486,-0.1517725,-0.12715048,-0.1516543,-0.041086134,-0.12967405,-0.15180029,-0.2300741,-0.1517807,-0.10384405,-0.15050545,-0.0784167,-0.15167016,-0.12766197,-0.15168837,-0.121451,-0.075820275,-0.09192432,-0.101488546,-0.15155654,-0.15494475,-0.12378413,-0.15166107,4.0561976,-0.13984437,-0.18093297,-0.15180258,-0.25777104,-0.12844054,-0.151719,-0.13462572,-0.119081676,-0.15177579,-0.15502746,-0.15502897,-0.15502998,-0.19755594,-0.25103784,-0.20219928,-0.19465852,-0.24831252,-0.20506537,-0.22091979,-0.15178874,-0.12741548,-0.11956477,-0.15178448,-0.15502411,-0.20931396,-0.18224281,-0.15177636,-0.32474133,-0.15180086,-0.1550324,-0.15503141,-0.15503106,-0.2185038,-0.15177554,-0.114121355,-0.15177833,-0.1550184,-0.15502432,-0.22984435,-0.15179515,-0.1550082,-0.08963354,-0.15170276,-0.15498796,-0.15500377,-0.15500522,-0.13302092,-0.1051107,-0.14014931,-0.15141064,1.4207668,0.7462354,-0.14613561,-0.1517919,-0.12319561,-0.1277523,-0.151759,-0.15503223,-0.1550318,-0.1550318,-0.15503228,-0.38518023,-0.11451449,-0.15176597,-0.15564899,-0.14443555,-0.16636807,-0.15179658,-0.15496139,-0.12993515,-0.047159404,-0.1464023,-0.14016809,-0.14106366,-0.1516659,-0.19987361,-0.1649412,-0.17166539,-0.15177664,-0.15499428,-0.12722544,-0.14610182,-0.2588673,-0.12757051,-0.15168662,-0.09132757,-0.12832497,-0.13684332,-0.16221203,-0.15659244,-0.127018,-0.15156832,-0.15494707,-0.15499116,-0.15502149,-0.15740095,-0.19795567,-0.15106063,-0.07294749,-0.2039893,-0.15176654,-0.15498993,-0.104459345,-0.15144825,2.4229968,-0.13176009,-0.15177336,-0.15109587,-0.10913184,-0.1516253,-0.05825615,-0.14326635,-0.17082691,-0.1517179,-0.18883844,-0.15180185,-0.31316653,-0.15179293,-0.16808087,-0.14331596,-0.15179494,-0.15502912,-0.25088155,-0.15180218,-0.22115314,-0.07562123,-0.086852394,-0.10702289,-0.060967896,-0.14573535,-0.16796505,-0.15746465,-0.22133875,-0.12812386,-0.0969081,4.4018383,-0.12716047,-0.11335766,-0.18846886,-0.12774605,-0.17755464,-0.0994983,-0.115196005,-0.15171903,-0.11662802,-0.19749595,-0.14526704,-0.12781724,-0.096878245,-0.15171942,-0.15485334,-0.12434345,-0.11230643,-0.063823454,-0.15165614,-0.11419349,-0.10007019,-0.24483351,-0.15180267,-0.15502156,-0.16344379,-0.1759062,-0.12524253,-0.15178943,-0.0782174,-0.19187105,-0.18185812,-0.09859173,-0.11065883,-0.1514952,-0.15473932,-0.083404,-0.1213824,0.91480714,-0.13855581,-0.19385117,-0.15176883,-0.1550263,-0.19487974,-0.23847799,-0.2432746,-0.12743604,-0.15161678,-0.15500027,-0.14520228,-0.2961179,-0.151802,-0.19813283,-0.12765859,-0.15174395,-0.060104962,-0.15931924,-0.1518004,-0.2028091,-0.2868003,-0.11816878,-0.14795661,-0.10060286,-0.15165909,-0.13614628,-0.20725825,-0.17393659,-0.125103,-0.15657571,-0.15690626,-0.15179914,-0.15502849,-0.16221246,-0.22200036,-0.1278111,-0.2814266,-0.15180305,-0.1915083,-0.24371436,-0.16952515,-0.15172413,-0.13369927,-0.12557748,-0.15179628,-0.18106565,-0.15180282,-0.18642783,-0.15175135,-0.30462334,-0.15170124,-0.14691104,-0.13029914,-0.15179107,-0.1550173,-0.18915205,-0.1277395,-0.15179563,-0.10481856,-0.1650517,-0.15179358,-0.15503033,-0.15500373,-0.12735225,-0.15170744,-0.1549994,-0.1549912,-0.15500164,-0.15500921,-0.16505513,-0.17392421,-0.15178949,-0.15502381,-0.15501457,-0.15502428,-0.2025511,-0.15354379,2.7497766,-0.15087909,-0.11499533,-0.10471026,-0.11893196,-0.15179281,-0.15495971,-0.12770328,-0.19501048,-0.1517999,-0.18738703,-0.11705899,-0.17429145,-0.15179119,-0.06652963,-0.15157098,-0.10737923,-0.124497145,-0.15298569,-0.052188452,-0.26007295
k__Bacteria|p__Firmicutes|c__Erysipelotrichia|o__Erysipelotrichales|f__Erysipelotrichaceae|g__Faecalicoccus|s__Faecalicoccus_pleomorphus,-0.1004395,-0.12316422,-0.15236823,-0.15565231,-0.15565258,-0.23867357,-0.1666669,7.178889,5.051102,6.379292,3.140504,-0.15237287,5.7337303,5.8478646,-0.08556121,-0.15199307,-0.058144663,-0.15186644,-0.15559283,-0.19931981,-0.1978925,-0.1278069,-0.15233913,-0.12711628,-0.20043859,-0.11658599,-0.182019,-0.25032333,-0.1509206,-0.1523436,-0.15142563,-0.10844302,-0.18249588,-0.28454733,-0.15236017,-0.12797834,-0.15237054,-0.22338755,-0.1523732,-0.29867563,-0.15237325,-0.29356226,-0.12734376,-0.15223071,-0.13691942,-0.15236795,-0.23188588,-0.24781659,-0.1296162,-0.12798376,-0.24679694,-0.18279888,-0.25087595,-0.26027086,-0.28621647,-0.27511892,-0.11894142,-0.15229043,-0.040142577,-0.056944285,-0.15167563,-0.11274739,-0.13743341,-0.1278786,-0.15235227,-0.1556481,-0.15565234,-0.15565297,-0.27573854,-0.1523354,-0.12787908,-0.16243835,-0.12334165,-0.14074792,-0.15234056,-0.15887658,-0.14481027,-0.12796429,-0.18691605,-0.14998752,-0.15236172,-0.15563208,-0.15564273,-0.15558046,-0.120334074,-0.13700745,-0.08858878,-0.15235603,-0.19008024,-0.1523667,-0.2004665,-0.11139822,-0.1388583,-0.13027036,-0.1074974,-0.15152657,-0.15227497,-0.1553721,-0.10065024,-0.08152827,-0.09427856,-0.15232211,-0.11960925,-0.15027548,-0.16982608,-0.1185138,-0.15233767,-0.15564656,-0.17738779,-0.15176103,-0.1523694,-0.25953975,-0.17989698,-0.13525523,-0.15236676,-0.15095688,-0.17780018,-0.2009549,-0.15234698,-0.09015879,-0.1520889,-0.12151222,-0.121854745,-0.13997786,-0.21433522,-0.13908121,-0.16057305,-0.15229908,-0.07092635,-0.15177341,-0.1549045,-0.18733518,-0.1521205,-0.12786882,-0.12334781,-0.14100276,-0.15232825,-0.114095174,-0.25318068,-0.26654312,-0.12720107,-0.10945694,-0.15231988,-0.09238048,-0.20963459,-0.15236697,-0.15557066,-0.12743439,-0.15229917,-0.16015086,-0.1553517,-0.15237111,-0.19704957,-0.20616047,-0.1269057,-0.10460003,-0.11361031,-0.10256614,-0.15236409,-0.19495486,-0.15234149,-0.12736174,-0.15221974,-0.041086134,-0.12967405,-0.15236986,-0.2300741,-0.15234968,-0.10384405,-0.15104216,-0.0784167,-0.15223584,-0.12766197,-0.15225455,-0.121451,-0.075820275,-0.09192432,-0.101488546,-0.15211913,-0.15556341,-0.12378413,-0.15222557,-0.1410757,-0.13984437,-0.18093297,-0.15237224,-0.25777104,-0.12844054,-0.15228674,-0.13462572,-0.119081676,-0.1523447,-0.15564853,-0.15565008,-0.15565115,-0.19755594,-0.25103784,-0.20219928,-0.19465852,-0.24831252,-0.20506537,-0.22091979,-0.15235794,-0.12761854,-0.11956477,-0.15235358,-0.15564506,-0.20931396,-0.18224281,-0.15234509,-0.32474133,-0.15237048,-0.15565364,-0.15565261,-0.15565225,-0.2185038,-0.1523444,-0.114121355,-0.15234709,-0.15563908,-0.15564528,-0.22984435,-0.1523646,-0.15562844,-0.08963354,-0.15226914,-0.15560788,-0.15562397,-0.15562567,-0.13302092,-0.1051107,-0.14014931,-0.15141064,-0.15839578,-0.15615125,-0.14613561,-0.15236124,-0.12319561,-0.12793796,-0.15232702,-0.15565348,-0.15565303,-0.15565303,-0.1556535,-0.38518023,-0.11451449,-0.15233442,-0.15564899,-0.14443555,-0.16636807,-0.15236604,-0.1555798,-0.12993515,-0.047159404,-0.14675888,-0.14016809,-0.14106366,-0.15223083,-0.19987361,-0.1649412,-0.17166539,-0.15234548,-0.15561447,-0.12722544,-0.14610182,-0.2588673,-0.12776768,-0.15225305,-0.09132757,-0.12832497,-0.13684332,-0.16221203,-0.15659244,-0.1272516,-0.1521309,-0.15556571,-0.15561116,-0.15564236,-0.15740095,-0.19795567,-0.15106063,-0.07294749,-0.2039893,-0.15233493,-0.15561008,-0.104459345,-0.1520361,-0.17466888,-0.13176009,-0.15234217,-0.15109587,-0.10913184,-0.15219006,-0.05825615,-0.14326635,-0.17082691,-0.15228459,-0.18883844,-0.1523715,-0.31316653,-0.15236223,-0.16808087,-0.14331596,-0.15236434,-0.15565023,-0.25088155,-0.15237185,-0.22115314,-0.07562123,-0.086852394,-0.10702289,-0.060967896,-0.14607275,-0.16796505,-0.15746465,-0.22133875,-0.12812386,-0.0969081,-0.16398169,-0.12716047,-0.11335766,-0.18846886,-0.12793276,-0.17755464,-0.0994983,-0.115196005,-0.15228596,-0.11662802,-0.19749595,-0.14526704,-0.12781724,-0.096878245,-0.15228677,-0.15546943,-0.12434345,-0.11230643,-0.063823454,-0.15222156,-0.11419349,-0.10007019,-0.24483351,-0.15237236,-0.15564239,-0.16344379,-0.1759062,-0.12524253,-0.15235867,-0.0782174,-0.19187105,-0.18185812,-0.09859173,-0.11065883,-0.15205592,-0.15535164,-0.083404,-0.1213824,-0.13072303,-0.13855581,-0.19385117,-0.15233727,-0.15564734,-0.19487974,-0.23847799,-0.2432746,-0.12762748,-0.15218076,-0.15562038,-0.14520228,-0.2961179,-0.15237166,-0.19813283,-0.12784834,-0.15231165,-0.060104962,-0.15931924,-0.15236998,-0.2028091,-0.2868003,-0.11816878,-0.14795661,-0.10060286,-0.15222383,-0.13614628,-0.20725825,-0.17393659,-0.125103,-0.15657571,-0.15690626,-0.15236866,-0.1556496,-0.16221246,-0.22200036,-0.12799777,-0.2814266,-0.15237272,-0.1915083,-0.24371436,-0.16952515,-0.15229113,-0.13369927,-0.12557748,-0.15236571,-0.18106565,-0.15237251,-0.18642783,-0.15231898,-0.30462334,-0.15226711,-0.14691104,-0.13029914,-0.15236033,-0.15563807,-0.18915205,-0.12792584,-0.15236506,-0.10481856,-0.1650517,-0.1523629,-0.15565151,-0.15562405,-0.12756425,-0.15227428,-0.15561943,-0.15561101,-0.15562174,-0.15562972,-0.16505513,-0.17392421,-0.15235867,-0.15564477,-0.15563521,-0.15564525,-0.2025511,-0.15354379,-0.14723541,-0.15141256,-0.11499533,-0.10471026,-0.11893196,-0.15236217,-0.15557829,-0.12788989,-0.19501048,-0.15236948,-0.18738703,-0.11705899,-0.17429145,-0.15236056,-0.06652963,-0.15213415,-0.10737923,-0.124497145,-0.15298569,-0.052188452,-0.26007295
k__Bacteria|p__Firmicutes|c__Bacilli|o__Lactobacillales|f__Carnobacteriaceae|g__Granulicatella|s__Granulicatella_SGB64171,-0.1004395,-0.12316422,-0.15260935,-0.15593368,-0.15593404,-0.23867357,-0.1666669,-0.16813041,-0.10929718,-0.22895765,-0.23728925,-0.15261543,-0.22850217,-0.3768707,-0.08556121,-0.15210351,-0.058144663,-0.15193707,-0.15585506,-0.19931981,-0.1978925,-0.12769091,-0.15257064,-0.12711628,-0.20043859,-0.11658599,-0.182019,-0.25032333,-0.1509206,-0.1525769,-0.15142563,-0.10844302,-0.18249588,-0.28454733,-0.15259868,-0.12792079,-0.15261239,-0.22338755,-0.15261589,-0.29867563,-0.15261598,-0.29356226,-0.1270849,-0.15242866,-0.13691942,-0.1526089,-0.23188588,-0.24781659,-0.1296162,-0.12792826,-0.24679694,-0.18279888,-0.25087595,-0.26027086,-0.28621647,-0.27511892,-0.11894142,-0.15250623,-0.040142577,-0.056944285,-0.1516993,-0.11274739,-0.13743341,-0.12778795,-0.15258846,-0.15592808,-0.15593374,-0.15593456,-0.27573854,-0.15256593,-0.12778968,-0.16243835,-0.12334165,-0.14074792,-0.15257266,-0.15887658,-0.14481027,-0.12790182,-0.18691605,-0.14998752,-0.15260068,-0.15590692,-0.15592116,-0.15583731,-0.120334074,-0.13700745,-0.08858878,-0.15259317,-0.19008024,-0.15260726,-0.2004665,-0.11139822,-0.1388583,-0.13027036,-0.1074974,-0.15152657,-0.15248555,-0.15554775,-0.10065024,-0.08152827,-0.09427856,-0.15254791,-0.11960925,-0.15027548,-0.16982608,-0.1185138,-0.15256909,-0.15592603,1.7875112,-0.15176103,-0.1526109,-0.25953975,-0.17989698,-0.13525523,-0.15260735,-0.15095688,-0.17780018,-0.2009549,-0.15258147,-0.09015879,-0.15223728,-0.12151222,-0.121854745,-0.13997786,-0.21433522,-0.13908121,-0.16057305,-0.15251729,-0.07092635,-0.15181842,-0.15495828,-0.18733518,-0.15228602,-0.12777689,-0.12334781,-0.14100276,-0.15255627,-0.114095174,-0.25318068,-0.26654312,-0.12688814,-0.10945694,-0.15254508,-0.09238048,-0.20963459,-0.15260765,-0.15582691,-0.12719879,-0.15251774,-0.16015086,-0.1553517,-0.15261313,-0.19704957,-0.20616047,-0.12654078,-0.10460003,-0.11361031,-0.10256614,-0.15260376,-0.19495486,-0.15257332,-0.12711003,-0.15241086,-0.041086134,-0.12967405,-0.15261155,-0.2300741,-0.15258446,-0.10384405,-0.15083104,-0.0784167,-0.15243357,-0.12766197,-0.15245837,-0.121451,-0.075820275,-0.09192432,-0.101488546,-0.15227848,-0.1558153,-0.12378413,-0.15241665,-0.1410757,-0.13984437,-0.18093297,-0.15261462,-0.25777104,-0.12844054,-0.15250143,-0.13462572,-0.119081676,-0.15257788,-0.15592867,-0.15593073,-0.15593214,-0.19755594,-0.25103784,-0.20219928,-0.19465852,-0.24831252,-0.20506537,-0.22091979,-0.15259582,-0.12744069,-0.11956477,-0.1525898,-0.15592411,-0.20931396,-0.18224281,-0.15257883,-0.32474133,-0.15261227,-0.15593544,-0.15593408,-0.15593362,-0.2185038,-0.15257801,-0.114121355,-0.15258169,-0.15591651,-0.15592438,-0.22984435,-0.15260446,-0.1559027,-0.08963354,-0.15247837,-0.15587449,-0.15589647,-0.1558981,-0.13302092,-0.1051107,-0.14014931,-0.15141064,-0.15839578,-0.15615125,-0.14613561,-0.15259993,-0.12319561,-0.12786712,-0.1525555,-0.1559352,-0.15593463,-0.15593463,-0.15593526,-0.38518023,-0.11451449,-0.15256467,-0.15564899,-0.14443555,-0.16636807,-0.15260652,-0.15583915,-0.12993515,-0.047159404,-0.1452744,-0.14016809,-0.14106366,-0.15242821,-0.19987361,-0.1649412,-0.17166539,-0.15257916,-0.15588307,1.0650901,-0.14610182,-0.2588673,-0.12763485,-0.15245603,-0.09132757,-0.12832497,-0.13684332,-0.16221203,-0.15659244,-0.12697095,-0.15229571,-0.15581888,-0.15587896,-0.15592048,-0.15740095,-0.19795567,-0.15106063,-0.07294749,-0.2039893,-0.15256563,-0.1558772,-0.104459345,-0.1521782,-0.17466888,-0.13176009,-0.1525745,-0.15109587,-0.10913184,-0.15237261,-0.05825615,-0.14326635,-0.17082691,-0.1524992,-0.18883844,-0.15261367,-0.31316653,-0.15260166,-0.16808087,0.68099296,-0.15260418,-0.15593098,-0.25088155,-0.15261412,-0.22115314,-0.07562123,-0.086852394,-0.10702289,-0.060967896,-0.14437625,-0.16796505,-0.15746465,-0.22133875,-0.12812386,-0.0969081,2.7414384,-0.12716047,-0.11335766,-0.18846886,-0.12785943,-0.17755464,-0.0994983,-0.115196005,-0.1525006,-0.11662802,-0.19749595,-0.14526704,-0.12781724,-0.096878245,-0.1525006,-0.15569074,-0.12434345,-0.11230643,-0.063823454,-0.15241414,-0.11419349,-0.10007019,0.6808855,-0.15261477,-0.1559205,-0.16344379,-0.1759062,-0.12524253,-0.1525966,-0.0782174,-0.19187105,-0.18185812,-0.09859173,-0.11065883,-0.1521939,-0.15553433,-0.083404,-0.1213824,-0.13072303,-0.13855581,-0.19385117,-0.15256876,-0.15592709,-0.19487974,-0.23847799,-0.2432746,-0.12745908,-0.15236077,-0.1558916,-0.14520228,-0.2961179,-0.15261386,-0.19813283,-0.12774602,-0.15253475,-0.060104962,-0.15931924,-0.15261166,-0.2028091,-0.2868003,-0.11816878,-0.14795661,-0.10060286,-0.152419,-0.13614628,-0.20725825,-0.17393659,-0.125103,-0.15657571,-0.15690626,-0.15260994,-0.1559301,-0.16221246,-0.22200036,-0.12794685,1.1238401,-0.15261528,-0.1915083,-0.24371436,-0.16952515,-0.15250699,-0.13369927,-0.12557748,-0.15260604,-0.18106565,-0.15261498,-0.18642783,-0.15254486,-0.30462334,-0.15247692,-0.14691104,-0.13029914,-0.1525989,-0.15591475,-0.18915205,-0.12784979,-0.15260512,-0.10481856,-0.1650517,-0.1526024,-0.15593262,-0.15589595,-0.12735973,-0.15248439,-0.15589051,-0.15587923,-0.1558936,-0.15590367,-0.16505513,-0.17392421,-0.15259679,-0.15592368,-0.15591112,-0.15592432,1.6556215,-0.15354379,-0.14723541,-0.15136239,-0.11499533,-0.10471026,-0.11893196,-0.1526013,-0.15583539,-0.12780091,-0.19501048,-0.15261103,-0.18738703,-0.11705899,-0.17429145,-0.15259875,-0.06652963,-0.1522963,-0.10737923,-0.124497145,-0.15298569,-0.052188452,-0.26007295
k__Bacteria|p__Firmicutes|c__Clostridia|o__Eubacteriales|f__Lachnospiraceae|g__GGB3653|s__GGB3653_SGB4964,-0.1004395,-0.12316422,-0.15393013,-0.15725896,-0.15725924,-0.23867357,-0.1666669,-0.16813041,-0.10929718,-0.22895765,-0.23728925,-0.1539349,-0.22850217,-0.3768707,-0.08556121,-0.15353549,-0.058144663,-0.15340392,-0.15719739,-0.19931981,-0.1978925,-0.12902786,-0.15389985,-0.12711628,-0.20043859,-0.11658599,-0.182019,-0.25032333,-0.1509206,-0.1539048,-0.15142563,-0.10844302,-0.18249588,-0.28454733,-0.15392184,-0.12920742,-0.15393251,-0.22338755,-0.15393525,-0.29867563,-0.15393533,-0.29356226,-0.1285523,-0.15378886,-0.13691942,-0.15392978,-0.23188588,-0.24781659,-0.1296162,-0.12921327,-0.24679694,-0.18279888,-0.25087595,-0.26027086,-0.28621647,-0.27511892,-0.11894142,-0.15384921,-0.040142577,-0.056944285,-0.15321714,-0.11274739,-0.13743341,-0.12910405,-0.15391375,-0.15725459,-0.15725902,-0.15725964,-0.27573854,-0.15389621,-0.12910452,-0.16243835,-0.12334165,-0.14074792,-0.1539014,-0.15887658,-0.14481027,-0.12919274,-0.18691605,-0.14998752,-0.15392333,-0.15723798,-0.15724915,-0.15718469,-0.120334074,-0.13700745,-0.08858878,-0.15391743,-0.19008024,-0.15392849,-0.2004665,-0.11139822,-0.1388583,-0.13027036,-0.1074974,-0.15152657,-0.15383312,-0.15695667,-0.10065024,-0.08152827,-0.09427856,-0.15388206,-0.11960925,-0.15027548,-0.16982608,-0.1185138,-0.1538986,-0.15725298,-0.17738779,-0.15176103,-0.15393133,-0.25953975,-0.17989698,-0.13525523,-0.15392858,-0.15095688,-0.17780018,-0.2009549,-0.15390855,-0.09015879,-0.15363863,-0.12151222,-0.121854745,-0.13997786,-0.21433522,-0.13908121,-0.16057305,-0.1538581,-0.07092635,-0.1533114,-0.15649492,-0.18733518,-0.15367764,-0.12909627,-0.12334781,-0.14100276,-0.15388855,-0.114095174,-0.25318068,-0.26654312,-0.12838925,-0.10945694,-0.15387979,-0.09238048,-0.20963459,-0.15392879,-0.15717605,-0.12864174,-0.1538585,-0.16015086,-0.1553517,-0.15393308,-0.19704957,-0.20616047,-0.12811035,-0.10460003,-0.11361031,-0.10256614,-0.15392575,-0.19495486,-0.15390223,-0.12857008,-0.15377495,-0.041086134,-0.12967405,-0.15393186,-0.2300741,-0.15391102,-0.10384405,-0.15253839,-0.0784167,-0.15379247,-0.12766197,-0.15381186,-0.121451,-0.075820275,-0.09192432,-0.101488546,-0.1536709,-0.15716624,-0.12378413,-0.15377998,-0.1410757,-0.13984437,-0.18093297,-0.15393427,-0.25777104,-0.12844054,-0.15384528,-0.13462572,-0.119081676,-0.15390548,-0.15725505,-0.15725666,-0.15725777,-0.19755594,-0.25103784,-0.20219928,-0.19465852,-0.24831252,-0.20506537,-0.22091979,-0.15391958,-0.12883256,-0.11956477,-0.15391482,-0.15725148,-0.20931396,-0.18224281,-0.15390623,-0.32474133,-0.15393242,-0.15726033,-0.15725929,-0.1572589,-0.2185038,-0.15390545,-0.114121355,-0.15390843,-0.15724552,-0.15725169,-0.22984435,-0.15392631,-0.15723452,-0.08963354,-0.15382747,-0.15721257,-0.15722981,-0.15723109,-0.13302092,-0.1051107,-0.14014931,-0.15141064,-0.15839578,-0.15615125,-0.14613561,-0.15392275,-0.12319561,-0.12916592,-0.15388791,-0.15726015,-0.1572597,-0.1572597,-0.15726021,3.3063982,-0.11451449,-0.15389514,-0.15564899,-0.14443555,-0.16636807,-0.15392789,-0.15718529,-0.12993515,-0.047159404,-0.1481878,-0.14016809,-0.14106366,-0.15378821,-0.19987361,-0.1649412,-0.17166539,-0.15390646,-0.15721932,-0.12722544,-0.14610182,-0.2588673,-0.12898412,-0.15381008,-0.09132757,-0.12832497,-0.13684332,-0.16221203,-0.15659244,-0.12844595,-0.15368414,-0.15716898,-0.1572161,-0.15724862,-0.15740095,-0.19795567,-0.15106063,-0.07294749,-0.2039893,-0.15389585,-0.1572147,-0.104459345,-0.15356633,-0.17466888,-0.13176009,-0.15390283,-0.15109587,-0.10913184,-0.1537445,-0.05825615,-0.14326635,-0.17082691,-0.15384382,-0.18883844,-0.15393351,-0.31316653,-0.15392411,-0.16808087,-0.14331596,-0.15392607,-0.15725684,-0.25088155,-0.15393387,-0.22115314,-0.07562123,-0.086852394,-0.10702289,-0.060967896,-0.14747992,-0.16796505,-0.15746465,-0.22133875,-0.12812386,-0.0969081,-0.16398169,-0.12716047,-0.11335766,-0.18846886,-0.12915978,-0.17755464,-0.0994983,-0.115196005,-0.15384495,-0.11662802,-0.19749595,-0.14526704,-0.12781724,-0.096878245,-0.1538449,-0.1570687,-0.12434345,-0.11230643,-0.063823454,-0.15377733,-0.11419349,-0.10007019,-0.24483351,-0.15393437,-0.15724882,-0.16344379,-0.1759062,-0.12524253,-0.15392014,-0.0782174,-0.19187105,-0.18185812,-0.09859173,-0.11065883,-0.15360472,-0.15694636,-0.083404,-0.1213824,-0.13072303,-0.13855581,-0.19385117,-0.15389833,-0.1572538,-0.19487974,-0.23847799,-0.2432746,-0.12884337,-0.1537354,-0.15722601,-0.14520228,-0.2961179,-0.15393366,-0.19813283,-0.1290711,-0.15387169,-0.060104962,-0.15931924,-0.15393195,-0.2028091,-0.2868003,-0.11816878,-0.14795661,-0.10060286,-0.15378113,-0.13614628,-0.20725825,-0.17393659,-0.125103,-0.15657571,-0.15690626,-0.15393059,-0.15725616,-0.16221246,-0.22200036,-0.12922779,-0.2814266,-0.15393478,-0.1915083,-0.24371436,-0.16952515,-0.15385053,-0.13369927,-0.12557748,-0.15392753,-0.18106565,-0.15393454,-0.18642783,-0.15387975,-0.30462334,-0.15382636,-0.14691104,-0.13029914,-0.15392193,-0.15724415,-0.18915205,-0.12915224,-0.1539268,-0.10481856,-0.1650517,-0.15392469,-0.15725812,-0.15722995,-0.12876941,-0.15383232,-0.15722518,-0.15721628,-0.15722755,-0.15723547,-0.16505513,-0.17392421,-0.1539203,-0.15725112,-0.15724128,-0.15725163,-0.2025511,-0.15354379,-0.14723541,-0.15295309,-0.11499533,-0.10471026,-0.11893196,-0.15392384,-0.15718278,-0.12911381,-0.19501048,-0.15393145,-0.18738703,-0.11705899,-0.17429145,-0.15392214,-0.06652963,-0.15368538,-0.10737923,-0.124497145,-0.15298569,-0.052188452,-0.26007295
k__Bacteria|p__Firmicutes|c__Clostridia|o__Eubacteriales|f__Lachnospiraceae|g__Roseburia|s__Roseburia_porci,-0.1004395,-0.12316422,-0.15354186,-0.15678437,-0.15678474,-0.23867357,-0.1666669,-0.16813041,-0.10929718,-0.22895765,-0.23728925,-0.15354834,-0.22850217,-0.3768707,-0.08556121,-0.15300532,-0.058144663,-0.15282044,-0.15670046,-0.19931981,-0.1978925,-0.12920922,-0.1535005,-0.12711628,-0.20043859,-0.11658599,-0.182019,-0.25032333,-0.1509206,-0.15350744,-0.15142563,-0.10844302,-0.18249588,-0.28454733,-0.15353072,-0.12946066,-0.15354508,-0.22338755,-0.15354884,-0.29867563,-0.15354893,-0.29356226,-0.12855157,-0.15335028,-0.13691942,-0.15354136,-0.23188588,-0.24781659,-0.1296162,-0.12946893,-0.24679694,-0.18279888,-0.25087595,-0.26027086,-0.28621647,-0.27511892,-0.11894142,-0.15343133,-0.040142577,-0.056944285,-0.1525729,-0.11274739,-0.13743341,-0.12931553,-0.15351965,-0.15677838,-0.15678445,-0.15678531,-0.27573854,-0.15349564,-0.12931827,-0.16243835,-0.12334165,-0.14074792,-0.15350261,-0.15887658,-0.14481027,-0.12944019,-0.18691605,-0.14998752,-0.15353255,-0.15675575,-0.15677103,-0.1566843,-0.120334074,-0.13700745,-0.08858878,-0.1535245,-0.19008024,-0.15353963,-0.2004665,-0.11139822,-0.1388583,-0.13027036,-0.1074974,-0.15152657,-0.15340917,-0.15637848,-0.10065024,-0.08152827,-0.09427856,-0.15347606,-0.11960925,-0.15027548,-0.16982608,-0.1185138,-0.15349904,-0.1567762,-0.17738779,-0.15176103,-0.1535435,-0.25953975,-0.17989698,-0.13525523,-0.15353969,-0.15095688,-0.17780018,-0.2009549,-0.15351287,-0.09015879,-0.15314265,-0.12151222,-0.121854745,-0.13997786,-0.21433522,-0.13908121,-0.16057305,-0.15344317,-0.07092635,-0.1526984,-0.1557506,-0.18733518,-0.15320185,-0.12930301,-0.12334781,-0.14100276,-0.15348503,-0.114095174,-0.25318068,-0.26654312,-0.12831122,-0.10945694,-0.15347296,-0.09238048,-0.20963459,-0.15353999,-0.15667285,-0.12866256,-0.15344432,-0.16015086,-0.1553517,-0.15354589,-0.19704957,-0.20616047,-0.12792642,-0.10460003,-0.11361031,-0.10256614,-0.15353581,-0.19495486,-0.15350392,-0.12855846,-0.15332961,-0.041086134,-0.12967405,-0.15354422,6.257083,-0.1535159,-0.10384405,-0.15164825,-0.0784167,-0.15335408,-0.12766197,-0.15338027,-0.121451,-0.075820275,-0.09192432,-0.101488546,-0.15318727,-0.15665744,-0.12378413,-0.15334189,-0.1410757,-0.13984437,-0.18093297,-0.1535475,-0.25777104,-0.12844054,-0.15342674,-0.13462572,-0.119081676,-0.153508,-0.15677902,-0.15678123,-0.15678272,-0.19755594,-0.25103784,-0.20219928,-0.19465852,-0.24831252,-0.20506537,-0.22091979,-0.15352762,-0.1289287,-0.11956477,-0.15352088,-0.15677416,-0.20931396,-0.18224281,-0.15350969,-0.32474133,-0.15354496,-0.15678623,-0.1567848,-0.1567843,-0.2185038,-0.15350866,-0.114121355,-0.15351246,-0.15676625,-0.15677446,-0.22984435,-0.15353656,-0.15675133,-0.08963354,-0.15340194,-0.15672074,-0.15674475,-0.15674615,-0.13302092,-0.1051107,-0.14014931,-0.15141064,-0.15839578,-0.15615125,-0.14613561,-0.15353169,-0.12319561,-0.1294032,-0.15348467,-0.15678601,-0.1567854,-0.1567854,-0.15678605,-0.38518023,-0.11451449,-0.15349413,-0.15564899,-0.14443555,-0.16636807,-0.15353885,-0.156685,-0.12993515,-0.047159404,-0.14576986,-0.14016809,-0.14106366,-0.15334855,-0.19987361,-0.1649412,-0.17166539,-0.1535095,-0.1567299,-0.12722544,-0.14610182,-0.2588673,-0.12914442,-0.15337746,-0.09132757,-0.12832497,-0.13684332,-0.16221203,-0.15659244,-0.12839244,-0.15320677,-0.15666136,-0.15672575,-0.15677024,-0.15740095,-0.19795567,-0.15106063,-0.07294749,-0.2039893,-0.15349528,-0.15672353,-0.104459345,-0.1530456,-0.17466888,-0.13176009,-0.15350434,-0.15109587,-0.10913184,-0.15328875,-0.05825615,-0.14326635,-0.17082691,-0.1534243,-0.18883844,-0.15354647,-0.31316653,-0.15353382,-0.16808087,-0.14331596,-0.15353632,-0.15678152,-0.25088155,-0.15354696,-0.22115314,-0.07562123,-0.086852394,-0.10702289,-0.060967896,-0.14479922,-0.16796505,-0.15746465,-0.22133875,-0.12812386,-0.0969081,-0.16398169,-0.12716047,-0.11335766,-0.18846886,-0.12939417,-0.17755464,-0.0994983,-0.115196005,-0.1534257,-0.11662802,-0.19749595,-0.14526704,-0.12781724,-0.096878245,-0.15342498,-0.1565241,-0.12434345,-0.11230643,-0.063823454,-0.15333301,-0.11419349,-0.10007019,-0.24483351,-0.15354763,-0.15677074,-0.16344379,-0.1759062,-0.12524253,-0.15352817,-0.0782174,-0.19187105,-0.18185812,-0.09859173,-0.11065883,-0.15309675,-0.15635726,-0.083404,-0.1213824,-0.13072303,-0.13855581,-0.19385117,-0.15349868,-0.15677732,-0.19487974,-0.23847799,-0.2432746,-0.12895273,-0.15327588,-0.15673955,-0.14520228,0.5801824,-0.15354666,-0.19813283,-0.12926885,-0.15346229,-0.060104962,-0.15931924,-0.15354434,-0.2028091,-0.2868003,-0.11816878,-0.14795661,-0.10060286,-0.15333904,-0.13614628,-0.20725825,-0.17393659,-0.125103,-0.15657571,-0.15690626,-0.15354249,-0.15678054,-0.16221246,-0.22200036,-0.12948895,-0.2814266,-0.15354818,-0.1915083,-0.24371436,-0.16952515,-0.15343472,-0.13369927,-0.12557748,-0.15353835,-0.18106565,-0.15354785,-0.18642783,-0.15347424,-0.30462334,-0.15340108,-0.14691104,-0.13029914,-0.15353067,-0.1567641,-0.18915205,-0.12938383,-0.1535373,-0.10481856,-0.1650517,-0.1535345,-0.15678325,-0.15674528,-0.12883909,-0.15340793,-0.15673849,-0.15672621,-0.15674168,-0.15675223,-0.16505513,-0.17392421,-0.15352848,-0.15677366,-0.15676029,-0.15677434,-0.2025511,-0.15354379,-0.14723541,-0.15221915,-0.11499533,-0.10471026,-0.11893196,-0.15353325,-0.1566819,-0.12933028,-0.19501048,-0.15354368,-0.18738703,-0.11705899,-0.17429145,-0.1535311,-0.06652963,-0.15320694,-0.10737923,-0.124497145,-0.15298569,-0.052188452,-0.26007295
k__Bacteria|p__Firmicutes|c__Clostridia|o__Eubacteriales|f__Lachnospiraceae|g__Dorea|s__Dorea_formicigenerans,-0.1004395,-0.12316422,-0.1537539,-0.1570274,-0.15702765,-0.23867357,-0.1666669,-0.16813041,-0.10929718,-0.22895765,-0.23728925,-0.15375794,-0.22850217,-0.3768707,-0.08556121,-0.1534112,-0.058144663,-0.15329769,-0.15697509,-0.19931981,-0.1978925,-0.12927374,-0.15372798,-0.12711628,-0.20043859,-0.11658599,-0.182019,-0.25032333,-0.1509206,-0.1537325,-0.15142563,-0.10844302,-0.18249588,-0.28454733,-0.15374686,-0.12944075,-0.1537559,-0.22338755,-0.15375826,-0.29867563,-0.15375832,-0.29356226,-0.12882324,-0.15363468,-0.13691942,-0.15375358,-0.23188588,-0.24781659,-0.1296162,-0.12944618,-0.24679694,-0.18279888,-0.25087595,-0.26027086,-0.28621647,-0.27511892,-0.11894142,-0.1536846,-0.040142577,-0.056944285,-0.15315083,-0.11274739,-0.13743341,-0.12934546,-0.15374011,-0.15702367,-0.15702748,-0.15702799,-0.27573854,-0.15372524,-0.12934682,-0.16243835,-0.12334165,-0.14074792,-0.15372935,-0.15887658,-0.14481027,-0.12942705,-0.18691605,-0.14998752,-0.1537481,-0.15700957,-0.15701914,-0.15696436,-0.120334074,-0.13700745,-0.08858878,-0.15374303,-0.19008024,-0.15375249,-0.2004665,-0.11139822,-0.1388583,-0.13027036,-0.1074974,-0.15152657,-0.15367079,-0.1567645,-0.10065024,-0.08152827,-0.09427856,-0.15371265,-0.11960925,-0.15027548,-0.16982608,-0.1185138,-0.15372731,-0.1570223,-0.17738779,-0.15176103,-0.15375492,-0.25953975,-0.17989698,-0.13525523,-0.15375254,-0.15095688,-0.17780018,-0.2009549,-0.1537359,-0.09015879,-0.15350282,-0.12151222,-0.121854745,-0.13997786,-0.21433522,-0.13908121,-0.16057305,-0.15369196,-0.07092635,-0.1532223,-0.1563865,-0.18733518,-0.1535427,-0.12933385,-0.12334781,-0.14100276,-0.15371837,-0.114095174,-0.25318068,-0.26654312,-0.12865335,-0.10945694,-0.15371072,-0.09238048,-0.20963459,-0.15375271,-0.15695882,-0.12888964,-0.15369295,-0.16015086,-0.1553517,-0.15375641,-0.19704957,-0.20616047,-0.12839597,-0.10460003,-0.11361031,-0.10256614,-0.1537501,-0.19495486,-0.15373006,-0.12882294,-0.15362012,-0.041086134,-0.12967405,-0.1537554,-0.2300741,-0.15373784,-0.10384405,-0.15255974,-0.0784167,-0.15363652,-0.12766197,-0.15365267,-0.121451,-0.075820275,-0.09192432,-0.101488546,-0.15353127,-0.15694773,-0.12378413,-0.15362406,-0.1410757,-0.13984437,-0.18093297,-0.15375741,-0.25777104,-0.12844054,-0.1536817,-0.13462572,-0.119081676,-0.1537326,-0.15702407,-0.15702546,-0.15702638,-0.19755594,-0.25103784,-0.20219928,-0.19465852,-0.24831252,-0.20506537,-0.22091979,-0.15374511,-0.12907279,-0.11956477,-0.15374073,-0.15702105,-0.20931396,-0.18224281,-0.15373379,-0.32474133,-0.15375581,-0.15702859,-0.15702766,-0.15702736,-0.2185038,-0.15373331,-0.114121355,-0.15373573,-0.15701625,-0.15702125,-0.22984435,-0.15375054,-0.15700717,-0.08963354,-0.15366656,-0.15698749,-0.15700278,-0.1570034,-0.13302092,-0.1051107,-0.14014931,-0.15141064,-0.15839578,-0.15615125,-0.14613561,-0.15374747,-0.12319561,-0.12940408,-0.15371841,-0.15702844,-0.15702805,-0.15702805,-0.15702847,-0.38518023,-0.11451449,-0.15372412,-0.15564899,4.0670366,4.6704435,-0.15375204,-0.15696618,-0.12993515,-0.047159404,-0.14893195,-0.14016809,-0.14106366,-0.15363336,-0.19987361,-0.1649412,-0.17166539,-0.15373364,-0.15699315,-0.12722544,-0.14610182,-0.2588673,-0.12922347,-0.15365046,-0.09132757,-0.12832497,-0.13684332,-0.16221203,-0.15659244,-0.12870112,-0.15354422,-0.15695038,-0.15699066,-0.15701857,-0.15740095,-0.19795567,-0.15106063,-0.07294749,-0.2039893,-0.1537249,-0.15698916,-0.104459345,-0.1534243,-0.17466888,-0.13176009,-0.1537303,-0.15109587,-0.10913184,-0.15359479,-0.05825615,-0.14326635,-0.17082691,-0.15368061,-0.18883844,-0.15375678,4.19683,-0.15374902,-0.16808087,-0.14331596,-0.15375042,-0.15702567,-0.25088155,-0.1537571,-0.22115314,-0.07562123,-0.086852394,-0.10702289,-0.060967896,-0.14832886,-0.16796505,-0.15746465,-0.22133875,-0.12812386,-0.0969081,-0.16398169,-0.12716047,-0.11335766,-0.18846886,-0.12939712,-0.17755464,-0.0994983,-0.115196005,-0.15368131,-0.11662802,-0.19749595,-0.14526704,-0.12781724,-0.096878245,-0.1536804,-0.1568642,-0.12434345,-0.11230643,-0.063823454,-0.15362279,-0.11419349,-0.10007019,-0.24483351,-0.1537575,-0.15701905,-0.16344379,-0.1759062,-0.12524253,-0.15374531,-0.0782174,-0.19187105,-0.18185812,-0.09859173,-0.11065883,-0.15347426,-0.1567594,-0.083404,-0.1213824,-0.13072303,-0.13855581,-0.19385117,-0.15372708,-0.15702301,-0.19487974,-0.23847799,-0.2432746,-0.12910762,-0.15358722,-0.15699947,-0.14520228,-0.2961179,-0.15375689,-0.19813283,-0.12931281,-0.1537042,-0.060104962,-0.15931924,-0.15375547,-0.2028091,-0.2868003,-0.11816878,-0.14795661,-0.10060286,-0.1536274,-0.13614628,-0.20725825,-0.17393659,-0.125103,-0.15657571,-0.15690626,-0.1537543,-0.15702501,-0.16221246,-0.22200036,-0.12945895,-0.2814266,-0.15375784,-0.1915083,-0.24371436,-0.16952515,-0.15368724,-0.13369927,-0.12557748,-0.15375175,-0.18106565,-0.15375763,-0.18642783,-0.15371205,-0.30462334,-0.15366648,-0.14691104,-0.13029914,-0.15374695,-0.15701476,-0.18915205,-0.12939066,-0.15375103,-0.10481856,-0.1650517,-0.15374935,-0.15702671,-0.15700334,-0.12902601,-0.15366983,-0.1569989,-0.15699117,-0.15700087,-0.15700734,-0.16505513,-0.17392421,-0.15374559,-0.15702069,-0.1570124,-0.15702114,-0.2025511,-0.15354379,-0.14723541,-0.15293412,-0.11499533,-0.10471026,-0.11893196,-0.15374851,-0.15696356,-0.1293551,-0.19501048,-0.15375507,-0.18738703,-0.11705899,-0.17429145,-0.1537472,-0.06652963,-0.15354228,-0.10737923,-0.124497145,-0.15298569,-0.052188452,-0.26007295
k__Bacteria|p__Firmicutes|c__Clostridia|o__Eubacteriales|f__Lachnospiraceae|g__Coprococcus|s__Coprococcus_comes,-0.1004395,-0.12316422,-0.15265897,-0.15591112,-0.15591142,-0.23867357,-0.1666669,-0.16813041,-0.10929718,-0.22895765,-0.23728925,-0.15266424,-0.22850217,-0.3768707,-0.08556121,-0.15221082,-0.058144663,-0.15206796,-0.15584275,-0.19931981,-0.1978925,-0.12829131,-0.15262525,-0.12711628,-0.20043859,-0.11658599,-0.182019,-0.25032333,-0.1509206,-0.15263095,-0.15142563,-0.10844302,-0.18249588,-0.28454733,-0.15264967,-0.12850526,-0.15266159,-0.22338755,-0.15266465,-0.29867563,-0.15266472,-0.29356226,-0.12772498,-0.15250278,-0.13691942,-0.15265855,-0.23188588,-0.24781659,-0.1296162,-0.12851213,-0.24679694,-0.18279888,-0.25087595,-0.26027086,-0.28621647,-0.27511892,-0.11894142,-0.15256873,-0.040142577,-0.056944285,-0.15187165,-0.11274739,-0.13743341,-0.12838158,-0.15264091,-0.15590623,-0.15591118,-0.15591186,-0.27573854,-0.1526205,-0.12838498,-0.16243835,-0.12334165,-0.14074792,-0.15262705,-0.15887658,-0.14481027,-0.12848774,-0.18691605,-0.14998752,-0.15265138,-0.15588784,-0.15590027,-0.15582654,-0.120334074,-0.13700745,-0.08858878,-0.15264484,-0.19008024,-0.15265715,-0.2004665,-0.11139822,-0.1388583,-0.13027036,-0.1074974,-0.15152657,-0.15255089,-0.15555072,-0.10065024,-0.08152827,-0.09427856,-0.15260532,-0.11960925,-0.15027548,-0.16982608,-0.1185138,-0.15262413,-0.15590444,-0.17738779,-0.15176103,-0.15266031,-0.25953975,-0.17989698,-0.13525523,-0.15265721,-0.15095688,-0.17780018,-0.2009549,-0.15263477,-0.09015879,-0.15233311,-0.12151222,-0.121854745,-0.13997786,-0.21433522,-0.13908121,-0.16057305,-0.15257849,-0.07092635,-0.15196675,-0.15507087,-0.18733518,-0.15238059,-0.12836665,-0.12334781,-0.14100276,-0.15261272,-0.114095174,-0.25318068,-0.26654312,-0.12750298,-0.10945694,-0.15260287,-0.09238048,-0.20963459,-0.15265745,-0.15581965,-0.12781386,-0.15257922,-0.16015086,-0.1553517,-0.15266225,-0.19704957,-0.20616047,-0.12718904,-0.10460003,-0.11361031,-0.10256614,-0.15265405,-0.19495486,-0.15262747,-0.12771884,-0.15248522,-0.041086134,-0.12967405,-0.1526609,-0.2300741,-0.15263763,-0.10384405,-0.15109491,-0.0784167,-0.1525055,-0.12766197,-0.15252718,-0.121451,-0.075820275,-0.09192432,-0.101488546,-0.15236898,-0.15580755,-0.12378413,-0.15248428,-0.1410757,-0.13984437,-0.18093297,-0.15266354,-0.25777104,-0.12844054,-0.15256315,-0.13462572,-0.119081676,-0.15263139,-0.15590677,-0.15590855,-0.15590978,-0.19755594,-0.25103784,-0.20219928,-0.19465852,-0.24831252,-0.20506537,-0.22091979,-0.15264733,-0.12804045,-0.11956477,-0.15264189,-0.15590282,-0.20931396,-0.18224281,-0.15263239,-0.32474133,-0.1526615,-0.15591264,-0.15591145,-0.15591106,-0.2185038,-0.15263152,-0.114121355,-0.15263508,-0.1558964,-0.15590304,-0.22984435,-0.15265465,-0.15588388,-0.08963354,-0.15254483,-0.1558593,-0.1558789,-0.15587997,-0.13302092,-0.1051107,-0.14014931,-0.15141064,-0.15839578,-0.15615125,-0.14613561,-0.15265068,-0.12319561,-0.12845778,-0.15261254,-0.15591244,-0.15591195,-0.15591194,-0.15591249,6.6208982,-0.11451449,-0.15262017,-0.15564899,-0.14443555,-0.16636807,-0.15265653,-0.15583019,-0.12993515,-0.047159404,-0.14634007,-0.14016809,-0.14106366,-0.15250188,-0.19987361,-0.1649412,-0.17166539,-0.15263262,-0.15586677,-0.12722544,-0.14610182,-0.2588673,-0.12822857,-0.15252438,-0.09132757,-0.12832497,-0.13684332,-0.16221203,-0.15659244,-0.12757649,-0.15238485,-0.15581086,-0.15586337,-0.15589958,-0.15740095,-0.19795567,-0.15106063,-0.07294749,-0.2039893,-0.15262109,-0.1558615,-0.104459345,-0.15220734,-0.17466888,-0.13176009,-0.15262845,-0.15109587,-0.10913184,-0.15245086,-0.05825615,-0.14326635,-0.17082691,-0.1525634,-0.18883844,-0.15266272,-0.31316653,-0.15265244,-0.16808087,-0.14331596,-0.15265444,-0.1559088,-0.25088155,-0.15266311,-0.22115314,-0.07562123,-0.086852394,-0.10702289,-0.060967896,-0.14555782,6.7335014,7.8046274,-0.22133875,-0.12812386,-0.0969081,-0.16398169,-0.12716047,-0.11335766,-0.18846886,-0.12844907,-0.17755464,-0.0994983,-0.115196005,-0.15256438,-0.11662802,-0.19749595,-0.14526704,-0.12781724,-0.096878245,-0.15256363,-0.15569861,-0.12434345,-0.11230643,-0.063823454,-0.1524879,-0.11419349,-0.10007019,-0.24483351,-0.15266366,-0.15589993,-0.16344379,-0.1759062,-0.12524253,-0.15264782,-0.0782174,-0.19187105,-0.18185812,-0.09859173,-0.11065883,-0.15229568,-0.15556245,-0.083404,-0.1213824,-0.13072303,-0.13855581,-0.19385117,-0.15262389,-0.15590538,-0.19487974,-0.23847799,-0.2432746,-0.12808102,-0.15244195,-0.15587467,-0.14520228,-0.2961179,-0.15266287,-0.19813283,-0.12834077,-0.15259406,-0.060104962,-0.15931924,-0.152661,-0.2028091,-0.2868003,-0.11816878,-0.14795661,-0.10060286,-0.15249372,-0.13614628,-0.20725825,-0.17393659,-0.125103,-0.15657571,-0.15690626,-0.15265948,-0.15590799,-0.16221246,-0.22200036,-0.12852862,-0.2814266,-0.15266412,-0.1915083,-0.24371436,-0.16952515,-0.15256962,-0.13369927,-0.12557748,-0.15265614,-0.18106565,-0.15266384,-0.18642783,-0.15260333,-0.30462334,-0.15254463,-0.14691104,-0.13029914,-0.15264988,-0.15589464,-0.18915205,-0.12844065,-0.15265524,-0.10481856,-0.1650517,-0.152653,-0.1559102,-0.15587881,-0.12797384,-0.15254971,-0.15587379,-0.15586376,-0.15587637,-0.15588488,-0.16505513,-0.17392421,-0.15264809,-0.15590239,-0.15589154,-0.15590295,-0.2025511,-0.15354379,-0.14723541,-0.15158494,-0.11499533,-0.10471026,-0.11893196,-0.15265197,-0.15582633,-0.12839547,-0.19501048,-0.15266044,-0.18738703,-0.11705899,-0.17429145,-0.15264992,-0.06652963,-0.15238361,-0.10737923,-0.124497145,-0.15298569,-0.052188452,-0.26007295
k__Bacteria|p__Firmicutes|c__Bacilli|o__Lactobacillales|f__Streptococcaceae|g__Streptococcus|s__Streptococcus_SGB3665,-0.1004395,-0.12316422,-0.15373836,-0.15705112,-0.15705138,-0.23867357,-0.1666669,-0.16813041,-0.10929718,-0.22895765,-0.23728925,-0.15374304,-0.22850217,-0.3768707,-0.08556121,-0.15335838,-0.058144663,-0.15323469,-0.15699102,-0.19931981,-0.1978925,-0.12895963,-0.15370908,-0.12711628,-0.20043859,-0.11658599,-0.182019,-0.25032333,-0.1509206,-0.1537135,-0.15142563,-0.10844302,-0.18249588,-0.28454733,-0.15373006,-0.12913558,-0.15374073,-0.22338755,-0.15374339,-0.29867563,-0.15374345,-0.29356226,-0.12849084,-0.1535992,-0.13691942,-0.1537381,-0.23188588,-0.24781659,-0.1296162,-0.12914106,3.480064,-0.18279888,-0.25087595,-0.26027086,-0.28621647,-0.27511892,-0.11894142,-0.15365991,-0.040142577,-0.056944285,-0.15303943,-0.11274739,-0.13743341,-0.12903309,-0.15372223,-0.15704688,-0.15705115,-0.15705179,-0.27573854,-0.15370427,-0.12903427,-0.16243835,-0.12334165,-0.14074792,-0.15371056,-0.15887658,-0.14481027,-0.12912132,-0.18691605,-0.14998752,-0.15373182,-0.1570307,-0.15704143,-0.15697649,-0.120334074,-0.13700745,-0.08858878,-0.15372613,-0.19008024,-0.15373684,-0.2004665,-0.11139822,-0.1388583,-0.13027036,-0.1074974,-0.15152657,-0.15364453,-0.15675256,-0.10065024,-0.08152827,-0.09427856,-0.15369193,-0.11960925,-0.15027548,-0.16982608,-0.1185138,-0.15370746,-0.15704533,-0.17738779,-0.15176103,-0.15373954,-0.25953975,-0.17989698,-0.13525523,-0.15373692,-0.15095688,-0.17780018,-0.2009549,-0.15371618,-0.09015879,-0.15345755,0.7507326,-0.121854745,-0.13997786,-0.21433522,-0.13908121,-0.16057305,-0.15366882,-0.07092635,-0.15313797,-0.15629354,-0.18733518,-0.15348557,-0.12902279,2.646015,-0.14100276,-0.15369815,-0.114095174,-0.25318068,-0.26654312,-0.12832636,-0.10945694,-0.15368976,-0.09238048,-0.20963459,-0.15373713,-0.1569669,-0.12857264,-0.15366855,-0.16015086,-0.1553517,-0.15374127,-0.19704957,-0.20616047,-0.12802948,-0.10460003,-0.11361031,-0.10256614,-0.15373424,-0.19495486,-0.15371089,-0.1284927,-0.15358897,-0.041086134,-0.12967405,-0.15374002,-0.2300741,-0.1537193,-0.10384405,-0.15239428,-0.0784167,-0.15360458,-0.12766197,-0.15362391,-0.121451,-0.075820275,-0.09192432,-0.101488546,-0.15348724,-0.1569617,-0.12378413,-0.15358895,-0.1410757,-0.13984437,-0.18093297,-0.15374243,-0.25777104,-0.12844054,-0.15365413,-0.13462572,-0.119081676,-0.15371478,-0.1570473,-0.15704887,-0.15704994,-0.19755594,-0.25103784,-0.20219928,-0.19465852,-0.24831252,-0.20506537,-0.22091979,-0.15372781,-0.12876321,-0.11956477,-0.15372367,-0.1570438,-0.20931396,-0.18224281,-0.15371454,-0.32474133,-0.15374066,-0.15705246,-0.15705143,-0.15705109,-0.2185038,-0.1537137,-0.114121355,-0.15371695,-0.15703765,-0.15704402,-0.22984435,-0.15373476,-0.15702635,-0.08963354,-0.15363829,-0.1570065,-0.1570225,-0.15702438,-0.13302092,-0.1051107,-0.14014931,-0.15141064,-0.15839578,-0.15615125,-0.14613561,-0.1537314,-0.12319561,-0.12909457,-0.15369669,-0.15705228,-0.15705183,-0.15705185,-0.15705232,-0.38518023,-0.11451449,-0.15370429,-0.15564899,-0.14443555,-0.16636807,-0.15373617,-0.15697706,-0.12993515,-0.047159404,-0.14806205,-0.14016809,-0.14106366,-0.15359993,-0.19987361,-0.1649412,-0.17166539,-0.15371552,-0.15701321,-0.12722544,-0.14610182,-0.2588673,-0.12891704,-0.15362228,-0.09132757,-0.12832497,-0.13684332,-0.16221203,-0.15659244,-0.12837309,-0.15349814,-0.15696388,-0.15700972,-0.1570411,-0.15740095,-0.19795567,-0.15106063,-0.07294749,-0.2039893,-0.15370473,-0.15700868,-0.104459345,-0.15336421,-0.17466888,-0.13176009,-0.1537123,-0.15109587,-0.10913184,-0.15355794,-0.05825615,-0.14326635,-0.17082691,-0.15365404,-0.18883844,-0.15374167,-0.31316653,-0.15373218,-0.16808087,-0.14331596,-0.15373448,-0.157049,-0.25088155,-0.15374202,-0.22115314,-0.07562123,-0.086852394,-0.10702289,-0.060967896,-0.14737102,-0.16796505,-0.15746465,-0.22133875,-0.12812386,-0.0969081,-0.16398169,-0.12716047,-0.11335766,-0.18846886,-0.12908892,-0.17755464,-0.0994983,-0.115196005,-0.15365544,-0.11662802,-0.19749595,-0.14526704,-0.12781724,-0.096878245,-0.15365654,-0.15686682,-0.12434345,-0.11230643,-0.063823454,-0.15359038,-0.11419349,-0.10007019,-0.24483351,-0.15374254,-0.15704086,-0.16344379,-0.1759062,-0.12524253,-0.1537288,-0.0782174,-0.19187105,-0.18185812,-0.09859173,-0.11065883,-0.15342405,-0.15674824,-0.083404,-0.1213824,-0.13072303,-0.13855581,-0.19385117,-0.15370706,-0.15704611,-0.19487974,-0.23847799,-0.2432746,-0.12877493,-0.15354943,-0.1570189,1.3238692,-0.2961179,-0.15374184,1.1167035,-0.1290014,-0.15368122,-0.060104962,-0.15931924,-0.15374012,-0.2028091,-0.2868003,-0.11816878,-0.14795661,-0.10060286,-0.15359253,-0.13614628,-0.20725825,-0.17393659,-0.125103,-0.15657571,-0.15690626,-0.15373881,-0.1570484,-0.16221246,-0.22200036,-0.12915519,-0.2814266,-0.15374291,-0.1915083,-0.24371436,-0.16952515,-0.15365842,-0.13369927,-0.12557748,-0.15373583,-0.18106565,-0.1537427,-0.18642783,-0.1536878,-0.30462334,-0.15363616,-0.14691104,-0.13029914,-0.15373042,-0.1570368,-0.18915205,-0.12908205,-0.1537352,-0.10481856,-0.1650517,-0.15373299,-0.1570503,-0.15702191,-0.12870267,-0.15364388,-0.15701786,-0.15700944,-0.15702023,-0.15702833,-0.16505513,-0.17392421,-0.15372872,-0.15704353,-0.15703386,-0.15704402,-0.2025511,-0.15354379,-0.14723541,-0.152771,-0.11499533,-0.10471026,-0.11893196,-0.15373224,-0.156975,-0.12904583,-0.19501048,-0.1537396,-0.18738703,-0.11705899,-0.17429145,-0.15373027,-0.06652963,-0.15350243,-0.10737923,-0.124497145,-0.15298569,-0.052188452,-0.26007295
k__Bacteria|p__Firmicutes|c__Bacilli|o__Lactobacillales|f__Enterococcaceae|g__GGB9582|s__GGB9582_SGB4865,-0.1004395,-0.12316422,-0.15415332,-0.15743378,-0.15743402,-0.23867357,-0.1666669,-0.16813041,-0.10929718,-0.22895765,-0.23728925,-0.15415786,-0.22850217,-0.3768707,-0.08556121,-0.15377828,-0.058144663,-0.15365869,-0.15737513,-0.19931981,-0.1978925,-0.12961744,-0.15412468,-0.12711628,-0.20043859,-0.11658599,-0.182019,-0.25032333,-0.1509206,-0.15412906,-0.15142563,-0.10844302,-0.18249588,-0.28454733,-0.15414518,-0.12979022,-0.15415561,-0.22338755,-0.1541582,-0.29867563,-0.15415826,-0.29356226,-0.12915315,-0.15401763,-0.13691942,-0.15415305,-0.23188588,-0.24781659,-0.1296162,-0.12979561,-0.24679694,-0.18279888,-0.25087595,-0.26027086,-0.28621647,-0.27511892,-0.11894142,-0.15407658,-0.040142577,-0.056944285,-0.15347122,-0.11274739,-0.13743341,-0.12968898,-0.15413758,-0.15742964,-0.15743381,-0.15743443,-0.27573854,-0.15412004,-0.12969092,-0.16243835,-0.12334165,-0.14074792,-0.15412608,-0.15887658,-0.14481027,-0.12977618,-0.18691605,-0.14998752,-0.1541469,-0.15741384,-0.15742433,-0.15736085,-0.120334074,-0.13700745,-0.08858878,-0.15414134,-0.19008024,-0.1541518,-0.2004665,-0.11139822,-0.1388583,-0.13027036,-0.1074974,-0.15152657,-0.1540614,-0.15713474,-0.10065024,-0.08152827,-0.09427856,-0.15410787,-0.11960925,-0.15027548,-0.16982608,-0.1185138,-0.15412319,-0.1574281,-0.17738779,-0.15176103,-0.15415446,-0.25953975,-0.17989698,-0.13525523,-0.15415189,-0.15095688,-0.17780018,-0.2009549,-0.15413183,-0.09015879,-0.15387803,-0.12151222,-0.121854745,-0.13997786,-0.21433522,-0.13908121,-0.16057305,-0.15408519,-0.07092635,-0.15356535,-0.15669647,-0.18733518,-0.15390767,-0.12967807,-0.12334781,-0.14100276,-0.15411392,-0.114095174,-0.25318068,-0.26654312,-0.12898657,-0.10945694,-0.15410572,-0.09238048,-0.20963459,-0.15415208,-0.15735263,-0.12923259,-0.1540851,-0.16015086,-0.1553517,-0.15415615,-0.19704957,-0.20616047,-0.1287156,-0.10460003,-0.11361031,-0.10256614,-0.15414926,-0.19495486,-0.15412644,-0.12915508,-0.15400681,-0.041086134,-0.12967405,-0.15415493,-0.2300741,-0.15413478,-0.10384405,-0.15282974,-0.0784167,-0.15402249,-0.12766197,-0.15404117,-0.121451,-0.075820275,-0.09192432,-0.101488546,-0.15390709,-0.15734613,-0.12378413,-0.15400663,-0.1410757,-0.13984437,-0.18093297,-0.15415728,-0.25777104,-0.12844054,-0.15407145,-0.13462572,-0.119081676,-0.15413016,-0.15743005,-0.15743157,-0.15743262,-0.19755594,-0.25103784,-0.20219928,-0.19465852,-0.24831252,-0.20506537,-0.22091979,-0.15414308,-0.12941863,-0.11956477,-0.15413892,-0.15742663,-0.20931396,-0.18224281,-0.1541301,-0.32474133,-0.15415554,-0.15743507,-0.15743408,-0.15743372,-0.2185038,-0.1541295,-0.114121355,-0.15413249,-0.1574207,-0.15742683,-0.22984435,-0.15414977,-0.15741,-0.08963354,-0.15405557,-0.15739006,-0.15740587,-0.15740755,-0.13302092,-0.1051107,-0.14014931,-0.15141064,-0.15839578,-0.15615125,-0.14613561,-0.15414646,-0.12319561,-0.1297501,-0.15411271,-0.15743491,-0.15743446,-0.1574345,-0.15743494,5.091715,-0.11451449,-0.15412001,-0.15564899,-0.14443555,-0.16636807,-0.15415117,-0.15736195,-0.12993515,-0.047159404,-0.14862423,-0.14016809,-0.14106366,-0.15401807,-0.19987361,-0.1649412,-0.17166539,-0.15413094,-0.15739657,-0.12722544,-0.14610182,-0.2588673,-0.12957323,-0.15403959,-0.09132757,-0.12832497,-0.13684332,-0.16221203,-0.15659244,-0.12903306,-0.15391876,-0.15734845,-0.15739325,-0.15742397,-0.15740095,-0.19795567,-0.15106063,-0.07294749,-0.2039893,-0.1541205,-0.15739216,-0.104459345,-0.15378751,-0.17466888,-0.13176009,-0.15412772,-0.15109587,-0.10913184,-0.15397647,-0.05825615,-0.14326635,-0.17082691,-0.15407097,-0.18883844,-0.15415654,-0.31316653,-0.15414736,-0.16808087,-0.14331596,-0.1541495,-0.15743172,-0.25088155,-0.15415688,-0.22115314,-0.07562123,-0.086852394,-0.10702289,-0.060967896,-0.14794987,-0.16796505,-0.15746465,-0.22133875,-0.12812386,-0.0969081,-0.16398169,-0.12716047,-0.11335766,-0.18846886,-0.12974423,-0.17755464,-0.0994983,-0.115196005,-0.15407225,-0.11662802,-0.19749595,-0.14526704,-0.12781724,-0.096878245,-0.15407307,-0.1572533,-0.12434345,-0.11230643,-0.063823454,-0.1540083,-0.11419349,-0.10007019,-0.24483351,-0.15415737,-0.15742387,-0.16344379,-0.1759062,-0.12524253,-0.15414393,-0.0782174,-0.19187105,-0.18185812,-0.09859173,-0.11065883,-0.15384534,-0.15713724,-0.083404,-0.1213824,-0.13072303,-0.13855581,-0.19385117,-0.1541228,-0.15742889,-0.19487974,-0.23847799,-0.2432746,-0.12943831,-0.1539684,-0.15740232,-0.14520228,-0.2961179,-0.15415671,-0.19813283,-0.12965794,-0.1540975,-0.060104962,-0.15931924,-0.15415503,-0.2028091,-0.2868003,-0.11816878,-0.14795661,-0.10060286,-0.15401089,-0.13614628,-0.20725825,-0.17393659,-0.125103,-0.15657571,-0.15690626,-0.15415375,-0.15743113,-0.16221246,-0.22200036,-0.12980944,-0.2814266,-0.15415776,-0.1915083,-0.24371436,-0.16952515,-0.15407555,-0.13369927,-0.12557748,-0.15415084,-0.18106565,-0.15415752,-0.18642783,-0.15410416,-0.30462334,-0.15405369,-0.14691104,-0.13029914,-0.15414554,-0.15741977,-0.18915205,-0.12973766,-0.15415022,-0.10481856,-0.1650517,-0.15414807,-0.15743297,-0.15740536,-0.12936138,-0.15406072,-0.15740135,-0.15739307,-0.15740366,-0.15741152,-0.16505513,-0.17392421,-0.1541439,-0.15742634,-0.15741692,-0.15742683,-0.2025511,-0.15354379,-0.14723541,-0.1532115,-0.11499533,-0.10471026,-0.11893196,-0.15414734,-0.15735966,-0.12970155,-0.19501048,-0.15415454,-0.18738703,-0.11705899,-0.17429145,-0.15414554,-0.06652963,-0.15392192,-0.10737923,-0.124497145,-0.15298569,-0.052188452,-0.26007295
k__Bacteria|p__Firmicutes|c__Clostridia|o__Eubacteriales|f__Lachnospiraceae|g__Stomatobaculum|s__Stomatobaculum_SGB5266,-0.1004395,-0.12316422,-0.15196258,-0.15524058,-0.1552409,-0.23867357,-0.1666669,-0.16813041,-0.10929718,-0.22895765,-0.23728925,-0.15196787,-0.22850217,-0.3768707,-0.08556121,-0.15152481,-0.058144663,-0.15138382,-0.15517254,-0.19931981,-0.1978925,-0.12742424,-0.15192926,-0.12711628,-0.20043859,-0.11658599,-0.182019,-0.25032333,-0.1509206,-0.15193456,-0.15142563,-0.10844302,0.7822239,-0.28454733,-0.15195349,-0.12761846,-0.15196523,-0.22338755,-0.15196827,-0.29867563,-0.15196833,-0.29356226,-0.12690571,-0.15180588,-0.13691942,-0.15196225,-0.23188588,-0.24781659,-0.1296162,-0.12762457,-0.24679694,-0.18279888,-0.25087595,-0.26027086,-0.28621647,-0.27511892,-0.11894142,-0.15187353,-0.040142577,-0.056944285,-0.1511724,-0.11274739,-0.13743341,-0.12750407,-0.1519444,-0.15523577,-0.15524063,-0.15524134,-0.27573854,-0.15192537,-0.12750648,-0.16243835,-0.12334165,-0.14074792,-0.15193087,-0.15887658,-0.14481027,-0.12760235,-0.18691605,-0.14998752,-0.1519551,-0.15521744,-0.15522969,-0.15515843,-0.120334074,-0.13700745,-0.08858878,-0.1519486,-0.19008024,-0.15196082,1.8402835,-0.11139822,-0.1388583,-0.13027036,-0.1074974,-0.15152657,-0.15185565,-0.15490997,-0.10065024,-0.08152827,-0.09427856,-0.15190965,-0.11960925,-0.15027548,-0.16982608,-0.1185138,-0.15192774,-0.15523398,-0.17738779,-0.15176103,-0.15196392,-0.25953975,-0.17989698,-0.13525523,-0.15196091,-0.15095688,-0.17780018,-0.2009549,-0.15193868,-0.09015879,-0.15164176,-0.12151222,-0.121854745,-0.13997786,-0.21433522,-0.13908121,-0.16057305,-0.15188327,-0.07092635,-0.1512793,-0.15439045,-0.18733518,-0.15168175,-0.12749358,-0.12334781,-0.14100276,-0.15191673,-0.114095174,0.7594876,-0.26654312,-0.1267375,-0.10945694,-0.15190716,-0.09238048,-0.20963459,-0.15196113,-0.15514958,-0.12700588,-0.15188336,-0.16015086,-0.1553517,-0.15196587,-0.19704957,-0.20616047,-0.12644522,-0.10460003,-0.11361031,-0.10256614,-0.15195781,-0.19495486,-0.15193209,-0.12693305,-0.15179163,-0.041086134,-0.12967405,-0.15196446,-0.2300741,-0.15194172,-0.10384405,-0.15042208,-0.0784167,-0.15181065,-0.12766197,-0.15183213,-0.121451,-0.075820275,-0.09192432,-0.101488546,-0.15167648,-0.15513846,-0.12378413,-0.15179753,-0.1410757,-0.13984437,-0.18093297,-0.15196717,-0.25777104,-0.12844054,-0.15187117,-0.13462572,-0.119081676,-0.15193552,-0.15523624,-0.15523805,-0.15523925,-0.19755594,-0.25103784,-0.20219928,-0.19465852,-0.24831252,-0.20506537,-0.22091979,-0.15195099,-0.12720986,-0.11956477,-0.1519458,-0.1552323,-0.20931396,-0.18224281,-0.15193641,-0.32474133,-0.15196514,-0.1552421,-0.15524094,-0.15524054,-0.2185038,-0.15193594,-0.114121355,-0.15193853,-0.1552256,-0.15523253,-0.22984435,-0.15195842,-0.15521395,-0.08963354,-0.15184921,-0.15518959,-0.15520827,-0.15520994,-0.13302092,-0.1051107,-0.14014931,-0.15141064,-0.15839578,-0.15615125,-0.14613561,-0.15195453,-0.12319561,-0.1275726,-0.15191568,-0.1552419,-0.1552414,-0.15524141,-0.15524197,-0.38518023,-0.11451449,-0.15192392,-0.15564899,-0.14443555,-0.16636807,-0.1519601,-0.15515889,-0.12993515,-0.047159404,-0.14557186,-0.14016809,-0.14106366,-0.15180561,-0.19987361,-0.1649412,-0.17166539,-0.15193652,-0.15519708,-0.12722544,-0.14610182,-0.2588673,-0.12737718,-0.15183033,-0.09132757,-0.12832497,-0.13684332,-0.16221203,-0.15659244,-0.1268091,-0.15169118,-0.15514141,-0.15519342,-0.1552292,-0.15740095,-0.19795567,-0.15106063,-0.07294749,-0.2039893,-0.15192465,-0.15519202,-0.104459345,-0.15159869,-0.17466888,-0.13176009,-0.15193263,-0.15109587,-0.10913184,-0.15175788,-0.05825615,-0.14326635,-0.17082691,-0.15186712,-0.18883844,-0.15196633,-0.31316653,-0.15195581,-0.16808087,-0.14331596,-0.15195814,-0.15523824,-0.25088155,-0.15196672,1.2042716,-0.07562123,-0.086852394,-0.10702289,-0.060967896,-0.14479494,-0.16796505,-0.15746465,-0.22133875,-0.12812386,-0.0969081,-0.16398169,-0.12716047,-0.11335766,-0.18846886,-0.12756641,-0.17755464,-0.0994983,-0.115196005,-0.15186849,-0.11662802,-0.19749595,-0.14526704,-0.12781724,-0.096878245,-0.15186897,-0.15503085,-0.12434345,-0.11230643,-0.063823454,-0.15179393,-0.11419349,-0.10007019,-0.24483351,-0.15196729,-0.15522945,-0.16344379,-0.1759062,-0.12524253,-0.1519516,-0.0782174,-0.19187105,-0.18185812,-0.09859173,-0.11065883,-0.15160418,-0.15489572,-0.083404,-0.1213824,-0.13072303,-0.13855581,-0.19385117,-0.15192732,-0.15523487,-0.19487974,-0.23847799,-0.2432746,-0.1272295,-0.15174776,-0.15520415,-0.14520228,-0.2961179,-0.15196651,-0.19813283,-0.12747023,-0.15189797,-0.060104962,-0.15931924,-0.15196459,-0.2028091,-0.2868003,-0.11816878,-0.14795661,-0.10060286,-0.15179764,-0.13614628,-0.20725825,-0.17393659,-0.125103,-0.15657571,-0.15690626,-0.15196308,-0.15523748,-0.16221246,-0.22200036,-0.12764052,-0.2814266,-0.15196773,-0.1915083,-0.24371436,-0.16952515,-0.15187554,-0.13369927,-0.12557748,-0.15195972,-0.18106565,-0.15196747,-0.18642783,-0.151907,-0.30462334,-0.15184739,-0.14691104,-0.13029914,-0.15195355,-0.15522426,-0.18915205,-0.1275585,-0.15195897,-0.10481856,-0.1650517,-0.15195653,-0.15523966,-0.15520859,-0.12715039,-0.15185478,-0.15520307,-0.15519337,-0.15520576,-0.1552147,-0.16505513,-0.17392421,-0.1519517,-0.15523195,-0.15522105,-0.15523249,3.2960966,-0.15354379,-0.14723541,-0.15087596,-0.11499533,-0.10471026,-0.11893196,-0.15195563,-0.15515675,-0.12751648,-0.19501048,-0.15196402,-0.18738703,-0.11705899,-0.17429145,-0.1519541,-0.06652963,-0.15169276,-0.10737923,-0.124497145,-0.15298569,-0.052188452,-0.26007295
k__Bacteria|p__Firmicutes|c__CFGB1362|o__OFGB1362|f__FGB1362|g__GGB48159|s__GGB48159_SGB105302,-0.1004395,-0.12316422,-0.15214227,-0.15546033,-0.15546063,-0.23867357,-0.1666669,-0.16813041,-0.10929718,-0.22895765,-0.23728925,-0.15214738,-0.22850217,-0.3768707,-0.08556121,-0.15172178,-0.058144663,-0.15157765,-0.15539443,-0.19931981,-0.1978925,-0.1273051,-0.1521098,-0.12711628,-0.20043859,-0.11658599,-0.182019,-0.25032333,-0.1509206,-0.1521151,-0.15142563,-0.10844302,-0.18249588,-0.28454733,-0.15213345,-0.12749961,-0.15214482,-0.22338755,-0.15214776,-0.29867563,-0.15214783,-0.29356226,-0.12679552,-0.1519911,-0.13691942,-0.15214188,-0.23188588,-0.24781659,-0.1296162,-0.1275059,-0.24679694,-0.18279888,-0.25087595,4.2175364,-0.28621647,-0.27511892,-0.11894142,-0.15205568,-0.040142577,-0.056944285,-0.15137866,-0.11274739,-0.13743341,-0.12738742,-0.15212476,-0.15545565,-0.15546039,-0.15546107,-0.27573854,-0.15210624,-0.12738892,-0.16243835,-0.12334165,-0.14074792,-0.15211144,-0.15887658,-0.14481027,-0.12748367,-0.18691605,-0.14998752,-0.15213498,-0.15543786,-0.15544984,-0.15538102,-0.120334074,-0.13700745,-0.08858878,-0.15212867,-0.19008024,-0.15214051,-0.2004665,-0.11139822,-0.1388583,-0.13027036,-0.1074974,-0.15152657,-0.15203823,-0.15514688,-0.10065024,-0.08152827,-0.09427856,-0.15209073,-0.11960925,-0.15027548,-0.16982608,-0.1185138,-0.15210855,-0.15545392,-0.17738779,-0.15176103,-0.15214355,-0.25953975,-0.17989698,-0.13525523,-0.15214059,-0.15095688,-0.17780018,-0.2009549,-0.15211928,-0.09015879,-0.15182965,-0.12151222,-0.121854745,-0.13997786,-0.21433522,-0.13908121,-0.16057305,-0.15206495,-0.07092635,-0.15147993,-0.15464297,-0.18733518,-0.15187258,-0.1273786,-0.12334781,-0.14100276,-0.1520977,-0.114095174,-0.25318068,-0.26654312,-0.12662143,-0.10945694,-0.15208828,-0.09238048,1.6222949,-0.1521408,-0.15537208,-0.1268895,-0.15206563,-0.16015086,-0.1553517,-0.15214543,1.5493484,-0.20616047,-0.12632373,-0.10460003,-0.11361031,-0.10256614,-0.15213755,-0.19495486,-0.15211236,-0.12681258,-0.15197584,-0.041086134,-0.12967405,-0.1521441,-0.2300741,-0.15212172,-0.10384405,-0.15065803,-0.0784167,-0.1519951,-0.12766197,-0.1520156,-0.121451,-0.075820275,-0.09192432,-0.101488546,-0.15186453,-0.15536092,-0.12378413,-0.15198478,-0.1410757,-0.13984437,-0.18093297,-0.1521467,-0.25777104,-0.12844054,-0.15205261,-0.13462572,-0.119081676,-0.1521158,-0.15545616,-0.15545787,-0.15545905,-0.19755594,-0.25103784,-0.20219928,-0.19465852,-0.24831252,-0.20506537,-0.22091979,-0.15213102,-0.12709443,-0.11956477,-0.15212584,-0.15545231,-0.20931396,-0.18224281,-0.152117,2.612332,-0.15214472,-0.15546182,-0.15546066,-0.15546027,-0.2185038,-0.15211633,-0.114121355,-0.1521191,-0.15544598,-0.15545255,-0.22984435,-0.15213814,-0.15543479,-0.08963354,-0.1520325,-0.15541057,-0.15542912,-0.15543044,-0.13302092,-0.1051107,-0.14014931,-0.15141064,-0.15839578,-0.15615125,-0.14613561,-0.15213433,-0.12319561,-0.1274546,-0.15209708,-0.15546161,-0.15546113,-0.15546113,-0.15546167,-0.38518023,-0.11451449,-0.15210475,-0.15564899,-0.14443555,-0.16636807,-0.15213987,-0.15538152,-0.12993515,-0.047159404,-0.14599758,-0.14016809,-0.14106366,-0.15199018,-0.19987361,-0.1649412,-0.17166539,-0.15211686,-0.15541776,-0.12722544,-0.14610182,-0.2588673,-0.12725648,-0.15201354,-0.09132757,-0.12832497,-0.13684332,-0.16221203,-0.15659244,-0.12668967,-0.1518795,-0.15536392,-0.1554144,-0.15544924,-0.15740095,-0.19795567,-0.15106063,-0.07294749,-0.2039893,-0.15210558,-0.15541285,-0.104459345,-0.15178172,-0.17466888,-0.13176009,-0.15211295,-0.15109587,-0.10913184,-0.15194418,-0.05825615,-0.14326635,-0.17082691,-0.15204978,-0.18883844,-0.15214589,-0.31316653,-0.15213585,-0.16808087,-0.14331596,-0.1521379,-0.15545808,-0.25088155,-0.15214628,-0.22115314,-0.07562123,-0.086852394,-0.10702289,-0.060967896,-0.14523819,-0.16796505,-0.15746465,-0.22133875,-0.12812386,-0.0969081,-0.16398169,-0.12716047,-0.11335766,-0.18846886,-0.12744795,-0.17755464,-0.0994983,-0.115196005,-0.15205097,-0.11662802,-0.19749595,-0.14526704,-0.12781724,-0.096878245,-0.1520509,-0.15525639,-0.12434345,-0.11230643,-0.063823454,-0.15197864,-0.11419349,-0.10007019,-0.24483351,-0.15214682,-0.15544948,-0.16344379,-0.1759062,-0.12524253,-0.15213154,-0.0782174,-0.19187105,-0.18185812,-0.09859173,-0.11065883,-0.15179333,-0.15512519,-0.083404,-0.1213824,-0.13072303,-0.13855581,-0.19385117,-0.15210822,-0.15545481,-0.19487974,-0.23847799,-0.2432746,-0.12710811,-0.15193363,-0.15542506,-0.14520228,-0.2961179,-0.15214604,-0.19813283,-0.12735178,-0.15207973,-0.060104962,-0.15931924,-0.15214421,-0.2028091,-0.2868003,-0.11816878,-0.14795661,-0.10060286,-0.15198267,-0.13614628,0.6725865,-0.17393659,-0.125103,-0.15657571,-0.15690626,-0.15214276,-0.15545732,-0.16221246,-0.22200036,-0.12752154,-0.2814266,-0.15214723,-0.1915083,-0.24371436,-0.16952515,-0.15205808,-0.13369927,-0.12557748,-0.1521395,-0.18106565,-0.15214698,-0.18642783,-0.15208885,-0.30462334,-0.15203118,-0.14691104,-0.13029914,-0.15213348,-0.15544446,-0.18915205,-0.12743983,-0.15213871,-0.10481856,-0.1650517,-0.15213645,-0.15545943,-0.15542927,-0.12702385,-0.15203731,-0.15542416,-0.15541466,-0.15542671,-0.1554352,-0.16505513,-0.17392421,-0.15213174,-0.15545192,-0.15544139,-0.15545246,-0.2025511,-0.15354379,-0.14723541,-0.15109682,-0.11499533,-0.10471026,-0.11893196,-0.15213549,-0.15537915,-0.12739855,-0.19501048,-0.15214367,-0.18738703,-0.11705899,-0.17429145,-0.15213369,-0.06652963,-0.15187997,-0.10737923,-0.124497145,-0.15298569,-0.052188452,-0.26007295
k__Bacteria|p__Firmicutes|c__Negativicutes|o__Veillonellales|f__Veillonellaceae|g__Dialister|s__Dialister_invisus,-0.1004395,-0.12316422,-0.15249613,-0.15574433,-0.15574461,-0.23867357,-0.1666669,-0.16813041,-0.10929718,-0.22895765,-0.23728925,-0.15250096,-0.22850217,-0.3768707,-0.08556121,-0.1520881,-0.058144663,-0.15195742,-0.15568158,-0.19931981,-0.1978925,-0.12818028,-0.15246525,-0.12711628,-0.20043859,-0.11658599,-0.182019,-0.25032333,-0.1509206,-0.15247038,-0.15142563,-0.10844302,-0.18249588,-0.28454733,-0.15248758,-0.12837183,-0.15249854,-0.22338755,-0.15250134,-0.29867563,-0.1525014,-0.29356226,-0.12766899,-0.1523524,-0.13691942,-0.15249577,-0.23188588,-0.24781659,-0.1296162,-0.12837797,-0.24679694,-0.18279888,-0.25087595,-0.26027086,-0.28621647,6.2274947,0.7613509,-0.15241346,-0.040142577,-0.056944285,-0.15177196,-0.11274739,-0.13743341,-0.12826096,-0.15247947,-0.15573986,-0.15574437,-0.15574503,-0.27573854,-0.15246111,-0.12826319,-0.16243835,-0.12334165,-0.14074792,-0.15246686,-0.15887658,-0.14481027,-0.12835605,-0.18691605,-0.14998752,-0.15248917,-0.15572298,-0.15573435,-0.1556676,-0.120334074,-0.13700745,-0.08858878,-0.15248317,-0.19008024,-0.15249446,-0.2004665,-0.11139822,-0.1388583,-0.13027036,-0.1074974,-0.15152657,-0.15239719,-0.15542524,-0.10065024,-0.08152827,-0.09427856,-0.15244704,-0.11960925,-0.15027548,5.435135,-0.1185138,-0.15246409,-0.15573823,-0.17738779,-0.15176103,-0.15249735,-0.25953975,-0.17989698,-0.13525523,-0.1524945,-0.15095688,-0.17780018,-0.2009549,-0.15247393,-0.09015879,-0.15219826,-0.12151222,-0.121854745,-0.13997786,-0.21433522,-0.13908121,-0.16057305,-0.15242255,-0.07092635,-0.15186296,-0.15496922,-0.18733518,-0.15223981,-0.12824775,-0.12334781,-0.14100276,-0.15245375,-0.114095174,-0.25318068,-0.26654312,-0.12748575,-0.10945694,-0.15244478,-0.09238048,-0.20963459,-0.15249473,-0.1556605,-0.1277591,-0.15242302,-0.16015086,-0.1553517,-0.15249912,-0.19704957,-0.20616047,-0.12719314,-0.10460003,-0.11361031,-0.10256614,-0.15249166,-0.19495486,-0.15246749,-0.12767923,-0.15233755,-0.041086134,-0.12967405,-0.15249789,-0.2300741,-0.15247664,-0.10384405,-0.15106906,-0.0784167,-0.15235555,-0.12766197,-0.15237547,-0.121451,-0.075820275,-0.09192432,-0.101488546,-0.15223074,-0.15564966,-0.12378413,-0.15233874,-0.1410757,-0.13984437,-0.18093297,-0.15250033,-0.25777104,-0.12844054,-0.15240923,-0.13462572,-0.119081676,-0.15247093,-0.15574032,-0.15574199,-0.15574309,-0.19755594,-0.25103784,-0.20219928,-0.19465852,-0.24831252,-0.20506537,-0.22091979,-0.15248542,-0.12796319,-0.11956477,-0.15248051,-0.1557367,-0.20931396,-0.18224281,-0.15247172,-0.32474133,-0.15249845,-0.15574573,-0.15574464,-0.15574425,-0.2185038,-0.15247089,-0.114121355,-0.15247409,-0.15573072,-0.15573692,-0.22984435,-0.1524922,-0.15571913,-0.08963354,-0.15239134,-0.15569696,-0.1557147,-0.15571588,-0.13302092,-0.1051107,-0.14014931,-0.15141064,-0.15839578,-0.15615125,-0.14613561,-0.15248859,-0.12319561,-0.12832882,-0.1524533,-0.15574554,-0.15574509,-0.15574509,-0.1557456,-0.38518023,-0.11451449,-0.15246052,-0.15564899,-0.14443555,-0.16636807,-0.15249388,-0.15566969,-0.12993515,-0.047159404,-0.1466721,-0.14016809,-0.14106366,-0.15235186,-0.19987361,-0.1649412,-0.17166539,-0.15247202,-0.15570384,-0.12722544,-0.14610182,-0.2588673,-0.1281285,-0.15237316,-0.09132757,-0.12832497,-0.13684332,-0.16221203,-0.15659244,-0.12754656,-0.15224466,-0.1556525,-0.15570065,-0.15573378,-0.15740095,-0.19795567,-0.15106063,-0.07294749,-0.2039893,-0.15246129,-0.15569904,-0.104459345,-0.15210049,-0.17466888,-0.13176009,-0.15246826,-0.15109587,-0.10913184,-0.15230572,-0.05825615,-0.14326635,-0.17082691,-0.1524083,-0.18883844,-0.15249956,-0.31316653,-0.15249003,-0.16808087,-0.14331596,-0.152492,-0.15574218,-0.25088155,-0.15249991,-0.22115314,-0.07562123,-0.086852394,-0.10702289,-0.060967896,-0.14595208,-0.16796505,-0.15746465,-0.22133875,-0.12812386,-0.0969081,-0.16398169,-0.12716047,-0.11335766,-0.18846886,-0.12832156,-0.17755464,-0.0994983,-0.115196005,-0.15240937,-0.11662802,-0.19749595,-0.14526704,-0.12781724,-0.096878245,-0.15240899,-0.15554991,-0.12434345,-0.11230643,-0.063823454,-0.1523397,-0.11419349,-0.10007019,-0.24483351,-0.15250045,-0.15573406,-0.16344379,-0.1759062,-0.12524253,-0.15248594,-0.0782174,-0.19187105,-0.18185812,-0.09859173,-0.11065883,-0.15216392,-0.15542525,-0.083404,-0.1213824,-0.13072303,-0.13855581,-0.19385117,-0.15246382,-0.15573907,-0.19487974,-0.23847799,-0.2432746,-0.12799335,-0.15229736,-0.15571083,-0.14520228,3.9873064,-0.1524997,-0.19813283,-0.12822527,-0.15243652,-0.060104962,-0.15931924,-0.15249798,-0.2028091,-0.2868003,-0.11816878,-0.14795661,-0.10060286,-0.15234438,-0.13614628,-0.20725825,-0.17393659,-0.125103,-0.15657571,-0.15690626,-0.15249658,-0.15574148,-0.16221246,-0.22200036,-0.128393,-0.2814266,-0.15250084,-0.1915083,-0.24371436,-0.16952515,-0.1524146,-0.13369927,-0.12557748,-0.15249349,-0.18106565,-0.1525006,-0.18642783,-0.1524449,-0.30462334,-0.1523908,-0.14691104,-0.13029914,-0.15248778,-0.15572923,-0.18915205,-0.12831372,-0.15249272,-0.10481856,-0.1650517,-0.1524906,-0.15574348,-0.15571481,-0.12790725,-0.1523962,-0.15570998,-0.15570083,-0.15571237,-0.1557203,-0.16505513,1.8287463,-0.15248612,-0.15573633,-0.15572634,-0.15573686,-0.2025511,-0.15354379,-0.14723541,-0.15150535,-0.11499533,-0.10471026,-0.11893196,-0.15248969,-0.15566683,-0.1282733,-0.19501048,-0.15249747,-0.18738703,-0.11705899,-0.17429145,-0.15248796,-0.06652963,-0.15224496,-0.10737923,-0.124497145,-0.15298569,-0.052188452,-0.26007295
k__Bacteria|p__Firmicutes|c__CFGB76106|o__OFGB76106|f__FGB76106|g__GGB3600|s__GGB3600_SGB47662,-0.1004395,-0.12316422,-0.15318245,-0.15646455,-0.15646483,-0.23867357,-0.1666669,-0.16813041,-0.10929718,-0.22895765,-0.23728925,-0.15318733,-0.22850217,-0.3768707,-0.08556121,-0.15277141,-0.058144663,-0.1526315,-0.15640102,-0.19931981,-0.1978925,-0.12861413,-0.15315099,-0.12711628,-0.20043859,-0.11658599,-0.182019,3.1505635,-0.1509206,-0.15315638,-0.15142563,-0.10844302,-0.18249588,-0.28454733,-0.15317395,-0.12880625,-0.15318486,-0.22338755,-0.15318772,-0.29867563,-0.15318778,-0.29356226,-0.12809959,-0.15303752,-0.13691942,-0.15318203,-0.23188588,-0.24781659,-0.1296162,-0.12881249,-0.24679694,-0.18279888,-0.25087595,-0.26027086,-0.28621647,-0.27511892,-0.11894142,-0.15309852,-0.040142577,-0.056944285,-0.15244903,-0.11274739,-0.13743341,-0.1286961,-0.15316567,-0.15645999,-0.1564646,-0.15646526,-0.27573854,-0.15314803,-0.12869734,-0.16243835,-0.12334165,-0.14074792,-0.1531526,-0.15887658,-0.14481027,-0.12879027,-0.18691605,-0.14998752,-0.15317535,-0.15644285,-0.15645449,-0.15638933,-0.120334074,-0.13700745,-0.08858878,-0.15316923,-0.19008024,-0.1531807,-0.2004665,-0.11139822,-0.1388583,-0.13027036,-0.1074974,-0.15152657,-0.1530816,-0.15615642,-0.10065024,-0.08152827,-0.09427856,-0.15313241,-0.11960925,-0.15027548,-0.16982608,-0.1185138,-0.15315008,-0.15645835,-0.17738779,-0.15176103,-0.15318367,-0.25953975,-0.17989698,-0.13525523,-0.15318078,-0.15095688,-0.17780018,-0.2009549,-0.1531608,-0.09015879,-0.1528785,-0.12151222,-0.121854745,-0.13997786,-0.21433522,-0.13908121,-0.16057305,-0.15310743,-0.07092635,-0.15254085,-0.15568493,-0.18733518,-0.15292709,-0.1286851,-0.12334781,-0.14100276,-0.1531393,-0.114095174,-0.25318068,-0.26654312,-0.12793022,-0.10945694,-0.15313005,-0.09238048,-0.20963459,-0.15318099,-0.15638155,-0.12819925,-0.1531086,-0.16015086,-0.1553517,-0.15318549,-0.19704957,-0.20616047,-0.12763248,-0.10460003,-0.11361031,-0.10256614,-0.15317781,-0.19495486,-0.15315378,-0.12812382,-0.15302078,-0.041086134,-0.12967405,-0.15318425,-0.2300741,-0.15316296,-0.10384405,-0.15174243,-0.0784167,-0.15304032,-0.12766197,-0.15305969,-0.121451,-0.075820275,-0.09192432,-0.101488546,-0.152913,-0.15636802,-0.12378413,-0.1530295,-0.1410757,-0.13984437,-0.18093297,-0.1531867,-0.25777104,-0.12844054,-0.15309611,-0.13462572,-0.119081676,-0.15315664,-0.1564605,-0.15646216,-0.15646331,-0.19755594,-0.25103784,-0.20219928,-0.19465852,-0.24831252,-0.20506537,-0.22091979,-0.15317178,-0.1284039,-0.11956477,-0.15316647,-0.15645683,-0.20931396,-0.18224281,-0.15315825,-0.32474133,-0.15318477,-0.15646598,-0.15646486,-0.15646449,-0.2185038,-0.1531577,-0.114121355,-0.15316029,-0.15645093,-0.15645704,5.0332136,-0.15317836,-0.15644012,-0.08963354,-0.15307644,-0.15641612,-0.15643458,-0.15643542,-0.13302092,-0.1051107,-0.14014931,-0.15141064,-0.15839578,-0.15615125,-0.14613561,-0.15317464,-0.12319561,-0.12876281,-0.15313926,-0.1564658,-0.15646532,-0.15646532,-0.15646583,-0.38518023,-0.11451449,-0.15314624,-0.15564899,-0.14443555,-0.16636807,-0.15318017,-0.15639012,-0.12993515,-0.047159404,-0.14731517,-0.14016809,-0.14106366,-0.15303591,-0.19987361,-0.1649412,-0.17166539,-0.1531578,-0.156423,-0.12722544,-0.14610182,-0.2588673,-0.12856525,-0.15305743,-0.09132757,-0.12832497,-0.13684332,-0.16221203,-0.15659244,-0.12799722,-0.15292889,-0.15637118,-0.15642002,-0.15645382,-0.15740095,-0.19795567,-0.15106063,-0.07294749,-0.2039893,-0.15314719,-0.15641826,-0.104459345,-0.15281114,-0.17466888,-0.13176009,-0.1531538,-0.15109587,-0.10913184,-0.15299022,-0.05825615,-0.14326635,-0.17082691,-0.15309337,-0.18883844,-0.15318593,-0.31316653,-0.15317647,-0.16808087,-0.14331596,-0.15317822,-0.15646242,-0.25088155,-0.1531863,-0.22115314,-0.07562123,-0.086852394,-0.10702289,-0.060967896,-0.14658047,-0.16796505,-0.15746465,-0.22133875,-0.12812386,-0.0969081,-0.16398169,-0.12716047,-0.11335766,-0.18846886,-0.12875572,-0.17755464,-0.0994983,-0.115196005,-0.15309434,-0.11662802,-0.19749595,-0.14526704,-0.12781724,-0.096878245,-0.1530934,-0.15626687,-0.12434345,-0.11230643,-0.063823454,-0.15302384,-0.11419349,-0.10007019,-0.24483351,-0.1531868,-0.15645437,-0.16344379,-0.1759062,-0.12524253,-0.15317199,-0.0782174,-0.19187105,-0.18185812,-0.09859173,-0.11065883,-0.15284386,-0.15613994,-0.083404,-0.1213824,-0.13072303,-0.13855581,-0.19385117,-0.15314981,-0.15645921,-0.19487974,-0.23847799,-0.2432746,-0.12842545,-0.15298042,-0.15643062,-0.14520228,-0.2961179,-0.15318607,-0.19813283,-0.1286605,-0.15312217,-0.060104962,-0.15931924,-0.15318432,-0.2028091,-0.2868003,-0.11816878,-0.14795661,-0.10060286,-0.15302885,-0.13614628,-0.20725825,-0.17393659,-0.125103,-0.15657571,-0.15690626,-0.1531829,-0.15646163,-0.16221246,-0.22200036,-0.12882777,-0.2814266,-0.15318723,-0.1915083,-0.24371436,-0.16952515,-0.15310213,-0.13369927,-0.12557748,-0.15317978,-0.18106565,-0.15318696,-0.18642783,-0.15313172,-0.30462334,-0.15307605,-0.14691104,-0.13029914,-0.15317394,-0.15644917,-0.18915205,-0.12874746,-0.15317895,-0.10481856,-0.1650517,-0.15317687,-0.1564637,-0.15643539,-0.1283465,-0.15308058,-0.15642989,-0.1564205,-0.15643226,-0.1564402,-0.16505513,-0.17392421,-0.15317231,-0.15645641,-0.1564463,-0.15645692,-0.2025511,-0.15354379,-0.14723541,-0.15218453,-0.11499533,-0.10471026,-0.11893196,-0.1531759,-0.15638766,-0.12870637,-0.19501048,-0.15318382,-0.18738703,-0.11705899,-0.17429145,-0.15317446,-0.06652963,-0.15292722,-0.10737923,-0.124497145,-0.15298569,-0.052188452,-0.26007295
k__Bacteria|p__Firmicutes|c__CFGB1292|o__OFGB1292|f__FGB1292|g__GGB3109|s__GGB3109_SGB4119,-0.1004395,-0.12316422,-0.15289137,-0.15618774,-0.15618804,-0.23867357,-0.1666669,-0.16813041,-0.10929718,-0.22895765,-0.23728925,-0.15289643,-0.22850217,-0.3768707,-0.08556121,-0.1524738,-0.058144663,-0.15233791,-0.15612243,-0.19931981,-0.1978925,-0.12821883,-0.15285939,-0.12711628,-0.20043859,-0.11658599,-0.182019,-0.25032333,-0.1509206,-0.15286443,-0.15142563,-0.10844302,-0.18249588,-0.28454733,-0.15288252,-0.12841007,-0.1528939,-0.22338755,-0.15289682,-0.29867563,-0.15289688,-0.29356226,-0.12771091,-0.1527409,-0.13691942,-0.15289104,0.7490108,3.043699,-0.1296162,-0.12841624,-0.24679694,-0.18279888,-0.25087595,-0.26027086,-0.28621647,-0.27511892,-0.11894142,-0.15280586,-0.040142577,-0.056944285,-0.15213364,-0.11274739,-0.13743341,-0.1282987,-0.15287392,-0.15618312,-0.1561878,-0.15618847,-0.27573854,-0.15285505,-0.12830032,-0.16243835,-0.12334165,-0.14074792,-0.15286103,-0.15887658,-0.14481027,-0.12839465,-0.18691605,-0.14998752,-0.1528842,-0.15616554,-0.15617728,-0.15610765,-0.120334074,-0.13700745,-0.08858878,-0.15287799,-0.19008024,-0.15288967,-0.2004665,-0.11139822,-0.1388583,-0.13027036,-0.1074974,-0.15152657,-0.15278897,-0.15586722,-0.10065024,-0.08152827,-0.09427856,-0.15284064,-0.11960925,-0.15027548,-0.16982608,-0.1185138,-0.15285785,-0.15618142,-0.17738779,-0.15176103,-0.15289265,-0.25953975,-0.17989698,-0.13525523,-0.15288976,-0.15095688,-0.17780018,-0.2009549,-0.15286793,-0.09015879,-0.1525841,-0.12151222,-0.121854745,-0.13997786,-0.21433522,-0.13908121,-0.16057305,-0.15281533,-0.07092635,-0.15223587,-0.15537106,-0.18733518,-0.15261984,-0.12828898,-0.12334781,-0.14100276,-0.15284747,-0.114095174,-0.25318068,-0.26654312,-0.12753093,-0.10945694,-0.15283829,-0.09238048,-0.20963459,-0.15288997,-0.15609854,-0.12779754,-0.15281534,-0.16015086,-0.1553517,-0.15289451,-0.19704957,-0.20616047,-0.12723719,-0.10460003,-0.11361031,-0.10256614,-0.15288681,-0.19495486,-0.15286161,-0.12772025,-0.15272765,-0.041086134,-0.12967405,-0.15289317,-0.2300741,-0.15287091,-0.10384405,-0.15141827,-0.0784167,-0.15274546,-0.12766197,-0.15276638,-0.121451,-0.075820275,-0.09192432,-0.101488546,-0.1526173,-0.15608993,-0.12378413,-0.15273103,-0.1410757,-0.13984437,-0.18093297,-0.15289578,-0.25777104,-0.12844054,-0.15280145,-0.13462572,-0.119081676,-0.15286547,-0.15618362,-0.1561853,-0.15618646,-0.19755594,-0.25103784,-0.20219928,-0.19465852,-0.24831252,-0.20506537,-0.22091979,-0.15288007,-0.12800212,-0.11956477,-0.15287527,-0.15617982,-0.20931396,-0.18224281,-0.15286586,-0.32474133,-0.15289381,-0.1561892,-0.15618807,-0.1561877,-0.2185038,-0.15286505,-0.114121355,-0.15286824,-0.15617332,-0.15618002,-0.22984435,-0.15288737,-0.15616152,-0.08963354,-0.15278256,-0.15613893,-0.15615675,-0.15615846,-0.13302092,-0.1051107,-0.14014931,-0.15141064,-0.15839578,-0.15615125,1.7157378,-0.15288368,-0.12319561,-0.1283657,-0.15284635,-0.15618902,-0.15618853,-0.15618855,-0.15618905,-0.38518023,-0.11451449,-0.15285431,-0.15564899,-0.14443555,-0.16636807,-0.15288898,-0.15610851,-0.12993515,-0.047159404,-0.14676008,-0.14016809,-0.14106366,-0.15274093,-0.19987361,-0.1649412,-0.17166539,-0.1528664,-0.15614614,-0.12722544,-0.14610182,-0.2588673,-0.1281695,-0.15276456,-0.09132757,-0.12832497,-0.13684332,-0.16221203,-0.15659244,-0.12758194,-0.15263024,-0.15609264,-0.15614253,-0.15617684,-0.15740095,-0.19795567,-0.15106063,-0.07294749,-0.2039893,-0.15285495,-0.1561412,-0.104459345,-0.15250885,-0.17466888,-0.13176009,-0.15286274,-0.15109587,-0.10913184,-0.15269482,-0.05825615,-0.14326635,-0.17082691,-0.1527998,-0.18883844,-0.15289494,-0.31316653,-0.15288481,-0.16808087,-0.14331596,-0.1528871,-0.15618548,-0.25088155,-0.15289533,-0.22115314,-0.07562123,-0.086852394,-0.10702289,-0.060967896,-0.14601304,-0.16796505,-0.15746465,-0.22133875,-0.12812386,-0.0969081,-0.16398169,-0.12716047,-0.11335766,-0.18846886,-0.12835914,-0.17755464,-0.0994983,-0.115196005,-0.15280113,-0.11662802,-0.19749595,-0.14526704,-0.12781724,-0.096878245,-0.15280172,-0.15598664,-0.12434345,-0.11230643,-0.063823454,-0.15272972,-0.11419349,-0.10007019,-0.24483351,-0.15289587,-0.15617684,-0.16344379,-0.1759062,-0.12524253,-0.15288086,-0.0782174,-0.19187105,-0.18185812,-0.09859173,-0.11065883,-0.1525479,-0.15585726,-0.083404,-0.1213824,-0.13072303,-0.13855581,-0.19385117,-0.15285751,-0.15618229,-0.19487974,-0.23847799,-0.2432746,-0.12801965,-0.15268542,-0.15615278,-0.14520228,-0.2961179,-0.15289512,-0.19813283,-0.1282639,-0.1528293,-0.060104962,-0.15931924,-0.15289329,-0.2028091,-0.2868003,-0.11816878,-0.14795661,-0.10060286,-0.15273312,-0.13614628,-0.20725825,-0.17393659,-0.125103,-0.15657571,-0.15690626,-0.15289187,-0.15618479,-0.16221246,-0.22200036,-0.1284316,-0.2814266,-0.15289629,-0.1915083,-0.24371436,-0.16952515,-0.15280622,-0.13369927,-0.12557748,-0.15288863,-0.18106565,-0.15289605,-0.18642783,-0.1528374,-0.30462334,-0.15278086,0.9362941,-0.13029914,-0.15288271,-0.15617213,2.7340007,-0.12835166,-0.15288788,-0.10481856,-0.1650517,-0.15288556,-0.15618685,-0.15615645,-0.1279335,-0.1527881,-0.15615177,-0.1561425,-0.15615433,-0.1561629,-0.16505513,-0.17392421,-0.1528809,-0.15617947,-0.15616901,-0.15618,-0.2025511,-0.15354379,-0.14723541,-0.15184799,-0.11499533,-0.10471026,-0.11893196,-0.15288469,-0.15610597,-0.1283111,-0.19501048,-0.15289274,-0.18738703,-0.11705899,-0.17429145,-0.15288275,-0.06652963,-0.15263298,-0.10737923,-0.124497145,-0.15298569,-0.052188452,-0.26007295
k__Bacteria|p__Firmicutes|c__Bacilli|o__Lactobacillales|f__Lactobacillaceae|g__Pediococcus|s__Pediococcus_acidilactici,-0.1004395,-0.12316422,-0.1516093,-0.1548295,-0.15482965,-0.23867357,-0.1666669,-0.16813041,-0.10929718,-0.22895765,-0.23728925,-0.15161148,-0.22850217,-0.3768707,-0.08556121,-0.15142226,-0.058144663,-0.15137017,-0.15480137,-0.19931981,-0.1978925,-0.12759583,-0.15159547,-0.12711628,-0.20043859,-0.11658599,-0.182019,-0.25032333,-0.1509206,-0.15159768,-0.15142563,-0.10844302,-0.18249588,-0.28454733,-0.15160516,-0.12769109,-0.15161037,-0.22338755,-0.15161164,-0.29867563,-0.15161166,-0.29356226,-0.12733048,-0.15154442,-0.13691942,-0.15160915,-0.23188588,-0.24781659,-0.1296162,-0.12769414,-0.24679694,-0.18279888,-0.25087595,-0.26027086,-0.28621647,-0.27511892,-0.11894142,-0.15157202,-0.040142577,-0.056944285,-0.1512861,-0.11274739,-0.13743341,-0.12763582,-0.15160182,-0.15482754,-0.15482953,-0.15482983,-0.27573854,-0.15159267,-0.12763798,2.3361454,-0.12334165,-0.14074792,-0.15159628,-0.15887658,-0.14481027,-0.12768346,-0.18691605,-0.14998752,-0.1516062,-0.15482,-0.15482503,-0.15479311,-0.120334074,-0.13700745,-0.08858878,-0.15160355,-0.19008024,-0.15160857,-0.2004665,-0.11139822,-0.1388583,-0.13027036,-0.1074974,-0.15152657,-0.15156518,-0.15468025,-0.10065024,-0.08152827,-0.09427856,-0.15158735,-0.11960925,-0.15027548,-0.16982608,-0.1185138,-0.15159489,-0.15482679,-0.17738779,-0.15176103,-0.15160985,-0.25953975,-0.17989698,-0.13525523,-0.15160859,-0.15095688,-0.17780018,-0.2009549,-0.1515986,-0.09015879,-0.15147653,-0.12151222,-0.121854745,-0.13997786,4.3400636,1.306673,-0.16057305,-0.15157638,-0.07092635,-0.15132493,-0.15448186,-0.18733518,-0.1514926,-0.12762545,-0.12334781,-0.14100276,-0.15159044,-0.114095174,-0.25318068,-0.26654312,-0.12720217,-0.10945694,-0.15158641,-0.09238048,-0.20963459,-0.15160868,-0.15479027,-0.12736285,-0.15157647,-0.16015086,-0.1553517,-0.15161064,-0.19704957,-0.20616047,-0.12702826,-0.10460003,-0.11361031,-0.10256614,-0.15160733,6.050631,-0.15159576,-0.1272959,-0.15153855,-0.041086134,-0.12967405,-0.15161009,-0.2300741,-0.15159994,-0.10384405,-0.1509655,-0.0784167,-0.15154599,3.3787785,-0.15155536,-0.121451,-0.075820275,-0.09192432,-0.101488546,-0.15149024,-0.15478732,-0.12378413,-0.15153563,-0.1410757,-0.13984437,-0.18093297,-0.1516112,-0.25777104,-0.12844054,-0.15156794,-0.13462572,-0.119081676,-0.15159813,-0.15482771,-0.15482846,-0.15482895,-0.19755594,-0.25103784,-0.20219928,-0.19465852,-0.24831252,-0.20506537,-0.22091979,-0.15160432,-0.1274724,-0.11956477,-0.15160236,-0.1548261,-0.20931396,-0.18224281,-0.15159783,-0.32474133,-0.15161034,-0.15483014,-0.15482967,-0.15482949,-0.2185038,-0.15159701,-0.114121355,-0.15159936,-0.15482336,-0.1548262,-0.22984435,-0.15160756,-0.1548173,-0.08963354,-0.15156221,-0.15480846,-0.15481624,-0.15481693,-0.13302092,-0.1051107,-0.14014931,-0.15141064,-0.15839578,-0.15615125,-0.14613561,-0.15160596,-0.12319561,-0.12767114,-0.15159017,-0.15483007,-0.15482986,-0.15482986,-0.1548301,-0.38518023,-0.11451449,-0.15159342,-0.15564899,-0.14443555,-0.16636807,-0.1516083,-0.15479514,-0.12993515,-0.047159404,-0.14900964,-0.14016809,-0.14106366,-0.15154505,-0.19987361,-0.1649412,-0.17166539,-0.15159857,-0.15481156,-0.12722544,-0.14610182,-0.2588673,-0.12756246,-0.15155411,-0.09132757,-0.12832497,-0.13684332,-0.16221203,4.6134157,-0.12718517,-0.15149498,-0.15478833,-0.15481,-0.15482481,-0.15740095,-0.19795567,-0.15106063,-0.07294749,-0.2039893,-0.15159367,-0.15480931,-0.104459345,-0.15140127,-0.17466888,-0.13176009,-0.15159695,-0.15109587,-0.10913184,-0.1515218,-0.05825615,-0.14326635,-0.17082691,-0.15157005,-0.18883844,-0.15161084,-0.31316653,-0.15160649,-0.16808087,-0.14331596,-0.15160745,-0.15482855,-0.25088155,-0.15161099,-0.22115314,-0.07562123,-0.086852394,-0.10702289,-0.060967896,-0.14868295,-0.16796505,-0.15746465,-0.22133875,-0.12812386,-0.0969081,-0.16398169,-0.12716047,-0.11335766,-0.18846886,-0.12766676,-0.17755464,-0.0994983,-0.115196005,-0.15157053,-0.11662802,-0.19749595,-0.14526704,-0.12781724,-0.096878245,-0.15157026,-0.15474218,-0.12434345,-0.11230643,-0.063823454,-0.15153901,-0.11419349,-0.10007019,-0.24483351,-0.15161125,-0.15482461,-0.16344379,-0.1759062,-0.12524253,-0.15160479,-0.0782174,-0.19187105,-0.18185812,-0.09859173,-0.11065883,-0.15146106,-0.15468697,-0.083404,-0.1213824,-0.13072303,-0.13855581,-0.19385117,-0.15159482,-0.15482715,4.596486,-0.23847799,-0.2432746,-0.12749042,-0.15152013,-0.1548145,-0.14520228,-0.2961179,-0.15161091,-0.19813283,-0.12761568,-0.1515824,-0.060104962,-0.15931924,-0.1516101,-0.2028091,-0.2868003,-0.11816878,-0.14795661,-0.10060286,-0.15154125,-0.13614628,-0.20725825,-0.17393659,-0.125103,-0.15657571,-0.15690626,-0.15160951,-0.15482822,-0.16221246,-0.22200036,-0.12770106,-0.2814266,-0.15161142,-0.1915083,-0.24371436,-0.16952515,-0.15157045,-0.13369927,-0.12557748,-0.15160811,-0.18106565,-0.15161131,-0.18642783,-0.15158536,-0.30462334,-0.15156221,-0.14691104,-0.13029914,-0.15160558,-0.1548228,-0.18915205,-0.12766331,-0.15160777,-0.10481856,-0.1650517,-0.15160683,-0.15482914,-0.15481538,-0.12743789,-0.15156475,-0.15481412,-0.15481003,-0.15481517,-0.15481868,-0.16505513,-0.17392421,-0.15160483,-0.15482596,-0.1548215,-0.15482618,-0.2025511,-0.15354379,-0.14723541,-0.1511656,-0.11499533,-0.10471026,-0.11893196,-0.15160644,-0.15479319,-0.12764487,-0.19501048,-0.1516099,-0.18738703,-0.11705899,-0.17429145,-0.15160505,-0.06652963,-0.15149684,-0.10737923,-0.124497145,-0.15298569,-0.052188452,-0.26007295
k__Bacteria|p__Firmicutes|c__CFGB8822|o__OFGB8822|f__FGB8822|g__GGB42994|s__GGB42994_SGB4746,-0.1004395,-0.12316422,-0.15327568,-0.15658712,-0.15658754,-0.23867357,-0.1666669,-0.16813041,-0.10929718,-0.22895765,-0.23728925,-0.15328304,-0.22850217,2.4096472,-0.08556121,-0.15268037,-0.058144663,-0.15247561,-0.15649235,-0.19931981,-0.1978925,-0.12840925,-0.1532293,-0.12711628,-0.20043859,-0.11658599,-0.182019,-0.25032333,-0.1509206,-0.15323648,-0.15142563,-0.10844302,-0.18249588,-0.28454733,-0.1532626,-0.12868431,-0.15327936,-0.22338755,-0.1532836,-0.29867563,-0.15328372,-0.29356226,-0.1276826,-0.15305701,-0.13691942,-0.1532752,-0.23188588,-0.24781659,-0.1296162,-0.128693,-0.24679694,-0.18279888,-0.25087595,-0.26027086,-0.28621647,-0.27511892,-0.11894142,-0.15315172,-0.040142577,-0.056944285,-0.1521757,-0.11274739,-0.13743341,-0.12852488,-0.15325034,-0.15658039,-0.15658718,-0.15658817,-0.27573854,-0.15322316,-0.12852561,-0.16243835,-0.12334165,-0.14074792,-0.15323165,-0.15887658,-0.14481027,-0.12866141,-0.18691605,-0.14998752,-0.1532653,-0.15655488,-0.1565719,-0.15647098,-0.120334074,-0.13700745,-0.08858878,-0.15325627,-0.19008024,-0.15327322,-0.2004665,-0.11139822,-0.1388583,-0.13027036,-0.1074974,-0.15152657,-0.15312716,-0.15613198,-0.10065024,-0.08152827,-0.09427856,-0.1532021,-0.11960925,-0.15027548,-0.16982608,-0.1185138,-0.15322703,-0.15657794,-0.17738779,-0.15176103,-0.15327756,-0.25953975,-0.17989698,-0.13525523,-0.15327334,-0.15095688,-0.17780018,-0.2009549,-0.15324152,-0.09015879,-0.15283042,-0.12151222,-0.121854745,-0.13997786,-0.21433522,-0.13908121,-0.16057305,-0.1531655,-0.07092635,-0.15232919,-0.15540102,-0.18733518,-0.15288234,-0.1285118,-0.12334781,-0.14100276,-0.15321198,-0.114095174,-0.25318068,-0.26654312,-0.12746179,-0.10945694,-0.15319869,-0.09238048,-0.20963459,-0.15327367,-0.15645659,-0.12782511,-0.15316573,-0.16015086,-0.1553517,-0.15328026,-0.19704957,2.91735,-0.12702489,-0.10460003,-0.11361031,-0.10256614,-0.15326908,-0.19495486,-0.15323243,-0.12772992,-0.15303898,-0.041086134,-0.12967405,-0.15327829,-0.2300741,-0.15324566,-0.10384405,-0.15116526,-0.0784167,-0.1530649,-0.12766197,-0.15309474,-0.121451,-0.075820275,-0.09192432,-0.101488546,-0.15287879,-0.15644541,-0.12378413,-0.15304583,-0.1410757,-0.13984437,-0.18093297,-0.15328209,-0.25777104,-0.12844054,-0.15314439,-0.13462572,-0.119081676,-0.15323813,-0.1565811,-0.15658358,-0.15658525,-0.19755594,-0.25103784,-0.20219928,-0.19465852,-0.24831252,-0.20506537,-0.22091979,-0.15325919,-0.1281134,-0.11956477,-0.15325233,-0.15657556,-0.20931396,-0.18224281,-0.15323865,-0.32474133,-0.15327926,-0.15658924,-0.1565876,-0.15658703,-0.2185038,-0.15323736,-0.114121355,-0.15324208,-0.15656611,-0.15657589,-0.22984435,-0.15326989,-0.15654877,-0.08963354,-0.15311788,-0.15651628,-0.1565421,-0.15654463,-0.13302092,-0.1051107,-0.14014931,-0.15141064,-0.15839578,-0.15615125,-0.14613561,-0.15326452,-0.12319561,-0.12862013,-0.15321031,-0.15658894,-0.15658826,-0.15658826,-0.156589,-0.38518023,-0.11451449,-0.15322189,-0.15564899,-0.14443555,-0.16636807,-0.15327221,-0.15647167,-0.12993515,-0.047159404,-0.1443787,-0.14016809,-0.14106366,-0.1530573,-0.19987361,-0.1649412,-0.17166539,-0.15323946,-0.15652676,-0.12722544,-0.14610182,-0.2588673,-0.12834732,-0.1530921,-0.09132757,-0.12832497,-0.13684332,-0.16221203,-0.15659244,-0.12756065,-0.15289772,-0.15644914,-0.1565215,-0.15657127,-0.15740095,-0.19795567,-0.15106063,-0.07294749,-0.2039893,-0.15322277,-0.15651971,-0.104459345,-0.15273196,-0.17466888,-0.13176009,-0.15323414,-0.15109587,-0.10913184,-0.15299246,-0.05825615,-0.14326635,-0.17082691,-0.15314275,-0.18883844,-0.15328088,-0.31316653,-0.15326613,-0.16808087,-0.14331596,-0.1532695,-0.15658382,-0.25088155,-0.15328145,-0.22115314,-0.07562123,-0.086852394,-0.10702289,-0.060967896,-0.14328653,-0.16796505,-0.15746465,-0.22133875,-0.12812386,-0.0969081,-0.16398169,-0.12716047,-0.11335766,-0.18846886,-0.12861124,-0.17755464,-0.0994983,-0.115196005,-0.1531448,-0.11662802,-0.19749595,-0.14526704,-0.12781724,-0.096878245,-0.1531458,-0.15629585,-0.12434345,-0.11230643,-0.063823454,-0.15304205,-0.11419349,-0.10007019,-0.24483351,-0.15328225,-0.15657106,-0.16344379,-0.1759062,-0.12524253,-0.15326044,-0.0782174,-0.19187105,-0.18185812,-0.09859173,-0.11065883,-0.15277831,-0.15610841,-0.083404,-0.1213824,-0.13072303,-0.13855581,-0.19385117,-0.1532265,-0.1565792,-0.19487974,-0.23847799,-0.2432746,-0.12814027,-0.15297736,-0.15653636,-0.14520228,1.0616395,-0.15328115,5.2296815,-0.12847598,-0.1531857,-0.060104962,-0.15931924,-0.15327846,-0.2028091,-0.2868003,-0.11816878,-0.14795661,-0.10060286,-0.15304601,-0.13614628,-0.20725825,-0.17393659,-0.125103,-0.15657571,-0.15690626,-0.15327638,-0.1565828,-0.16221246,-0.22200036,-0.12871534,-0.2814266,-0.15328285,-0.1915083,-0.24371436,-0.16952515,-0.15315142,-0.13369927,-0.12557748,-0.15327169,-0.18106565,-0.1532825,-0.18642783,-0.15319683,-0.30462334,-0.15311517,-0.14691104,-0.13029914,-0.15326312,-0.15656444,-0.18915205,-0.12859954,-0.15327063,-0.10481856,-0.1650517,-0.15326723,-0.15658584,-0.15654144,-0.12803835,-0.153126,-0.15653488,-0.15652141,-0.15653855,-0.15655112,-0.16505513,-0.17392421,-0.1532605,-0.15657511,-0.15655991,-0.15657586,-0.2025511,-0.15354379,-0.14723541,-0.15175988,-0.11499533,-0.10471026,-0.11893196,-0.15326603,-0.15646848,-0.12854213,-0.19501048,-0.15327768,-0.18738703,-0.11705899,-0.17429145,-0.15326291,-0.06652963,-0.1529024,-0.10737923,-0.124497145,-0.15298569,-0.052188452,-0.26007295
k__Bacteria|p__Firmicutes|c__Clostridia|o__Eubacteriales|f__Clostridiaceae|g__Clostridiaceae_unclassified|s__Clostridiaceae_bacterium_Marseille_Q3526,-0.1004395,-0.12316422,-0.15240917,-0.1556579,-0.15565816,-0.23867357,6.621341,-0.16813041,-0.10929718,-0.22895765,-0.23728925,-0.15241352,-0.22850217,-0.3768707,-0.08556121,-0.15204792,-0.058144663,-0.15192923,-0.1556015,-0.19931981,-0.1978925,-0.1281083,-0.15238148,-0.12711628,-0.20043859,-0.11658599,-0.182019,-0.25032333,-0.1509206,-0.15238594,-0.15142563,-0.10844302,-0.18249588,-0.28454733,-0.15240139,-0.12828079,-0.15241134,-0.22338755,-0.15241386,-0.29867563,-0.1524139,-0.29356226,-0.12764774,-0.1522795,-0.13691942,-0.15240885,-0.23188588,2.7561848,-0.1296162,-0.1282863,-0.24679694,-0.18279888,-0.25087595,-0.26027086,-0.28621647,-0.27511892,-0.11894142,-0.15233502,-0.040142577,-0.056944285,-0.15175653,-0.11274739,-0.13743341,-0.12818031,-0.15239412,-0.1556539,-0.15565795,-0.15565853,-0.27573854,-0.15237713,-0.12818265,-0.16243835,-0.12334165,-0.14074792,-0.15238291,-0.15887658,-0.14481027,-0.1282668,-0.18691605,-0.14998752,-0.15240294,-0.1556387,-0.15564889,-0.15558822,-0.120334074,-0.13700745,-0.08858878,-0.15239756,-0.19008024,-0.15240768,-0.2004665,-0.11139822,-0.1388583,-0.13027036,-0.1074974,-0.15152657,-0.15232044,-0.15537,-0.10065024,-0.08152827,-0.09427856,-0.15236518,-0.11960925,-0.15027548,-0.16982608,-0.1185138,-0.15238029,-0.15565243,-0.17738779,-0.15176103,-0.15241027,-0.25953975,-0.17989698,-0.13525523,-0.15240774,-0.15095688,-0.17780018,-0.2009549,-0.15238875,-0.09015879,-0.1521427,-0.12151222,-0.121854745,-0.13997786,-0.21433522,-0.13908121,-0.16057305,-0.15234323,-0.07092635,-0.15184242,-0.1549564,-0.18733518,-0.15217625,-0.12816834,-0.12334781,-0.14100276,-0.15237115,-0.114095174,-0.25318068,-0.26654312,-0.12747674,-0.10945694,-0.15236314,-0.09238048,-0.20963459,-0.15240794,-0.15558086,-0.12772034,-0.15234357,-0.16015086,-0.1553517,-0.15241188,-0.19704957,-0.20616047,-0.12721089,-0.10460003,-0.11361031,-0.10256614,-0.15240519,-0.19495486,-0.15238325,-0.12764601,-0.1522675,-0.041086134,-0.12967405,-0.15241072,-0.2300741,-0.15239137,-0.10384405,-0.15113609,-0.0784167,-0.15228307,-0.12766197,-0.152301,-0.121451,-0.075820275,-0.09192432,-0.101488546,-0.15217125,-0.15557313,-0.12378413,-0.15226856,-0.1410757,-0.13984437,-0.18093297,-0.15241295,-0.25777104,-0.12844054,-0.15232986,-0.13462572,-0.119081676,-0.15238665,-0.15565431,-0.15565579,-0.15565678,-0.19755594,-0.25103784,-0.20219928,-0.19465852,-0.24831252,-0.20506537,-0.22091979,-0.15239939,-0.12790538,-0.11956477,-0.1523952,-0.15565103,-0.20931396,-0.18224281,-0.15238698,-0.32474133,-0.15241128,-0.15565915,-0.15565819,-0.15565786,-0.2185038,-0.15238619,-0.114121355,-0.15238924,-0.15564552,-0.15565124,-0.22984435,-0.15240566,-0.15563491,-0.08963354,-0.15231505,-0.15561552,-0.15563118,-0.15563248,-0.13302092,-0.1051107,-0.14014931,-0.15141064,-0.15839578,-0.15615125,-0.14613561,-0.15240246,-0.12319561,-0.12824184,-0.15237045,-0.15565899,-0.15565857,-0.15565857,-0.15565903,-0.38518023,-0.11451449,-0.15237714,-0.15564899,-0.14443555,-0.16636807,-0.15240711,-0.15558979,-0.12993515,-0.047159404,-0.14714712,-0.14016809,-0.14106366,-0.15227938,-0.19987361,-0.1649412,-0.17166539,-0.15238754,-0.15562177,-0.12722544,-0.14610182,-0.2588673,-0.12806149,-0.15229908,-0.09132757,-0.12832497,-0.13684332,-0.16221203,-0.15659244,-0.1275231,-0.1521832,-0.15557551,-0.15561873,-0.15564844,-0.15740095,-0.19795567,-0.15106063,-0.07294749,-0.2039893,-0.15237772,-0.15561742,-0.104459345,-0.15204024,-0.17466888,-0.13176009,-0.1523843,-0.15109587,-0.10913184,-0.15223873,-0.05825615,-0.14326635,-0.17082691,-0.1523301,-0.18883844,-0.15241225,-0.31316653,-0.15240356,-0.16808087,-0.14331596,-0.15240546,-0.15565595,-0.25088155,-0.1524126,5.8704686,-0.07562123,-0.086852394,-0.10702289,-0.060967896,-0.14649588,-0.16796505,-0.15746465,-0.22133875,-0.12812386,-0.0969081,-0.16398169,-0.12716047,-0.11335766,-0.18846886,-0.12823531,-0.17755464,-0.0994983,-0.115196005,-0.15233117,-0.11662802,-0.19749595,-0.14526704,-0.12781724,-0.096878245,-0.15233132,-0.15548359,-0.12434345,-0.11230643,-0.063823454,-0.1522691,-0.11419349,-0.10007019,-0.24483351,-0.15241304,-0.1556485,-0.16344379,-0.1759062,-0.12524253,-0.15240005,-0.0782174,-0.19187105,-0.18185812,-0.09859173,-0.11065883,-0.15211165,-0.1553719,-0.083404,-0.1213824,-0.13072303,-0.13855581,-0.19385117,-0.15237999,-0.15565318,-0.19487974,-0.23847799,-0.2432746,-0.12793472,-0.15223087,-0.15562773,-0.14520228,5.830796,-0.15241241,7.1877637,-0.12814853,-0.15235555,-0.060104962,-0.15931924,-0.15241082,-0.2028091,-0.2868003,-0.11816878,-0.14795661,-0.10060286,-0.15227254,-0.13614628,-0.20725825,-0.17393659,-0.125103,-0.15657571,-0.15690626,-0.15240958,-0.15565532,-0.16221246,-0.22200036,-0.12829977,-0.2814266,-0.15241341,-0.1915083,-0.24371436,-0.16952515,-0.15233478,-0.13369927,-0.12557748,-0.15240678,-0.18106565,-0.15241319,-0.18642783,-0.15236245,-0.30462334,-0.15231404,-0.14691104,-0.13029914,-0.15240167,-0.15564436,-0.18915205,-0.1282287,-0.15240613,-0.10481856,-0.1650517,-0.15240416,-0.15565714,-0.15563089,-0.12785298,-0.15231965,-0.1556269,-0.15561877,-0.15562907,-0.15563637,-0.16505513,-0.17392421,-0.15240015,-0.15565073,-0.15564173,-0.1556512,-0.2025511,-0.15354379,-0.14723541,-0.15151271,-0.11499533,-0.10471026,-0.11893196,-0.15240338,-0.15558738,-0.12819275,-0.19501048,-0.15241036,-0.18738703,-0.11705899,-0.17429145,-0.15240166,-0.06652963,-0.15218507,-0.10737923,-0.124497145,-0.15298569,-0.052188452,-0.26007295
k__Bacteria|p__Firmicutes|c__Clostridia|o__Eubacteriales|f__Lachnospiraceae|g__Lacrimispora|s__Lacrimispora_amygdalina,-0.1004395,-0.12316422,-0.15276822,-0.15601997,-0.15602025,-0.23867357,-0.1666669,-0.16813041,-0.10929718,-0.22895765,-0.23728925,-0.15277314,-0.22850217,-0.3768707,-0.08556121,-0.15235536,-0.058144663,-0.15222056,-0.15595616,-0.19931981,-0.1978925,-0.12841973,-0.15273681,-0.12711628,-0.20043859,-0.11658599,-0.182019,-0.25032333,-0.1509206,-0.152742,-0.15142563,-0.10844302,-0.18249588,-0.28454733,-0.15275946,-0.12861751,-0.15277068,-0.22338755,-0.15277353,-0.29867563,-0.15277359,-0.29356226,-0.127897,-0.152622,-0.13691942,-0.15276787,-0.23188588,-0.24781659,-0.1296162,-0.12862383,-0.24679694,-0.18279888,-0.25087595,-0.26027086,-0.28621647,-0.27511892,-0.11894142,-0.15268415,-0.040142577,-0.056944285,-0.15203165,-0.11274739,-0.13743341,-0.12850347,-0.1527513,-0.15601543,-0.15602002,-0.15602069,-0.27573854,-0.15273258,-0.1285055,-0.16243835,-0.12334165,-0.14074792,-0.15273848,-0.15887658,-0.14481027,-0.12860125,-0.18691605,-0.14998752,-0.15276116,-0.15599824,-0.15600981,-0.15594122,-0.120334074,-0.13700745,-0.08858878,-0.15275505,-0.19008024,-0.15276653,-0.2004665,-0.11139822,-0.1388583,-0.13027036,-0.1074974,-0.15152657,-0.15266763,-0.15569684,-0.10065024,-0.08152827,-0.09427856,-0.1527183,-0.11960925,-0.15027548,-0.16982608,-0.1185138,-0.15273562,-0.15601376,-0.17738779,-0.15176103,-0.15276948,-0.25953975,-0.17989698,-0.13525523,-0.15276659,-0.15095688,-0.17780018,-0.2009549,-0.15274552,-0.09015879,-0.15246528,-0.12151222,-0.121854745,-0.13997786,-0.21433522,-0.13908121,-0.16057305,-0.15269336,-0.07092635,-0.1521244,-0.15523103,-0.18733518,-0.1525065,-0.12849063,-0.12334781,-0.14100276,-0.15272515,-0.114095174,-0.25318068,-0.26654312,-0.12769839,-0.10945694,-0.15271601,-0.09238048,-0.20963459,-0.15276682,-0.15593436,-0.12797756,-0.1526939,-0.16015086,-0.1553517,-0.15277126,-0.19704957,-0.20616047,-0.12740391,-0.10460003,-0.11361031,-0.10256614,-0.15276368,-0.19495486,-0.15273884,-0.12790084,-0.15260689,-0.041086134,-0.12967405,-0.15277001,-0.2300741,-0.15274821,-0.10384405,-0.15131868,-0.0784167,-0.15262532,-0.12766197,-0.15264559,-0.121451,-0.075820275,-0.09192432,-0.101488546,-0.15249836,-0.1559237,-0.12378413,-0.15260802,-0.1410757,-0.13984437,-0.18093297,-0.1527725,-0.25777104,-0.12844054,-0.15267931,-0.13462572,-0.119081676,-0.15274262,-0.1560159,-0.15601759,-0.1560187,-0.19755594,-0.25103784,-0.20219928,-0.19465852,-0.24831252,-0.20506537,-0.22091979,-0.15275724,-0.12818922,-0.11956477,-0.15275235,-0.1560122,-0.20931396,-0.18224281,-0.1527433,-0.32474133,-0.15277058,-0.15602139,-0.15602028,-0.15601991,-0.2185038,-0.1527424,-0.114121355,-0.1527458,-0.1560061,-0.15601245,-0.22984435,-0.15276423,-0.15599436,-0.08963354,-0.15266174,-0.15597184,-0.15598983,-0.15599108,-0.13302092,-0.1051107,-0.14014931,-0.15141064,-0.15839578,-0.15615125,-0.14613561,-0.15276057,-0.12319561,-0.1285734,-0.15272465,-0.15602121,-0.15602073,-0.15602073,-0.15602125,-0.38518023,-0.11451449,-0.152732,-0.15564899,-0.14443555,-0.16636807,-0.15276593,-0.15594369,-0.12993515,-0.047159404,-0.1468431,-0.14016809,-0.14106366,-0.15262151,-0.19987361,-0.1649412,-0.17166539,-0.1527437,-0.15597883,-0.12722544,-0.14610182,-0.2588673,-0.12836343,-0.1526432,-0.09132757,-0.12832497,-0.13684332,-0.16221203,-0.15659244,-0.12775847,-0.15251237,-0.15592657,-0.15597552,-0.15600924,-0.15740095,-0.19795567,-0.15106063,-0.07294749,-0.2039893,-0.15273276,-0.15597394,-0.104459345,-0.15237191,-0.17466888,-0.13176009,-0.15273991,-0.15109587,-0.10913184,-0.15257508,-0.05825615,-0.14326635,-0.17082691,-0.15267892,-0.18883844,-0.15277171,-0.31316653,-0.152762,-0.16808087,-0.14331596,-0.15276402,-0.15601778,-0.25088155,-0.1527721,-0.22115314,-0.07562123,-0.086852394,-0.10702289,-0.060967896,-0.14610983,1.5909145,-0.15746465,-0.22133875,-0.12812386,-0.0969081,-0.16398169,-0.12716047,-0.11335766,-0.18846886,-0.12856555,-0.17755464,-0.0994983,-0.115196005,-0.15267998,-0.11662802,-0.19749595,-0.14526704,-0.12781724,-0.096878245,-0.15267971,-0.15582226,-0.12434345,-0.11230643,-0.063823454,-0.1526092,-0.11419349,-0.10007019,-0.24483351,-0.1527726,-0.15600942,-0.16344379,-0.1759062,-0.12524253,-0.15275787,-0.0782174,-0.19187105,-0.18185812,-0.09859173,-0.11065883,-0.15243039,-0.1556955,-0.083404,-0.1213824,-0.13072303,-0.13855581,-0.19385117,-0.15273535,-0.15601462,-0.19487974,-0.23847799,-0.2432746,-0.12822711,-0.15256616,-0.15598589,-0.14520228,-0.2961179,-0.15277188,-0.19813283,-0.12846574,-0.1527076,-0.060104962,-0.15931924,-0.1527701,-0.2028091,2.0615575,-0.11816878,-0.14795661,-0.10060286,-0.15261385,-0.13614628,-0.20725825,-0.17393659,-0.125103,-0.15657571,-0.15690626,-0.1527687,-0.15601707,-0.16221246,-0.22200036,-0.12863916,-0.2814266,-0.15277302,-0.1915083,-0.24371436,-0.16952515,-0.15268503,-0.13369927,-0.12557748,-0.15276554,-0.18106565,-0.15277278,-0.18642783,-0.15271588,-0.30462334,-0.15266106,-0.14691104,-0.13029914,-0.15275973,-0.15600464,-0.18915205,-0.12855771,-0.15276475,-0.10481856,-0.1650517,-0.15276259,-0.15601912,-0.15598962,-0.12813118,-0.15266663,-0.15598503,-0.15597576,-0.15598747,-0.15599556,-0.16505513,-0.17392421,-0.15275805,-0.15601185,-0.15600169,-0.15601237,-0.2025511,-0.15354379,-0.14723541,-0.15175997,-0.11499533,-0.10471026,-0.11893196,-0.15276168,-0.1559405,-0.12851614,-0.19501048,-0.1527696,-0.18738703,-0.11705899,-0.17429145,-0.15275967,-0.06652963,-0.15251294,-0.10737923,-0.124497145,-0.15298569,-0.052188452,0.64645904
k__Bacteria|p__Firmicutes|c__Clostridia|o__Eubacteriales|f__Peptostreptococcaceae|g__GGB4456|s__GGB4456_SGB6141,-0.1004395,-0.12316422,-0.15137386,-0.15470707,-0.15470737,-0.23867357,-0.1666669,-0.16813041,-0.10929718,-0.22895765,-0.23728925,-0.15137865,1.0942514,-0.3768707,-0.08556121,-0.15097608,-0.058144663,-0.15083313,-0.15464497,-0.19931981,-0.1978925,-0.12643617,-0.15134302,-0.12711628,-0.20043859,-0.11658599,-0.182019,-0.25032333,-0.1509206,-0.15134838,-0.15142563,-0.10844302,-0.18249588,-0.28454733,-0.15136573,-0.12661807,-0.15137622,-0.22338755,-0.15137902,-0.29867563,-0.15137908,-0.29356226,-0.12595865,-0.15123245,-0.13691942,-0.15137342,-0.23188588,-0.24781659,-0.1296162,-0.12662409,-0.24679694,-0.18279888,-0.25087595,-0.26027086,-0.28621647,-0.27511892,-0.11894142,-0.15129182,-0.040142577,-0.056944285,-0.15065615,-0.11274739,-0.13743341,-0.12651448,-0.1513575,-0.15470263,-0.15470716,-0.15470779,-0.27573854,-0.151341,-0.12651448,-0.16243835,-0.12334165,-0.14074792,-0.15134458,-0.15887658,-0.14481027,-0.12660272,-0.18691605,-0.14998752,-0.1513669,-0.15468585,-0.15469728,-0.15463442,-0.120334074,-0.13700745,-0.08858878,-0.1513609,-0.19008024,-0.15137213,-0.2004665,-0.11139822,-0.1388583,-0.13027036,-0.1074974,-0.15152657,-0.15127507,-0.15441847,-0.10065024,-0.08152827,-0.09427856,-0.15132481,-0.11960925,-0.15027548,-0.16982608,-0.1185138,-0.15134221,-0.15470102,-0.17738779,-0.15176103,-0.15137506,-0.25953975,-0.17989698,-0.13525523,-0.15137221,-0.15095688,-0.17780018,-0.2009549,-0.15135315,-0.09015879,-0.15107594,-0.12151222,-0.121854745,-0.13997786,-0.21433522,-0.13908121,-0.16057305,-0.15130037,-0.07092635,-0.15074703,-0.15394619,-0.18733518,-0.15112558,-0.1265083,-0.12334781,-0.14100276,-0.15133154,-0.114095174,3.260183,-0.26654312,-0.12581673,-0.10945694,-0.15132248,-0.09238048,-0.20963459,-0.15137242,-0.154627,-0.12606385,-0.15130174,-0.16015086,-0.1553517,-0.15137683,-0.19704957,-0.20616047,-0.12554315,-0.10460003,-0.11361031,-0.10256614,-0.15136929,-0.19495486,-0.15134604,-0.12601088,-0.15121543,-0.041086134,-0.12967405,-0.15137562,-0.2300741,-0.15135495,-0.10384405,-0.1499699,-0.0784167,-0.15123501,-0.12766197,-0.15125376,-0.121451,-0.075820275,-0.09192432,-0.101488546,-0.15111062,-0.15461251,-0.12378413,-0.15122673,-0.1410757,-0.13984437,-0.18093297,-0.15137802,-0.25777104,-0.12844054,-0.15129068,-0.13462572,-0.119081676,-0.15134853,-0.15470314,-0.15470476,-0.15470588,-0.19755594,-0.25103784,-0.20219928,-0.19465852,-0.24831252,-0.20506537,-0.22091979,-0.15136349,-0.1262545,-0.11956477,-0.15135817,-0.15469953,-0.20931396,-0.18224281,-0.15135056,-0.32474133,-0.15137611,-0.15470847,-0.1547074,-0.15470703,-0.2185038,-0.15134995,-0.114121355,-0.15135223,-0.15469384,-0.15469974,-0.22984435,-0.15136985,-0.15468381,-0.08963354,-0.1512703,-0.15465958,-0.15467781,-0.1546785,-0.13302092,-0.1051107,-0.14014931,-0.15141064,-0.15839578,2.8665314,-0.14613561,-0.15136616,-0.12319561,-0.12657632,-0.15133163,-0.15470833,-0.15470786,-0.15470785,-0.15470836,3.2463148,-0.11451449,-0.15133837,-0.15564899,-0.14443555,-0.16636807,-0.15137163,-0.15463464,-0.12993515,-0.047159404,-0.14564064,-0.14016809,-0.14106366,-0.1512303,-0.19987361,-0.1649412,-0.17166539,-0.15134971,-0.15466627,-0.12722544,-0.14610182,-0.2588673,-0.12639435,-0.15125167,-0.09132757,-0.12832497,-0.13684332,-0.16221203,-0.15659244,-0.12589543,-0.15112665,-0.1546157,-0.15466344,-0.15469657,-0.15740095,-0.19795567,-0.15106063,-0.07294749,-0.2039893,-0.15133941,-0.15466172,-0.104459345,-0.15104392,-0.17466888,-0.13176009,-0.1513457,-0.15109587,-0.10913184,-0.15118735,-0.05825615,-0.14326635,-0.17082691,-0.15128668,-0.18883844,-0.15137726,-0.31316653,-0.15136805,-0.16808087,-0.14331596,-0.15136969,-0.15470502,-0.25088155,-0.15137765,-0.22115314,-0.07562123,-0.086852394,-0.10702289,-0.060967896,-0.14492118,-0.16796505,-0.15746465,-0.22133875,-0.12812386,-0.0969081,-0.16398169,-0.12716047,-0.11335766,-0.18846886,-0.12657008,-0.17755464,-0.0994983,-0.115196005,-0.15128762,-0.11662802,-0.19749595,-0.14526704,-0.12781724,-0.096878245,-0.15128656,-0.15451384,-0.12434345,-0.11230643,-0.063823454,-0.1512189,-0.11419349,-0.10007019,-0.24483351,-0.15137812,-0.15469718,-0.16344379,-0.1759062,-0.12524253,-0.15136358,-0.0782174,-0.19187105,-0.18185812,-0.09859173,-0.11065883,-0.15104225,-0.15438937,-0.083404,-0.1213824,-0.13072303,-0.13855581,-0.19385117,-0.15134197,-0.15470186,-0.19487974,-0.23847799,-0.2432746,-0.12626258,-0.15117635,-0.15467389,-0.14520228,-0.2961179,-0.1513774,-0.19813283,-0.12648132,-0.15131503,-0.060104962,-0.15931924,-0.1513757,-0.2028091,-0.2868003,-0.11816878,-0.14795661,-0.10060286,-0.15122375,-0.13614628,-0.20725825,-0.17393659,-0.125103,-0.15657571,-0.15690626,-0.15137431,-0.15470424,-0.16221246,-0.22200036,-0.12663889,-0.2814266,-0.15137854,-0.1915083,1.3601769,-0.16952515,-0.1512968,-0.13369927,-0.12557748,-0.15137126,-0.18106565,-0.15137829,-0.18642783,-0.15132484,1.641477,-0.15126982,-0.14691104,-0.13029914,-0.15136555,-0.154692,-0.18915205,-0.12656142,-0.15137044,-0.10481856,-0.1650517,-0.15136844,-0.15470627,-0.15467879,-0.1261961,-0.15127409,-0.15467325,-0.15466401,-0.15467556,-0.15468329,-0.16505513,-0.17392421,-0.15136397,-0.15469912,-0.15468922,-0.15469961,-0.2025511,-0.15354379,-0.14723541,-0.15039918,-0.11499533,-0.10471026,-0.11893196,-0.15136746,-0.15463246,-0.12652187,-0.19501048,-0.15137522,-0.18738703,-0.11705899,-0.17429145,-0.15136608,-0.06652963,-0.15112442,-0.10737923,-0.124497145,-0.15298569,-0.052188452,-0.26007295
k__Bacteria|p__Firmicutes|c__Erysipelotrichia|o__Erysipelotrichales|f__Erysipelotrichaceae|g__Faecalibacillus|s__Faecalibacillus_intestinalis,-0.1004395,-0.12316422,-0.152554,-0.1558432,-0.15584344,-0.23867357,-0.1666669,-0.16813041,-0.10929718,-0.22895765,-0.23728925,-0.15255854,-0.22850217,-0.3768707,-0.08556121,-0.15217914,-0.058144663,-0.15205306,-0.1557845,-0.19931981,-0.1978925,-0.12795249,-0.15252516,-0.12711628,-0.20043859,-0.11658599,-0.182019,-0.25032333,-0.1509206,-0.15252978,-0.15142563,-0.10844302,-0.18249588,-0.28454733,-0.15254605,-0.12812564,-0.15255627,-0.22338755,-0.15255888,-0.29867563,-0.15255895,-0.29356226,-0.12748776,-0.15241906,-0.13691942,-0.15255368,-0.23188588,-0.24781659,-0.1296162,-0.1281312,-0.24679694,-0.18279888,-0.25087595,-0.26027086,-0.28621647,-0.27511892,-0.11894142,-0.15247694,-0.040142577,-0.056944285,-0.15187293,-0.11274739,-0.13743341,-0.1280261,-0.15253836,-0.15583903,-0.15584323,-0.15584385,-0.27573854,-0.15252155,-0.12802637,-0.16243835,-0.12334165,-0.14074792,-0.15252659,-0.15887658,-0.14481027,-0.1281115,-0.18691605,-0.14998752,-0.15254754,-0.15582317,-0.15583381,-0.15577202,-0.120334074,-0.13700745,-0.08858878,-0.1525419,-0.19008024,-0.15255246,-0.2004665,-0.11139822,-0.1388583,-0.13027036,-0.1074974,-0.15152657,-0.15246156,-0.15555605,-0.10065024,-0.08152827,-0.09427856,-0.1525082,-0.11960925,-0.15027548,-0.16982608,-0.1185138,-0.15252393,-0.15583748,-0.17738779,-0.15176103,-0.15255515,-0.25953975,-0.17989698,-0.13525523,-0.15255252,-0.15095688,-0.17780018,-0.2009549,-0.15253326,-0.09015879,-0.15227643,-0.12151222,-0.121854745,-0.13997786,-0.21433522,-0.13908121,-0.16057305,-0.15248537,-0.07092635,-0.15196389,-0.15511197,-0.18733518,-0.15231188,-0.1280177,-0.12334781,-0.14100276,-0.15251441,-0.114095174,-0.25318068,-0.26654312,-0.12732975,-0.10945694,-0.15250604,-0.09238048,-0.20963459,-0.1525527,-0.15576334,-0.12757587,-0.15248579,-0.16015086,-0.1553517,-0.15255684,-0.19704957,-0.20616047,-0.12704419,-0.10460003,-0.11361031,-0.10256614,-0.15254983,-0.19495486,-0.15252736,-0.12750208,-0.15240622,-0.041086134,-0.12967405,-0.15255563,-0.2300741,-0.1525357,-0.10384405,-0.15123293,-0.0784167,-0.15242302,-0.12766197,-0.15244138,1.5039105,-0.075820275,-0.09192432,-0.101488546,-0.15230721,-0.15575495,-0.12378413,-0.15240984,-0.1410757,-0.13984437,-0.18093297,-0.15255794,-0.25777104,-0.12844054,-0.1524727,-0.13462572,-0.119081676,-0.15253055,-0.15583947,-0.155841,-0.15584204,-0.19755594,-0.25103784,-0.20219928,-0.19465852,-0.24831252,-0.20506537,-0.22091979,-0.15254389,-0.12776306,-0.11956477,-0.15253942,-0.15583605,-0.20931396,-0.18224281,-0.15253122,-0.32474133,-0.15255618,-0.15584451,-0.15584348,-0.15584314,4.2356076,-0.15253054,-0.114121355,-0.15253331,-0.15583032,-0.15583625,-0.22984435,-0.15255034,-0.15582004,-0.08963354,-0.15245624,-0.155799,-0.15581535,-0.15581667,-0.13302092,-0.1051107,-0.14014931,-0.15141064,-0.15839578,-0.15615125,-0.14613561,-0.152547,-0.12319561,-0.12808578,-0.15251362,-0.15584433,-0.1558439,-0.15584391,-0.15584438,-0.38518023,-0.11451449,-0.15252061,-0.15564899,-0.14443555,3.4957683,-0.15255186,-0.15577249,-0.12993515,-0.047159404,-0.14706182,-0.14016809,-0.14106366,-0.15241852,-0.19987361,-0.1649412,-0.17166539,-0.15253143,-0.15580547,-0.12722544,-0.14610182,-0.2588673,-0.12790957,-0.15243964,-0.09132757,-0.12832497,-0.13684332,-0.16221203,-0.15659244,-0.12738195,-0.15231973,-0.15575749,-0.15580237,-0.15583333,-0.15740095,-0.19795567,-0.15106063,-0.07294749,-0.2039893,-0.15252125,-0.15580109,-0.104459345,-0.15220016,-0.17466888,-0.13176009,-0.15252802,-0.15109587,-0.10913184,-0.15237737,-0.05825615,-0.14326635,-0.17082691,-0.15247157,-0.18883844,-0.15255722,-0.31316653,-0.15254822,-0.16808087,-0.14331596,-0.15255015,-0.15584117,-0.25088155,-0.15255757,-0.22115314,-0.07562123,-0.086852394,-0.10702289,-0.060967896,-0.14638576,-0.16796505,-0.15746465,-0.22133875,-0.12812386,-0.0969081,-0.16398169,-0.12716047,-0.11335766,-0.18846886,-0.12807986,-0.17755464,-0.0994983,-0.115196005,-0.15247276,-0.11662802,-0.19749595,-0.14526704,-0.12781724,-0.096878245,-0.15247291,-0.15566194,-0.12434345,-0.11230643,-0.063823454,-0.15240857,-0.11419349,-0.10007019,-0.24483351,-0.15255806,-0.15583348,-0.16344379,-0.1759062,-0.12524253,-0.15254448,-0.0782174,-0.19187105,-0.18185812,-0.09859173,-0.11065883,-0.15224391,-0.15554518,-0.083404,-0.1213824,-0.13072303,-0.13855581,-0.19385117,-0.1525236,-0.15583828,-0.19487974,-0.23847799,-0.2432746,-0.12777144,-0.1523684,-0.15581173,-0.14520228,-0.2961179,-0.15255737,-0.19813283,-0.12799448,-0.15249823,-0.060104962,-0.15931924,-0.15255573,4.171821,3.689879,-0.11816878,-0.14795661,-0.10060286,-0.15241176,-0.13614628,-0.20725825,-0.17393659,-0.125103,-0.15657571,-0.15690626,-0.15255445,-0.15584052,-0.16221246,-0.22200036,-0.1281451,-0.2814266,-0.15255842,-0.1915083,-0.24371436,-0.16952515,-0.15247795,-0.13369927,-0.12557748,-0.15255153,-0.18106565,-0.1525582,-0.18642783,-0.15250584,-0.30462334,-0.15245481,-0.14691104,-0.13029914,-0.1525462,-0.15582909,-0.18915205,-0.12807272,-0.15255085,-0.10481856,-0.1650517,-0.15254879,-0.1558424,-0.15581545,-0.12770203,-0.15246078,-0.15581092,-0.15580247,-0.15581317,-0.15582085,-0.16505513,-0.17392421,-0.15254462,-0.15583572,-0.15582633,-0.15583621,-0.2025511,-0.15354379,-0.14723541,-0.1516192,-0.11499533,-0.10471026,-0.11893196,-0.15254799,-0.1557703,-0.12803614,-0.19501048,-0.15255524,-0.18738703,-0.11705899,-0.17429145,-0.15254632,-0.06652963,-0.15232101,-0.10737923,-0.124497145,-0.15298569,-0.052188452,-0.26007295
k__Bacteria|p__Firmicutes|c__Clostridia|o__Eubacteriales|f__Oscillospiraceae|g__Monoglobus|s__Monoglobus_pectinilyticus,-0.1004395,-0.12316422,-0.15299338,-0.15629685,-0.15629709,-0.23867357,-0.1666669,-0.16813041,-0.10929718,-0.22895765,-0.23728925,-0.15299737,-0.22850217,-0.3768707,-0.08556121,-0.15264973,-0.058144663,-0.15254754,-0.15624523,-0.19931981,-0.1978925,-0.12829882,-0.15296824,-0.12711628,-0.20043859,-0.11658599,-0.182019,-0.25032333,-0.1509206,-0.15297261,-0.15142563,-0.10844302,-0.18249588,-0.28454733,-0.15298721,-0.1284587,-0.15299538,-0.22338755,-0.15299767,-0.29867563,-0.1529977,-0.29356226,-0.1278662,-0.15287605,-0.13691942,-0.15299314,-0.23188588,-0.24781659,-0.1296162,-0.12846361,-0.24679694,-0.18279888,-0.25087595,-0.26027086,-0.28621647,-0.27511892,-0.11894142,-0.15292522,-0.040142577,-0.056944285,-0.15239483,-0.11274739,-0.13743341,-0.1283645,-0.15297964,-0.15629318,-0.15629691,-0.15629745,-0.27573854,-0.1529656,-0.12836803,-0.16243835,-0.12334165,-0.14074792,-0.15296932,-0.15887658,-0.14481027,-0.12844609,-0.18691605,-0.14998752,-0.15298766,-0.15627924,-0.1562886,-0.15623984,-0.120334074,-0.13700745,-0.08858878,-0.15298273,-0.19008024,-0.15299201,-0.2004665,-0.11139822,-0.1388583,-0.13027036,-0.1074974,-0.15152657,-0.15291178,-0.15604633,-0.10065024,-0.08152827,-0.09427856,-0.15295324,-0.11960925,-0.15027548,-0.16982608,-0.1185138,-0.1529673,-0.15629187,-0.17738779,-0.15176103,-0.15299442,-0.25953975,-0.17989698,-0.13525523,-0.1529921,-0.15095688,-0.17780018,-0.2009549,-0.15297672,-0.09015879,-0.15274751,-0.12151222,-0.121854745,-0.13997786,-0.21433522,-0.13908121,-0.16057305,-0.15293291,-0.07092635,-0.15246911,-0.15565504,-0.18733518,-0.15278363,-0.1283481,-0.12334781,-0.14100276,-0.15295848,-0.114095174,-0.25318068,-0.26654312,-0.12767212,-0.10945694,-0.15295118,-0.09238048,-0.20963459,-0.15299225,-0.15623373,-0.12791233,-0.15293315,-0.16015086,-0.1553517,-0.15299588,-0.19704957,-0.20616047,-0.12741078,-0.10460003,-0.11361031,-0.10256614,-0.15298975,-0.19495486,-0.15297222,-0.12783143,-0.15286279,-0.041086134,-0.12967405,-0.15299483,-0.2300741,-0.15297984,-0.10384405,-0.15180238,-0.0784167,-0.15287733,-0.12766197,-0.15289369,-0.121451,-0.075820275,-0.09192432,-0.101488546,-0.15277362,-0.15621874,-0.12378413,-0.15287164,-0.1410757,-0.13984437,-0.18093297,-0.15299684,-0.25777104,-0.12844054,-0.15292725,-0.13462572,-0.119081676,-0.15297264,-0.15629354,-0.15629494,-0.15629584,-0.19755594,-0.25103784,-0.20219928,-0.19465852,-0.24831252,-0.20506537,-0.22091979,-0.15298519,-0.12808909,-0.11956477,-0.15298067,-0.15629062,-0.20931396,-0.18224281,-0.15297438,-0.32474133,-0.1529953,-0.15629798,-0.15629712,-0.15629682,-0.2185038,-0.1529741,-0.114121355,-0.15297532,-0.15628564,-0.15629086,-0.22984435,-0.15299016,-0.15627728,-0.08963354,-0.152907,-0.15625793,-0.15627241,-0.15627342,-0.13302092,-0.1051107,-0.14014931,-0.15141064,-0.15839578,-0.15615125,-0.14613561,-0.15298723,-0.12319561,-0.12842289,-0.15295795,-0.15629786,-0.15629748,-0.15629748,-0.15629789,2.3707988,-0.11451449,-0.15296409,-0.15564899,-0.14443555,-0.16636807,-0.15299152,-0.156238,-0.12993515,-0.047159404,-0.14816764,-0.14016809,-0.14106366,-0.15287428,-0.19987361,-0.1649412,-0.17166539,-0.15297356,-0.15626356,-0.12722544,-0.14610182,-0.2588673,-0.12824558,-0.15289183,-0.09132757,-0.12832497,-0.13684332,-0.16221203,-0.15659244,-0.12772211,-0.15278572,-0.15622124,-0.15626103,-0.1562882,-0.15740095,-0.19795567,-0.15106063,-0.07294749,-0.2039893,-0.15296462,-0.15625957,-0.104459345,-0.15267503,-0.17466888,-0.13176009,-0.15297052,-0.15109587,-0.10913184,-0.15283567,-0.05825615,-0.14326635,-0.17082691,-0.15292096,-0.18883844,-0.15299621,3.860769,-0.1529885,-0.16808087,-0.14331596,-0.15299001,-0.15629509,-0.25088155,-0.15299651,-0.22115314,-0.07562123,-0.086852394,-0.10702289,-0.060967896,-0.14757779,-0.16796505,-0.15746465,-0.22133875,-0.12812386,-0.0969081,-0.16398169,-0.12716047,-0.11335766,-0.18846886,-0.12841706,-0.17755464,-0.0994983,-0.115196005,-0.15292189,-0.11662802,-0.19749595,-0.14526704,-0.12781724,-0.096878245,-0.15292174,-0.15613651,-0.12434345,-0.11230643,-0.063823454,-0.15286392,-0.11419349,-0.10007019,-0.24483351,-0.15299693,-0.15628968,-0.16344379,-0.1759062,-0.12524253,-0.152985,-0.0782174,-0.19187105,-0.18185812,-0.09859173,-0.11065883,-0.1527191,-0.15603352,-0.083404,-0.1213824,-0.13072303,-0.13855581,-0.19385117,-0.1529668,-0.15629259,-0.19487974,-0.23847799,-0.2432746,-0.12813334,-0.1528292,-0.1562693,-0.14520228,-0.2961179,-0.15299633,-0.19813283,-0.12833439,-0.15294427,-0.060104962,-0.15931924,-0.15299493,-0.2028091,-0.2868003,-0.11816878,-0.14795661,-0.10060286,-0.15286839,-0.13614628,-0.20725825,-0.17393659,-0.125103,-0.15657571,-0.15690626,-0.15299377,-0.15629452,-0.16221246,-0.22200036,-0.128476,-0.2814266,-0.15299726,-0.1915083,-0.24371436,-0.16952515,-0.15293296,-0.13369927,-0.12557748,-0.15299124,-0.18106565,-0.15299706,-0.18642783,-0.15295376,2.5799596,-0.1529063,-0.14691104,-0.13029914,-0.15298653,-0.15628447,-0.18915205,-0.12841232,-0.15299067,-0.10481856,-0.1650517,-0.15298882,-0.15629616,-0.15627576,-0.12804733,-0.15291098,-0.1562685,-0.15626097,-0.1562705,-0.15627715,-0.16505513,-0.17392421,-0.15298513,-0.15629026,-0.15628204,-0.15629071,-0.2025511,-0.15354379,-0.14723541,-0.15217333,-0.11499533,-0.10471026,-0.11893196,-0.1529881,-0.15623835,-0.12837635,-0.19501048,-0.1529945,-0.18738703,-0.11705899,-0.17429145,-0.15298894,-0.06652963,-0.15278554,-0.10737923,-0.124497145,-0.15298569,-0.052188452,-0.26007295
k__Bacteria|p__Firmicutes|c__Tissierellia|o__Tissierellales|f__Peptoniphilaceae|g__Anaerococcus|s__Anaerococcus_senegalensis,-0.1004395,-0.12316422,-0.15148947,-0.15471247,-0.15471277,-0.23867357,-0.1666669,-0.16813041,-0.10929718,-0.22895765,-0.23728925,-0.15149489,-0.22850217,-0.3768707,-0.08556121,-0.15103252,-0.058144663,-0.15088892,-0.1546424,-0.19931981,-0.1978925,-0.12733103,-0.15145501,-0.12711628,-0.20043859,-0.11658599,-0.182019,-0.25032333,-0.1509206,-0.15146057,-0.15142563,-0.10844302,-0.18249588,-0.28454733,-0.15147969,-0.12755266,-0.15149218,-0.22338755,-0.1514953,3.0573843,-0.15149537,-0.29356226,-0.12673795,-0.15132812,-0.13691942,-0.1514891,-0.23188588,-0.24781659,-0.1296162,-0.12755948,-0.24679694,-0.18279888,-0.25087595,-0.26027086,-0.28621647,-0.27511892,-0.11894142,-0.15139714,-0.040142577,-0.056944285,-0.15067774,-0.11274739,-0.13743341,-0.12742284,-0.15147078,-0.15470746,-0.15471251,-0.15471324,-0.27573854,-0.15144938,-0.12742771,-0.16243835,-0.12334165,-0.14074792,-0.15145677,-0.15887658,-0.14481027,-0.12753455,-0.18691605,-0.14998752,-0.15148175,-0.1546886,-0.15470125,-0.15462458,-0.120334074,-0.13700745,-0.08858878,-0.15147501,-0.19008024,-0.1514876,-0.2004665,-0.11139822,-0.1388583,-0.13027036,-0.1074974,-0.15152657,-0.15137878,-0.15433799,-0.10065024,-0.08152827,-0.09427856,-0.15143466,-0.11960925,-0.15027548,-0.16982608,-0.1185138,-0.15145364,-0.15470564,-0.17738779,-0.15176103,-0.15149084,-0.25953975,-0.17989698,-0.13525523,-0.15148768,-0.15095688,-0.17780018,-0.2009549,-0.15146396,-0.09015879,-0.15115686,-0.12151222,-0.121854745,-0.13997786,-0.21433522,-0.13908121,-0.16057305,-0.15140724,-0.07092635,-0.15078142,-0.15384093,-0.18733518,-0.15119947,-0.12740432,-0.12334781,-0.14100276,-0.15144214,-0.114095174,-0.25318068,-0.26654312,-0.12649661,-0.10945694,-0.15143216,-0.09238048,-0.20963459,-0.15148795,-0.15461713,-0.12682022,-0.15140775,-0.16015086,-0.1553517,-0.15149283,-0.19704957,-0.20616047,-0.12617034,-0.10460003,-0.11361031,-0.10256614,-0.15148449,-0.19495486,-0.15145689,-0.12670943,-0.15131225,-0.041086134,-0.12967405,-0.15149142,-0.2300741,-0.15146732,-0.10384405,-0.14989167,-0.0784167,-0.15133253,-0.12766197,-0.15135452,-0.121451,-0.075820275,-0.09192432,-0.101488546,-0.15119231,-0.15460671,-0.12378413,-0.15131117,-0.1410757,-0.13984437,-0.18093297,-0.15149418,1.6025801,-0.12844054,-0.15139085,-0.13462572,-0.119081676,-0.15146141,-0.15470798,-0.15470985,-0.1547111,-0.19755594,-0.25103784,-0.20219928,-0.19465852,-0.24831252,-0.20506537,-0.22091979,-0.15147737,-0.12705508,-0.11956477,-0.15147208,-0.15470392,-0.20931396,-0.18224281,-0.1514619,-0.32474133,-0.15149207,-0.15471402,-0.15471281,-0.15471241,-0.2185038,-0.15146142,-0.114121355,-0.15146483,-0.15469712,-0.1547042,-0.22984435,-0.1514851,-0.15468457,-0.08963354,-0.15137245,-0.15465969,-0.15467925,-0.15468073,-0.13302092,-0.1051107,-0.14014931,-0.15141064,-0.15839578,-0.15615125,-0.14613561,-0.15148109,-0.12319561,-0.1275031,-0.1514414,-0.15471381,-0.1547133,-0.15471332,-0.15471387,-0.38518023,-0.11451449,-0.15144962,-0.15564899,-0.14443555,-0.16636807,-0.15148692,-0.1546281,-0.12993515,-0.047159404,-0.14494693,-0.14016809,-0.14106366,-0.15132797,-0.19987361,-0.1649412,-0.17166539,-0.15146253,-0.15466735,-0.12722544,-0.14610182,-0.2588673,-0.12726334,-0.15135187,-0.09132757,-0.12832497,-0.13684332,-0.16221203,-0.15659244,-0.12656593,-0.15120845,-0.15460986,-0.15466368,-0.15470068,-0.15740095,1.344005,-0.15106063,-0.07294749,-0.2039893,-0.1514504,-0.154662,-0.104459345,-0.15102275,3.7201555,-0.13176009,-0.15145844,-0.15109587,-0.10913184,-0.15127608,-0.05825615,-0.14326635,-0.17082691,-0.15139115,-0.18883844,-0.15149331,-0.31316653,-0.15148255,-0.16808087,-0.14331596,-0.15148485,-0.15471005,-0.25088155,-0.15149373,-0.22115314,-0.07562123,-0.086852394,-0.10702289,-0.060967896,-0.1441408,-0.16796505,-0.15746465,-0.22133875,-0.12812386,-0.0969081,-0.16398169,-0.12716047,-0.11335766,-0.18846886,-0.12749413,-0.17755464,-0.0994983,-0.115196005,-0.15139237,-0.11662802,-0.19749595,-0.14526704,-0.12781724,-0.096878245,-0.1513924,-0.15449491,-0.12434345,-0.11230643,-0.063823454,-0.15131453,-0.11419349,-0.10007019,-0.24483351,-0.1514943,-0.15470083,-0.16344379,-0.1759062,-0.12524253,-0.15147811,-0.0782174,-0.19187105,-0.18185812,-0.09859173,-0.11065883,-0.15111804,-0.15435547,-0.083404,-0.1213824,-0.13072303,6.308949,2.691345,-0.15145323,-0.1547066,-0.19487974,-0.23847799,-0.2432746,-0.1271106,-0.15126705,-0.15467495,-0.14520228,-0.2961179,-0.15149349,-0.19813283,-0.12738106,-0.15142268,-0.060104962,-0.15931924,-0.15149152,-0.2028091,-0.2868003,-0.11816878,-0.14795661,-0.10060286,-0.1513193,-0.13614628,-0.20725825,-0.17393659,-0.125103,-0.15657571,-0.15690626,-0.15148997,-0.15470926,-0.16221246,-0.22200036,-0.12757646,-0.2814266,-0.15149474,-0.1915083,-0.24371436,-0.16952515,-0.15139672,-0.13369927,-0.12557748,-0.15148652,-0.18106565,-0.15149447,-0.18642783,-0.15143144,-0.30462334,-0.15137127,-0.14691104,-0.13029914,-0.15148014,-0.15469562,-0.18915205,-0.12748635,-0.15148568,-0.10481856,-0.1650517,-0.15148324,-0.15471151,-0.15467879,-0.12699233,-0.15137774,-0.1546739,-0.15466382,-0.15467665,-0.15468569,-0.16505513,-0.17392421,-0.15147826,-0.15470353,-0.15469235,-0.15470412,-0.2025511,-0.15354379,-0.14723541,-0.15037602,-0.11499533,-0.10471026,-0.11893196,-0.15148228,-0.15462458,-0.12744029,-0.19501048,-0.15149096,0.71334964,-0.11705899,-0.17429145,-0.15148017,-0.06652963,-0.15120876,-0.10737923,-0.124497145,-0.15298569,-0.052188452,-0.26007295
k__Bacteria|p__Firmicutes|c__CFGB1872|o__OFGB1872|f__FGB1872|g__GGB4964|s__GGB4964_SGB6927,-0.1004395,-0.12316422,-0.15144247,-0.15472221,-0.15472251,-0.23867357,-0.1666669,-0.16813041,-0.10929718,-0.22895765,-0.23728925,-0.1514475,-0.22850217,1.9572549,-0.08556121,-0.1510269,-0.058144663,-0.15088487,-0.15465707,-0.19931981,-0.1978925,-0.12689295,-0.15141043,-0.12711628,-0.20043859,-0.11658599,-0.182019,-0.25032333,-0.1509206,-0.1514157,-0.15142563,-0.10844302,-0.18249588,-0.28454733,-0.15143381,-0.12708448,-0.15144497,-0.22338755,-0.15144789,-0.29867563,-0.15144795,-0.29356226,-0.12638992,-0.15129332,-0.13691942,-0.1514421,-0.23188588,-0.24781659,-0.1296162,-0.12709065,3.8572738,-0.18279888,-0.25087595,-0.26027086,-0.28621647,-0.27511892,-0.11894142,-0.15135679,-0.040142577,-0.056944285,-0.15068889,-0.11274739,-0.13743341,-0.12697452,-0.15142515,-0.15471756,-0.15472227,-0.15472293,-0.27573854,-0.15140694,-0.12697504,-0.16243835,-0.12334165,-0.14074792,-0.15141204,-0.15887658,-0.14481027,-0.1270685,-0.18691605,-0.14998752,-0.15143526,-0.15470001,-0.15471184,-0.15464479,-0.120334074,-0.13700745,-0.08858878,-0.15142903,-0.19008024,-0.15144074,-0.2004665,-0.11139822,-0.1388583,-0.13027036,-0.1074974,-0.15152657,-0.15133981,-0.15441436,-0.10065024,-0.08152827,-0.09427856,-0.15139157,-0.11960925,-0.15027548,-0.16982608,-0.1185138,-0.15140918,-0.1547159,-0.17738779,-0.15176103,-0.15144375,-0.25953975,-0.17989698,-0.13525523,-0.1514408,-0.15095688,-0.17780018,-0.2009549,-0.15141997,-0.09015879,-0.15113369,-0.12151222,-0.121854745,-0.13997786,-0.21433522,-0.13908121,4.5858483,-0.15136617,-0.07092635,-0.15078837,-0.15391554,-0.18733518,-0.15117687,-0.12696521,-0.12334781,-0.14100276,-0.15139845,-0.114095174,-0.25318068,-0.26654312,-0.1262213,-0.10945694,-0.15138917,-0.09238048,-0.20963459,-0.15144102,-0.15463549,-0.1264849,-0.15136677,-0.16015086,2.0386052,-0.1514456,-0.19704957,-0.20616047,-0.12590602,-0.10460003,-0.11361031,-0.10256614,-0.15143782,-0.19495486,-0.15141338,-0.12641327,-0.15127829,-0.041086134,-0.12967405,-0.15144429,-0.2300741,-0.15142253,-0.10384405,-0.14997777,-0.0784167,-0.15129697,-0.12766197,-0.15131742,-0.121451,-0.075820275,-0.09192432,-0.101488546,-0.15116814,-0.15462404,-0.12378413,-0.15128635,-0.1410757,-0.13984437,-0.18093297,-0.15144683,-0.25777104,-0.12844054,-0.1513536,-0.13462572,-0.119081676,-0.15141633,-0.15471806,-0.15471977,-0.15472092,-0.19755594,-0.25103784,-0.20219928,-0.19465852,-0.24831252,-0.20506537,-0.22091979,-0.1514314,-0.12668866,-0.11956477,-0.15142626,-0.15471429,-0.20931396,-0.18224281,-0.15141752,-0.32474133,-0.15144488,-0.15472366,-0.15472254,-0.15472215,-0.2185038,-0.15141648,-0.114121355,-0.15141955,-0.15470804,-0.15471451,-0.22984435,-0.1514384,-0.15469643,-0.08963354,-0.15133382,-0.15467304,-0.1546914,-0.15469268,-0.13302092,-0.1051107,-0.14014931,-0.15141064,-0.15839578,-0.15615125,-0.14613561,-0.15143463,-0.12319561,-0.1270404,-0.15139788,-0.15472347,-0.154723,-0.154723,-0.15472353,-0.38518023,-0.11451449,-0.15140545,-0.15564899,-0.14443555,-0.16636807,-0.15144011,-0.15464479,-0.12993515,-0.047159404,-0.14538121,-0.14016809,-0.14106366,-0.15129235,-0.19987361,-0.1649412,-0.17166539,-0.1514174,-0.15468019,-0.12722544,-0.14610182,-0.2588673,-0.12684694,-0.15131536,-0.09132757,-0.12832497,-0.13684332,-0.16221203,-0.15659244,-0.12629017,-0.15118223,-0.15462694,-0.15467685,-0.15471128,-0.15740095,-0.19795567,1.6707842,-0.07294749,0.9477136,-0.15140623,-0.15467529,-0.104459345,-0.15107338,3.1673822,1.9182203,-0.15141352,6.099455,-0.10913184,-0.15124662,-0.05825615,-0.14326635,-0.17082691,-0.15135118,-0.18883844,-0.15144604,-0.31316653,-0.15143615,-0.16808087,-0.14331596,-0.15143818,-0.15471998,-0.25088155,-0.15144642,-0.22115314,-0.07562123,-0.086852394,-0.10702289,-0.060967896,-0.14462943,-0.16796505,-0.15746465,-0.22133875,-0.12812386,-0.0969081,-0.16398169,-0.12716047,-0.11335766,-0.18846886,-0.1270341,-0.17755464,-0.0994983,-0.115196005,-0.15135238,-0.11662802,-0.19749595,-0.14526704,-0.12781724,-0.096878245,-0.15135215,-0.1545209,-0.12434345,-0.11230643,-0.063823454,-0.15128082,-0.11419349,-0.10007019,-0.24483351,-0.15144695,-0.15471163,-0.16344379,-0.1759062,-0.12524253,-0.15143189,-0.0782174,-0.19187105,-0.18185812,-0.09859173,-0.11065883,-0.15109813,-0.15439147,-0.083404,-0.1213824,-0.13072303,-0.13855581,-0.19385117,-0.15140887,-0.15471675,-0.19487974,-0.23847799,-0.2432746,-0.12670293,-0.15123647,-0.15468739,-0.14520228,-0.2961179,-0.1514462,-0.19813283,-0.1269391,-0.15138069,-0.060104962,-0.15931924,-0.15144438,-0.2028091,-0.2868003,-0.11816878,-0.14795661,-0.10060286,-0.15128493,-0.13614628,-0.20725825,-0.17393659,-0.125103,-0.15657571,-0.15690626,-0.15144295,-0.15471923,-0.16221246,-0.22200036,-0.1271061,-0.2814266,-0.15144739,-0.1915083,-0.24371436,-0.16952515,-0.15135956,-0.13369927,-0.12557748,-0.15143973,-0.18106565,-0.15144712,-0.18642783,-0.15138975,-0.30462334,-0.15133284,-0.14691104,-0.13029914,-0.15143381,-0.15470654,-0.18915205,-0.12702574,-0.15143894,-0.10481856,-0.1650517,-0.15143672,-0.15472132,-0.15469202,-0.12663007,-0.15133888,-0.15468651,-0.15467705,-0.15468898,-0.15469733,-0.16505513,-0.17392421,-0.15143207,-0.1547139,-0.15470351,-0.15471444,-0.2025511,-0.15354379,-0.14723541,-0.15041077,-0.11499533,-0.10471026,-0.11893196,-0.1514358,-0.15464279,-0.126985,-0.19501048,-0.15144385,-0.18738703,-0.11705899,-0.17429145,-0.15143423,-0.06652963,-0.15118334,-0.10737923,-0.124497145,-0.15298569,-0.052188452,-0.26007295
k__Bacteria|p__Firmicutes|c__Clostridia|o__Eubacteriales|f__Lachnospiraceae|g__Faecalicatena|s__Faecalicatena_contorta,-0.1004395,-0.12316422,-0.15303214,-0.15628743,-0.1562877,-0.23867357,-0.1666669,-0.16813041,-0.10929718,-0.22895765,-0.23728925,-0.15303673,-0.22850217,-0.3768707,-0.08556121,-0.15264219,-0.058144663,-0.15251985,-0.15622807,-0.19931981,-0.1978925,-0.12866506,-0.15300287,-0.12711628,-0.20043859,-0.11658599,-0.182019,-0.25032333,-0.1509206,-0.15300775,-0.15142563,-0.10844302,-0.18249588,-0.28454733,-0.15302381,-0.12885484,-0.15303443,-0.22338755,-0.15303707,-0.29867563,-0.15303713,-0.29356226,-0.1281579,-0.15289584,-0.13691942,-0.15303181,-0.23188588,-0.24781659,-0.1296162,-0.12886065,-0.24679694,-0.18279888,-0.25087595,-0.26027086,-0.28621647,-0.27511892,-0.11894142,-0.1529537,-0.040142577,-0.056944285,-0.15234615,-0.11274739,-0.13743341,-0.128745,-0.15301637,-0.1562832,-0.15628749,-0.1562881,-0.27573854,-0.15299866,-0.12874785,-0.16243835,-0.12334165,-0.14074792,-0.15300442,-0.15887658,-0.14481027,-0.12883896,-0.18691605,-0.14998752,-0.15302557,-0.15626721,-0.15627798,-0.15621316,-0.120334074,-0.13700745,-0.08858878,-0.15301988,-0.19008024,-0.15303054,-0.2004665,-0.11139822,-0.1388583,-0.13027036,-0.1074974,-0.15152657,-0.15293828,-0.15597199,-0.10065024,-0.08152827,-0.09427856,-0.15298559,-0.11960925,-0.15027548,-0.16982608,-0.1185138,-0.15300184,-0.15628165,-0.17738779,-0.15176103,-0.1530333,-0.25953975,-0.17989698,-0.13525523,-0.1530306,-0.15095688,-0.17780018,-0.2009549,-0.15301079,-0.09015879,-0.15274921,-0.12151222,-0.121854745,-0.13997786,-0.21433522,-0.13908121,-0.16057305,-0.15296233,-0.07092635,-0.15243018,-0.15555295,-0.18733518,-0.15278846,-0.12872939,-0.12334781,-0.14100276,-0.15299201,-0.114095174,-0.25318068,-0.26654312,-0.12796071,-0.10945694,-0.15298347,-0.09238048,-0.20963459,-0.15303084,-0.15620822,-0.12823603,-0.1529629,-0.16015086,-0.1553517,-0.15303499,-0.19704957,-0.20616047,-0.12768117,-0.10460003,-0.11361031,-0.10256614,-0.1530279,-0.19495486,-0.15300462,-0.12815815,-0.15288143,-0.041086134,-0.12967405,-0.1530338,-0.2300741,-0.15301356,-0.10384405,-0.1516722,-0.0784167,-0.15289909,-0.12766197,-0.15291774,-0.121451,-0.075820275,-0.09192432,-0.101488546,-0.15277974,-0.15619761,-0.12378413,-0.15287822,-0.1410757,-0.13984437,-0.18093297,-0.15303612,-0.25777104,-0.12844054,-0.152949,-0.13462572,-0.119081676,-0.15300828,-0.15628365,-0.15628523,-0.15628627,-0.19755594,-0.25103784,-0.20219928,-0.19465852,-0.24831252,-0.20506537,-0.22091979,-0.15302196,-0.1284394,-0.11956477,-0.15301737,-0.15628019,-0.20931396,-0.18224281,-0.15300885,-0.32474133,-0.15303433,-0.15628877,-0.15628773,-0.15628737,-0.2185038,-0.15300825,-0.114121355,-0.15301134,-0.15627453,-0.15628043,-0.22984435,-0.15302843,-0.15626381,-0.08963354,-0.1529329,-0.15624258,-0.15625939,-0.15626049,-0.13302092,-0.1051107,-0.14014931,-0.15141064,-0.15839578,-0.15615125,-0.14613561,-0.15302499,-0.12319561,-0.12881327,-0.1529916,-0.1562886,-0.15628816,-0.15628815,-0.15628862,-0.38518023,-0.11451449,-0.15299839,-0.15564899,-0.14443555,-0.16636807,-0.15303001,-0.15621665,-0.12993515,-0.047159404,-0.14751567,-0.14016809,-0.14106366,-0.15289551,-0.19987361,-0.1649412,-0.17166539,-0.1530093,-0.15624908,-0.12722544,-0.14610182,-0.2588673,-0.12860811,-0.15291521,-0.09132757,-0.12832497,-0.13684332,-0.16221203,-0.15659244,-0.12802593,-0.15279362,-0.15620035,-0.15624604,-0.15627745,-0.15740095,-0.19795567,-0.15106063,-0.07294749,-0.2039893,-0.15299913,-0.15624455,-0.104459345,-0.15263897,-0.17466888,-0.13176009,-0.15300572,-0.15109587,-0.10913184,-0.15285122,-0.05825615,-0.14326635,-0.17082691,-0.15294896,1.7809675,-0.15303539,2.3678734,-0.1530264,-0.16808087,-0.14331596,-0.1530282,-0.1562854,-0.25088155,-0.15303576,-0.22115314,-0.07562123,-0.086852394,-0.10702289,-0.060967896,-0.1468328,0.98197526,-0.15746465,-0.22133875,-0.12812386,-0.0969081,-0.16398169,-0.12716047,-0.11335766,-0.18846886,-0.12880531,-0.17755464,-0.0994983,-0.115196005,-0.15294988,-0.11662802,-0.19749595,-0.14526704,-0.12781724,-0.096878245,-0.15294951,-0.15610287,-0.12434345,-0.11230643,-0.063823454,-0.15288356,-0.11419349,-0.10007019,-0.24483351,-0.15303624,-0.15627766,-0.16344379,-0.1759062,-0.12524253,-0.1530225,-0.0782174,-0.19187105,-0.18185812,-0.09859173,-0.11065883,-0.1527167,-0.15598452,-0.083404,-0.1213824,-0.13072303,-0.13855581,-0.19385117,-0.15300155,-0.15628248,-0.19487974,-0.23847799,-0.2432746,-0.12848926,-0.15284355,-0.1562557,-0.14520228,-0.2961179,-0.15303554,-0.19813283,-0.1287086,-0.15297559,-0.060104962,-0.15931924,-0.1530339,-0.2028091,-0.2868003,-0.11816878,-0.14795661,-0.10060286,-0.15288821,-0.13614628,-0.20725825,-0.17393659,-0.125103,-0.15657571,-0.15690626,-0.15303257,-0.15628472,-0.16221246,-0.22200036,-0.1288751,-0.2814266,-0.15303662,-0.1915083,-0.24371436,-0.16952515,-0.15295427,-0.13369927,-0.12557748,-0.15302967,-0.18106565,-0.15303639,-0.18642783,-0.15298334,-0.30462334,-0.15293236,-0.14691104,-0.13029914,-0.15302423,-0.15627316,-0.18915205,-0.12879789,-0.15302889,-0.10481856,-0.1650517,-0.1530269,-0.15628663,-0.15625924,-0.1283962,-0.1529373,-0.1562549,-0.15624623,-0.15625715,-0.15626472,-0.16505513,-0.17392421,-0.15302268,-0.15627986,-0.15627041,-0.15628037,-0.2025511,-0.15354379,-0.14723541,-0.15209362,-0.11499533,-0.10471026,-0.11893196,-0.15302604,-0.15621349,-0.12875839,-0.19501048,-0.1530334,-0.18738703,-0.11705899,-0.17429145,-0.15302426,-0.06652963,-0.15279302,-0.10737923,-0.124497145,-0.15298569,-0.052188452,-0.26007295
k__Bacteria|p__Firmicutes|c__Bacilli|o__Lactobacillales|f__Lactobacillaceae|g__GGB4585|s__GGB4585_SGB4995,-0.1004395,-0.12316422,-0.15165615,-0.15481202,-0.15481204,-0.23867357,-0.1666669,-0.16813041,-0.10929718,-0.22895765,5.9193726,-0.15165618,5.817651,5.5906873,-0.08556121,-0.15163983,-0.058144663,-0.1516508,-0.15481128,-0.19931981,3.171871,-0.1282025,-0.15165594,-0.12711628,-0.20043859,-0.11658599,-0.182019,-0.25032333,-0.1509206,-0.15165609,-0.15142563,-0.10844302,-0.18249588,-0.28454733,-0.15165612,-0.12821487,-0.15165617,-0.22338755,-0.15165618,-0.29867563,-0.15165618,-0.29356226,-0.1281558,-0.15165493,-0.13691942,-0.15165617,-0.23188588,-0.24781659,-0.1296162,-0.12821525,-0.24679694,-0.18279888,-0.25087595,-0.26027086,-0.28621647,-0.27511892,-0.11894142,-0.1516549,-0.040142577,-0.056944285,-0.15165183,-0.11274739,-0.13743341,-0.12820749,-0.151656,-0.15481201,-0.15481202,-0.15481204,-0.27573854,-0.15165506,-0.1282089,-0.16243835,-0.12334165,-0.14074792,-0.15165605,-0.15887658,-0.14481027,-0.12821421,-0.18691605,-0.14998752,-0.15165609,-0.15481186,-0.15481192,-0.15481137,-0.120334074,-0.13700745,-0.08858878,-0.15165606,-0.19008024,-0.15165615,-0.2004665,-0.11139822,-0.1388583,-0.13027036,-0.1074974,-0.15152657,-0.15165552,-0.1547972,-0.10065024,-0.08152827,-0.09427856,-0.1516558,-0.11960925,-0.15027548,-0.16982608,-0.1185138,-0.15165591,-0.154812,-0.17738779,-0.15176103,-0.15165617,-0.25953975,-0.17989698,-0.13525523,-0.15165615,-0.15095688,-0.17780018,-0.2009549,-0.15165582,-0.09015879,-0.15165356,-0.12151222,-0.121854745,-0.13997786,-0.21433522,-0.13908121,-0.16057305,-0.1516555,-0.07092635,-0.15164636,-0.15480593,-0.18733518,-0.15165302,-0.12819958,-0.12334781,-0.14100276,-0.15165588,-0.114095174,-0.25318068,-0.26654312,-0.12808684,-0.10945694,-0.1516558,-0.09238048,-0.20963459,-0.15165615,-0.1548115,-0.12813309,-0.15165508,-0.16015086,-0.1553517,-0.15165618,-0.19704957,-0.20616047,-0.12801443,-0.10460003,-0.11361031,-0.10256614,-0.15165615,-0.19495486,-0.15165621,-0.12809491,-0.1516546,-0.041086134,-0.12967405,-0.15165617,-0.2300741,-0.1516565,-0.10384405,-0.15162164,-0.0784167,-0.15165374,-0.12766197,-0.15165493,-0.121451,-0.075820275,-0.09192432,-0.101488546,-0.15165286,-0.15481122,-0.12378413,-0.15164918,-0.1410757,-0.13984437,-0.18093297,-0.15165618,-0.25777104,-0.12844054,-0.15165403,-0.13462572,-0.119081676,-0.15165596,-0.15481198,-0.15481201,-0.15481201,-0.19755594,-0.25103784,-0.20219928,-0.19465852,-0.24831252,-0.20506537,-0.22091979,-0.1516561,-0.12816174,-0.11956477,-0.15165608,-0.15481198,-0.20931396,-0.18224281,-0.15165558,-0.32474133,-0.15165618,-0.15481204,-0.15481202,-0.15481202,-0.2185038,-0.15165496,-0.114121355,-0.15165587,-0.15481192,-0.15481195,-0.22984435,-0.15165612,-0.15481043,-0.08963354,-0.15165466,-0.1548117,-0.15481177,-0.15481186,-0.13302092,-0.1051107,-0.14014931,-0.15141064,-0.15839578,-0.15615125,-0.14613561,-0.15165612,-0.12319561,-0.1282136,-0.15165588,-0.15481204,-0.15481204,-0.15481204,-0.15481204,3.962445,-0.11451449,-0.15165597,-0.15564899,-0.14443555,-0.16636807,-0.15165615,-0.15481178,-0.12993515,-0.047159404,-0.1516186,-0.14016809,-0.14106366,-0.15165538,-0.19987361,-0.1649412,-0.17166539,-0.15165605,-0.1548118,-0.12722544,-0.14610182,-0.2588673,-0.12818772,-0.15165453,-0.09132757,-0.12832497,-0.13684332,-0.16221203,-0.15659244,-0.12804425,-0.15165097,-0.15481105,-0.1548117,-0.15481195,-0.15740095,-0.19795567,-0.15106063,-0.07294749,-0.2039893,-0.15165588,-0.15481159,-0.104459345,-0.15159783,-0.17466888,-0.13176009,-0.15165605,-0.15109587,-0.10913184,-0.15165089,-0.05825615,-0.14326635,-0.17082691,-0.15165555,-0.18883844,-0.15165618,-0.31316653,-0.1516561,-0.16808087,-0.14331596,-0.15165614,-0.15481201,-0.25088155,-0.15165618,-0.22115314,-0.07562123,-0.086852394,-0.10702289,-0.060967896,-0.15161346,-0.16796505,-0.15746465,-0.22133875,-0.12812386,-0.0969081,-0.16398169,-0.12716047,-0.11335766,-0.18846886,-0.12821262,-0.17755464,-0.0994983,-0.115196005,-0.1516555,-0.11662802,-0.19749595,-0.14526704,-0.12781724,-0.096878245,-0.15165518,-0.1548098,-0.12434345,-0.11230643,-0.063823454,-0.15165374,-0.11419349,-0.10007019,-0.24483351,-0.15165618,-0.15481216,-0.16344379,-0.1759062,-0.12524253,-0.15165612,-0.0782174,-0.19187105,-0.18185812,-0.09859173,-0.11065883,-0.15165329,-0.15480915,-0.083404,-0.1213824,-0.13072303,-0.13855581,-0.19385117,-0.15165591,-0.154812,-0.19487974,-0.23847799,-0.2432746,-0.12817097,-0.15165395,-0.15481177,-0.14520228,-0.2961179,-0.15165618,-0.19813283,-0.12820159,-0.15165539,-0.060104962,-0.15931924,-0.15165617,-0.2028091,-0.2868003,-0.11816878,-0.14795661,-0.10060286,-0.15165485,-0.13614628,-0.20725825,-0.17393659,-0.125103,-0.15657571,-0.15690626,-0.15165615,-0.15481201,-0.16221246,-0.22200036,-0.12821561,-0.2814266,-0.15165618,-0.1915083,-0.24371436,-0.16952515,-0.1516549,-0.13369927,-0.12557748,-0.15165615,-0.18106565,-0.15165618,-0.18642783,-0.15165557,-0.30462334,-0.1516555,-0.14691104,-0.13029914,-0.15165612,-0.15481192,-0.18915205,-0.12821315,-0.15165614,-0.10481856,-0.1650517,-0.15165612,-0.15481201,-0.15481226,-0.12815335,-0.15165536,-0.15481171,-0.15481159,-0.15481171,-0.15481165,-0.16505513,-0.17392421,-0.15165608,-0.15481198,-0.15481192,-0.15481198,-0.2025511,-0.15354379,-0.14723541,-0.15164953,-0.11499533,-0.10471026,-0.11893196,-0.1516561,-0.1548115,-0.12821098,-0.19501048,-0.15165615,-0.18738703,-0.11705899,-0.17429145,-0.15165634,-0.06652963,-0.15165228,-0.10737923,-0.124497145,-0.15298569,-0.052188452,-0.26007295
k__Bacteria|p__Firmicutes|c__Bacilli|o__Lactobacillales|f__Enterococcaceae|g__Enterococcus|s__Enterococcus_canintestini,-0.1004395,-0.12316422,-0.1524441,-0.15566638,-0.15566662,-0.23867357,-0.1666669,-0.16813041,-0.10929718,-0.22895765,-0.23728925,-0.15244845,-0.22850217,-0.3768707,-0.08556121,-0.15208241,-0.058144663,-0.15195815,-0.15561,-0.19931981,-0.1978925,-0.12834194,-0.15241629,-0.12711628,-0.20043859,-0.11658599,-0.182019,-0.25032333,-0.1509206,-0.15242103,-0.15142563,-0.10844302,-0.18249588,-0.28454733,-0.15243664,-0.12851201,-0.15244624,-0.22338755,-0.15244877,-0.29867563,-0.15244883,-0.29356226,-0.127889,-0.15231559,-0.13691942,-0.15244374,-0.23188588,-0.24781659,-0.1296162,-0.12851766,-0.24679694,-0.18279888,-0.25087595,-0.26027086,-0.28621647,-0.27511892,-0.11894142,-0.15236965,-0.040142577,-0.056944285,-0.15179315,-0.11274739,-0.13743341,-0.12841414,-0.15242918,-0.15566234,-0.15566643,-0.155667,-0.27573854,-0.15241319,-0.1284156,-0.16243835,-0.12334165,-0.14074792,-0.15241769,-0.15887658,-0.14481027,-0.12849814,-0.18691605,-0.14998752,-0.1524378,-0.15564711,-0.15565744,-0.15559998,-0.120334074,-0.13700745,-0.08858878,-0.1524324,-0.19008024,-0.15244257,-0.2004665,-0.11139822,-0.1388583,-0.13027036,-0.1074974,-0.15152657,-0.15235485,-0.15539421,-0.10065024,-0.08152827,-0.09427856,-0.15239984,-0.11960925,-0.15027548,-0.16982608,-0.1185138,-0.15241536,-0.1556609,-0.17738779,-0.15176103,-0.1524452,3.4162142,-0.17989698,-0.13525523,-0.1524426,-0.15095688,-0.17780018,-0.2009549,-0.15242481,-0.09015879,-0.15217525,-0.12151222,-0.121854745,-0.13997786,-0.21433522,-0.13908121,-0.16057305,-0.1523777,-0.07092635,-0.1518767,-0.15497309,-0.18733518,-0.15221673,-0.12840393,-0.12334781,-0.14100276,-0.15240586,-0.114095174,-0.25318068,-0.26654312,-0.12772267,-0.10945694,-0.15239772,-0.09238048,-0.20963459,-0.15244281,-0.15559241,-0.12796402,-0.15237865,-0.16015086,-0.1553517,-0.1524468,-0.19704957,-0.20616047,-0.12744355,-0.10460003,-0.11361031,-0.10256614,-0.15244001,-0.19495486,-0.15241885,-0.12789288,-0.1523014,-0.041086134,-0.12967405,-0.15244569,-0.2300741,-0.15242696,-0.10384405,-0.15116847,-0.0784167,-0.15231793,-0.12766197,-0.15233538,-0.121451,-0.075820275,-0.09192432,-0.101488546,-0.1522054,-0.15558097,-0.12378413,-0.15230927,-0.1410757,-0.13984437,-0.18093297,-0.15244788,-0.25777104,-0.12844054,-0.15236697,-0.13462572,-0.119081676,-0.15242128,-0.15566278,-0.15566425,-0.15566525,-0.19755594,-0.25103784,-0.20219928,-0.19465852,-0.24831252,-0.20506537,-0.22091979,-0.15243459,-0.12815093,-0.11956477,-0.15242997,-0.15565953,5.821505,2.3769855,-0.15242249,-0.32474133,-0.15244615,-0.15566763,-0.15566665,-0.15566632,-0.2185038,-0.15242176,-0.114121355,-0.15242435,-0.15565424,-0.15565974,-0.22984435,-0.1524405,-0.15564418,-0.08963354,-0.15234996,-0.15562351,-0.15563974,-0.15564063,-0.13302092,-0.1051107,-0.14014931,-0.15141064,-0.15839578,-0.15615125,-0.14613561,-0.15243721,-0.12319561,-0.12847336,-0.1524057,-0.15566748,-0.15566707,-0.15566707,-0.15566751,-0.38518023,-0.11451449,-0.152412,-0.15564899,-0.14443555,-0.16636807,-0.15244207,-0.15560004,-0.12993515,-0.047159404,-0.14723295,-0.14016809,-0.14106366,-0.15231413,-0.19987361,-0.1649412,-0.17166539,-0.1524223,-0.15562963,-0.12722544,-0.14610182,-0.2588673,-0.12829795,-0.15233347,-0.09132757,-0.12832497,-0.13684332,-0.16221203,-0.15659244,-0.1277667,-0.15221879,-0.1555836,-0.15562692,-0.15565687,-0.15740095,-0.19795567,-0.15106063,-0.07294749,-0.2039893,-0.15241277,-0.1556254,-0.104459345,-0.15209934,-0.17466888,-0.13176009,-0.15241879,-0.15109587,-0.10913184,-0.15227377,-0.05825615,-0.14326635,-0.17082691,-0.15236506,-0.18883844,-0.1524472,-0.31316653,-0.15243873,-0.16808087,-0.14331596,-0.15244035,-0.15566447,-0.25088155,-0.15244752,-0.22115314,-0.07562123,-0.086852394,-0.10702289,-0.060967896,-0.14657624,-0.16796505,-0.15746465,-0.22133875,-0.12812386,-0.0969081,-0.16398169,-0.12716047,-0.11335766,-0.18846886,-0.12846734,-0.17755464,-0.0994983,-0.115196005,-0.15236601,-0.11662802,-0.19749595,-0.14526704,-0.12781724,-0.096878245,-0.15236531,-0.1554913,-0.12434345,-0.11230643,-0.063823454,-0.15230364,-0.11419349,-0.10007019,-0.24483351,-0.15244797,-0.15565735,-0.16344379,-0.1759062,-0.12524253,-0.15243486,-0.0782174,-0.19187105,-0.18185812,-0.09859173,-0.11065883,-0.15214455,-0.15537912,-0.083404,-0.1213824,-0.13072303,-0.13855581,-0.19385117,-0.1524151,-0.15566161,-0.19487974,-0.23847799,-0.2432746,-0.12816529,-0.15226513,-0.15563625,-0.14520228,-0.2961179,-0.15244731,-0.19813283,-0.12838203,-0.15239063,-0.060104962,-0.15931924,-0.15244576,-0.2028091,-0.2868003,-0.11816878,-0.14795661,-0.10060286,-0.15230784,-0.13614628,-0.20725825,-0.17393659,-0.125103,-0.15657571,-0.15690626,-0.15244451,-0.15566379,-0.16221246,-0.22200036,-0.12853114,-0.2814266,-0.15244834,-0.1915083,-0.24371436,-0.16952515,-0.15237275,-0.13369927,-0.12557748,-0.15244174,-0.18106565,-0.15244812,-0.18642783,-0.15239896,5.397921,-0.15234955,4.2878494,5.182747,-0.15243658,-0.15565273,-0.18915205,-0.1284603,-0.15244102,-0.10481856,-0.1650517,-0.15243915,-0.1556656,-0.15564057,-0.12809111,-0.15235397,-0.1556356,-0.15562725,-0.1556377,-0.15564477,-0.16505513,-0.17392421,-0.15243511,-0.15565917,-0.15565018,-0.15565962,-0.2025511,-0.15354379,-0.14723541,-0.15155664,-0.11499533,-0.10471026,-0.11893196,-0.15243828,-0.15559807,-0.12842399,-0.19501048,-0.15244532,-0.18738703,-0.11705899,-0.17429145,-0.15243708,-0.06652963,-0.15221886,-0.10737923,-0.124497145,-0.15298569,-0.052188452,-0.26007295
k__Bacteria|p__Firmicutes|c__Negativicutes|o__Veillonellales|f__Veillonellaceae|g__Dialister|s__Dialister_pneumosintes,-0.1004395,-0.12316422,-0.1523025,-0.15558565,-0.15558589,-0.23867357,-0.1666669,-0.16813041,-0.10929718,-0.22895765,-0.23728925,-0.15230647,-0.22850217,-0.3768707,-0.08556121,-0.1519546,-0.058144663,-0.15185066,-0.15553394,-0.19931981,-0.1978925,-0.12774841,-0.1522769,-0.12711628,-0.20043859,-0.11658599,-0.182019,-0.25032333,-0.1509206,-0.1522814,-0.15142563,-0.10844302,-0.18249588,-0.28454733,-0.15229541,-0.12791725,-0.15230447,-0.22338755,-0.15230677,-0.29867563,-0.15230682,3.1780782,-0.12730232,-0.15218484,-0.13691942,-0.15230215,-0.23188588,2.1639419,-0.1296162,-0.12792267,-0.24679694,-0.18279888,-0.25087595,-0.26027086,-0.28621647,-0.27511892,-0.11894142,-0.15223396,-0.040142577,-0.056944285,-0.1517097,-0.11274739,-0.13743341,-0.12782103,-0.15228888,-0.15558195,-0.1555857,-0.15558624,-0.27573854,-0.15227321,-0.12782344,-0.16243835,-0.12334165,-0.14074792,-0.15227832,-0.15887658,-0.14481027,-0.12790337,-0.18691605,-0.14998752,-0.15229672,-0.15556806,-0.15557751,-0.15552086,-0.120334074,-0.13700745,-0.08858878,-0.15229177,-0.19008024,-0.15230107,-0.2004665,-0.11139822,-0.1388583,-0.13027036,-0.1074974,-0.15152657,-0.1522206,-0.15530053,-0.10065024,-0.08152827,-0.09427856,-0.15226173,-0.11960925,-0.15027548,-0.16982608,-0.1185138,-0.15227622,-0.15558061,-0.17738779,-0.15176103,-0.15230349,1.6736817,-0.17989698,-0.13525523,-0.15230113,-0.15095688,-0.17780018,-0.2009549,-0.1522842,-0.09015879,-0.15205467,-0.12151222,-0.121854745,-0.13997786,-0.21433522,-0.13908121,-0.16057305,-0.15224132,-0.07092635,-0.15177423,-0.15495515,-0.18733518,-0.15209259,-0.12780811,-0.12334781,-0.14100276,-0.15226746,-0.114095174,-0.25318068,-0.26654312,-0.12711267,-0.10945694,-0.15225992,-0.09238048,-0.20963459,-0.15230131,-0.15551695,-0.12735955,-0.15224189,-0.16015086,-0.1553517,-0.15230493,-0.19704957,-0.20616047,-0.12686853,-0.10460003,-0.11361031,-0.10256614,-0.15229875,-0.19495486,-0.15227848,-0.12728682,-0.15216988,-0.041086134,-0.12967405,-0.15230395,-0.2300741,-0.15228644,-0.10384405,-0.15110208,-0.0784167,-0.15218583,-0.12766197,-0.15220252,-0.121451,-0.075820275,-0.09192432,-0.101488546,-0.15208219,-0.155507,-0.12378413,-0.15216479,-0.1410757,-0.13984437,-0.18093297,-0.15230593,-0.25777104,-0.12844054,-0.15222932,-0.13462572,-0.119081676,-0.15228148,-0.15558234,-0.15558371,-0.15558463,-0.19755594,-0.25103784,-0.20219928,-0.19465852,-0.24831252,-0.20506537,-0.22091979,-0.15229371,-0.1275434,-0.11956477,-0.15228951,-0.15557939,-0.20931396,-0.18224281,-0.15228227,-0.32474133,-0.15230437,-0.15558681,-0.15558591,-0.15558559,-0.2185038,-0.15228152,-0.114121355,-0.15228453,-0.15557465,-0.15557957,-0.22984435,-0.15229917,-0.15556504,-0.08963354,-0.15221605,-0.15554631,-0.15556139,-0.15556201,-0.13302092,-0.1051107,-0.14014931,-0.15141064,-0.15839578,-0.15615125,-0.14613561,-0.15229616,-0.12319561,-0.12788075,-0.15226762,-0.15558666,-0.15558627,-0.15558627,-0.15558669,-0.38518023,-0.11451449,-0.1522732,-0.15564899,-0.14443555,-0.16636807,-0.15230066,-0.15552513,-0.12993515,-0.047159404,-0.14755654,-0.14016809,-0.14106366,-0.152184,-0.19987361,-0.1649412,-0.17166539,-0.15228255,-0.15555194,-0.12722544,-0.14610182,2.497822,-0.12769338,-0.15220001,-0.09132757,-0.12832497,-0.13684332,-0.16221203,-0.15659244,-0.12716885,-0.15209427,-0.15550968,-0.15554942,-0.15557694,-0.15740095,-0.19795567,-0.15106063,-0.07294749,-0.2039893,-0.15227392,-0.15554786,-0.104459345,-0.15193757,-0.17466888,-0.13176009,-0.15227926,-0.15109587,-0.10913184,-0.15214369,-0.05825615,-0.14326635,-0.17082691,-0.1522304,-0.18883844,-0.1523053,-0.31316653,-0.15229766,-0.16808087,-0.14331596,-0.15229905,-0.15558392,-0.25088155,-0.15230562,-0.22115314,-0.07562123,-0.086852394,-0.10702289,-0.060967896,-0.14697063,-0.16796505,-0.15746465,-0.22133875,-0.12812386,-0.0969081,-0.16398169,-0.12716047,-0.11335766,-0.18846886,-0.12787336,-0.17755464,-0.0994983,-0.115196005,-0.15223095,-0.11662802,-0.19749595,-0.14526704,-0.12781724,-0.096878245,-0.15222993,-0.15542433,-0.12434345,-0.11230643,-0.063823454,-0.15217228,-0.11419349,-0.10007019,-0.24483351,-0.15230602,-0.15557727,-0.16344379,-0.1759062,-0.12524253,-0.15229401,-0.0782174,-0.19187105,-0.18185812,-0.09859173,-0.11065883,-0.15202641,-0.15532094,-0.083404,-0.1213824,-0.13072303,-0.13855581,-0.19385117,-0.1522761,-0.1555813,-0.19487974,-0.23847799,-0.2432746,-0.1275855,-0.15213785,-0.15555814,-0.14520228,-0.2961179,-0.15230542,-0.19813283,-0.1277868,-0.15225336,-0.060104962,-0.15931924,-0.15230401,-0.2028091,-0.2868003,-0.11816878,-0.14795661,-0.10060286,-0.15217772,-0.13614628,2.4129057,-0.17393659,-0.125103,-0.15657571,-0.15690626,-0.15230286,-0.15558329,-0.16221246,-0.22200036,-0.12793532,-0.2814266,-0.15230636,-0.1915083,-0.24371436,-0.16952515,-0.15223457,-0.13369927,-0.12557748,-0.15230034,-0.18106565,-0.15230615,-0.18642783,-0.15226062,-0.30462334,-0.15221655,-0.14691104,-0.13029914,-0.15229562,-0.15557319,-0.18915205,-0.12786683,-0.15229964,-0.10481856,-0.1650517,-0.152298,-0.15558496,-0.15556133,-0.12749274,-0.1522195,-0.15555754,-0.15554991,-0.15555948,-0.15556574,-0.16505513,-0.17392421,-0.15229431,-0.15557903,-0.1555709,-0.15557948,-0.2025511,-0.15354379,-0.14723541,-0.15149708,-0.11499533,-0.10471026,-0.11893196,-0.15229717,-0.15552138,-0.1278311,-0.19501048,-0.1523036,-0.18738703,-0.11705899,-0.17429145,-0.1522955,-0.06652963,-0.15209174,-0.10737923,-0.124497145,-0.15298569,-0.052188452,-0.26007295
k__Bacteria|p__Firmicutes|c__Clostridia|o__Eubacteriales|f__Lachnospiraceae|g__Anaerobutyricum|s__Anaerobutyricum_soehngenii,-0.1004395,-0.12316422,-0.15238523,-0.15562707,-0.15562735,-0.23867357,-0.1666669,-0.16813041,-0.10929718,-0.22895765,-0.23728925,-0.15239018,-0.22850217,-0.3768707,-0.08556121,-0.15197128,-0.058144663,-0.15183556,-0.15556288,-0.19931981,-0.1978925,-0.12811583,-0.15235367,-0.12711628,-0.20043859,-0.11658599,-0.182019,-0.25032333,-0.1509206,-0.15235889,-0.15142563,-0.10844302,-0.18249588,3.2135203,-0.15237665,-0.12830845,-0.15238771,-0.22338755,-0.15239057,-0.29867563,-0.15239064,-0.29356226,-0.1276085,-0.15223828,-0.13691942,-0.15238488,-0.23188588,-0.24781659,-0.1296162,-0.12831467,-0.24679694,-0.18279888,-0.25087595,-0.26027086,-0.28621647,-0.27511892,-0.11894142,-0.15230078,-0.040142577,-0.056944285,-0.15164357,-0.11274739,-0.13743341,-0.1281966,-0.15236819,-0.15562251,-0.15562713,-0.15562779,-0.27573854,-0.15234965,-0.12819904,-0.16243835,-0.12334165,-0.14074792,-0.15235531,-0.15887658,-0.14481027,-0.12829274,-0.18691605,-0.14998752,-0.15237813,-0.15560523,-0.15561685,-0.15554953,-0.120334074,-0.13700745,-0.08858878,-0.152372,-0.19008024,-0.15238354,-0.2004665,-0.11139822,-0.1388583,-0.13027036,-0.1074974,-0.15152657,-0.15228409,-0.15531182,-0.10065024,-0.08152827,-0.09427856,-0.15233508,-0.11960925,-0.15027548,-0.16982608,-0.1185138,-0.15235244,-0.15562084,-0.17738779,4.1715508,-0.15238649,5.7861357,-0.17989698,-0.13525523,-0.15238361,-0.15095688,-0.17780018,-0.2009549,-0.15236278,-0.09015879,-0.15208098,-0.12151222,-0.121854745,-0.13997786,-0.21433522,-0.13908121,-0.16057305,-0.15231,-0.07092635,-0.15173912,-0.15483277,-0.18733518,-0.15212268,-0.12818557,-0.12334781,-0.14100276,-0.15234187,-0.114095174,-0.25318068,-0.26654312,-0.12741654,-0.10945694,-0.15233274,-0.09238048,-0.20963459,-0.1523838,-0.1555415,-0.12769043,-0.15231049,-0.16015086,-0.1553517,-0.1523883,-0.19704957,-0.20616047,-0.12712285,-0.10460003,-0.11361031,-0.10256614,-0.15238068,-0.19495486,-0.15235622,-0.12761116,-0.15222326,-0.041086134,-0.12967405,-0.15238702,-0.2300741,-0.15236542,-0.10384405,-0.15092936,-0.0784167,-0.15224144,-0.12766197,-0.15226188,-0.121451,-0.075820275,-0.09192432,-0.101488546,-0.1521143,-0.15553032,-0.12378413,-0.15222889,-0.1410757,-0.13984437,-0.18093297,-0.15238953,-0.25777104,-0.12844054,-0.15229711,-0.13462572,-0.119081676,-0.15235949,-0.15562299,-0.15562469,-0.15562582,-0.19755594,-0.25103784,-0.20219928,-0.19465852,-0.24831252,-0.20506537,-0.22091979,-0.1523743,-0.12789573,-0.11956477,-0.15236929,-0.1556193,-0.20931396,-0.18224281,-0.15236047,-0.32474133,-0.15238762,-0.1556285,-0.1556274,-0.15562701,-0.2185038,-0.15235952,-0.114121355,-0.15236266,-0.15561311,-0.1556195,-0.22984435,-0.15238121,-0.1556015,-0.08963354,-0.15227813,-0.15557867,-0.15559673,-0.155598,-0.13302092,-0.1051107,-0.14014931,-0.15141064,-0.15839578,-0.15615125,-0.14613561,-0.15237753,-0.12319561,-0.12826459,-0.15234137,-0.15562832,-0.15562785,-0.15562785,-0.15562835,7.7017365,-0.11451449,-0.15234879,-0.15564899,-0.14443555,-0.16636807,-0.15238291,-0.15555063,-0.12993515,-0.047159404,-0.14641708,-0.14016809,-0.14106366,-0.15223753,-0.19987361,-0.1649412,-0.17166539,-0.15236057,-0.1555857,-0.12722544,-0.14610182,-0.2588673,-0.12806347,-0.15225975,-0.09132757,-0.12832497,-0.13684332,-0.16221203,-0.15659244,-0.12747163,-0.15212816,-0.1555332,-0.1555824,-0.15561628,-0.15740095,-0.19795567,-0.15106063,-0.07294749,-0.2039893,-0.15234956,-0.15558079,-0.104459345,-0.15200472,-0.17466888,-0.13176009,-0.15235676,-0.15109587,-0.10913184,-0.15219116,-0.05825615,-0.14326635,-0.17082691,-0.15229535,-0.18883844,-0.15238875,-0.31316653,-0.15237898,-0.16808087,-0.14331596,-0.152381,-0.15562487,-0.25088155,-0.15238912,-0.22115314,-0.07562123,-0.086852394,-0.10702289,-0.060967896,-0.14567934,-0.16796505,-0.15746465,-0.22133875,-0.12812386,-0.0969081,-0.16398169,-0.12716047,-0.11335766,-0.18846886,-0.12825757,-0.17755464,-0.0994983,-0.115196005,-0.15229648,-0.11662802,-0.19749595,-0.14526704,-0.12781724,-0.096878245,-0.15229625,-0.15542841,-0.12434345,-0.11230643,-0.063823454,-0.15222548,-0.11419349,-0.10007019,-0.24483351,-0.15238965,-0.15561661,-0.16344379,-0.1759062,-0.12524253,-0.15237483,-0.0782174,-0.19187105,-0.18185812,-0.09859173,-0.11065883,-0.15204577,-0.15530103,-0.083404,-0.1213824,-0.13072303,-0.13855581,-0.19385117,-0.15235212,-0.1556217,-0.19487974,-0.23847799,-0.2432746,-0.12792061,-0.15218209,-0.15559277,-0.14520228,-0.2961179,-0.1523889,-0.19813283,-0.12816067,-0.15232429,-0.060104962,-0.15931924,-0.15238711,1.244982,-0.2868003,-0.11816878,-0.14795661,-0.10060286,-0.15223001,-0.13614628,-0.20725825,-0.17393659,-0.125103,-0.15657571,-0.15690626,-0.15238571,-0.15562415,-0.16221246,-0.22200036,-0.12832995,-0.2814266,-0.15239006,-0.1915083,-0.24371436,-0.16952515,-0.1523028,-0.13369927,-0.12557748,-0.15238254,-0.18106565,-0.15238982,-0.18642783,-0.15233308,-0.30462334,-0.15227732,-0.14691104,-0.13029914,-0.1523767,-0.15561163,-0.18915205,-0.12824985,-0.15238176,-0.10481856,-0.1650517,-0.15237957,-0.15562621,-0.15559696,-0.12783028,-0.15228313,-0.15559189,-0.15558258,-0.15559435,-0.15560251,-0.16505513,-0.17392421,-0.15237498,-0.1556189,-0.15560868,-0.15561943,-0.2025511,-0.15354379,-0.14723541,-0.15136978,-0.11499533,-0.10471026,-0.11893196,-0.15237865,-0.15554813,-0.12820885,-0.19501048,-0.1523866,-0.18738703,-0.11705899,-0.17429145,-0.15237698,-0.06652963,-0.15212926,-0.10737923,-0.124497145,-0.15298569,-0.052188452,-0.26007295
k__Bacteria|p__Firmicutes|c__Clostridia|o__Eubacteriales|f__Lachnospiraceae|g__Mediterraneibacter|s__Mediterraneibacter_glycyrrhizinilyticus,-0.1004395,-0.12316422,-0.15243594,-0.15553412,-0.15553439,-0.23867357,-0.1666669,-0.16813041,-0.10929718,-0.22895765,-0.23728925,-0.15244064,-0.22850217,3.702152,-0.08556121,-0.15204649,-0.058144663,-0.15191004,-0.15547355,-0.19931981,1.9828995,-0.12923081,-0.15240571,-0.12711628,-0.20043859,-0.11658599,-0.182019,-0.25032333,-0.1509206,-0.1524108,-0.15142563,-0.10844302,-0.18249588,-0.28454733,-0.15242699,-0.12942477,-0.15243825,-0.22338755,-0.15244098,-0.29867563,-0.15244104,-0.29356226,-0.12870027,-0.152297,-0.13691942,-0.15243554,-0.23188588,-0.24781659,-0.1296162,-0.12943119,-0.24679694,-0.18279888,-0.25087595,-0.26027086,-0.28621647,-0.27511892,-0.11894142,-0.15235561,-0.040142577,-0.056944285,-0.1517396,-0.11274739,-0.13743341,-0.1293143,-0.15242,-0.15552974,-0.15553418,-0.15553477,-0.27573854,-0.15240178,-0.12931558,-0.16243835,-0.12334165,-0.14074792,-0.15240744,-0.15887658,-0.14481027,-0.1294083,-0.18691605,-0.14998752,-0.1524292,-0.15551342,-0.15552455,-0.15545699,-0.120334074,-0.13700745,-0.08858878,-0.1524233,-0.19008024,-0.15243427,-0.2004665,-0.11139822,-0.1388583,-0.13027036,-0.1074974,-0.15152657,-0.15233961,-0.15522228,-0.10065024,-0.08152827,-0.09427856,-0.15238789,-0.11960925,-0.15027548,-0.16982608,-0.1185138,-0.15240496,-0.15552816,-0.17738779,-0.15176103,-0.15243712,-0.25953975,-0.17989698,-0.13525523,-0.1524343,-0.15095688,-0.17780018,-0.2009549,-0.15241396,-0.09015879,-0.1521453,-0.12151222,-0.121854745,-0.13997786,-0.21433522,-0.13908121,-0.16057305,-0.15236402,-0.07092635,-0.1518248,-0.15479627,-0.18733518,-0.15219226,-0.1293,-0.12334781,-0.14100276,-0.15239474,-0.114095174,-0.25318068,-0.26654312,-0.12853435,-0.10945694,-0.15238579,-0.09238048,-0.20963459,-0.15243457,-0.15545091,-0.12880373,-0.1523656,-0.16015086,-0.1553517,-0.15243885,-0.19704957,-0.20616047,-0.12823375,-0.10460003,-0.11361031,-0.10256614,-0.15243152,-0.19495486,-0.15240645,-0.12872173,-0.15228131,-0.041086134,-0.12967405,-0.15243769,-0.2300741,-0.15241536,-0.10384405,-0.15106997,-0.0784167,-0.15230048,-0.12766197,-0.15231878,-0.121451,-0.075820275,-0.09192432,-0.101488546,-0.15217827,-0.15544187,-0.12378413,-0.15228254,-0.1410757,-0.13984437,-0.18093297,-0.15244001,-0.25777104,-0.12844054,-0.15234822,-0.13462572,-0.119081676,-0.15241125,-0.15553024,-0.15553185,-0.15553293,-0.19755594,-0.25103784,-0.20219928,-0.19465852,-0.24831252,-0.20506537,-0.22091979,-0.15242529,-0.12901108,-0.11956477,-0.15242058,-0.1555267,-0.20931396,-0.18224281,-0.1524117,-0.32474133,-0.15243816,-0.15553546,-0.15553442,-0.15553404,-0.2185038,-0.15241107,-0.114121355,-0.15241486,-0.1555212,-0.1555269,3.3270144,-0.15243202,-0.15550962,-0.08963354,-0.15233482,-0.15548775,-0.1555056,-0.15550622,-0.13302092,-0.1051107,-0.14014931,-0.15141064,-0.15839578,-0.15615125,-0.14613561,-0.15242842,-0.12319561,-0.12938209,-0.15239502,-0.15553531,-0.15553486,-0.15553485,-0.15553534,2.7465048,-0.11451449,-0.15240142,-0.15564899,-0.14443555,-0.16636807,-0.15243381,-0.15546134,-0.12993515,-0.047159404,-0.14689168,-0.14016809,-0.14106366,-0.15229656,-0.19987361,-0.1649412,-0.17166539,-0.15241238,-0.15549427,-0.12722544,-0.14610182,-0.2588673,-0.12918055,-0.15231627,-0.09132757,-0.12832497,-0.13684332,-0.16221203,-0.15659244,-0.12858336,-0.1521939,-0.15544479,-0.15549144,-0.15552382,-0.15740095,-0.19795567,-0.15106063,-0.07294749,-0.2039893,-0.15240237,-0.15548974,-0.104459345,-0.15206231,-0.17466888,-0.13176009,-0.15240845,-0.15109587,-0.10913184,-0.15225202,-0.05825615,-0.14326635,-0.17082691,-0.15235111,-0.18883844,-0.1524393,-0.31316653,-0.1524302,-0.16808087,-0.14331596,-0.15243186,-0.15553209,-0.25088155,-0.15243964,-0.22115314,-0.07562123,-0.086852394,-0.10702289,-0.060967896,-0.14618222,-0.16796505,-0.15746465,-0.22133875,-0.12812386,-0.0969081,-0.16398169,-0.12716047,-0.11335766,-0.18846886,-0.12937374,-0.17755464,-0.0994983,-0.115196005,-0.15235189,-0.11662802,-0.19749595,-0.14526704,-0.12781724,-0.096878245,-0.15235054,-0.155345,-0.12434345,-0.11230643,-0.063823454,-0.15228453,-0.11419349,-0.10007019,-0.24483351,-0.1524401,-0.1555235,-0.16344379,-0.1759062,-0.12524253,-0.15242594,-0.0782174,-0.19187105,-0.18185812,-0.09859173,-0.11065883,-0.15211254,-0.1552242,-0.083404,-0.1213824,-0.13072303,-0.13855581,-0.19385117,-0.1524049,-0.15552896,-0.19487974,-0.23847799,-0.2432746,-0.12904318,-0.15224305,-0.15550174,-0.14520228,-0.2961179,-0.15243942,-0.19813283,-0.1292769,-0.15237841,-0.060104962,-0.15931924,-0.15243772,-0.2028091,-0.2868003,-0.11816878,-0.14795661,-0.10060286,-0.15228939,-0.13614628,-0.20725825,-0.17393659,-0.125103,-0.15657571,-0.15690626,-0.15243638,-0.15553132,-0.16221246,-0.22200036,-0.12944607,-0.2814266,-0.15244052,-0.1915083,-0.24371436,-0.16952515,-0.15235358,-0.13369927,-0.12557748,-0.15243343,-0.18106565,-0.15244028,-0.18642783,-0.15238537,-0.30462334,-0.15233503,-0.14691104,-0.13029914,-0.15242785,-0.1555194,-0.18915205,-0.1293652,-0.15243253,-0.10481856,-0.1650517,-0.15243067,-0.15553331,-0.15550381,-0.12895904,-0.15233855,-0.15550116,-0.15549211,-0.15550342,-0.15551081,-0.16505513,-0.17392421,-0.15242633,-0.15552633,-0.15551674,-0.15552682,-0.2025511,-0.15354379,-0.14723541,-0.15149117,-0.11499533,-0.10471026,-0.11893196,-0.1524297,-0.1554563,-0.12932606,-0.19501048,-0.15243728,-0.18738703,-0.11705899,-0.17429145,-0.15242654,-0.06652963,-0.15219216,-0.10737923,-0.124497145,-0.15298569,-0.052188452,-0.26007295
k__Bacteria|p__Firmicutes|c__Clostridia|o__Eubacteriales|f__Lachnospiraceae|g__Lachnospiraceae_unclassified|s__Lachnospiraceae_bacterium_NSJ_12,-0.1004395,-0.12316422,-0.15236479,-0.15562591,-0.15562648,-0.23867357,-0.1666669,-0.16813041,-0.10929718,-0.22895765,-0.23728925,-0.15237355,-0.22850217,-0.3768707,-0.08556121,-0.1516312,-0.058144663,-0.15135816,-0.15551221,-0.19931981,-0.1978925,-0.12777801,-0.15230763,-0.12711628,-0.20043859,-0.11658599,-0.182019,-0.25032333,-0.1509206,-0.15231794,-0.15142563,-0.10844302,-0.18249588,-0.28454733,-0.15234894,-0.12814331,-0.15236908,-0.22338755,-0.15237422,-0.29867563,-0.15237436,-0.29356226,-0.12679482,-0.15210652,-0.13691942,-0.15236388,-0.23188588,-0.24781659,-0.1296162,-0.12815553,-0.24679694,-0.18279888,-0.25087595,-0.26027086,-0.28621647,-0.27511892,-0.11894142,-0.15221313,-0.040142577,-0.056944285,-0.15105715,-0.11274739,-0.13743341,-0.12793446,-0.15233508,-0.15561765,-0.15562612,-0.15562725,-0.27573854,-0.15230276,-0.12793979,-0.16243835,-0.12334165,-0.14074792,-0.15231067,-0.15887658,-0.14481027,-0.12811239,-0.18691605,-0.14998752,-0.15235193,-0.15558687,-0.15560815,-0.155489,-0.120334074,-0.13700745,-0.08858878,-0.15234074,1.5672808,-0.15236151,-0.2004665,-0.11139822,-0.1388583,-0.13027036,-0.1074974,-0.15152657,-0.15218166,-0.1550639,-0.10065024,-0.08152827,-0.09427856,-0.15227361,-0.11960925,-0.15027548,-0.16982608,-0.1185138,-0.15230703,-0.1556147,-0.17738779,-0.15176103,-0.15236698,-0.25953975,-0.17989698,-0.13525523,-0.15236159,-0.15095688,-0.17780018,-0.2009549,-0.15232624,-0.09015879,-0.15181106,-0.12151222,-0.121854745,-0.13997786,-0.21433522,-0.13908121,-0.16057305,-0.15222809,-0.07092635,-0.15121175,-0.15425569,-0.18733518,-0.15191999,-0.12790923,-0.12334781,-0.14100276,-0.15228662,-0.114095174,-0.25318068,-0.26654312,-0.12648848,-0.10945694,-0.15226942,-0.09238048,-0.20963459,-0.15236205,-0.1554791,-0.12699145,-0.15223292,-0.16015086,-0.1553517,-0.1523702,-0.19704957,-0.20616047,-0.12597702,-0.10460003,-0.11361031,-0.10256614,-0.15235615,-0.19495486,-0.15231119,-0.12685022,-0.15207098,-0.041086134,-0.12967405,-0.15236813,-0.2300741,-0.1523281,-0.10384405,-0.14978683,-0.0784167,-0.15211004,-0.12766197,-0.15214269,-0.121451,-0.075820275,-0.09192432,-0.101488546,-0.15187606,-0.15545039,-0.12378413,-0.15209341,-0.1410757,-0.13984437,-0.18093297,-0.15237239,-0.25777104,-0.12844054,-0.15220723,-0.13462572,-0.119081676,-0.15231743,-0.15561864,-0.15562168,-0.15562373,-0.19755594,-0.25103784,-0.20219928,-0.19465852,-0.24831252,-0.20506537,-0.22091979,-0.15234563,-0.12737155,-0.11956477,-0.15233548,-0.15561204,-0.20931396,-0.18224281,-0.15232143,-0.32474133,-0.15236884,-0.1556285,-0.1556265,-0.1556258,-0.2185038,-0.15232125,-0.114121355,-0.15232569,-0.15560225,-0.15561247,-0.22984435,-0.15235716,-0.1555835,-0.08963354,-0.15217474,-0.15553743,-0.1555725,-0.15557258,-0.13302092,-0.1051107,-0.14014931,-0.15141064,-0.15839578,-0.15615125,0.639009,-0.15235022,-0.12319561,-0.12806293,-0.15228844,-0.1556282,-0.15562737,-0.15562735,-0.15562826,-0.38518023,-0.11451449,-0.15229952,-0.15564899,-0.14443555,-0.16636807,-0.1523608,-0.15549418,-0.12993515,-0.047159404,-0.1420382,-0.14016809,-0.14106366,-0.15210178,-0.19987361,-0.1649412,-0.17166539,-0.15231998,-0.15554947,-0.12722544,-0.14610182,-0.2588673,-0.1276818,-0.15213755,-0.09132757,-0.12832497,-0.13684332,-0.16221203,-0.15659244,-0.12662637,-0.15191203,-0.15545687,-0.155545,-0.15560648,-0.15740095,-0.19795567,-0.15106063,-0.07294749,-0.2039893,-0.15230191,-0.15554106,-0.104459345,-0.15170406,-0.17466888,-0.13176009,-0.152312,-0.15109587,-0.10913184,-0.15201959,-0.05825615,-0.14326635,-0.17082691,-0.152205,-0.18883844,-0.15237105,-0.31316653,-0.15235463,2.3709328,-0.14331596,-0.15235698,-0.15562224,-0.25088155,-0.15237173,-0.22115314,-0.07562123,-0.086852394,-0.10702289,-0.060967896,-0.14069436,-0.16796505,-0.15746465,-0.22133875,-0.12812386,-0.0969081,-0.16398169,-0.12716047,-0.11335766,-0.18846886,-0.12804714,-0.17755464,-0.0994983,-0.115196005,-0.1522061,-0.11662802,-0.19749595,-0.14526704,-0.12781724,-0.096878245,-0.15220189,-0.15526754,-0.12434345,-0.11230643,-0.063823454,-0.15207821,-0.11419349,-0.10007019,-0.24483351,-0.15237257,-0.15560736,-0.16344379,-0.1759062,-0.12524253,-0.15234563,-0.0782174,-0.19187105,1.7193213,-0.09859173,-0.11065883,-0.15175,-0.15503857,-0.083404,-0.1213824,-0.13072303,-0.13855581,-0.19385117,-0.1523068,-0.15561625,-0.19487974,-0.23847799,-0.2432746,-0.12743878,-0.1519997,-0.15556517,-0.14520228,-0.2961179,-0.15237124,-0.19813283,-0.12786606,-0.15225688,-0.060104962,-0.15931924,-0.15236817,-0.2028091,-0.2868003,-0.11816878,-0.14795661,-0.10060286,-0.15208958,-0.13614628,-0.20725825,-0.17393659,-0.125103,-0.15657571,-0.15690626,-0.15236562,-0.15562063,-0.16221246,-0.22200036,-0.12818366,-0.2814266,-0.15237337,-0.1915083,-0.24371436,-0.16952515,-0.15221944,1.258651,-0.12557748,-0.15236004,-0.18106565,-0.15237288,-0.18642783,-0.1522747,-0.30462334,-0.15217605,-0.14691104,-0.13029914,-0.15234944,-0.15559801,-0.18915205,-0.12803093,-0.1523583,-0.10481856,3.7178764,-0.15235499,-0.15562445,-0.15557256,-0.12727112,-0.15217952,-0.15556437,-0.1555469,-0.15556855,-0.15558198,-0.16505513,-0.17392421,-0.15234676,-0.15561114,-0.15559319,-0.15561211,-0.2025511,-0.15354379,-0.14723541,-0.1506068,-0.11499533,-0.10471026,-0.11893196,-0.15235294,-0.15548731,-0.12795447,-0.19501048,-0.15236737,-0.18738703,-0.11705899,-0.17429145,-0.15234919,-0.06652963,-0.15190189,-0.10737923,-0.124497145,-0.15298569,-0.052188452,-0.26007295
k__Bacteria|p__Firmicutes|c__Clostridia|o__Eubacteriales|f__Lachnospiraceae|g__Blautia|s__Blautia_obeum,-0.1004395,-0.12316422,-0.15288684,-0.15618345,-0.15618376,-0.23867357,-0.1666669,-0.16813041,-0.10929718,-0.22895765,-0.23728925,-0.15289208,-0.22850217,-0.3768707,-0.08556121,-0.15245284,-0.058144663,-0.15230133,-0.15611574,-0.19931981,-0.1978925,-0.12820031,-0.15285334,-0.12711628,-0.20043859,-0.11658599,-0.182019,-0.25032333,-0.1509206,-0.15285899,-0.15142563,-0.10844302,-0.18249588,-0.28454733,-0.15287776,-0.12840319,-0.15288945,-0.22338755,-0.15289247,-0.29867563,-0.15289254,-0.29356226,-0.12765314,-0.15273184,-0.13691942,-0.15288642,-0.23188588,-0.24781659,-0.1296162,-0.12840977,-0.24679694,-0.18279888,-0.25087595,-0.26027086,-0.28621647,-0.27511892,-0.11894142,-0.15279755,-0.040142577,-0.056944285,-0.15210274,-0.11274739,-0.13743341,-0.12828691,-0.1528689,-0.15617861,-0.15618354,-0.15618423,-0.27573854,-0.15285024,-0.12828732,-0.16243835,-0.12334165,-0.14074792,-0.15285502,-0.15887658,-0.14481027,-0.12838617,-0.18691605,-0.14998752,-0.15287933,-0.15616032,-0.15617272,-0.15610267,-0.120334074,-0.13700745,-0.08858878,-0.15287277,-0.19008024,-0.15288499,-0.2004665,-0.11139822,-0.1388583,-0.13027036,-0.1074974,-0.15152657,-0.15277947,-0.15585865,-0.10065024,-0.08152827,-0.09427856,-0.15283361,-0.11960925,-0.15027548,-0.16982608,-0.1185138,-0.15285231,-0.15617687,-0.17738779,-0.15176103,-0.15288816,-0.25953975,-0.17989698,-0.13525523,-0.15288508,-0.15095688,-0.17780018,-0.2009549,-0.15286362,-0.09015879,-0.15256345,-0.12151222,-0.121854745,-0.13997786,-0.21433522,-0.13908121,-0.16057305,-0.152807,-0.07092635,-0.15220362,-0.15534788,-0.18733518,-0.15261233,-0.12827463,-0.12334781,-0.14100276,-0.15284088,-0.114095174,4.4500136,-0.26654312,-0.12749067,-0.10945694,-0.15283106,-0.09238048,-0.20963459,-0.15288532,-0.15609424,-0.12776065,-0.15280819,-0.16015086,-0.1553517,-0.15289009,-0.19704957,-0.20616047,-0.1271698,-0.10460003,-0.11361031,-0.10256614,-0.15288194,-0.19495486,-0.15285629,-0.12769288,-0.1527149,-0.041086134,-0.12967405,-0.15288876,-0.2300741,-0.152866,-0.10384405,-0.15135923,-0.0784167,-0.15273568,-0.12766197,-0.15275617,-0.121451,-0.075820275,-0.09192432,-0.101488546,-0.15260011,-0.15608077,-0.12378413,-0.15272287,-0.1410757,-0.13984437,-0.18093297,-0.15289138,-0.25777104,-0.12844054,-0.1527948,-0.13462572,-0.119081676,-0.15285942,-0.15617913,-0.15618093,-0.15618214,-0.19755594,-0.25103784,-0.20219928,-0.19465852,-0.24831252,-0.20506537,-0.22091979,-0.15287542,-0.12797801,-0.11956477,-0.15286985,-0.1561752,-0.20931396,-0.18224281,-0.15286094,-0.32474133,-0.15288933,-0.15618497,-0.15618381,-0.15618339,-0.2185038,-0.15286043,-0.114121355,-0.15286316,-0.15616885,-0.15617546,-0.22984435,-0.15288255,-0.15615754,-0.08963354,-0.15277395,-0.15613198,-0.15615144,-0.15615249,-0.13302092,-0.1051107,-0.14014931,-0.15141064,-0.15839578,-0.15615125,-0.14613561,-0.15287858,-0.12319561,-0.12835662,-0.15284055,-0.15618479,-0.15618429,-0.15618429,-0.15618484,0.48241347,-0.11451449,-0.15284821,-0.15564899,-0.14443555,-0.16636807,-0.1528844,-0.1561034,-0.12993515,-0.047159404,-0.14660144,-0.14016809,-0.14106366,-0.15273035,-0.19987361,-0.1649412,-0.17166539,-0.15286061,-0.1561393,-0.12722544,-0.14610182,-0.2588673,-0.12815067,-0.15275393,-0.09132757,-0.12832497,-0.13684332,-0.16221203,-0.15659244,-0.12757045,-0.15261702,-0.15608405,-0.15613604,-0.15617204,-0.15740095,-0.19795567,-0.15106063,-0.07294749,-0.2039893,-0.15284915,-0.15613434,-0.104459345,-0.1525117,-0.17466888,-0.13176009,-0.15285641,-0.15109587,-0.10913184,-0.15268338,-0.05825615,-0.14326635,-0.17082691,-0.15279171,4.4435554,-0.15289056,5.122462,-0.15288037,-0.16808087,-0.14331596,-0.15288232,-0.15618117,-0.25088155,-0.15289097,-0.22115314,-0.07562123,-0.086852394,-0.10702289,-0.060967896,-0.14581737,-0.16796505,-0.15746465,-0.22133875,-0.12812386,-0.0969081,-0.16398169,-0.12716047,-0.11335766,-0.18846886,-0.12834954,-0.17755464,-0.0994983,-0.115196005,-0.15279284,-0.11662802,-0.19749595,-0.14526704,-0.12781724,-0.096878245,-0.1527923,-0.15597323,-0.12434345,-0.11230643,-0.063823454,-0.15271817,-0.11419349,-0.10007019,-0.24483351,-0.1528915,-0.15617251,-0.16344379,-0.1759062,-0.12524253,-0.15287572,-0.0782174,-0.19187105,-0.18185812,-0.09859173,-0.11065883,-0.1525265,-0.15583779,-0.083404,-0.1213824,-0.13072303,-0.13855581,-0.19385117,-0.15285197,-0.15617776,-0.19487974,-0.23847799,-0.2432746,-0.12800312,-0.1526718,-0.15614721,-0.14520228,-0.2961179,-0.15289071,-0.19813283,-0.12824982,-0.15282261,-0.060104962,-0.15931924,-0.15288885,-0.2028091,-0.2868003,-0.11816878,-0.14795661,-0.10060286,-0.15272282,-0.13614628,-0.20725825,-0.17393659,-0.125103,-0.15657571,-0.15690626,-0.15288733,-0.15618035,-0.16221246,-0.22200036,-0.128426,-0.2814266,-0.15289193,-0.1915083,-0.24371436,-0.16952515,-0.15280104,-0.13369927,-0.12557748,-0.152884,-0.18106565,-0.15289167,-0.18642783,-0.15283242,-0.30462334,-0.15277296,-0.14691104,-0.13029914,-0.15287778,-0.15616706,-0.18915205,-0.1283409,-0.15288313,-0.10481856,-0.1650517,-0.15288088,-0.15618256,-0.15615216,-0.12792239,-0.15277842,-0.1561464,-0.15613645,-0.15614899,-0.15615761,-0.16505513,-0.17392421,-0.15287602,-0.15617478,-0.15616399,-0.15617535,-0.2025511,-0.15354379,-0.14723541,-0.15181746,-0.11499533,-0.10471026,-0.11893196,-0.15287986,-0.15610072,-0.12829745,-0.19501048,-0.1528883,-0.18738703,-0.11705899,-0.17429145,-0.15287825,-0.06652963,-0.15261573,-0.10737923,-0.124497145,-0.15298569,-0.052188452,-0.26007295
k__Bacteria|p__Firmicutes|c__Firmicutes_unclassified|o__Firmicutes_unclassified|f__Firmicutes_unclassified|g__Firmicutes_unclassified|s__Firmicutes_bacterium_AF16_15,-0.1004395,-0.12316422,-0.15305212,-0.15629292,-0.15629318,-0.23867357,-0.1666669,-0.16813041,-0.10929718,-0.22895765,-0.23728925,-0.15305671,-0.22850217,-0.3768707,-0.08556121,-0.152668,-0.058144663,-0.15254086,-0.15623347,-0.19931981,-0.1978925,-0.12880108,-0.15302283,-0.12711628,-0.20043859,-0.11658599,-0.182019,-0.25032333,-0.1509206,-0.15302774,-0.15142563,-0.10844302,-0.18249588,-0.28454733,-0.15304413,-0.12898242,-0.1530544,-0.22338755,-0.15305705,-0.29867563,-0.15305713,-0.29356226,-0.12831202,-0.15291625,-0.13691942,-0.15305176,-0.23188588,-0.24781659,-0.1296162,-0.12898843,-0.24679694,-0.18279888,-0.25087595,-0.26027086,-0.28621647,-0.27511892,-0.11894142,-0.1529737,-0.040142577,-0.056944285,-0.1523659,-0.11274739,-0.13743341,-0.12887777,-0.15303637,-0.15628868,-0.15629297,-0.1562936,-0.27573854,-0.15301937,-0.1288795,-0.16243835,-0.12334165,-0.14074792,-0.15302435,-0.15887658,-0.14481027,-0.12896772,-0.18691605,-0.14998752,-0.15304552,-0.15627265,-0.15628348,-0.15622173,-0.120334074,-0.13700745,-0.08858878,-0.15303983,-0.19008024,-0.15305053,-0.2004665,-0.11139822,-0.1388583,-0.13027036,-0.1074974,-0.15152657,-0.15295821,-0.15600301,-0.10065024,-0.08152827,-0.09427856,-0.15300554,-0.11960925,-0.15027548,-0.16982608,-0.1185138,-0.15302178,-0.15628716,-0.17738779,-0.15176103,-0.15305328,-0.25953975,-0.17989698,-0.13525523,-0.15305057,-0.15095688,-0.17780018,-0.2009549,-0.15303147,-0.09015879,-0.1527693,-0.12151222,-0.121854745,-0.13997786,-0.21433522,-0.13908121,-0.16057305,-0.15298222,-0.07092635,-0.15245286,-0.1555602,-0.18733518,-0.15281081,-0.12886542,-0.12334781,-0.14100276,-0.1530119,-0.114095174,-0.25318068,6.505064,-0.12813576,-0.10945694,-0.15300333,-0.09238048,-0.20963459,-0.1530508,-0.15621443,-0.12839116,-0.15298298,-0.16015086,-0.1553517,-0.15305495,-0.19704957,-0.20616047,-0.12784746,-0.10460003,-0.11361031,-0.10256614,-0.15304786,-0.19495486,-0.15302521,-0.12831713,-0.15290177,-0.041086134,-0.12967405,-0.15305379,-0.2300741,-0.1530338,-0.10384405,-0.15170294,-0.0784167,-0.152919,-0.12766197,-0.15293762,-0.121451,-0.075820275,-0.09192432,-0.101488546,-0.15280053,-0.15620306,-0.12378413,-0.15290758,-0.1410757,-0.13984437,-0.18093297,-0.15305611,-0.25777104,-0.12844054,-0.15297067,-0.13462572,-0.119081676,-0.15302816,-0.15628915,-0.15629071,-0.15629175,-0.19755594,-0.25103784,-0.20219928,-0.19465852,-0.24831252,-0.20506537,-0.22091979,-0.15304202,-0.1285912,-0.11956477,-0.15303728,-0.1562857,-0.20931396,-0.18224281,-0.15302908,-0.32474133,-0.15305431,-0.15629426,-0.15629324,-0.15629289,-0.2185038,-0.1530284,-0.114121355,-0.15303129,-0.15628007,-0.15628591,-0.22984435,-0.15304835,-0.15626927,-0.08963354,-0.15295288,-0.15624791,-0.15626484,-0.15626588,-0.13302092,-0.1051107,-0.14014931,-0.15141064,-0.15839578,-0.15615125,-0.14613561,-0.15304491,-0.12319561,-0.12894152,-0.15301159,-0.15629409,-0.15629366,-0.15629366,-0.15629414,-0.38518023,-0.11451449,-0.15301833,-0.15564899,-0.14443555,-0.16636807,-0.15304998,-0.15622248,-0.12993515,-0.047159404,-0.14754626,-0.14016809,-0.14106366,-0.15291527,-0.19987361,-0.1649412,-0.17166539,-0.1530292,-0.15625438,-0.12722544,-0.14610182,-0.2588673,-0.12875217,-0.1529356,-0.09132757,-0.12832497,-0.13684332,-0.16221203,-0.15659244,-0.12817591,-0.1528142,-0.15620579,-0.15625143,-0.15628292,-0.15740095,-0.19795567,-0.15106063,-0.07294749,-0.2039893,-0.1530191,-0.15624988,-0.104459345,-0.15269746,-0.17466888,-0.13176009,-0.1530256,-0.15109587,-0.10913184,-0.15287215,-0.05825615,-0.14326635,-0.17082691,-0.15296884,-0.18883844,-0.15305538,4.952351,-0.1530464,-0.16808087,-0.14331596,-0.15304819,-0.1562909,-0.25088155,-0.15305573,-0.22115314,-0.07562123,-0.086852394,-0.10702289,-0.060967896,-0.1468586,-0.16796505,-0.15746465,-0.22133875,-0.12812386,-0.0969081,-0.16398169,-0.12716047,-0.11335766,-0.18846886,-0.12893473,-0.17755464,-0.0994983,-0.115196005,-0.15296984,-0.11662802,-0.19749595,-0.14526704,-0.12781724,-0.096878245,-0.1529693,-0.15610853,-0.12434345,-0.11230643,-0.063823454,-0.15290396,-0.11419349,-0.10007019,-0.24483351,-0.1530562,-0.15628329,-0.16344379,-0.1759062,-0.12524253,-0.15304244,-0.0782174,-0.19187105,-0.18185812,-0.09859173,-0.11065883,-0.15273683,-0.15599036,-0.083404,-0.1213824,-0.13072303,-0.13855581,-0.19385117,-0.15302153,-0.15628794,-0.19487974,-0.23847799,-0.2432746,-0.12861437,-0.15286359,-0.15626118,-0.14520228,-0.2961179,-0.15305552,-0.19813283,-0.12884364,-0.1529957,-0.060104962,-0.15931924,-0.15305388,-0.2028091,-0.2868003,-0.11816878,-0.14795661,-0.10060286,-0.15290841,-0.13614628,-0.20725825,-0.17393659,-0.125103,-0.15657571,-0.15690626,-0.15305257,-0.15629022,-0.16221246,-0.22200036,-0.12900269,-0.2814266,-0.15305659,-0.1915083,-0.24371436,-0.16952515,-0.15297611,-0.13369927,-0.12557748,-0.15304963,-0.18106565,-0.15305635,-0.18642783,-0.15300405,2.5090976,-0.15295237,-0.14691104,-0.13029914,-0.15304421,-0.15627858,-0.18915205,-0.12892751,-0.15304889,-0.10481856,-0.1650517,-0.1530469,-0.15629214,-0.15626529,-0.12853071,-0.15295729,-0.15626042,-0.15625171,-0.15626268,-0.15627015,-0.16505513,-0.17392421,-0.15304264,-0.15628535,-0.15627588,-0.15628582,-0.2025511,-0.15354379,-0.14723541,-0.15211487,-0.11499533,-0.10471026,-0.11893196,-0.15304601,-0.15621999,-0.12888896,-0.19501048,-0.1530534,-0.18738703,-0.11705899,-0.17429145,-0.15304452,-0.06652963,-0.15281452,-0.10737923,-0.124497145,-0.15298569,-0.052188452,-0.26007295
k__Bacteria|p__Firmicutes|c__Clostridia|o__Eubacteriales|f__Lachnospiraceae|g__Roseburia|s__Roseburia_intestinalis,-0.1004395,-0.12316422,-0.15251541,-0.15580514,-0.15580542,-0.23867357,-0.1666669,-0.16813041,-0.10929718,-0.22895765,-0.23728925,-0.15252051,-0.22850217,-0.3768707,-0.08556121,-0.15209424,-0.058144663,-0.15195504,-0.15573928,-0.19931981,-0.1978925,-0.12788223,-0.15248308,-0.12711628,-0.20043859,-0.11658599,-0.182019,-0.25032333,-0.1509206,-0.15248822,-0.15142563,-0.10844302,3.1721241,-0.28454733,-0.15250638,-0.12808311,-0.15251794,-0.22338755,-0.1525209,-0.29867563,-0.15252095,4.126245,-0.12736009,-0.15236369,-0.13691942,-0.15251505,-0.23188588,-0.24781659,-0.1296162,-0.12808938,-0.24679694,-0.18279888,-0.25087595,-0.26027086,-0.28621647,-0.27511892,-0.11894142,-0.15242887,-0.040142577,-0.056944285,-0.15175137,-0.11274739,-0.13743341,-0.12796655,-0.1524978,-0.15580046,-0.15580519,-0.15580587,-0.27573854,-0.15247846,-0.12796935,-0.16243835,-0.12334165,-0.14074792,-0.15248471,-0.15887658,-0.14481027,-0.12806673,-0.18691605,-0.14998752,-0.15250814,-0.1557827,-0.15579456,-0.15572402,-0.120334074,-0.13700745,-0.08858878,-0.15250185,7.069059,-0.15251368,-0.2004665,-0.11139822,-0.1388583,-0.13027036,-0.1074974,-0.15152657,-0.15241176,-0.15547886,-0.10065024,-0.08152827,-0.09427856,-0.15246409,-0.11960925,4.1100783,-0.16982608,-0.1185138,-0.15248165,-0.15579873,-0.17738779,-0.15176103,-0.1525167,-0.25953975,-0.17989698,-0.13525523,-0.15251374,-0.15095688,-0.17780018,-0.2009549,-0.15249166,-0.09015879,-0.1522043,-0.12151222,-0.121854745,-0.13997786,-0.21433522,-0.13908121,-0.16057305,-0.15243843,-0.07092635,-0.15185368,-0.15498292,-0.18733518,-0.15224215,-0.12795456,-0.12334781,-0.14100276,-0.15247104,-0.114095174,-0.25318068,-0.26654312,-0.12714949,-0.10945694,-0.15246171,-0.09238048,-0.20963459,-0.15251398,-0.15571535,-0.12743786,-0.15243873,-0.16015086,-0.1553517,-0.15251857,-0.19704957,-0.20616047,-0.12683037,-0.10460003,-0.11361031,-0.10256614,-0.15251076,-0.19495486,-0.15248516,-0.12734425,-0.15234977,-0.041086134,-0.12967405,-0.15251723,-0.2300741,-0.15249467,-0.10384405,-0.15103023,-0.0784167,-0.15236822,-0.12766197,-0.1523891,-0.121451,-0.075820275,-0.09192432,-0.101488546,-0.15223794,-0.1557062,-0.12378413,-0.1523535,-0.1410757,-0.13984437,-0.18093297,-0.15251984,-0.25777104,-0.12844054,-0.15242392,-0.13462572,-0.119081676,-0.15248919,-0.15580094,-0.15580267,-0.15580384,-0.19755594,-0.25103784,-0.20219928,-0.19465852,-0.24831252,-0.20506537,-0.22091979,-0.152504,-0.12765172,-0.11956477,-0.15249911,-0.15579712,-0.20931396,-0.18224281,-0.15248975,-0.32474133,-0.15251786,-0.1558066,-0.15580547,-0.15580508,-0.2185038,-0.15248878,-0.114121355,-0.15249212,-0.15579063,-0.15579736,-0.22984435,-0.15251133,-0.1557788,-0.08963354,-0.15240552,-0.1557557,-0.15577388,-0.15577547,-0.13302092,-0.1051107,-0.14014931,-0.15141064,-0.15839578,-0.15615125,-0.14613561,-0.15250757,-0.12319561,-0.12803742,-0.15247005,-0.15580642,-0.15580593,-0.15580593,-0.15580645,-0.38518023,-0.11451449,-0.15247795,-0.15564899,-0.14443555,-0.16636807,-0.152513,-0.15572539,-0.12993515,-0.047159404,-0.14634612,-0.14016809,-0.14106366,-0.15236357,-0.19987361,-0.1649412,-0.17166539,-0.15249015,-0.15576297,-0.12722544,-0.14610182,-0.2588673,-0.1278264,-0.15238687,-0.09132757,-0.12832497,-0.13684332,-0.16221203,-0.15659244,-0.12720871,-0.15225157,-0.15570892,-0.1557594,-0.15579408,-0.15740095,-0.19795567,-0.15106063,-0.07294749,-0.2039893,-0.15247865,-0.15575796,-0.104459345,-0.15211084,-0.17466888,-0.13176009,-0.15248638,-0.15109587,-0.10913184,-0.15231654,-0.05825615,-0.14326635,-0.17082691,-0.152423,-0.18883844,-0.15251902,2.0208519,-0.15250884,-0.16808087,-0.14331596,-0.15251108,-0.15580285,-0.25088155,-0.1525194,-0.22115314,-0.07562123,-0.086852394,-0.10702289,-0.060967896,-0.14558622,-0.16796505,-0.15746465,-0.22133875,-0.12812386,-0.0969081,-0.16398169,-0.12716047,-0.11335766,-0.18846886,-0.12803018,-0.17755464,-0.0994983,-0.115196005,-0.15242425,-0.11662802,-0.19749595,-0.14526704,-0.12781724,-0.096878245,-0.15242457,-0.15560156,-0.12434345,-0.11230643,-0.063823454,-0.15235192,-0.11419349,-0.10007019,-0.24483351,-0.15251994,-0.15579411,-0.16344379,-0.1759062,-0.12524253,-0.15250477,-0.0782174,-0.19187105,-0.18185812,-0.09859173,-0.11065883,-0.15216786,-0.15547092,-0.083404,-0.1213824,-0.13072303,-0.13855581,-0.19385117,-0.15248126,-0.15579963,-0.19487974,-0.23847799,-0.2432746,-0.1276779,-0.15230712,-0.15576985,-0.14520228,-0.2961179,-0.1525192,-0.19813283,-0.12792835,-0.1524527,-0.060104962,-0.15931924,-0.15251733,-0.2028091,-0.2868003,-0.11816878,-0.14795661,-0.10060286,-0.15235561,-0.13614628,-0.20725825,-0.17393659,-0.125103,-0.15657571,-0.15690626,-0.15251589,-0.15580213,-0.16221246,-0.22200036,-0.12810513,-0.2814266,-0.15252036,-0.1915083,-0.24371436,-0.16952515,-0.15242946,-0.13369927,-0.12557748,-0.15251262,-0.18106565,-0.15252012,-0.18642783,-0.15246108,-0.30462334,-0.15240403,-0.14691104,-0.13029914,-0.15250665,-0.15578932,-0.18915205,-0.12802239,-0.15251186,-0.10481856,-0.1650517,-0.15250954,-0.15580425,-0.15577358,-0.1275819,-0.15241086,-0.15576886,-0.15575944,-0.15577142,-0.15578002,-0.16505513,-0.17392421,-0.15250483,-0.15579677,-0.15578622,-0.1557973,-0.2025511,-0.15354379,-0.14723541,-0.15146482,-0.11499533,-0.10471026,-0.11893196,-0.15250865,-0.15572295,-0.12798089,-0.19501048,-0.15251678,-0.18738703,-0.11705899,-0.17429145,-0.15250662,-0.06652963,-0.15225375,-0.10737923,-0.124497145,-0.15298569,-0.052188452,-0.26007295
k__Bacteria|p__Firmicutes|c__Clostridia|o__Clostridia_unclassified|f__Clostridia_unclassified|g__Clostridia_unclassified|s__Clostridia_bacterium_UC5_1_1D1,-0.1004395,-0.12316422,-0.15311411,-0.1563693,-0.15636954,-0.23867357,-0.1666669,-0.16813041,-0.10929718,-0.22895765,-0.23728925,-0.15311834,-0.22850217,-0.3768707,-0.08556121,-0.1527576,-0.058144663,-0.15263669,-0.15631424,-0.19931981,-0.1978925,-0.12877169,-0.15308687,-0.12711628,-0.20043859,-0.11658599,-0.182019,-0.25032333,-0.1509206,-0.15309153,-0.15142563,-0.10844302,-0.18249588,-0.28454733,-0.15310687,-0.1289375,-0.15311621,-0.22338755,-0.15311867,-0.29867563,-0.15311873,-0.29356226,-0.12832879,-0.15298857,-0.13691942,-0.15311375,-0.23188588,-0.24781659,-0.1296162,-0.12894292,-0.24679694,-0.18279888,-0.25087595,-0.26027086,-0.28621647,-0.27511892,-0.11894142,-0.15304142,-0.040142577,-0.056944285,-0.15247802,-0.11274739,-0.13743341,-0.12884279,-0.15309955,-0.15636536,-0.15636936,-0.15636992,2.2080452,-0.15308467,-0.12884325,-0.16243835,-0.12334165,-0.14074792,-0.15308824,-0.15887658,-0.14481027,-0.1289237,-0.18691605,-0.14998752,-0.15310797,-0.1563505,-0.15636057,-0.15630443,-0.120334074,-0.13700745,-0.08858878,-0.15310267,-0.19008024,-0.1531126,-0.2004665,-0.11139822,-0.1388583,-0.13027036,-0.1074974,-0.15152657,-0.15302688,-0.15611014,-0.10065024,-0.08152827,-0.09427856,-0.15307082,-0.11960925,-0.15027548,-0.16982608,-0.1185138,-0.15308607,-0.15636393,-0.17738779,-0.15176103,-0.15311517,-0.25953975,-0.17989698,-0.13525523,-0.15311265,-0.15095688,-0.17780018,-0.2009549,-0.15309554,-0.09015879,-0.15285096,-0.12151222,-0.121854745,-0.13997786,-0.21433522,-0.13908121,-0.16057305,-0.15304917,-0.07092635,-0.15255743,-0.15569228,-0.18733518,-0.1528919,-0.12883395,-0.12334781,-0.14100276,-0.15307672,-0.114095174,-0.25318068,-0.26654312,-0.1281772,-0.10945694,-0.15306875,-0.09238048,-0.20963459,-0.15311286,-0.15629792,-0.12840796,-0.15305007,-0.16015086,-0.1553517,-0.15311673,-0.19704957,-0.20616047,-0.12791313,-0.10460003,-0.11361031,-0.10256614,-0.15311009,-0.19495486,-0.15308952,-0.12835017,-0.152974,-0.041086134,-0.12967405,-0.15311566,-0.2300741,-0.15309745,-0.10384405,-0.15186423,-0.0784167,-0.15299088,-0.12766197,-0.15300785,-0.121451,-0.075820275,-0.09192432,-0.101488546,-0.15288095,-0.15628576,-0.12378413,-0.15298179,-0.1410757,-0.13984437,-0.18093297,-0.15311778,-0.25777104,-0.12844054,-0.15304011,-0.13462572,-0.119081676,-0.15309177,-0.15636581,-0.15636724,-0.15636823,-0.19755594,-0.25103784,-0.20219928,-0.19465852,-0.24831252,-0.20506537,-0.22091979,-0.1531049,-0.12858851,-0.11956477,-0.15310027,-0.1563626,-0.20931396,-0.18224281,-0.15309325,-0.32474133,-0.1531161,-0.15637055,-0.1563696,-0.15636925,-0.2185038,-0.15309265,-0.114121355,-0.15309489,-0.15635747,-0.1563628,-0.22984435,-0.15311056,-0.1563483,-0.08963354,-0.15302229,-0.15632743,-0.15634331,-0.15634412,-0.13302092,-0.1051107,-0.14014931,-0.15141064,-0.15839578,-0.15615125,-0.14613561,-0.15310736,-0.12319561,-0.12889993,-0.1530766,-0.15637039,-0.15636998,-0.15636998,-0.1563704,0.5314342,-0.11451449,-0.15308273,-0.15564899,-0.14443555,-0.16636807,-0.15311211,-0.15630482,-0.12993515,-0.047159404,-0.14801872,-0.14016809,-0.14106366,-0.15298708,-0.19987361,-0.1649412,-0.17166539,-0.15309279,-0.15633337,-0.12722544,-0.14610182,-0.2588673,-0.12872757,-0.15300596,-0.09132757,-0.12832497,-0.13684332,-0.16221203,-0.15659244,-0.12823136,-0.1528942,-0.15628847,-0.15633073,-0.15636,-0.15740095,-0.19795567,-0.15106063,-0.07294749,-0.2039893,-0.15308353,-0.15632929,-0.104459345,-0.15281475,-0.17466888,-0.13176009,-0.15308934,-0.15109587,-0.10913184,-0.15294799,-0.05825615,-0.14326635,-0.17082691,-0.1530369,-0.18883844,-0.15311712,3.2236686,-0.1531089,-0.16808087,-0.14331596,-0.15311044,-0.15636745,-0.25088155,-0.15311745,-0.22115314,-0.07562123,-0.086852394,-0.10702289,-0.060967896,-0.14738399,-0.16796505,-0.15746465,-0.22133875,-0.12812386,-0.0969081,-0.16398169,-0.12716047,-0.11335766,-0.18846886,-0.12889396,-0.17755464,-0.0994983,-0.115196005,-0.15303776,-0.11662802,-0.19749595,-0.14526704,-0.12781724,-0.096878245,-0.15303707,-0.1561983,-0.12434345,-0.11230643,-0.063823454,-0.15297674,-0.11419349,-0.10007019,-0.24483351,-0.1531179,-0.15636054,-0.16344379,-0.1759062,-0.12524253,-0.15310505,-0.0782174,-0.19187105,-0.18185812,-0.09859173,-0.11065883,-0.15282099,-0.15608822,-0.083404,-0.1213824,-0.13072303,-0.13855581,-0.19385117,-0.1530858,-0.15636468,-0.19487974,-0.23847799,-0.2432746,-0.12860647,-0.15293923,-0.15633987,-0.14520228,-0.2961179,-0.15311724,-0.19813283,-0.12881134,-0.1530619,-0.060104962,-0.15931924,-0.15311572,-0.2028091,-0.2868003,-0.11816878,-0.14795661,-0.10060286,-0.15298101,-0.13614628,-0.20725825,-0.17393659,-0.125103,-0.15657571,-0.15690626,-0.1531145,-0.15636678,-0.16221246,-0.22200036,-0.1289561,-0.2814266,-0.15311824,-0.1915083,-0.24371436,-0.16952515,-0.15304548,-0.13369927,-0.12557748,-0.15311179,-0.18106565,-0.15311801,-0.18642783,-0.15307036,-0.30462334,-0.15302178,-0.14691104,-0.13029914,-0.15310673,-0.15635599,-0.18915205,-0.12888686,-0.15311107,-0.10481856,-0.1650517,-0.15310928,-0.15636858,-0.15634425,-0.12853691,-0.15302595,-0.15633926,-0.15633115,-0.15634131,-0.15634826,-0.16505513,-0.17392421,-0.15310532,-0.15636225,-0.15635347,-0.15636271,-0.2025511,-0.15354379,-0.14723541,-0.15224779,-0.11499533,-0.10471026,-0.11893196,-0.15310842,-0.15630281,-0.12885103,-0.19501048,-0.1531153,-0.18738703,-0.11705899,-0.17429145,-0.15310729,-0.06652963,-0.15289307,-0.10737923,-0.124497145,-0.15298569,-0.052188452,-0.26007295
k__Bacteria|p__Firmicutes|c__Clostridia|o__Eubacteriales|f__Lachnospiraceae|g__Eisenbergiella|s__Eisenbergiella_massiliensis,-0.1004395,-0.12316422,-0.15310651,-0.15637007,-0.15637033,-0.23867357,-0.1666669,-0.16813041,-0.10929718,-0.22895765,-0.23728925,-0.15311076,-0.22850217,-0.3768707,-0.08556121,-0.15275657,-0.058144663,-0.15263635,-0.15631515,-0.19931981,-0.1978925,-0.12870513,-0.15307947,-0.12711628,-0.20043859,-0.11658599,-0.182019,-0.25032333,-0.1509206,-0.15308392,-0.15142563,-0.10844302,-0.18249588,-0.28454733,-0.15309916,-0.12886807,-0.15310863,-0.22338755,-0.15311107,-0.29867563,-0.15311113,-0.29356226,-0.12827359,-0.15298066,-0.13691942,-0.15310618,-0.23188588,-0.24781659,-0.1296162,-0.12887332,-0.24679694,-0.18279888,-0.25087595,-0.26027086,-0.28621647,-0.27511892,-0.11894142,-0.15303424,-0.040142577,-0.056944285,-0.15247059,-0.11274739,-0.13743341,-0.12877348,-0.15309191,-0.15636617,-0.15637013,-0.1563707,-0.27573854,-0.15307638,-0.12877521,-0.16243835,-0.12334165,-0.14074792,-0.15308082,-0.15887658,-0.14481027,-0.12885463,-0.18691605,-0.14998752,-0.15310042,-0.15635134,-0.15636131,-0.15630457,-0.120334074,-0.13700745,-0.08858878,-0.15309516,-0.19008024,-0.15310504,-0.2004665,-0.11139822,-0.1388583,-0.13027036,-0.1074974,-0.15152657,-0.15301979,-0.15610865,-0.10065024,-0.08152827,-0.09427856,-0.15306352,-0.11960925,-0.15027548,-0.16982608,-0.1185138,-0.15307844,-0.15636474,-0.17738779,-0.15176103,-0.15310758,-0.25953975,-0.17989698,-0.13525523,-0.1531051,-0.15095688,-0.17780018,-0.2009549,-0.1530874,-0.09015879,-0.15284587,-0.12151222,-0.121854745,-0.13997786,-0.21433522,-0.13908121,-0.16057305,-0.15304208,-0.07092635,-0.15255508,-0.15568972,-0.18733518,-0.15288271,-0.12876453,-0.12334781,-0.14100276,-0.15306935,-0.114095174,-0.25318068,-0.26654312,-0.12812755,-0.10945694,-0.1530615,-0.09238048,-0.20963459,-0.15310529,-0.156297,-0.1283539,-0.15304273,-0.16015086,-0.1553517,-0.15310913,-0.19704957,-0.20616047,-0.12787104,-0.10460003,-0.11361031,-0.10256614,-0.15310258,-0.19495486,-0.1530818,-0.12828983,-0.15296806,-0.041086134,-0.12967405,-0.15310803,-0.2300741,-0.15308955,-0.10384405,-0.1518718,-0.0784167,-0.15298386,-0.12766197,-0.15300092,-0.121451,-0.075820275,-0.09192432,-0.101488546,-0.15287471,-0.15628722,-0.12378413,-0.1529761,-0.1410757,-0.13984437,-0.18093297,-0.1531102,-0.25777104,-0.12844054,-0.15303163,-0.13462572,-0.119081676,-0.15308443,-0.15636659,-0.15636802,-0.156369,-0.19755594,-0.25103784,-0.20219928,-0.19465852,-0.24831252,-0.20506537,-0.22091979,-0.15309717,-0.12852634,-0.11956477,-0.15309283,-0.1563634,-0.20931396,-0.18224281,-0.15308551,-0.32474133,-0.15310854,-0.1563713,-0.15637036,-0.15637003,-0.2185038,-0.15308478,-0.114121355,-0.1530872,-0.15635812,-0.15636359,-0.22984435,-0.15310305,-0.15634853,-0.08963354,-0.1530149,-0.15632856,-0.15634407,-0.15634514,-0.13302092,-0.1051107,-0.14014931,-0.15141064,-0.15839578,-0.15615125,-0.14613561,-0.1530999,-0.12319561,-0.12883066,-0.1530689,-0.15637115,-0.15637076,-0.15637074,-0.15637119,4.5738525,-0.11451449,-0.15307525,-0.15564899,-0.14443555,-0.16636807,-0.15310451,-0.15630469,-0.12993515,-0.047159404,-0.14799562,-0.14016809,-0.14106366,-0.15297982,-0.19987361,-0.1649412,-0.17166539,-0.15308535,-0.15633458,-0.12722544,-0.14610182,-0.2588673,-0.12866467,-0.15299916,-0.09132757,-0.12832497,-0.13684332,-0.16221203,-0.15659244,-0.12817875,-0.1528872,-0.15628965,-0.15633178,-0.15636083,-0.15740095,-0.19795567,-0.15106063,-0.07294749,-0.2039893,-0.15307593,-0.15633044,-0.104459345,-0.15278845,-0.17466888,-0.13176009,-0.15308204,-0.15109587,-0.10913184,-0.15294115,-0.05825615,-0.14326635,-0.17082691,-0.15302944,-0.18883844,-0.15310952,-0.31316653,-0.15310115,-0.16808087,-0.14331596,-0.15310287,-0.1563682,-0.25088155,-0.15310985,-0.22115314,-0.07562123,1.4985412,2.1698036,-0.060967896,-0.14735883,-0.16796505,-0.15746465,-0.22133875,-0.12812386,-0.0969081,-0.16398169,-0.12716047,-0.11335766,-0.18846886,-0.12882508,-0.17755464,-0.0994983,-0.115196005,-0.15303046,-0.11662802,-0.19749595,-0.14526704,-0.12781724,-0.096878245,-0.15303025,-0.15620002,-0.12434345,-0.11230643,-0.063823454,-0.15297009,-0.11419349,-0.10007019,-0.24483351,-0.1531103,-0.15636113,-0.16344379,-0.1759062,-0.12524253,-0.15309756,-0.0782174,-0.19187105,-0.18185812,-0.09859173,-0.11065883,-0.15281582,-0.15609092,-0.083404,-0.1213824,-0.13072303,-0.13855581,-0.19385117,-0.15307815,-0.15636547,-0.19487974,3.5023825,2.633602,-0.12854305,-0.15293258,-0.15634069,-0.14520228,-0.2961179,-0.15310965,-0.19813283,-0.12874387,-0.15305436,-0.060104962,-0.15931924,-0.15310812,-0.2028091,-0.2868003,-0.11816878,-0.14795661,-0.10060286,-0.15297353,-0.13614628,-0.20725825,-0.17393659,-0.125103,-0.15657571,-0.15690626,-0.1531069,-0.15636757,-0.16221246,-0.22200036,-0.1288864,-0.2814266,-0.15311065,-0.1915083,-0.24371436,-0.16952515,-0.1530365,-0.13369927,-0.12557748,-0.15310419,-0.18106565,-0.15311043,-0.18642783,-0.15306209,-0.30462334,-0.15301399,-0.14691104,-0.13029914,-0.15309918,-0.15635684,-0.18915205,-0.12881821,-0.15310353,-0.10481856,-0.1650517,-0.15310165,-0.15636933,-0.15634447,-0.1284757,-0.15301903,-0.15633994,-0.15633196,-0.15634204,-0.1563491,-0.16505513,-0.17392421,-0.15309772,-0.15636307,-0.1563543,-0.15636352,-0.2025511,-0.15354379,-0.14723541,-0.15223613,-0.11499533,-0.10471026,-0.11893196,-0.15310088,-0.15630311,-0.1287837,-0.19501048,-0.15310767,-0.18738703,-0.11705899,-0.17429145,-0.15309954,-0.06652963,-0.15288806,-0.10737923,-0.124497145,-0.15298569,-0.052188452,-0.26007295
k__Bacteria|p__Firmicutes|c__Clostridia|o__Eubacteriales|f__Lachnospiraceae|g__Anaerostipes|s__Anaerostipes_hominis,-0.1004395,-0.12316422,-0.1516642,-0.15485075,-0.15485105,-0.23867357,-0.1666669,-0.16813041,-0.10929718,-0.22895765,-0.23728925,-0.151669,-0.22850217,-0.3768707,-0.08556121,-0.15126175,-0.058144663,-0.15112177,-0.15478843,-0.19931981,-0.1978925,-0.12780824,-0.1516333,-0.12711628,-0.20043859,-0.11658599,-0.182019,-0.25032333,-0.1509206,-0.15163873,-0.15142563,-0.10844302,-0.18249588,2.1916587,-0.1516561,-0.12799726,-0.15166655,-0.22338755,-0.15166935,-0.29867563,-0.15166943,-0.29356226,-0.12730727,-0.15152273,-0.13691942,-0.15166377,-0.23188588,-0.24781659,-0.1296162,-0.1280036,-0.24679694,-0.18279888,-0.25087595,-0.26027086,-0.28621647,4.5496893,-0.11894142,-0.15158173,-0.040142577,-0.056944285,-0.15094607,-0.11274739,-0.13743341,-0.1278891,-0.15164778,-0.15484628,-0.15485083,-0.15485147,-0.27573854,-0.15163063,-0.12789066,-0.16243835,-0.12334165,-0.14074792,-0.15163487,-0.15887658,-0.14481027,-0.12798181,-0.18691605,-0.14998752,-0.15165721,-0.15482946,-0.15484092,-0.15477827,-0.120334074,-0.13700745,-0.08858878,-0.1516512,-0.19008024,-0.15166247,-0.2004665,-0.11139822,-0.1388583,-0.13027036,-0.1074974,-0.15152657,-0.1515651,-0.15455651,-0.10065024,-0.08152827,-0.09427856,-0.15161501,-0.11960925,-0.15027548,-0.16982608,-0.1185138,-0.15163252,-0.15484467,-0.17738779,-0.15176103,-0.15166539,-0.25953975,-0.17989698,-0.13525523,-0.15166253,-0.15095688,-0.17780018,-0.2009549,-0.15164344,-0.09015879,-0.15136524,-0.12151222,-0.121854745,-0.13997786,-0.21433522,-0.13908121,-0.16057305,-0.15159038,-0.07092635,-0.15103474,-0.15408982,-0.18733518,-0.15141566,-0.12787901,-0.12334781,-0.14100276,-0.15162176,-0.114095174,-0.25318068,-0.26654312,-0.12712842,-0.10945694,-0.15161267,-0.09238048,-0.20963459,-0.15166274,-0.15477058,-0.1273953,-0.15159178,-0.16015086,-0.1553517,-0.15166716,-0.19704957,-0.20616047,-0.12683544,-0.10460003,-0.11361031,-0.10256614,-0.15165961,-0.19495486,-0.15163638,-0.12732066,-0.15150529,-0.041086134,-0.12967405,-0.15166597,-0.2300741,-0.15164539,-0.10384405,-0.15025017,-0.0784167,-0.15152451,-0.12766197,-0.15154359,-0.121451,-0.075820275,-0.09192432,-0.101488546,-0.1513995,-0.15475583,-0.12378413,-0.15151751,-0.1410757,-0.13984437,-0.18093297,-0.15166835,-0.25777104,-0.12844054,-0.15158014,-0.13462572,-0.119081676,-0.15163875,-0.15484679,-0.15484843,-0.15484953,-0.19755594,-0.25103784,-0.20219928,-0.19465852,-0.24831252,-0.20506537,-0.22091979,-0.15165384,-0.12759878,-0.11956477,-0.15164846,-0.15484318,-0.20931396,-0.18224281,-0.15164074,-0.32474133,-0.15166645,-0.15485215,-0.15485108,-0.15485069,-0.2185038,-0.15164003,-0.114121355,-0.1516425,-0.15483752,-0.15484342,-0.22984435,-0.15166014,-0.15482695,-0.08963354,-0.15156019,-0.15480307,-0.1548214,-0.15482208,-0.13302092,-0.1051107,-0.14014931,-0.15141064,-0.15839578,-0.15615125,-0.14613561,-0.15165648,-0.12319561,-0.1279546,-0.15162197,-0.15485197,-0.15485153,-0.15485153,-0.15485203,-0.38518023,-0.11451449,-0.15162867,-0.15564899,-0.14443555,-0.16636807,-0.15166196,-0.15477842,-0.12993515,-0.047159404,-0.14593522,-0.14016809,-0.14106366,-0.15152049,-0.19987361,-0.1649412,-0.17166539,-0.15163998,-0.1548098,-0.12722544,-0.14610182,-0.2588673,-0.1277579,-0.15154132,-0.09132757,-0.12832497,-0.13684332,-0.16221203,-0.15659244,-0.12718643,-0.15141535,-0.15475899,-0.15480696,-0.1548402,-0.15740095,-0.19795567,-0.15106063,-0.07294749,-0.2039893,-0.15162967,-0.1548051,-0.104459345,-0.15130794,-0.17466888,-0.13176009,-0.15163594,-0.15109587,-0.10913184,-0.15147571,-0.05825615,-0.14326635,-0.17082691,-0.15157686,-0.18883844,-0.15166761,-0.31316653,-0.15165839,-0.16808087,-0.14331596,-0.15166003,-0.15484866,-0.25088155,-0.15166798,-0.22115314,-0.07562123,-0.086852394,-0.10702289,-0.060967896,-0.14521189,-0.16796505,-0.15746465,-0.22133875,-0.12812386,-0.0969081,-0.16398169,-0.12716047,-0.11335766,-0.18846886,-0.12794761,-0.17755464,-0.0994983,-0.115196005,-0.15157774,-0.11662802,-0.19749595,-0.14526704,-0.12781724,-0.096878245,-0.15157649,-0.15465653,-0.12434345,-0.11230643,-0.063823454,-0.15150833,-0.11419349,-0.10007019,-0.24483351,-0.15166846,-0.15484098,2.802631,1.2284716,2.1352284,-0.1516539,-0.0782174,3.5862627,1.9761411,-0.09859173,-0.11065883,-0.15133138,-0.15453202,-0.083404,-0.1213824,-0.13072303,-0.13855581,-0.19385117,-0.15163226,-0.1548455,-0.19487974,-0.23847799,-0.2432746,-0.127616,-0.1514658,-0.15481749,-0.14520228,-0.2961179,-0.15166774,-0.19813283,-0.12785333,-0.15160516,-0.060104962,-0.15931924,-0.15166605,-0.2028091,-0.2868003,-0.11816878,-0.14795661,-0.10060286,-0.15151376,-0.13614628,-0.20725825,-0.17393659,-0.125103,-0.15657571,-0.15690626,-0.15166464,-0.15484789,-0.16221246,-0.22200036,-0.12801857,-0.2814266,-0.15166888,-0.1915083,-0.24371436,-0.16952515,-0.1515868,-0.13369927,-0.12557748,-0.15166157,-0.18106565,-0.15166862,-0.18642783,-0.15161519,-0.30462334,-0.15156013,-0.14691104,-0.13029914,-0.15165585,-0.15483561,-0.18915205,-0.1279396,-0.15166076,-0.10481856,-0.1650517,-0.15165876,-0.15484992,-0.15482263,-0.12753144,-0.15156406,-0.15481685,-0.15480755,-0.15481919,-0.15482682,-0.16505513,-0.17392421,-0.15165427,-0.15484275,-0.15483285,-0.15484327,-0.2025511,-0.15354379,-0.14723541,-0.15068969,-0.11499533,-0.10471026,-0.11893196,-0.15165776,-0.15477622,-0.12789872,-0.19501048,-0.15166557,-0.18738703,-0.11705899,-0.17429145,-0.15165657,-0.06652963,-0.1514135,-0.10737923,-0.124497145,-0.15298569,-0.052188452,2.4330802
k__Bacteria|p__Firmicutes|c__Clostridia|o__Eubacteriales|f__Peptococcaceae|g__Peptococcus|s__Peptococcus_niger,-0.1004395,-0.12316422,-0.1524874,-0.15581444,-0.15581462,-0.23867357,-0.1666669,-0.16813041,-0.10929718,-0.22895765,-0.23728925,-0.15249126,-0.22850217,-0.3768707,-0.08556121,-0.15216969,-0.058144663,-0.15207173,-0.15576465,-0.19931981,-0.1978925,-0.12762965,-0.15246332,-0.12711628,-0.20043859,-0.11658599,-0.182019,-0.25032333,-0.1509206,-0.15246683,-0.15142563,-0.10844302,-0.18249588,-0.28454733,-0.15248063,-0.12777856,-0.15248935,-0.22338755,-0.15249154,-0.29867563,-0.1524916,-0.29356226,-0.12721533,-0.15237147,-0.13691942,-0.15248723,-0.23188588,-0.24781659,-0.1296162,-0.12778276,0.5272783,-0.18279888,-0.25087595,-0.26027086,-0.28621647,1.8260268,-0.11894142,-0.15242246,-0.040142577,-0.056944285,-0.15190336,-0.11274739,-0.13743341,-0.12769054,-0.15247387,-0.15581092,-0.15581444,-0.15581498,-0.27573854,-0.15245986,-0.12769145,-0.16243835,-0.12334165,-0.14074792,-0.15246436,-0.15887658,-0.14481027,-0.12776627,-0.18691605,-0.14998752,-0.15248199,-0.15579751,-0.15580627,-0.15575433,-0.120334074,-0.13700745,-0.08858878,-0.1524773,-0.19008024,-0.15248615,-0.2004665,-0.11139822,-0.1388583,-0.13027036,-0.1074974,-0.15152657,-0.15240976,-0.15557131,-0.10065024,-0.08152827,-0.09427856,-0.15244925,-0.11960925,-0.15027548,-0.16982608,-0.1185138,-0.15246184,-0.15580964,-0.17738779,-0.15176103,-0.15248837,-0.25953975,-0.17989698,-0.13525523,-0.1524862,-0.15095688,-0.17780018,-0.2009549,-0.15246932,-0.09015879,-0.15225524,-0.12151222,-0.121854745,-0.13997786,-0.21433522,-0.13908121,-0.16057305,-0.15243012,-0.07092635,-0.15198809,-0.15517631,-0.18733518,-0.15227503,-0.12767553,-0.12334781,-0.14100276,-0.15245414,-0.114095174,-0.25318068,-0.26654312,-0.1270749,-0.10945694,-0.15244731,-0.09238048,-0.20963459,-0.15248637,-0.15574753,-0.12728027,-0.15242957,-0.16015086,-0.1553517,-0.1524898,-0.19704957,-0.20616047,-0.12681846,-0.10460003,-0.11361031,-0.10256614,-0.15248403,-0.19495486,-0.15246564,-0.12722158,-0.15236422,-0.041086134,-0.12967405,-0.15248871,-0.2300741,-0.15247276,-0.10384405,-0.15136981,-0.0784167,-0.15237698,-0.12766197,-0.1523926,-0.121451,-0.075820275,-0.09192432,-0.101488546,-0.15227856,-0.15574059,-0.12378413,-0.15236372,-0.1410757,-0.13984437,-0.18093297,-0.15249076,-0.25777104,-0.12844054,-0.15242071,-0.13462572,-0.119081676,-0.15246803,-0.15581125,-0.15581256,-0.15581343,-0.19755594,-0.25103784,-0.20219928,-0.19465852,-0.24831252,-0.20506537,4.6687984,-0.15247884,-0.12744534,-0.11956477,-0.15247536,-0.15580836,-0.20931396,-0.18224281,-0.15246789,-0.32474133,-0.15248929,-0.15581554,-0.15581468,-0.15581438,-0.2185038,-0.15246776,-0.114121355,-0.15246955,-0.15580305,-0.1558086,-0.22984435,-0.15248448,-0.1557945,-0.08963354,-0.15240438,-0.15577778,-0.15579054,-0.15579244,-0.13302092,-0.1051107,-0.14014931,-0.15141064,-0.15839578,-0.15615125,-0.14613561,-0.15248173,-0.12319561,-0.1277442,-0.15245236,-0.1558154,-0.155815,-0.155815,-0.15581542,-0.38518023,-0.11451449,-0.15245911,-0.15564899,-0.14443555,-0.16636807,-0.15248549,-0.1557534,-0.12993515,-0.047159404,-0.14771345,-0.14016809,-0.14106366,-0.1523722,-0.19987361,-0.1649412,-0.17166539,-0.15246853,-0.15578333,-0.12722544,-0.14610182,-0.2588673,-0.12758876,-0.15239134,-0.09132757,-0.12832497,-0.13684332,-0.16221203,-0.15659244,-0.12712285,-0.1522879,-0.15574229,-0.15578035,-0.15580618,-0.15740095,-0.19795567,-0.15106063,-0.07294749,-0.2039893,-0.15245926,-0.15577969,-0.104459345,-0.15219295,-0.17466888,-0.13176009,-0.15246606,-0.15109587,-0.10913184,-0.15233809,-0.05825615,-0.14326635,-0.17082691,-0.15241718,-0.18883844,-0.1524901,-0.31316653,-0.15248215,-0.16808087,-0.14331596,-0.15248418,-0.15581262,-0.25088155,-0.15249039,-0.22115314,-0.07562123,-0.086852394,-0.10702289,-0.060967896,-0.14714101,-0.16796505,-0.15746465,-0.22133875,-0.12812386,-0.0969081,-0.16398169,-0.12716047,-0.11335766,-0.18846886,-0.12773933,-0.17755464,-0.0994983,-0.115196005,-0.15241857,-0.11662802,-0.19749595,-0.14526704,-0.12781724,-0.096878245,-0.1524202,-0.15566206,-0.12434345,-0.11230643,-0.063823454,-0.15236479,-0.11419349,-0.10007019,-0.24483351,-0.15249085,-0.15580648,-0.16344379,-0.1759062,-0.12524253,-0.15247951,-0.0782174,-0.19187105,-0.18185812,-0.09859173,-0.11065883,-0.15222745,-0.15556358,-0.083404,-0.1213824,-0.13072303,-0.13855581,-0.19385117,-0.15246126,-0.15581033,-0.19487974,-0.23847799,-0.2432746,-0.12748514,-0.15233083,-0.15578765,-0.14520228,-0.2961179,-0.15249027,-0.19813283,-0.12766431,-0.15243983,-0.060104962,-0.15931924,-0.15248884,-0.2028091,-0.2868003,-0.11816878,-0.14795661,-0.10060286,-0.15236595,-0.13614628,-0.20725825,-0.17393659,-0.125103,-0.15657571,-0.15690626,-0.15248774,-0.1558122,-0.16221246,-0.22200036,-0.12779458,0.8407977,-0.15249115,-0.1915083,-0.24371436,-0.16952515,-0.15242404,-0.13369927,-0.12557748,-0.15248528,-0.18106565,-0.15249097,-0.18642783,-0.15244591,-0.30462334,-0.15240172,-0.14691104,-0.13029914,-0.15248081,-0.15580262,-0.18915205,-0.12773454,-0.15248483,-0.10481856,-0.1650517,-0.15248281,-0.15581372,-0.15579155,-0.12742417,-0.15240927,-0.15578663,-0.15577975,-0.15578866,-0.1557957,-0.16505513,-0.17392421,-0.15247932,-0.15580815,-0.15580007,-0.15580857,-0.2025511,-0.15354379,-0.14723541,-0.15167336,-0.11499533,-0.10471026,-0.11893196,-0.15248233,-0.1557532,-0.12770313,-0.19501048,-0.15248838,-0.18738703,-0.11705899,-0.17429145,-0.15248182,-0.06652963,-0.1522921,-0.10737923,-0.124497145,-0.15298569,-0.052188452,-0.26007295
k__Bacteria|p__Firmicutes|c__Bacilli|o__Lactobacillales|f__Lactobacillaceae|g__Lactobacillus|s__Lactobacillus_acidophilus,-0.1004395,-0.12316422,-0.15233323,-0.15561998,-0.15562019,-0.23867357,-0.1666669,-0.16813041,-0.10929718,-0.22895765,-0.23728925,-0.15233748,-0.22850217,-0.3768707,-0.08556121,-0.15198366,-0.058144663,-0.15187317,-0.15556523,-0.19931981,-0.1978925,-0.12775299,-0.15230653,-0.12711628,-0.20043859,-0.11658599,-0.182019,-0.25032333,-0.1509206,-0.15231052,-0.15142563,-0.10844302,-0.18249588,-0.28454733,-0.15232542,-0.12792301,-0.15233538,-0.22338755,-0.15233779,-0.29867563,-0.15233785,-0.29356226,-0.12730427,-0.15220617,-0.13691942,-0.15233299,-0.23188588,-0.24781659,-0.1296162,-0.12792808,-0.24679694,-0.18279888,-0.25087595,-0.26027086,-0.28621647,-0.27511892,-0.11894142,-0.1522615,-0.040142577,-0.056944285,-0.15169558,-0.11274739,-0.13743341,-0.1278222,-0.15231848,-0.1556161,-0.15562001,-0.15562057,-0.27573854,-0.15230128,-0.12782617,-0.16243835,-0.12334165,-0.14074792,-0.15230787,-0.15887658,-0.14481027,-0.12790933,-0.18691605,-0.14998752,-0.15232725,-0.15560135,-0.1556111,-0.15554976,-0.120334074,-0.13700745,-0.08858878,-0.15232205,-0.19008024,-0.15233183,2.5936387,-0.11139822,-0.1388583,-0.13027036,-0.1074974,-0.15152657,-0.15224744,-0.15533206,-0.10065024,-0.08152827,-0.09427856,-0.15229085,-0.11960925,-0.15027548,-0.16982608,-0.1185138,-0.15230504,-0.15561467,-0.17738779,-0.15176103,-0.1523343,-0.25953975,-0.17989698,-0.13525523,-0.15233189,-0.15095688,-0.17780018,-0.2009549,-0.15231255,-0.09015879,-0.15207654,-0.12151222,-0.121854745,-0.13997786,-0.21433522,-0.13908121,-0.16057305,-0.15226968,-0.07092635,-0.15178397,-0.15492795,-0.18733518,-0.15210122,-0.12781,-0.12334781,-0.14100276,-0.15229651,-0.114095174,-0.25318068,-0.26654312,-0.12710565,-0.10945694,-0.15228891,-0.09238048,-0.20963459,-0.1523321,-0.15554363,-0.12736437,-0.15226954,-0.16015086,-0.1553517,-0.15233588,-0.19704957,-0.20616047,-0.12685952,-0.10460003,-0.11361031,-0.10256614,-0.15232947,2.660788,-0.15230753,-0.12728155,-0.1521967,-0.041086134,-0.12967405,-0.15233472,-0.2300741,-0.15231553,-0.10384405,-0.1510941,-0.0784167,-0.152211,-0.12766197,-0.15222862,-0.121451,-0.075820275,-0.09192432,-0.101488546,-0.1521026,-0.15553829,-0.12378413,-0.15219373,-0.1410757,-0.13984437,-0.18093297,-0.15233693,-0.25777104,-0.12844054,-0.15225527,-0.13462572,-0.119081676,-0.15231173,-0.1556165,-0.15561792,-0.15561889,-0.19755594,-0.25103784,-0.20219928,-0.19465852,-0.24831252,-0.20506537,-0.22091979,-0.15232348,-0.12754467,-0.11956477,-0.15231985,-0.1556133,-0.20931396,-0.18224281,-0.15231134,-0.32474133,-0.15233532,-0.1556212,-0.15562025,-0.15561992,-0.2185038,-0.15231058,-0.114121355,-0.15231371,-0.15560764,-0.15561351,-0.22984435,-0.15232995,-0.15559754,-0.08963354,-0.15224187,-0.15557934,-0.15559387,-0.1555956,-0.13302092,-0.1051107,-0.14014931,-0.15141064,-0.15839578,-0.15615125,-0.14613561,-0.1523269,-0.12319561,-0.12788504,-0.15229517,-0.15562102,-0.15562062,-0.15562063,-0.15562107,-0.38518023,-0.11451449,-0.15230215,-0.15564899,-0.14443555,-0.16636807,-0.1523312,-0.15555206,-0.12993515,-0.047159404,-0.14715484,-0.14016809,-0.14106366,-0.152207,-0.19987361,-0.1649412,-0.17166539,-0.15231237,-0.15558544,-0.12722544,-0.14610182,-0.2588673,-0.12770149,-0.15222684,-0.09132757,-0.12832497,-0.13684332,-0.16221203,-0.15659244,-0.127141,-0.15211314,-0.15554026,-0.15558222,-0.15561083,-0.15740095,-0.19795567,-0.15106063,-0.07294749,-0.2039893,-0.15230253,-0.15558122,-0.104459345,-0.15196735,-0.17466888,-0.13176009,-0.15230948,-0.15109587,-0.10913184,-0.15216747,-0.05825615,-0.14326635,-0.17082691,-0.1522563,-0.18883844,-0.15233624,-0.31316653,-0.15232751,-0.16808087,-0.14331596,-0.15232968,-0.15561804,-0.25088155,-0.15233655,-0.22115314,-0.07562123,-0.086852394,-0.10702289,-0.060967896,-0.14652134,-0.16796505,-0.15746465,-0.22133875,-0.12812386,-0.0969081,-0.16398169,-0.12716047,-0.11335766,-0.18846886,-0.12787813,-0.17755464,-0.0994983,-0.115196005,-0.15225753,-0.11662802,-0.19749595,-0.14526704,-0.12781724,-0.096878245,-0.15225855,-0.15545121,-0.12434345,-0.11230643,-0.063823454,-0.15219758,-0.11419349,-0.10007019,-0.24483351,-0.15233701,-0.15561056,-0.16344379,-0.1759062,-0.12524253,-0.1523245,-0.0782174,-0.19187105,-0.18185812,-0.09859173,-0.11065883,-0.15204592,-0.1553432,-0.083404,-0.1213824,-0.13072303,-0.13855581,-0.19385117,-0.15230466,-0.1556154,-0.19487974,-0.23847799,-0.2432746,-0.12758286,-0.15216051,-0.1555906,-0.14520228,4.727853,-0.15233639,5.107424,-0.12779108,-0.15228094,-0.060104962,-0.15931924,-0.15233482,-0.2028091,-0.2868003,-0.11816878,-0.14795661,-0.10060286,-0.15219995,-0.13614628,-0.20725825,1.4472939,-0.125103,-0.15657571,-0.15690626,-0.15233362,-0.15561749,-0.16221246,-0.22200036,-0.12794116,-0.2814266,-0.15233737,-0.1915083,-0.24371436,-0.16952515,-0.15225948,-0.13369927,-0.12557748,-0.15233092,-0.18106565,-0.15233716,-0.18642783,-0.15228662,-0.30462334,-0.15223995,-0.14691104,-0.13029914,-0.15232599,-0.15560693,-0.18915205,-0.12787215,-0.15233034,-0.10481856,-0.1650517,-0.1523283,-0.15561922,-0.15559277,-0.12749055,-0.15224689,-0.15558961,-0.15558189,-0.15559182,-0.15559919,-0.16505513,-0.17392421,-0.15232441,-0.15561306,-0.15560424,-0.15561351,-0.2025511,-0.15354379,-0.14723541,-0.15145001,-0.11499533,-0.10471026,-0.11893196,-0.15232766,-0.15554985,-0.12783769,-0.19501048,-0.15233436,-0.18738703,-0.11705899,-0.17429145,-0.15232567,-0.06652963,-0.15211728,-0.10737923,-0.124497145,-0.15298569,-0.052188452,-0.26007295
k__Bacteria|p__Firmicutes|c__Bacilli|o__Bacillales|f__Staphylococcaceae|g__Staphylococcus|s__Staphylococcus_epidermidis,-0.1004395,-0.12316422,-0.15166181,-0.15494505,-0.15494537,-0.23867357,-0.1666669,-0.16813041,-0.10929718,-0.22895765,-0.23728925,-0.15166768,-0.22850217,-0.3768707,-0.08556121,-0.15118057,-0.058144663,-0.15101832,-0.15486942,-0.19931981,-0.1978925,-0.12705414,-0.15162471,-0.12711628,-0.20043859,-0.11658599,-0.182019,-0.25032333,-0.1509206,-0.15163064,-0.15142563,-0.10844302,-0.18249588,-0.28454733,-0.1516515,-0.12727846,-0.15166475,-0.22338755,-0.15166812,-0.29867563,-0.15166819,-0.29356226,-0.12645297,-0.15148771,1.0949796,-0.15166143,-0.23188588,-0.24781659,-0.1296162,-0.12728564,-0.24679694,-0.18279888,-0.25087595,-0.26027086,-0.28621647,-0.27511892,1.3787428,-0.15156257,-0.040142577,-0.056944285,-0.15078479,-0.11274739,-0.13743341,-0.12714833,-0.15164164,-0.15493967,-0.1549451,-0.1549459,-0.27573854,-0.15162002,-0.12714988,-0.16243835,-0.12334165,-0.14074792,-0.15162656,-0.15887658,-0.14481027,-0.12725998,-0.18691605,-0.14998752,-0.1516535,-0.1549193,-0.15493295,-0.1548534,-0.120334074,1.6992129,-0.08858878,-0.15164626,-0.19008024,-0.15165982,-0.2004665,1.2698033,-0.1388583,-0.13027036,-0.1074974,-0.15152657,-0.15154281,-0.15457603,-0.10065024,-0.08152827,-0.09427856,-0.15160286,-0.11960925,-0.15027548,-0.16982608,-0.1185138,-0.1516231,-0.15493771,-0.17738779,-0.15176103,-0.1516633,-0.25953975,-0.17989698,-0.13525523,-0.15165992,-0.15095688,-0.17780018,-0.2009549,-0.15163493,2.7304192,-0.1513045,-0.12151222,-0.121854745,-0.13997786,-0.21433522,-0.13908121,1.3249269,-0.15157348,-0.07092635,-0.15090325,-0.15400277,-0.18733518,-0.15135038,-0.12713364,0.84480655,-0.14100276,-0.15161085,-0.114095174,1.8973175,-0.26654312,-0.12626567,-0.10945694,-0.1516001,-0.09238048,-0.20963459,-0.15166017,-0.15484256,-0.1265637,-0.15157393,1.7114002,-0.1553517,-0.15166546,-0.19704957,-0.20616047,-0.12590745,-0.10460003,-0.11361031,1.7271205,-0.15165648,-0.19495486,-0.15162747,-0.12647526,-0.15147191,-0.041086134,-0.12967405,-0.15166391,-0.2300741,-0.15163821,3.1687613,-0.14996552,-0.0784167,-0.15149316,-0.12766197,-0.15151677,-0.121451,-0.075820275,-0.09192432,-0.101488546,-0.15134345,-0.15483138,-0.12378413,-0.15147817,3.9526803,1.3029026,-0.18093297,-0.15166691,-0.25777104,-0.12844054,-0.15155792,-0.13462572,-0.119081676,-0.15163165,-0.15494022,-0.15494221,-0.15494356,-0.19755594,-0.25103784,-0.20219928,-0.19465852,-0.24831252,-0.20506537,-0.22091979,-0.15164885,-0.12680213,-0.11956477,-0.1516431,-0.15493584,-0.20931396,-0.18224281,-0.15163235,-0.32474133,-0.15166464,-0.15494673,-0.15494543,-0.15494499,-0.2185038,-0.15163168,-0.114121355,-0.15163511,-0.15492845,-0.15493612,-0.22984435,-0.15165713,-0.15491472,-0.08963354,-0.1515357,-0.15488821,-0.15490916,-0.15491092,-0.13302092,-0.1051107,-0.14014931,-0.15141064,-0.15839578,-0.15615125,-0.14613561,-0.15165281,-0.12319561,-0.12722644,-0.15160981,-0.1549465,-0.15494595,-0.15494595,-0.15494657,-0.38518023,-0.11451449,-0.15161884,-0.15564899,-0.14443555,-0.16636807,-0.15165906,-0.15485395,-0.12993515,-0.047159404,-0.14458716,-0.14016809,-0.14106366,-0.15148742,-0.19987361,-0.1649412,-0.17166539,-0.15163282,-0.1548965,-0.12722544,-0.14610182,-0.2588673,-0.12700027,-0.15151447,-0.09132757,-0.12832497,-0.13684332,-0.16221203,-0.15659244,-0.12634279,-0.15135996,-0.15483461,-0.1548925,-0.15493236,-0.15740095,-0.19795567,-0.15106063,-0.07294749,-0.2039893,-0.15161963,-0.15489087,-0.104459345,-0.15121746,-0.17466888,-0.13176009,-0.15162843,-0.15109587,-0.10913184,-0.15143448,-0.05825615,-0.14326635,-0.17082691,-0.15155569,-0.18883844,-0.15166597,-0.31316653,-0.15165436,-0.16808087,6.2673326,-0.15165684,-0.15494244,-0.25088155,-0.1516664,-0.22115314,-0.07562123,-0.086852394,-0.10702289,-0.060967896,-0.14371493,-0.16796505,-0.15746465,-0.22133875,-0.12812386,-0.0969081,-0.16398169,-0.12716047,-0.11335766,-0.18846886,-0.12721889,-0.17755464,-0.0994983,-0.115196005,-0.15155718,-0.11662802,-0.19749595,3.1289282,0.79518044,-0.096878245,-0.1515575,-0.15471159,-0.12434345,-0.11230643,-0.063823454,-0.15147445,-0.11419349,-0.10007019,-0.24483351,-0.15166706,-0.15493253,-0.16344379,1.7975452,-0.12524253,-0.1516496,-0.0782174,-0.19187105,-0.18185812,1.480168,1.7220721,-0.15126291,-0.15456149,-0.083404,-0.1213824,-0.13072303,2.4403257,-0.19385117,-0.15162265,-0.1549387,-0.19487974,-0.23847799,-0.2432746,-0.12683068,-0.15142283,-0.15490457,3.081863,-0.2961179,-0.15166616,-0.19813283,-0.12710781,-0.15158996,-0.060104962,-0.15931924,-0.15166405,-0.2028091,-0.2868003,-0.11816878,-0.14795661,-0.10060286,-0.1514785,-0.13614628,-0.20725825,-0.17393659,3.9255311,-0.15657571,3.0704064,-0.15166236,-0.15494162,-0.16221246,-0.22200036,-0.12730363,-0.2814266,-0.15166754,-0.1915083,-0.24371436,-0.16952515,-0.15156364,-0.13369927,-0.12557748,-0.15165864,-0.18106565,-0.15166724,-0.18642783,-0.15159966,-0.30462334,-0.15153402,-0.14691104,-0.13029914,-0.15165177,-0.15492687,-0.18915205,-0.12720995,-0.15165778,-0.10481856,-0.1650517,-0.15165511,-0.15494402,-0.15490924,-0.12673911,-0.15154177,-0.15490344,-0.15489256,-0.15490636,-0.15491623,-0.16505513,-0.17392421,-0.15164971,-0.15493542,-0.15492332,-0.15493605,-0.2025511,-0.15354379,-0.14723541,-0.15045714,-0.11499533,-0.10471026,-0.11893196,-0.15165408,-0.15485126,-0.12716274,-0.19501048,-0.15166342,-0.18738703,-0.11705899,-0.17429145,-0.15165201,-0.06652963,-0.15136182,-0.10737923,1.3385607,-0.15298569,-0.052188452,-0.26007295
k__Bacteria|p__Firmicutes|c__Clostridia|o__Eubacteriales|f__Lachnospiraceae|g__Lachnoanaerobaculum|s__Lachnoanaerobaculum_sp_ICM7,-0.1004395,-0.12316422,-0.15123194,-0.15457201,-0.15457225,-0.23867357,-0.1666669,-0.16813041,-0.10929718,-0.22895765,-0.23728925,-0.15123647,-0.22850217,-0.3768707,-0.08556121,-0.15085527,-0.058144663,-0.15074547,-0.15451345,-0.19931981,-0.1978925,-0.12625316,-0.15120357,-0.12711628,-0.20043859,-0.11658599,-0.182019,-0.25032333,-0.1509206,-0.15120769,0.8411484,-0.10844302,2.5840464,-0.28454733,-0.15122363,-0.12642626,-0.15123424,-0.22338755,-0.1512368,-0.29867563,-0.15123686,-0.29356226,-0.12579352,-0.15109572,-0.13691942,-0.1512317,-0.23188588,-0.24781659,-0.1296162,-0.12643157,-0.24679694,-0.18279888,-0.25087595,-0.26027086,-0.28621647,-0.27511892,-0.11894142,-0.15115577,1.8609698,0.8555675,-0.15055186,1.1833993,-0.13743341,-0.12632431,-0.15121615,-0.15456791,-0.15457201,-0.15457264,-0.27573854,-0.15119782,-0.12632637,-0.16243835,-0.12334165,-0.14074792,-0.15120506,-0.15887658,-0.14481027,-0.12641239,-0.18691605,-0.14998752,-0.1512256,-0.15455222,-0.1545625,-0.15449618,-0.120334074,-0.13700745,-0.08858878,-0.15122011,-0.19008024,-0.15123048,-0.2004665,-0.11139822,-0.1388583,-0.13027036,-0.1074974,-0.15152657,-0.15114121,-0.15425715,-0.10065024,-0.08152827,-0.09427856,-0.15118705,-0.11960925,-0.15027548,-0.16982608,-0.1185138,-0.15120173,-0.15456638,-0.17738779,-0.15176103,-0.15123308,-0.25953975,-0.17989698,-0.13525523,-0.15123057,-0.15095688,-0.17780018,-0.2009549,-0.15120944,-0.09015879,-0.15096058,-0.12151222,-0.121854745,-0.13997786,-0.21433522,-0.13908121,-0.16057305,-0.1511647,-0.07092635,-0.15064567,-0.15382938,-0.18733518,-0.15098101,-0.12631242,-0.12334781,-0.14100276,-0.15119302,-0.114095174,3.6266427,-0.26654312,-0.12562105,-0.10945694,-0.15118502,-0.09238048,-0.20963459,-0.15123077,-0.15448804,-0.12586279,-0.15116352,-0.16015086,-0.1553517,-0.15123478,-0.19704957,-0.20616047,-0.12535965,-0.10460003,-0.11361031,-0.10256614,-0.15122801,-0.19495486,-0.15120465,-0.12578483,-0.15108702,-0.041086134,-0.12967405,-0.1512335,-0.2300741,-0.15121308,-0.10384405,-0.14990923,-0.0784167,-0.15110114,-0.12766197,-0.15112089,-0.121451,-0.075820275,-0.09192432,-0.101488546,-0.1509879,-0.15448548,-0.12378413,-0.15107764,-0.1410757,-0.13984437,-0.18093297,-0.15123588,-0.25777104,-0.12844054,-0.15114832,-0.13462572,-0.119081676,-0.15120924,-0.15456828,-0.1545698,-0.15457085,-0.19755594,-0.25103784,-0.20219928,-0.19465852,-0.24831252,-0.20506537,-0.22091979,-0.15122148,-0.12604588,-0.11956477,-0.15121782,-0.1545649,-0.20931396,-0.18224281,-0.15120812,-0.32474133,-0.15123418,-0.15457329,-0.15457231,-0.15457197,-0.2185038,-0.15120718,-0.114121355,-0.15121095,-0.15455872,-0.15456508,-0.22984435,-0.15122852,-0.15454683,-0.08963354,-0.15113434,-0.15452906,-0.15454414,-0.15454629,-0.13302092,-0.1051107,-0.14014931,-0.15141064,-0.15839578,-0.15615125,-0.14613561,-0.1512253,-0.12319561,-0.12638621,-0.15119123,-0.15457311,-0.1545727,-0.1545727,-0.15457316,-0.38518023,-0.11451449,-0.15119892,-0.15564899,-0.14443555,-0.16636807,-0.15122977,-0.15449889,-0.12993515,-0.047159404,-0.14567107,-0.14016809,-0.14106366,-0.15109769,-0.19987361,-0.1649412,-0.17166539,-0.15120989,-0.15453568,-0.12722544,-0.14610182,-0.2588673,-0.1262064,-0.15111926,-0.09132757,-0.12832497,-0.13684332,-0.16221203,-0.15659244,-0.1256696,-0.15099664,-0.15448746,-0.15453199,-0.15456231,-0.15740095,-0.19795567,-0.15106063,-0.07294749,-0.2039893,-0.15119919,-0.15453112,-0.104459345,-0.15083751,-0.17466888,-0.13176009,-0.15120699,-0.15109587,-0.10913184,-0.15105513,-0.05825615,-0.14326635,-0.17082691,-0.15115005,-0.18883844,-0.15123513,-0.31316653,-0.15122576,-0.16808087,1.3619868,-0.15122819,-0.15456991,-0.25088155,-0.15123546,-0.22115314,-0.07562123,-0.086852394,-0.10702289,-0.060967896,-0.1450124,-0.16796505,-0.15746465,-0.22133875,-0.12812386,-0.0969081,2.0621965,-0.12716047,-0.11335766,-0.18846886,-0.12638009,-0.17755464,-0.0994983,-0.115196005,-0.15115145,-0.11662802,-0.19749595,-0.14526704,-0.12781724,-0.096878245,-0.15115309,-0.1543932,-0.12434345,-0.11230643,-0.063823454,-0.15108769,-0.11419349,-0.10007019,-0.24483351,-0.151236,-0.15456179,-0.16344379,-0.1759062,-0.12524253,-0.15122274,-0.0782174,-0.19187105,-0.18185812,-0.09859173,-0.11065883,-0.15092775,-0.15427823,-0.083404,-0.1213824,-0.13072303,-0.13855581,-0.19385117,-0.1512014,-0.15456715,-0.19487974,-0.23847799,-0.2432746,-0.12607688,-0.15104863,-0.15454066,-0.14520228,-0.2961179,-0.15123531,-0.19813283,-0.12629288,-0.15117615,-0.060104962,-0.15931924,-0.15123363,-0.2028091,-0.2868003,-0.11816878,-0.14795661,-0.10060286,-0.15108986,-0.13614628,-0.20725825,-0.17393659,-0.125103,-0.15657571,-0.15690626,-0.15123236,-0.15456937,-0.16221246,-0.22200036,-0.12644526,-0.2814266,-0.15123636,-0.1915083,-0.24371436,-0.16952515,-0.15115136,0.9673763,-0.12557748,-0.15122947,-0.18106565,-0.15123615,-0.18642783,-0.15118137,-0.30462334,-0.15113226,-0.14691104,-0.13029914,-0.15122424,-0.15455818,-0.18915205,-0.12637402,-0.15122889,-0.10481856,-0.1650517,-0.15122665,-0.1545712,-0.15454264,-0.1259936,-0.15114053,-0.15453951,-0.15453148,-0.15454185,-0.1545498,-0.16505513,-0.17392421,-0.15122253,-0.15456468,-0.15455526,-0.15456516,2.3792737,-0.15354379,-0.14723541,-0.15028553,-0.11499533,-0.10471026,-0.11893196,-0.15122601,-0.15449588,-0.1263383,-0.19501048,-0.15123312,1.0907578,-0.11705899,1.9488529,-0.15122369,-0.06652963,-0.15100199,-0.10737923,-0.124497145,-0.15298569,-0.052188452,-0.26007295
k__Bacteria|p__Firmicutes|c__Clostridia|o__Eubacteriales|f__Lachnospiraceae|g__Lachnoanaerobaculum|s__Lachnoanaerobaculum_orale,-0.1004395,-0.12316422,-0.15019488,-0.1533733,-0.1533736,-0.23867357,-0.1666669,-0.16813041,-0.10929718,-0.22895765,-0.23728925,-0.15020007,-0.22850217,-0.3768707,-0.08556121,-0.14976656,-0.058144663,-0.14962721,-0.1533064,-0.19931981,-0.1978925,-0.12637527,-0.15016177,-0.12711628,-0.20043859,-0.11658599,-0.182019,1.2314475,-0.1509206,-0.15016681,-0.15142563,-0.10844302,-0.18249588,1.5363642,-0.15018441,-0.12658814,-0.15019749,-0.22338755,-0.15020046,-0.29867563,-0.15020052,-0.29356226,-0.12580176,-0.1500394,-0.13691942,-0.15019451,-0.23188588,-0.24781659,-0.1296162,-0.126595,-0.24679694,-0.18279888,-0.25087595,-0.26027086,-0.28621647,-0.27511892,-0.11894142,-0.15010694,-0.040142577,-0.056944285,-0.14942423,-0.11274739,-0.13743341,-0.12646692,-0.15017709,-0.15336858,-0.15337336,-0.15337405,-0.27573854,-0.15015568,-0.12646742,-0.16243835,-0.12334165,-0.14074792,-0.15016384,-0.15887658,-0.14481027,-0.12657003,-0.18691605,-0.14998752,-0.15018757,-0.15335062,-0.15336263,-0.15328157,-0.120334074,-0.13700745,-0.08858878,-0.15018117,-0.19008024,-0.15019314,-0.2004665,-0.11139822,-0.1388583,-0.13027036,-0.1074974,-0.15152657,-0.15009005,-0.15300885,-0.10065024,-0.08152827,-0.09427856,-0.15014252,-0.11960925,-0.15027548,-0.16982608,4.045353,-0.15016031,-0.15336677,1.3806443,2.402431,-0.1501962,-0.25953975,-0.17989698,-0.13525523,-0.15019317,-0.15095688,-0.17780018,-0.2009549,-0.15016845,-0.09015879,-0.14987963,-0.12151222,-0.121854745,-0.13997786,-0.21433522,-0.13908121,-0.16057305,-0.15011661,-0.07092635,-0.14952251,-0.152544,-0.18733518,-0.1499145,-0.12645212,-0.12334781,-0.14100276,-0.15014997,-0.114095174,-0.25318068,-0.26654312,-0.12561737,-0.10945694,-0.15014036,-0.09238048,-0.20963459,-0.15019345,-0.15327497,-0.12590459,-0.15011686,-0.16015086,-0.1553517,-0.15019807,-0.19704957,-0.20616047,-0.12528911,-0.10460003,-0.11361031,-0.10256614,-0.1501902,-0.19495486,-0.15016098,-0.1258209,-0.15002635,-0.041086134,-0.12967405,-0.15019673,-0.2300741,-0.15017082,-0.10384405,-0.14869118,-0.0784167,-0.15004548,-0.12766197,-0.15006703,-0.121451,-0.075820275,-0.09192432,-0.101488546,-0.1499137,-0.15327305,-0.12378413,-0.1500122,-0.1410757,-0.13984437,2.1355007,-0.15019938,1.439484,-0.12844054,-0.15009403,-0.13462572,-0.119081676,-0.15016833,-0.15336907,-0.15337083,-0.15337202,-0.19755594,-0.25103784,-0.20219928,-0.19465852,-0.24831252,-0.20506537,-0.22091979,-0.15018252,-0.12613295,-0.11956477,-0.15017828,-0.15336514,-0.20931396,-0.18224281,-0.15016681,-0.32474133,-0.1501974,-0.15337479,-0.15337366,-0.15337327,-0.2185038,-0.15016562,-0.114121355,-0.15017122,-0.15335858,-0.15336531,-0.22984435,-0.15019076,-0.1533443,-0.08963354,-0.15008333,-0.15332323,-0.15334168,-0.15334329,-0.13302092,2.645093,-0.14014931,-0.15141064,-0.15839578,-0.15615125,-0.14613561,-0.15018696,-0.12319561,-0.1265409,-0.1501492,-0.15337461,-0.15337412,-0.15337412,-0.15337464,-0.38518023,-0.11451449,-0.15015699,-0.15564899,-0.14443555,-0.16636807,-0.1501925,-0.15328923,-0.12993515,-0.047159404,-0.14398094,-0.14016809,-0.14106366,-0.15004164,-0.19987361,-0.1649412,-0.17166539,-0.15016931,-0.1533306,-0.12722544,-0.14610182,-0.2588673,-0.12631942,-0.15006441,-0.09132757,-0.12832497,-0.13684332,-0.16221203,-0.15659244,-0.12566842,-0.14992651,-0.15327567,-0.1533268,-0.15336207,-0.15740095,-0.19795567,1.8533177,-0.07294749,-0.2039893,-0.15015769,-0.15332553,-0.104459345,-0.14976272,-0.17466888,-0.13176009,-0.15016544,-0.15109587,-0.10913184,-0.14999256,-0.05825615,2.4567316,-0.17082691,-0.15010142,-0.18883844,-0.15019856,-0.31316653,-0.15018809,-0.16808087,-0.14331596,-0.15019047,-0.15337099,-0.25088155,-0.15019894,-0.22115314,-0.07562123,-0.086852394,-0.10702289,-0.060967896,-0.14321211,-0.16796505,-0.15746465,-0.22133875,-0.12812386,-0.0969081,-0.16398169,-0.12716047,-0.11335766,-0.18846886,-0.12653187,-0.17755464,-0.0994983,-0.115196005,-0.15010254,-0.11662802,-0.19749595,-0.14526704,-0.12781724,-0.096878245,-0.15010263,-0.15316683,-0.12434345,-0.11230643,-0.063823454,-0.15002906,-0.11419349,-0.10007019,-0.24483351,-0.1501995,-0.15336064,-0.16344379,-0.1759062,-0.12524253,-0.15018412,-0.0782174,-0.19187105,-0.18185812,-0.09859173,-0.11065883,-0.149843,-0.15303466,-0.083404,-0.1213824,-0.13072303,-0.13855581,-0.19385117,-0.15016031,-0.1533677,-0.19487974,-0.23847799,-0.2432746,-0.12617104,-0.14998399,-0.15333754,-0.14520228,-0.2961179,-0.15019873,-0.19813283,-0.12642492,-0.15013123,-0.060104962,-0.15931924,-0.15019682,-0.2028091,-0.2868003,-0.11816878,-0.14795661,-0.10060286,-0.15003276,-0.13614628,-0.20725825,-0.17393659,-0.125103,-0.15657571,-0.15690626,-0.15019539,-0.15337023,-0.16221246,-0.22200036,-0.12661126,-0.2814266,-0.15019995,-0.1915083,-0.24371436,-0.16952515,-0.15009797,-0.13369927,-0.12557748,-0.15019207,-0.18106565,-0.15019968,-0.18642783,-0.15013587,-0.30462334,-0.15008259,-0.14691104,-0.13029914,-0.15018606,-0.1533573,-0.18915205,-0.12652268,-0.15019119,-0.10481856,-0.1650517,-0.15018897,-0.1533724,-0.15333724,-0.12607583,-0.15008895,-0.1533366,-0.15332706,-0.1533392,-0.15334775,-0.16505513,-0.17392421,-0.15018421,-0.15336487,-0.15335421,-0.15336537,1.2047964,-0.15354379,-0.14723541,-0.14913605,-0.11499533,-0.10471026,-0.11893196,-0.15018804,-0.15328208,-0.1264813,-0.19501048,-0.1501963,-0.18738703,-0.11705899,-0.17429145,-0.15018305,1.054835,-0.14992875,-0.10737923,-0.124497145,-0.15298569,-0.052188452,-0.26007295
k__Bacteria|p__Firmicutes|c__Clostridia|o__Eubacteriales|f__Eubacteriales_unclassified|g__Evtepia|s__Evtepia_gabavorous,-0.1004395,-0.12316422,-0.15310365,-0.15622891,-0.15622926,-0.23867357,-0.1666669,-0.16813041,-0.10929718,-0.22895765,-0.23728925,-0.15310913,-0.22850217,-0.3768707,-0.08556121,-0.15263927,-0.058144663,-0.15246946,-0.15615742,-0.19931981,-0.1978925,-0.1296647,-0.1530678,-0.12711628,-0.20043859,-0.11658599,-0.182019,-0.25032333,-0.1509206,-0.15307444,-0.15142563,-0.10844302,-0.18249588,-0.28454733,-0.15309429,-0.12989119,-0.15310633,-0.22338755,-0.15310957,-0.29867563,-0.15310964,-0.29356226,-0.12905887,-0.15294209,-0.13691942,-0.15310308,-0.23188588,-0.24781659,-0.1296162,-0.12989873,-0.24679694,-0.18279888,-0.25087595,-0.26027086,-0.28621647,-0.27511892,-0.11894142,-0.1530082,-0.040142577,-0.056944285,-0.15228067,-0.11274739,-0.13743341,-0.12976117,-0.15308496,-0.15622373,-0.15622905,-0.15622973,-0.27573854,-0.15306541,-0.12976515,-0.16243835,-0.12334165,-0.14074792,-0.15306959,-0.15887658,-0.14481027,-0.12987232,-0.18691605,-0.14998752,-0.15309551,-0.15620433,-0.15621774,-0.15614702,-0.120334074,-0.13700745,-0.08858878,-0.15308851,-0.19008024,-0.15310156,-0.2004665,-0.11139822,-0.1388583,-0.13027036,-0.1074974,-0.15152657,-0.15298843,-0.15589374,-0.10065024,-0.08152827,-0.09427856,-0.15304643,-0.11960925,-0.15027548,-0.16982608,-0.1185138,-0.15306744,-0.1562219,-0.17738779,-0.15176103,-0.15310502,-0.25953975,-0.17989698,-0.13525523,-0.15310162,-0.15095688,-0.17780018,-0.2009549,-0.15308055,-0.09015879,-0.1527552,-0.12151222,-0.121854745,-0.13997786,-0.21433522,-0.13908121,-0.16057305,-0.15301771,-0.07092635,-0.15237786,-0.15536705,-0.18733518,-0.15282576,-0.1297458,-0.12334781,-0.14100276,-0.15305442,-0.114095174,-0.25318068,-0.26654312,-0.12884153,-0.10945694,-0.15304367,-0.09238048,-0.20963459,-0.15310189,-0.15614009,-0.12917039,-0.15302071,-0.16015086,-0.1553517,-0.15310702,-0.19704957,-0.20616047,-0.12850267,-0.10460003,-0.11361031,-0.10256614,-0.1530982,-0.19495486,-0.15307146,-0.12907232,-0.1529189,-0.041086134,-0.12967405,-0.15310574,-0.2300741,-0.15308192,-0.10384405,-0.1514742,-0.0784167,-0.15294312,-0.12766197,-0.15296385,-0.121451,-0.075820275,-0.09192432,-0.101488546,-0.15279613,-0.15611848,-0.12378413,-0.15293998,-0.1410757,-0.13984437,-0.18093297,-0.1531084,-0.25777104,-0.12844054,-0.15300786,-0.13462572,-0.119081676,-0.15307382,-0.15622434,-0.15622625,-0.15622753,-0.19755594,-0.25103784,-0.20219928,-0.19465852,-0.24831252,-0.20506537,-0.22091979,-0.15309192,-0.12941067,-0.11956477,-0.15308523,-0.15622021,-0.20931396,-0.18224281,-0.1530772,-0.32474133,-0.15310617,-0.15623054,-0.15622929,-0.15622884,-0.2185038,-0.15307687,-0.114121355,-0.15307906,-0.15621407,-0.1562205,-0.22984435,-0.15309882,-0.15620293,-0.08963354,-0.15298405,-0.15617323,-0.15619531,-0.15619534,-0.13302092,-0.1051107,-0.14014931,-0.15141064,-0.15839578,-0.15615125,-0.14613561,-0.15309447,-0.12319561,-0.12984124,-0.1530556,-0.15623033,-0.15622982,-0.15622981,-0.15623039,4.3698583,-0.11451449,-0.15306261,-0.15564899,-0.14443555,-0.16636807,-0.15310112,-0.15614763,-0.12993515,-0.047159404,-0.14660506,-0.14016809,-0.14106366,-0.1529381,-0.19987361,-0.1649412,-0.17166539,-0.15307546,-0.15618081,-0.12722544,-0.14610182,-0.2588673,-0.12960178,-0.15296073,-0.09132757,-0.12832497,-0.13684332,-0.16221203,-0.15659244,-0.12891652,-0.15281847,-0.15612258,-0.15617804,-0.1562167,-0.15740095,-0.19795567,-0.15106063,-0.07294749,-0.2039893,-0.1530641,-0.15617546,-0.104459345,-0.1527089,-0.17466888,-0.13176009,-0.15307042,-0.15109587,-0.10913184,-0.15288606,-0.05825615,-0.14326635,-0.17082691,-0.15300313,4.9515395,-0.15310755,4.587601,-0.15309729,-0.16808087,-0.14331596,-0.15309875,-0.1562266,-0.25088155,-0.153108,-0.22115314,-0.07562123,-0.086852394,-0.10702289,-0.060967896,-0.14575976,-0.16796505,-0.15746465,-0.22133875,-0.12812386,-0.0969081,-0.16398169,-0.12716047,-0.11335766,-0.18846886,-0.12983195,-0.17755464,-0.0994983,-0.115196005,-0.15300386,-0.11662802,-0.19749595,-0.14526704,-0.12781724,-0.096878245,-0.1530011,-0.15600348,-0.12434345,-0.11230643,-0.063823454,-0.15292317,-0.11419349,-0.10007019,-0.24483351,-0.15310852,-0.15621793,-0.16344379,-0.1759062,-0.12524253,-0.15309158,-0.0782174,-0.19187105,-0.18185812,-0.09859173,-0.11065883,-0.15271679,-0.15585949,-0.083404,-0.1213824,-0.13072303,-0.13855581,-0.19385117,-0.15306717,-0.15622285,-0.19487974,-0.23847799,-0.2432746,-0.12944315,-0.15287387,-0.15619072,-0.14520228,-0.2961179,-0.15310767,-0.19813283,-0.12971848,-0.15303582,-0.060104962,-0.15931924,-0.15310577,-0.2028091,-0.2868003,-0.11816878,-0.14795661,-0.10060286,-0.15293077,-0.13614628,-0.20725825,-0.17393659,-0.125103,-0.15657571,-0.15690626,-0.15310416,-0.1562256,-0.16221246,-0.22200036,-0.12991633,-0.2814266,-0.15310901,-0.1915083,-0.24371436,-0.16952515,-0.1530166,-0.13369927,-0.12557748,-0.15310064,-0.18106565,-0.15310872,-0.18642783,-0.15304866,-0.30462334,-0.15298489,-0.14691104,-0.13029914,-0.15309396,-0.15621136,-0.18915205,-0.12982216,-0.15309957,-0.10481856,-0.1650517,-0.15309748,-0.15622799,-0.15619719,-0.12933663,-0.15298712,-0.15619023,-0.15617919,-0.15619284,-0.15620129,-0.16505513,-0.17392421,-0.1530923,-0.15621962,-0.15620832,-0.15622023,-0.2025511,-0.15354379,-0.14723541,-0.15199769,-0.11499533,-0.10471026,-0.11893196,-0.1530962,-0.15614505,-0.12977353,-0.19501048,-0.15310526,-0.18738703,-0.11705899,-0.17429145,-0.15309504,-0.06652963,-0.15281248,-0.10737923,-0.124497145,-0.15298569,-0.052188452,3.4111366
k__Bacteria|p__Firmicutes|c__Bacilli|o__Bacillales|f__Bacillales_unclassified|g__Gemella|s__Gemella_haemolysans,-0.1004395,-0.12316422,-0.15120886,-0.15442361,-0.15442379,-0.23867357,-0.1666669,-0.16813041,-0.10929718,-0.22895765,-0.23728925,-0.15121233,-0.22850217,-0.3768707,-0.08556121,-0.15092206,-0.058144663,-0.15083358,-0.1543791,-0.19931981,-0.1978925,-0.12719253,-0.15118709,-0.12711628,-0.20043859,-0.11658599,-0.182019,-0.25032333,-0.1509206,-0.15119034,-0.15142563,-0.10844302,-0.18249588,-0.28454733,-0.15120228,-0.12733273,-0.15121062,1.6725614,-0.15121259,-0.29867563,-0.15121265,-0.29356226,-0.12680459,-0.1511054,-0.13691942,-0.15120867,-0.23188588,-0.24781659,-0.1296162,-0.1273371,-0.24679694,-0.18279888,-0.25087595,-0.26027086,-0.28621647,-0.27511892,-0.11894142,-0.15115044,-0.040142577,-0.056944285,-0.15069164,-0.11274739,-0.13743341,-0.12725154,-0.15119691,-0.15442047,-0.15442362,-0.15442409,-0.27573854,-0.15118288,-0.12725236,-0.16243835,-0.12334165,-0.14074792,-0.15118825,-0.15887658,-0.14481027,-0.12732135,1.4987156,-0.14998752,-0.15120402,-0.15440845,-0.15441643,-0.15436542,-0.120334074,-0.13700745,-0.08858878,-0.15119979,-0.19008024,-0.15120775,-0.2004665,-0.11139822,-0.1388583,-0.13027036,-0.1074974,-0.15152657,-0.15113921,-0.15418041,-0.10065024,-0.08152827,-0.09427856,-0.15117434,-0.11960925,-0.15027548,-0.16982608,-0.1185138,-0.15118593,-0.15441929,0.67481214,-0.15176103,-0.15120974,-0.25953975,-0.17989698,-0.13525523,-0.15120777,-0.15095688,-0.17780018,-0.2009549,-0.15119174,-0.09015879,-0.15099987,-0.12151222,-0.121854745,-0.13997786,-0.21433522,-0.13908121,1.1006906,-0.15115714,-0.07092635,-0.15076049,-0.15386316,-0.18733518,-0.15102012,-0.12723958,-0.12334781,-0.14100276,-0.15117908,-0.114095174,-0.25318068,-0.26654312,-0.12666048,-0.10945694,-0.15117277,-0.09238048,-0.20963459,-0.15120795,-0.15436038,-0.1268632,-0.15115705,-0.16015086,-0.1553517,-0.15121102,-0.19704957,-0.20616047,-0.1264346,-0.10460003,-0.11361031,-0.10256614,-0.15120581,-0.19495486,-0.15118758,-0.12680113,-0.1510976,-0.041086134,-0.12967405,-0.1512101,-0.2300741,-0.15119419,0.9243126,-0.15019971,-0.0784167,-0.15110955,-0.12766197,-0.15112379,-0.121451,-0.075820275,-0.09192432,-0.101488546,-0.15102151,-0.15435714,-0.12378413,-0.15108916,0.9375438,-0.13984437,-0.18093297,-0.15121189,-0.25777104,-0.12844054,-0.15114397,-0.13462572,-0.119081676,-0.15119135,-0.15442078,-0.15442194,-0.15442273,-0.19755594,-0.25103784,-0.20219928,-0.19465852,-0.24831252,-0.20506537,-0.22091979,-0.15120089,-0.12702122,-0.11956477,-0.15119794,-0.15441817,-0.20931396,-0.18224281,-0.15119052,-0.32474133,-0.15121058,-0.1544246,-0.15442382,-0.15442356,-0.2185038,-0.15118998,-0.114121355,-0.15119302,-0.15441363,-0.15441833,-0.22984435,-0.1512062,-0.15440485,-0.08963354,-0.15113461,-0.15439048,-0.1544024,-0.15440375,-0.13302092,-0.1051107,-0.14014931,-0.15141064,-0.15839578,-0.15615125,-0.14613561,-0.15120369,-0.12319561,-0.1273016,-0.15117806,-0.15442447,-0.15442413,-0.15442415,-0.15442449,-0.38518023,-0.11451449,-0.1511836,-0.15564899,-0.14443555,-0.16636807,-0.15120724,-0.15436813,-0.12993515,-0.047159404,-0.14701483,-0.14016809,-0.14106366,-0.15110642,-0.19987361,-0.1649412,-0.17166539,-0.15119192,-0.15439543,-0.12722544,-0.14610182,-0.2588673,-0.12715262,-0.15112233,-0.09132757,-0.12832497,-0.13684332,-0.16221203,-0.15659244,-0.1266803,-0.15102994,-0.15435879,-0.15439284,-0.15441614,-0.15740095,-0.19795567,-0.15106063,-0.07294749,-0.2039893,-0.15118395,-0.15439206,-0.104459345,-0.15088862,-0.17466888,-0.13176009,-0.1511895,-0.15109587,-0.10913184,-0.15107392,-0.05825615,-0.14326635,-0.17082691,-0.15114638,-0.18883844,-0.15121132,-0.31316653,-0.15120427,-0.16808087,-0.14331596,-0.15120599,-0.15442203,-0.25088155,-0.15121159,-0.22115314,-0.07562123,-0.086852394,-0.10702289,-0.060967896,-0.14650099,-0.16796505,-0.15746465,-0.22133875,-0.12812386,-0.0969081,-0.16398169,-0.12716047,-0.11335766,-0.18846886,-0.12729588,-0.17755464,-0.0994983,-0.115196005,-0.15114734,-0.11662802,-0.19749595,-0.14526704,-0.12781724,-0.096878245,-0.15114798,-0.15428647,-0.12434345,-0.11230643,-0.063823454,-0.15109865,-0.11419349,-0.10007019,-0.24483351,-0.15121198,-0.15441576,-0.16344379,-0.1759062,-0.12524253,-0.15120175,-0.0782174,-0.19187105,-0.18185812,-0.09859173,-0.11065883,-0.15097505,-0.15419845,-0.083404,-0.1213824,-0.13072303,-0.13855581,-0.19385117,-0.15118569,-0.15441987,-0.19487974,-0.23847799,-0.2432746,-0.12704979,-0.1510684,-0.15439971,-0.14520228,-0.2961179,-0.15121146,-0.19813283,-0.12722486,-0.15116638,-0.060104962,-0.15931924,-0.15121016,-0.2028091,-0.2868003,-0.11816878,-0.14795661,-0.10060286,-0.15110064,-0.13614628,-0.20725825,-0.17393659,-0.125103,-0.15657571,-0.15690626,-0.1512092,-0.15442158,-0.16221246,-0.22200036,-0.12734783,1.9986293,-0.15121225,-0.1915083,-0.24371436,-0.16952515,-0.1511472,-0.13369927,-0.12557748,-0.151207,-0.18106565,-0.15121207,-0.18642783,-0.15117043,-0.30462334,-0.15113327,-0.14691104,-0.13029914,-0.15120298,-0.154413,-0.18915205,-0.1272908,-0.15120651,-0.10481856,-0.1650517,-0.15120488,-0.15442298,-0.15440115,-0.12698177,-0.15113866,-0.15439901,-0.15439269,-0.1544007,-0.1544067,-0.16505513,-0.17392421,-0.15120173,-0.15441798,-0.15441082,-0.15441833,0.67301947,-0.15354379,-0.14723541,-0.15049365,-0.11499533,-0.10471026,-0.11893196,-0.15120435,-0.15436515,-0.12726259,-0.19501048,-0.1512098,-0.18738703,-0.11705899,-0.17429145,-0.15120229,-0.06652963,-0.15103278,-0.10737923,-0.124497145,-0.15298569,-0.052188452,-0.26007295
k__Bacteria|p__Firmicutes|c__Clostridia|o__Eubacteriales|f__Eubacteriaceae|g__Eubacterium|s__Eubacterium_ramulus,-0.1004395,-0.12316422,-0.1524145,-0.15558559,-0.15558591,-0.23867357,-0.1666669,-0.16813041,-0.10929718,-0.22895765,-0.23728925,-0.15241991,-0.22850217,-0.3768707,-0.08556121,-0.15195961,-0.058144663,-0.15180086,-0.15551525,-0.19931981,-0.1978925,-0.12865297,-0.15237959,-0.12711628,-0.20043859,-0.11658599,-0.182019,-0.25032333,-0.1509206,-0.15238574,-0.15142563,-0.10844302,-0.18249588,-0.28454733,-0.15240541,-0.12886266,-0.15241717,-0.22338755,-0.15242031,-0.29867563,-0.1524204,-0.29356226,-0.12809768,-0.15225495,-0.13691942,-0.152414,-0.23188588,-0.24781659,-0.1296162,-0.12886985,-0.24679694,-0.18279888,-0.25087595,4.6777396,5.708787,6.7132173,-0.11894142,-0.15232143,-0.040142577,-0.056944285,-0.15160361,-0.11274739,-0.13743341,-0.12874243,-0.152396,-0.15558055,-0.15558568,-0.15558639,5.2037077,-0.15237652,-0.1287443,-0.16243835,-0.12334165,-0.14074792,-0.15238133,-0.15887658,-0.14481027,-0.12884575,-0.18691605,-0.14998752,-0.1524066,-0.15556154,-0.15557453,-0.15550378,-0.120334074,-0.13700745,-0.08858878,-0.15239981,-0.19008024,-0.15241253,-0.2004665,-0.11139822,-0.1388583,-0.13027036,-0.1074974,-0.15152657,-0.15230244,-0.15524757,-0.10065024,-0.08152827,-0.09427856,-0.15235887,-0.11960925,-0.15027548,-0.16982608,-0.1185138,-0.15237871,-0.15557873,-0.17738779,-0.15176103,-0.15241586,-0.25953975,-0.17989698,-0.13525523,-0.15241262,-0.15095688,-0.17780018,-0.2009549,-0.15239118,-0.09015879,-0.15207651,-0.12151222,-0.121854745,-0.13997786,-0.21433522,-0.13908121,-0.16057305,-0.15233102,-0.07092635,-0.15170346,-0.15472792,-0.18733518,-0.15213445,-0.12873343,-0.12334781,-0.14100276,-0.1523665,-0.114095174,-0.25318068,-0.26654312,-0.12790193,-0.10945694,-0.1523562,-0.09238048,-0.20963459,-0.15241285,-0.15549499,-0.12819344,-0.1523327,-0.16015086,-0.1553517,-0.15241784,-0.19704957,-0.20616047,-0.12759843,-0.10460003,-0.11361031,-0.10256614,-0.15240929,-0.19495486,-0.15238303,-0.12811574,-0.15223473,-0.041086134,-0.12967405,-0.1524165,-0.2300741,-0.15239319,-0.10384405,-0.15081128,-0.0784167,-0.15225661,-0.12766197,-0.1522781,-0.121451,-0.075820275,-0.09192432,-0.101488546,-0.15211552,-0.15547824,-0.12378413,-0.15224916,-0.1410757,-0.13984437,-0.18093297,-0.15241918,-0.25777104,-0.12844054,-0.15231964,-0.13462572,-0.119081676,-0.15238568,-0.15558112,-0.15558296,-0.15558422,-0.19755594,-0.25103784,-0.20219928,-0.19465852,-0.24831252,-0.20506537,-0.22091979,-0.15240279,-0.12841938,-0.11956477,-0.15239668,-0.15557705,-0.20931396,-0.18224281,-0.15238795,-0.32474133,-0.15241705,-0.15558717,-0.15558594,-0.15558551,-0.2185038,-0.15238744,-0.114121355,-0.15239003,-0.15557069,-0.1555773,-0.22984435,-0.15240991,-0.155559,-0.08963354,-0.15229717,-0.15553164,-0.15555248,-0.15555312,-0.13302092,-0.1051107,-0.14014931,-0.15141064,-0.15839578,-0.15615125,-0.14613561,-0.15240574,-0.12319561,-0.12881467,-0.15236688,-0.15558699,-0.15558645,-0.15558645,-0.15558702,4.1422687,-0.11451449,-0.15237436,-0.15564899,-0.14443555,-0.16636807,-0.152412,-0.15550405,-0.12993515,-0.047159404,-0.14595033,-0.14016809,-0.14106366,-0.15225211,-0.19987361,-0.1649412,-0.17166539,-0.15238711,-0.15553921,-0.12722544,-0.14610182,-0.2588673,-0.12859851,-0.15227576,-0.09132757,-0.12832497,-0.13684332,-0.16221203,-0.15659244,-0.12796801,-0.15213418,-0.15548201,-0.15553606,-0.1555737,-0.15740095,-0.19795567,-0.15106063,-0.07294749,-0.2039893,-0.15237553,-0.15553394,-0.104459345,-0.1520142,-0.17466888,-0.13176009,-0.1523825,-0.15109587,-0.10913184,-0.15220189,-0.05825615,-0.14326635,-0.17082691,-0.15231586,-0.18883844,-0.15241835,-0.31316653,-0.15240797,-0.16808087,-0.14331596,-0.15240976,-0.15558325,-0.25088155,-0.15241876,-0.22115314,-0.07562123,-0.086852394,-0.10702289,-0.060967896,-0.14513552,-0.16796505,-0.15746465,-0.22133875,-0.12812386,-0.0969081,-0.16398169,-0.12716047,-0.11335766,-0.18846886,-0.128807,-0.17755464,-0.0994983,-0.115196005,-0.15231682,-0.11662802,-0.19749595,-0.14526704,-0.12781724,-0.096878245,-0.15231536,-0.15536618,-0.12434345,-0.11230643,-0.063823454,-0.15223846,-0.11419349,-0.10007019,-0.24483351,-0.1524193,-0.15557453,-0.16344379,-0.1759062,-0.12524253,-0.15240283,-0.0782174,-0.19187105,-0.18185812,-0.09859173,-0.11065883,-0.15203813,-0.15522534,-0.083404,-0.1213824,-0.13072303,-0.13855581,-0.19385117,-0.15237847,-0.15557966,-0.19487974,-0.23847799,-0.2432746,-0.12843415,-0.15219037,-0.15554804,-0.14520228,-0.2961179,-0.15241848,-0.19813283,-0.12870352,-0.1523479,-0.060104962,-0.15931924,-0.15241657,-0.2028091,-0.2868003,-0.11816878,-0.14795661,-0.10060286,-0.15224469,-0.13614628,-0.20725825,-0.17393659,-0.125103,-0.15657571,-0.15690626,-0.152415,-0.15558237,-0.16221246,-0.22200036,-0.12888665,-0.2814266,-0.15241978,-0.1915083,-0.24371436,-0.16952515,-0.15232699,-0.13369927,-0.12557748,-0.15241154,-0.18106565,-0.15241948,-0.18642783,-0.15235922,-0.30462334,-0.15229705,-0.14691104,-0.13029914,-0.15240505,-0.15556845,-0.18915205,-0.12879823,-0.1524106,-0.10481856,-0.1650517,-0.15240836,-0.15558466,-0.15555374,-0.12833536,-0.1523013,-0.15554735,-0.15553683,-0.15554997,-0.15555856,-0.16505513,-0.17392421,-0.15240332,-0.15557654,-0.15556538,-0.15557711,-0.2025511,-0.15354379,-0.14723541,-0.15131569,-0.11499533,-0.10471026,-0.11893196,-0.1524072,-0.15550116,-0.12875202,-0.19501048,-0.15241604,-0.18738703,-0.11705899,-0.17429145,-0.15240587,-0.06652963,-0.15213135,-0.10737923,-0.124497145,-0.15298569,-0.052188452,-0.26007295
k__Bacteria|p__Firmicutes|c__Bacilli|o__Lactobacillales|f__Enterococcaceae|g__Enterococcus|s__Enterococcus_hirae,-0.1004395,-0.12316422,-0.15033549,-0.15357716,-0.15357742,-0.23867357,-0.1666669,-0.16813041,-0.10929718,-0.22895765,-0.23728925,-0.15033977,-0.22850217,-0.3768707,-0.08556121,-0.14999299,-0.058144663,-0.14987162,-0.15352228,-0.19931981,-0.1978925,-0.12610342,-0.15030861,-0.12711628,-0.20043859,-0.11658599,-0.182019,-0.25032333,-0.1509206,-0.15031275,-0.15142563,-0.10844302,-0.18249588,-0.28454733,-0.15032808,-0.1262605,-0.15033764,-0.22338755,-0.15034008,-0.29867563,-0.15034014,-0.29356226,-0.1256822,-0.15020868,-0.13691942,-0.15033522,-0.23188588,-0.24781659,-0.1296162,-0.1262654,-0.24679694,-0.18279888,-0.25087595,-0.26027086,-0.28621647,-0.27511892,4.508061,-0.15026364,-0.040142577,-0.056944285,-0.14969522,-0.11274739,-0.13743341,-0.12616974,-0.15032077,-0.15357326,-0.1535772,-0.15357777,-0.27573854,-0.1503058,-0.12616941,-0.16243835,-0.12334165,-0.14074792,-0.15030988,-0.15887658,-0.14481027,-0.12624739,-0.18691605,-0.14998752,-0.15032947,-0.15355843,-0.15356834,-0.15351202,-0.120334074,-0.13700745,-0.08858878,-0.15032423,7.2159967,-0.15033406,-0.2004665,-0.11139822,-0.1388583,-0.13027036,-0.1074974,-0.15152657,-0.15024924,-0.15332708,-0.10065024,-0.08152827,-0.09427856,-0.15029287,-0.11960925,-0.15027548,-0.16982608,-0.1185138,-0.15030733,-0.15357186,6.40761,-0.15176103,-0.15033656,-0.25953975,-0.17989698,-0.13525523,-0.15033412,-0.15095688,-0.17780018,-0.2009549,-0.15031615,-0.09015879,-0.15007716,-0.12151222,-0.121854745,-0.13997786,-0.21433522,-0.13908121,-0.16057305,-0.15027165,-0.07092635,-0.14978772,-0.152887,-0.18733518,-0.15010783,-0.12616266,-0.12334781,6.611542,-0.15029854,-0.114095174,-0.25318068,-0.26654312,-0.125554,-0.10945694,-0.15029079,-0.09238048,4.745321,-0.1503343,-0.15350237,-0.12576826,-0.15027195,-0.16015086,-0.1553517,-0.15033814,-0.19704957,-0.20616047,-0.12527111,-0.10460003,-0.11361031,-0.10256614,-0.15033165,-0.19495486,-0.15031098,-0.12570336,-0.15019834,-0.041086134,-0.12967405,-0.150337,-0.2300741,-0.15031853,-0.10384405,-0.14912008,-0.0784167,-0.15021378,-0.12766197,-0.15023053,-0.121451,-0.075820275,-0.09192432,-0.101488546,-0.15010577,-0.153495,-0.12378413,-0.15020713,-0.1410757,-0.13984437,-0.18093297,-0.15033922,-0.25777104,-0.12844054,-0.15026088,-0.13462572,-0.119081676,-0.15031374,-0.15357368,-0.15357511,-0.15357608,-0.19755594,-0.25103784,-0.20219928,-0.19465852,-0.24831252,-0.20506537,-0.22091979,-0.15032607,-0.12593696,-0.11956477,-0.15032196,-0.15357046,-0.20931396,-0.18224281,-0.1503144,-0.32474133,-0.15033756,-0.15357839,-0.15357745,-0.15357712,-0.2185038,-0.15031385,-0.114121355,-0.15031606,-0.15356496,-0.15357068,-0.22984435,-0.15033212,-0.15355575,-0.08963354,-0.15024415,-0.15353607,-0.15355101,-0.1535525,-0.13302092,-0.1051107,-0.14014931,-0.15141064,-0.15839578,-0.15615125,-0.14613561,-0.15032901,-0.12319561,-0.12622333,-0.1502974,-0.15357825,-0.15357783,-0.15357783,-0.15357827,-0.38518023,-0.11451449,-0.15030421,-0.15564899,-0.14443555,-0.16636807,-0.15033346,-0.15351054,-0.12993515,-0.047159404,-0.14515786,-0.14016809,-0.14106366,-0.15020844,-0.19987361,-0.1649412,-0.17166539,-0.15031444,-0.1535421,-0.12722544,-0.14610182,-0.2588673,-0.12606928,-0.1502292,-0.09132757,-0.12832497,-0.13684332,-0.16221203,-0.15659244,-0.12560496,-0.15011714,-0.15349719,-0.15353912,-0.15356797,-0.15740095,-0.19795567,-0.15106063,-0.07294749,-0.2039893,-0.15030473,-0.15353812,-0.104459345,-0.15003487,-0.17466888,-0.13176009,-0.15031135,-0.15109587,-0.10913184,-0.15017176,-0.05825615,-0.14326635,-0.17082691,-0.15025818,-0.18883844,-0.1503385,-0.31316653,-0.15032998,-0.16808087,-0.14331596,-0.15033188,-0.15357526,-0.25088155,-0.15033884,-0.22115314,-0.07562123,-0.086852394,-0.10702289,-0.060967896,-0.14451957,-0.16796505,-0.15746465,-0.22133875,-0.12812386,-0.0969081,-0.16398169,-0.12716047,-0.11335766,-0.18846886,-0.12621884,-0.17755464,-0.0994983,-0.115196005,-0.15025946,-0.11662802,-0.19749595,-0.14526704,-0.12781724,-0.096878245,-0.15026015,-0.15340833,-0.12434345,-0.11230643,-0.063823454,-0.15020043,-0.11419349,-0.10007019,-0.24483351,-0.1503393,-0.15356804,-0.16344379,-0.1759062,-0.12524253,-0.15032661,-0.0782174,-0.19187105,-0.18185812,-0.09859173,-0.11065883,-0.15004678,-0.15329939,-0.083404,4.085736,-0.13072303,-0.13855581,-0.19385117,-0.15030691,-0.15357256,-0.19487974,-0.23847799,-0.2432746,-0.12594005,-0.15016237,-0.15354767,-0.14520228,1.1213689,-0.15033865,-0.19813283,-0.1261417,-0.1502833,-0.060104962,-0.15931924,-0.1503371,-0.2028091,-0.2868003,-0.11816878,2.7435057,5.143951,-0.15020218,-0.13614628,-0.20725825,-0.17393659,-0.125103,-0.15657571,-0.15690626,-0.1503359,-0.15357468,-0.16221246,-0.22200036,-0.12627833,-0.2814266,-0.15033966,-0.1915083,-0.24371436,-0.16952515,-0.15026537,4.568457,-0.12557748,-0.15033317,3.9797041,-0.15033945,-0.18642783,-0.15029043,-0.30462334,-0.15024206,-0.14691104,-0.13029914,-0.15032819,-0.15356402,-0.18915205,-0.12621222,-0.15033257,-0.10481856,2.4094148,-0.15033057,-0.15357642,-0.15355143,-0.12589006,-0.15024865,-0.15354684,-0.15353906,-0.15354896,-0.15355639,-0.16505513,-0.17392421,-0.15032667,-0.15357019,-0.15356132,-0.15357062,-0.2025511,-0.15354379,1.6773585,-0.14945288,-0.11499533,-0.10471026,-0.11893196,-0.15032989,-0.15350968,-0.12617937,-0.19501048,-0.15033665,-0.18738703,-0.11705899,-0.17429145,-0.15032852,-0.06652963,-0.15011981,-0.10737923,-0.124497145,-0.15298569,-0.052188452,-0.26007295
k__Bacteria|p__Firmicutes|c__Bacilli|o__Lactobacillales|f__Streptococcaceae|g__Streptococcus|s__Streptococcus_SGB4454,-0.1004395,-0.12316422,-0.14868368,-0.15189251,-0.15189275,-0.23867357,-0.1666669,-0.16813041,-0.10929718,-0.22895765,-0.23728925,-0.14868826,-0.22850217,-0.3768707,-0.08556121,-0.14830187,-0.058144663,-0.14818442,-0.1518335,0.5441609,-0.1978925,-0.12466968,-0.14865485,-0.12711628,-0.20043859,-0.11658599,-0.182019,-0.25032333,-0.1509206,-0.14865935,-0.15142563,-0.10844302,-0.18249588,-0.28454733,-0.14867553,-0.12485215,-0.14868599,-0.22338755,-0.1486886,-0.29867563,-0.14868867,1.6394953,-0.12418424,-0.1485475,-0.13691942,-0.1486834,-0.23188588,-0.24781659,-0.1296162,-0.124857806,-0.24679694,-0.18279888,-0.25087595,-0.26027086,-0.28621647,-0.27511892,-0.11894142,-0.1486063,-0.040142577,-0.056944285,-0.14800003,-0.11274739,-0.13743341,-0.12474479,-0.14866787,-0.15188834,-0.15189253,-0.15189315,-0.27573854,-0.14864947,-0.12474868,-0.16243835,1.7657139,-0.14074792,-0.14865635,-0.15887658,-0.14481027,-0.12483746,-0.18691605,-0.14998752,-0.14867721,-0.15187246,-0.15188302,-0.15181798,-0.120334074,-0.13700745,-0.08858878,-0.14867161,-0.19008024,-0.14868215,-0.2004665,-0.11139822,-0.1388583,-0.13027036,-0.1074974,-0.15152657,-0.14859122,-0.1515783,-0.10065024,-0.08152827,-0.09427856,-0.14863792,-0.11960925,-0.15027548,-0.16982608,-0.1185138,-0.14865346,-0.15188679,-0.17738779,-0.15176103,-0.14868484,1.605027,-0.17989698,-0.13525523,-0.14868224,-0.15095688,-0.17780018,-0.2009549,-0.1486619,-0.09015879,-0.14840633,-0.12151222,-0.121854745,-0.13997786,-0.21433522,-0.13908121,-0.16057305,-0.148615,-0.07092635,-0.14809033,-0.15115395,-0.18733518,-0.14843652,-0.124730065,-0.12334781,-0.14100276,-0.14864407,-0.114095174,-0.25318068,-0.26654312,-0.123976916,-0.10945694,-0.1486358,-0.09238048,-0.20963459,-0.14868245,-0.15181059,-0.1242464,-0.14861488,-0.16015086,-0.1553517,-0.14868651,0.85261303,-0.20616047,-0.12369068,-0.10460003,-0.11361031,-0.10256614,-0.14867958,-0.19495486,-0.14865646,-0.12415116,-0.14853588,-0.041086134,-0.12967405,-0.1486853,-0.2300741,-0.14866503,-0.10384405,-0.14734364,-0.0784167,-0.1485516,-0.12766197,-0.14857078,-0.121451,-0.075820275,-0.09192432,-0.101488546,-0.14843518,-0.15180421,-0.12378413,-0.14853245,-0.1410757,-0.13984437,-0.18093297,-0.14868766,-0.25777104,-0.12844054,-0.14859977,-0.13462572,-0.119081676,-0.14866033,-0.15188876,-0.15189031,-0.15189135,-0.19755594,-0.25103784,-0.20219928,-0.19465852,-0.24831252,-0.20506537,-0.22091979,-0.14867339,-0.124442466,-0.11956477,-0.14866921,-0.15188533,-0.20931396,-0.18224281,-0.14866026,-0.32474133,-0.14868592,-0.15189381,-0.15189281,-0.15189245,-0.2185038,-0.14865941,-0.114121355,-0.14866278,-0.15187941,-0.15188554,-0.22984435,-0.14868009,-0.15186816,-0.08963354,-0.14858522,-0.15184851,-0.1518645,-0.1518661,-0.13302092,-0.1051107,-0.14014931,-0.15141064,-0.15839578,-0.15615125,-0.14613561,-0.14867678,-0.12319561,-0.12481086,-0.14864303,-0.15189365,-0.1518932,-0.15189321,-0.15189369,-0.38518023,-0.11451449,-0.14865026,-0.15564899,-0.14443555,-0.16636807,-0.14868154,-0.15182057,-0.12993515,-0.047159404,-0.14314723,-0.14016809,-0.14106366,-0.14854805,-0.19987361,-0.1649412,-0.17166539,-0.1486612,-0.15185505,-0.12722544,-0.14610182,-0.2588673,-0.124614775,-0.14856878,-0.09132757,-0.12832497,-0.13684332,-0.16221203,-0.15659244,-0.12402323,-0.1484467,-0.15180656,-0.15185171,-0.15188266,-0.15740095,-0.19795567,-0.15106063,-0.07294749,-0.2039893,-0.14865077,-0.15185049,-0.104459345,-0.14828354,-0.17466888,-0.13176009,-0.14865793,-0.15109587,-0.10913184,-0.14850457,-0.05825615,2.549988,-0.17082691,-0.14860106,-0.18883844,-0.14868692,-0.31316653,-0.1486777,-0.16808087,-0.14331596,-0.14867985,-0.15189044,-0.25088155,-0.14868726,-0.22115314,-0.07562123,-0.086852394,-0.10702289,-0.060967896,-0.1424711,-0.16796505,-0.15746465,-0.22133875,-0.12812386,-0.0969081,-0.16398169,1.4274124,-0.11335766,-0.18846886,-0.124803916,-0.17755464,-0.0994983,-0.115196005,-0.14860222,-0.11662802,-0.19749595,-0.14526704,-0.12781724,-0.096878245,-0.14860278,-0.1517105,-0.12434345,-0.11230643,-0.063823454,-0.14853713,-0.11419349,-0.10007019,-0.24483351,-0.14868775,-0.15188259,-0.16344379,1.841193,-0.12524253,-0.14867423,-0.0782174,-0.19187105,-0.18185812,-0.09859173,-0.11065883,-0.14837351,-0.15159392,2.4729462,-0.1213824,2.8950884,-0.13855581,-0.19385117,-0.14865309,-0.1518876,-0.19487974,-0.23847799,-0.2432746,-0.1244795,-0.14849743,-0.15186092,-0.14520228,-0.2961179,-0.1486871,-0.19813283,-0.12471036,-0.14862749,-0.060104962,-0.15931924,-0.14868541,-0.2028091,-0.2868003,-0.11816878,-0.14795661,-0.10060286,-0.14854056,-0.13614628,1.8728657,-0.17393659,-0.125103,-0.15657571,2.8685725,-0.14868411,-0.15188983,-0.16221246,3.0844328,-0.12487191,-0.2814266,-0.14868814,-0.1915083,-0.24371436,-0.16952515,-0.14860463,-0.13369927,-0.12557748,-0.1486812,-0.18106565,-0.14868791,-0.18642783,-0.14863417,0.5159302,-0.14858389,-0.14691104,-0.13029914,-0.14867587,-0.1518784,-0.18915205,-0.12479764,-0.14868054,-0.10481856,-0.1650517,-0.14867842,-0.1518917,-0.15186384,-0.12438284,-0.14859042,-0.15185997,-0.15185156,-0.15186226,-0.15187001,-0.16505513,-0.17392421,-0.14867422,-0.15188503,-0.15187559,-0.15188552,-0.2025511,-0.15354379,2.4767897,-0.1477409,-0.11499533,-0.10471026,-0.11893196,-0.14867765,-0.15181774,-0.12475989,-0.19501048,-0.14868492,-0.18738703,-0.11705899,-0.17429145,-0.14867577,-0.06652963,-0.14844948,-0.10737923,-0.124497145,-0.15298569,-0.052188452,-0.26007295
k__Bacteria|p__Firmicutes|c__Clostridia|o__Eubacteriales|f__Oscillospiraceae|g__Dysosmobacter|s__Dysosmobacter_welbionis,-0.1004395,-0.12316422,-0.15225606,-0.1554785,-0.15547884,-0.23867357,-0.1666669,-0.16813041,-0.10929718,1.7734293,-0.23728925,-0.15226206,-0.22850217,1.709712,-0.08556121,-0.1517621,-0.058144663,-0.15160246,-0.15540123,-0.19931981,-0.1978925,-0.12809029,-0.15221822,-0.12711628,-0.20043859,-0.11658599,-0.182019,-0.25032333,-0.1509206,-0.15222408,-0.15142563,-0.10844302,-0.18249588,-0.28454733,-0.1522452,-0.12832439,-0.15225908,-0.22338755,-0.15226251,-0.29867563,-0.15226258,-0.29356226,-0.12745476,-0.15207726,-0.13691942,-0.15225568,-0.23188588,-0.24781659,-0.1296162,-0.12833168,-0.24679694,-0.18279888,-0.25087595,-0.26027086,-0.28621647,-0.27511892,-0.11894142,-0.15215474,-0.040142577,-0.056944285,-0.15135847,-0.11274739,-0.13743341,-0.12818739,-0.15223534,-0.15547301,-0.15547854,-0.15547936,-0.27573854,-0.15221244,-0.12819009,-0.16243835,-0.12334165,-0.14074792,-0.15222016,-0.15887658,-0.14481027,-0.12830517,-0.18691605,-0.14998752,-0.1522476,-0.15545219,-0.15546605,-0.1553822,-0.120334074,-0.13700745,-0.08858878,-0.15224022,-0.19008024,-0.15225405,-0.2004665,-0.11139822,-0.1388583,-0.13027036,-0.1074974,-0.15152657,-0.15213478,-0.15508872,-0.10065024,-0.08152827,-0.09427856,-0.15219602,-0.11960925,-0.15027548,-0.16982608,-0.1185138,-0.15221639,-0.155471,-0.17738779,-0.15176103,-0.15225758,-0.25953975,-0.17989698,-0.13525523,-0.15225413,-0.15095688,-0.17780018,-0.2009549,-0.15222776,-0.09015879,-0.15189242,-0.12151222,-0.121854745,-0.13997786,-0.21433522,-0.13908121,-0.16057305,-0.15216608,-0.07092635,-0.15148088,-0.1545095,-0.18733518,-0.15193379,-0.12816873,-0.12334781,-0.14100276,-0.15220413,-0.114095174,-0.25318068,-0.26654312,-0.12723544,-0.10945694,-0.15219325,-0.09238048,-0.20963459,-0.15225443,-0.15537226,-0.12756307,-0.15216622,-0.16015086,-0.1553517,-0.1522598,-0.19704957,-0.20616047,-0.12686247,-0.10460003,-0.11361031,-0.10256614,-0.15225068,-0.19495486,-0.1522204,-0.12745774,-0.15206268,-0.041086134,-0.12967405,-0.15225819,-0.2300741,-0.15223148,-0.10384405,-0.1505171,-0.0784167,-0.15208372,-0.12766197,-0.15210813,-0.121451,-0.075820275,-0.09192432,-0.101488546,-0.15193078,-0.1553628,-0.12378413,-0.15206298,-0.1410757,-0.13984437,-0.18093297,-0.15226126,-0.25777104,-0.12844054,-0.15214825,-0.13462572,-0.119081676,-0.15222546,-0.15547357,-0.15547562,-0.15547697,-0.19755594,-0.25103784,-0.20219928,-0.19465852,-0.24831252,-0.20506537,-0.22091979,-0.15224257,-0.1278138,-0.11956477,-0.15223704,-0.15546907,-0.20931396,-0.18224281,-0.15222538,-0.32474133,-0.15225898,-0.1554802,-0.15547888,-0.15547845,-0.2185038,-0.15222472,-0.114121355,-0.15222868,-0.15546131,-0.15546937,-0.22984435,-0.15225135,-0.15544695,-0.08963354,-0.15212718,-0.15542078,-0.15544175,-0.15544385,-0.13302092,-0.1051107,-0.14014931,-0.15141064,-0.15839578,-0.15615125,-0.14613561,-0.15224698,-0.12319561,-0.12827085,-0.15220267,-0.15547998,-0.15547942,-0.15547942,-0.15548004,0.73424536,-0.11451449,-0.15221217,-0.15564899,-0.14443555,-0.16636807,-0.15225323,-0.1553841,-0.12993515,-0.047159404,-0.14499155,-0.14016809,-0.14106366,-0.15207797,-0.19987361,-0.1649412,-0.17166539,-0.15222654,-0.1554293,-0.12722544,-0.14610182,-0.2588673,-0.12802845,-0.15210575,-0.09132757,-0.12832497,-0.13684332,-0.16221203,-0.15659244,-0.1273006,-0.15194675,-0.15536585,-0.15542501,-0.15546557,-0.15740095,-0.19795567,-0.15106063,-0.07294749,-0.2039893,-0.15221284,-0.1554235,-0.104459345,-0.15178877,-0.17466888,-0.13176009,-0.15222223,-0.15109587,-0.10913184,-0.1520229,-0.05825615,-0.14326635,-0.17082691,-0.15214756,-0.18883844,-0.1522603,-0.31316653,-0.15224825,-0.16808087,-0.14331596,-0.152251,-0.1554758,-0.25088155,-0.15226075,-0.22115314,-0.07562123,-0.086852394,-0.10702289,-0.060967896,-0.14410043,4.094646,0.7706187,-0.22133875,-0.12812386,-0.0969081,-0.16398169,-0.12716047,-0.11335766,-0.18846886,-0.1282623,-0.17755464,-0.0994983,-0.115196005,-0.15214922,-0.11662802,-0.19749595,-0.14526704,-0.12781724,-0.096878245,-0.15215005,-0.15524025,-0.12434345,-0.11230643,-0.063823454,-0.15206465,-0.11419349,-0.10007019,-0.24483351,-0.1522614,-0.15546545,-0.16344379,-0.1759062,-0.12524253,-0.15224366,-0.0782174,-0.19187105,-0.18185812,-0.09859173,-0.11065883,-0.15184969,-0.15508732,-0.083404,-0.1213824,-0.13072303,-0.13855581,-0.19385117,-0.15221591,-0.15547204,-0.19487974,-0.23847799,-0.2432746,-0.12785482,-0.15201214,-0.15543708,-0.14520228,-0.2961179,-0.15226051,-0.19813283,-0.12814479,-0.15218249,-0.060104962,-0.15931924,-0.15225832,-0.2028091,-0.2868003,-0.11816878,-0.14795661,-0.10060286,-0.15206838,-0.13614628,-0.20725825,-0.17393659,-0.125103,-0.15657571,-0.15690626,-0.15225662,-0.15547499,-0.16221246,-0.22200036,-0.12835011,-0.2814266,-0.15226188,-0.1915083,-0.24371436,-0.16952515,-0.15215367,-0.13369927,-0.12557748,-0.1522528,-0.18106565,-0.15226161,-0.18642783,-0.15219125,-0.30462334,-0.15212503,-0.14691104,-0.13029914,-0.15224582,-0.15546,-0.18915205,-0.12825358,-0.15225193,-0.10481856,-0.1650517,-0.15224913,-0.15547743,-0.15544105,-0.12775004,-0.15213381,-0.15543583,-0.15542483,-0.15543884,-0.15544909,-0.16505513,-0.17392421,-0.15224364,-0.1554687,-0.1554563,-0.15546934,-0.2025511,-0.15354379,-0.14723541,-0.15101823,-0.11499533,-0.10471026,-0.11893196,-0.15224817,-0.15538082,-0.12820518,-0.19501048,-0.15225768,-0.18738703,-0.11705899,-0.17429145,-0.1522457,-0.06652963,-0.1519503,-0.10737923,-0.124497145,-0.15298569,-0.052188452,-0.26007295
k__Bacteria|p__Firmicutes|c__CFGB2107|o__OFGB2107|f__FGB2107|g__GGB6020|s__GGB6020_SGB14985,-0.1004395,-0.12316422,-0.15242538,-0.15570933,-0.15570956,-0.23867357,-0.1666669,-0.16813041,-0.10929718,-0.22895765,-0.23728925,-0.15242977,-0.22850217,4.3651195,-0.08556121,-0.1520679,-0.058144663,-0.15195003,-0.15565282,-0.19931981,-0.1978925,-0.12787426,-0.15239778,-0.12711628,-0.20043859,-0.11658599,-0.182019,-0.25032333,-0.1509206,-0.15240203,-0.15142563,-0.10844302,-0.18249588,-0.28454733,-0.15241769,-0.12803659,-0.1524276,-0.22338755,-0.15243009,-0.29867563,-0.15243015,-0.29356226,-0.12744044,-0.15229487,-0.13691942,-0.15242511,-0.23188588,-0.24781659,-0.1296162,-0.1280417,-0.24679694,-0.18279888,-0.25087595,-0.26027086,-0.28621647,-0.27511892,-0.11894142,-0.15235157,-0.040142577,-0.056944285,-0.15176919,-0.11274739,-0.13743341,-0.12794186,-0.15241024,-0.15570532,-0.15570933,-0.15570994,-0.27573854,-0.15239412,-0.12794276,-0.16243835,-0.12334165,-0.14074792,-0.15239918,-0.15887658,-0.14481027,-0.12802318,-0.18691605,-0.14998752,-0.1524192,-0.1556901,-0.15570022,-0.15564053,-0.120334074,-0.13700745,-0.08858878,-0.15241385,-0.19008024,-0.15242392,-0.2004665,-0.11139822,-0.1388583,-0.13027036,-0.1074974,-0.15152657,-0.15233704,-0.15544052,-0.10065024,-0.08152827,-0.09427856,-0.15238166,-0.11960925,-0.15027548,-0.16982608,-0.1185138,-0.15239638,-0.15570386,-0.17738779,-0.15176103,-0.1524265,-0.25953975,-0.17989698,-0.13525523,-0.152424,-0.15095688,-0.17780018,-0.2009549,-0.15240502,-0.09015879,-0.15216067,-0.12151222,-0.121854745,-0.13997786,-0.21433522,-0.13908121,-0.16057305,-0.15235987,-0.07092635,-0.15186113,-0.15500037,-0.18733518,-0.15219024,-0.12793279,-0.12334781,-0.14100276,-0.15238747,-0.114095174,-0.25318068,-0.26654312,-0.12730305,-0.10945694,-0.1523796,-0.09238048,-0.20963459,-0.15242419,-0.15563184,-0.12752545,-0.15235978,-0.16015086,-0.1553517,-0.1524281,-0.19704957,-0.20616047,-0.12703136,-0.10460003,-0.11361031,-0.10256614,-0.15242147,-0.19495486,-0.15239987,-0.12746,-0.15228462,-0.041086134,-0.12967405,-0.15242693,-0.2300741,-0.15240769,-0.10384405,-0.15116292,-0.0784167,-0.15229966,-0.12766197,-0.15231761,-0.121451,-0.075820275,-0.09192432,-0.101488546,-0.15218908,-0.15562505,-0.12378413,-0.15228873,-0.1410757,-0.13984437,-0.18093297,-0.1524292,-0.25777104,-0.12844054,-0.15234795,-0.13462572,-0.119081676,-0.15240309,-0.15570572,-0.15570718,-0.1557082,-0.19755594,-0.25103784,-0.20219928,-0.19465852,-0.24831252,-0.20506537,-0.22091979,-0.15241557,-0.1276986,-0.11956477,-0.15241152,-0.15570243,-0.20931396,-0.18224281,-0.15240334,-0.32474133,-0.15242752,-0.15571058,-0.1557096,-0.15570927,-0.2185038,-0.15240252,-0.114121355,-0.1524053,-0.15569675,-0.15570262,-0.22984435,-0.15242197,-0.15568638,-0.08963354,-0.1523313,-0.15566723,-0.15568246,-0.15568407,-0.13302092,-0.1051107,-0.14014931,-0.15141064,-0.15839578,-0.15615125,-0.14613561,-0.15241878,-0.12319561,-0.12799847,-0.15238632,-0.1557104,-0.15570998,-0.15570998,-0.15571043,-0.38518023,-0.11451449,-0.15239336,-0.15564899,-0.14443555,-0.16636807,-0.15242332,-0.15564045,-0.12993515,-0.047159404,-0.1471084,-0.14016809,-0.14106366,-0.15229526,-0.19987361,-0.1649412,-0.17166539,-0.15240386,-0.15567349,-0.12722544,-0.14610182,2.2154365,-0.12783706,-0.15231617,-0.09132757,-0.12832497,-0.13684332,-0.16221203,-0.15659244,-0.12734957,-0.15219983,-0.15562719,-0.15567032,-0.15569988,-0.15740095,-0.19795567,-0.15106063,-0.07294749,-0.2039893,-0.15239383,-0.15566927,-0.104459345,-0.15210828,-0.17466888,-0.13176009,-0.15240073,-0.15109587,-0.10913184,-0.15225601,-0.05825615,-0.14326635,-0.17082691,-0.15234613,-0.18883844,-0.1524285,-0.31316653,-0.15241966,-0.16808087,-0.14331596,-0.15242171,-0.15570733,-0.25088155,-0.1524288,-0.22115314,-0.07562123,-0.086852394,-0.10702289,-0.060967896,-0.14645886,-0.16796505,-0.15746465,-0.22133875,-0.12812386,-0.0969081,-0.16398169,-0.12716047,-0.11335766,-0.18846886,-0.1279935,-0.17755464,-0.0994983,-0.115196005,-0.15234742,-0.11662802,-0.19749595,-0.14526704,-0.12781724,-0.096878245,-0.15234815,-0.1555359,-0.12434345,-0.11230643,-0.063823454,-0.15228614,-0.11419349,-0.10007019,-0.24483351,-0.1524293,-0.1556998,-0.16344379,-0.1759062,-0.12524253,-0.15241633,-0.0782174,-0.19187105,-0.18185812,-0.09859173,-0.11065883,-0.15212952,-0.15542436,-0.083404,-0.1213824,-0.13072303,-0.13855581,-0.19385117,-0.15239605,-0.15570459,-0.19487974,-0.23847799,-0.2432746,-0.12770924,-0.1522477,-0.15567903,-0.14520228,-0.2961179,-0.15242866,-0.19813283,-0.12791297,-0.15237173,-0.060104962,-0.15931924,-0.15242705,2.5625181,3.351006,-0.11816878,-0.14795661,-0.10060286,-0.15228847,0.82375646,-0.20725825,-0.17393659,-0.125103,-0.15657571,-0.15690626,-0.15242581,-0.15570673,-0.16221246,-0.22200036,-0.12805495,-0.2814266,-0.15242966,-0.1915083,-0.24371436,-0.16952515,-0.15235175,-0.13369927,-0.12557748,-0.152423,-0.18106565,-0.15242943,-0.18642783,-0.15237845,-0.30462334,-0.15232956,-0.14691104,-0.13029914,-0.1524179,-0.15569583,-0.18915205,-0.12798674,-0.1524224,-0.10481856,-0.1650517,-0.15242034,-0.15570852,-0.15568227,-0.12764902,-0.15233636,-0.15567811,-0.15567012,-0.15568033,-0.15568785,-0.16505513,-0.17392421,-0.15241633,-0.15570217,-0.15569308,-0.15570262,-0.2025511,-0.15354379,-0.14723541,-0.1515196,-0.11499533,-0.10471026,-0.11893196,-0.15241963,-0.15563881,-0.1279528,-0.19501048,-0.15242657,-0.18738703,-0.11705899,-0.17429145,-0.15241799,-0.06652963,-0.15220326,-0.10737923,-0.124497145,-0.15298569,-0.052188452,-0.26007295
k__Bacteria|p__Firmicutes|c__Tissierellia|o__Tissierellales|f__Peptoniphilaceae|g__Peptoniphilus|s__Peptoniphilus_sp_Marseille_P3761,-0.1004395,-0.12316422,-0.15042263,-0.15367344,-0.15367368,-0.23867357,-0.1666669,-0.16813041,-0.10929718,-0.22895765,-0.23728925,-0.15042698,-0.22850217,-0.3768707,-0.08556121,-0.15006351,-0.058144663,-0.14994946,-0.15361753,-0.19931981,-0.1978925,-0.12611341,-0.15039533,-0.12711628,-0.20043859,-0.11658599,-0.182019,-0.25032333,-0.1509206,-0.15039963,-0.15142563,-0.10844302,-0.18249588,-0.28454733,-0.15041503,-0.12627953,-0.15042482,-0.22338755,-0.1504273,-0.29867563,-0.15042737,-0.29356226,-0.12566523,-0.1502938,-0.13691942,-0.1504224,-0.23188588,-0.24781659,-0.1296162,-0.12628482,-0.24679694,-0.18279888,-0.25087595,-0.26027086,-0.28621647,0.9392577,-0.11894142,-0.15034941,-0.040142577,-0.056944285,-0.14977494,-0.11274739,-0.13743341,-0.12618354,-0.1504077,-0.15366948,-0.15367347,-0.15367405,-0.27573854,-0.15039144,-0.12618415,-0.16243835,-0.12334165,-0.14074792,-0.15039673,-0.15887658,-0.14481027,-0.12626594,-0.18691605,-0.14998752,-0.15041652,-0.15365446,-0.15366447,-0.15360501,-0.120334074,-0.13700745,-0.08858878,-0.15041122,-0.19008024,-0.1504212,-0.2004665,-0.11139822,-0.1388583,-0.13027036,-0.1074974,-0.15152657,-0.15033516,-0.15339544,-0.10065024,-0.08152827,-0.09427856,-0.15037932,-0.11960925,-0.15027548,-0.16982608,-0.1185138,-0.15039402,-0.15366803,-0.17738779,-0.15176103,-0.15042375,-0.25953975,-0.17989698,-0.13525523,-0.15042126,-0.15095688,-0.17780018,-0.2009549,-0.15040252,-0.09015879,-0.15015996,-0.12151222,-0.121854745,-0.13997786,-0.21433522,-0.13908121,-0.16057305,-0.1503577,-0.07092635,-0.14986143,-0.15297464,-0.18733518,-0.15019026,-0.12617192,-0.12334781,-0.14100276,-0.15038517,-0.114095174,-0.25318068,-0.26654312,-0.12551475,-0.10945694,-0.15037727,-0.09238048,-0.20963459,-0.15042147,-0.15359676,-0.12574348,-0.15035754,-0.16015086,-0.1553517,-0.15042534,-0.19704957,-0.20616047,-0.12523034,-0.10460003,-0.11361031,-0.10256614,-0.15041876,-0.19495486,-0.15039739,-0.12567139,-0.15028277,-0.041086134,-0.12967405,-0.1504242,-0.2300741,-0.15040532,-0.10384405,-0.1491645,-0.0784167,-0.15029785,-0.12766197,-0.15031582,-0.121451,-0.075820275,-0.09192432,-0.101488546,-0.15018821,-0.15358984,-0.12378413,-0.15028283,-0.1410757,-0.13984437,-0.18093297,-0.15042642,-0.25777104,-0.12844054,-0.15034506,-0.13462572,-0.119081676,-0.15040053,-0.15366986,-0.15367134,-0.15367232,-0.19755594,2.8122973,-0.20219928,-0.19465852,-0.24831252,3.4710472,2.2800496,-0.150413,-0.1259242,-0.11956477,-0.1504089,-0.15366665,-0.20931396,-0.18224281,-0.15040067,0.82912356,-0.15042475,-0.15367466,-0.15367371,-0.15367338,-0.2185038,-0.15039985,-0.114121355,-0.15040284,-0.15366107,-0.15366682,-0.22984435,-0.15041924,-0.15365048,-0.08963354,-0.15032941,-0.15363172,-0.15364692,-0.1536484,-0.13302092,-0.1051107,-0.14014931,-0.15141064,-0.15839578,-0.15615125,-0.14613561,-0.15041608,-0.12319561,-0.12624125,-0.15038416,-0.15367451,-0.1536741,-0.1536741,-0.15367454,-0.38518023,-0.11451449,-0.15039098,-0.15564899,-0.14443555,-0.16636807,-0.15042062,-0.15360577,-0.12993515,-0.047159404,-0.14517969,-0.14016809,-0.14106366,-0.1502941,-0.19987361,-0.1649412,-0.17166539,-0.15040134,-0.15363789,-0.12722544,-0.14610182,-0.2588673,-0.12607145,-0.15031412,-0.09132757,-0.12832497,-0.13684332,-0.16221203,-0.15659244,-0.12556301,-0.15019882,-0.1535921,-0.15363479,-0.15366408,-0.15740095,-0.19795567,-0.15106063,-0.07294749,-0.2039893,-0.15039147,-0.15363368,-0.104459345,-0.15007758,-0.17466888,-0.13176009,-0.15039822,-0.15109587,-0.10913184,-0.15025406,-0.05825615,-0.14326635,-0.17082691,-0.15034437,-0.18883844,-0.1504257,-0.31316653,-0.15041706,-0.16808087,-0.14331596,-0.15041901,-0.15367149,-0.25088155,-0.15042603,-0.22115314,-0.07562123,-0.086852394,-0.10702289,-0.060967896,-0.14454065,-0.16796505,-0.15746465,2.2380915,-0.12812386,-0.0969081,-0.16398169,-0.12716047,-0.11335766,-0.18846886,-0.12623575,4.471175,-0.0994983,-0.115196005,-0.15034553,-0.11662802,-0.19749595,-0.14526704,-0.12781724,-0.096878245,-0.150346,-0.15350148,-0.12434345,-0.11230643,-0.063823454,-0.15028434,-0.11419349,-0.10007019,-0.24483351,-0.1504265,-0.15366416,-0.16344379,-0.1759062,-0.12524253,-0.15041369,-0.0782174,-0.19187105,-0.18185812,-0.09859173,-0.11065883,-0.15012911,-0.15339087,-0.083404,-0.1213824,-0.13072303,-0.13855581,-0.19385117,-0.1503937,-0.15366876,-0.19487974,-0.23847799,-0.2432746,-0.12594287,-0.1502465,-0.15364355,-0.14520228,-0.2961179,-0.15042587,-0.19813283,-0.12615265,-0.15036952,-0.060104962,-0.15931924,-0.15042429,-0.2028091,-0.2868003,-0.11816878,-0.14795661,-0.10060286,-0.15028727,-0.13614628,-0.20725825,-0.17393659,-0.125103,-0.15657571,-0.15690626,-0.15042305,-0.1536709,-0.16221246,-0.22200036,-0.12629807,1.1969161,-0.15042686,1.2652972,-0.24371436,-0.16952515,-0.15034935,-0.13369927,-0.12557748,-0.15042031,-0.18106565,-0.15042664,-0.18642783,-0.1503763,-0.30462334,-0.15032813,-0.14691104,-0.13029914,-0.15041526,-0.15366009,-0.18915205,-0.12622926,-0.15041968,-0.10481856,-0.1650517,-0.15041766,-0.15367267,-0.15364692,-0.12587593,-0.15033439,-0.15364265,-0.15363468,-0.1536448,-0.15365213,-0.16505513,-0.17392421,-0.1504137,-0.15366635,-0.1536574,-0.15366682,-0.2025511,-0.15354379,-0.14723541,-0.14953019,-0.11499533,-0.10471026,-0.11893196,-0.15041694,-0.1536036,-0.1261944,-0.19501048,-0.15042382,-0.18738703,-0.11705899,-0.17429145,-0.15041538,-0.06652963,-0.15020126,-0.10737923,-0.124497145,-0.15298569,-0.052188452,-0.26007295
k__Bacteria|p__Firmicutes|c__Bacilli|o__Lactobacillales|f__Enterococcaceae|g__Enterococcus|s__Enterococcus_SGB6173,-0.1004395,-0.12316422,-0.15026292,-0.15346196,-0.15346229,-0.23867357,-0.1666669,-0.16813041,-0.10929718,-0.22895765,-0.23728925,-0.15026847,-0.22850217,-0.3768707,-0.08556121,-0.14980745,-0.058144663,-0.14965346,-0.15339059,-0.19931981,-0.1978925,-0.12629917,-0.15022781,-0.12711628,-0.20043859,-0.11658599,-0.182019,-0.25032333,-0.1509206,-0.15023352,-0.15142563,-0.10844302,-0.18249588,1.6572208,-0.15025331,-0.12650494,-0.1502657,-0.22338755,-0.15026888,-0.29867563,-0.15026894,-0.29356226,-0.12575567,-0.15009907,-0.13691942,-0.15026253,-0.23188588,-0.24781659,-0.1296162,-0.12651163,-0.24679694,-0.18279888,-0.25087595,-0.26027086,3.7037966,-0.27511892,-0.11894142,-0.15016931,-0.040142577,-0.056944285,-0.14943689,-0.11274739,-0.13743341,-0.1263865,-0.15024397,-0.15345688,-0.15346202,-0.15346277,1.7255422,-0.15022379,-0.12638679,-0.16243835,-0.12334165,-0.14074792,-0.15022963,-0.15887658,-0.14481027,-0.12648782,-0.18691605,-0.14998752,-0.15025505,-0.15343767,-0.15345058,-0.15337528,-0.120334074,-0.13700745,-0.08858878,-0.15024823,-0.19008024,-0.15026104,-0.2004665,-0.11139822,-0.1388583,-0.13027036,-0.1074974,-0.15152657,-0.15015063,-0.1531145,-0.10065024,-0.08152827,-0.09427856,-0.15020722,-0.11960925,-0.15027548,-0.16982608,-0.1185138,-0.15022638,-0.15345505,-0.17738779,-0.15176103,-0.15026432,-0.25953975,-0.17989698,-0.13525523,-0.15026112,-0.15095688,-0.17780018,-0.2009549,-0.15023784,-0.09015879,-0.14992547,-0.12151222,-0.121854745,-0.13997786,-0.21433522,-0.13908121,-0.16057305,-0.15017948,-0.07092635,-0.14954661,-0.15257652,-0.18733518,-0.1499702,-0.12637752,-0.12334781,-0.14100276,-0.15021476,-0.114095174,-0.25318068,0.6171786,-0.1255876,-0.10945694,-0.15020463,-0.09238048,-0.20963459,-0.15026137,-0.15336528,-0.12586822,-0.15017992,-0.16015086,-0.1553517,-0.15026636,-0.19704957,-0.20616047,-0.12526073,-0.10460003,-0.11361031,-0.10256614,-0.15025786,-0.19495486,-0.15023056,-0.1257917,-0.15008318,-0.041086134,4.5685673,-0.15026493,-0.2300741,-0.1502406,-0.10384405,-0.1486567,-0.0784167,-0.15010363,-0.12766197,-0.15012607,-0.121451,-0.075820275,-0.09192432,-0.101488546,-0.14996308,-0.15335459,-0.12378413,-0.15008767,-0.1410757,-0.13984437,-0.18093297,-0.15026772,-0.25777104,-0.12844054,-0.15016465,-0.13462572,-0.119081676,-0.15023437,-0.15345743,-0.1534593,-0.15346056,-0.19755594,-0.25103784,-0.20219928,-0.19465852,-0.24831252,-0.20506537,-0.22091979,-0.15025067,-0.12608421,-0.11956477,-0.1502452,-0.15345328,-0.20931396,-0.18224281,-0.15023528,-0.32474133,-0.15026557,-0.15346356,-0.15346232,-0.1534619,-0.2185038,-0.15023434,-0.114121355,-0.1502378,-0.15344638,-0.15345353,-0.22984435,-0.1502585,-0.1534336,-0.08963354,-0.15014403,-0.15340823,-0.15342818,-0.15342969,-0.13302092,-0.1051107,-0.14014931,-0.15141064,-0.15839578,-0.15615125,-0.14613561,-0.1502544,-0.12319561,-0.12645686,-0.15021403,-0.15346335,-0.15346283,-0.15346283,-0.15346341,-0.38518023,-0.11451449,-0.15022239,-0.15564899,-0.14443555,1.0327283,-0.15026034,-0.15337634,-0.12993515,-0.047159404,-0.14360619,-0.14016809,-0.14106366,-0.15009852,-0.19987361,-0.1649412,-0.17166539,-0.15023553,-0.15341605,-0.12722544,-0.14610182,-0.2588673,-0.12625223,-0.15012398,-0.09132757,-0.12832497,-0.13684332,-0.16221203,-0.15659244,-0.12566888,-0.14997837,-0.15335777,-0.15341231,-0.15344998,-0.15740095,-0.19795567,-0.15106063,-0.07294749,-0.2039893,-0.15022323,-0.15341072,-0.104459345,-0.14985877,-0.17466888,-0.13176009,-0.1502313,-0.15109587,-0.10913184,-0.1500487,-0.05825615,-0.14326635,-0.17082691,-0.15016294,-0.18883844,-0.15026686,-0.31316653,-0.15025593,-0.16808087,-0.14331596,-0.15025824,-0.15345952,-0.25088155,-0.15026727,1.1897867,-0.07562123,-0.086852394,-0.10702289,-0.060967896,-0.14278808,-0.16796505,-0.15746465,-0.22133875,-0.12812386,-0.0969081,-0.16398169,-0.12716047,-0.11335766,-0.18846886,-0.12645024,-0.17755464,-0.0994983,-0.115196005,-0.15016426,-0.11662802,-0.19749595,-0.14526704,-0.12781724,-0.096878245,-0.15016428,-0.15324177,-0.12434345,-0.11230643,-0.063823454,-0.15008608,-0.11419349,-0.10007019,1.6603857,-0.15026785,-0.15345007,-0.16344379,-0.1759062,-0.12524253,-0.15025136,-0.0782174,-0.19187105,-0.18185812,-0.09859173,-0.11065883,-0.1498863,-0.15309998,-0.083404,-0.1213824,-0.13072303,2.0081348,-0.19385117,-0.15022609,-0.15345597,-0.19487974,-0.23847799,-0.2432746,-0.12609246,-0.15003757,-0.15342379,-0.14520228,-0.2961179,-0.15026703,-0.19813283,-0.12634926,-0.15019527,-0.060104962,-0.15931924,-0.15026504,-0.2028091,-0.2868003,-0.11816878,-0.14795661,-0.10060286,-0.15009028,-0.13614628,-0.20725825,-0.17393659,-0.125103,-0.15657571,-0.15690626,-0.15026346,-0.15345871,-0.16221246,-0.22200036,-0.12652843,-0.2814266,-0.15026832,-0.1915083,-0.24371436,-0.16952515,-0.1501704,-0.13369927,-0.12557748,-0.15025991,-0.18106565,-0.15026805,-0.18642783,-0.15020446,-0.30462334,-0.1501427,-0.14691104,-0.13029914,-0.15025344,-0.1534448,-0.18915205,-0.12644115,-0.15025909,-0.10481856,-0.1650517,-0.15025663,-0.153461,-0.15342808,-0.12601538,-0.15014961,-0.1534228,-0.15341249,-0.15342554,-0.15343475,-0.16505513,-0.17392421,-0.15025152,-0.15345287,-0.15344149,-0.15345347,-0.2025511,-0.15354379,-0.14723541,-0.14913069,-0.11499533,-0.10471026,-0.11893196,-0.15025562,-0.15337329,-0.12639728,-0.19501048,-0.15026444,-0.18738703,-0.11705899,-0.17429145,-0.1502535,-0.06652963,-0.14997947,-0.10737923,-0.124497145,-0.15298569,-0.052188452,-0.26007295
k__Bacteria|p__Firmicutes|c__Clostridia|o__Eubacteriales|f__Eubacteriaceae|g__Eubacterium|s__Eubacterium_callanderi,-0.1004395,-0.12316422,-0.15003182,-0.15327305,-0.15327333,-0.23867357,-0.1666669,-0.16813041,-0.10929718,-0.22895765,-0.23728925,-0.15003717,-0.22850217,-0.3768707,-0.08556121,-0.14960518,-0.058144663,-0.14945698,-0.15320444,-0.19931981,-0.1978925,-0.1257723,-0.14999826,4.6026864,3.3325973,-0.11658599,-0.182019,-0.25032333,-0.1509206,-0.15000328,-0.15142563,-0.10844302,-0.18249588,-0.28454733,-0.15002242,-0.12596138,-0.15003452,-0.22338755,-0.15003756,-0.29867563,-0.15003762,-0.29356226,-0.1252661,-0.14987275,-0.13691942,-0.1500315,-0.23188588,-0.24781659,-0.1296162,-0.12596738,-0.24679694,-0.18279888,-0.25087595,-0.26027086,-0.28621647,-0.27511892,-0.11894142,-0.14994243,-0.040142577,-0.056944285,-0.14923225,-0.11274739,-0.13743341,-0.12585178,-0.15001339,-0.1532682,-0.15327308,-0.1532738,-0.27573854,-0.14999422,-0.12585083,-0.16243835,-0.12334165,-0.14074792,-0.14999995,-0.15887658,-0.14481027,-0.12594557,-0.18691605,-0.14998752,-0.15002434,-0.1532497,-0.15326199,-0.15318954,-0.120334074,-0.13700745,-0.08858878,-0.1500178,-0.19008024,-0.15003006,-0.2004665,-0.11139822,-0.1388583,-0.13027036,-0.1074974,-0.15152657,-0.1499246,-0.15295957,-0.10065024,-0.08152827,-0.09427856,-0.14997874,-0.11960925,-0.15027548,-0.16982608,-0.1185138,-0.14999646,-0.1532664,-0.17738779,-0.15176103,-0.15003316,-0.25953975,-0.17989698,-0.13525523,-0.15003014,-0.15095688,-0.17780018,-0.2009549,-0.15000707,-0.09015879,-0.1497112,-0.12151222,-0.121854745,-0.13997786,-0.21433522,-0.13908121,-0.16057305,-0.14995238,-0.07092635,-0.14934933,-0.15240818,-0.18733518,-0.14974499,-0.12584527,-0.12334781,-0.14100276,-0.14998579,-0.114095174,-0.25318068,-0.26654312,-0.12513494,-0.10945694,-0.14997624,-0.09238048,-0.20963459,-0.15003037,-0.15317717,-0.1253832,-0.14995228,-0.16015086,-0.1553517,-0.15003514,-0.19704957,-0.20616047,-0.124803714,-0.10460003,-0.11361031,-0.10256614,-0.15002705,-0.19495486,-0.15000072,-0.1253126,-0.14986128,-0.041086134,-0.12967405,-0.15003368,-0.2300741,-0.15000993,-0.10384405,-0.14851566,-0.0784167,-0.14987963,-0.12766197,-0.14990115,-0.121451,-0.075820275,-0.09192432,-0.101488546,-0.14974628,-0.15317094,-0.12378413,-0.14986895,-0.1410757,-0.13984437,-0.18093297,-0.15003645,-0.25777104,-0.12844054,-0.1499376,-0.13462572,-0.119081676,-0.15000483,-0.1532687,-0.15327045,-0.15327168,-0.19755594,-0.25103784,-0.20219928,-0.19465852,-0.24831252,-0.20506537,-0.22091979,-0.15001982,-0.12558267,-0.11956477,-0.15001497,-0.15326467,-0.20931396,-0.18224281,-0.15000501,-0.32474133,-0.15003444,-0.15327457,-0.15327339,-0.15327299,-0.2185038,-0.1500041,-0.114121355,-0.15000737,-0.1532577,-0.15326491,-0.22984435,-0.1500277,-0.15324542,-0.08963354,-0.14991775,-0.153222,-0.15324034,-0.15324244,-0.13302092,-0.1051107,-0.14014931,-0.15141064,-0.15839578,-0.15615125,-0.14613561,-0.15002382,-0.12319561,-0.12591566,-0.14998418,-0.15327437,-0.15327387,-0.15327387,-0.15327442,3.4532557,-0.11451449,-0.14999282,-0.15564899,-0.14443555,-0.16636807,-0.15002927,-0.1531885,-0.12993515,-0.047159404,-0.1435447,-0.14016809,-0.14106366,-0.14987338,-0.19987361,-0.1649412,-0.17166539,-0.15000564,-0.1532296,-0.12722544,-0.14610182,-0.2588673,-0.12573694,-0.14989981,-0.09132757,-0.12832497,-0.13684332,-0.16221203,-0.15659244,-0.12519774,-0.149759,-0.15317345,-0.15322568,-0.15326159,-0.15740095,-0.19795567,-0.15106063,-0.07294749,-0.2039893,-0.1499934,-0.1532246,-0.104459345,-0.14968304,-0.17466888,-0.13176009,-0.15000191,-0.15109587,-0.10913184,-0.14982781,-0.05825615,-0.14326635,-0.17082691,-0.14993538,-0.18883844,-0.15003559,4.6679616,-0.1500248,-0.16808087,-0.14331596,-0.15002736,-0.1532706,-0.25088155,-0.15003599,1.0142659,-0.07562123,-0.086852394,-0.10702289,-0.060967896,-0.14275427,-0.16796505,-0.15746465,-0.22133875,-0.12812386,-0.0969081,-0.16398169,-0.12716047,-0.11335766,-0.18846886,-0.12591068,-0.17755464,-0.0994983,-0.115196005,-0.14993706,-0.11662802,-0.19749595,-0.14526704,-0.12781724,-0.096878245,-0.14993832,-0.15306303,-0.12434345,-0.11230643,-0.063823454,-0.1498636,-0.11419349,-0.10007019,-0.24483351,-0.15003657,-0.15326124,5.485722,5.2108936,4.5647545,-0.15002084,-0.0782174,-0.19187105,-0.18185812,-0.09859173,-0.11065883,-0.14967316,-0.15292743,-0.083404,-0.1213824,-0.13072303,-0.13855581,-0.19385117,-0.14999606,-0.1532673,-0.19487974,-0.23847799,-0.2432746,-0.12557521,-0.1498164,-0.1532362,-0.14520228,-0.2961179,-0.1500358,-0.19813283,-0.12581943,-0.14996672,-0.060104962,-0.15931924,-0.15003382,-0.2028091,-0.2868003,-0.11816878,-0.14795661,-0.10060286,-0.14986533,-0.13614628,-0.20725825,-0.17393659,-0.125103,-0.15657571,-0.15690626,-0.15003234,-0.15326993,-0.16221246,-0.22200036,-0.1259833,-0.2814266,-0.15003702,-0.1915083,-0.24371436,-0.16952515,-0.14994189,-0.13369927,-0.12557748,-0.1500289,-0.18106565,-0.15003675,-0.18642783,-0.14997438,-0.30462334,-0.14991498,-0.14691104,-0.13029914,-0.15002275,-0.15325662,-0.18915205,-0.12590224,-0.1500282,-0.10481856,-0.1650517,-0.15002564,-0.15327209,-0.1532397,-0.12552057,-0.14992392,-0.15323508,-0.15322545,-0.15323776,-0.15324707,-0.16505513,-0.17392421,-0.15002078,-0.15326434,-0.15325329,-0.15326491,-0.2025511,-0.15354379,-0.14723541,-0.14892645,-0.11499533,-0.10471026,-0.11893196,-0.15002483,-0.15318662,-0.12586278,-0.19501048,-0.15003324,-0.18738703,-0.11705899,-0.17429145,-0.15002254,-0.06652963,-0.1497638,-0.10737923,5.151461,4.0704446,-0.052188452,1.8813233
k__Bacteria|p__Firmicutes|c__Clostridia|o__Eubacteriales|f__Lachnospiraceae|g__GGB3602|s__GGB3602_SGB66069,-0.1004395,-0.12316422,-0.15166424,-0.15494747,-0.15494776,-0.23867357,-0.1666669,-0.16813041,-0.10929718,-0.22895765,-0.23728925,-0.1516691,-0.22850217,-0.3768707,-0.08556121,-0.15126085,-0.058144663,-0.15112615,-0.15488456,-0.19931981,-0.1978925,-0.12709147,-0.15163332,-0.12711628,-0.20043859,-0.11658599,-0.182019,-0.25032333,-0.1509206,-0.15163845,-0.15142563,-0.10844302,-0.18249588,-0.28454733,-0.15165584,-0.12727998,-0.15166667,-0.22338755,-0.15166947,-0.29867563,-0.15166953,-0.29356226,-0.126592,-0.15152028,-0.13691942,-0.1516639,-0.23188588,-0.24781659,-0.1296162,-0.12728609,-0.24679694,6.831752,5.8058534,-0.26027086,1.3743728,1.9009491,-0.11894142,-0.15158147,-0.040142577,-0.056944285,-0.15093769,-0.11274739,-0.13743341,-0.1271709,-0.15164754,-0.15494299,-0.15494752,-0.15494817,-0.27573854,-0.1516296,-0.12717274,-0.16243835,-0.12334165,-0.14074792,-0.15163492,-0.15887658,-0.14481027,-0.12726448,-0.18691605,-0.14998752,-0.15165728,-0.15492605,-0.15493745,-0.15487225,-0.120334074,-0.13700745,-0.08858878,-0.15165126,-0.19008024,-0.15166256,-0.2004665,-0.11139822,-0.1388583,-0.13027036,-0.1074974,-0.15152657,-0.15156513,-0.15464558,-0.10065024,-0.08152827,-0.09427856,-0.1516151,-0.11960925,-0.15027548,-0.16982608,-0.1185138,-0.15163213,-0.15494138,-0.17738779,-0.15176103,-0.15166548,-0.25953975,-0.17989698,-0.13525523,-0.15166263,-0.15095688,-0.17780018,-0.2009549,-0.15164232,-0.09015879,-0.15136611,-0.12151222,-0.121854745,-0.13997786,-0.21433522,-0.13908121,-0.16057305,-0.15159054,-0.07092635,-0.1510323,-0.15416971,-0.18733518,-0.15140805,-0.12715897,-0.12334781,-0.14100276,-0.15162177,-0.114095174,-0.25318068,-0.26654312,-0.12641829,-0.10945694,-0.15161279,-0.09238048,-0.20963459,-0.15166286,-0.15486395,-0.12668097,-0.15159112,-0.16015086,-0.1553517,-0.15166725,-0.19704957,0.7658568,-0.12611726,-0.10460003,-0.11361031,-0.10256614,-0.15165977,-0.19495486,-0.15163597,-0.12660438,-0.15150581,-0.041086134,-0.12967405,-0.15166602,-0.2300741,-0.15164492,-0.10384405,-0.1502458,-0.0784167,-0.15152356,-0.12766197,-0.15154344,-0.121451,-0.075820275,-0.09192432,-0.101488546,-0.15139881,-0.15485269,-0.12378413,-0.15151289,-0.1410757,-0.13984437,-0.18093297,-0.15166846,-0.25777104,-0.12844054,-0.15157828,-0.13462572,-0.119081676,-0.151639,-0.15494347,-0.1549451,-0.15494624,-0.19755594,-0.25103784,-0.20219928,-0.19465852,-0.24831252,-0.20506537,-0.22091979,-0.15165356,-0.12688197,-0.11956477,-0.15164861,-0.15493983,-0.20931396,-0.18224281,-0.15164003,-0.32474133,-0.15166658,-0.15494889,-0.15494779,-0.15494741,-0.2185038,-0.15163906,-0.114121355,-0.15164213,-0.1549338,-0.15494005,-0.22984435,-0.1516603,-0.15492228,-0.08963354,-0.15155926,-0.15490001,-0.15491775,-0.15491897,-0.13302092,-0.1051107,-0.14014931,-0.15141064,-0.15839578,-0.15615125,-0.14613561,-0.15165669,-0.12319561,-0.12723705,-0.15162127,-0.1549487,-0.15494823,-0.15494823,-0.15494874,1.2043585,-0.11451449,-0.15162854,-0.15564899,-0.14443555,-0.16636807,-0.15166198,-0.15487272,-0.12993515,-0.047159404,-0.14582261,-0.14016809,-0.14106366,-0.15151952,-0.19987361,-0.1649412,-0.17166539,-0.15164007,-0.15490693,-0.12722544,-0.14610182,-0.2588673,-0.12704329,-0.15154132,-0.09132757,-0.12832497,-0.13684332,-0.16221203,-0.15659244,-0.12647474,-0.15141252,-0.15485545,-0.1549037,-0.15493691,-0.15740095,-0.19795567,-0.15106063,-0.07294749,-0.2039893,-0.1516293,-0.15490212,-0.104459345,-0.15129699,-0.17466888,-0.13176009,-0.15163633,-0.15109587,-0.10913184,-0.15147436,-0.05825615,-0.14326635,-0.17082691,-0.15157616,-0.18883844,-0.15166768,-0.31316653,-0.15165815,-0.16808087,-0.14331596,-0.1516601,-0.15494531,-0.25088155,-0.15166806,-0.22115314,-0.07562123,-0.086852394,-0.10702289,-0.060967896,-0.14509638,-0.16796505,-0.15746465,-0.22133875,-0.12812386,-0.0969081,-0.16398169,-0.12716047,-0.11335766,-0.18846886,-0.12723042,-0.17755464,-0.0994983,-0.115196005,-0.1515773,-0.11662802,-0.19749595,-0.14526704,-0.12781724,-0.096878245,-0.15157703,-0.15475287,-0.12434345,-0.11230643,-0.063823454,-0.15150785,-0.11419349,-0.10007019,-0.24483351,-0.15166858,-0.15493727,-0.16344379,-0.1759062,-0.12524253,-0.15165403,-0.0782174,-0.19187105,-0.18185812,-0.09859173,-0.11065883,-0.15133181,-0.15462816,-0.083404,-0.1213824,-0.13072303,-0.13855581,-0.19385117,-0.15163183,-0.1549422,-0.19487974,-0.23847799,-0.2432746,-0.12690392,-0.15146524,-0.15491387,-0.14520228,-0.2961179,-0.15166783,-0.19813283,-0.12713598,-0.15160456,-0.060104962,-0.15931924,-0.1516661,-0.2028091,-0.2868003,-0.11816878,-0.14795661,-0.10060286,-0.15151218,-0.13614628,-0.20725825,-0.17393659,-0.125103,-0.15657571,-0.15690626,-0.1516647,-0.15494461,-0.16221246,-0.22200036,-0.12730108,-0.2814266,-0.15166898,-0.1915083,-0.24371436,-0.16952515,-0.15158385,-0.13369927,-0.12557748,-0.1516616,-0.18106565,-0.15166873,-0.18642783,-0.1516133,2.529108,-0.15155855,-0.14691104,-0.13029914,-0.15165588,-0.15493235,-0.18915205,-0.12722258,-0.15166084,-0.10481856,-0.1650517,-0.1516587,-0.15494663,-0.15491821,-0.12682357,-0.15156421,-0.15491301,-0.15490386,-0.15491542,-0.15492341,-0.16505513,-0.17392421,-0.15165421,-0.15493946,-0.15492943,-0.15493998,-0.2025511,-0.15354379,-0.14723541,-0.15066963,-0.11499533,-0.10471026,-0.11893196,-0.1516578,-0.15487063,-0.12718272,-0.19501048,-0.1516656,-0.18738703,-0.11705899,-0.17429145,-0.15165627,-0.06652963,-0.15141374,-0.10737923,-0.124497145,-0.15298569,-0.052188452,-0.26007295
k__Bacteria|p__Firmicutes|c__Clostridia|o__Eubacteriales|f__Clostridiaceae|g__Clostridium|s__Clostridium_tertium,-0.1004395,-0.12316422,-0.14799798,-0.15115061,-0.15115088,-0.23867357,-0.1666669,-0.16813041,-0.10929718,-0.22895765,-0.23728925,-0.14800246,-0.22850217,-0.3768707,-0.08556121,-0.1476257,-0.058144663,-0.14749974,-0.15109271,-0.19931981,-0.1978925,-0.12440659,-0.14796942,-0.12711628,-0.20043859,-0.11658599,-0.182019,-0.25032333,-0.1509206,-0.14797416,-0.15142563,-0.10844302,-0.18249588,-0.28454733,-0.1479902,-0.12458351,-0.14800023,-0.22338755,-0.1480028,-0.29867563,-0.14800286,-0.29356226,-0.12393315,-0.14786527,-0.13691942,-0.14799765,2.4769104,-0.24781659,-0.1296162,-0.12458916,-0.24679694,-0.18279888,-0.25087595,-0.26027086,-0.28621647,-0.27511892,-0.11894142,-0.14792168,-0.040142577,-0.056944285,-0.14732702,-0.11274739,-0.13743341,-0.124481544,-0.1479826,-0.15114647,-0.15115066,-0.15115125,-0.27573854,-0.14796612,-0.124483205,-0.16243835,-0.12334165,-0.14074792,-0.14797086,-0.15887658,-0.14481027,-0.12456906,-0.18691605,-0.14998752,-0.14799157,-0.15113084,-0.15114138,-0.1510812,-0.120334074,-0.13700745,-0.08858878,-0.147986,-0.19008024,-0.14799643,-0.2004665,-0.11139822,-0.1388583,-0.13027036,-0.1074974,-0.15152657,-0.14790633,-0.15086755,-0.10065024,-0.08152827,-0.09427856,-0.14795259,-0.11960925,-0.15027548,-0.16982608,-0.1185138,-0.14796841,-0.15114497,-0.17738779,-0.15176103,-0.14799911,-0.25953975,-0.17989698,-0.13525523,-0.14799649,-0.15095688,-0.17780018,-0.2009549,-0.1479778,-0.09015879,-0.1477223,-0.12151222,-0.121854745,-0.13997786,-0.21433522,-0.13908121,-0.16057305,-0.14792988,-0.07092635,-0.14741409,-0.15043333,-0.18733518,-0.14776158,-0.12447095,-0.12334781,-0.14100276,-0.14795879,-0.114095174,-0.25318068,-0.26654312,-0.12376175,-0.10945694,-0.14795041,-0.09238048,-0.20963459,-0.1479967,-0.15107337,-0.124012776,-0.14793068,-0.16015086,1.3650471,-0.14800075,-0.19704957,-0.20616047,-0.12348189,-0.10460003,-0.11361031,-0.10256614,-0.14799382,-0.19495486,-0.14797175,-0.1239344,-0.14785133,-0.041086134,-0.12967405,-0.14799961,-0.2300741,-0.1479801,-0.10384405,-0.1466907,-0.0784167,-0.14786857,-0.12766197,-0.1478864,-0.121451,-0.075820275,-0.09192432,-0.101488546,-0.14775303,-0.15106302,-0.12378413,-0.1478584,-0.1410757,-0.13984437,-0.18093297,-0.14800186,-0.25777104,-0.12844054,-0.14791855,-0.13462572,-0.119081676,-0.14797464,-0.15114693,-0.15114844,-0.15114948,-0.19755594,-0.25103784,-0.20219928,-0.19465852,-0.24831252,-0.20506537,-0.22091979,-0.14798814,-0.12420305,-0.11956477,-0.14798352,-0.15114355,-0.20931396,-0.18224281,-0.14797576,-0.32474133,-0.14800012,-0.1511519,-0.1511509,-0.15115055,-0.2185038,-0.1479753,-0.114121355,-0.14797768,-0.15113802,-0.15114379,-0.22984435,-0.14799434,-0.15112823,-0.08963354,-0.14790142,-0.15110675,-0.1511232,-0.15112424,-0.13302092,-0.1051107,-0.14014931,4.9505286,3.268528,2.4667032,0.58865833,-0.14799097,-0.12319561,-0.12454344,-0.14795832,-0.15115175,-0.15115131,-0.15115131,-0.15115178,-0.38518023,-0.11451449,-0.14796498,-0.15564899,-0.14443555,-0.16636807,-0.14799589,-0.15108176,-0.12993515,-0.047159404,-0.14260787,-0.14016809,-0.14106366,-0.14786425,-0.19987361,-0.1649412,-0.17166539,-0.14797562,-0.15111305,-0.12722544,-0.14610182,-0.2588673,-0.12435851,-0.14788437,-0.09132757,-0.12832497,-0.13684332,-0.16221203,-0.15659244,-0.123815686,-0.14776671,-0.1510657,-0.15111016,-0.15114087,-0.15740095,-0.19795567,-0.15106063,-0.07294749,-0.2039893,-0.14796571,-0.15110873,-0.104459345,-0.14764667,-0.17466888,-0.13176009,-0.14797212,-0.15109587,-0.10913184,-0.14782296,-0.05825615,-0.14326635,-0.17082691,-0.14791666,-0.18883844,-0.14800116,-0.31316653,-0.1479924,-0.16808087,-0.14331596,-0.14799413,-0.15114863,-0.25088155,-0.14800149,-0.22115314,-0.07562123,-0.086852394,-0.10702289,-0.060967896,-0.14193767,-0.16796505,-0.15746465,-0.22133875,-0.12812386,-0.0969081,3.4068525,-0.12716047,-0.11335766,-0.18846886,-0.124536894,-0.17755464,-0.0994983,-0.115196005,-0.14791767,-0.11662802,-0.19749595,-0.14526704,-0.12781724,-0.096878245,-0.14791739,-0.15097085,-0.12434345,-0.11230643,-0.063823454,-0.14785385,-0.11419349,-0.10007019,-0.24483351,-0.14800197,-0.15114121,0.8957268,-0.1759062,-0.12524253,-0.14798853,-0.0782174,1.3406035,-0.18185812,-0.09859173,-0.11065883,-0.14769039,-0.15085536,-0.083404,-0.1213824,-0.13072303,1.8637352,-0.19385117,-0.14796808,-0.15114574,-0.19487974,-0.23847799,-0.2432746,-0.1242259,-0.14781412,-0.1511196,-0.14520228,-0.2961179,-0.14800128,-0.19813283,-0.12444854,-0.14794293,-0.060104962,2.7216153,-0.14799969,-0.2028091,-0.2868003,-0.11816878,-0.14795661,-0.10060286,-0.1478576,-0.13614628,-0.20725825,-0.17393659,-0.125103,-0.15657571,-0.15690626,-0.14799841,-0.15114796,-0.16221246,4.19074,-0.12460307,-0.2814266,-0.14800234,-0.1915083,-0.24371436,-0.16952515,-0.14792399,-0.13369927,-0.12557748,-0.14799553,1.2047881,-0.14800212,-0.18642783,-0.14795117,0.8816023,-0.14790043,-0.14691104,-0.13029914,-0.14799026,-0.15113664,-0.18915205,-0.12452999,-0.14799483,-0.10481856,-0.1650517,-0.14799285,-0.15114982,-0.15112367,-0.12414641,-0.14790547,-0.15111884,-0.15111044,-0.15112107,-0.15112852,-0.16505513,-0.17392421,-0.1479887,-0.15114322,-0.15113395,-0.15114368,-0.2025511,-0.15354379,-0.14723541,-0.14708056,-0.11499533,-0.10471026,-0.11893196,-0.14799201,-0.15107977,-0.12449259,-0.19501048,-0.14799923,-0.18738703,-0.11705899,-0.17429145,-0.14799064,-0.06652963,-0.14776653,-0.10737923,-0.124497145,-0.15298569,-0.052188452,-0.26007295
k__Bacteria|p__Firmicutes|c__Clostridia|o__Eubacteriales|f__Lachnospiraceae|g__Lachnospira|s__Lachnospira_pectinoschiza,-0.1004395,-0.12316422,-0.14916104,-0.15237689,-0.15237716,6.0006084,-0.1666669,-0.16813041,-0.10929718,-0.22895765,3.3602438,-0.14916572,-0.22850217,-0.3768707,-0.08556121,-0.14877477,-0.058144663,-0.1486484,-0.15231666,-0.19931981,-0.1978925,-0.125099,-0.1491315,-0.12711628,-0.20043859,-0.11658599,-0.182019,-0.25032333,-0.1509206,-0.14913619,-0.15142563,-0.10844302,-0.18249588,-0.28454733,-0.14915285,-0.12527765,-0.1491634,-0.22338755,-0.14916606,-0.29867563,-0.14916614,-0.29356226,-0.12462324,-0.14902228,-0.13691942,-0.14916074,-0.23188588,-0.24781659,-0.1296162,-0.12528327,-0.24679694,-0.18279888,-0.25087595,-0.26027086,-0.28621647,-0.27511892,-0.11894142,-0.14908203,-0.040142577,-0.056944285,-0.14846197,-0.11274739,-0.13743341,-0.12517422,-0.14914498,-0.15237263,-0.15237695,-0.15237758,-0.27573854,-0.14912778,-0.12517534,-0.16243835,-0.12334165,-0.14074792,-0.149133,-0.15887658,-0.14481027,-0.12526295,-0.18691605,-0.14998752,-0.14915442,-0.15235639,-0.15236725,-0.15230349,-0.120334074,-0.13700745,-0.08858878,-0.14914867,-0.19008024,-0.14915948,-0.2004665,-0.11139822,-0.1388583,-0.13027036,-0.1074974,-0.15152657,-0.14906636,-0.1520814,-0.10065024,-0.08152827,-0.09427856,-0.14911416,-0.11960925,-0.15027548,4.2640247,-0.1185138,-0.1491302,-0.15237105,-0.17738779,-0.15176103,-0.14916223,-0.25953975,-0.17989698,-0.13525523,-0.14915954,-0.15095688,-0.17780018,-0.2009549,-0.14913958,-0.09015879,-0.14887673,-0.12151222,-0.121854745,-0.13997786,-0.21433522,-0.13908121,-0.16057305,-0.14909077,-0.07092635,-0.14855564,-0.15162468,-0.18733518,-0.14891168,-0.12516402,-0.12334781,-0.14100276,-0.14912048,-0.114095174,7.2426333,-0.26654312,-0.124457836,-0.10945694,-0.14911196,-0.09238048,-0.20963459,-0.14915976,-0.15229526,-0.124708235,-0.14909096,-0.16015086,-0.1553517,-0.14916395,-0.19704957,-0.20616047,-0.124171615,-0.10460003,-0.11361031,-0.10256614,-0.14915681,-0.19495486,-0.14913368,-0.124633335,-0.14900962,-0.041086134,-0.12967405,-0.14916272,-0.2300741,-0.14914232,-0.10384405,-0.14780268,-0.0784167,-0.1490266,-0.12766197,-0.14904559,-0.121451,-0.075820275,-0.09192432,-0.101488546,-0.1489077,-0.15228647,-0.12378413,-0.14901298,-0.1410757,-0.13984437,-0.18093297,-0.14916511,-0.25777104,-0.12844054,-0.14907831,-0.13462572,-0.119081676,-0.14913708,-0.15237308,-0.15237466,-0.15237571,-0.19755594,-0.25103784,-0.20219928,-0.19465852,-0.24831252,-0.20506537,-0.22091979,-0.14915068,-0.12489912,-0.11956477,-0.14914615,-0.15236956,-0.20931396,-0.18224281,-0.1491376,-0.32474133,-0.1491633,-0.15237825,-0.1523772,-0.15237686,-0.2185038,-0.14913699,-0.114121355,-0.14913978,-0.15236363,-0.15236978,-0.22984435,-0.14915735,-0.15235299,-0.08963354,-0.14906064,-0.15233174,-0.15234831,-0.15234978,-0.13302092,-0.1051107,-0.14014931,-0.15141064,-0.15839578,-0.15615125,-0.14613561,-0.14915392,-0.12319561,-0.1252365,-0.14911956,-0.15237807,-0.15237764,-0.15237764,-0.15237811,-0.38518023,-0.11451449,-0.14912683,-0.15564899,-0.14443555,-0.16636807,-0.14915887,-0.15230423,-0.12993515,-0.047159404,-0.14351267,-0.14016809,-0.14106366,-0.14902215,-0.19987361,-0.1649412,-0.17166539,-0.14913797,-0.15233836,-0.12722544,-0.14610182,-0.2588673,-0.12505326,-0.14904375,-0.09132757,-0.12832497,-0.13684332,-0.16221203,-0.15659244,-0.12451527,-0.1489203,-0.15228902,-0.1523351,-0.1523668,3.8038235,3.156732,-0.15106063,-0.07294749,-0.2039893,-0.14912744,-0.15233386,-0.104459345,-0.14880854,-0.17466888,-0.13176009,-0.14913452,-0.15109587,-0.10913184,-0.14897953,-0.05825615,4.9130425,-0.17082691,-0.14907652,-0.18883844,-0.14916435,-0.31316653,-0.14915508,-0.16808087,-0.14331596,-0.1491571,-0.1523748,-0.25088155,-0.1491647,-0.22115314,-0.07562123,-0.086852394,-0.10702289,-0.060967896,-0.14282125,-0.16796505,-0.15746465,-0.22133875,-0.12812386,-0.0969081,5.6414657,-0.12716047,-0.11335766,-0.18846886,-0.12523037,-0.17755464,-0.0994983,-0.115196005,-0.14907773,-0.11662802,-0.19749595,-0.14526704,-0.12781724,-0.096878245,-0.14907807,-0.15219104,-0.12434345,-0.11230643,-0.063823454,-0.14901176,-0.11419349,-0.10007019,-0.24483351,-0.14916521,-0.1523669,-0.16344379,-0.1759062,-0.12524253,-0.14915133,-0.0782174,-0.19187105,-0.18185812,-0.09859173,-0.11065883,-0.14884341,-0.15207142,-0.083404,-0.1213824,1.8137952,-0.13855581,-0.19385117,-0.14912984,-0.15237185,-0.19487974,-0.23847799,-0.2432746,-0.12491822,-0.14897074,-0.15234464,-0.14520228,3.8958607,-0.1491645,-0.19813283,-0.12514135,-0.14910378,-0.060104962,-0.15931924,-0.14916281,-0.2028091,-0.2868003,-0.11816878,-0.14795661,-0.10060286,-0.14901501,-0.13614628,-0.20725825,-0.17393659,-0.125103,-0.15657571,-0.15690626,-0.14916149,-0.15237416,-0.16221246,-0.22200036,-0.12529756,-0.2814266,-0.1491656,-0.1915083,-0.24371436,-0.16952515,-0.14908296,4.0323453,-0.12557748,-0.14915851,-0.18106565,-0.14916536,-0.18642783,-0.14911148,-0.30462334,-0.14905915,-0.14691104,-0.13029914,-0.14915305,-0.15236245,-0.18915205,-0.1252232,-0.14915782,-0.10481856,-0.1650517,-0.14915569,-0.15237609,-0.15234832,-0.124843344,-0.14906554,-0.15234374,-0.15233514,-0.15234606,-0.15235397,-0.16505513,-0.17392421,-0.14915138,-0.15236925,-0.1523596,-0.15236974,-0.2025511,-0.15354379,-0.14723541,-0.1481998,-0.11499533,-0.10471026,-0.11893196,-0.14915489,-0.15230203,-0.12518558,-0.19501048,-0.14916232,-0.18738703,-0.11705899,-0.17429145,-0.1491532,-0.06652963,-0.14892194,-0.10737923,-0.124497145,-0.15298569,-0.052188452,-0.26007295
k__Bacteria|p__Firmicutes|c__Clostridia|o__Eubacteriales|f__Clostridiaceae|g__Clostridium|s__Clostridium_sp_1001270J_160509_D11,-0.1004395,-0.12316422,-0.14839283,-0.15155509,-0.15155534,-0.23867357,-0.1666669,-0.16813041,-0.10929718,-0.22895765,-0.23728925,-0.1483973,1.3335606,0.6895795,-0.08556121,-0.1480211,-0.058144663,-0.1479092,-0.15149751,-0.19931981,-0.1978925,-0.124718115,-0.14836454,-0.12711628,1.9438632,-0.11658599,-0.182019,-0.25032333,-0.1509206,-0.14836866,-0.15142563,-0.10844302,-0.18249588,-0.28454733,-0.14838359,-0.12490634,-0.14839509,-0.22338755,-0.14839765,-0.29867563,-0.1483977,-0.29356226,-0.12421267,-0.14825828,-0.13691942,-0.14839257,-0.23188588,-0.24781659,-0.1296162,-0.12491207,-0.24679694,-0.18279888,-0.25087595,-0.26027086,-0.28621647,-0.27511892,-0.11894142,-0.14831737,-0.040142577,-0.056944285,-0.14772886,-0.11274739,-0.13743341,-0.12479633,-0.14837742,-0.15155104,-0.15155512,-0.15155572,-0.27573854,-0.14835763,-0.124799915,-0.16243835,-0.12334165,-0.14074792,-0.1483663,-0.15887658,-0.14481027,-0.12489039,-0.18691605,-0.14998752,-0.14838657,-0.15153562,-0.15154584,-0.15147316,-0.120334074,-0.13700745,-0.08858878,-0.14838113,-0.19008024,-0.14839137,-0.2004665,-0.11139822,-0.1388583,-0.13027036,-0.1074974,-0.15152657,-0.14830303,-0.15121476,-0.10065024,-0.08152827,-0.09427856,-0.14834806,-0.11960925,-0.15027548,-0.16982608,-0.1185138,-0.14836305,-0.15154949,-0.17738779,-0.15176103,-0.14839399,-0.25953975,-0.17989698,-0.13525523,-0.14839141,-0.15095688,-0.17780018,-0.2009549,-0.14836907,-0.09015879,-0.14812341,-0.12151222,-0.121854745,-0.13997786,-0.21433522,-0.13908121,-0.16057305,-0.14832592,-0.07092635,-0.1478144,-0.15083528,-0.18733518,-0.14814702,-0.12478003,-0.12334781,-0.14100276,-0.14835435,-0.114095174,-0.25318068,0.7711368,-0.12401865,-0.10945694,-0.14834628,-0.09238048,-0.20963459,-0.14839168,-0.15146844,-0.124285296,-0.14832559,-0.16015086,-0.1553517,-0.14839561,-0.19704957,-0.20616047,-0.123752065,-0.10460003,-0.11361031,-0.10256614,-0.1483889,-0.19495486,-0.14836322,-0.1242003,-0.1482487,-0.041086134,-0.12967405,-0.14839442,-0.2300741,-0.14837183,-0.10384405,-0.14709088,-0.0784167,-0.14826417,-0.12766197,-0.14828314,-0.121451,-0.075820275,-0.09192432,-0.101488546,-0.14815083,-0.15146932,-0.12378413,-0.14822969,-0.1410757,-0.13984437,-0.18093297,-0.14839673,-0.25777104,-0.12844054,-0.14830384,-0.13462572,-0.119081676,-0.14837024,-0.15155143,-0.15155295,-0.15155396,-0.19755594,-0.25103784,-0.20219928,-0.19465852,-0.24831252,-0.20506537,-0.22091979,-0.14838201,-0.12448261,-0.11956477,-0.1483787,-0.15154806,-0.20931396,-0.18224281,-0.14836831,-0.32474133,-0.14839505,-0.15155636,-0.15155539,-0.15155506,-0.2185038,-0.1483672,-0.114121355,-0.14837238,-0.15154222,-0.15154824,-0.22984435,-0.1483894,-0.15152955,-0.08963354,-0.1482968,-0.15151244,-0.15152782,-0.15152952,-0.13302092,-0.1051107,-0.14014931,-0.15141064,-0.15839578,-0.15615125,-0.14613561,-0.14838615,-0.12319561,-0.12486509,-0.14835331,-0.1515562,-0.15155578,-0.15155578,-0.15155624,3.1027038,-0.11451449,-0.14836031,-0.15564899,-0.14443555,-0.16636807,-0.14839077,-0.15148172,-0.12993515,-0.047159404,-0.14300957,-0.14016809,-0.14106366,-0.14826125,-0.19987361,-0.1649412,-0.17166539,-0.148371,-0.15151882,-0.12722544,-0.14610182,-0.2588673,-0.124661475,-0.1482808,-0.09132757,-0.12832497,-0.13684332,-0.16221203,-0.15659244,-0.12406076,-0.1481609,-0.15147138,-0.1515153,-0.15154546,-0.15740095,-0.19795567,-0.15106063,-0.07294749,-0.2039893,-0.14836076,-0.15151435,-0.104459345,-0.14796765,-0.17466888,-0.13176009,-0.14836788,-0.15109587,-0.10913184,-0.14821762,-0.05825615,-0.14326635,-0.17082691,-0.1483125,-0.18883844,-0.148396,-0.31316653,-0.14838678,-0.16808087,-0.14331596,-0.1483891,-0.15155306,-0.25088155,-0.14839634,-0.22115314,-0.07562123,-0.086852394,-0.10702289,-0.060967896,-0.1423515,-0.16796505,-0.15746465,-0.22133875,-0.12812386,-0.0969081,1.2543083,1.5813373,-0.11335766,-0.18846886,-0.12485651,-0.17755464,-0.0994983,-0.115196005,-0.14831352,-0.11662802,-0.19749595,-0.14526704,-0.12781724,-0.096878245,-0.14831421,-0.15137777,-0.12434345,-0.11230643,-0.063823454,-0.14825012,-0.11419349,-0.10007019,-0.24483351,-0.14839682,-0.15154402,-0.16344379,-0.1759062,-0.12524253,-0.14838369,-0.0782174,0.8717714,-0.18185812,-0.09859173,-0.11065883,-0.14809164,-0.15126462,-0.083404,-0.1213824,-0.13072303,1.2133554,-0.19385117,-0.148363,-0.15155026,-0.19487974,-0.23847799,-0.2432746,-0.12454247,-0.14821172,-0.15152429,-0.14520228,-0.2961179,-0.14839618,-0.19813283,-0.124759525,-0.14833787,-0.060104962,-0.15931924,-0.14839451,-0.2028091,-0.2868003,-0.11816878,-0.14795661,-0.10060286,-0.14825301,-0.13614628,-0.20725825,1.0250118,-0.125103,-0.15657571,-0.15690626,-0.14839326,-0.15155247,-0.16221246,-0.22200036,-0.124926075,-0.2814266,-0.14839719,-0.1915083,-0.24371436,-0.16952515,-0.14830682,-0.13369927,-0.12557748,-0.14839043,0.70231104,-0.14839697,-0.18642783,-0.14834087,1.131855,-0.1482958,-0.14691104,-0.13029914,-0.14838526,-0.15154141,-0.18915205,-0.124849305,-0.14838973,-0.10481856,-0.1650517,-0.1483877,-0.15155432,-0.15152323,-0.124442846,-0.14830217,-0.15152334,-0.15151528,-0.15152563,-0.15153311,-0.16505513,-0.17392421,-0.14838365,-0.15154785,-0.15153867,-0.15154833,-0.2025511,-0.15354379,-0.14723541,-0.14747512,-0.11499533,-0.10471026,-0.11893196,-0.14838699,-0.15147528,-0.12481326,-0.19501048,-0.14839405,-0.18738703,-0.11705899,-0.17429145,-0.14838251,-0.06652963,-0.14816436,-0.10737923,-0.124497145,-0.15298569,-0.052188452,-0.26007295
k__Bacteria|p__Firmicutes|c__CFGB76106|o__OFGB76106|f__FGB76106|g__GGB3600|s__GGB3600_SGB4859,-0.1004395,-0.12316422,-0.15159959,-0.15483128,-0.15483151,-0.23867357,-0.1666669,-0.16813041,-0.10929718,-0.22895765,-0.23728925,-0.15160397,-0.22850217,-0.3768707,-0.08556121,-0.15123495,-0.058144663,-0.15111452,-0.15477458,-0.19931981,-0.1978925,-0.1274143,-0.15157169,-0.12711628,-0.20043859,-0.11658599,-0.182019,-0.25032333,-0.1509206,-0.15157625,-0.15142563,-0.10844302,-0.18249588,-0.28454733,-0.15159167,-0.12759751,-0.15160179,-0.22338755,-0.15160431,-0.29867563,-0.15160437,-0.29356226,-0.12692948,-0.15146917,-0.13691942,-0.15159929,-0.23188588,-0.24781659,-0.1296162,-0.12760316,-0.24679694,-0.18279888,-0.25087595,-0.26027086,-0.28621647,-0.27511892,-0.11894142,-0.15152475,-0.040142577,-0.056944285,-0.15094346,-0.11274739,-0.13743341,-0.12749061,-0.15158448,-0.15482724,-0.15483132,-0.1548319,4.9003506,-0.15156737,-0.12749453,-0.16243835,-0.12334165,-0.14074792,-0.15157315,-0.15887658,-0.14481027,-0.12758252,-0.18691605,-0.14998752,-0.15159333,-0.15481193,-0.1548222,-0.15476094,-0.120334074,-0.13700745,-0.08858878,-0.15158789,-0.19008024,-0.15159811,-0.2004665,-0.11139822,-0.1388583,-0.13027036,-0.1074974,-0.15152657,-0.15151003,-0.15454085,-0.10065024,-0.08152827,-0.09427856,-0.15155523,-0.11960925,-0.15027548,-0.16982608,-0.1185138,-0.15157062,-0.15482575,-0.17738779,-0.15176103,-0.15160072,-0.25953975,-0.17989698,-0.13525523,-0.15159816,-0.15095688,-0.17780018,-0.2009549,-0.15157902,-0.09015879,-0.15133038,-0.12151222,-0.121854745,-0.13997786,-0.21433522,-0.13908121,-0.16057305,-0.15153304,-0.07092635,-0.15102842,-0.15412705,-0.18733518,-0.15136588,-0.12747508,-0.12334781,-0.14100276,-0.1515613,-0.114095174,-0.25318068,-0.26654312,-0.1267253,-0.10945694,-0.15155318,-0.09238048,-0.20963459,-0.15159836,-0.15475439,-0.12699118,-0.15153362,-0.16015086,-0.1553517,-0.15160231,-0.19704957,2.2987118,-0.12644102,-0.10460003,-0.11361031,-0.10256614,-0.15159559,-0.19495486,-0.15157327,-0.12689984,-0.15145653,-0.041086134,-0.12967405,-0.15160118,-0.2300741,-0.15158165,-0.10384405,-0.15031996,-0.0784167,-0.15147272,-0.12766197,-0.15149051,-0.121451,-0.075820275,-0.09192432,-0.101488546,-0.15135914,-0.15474571,-0.12378413,-0.15145934,-0.1410757,-0.13984437,-0.18093297,-0.1516034,-0.25777104,-0.12844054,-0.15151964,-0.13462572,-0.119081676,-0.15157686,-0.15482765,-0.15482916,-0.15483016,-0.19755594,-0.25103784,-0.20219928,-0.19465852,-0.24831252,-0.20506537,-0.22091979,-0.15158978,-0.12718536,-0.11956477,-0.15158552,-0.15482438,-0.20931396,-0.18224281,-0.1515774,-0.32474133,-0.1516017,-0.15483254,-0.15483156,-0.15483123,-0.2185038,-0.15157667,-0.114121355,-0.15157962,-0.15481886,-0.15482458,-0.22984435,-0.15159605,-0.15480837,-0.08963354,-0.15150484,-0.15478852,-0.1548044,-0.1548056,-0.13302092,-0.1051107,-0.14014931,-0.15141064,-0.15839578,-0.15615125,-0.14613561,-0.15159282,-0.12319561,-0.12755717,-0.15156072,-0.15483238,-0.15483195,-0.15483196,-0.15483241,-0.38518023,-0.11451449,-0.15156734,-0.15564899,-0.14443555,-0.16636807,-0.15159753,-0.15476306,-0.12993515,-0.047159404,-0.14631999,-0.14016809,-0.14106366,-0.15146899,-0.19987361,-0.1649412,-0.17166539,-0.15157779,-0.15479475,-0.12722544,-0.14610182,-0.2588673,-0.12735762,-0.15148817,-0.09132757,-0.12832497,-0.13684332,-0.16221203,-0.15659244,-0.12677307,-0.15137173,-0.15474814,-0.15479176,-0.15482174,-0.15740095,-0.19795567,-0.15106063,-0.07294749,-0.2039893,-0.15156797,-0.15479037,-0.104459345,-0.15121907,-0.17466888,-0.13176009,-0.15157446,-0.15109587,-0.10913184,-0.15142727,-0.05825615,-0.14326635,-0.17082691,-0.15152004,-0.18883844,-0.15160272,-0.31316653,-0.15159401,-0.16808087,-0.14331596,-0.15159586,-0.15482932,3.7136488,-0.15160303,1.3268285,-0.07562123,-0.086852394,-0.10702289,-0.060967896,-0.145661,-0.16796505,-0.15746465,-0.22133875,-0.12812386,-0.0969081,-0.16398169,-0.12716047,-0.11335766,-0.18846886,-0.12754957,-0.17755464,-0.0994983,-0.115196005,-0.15152104,-0.11662802,-0.19749595,-0.14526704,-0.12781724,-0.096878245,-0.15152094,-0.15465514,-0.12434345,-0.11230643,-0.063823454,-0.15145817,-0.11419349,-0.10007019,-0.24483351,-0.15160352,-0.15482187,-0.16344379,-0.1759062,-0.12524253,-0.1515904,-0.0782174,-0.19187105,-0.18185812,-0.09859173,-0.11065883,-0.15129925,-0.15454268,-0.083404,-0.1213824,-0.13072303,-0.13855581,-0.19385117,-0.15157028,-0.15482652,-0.19487974,-0.23847799,-0.2432746,-0.12723434,-0.15141967,-0.15480095,-0.14520228,3.178851,-0.15160283,-0.19813283,-0.12745515,-0.15154552,-0.060104962,-0.15931924,-0.15160125,-0.2028091,-0.2868003,-0.11816878,-0.14795661,-0.10060286,-0.15146196,-0.13614628,-0.20725825,-0.17393659,-0.125103,-0.15657571,-0.15690626,-0.1516,-0.15482868,-0.16221246,-0.22200036,-0.12761702,-0.2814266,-0.15160388,-0.1915083,-0.24371436,-0.16952515,-0.15152502,-0.13369927,-0.12557748,-0.15159722,-0.18106565,-0.15160364,-0.18642783,-0.15155283,-0.30462334,-0.15150404,-0.14691104,-0.13029914,-0.15159205,-0.15481764,0.79680985,-0.12754308,-0.15159652,-0.10481856,-0.1650517,-0.15159456,-0.1548305,-0.15480414,-0.1271381,-0.15150917,-0.15480012,-0.15479189,-0.1548023,-0.15480958,-0.16505513,-0.17392421,-0.15159053,-0.15482405,-0.15481499,-0.15482453,-0.2025511,-0.15354379,-0.14723541,-0.15069968,-0.11499533,-0.10471026,-0.11893196,-0.15159377,-0.15476073,-0.1275057,-0.19501048,-0.15160081,-0.18738703,-0.11705899,-0.17429145,-0.151592,-0.06652963,-0.15137294,-0.10737923,-0.124497145,-0.15298569,-0.052188452,-0.26007295
k__Bacteria|p__Firmicutes|c__Bacilli|o__Lactobacillales|f__Streptococcaceae|g__Streptococcus|s__Streptococcus_sp_F0442,-0.1004395,-0.12316422,-0.15010391,-0.1533701,-0.15337053,-0.23867357,-0.1666669,-0.16813041,-0.10929718,-0.22895765,-0.23728925,-0.15011129,-0.22850217,-0.3768707,-0.08556121,-0.1494927,-0.058144663,-0.14928362,-0.15327469,-0.19931981,0.98088694,-0.12556334,-0.15005675,-0.12711628,-0.20043859,-0.11658599,-0.182019,-0.25032333,-0.1509206,-0.15006457,-0.15142563,-0.10844302,-0.18249588,3.7005453,-0.15009086,-0.12584722,-0.15010758,-0.22338755,-0.15011185,-0.29867563,-0.15011194,1.6435266,-0.12481877,-0.14988527,-0.13691942,-0.15010333,1.9604005,-0.24781659,-0.1296162,-0.12585649,-0.24679694,-0.18279888,-0.25087595,-0.26027086,-0.28621647,-0.27511892,-0.11894142,-0.14997831,-0.040142577,-0.056944285,-0.14900178,-0.11274739,-0.13743341,-0.12568371,-0.15007864,-0.1533633,-0.1533702,-0.15337119,-0.27573854,-0.15005118,-0.12568599,-0.16243835,-0.12334165,-0.14074792,-0.15005925,-0.15887658,-0.14481027,-0.12582363,-0.18691605,-0.14998752,-0.15009335,-0.15333757,-0.15335497,-0.15325323,-0.120334074,-0.13700745,-0.08858878,-0.15008417,-0.19008024,-0.15010135,-0.2004665,-0.11139822,-0.1388583,-0.13027036,-0.1074974,-0.15152657,-0.1499531,-0.15290016,-0.10065024,-0.08152827,-0.09427856,-0.15002902,-0.11960925,-0.15027548,-0.16982608,-0.1185138,-0.1500551,-0.15336081,-0.17738779,-0.15176103,-0.15010577,-0.25953975,-0.17989698,-0.13525523,-0.15010144,-0.15095688,-0.17780018,-0.2009549,-0.15007028,-0.09015879,-0.14965019,-0.12151222,-0.121854745,-0.13997786,-0.21433522,-0.13908121,-0.16057305,-0.14999169,-0.07092635,-0.14914404,-0.15219371,-0.18733518,-0.14971547,-0.12567095,-0.12334781,-0.14100276,-0.15003929,-0.114095174,-0.25318068,-0.26654312,-0.1245721,-0.10945694,-0.15002558,-0.09238048,-0.20963459,-0.15010178,-0.15324134,-0.12496166,-0.14999291,-0.16015086,-0.1553517,-0.15010849,-0.19704957,-0.20616047,-0.124155484,-0.10460003,-0.11361031,-0.10256614,-0.15009704,-0.19495486,-0.15005982,-0.12485585,-0.14986224,-0.041086134,-0.12967405,-0.1501066,-0.2300741,-0.1500735,-0.10384405,-0.14794903,-0.0784167,-0.14989048,-0.12766197,-0.14992025,-0.121451,-0.075820275,-0.09192432,-0.101488546,-0.14970103,-0.15322585,-0.12378413,-0.14987092,-0.1410757,-0.13984437,-0.18093297,-0.1501103,-0.25777104,-0.12844054,-0.14997162,-0.13462572,-0.119081676,-0.15006545,-0.15336403,-0.15336654,-0.15336823,-0.19755594,-0.25103784,-0.20219928,-0.19465852,-0.24831252,-0.20506537,-0.22091979,-0.15008748,-0.12525727,-0.11956477,-0.15008004,-0.1533585,-0.20931396,-0.18224281,-0.15006694,-0.32474133,-0.15010744,-0.15337223,-0.15337059,-0.15337002,-0.2185038,-0.15006578,-0.114121355,-0.15007044,-0.15334946,-0.15335882,-0.22984435,-0.1500979,-0.15333247,-0.08963354,-0.14994481,-0.15329784,-0.15332505,-0.15332668,-0.13302092,-0.1051107,-0.14014931,-0.15141064,-0.15839578,-0.15615125,-0.14613561,-0.15009233,-0.12319561,-0.12578212,-0.15003884,-0.15337197,-0.15337127,-0.15337127,-0.15337203,-0.38518023,-0.11451449,-0.15004961,-0.15564899,-0.14443555,-0.16636807,-0.15010048,-0.15325607,1.5289623,-0.047159404,-0.1412571,-0.14016809,-0.14106366,-0.1498841,-0.19987361,-0.1649412,-0.17166539,-0.15006709,-0.15330824,-0.12722544,-0.14610182,-0.2588673,-0.1254934,-0.1499171,-0.09132757,-0.12832497,-0.13684332,-0.16221203,-0.15659244,-0.124674544,-0.14972308,-0.15323031,-0.15330344,-0.15335403,-0.15740095,1.5987266,-0.15106063,-0.07294749,-0.2039893,-0.15005094,-0.15330106,-0.104459345,-0.14955692,-0.17466888,-0.13176009,-0.15006125,-0.15109587,-0.10913184,-0.14981632,-0.05825615,-0.14326635,-0.17082691,-0.14997023,-0.18883844,-0.15010914,-0.31316653,-0.15009467,-0.16808087,-0.14331596,-0.15009758,-0.15336686,-0.25088155,-0.15010971,-0.22115314,-0.07562123,-0.086852394,-0.10702289,-0.060967896,-0.14015782,-0.16796505,-0.15746465,-0.22133875,-0.12812386,-0.0969081,-0.16398169,-0.12716047,-0.11335766,-0.18846886,-0.12577184,-0.17755464,-0.0994983,-0.115196005,-0.14997178,-0.11662802,-0.19749595,-0.14526704,-0.12781724,-0.096878245,-0.1499711,-0.15307432,-0.12434345,-0.11230643,-0.063823454,-0.14986652,-0.11419349,-0.10007019,2.3392367,-0.15011048,-0.15335414,-0.16344379,-0.1759062,-0.12524253,-0.15008833,-0.0782174,-0.19187105,-0.18185812,-0.09859173,-0.11065883,-0.14959797,-0.15288441,-0.083404,-0.1213824,-0.13072303,-0.13855581,-0.19385117,-0.15005478,-0.15336208,-0.19487974,-0.23847799,-0.2432746,-0.12528405,-0.14980161,-0.1533191,-0.14520228,-0.2961179,-0.15010938,-0.19813283,-0.12563148,-0.15001342,-0.060104962,-0.15931924,-0.15010671,-0.2028091,2.3240619,-0.11816878,-0.14795661,-0.10060286,-0.14987308,-0.13614628,-0.20725825,-0.17393659,-0.125103,-0.15657571,-0.15690626,-0.15010461,-0.15336573,-0.16221246,-0.22200036,-0.12587923,-0.2814266,-0.15011111,-0.1915083,-0.24371436,-0.16952515,-0.14997958,-0.13369927,-0.12557748,-0.1500999,-0.18106565,-0.15011072,-0.18642783,-0.1500259,-0.30462334,-0.14994377,-0.14691104,-0.13029914,-0.1500912,-0.15334707,-0.18915205,-0.12575945,-0.1500987,-0.10481856,-0.1650517,-0.15009552,-0.15336883,-0.15332434,-0.12516224,-0.14995167,-0.1533179,-0.153304,-0.15332153,-0.15333359,-0.16505513,-0.17392421,-0.1500887,-0.15335792,-0.15334272,-0.1533587,-0.2025511,-0.15354379,-0.14723541,-0.14859895,-0.11499533,-0.10471026,1.3540875,-0.15009412,-0.15325129,-0.12569946,-0.19501048,-0.15010595,-0.18738703,-0.11705899,1.2527028,-0.15009084,-0.06652963,-0.14972284,-0.10737923,-0.124497145,-0.15298569,-0.052188452,-0.26007295
k__Bacteria|p__Firmicutes|c__Bacilli|o__Lactobacillales|f__Streptococcaceae|g__Streptococcus|s__Streptococcus_pasteurianus,-0.1004395,-0.12316422,-0.15165874,-0.15486398,-0.15486434,-0.23867357,-0.1666669,-0.16813041,-0.10929718,-0.22895765,-0.23728925,-0.15166476,-0.22850217,-0.3768707,-0.08556121,-0.15116432,-0.058144663,-0.15098655,-0.15478595,-0.19931981,-0.1978925,-0.1276223,-0.15162016,-0.12711628,-0.20043859,-0.11658599,-0.182019,-0.25032333,-0.1509206,-0.15162665,-0.15142563,-0.10844302,-0.18249588,4.2114205,-0.15164839,-0.1278542,-0.15166172,-0.22338755,-0.15166524,-0.29867563,-0.15166532,-0.29356226,-0.12700608,-0.15148038,-0.13691942,-0.15165827,-0.23188588,-0.24781659,-0.1296162,-0.12786175,-0.24679694,-0.18279888,-0.25087595,-0.26027086,-0.28621647,-0.27511892,-0.11894142,-0.1515558,-0.040142577,-0.056944285,-0.1507551,-0.11274739,-0.13743341,-0.12772094,-0.15163803,-0.15485838,-0.15486406,-0.15486488,-0.27573854,-0.15161678,-0.12772231,7.6637664,6.7427764,4.9978766,-0.15162206,-0.15887658,-0.14481027,-0.12783498,-0.18691605,-0.14998752,-0.15165004,-0.15483728,-0.15485159,-0.15477335,-0.120334074,-0.13700745,-0.08858878,-0.1516425,-0.19008024,-0.15165661,-0.2004665,-0.11139822,-0.1388583,-0.13027036,-0.1074974,-0.15152657,-0.15153494,-0.15451029,-0.10065024,-0.08152827,-0.09427856,-0.15159738,-0.11960925,-0.15027548,-0.16982608,-0.1185138,-0.15161891,-0.15485638,-0.17738779,-0.15176103,-0.15166025,-0.25953975,-0.17989698,-0.13525523,-0.15165669,-0.15095688,-0.17780018,-0.2009549,-0.15163232,-0.09015879,-0.1512864,-0.12151222,-0.121854745,-0.13997786,-0.21433522,-0.13908121,-0.16057305,-0.15156674,-0.07092635,-0.15087567,-0.15390182,-0.18733518,-0.15134472,-0.12770885,-0.12334781,-0.14100276,-0.15160573,-0.114095174,-0.25318068,-0.26654312,-0.12680739,-0.10945694,-0.15159443,-0.09238048,-0.20963459,-0.15165696,-0.15476179,-0.12712708,-0.15156832,-0.16015086,-0.1553517,-0.15166247,-0.19704957,-0.20616047,-0.12642565,-0.10460003,-0.11361031,-0.10256614,-0.15165305,-0.19495486,-0.15162386,-0.12703043,-0.15146121,-0.041086134,-0.12967405,-0.15166095,-0.2300741,-0.1516348,-0.10384405,-0.14991271,-0.0784167,-0.15148467,-0.12766197,-0.15150821,-0.121451,-0.075820275,-0.09192432,-0.101488546,-0.15132868,-0.1547457,-0.12378413,-0.15148059,-0.1410757,-0.13984437,-0.18093297,-0.15166396,-0.25777104,-0.12844054,-0.15155375,-0.13462572,-0.119081676,-0.15162712,-0.154859,-0.15486106,-0.15486245,-0.19755594,-0.25103784,-0.20219928,-0.19465852,-0.24831252,-0.20506537,-0.22091979,-0.15164557,-0.1273731,-0.11956477,-0.15163913,-0.15485448,-0.20931396,-0.18224281,-0.15162922,-0.32474133,-0.1516616,-0.15486574,-0.15486439,-0.15486392,-0.2185038,-0.15162854,-0.114121355,-0.15163141,-0.15484715,-0.15485476,-0.22984435,-0.15165374,-0.15483406,-0.08963354,-0.15152861,-0.15480459,-0.15482704,-0.15482827,-0.13302092,-0.1051107,-0.14014931,-0.15141064,-0.15839578,-0.15615125,-0.14613561,-0.1516492,-0.12319561,-0.12780085,-0.15160541,-0.15486552,-0.15486495,-0.15486495,-0.15486558,-0.38518023,-0.11451449,-0.15161419,-0.15564899,-0.14443555,-0.16636807,-0.15165593,-0.15477197,-0.12993515,-0.047159404,-0.14442536,-0.14016809,-0.14106366,-0.15147835,-0.19987361,-0.1649412,-0.17166539,-0.15162848,-0.15481304,-0.12722544,-0.14610182,-0.2588673,-0.12756729,-0.15150571,-0.09132757,-0.12832497,-0.13684332,-0.16221203,-0.15659244,-0.12688315,-0.15134797,-0.15474933,-0.1548093,-0.15485081,4.819137,4.8812475,4.708819,5.7188864,6.386236,-0.1516153,-0.15480727,4.8023715,-0.15124342,-0.17466888,-0.13176009,-0.15162364,-0.15109587,-0.10913184,-0.15142408,-0.05825615,-0.14326635,-0.17082691,-0.15154909,-0.18883844,-0.15166304,-0.31316653,-0.1516513,-0.16808087,-0.14331596,-0.15165353,-0.15486135,-0.25088155,-0.15166348,-0.22115314,-0.07562123,-0.086852394,-0.10702289,-0.060967896,-0.14351292,-0.16796505,-0.15746465,-0.22133875,-0.12812386,-0.0969081,-0.16398169,-0.12716047,-0.11335766,-0.18846886,-0.12779304,-0.17755464,-0.0994983,-0.115196005,-0.15155044,-0.11662802,-0.19749595,-0.14526704,-0.12781724,-0.096878245,-0.15154964,-0.1546216,-0.12434345,-0.11230643,-0.063823454,-0.15146476,-0.11419349,-0.10007019,-0.24483351,-0.15166411,-0.15485144,-0.16344379,-0.1759062,-0.12524253,-0.1516459,-0.0782174,-0.19187105,-0.18185812,-0.09859173,-0.11065883,-0.15124387,-0.15446608,-0.083404,-0.1213824,-0.13072303,-0.13855581,-0.19385117,-0.1516185,-0.1548574,-0.19487974,-0.23847799,-0.2432746,-0.12738754,-0.15141091,-0.15482222,-0.14520228,-0.2961179,-0.1516632,-0.19813283,-0.12767854,-0.15158468,-0.060104962,-0.15931924,-0.15166104,-0.2028091,-0.2868003,-0.11816878,-0.14795661,-0.10060286,-0.1514698,5.7654433,-0.20725825,-0.17393659,-0.125103,-0.15657571,-0.15690626,-0.15165931,-0.15486042,-0.16221246,-0.22200036,-0.12788042,-0.2814266,-0.15166463,-0.1915083,-0.24371436,-0.16952515,-0.15156125,-0.13369927,-0.12557748,-0.15165547,-0.18106565,-0.15166432,-0.18642783,-0.15159649,-0.30462334,-0.1515275,7.240885,6.7058926,-0.15164828,-0.15484507,4.921142,-0.12778306,-0.15165445,-0.10481856,-0.1650517,-0.15165186,-0.15486293,-0.15482827,-0.12729841,-0.15153384,-0.15482128,-0.15480979,-0.15482423,-0.15483414,-0.16505513,-0.17392421,-0.15164629,-0.15485397,-0.15484151,-0.15485463,-0.2025511,-0.15354379,-0.14723541,-0.15042654,-0.11499533,-0.10471026,-0.11893196,-0.1516507,-0.15477018,-0.1277339,-0.19501048,-0.15166041,-0.18738703,-0.11705899,-0.17429145,-0.15164906,-0.06652963,-0.15134774,-0.10737923,-0.124497145,-0.15298569,-0.052188452,-0.26007295
k__Bacteria|p__Firmicutes|c__Tissierellia|o__Tissierellales|f__Peptoniphilaceae|g__Peptoniphilus|s__Peptoniphilus_grossensis,-0.1004395,-0.12316422,-0.15000536,-0.15325628,-0.15325655,-0.23867357,-0.1666669,-0.16813041,-0.10929718,0.6983107,0.8317324,-0.1500099,-0.22850217,-0.3768707,-0.08556121,-0.1496277,-0.058144663,-0.149501,-0.15319735,-0.19931981,-0.1978925,-0.12568435,-0.14997637,-0.12711628,-0.20043859,-0.11658599,-0.182019,-0.25032333,-0.1509206,-0.14998111,-0.15142563,-0.10844302,-0.18249588,-0.28454733,-0.14999744,-0.12586093,-0.15000764,-0.22338755,-0.15001026,-0.29867563,-0.15001032,-0.29356226,-0.12521648,-0.14987016,-0.13691942,-0.15000501,-0.23188588,-0.24781659,-0.1296162,-0.12586659,1.4681271,-0.18279888,-0.25087595,-0.26027086,-0.28621647,2.6529477,-0.11894142,-0.1499278,-0.040142577,-0.056944285,-0.14932232,-0.11274739,-0.13743341,-0.12575872,-0.14998966,-0.1532521,-0.15325634,-0.15325695,-0.27573854,-0.14997292,-0.12576036,-0.16243835,-0.12334165,-0.14074792,-0.14997783,-0.15887658,-0.14481027,-0.12584652,-0.18691605,-0.14998752,-0.14999883,-0.15323618,-0.15324688,-0.15318559,-0.120334074,-0.13700745,-0.08858878,-0.1499932,-0.19008024,-0.15000379,-0.2004665,-0.11139822,-0.1388583,-0.13027036,-0.1074974,-0.15152657,-0.14991236,-0.15297154,-0.10065024,-0.08152827,-0.09427856,-0.1499593,-0.11960925,-0.15027548,-0.16982608,-0.1185138,-0.14997521,-0.15325058,-0.17738779,-0.15176103,-0.1500065,-0.25953975,-0.17989698,-0.13525523,-0.15000385,-0.15095688,-0.17780018,-0.2009549,-0.14998478,-0.09015879,-0.14972585,-0.12151222,-0.121854745,-0.13997786,-0.21433522,-0.13908121,-0.16057305,-0.14993626,-0.07092635,-0.1494126,-0.15252432,-0.18733518,-0.14976375,-0.12574844,-0.12334781,-0.14100276,-0.14996552,-0.114095174,-0.25318068,-0.26654312,-0.12504542,-0.10945694,-0.14995712,-0.09238048,3.349643,-0.15000406,-0.15317768,-0.12529314,-0.14993681,-0.16015086,-0.1553517,-0.15000819,-0.19704957,-0.20616047,-0.124767095,-0.10460003,-0.11361031,-0.10256614,-0.15000115,-0.19495486,-0.14997876,-0.12521897,-0.1498567,-0.041086134,-0.12967405,-0.15000701,-0.2300741,-0.14998719,-0.10384405,-0.14867398,-0.0784167,-0.14987358,-0.12766197,-0.14989203,-0.121451,-0.075820275,-0.09192432,-0.101488546,-0.14975658,-0.15316743,-0.12378413,-0.1498636,-0.1410757,-0.13984437,-0.18093297,-0.1500093,-0.25777104,-0.12844054,-0.14992484,-0.13462572,-0.119081676,-0.14998172,-0.15325254,-0.15325408,-0.15325513,-0.19755594,-0.25103784,-0.20219928,-0.19465852,-0.24831252,-0.20506537,-0.22091979,-0.1499953,-0.1254828,-0.11956477,-0.14999071,-0.15324911,-0.20931396,-0.18224281,-0.1499826,-0.32474133,-0.15000755,-0.15325761,-0.1532566,-0.15325624,-0.2185038,-0.14998199,-0.114121355,-0.1499846,-0.15324342,-0.15324932,-0.22984435,-0.15000166,-0.15323308,-0.08963354,-0.14990705,-0.15321183,-0.15322834,-0.15322958,-0.13302092,-0.1051107,-0.14014931,-0.15141064,-0.15839578,-0.15615125,-0.14613561,-0.14999828,-0.12319561,-0.12582046,-0.1499649,-0.15325743,-0.153257,-0.15325701,-0.15325749,-0.38518023,-0.11451449,-0.14997181,-0.15564899,-0.14443555,-0.16636807,-0.15000321,-0.15318589,-0.12993515,-0.047159404,-0.14450681,-0.14016809,-0.14106366,-0.14986938,-0.19987361,-0.1649412,-0.17166539,-0.14998268,-0.15321827,-0.12722544,-0.14610182,-0.2588673,-0.12563775,-0.14989018,-0.09132757,-0.12832497,-0.13684332,-0.16221203,-0.15659244,-0.12509793,-0.14976975,-0.15317005,-0.15321523,-0.1532464,-0.15740095,-0.19795567,-0.15106063,-0.07294749,-0.2039893,-0.14997251,-0.15321386,-0.104459345,-0.14966545,-0.17466888,-0.13176009,-0.1499792,-0.15109587,-0.10913184,-0.1498276,-0.05825615,-0.14326635,-0.17082691,-0.14992264,-0.18883844,-0.15000859,-0.31316653,-0.14999959,-0.16808087,-0.14331596,-0.15000147,-0.15325427,-0.25088155,-0.15000893,-0.22115314,-0.07562123,-0.086852394,-0.10702289,-0.060967896,-0.1438259,-0.16796505,-0.15746465,3.1303442,-0.12812386,-0.0969081,-0.16398169,-0.12716047,-0.11335766,-0.18846886,-0.12581421,-0.17755464,-0.0994983,-0.115196005,-0.14992374,-0.11662802,-0.19749595,-0.14526704,-0.12781724,-0.096878245,-0.14992368,-0.15307385,-0.12434345,-0.11230643,-0.063823454,-0.14985886,-0.11419349,-0.10007019,-0.24483351,-0.15000942,-0.1532467,-0.16344379,-0.1759062,-0.12524253,-0.14999577,-0.0782174,-0.19187105,-0.18185812,-0.09859173,-0.11065883,-0.1496934,-0.15295666,-0.083404,-0.1213824,-0.13072303,-0.13855581,-0.19385117,-0.14997488,-0.15325135,-0.19487974,-0.23847799,-0.2432746,-0.12550344,-0.14981869,-0.15322474,1.4680569,-0.2961179,-0.15000872,-0.19813283,-0.12572591,-0.14994934,-0.060104962,-0.15931924,-0.15000708,-0.2028091,-0.2868003,-0.11816878,-0.14795661,-0.10060286,-0.14986256,-0.13614628,-0.20725825,-0.17393659,-0.125103,-0.15657571,-0.15690626,-0.15000579,-0.1532536,-0.16221246,-0.22200036,-0.12588064,-0.2814266,-0.15000981,1.9656976,-0.24371436,4.4535966,-0.14993,-0.13369927,-0.12557748,-0.15000287,-0.18106565,-0.15000957,-0.18642783,-0.14995745,-0.30462334,-0.14990593,-0.14691104,-0.13029914,-0.1499975,-0.1532421,-0.18915205,-0.12580726,-0.15000218,-0.10481856,-0.1650517,-0.15000013,-0.15325549,-0.15322874,-0.1254235,-0.14991152,-0.15322393,-0.15321541,-0.1532262,-0.1532338,-0.16505513,-0.17392421,-0.14999592,-0.15324877,-0.15323935,-0.15324926,1.9537607,-0.15354379,-0.14723541,-0.14906934,-0.11499533,-0.10471026,-0.11893196,-0.1499993,-0.15318386,-0.12576976,-0.19501048,-0.1500066,-0.18738703,-0.11705899,-0.17429145,-0.14999788,-0.06652963,-0.14977074,-0.10737923,-0.124497145,-0.15298569,-0.052188452,-0.26007295
k__Bacteria|p__Firmicutes|c__Negativicutes|o__Selenomonadales|f__Selenomonadaceae|g__Megamonas|s__Megamonas_funiformis,-0.1004395,-0.12316422,-0.15165278,-0.15488562,-0.15488589,-0.23867357,-0.1666669,-0.16813041,-0.10929718,-0.22895765,-0.23728925,-0.1516574,-0.22850217,-0.3768707,-0.08556121,-0.15126878,-0.058144663,-0.15113974,-0.15482566,-0.19931981,-0.1978925,-0.12747072,-0.15162328,-0.12711628,-0.20043859,-0.11658599,-0.182019,-0.25032333,-0.1509206,-0.15162814,-0.15142563,-0.10844302,-0.18249588,-0.28454733,-0.15164492,-0.12764299,-0.15165508,-0.22338755,-0.15165776,-0.29867563,-0.15165782,-0.29356226,-0.12700921,-0.15151545,-0.13691942,-0.15165243,-0.23188588,-0.24781659,-0.1296162,-0.1276486,-0.24679694,-0.18279888,-0.25087595,-0.26027086,-0.28621647,4.137158,-0.11894142,-0.15157405,-0.040142577,-0.056944285,-0.15095823,-0.11274739,-0.13743341,-0.12754351,-0.15163681,-0.15488136,-0.15488568,-0.1548863,-0.27573854,-0.15162036,-0.12754402,-0.16243835,-0.12334165,-0.14074792,-0.15162474,-0.15887658,-0.14481027,-0.12762874,-0.18691605,-0.14998752,-0.15164614,-0.1548652,-0.15487608,-0.15481508,-0.120334074,-0.13700745,-0.08858878,-0.15164039,-0.19008024,-0.15165117,-0.2004665,-0.11139822,-0.1388583,-0.13027036,-0.1074974,-0.15152657,-0.15155831,-0.15460482,-0.10065024,-0.08152827,-0.09427856,-0.15160596,-0.11960925,-0.15027548,-0.16982608,-0.1185138,-0.15162212,-0.15487981,-0.17738779,-0.15176103,-0.15165395,-0.25953975,-0.17989698,-0.13525523,-0.15165123,-0.15095688,-0.17780018,-0.2009549,-0.15163225,-0.09015879,-0.15136878,-0.12151222,-0.121854745,-0.13997786,-0.21433522,-0.13908121,-0.16057305,-0.15158258,-0.07092635,-0.15105036,-0.15414214,-0.18733518,-0.15140814,-0.1275354,-0.12334781,-0.14100276,-0.15161224,-0.114095174,-0.25318068,-0.26654312,-0.12686391,-0.10945694,-0.1516037,-0.09238048,-0.20963459,-0.15165144,-0.15480608,-0.12709622,-0.15158309,-0.16015086,-0.1553517,-0.15165564,-0.19704957,-0.20616047,-0.1265809,-0.10460003,-0.11361031,-0.10256614,-0.15164849,-0.19495486,-0.15162624,-0.12703495,-0.15150164,-0.041086134,-0.12967405,-0.15165444,-0.2300741,-0.1516346,-0.10384405,-0.15030119,-0.0784167,-0.15151891,-0.12766197,-0.1515376,-0.121451,-0.075820275,-0.09192432,-0.101488546,-0.15140057,-0.15479532,-0.12378413,-0.15151078,-0.1410757,-0.13984437,-0.18093297,-0.15165678,-0.25777104,-0.12844054,-0.15157214,-0.13462572,-0.119081676,-0.15162872,-0.15488182,-0.15488338,-0.15488444,-0.19755594,-0.25103784,-0.20219928,-0.19465852,-0.24831252,-0.20506537,-0.22091979,-0.15164265,-0.12728325,-0.11956477,-0.15163785,-0.15487835,-0.20931396,-0.18224281,-0.15162992,6.015183,-0.15165499,-0.15488696,-0.15488593,-0.15488556,-0.2185038,-0.15162927,-0.114121355,-0.15163168,-0.15487258,-0.15487856,-0.22984435,-0.15164903,-0.1548623,-0.08963354,-0.15155286,-0.15484041,-0.15485725,-0.15485847,-0.13302092,-0.1051107,-0.14014931,-0.15141064,-0.15839578,-0.15615125,-0.14613561,-0.15164557,-0.12319561,-0.12760253,-0.15161166,-0.15488678,-0.15488635,-0.15488636,-0.15488684,-0.38518023,-0.11451449,-0.15161869,-0.15564899,-0.14443555,-0.16636807,-0.15165058,-0.15481448,-0.12993515,-0.047159404,-0.14606199,-0.14016809,-0.14106366,-0.15151447,-0.19987361,-0.1649412,-0.17166539,-0.15162972,-0.15484697,-0.12722544,-0.14610182,-0.2588673,-0.12743035,-0.15153599,-0.09132757,-0.12832497,-0.13684332,-0.16221203,-0.15659244,-0.1269186,-0.1514138,-0.15479803,-0.15484387,-0.15487555,-0.15740095,-0.19795567,-0.15106063,-0.07294749,-0.2039893,-0.1516194,-0.15484253,-0.104459345,-0.15132919,-0.17466888,-0.13176009,-0.15162614,-0.15109587,-0.10913184,-0.15147267,-0.05825615,-0.14326635,-0.17082691,-0.1515687,-0.18883844,-0.15165605,-0.31316653,-0.15164694,-0.16808087,-0.14331596,-0.15164882,-0.15488356,-0.25088155,-0.1516564,-0.22115314,-0.07562123,-0.086852394,-0.10702289,-0.060967896,-0.14537266,-0.16796505,-0.15746465,-0.22133875,-0.12812386,-0.0969081,-0.16398169,-0.12716047,-0.11335766,-0.18846886,-0.12759724,-0.17755464,-0.0994983,-0.115196005,-0.15156981,-0.11662802,-0.19749595,-0.14526704,-0.12781724,-0.096878245,-0.15156974,-0.15470052,-0.12434345,-0.11230643,-0.063823454,-0.15150413,-0.11419349,-0.10007019,-0.24483351,-0.1516569,-0.154876,-0.16344379,-0.1759062,-0.12524253,-0.15164301,-0.0782174,-0.19187105,-0.18185812,-0.09859173,-0.11065883,-0.1513359,-0.15458122,-0.083404,-0.1213824,-0.13072303,-0.13855581,-0.19385117,-0.15162182,-0.15488061,-0.19487974,-0.23847799,-0.2432746,-0.12729272,-0.15146318,-0.15485355,-0.14520228,-0.2961179,-0.1516562,-0.19813283,-0.12751238,-0.15159592,-0.060104962,-0.15931924,-0.15165454,-0.2028091,1.2654094,-0.11816878,-0.14795661,-0.10060286,-0.15150775,-0.13614628,-0.20725825,-0.17393659,-0.125103,-0.15657571,-0.15690626,-0.1516532,-0.15488291,-0.16221246,-0.22200036,-0.12766273,-0.2814266,-0.15165728,-0.1915083,-0.24371436,-0.16952515,-0.15157712,-0.13369927,-0.12557748,-0.15165025,-0.18106565,-0.15165704,-0.18642783,-0.1516045,-0.30462334,-0.15155171,-0.14691104,-0.13029914,-0.1516448,-0.15487118,-0.18915205,-0.12758996,-0.15164953,-0.10481856,-0.1650517,-0.15164746,-0.15488482,-0.15485805,-0.1272273,-0.15155745,-0.15485273,-0.15484408,-0.15485506,-0.15486279,-0.16505513,-0.17392421,-0.15164319,-0.15487799,-0.15486841,-0.15487847,-0.2025511,-0.15354379,-0.14723541,-0.15070173,-0.11499533,-0.10471026,-0.11893196,-0.15164661,-0.15481275,-0.12755254,3.8901274,-0.15165403,8.652979,7.918698,8.567616,-0.15164539,-0.06652963,-0.15141457,-0.10737923,-0.124497145,-0.15298569,-0.052188452,-0.26007295
k__Bacteria|p__Firmicutes|c__Clostridia|o__Eubacteriales|f__Clostridiaceae|g__Clostridium|s__Clostridium_sp_NSJ_42,-0.1004395,-0.12316422,-0.15170683,-0.15498978,-0.15498984,2.7975283,-0.1666669,-0.16813041,-0.10929718,-0.22895765,-0.23728925,-0.15170793,-0.22850217,-0.3768707,-0.08556121,-0.15160216,-0.058144663,-0.15159982,-0.1549754,-0.19931981,-0.1978925,-0.12728086,-0.15170068,-0.12711628,-0.20043859,-0.11658599,-0.182019,-0.25032333,-0.1509206,-0.15170196,-0.15142563,-0.10844302,-0.18249588,1.6175443,-0.15170613,-0.12732303,-0.15170744,1.317116,-0.151708,-0.29867563,-0.151708,-0.29356226,-0.12715879,-0.15167604,-0.13691942,-0.15170693,-0.23188588,-0.24781659,-0.1296162,-0.12732473,-0.24679694,-0.18279888,-0.25087595,-0.26027086,-0.28621647,-0.27511892,-0.11894142,-0.1516881,-0.040142577,-0.056944285,-0.15155038,-0.11274739,-0.13743341,-0.1272927,-0.151703,-0.15498888,-0.15498978,-0.15498993,-0.27573854,-0.1516974,-0.1272986,-0.16243835,-0.12334165,-0.14074792,-0.15170102,-0.15887658,-0.14481027,-0.12732135,-0.18691605,-0.14998752,-0.15170531,-0.15498516,-0.15498742,-0.15497947,-0.120334074,-0.13700745,-0.08858878,-0.15170416,-0.19008024,-0.15170659,-0.2004665,-0.11139822,-0.1388583,-0.13027036,-0.1074974,-0.15152657,-0.15168646,-0.15492627,-0.10065024,-0.08152827,-0.09427856,-0.15169689,-0.11960925,-0.15027548,-0.16982608,-0.1185138,-0.15169986,-0.1549886,-0.17738779,-0.15176103,-0.15170717,0.876792,-0.17989698,-0.13525523,-0.15170664,-0.15095688,-0.17780018,-0.2009549,-0.15170284,-0.09015879,-0.15164542,-0.12151222,-0.121854745,-0.13997786,-0.21433522,-0.13908121,-0.16057305,-0.15169165,-0.07092635,-0.15156713,-0.15481263,-0.18733518,-0.15164973,-0.12727484,-0.12334781,-0.14100276,-0.15169792,-0.114095174,-0.25318068,-0.26654312,-0.12703496,-0.10945694,-0.15169635,-0.09238048,-0.20963459,-0.15170664,-0.15497603,-0.12712817,-0.15168986,-0.16015086,-0.1553517,-0.15170756,-0.19704957,-0.20616047,-0.12690404,-0.10460003,-0.11361031,-0.10256614,-0.15170611,-0.19495486,-0.15170391,-0.12707022,-0.15167549,-0.041086134,-0.12967405,-0.15170723,-0.2300741,-0.15170556,-0.10384405,-0.15135643,-0.0784167,-0.15167278,3.5099025,-0.15168074,-0.121451,-0.075820275,-0.09192432,-0.101488546,-0.15164727,-0.15496993,-0.12378413,-0.15167695,-0.1410757,-0.13984437,-0.18093297,-0.1517078,-0.25777104,-0.12844054,-0.15169024,-0.13462572,-0.119081676,-0.15170169,-0.15498886,-0.15498924,-0.15498948,-0.19755594,-0.25103784,-0.20219928,-0.19465852,-0.24831252,-0.20506537,-0.22091979,-0.15170497,-0.12719053,-0.11956477,-0.15170391,-0.15498826,-0.20931396,-0.18224281,-0.15170142,-0.32474133,-0.15170744,-0.15499008,-0.15498987,-0.15498978,-0.2185038,-0.15169919,-0.114121355,-0.15170142,-0.15498656,-0.15498817,-0.22984435,-0.15170613,-0.15497959,-0.08963354,-0.15168199,-0.15498003,-0.15498316,-0.15498412,-0.13302092,-0.1051107,-0.14014931,-0.15141064,-0.15839578,-0.15615125,-0.14613561,-0.15170553,-0.12319561,-0.12731457,-0.15169732,-0.15499005,-0.15498993,-0.15498993,-0.15499005,-0.38518023,-0.11451449,-0.15169948,-0.15564899,-0.14443555,-0.16636807,-0.15170637,-0.15497507,-0.12993515,-0.047159404,-0.15040362,-0.14016809,-0.14106366,-0.15167642,-0.19987361,-0.1649412,-0.17166539,-0.15170205,-0.154982,-0.12722544,-0.14610182,-0.2588673,-0.12726024,-0.15168035,-0.09132757,-0.12832497,-0.13684332,-0.16221203,-0.15659244,-0.12696058,-0.15164411,-0.15496975,-0.15498081,-0.15498762,-0.15740095,-0.19795567,-0.15106063,-0.07294749,-0.2039893,-0.15169919,-0.15498012,-0.104459345,-0.15154529,-0.17466888,-0.13176009,-0.15170163,-0.15109587,-0.10913184,-0.15165937,-0.05825615,-0.14326635,-0.17082691,-0.15168789,-0.18883844,-0.15170762,-0.31316653,-0.15170532,-0.16808087,-0.14331596,-0.15170613,-0.15498927,-0.25088155,-0.15170765,-0.22115314,-0.07562123,-0.086852394,-0.10702289,-0.060967896,-0.15024763,-0.16796505,-0.15746465,-0.22133875,-0.12812386,-0.0969081,-0.16398169,-0.12716047,-0.11335766,-0.18846886,-0.12731336,-0.17755464,-0.0994983,-0.115196005,-0.15168844,-0.11662802,-0.19749595,-0.14526704,-0.12781724,-0.096878245,-0.1516887,-0.15494764,-0.12434345,-0.11230643,-0.063823454,-0.15167078,-0.11419349,-0.10007019,3.302525,-0.15170781,-0.15498894,-0.16344379,-0.1759062,-0.12524253,-0.15170494,-0.0782174,-0.19187105,-0.18185812,-0.09859173,-0.11065883,-0.15163839,-0.15492305,-0.083404,-0.1213824,-0.13072303,-0.13855581,-0.19385117,-0.15169969,-0.1549887,-0.19487974,-0.23847799,-0.2432746,-0.1272112,-0.15166366,-0.15498257,-0.14520228,0.7465132,-0.15170768,-0.19813283,-0.12728494,-0.1516935,-0.060104962,-0.15931924,-0.15170729,-0.2028091,-0.2868003,-0.11816878,-0.14795661,-0.10060286,-0.1516739,-0.13614628,-0.20725825,-0.17393659,-0.125103,-0.15657571,-0.15690626,-0.15170696,-0.15498924,-0.16221246,-0.22200036,-0.12732783,-0.2814266,-0.15170789,-0.1915083,-0.24371436,-0.16952515,-0.15169251,-0.13369927,-0.12557748,-0.15170631,-0.18106565,-0.15170786,-0.18642783,-0.15169653,-0.30462334,-0.15168357,-0.14691104,-0.13029914,-0.15170515,-0.15498662,-0.18915205,-0.12731382,-0.15170631,-0.10481856,-0.1650517,-0.15170564,-0.1549896,-0.15498644,-0.1271678,-0.1516863,-0.15498203,-0.1549798,-0.15498245,-0.15498397,-0.16505513,-0.17392421,-0.15170464,-0.15498812,-0.15498593,-0.15498823,-0.2025511,-0.15354379,-0.14723541,-0.15148309,-0.11499533,-0.10471026,-0.11893196,-0.15170555,-0.15497774,-0.12730323,-0.19501048,-0.15170711,-0.18738703,-0.11705899,-0.17429145,-0.15170771,-0.06652963,-0.15165275,-0.10737923,-0.124497145,-0.15298569,-0.052188452,-0.26007295
k__Bacteria|p__Firmicutes|c__Bacilli|o__Lactobacillales|f__Enterococcaceae|g__Enterococcus|s__Enterococcus_durans,-0.1004395,-0.12316422,-0.15167093,-0.15490031,-0.15490061,-0.23867357,-0.1666669,-0.16813041,-0.10929718,-0.22895765,-0.23728925,-0.15167615,-0.22850217,-0.3768707,-0.08556121,-0.1512443,-0.058144663,-0.15110284,-0.15483302,-0.19931981,-0.1978925,-0.12748748,-0.15163802,-0.12711628,-0.20043859,-0.11658599,-0.182019,-0.25032333,-0.1509206,-0.1516431,-0.15142563,-0.10844302,-0.18249588,-0.28454733,-0.15166166,-0.12768741,-0.15167356,-0.22338755,-0.15167654,-0.29867563,-0.15167661,-0.29356226,-0.12695572,-0.15151541,-0.13691942,-0.1516706,-0.23188588,-0.24781659,-0.1296162,-0.12769365,-0.24679694,-0.18279888,-0.25087595,-0.26027086,-0.28621647,2.4503725,-0.11894142,-0.15158279,-0.040142577,-0.056944285,-0.15088837,-0.11274739,-0.13743341,-0.12757044,-0.15165287,-0.15489554,-0.15490036,-0.15490106,-0.27573854,-0.1516333,-0.12757266,-0.16243835,-0.12334165,-0.14074792,-0.15163964,-0.15887658,-0.14481027,-0.12767115,-0.18691605,-0.14998752,-0.15166354,-0.1548774,-0.1548895,-0.15481779,-0.120334074,-0.13700745,-0.08858878,-0.15165713,-0.19008024,-0.15166919,-0.2004665,-0.11139822,-0.1388583,-0.13027036,-0.1074974,-0.15152657,-0.15156534,-0.15457118,-0.10065024,-0.08152827,-0.09427856,-0.15161872,-0.11960925,-0.15027548,-0.16982608,-0.1185138,-0.15163638,-0.15489379,-0.17738779,-0.15176103,-0.15167226,-0.25953975,-0.17989698,-0.13525523,-0.15166925,-0.15095688,-0.17780018,-0.2009549,-0.15164655,-0.09015879,-0.15135458,-0.12151222,-0.121854745,-0.13997786,-0.21433522,-0.13908121,-0.16057305,-0.15159264,-0.07092635,-0.15099737,-0.15405528,-0.18733518,-0.15139017,-0.1275581,-0.12334781,-0.14100276,-0.15162566,-0.114095174,-0.25318068,-0.26654312,-0.12676416,-0.10945694,-0.15161625,-0.09238048,-0.20963459,-0.1516695,-0.15480801,-0.12704182,-0.1515927,-0.16015086,-0.1553517,-0.15167418,-0.19704957,-0.20616047,-0.12645075,-0.10460003,-0.11361031,-0.10256614,-0.15166624,-0.19495486,-0.15164022,-0.12695375,-0.1515027,-0.041086134,-0.12967405,-0.15167278,-0.2300741,-0.15164974,-0.10384405,-0.1501626,-0.0784167,-0.15152091,-0.12766197,-0.15154216,-0.121451,-0.075820275,-0.09192432,-0.101488546,-0.15138829,-0.15479961,-0.12378413,-0.15150812,-0.1410757,-0.13984437,-0.18093297,-0.15167546,-0.25777104,-0.12844054,-0.15157792,-0.13462572,-0.119081676,-0.15164429,-0.15489604,-0.15489778,-0.15489899,-0.19755594,-0.25103784,-0.20219928,-0.19465852,-0.24831252,-0.20506537,-0.22091979,-0.15165924,-0.1272533,-0.11956477,-0.15165438,-0.15489212,-0.20931396,-0.18224281,-0.15164456,4.135775,-0.15167347,-0.15490182,-0.15490066,-0.15490025,3.524371,-0.15164387,-0.114121355,-0.15164705,-0.15488534,-0.15489236,-0.22984435,-0.15166682,-0.15487322,-0.08963354,-0.15155877,-0.15485008,-0.1548683,-0.15487015,-0.13302092,-0.1051107,-0.14014931,-0.15141064,-0.15839578,-0.15615125,-0.14613561,-0.15166304,-0.12319561,-0.12764111,-0.15162435,-0.15490162,-0.15490112,-0.15490115,-0.15490167,-0.38518023,-0.11451449,-0.15163268,-0.15564899,-0.14443555,-0.16636807,-0.15166846,-0.15481827,-0.12993515,-0.047159404,-0.14533454,-0.14016809,-0.14106366,-0.15151568,-0.19987361,-0.1649412,-0.17166539,-0.15164521,-0.15485752,-0.12722544,-0.14610182,-0.2588673,-0.12743518,-0.15154031,-0.09132757,-0.12832497,-0.13684332,-0.16221203,-0.15659244,-0.12682055,-0.15140185,-0.15480226,-0.15485375,-0.15488908,-0.15740095,-0.19795567,-0.15106063,-0.07294749,-0.2039893,-0.15163328,-0.15485245,-0.104459345,-0.15127505,-0.17466888,-0.13176009,-0.15164147,-0.15109587,-0.10913184,-0.15146853,-0.05825615,-0.14326635,-0.17082691,-0.1515764,-0.18883844,-0.15167463,-0.31316653,-0.15166411,-0.16808087,-0.14331596,-0.15166654,-0.15489796,-0.25088155,-0.15167502,-0.22115314,-0.07562123,-0.086852394,-0.10702289,-0.060967896,-0.14455849,-0.16796505,-0.15746465,-0.22133875,-0.12812386,-0.0969081,-0.16398169,-0.12716047,-0.11335766,-0.18846886,-0.12763417,4.2535777,-0.0994983,2.770685,-0.15157786,-0.11662802,-0.19749595,-0.14526704,-0.12781724,-0.096878245,-0.15157871,-0.15469304,-0.12434345,-0.11230643,-0.063823454,-0.15150458,-0.11419349,-0.10007019,-0.24483351,-0.15167558,-0.15488905,-0.16344379,-0.1759062,-0.12524253,-0.15166011,-0.0782174,-0.19187105,3.2843325,-0.09859173,-0.11065883,-0.15131727,-0.15455991,-0.083404,-0.1213824,-0.13072303,-0.13855581,-0.19385117,-0.15163592,-0.1548947,-0.19487974,-0.23847799,-0.2432746,-0.12728253,-0.15145865,-0.15486422,-0.14520228,-0.2961179,-0.1516748,-0.19813283,-0.12753406,-0.15160686,-0.060104962,-0.15931924,-0.1516729,-0.2028091,-0.2868003,-0.11816878,-0.14795661,-0.10060286,-0.15150753,2.0373094,3.8111095,-0.17393659,-0.125103,-0.15657571,-0.15690626,-0.15167141,-0.15489727,-0.16221246,-0.22200036,-0.1277096,-0.2814266,-0.15167603,-0.1915083,-0.24371436,-0.16952515,-0.1515829,-0.13369927,-0.12557748,-0.1516681,-0.18106565,-0.15167576,-0.18642783,-0.15161493,-0.30462334,-0.15155667,-0.14691104,-0.13029914,-0.151662,-0.15488422,-0.18915205,-0.12762678,-0.15166736,-0.10481856,-0.1650517,-0.15166491,-0.15489939,-0.15486798,-0.12719217,-0.15156455,-0.15486312,-0.15485361,-0.15486579,-0.15487476,-0.16505513,-0.17392421,-0.15166011,-0.15489177,-0.15488097,-0.15489236,-0.2025511,-0.15354379,-0.14723541,-0.15059128,-0.11499533,-0.10471026,-0.11893196,-0.15166405,-0.1548161,-0.127585,-0.19501048,-0.15167233,-0.18738703,-0.11705899,-0.17429145,-0.15166211,-0.06652963,-0.15140542,-0.10737923,-0.124497145,-0.15298569,-0.052188452,-0.26007295
k__Bacteria|p__Firmicutes|c__Negativicutes|o__Veillonellales|f__Veillonellaceae|g__Megasphaera|s__Megasphaera_sp_MJR8396C,-0.1004395,-0.12316422,-0.14994213,-0.1531341,-0.15313435,-0.23867357,-0.1666669,-0.16813041,-0.10929718,-0.22895765,-0.23728925,-0.14994642,-0.22850217,-0.3768707,-0.08556121,-0.14958039,-0.058144663,-0.14946504,-0.15307854,7.5251627,6.516168,-0.12606403,-0.14991474,-0.12711628,-0.20043859,-0.11658599,-0.182019,-0.25032333,-0.1509206,-0.14991924,-0.15142563,-0.10844302,-0.18249588,-0.28454733,-0.14993432,-0.12623513,-0.14994428,-0.22338755,-0.14994673,-0.29867563,-0.1499468,-0.29356226,-0.12560871,-0.14981459,-0.13691942,-0.1499418,-0.23188588,-0.24781659,-0.1296162,-0.12624055,-0.24679694,-0.18279888,-0.25087595,-0.26027086,-0.28621647,-0.27511892,-0.11894142,-0.14986894,-0.040142577,-0.056944285,-0.1493015,-0.11274739,-0.13743341,-0.12613654,-0.14992738,-0.15313014,-0.15313414,-0.15313472,7.4879413,-0.14991076,-0.12613802,6.0719504,0.901549,1.1615946,-0.14991623,-0.15887658,-0.14481027,-0.12622076,-0.18691605,-0.14998752,-0.14993599,-0.15311521,-0.15312526,-0.15306434,-0.120334074,-0.13700745,-0.08858878,-0.14993066,-0.19008024,-0.14994064,-0.2004665,-0.11139822,-0.1388583,-0.13027036,-0.1074974,-0.15152657,-0.1498546,-0.15284058,-0.10065024,-0.08152827,-0.09427856,-0.14989865,-0.11960925,-0.15027548,-0.16982608,-0.1185138,-0.1499137,-0.15312868,-0.17738779,-0.15176103,-0.1499432,-0.25953975,-0.17989698,-0.13525523,-0.1499407,-0.15095688,-0.17780018,-0.2009549,-0.1499221,-0.09015879,-0.14967847,-0.12151222,-0.121854745,-0.13997786,-0.21433522,-0.13908121,-0.16057305,-0.14987698,-0.07092635,-0.14938128,-0.15244818,-0.18733518,-0.1497139,-0.12612474,-0.12334781,-0.14100276,-0.14990461,-0.114095174,-0.25318068,-0.26654312,-0.12544462,-0.10945694,-0.14989667,-0.09238048,-0.20963459,-0.1499409,-0.15305844,-0.12568352,-0.14987734,-0.16015086,-0.1553517,-0.14994478,-0.19704957,-0.20616047,-0.12518539,-0.10460003,-0.11361031,-0.10256614,-0.14993817,-0.19495486,-0.14991629,-0.12561637,-0.1498015,-0.041086134,-0.12967405,-0.14994368,-0.2300741,-0.14992446,-0.10384405,-0.14867708,-0.0784167,-0.14981773,-0.12766197,-0.14983532,-0.121451,-0.075820275,-0.09192432,-0.101488546,-0.14970729,-0.1530503,-0.12378413,-0.14979857,-0.1410757,-0.13984437,-0.18093297,-0.14994584,-0.25777104,-0.12844054,-0.14986345,-0.13462572,-0.119081676,-0.14991982,-0.15313056,-0.15313202,-0.153133,-0.19755594,-0.25103784,-0.20219928,-0.19465852,-0.24831252,-0.20506537,-0.22091979,-0.1499325,-0.12586497,-0.11956477,-0.1499283,-0.15312734,-0.20931396,-0.18224281,-0.14992017,-0.32474133,-0.14994419,-0.15313533,-0.15313438,-0.15313405,-0.2185038,-0.14991939,-0.114121355,-0.14992262,-0.15312204,-0.15312752,-0.22984435,-0.14993866,-0.1531116,-0.08963354,-0.14984939,-0.1530922,-0.15310788,-0.15310892,-0.13302092,-0.1051107,-0.14014931,-0.15141064,-0.15839578,-0.15615125,-0.14613561,-0.14993544,-0.12319561,-0.12619665,-0.14990425,-0.15313518,-0.15313476,-0.15313478,-0.15313521,-0.38518023,-0.11451449,-0.1499106,-0.15564899,-0.14443555,-0.16636807,-0.14994013,-0.15306756,-0.12993515,-0.047159404,-0.14478835,-0.14016809,-0.14106366,-0.1498145,-0.19987361,-0.1649412,-0.17166539,-0.14992079,-0.15309829,-0.12722544,-0.14610182,-0.2588673,-0.1260169,-0.14983328,-0.09132757,-0.12832497,-0.13684332,-0.16221203,-0.15659244,-0.12550706,-0.14971948,-0.15305284,-0.15309536,-0.15312475,-0.15740095,-0.19795567,-0.15106063,-0.07294749,-0.2039893,-0.14991127,-0.15309405,-0.104459345,-0.14958599,-0.17466888,-0.13176009,-0.14991745,-0.15109587,-0.10913184,-0.1497737,-0.05825615,-0.14326635,-0.17082691,-0.14986444,-0.18883844,-0.14994517,-0.31316653,-0.14993669,-0.16808087,-0.14331596,-0.14993846,-0.1531322,-0.25088155,-0.14994548,-0.22115314,-0.07562123,-0.086852394,-0.10702289,-0.060967896,-0.14415288,-0.16796505,-0.15746465,-0.22133875,-0.12812386,-0.0969081,-0.16398169,-0.12716047,-0.11335766,-0.18846886,-0.12619007,-0.17755464,-0.0994983,-0.115196005,-0.14986533,-0.11662802,-0.19749595,-0.14526704,-0.12781724,-0.096878245,-0.14986503,-0.15296206,-0.12434345,-0.11230643,-0.063823454,-0.14980364,-0.11419349,-0.10007019,-0.24483351,-0.14994594,-0.15312478,-0.16344379,-0.1759062,-0.12524253,-0.14993311,-0.0782174,-0.19187105,-0.18185812,-0.09859173,-0.11065883,-0.1496481,-0.15285163,-0.083404,-0.1213824,-0.13072303,-0.13855581,-0.19385117,-0.14991352,-0.15312944,-0.19487974,-0.23847799,6.6693883,-0.12590027,-0.14976627,-0.15310442,-0.14520228,-0.2961179,-0.14994529,-0.19813283,-0.12610382,-0.14988935,-0.060104962,-0.15931924,-0.14994375,-0.2028091,-0.2868003,-0.11816878,-0.14795661,-0.10060286,-0.14980772,-0.13614628,-0.20725825,-0.17393659,-0.125103,-0.15657571,-0.15690626,-0.14994252,-0.15313156,-0.16221246,-0.22200036,-0.1262539,-0.2814266,-0.1499463,-0.1915083,7.1931024,5.382116,-0.14986813,-0.13369927,-0.12557748,-0.1499398,5.51715,-0.14994608,6.4328837,-0.14989601,-0.30462334,-0.14984895,-0.14691104,-0.13029914,-0.14993474,-0.15312076,-0.18915205,-0.1261831,-0.14993909,-0.10481856,-0.1650517,-0.14993724,-0.15313336,-0.15310727,-0.12582213,-0.14985368,-0.15310368,-0.15309563,-0.15310583,-0.15311283,-0.16505513,-0.17392421,-0.14993326,-0.15312703,-0.1531182,-0.15312749,-0.2025511,-0.15354379,-0.14723541,-0.14906561,-0.11499533,-0.10471026,-0.11893196,-0.14993642,-0.15306404,-0.12614718,-0.19501048,-0.14994332,-0.18738703,-0.11705899,-0.17429145,-0.14993444,-0.06652963,-0.1497195,-0.10737923,-0.124497145,-0.15298569,-0.052188452,-0.26007295
k__Bacteria|p__Firmicutes|c__Erysipelotrichia|o__Erysipelotrichales|f__Erysipelotrichaceae|g__Holdemanella|s__Holdemanella_porci,-0.1004395,-0.12316422,-0.1530018,-0.15625693,-0.15625715,-0.23867357,-0.1666669,-0.16813041,-0.10929718,-0.22895765,-0.23728925,-0.15300581,-0.22850217,-0.3768707,-0.08556121,-0.15266725,-0.058144663,-0.1525574,-0.15620488,-0.19931981,-0.1978925,-0.128662,-0.15297616,-0.12711628,-0.20043859,-0.11658599,-0.182019,-0.25032333,-0.1509206,-0.1529803,-0.15142563,-0.10844302,-0.18249588,-0.28454733,-0.15299454,-0.12882553,-0.15300381,-0.22338755,-0.15300614,-0.29867563,-0.1530062,-0.29356226,-0.12823236,-0.15288202,-0.13691942,-0.1530015,-0.23188588,-0.24781659,-0.1296162,-0.12883069,-0.24679694,-0.18279888,-0.25087595,-0.26027086,-0.28621647,-0.27511892,-0.11894142,-0.15293318,-0.040142577,-0.056944285,-0.15239921,-0.11274739,-0.13743341,-0.12873112,-0.15298793,-0.15625323,-0.15625697,-0.15625751,-0.27573854,-0.1529721,-0.12873362,-0.16243835,-0.12334165,-0.14074792,-0.15297751,-0.15887658,-0.14481027,-0.12881225,-0.18691605,-0.14998752,-0.15299606,-0.15623918,-0.1562486,-0.15619212,-0.120334074,-0.13700745,-0.08858878,-0.15299106,-0.19008024,-0.15300041,-0.2004665,-0.11139822,-0.1388583,-0.13027036,-0.1074974,-0.15152657,-0.15291971,-0.15599236,-0.10065024,-0.08152827,-0.09427856,-0.1529611,-0.11960925,-0.15027548,-0.16982608,-0.1185138,-0.15297514,-0.15625186,-0.17738779,-0.15176103,-0.15300281,-0.25953975,-0.17989698,-0.13525523,-0.15300047,-0.15095688,-0.17780018,-0.2009549,-0.15298286,-0.09015879,-0.1527552,-0.12151222,-0.121854745,-0.13997786,-0.21433522,-0.13908121,-0.16057305,-0.15294075,-0.07092635,-0.15247798,-0.1556102,-0.18733518,-0.1527865,-0.12872043,-0.12334781,-0.14100276,-0.15296668,-0.114095174,-0.25318068,-0.26654312,-0.12804678,-0.10945694,-0.15295924,-0.09238048,-0.20963459,-0.15300065,-0.1561853,-0.12829277,-0.15294126,-0.16015086,-0.1553517,-0.15300429,-0.19704957,-0.20616047,-0.12777817,-0.10460003,-0.11361031,-0.10256614,-0.15299812,-0.19495486,-0.15297756,-0.12820424,-0.15287054,-0.041086134,-0.12967405,-0.15300325,-0.2300741,-0.1529851,-0.10384405,-0.15182567,-0.0784167,-0.15288532,-0.12766197,-0.15290178,-0.121451,-0.075820275,-0.09192432,-0.101488546,-0.15278196,-0.15617855,-0.12378413,-0.1528725,-0.1410757,-0.13984437,-0.18093297,-0.1530053,-0.25777104,-0.12844054,-0.15292776,-0.13462572,-0.119081676,-0.15298098,-0.15625364,-0.15625498,-0.15625592,-0.19755594,-0.25103784,-0.20219928,-0.19465852,-0.24831252,-0.20506537,-0.22091979,-0.15299273,-0.12846917,-0.11956477,-0.15298887,-0.1562506,-0.20931396,-0.18224281,-0.15298134,3.6466868,-0.15300372,-0.15625809,-0.15625718,-0.15625688,-0.2185038,-0.15298043,-0.114121355,-0.15298346,-0.15624553,-0.15625077,-0.22984435,-0.15299855,-0.15623598,-0.08963354,-0.15291491,-0.15621772,-0.15623227,-0.1562334,-0.13302092,-0.1051107,-0.14014931,-0.15141064,-0.15839578,-0.15615125,-0.14613561,-0.15299556,-0.12319561,-0.12878907,-0.15296611,-0.15625793,-0.15625757,-0.15625757,-0.15625797,-0.38518023,-0.11451449,-0.15297219,-0.15564899,-0.14443555,-0.16636807,-0.15299991,-0.1561939,-0.12993515,-0.047159404,-0.1481521,-0.14016809,-0.14106366,-0.15288188,-0.19987361,-0.1649412,-0.17166539,-0.15298179,-0.15622342,-0.12722544,-0.14610182,-0.2588673,-0.12861386,-0.15289988,-0.09132757,-0.12832497,-0.13684332,-0.16221203,-0.15659244,-0.12807995,-0.15279287,-0.15618071,-0.15622067,-0.15624818,-0.15740095,-0.19795567,-0.15106063,-0.07294749,-0.2039893,-0.15297279,-0.15621947,-0.104459345,-0.15265717,-0.17466888,-0.13176009,-0.15297875,-0.15109587,-0.10913184,-0.15284365,-0.05825615,-0.14326635,-0.17082691,-0.1529288,-0.18883844,-0.15300465,-0.31316653,-0.15299666,-0.16808087,-0.14331596,-0.15299836,-0.15625514,-0.25088155,-0.15300496,-0.22115314,-0.07562123,-0.086852394,-0.10702289,-0.060967896,-0.14754751,-0.16796505,-0.15746465,-0.22133875,-0.12812386,-0.0969081,-0.16398169,-0.12716047,-0.11335766,-0.18846886,-0.12878275,-0.17755464,-0.0994983,-0.115196005,-0.15292972,-0.11662802,-0.19749595,-0.14526704,-0.12781724,-0.096878245,-0.15292963,-0.1560955,-0.12434345,-0.11230643,-0.063823454,-0.15287232,-0.11419349,-0.10007019,-0.24483351,-0.15300539,-0.15624814,-0.16344379,-0.1759062,-0.12524253,-0.15299337,-0.0782174,-0.19187105,-0.18185812,-0.09859173,-0.11065883,-0.15272635,-0.1559923,-0.083404,-0.1213824,-0.13072303,-0.13855581,-0.19385117,-0.15297487,-0.15625256,-0.19487974,-0.23847799,-0.2432746,-0.12849084,-0.15283681,-0.15622906,4.744163,4.5583467,-0.15300478,-0.19813283,-0.12869905,-0.15295222,-0.060104962,-0.15931924,-0.15300333,-0.2028091,-0.2868003,-0.11816878,-0.14795661,-0.10060286,-0.15287557,-0.13614628,-0.20725825,-0.17393659,-0.125103,-0.15657571,-0.15690626,-0.15300217,-0.15625456,-0.16221246,-0.22200036,-0.12884325,-0.2814266,-0.15300572,-0.1915083,-0.24371436,-0.16952515,-0.15293275,-0.13369927,-0.12557748,-0.15299961,-0.18106565,-0.15300551,-0.18642783,-0.15295863,-0.30462334,-0.15291405,-0.14691104,-0.13029914,-0.15299487,-0.15624441,-0.18915205,-0.12877649,-0.15299898,-0.10481856,-0.1650517,-0.15299718,-0.15625623,-0.1562317,-0.1284087,-0.15291896,-0.15622835,-0.15622082,-0.15623033,-0.15623704,-0.16505513,7.593402,-0.15299347,-0.1562503,-0.15624198,-0.15625072,-0.2025511,4.8464594,-0.14723541,-0.1521753,-0.11499533,-0.10471026,-0.11893196,-0.15299645,-0.15619144,-0.12874329,-0.19501048,-0.1530029,-0.18738703,-0.11705899,-0.17429145,-0.15299457,-0.06652963,-0.15279445,-0.10737923,-0.124497145,-0.15298569,-0.052188452,-0.26007295
k__Bacteria|p__Firmicutes|c__Tissierellia|o__Tissierellales|f__Peptoniphilaceae|g__Peptoniphilus|s__Peptoniphilus_gorbachii,-0.1004395,-0.12316422,-0.15227157,-0.1555103,-0.15551057,-0.23867357,-0.1666669,-0.16813041,-0.10929718,-0.22895765,-0.23728925,-0.15227616,-0.22850217,-0.3768707,-0.08556121,-0.15188497,-0.058144663,-0.15176305,-0.15545085,-0.19931981,-0.1978925,-0.12803447,-0.15224236,-0.12711628,-0.20043859,-0.11658599,-0.182019,-0.25032333,-0.1509206,-0.15224713,-0.15142563,-0.10844302,-0.18249588,-0.28454733,-0.15226343,-0.1282175,-0.15227386,-0.22338755,-0.1522765,-0.29867563,-0.15227656,-0.29356226,-0.12754948,-0.15213504,-0.13691942,-0.15227124,-0.23188588,-0.24781659,-0.1296162,-0.12822331,1.7140762,-0.18279888,-0.25087595,-0.26027086,-0.28621647,-0.27511892,-0.11894142,-0.15219334,-0.040142577,-0.056944285,-0.15158434,-0.11274739,-0.13743341,-0.12811112,-0.15225574,-0.15550607,-0.15551034,-0.15551096,-0.27573854,-0.15223813,-0.12811382,-0.16243835,-0.12334165,-0.14074792,-0.15224388,-0.15887658,-0.14481027,-0.12820262,-0.18691605,-0.14998752,-0.15226501,-0.1554901,-0.1555008,-0.15543672,-0.120334074,-0.13700745,-0.08858878,-0.15225932,-0.19008024,-0.15226999,-0.2004665,-0.11139822,-0.1388583,-0.13027036,-0.1074974,-0.15152657,-0.15217799,-0.15520412,-0.10065024,-0.08152827,-0.09427856,-0.1522252,-0.11960925,-0.15027548,-0.16982608,-0.1185138,-0.15224117,-0.15550452,-0.17738779,-0.15176103,-0.15227273,-0.25953975,-0.17989698,-0.13525523,-0.15227008,-0.15095688,-0.17780018,-0.2009549,-0.15225023,-0.09015879,-0.15199012,-0.12151222,-0.121854745,-0.13997786,-0.21433522,-0.13908121,-0.16057305,-0.15220198,-0.07092635,-0.15167174,-0.15477243,-0.18733518,-0.15202615,-0.12809843,-0.12334781,-0.14100276,-0.15223148,-0.114095174,-0.25318068,-0.26654312,-0.12735656,-0.10945694,-0.15222304,-0.09238048,-0.20963459,-0.15227027,-0.15543002,-0.12761903,-0.15220222,-0.16015086,-0.1553517,-0.1522744,-0.19704957,-0.20616047,-0.12708105,-0.10460003,-0.11361031,-0.10256614,-0.15226737,-0.19495486,-0.15224424,-0.12753838,-0.15212151,-0.041086134,-0.12967405,-0.15227321,-0.2300741,-0.15225297,-0.10384405,-0.15091711,-0.0784167,-0.15213831,-0.12766197,-0.15215735,-0.121451,-0.075820275,-0.09192432,-0.101488546,-0.15202042,-0.15542078,-0.12378413,-0.15212165,-0.1410757,-0.13984437,-0.18093297,-0.15227556,-0.25777104,-0.12844054,-0.15218878,-0.13462572,-0.119081676,-0.1522478,-0.15550652,-0.15550809,-0.15550914,-0.19755594,-0.25103784,-0.20219928,-0.19465852,-0.24831252,-0.20506537,-0.22091979,-0.15226132,-0.12781538,-0.11956477,-0.15225685,-0.1555031,-0.20931396,-0.18224281,-0.15224826,-0.32474133,-0.15227377,-0.15551162,-0.1555106,-0.15551025,-0.2185038,-0.15224752,-0.114121355,-0.15225065,-0.15549731,-0.15550327,-0.22984435,-0.15226787,-0.15548638,-0.08963354,-0.15217233,-0.1554656,-0.15548217,-0.15548345,-0.13302092,-0.1051107,-0.14014931,-0.15141064,-0.15839578,-0.15615125,-0.14613561,-0.15226448,-0.12319561,-0.12817624,-0.15223086,-0.15551147,-0.15551102,-0.15551102,-0.1555115,-0.38518023,-0.11451449,-0.15223783,-0.15564899,-0.14443555,-0.16636807,-0.15226941,-0.15543899,-0.12993515,-0.047159404,-0.14673017,-0.14016809,-0.14106366,-0.15213484,-0.19987361,-0.1649412,-0.17166539,-0.15224877,-0.15547214,-0.12722544,-0.14610182,-0.2588673,-0.12798102,-0.15215525,-0.09132757,-0.12832497,-0.13684332,-0.16221203,-0.15659244,-0.1274083,-0.15203305,-0.15542343,-0.15546897,-0.15550032,-0.15740095,-0.19795567,-0.15106063,-0.07294749,2.8879647,-0.15223849,-0.15546757,-0.104459345,-0.15189561,5.1977367,-0.13176009,-0.15224531,-0.15109587,-0.10913184,-0.15209118,-0.05825615,-0.14326635,-0.17082691,-0.15218833,-0.18883844,-0.15227482,-0.31316653,-0.1522657,-0.16808087,-0.14331596,-0.15226766,-0.15550825,-0.25088155,-0.15227517,-0.22115314,-0.07562123,-0.086852394,-0.10702289,-0.060967896,-0.14604987,-0.16796505,-0.15746465,-0.22133875,-0.12812386,-0.0969081,-0.16398169,-0.12716047,-0.11335766,-0.18846886,-0.12816918,-0.17755464,-0.0994983,-0.115196005,-0.15218936,-0.11662802,-0.19749595,-0.14526704,-0.12781724,-0.096878245,-0.15218936,-0.1553263,-0.12434345,-0.11230643,-0.063823454,-0.15212345,2.84391,2.0793922,-0.24483351,-0.15227565,-0.1555005,-0.16344379,-0.1759062,-0.12524253,-0.15226194,-0.0782174,-0.19187105,0.99627143,-0.09859173,-0.11065883,-0.15195733,-0.15520829,-0.083404,-0.1213824,-0.13072303,-0.13855581,-0.19385117,-0.15224087,-0.15550533,-0.19487974,-0.23847799,-0.2432746,-0.12784983,-0.1520834,-0.15547854,-0.14520228,-0.2961179,-0.15227497,-0.19813283,-0.12807623,-0.15221503,-0.060104962,-0.15931924,-0.1522733,-0.2028091,-0.2868003,-0.11816878,-0.14795661,-0.10060286,-0.1521276,-0.13614628,-0.20725825,-0.17393659,-0.125103,-0.15657571,-0.15690626,-0.152272,-0.1555076,-0.16221246,-0.22200036,-0.12823756,2.392366,-0.15227604,-0.1915083,-0.24371436,-0.16952515,-0.15219373,-0.13369927,-0.12557748,-0.15226907,-0.18106565,-0.15227582,-0.18642783,-0.15222262,-0.30462334,-0.1521715,-0.14691104,-0.13029914,-0.15226367,-0.15549603,-0.18915205,-0.12816235,-0.15226835,-0.10481856,-0.1650517,-0.15226631,-0.1555095,-0.15548196,-0.12775707,-0.15217707,-0.15547767,-0.1554691,-0.15547997,-0.1554876,-0.16505513,-0.17392421,-0.15226206,-0.15550274,-0.15549326,-0.15550324,-0.2025511,-0.15354379,-0.14723541,-0.15132892,-0.11499533,2.433485,-0.11893196,-0.15226546,-0.15543604,-0.12812378,-0.19501048,-0.15227284,-0.18738703,-0.11705899,-0.17429145,-0.15226369,-0.06652963,-0.15203404,-0.10737923,-0.124497145,-0.15298569,-0.052188452,-0.26007295
k__Bacteria|p__Firmicutes|c__Erysipelotrichia|o__Erysipelotrichales|f__Erysipelotrichaceae|g__Solobacterium|s__Solobacterium_SGB6829,-0.1004395,-0.12316422,-0.14935079,-0.15253352,-0.15253377,-0.23867357,-0.1666669,4.0511374,2.6001945,2.4934485,2.5429103,-0.14935541,2.2042732,0.4804006,-0.08556121,-0.14896753,-0.058144663,-0.14884064,-0.1524738,-0.19931981,-0.1978925,-0.12553559,-0.14932147,-0.12711628,-0.20043859,-0.11658599,-0.182019,-0.25032333,-0.1509206,-0.14932624,-0.15142563,-0.10844302,-0.18249588,-0.28454733,-0.14934275,-0.12571335,-0.14935312,-0.22338755,-0.14935577,-0.29867563,-0.14935583,-0.29356226,-0.12505554,-0.14921361,-0.13691942,-0.14935046,-0.23188588,1.6872427,0.6910494,-0.125719,-0.24679694,-0.18279888,-0.25087595,-0.26027086,-0.28621647,-0.27511892,-0.11894142,-0.14927238,-0.040142577,-0.056944285,-0.14865935,2.9232066,-0.13743341,-0.12560967,-0.14933491,-0.15252924,-0.15253356,-0.15253419,-0.27573854,-0.14931819,-0.1256116,-0.16243835,-0.12334165,-0.14074792,-0.14932293,-0.15887658,-0.14481027,-0.12569854,-0.18691605,-0.14998752,-0.1493442,-0.15251318,-0.15252396,-0.15246172,-0.120334074,-0.13700745,-0.08858878,-0.14933848,-0.19008024,-0.14934921,-0.2004665,-0.11139822,-0.1388583,-0.13027036,-0.1074974,-0.15152657,-0.14925674,-0.15224715,-0.10065024,-0.08152827,-0.09427856,-0.14930421,-0.11960925,-0.15027548,-0.16982608,-0.1185138,-0.1493203,-0.15252772,-0.17738779,-0.15176103,-0.14935198,-0.25953975,-0.17989698,-0.13525523,-0.14934927,-0.15095688,-0.17780018,-0.2009549,-0.14932993,-0.09015879,-0.14906809,-0.12151222,-0.121854745,-0.13997786,-0.21433522,-0.13908121,-0.16057305,-0.14928092,-0.07092635,-0.14875104,-0.15179217,-0.18733518,-0.14910637,-0.12559669,-0.12334781,-0.14100276,-0.14931047,-0.114095174,-0.25318068,-0.26654312,-0.12489958,-0.10945694,-0.149302,-0.09238048,-0.20963459,-0.1493495,-0.15245402,-0.12514263,-0.14928141,-0.16015086,-0.1553517,-0.14935368,-0.19704957,-0.20616047,-0.124614,-0.10460003,-0.11361031,-0.10256614,-0.14934656,-0.19495486,-0.14932391,-0.12506904,-0.14920041,-0.041086134,-0.12967405,-0.14935246,-0.2300741,-0.14933237,-0.10384405,-0.14800625,-0.0784167,-0.14921756,-0.12766197,-0.14923611,-0.121451,-0.075820275,-0.09192432,-0.101488546,-0.14909898,-0.15244359,-0.12378413,-0.14920725,-0.1410757,-0.13984437,-0.18093297,-0.14935482,-0.25777104,-0.12844054,-0.14926988,-0.13462572,-0.119081676,-0.14932689,-0.15252969,-0.15253128,-0.15253234,-0.19755594,-0.25103784,-0.20219928,-0.19465852,-0.24831252,-0.20506537,-0.22091979,-0.14934066,-0.12533095,-0.11956477,-0.14933598,-0.15252624,-0.20931396,-0.18224281,-0.14932781,-0.32474133,-0.14935303,-0.15253484,-0.15253381,-0.15253346,-0.2185038,-0.14932731,-0.114121355,-0.1493298,-0.15252046,-0.15252645,1.397885,-0.14934708,-0.15250999,-0.08963354,-0.14925125,-0.15248853,-0.15250522,-0.15250647,-0.13302092,-0.1051107,-0.14014931,-0.15141064,-0.15839578,-0.15615125,-0.14613561,-0.14934364,-0.12319561,-0.12567224,-0.14930986,-0.15253466,-0.15253422,-0.15253423,-0.15253471,-0.38518023,-0.11451449,-0.14931686,-0.15564899,-0.14443555,-0.16636807,-0.14934865,-0.15246224,-0.12993515,-0.047159404,-0.14378113,-0.14016809,-0.14106366,-0.1492132,-0.19987361,-0.1649412,-0.17166539,-0.14932787,-0.15249506,-0.12722544,-0.14610182,-0.2588673,-0.1254897,-0.14923428,-0.09132757,-0.12832497,-0.13684332,-0.16221203,-0.15659244,-0.12495882,-0.14911243,-0.15244624,-0.15249196,-0.15252349,-0.15740095,-0.19795567,-0.15106063,-0.07294749,-0.2039893,-0.14931756,-0.15249062,-0.104459345,-0.14902699,-0.17466888,-0.13176009,-0.14932434,-0.15109587,-0.10913184,-0.1491709,-0.05825615,-0.14326635,-0.17082691,-0.14926706,-0.18883844,-0.14935407,-0.31316653,-0.14934495,-0.16808087,-0.14331596,-0.14934686,-0.15253146,-0.25088155,-0.14935443,-0.22115314,-0.07562123,-0.086852394,-0.10702289,-0.060967896,-0.1430938,-0.16796505,-0.15746465,-0.22133875,-0.12812386,-0.0969081,-0.16398169,-0.12716047,-0.11335766,-0.18846886,-0.12566616,-0.17755464,-0.0994983,-0.115196005,-0.14926821,-0.11662802,-0.19749595,-0.14526704,-0.12781724,-0.096878245,-0.14926818,-0.15234894,-0.12434345,-0.11230643,-0.063823454,-0.14920253,-0.11419349,-0.10007019,-0.24483351,-0.1493549,-0.15252377,-0.16344379,-0.1759062,-0.12524253,-0.1493411,-0.0782174,-0.19187105,-0.18185812,-0.09859173,-0.11065883,-0.14903542,-0.15223035,-0.083404,-0.1213824,-0.13072303,-0.13855581,-0.19385117,-0.14931995,-0.1525285,-0.19487974,-0.23847799,-0.2432746,-0.1253582,-0.14916192,-0.15250155,-0.14520228,-0.2961179,-0.14935422,-0.19813283,-0.12557715,-0.14929411,-0.060104962,-0.15931924,-0.14935255,-0.2028091,1.0436528,-0.11816878,-0.14795661,-0.10060286,-0.14920618,-0.13614628,-0.20725825,-0.17393659,-0.125103,-0.15657571,-0.15690626,-0.14935124,-0.15253079,1.4463516,-0.22200036,-0.12573323,-0.2814266,-0.14935529,-0.1915083,-0.24371436,-0.16952515,-0.14927447,-0.13369927,-0.12557748,-0.14934829,-0.18106565,-0.14935508,-0.18642783,-0.14930221,-0.30462334,-0.14925013,-0.14691104,-0.13029914,-0.14934286,-0.15251914,-0.18915205,-0.12565912,-0.14934757,-0.10481856,-0.1650517,-0.14934552,-0.1525327,-0.15250556,-0.1252834,-0.14925587,-0.15250069,-0.15249209,-0.15250303,-0.15251073,-0.16505513,-0.17392421,-0.14934124,-0.1525259,-0.15251637,-0.15252641,-0.2025511,-0.15354379,-0.14723541,-0.14840285,-0.11499533,-0.10471026,-0.11893196,-0.14934468,-0.15246017,-0.12562135,-0.19501048,-0.14935207,-0.18738703,-0.11705899,-0.17429145,-0.14934325,-0.06652963,-0.14911325,-0.10737923,-0.124497145,-0.15298569,-0.052188452,0.5213642
k__Bacteria|p__Firmicutes|c__Clostridia|o__Eubacteriales|f__Lachnospiraceae|g__Roseburia|s__Roseburia_hominis,-0.1004395,-0.12316422,-0.15140393,-0.15466675,-0.15466698,-0.23867357,-0.1666669,-0.16813041,-0.10929718,-0.22895765,-0.23728925,-0.15140831,-0.22850217,-0.3768707,-0.08556121,-0.15105093,-0.058144663,-0.15093443,-0.15461044,-0.19931981,-0.1978925,-0.12701477,-0.15137659,-0.12711628,-0.20043859,-0.11658599,-0.182019,-0.25032333,-0.1509206,-0.15138064,-0.15142563,-0.10844302,-0.18249588,-0.28454733,-0.15139638,-0.12717235,-0.15140617,-0.22338755,-0.15140864,-0.29867563,-0.1514087,-0.29356226,-0.1265959,-0.15127355,-0.13691942,-0.15140371,-0.23188588,-0.24781659,-0.1296162,-0.12717736,-0.24679694,-0.18279888,-0.25087595,-0.26027086,-0.28621647,-0.27511892,-0.11894142,-0.15133068,-0.040142577,-0.056944285,-0.15074776,-0.11274739,-0.13743341,-0.12707973,-0.15138876,-0.15466279,-0.15466677,-0.15466738,-0.27573854,-0.15137255,-0.12708054,-0.16243835,-0.12334165,-0.14074792,-0.15137792,-0.15887658,-0.14481027,-0.12715974,-0.18691605,-0.14998752,-0.1513978,-0.15464762,-0.15465763,-0.15459827,-0.120334074,-0.13700745,-0.08858878,-0.15139249,-0.19008024,-0.15140252,-0.2004665,-0.11139822,-0.1388583,-0.13027036,-0.1074974,-0.15152657,-0.1513162,-0.1543968,-0.10065024,-0.08152827,-0.09427856,-0.1513606,-0.11960925,-0.15027548,-0.16982608,-0.1185138,-0.15137495,-0.15466133,-0.17738779,-0.15176103,-0.15140505,-0.25953975,-0.17989698,-0.13525523,-0.1514026,-0.15095688,-0.17780018,-0.2009549,-0.15138349,-0.09015879,-0.15114173,-0.12151222,-0.121854745,-0.13997786,-0.21433522,-0.13908121,-0.16057305,-0.151339,-0.07092635,-0.15084332,-0.15395433,-0.18733518,-0.15116677,-0.12707266,-0.12334781,-0.14100276,-0.15136628,-0.114095174,-0.25318068,-0.26654312,-0.1264576,-0.10945694,-0.15135852,-0.09238048,7.5775366,-0.15140279,-0.15458855,-0.1266692,-0.15133855,-0.16015086,-0.1553517,-0.15140668,-0.19704957,-0.20616047,-0.12620331,-0.10460003,-0.11361031,-0.10256614,-0.15140009,-0.19495486,-0.15137868,-0.12660733,-0.1512645,-0.041086134,-0.12967405,-0.15140547,7.3012195,-0.15138642,-0.10384405,-0.15014817,-0.0784167,-0.15127866,-0.12766197,-0.15129682,-0.121451,-0.075820275,-0.09192432,-0.101488546,-0.15116939,-0.15458316,-0.12378413,-0.15126854,-0.1410757,-0.13984437,-0.18093297,-0.15140775,-0.25777104,-0.12844054,-0.15132675,-0.13462572,-0.119081676,-0.15138191,-0.15466318,-0.15466464,-0.15466563,-0.19755594,-0.25103784,-0.20219928,-0.19465852,-0.24831252,-0.20506537,5.3041434,-0.15139413,-0.12683842,-0.11956477,-0.15139022,-0.1546599,-0.20931396,-0.18224281,-0.15138182,-0.32474133,-0.15140608,-0.154668,-0.15466703,-0.1546667,-0.2185038,-0.15138116,-0.114121355,-0.15138382,-0.15465407,-0.15466008,-0.22984435,-0.15140057,-0.15464368,-0.08963354,-0.15131024,-0.15462509,-0.1546399,-0.15464178,-0.13302092,-0.1051107,-0.14014931,-0.15141064,-0.15839578,-0.15615125,-0.14613561,-0.15139747,-0.12319561,-0.1271345,-0.15136476,-0.15466782,-0.1546674,-0.15466742,-0.15466788,2.767942,-0.11451449,-0.15137203,-0.15564899,-0.14443555,-0.16636807,-0.15140185,-0.15459746,-0.12993515,-0.047159404,-0.14606363,-0.14016809,-0.14106366,-0.15127411,-0.19987361,-0.1649412,-0.17166539,-0.15138257,-0.15463138,-0.12722544,-0.14610182,-0.2588673,-0.12697905,-0.1512957,-0.09132757,-0.12832497,-0.13684332,-0.16221203,-0.15659244,-0.12649944,-0.15117928,-0.15458521,-0.15462804,-0.1546574,-0.15740095,-0.19795567,-0.15106063,-0.07294749,-0.2039893,-0.1513724,-0.15462716,-0.104459345,-0.15107924,-0.17466888,-0.13176009,-0.15137963,-0.15109587,-0.10913184,-0.15123583,-0.05825615,-0.14326635,-0.17082691,-0.15132488,-0.18883844,-0.15140703,0.94417906,-0.15139809,-0.16808087,-0.14331596,-0.15140031,-0.15466475,-0.25088155,-0.15140735,-0.22115314,-0.07562123,-0.086852394,-0.10702289,-0.060967896,-0.14541838,-0.16796505,-0.15746465,-0.22133875,-0.12812386,-0.0969081,-0.16398169,-0.12716047,-0.11335766,-0.18846886,-0.12712999,-0.17755464,-0.0994983,-0.115196005,-0.1513263,-0.11662802,-0.19749595,-0.14526704,-0.12781724,-0.096878245,-0.15132764,-0.15449461,-0.12434345,-0.11230643,-0.063823454,-0.15126571,-0.11419349,-0.10007019,-0.24483351,-0.15140784,-0.15465727,-0.16344379,-0.1759062,-0.12524253,-0.151395,-0.0782174,-0.19187105,-0.18185812,-0.09859173,-0.11065883,-0.15111032,-0.15438369,-0.083404,-0.1213824,-0.13072303,-0.13855581,-0.19385117,-0.15137455,-0.15466204,-0.19487974,6.6782856,-0.2432746,-0.1268453,-0.15122734,-0.15463653,-0.14520228,-0.2961179,-0.15140721,-0.19813283,-0.12705234,-0.15135044,-0.060104962,-0.15931924,-0.15140557,-0.2028091,-0.2868003,-0.11816878,-0.14795661,-0.10060286,-0.15126735,-0.13614628,1.6375018,-0.17393659,-0.125103,-0.15657571,-0.15690626,-0.15140435,-0.15466422,-0.16221246,-0.22200036,-0.12719041,-0.2814266,-0.1514082,-0.1915083,-0.24371436,-0.16952515,-0.1513303,-0.13369927,-0.12557748,-0.15140155,-0.18106565,-0.15140799,-0.18642783,-0.15135685,-0.30462334,-0.15130791,-0.14691104,-0.13029914,-0.1513965,-0.15465334,-0.18915205,-0.12712401,-0.15140101,-0.10481856,-0.1650517,-0.15139887,-0.15466598,-0.15463972,-0.12678209,-0.15131566,-0.15463553,-0.1546277,-0.15463777,-0.15464546,-0.16505513,-0.17392421,-0.15139489,-0.15465966,-0.15465057,-0.1546601,-0.2025511,-0.15354379,-0.14723541,-0.15049407,-0.11499533,-0.10471026,-0.11893196,-0.15139821,-0.1545961,-0.1270905,-0.19501048,-0.1514051,-0.18738703,-0.11705899,-0.17429145,-0.1513967,-0.06652963,-0.15118414,-0.10737923,-0.124497145,-0.15298569,-0.052188452,-0.26007295
k__Bacteria|p__Firmicutes|c__Clostridia|o__Eubacteriales|f__Lachnospiraceae|g__Roseburia|s__Roseburia_faecis,-0.1004395,-0.12316422,-0.1523144,-0.15549815,-0.15549856,-0.23867357,-0.1666669,-0.16813041,-0.10929718,-0.22895765,-0.23728925,-0.15232116,-0.22850217,-0.3768707,-0.08556121,-0.15174386,-0.058144663,-0.15153979,-0.15541029,-0.19931981,-0.1978925,-0.12839858,-0.15227056,-0.12711628,-0.20043859,-0.11658599,-0.182019,-0.25032333,-0.1509206,-0.15227862,-0.15142563,-0.10844302,-0.18249588,-0.28454733,-0.15230313,-0.12866831,-0.1523177,-0.22338755,-0.15232167,-0.29867563,-0.15232176,-0.29356226,-0.1276815,-0.15211605,-0.13691942,-0.15231371,-0.23188588,-0.24781659,-0.1296162,-0.12867749,-0.24679694,-0.18279888,-0.25087595,-0.26027086,-0.28621647,-0.27511892,-0.11894142,-0.15219754,-0.040142577,-0.056944285,-0.15130466,-0.11274739,-0.13743341,-0.12851357,-0.15229142,-0.15549178,-0.1554983,-0.15549918,-0.27573854,-0.15226741,-0.12851748,-0.16243835,-0.12334165,-0.14074792,-0.15227276,-0.15887658,-0.14481027,-0.12864606,-0.18691605,-0.14998752,-0.15230447,-0.15546803,-0.15548441,-0.1553978,-0.120334074,-0.13700745,-0.08858878,-0.15229589,-0.19008024,-0.15231189,-0.2004665,-0.11139822,-0.1388583,-0.13027036,-0.1074974,-0.15152657,-0.15217358,-0.1550839,-0.10065024,-0.08152827,-0.09427856,-0.15224445,-0.11960925,-0.15027548,-0.16982608,-0.1185138,-0.1522699,-0.15548956,-0.17738779,-0.15176103,-0.1523161,-0.25953975,-0.17989698,-0.13525523,-0.15231198,-0.15095688,-0.17780018,-0.2009549,-0.15228605,-0.09015879,-0.15188876,-0.12151222,-0.121854745,-0.13997786,-0.21433522,-0.13908121,-0.16057305,-0.15220939,-0.07092635,-0.15142477,-0.15443777,-0.18733518,-0.1519714,-0.12849718,-0.12334781,-0.14100276,-0.15225416,-0.114095174,4.832822,-0.26654312,-0.12742797,7.554093,-0.15224108,-0.09238048,-0.20963459,-0.15231228,-0.15538788,-0.12781483,-0.15221238,-0.16015086,-0.1553517,-0.15231855,-0.19704957,-0.20616047,-0.1270127,-0.10460003,-0.11361031,-0.10256614,-0.15230778,-0.19495486,-0.15227532,-0.12769811,-0.15208843,-0.041086134,-0.12967405,-0.15231696,-0.2300741,-0.15228803,-0.10384405,-0.1503135,-0.0784167,-0.1521171,-0.12766197,-0.15214327,-0.121451,-0.075820275,-0.09192432,-0.101488546,-0.15193862,-0.15536308,-0.12378413,-0.15211156,-0.1410757,-0.13984437,-0.18093297,-0.15232025,-0.25777104,-0.12844054,-0.15219665,-0.13462572,-0.119081676,-0.15227798,-0.15549254,-0.15549485,-0.15549645,-0.19755594,-0.25103784,-0.20219928,-0.19465852,-0.24831252,-0.20506537,-0.22091979,-0.15230003,-0.12810083,-0.11956477,-0.15229195,-0.15548748,-0.20931396,-0.18224281,-0.15228182,-0.32474133,-0.15231754,-0.15550013,-0.1554986,-0.15549806,-0.2185038,-0.15228108,-0.114121355,-0.15228412,-0.15547985,-0.15548779,-0.22984435,-0.15230855,-0.1554655,-0.08963354,-0.15216759,-0.15543011,-0.1554569,-0.15545715,-0.13302092,-0.1051107,-0.14014931,-0.15141064,-0.15839578,-0.15615125,-0.14613561,-0.15230325,-0.12319561,-0.12860772,-0.15225536,-0.1554999,-0.15549925,-0.15549925,-0.15549995,-0.38518023,-0.11451449,-0.15226416,-0.15564899,-0.14443555,-0.16636807,-0.1523113,-0.15539813,-0.12993515,-0.047159404,-0.14431693,-0.14016809,-0.14106366,-0.15211153,-0.19987361,-0.1649412,-0.17166539,-0.15227997,-0.15543947,-0.12722544,-0.14610182,-0.2588673,-0.12832686,-0.15213975,-0.09132757,-0.12832497,-0.13684332,-0.16221203,-0.15659244,-0.12752113,-0.15196413,-0.15536802,-0.15543593,-0.1554832,-0.15740095,-0.19795567,-0.15106063,-0.07294749,-0.2039893,-0.15226588,-0.15543284,-0.104459345,-0.15182146,-0.17466888,-0.13176009,-0.15227391,-0.15109587,-0.10913184,-0.15204763,-0.05825615,-0.14326635,-0.17082691,-0.1521912,-0.18883844,-0.15231922,-0.31316653,-0.15230654,-0.16808087,-0.14331596,-0.15230843,-0.15549529,-0.25088155,-0.15231976,-0.22115314,-0.07562123,-0.086852394,-0.10702289,-0.060967896,-0.14328906,-0.16796505,-0.15746465,-0.22133875,-0.12812386,-0.0969081,-0.16398169,-0.12716047,-0.11335766,-0.18846886,-0.1285975,-0.17755464,-0.0994983,-0.115196005,-0.15219218,-0.11662802,-0.19749595,-0.14526704,-0.12781724,-0.096878245,-0.15218918,-0.15522245,-0.12434345,-0.11230643,-0.063823454,-0.15209335,-0.11419349,-0.10007019,-0.24483351,-0.15232038,-0.15548468,-0.16344379,-0.1759062,-0.12524253,-0.15229967,-0.0782174,-0.19187105,-0.18185812,-0.09859173,-0.11065883,-0.15184146,-0.1550461,-0.083404,-0.1213824,-0.13072303,-0.13855581,-0.19385117,-0.15226962,-0.15549073,-0.19487974,-0.23847799,-0.2432746,-0.12812603,-0.15203318,-0.1554513,-0.14520228,-0.2961179,-0.15231934,-0.19813283,-0.12846279,-0.15223125,-0.060104962,-0.15931924,-0.15231702,-0.2028091,1.2513764,-0.11816878,-0.14795661,-0.10060286,-0.15210244,-0.13614628,-0.20725825,-0.17393659,-0.125103,-0.15657571,-0.15690626,-0.15231504,-0.1554941,-0.16221246,-0.22200036,-0.12869883,-0.2814266,-0.15232098,-0.1915083,-0.24371436,0.80871177,-0.15220702,4.274168,-0.12557748,-0.15231073,-0.18106565,-0.15232062,-0.18642783,-0.15224667,-0.30462334,-0.15216856,-0.14691104,-0.13029914,-0.15230258,-0.15547663,-0.18915205,-0.12858574,-0.15230945,-0.10481856,-0.1650517,-0.15230682,-0.155497,-0.15545924,-0.12800413,-0.15217198,-0.15545061,-0.15543714,-0.15545382,-0.15546422,-0.16505513,-0.17392421,-0.15230048,-0.15548676,-0.1554729,-0.15548751,-0.2025511,-0.15354379,-0.14723541,-0.15095444,-0.11499533,-0.10471026,-0.11893196,-0.1523053,-0.15539491,-0.12852705,-0.19501048,-0.15231636,-0.18738703,-0.11705899,-0.17429145,-0.15230393,-0.06652963,-0.15195808,-0.10737923,-0.124497145,-0.15298569,-0.052188452,3.990411
k__Bacteria|p__Firmicutes|c__Erysipelotrichia|o__Erysipelotrichales|f__Erysipelotrichaceae|g__Solobacterium|s__Solobacterium_SGB6833,-0.1004395,-0.12316422,-0.14912365,-0.1523294,-0.15232965,-0.23867357,-0.1666669,-0.16813041,-0.10929718,-0.22895765,-0.23728925,-0.14912817,-0.22850217,-0.3768707,-0.08556121,-0.14874825,-0.058144663,-0.1486339,-0.15227121,-0.19931981,-0.1978925,-0.1251364,-0.14909527,-0.12711628,-0.20043859,-0.11658599,-0.182019,-0.25032333,-0.1509206,-0.14909965,-0.15142563,-0.10844302,-0.18249588,-0.28454733,-0.1491155,-0.1253152,-0.14912593,-0.22338755,-0.14912851,-0.29867563,-0.14912859,1.0565653,-0.124658525,-0.14898905,-0.13691942,-0.1491234,-0.23188588,-0.24781659,-0.1296162,-0.12532067,-0.24679694,-0.18279888,-0.25087595,-0.26027086,-0.28621647,-0.27511892,-0.11894142,-0.14904745,-0.040142577,-0.056944285,-0.14844933,-0.11274739,-0.13743341,-0.1252101,-0.14910805,-0.1523253,-0.15232942,-0.15233004,-0.27573854,-0.1490901,-0.12521334,-0.16243835,-0.12334165,-0.14074792,-0.14909679,-0.15887658,-0.14481027,-0.12530065,-0.18691605,-0.14998752,-0.14911729,-0.15230966,-0.15232,-0.15225592,-0.120334074,-0.13700745,-0.08858878,-0.14911178,-0.19008024,-0.14912218,-0.2004665,-0.11139822,-0.1388583,-0.13027036,-0.1074974,-0.15152657,-0.14903273,-0.15202382,-0.10065024,-0.08152827,-0.09427856,-0.14907867,-0.11960925,-0.15027548,-0.16982608,-0.1185138,-0.14909379,-0.15232378,-0.17738779,-0.15176103,-0.1491248,-0.25953975,-0.17989698,-0.13525523,-0.14912224,-0.15095688,-0.17780018,-0.2009549,-0.14910197,-0.09015879,-0.14885113,-0.12151222,-0.121854745,-0.13997786,-0.21433522,-0.13908121,-0.16057305,-0.1490562,-0.07092635,-0.1485398,-0.15159902,-0.18733518,-0.14887926,-0.12519495,-0.12334781,-0.14100276,-0.14908472,-0.114095174,-0.25318068,1.797435,-0.124468565,-0.10945694,-0.14907661,-0.09238048,-0.20963459,-0.14912245,-0.1522482,-0.12472889,-0.14905584,-0.16015086,-0.1553517,-0.14912647,-0.19704957,-0.20616047,-0.12417643,-0.10460003,-0.11361031,-0.10256614,-0.14911968,-0.19495486,-0.14909682,-0.12463524,-0.14897849,-0.041086134,-0.12967405,-0.14912525,1.7641327,-0.14910519,-0.10384405,-0.14781001,-0.0784167,-0.14899361,-0.12766197,-0.14901263,-0.121451,-0.075820275,-0.09192432,-0.101488546,-0.14887929,-0.15224263,-0.12378413,-0.14897475,-0.1410757,-0.13984437,-0.18093297,-0.14912757,-0.25777104,-0.12844054,-0.14904115,-0.13462572,-0.119081676,-0.14910075,-0.15232569,-0.15232722,-0.15232825,-0.19755594,-0.25103784,-0.20219928,-0.19465852,0.8966427,-0.20506537,-0.22091979,-0.14911348,-0.12491922,-0.11956477,-0.14910942,-0.15232232,-0.20931396,1.193796,-0.14910048,-0.32474133,-0.14912587,-0.15233067,-0.1523297,-0.15232934,-0.2185038,-0.14909953,-0.114121355,-0.14910299,-0.15231642,-0.15232252,-0.22984435,-0.14912015,-0.15230504,-0.08963354,-0.14902653,-0.15228617,-0.15230176,-0.15230346,4.4303603,3.265586,-0.14014931,-0.15141064,-0.15839578,-0.15615125,-0.14613561,-0.14911689,-0.12319561,-0.12527469,-0.1490835,-0.15233052,-0.15233007,-0.1523301,-0.15233055,-0.38518023,-0.11451449,-0.14909074,-0.15564899,-0.14443555,-0.16636807,-0.14912152,-0.15225816,-0.12993515,-0.047159404,-0.14365204,0.89934707,-0.14106366,-0.14899004,-0.19987361,-0.1649412,-0.17166539,-0.14910156,-0.15229264,-0.12722544,-0.14610182,-0.2588673,-0.12508526,-0.14901063,-0.09132757,-0.12832497,-0.13684332,-0.16221203,-0.15659244,-0.12451455,-0.14888984,-0.15224478,-0.1522893,-0.1523197,-0.15740095,-0.19795567,-0.15106063,-0.07294749,-0.2039893,-0.14909118,-0.15228817,-0.104459345,-0.14873007,-0.17466888,-0.13176009,-0.14909841,-0.15109587,-0.10913184,-0.14894708,-0.05825615,-0.14326635,-0.17082691,-0.14904219,-0.18883844,-0.14912686,-0.31316653,-0.14911774,-0.16808087,-0.14331596,-0.14911988,-0.15232736,0.7800549,-0.14912719,-0.22115314,-0.07562123,-0.086852394,-0.10702289,-0.060967896,-0.14298669,-0.16796505,-0.15746465,-0.22133875,-0.12812386,-0.0969081,-0.16398169,-0.12716047,-0.11335766,-0.18846886,-0.12526812,-0.17755464,-0.0994983,-0.115196005,-0.14904344,-0.11662802,-0.19749595,-0.14526704,-0.12781724,-0.096878245,-0.14904419,-0.15215033,-0.12434345,-0.11230643,-0.063823454,-0.14897951,-0.11419349,-0.10007019,-0.24483351,-0.14912769,-0.15231955,-0.16344379,-0.1759062,-0.12524253,-0.14911439,-0.0782174,-0.19187105,-0.18185812,-0.09859173,-0.11065883,-0.14881884,-0.15203568,-0.083404,-0.1213824,-0.13072303,-0.13855581,-0.19385117,-0.14909345,-0.15232456,-0.19487974,-0.23847799,-0.2432746,-0.124954715,-0.14894038,-0.15229827,-0.14520228,-0.2961179,-0.149127,-0.19813283,-0.12517655,-0.1490682,-0.060104962,-0.15931924,-0.14912537,-0.2028091,-0.2868003,-0.11816878,-0.14795661,-0.10060286,-0.14898252,-0.13614628,-0.20725825,-0.17393659,-0.125103,-0.15657571,-0.15690626,-0.14912409,-0.15232676,2.2308967,2.4716637,-0.12533455,-0.2814266,-0.14912805,-0.1915083,-0.24371436,-0.16952515,-0.1490454,-0.13369927,-0.12557748,-0.14912121,-0.18106565,-0.14912784,-0.18642783,-0.14907455,-0.30462334,-0.14902513,-0.14691104,-0.13029914,-0.14911598,-0.15231553,-0.18915205,-0.12526172,-0.1491206,-0.10481856,-0.1650517,-0.14911845,-0.1523286,-0.15230104,-0.12486899,-0.14903197,-0.15229726,-0.15228903,-0.15229952,-0.15230721,-0.16505513,-0.17392421,-0.14911434,-0.15232205,-0.15231273,-0.15232253,1.685641,-0.15354379,-0.14723541,-0.14819166,-0.11499533,-0.10471026,-0.11893196,-0.14911774,-0.15225562,-0.12522519,-0.19501048,-0.14912488,-0.18738703,-0.11705899,1.1398392,-0.1491158,-0.06652963,-0.14889336,-0.10737923,-0.124497145,-0.15298569,1.137259,-0.26007295
k__Bacteria|p__Firmicutes|c__Bacilli|o__Lactobacillales|f__Lactobacillaceae|g__Limosilactobacillus|s__Limosilactobacillus_fermentum,-0.1004395,-0.12316422,-0.14963487,-0.15281977,-0.15282004,2.089989,-0.1666669,-0.16813041,-0.10929718,-0.22895765,-0.23728925,-0.14963956,-0.22850217,-0.3768707,-0.08556121,-0.14924437,-0.058144663,-0.14911368,-0.15275888,-0.19931981,-0.1978925,-0.12579748,-0.14960489,-0.12711628,-0.20043859,-0.11658599,-0.182019,-0.25032333,-0.1509206,-0.14960979,-0.15142563,-0.10844302,-0.18249588,-0.28454733,-0.14962661,-0.12598082,-0.1496372,-0.22338755,-0.14963993,-0.29867563,-0.14964,-0.29356226,-0.12530558,-0.14949514,-0.13691942,-0.14963451,-0.23188588,-0.24781659,-0.1296162,-0.12598677,-0.24679694,-0.18279888,-0.25087595,-0.26027086,-0.28621647,-0.27511892,-0.11894142,-0.14955476,-0.040142577,-0.056944285,-0.14893004,-0.11274739,-0.13743341,-0.12587509,-0.14961869,-0.15281543,-0.15281981,-0.15282044,-0.27573854,-0.14960119,-0.12587635,-0.16243835,-0.12334165,-0.14074792,-0.14960644,4.619888,-0.14481027,-0.1259659,-0.18691605,-0.14998752,-0.14962813,-0.15279901,-0.15281007,-0.15274599,5.8715506,5.602046,2.4637945,-0.1496223,-0.19008024,-0.14963324,-0.2004665,-0.11139822,1.5954239,-0.13027036,-0.1074974,-0.15152657,-0.14953884,-0.1525214,-0.10065024,-0.08152827,-0.09427856,-0.14958727,-0.11960925,-0.15027548,-0.16982608,-0.1185138,-0.14960372,-0.15281385,-0.17738779,-0.15176103,-0.14963606,-0.25953975,3.6555977,1.4044503,-0.14963332,-0.15095688,-0.17780018,-0.2009549,-0.14961338,-0.09015879,-0.1493462,-0.12151222,-0.121854745,-0.13997786,-0.21433522,-0.13908121,5.289652,-0.14956349,-0.07092635,-0.14902215,-0.15206468,-0.18733518,-0.14938533,-0.1258641,-0.12334781,-0.14100276,-0.14959374,-0.114095174,-0.25318068,-0.26654312,-0.12513532,-0.10945694,-0.14958504,-0.09238048,-0.20963459,-0.14963353,-0.15273774,-0.12539326,-0.14956407,-0.16015086,-0.1553517,-0.14963779,-0.19704957,-0.20616047,-0.124841064,-0.10460003,-0.11361031,-0.10256614,-0.14963053,-0.19495486,-0.14960712,-0.12531464,-0.14948125,-0.041086134,-0.12967405,-0.14963657,-0.2300741,-0.14961585,-0.10384405,-0.14826137,-0.0784167,-0.14949879,-0.12766197,-0.14951786,-0.121451,-0.075820275,-0.09192432,-0.101488546,-0.14937806,-0.15272799,-0.12378413,-0.14948587,-0.1410757,-0.13984437,-0.18093297,-0.14963895,-0.25777104,-0.12844054,-0.1495508,-0.13462572,-0.119081676,-0.14961046,-0.1528159,-0.15281749,-0.15281858,-0.19755594,-0.25103784,-0.20219928,-0.19465852,-0.24831252,-0.20506537,-0.22091979,-0.14962444,-0.12559119,-0.11956477,-0.1496197,-0.15281236,4.969686,-0.18224281,-0.1496112,-0.32474133,-0.14963713,-0.15282112,-0.15282008,-0.15281972,-0.2185038,-0.14961052,-0.114121355,-0.14961344,-0.15280649,-0.15281257,-0.22984435,-0.14963105,-0.15279558,-0.08963354,-0.14953333,-0.15277384,-0.15279093,-0.15279219,-0.13302092,-0.1051107,-0.14014931,-0.15141064,-0.15839578,-0.15615125,-0.14613561,-0.14962755,-0.12319561,-0.12593907,-0.14959314,-0.15282094,-0.15282051,-0.1528205,-0.152821,-0.38518023,-0.11451449,-0.14960024,-0.15564899,-0.14443555,-0.16636807,-0.14963266,-0.15274681,-0.12993515,-0.047159404,-0.1439628,-0.14016809,-0.14106366,-0.14949453,-0.19987361,-0.1649412,-0.17166539,-0.14961144,-0.1527805,-0.12722544,-0.14610182,-0.2588673,-0.1257502,-0.14951585,-0.09132757,-0.12832497,-0.13684332,-0.16221203,-0.15659244,-0.12518635,-0.14939153,-0.15273069,-0.15277737,-0.15280953,-0.15740095,-0.19795567,1.4972633,4.244936,-0.2039893,-0.14960097,-0.15277593,-0.104459345,-0.14926785,7.920798,4.7594266,-0.14960784,-0.15109587,-0.10913184,-0.14945108,-0.05825615,-0.14326635,-0.17082691,-0.14954945,-0.18883844,-0.1496382,-0.31316653,-0.14962894,4.3537207,-0.14331596,-0.14963084,-0.15281768,-0.25088155,-0.14963856,6.2599545,-0.07562123,-0.086852394,-0.10702289,-0.060967896,-0.14326043,-0.16796505,-0.15746465,-0.22133875,-0.12812386,-0.0969081,-0.16398169,-0.12716047,-0.11335766,-0.18846886,-0.12593244,-0.17755464,-0.0994983,-0.115196005,-0.14955059,-0.11662802,2.951238,-0.14526704,-0.12781724,-0.096878245,-0.14955047,-0.15263133,-0.12434345,-0.11230643,-0.063823454,-0.14948359,-0.11419349,-0.10007019,-0.24483351,-0.14963907,-0.15280971,-0.16344379,-0.1759062,-0.12524253,-0.14962497,-0.0782174,-0.19187105,-0.18185812,-0.09859173,-0.11065883,-0.14931267,-0.15251029,-0.083404,-0.1213824,-0.13072303,-0.13855581,-0.19385117,-0.14960343,-0.15281466,-0.19487974,-0.23847799,-0.2432746,-0.12560886,-0.14944208,-0.1527872,-0.14520228,-0.2961179,-0.14963835,-0.19813283,-0.12584122,-0.14957704,-0.060104962,-0.15931924,-0.14963666,-0.2028091,-0.2868003,-0.11816878,-0.14795661,-0.10060286,-0.14948744,-0.13614628,-0.20725825,-0.17393659,-0.125103,-0.15657571,-0.15690626,-0.14963531,-0.152817,-0.16221246,-0.22200036,-0.12600131,-0.2814266,-0.14963946,-0.1915083,-0.24371436,-0.16952515,-0.1495561,-0.13369927,-0.12557748,-0.1496323,-0.18106565,-0.14963922,-0.18642783,-0.14958513,-0.30462334,-0.1495323,-0.14691104,-0.13029914,-0.14962676,-0.15280512,-0.18915205,-0.12592503,-0.14963157,-0.10481856,-0.1650517,-0.14962947,-0.15281895,-0.15279104,-0.12552936,-0.14953798,-0.15278637,-0.15277754,-0.1527887,-0.1527965,-0.16505513,-0.17392421,-0.14962514,-0.15281202,-0.15280229,-0.15281251,-0.2025511,-0.15354379,-0.14723541,-0.14866939,-0.11499533,-0.10471026,-0.11893196,-0.14962862,-0.15274437,-0.12588644,-0.19501048,-0.14963616,-0.18738703,-0.11705899,-0.17429145,-0.14962691,-0.06652963,-0.14939237,-0.10737923,-0.124497145,-0.15298569,-0.052188452,-0.26007295
k__Bacteria|p__Firmicutes|c__Clostridia|o__Eubacteriales|f__Lachnospiraceae|g__Oribacterium|s__Oribacterium_sinus,-0.1004395,-0.12316422,-0.14821154,-0.1514062,-0.15140644,-0.23867357,-0.1666669,-0.16813041,-0.10929718,-0.22895765,-0.23728925,-0.1482157,-0.22850217,-0.3768707,-0.08556121,-0.14786333,-0.058144663,-0.14775339,-0.15135232,-0.19931981,-0.1978925,-0.124328874,-0.14818516,-0.12711628,-0.20043859,-0.11658599,-0.182019,-0.25032333,-0.1509206,-0.1481894,-0.15142563,-0.10844302,2.7918262,2.7471838,-0.14820427,-0.12448509,-0.14821362,-0.22338755,-0.14821601,-0.29867563,-0.14821607,-0.29356226,-0.12389985,-0.14808768,-0.13691942,-0.14821127,-0.23188588,-0.24781659,-0.1296162,-0.12449023,-0.24679694,-0.18279888,-0.25087595,-0.26027086,-0.28621647,-0.27511892,-0.11894142,-0.14814095,-0.040142577,-0.056944285,-0.14758871,-0.11274739,-0.13743341,-0.12439547,-0.14819717,-0.15140238,-0.15140623,-0.1514068,-0.27573854,-0.1481822,-0.124394804,-0.16243835,-0.12334165,-0.14074792,-0.14818653,-0.15887658,-0.14481027,-0.12447213,-0.18691605,-0.14998752,-0.14820562,-0.15138793,-0.15139762,-0.15134126,-0.120334074,-0.13700745,-0.08858878,-0.14820048,2.0298533,-0.14821011,-0.2004665,-0.11139822,-0.1388583,-0.13027036,-0.1074974,-0.15152657,-0.1481272,-0.15114567,-0.10065024,-0.08152827,-0.09427856,-0.1481697,-0.11960925,-0.15027548,-0.16982608,-0.1185138,-0.14818397,-0.15140101,-0.17738779,-0.15176103,-0.1482126,1.8735701,-0.17989698,-0.13525523,-0.1482102,-0.15095688,-0.17780018,-0.2009549,-0.14819254,-0.09015879,-0.14795782,-0.12151222,-0.121854745,-0.13997786,-0.21433522,-0.13908121,-0.16057305,-0.14814883,-0.07092635,-0.14766996,-0.15073651,-0.18733518,-0.14798978,-0.124384664,-0.12334781,-0.14100276,-0.14817533,-0.114095174,2.006717,-0.26654312,-0.12378175,-0.10945694,-0.14816773,0.67320824,-0.20963459,-0.14821038,-0.15133351,-0.12398416,-0.14814878,-0.16015086,-0.1553517,-0.14821412,-0.19704957,-0.20616047,-0.12351279,-0.10460003,-0.11361031,-0.10256614,-0.14820775,-0.19495486,-0.1481874,-0.12392923,-0.14807633,-0.041086134,-0.12967405,-0.14821303,-0.2300741,-0.148195,-0.10384405,-0.14699598,-0.0784167,-0.14809123,-0.12766197,-0.14810845,-0.121451,-0.075820275,-0.09192432,-0.101488546,-0.1479856,-0.1513255,-0.12378413,-0.14807777,-0.1410757,-0.13984437,-0.18093297,-0.14821514,-0.25777104,-0.12844054,-0.14813825,-0.13462572,-0.119081676,-0.14819011,-0.15140277,-0.15140419,-0.15140516,-0.19755594,-0.25103784,-0.20219928,-0.19465852,0.85518444,-0.20506537,-0.22091979,-0.14820236,-0.12415674,-0.11956477,-0.14819823,-0.15139967,-0.20931396,-0.18224281,-0.14819047,-0.32474133,-0.14821354,-0.15140739,-0.15140647,-0.15140615,-0.2185038,-0.14818981,-0.114121355,-0.14819252,-0.1513944,-0.15139985,-0.22984435,-0.14820823,-0.15138422,-0.08963354,-0.14812171,-0.15136588,-0.15138072,-0.151382,2.4092858,2.4120805,-0.14014931,-0.15141064,-0.15839578,-0.15615125,-0.14613561,-0.14820515,-0.12319561,-0.12444855,-0.14817458,-0.15140724,-0.15140684,-0.15140685,-0.15140729,-0.38518023,-0.11451449,-0.14818102,-0.15564899,-0.14443555,-0.16636807,-0.1482096,-0.15134165,-0.12993515,-0.047159404,-0.14317954,-0.14016809,-0.14106366,-0.14808775,-0.19987361,-0.1649412,-0.17166539,-0.14819096,-0.1513718,-0.12722544,-0.14610182,-0.2588673,-0.124293044,-0.14810693,-0.09132757,-0.12832497,-0.13684332,-0.16221203,0.8642099,-0.123829536,-0.1479963,-0.15132779,-0.15136889,-0.1513972,-0.15740095,-0.19795567,-0.15106063,-0.07294749,-0.2039893,-0.14818157,-0.15136778,-0.104459345,-0.14791238,-0.17466888,-0.13176009,-0.14818785,-0.15109587,-0.10913184,-0.14804937,-0.05825615,-0.14326635,-0.17082691,-0.14813617,-0.18883844,-0.14821447,-0.31316653,-0.14820623,-0.16808087,0.8664241,-0.14820802,-0.15140435,-0.25088155,-0.14821479,2.1315777,-0.07562123,-0.086852394,-0.10702289,-0.060967896,-0.14256701,-0.16796505,-0.15746465,-0.22133875,-0.12812386,-0.0969081,-0.16398169,-0.12716047,-0.11335766,-0.18846886,-0.12444369,-0.17755464,-0.0994983,-0.115196005,-0.14813724,-0.11662802,-0.19749595,-0.14526704,-0.12781724,-0.096878245,-0.14813739,-0.15124056,-0.12434345,-0.11230643,-0.063823454,-0.14807817,-0.11419349,-0.10007019,-0.24483351,-0.14821525,-0.15139735,-0.16344379,-0.1759062,-0.12524253,-0.14820287,-0.0782174,-0.19187105,-0.18185812,-0.09859173,-0.11065883,-0.14792833,-0.15113372,-0.083404,-0.1213824,-0.13072303,-0.13855581,-0.19385117,-0.14818373,-0.1514017,-0.19487974,-0.23847799,-0.2432746,-0.12416984,-0.14804178,-0.15137744,-0.14520228,-0.2961179,-0.14821464,-0.19813283,-0.12436667,-0.14816046,-0.060104962,-0.15931924,-0.14821312,-0.2028091,-0.2868003,-0.11816878,-0.14795661,-0.10060286,-0.14808135,-0.13614628,-0.20725825,-0.17393659,-0.125103,-0.15657571,-0.15690626,-0.14821193,-0.15140377,0.796721,2.2448194,-0.12450294,-0.2814266,-0.14821559,-0.1915083,-0.24371436,-0.16952515,-0.14814183,-0.13369927,-0.12557748,-0.14820927,-0.18106565,-0.14821538,-0.18642783,-0.14816731,-0.30462334,-0.14812079,-0.14691104,-0.13029914,-0.1482044,-0.1513933,-0.18915205,-0.12443721,-0.14820865,-0.10481856,1.628375,-0.14820677,-0.15140548,-0.15138099,-0.12411432,-0.14812633,-0.15137663,-0.15136892,-0.1513787,-0.15138566,-0.16505513,-0.17392421,-0.14820293,-0.15139937,-0.15139078,-0.15139982,3.701566,-0.15354379,-0.14723541,-0.14735585,-0.11499533,-0.10471026,-0.11893196,-0.14820604,-0.15133932,-0.124403685,-0.19501048,-0.14821267,-0.18738703,-0.11705899,-0.17429145,-0.1482046,-0.06652963,-0.14799765,-0.10737923,-0.124497145,-0.15298569,-0.052188452,-0.26007295
k__Bacteria|p__Firmicutes|c__Erysipelotrichia|o__Erysipelotrichales|f__Erysipelotrichaceae|g__Amedibacillus|s__Amedibacillus_dolichus,-0.1004395,-0.12316422,-0.15009151,-0.1532282,-0.15322867,-0.23867357,-0.1666669,-0.16813041,-0.10929718,1.2048191,-0.23728925,-0.15009919,-0.22850217,3.0387907,-0.08556121,-0.14945063,-0.058144663,-0.14921138,-0.15312849,-0.19931981,-0.1978925,-0.12648766,-0.15004158,-0.12711628,-0.20043859,-0.11658599,-0.182019,-0.25032333,-0.1509206,-0.15005064,-0.15142563,-0.10844302,-0.18249588,-0.28454733,-0.15007815,-0.12679519,-0.15009525,-0.22338755,-0.15009978,-0.29867563,-0.15009989,2.0356998,-0.1256504,-0.14986539,-0.13691942,-0.15009072,-0.23188588,-0.24781659,-0.1296162,-0.12680557,-0.24679694,-0.18279888,-0.25087595,-0.26027086,-0.28621647,-0.27511892,-0.11894142,-0.14995876,-0.040142577,-0.056944285,-0.14894208,-0.11274739,-0.13743341,-0.12661988,-0.15006539,-0.15322095,-0.15322834,-0.15322933,-0.27573854,-0.15003887,-0.1266216,-0.16243835,-0.12334165,-0.14074792,-0.15004408,-0.15887658,-0.14481027,-0.12676919,-0.18691605,-0.14998752,-0.15008025,-0.15319395,-0.15321258,-0.15311386,-0.120334074,-0.13700745,-0.08858878,-0.15007043,-0.19008024,-0.15008865,-0.2004665,-0.11139822,-0.1388583,-0.13027036,-0.1074974,-0.15152657,-0.14993124,-0.1527633,-0.10065024,-0.08152827,-0.09427856,-0.15001187,-0.11960925,-0.15027548,-0.16982608,-0.1185138,-0.15004092,-0.1532184,-0.17738779,-0.15176103,-0.15009344,-0.25953975,-0.17989698,-0.13525523,-0.15008873,-0.15095688,-0.17780018,-0.2009549,-0.15005901,-0.09015879,-0.14960703,-0.12151222,-0.121854745,-0.13997786,1.1851532,-0.13908121,-0.16057305,-0.14997208,-0.07092635,-0.14908247,-0.15202183,-0.18733518,-0.14970258,-0.12659885,-0.12334781,-0.14100276,-0.15002301,-0.114095174,-0.25318068,-0.26654312,-0.12542717,-0.10945694,-0.15000804,-0.09238048,-0.20963459,-0.15008909,-0.15310292,-0.12582858,-0.14997596,-0.16015086,-0.1553517,-0.15009624,-0.19704957,-0.20616047,-0.12497331,-0.10460003,-0.11361031,-0.10256614,-0.15008394,-0.19495486,-0.15004647,-0.12572539,-0.14983484,-0.041086134,-0.12967405,-0.15009442,-0.2300741,-0.15006098,-0.10384405,-0.14783868,-0.0784167,-0.14986849,-0.12766197,-0.1498969,-0.121451,-0.075820275,-0.09192432,-0.101488546,-0.14966404,-0.15307459,-0.12378413,-0.14986297,-0.1410757,-0.13984437,-0.18093297,-0.15009817,-0.25777104,-0.12844054,-0.14995834,-0.13462572,-0.119081676,-0.1500501,-0.15322179,-0.15322447,-0.15322626,-0.19755594,-0.25103784,-0.20219928,-0.19465852,-0.24831252,-0.20506537,-0.22091979,-0.15007508,-0.12615138,-0.11956477,-0.1500659,-0.15321603,-0.20931396,-0.18224281,-0.1500541,-0.32474133,-0.15009508,-0.15323046,-0.1532287,-0.15322807,-0.2185038,-0.15005428,-0.114121355,-0.15005714,-0.15320738,-0.15321642,3.4953024,-0.15008485,-0.15319143,-0.08963354,-0.1499249,-0.15315078,-0.15318125,-0.1531815,-0.13302092,-0.1051107,-0.14014931,-0.15141064,-0.15839578,-0.15615125,-0.14613561,-0.15007879,-0.12319561,-0.12672585,-0.15002428,-0.15323018,-0.15322946,-0.15322945,-0.15323025,1.6623582,-0.11451449,-0.15003431,-0.15564899,-0.14443555,-0.16636807,-0.15008798,-0.15311405,-0.12993515,-0.047159404,-0.14099562,-0.14016809,-0.14106366,-0.14986056,4.9574366,-0.1649412,-0.17166539,-0.15005228,-0.15316135,-0.12722544,-0.14610182,-0.2588673,-0.12641473,-0.14989308,-0.09132757,-0.12832497,-0.13684332,-0.16221203,-0.15659244,-0.12555656,-0.14969528,-0.15308028,-0.15315738,-0.15321118,-0.15740095,-0.19795567,-0.15106063,-0.07294749,-0.2039893,-0.15003625,-0.15315408,-0.104459345,-0.14956726,-0.17466888,-0.13176009,-0.15004535,-0.15109587,-0.10913184,-0.14979033,-0.05825615,-0.14326635,-0.17082691,-0.14995125,-0.18883844,-0.15009698,-0.31316653,-0.15008262,-0.16808087,-0.14331596,-0.15008467,-0.15322495,-0.25088155,-0.1500976,-0.22115314,-0.07562123,-0.086852394,-0.10702289,-0.060967896,-0.1398208,-0.16796505,-0.15746465,-0.22133875,-0.12812386,-0.0969081,-0.16398169,-0.12716047,-0.11335766,-0.18846886,-0.12671393,-0.17755464,-0.0994983,-0.115196005,-0.14995244,-0.11662802,-0.19749595,-0.14526704,-0.12781724,-0.096878245,-0.14994918,-0.15291494,-0.12434345,-0.11230643,-0.063823454,-0.14984094,-0.11419349,-0.10007019,-0.24483351,-0.15009832,-0.15321267,-0.16344379,-0.1759062,-0.12524253,-0.15007472,-0.0782174,-0.19187105,-0.18185812,-0.09859173,-0.11065883,-0.14955355,-0.15271412,-0.083404,-0.1213824,-0.13072303,-0.13855581,-0.19385117,-0.15004054,-0.15321973,-0.19487974,-0.23847799,-0.2432746,-0.12620062,-0.1497719,-0.15317492,-0.14520228,-0.2961179,-0.15009715,-0.19813283,-0.1265639,-0.14999703,-0.060104962,-0.15931924,-0.15009448,-0.2028091,-0.2868003,-0.11816878,-0.14795661,-0.10060286,-0.14985028,-0.13614628,-0.20725825,-0.17393659,-0.125103,-0.15657571,-0.15690626,-0.15009221,-0.15322357,-0.16221246,-0.22200036,-0.12682997,-0.2814266,-0.15009902,-0.1915083,-0.24371436,-0.16952515,-0.14996879,-0.13369927,-0.12557748,-0.15008733,2.3079724,-0.15009859,3.251353,-0.15001391,4.5783906,-0.14992547,-0.14691104,-0.13029914,-0.15007806,-0.15320373,-0.18915205,-0.1267004,-0.15008587,-0.10481856,-0.1650517,-0.15008286,-0.15322688,-0.15318355,-0.12607756,-0.14992943,-0.15317413,-0.15315887,-0.1531778,-0.15318978,-0.16505513,-0.17392421,-0.15007564,-0.15321523,-0.15319946,-0.15321608,-0.2025511,-0.15354379,-0.14723541,-0.14854348,-0.11499533,-0.10471026,-0.11893196,-0.15008114,-0.15311006,-0.12663385,-0.19501048,-0.15009373,-0.18738703,-0.11705899,-0.17429145,-0.15007932,-0.06652963,-0.14968719,-0.10737923,-0.124497145,-0.15298569,-0.052188452,-0.26007295
k__Bacteria|p__Firmicutes|c__Negativicutes|o__Veillonellales|f__Veillonellaceae|g__Veillonella|s__Veillonella_ratti,-0.1004395,-0.12316422,-0.14618325,-0.149284,-0.14928418,-0.23867357,-0.1666669,-0.16813041,-0.10929718,-0.22895765,-0.23728925,-0.1461862,-0.22850217,-0.3768707,7.757784,-0.14592537,-0.058144663,-0.14584902,-0.14924565,5.279996,5.8673124,-0.1230185,-0.14616415,-0.12711628,-0.20043859,-0.11658599,-0.182019,-0.25032333,-0.1509206,-0.14616747,-0.15142563,-0.10844302,-0.18249588,-0.28454733,-0.14617755,-0.12315201,-0.14618473,-0.22338755,-0.14618644,-0.29867563,-0.14618647,-0.29356226,-0.122661434,-0.14609563,-0.13691942,-0.146183,-0.23188588,-0.24781659,-0.1296162,-0.123156354,-0.24679694,-0.18279888,-0.25087595,-0.26027086,-0.28621647,-0.27511892,-0.11894142,-0.14613214,-0.040142577,-0.056944285,-0.14574552,-0.11274739,-0.13743341,-0.12307646,-0.14617321,-0.14928126,-0.14928403,-0.14928442,-0.27573854,-0.14616047,-0.123078674,6.2253346,2.15959,1.5387316,-0.14616537,-0.15887658,5.0065427,-0.12314107,-0.18691605,-0.14998752,-0.14617899,-0.14927098,-0.14927797,-0.14923306,-0.120334074,-0.13700745,-0.08858878,-0.14617531,8.405576,-0.14618221,8.245654,-0.11139822,-0.1388583,-0.13027036,-0.1074974,-0.15152657,-0.14612255,-0.14906207,-0.10065024,-0.08152827,-0.09427856,-0.14615291,-0.11960925,-0.15027548,-0.16982608,-0.1185138,-0.14616369,-0.14928025,-0.17738779,-0.15176103,-0.146184,-0.25953975,-0.17989698,-0.13525523,-0.14618224,5.719156,4.7500854,6.824389,-0.14616883,-0.09015879,-0.14599939,-0.12151222,-0.121854745,-0.13997786,-0.21433522,-0.13908121,-0.16057305,-0.14613776,-0.07092635,-0.14579187,-0.14881898,-0.18733518,-0.14602703,-0.123064764,-0.12334781,-0.14100276,-0.1461573,-0.114095174,-0.25318068,-0.26654312,-0.122490376,-0.10945694,-0.14615166,-0.09238048,-0.20963459,-0.14618239,-0.1492307,-0.122704044,-0.1461384,-0.16015086,-0.1553517,-0.14618509,-0.19704957,-0.20616047,-0.12227985,-0.10460003,-0.11361031,-0.10256614,-0.14618048,-0.19495486,-0.1461643,-0.12262845,-0.14608493,-0.041086134,-0.12967405,-0.14618436,-0.2300741,-0.14617027,-0.10384405,-0.14529383,-0.0784167,-0.14609665,-0.12766197,-0.14610913,-0.121451,-0.075820275,-0.09192432,-0.101488546,-0.14601956,-0.1492257,-0.12378413,-0.14607668,-0.1410757,-0.13984437,-0.18093297,-0.14618582,-0.25777104,-0.12844054,-0.1461253,-0.13462572,-0.119081676,-0.1461677,-0.14928156,-0.14928257,-0.14928326,-0.19755594,-0.25103784,-0.20219928,-0.19465852,-0.24831252,-0.20506537,-0.22091979,-0.14617646,-0.122853324,-0.11956477,-0.14617358,-0.14927934,-0.20931396,-0.18224281,-0.1461676,-0.32474133,-0.14618465,-0.14928487,-0.14928418,-0.14928398,-0.2185038,-0.1461666,-0.114121355,-0.14616993,-0.14927587,-0.14927945,-0.22984435,-0.14618078,-0.14926782,-0.08963354,-0.14611906,-0.1492548,-0.14926606,-0.14926648,-0.13302092,-0.1051107,-0.14014931,-0.15141064,-0.15839578,-0.15615125,-0.14613561,-0.14617854,-0.12319561,-0.12312445,-0.14615756,-0.14928475,-0.14928448,-0.14928448,-0.14928478,5.115464,-0.11451449,-0.14616154,-0.15564899,-0.14443555,-0.16636807,-0.14618193,-0.14923802,-0.12993515,-0.047159404,-0.14269342,-0.14016809,-0.14106366,-0.1460957,-0.19987361,-0.1649412,-0.17166539,-0.14616844,-0.14925897,-0.12722544,-0.14610182,-0.2588673,-0.122972205,-0.14610702,-0.09132757,-0.12832497,-0.13684332,-0.16221203,-0.15659244,-0.122502804,-0.14602791,-0.1492275,-0.14925706,-0.14927751,-0.15740095,-0.19795567,-0.15106063,-0.07294749,-0.2039893,-0.14616212,-0.1492559,-0.104459345,-0.14587545,-0.17466888,-0.13176009,-0.146166,-0.15109587,-0.10913184,-0.14606419,-0.05825615,-0.14326635,-0.17082691,-0.14612989,-0.18883844,-0.14618537,-0.31316653,-0.14617963,-0.16808087,-0.14331596,-0.14618069,-0.14928272,-0.25088155,-0.14618558,-0.22115314,-0.07562123,-0.086852394,-0.10702289,-0.060967896,-0.14225093,-0.16796505,-0.15746465,-0.22133875,-0.12812386,-0.0969081,-0.16398169,-0.12716047,-0.11335766,-0.18846886,-0.12311785,-0.17755464,-0.0994983,-0.115196005,-0.14613023,-0.11662802,-0.19749595,-0.14526704,-0.12781724,-0.096878245,-0.14612916,-0.14916393,-0.12434345,-0.11230643,-0.063823454,-0.14608657,-0.11419349,-0.10007019,-0.24483351,-0.14618587,-0.14927728,-0.16344379,-0.1759062,-0.12524253,-0.146177,-0.0782174,-0.19187105,-0.18185812,-0.09859173,-0.11065883,-0.1459785,-0.14908776,-0.083404,-0.1213824,-0.13072303,-0.13855581,6.90109,-0.14616373,-0.14928076,7.187242,8.02501,3.9216604,-0.12288371,-0.146061,-0.14926359,-0.14520228,-0.2961179,-0.14618544,-0.19813283,-0.12304767,-0.14614674,-0.060104962,-0.15931924,-0.14618438,-0.2028091,-0.2868003,-0.11816878,-0.14795661,-0.10060286,-0.14609075,-0.13614628,-0.20725825,-0.17393659,-0.125103,-0.15657571,-0.15690626,-0.14618354,-0.14928225,-0.16221246,-0.22200036,-0.12316595,-0.2814266,-0.14618614,-0.1915083,-0.24371436,-0.16952515,-0.14612958,-0.13369927,-0.12557748,-0.14618167,-0.18106565,-0.146186,-0.18642783,-0.14615096,-0.30462334,-0.14611983,-0.14691104,-0.13029914,-0.14617817,-0.14927477,-0.18915205,-0.123112515,-0.1461811,-0.10481856,-0.1650517,-0.14617994,-0.1492835,-0.14926463,-0.122806296,-0.14612171,-0.14926322,-0.14925751,-0.14926463,-0.14926916,-0.16505513,-0.17392421,-0.1461772,-0.1492791,-0.14927307,-0.14927942,-0.2025511,-0.15354379,-0.14723541,-0.14558928,-0.11499533,-0.10471026,-0.11893196,-0.14617932,-0.149234,-0.12308614,-0.19501048,-0.14618412,-0.18738703,-0.11705899,-0.17429145,-0.14617708,1.035152,-0.14602706,6.648762,1.5728909,5.95314,-0.052188452,6.3144946
k__Bacteria|p__Firmicutes|c__Clostridia|o__Eubacteriales|f__Oscillospiraceae|g__Anaerotruncus|s__Anaerotruncus_colihominis,-0.1004395,-0.12316422,-0.15160584,-0.15487349,-0.15487373,-0.23867357,-0.1666669,-0.16813041,-0.10929718,-0.22895765,-0.23728925,-0.15161027,-0.22850217,0.5038139,-0.08556121,-0.15124255,-0.058144663,-0.15112266,-0.15481657,-0.19931981,-0.1978925,-0.12716731,-0.15157798,2.0017142,0.84597814,-0.11658599,-0.182019,-0.25032333,-0.1509206,-0.15158239,-0.15142563,-0.10844302,-0.18249588,-0.28454733,-0.15159813,-0.12733749,-0.15160806,-0.22338755,-0.1516106,-0.29867563,-0.15161066,-0.29356226,-0.12670991,-0.15147477,-0.13691942,-0.15160558,-0.23188588,-0.24781659,-0.1296162,-0.12734297,-0.24679694,-0.18279888,-0.25087595,-0.26027086,-0.28621647,-0.27511892,-0.11894142,-0.1515312,-0.040142577,-0.056944285,-0.1509456,-0.11274739,-0.13743341,-0.12723912,-0.15159065,-0.15486947,-0.15487352,-0.15487413,-0.27573854,-0.15157403,-0.12723994,-0.16243835,-0.12334165,-0.14074792,-0.15157938,-0.15887658,-0.14481027,-0.12732373,-0.18691605,-0.14998752,-0.15159959,-0.15485412,-0.15486437,-0.1548037,-0.120334074,-0.13700745,-0.08858878,-0.15159418,-0.19008024,-0.15160437,-0.2004665,-0.11139822,-0.1388583,-0.13027036,-0.1074974,-0.15152657,-0.15151648,-0.15459059,-0.10065024,-0.08152827,-0.09427856,-0.15156162,-0.11960925,-0.15027548,-0.16982608,-0.1185138,-0.15157668,-0.15486798,-0.17738779,-0.15176103,-0.15160698,-0.25953975,-0.17989698,-0.13525523,-0.15160444,-0.15095688,-0.17780018,-0.2009549,-0.1515854,-0.09015879,-0.1513376,-0.12151222,-0.121854745,-0.13997786,-0.21433522,-0.13908121,-0.16057305,-0.1515395,-0.07092635,-0.15103418,-0.15416232,-0.18733518,-0.15136954,-0.12722877,-0.12334781,-0.14100276,-0.15156758,-0.114095174,-0.25318068,3.0386624,-0.12655027,-0.10945694,-0.15155953,-0.09238048,-0.20963459,-0.15160465,-0.15479554,-0.12678729,-0.15153967,-0.16015086,-0.1553517,-0.15160859,-0.19704957,-0.20616047,-0.12627524,-0.10460003,-0.11361031,-0.10256614,-0.15160185,-0.19495486,-0.15157993,-0.12671603,-0.15146309,-0.041086134,-0.12967405,-0.15160742,-0.2300741,-0.15158807,-0.10384405,-0.15032485,-0.0784167,-0.1514788,-0.12766197,-0.15149686,-0.121451,-0.075820275,-0.09192432,-0.101488546,-0.15136665,-0.15478817,-0.12378413,-0.1514645,-0.1410757,-0.13984437,-0.18093297,-0.15160969,-0.25777104,-0.12844054,-0.1515266,-0.13462572,-0.119081676,-0.15158325,-0.15486988,-0.15487134,-0.15487236,5.203758,-0.25103784,-0.20219928,-0.19465852,-0.24831252,-0.20506537,-0.22091979,-0.15159601,-0.12697226,-0.11956477,-0.1515918,-0.15486656,-0.20931396,-0.18224281,-0.1515835,-0.32474133,-0.15160799,-0.15487476,-0.15487379,-0.15487343,-0.2185038,-0.1515828,-0.114121355,-0.15158571,-0.15486091,-0.15486677,-0.22984435,-0.15160234,-0.15485047,-0.08963354,-0.15151098,-0.15483087,-0.15484646,-0.1548479,-0.13302092,-0.1051107,-0.14014931,-0.15141064,-0.15839578,-0.15615125,-0.14613561,-0.15159912,-0.12319561,-0.12729846,-0.15156665,-0.1548746,-0.15487418,-0.15487418,-0.15487464,-0.38518023,-0.11451449,-0.15157354,-0.15564899,-0.14443555,-0.16636807,-0.15160379,-0.15480447,-0.12993515,-0.047159404,-0.14626972,-0.14016809,-0.14106366,-0.1514747,-0.19987361,-0.1649412,-0.17166539,-0.15158406,-0.15483713,-0.12722544,-0.14610182,-0.2588673,-0.12712318,-0.15149514,-0.09132757,-0.12832497,-0.13684332,-0.16221203,-0.15659244,-0.12659624,-0.15137818,-0.15479049,-0.15483406,-0.15486395,-0.15740095,-0.19795567,-0.15106063,-0.07294749,-0.2039893,-0.15157408,-0.15483284,-0.104459345,-0.15125225,-0.17466888,-0.13176009,-0.15158084,-0.15109587,-0.10913184,-0.15143448,-0.05825615,-0.14326635,-0.17082691,-0.151526,-0.18883844,-0.15160899,-0.31316653,-0.15160018,-0.16808087,-0.14331596,-0.15160213,-0.15487151,-0.25088155,-0.1516093,-0.22115314,-0.07562123,-0.086852394,-0.10702289,-0.060967896,-0.14561512,2.6965268,-0.15746465,-0.22133875,-0.12812386,-0.0969081,-0.16398169,-0.12716047,-0.11335766,-0.18846886,-0.12729247,-0.17755464,-0.0994983,-0.115196005,-0.15152717,-0.11662802,-0.19749595,-0.14526704,-0.12781724,-0.096878245,-0.1515276,-0.15469804,-0.12434345,-0.11230643,-0.063823454,-0.15146491,-0.11419349,-0.10007019,-0.24483351,-0.15160978,-0.154864,-0.16344379,-0.1759062,-0.12524253,-0.1515967,-0.0782174,3.1125467,-0.18185812,-0.09859173,-0.11065883,-0.1513061,-0.15458518,-0.083404,-0.1213824,-0.13072303,-0.13855581,-0.19385117,-0.15157634,-0.15486872,-0.19487974,-0.23847799,-0.2432746,-0.12699023,-0.1514262,-0.154843,-0.14520228,-0.2961179,-0.15160912,-0.19813283,-0.12720776,-0.15155177,-0.060104962,-0.15931924,-0.15160754,-0.2028091,-0.2868003,-0.11816878,-0.14795661,-0.10060286,-0.15146792,-0.13614628,-0.20725825,-0.17393659,-0.125103,-0.15657571,-0.15690626,-0.15160626,-0.1548709,-0.16221246,-0.22200036,-0.12735647,-0.2814266,-0.15161017,-0.1915083,-0.24371436,-0.16952515,-0.15153137,-0.13369927,-0.12557748,-0.15160346,-0.18106565,-0.15160993,-0.18642783,-0.15155874,-0.30462334,-0.15150958,-0.14691104,-0.13029914,-0.1515983,-0.15485984,-0.18915205,-0.1272859,-0.1516028,-0.10481856,-0.1650517,-0.15160078,-0.15487272,-0.15484637,-0.12691563,-0.15151574,-0.15484217,-0.15483403,-0.15484434,-0.15485182,-0.16505513,-0.17392421,-0.15159672,-0.15486626,-0.15485714,-0.15486673,-0.2025511,-0.15354379,-0.14723541,-0.1506972,-0.11499533,-0.10471026,-0.11893196,-0.15160003,-0.15480222,-0.12725015,-0.19501048,-0.15160705,-0.18738703,-0.11705899,-0.17429145,-0.15159836,-0.06652963,-0.15138039,-0.10737923,-0.124497145,-0.15298569,-0.052188452,-0.26007295
k__Bacteria|p__Firmicutes|c__Clostridia|o__Eubacteriales|f__Lachnospiraceae|g__Dorea|s__Dorea_longicatena,-0.1004395,-0.12316422,-0.15198883,-0.15523118,-0.15523145,-0.23867357,-0.1666669,-0.16813041,-0.10929718,-0.22895765,-0.23728925,-0.15199353,-0.22850217,-0.3768707,-0.08556121,-0.15160054,-0.058144663,-0.15146941,-0.15517053,-0.19931981,-0.1978925,-0.12772678,-0.151959,-0.12711628,-0.20043859,-0.11658599,-0.182019,-0.25032333,-0.1509206,-0.15196389,-0.15142563,-0.10844302,-0.18249588,-0.28454733,-0.15198073,-0.12790841,-0.15199119,-0.22338755,-0.15199389,-0.29867563,-0.15199396,-0.29356226,-0.12724088,-0.15184975,-0.13691942,-0.15198849,-0.23188588,-0.24781659,-0.1296162,-0.12791425,-0.24679694,-0.18279888,-0.25087595,-0.26027086,-0.28621647,-0.27511892,-0.11894142,-0.15190908,-0.040142577,-0.056944285,-0.15128598,-0.11274739,-0.13743341,-0.12780367,-0.15197271,-0.15522686,-0.15523122,-0.15523185,-0.27573854,-0.15195574,-0.12780489,-0.16243835,-0.12334165,-0.14074792,-0.15196049,-0.15887658,-0.14481027,-0.12789355,-0.18691605,-0.14998752,-0.15198213,-0.1552105,-0.15522149,-0.1551588,-0.120334074,-0.13700745,-0.08858878,-0.15197632,-0.19008024,-0.15198722,-0.2004665,-0.11139822,-0.1388583,-0.13027036,-0.1074974,-0.15152657,-0.15189314,-0.15494189,-0.10065024,-0.08152827,-0.09427856,-0.15194143,-0.11960925,-0.15027548,-0.16982608,-0.1185138,-0.15195785,-0.15522528,-0.17738779,-0.15176103,-0.15199003,-0.25953975,-0.17989698,-0.13525523,-0.15198728,-0.15095688,-0.17780018,-0.2009549,-0.15196773,-0.09015879,-0.15170112,-0.12151222,-0.121854745,-0.13997786,-0.21433522,-0.13908121,-0.16057305,-0.15191774,-0.07092635,-0.15137883,-0.15447846,-0.18733518,-0.1517407,-0.12779324,-0.12334781,-0.14100276,-0.15194786,-0.114095174,-0.25318068,-0.26654312,-0.12707198,-0.10945694,-0.15193918,-0.09238048,-0.20963459,-0.1519875,-0.15515032,-0.12732486,-0.15191838,-0.16015086,-0.1553517,-0.15199175,-0.19704957,-0.20616047,-0.12677714,-0.10460003,-0.11361031,-0.10256614,-0.15198451,-0.19495486,-0.1519615,-0.12724921,-0.1518358,-0.041086134,-0.12967405,-0.15199053,-0.2300741,-0.15197016,-0.10384405,-0.15062265,-0.0784167,-0.15185346,-0.12766197,-0.15187225,-0.121451,-0.075820275,-0.09192432,-0.101488546,-0.15173309,-0.15513971,-0.12378413,-0.15184373,-0.1410757,-0.13984437,-0.18093297,-0.15199292,-0.25777104,-0.12844054,-0.15190637,-0.13462572,-0.119081676,-0.15196452,-0.15522732,-0.15522891,-0.15522999,-0.19755594,-0.25103784,-0.20219928,-0.19465852,-0.24831252,-0.20506537,-0.22091979,-0.15197854,-0.12752183,-0.11956477,-0.15197372,-0.15522379,-0.20931396,-0.18224281,-0.15196553,-0.32474133,-0.1519911,-0.15523252,-0.15523148,-0.15523112,-0.2185038,-0.15196499,-0.114121355,-0.15196753,-0.15521795,-0.15522403,-0.22984435,-0.15198503,-0.15520753,-0.08963354,-0.15188777,-0.1551854,-0.15520245,-0.15520367,-0.13302092,-0.1051107,-0.14014931,-0.15141064,-0.15839578,-0.15615125,-0.14613561,-0.15198155,-0.12319561,-0.12786674,-0.15194725,-0.15523235,-0.1552319,-0.15523191,-0.1552324,6.6571364,-0.11451449,-0.15195432,-0.15564899,-0.14443555,-0.16636807,-0.15198663,-0.15515885,-0.12993515,-0.047159404,-0.14633334,-0.14016809,-0.14106366,-0.15184888,-0.19987361,-0.1649412,-0.17166539,-0.1519655,-0.15519199,-0.12722544,-0.14610182,-0.2588673,-0.12767974,-0.15187034,-0.09132757,-0.12832497,-0.13684332,-0.16221203,-0.15659244,-0.12712343,-0.15174678,-0.15514243,-0.15518892,-0.15522099,-0.15740095,-0.19795567,-0.15106063,-0.07294749,-0.2039893,-0.15195504,-0.15518752,-0.104459345,-0.15164024,-0.17466888,-0.13176009,-0.15196188,-0.15109587,-0.10913184,-0.1518061,-0.05825615,-0.14326635,-0.17082691,-0.15190372,-0.18883844,-0.15199217,7.4682884,-0.15198295,-0.16808087,-0.14331596,-0.15198484,-0.15522909,-0.25088155,-0.15199253,6.950106,-0.07562123,-0.086852394,-0.10702289,-0.060967896,-0.14563261,-0.16796505,-0.15746465,-0.22133875,-0.12812386,-0.0969081,-0.16398169,-0.12716047,-0.11335766,-0.18846886,-0.12786043,-0.17755464,-0.0994983,-0.115196005,-0.15190485,-0.11662802,-0.19749595,-0.14526704,-0.12781724,-0.096878245,-0.15190475,-0.15504348,-0.12434345,-0.11230643,-0.063823454,-0.15183827,-0.11419349,-0.10007019,-0.24483351,-0.15199302,-0.15522128,-0.16344379,-0.1759062,-0.12524253,-0.15197897,-0.0782174,-0.19187105,-0.18185812,-0.09859173,-0.11065883,-0.15166773,-0.15492277,-0.083404,-0.1213824,-0.13072303,-0.13855581,-0.19385117,-0.1519575,-0.15522608,-0.19487974,-0.23847799,-0.2432746,-0.12753966,-0.15179676,-0.15519871,-0.14520228,4.988363,-0.15199232,-0.19813283,-0.1277699,-0.15193124,-0.060104962,-0.15931924,-0.15199062,-0.2028091,-0.2868003,-0.11816878,-0.14795661,-0.10060286,-0.15184195,-0.13614628,-0.20725825,-0.17393659,-0.125103,-0.15657571,-0.15690626,-0.1519893,-0.1552284,-0.16221246,-0.22200036,-0.12792872,-0.2814266,-0.15199342,-0.1915083,-0.24371436,-0.16952515,-0.15191165,-0.13369927,-0.12557748,-0.1519863,-0.18106565,-0.15199319,-0.18642783,-0.15193975,-0.30462334,-0.15188657,-0.14691104,-0.13029914,-0.15198076,-0.15521656,-0.18915205,-0.12785317,-0.15198556,-0.10481856,-0.1650517,-0.15198347,-0.15523034,-0.15520296,-0.12746201,-0.15189227,-0.15519789,-0.15518913,-0.15520021,-0.15520805,-0.16505513,-0.17392421,-0.15197915,-0.15522343,-0.15521374,-0.15522394,-0.2025511,-0.15354379,-0.14723541,-0.15102616,-0.11499533,-0.10471026,-0.11893196,-0.15198262,-0.15515691,-0.12781468,-0.19501048,-0.15199015,-0.18738703,-0.11705899,-0.17429145,-0.15198116,-0.06652963,-0.15174744,-0.10737923,-0.124497145,-0.15298569,-0.052188452,-0.26007295
k__Bacteria|p__Firmicutes|c__Bacilli|o__Lactobacillales|f__Lactobacillaceae|g__Lacticaseibacillus|s__Lacticaseibacillus_paracasei,-0.1004395,-0.12316422,-0.14820339,-0.15134361,-0.15134385,-0.23867357,-0.1666669,-0.16813041,-0.10929718,-0.22895765,-0.23728925,-0.14820698,-0.22850217,-0.3768707,3.8421204,-0.14790002,-0.058144663,-0.14779633,-0.151297,-0.19931981,-0.1978925,-0.12473175,-0.14818028,-0.12711628,-0.20043859,-0.11658599,-0.182019,-0.25032333,-0.1509206,-0.14818433,-0.15142563,-0.10844302,-0.18249588,-0.28454733,-0.14819723,-0.12488013,-0.14820516,-0.22338755,-0.14820726,-0.29867563,-0.1482073,-0.29356226,-0.12432567,-0.14809705,-0.13691942,-0.1482031,-0.23188588,-0.24781659,-0.1296162,-0.124884725,-0.24679694,-0.18279888,-0.25087595,-0.26027086,-0.28621647,-0.27511892,-0.11894142,-0.14814144,-0.040142577,-0.056944285,-0.14766356,-0.11274739,-0.13743341,-0.124794856,-0.14819105,-0.15134028,-0.15134367,-0.15134415,-0.27573854,-0.14817858,-0.124796465,-0.16243835,-0.12334165,-0.14074792,-0.1481814,-0.15887658,-0.14481027,-0.12486754,-0.18691605,-0.14998752,-0.14819819,-0.15132764,-0.15133625,-0.15129015,-0.120334074,-0.13700745,-0.08858878,-0.14819363,-0.19008024,-0.1482021,-0.2004665,-0.11139822,-0.1388583,-0.13027036,-0.1074974,-0.15152657,-0.14812902,-0.15112746,-0.10065024,-0.08152827,3.4903808,-0.14816657,3.6146836,6.083755,-0.16982608,-0.1185138,-0.14817974,-0.15133908,-0.17738779,-0.15176103,-0.1482043,-0.25953975,-0.17989698,-0.13525523,-0.14820212,-0.15095688,-0.17780018,-0.2009549,-0.14818795,-0.09015879,-0.14797886,-0.12151222,-0.121854745,-0.13997786,-0.21433522,-0.13908121,-0.16057305,-0.14814809,-0.07092635,-0.1477308,-0.15077072,-0.18733518,-0.14801708,-0.1247807,2.1605818,-0.14100276,-0.14817162,-0.114095174,-0.25318068,-0.26654312,-0.1241802,-0.10945694,-0.14816478,-0.09238048,-0.20963459,-0.14820233,-0.15128511,-0.12439333,-0.14814931,-0.16015086,-0.1553517,-0.14820561,-0.19704957,-0.20616047,-0.12391537,-0.10460003,6.1708612,-0.10256614,-0.14819998,2.9657173,-0.14818293,-0.12432822,-0.1480844,-0.041086134,-0.12967405,-0.14820471,-0.2300741,-0.14818974,-0.10384405,-0.14714563,-0.0784167,-0.14809921,-0.12766197,-0.14811295,-0.121451,-0.075820275,-0.09192432,-0.101488546,-0.14800417,-0.15127245,4.745213,-0.14809354,-0.1410757,-0.13984437,-0.18093297,-0.1482065,-0.25777104,-0.12844054,-0.14814162,1.5912588,7.028769,-0.14818434,-0.15134063,-0.15134189,-0.15134272,-0.19755594,-0.25103784,-0.20219928,-0.19465852,-0.24831252,-0.20506537,-0.22091979,-0.14819574,-0.12455888,-0.11956477,-0.14819162,-0.15133795,3.763701,-0.18224281,-0.14818597,-0.32474133,-0.14820507,-0.15134466,-0.15134388,-0.15134358,-0.2185038,-0.14818563,-0.114121355,-0.14818716,-0.15133366,-0.15133816,-0.22984435,-0.14820038,-0.15132624,-0.08963354,-0.14812541,-0.15130791,-0.15132159,-0.15132213,-0.13302092,-0.1051107,-0.14014931,-0.15141064,-0.15839578,-0.15615125,-0.14613561,-0.14819759,-0.12319561,-0.12484729,-0.1481716,-0.15134454,-0.15134421,-0.15134421,-0.15134457,-0.38518023,-0.11451449,-0.14817673,-0.15564899,-0.14443555,-0.16636807,-0.1482017,-0.15128973,-0.12993515,-0.047159404,-0.14389673,-0.14016809,-0.14106366,-0.14809546,-0.19987361,-0.1649412,-0.17166539,-0.14818521,-0.15131292,-0.12722544,-0.14610182,-0.2588673,-0.124689415,-0.14811108,-0.09132757,-0.12832497,-0.13684332,-0.16221203,-0.15659244,-0.12422489,-0.14801687,-0.15127477,-0.15131086,-0.15133572,2.0863924,-0.19795567,-0.15106063,-0.07294749,-0.2039893,-0.14817742,-0.15130949,-0.104459345,-0.14794132,-0.17466888,-0.13176009,-0.14818224,-0.15109587,-0.10913184,-0.14806187,-0.05825615,-0.14326635,-0.17082691,-0.14813776,-0.18883844,-0.14820594,-0.31316653,-0.14819908,-0.16808087,-0.14331596,-0.14820024,-0.1513421,-0.25088155,-0.14820623,-0.22115314,-0.07562123,-0.086852394,-0.10702289,-0.060967896,-0.14334813,-0.16796505,-0.15746465,-0.22133875,-0.12812386,-0.0969081,-0.16398169,-0.12716047,-0.11335766,-0.18846886,-0.12484181,-0.17755464,-0.0994983,-0.115196005,-0.1481385,-0.11662802,-0.19749595,3.2284057,3.3732674,-0.096878245,-0.1481376,-0.15119791,-0.12434345,-0.11230643,1.320886,-0.14808652,-0.11419349,-0.10007019,-0.24483351,-0.14820659,-0.15133652,4.6653285,-0.1759062,-0.12524253,-0.14819565,2.8797054,5.404415,5.1484537,-0.09859173,-0.11065883,-0.14795364,-0.15110438,-0.083404,2.442639,-0.13072303,-0.13855581,-0.19385117,-0.14817943,-0.15133971,-0.19487974,-0.23847799,-0.2432746,-0.124588475,-0.14805439,-0.15131867,-0.14520228,-0.2961179,-0.14820603,6.7190704,-0.1247661,-0.14815903,-0.060104962,-0.15931924,-0.14820477,-0.2028091,-0.2868003,-0.11816878,-0.14795661,-0.10060286,-0.14809033,-0.13614628,2.4270291,5.6912885,-0.125103,-0.15657571,-0.15690626,-0.14820373,-0.1513415,-0.16221246,-0.22200036,-0.12489621,-0.2814266,-0.14820689,-0.1915083,-0.24371436,-0.16952515,-0.14814673,-0.13369927,-0.12557748,-0.14820144,-0.18106565,-0.14820671,-0.18642783,-0.14816697,-0.30462334,-0.14812508,-0.14691104,-0.13029914,-0.14819714,-0.15133229,-0.18915205,-0.12483581,-0.14820081,-0.10481856,-0.1650517,-0.14819929,-0.15134302,-0.15132324,-0.12452667,-0.14812821,-0.15131816,-0.15131119,-0.15131992,-0.15132576,-0.16505513,-0.17392421,-0.14819594,-0.15133762,-0.1513302,-0.15133804,-0.2025511,-0.15354379,-0.14723541,-0.1474697,-0.11499533,-0.10471026,-0.11893196,-0.14819856,-0.15128888,-0.1248045,-0.19501048,-0.14820442,-0.18738703,-0.11705899,-0.17429145,-0.1481981,-0.06652963,-0.1480152,-0.10737923,-0.124497145,-0.15298569,-0.052188452,-0.26007295
k__Bacteria|p__Firmicutes|c__Erysipelotrichia|o__Erysipelotrichales|f__Coprobacillaceae|g__Coprobacillus|s__Coprobacillus_cateniformis,-0.1004395,-0.12316422,-0.14846976,-0.15160817,-0.15160847,-0.23867357,-0.1666669,-0.16813041,-0.10929718,-0.22895765,-0.23728925,-0.14847495,-0.22850217,-0.3768707,-0.08556121,-0.1480477,-0.058144663,-0.1478981,-0.15154123,-0.19931981,-0.1978925,-0.12496487,-0.1484368,4.8298864,6.9523497,-0.11658599,-0.182019,-0.25032333,-0.1509206,-0.14844216,-0.15142563,-0.10844302,-0.18249588,-0.28454733,-0.14846075,-0.12516172,-0.14847234,-0.22338755,-0.14847533,-0.29867563,-0.14847541,-0.29356226,-0.12445012,-0.14831619,-0.13691942,-0.14846936,-0.23188588,-0.24781659,-0.1296162,-0.12516803,-0.24679694,-0.18279888,-0.25087595,-0.26027086,-0.28621647,-0.27511892,-0.11894142,-0.14838168,-0.040142577,-0.056944285,-0.1476933,-0.11274739,-0.13743341,-0.1250482,-0.14845195,-0.1516034,-0.15160823,-0.15160891,-0.27573854,-0.14843309,-0.12504937,-0.16243835,-0.12334165,-0.14074792,-0.14843842,-0.15887658,-0.14481027,-0.12514547,-0.18691605,-0.14998752,-0.14846236,-0.1515853,-0.15159747,-0.15152863,-0.120334074,-0.13700745,-0.08858878,-0.14845592,-0.19008024,-0.14846797,-0.2004665,-0.11139822,-0.1388583,-0.13027036,-0.1074974,-0.15152657,-0.14836402,-0.15129569,-0.10065024,-0.08152827,-0.09427856,-0.14841738,-0.11960925,-0.15027548,-0.16982608,-0.1185138,-0.1484355,-0.15160166,-0.17738779,-0.15176103,-0.14847107,-0.25953975,-0.17989698,-0.13525523,-0.14846805,-0.15095688,-0.17780018,-0.2009549,-0.14844644,-0.09015879,-0.14815229,-0.12151222,-0.121854745,-0.13997786,-0.21433522,-0.13908121,-0.16057305,-0.14839128,-0.07092635,-0.14779948,-0.15077701,-0.18733518,-0.14819667,-0.12503976,-0.12334781,-0.14100276,-0.14842448,-0.114095174,-0.25318068,-0.26654312,-0.12427379,-0.10945694,-0.1484149,-0.09238048,-0.20963459,-0.14846829,-0.15151873,-0.12455065,-0.14839217,-0.16015086,-0.1553517,-0.14847298,-0.19704957,-0.20616047,-0.123958275,-0.10460003,-0.11361031,-0.10256614,-0.14846498,-0.19495486,-0.14843954,-0.12447037,-0.1483013,-0.041086134,3.0619764,-0.14847162,-0.2300741,-0.14844894,-0.10384405,-0.14697193,-0.0784167,-0.14832053,-0.12766197,-0.14834112,-0.121451,-0.075820275,-0.09192432,-0.101488546,-0.14818761,-0.15150723,-0.12378413,-0.14831302,-0.1410757,-0.13984437,-0.18093297,-0.14847426,-0.25777104,-0.12844054,-0.14837825,-0.13462572,-0.119081676,-0.14844291,-0.1516039,-0.15160565,-0.15160684,2.5988536,-0.25103784,-0.20219928,-0.19465852,-0.24831252,-0.20506537,1.7149923,-0.14845832,-0.124757886,-0.11956477,-0.14845309,-0.1516,-0.20931396,-0.18224281,-0.14844412,-0.32474133,-0.14847225,-0.15160966,-0.1516085,-0.15160811,-0.2185038,-0.14844322,-0.114121355,-0.14844617,-0.15159354,-0.15160024,-0.22984435,-0.14846557,-0.15158194,-0.08963354,-0.14835815,-0.15155756,-0.15157643,-0.1515778,-0.13302092,-0.1051107,-0.14014931,-0.15141064,-0.15839578,-0.15615125,-0.14613561,-0.1484617,-0.12319561,-0.12511641,-0.14842379,-0.15160947,-0.15160897,-0.15160897,-0.15160951,1.6138538,-0.11451449,-0.1484316,-0.15564899,-0.14443555,-0.16636807,-0.14846733,-0.15152806,-0.12993515,-0.047159404,-0.14222889,-0.14016809,3.8481424,-0.14831513,3.188644,-0.1649412,-0.17166539,-0.14844394,-0.1515649,-0.12722544,-0.14610182,5.415559,-0.12491888,-0.1483391,-0.09132757,-0.12832497,-0.13684332,-0.16221203,-0.15659244,-0.12433651,-0.14820272,-0.15151012,-0.1515615,-0.1515969,-0.15740095,-0.19795567,-0.15106063,-0.07294749,-0.2039893,-0.14843243,-0.15155992,-0.104459345,-0.14808849,-0.17466888,-0.13176009,-0.14843996,-0.15109587,-0.10913184,-0.1482687,-0.05825615,-0.14326635,-0.17082691,-0.14837572,3.0446415,-0.14847344,-0.31316653,-0.14846322,-0.16808087,-0.14331596,-0.14846534,-0.15160587,-0.25088155,-0.14847383,-0.22115314,-0.07562123,-0.086852394,-0.10702289,-0.060967896,-0.14144781,2.231749,-0.15746465,-0.22133875,-0.12812386,-0.0969081,-0.16398169,-0.12716047,-0.11335766,-0.18846886,-0.12510982,-0.17755464,-0.0994983,-0.115196005,-0.148377,-0.11662802,-0.19749595,-0.14526704,-0.12781724,-0.096878245,-0.14837688,-0.15140098,-0.12434345,-0.11230643,-0.063823454,-0.14830384,-0.11419349,-0.10007019,-0.24483351,-0.14847437,-0.15159717,-0.16344379,-0.1759062,-0.12524253,-0.14845887,-0.0782174,-0.19187105,3.9208786,-0.09859173,-0.11065883,-0.14811558,-0.15126804,-0.083404,-0.1213824,-0.13072303,-0.13855581,-0.19385117,-0.14843515,-0.15160254,-0.19487974,-0.23847799,-0.2432746,-0.12476769,-0.14825782,-0.15157232,-0.14520228,-0.2961179,-0.1484736,-0.19813283,-0.1250125,-0.1484062,-0.060104962,-0.15931924,-0.14847174,-0.2028091,-0.2868003,-0.11816878,-0.14795661,-0.10060286,-0.14830756,-0.13614628,-0.20725825,-0.17393659,-0.125103,-0.15657571,-0.15690626,-0.14847025,-0.1516051,-0.16221246,-0.22200036,-0.12518393,-0.2814266,-0.14847481,-0.1915083,-0.24371436,-0.16952515,-0.14838436,-0.13369927,-0.12557748,-0.14846694,-0.18106565,-0.14847454,1.1732292,-0.14841539,4.0089483,-0.14835675,-0.14691104,1.4865506,-0.14846084,-0.15159202,-0.18915205,-0.12510122,-0.14846614,-0.10481856,-0.1650517,-0.14846383,-0.15160726,-0.1515768,-0.124690905,-0.1483632,-0.15157141,-0.15156168,-0.15157396,-0.15158263,-0.16505513,-0.17392421,-0.14845905,-0.15159962,-0.15158889,-0.15160017,-0.2025511,-0.15354379,-0.14723541,-0.14740616,-0.11499533,-0.10471026,-0.11893196,-0.14846289,-0.15152636,-0.12505995,-0.19501048,-0.14847119,-0.18738703,-0.11705899,-0.17429145,-0.14846116,-0.06652963,-0.14820445,-0.10737923,-0.124497145,-0.15298569,-0.052188452,-0.26007295
k__Bacteria|p__Firmicutes|c__Clostridia|o__Eubacteriales|f__Lachnospiraceae|g__Lachnospira|s__Lachnospira_eligens,-0.1004395,-0.12316422,-0.15019238,-0.15342993,-0.15343013,-0.23867357,-0.1666669,-0.16813041,-0.10929718,-0.22895765,-0.23728925,-0.15019646,-0.22850217,4.629131,-0.08556121,-0.1498459,-0.058144663,-0.14974236,-0.15337726,-0.19931981,-0.1978925,-0.12598366,-0.15016651,-0.12711628,-0.20043859,-0.11658599,-0.182019,-0.25032333,-0.1509206,-0.15017068,-0.15142563,-0.10844302,-0.18249588,-0.28454733,-0.15018506,-0.12614697,-0.15019442,-0.22338755,-0.15019676,-0.29867563,-0.15019682,-0.29356226,-0.12554148,-0.15007114,-0.13691942,-0.15019211,-0.23188588,-0.24781659,-0.1296162,-0.12615217,-0.24679694,-0.18279888,-0.25087595,-0.26027086,-0.28621647,-0.27511892,-0.11894142,-0.15012315,-0.040142577,-0.056944285,-0.14958434,-0.11274739,-0.13743341,-0.12605187,-0.1501784,-0.15342619,-0.15342996,-0.15343049,-0.27573854,-0.15016243,-0.12605458,-0.16243835,-0.12334165,-0.14074792,-0.15016793,-0.15887658,-0.14481027,-0.12613375,-0.18691605,-0.14998752,-0.15018658,-0.15341203,-0.15342152,-0.15336351,-0.120334074,-0.13700745,-0.08858878,-0.15018156,-0.19008024,-0.15019101,-0.2004665,-0.11139822,-0.1388583,-0.13027036,-0.1074974,-0.15152657,-0.15010962,-0.15315086,-0.10065024,-0.08152827,-0.09427856,-0.15015133,-0.11960925,-0.15027548,-0.16982608,-0.1185138,-0.15016544,-0.1534248,-0.17738779,-0.15176103,-0.15019342,-0.25953975,-0.17989698,-0.13525523,-0.15019105,-0.15095688,-0.17780018,-0.2009549,-0.15017316,-0.09015879,-0.14994355,-0.12151222,-0.121854745,-0.13997786,-0.21433522,-0.13908121,-0.16057305,-0.15013082,-0.07092635,-0.14966023,-0.15277638,-0.18733518,-0.14997439,-0.12603866,-0.12334781,-0.14100276,-0.15015696,-0.114095174,-0.25318068,0.6432041,-0.12536731,-0.10945694,-0.1501495,-0.09238048,-0.20963459,-0.15019125,-0.15335773,-0.12561302,-0.15013087,-0.16015086,-0.1553517,-0.15019491,-0.19704957,-0.20616047,-0.12510882,-0.10460003,-0.11361031,-0.10256614,-0.15018868,-0.19495486,-0.15016787,-0.12552471,-0.15005946,-0.041086134,-0.12967405,-0.15019384,-0.2300741,-0.15017563,-0.10384405,-0.14898923,-0.0784167,-0.15007424,-0.12766197,-0.15009132,-0.121451,-0.075820275,-0.09192432,-0.101488546,-0.14997014,-0.15335074,-0.12378413,-0.15005577,-0.1410757,-0.13984437,-0.18093297,-0.15019593,-0.25777104,-0.12844054,-0.15011817,-0.13462572,-0.119081676,-0.15017138,-0.15342656,-0.15342796,-0.15342888,-0.19755594,-0.25103784,-0.20219928,-0.19465852,-0.24831252,-0.20506537,-0.22091979,-0.15018326,-0.12578854,-0.11956477,-0.15017936,-0.15342352,-0.20931396,3.75756,-0.15017155,-0.32474133,-0.15019435,-0.15343109,-0.1534302,-0.15342987,-0.2185038,-0.15017085,-0.114121355,-0.15017384,-0.15341839,-0.1534237,-0.22984435,-0.15018913,-0.15340841,-0.08963354,-0.15010448,-0.15339044,-0.15340501,-0.1534062,-0.13302092,-0.1051107,-0.14014931,-0.15141064,-0.15839578,-0.15615125,-0.14613561,-0.15018612,-0.12319561,-0.12611039,-0.15015636,-0.15343094,-0.15343055,-0.15343055,-0.15343097,-0.38518023,-0.11451449,-0.15016255,-0.15564899,-0.14443555,-0.16636807,-0.15019049,-0.15336639,-0.12993515,-0.047159404,-0.14528395,-0.14016809,-0.14106366,-0.15007149,-0.19987361,-0.1649412,-0.17166539,-0.15017225,-0.15339622,-0.12722544,-0.14610182,-0.2588673,-0.12593506,-0.15008932,-0.09132757,-0.12832497,-0.13684332,-0.16221203,-0.15659244,-0.12540555,-0.14998087,-0.15335302,-0.15339339,-0.15342109,1.7180701,-0.19795567,-0.15106063,-0.07294749,-0.2039893,-0.15016313,-0.15339215,-0.104459345,-0.14984623,-0.17466888,-0.13176009,-0.1501692,-0.15109587,-0.10913184,-0.15003154,-0.05825615,-0.14326635,-0.17082691,-0.15011875,-0.18883844,-0.15019527,-0.31316653,-0.1501872,-0.16808087,-0.14331596,-0.15018895,-0.15342811,-0.25088155,-0.15019557,-0.22115314,-0.07562123,-0.086852394,-0.10702289,-0.060967896,-0.14468506,-0.16796505,-0.15746465,-0.22133875,-0.12812386,-0.0969081,1.4599853,-0.12716047,-0.11335766,-0.18846886,-0.12610395,-0.17755464,-0.0994983,-0.115196005,-0.15011963,-0.11662802,-0.19749595,-0.14526704,-0.12781724,-0.096878245,-0.1501196,-0.15326694,-0.12434345,-0.11230643,-0.063823454,-0.1500611,-0.11419349,-0.10007019,-0.24483351,-0.15019602,-0.15342107,-0.16344379,-0.1759062,-0.12524253,-0.15018389,-0.0782174,0.9135601,-0.18185812,-0.09859173,-0.11065883,-0.14991437,-0.15316254,-0.083404,-0.1213824,-0.13072303,-0.13855581,-0.19385117,-0.15016523,-0.15342551,4.764676,-0.23847799,-0.2432746,-0.12581323,-0.15002574,-0.15340179,-0.14520228,-0.2961179,-0.1501954,-0.19813283,-0.12602057,-0.15014227,-0.060104962,-0.15931924,-0.15019393,-0.2028091,-0.2868003,-0.11816878,-0.14795661,-0.10060286,-0.15006489,-0.13614628,-0.20725825,-0.17393659,-0.125103,-0.15657571,-0.15690626,-0.15019277,-0.15342753,-0.16221246,-0.22200036,-0.1261648,-0.2814266,-0.15019634,-0.1915083,-0.24371436,-0.16952515,-0.15012217,-0.13369927,-0.12557748,-0.15019017,-0.18106565,-0.15019614,-0.18642783,-0.15014862,-0.30462334,-0.15010384,-0.14691104,-0.13029914,-0.1501854,-0.15341732,-0.18915205,-0.12609786,-0.15018955,-0.10481856,-0.1650517,-0.15018773,-0.15342921,-0.15340438,-0.12573227,-0.15010881,-0.15340102,-0.15339343,-0.15340304,-0.15340978,-0.16505513,-0.17392421,-0.15018398,-0.15342325,-0.15341485,-0.15342367,-0.2025511,-0.15354379,-0.14723541,-0.14935786,-0.11499533,-0.10471026,-0.11893196,-0.150187,-0.15336329,-0.12606394,-0.19501048,-0.1501935,-0.18738703,-0.11705899,-0.17429145,-0.15018517,-0.06652963,-0.14998165,-0.10737923,-0.124497145,-0.15298569,-0.052188452,3.4017572
k__Bacteria|p__Firmicutes|c__Tissierellia|o__Tissierellales|f__Peptoniphilaceae|g__Peptoniphilus|s__Peptoniphilus_lacydonensis,-0.1004395,-0.12316422,-0.14617604,-0.14932965,-0.14932987,-0.23867357,-0.1666669,-0.16813041,-0.10929718,-0.22895765,-0.23728925,-0.14618015,-0.22850217,-0.3768707,-0.08556121,-0.14582881,-0.058144663,-0.14571635,-0.14927626,-0.19931981,-0.1978925,-0.12259032,-0.14614978,-0.12711628,-0.20043859,-0.11658599,-0.182019,-0.25032333,4.9943285,-0.14615422,-0.15142563,1.2105213,-0.18249588,-0.28454733,-0.14616892,-0.12275417,-0.1461781,4.049416,-0.14618048,5.790162,-0.14618053,-0.29356226,-0.12216239,-0.14605415,-0.13691942,-0.14617574,-0.23188588,-0.24781659,-0.1296162,-0.12275937,-0.24679694,-0.18279888,-0.25087595,-0.26027086,-0.28621647,-0.27511892,-0.11894142,-0.14610574,-0.040142577,-0.056944285,-0.14556083,-0.11274739,-0.13743341,-0.1226597,-0.14616191,-0.14932585,-0.14932969,-0.14933024,-0.27573854,-0.14614645,-0.12266165,-0.16243835,-0.12334165,-0.14074792,-0.14615117,-0.15887658,-0.14481027,-0.1227406,4.0762377,-0.14998752,-0.14617014,-0.1493115,-0.14932117,-0.14926447,-0.120334074,-0.13700745,-0.08858878,-0.14616504,-0.19008024,-0.14617464,-0.2004665,-0.11139822,-0.1388583,-0.13027036,-0.1074974,-0.15152657,-0.1460919,-0.14905924,-0.10065024,-0.08152827,-0.09427856,-0.14613429,-0.11960925,-0.15027548,-0.16982608,-0.1185138,-0.14614886,-0.14932446,-0.17738779,-0.15176103,-0.1461771,-0.25953975,-0.17989698,-0.13525523,-0.1461747,-0.15095688,-0.17780018,-0.2009549,-0.14615735,-0.09015879,-0.1459224,-0.12151222,-0.121854745,-0.13997786,-0.21433522,-0.13908121,-0.16057305,-0.1461134,-0.07092635,-0.14563683,-0.14867172,-0.18733518,-0.14595817,-0.12264988,-0.12334781,-0.14100276,-0.14614001,-0.114095174,-0.25318068,-0.26654312,-0.12199682,-0.10945694,-0.14613236,-0.09238048,1.4021388,-0.14617488,-0.14925864,-0.122230165,-0.14611384,-0.16015086,-0.1553517,-0.1461786,-0.19704957,-0.20616047,-0.12174973,-0.10460003,-0.11361031,-0.10256614,-0.14617224,-0.19495486,-0.14615184,-0.12216692,-0.14604083,-0.041086134,-0.12967405,-0.14617756,-0.2300741,-0.14615968,-0.10384405,-0.14496094,-0.0784167,-0.14605641,-0.12766197,-0.14607345,-0.121451,-0.075820275,-0.09192432,-0.101488546,-0.14595039,-0.14924903,-0.12378413,-0.14604199,-0.1410757,-0.13984437,-0.18093297,-0.14617962,-0.25777104,-0.12844054,-0.1461022,-0.13462572,-0.119081676,-0.14615458,-0.14932624,-0.14932765,-0.14932859,-0.19755594,-0.25103784,-0.20219928,-0.19465852,-0.24831252,-0.20506537,-0.22091979,-0.14616698,-0.122403875,-0.11956477,-0.14616278,-0.14932317,-0.20931396,-0.18224281,-0.14615554,-0.32474133,-0.14617802,-0.14933082,-0.14932992,-0.14932959,-0.2185038,-0.14615464,-0.114121355,-0.14615735,-0.1493181,-0.14932334,-0.22984435,-0.1461727,-0.14930846,-0.08963354,-0.14608699,-0.14928934,-0.14930448,-0.14930543,-0.13302092,-0.1051107,3.794733,5.644387,5.1160393,2.3377209,-0.14613561,-0.1461696,1.0086199,-0.122717485,-0.14613971,-0.14933068,-0.14933027,-0.14933029,-0.14933072,-0.38518023,-0.11451449,-0.14614579,-0.15564899,-0.14443555,-0.16636807,-0.14617413,-0.14926648,-0.12993515,-0.047159404,-0.14123026,-0.14016809,-0.14106366,-0.1460534,-0.19987361,-0.1649412,-0.17166539,-0.14615554,-0.14929517,-0.12722544,-0.14610182,-0.2588673,-0.12254357,-0.14607137,-0.09132757,-0.12832497,-0.13684332,-0.16221203,-0.15659244,-0.122057274,-0.14596209,-0.14925152,-0.14929244,-0.14932068,-0.15740095,-0.19795567,-0.15106063,-0.07294749,-0.2039893,-0.14614646,-0.14929107,-0.104459345,-0.14584076,-0.17466888,-0.13176009,-0.14615232,-0.15109587,-0.10913184,-0.14601442,-0.05825615,-0.14326635,-0.17082691,-0.14610144,-0.18883844,-0.14617898,-0.31316653,-0.1461709,-0.16808087,-0.14331596,-0.14617252,-0.14932783,-0.25088155,-0.14617927,-0.22115314,-0.07562123,-0.086852394,-0.10702289,-0.060967896,-0.14062002,-0.16796505,-0.15746465,-0.22133875,-0.12812386,-0.0969081,-0.16398169,-0.12716047,-0.11335766,-0.18846886,-0.12271126,-0.17755464,-0.0994983,-0.115196005,-0.14610228,-0.11662802,-0.19749595,-0.14526704,-0.12781724,-0.096878245,-0.14610189,-0.14916426,-0.12434345,-0.11230643,-0.063823454,-0.14604288,-0.11419349,-0.10007019,-0.24483351,-0.1461797,-0.14932099,1.7473072,-0.1759062,-0.12524253,-0.14616738,-0.0782174,-0.19187105,-0.18185812,-0.09859173,-0.11065883,-0.14589326,-0.14905809,-0.083404,-0.1213824,-0.13072303,8.024714,6.1989756,-0.14614862,-0.14932516,-0.19487974,-0.23847799,-0.2432746,-0.122432336,-0.14600702,-0.14930117,-0.14520228,-0.2961179,-0.14617911,-0.19813283,-0.12262839,-0.1461254,-0.060104962,-0.15931924,-0.14617762,-0.2028091,-0.2868003,-0.11816878,-0.14795661,-0.10060286,-0.1460471,-0.13614628,-0.20725825,-0.17393659,-0.125103,-0.15657571,-0.15690626,-0.14617644,-0.1493272,-0.16221246,-0.22200036,-0.12277217,5.2064433,-0.14618006,6.825261,1.93066,-0.16952515,-0.14610732,-0.13369927,-0.12557748,-0.14617383,-0.18106565,-0.14617985,-0.18642783,-0.14613284,-0.30462334,-0.14608663,-0.14691104,-0.13029914,-0.14616898,-0.1493168,-0.18915205,-0.122704506,-0.14617316,-0.10481856,-0.1650517,-0.14617136,-0.14932892,-0.14930472,-0.122355774,-0.14609101,-0.14930049,-0.1492927,-0.1493025,-0.14930922,-0.16505513,-0.17392421,-0.14616755,-0.14932285,-0.14931437,-0.14932328,-0.2025511,-0.15354379,-0.14723541,-0.14533523,-0.11499533,-0.10471026,-0.11893196,-0.14617059,-0.14926413,-0.12266971,2.2135146,-0.14617719,-0.18738703,-0.11705899,-0.17429145,-0.14616916,-0.06652963,-0.14596191,-0.10737923,-0.124497145,-0.15298569,-0.052188452,-0.26007295
k__Bacteria|p__Firmicutes|c__Clostridia|o__Eubacteriales|f__Lachnospiraceae|g__Blautia|s__Blautia_faecis,-0.1004395,-0.12316422,-0.15028709,-0.15348598,-0.15348622,-0.23867357,-0.1666669,-0.16813041,-0.10929718,-0.22895765,-0.23728925,-0.15029156,-0.22850217,-0.3768707,-0.08556121,-0.14992043,-0.058144663,-0.14979734,-0.15342855,-0.19931981,-0.1978925,-0.12635155,-0.15025893,3.978491,-0.20043859,-0.11658599,-0.182019,-0.25032333,-0.1509206,-0.15026343,-0.15142563,-0.10844302,-0.18249588,-0.28454733,-0.15027928,-0.12652946,-0.15028933,-0.22338755,-0.1502919,-0.29867563,-0.15029196,-0.29356226,-0.12587537,-0.15015472,-0.13691942,-0.15028682,-0.23188588,-0.24781659,-0.1296162,-0.12653486,-0.24679694,-0.18279888,-0.25087595,-0.26027086,-0.28621647,3.98517,-0.11894142,-0.15021144,-0.040142577,-0.056944285,-0.1496182,-0.11274739,-0.13743341,-0.12642485,-0.15027171,-0.15348189,-0.15348601,-0.15348662,-0.27573854,-0.15025498,-0.12642811,-0.16243835,-0.12334165,-0.14074792,-0.15026025,-0.15887658,-0.14481027,-0.12651503,-0.18691605,-0.14998752,-0.15028074,-0.15346634,-0.15347673,-0.15341674,-0.120334074,-0.13700745,-0.08858878,-0.15027525,-0.19008024,-0.15028559,-0.2004665,-0.11139822,-0.1388583,-0.13027036,-0.1074974,-0.15152657,-0.1501963,-0.1532016,-0.10065024,-0.08152827,-0.09427856,-0.1502423,-0.11960925,-0.15027548,-0.16982608,-0.1185138,-0.1502577,-0.15348038,-0.17738779,-0.15176103,-0.15028822,0.8697267,-0.17989698,-0.13525523,-0.15028566,-0.15095688,-0.17780018,-0.2009549,-0.15026672,-0.09015879,-0.1500148,-0.12151222,-0.121854745,-0.13997786,-0.21433522,-0.13908121,-0.16057305,-0.15021986,-0.07092635,-0.14970954,-0.15276623,-0.18733518,-0.15004966,-0.12641108,-0.12334781,-0.14100276,-0.15024829,-0.114095174,-0.25318068,-0.26654312,-0.12568647,-0.10945694,-0.15024015,-0.09238048,-0.20963459,-0.15028587,-0.15340951,-0.12594926,-0.1502204,-0.16015086,-0.1553517,-0.15028988,-0.19704957,-0.20616047,-0.12541369,-0.10460003,-0.11361031,-0.10256614,-0.15028304,-0.19495486,-0.1502611,-0.12586193,-0.1501427,-0.041086134,-0.12967405,-0.15028869,-0.2300741,-0.15026951,-0.10384405,-0.14899214,-0.0784167,-0.15015888,-0.12766197,-0.15017658,-0.121451,-0.075820275,-0.09192432,-0.101488546,-0.1500437,-0.15339942,-0.12378413,-0.15014888,-0.1410757,-0.13984437,-0.18093297,-0.15029098,-0.25777104,-0.12844054,-0.1502083,-0.13462572,-0.119081676,-0.15026417,-0.15348232,-0.15348384,-0.15348485,-0.19755594,-0.25103784,-0.20219928,-0.19465852,-0.24831252,-0.20506537,2.3935401,-0.15027727,-0.12613672,-0.11956477,-0.15027289,-0.15347897,-0.20931396,-0.18224281,-0.15026489,-0.32474133,-0.15028925,-0.15348727,-0.15348628,-0.15348594,-0.2185038,-0.15026452,-0.114121355,-0.15026683,-0.15347327,-0.15347922,-0.22984435,-0.15028355,-0.15346344,-0.08963354,-0.15019116,-0.15344276,-0.15345864,-0.15346,-0.13302092,-0.1051107,-0.14014931,-0.15141064,-0.15839578,-0.15615125,-0.14613561,-0.15028028,-0.12319561,-0.12648955,-0.15024738,-0.15348709,-0.15348667,-0.15348668,-0.15348715,-0.38518023,-0.11451449,-0.15025434,-0.15564899,-0.14443555,-0.16636807,-0.150285,-0.1534169,-0.12993515,-0.047159404,-0.14489019,-0.14016809,-0.14106366,-0.15015417,-0.19987361,-0.1649412,-0.17166539,-0.150265,-0.15344907,-0.12722544,-0.14610182,-0.2588673,-0.1263004,-0.15017465,-0.09132757,-0.12832497,-0.13684332,-0.16221203,-0.15659244,-0.12573834,-0.1500569,-0.15340182,-0.15344605,-0.15347633,-0.15740095,-0.19795567,-0.15106063,-0.07294749,-0.2039893,-0.15025494,-0.15344475,-0.104459345,-0.14992656,-0.17466888,-0.13176009,-0.15026172,-0.15109587,-0.10913184,-0.15011325,-0.05825615,-0.14326635,-0.17082691,-0.15020621,-0.18883844,-0.15029025,5.962941,-0.1502814,-0.16808087,-0.14331596,-0.15028332,-0.15348399,-0.25088155,-0.1502906,-0.22115314,-0.07562123,-0.086852394,-0.10702289,-0.060967896,-0.14422019,-0.16796505,-0.15746465,-0.22133875,-0.12812386,-0.0969081,-0.16398169,-0.12716047,-0.11335766,-0.18846886,-0.1264826,-0.17755464,-0.0994983,-0.115196005,-0.15020737,-0.11662802,-0.19749595,-0.14526704,-0.12781724,-0.096878245,-0.1502077,-0.15330783,-0.12434345,-0.11230643,-0.063823454,-0.15014419,-0.11419349,-0.10007019,-0.24483351,-0.15029109,-0.1534767,-0.16344379,-0.1759062,-0.12524253,-0.15027781,-0.0782174,-0.19187105,-0.18185812,-0.09859173,-0.11065883,-0.14998299,-0.1531937,-0.083404,-0.1213824,2.8014483,-0.13855581,-0.19385117,-0.15025726,-0.15348117,-0.19487974,-0.23847799,-0.2432746,-0.12617421,-0.15010482,-0.15345515,-0.14520228,-0.2961179,-0.15029043,-0.19813283,-0.1263926,-0.1502323,-0.060104962,-0.15931924,-0.15028879,1.1501564,1.0055099,-0.11816878,-0.14795661,-0.10060286,-0.15014735,-0.13614628,-0.20725825,-0.17393659,-0.125103,-0.15657571,-0.15690626,-0.15028754,-0.15348338,-0.16221246,-0.22200036,-0.12654868,-0.2814266,-0.15029144,-0.1915083,-0.24371436,-0.16952515,-0.15021357,-0.13369927,-0.12557748,-0.15028468,-0.18106565,-0.1502912,-0.18642783,-0.15024006,-0.30462334,-0.15018958,-0.14691104,-0.13029914,-0.15027943,-0.15347217,-0.18915205,-0.12647629,-0.15028402,-0.10481856,-0.1650517,-0.15028197,-0.1534852,-0.15345919,-0.12608759,-0.15019564,-0.15345427,-0.15344596,-0.1534565,-0.15346411,-0.16505513,-0.17392421,-0.15027785,-0.15347865,-0.15346943,-0.15347913,2.7326956,3.9034455,-0.14723541,-0.14936699,-0.11499533,-0.10471026,-0.11893196,-0.1502812,-0.15341571,-0.12643918,-0.19501048,-0.15028831,-0.18738703,-0.11705899,-0.17429145,-0.15028012,-0.06652963,-0.15005878,-0.10737923,-0.124497145,-0.15298569,-0.052188452,-0.26007295
k__Bacteria|p__Firmicutes|c__Clostridia|o__Eubacteriales|f__Lachnospiraceae|g__Roseburia|s__Roseburia_inulinivorans,-0.1004395,-0.12316422,-0.1496151,-0.15279806,-0.1527983,-0.23867357,-0.1666669,-0.16813041,-0.10929718,-0.22895765,-0.23728925,-0.14961931,-0.22850217,-0.3768707,-0.08556121,-0.1492658,-0.058144663,-0.14915225,-0.15274371,-0.19931981,-0.1978925,-0.12580049,-0.1495884,-0.12711628,-0.20043859,-0.11658599,-0.182019,-0.25032333,-0.1509206,-0.14959267,-0.15142563,-0.10844302,-0.18249588,-0.28454733,-0.14960754,-0.12597495,-0.14961721,-0.22338755,-0.14961962,5.851483,-0.14961968,-0.29356226,-0.12533697,-0.14948982,-0.13691942,-0.14961481,-0.23188588,-0.24781659,-0.1296162,-0.1259803,-0.24679694,-0.18279888,-0.25087595,5.485484,4.2107754,-0.27511892,-0.11894142,-0.14954343,-0.040142577,-0.056944285,-0.14898497,-0.11274739,-0.13743341,-0.12587264,-0.14960057,-0.1527942,-0.15279809,-0.15279867,-0.27573854,-0.14958404,-0.12587684,-0.16243835,-0.12334165,-0.14074792,-0.14958978,-0.15887658,-0.14481027,-0.12596074,-0.18691605,-0.14998752,-0.14960909,-0.15277952,-0.15278932,-0.1527305,-0.120334074,-0.13700745,-0.08858878,-0.1496039,-0.19008024,-0.14961368,-0.2004665,-0.11139822,-0.1388583,-0.13027036,-0.1074974,-0.15152657,-0.14952941,-0.1525234,-0.10065024,-0.08152827,-0.09427856,-0.1495727,-0.11960925,-0.15027548,-0.16982608,-0.1185138,-0.1495873,-0.15279277,-0.17738779,-0.15176103,-0.14961617,-0.25953975,-0.17989698,-0.13525523,-0.14961371,-0.15095688,-0.17780018,-0.2009549,-0.14959526,-0.09015879,-0.1493578,-0.12151222,-0.121854745,-0.13997786,-0.21433522,-0.13908121,-0.16057305,-0.14955142,-0.07092635,-0.1490683,-0.15212016,-0.18733518,-0.14938977,-0.12585664,-0.12334781,-0.14100276,-0.14957845,-0.114095174,-0.25318068,-0.26654312,-0.12513201,-0.10945694,-0.1495707,-0.09238048,5.4430423,-0.14961392,-0.15272439,-0.12539274,-0.1495519,-0.16015086,-0.1553517,-0.14961772,-0.19704957,-0.20616047,-0.12484245,-0.10460003,-0.11361031,-0.10256614,-0.14961126,-0.19495486,-0.14958996,-0.12529996,-0.14947844,-0.041086134,-0.12967405,-0.1496166,-0.2300741,-0.14959791,-0.10384405,-0.1483856,-0.0784167,-0.14949355,-0.12766197,-0.14951071,-0.121451,-0.075820275,-0.09192432,-0.101488546,-0.14938489,-0.15271628,-0.12378413,-0.14948022,-0.1410757,-0.13984437,-0.18093297,-0.14961874,-0.25777104,-0.12844054,-0.14953882,-0.13462572,-0.119081676,-0.14959341,-0.1527946,-0.15279603,-0.15279698,-0.19755594,-0.25103784,-0.20219928,-0.19465852,-0.24831252,-0.20506537,-0.22091979,-0.14960566,-0.12558392,-0.11956477,-0.14960164,-0.15279143,-0.20931396,-0.18224281,-0.14959376,-0.32474133,-0.14961714,-0.15279928,-0.15279832,-0.15279801,-0.2185038,-0.14959295,-0.114121355,-0.14959592,-0.15278608,-0.15279165,-0.22984435,-0.14961171,-0.15277609,-0.08963354,-0.14952429,-0.15275723,-0.15277225,-0.15277356,-0.13302092,-0.1051107,-0.14014931,-0.15141064,-0.15839578,-0.15615125,-0.14613561,-0.14960864,-0.12319561,-0.12593625,-0.1495777,-0.1527991,-0.15279871,-0.15279871,-0.15279916,2.0912025,-0.11451449,-0.14958417,-0.15564899,-0.14443555,-0.16636807,-0.14961311,-0.15273216,-0.12993515,-0.047159404,-0.14453676,-0.14016809,-0.14106366,-0.14948982,-0.19987361,-0.1649412,-0.17166539,-0.14959422,-0.15276319,-0.12722544,-0.14610182,-0.2588673,-0.12574631,-0.14950863,-0.09132757,-0.12832497,-0.13684332,-0.16221203,-0.15659244,-0.12516417,-0.14939664,-0.15271845,-0.1527603,-0.15278894,-0.15740095,-0.19795567,-0.15106063,-0.07294749,-0.2039893,-0.14958474,-0.15275902,-0.104459345,-0.14926305,-0.17466888,-0.13176009,-0.14959112,-0.15109587,-0.10913184,-0.14945003,-0.05825615,-0.14326635,-0.17082691,-0.14953879,-0.18883844,-0.14961807,4.220731,-0.14960966,-0.16808087,-0.14331596,-0.14961152,-0.15279618,-0.25088155,-0.14961839,-0.22115314,-0.07562123,-0.086852394,-0.10702289,-0.060967896,-0.14390191,-0.16796505,2.099102,-0.22133875,-0.12812386,-0.0969081,-0.16398169,-0.12716047,-0.11335766,-0.18846886,-0.12592937,-0.17755464,-0.0994983,-0.115196005,-0.14953981,-0.11662802,-0.19749595,-0.14526704,-0.12781724,-0.096878245,-0.14953992,-0.15262952,-0.12434345,-0.11230643,-0.063823454,-0.14947973,-0.11419349,-0.10007019,-0.24483351,-0.14961885,-0.152789,-0.16344379,-0.1759062,-0.12524253,-0.14960632,-0.0782174,-0.19187105,-0.18185812,-0.09859173,-0.11065883,-0.14932784,-0.15252194,-0.083404,-0.1213824,-0.13072303,-0.13855581,-0.19385117,-0.14958693,-0.1527935,-0.19487974,-0.23847799,-0.2432746,-0.12562193,-0.1494428,-0.15276894,-0.14520228,-0.2961179,-0.14961822,-0.19813283,-0.12583867,-0.14956325,-0.060104962,-0.15931924,-0.14961669,-0.2028091,-0.2868003,-0.11816878,-0.14795661,-0.10060286,-0.14948307,-0.13614628,-0.20725825,-0.17393659,-0.125103,-0.15657571,-0.15690626,-0.1496155,-0.15279558,-0.16221246,-0.22200036,-0.12599353,4.90465,-0.1496192,-0.1915083,5.095649,3.2314188,-0.14954379,-0.13369927,-0.12557748,-0.14961281,-0.18106565,-0.14961898,-0.18642783,-0.14957011,-0.30462334,-0.14952323,-0.14691104,-0.13029914,-0.14960785,-0.15278503,-0.18915205,-0.12592319,-0.14961216,-0.10481856,-0.1650517,-0.14961025,-0.15279731,-0.15277195,-0.12552881,-0.14952865,-0.15276814,-0.1527603,-0.15277022,-0.15277731,-0.16505513,-0.17392421,-0.14960638,-0.15279114,-0.15278244,-0.1527916,-0.2025511,-0.15354379,-0.14723541,-0.14874887,-0.11499533,-0.10471026,-0.11893196,-0.14960952,-0.15273008,-0.12588792,-0.19501048,-0.14961624,-0.18738703,-0.11705899,-0.17429145,-0.14960784,-0.06652963,-0.14939877,-0.10737923,-0.124497145,-0.15298569,-0.052188452,-0.26007295
k__Bacteria|p__Firmicutes|c__Clostridia|o__Eubacteriales|f__Clostridiaceae|g__Clostridium|s__Clostridium_cadaveris,-0.1004395,-0.12316422,-0.15151152,-0.15478006,-0.1547803,-0.23867357,-0.1666669,-0.16813041,-0.10929718,-0.22895765,-0.23728925,-0.15151611,-0.22850217,-0.3768707,-0.08556121,-0.15112814,-0.058144663,-0.1510073,-0.15472066,-0.19931981,-0.1978925,-0.12705347,-0.15148243,-0.12711628,-0.20043859,-0.11658599,-0.182019,-0.25032333,-0.1509206,-0.15148707,-0.15142563,-0.10844302,-0.18249588,1.9446051,-0.1515033,-0.1272363,-0.15151381,-0.22338755,-0.15151645,-0.29867563,-0.15151651,-0.29356226,-0.1265707,-0.15137476,-0.13691942,-0.15151122,-0.23188588,1.5351434,-0.1296162,-0.12724203,-0.24679694,-0.18279888,-0.25087595,-0.26027086,-0.28621647,-0.27511892,-0.11894142,-0.1514335,-0.040142577,-0.056944285,-0.15082441,-0.11274739,-0.13743341,-0.12712932,-0.15149567,-0.15477586,-0.15478009,-0.1547807,-0.27573854,-0.15147743,-0.1271326,-0.16243835,-0.12334165,-0.14074792,-0.15148395,-0.15887658,-0.14481027,-0.12722151,-0.18691605,-0.14998752,-0.151505,-0.15475985,-0.15477052,-0.15470552,-0.120334074,-0.13700745,-0.08858878,-0.15149933,-0.19008024,-0.15150997,-0.2004665,-0.11139822,1.0976692,-0.13027036,-0.1074974,-0.15152657,-0.15141827,-0.15446818,-0.10065024,-0.08152827,-0.09427856,-0.15146533,-0.11960925,-0.15027548,-0.16982608,-0.1185138,-0.15148106,-0.15477431,-0.17738779,-0.15176103,-0.15151268,1.1868769,-0.17989698,-0.13525523,-0.15151004,-0.15095688,-0.17780018,-0.2009549,-0.15148975,-0.09015879,-0.15123162,-0.12151222,-0.121854745,-0.13997786,-0.21433522,-0.13908121,-0.16057305,-0.15144226,-0.07092635,-0.15091416,-0.15403959,-0.18733518,-0.15126455,-0.12711608,-0.12334781,-0.14100276,-0.15147159,-0.114095174,-0.25318068,-0.26654312,-0.1263738,-0.10945694,-0.15146321,-0.09238048,-0.20963459,-0.15151024,-0.15469831,-0.1266413,-0.15144229,-0.16015086,-0.1553517,-0.15151437,-0.19704957,-0.20616047,-0.12609395,-0.10460003,-0.11361031,-0.10256614,-0.15150738,-0.19495486,-0.15148406,-0.12655346,-0.15136245,-0.041086134,-0.12967405,-0.15151314,-0.2300741,-0.15149271,-0.10384405,-0.15016434,-0.0784167,-0.15137851,-0.12766197,-0.15139775,-0.121451,-0.075820275,-0.09192432,-0.101488546,-0.15126117,-0.15469098,-0.12378413,-0.15136006,-0.1410757,-0.13984437,-0.18093297,-0.15151551,-0.25777104,-0.12844054,-0.15142739,-0.13462572,-0.119081676,-0.15148793,-0.15477628,-0.15477782,-0.15477888,-0.19755594,-0.25103784,-0.20219928,-0.19465852,-0.24831252,-0.20506537,-0.22091979,-0.15150118,-0.12683551,-0.11956477,-0.15149689,-0.15477283,-0.20931396,-0.18224281,-0.151488,-0.32474133,-0.15151374,-0.15478137,-0.15478036,-0.15478,-0.2185038,-0.15148705,-0.114121355,-0.15149051,-0.15476695,-0.15477304,-0.22984435,-0.15150785,-0.15475556,-0.08963354,-0.15141235,-0.15473562,-0.15475193,-0.1547534,-0.13302092,-0.1051107,-0.14014931,-0.15141064,-0.15839578,-0.15615125,-0.14613561,-0.15150452,-0.12319561,-0.12719518,-0.15147072,-0.15478119,-0.15478076,-0.15478076,-0.15478124,-0.38518023,-0.11451449,-0.15147787,-0.15564899,-0.14443555,-0.16636807,-0.15150936,-0.15470801,-0.12993515,-0.047159404,-0.14595824,-0.14016809,-0.14106366,-0.15137503,-0.19987361,-0.1649412,-0.17166539,-0.15148883,-0.15474218,-0.12722544,-0.14610182,2.9943225,-0.12700094,-0.15139568,-0.09132757,-0.12832497,-0.13684332,-0.16221203,-0.15659244,-0.12642397,-0.15127298,-0.15469341,-0.1547389,-0.1547701,-0.15740095,-0.19795567,-0.15106063,-0.07294749,-0.2039893,-0.15147844,-0.15473759,-0.104459345,-0.15111049,2.6986327,3.99689,-0.15148547,-0.15109587,-0.10913184,-0.15133135,-0.05825615,-0.14326635,-0.17082691,-0.15142837,-0.18883844,-0.15151477,-0.31316653,-0.15150556,-0.16808087,-0.14331596,-0.15150765,-0.15477799,2.303939,-0.1515151,-0.22115314,-0.07562123,-0.086852394,-0.10702289,-0.060967896,-0.14527684,-0.16796505,-0.15746465,-0.22133875,-0.12812386,-0.0969081,-0.16398169,-0.12716047,-0.11335766,-0.18846886,-0.12718812,-0.17755464,-0.0994983,-0.115196005,-0.1514295,-0.11662802,-0.19749595,-0.14526704,-0.12781724,-0.096878245,-0.1514298,-0.15459663,-0.12434345,-0.11230643,-0.063823454,-0.1513639,-0.11419349,-0.10007019,-0.24483351,-0.1515156,-0.15477008,-0.16344379,-0.1759062,-0.12524253,-0.15150198,-0.0782174,-0.19187105,-0.18185812,-0.09859173,-0.11065883,-0.1511988,-0.1544792,-0.083404,-0.1213824,-0.13072303,-0.13855581,-0.19385117,-0.1514808,-0.15477508,-0.19487974,-0.23847799,-0.2432746,-0.12686858,-0.15132394,-0.15474829,-0.14520228,-0.2961179,-0.15151492,-0.19813283,-0.12709506,-0.151455,-0.060104962,-0.15931924,-0.15151325,-0.2028091,-0.2868003,-0.11816878,-0.14795661,-0.10060286,-0.1513676,-0.13614628,-0.20725825,-0.17393659,-0.125103,-0.15657571,-0.15690626,-0.15151197,-0.15477738,-0.16221246,-0.22200036,-0.12725621,-0.2814266,-0.15151599,-0.1915083,-0.24371436,-0.16952515,-0.1514324,-0.13369927,-0.12557748,-0.15150902,-0.18106565,-0.15151575,2.3198607,-0.15146196,-0.30462334,-0.15141132,-0.14691104,-0.13029914,-0.15150365,-0.15476584,-0.18915205,-0.12718129,-0.15150833,-0.10481856,-0.1650517,-0.15150626,-0.15477926,-0.1547513,-0.12677673,-0.15141746,-0.15474737,-0.15473886,-0.15474966,-0.15475735,-0.16505513,-0.17392421,-0.15150201,-0.15477252,-0.15476304,-0.15477301,-0.2025511,-0.15354379,-0.14723541,-0.15056598,4.8946652,4.420743,0.724617,-0.15150546,-0.15470521,-0.12714344,-0.19501048,-0.15151277,-0.18738703,-0.11705899,-0.17429145,-0.1515035,-0.06652963,-0.15127537,-0.10737923,-0.124497145,-0.15298569,-0.052188452,-0.26007295
k__Bacteria|p__Firmicutes|c__Erysipelotrichia|o__Erysipelotrichales|f__Turicibacteraceae|g__Turicibacter|s__Turicibacter_bilis,-0.1004395,-0.12316422,-0.14969122,-0.15287502,-0.15287532,-0.23867357,2.3114045,-0.16813041,-0.10929718,-0.22895765,-0.23728925,-0.14969681,1.9960114,-0.3768707,-0.08556121,-0.14924137,-0.058144663,-0.14908244,-0.15280321,-0.19931981,-0.1978925,-0.12584278,-0.14965601,-0.12711628,-0.20043859,-0.11658599,-0.182019,-0.25032333,-0.1509206,-0.14966154,-0.15142563,-0.10844302,-0.18249588,-0.28454733,-0.1496816,-0.12604712,-0.14969403,-0.22338755,-0.14969724,-0.29867563,-0.1496973,-0.29356226,-0.12529796,-0.14952564,-0.13691942,-0.14969087,-0.23188588,-0.24781659,-0.1296162,-0.12605357,-0.24679694,-0.18279888,-0.25087595,-0.26027086,-0.28621647,-0.27511892,-0.11894142,-0.1495972,-0.040142577,-0.056944285,-0.14885518,2.3237967,-0.13743341,-0.12592795,-0.14967203,-0.15286991,-0.15287507,-0.15287581,0.67483765,-0.14965263,-0.12592861,-0.16243835,-0.12334165,-0.14074792,-0.14965773,-0.15887658,-0.14481027,-0.12603,-0.18691605,-0.14998752,-0.14968334,-0.15285051,-0.1528635,-0.15278982,-0.120334074,-0.13700745,-0.08858878,-0.14967647,-0.19008024,-0.14968935,-0.2004665,-0.11139822,-0.1388583,-0.13027036,-0.1074974,-0.15152657,-0.14957826,-0.15255004,-0.10065024,-0.08152827,-0.09427856,-0.14963536,-0.11960925,-0.15027548,-0.16982608,-0.1185138,-0.14965439,-0.15286806,-0.17738779,-0.15176103,-0.14969264,-0.25953975,-0.17989698,-0.13525523,-0.14968944,-0.15095688,-0.17780018,-0.2009549,-0.14966619,-0.09015879,-0.14935264,-0.12151222,-0.121854745,-0.13997786,-0.21433522,-0.13908121,-0.16057305,-0.14960751,-0.07092635,-0.14897408,-0.15197557,-0.18733518,-0.14939535,-0.12591828,-0.12334781,-0.14100276,-0.1496428,-0.114095174,-0.25318068,-0.26654312,-0.12513748,-0.10945694,-0.14963268,-0.09238048,-0.20963459,-0.14968967,-0.15277876,-0.1254114,-0.14960802,-0.16015086,-0.1553517,-0.14969471,-0.19704957,3.248792,-0.12479921,-0.10460003,-0.11361031,-0.10256614,-0.14968616,-0.19495486,-0.14965917,-0.12533827,-0.14951144,-0.041086134,-0.12967405,-0.14969322,0.8172757,-0.1496691,-0.10384405,-0.14809382,-0.0784167,-0.14953165,-0.12766197,-0.1495537,-0.121451,-0.075820275,-0.09192432,-0.101488546,-0.14938992,-0.15276727,-0.12378413,-0.14952415,-0.1410757,-0.13984437,-0.18093297,-0.14969608,-0.25777104,-0.12844054,-0.14959484,-0.13462572,-0.119081676,-0.14966267,-0.15287045,-0.15287232,-0.1528736,-0.19755594,-0.25103784,-0.20219928,-0.19465852,-0.24831252,-0.20506537,-0.22091979,-0.14967893,-0.12562577,-0.11956477,-0.14967349,-0.15286624,-0.20931396,-0.18224281,-0.14966378,-0.32474133,-0.14969394,-0.15287662,-0.15287538,-0.15287496,-0.2185038,-0.14966309,-0.114121355,-0.1496658,-0.15285914,-0.15286653,-0.22984435,-0.14968683,-0.15284699,-0.08963354,-0.14957163,-0.15282112,-0.15284085,-0.15284264,-0.13302092,-0.1051107,-0.14014931,-0.15141064,-0.15839578,-0.15615125,-0.14613561,-0.14968273,-0.12319561,-0.12599875,-0.14964157,-0.1528764,-0.15287587,-0.15287589,-0.15287647,-0.38518023,-0.11451449,-0.14965034,-0.15564899,-0.14443555,-0.16636807,-0.1496886,-0.15278839,-0.12993515,-0.047159404,-0.14293829,-0.14016809,-0.14106366,-0.14952515,-0.19987361,-0.1649412,-0.17166539,-0.14966366,-0.15282902,-0.12722544,-0.14610182,-0.2588673,-0.1257979,-0.14955193,-0.09132757,-0.12832497,-0.13684332,-0.16221203,-0.15659244,-0.1252103,-0.14940538,-0.15277025,-0.15282516,-0.152863,-0.15740095,-0.19795567,-0.15106063,-0.07294749,-0.2039893,-0.14965108,-0.15282376,-0.104459345,-0.14932704,-0.17466888,-0.13176009,-0.14965957,-0.15109587,-0.10913184,-0.14947699,-0.05825615,-0.14326635,-0.17082691,-0.14959021,-0.18883844,-0.14969519,-0.31316653,-0.14968406,-0.16808087,-0.14331596,-0.14968652,-0.1528725,2.2065368,-0.1496956,-0.22115314,-0.07562123,-0.086852394,-0.10702289,-0.060967896,-0.14210565,-0.16796505,-0.15746465,-0.22133875,-0.12812386,-0.0969081,-0.16398169,-0.12716047,-0.11335766,-0.18846886,-0.12599263,-0.17755464,-0.0994983,-0.115196005,-0.14959177,-0.11662802,-0.19749595,-0.14526704,-0.12781724,-0.096878245,-0.1495924,-0.15265384,-0.12434345,-0.11230643,-0.063823454,-0.14951403,-0.11419349,-0.10007019,1.1889611,-0.1496962,-0.15286317,-0.16344379,-0.1759062,-0.12524253,-0.14967963,-0.0782174,-0.19187105,-0.18185812,-0.09859173,-0.11065883,-0.14931317,-0.15251134,-0.083404,-0.1213824,-0.13072303,-0.13855581,-0.19385117,-0.14965391,-0.15286899,-0.19487974,1.6672397,-0.2432746,-0.12563792,-0.14946464,-0.15283647,-0.14520228,-0.2961179,-0.14969537,2.0362816,-0.12589218,-0.14962304,-0.060104962,-0.15931924,-0.14969334,-0.2028091,-0.2868003,-0.11816878,-0.14795661,-0.10060286,-0.14951694,-0.13614628,-0.20725825,-0.17393659,-0.125103,-0.15657571,-0.15690626,-0.14969176,-0.15287176,-0.16221246,-0.22200036,-0.12607044,-0.2814266,-0.14969668,-0.1915083,-0.24371436,-0.16952515,-0.14960022,-0.13369927,-0.12557748,-0.14968818,-0.18106565,-0.14969638,-0.18642783,-0.1496326,3.290922,-0.14956932,-0.14691104,-0.13029914,-0.14968166,-0.15285777,-0.18915205,-0.1259839,-0.14968741,-0.10481856,-0.1650517,-0.14968482,-0.15287402,-0.15284136,-0.12556803,-0.14957744,-0.1528354,-0.15282515,-0.15283819,-0.15284775,-0.16505513,-0.17392421,-0.14967972,-0.15286589,-0.15285432,-0.15286645,-0.2025511,-0.15354379,-0.14723541,-0.14854074,-0.11499533,-0.10471026,-0.11893196,-0.1496839,-0.15278704,-0.12594047,-0.19501048,-0.14969274,-0.18738703,-0.11705899,-0.17429145,-0.14968221,-0.06652963,-0.1494083,-0.10737923,-0.124497145,-0.15298569,-0.052188452,-0.26007295
k__Bacteria|p__Firmicutes|c__Erysipelotrichia|o__Erysipelotrichales|f__Erysipelotrichaceae|g__Erysipelatoclostridium|s__Clostridium_spiroforme,-0.1004395,-0.12316422,-0.14992875,-0.15317671,-0.15317696,-0.23867357,-0.1666669,-0.16813041,-0.10929718,-0.22895765,-0.23728925,-0.14993334,4.930487,3.6845174,-0.08556121,-0.14955515,-0.058144663,-0.14942674,-0.15311754,-0.19931981,-0.1978925,-0.1256385,-0.14989975,-0.12711628,-0.20043859,-0.11658599,-0.182019,-0.25032333,-0.1509206,-0.14990439,-0.15142563,-0.10844302,-0.18249588,-0.28454733,-0.14992091,-0.125807,-0.14993104,-0.22338755,-0.1499337,-0.29867563,-0.14993374,-0.29356226,-0.12518682,-0.1497929,-0.13691942,-0.14992844,4.817965,6.415817,4.0597916,-0.12581252,-0.24679694,-0.18279888,-0.25087595,-0.26027086,-0.28621647,-0.27511892,-0.11894142,-0.14985125,-0.040142577,-0.056944285,-0.14924288,-0.11274739,-0.13743341,-0.12570944,-0.14991298,-0.1531725,-0.15317675,-0.15317737,2.2510238,-0.14989677,-0.12570965,-0.16243835,-0.12334165,-0.14074792,-0.1499012,-0.15887658,-0.14481027,-0.12579307,-0.18691605,-0.14998752,-0.14992222,-0.15315655,-0.15316725,-0.15310678,-0.120334074,-0.13700745,-0.08858878,-0.14991659,-0.19008024,-0.1499272,-0.2004665,-0.11139822,-0.1388583,-0.13027036,-0.1074974,-0.15152657,-0.14983585,-0.1529081,-0.10065024,-0.08152827,-0.09427856,-0.14988273,-0.11960925,-0.15027548,-0.16982608,-0.1185138,-0.14989847,-0.15317097,-0.17738779,-0.15176103,-0.14992991,-0.25953975,-0.17989698,-0.13525523,-0.14992726,-0.15095688,-0.17780018,-0.2009549,-0.14990821,-0.09015879,-0.14964989,-0.12151222,-0.121854745,-0.13997786,-0.21433522,-0.13908121,-0.16057305,-0.14985977,-0.07092635,-0.14933729,-0.1524401,-0.18733518,-0.14968635,-0.12570101,-0.12334781,-0.14100276,-0.14988889,-0.114095174,-0.25318068,-0.26654312,-0.12505361,-0.10945694,-0.14988053,-0.09238048,-0.20963459,-0.14992747,-0.15309778,-0.1252793,-0.14986014,-0.16015086,-0.1553517,-0.1499316,-0.19704957,-0.20616047,-0.12476906,-0.10460003,-0.11361031,-0.10256614,-0.14992458,-0.19495486,-0.14990246,-0.1252212,-0.14978066,-0.041086134,-0.12967405,-0.14993039,-0.2300741,-0.1499106,-0.10384405,-0.14860618,-0.0784167,-0.149797,-0.12766197,-0.14981553,-0.121451,-0.075820275,-0.09192432,-0.101488546,-0.14968061,-0.153088,-0.12378413,-0.14978969,-0.1410757,-0.13984437,-0.18093297,-0.14993274,-0.25777104,-0.12844054,-0.1498492,-0.13462572,-0.119081676,-0.14990517,-0.15317294,-0.15317449,-0.15317553,-0.19755594,-0.25103784,-0.20219928,-0.19465852,-0.24831252,-0.20506537,-0.22091979,-0.14991865,-0.12546206,-0.11956477,-0.14991409,-0.15316951,-0.20931396,-0.18224281,-0.14990604,-0.32474133,-0.14993097,-0.15317802,-0.153177,-0.15317665,-0.2185038,-0.14990523,-0.114121355,-0.14990783,-0.15316372,-0.15316972,-0.22984435,-0.14992508,-0.15315318,-0.08963354,-0.14983022,-0.15313227,-0.15314864,-0.15315005,-0.13302092,-0.1051107,-0.14014931,-0.15141064,-0.15839578,-0.15615125,-0.14613561,-0.14992172,-0.12319561,-0.12576735,-0.14988807,-0.15317786,-0.15317741,-0.15317743,-0.1531779,3.615436,-0.11451449,-0.14989513,-0.15564899,-0.14443555,-0.16636807,-0.1499266,-0.15310572,-0.12993515,-0.047159404,-0.14439762,-0.14016809,-0.14106366,-0.14979236,-0.19987361,-0.1649412,-0.17166539,-0.14990607,-0.15313879,-0.12722544,-0.14610182,-0.2588673,-0.12560177,-0.14981401,-0.09132757,-0.12832497,-0.13684332,-0.16221203,-0.15659244,-0.12510058,-0.14969298,-0.15309045,-0.15313566,-0.15316679,-0.15740095,-0.19795567,-0.15106063,-0.07294749,-0.2039893,-0.14989579,-0.1531344,-0.104459345,-0.14962041,-0.17466888,-0.13176009,-0.14990264,-0.15109587,-0.10913184,-0.14975181,-0.05825615,-0.14326635,-0.17082691,-0.14984575,-0.18883844,-0.149932,4.2259846,-0.1499229,-0.16808087,-0.14331596,-0.14992487,-0.15317465,-0.25088155,-0.14993235,-0.22115314,-0.07562123,-0.086852394,-0.10702289,-0.060967896,-0.14371362,-0.16796505,-0.15746465,-0.22133875,-0.12812386,-0.0969081,-0.16398169,-0.12716047,-0.11335766,-0.18846886,-0.12576233,-0.17755464,-0.0994983,-0.115196005,-0.14984702,-0.11662802,-0.19749595,-0.14526704,-0.12781724,-0.096878245,-0.14984724,-0.15299462,-0.12434345,-0.11230643,-0.063823454,-0.14978264,-0.11419349,-0.10007019,-0.24483351,-0.14993283,-0.15316701,-0.16344379,-0.1759062,-0.12524253,-0.14991918,-0.0782174,-0.19187105,-0.18185812,-0.09859173,-0.11065883,-0.14961752,-0.15287748,-0.083404,-0.1213824,-0.13072303,-0.13855581,-0.19385117,-0.14989813,-0.15317175,-0.19487974,-0.23847799,-0.2432746,-0.12546586,-0.14974225,-0.15314502,-0.14520228,-0.2961179,-0.14993215,-0.19813283,-0.12567943,-0.14987268,-0.060104962,-0.15931924,-0.14993048,-0.2028091,-0.2868003,-0.11816878,-0.14795661,-0.10060286,-0.14978564,-0.13614628,-0.20725825,-0.17393659,-0.125103,-0.15657571,-0.15690626,-0.1499292,-0.15317401,1.8812562,4.1932025,-0.1258264,-0.2814266,-0.14993322,-0.1915083,-0.24371436,-0.16952515,-0.14985378,-0.13369927,-0.12557748,-0.14992625,-0.18106565,-0.14993298,-0.18642783,-0.14988069,-0.30462334,-0.14982879,-0.14691104,-0.13029914,-0.14992088,-0.1531625,-0.18915205,-0.12575495,-0.14992557,-0.10481856,-0.1650517,-0.14992349,-0.1531759,-0.15314914,-0.12540665,-0.14983511,-0.1531442,-0.15313569,-0.15314648,-0.15315416,-0.16505513,-0.17392421,-0.14991929,-0.15316918,-0.15315971,-0.15316966,-0.2025511,-0.15354379,-0.14723541,-0.1489866,-0.11499533,-0.10471026,-0.11893196,-0.1499227,-0.1531043,-0.125719,-0.19501048,-0.14993,-0.18738703,-0.11705899,-0.17429145,-0.14992128,-0.06652963,-0.1496954,-0.10737923,-0.124497145,-0.15298569,-0.052188452,-0.26007295
k__Bacteria|p__Firmicutes|c__Clostridia|o__Eubacteriales|f__Oscillospiraceae|g__Ruthenibacterium|s__Ruthenibacterium_lactatiformans,-0.1004395,-0.12316422,-0.14985329,-0.1530909,-0.15309115,-0.23867357,-0.1666669,-0.16813041,-0.10929718,-0.22895765,-0.23728925,-0.14985801,2.1659105,5.2476616,-0.08556121,-0.1494672,-0.058144663,-0.1493389,-0.15303001,-0.19931981,0.66124225,-0.12562475,-0.1498235,-0.12711628,-0.20043859,-0.11658599,-0.182019,1.5779566,-0.1509206,-0.1498281,-0.15142563,-0.10844302,-0.18249588,-0.28454733,-0.1498449,-0.12580824,-0.14985567,-0.22338755,-0.14985837,-0.29867563,-0.14985843,-0.29356226,-0.12513487,-0.14971262,-0.13691942,-0.14985299,-0.23188588,-0.24781659,-0.1296162,-0.12581395,-0.24679694,-0.18279888,-0.25087595,-0.26027086,-0.28621647,-0.27511892,-0.11894142,-0.14977348,-0.040142577,-0.056944285,-0.14914545,-0.11274739,-0.13743341,-0.12570074,-0.14983696,-0.15308657,-0.15309094,-0.15309158,-0.27573854,-0.14981894,-0.1257033,-0.16243835,-0.12334165,-0.14074792,-0.14982498,-0.15887658,-0.14481027,-0.12579337,-0.18691605,-0.14998752,-0.14984661,-0.15307015,-0.1530811,-0.15301582,-0.120334074,-0.13700745,-0.08858878,-0.1498408,-0.19008024,-0.14985171,-0.2004665,-0.11139822,-0.1388583,-0.13027036,-0.1074974,-0.15152657,-0.14975771,-0.15279171,-0.10065024,-0.08152827,-0.09427856,-0.149806,-0.11960925,-0.15027548,-0.16982608,-0.1185138,-0.14982203,-0.153085,-0.17738779,-0.15176103,-0.14985448,-0.25953975,-0.17989698,-0.13525523,-0.14985177,-0.15095688,-0.17780018,-0.2009549,-0.14983115,-0.09015879,-0.14956692,-0.12151222,-0.121854745,-0.13997786,-0.21433522,-0.13908121,-0.16057305,-0.14978239,-0.07092635,-0.14924332,-0.1523267,-0.18733518,-0.14959912,-0.1256888,-0.12334781,-0.14100276,-0.14981234,-0.114095174,-0.25318068,-0.26654312,-0.12494822,-0.10945694,-0.14980376,-0.09238048,-0.20963459,-0.14985198,-0.15300691,-0.12520987,-0.14978254,-0.16015086,-0.1553517,-0.14985622,-0.19704957,-0.20616047,-0.12464863,-0.10460003,-0.11361031,-0.10256614,-0.14984904,-0.19495486,-0.1498254,-0.12512413,-0.14970101,-0.041086134,-0.12967405,-0.14985496,-0.2300741,-0.14983404,-0.10384405,-0.14848793,-0.0784167,-0.14971751,-0.12766197,-0.1497368,-0.121451,-0.075820275,-0.09192432,-0.101488546,-0.14959744,-0.15299977,-0.12378413,-0.14970474,-0.1410757,-0.13984437,-0.18093297,-0.14985739,-0.25777104,-0.12844054,-0.14976841,-0.13462572,-0.119081676,-0.14982918,-0.15308703,-0.15308861,-0.1530897,-0.19755594,-0.25103784,-0.20219928,-0.19465852,-0.24831252,-0.20506537,-0.22091979,-0.14984266,-0.12540787,-0.11956477,-0.14983828,-0.15308346,-0.20931396,-0.18224281,-0.14982939,-0.32474133,-0.14985557,-0.15309224,-0.1530912,-0.15309085,-0.2185038,-0.14982863,-0.114121355,-0.14983168,-0.15307736,-0.15308368,-0.22984435,-0.14984956,-0.1530663,-0.08963354,-0.1497518,-0.15304542,-0.15306191,-0.1530636,-0.13302092,-0.1051107,-0.14014931,-0.15141064,-0.15839578,-0.15615125,-0.14613561,-0.14984614,-0.12319561,-0.12576613,-0.14981116,-0.15309207,-0.15309161,-0.15309162,-0.15309212,3.2016187,-0.11451449,-0.14981869,-0.15564899,-0.14443555,-0.16636807,-0.14985105,-0.15301648,-0.12993515,-0.047159404,-0.14412507,-0.14016809,-0.14106366,-0.14971282,-0.19987361,-0.1649412,-0.17166539,-0.14983001,-0.15305212,-0.12722544,-0.14610182,-0.2588673,-0.12557518,-0.14973497,-0.09132757,-0.12832497,-0.13684332,-0.16221203,-0.15659244,-0.124990866,-0.14960964,-0.15300213,-0.15304874,-0.15308072,-0.15740095,-0.19795567,-0.15106063,-0.07294749,-0.2039893,-0.14981923,-0.15304753,-0.104459345,-0.14948238,-0.17466888,-0.13176009,-0.14982663,-0.15109587,-0.10913184,-0.14966998,-0.05825615,-0.14326635,-0.17082691,-0.14976776,-0.18883844,-0.14985663,2.0361915,-0.14984709,-0.16808087,-0.14331596,-0.14984931,-0.15308876,-0.25088155,-0.14985698,-0.22115314,-0.07562123,-0.086852394,-0.10702289,-0.060967896,-0.14342073,-0.16796505,-0.15746465,-0.22133875,-0.12812386,-0.0969081,-0.16398169,-0.12716047,-0.11335766,-0.18846886,-0.1257596,-0.17755464,-0.0994983,-0.115196005,-0.14976907,-0.11662802,-0.19749595,-0.14526704,-0.12781724,-0.096878245,-0.14976978,-0.15290324,-0.12434345,-0.11230643,-0.063823454,-0.14970268,-0.11419349,-0.10007019,-0.24483351,-0.14985749,-0.15308063,-0.16344379,-0.1759062,-0.12524253,-0.14984351,-0.0782174,-0.19187105,-0.18185812,-0.09859173,-0.11065883,-0.14953314,-0.15278274,-0.083404,-0.1213824,-0.13072303,-0.13855581,-0.19385117,-0.14982161,-0.1530858,-0.19487974,-0.23847799,-0.2432746,-0.12543246,-0.14966112,-0.15305825,-0.14520228,-0.2961179,-0.1498568,-0.19813283,-0.12566717,-0.1497953,-0.060104962,-0.15931924,-0.14985508,-0.2028091,-0.2868003,-0.11816878,-0.14795661,-0.10060286,-0.14970544,-0.13614628,-0.20725825,-0.17393659,-0.125103,-0.15657571,-0.15690626,-0.14985374,-0.15308812,-0.16221246,-0.22200036,-0.12582844,-0.2814266,-0.14985788,-0.1915083,-0.24371436,-0.16952515,-0.1497733,-0.13369927,-0.12557748,-0.14985071,-0.18106565,-0.14985764,3.8034427,-0.14980257,5.1167116,-0.14974993,6.687961,7.048158,-0.14984518,-0.15307632,-0.18915205,-0.12575282,-0.14985004,-0.10481856,-0.1650517,-0.14984784,-0.15309006,-0.15306155,-0.1253474,-0.14975697,-0.15305725,-0.1530486,-0.15305965,-0.15306774,-0.16505513,-0.17392421,-0.14984351,-0.15308318,-0.1530734,-0.15308367,-0.2025511,-0.15354379,-0.14723541,-0.14887698,-0.11499533,-0.10471026,-0.11893196,-0.14984706,-0.15301448,-0.12571491,-0.19501048,-0.14985456,-0.18738703,-0.11705899,-0.17429145,-0.14984517,-0.06652963,-0.14961296,-0.10737923,-0.124497145,-0.15298569,-0.052188452,1.831861
k__Bacteria|p__Firmicutes|c__Clostridia|o__Eubacteriales|f__Peptostreptococcaceae|g__GGB4455|s__GGB4455_SGB5796,-0.1004395,-0.12316422,-0.14793645,-0.15102452,-0.15102485,-0.23867357,-0.1666669,-0.16813041,-0.10929718,-0.22895765,-0.23728925,-0.14794156,-0.22850217,-0.3768707,-0.08556121,-0.14751461,-0.058144663,-0.14736104,-0.15095823,-0.19931981,-0.1978925,-0.1248015,-0.14790344,-0.12711628,-0.20043859,-0.11658599,-0.182019,-0.25032333,-0.1509206,-0.14790896,-0.15142563,-0.10844302,-0.18249588,-0.28454733,-0.14792722,-0.12500118,-0.14793897,2.247343,-0.14794195,4.4473543,-0.14794204,-0.29356226,-0.12427518,-0.14778455,-0.13691942,-0.14793597,-0.23188588,-0.24781659,-0.1296162,-0.12500775,0.76582307,1.9168915,-0.25087595,-0.26027086,-0.28621647,0.88137585,-0.11894142,-0.14784884,-0.040142577,-0.056944285,-0.14716895,-0.11274739,-0.13743341,-0.12488784,-0.14791891,-0.15101975,-0.15102461,-0.1510253,-0.27573854,-0.1479004,-0.12488796,-0.16243835,-0.12334165,-0.14074792,-0.14790516,-0.15887658,-0.14481027,-0.124984376,-0.18691605,-0.14998752,-0.14792904,-0.15100184,-0.15101404,-0.1509435,-0.120334074,-0.13700745,-0.08858878,-0.1479226,-0.19008024,-0.14793462,-0.2004665,-0.11139822,-0.1388583,-0.13027036,-0.1074974,-0.15152657,-0.14783093,-0.1507058,-0.10065024,-0.08152827,-0.09427856,-0.14788401,-0.11960925,-0.15027548,4.93293,-0.1185138,-0.14790249,-0.15101802,-0.17738779,-0.15176103,-0.14793772,-0.25953975,-0.17989698,-0.13525523,-0.14793468,-0.15095688,-0.17780018,-0.2009549,-0.1479133,-0.09015879,-0.14761867,-0.12151222,-0.121854745,-0.13997786,-0.21433522,-0.13908121,-0.16057305,-0.14785787,-0.07092635,-0.14726771,-0.15020941,-0.18733518,-0.1476683,-0.124880955,-0.12334781,-0.14100276,-0.14789128,-0.114095174,-0.25318068,-0.26654312,-0.12411362,-0.10945694,-0.14788157,-0.09238048,3.3877227,-0.14793491,-0.1509358,-0.12438576,-0.14785945,-0.16015086,-0.1553517,-0.1479396,-0.19704957,-0.20616047,-0.12382166,-0.10460003,-0.11361031,-0.10256614,-0.14793158,-0.19495486,-0.14790538,-0.12432047,-0.1477673,-0.041086134,-0.12967405,-0.14793831,-0.2300741,-0.147915,-0.10384405,-0.14644268,-0.0784167,-0.14778844,-0.12766197,-0.14780825,-0.121451,-0.075820275,-0.09192432,-0.101488546,-0.14765546,-0.15092365,-0.12378413,-0.1477759,-0.1410757,-0.13984437,-0.18093297,-0.14794087,-0.25777104,-0.12844054,-0.14784467,-0.13462572,-0.119081676,-0.14790946,-0.15102032,-0.15102205,-0.15102324,-0.19755594,-0.25103784,-0.20219928,-0.19465852,-0.24831252,-0.20506537,-0.22091979,-0.14792502,-0.1245958,-0.11956477,-0.14791965,-0.15101641,-0.20931396,-0.18224281,-0.14791086,-0.32474133,-0.14793885,-0.15102604,-0.15102488,-0.15102446,-0.2185038,-0.14791037,-0.114121355,-0.1479133,-0.1510103,-0.15101668,-0.22984435,-0.14793217,-0.15099941,-0.08963354,-0.14782599,-0.15097387,-0.1509932,-0.15099406,-0.13302092,-0.1051107,-0.14014931,-0.15141064,-0.15839578,-0.15615125,-0.14613561,-0.14792824,-0.12319561,-0.12495579,-0.14789124,-0.15102583,-0.15102535,-0.15102535,-0.15102589,-0.38518023,-0.11451449,-0.1478985,-0.15564899,-0.14443555,-0.16636807,-0.14793405,-0.15094543,-0.12993515,-0.047159404,-0.14180258,-0.14016809,-0.14106366,-0.14778303,-0.19987361,-0.1649412,-0.17166539,-0.14791062,-0.15098101,-0.12722544,-0.14610182,-0.2588673,-0.124753974,-0.14780599,-0.09132757,-0.12832497,-0.13684332,-0.16221203,-0.15659244,-0.12418862,-0.14767262,-0.15092695,-0.1509779,-0.1510133,-0.15740095,-0.19795567,-0.15106063,-0.07294749,-0.2039893,-0.14789955,-0.15097618,-0.104459345,-0.14757311,-0.17466888,-0.13176009,-0.1479064,-0.15109587,-0.10913184,-0.14773728,-0.05825615,-0.14326635,-0.17082691,-0.14784324,-0.18883844,-0.14794008,-0.31316653,-0.14793012,-0.16808087,-0.14331596,-0.14793196,-0.15102232,-0.25088155,-0.14794049,-0.22115314,-0.07562123,-0.086852394,-0.10702289,-0.060967896,-0.14103004,-0.16796505,-0.15746465,-0.22133875,-0.12812386,-0.0969081,-0.16398169,-0.12716047,-0.11335766,-0.18846886,-0.12494831,3.9207997,2.9121122,2.8679454,-0.14784424,4.55893,3.8344004,-0.14526704,-0.12781724,-0.096878245,-0.14784335,-0.15081806,-0.12434345,-0.11230643,-0.063823454,-0.14777124,-0.11419349,-0.10007019,-0.24483351,-0.147941,-0.15101333,-0.16344379,-0.1759062,-0.12524253,-0.14792548,-0.0782174,-0.19187105,-0.18185812,-0.09859173,-0.11065883,-0.14758238,-0.15068522,-0.083404,-0.1213824,-0.13072303,-0.13855581,-0.19385117,-0.1479023,-0.15101892,-0.19487974,-0.23847799,-0.2432746,-0.12460892,-0.14772551,-0.150989,1.632864,-0.2961179,-0.14794023,-0.19813283,-0.12485093,-0.14787349,-0.060104962,-0.15931924,-0.14793839,-0.2028091,-0.2868003,-0.11816878,-0.14795661,-0.10060286,-0.14777575,-0.13614628,-0.20725825,-0.17393659,-0.125103,-0.15657571,-0.15690626,-0.14793693,-0.15102148,-0.16221246,-0.22200036,-0.12502368,5.099138,-0.14794144,4.787705,1.6510864,3.1259248,-0.14785069,-0.13369927,-0.12557748,-0.14793363,-0.18106565,-0.14794117,-0.18642783,-0.14788258,-0.30462334,-0.1478251,-0.14691104,-0.13029914,-0.14792754,-0.15100846,-0.18915205,-0.12493907,-0.14793275,-0.10481856,-0.1650517,-0.14793062,-0.15102366,-0.15099269,-0.1245279,-0.14782993,-0.15098831,-0.15097855,-0.15099084,-0.15099919,-0.16505513,-0.17392421,-0.14792585,-0.15101603,-0.15100545,-0.15101656,-0.2025511,-0.15354379,-0.14723541,-0.14689255,-0.11499533,-0.10471026,-0.11893196,-0.14792958,-0.15094188,-0.12489717,-0.19501048,-0.14793786,-0.18738703,-0.11705899,-0.17429145,-0.1479271,-0.06652963,-0.14767069,-0.10737923,-0.124497145,-0.15298569,-0.052188452,-0.26007295
k__Bacteria|p__Firmicutes|c__Erysipelotrichia|o__Erysipelotrichales|f__Erysipelotrichaceae|g__Solobacterium|s__Solobacterium_SGB6828,-0.1004395,-0.12316422,-0.14801419,-0.15113619,-0.15113652,-0.23867357,-0.1666669,-0.16813041,-0.10929718,-0.22895765,-0.23728925,-0.14801955,0.679607,-0.3768707,-0.08556121,-0.14756498,-0.058144663,-0.14740975,-0.15106657,-0.19931981,-0.1978925,-0.124609664,-0.14797968,-0.12711628,-0.20043859,-0.11658599,-0.182019,-0.25032333,-0.1509206,-0.14798558,2.4523878,1.2041025,-0.18249588,-0.28454733,-0.14800483,-0.12482686,-0.14801684,-0.22338755,-0.14801997,-0.29867563,-0.14802003,-0.29356226,-0.1240364,-0.14785531,-0.13691942,-0.14801373,-0.23188588,-0.24781659,-0.1296162,-0.1248339,-0.24679694,-0.18279888,-0.25087595,-0.26027086,-0.28621647,-0.27511892,-0.11894142,-0.14792198,-0.040142577,-0.056944285,-0.14720945,-0.11274739,-0.13743341,-0.124701366,-0.14799577,-0.1511312,-0.15113628,-0.151137,-0.27573854,-0.147976,-0.12470497,-0.16243835,-0.12334165,-0.14074792,-0.1479814,-0.15887658,-0.14481027,-0.124809146,-0.18691605,-0.14998752,-0.1480064,-0.15111238,-0.15112516,-0.15105346,-0.120334074,-0.13700745,-0.08858878,-0.14799967,-0.19008024,-0.14801228,-0.2004665,-0.11139822,-0.1388583,-0.13027036,-0.1074974,-0.15152657,-0.14790334,-0.15079892,-0.10065024,-0.08152827,-0.09427856,-0.14795923,-0.11960925,-0.15027548,-0.16982608,-0.1185138,-0.14797872,-0.1511294,2.2127192,2.974938,-0.14801553,1.2182968,-0.17989698,-0.13525523,-0.14801234,-0.15095688,-0.17780018,-0.2009549,-0.14799032,-0.09015879,-0.14768028,-0.12151222,-0.121854745,-0.13997786,-0.21433522,-0.13908121,-0.16057305,-0.1479317,-0.07092635,-0.1473109,-0.15028116,-0.18733518,-0.14773399,-0.124687806,-0.12334781,-0.14100276,-0.1479668,-0.114095174,-0.25318068,-0.26654312,-0.12381241,2.5015962,-0.14795664,-0.09238048,-0.20963459,-0.14801258,-0.15104541,-0.1241277,-0.14793324,-0.16015086,-0.1553517,-0.1480175,-0.19704957,-0.20616047,-0.12348519,-0.10460003,-0.11361031,-0.10256614,-0.14800909,-0.19495486,-0.14798245,-0.124028146,-0.14783676,-0.041086134,-0.12967405,-0.14801615,-0.2300741,-0.14799264,-0.10384405,-0.14643434,-0.0784167,-0.14785817,-0.12766197,-0.14787936,-0.121451,-0.075820275,-0.09192432,-0.101488546,-0.14771782,-0.15103017,-0.12378413,-0.14784935,-0.1410757,-0.13984437,-0.18093297,-0.14801884,-0.25777104,-0.12844054,-0.14791922,-0.13462572,-0.119081676,-0.14798583,-0.15113175,-0.1511336,-0.15113483,-0.19755594,1.3806472,1.1325396,-0.19465852,1.6775347,-0.20506537,-0.22091979,-0.14800245,-0.124358684,-0.11956477,-0.14799663,-0.15112773,-0.20931396,-0.18224281,-0.14798768,-0.32474133,-0.14801672,-0.15113775,-0.15113655,-0.15113613,-0.2185038,-0.1479871,-0.114121355,-0.1479899,-0.15112126,-0.151128,-0.22984435,-0.14800969,-0.15110959,-0.08963354,-0.1478979,-0.15108302,-0.1511033,-0.15110421,-0.13302092,-0.1051107,-0.14014931,-0.15141064,-0.15839578,-0.15615125,-0.14613561,-0.1480056,-0.12319561,-0.124778345,-0.14796679,-0.15113756,-0.15113705,-0.15113705,-0.15113762,-0.38518023,-0.11451449,-0.14797442,-0.15564899,-0.14443555,-0.16636807,-0.14801168,-0.15105438,-0.12993515,-0.047159404,-0.14158386,-0.14016809,-0.14106366,-0.14785334,-0.19987361,-0.1649412,-0.17166539,-0.14798713,-0.15109053,-0.12722544,-0.14610182,-0.2588673,-0.12454796,-0.14787668,-0.09132757,-0.12832497,-0.13684332,-0.16221203,-0.15659244,-0.12387412,-0.14773577,-0.15103361,-0.15108728,-0.15112442,-0.15740095,-0.19795567,-0.15106063,-0.07294749,0.6681109,-0.14797549,-0.15108529,0.7497152,-0.14760098,-0.17466888,-0.13176009,-0.14798272,-0.15109587,-0.10913184,-0.14780289,-0.05825615,-0.14326635,-0.17082691,-0.1479164,-0.18883844,-0.148018,1.1768719,-0.14800762,-0.16808087,-0.14331596,-0.14800952,-0.15113387,-0.25088155,-0.14801842,-0.22115314,-0.07562123,-0.086852394,-0.10702289,-0.060967896,-0.14077167,-0.16796505,-0.15746465,-0.22133875,-0.12812386,-0.0969081,-0.16398169,-0.12716047,-0.11335766,-0.18846886,-0.12476976,-0.17755464,-0.0994983,-0.115196005,-0.14791742,-0.11662802,-0.19749595,-0.14526704,-0.12781724,-0.096878245,-0.14791632,-0.15091881,-0.12434345,-0.11230643,-0.063823454,-0.14783992,-0.11419349,-0.10007019,-0.24483351,-0.14801896,-0.15112501,-0.16344379,-0.1759062,-0.12524253,-0.1480027,-0.0782174,-0.19187105,-0.18185812,-0.09859173,-0.11065883,-0.14764217,-0.1507797,-0.083404,-0.1213824,-0.13072303,-0.13855581,-0.19385117,-0.14797837,-0.15113032,-0.19487974,-0.23847799,-0.2432746,-0.12439078,-0.14779222,-0.15109897,-0.14520228,-0.2961179,-0.14801815,-0.19813283,-0.12466021,-0.147948,-0.060104962,-0.15931924,-0.14801624,-0.2028091,-0.2868003,-0.11816878,-0.14795661,-0.10060286,-0.1478455,-0.13614628,-0.20725825,-0.17393659,-0.125103,-0.15657571,-0.15690626,-0.1480147,-0.151133,-0.16221246,3.1143773,-0.124850765,2.382829,-0.14801943,-0.1915083,-0.24371436,-0.16952515,-0.1479263,-0.13369927,-0.12557748,-0.14801127,-0.18106565,-0.14801915,-0.18642783,-0.14795864,2.7975764,-0.14789744,-0.14691104,-0.13029914,-0.14800483,-0.1511193,-0.18915205,-0.124761134,-0.14801034,-0.10481856,-0.1650517,-0.14800808,-0.15113527,-0.15110403,-0.12428374,-0.14790225,-0.15109816,-0.15108785,-0.15110078,-0.15110949,-0.16505513,-0.17392421,-0.14800307,-0.15112725,-0.15111616,-0.15112783,-0.2025511,-0.15354379,-0.14723541,-0.14691955,-0.11499533,-0.10471026,-0.11893196,-0.14800698,-0.15105188,-0.124715306,-0.19501048,-0.1480157,-0.18738703,-0.11705899,-0.17429145,-0.14800537,-0.06652963,-0.14773418,-0.10737923,-0.124497145,-0.15298569,-0.052188452,-0.26007295
k__Bacteria|p__Firmicutes|c__Clostridia|o__Eubacteriales|f__Peptostreptococcaceae|g__Peptostreptococcus|s__Peptostreptococcus_anaerobius,-0.1004395,-0.12316422,-0.1501464,-0.15340017,-0.1534004,-0.23867357,-0.1666669,-0.16813041,-0.10929718,-0.22895765,-0.23728925,-0.15015067,-0.22850217,-0.3768707,-0.08556121,-0.14979553,-0.058144663,-0.14968166,-0.15334488,-0.19931981,-0.1978925,-0.12581751,-0.15011942,-0.12711628,-0.20043859,-0.11658599,-0.182019,-0.25032333,-0.1509206,-0.15012352,-0.15142563,-0.10844302,-0.18249588,-0.28454733,-0.1501387,-0.12598127,-0.15014856,4.1998878,-0.150151,1.4442463,-0.15015104,4.480831,-0.12538373,-0.15001847,-0.13691942,-0.15014613,-0.23188588,-0.24781659,-0.1296162,-0.12598634,4.4964733,-0.18279888,-0.25087595,-0.26027086,-0.28621647,2.1770103,-0.11894142,-0.1500741,-0.040142577,-0.056944285,-0.14950344,-0.11274739,-0.13743341,-0.12588628,-0.15013155,-0.15339628,-0.1534002,-0.15340078,-0.27573854,-0.15011525,-0.12588698,-0.16243835,-0.12334165,-0.14074792,-0.1501208,-0.15887658,-0.14481027,-0.12596792,-0.18691605,-0.14998752,-0.15014035,-0.15338138,-0.15339124,-0.1533316,-0.120334074,-0.13700745,-0.08858878,-0.15013511,-0.19008024,-0.15014498,-0.2004665,-0.11139822,-0.1388583,-0.13027036,-0.1074974,-0.15152657,-0.15005998,-0.15312512,-0.10065024,-0.08152827,-0.09427856,-0.15010366,-0.11960925,-0.15027548,-0.16982608,-0.1185138,-0.15011796,-0.15339483,-0.17738779,-0.15176103,-0.15014748,-0.25953975,-0.17989698,-0.13525523,-0.15014504,-0.15095688,-0.17780018,-0.2009549,-0.15012607,-0.09015879,-0.1498875,-0.12151222,-0.121854745,-0.13997786,-0.21433522,-0.13908121,-0.16057305,-0.15008235,-0.07092635,-0.14959288,-0.15270364,-0.18733518,-0.14991404,-0.12587743,-0.12334781,-0.14100276,-0.15010935,-0.114095174,-0.25318068,-0.26654312,-0.1252278,-0.10945694,-0.15010165,-0.09238048,-0.20963459,-0.15014523,-0.15332356,-0.12545732,-0.15008211,-0.16015086,-0.1553517,-0.15014905,-0.19704957,-0.20616047,-0.1249683,-0.10460003,-0.11361031,-0.10256614,-0.15014258,-0.19495486,-0.15012106,-0.12539124,-0.15000863,-0.041086134,-0.12967405,-0.15014789,-0.2300741,-0.15012896,-0.10384405,-0.14890583,-0.0784167,-0.15002322,-0.12766197,-0.15004095,-0.121451,-0.075820275,-0.09192432,-0.101488546,-0.14991486,-0.1533178,-0.12378413,-0.15000868,-0.1410757,-0.13984437,-0.18093297,-0.15015012,-0.25777104,-0.12844054,-0.15006918,-0.13462572,-0.119081676,-0.15012467,-0.15339667,-0.1533981,-0.15339908,-0.19755594,-0.25103784,-0.20219928,-0.19465852,-0.24831252,-0.20506537,-0.22091979,-0.15013671,-0.1256331,-0.11956477,-0.15013286,-0.15339343,-0.20931396,-0.18224281,-0.1501245,-0.32474133,-0.15014848,-0.1534014,-0.15340045,-0.15340012,-0.2185038,-0.15012372,-0.114121355,-0.15012671,-0.15338778,-0.15339363,-0.22984435,-0.15014306,-0.1533775,-0.08963354,-0.15005426,-0.15335912,-0.15337387,-0.15337555,-0.13302092,-0.1051107,-0.14014931,-0.15141064,-0.15839578,-0.15615125,-0.14613561,-0.15013996,-0.12319561,-0.12594369,-0.15010807,-0.15340123,-0.15340081,-0.15340084,-0.15340127,-0.38518023,-0.11451449,-0.15011504,-0.15564899,-0.14443555,-0.16636807,-0.15014435,-0.15333231,-0.12993515,-0.047159404,-0.14492728,-0.14016809,-0.14106366,-0.15001902,-0.19987361,-0.1649412,-0.17166539,-0.15012534,-0.15336525,-0.12722544,-0.14610182,-0.2588673,-0.12577593,-0.1500394,-0.09132757,-0.12832497,-0.13684332,-0.16221203,-0.15659244,-0.12527288,-0.149925,-0.15331984,-0.15336204,-0.15339096,-0.15740095,-0.19795567,-0.15106063,-0.07294749,0.69605917,-0.15011546,-0.15336108,-0.104459345,-0.14980122,-0.17466888,-0.13176009,-0.15012237,-0.15109587,-0.10913184,-0.14998019,-0.05825615,-0.14326635,-0.17082691,-0.15006882,-0.18883844,-0.15014942,-0.31316653,-0.15014073,-0.16808087,-0.14331596,-0.15014282,-0.15339822,-0.25088155,-0.15014973,-0.22115314,-0.07562123,-0.086852394,-0.10702289,-0.060967896,-0.14429213,-0.16796505,-0.15746465,3.7763789,-0.12812386,-0.0969081,4.8445454,-0.12716047,2.5763242,-0.18846886,-0.125938,-0.17755464,-0.0994983,-0.115196005,-0.15007007,-0.11662802,-0.19749595,-0.14526704,-0.12781724,-0.096878245,-0.15007101,-0.1532304,-0.12434345,-0.11230643,-0.063823454,-0.15001002,-0.11419349,-0.10007019,-0.24483351,-0.15015021,-0.1533908,-0.16344379,-0.1759062,-0.12524253,-0.15013757,-0.0782174,-0.19187105,-0.18185812,1.0290316,-0.11065883,-0.14985678,-0.1531212,-0.083404,-0.1213824,-0.13072303,-0.13855581,-0.19385117,-0.1501176,-0.15339556,-0.19487974,-0.23847799,-0.2432746,-0.1256528,-0.14997244,-0.15337054,-0.14520228,-0.2961179,-0.15014958,-0.19813283,-0.12585637,-0.15009376,-0.060104962,-0.15931924,-0.150148,-0.2028091,-0.2868003,-0.11816878,-0.14795661,-0.10060286,-0.15001222,-0.13614628,-0.20725825,-0.17393659,-0.125103,-0.15657571,-0.15690626,-0.1501468,-0.15339766,-0.16221246,-0.22200036,-0.12599939,6.4366393,-0.15015057,-0.1915083,-0.24371436,-0.16952515,-0.15007326,-0.13369927,-0.12557748,-0.15014404,-0.18106565,-0.15015036,-0.18642783,-0.15009995,-0.30462334,-0.1500524,-0.14691104,-0.13029914,-0.15013908,-0.153387,-0.18915205,-0.12593159,-0.15014347,-0.10481856,-0.1650517,-0.15014143,-0.15339941,-0.15337342,-0.12558344,-0.15005934,-0.1533696,-0.15336183,-0.15337177,-0.1533792,-0.16505513,-0.17392421,-0.15013751,-0.1533932,-0.1533843,-0.15339363,-0.2025511,-0.15354379,-0.14723541,-0.14925708,-0.11499533,-0.10471026,-0.11893196,-0.15014076,-0.15333042,-0.12589766,-0.19501048,-0.15014753,-0.18738703,-0.11705899,-0.17429145,-0.15013897,-0.06652963,-0.14992872,-0.10737923,-0.124497145,-0.15298569,-0.052188452,-0.26007295
k__Bacteria|p__Firmicutes|c__Clostridia|o__Eubacteriales|f__Lachnospiraceae|g__Lachnoclostridium|s__Clostridium_scindens,-0.1004395,-0.12316422,-0.14829966,-0.15144926,-0.15144944,-0.23867357,-0.1666669,-0.16813041,-0.10929718,-0.22895765,-0.23728925,-0.14830261,-0.22850217,-0.3768707,-0.08556121,-0.14804882,-0.058144663,-0.14796476,-0.15141076,-0.19931981,-0.1978925,-0.12478194,-0.1482806,-0.12711628,-0.20043859,-0.11658599,-0.182019,-0.25032333,-0.1509206,-0.14828396,-0.15142563,-0.10844302,-0.18249588,-0.28454733,-0.14829457,-0.12490635,-0.14830112,3.3864608,-0.14830285,4.093536,-0.14830288,4.414594,-0.1244555,-0.14821225,-0.13691942,-0.1482994,-0.23188588,-0.24781659,-0.1296162,-0.12491033,-0.24679694,-0.18279888,-0.25087595,-0.26027086,-0.28621647,-0.27511892,-0.11894142,-0.14824843,-0.040142577,-0.056944285,-0.14785579,-0.11274739,-0.13743341,-0.12483482,-0.14828947,-0.15144652,-0.15144931,-0.15144971,-0.27573854,-0.14827783,-0.12483704,-0.16243835,-0.12334165,-0.14074792,-0.14828154,-0.15887658,-0.14481027,-0.12489639,-0.18691605,-0.14998752,-0.14829531,-0.15143608,-0.15144315,-0.15140337,-0.120334074,-0.13700745,-0.08858878,-0.14829162,-0.19008024,-0.14829859,-0.2004665,-0.11139822,-0.1388583,-0.13027036,-0.1074974,-0.15152657,-0.14823836,-0.15125237,-0.10065024,-0.08152827,-0.09427856,-0.1482693,-0.11960925,-0.15027548,-0.16982608,-0.1185138,-0.14828007,-0.15144551,-0.17738779,-0.15176103,-0.14830041,-0.25953975,-0.17989698,-0.13525523,-0.14829864,-0.15095688,-0.17780018,-0.2009549,-0.14828648,-0.09015879,-0.14811486,-0.12151222,-0.121854745,-0.13997786,-0.21433522,-0.13908121,-0.16057305,-0.148254,-0.07092635,-0.14790958,-0.15097761,-0.18733518,-0.14814451,-0.12482682,-0.12334781,-0.14100276,-0.14827347,-0.114095174,-0.25318068,-0.26654312,-0.124292545,-0.10945694,-0.14826787,-0.09238048,-0.20963459,-0.14829876,-0.1513991,-0.12449725,-0.1482549,-0.16015086,-0.1553517,-0.1483015,-0.19704957,-0.20616047,-0.12409027,-0.10460003,-0.11361031,-0.10256614,-0.14829683,1.2194005,-0.14828229,-0.12442799,-0.14820156,-0.041086134,-0.12967405,-0.14830074,4.8673368,-0.14828801,-0.10384405,-0.1474174,-0.0784167,-0.14821307,-0.12766197,-0.14822513,-0.121451,-0.075820275,-0.09192432,-0.101488546,-0.1481354,-0.15139063,-0.12378413,-0.14820473,-0.1410757,-0.13984437,-0.18093297,-0.14830224,-0.25777104,-0.12844054,-0.1482453,-0.13462572,-0.119081676,-0.14828396,-0.15144682,-0.15144782,-0.1514485,-0.19755594,-0.25103784,-0.20219928,-0.19465852,-0.24831252,-0.20506537,-0.22091979,-0.14829314,-0.12463409,-0.11956477,-0.14828995,-0.15144458,-0.20931396,-0.18224281,-0.14828494,-0.32474133,-0.14830106,-0.15145013,-0.15144947,-0.15144922,-0.2185038,-0.1482841,-0.114121355,-0.1482862,-0.15144102,-0.15144472,-0.22984435,-0.14829715,-0.15143418,-0.08963354,-0.14823526,-0.15141982,-0.1514311,-0.15143158,-0.13302092,-0.1051107,-0.14014931,-0.15141064,-0.15839578,-0.15615125,-0.14613561,-0.1482949,-0.12319561,-0.12487969,-0.14827353,-0.15145002,-0.15144974,-0.15144974,-0.15145004,4.1928816,-0.11451449,-0.14827771,-0.15564899,-0.14443555,-0.16636807,-0.1482983,-0.15140426,-0.12993515,-0.047159404,-0.14475843,-0.14016809,-0.14106366,-0.1482109,-0.19987361,-0.1649412,-0.17166539,-0.1482847,-0.15142405,-0.12722544,-0.14610182,-0.2588673,-0.12474174,-0.1482234,-0.09132757,-0.12832497,-0.13684332,-0.16221203,-0.15659244,-0.124314286,-0.14814459,-0.15139244,-0.15142222,-0.15144274,-0.15740095,-0.19795567,-0.15106063,-0.07294749,-0.2039893,-0.14827825,-0.15142098,-0.104459345,-0.14802076,-0.17466888,-0.13176009,-0.14828227,-0.15109587,-0.10913184,-0.14818174,-0.05825615,-0.14326635,-0.17082691,-0.14824563,-0.18883844,-0.14830175,-0.31316653,-0.148296,-0.16808087,-0.14331596,-0.14829709,-0.15144798,-0.25088155,-0.14830199,-0.22115314,-0.07562123,-0.086852394,5.5763764,4.01773,-0.14430621,5.995658,3.4798977,-0.22133875,-0.12812386,-0.0969081,-0.16398169,-0.12716047,-0.11335766,-0.18846886,-0.12487437,-0.17755464,-0.0994983,-0.115196005,-0.14824623,-0.11662802,-0.19749595,-0.14526704,-0.12781724,-0.096878245,-0.14824544,-0.15132883,-0.12434345,-0.11230643,-0.063823454,-0.14820296,-0.11419349,-0.10007019,-0.24483351,-0.14830229,-0.15144321,-0.16344379,-0.1759062,-0.12524253,-0.1482933,-0.0782174,-0.19187105,-0.18185812,-0.09859173,-0.11065883,-0.14809376,-0.15125214,-0.083404,-0.1213824,-0.13072303,-0.13855581,-0.19385117,-0.14827988,-0.15144601,3.0197976,-0.23847799,-0.2432746,-0.12465048,-0.14817679,-0.15142867,-0.14520228,-0.2961179,-0.14830185,2.264673,-0.12481009,-0.14826302,-0.060104962,-0.15931924,-0.1483008,-0.2028091,-0.2868003,-0.11816878,-0.14795661,-0.10060286,-0.14820656,-0.13614628,-0.20725825,1.6744201,-0.125103,-0.15657571,-0.15690626,-0.14829993,-0.15144749,-0.16221246,-0.22200036,-0.1249197,-0.2814266,-0.14830256,-0.1915083,-0.24371436,-0.16952515,-0.14825076,-0.13369927,-0.12557748,-0.14829804,-0.18106565,-0.1483024,-0.18642783,-0.14826894,-0.30462334,-0.14823526,-0.14691104,-0.13029914,-0.14829451,-0.15143993,-0.18915205,-0.12486947,-0.14829752,-0.10481856,-0.1650517,-0.1482963,-0.15144876,-0.15143174,-0.12458405,-0.1482378,-0.15142828,-0.15142249,-0.1514297,-0.15143445,-0.16505513,-0.17392421,-0.14829352,-0.15144433,-0.1514382,-0.15144464,-0.2025511,-0.15354379,-0.14723541,-0.14769617,-0.11499533,-0.10471026,-0.11893196,-0.14829567,-0.15140289,-0.12484348,-0.19501048,-0.1483005,-0.18738703,-0.11705899,-0.17429145,-0.14829493,-0.06652963,-0.14814448,-0.10737923,-0.124497145,-0.15298569,-0.052188452,-0.26007295
k__Bacteria|p__Firmicutes|c__Clostridia|o__Eubacteriales|f__Oscillospiraceae|g__Faecalibacterium|s__Faecalibacterium_prausnitzii,-0.1004395,-0.12316422,-0.14810227,-0.15125284,-0.1512528,-0.23867357,-0.1666669,-0.16813041,-0.10929718,-0.22895765,-0.23728925,-0.14810206,-0.22850217,-0.3768707,-0.08556121,-0.14809978,-0.058144663,-0.1481335,-0.15125507,-0.19931981,-0.1978925,-0.12468779,-0.14810377,-0.12711628,-0.20043859,6.7478094,7.341946,7.3797784,-0.1509206,-0.14810319,-0.15142563,-0.10844302,-0.18249588,-0.28454733,-0.1481019,-0.124700226,-0.14810221,-0.22338755,-0.14810206,-0.29867563,-0.14810205,-0.29356226,-0.12464842,-0.14810628,-0.13691942,-0.14810237,5.6577153,2.8372478,-0.1296162,-0.12470034,-0.24679694,-0.18279888,-0.25087595,-0.26027086,-0.28621647,-0.27511892,-0.11894142,-0.14810535,-0.040142577,-0.056944285,-0.14813405,-0.11274739,-0.13743341,-0.124692954,-0.14810279,-0.1512531,-0.1512528,-0.15125278,-0.27573854,-0.14810005,-0.12469497,-0.16243835,-0.12334165,-0.14074792,-0.14810401,-0.15887658,-0.14481027,-0.124699675,-0.18691605,-0.14998752,-0.14810264,-0.15125385,-0.1512531,-0.15124732,-0.120334074,-0.13700745,-0.08858878,-0.14810303,-0.19008024,-0.14810243,-0.2004665,-0.11139822,-0.1388583,-0.13027036,-0.1074974,-0.15152657,-0.14810783,-0.15121216,-0.10065024,-0.08152827,-0.09427856,-0.14810485,-0.11960925,-0.15027548,-0.16982608,-0.1185138,-0.14810327,-0.1512531,-0.17738779,-0.15176103,-0.14810224,-0.25953975,-0.17989698,-0.13525523,-0.14810243,-0.15095688,-0.17780018,7.3265743,-0.14810044,-0.09015879,-0.14811887,-0.12151222,-0.121854745,-0.13997786,-0.21433522,-0.13908121,-0.16057305,-0.14810614,-0.07092635,-0.14812249,-0.15127417,-0.18733518,-0.14810055,-0.124684736,-0.12334781,-0.14100276,-0.14810455,-0.114095174,-0.25318068,-0.26654312,-0.124526486,-0.10945694,-0.1481052,-0.09238048,-0.20963459,-0.14810245,-0.15124896,-0.12460174,-0.14810428,-0.16015086,-0.1553517,-0.14810216,-0.19704957,-0.20616047,-0.124447405,-0.10460003,-0.11361031,-0.10256614,-0.14810269,-0.19495486,-0.14810184,-0.124546185,-0.14810997,-0.041086134,-0.12967405,-0.14810215,-0.2300741,-0.14810185,-0.10384405,-0.1481246,-0.0784167,-0.14810622,-0.12766197,-0.14810818,-0.121451,-0.075820275,-0.09192432,-0.101488546,-0.14811403,-0.15125802,-0.12378413,-0.14808324,-0.1410757,-0.13984437,-0.18093297,-0.1481021,-0.25777104,-0.12844054,-0.14809693,-0.13462572,-0.119081676,-0.14810392,-0.15125299,-0.15125293,-0.15125287,6.4684825,-0.25103784,-0.20219928,-0.19465852,-0.24831252,-0.20506537,-0.22091979,-0.14810202,-0.124635756,-0.11956477,-0.14810327,-0.15125316,-0.20931396,-0.18224281,-0.14810129,-0.32474133,-0.14810225,-0.15125275,-0.1512528,-0.15125284,-0.2185038,-0.14809963,-0.114121355,-0.14810273,-0.15125299,-0.1512531,-0.22984435,-0.14810261,-0.15124997,-0.08963354,-0.14810574,-0.15125579,-0.151254,-0.15125474,-0.13302092,-0.1051107,-0.14014931,-0.15141064,-0.15839578,-0.15615125,-0.14613561,-0.14810292,-0.12319561,-0.124700725,-0.14810383,-0.15125275,-0.15125278,-0.15125278,-0.15125275,5.47419,-0.11451449,-0.14810409,-0.15564899,-0.14443555,-0.16636807,-0.14810237,-0.15125254,-0.12993515,-0.047159404,-0.14829448,-0.14016809,-0.14106366,-0.14810957,-0.19987361,-0.1649412,-0.17166539,-0.14810371,-0.15125576,-0.12722544,-0.14610182,-0.2588673,-0.12466349,-0.14810759,-0.09132757,-0.12832497,-0.13684332,-0.16221203,-0.15659244,-0.1244507,-0.14810641,-0.15125707,-0.15125513,-0.15125334,-0.15740095,-0.19795567,-0.15106063,-0.07294749,-0.2039893,-0.14810362,-0.15125549,-0.104459345,-0.14797294,-0.17466888,-0.13176009,-0.14810434,-0.15109587,-0.10913184,-0.14810422,-0.05825615,-0.14326635,-0.17082691,-0.14810637,-0.18883844,-0.14810212,4.3348756,-0.14810207,-0.16808087,-0.14331596,-0.14810255,-0.15125287,-0.25088155,-0.14810209,-0.22115314,-0.07562123,-0.086852394,-0.10702289,-0.060967896,-0.1483354,-0.16796505,-0.15746465,-0.22133875,-0.12812386,-0.0969081,-0.16398169,-0.12716047,-0.11335766,-0.18846886,-0.12469874,-0.17755464,-0.0994983,-0.115196005,-0.14810634,-0.11662802,-0.19749595,-0.14526704,-0.12781724,-0.096878245,-0.14810708,-0.15126148,-0.12434345,-0.11230643,-0.063823454,-0.14810799,-0.11419349,-0.10007019,-0.24483351,-0.1481021,-0.15125242,-0.16344379,-0.1759062,-0.12524253,-0.148103,-0.0782174,-0.19187105,-0.18185812,-0.09859173,-0.11065883,-0.14811978,-0.15126827,-0.083404,-0.1213824,-0.13072303,-0.13855581,-0.19385117,-0.14810342,-0.1512531,-0.19487974,-0.23847799,5.054379,-0.124652594,-0.1481112,-0.15125418,-0.14520228,-0.2961179,-0.14810215,-0.19813283,-0.124684125,-0.14810413,-0.060104962,-0.15931924,-0.14810218,6.4020686,4.5466447,-0.11816878,-0.14795661,-0.10060286,-0.1481082,-0.13614628,-0.20725825,-0.17393659,-0.125103,-0.15657571,-0.15690626,-0.14810225,-0.15125296,-0.16221246,-0.22200036,-0.124700025,-0.2814266,-0.14810206,-0.1915083,-0.24371436,-0.16952515,-0.14809689,-0.13369927,-0.12557748,-0.14810237,-0.18106565,-0.14810209,-0.18642783,-0.14810053,-0.30462334,-0.14810637,-0.14691104,-0.13029914,-0.14810276,-0.1512537,-0.18915205,-0.12469949,-0.14810246,-0.10481856,-0.1650517,-0.14810246,-0.15125284,-0.15125144,-0.12462096,-0.14810774,-0.151254,-0.1512546,-0.15125391,-0.15125367,-0.16505513,-0.17392421,-0.14810267,-0.15125331,-0.15125373,-0.15125325,-0.2025511,-0.15354379,-0.14723541,-0.14813414,-0.11499533,-0.10471026,-0.11893196,-0.14810258,-0.15125006,-0.124700025,-0.19501048,-0.14810216,-0.18738703,-0.11705899,-0.17429145,-0.14810103,-0.06652963,-0.148112,-0.10737923,-0.124497145,-0.15298569,-0.052188452,4.2099285
k__Bacteria|p__Firmicutes|c__Clostridia|o__Eubacteriales|f__Lachnospiraceae|g__GGB79634|s__GGB79634_SGB5832,-0.1004395,-0.12316422,-0.1480297,-0.15114653,-0.15114671,-0.23867357,-0.1666669,-0.16813041,-0.10929718,-0.22895765,-0.23728925,-0.14803268,-0.22850217,-0.3768707,-0.08556121,-0.14776915,-0.058144663,-0.14769077,-0.1511076,-0.19931981,-0.1978925,-0.12475295,-0.14801052,-0.12711628,-0.20043859,-0.11658599,-0.182019,-0.25032333,-0.1509206,-0.14801389,-0.15142563,-0.10844302,-0.18249588,-0.28454733,-0.14802438,-0.12487963,-0.14803118,-0.22338755,-0.14803292,-0.29867563,-0.14803295,-0.29356226,-0.12439905,-0.14794108,-0.13691942,-0.14802946,-0.23188588,-0.24781659,-0.1296162,-0.124883756,-0.24679694,-0.18279888,-0.25087595,-0.26027086,-0.28621647,-0.27511892,-0.11894142,-0.14797801,-0.040142577,-0.056944285,-0.14758256,-0.11274739,-0.13743341,-0.124807015,-0.14801943,-0.15114376,-0.15114656,-0.15114698,-0.27573854,-0.14800808,-0.124807715,-0.16243835,-0.12334165,-0.14074792,-0.14801154,-0.15887658,-0.14481027,-0.12486914,-0.18691605,-0.14998752,-0.14802538,-0.15113333,-0.1511404,-0.15109895,-0.120334074,-0.13700745,-0.08858878,-0.14802164,-0.19008024,-0.14802866,-0.2004665,-0.11139822,-0.1388583,-0.13027036,-0.1074974,-0.15152657,-0.14796816,-0.15093647,-0.10065024,-0.08152827,-0.09427856,-0.14799912,-0.11960925,-0.15027548,-0.16982608,-0.1185138,-0.14800996,-0.15114278,-0.17738779,-0.15176103,-0.14803046,-0.25953975,-0.17989698,-0.13525523,-0.14802869,-0.15095688,-0.17780018,-0.2009549,-0.14801617,-0.09015879,-0.1478433,-0.12151222,-0.121854745,-0.13997786,-0.21433522,-0.13908121,-0.16057305,-0.14798382,-0.07092635,-0.14763254,-0.15066993,-0.18733518,-0.14787218,-0.12479384,-0.12334781,-0.14100276,-0.14800337,-0.114095174,-0.25318068,0.5551438,-0.12426575,-0.10945694,-0.14799772,-0.09238048,-0.20963459,-0.14802882,-0.15109658,-0.124448806,-0.14798425,-0.16015086,-0.1553517,-0.14803156,-0.19704957,-0.20616047,-0.12406889,-0.10460003,-0.11361031,-0.10256614,-0.14802688,-0.19495486,-0.1480121,-0.12440677,-0.14793052,-0.041086134,-0.12967405,-0.14803082,-0.2300741,-0.14801812,-0.10384405,-0.14712662,-0.0784167,-0.14794213,-0.12766197,-0.14795446,-0.121451,-0.075820275,-0.09192432,-0.101488546,-0.14786348,-0.15108743,-0.12378413,-0.14792556,-0.1410757,-0.13984437,-0.18093297,-0.14803231,-0.25777104,-0.12844054,-0.14797541,-0.13462572,-0.119081676,-0.14801392,-0.15114406,-0.15114507,-0.15114579,-0.19755594,4.2562714,-0.20219928,-0.19465852,-0.24831252,6.129442,7.1337566,-0.14802316,-0.124593824,-0.11956477,-0.14801997,-0.15114185,3.7398956,-0.18224281,-0.14801434,-0.32474133,-0.14803112,-0.1511474,-0.15114674,-0.1511465,-0.2185038,-0.14801383,-0.114121355,-0.14801612,-0.15113822,-0.15114197,-0.22984435,-0.14802724,-0.15113062,-0.08963354,-0.14796448,-0.151117,-0.15112829,-0.1511288,-0.13302092,-0.1051107,-0.14014931,-0.15141064,-0.15839578,-0.15615125,-0.14613561,-0.14802495,-0.12319561,-0.12485255,-0.14800334,-0.1511473,-0.15114701,-0.15114701,-0.15114734,-0.38518023,-0.11451449,-0.14800766,1.9280076,-0.14443555,-0.16636807,-0.1480283,-0.15110122,-0.12993515,-0.047159404,-0.14444858,-0.14016809,-0.14106366,-0.14794043,-0.19987361,-0.1649412,-0.17166539,-0.14801472,-0.15112126,-0.12722544,-0.14610182,-0.2588673,-0.12471283,-0.1479528,-0.09132757,-0.12832497,-0.13684332,-0.16221203,-0.15659244,-0.124295235,-0.1478726,-0.15108936,-0.15111934,-0.15114,-0.15740095,-0.19795567,0.9914262,-0.07294749,2.1099684,-0.14800814,-0.15111825,-0.104459345,-0.1477552,-0.17466888,-0.13176009,-0.14801231,-0.15109587,-0.10913184,-0.14791054,-0.05825615,-0.14326635,-0.17082691,-0.14797533,-0.18883844,-0.1480318,-0.31316653,-0.14802602,-0.16808087,-0.14331596,-0.14802712,-0.15114525,-0.25088155,-0.14803204,-0.22115314,-0.07562123,-0.086852394,-0.10702289,-0.060967896,-0.14400183,-0.16796505,-0.15746465,2.31136,-0.12812386,-0.0969081,-0.16398169,-0.12716047,-0.11335766,-0.18846886,-0.124846935,-0.17755464,-0.0994983,-0.115196005,-0.14797586,-0.11662802,-0.19749595,-0.14526704,-0.12781724,-0.096878245,-0.14797518,-0.15102538,-0.12434345,-0.11230643,-0.063823454,-0.14793178,-0.11419349,-0.10007019,-0.24483351,-0.14803237,-0.15114047,-0.16344379,-0.1759062,-0.12524253,-0.14802334,-0.0782174,-0.19187105,-0.18185812,-0.09859173,-0.11065883,-0.14782238,-0.15094778,-0.083404,-0.1213824,-0.13072303,-0.13855581,-0.19385117,-0.1480098,-0.15114328,-0.19487974,-0.23847799,-0.2432746,-0.12463326,-0.1479059,-0.15112585,-0.14520228,-0.2961179,-0.1480319,-0.19813283,-0.12478189,-0.14799272,-0.060104962,-0.15931924,-0.14803085,-0.2028091,-0.2868003,-0.11816878,-0.14795661,-0.10060286,-0.14793575,-0.13614628,-0.20725825,-0.17393659,-0.125103,-0.15657571,-0.15690626,-0.14802998,-0.15114477,-0.16221246,-0.22200036,-0.12489328,-0.2814266,-0.1480326,3.8174834,2.6223605,-0.16952515,-0.14797959,-0.13369927,-0.12557748,-0.14802808,-0.18106565,-0.14803246,-0.18642783,-0.14799821,0.5044545,-0.1479648,-0.14691104,-0.13029914,-0.14802453,-0.1511372,-0.18915205,-0.12484213,-0.14802757,-0.10481856,-0.1650517,-0.1480263,-0.15114602,-0.15112889,-0.124570966,-0.1479674,-0.15112537,-0.15111956,-0.15112683,-0.1511316,-0.16505513,-0.17392421,-0.14802352,-0.15114158,-0.15113541,-0.15114191,-0.2025511,-0.15354379,-0.14723541,-0.14742064,-0.11499533,-0.10471026,-0.11893196,-0.14802569,-0.1510988,-0.1248148,-0.19501048,-0.14803055,-0.18738703,-0.11705899,-0.17429145,-0.1480249,-0.06652963,-0.14787184,-0.10737923,-0.124497145,-0.15298569,-0.052188452,-0.26007295
k__Bacteria|p__Firmicutes|c__Bacilli|o__Lactobacillales|f__Enterococcaceae|g__Enterococcus|s__Enterococcus_casseliflavus,-0.1004395,-0.12316422,-0.14802568,-0.1511715,-0.15117174,-0.23867357,-0.1666669,-0.16813041,-0.10929718,-0.22895765,-0.23728925,-0.1480294,-0.22850217,-0.3768707,-0.08556121,-0.14771345,-0.058144663,-0.14761293,-0.15112326,-0.19931981,-0.1978925,-0.124515235,-0.148002,-0.12711628,-0.20043859,-0.11658599,-0.182019,-0.25032333,-0.1509206,-0.1480059,-0.15142563,-0.10844302,-0.18249588,-0.28454733,-0.1480192,-0.12466122,-0.14802754,-0.22338755,-0.14802969,-0.29867563,-0.14802974,-0.29356226,-0.12411749,-0.14791518,-0.13691942,-0.14802541,-0.23188588,-0.24781659,-0.1296162,-0.124666005,1.9136187,-0.18279888,-0.25087595,-0.26027086,-0.28621647,-0.27511892,-0.11894142,-0.14796218,-0.040142577,-0.056944285,-0.1474685,-0.11274739,-0.13743341,-0.124576725,-0.14801286,-0.15116808,-0.15117157,-0.15117206,-0.27573854,-0.14799896,-0.124577805,-0.16243835,-0.12334165,-0.14074792,-0.14800322,-0.15887658,-0.14481027,-0.1246493,1.8794696,-0.14998752,-0.14802034,-0.15115511,-0.15116383,-0.15111333,-0.120334074,-0.13700745,-0.08858878,-0.14801574,-0.19008024,-0.14802441,-0.2004665,-0.11139822,-0.1388583,-0.13027036,-0.1074974,-0.15152657,-0.14794978,-0.15093319,-0.10065024,-0.08152827,-0.09427856,-0.14798802,-0.11960925,-0.15027548,-0.16982608,-0.1185138,-0.14800106,-0.15116686,-0.17738779,-0.15176103,-0.14802662,-0.25953975,-0.17989698,-0.13525523,-0.14802444,-0.15095688,-0.17780018,-0.2009549,-0.14800875,-0.09015879,-0.14779714,-0.12151222,-0.121854745,-0.13997786,-0.21433522,-0.13908121,-0.16057305,-0.14796919,-0.07092635,-0.14753953,-0.15057436,-0.18733518,-0.14782837,-0.124565914,-0.12334781,-0.14100276,-0.14799315,-0.114095174,-0.25318068,-0.26654312,-0.123981535,-0.10945694,-0.14798626,-0.09238048,-0.20963459,-0.14802462,-0.15110734,-0.12418303,-0.14796954,-0.16015086,-0.1553517,-0.14802799,-0.19704957,-0.20616047,-0.12374719,-0.10460003,-0.11361031,-0.10256614,-0.14802226,-0.19495486,-0.148004,-0.124129266,-0.14790416,-0.041086134,-0.12967405,-0.14802703,-0.2300741,-0.14801091,-0.10384405,-0.14693125,-0.0784167,-0.14791769,-0.12766197,-0.14793304,-0.121451,-0.075820275,-0.09192432,-0.101488546,-0.14782196,-0.15109888,-0.12378413,-0.1479063,3.718745,1.5273073,-0.18093297,-0.14802891,-0.25777104,-0.12844054,-0.14795938,4.4856987,-0.119081676,-0.14800635,-0.15116844,-0.15116972,-0.15117057,3.2227385,-0.25103784,0.6646213,2.1048663,1.6853508,0.81326926,1.8244371,-0.14801747,-0.124344826,-0.11956477,-0.14801371,-0.15116566,-0.20931396,-0.18224281,-0.14800689,0.9526171,-0.14802746,-0.1511726,-0.15117177,-0.15117148,-0.2185038,-0.14800623,-0.114121355,-0.1480087,-0.15116102,-0.15116583,-0.22984435,-0.14802267,-0.15115196,-0.08963354,-0.14794514,-0.15113518,-0.1511487,-0.15114972,-0.13302092,-0.1051107,-0.14014931,-0.15141064,-0.15839578,-0.15615125,3.3362782,-0.14801991,-0.12319561,-0.1246282,-0.1479927,-0.15117246,-0.1511721,-0.1511721,-0.15117249,-0.38518023,-0.11451449,-0.1479983,-0.15564899,-0.14443555,-0.16636807,-0.14802393,-0.15111409,-0.12993515,-0.047159404,-0.14354178,-0.14016809,-0.14106366,-0.14791475,-0.19987361,-0.1649412,-0.17166539,-0.14800717,-0.15114048,-0.12722544,-0.14610182,-0.2588673,-0.124476366,-0.14793144,-0.09132757,-0.12832497,-0.13684332,-0.16221203,-0.15659244,-0.12401588,-0.14783232,-0.151101,-0.15113798,-0.15116343,-0.15740095,-0.19795567,-0.15106063,-0.07294749,-0.2039893,-0.14799885,-0.15113682,-0.104459345,-0.14773168,-0.17466888,-0.13176009,-0.14800432,-0.15109587,-0.10913184,-0.14787978,-0.05825615,-0.14326635,-0.17082691,-0.14795814,-0.18883844,-0.14802831,-0.31316653,-0.14802098,-0.16808087,-0.14331596,-0.1480225,-0.15116987,-0.25088155,-0.14802861,-0.22115314,-0.07562123,-0.086852394,-0.10702289,-0.060967896,-0.14298648,-0.16796505,-0.15746465,-0.22133875,-0.12812386,-0.0969081,-0.16398169,-0.12716047,-0.11335766,-0.18846886,-0.12462287,-0.17755464,-0.0994983,-0.115196005,-0.14795902,-0.11662802,-0.19749595,-0.14526704,-0.12781724,-0.096878245,-0.14795887,-0.15102237,-0.12434345,-0.11230643,-0.063823454,-0.14790566,-0.11419349,-0.10007019,-0.24483351,-0.148029,-0.15116371,-0.16344379,-0.1759062,-0.12524253,-0.14801787,-0.0782174,-0.19187105,-0.18185812,-0.09859173,-0.11065883,-0.14777082,-0.15092668,-0.083404,-0.1213824,-0.13072303,-0.13855581,-0.19385117,-0.1480008,-0.15116748,-0.19487974,-0.23847799,-0.2432746,-0.124368094,-0.14787307,-0.15114576,-0.14520228,-0.2961179,-0.14802843,-0.19813283,-0.12454957,-0.14797989,-0.060104962,-0.15931924,-0.14802709,-0.2028091,-0.2868003,-0.11816878,-0.14795661,-0.10060286,-0.14790905,-0.13614628,-0.20725825,-0.17393659,-0.125103,-0.15657571,-0.15690626,-0.14802603,-0.15116933,-0.16221246,-0.22200036,-0.124677524,-0.2814266,-0.14802931,-0.1915083,-0.24371436,-0.16952515,-0.14796355,-0.13369927,-0.12557748,-0.14802365,2.8306606,-0.14802912,-0.18642783,-0.14798638,-0.30462334,-0.14794458,1.5403502,-0.13029914,-0.14801927,-0.15115994,-0.18915205,-0.12461708,-0.14802308,-0.10481856,-0.1650517,-0.14802143,-0.15117088,-0.15114906,-0.124304004,-0.14794905,-0.1511451,-0.1511381,-0.15114692,-0.15115309,-0.16505513,-0.17392421,-0.14801799,-0.1511654,-0.15115769,-0.15116577,-0.2025511,-0.15354379,-0.14723541,-0.14726236,-0.11499533,-0.10471026,-0.11893196,-0.14802074,-0.15111212,-0.12458593,-0.19501048,-0.1480267,-0.18738703,-0.11705899,-0.17429145,-0.14801957,-0.06652963,-0.14783336,-0.10737923,-0.124497145,-0.15298569,-0.052188452,-0.26007295
k__Bacteria|p__Firmicutes|c__Clostridia|o__Eubacteriales|f__Peptostreptococcaceae|g__Terrisporobacter|s__Terrisporobacter_othiniensis,-0.1004395,-0.12316422,-0.1438312,-0.14689519,-0.14689544,-0.23867357,-0.1666669,-0.16813041,-0.10929718,-0.22895765,-0.23728925,-0.14383556,-0.22850217,-0.3768707,-0.08556121,-0.1434752,-0.058144663,-0.14335017,-0.1468387,-0.19931981,-0.1978925,-0.12091267,-0.14380345,-0.12711628,-0.20043859,-0.11658599,-0.182019,-0.25032333,-0.1509206,-0.1438079,-0.15142563,2.2352047,-0.18249588,-0.28454733,-0.14382373,-0.121075645,-0.14383337,-0.22338755,-0.1438359,-0.29867563,-0.14383596,-0.29356226,-0.12048742,-0.14370151,-0.13691942,-0.14383087,-0.23188588,-0.24781659,-0.1296162,-0.12108083,-0.24679694,-0.18279888,-0.25087595,-0.26027086,-0.28621647,-0.27511892,-0.11894142,-0.14375706,-0.040142577,-0.056944285,-0.14317507,-0.11274739,-0.13743341,-0.120981425,-0.14381611,-0.14689118,-0.14689523,-0.14689583,-0.27573854,-0.14380081,-0.12098226,-0.16243835,-0.12334165,-0.14074792,-0.14380479,-0.15887658,-0.14481027,-0.12106211,-0.18691605,-0.14998752,-0.14382495,-0.14687592,-0.14688616,-0.14682904,-0.120334074,-0.13700745,-0.08858878,-0.14381954,5.140302,-0.1438297,-0.2004665,-0.11139822,-0.1388583,-0.13027036,-0.1074974,-0.15152657,-0.14374219,-0.14664203,-0.10065024,-0.08152827,-0.09427856,-0.14378712,-0.11960925,-0.15027548,-0.16982608,-0.1185138,-0.14380229,-0.14688972,2.3231277,0.7687098,-0.1438323,-0.25953975,1.5447407,-0.13525523,-0.14382976,-0.15095688,-0.17780018,-0.2009549,-0.14381173,-0.09015879,-0.14356406,-0.12151222,-0.121854745,-0.13997786,-0.21433522,-0.13908121,-0.16057305,-0.14376515,-0.07092635,-0.14326607,-0.14619143,-0.18733518,-0.1435999,-0.12097509,-0.12334781,-0.14100276,-0.14379302,-0.114095174,-0.25318068,-0.26654312,-0.120342426,1.8200186,-0.14378503,-0.09238048,-0.20963459,-0.14382994,-0.1468201,-0.12056573,-0.14376569,-0.16015086,-0.1553517,-0.1438339,-0.19704957,-0.20616047,-0.120069444,-0.10460003,-0.11361031,-0.10256614,-0.14382717,-0.19495486,-0.14380611,-0.12050333,-0.14368929,-0.041086134,-0.12967405,-0.14383274,-0.2300741,-0.14381394,-0.10384405,-0.14256963,-0.0784167,-0.1437054,-0.12766197,-0.14372283,-0.121451,1.0559714,-0.09192432,-0.101488546,-0.14359388,-0.14681023,-0.12378413,-0.14370173,-0.1410757,-0.13984437,-0.18093297,-0.143835,-0.25777104,-0.12844054,-0.14375553,-0.13462572,-0.119081676,-0.1438086,-0.1468916,-0.14689308,-0.14689408,-0.19755594,4.9741983,4.8837123,3.8234577,5.2543797,4.1806808,-0.22091979,-0.1438216,-0.12073955,-0.11956477,-0.14381717,-0.14688832,-0.20931396,-0.18224281,-0.14380981,-0.32474133,-0.1438333,-0.14689645,-0.14689548,-0.14689514,-0.2185038,-0.14380905,-0.114121355,-0.14381126,-0.1468828,-0.14688851,-0.22984435,-0.14382768,-0.14687335,-0.08963354,-0.14373711,-0.14685264,-0.14686838,-0.14686964,-0.13302092,-0.1051107,-0.14014931,3.5690548,4.279464,-0.15615125,-0.14613561,-0.14382443,-0.12319561,-0.121037446,-0.14379229,-0.1468963,-0.14689587,-0.14689589,-0.14689633,-0.38518023,-0.11451449,-0.143799,-0.15564899,-0.14443555,-0.16636807,-0.14382914,-0.14682767,-0.12993515,-0.047159404,-0.13854545,-0.14016809,-0.14106366,-0.14370064,-0.19987361,-0.1649412,-0.17166539,-0.14380945,-0.14685883,-0.12722544,-0.14610182,-0.2588673,-0.120874554,-0.14372131,-0.09132757,-0.12832497,-0.13684332,-0.16221203,-0.15659244,-0.12039331,-0.1436061,-0.14681265,-0.14685589,-0.14688571,-0.15740095,-0.19795567,-0.15106063,-0.07294749,-0.2039893,-0.14379966,-0.14685467,-0.104459345,-0.14353734,-0.17466888,1.7467093,-0.14380614,-0.15109587,-0.10913184,-0.14366212,-0.05825615,-0.14326635,-0.17082691,-0.14375183,-0.18883844,-0.1438343,-0.31316653,-0.14382562,3.4237669,-0.14331596,-0.14382747,-0.14689323,-0.25088155,-0.14383462,-0.22115314,-0.07562123,-0.086852394,-0.10702289,-0.060967896,-0.13788968,-0.16796505,-0.15746465,-0.22133875,-0.12812386,-0.0969081,-0.16398169,2.669846,-0.11335766,-0.18846886,-0.12103252,1.4092065,-0.0994983,-0.115196005,-0.14375299,-0.11662802,-0.19749595,-0.14526704,-0.12781724,-0.096878245,-0.1437531,-0.14672086,-0.12434345,-0.11230643,-0.063823454,-0.14369154,-0.11419349,-0.10007019,-0.24483351,-0.1438351,-0.14688599,-0.16344379,-0.1759062,-0.12524253,-0.14382201,-0.0782174,-0.19187105,-0.18185812,-0.09859173,-0.11065883,-0.14353302,-0.14660868,-0.083404,-0.1213824,-0.13072303,7.0712705,3.9419703,-0.14380193,-0.14689045,-0.19487974,-0.23847799,-0.2432746,-0.12074626,-0.14365268,-0.14686492,-0.14520228,-0.2961179,-0.14383444,-0.19813283,-0.12095163,-0.14377756,-0.060104962,-0.15931924,-0.14383286,-0.2028091,-0.2868003,-0.11816878,-0.14795661,-0.10060286,-0.14369434,-0.13614628,-0.20725825,-0.17393659,-0.125103,-0.15657571,-0.15690626,-0.14383161,-0.1468926,-0.16221246,3.823514,-0.12109415,3.0000062,-0.14383546,7.665906,-0.24371436,-0.16952515,-0.14376032,-0.13369927,-0.12557748,-0.14382881,-0.18106565,-0.14383523,-0.18642783,-0.14378566,-0.30462334,-0.14373562,-0.14691104,-0.13029914,-0.14382367,-0.14688158,-0.18915205,-0.12102552,-0.14382815,-0.10481856,-0.1650517,-0.14382616,-0.14689443,-0.14686905,-0.120685145,-0.14374147,-0.14686412,-0.14685601,-0.14686629,-0.1468737,-0.16505513,-0.17392421,-0.14382213,-0.14688799,-0.14687893,-0.14688843,-0.2025511,-0.15354379,5.8772388,-0.14293085,3.6086862,5.183776,-0.11893196,-0.14382541,-0.14682674,-0.120990925,4.1101556,-0.14383239,-0.18738703,-0.11705899,-0.17429145,-0.14382416,-0.06652963,-0.14360787,-0.10737923,-0.124497145,-0.15298569,-0.052188452,-0.26007295
k__Bacteria|p__Firmicutes|c__Bacilli|o__Lactobacillales|f__Streptococcaceae|g__Lactococcus|s__Lactococcus_lactis,-0.1004395,-0.12316422,-0.14416695,-0.1472066,-0.14720687,-0.23867357,-0.1666669,-0.16813041,-0.10929718,-0.22895765,-0.23728925,-0.14417133,-0.22850217,-0.3768707,-0.08556121,-0.14379537,-0.058144663,-0.14367107,-0.1471494,1.1430182,-0.1978925,-0.12141568,-0.14413865,-0.12711628,-0.20043859,-0.11658599,-0.182019,-0.25032333,-0.1509206,-0.14414358,-0.15142563,-0.10844302,-0.18249588,-0.28454733,-0.14415935,-0.12159081,-0.14416912,-0.22338755,-0.14417168,-0.29867563,-0.14417174,-0.29356226,-0.12094697,-0.14403698,-0.13691942,-0.14416656,-0.23188588,-0.24781659,-0.1296162,-0.121596724,3.9053967,2.4196963,3.1193163,-0.26027086,-0.28621647,-0.27511892,-0.11894142,-0.14409125,-0.040142577,-0.056944285,-0.14350963,-0.11274739,-0.13743341,-0.12149036,-0.1441519,-0.14720252,-0.14720666,-0.14720725,-0.27573854,-0.14413565,-0.12149188,-0.16243835,-0.12334165,-0.14074792,-0.14414015,-0.15887658,-0.14481027,-0.12157652,-0.18691605,-0.14998752,-0.14416055,-0.14718711,-0.14719757,-0.14713892,-0.120334074,-0.13700745,-0.08858878,-0.14415506,-0.19008024,-0.14416538,-0.2004665,-0.11139822,-0.1388583,-0.13027036,-0.1074974,-0.15152657,-0.14407635,-0.14692858,-0.10065024,-0.08152827,-0.09427856,-0.1441219,-0.11960925,-0.15027548,-0.16982608,4.4206915,-0.14413786,-0.14720105,0.73823524,0.78212154,-0.14416805,0.6379101,-0.17989698,-0.13525523,-0.14416543,-0.15095688,-0.17780018,-0.2009549,-0.14414752,-0.09015879,-0.14389339,-0.12151222,-0.121854745,-0.13997786,-0.21433522,-0.13908121,-0.16057305,-0.14409937,-0.07092635,-0.14358935,-0.14650881,-0.18733518,-0.14393817,-0.121478975,-0.12334781,-0.14100276,-0.14412811,-0.114095174,-0.25318068,2.5546002,-0.12078102,-0.10945694,-0.1441198,-0.09238048,-0.20963459,-0.14416564,-0.1471323,-0.121025726,-0.14410038,-0.16015086,-0.1553517,-0.14416966,-0.19704957,0.63980484,-0.12051096,-0.10460003,-0.11361031,-0.10256614,-0.14416277,-0.19495486,-0.14414115,-0.12095803,-0.14402151,-0.041086134,-0.12967405,-0.14416857,-0.2300741,-0.14414945,-0.10384405,-0.14286494,-0.0784167,-0.14403853,-0.12766197,-0.14405647,-0.121451,-0.075820275,-0.09192432,-0.101488546,-0.14392415,-0.14711972,-0.12378413,-0.14402884,-0.1410757,-0.13984437,-0.18093297,-0.14417076,-0.25777104,-0.12844054,-0.14408873,-0.13462572,-0.119081676,-0.14414367,-0.14720295,-0.14720446,-0.14720547,-0.19755594,2.2109673,-0.20219928,1.1218762,-0.24831252,-0.20506537,-0.22091979,-0.14415734,-0.12121615,-0.11956477,-0.14415255,-0.14719968,-0.20931396,-0.18224281,-0.14414497,-0.32474133,-0.14416903,-0.14720789,-0.1472069,-0.14720654,-0.2185038,-0.14414415,-0.114121355,-0.144147,-0.14719445,-0.14719985,-0.22984435,-0.14416325,-0.14718387,-0.08963354,-0.1440714,-0.147163,-0.14717971,-0.14718041,-0.13302092,-0.1051107,-0.14014931,-0.15141064,-0.15839578,-0.15615125,-0.14613561,-0.14415991,3.9016564,-0.12155161,-0.14412826,-0.14720772,-0.1472073,-0.1472073,-0.14720777,-0.38518023,-0.11451449,-0.14413445,-0.15564899,-0.14443555,-0.16636807,-0.14416492,-0.14713986,-0.12993515,-0.047159404,-0.13891724,-0.14016809,-0.14106366,-0.14403549,-0.19987361,-0.1649412,-0.17166539,-0.14414483,-0.14716922,-0.12722544,-0.14610182,-0.2588673,-0.12136873,-0.14405434,-0.09132757,-0.12832497,-0.13684332,0.96518695,4.0035467,-0.120825335,-0.14393792,-0.14712253,-0.1471665,-0.14719695,2.1147459,-0.19795567,-0.15106063,-0.07294749,-0.2039893,-0.1441353,-0.14716482,-0.104459345,-0.14382732,-0.17466888,-0.13176009,-0.14414117,-0.15109587,-0.10913184,-0.14399338,-0.05825615,1.121417,-0.17082691,-0.14408699,-0.18883844,-0.14417008,-0.31316653,-0.14416158,-0.16808087,-0.14331596,-0.14416313,-0.1472047,-0.25088155,-0.1441704,-0.22115314,-0.07562123,-0.086852394,-0.10702289,-0.060967896,-0.13825616,-0.16796505,-0.15746465,1.5759753,0.73303634,-0.0969081,-0.16398169,-0.12716047,-0.11335766,-0.18846886,-0.12154485,-0.17755464,-0.0994983,-0.115196005,-0.14408779,-0.11662802,-0.19749595,-0.14526704,-0.12781724,-0.096878245,-0.14408669,-0.14702865,-0.12434345,-0.11230643,-0.063823454,-0.14402387,-0.11419349,-0.10007019,-0.24483351,-0.14417085,-0.14719748,-0.16344379,-0.1759062,-0.12524253,-0.14415754,-0.0782174,-0.19187105,-0.18185812,-0.09859173,-0.11065883,-0.14386246,-0.14691481,-0.083404,-0.1213824,-0.13072303,-0.13855581,-0.19385117,-0.14413768,-0.1472018,-0.19487974,-0.23847799,3.2156866,-0.121239215,-0.14398521,-0.14717613,-0.14520228,-0.2961179,-0.1441702,-0.19813283,-0.12145704,-0.14411277,-0.060104962,-0.15931924,-0.14416863,-0.2028091,-0.2868003,-0.11816878,-0.14795661,-0.10060286,-0.14402904,-0.13614628,-0.20725825,-0.17393659,-0.125103,-0.15657571,-0.15690626,-0.14416736,-0.14720398,-0.16221246,1.0488778,-0.121610485,-0.2814266,-0.14417124,-0.1915083,-0.24371436,-0.16952515,-0.14409444,-0.13369927,-0.12557748,-0.14416455,-0.18106565,-0.144171,-0.18642783,-0.14412129,-0.30462334,-0.14407162,-0.14691104,-0.13029914,-0.14415932,-0.14719275,4.982033,-0.121537566,-0.14416379,-0.10481856,-0.1650517,-0.14416197,-0.14720584,-0.14718035,-0.12115855,-0.14407533,-0.14717552,-0.147167,-0.14717764,-0.1471846,-0.16505513,-0.17392421,-0.14415786,-0.14719929,-0.14719023,-0.14719975,4.5563855,-0.15354379,-0.14723541,-0.14327385,-0.11499533,-0.10471026,-0.11893196,-0.14416106,-0.14713724,-0.12149991,-0.19501048,-0.1441682,-0.18738703,-0.11705899,-0.17429145,-0.14415969,-0.06652963,-0.14393698,-0.10737923,-0.124497145,-0.15298569,-0.052188452,-0.26007295
k__Bacteria|p__Firmicutes|c__Clostridia|o__Eubacteriales|f__Clostridiaceae|g__Clostridiaceae_unclassified|s__Clostridiaceae_bacterium_OM02_2AC,-0.1004395,-0.12316422,-0.14849928,-0.15163809,-0.15163839,-0.23867357,-0.1666669,-0.16813041,-0.10929718,-0.22895765,-0.23728925,-0.14850435,-0.22850217,-0.3768707,-0.08556121,-0.14808084,-0.058144663,-0.14793219,-0.15157267,-0.19931981,-0.1978925,-0.12498373,-0.14846683,-0.12711628,-0.20043859,-0.11658599,-0.182019,-0.25032333,-0.1509206,-0.14847234,-0.15142563,-0.10844302,-0.18249588,-0.28454733,-0.14849043,-0.12518725,-0.14850178,-0.22338755,-0.14850473,3.5225947,-0.14850481,-0.29356226,-0.12443809,-0.14834952,-0.13691942,-0.14849886,-0.23188588,-0.24781659,-0.1296162,-0.12519377,-0.24679694,-0.18279888,-0.25087595,-0.26027086,-0.28621647,-0.27511892,-0.11894142,-0.14841264,-0.040142577,-0.056944285,-0.14774099,-0.11274739,-0.13743341,-0.12506922,-0.14848194,-0.15163338,-0.15163818,-0.15163884,-0.27573854,-0.14846334,-0.12507255,-0.16243835,-0.12334165,-0.14074792,-0.14846843,-0.15887658,-0.14481027,-0.1251705,-0.18691605,-0.14998752,-0.14849198,-0.15161568,-0.1516277,-0.1515603,-0.120334074,-0.13700745,-0.08858878,-0.14848563,-0.19008024,-0.14849749,-0.2004665,-0.11139822,-0.1388583,-0.13027036,-0.1074974,-0.15152657,-0.14839497,-0.15132318,-0.10065024,-0.08152827,-0.09427856,-0.14844762,-0.11960925,-0.15027548,-0.16982608,-0.1185138,-0.14846592,-0.1516317,-0.17738779,-0.15176103,-0.14850056,-0.25953975,-0.17989698,4.4608054,-0.14849755,5.1439424,5.000682,-0.2009549,-0.14847678,-0.09015879,-0.14818542,-0.12151222,-0.121854745,1.7389606,4.491478,2.5156124,-0.16057305,-0.14842175,-0.07092635,-0.14783968,-0.15083207,3.3450015,-0.14823562,-0.12505434,-0.12334781,-0.14100276,-0.14845471,-0.114095174,-0.25318068,-0.26654312,-0.124241635,-0.10945694,-0.14844513,-0.09238048,-0.20963459,-0.14849779,-0.15155238,-0.12453282,-0.14842337,-0.16015086,-0.1553517,-0.14850241,-0.19704957,-0.20616047,-0.12392295,-0.10460003,-0.11361031,-0.10256614,-0.1484945,-0.19495486,-0.14846945,-0.12443648,-0.14833283,-0.041086134,-0.12967405,-0.14850116,-0.2300741,-0.14847893,-0.10384405,-0.14702317,-0.0784167,-0.14835304,-0.12766197,-0.14837252,-0.121451,-0.075820275,-0.09192432,-0.101488546,-0.14822057,-0.15153843,-0.12378413,-0.14834541,-0.1410757,-0.13984437,-0.18093297,-0.14850369,-0.25777104,-0.12844054,-0.1484099,-0.13462572,-0.119081676,-0.14847265,-0.15163392,-0.15163565,-0.15163684,-0.19755594,-0.25103784,-0.20219928,-0.19465852,-0.24831252,-0.20506537,-0.22091979,-0.14848822,-0.124749035,-0.11956477,-0.14848278,-0.1516301,-0.20931396,-0.18224281,-0.14847432,-0.32474133,-0.14850168,-0.15163957,-0.15163842,-0.15163803,-0.2185038,-0.14847402,-0.114121355,-0.14847645,-0.15162402,-0.15163037,-0.22984435,-0.14849506,-0.1516132,-0.08963354,-0.14839,-0.15158808,-0.1516071,-0.151608,-0.13302092,-0.1051107,-0.14014931,-0.15141064,-0.15839578,-0.15615125,-0.14613561,-0.14849123,-0.12319561,-0.12514134,-0.1484546,-0.1516394,-0.1516389,-0.1516389,-0.15163943,-0.38518023,-0.11451449,-0.14846185,-0.15564899,-0.14443555,-0.16636807,-0.14849693,-0.1515608,-0.12993515,-0.047159404,-0.142441,-0.14016809,-0.14106366,-0.14834777,-0.19987361,-0.1649412,-0.17166539,-0.14847381,-0.15159515,-0.12722544,-0.14610182,-0.2588673,-0.124928564,-0.14837012,-0.09132757,-0.12832497,-0.13684332,-0.16221203,-0.15659244,-0.12430373,-0.14823818,-0.15154162,-0.1515921,-0.15162703,-0.15740095,-0.19795567,-0.15106063,-0.07294749,-0.2039893,-0.14846283,-0.15159029,0.8130171,-0.14811909,-0.17466888,-0.13176009,-0.14846969,-0.15109587,-0.10913184,-0.14830127,-0.05825615,-0.14326635,3.5064342,-0.14840716,6.8378386,-0.14850289,5.117461,-0.14849308,-0.16808087,-0.14331596,-0.1484949,-0.15163589,-0.25088155,-0.14850327,-0.22115314,3.008459,1.5957787,2.5397472,-0.060967896,-0.14167136,-0.16796505,-0.15746465,-0.22133875,-0.12812386,-0.0969081,-0.16398169,-0.12716047,-0.11335766,-0.18846886,-0.12513359,-0.17755464,-0.0994983,-0.115196005,-0.14840823,-0.11662802,-0.19749595,-0.14526704,-0.12781724,-0.096878245,-0.14840734,-0.15143377,-0.12434345,-0.11230643,-0.063823454,-0.1483357,-0.11419349,-0.10007019,-0.24483351,-0.14850378,-0.15162754,-0.16344379,-0.1759062,-0.12524253,-0.14848849,-0.0782174,-0.19187105,-0.18185812,-0.09859173,-0.11065883,-0.14814961,-0.15130295,-0.083404,-0.1213824,-0.13072303,-0.13855581,-0.19385117,-0.14846554,-0.15163258,-0.19487974,-0.23847799,1.2954556,-0.12477881,-0.14829054,-0.15160303,-0.14520228,-0.2961179,-0.14850304,-0.19813283,-0.12503144,-0.14843705,-0.060104962,-0.15931924,-0.14850122,-0.2028091,-0.2868003,-0.11816878,-0.14795661,-0.10060286,-0.14834046,-0.13614628,-0.20725825,-0.17393659,-0.125103,-0.15657571,-0.15690626,-0.14849976,-0.1516351,-0.16221246,-0.22200036,-0.12520967,4.8267264,-0.14850423,6.671318,5.6161313,-0.16952515,-0.14841646,-0.13369927,-0.12557748,-0.14849654,-0.18106565,-0.14850396,-0.18642783,-0.14844686,-0.30462334,-0.14838924,-0.14691104,-0.13029914,-0.14849049,-0.1516222,-0.18915205,-0.12512553,-0.14849567,-0.10481856,-0.1650517,-0.14849353,-0.15163723,-0.15160775,-0.12468345,-0.14839402,-0.15160227,-0.15159257,-0.15160477,-0.15161303,-0.16505513,-0.17392421,-0.14848882,-0.15162967,-0.15161923,-0.15163022,-0.2025511,-0.15354379,-0.14723541,-0.14746696,-0.11499533,-0.10471026,-0.11893196,-0.14849254,-0.1515586,-0.12508294,-0.19501048,-0.14850071,-0.18738703,-0.11705899,-0.17429145,-0.14849102,-0.06652963,-0.14823687,-0.10737923,-0.124497145,-0.15298569,-0.052188452,-0.26007295
k__Bacteria|p__Firmicutes|c__Clostridia|o__Eubacteriales|f__Lachnospiraceae|g__GGB3746|s__GGB3746_SGB5089,-0.1004395,-0.12316422,-0.14756574,-0.15081844,-0.15081874,-0.23867357,-0.1666669,-0.16813041,-0.10929718,-0.22895765,-0.23728925,-0.14757097,-0.22850217,-0.3768707,-0.08556121,-0.14713362,-0.058144663,-0.1469877,-0.15075082,-0.19931981,0.66124225,-0.12320836,-0.1475325,-0.12711628,-0.20043859,-0.11658599,-0.182019,-0.25032333,-0.1509206,-0.147538,-0.15142563,-0.10844302,2.7478929,-0.28454733,-0.14755669,-0.12340863,-0.14756836,-0.22338755,-0.14757137,-0.29867563,-0.14757143,4.916793,-0.122671746,-0.14741099,-0.13691942,-0.14756536,-0.23188588,-0.24781659,-0.1296162,-0.12341517,-0.24679694,-0.18279888,-0.25087595,-0.26027086,4.711286,-0.27511892,-0.11894142,-0.1474768,-0.040142577,-0.056944285,-0.14678463,-0.11274739,-0.13743341,-0.12329266,-0.1475478,-0.15081361,-0.1508185,-0.15081918,3.8349888,-0.14752863,-0.12329404,-0.16243835,-0.12334165,-0.14074792,-0.14753422,-0.15887658,-0.14481027,-0.123392075,-0.18691605,-0.14998752,-0.14755827,-0.1507954,-0.15080765,-0.15073791,-0.120334074,-0.13700745,-0.08858878,-0.14755177,-0.19008024,-0.14756395,-0.2004665,-0.11139822,-0.1388583,-0.13027036,-0.1074974,-0.15152657,-0.14745924,-0.15049686,-0.10065024,-0.08152827,-0.09427856,-0.14751291,-0.11960925,-0.15027548,-0.16982608,-0.1185138,-0.14753121,-0.15081188,-0.17738779,-0.15176103,-0.14756706,-0.25953975,-0.17989698,-0.13525523,-0.14756402,-0.15095688,-0.17780018,-0.2009549,-0.1475423,-0.09015879,-0.14724538,-0.12151222,-0.121854745,-0.13997786,-0.21433522,-0.13908121,-0.16057305,-0.14748657,-0.07092635,-0.14688712,-0.14998251,-0.18733518,-0.14729074,-0.12328006,-0.12334781,-0.14100276,-0.1475201,-0.114095174,2.1741657,-0.26654312,-0.1224954,-0.10945694,-0.14751042,-0.09238048,-0.20963459,-0.14756425,-0.15072861,-0.12277129,-0.14748722,-0.16015086,-0.1553517,-0.147569,-0.19704957,-0.20616047,-0.12216629,-0.10460003,-0.11361031,-0.10256614,-0.14756092,-0.19495486,-0.14753546,-0.12269419,-0.14739558,-0.041086134,-0.12967405,-0.14756763,-0.2300741,-0.14754495,-0.10384405,-0.14604372,-0.0784167,-0.14741467,-0.12766197,-0.14743593,-0.121451,-0.075820275,-0.09192432,-0.101488546,-0.14728068,-0.15071657,-0.12378413,-0.14740348,-0.1410757,-0.13984437,-0.18093297,-0.14757028,-0.25777104,-0.12844054,-0.14747337,-0.13462572,-0.119081676,-0.1475386,-0.15081412,-0.1508159,-0.1508171,-0.19755594,-0.25103784,-0.20219928,-0.19465852,-0.24831252,-0.20506537,-0.22091979,-0.14755423,-0.12298697,-0.11956477,-0.14754893,-0.15081021,-0.20931396,-0.18224281,-0.14753968,-0.32474133,-0.14756826,-0.15081993,-0.15081877,-0.15081838,-0.2185038,-0.14753866,-0.114121355,-0.14754197,-0.15080374,-0.15081045,-0.22984435,-0.14756152,-0.1507913,-0.08963354,-0.14745294,-0.15076739,-0.15078646,-0.1507878,-0.13302092,-0.1051107,-0.14014931,-0.15141064,-0.15839578,-0.15615125,1.9983177,-0.14755762,-0.12319561,-0.123362735,-0.14751953,-0.15081975,-0.15081924,-0.15081924,-0.15081978,-0.38518023,-0.11451449,-0.14752735,-0.15564899,-0.14443555,-0.16636807,-0.14756331,-0.15073803,-0.12993515,-0.047159404,-0.14128701,-0.14016809,-0.14106366,-0.14741012,-0.19987361,-0.1649412,-0.17166539,-0.14753976,-0.15077484,-0.12722544,-0.14610182,-0.2588673,-0.123159654,-0.1474338,-0.09132757,-0.12832497,-0.13684332,-0.16221203,-0.15659244,-0.12255333,-0.14729548,-0.15071954,-0.15077135,-0.15080708,-0.15740095,-0.19795567,-0.15106063,-0.07294749,-0.2039893,-0.14752816,-0.15076971,-0.104459345,-0.14717954,-0.17466888,-0.13176009,-0.14753573,-0.15109587,-0.10913184,-0.1473621,-0.05825615,-0.14326635,-0.17082691,-0.14747104,-0.18883844,-0.14756945,-0.31316653,-0.14755917,-0.16808087,-0.14331596,-0.14756128,-0.15081611,4.3633523,-0.14756984,5.2730856,-0.07562123,-0.086852394,-0.10702289,-0.060967896,-0.14050514,4.5098205,1.5059453,-0.22133875,-0.12812386,-0.0969081,-0.16398169,-0.12716047,-0.11335766,-0.18846886,-0.123355865,-0.17755464,-0.0994983,-0.115196005,-0.1474723,-0.11662802,-0.19749595,-0.14526704,-0.12781724,-0.096878245,-0.147472,-0.15060943,-0.12434345,-0.11230643,-0.063823454,-0.14739785,-0.11419349,-0.10007019,-0.24483351,-0.1475704,-0.15080744,-0.16344379,2.8104312,1.5116494,-0.14755479,-0.0782174,1.442475,-0.18185812,-0.09859173,-0.11065883,-0.1472086,-0.15047538,-0.083404,-0.1213824,-0.13072303,-0.13855581,-0.19385117,-0.14753091,-0.15081275,-0.19487974,-0.23847799,-0.2432746,-0.1230074,-0.14735195,-0.15078232,-0.14520228,-0.2961179,-0.1475696,-0.19813283,-0.12325612,-0.14750165,-0.060104962,-0.15931924,-0.14756773,-0.2028091,-0.2868003,-0.11816878,-0.14795661,-0.10060286,-0.14740232,-0.13614628,-0.20725825,-0.17393659,-0.125103,-0.15657571,-0.15690626,-0.14756626,-0.15081537,-0.16221246,-0.22200036,-0.12343125,-0.2814266,-0.14757085,-0.1915083,-0.24371436,-0.16952515,-0.14747933,-0.13369927,-0.12557748,-0.14756292,-0.18106565,-0.14757058,-0.18642783,-0.14751089,-0.30462334,-0.14745212,-0.14691104,-0.13029914,-0.14755678,-0.15080217,-0.18915205,-0.12334739,-0.14756209,-0.10481856,-0.1650517,-0.14755979,-0.15081751,-0.150787,-0.122927554,-0.14745826,-0.15078141,-0.15077156,-0.15078396,-0.15079257,-0.16505513,-0.17392421,-0.14755496,-0.15080982,-0.15079904,-0.15081039,-0.2025511,-0.15354379,-0.14723541,-0.14649655,1.9367123,-0.10471026,-0.11893196,-0.14755884,-0.15073578,-0.123304844,-0.19501048,-0.14756721,-0.18738703,-0.11705899,3.9579077,-0.14755717,-0.06652963,-0.14729697,-0.10737923,-0.124497145,-0.15298569,-0.052188452,-0.26007295
k__Bacteria|p__Firmicutes|c__Clostridia|o__Eubacteriales|f__Clostridiaceae|g__Clostridium|s__Clostridium_porci,-0.1004395,1.3358878,-0.14610364,-0.14925534,-0.1492556,-0.23867357,-0.1666669,-0.16813041,-0.10929718,-0.22895765,-0.23728925,-0.1461083,-0.22850217,-0.3768707,-0.08556121,-0.14572081,-0.058144663,-0.14558949,-0.14919515,-0.19931981,-0.1978925,-0.122525215,-0.14607403,-0.12711628,-0.20043859,-0.11658599,-0.182019,-0.25032333,-0.1509206,-0.14607881,-0.15142563,-0.10844302,-0.18249588,-0.28454733,-0.14609557,-0.12269671,-0.14610595,3.754653,-0.14610863,1.9917672,-0.14610872,-0.29356226,-0.12207252,-0.1459654,-0.13691942,-0.1461033,-0.23188588,-0.24781659,-0.1296162,-0.122702286,-0.24679694,-0.18279888,-0.25087595,-0.26027086,-0.28621647,-0.27511892,-0.11894142,-0.1460247,-0.040142577,-0.056944285,-0.14540574,-0.11274739,-0.13743341,-0.122598395,-0.14608762,-0.14925106,-0.1492554,-0.14925602,1.4129878,-0.1460712,-0.12259787,-0.16243835,-0.12334165,-0.14074792,-0.14607552,-0.15887658,-0.14481027,-0.12268242,-0.18691605,-0.14998752,-0.14609699,-0.14923483,-0.14924577,-0.14918333,-0.120334074,8.122221,-0.08858878,-0.14609122,5.502251,-0.14610204,-0.2004665,-0.11139822,-0.1388583,-0.13027036,-0.1074974,-0.15152657,-0.14600888,-0.14897403,-0.10065024,-0.08152827,-0.09427856,-0.14605665,-0.11960925,6.068174,-0.16982608,-0.1185138,-0.14607278,-0.1492495,-0.17738779,-0.15176103,-0.14610481,-0.25953975,-0.17989698,-0.13525523,-0.1461021,-0.15095688,-0.17780018,-0.2009549,-0.14608273,-0.09015879,-0.14581892,-0.12151222,-0.121854745,5.13811,-0.21433522,-0.13908121,4.20642,-0.14603326,-0.07092635,-0.14549954,-0.14850727,1.1260583,-0.14585686,-0.12259269,-0.12334781,-0.14100276,-0.14606299,-0.114095174,-0.25318068,-0.26654312,-0.12194024,-0.10945694,-0.14605443,-0.09238048,-0.20963459,-0.1461023,-0.1491745,-0.12216975,-0.14603366,-0.16015086,0.6719,-0.14610651,-0.19704957,-0.20616047,-0.12166809,-0.10460003,-0.11361031,-0.10256614,-0.14609933,-0.19495486,-0.14607652,-0.12211238,-0.14595196,-0.041086134,4.3065233,-0.1461053,-0.2300741,-0.14608495,-0.10384405,-0.1447525,-0.0784167,-0.14596939,-0.12766197,-0.14598817,-0.121451,-0.075820275,7.2435145,7.8390474,-0.14585096,-0.1491648,2.4764051,-0.14595944,-0.1410757,-0.13984437,-0.18093297,-0.14610767,3.758402,-0.12844054,-0.14602208,-0.13462572,-0.119081676,-0.14607956,-0.14925152,-0.1492531,-0.14925417,3.120603,-0.25103784,-0.20219928,-0.19465852,-0.24831252,-0.20506537,-0.22091979,-0.14609335,-0.12234989,-0.11956477,-0.14608866,-0.149248,-0.20931396,-0.18224281,-0.14608052,-0.32474133,-0.14610586,-0.14925669,-0.14925566,-0.1492553,-0.2185038,-0.14607981,-0.114121355,-0.14608243,-0.14924218,-0.14924823,-0.22984435,-0.1460999,-0.14923184,-0.08963354,-0.1460034,-0.14921002,-0.14922683,-0.14922813,-0.13302092,-0.1051107,-0.14014931,-0.15141064,-0.15839578,-0.15615125,-0.14613561,-0.14609641,-0.12319561,-0.122656435,-0.1460623,-0.14925653,-0.14925607,-0.14925608,-0.14925656,-0.38518023,-0.11451449,-0.14606938,-0.15564899,-0.14443555,-0.16636807,-0.14610144,-0.14918327,-0.12993515,-0.047159404,-0.14047834,-0.14016809,-0.14106366,-0.14596474,-0.19987361,-0.1649412,-0.17166539,-0.1460805,-0.1492166,-0.12722544,-0.14610182,5.6311107,-0.12248753,-0.14598656,-0.09132757,-0.12832497,-0.13684332,-0.16221203,-0.15659244,-0.122005664,-0.14586383,-0.14916748,-0.14921346,-0.14924523,-0.15740095,-0.19795567,-0.15106063,-0.07294749,-0.2039893,-0.14607011,-0.14921215,-0.104459345,-0.14578602,-0.17466888,-0.13176009,-0.14607695,-0.15109587,-0.10913184,-0.14592335,-0.05825615,-0.14326635,-0.17082691,-0.14601919,-0.18883844,-0.14610693,-0.31316653,-0.14609775,-0.16808087,-0.14331596,-0.14609967,-0.14925328,-0.25088155,-0.14610729,-0.22115314,-0.07562123,-0.086852394,-0.10702289,-0.060967896,-0.13978824,-0.16796505,-0.15746465,-0.22133875,-0.12812386,-0.0969081,-0.16398169,-0.12716047,-0.11335766,-0.18846886,-0.122651085,-0.17755464,-0.0994983,-0.115196005,-0.14602035,-0.11662802,-0.19749595,-0.14526704,-0.12781724,-0.096878245,-0.14602043,-0.1490697,-0.12434345,-0.11230643,-0.063823454,-0.14595464,-0.11419349,-0.10007019,-0.24483351,-0.14610778,-0.14924538,-0.16344379,-0.1759062,-0.12524253,-0.14609385,-0.0782174,-0.19187105,-0.18185812,-0.09859173,-0.11065883,-0.14578582,-0.14894992,-0.083404,-0.1213824,-0.13072303,-0.13855581,6.5410757,-0.1460725,-0.1492503,-0.19487974,-0.23847799,-0.2432746,-0.12235367,-0.14591354,-0.14922312,-0.14520228,-0.2961179,-0.14610708,2.487995,-0.122567594,-0.14604656,-0.060104962,-0.15931924,-0.1461054,-0.2028091,-0.2868003,6.899728,3.6992009,-0.10060286,-0.14595795,-0.13614628,-0.20725825,-0.17393659,-0.125103,-0.15657571,-0.15690626,-0.14610407,-0.1492526,0.8186428,-0.22200036,-0.12271641,-0.2814266,-0.14610818,-0.1915083,-0.24371436,-0.16952515,-0.14602673,-0.13369927,-0.12557748,-0.14610109,-0.18106565,-0.14610794,-0.18642783,-0.14605466,-0.30462334,-0.14600205,-0.14691104,-0.13029914,-0.1460956,-0.14924087,-0.18915205,-0.12264338,-0.14610039,-0.10481856,-0.1650517,-0.14609829,-0.14925453,-0.14922702,-0.12229328,-0.14600806,-0.14922228,-0.14921364,-0.14922461,-0.14923242,-0.16505513,-0.17392421,-0.14609402,-0.14924769,-0.14923805,-0.14924817,-0.2025511,-0.15354379,-0.14723541,-0.14514692,-0.11499533,-0.10471026,-0.11893196,-0.14609745,-0.14918117,-0.122606575,-0.19501048,-0.1461049,-0.18738703,-0.11705899,-0.17429145,-0.14609581,-0.06652963,-0.14586478,-0.10737923,-0.124497145,-0.15298569,-0.052188452,-0.26007295
k__Bacteria|p__Firmicutes|c__Bacilli|o__Bacillales|f__Bacillales_unclassified|g__Gemella|s__Gemella_sanguinis,-0.1004395,-0.12316422,-0.14661801,-0.14974415,-0.14974444,-0.23867357,-0.1666669,-0.16813041,-0.10929718,-0.22895765,-0.23728925,-0.14662313,-0.22850217,-0.3768707,-0.08556121,-0.14618656,-0.058144663,-0.1460518,-0.14967781,-0.19931981,-0.1978925,-0.12319201,-0.14658545,-0.12711628,-0.20043859,-0.11658599,-0.182019,-0.25032333,-0.1509206,-0.14659075,-0.15142563,-0.10844302,-0.18249588,-0.28454733,-0.14660878,-0.12340043,-0.14662057,-0.22338755,-0.14662352,0.7913569,-0.14662358,-0.29356226,-0.12264694,-0.14646551,-0.13691942,-0.14661765,-0.23188588,-0.24781659,-0.1296162,-0.12340692,-0.24679694,-0.18279888,-0.25087595,-0.26027086,-0.28621647,-0.27511892,-0.11894142,-0.14653064,-0.040142577,-0.056944285,-0.14585182,-0.11274739,-0.13743341,-0.123278886,-0.14660034,-0.14973944,-0.1497442,-0.1497449,-0.27573854,-0.14657992,-0.12328297,-0.16243835,-0.12334165,-0.14074792,-0.1465872,-0.15887658,-0.14481027,-0.12338346,-0.18691605,-0.14998752,-0.14661068,-0.1497216,-0.14973353,-0.14966069,-0.120334074,-0.13700745,-0.08858878,-0.14660437,-0.19008024,-0.14661628,-0.2004665,-0.11139822,-0.1388583,-0.13027036,-0.1074974,-0.15152657,-0.14651364,-0.14938952,-0.10065024,-0.08152827,-0.09427856,-0.14656629,-0.11960925,-0.15027548,-0.16982608,1.760942,-0.14658406,-0.1497377,-0.17738779,-0.15176103,-0.14661932,-0.25953975,-0.17989698,-0.13525523,-0.14661634,-0.15095688,-0.17780018,-0.2009549,-0.14659375,-0.09015879,-0.14630422,-0.12151222,-0.121854745,-0.13997786,-0.21433522,-0.13908121,-0.16057305,-0.14654043,-0.07092635,-0.14594926,-0.14892039,1.3778424,-0.14634338,-0.12326343,-0.12334781,-0.14100276,-0.14657333,-0.114095174,-0.25318068,1.6704861,-0.12241132,-0.10945694,-0.14656393,1.3772339,-0.20963459,-0.14661658,-0.14965361,-0.1227207,-0.14654061,-0.16015086,-0.1553517,-0.1466212,-0.19704957,-0.20616047,-0.12210329,-0.10460003,-0.11361031,-0.10256614,-0.14661336,-0.19495486,-0.14658716,-0.122618616,-0.14645082,-0.041086134,-0.12967405,-0.14661984,-0.2300741,-0.14659706,-0.10384405,-0.14510614,-0.0784167,-0.14646922,-0.12766197,-0.14649066,-0.121451,-0.075820275,-0.09192432,-0.101488546,-0.14633745,-0.14964435,-0.12378413,-0.14644766,-0.1410757,-0.13984437,-0.18093297,-0.14662246,-0.25777104,-0.12844054,-0.14652383,-0.13462572,-0.119081676,-0.14659154,-0.14973994,-0.14974166,-0.14974286,-0.19755594,0.6288888,1.376738,-0.19465852,1.1625236,-0.20506537,-0.22091979,-0.1466065,-0.1229399,-0.11956477,-0.14660162,-0.14973609,-0.20931396,-0.18224281,-0.14659181,-0.32474133,-0.14662048,-0.14974563,-0.1497445,-0.1497441,-0.2185038,-0.14659075,-0.114121355,-0.14659461,-0.14972961,-0.14973632,-0.22984435,-0.1466139,-0.14971691,-0.08963354,-0.14650714,-0.14969437,-0.14971277,-0.14971426,1.7076077,-0.1051107,-0.14014931,-0.15141064,-0.15839578,-0.15615125,-0.14613561,-0.14661014,0.8695043,-0.12335417,-0.14657259,-0.14974543,-0.14974496,-0.14974496,-0.14974548,1.4805623,-0.11451449,-0.14658041,-0.15564899,-0.14443555,-0.16636807,-0.14661562,-0.14966424,-0.12993515,-0.047159404,-0.14043719,-0.14016809,-0.14106366,-0.14646564,-0.19987361,-0.1649412,-0.17166539,-0.14659262,-0.14970168,-0.12722544,-0.14610182,1.2398626,-0.12312868,-0.14648807,-0.09132757,-0.12832497,-0.13684332,-0.16221203,0.67322165,-0.12247302,-0.14635116,-0.14964719,-0.1496981,-0.14973304,-0.15740095,-0.19795567,-0.15106063,-0.07294749,-0.2039893,-0.14658111,-0.14969648,-0.104459345,-0.14615834,-0.17466888,-0.13176009,-0.1465888,-0.15109587,-0.10913184,-0.14641595,-0.05825615,-0.14326635,-0.17082691,-0.14652523,-0.18883844,-0.14662164,-0.31316653,-0.14661142,-0.16808087,-0.14331596,-0.14661366,-0.14974187,-0.25088155,-0.14662203,-0.22115314,-0.07562123,-0.086852394,-0.10702289,-0.060967896,-0.13967627,-0.16796505,-0.15746465,-0.22133875,-0.12812386,-0.0969081,1.0510405,-0.12716047,-0.11335766,0.6280233,-0.12334569,-0.17755464,-0.0994983,-0.115196005,-0.14652634,-0.11662802,-0.19749595,-0.14526704,-0.12781724,-0.096878245,-0.14652635,-0.14953868,1.9799742,-0.11230643,-0.063823454,-0.1464526,-0.11419349,1.7365637,-0.24483351,-0.14662257,-0.14973308,-0.16344379,-0.1759062,-0.12524253,-0.14660734,-0.0782174,-0.19187105,0.8180052,-0.09859173,-0.11065883,-0.14626767,-0.14940736,-0.083404,-0.1213824,-0.13072303,-0.13855581,-0.19385117,-0.14658377,-0.14973861,-0.19487974,-0.23847799,-0.2432746,-0.12298599,-0.14640807,-0.14970872,-0.14520228,-0.2961179,-0.14662182,-0.19813283,-0.1232386,-0.14655484,-0.060104962,-0.15931924,-0.14661998,-0.2028091,-0.2868003,-0.11816878,-0.14795661,-0.10060286,-0.14645731,-0.13614628,-0.20725825,-0.17393659,-0.125103,-0.15657571,-0.15690626,-0.1466185,-0.14974114,-0.16221246,-0.22200036,-0.12342289,-0.2814266,-0.14662302,-0.1915083,-0.24371436,-0.16952515,-0.14652967,-0.13369927,-0.12557748,-0.14661524,-0.18106565,-0.14662275,-0.18642783,-0.14656284,-0.30462334,-0.1465064,-0.14691104,-0.13029914,-0.14660922,-0.14972827,2.1671994,-0.12333798,-0.14661443,-0.10481856,-0.1650517,-0.14661214,-0.14974326,-0.14971212,-0.122876436,-0.14651263,-0.1497077,-0.14969815,-0.14971027,-0.14971876,-0.16505513,0.7024131,-0.14660743,-0.14973573,-0.14972515,-0.14973629,2.9376745,-0.15354379,-0.14723541,-0.14556599,-0.11499533,-0.10471026,-0.11893196,-0.14661121,-0.1496608,-0.123294815,-0.19501048,-0.14661941,-0.18738703,-0.11705899,-0.17429145,-0.14660904,-0.06652963,-0.14635286,-0.10737923,-0.124497145,-0.15298569,-0.052188452,-0.26007295
k__Bacteria|p__Firmicutes|c__Bacilli|o__Bacillales|f__Staphylococcaceae|g__Staphylococcus|s__Staphylococcus_aureus,0.7546924,-0.12316422,-0.14591268,-0.14902052,-0.14902084,-0.23867357,-0.1666669,1.0909792,-0.10929718,-0.22895765,-0.23728925,-0.1459183,-0.22850217,-0.3768707,-0.08556121,-0.14545585,-0.058144663,-0.14530128,-0.14894824,1.2877617,-0.1978925,-0.12261902,-0.14587724,-0.12711628,0.88444287,-0.11658599,-0.182019,-0.25032333,-0.1509206,-0.14588273,-0.15142563,-0.10844302,-0.18249588,-0.28454733,-0.14590272,-0.12283231,-0.14591551,1.9165905,-0.14591873,2.3437047,-0.14591879,-0.29356226,-0.1220563,-0.14574546,-0.13691942,-0.14591233,-0.23188588,-0.24781659,-0.1296162,-0.122838914,-0.24679694,-0.18279888,-0.25087595,-0.26027086,-0.28621647,-0.27511892,-0.11894142,-0.14581797,-0.040142577,-0.056944285,-0.14507115,-0.11274739,-0.13743341,-0.12270735,-0.14589329,-0.1490154,-0.14902058,-0.14902133,-0.27573854,-0.14587238,-0.12271014,-0.16243835,-0.12334165,-0.14074792,-0.145879,-0.15887658,-0.14481027,-0.122814775,-0.18691605,-0.14998752,-0.14590475,-0.14899588,-0.1490089,-0.14893165,-0.120334074,-0.13700745,-0.08858878,-0.14589784,0.77111685,-0.1459108,-0.2004665,-0.11139822,-0.1388583,-0.13027036,-0.1074974,-0.15152657,-0.14579901,-0.14866978,-0.10065024,-0.08152827,-0.09427856,-0.14585648,-0.11960925,-0.15027548,-0.16982608,-0.1185138,-0.14587554,-0.14901352,1.1728088,-0.15176103,-0.14591411,-0.25953975,-0.17989698,-0.13525523,-0.14591089,-0.15095688,-0.17780018,-0.2009549,-0.14588651,3.7257328,-0.14557235,-0.12151222,-0.121854745,-0.13997786,-0.21433522,-0.13908121,-0.16057305,-0.14582843,-0.07092635,-0.14518946,-0.14811292,-0.18733518,-0.14561155,-0.122694716,-0.12334781,-0.14100276,-0.145864,-0.114095174,-0.25318068,-0.26654312,-0.12185536,-0.10945694,-0.14585383,-0.09238048,-0.20963459,-0.14591114,-0.14892116,-0.12215833,-0.14582872,-0.16015086,-0.1553517,-0.14591616,-0.19704957,-0.20616047,-0.12150916,-0.10460003,-0.11361031,-0.10256614,-0.14590761,0.8231481,-0.14587954,-0.122055724,-0.14573169,-0.041086134,-0.12967405,-0.14591467,-0.2300741,-0.14588973,-0.10384405,-0.14429545,-0.0784167,-0.14575163,-0.12766197,-0.14577425,-0.121451,-0.075820275,-0.09192432,-0.101488546,-0.14560898,-0.14891219,-0.12378413,-0.14573795,1.092973,-0.13984437,-0.18093297,-0.14591758,-0.25777104,-0.12844054,-0.14581281,-0.13462572,-0.119081676,-0.145884,-0.14901593,-0.14901783,-0.1490191,-0.19755594,-0.25103784,-0.20219928,-0.19465852,-0.24831252,-0.20506537,-0.22091979,-0.1459001,-0.12238064,-0.11956477,-0.14589483,-0.1490117,-0.20931396,-0.18224281,-0.14588451,2.4679136,-0.14591542,-0.14902215,-0.1490209,-0.14902048,-0.2185038,-0.14588371,-0.114121355,-0.14588703,-0.14900446,-0.14901197,-0.22984435,-0.14590827,-0.14899178,-0.08963354,-0.14579219,-0.14896643,-0.1489861,-0.14898804,-0.13302092,-0.1051107,-0.14014931,-0.15141064,-0.15839578,-0.15615125,-0.14613561,-0.14590415,-0.12319561,-0.12278258,-0.14586264,-0.14902194,-0.14902139,-0.14902139,-0.14902198,-0.38518023,-0.11451449,-0.14587152,-0.15564899,-0.14443555,-0.16636807,-0.14591002,-0.14893225,-0.12993515,-0.047159404,-0.1391043,1.0188338,-0.14106366,-0.14574565,-0.19987361,1.7430692,-0.17166539,-0.14588499,-0.14897437,-0.12722544,-0.14610182,-0.2588673,-0.12256544,-0.14577219,-0.09132757,-0.12832497,-0.13684332,-0.16221203,-0.15659244,-0.12192339,-0.14562404,-0.14891507,-0.14897043,-0.14900842,-0.15740095,-0.19795567,-0.15106063,-0.07294749,-0.2039893,-0.14587224,-0.148969,-0.104459345,-0.14549662,-0.17466888,-0.13176009,-0.14588094,-0.15109587,-0.10913184,-0.14569542,-0.05825615,1.751724,-0.17082691,-0.14581102,-0.18883844,-0.14591666,1.4602308,-0.14590538,-0.16808087,-0.14331596,-0.14590795,-0.14901799,-0.25088155,-0.14591707,-0.22115314,-0.07562123,-0.086852394,-0.10702289,-0.060967896,-0.1382679,-0.16796505,-0.15746465,3.8644423,3.721637,-0.0969081,-0.16398169,-0.12716047,-0.11335766,-0.18846886,-0.12277552,-0.17755464,-0.0994983,-0.115196005,-0.14581257,-0.11662802,-0.19749595,-0.14526704,-0.12781724,-0.096878245,-0.14581338,-0.14879757,-0.12434345,-0.11230643,-0.063823454,-0.1457339,-0.11419349,-0.10007019,-0.24483351,-0.1459177,-0.1490083,-0.16344379,-0.1759062,-0.12524253,-0.14590104,-0.0782174,-0.19187105,-0.18185812,1.6128322,2.1686783,-0.1455322,-0.14865434,-0.083404,-0.1213824,-0.13072303,-0.13855581,-0.19385117,-0.14587507,-0.14901447,-0.19487974,-0.23847799,-0.2432746,-0.12239985,-0.1456844,-0.14898172,-0.14520228,-0.2961179,-0.14591685,-0.19813283,-0.12266876,-0.14584383,-0.060104962,-0.15931924,-0.1459148,-0.2028091,-0.2868003,-0.11816878,-0.14795661,-0.10060286,-0.14573696,-0.13614628,-0.20725825,-0.17393659,-0.125103,-0.15657571,-0.15690626,-0.14591321,-0.14901724,-0.16221246,-0.22200036,-0.12285602,-0.2814266,-0.14591816,-0.1915083,-0.24371436,-0.16952515,-0.14581814,-0.13369927,-0.12557748,-0.14590962,-0.18106565,-0.14591788,-0.18642783,-0.14585263,-0.30462334,-0.14578986,-0.14691104,-0.13029914,-0.14590305,-0.14900318,-0.18915205,-0.12276712,-0.14590883,2.216175,1.2938479,-0.14590621,-0.14901954,-0.1489856,-0.12230854,-0.14579818,-0.14898056,-0.14897029,-0.1489834,-0.14899305,-0.16505513,-0.17392421,-0.14590105,-0.14901134,-0.14899972,-0.14901194,-0.2025511,-0.15354379,2.2435324,-0.14475268,2.230751,-0.10471026,1.8408872,-0.14590527,-0.14892995,-0.12272309,-0.19501048,-0.1459142,3.5657535,-0.11705899,-0.17429145,-0.14590307,-0.06652963,-0.14562735,-0.10737923,-0.124497145,-0.15298569,-0.052188452,-0.26007295
k__Bacteria|p__Firmicutes|c__Clostridia|o__Eubacteriales|f__Eubacteriales_Family_XIII_Incertae_Sedis|g__Mogibacterium|s__Mogibacterium_diversum,-0.1004395,-0.12316422,-0.14334023,-0.14638557,-0.14638582,-0.23867357,-0.1666669,-0.16813041,-0.10929718,-0.22895765,1.4518645,-0.14334449,-0.22850217,-0.3768707,-0.08556121,-0.14298582,-0.058144663,-0.14286931,-0.14633037,-0.19931981,-0.1978925,-0.12055723,-0.14331311,-0.12711628,-0.20043859,-0.11658599,-0.182019,0.84462804,-0.1509206,-0.14331752,-0.15142563,-0.10844302,-0.18249588,-0.28454733,-0.14333262,-0.120722756,-0.14334236,-0.22338755,-0.14334482,-0.29867563,-0.14334488,-0.29356226,-0.12011877,-0.14321345,-0.13691942,-0.14333993,-0.23188588,-0.24781659,-0.1296162,-0.120727986,-0.24679694,-0.18279888,-0.25087595,-0.26027086,-0.28621647,-0.27511892,-0.11894142,-0.14326768,-0.040142577,-0.056944285,-0.1427021,-0.11274739,-0.13743341,-0.12062671,-0.14332554,-0.14638165,-0.14638561,-0.14638619,-0.27573854,-0.1433093,-0.12062828,-0.16243835,-0.12334165,-0.14074792,-0.14331454,-0.15887658,-0.14481027,-0.12070891,-0.18691605,-0.14998752,-0.14333414,-0.1463668,-0.14637677,-0.1463176,-0.120334074,-0.13700745,-0.08858878,-0.14332888,1.8411616,-0.14333877,-0.2004665,-0.11139822,-0.1388583,-0.13027036,1.1346718,-0.15152657,-0.1432534,-0.14610608,-0.10065024,-0.08152827,-0.09427856,-0.14329715,-0.11960925,-0.15027548,-0.16982608,-0.1185138,-0.14331198,-0.14638022,1.1937762,-0.15176103,-0.1433413,-0.25953975,-0.17989698,-0.13525523,-0.14333883,-0.15095688,-0.17780018,-0.2009549,-0.14332047,-0.09015879,-0.14307915,-0.12151222,-0.121854745,-0.13997786,-0.21433522,-0.13908121,-0.16057305,-0.14327571,-0.07092635,-0.14278561,-0.14570089,-0.18733518,-0.14311332,-0.120616734,-0.12334781,-0.14100276,-0.14330299,-0.114095174,-0.25318068,1.0188918,-0.11996525,-0.10945694,-0.14329517,-0.09238048,-0.20963459,-0.14333902,-0.14631067,-0.120192885,-0.14327602,-0.16015086,-0.1553517,-0.14334287,-0.19704957,-0.20616047,-0.11971176,-0.10460003,-0.11361031,-0.10256614,-0.14333633,-0.19495486,-0.14331496,-0.12013216,-0.14320129,-0.041086134,-0.12967405,-0.14334176,-0.2300741,-0.14332289,-0.10384405,-0.14209208,-0.0784167,-0.14321691,-0.12766197,-0.14323434,-0.121451,-0.075820275,-0.09192432,-0.101488546,-0.14310752,-0.14630254,-0.12378413,-0.14320272,-0.1410757,-0.13984437,-0.18093297,-0.14334394,-0.25777104,-0.12844054,-0.14326318,-0.13462572,-0.119081676,-0.14331818,-0.14638206,-0.1463835,-0.14638449,-0.19755594,1.1795897,2.1325717,0.6078117,1.4057047,-0.20506537,-0.22091979,-0.1433307,-0.12036927,-0.11956477,-0.14332655,-0.14637886,-0.20931396,-0.18224281,-0.14331861,-0.32474133,-0.14334229,-0.1463868,-0.14638585,-0.14638552,-0.2185038,-0.14331785,-0.114121355,-0.14332078,-0.14637351,-0.14637905,-0.22984435,-0.14333682,-0.14636326,-0.08963354,-0.14324814,-0.14634407,-0.14635947,-0.14636064,1.9758079,-0.1051107,-0.14014931,-0.15141064,-0.15839578,-0.15615125,-0.14613561,-0.14333364,-0.12319561,-0.12068496,-0.14330244,-0.14638664,-0.14638624,-0.14638624,-0.14638668,-0.38518023,-0.11451449,-0.14330891,-0.15564899,-0.14443555,-0.16636807,-0.14333823,-0.14631927,-0.12993515,-0.047159404,-0.13819936,-0.14016809,-0.14106366,-0.14321326,-0.19987361,-0.1649412,-0.17166539,-0.14331907,-0.14635015,-0.12722544,-0.14610182,-0.2588673,-0.12051493,-0.14323254,-0.09132757,-0.12832497,-0.13684332,-0.16221203,-0.15659244,-0.120021135,-0.1431194,-0.14630495,-0.1463472,-0.14637631,-0.15740095,-0.19795567,-0.15106063,-0.07294749,-0.2039893,-0.1433095,-0.14634596,-0.104459345,-0.14300072,5.449026,-0.13176009,-0.14331582,-0.15109587,-0.10913184,-0.14317372,-0.05825615,-0.14326635,-0.17082691,-0.14326295,-0.18883844,-0.14334327,-0.31316653,-0.14333478,-0.16808087,-0.14331596,-0.1433366,-0.14638367,1.1644089,-0.14334357,0.834394,-0.07562123,-0.086852394,-0.10702289,-0.060967896,-0.13756391,-0.16796505,-0.15746465,-0.22133875,-0.12812386,-0.0969081,-0.16398169,-0.12716047,-0.11335766,-0.18846886,-0.120679006,-0.17755464,-0.0994983,-0.115196005,-0.14326395,-0.11662802,-0.19749595,-0.14526704,-0.12781724,-0.096878245,-0.14326394,-0.14621505,-0.12434345,-0.11230643,-0.063823454,-0.14320317,-0.11419349,-0.10007019,-0.24483351,-0.14334404,-0.14637637,-0.16344379,1.3187532,-0.12524253,-0.1433313,-0.0782174,-0.19187105,-0.18185812,-0.09859173,-0.11065883,-0.14304897,-0.1461056,-0.083404,-0.1213824,-0.13072303,-0.13855581,-0.19385117,-0.14331174,-0.14638095,-0.19487974,-0.23847799,-0.2432746,-0.120396666,-0.1431658,-0.14635608,-0.14520228,0.524715,-0.14334339,-0.19813283,-0.120596156,-0.14328782,-0.060104962,-0.15931924,-0.14334185,-0.2028091,1.7338578,-0.11816878,-0.14795661,-0.10060286,-0.14320663,-0.13614628,-0.20725825,-0.17393659,-0.125103,-0.15657571,-0.15690626,-0.14334063,-0.14638305,0.8774434,2.655099,-0.120741144,-0.2814266,-0.14334439,-0.1915083,-0.24371436,-0.16952515,-0.1432677,-0.13369927,-0.12557748,-0.1433379,1.144139,-0.14334416,-0.18642783,-0.14329462,-0.30462334,-0.1432473,-0.14691104,-0.13029914,-0.1433329,-0.14637232,-0.18915205,-0.12067218,-0.14333725,-0.10481856,-0.1650517,-0.14333534,-0.14638484,-0.14635918,-0.12032553,-0.14325261,-0.14635527,-0.14634731,-0.14635742,-0.14636448,-0.16505513,-0.17392421,-0.14333141,-0.14637855,-0.14636976,-0.14637901,1.3107531,-0.15354379,-0.14723541,-0.14246503,-0.11499533,-0.10471026,-0.11893196,-0.1433346,-0.14631674,-0.1206373,-0.19501048,-0.1433414,1.2400997,-0.11705899,-0.17429145,-0.14333284,-0.06652963,-0.14312063,-0.10737923,-0.124497145,-0.15298569,-0.052188452,2.2356315
k__Bacteria|p__Firmicutes|c__Clostridia|o__Eubacteriales|f__Clostridiaceae|g__Clostridium|s__Clostridium_baratii,-0.1004395,-0.12316422,-0.14408378,-0.14729834,-0.1472989,-0.23867357,-0.1666669,-0.16813041,-0.10929718,-0.22895765,-0.23728925,-0.14409271,-0.22850217,-0.3768707,-0.08556121,-0.14333838,-0.058144663,-0.14305526,-0.14718243,-0.19931981,-0.1978925,-0.11985402,-0.14402543,-0.12711628,-0.20043859,-0.11658599,-0.182019,-0.25032333,-0.1509206,-0.14403597,-0.15142563,-0.10844302,-0.18249588,3.5231133,-0.14406782,-0.12020925,-0.14408815,-0.22338755,-0.1440934,-0.29867563,-0.14409354,-0.29356226,-0.118898556,-0.14382052,-0.13691942,-0.14408283,-0.23188588,-0.24781659,-0.1296162,-0.1202212,-0.24679694,-0.18279888,4.061549,-0.26027086,-0.28621647,-0.27511892,-0.11894142,-0.14392954,-0.040142577,-0.056944285,-0.14274934,-0.11274739,-0.13743341,-0.120009005,-0.1440535,-0.14728989,-0.14729853,-0.14729969,-0.27573854,-0.14402261,-0.120009296,-0.16243835,-0.12334165,-0.14074792,-0.14402851,-0.15887658,-0.14481027,-0.12017821,-0.18691605,3.041112,-0.14407068,-0.14725852,-0.14728028,-0.14716032,-0.120334074,-0.13700745,-0.08858878,-0.14405927,-0.19008024,-0.14408043,-0.2004665,-0.11139822,-0.1388583,-0.13027036,-0.1074974,-0.15152657,-0.14389724,-0.14674711,-0.10065024,-0.08152827,-0.09427856,-0.14399081,-0.11960925,-0.15027548,-0.16982608,-0.1185138,-0.14402486,-0.14728689,4.339331,4.362539,-0.14408602,-0.25953975,-0.17989698,-0.13525523,-0.1440805,-0.15095688,-0.17780018,-0.2009549,-0.14404532,-0.09015879,-0.14351931,-0.12151222,-0.121854745,-0.13997786,-0.21433522,-0.13908121,-0.16057305,-0.14394453,-0.07092635,-0.14290854,-0.14590174,1.8990254,-0.14363123,-0.11999202,-0.12334781,-0.14100276,-0.14400402,-0.114095174,-0.25318068,-0.26654312,-0.1186654,-0.10945694,-0.14398651,-0.09238048,-0.20963459,-0.14408094,-0.14714928,-0.1191251,-0.14394937,3.0148654,-0.1553517,-0.14408928,3.3141155,-0.20616047,-0.118154116,-0.10460003,-0.11361031,-0.10256614,-0.14407493,-0.19495486,-0.1440298,-0.11902742,-0.14378369,-0.041086134,-0.12967405,-0.14408717,-0.2300741,-0.1440467,-0.10384405,-0.14146313,-0.0784167,-0.14382482,-0.12766197,-0.14385755,-0.121451,-0.075820275,-0.09192432,0.73034126,-0.14358765,-0.14711946,-0.12378413,-0.14380836,-0.1410757,3.067761,-0.18093297,-0.14409152,-0.25777104,-0.12844054,-0.1439259,-0.13462572,-0.119081676,-0.14403552,-0.14729093,-0.14729401,-0.14729612,-0.19755594,-0.25103784,-0.20219928,-0.19465852,-0.24831252,-0.20506537,-0.22091979,-0.14406437,-0.11949392,-0.11956477,-0.14405385,-0.14728415,-0.20931396,-0.18224281,-0.14404008,-0.32474133,-0.14408791,-0.14730097,-0.14729895,-0.14729822,-0.2185038,-0.14404005,-0.114121355,-0.14404401,-0.14727426,-0.14728461,-0.22984435,-0.14407602,-0.14725634,-0.08963354,-0.14389044,-0.1472081,-0.1472439,-0.14724392,-0.13302092,-0.1051107,-0.14014931,-0.15141064,1.8397263,3.9580991,-0.14613561,-0.14406887,-0.12319561,-0.12012892,-0.14400592,-0.14730066,-0.14729981,-0.1472998,-0.14730074,-0.38518023,-0.11451449,-0.1440172,-0.15564899,-0.14443555,-0.16636807,-0.14407972,-0.14716455,-0.12993515,-0.047159404,-0.13354045,-0.14016809,-0.14106366,-0.14381534,-0.19987361,-0.1649412,-0.17166539,-0.14403805,-0.14722028,3.1502173,-0.14610182,-0.2588673,-0.11977372,-0.14385292,-0.09132757,-0.12832497,-0.13684332,-0.16221203,-0.15659244,-0.11884025,-0.1436244,-0.14712627,-0.14721577,-0.14727849,-0.15740095,-0.19795567,-0.15106063,1.70681,3.1017997,-0.14401972,-0.147212,-0.104459345,-0.14349784,-0.17466888,-0.13176009,-0.14402984,-0.15109587,-0.10913184,-0.14373484,-0.05825615,-0.14326635,-0.17082691,-0.14392087,-0.18883844,-0.14409018,-0.31316653,-0.14407349,-0.16808087,-0.14331596,-0.1440758,-0.14729458,-0.25088155,-0.14409088,-0.22115314,-0.07562123,-0.086852394,-0.10702289,-0.060967896,-0.13218015,-0.16796505,-0.15746465,6.4445934,5.0304294,-0.0969081,-0.16398169,2.7942183,-0.11335766,-0.18846886,-0.12011522,2.7315767,1.2356305,3.1336823,-0.143922,1.9822208,-0.19749595,3.5500355,5.9391646,-0.096878245,-0.1439178,-0.14693402,-0.12434345,-0.11230643,-0.063823454,-0.14379258,-0.11419349,-0.10007019,-0.24483351,-0.1440917,-0.14727943,-0.16344379,-0.1759062,-0.12524253,-0.14406419,-0.0782174,-0.19187105,0.9446259,-0.09859173,-0.11065883,-0.14345723,-0.14669973,4.2820106,-0.1213824,-0.13072303,-0.13855581,2.3490815,-0.14402469,-0.14728847,-0.19487974,-0.23847799,-0.2432746,-0.11953358,-0.14371225,-0.14723635,-0.14520228,-0.2961179,-0.14409035,-0.19813283,-0.119943425,-0.14397407,-0.060104962,-0.15931924,-0.14408723,-0.2028091,-0.2868003,-0.11816878,-0.14795661,-0.10060286,-0.14380348,-0.13614628,3.0201797,-0.17393659,-0.125103,-0.15657571,-0.15690626,-0.14408463,-0.14729296,-0.16221246,-0.22200036,-0.12024956,-0.2814266,-0.14409253,4.4453206,-0.24371436,-0.16952515,-0.14393753,-0.13369927,-0.12557748,-0.14407894,-0.18106565,-0.14409202,-0.18642783,-0.14399256,-0.30462334,-0.1438913,-0.14691104,-0.13029914,-0.14406812,-0.14726986,-0.18915205,-0.12009764,-0.14407712,-0.10481856,-0.1650517,-0.14407378,-0.14729683,-0.14724435,-0.11940436,-0.143895,-0.14723563,-0.1472179,-0.1472399,-0.1472537,-0.16505513,-0.17392421,-0.1440654,-0.14728329,-0.14726493,-0.14728424,-0.2025511,-0.15354379,-0.14723541,-0.14229135,-0.11499533,-0.10471026,-0.11893196,-0.14407171,-0.14715745,-0.12002167,4.471454,-0.14408639,2.996041,-0.11705899,2.1976495,-0.14406788,-0.06652963,-0.14361235,-0.10737923,-0.124497145,-0.15298569,-0.052188452,-0.26007295
k__Bacteria|p__Firmicutes|c__Clostridia|o__Eubacteriales|f__Clostridiaceae|g__Clostridiaceae_unclassified|s__Clostridiaceae_bacterium,-0.1004395,-0.12316422,-0.14847848,-0.15158466,-0.15158495,-0.23867357,-0.1666669,-0.16813041,-0.10929718,-0.22895765,-0.23728925,-0.14848351,-0.22850217,-0.3768707,-0.08556121,-0.1480555,-0.058144663,-0.14790869,-0.15151915,-0.19931981,-0.1978925,-0.12520865,-0.14844596,-0.12711628,-0.20043859,-0.11658599,-0.182019,-0.25032333,-0.1509206,-0.14845164,-0.15142563,-0.10844302,-0.18249588,3.0243483,-0.1484698,-0.1254086,-0.14848095,-0.22338755,-0.1484839,-0.29867563,-0.14848398,5.2307863,-0.12467012,-0.14832942,-0.13691942,-0.148478,-0.23188588,-0.24781659,-0.1296162,-0.12541528,-0.24679694,-0.18279888,-0.25087595,-0.26027086,-0.28621647,-0.27511892,-0.11894142,-0.14839171,-0.040142577,-0.056944285,-0.1477226,-0.11274739,-0.13743341,-0.12529443,-0.14846121,-0.15157995,-0.15158473,-0.1515854,5.2033334,-0.14844298,-0.12529582,-0.16243835,-0.12334165,-0.14074792,-0.14844762,-0.15887658,-0.14481027,-0.12539226,-0.18691605,-0.14998752,-0.14847112,-0.15156224,-0.15157431,-0.1515083,-0.120334074,-0.13700745,-0.08858878,-0.1484648,-0.19008024,-0.14847666,4.464951,-0.11139822,-0.1388583,-0.13027036,-0.1074974,-0.15152657,-0.14837421,-0.15127182,-0.10065024,-0.08152827,-0.09427856,-0.14842674,-0.11960925,-0.15027548,-0.16982608,-0.1185138,-0.14844516,-0.15157825,-0.17738779,-0.15176103,-0.14847973,-0.25953975,-0.17989698,-0.13525523,-0.14847672,-0.15095688,-0.17780018,-0.2009549,-0.14845642,-0.09015879,-0.14816408,-0.12151222,-0.121854745,-0.13997786,-0.21433522,-0.13908121,-0.16057305,-0.14840086,-0.07092635,-0.14781691,-0.1507836,-0.18733518,-0.14821717,-0.12528235,-0.12334781,-0.14100276,-0.1484339,-0.114095174,5.0057974,-0.26654312,-0.12448649,-0.10945694,-0.14842425,-0.09238048,-0.20963459,-0.14847696,-0.15149981,-0.12477284,-0.14840244,-0.16015086,-0.1553517,-0.14848159,-0.19704957,-0.20616047,-0.12416139,-0.10460003,-0.11361031,-0.10256614,-0.14847365,-0.19495486,-0.14844905,-0.12468494,-0.14831156,-0.041086134,-0.12967405,-0.14848033,-0.2300741,-0.14845851,-0.10384405,-0.14699477,-0.0784167,-0.14833182,-0.12766197,-0.14835164,-0.121451,-0.075820275,-0.09192432,-0.101488546,-0.14820008,-0.15148486,-0.12378413,-0.14832327,-0.1410757,-0.13984437,-0.18093297,-0.14848284,-0.25777104,-0.12844054,-0.14838958,-0.13462572,-0.119081676,-0.14845172,-0.15158047,-0.15158218,-0.15158337,-0.19755594,-0.25103784,-0.20219928,-0.19465852,2.3238375,-0.20506537,-0.22091979,-0.14846754,-0.12499085,-0.11956477,-0.14846191,-0.15157668,-0.20931396,-0.18224281,-0.14845362,-0.32474133,-0.14848083,-0.15158612,-0.15158498,-0.1515846,-0.2185038,-0.14845303,-0.114121355,-0.14845565,-0.1515707,-0.15157692,-0.22984435,-0.14847422,-0.15155953,-0.08963354,-0.14836909,-0.15153448,-0.15155375,-0.1515545,-0.13302092,-0.1051107,-0.14014931,-0.15141064,-0.15839578,-0.15615125,-0.14613561,-0.14847034,-0.12319561,-0.12536363,-0.14843401,-0.15158594,-0.15158546,-0.15158546,-0.15158598,4.397752,-0.11451449,-0.14844108,-0.15564899,-0.14443555,-0.16636807,-0.14847612,-0.15150832,-0.12993515,-0.047159404,-0.14245024,-0.14016809,-0.14106366,-0.14832723,-0.19987361,-0.1649412,-0.17166539,-0.14845298,-0.15154156,-0.12722544,-0.14610182,-0.2588673,-0.12515756,-0.14834923,-0.09132757,-0.12832497,-0.13684332,-0.16221203,-0.15659244,-0.12454173,-0.14821702,-0.15148813,-0.15153863,-0.15157357,-0.15740095,-0.19795567,-0.15106063,-0.07294749,-0.2039893,-0.14844212,-0.15153667,-0.104459345,-0.14808427,-0.17466888,-0.13176009,-0.14844877,-0.15109587,-0.10913184,-0.14827988,-0.05825615,-0.14326635,-0.17082691,-0.14838654,-0.18883844,-0.14848205,3.9913714,-0.1484724,-0.16808087,-0.14331596,-0.14847407,-0.15158246,-0.25088155,-0.14848246,-0.22115314,-0.07562123,-0.086852394,-0.10702289,-0.060967896,-0.14168578,-0.16796505,-0.15746465,-0.22133875,-0.12812386,-0.0969081,-0.16398169,-0.12716047,-0.11335766,-0.18846886,-0.12535629,-0.17755464,-0.0994983,-0.115196005,-0.14838749,-0.11662802,-0.19749595,-0.14526704,-0.12781724,-0.096878245,-0.1483862,-0.15138033,-0.12434345,-0.11230643,-0.063823454,-0.14831473,-0.11419349,-0.10007019,-0.24483351,-0.14848296,-0.15157428,-0.16344379,-0.1759062,-0.12524253,-0.14846763,-0.0782174,-0.19187105,-0.18185812,-0.09859173,-0.11065883,-0.14812839,-0.15124938,-0.083404,-0.1213824,-0.13072303,-0.13855581,-0.19385117,-0.14844486,-0.15157913,-0.19487974,-0.23847799,-0.2432746,-0.1250035,-0.14826971,-0.15154965,-0.14520228,2.5890574,-0.1484822,3.74245,-0.12525684,-0.14841631,-0.060104962,-0.15931924,-0.1484804,-0.2028091,-0.2868003,-0.11816878,-0.14795661,-0.10060286,-0.14832014,-0.13614628,-0.20725825,-0.17393659,-0.125103,-0.15657571,-0.15690626,-0.14847896,-0.15158165,-0.16221246,-0.22200036,-0.12543109,-0.2814266,-0.1484834,-0.1915083,5.696731,-0.16952515,-0.14839645,-0.13369927,-0.12557748,-0.1484757,-0.18106565,-0.14848313,-0.18642783,-0.14842668,-0.30462334,-0.1483689,-0.14691104,-0.13029914,-0.14846969,-0.15156873,-0.18915205,-0.12534772,-0.14847484,-0.10481856,0.960185,-0.14847274,-0.15158379,-0.15155497,-0.12492007,-0.14837316,-0.15154898,-0.15153919,-0.1515514,-0.15155949,-0.16505513,-0.17392421,-0.14846802,-0.15157622,-0.15156582,-0.15157676,-0.2025511,-0.15354379,-0.14723541,-0.14745238,-0.11499533,-0.10471026,-0.11893196,-0.14847168,-0.15150607,-0.12530512,-0.19501048,-0.1484799,-0.18738703,-0.11705899,-0.17429145,-0.14847037,-0.06652963,-0.14821509,-0.10737923,-0.124497145,-0.15298569,-0.052188452,-0.26007295
k__Bacteria|p__Firmicutes|c__Bacilli|o__Lactobacillales|f__Streptococcaceae|g__Streptococcus|s__Streptococcus_lactarius,2.2831526,5.5214996,-0.1452156,-0.14830741,-0.14830765,2.2376316,-0.1666669,-0.16813041,-0.10929718,-0.22895765,-0.23728925,-0.14521977,-0.22850217,3.1619678,1.8686674,-0.14486778,-0.058144663,-0.14475098,-0.1482534,-0.19931981,-0.1978925,-0.12209858,-0.14518899,-0.12711628,-0.20043859,-0.11658599,-0.182019,-0.25032333,-0.1509206,-0.14519341,-0.15142563,-0.10844302,-0.18249588,-0.28454733,-0.1452085,-0.122253306,-0.14521769,-0.22338755,-0.1452201,-0.29867563,-0.14522016,-0.29356226,-0.12168005,-0.14509195,-0.13691942,-0.14521529,-0.23188588,-0.24781659,-0.1296162,-0.12225832,3.0403938,-0.18279888,-0.25087595,-0.26027086,-0.28621647,-0.27511892,5.361502,-0.14514463,-0.040142577,-0.056944285,-0.14459082,-0.11274739,-0.13743341,-0.122164354,-0.1452013,-0.14830354,-0.14830747,-0.14830801,3.3312984,-0.14518705,-0.122164235,-0.16243835,-0.12334165,-0.14074792,-0.14519033,-0.15887658,-0.14481027,-0.1222401,-0.18691605,4.5725775,-0.14520963,-0.148289,-0.14829886,-0.14824402,-0.120334074,-0.13700745,-0.08858878,-0.14520442,-0.19008024,-0.14521417,-0.2004665,-0.11139822,-0.1388583,-0.13027036,-0.1074974,-0.15152657,-0.1451304,-0.14805827,-0.10065024,-0.08152827,-0.09427856,-0.14517334,-0.11960925,-0.15027548,-0.16982608,-0.1185138,-0.14518806,-0.14830217,-0.17738779,-0.15176103,-0.14521667,-0.25953975,-0.17989698,-0.13525523,-0.1452142,-0.15095688,3.117521,0.67647725,-0.1451973,6.4764256,-0.144959,4.3410006,4.4559517,2.0562568,-0.21433522,-0.13908121,-0.16057305,-0.14515227,-0.07092635,-0.14467216,-0.14764042,-0.18733518,-0.14499706,-0.122155815,6.9447007,6.8867,-0.14517906,3.790553,-0.25318068,-0.26654312,-0.12157075,1.1150601,-0.14517131,-0.09238048,-0.20963459,-0.14521441,-0.14823678,-0.12177469,-0.14515284,-0.16015086,-0.1553517,-0.1452182,2.5539098,1.7774806,-0.121313035,-0.10460003,-0.11361031,-0.10256614,-0.14521173,-0.19495486,-0.14519168,-0.12172371,-0.14507899,-0.041086134,-0.12967405,-0.14521712,-0.2300741,-0.14519924,7.4748173,-0.14399868,4.1871843,-0.14509515,4.7096543,-0.14511174,2.9713414,-0.075820275,-0.09192432,5.168868,-0.14498809,-0.14822586,-0.12378413,-0.14508699,-0.1410757,-0.13984437,-0.18093297,-0.14521924,-0.25777104,-0.12844054,-0.145144,-0.13462572,-0.119081676,-0.14519386,-0.14830396,-0.14830539,-0.14830634,-0.19755594,-0.25103784,-0.20219928,-0.19465852,-0.24831252,-0.20506537,-0.22091979,-0.14520657,-0.12193929,-0.11956477,-0.14520213,-0.14830083,-0.20931396,-0.18224281,-0.14519516,6.1635137,-0.1452176,-0.14830862,-0.14830768,-0.14830735,-0.2185038,-0.14519468,-0.114121355,-0.1451967,-0.14829573,-0.148301,-0.22984435,-0.1452122,-0.14828664,-0.08963354,-0.14512561,-0.14826655,-0.14828187,-0.14828283,-0.13302092,-0.1051107,-0.14014931,-0.15141064,-0.15839578,-0.15615125,3.2531295,-0.14520906,-0.12319561,-0.12221694,-0.1451787,-0.14830846,-0.14830807,-0.14830807,-0.1483085,-0.38518023,-0.11451449,-0.14518489,-0.15564899,-0.14443555,3.3453279,-0.14521366,-0.1482438,-0.12993515,-0.047159404,-0.1401948,-0.14016809,-0.14106366,-0.14509106,-0.19987361,-0.1649412,-0.17166539,-0.1451948,-0.1482724,-0.12722544,-0.14610182,-0.2588673,-0.1220647,-0.14511019,-0.09132757,-0.12832497,-0.13684332,-0.16221203,-0.15659244,-0.12163369,-0.14500067,-0.1482284,-0.14826973,-0.14829832,-0.15740095,-0.19795567,-0.15106063,-0.07294749,-0.2039893,-0.14518562,-0.14826846,-0.104459345,-0.14494675,-0.17466888,-0.13176009,-0.14519149,-0.15109587,-0.10913184,-0.1450534,-0.05825615,-0.14326635,-0.17082691,-0.1451399,-0.18883844,-0.14521857,-0.31316653,-0.14521044,-0.16808087,-0.14331596,-0.14521202,-0.14830557,-0.25088155,-0.14521888,-0.22115314,-0.07562123,-0.086852394,-0.10702289,-0.060967896,-0.13957568,-0.16796505,-0.15746465,-0.22133875,-0.12812386,-0.0969081,-0.16398169,-0.12716047,-0.11335766,-0.18846886,-0.1222123,-0.17755464,-0.0994983,2.1207647,-0.14514086,-0.11662802,-0.19749595,-0.14526704,-0.12781724,-0.096878245,-0.14514051,-0.14814046,-0.12434345,-0.11230643,-0.063823454,-0.14508152,-0.11419349,-0.10007019,-0.24483351,-0.14521933,-0.14829874,-0.16344379,-0.1759062,1.268661,-0.1452068,-0.0782174,-0.19187105,-0.18185812,-0.09859173,5.1570363,-0.14492963,-0.14803275,-0.083404,-0.1213824,-0.13072303,6.5888305,4.0281796,-0.1451878,-0.14830288,-0.19487974,-0.23847799,-0.2432746,-0.12194805,-0.14504468,-0.14827853,-0.14520228,-0.2961179,-0.1452187,-0.19813283,-0.12213649,-0.14516446,-0.060104962,-0.15931924,-0.1452172,-0.2028091,-0.2868003,-0.11816878,-0.14795661,-0.10060286,-0.14508505,-0.13614628,-0.20725825,-0.17393659,8.389668,5.132051,5.7460766,-0.145216,-0.14830494,-0.16221246,-0.22200036,-0.12227108,-0.2814266,-0.14521967,-0.1915083,-0.24371436,-0.16952515,-0.14514802,-0.13369927,-0.12557748,-0.14521334,-0.18106565,-0.14521946,-0.18642783,-0.14517242,-0.30462334,-0.14512481,-0.14691104,-0.13029914,-0.14520842,-0.14829439,-0.18915205,-0.12220523,-0.14521268,-0.10481856,-0.1650517,-0.14521086,-0.1483067,-0.14828269,-0.12189861,-0.14512953,-0.14827783,-0.14826998,-0.1482799,-0.14828679,-0.16505513,-0.17392421,-0.14520699,-0.14830051,-0.14829189,-0.14830095,-0.2025511,-0.15354379,-0.14723541,-0.14436218,-0.11499533,-0.10471026,-0.11893196,-0.14521007,-0.14824207,-0.12217167,-0.19501048,-0.14521678,-0.18738703,-0.11705899,-0.17429145,-0.14520895,-0.06652963,-0.14500013,3.5675745,5.4248366,2.1112878,-0.052188452,-0.26007295
k__Bacteria|p__Firmicutes|c__Bacilli|o__Lactobacillales|f__Enterococcaceae|g__Enterococcus|s__Enterococcus_gallinarum,-0.1004395,-0.12316422,-0.14412418,-0.14714327,-0.14714357,-0.23867357,-0.1666669,-0.16813041,-0.10929718,-0.22895765,-0.23728925,-0.1441287,-0.22850217,-0.3768707,-0.08556121,-0.14374995,-0.058144663,-0.14361702,-0.14708486,-0.19931981,-0.1978925,-0.12152336,-0.14409524,-0.12711628,-0.20043859,-0.11658599,-0.182019,-0.25032333,-0.1509206,-0.1441003,-0.15142563,-0.10844302,-0.18249588,-0.28454733,-0.14411652,-0.12170099,-0.14412642,-0.22338755,-0.14412904,-0.29867563,-0.1441291,-0.29356226,-0.121058345,-0.14399146,-0.13691942,-0.1441238,1.4887244,-0.24781659,-0.1296162,-0.121706955,-0.24679694,-0.18279888,-0.25087595,-0.26027086,-0.28621647,-0.27511892,-0.11894142,-0.14404681,-0.040142577,-0.056944285,-0.14345078,-0.11274739,-0.13743341,-0.121599644,-0.1441088,-0.1471391,-0.14714336,-0.14714396,-0.27573854,-0.14409253,-0.12160079,-0.16243835,-0.12334165,-0.14074792,-0.14409672,-0.15887658,-0.14481027,-0.12168646,2.1245835,-0.14998752,-0.14411765,-0.1471233,-0.14713407,-0.14707495,-0.120334074,-0.13700745,-0.08858878,-0.14411202,-0.19008024,-0.14412259,-0.2004665,2.484968,2.9184048,2.27307,-0.1074974,-0.15152657,-0.14403135,-0.146869,-0.10065024,-0.08152827,-0.09427856,-0.1440781,-0.11960925,-0.15027548,-0.16982608,3.9297373,-0.14409445,-0.14713758,2.8434954,-0.15176103,-0.14412531,-0.25953975,-0.17989698,-0.13525523,-0.14412263,-0.15095688,-0.17780018,-0.2009549,-0.1441046,-0.09015879,-0.14384416,-0.12151222,-0.121854745,-0.13997786,-0.21433522,-0.13908121,-0.16057305,-0.14405501,-0.07092635,-0.14353544,-0.14642924,-0.18733518,-0.14389077,-0.12159084,-0.12334781,-0.14100276,-0.14408442,-0.114095174,4.118239,-0.26654312,-0.12088393,-0.10945694,-0.1440759,-0.09238048,3.6125422,-0.14412284,-0.1470677,-0.121137306,-0.14405635,-0.16015086,-0.1553517,-0.14412698,-0.19704957,-0.20616047,-0.12060353,-0.10460003,-0.11361031,-0.10256614,-0.1441199,-0.19495486,-0.14409794,-0.121066906,-0.14397553,-0.041086134,-0.12967405,-0.14412585,-0.2300741,-0.14410639,-0.10384405,-0.14280155,-0.0784167,-0.14399323,-0.12766197,-0.1440112,-0.121451,-0.075820275,-0.09192432,-0.101488546,-0.14387612,-0.14705436,-0.12378413,-0.14398675,-0.1410757,-0.13984437,-0.18093297,-0.14412808,-0.25777104,-0.12844054,-0.14404452,-0.13462572,-0.119081676,-0.14410038,-0.14713956,-0.1471411,-0.14714214,-0.19755594,-0.25103784,-0.20219928,-0.19465852,-0.24831252,-0.20506537,-0.22091979,-0.14411438,-0.12132888,-0.11956477,-0.14410946,-0.14713618,-0.20931396,-0.18224281,-0.14410199,-0.32474133,-0.14412633,-0.1471446,-0.1471436,-0.14714323,-0.2185038,-0.14410108,-0.114121355,-0.14410383,-0.14713085,-0.14713639,1.2317142,-0.14412041,-0.14712057,-0.08963354,-0.1440266,-0.1470986,-0.14711577,-0.14711644,-0.13302092,-0.1051107,-0.14014931,-0.15141064,-0.15839578,-0.15615125,-0.14613561,-0.14411697,-0.12319561,-0.12166107,-0.14408457,-0.14714444,-0.14714402,-0.14714402,-0.14714448,-0.38518023,-0.11451449,-0.14409089,-0.15564899,-0.14443555,-0.16636807,-0.14412211,-0.14707506,-0.12993515,-0.047159404,-0.13875294,-0.14016809,-0.14106366,-0.14398947,-0.19987361,3.3350518,-0.17166539,-0.1441015,-0.14710495,-0.12722544,-0.14610182,-0.2588673,-0.12147674,-0.14400911,-0.09132757,-0.12832497,-0.13684332,-0.16221203,-0.15659244,-0.120933205,-0.14389057,-0.14705725,-0.14710224,-0.14713341,-0.15740095,-0.19795567,-0.15106063,-0.07294749,-0.2039893,-0.14409181,-0.14710051,-0.104459345,-0.14378715,-0.17466888,-0.13176009,-0.14409775,-0.15109587,-0.10913184,-0.14394768,-0.05825615,-0.14326635,-0.17082691,-0.1440423,3.6903634,-0.1441274,-0.31316653,-0.14411873,5.8490324,6.573983,-0.14412028,-0.14714134,2.1639707,-0.14412774,-0.22115314,-0.07562123,-0.086852394,-0.10702289,-0.060967896,-0.13807037,-0.16796505,-0.15746465,5.064377,2.6951451,3.856165,4.7543154,2.5535176,-0.11335766,4.552526,-0.12165445,-0.17755464,-0.0994983,-0.115196005,-0.14404316,-0.11662802,-0.19749595,-0.14526704,-0.12781724,-0.096878245,-0.14404202,-0.14696126,-0.12434345,-0.11230643,-0.063823454,-0.1439782,-0.11419349,-0.10007019,-0.24483351,-0.1441282,-0.14713398,-0.16344379,0.983391,3.7120855,-0.14411455,-0.0782174,-0.19187105,-0.18185812,-0.09859173,-0.11065883,-0.1438125,-0.14684477,-0.083404,-0.1213824,2.7493317,-0.13855581,-0.19385117,-0.14409423,-0.14713836,-0.19487974,-0.23847799,2.4013345,-0.121342316,-0.14393833,-0.1471121,-0.14520228,-0.2961179,-0.14412752,-0.19813283,-0.121565536,-0.14406884,-0.060104962,-0.15931924,-0.14412591,-0.2028091,-0.2868003,1.766599,-0.14795661,-0.10060286,-0.14398313,-0.13614628,-0.20725825,2.7896686,-0.125103,-0.15657571,-0.15690626,-0.14412463,-0.14714062,-0.16221246,-0.22200036,-0.121721,-0.2814266,-0.14412859,-0.1915083,-0.24371436,-0.16952515,-0.14405106,-0.13369927,-0.12557748,-0.14412174,-0.18106565,-0.14412835,4.4589553,-0.14407784,2.9529893,-0.14402656,2.493601,-0.13029914,-0.14411639,-0.14712912,5.164835,-0.12164677,-0.14412096,-0.10481856,-0.1650517,-0.14411911,-0.1471425,-0.14711662,-0.121262714,-0.14403042,-0.14711148,-0.14710274,-0.14711368,-0.14712083,-0.16505513,-0.17392421,-0.14411491,-0.1471358,-0.1471265,-0.14713627,-0.2025511,-0.15354379,-0.14723541,-0.14320964,-0.11499533,-0.10471026,-0.11893196,-0.14411816,-0.14707288,-0.12160877,0.9944897,-0.14412546,-0.18738703,-0.11705899,-0.17429145,-0.14411682,1.6326973,-0.1438898,-0.10737923,-0.124497145,-0.15298569,-0.052188452,-0.26007295
k__Bacteria|p__Firmicutes|c__Clostridia|o__Eubacteriales|f__Clostridiaceae|g__Clostridium|s__Clostridium_sp_AT4,-0.1004395,-0.12316422,-0.14648719,-0.14958322,-0.14958346,7.2346115,8.095406,-0.16813041,-0.10929718,-0.22895765,-0.23728925,-0.14649168,-0.22850217,6.7332163,-0.08556121,-0.14611432,-0.058144663,-0.14598896,-0.1495252,4.2536745,4.3541207,-0.123314105,-0.1464586,-0.12711628,-0.20043859,-0.11658599,-0.182019,4.8109727,-0.1509206,-0.14646333,-0.15142563,-0.10844302,-0.18249588,-0.28454733,-0.14647925,-0.12349289,-0.14648941,-0.22338755,-0.146492,-0.29867563,-0.14649208,-0.29356226,-0.122831896,-0.1463542,-0.13691942,-0.14648686,-0.23188588,-0.24781659,-0.1296162,-0.12349871,-0.24679694,-0.18279888,-0.25087595,-0.26027086,-0.28621647,3.839709,-0.11894142,-0.14641064,-0.040142577,-0.056944285,-0.14581633,-0.11274739,-0.13743341,-0.12338972,-0.1464718,-0.14957908,-0.14958328,-0.14958388,-0.27573854,-0.1464551,-0.123391405,-0.16243835,-0.12334165,-0.14074792,-0.14646006,-0.15887658,-0.14481027,-0.12347833,-0.18691605,-0.14998752,-0.14648075,-0.14956343,-0.14957398,-0.14951316,-0.120334074,-0.13700745,-0.08858878,-0.14647517,-0.19008024,-0.14648564,-0.2004665,-0.11139822,1.0760128,-0.13027036,-0.1074974,-0.15152657,-0.14639547,-0.14929706,-0.10065024,-0.08152827,-0.09427856,-0.1464417,-0.11960925,-0.15027548,3.1150913,-0.1185138,-0.14645755,-0.14957756,-0.17738779,-0.15176103,-0.14648832,-0.25953975,-0.17989698,-0.13525523,-0.14648569,-0.15095688,-0.17780018,-0.2009549,-0.14646676,-0.09015879,-0.14621115,-0.12151222,-0.121854745,-0.13997786,-0.21433522,-0.13908121,-0.16057305,-0.14641897,-0.07092635,-0.14590296,-0.1488662,-0.18733518,-0.14625084,-0.12337662,-0.12334781,-0.14100276,-0.14644794,-0.114095174,-0.25318068,-0.26654312,-0.122662306,-0.10945694,-0.14643957,-0.09238048,-0.20963459,-0.1464859,-0.14950588,-0.1229107,-0.14641975,-0.16015086,-0.1553517,-0.14648998,-0.19704957,1.3696355,-0.12238012,-0.10460003,-0.11361031,-0.10256614,-0.14648303,-0.19495486,-0.14646062,-0.122833416,-0.14634055,-0.041086134,-0.12967405,-0.14648882,-0.2300741,-0.14646909,-0.10384405,-0.14517608,-0.0784167,-0.14635743,-0.12766197,-0.1463754,-0.121451,-0.075820275,-0.09192432,-0.101488546,-0.14624152,-0.14949548,-0.12378413,-0.14634597,-0.1410757,-0.13984437,-0.18093297,-0.14649108,-0.25777104,-0.12844054,-0.14640716,-0.13462572,-0.119081676,-0.14646384,-0.14957952,-0.14958104,-0.14958209,-0.19755594,-0.25103784,-0.20219928,-0.19465852,-0.24831252,-0.20506537,-0.22091979,-0.14647728,-0.123104915,-0.11956477,-0.14647269,-0.14957616,-0.20931396,-0.18224281,-0.14646454,-0.32474133,-0.14648934,-0.1495845,-0.1495835,-0.14958316,-0.2185038,-0.14646408,-0.114121355,-0.14646682,-0.14957061,-0.14957637,-0.22984435,-0.14648351,-0.14956005,-0.08963354,-0.14639035,-0.14953929,-0.14955574,-0.14955682,-0.13302092,-0.1051107,-0.14014931,-0.15141064,-0.15839578,-0.15615125,-0.14613561,-0.14648017,-0.12319561,-0.12345253,-0.14644754,-0.14958435,-0.14958392,-0.14958394,-0.14958438,2.4695332,-0.11451449,-0.14645417,-0.15564899,-0.14443555,-0.16636807,-0.14648509,-0.14951405,-0.12993515,-0.047159404,-0.14110193,-0.14016809,-0.14106366,-0.14635345,3.0669675,-0.1649412,-0.17166539,-0.14646482,-0.14954561,-0.12722544,-0.14610182,-0.2588673,-0.12326619,-0.14637339,-0.09132757,-0.12832497,-0.13684332,-0.16221203,-0.15659244,-0.12270789,-0.1462551,-0.14949813,-0.14954272,-0.14957345,-0.15740095,-0.19795567,-0.15106063,-0.07294749,-0.2039893,-0.1464549,-0.14954124,-0.104459345,-0.14613369,-0.17466888,-0.13176009,-0.14646131,-0.15109587,-0.10913184,-0.14631164,-0.05825615,-0.14326635,-0.17082691,-0.14640582,-0.18883844,-0.14649037,-0.31316653,-0.1464816,5.176266,-0.14331596,-0.14648335,-0.14958122,-0.25088155,-0.14649072,-0.22115314,-0.07562123,-0.086852394,-0.10702289,-0.060967896,-0.14042856,-0.16796505,-0.15746465,-0.22133875,-0.12812386,-0.0969081,-0.16398169,-0.12716047,-0.11335766,-0.18846886,-0.12344572,-0.17755464,-0.0994983,-0.115196005,-0.1464068,-0.11662802,-0.19749595,-0.14526704,-0.12781724,-0.096878245,-0.14640644,-0.14940315,-0.12434345,-0.11230643,-0.063823454,-0.14634266,-0.11419349,-0.10007019,-0.24483351,-0.1464912,-0.1495737,-0.16344379,-0.1759062,-0.12524253,-0.14647773,-0.0782174,-0.19187105,-0.18185812,-0.09859173,-0.11065883,-0.14617938,-0.14928776,-0.083404,-0.1213824,-0.13072303,-0.13855581,-0.19385117,-0.14645727,-0.14957833,-0.19487974,-0.23847799,-0.2432746,-0.12313235,-0.14630309,-0.14955218,-0.14520228,2.463585,-0.14649051,5.701503,-0.12335602,-0.14643206,-0.060104962,-0.15931924,-0.1464889,-0.2028091,-0.2868003,-0.11816878,-0.14795661,-0.10060286,-0.14634669,-0.13614628,-0.20725825,-0.17393659,-0.125103,-0.15657571,-0.15690626,-0.14648762,-0.14958057,-0.16221246,-0.22200036,-0.12351269,-0.2814266,-0.14649156,-0.1915083,5.1157594,-0.16952515,-0.14641225,-0.13369927,-0.12557748,-0.14648476,-0.18106565,-0.14649135,-0.18642783,-0.14643991,-0.30462334,-0.14638963,-0.14691104,-0.13029914,-0.14647946,-0.14956921,-0.18915205,-0.123438835,-0.14648403,-0.10481856,-0.1650517,-0.14648208,-0.14958245,-0.14955595,-0.12304957,-0.14639458,-0.14955142,-0.14954296,-0.14955364,-0.14956102,-0.16505513,-0.17392421,-0.14647794,-0.1495758,-0.14956656,-0.14957628,-0.2025511,-0.15354379,-0.14723541,-0.14557001,-0.11499533,-0.10471026,3.5213213,-0.14648123,-0.14951152,-0.12340127,-0.19501048,-0.14648844,-0.18738703,-0.11705899,-0.17429145,-0.14647964,-0.06652963,-0.14625546,-0.10737923,-0.124497145,-0.15298569,-0.052188452,-0.26007295
k__Bacteria|p__Firmicutes|c__Negativicutes|o__Veillonellales|f__Veillonellaceae|g__Negativicoccus|s__Negativicoccus_succinicivorans,-0.1004395,-0.12316422,-0.1444527,-0.14753798,-0.14753819,-0.23867357,-0.1666669,-0.16813041,-0.10929718,-0.22895765,-0.23728925,-0.14445609,-0.22850217,-0.3768707,-0.08556121,-0.14417282,-0.058144663,-0.14408074,-0.14749423,-0.19931981,-0.1978925,-0.12140683,-0.14443125,-0.12711628,-0.20043859,-0.11658599,-0.182019,-0.25032333,-0.1509206,-0.14443463,-0.15142563,-0.10844302,-0.18249588,3.2820618,-0.1444467,-0.12153821,-0.14445439,-0.22338755,-0.14445636,-0.29867563,-0.14445639,-0.29356226,-0.121056974,-0.1443518,-0.13691942,-0.14445247,-0.23188588,-0.24781659,-0.1296162,-0.12154237,3.182311,3.95176,4.1930833,0.56607366,-0.28621647,-0.27511892,-0.11894142,-0.14439532,-0.040142577,-0.056944285,-0.14394425,-0.11274739,-0.13743341,-0.12146144,-0.144441,-0.14753489,-0.147538,-0.14753847,-0.27573854,-0.14442804,-0.12146312,-0.16243835,-0.12334165,-0.14074792,-0.1444323,-0.15887658,-0.14481027,-0.12152767,-0.18691605,-0.14998752,-0.1444479,-0.14752308,-0.14753097,-0.14748353,-0.120334074,-0.13700745,-0.08858878,-0.14444372,-0.19008024,-0.14445156,2.3768454,-0.11139822,-0.1388583,-0.13027036,-0.1074974,-0.15152657,-0.14438385,-0.14731413,-0.10065024,-0.08152827,-0.09427856,-0.14441863,-0.11960925,-0.15027548,-0.16982608,-0.1185138,-0.14443025,-0.14753373,-0.17738779,-0.15176103,-0.14445356,-0.25953975,-0.17989698,-0.13525523,-0.1444516,-0.15095688,-0.17780018,-0.2009549,-0.1444368,-0.09015879,-0.14424622,-0.12151222,-0.121854745,-0.13997786,-0.21433522,-0.13908121,3.2553744,-0.14440161,-0.07092635,-0.1440126,-0.14699028,3.935852,-0.14427024,-0.12145439,-0.12334781,-0.14100276,-0.14442322,-0.114095174,-0.25318068,-0.26654312,-0.12092283,-0.10945694,-0.14441702,-0.09238048,-0.20963459,-0.14445177,-0.14747787,-0.121111035,-0.14440176,-0.16015086,-0.1553517,-0.1444548,-0.19704957,-0.20616047,-0.12072992,-0.10460003,-0.11361031,-0.10256614,-0.14444962,-0.19495486,-0.1444325,-0.121055275,-0.14434269,-0.041086134,-0.12967405,-0.14445391,-0.2300741,-0.14443886,-0.10384405,-0.1434629,-0.0784167,-0.14435495,-0.12766197,-0.14436877,-0.121451,-0.075820275,-0.09192432,-0.101488546,-0.14426848,-0.14747229,-0.12378413,-0.14434338,-0.1410757,-0.13984437,-0.18093297,-0.14445564,-0.25777104,-0.12844054,-0.14439154,-0.13462572,-0.119081676,-0.14443532,-0.1475352,-0.14753635,-0.14753713,-0.19755594,-0.25103784,-0.20219928,-0.19465852,-0.24831252,-0.20506537,-0.22091979,-0.14444506,-0.12125164,3.8258991,-0.1444419,-0.14753266,2.103399,-0.18224281,-0.1444355,-0.32474133,-0.14445433,-0.14753896,-0.14753821,-0.14753795,-0.2185038,-0.14443511,-0.114121355,-0.14443722,-0.1475283,-0.14753282,5.573888,-0.14445001,-0.14752062,1.2155526,-0.1443798,-0.1475052,-0.1475172,-0.1475183,-0.13302092,-0.1051107,-0.14014931,-0.15141064,-0.15839578,-0.15615125,-0.14613561,-0.14444754,-0.12319561,-0.12150809,-0.1444225,-0.14753884,-0.14753851,-0.14753851,-0.14753887,-0.38518023,-0.11451449,-0.1444278,-0.15564899,-0.14443555,-0.16636807,-0.1444511,-0.14748475,-0.12993515,-0.047159404,-0.14034188,-0.14016809,-0.14106366,-0.14435172,-0.19987361,-0.1649412,-0.17166539,-0.14443593,-0.14751,-0.12722544,-0.14610182,-0.2588673,-0.12137036,-0.14436749,-0.09132757,-0.12832497,-0.13684332,-0.16221203,-0.15659244,-0.12095727,-0.14427769,-0.14747415,-0.14750761,-0.14753066,1.2162495,6.00021,-0.15106063,-0.07294749,0.9552484,-0.14442825,-0.14750671,-0.104459345,-0.14417373,-0.17466888,-0.13176009,-0.14443344,-0.15109587,-0.10913184,-0.14432079,-0.05825615,-0.14326635,-0.17082691,-0.14439124,-0.18883844,-0.1444551,-0.31316653,-0.1444483,-0.16808087,-0.14331596,-0.14444983,-0.14753646,-0.25088155,-0.14445534,-0.22115314,-0.07562123,-0.086852394,-0.10702289,-0.060967896,-0.1398388,-0.16796505,-0.15746465,4.0484667,1.8931718,-0.0969081,-0.16398169,1.5195099,-0.11335766,-0.18846886,-0.121503204,-0.17755464,-0.0994983,-0.115196005,-0.14439212,-0.11662802,-0.19749595,-0.14526704,-0.12781724,-0.096878245,-0.14439249,-0.14740285,-0.12434345,-0.11230643,-0.063823454,-0.14434421,3.3878427,-0.10007019,-0.24483351,-0.14445573,-0.14753063,-0.16344379,-0.1759062,-0.12524253,-0.14444566,-0.0782174,-0.19187105,-0.18185812,-0.09859173,-0.11065883,-0.14422183,-0.147316,-0.083404,-0.1213824,-0.13072303,-0.13855581,-0.19385117,-0.14442998,-0.14753433,-0.19487974,-0.23847799,-0.2432746,-0.121269904,-0.14431438,-0.14751452,-0.14520228,-0.2961179,-0.14445522,-0.19813283,-0.121437415,-0.14441104,-0.060104962,-0.15931924,-0.14445397,-0.2028091,-0.2868003,-0.11816878,-0.14795661,-0.10060286,-0.14434649,-0.13614628,-0.20725825,-0.17393659,-0.125103,-0.15657571,-0.15690626,-0.14445303,-0.14753601,-0.16221246,-0.22200036,-0.12155276,0.6535989,-0.144456,-0.1915083,-0.24371436,-0.16952515,-0.14439508,-0.13369927,-0.12557748,-0.14445086,-0.18106565,-0.14445584,4.3993716,-0.14441636,-0.30462334,-0.14437856,-0.14691104,-0.13029914,-0.14444688,-0.1475275,-0.18915205,-0.12149835,-0.14445037,-0.10481856,-0.1650517,-0.1444488,-0.14753738,-0.14751685,-0.12120484,-0.14438331,-0.14751387,-0.14750764,-0.14751558,-0.14752135,-0.16505513,-0.17392421,-0.14444569,-0.14753243,-0.1475254,-0.14753279,-0.2025511,-0.15354379,-0.14723541,-0.14375292,-0.11499533,-0.10471026,-0.11893196,-0.14444822,-0.14748281,-0.121470645,6.2558737,-0.14445361,4.0264974,2.0300815,2.6439745,-0.14444685,-0.06652963,-0.14427918,-0.10737923,-0.124497145,-0.15298569,-0.052188452,-0.26007295
k__Bacteria|p__Firmicutes|c__Bacilli|o__Lactobacillales|f__Lactobacillaceae|g__Lactobacillus|s__Lactobacillus_gasseri,3.3691292,2.5856335,-0.14482583,-0.14797416,-0.14797474,-0.23867357,-0.1666669,-0.16813041,-0.10929718,-0.22895765,-0.23728925,-0.14483383,-0.22850217,-0.3768707,-0.08556121,-0.14413494,-0.058144663,-0.14384952,-0.1478689,-0.19931981,-0.1978925,-0.12110396,-0.14477175,-0.12711628,-0.20043859,-0.11658599,-0.182019,-0.25032333,-0.1509206,-0.1447834,-0.15142563,-0.10844302,-0.18249588,-0.28454733,-0.14481287,-0.12143901,-0.14482963,-0.22338755,-0.14483449,-0.29867563,-0.14483461,-0.29356226,-0.120207794,-0.14459415,-0.13691942,-0.14482462,-0.23188588,-0.24781659,-0.1296162,-0.121451735,-0.24679694,-0.18279888,-0.25087595,-0.26027086,-0.28621647,-0.27511892,-0.11894142,-0.1446831,-0.040142577,-0.056944285,-0.1436314,-0.11274739,-0.13743341,-0.12125477,-0.14479917,-0.14796633,-0.14797446,-0.14797544,-0.27573854,-0.14477393,-0.12125581,-0.16243835,-0.12334165,-0.14074792,-0.14477462,-0.15887658,-0.14481027,-0.12141062,-0.18691605,-0.14998752,-0.1448135,-0.14793772,-0.14795831,-0.14786422,8.358776,8.053536,2.885874,-0.1448029,-0.19008024,-0.1448225,-0.2004665,-0.11139822,-0.1388583,-0.13027036,-0.1074974,-0.15152657,-0.14465246,-0.14752299,-0.10065024,-0.08152827,-0.09427856,-0.14473909,-0.11960925,-0.15027548,-0.16982608,-0.1185138,-0.14477324,-0.1479637,-0.17738779,-0.15176103,-0.14482781,-0.25953975,4.1169195,-0.13525523,-0.14482252,-0.15095688,-0.17780018,-0.2009549,-0.1447965,-0.09015879,-0.14429617,-0.12151222,-0.121854745,-0.13997786,-0.21433522,-0.13908121,4.144205,-0.14469561,-0.07092635,-0.14374751,-0.14676604,-0.18733518,-0.14445007,-0.12123887,-0.12334781,-0.14100276,-0.14475185,-0.114095174,-0.25318068,-0.26654312,-0.119973406,-0.10945694,-0.14473487,-0.09238048,-0.20963459,-0.14482293,-0.14785588,-0.12042026,-0.14470398,3.7256029,2.518369,-0.14483073,-0.19704957,-0.20616047,-0.119496964,-0.10460003,4.1978436,-0.10256614,-0.14481711,6.356788,-0.14477918,-0.120318174,-0.14454556,4.4504685,-0.12967405,-0.14482912,-0.2300741,-0.1447949,-0.10384405,-0.14241077,-0.0784167,-0.14458814,4.4111724,-0.14461613,-0.121451,-0.075820275,-0.09192432,-0.101488546,-0.14436586,-0.14780681,-0.12378413,-0.14460304,-0.1410757,-0.13984437,-0.18093297,-0.14483273,-0.25777104,-0.12844054,-0.14469036,-0.13462572,-0.119081676,-0.14477971,-0.14796741,-0.14797023,-0.14797217,-0.19755594,-0.25103784,-0.20219928,-0.19465852,-0.24831252,-0.20506537,-0.22091979,-0.14480968,-0.120774284,-0.11956477,-0.1447975,-0.14796141,2.01341,-0.18224281,-0.14478883,-0.32474133,-0.14482933,-0.1479766,-0.14797473,-0.14797404,-0.2185038,-0.14478895,-0.114121355,-0.14479083,-0.14795405,-0.14796177,-0.22984435,-0.14481805,-0.14793897,-0.08963354,-0.14464954,-0.14788881,-0.14792547,-0.14792252,-0.13302092,-0.1051107,-0.14014931,-0.15141064,7.5872912,3.584242,3.1164033,-0.14481115,-0.12319561,-0.12136603,-0.14475757,-0.14797634,-0.1479756,-0.14797555,-0.1479764,-0.38518023,-0.11451449,-0.14476499,-0.15564899,-0.14443555,-0.16636807,-0.14482233,-0.14786352,-0.12993515,-0.047159404,-0.13564509,-0.14016809,-0.14106366,-0.14458197,-0.19987361,-0.1649412,-0.17166539,-0.14478315,-0.14789951,-0.12722544,-0.14610182,-0.2588673,-0.1210251,-0.14461066,2.2176154,0.7960582,-0.13684332,-0.16221203,-0.15659244,-0.12012004,-0.14440915,-0.14781496,-0.1478973,-0.14795578,-0.15740095,-0.19795567,-0.15106063,-0.07294749,3.4013727,-0.1447685,-0.14789179,-0.104459345,-0.14433318,-0.17466888,3.6759253,-0.14477408,-0.15109587,-0.10913184,-0.14450496,-0.05825615,-0.14326635,-0.17082691,-0.14467822,-0.18883844,-0.14483164,-0.31316653,-0.14481801,-0.16808087,-0.14331596,-0.14481829,-0.14797103,-0.25088155,-0.1448323,7.134993,-0.07562123,-0.086852394,-0.10702289,-0.060967896,-0.13438371,-0.16796505,-0.15746465,-0.22133875,-0.12812386,-0.0969081,-0.16398169,-0.12716047,-0.11335766,-0.18846886,-0.12135169,-0.17755464,-0.0994983,-0.115196005,-0.14467804,-0.11662802,-0.19749595,6.7406316,5.532398,-0.096878245,-0.14466843,-0.14763626,-0.12434345,-0.11230643,-0.063823454,-0.14455615,-0.11419349,-0.10007019,2.8002267,-0.14483291,-0.14795923,2.3567383,1.7110554,-0.12524253,-0.14480722,-0.0782174,-0.19187105,-0.18185812,-0.09859173,-0.11065883,-0.1442418,-0.14742081,-0.083404,-0.1213824,-0.13072303,-0.13855581,-0.19385117,-0.14477342,-0.14796509,-0.19487974,-0.23847799,-0.2432746,-0.12078747,-0.14448282,-0.14791834,-0.14520228,4.544924,-0.14483166,1.7400783,-0.12118974,-0.14472687,-0.060104962,-0.15931924,-0.14482903,-0.2028091,-0.2868003,-0.11816878,-0.14795661,-0.10060286,-0.14457354,-0.13614628,3.2692082,-0.17393659,5.4856257,-0.15657571,-0.15690626,-0.14482658,-0.1479692,-0.16221246,-0.22200036,-0.12147814,-0.2814266,-0.14483371,-0.1915083,-0.24371436,-0.16952515,-0.14470685,-0.13369927,-0.12557748,-0.14482148,-0.18106565,-0.1448332,-0.18642783,-0.14475155,-0.30462334,-0.1446557,-0.14691104,-0.13029914,-0.14481138,-0.14794762,-0.18915205,-0.12133406,-0.14481947,-0.10481856,-0.1650517,-0.14481716,-0.14797288,-0.14793119,-0.12065196,-0.14464973,-0.14791867,-0.14790112,-0.14792214,-0.1479328,-0.16505513,-0.17392421,-0.14480938,-0.14796019,-0.14794382,-0.14796105,-0.2025511,4.0399556,-0.14723541,-0.14326741,-0.11499533,-0.10471026,-0.11893196,-0.14481467,-0.14785817,-0.121258445,-0.19501048,-0.1448284,-0.18738703,-0.11705899,-0.17429145,-0.1448138,-0.06652963,-0.1443856,-0.10737923,1.4605328,-0.15298569,-0.052188452,-0.26007295
k__Bacteria|p__Firmicutes|c__Tissierellia|o__Tissierellales|f__Peptoniphilaceae|g__Anaerococcus|s__Anaerococcus_obesiensis,-0.1004395,-0.12316422,-0.1480107,-0.15115821,-0.15115842,-0.23867357,-0.1666669,-0.16813041,-0.10929718,-0.22895765,-0.23728925,-0.14801434,-0.22850217,-0.3768707,-0.08556121,-0.14770606,-0.058144663,-0.14761037,-0.15111127,-0.19931981,-0.1978925,-0.12448272,-0.1479877,-0.12711628,-0.20043859,-0.11658599,-0.182019,-0.25032333,-0.1509206,-0.14799133,-0.15142563,-0.10844302,-0.18249588,-0.28454733,-0.14800407,-0.12463369,-0.14801252,-0.22338755,-0.1480146,-0.29867563,-0.14801466,0.82431537,-0.1240665,-0.14790234,-0.13691942,-0.14801045,-0.23188588,-0.24781659,-0.1296162,-0.124638245,1.6769142,-0.18279888,0.52761495,-0.26027086,-0.28621647,2.516948,-0.11894142,-0.14794886,-0.040142577,-0.056944285,-0.14746569,-0.11274739,-0.13743341,-0.12454516,-0.1479981,-0.15115485,-0.15115824,-0.15115872,-0.27573854,-0.14798415,-0.12454776,-0.16243835,-0.12334165,-0.14074792,-0.14798884,-0.15887658,-0.14481027,-0.12462123,-0.18691605,-0.14998752,-0.14800555,-0.15114221,-0.15115064,-0.15110005,-0.120334074,-0.13700745,-0.08858878,-0.14800104,-0.19008024,-0.14800945,-0.2004665,-0.11139822,-0.1388583,-0.13027036,-0.1074974,-0.15152657,-0.14793676,-0.15091667,-0.10065024,-0.08152827,-0.09427856,-0.14797413,-0.11960925,-0.15027548,-0.16982608,-0.1185138,-0.14798671,-0.15115364,-0.17738779,-0.15176103,-0.14801161,-0.25953975,-0.17989698,-0.13525523,-0.14800948,-0.15095688,-0.17780018,-0.2009549,-0.14799362,-0.09015879,-0.14778838,-0.12151222,-0.121854745,-0.13997786,-0.21433522,-0.13908121,-0.16057305,-0.1479558,-0.07092635,-0.14753664,-0.15057088,-0.18733518,-0.14781559,-0.12452937,-0.12334781,-0.14100276,-0.14797908,-0.114095174,-0.25318068,-0.26654312,-0.12390813,-0.10945694,-0.1479724,-0.09238048,-0.20963459,-0.14800967,-0.15109538,-0.12412147,-0.14795609,-0.16015086,0.9883703,-0.14801295,-0.19704957,-0.20616047,-0.12367058,-0.10460003,-0.11361031,-0.10256614,-0.14800741,-0.19495486,-0.14798918,-0.12405788,-0.14789264,-0.041086134,-0.12967405,-0.14801198,-0.2300741,-0.14799613,-0.10384405,-0.14694454,-0.0784167,-0.14790589,-0.12766197,-0.14792049,-0.121451,-0.075820275,-0.09192432,-0.101488546,-0.14781153,-0.1510876,-0.12378413,-0.14789209,-0.1410757,-0.13984437,-0.18093297,-0.14801385,-0.25777104,-0.12844054,-0.14794558,-0.13462572,-0.119081676,-0.14799199,-0.1511552,-0.15115646,-0.15115729,-0.19755594,0.547055,-0.20219928,-0.19465852,-0.24831252,0.5596913,0.9508363,-0.1480026,-0.12428875,-0.11956477,-0.14799911,-0.15115246,-0.20931396,-0.18224281,-0.14799213,-0.32474133,-0.14801244,-0.15115926,-0.15115845,-0.15115815,-0.2185038,-0.14799187,-0.114121355,-0.1479941,-0.15114783,-0.15115269,-0.22984435,-0.14800781,-0.15113935,-0.08963354,-0.14793228,-0.15112302,-0.15113592,-0.15113708,-0.13302092,-0.1051107,-0.14014931,-0.15141064,-0.15839578,-0.15615125,-0.14613561,-0.14800514,-0.12319561,-0.12460038,-0.14797834,-0.15115911,-0.15115878,-0.15115878,-0.15115917,-0.38518023,-0.11451449,-0.147984,-0.15564899,-0.14443555,-0.16636807,-0.14800897,-0.15110154,-0.12993515,-0.047159404,-0.14361024,-0.14016809,-0.14106366,-0.14790243,-0.19987361,-0.1649412,-0.17166539,-0.14799269,-0.15112814,-0.12722544,-0.14610182,-0.2588673,-0.12443639,-0.14791876,-0.09132757,-0.12832497,-0.13684332,-0.16221203,-0.15659244,-0.12394346,-0.14782211,-0.15108955,-0.15112564,-0.15115035,-0.15740095,-0.19795567,-0.15106063,-0.07294749,-0.2039893,-0.14798442,-0.15112461,-0.104459345,-0.1477103,-0.17466888,-0.13176009,-0.14799003,-0.15109587,-0.10913184,-0.14786823,-0.05825615,-0.14326635,-0.17082691,-0.14794473,-0.18883844,-0.14801326,-0.31316653,-0.14800599,-0.16808087,-0.14331596,-0.1480076,-0.15115657,-0.25088155,-0.14801353,-0.22115314,-0.07562123,-0.086852394,-0.10702289,-0.060967896,-0.14306587,-0.16796505,-0.15746465,-0.22133875,-0.12812386,-0.0969081,-0.16398169,-0.12716047,-0.11335766,-0.18846886,-0.12459418,4.1757603,-0.0994983,-0.115196005,-0.14794569,-0.11662802,-0.19749595,-0.14526704,-0.12781724,-0.096878245,-0.14794594,-0.15101282,-0.12434345,-0.11230643,-0.063823454,-0.14789376,-0.11419349,1.6558657,-0.24483351,-0.14801393,-0.15115052,-0.16344379,-0.1759062,-0.12524253,-0.14800312,-0.0782174,-0.19187105,1.6052213,-0.09859173,-0.11065883,-0.14776257,-0.15091962,-0.083404,-0.1213824,-0.13072303,-0.13855581,-0.19385117,-0.14798635,-0.15115428,-0.19487974,-0.23847799,-0.2432746,-0.124338046,-0.1478619,-0.15113306,-0.14520228,-0.2961179,-0.14801338,-0.19813283,-0.12451682,-0.14796591,-0.060104962,0.6562306,-0.14801206,-0.2028091,-0.2868003,-0.11816878,-0.14795661,-0.10060286,-0.14789656,-0.13614628,-0.20725825,-0.17393659,-0.125103,-0.15657571,-0.15690626,-0.14801103,-0.1511561,-0.16221246,-0.22200036,-0.12464971,4.4395213,-0.14801423,6.400357,-0.24371436,-0.16952515,-0.14794946,-0.13369927,-0.12557748,-0.14800873,-0.18106565,-0.14801405,-0.18642783,-0.14797176,-0.30462334,-0.14793119,-0.14691104,-0.13029914,-0.14800446,-0.15114698,-0.18915205,-0.124589056,-0.14800817,-0.10481856,-0.1650517,-0.1480065,-0.15115759,-0.15113604,-0.124261245,-0.14793606,-0.15113232,-0.15112558,-0.15113416,-0.15114033,-0.16505513,-0.17392421,-0.14800315,-0.15115225,-0.15114474,-0.15115264,-0.2025511,-0.15354379,-0.14723541,-0.14726052,-0.11499533,-0.10471026,-0.11893196,-0.14800587,-0.15109976,-0.12455784,-0.19501048,-0.14801168,0.7638949,-0.11705899,-0.17429145,-0.14800471,-0.06652963,-0.14782342,-0.10737923,-0.124497145,-0.15298569,-0.052188452,-0.26007295
k__Bacteria|p__Firmicutes|c__Clostridia|o__Eubacteriales|f__Lachnospiraceae|g__Lachnospiraceae_unclassified|s__Eubacterium_rectale,-0.1004395,-0.12316422,-0.14663324,-0.14973535,-0.14973561,-0.23867357,-0.1666669,-0.16813041,-0.10929718,-0.22895765,-0.23728925,-0.14663789,4.9989257,5.651605,-0.08556121,-0.14624664,-0.058144663,-0.1461134,-0.14967503,-0.19931981,-0.1978925,-0.123409934,-0.14660344,-0.12711628,-0.20043859,-0.11658599,-0.182019,-0.25032333,-0.1509206,-0.1466085,-0.15142563,-0.10844302,-0.18249588,-0.28454733,-0.14662522,-0.1235936,-0.14663553,6.633739,-0.14663823,2.2933428,-0.1466383,5.979682,-0.122920275,-0.14649557,-0.13691942,-0.14663285,-0.23188588,-0.24781659,-0.1296162,-0.12359966,-0.24679694,-0.18279888,-0.25087595,-0.26027086,-0.28621647,-0.27511892,-0.11894142,-0.14655355,-0.040142577,-0.056944285,-0.14593637,-0.11274739,-0.13743341,-0.12348743,-0.14661726,-0.14973104,-0.1497354,-0.14973602,-0.27573854,-0.14659992,-0.12348974,-0.16243835,-0.12334165,-0.14074792,-0.14660496,-0.15887658,-0.14481027,-0.12357877,-0.18691605,-0.14998752,-0.1466265,-0.14971474,-0.14972576,-0.14966395,-0.120334074,-0.13700745,-0.08858878,-0.14662072,-0.19008024,-0.1466316,-0.2004665,-0.11139822,-0.1388583,-0.13027036,-0.1074974,-0.15152657,-0.14653763,-0.14944378,-0.10065024,-0.08152827,-0.09427856,-0.14658584,-0.11960925,-0.15027548,-0.16982608,-0.1185138,-0.14660248,-0.14972949,-0.17738779,-0.15176103,-0.1466344,-0.25953975,-0.17989698,-0.13525523,-0.14663166,-0.15095688,-0.17780018,-0.2009549,-0.1466125,-0.09015879,-0.14634553,-0.12151222,-0.121854745,-0.13997786,-0.21433522,-0.13908121,-0.16057305,-0.1465621,-0.07092635,-0.14602599,-0.14899291,-0.18733518,-0.14638957,-0.12347604,-0.12334781,-0.14100276,-0.14659232,-0.114095174,-0.25318068,-0.26654312,-0.122737825,-0.10945694,-0.14658359,-0.09238048,-0.20963459,-0.14663187,-0.14965576,-0.1230012,-0.14656317,-0.16015086,-0.1553517,-0.1466361,-0.19704957,-0.20616047,-0.12244276,-0.10460003,-0.11361031,-0.10256614,-0.14662886,-0.19495486,-0.14660606,-0.12291853,-0.1464805,-0.041086134,-0.12967405,-0.14663492,7.3705835,-0.1466147,-0.10384405,-0.14527017,-0.0784167,-0.14649817,-0.12766197,-0.14651684,-0.121451,-0.075820275,-0.09192432,-0.101488546,-0.14637764,-0.14964394,-0.12378413,-0.14648968,-0.1410757,-0.13984437,-0.18093297,-0.14663726,-0.25777104,-0.12844054,-0.14655036,-0.13462572,-0.119081676,-0.1466088,-0.1497315,-0.1497331,-0.14973417,-0.19755594,-0.25103784,-0.20219928,-0.19465852,-0.24831252,-0.20506537,-0.22091979,-0.14662302,-0.12320045,-0.11956477,-0.1466181,-0.14972803,-0.20931396,-0.18224281,-0.14661014,-0.32474133,-0.14663544,-0.1497367,-0.14973566,-0.1497353,-0.2185038,-0.14660935,-0.114121355,-0.1466121,-0.14972237,-0.14972824,-0.22984435,-0.14662936,-0.14971161,-0.08963354,-0.14653252,-0.14968948,-0.14970684,-0.14970781,-0.13302092,-0.1051107,-0.14014931,-0.15141064,-0.15839578,-0.15615125,-0.14613561,-0.14662588,-0.12319561,-0.12355207,-0.14659211,-0.14973652,-0.14973608,-0.14973608,-0.14973657,2.6866152,-0.11451449,-0.14659888,-0.15564899,-0.14443555,-0.16636807,-0.14663105,-0.14966413,-0.12993515,-0.047159404,-0.1410538,-0.14016809,-0.14106366,-0.14649412,-0.19987361,-0.1649412,-0.17166539,-0.1466099,-0.14969605,-0.12722544,-0.14610182,-0.2588673,-0.1233612,-0.14651474,-0.09132757,-0.12832497,-0.13684332,-0.16221203,-0.15659244,-0.12278275,-0.14639205,-0.14964674,-0.14969313,-0.14972518,-0.15740095,-0.19795567,-0.15106063,-0.07294749,-0.2039893,-0.1465997,-0.14969146,-0.104459345,-0.14626229,-0.17466888,-0.13176009,-0.14660615,-0.15109587,-0.10913184,-0.14645073,-0.05825615,-0.14326635,-0.17082691,-0.1465486,8.15754,-0.14663653,3.025476,-0.14662747,-0.16808087,-0.14331596,-0.14662921,-0.1497333,-0.25088155,-0.14663687,-0.22115314,-0.07562123,-0.086852394,-0.10702289,-0.060967896,-0.14035083,-0.16796505,-0.15746465,-0.22133875,-0.12812386,-0.0969081,-0.16398169,-0.12716047,-0.11335766,-0.18846886,-0.12354531,-0.17755464,-0.0994983,-0.115196005,-0.14654961,-0.11662802,-0.19749595,-0.14526704,-0.12781724,-0.096878245,-0.14654891,-0.14954787,-0.12434345,-0.11230643,-0.063823454,-0.14648283,-0.11419349,-0.10007019,-0.24483351,-0.14663738,-0.14972566,-0.16344379,-0.1759062,-0.12524253,-0.14662334,-0.0782174,3.148007,-0.18185812,-0.09859173,-0.11065883,-0.14631255,-0.14942783,-0.083404,-0.1213824,-0.13072303,-0.13855581,-0.19385117,-0.14660217,-0.1497303,-0.19487974,-0.23847799,-0.2432746,-0.12321824,-0.14644161,-0.14970312,-0.14520228,-0.2961179,-0.14663666,-0.19813283,-0.123453185,-0.14657596,-0.060104962,-0.15931924,-0.146635,-0.2028091,-0.2868003,-0.11816878,-0.14795661,-0.10060286,-0.14648733,-0.13614628,-0.20725825,-0.17393659,-0.125103,-0.15657571,-0.15690626,-0.14663367,-0.14973259,-0.16221246,-0.22200036,-0.12361415,-0.2814266,-0.14663777,3.6755493,-0.24371436,5.2351027,-0.14655656,-0.13369927,-0.12557748,-0.1466307,-0.18106565,-0.14663753,1.1158109,-0.14658484,2.132126,-0.146532,-0.14691104,-0.13029914,-0.14662516,-0.14972076,-0.18915205,-0.12353791,-0.14662993,-0.10481856,-0.1650517,-0.14662793,-0.14973453,-0.14970756,-0.123134,-0.14653677,-0.14970239,-0.14969349,-0.14970465,-0.14971222,-0.16505513,-0.17392421,-0.14662361,-0.14972763,-0.14971802,-0.14972812,-0.2025511,-0.15354379,2.5419915,-0.14568296,2.8789363,5.7092705,7.2499356,-0.14662701,-0.1496621,-0.123499006,-0.19501048,-0.14663452,-0.18738703,-0.11705899,-0.17429145,-0.14662567,-0.06652963,-0.14639217,-0.10737923,-0.124497145,-0.15298569,-0.052188452,-0.26007295
k__Bacteria|p__Firmicutes|c__Tissierellia|o__Tissierellales|f__Peptoniphilaceae|g__Peptoniphilus|s__Peptoniphilus_harei,-0.1004395,-0.12316422,-0.14609128,-0.14924178,-0.14924198,-0.23867357,-0.1666669,-0.16813041,1.3302033,-0.22895765,-0.23728925,-0.14609508,-0.22850217,-0.3768707,-0.08556121,-0.14577635,-0.058144663,-0.14567223,-0.14919278,-0.19931981,-0.1978925,-0.12253761,-0.14606722,-0.12711628,-0.20043859,-0.11658599,-0.182019,-0.25032333,-0.1509206,-0.14607108,-0.15142563,-0.10844302,-0.18249588,-0.28454733,-0.14608446,-0.1226924,-0.14609317,1.7830118,-0.14609537,3.1707249,-0.14609542,-0.29356226,-0.1221241,-0.14597848,-0.13691942,-0.14609101,-0.23188588,-0.24781659,-0.1296162,-0.12269712,-0.24679694,-0.18279888,-0.25087595,-0.26027086,-0.28621647,-0.27511892,-0.11894142,-0.1460267,-0.040142577,-0.056944285,-0.14552346,-0.11274739,-0.13743341,-0.12260282,-0.14607821,-0.14923827,-0.1492418,-0.14924233,-0.27573854,-0.14606404,-0.122604504,-0.16243835,-0.12334165,-0.14074792,-0.14606844,-0.15887658,-0.14481027,-0.122679375,-0.18691605,-0.14998752,-0.14608589,-0.14922507,-0.14923391,-0.14918117,1.942808,0.8873916,-0.08858878,-0.1460812,5.988837,-0.14609,-0.2004665,-0.11139822,-0.1388583,-0.13027036,-0.1074974,-0.15152657,-0.14601408,-0.148997,-0.10065024,-0.08152827,-0.09427856,-0.14605305,-0.11960925,-0.15027548,-0.16982608,-0.1185138,-0.14606622,-0.149237,-0.17738779,-0.15176103,-0.14609225,-0.25953975,-0.17989698,-0.13525523,-0.14609003,-0.15095688,-0.17780018,-0.2009549,-0.14607367,-0.09015879,-0.14585894,-0.12151222,-0.121854745,-0.13997786,-0.21433522,-0.13908121,-0.16057305,-0.14603391,-0.07092635,-0.14559752,-0.14863165,-0.18733518,-0.14588878,-0.12259069,-0.12334781,-0.14100276,-0.14605826,-0.114095174,-0.25318068,-0.26654312,-0.12196238,-0.10945694,-0.14605126,2.474038,-0.20963459,-0.14609021,-0.14917591,-0.1221856,-0.14603433,-0.16015086,-0.1553517,-0.14609365,-0.19704957,-0.20616047,-0.12170822,-0.10460003,-0.11361031,-0.10256614,-0.14608783,-0.19495486,-0.14606877,-0.12212171,-0.14596775,-0.041086134,-0.12967405,-0.14609265,-0.2300741,-0.14607596,-0.10384405,-0.14498502,-0.0784167,-0.14598197,-0.12766197,-0.14599721,-0.121451,-0.075820275,-0.09192432,-0.101488546,-0.14588408,-0.149168,-0.12378413,-0.14596833,-0.1410757,-0.13984437,-0.18093297,-0.14609459,-0.25777104,-0.12844054,-0.14602298,-0.13462572,0.68452054,-0.14607172,-0.14923865,-0.14923994,-0.14924082,-0.19755594,-0.25103784,-0.20219928,2.0017238,5.5163565,-0.20506537,-0.22091979,-0.14608283,-0.12235372,-0.11956477,-0.14607914,-0.14923579,-0.20931396,-0.18224281,-0.14607218,-0.32474133,-0.14609313,-0.14924285,-0.14924203,-0.14924173,-0.2185038,-0.14607143,-0.114121355,-0.14607404,-0.149231,-0.149236,-0.22984435,-0.14608824,-0.14922227,-0.08963354,-0.14600947,-0.14920491,-0.14921856,-0.14921963,-0.13302092,-0.1051107,-0.14014931,-0.15141064,-0.15839578,-0.15615125,-0.14613561,-0.14608544,-0.12319561,-0.12265812,-0.14605764,-0.14924273,-0.14924237,-0.14924237,-0.14924276,-0.38518023,-0.11451449,-0.14606342,-0.15564899,-0.14443555,-0.16636807,-0.14608951,-0.1491828,-0.12993515,-0.047159404,-0.1415165,-0.14016809,-0.14106366,-0.14597836,-0.19987361,-0.1649412,-0.17166539,-0.14607248,-0.14921027,-0.12722544,-0.14610182,1.7157248,-0.122491956,-0.14599538,-0.09132757,-0.12832497,-0.13684332,-0.16221203,-0.15659244,-0.12200479,-0.14589466,-0.14917004,-0.14920768,-0.14923355,-0.15740095,-0.19795567,-0.15106063,-0.07294749,2.1191912,-0.14606395,-0.14920658,-0.104459345,-0.14578272,-0.17466888,-0.13176009,-0.14606962,-0.15109587,-0.10913184,-0.14594316,-0.05825615,-0.14326635,-0.17082691,-0.14602253,-0.18883844,-0.14609396,-0.31316653,-0.14608642,-0.16808087,-0.14331596,-0.14608806,-0.14924008,2.5036905,-0.14609426,1.6454955,-0.07562123,-0.086852394,-0.10702289,-0.060967896,-0.1409477,-0.16796505,-0.15746465,1.6726092,-0.12812386,-0.0969081,-0.16398169,-0.12716047,-0.11335766,-0.18846886,-0.12265208,-0.17755464,-0.0994983,-0.115196005,-0.14602344,-0.11662802,-0.19749595,-0.14526704,-0.12781724,-0.096878245,-0.14602347,-0.14909005,-0.12434345,-0.11230643,-0.063823454,-0.14596944,-0.11419349,-0.10007019,-0.24483351,-0.14609466,-0.14923367,-0.16344379,-0.1759062,-0.12524253,-0.14608335,-0.0782174,1.8956801,0.8743441,-0.09859173,-0.11065883,-0.14583217,-0.14899272,-0.083404,-0.1213824,-0.13072303,-0.13855581,-0.19385117,-0.14606595,-0.14923766,-0.19487974,-0.23847799,-0.2432746,-0.1223893,-0.1459361,-0.14921552,0.87004054,-0.2961179,-0.14609411,-0.19813283,-0.122572675,-0.14604463,-0.060104962,-0.15931924,-0.14609273,-0.2028091,-0.2868003,-0.11816878,-0.14795661,-0.10060286,-0.1459724,-0.13614628,-0.20725825,-0.17393659,-0.125103,-0.15657571,-0.15690626,-0.14609164,-0.14923954,-0.16221246,-0.22200036,-0.12270899,5.70634,-0.14609498,1.825578,-0.24371436,-0.16952515,-0.14602754,-0.13369927,-0.12557748,-0.14608923,-0.18106565,-0.1460948,-0.18642783,-0.1460509,-0.30462334,-0.14600855,-0.14691104,-0.13029914,-0.14608477,-0.14923002,-0.18915205,-0.122646034,-0.14608863,-0.10481856,-0.1650517,-0.14608693,-0.1492411,-0.14921851,-0.12231866,-0.14601335,-0.14921483,-0.14920777,-0.14921674,-0.14922309,-0.16505513,-0.17392421,-0.14608344,-0.14923555,-0.1492277,-0.14923593,-0.2025511,-0.15354379,-0.14723541,-0.14531165,-0.11499533,-0.10471026,-0.11893196,-0.14608628,-0.14918083,-0.12261425,3.7391174,-0.14609233,2.3401582,-0.11705899,-0.17429145,-0.14608479,-0.06652963,-0.14589587,-0.10737923,-0.124497145,-0.15298569,-0.052188452,-0.26007295
k__Bacteria|p__Firmicutes|c__Clostridia|o__Eubacteriales|f__Lachnospiraceae|g__Lacrimispora|s__Lacrimispora_celerecrescens,-0.1004395,-0.12316422,-0.14505517,-0.14813706,-0.14813726,-0.23867357,-0.1666669,-0.16813041,-0.10929718,6.150776,4.7606773,-0.14505875,5.0967617,4.458791,-0.08556121,-0.1447459,-0.058144663,-0.14464864,-0.14809027,-0.19931981,-0.1978925,-0.12201637,-0.14503202,-0.12711628,-0.20043859,-0.11658599,-0.182019,-0.25032333,-0.1509206,-0.14503598,-0.15142563,-0.10844302,3.852763,3.575247,-0.14504871,-0.12216514,-0.14505696,-0.22338755,-0.14505903,1.6794795,-0.1450591,5.5139093,-0.121607125,-0.14494818,-0.13691942,-0.14505488,-0.23188588,-0.24781659,-0.1296162,-0.12216993,-0.24679694,-0.18279888,-0.25087595,-0.26027086,-0.28621647,-0.27511892,-0.11894142,-0.14499325,-0.040142577,-0.056944285,-0.14451604,-0.11274739,-0.13743341,-0.12207961,-0.1450428,-0.14813371,-0.14813711,-0.14813758,-0.27573854,-0.14502902,-0.1220811,-0.16243835,-0.12334165,-0.14074792,-0.14503326,-0.15887658,-0.14481027,-0.122152835,-0.18691605,-0.14998752,-0.14504996,-0.14812112,-0.14812966,-0.14807928,-0.120334074,-0.13700745,-0.08858878,-0.14504546,-0.19008024,-0.1450539,-0.2004665,-0.11139822,-0.1388583,-0.13027036,-0.1074974,-0.15152657,-0.144981,-0.1478872,-0.10065024,-0.08152827,-0.09427856,-0.14501834,-0.11960925,-0.15027548,-0.16982608,-0.1185138,-0.14503135,-0.14813249,-0.17738779,1.5811107,-0.14505607,-0.25953975,-0.17989698,-0.13525523,-0.14505392,-0.15095688,-0.17780018,-0.2009549,-0.14503866,-0.09015879,-0.1448313,-0.12151222,-0.121854745,-0.13997786,-0.21433522,-0.13908121,-0.16057305,-0.14499994,-0.07092635,-0.1445797,-0.14756271,-0.18733518,-0.14486529,-0.122066304,-0.12334781,-0.14100276,-0.14502344,-0.114095174,-0.25318068,-0.26654312,-0.121462524,-0.10945694,-0.14501664,-0.09238048,-0.20963459,-0.14505413,-0.14807509,-0.12167608,-0.1450006,-0.16015086,-0.1553517,-0.1450574,-0.19704957,-0.20616047,-0.12123292,-0.10460003,-0.11361031,-0.10256614,-0.14505178,-0.19495486,-0.14503358,-0.12161179,-0.14493588,5.6966205,5.3888965,-0.14505649,4.496874,-0.14504065,-0.10384405,-0.14398125,-0.0784167,-0.14495021,-0.12766197,-0.14496475,-0.121451,-0.075820275,-0.09192432,-0.101488546,-0.144856,-0.14806598,-0.12378413,-0.14493322,-0.1410757,-0.13984437,-0.18093297,-0.14505829,-0.25777104,-0.12844054,-0.14498973,-0.13462572,-0.119081676,-0.14503622,-0.14813407,-0.1481353,-0.14813614,-0.19755594,-0.25103784,-0.20219928,-0.19465852,-0.24831252,-0.20506537,-0.22091979,-0.14504722,-0.121838674,-0.11956477,-0.14504343,-0.14813137,-0.20931396,-0.18224281,-0.14503679,-0.32474133,-0.14505687,-0.1481381,-0.14813729,-0.148137,-0.2185038,-0.14503649,-0.114121355,-0.14503886,-0.14812702,-0.14813155,-0.22984435,-0.14505218,-0.1481185,-0.08963354,-0.14497699,-0.1481015,-0.14811501,-0.14811566,-0.13302092,-0.1051107,-0.14014931,-0.15141064,-0.15839578,-0.15615125,-0.14613561,-0.14504945,-0.12319561,-0.12213238,-0.14502339,-0.14813797,-0.14813763,-0.14813763,-0.148138,5.0382056,-0.11451449,-0.14502859,-0.15564899,-0.14443555,-0.16636807,-0.14505349,-0.1480819,-0.12993515,-0.047159404,-0.14073548,-0.14016809,-0.14106366,-0.14494753,-0.19987361,-0.1649412,-0.17166539,-0.14503708,-0.14810658,-0.12722544,-0.14610182,-0.2588673,-0.12197305,-0.14496282,-0.09132757,-0.12832497,-0.13684332,-0.16221203,-0.15659244,-0.121511206,-0.14486763,-0.14806832,-0.14810431,-0.14812915,-0.15740095,-0.19795567,-0.15106063,-0.07294749,-0.2039893,-0.14502922,-0.14810303,-0.104459345,-0.1447435,-0.17466888,-0.13176009,-0.14503416,-0.15109587,-0.10913184,-0.14491242,-0.05825615,-0.14326635,3.8518462,-0.14498965,7.704922,-0.14505774,5.786402,-0.14505073,-0.16808087,-0.14331596,-0.14505205,-0.14813548,-0.25088155,-0.145058,-0.22115314,-0.07562123,-0.086852394,-0.10702289,-0.060967896,-0.14019836,-0.16796505,-0.15746465,-0.22133875,-0.12812386,-0.0969081,-0.16398169,-0.12716047,-0.11335766,-0.18846886,-0.12212618,-0.17755464,-0.0994983,-0.115196005,-0.14499031,-0.11662802,-0.19749595,-0.14526704,-0.12781724,-0.096878245,-0.14498967,-0.14799133,-0.12434345,-0.11230643,-0.063823454,-0.14493784,-0.11419349,-0.10007019,-0.24483351,-0.14505836,-0.14812946,-0.16344379,-0.1759062,-0.12524253,-0.14504752,-0.0782174,-0.19187105,-0.18185812,-0.09859173,-0.11065883,-0.14480576,-0.14789782,-0.083404,-0.1213824,-0.13072303,-0.13855581,3.5994842,-0.14503115,-0.14813313,-0.19487974,-0.23847799,-0.2432746,-0.12187134,-0.14490628,-0.14811209,-0.14520228,-0.2961179,-0.14505783,-0.19813283,-0.12205118,-0.14501071,-0.060104962,-0.15931924,-0.14505655,3.344472,-0.2868003,-0.11816878,-0.14795661,-0.10060286,-0.14494199,-0.13614628,-0.20725825,-0.17393659,-0.125103,-0.15657571,-0.15690626,-0.1450555,-0.14813492,-0.16221246,-0.22200036,-0.12218132,1.4889619,-0.14505869,2.964713,-0.24371436,-0.16952515,-0.14499408,-0.13369927,-0.12557748,-0.14505321,-0.18106565,-0.14505848,-0.18642783,-0.14501709,-0.30462334,-0.14497691,-0.14691104,-0.13029914,-0.14504892,-0.14812577,-0.18915205,-0.12212041,-0.14505258,-0.10481856,-0.1650517,-0.14505106,-0.14813644,-0.14811516,-0.121800646,-0.14498016,-0.14811154,-0.1481046,-0.14811331,-0.1481191,-0.16505513,-0.17392421,-0.14504772,-0.14813107,-0.14812365,-0.14813147,-0.2025511,-0.15354379,-0.14723541,-0.14432082,-0.11499533,-0.10471026,-0.11893196,-0.14505035,-0.14807898,-0.122088924,-0.19501048,-0.14505619,-0.18738703,-0.11705899,-0.17429145,-0.14504905,-0.06652963,-0.14486602,-0.10737923,-0.124497145,-0.15298569,-0.052188452,-0.26007295
k__Bacteria|p__Firmicutes|c__Clostridia|o__Eubacteriales|f__Clostridiaceae|g__Clostridium|s__Clostridium_saudiense,-0.1004395,-0.12316422,-0.14359501,-0.14660001,-0.14660028,-0.23867357,-0.1666669,-0.16813041,-0.10929718,-0.22895765,-0.23728925,-0.1435996,2.0221827,-0.3768707,-0.08556121,-0.14320758,-0.058144663,-0.14307465,-0.14654034,-0.19931981,-0.1978925,-0.121097445,-0.14356542,-0.12711628,-0.20043859,-0.11658599,-0.182019,-0.25032333,-0.1509206,-0.14357072,-0.15142563,-0.10844302,-0.18249588,3.3924057,-0.14358723,-0.12127656,-0.14359728,-0.22338755,-0.14359996,-0.29867563,-0.14360002,-0.29356226,-0.12062287,-0.14345998,-0.13691942,-0.14359461,0.857321,4.907271,-0.1296162,-0.12128271,-0.24679694,-0.18279888,-0.25087595,-0.26027086,-0.28621647,-0.27511892,-0.11894142,-0.143516,-0.040142577,-0.056944285,-0.1429106,-0.11274739,-0.13743341,-0.121174544,-0.1435794,-0.14659572,-0.14660008,-0.14660068,-0.27573854,-0.14356256,-0.12117538,-0.16243835,-0.12334165,-0.14074792,-0.143567,-0.15887658,-0.14481027,-0.12126176,-0.18691605,-0.14998752,-0.14358833,-0.14657964,-0.14659064,-0.14653005,-0.120334074,-0.13700745,-0.08858878,-0.14358258,-0.19008024,-0.14359337,-0.2004665,-0.11139822,-0.1388583,1.3017195,-0.1074974,-0.15152657,-0.14350025,-0.14630714,-0.10065024,-0.08152827,-0.09427856,-0.14354788,-0.11960925,-0.15027548,-0.16982608,-0.1185138,-0.14356473,-0.1465942,-0.17738779,-0.15176103,-0.14359617,-0.25953975,2.3557894,-0.13525523,-0.14359343,-0.15095688,-0.17780018,-0.2009549,-0.14357513,-0.09015879,-0.14330861,-0.12151222,-0.121854745,-0.13997786,-0.21433522,-0.13908121,-0.16057305,-0.14352435,-0.07092635,-0.1429922,-0.14587662,-0.18733518,-0.14335883,-0.12116501,-0.12334781,-0.14100276,-0.14355442,-0.114095174,-0.25318068,2.977341,-0.12046582,-0.10945694,-0.14354569,-0.09238048,1.189728,-0.14359364,-0.14652294,-0.12071501,-0.1435256,-0.16015086,-0.1553517,-0.14359786,-0.19704957,1.608113,-0.120190576,-0.10460003,-0.11361031,-0.10256614,-0.14359063,-0.19495486,-0.1435683,-0.12065031,-0.14344281,-0.041086134,-0.12967405,-0.14359674,2.798114,-0.14357693,-0.10384405,-0.14223602,3.511371,-0.14346102,-0.12766197,-0.14347959,-0.121451,-0.075820275,-0.09192432,-0.101488546,-0.14334156,-0.14650905,-0.12378413,-0.14345032,4.6511207,-0.13984437,-0.18093297,-0.143599,-0.25777104,-0.12844054,-0.14351322,-0.13462572,-0.119081676,-0.1435706,-0.1465962,-0.14659777,-0.14659885,-0.19755594,-0.25103784,0.86790997,-0.19465852,0.7381404,-0.20506537,-0.22091979,-0.14358509,-0.120906174,-0.11956477,-0.14357993,-0.14659278,-0.20931396,-0.18224281,-0.1435723,-0.32474133,-0.14359719,-0.14660135,-0.1466003,-0.14659995,-0.2185038,-0.14357135,-0.114121355,-0.14357431,-0.14658743,-0.14659296,-0.22984435,-0.14359115,-0.1465765,-0.08963354,-0.14349534,-0.14655426,-0.14657202,-0.1465725,4.1638513,5.9688244,-0.14014931,-0.15141064,-0.15839578,4.9063625,0.66326445,-0.1435876,4.3192387,-0.121236205,-0.14355487,-0.14660117,-0.14660074,-0.14660074,-0.14660123,-0.38518023,-0.11451449,-0.1435611,-0.15564899,-0.14443555,-0.16636807,-0.14359292,-0.14653113,-0.12993515,-0.047159404,-0.13814555,-0.14016809,-0.14106366,-0.14345789,-0.19987361,-0.1649412,-0.17166539,-0.14357185,-0.14656074,-0.12722544,-0.14610182,-0.2588673,-0.12105342,-0.14347734,-0.09132757,-0.12832497,-0.13684332,-0.16221203,-0.15659244,-0.1205291,-0.14335653,-0.14651217,-0.14655806,-0.1465899,-0.15740095,-0.19795567,-0.15106063,-0.07294749,-0.2039893,-0.14356211,-0.14655615,-0.104459345,-0.14323202,-0.17466888,-0.13176009,-0.14356793,-0.15109587,-0.10913184,-0.14341423,-0.05825615,-0.14326635,-0.17082691,-0.14351165,-0.18883844,-0.14359829,-0.31316653,-0.14358954,-0.16808087,-0.14331596,-0.14359102,-0.14659803,-0.25088155,-0.14359865,-0.22115314,-0.07562123,-0.086852394,-0.10702289,-0.060967896,-0.137456,-0.16796505,-0.15746465,-0.22133875,-0.12812386,-0.0969081,-0.16398169,1.2413555,-0.11335766,1.6339138,-0.12122959,-0.17755464,-0.0994983,-0.115196005,-0.14351241,-0.11662802,-0.19749595,-0.14526704,-0.12781724,-0.096878245,-0.14351088,-0.1464141,1.4877366,-0.11230643,-0.063823454,-0.1434456,-0.11419349,-0.10007019,0.85981846,-0.1435991,-0.14659059,-0.16344379,-0.1759062,-0.12524253,-0.14358516,-0.0782174,-0.19187105,-0.18185812,-0.09859173,-0.11065883,-0.14327653,-0.14629507,-0.083404,1.4817158,-0.13072303,3.8798606,-0.19385117,-0.14356461,-0.14659499,-0.19487974,-0.23847799,-0.2432746,-0.12092048,-0.14340526,-0.14656825,-0.14520228,-0.2961179,-0.14359841,-0.19813283,-0.12114093,-0.14353862,-0.060104962,2.5583591,-0.1435968,0.6203723,0.69608086,-0.11816878,-0.14795661,-0.10060286,-0.1434514,-0.13614628,-0.20725825,-0.17393659,-0.125103,-0.15657571,-0.15690626,-0.14359546,-0.14659727,-0.16221246,-0.22200036,-0.12129701,-0.2814266,-0.14359951,-0.1915083,-0.24371436,-0.16952515,-0.1435197,-0.13369927,-0.12557748,-0.14359254,-0.18106565,-0.14359926,-0.18642783,-0.14354785,-0.30462334,-0.14349595,-0.14691104,-0.13029914,-0.14358705,-0.14658552,-0.18915205,-0.12122146,-0.1435917,-0.10481856,-0.1650517,-0.14358985,-0.14659922,-0.14657293,-0.12084627,-0.1434992,-0.14656769,-0.14655867,-0.14656985,-0.14657699,-0.16505513,1.6143584,-0.14358558,-0.14659235,-0.14658292,-0.14659283,-0.2025511,-0.15354379,3.9942052,-0.14266855,-0.11499533,-0.10471026,-0.11893196,-0.1435889,-0.14652827,-0.12118247,-0.19501048,-0.14359634,-0.18738703,-0.11705899,-0.17429145,-0.14358753,-0.06652963,-0.14335442,-0.10737923,-0.124497145,-0.15298569,-0.052188452,-0.26007295
k__Bacteria|p__Firmicutes|c__Tissierellia|o__Tissierellales|f__Peptoniphilaceae|g__Finegoldia|s__Finegoldia_magna,-0.1004395,-0.12316422,-0.14227787,-0.14527115,-0.1452713,-0.23867357,-0.1666669,-0.16813041,-0.10929718,-0.22895765,-0.23728925,-0.14228034,-0.22850217,-0.3768707,-0.08556121,-0.14205241,-0.058144663,-0.14199024,-0.14523824,-0.19931981,-0.1978925,-0.119947106,-0.14226186,-0.12711628,-0.20043859,-0.11658599,-0.182019,-0.25032333,2.9042559,-0.14226525,-0.15142563,-0.10844302,-0.18249588,0.5001043,-0.14227462,-0.12004533,-0.14227909,-0.22338755,-0.14228055,3.6710103,-0.14228058,2.232769,-0.11966941,-0.1422059,-0.13691942,-0.14227766,-0.23188588,-0.24781659,-0.1296162,-0.120049074,-0.24679694,-0.18279888,-0.25087595,-0.26027086,-0.28621647,1.7963233,-0.11894142,-0.142234,-0.040142577,-0.056944285,-0.14190835,-0.11274739,-0.13743341,-0.11998667,-0.14226937,-0.1452688,-0.14527118,-0.14527151,-0.27573854,-0.14226064,-0.11998944,-0.16243835,-0.12334165,-0.14074792,-0.1422627,-0.15887658,-0.14481027,-0.120037965,0.8871943,-0.14998752,-0.14227411,-0.14526,-0.14526603,-0.14523983,-0.120334074,-0.13700745,-0.08858878,-0.14227101,1.9927908,-0.14227697,-0.2004665,-0.11139822,-0.1388583,-0.13027036,-0.1074974,-0.15152657,-0.14222613,-0.14512275,-0.10065024,-0.08152827,-0.09427856,-0.14225219,-0.11960925,-0.15027548,-0.16982608,-0.1185138,-0.14226158,-0.14526802,0.7406267,-0.15176103,-0.14227852,-0.25953975,-0.17989698,-0.13525523,-0.142277,-0.15095688,-0.17780018,-0.2009549,-0.14226887,-0.09015879,-0.14212024,-0.12151222,-0.121854745,-0.13997786,-0.21433522,-0.13908121,-0.16057305,-0.14223915,-0.07092635,-0.1419448,-0.14488289,-0.18733518,-0.14215533,-0.119970456,1.8078941,-0.14100276,-0.1422556,-0.114095174,-0.25318068,-0.26654312,-0.11955699,-0.10945694,-0.1422509,-0.09238048,-0.20963459,-0.14227709,-0.14523637,-0.1197027,-0.14223944,-0.16015086,-0.1553517,-0.14227942,-0.19704957,-0.20616047,-0.11937457,-0.10460003,-0.11361031,-0.10256614,-0.14227547,-0.19495486,-0.14226599,-0.11965764,-0.14219493,-0.041086134,-0.12967405,-0.14227885,-0.2300741,-0.14227068,-0.10384405,-0.1415053,-0.0784167,-0.14220266,-0.12766197,-0.14221418,-0.121451,-0.075820275,-0.09192432,-0.101488546,-0.14213677,-0.14522101,-0.12378413,-0.1422039,-0.1410757,-0.13984437,-0.18093297,-0.14228001,-0.25777104,-0.12844054,-0.1422377,-0.13462572,-0.119081676,-0.14226428,-0.145269,-0.1452699,-0.14527047,-0.19755594,2.6496475,-0.20219928,-0.19465852,-0.24831252,-0.20506537,-0.22091979,-0.14227311,-0.11981724,-0.11956477,-0.1422697,-0.14526728,2.016429,-0.18224281,-0.14226606,-0.32474133,-0.14227903,-0.14527187,-0.1452713,-0.1452711,-0.2185038,-0.14226484,-0.114121355,-0.14226648,-0.14526448,-0.14526734,-0.22984435,-0.14227569,-0.14525664,-0.08963354,-0.14222232,-0.14524591,-0.14525594,-0.14525601,-0.13302092,-0.1051107,-0.14014931,-0.15141064,2.1726124,0.8202567,-0.14613561,-0.1422738,-0.12319561,-0.12002385,-0.1422563,-0.14527178,-0.14527154,-0.14527154,-0.14527181,-0.38518023,-0.11451449,-0.14225954,-0.15564899,-0.14443555,-0.16636807,-0.14227676,-0.14523712,-0.12993515,-0.047159404,-0.13935146,-0.14016809,-0.14106366,-0.1422036,-0.19987361,-0.1649412,-0.17166539,-0.14226529,-0.1452496,-0.12722544,-0.14610182,-0.2588673,-0.11991745,-0.14221285,-0.09132757,-0.12832497,-0.13684332,1.6464734,0.6706094,-0.119561955,-0.142144,-0.14522274,-0.14524825,-0.14526564,-0.15740095,-0.19795567,-0.15106063,-0.07294749,1.0241324,-0.14226003,-0.14524668,-0.104459345,-0.14206977,1.7984915,-0.13176009,-0.14226307,-0.15109587,-0.10913184,-0.14217585,-0.05825615,-0.14326635,-0.17082691,-0.14223257,-0.18883844,-0.14227964,-0.31316653,-0.14227507,-0.16808087,-0.14331596,-0.14227572,-0.14527008,-0.25088155,-0.14227983,-0.22115314,-0.07562123,-0.086852394,-0.10702289,-0.060967896,-0.13897713,-0.16796505,-0.15746465,-0.22133875,-0.12812386,-0.0969081,-0.16398169,-0.12716047,-0.11335766,-0.18846886,-0.120020315,-0.17755464,-0.0994983,-0.115196005,-0.14223295,-0.11662802,-0.19749595,-0.14526704,-0.12781724,-0.096878245,-0.14223132,-0.14516884,-0.12434345,-0.11230643,-0.063823454,-0.14219423,1.1986743,-0.10007019,-0.24483351,-0.14228007,-0.14526743,1.4589745,-0.1759062,-0.12524253,-0.1422725,-0.0782174,-0.19187105,-0.18185812,-0.09859173,-0.11065883,-0.1421036,-0.14510453,-0.083404,-0.1213824,-0.13072303,4.1795945,3.7318203,-0.14226146,-0.14526841,-0.19487974,-0.23847799,-0.2432746,-0.119840264,-0.14217351,-0.14525397,-0.14520228,-0.2961179,-0.1422797,-0.19813283,-0.119968265,-0.14224708,-0.060104962,-0.15931924,-0.14227886,-0.2028091,-0.2868003,-0.11816878,-0.14795661,-0.10060286,-0.14220005,-0.13614628,-0.20725825,-0.17393659,-0.125103,-0.15657571,-0.15690626,-0.1422781,-0.14526968,-0.16221246,-0.22200036,-0.12005687,3.6074922,-0.14228031,5.2802153,-0.24371436,-0.16952515,-0.14224255,-0.13369927,-0.12557748,-0.14227654,-0.18106565,-0.14228016,-0.18642783,-0.14225459,-0.30462334,-0.14222449,-0.14691104,-0.13029914,-0.14227353,-0.1452632,-0.18915205,-0.12001698,-0.14227611,-0.10481856,-0.1650517,-0.14227512,-0.14527074,-0.14525983,-0.119790345,-0.14222538,-0.14525363,-0.14524832,-0.1452547,-0.14525816,-0.16505513,-0.17392421,-0.14227273,-0.14526695,-0.14526188,-0.14526722,1.7890447,-0.15354379,1.0069737,-0.14178073,-0.11499533,-0.10471026,-0.11893196,-0.14227454,-0.14523755,-0.11999284,1.411274,-0.1422786,-0.18738703,-0.11705899,-0.17429145,-0.14227611,-0.06652963,-0.14214411,-0.10737923,-0.124497145,-0.15298569,-0.052188452,-0.26007295
k__Bacteria|p__Firmicutes|c__Clostridia|o__Eubacteriales|f__Lachnospiraceae|g__Blautia|s__Blautia_massiliensis,-0.1004395,-0.12316422,-0.1463475,-0.14945965,-0.14945987,-0.23867357,-0.1666669,-0.16813041,4.3413935,3.8466067,1.6267506,-0.14635146,2.1706288,2.1338947,-0.08556121,-0.14601356,-0.058144663,-0.14590432,-0.14940819,-0.19931981,-0.1978925,-0.123068124,-0.1463221,-0.12711628,7.024523,-0.11658599,-0.182019,-0.25032333,-0.1509206,-0.1463263,-0.15142563,-0.10844302,-0.18249588,-0.28454733,-0.14634037,-0.123233035,-0.14634946,-0.22338755,-0.14635175,-0.29867563,-0.14635181,-0.29356226,-0.122633725,-0.14622939,-0.13691942,-0.1463472,-0.23188588,-0.24781659,-0.1296162,-0.12323807,-0.24679694,-0.18279888,-0.25087595,-0.26027086,-0.28621647,-0.27511892,-0.11894142,-0.14627947,-0.040142577,-0.056944285,-0.1457519,-0.11274739,-0.13743341,-0.12313691,-0.1463338,-0.14945596,-0.14945969,-0.14946023,-0.27573854,-0.1463185,-0.12314057,-0.16243835,-0.12334165,-0.14074792,-0.14632341,-0.15887658,-0.14481027,-0.1232194,-0.18691605,-0.14998752,-0.14634177,-0.14944209,-0.14945143,-0.14939639,-0.120334074,-0.13700745,-0.08858878,-0.14633684,-0.19008024,-0.14634609,-0.2004665,-0.11139822,-0.1388583,-0.13027036,-0.1074974,-0.15152657,-0.14626595,-0.14919731,-0.10065024,-0.08152827,-0.09427856,-0.14630711,-0.11960925,-0.15027548,-0.16982608,-0.1185138,-0.1463212,-0.14945462,-0.17738779,-0.15176103,-0.14634849,-0.25953975,-0.17989698,-0.13525523,-0.14634615,-0.15095688,-0.17780018,-0.2009549,-0.14632913,-0.09015879,-0.14610219,-0.12151222,-0.121854745,-0.13997786,-0.21433522,-0.13908121,-0.16057305,-0.14628688,-0.07092635,-0.14582753,-0.14882237,-0.18733518,-0.14613657,-0.12312411,-0.12334781,-0.14100276,-0.14631262,-0.114095174,7.7803183,-0.26654312,-0.12244743,-0.10945694,-0.14630525,-0.09238048,-0.20963459,-0.14634635,-0.14939101,-0.12269305,-0.14628759,-0.16015086,-0.1553517,-0.14634995,-0.19704957,-0.20616047,-0.12219559,-0.10460003,-0.11361031,-0.10256614,-0.1463438,-0.19495486,-0.14632377,-0.12261199,-0.14621699,-0.041086134,-0.12967405,-0.14634892,-0.2300741,-0.14633137,-0.10384405,-0.14517796,-0.0784167,-0.14623228,-0.12766197,-0.14624822,-0.121451,-0.075820275,-0.09192432,-0.101488546,-0.14612877,-0.14938173,-0.12378413,-0.1462205,-0.1410757,-0.13984437,-0.18093297,-0.14635095,-0.25777104,-0.12844054,-0.14627582,-0.13462572,-0.119081676,-0.14632675,-0.14945637,-0.14945772,-0.14945865,-0.19755594,-0.25103784,-0.20219928,-0.19465852,-0.24831252,-0.20506537,-0.22091979,-0.14633867,-0.12286766,-0.11956477,-0.14633465,-0.14945337,-0.20931396,-0.18224281,-0.14632761,-0.32474133,-0.1463494,-0.14946079,-0.14945991,-0.1494596,-0.2185038,-0.14632699,-0.114121355,-0.14632945,-0.14944845,-0.14945358,-0.22984435,-0.14634424,-0.14943954,-0.08963354,-0.14626151,-0.14942071,-0.1494353,-0.14943624,-0.13302092,-0.1051107,-0.14014931,-0.15141064,-0.15839578,-0.15615125,-0.14613561,-0.14634126,-0.12319561,-0.12319671,-0.14631227,-0.14946066,-0.14946027,-0.14946029,-0.14946069,6.668655,-0.11451449,-0.14631817,-0.15564899,-0.14443555,-0.16636807,-0.14634563,-0.1493983,-0.12993515,-0.047159404,-0.14156394,-0.14016809,-0.14106366,-0.1462288,-0.19987361,-0.1649412,-0.17166539,-0.14632761,-0.14942631,-0.12722544,-0.14610182,-0.2588673,-0.12301697,-0.1462461,-0.09132757,-0.12832497,-0.13684332,-0.16221203,-0.15659244,-0.122494735,-0.14614092,-0.14938407,-0.1494237,-0.14945097,-0.15740095,-0.19795567,-0.15106063,-0.07294749,-0.2039893,-0.14631882,-0.14942236,-0.104459345,-0.14601497,-0.17466888,-0.13176009,-0.14632455,-0.15109587,-0.10913184,-0.14619082,-0.05825615,-0.14326635,-0.17082691,-0.14627528,7.8615236,-0.1463503,6.8181825,-0.14634249,-0.16808087,-0.14331596,-0.14634407,-0.14945789,-0.25088155,-0.14635062,-0.22115314,-0.07562123,-0.086852394,-0.10702289,-0.060967896,-0.14096645,-0.16796505,-0.15746465,-0.22133875,-0.12812386,-0.0969081,-0.16398169,-0.12716047,-0.11335766,-0.18846886,-0.123189956,-0.17755464,-0.0994983,-0.115196005,-0.1462761,-0.11662802,-0.19749595,-0.14526704,-0.12781724,-0.096878245,-0.14627577,-0.14929943,-0.12434345,-0.11230643,-0.063823454,-0.14621884,-0.11419349,-0.10007019,-0.24483351,-0.14635102,-0.14945123,-0.16344379,-0.1759062,-0.12524253,-0.14633909,-0.0782174,3.4159944,-0.18185812,-0.09859173,-0.11065883,-0.14607391,-0.149197,-0.083404,0.87235683,7.9202566,-0.13855581,-0.19385117,-0.14632092,-0.14945534,-0.19487974,-0.23847799,-0.2432746,-0.12290779,-0.14618382,-0.14943211,-0.14520228,-0.2961179,-0.14635043,-0.19813283,-0.123105094,-0.14629844,-0.060104962,-0.15931924,-0.146349,-0.2028091,3.8731897,7.0738373,7.4973493,-0.10060286,-0.14622259,-0.13614628,-0.20725825,7.710988,-0.125103,-0.15657571,-0.15690626,-0.14634785,-0.1494573,-0.16221246,-0.22200036,-0.12325062,-0.2814266,-0.14635137,-0.1915083,-0.24371436,-0.16952515,-0.14628083,-0.13369927,-0.12557748,-0.14634532,-0.18106565,-0.14635116,1.906916,-0.14630553,2.5458481,-0.14626086,-0.14691104,-0.13029914,-0.14634061,-0.14944725,-0.18915205,-0.12318378,-0.14634468,-0.10481856,-0.1650517,-0.14634293,-0.14945894,-0.14943534,-0.1228221,-0.14626516,-0.14943141,-0.14942393,-0.14943337,-0.14943993,-0.16505513,-0.17392421,-0.14633924,-0.14945307,-0.14944488,-0.1494535,-0.2025511,-0.15354379,-0.14723541,-0.14553282,-0.11499533,-0.10471026,-0.11893196,-0.14634219,-0.1493963,-0.123149775,-0.19501048,-0.1463486,-0.18738703,-0.11705899,-0.17429145,-0.14634076,-0.06652963,-0.14614096,-0.10737923,-0.124497145,-0.15298569,-0.052188452,-0.26007295
k__Bacteria|p__Firmicutes|c__Clostridia|o__Eubacteriales|f__Oscillospiraceae|g__Agathobaculum|s__Agathobaculum_butyriciproducens,-0.1004395,-0.12316422,-0.1442885,-0.14739764,-0.14739786,6.394678,-0.1666669,-0.16813041,-0.10929718,-0.22895765,-0.23728925,-0.14429247,-0.22850217,-0.3768707,-0.08556121,-0.1439571,-0.058144663,-0.14384916,-0.14734589,-0.19931981,1.1789154,-0.12104779,-0.14426315,-0.12711628,-0.20043859,-0.11658599,-0.182019,-0.25032333,-0.1509206,-0.1442672,-0.15142563,-0.10844302,-0.18249588,-0.28454733,-0.14428157,-0.12119731,-0.14429049,-0.22338755,-0.1442928,6.4988227,-0.14429286,5.852817,-0.12063604,-0.14416951,-0.13691942,-0.14428823,-0.23188588,-0.24781659,-0.1296162,-0.12120217,2.9608884,-0.18279888,3.3191214,3.8238344,3.9317808,5.4985976,-0.11894142,-0.14422074,-0.040142577,-0.056944285,-0.14368938,-0.11274739,-0.13743341,-0.12110987,-0.1442747,-0.14739396,-0.14739767,-0.1473982,2.3660488,-0.14425987,-0.12111086,-0.16243835,-0.12334165,-0.14074792,-0.14426443,-0.15887658,-0.14481027,-0.12118495,-0.18691605,-0.14998752,-0.1442828,-0.14738004,-0.14738935,-0.14733517,-0.120334074,-0.13700745,-0.08858878,-0.14427786,-0.19008024,-0.14428714,-0.2004665,-0.11139822,-0.1388583,-0.13027036,-0.1074974,-0.15152657,-0.14420733,-0.14714639,-0.10065024,-0.08152827,-0.09427856,-0.14424826,-0.11960925,-0.15027548,-0.16982608,-0.1185138,-0.14426202,-0.14739263,-0.17738779,-0.15176103,-0.14428952,-0.25953975,-0.17989698,-0.13525523,-0.1442872,-0.15095688,-0.17780018,-0.2009549,-0.14427027,-0.09015879,-0.1440448,4.5372915,-0.121854745,-0.13997786,2.9625669,-0.13908121,-0.16057305,-0.1442282,-0.07092635,-0.14376953,-0.14675348,-0.18733518,-0.14407551,-0.12109938,-0.12334781,-0.14100276,-0.14425364,-0.114095174,5.7308774,4.894725,-0.120517,-0.10945694,-0.14424637,-0.09238048,-0.20963459,-0.14428738,-0.14732754,-0.120718054,-0.14422835,-0.16015086,-0.1553517,-0.14429098,-0.19704957,-0.20616047,-0.1202681,-0.10460003,-0.11361031,-0.10256614,-0.14428484,3.1494582,-0.14426537,-0.12066056,-0.14415884,-0.041086134,-0.12967405,-0.14428994,4.563916,-0.14427254,-0.10384405,-0.14312553,-0.0784167,-0.14417307,-0.12766197,-0.14418945,-0.121451,-0.075820275,-0.09192432,-0.101488546,-0.14407125,-0.14732008,-0.12378413,-0.14416212,-0.1410757,-0.13984437,-0.18093297,-0.14429197,-0.25777104,-0.12844054,-0.14421761,-0.13462572,-0.119081676,-0.14426786,-0.14739433,-0.1473957,-0.14739661,-0.19755594,-0.25103784,-0.20219928,-0.19465852,-0.24831252,-0.20506537,-0.22091979,-0.14427963,-0.120878994,-0.11956477,-0.1442757,-0.14739135,-0.20931396,-0.18224281,-0.14426842,-0.32474133,-0.14429042,-0.14739878,-0.1473979,-0.1473976,-0.2185038,-0.14426778,-0.114121355,-0.14427021,-0.14738627,-0.14739153,-0.22984435,-0.1442853,-0.14737678,-0.08963354,-0.14420226,-0.14735883,-0.14737311,-0.14737433,-0.13302092,-0.1051107,-0.14014931,-0.15141064,-0.15839578,-0.15615125,-0.14613561,-0.14428234,-0.12319561,-0.12116229,-0.14425296,-0.14739864,-0.14739826,-0.14739826,-0.14739868,2.5196824,-0.11451449,-0.14425915,-0.15564899,-0.14443555,-0.16636807,-0.14428662,-0.14733547,-0.12993515,-0.047159404,-0.13945109,-0.14016809,-0.14106366,-0.14416939,-0.19987361,-0.1649412,-0.17166539,-0.14426869,-0.14736456,-0.12722544,-0.14610182,-0.2588673,-0.121012665,-0.14418805,-0.09132757,-0.12832497,-0.13684332,-0.16221203,-0.15659244,-0.12056319,-0.14408198,-0.14732224,-0.14736176,-0.14738896,-0.15740095,-0.19795567,-0.15106063,-0.07294749,-0.2039893,-0.14425966,-0.14736065,-0.104459345,-0.14399578,-0.17466888,-0.13176009,-0.14426571,-0.15109587,-0.10913184,-0.14413296,-0.05825615,-0.14326635,-0.17082691,-0.14421597,4.5904374,-0.14429133,5.3108797,-0.14428335,-0.16808087,-0.14331596,-0.14428511,-0.14739585,-0.25088155,-0.14429164,-0.22115314,-0.07562123,-0.086852394,-0.10702289,-0.060967896,-0.13885838,-0.16796505,-0.15746465,-0.22133875,-0.12812386,-0.0969081,-0.16398169,-0.12716047,-0.11335766,-0.18846886,-0.12115754,-0.17755464,-0.0994983,-0.115196005,-0.14421707,-0.11662802,-0.19749595,-0.14526704,-0.12781724,-0.096878245,-0.1442173,-0.14723837,-0.12434345,-0.11230643,-0.063823454,-0.14416042,-0.11419349,-0.10007019,-0.24483351,-0.14429206,-0.14738914,-0.16344379,-0.1759062,-0.12524253,-0.14428014,-0.0782174,-0.19187105,1.4490709,-0.09859173,-0.11065883,-0.14401644,-0.14713588,-0.083404,-0.1213824,-0.13072303,-0.13855581,-0.19385117,-0.14426173,-0.14739332,-0.19487974,-0.23847799,-0.2432746,-0.120894834,-0.14412534,-0.14736995,-0.14520228,-0.2961179,-0.14429146,-0.19813283,-0.12108371,-0.14423941,-0.060104962,-0.15931924,-0.14429,-0.2028091,-0.2868003,-0.11816878,-0.14795661,-0.10060286,-0.14416331,-0.13614628,-0.20725825,-0.17393659,-0.125103,-0.15657571,-0.15690626,-0.14428887,-0.14739528,-0.16221246,-0.22200036,-0.121214345,-0.2814266,-0.1442924,-0.1915083,-0.24371436,-0.16952515,-0.14422151,-0.13369927,-0.12557748,-0.1442863,-0.18106565,-0.14429219,-0.18642783,-0.14424601,-0.30462334,-0.14420117,-0.14691104,-0.13029914,-0.14428163,-0.14738521,-0.18915205,-0.12115146,-0.14428572,-0.10481856,-0.1650517,-0.14428389,-0.14739692,-0.14737332,-0.12083845,-0.14420661,-0.14736918,-0.14736174,-0.14737117,-0.14737791,-0.16505513,-0.17392421,-0.14428023,-0.14739105,-0.1473828,-0.14739148,-0.2025511,-0.15354379,-0.14723541,-0.14346516,-0.11499533,-0.10471026,-0.11893196,-0.1442832,-0.14733367,-0.12111941,-0.19501048,-0.14428958,-0.18738703,-0.11705899,-0.17429145,-0.14428194,-0.06652963,-0.14408365,-0.10737923,-0.124497145,-0.15298569,-0.052188452,-0.26007295
k__Bacteria|p__Firmicutes|c__Bacilli|o__Lactobacillales|f__Streptococcaceae|g__Streptococcus|s__Streptococcus_infantis,-0.1004395,-0.12316422,-0.14629896,-0.14941949,-0.14942087,-0.23867357,-0.1666669,-0.16813041,-0.10929718,-0.22895765,-0.23728925,-0.14631532,-0.22850217,-0.3768707,-0.08556121,-0.14483431,-0.058144663,-0.14414498,-0.14920086,-0.19931981,-0.1978925,-0.12232341,-0.14618297,-0.12711628,-0.20043859,-0.11658599,-0.182019,-0.25032333,-0.1509206,-0.14621271,1.1822128,-0.10844302,-0.18249588,1.554595,-0.14627364,-0.123103276,-0.14630635,-0.22338755,-0.14631675,-0.29867563,-0.14631703,2.846841,-0.12020408,-0.14583477,-0.13691942,-0.14629543,-0.23188588,-0.24781659,-0.1296162,-0.12313491,-0.24679694,-0.18279888,-0.25087595,-0.26027086,-0.28621647,-0.27511892,-0.11894142,-0.14599352,-0.040142577,-0.056944285,-0.14385988,-0.11274739,-0.13743341,-0.12268273,-0.14624566,-0.14940266,-0.14942047,-0.14942229,-0.27573854,-0.1461978,-0.1226915,-0.16243835,-0.12334165,-0.14074792,-0.14618923,-0.15887658,-0.14481027,-0.123036504,-0.18691605,-0.14998752,-0.14627208,-0.14934263,-0.14938796,-0.14922014,-0.120334074,-0.13700745,-0.08858878,-0.14624918,-0.19008024,-0.14629109,-0.2004665,-0.11139822,-0.1388583,-0.13027036,-0.1074974,-0.15152657,-0.14592563,-0.14855455,-0.10065024,-0.08152827,-0.09427856,-0.14611116,-0.11960925,-0.15027548,-0.16982608,-0.1185138,-0.1461921,-0.14939736,-0.17738779,-0.15176103,-0.14630297,0.95197785,-0.17989698,-0.13525523,-0.14629099,-0.15095688,-0.17780018,-0.2009549,-0.14625014,-0.09015879,-0.14514446,-0.12151222,-0.121854745,-0.13997786,-0.21433522,-0.13908121,-0.16057305,-0.14601645,-0.07092635,-0.14402369,-0.14707296,-0.18733518,-0.14561293,-0.122626245,-0.12334781,-0.14100276,-0.1461404,-0.114095174,2.6966684,1.1686505,-0.11961354,-0.10945694,-0.14610186,3.5278697,-0.20963459,-0.14629188,-0.14921665,-0.12069543,-0.14604732,-0.16015086,-0.1553517,-0.14630884,-0.19704957,-0.20616047,-0.11855255,-0.10460003,-0.11361031,2.2790089,-0.14627883,1.4914277,-0.14620407,-0.12046373,-0.14569342,-0.041086134,-0.12967405,-0.14630635,-0.2300741,-0.14623854,-0.10384405,-0.14120063,-0.0784167,-0.14580044,-0.12766197,-0.14585021,-0.121451,-0.075820275,-0.09192432,-0.101488546,-0.14530933,-0.14905682,-0.12378413,-0.1458888,-0.1410757,2.7893283,-0.18093297,-0.14631301,0.502599,-0.12844054,-0.1460276,-0.13462572,-0.119081676,-0.14619651,-0.1494053,-0.14941134,-0.1494154,-0.19755594,-0.25103784,-0.20219928,-0.19465852,2.163116,-0.20506537,-0.22091979,-0.14626841,-0.121536225,-0.11956477,-0.14623666,-0.14939302,-0.20931396,-0.18224281,-0.14622767,-0.32474133,-0.1463055,-0.14942472,-0.14942065,-0.14941916,-0.2185038,-0.14622924,-0.114121355,-0.14622957,-0.14938232,-0.14939389,0.88154006,-0.14628075,-0.14935477,-0.08963354,-0.1459302,-0.14923202,-0.14932026,-0.14930557,-0.13302092,1.4591128,0.71128875,-0.15141064,-0.15839578,-0.15615125,-0.14613561,-0.14626507,1.6147059,-0.12294674,-0.14616361,-0.14942421,-0.14942272,-0.14942253,-0.14942431,-0.38518023,-0.11451449,-0.14617094,-0.15564899,-0.14443555,-0.16636807,-0.14629218,-0.14921585,-0.12993515,-0.047159404,-0.12834011,-0.14016809,-0.14106366,-0.1457906,-0.19987361,-0.1649412,-0.17166539,-0.1462066,-0.149253,-0.12722544,-0.14610182,-0.2588673,-0.12211762,-0.1458337,-0.09132757,-0.12832497,-0.13684332,-0.16221203,-0.15659244,-0.11991504,-0.14543371,-0.14907873,-0.14925385,-0.14938018,-0.15740095,-0.19795567,-0.15106063,-0.07294749,-0.2039893,-0.14618179,-0.14923677,-0.104459345,-0.1452727,-0.17466888,-0.13176009,-0.14618304,-0.15109587,-0.10913184,-0.14562103,-0.05825615,-0.14326635,-0.17082691,-0.14599204,-0.18883844,-0.14631103,-0.31316653,-0.14628664,-0.16808087,-0.14331596,-0.14628223,-0.1494138,-0.25088155,-0.14631245,1.3808922,-0.07562123,-0.086852394,-0.10702289,-0.060967896,-0.12558943,-0.16796505,-0.15746465,-0.22133875,-0.12812386,-0.0969081,-0.16398169,-0.12716047,-0.11335766,-0.18846886,-0.12290546,-0.17755464,-0.0994983,2.0535514,-0.14598823,-0.11662802,0.75405395,-0.14526704,-0.12781724,-0.096878245,-0.14595178,-0.14869434,-0.12434345,-0.11230643,-0.063823454,-0.14572269,-0.11419349,-0.10007019,-0.24483351,-0.14631337,-0.14939325,-0.16344379,-0.1759062,-0.12524253,-0.14625782,-0.0782174,-0.19187105,-0.18185812,-0.09859173,-0.11065883,-0.14503834,-0.14823805,-0.083404,-0.1213824,-0.13072303,-0.13855581,-0.19385117,-0.1461933,-0.14940026,-0.19487974,-0.23847799,-0.2432746,-0.12163305,-0.14556788,-0.14930445,-0.14520228,-0.2961179,-0.14631069,-0.19813283,-0.12252344,-0.1460943,-0.060104962,-0.15931924,-0.14630577,-0.2028091,-0.2868003,-0.11816878,-0.14795661,-0.10060286,-0.1457785,-0.13614628,-0.20725825,-0.17393659,-0.125103,-0.15657571,-0.15690626,-0.14630044,-0.1494089,2.3157136,0.91306,-0.12319322,1.9077454,-0.14631522,0.7630007,-0.24371436,-0.16952515,-0.14607945,-0.13369927,-0.12557748,-0.14629006,-0.18106565,-0.14631402,-0.18642783,-0.1461637,-0.30462334,-0.14595768,-0.14691104,-0.13029914,-0.14626816,-0.14936246,3.0810363,-0.12286171,-0.14628457,-0.10481856,-0.1650517,-0.14628196,-0.149417,-0.14934269,-0.12127836,-0.14591809,-0.149308,-0.14926717,-0.14931417,-0.14933133,-0.16505513,0.8467079,-0.14626536,-0.14938943,-0.14935635,-0.14939132,4.43457,-0.15354379,-0.14723541,-0.14324772,-0.11499533,-0.10471026,-0.11893196,-0.14627519,-0.14920476,-0.12268282,-0.19501048,-0.14630476,-0.18738703,-0.11705899,-0.17429145,-0.14627776,-0.06652963,-0.14534791,-0.10737923,-0.124497145,-0.15298569,-0.052188452,-0.26007295
k__Bacteria|p__Firmicutes|c__Bacilli|o__Lactobacillales|f__Streptococcaceae|g__Streptococcus|s__Streptococcus_vestibularis,-0.1004395,-0.12316422,-0.14191237,-0.14500327,-0.14500354,-0.23867357,-0.1666669,3.0698147,-0.10929718,-0.22895765,1.7427903,-0.14191745,-0.22850217,-0.3768707,-0.08556121,-0.1415013,-0.058144663,-0.14136468,-0.14493775,-0.19931981,-0.1978925,-0.11876793,-0.14188045,-0.12711628,-0.20043859,-0.11658599,-0.182019,-0.25032333,5.006064,-0.14188524,-0.15142563,-0.10844302,-0.18249588,-0.28454733,-0.14190334,-0.11895774,-0.14191493,-0.22338755,-0.14191784,-0.29867563,-0.14191791,-0.29356226,-0.11827875,-0.14176077,4.772765,-0.14191207,4.4559484,-0.24781659,-0.1296162,-0.11896374,5.6674514,1.3597035,-0.25087595,-0.26027086,-0.28621647,-0.27511892,4.2394156,-0.14182688,-0.040142577,-0.056944285,-0.14115071,-0.11274739,-0.13743341,-0.11884704,-0.14189477,-0.14499867,-0.14500329,-0.14500399,-0.27573854,-0.14187545,-0.11884841,-0.16243835,-0.12334165,-0.14074792,-0.14188209,-0.15887658,-0.14481027,-0.11894247,1.2565612,-0.14998752,-0.14190522,-0.14498103,-0.14499268,-0.14492157,-0.120334074,-0.13700745,-0.08858878,-0.14189905,-0.19008024,-0.14191072,-0.2004665,-0.11139822,-0.1388583,-0.13027036,-0.1074974,-0.15152657,-0.14181025,-0.1446861,-0.10065024,-0.08152827,-0.09427856,-0.14186183,-0.11960925,-0.15027548,-0.16982608,-0.1185138,-0.1418786,-0.14499694,-0.17738779,-0.15176103,-0.14191365,-0.25953975,2.5154345,2.3788667,-0.14191079,-0.15095688,-0.17780018,-0.2009549,-0.14188819,-0.09015879,-0.14160675,-0.12151222,-0.121854745,-0.13997786,-0.21433522,-0.13908121,1.5408833,-0.14183661,-0.07092635,-0.14125893,-0.14417692,-0.18733518,-0.14163603,-0.11884017,-0.12334781,-0.14100276,-0.14186853,-0.114095174,2.5251572,-0.26654312,-0.11809064,-0.10945694,-0.1418595,-0.09238048,-0.20963459,-0.14191103,-0.1449117,-0.11835775,-0.14183623,2.3454423,-0.1553517,-0.14191553,-0.19704957,-0.20616047,-0.11779478,-0.10460003,-0.11361031,-0.10256614,-0.14190787,-0.19495486,-0.14188221,-0.11828331,-0.14174968,-0.041086134,-0.12967405,-0.14191414,-0.2300741,-0.14189142,-0.10384405,-0.14044723,-0.0784167,-0.14176631,-0.12766197,-0.14178774,-0.121451,-0.075820275,-0.09192432,-0.101488546,-0.14163905,-0.14490592,-0.12378413,-0.1417515,-0.1410757,4.03606,6.167299,-0.14191681,4.3240447,-0.12844054,-0.14182082,-0.13462572,-0.119081676,-0.14188671,-0.14499912,-0.14500082,-0.14500198,-0.19755594,-0.25103784,-0.20219928,-0.19465852,-0.24831252,-0.20506537,-0.22091979,-0.14190081,-0.11855967,-0.11956477,-0.14189637,-0.1449953,-0.20931396,1.6608431,-0.14188646,4.5800633,-0.14191486,-0.14500472,-0.1450036,-0.14500323,-0.2185038,-0.14188516,3.6842177,-0.14188895,-0.14498855,-0.14499551,-0.22984435,-0.14190844,-0.14497615,-0.08963354,-0.14180328,-0.14495474,-0.14497209,-0.14497422,-0.13302092,-0.1051107,-0.14014931,-0.15141064,-0.15839578,-0.15615125,-0.14613561,-0.1419048,-0.12319561,-0.118913606,-0.14186692,-0.14500454,-0.14500403,-0.14500406,-0.14500457,1.2308531,-0.11451449,-0.14187524,-0.15564899,-0.14443555,-0.16636807,-0.14190996,-0.14492221,-0.12993515,-0.047159404,-0.13572174,-0.14016809,-0.14106366,-0.14176157,-0.19987361,4.2522774,-0.17166539,-0.14188749,-0.14496206,-0.12722544,-0.14610182,-0.2588673,-0.11872062,-0.14178608,-0.09132757,-0.12832497,-0.13684332,-0.16221203,-0.15659244,-0.1181338,-0.14165002,-0.14490823,-0.14495817,-0.14499235,-0.15740095,-0.19795567,2.1606166,-0.07294749,-0.2039893,-0.14187573,-0.14495707,-0.104459345,-0.14152108,4.5572667,-0.13176009,-0.14188403,-0.15109587,-0.10913184,-0.14171624,-0.05825615,-0.14326635,-0.17082691,-0.14182054,-0.18883844,-0.14191595,-0.31316653,-0.14190558,-0.16808087,0.8195799,-0.14190815,-0.14500095,-0.25088155,-0.14191633,-0.22115314,-0.07562123,-0.086852394,-0.10702289,-0.060967896,-0.13496956,-0.16796505,-0.15746465,2.634028,-0.12812386,-0.0969081,-0.16398169,-0.12716047,-0.11335766,-0.18846886,-0.118907295,-0.17755464,-0.0994983,-0.115196005,-0.14182205,-0.11662802,-0.19749595,-0.14526704,-0.12781724,-0.096878245,-0.14182334,-0.14480257,-0.12434345,-0.11230643,-0.063823454,-0.14175119,-0.11419349,-0.10007019,4.228769,-0.1419169,-0.14499196,-0.16344379,-0.1759062,-0.12524253,-0.14190194,-0.0782174,-0.19187105,-0.18185812,3.5136962,5.9050303,-0.1415703,-0.14467365,-0.083404,-0.1213824,-0.13072303,-0.13855581,-0.19385117,-0.14187823,-0.1449978,-0.19487974,-0.23847799,-0.2432746,-0.118570715,-0.14170678,-0.14496815,6.799636,-0.2961179,-0.14191616,-0.19813283,-0.11881241,-0.14185008,-0.060104962,-0.15931924,-0.14191428,-0.2028091,-0.2868003,-0.11816878,-0.14795661,1.79537,-0.14175352,-0.13614628,-0.20725825,-0.17393659,-0.125103,-0.15657571,-0.15690626,-0.14191288,-0.14500031,-0.16221246,-0.22200036,-0.11897903,1.9819726,-0.14191732,-0.1915083,-0.24371436,-0.16952515,-0.1418255,-0.13369927,-0.12557748,-0.1419096,-0.18106565,-0.14191708,-0.18642783,-0.14185715,-0.30462334,-0.14180097,-0.14691104,-0.13029914,-0.14190371,-0.14498767,-0.18915205,-0.11889965,-0.14190891,-0.10481856,2.2188606,-0.1419065,-0.14500237,-0.14497104,-0.118486315,-0.14180955,-0.14496702,-0.14495787,-0.1449696,-0.14497843,-0.16505513,-0.17392421,-0.14190185,-0.14499502,-0.14498448,-0.14499554,-0.2025511,-0.15354379,1.7955133,-0.14085737,-0.11499533,-0.10471026,-0.11893196,-0.1419057,-0.14491996,-0.11886042,-0.19501048,-0.14191371,-0.18738703,-0.11705899,-0.17429145,-0.14190328,-0.06652963,-0.14165582,-0.10737923,-0.124497145,-0.15298569,-0.052188452,-0.26007295
k__Bacteria|p__Firmicutes|c__Clostridia|o__Eubacteriales|f__Lachnospiraceae|g__Sellimonas|s__Sellimonas_intestinalis,-0.1004395,-0.12316422,-0.14523877,-0.14836934,-0.14836952,-0.23867357,-0.1666669,-0.16813041,-0.10929718,-0.22895765,-0.23728925,-0.1452423,3.6557562,3.844256,-0.08556121,-0.14494458,-0.058144663,-0.14485618,-0.14832345,5.3577075,4.520435,-0.12185131,-0.1452166,-0.12711628,4.9796815,-0.11658599,-0.182019,-0.25032333,-0.1509206,-0.14522012,-0.15142563,-0.10844302,-0.18249588,-0.28454733,-0.1452327,-0.12198813,-0.14524058,-0.22338755,-0.14524257,-0.29867563,-0.14524263,-0.29356226,-0.12149152,-0.14513353,-0.13691942,-0.14523858,-0.23188588,-0.24781659,-0.1296162,-0.12199247,-0.24679694,-0.18279888,-0.25087595,-0.26027086,-0.28621647,-0.27511892,-0.11894142,-0.14517868,-0.040142577,-0.056944285,-0.14470994,6.0194006,6.474484,-0.1219075,-0.14522648,-0.14836612,-0.14836937,-0.14836985,4.230878,-0.14521277,-0.121909395,-0.16243835,-0.12334165,-0.14074792,-0.14521778,-0.15887658,-0.14481027,-0.12197727,-0.18691605,-0.14998752,-0.14523375,-0.14835382,-0.14836195,-0.14831448,-0.120334074,-0.13700745,-0.08858878,-0.14522949,-0.19008024,-0.14523762,-0.2004665,-0.11139822,-0.1388583,-0.13027036,-0.1074974,-0.15152657,-0.14516768,-0.14814521,-0.10065024,-0.08152827,-0.09427856,-0.14520359,-0.11960925,-0.15027548,-0.16982608,-0.1185138,-0.1452153,-0.14836496,-0.17738779,-0.15176103,-0.14523968,-0.25953975,-0.17989698,-0.13525523,-0.14523767,-0.15095688,-0.17780018,-0.2009549,-0.14522237,-0.09015879,-0.14502537,-0.12151222,-0.121854745,-0.13997786,4.947517,2.6955473,-0.16057305,-0.14518598,-0.07092635,-0.14478123,-0.14779523,-0.18733518,-0.1450479,-0.12189604,-0.12334781,-0.14100276,-0.14520821,-0.114095174,-0.25318068,-0.26654312,-0.12133239,-0.10945694,-0.14520195,-0.09238048,-0.20963459,-0.14523783,-0.14830762,-0.12153576,-0.1451853,-0.16015086,-0.1553517,-0.14524098,-0.19704957,-0.20616047,-0.12109047,-0.10460003,-0.11361031,-0.10256614,-0.14523567,-0.19495486,-0.14521872,-0.12146784,-0.14512554,-0.041086134,-0.12967405,-0.14524002,-0.2300741,-0.1452252,-0.10384405,-0.14420447,-0.0784167,-0.14513588,-0.12766197,-0.14515167,-0.121451,-0.075820275,-0.09192432,-0.101488546,-0.14504689,-0.14830133,-0.12378413,-0.14512588,-0.1410757,-0.13984437,-0.18093297,-0.14524186,-0.25777104,-0.12844054,-0.14517519,-0.13462572,-0.119081676,-0.14522082,-0.14836642,-0.14836763,-0.14836842,5.7971673,-0.25103784,-0.20219928,-0.19465852,-0.24831252,-0.20506537,-0.22091979,-0.14523089,-0.12168467,-0.11956477,-0.1452277,-0.14836381,-0.20931396,-0.18224281,-0.14522067,-0.32474133,-0.14524052,-0.14837036,-0.14836958,-0.14836931,-0.2185038,-0.1452192,-0.114121355,-0.14522237,-0.14835912,-0.14836393,-0.22984435,-0.14523605,-0.14834902,-0.08963354,-0.14516202,-0.14833547,-0.14834763,-0.14834909,-0.13302092,-0.1051107,-0.14014931,-0.15141064,-0.15839578,-0.15615125,-0.14613561,-0.14523351,-0.12319561,-0.121957324,-0.14520723,-0.14837022,-0.1483699,-0.14836988,-0.14837025,5.2177987,-0.11451449,-0.14521301,-0.15564899,-0.14443555,-0.16636807,-0.1452371,-0.14831412,-0.12993515,-0.047159404,-0.14094296,-0.14016809,-0.14106366,-0.14513406,-0.19987361,-0.1649412,-0.17166539,-0.1452215,-0.14834069,-0.12722544,-0.14610182,-0.2588673,-0.1218125,-0.14515024,-0.09132757,-0.12832497,-0.13684332,-0.16221203,-0.15659244,-0.12135026,-0.14505324,-0.14830285,-0.14833792,-0.14836174,-0.15740095,-0.19795567,-0.15106063,-0.07294749,-0.2039893,-0.14521325,-0.14833693,-0.104459345,-0.14493412,-0.17466888,-0.13176009,-0.14521909,-0.15109587,-0.10913184,-0.14509962,-0.05825615,-0.14326635,-0.17082691,-0.14517488,-0.18883844,-0.14524128,-0.31316653,-0.14523408,-0.16808087,-0.14331596,-0.14523584,-0.14836773,-0.25088155,-0.14524153,-0.22115314,-0.07562123,-0.086852394,-0.10702289,-0.060967896,-0.14041898,-0.16796505,-0.15746465,-0.22133875,-0.12812386,-0.0969081,-0.16398169,-0.12716047,-0.11335766,-0.18846886,-0.121952504,-0.17755464,-0.0994983,-0.115196005,-0.1451759,-0.11662802,-0.19749595,-0.14526704,-0.12781724,-0.096878245,-0.14517644,-0.148229,-0.12434345,-0.11230643,-0.063823454,-0.14512536,-0.11419349,-0.10007019,-0.24483351,-0.14524195,-0.14836198,-0.16344379,2.6895957,5.501557,-0.14523153,2.8768022,6.5358553,5.5656104,-0.09859173,-0.11065883,-0.14500046,-0.14813963,-0.083404,-0.1213824,-0.13072303,-0.13855581,-0.19385117,-0.14521503,-0.14836554,-0.19487974,5.221014,6.515196,-0.12170704,-0.14509508,-0.14834492,-0.14520228,-0.2961179,-0.14524141,-0.19813283,-0.121881336,-0.14519522,-0.060104962,-0.15931924,-0.14524013,-0.2028091,-0.2868003,-0.11816878,-0.14795661,-0.10060286,-0.14512818,-0.13614628,-0.20725825,-0.17393659,-0.125103,-0.15657571,-0.15690626,-0.14523911,-0.14836729,-0.16221246,-0.22200036,-0.12200324,-0.2814266,-0.14524221,-0.1915083,-0.24371436,-0.16952515,-0.14517933,-0.13369927,-0.12557748,-0.14523685,-0.18106565,-0.14524205,-0.18642783,-0.1452007,5.7588677,-0.14516139,-0.14691104,-0.13029914,-0.14523277,-0.14835848,4.749735,-0.12194758,-0.1452364,-0.10481856,-0.1650517,-0.1452347,-0.14836872,-0.14834812,-0.1216439,-0.14516708,-0.1483441,-0.14833754,-0.14834583,-0.14835179,-0.16505513,-0.17392421,-0.14523144,-0.14836359,-0.14835629,-0.14836395,-0.2025511,-0.15354379,-0.14723541,-0.1445064,-0.11499533,-0.10471026,-0.11893196,-0.14523414,-0.1483132,-0.12191877,-0.19501048,-0.14523971,-0.18738703,-0.11705899,-0.17429145,-0.14523327,-0.06652963,-0.14505851,-0.10737923,-0.124497145,-0.15298569,-0.052188452,6.6005883
k__Bacteria|p__Firmicutes|c__Bacilli|o__Lactobacillales|f__Enterococcaceae|g__Enterococcus|s__Enterococcus_avium,-0.1004395,-0.12316422,-0.14073673,-0.14376876,-0.1437689,-0.23867357,-0.1666669,-0.16813041,-0.10929718,-0.22895765,-0.23728925,-0.1407392,-0.22850217,-0.3768707,-0.08556121,-0.14052233,4.8280005,-0.14045742,-0.14373639,3.445058,-0.1978925,-0.11812708,-0.14072093,-0.12711628,-0.20043859,-0.11658599,-0.182019,-0.25032333,-0.1509206,-0.14072374,-0.15142563,-0.10844302,-0.18249588,-0.28454733,-0.14073297,-0.11821747,-0.14073795,-0.22338755,-0.1407394,-0.29867563,-0.14073944,-0.29356226,-0.117885694,-0.14066362,-0.13691942,-0.14073654,-0.23188588,-0.24781659,-0.1296162,-0.118220456,-0.24679694,-0.18279888,-0.25087595,-0.26027086,-0.28621647,-0.27511892,-0.11894142,-0.14069414,-0.040142577,-0.056944285,-0.14036296,-0.11274739,-0.13743341,-0.118164554,-0.14072816,-0.14376646,-0.14376879,-0.14376912,-0.27573854,-0.14071956,-0.11816549,-0.16243835,3.8429854,5.2231317,-0.14072163,3.3258224,4.7246475,-0.11821033,-0.18691605,-0.14998752,-0.14073312,-0.14375775,-0.14376363,-0.14373341,-0.120334074,-0.13700745,-0.08858878,-0.14073004,6.3108344,-0.14073586,-0.2004665,-0.11139822,-0.1388583,-0.13027036,-0.1074974,-0.15152657,-0.14068574,-0.14361644,-0.10065024,-0.08152827,-0.09427856,-0.14071155,-0.11960925,0.7855543,-0.16982608,-0.1185138,-0.14072032,-0.14376566,-0.17738779,-0.15176103,-0.14073735,-0.25953975,5.186391,-0.13525523,-0.1407359,3.3418233,4.2549872,3.3486025,-0.14072658,-0.09015879,-0.14058304,-0.12151222,-0.121854745,-0.13997786,1.5017165,-0.13908121,-0.16057305,-0.14069888,-0.07092635,-0.14040942,-0.14336964,-0.18733518,-0.14060664,-0.118160084,-0.12334781,-0.14100276,-0.14071482,-0.114095174,-0.25318068,-0.26654312,-0.11778185,-0.10945694,-0.14071028,-0.09238048,-0.20963459,-0.140736,-0.14372903,-0.11792097,-0.14069898,-0.16015086,-0.1553517,-0.14073825,-0.19704957,-0.20616047,-0.117632814,-0.10460003,-0.11361031,-0.10256614,-0.1407344,-0.19495486,-0.14072359,-0.11788407,-0.14065489,-0.041086134,-0.12967405,-0.14073762,-0.2300741,-0.14072818,-0.10384405,-0.13998678,-0.0784167,-0.14066389,-0.12766197,-0.14067438,-0.121451,-0.075820275,-0.09192432,-0.101488546,-0.1406,-0.14371988,-0.12378413,-0.14066067,-0.1410757,2.8682835,3.3400376,-0.14073887,3.2662966,-0.12844054,-0.1406953,-0.13462572,-0.119081676,-0.14072368,-0.1437667,-0.14376754,-0.14376813,-0.19755594,-0.25103784,-0.20219928,-0.19465852,-0.24831252,-0.20506537,-0.22091979,-0.14073154,-0.11802326,-0.11956477,-0.1407287,-0.14376488,3.6120253,-0.18224281,-0.14072484,0.6475622,-0.1407379,-0.14376949,-0.14376894,-0.14376873,-0.2185038,-0.14072439,-0.114121355,-0.14072537,-0.14376181,-0.14376497,-0.22984435,-0.14073469,-0.14375645,4.155468,-0.14068267,-0.1437443,-0.14375351,-0.14375407,-0.13302092,-0.1051107,-0.14014931,-0.15141064,-0.15839578,-0.15615125,-0.14613561,-0.14073281,-0.12319561,-0.11819634,-0.14071465,-0.14376938,-0.14376915,-0.14376916,-0.14376941,-0.38518023,-0.11451449,-0.14071837,-0.15564899,-0.14443555,-0.16636807,-0.14073555,-0.14373197,-0.12993515,-0.047159404,-0.13772893,-0.14016809,-0.14106366,-0.14066222,-0.19987361,-0.1649412,-0.17166539,-0.1407243,-0.14374788,-0.12722544,-0.14610182,-0.2588673,-0.11810194,-0.14067355,-0.09132757,-0.12832497,-0.13684332,-0.16221203,-0.15659244,-0.11780678,-0.14060713,-0.1437215,-0.14374627,-0.14376333,-0.15740095,1.9948894,-0.15106063,-0.07294749,-0.2039893,-0.14071879,-0.14374538,-0.104459345,-0.14055698,-0.17466888,-0.13176009,-0.14072235,-0.15109587,-0.10913184,-0.14063852,-0.05825615,-0.14326635,-0.17082691,-0.14069146,-0.18883844,-0.14073849,-0.31316653,-0.14073363,-0.16808087,-0.14331596,-0.14073461,-0.14376767,-0.25088155,-0.14073867,-0.22115314,-0.07562123,-0.086852394,-0.10702289,-0.060967896,-0.13736159,-0.16796505,-0.15746465,-0.22133875,-0.12812386,-0.0969081,-0.16398169,-0.12716047,-0.11335766,-0.18846886,-0.118193656,-0.17755464,1.2671326,1.2524316,-0.14069204,1.6780106,4.8686748,-0.14526704,-0.12781724,-0.096878245,-0.14069177,-0.14366874,-0.12434345,-0.11230643,-0.063823454,-0.14065589,-0.11419349,3.0598466,1.5259507,-0.14073893,-0.14376418,-0.16344379,-0.1759062,-0.12524253,-0.14073145,-0.0782174,-0.19187105,-0.18185812,-0.09859173,-0.11065883,-0.1405653,-0.14360431,-0.083404,-0.1213824,-0.13072303,-0.13855581,-0.19385117,-0.1407201,-0.14376608,-0.19487974,-0.23847799,0.82966495,-0.11802557,-0.14063424,-0.14375153,-0.14520228,-0.2961179,-0.14073856,-0.19813283,-0.11814819,-0.14070614,-0.060104962,-0.15931924,-0.14073768,-0.2028091,-0.2868003,-0.11816878,-0.14795661,-0.10060286,-0.14065881,2.2238681,-0.20725825,-0.17393659,3.0622063,3.9587219,3.2199101,-0.14073697,-0.1437673,-0.16221246,-0.22200036,-0.118227944,-0.2814266,-0.14073914,-0.1915083,-0.24371436,-0.16952515,-0.14069882,-0.13369927,-0.12557748,-0.14073536,-0.18106565,-0.14073902,5.098424,-0.1407119,1.678929,-0.1406824,2.319087,3.9682827,-0.14073242,-0.14376098,1.2651527,-0.11819017,-0.14073502,-0.10481856,-0.1650517,-0.14073388,-0.14376833,-0.1437554,-0.11798503,-0.14068526,-0.14375108,-0.14374632,-0.1437523,-0.14375639,-0.16505513,-0.17392421,-0.14073157,-0.14376464,-0.14375949,-0.14376491,-0.2025511,-0.15354379,-0.14723541,-0.14022626,-0.11499533,-0.10471026,-0.11893196,-0.1407334,-0.1437318,-0.11816884,3.96677,-0.1407374,4.5845222,2.2714486,-0.17429145,-0.14073376,-0.06652963,-0.14060725,-0.10737923,-0.124497145,-0.15298569,-0.052188452,-0.26007295
k__Bacteria|p__Firmicutes|c__Bacilli|o__Lactobacillales|f__Lactobacillaceae|g__Lacticaseibacillus|s__Lacticaseibacillus_rhamnosus,2.9571385,4.558483,-0.14089414,-0.14393647,-0.14393654,-0.23867357,-0.1666669,-0.16813041,-0.10929718,-0.22895765,-0.23728925,-0.14089563,-0.22850217,-0.3768707,-0.08556121,-0.14076236,-0.058144663,-0.14073735,-0.14391759,-0.19931981,-0.1978925,-0.11823499,-0.14088532,-0.12711628,-0.20043859,-0.11658599,-0.182019,-0.25032333,7.8836346,-0.14088678,7.120465,7.17812,7.6825852,7.318948,-0.14089207,-0.11829813,-0.1408949,-0.22338755,-0.14089572,-0.29867563,-0.14089575,-0.29356226,-0.11804447,-0.14085111,-0.13691942,-0.14089414,-0.23188588,-0.24781659,-0.1296162,-0.11829993,-0.24679694,-0.18279888,-0.25087595,-0.26027086,-0.28621647,-0.27511892,3.616372,-0.14086926,9.794387,-0.056944285,-0.14067423,-0.11274739,-0.13743341,-0.11826052,-0.14088903,-0.14393516,-0.14393647,-0.14393668,-0.27573854,-0.14088362,-0.118261404,-0.16243835,-0.12334165,-0.14074792,-0.14088564,-0.15887658,-0.14481027,-0.11829374,-0.18691605,-0.14998752,-0.14089209,-0.14393006,-0.14393336,-0.14391693,-0.120334074,-0.13700745,-0.08858878,-0.14089039,-0.19008024,-0.14089373,-0.2004665,-0.11139822,-0.1388583,-0.13027036,-0.1074974,-0.15152657,-0.14086515,-0.1438407,-0.10065024,-0.08152827,-0.09427856,-0.14088006,-0.11960925,-0.15027548,-0.16982608,-0.1185138,-0.14088468,-0.14393468,-0.17738779,-0.15176103,-0.14089455,-0.25953975,-0.17989698,-0.13525523,-0.14089373,-0.15095688,-0.17780018,-0.2009549,-0.140888,2.8820064,-0.14080688,5.1172295,6.9354434,4.6461716,6.6414065,2.0973058,5.635967,-0.1408728,2.2334847,-0.14070156,-0.14369342,-0.18733518,-0.14081374,-0.11824909,-0.12334781,-0.14100276,-0.14088175,-0.114095174,-0.25318068,-0.26654312,-0.11792602,-0.10945694,-0.14087927,-0.09238048,-0.20963459,-0.14089379,-0.14391443,-0.11804661,-0.14087209,-0.16015086,-0.1553517,-0.14089508,-0.19704957,-0.20616047,-0.11778571,6.51095,3.7196124,-0.10256614,-0.14089295,-0.19495486,-0.14088736,-0.117999,-0.14084807,-0.041086134,-0.12967405,-0.14089468,-0.2300741,-0.14089032,-0.10384405,-0.14044741,-0.0784167,-0.1408515,-0.12766197,-0.14085832,3.2744234,-0.075820275,-0.09192432,-0.101488546,-0.14081436,-0.14390877,-0.12378413,-0.14084607,-0.1410757,-0.13984437,-0.18093297,-0.14089546,-0.25777104,-0.12844054,-0.14087023,-0.13462572,-0.119081676,-0.14088695,-0.14393526,-0.14393575,-0.14393608,-0.19755594,-0.25103784,-0.20219928,-0.19465852,-0.24831252,-0.20506537,-0.22091979,-0.14089127,-0.11813195,-0.11956477,-0.14088976,-0.14393419,-0.20931396,6.134136,-0.14088692,-0.32474133,-0.14089489,-0.14393689,-0.14393656,-0.14393644,-0.2185038,-0.14088646,-0.114121355,-0.14088735,-0.14393212,-0.14393428,-0.22984435,-0.14089307,-0.14392817,-0.08963354,-0.14086235,-0.14392282,-0.14392747,-0.1439283,-0.13302092,-0.1051107,-0.14014931,-0.15141064,-0.15839578,-0.15615125,2.149337,-0.14089212,-0.12319561,-0.11828539,-0.14088091,-0.14393683,-0.14393668,-0.1439367,-0.14393684,-0.38518023,-0.11451449,-0.14088364,-0.15564899,-0.14443555,-0.16636807,-0.14089346,-0.1439148,-0.12993515,-0.047159404,-0.13908386,-0.14016809,-0.14106366,-0.14085102,-0.19987361,-0.1649412,-0.17166539,-0.14088717,-0.14392503,-0.12722544,-0.14610182,-0.2588673,-0.11820647,-0.14085767,-0.09132757,-0.12832497,-0.13684332,-0.16221203,-0.15659244,-0.117900535,-0.14081609,-0.14390925,-0.14392376,-0.14393339,-0.15740095,-0.19795567,-0.15106063,-0.07294749,-0.2039893,-0.14088354,-0.14392342,-0.104459345,-0.14072433,-0.17466888,-0.13176009,-0.14088637,-0.15109587,-0.10913184,-0.14083469,-0.05825615,-0.14326635,-0.17082691,-0.14086777,3.5477161,-0.14089519,-0.31316653,-0.14089221,-0.16808087,-0.14331596,-0.14089298,-0.14393578,-0.25088155,-0.14089529,-0.22115314,-0.07562123,-0.086852394,-0.10702289,-0.060967896,-0.13886996,-0.16796505,4.2717032,-0.22133875,-0.12812386,-0.0969081,-0.16398169,-0.12716047,-0.11335766,-0.18846886,-0.118282676,-0.17755464,-0.0994983,-0.115196005,-0.14086837,-0.11662802,-0.19749595,-0.14526704,-0.12781724,-0.096878245,-0.14086893,-0.14387879,-0.12434345,-0.11230643,3.4492586,-0.14084706,-0.11419349,-0.10007019,0.8677148,-0.14089546,-0.14393425,4.308809,3.9577086,4.065794,-0.14089127,-0.0782174,-0.19187105,1.5991933,-0.09859173,-0.11065883,-0.14079627,-0.14384204,-0.083404,-0.1213824,-0.13072303,-0.13855581,-0.19385117,-0.14088431,-0.14393495,-0.19487974,-0.23847799,3.0101938,-0.11815626,-0.14083478,-0.14392641,-0.14520228,5.23371,-0.14089525,5.020126,-0.118247434,-0.14087602,1.2010199,4.4498143,-0.14089471,4.691647,1.3607906,-0.11816878,-0.14795661,-0.10060286,-0.14084853,-0.13614628,-0.20725825,4.9504566,-0.125103,-0.15657571,-0.15690626,-0.1408943,-0.14393564,3.8435447,6.820303,-0.11830445,-0.2814266,-0.14089558,-0.1915083,-0.24371436,-0.16952515,-0.14087299,-0.13369927,-0.12557748,-0.14089338,-0.18106565,-0.14089552,-0.18642783,-0.14087945,4.974218,-0.1408618,-0.14691104,-0.13029914,-0.1408917,-0.14393207,-0.18915205,-0.118281886,-0.14089324,-0.10481856,-0.1650517,-0.14089245,-0.1439362,-0.14392984,-0.11811772,-0.14086497,-0.14392596,-0.14392331,-0.1439267,-0.14392932,3.8864465,-0.17392421,-0.14089112,-0.1439341,-0.14393108,-0.1439343,-0.2025511,2.304393,-0.14723541,-0.14058526,-0.11499533,-0.10471026,-0.11893196,-0.14089225,-0.14391604,-0.11826764,-0.19501048,-0.14089453,-0.18738703,4.6127768,-0.17429145,-0.14089343,2.9343436,-0.14081946,6.095488,3.331871,-0.15298569,-0.052188452,-0.26007295
k__Bacteria|p__Firmicutes|c__Clostridia|o__Eubacteriales|f__Lachnospiraceae|g__Blautia|s__Blautia_caecimuris,-0.1004395,-0.12316422,-0.14335531,-0.1464583,-0.14645852,-0.23867357,-0.1666669,-0.16813041,-0.10929718,-0.22895765,-0.23728925,-0.1433591,6.0793433,6.8558125,-0.08556121,-0.14303543,-0.058144663,-0.1429303,-0.14640903,-0.19931981,6.5404916,-0.12016195,-0.143331,-0.12711628,-0.20043859,-0.11658599,-0.182019,-0.25032333,-0.1509206,-0.14333513,-0.15142563,-0.10844302,-0.18249588,4.735395,-0.14334865,-0.12030904,-0.14335722,-0.22338755,-0.1433594,-0.29867563,-0.14335945,7.5379024,-0.11976442,-0.14324287,-0.13691942,-0.14335501,-0.23188588,-0.24781659,-0.1296162,-0.12031396,-0.24679694,-0.18279888,-0.25087595,-0.26027086,-0.28621647,5.1423993,-0.11894142,-0.1432904,-0.040142577,-0.056944285,-0.14278844,-0.11274739,-0.13743341,-0.12022476,-0.1433423,-0.14645478,-0.14645836,-0.14645886,-0.27573854,-0.14332837,-0.12022492,-0.16243835,-0.12334165,-0.14074792,-0.1433323,-0.15887658,-0.14481027,-0.12029673,-0.18691605,-0.14998752,-0.14334986,-0.14644155,-0.1464505,-0.14639851,-0.120334074,-0.13700745,-0.08858878,-0.14334512,-0.19008024,-0.143354,-0.2004665,-0.11139822,5.3083196,-0.13027036,-0.1074974,-0.15152657,-0.14327762,-0.14621255,-0.10065024,-0.08152827,-0.09427856,-0.14331667,-0.11960925,-0.15027548,-0.16982608,-0.1185138,-0.14333019,-0.14645353,-0.17738779,-0.15176103,-0.14335628,-0.25953975,-0.17989698,-0.13525523,-0.14335404,-0.15095688,-0.17780018,-0.2009549,-0.14333826,-0.09015879,-0.14312084,-0.12151222,-0.121854745,-0.13997786,-0.21433522,-0.13908121,-0.16057305,-0.1432974,-0.07092635,-0.14285815,-0.14585406,1.7917395,-0.14315602,-0.120215245,-0.12334781,-0.14100276,-0.14332198,-0.114095174,-0.25318068,-0.26654312,-0.11964413,-0.10945694,-0.1433149,-0.09238048,-0.20963459,-0.14335422,-0.14639315,-0.11983925,-0.14329794,-0.16015086,-0.1553517,-0.14335766,-0.19704957,-0.20616047,-0.11942005,-0.10460003,-0.11361031,-0.10256614,-0.14335178,-0.19495486,-0.14333293,-0.11979522,-0.14323044,-0.041086134,-0.12967405,-0.14335671,5.7824492,-0.14334008,-0.10384405,-0.14223453,-0.0784167,-0.14324497,-0.12766197,-0.14326048,-0.121451,-0.075820275,-0.09192432,-0.101488546,-0.14314702,-0.14638378,-0.12378413,-0.14323169,-0.1410757,-0.13984437,-0.18093297,-0.1433586,-0.25777104,-0.12844054,-0.14328748,-0.13462572,-0.119081676,-0.14333543,-0.14645515,-0.14645645,-0.14645734,-0.19755594,-0.25103784,-0.20219928,-0.19465852,-0.24831252,-0.20506537,3.9525046,-0.14334695,-0.11999817,-0.11956477,-0.143343,-0.14645234,-0.20931396,-0.18224281,-0.14333612,-0.32474133,-0.14335713,-0.1464594,-0.14645855,-0.14645825,-0.2185038,-0.14333549,-0.114121355,-0.14333808,-0.14644772,-0.14645249,-0.22984435,-0.14335221,-0.14643848,-0.08963354,-0.1432731,-0.14642097,-0.14643511,-0.14643586,-0.13302092,-0.1051107,-0.14014931,-0.15141064,-0.15839578,-0.15615125,-0.14613561,-0.14334932,-0.12319561,-0.12027554,-0.1433219,-0.14645925,-0.1464589,-0.14645891,-0.1464593,4.035572,-0.11451449,-0.14332739,-0.15564899,-0.14443555,-0.16636807,-0.14335355,-0.14640015,-0.12993515,-0.047159404,-0.13880923,-0.14016809,-0.14106366,-0.14324218,-0.19987361,-0.1649412,-0.17166539,-0.14333634,-0.14642635,-0.12722544,-0.14610182,-0.2588673,-0.120125294,-0.14325882,-0.09132757,-0.12832497,-0.13684332,-0.16221203,-0.15659244,-0.11969581,-0.14315832,-0.14638616,-0.14642389,-0.14645,-0.15740095,-0.19795567,-0.15106063,-0.07294749,-0.2039893,-0.14332804,-0.14642262,-0.104459345,-0.14307165,-0.17466888,-0.13176009,-0.14333329,-0.15109587,-0.10913184,-0.14320664,-0.05825615,-0.14326635,-0.17082691,-0.14328647,-0.18883844,-0.14335802,-0.31316653,-0.1433506,8.242118,-0.14331596,-0.14335206,-0.14645664,3.9683745,-0.14335829,5.2620177,-0.07562123,-0.086852394,-0.10702289,-0.060967896,-0.13824531,-0.16796505,-0.15746465,-0.22133875,-0.12812386,-0.0969081,-0.16398169,-0.12716047,-0.11335766,-0.18846886,-0.12027015,-0.17755464,-0.0994983,-0.115196005,-0.14328724,-0.11662802,-0.19749595,-0.14526704,-0.12781724,-0.096878245,-0.14328668,-0.14630575,-0.12434345,-0.11230643,-0.063823454,-0.1432325,-0.11419349,-0.10007019,-0.24483351,-0.14335869,-0.14645028,-0.16344379,-0.1759062,-0.12524253,-0.14334726,-0.0782174,-0.19187105,-0.18185812,-0.09859173,-0.11065883,-0.14309421,-0.14620775,-0.083404,-0.1213824,-0.13072303,-0.13855581,-0.19385117,-0.14333005,-0.14645416,-0.19487974,-0.23847799,7.0777974,-0.120019786,-0.14319935,-0.14643204,-0.14520228,5.0799103,-0.14335811,7.1823053,-0.12019729,-0.14330868,-0.060104962,-0.15931924,-0.14335677,-0.2028091,-0.2868003,-0.11816878,-0.14795661,-0.10060286,-0.14323649,-0.13614628,-0.20725825,-0.17393659,-0.125103,-0.15657571,-0.15690626,-0.14335567,-0.14645603,-0.16221246,3.6273303,-0.120325714,-0.2814266,-0.14335902,-0.1915083,3.2998505,-0.16952515,-0.14329167,5.6956673,7.346077,-0.14335325,7.369544,-0.14335883,6.6301575,-0.1433153,-0.30462334,-0.143273,-0.14691104,-0.13029914,-0.14334877,-0.14644644,-0.18915205,-0.120263815,-0.14335263,-0.10481856,-0.1650517,-0.14335102,-0.14645764,-0.14643523,-0.119959116,-0.14327675,-0.14643146,-0.14642419,-0.14643332,-0.14643942,-0.16505513,-0.17392421,-0.14334749,-0.14645201,-0.1464442,-0.14645243,-0.2025511,-0.15354379,-0.14723541,-0.14258245,-0.11499533,3.165283,7.686755,-0.14335027,-0.14639735,-0.12023196,-0.19501048,-0.14335638,-0.18738703,-0.11705899,-0.17429145,-0.14334881,-0.06652963,-0.14315785,-0.10737923,-0.124497145,-0.15298569,-0.052188452,-0.26007295
k__Bacteria|p__Firmicutes|c__Clostridia|o__Eubacteriales|f__Lachnospiraceae|g__Enterocloster|s__Enterocloster_clostridioformis,3.6785858,3.1952589,-0.141098,-0.14413753,-0.14413774,3.510734,0.74522,-0.16813041,-0.10929718,-0.22895765,-0.23728925,-0.14110175,-0.22850217,-0.3768707,-0.08556121,-0.14078471,-0.058144663,-0.14068079,-0.1440888,1.3144438,-0.1978925,-0.118375614,-0.14107399,-0.12711628,-0.20043859,-0.11658599,-0.182019,-0.25032333,-0.1509206,-0.14107788,-0.15142563,-0.10844302,-0.18249588,5.8325605,-0.14109127,-0.11852322,-0.14109987,7.153039,-0.14110203,7.0401435,-0.14110209,-0.29356226,-0.117991924,-0.14098603,-0.13691942,-0.14109771,-0.23188588,-0.24781659,-0.1296162,-0.11852786,-0.24679694,-0.18279888,-0.25087595,-0.26027086,-0.28621647,-0.27511892,-0.11894142,-0.14103387,-0.040142577,-0.056944285,-0.1405336,-0.11274739,6.331343,-0.11843823,-0.14108501,-0.14413407,-0.14413756,-0.14413807,-0.27573854,-0.14107111,-0.11843944,-0.16243835,0.743772,2.2700756,-0.14107522,3.1813664,1.9439508,-0.118511,-0.18691605,-0.14998752,-0.1410926,-0.14412093,-0.14412975,-0.1440778,-0.120334074,-0.13700745,-0.08858878,-0.14108793,-0.19008024,-0.14109668,-0.2004665,-0.11139822,-0.1388583,-0.13027036,-0.1074974,-0.15152657,-0.14102116,-0.14389722,-0.10065024,-0.08152827,-0.09427856,-0.14105989,-0.11960925,-0.15027548,-0.16982608,-0.1185138,-0.14107303,-0.1441328,-0.17738779,-0.15176103,-0.14109893,-0.25953975,-0.17989698,-0.13525523,-0.14109674,-0.15095688,-0.17780018,-0.2009549,-0.14108065,-0.09015879,-0.14086695,-0.12151222,-0.121854745,-0.13997786,-0.21433522,-0.13908121,-0.16057305,-0.14104088,-0.07092635,-0.1406073,-0.14353228,5.7529283,-0.14089727,-0.11843136,-0.12334781,-0.14100276,-0.14106506,-0.114095174,-0.25318068,-0.26654312,-0.11784564,-0.10945694,-0.14105813,-0.09238048,6.3944173,-0.1410969,-0.1440719,-0.118054464,-0.14104123,-0.16015086,-0.1553517,-0.14110032,-0.19704957,-0.20616047,-0.11762724,-0.10460003,-0.11361031,-0.10256614,-0.1410945,-0.19495486,-0.14107555,-0.11799629,-0.14097485,-0.041086134,5.711986,-0.14109933,5.5225744,-0.14108264,-0.10384405,-0.13999534,-0.0784167,-0.14098904,-0.12766197,-0.14100435,-0.121451,-0.075820275,-0.09192432,-0.101488546,-0.14089242,-0.1440641,2.4072926,-0.14097856,-0.1410757,-0.13984437,-0.18093297,-0.14110126,-0.25777104,-0.12844054,-0.14103076,-0.13462572,-0.119081676,-0.14107847,-0.14413443,-0.14413571,-0.14413658,7.6690764,-0.25103784,-0.20219928,-0.19465852,-0.24831252,-0.20506537,-0.22091979,-0.14108959,-0.118209586,-0.11956477,-0.14108586,-0.14413159,-0.20931396,-0.18224281,-0.1410791,-0.32474133,-0.1410998,-0.14413862,-0.14413778,-0.14413749,-0.2185038,-0.14107847,-0.114121355,-0.14108083,-0.14412688,-0.14413178,-0.22984435,-0.14109495,-0.1441184,-0.08963354,-0.14101674,-0.14410083,-0.14411446,-0.14411548,-0.13302092,-0.1051107,-0.14014931,-0.15141064,-0.15839578,-0.15615125,-0.14613561,-0.14109215,-0.12319561,-0.11848979,-0.14106455,-0.14413847,-0.14413811,-0.14413811,-0.14413851,-0.38518023,-0.11451449,-0.14107026,-0.15564899,-0.14443555,-0.16636807,-0.1410962,-0.14407906,-0.12993515,-0.047159404,-0.13655114,-0.14016809,-0.14106366,-0.14098565,-0.19987361,-0.1649412,-0.17166539,-0.14107925,-0.14410616,-0.12722544,-0.14610182,0.8511455,-0.1183352,-0.1410027,-0.09132757,-0.12832497,-0.13684332,-0.16221203,-0.15659244,-0.11789336,-0.14090297,-0.14406626,-0.14410359,-0.14412935,-0.15740095,-0.19795567,-0.15106063,-0.07294749,-0.2039893,-0.14107084,-0.14410248,-0.104459345,-0.14081028,-0.17466888,-0.13176009,-0.14107639,-0.15109587,-0.10913184,-0.14095081,-0.05825615,-0.14326635,-0.17082691,-0.14102966,-0.18883844,-0.14110065,-0.31316653,-0.1410932,-0.16808087,-0.14331596,-0.14109477,-0.14413586,-0.25088155,-0.14110094,-0.22115314,1.6691409,1.5424947,-0.10702289,-0.060967896,-0.13599104,-0.16796505,-0.15746465,-0.22133875,-0.12812386,-0.0969081,-0.16398169,-0.12716047,-0.11335766,-0.18846886,-0.11848427,-0.17755464,-0.0994983,-0.115196005,-0.14103052,-0.11662802,-0.19749595,-0.14526704,-0.12781724,-0.096878245,-0.14103049,-0.14398669,-0.12434345,5.4605293,-0.063823454,-0.14097688,-0.11419349,-0.10007019,-0.24483351,-0.14110133,-0.14412941,6.109223,2.4966729,2.398468,-0.14109007,-0.0782174,4.3846254,-0.18185812,-0.09859173,-0.11065883,-0.14084011,-0.14388976,-0.083404,-0.1213824,-0.13072303,-0.13855581,-0.19385117,-0.14107281,-0.14413345,6.0970035,4.0527744,-0.2432746,-0.11823122,-0.1409437,-0.14411145,-0.14520228,-0.2961179,-0.14110076,-0.19813283,-0.118410125,-0.14105164,-0.060104962,-0.15931924,-0.14109941,-0.2028091,3.380368,-0.11816878,7.4649677,8.1229315,-0.14097989,-0.13614628,2.0759363,-0.17393659,-0.125103,-0.15657571,-0.15690626,-0.14109835,-0.14413531,-0.16221246,-0.22200036,-0.1185395,-0.2814266,-0.14110166,-0.1915083,-0.24371436,-0.16952515,-0.14103481,-0.13369927,-0.12557748,-0.14109594,-0.18106565,-0.14110146,8.000538,-0.14105803,4.579674,-0.14101583,6.4314885,3.2780197,-0.1410915,-0.14412582,-0.18915205,-0.11847825,-0.14109534,-0.10481856,-0.1650517,-0.14109367,-0.14413688,-0.14411426,-0.11816323,-0.14102045,-0.14411077,-0.14410377,-0.14411265,-0.14411893,4.453839,-0.17392421,-0.14109018,-0.14413133,-0.14412354,-0.14413172,-0.2025511,-0.15354379,-0.14723541,-0.14032434,-0.11499533,-0.10471026,1.0435745,-0.14109299,-0.14407697,-0.11844726,-0.19501048,-0.14109902,-0.18738703,-0.11705899,-0.17429145,-0.14109144,-0.06652963,-0.14090362,-0.10737923,-0.124497145,-0.15298569,-0.052188452,-0.26007295
k__Bacteria|p__Firmicutes|c__Clostridia|o__Eubacteriales|f__Lachnospiraceae|g__Anaerostipes|s__Anaerostipes_hadrus,-0.1004395,-0.12316422,-0.14602572,-0.1491358,-0.1491361,-0.23867357,-0.1666669,-0.16813041,-0.10929718,-0.22895765,-0.23728925,-0.14603114,-0.22850217,-0.3768707,-0.08556121,-0.14558782,-0.058144663,-0.14543563,-0.14906602,-0.19931981,-0.1978925,-0.122725196,-0.1459915,-0.12711628,-0.20043859,-0.11658599,-0.182019,-0.25032333,-0.1509206,-0.1459968,-0.15142563,-0.10844302,-0.18249588,-0.28454733,-0.14601618,-0.122928515,-0.14602843,-0.22338755,-0.14603153,7.058431,-0.14603162,6.448485,-0.12218608,-0.14586464,-0.13691942,-0.14602536,-0.23188588,-0.24781659,-0.1296162,-0.122935005,-0.24679694,-0.18279888,-0.25087595,-0.26027086,5.844597,-0.27511892,-0.11894142,-0.14593434,-0.040142577,-0.056944285,-0.14521372,-0.11274739,-0.13743341,-0.12280997,-0.14600702,-0.14913084,-0.14913584,-0.14913657,-0.27573854,-0.145987,-0.122811526,-0.16243835,-0.12334165,-0.14074792,-0.14599317,-0.15887658,-0.14481027,-0.122912005,-0.18691605,-0.14998752,-0.14601804,-0.14911202,-0.14912459,-0.14905092,-0.120334074,-0.13700745,-0.08858878,-0.14601138,-0.19008024,-0.1460239,-0.2004665,-0.11139822,-0.1388583,-0.13027036,-0.1074974,-0.15152657,-0.14591601,-0.14880261,-0.10065024,-0.08152827,-0.09427856,-0.14597145,-0.11960925,-0.15027548,-0.16982608,-0.1185138,-0.14598987,-0.14912903,-0.17738779,-0.15176103,-0.14602709,-0.25953975,-0.17989698,-0.13525523,-0.14602396,-0.15095688,-0.17780018,6.7156916,-0.14600068,-0.09015879,-0.14569716,-0.12151222,-0.121854745,-0.13997786,-0.21433522,-0.13908121,-0.16057305,-0.14594437,-0.07092635,-0.14532834,-0.14826086,-0.18733518,-0.14573601,-0.12280009,-0.12334781,-0.14100276,-0.14597869,-0.114095174,-0.25318068,-0.26654312,-0.122005045,-0.10945694,-0.14596885,-0.09238048,-0.20963459,-0.14602423,-0.14904009,-0.122283325,-0.14594471,-0.16015086,-0.1553517,-0.14602908,-0.19704957,-0.20616047,-0.12168224,-0.10460003,-0.11361031,-0.10256614,-0.14602081,-0.19495486,-0.14599389,-0.1221995,-0.14585114,-0.041086134,-0.12967405,-0.14602765,-0.2300741,-0.14600366,-0.10384405,-0.14446837,-0.0784167,-0.14587033,-0.12766197,-0.14589211,-0.121451,-0.075820275,-0.09192432,-0.101488546,-0.14573285,-0.1490312,-0.12378413,-0.14585915,-0.1410757,-0.13984437,-0.18093297,-0.14603043,-0.25777104,-0.12844054,-0.14592952,-0.13462572,-0.119081676,-0.14599799,-0.14913137,-0.14913319,-0.14913441,-0.19755594,-0.25103784,-0.20219928,-0.19465852,-0.24831252,-0.20506537,-0.22091979,-0.14601359,-0.12249908,-0.11956477,-0.14600846,-0.14912727,-0.20931396,3.324263,-0.14599848,-0.32474133,-0.14602834,-0.14913735,-0.14913616,-0.14913574,-0.2185038,-0.14599782,-0.114121355,-0.14600097,-0.14912032,-0.14912753,-0.22984435,-0.14602143,-0.14910793,-0.08963354,-0.14590949,-0.14908352,-0.14910257,-0.14910442,-0.13302092,-0.1051107,-0.14014931,-0.15141064,-0.15839578,-0.15615125,-0.14613561,-0.14601746,-0.12319561,-0.12288089,-0.14597745,-0.14913715,-0.14913663,-0.14913665,-0.1491372,5.386458,1.9278336,-0.14598599,7.5129957,7.5028124,6.342494,-0.14602315,-0.14905074,-0.12993515,-0.047159404,-0.13946176,-0.14016809,-0.14106366,-0.14586446,-0.19987361,-0.1649412,-0.17166539,-0.14599895,-0.1490912,-0.12722544,-0.14610182,-0.2588673,-0.12267685,-0.14589027,-0.09132757,-0.12832497,-0.13684332,-0.16221203,-0.15659244,-0.122065276,-0.14574745,-0.14903402,-0.1490874,-0.14912412,-0.15740095,5.6961365,-0.15106063,-0.07294749,-0.2039893,-0.14598666,-0.14908603,-0.104459345,-0.14562657,-0.17466888,-0.13176009,-0.14599504,-0.15109587,-0.10913184,-0.1458168,-0.05825615,-0.14326635,-0.17082691,-0.14592761,-0.18883844,-0.14602953,-0.31316653,-0.14601868,-0.16808087,-0.14331596,-0.14602114,-0.14913337,-0.25088155,-0.14602995,-0.22115314,-0.07562123,-0.086852394,-0.10702289,-0.060967896,-0.138653,-0.16796505,-0.15746465,-0.22133875,-0.12812386,-0.0969081,-0.16398169,-0.12716047,-0.11335766,-0.18846886,-0.1228742,-0.17755464,-0.0994983,-0.115196005,-0.14592911,-0.11662802,-0.19749595,-0.14526704,-0.12781724,-0.096878245,-0.14592987,-0.1489208,-0.12434345,-0.11230643,-0.063823454,-0.1458534,-0.11419349,-0.10007019,-0.24483351,-0.14603055,-0.14912406,-0.16344379,-0.1759062,-0.12524253,-0.14601445,-0.0782174,6.232762,6.7564106,-0.09859173,-0.11065883,-0.14565848,-0.14878252,-0.083404,-0.1213824,-0.13072303,-0.13855581,-0.19385117,-0.14598942,-0.14912994,-0.19487974,-0.23847799,-0.2432746,-0.122513175,-0.14580551,-0.14909837,-0.14520228,5.642342,-0.14602974,-0.19813283,-0.12277386,-0.14595938,-0.060104962,-0.15931924,-0.14602776,6.334472,5.89933,-0.11816878,-0.14795661,-0.10060286,-0.1458563,-0.13614628,-0.20725825,7.6786957,-0.125103,-0.15657571,-0.15690626,-0.14602622,-0.14913262,-0.16221246,-0.22200036,-0.12295147,-0.2814266,-0.14603099,-0.1915083,-0.24371436,-0.16952515,-0.14593491,-0.13369927,-0.12557748,-0.14602277,-0.18106565,-0.14603072,-0.18642783,-0.14596793,5.378135,-0.14590725,-0.14691104,-0.13029914,-0.14601645,-0.14911903,-0.18915205,-0.122866146,-0.14602199,-0.10481856,6.8732185,-0.14601946,-0.14913484,-0.1491023,-0.12242835,-0.14591521,-0.14909726,-0.14908734,-0.1491,-0.14910927,-0.16505513,-0.17392421,-0.14601451,-0.14912692,-0.14911571,-0.1491275,-0.2025511,-0.15354379,-0.14723541,-0.14490715,-0.11499533,-0.10471026,-0.11893196,-0.14601856,-0.14904863,-0.12282355,-0.19501048,-0.14602718,-0.18738703,-0.11705899,-0.17429145,-0.14601651,-0.06652963,-0.14575082,-0.10737923,-0.124497145,-0.15298569,-0.052188452,-0.26007295
k__Bacteria|p__Firmicutes|c__Negativicutes|o__Veillonellales|f__Veillonellaceae|g__Veillonella|s__Veillonella_rogosae,-0.1004395,-0.12316422,-0.13828582,-0.14126536,-0.14126551,-0.23867357,-0.1666669,-0.16813041,-0.10929718,-0.22895765,-0.23728925,-0.13828868,-0.22850217,-0.3768707,-0.08556121,-0.13803613,-0.058144663,-0.13796851,-0.14122829,-0.19931981,0.79094934,-0.116035536,-0.13826764,-0.12711628,-0.20043859,-0.11658599,-0.182019,-0.25032333,-0.1509206,-0.13827056,-0.15142563,-0.10844302,-0.18249588,3.0872035,-0.13828036,-0.11615592,-0.13828725,-0.22338755,-0.13828889,-0.29867563,-0.13828893,4.9802494,-0.11570666,-0.13820022,-0.13691942,-0.13828564,5.244027,-0.24781659,-0.1296162,-0.11615963,-0.24679694,-0.18279888,-0.25087595,2.594413,-0.28621647,-0.27511892,-0.11894142,-0.13823701,-0.040142577,-0.056944285,-0.13785899,-0.11274739,-0.13743341,-0.11608578,-0.13827595,-0.14126274,-0.14126539,-0.14126576,-0.27573854,-0.13826379,-0.116087645,-0.16243835,-0.12334165,-0.14074792,-0.1382687,-0.15887658,-0.14481027,-0.116146,-0.18691605,-0.14998752,-0.13828176,-0.14125285,-0.14125945,-0.14121544,-0.120334074,-0.13700745,-0.08858878,-0.13827825,-0.19008024,-0.13828486,5.0525756,-0.11139822,-0.1388583,-0.13027036,-0.1074974,2.4681695,-0.13822776,-0.1410383,-0.10065024,-0.08152827,-0.09427856,-0.13825697,5.8371906,2.5761714,5.881869,-0.1185138,-0.1382668,-0.14126176,-0.17738779,-0.15176103,-0.13828656,-0.25953975,-0.17989698,-0.13525523,-0.1382849,-0.15095688,-0.17780018,-0.2009549,-0.13827157,-0.09015879,-0.13811076,-0.12151222,-0.121854745,-0.13997786,-0.21433522,-0.13908121,-0.16057305,-0.1382426,-0.07092635,-0.13790816,-0.14080477,-0.18733518,-0.13812992,-0.116074026,-0.12334781,2.6555853,-0.13826096,-0.114095174,-0.25318068,-0.26654312,-0.11557378,-0.10945694,-0.13825573,-0.09238048,4.746711,-0.13828504,-0.14121352,-0.11574957,-0.1382423,-0.16015086,1.3492296,-0.1382876,-0.19704957,4.1559205,-0.11541452,-0.10460003,-0.11361031,-0.10256614,-0.13828325,-0.19495486,-0.13826795,-0.11570218,-0.13819206,-0.041086134,-0.12967405,-0.13828684,-0.2300741,-0.13827379,-0.10384405,-0.13742164,-0.0784167,-0.1382024,-0.12766197,-0.13821472,-0.121451,-0.075820275,-0.09192432,-0.101488546,-0.13812867,-0.1412097,-0.12378413,-0.13817808,-0.1410757,-0.13984437,-0.18093297,-0.13828829,-0.25777104,-0.12844054,-0.13823113,-0.13462572,-0.119081676,-0.13827112,-0.14126301,-0.14126398,-0.14126463,-0.19755594,-0.25103784,-0.20219928,-0.19465852,-0.24831252,-0.20506537,-0.22091979,-0.13827926,-0.11588015,-0.11956477,-0.13827673,-0.14126086,4.284876,5.5322304,-0.13827047,-0.32474133,-0.13828722,-0.14126617,-0.14126554,-0.14126533,-0.2185038,-0.13827002,-0.114121355,-0.13827276,-0.14125723,-0.14126098,1.7098483,-0.13828357,-0.14124954,-0.08963354,-0.13822383,-0.1412377,-0.1412479,-0.14124876,-0.13302092,-0.1051107,-0.14014931,-0.15141064,-0.15839578,-0.15615125,-0.14613561,-0.13828145,4.0648484,-0.11612986,-0.1382605,-0.14126608,-0.14126581,-0.14126581,-0.14126611,-0.38518023,-0.11451449,-0.1382649,-0.15564899,-0.14443555,-0.16636807,-0.13828449,-0.14122018,-0.12993515,-0.047159404,-0.13482913,-0.14016809,-0.14106366,-0.13820107,-0.19987361,-0.1649412,-0.17166539,-0.13827172,-0.14124182,-0.12722544,-0.14610182,5.264367,-0.11599615,-0.13821314,-0.09132757,-0.12832497,-0.13684332,-0.16221203,5.2475243,-0.115612105,-0.13813603,-0.14121136,-0.1412397,-0.14125916,6.0404034,5.6026387,-0.15106063,-0.07294749,-0.2039893,-0.13826522,-0.1412389,-0.104459345,-0.1379951,-0.17466888,-0.13176009,-0.13826963,-0.15109587,-0.10913184,-0.13817199,-0.05825615,-0.14326635,-0.17082691,-0.13823414,-0.18883844,-0.13828784,-0.31316653,-0.13828209,-0.16808087,4.1195703,-0.1382834,-0.14126408,-0.25088155,-0.13828805,-0.22115314,-0.07562123,-0.086852394,-0.10702289,-0.060967896,-0.13441364,-0.16796505,-0.15746465,-0.22133875,-0.12812386,-0.0969081,-0.16398169,-0.12716047,3.8219094,6.307628,-0.116124265,-0.17755464,4.4717555,5.7776093,-0.1382347,4.8361654,2.7307389,-0.14526704,-0.12781724,-0.096878245,-0.13823482,-0.14115073,-0.12434345,-0.11230643,-0.063823454,-0.13819298,0.8444664,-0.10007019,6.1811585,-0.13828836,-0.14125898,-0.16344379,-0.1759062,-0.12524253,-0.13827989,-0.0782174,-0.19187105,-0.18185812,-0.09859173,-0.11065883,-0.1380903,-0.14107719,-0.083404,-0.1213824,4.38086,-0.13855581,-0.19385117,-0.13826673,-0.14126228,-0.19487974,1.5802383,-0.2432746,-0.11592409,-0.13816863,-0.1412456,-0.14520228,1.5488698,-0.13828793,-0.19813283,-0.11606243,-0.1382505,-0.060104962,2.9490736,-0.1382869,1.3045764,-0.2868003,-0.11816878,-0.14795661,-0.10060286,-0.13819604,-0.13614628,-0.20725825,-0.17393659,-0.125103,-0.15657571,-0.15690626,-0.13828608,-0.1412637,-0.16221246,-0.22200036,-0.11616863,-0.2814266,-0.13828859,2.667151,-0.24371436,-0.16952515,-0.13823377,-0.13369927,-0.12557748,-0.13828428,-0.18106565,-0.13828845,2.4132712,-0.13825393,-0.30462334,-0.13822359,-0.14691104,-0.13029914,-0.13828094,-0.14125654,-0.18915205,-0.116120055,-0.13828382,-0.10481856,-0.1650517,-0.13828255,-0.14126486,-0.14124674,-0.1158562,-0.1382271,-0.14124501,-0.1412397,-0.14124647,-0.14125118,4.058106,-0.17392421,-0.13827991,-0.14126068,-0.14125481,-0.141261,-0.2025511,-0.15354379,-0.14723541,-0.13769868,-0.11499533,-0.10471026,4.4608827,-0.13828206,-0.1412166,-0.11609493,-0.19501048,-0.13828659,-0.18738703,-0.11705899,5.2009044,-0.13828039,-0.06652963,-0.13813633,-0.10737923,-0.124497145,-0.15298569,-0.052188452,-0.26007295
k__Bacteria|p__Firmicutes|c__Clostridia|o__Eubacteriales|f__Lachnospiraceae|g__Fusicatenibacter|s__Fusicatenibacter_saccharivorans,-0.1004395,-0.12316422,-0.14358711,-0.14661038,-0.14661068,-0.23867357,-0.1666669,-0.16813041,-0.10929718,-0.22895765,-0.23728925,-0.14359201,-0.22850217,1.2382654,-0.08556121,-0.14317295,-0.058144663,-0.14303316,-0.14654672,-0.19931981,-0.1978925,-0.12094052,-0.14355558,4.070473,4.480979,-0.11658599,-0.182019,-0.25032333,-0.1509206,-0.14356112,-0.15142563,-0.10844302,7.641588,-0.28454733,-0.1435788,-0.121133104,-0.14358953,5.007523,-0.14359239,7.5371265,-0.14359245,7.1449895,-0.12043065,-0.14344254,-0.13691942,-0.14358667,-0.23188588,-0.24781659,2.7385807,-0.12113954,-0.24679694,-0.18279888,-0.25087595,-0.26027086,-0.28621647,-0.27511892,-0.11894142,-0.14350286,-0.040142577,-0.056944285,-0.14285463,-0.11274739,-0.13743341,-0.12102237,-0.14357036,-0.14660582,-0.14661047,-0.1466111,-0.27573854,-0.14355236,-0.121024564,-0.16243835,-0.12334165,-0.14074792,-0.14355722,-0.15887658,-0.14481027,-0.12111731,7.7190185,7.7492523,-0.14357999,-0.14658865,-0.14660035,-0.1465354,-0.120334074,-0.13700745,-0.08858878,-0.14357385,-0.19008024,-0.14358535,-0.2004665,-0.11139822,-0.1388583,-0.13027036,-0.1074974,-0.15152657,-0.143486,-0.1462979,-0.10065024,-0.08152827,-0.09427856,-0.1435369,-0.11960925,-0.15027548,-0.16982608,3.9523091,-0.14355473,-0.14660418,-0.17738779,-0.15176103,-0.14358833,4.4148016,-0.17989698,-0.13525523,-0.14358541,-0.15095688,-0.17780018,-0.2009549,-0.1435657,-0.09015879,-0.14328197,-0.12151222,-0.121854745,-0.13997786,-0.21433522,-0.13908121,-0.16057305,-0.14351177,-0.07092635,-0.14294362,-0.14583407,-0.18733518,-0.143333,-0.121011406,-0.12334781,-0.14100276,-0.1435438,-0.114095174,-0.25318068,-0.26654312,-0.12024695,-0.10945694,-0.14353453,-0.09238048,-0.20963459,-0.14358564,-0.14652774,-0.120521024,-0.143513,-0.16015086,-0.1553517,-0.14359015,-0.19704957,3.2742882,-0.11995132,-0.10460003,-0.11361031,-0.10256614,-0.14358245,-0.19495486,-0.14355856,-0.1204411,-0.14342478,-0.041086134,-0.12967405,-0.14358893,-0.2300741,-0.14356779,-0.10384405,-0.14213637,-0.0784167,-0.14344417,-0.12766197,-0.14346395,-0.121451,-0.075820275,-0.09192432,-0.101488546,-0.14331672,-0.14651346,-0.12378413,-0.14343378,-0.1410757,-0.13984437,-0.18093297,-0.14359136,-0.25777104,-0.12844054,-0.14350027,-0.13462572,-0.119081676,-0.14356112,-0.14660633,-0.146608,-0.14660914,-0.19755594,-0.25103784,-0.20219928,-0.19465852,-0.24831252,-0.20506537,-0.22091979,-0.1435765,-0.1207262,-0.11956477,-0.14357106,-0.14660266,-0.20931396,-0.18224281,-0.14356297,-0.32474133,-0.14358942,-0.14661181,-0.1466107,-0.14661032,-0.2185038,-0.14356214,-0.114121355,-0.14356495,-0.14659688,-0.14660287,-0.22984435,-0.143583,-0.14658567,-0.08963354,-0.14348078,-0.14656171,-0.14658043,-0.14658111,-0.13302092,-0.1051107,-0.14014931,-0.15141064,-0.15839578,-0.15615125,-0.14613561,-0.14357924,-0.12319561,-0.12108955,-0.14354406,-0.14661163,-0.14661117,-0.14661117,-0.14661168,5.4332285,-0.11451449,-0.14355087,-0.15564899,-0.14443555,-0.16636807,-0.14358485,-0.14653647,-0.12993515,-0.047159404,-0.13774064,-0.14016809,-0.14106366,-0.14344054,-0.19987361,-0.1649412,-0.17166539,-0.14356244,-0.14656861,-0.12722544,-0.14610182,-0.2588673,-0.120889485,-0.14346159,-0.09132757,-0.12832497,-0.13684332,-0.16221203,-0.15659244,-0.12031037,-0.1433326,-0.14651671,-0.14656568,-0.14659962,-0.15740095,-0.19795567,-0.15106063,-0.07294749,-0.2039893,-0.14355189,-0.14656374,-0.104459345,-0.14320442,-0.17466888,-0.13176009,-0.14355831,-0.15109587,-0.10913184,-0.14339393,-0.05825615,7.526017,4.720982,-0.14349802,7.0868425,-0.1435906,7.0561104,-0.1435812,-0.16808087,-0.14331596,-0.14358285,-0.14660826,-0.25088155,-0.14359097,-0.22115314,-0.07562123,-0.086852394,-0.10702289,-0.060967896,-0.13700569,-0.16796505,7.2735047,-0.22133875,-0.12812386,-0.0969081,-0.16398169,-0.12716047,-0.11335766,-0.18846886,-0.12108244,-0.17755464,-0.0994983,-0.115196005,-0.1434989,-0.11662802,-0.19749595,-0.14526704,-0.12781724,-0.096878245,-0.14349756,-0.14641201,-0.12434345,-0.11230643,-0.063823454,-0.14342771,-0.11419349,-0.10007019,-0.24483351,-0.14359146,-0.14660034,-0.16344379,-0.1759062,-0.12524253,-0.14357662,-0.0782174,-0.19187105,-0.18185812,-0.09859173,-0.11065883,-0.14324743,-0.14628494,-0.083404,-0.1213824,-0.13072303,-0.13855581,-0.19385117,-0.14355454,-0.14660501,-0.19487974,-0.23847799,-0.2432746,-0.1207457,-0.14338453,-0.14657643,-0.14520228,-0.2961179,-0.14359073,-0.19813283,-0.12098611,-0.14352679,-0.060104962,-0.15931924,-0.14358899,-0.2028091,-0.2868003,-0.11816878,-0.14795661,-0.10060286,-0.14343351,-0.13614628,-0.20725825,-0.17393659,-0.125103,-0.15657571,-0.15690626,-0.14358757,-0.14660746,-0.16221246,-0.22200036,-0.121154815,-0.2814266,-0.1435919,-0.1915083,-0.24371436,-0.16952515,-0.14350688,-0.13369927,-0.12557748,-0.14358445,-0.18106565,-0.14359164,-0.18642783,-0.14353672,-0.30462334,-0.14348099,-0.14691104,-0.13029914,-0.1435786,-0.14659494,-0.18915205,-0.121074244,-0.1435836,-0.10481856,-0.1650517,-0.14358157,-0.14660954,-0.14658138,-0.12065914,-0.14348489,-0.14657578,-0.14656626,-0.14657813,-0.14658588,-0.16505513,-0.17392421,-0.14357701,-0.14660221,-0.14659213,-0.14660273,0.62363863,4.6978626,-0.14723541,-0.14259322,-0.11499533,-0.10471026,-0.11893196,-0.14358056,-0.14653376,-0.121032566,7.0071707,-0.14358851,6.817511,5.120936,6.0857887,-0.1435792,-0.06652963,-0.1433306,-0.10737923,-0.124497145,-0.15298569,-0.052188452,-0.26007295
k__Bacteria|p__Firmicutes|c__Bacilli|o__Lactobacillales|f__Streptococcaceae|g__Streptococcus|s__Streptococcus_australis,-0.1004395,-0.12316422,-0.13882706,-0.14182442,-0.14182472,1.6549275,-0.1666669,-0.16813041,-0.10929718,-0.22895765,-0.23728925,-0.13883203,-0.22850217,-0.3768707,-0.08556121,-0.13841985,-0.058144663,-0.13828243,-0.14176027,-0.19931981,-0.1978925,-0.11637718,-0.13879558,-0.12711628,-0.20043859,-0.11658599,-0.182019,-0.25032333,-0.1509206,-0.13880059,-0.15142563,-0.10844302,-0.18249588,1.6416548,-0.13881835,-0.116566494,-0.13882954,-0.22338755,-0.13883242,1.0064611,-0.13883248,1.3211325,-0.11588144,-0.1386794,2.2513807,-0.13882673,1.3246819,-0.24781659,2.1053786,-0.116572484,-0.24679694,-0.18279888,-0.25087595,-0.26027086,0.6207941,-0.27511892,-0.11894142,-0.13874288,-0.040142577,-0.056944285,-0.1380837,-0.11274739,-0.13743341,-0.11645615,-0.13880995,-0.14181988,-0.14182448,-0.14182517,-0.27573854,-0.13879144,-0.11645834,-0.16243835,-0.12334165,-0.14074792,-0.1387972,-0.15887658,-0.14481027,-0.11655083,-0.18691605,-0.14998752,-0.13881999,-0.14180261,-0.14181417,-0.14174655,-0.120334074,-0.13700745,-0.08858878,-0.13881387,-0.19008024,-0.13882539,-0.2004665,-0.11139822,-0.1388583,-0.13027036,-0.1074974,-0.15152657,-0.1387262,-0.14151609,-0.10065024,-0.08152827,-0.09427856,-0.13877708,-0.11960925,-0.15027548,-0.16982608,-0.1185138,-0.13879418,-0.14181823,-0.17738779,-0.15176103,-0.1388283,-0.25953975,-0.17989698,-0.13525523,-0.13882545,-0.15095688,-0.17780018,-0.2009549,-0.13880421,-0.09015879,-0.13852443,-0.12151222,-0.121854745,-0.13997786,2.095698,-0.13908121,-0.16057305,-0.13875219,-0.07092635,-0.13818479,-0.14102533,2.4516804,-0.13856275,-0.116445646,-0.12334781,-0.14100276,-0.13878384,-0.114095174,1.5522813,2.3379242,-0.11570932,-0.10945694,-0.13877475,-0.09238048,2.660601,-0.13882568,-0.1417372,-0.11597274,-0.13875248,-0.16015086,-0.1553517,-0.13883016,-0.19704957,-0.20616047,-0.11540611,-0.10460003,-0.11361031,-0.10256614,-0.13882254,-0.19495486,-0.13879791,-0.115890354,-0.13866617,-0.041086134,-0.12967405,-0.13882884,-0.2300741,-0.13880691,-0.10384405,-0.13739032,-0.0784167,-0.13868384,-0.12766197,-0.13870415,-0.121451,-0.075820275,-0.09192432,-0.101488546,-0.13855734,-0.14172813,-0.12378413,-0.13867322,-0.1410757,-0.13984437,-0.18093297,-0.13883138,-0.25777104,-0.12844054,-0.13873859,-0.13462572,-0.119081676,-0.13880149,-0.14182034,-0.14182204,-0.14182317,-0.19755594,-0.25103784,-0.20219928,0.95913017,2.9515464,2.1953168,-0.22091979,-0.13881601,-0.11616874,-0.11956477,-0.1388112,-0.14181663,2.8635051,2.821842,-0.13880226,-0.32474133,-0.13882947,-0.14182585,-0.14182477,-0.14182438,-0.2185038,-0.13880122,-0.114121355,-0.13880438,-0.14181033,-0.14181685,-0.22984435,-0.1388231,-0.14179862,-0.08963354,-0.13872004,-0.1417763,-0.14179401,-0.14179552,-0.13302092,1.3301468,-0.14014931,-0.15141064,-0.15839578,-0.15615125,-0.14613561,-0.13881946,-0.12319561,-0.11652275,-0.13878298,-0.14182568,-0.14182523,-0.14182523,-0.14182574,-0.38518023,-0.11451449,-0.13879062,-0.15564899,-0.14443555,-0.16636807,-0.13882473,-0.14174707,-0.12993515,-0.047159404,-0.13282943,1.4473414,-0.14106366,-0.13867927,-0.19987361,-0.1649412,-0.17166539,-0.13880247,-0.14178336,2.1284409,-0.14610182,3.380652,-0.11633064,-0.13870218,-0.09132757,-0.12832497,-0.13684332,-0.16221203,-0.15659244,-0.11577086,-0.13857052,-0.14173076,-0.14177991,-0.1418137,2.2140677,0.94322175,-0.15106063,-0.07294749,-0.2039893,-0.13879132,-0.1417785,-0.104459345,-0.1384539,-0.17466888,-0.13176009,-0.13879877,-0.15109587,-0.10913184,-0.13863394,-0.05825615,-0.14326635,-0.17082691,-0.13873711,-0.18883844,-0.13883057,-0.31316653,-0.13882071,-0.16808087,-0.14331596,-0.13882287,-0.14182222,-0.25088155,-0.13883096,-0.22115314,-0.07562123,-0.086852394,-0.10702289,-0.060967896,-0.13208935,-0.16796505,-0.15746465,-0.22133875,-0.12812386,-0.0969081,2.1366224,-0.12716047,-0.11335766,0.711671,-0.11651638,-0.17755464,-0.0994983,-0.115196005,-0.13873836,-0.11662802,-0.19749595,-0.14526704,-0.12781724,-0.096878245,-0.1387386,-0.14162645,-0.12434345,0.85920787,-0.063823454,-0.13866812,1.2008178,1.2377939,2.8222826,-0.1388315,-0.14181376,-0.16344379,-0.1759062,-0.12524253,-0.13881671,-0.0782174,-0.19187105,-0.18185812,-0.09859173,-0.11065883,-0.1384892,-0.14149949,-0.083404,-0.1213824,0.8376101,-0.13855581,-0.19385117,-0.13879386,-0.14181906,-0.19487974,-0.23847799,3.339665,-0.11618865,-0.1386245,-0.14179009,-0.14520228,0.56428456,-0.13883075,2.7461777,-0.1164217,-0.13876611,-0.060104962,-0.15931924,-0.13882895,-0.2028091,0.5865785,-0.11816878,-0.14795661,-0.10060286,-0.13867162,-0.13614628,-0.20725825,-0.17393659,-0.125103,-0.15657571,-0.15690626,-0.13882753,-0.14182153,1.0663893,2.8778737,-0.11658768,-0.2814266,-0.13883191,-0.1915083,-0.24371436,-0.16952515,-0.13874367,-0.13369927,-0.12557748,-0.13882434,-0.18106565,-0.13883165,-0.18642783,-0.13877428,-0.30462334,-0.13871872,-0.14691104,-0.13029914,-0.13881856,-0.14180905,5.581747,-0.11650854,-0.13882361,-0.10481856,-0.1650517,-0.13882136,-0.14182356,-0.14179388,-0.11611058,-0.13872537,-0.14178914,-0.14177993,-0.14179161,-0.14179996,-0.16505513,-0.17392421,-0.1388168,-0.14181629,-0.141806,-0.1418168,3.075975,-0.15354379,-0.14723541,-0.1378056,-0.11499533,-0.10471026,-0.11893196,-0.1388205,-0.14174506,-0.11646908,-0.19501048,-0.13882843,-0.18738703,-0.11705899,-0.17429145,-0.13881862,-0.06652963,-0.13857299,-0.10737923,-0.124497145,-0.15298569,-0.052188452,0.9287635
k__Bacteria|p__Firmicutes|c__Bacilli|o__Lactobacillales|f__Streptococcaceae|g__Streptococcus|s__Streptococcus_peroris,-0.1004395,2.0454693,-0.13050428,-0.13329427,-0.1332944,-0.23867357,-0.1666669,1.0807375,-0.10929718,2.948602,3.224132,-0.13050674,2.5557568,2.19391,-0.08556121,-0.13029715,-0.058144663,-0.1302359,-0.13326257,-0.19931981,-0.1978925,-0.10968938,-0.13048878,1.640828,-0.20043859,-0.11658599,-0.182019,-0.25032333,-0.1509206,-0.13049126,-0.15142563,-0.10844302,-0.18249588,-0.28454733,-0.13049984,-0.109782584,-0.13050552,-0.22338755,-0.13050692,-0.29867563,-0.13050696,-0.29356226,-0.10944037,-0.13043138,1.3403178,-0.13050413,-0.23188588,-0.24781659,-0.1296162,-0.10978564,-0.24679694,-0.18279888,-0.25087595,-0.26027086,-0.28621647,-0.27511892,-0.11894142,-0.1304628,-0.040142577,-0.056944285,-0.13013995,4.0583844,-0.13743341,-0.10972907,-0.13049586,-0.13329205,-0.13329428,-0.13329461,0.935859,-0.13048616,-0.10972912,1.8927798,1.6195537,-0.14074792,-0.13048968,-0.15887658,-0.14481027,-0.1097748,2.9154463,-0.14998752,-0.13050082,-0.13328357,-0.13328922,-0.13325375,-0.120334074,-0.13700745,-0.08858878,-0.13049781,-0.19008024,-0.13050348,-0.2004665,-0.11139822,-0.1388583,-0.13027036,0.9274982,-0.15152657,-0.13045493,-0.13312323,-0.10065024,-0.08152827,-0.09427856,-0.13047971,-0.11960925,-0.15027548,-0.16982608,4.5640097,-0.13048804,-0.13329121,1.3632818,4.006513,-0.13050494,2.9976177,-0.17989698,-0.13525523,-0.1305035,-0.15095688,1.6186156,-0.2009549,-0.13049257,-0.09015879,-0.13035572,1.0848718,0.96751916,-0.13997786,-0.21433522,-0.13908121,-0.16057305,-0.13046749,-0.07092635,-0.1301856,-0.13290176,-0.18733518,-0.13037248,-0.10972321,-0.12334781,-0.14100276,-0.13048306,-0.114095174,-0.25318068,-0.26654312,-0.10935539,2.4238021,-0.13047862,2.764419,-0.20963459,-0.13050362,-0.13324982,-0.10948059,-0.13046724,-0.16015086,0.79788333,-0.1305058,-0.19704957,-0.20616047,-0.109205395,-0.10460003,-0.11361031,-0.10256614,-0.13050209,-0.19495486,-0.13048956,-0.109447524,-0.13042483,-0.041086134,-0.12967405,-0.13050517,-0.2300741,-0.13049412,-0.10384405,-0.12978113,-0.0784167,-0.13043328,0.83820295,-0.13044383,-0.121451,-0.075820275,2.6683702,3.2546785,-0.13037163,-0.13324696,-0.12378413,-0.13041967,-0.1410757,-0.13984437,4.4447556,-0.13050643,-0.25777104,-0.12844054,-0.13045877,-0.13462572,0.91403687,-0.13049173,-0.13329226,-0.13329309,-0.13329366,-0.19755594,1.5202037,2.4494464,-0.19465852,3.096505,-0.20506537,-0.22091979,-0.1304987,-0.109582916,0.9619032,-0.1304965,-0.13329044,-0.20931396,-0.18224281,-0.13049145,-0.32474133,-0.13050549,-0.13329497,-0.13329443,-0.13329424,-0.2185038,-0.13049078,-0.114121355,-0.13049307,-0.13328734,-0.13329051,-0.22984435,-0.13050237,-0.13328066,-0.08963354,-0.13045144,-0.13327067,-0.13327932,-0.1332801,-0.13302092,-0.1051107,-0.14014931,-0.15141064,-0.15839578,-0.15615125,-0.14613561,-0.13050056,-0.12319561,-0.10976103,-0.1304827,-0.13329488,-0.13329464,-0.13329466,-0.13329491,-0.38518023,2.424058,-0.13048643,-0.15564899,0.65430415,1.9351152,-0.13050315,-0.13325581,-0.12993515,-0.047159404,-0.1275568,-0.14016809,-0.14106366,-0.13043192,-0.19987361,-0.1649412,-0.17166539,-0.13049227,-0.13327418,-0.12722544,-0.14610182,-0.2588673,-0.109666005,-0.13044289,-0.09132757,4.350456,1.2676582,3.0737753,1.018982,-0.109383695,-0.13037714,-0.1332483,-0.13327236,-0.13328898,-0.15740095,-0.19795567,4.0237846,-0.07294749,3.2375166,-0.13048673,-0.13327174,-0.104459345,-0.13029939,0.68404186,-0.13176009,-0.13049045,2.192365,1.1841449,-0.1304084,1.2288823,-0.14326635,-0.17082691,-0.1304602,-0.18883844,-0.13050601,-0.31316653,-0.13050112,-0.16808087,4.4603004,-0.13050222,-0.13329318,3.7459283,-0.13050622,-0.22115314,-0.07562123,-0.086852394,-0.10702289,-0.060967896,-0.12720004,-0.16796505,-0.15746465,3.0595233,0.82861,-0.0969081,1.7809736,-0.12716047,-0.11335766,-0.18846886,-0.109757885,2.2111673,-0.0994983,-0.115196005,-0.13046077,-0.11662802,-0.19749595,-0.14526704,-0.12781724,-0.096878245,-0.13046086,-0.13319704,2.477411,-0.11230643,3.5594926,-0.13042578,-0.11419349,2.0299282,-0.24483351,-0.13050647,-0.13328882,-0.16344379,-0.1759062,-0.12524253,-0.13049923,-0.0782174,-0.19187105,-0.18185812,-0.09859173,-0.11065883,-0.13033839,-0.13313454,-0.083404,-0.1213824,-0.13072303,1.3464806,-0.19385117,-0.13048798,-0.13329163,-0.19487974,1.5940522,-0.2432746,-0.10959554,-0.13040476,-0.1332774,-0.14520228,-0.2961179,-0.1305061,-0.19813283,-0.109711066,-0.13047428,-0.060104962,-0.15931924,-0.13050522,-0.2028091,-0.2868003,-0.11816878,-0.14795661,-0.10060286,-0.1304279,-0.13614628,1.5523492,-0.17393659,-0.125103,1.9451607,-0.15690626,-0.13050453,-0.13329282,1.3376788,0.91817373,-0.109793104,3.09914,-0.13050668,-0.1915083,-0.24371436,-0.16952515,-0.13046087,-0.13369927,-0.12557748,-0.13050297,-0.18106565,-0.13050655,-0.18642783,-0.1304774,1.7367525,-0.13045117,-0.14691104,-0.13029914,-0.13050012,-0.13328671,-0.18915205,-0.109753974,-0.13050258,1.4491974,1.8115715,-0.13050151,-0.13329385,-0.1332786,-0.109556116,-0.13045439,-0.13327691,-0.13327241,-0.13327813,-0.13328215,-0.16505513,-0.17392421,-0.13049924,-0.13329029,-0.13328525,-0.13329053,5.0020494,-0.15354379,-0.14723541,-0.1300033,-0.11499533,-0.10471026,-0.11893196,-0.13050108,-0.13325334,-0.10973424,-0.19501048,-0.13050497,-0.18738703,-0.11705899,-0.17429145,-0.13049969,3.5809379,-0.1303784,2.2006388,2.1384118,-0.15298569,1.014734,-0.26007295
k__Bacteria|p__Firmicutes|c__Clostridia|o__Eubacteriales|f__Lachnospiraceae|g__Enterocloster|s__Enterocloster_aldenensis,-0.1004395,-0.12316422,-0.13832417,-0.1412418,-0.14124216,-0.23867357,1.247743,-0.16813041,-0.10929718,1.6927279,1.5924727,-0.13833016,-0.22850217,3.0962005,-0.08556121,-0.13782269,-0.058144663,-0.13765362,-0.14116403,-0.19931981,-0.1978925,-0.11641841,-0.13828577,3.9154243,4.6162663,-0.11658599,5.1991186,3.8548484,-0.1509206,-0.1382923,-0.15142563,-0.10844302,-0.18249588,-0.28454733,-0.13831377,-0.11665537,-0.13832715,-0.22338755,-0.13833064,2.249086,-0.13833071,-0.29356226,-0.11578526,-0.13814667,-0.13691942,-0.1383237,1.9945433,2.9615762,-0.1296162,-0.11666321,-0.24679694,-0.18279888,-0.25087595,-0.26027086,-0.28621647,-0.27511892,-0.11894142,-0.13822149,-0.040142577,-0.056944285,-0.1374276,-0.11274739,-0.13743341,-0.11651887,-0.13830361,-0.14123625,-0.14124188,-0.14124268,2.159301,-0.13828126,-0.11652115,-0.16243835,-0.12334165,-0.14074792,-0.1382878,-0.15887658,-0.14481027,-0.11663598,-0.18691605,-0.14998752,-0.13831553,-0.1412153,-0.14122948,-0.14114863,-0.120334074,-0.13700745,-0.08858878,-0.13830806,-0.19008024,-0.13832207,-0.2004665,-0.11139822,-0.1388583,-0.13027036,-0.1074974,-0.15152657,-0.13820116,-0.14086145,-0.10065024,-0.08152827,-0.09427856,-0.1382631,-0.11960925,1.7763298,3.3928862,-0.1185138,-0.13828453,-0.14123425,-0.17738779,-0.15176103,-0.13832569,3.1265,-0.17989698,-0.13525523,-0.13832214,-0.15095688,-0.17780018,-0.2009549,-0.13829729,-0.09015879,-0.13795356,-0.12151222,-0.121854745,4.6159706,0.73562324,-0.13908121,-0.16057305,-0.13823257,-0.07092635,-0.13754037,-0.1402863,3.454968,-0.1380098,-0.11650342,-0.12334781,-0.14100276,-0.1382715,-0.114095174,-0.25318068,-0.26654312,-0.11556198,6.170353,-0.13826025,6.091204,-0.20963459,-0.13832243,-0.14113879,-0.115895025,-0.1382337,-0.16015086,-0.1553517,-0.1383279,-0.19704957,-0.20616047,-0.11518599,4.6523595,-0.11361031,-0.10256614,-0.13831855,-0.19495486,-0.13828894,-0.11579527,-0.13812712,3.660482,4.232323,-0.13832638,5.058761,-0.13830012,-0.10384405,-0.13656397,-0.0784167,-0.13814992,-0.12766197,-0.1381743,-0.121451,-0.075820275,-0.09192432,-0.101488546,-0.13799489,-0.14112404,-0.12378413,-0.13813537,-0.1410757,-0.13984437,-0.18093297,-0.13832939,7.6947083,-0.12844054,-0.1382169,-0.13462572,-0.119081676,-0.13829273,-0.14123684,-0.1412389,-0.14124027,-0.19755594,-0.25103784,-0.20219928,-0.19465852,-0.24831252,5.2144356,6.784321,-0.138311,-0.11614924,-0.11956477,-0.13830471,-0.14123237,-0.20931396,-0.18224281,-0.13829419,2.1680675,-0.13832703,-0.14124355,-0.1412422,-0.14124173,0.63029075,-0.1382931,-0.114121355,-0.13829696,-0.14122508,-0.14123264,-0.22984435,-0.13831922,-0.14121084,-0.08963354,-0.13819432,-0.14118277,-0.14120513,-0.14120634,-0.13302092,-0.1051107,-0.14014931,-0.15141064,-0.15839578,-0.15615125,-0.14613561,-0.1383147,-0.12319561,-0.1166019,-0.1382713,-0.14124334,-0.14124276,-0.14124276,-0.14124337,1.4085939,-0.11451449,-0.13827996,-0.15564899,-0.14443555,-0.16636807,-0.1383214,-0.14115,5.63647,-0.047159404,-0.13114138,2.6654944,6.364423,-0.1381452,5.991095,-0.1649412,-0.17166539,-0.13829416,-0.14119124,-0.12722544,-0.14610182,-0.2588673,-0.11635564,-0.13817148,-0.09132757,-0.12832497,-0.13684332,-0.16221203,-0.15659244,-0.115630165,-0.13801295,-0.1411277,-0.14118743,-0.1412287,-0.15740095,-0.19795567,-0.15106063,-0.07294749,-0.2039893,-0.13828105,-0.14118531,-0.104459345,-0.13785554,-0.17466888,-0.13176009,-0.13828935,-0.15109587,-0.10913184,-0.13808875,-0.05825615,-0.14326635,-0.17082691,-0.1382153,-0.18883844,-0.13832843,-0.31316653,-0.13831678,-0.16808087,-0.14331596,-0.13831902,-0.14123918,-0.25088155,-0.1383289,-0.22115314,1.2745879,-0.086852394,-0.10702289,-0.060967896,-0.1302423,-0.16796505,-0.15746465,-0.22133875,-0.12812386,-0.0969081,-0.16398169,-0.12716047,-0.11335766,-0.18846886,-0.11659305,-0.17755464,-0.0994983,-0.115196005,-0.13821653,3.4186637,3.3679097,-0.14526704,-0.12781724,-0.096878245,-0.13821557,-0.14100033,-0.12434345,-0.11230643,-0.063823454,-0.13813016,-0.11419349,-0.10007019,-0.24483351,-0.1383295,-0.14122924,-0.16344379,-0.1759062,-0.12524253,-0.13831146,-0.0782174,-0.19187105,-0.18185812,-0.09859173,-0.11065883,-0.13791123,-0.14084566,-0.083404,-0.1213824,-0.13072303,-0.13855581,-0.19385117,-0.13828424,-0.14123528,4.3467007,1.6417118,-0.2432746,-0.1161784,-0.13807741,-0.1412003,-0.14520228,-0.2961179,-0.13832861,3.4340763,-0.11647436,-0.13825041,-0.060104962,-0.15931924,-0.13832647,-0.2028091,-0.2868003,-0.11816878,-0.14795661,-0.10060286,-0.13813627,-0.13614628,-0.20725825,-0.17393659,-0.125103,-0.15657571,-0.15690626,-0.13832474,-0.14123824,-0.16221246,5.080817,-0.11668188,-0.2814266,-0.13833004,-0.1915083,-0.24371436,-0.16952515,-0.13822448,-0.13369927,-0.12557748,-0.13832091,-0.18106565,-0.13832971,-0.18642783,-0.13826144,-0.30462334,-0.13819398,-0.14691104,-0.13029914,-0.1383138,-0.14122303,-0.18915205,-0.11658332,-0.13831994,-0.10481856,-0.1650517,-0.13831736,-0.14124078,-0.14120564,-0.116072595,-0.13819991,-0.14119935,-0.14118789,-0.14120227,-0.14121196,-0.16505513,-0.17392421,-0.1383118,-0.14123186,-0.1412195,-0.14123249,-0.2025511,-0.15354379,-0.14723541,-0.13710174,-0.11499533,-0.10471026,-0.11893196,-0.13831618,-0.14114667,-0.11653301,-0.19501048,-0.13832586,-0.18738703,-0.11705899,-0.17429145,-0.13831419,-0.06652963,-0.13801274,-0.10737923,-0.124497145,-0.15298569,-0.052188452,1.0509474
k__Bacteria|p__Firmicutes|c__Clostridia|o__Eubacteriales|f__Lachnospiraceae|g__Lachnoclostridium|s__Clostridium_symbiosum,2.2906632,3.4522688,-0.13354164,-0.1364254,-0.13642564,2.0072026,-0.1666669,-0.16813041,-0.10929718,2.4888518,-0.23728925,-0.13354577,-0.22850217,2.055267,-0.08556121,-0.13319996,-0.058144663,-0.13308635,-0.13637194,2.2600963,3.1099086,-0.11196345,-0.13351539,-0.12711628,-0.20043859,-0.11658599,-0.182019,-0.25032333,-0.1509206,-0.13351959,-0.15142563,-0.10844302,-0.18249588,-0.28454733,-0.13353437,-0.112124145,-0.1335437,-0.22338755,-0.13354608,6.7445307,-0.13354611,3.6580472,-0.11154073,-0.13341875,-0.13691942,-0.13354135,-0.23188588,-0.24781659,-0.1296162,-0.112129234,-0.24679694,-0.18279888,-0.25087595,-0.26027086,-0.28621647,-0.27511892,-0.11894142,-0.1334714,-0.040142577,-0.056944285,-0.13292252,-0.11274739,-0.13743341,-0.11203082,-0.1335274,-0.13642162,-0.13642544,-0.136426,-0.27573854,-0.13351187,-0.11203273,4.1106596,-0.12334165,-0.14074792,-0.13351673,2.4054916,2.0951421,-0.11211093,-0.18691605,-0.14998752,-0.13353573,-0.1364072,-0.13641685,-0.13636011,-0.120334074,-0.13700745,-0.08858878,-0.13353062,-0.19008024,-0.13354023,-0.2004665,-0.11139822,-0.1388583,-0.13027036,-0.1074974,-0.15152657,-0.13345754,-0.13616535,-0.10065024,-0.08152827,-0.09427856,-0.13349997,-0.11960925,6.8498893,1.1053463,-0.1185138,-0.13351426,-0.13642022,-0.17738779,-0.15176103,-0.13354269,-0.25953975,-0.17989698,-0.13525523,-0.13354027,-0.15095688,-0.17780018,-0.2009549,-0.13352261,-0.09015879,-0.13328904,-0.12151222,-0.121854745,4.0980806,5.060027,-0.13908121,-0.16057305,-0.13347913,-0.07092635,-0.13300492,-0.13576034,6.2635155,-0.1333212,-0.11202135,-0.12334781,-0.14100276,-0.13350558,-0.114095174,-0.25318068,-0.26654312,-0.11138137,-0.10945694,-0.13349801,-0.09238048,-0.20963459,-0.13354048,-0.13635312,-0.111608565,-0.13347945,-0.16015086,3.0020018,-0.13354419,-0.19704957,-0.20616047,-0.11112605,3.238408,2.6465244,-0.10256614,-0.13353784,-0.19495486,-0.13351728,-0.11154106,-0.13340722,-0.041086134,-0.12967405,-0.1335431,-0.2300741,-0.1335249,-0.10384405,-0.13233653,-0.0784167,-0.1334222,-0.12766197,-0.13343914,-0.121451,-0.075820275,-0.09192432,-0.101488546,-0.13331649,-0.13634509,-0.12378413,-0.13341144,-0.1410757,-0.13984437,-0.18093297,-0.13354522,-0.25777104,-0.12844054,-0.13346782,-0.13462572,-0.119081676,-0.1335203,-0.13642201,-0.13642341,-0.13642436,6.814279,-0.25103784,-0.20219928,-0.19465852,-0.24831252,-0.20506537,-0.22091979,-0.13353242,-0.11178061,-0.11956477,-0.13352838,-0.13641891,-0.20931396,-0.18224281,-0.13352087,-0.32474133,-0.13354364,-0.1364266,-0.13642567,-0.13642535,-0.2185038,-0.1335201,-0.114121355,-0.13352275,-0.1364137,-0.13641909,-0.22984435,-0.1335383,-0.13640405,-0.08963354,-0.1334525,-0.13638526,-0.13640007,-0.1364013,-0.13302092,-0.1051107,-0.14014931,-0.15141064,-0.15839578,-0.15615125,-0.14613561,-0.13353527,-0.12319561,-0.11208741,-0.13350493,-0.13642645,-0.13642606,-0.13642606,-0.13642648,1.8915449,-0.11451449,-0.13351126,-0.15564899,-0.14443555,-0.16636807,-0.13353969,-0.136361,4.376004,-0.047159404,-0.12854975,-0.14016809,5.7712913,-0.1334185,6.187651,-0.1649412,-0.17166539,-0.13352114,-0.1363911,-0.12722544,-0.14610182,4.4638424,-0.1119204,-0.1334374,-0.09132757,-0.12832497,5.1586285,5.380939,3.2460124,-0.111427635,-0.13332772,-0.13634732,-0.13638827,-0.13641644,-0.15740095,-0.19795567,-0.15106063,-0.07294749,-0.2039893,-0.13351184,-0.13638707,-0.104459345,-0.1332311,-0.17466888,-0.13176009,-0.13351803,-0.15109587,-0.10913184,-0.13338053,-0.05825615,7.551606,7.266405,-0.13346669,4.582549,-0.13354456,-0.31316653,-0.13353634,-0.16808087,-0.14331596,-0.13353813,-0.13642356,-0.25088155,-0.13354486,-0.22115314,-0.07562123,-0.086852394,-0.10702289,-0.060967896,-0.12793283,3.9222608,-0.15746465,-0.22133875,-0.12812386,-0.0969081,-0.16398169,-0.12716047,-0.11335766,-0.18846886,-0.11208174,-0.17755464,-0.0994983,-0.115196005,-0.1334677,3.301119,4.935714,-0.14526704,-0.12781724,-0.096878245,-0.13346784,-0.1362603,-0.12434345,-0.11230643,-0.063823454,-0.133409,-0.11419349,-0.10007019,-0.24483351,-0.13354531,-0.13641652,-0.16344379,-0.1759062,-0.12524253,-0.13353297,-0.0782174,-0.19187105,-0.18185812,-0.09859173,-0.11065883,-0.13325965,-0.13615432,-0.083404,-0.1213824,-0.13072303,-0.13855581,-0.19385117,-0.13351399,-0.13642094,5.400731,3.0605438,0.90894985,-0.111800894,-0.13337271,-0.1363968,-0.14520228,-0.2961179,-0.1335447,-0.19813283,-0.11200077,-0.13349083,1.2591797,5.140718,-0.1335432,-0.2028091,4.348665,-0.11816878,-0.14795661,-0.10060286,-0.13341214,-0.13614628,-0.20725825,-0.17393659,-0.125103,-0.15657571,-0.15690626,-0.13354202,-0.13642296,3.532355,-0.22200036,-0.11214197,-0.2814266,-0.13354567,-0.1915083,-0.24371436,-0.16952515,-0.13347232,-0.13369927,-0.12557748,-0.13353938,-0.18106565,-0.13354544,-0.18642783,-0.13349771,1.164043,-0.13345143,1.8032333,-0.13029914,-0.13353452,-0.13641258,-0.18915205,-0.112075284,-0.13353875,-0.10481856,-0.1650517,-0.13353688,-0.13642469,-0.13639995,-0.11172791,-0.1334568,-0.13639602,-0.13638833,-0.1363981,-0.13640502,-0.16505513,-0.17392421,-0.13353309,-0.13641861,-0.13641006,-0.13641906,5.03728,-0.15354379,-0.14723541,-0.13269153,-0.11499533,-0.10471026,-0.11893196,-0.13353616,-0.136359,-0.112041645,-0.19501048,-0.13354276,-0.18738703,-0.11705899,-0.17429145,-0.13353455,-0.06652963,-0.13332942,-0.10737923,-0.124497145,-0.15298569,-0.052188452,1.8871629
k__Bacteria|p__Firmicutes|c__Clostridia|o__Eubacteriales|f__Lachnospiraceae|g__Blautia|s__Blautia_producta,-0.1004395,-0.12316422,-0.14282785,-0.14590578,-0.145906,-0.23867357,-0.1666669,-0.16813041,-0.10929718,-0.22895765,-0.23728925,-0.14283195,5.988273,6.0823674,-0.08556121,-0.14249513,-0.058144663,-0.14239272,-0.14585328,-0.19931981,1.5652163,-0.11981772,-0.14280237,-0.12711628,-0.20043859,-0.11658599,-0.182019,4.5251675,-0.1509206,-0.14280601,-0.15142563,-0.10844302,-0.18249588,-0.28454733,-0.14282021,-0.11996916,-0.14282994,4.4530945,-0.14283225,6.581614,-0.14283231,4.5787096,-0.11940311,-0.14270546,-0.13691942,-0.14282767,-0.23188588,-0.24781659,-0.1296162,-0.11997393,-0.24679694,-0.18279888,-0.25087595,-0.26027086,-0.28621647,-0.27511892,-0.11894142,-0.14275959,-0.040142577,-0.056944285,-0.1422174,-0.11274739,-0.13743341,-0.11988042,-0.14281368,-0.1459021,-0.1459058,-0.14590636,-0.27573854,-0.1427974,-0.1198806,-0.16243835,-0.12334165,-0.14074792,-0.14280373,-0.15887658,-0.14481027,-0.119956866,-0.18691605,-0.14998752,-0.14282218,-0.14588803,-0.14589727,-0.14583772,-0.120334074,-0.13700745,-0.08858878,-0.14281723,-0.19008024,-0.14282656,-0.2004665,-0.11139822,-0.1388583,-0.13027036,-0.1074974,-0.15152657,-0.14274645,-0.14562503,-0.10065024,-0.08152827,-0.09427856,-0.14278755,-0.11960925,-0.15027548,3.1027715,-0.1185138,-0.14280072,-0.14590071,-0.17738779,-0.15176103,-0.1428289,-0.25953975,-0.17989698,-0.13525523,-0.14282662,-0.15095688,-0.17780018,-0.2009549,-0.14280757,-0.09015879,-0.14258456,-0.12151222,-0.121854745,-0.13997786,-0.21433522,-0.13908121,-0.16057305,-0.14276758,-0.07092635,-0.1423044,-0.14524004,-0.18733518,-0.14260367,-0.11987075,-0.12334781,-0.14100276,-0.14279291,-0.114095174,-0.25318068,-0.26654312,-0.11927692,-0.10945694,-0.14278573,-0.09238048,-0.20963459,-0.14282683,-0.14582962,-0.119478844,-0.14276674,-0.16015086,-0.1553517,-0.1428304,-0.19704957,1.1663646,-0.119040035,-0.10460003,-0.11361031,-0.10256614,-0.14282432,-0.19495486,-0.14280313,-0.11941848,-0.1426982,-0.041086134,-0.12967405,-0.14282927,-0.2300741,-0.14281061,-0.10384405,-0.14165205,-0.0784167,-0.14271104,-0.12766197,-0.1427283,-0.121451,-0.075820275,-0.09192432,-0.101488546,-0.14260942,-0.14582819,-0.12378413,-0.14269015,-0.1410757,-0.13984437,-0.18093297,-0.14283141,-0.25777104,-0.12844054,-0.14275214,-0.13462572,-0.119081676,-0.14280748,-0.14590245,-0.14590381,-0.14590475,-0.19755594,-0.25103784,-0.20219928,-0.19465852,-0.24831252,6.756893,5.659072,-0.14281839,-0.119641796,-0.11956477,-0.14281514,-0.14589939,-0.20931396,-0.18224281,-0.14280619,-0.32474133,-0.1428299,-0.14590694,-0.14590603,-0.14590573,-0.2185038,-0.14280562,-0.114121355,-0.14280903,-0.14589387,-0.14589955,6.167015,-0.14282478,-0.145883,-0.08963354,-0.14274046,-0.14586718,-0.14588074,-0.14588267,-0.13302092,-0.1051107,-0.14014931,-0.15141064,-0.15839578,-0.15615125,-0.14613561,-0.14282191,-0.12319561,-0.11993354,-0.14279133,-0.14590678,-0.14590639,-0.14590639,-0.14590682,-0.38518023,-0.11451449,-0.14279822,-0.15564899,-0.14443555,-0.16636807,-0.14282593,-0.14583978,-0.12993515,-0.047159404,-0.1378439,-0.14016809,-0.14106366,-0.14270727,-0.19987361,-0.1649412,-0.17166539,-0.14280808,-0.1458731,-0.12722544,-0.14610182,-0.2588673,-0.11978321,-0.14272709,-0.09132757,-0.12832497,-0.13684332,-0.16221203,-0.15659244,-0.11931621,-0.14261776,-0.14582998,-0.1458698,-0.14589706,-0.15740095,-0.19795567,-0.15106063,-0.07294749,-0.2039893,-0.14279844,-0.14586914,-0.104459345,-0.14247772,-0.17466888,-0.13176009,-0.14280543,-0.15109587,-0.10913184,-0.14267017,-0.05825615,-0.14326635,-0.17082691,-0.14275432,-0.18883844,-0.14283074,3.618136,-0.14282231,-0.16808087,-0.14331596,-0.1428245,-0.1459039,1.3796653,-0.14283104,-0.22115314,-0.07562123,-0.086852394,-0.10702289,-0.060967896,-0.13724741,-0.16796505,-0.15746465,-0.22133875,-0.12812386,-0.0969081,-0.16398169,-0.12716047,-0.11335766,-0.18846886,-0.11992845,-0.17755464,-0.0994983,-0.115196005,-0.14275566,-0.11662802,-0.19749595,1.8880309,7.3025618,3.832649,-0.14275712,-0.14574566,-0.12434345,-0.11230643,-0.063823454,-0.14269903,-0.11419349,-0.10007019,-0.24483351,-0.1428315,-0.14589642,-0.16344379,-0.1759062,-0.12524253,-0.1428196,-0.0782174,-0.19187105,-0.18185812,-0.09859173,-0.11065883,-0.14255524,-0.14564258,-0.083404,-0.1213824,-0.13072303,-0.13855581,-0.19385117,-0.14280044,-0.14590141,4.467636,4.9167886,5.436507,-0.119661264,-0.14266358,-0.14587763,1.2559975,4.353628,-0.14283091,5.273449,-0.11985388,-0.14277789,-0.060104962,-0.15931924,-0.14282939,-0.2028091,-0.2868003,-0.11816878,-0.14795661,-0.10060286,-0.14270043,-0.13614628,-0.20725825,-0.17393659,-0.125103,-0.15657571,-0.15690626,-0.14282826,-0.14590341,-0.16221246,-0.22200036,-0.11998617,-0.2814266,-0.14283183,-0.1915083,4.3546786,5.035351,-0.14275463,-0.13369927,-0.12557748,-0.14282563,-0.18106565,-0.14283162,-0.18642783,-0.14278199,-0.30462334,-0.14273839,-0.14691104,-0.13029914,-0.14282097,-0.14589334,-0.18915205,-0.119922794,-0.14282513,-0.10481856,-0.1650517,-0.14282313,-0.14590505,-0.1458791,-0.11960093,-0.14274591,-0.14587663,-0.1458694,-0.14587873,-0.1458859,-0.16505513,-0.17392421,-0.14281943,-0.1458992,-0.14589074,-0.14589962,-0.2025511,-0.15354379,-0.14723541,-0.14197867,-0.11499533,-0.10471026,-0.11893196,-0.14282253,-0.14583674,-0.119891584,-0.19501048,-0.14282894,-0.18738703,-0.11705899,-0.17429145,-0.14282021,-0.06652963,-0.1426228,-0.10737923,-0.124497145,-0.15298569,-0.052188452,-0.26007295
k__Bacteria|p__Firmicutes|c__Clostridia|o__Eubacteriales|f__Clostridiaceae|g__Clostridium|s__Clostridium_sp_C5_48,-0.1004395,-0.12316422,-0.13660124,-0.13957462,-0.13957524,-0.23867357,-0.1666669,-0.16813041,-0.10929718,-0.22895765,-0.23728925,-0.13661057,6.393167,4.8273926,-0.08556121,-0.13579977,-0.058144663,-0.13549681,-0.13945232,6.2672815,6.4301734,-0.11411447,-0.13653919,8.953139,7.92938,-0.11658599,6.3936644,6.2334204,-0.1509206,-0.13655138,-0.15142563,-0.10844302,-0.18249588,7.37404,-0.13658464,-0.11451472,-0.13660574,-0.22338755,-0.13661131,-0.29867563,-0.13661146,4.4228344,-0.1130422,-0.1363273,-0.13691942,-0.13660006,-0.23188588,-0.24781659,-0.1296162,-0.11452884,-0.24679694,-0.18279888,-0.25087595,-0.26027086,-0.28621647,-0.27511892,-0.11894142,-0.13643682,-0.040142577,-0.056944285,-0.1352092,-0.11274739,-0.13743341,-0.114289984,-0.13656974,-0.13956565,-0.13957489,-0.13957605,-0.27573854,-0.13653642,-0.11429418,-0.16243835,-0.12334165,-0.14074792,-0.13654268,-0.15887658,-0.14481027,-0.11448045,-0.18691605,-0.14998752,-0.1365872,-0.13953258,-0.13955584,-0.13943234,-0.120334074,-0.13700745,-0.08858878,-0.13657507,-0.19008024,-0.13659757,6.84162,-0.11139822,-0.1388583,-0.13027036,-0.1074974,5.126688,-0.13640292,-0.13898608,-0.10065024,-0.08152827,-0.09427856,-0.13650204,-0.11960925,-0.15027548,-0.16982608,-0.1185138,-0.13653956,-0.13956252,-0.17738779,-0.15176103,-0.13660356,-0.25953975,-0.17989698,-0.13525523,-0.1365976,-0.15095688,-0.17780018,-0.2009549,-0.13656217,7.7528234,-0.13599786,8.976534,7.71998,8.91594,8.43482,6.328478,-0.16057305,-0.1364525,-0.07092635,-0.13535425,-0.13813733,-0.18733518,-0.1361404,-0.11426194,-0.12334781,-0.14100276,-0.13651653,-0.114095174,-0.25318068,-0.26654312,-0.1127197,-0.10945694,-0.13649753,-0.09238048,-0.20963459,-0.13659811,-0.1394241,-0.113255456,-0.13645923,-0.16015086,-0.1553517,-0.13660698,-0.19704957,-0.20616047,-0.11215541,-0.10460003,-0.11361031,-0.10256614,-0.13659161,-0.19495486,-0.13654426,-0.11312422,-0.13628109,-0.041086134,-0.12967405,-0.1366049,-0.2300741,-0.13656266,-0.10384405,-0.13380398,-0.0784167,-0.13632584,-0.12766197,-0.13636068,-0.121451,-0.075820275,-0.09192432,-0.101488546,-0.13607177,-0.13938364,-0.12378413,-0.1363138,-0.1410757,-0.13984437,-0.18093297,-0.13660932,-0.25777104,-0.12844054,-0.1364341,-0.13462572,-0.119081676,-0.13654925,-0.13956676,-0.13957006,-0.13957226,-0.19755594,-0.25103784,-0.20219928,-0.19465852,-0.24831252,-0.20506537,-0.22091979,-0.1365812,-0.11367784,-0.11956477,-0.13656919,-0.13955975,-0.20931396,-0.18224281,-0.13655543,4.406586,-0.13660547,-0.13957742,-0.13957524,-0.13957448,6.720882,-0.13655475,-0.114121355,-0.1365598,-0.13955012,-0.13956018,-0.22984435,-0.13659269,-0.13952935,-0.08963354,-0.1363965,-0.13947794,-0.13951772,-0.13951626,-0.13302092,-0.1051107,-0.14014931,-0.15141064,-0.15839578,-0.15615125,-0.14613561,-0.13658498,-0.12319561,-0.11442829,-0.13652073,-0.13957709,-0.13957623,-0.13957617,-0.13957717,3.0285969,-0.11451449,-0.13653108,-0.15564899,-0.14443555,-0.16636807,-0.13659707,-0.13943835,-0.12993515,-0.047159404,-0.12573647,-0.14016809,-0.14106366,-0.13631937,-0.19987361,-0.1649412,-0.17166539,-0.1365526,-0.13949068,-0.12722544,-0.14610182,2.845256,-0.114008844,-0.13635431,-0.09132757,-0.12832497,-0.13684332,-0.16221203,-0.15659244,-0.11287391,-0.13611388,-0.1393916,-0.1394867,-0.13955353,-0.15740095,-0.19795567,-0.15106063,-0.07294749,-0.2039893,-0.13653424,-0.13948151,-0.104459345,-0.13592449,-0.17466888,-0.13176009,-0.13654317,-0.15109587,-0.10913184,-0.1362282,-0.05825615,-0.14326635,-0.17082691,-0.13643014,-0.18883844,-0.13660796,-0.31316653,-0.13659108,-0.16808087,-0.14331596,-0.13659269,-0.1395708,5.695325,-0.13660869,5.359562,-0.07562123,-0.086852394,-0.10702289,-0.060967896,-0.12429014,-0.16796505,-0.15746465,0.6367415,-0.12812386,-0.0969081,-0.16398169,7.8542614,4.0304375,8.927907,-0.114410296,-0.17755464,-0.0994983,-0.115196005,-0.13643056,-0.11662802,-0.19749595,-0.14526704,-0.12781724,-0.096878245,-0.13642284,-0.13918643,-0.12434345,3.8797984,-0.063823454,-0.1362904,-0.11419349,-0.10007019,-0.24483351,-0.13660952,-0.13955545,-0.16344379,-0.1759062,-0.12524253,-0.13658026,-0.0782174,-0.19187105,4.58203,-0.09859173,-0.11065883,-0.13593388,-0.13893914,-0.083404,-0.1213824,-0.13072303,-0.13855581,8.139192,-0.13653968,-0.13956416,7.280685,6.0774784,5.747554,-0.113752045,-0.13620666,-0.13950965,-0.14520228,-0.2961179,-0.13660808,-0.19813283,-0.114211425,-0.1364857,6.429344,8.410383,-0.13660489,3.5579627,6.3595433,-0.11816878,-0.14795661,-0.10060286,-0.13630705,2.7473621,-0.20725825,-0.17393659,-0.125103,-0.15657571,5.796913,-0.1366021,-0.13956891,2.0145798,-0.22200036,-0.11455952,-0.2814266,-0.1366104,-0.1915083,-0.24371436,-0.16952515,-0.13644943,-0.13369927,-0.12557748,-0.13659616,-0.18106565,-0.13660985,-0.18642783,-0.13650775,-0.30462334,-0.13640149,-0.14691104,7.3896413,-0.13658465,-0.13954434,-0.18915205,-0.11439115,-0.13659403,-0.10481856,-0.1650517,-0.13659093,-0.13957307,-0.13951944,-0.113570526,-0.1364,-0.13950932,-0.13948986,-0.13951361,-0.13952687,-0.16505513,-0.17392421,-0.13658199,-0.13955861,-0.13953952,-0.13955964,7.11506,6.380804,-0.14723541,-0.13475421,-0.11499533,-0.10471026,-0.11893196,-0.13658842,-0.13942958,-0.11430544,-0.19501048,-0.13660407,-0.18738703,-0.11705899,-0.17429145,-0.13658479,-0.06652963,-0.13609625,4.4128103,2.3267605,8.668724,-0.052188452,5.8896637
k__Bacteria|p__Firmicutes|c__Clostridia|o__Eubacteriales|f__Clostridiaceae|g__Clostridium|s__Clostridium_paraputrificum,-0.1004395,-0.12316422,-0.12975745,-0.1325583,-0.13255852,-0.23867357,-0.1666669,2.5070355,-0.10929718,-0.22895765,-0.23728925,-0.12976131,-0.22850217,-0.3768707,-0.08556121,-0.12943032,-0.058144663,-0.12933023,-0.13250814,-0.19931981,-0.1978925,-0.108811975,-0.1297329,3.8248186,4.9884176,-0.11658599,-0.182019,2.11913,-0.1509206,-0.12973693,-0.15142563,-0.10844302,-0.18249588,-0.28454733,-0.1297508,-0.10895593,-0.12975939,1.3239286,-0.1297616,-0.29867563,-0.12976167,-0.29356226,-0.10843207,-0.1296427,-0.13691942,-0.12975718,3.696796,0.5455521,-0.1296162,-0.1089607,-0.24679694,-0.18279888,-0.25087595,-0.26027086,-0.28621647,-0.27511892,-0.11894142,-0.12969182,-0.040142577,-0.056944285,-0.12917987,-0.11274739,-0.13743341,-0.10887255,-0.12974416,-0.13255477,-0.13255835,-0.13255887,-0.27573854,-0.12972978,-0.10887316,-0.16243835,-0.12334165,-0.14074792,-0.12973425,-0.15887658,-0.14481027,-0.108944155,-0.18691605,-0.14998752,-0.12975192,-0.13254133,-0.13255033,-0.13249663,-0.120334074,-0.13700745,-0.08858878,-0.12974718,-0.19008024,-0.12975614,-0.2004665,-0.11139822,-0.1388583,-0.13027036,-0.1074974,-0.15152657,-0.12967908,-0.13230531,-0.10065024,-0.08152827,-0.09427856,-0.12971851,-0.11960925,-0.15027548,-0.16982608,-0.1185138,-0.1297318,-0.13255346,-0.17738779,-0.15176103,-0.12975842,0.595577,1.148262,-0.13525523,-0.12975621,-0.15095688,1.9108196,-0.2009549,-0.12973976,-0.09015879,-0.12952149,2.5743558,-0.121854745,-0.13997786,1.5756261,-0.13908121,-0.16057305,-0.12969908,-0.07092635,-0.12925224,-0.13193755,-0.18733518,-0.12955081,-0.108866,4.2310476,-0.14100276,-0.12972376,-0.114095174,2.489077,1.229425,-0.1083032,-0.10945694,-0.12971675,-0.09238048,-0.20963459,-0.12975638,-0.13249096,-0.10849937,-0.12969886,-0.16015086,1.6300235,-0.12975985,-0.19704957,-0.20616047,-0.108095884,-0.10460003,-0.11361031,-0.10256614,-0.12975395,-0.19495486,-0.12973481,-0.108457744,-0.12963136,-0.041086134,-0.12967405,-0.12975883,-0.2300741,-0.12974203,0.9426849,-0.12861109,-0.0784167,-0.12964496,-0.12766197,-0.12966159,-0.121451,3.887393,-0.09192432,-0.101488546,-0.12954712,-0.13248318,-0.12378413,-0.12962955,2.7679896,-0.13984437,2.851185,-0.1297608,-0.25777104,-0.12844054,-0.12968874,-0.13462572,-0.119081676,-0.1297375,-0.13255513,-0.13255644,-0.13255733,2.9482677,1.9400338,2.5101511,-0.19465852,2.4858553,-0.20506537,-0.22091979,-0.12974888,-0.10865389,-0.11956477,-0.1297451,-0.13255225,1.7916317,-0.18224281,-0.12973788,-0.32474133,-0.12975931,-0.13255942,-0.13255855,-0.13255826,-0.2185038,-0.12973696,-0.114121355,-0.12973976,-0.13254738,-0.13255239,0.6857302,-0.12975436,-0.1325378,-0.08963354,-0.1296739,-0.13252082,-0.13253468,-0.13253582,-0.13302092,-0.1051107,2.7200434,2.9003713,2.235516,-0.15615125,2.164286,-0.12975152,-0.12319561,-0.108922586,-0.12972324,-0.13255927,-0.13255891,-0.13255891,-0.1325593,-0.38518023,-0.11451449,-0.12972914,-0.15564899,-0.14443555,-0.16636807,-0.12975565,-0.13249841,-0.12993515,-0.047159404,-0.12508863,1.0918133,-0.14106366,-0.1296426,2.2871704,-0.1649412,-0.17166539,-0.12973836,-0.13252637,-0.12722544,-0.14610182,-0.2588673,-0.10877519,-0.12966013,-0.09132757,-0.12832497,-0.13684332,-0.16221203,-0.15659244,-0.10834931,-0.12955655,-0.13248542,-0.1325236,-0.13254994,-0.15740095,-0.19795567,-0.15106063,-0.07294749,-0.2039893,-0.12972969,-0.13252248,-0.104459345,-0.1294666,0.5648488,-0.13176009,-0.12973545,-0.15109587,-0.10913184,-0.12960625,-0.05825615,-0.14326635,-0.17082691,-0.12968756,-0.18883844,-0.1297602,-0.31316653,-0.12975249,-0.16808087,-0.14331596,-0.12975419,-0.13255659,2.4795468,-0.12976047,-0.22115314,-0.07562123,-0.086852394,-0.10702289,-0.060967896,-0.124525316,-0.16796505,-0.15746465,-0.22133875,-0.12812386,0.5962391,3.9649127,-0.12716047,-0.11335766,-0.18846886,-0.10891764,-0.17755464,-0.0994983,-0.115196005,-0.12968846,-0.11662802,-0.19749595,-0.14526704,-0.12781724,-0.096878245,-0.12968852,-0.13240415,-0.12434345,-0.11230643,-0.063823454,-0.12963298,-0.11419349,-0.10007019,-0.24483351,-0.12976089,-0.13255006,3.0321338,-0.1759062,1.4841149,-0.1297494,-0.0782174,0.93575615,1.6601124,-0.09859173,-0.11065883,-0.12949404,-0.13230494,-0.083404,-0.1213824,-0.13072303,1.350087,-0.19385117,-0.12973166,-0.13255413,-0.19487974,-0.23847799,1.6317518,-0.10866838,-0.12959966,-0.13253158,-0.14520228,-0.2961179,-0.12976032,-0.19813283,-0.108846,-0.12970999,-0.060104962,1.7649906,-0.12975892,-0.2028091,2.4559045,3.102327,2.2679963,-0.10060286,-0.12963662,-0.13614628,-0.20725825,-0.17393659,-0.125103,-0.15657571,-0.15690626,-0.12975782,-0.13255604,-0.16221246,3.540722,-0.1089724,-0.2814266,-0.12976122,-0.1915083,1.6662596,-0.16952515,-0.12969226,-0.13369927,2.0231395,-0.12975535,3.3931785,-0.12976103,2.1765313,-0.12971634,-0.30462334,-0.12967333,1.3009881,3.068123,-0.12975085,-0.13254632,-0.18915205,-0.108911514,-0.12975478,-0.10481856,4.4161797,-0.12975305,-0.13255763,-0.13253453,-0.10860491,-0.1296783,-0.13253085,-0.13252369,-0.1325328,-0.13253914,-0.16505513,2.051044,-0.12974948,-0.13255198,-0.13254401,-0.13255236,-0.2025511,-0.15354379,-0.14723541,-0.12896469,-0.11499533,3.1169994,-0.11893196,-0.12975234,-0.13249567,-0.10887994,-0.19501048,-0.1297585,-0.18738703,-0.11705899,-0.17429145,-0.12975085,-0.06652963,-0.12955786,-0.10737923,-0.124497145,-0.15298569,-0.052188452,-0.26007295
k__Bacteria|p__Firmicutes|c__Clostridia|o__Eubacteriales|f__Lachnospiraceae|g__Mediterraneibacter|s__Ruminococcus_torques,-0.1004395,-0.12316422,-0.13811192,-0.1410194,-0.14101961,-0.23867357,-0.1666669,-0.16813041,-0.10929718,-0.22895765,-0.23728925,-0.13811535,-0.22850217,-0.3768707,-0.08556121,-0.13782796,-0.058144663,-0.1377212,-0.14097494,-0.19931981,-0.1978925,-0.1163757,-0.13808972,6.6791124,6.4372153,-0.11658599,-0.182019,-0.25032333,-0.1509206,-0.13809365,-0.15142563,-0.10844302,4.5357223,2.6600165,-0.138106,-0.11651692,-0.13811359,-0.22338755,-0.13811558,-0.29867563,-0.13811564,1.5362433,-0.11600548,-0.13801104,-0.13691942,-0.13811158,-0.23188588,-0.24781659,-0.1296162,-0.11652158,-0.24679694,-0.18279888,-0.25087595,-0.26027086,-0.28621647,-0.27511892,-0.11894142,-0.13805272,-0.040142577,1.6367568,-0.13759817,-0.11274739,-0.13743341,-0.11643696,-0.13810022,-0.14101619,-0.14101946,-0.14101991,3.7475867,-0.13808814,-0.11643806,-0.16243835,-0.12334165,-0.14074792,-0.13809082,-0.15887658,-0.14481027,-0.11650537,-0.18691605,-0.14998752,-0.1381069,-0.1410041,-0.1410124,-0.14096785,-0.120334074,-0.13700745,-0.08858878,-0.13810256,-0.19008024,-0.13811065,-0.2004665,-0.11139822,1.8263463,-0.13027036,-0.1074974,-0.15152657,-0.1380406,-0.14081508,-0.10065024,-0.08152827,-0.09427856,-0.13807651,-0.11960925,-0.15027548,-0.16982608,-0.1185138,-0.13808931,-0.14101502,7.2127514,-0.15176103,-0.13811275,5.940547,2.8290372,3.9832933,-0.1381107,-0.15095688,-0.17780018,-0.2009549,-0.13809721,-0.09015879,-0.13789661,-0.12151222,-0.121854745,-0.13997786,-0.21433522,-0.13908121,-0.16057305,-0.13805877,-0.07092635,-0.13766187,-0.14047773,-0.18733518,-0.13793565,-0.11643045,-0.12334781,-0.14100276,-0.13808146,-0.114095174,-0.25318068,1.1249889,-0.11585806,-0.10945694,-0.13807483,-0.09238048,3.6717863,-0.13811085,-0.14096275,-0.11606477,-0.13806042,-0.16015086,-0.1553517,-0.13811402,-0.19704957,-0.20616047,-0.115639746,-0.10460003,-0.11361031,-0.10256614,-0.13810858,-0.19495486,-0.1380917,-0.116006106,-0.13799769,-0.041086134,-0.12967405,-0.13811319,5.853157,-0.13809825,-0.10384405,-0.13710688,-0.0784167,-0.13801241,-0.12766197,-0.1380254,-0.121451,-0.075820275,-0.09192432,-0.101488546,-0.1379219,-0.14095116,-0.12378413,-0.13800979,-0.1410757,-0.13984437,-0.18093297,-0.13811487,-0.25777104,-0.12844054,-0.13805157,-0.13462572,-0.119081676,-0.13809356,-0.14101657,-0.14101774,-0.14101854,-0.19755594,-0.25103784,-0.20219928,-0.19465852,-0.24831252,-0.20506537,-0.22091979,-0.1381045,-0.116217785,-0.11956477,-0.13810053,-0.14101395,-0.20931396,-0.18224281,-0.13809527,-0.32474133,-0.1381135,-0.1410204,-0.14101961,-0.14101934,2.2678437,-0.1380949,-0.114121355,-0.13809651,-0.14101,-0.14101416,-0.22984435,-0.13810894,-0.14100318,-0.08963354,-0.13803771,-0.14098504,-0.14099842,-0.14099872,-0.13302092,-0.1051107,-0.14014931,-0.15141064,-0.15839578,-0.15615125,-0.14613561,-0.13810632,-0.12319561,-0.11648593,-0.13808179,-0.14102027,-0.14101994,-0.14101994,-0.1410203,1.5665646,-0.11451449,-0.13808641,-0.15564899,5.6708245,3.4223282,-0.13811031,-0.14096785,-0.12993515,-0.047159404,-0.13403535,-0.14016809,-0.14106366,-0.13800886,-0.19987361,-0.1649412,-0.17166539,-0.13809446,-0.14098978,-0.12722544,-0.14610182,-0.2588673,-0.11633529,-0.13802357,-0.09132757,-0.12832497,-0.13684332,-0.16221203,-0.15659244,-0.11589597,-0.13793455,-0.14095353,-0.1409879,-0.14101182,-0.15740095,3.7677047,-0.15106063,-0.07294749,-0.2039893,-0.13808721,-0.14098649,-0.104459345,-0.13785633,-0.17466888,-0.13176009,-0.13809147,-0.15109587,-0.10913184,-0.13797753,-0.05825615,-0.14326635,2.2483203,-0.13804933,6.1275764,-0.13811436,6.221732,-0.13810782,4.987974,-0.14331596,-0.1381089,-0.14101793,1.2376822,-0.13811462,-0.22115314,-0.07562123,-0.086852394,-0.10702289,-0.060967896,-0.13350919,-0.16796505,-0.15746465,-0.22133875,-0.12812386,-0.0969081,-0.16398169,-0.12716047,-0.11335766,-0.18846886,-0.11648014,-0.17755464,-0.0994983,-0.115196005,-0.1380499,-0.11662802,-0.19749595,-0.14526704,-0.12781724,-0.096878245,-0.13804871,-0.14087987,-0.12434345,-0.11230643,-0.063823454,-0.13800043,-0.11419349,-0.10007019,-0.24483351,-0.13811496,-0.14101237,-0.16344379,-0.1759062,-0.12524253,-0.13810447,-0.0782174,-0.19187105,-0.18185812,-0.09859173,-0.11065883,-0.13787241,-0.14079049,-0.083404,-0.1213824,-0.13072303,-0.13855581,3.7726347,-0.13808909,-0.14101563,-0.19487974,1.0267588,3.825453,-0.116232894,-0.13796957,-0.14099559,-0.14520228,-0.2961179,-0.13811442,-0.19813283,-0.116409376,-0.13806969,-0.060104962,-0.15931924,-0.13811322,6.970353,7.377896,-0.11816878,-0.14795661,-0.10060286,-0.13800427,5.02423,-0.20725825,2.6689005,-0.125103,-0.15657571,-0.15690626,-0.13811223,-0.14101733,-0.16221246,-0.22200036,-0.11653247,-0.2814266,-0.13811526,-0.1915083,3.33719,1.5379564,-0.13805728,-0.13369927,-0.12557748,-0.13811004,-0.18106565,-0.13811508,-0.18642783,-0.1380772,6.58231,-0.13803759,2.726944,5.7552967,-0.1381059,-0.14100853,-0.18915205,-0.11647415,-0.13810942,-0.10481856,-0.1650517,-0.13810804,-0.14101881,-0.14099929,-0.11616492,-0.13803987,-0.14099523,-0.14098851,-0.14099687,-0.14100233,-0.16505513,-0.17392421,-0.13810483,-0.14101364,-0.14100657,-0.14101401,-0.2025511,-0.15354379,-0.14723541,-0.1374175,-0.11499533,-0.10471026,-0.11893196,-0.13810727,-0.14096639,-0.116444334,-0.19501048,-0.1381129,-0.18738703,-0.11705899,-0.17429145,-0.13810632,-0.06652963,-0.13793236,-0.10737923,-0.124497145,-0.15298569,-0.052188452,1.6778184
k__Bacteria|p__Firmicutes|c__Clostridia|o__Eubacteriales|f__Peptostreptococcaceae|g__Romboutsia|s__Romboutsia_timonensis,-0.1004395,-0.12316422,-0.13624004,-0.13918018,-0.1391804,-0.23867357,3.446559,-0.16813041,-0.10929718,-0.22895765,-0.23728925,-0.13624401,2.37345,-0.3768707,-0.08556121,-0.13591293,-0.058144663,-0.13580713,-0.1391289,-0.19931981,-0.1978925,-0.11425139,-0.13621497,-0.12711628,-0.20043859,-0.11658599,-0.182019,-0.25032333,-0.1509206,-0.13621888,-0.15142563,-0.10844302,1.2846473,2.154609,-0.136233,-0.11440399,-0.13624205,-0.22338755,-0.13624431,-0.29867563,-0.13624436,-0.29356226,-0.11384869,-0.13612187,-0.13691942,-0.1362398,3.2935734,3.0985358,-0.1296162,-0.114408895,-0.24679694,-0.18279888,-0.25087595,-0.26027086,-0.28621647,0.91589963,-0.11894142,-0.13617292,-0.040142577,-0.056944285,-0.13564613,-0.11274739,-0.13743341,-0.11431421,-0.13622633,-0.13917655,-0.13918021,-0.13918075,3.2964535,-0.13621092,-0.11431682,2.007261,1.4167595,-0.14074792,-0.13621628,-0.15887658,-0.14481027,-0.11439173,1.5880905,-0.14998752,-0.1362344,-0.13916276,-0.13917196,-0.13911626,-0.120334074,-0.13700745,-0.08858878,-0.13622954,-0.19008024,-0.13623872,-0.2004665,-0.11139822,-0.1388583,-0.13027036,-0.1074974,-0.15152657,-0.13615976,-0.13892321,-0.10065024,-0.08152827,-0.09427856,-0.13620026,-0.11960925,-0.15027548,-0.16982608,-0.1185138,-0.13621372,-0.13917522,-0.17738779,-0.15176103,-0.13624105,-0.25953975,0.7854094,-0.13525523,-0.13623878,3.9740913,-0.17780018,-0.2009549,-0.13622135,-0.09015879,-0.13599926,-0.12151222,-0.121854745,-0.13997786,0.7889294,-0.13908121,-0.16057305,-0.13618037,-0.07092635,-0.13572624,-0.13853928,-0.18733518,-0.13602628,-0.1143049,-0.12334781,-0.14100276,-0.13620558,-0.114095174,-0.25318068,3.205518,-0.113693945,-0.10945694,-0.13619843,-0.09238048,-0.20963459,-0.13623896,-0.13910949,-0.113906875,-0.13618034,-0.16015086,-0.1553517,-0.13624251,-0.19704957,1.4870212,-0.11346443,-0.10460003,-0.11361031,-0.10256614,-0.13623649,0.97274077,-0.13621645,-0.11384435,-0.13611183,-0.041086134,1.4748667,-0.13624147,-0.2300741,-0.13622373,-0.10384405,-0.13508245,-0.0784167,-0.13612537,-0.12766197,-0.13614202,-0.121451,-0.075820275,-0.09192432,-0.101488546,-0.13602471,-0.1391035,-0.12378413,-0.13611305,-0.1410757,-0.13984437,5.713627,-0.13624349,-0.25777104,-0.12844054,-0.13616842,-0.13462572,-0.119081676,-0.13621974,-0.13917692,-0.13917826,-0.13917917,0.6286857,-0.25103784,-0.20219928,-0.19465852,-0.24831252,-0.20506537,-0.22091979,-0.13623108,-0.11407068,-0.11956477,-0.13622743,-0.13917394,-0.20931396,-0.18224281,-0.1362198,-0.32474133,-0.13624197,-0.13918132,-0.13918045,-0.13918014,-0.2185038,-0.13621901,-0.114121355,-0.13622186,-0.13916883,-0.13917412,-0.22984435,-0.1362369,-0.1391591,-0.08963354,-0.13615456,-0.13914192,-0.13915585,-0.13915724,-0.13302092,3.7733157,-0.14014931,-0.15141064,-0.15839578,-0.15615125,-0.14613561,-0.13623405,-0.12319561,-0.11436878,-0.13620475,-0.13918117,-0.13918078,-0.1391808,-0.13918121,2.702564,-0.11451449,-0.13621098,-0.15564899,-0.14443555,-0.16636807,-0.13623817,-0.13911758,-0.12993515,-0.047159404,-0.13143358,2.589495,-0.14106366,-0.13612214,-0.19987361,-0.1649412,-0.17166539,-0.13622048,-0.1391476,-0.12722544,-0.14610182,-0.2588673,-0.114209995,-0.13614056,-0.09132757,-0.12832497,-0.13684332,3.373817,-0.15659244,-0.11372897,-0.13603465,-0.13910553,-0.1391447,-0.13917162,2.0840635,-0.19795567,-0.15106063,-0.07294749,-0.2039893,-0.13621147,-0.13914365,-0.104459345,-0.13593131,-0.17466888,-0.13176009,-0.13621765,-0.15109587,-0.10913184,-0.13608564,-0.05825615,-0.14326635,-0.17082691,-0.13616824,-0.18883844,-0.13624285,-0.31316653,-0.13623482,-0.16808087,-0.14331596,-0.1362367,-0.13917838,1.8129665,-0.13624315,1.6927699,-0.07562123,-0.086852394,-0.10702289,-0.060967896,-0.13084522,-0.16796505,-0.15746465,-0.22133875,-0.12812386,-0.0969081,-0.16398169,2.3124454,-0.11335766,2.3509889,-0.11436333,-0.17755464,-0.0994983,-0.115196005,-0.13616928,-0.11662802,-0.19749595,-0.14526704,-0.12781724,-0.096878245,-0.1361698,-0.13902235,1.7475652,-0.11230643,-0.063823454,-0.13611306,-0.11419349,-0.10007019,-0.24483351,-0.13624358,-0.1391715,-0.16344379,-0.1759062,-0.12524253,-0.13623182,-0.0782174,0.60876054,-0.18185812,-0.09859173,-0.11065883,-0.13597092,-0.13892117,-0.083404,-0.1213824,-0.13072303,-0.13855581,-0.19385117,-0.13621345,-0.13917589,-0.19487974,0.7601157,1.0502903,-0.11409293,-0.1360785,-0.13915275,-0.14520228,1.417751,-0.136243,1.2960984,-0.11428633,-0.13619132,-0.060104962,-0.15931924,-0.13624156,2.7673602,2.604645,-0.11816878,-0.14795661,-0.10060286,-0.13611585,-0.13614628,-0.20725825,0.81134766,-0.125103,-0.15657571,-0.15690626,-0.13624042,-0.13917784,-0.16221246,7.341119,-0.11442101,-0.2814266,-0.13624391,-0.1915083,1.9176557,-0.16952515,-0.13617218,-0.13369927,-0.12557748,-0.13623789,-0.18106565,-0.13624373,-0.18642783,-0.13619724,3.464188,-0.13615336,-0.14691104,-0.13029914,-0.13623326,-0.13916792,-0.18915205,-0.11435759,-0.13623732,-0.10481856,-0.1650517,-0.13623548,-0.13917948,-0.13915521,-0.1140164,-0.13615909,-0.13915193,-0.13914464,-0.13915394,-0.13916063,-0.16505513,-0.17392421,-0.13623184,-0.13917369,-0.13916549,-0.1391741,-0.2025511,0.9787769,-0.14723541,-0.13542148,-0.11499533,-0.10471026,-0.11893196,-0.13623482,-0.13911533,-0.11432559,-0.19501048,-0.13624112,-0.18738703,1.4922203,-0.17429145,-0.13623309,-0.06652963,-0.13603751,-0.10737923,-0.124497145,-0.15298569,-0.052188452,-0.26007295
k__Bacteria|p__Firmicutes|c__Clostridia|o__Eubacteriales|f__Lachnospiraceae|g__GGB79916|s__GGB79916_SGB4587,-0.1004395,-0.12316422,-0.13893497,-0.14186394,-0.14186418,-0.23867357,-0.1666669,-0.16813041,4.411807,5.612727,-0.23728925,-0.13893914,3.188576,3.4231825,-0.08556121,-0.13858965,-0.058144663,-0.13846825,-0.14180991,-0.19931981,-0.1978925,-0.117017165,-0.13890824,-0.12711628,-0.20043859,-0.11658599,-0.182019,-0.25032333,5.718314,-0.13891283,1.0261513,1.9207243,4.5307236,-0.28454733,-0.13892777,-0.117181286,-0.13893703,-0.22338755,-0.13893947,4.8852706,-0.13893951,-0.29356226,-0.11658911,-0.13881189,1.3284135,-0.13893461,3.9759953,1.677404,-0.1296162,-0.11718669,-0.24679694,-0.18279888,-0.25087595,-0.26027086,-0.28621647,3.834846,-0.11894142,-0.1388635,-0.040142577,-0.056944285,-0.13831133,-0.11274739,-0.13743341,-0.117085844,-0.13892068,-0.14186005,-0.14186399,-0.14186454,1.8566942,-0.13890529,-0.117088854,-0.16243835,-0.12334165,-0.14074792,-0.13890961,-0.15887658,-0.14481027,-0.117167875,-0.18691605,-0.14998752,-0.13892892,-0.14184545,-0.14185536,-0.14180017,-0.120334074,-0.13700745,-0.08858878,-0.13892373,-0.19008024,-0.13893348,-0.2004665,-0.11139822,-0.1388583,-0.13027036,-0.1074974,1.7480472,-0.13884915,-0.14160727,-0.10065024,-0.08152827,-0.09427856,-0.13889241,-0.11960925,-0.15027548,-0.16982608,-0.1185138,-0.13890743,-0.14185867,-0.17738779,-0.15176103,-0.13893601,-0.25953975,-0.17989698,-0.13525523,-0.13893354,-0.15095688,-0.17780018,-0.2009549,-0.13891652,-0.09015879,-0.13867661,-0.12151222,2.6723495,-0.13997786,5.614307,-0.13908121,4.4403377,-0.13887113,-0.07092635,-0.13839167,-0.1412012,-0.18733518,-0.13871828,-0.11707692,-0.12334781,-0.14100276,-0.13889822,-0.114095174,-0.25318068,3.4956331,-0.11642353,-0.10945694,-0.1388904,-0.09238048,-0.20963459,-0.13893373,-0.14179386,-0.116660625,-0.1388723,-0.16015086,-0.1553517,-0.13893755,-0.19704957,-0.20616047,-0.1161813,-0.10460003,-0.11361031,-0.10256614,-0.13893102,-0.19495486,-0.13891052,-0.11659399,-0.13879797,-0.041086134,-0.12967405,-0.1389365,5.399907,-0.1389183,-0.10384405,-0.13771148,-0.0784167,-0.13881394,-0.12766197,-0.13883057,-0.121451,-0.075820275,-0.09192432,-0.101488546,-0.1387054,-0.14178184,-0.12378413,-0.1388089,-0.1410757,-0.13984437,-0.18093297,-0.13893858,4.361974,1.8561566,-0.13886154,-0.13462572,-0.119081676,-0.138913,-0.14186049,-0.1418619,-0.14186287,4.9010057,-0.25103784,-0.20219928,-0.19465852,-0.24831252,-0.20506537,-0.22091979,-0.13892584,-0.11683502,6.4934497,-0.13892138,-0.14185736,4.1631284,-0.18224281,-0.13891444,-0.32474133,-0.13893694,-0.14186515,-0.14186421,-0.14186388,-0.2185038,-0.13891372,-0.114121355,-0.13891605,-0.14185233,-0.14185755,0.89587337,-0.13893148,-0.14184296,-0.08963354,-0.13884473,-0.14182273,-0.14183843,-0.14183918,-0.13302092,-0.1051107,-0.14014931,-0.15141064,-0.15839578,-0.15615125,-0.14613561,-0.13892834,-0.12319561,-0.11714431,-0.13889822,-0.141865,-0.1418646,-0.1418646,-0.14186502,-0.38518023,-0.11451449,-0.13890415,-0.15564899,-0.14443555,-0.16636807,-0.13893303,-0.14180043,-0.12993515,-0.047159404,-0.13395339,-0.14016809,-0.14106366,-0.13881034,2.6386333,-0.1649412,-0.17166539,-0.13891402,-0.1418286,-0.12722544,-0.14610182,-0.2588673,-0.11697362,-0.13882867,-0.09132757,-0.12832497,-0.13684332,-0.16221203,-0.15659244,-0.11646527,-0.13871899,-0.14178443,-0.14182605,-0.1418548,-0.15740095,-0.19795567,-0.15106063,-0.07294749,-0.2039893,-0.13890499,-0.14182447,-0.104459345,-0.13862003,-0.17466888,-0.13176009,-0.13891059,-0.15109587,-0.10913184,-0.1387716,-0.05825615,-0.14326635,-0.17082691,-0.13885918,-0.18883844,-0.13893794,-0.31316653,-0.13892983,2.961137,-0.14331596,-0.13893136,-0.14186211,1.0080057,-0.13893825,-0.22115314,-0.07562123,-0.086852394,-0.10702289,-0.060967896,-0.13332018,3.4967892,0.83324957,-0.22133875,-0.12812386,-0.0969081,-0.16398169,-0.12716047,-0.11335766,-0.18846886,-0.11713813,-0.17755464,-0.0994983,-0.115196005,-0.13886002,0.878622,-0.19749595,-0.14526704,-0.12781724,-0.096878245,-0.13885918,-0.14169565,-0.12434345,-0.11230643,-0.063823454,-0.13880002,-0.11419349,-0.10007019,-0.24483351,-0.13893867,-0.14185525,-0.16344379,-0.1759062,-0.12524253,-0.13892609,-0.0782174,-0.19187105,-0.18185812,-0.09859173,-0.11065883,-0.13864724,-0.14158821,-0.083404,-0.1213824,-0.13072303,-0.13855581,-0.19385117,-0.1389072,-0.14185937,-0.19487974,-0.23847799,-0.2432746,-0.116853505,-0.13876316,-0.14183506,-0.14520228,1.9236557,-0.13893805,-0.19813283,-0.11705539,-0.13888371,-0.060104962,-0.15931924,-0.13893656,-0.2028091,1.4250857,-0.11816878,-0.14795661,-0.10060286,-0.13880432,-0.13614628,-0.20725825,-0.17393659,-0.125103,-0.15657571,-0.15690626,-0.13893536,-0.14186144,-0.16221246,-0.22200036,-0.117199644,-0.2814266,-0.13893905,-0.1915083,1.0716598,-0.16952515,-0.13886699,-0.13369927,-0.12557748,-0.13893269,-0.18106565,-0.13893881,0.9838559,-0.1388919,1.6314594,-0.13884445,-0.14691104,-0.13029914,-0.13892773,-0.14185083,-0.18915205,-0.11713116,-0.13893199,-0.10481856,-0.1650517,-0.13893023,-0.14186321,-0.14183897,-0.11677538,-0.13884836,-0.14183444,-0.14182642,-0.14183648,-0.14184318,-0.16505513,-0.17392421,-0.13892636,-0.141857,-0.14184842,-0.14185745,-0.2025511,-0.15354379,-0.14723541,-0.1380862,-0.11499533,-0.10471026,-0.11893196,-0.1389294,-0.14179873,-0.11709635,-0.19501048,-0.13893615,-0.18738703,-0.11705899,2.552792,-0.13892815,-0.06652963,-0.1387189,-0.10737923,-0.124497145,-0.15298569,-0.052188452,2.2652686
k__Bacteria|p__Firmicutes|c__Clostridia|o__Eubacteriales|f__Lachnospiraceae|g__Enterocloster|s__Enterocloster_bolteae,-0.1004395,-0.12316422,-0.13034402,-0.13315395,-0.13315417,3.3751142,2.3945143,-0.16813041,-0.10929718,3.3217812,1.6847038,-0.13034776,-0.22850217,4.2193356,2.2027154,-0.1300317,-0.058144663,-0.12993011,-0.13310556,3.3363788,-0.1978925,-0.10932703,-0.13032022,4.631676,5.556862,-0.11658599,5.360464,5.206549,-0.1509206,-0.1303241,-0.15142563,-0.10844302,-0.18249588,-0.28454733,-0.13033733,-0.10947468,-0.1303459,-0.22338755,-0.13034806,-0.29867563,-0.1303481,0.79319406,-0.10893725,-0.13023278,-0.13691942,-0.13034375,-0.23188588,-0.24781659,-0.1296162,-0.10947934,-0.24679694,-0.18279888,-0.25087595,-0.26027086,-0.28621647,-0.27511892,4.531773,-0.13028035,-0.040142577,9.1923,-0.12978378,-0.11274739,4.108943,-0.10938844,-0.13033113,-0.1331505,-0.13315399,-0.1331545,1.3392353,-0.13031696,-0.10939088,5.6591654,4.048543,3.6530235,-0.13032144,5.7620454,3.0798426,-0.10946253,-0.18691605,-0.14998752,-0.13033867,-0.13313746,-0.13314623,-0.13309422,-0.120334074,-0.13700745,-0.08858878,-0.13033405,-0.19008024,-0.13034275,-0.2004665,-0.11139822,1.6983503,-0.13027036,-0.1074974,-0.15152657,-0.13026771,-0.13290772,-0.10065024,-0.08152827,-0.09427856,-0.13030618,-0.11960925,-0.15027548,-0.16982608,-0.1185138,-0.13031925,-0.13314924,-0.17738779,-0.15176103,-0.13034496,-0.25953975,-0.17989698,-0.13525523,-0.13034278,-0.15095688,-0.17780018,-0.2009549,-0.13032667,-0.09015879,-0.13011461,-0.12151222,-0.121854745,6.2309422,6.795431,2.6277084,-0.16057305,-0.13028732,-0.07092635,-0.12985677,-0.13255301,2.7247984,-0.13014479,-0.10937894,-0.12334781,-0.14100276,-0.13031133,-0.114095174,-0.25318068,-0.26654312,-0.1087881,-0.10945694,-0.13030446,-0.09238048,-0.20963459,-0.13034296,-0.13308886,-0.10899606,-0.13028768,-0.16015086,-0.1553517,-0.13034634,-0.19704957,-0.20616047,-0.10857631,-0.10460003,-0.11361031,-0.10256614,-0.13034058,-0.19495486,-0.13032168,-0.10893613,-0.13022187,-0.041086134,-0.12967405,-0.13034537,-0.2300741,-0.13032877,-0.10384405,-0.12924492,-0.0784167,-0.13023576,-0.12766197,-0.13025096,-0.121451,-0.075820275,-0.09192432,-0.101488546,-0.13013938,-0.13308099,5.6675105,-0.13022435,-0.1410757,-0.13984437,-0.18093297,-0.13034728,6.866129,-0.12844054,-0.13027707,-0.13462572,-0.119081676,-0.13032465,-0.13315088,-0.13315216,-0.133153,-0.19755594,-0.25103784,-0.20219928,3.3806868,6.456015,8.195113,7.060924,-0.13033567,-0.109152064,-0.11956477,-0.13033202,-0.13314807,-0.20931396,-0.18224281,-0.13032514,3.073147,-0.13034582,-0.13315505,-0.1331542,-0.13315392,4.783926,-0.13032469,-0.114121355,-0.13032699,-0.13314337,-0.13314824,-0.22984435,-0.13034102,-0.13313474,-0.08963354,-0.13026327,-0.13311753,-0.13313104,-0.13313206,-0.13302092,-0.1051107,-0.14014931,-0.15141064,-0.15839578,-0.15615125,-0.14613561,-0.13033822,-0.12319561,-0.10944116,-0.13031085,-0.1331549,-0.13315454,-0.13315454,-0.13315493,2.962886,-0.11451449,-0.13031651,-0.15564899,-0.14443555,-0.16636807,-0.13034227,-0.13309586,-0.12993515,-0.047159404,-0.12583067,-0.14016809,-0.14106366,-0.13023254,-0.19987361,-0.1649412,-0.17166539,-0.13032542,-0.13312282,-0.12722544,2.2413714,3.1716762,-0.1092855,-0.13024935,-0.09132757,-0.12832497,-0.13684332,-0.16221203,-0.15659244,-0.10883325,-0.13015029,-0.13308318,-0.13312027,-0.13314582,-0.15740095,-0.19795567,-0.15106063,-0.07294749,-0.2039893,-0.13031706,-0.13311914,-0.104459345,-0.13004936,-0.17466888,-0.13176009,-0.13032258,-0.15109587,-0.10913184,-0.13019757,-0.05825615,-0.14326635,-0.17082691,-0.13027617,2.4959059,-0.13034669,-0.31316653,-0.13033925,-0.16808087,-0.14331596,-0.13034084,-0.13315229,-0.25088155,-0.13034695,-0.22115314,-0.07562123,-0.086852394,-0.10702289,-0.060967896,-0.12527353,-0.16796505,-0.15746465,-0.22133875,-0.12812386,-0.0969081,-0.16398169,-0.12716047,-0.11335766,2.5553367,-0.10943551,-0.17755464,-0.0994983,-0.115196005,-0.13027702,-0.11662802,3.7377656,-0.14526704,-0.12781724,-0.096878245,-0.13027701,-0.13300405,-0.12434345,-0.11230643,-0.063823454,-0.13022354,-0.11419349,-0.10007019,-0.24483351,-0.13034737,-0.13314591,-0.16344379,-0.1759062,-0.12524253,-0.13033618,-0.0782174,3.36071,-0.18185812,-0.09859173,-0.11065883,-0.13008799,-0.13290793,-0.083404,-0.1213824,-0.13072303,-0.13855581,-0.19385117,-0.13031901,-0.13314989,-0.19487974,4.217033,3.7743938,-0.109182194,-0.13019076,-0.13312806,-0.14520228,-0.2961179,-0.1303468,-0.19813283,-0.109360814,-0.13029799,-0.060104962,4.024761,-0.13034543,-0.2028091,1.5344285,-0.11816878,-0.14795661,-0.10060286,-0.1302267,-0.13614628,-0.20725825,-0.17393659,-0.125103,-0.15657571,-0.15690626,-0.13034438,-0.13315174,3.0366292,-0.22200036,-0.10949091,-0.2814266,-0.13034767,-0.1915083,-0.24371436,-0.16952515,-0.13028082,-0.13369927,-0.12557748,-0.13034198,-0.18106565,-0.13034749,4.5349255,-0.13030419,-0.30462334,-0.13026245,-0.14691104,-0.13029914,-0.13033757,-0.13314232,-0.18915205,-0.109429866,-0.13034141,-0.10481856,-0.1650517,-0.13033974,-0.1331533,-0.13313079,-0.10910914,-0.130267,-0.13312736,-0.13312039,-0.13312927,-0.13313548,-0.16505513,-0.17392421,-0.13033628,-0.13314779,-0.13314006,-0.1331482,-0.2025511,-0.15354379,-0.14723541,-0.12957586,-0.11499533,-0.10471026,-0.11893196,-0.13033906,-0.13309363,-0.10939872,-0.19501048,-0.13034505,-0.18738703,-0.11705899,-0.17429145,-0.13033758,-0.06652963,-0.13015097,-0.10737923,-0.124497145,2.8160992,-0.052188452,-0.26007295
k__Bacteria|p__Firmicutes|c__Clostridia|o__Eubacteriales|f__Lachnospiraceae|g__Blautia|s__Blautia_hansenii,-0.1004395,-0.12316422,-0.12966526,-0.13249063,-0.13249072,6.585498,7.8687134,-0.16813041,-0.10929718,-0.22895765,-0.23728925,-0.12966684,-0.22850217,4.042147,-0.08556121,-0.12951592,-0.058144663,-0.12946968,-0.13246939,4.8410707,0.8645719,-0.10861614,-0.12965474,-0.12711628,-0.20043859,-0.11658599,-0.182019,-0.25032333,-0.1509206,-0.12965722,-0.15142563,-0.10844302,-0.18249588,-0.28454733,-0.12966365,-0.10867962,-0.12966603,-0.22338755,-0.12966698,6.591395,-0.12966701,5.87972,-0.10844255,-0.12961999,-0.13691942,-0.12966505,-0.23188588,-0.24781659,-0.1296162,-0.10868205,-0.24679694,-0.18279888,2.4621518,3.2079022,3.0172753,-0.27511892,-0.11894142,-0.12963653,-0.040142577,-0.056944285,-0.1294249,-0.11274739,3.5984018,-0.108643174,-0.12965986,-0.13248907,-0.13249066,-0.13249087,-0.27573854,-0.12965563,-0.108644694,-0.16243835,-0.12334165,-0.14074792,-0.12965514,-0.15887658,-0.14481027,-0.10867503,-0.18691605,-0.14998752,-0.12966275,-0.1324833,-0.13248739,-0.13247478,-0.120334074,-0.13700745,-0.08858878,-0.1296607,-0.19008024,-0.12966461,5.6778865,-0.11139822,-0.1388583,-0.13027036,-0.1074974,-0.15152657,-0.1296308,-0.1324164,-0.10065024,-0.08152827,-0.09427856,-0.12964825,-0.11960925,1.343867,6.481771,-0.1185138,-0.12965488,-0.13248858,-0.17738779,-0.15176103,-0.12966567,-0.25953975,-0.17989698,-0.13525523,-0.12966466,-0.15095688,-0.17780018,-0.2009549,-0.12966096,-0.09015879,-0.1295597,-0.12151222,-0.121854745,-0.13997786,-0.21433522,-0.13908121,6.210105,-0.1296395,-0.07092635,-0.12944603,-0.13224497,-0.18733518,-0.1295911,-0.108637735,-0.12334781,-0.14100276,-0.12965049,-0.114095174,-0.25318068,-0.26654312,-0.10834789,-0.10945694,-0.12964728,-0.09238048,-0.20963459,-0.12966469,-0.13247266,-0.10846037,-0.12964056,-0.16015086,-0.1553517,-0.12966624,3.7941604,4.2567177,-0.108230636,-0.10460003,-0.11361031,-0.10256614,-0.12966356,-0.19495486,-0.12965849,-0.10842887,-0.12960964,-0.041086134,-0.12967405,-0.12966591,-0.2300741,-0.12966159,-0.10384405,-0.12915395,-0.0784167,-0.12961659,-0.12766197,-0.12962319,-0.121451,-0.075820275,-0.09192432,-0.101488546,-0.12957254,-0.13245726,-0.12378413,-0.12962654,-0.1410757,-0.13984437,-0.18093297,-0.12966663,-0.25777104,2.317302,-0.12964329,-0.13462572,-0.119081676,-0.12965609,-0.13248926,-0.13248983,-0.13249019,-0.19755594,-0.25103784,-0.20219928,-0.19465852,-0.24831252,-0.20506537,-0.22091979,-0.12966256,-0.10854063,-0.11956477,-0.12965974,-0.13248812,-0.20931396,-0.18224281,-0.12965876,-0.32474133,-0.12966597,-0.13249111,-0.13249072,-0.13249059,5.4972334,-0.12965846,9.084918,-0.12965813,-0.13248655,-0.13248819,7.27145,-0.12966374,-0.13248366,-0.08963354,-0.12962952,-0.1324737,-0.13248083,-0.13248041,4.715774,-0.1051107,-0.14014931,-0.15141064,-0.15839578,-0.15615125,-0.14613561,-0.12966241,-0.12319561,-0.10866609,-0.12965143,-0.13249105,-0.1324909,-0.13249089,-0.13249105,4.073795,-0.11451449,-0.12965316,-0.15564899,-0.14443555,-0.16636807,-0.12966454,-0.13247076,7.260608,-0.047159404,-0.12779778,8.49023,7.5500407,-0.12961642,7.9474416,-0.1649412,-0.17166539,-0.12965682,-0.13247594,-0.12722544,7.4337306,7.7669296,-0.10859385,-0.12962222,-0.09132757,-0.12832497,-0.13684332,-0.16221203,-0.15659244,-0.108347476,-0.12957975,-0.1324588,-0.13247544,-0.132487,-0.15740095,-0.19795567,-0.15106063,-0.07294749,-0.2039893,-0.12965375,-0.13247418,3.5686593,-0.12956764,-0.17466888,5.288793,-0.12965512,-0.15109587,-0.10913184,-0.129599,-0.05825615,-0.14326635,-0.17082691,-0.1296357,6.5410624,-0.12966639,8.236096,-0.1296637,-0.16808087,-0.14331596,-0.1296638,-0.13248998,1.2103099,-0.12966654,5.661412,-0.07562123,-0.086852394,-0.10702289,-0.060967896,-0.12755013,-0.16796505,-0.15746465,-0.22133875,-0.12812386,-0.0969081,-0.16398169,-0.12716047,-0.11335766,-0.18846886,-0.10866385,7.695978,3.3835485,6.882277,-0.12963578,7.16872,5.051814,-0.14526704,-0.12781724,-0.096878245,-0.12963396,-0.13242307,-0.12434345,-0.11230643,-0.063823454,-0.12961048,-0.11419349,-0.10007019,-0.24483351,-0.12966666,-0.13248882,-0.16344379,-0.1759062,-0.12524253,-0.12966159,-0.0782174,-0.19187105,-0.18185812,-0.09859173,-0.11065883,-0.12954873,-0.13238016,-0.083404,-0.1213824,-0.13072303,-0.13855581,-0.19385117,-0.12965477,-0.13248885,-0.19487974,-0.23847799,6.5617948,-0.1085383,-0.1295964,-0.13247949,-0.14520228,4.927719,-0.1296664,-0.19813283,-0.10863067,-0.12964538,-0.060104962,-0.15931924,-0.12966591,-0.2028091,4.528953,-0.11816878,-0.14795661,-0.10060286,-0.12961498,1.0666018,5.2685165,7.2900605,-0.125103,-0.15657571,-0.15690626,-0.1296654,-0.13248965,-0.16221246,-0.22200036,-0.10868714,-0.2814266,-0.12966682,3.407223,3.1272552,-0.16952515,-0.12964776,4.908528,6.710014,-0.12966439,3.5284467,-0.12966672,4.33006,-0.12965268,-0.30462334,-0.1296309,-0.14691104,-0.13029914,-0.12966236,-0.13248536,-0.18915205,-0.10866143,-0.12966406,3.642695,-0.1650517,-0.1296635,-0.13249035,-0.1324851,-0.10850436,-0.1296303,-0.13247943,-0.13247588,-0.13248011,-0.13248226,-0.16505513,-0.17392421,-0.12966195,-0.13248783,-0.13248457,-0.13248801,-0.2025511,-0.15354379,-0.14723541,-0.12934911,-0.11499533,-0.10471026,-0.11893196,-0.12966302,-0.13247243,-0.108644634,-0.19501048,-0.12966575,-0.18738703,-0.11705899,-0.17429145,-0.12966502,-0.06652963,-0.12957665,-0.10737923,-0.124497145,-0.15298569,-0.052188452,-0.26007295
k__Bacteria|p__Firmicutes|c__Bacilli|o__Lactobacillales|f__Streptococcaceae|g__Streptococcus|s__Streptococcus_lutetiensis,-0.1004395,-0.12316422,-0.12812988,-0.1309024,-0.13090256,-0.23867357,-0.1666669,-0.16813041,-0.10929718,-0.22895765,7.243754,-0.12813315,4.9812727,3.647539,-0.08556121,-0.1278677,-0.058144663,-0.12778276,-0.13086057,4.2034717,-0.1978925,-0.107412174,-0.12810957,-0.12711628,-0.20043859,-0.11658599,-0.182019,-0.25032333,8.245132,-0.1281125,8.580953,9.293956,-0.18249588,-0.28454733,-0.12812391,-0.107538834,-0.12813154,7.523002,-0.12813339,5.896846,-0.12813343,6.530332,-0.10707457,-0.12803239,-0.13691942,-0.12812974,8.128308,6.979126,4.9850383,-0.10754268,1.672536,-0.18279888,-0.25087595,3.3028283,5.747722,-0.27511892,-0.11894142,-0.12807527,-0.040142577,-0.056944285,-0.12764126,-0.11274739,-0.13743341,-0.10746327,-0.12811854,-0.13089944,-0.13090241,-0.13090286,-0.27573854,-0.12810564,-0.10746613,-0.16243835,-0.12334165,-0.14074792,-0.12811056,6.454395,-0.14481027,-0.107528806,-0.18691605,-0.14998752,-0.12812534,-0.13088816,-0.13089558,-0.13084961,-0.120334074,-0.13700745,-0.08858878,-0.12812138,-0.19008024,-0.12812886,-0.2004665,-0.11139822,-0.1388583,-0.13027036,-0.1074974,-0.15152657,-0.12806459,-0.1306917,-0.10065024,-0.08152827,-0.09427856,-0.12809767,-0.11960925,-0.15027548,-0.16982608,-0.1185138,-0.1281083,-0.13089834,8.770685,-0.15176103,-0.12813072,-0.25953975,8.223671,4.551463,-0.12812889,-0.15095688,-0.17780018,6.6059127,-0.12811396,-0.09015879,-0.12793507,-0.12151222,-0.121854745,-0.13997786,-0.21433522,-0.13908121,-0.16057305,-0.12808156,-0.07092635,-0.12771344,-0.13037008,-0.18733518,-0.12795168,-0.10745315,-0.12334781,-0.14100276,-0.12810192,-0.114095174,-0.25318068,-0.26654312,-0.10693878,-0.10945694,-0.12809613,-0.09238048,-0.20963459,-0.12812904,-0.13084343,-0.107115984,-0.12808129,7.4035754,-0.1553517,-0.12813193,7.299049,7.909914,-0.10674523,-0.10460003,-0.11361031,-0.10256614,-0.12812705,-0.19495486,-0.12811038,-0.10705279,-0.1280265,-0.041086134,-0.12967405,-0.12813102,-0.2300741,-0.12811634,-0.10384405,-0.1271955,-0.0784167,-0.1280368,6.6061516,-0.12805018,7.6969295,-0.075820275,-0.09192432,-0.101488546,-0.12795451,-0.13084029,-0.12378413,-0.1280281,-0.1410757,-0.13984437,-0.18093297,-0.12813273,-0.25777104,-0.12844054,-0.12807117,-0.13462572,-0.119081676,-0.12811357,-0.13089973,-0.13090083,-0.13090158,-0.19755594,-0.25103784,-0.20219928,-0.19465852,-0.24831252,-0.20506537,-0.22091979,-0.12812242,-0.107252285,-0.11956477,-0.12811972,-0.13089727,6.997304,7.695865,-0.12811303,5.756508,-0.12813148,-0.13090332,-0.1309026,-0.13090236,7.0341253,-0.1281127,-0.114121355,-0.12811488,-0.13089287,-0.13089746,-0.22984435,-0.1281274,-0.13088495,-0.08963354,-0.12806013,-0.1308715,-0.13088235,-0.1308839,-0.13302092,-0.1051107,-0.14014931,-0.15141064,-0.15839578,-0.15615125,-0.14613561,-0.1281251,-0.12319561,-0.10750948,-0.12810063,-0.13090318,-0.13090289,-0.13090289,-0.13090321,-0.38518023,-0.11451449,-0.12810612,-0.15564899,-0.14443555,-0.16636807,-0.12812832,-0.13084999,-0.12993515,-0.047159404,-0.12415043,-0.14016809,-0.14106366,-0.12803334,-0.19987361,6.285598,4.088127,-0.12811401,-0.13087618,-0.12722544,-0.14610182,-0.2588673,-0.10737713,-0.12804915,-0.09132757,-0.12832497,-0.13684332,-0.16221203,-0.15659244,-0.106959105,-0.12796232,-0.13084169,-0.13087364,-0.13089544,6.652314,6.118324,6.3152313,6.7328925,8.947403,-0.12810634,-0.13087302,-0.104459345,-0.12786853,6.355893,6.813767,-0.1281119,5.4929757,7.5097604,-0.12800409,-0.05825615,-0.14326635,-0.17082691,-0.12807103,-0.18883844,-0.1281322,-0.31316653,-0.12812546,-0.16808087,-0.14331596,-0.12812719,-0.13090089,-0.25088155,-0.12813243,-0.22115314,-0.07562123,-0.086852394,-0.10702289,-0.060967896,-0.12366424,-0.16796505,-0.15746465,-0.22133875,-0.12812386,-0.0969081,-0.16398169,-0.12716047,-0.11335766,-0.18846886,-0.10750491,6.4811482,6.8432527,6.035903,-0.12807208,-0.11662802,-0.19749595,8.211759,7.531426,6.0232053,-0.12807326,-0.13077402,9.272442,-0.11230643,-0.063823454,-0.12802689,-0.11419349,-0.10007019,-0.24483351,-0.12813279,-0.13089514,-0.16344379,-0.1759062,-0.12524253,-0.12812325,-0.0782174,-0.19187105,-0.18185812,-0.09859173,-0.11065883,-0.12791157,-0.13069184,-0.083404,-0.1213824,-0.13072303,-0.13855581,-0.19385117,-0.12810794,-0.1308989,-0.19487974,-0.23847799,6.1820226,-0.10727887,-0.12799832,-0.13087991,-0.14520228,-0.2961179,-0.12813231,-0.19813283,-0.10744049,-0.12808993,-0.060104962,-0.15931924,-0.12813109,-0.2028091,-0.2868003,-0.11816878,-0.14795661,-0.10060286,-0.12802793,6.4551935,5.8962245,-0.17393659,-0.125103,-0.15657571,5.478605,-0.1281302,-0.1309005,6.911348,-0.22200036,-0.1075526,5.2836704,-0.12813306,7.3761873,4.621171,4.5015645,-0.12807359,-0.13369927,-0.12557748,-0.12812811,-0.18106565,-0.1281329,-0.18642783,-0.12809405,-0.30462334,-0.12805825,-0.14691104,-0.13029914,-0.12812436,-0.13089244,-0.18915205,-0.10750094,-0.1281277,-0.10481856,-0.1650517,-0.12812608,-0.13090181,-0.13088156,-0.107211515,-0.12806422,-0.13087907,-0.13087331,-0.13088079,-0.13088655,-0.16505513,-0.17392421,-0.12812312,-0.1308971,-0.13089035,-0.13089746,-0.2025511,7.902094,6.245827,-0.12745035,-0.11499533,-0.10471026,-0.11893196,-0.12812564,-0.1308487,-0.107475296,-0.19501048,-0.12813073,-0.18738703,-0.11705899,-0.17429145,-0.12812419,-0.06652963,-0.12796661,-0.10737923,-0.124497145,1.7566892,-0.052188452,2.7817504
k__Bacteria|p__Firmicutes|c__Clostridia|o__Eubacteriales|f__Lachnospiraceae|g__Anaerostipes|s__Anaerostipes_caccae,-0.1004395,-0.12316422,-0.12554628,-0.1282151,-0.1282154,2.9897773,4.847532,3.9832447,-0.10929718,4.588547,4.041615,-0.1255513,2.097601,2.880175,-0.08556121,-0.12513335,-0.058144663,-0.12499307,-0.12815036,3.858072,1.787254,-0.10553396,-0.12551443,3.0099595,5.8424215,-0.11658599,4.21281,3.2072966,-0.1509206,-0.12551954,-0.15142563,-0.10844302,-0.18249588,-0.28454733,-0.12553744,-0.105725944,-0.12554878,3.5289168,-0.12555167,2.3321402,-0.12555175,-0.29356226,-0.10502821,-0.12539744,-0.13691942,-0.12554592,3.8045871,-0.24781659,-0.1296162,-0.10573205,-0.24679694,-0.18279888,-0.25087595,-0.26027086,-0.28621647,-0.27511892,-0.11894142,-0.12546124,-0.040142577,-0.056944285,-0.1247952,-0.11274739,2.9285452,-0.105615094,-0.12552902,-0.12821048,-0.12821516,-0.12821583,3.9443803,-0.12551065,-0.105616204,4.957887,2.999377,4.5202413,-0.12551603,4.916298,6.2600064,-0.10571006,-0.18691605,-0.14998752,-0.12553912,-0.12819302,-0.12820476,-0.12813625,-0.120334074,-0.13700745,-0.08858878,-0.12553293,-0.19008024,-0.12554458,3.610454,-0.11139822,2.0801368,-0.13027036,-0.1074974,-0.15152657,-0.12544422,-0.12790167,-0.10065024,-0.08152827,-0.09427856,-0.1254957,-0.11960925,-0.15027548,-0.16982608,-0.1185138,-0.1255131,-0.12820882,-0.17738779,-0.15176103,-0.12554754,-0.25953975,-0.17989698,-0.13525523,-0.12554462,1.9490948,2.8622658,2.6607146,-0.12552337,-0.09015879,-0.12523961,0.85285515,-0.121854745,3.2521734,6.1333995,1.6198608,-0.16057305,-0.12547046,-0.07092635,-0.12489547,-0.12740934,5.626582,-0.12527956,-0.10560641,-0.12334781,-0.14100276,-0.12550251,-0.114095174,-0.25318068,-0.26654312,-0.10485219,-0.10945694,-0.12549332,-0.09238048,-0.20963459,-0.12554488,-0.12812784,-0.10511475,-0.125471,-0.16015086,1.7943468,-0.12554938,-0.19704957,-0.20616047,-0.10456284,-0.10460003,1.7409176,-0.10256614,-0.12554167,-0.19495486,-0.1255167,-0.105048075,-0.12538302,-0.041086134,-0.12967405,-0.12554808,-0.2300741,-0.12552597,-0.10384405,-0.124085784,-0.0784167,-0.12540177,-0.12766197,-0.12542193,-0.121451,-0.075820275,-0.09192432,-0.101488546,-0.12527347,-0.12811759,-0.12378413,-0.1253892,-0.1410757,-0.13984437,-0.18093297,-0.12555063,-0.25777104,-0.12844054,-0.1254574,-0.13462572,-0.119081676,-0.12552038,-0.12821099,-0.12821269,-0.12821382,6.175254,-0.25103784,-0.20219928,-0.19465852,-0.24831252,-0.20506537,-0.22091979,-0.12553512,-0.10532005,-0.11956477,-0.12553018,-0.1282072,-0.20931396,-0.18224281,-0.12552117,-0.32474133,-0.1255487,-0.12821656,-0.12821543,-0.12821504,3.9834113,-0.12552053,-0.114121355,-0.12552345,-0.12820092,-0.12820746,4.9949183,-0.12554225,-0.12818974,-0.08963354,-0.12543839,-0.12816635,-0.12818441,-0.12818581,-0.13302092,-0.1051107,-0.14014931,-0.15141064,-0.15839578,-0.15615125,-0.14613561,-0.12553853,2.0307102,-0.105681725,-0.12550178,-0.12821636,-0.12821588,-0.1282159,-0.12821642,-0.38518023,-0.11451449,-0.12550941,-0.15564899,-0.14443555,-0.16636807,-0.12554392,-0.12813717,2.1251864,-0.047159404,-0.11949341,3.1906493,4.6187034,-0.12539685,5.856859,-0.1649412,-0.17166539,-0.12552136,-0.12817344,-0.12722544,-0.14610182,6.5179315,-0.1054851,-0.12542,-0.09132757,-0.12832497,-0.13684332,-0.16221203,-0.15659244,-0.104914784,-0.1252878,-0.12812048,-0.12817001,-0.12820423,-0.15740095,-0.19795567,-0.15106063,-0.07294749,-0.2039893,-0.12551017,-0.12816861,1.0117595,-0.12518355,-0.17466888,-0.13176009,-0.12551758,-0.15109587,-0.10913184,-0.12535179,-0.05825615,-0.14326635,4.5897923,-0.12545538,-0.18883844,-0.12554982,0.5923692,-0.12553987,-0.16808087,-0.14331596,-0.12554201,-0.12821287,2.3432841,-0.12555021,-0.22115314,3.707022,5.1922503,6.3170924,-0.060967896,-0.11874662,3.9096684,2.9699879,-0.22133875,-0.12812386,-0.0969081,-0.16398169,-0.12716047,-0.11335766,-0.18846886,-0.10567498,-0.17755464,-0.0994983,2.1720686,-0.12545662,3.2659247,3.8196115,-0.14526704,-0.12781724,-0.096878245,-0.12545675,-0.12801498,-0.12434345,-0.11230643,-0.063823454,-0.12538569,-0.11419349,-0.10007019,-0.24483351,-0.12555075,-0.12820433,-0.16344379,-0.1759062,-0.12524253,-0.12553577,-0.0782174,-0.19187105,-0.18185812,-0.09859173,-0.11065883,-0.12520394,-0.12788618,-0.083404,-0.1213824,-0.13072303,-0.13855581,-0.19385117,-0.12551276,-0.12820968,4.154997,4.275894,4.04888,-0.105342865,-0.12534148,-0.12818041,-0.14520228,-0.2961179,-0.12555,-0.19813283,-0.10557979,-0.12548478,3.2574208,-0.15931924,-0.12554818,-0.2028091,-0.2868003,-0.11816878,-0.14795661,-0.10060286,-0.12538934,-0.13614628,-0.20725825,-0.17393659,-0.125103,-0.15657571,-0.15690626,-0.12554675,-0.12821215,1.1908014,-0.22200036,-0.10574744,-0.2814266,-0.12555116,-0.1915083,2.392834,4.127539,-0.12546267,-0.13369927,-0.12557748,-0.12554355,-0.18106565,-0.1255509,-0.18642783,-0.12549317,0.52814305,-0.1254369,-0.14691104,-0.13029914,-0.12553766,-0.12819955,1.5657578,-0.10566707,-0.12554277,-0.10481856,-0.1650517,-0.12554052,-0.12821423,-0.12818427,-0.105259076,-0.12544332,-0.12817952,-0.12817022,-0.12818202,-0.12819046,-0.16505513,-0.17392421,-0.12553592,-0.12820686,-0.12819651,-0.12820739,-0.2025511,2.3137379,-0.14723541,-0.12451601,-0.11499533,-0.10471026,-0.11893196,-0.12553963,-0.12813461,-0.105626345,-0.19501048,-0.12554765,-0.18738703,-0.11705899,-0.17429145,-0.12553771,-0.06652963,-0.12528901,-0.10737923,-0.124497145,3.5469851,-0.052188452,5.5244455
k__Bacteria|p__Firmicutes|c__Clostridia|o__Eubacteriales|f__Lachnospiraceae|g__Tyzzerella|s__Tyzzerella_nexilis,-0.1004395,-0.12316422,-0.1287668,-0.13155389,-0.13155389,2.2044044,2.047381,-0.16813041,-0.10929718,-0.22895765,-0.23728925,-0.12876618,-0.22850217,-0.3768707,-0.08556121,-0.12877022,-0.058144663,-0.12883385,-0.13155997,2.6608443,-0.1978925,-0.10806231,-0.12877026,-0.12711628,7.3130693,6.311702,7.2419477,5.570742,-0.1509206,-0.12877055,-0.15142563,-0.10844302,-0.18249588,5.551729,-0.12876731,-0.108060524,-0.12876654,-0.22338755,-0.12876615,4.6412168,-0.12876613,5.1822786,-0.10808198,-0.12878525,-0.13691942,-0.12876686,-0.23188588,-0.24781659,-0.1296162,-0.10806246,-0.24679694,-0.18279888,-0.25087595,-0.26027086,-0.28621647,-0.27511892,-0.11894142,-0.12877452,-0.040142577,-0.056944285,-0.12888774,4.622844,2.6654775,-0.108062916,-0.12876919,-0.13155453,-0.13155393,-0.1315538,4.0724883,-0.12876318,-0.10806507,-0.16243835,-0.12334165,-0.14074792,-0.12877154,-0.15887658,-0.14481027,-0.10806177,-0.18691605,-0.14998752,-0.12876755,-0.13155687,-0.13155526,-0.13154945,-0.120334074,-0.13700745,-0.08858878,-0.12876855,1.7335726,-0.12876713,4.001626,6.33965,-0.1388583,-0.13027036,-0.1074974,-0.15152657,-0.12878135,-0.13149214,-0.10065024,-0.08152827,-0.09427856,-0.12877259,-0.11960925,5.22983,5.8934736,-0.1185138,-0.1287702,-0.13155481,-0.17738779,-0.15176103,-0.12876673,6.4617624,-0.17989698,-0.13525523,-0.12876713,-0.15095688,-0.17780018,-0.2009549,-0.12876627,-0.09015879,-0.12880553,-0.12151222,-0.121854745,-0.13997786,-0.21433522,6.4441195,-0.16057305,-0.12877563,-0.07092635,-0.12883043,-0.13168344,5.289442,-0.12879854,-0.10804425,-0.12334781,-0.14100276,-0.1287725,-0.114095174,-0.25318068,-0.26654312,-0.10801704,-0.10945694,-0.12877363,3.291565,5.166309,-0.12876709,-0.13155407,-0.10803853,-0.1287722,-0.16015086,-0.1553517,-0.12876642,3.5997756,1.773633,-0.10794914,-0.10460003,-0.11361031,-0.10256614,-0.12876758,-0.19495486,-0.12876777,-0.108005285,-0.12878628,-0.041086134,-0.12967405,-0.1287667,-0.2300741,-0.1287668,-0.10384405,-0.12884402,-0.0784167,-0.12877488,-0.12766197,-0.1287818,-0.121451,-0.075820275,-0.09192432,-0.101488546,-0.12879652,-0.13156572,-0.12378413,-0.1287339,-0.1410757,-0.13984437,-0.18093297,-0.1287663,-0.25777104,-0.12844054,-0.12875682,-0.13462572,-0.119081676,-0.12876979,-0.13155423,-0.13155416,-0.13155396,-0.19755594,-0.25103784,-0.20219928,-0.19465852,-0.24831252,5.501578,5.5657916,-0.12876722,-0.10804587,-0.11956477,-0.12876889,-0.1315551,-0.20931396,-0.18224281,-0.12876534,7.436488,-0.12876657,-0.13155372,-0.13155389,-0.13155389,5.283823,-0.12875831,-0.114121355,-0.12876877,-0.13155606,-0.13155457,-0.22984435,-0.12876733,-0.13154209,-0.08963354,-0.12877554,-0.13155976,-0.13155824,-0.13155782,-0.13302092,-0.1051107,-0.14014931,-0.15141064,-0.15839578,-0.15615125,5.0547457,-0.12876788,2.8132775,-0.1080667,-0.1287744,-0.13155374,-0.13155383,-0.13155383,-0.13155372,1.2407084,-0.11451449,-0.12877241,-0.15564899,-0.14443555,-0.16636807,-0.12876739,-0.13156185,-0.12993515,-0.047159404,-0.12976769,-0.14016809,-0.14106366,-0.12879042,7.0109806,-0.1649412,-0.17166539,-0.12877053,-0.13155973,-0.12722544,-0.14610182,6.9872622,-0.10805412,-0.12878022,-0.09132757,-0.12832497,-0.13684332,-0.16221203,-0.15659244,-0.107895955,-0.12877944,-0.13156438,-0.13155934,-0.13155517,-0.15740095,4.035508,-0.15106063,-0.07294749,-0.2039893,-0.12877214,-0.1315583,-0.104459345,-0.12855273,-0.17466888,-0.13176009,-0.12877086,-0.15109587,-0.10913184,-0.12877573,-0.05825615,-0.14326635,-0.17082691,-0.1287801,-0.18883844,-0.12876642,-0.31316653,-0.12876752,-0.16808087,-0.14331596,-0.12876749,-0.13155417,-0.25088155,-0.12876634,1.3614202,-0.07562123,-0.086852394,-0.10702289,-0.060967896,-0.12989259,-0.16796505,-0.15746465,-0.22133875,-0.12812386,-0.0969081,-0.16398169,-0.12716047,-0.11335766,4.7606263,-0.108064175,2.7706995,-0.0994983,0.9669479,-0.12877914,2.4955049,-0.19749595,-0.14526704,-0.12781724,-0.096878245,-0.12877639,-0.13157645,-0.12434345,4.401599,-0.063823454,-0.1287798,-0.11419349,-0.10007019,-0.24483351,-0.1287663,-0.13155401,-0.16344379,-0.1759062,-0.12524253,-0.12876844,-0.0782174,-0.19187105,-0.18185812,-0.09859173,-0.11065883,-0.12881243,-0.13159668,-0.083404,-0.1213824,-0.13072303,-0.13855581,-0.19385117,-0.12877169,-0.13155454,5.1988754,5.2081265,5.270759,-0.10805569,-0.12879178,-0.13155863,-0.14520228,-0.2961179,-0.12876642,5.0358353,-0.108053684,-0.12877393,-0.060104962,-0.15931924,-0.12876664,-0.2028091,-0.2868003,-0.11816878,-0.14795661,-0.10060286,-0.12878796,-0.13614628,-0.20725825,5.621737,-0.125103,2.169539,-0.15690626,-0.12876678,-0.13155426,0.8171463,-0.22200036,-0.10806088,-0.2814266,-0.12876622,-0.1915083,7.0287266,6.5249596,-0.12875715,-0.13369927,-0.12557748,-0.12876725,-0.18106565,-0.12876624,-0.18642783,-0.12876695,6.5039573,-0.12878472,-0.14691104,-0.13029914,-0.12876815,-0.13155589,7.119533,-0.108062685,-0.1287672,-0.10481856,-0.1650517,-0.12876791,-0.13155405,-0.13155296,-0.10802334,-0.12878036,-0.13155887,-0.13155897,-0.13155812,-0.13155484,-0.16505513,-0.17392421,-0.12876834,-0.13155511,-0.1315567,-0.13155489,-0.2025511,2.7349105,-0.14723541,-0.12893903,-0.11499533,-0.10471026,-0.11893196,-0.12876779,-0.1315529,-0.10806576,-0.19501048,-0.12876672,-0.18738703,-0.11705899,-0.17429145,-0.12876418,-0.06652963,-0.12878883,2.98629,3.9646385,5.1357727,-0.052188452,5.958007
k__Bacteria|p__Firmicutes|c__Clostridia|o__Eubacteriales|f__Peptostreptococcaceae|g__Clostridioides|s__Clostridioides_difficile,-0.1004395,-0.12316422,-0.12512289,-0.12782164,-0.12782186,-0.23867357,-0.1666669,-0.16813041,-0.10929718,2.8836124,1.9134501,-0.12512636,-0.22850217,1.3997555,-0.08556121,-0.124839395,-0.058144663,-0.12473899,-0.12777674,-0.19931981,-0.1978925,-0.10494819,-0.12510073,-0.12711628,-0.20043859,-0.11658599,1.022082,-0.25032333,-0.1509206,-0.12510426,-0.15142563,-0.10844302,-0.18249588,1.1990736,-0.12511668,-0.105079465,-0.1251246,-0.22338755,-0.12512663,-0.29867563,-0.12512667,-0.29356226,-0.1045986,-0.12501936,-0.13691942,-0.12512262,4.4944987,3.6827576,-0.1296162,-0.10508363,-0.24679694,-0.18279888,-0.25087595,-0.26027086,-0.28621647,3.6945863,-0.11894142,-0.12506394,-0.040142577,-0.056944285,-0.124600746,-0.11274739,-0.13743341,-0.1050037,-0.1251109,-0.12781844,-0.12782168,-0.12782216,-0.27573854,-0.12509838,-0.105004,-0.16243835,-0.12334165,3.0025601,-0.12510183,3.058316,1.5654978,-0.105068475,-0.18691605,3.1513345,-0.12511793,-0.1278063,-0.12781447,-0.12776685,-0.120334074,-0.13700745,-0.08858878,-0.1251136,-0.19008024,-0.12512168,-0.2004665,-0.11139822,-0.1388583,-0.13027036,-0.1074974,-0.15152657,-0.12505193,-0.12760603,2.618922,-0.08152827,-0.09427856,-0.12508774,-0.11960925,4.591899,-0.16982608,-0.1185138,-0.12509984,-0.12781727,-0.17738779,-0.15176103,-0.12512377,0.5921797,-0.17989698,-0.13525523,-0.12512173,-0.15095688,-0.17780018,1.4415866,-0.12510696,-0.09015879,-0.12490994,-0.12151222,-0.121854745,-0.13997786,-0.21433522,-0.13908121,2.8946493,-0.12507023,-0.07092635,-0.12467228,-0.12726194,2.3084383,-0.124938115,-0.10499769,-0.12334781,-0.14100276,-0.1250925,3.6785734,3.3457694,5.8771415,-0.104499504,-0.10945694,-0.12508608,-0.09238048,0.57894367,-0.12512189,-0.12776077,-0.10467377,-0.12507078,3.1857314,2.9995391,-0.12512504,-0.19704957,-0.20616047,-0.10430156,-0.10460003,-0.11361031,3.5430431,-0.12511966,1.9754303,-0.12510222,-0.1046281,-0.12500963,-0.041086134,-0.12967405,-0.12512413,-0.2300741,-0.1251086,-0.10384405,-0.1241183,-0.0784167,-0.12502298,-0.12766197,-0.12503657,-0.121451,-0.075820275,-0.09192432,2.8944194,-0.12493372,-0.12775394,-0.12378413,-0.1250145,-0.1410757,2.4207675,2.5227628,-0.1251259,-0.25777104,-0.12844054,-0.12506133,-0.13462572,-0.119081676,-0.12510489,-0.1278188,-0.12781996,-0.12782076,3.3869562,-0.25103784,-0.20219928,-0.19465852,-0.24831252,-0.20506537,-0.22091979,-0.12511513,-0.10480958,-0.11956477,-0.12511168,-0.12781617,-0.20931396,-0.18224281,-0.1251055,-0.32474133,-0.12512456,-0.12782264,-0.12782186,-0.1278216,-0.2185038,-0.12510526,4.9266267,-0.12510708,-0.12781179,-0.12781635,3.688288,-0.12512009,-0.12780432,-0.08963354,-0.12504813,-0.12778777,-0.12780032,-0.12780127,-0.13302092,-0.1051107,-0.14014931,-0.15141064,-0.15839578,-0.15615125,-0.14613561,-0.12511748,-0.12319561,-0.105048835,-0.12509194,-0.12782252,-0.12782219,-0.12782219,-0.12782255,-0.38518023,-0.11451449,-0.12509724,-0.15564899,-0.14443555,2.1655648,-0.12512124,-0.12776738,2.9261742,-0.047159404,-0.12091678,2.3815925,2.7430754,-0.12501897,3.1201134,1.1091127,2.010579,-0.12510556,-0.12779266,1.3533204,3.7899296,5.001335,-0.104918584,-0.12503529,-0.09132757,-0.12832497,-0.13684332,-0.16221203,-0.15659244,-0.104554296,-0.1249443,-0.12775597,-0.12779035,-0.12781408,-0.15740095,-0.19795567,-0.15106063,-0.07294749,-0.2039893,-0.1250978,-0.12778938,-0.104459345,-0.124878645,-0.17466888,-0.13176009,-0.1251029,-0.15109587,-0.10913184,-0.124988556,-0.05825615,4.9995813,1.915092,-0.1250597,-0.18883844,-0.12512535,3.746759,-0.12511845,-0.16808087,-0.14331596,-0.12511991,-0.1278201,2.94001,-0.12512562,-0.22115314,-0.07562123,-0.086852394,-0.10702289,-0.060967896,-0.120397165,-0.16796505,-0.15746465,-0.22133875,-0.12812386,-0.0969081,-0.16398169,-0.12716047,-0.11335766,4.4400005,-0.105044395,-0.17755464,-0.0994983,-0.115196005,-0.12506057,-0.11662802,2.436916,-0.14526704,-0.12781724,-0.096878245,-0.12506074,-0.12768278,-0.12434345,-0.11230643,-0.063823454,-0.12501167,-0.11419349,-0.10007019,-0.24483351,-0.12512597,-0.1278141,-0.16344379,-0.1759062,2.3286347,-0.12511556,-0.0782174,1.4448061,-0.18185812,-0.09859173,-0.11065883,-0.12488516,-0.12759323,-0.083404,1.763786,-0.13072303,-0.13855581,-0.19385117,-0.1250996,-0.12781787,-0.19487974,3.2120368,-0.2432746,-0.10482097,-0.12498075,-0.12779754,-0.14520228,-0.2961179,-0.12512547,0.92941713,-0.10498059,-0.1250802,-0.060104962,2.1931272,-0.12512419,3.482842,3.8516417,-0.11816878,-0.14795661,-0.10060286,-0.12501384,-0.13614628,-0.20725825,-0.17393659,-0.125103,2.8820074,-0.15690626,-0.1251232,-0.1278196,-0.16221246,-0.22200036,-0.105094284,-0.2814266,-0.12512627,-0.1915083,-0.24371436,-0.16952515,-0.12506473,-0.13369927,-0.12557748,-0.12512098,3.7132943,-0.12512611,3.0006218,-0.12508598,-0.30462334,-0.12504686,-0.14691104,-0.13029914,-0.1251169,-0.12781082,-0.18915205,-0.10503875,-0.12512045,-0.10481856,3.2529795,-0.12511888,-0.12782103,-0.12780014,-0.10477097,-0.12505135,-0.12779692,-0.12779048,-0.12779868,-0.12780458,2.2346046,-0.17392421,-0.12511568,-0.1278159,-0.1278087,-0.12781629,-0.2025511,-0.15354379,-0.14723541,-0.124406844,-0.11499533,-0.10471026,-0.11893196,-0.12511827,-0.12776566,-0.10501111,-0.19501048,-0.12512383,-0.18738703,-0.11705899,-0.17429145,-0.12511687,-0.06652963,-0.12494466,2.3749106,3.306713,1.1456537,2.8448288,-0.26007295
k__Bacteria|p__Firmicutes|c__Clostridia|o__Eubacteriales|f__Clostridiaceae|g__Clostridium|s__Clostridium_SGB6179,-0.1004395,-0.12316422,-0.12950952,-0.13220522,-0.13220541,-0.23867357,-0.1666669,-0.16813041,-0.10929718,-0.22895765,-0.23728925,-0.12951261,2.7322395,3.838884,-0.08556121,-0.12924421,-0.058144663,-0.12914652,-0.13216496,-0.19931981,2.4185228,-0.10935922,-0.12948921,-0.12711628,-0.20043859,-0.11658599,-0.182019,5.36704,-0.1509206,-0.12949322,-0.15142563,-0.10844302,0.79580873,-0.28454733,-0.12950441,-0.109487,-0.12951101,-0.22338755,-0.12951285,-0.29867563,-0.12951289,-0.29356226,-0.10901354,-0.12941955,-0.13691942,-0.12950915,2.133346,2.259678,-0.1296162,-0.10949149,5.513087,-0.18279888,3.5271459,-0.26027086,3.7874696,-0.27511892,-0.11894142,-0.12945548,-0.040142577,-0.056944285,-0.12904891,-0.11274739,-0.13743341,-0.109415114,-0.12949911,-0.13220227,-0.1322053,-0.1322057,-0.27573854,-0.12948878,-0.10941608,-0.16243835,-0.12334165,-0.14074792,-0.12949026,-0.15887658,-0.14481027,-0.10947636,3.897196,-0.14998752,-0.1295049,-0.13219135,-0.13219899,-0.13216108,-0.120334074,-0.13700745,-0.08858878,-0.12950093,2.0461788,-0.12950833,-0.2004665,-0.11139822,-0.1388583,1.319186,-0.1074974,-0.15152657,-0.12944427,-0.13202101,-0.10065024,-0.08152827,-0.09427856,-0.12947704,-0.11960925,-0.15027548,-0.16982608,-0.1185138,-0.12948927,-0.13220124,3.8631785,2.198294,-0.1295103,-0.25953975,2.4037385,-0.13525523,-0.12950835,-0.15095688,-0.17780018,-0.2009549,-0.12949729,-0.09015879,-0.12931123,-0.12151222,-0.121854745,-0.13997786,-0.21433522,-0.13908121,-0.16057305,-0.12946074,-0.07092635,-0.1290985,-0.13172814,-0.18733518,-0.12935756,-0.10940689,-0.12334781,2.0752227,-0.12948166,-0.114095174,5.245323,1.7478806,-0.10890111,-0.10945694,-0.12947546,-0.09238048,-0.20963459,-0.1295085,-0.13215756,-0.109081194,-0.1294628,-0.16015086,-0.1553517,-0.12951142,-0.19704957,-0.20616047,-0.10871072,-0.10460003,-0.11361031,-0.10256614,-0.12950638,3.01302,-0.12949175,-0.1090345,-0.12940441,-0.041086134,-0.12967405,-0.12951073,-0.2300741,-0.12949777,-0.10384405,-0.12858444,-0.0784167,-0.12941884,-0.12766197,-0.12943032,-0.121451,1.4394798,-0.09192432,-0.101488546,-0.12933545,-0.13214245,-0.12378413,-0.12941866,-0.1410757,-0.13984437,-0.18093297,-0.12951219,-0.25777104,4.815402,-0.12945686,-0.13462572,-0.119081676,-0.12949246,-0.13220263,-0.1322037,-0.13220444,-0.19755594,-0.25103784,-0.20219928,-0.19465852,-0.24831252,-0.20506537,-0.22091979,-0.12950315,-0.109219834,-0.11956477,-0.12949903,-0.13220033,-0.20931396,-0.18224281,-0.12949486,-0.32474133,-0.12951091,-0.13220613,-0.13220543,-0.13220516,-0.2185038,-0.12949477,5.5174055,-0.12949584,-0.13219708,-0.13220048,-0.22984435,-0.12950672,-0.13219087,-0.08963354,-0.12944213,-0.13217346,-0.13218641,-0.13218606,-0.13302092,-0.1051107,-0.14014931,-0.15141064,3.2434058,-0.15615125,-0.14613561,-0.1295042,-0.12319561,-0.10945912,-0.12948282,-0.13220602,-0.13220572,-0.13220572,-0.13220605,1.5628763,-0.11451449,-0.12948641,-0.15564899,-0.14443555,5.2144723,-0.12950814,-0.13216099,-0.12993515,-0.047159404,-0.12590206,-0.14016809,1.2149991,-0.12941644,1.0646912,-0.1649412,-0.17166539,-0.12949353,-0.13217768,-0.12722544,-0.14610182,-0.2588673,-0.10932489,-0.12942846,-0.09132757,-0.12832497,-0.13684332,-0.16221203,0.7803248,-0.10894413,-0.12934907,-0.13214505,-0.13217637,-0.13219829,-0.15740095,-0.19795567,8.064335,-0.07294749,4.706026,-0.1294874,-0.13217467,3.301813,-0.12929301,-0.17466888,-0.13176009,-0.1294905,-0.15109587,-0.10913184,-0.12938662,-0.05825615,-0.14326635,-0.17082691,-0.12945306,-0.18883844,-0.12951173,2.6026826,-0.12950617,-0.16808087,-0.14331596,-0.12950674,-0.13220394,3.5889227,-0.12951198,-0.22115314,-0.07562123,-0.086852394,-0.10702289,-0.060967896,-0.12542692,-0.16796505,-0.15746465,5.536968,-0.12812386,3.7424643,2.9854803,2.353158,4.0588746,-0.18846886,-0.10945375,-0.17755464,1.9708894,0.6873413,-0.12945329,-0.11662802,-0.19749595,-0.14526704,-0.12781724,-0.096878245,-0.12945099,-0.1320776,3.8533487,-0.11230643,-0.063823454,-0.12940732,-0.11419349,-0.10007019,3.474807,-0.12951225,-0.13219932,-0.16344379,-0.1759062,-0.12524253,-0.12950264,-0.0782174,-0.19187105,-0.18185812,4.6422486,6.6297565,-0.1292899,-0.13199607,-0.083404,-0.1213824,-0.13072303,-0.13855581,-0.19385117,-0.1294892,-0.13220179,-0.19487974,3.0320203,-0.2432746,-0.10923521,-0.12937959,-0.13218379,-0.14520228,-0.2961179,-0.12951177,-0.19813283,-0.10939042,-0.12947147,-0.060104962,-0.15931924,-0.12951073,3.821329,3.0229683,-0.11816878,-0.14795661,-0.10060286,-0.1294126,-0.13614628,2.1991498,4.013986,-0.125103,1.8514496,-0.15690626,-0.1295098,-0.13220334,6.019709,6.9271092,-0.109501444,7.446066,-0.12951253,-0.1915083,-0.24371436,-0.16952515,-0.12946223,4.9010296,-0.12557748,-0.12950785,-0.18106565,-0.12951235,-0.18642783,-0.12947965,-0.30462334,-0.12944335,-0.14691104,-0.13029914,-0.12950405,-0.13219525,-0.18915205,-0.10944793,-0.12950718,-0.10481856,5.4394403,-0.12950611,-0.1322047,-0.13218823,-0.109178655,-0.1294434,-0.13218364,-0.13217726,-0.13218506,-0.13218957,4.9223256,-0.17392421,-0.12950318,-0.13219994,-0.13219362,-0.13220029,-0.2025511,-0.15354379,-0.14723541,-0.12889653,-0.11499533,-0.10471026,-0.11893196,-0.1295053,-0.13215938,-0.1094196,-0.19501048,-0.12951045,-0.18738703,-0.11705899,2.9489353,-0.12950498,-0.06652963,-0.12934375,-0.10737923,-0.124497145,-0.15298569,-0.052188452,-0.26007295
k__Bacteria|p__Firmicutes|c__Clostridia|o__Eubacteriales|f__Peptostreptococcaceae|g__Intestinibacter|s__Intestinibacter_bartlettii,-0.1004395,-0.12316422,-0.12603503,-0.12875172,-0.1287519,-0.23867357,-0.1666669,-0.16813041,-0.10929718,1.3784952,2.4450207,-0.12603822,2.6771657,-0.3768707,-0.08556121,-0.12577035,-0.058144663,-0.12568428,-0.12871054,-0.19931981,-0.1978925,-0.105733104,-0.12601481,-0.12711628,3.0908747,-0.11658599,-0.182019,2.6052918,-0.1509206,-0.126018,2.2910364,-0.10844302,-0.18249588,3.7184365,-0.12602933,-0.10585818,-0.12603663,-0.22338755,-0.12603848,2.0073872,-0.1260385,-0.29356226,-0.10540363,-0.12594005,-0.13691942,-0.12603481,-0.23188588,4.0091043,-0.1296162,-0.10586201,-0.24679694,-0.18279888,-0.25087595,-0.26027086,-0.28621647,-0.27511892,-0.11894142,-0.12598088,-0.040142577,-0.056944285,-0.12555662,-0.11274739,-0.13743341,-0.1057849,-0.12602401,-0.1287488,-0.12875175,-0.12875219,-0.27573854,-0.12601154,-0.10578714,-0.16243835,-0.12334165,-0.14074792,-0.12601583,-0.15887658,0.98339593,-0.105847925,2.4407985,1.8862779,-0.12603049,-0.12873769,-0.12874511,-0.12870044,-0.120334074,-0.13700745,-0.08858878,-0.12602656,-0.19008024,-0.12603395,-0.2004665,-0.11139822,-0.1388583,-0.13027036,-0.1074974,-0.15152657,-0.12597011,-0.12853912,-0.10065024,-0.08152827,-0.09427856,-0.12600291,-0.11960925,2.1646554,0.744313,-0.1185138,-0.12601389,-0.12874773,-0.17738779,-0.15176103,-0.12603584,1.6719494,-0.17989698,1.7125827,-0.12603399,-0.15095688,-0.17780018,2.807214,-0.12602007,-0.09015879,-0.1258403,-0.12151222,-0.121854745,-0.13997786,-0.21433522,-0.13908121,-0.16057305,-0.12598686,-0.07092635,-0.12562066,-0.12823695,-0.18733518,-0.12586392,-0.10577743,1.364061,-0.14100276,-0.12600723,3.6759188,2.9221332,3.7381313,-0.10526915,3.1056092,-0.12600142,-0.09238048,-0.20963459,-0.12603414,-0.12869532,-0.10545566,-0.1259871,-0.16015086,-0.1553517,-0.12603702,-0.19704957,-0.20616047,-0.105079666,-0.10460003,-0.11361031,-0.10256614,-0.12603213,1.2708831,-0.126016,-0.1053962,-0.12593138,-0.041086134,-0.12967405,-0.12603617,2.863398,-0.12602198,-0.10384405,-0.12510084,-0.0784167,-0.12594296,-0.12766197,-0.12595594,-0.121451,-0.075820275,-0.09192432,-0.101488546,-0.12586114,-0.1286898,-0.12378413,-0.12593204,4.688596,-0.13984437,4.359214,-0.1260378,1.4243952,-0.12844054,-0.12597716,-0.13462572,-0.119081676,-0.12601861,-0.12874912,-0.12875018,-0.12875092,1.6437007,-0.25103784,-0.20219928,-0.19465852,-0.24831252,-0.20506537,1.7149923,-0.12602785,-0.10558823,-0.11956477,-0.12602484,-0.12874672,-0.20931396,-0.18224281,-0.1260189,-0.32474133,-0.12603658,-0.12875265,-0.12875193,-0.1287517,-0.2185038,-0.1260184,-0.114121355,-0.12602048,-0.12874264,-0.12874687,1.2238234,-0.12603249,-0.12873536,-0.08963354,-0.12596631,-0.12872079,-0.12873217,-0.12873316,-0.13302092,2.111432,-0.14014931,2.6385186,-0.15839578,2.477644,-0.14613561,-0.12603015,5.5198655,-0.105829805,-0.12600663,-0.12875253,-0.12875223,-0.12875223,-0.12875256,2.1713583,-0.11451449,-0.1260116,-0.15564899,-0.14443555,-0.16636807,-0.12603353,-0.12870175,-0.12993515,-0.047159404,-0.1221727,-0.14016809,-0.14106366,-0.12593997,-0.19987361,2.5809639,-0.17166539,-0.12601922,-0.12872534,1.5789672,1.416371,4.519139,-0.10569835,-0.1259546,-0.09132757,-0.12832497,-0.13684332,-0.16221203,-0.15659244,-0.10530646,-0.12587006,-0.12869152,-0.12872311,-0.12874481,3.551363,-0.19795567,-0.15106063,-0.07294749,-0.2039893,-0.12601201,-0.1287222,-0.104459345,-0.1257705,-0.17466888,-0.13176009,-0.12601687,-0.15109587,-0.10913184,-0.12591033,-0.05825615,-0.14326635,-0.17082691,-0.12597716,-0.18883844,-0.1260373,-0.31316653,-0.12603089,1.2591387,-0.14331596,-0.12603232,-0.1287503,-0.25088155,-0.12603754,-0.22115314,-0.07562123,-0.086852394,-0.10702289,-0.060967896,-0.12169642,-0.16796505,-0.15746465,4.0818653,-0.12812386,-0.0969081,-0.16398169,1.8238851,-0.11335766,-0.18846886,-0.10582512,-0.17755464,-0.0994983,-0.115196005,-0.12597798,-0.11662802,0.97491443,-0.14526704,-0.12781724,-0.096878245,-0.1259782,-0.12862426,-0.12434345,5.2291427,-0.063823454,-0.12593266,-0.11419349,-0.10007019,3.6581538,-0.12603787,-0.12874484,2.4160564,-0.1759062,-0.12524253,-0.12602836,-0.0782174,2.4408312,2.1594183,-0.09859173,-0.11065883,-0.12581742,-0.12854248,-0.083404,-0.1213824,-0.13072303,-0.13855581,1.9054918,-0.12601367,-0.12874828,2.9464507,3.1034825,-0.2432746,-0.10560663,-0.12590462,-0.12872964,-0.14520228,-0.2961179,-0.1260374,-0.19813283,-0.105762035,-0.12599578,-0.060104962,-0.15931924,-0.12603623,-0.2028091,-0.2868003,-0.11816878,-0.14795661,-0.10060286,-0.12593499,-0.13614628,0.7273092,3.8660824,-0.125103,-0.15657571,-0.15690626,-0.12603533,-0.12874985,-0.16221246,4.6541653,-0.105871834,-0.2814266,-0.12603815,-0.1915083,-0.24371436,-0.16952515,-0.12598068,-0.13369927,-0.12557748,-0.1260333,-0.18106565,-0.12603799,-0.18642783,-0.12600079,2.6694252,-0.12596528,-0.14691104,-0.13029914,-0.12602954,-0.12874186,-0.18915205,-0.10582025,-0.12603281,-0.10481856,1.0301623,-0.12603137,-0.12875117,-0.12873185,-0.105546266,-0.12596959,-0.12872902,-0.12872311,-0.12873062,-0.12873603,1.336651,-0.17392421,-0.12602842,-0.12874648,-0.1287399,-0.12874684,-0.2025511,1.2075394,-0.14723541,-0.12537722,2.5810971,-0.10471026,1.9511559,-0.12603082,-0.12870006,-0.1057943,-0.19501048,-0.1260359,-0.18738703,-0.11705899,0.728849,-0.12602954,-0.06652963,-0.12587135,-0.10737923,-0.124497145,-0.15298569,-0.052188452,2.0016894
k__Bacteria|p__Firmicutes|c__Clostridia|o__Eubacteriales|f__Clostridiaceae|g__Hungatella|s__Hungatella_hathewayi,-0.1004395,-0.12316422,-0.12890467,-0.13168713,-0.13168737,2.5701814,1.0213596,2.9500885,-0.10929718,3.790045,3.777982,-0.12890893,-0.22850217,3.0052843,3.6179655,-0.1285537,-0.058144663,-0.12843862,-0.13163215,3.3659742,3.1039805,-0.1080751,-0.12887773,6.0834312,5.6710315,-0.11658599,-0.182019,1.8382674,-0.1509206,-0.12888196,-0.15142563,-0.10844302,4.0161924,3.820923,-0.12889704,-0.108239904,-0.1289068,-0.22338755,-0.12890925,2.3527486,-0.1289093,2.069486,-0.107640766,-0.12877792,-0.13691942,-0.12890439,-0.23188588,-0.24781659,-0.1296162,-0.10824511,-0.24679694,-0.18279888,-0.25087595,-0.26027086,-0.28621647,-0.27511892,-0.11894142,-0.12883261,-0.040142577,-0.056944285,-0.12826754,-0.11274739,-0.13743341,-0.10814366,-0.12888998,-0.13168325,-0.13168716,-0.13168773,-0.27573854,-0.12887365,-0.10814573,-0.16243835,-0.12334165,-0.14074792,-0.12887913,-0.15887658,-0.14481027,-0.108226396,-0.18691605,-0.14998752,-0.12889862,-0.13166845,-0.13167831,-0.13161844,-0.120334074,-0.13700745,-0.08858878,-0.12889339,-0.19008024,-0.12890324,-0.2004665,-0.11139822,-0.1388583,-0.13027036,-0.1074974,-0.15152657,-0.1288184,-0.13140972,-0.10065024,-0.08152827,-0.09427856,-0.12886193,-0.11960925,-0.15027548,-0.16982608,-0.1185138,-0.12887645,-0.1316818,-0.17738779,-0.15176103,-0.12890574,-0.25953975,-0.17989698,-0.13525523,-0.1289033,-0.15095688,-0.17780018,-0.2009549,-0.12888464,-0.09015879,-0.12864575,-0.12151222,-0.121854745,-0.13997786,2.6802695,-0.13908121,-0.16057305,-0.12884057,-0.07092635,-0.12835298,-0.13100055,-0.18733518,-0.12867594,-0.10813387,5.224294,0.894326,-0.12886769,4.4780602,7.2494354,4.62726,-0.107482135,-0.10945694,-0.12885994,-0.09238048,4.382389,-0.1289035,-0.13161162,-0.107711285,-0.12884068,-0.16015086,-0.1553517,-0.12890731,-0.19704957,-0.20616047,-0.10723728,-0.10460003,-0.11361031,-0.10256614,-0.12890083,-0.19495486,-0.12887925,-0.10764727,-0.12876682,2.3354454,6.045031,-0.12890619,5.5974154,-0.12888715,-0.10384405,-0.12766448,-0.0784167,-0.12878187,-0.12766197,-0.12879944,-0.121451,-0.075820275,-0.09192432,-0.101488546,-0.1286734,-0.13160475,3.2243145,-0.12876737,8.471614,-0.13984437,1.9528326,-0.12890837,5.5879884,-0.12844054,-0.12882775,-0.13462572,-0.119081676,-0.12888284,-0.13168365,-0.13168508,-0.13168605,-0.19755594,-0.25103784,-0.20219928,-0.19465852,-0.24831252,-0.20506537,-0.22091979,-0.12889507,-0.10788523,-0.11956477,-0.12889111,-0.13168044,-0.20931396,-0.18224281,-0.12888303,2.865816,-0.12890674,-0.13168834,-0.1316874,-0.13168707,-0.2185038,-0.12888223,-0.114121355,-0.12888521,-0.13167498,-0.13168062,5.8565674,-0.1289013,-0.13166481,-0.08963354,-0.128813,-0.131646,-0.13166106,-0.13166246,-0.13302092,-0.1051107,-0.14014931,-0.15141064,-0.15839578,-0.15615125,-0.14613561,-0.12889817,-0.12319561,-0.108202174,-0.12886682,-0.1316882,-0.13168779,-0.13168779,-0.13168822,4.022928,4.5271406,-0.12887347,-0.15564899,-0.14443555,1.862312,-0.12890266,-0.13162023,0.88280743,-0.047159404,-0.12375404,2.7077515,6.717249,-0.12877813,6.972525,-0.1649412,-0.17166539,-0.12888366,-0.13165209,-0.12722544,2.4232478,1.4858344,-0.1080312,-0.12879774,-0.09132757,-0.12832497,-0.13684332,-0.16221203,-0.15659244,-0.10753186,-0.12868455,-0.131607,-0.13164902,-0.13167793,-0.15740095,-0.19795567,-0.15106063,-0.07294749,3.5136154,-0.128874,-0.13164788,0.99728847,-0.1285699,-0.17466888,-0.13176009,-0.12888055,-0.15109587,-0.10913184,-0.12873912,-0.05825615,-0.14326635,5.5074143,-0.12882763,-0.18883844,-0.12890768,2.0556006,-0.12889913,-0.16808087,-0.14331596,-0.12890108,-0.13168523,-0.25088155,-0.12890801,-0.22115314,-0.07562123,-0.086852394,-0.10702289,-0.060967896,-0.12312247,7.1158,2.334955,-0.22133875,-0.12812386,-0.0969081,-0.16398169,-0.12716047,-0.11335766,-0.18846886,-0.10819616,-0.17755464,-0.0994983,-0.115196005,-0.1288287,-0.11662802,-0.19749595,-0.14526704,-0.12781724,-0.096878245,-0.12882914,-0.13151765,-0.12434345,-0.11230643,-0.063823454,-0.12876841,-0.11419349,-0.10007019,-0.24483351,-0.12890846,-0.13167784,-0.16344379,-0.1759062,-0.12524253,-0.12889585,-0.0782174,-0.19187105,-0.18185812,-0.09859173,-0.11065883,-0.12861542,-0.13140886,-0.083404,-0.1213824,-0.13072303,-0.13855581,-0.19385117,-0.12887618,-0.13168254,4.940078,2.670759,0.96409607,-0.10791209,-0.12873125,-0.1316577,-0.14520228,-0.2961179,-0.12890783,-0.19813283,-0.10811342,-0.1288524,-0.060104962,3.9975698,-0.12890628,-0.2028091,3.5745466,-0.11816878,-0.14795661,-0.10060286,-0.12877141,-0.13614628,-0.20725825,-0.17393659,-0.125103,-0.15657571,-0.15690626,-0.12890509,-0.13168463,1.8133781,-0.22200036,-0.10825814,-0.2814266,-0.12890881,-0.1915083,-0.24371436,-0.16952515,-0.12883195,-0.13369927,-0.12557748,-0.12890235,5.23128,-0.1289086,-0.18642783,-0.1288588,-0.30462334,-0.12881175,-0.14691104,-0.13029914,-0.12889738,-0.13167398,-0.18915205,-0.10818967,-0.12890172,-0.10481856,-0.1650517,-0.12889978,-0.13168639,-0.1316604,-0.10783461,-0.12881766,-0.13165686,-0.13164902,-0.131659,-0.1316662,-0.16505513,-0.17392421,-0.12889586,-0.13168018,-0.13167137,-0.13168061,-0.2025511,-0.15354379,-0.14723541,-0.12802759,-0.11499533,-0.10471026,-0.11893196,-0.12889904,-0.13161772,-0.108155265,-0.19501048,-0.12890583,-0.18738703,-0.11705899,-0.17429145,-0.12889716,-0.06652963,-0.12868688,2.048653,1.4055153,4.9749527,1.4544469,3.0906126
k__Bacteria|p__Firmicutes|c__Clostridia|o__Eubacteriales|f__Lachnospiraceae|g__Mediterraneibacter|s__Ruminococcus_gnavus,-0.1004395,5.457802,5.1875486,5.29906,5.2990685,4.8470097,3.060088,-0.16813041,8.030908,3.6958797,7.906655,5.187711,7.619123,7.505858,-0.08556121,5.174162,-0.058144663,5.1709003,5.296977,5.031721,-0.1978925,4.353382,5.186557,-0.12711628,7.4691668,8.111835,8.305247,7.902225,-0.1509206,5.186683,-0.15142563,-0.10844302,7.068522,7.3437624,5.187236,4.359417,5.187633,4.473094,5.187722,7.2416315,5.187724,6.6746798,4.337559,5.1826506,6.119181,5.187546,7.190116,6.735778,4.484664,4.3596,3.1753712,2.4101968,2.3379564,2.9080453,3.99868,4.645463,7.2430763,5.184872,-0.040142577,-0.056944285,5.1635184,-0.11274739,6.0157604,4.355817,5.186983,5.298918,5.299059,5.2990828,6.8395395,5.1862545,4.35589,8.284567,5.2134624,6.466554,5.1866198,6.434517,8.080187,4.3589306,-0.18691605,-0.14998752,5.1873293,5.2983665,5.2987185,5.2961187,-0.120334074,-0.13700745,7.495418,5.1871405,6.4477654,5.1875024,6.5808344,-0.11139822,6.072849,3.8644774,-0.1074974,5.1633296,5.184409,5.2870407,-0.10065024,5.183087,5.5262494,5.1859884,5.8469887,8.992394,8.422193,-0.1185138,5.1864653,5.2988634,-0.17738779,-0.15176103,5.187591,6.412828,-0.17989698,2.414844,5.1875057,3.8485467,5.6188965,6.4205456,5.1866684,-0.09015879,5.1781874,-0.12151222,6.5327353,5.7591143,6.944843,4.574424,7.5709467,5.185217,6.863038,5.1669064,5.27232,6.8974204,5.178267,4.355315,8.025185,4.4225955,5.1861944,-0.114095174,-0.25318068,7.633216,4.331169,6.8963165,5.1859264,-0.09238048,6.5201516,5.187513,5.2958183,4.339644,5.1851034,3.8681765,6.591251,5.1876507,6.9722476,5.1180844,4.321054,-0.10460003,7.142009,-0.10256614,5.1874204,6.8750324,5.1865425,4.3367777,5.1825256,-0.041086134,-0.12967405,5.187603,8.054709,5.1868324,-0.10384405,5.1407046,-0.0784167,5.1828904,-0.12766197,5.183679,-0.121451,-0.075820275,-0.09192432,-0.101488546,5.179032,5.2960634,-0.12378413,5.181508,-0.1410757,-0.13984437,-0.18093297,5.1876907,5.960993,4.221579,5.184372,-0.13462572,7.734197,5.1867733,5.2989283,5.2989826,5.299019,7.8222327,7.678615,7.9370384,5.9872074,6.2054806,5.5991096,5.3931675,5.1871557,4.3460507,-0.11956477,5.187064,5.2988095,3.380081,7.208687,5.1866474,7.1801085,5.1876326,5.299105,5.299071,5.299059,6.6456923,5.186555,-0.114121355,5.1867867,5.2985725,5.2988124,7.3734994,5.187437,5.298028,-0.08963354,5.184078,5.2975836,5.29807,5.298181,4.7764835,-0.1051107,5.998021,7.5492816,7.6238413,5.187115,6.8083158,5.1873293,5.152,4.358016,5.1860967,5.299099,5.2990837,5.299084,5.2991004,2.4831014,5.491949,5.1863947,6.2802477,6.0644226,7.044413,5.1874723,5.2963333,8.009547,-0.047159404,4.9882126,8.237154,8.02489,5.182844,8.103349,6.111278,6.609433,5.1867895,5.2978277,7.1061683,7.8027287,7.2473817,4.351763,5.183627,-0.09132757,7.4298263,4.8460846,4.4902163,3.7461233,4.331971,5.179096,5.2961016,5.2976675,5.2987213,3.6156147,5.6984687,5.281728,2.8889966,2.9483995,5.186388,5.297655,3.601829,5.17205,6.3291626,5.5742016,5.1867046,5.1122365,4.4620576,5.1812577,-0.05825615,7.102439,7.270139,5.184668,6.8097982,5.1876626,5.292405,5.187311,6.062374,-0.14331596,5.187422,5.2989826,5.7626257,5.187674,6.2083564,6.026921,6.1195493,6.682626,4.193819,4.965435,3.5382998,6.21912,-0.22133875,-0.12812386,5.0485177,6.310386,3.5649912,3.5788538,2.1677773,4.357813,4.1820755,1.040429,1.0805179,5.1847267,4.550457,4.227935,-0.14526704,-0.12781724,-0.096878245,5.1848345,5.292821,3.0386987,6.79925,-0.063823454,5.182477,-0.11419349,-0.10007019,4.0552855,5.187694,5.298662,-0.16344379,4.024926,6.284966,5.187237,1.3959382,7.333481,6.9122863,-0.09859173,-0.11065883,5.177025,5.288829,2.815192,7.825477,7.607698,-0.13855581,-0.19385117,5.1864605,5.298889,7.2283974,6.7861643,7.267583,4.347182,5.1811457,5.2979503,7.361515,7.3418207,5.1876707,3.5033162,4.3546796,5.1855683,4.1958914,6.135885,5.1876087,6.685038,6.2483497,-0.11816878,-0.14795661,-0.10060286,5.1825185,3.9451935,6.491064,5.336861,1.9846123,6.835157,5.4216657,5.187565,5.2989683,5.567782,6.4753027,4.3600764,1.7815104,5.187706,8.879698,7.4757705,7.256215,5.184416,-0.13369927,4.4688377,5.187462,6.821328,5.187699,5.8664083,5.1856194,5.901747,5.184003,0.9436912,5.360328,5.1872826,5.2985797,8.352697,4.357596,5.1874456,5.3880777,-0.1650517,5.187361,5.2990313,5.2979174,4.344311,5.1843853,5.2978983,5.2976255,5.297983,5.29827,6.774905,-0.17392421,5.187215,5.2988067,5.2984724,5.298822,2.6805198,6.984213,-0.14723541,5.1536,8.452121,8.8730545,6.0821676,5.1873426,5.296158,4.3564205,-0.19501048,5.1875896,7.820422,3.8673685,1.0531411,5.1872025,2.2877254,5.1795273,5.491204,5.9418325,6.3375373,-0.052188452,6.7159333
k__Bacteria|p__Firmicutes|c__Clostridia|o__Eubacteriales|f__Clostridiaceae|g__Clostridium|s__Clostridium_neonatale,-0.1004395,-0.12316422,-0.11949538,-0.12202304,-0.12202319,2.7692719,1.1152706,1.476141,-0.10929718,-0.22895765,-0.23728925,-0.1194979,-0.22850217,-0.3768707,-0.08556121,-0.11927693,-0.058144663,-0.119211614,-0.12199026,-0.19931981,-0.1978925,-0.10061866,-0.11947923,-0.12711628,-0.20043859,-0.11658599,6.668528,6.234194,-0.1509206,-0.11948189,3.0432384,-0.10844302,3.0228825,3.3087418,-0.119490884,-0.100721784,-0.11949663,2.5551882,-0.1194981,-0.29867563,-0.119498126,-0.29356226,-0.10034631,-0.119420186,4.703373,-0.11949518,2.4985905,-0.24781659,-0.1296162,-0.10072501,-0.24679694,-0.18279888,-0.25087595,-0.26027086,-0.28621647,-0.27511892,-0.11894142,-0.11945217,-0.040142577,7.0543423,-0.11911671,-0.11274739,-0.13743341,-0.100661755,-0.11948668,-0.12202072,-0.122023076,-0.1220234,-0.27573854,-0.11947639,-0.100663885,4.9842663,-0.12334165,-0.14074792,-0.11948007,-0.15887658,1.3662894,-0.10071346,-0.18691605,-0.14998752,-0.11949175,-0.12201191,-0.12201784,-0.12198097,-0.120334074,-0.13700745,-0.08858878,-0.11948861,6.808363,-0.11949451,-0.2004665,5.9329944,-0.1388583,-0.13027036,-0.1074974,1.3511549,-0.11944355,-0.12183515,-0.10065024,0.98139393,-0.09427856,-0.11946967,-0.11960925,5.1307,-0.16982608,-0.1185138,-0.11947863,-0.12201985,1.4628168,-0.15176103,-0.119496,-0.25953975,1.664504,-0.13525523,-0.11949454,3.574807,2.9248343,2.2490761,-0.11948347,-0.09015879,-0.11933932,5.1362424,0.7129872,2.9507663,4.7947702,-0.13908121,-0.16057305,-0.119456805,-0.07092635,-0.11916135,-0.12161742,-0.18733518,-0.11935946,-0.100655295,-0.12334781,-0.14100276,-0.119473204,-0.114095174,-0.25318068,2.7508984,-0.10022538,4.681095,-0.11946852,5.1377707,3.5663824,-0.119494654,-0.12197813,-0.100383356,-0.11945694,-0.16015086,-0.1553517,-0.11949694,3.8651881,-0.20616047,-0.10008651,-0.10460003,-0.11361031,6.67307,-0.11949304,2.060464,-0.119480014,-0.10033403,-0.11941175,-0.041086134,-0.12967405,-0.119496286,1.8048203,-0.119485036,-0.10384405,-0.11873506,-0.0784167,-0.11942159,2.649668,-0.11943215,-0.121451,-0.075820275,-0.09192432,-0.101488546,-0.11935628,-0.12197343,1.4614583,-0.11940665,-0.1410757,0.8161594,4.309191,-0.11949757,-0.25777104,-0.12844054,-0.11944839,-0.13462572,-0.119081676,-0.11948218,-0.122020975,-0.122021824,-0.12202241,3.2031157,4.866029,-0.20219928,3.0576909,-0.24831252,2.6355784,-0.22091979,-0.11948971,-0.10049233,-0.11956477,-0.11948721,-0.12201906,3.3336482,-0.18224281,-0.11948247,1.9400095,-0.11949659,-0.122023776,-0.12202321,-0.12202302,-0.2185038,-0.119482145,-0.114121355,-0.1194839,-0.12201593,-0.12201919,6.3568807,-0.11949332,-0.12201017,-0.08963354,-0.119440645,-0.121998295,-0.12200759,-0.122008175,-0.13302092,-0.1051107,3.4600768,4.59035,2.915027,2.1109686,-0.14613561,-0.11949142,-0.12319561,-0.1006989,-0.119472995,-0.12202369,-0.12202345,-0.12202344,-0.1220237,-0.38518023,-0.11451449,-0.11947676,3.0073836,1.0229921,-0.16636807,-0.119494185,-0.121983826,-0.12993515,-0.047159404,-0.11644329,-0.14016809,-0.14106366,-0.11941995,-0.19987361,-0.1649412,-0.17166539,-0.11948277,-0.12200189,-0.12722544,-0.14610182,-0.2588673,-0.10058515,-0.119430795,-0.09132757,-0.12832497,-0.13684332,-0.16221203,2.09101,-0.10026485,-0.11936371,-0.12197505,-0.122000195,-0.12201754,-0.15740095,-0.19795567,6.4268136,-0.07294749,-0.2039893,-0.11947717,-0.12199934,3.1408756,-0.1192567,-0.17466888,-0.13176009,-0.1194808,-0.15109587,3.5997796,-0.119395114,-0.05825615,8.632229,7.1549726,-0.11944949,-0.18883844,-0.119497165,-0.31316653,-0.11949217,2.7826276,-0.14331596,-0.11949322,-0.12202193,2.1543005,-0.119497366,-0.22115314,-0.07562123,-0.086852394,-0.10702289,-0.060967896,-0.1160732,-0.16796505,-0.15746465,-0.22133875,-0.12812386,-0.0969081,-0.16398169,-0.12716047,-0.11335766,4.996304,-0.10069452,-0.17755464,-0.0994983,-0.115196005,-0.11944996,-0.11662802,-0.19749595,-0.14526704,-0.12781724,-0.096878245,-0.11944984,-0.121921115,-0.12434345,6.763683,-0.063823454,-0.11941315,-0.11419349,-0.10007019,-0.24483351,-0.11949763,-0.12201762,-0.16344379,-0.1759062,-0.12524253,-0.11949004,-0.0782174,1.1928117,-0.18185812,-0.09859173,-0.11065883,-0.119321,-0.12185559,2.534735,5.0779157,3.309517,-0.13855581,5.1475487,-0.11947851,-0.122020304,2.0629196,1.4236786,-0.2432746,-0.10051453,-0.11939122,-0.12200555,-0.14520228,-0.2961179,-0.11949724,-0.19813283,-0.10064216,-0.119464174,-0.060104962,-0.15931924,-0.119496346,-0.2028091,1.5161937,-0.11816878,5.769258,-0.10060286,-0.11941594,4.568223,5.554931,-0.17393659,-0.125103,-0.15657571,-0.15690626,-0.11949562,-0.122021556,-0.16221246,1.2990197,-0.1007329,-0.2814266,-0.11949785,5.174741,2.9096239,1.3997624,-0.11945146,-0.13369927,-0.12557748,-0.119494006,3.26392,-0.11949772,-0.18642783,-0.1194683,-0.30462334,-0.11944033,-0.14691104,-0.13029914,-0.11949101,-0.12201517,-0.18915205,-0.10069077,-0.11949359,-0.10481856,-0.1650517,-0.119492486,-0.12202261,-0.1220072,-0.10045589,-0.119443014,-0.12200509,-0.122000344,-0.122006364,-0.1220105,-0.16505513,-0.17392421,-0.119490154,-0.12201887,-0.12201366,-0.12201915,-0.2025511,-0.15354379,-0.14723541,-0.11897749,-0.11499533,-0.10471026,-0.11893196,-0.119492,-0.12198151,-0.10066878,1.416461,-0.11949608,3.2831142,-0.11705899,2.1525583,-0.11949093,-0.06652963,-0.11936285,-0.10737923,-0.124497145,-0.15298569,-0.052188452,-0.26007295
k__Bacteria|p__Firmicutes|c__Bacilli|o__Lactobacillales|f__Enterococcaceae|g__Enterococcus|s__Enterococcus_faecalis,5.6129665,1.9031222,2.5750284,2.6304011,2.6304045,-0.23867357,-0.1666669,3.111952,-0.10929718,-0.22895765,-0.23728925,2.575078,-0.22850217,-0.3768707,5.170034,2.5706735,1.4321634,2.569222,2.6297503,-0.19931981,-0.1978925,2.16154,2.5747008,-0.12711628,3.5301805,-0.11658599,-0.182019,1.7658124,7.126283,2.5747654,5.2393675,4.481538,2.8156788,3.5851972,2.5749397,2.1637266,2.5750525,-0.22338755,2.5750818,1.8976616,2.5750825,-0.29356226,2.1555955,2.573573,1.0938156,2.5750227,-0.23188588,-0.24781659,-0.1296162,2.1638055,-0.24679694,-0.18279888,-0.25087595,-0.26027086,-0.28621647,-0.27511892,3.2805085,2.5741534,-0.040142577,2.5948122,2.567687,7.1327715,5.7345724,2.1624863,2.5748613,2.6303542,2.6304026,2.6304088,1.1925616,2.5746632,2.1625247,-0.16243835,-0.12334165,-0.14074792,2.5747213,-0.15887658,-0.14481027,2.163546,6.5922604,4.892811,2.574954,2.6301794,2.6303012,2.6296196,4.7065864,4.470303,2.0309649,2.5748906,1.4475784,2.5750093,-0.2004665,4.1867228,3.3193264,3.6520503,-0.1074974,2.5851984,2.5739853,2.6270127,5.7244854,5.0267735,4.472561,2.5745053,5.349675,4.568842,4.2964816,3.8748035,2.5747004,2.6303377,3.0144758,2.0087614,2.5750408,-0.25953975,3.841652,-0.13525523,2.5750098,-0.15095688,-0.17780018,2.372121,2.574812,3.325301,2.5718515,1.97218,3.4343681,3.6079037,3.1351688,-0.13908121,2.4072094,2.5742438,1.9702096,2.5683956,2.6227756,6.257863,2.5725522,2.1622734,4.8275385,4.6139517,2.574582,4.7627025,1.971348,-0.26654312,2.1533062,-0.10945694,2.5744827,-0.09238048,2.818177,2.5750124,2.6295772,2.156536,2.5742695,6.1478815,5.022757,2.575059,7.6362667,6.9657936,2.1498454,-0.10460003,2.3856132,-0.10256614,2.5749786,0.98506993,2.574724,2.1555197,2.5733414,-0.041086134,5.4242043,2.575048,-0.2300741,2.5748224,-0.10384405,2.559967,-0.0784167,2.573552,-0.12766197,2.5737567,-0.121451,6.0584393,3.4921732,5.591561,2.5722213,2.6293945,3.1371481,2.573388,6.478226,6.9226804,6.6284685,2.5750713,4.8005347,5.44382,2.574097,6.863808,5.664968,2.5747552,2.6303592,2.6303768,2.6303883,-0.19755594,6.2016373,6.1040926,5.051538,6.4373107,0.6156367,-0.22091979,2.5749202,2.1589499,6.950995,2.5748606,2.630323,4.002706,-0.18224281,2.5747752,1.7653226,2.5750513,2.630416,2.6304045,2.6304007,-0.2185038,2.5747583,3.2394207,2.5748062,2.6302705,2.6303244,-0.22984435,2.574984,2.6301303,5.542516,2.5739353,2.6298923,2.6301,2.6300952,4.446385,7.128215,5.6354795,6.322183,5.4525614,1.8348233,4.3245516,2.574944,-0.12319561,2.1632686,2.574603,2.6304142,2.6304097,2.6304092,2.6304147,-0.38518023,-0.11451449,2.5746593,-0.15564899,-0.14443555,-0.16636807,2.5750065,2.6296697,5.676115,3.2239923,2.5175414,8.055326,-0.14106366,2.573545,3.6792293,4.660265,-0.17166539,2.5747733,2.6299622,3.2947977,1.637458,3.065841,2.1608877,2.5737205,3.9735672,-0.12832497,-0.13684332,-0.16221203,-0.15659244,2.1536126,2.5724041,2.6294322,2.629938,2.63029,-0.15740095,1.1852933,2.4478512,0.71087235,3.2529104,2.574674,2.6299095,-0.104459345,2.5705585,4.1353016,-0.13176009,2.5747252,1.4171793,4.916716,2.573014,-0.05825615,3.268814,4.430683,2.5741253,5.9709616,2.5750642,3.478171,2.574973,3.9348803,-0.14331596,2.5749838,2.6303806,4.3491635,2.575068,5.1764603,-0.07562123,3.9736114,4.029368,2.8928049,2.509925,-0.16796505,-0.15746465,-0.22133875,-0.12812386,-0.0969081,4.15486,4.362551,2.922576,3.7738495,2.1631644,1.4373615,3.982627,3.938955,2.5741277,-0.11662802,6.4776244,5.482421,3.5074732,1.3432498,2.574087,2.6283455,1.4635834,2.0354798,2.7875214,2.5733724,4.44861,4.9767504,1.8714297,2.5750723,2.6302981,5.1561637,5.1477075,3.123746,2.5749187,-0.0782174,3.5144453,4.50323,5.8020005,4.6501093,2.5715132,2.6270485,-0.083404,2.6491327,2.9228513,-0.13855581,4.093559,2.5747025,2.6303458,-0.19487974,2.575246,1.2958835,2.1593697,2.5729403,2.6300576,-0.14520228,-0.2961179,2.575065,4.277425,2.1620364,2.5744143,-0.060104962,-0.15931924,2.575048,-0.2028091,-0.2868003,3.6048384,1.9247578,2.5482783,2.5734718,3.4955328,2.4104354,2.3955343,6.2182546,2.5153074,0.72823167,2.575033,2.630371,4.776691,4.9401336,2.1639683,0.5026425,2.575077,4.092081,2.2475617,-0.16952515,2.5741835,2.67738,4.928578,2.5750017,5.751107,2.5750742,3.0316696,2.5745168,2.5624259,2.5739732,1.2858762,2.9238853,2.5749412,2.6302416,-0.18915205,2.1630664,2.5749907,-0.10481856,4.2334175,2.574974,2.630393,2.6301014,2.1582408,2.5739691,2.630055,2.6299508,2.630077,2.6301455,3.7315874,-0.17392421,2.5749266,2.630317,2.6302161,2.6303225,-0.2025511,-0.15354379,4.268791,2.5652492,5.806939,5.060962,5.6828556,2.5749612,2.6296115,2.1626065,3.2567916,2.5750434,2.6764958,-0.11705899,-0.17429145,2.5749376,4.3641944,2.5723486,2.676384,4.137505,2.5936399,-0.052188452,-0.26007295
k__Bacteria|p__Firmicutes|c__Clostridia|o__Eubacteriales|f__Lachnospiraceae|g__Faecalimonas|s__Faecalimonas_umbilicata,-0.1004395,3.1107812,-0.100803286,-0.10290721,-0.10290724,5.1816154,7.71798,-0.16813041,-0.10929718,-0.22895765,-0.23728925,-0.10080354,-0.22850217,-0.3768707,-0.08556121,-0.10077066,-0.058144663,-0.10075271,-0.10290341,4.382905,3.5667138,-0.08515169,-0.10080092,-0.12711628,-0.20043859,-0.11658599,-0.182019,-0.25032333,-0.1509206,-0.1008019,6.643334,6.1481028,5.680474,3.9563541,-0.10080296,-0.085174635,-0.10080336,4.2667007,-0.10080357,6.798146,-0.10080358,6.5546236,-0.08505952,-0.10079628,-0.13691942,-0.10080314,-0.23188588,4.6937304,3.0263343,-0.085175574,4.276947,5.723256,6.4873953,4.998772,4.4512997,6.6267076,1.9229876,-0.100797206,-0.040142577,-0.056944285,-0.10076329,-0.11274739,-0.13743341,-0.08516289,-0.100802526,-0.10290685,-0.102907255,-0.10290727,4.532108,-0.10080272,-0.08516285,-0.16243835,-0.12334165,-0.14074792,-0.100801006,-0.15887658,-0.14481027,-0.08517231,-0.18691605,-0.14998752,-0.10080272,-0.10290578,-0.10290679,-0.102906704,-0.120334074,-0.13700745,-0.08858878,-0.10080221,-0.19008024,-0.10080306,-0.2004665,-0.11139822,-0.1388583,-0.13027036,-0.1074974,-0.15152657,-0.10079554,-0.10289915,7.17327,3.9509697,4.031567,-0.10079932,4.8504453,4.358737,6.3045535,-0.1185138,-0.10080171,-0.10290679,-0.17738779,5.9167027,-0.10080333,5.853543,8.003003,7.9417562,-0.10080303,6.2764583,5.0165257,4.486559,-0.10080362,-0.09015879,-0.10077799,-0.12151222,-0.121854745,-0.13997786,-0.21433522,-0.13908121,-0.16057305,-0.10079728,-0.07092635,-0.100758135,-0.10287939,8.0673065,-0.100799456,-0.08515507,-0.12334781,-0.14100276,-0.10080008,-0.114095174,-0.25318068,-0.26654312,-0.085056484,5.760671,-0.10079908,2.3781517,5.374445,-0.10080305,-0.10290758,-0.08508624,-0.10079904,-0.16015086,-0.1553517,-0.10080342,5.5787253,3.7173378,-0.0849957,-0.10460003,-0.11361031,-0.10256614,-0.100802734,4.381446,-0.10080208,-0.08507394,-0.100790225,-0.041086134,-0.12967405,-0.10080345,5.466343,-0.100802794,-0.10384405,-0.100709766,-0.0784167,-0.100794576,-0.12766197,-0.100794196,-0.121451,-0.075820275,-0.09192432,-0.101488546,-0.10078302,-0.10289951,-0.12378413,-0.10079919,-0.1410757,-0.13984437,-0.18093297,-0.100803494,5.4864902,4.633064,-0.10080038,-0.13462572,-0.119081676,-0.10080087,-0.10290694,-0.10290709,-0.10290715,-0.19755594,-0.25103784,-0.20219928,-0.19465852,-0.24831252,-0.20506537,3.5084407,-0.10080315,-0.08511712,6.180639,-0.10080188,-0.10290675,5.543328,-0.18224281,-0.100802645,2.1702082,-0.10080332,-0.102907315,-0.102907225,-0.102907196,5.1373925,-0.10080324,-0.114121355,-0.10080244,-0.10290699,-0.10290679,5.2058845,-0.100802764,-0.102907404,-0.08963354,-0.100796744,-0.10290304,-0.102905616,-0.10290459,-0.13302092,-0.1051107,-0.14014931,-0.15141064,-0.15839578,-0.15615125,4.567221,-0.10080238,4.2380385,-0.085170835,-0.10080142,-0.1029073,-0.102907285,-0.102907285,-0.1029073,0.6059283,-0.11451449,-0.10080089,1.1524168,-0.14443555,-0.16636807,-0.1008032,-0.1029063,5.1074405,-0.047159404,-0.10057509,7.0884933,5.7586956,-0.100794084,6.4505043,7.0516086,4.2528534,-0.10080132,-0.10290322,-0.12722544,2.0166044,6.8256726,-0.085143164,-0.100793436,-0.09132757,-0.12832497,-0.13684332,-0.16221203,-0.15659244,-0.08506322,-0.1007888,-0.1029004,-0.1029038,-0.102906436,3.8301992,5.87836,-0.15106063,-0.07294749,-0.2039893,-0.10080136,-0.10290308,-0.104459345,-0.10079621,-0.17466888,4.9388013,-0.100800484,4.8262343,-0.10913184,-0.10079022,-0.05825615,-0.14326635,-0.17082691,-0.10079778,4.1120076,-0.10080349,3.540146,-0.10080349,-0.16808087,-0.14331596,-0.10080287,-0.10290718,1.0265183,-0.10080352,2.8402345,-0.07562123,-0.086852394,-0.10702289,-0.060967896,-0.10051946,-0.16796505,-0.15746465,7.778294,-0.12812386,-0.0969081,-0.16398169,-0.12716047,-0.11335766,-0.18846886,-0.08516924,6.905031,0.877314,4.671498,-0.100797445,1.6259815,1.2272834,-0.14526704,-0.12781724,-0.096878245,-0.10079538,-0.1028925,-0.12434345,-0.11230643,-0.063823454,-0.10079186,-0.11419349,-0.10007019,-0.24483351,-0.1008035,-0.1029073,-0.16344379,-0.1759062,-0.12524253,-0.10080232,-0.0782174,-0.19187105,-0.18185812,-0.09859173,-0.11065883,-0.10077669,-0.10288325,-0.083404,4.6665044,4.990729,8.789074,5.8975253,-0.100801714,-0.10290685,2.181731,3.2021823,-0.2432746,-0.08513273,-0.10078865,-0.10290526,-0.14520228,4.5006466,-0.10080344,-0.19813283,-0.085157715,-0.100799754,-0.060104962,-0.15931924,-0.100803405,5.98379,5.326119,-0.11816878,-0.14795661,-0.10060286,-0.100794345,-0.13614628,-0.20725825,4.947772,-0.125103,-0.15657571,-0.15690626,-0.10080328,-0.102907,3.2812593,3.6262257,-0.085177034,2.9562063,-0.100803554,6.590649,6.3077483,6.600361,-0.10080241,4.8003488,5.663329,-0.10080314,3.2217565,-0.100803524,3.6984363,-0.100802824,5.398174,-0.10079825,-0.14691104,6.451061,-0.10080268,-0.10290605,3.8257442,-0.08516815,-0.10080293,4.155757,-0.1650517,-0.10080305,-0.102907196,-0.10290742,-0.085129164,-0.10079515,-0.10290557,-0.10290451,-0.10290559,-0.10290556,3.0901127,4.706252,-0.100802734,-0.10290657,-0.10290609,-0.102906644,-0.2025511,1.2049801,-0.14723541,-0.10076502,5.013861,6.9935822,5.944835,-0.10080281,-0.10290614,-0.08516257,-0.19501048,-0.10080342,6.76788,4.77118,4.602315,-0.1008035,-0.06652963,-0.10078263,-0.10737923,-0.124497145,-0.15298569,-0.052188452,-0.26007295
k__Bacteria|p__Firmicutes|c__Clostridia|o__Eubacteriales|f__Lachnospiraceae|g__Blautia|s__Blautia_wexlerae,-0.1004395,-0.12316422,-0.12341843,-0.12611476,-0.12611488,-0.23867357,-0.1666669,-0.16813041,-0.10929718,7.754724,6.0618253,-0.12342071,7.353732,6.5498943,-0.08556121,-0.12322548,-0.058144663,-0.12316565,-0.12608516,-0.19931981,-0.1978925,-0.10330507,-0.12340395,-0.12711628,-0.20043859,-0.11658599,-0.182019,2.907715,-0.1509206,-0.123406306,-0.15142563,-0.10844302,7.9312334,-0.28454733,-0.123414546,-0.10339239,-0.12341957,7.5251703,-0.12342088,6.7744,-0.12342091,7.520392,-0.10306825,-0.123350635,-0.13691942,-0.12341827,6.608022,5.8873997,1.1272022,-0.10339522,-0.24679694,-0.18279888,-0.25087595,5.453685,6.2014136,7.5674815,-0.11894142,-0.123379625,-0.040142577,-0.056944285,-0.12307607,-0.11274739,-0.13743341,-0.10334186,-0.12341055,-0.12611265,-0.12611477,-0.12611508,-0.27573854,-0.12340214,-0.103342354,-0.16243835,-0.12334165,-0.14074792,-0.12340467,-0.15887658,-0.14481027,-0.10338533,-0.18691605,-0.14998752,-0.12341517,-0.1261047,-0.12611003,-0.12607916,-0.120334074,-0.13700745,-0.08858878,-0.123412356,7.8041396,-0.12341765,7.9116282,-0.11139822,-0.1388583,-0.13027036,-0.1074974,1.6552613,-0.123371996,-0.12596619,-0.10065024,-0.08152827,-0.09427856,-0.123395436,-0.11960925,-0.15027548,-0.16982608,-0.1185138,-0.123403326,-0.1261119,-0.17738779,-0.15176103,-0.123419,6.1031785,-0.17989698,-0.13525523,-0.123417675,-0.15095688,-0.17780018,-0.2009549,-0.1234081,-0.09015879,-0.12327877,-0.12151222,-0.121854745,-0.13997786,-0.21433522,5.313417,-0.16057305,-0.123383924,-0.07092635,-0.12311981,-0.12574679,7.354399,-0.12329635,-0.10333648,-0.12334781,-0.14100276,-0.12339851,-0.114095174,7.2673855,7.7589564,-0.102979675,-0.10945694,-0.12339433,-0.09238048,-0.20963459,-0.12341778,-0.12607512,-0.10310457,-0.12338394,-0.16015086,-0.1553517,-0.12341984,-0.19704957,7.214355,-0.10283208,-0.10460003,-0.11361031,-0.10256614,-0.12341635,-0.19495486,-0.12340531,-0.103067994,-0.1233439,-0.041086134,-0.12967405,-0.12341924,-0.2300741,-0.123409554,-0.10384405,-0.12274407,-0.0784167,-0.123352244,-0.12766197,-0.12336172,-0.121451,-0.075820275,-0.09192432,-0.101488546,-0.1232941,-0.12607032,-0.12378413,-0.123344004,-0.1410757,-0.13984437,-0.18093297,-0.12342042,-0.25777104,7.201318,-0.12337803,-0.13462572,-0.119081676,-0.12340664,-0.12611288,-0.12611364,-0.12611416,-0.19755594,-0.25103784,-0.20219928,-0.19465852,-0.24831252,-0.20506537,-0.22091979,-0.1234134,-0.10320293,7.7381134,-0.12341111,-0.12611116,8.447793,7.1181626,-0.12340697,-0.32474133,-0.12341953,-0.12611541,-0.1261149,-0.12611473,6.88147,-0.12340664,-0.114121355,-0.123408005,-0.12610829,-0.12611127,-0.22984435,-0.12341659,-0.12610301,-0.08963354,-0.12336914,-0.12609255,-0.12610075,-0.12610143,-0.13302092,-0.1051107,-0.14014931,4.4253297,6.2731113,5.144889,3.7109468,-0.12341491,3.9133084,-0.103372246,-0.123398125,-0.12611532,-0.12611511,-0.12611511,-0.12611535,6.6719556,-0.11451449,-0.12340167,6.40519,5.728583,6.1133375,-0.12341735,-0.12607951,-0.12993515,-0.047159404,-0.12065223,-0.14016809,-0.14106366,-0.12335036,-0.19987361,-0.1649412,-0.17166539,-0.12340712,-0.12609583,-0.12722544,-0.14610182,-0.2588673,-0.10328115,-0.12336084,-0.09132757,-0.12832497,-0.13684332,-0.16221203,-0.15659244,-0.10300325,-0.12330013,-0.12607166,-0.12609424,-0.12610981,5.403207,7.9044075,-0.15106063,-0.07294749,-0.2039893,-0.12340197,-0.1260936,-0.104459345,-0.12323582,-0.17466888,-0.13176009,-0.1234054,-0.15109587,-0.10913184,-0.123329036,-0.05825615,-0.14326635,6.7105107,-0.12337701,3.4079773,-0.123420045,6.475819,-0.12341552,-0.16808087,-0.14331596,-0.1234165,-0.12611374,-0.25088155,-0.123420216,5.4969597,-0.07562123,-0.086852394,-0.10702289,6.289223,-0.12031609,8.352572,8.815983,-0.22133875,-0.12812386,-0.0969081,-0.16398169,-0.12716047,-0.11335766,-0.18846886,-0.103369325,-0.17755464,-0.0994983,-0.115196005,-0.12337758,-0.11662802,-0.19749595,-0.14526704,-0.12781724,-0.096878245,-0.123377666,-0.12602359,-0.12434345,-0.11230643,-0.063823454,-0.12334499,-0.11419349,-0.10007019,-0.24483351,-0.12342046,-0.12610999,-0.16344379,3.8782692,4.1719975,-0.12341365,-0.0782174,7.648985,5.710662,-0.09859173,-0.11065883,-0.12326242,-0.12596476,-0.083404,-0.1213824,-0.13072303,-0.13855581,2.6937916,-0.12340316,-0.12611228,5.5876317,8.781324,-0.2432746,-0.10321086,-0.12332501,-0.12609893,-0.14520228,-0.2961179,-0.12342012,-0.19813283,-0.10332548,-0.12339036,-0.060104962,-0.15931924,-0.1234193,4.7808614,5.2040067,-0.11816878,-0.14795661,-0.10060286,-0.12334691,-0.13614628,-0.20725825,-0.17393659,-0.125103,-0.15657571,-0.15690626,-0.123418644,-0.12611341,2.351056,-0.22200036,-0.10340221,-0.2814266,-0.123420656,-0.1915083,8.374949,8.858743,-0.12338055,-0.13369927,-0.12557748,-0.123417184,-0.18106565,-0.12342054,4.1991906,-0.123394385,5.525722,-0.12336855,-0.14691104,-0.13029914,-0.12341451,-0.12610766,-0.18915205,-0.103366,-0.12341684,5.8715253,-0.1650517,-0.12341581,-0.12611434,-0.1261011,-0.10317265,-0.12337154,-0.12609851,-0.12609428,-0.12609966,-0.12610349,-0.16505513,-0.17392421,-0.1234137,-0.126111,-0.12610629,-0.12611124,-0.2025511,5.3479548,-0.14723541,-0.12294835,-0.11499533,-0.10471026,-0.11893196,-0.123415396,-0.12607835,-0.103347026,-0.19501048,-0.12341905,-0.18738703,-0.11705899,-0.17429145,-0.123414785,-0.06652963,-0.12330058,-0.10737923,-0.124497145,-0.15298569,-0.052188452,7.434394
k__Bacteria|p__Firmicutes|c__Bacilli|o__Lactobacillales|f__Streptococcaceae|g__Streptococcus|s__Streptococcus_thermophilus,-0.1004395,-0.12316422,1.5618451,1.5954218,1.5954239,3.39801,-0.1666669,5.7495365,1.5620315,3.7867432,4.342727,1.5618815,7.226283,3.3133514,-0.08556121,1.5586965,-0.058144663,1.5576622,1.5949447,1.7901094,7.0988894,1.3109009,1.561607,2.5791323,5.0178127,2.7334504,4.495324,3.0282247,-0.1509206,1.5616503,-0.15142563,-0.10844302,-0.18249588,3.0817125,1.5617783,1.3124499,1.561863,5.188454,1.5618844,-0.29867563,1.561885,-0.29356226,1.3067243,1.5607653,2.2954178,1.5618415,1.2359295,4.942759,2.552389,1.3125036,-0.24679694,-0.18279888,-0.25087595,-0.26027086,-0.28621647,-0.27511892,-0.11894142,1.5612097,5.730667,2.7041993,1.5564176,4.1979594,4.5429378,1.3115664,1.561721,1.5953875,1.5954225,1.5954272,3.398506,1.5615754,1.3115876,3.3917584,3.0942988,3.2987099,1.5616214,0.65081733,3.329671,1.3123213,4.9885716,3.6585798,1.5617914,1.5952594,1.5953475,1.5948297,-0.120334074,-0.13700745,2.1693807,1.5617453,-0.19008024,1.5618317,2.1548724,-0.11139822,4.805864,-0.13027036,-0.1074974,-0.15152657,1.5610867,1.5929061,-0.10065024,-0.08152827,-0.09427856,1.561466,-0.11960925,-0.15027548,-0.16982608,5.058436,1.5616028,1.5953753,2.630772,2.0967095,1.5618544,4.436083,7.518669,3.3586142,1.5618321,5.9578676,4.559191,2.9697967,1.5616784,-0.09015879,1.5595462,-0.12151222,-0.121854745,7.8508487,7.241219,5.5134597,-0.16057305,1.5612769,-0.07092635,1.5570055,1.5897079,-0.18733518,1.5599655,1.3114362,-0.12334781,-0.14100276,1.5615203,-0.114095174,6.430445,5.269238,1.3052008,-0.10945694,1.5614494,-0.09238048,-0.20963459,1.5618339,1.5947914,1.307421,1.5612888,4.18631,3.8670974,1.5618676,3.003521,4.1514864,1.3028307,-0.10460003,-0.11361031,-0.10256614,1.5618097,6.3221884,1.5616195,1.3067594,1.5606216,-0.041086134,-0.12967405,1.5618589,-0.2300741,1.5616908,-0.10384405,1.5508988,-0.0784167,1.5607688,-0.12766197,1.5609202,3.6343231,-0.075820275,-0.09192432,-0.101488546,1.559807,1.5946922,-0.12378413,1.5606186,6.1513987,-0.13984437,-0.18093297,1.5618768,-0.25777104,-0.12844054,1.5611596,-0.13462572,-0.119081676,1.5616486,1.5953913,1.5954039,1.5954125,-0.19755594,-0.25103784,-0.20219928,-0.19465852,-0.24831252,-0.20506537,-0.22091979,1.5617636,1.3090982,-0.11956477,1.5617238,1.5953641,-0.20931396,5.5973897,1.561657,5.4017286,1.5618622,1.5954325,1.5954242,1.5954213,-0.2185038,1.5616463,5.9267077,1.5616801,1.5953226,1.5953653,-0.22984435,1.5618137,1.5952235,-0.08963354,1.5610462,1.5950547,1.5951993,1.5952013,-0.13302092,-0.1051107,2.0302107,-0.15141064,2.60511,3.3902771,-0.14613561,1.5617851,-0.12319561,1.3121164,1.5615277,1.5954312,1.5954278,1.5954278,1.5954316,-0.38518023,-0.11451449,1.5615747,-0.15564899,-0.14443555,-0.16636807,1.5618286,1.5948672,3.545635,8.149628,1.5188394,6.226171,3.500367,1.5607551,4.5603857,1.1333549,-0.17166539,1.5616598,1.5951065,4.3869066,2.22791,-0.2588673,1.3104591,1.5608974,-0.09132757,-0.12832497,6.77886,7.143325,5.2228913,1.3055375,1.5599267,1.5947173,1.5950854,1.5953407,2.4845781,-0.19795567,6.0251365,4.357944,4.4793396,1.5615833,1.5950687,2.6578455,1.5586348,4.771211,5.3129377,1.5616274,1.6179256,1.818449,1.5603821,-0.05825615,-0.14326635,-0.17082691,1.5611813,-0.18883844,1.5618712,2.48986,1.5618018,4.5161014,-0.14331596,1.5618129,1.5954062,4.5724187,1.5618739,1.6049067,3.165643,2.3640428,1.6528507,2.5575104,1.5133152,1.4041748,5.809719,6.574404,6.511895,5.998997,5.862428,5.344354,3.6426065,4.74117,1.312047,5.0150356,-0.0994983,2.638345,1.5611856,3.4328609,2.4318955,-0.14526704,-0.12781724,-0.096878245,1.5611675,1.5939285,5.3430505,3.2955317,-0.063823454,1.5606426,-0.11419349,-0.10007019,-0.24483351,1.5618775,1.5953429,-0.16344379,2.3868754,-0.12524253,1.5617661,4.475627,0.7449889,2.7736564,-0.09859173,1.8575952,1.5592928,1.5929798,-0.083404,5.020386,-0.13072303,-0.13855581,-0.19385117,1.5616035,1.5953815,-0.19487974,-0.23847799,3.901674,1.309392,1.5603244,1.5951688,-0.14520228,7.6498604,1.561872,8.152025,1.3112574,1.5613937,4.0667567,5.749541,1.5618591,2.2910368,4.9858084,-0.11816878,3.452717,-0.10060286,1.560699,-0.13614628,3.535095,3.7724283,6.459056,3.1362643,3.9677103,1.5618484,1.5953999,9.577188,7.5476823,1.3126209,-0.2814266,1.5618808,-0.1915083,2.6750844,-0.16952515,1.5612109,4.621083,3.8778737,1.5618253,3.4550643,1.5618787,-0.18642783,1.5614582,4.5779376,1.5610609,5.474722,4.829574,1.5617815,1.5953059,2.8680372,1.3119793,1.5618181,5.091411,3.798269,1.5618043,1.5954156,1.5951936,1.3086295,1.5610765,1.595165,1.5950918,1.5951821,1.5952363,-0.16505513,1.15998,1.56177,1.5953606,1.5952859,1.5953645,4.130485,0.90061504,5.3295794,1.5545295,1.644446,-0.10471026,2.9190004,1.561796,1.5948265,1.3116565,-0.19501048,1.5618557,-0.18738703,9.023555,-0.17429145,1.561776,-0.06652963,1.5599047,-0.10737923,-0.124497145,-0.15298569,3.7698205,-0.26007295
k__Bacteria|p__Firmicutes|c__Bacilli|o__Lactobacillales|f__Streptococcaceae|g__Streptococcus|s__Streptococcus_salivarius,4.200862,6.3701897,3.4367514,3.5105882,3.510595,4.5775743,4.3609133,6.127312,4.3380837,5.8473473,7.26396,3.4368827,4.2945056,3.3642068,-0.08556121,3.425893,-0.058144663,3.422587,3.508894,2.2694273,-0.1978925,2.883338,3.435926,1.9667104,2.5323186,3.8396022,5.2494955,3.480631,7.8473387,3.436049,6.676069,6.8151836,7.0947094,6.4858565,3.4365077,2.888403,3.4368181,3.8127718,3.436893,3.1699176,3.4368944,5.5010104,2.8699002,3.432819,7.505956,3.4367445,5.747677,5.7084656,5.028592,2.8885603,7.1224904,5.508334,5.4888988,2.244812,4.6584086,3.0711243,1.6665943,3.4345412,-0.040142577,4.568176,3.4171412,-0.11274739,1.4627175,2.8854504,3.436297,3.510469,3.5105886,3.5106065,4.775173,3.435771,2.8854928,-0.16243835,1.1849926,-0.14074792,3.4359722,-0.15887658,2.6701565,2.8879848,4.7263803,3.4578664,3.4365678,3.510015,3.510315,3.5083795,6.861967,6.854093,5.4867244,3.4364083,5.3477173,3.4367094,5.944366,3.8789718,5.170682,4.761458,1.0097266,2.00269,3.4341197,3.5016594,4.8780746,2.904519,4.0569706,3.4354458,-0.11960925,-0.15027548,3.1555486,7.4183207,3.4358783,3.5104246,6.556574,8.475378,3.4367852,7.4265924,6.618129,4.5053153,3.436711,7.9273868,7.5744634,5.8294363,3.4361033,-0.09015879,3.428864,3.9859486,4.113393,2.4974988,2.6933105,-0.13908121,6.9773784,3.4347963,-0.07092635,3.4197922,3.489283,-0.18733518,3.4295669,2.8851194,-0.12334781,-0.14100276,3.4356222,-0.114095174,-0.25318068,2.9383183,2.8650336,6.2863135,3.435388,4.416541,1.2377567,3.436717,3.508159,2.8721285,3.4347754,5.3120036,4.452636,3.4368334,6.5901747,3.5700932,2.8569887,-0.10460003,1.5906649,-0.10256614,3.4366364,3.1616938,3.4359517,2.869962,3.43254,-0.041086134,-0.12967405,3.4367974,1.2568096,3.4361935,2.924231,3.3986049,3.234935,3.432969,4.979768,3.4335337,5.4421663,-0.075820275,2.7173624,1.4216368,3.4296813,3.508075,-0.12378413,3.432291,4.649515,5.3108115,6.1075435,3.4368663,4.4573035,2.020312,3.4343076,-0.13462572,4.797784,3.43609,3.5104804,3.5105245,3.5105543,2.7580357,1.2645708,3.9671805,3.3295343,1.8744763,1.1779397,1.9374595,3.436448,2.8775072,5.8584557,3.4363394,3.5103822,4.0173116,5.6106763,3.4360638,7.49708,3.4368165,3.5106254,3.5105963,3.5105867,1.368493,3.4360275,6.7800403,3.4361472,3.5102081,3.510387,3.2076511,3.4366512,3.5098608,3.118311,3.4339285,3.5093377,3.5097842,3.509839,-0.13302092,2.7421768,5.681212,6.318847,5.793991,6.4362683,5.4706306,3.4365568,3.2709732,2.887243,3.4355817,3.5106206,3.5106077,3.5106082,3.5106215,4.591637,-0.11451449,3.4357958,5.8709817,3.4246264,4.309618,3.4366899,3.5084786,-0.12993515,-0.047159404,3.2771769,1.8899839,-0.14106366,3.432871,2.2229764,4.6898255,4.099358,3.4361115,3.5095272,-0.12722544,1.3875381,6.012261,2.8820038,3.4334822,3.1003118,4.4918165,3.1674345,5.1114125,-0.15659244,2.8663578,3.4299479,3.5081344,3.5094242,3.5103064,3.5883467,5.365892,5.5549164,2.9712164,6.639612,3.4358072,3.5093966,1.8439046,3.4257898,6.326501,2.6099906,3.4360223,4.1380563,3.9143493,3.431641,3.1702716,-0.14326635,1.8864559,3.4343853,-0.18883844,3.4368446,1.5776227,3.4365754,5.118674,6.3352637,3.4366426,3.510528,-0.25088155,3.4368541,6.745348,-0.07562123,-0.086852394,-0.10702289,-0.060967896,3.2579696,-0.16796505,-0.15746465,3.8492444,4.5129056,-0.0969081,2.609594,1.0904766,1.6208843,4.821009,2.887061,2.748394,3.0881827,-0.115196005,3.434422,-0.11662802,4.7339873,5.947757,5.251486,-0.096878245,3.434453,3.505402,2.8262978,-0.11230643,2.3959496,3.4325738,-0.11419349,2.5853112,6.8564568,3.4368687,3.5102875,4.4037457,5.3194103,-0.12524253,3.4364836,-0.0782174,-0.19187105,2.4874642,8.587726,7.941446,3.4279256,3.5020735,3.4233632,3.399269,3.051161,6.8601675,5.4180098,3.435872,3.5104468,4.39064,3.0227365,4.2324805,2.8782759,3.431441,3.509682,7.1327295,5.108741,3.4368496,-0.19813283,2.8845015,3.4351404,-0.060104962,-0.15931924,3.436801,1.6389215,4.2737136,2.3333113,5.4586477,2.3044975,3.4326477,4.550388,3.2893467,1.7656002,8.005375,6.0635095,5.402339,3.4367642,3.5105114,4.264211,4.277791,2.88896,7.3430924,3.4368796,-0.1915083,3.7298427,4.039881,3.4344084,1.4344869,3.2526438,3.4366803,2.7033918,3.436873,-0.18642783,3.4352899,5.2283053,3.4338832,-0.14691104,-0.13029914,3.4365292,3.5101862,6.345836,2.8868608,3.4366622,3.3304641,5.3050904,3.4366002,3.5105648,3.509728,2.8760276,3.4340975,3.5096521,3.5094159,3.5097187,3.5099435,3.793418,5.443509,3.4364805,3.5103755,3.5101042,3.5103889,5.0208035,2.1927185,3.9286995,3.4095807,3.530405,-0.10471026,1.4569379,3.43658,3.508374,2.8858325,4.332557,3.4367867,3.1047719,-0.11705899,2.2570539,3.4364996,-0.06652963,3.430081,5.9988875,5.4158297,3.5825782,-0.052188452,5.737844
k__Bacteria|p__Firmicutes|c__Negativicutes|o__Veillonellales|f__Veillonellaceae|g__Megasphaera|s__Megasphaera_micronuciformis,-0.1004395,-0.12316422,-0.1122762,-0.114630505,-0.11463058,4.679163,-0.1666669,-0.16813041,-0.10929718,1.1675295,2.788417,-0.11227766,-0.22850217,-0.3768707,4.0788336,-0.112159595,-0.058144663,-0.11212079,-0.114611775,3.579678,1.344989,-0.09473434,-0.11226711,-0.12711628,-0.20043859,-0.11658599,2.0251782,3.189743,-0.1509206,-0.11226848,-0.15142563,-0.10844302,-0.18249588,-0.28454733,-0.112273544,-0.09479,-0.112276934,-0.22338755,-0.11227776,-0.29867563,-0.112277776,-0.29356226,-0.09457611,-0.112232804,-0.13691942,-0.11227612,4.0015054,7.5714736,2.005867,-0.09479183,3.1128638,4.2343273,6.016384,5.810884,5.8375254,5.5117974,-0.11894142,-0.11225167,-0.040142577,-0.056944285,-0.11205971,-0.11274739,-0.13743341,-0.0947579,-0.11227118,-0.114629194,-0.11463052,-0.11463073,-0.27573854,-0.112265766,-0.094757386,-0.16243835,-0.12334165,-0.14074792,-0.11226758,4.5977025,-0.14481027,-0.09478532,-0.18691605,-0.14998752,-0.112274185,-0.11462417,-0.114627495,-0.11460781,-0.120334074,3.2592733,1.4696252,-0.1122724,-0.19008024,-0.112275735,2.7518075,-0.11139822,-0.1388583,2.2061598,-0.1074974,2.2374358,-0.11224716,-0.11454238,-0.10065024,4.849941,1.5896305,-0.1122618,3.9131436,2.8075664,6.2792,-0.1185138,-0.1122666,-0.11462874,6.791001,5.834616,-0.112276584,4.915319,-0.17989698,-0.13525523,-0.112275764,4.7866077,5.1999474,4.210591,-0.11226928,-0.09015879,-0.11218904,-0.12151222,-0.121854745,2.6802895,4.22437,-0.13908121,-0.16057305,-0.11225462,-0.07092635,-0.11209065,-0.11439587,-0.18733518,-0.11219836,-0.09475164,-0.12334781,-0.14100276,-0.112263754,-0.114095174,-0.25318068,-0.26654312,-0.094536036,-0.10945694,-0.1122611,-0.09238048,4.833419,-0.11227582,-0.11460425,-0.09460337,-0.11225452,-0.16015086,1.4405864,-0.11227711,4.242196,3.4545438,-0.09441486,-0.10460003,1.7619184,-0.10256614,-0.11227492,-0.19495486,-0.11226775,-0.09458079,-0.112230144,-0.041086134,-0.12967405,-0.112276725,2.604366,-0.1122703,-0.10384405,-0.11186552,-0.0784167,-0.11223465,3.677267,-0.112240665,-0.121451,-0.075820275,-0.09192432,-0.101488546,-0.112198174,-0.114602774,-0.12378413,-0.11223027,-0.1410757,-0.13984437,-0.18093297,-0.11227747,4.2056847,-0.12844054,-0.1122497,-0.13462572,-0.119081676,-0.11226889,-0.11462931,-0.11462982,-0.11463015,-0.19755594,3.6108918,-0.20219928,2.5658348,4.257807,4.802398,5.2790527,-0.11227291,-0.09466805,-0.11956477,-0.112271644,-0.11462824,2.2544346,2.8046908,-0.11226854,-0.32474133,-0.11227693,-0.11463092,-0.114630595,-0.114630505,-0.2185038,-0.112268135,-0.114121355,-0.1122695,-0.11462633,-0.1146283,0.8037868,-0.11227509,-0.11462204,-0.08963354,-0.11224492,-0.114616655,-0.11462162,-0.11462221,0.7920401,-0.1051107,-0.14014931,-0.15141064,-0.15839578,-0.15615125,-0.14613561,-0.112274036,-0.12319561,-0.094777,-0.11226329,-0.11463088,-0.11463073,-0.114630744,-0.11463089,-0.38518023,-0.11451449,-0.11226566,5.5883784,4.4869523,0.61505204,-0.11227552,-0.1146075,-0.12993515,-0.047159404,-0.11052291,-0.14016809,-0.14106366,-0.11223334,-0.19987361,-0.1649412,-0.17166539,-0.11226912,-0.11461874,-0.12722544,-0.14610182,6.1955,-0.09472318,-0.1122402,-0.09132757,-0.12832497,-0.13684332,5.590735,-0.15659244,-0.094541885,-0.11220113,-0.114603356,-0.11461763,-0.1146274,2.7525449,4.9805017,-0.15106063,-0.07294749,-0.2039893,-0.11226575,-0.11461733,1.4286311,-0.11215977,-0.17466888,-0.13176009,-0.11226813,4.1125727,-0.10913184,-0.11222015,2.4405813,-0.14326635,-0.17082691,-0.11225003,-0.18883844,-0.11227723,-0.31316653,-0.112274304,-0.16808087,-0.14331596,-0.11227499,-0.114629865,4.5322995,-0.112277344,4.3858232,-0.07562123,-0.086852394,-0.10702289,-0.060967896,-0.11030439,-0.16796505,-0.15746465,-0.22133875,-0.12812386,-0.0969081,-0.16398169,3.6101625,5.818496,1.7297299,-0.09477542,-0.17755464,-0.0994983,-0.115196005,-0.112250485,-0.11662802,-0.19749595,-0.14526704,2.92099,-0.096878245,-0.112250715,-0.11457336,-0.12434345,-0.11230643,-0.063823454,-0.1122303,-0.11419349,-0.10007019,3.4534078,-0.1122775,-0.11462733,-0.16344379,-0.1759062,-0.12524253,-0.112273246,-0.0782174,4.8420997,5.0404463,-0.09859173,-0.11065883,-0.11217901,-0.11453679,-0.083404,-0.1213824,-0.13072303,-0.13855581,-0.19385117,-0.11226648,-0.114628956,-0.19487974,-0.23847799,-0.2432746,-0.094676234,-0.11221759,-0.11462054,-0.14520228,2.4672391,-0.112277284,-0.19813283,-0.09474728,-0.11225845,-0.060104962,5.2187824,-0.11227675,2.2477922,5.1900024,-0.11816878,-0.14795661,-0.10060286,-0.11223094,2.2725534,5.5926175,-0.17393659,-0.125103,2.731712,3.802816,-0.11227633,-0.11462967,1.5235215,-0.22200036,-0.094796315,-0.2814266,-0.11227761,-0.1915083,2.0936518,-0.16952515,-0.11225094,5.3973107,-0.12557748,-0.11227542,-0.18106565,-0.11227755,1.8385088,-0.11226021,-0.30462334,-0.11224453,-0.14691104,-0.13029914,-0.11227377,-0.114626065,-0.18915205,-0.09477325,-0.11227523,-0.10481856,-0.1650517,-0.11227451,-0.11463027,-0.11462153,-0.09466119,-0.11224692,-0.114620194,-0.11461756,-0.1146209,-0.1146234,3.809505,-0.17392421,-0.11227321,-0.11462815,-0.11462517,-0.1146283,-0.2025511,3.5598645,-0.14723541,-0.111976445,-0.11499533,-0.10471026,-0.11893196,-0.11227433,-0.11460678,-0.09476203,-0.19501048,-0.1122766,4.524551,1.7646072,3.7634459,-0.11227365,-0.06652963,-0.11220322,-0.10737923,-0.124497145,-0.15298569,-0.052188452,4.2988234
k__Bacteria|p__Firmicutes|c__Negativicutes|o__Veillonellales|f__Veillonellaceae|g__Veillonella|s__Veillonella_dispar,-0.1004395,3.1903372,4.6974034,4.7982264,4.7982326,7.2520432,3.9967144,-0.16813041,-0.10929718,-0.22895765,1.6997603,4.697504,0.7826654,1.0058554,-0.08556121,4.688648,-0.058144663,4.6856503,4.796909,4.887658,3.892378,3.94414,4.69674,2.3224514,3.5166547,6.8387647,5.5955615,7.1890454,6.664011,4.6968703,6.38949,6.6715684,6.188529,7.236294,4.6972256,3.9485111,4.6974525,6.9920087,4.6975117,5.630735,4.6975136,4.8674335,3.9322796,4.694455,7.055038,4.6973925,7.57803,4.973225,-0.1296162,3.948668,7.276644,5.036685,5.8933773,7.379142,7.438899,3.3929195,4.4908834,4.695635,1.7286664,-0.056944285,4.682493,-0.11274739,6.201366,3.946033,4.6970644,4.79813,4.7982283,4.798241,5.917968,4.696675,3.9461012,4.0527344,1.2251322,-0.14074792,4.6967807,3.499177,3.1357412,3.9481492,3.7600183,6.1045566,4.697253,4.797776,4.798023,4.7966638,4.489527,4.699319,3.8234804,4.6971245,1.5383176,4.6973653,4.367107,5.4725347,-0.1388583,7.530634,4.090407,6.6918497,4.6952896,4.7915077,3.352309,3.006998,1.301146,4.6963453,6.043813,8.343824,5.9588814,7.6448765,4.696739,4.798097,6.603055,8.557978,4.697429,6.438848,-0.17989698,-0.13525523,4.6973658,7.93353,7.4217377,7.6976275,4.69697,-0.09015879,4.6909704,3.5918293,2.8205636,-0.13997786,4.640193,3.6141312,5.514992,4.695816,7.557783,4.6839895,4.782729,-0.18733518,4.692384,3.9456377,-0.12334781,5.7786946,4.6964993,1.3311893,7.413381,4.317003,3.9278848,7.9234347,4.696298,3.3906891,6.9723926,4.6973705,4.796571,3.9342513,4.6958704,5.5558434,7.519598,4.697465,7.4774895,7.3187113,3.9210792,-0.10460003,-0.11361031,8.531518,4.6973023,7.8648276,4.6967926,3.9323297,4.693989,-0.041086134,-0.12967405,4.697443,6.4373207,4.69699,-0.10384405,4.6670284,6.636641,4.6944227,5.5456595,4.694829,5.1477733,-0.075820275,1.8697202,-0.101488546,4.691725,4.7961884,4.0491467,4.6941442,8.371537,8.717845,7.052269,4.69749,2.367006,9.140496,4.695545,5.452885,3.1102724,4.6968503,4.7981415,4.798177,4.7982006,-0.19755594,6.9058805,5.8023505,6.1602907,3.5145264,1.3324109,4.5146646,4.6971855,3.939045,-0.11956477,4.697063,4.798067,5.4350805,7.8027163,4.6968966,6.2815356,4.6974497,4.798256,4.798233,4.7982244,5.8055816,4.696869,6.329123,4.696954,4.7979603,4.798071,3.8721282,4.6973133,4.7976933,1.2970159,4.6951942,4.7971964,4.797615,4.7976065,7.874951,3.0378711,4.7852335,5.8116484,4.2042994,5.4996266,1.763824,4.6972322,5.8847485,3.9475865,4.696539,4.798252,4.7982426,4.7982426,4.798253,-0.38518023,3.8070674,4.696655,7.5762405,6.2055936,8.449799,4.697359,4.7967463,2.1763358,-0.047159404,4.5805445,-0.14016809,-0.14106366,4.694392,-0.19987361,4.114858,6.335439,4.696886,4.7973366,4.1406393,-0.14610182,5.035292,3.9428692,4.6947594,5.9703245,8.16234,6.3120656,6.9781857,7.5713487,3.9287167,4.6921086,4.7962656,4.7972875,4.7980003,8.465632,5.880889,6.5424047,1.5588204,7.2390866,4.6966844,4.7972317,8.299852,4.688695,5.16296,5.789791,4.696789,7.837004,5.8157663,4.693344,6.5377054,2.4318404,-0.17082691,4.6955714,-0.18883844,4.6974754,-0.31316653,4.697291,-0.16808087,8.407268,4.6973133,4.7981844,2.797346,4.6974835,4.2104955,-0.07562123,-0.086852394,-0.10702289,-0.060967896,4.565098,-0.16796505,-0.15746465,6.5933414,5.0285587,7.105238,8.567848,6.119834,3.414474,6.122529,3.9473836,8.312932,6.921342,6.5122547,4.6955776,5.5176473,7.127478,5.3057537,2.701321,3.9371116,4.6954994,4.7940674,8.403937,7.039876,-0.063823454,4.6940575,4.6039896,-0.10007019,7.500632,4.6974926,4.7980194,2.8519228,5.536876,2.0632367,4.697181,-0.0782174,1.5331467,4.6224904,-0.09859173,-0.11065883,4.6902823,4.7914352,5.509763,7.29915,6.2575483,1.6452451,8.137313,4.696742,4.7981143,1.6814159,6.2678666,-0.2432746,3.939849,4.693176,4.797529,2.5886135,5.3515534,4.6974773,-0.19813283,3.9451482,4.69616,4.153178,3.1657355,4.697443,4.795812,5.8681884,4.4765377,4.8950815,2.3353307,4.6942477,5.4951315,7.4684334,5.6137815,-0.125103,4.012075,3.1603506,4.6974134,4.7981653,1.9279473,8.312527,3.9489963,6.276645,4.697502,1.2474868,1.5565181,-0.16952515,4.695718,8.34587,2.319274,4.6973495,2.873113,4.697496,-0.18642783,4.696375,3.56758,4.695259,-0.14691104,-0.13029914,4.6972265,4.7979026,-0.18915205,3.9471874,4.6973276,4.000036,5.8848066,4.697293,4.798209,4.7976255,3.9376626,4.695258,4.7975245,4.797314,4.797569,4.7977104,7.5093913,6.7321463,4.697197,4.7980556,4.7978506,4.798066,5.680112,4.5368147,1.4701341,4.6775246,-0.11499533,-0.10471026,3.7598276,4.6972666,4.796641,3.9462614,6.6579633,4.6974335,6.636437,5.8933625,8.103875,4.6972246,-0.06652963,4.691989,-0.10737923,-0.124497145,-0.15298569,-0.052188452,5.0307655
k__Bacteria|p__Firmicutes|c__Bacilli|o__Lactobacillales|f__Enterococcaceae|g__Enterococcus|s__Enterococcus_faecium,-0.1004395,-0.12316422,-0.10231766,-0.10449168,-0.10449171,4.1176467,1.5520906,-0.16813041,-0.10929718,-0.22895765,-0.23728925,-0.102317765,-0.22850217,-0.3768707,-0.08556121,-0.102302976,-0.058144663,-0.10229844,-0.104490146,-0.19931981,-0.1978925,-0.08615269,-0.10231663,-0.12711628,-0.20043859,-0.11658599,-0.182019,2.0662854,-0.1509206,-0.102316916,-0.15142563,-0.10844302,4.043422,5.2261033,-0.10231696,-0.08616863,-0.102317706,3.8660629,-0.102317765,4.3702235,-0.10231778,-0.29356226,-0.086105146,-0.102314256,-0.13691942,-0.10231759,2.1625075,-0.24781659,2.2286584,-0.08616918,-0.24679694,-0.18279888,-0.25087595,-0.26027086,-0.28621647,0.8598183,-0.11894142,-0.10231514,-0.040142577,8.942807,-0.10230371,7.6310034,5.402927,-0.086160794,-0.10231738,-0.10449157,-0.10449171,-0.10449171,-0.27573854,-0.102316245,-0.08616091,-0.16243835,-0.12334165,-0.14074792,-0.10231686,4.8044696,6.0114374,-0.08616692,5.809095,5.8127327,-0.10231745,-0.10449116,-0.10449153,-0.10448639,4.872404,4.44375,0.9978762,-0.10231727,7.9154468,-0.10231759,5.148573,2.853394,4.125135,1.2559226,1.0599808,-0.15152657,-0.1023148,-0.10446902,-0.10065024,-0.08152827,-0.09427856,-0.10231603,-0.11960925,-0.15027548,-0.16982608,9.270898,-0.10231687,-0.1044915,5.079247,-0.15176103,-0.102317676,4.9553504,-0.17989698,5.9274535,-0.10231757,2.0564127,1.5380545,-0.2009549,-0.102316536,-0.09015879,-0.1023081,-0.12151222,-0.121854745,-0.13997786,-0.21433522,-0.13908121,-0.16057305,-0.10231525,-0.07092635,-0.10229856,-0.10448139,-0.18733518,-0.10231303,-0.08615845,-0.12334781,2.8842783,-0.10231647,-0.114095174,-0.25318068,5.538558,-0.086080596,3.1524515,-0.102316074,5.697883,3.6950333,-0.10231759,-0.104488395,-0.086113125,-0.1023158,-0.16015086,-0.1553517,-0.10231771,1.9387234,-0.20616047,-0.08605799,-0.10460003,-0.11361031,-0.10256614,-0.10231747,0.64803153,-0.102315605,-0.086105004,-0.10231224,-0.041086134,1.5392706,-0.10231772,-0.2300741,-0.10231609,-0.10384405,-0.102275044,-0.0784167,-0.10231393,1.0659603,-0.10231427,5.0381145,-0.075820275,-0.09192432,-0.101488546,-0.10230978,-0.10448879,-0.12378413,-0.10230611,-0.1410757,-0.13984437,-0.18093297,-0.10231774,5.066028,2.5186744,-0.1023122,-0.13462572,-0.119081676,-0.10231678,-0.1044916,-0.104491636,-0.104491666,-0.19755594,-0.25103784,-0.20219928,-0.19465852,-0.24831252,-0.20506537,-0.22091979,-0.10231718,-0.08613184,-0.11956477,-0.10231711,-0.104491495,-0.20931396,-0.18224281,-0.10231662,6.0998826,-0.10231768,-0.10449174,-0.104491696,-0.10449168,2.6289234,-0.1023163,-0.114121355,-0.10231727,-0.10449156,-0.10449149,5.413962,-0.10231748,-0.10449087,-0.08963354,-0.10231502,-0.10449016,-0.104491115,-0.10449077,-0.13302092,-0.1051107,2.8441103,3.9377782,5.098892,4.8207526,3.460098,-0.10231732,-0.12319561,-0.08616684,-0.10231702,-0.104491726,-0.104491726,-0.10449172,-0.10449173,-0.38518023,-0.11451449,-0.10231676,2.3681772,1.4355139,2.816331,-0.10231764,-0.10448967,-0.12993515,-0.047159404,-0.1022398,-0.14016809,-0.14106366,-0.10231446,6.1807942,-0.1649412,-0.17166539,-0.102316946,-0.10449027,4.1123033,3.9897747,1.8858476,-0.0861434,-0.10231367,-0.09132757,-0.12832497,-0.13684332,4.5008106,5.6864076,-0.08607332,-0.10231076,-0.104489006,-0.10449034,-0.10449137,1.2362412,4.252136,-0.15106063,-0.07294749,-0.2039893,-0.102316946,-0.104490116,-0.104459345,-0.1022823,-0.17466888,-0.13176009,-0.10231665,-0.15109587,-0.10913184,-0.102311656,5.960468,-0.14326635,-0.17082691,-0.102315664,5.2493,-0.10231774,4.125272,-0.102317594,3.4271665,-0.14331596,-0.10231751,-0.10449167,6.2180486,-0.10231776,5.790241,-0.07562123,-0.086852394,-0.10702289,-0.060967896,-0.102219224,-0.16796505,-0.15746465,4.5897317,6.1904926,5.9088745,3.0172842,2.515508,5.074039,5.067966,-0.08616501,6.5474625,1.2961922,3.3397772,-0.102315426,-0.11662802,2.5121393,-0.14526704,-0.12781724,-0.096878245,-0.102314584,-0.1044858,-0.12434345,-0.11230643,-0.063823454,-0.10231298,-0.11419349,-0.10007019,2.2121696,-0.10231775,-0.104491,-0.16344379,4.7425566,2.3817053,-0.10231732,-0.0782174,-0.19187105,3.1735325,-0.09859173,-0.11065883,-0.10230757,-0.10448246,3.3772845,3.4733107,4.1429753,-0.13855581,3.6899664,-0.10231705,-0.10449153,4.0871387,3.880189,4.11204,-0.0861436,-0.10231204,-0.10449089,-0.14520228,-0.2961179,-0.10231772,-0.19813283,-0.08615561,-0.10231615,-0.060104962,-0.15931924,-0.102317706,-0.2028091,-0.2868003,-0.11816878,2.3978648,-0.10060286,-0.10231407,-0.13614628,1.3299723,4.946129,2.257034,1.9913632,2.2240946,-0.10231766,-0.1044916,1.7523806,-0.22200036,-0.08616988,-0.2814266,-0.102317765,1.3239343,-0.24371436,-0.16952515,-0.102312826,-0.13369927,5.33642,-0.1023176,4.791936,-0.10231775,2.029593,-0.10231569,2.0765595,-0.10231591,-0.14691104,-0.13029914,-0.10231744,-0.10449128,-0.18915205,-0.08616386,-0.10231748,4.365908,6.346397,-0.10231759,-0.10449168,-0.10448976,-0.08613196,-0.10231459,-0.10449107,-0.104490675,-0.10449107,-0.10449098,4.732832,-0.17392421,-0.10231745,-0.10449147,-0.10449128,-0.10449149,8.928933,-0.15354379,7.230493,-0.10230433,5.442652,3.0435011,-0.11893196,-0.10231748,-0.10448766,-0.08616185,-0.19501048,-0.10231772,-0.18738703,-0.11705899,-0.17429145,-0.102316335,-0.06652963,-0.10230905,-0.10737923,-0.124497145,-0.15298569,-0.052188452,-0.26007295
k__Bacteria|p__Firmicutes|c__Negativicutes|o__Veillonellales|f__Veillonellaceae|g__Veillonella|s__Veillonella_atypica,1.6465594,1.0734539,4.2496223,4.3410296,4.3410387,6.236074,4.068799,-0.16813041,-0.10929718,1.355456,2.828156,4.2497697,0.8252674,0.5087605,-0.08556121,4.237054,-0.058144663,4.2330103,4.339113,6.708475,2.9020474,3.5646033,4.248672,-0.12711628,0.7846117,5.0682745,4.6055055,6.462805,6.8717604,4.2488403,7.308371,4.843627,8.256094,7.2907043,4.2493563,3.5707023,4.2496953,8.021938,4.2497807,6.295814,4.2497835,2.099257,3.548276,4.245272,8.711946,4.24961,7.1731863,5.082956,-0.1296162,3.570912,8.176257,5.7111244,7.619759,7.195676,7.155002,3.7429008,4.2512636,4.24708,-0.040142577,-0.056944285,4.2277927,-0.11274739,6.9357853,3.567208,4.2491217,4.340893,4.341032,4.341051,7.299457,4.2485332,3.5672884,-0.16243835,-0.12334165,-0.14074792,4.2487297,3.3484309,-0.14481027,3.5701988,8.106966,5.8574677,4.2494087,4.340379,4.340729,4.3386507,6.7045603,6.6630816,5.2952747,4.249225,2.6067622,4.249571,6.5383444,5.218371,6.504744,7.8757296,4.1391187,6.42942,4.2465954,4.33108,3.8309908,3.6249328,2.9600208,4.248111,4.3836017,-0.15027548,4.7308483,1.629711,4.2486477,4.340844,6.3469133,7.0299306,4.24966,6.625405,5.469826,7.6291656,4.249572,7.258212,7.8015614,7.538662,4.248945,-0.09015879,4.240464,2.153486,6.9436955,6.080252,4.6070175,-0.13908121,5.2361207,4.247357,-0.07092635,4.230266,4.3179007,3.7148619,4.241987,3.566699,-0.12334781,3.315752,4.2483253,-0.114095174,4.8161774,0.5525102,3.542244,1.6193125,4.2480454,2.1264718,5.4913993,4.2495794,4.3384695,3.5509934,4.247388,7.687871,7.835856,4.249714,8.268964,7.9131565,3.5326138,4.650542,1.6847515,-0.10256614,4.249483,7.5927525,4.248725,3.5483108,4.244749,-0.041086134,-0.12967405,4.2496777,6.7015824,4.2490063,0.9041422,4.2058477,6.308438,4.245303,5.547706,4.245927,3.8893564,-0.075820275,2.5494092,-0.101488546,4.2414794,4.3381205,-0.12378413,4.2447186,3.901866,6.770099,6.5865364,4.24975,6.4990344,8.004241,4.246873,3.988828,-0.119081676,4.2488422,4.340907,4.340958,4.340992,-0.19755594,5.248146,1.6210114,4.8880997,6.0183177,1.2075056,4.480376,4.249294,3.5575745,-0.11956477,4.2491407,4.340799,3.8743663,6.5287433,4.2488637,6.9033356,4.2496924,4.341073,4.3410397,4.341028,0.63029075,4.2488127,6.819692,4.2489557,4.340626,4.340803,4.0091825,4.2494993,4.340214,2.624108,4.2464147,4.339569,4.3401337,4.3401527,3.0052247,-0.1051107,5.7445474,6.564489,5.906757,7.931454,5.6419997,4.2493863,2.6288671,3.5693765,4.2483416,4.3410673,4.3410535,4.3410535,4.3410687,-0.38518023,3.5877883,4.2485394,8.1044235,7.3524876,6.960625,4.2495565,4.3387785,-0.12993515,-0.047159404,4.075775,-0.14016809,-0.14106366,4.2452517,-0.19987361,4.378136,4.1802173,4.248884,4.339779,3.9660177,-0.14610182,4.7522078,3.5629077,4.245841,3.695222,4.964035,5.1394186,7.146273,6.52848,3.5434403,4.241905,4.338212,4.3396873,4.340706,7.0818806,4.249945,5.536105,-0.07294749,4.9322944,4.24857,4.3396254,6.101951,4.236912,3.5289392,-0.13176009,4.2487597,7.918943,3.618895,4.243759,7.448301,-0.14326635,-0.17082691,4.246959,-0.18883844,4.249728,-0.31316653,4.249444,-0.16808087,6.5275574,4.249495,4.340966,2.3604162,4.2497387,5.6628003,-0.07562123,-0.086852394,-0.10702289,-0.060967896,4.053672,-0.16796505,-0.15746465,6.6292715,1.8750455,-0.0969081,-0.16398169,5.143099,7.306783,4.933184,3.5691164,4.434152,5.363447,4.971094,4.2469807,7.0034866,6.2630305,5.634659,-0.12781724,3.4318957,4.2469263,4.335063,6.9996824,6.7599754,1.686816,4.244813,0.85359836,-0.10007019,-0.24483351,4.249754,4.3407116,-0.16344379,4.6612387,1.5361772,4.249309,-0.0782174,3.4006886,3.25141,7.9000053,6.387084,4.239444,4.331274,8.044211,7.073492,7.685133,-0.13855581,-0.19385117,4.248649,4.340869,-0.19487974,4.666435,-0.2432746,3.5585938,4.2435417,4.3400135,5.2206235,3.796203,4.2497315,-0.19813283,3.566,4.2478094,-0.060104962,3.3491604,4.2496796,4.4259057,5.2386475,5.1518617,6.8553133,6.188649,4.245019,7.150597,6.165933,0.77032006,2.6293929,4.5334806,2.5727723,4.2496367,4.3409424,4.002506,8.022782,3.5713782,7.673163,4.2497663,1.8008698,1.6540798,-0.16952515,4.2470665,6.184341,2.9651432,4.249543,2.917801,4.2497587,-0.18642783,4.248054,-0.30462334,4.246461,-0.14691104,-0.13029914,4.2493687,4.340567,-0.18915205,3.5688508,4.2495165,6.177413,5.6876745,4.2494583,4.3410044,4.3401093,3.5556703,4.246557,4.3399944,4.3397045,4.340063,4.3402863,6.6311016,8.509648,4.2493205,4.3407855,4.3404846,4.340801,3.5569415,5.0162916,-0.14723541,4.2200356,-0.11499533,-0.10471026,1.774096,4.2494264,4.3386316,3.567586,4.287874,4.2496653,5.066088,5.0428653,6.7452765,4.2493477,-0.06652963,4.2418876,-0.10737923,-0.124497145,1.7546196,-0.052188452,6.4079614
k__Bacteria|p__Firmicutes|c__Negativicutes|o__Veillonellales|f__Veillonellaceae|g__Veillonella|s__Veillonella_parvula,1.781895,3.1711447,-0.076373965,-0.078035645,-0.07803582,2.4189258,-0.1666669,-0.16813041,-0.10929718,-0.22895765,-0.23728925,-0.076376714,-0.22850217,1.6828763,-0.08556121,-0.076155536,-0.058144663,-0.07606565,-0.07800021,-0.19931981,-0.1978925,-0.06394034,-0.07635629,-0.12711628,4.8676324,4.4433737,5.1287913,6.5437613,4.1660213,-0.07635934,3.0504844,-0.10844302,-0.18249588,-0.28454733,-0.076369524,-0.06403331,-0.07637532,1.5889087,-0.076376915,4.696568,-0.07637696,4.5942955,-0.063702755,-0.076293305,-0.13691942,-0.0763737,-0.23188588,-0.24781659,-0.1296162,-0.06403654,-0.24679694,-0.18279888,-0.25087595,-0.26027086,-0.28621647,-0.27511892,-0.11894142,-0.07632741,-0.040142577,-0.056944285,-0.07596281,-0.11274739,-0.13743341,-0.063980356,-0.07636464,-0.078033075,-0.0780357,-0.078036055,4.4699936,-0.07635622,-0.06397975,-0.16243835,-0.12334165,-0.14074792,-0.076357126,7.2305136,3.1957667,-0.064025275,3.2477067,2.2460718,-0.07636999,-0.07802349,-0.07803008,-0.0779966,5.4787126,4.2390184,2.066251,-0.07636653,-0.19008024,-0.076372966,-0.2004665,2.108429,-0.1388583,-0.13027036,-0.1074974,-0.15152657,-0.076317355,-0.07789625,6.042677,5.1056666,4.301228,-0.07634587,2.0869465,-0.15027548,-0.16982608,-0.1185138,-0.07635588,-0.07803218,1.9567997,-0.15176103,-0.07637465,4.2568183,5.569375,4.170852,-0.07637301,-0.15095688,-0.17780018,-0.2009549,-0.07636276,3.5140789,-0.07620373,7.3246503,7.7705035,5.064989,7.7238755,5.9709315,4.4612236,-0.07633188,-0.07092635,-0.07601995,-0.07760225,-0.18733518,-0.07623453,-0.06398176,5.2088304,5.568934,-0.07634968,2.191228,1.8466065,-0.26654312,-0.063673064,-0.10945694,-0.076344475,-0.09238048,-0.20963459,-0.07637312,-0.077989854,-0.0637744,-0.076333,2.4127834,-0.1553517,-0.076375656,-0.19704957,-0.20616047,-0.06353137,-0.10460003,3.7470205,-0.10256614,-0.07637131,2.3846667,-0.07635847,-0.06375516,-0.076283544,-0.041086134,3.1793826,-0.07637499,-0.2300741,-0.076363094,4.969574,-0.07559486,3.5475314,-0.07629527,2.4542763,-0.07630533,1.711878,5.725699,5.731398,6.5774474,-0.07622476,-0.07798153,6.710275,-0.076301515,-0.1410757,-0.13984437,-0.18093297,-0.07637634,7.354718,-0.12844054,-0.07632879,-0.13462572,-0.119081676,-0.076359384,-0.07803339,-0.07803432,-0.07803496,4.4422855,8.369663,3.556992,7.099524,7.6781588,5.6398387,7.0525727,-0.07636816,-0.06386362,5.516591,-0.07636492,-0.078031324,6.53926,4.6382885,-0.07636128,-0.32474133,-0.076375246,-0.07803645,-0.07803583,-0.078035615,-0.2185038,-0.076361224,7.914306,-0.07636167,-0.07802814,-0.07803145,7.344864,-0.076371655,-0.078023314,4.251355,-0.07631511,-0.07800834,-0.07801889,-0.07801919,-0.13302092,-0.1051107,-0.14014931,-0.15141064,-0.15839578,-0.15615125,-0.14613561,-0.07636951,5.0136123,-0.0640098,-0.07634984,-0.07803635,-0.07803609,-0.078036085,-0.07803638,-0.38518023,-0.11451449,-0.07635361,-0.15564899,-0.14443555,0.69820595,-0.0763727,-0.07799459,-0.12993515,-0.047159404,-0.07309951,-0.14016809,-0.14106366,-0.07629156,5.1184034,-0.1649412,-0.17166539,-0.07636008,-0.078012094,-0.12722544,-0.14610182,5.4827228,-0.063929096,-0.076304585,3.349452,5.3428984,6.2874374,6.883717,-0.15659244,-0.063734345,-0.07623491,-0.07798348,-0.07801061,-0.07802964,5.677266,7.7373633,-0.15106063,-0.07294749,-0.2039893,-0.076354295,-0.07800965,-0.104459345,-0.076250605,6.2674108,9.217234,-0.07635769,4.4977884,2.2261443,-0.07626955,-0.05825615,-0.14326635,2.0176187,-0.07632403,-0.18883844,-0.07637592,-0.31316653,-0.076370746,0.8726097,1.842507,-0.076371565,-0.078034475,3.3802388,-0.07637613,-0.22115314,-0.07562123,-0.086852394,-0.10702289,-0.060967896,-0.072687104,-0.16796505,-0.15746465,4.115646,1.8809459,-0.0969081,-0.16398169,1.0377771,2.2491484,5.8104043,-0.064007886,-0.17755464,-0.0994983,-0.115196005,-0.07632461,-0.11662802,-0.19749595,-0.14526704,-0.12781724,-0.096878245,-0.07632401,-0.077925526,4.856906,4.7148643,-0.063823454,-0.07628624,2.7090182,3.8431256,-0.24483351,-0.07637641,-0.07802999,2.69952,2.321124,4.559097,-0.076368034,-0.0782174,-0.19187105,-0.18185812,2.455724,3.3372986,-0.0761845,-0.07785417,-0.083404,-0.1213824,3.5606852,-0.13855581,-0.19385117,-0.076355755,-0.07803264,-0.19487974,4.6576347,4.0673594,-0.06385011,-0.07626131,-0.07801667,6.7038875,6.000395,-0.07637599,-0.19813283,-0.063965455,-0.07634054,-0.060104962,6.8576093,-0.07637502,0.64287746,5.970088,-0.11816878,-0.14795661,-0.10060286,-0.076288246,-0.13614628,2.0289025,2.1527069,6.270418,6.0209365,6.428833,-0.076374225,-0.07803402,-0.16221246,5.5294704,-0.06404479,6.0999517,-0.07637665,2.1700027,5.7074637,-0.16952515,-0.076331556,-0.13369927,-0.12557748,-0.07637247,-0.18106565,-0.0763765,5.035955,-0.07634674,3.4761274,-0.07631447,1.5815474,-0.13029914,-0.076369196,-0.07802696,-0.18915205,-0.06400289,-0.07637201,-0.10481856,-0.1650517,-0.076370865,-0.078035176,-0.07801971,-0.06383028,-0.07631683,-0.07801631,-0.07801108,-0.07801767,-0.07802211,3.856698,-0.17392421,-0.07636832,-0.078031056,-0.07802539,-0.078031346,-0.2025511,-0.15354379,-0.14723541,-0.075817615,-0.11499533,-0.10471026,-0.11893196,-0.0763703,-0.07799417,-0.06398204,5.715894,-0.076374754,5.995099,2.542422,3.6345313,-0.07636966,-0.06652963,-0.07623285,-0.10737923,-0.124497145,-0.15298569,-0.052188452,4.674769
k__Bacteria|p__Firmicutes|c__Clostridia|o__Eubacteriales|f__Oscillospiraceae|g__Flavonifractor|s__Flavonifractor_plautii,-0.1004395,-0.12316422,-0.11397116,-0.11643278,-0.11643291,1.262694,2.5928645,0.8246752,-0.10929718,5.1075873,3.3234751,-0.11397356,2.2910717,4.789499,3.7706485,-0.1137738,-0.058144663,-0.11370588,-0.116401754,-0.19931981,1.0666625,-0.095598385,-0.11395596,-0.12711628,3.9611654,-0.11658599,4.1877947,4.94911,-0.1509206,-0.11395848,-0.15142563,-0.10844302,-0.18249588,-0.28454733,-0.11396734,-0.095688544,-0.11397235,2.539331,-0.11397374,2.6540973,-0.11397377,-0.29356226,-0.09535603,-0.113900304,-0.13691942,-0.11397098,3.7463377,2.1828895,-0.1296162,-0.09569147,-0.24679694,-0.18279888,-0.25087595,-0.26027086,-0.28621647,2.6456673,-0.11894142,-0.113930404,-0.040142577,-0.056944285,-0.11361025,-0.11274739,1.689682,-0.09563567,-0.113962874,-0.116430566,-0.1164328,-0.11643313,2.697719,-0.11395462,-0.09563689,6.043944,1.514412,4.0494475,-0.11395663,3.8241704,4.08369,-0.095681414,-0.18691605,-0.14998752,-0.11396772,-0.11642218,-0.11642782,-0.116398156,-0.120334074,-0.13700745,-0.08858878,-0.11396474,-0.19008024,-0.113970324,-0.2004665,-0.11139822,-0.1388583,-0.13027036,-0.1074974,-0.15152657,-0.11392214,-0.11629631,-0.10065024,-0.08152827,-0.09427856,-0.113946974,-0.11960925,-0.15027548,-0.16982608,-0.1185138,-0.11395535,-0.116429776,-0.17738779,-0.15176103,-0.113971755,-0.25953975,-0.17989698,-0.13525523,-0.11397037,-0.15095688,1.897394,1.6526182,-0.11396094,-0.09015879,-0.11382401,-0.12151222,-0.121854745,2.7335043,5.425843,3.864188,3.1499364,-0.1139348,-0.07092635,-0.113659695,-0.116046116,3.396137,-0.11384493,-0.09563038,-0.12334781,-0.14100276,-0.11395015,2.768777,6.632352,-0.26654312,-0.09526615,-0.10945694,-0.11394575,-0.09238048,3.0959992,-0.11397046,-0.116393074,-0.09539227,-0.11393519,-0.16015086,-0.1553517,-0.11397265,-0.19704957,-0.20616047,-0.095115066,-0.10460003,-0.11361031,-0.10256614,-0.11396894,-0.19495486,-0.11395798,-0.0953539,-0.11389315,-0.041086134,3.5344958,-0.113972016,5.8315973,-0.11396229,-0.10384405,-0.11327335,-0.0784167,-0.11390188,-0.12766197,-0.113911435,-0.121451,-0.075820275,-0.09192432,3.3240364,-0.113840245,-0.116386,3.562234,-0.113902494,-0.1410757,-0.13984437,-0.18093297,-0.11397323,-0.25777104,-0.12844054,-0.11393096,7.4730673,6.346519,-0.11395869,-0.11643081,-0.11643161,-0.11643217,6.689283,-0.25103784,-0.20219928,-0.19465852,2.8540304,6.3375936,3.1824021,-0.11396605,-0.09549227,-0.11956477,-0.11396344,-0.11642901,-0.20931396,-0.18224281,-0.11395966,-0.32474133,-0.11397229,-0.116433464,-0.11643293,-0.11643275,1.6312984,-0.11395948,-0.114121355,-0.11396023,-0.116426,-0.11642914,-0.22984435,-0.1139692,-0.11642108,-0.08963354,-0.11391944,-0.11640936,-0.116418034,-0.116418704,-0.13302092,-0.1051107,-0.14014931,-0.15141064,-0.15839578,-0.15615125,0.78824943,-0.11396743,-0.12319561,-0.0956674,-0.11394976,-0.11643338,-0.11643315,-0.11643315,-0.1164334,2.0517218,-0.11451449,-0.113953464,-0.15564899,-0.14443555,-0.16636807,-0.11397001,-0.11639638,1.9942434,-0.047159404,-0.11106573,-0.14016809,3.32346,-0.11389932,5.2067447,1.4733806,2.899797,-0.11395919,-0.11641274,-0.12722544,4.647512,3.4120474,-0.09557451,-0.113910645,-0.09132757,-0.12832497,-0.13684332,-0.16221203,-0.15659244,-0.095286705,-0.11384746,-0.11638738,-0.11641118,-0.11642758,-0.15740095,-0.19795567,-0.15106063,-0.07294749,-0.2039893,-0.11395382,-0.11641043,-0.104459345,-0.11380669,-0.17466888,-0.13176009,-0.11395736,-0.15109587,-0.10913184,-0.113878004,-0.05825615,-0.14326635,2.1783166,-0.1139275,1.093803,-0.11397285,1.7025237,-0.11396815,-0.16808087,-0.14331596,-0.11396912,-0.11643171,1.6962942,-0.11397302,-0.22115314,-0.07562123,-0.086852394,-0.10702289,-0.060967896,-0.11070503,5.317231,2.7179787,-0.22133875,-0.12812386,-0.0969081,-0.16398169,-0.12716047,-0.11335766,-0.18846886,-0.095664635,-0.17755464,-0.0994983,-0.115196005,-0.11392814,-0.11662802,3.04188,-0.14526704,-0.12781724,-0.096878245,-0.11392819,-0.1163368,-0.12434345,-0.11230643,-0.063823454,-0.113894165,-0.11419349,-0.10007019,1.1846737,-0.11397329,-0.11642809,-0.16344379,-0.1759062,-0.12524253,-0.1139661,-0.0782174,-0.19187105,-0.18185812,-0.09859173,-0.11065883,-0.11380689,-0.11627506,-0.083404,-0.1213824,-0.13072303,-0.13855581,-0.19385117,-0.11395508,-0.116430186,3.5744033,-0.23847799,1.9348747,-0.09549929,-0.11387281,-0.11641616,-0.14520228,4.0550723,-0.11397293,1.5430528,-0.095619574,-0.11394169,3.0417123,4.5038567,-0.11397207,0.87414634,2.9057326,6.4496703,3.1332345,2.724927,-0.11389598,-0.13614628,-0.20725825,-0.17393659,-0.125103,5.006931,-0.15690626,-0.11397138,-0.11643137,-0.16221246,1.2164116,-0.09569879,-0.2814266,-0.11397349,0.813155,2.9056988,-0.16952515,-0.11393398,5.4080834,4.541586,-0.11396985,3.213628,-0.113973364,3.5332456,-0.113946915,1.7310401,-0.1139186,3.7144957,2.1662922,-0.11396701,-0.1164253,-0.18915205,-0.09566139,-0.11396949,-0.10481856,-0.1650517,-0.1139684,-0.116432354,-0.116419286,-0.095458746,-0.11392176,-0.11641572,-0.11641123,-0.116416916,-0.11642098,-0.16505513,3.6437583,-0.113966174,-0.116428815,-0.116423845,-0.11642907,-0.2025511,-0.15354379,-0.14723541,-0.11347635,3.5978436,-0.10471026,1.5717452,-0.11396797,-0.11639652,-0.095641494,-0.19501048,-0.113971815,-0.18738703,-0.11705899,-0.17429145,-0.11396791,-0.06652963,-0.11384821,-0.10737923,-0.124497145,-0.15298569,-0.052188452,2.0782328
k__Bacteria|p__Firmicutes|c__Bacilli|o__Lactobacillales|f__Streptococcaceae|g__Streptococcus|s__Streptococcus_mitis,-0.1004395,-0.12316422,0.722186,0.73767793,0.7376789,1.3878177,3.0645883,0.8807037,-0.10929718,1.438211,1.413199,0.7222047,1.021556,2.1342185,2.7519913,0.7206142,-0.058144663,0.72016495,0.73743606,1.300747,-0.1978925,0.6063869,0.7220683,1.7947681,0.9382243,1.9219971,-0.182019,-0.25032333,2.6163495,0.7220864,3.4085732,2.1877866,-0.18249588,-0.28454733,0.7221509,0.6071267,0.7221955,2.4085572,0.7222061,1.5152907,0.72220635,2.5075817,0.6044105,0.7216275,1.8512174,0.722185,-0.23188588,-0.24781659,-0.1296162,0.6071508,1.7763567,-0.18279888,0.9552856,2.3878052,-0.28621647,-0.27511892,-0.11894142,0.72186995,2.6688378,-0.056944285,0.7194141,1.1910074,1.7632526,0.60669446,0.72212166,0.737661,0.737678,0.73768055,2.4533143,0.7220422,0.6067043,-0.16243835,1.906394,-0.14074792,0.7220756,-0.15887658,-0.14481027,0.6070661,3.7784479,-0.14998752,0.72215986,0.7375965,0.7376392,0.73735684,-0.120334074,2.538906,-0.08858878,0.72213715,4.2657094,0.72218,1.2666303,-0.11139822,0.768022,-0.13027036,1.7652024,1.4847021,0.721812,0.736343,-0.10065024,-0.08152827,-0.09427856,0.72199965,-0.11960925,-0.15027548,-0.16982608,1.2541586,0.72206175,0.7376547,3.6769636,0.9438489,0.72219086,-0.25953975,1.3872557,-0.13525523,0.72218025,-0.15095688,1.2292603,-0.2009549,0.7220924,2.7536654,0.72106194,0.73815155,2.2689395,-0.13997786,-0.21433522,-0.13908121,2.2675924,0.72190714,-0.07092635,0.71976376,0.73467195,1.2461587,0.7211686,0.6066308,1.235893,2.326305,0.7220253,3.0125105,2.5423553,1.6036388,0.60366964,-0.10945694,0.72199184,2.8427207,-0.20963459,0.7221812,0.7373286,0.60470915,0.7219032,2.294869,2.5613182,0.7221977,1.9382521,0.9174539,0.6024764,-0.10460003,-0.11361031,1.9171196,0.72216964,2.7768342,0.7220706,0.60437834,0.7215856,-0.041086134,-0.12967405,0.7221927,-0.2300741,0.7221053,4.3161645,0.71670234,0.73782206,0.72164327,-0.12766197,0.7217275,-0.121451,-0.075820275,-0.09192432,-0.101488546,0.72117615,0.7373196,-0.12378413,0.72152543,3.925958,-0.13984437,1.6243719,0.7222023,-0.25777104,-0.12844054,0.72182775,-0.13462572,1.1392798,0.72209144,0.7376625,0.7376689,0.73767304,-0.19755594,3.8873687,1.9815469,-0.19465852,3.7950191,-0.20506537,-0.22091979,0.7221425,0.60550344,-0.11956477,0.7221273,0.7376487,0.9744484,3.0317163,0.72208583,1.1646886,0.72219527,0.7376832,0.7376791,0.7376777,-0.2185038,0.7220779,-0.114121355,0.72209996,0.7376243,0.7376492,1.768297,0.72217166,0.7375673,-0.08963354,0.7217822,0.7374995,0.73756397,0.7375712,-0.13302092,2.873251,1.7049704,-0.15141064,-0.15839578,-0.15615125,-0.14613561,0.72215825,1.9414747,0.60696083,0.7220211,0.73768246,0.7376808,0.7376808,0.7376827,-0.38518023,2.4387524,0.7220506,-0.15564899,-0.14443555,3.7099466,0.72217745,0.7373783,-0.12993515,-0.047159404,0.69968134,0.7114021,-0.14106366,0.7216368,-0.19987361,1.5836836,-0.17166539,0.7220952,0.7375268,1.8729306,-0.14610182,-0.2588673,0.60618496,0.7217189,0.9246463,2.0936856,1.4085075,3.0867062,1.3035911,0.6038003,0.72120947,0.73732793,0.737512,0.73763776,1.2101732,-0.19795567,3.6371522,-0.07294749,2.8938332,0.7220523,0.7375072,2.005444,0.7204735,-0.17466888,-0.13176009,0.72208214,1.4606822,-0.10913184,0.7214508,-0.05825615,1.7988516,0.8008932,0.72185063,-0.18883844,0.7221993,1.8640699,0.7221611,-0.16808087,5.524895,0.7221706,0.7376694,1.3479307,0.72220063,0.6629975,-0.07562123,-0.086852394,-0.10702289,-0.060967896,0.69695956,-0.16796505,-0.15746465,2.0203412,3.9020996,0.70209295,4.2513876,2.7019186,1.2813033,2.5528967,0.60693204,3.5811768,1.7603073,-0.115196005,0.7218553,-0.11662802,1.800076,-0.14526704,-0.12781724,-0.096878245,0.7218574,0.73693806,3.7653396,1.2222774,-0.063823454,0.7215876,0.8444664,2.1601586,1.2105918,0.7222028,0.7376348,1.4443027,2.898518,-0.12524253,0.722148,-0.0782174,-0.19187105,-0.18185812,1.5750346,2.5129914,0.7209301,0.73646635,-0.083404,0.81070656,1.6787056,-0.13855581,-0.19385117,0.7220615,0.7376578,-0.19487974,0.7637817,-0.2432746,0.6056479,0.7214296,0.7375493,1.5845492,1.2796757,0.72220004,-0.19813283,0.6065521,0.7219567,-0.060104962,-0.15931924,0.7221931,0.70025736,-0.2868003,1.6996039,1.6622907,-0.10060286,0.7216034,-0.13614628,2.0960622,-0.17393659,5.023587,1.5285009,2.6526213,0.7221879,0.73766696,2.3044395,3.1252391,0.6072081,5.543476,0.72220427,1.597092,0.8409633,-0.16952515,0.72184265,-0.13369927,-0.12557748,0.722176,-0.18106565,0.7222033,-0.18642783,0.72197545,2.6727817,0.721781,0.94569916,-0.13029914,0.7221545,0.7376207,2.3784714,0.60690266,0.7221733,1.1114478,2.32083,0.72216475,0.7376746,0.73755354,0.6052946,0.7218082,0.73754525,0.7375109,0.73755455,0.73758507,-0.16505513,3.1237962,0.7221477,0.73764765,0.73760927,0.73764956,3.9674602,2.3569303,-0.14723541,0.7183548,-0.11499533,-0.10471026,-0.11893196,0.72216165,0.7373582,0.6067534,2.8369672,0.7221911,1.102354,-0.11705899,1.9361274,0.72214854,3.2123282,0.7212304,-0.10737923,0.69149697,-0.15298569,2.570976,-0.26007295
k__Bacteria|p__Firmicutes|c__Clostridia|o__Eubacteriales|f__Clostridiaceae|g__Clostridium|s__Clostridium_butyricum,-0.1004395,-0.12316422,1.4501595,1.4813318,1.481333,4.4231486,5.2866282,-0.16813041,-0.10929718,7.329603,4.472159,1.4501765,4.3689237,5.1914463,-0.08556121,1.448662,-0.058144663,1.4481695,1.4811087,3.351715,2.2480235,1.2178687,1.4500473,5.486983,7.1534586,6.4706492,5.6643987,4.578125,-0.1509206,1.4500691,-0.15142563,-0.10844302,2.9006739,1.951022,1.450129,1.2186184,1.4501679,0.6000092,1.4501778,-0.29867563,1.450178,2.9797702,1.2158092,1.4496591,2.443594,1.4501576,4.3858266,4.0172057,-0.1296162,1.2186451,-0.24679694,-0.18279888,-0.25087595,1.4483027,1.8217343,4.0906816,-0.11894142,1.44986,-0.040142577,-0.056944285,1.4476331,7.047307,4.466319,1.2181911,1.4501019,1.4813157,1.4813323,1.4813346,2.7811005,1.4500344,1.218205,6.733923,4.6746073,5.763031,1.4500542,5.5431533,5.7425103,1.2185569,2.4149714,3.3643258,1.450134,1.4812558,1.4812975,1.4810624,-0.120334074,-0.13700745,3.3097904,1.4501123,4.173341,1.4501531,3.2406764,-0.11139822,5.1422243,-0.13027036,-0.1074974,-0.15152657,1.4498017,1.4801409,-0.10065024,-0.08152827,3.0045235,1.4499804,2.3271499,2.8964784,4.9999294,-0.1185138,1.450047,1.48131,-0.17738779,3.362814,1.4501637,4.29837,2.052819,-0.13525523,1.4501531,0.64508027,3.8244562,2.996632,1.4500847,-0.09015879,1.449071,1.5209367,4.14297,-0.13997786,5.523959,-0.13908121,4.5216804,1.4498909,2.1226785,1.4478805,1.4787006,5.291733,1.4493022,1.2181172,-0.12334781,-0.14100276,1.4500065,3.7811487,7.4480467,7.61761,1.2150089,-0.10945694,1.4499725,-0.09238048,-0.20963459,1.4501541,1.4810479,1.216119,1.4498992,3.0627024,-0.1553517,1.45017,4.0996556,3.4355998,1.2138346,3.3932908,3.0348046,-0.10256614,1.4501424,4.587459,1.4500551,1.2157702,1.4495809,-0.041086134,-0.12967405,1.4501661,5.6588917,1.4500892,-0.10384405,1.444983,-0.0784167,1.449654,-0.12766197,1.4497234,-0.121451,7.5747347,2.776825,-0.101488546,1.4491973,1.4809871,-0.12378413,1.4495885,8.245603,5.352495,7.461798,1.4501742,2.964105,2.5375676,1.4498408,-0.13462572,-0.119081676,1.450066,1.4813178,1.4813236,1.4813275,5.736348,5.9112926,6.373499,6.285269,6.663061,6.4419236,4.007667,1.4501222,1.2169541,-0.11956477,1.4501019,1.4813051,-0.20931396,-0.18224281,1.4500725,6.231432,1.4501673,1.4813371,1.481333,1.4813316,5.0804114,1.4500682,7.004426,1.4500831,1.4812868,1.4813056,4.2033863,1.4501443,1.4812409,-0.08963354,1.449785,1.4811579,1.4812284,1.4812272,-0.13302092,-0.1051107,-0.14014931,-0.15141064,-0.15839578,-0.15615125,-0.14613561,1.4501307,3.7720227,1.2184604,1.4500127,1.4813364,1.4813347,1.4813347,1.4813364,4.322587,-0.11451449,1.4500327,-0.15564899,-0.14443555,-0.16636807,1.4501519,1.48108,5.5340257,-0.047159404,1.4303194,6.4664598,5.091432,1.4496496,6.2660065,-0.1649412,-0.17166539,1.450072,1.4811816,5.3576446,4.4809217,6.3450317,1.2176385,1.4497114,-0.09132757,-0.12832497,3.543021,2.162511,-0.15659244,1.2151294,1.4492613,1.481,1.4811733,1.4812938,-0.15740095,-0.19795567,-0.15106063,-0.07294749,-0.2039893,1.4500375,1.4811639,-0.104459345,1.4485798,2.2199368,3.1768844,1.4500556,-0.15109587,-0.10913184,1.4494696,-0.05825615,-0.14326635,-0.17082691,1.4498491,-0.18883844,1.4501717,0.89418024,1.4501402,6.652693,-0.14331596,1.4501443,1.4813249,2.8019707,1.450173,2.2451131,-0.07562123,-0.086852394,-0.10702289,4.9387827,1.4277174,7.276848,5.3973885,6.821751,-0.12812386,3.2483387,2.6167889,2.1517172,-0.11335766,4.5387673,1.2184248,3.3831923,-0.0994983,-0.115196005,1.4498503,-0.11662802,-0.19749595,-0.14526704,-0.12781724,-0.096878245,1.4498376,1.4806275,5.966715,3.8980358,-0.063823454,1.4495921,-0.11419349,-0.10007019,2.6939979,1.4501746,1.4812968,-0.16344379,-0.1759062,-0.12524253,1.450122,-0.0782174,-0.19187105,-0.18185812,-0.09859173,5.020281,1.4489539,1.4801816,-0.083404,4.510336,-0.13072303,-0.13855581,-0.19385117,1.4500473,1.481313,7.078476,4.394397,5.1958675,1.2171161,1.4494433,1.4812138,-0.14520228,3.478078,1.450172,5.2279897,1.2180387,1.4499485,-0.060104962,-0.15931924,1.4501662,1.5452014,2.3387496,-0.11816878,-0.14795661,-0.10060286,1.4496245,4.2623363,4.4326234,-0.17393659,-0.125103,-0.15657571,-0.15690626,1.4501611,1.4813216,3.6571221,4.901444,1.2187009,-0.2814266,1.4501762,-0.1915083,-0.24371436,5.789892,1.4498696,1.975959,2.4696126,1.4501503,-0.18106565,1.4501752,2.0254533,1.4499836,4.598751,1.449796,-0.14691104,-0.13029914,1.4501295,1.4812772,2.8900137,1.2183931,1.4501466,5.0785766,3.404146,1.4501407,1.4813291,1.4812293,1.2167192,1.4497963,1.4812129,1.4811773,1.4812205,1.4812446,4.5683,-0.17392421,1.4501245,1.481303,1.4812684,1.4813049,4.4201756,3.7497036,-0.14723541,1.4467864,7.0810676,7.906853,6.337313,1.4501362,1.4810603,1.2182342,-0.19501048,1.4501646,-0.18738703,-0.11705899,-0.17429145,1.4501289,-0.06652963,1.4492409,-0.10737923,-0.124497145,4.807523,-0.052188452,4.6073294
k__Bacteria|p__Firmicutes|c__Clostridia|o__Eubacteriales|f__Clostridiaceae|g__Clostridium|s__Clostridium_perfringens,-0.1004395,-0.12316422,1.0907798,1.1142436,1.1142457,-0.23867357,-0.1666669,-0.16813041,-0.10929718,-0.22895765,-0.23728925,1.0908172,-0.22850217,-0.3768707,-0.08556121,1.0876544,-0.058144663,1.0867616,1.1137606,-0.19931981,-0.1978925,0.91505444,1.0905452,-0.12711628,-0.20043859,-0.11658599,-0.182019,-0.25032333,5.419251,1.0905809,3.8215103,4.3897753,3.9807217,6.2212844,1.09071,0.9165174,1.0907989,3.393985,1.0908198,2.8236105,1.0908203,-0.29356226,0.9111895,1.0896628,2.2756085,1.0907779,2.29423,8.054644,4.5902467,0.91656494,2.4865491,-0.18279888,-0.25087595,2.6443453,2.7719052,0.88450724,-0.11894142,1.0901494,-0.040142577,-0.056944285,1.0852392,-0.11274739,4.3049555,0.91566324,1.090651,1.1142101,1.1142439,1.114249,-0.27573854,1.0904928,0.91567993,-0.16243835,-0.12334165,-0.14074792,1.0905597,-0.15887658,-0.14481027,0.9163979,-0.18691605,3.3299692,1.0907276,1.1140813,1.1141661,1.1136029,4.4538302,6.0202045,4.5664587,1.0906824,2.583256,1.0907679,-0.2004665,2.7084708,-0.1388583,-0.13027036,-0.1074974,4.6696167,1.0900347,1.1116087,3.4617755,-0.08152827,-0.09427856,1.0904087,-0.11960925,4.4493575,2.898072,2.5883505,1.0905312,1.1141975,5.947819,5.3958797,1.0907894,3.7883441,5.9689593,-0.13525523,1.0907686,2.4912856,2.2282944,1.7904348,1.0905921,6.246802,1.0885419,3.2384384,-0.121854745,-0.13997786,-0.21433522,-0.13908121,-0.16057305,1.0902243,2.08021,1.0859504,1.1082203,5.462341,1.088738,0.9155438,2.301159,1.7988032,1.0904593,1.9729936,2.0488892,-0.26654312,0.909726,4.3376374,1.0903931,-0.09238048,3.6899183,1.0907702,1.113544,0.9117741,1.0902147,4.288708,2.6698627,1.0908031,5.3037534,2.8075702,0.907357,-0.10460003,-0.11361031,6.5007586,1.0907474,8.013021,1.0905502,0.91113305,1.0895846,-0.041086134,2.0610268,1.0907931,2.223969,1.0906191,6.4953055,1.0798521,-0.0784167,1.0896958,2.563046,1.0898659,2.9732397,4.0578785,2.4635513,1.5177267,1.0887673,1.1135302,1.0632553,1.089464,7.7223344,6.3776917,8.24542,1.0908123,-0.25777104,5.8799143,1.0900654,2.7027295,-0.119081676,1.0905919,1.114213,1.1142256,1.1142341,-0.19755594,-0.25103784,3.1890152,1.4860712,5.639656,-0.20506537,-0.22091979,1.0906928,0.9133345,2.051232,1.090663,1.1141855,3.0050998,2.6671083,1.0905797,4.1056232,1.0907984,1.1142542,1.1142461,1.1142433,-0.2185038,1.0905623,-0.114121355,1.0906073,1.114136,1.1141864,-0.22984435,1.0907514,1.1140206,-0.08963354,1.089973,1.1138886,1.1140159,1.1140316,3.6782494,-0.1051107,6.387765,5.6653404,5.9002013,4.821385,4.3010116,1.0907247,9.004961,0.91618824,1.0904496,1.1142529,1.1142493,1.1142495,1.1142533,-0.38518023,-0.11451449,1.0905097,-0.15564899,-0.14443555,1.5965555,1.0907626,1.1136428,-0.12993515,-0.047159404,1.0457058,-0.14016809,-0.14106366,1.0896833,-0.19987361,4.607198,-0.17166539,1.0905988,1.1139435,3.302837,-0.14610182,3.994716,0.91466105,1.0898494,1.8140544,-0.12832497,-0.13684332,-0.16221203,-0.15659244,0.9099889,1.0888274,1.1135458,1.1139133,1.1141636,3.3654962,0.91479605,-0.15106063,-0.07294749,-0.2039893,1.0905124,1.1139042,2.8781066,1.0873976,5.02586,6.585882,1.0905735,5.1419287,5.134667,1.0893137,-0.05825615,3.2794082,-0.17082691,1.0901101,-0.18883844,1.0908064,-0.31316653,1.0907297,1.4747992,2.692674,1.0907491,1.1142267,-0.25088155,1.090809,1.7260325,-0.07562123,-0.086852394,-0.10702289,-0.060967896,1.0402786,-0.16796505,-0.15746465,7.2280855,4.7948017,6.5215,5.6569314,3.8999825,5.5571537,6.3318915,0.91613275,2.1290402,1.0612559,1.7581656,1.0901198,-0.11662802,-0.19749595,5.4063687,3.6858492,4.1636586,1.090126,1.1127692,4.7254734,5.3620152,-0.063823454,1.0895865,-0.11419349,0.8925476,3.6736465,1.0908132,1.1141573,-0.16344379,1.7617184,-0.12524253,1.0907042,-0.0782174,-0.19187105,1.6348277,3.9457858,8.064638,1.0882785,1.1118293,4.936681,3.4779007,4.4965587,6.3645034,5.3127418,1.0905306,1.1142037,-0.19487974,-0.23847799,-0.2432746,0.91359735,1.0892719,1.113987,-0.14520228,-0.2961179,1.0908077,-0.19813283,0.9153812,1.0903218,-0.060104962,-0.15931924,1.0907938,-0.2028091,1.8201607,2.6031628,1.8416009,-0.10060286,1.0896161,-0.13614628,4.7706275,-0.17393659,-0.125103,-0.15657571,1.7383741,1.0907835,1.1142219,-0.16221246,6.7405076,0.9166788,-0.2814266,1.0908163,5.402094,-0.24371436,-0.16952515,1.0900943,1.2932248,3.2582052,1.0907598,3.677091,1.0908144,-0.18642783,1.0903578,2.165392,1.0899695,2.8731549,2.7686572,1.0907171,1.1141298,-0.18915205,0.9160741,1.0907545,-0.10481856,3.9397285,1.0907372,1.1142371,1.1139948,0.91290724,1.0900273,1.1139784,1.1139102,1.113997,1.1140585,3.657777,-0.17392421,1.090703,1.1141835,1.1141068,1.1141872,-0.2025511,3.5554283,3.968743,1.083105,-0.11499533,4.6438794,1.5728476,1.0907313,1.1136045,0.9157795,5.0551357,1.0907898,3.1092093,4.3092647,3.2542238,1.090705,-0.06652963,1.088877,-0.10737923,-0.124497145,-0.15298569,-0.052188452,-0.26007295
k__Bacteria|p__Firmicutes|c__Bacilli|o__Lactobacillales|f__Streptococcaceae|g__Streptococcus|s__Streptococcus_parasanguinis,-0.1004395,-0.12316422,3.0157533,3.080523,3.080525,5.342204,2.6519408,4.761361,3.4660928,4.198877,5.8327546,3.0157785,3.3861902,0.84206635,-0.08556121,3.0134516,-0.058144663,3.012621,3.0801897,3.7801473,1.2623912,2.5334268,3.0155811,3.1407247,2.3937178,4.1516194,3.0171912,3.4038177,6.78774,3.0156202,5.4821115,5.6091676,5.660591,5.7390757,3.0157094,2.534647,3.0157652,4.41966,3.0157804,3.9948218,3.015781,3.5253086,2.5299997,3.0150247,6.5780697,3.0157492,3.700632,3.5108862,1.9413831,2.5346932,2.8510244,4.489491,4.4810905,1.6357898,4.0648856,1.6834036,3.297802,3.0152955,-0.040142577,3.6000316,3.0120287,-0.11274739,4.334684,2.5339637,3.0156698,3.0804982,3.080524,3.0805268,-0.27573854,3.0155733,2.5339923,1.6379337,2.5845451,-0.14074792,3.0155916,-0.15887658,3.0081882,2.534546,4.181236,-0.14998752,3.015714,3.0804079,3.0804734,3.0801456,-0.120334074,3.11573,2.0823011,3.0156803,4.1735945,3.0157428,3.968871,2.1750379,3.8681192,6.630322,4.5771074,3.3304589,3.015203,3.0787587,1.7147238,1.6374154,2.9370039,3.0154765,2.6525607,-0.15027548,3.3712204,4.6780086,3.0155878,3.0804896,5.5887313,3.334772,3.0157595,6.232884,5.359401,2.5516834,3.0157425,6.134015,5.346798,4.1674967,3.0156546,-0.09015879,3.014062,-0.12151222,-0.121854745,-0.13997786,1.1551921,-0.13908121,5.2207146,3.0153375,-0.07092635,3.0122929,3.076787,-0.18733518,3.0145779,2.5338273,-0.12334781,-0.14100276,3.015519,2.076076,3.8846734,3.007906,2.5286345,3.4952457,3.015464,3.7852473,1.9056189,3.015744,3.0801413,2.530519,3.0153651,4.4713597,4.3645215,3.0157688,3.2796485,1.6229489,2.52676,3.3316333,1.2840756,4.9350157,3.0157256,3.5741255,3.0155973,2.5299208,3.0148573,-0.041086134,-0.12967405,3.0157638,-0.2300741,3.0156512,-0.10384405,3.0078695,-0.0784167,3.0149915,1.7804741,3.0150857,2.6641965,6.656692,1.4804356,-0.101488546,3.0142765,3.079989,-0.12378413,3.0149348,5.6427135,4.7387238,5.6541905,3.015775,5.0367484,2.632838,3.015283,1.404049,1.3220552,3.0156054,3.0805016,3.0805106,3.0805168,1.1566978,4.9207892,5.306831,3.8019242,3.9500442,3.1581163,2.5592854,3.015701,2.5319085,3.899128,3.0156631,3.080483,3.1318657,6.291926,3.0156288,3.7259805,3.0157642,3.0805306,3.0805244,3.0805225,1.7946804,3.015625,5.368953,3.0156436,3.080461,3.080484,3.4290767,3.015728,3.0803986,-0.08963354,3.0151916,3.0802507,3.0803704,3.0803585,4.9594355,3.542698,4.68424,2.3702738,2.5602283,3.7843056,3.1398704,3.015706,3.832489,2.5344036,3.015542,3.0805297,3.0805273,3.0805273,3.0805302,3.5651011,-0.11451449,3.015562,4.1385136,1.2941339,-0.16636807,3.0157428,3.0801759,-0.12993515,-0.047159404,2.9874089,2.6800964,-0.14106366,3.0149894,-0.19987361,4.0346775,4.5797,3.0156183,3.0802848,-0.12722544,-0.14610182,-0.2588673,2.5330195,3.0150619,1.713338,4.204141,1.8493437,3.7490637,4.535628,2.5287883,3.0144129,3.0800152,3.0802784,3.0804648,2.1098003,2.7810378,4.5784554,2.1647701,4.2638636,3.0155735,3.0802581,-0.104459345,3.0133371,5.16272,2.8367078,3.0155883,3.140176,3.7127142,3.0147052,3.804666,4.693083,3.4412677,3.0152893,-0.18883844,3.0157716,2.3889542,3.0157292,1.9062891,5.7481003,3.0157294,3.0805135,5.38222,3.0157738,6.045629,2.7217805,0.77049965,-0.10702289,-0.060967896,2.9834027,-0.16796505,0.6545766,3.9635391,4.6777015,3.609662,1.5562124,1.3759805,-0.11335766,3.8036995,2.534336,0.7320039,2.3669174,-0.115196005,3.0152864,-0.11662802,3.7126734,3.526634,2.6530678,5.7800956,3.015248,3.0794425,3.3115704,1.1166252,-0.063823454,3.014886,-0.11419349,1.6617041,3.1816266,3.0157754,3.0804749,4.1920485,3.3965747,-0.12524253,3.0156944,-0.0782174,-0.19187105,1.8756355,6.9664493,-0.11065883,3.013893,3.0787635,3.6444833,3.0881705,-0.13072303,-0.13855581,-0.19385117,3.0155897,3.0804944,-0.19487974,4.619983,3.8806028,2.5322075,3.0146601,3.0803475,7.4435973,5.118098,3.0157714,-0.19813283,2.5337038,3.015439,-0.060104962,3.0532784,3.0157635,3.4537683,1.6215166,3.916682,5.318031,3.029728,3.0149581,4.3699675,3.3717108,1.358754,-0.125103,-0.15657571,-0.15690626,3.0157557,3.0805073,3.4322426,3.7230942,2.5347805,7.105862,3.015778,4.88707,2.9921348,3.0819764,3.015345,2.29569,5.1074467,3.01574,1.1068921,3.0157766,-0.18642783,3.015511,3.5993154,3.015225,1.1340679,1.5664021,3.0157075,3.0804389,4.6810327,2.5342813,3.0157325,3.316622,3.9098868,3.0157266,3.080519,3.0803814,2.5315144,3.0151925,3.0803494,3.0802917,3.0803597,3.08039,2.1672456,4.0364523,3.0157018,3.0804787,3.080428,3.0804815,5.11825,1.871337,2.0777087,3.0109386,-0.11499533,-0.10471026,-0.11893196,3.015718,3.0801406,2.5340176,5.1085644,3.0157616,2.5257792,1.0666575,3.101575,3.01571,-0.06652963,3.0143328,2.832916,-0.124497145,-0.15298569,4.7194366,4.265638
k__Bacteria|p__Firmicutes|c__Erysipelotrichia|o__Erysipelotrichales|f__Erysipelotrichaceae|g__Erysipelatoclostridium|s__Erysipelatoclostridium_ramosum,6.9650626,4.2582517,2.1025753,2.1478052,2.147809,4.147575,5.529475,7.5508494,7.0602612,5.926211,5.4228253,2.1026425,6.098072,5.6549573,-0.08556121,2.096856,-0.058144663,2.09514,2.1469293,3.7630026,-0.1978925,1.7639126,2.1021452,-0.12711628,5.1546583,-0.11658599,3.091247,4.1925263,-0.1509206,2.1022162,-0.15142563,-0.10844302,-0.18249588,-0.28454733,2.1024504,1.7666423,2.1026092,4.3475475,2.1026475,4.7046614,2.1026487,4.0354104,1.7566643,2.1005692,6.858894,2.1025705,6.8292165,5.903422,3.848457,1.7667344,2.5846174,1.7106566,3.4015262,1.5514954,2.142636,2.8393638,3.9277954,2.1014223,-0.040142577,-0.056944285,2.0925791,-0.11274739,1.3108748,1.7650628,2.102344,2.1477432,2.147806,2.147815,4.120236,2.1020627,1.7650998,-0.16243835,-0.12334165,2.735805,2.102172,2.7419183,6.0844774,1.7664187,-0.18691605,-0.14998752,2.1024787,2.1475093,2.1476665,2.1466737,-0.120334074,-0.13700745,-0.08858878,2.102396,1.6383032,2.1025524,2.4296606,3.5758305,4.557159,-0.13027036,-0.1074974,0.9445164,2.1012092,2.143094,-0.10065024,-0.08152827,3.4123392,2.1018932,4.3985696,6.9598627,2.8486376,-0.1185138,2.1021268,2.1477208,-0.17738779,-0.15176103,2.1025925,4.153297,7.2688,5.671958,2.1025531,3.328944,-0.17780018,1.8595724,2.1022484,7.193954,2.098456,7.182031,6.475367,6.7466154,7.324716,3.6032279,-0.16057305,2.101554,-0.07092635,2.0937726,2.1370752,6.1636906,2.0989795,1.7648315,-0.12334781,-0.14100276,2.1019888,-0.114095174,-0.25318068,-0.26654312,1.753911,-0.10945694,2.1018646,2.590707,4.6451383,2.1025567,2.146581,1.7577834,2.101551,-0.16015086,4.448252,2.1026173,4.3235116,1.0502017,1.7495514,6.2103934,3.331494,7.8737354,2.102514,7.144019,2.10216,1.7565739,2.1003785,-0.041086134,6.378025,2.1025996,4.2994456,2.1022868,-0.10384405,2.0826364,-0.0784167,2.1006033,-0.12766197,2.100903,-0.121451,-0.075820275,-0.09192432,-0.101488546,2.0988903,2.146494,0.9025613,2.100242,-0.1410757,-0.13984437,-0.18093297,2.102634,2.035307,2.29175,2.1012917,-0.13462572,7.3077903,2.1022265,2.1477492,2.1477723,2.1477876,7.270881,-0.25103784,-0.20219928,-0.19465852,-0.24831252,2.3744538,2.1073532,2.1024203,1.7607174,8.003652,2.1023593,2.1476996,7.8318944,5.9330144,2.1022186,1.6611956,2.102608,2.1478245,2.1478095,2.1478043,2.0546875,2.102189,-0.114121355,2.102266,2.1476154,2.1477013,4.8815036,2.102521,2.1474118,-0.08963354,2.10111,2.1471496,2.1473942,2.1474128,-0.13302092,2.7687666,-0.14014931,-0.15141064,-0.15839578,-0.15615125,2.9888062,2.1024714,2.880369,1.7660403,2.101984,2.147822,2.1478157,2.1478157,2.1478226,2.51333,-0.11451449,2.1020832,-0.15564899,-0.14443555,-0.16636807,2.1025445,2.1467452,-0.12993515,-0.047159404,2.0221143,6.5275965,5.583542,2.100585,5.919083,1.9702216,1.2568499,2.1022425,2.1472473,5.2170687,4.1886816,4.128078,1.763159,2.1008675,-0.09132757,6.527567,4.2781796,5.2817,2.2559085,1.7543886,2.0990376,2.1465287,2.1471987,2.1476586,0.73473907,3.1953177,-0.15106063,-0.07294749,-0.2039893,2.1020927,2.147176,-0.104459345,2.0964994,-0.17466888,-0.13176009,2.1021914,-0.15109587,-0.10913184,2.0999026,-0.05825615,-0.14326635,-0.17082691,2.1013606,0.96347153,2.102623,1.8649737,2.1024885,4.9779706,-0.14331596,2.1025186,2.1477752,4.3960085,2.1026282,-0.22115314,2.5339,5.521229,5.3142004,-0.060967896,2.0121622,3.5455241,3.8777115,-0.22133875,-0.12812386,-0.0969081,-0.16398169,-0.12716047,-0.11335766,5.2425895,1.765929,8.615274,2.3117685,4.4450436,2.101374,3.845315,3.702877,-0.14526704,-0.12781724,-0.096878245,2.1013665,2.1451054,-0.12434345,-0.11230643,-0.063823454,2.1003933,-0.11419349,-0.10007019,5.0891657,2.1026354,2.147653,-0.16344379,2.8553963,3.971191,2.102435,-0.0782174,4.924596,5.4465814,-0.09859173,-0.11065883,2.0979848,2.1433897,-0.083404,2.378937,-0.13072303,7.60589,4.40947,2.102127,2.147732,5.6065207,5.1846185,5.264755,1.761203,2.0998197,2.1473403,5.657244,5.5338545,2.1026254,7.503334,1.7645259,2.1017456,-0.060104962,-0.15931924,2.102601,3.0274243,2.9440486,-0.11816878,-0.14795661,6.489231,2.1004696,-0.13614628,3.9093492,5.4589024,-0.125103,3.692425,2.9934127,2.1025815,2.1477654,3.74906,1.6893518,1.7669442,-0.2814266,2.102641,-0.1915083,2.1308873,-0.16952515,2.1013618,-0.13369927,-0.12557748,2.1025386,-0.18106565,2.1026375,-0.18642783,2.101832,4.1183352,2.1011202,-0.14691104,-0.13029914,2.1024601,2.1475964,5.8712125,1.7658149,2.1025279,-0.10481856,-0.1650517,2.102499,2.1477935,2.147367,1.7598772,2.1011934,2.1473284,2.1472,2.1473608,2.1474667,4.814499,-0.17392421,2.1024365,2.1476948,2.1475568,2.1477017,6.468136,3.8966959,6.5757384,2.088879,4.562579,8.047854,6.1965723,2.1024864,2.1466727,1.765258,-0.19501048,2.102594,5.6317935,2.6841316,2.773757,2.1024427,5.788365,2.099081,3.8204033,5.0853276,4.5470414,-0.052188452,4.8966107
k__Bacteria|p__Firmicutes|c__Bacilli|o__Lactobacillales|f__Carnobacteriaceae|g__Granulicatella|s__Granulicatella_SGB8255,-0.1004395,0.78807914,-0.08976503,-0.091719605,-0.09171986,1.7580719,2.3738253,-0.16813041,-0.10929718,2.231791,3.695706,-0.08976926,0.8499838,1.1828305,-0.08556121,-0.08938916,-0.058144663,-0.08929582,-0.09166408,-0.19931981,-0.1978925,-0.07506262,-0.08973768,0.97133535,-0.20043859,-0.11658599,-0.182019,-0.25032333,-0.1509206,-0.08974235,2.9399476,0.8131484,2.0427573,1.9590914,-0.089756444,-0.0752465,-0.089767165,1.7765559,-0.08976959,-0.29867563,-0.08976965,0.9092687,-0.07458993,-0.089638576,2.109872,-0.0897647,1.4869386,3.133446,1.1157897,-0.07525323,-0.24679694,1.6714752,1.6610621,-0.26027086,-0.28621647,0.92494816,-0.11894142,-0.08969188,3.0462966,1.5836886,-0.08914879,-0.11274739,0.5923164,-0.07514167,-0.08975068,-0.09171576,-0.09171967,-0.09172021,-0.27573854,-0.089729734,-0.07514529,2.1610482,1.1047993,-0.14074792,-0.08974002,-0.15887658,-0.14481027,-0.07523132,1.606838,-0.14998752,-0.08975896,-0.091701165,-0.09171098,-0.091638505,-0.120334074,-0.13700745,-0.08858878,-0.08975384,2.8626099,-0.08976363,-0.2004665,-0.11139822,-0.1388583,-0.13027036,2.6491938,-0.15152657,-0.08967985,-0.09137863,-0.10065024,-0.08152827,-0.09427856,-0.08972183,-0.11960925,3.0197666,-0.16982608,2.0387614,-0.089736566,-0.09171431,0.9914145,-0.15176103,-0.089766145,4.107835,1.1769054,-0.13525523,-0.08976367,1.3146782,-0.17780018,0.827065,-0.08974232,-0.09015879,-0.08950643,-0.12151222,-0.121854745,-0.13997786,1.4101896,-0.13908121,0.8957835,-0.08970049,-0.07092635,-0.08920605,-0.09105968,1.731839,-0.08953725,-0.07512433,-0.12334781,-0.14100276,-0.08972828,-0.114095174,1.7015185,1.4244239,-0.07437481,-0.10945694,-0.08972044,1.8812654,0.7652614,-0.089763895,-0.091635674,-0.074653134,-0.08969946,0.89881694,3.2609677,-0.08976768,1.2136687,-0.20616047,-0.074079886,-0.10460003,-0.11361031,2.004231,-0.08976124,2.1257963,-0.08973616,-0.07455712,-0.089625776,-0.041086134,-0.12967405,-0.08976662,-0.2300741,-0.08974433,-0.10384405,-0.08847894,-0.0784167,-0.08963829,0.86811095,-0.089660056,-0.121451,-0.075820275,-0.09192432,-0.101488546,-0.089532964,-0.09163715,-0.12378413,-0.08959459,1.8675215,2.4935365,3.230937,-0.08976872,2.4204512,-0.12844054,-0.08967447,-0.13462572,-0.119081676,-0.08974305,-0.09171608,-0.091717556,-0.0917185,-0.19755594,1.2650088,1.4229348,-0.19465852,3.9246879,-0.20506537,-0.22091979,-0.08975464,-0.07484936,-0.11956477,-0.08975144,-0.091713026,0.7105513,1.9423795,-0.08974078,-0.32474133,-0.08976711,-0.09172083,-0.091719896,-0.09171956,0.67615205,-0.089736566,-0.114121355,-0.08974549,-0.09170788,-0.09171296,2.5554388,-0.08976165,-0.09169048,-0.08963354,-0.08967198,-0.091678396,-0.0916941,-0.09169503,3.5913055,1.3395952,3.9603105,1.3874565,1.6487617,1.6416878,0.6703397,-0.08975849,2.3334112,-0.075208314,-0.08972884,-0.09172067,-0.09172028,-0.09172029,-0.091720715,0.60666806,-0.11451449,-0.08973448,1.7338593,-0.14443555,-0.16636807,-0.089763224,-0.09165101,-0.12993515,-0.047159404,-0.0848213,2.2123883,-0.14106366,-0.08964205,-0.19987361,-0.1649412,-0.17166539,-0.08974433,-0.091684714,1.184729,-0.14610182,-0.2588673,-0.07500512,-0.089656904,-0.09132757,0.7515704,-0.13684332,1.2532699,2.5401037,-0.0743694,-0.089537345,-0.09163909,-0.09168139,-0.09171036,-0.15740095,-0.19795567,2.3969095,-0.07294749,4.1375914,-0.08973515,-0.09167965,1.5659591,-0.08931003,2.6892362,-0.13176009,-0.08974099,1.8843482,1.5929029,-0.0895922,1.4865705,3.4267297,-0.17082691,-0.08968968,-0.18883844,-0.089768074,-0.31316653,-0.08975954,-0.16808087,4.833975,-0.089761496,-0.09171774,1.9910547,-0.089768365,1.4356114,-0.07562123,-0.086852394,-0.10702289,-0.060967896,-0.08421108,-0.16796505,-0.15746465,3.0172634,2.9678018,1.6918226,2.8889837,-0.12716047,-0.11335766,1.2794545,-0.07519931,3.203546,1.5723218,1.5035203,-0.089690045,-0.11662802,1.0383021,-0.14526704,-0.12781724,-0.096878245,-0.089688435,-0.09154917,3.0555081,-0.11230643,-0.063823454,-0.089625925,-0.11419349,-0.10007019,1.3658258,-0.08976883,-0.09170878,-0.16344379,-0.1759062,-0.12524253,-0.089756325,-0.0782174,-0.19187105,-0.18185812,-0.09859173,-0.11065883,-0.08947748,-0.091442645,-0.083404,-0.1213824,-0.13072303,-0.13855581,-0.19385117,-0.08973725,-0.091714986,-0.19487974,3.2751653,1.3090588,-0.07487952,-0.089592,-0.09169057,-0.14520228,2.0732577,-0.08976821,1.6239355,-0.07510047,-0.089712806,-0.060104962,1.1244719,-0.08976665,-0.2028091,-0.2868003,-0.11816878,0.6295149,-0.10060286,-0.089633465,-0.13614628,2.4395437,0.9501345,-0.125103,1.8352578,-0.15690626,-0.08976546,-0.091717094,2.1147616,0.86178106,-0.075266644,4.176401,-0.08976918,1.8170528,-0.24371436,1.4894361,-0.08967844,-0.13369927,-0.12557748,-0.08976278,-0.18106565,-0.089768946,-0.18642783,-0.08971499,1.9230644,-0.08967559,-0.14691104,-0.13029914,-0.089757904,-0.09170651,3.5182617,-0.07519042,-0.089762,-0.10481856,-0.1650517,-0.089760415,-0.091718905,-0.09168817,-0.07477419,-0.08967841,-0.091689944,-0.09168167,-0.0916919,-0.09169774,-0.16505513,2.476935,-0.08975645,-0.09171275,-0.09170422,-0.09171313,5.097895,1.0153704,1.730281,-0.08892503,-0.11499533,-0.10471026,-0.11893196,-0.08975949,-0.09164119,-0.07515539,3.2989202,-0.089766264,1.5101111,-0.11705899,2.4878662,-0.08975381,-0.06652963,-0.08954161,-0.10737923,-0.124497145,-0.15298569,0.97341573,-0.26007295
k__Bacteria|p__Proteobacteria|c__Alphaproteobacteria|o__Hyphomicrobiales|f__Brucellaceae|g__Brucella|s__Brucella_anthropi,-0.1004395,-0.12316422,-0.15522337,-0.1585314,-0.15853167,-0.23867357,-0.1666669,-0.16813041,-0.10929718,-0.22895765,-0.23728925,-0.15522796,-0.22850217,-0.3768707,-0.08556121,-0.15483408,-0.058144663,-0.15471038,-0.15847176,-0.19931981,-0.1978925,-0.13046466,-0.15519397,-0.12711628,-0.20043859,-0.11658599,-0.182019,-0.25032333,-0.1509206,-0.15519878,-0.15142563,-0.10844302,-0.18249588,-0.28454733,-0.15521498,-0.13065428,-0.15522566,-0.22338755,-0.15522832,-0.29867563,-0.15522839,-0.29356226,-0.1299676,-0.15508637,-0.13691942,-0.15522301,-0.23188588,-0.24781659,-0.1296162,-0.13066015,-0.24679694,-0.18279888,-0.25087595,-0.26027086,-0.28621647,-0.27511892,-0.11894142,-0.15514462,-0.040142577,-0.056944285,-0.1545339,-0.11274739,-0.13743341,-0.13054414,-0.15520751,-0.15852717,-0.15853146,-0.15853208,-0.27573854,-0.15518934,-0.13054763,-0.16243835,-0.12334165,-0.14074792,-0.15519553,-0.15887658,-0.14481027,-0.13063864,-0.18691605,-0.14998752,-0.15521675,-0.15851107,-0.15852189,-0.15845591,-0.120334074,-0.13700745,-0.08858878,-0.15521105,-0.19008024,-0.15522179,-0.2004665,-0.11139822,-0.1388583,-0.13027036,-0.1074974,-0.15152657,-0.15512913,-0.15821294,-0.10065024,-0.08152827,-0.09427856,-0.15517662,-0.11960925,-0.15027548,-0.16982608,-0.1185138,-0.15519285,-0.15852559,-0.17738779,-0.15176103,-0.15522453,-0.25953975,-0.17989698,-0.13525523,-0.15522183,-0.15095688,-0.17780018,-0.2009549,-0.15520164,-0.09015879,-0.15493971,-0.12151222,-0.121854745,-0.13997786,-0.21433522,-0.13908121,-0.16057305,-0.15515327,-0.07092635,-0.15461977,-0.15779239,-0.18733518,-0.1549773,-0.13053113,-0.12334781,-0.14100276,-0.15518305,-0.114095174,-0.25318068,-0.26654312,-0.12975374,-0.10945694,-0.15517454,-0.09238048,-0.20963459,-0.15522206,-0.15845093,-0.13003844,-0.15515381,-0.16015086,-0.1553517,-0.15522622,-0.19704957,-0.20616047,-0.12948571,-0.10460003,-0.11361031,-0.10256614,-0.15521911,-0.19495486,-0.15519539,-0.1299563,-0.15507218,-0.041086134,-0.12967405,-0.15522502,-0.2300741,-0.15520437,-0.10384405,-0.15385681,-0.0784167,-0.15508959,-0.12766197,-0.15510851,-0.121451,-0.075820275,-0.09192432,-0.101488546,-0.15497017,-0.15844128,-0.12378413,-0.15506884,-0.1410757,-0.13984437,-0.18093297,-0.15522736,-0.25777104,-0.12844054,-0.15513891,-0.13462572,-0.119081676,-0.15519942,-0.15852761,-0.15852918,-0.15853024,-0.19755594,-0.25103784,-0.20219928,-0.19465852,-0.24831252,-0.20506537,-0.22091979,-0.155213,-0.13024,-0.11956477,-0.15520853,-0.15852416,-0.20931396,-0.18224281,-0.15519987,-0.32474133,-0.15522557,-0.15853274,-0.15853171,-0.15853135,-0.2185038,-0.15519905,-0.114121355,-0.15520242,-0.1585184,-0.15852436,-0.22984435,-0.15521963,-0.15850759,-0.08963354,-0.15512371,-0.15848641,-0.1585032,-0.15850437,-0.13302092,-0.1051107,-0.14014931,-0.15141064,-0.15839578,-0.15615125,-0.14613561,-0.15521619,-0.12319561,-0.13061273,-0.15518257,-0.15853256,-0.15853211,-0.15853214,-0.1585326,-0.38518023,-0.11451449,-0.15518945,-0.15564899,-0.14443555,-0.16636807,-0.1552212,-0.1584597,-0.12993515,-0.047159404,-0.14967531,-0.14016809,-0.14106366,-0.15508607,-0.19987361,-0.1649412,-0.17166539,-0.15520042,-0.15849295,-0.12722544,-0.14610182,-0.2588673,-0.13040629,-0.15510611,-0.09132757,-0.12832497,-0.13684332,-0.16221203,-0.15659244,-0.1298097,-0.1549836,-0.15844396,-0.15848982,-0.15852138,-0.15740095,-0.19795567,-0.15106063,-0.07294749,-0.2039893,-0.15519018,-0.15848836,-0.104459345,-0.1548217,-0.17466888,-0.13176009,-0.15519688,-0.15109587,-0.10913184,-0.15504172,-0.05825615,-0.14326635,-0.17082691,-0.15513979,-0.18883844,-0.15522663,-0.31316653,-0.15521747,-0.16808087,-0.14331596,-0.15521944,-0.15852937,-0.25088155,-0.15522698,-0.22115314,-0.07562123,-0.086852394,-0.10702289,-0.060967896,-0.14898802,-0.16796505,-0.15746465,-0.22133875,-0.12812386,-0.0969081,-0.16398169,-0.12716047,-0.11335766,-0.18846886,-0.13060464,-0.17755464,-0.0994983,-0.115196005,-0.15514074,-0.11662802,-0.19749595,-0.14526704,-0.12781724,-0.096878245,-0.15514049,-0.15834609,-0.12434345,-0.11230643,-0.063823454,-0.15507425,-0.11419349,-0.10007019,-0.24483351,-0.15522747,-0.15852143,-0.16344379,-0.1759062,-0.12524253,-0.15521368,-0.0782174,-0.19187105,-0.18185812,-0.09859173,-0.11065883,-0.15490687,-0.15822744,-0.083404,-0.1213824,-0.13072303,-0.13855581,-0.19385117,-0.1551926,-0.15852642,-0.19487974,-0.23847799,-0.2432746,-0.13028313,-0.15503407,-0.15849951,-0.14520228,-0.2961179,-0.15522678,-0.19813283,-0.13050759,-0.15516654,-0.060104962,-0.15931924,-0.15522511,-0.2028091,-0.2868003,-0.11816878,-0.14795661,-0.10060286,-0.15507874,-0.13614628,-0.20725825,-0.17393659,-0.125103,-0.15657571,-0.15690626,-0.15522379,-0.15852869,-0.16221246,-0.22200036,-0.13067457,-0.2814266,-0.15522785,-0.1915083,-0.24371436,-0.16952515,-0.15514438,-0.13369927,-0.12557748,-0.15522087,-0.18106565,-0.15522762,-0.18642783,-0.15517399,-0.30462334,-0.15512305,-0.14691104,-0.13029914,-0.15521543,-0.15851706,-0.18915205,-0.13059722,-0.15522012,-0.10481856,-0.1650517,-0.1552181,-0.1585306,-0.15850252,-0.13018276,-0.15512821,-0.1584987,-0.15849002,-0.158501,-0.15850858,-0.16505513,-0.17392421,-0.15521383,-0.1585238,-0.1585143,-0.1585243,-0.2025511,-0.15354379,-0.14723541,-0.15427914,-0.11499533,-0.10471026,-0.11893196,-0.15521723,-0.15845633,-0.13055798,-0.19501048,-0.15522464,-0.18738703,-0.11705899,-0.17429145,-0.15521514,-0.06652963,-0.15498394,-0.10737923,-0.124497145,-0.15298569,-0.052188452,-0.26007295
k__Bacteria|p__Proteobacteria|c__Betaproteobacteria|o__Burkholderiales|f__Sutterellaceae|g__Dakarella|s__Dakarella_massiliensis,-0.1004395,-0.12316422,-0.1544382,-0.15776908,-0.15776932,-0.23867357,-0.1666669,-0.16813041,-0.10929718,-0.22895765,-0.23728925,-0.15444279,-0.22850217,-0.3768707,-0.08556121,-0.15405819,-0.058144663,-0.15393594,-0.15770966,-0.19931981,-0.1978925,-0.12952435,-0.15440917,-0.12711628,-0.20043859,-0.11658599,-0.182019,-0.25032333,-0.1509206,-0.15441376,-0.15142563,-0.10844302,-0.18249588,-0.28454733,-0.15443017,-0.12970024,-0.1544405,-0.22338755,-0.15444314,-0.29867563,-0.1544432,-0.29356226,-0.12905791,-0.1543015,-0.13691942,-0.1544379,-0.23188588,-0.24781659,-0.1296162,-0.12970594,-0.24679694,-0.18279888,-0.25087595,-0.26027086,-0.28621647,-0.27511892,-0.11894142,-0.15436035,-0.040142577,-0.056944285,-0.15375033,-0.11274739,-0.13743341,-0.12959844,-0.15442234,-0.15776488,-0.15776911,-0.15776972,-0.27573854,-0.15440516,-0.12959953,-0.16243835,-0.12334165,-0.14074792,-0.15441068,-0.15887658,-0.14481027,-0.12968607,-0.18691605,-0.14998752,-0.15443167,-0.1577489,-0.15775955,-0.15769668,-0.120334074,-0.13700745,-0.08858878,-0.15442605,-0.19008024,-0.15443665,-0.2004665,-0.11139822,-0.1388583,-0.13027036,-0.1074974,-0.15152657,-0.15434524,-0.15747972,-0.10065024,-0.08152827,-0.09427856,-0.15439215,-0.11960925,-0.15027548,-0.16982608,-0.1185138,-0.15440775,-0.15776335,-0.17738779,-0.15176103,-0.15443936,-0.25953975,-0.17989698,-0.13525523,-0.15443674,-0.15095688,-0.17780018,-0.2009549,-0.15441686,-0.09015879,-0.15415913,-0.12151222,-0.121854745,-0.13997786,-0.21433522,-0.13908121,-0.16057305,-0.15436912,-0.07092635,-0.1538426,-0.1570273,-0.18733518,-0.1541916,-0.12958819,-0.12334781,-0.14100276,-0.15439832,-0.114095174,-0.25318068,-0.26654312,-0.1288877,-0.10945694,-0.15438999,-0.09238048,-0.20963459,-0.15443692,-0.15768819,-0.12913245,-0.15436906,-0.16015086,-0.1553517,-0.15444106,-0.19704957,-0.20616047,-0.1286007,-0.10460003,-0.11361031,-0.10256614,-0.15443406,-0.19495486,-0.15441127,-0.12905991,-0.15428965,-0.041086134,-0.12967405,-0.15443984,-0.2300741,-0.15441972,-0.10384405,-0.15309969,-0.0784167,-0.15430543,-0.12766197,-0.15432468,-0.121451,-0.075820275,-0.09192432,-0.101488546,-0.15418911,-0.15768027,-0.12378413,-0.15429223,-0.1410757,-0.13984437,-0.18093297,-0.15444219,-0.25777104,-0.12844054,-0.1543563,-0.13462572,-0.119081676,-0.15441467,-0.1577653,-0.15776685,-0.15776789,-0.19755594,-0.25103784,-0.20219928,-0.19465852,-0.24831252,-0.20506537,-0.22091979,-0.15442795,-0.1293248,-0.11956477,-0.15442358,-0.15776186,-0.20931396,-0.18224281,-0.1544149,-0.32474133,-0.15444043,-0.15777038,-0.15776938,-0.15776902,-0.2185038,-0.15441391,-0.114121355,-0.15441713,-0.15775596,-0.15776205,-0.22984435,-0.15443456,-0.15774468,-0.08963354,-0.15433915,-0.15772474,-0.15774092,-0.1577425,-0.13302092,-0.1051107,-0.14014931,-0.15141064,-0.15839578,-0.15615125,-0.14613561,-0.15443122,-0.12319561,-0.12965977,-0.15439732,-0.15777022,-0.15776978,-0.15776978,-0.15777026,-0.38518023,-0.11451449,-0.15440455,-0.15564899,-0.14443555,-0.16636807,-0.15443602,-0.15769717,-0.12993515,-0.047159404,-0.14887363,-0.14016809,-0.14106366,-0.15430164,-0.19987361,-0.1649412,-0.17166539,-0.15441555,-0.15773131,-0.12722544,-0.14610182,-0.2588673,-0.12947868,-0.15432295,-0.09132757,-0.12832497,-0.13684332,-0.16221203,-0.15659244,-0.12892482,-0.15420018,-0.15768261,-0.15772802,-0.15775916,-0.15740095,-0.19795567,-0.15106063,-0.07294749,-0.2039893,-0.1544051,-0.15772676,-0.104459345,-0.15407732,-0.17466888,-0.13176009,-0.15441221,-0.15109587,-0.10913184,-0.15425915,-0.05825615,-0.14326635,-0.17082691,-0.15435505,-0.18883844,-0.15444145,-0.31316653,-0.15443227,-0.16808087,-0.14331596,-0.15443432,-0.15776701,-0.25088155,-0.15444179,-0.22115314,-0.07562123,-0.086852394,-0.10702289,-0.060967896,-0.14819273,-0.16796505,-0.15746465,-0.22133875,-0.12812386,-0.0969081,-0.16398169,-0.12716047,-0.11335766,-0.18846886,-0.12965378,-0.17755464,-0.0994983,-0.115196005,-0.15435627,-0.11662802,-0.19749595,-0.14526704,-0.12781724,-0.096878245,-0.15435672,-0.15758634,-0.12434345,-0.11230643,-0.063823454,-0.15429127,-0.11419349,-0.10007019,-0.24483351,-0.15444228,-0.15775919,-0.16344379,-0.1759062,-0.12524253,-0.15442868,-0.0782174,-0.19187105,-0.18185812,-0.09859173,-0.11065883,-0.15412633,-0.157469,-0.083404,-0.1213824,-0.13072303,-0.13855581,-0.19385117,-0.15440744,-0.15776412,-0.19487974,-0.23847799,-0.2432746,-0.12934065,-0.15425107,-0.15773731,-0.14520228,-0.2961179,-0.15444162,-0.19813283,-0.12956528,-0.15438178,-0.060104962,-0.15931924,-0.15443994,-0.2028091,-0.2868003,-0.11816878,-0.14795661,-0.10060286,-0.15429446,-0.13614628,-0.20725825,-0.17393659,-0.125103,-0.15657571,-0.15690626,-0.15443864,-0.15776637,-0.16221246,-0.22200036,-0.12971997,-0.2814266,-0.15444267,-0.1915083,-0.24371436,-0.16952515,-0.15436083,-0.13369927,-0.12557748,-0.1544357,-0.18106565,-0.15444244,-0.18642783,-0.15438914,-0.30462334,-0.15433785,-0.14691104,-0.13029914,-0.15443034,-0.15775487,-0.18915205,-0.1296469,-0.15443504,-0.10481856,-0.1650517,-0.15443291,-0.15776826,-0.1577408,-0.12926285,-0.15434444,-0.15773639,-0.15772794,-0.15773869,-0.15774645,-0.16505513,-0.17392421,-0.15442869,-0.15776156,-0.15775207,-0.15776202,-0.2025511,-0.15354379,-0.14723541,-0.15349069,-0.11499533,-0.10471026,-0.11893196,-0.15443215,-0.15769497,-0.12960994,-0.19501048,-0.15443945,-0.18738703,-0.11705899,-0.17429145,-0.15443039,-0.06652963,-0.15420336,-0.10737923,-0.124497145,-0.15298569,-0.052188452,-0.26007295
k__Bacteria|p__Proteobacteria|c__Alphaproteobacteria|o__Hyphomicrobiales|f__Rhizobiaceae|g__Rhizobium|s__Rhizobium_pusense,-0.1004395,-0.12316422,-0.15532032,-0.15857744,-0.15857774,-0.23867357,-0.1666669,-0.16813041,-0.10929718,-0.22895765,-0.23728925,-0.15532556,-0.22850217,-0.3768707,-0.08556121,-0.15487812,-0.058144663,-0.15472473,-0.15850894,-0.19931981,-0.1978925,-0.13091743,-0.15528634,-0.12711628,-0.20043859,-0.11658599,-0.182019,-0.25032333,-0.1509206,-0.1552923,-0.15142563,-0.10844302,-0.18249588,-0.28454733,-0.1553112,-0.13112916,-0.15532291,-0.22338755,-0.155326,-0.29867563,-0.15532605,-0.29356226,-0.13035117,-0.15516457,-0.13691942,-0.15531984,-0.23188588,-0.24781659,-0.1296162,-0.13113618,-0.24679694,-0.18279888,-0.25087595,-0.26027086,-0.28621647,-0.27511892,-0.11894142,-0.15522957,-0.040142577,-0.056944285,-0.15453187,-0.11274739,-0.13743341,-0.13100791,-0.15530229,-0.15857252,-0.15857752,-0.15857822,-0.27573854,-0.15528306,-0.13100977,-0.16243835,-0.12334165,-0.14074792,-0.15528813,-0.15887658,-0.14481027,-0.1311116,-0.18691605,-0.14998752,-0.15531264,-0.15855405,-0.15856665,-0.15849683,-0.120334074,-0.13700745,-0.08858878,-0.15530604,-0.19008024,-0.15531844,-0.2004665,-0.11139822,-0.1388583,-0.13027036,-0.1074974,-0.15152657,-0.15521145,-0.1582486,-0.10065024,-0.08152827,-0.09427856,-0.15526623,-0.11960925,-0.15027548,-0.16982608,-0.1185138,-0.1552855,-0.15857077,-0.17738779,-0.15176103,-0.15532164,-0.25953975,-0.17989698,-0.13525523,-0.1553185,-0.15095688,-0.17780018,-0.2009549,-0.15529712,-0.09015879,-0.15499172,-0.12151222,-0.121854745,-0.13997786,-0.21433522,-0.13908121,-0.16057305,-0.15523918,-0.07092635,-0.15462866,-0.1577417,-0.18733518,-0.15504716,-0.13099355,-0.12334781,-0.14100276,-0.15527372,-0.114095174,-0.25318068,-0.26654312,-0.13016023,-0.10945694,-0.15526369,-0.09238048,-0.20963459,-0.15531874,-0.15848865,-0.13045171,-0.15524074,-0.16015086,-0.1553517,-0.15532358,-0.19704957,-0.20616047,-0.12982519,-0.10460003,-0.11361031,-0.10256614,-0.1553153,-0.19495486,-0.15528944,-0.13037014,-0.15514585,-0.041086134,-0.12967405,-0.15532228,-0.2300741,-0.15529937,-0.10384405,-0.15376988,-0.0784167,-0.15516686,-0.12766197,-0.1551878,-0.121451,-0.075820275,-0.09192432,-0.101488546,-0.15502907,-0.15847313,-0.12378413,-0.15515688,-0.1410757,-0.13984437,-0.18093297,-0.15532488,-0.25777104,-0.12844054,-0.15522686,-0.13462572,-0.119081676,-0.15529236,-0.15857306,-0.15857488,-0.1585761,-0.19755594,-0.25103784,-0.20219928,-0.19465852,-0.24831252,-0.20506537,-0.22091979,-0.15530886,-0.13067973,-0.11956477,-0.15530303,-0.15856913,-0.20931396,-0.18224281,-0.15529424,-0.32474133,-0.15532279,-0.15857898,-0.15857778,-0.15857737,-0.2185038,-0.1552934,-0.114121355,-0.15529647,-0.1585629,-0.15856937,-0.22984435,-0.15531588,-0.15855072,-0.08963354,-0.15520588,-0.15852505,-0.1585452,-0.15854594,-0.13302092,-0.1051107,-0.14014931,-0.15141064,-0.15839578,-0.15615125,-0.14613561,-0.15531185,-0.12319561,-0.13108179,-0.15527396,-0.15857878,-0.15857828,-0.15857828,-0.15857883,-0.38518023,-0.11451449,-0.1552813,-0.15564899,-0.14443555,-0.16636807,-0.15531787,-0.15849768,-0.12993515,-0.047159404,-0.14903307,-0.14016809,-0.14106366,-0.15516254,-0.19987361,-0.1649412,-0.17166539,-0.15529372,-0.15853246,-0.12722544,-0.14610182,-0.2588673,-0.13086201,-0.15518515,-0.09132757,-0.12832497,-0.13684332,-0.16221203,-0.15659244,-0.13022569,-0.1550465,-0.15847656,-0.15852933,-0.15856585,-0.15740095,-0.19795567,-0.15106063,-0.07294749,-0.2039893,-0.15528236,-0.15852726,-0.104459345,-0.15491381,-0.17466888,-0.13176009,-0.15528929,-0.15109587,-0.10913184,-0.15511292,-0.05825615,-0.14326635,-0.17082691,-0.15522437,-0.18883844,-0.15532407,-0.31316653,-0.15531395,-0.16808087,-0.14331596,-0.15531573,-0.15857516,-0.25088155,-0.15532447,-0.22115314,-0.07562123,-0.086852394,-0.10702289,-0.060967896,-0.14823583,-0.16796505,-0.15746465,-0.22133875,-0.12812386,-0.0969081,-0.16398169,-0.12716047,-0.11335766,-0.18846886,-0.13107376,-0.17755464,-0.0994983,-0.115196005,-0.15522534,-0.11662802,-0.19749595,-0.14526704,-0.12781724,-0.096878245,-0.1552239,-0.15836394,-0.12434345,-0.11230643,-0.063823454,-0.15514897,-0.11419349,-0.10007019,-0.24483351,-0.155325,-0.15856656,-0.16344379,-0.1759062,-0.12524253,-0.15530902,-0.0782174,-0.19187105,-0.18185812,-0.09859173,-0.11065883,-0.15495475,-0.15822724,-0.083404,-0.1213824,-0.13072303,-0.13855581,-0.19385117,-0.15528524,-0.15857168,-0.19487974,-0.23847799,-0.2432746,-0.13071054,-0.15510228,-0.1585409,-0.14520228,-0.2961179,-0.15532419,-0.19813283,-0.13096781,-0.15525538,-0.060104962,-0.15931924,-0.15532234,-0.2028091,-0.2868003,-0.11816878,-0.14795661,-0.10060286,-0.1551549,-0.13614628,-0.20725825,-0.17393659,-0.125103,-0.15657571,-0.15690626,-0.15532082,-0.15857431,-0.16221246,-0.22200036,-0.1311528,-0.2814266,-0.15532547,-0.1915083,-0.24371436,-0.16952515,-0.15523398,-0.13369927,-0.12557748,-0.15531746,-0.18106565,-0.15532517,-0.18642783,-0.15526593,-0.30462334,-0.15520604,-0.14691104,-0.13029914,-0.15531117,-0.15856081,-0.18915205,-0.13106477,-0.15531653,-0.10481856,-0.1650517,-0.15531436,-0.15857655,-0.1585462,-0.1306189,-0.15521026,-0.15854019,-0.15852994,-0.15854272,-0.1585511,-0.16505513,-0.17392421,-0.15530944,-0.15856865,-0.15855779,-0.15856922,-0.2025511,-0.15354379,-0.14723541,-0.15425017,-0.11499533,-0.10471026,-0.11893196,-0.15531325,-0.15849495,-0.13101974,-0.19501048,-0.1553218,-0.18738703,-0.11705899,-0.17429145,-0.15531167,-0.06652963,-0.1550446,-0.10737923,-0.124497145,-0.15298569,-0.052188452,-0.26007295
k__Bacteria|p__Proteobacteria|c__Betaproteobacteria|o__Neisseriales|f__Neisseriaceae|g__Eikenella|s__Eikenella_halliae,-0.1004395,-0.12316422,-0.15486187,-0.15802366,-0.15802395,-0.23867357,-0.1666669,-0.16813041,-0.10929718,-0.22895765,-0.23728925,-0.15486723,-0.22850217,-0.3768707,-0.08556121,-0.15441418,-0.058144663,-0.15425718,-0.15795428,-0.19931981,-0.1978925,-0.13115744,-0.15482742,-0.12711628,-0.20043859,-0.11658599,-0.182019,-0.25032333,-0.1509206,-0.15483338,-0.15142563,-0.10844302,-0.18249588,-0.28454733,-0.15485236,-0.13137901,-0.15486452,-0.22338755,-0.15486765,-0.29867563,-0.15486772,-0.29356226,-0.1305651,-0.15470365,-0.13691942,-0.15486139,-0.23188588,-0.24781659,-0.1296162,-0.13138609,-0.24679694,-0.18279888,-0.25087595,-0.26027086,-0.28621647,-0.27511892,-0.11894142,-0.15476969,-0.040142577,-0.056944285,-0.15405962,-0.11274739,-0.13743341,-0.13125145,-0.15484354,-0.15801865,-0.15802373,-0.15802443,-0.27573854,-0.15482368,-0.13125472,-0.16243835,-0.12334165,-0.14074792,-0.15482911,-0.15887658,-0.14481027,-0.13136078,-0.18691605,-0.14998752,-0.1548541,-0.15799986,-0.15801264,-0.15794119,-0.120334074,-0.13700745,-0.08858878,-0.15484735,-0.19008024,-0.15485996,-0.2004665,-0.11139822,-0.1388583,-0.13027036,-0.1074974,-0.15152657,-0.15475103,-0.1576807,-0.10065024,-0.08152827,-0.09427856,-0.15480693,-0.11960925,-0.15027548,-0.16982608,-0.1185138,-0.15482655,-0.15801686,-0.17738779,-0.15176103,-0.15486324,-0.25953975,-0.17989698,-0.13525523,-0.15486,-0.15095688,-0.17780018,-0.2009549,-0.15483809,-0.09015879,-0.15452774,-0.12151222,-0.121854745,-0.13997786,-0.21433522,-0.13908121,-0.16057305,-0.15477945,-0.07092635,-0.15416016,-0.15717311,-0.18733518,-0.15458396,-0.13123654,-0.12334781,-0.14100276,-0.15481454,-0.114095174,-0.25318068,-0.26654312,-0.13033198,-0.10945694,-0.15480435,-0.09238048,-0.20963459,-0.15486027,-0.15793389,-0.13065849,-0.1547814,-0.16015086,-0.1553517,-0.1548652,-0.19704957,-0.20616047,-0.13000208,-0.10460003,-0.11361031,-0.10256614,-0.15485677,-0.19495486,-0.15483004,-0.13056022,-0.1546847,-0.041086134,-0.12967405,-0.15486386,-0.2300741,-0.15484038,-0.10384405,-0.15328504,-0.0784167,-0.15470663,-0.12766197,-0.15472719,-0.121451,-0.075820275,-0.09192432,-0.101488546,-0.15456533,-0.15791765,-0.12378413,-0.15469651,-0.1410757,-0.13984437,-0.18093297,-0.15486653,-0.25777104,-0.12844054,-0.15476647,-0.13462572,-0.119081676,-0.15483353,-0.15801923,-0.15802106,-0.1580223,-0.19755594,-0.25103784,-0.20219928,-0.19465852,-0.24831252,-0.20506537,-0.22091979,-0.15485016,-0.1308977,-0.11956477,-0.15484431,-0.15801518,-0.20931396,-0.18224281,-0.15483528,-0.32474133,-0.1548644,-0.15802522,-0.158024,-0.1580236,-0.2185038,-0.15483499,-0.114121355,-0.15483773,-0.15800881,-0.15801546,-0.22984435,-0.15485737,-0.15799734,-0.08963354,-0.15474594,-0.15797046,-0.15799087,-0.15799163,-0.13302092,-0.1051107,-0.14014931,-0.15141064,-0.15839578,-0.15615125,-0.14613561,-0.15485328,-0.12319561,-0.13133046,-0.15481468,-0.15802503,-0.15802452,-0.1580245,-0.15802507,-0.38518023,-0.11451449,-0.15482217,-0.15564899,-0.14443555,-0.16636807,-0.1548594,-0.15794235,-0.12993515,-0.047159404,-0.14846867,-0.14016809,-0.14106366,-0.15470138,-0.19987361,-0.1649412,-0.17166539,-0.1548348,-0.15797791,-0.12722544,-0.14610182,-0.2588673,-0.13109362,-0.15472439,-0.09132757,-0.12832497,-0.13684332,-0.16221203,-0.15659244,-0.1303904,-0.15458444,-0.15792117,-0.15797476,-0.15801188,-0.15740095,-0.19795567,-0.15106063,-0.07294749,-0.2039893,-0.15482327,-0.15797272,-0.104459345,-0.15442511,-0.17466888,-0.13176009,-0.15483034,-0.15109587,-0.10913184,-0.1546509,-0.05825615,-0.14326635,-0.17082691,-0.15476432,-0.18883844,-0.15486568,-0.31316653,-0.15485537,-0.16808087,-0.14331596,-0.1548572,-0.15802133,-0.25088155,-0.1548661,-0.22115314,-0.07562123,-0.086852394,-0.10702289,-0.060967896,-0.14765102,-0.16796505,-0.15746465,-0.22133875,-0.12812386,-0.0969081,-0.16398169,-0.12716047,-0.11335766,-0.18846886,-0.13132113,-0.17755464,-0.0994983,-0.115196005,-0.15476531,-0.11662802,-0.19749595,-0.14526704,-0.12781724,-0.096878245,-0.15476394,-0.15780641,-0.12434345,-0.11230643,-0.063823454,-0.15468797,-0.11419349,-0.10007019,-0.24483351,-0.15486664,-0.15801254,-0.16344379,-0.1759062,-0.12524253,-0.15485038,-0.0782174,-0.19187105,-0.18185812,-0.09859173,-0.11065883,-0.15448989,-0.15766753,-0.083404,-0.1213824,-0.13072303,-0.13855581,-0.19385117,-0.1548262,-0.1580178,-0.19487974,-0.23847799,-0.2432746,-0.13093992,-0.15464012,-0.15798654,-0.14520228,-0.2961179,-0.15486583,-0.19813283,-0.13120931,-0.15479586,-0.060104962,-0.15931924,-0.15486394,-0.2028091,-0.2868003,-0.11816878,-0.14795661,-0.10060286,-0.15469366,-0.13614628,-0.20725825,-0.17393659,-0.125103,-0.15657571,-0.15690626,-0.15486237,-0.15802047,-0.16221246,-0.22200036,-0.13140306,-0.2814266,-0.15486711,-0.1915083,-0.24371436,-0.16952515,-0.1547741,-0.13369927,-0.12557748,-0.15485898,-0.18106565,-0.15486683,-0.18642783,-0.15480645,-0.30462334,-0.15474555,-0.14691104,-0.13029914,-0.15485255,-0.15800677,-0.18915205,-0.13131231,-0.15485802,-0.10481856,-0.1650517,-0.15485579,-0.15802273,-0.1579917,-0.13083172,-0.15474997,-0.15798579,-0.15797542,-0.15798838,-0.15799704,-0.16505513,-0.17392421,-0.15485081,-0.1580147,-0.15800366,-0.1580153,-0.2025511,-0.15354379,-0.14723541,-0.15377246,-0.11499533,-0.10471026,-0.11893196,-0.1548547,-0.15793978,-0.13126585,-0.19501048,-0.15486339,-0.18738703,-0.11705899,-0.17429145,-0.1548531,-0.06652963,-0.15458226,-0.10737923,-0.124497145,-0.15298569,-0.052188452,-0.26007295
k__Bacteria|p__Proteobacteria|c__Epsilonproteobacteria|o__Campylobacterales|f__Campylobacteraceae|g__Campylobacter|s__Campylobacter_hominis,-0.1004395,-0.12316422,-0.15525472,-0.15851116,-0.15851146,-0.23867357,-0.1666669,-0.16813041,-0.10929718,-0.22895765,-0.23728925,-0.15525958,-0.22850217,-0.3768707,-0.08556121,-0.15484437,-0.058144663,-0.15469924,-0.15844785,-0.19931981,-0.1978925,-0.13087483,-0.15522319,-0.12711628,-0.20043859,-0.11658599,-0.182019,-0.25032333,-0.1509206,-0.15522882,-0.15142563,-0.10844302,-0.18249588,-0.28454733,-0.15524639,-0.13106853,-0.1552571,-0.22338755,-0.15525997,-0.29867563,-0.15526003,-0.29356226,-0.13035837,-0.1551111,-0.13691942,-0.15525424,-0.23188588,-0.24781659,-0.1296162,-0.131075,-0.24679694,-0.18279888,-0.25087595,-0.26027086,-0.28621647,-0.27511892,-0.11894142,-0.15517068,-0.040142577,-0.056944285,-0.15452488,-0.11274739,-0.13743341,-0.13095812,-0.15523809,-0.1585066,-0.15851125,-0.15851189,-0.27573854,-0.15522107,-0.13095942,-0.16243835,-0.12334165,-0.14074792,-0.15522477,-0.15887658,-0.14481027,-0.1310524,-0.18691605,-0.14998752,-0.15524758,-0.15848947,-0.15850121,-0.15843792,-0.120334074,-0.13700745,-0.08858878,-0.15524143,-0.19008024,-0.15525293,-0.2004665,-0.11139822,-0.1388583,-0.13027036,-0.1074974,-0.15152657,-0.15515353,-0.1582139,-0.10065024,-0.08152827,-0.09427856,-0.15520447,-0.11960925,-0.15027548,-0.16982608,-0.1185138,-0.15522256,-0.15850496,-0.17738779,-0.15176103,-0.15525594,-0.25953975,-0.17989698,-0.13525523,-0.155253,-0.15095688,-0.17780018,-0.2009549,-0.15523387,-0.09015879,-0.15494905,-0.12151222,-0.121854745,-0.13997786,-0.21433522,-0.13908121,-0.16057305,-0.15517935,-0.07092635,-0.15461354,-0.1577411,-0.18733518,-0.1550045,-0.13094762,-0.12334781,-0.14100276,-0.15521145,-0.114095174,-0.25318068,-0.26654312,-0.13018544,-0.10945694,-0.15520209,-0.09238048,-0.20963459,-0.15525322,-0.15843108,-0.13045634,-0.1551812,-0.16015086,-0.1553517,-0.15525773,-0.19704957,-0.20616047,-0.1298953,-0.10460003,-0.11361031,-0.10256614,-0.15525,-0.19495486,-0.15522632,-0.13038681,-0.15509233,-0.041086134,-0.12967405,-0.15525654,-0.2300741,-0.15523556,-0.10384405,-0.15381423,-0.0784167,-0.15511285,-0.12766197,-0.15513171,-0.121451,-0.075820275,-0.09192432,-0.101488546,-0.1549846,-0.1584142,-0.12378413,-0.15510651,-0.1410757,-0.13984437,-0.18093297,-0.15525894,-0.25777104,-0.12844054,-0.15517011,-0.13462572,-0.119081676,-0.15522867,-0.15850714,-0.15850879,-0.15850994,-0.19755594,-0.25103784,-0.20219928,-0.19465852,-0.24831252,-0.20506537,-0.22091979,-0.15524425,-0.13066389,-0.11956477,-0.15523861,-0.15850346,-0.20931396,-0.18224281,-0.15523098,-0.32474133,-0.15525699,-0.15851259,-0.15851147,-0.1585111,-0.2185038,-0.1552306,-0.114121355,-0.15523279,-0.15849781,-0.1585037,-0.22984435,-0.15525055,-0.1584876,-0.08963354,-0.155149,-0.1584624,-0.15848137,-0.1584818,-0.13302092,-0.1051107,-0.14014931,-0.15141064,-0.15839578,-0.15615125,-0.14613561,-0.15524676,-0.12319561,-0.13102509,-0.15521193,-0.15851241,-0.15851195,-0.15851195,-0.15851246,-0.38518023,-0.11451449,-0.15521851,-0.15564899,-0.14443555,-0.16636807,-0.15525246,-0.15843824,-0.12993515,-0.047159404,-0.14945164,-0.14016809,-0.14106366,-0.1551084,-0.19987361,-0.1649412,-0.17166539,-0.15522999,-0.15846919,-0.12722544,-0.14610182,-0.2588673,-0.13082418,-0.15512931,-0.09132757,-0.12832497,-0.13684332,-0.16221203,-0.15659244,-0.13025191,-0.15500224,-0.15841763,-0.15846646,-0.1585004,-0.15740095,-0.19795567,-0.15106063,-0.07294749,-0.2039893,-0.15521964,-0.15846448,-0.104459345,-0.15490794,-0.17466888,-0.13176009,-0.15522575,-0.15109587,-0.10913184,-0.15506305,-0.05825615,-0.14326635,-0.17082691,-0.15516588,-0.18883844,-0.1552582,-0.31316653,-0.15524894,-0.16808087,-0.14331596,-0.15525043,-0.15850908,-0.25088155,-0.15525857,-0.22115314,-0.07562123,-0.086852394,-0.10702289,-0.060967896,-0.14871325,-0.16796505,-0.15746465,-0.22133875,-0.12812386,-0.0969081,-0.16398169,-0.12716047,-0.11335766,-0.18846886,-0.13101768,-0.17755464,-0.0994983,-0.115196005,-0.15516666,-0.11662802,-0.19749595,-0.14526704,-0.12781724,-0.096878245,-0.15516499,-0.15831307,-0.12434345,-0.11230643,-0.063823454,-0.1550959,-0.11419349,-0.10007019,-0.24483351,-0.15525904,-0.15850127,-0.16344379,-0.1759062,-0.12524253,-0.15524417,-0.0782174,-0.19187105,-0.18185812,-0.09859173,-0.11065883,-0.15491481,-0.15818599,-0.083404,-0.1213824,-0.13072303,-0.13855581,-0.19385117,-0.15522233,-0.15850581,-0.19487974,-0.23847799,-0.2432746,-0.13068599,-0.15505248,-0.15847734,-0.14520228,-0.2961179,-0.1552583,-0.19813283,-0.13092157,-0.1551947,-0.060104962,-0.15931924,-0.1552566,-0.2028091,-0.2868003,-0.11816878,-0.14795661,-0.10060286,-0.15510175,-0.13614628,-0.20725825,-0.17393659,-0.125103,-0.15657571,-0.15690626,-0.15525517,-0.15850824,-0.16221246,-0.22200036,-0.13109031,-0.2814266,-0.15525949,-0.1915083,-0.24371436,-0.16952515,-0.15517682,-0.13369927,-0.12557748,-0.15525207,-0.18106565,-0.15525922,-0.18642783,-0.15520528,-0.30462334,-0.15514912,-0.14691104,-0.13029914,-0.1552462,-0.15849572,-0.18915205,-0.13100918,-0.15525118,-0.10481856,-0.1650517,-0.15524921,-0.15851033,-0.15848276,-0.13060248,-0.15515244,-0.15847677,-0.15846723,-0.15847912,-0.15848683,-0.16505513,-0.17392421,-0.15524465,-0.158503,-0.15849295,-0.15850352,-0.2025511,-0.15354379,-0.14723541,-0.15426779,-0.11499533,-0.10471026,-0.11893196,-0.15524817,-0.15843588,-0.13096718,-0.19501048,-0.15525612,-0.18738703,-0.11705899,-0.17429145,-0.15524697,-0.06652963,-0.15499872,-0.10737923,-0.124497145,-0.15298569,-0.052188452,-0.26007295
k__Bacteria|p__Proteobacteria|c__Epsilonproteobacteria|o__Campylobacterales|f__Helicobacteraceae|g__Helicobacter|s__Helicobacter_canis,-0.1004395,-0.12316422,-0.15489584,-0.15825357,-0.15825395,-0.23867357,-0.1666669,-0.16813041,-0.10929718,-0.22895765,-0.23728925,-0.15490264,-0.22850217,-0.3768707,-0.08556121,-0.15434259,-0.058144663,-0.15413949,-0.15816602,-0.19931981,-0.1978925,-0.12970662,-0.15485236,-0.12711628,-0.20043859,-0.11658599,-0.182019,-0.25032333,-0.1509206,-0.15485924,-0.15142563,-0.10844302,-0.18249588,-0.28454733,-0.15488353,-0.12996006,-0.15489921,-0.22338755,-0.15490314,-0.29867563,-0.15490323,-0.29356226,-0.12903638,-0.15469366,-0.13691942,-0.15489526,-0.23188588,-0.24781659,-0.1296162,-0.129968,-0.24679694,-0.18279888,-0.25087595,-0.26027086,-0.28621647,-0.27511892,-0.11894142,-0.15478085,-0.040142577,-0.056944285,-0.15387379,-0.11274739,-0.13743341,-0.12981638,-0.15487254,-0.15824728,-0.15825364,-0.15825456,-0.27573854,-0.15484887,-0.12981477,-0.16243835,-0.12334165,-0.14074792,-0.15485445,-0.15887658,-0.14481027,-0.12993848,-0.18691605,-0.14998752,-0.15488616,-0.15822355,-0.15823963,-0.15814565,-0.120334074,-0.13700745,-0.08858878,-0.15487765,-0.19008024,-0.15489346,-0.2004665,-0.11139822,-0.1388583,-0.13027036,-0.1074974,-0.15152657,-0.15475656,-0.1578324,-0.10065024,-0.08152827,-0.09427856,-0.15482682,-0.11960925,-0.15027548,-0.16982608,-0.1185138,-0.15485084,-0.15824494,-0.17738779,-0.15176103,-0.15489751,-0.25953975,-0.17989698,-0.13525523,-0.15489353,-0.15095688,-0.17780018,-0.2009549,-0.15486488,-0.09015879,-0.15447783,-0.12151222,-0.121854745,-0.13997786,-0.21433522,-0.13908121,-0.16057305,-0.15479255,-0.07092635,-0.15401335,-0.1571625,-0.18733518,-0.15453553,-0.12981442,-0.12334781,-0.14100276,-0.15483627,-0.114095174,-0.25318068,-0.26654312,-0.12885568,-0.10945694,-0.15482357,-0.09238048,-0.20963459,-0.15489385,-0.15813366,-0.12919343,-0.15479425,-0.16015086,-0.1553517,-0.15490004,-0.19704957,-0.20616047,-0.12849799,-0.10460003,-0.11361031,-0.10256614,-0.15488946,-0.19495486,-0.15485469,-0.12911539,-0.15467268,-0.041086134,-0.12967405,-0.15489829,-0.2300741,-0.15486726,-0.10384405,-0.15293346,-0.0784167,-0.15470149,-0.12766197,-0.15472686,-0.121451,-0.075820275,-0.09192432,-0.101488546,-0.1545268,-0.15812081,-0.12378413,-0.15468456,-0.1410757,-0.13984437,-0.18093297,-0.15490174,-0.25777104,-0.12844054,-0.15477581,-0.13462572,-0.119081676,-0.1548605,-0.158248,-0.15825029,-0.15825185,-0.19755594,-0.25103784,-0.20219928,-0.19465852,-0.24831252,-0.20506537,-0.22091979,-0.15488061,-0.12945557,-0.11956477,-0.15487376,-0.15824279,-0.20931396,-0.18224281,-0.15486217,-0.32474133,-0.15489906,-0.15825553,-0.158254,-0.15825348,-0.2185038,-0.15486263,-0.114121355,-0.15486518,-0.15823442,-0.15824318,-0.22984435,-0.1548903,-0.15822211,-0.08963354,-0.1547505,-0.15818703,-0.15821192,-0.1582135,-0.13302092,-0.1051107,-0.14014931,-0.15141064,-0.15839578,-0.15615125,-0.14613561,-0.15488514,-0.12319561,-0.12990043,-0.15483542,-0.15825528,-0.15825464,-0.15825464,-0.15825535,-0.38518023,-0.11451449,-0.15484555,-0.15564899,-0.14443555,-0.16636807,-0.15489262,-0.1581475,-0.12993515,-0.047159404,-0.14667943,-0.14016809,-0.14106366,-0.15469211,-0.19987361,-0.1649412,-0.17166539,-0.15486178,-0.1581964,-0.12722544,-0.14610182,-0.2588673,-0.1296513,-0.15472445,-0.09132757,-0.12832497,-0.13684332,-0.16221203,-0.15659244,-0.1289798,-0.15454972,-0.15812515,-0.1581921,-0.15823874,-0.15740095,-0.19795567,-0.15106063,-0.07294749,-0.2039893,-0.15484682,-0.15819037,-0.104459345,-0.15444621,-0.17466888,-0.13176009,-0.15485638,-0.15109587,-0.10913184,-0.15463465,-0.05825615,-0.14326635,-0.17082691,-0.15477222,-0.18883844,-0.15490066,-0.31316653,-0.15488732,-0.16808087,-0.14331596,-0.15488997,-0.15825057,-0.25088155,-0.15490119,-0.22115314,-0.07562123,-0.086852394,-0.10702289,-0.060967896,-0.14566657,-0.16796505,-0.15746465,-0.22133875,-0.12812386,-0.0969081,-0.16398169,-0.12716047,-0.11335766,-0.18846886,-0.12989186,-0.17755464,-0.0994983,-0.115196005,-0.15477379,-0.11662802,-0.19749595,-0.14526704,-0.12781724,-0.096878245,-0.15477385,-0.15798183,-0.12434345,-0.11230643,-0.063823454,-0.15467903,-0.11419349,-0.10007019,-0.24483351,-0.15490189,-0.15823847,-0.16344379,-0.1759062,-0.12524253,-0.15488139,-0.0782174,-0.19187105,-0.18185812,-0.09859173,-0.11065883,-0.15442884,-0.1578054,-0.083404,-0.1213824,-0.13072303,-0.13855581,-0.19385117,-0.15485036,-0.15824616,-0.19487974,-0.23847799,-0.2432746,-0.12945843,-0.15461758,-0.1582064,-0.14520228,-0.2961179,-0.15490085,-0.19813283,-0.1297716,-0.15481257,-0.060104962,-0.15931924,-0.15489839,-0.2028091,-0.2868003,-0.11816878,-0.14795661,-0.10060286,-0.15468273,-0.13614628,-0.20725825,-0.17393659,-0.125103,-0.15657571,-0.15690626,-0.15489647,-0.15824953,-0.16221246,-0.22200036,-0.1299888,-0.2814266,-0.15490246,-0.1915083,-0.24371436,-0.16952515,-0.15478228,-0.13369927,-0.12557748,-0.15489212,-0.18106565,-0.1549021,-0.18642783,-0.15482408,-0.30462334,-0.1547473,-0.14691104,-0.13029914,-0.15488407,-0.15823233,-0.18915205,-0.12988019,-0.15489101,-0.10481856,-0.1650517,-0.15488802,-0.15825237,-0.1582109,-0.12936887,-0.15475546,-0.15820533,-0.15819283,-0.15820879,-0.15822044,-0.16505513,-0.17392421,-0.15488178,-0.15824232,-0.15822822,-0.15824305,-0.2025511,-0.15354379,-0.14723541,-0.15349899,-0.11499533,-0.10471026,-0.11893196,-0.15488675,-0.15814328,-0.12982659,-0.19501048,-0.1548977,-0.18738703,-0.11705899,-0.17429145,-0.15488344,-0.06652963,-0.15454666,-0.10737923,-0.124497145,-0.15298569,-0.052188452,-0.26007295
k__Bacteria|p__Proteobacteria|c__Epsilonproteobacteria|o__Campylobacterales|f__Helicobacteraceae|g__GGB9575|s__GGB9575_SGB14988,-0.1004395,-0.12316422,-0.15538281,-0.15869461,-0.15869492,-0.23867357,-0.1666669,-0.16813041,-0.10929718,-0.22895765,-0.23728925,-0.15538862,-0.22850217,-0.3768707,-0.08556121,-0.15490206,-0.058144663,-0.15474114,-0.15861937,-0.19931981,-0.1978925,-0.13056158,-0.15534586,-0.12711628,-0.20043859,-0.11658599,-0.182019,-0.25032333,-0.1509206,-0.15535177,-0.15142563,-0.10844302,-0.18249588,-0.28454733,-0.15537259,-0.13078725,-0.15538573,-0.22338755,-0.15538906,-0.29867563,-0.15538915,-0.29356226,-0.12996554,-0.15520975,-0.13691942,-0.1553824,-0.23188588,-0.24781659,-0.1296162,-0.13079435,-0.24679694,-0.18279888,-0.25087595,-0.26027086,-0.28621647,-0.27511892,-0.11894142,-0.15528396,-0.040142577,-0.056944285,-0.15450948,-0.11274739,-0.13743341,-0.13065614,-0.15536273,-0.15868925,-0.15869465,-0.15869544,-0.27573854,-0.15534127,-0.13065875,-0.16243835,-0.12334165,-0.14074792,-0.15534768,-0.15887658,-0.14481027,-0.1307688,-0.18691605,-0.14998752,-0.1553745,-0.15866894,-0.15868255,-0.15860352,-0.120334074,-0.13700745,-0.08858878,-0.15536729,-0.19008024,-0.15538083,-0.2004665,-0.11139822,-0.1388583,-0.13027036,-0.1074974,-0.15152657,-0.15526421,-0.15833095,-0.10065024,-0.08152827,-0.09427856,-0.1553241,-0.11960925,-0.15027548,-0.16982608,-0.1185138,-0.15534429,-0.1586873,-0.17738779,-0.15176103,-0.15538429,-0.25953975,-0.17989698,-0.13525523,-0.1553809,-0.15095688,-0.17780018,-0.2009549,-0.15535617,-0.09015879,-0.15502676,-0.12151222,-0.121854745,-0.13997786,-0.21433522,-0.13908121,-0.16057305,-0.15529478,-0.07092635,-0.15462697,-0.15775675,-0.18733518,-0.15507266,-0.13064381,-0.12334781,-0.14100276,-0.15533201,-0.114095174,-0.25318068,-0.26654312,-0.1297439,-0.10945694,-0.15532133,-0.09238048,-0.20963459,-0.15538116,-0.15859349,-0.13006455,-0.15529537,-0.16015086,-0.1553517,-0.15538642,-0.19704957,-0.20616047,-0.12939483,-0.10460003,-0.11361031,-0.10256614,-0.15537748,-0.19495486,-0.15534857,-0.12996776,-0.15519339,-0.041086134,-0.12967405,-0.1553849,-0.2300741,-0.15535936,-0.10384405,-0.15368696,-0.0784167,-0.15521488,-0.12766197,-0.15523833,-0.121451,-0.075820275,-0.09192432,-0.101488546,-0.15506566,-0.15858138,-0.12378413,-0.15520206,-0.1410757,-0.13984437,-0.18093297,-0.15538788,-0.25777104,-0.12844054,-0.15528,-0.13462572,-0.119081676,-0.15535274,-0.15868981,-0.15869178,-0.15869312,-0.19755594,-0.25103784,-0.20219928,-0.19465852,-0.24831252,-0.20506537,-0.22091979,-0.1553699,-0.13030523,-0.11956477,-0.15536413,-0.15868543,-0.20931396,-0.18224281,-0.15535375,-0.32474133,-0.15538561,-0.15869626,-0.15869497,-0.15869454,-0.2185038,-0.15535304,-0.114121355,-0.15535627,-0.15867805,-0.15868571,-0.22984435,-0.15537812,-0.15866517,-0.08963354,-0.15525742,-0.158638,-0.15865889,-0.1586606,-0.13302092,-0.1051107,-0.14014931,-0.15141064,-0.15839578,-0.15615125,-0.14613561,-0.15537384,-0.12319561,-0.13073555,-0.15533102,-0.15869606,-0.1586955,-0.1586955,-0.15869612,-0.38518023,-0.11451449,-0.15533999,-0.15564899,-0.14443555,-0.16636807,-0.15538007,-0.1586041,-0.12993515,-0.047159404,-0.14834096,-0.14016809,-0.14106366,-0.15520914,-0.19987361,-0.1649412,-0.17166539,-0.15535387,-0.15864626,-0.12722544,-0.14610182,-0.2588673,-0.1305013,-0.15523599,-0.09132757,-0.12832497,-0.13684332,-0.16221203,-0.15659244,-0.12980735,-0.1550822,-0.15858462,-0.15864228,-0.15868197,-0.15740095,-0.19795567,-0.15106063,-0.07294749,-0.2039893,-0.15534082,-0.15864061,-0.104459345,-0.154946,-0.17466888,-0.13176009,-0.15534952,-0.15109587,-0.10913184,-0.15515599,-0.05825615,-0.14326635,-0.17082691,-0.15527715,-0.18883844,-0.15538692,-0.31316653,-0.15537536,-0.16808087,-0.14331596,-0.15537785,-0.158692,-0.25088155,-0.15538739,-0.22115314,-0.07562123,-0.086852394,-0.10702289,-0.060967896,-0.14747149,-0.16796505,-0.15746465,-0.22133875,-0.12812386,-0.0969081,-0.16398169,-0.12716047,-0.11335766,-0.18846886,-0.13072753,-0.17755464,-0.0994983,-0.115196005,-0.1552786,-0.11662802,-0.19749595,-0.14526704,-0.12781724,-0.096878245,-0.15527883,-0.15846191,-0.12434345,-0.11230643,-0.063823454,-0.15519615,-0.11419349,-0.10007019,-0.24483351,-0.155388,-0.15868217,-0.16344379,-0.1759062,-0.12524253,-0.15537062,-0.0782174,-0.19187105,-0.18185812,-0.09859173,-0.11065883,-0.15498516,-0.15831243,-0.083404,-0.1213824,-0.13072303,-0.13855581,-0.19385117,-0.15534383,-0.1586883,-0.19487974,-0.23847799,-0.2432746,-0.13033217,-0.1551447,-0.15865427,-0.14520228,-0.2961179,-0.15538712,-0.19813283,-0.13061437,-0.15531123,-0.060104962,-0.15931924,-0.15538502,-0.2028091,-0.2868003,-0.11816878,-0.14795661,-0.10060286,-0.15520032,-0.13614628,-0.20725825,-0.17393659,-0.125103,-0.15657571,-0.15690626,-0.15538336,-0.15869117,-0.16221246,-0.22200036,-0.13081226,-0.2814266,-0.15538847,-0.1915083,-0.24371436,-0.16952515,-0.15528615,-0.13369927,-0.12557748,-0.15537964,-0.18106565,-0.15538819,-0.18642783,-0.15532134,-0.30462334,-0.15525559,-0.14691104,-0.13029914,-0.15537278,-0.1586765,-0.18915205,-0.13071863,-0.15537876,-0.10481856,-0.1650517,-0.1553761,-0.15869358,-0.15865901,-0.1302297,-0.15526322,-0.15865318,-0.1586424,-0.15865612,-0.15866596,-0.16505513,-0.17392421,-0.15537076,-0.15868501,-0.15867296,-0.15868564,-0.2025511,-0.15354379,-0.14723541,-0.15418375,-0.11499533,-0.10471026,-0.11893196,-0.1553751,-0.15860172,-0.13067123,-0.19501048,-0.15538439,-0.18738703,-0.11705899,-0.17429145,-0.15537307,-0.06652963,-0.15508398,-0.10737923,-0.124497145,-0.15298569,-0.052188452,-0.26007295
k__Bacteria|p__Proteobacteria|c__Deltaproteobacteria|o__Desulfovibrionales|f__Desulfovibrionaceae|g__Desulfovibrio|s__Desulfovibrio_piger,-0.1004395,-0.12316422,-0.15511414,-0.15854093,-0.15854126,-0.23867357,-0.1666669,-0.16813041,-0.10929718,-0.22895765,-0.23728925,-0.1551201,-0.22850217,-0.3768707,-0.08556121,-0.15463309,-0.058144663,-0.1544719,-0.15846449,-0.19931981,-0.1978925,-0.1294452,-0.15507679,-0.12711628,-0.20043859,-0.11658599,-0.182019,-0.25032333,-0.1509206,-0.1550824,-0.15142563,-0.10844302,-0.18249588,-0.28454733,-0.15510352,-0.12966536,-0.15511715,-0.22338755,-0.15512055,-0.29867563,-0.15512063,-0.29356226,-0.12885273,-0.15493691,-0.13691942,-0.15511382,-0.23188588,-0.24781659,-0.1296162,-0.12967232,-0.24679694,-0.18279888,-0.25087595,-0.26027086,-0.28621647,-0.27511892,-0.11894142,-0.1550143,-0.040142577,-0.056944285,-0.15422374,-0.11274739,-0.13743341,-0.12953638,-0.15509361,-0.15853554,-0.15854098,-0.15854178,-0.27573854,-0.1550711,-0.12953785,-0.16243835,-0.12334165,-0.14074792,-0.15507863,-0.15887658,-0.14481027,-0.1296474,-0.18691605,-0.14998752,-0.15510581,-0.15851492,-0.15852863,-0.15844622,-0.120334074,-0.13700745,-0.08858878,-0.15509853,-0.19008024,-0.15511219,-0.2004665,-0.11139822,-0.1388583,-0.13027036,-0.1074974,-0.15152657,-0.1549944,-0.15816471,-0.10065024,-0.08152827,-0.09427856,-0.1550549,-0.11960925,-0.15027548,-0.16982608,-0.1185138,-0.1550748,-0.15853354,-0.17738779,-0.15176103,-0.15511566,-0.25953975,-0.17989698,-0.13525523,-0.1551123,-0.15095688,-0.17780018,-0.2009549,-0.15508613,-0.09015879,-0.15475594,-0.12151222,-0.121854745,-0.13997786,-0.21433522,-0.13908121,-0.16057305,-0.15502545,-0.07092635,-0.15435088,-0.1575779,-0.18733518,-0.1547938,-0.12952459,-0.12334781,-0.14100276,-0.1550628,-0.114095174,-0.25318068,-0.26654312,-0.12866908,-0.10945694,-0.15505213,-0.09238048,-0.20963459,-0.15511255,-0.15843403,-0.12896684,-0.1550254,-0.16015086,-0.1553517,-0.15511787,-0.19704957,-0.20616047,-0.1283233,-0.10460003,-0.11361031,-0.10256614,-0.15510887,-0.19495486,-0.15507898,-0.12887493,-0.15492368,-0.041086134,-0.12967405,-0.15511625,-0.2300741,-0.15508965,-0.10384405,-0.15340777,-0.0784167,-0.15494406,-0.12766197,-0.15496813,-0.121451,-0.075820275,-0.09192432,-0.101488546,-0.1547941,-0.15842685,-0.12378413,-0.15492794,-0.1410757,-0.13984437,-0.18093297,-0.15511933,-0.25777104,-0.12844054,-0.15500757,-0.13462572,-0.119081676,-0.15508401,-0.15853608,-0.15853807,-0.15853943,-0.19755594,-0.25103784,-0.20219928,-0.19465852,-0.24831252,-0.20506537,-0.22091979,-0.15510073,-0.12919861,-0.11956477,-0.1550954,-0.1585316,-0.20931396,-0.18224281,-0.1550839,-0.32474133,-0.15511706,-0.15854263,-0.15854132,-0.15854087,-0.2185038,-0.15508321,-0.114121355,-0.15508696,-0.15852384,-0.15853187,-0.22984435,-0.15510955,-0.15850991,-0.08963354,-0.15498686,-0.15848398,-0.15850452,-0.15850678,-0.13302092,-0.1051107,-0.14014931,-0.15141064,-0.15839578,-0.15615125,-0.14613561,-0.15510525,-0.12319561,-0.12961337,-0.1550611,-0.15854241,-0.15854186,-0.15854186,-0.15854247,-0.38518023,-0.11451449,-0.15507069,-0.15564899,-0.14443555,-0.16636807,-0.15511134,-0.15844674,-0.12993515,-0.047159404,-0.14789349,-0.14016809,-0.14106366,-0.15493768,-0.19987361,-0.1649412,-0.17166539,-0.15508497,-0.15849246,-0.12722544,-0.14610182,-0.2588673,-0.12939519,-0.15496635,-0.09132757,-0.12832497,-0.13684332,-0.16221203,-0.15659244,-0.12873502,-0.15480927,-0.1584298,-0.1584881,-0.15852818,-0.15740095,-0.19795567,-0.15106063,-0.07294749,-0.2039893,-0.15507135,-0.1584868,-0.104459345,-0.15466979,-0.17466888,-0.13176009,-0.15508081,-0.15109587,-0.10913184,-0.15488508,-0.05825615,-0.14326635,-0.17082691,-0.1550067,-0.18883844,-0.15511836,-0.31316653,-0.15510635,-0.16808087,-0.14331596,-0.15510918,-0.15853824,-0.25088155,-0.15511881,-0.22115314,-0.07562123,-0.086852394,-0.10702289,-0.060967896,-0.14701243,-0.16796505,-0.15746465,-0.22133875,-0.12812386,-0.0969081,-0.16398169,-0.12716047,-0.11335766,-0.18846886,-0.12960628,-0.17755464,-0.0994983,-0.115196005,-0.15500847,-0.11662802,-0.19749595,-0.14526704,-0.12781724,-0.096878245,-0.15500978,-0.15830603,-0.12434345,-0.11230643,-0.063823454,-0.1549258,-0.11419349,-0.10007019,-0.24483351,-0.15511945,-0.15852784,-0.16344379,-0.1759062,-0.12524253,-0.15510191,-0.0782174,-0.19187105,-0.18185812,-0.09859173,-0.11065883,-0.15471335,-0.1581549,-0.083404,-0.1213824,-0.13072303,-0.13855581,-0.19385117,-0.15507433,-0.15853454,-0.19487974,-0.23847799,-0.2432746,-0.12921782,-0.15487343,-0.1584999,-0.14520228,-0.2961179,-0.15511857,-0.19813283,-0.12949833,-0.15504146,-0.060104962,-0.15931924,-0.15511641,-0.2028091,-0.2868003,-0.11816878,-0.14795661,-0.10060286,-0.1549284,-0.13614628,-0.20725825,-0.17393659,-0.125103,-0.15657571,-0.15690626,-0.15511473,-0.15853746,-0.16221246,-0.22200036,-0.12969026,-0.2814266,-0.15511996,-0.1915083,-0.24371436,-0.16952515,-0.15501249,-0.13369927,-0.12557748,-0.15511093,-0.18106565,-0.15511964,-0.18642783,-0.15504971,-0.30462334,-0.15498406,-0.14691104,-0.13029914,-0.15510403,-0.15852267,-0.18915205,-0.12959766,-0.1551101,-0.10481856,-0.1650517,-0.1551073,-0.15853988,-0.1585035,-0.12912916,-0.15499362,-0.15849862,-0.15848787,-0.15850163,-0.15851194,-0.16505513,-0.17392421,-0.15510187,-0.15853125,-0.15851894,-0.15853189,-0.2025511,-0.15354379,-0.14723541,-0.15388373,-0.11499533,-0.10471026,-0.11893196,-0.15510637,-0.15844396,-0.12955177,-0.19501048,-0.15511575,-0.18738703,-0.11705899,-0.17429145,-0.15510382,-0.06652963,-0.15481398,-0.10737923,-0.124497145,-0.15298569,-0.052188452,-0.26007295
k__Bacteria|p__Proteobacteria|c__Betaproteobacteria|o__Neisseriales|f__Neisseriaceae|g__Neisseria|s__Neisseria_elongata,-0.1004395,-0.12316422,-0.15530156,-0.15860581,-0.15860608,-0.23867357,-0.1666669,-0.16813041,-0.10929718,-0.22895765,-0.23728925,-0.1553064,-0.22850217,-0.3768707,-0.08556121,-0.15490308,-0.058144663,-0.15476707,-0.15854326,-0.19931981,-0.1978925,-0.13057569,-0.15527083,-0.12711628,-0.20043859,-0.11658599,-0.182019,-0.25032333,-0.1509206,-0.15527579,-0.15142563,-0.10844302,-0.18249588,-0.28454733,-0.15529326,-0.13076155,-0.15530398,-0.22338755,-0.15530677,-0.29867563,-0.15530683,-0.29356226,-0.13007578,-0.15515792,-0.13691942,-0.1553012,-0.23188588,-0.24781659,-0.1296162,-0.13076745,-0.24679694,-0.18279888,-0.25087595,-0.26027086,-0.28621647,-0.27511892,-0.11894142,-0.15521932,-0.040142577,-0.056944285,-0.15457459,-0.11274739,-0.13743341,-0.13065362,-0.15528485,-0.15860134,-0.15860584,-0.1586065,-0.27573854,-0.15526754,-0.13065518,-0.16243835,-0.12334165,-0.14074792,-0.1552723,-0.15887658,-0.14481027,-0.1307464,-0.18691605,-0.14998752,-0.15529464,-0.15858445,-0.1585958,-0.15853223,-0.120334074,-0.13700745,-0.08858878,-0.15528864,-0.19008024,-0.15529989,-0.2004665,-0.11139822,-0.1388583,-0.13027036,-0.1074974,-0.15152657,-0.15520279,-0.15831313,-0.10065024,-0.08152827,-0.09427856,-0.15525272,-0.11960925,-0.15027548,-0.16982608,-0.1185138,-0.15526958,-0.15859973,-0.17738779,-0.15176103,-0.15530276,-0.25953975,-0.17989698,-0.13525523,-0.15529996,-0.15095688,-0.17780018,-0.2009549,-0.1552799,-0.09015879,-0.15500501,-0.12151222,-0.121854745,-0.13997786,-0.21433522,-0.13908121,-0.16057305,-0.1552283,-0.07092635,-0.15467307,-0.1578261,-0.18733518,-0.15504529,-0.13064255,-0.12334781,-0.14100276,-0.15525928,-0.114095174,-0.25318068,-0.26654312,-0.12990457,-0.10945694,-0.15525034,-0.09238048,-0.20963459,-0.15530017,-0.15852305,-0.1301649,-0.15522897,-0.16015086,-0.1553517,-0.15530455,-0.19704957,-0.20616047,-0.12959829,-0.10460003,-0.11361031,-0.10256614,-0.1552971,-0.19495486,-0.15527374,-0.13008724,-0.15514413,-0.041086134,-0.12967405,-0.1553033,-0.2300741,-0.15528259,-0.10384405,-0.15389603,-0.0784167,-0.1551621,-0.12766197,-0.15518132,-0.121451,-0.075820275,-0.09192432,-0.101488546,-0.1550377,-0.15851155,-0.12378413,-0.15515447,-0.1410757,-0.13984437,-0.18093297,-0.15530577,-0.25777104,-0.12844054,-0.15521742,-0.13462572,-0.119081676,-0.15527649,-0.15860182,-0.15860346,-0.15860456,-0.19755594,-0.25103784,-0.20219928,-0.19465852,-0.24831252,-0.20506537,-0.22091979,-0.15529099,-0.1303669,-0.11956477,-0.155286,-0.15859818,-0.20931396,-0.18224281,-0.15527768,-0.32474133,-0.1553039,-0.1586072,-0.15860611,-0.15860575,-0.2185038,-0.15527721,-0.114121355,-0.1552795,-0.15859209,-0.15859842,-0.22984435,-0.15529764,-0.1585816,-0.08963354,-0.15519726,-0.15855862,-0.15857607,-0.15857747,-0.13302092,-0.1051107,-0.14014931,-0.15141064,-0.15839578,-0.15615125,-0.14613561,-0.15529406,-0.12319561,-0.13071877,-0.15525848,-0.15860702,-0.15860656,-0.15860656,-0.15860707,-0.38518023,-0.11451449,-0.1552659,-0.15564899,-0.14443555,-0.16636807,-0.15529928,-0.15853119,-0.12993515,-0.047159404,-0.14944622,-0.14016809,-0.14106366,-0.15515691,-0.19987361,-0.1649412,-0.17166539,-0.15527746,-0.15856546,-0.12722544,-0.14610182,-0.2588673,-0.13052884,-0.15517944,-0.09132757,-0.12832497,-0.13684332,-0.16221203,-0.15659244,-0.12995546,-0.15505196,-0.15851426,-0.15856227,-0.1585953,-0.15740095,-0.19795567,-0.15106063,-0.07294749,-0.2039893,-0.15526661,-0.15856084,-0.104459345,-0.15494311,-0.17466888,-0.13176009,-0.1552738,-0.15109587,-0.10913184,-0.15511334,-0.05825615,-0.14326635,-0.17082691,-0.15521356,-0.18883844,-0.155305,-0.31316653,-0.15529543,-0.16808087,-0.14331596,-0.15529743,-0.15860364,-0.25088155,-0.15530536,-0.22115314,-0.07562123,-0.086852394,-0.10702289,-0.060967896,-0.14871998,-0.16796505,-0.15746465,-0.22133875,-0.12812386,-0.0969081,-0.16398169,-0.12716047,-0.11335766,-0.18846886,-0.13071251,-0.17755464,-0.0994983,-0.115196005,-0.15521485,-0.11662802,-0.19749595,-0.14526704,-0.12781724,-0.096878245,-0.15521494,-0.15841226,-0.12434345,-0.11230643,-0.063823454,-0.15514642,-0.11419349,-0.10007019,-0.24483351,-0.15530586,-0.15859574,-0.16344379,-0.1759062,-0.12524253,-0.15529138,-0.0782174,-0.19187105,-0.18185812,-0.09859173,-0.11065883,-0.1549705,-0.1582878,-0.083404,-0.1213824,-0.13072303,-0.13855581,-0.19385117,-0.15526915,-0.15860057,-0.19487974,-0.23847799,-0.2432746,-0.13038461,-0.15510339,-0.15857227,-0.14520228,-0.2961179,-0.15530515,-0.19813283,-0.13062009,-0.15524209,-0.060104962,-0.15931924,-0.15530339,-0.2028091,-0.2868003,-0.11816878,-0.14795661,-0.10060286,-0.15514983,-0.13614628,-0.20725825,-0.17393659,-0.125103,-0.15657571,-0.15690626,-0.155302,-0.15860295,-0.16221246,-0.22200036,-0.13078234,-0.2814266,-0.15530628,-0.1915083,-0.24371436,-0.16952515,-0.15522291,-0.13369927,-0.12557748,-0.15529892,-0.18106565,-0.15530604,-0.18642783,-0.15525115,-0.30462334,-0.15519568,-0.14691104,-0.13029914,-0.15529321,-0.15859073,-0.18915205,-0.13070515,-0.15529817,-0.10481856,-0.1650517,-0.15529598,-0.15860495,-0.1585771,-0.13030812,-0.155202,-0.15857138,-0.15856236,-0.15857379,-0.15858199,-0.16505513,-0.17392421,-0.15529153,-0.15859781,-0.15858778,-0.15859833,-0.2025511,-0.15354379,-0.14723541,-0.15430424,-0.11499533,-0.10471026,-0.11893196,-0.15529513,-0.15853003,-0.13066567,-0.19501048,-0.15530288,-0.18738703,-0.11705899,-0.17429145,-0.15529397,-0.06652963,-0.1550532,-0.10737923,-0.124497145,-0.15298569,-0.052188452,-0.26007295
k__Bacteria|p__Proteobacteria|c__Deltaproteobacteria|o__Desulfovibrionales|f__Desulfovibrionaceae|g__Desulfovibrio|s__Desulfovibrio_SGB5076,-0.1004395,-0.12316422,-0.15493402,-0.15808746,-0.15808779,-0.23867357,-0.1666669,-0.16813041,-0.10929718,-0.22895765,-0.23728925,-0.15493922,-0.22850217,-0.3768707,-0.08556121,-0.15449834,-0.058144663,-0.15433946,-0.15801992,-0.19931981,-0.1978925,-0.13130125,-0.15490031,-0.12711628,-0.20043859,-0.11658599,-0.182019,-0.25032333,-0.1509206,-0.1549065,-0.15142563,-0.10844302,-0.18249588,-0.28454733,-0.15492521,-0.13151245,-0.15493658,-0.22338755,-0.15493962,-0.29867563,-0.15493971,-0.29356226,-0.13074347,-0.15478139,-0.13691942,-0.15493351,-0.23188588,-0.24781659,-0.1296162,-0.13151959,-0.24679694,-0.18279888,-0.25087595,-0.26027086,-0.28621647,-0.27511892,-0.11894142,-0.15484403,-0.040142577,-0.056944285,-0.1541572,-0.11274739,-0.13743341,-0.13139156,-0.15491633,-0.1580826,-0.15808758,-0.15808827,-0.27573854,-0.15489763,-0.13139448,-0.16243835,-0.12334165,-0.14074792,-0.15490203,-0.15887658,-0.14481027,-0.13149504,-0.18691605,-0.14998752,-0.15492639,-0.15806428,-0.15807688,-0.15800993,-0.120334074,-0.13700745,-0.08858878,-0.15491982,-0.19008024,-0.15493211,-0.2004665,-0.11139822,-0.1388583,-0.13027036,-0.1074974,-0.15152657,-0.15482572,-0.15776996,-0.10065024,-0.08152827,-0.09427856,-0.15488021,-0.11960925,-0.15027548,-0.16982608,-0.1185138,-0.15489978,-0.15808086,-0.17738779,-0.15176103,-0.15493533,-0.25953975,-0.17989698,-0.13525523,-0.15493217,-0.15095688,-0.17780018,-0.2009549,-0.15491198,-0.09015879,-0.15460663,-0.12151222,-0.121854745,-0.13997786,-0.21433522,-0.13908121,-0.16057305,-0.15485325,-0.07092635,-0.15425074,-0.15727104,-0.18733518,-0.15466994,-0.13137826,-0.12334781,-0.14100276,-0.1548877,-0.114095174,-0.25318068,-0.26654312,-0.13053948,-0.10945694,-0.15487765,-0.09238048,-0.20963459,-0.15493241,-0.15800273,-0.13084158,-0.15485567,-0.16015086,-0.1553517,-0.15493724,-0.19704957,-0.20616047,-0.13022038,-0.10460003,-0.11361031,-0.10256614,-0.15492895,-0.19495486,-0.15490371,-0.1307553,-0.15476057,-0.041086134,-0.12967405,-0.154936,-0.2300741,-0.1549136,-0.10384405,-0.15339835,-0.0784167,-0.15478235,-0.12766197,-0.15480244,-0.121451,-0.075820275,-0.09192432,-0.101488546,-0.1546446,-0.15798363,-0.12378413,-0.15477827,-0.1410757,-0.13984437,-0.18093297,-0.15493853,-0.25777104,-0.12844054,-0.15484285,-0.13462572,-0.119081676,-0.15490606,-0.15808316,-0.15808494,-0.15808617,-0.19755594,-0.25103784,-0.20219928,-0.19465852,-0.24831252,-0.20506537,-0.22091979,-0.15492287,-0.13106711,-0.11956477,-0.15491676,-0.15807927,-0.20931396,-0.18224281,-0.15490875,-0.32474133,-0.15493645,-0.15808901,-0.15808782,-0.1580874,-0.2185038,-0.15490809,-0.114121355,-0.15491068,-0.15807337,-0.15807953,-0.22984435,-0.15492953,-0.15806198,-0.08963354,-0.15482104,-0.15803514,-0.15805572,-0.15805599,-0.13302092,-0.1051107,-0.14014931,-0.15141064,-0.15839578,-0.15615125,-0.14613561,-0.15492547,-0.12319561,-0.13146567,-0.15488857,-0.15808882,-0.15808833,-0.15808833,-0.15808886,-0.38518023,-0.11451449,-0.15489538,-0.15564899,-0.14443555,-0.16636807,-0.15493165,-0.15801018,-0.12993515,-0.047159404,-0.14878437,-0.14016809,-0.14106366,-0.154778,-0.19987361,-0.1649412,-0.17166539,-0.15490754,-0.15804239,-0.12722544,-0.14610182,-0.2588673,-0.13124454,-0.15479967,-0.09132757,-0.12832497,-0.13684332,-0.16221203,-0.15659244,-0.13060552,-0.15466419,-0.1579873,-0.1580396,-0.15807596,-0.15740095,-0.19795567,-0.15106063,-0.07294749,-0.2039893,-0.15489668,-0.15803728,-0.104459345,-0.15454523,-0.17466888,-0.13176009,-0.15490294,-0.15109587,-0.10913184,-0.15472898,-0.05825615,-0.14326635,-0.17082691,-0.15483923,-0.18883844,-0.15493774,-0.31316653,-0.15492794,-0.16808087,-0.14331596,-0.15492943,-0.15808526,-0.25088155,-0.15493815,-0.22115314,-0.07562123,-0.086852394,-0.10702289,-0.060967896,-0.14798716,-0.16796505,-0.15746465,-0.22133875,-0.12812386,-0.0969081,-0.16398169,-0.12716047,-0.11335766,-0.18846886,-0.13145725,-0.17755464,-0.0994983,-0.115196005,-0.15484,-0.11662802,-0.19749595,-0.14526704,-0.12781724,-0.096878245,-0.15483773,-0.15787534,-0.12434345,-0.11230643,-0.063823454,-0.15476406,-0.11419349,-0.10007019,-0.24483351,-0.15493865,-0.15807703,-0.16344379,-0.1759062,-0.12524253,-0.15492272,-0.0782174,-0.19187105,-0.18185812,-0.09859173,-0.11065883,-0.15457037,-0.15773995,-0.083404,-0.1213824,-0.13072303,-0.13855581,-0.19385117,-0.15489954,-0.15808177,-0.19487974,-0.23847799,-0.2432746,-0.1310931,-0.15471774,-0.15805143,-0.14520228,-0.2961179,-0.15493786,-0.19813283,-0.13135143,-0.15487,-0.060104962,-0.15931924,-0.15493605,-0.2028091,-0.2868003,-0.11816878,-0.14795661,-0.10060286,-0.15477094,-0.13614628,-0.20725825,-0.17393659,-0.125103,-0.15657571,-0.15690626,-0.15493453,-0.15808436,-0.16221246,-0.22200036,-0.13153607,-0.2814266,-0.15493912,-0.1915083,-0.24371436,-0.16952515,-0.15485105,-0.13369927,-0.12557748,-0.15493122,-0.18106565,-0.15493882,-0.18642783,-0.1548816,-0.30462334,-0.15482177,-0.14691104,-0.13029914,-0.15492493,-0.15807095,-0.18915205,-0.13144808,-0.15493023,-0.10481856,-0.1650517,-0.15492819,-0.1580866,-0.15805733,-0.13099469,-0.15482453,-0.1580509,-0.15804052,-0.15805337,-0.15806137,-0.16505513,-0.17392421,-0.1549233,-0.15807873,-0.15806806,-0.1580793,-0.2025511,-0.15354379,-0.14723541,-0.1538869,-0.11499533,-0.10471026,-0.11893196,-0.15492702,-0.15800776,-0.13140275,-0.19501048,-0.15493554,-0.18738703,-0.11705899,-0.17429145,-0.15492582,-0.06652963,-0.15466043,-0.10737923,-0.124497145,-0.15298569,-0.052188452,-0.26007295
k__Bacteria|p__Proteobacteria|c__Gammaproteobacteria|o__Aeromonadales|f__Aeromonadaceae|g__Aeromonas|s__Aeromonas_hydrophila,-0.1004395,-0.12316422,-0.15534776,-0.15869938,-0.15869965,-0.23867357,-0.1666669,-0.16813041,-0.10929718,-0.22895765,-0.23728925,-0.1553525,-0.22850217,-0.3768707,-0.08556121,-0.15496044,-0.058144663,-0.15483062,-0.15863836,-0.19931981,-0.1978925,-0.13027619,-0.15531787,-0.12711628,-0.20043859,-0.11658599,-0.182019,-0.25032333,-0.1509206,-0.15532261,-0.15142563,-0.10844302,-0.18249588,-0.28454733,-0.15533954,-0.13045591,-0.15535012,-0.22338755,-0.15535285,-0.29867563,-0.15535292,-0.29356226,-0.12979819,-0.15520728,-0.13691942,-0.15534747,-0.23188588,-0.24781659,-0.1296162,-0.13046165,-0.24679694,-0.18279888,-0.25087595,-0.26027086,-0.28621647,-0.27511892,-0.11894142,-0.1552678,-0.040142577,-0.056944285,-0.15464005,-0.11274739,-0.13743341,-0.13035151,-0.15533146,-0.15869506,-0.15869942,-0.15870006,-0.27573854,-0.15531397,-0.13035287,-0.16243835,-0.12334165,-0.14074792,-0.1553194,-0.15887658,-0.14481027,-0.13044119,-0.18691605,-0.14998752,-0.15534104,-0.1586786,-0.15868959,-0.15862548,-0.120334074,-0.13700745,-0.08858878,-0.15533522,-0.19008024,-0.15534617,-0.2004665,-0.11139822,-0.1388583,-0.13027036,-0.1074974,-0.15152657,-0.155252,-0.15840709,-0.10065024,-0.08152827,-0.09427856,-0.15530033,-0.11960925,-0.15027548,-0.16982608,-0.1185138,-0.1553165,-0.15869349,-0.17738779,-0.15176103,-0.15534896,-0.25953975,-0.17989698,-0.13525523,-0.15534624,-0.15095688,-0.17780018,-0.2009549,-0.15532607,-0.09015879,-0.15506043,-0.12151222,-0.121854745,-0.13997786,-0.21433522,-0.13908121,-0.16057305,-0.15527666,-0.07092635,-0.15473656,-0.15793738,-0.18733518,-0.15509537,-0.13034073,-0.12334781,-0.14100276,-0.1553067,-0.114095174,-0.25318068,-0.26654312,-0.12963548,-0.10945694,-0.15529808,-0.09238048,-0.20963459,-0.15534645,-0.15861636,-0.12988344,-0.15527686,-0.16015086,-0.1553517,-0.15535071,-0.19704957,-0.20616047,-0.12933515,-0.10460003,-0.11361031,-0.10256614,-0.15534347,-0.19495486,-0.15532026,-0.12980776,-0.155195,-0.041086134,-0.12967405,-0.15534946,-0.2300741,-0.1553288,-0.10384405,-0.15398079,-0.0784167,-0.15521166,-0.12766197,-0.15523103,-0.121451,-0.075820275,-0.09192432,-0.101488546,-0.15509161,-0.15860796,-0.12378413,-0.15520005,-0.1410757,-0.13984437,-0.18093297,-0.15535188,-0.25777104,-0.12844054,-0.15526384,-0.13462572,-0.119081676,-0.1553235,-0.1586955,-0.1586971,-0.15869817,-0.19755594,-0.25103784,-0.20219928,-0.19465852,-0.24831252,-0.20506537,-0.22091979,-0.15533727,-0.13007608,-0.11956477,-0.15533268,-0.15869196,-0.20931396,-0.18224281,-0.15532409,-0.32474133,-0.15535006,-0.15870073,-0.15869969,-0.15869933,-0.2185038,-0.15532318,-0.114121355,-0.15532616,-0.15868592,-0.15869218,-0.22984435,-0.15534401,-0.15867478,-0.08963354,-0.15524605,-0.15865368,-0.15867043,-0.15867198,-0.13302092,-0.1051107,-0.14014931,-0.15141064,-0.15839578,-0.15615125,-0.14613561,-0.15534055,-0.12319561,-0.13041426,-0.15530573,-0.15870057,-0.15870011,-0.15870012,-0.1587006,-0.38518023,-0.11451449,-0.1553131,-0.15564899,-0.14443555,-0.16636807,-0.15534554,-0.15862563,-0.12993515,-0.047159404,-0.14963004,-0.14016809,-0.14106366,-0.15520716,-0.19987361,-0.1649412,-0.17166539,-0.1553244,-0.1586604,-0.12722544,-0.14610182,-0.2588673,-0.13023181,-0.15522921,-0.09132757,-0.12832497,-0.13684332,-0.16221203,-0.15659244,-0.12968892,-0.15510389,-0.15861042,-0.1586571,-0.15868917,-0.15740095,-0.19795567,-0.15106063,-0.07294749,-0.2039893,-0.15531372,-0.15865582,-0.104459345,-0.15499341,-0.17466888,-0.13176009,-0.15532094,-0.15109587,-0.10913184,-0.15516447,-0.05825615,-0.14326635,-0.17082691,-0.15526217,-0.18883844,-0.1553511,-0.31316653,-0.15534167,-0.16808087,-0.14331596,-0.15534377,-0.15869725,-0.25088155,-0.15535146,-0.22115314,-0.07562123,-0.086852394,-0.10702289,-0.060967896,-0.14892668,-0.16796505,-0.15746465,-0.22133875,-0.12812386,-0.0969081,-0.16398169,-0.12716047,-0.11335766,-0.18846886,-0.13040838,-0.17755464,-0.0994983,-0.115196005,-0.15526345,-0.11662802,-0.19749595,-0.14526704,-0.12781724,-0.096878245,-0.15526386,-0.15851143,-0.12434345,-0.11230643,-0.063823454,-0.15519685,-0.11419349,-0.10007019,-0.24483351,-0.155352,-0.15868926,-0.16344379,-0.1759062,-0.12524253,-0.15533793,-0.0782174,-0.19187105,-0.18185812,-0.09859173,-0.11065883,-0.15502681,-0.15839061,-0.083404,-0.1213824,-0.13072303,-0.13855581,-0.19385117,-0.15531614,-0.15869428,-0.19487974,-0.23847799,-0.2432746,-0.1300917,-0.1551553,-0.1586667,-0.14520228,-0.2961179,-0.15535128,-0.19813283,-0.13031873,-0.1552898,-0.060104962,-0.15931924,-0.15534955,-0.2028091,-0.2868003,-0.11816878,-0.14795661,-0.10060286,-0.15519994,-0.13614628,-0.20725825,-0.17393659,-0.125103,-0.15657571,-0.15690626,-0.15534821,-0.1586966,-0.16221246,-0.22200036,-0.13047609,-0.2814266,-0.15535238,-0.1915083,-0.24371436,-0.16952515,-0.15526877,-0.13369927,-0.12557748,-0.1553452,-0.18106565,-0.15535213,-0.18642783,-0.15529758,-0.30462334,-0.15524456,-0.14691104,-0.13029914,-0.15533966,-0.15868476,-0.18915205,-0.13040112,-0.1553445,-0.10481856,-0.1650517,-0.15534234,-0.15869856,-0.15867049,-0.13001822,-0.1552512,-0.15866578,-0.15865707,-0.15866813,-0.15867615,-0.16505513,-0.17392421,-0.15533799,-0.15869164,-0.15868185,-0.15869212,-0.2025511,-0.15354379,-0.14723541,-0.15437388,-0.11499533,-0.10471026,-0.11893196,-0.15534154,-0.15862373,-0.13036345,-0.19501048,-0.15534905,-0.18738703,-0.11705899,-0.17429145,-0.15533985,-0.06652963,-0.15510654,-0.10737923,-0.124497145,-0.15298569,-0.052188452,-0.26007295
k__Bacteria|p__Proteobacteria|c__Gammaproteobacteria|o__Enterobacterales|f__Enterobacteriaceae|g__Enterobacter|s__Enterobacter_sp_SA187,-0.1004395,-0.12316422,-0.15487567,-0.15815845,-0.1581589,-0.23867357,-0.1666669,-0.16813041,-0.10929718,-0.22895765,-0.23728925,-0.15488283,-0.22850217,-0.3768707,-0.08556121,-0.1542803,-0.058144663,-0.1540691,-0.15806569,-0.19931981,-0.1978925,-0.13021685,-0.15482956,-0.12711628,-0.20043859,-0.11658599,-0.182019,-0.25032333,-0.1509206,-0.15483731,-0.15142563,-0.10844302,-0.18249588,-0.28454733,-0.1548629,-0.13049538,-0.15487921,-0.22338755,-0.15488338,-0.29867563,-0.15488347,-0.29356226,-0.129482,-0.15466316,-0.13691942,-0.15487504,-0.23188588,-0.24781659,-0.1296162,-0.13050434,-0.24679694,-0.18279888,-0.25087595,-0.26027086,-0.28621647,-0.27511892,-0.11894142,-0.15475321,-0.040142577,-0.056944285,-0.15380149,-0.11274739,-0.13743341,-0.13033623,-0.15485114,-0.15815179,-0.15815857,-0.15815952,-0.27573854,-0.15482554,-0.13033752,-0.16243835,-0.12334165,-0.14074792,-0.1548319,-0.15887658,-0.14481027,-0.13047169,-0.18691605,-0.14998752,-0.15486532,-0.15812674,-0.15814379,-0.15804577,-0.120334074,-0.13700745,-0.08858878,-0.15485632,-0.19008024,-0.15487312,-0.2004665,-0.11139822,-0.1388583,-0.13027036,-0.1074974,-0.15152657,-0.154728,-0.15770656,-0.10065024,-0.08152827,-0.09427856,-0.15480234,-0.11960925,-0.15027548,-0.16982608,-0.1185138,-0.15482825,-0.15814939,-0.17738779,-0.15176103,-0.15487745,-0.25953975,-0.17989698,-0.13525523,-0.15487319,-0.15095688,-0.17780018,-0.2009549,-0.15484357,-0.09015879,-0.15443085,-0.12151222,-0.121854745,-0.13997786,-0.21433522,-0.13908121,-0.16057305,-0.15476581,-0.07092635,-0.15393883,-0.15701759,-0.18733518,-0.15450078,-0.13032499,-0.12334781,-0.14100276,-0.15481247,-0.114095174,-0.25318068,-0.26654312,-0.12925407,-0.10945694,-0.15479892,-0.09238048,-0.20963459,-0.15487354,-0.15803517,-0.12962979,-0.15476784,-0.16015086,-0.1553517,-0.15488009,-0.19704957,-0.20616047,-0.12885243,-0.10460003,-0.11361031,-0.10256614,-0.15486884,-0.19495486,-0.15483268,-0.12953635,-0.15463862,-0.041086134,-0.12967405,-0.15487829,-0.2300741,-0.15484616,-0.10384405,-0.15277845,-0.0784167,-0.15466857,-0.12766197,-0.15469617,-0.121451,-0.075820275,-0.09192432,-0.101488546,-0.15448223,-0.15801722,-0.12378413,-0.15465137,-0.1410757,-0.13984437,-0.18093297,-0.15488186,-0.25777104,-0.12844054,-0.15474872,-0.13462572,-0.119081676,-0.1548379,-0.15815257,-0.158155,-0.15815666,-0.19755594,-0.25103784,-0.20219928,-0.19465852,-0.24831252,-0.20506537,-0.22091979,-0.15485984,-0.1299197,-0.11956477,-0.15485223,-0.15814713,-0.20931396,-0.18224281,-0.15484019,-0.32474133,-0.15487905,-0.15816057,-0.15815893,-0.15815836,-0.2185038,-0.15483993,-0.114121355,-0.15484336,-0.15813856,-0.15814748,-0.22984435,-0.1548697,-0.15812387,-0.08963354,-0.15472113,-0.1580876,-0.15811463,-0.1581158,-0.13302092,-0.1051107,-0.14014931,-0.15141064,-0.15839578,-0.15615125,-0.14613561,-0.15486419,-0.12319561,-0.13043144,-0.15481241,-0.15816028,-0.15815961,-0.15815961,-0.15816036,-0.38518023,-0.11451449,-0.15482259,-0.15564899,-0.14443555,-0.16636807,-0.15487231,-0.15804856,-0.12993515,-0.047159404,-0.14628297,-0.14016809,-0.14106366,-0.154661,-0.19987361,-0.1649412,-0.17166539,-0.15483958,-0.15809757,-0.12722544,-0.14610182,-0.2588673,-0.13014811,-0.15469298,-0.09132757,-0.12832497,-0.13684332,-0.16221203,-0.15659244,-0.12937844,-0.15450683,-0.15802199,-0.15809321,-0.15814275,-0.15740095,-0.19795567,-0.15106063,-0.07294749,-0.2039893,-0.15482408,-0.15809086,-0.104459345,-0.15437786,-0.17466888,-0.13176009,-0.15483364,-0.15109587,-0.10913184,-0.15459657,-0.05825615,-0.14326635,-0.17082691,-0.15474528,-0.18883844,-0.15488076,-0.31316653,-0.15486687,-0.16808087,-0.14331596,-0.15486944,-0.15815535,-0.25088155,-0.1548813,-0.22115314,-0.07562123,-0.086852394,-0.10702289,-0.060967896,-0.14520866,-0.16796505,-0.15746465,-0.22133875,-0.12812386,-0.0969081,-0.16398169,-0.12716047,-0.11335766,-0.18846886,-0.13042128,-0.17755464,-0.0994983,-0.115196005,-0.15474665,-0.11662802,-0.19749595,-0.14526704,-0.12781724,-0.096878245,-0.15474546,-0.15786955,-0.12434345,-0.11230643,-0.063823454,-0.15464428,-0.11419349,-0.10007019,-0.24483351,-0.15488204,-0.15814307,-0.16344379,-0.1759062,-0.12524253,-0.15486032,-0.0782174,-0.19187105,-0.18185812,-0.09859173,-0.11065883,-0.15438005,-0.15768331,-0.083404,-0.1213824,-0.13072303,-0.13855581,-0.19385117,-0.1548279,-0.15815063,-0.19487974,-0.23847799,-0.2432746,-0.12995097,-0.15458038,-0.15810877,-0.14520228,-0.2961179,-0.15488097,-0.19813283,-0.1302847,-0.1547876,-0.060104962,-0.15931924,-0.15487841,-0.2028091,-0.2868003,-0.11816878,-0.14795661,-0.10060286,-0.15465076,-0.13614628,-0.20725825,-0.17393659,-0.125103,-0.15657571,-0.15690626,-0.15487635,-0.1581542,-0.16221246,-0.22200036,-0.13052663,-0.2814266,-0.15488267,-0.1915083,-0.24371436,-0.16952515,-0.1547567,-0.13369927,-0.12557748,-0.15487175,-0.18106565,-0.15488228,-0.18642783,-0.15480077,-0.30462334,-0.15471987,-0.14691104,-0.13029914,-0.15486321,-0.15813594,-0.18915205,-0.13040888,-0.15487054,-0.10481856,-0.1650517,-0.15486751,-0.15815723,-0.15811445,-0.12983723,-0.15472652,-0.15810774,-0.15809414,-0.1581113,-0.15812302,-0.16505513,-0.17392421,-0.15486087,-0.15814655,-0.15813175,-0.1581473,-0.2025511,-0.15354379,-0.14723541,-0.15341477,-0.11499533,-0.10471026,-0.11893196,-0.15486607,-0.15804386,-0.1303496,-0.19501048,-0.15487768,-0.18738703,-0.11705899,-0.17429145,-0.15486307,-0.06652963,-0.15450284,-0.10737923,-0.124497145,-0.15298569,-0.052188452,-0.26007295
k__Bacteria|p__Proteobacteria|c__Gammaproteobacteria|o__Enterobacterales|f__Enterobacteriaceae|g__Enterobacter|s__Enterobacter_bugandensis,-0.1004395,-0.12316422,-0.15498441,-0.15828982,-0.15829012,-0.23867357,-0.1666669,-0.16813041,-0.10929718,-0.22895765,-0.23728925,-0.15498939,-0.22850217,-0.3768707,-0.08556121,-0.15457112,-0.058144663,-0.15443736,-0.15822572,-0.19931981,-0.1978925,-0.13023904,-0.15495291,-0.12711628,-0.20043859,-0.11658599,-0.182019,-0.25032333,-0.1509206,-0.15495798,-0.15142563,-0.10844302,-0.18249588,-0.28454733,-0.15497562,-0.13043539,-0.1549869,-0.22338755,-0.15498976,-0.29867563,-0.15498982,-0.29356226,-0.12971348,-0.15483692,-0.13691942,-0.15498409,-0.23188588,-0.24781659,-0.1296162,-0.13044167,-0.24679694,-0.18279888,-0.25087595,-0.26027086,-0.28621647,-0.27511892,-0.11894142,-0.15490013,-0.040142577,-0.056944285,-0.15424225,-0.11274739,-0.13743341,-0.13032037,-0.15496734,-0.15828526,-0.15828988,-0.15829054,-0.27573854,-0.15494792,-0.130324,-0.16243835,-0.12334165,-0.14074792,-0.15495454,-0.15887658,-0.14481027,-0.13041951,-0.18691605,-0.14998752,-0.15497735,-0.158268,-0.15827957,-0.15821013,-0.120334074,-0.13700745,-0.08858878,-0.15497121,-0.19008024,-0.15498275,-0.2004665,-0.11139822,-0.1388583,-0.13027036,-0.1074974,-0.15152657,-0.15488341,-0.15795895,-0.10065024,-0.08152827,-0.09427856,-0.15493438,-0.11960925,-0.15027548,-0.16982608,-0.1185138,-0.1549516,-0.15828359,-0.17738779,-0.15176103,-0.15498568,-0.25953975,-0.17989698,-0.13525523,-0.1549828,-0.15095688,-0.17780018,-0.2009549,-0.15496124,-0.09015879,-0.15468106,-0.12151222,-0.121854745,-0.13997786,-0.21433522,-0.13908121,-0.16057305,-0.15490934,-0.07092635,-0.15433897,-0.15749279,-0.18733518,-0.15471958,-0.1303061,-0.12334781,-0.14100276,-0.15494117,-0.114095174,-0.25318068,-0.26654312,-0.12951341,-0.10945694,-0.15493205,-0.09238048,-0.20963459,-0.15498303,-0.15820214,-0.129796,-0.15490976,-0.16015086,-0.1553517,-0.1549875,-0.19704957,-0.20616047,-0.12921369,-0.10460003,-0.11361031,-0.10256614,-0.15497988,-0.19495486,-0.1549548,-0.12970302,-0.15482293,-0.041086134,-0.12967405,-0.1549862,-0.2300741,-0.15496409,-0.10384405,-0.15353173,-0.0784167,-0.15484089,-0.12766197,-0.15486126,-0.121451,-0.075820275,-0.09192432,-0.101488546,-0.15471363,-0.15819332,-0.12378413,-0.15482385,-0.1410757,-0.13984437,-0.18093297,-0.15498874,-0.25777104,-0.12844054,-0.15489432,-0.13462572,-0.119081676,-0.15495878,-0.15828574,-0.15828744,-0.15828857,-0.19755594,-0.25103784,-0.20219928,-0.19465852,-0.24831252,-0.20506537,-0.22091979,-0.15497333,-0.13000503,-0.11956477,-0.15496853,-0.15828204,-0.20931396,-0.18224281,-0.15495925,-0.32474133,-0.15498681,-0.15829127,-0.15829015,-0.15828978,-0.2185038,-0.15495849,-0.114121355,-0.15496182,-0.15827578,-0.15828227,-0.22984435,-0.15498044,-0.15826395,-0.08963354,-0.15487742,-0.1582416,-0.15825945,-0.15826088,-0.13302092,-0.1051107,-0.14014931,-0.15141064,-0.15839578,-0.15615125,-0.14613561,-0.15497677,-0.12319561,-0.13039085,-0.15494044,-0.15829107,-0.1582906,-0.15829061,-0.15829112,-0.38518023,-0.11451449,-0.154948,-0.15564899,-0.14443555,-0.16636807,-0.15498209,-0.15821242,-0.12993515,-0.047159404,-0.1490018,-0.14016809,-0.14106366,-0.15483677,-0.19987361,-0.1649412,-0.17166539,-0.15495981,-0.15824865,-0.12722544,-0.14610182,-0.2588673,-0.130184,-0.15485907,-0.09132757,-0.12832497,-0.13684332,-0.16221203,-0.15659244,-0.12956697,-0.15472758,-0.15819609,-0.15824525,-0.15827906,-0.15740095,-0.19795567,-0.15106063,-0.07294749,-0.2039893,-0.15494871,-0.15824375,-0.104459345,-0.15457135,-0.17466888,-0.13176009,-0.15495609,-0.15109587,-0.10913184,-0.15479016,-0.05825615,-0.14326635,-0.17082691,-0.15489453,-0.18883844,-0.15498793,-0.31316653,-0.15497807,-0.16808087,-0.14331596,-0.15498021,-0.15828761,-0.25088155,-0.15498832,-0.22115314,-0.07562123,-0.086852394,-0.10702289,-0.060967896,-0.1482634,-0.16796505,-0.15746465,-0.22133875,-0.12812386,-0.0969081,-0.16398169,-0.12716047,-0.11335766,-0.18846886,-0.1303834,-0.17755464,-0.0994983,-0.115196005,-0.1548957,-0.11662802,-0.19749595,-0.14526704,-0.12781724,-0.096878245,-0.1548958,-0.15809134,-0.12434345,-0.11230643,-0.063823454,-0.15482487,-0.11419349,-0.10007019,-0.24483351,-0.15498884,-0.15827912,-0.16344379,-0.1759062,-0.12524253,-0.15497404,-0.0782174,-0.19187105,-0.18185812,-0.09859173,-0.11065883,-0.15464564,-0.15796417,-0.083404,-0.1213824,-0.13072303,-0.13855581,-0.19385117,-0.15495127,-0.15828446,-0.19487974,-0.23847799,-0.2432746,-0.13003777,-0.15478143,-0.15825552,-0.14520228,-0.2961179,-0.15498811,-0.19813283,-0.13028425,-0.15492344,-0.060104962,-0.15931924,-0.15498632,-0.2028091,-0.2868003,-0.11816878,-0.14795661,-0.10060286,-0.154829,-0.13614628,-0.20725825,-0.17393659,-0.125103,-0.15657571,-0.15690626,-0.15498489,-0.15828691,-0.16221246,-0.22200036,-0.130457,-0.2814266,-0.15498926,-0.1915083,-0.24371436,-0.16952515,-0.1548997,-0.13369927,-0.12557748,-0.15498173,-0.18106565,-0.154989,-0.18642783,-0.15493137,-0.30462334,-0.15487632,-0.14691104,-0.13029914,-0.1549759,-0.15827441,-0.18915205,-0.13037603,-0.15498096,-0.10481856,-0.1650517,-0.15497874,-0.15828896,-0.15825896,-0.12994021,-0.1548825,-0.1582546,-0.15824533,-0.15825707,-0.15826532,-0.16505513,-0.17392421,-0.15497416,-0.15828168,-0.15827143,-0.15828219,-0.2025511,-0.15354379,-0.14723541,-0.15396589,-0.11499533,-0.10471026,-0.11893196,-0.15497784,-0.15820938,-0.13033506,-0.19501048,-0.15498579,-0.18738703,-0.11705899,-0.17429145,-0.15497585,-0.06652963,-0.15472904,-0.10737923,-0.124497145,-0.15298569,-0.052188452,-0.26007295
k__Bacteria|p__Proteobacteria|c__Gammaproteobacteria|o__Enterobacterales|f__Enterobacteriaceae|g__Citrobacter|s__Citrobacter_sedlakii,-0.1004395,-0.12316422,-0.15514365,-0.1584158,-0.15841615,-0.23867357,-0.1666669,-0.16813041,-0.10929718,-0.22895765,-0.23728925,-0.15514971,-0.22850217,-0.3768707,-0.08556121,-0.15463403,-0.058144663,-0.15446354,-0.15833695,-0.19931981,-0.1978925,-0.13060379,-0.15510474,-0.12711628,-0.20043859,-0.11658599,-0.182019,-0.25032333,-0.1509206,-0.15511131,-0.15142563,-0.10844302,-0.18249588,-0.28454733,-0.15513314,-0.13084207,-0.15514666,-0.22338755,-0.15515019,-0.29867563,-0.15515028,-0.29356226,-0.12998782,-0.15496367,-0.13691942,-0.15514314,-0.23188588,-0.24781659,-0.1296162,-0.13084975,-0.24679694,-0.18279888,-0.25087595,-0.26027086,-0.28621647,-0.27511892,-0.11894142,-0.15503971,-0.040142577,-0.056944285,-0.15423366,-0.11274739,-0.13743341,-0.13070409,-0.15512277,-0.15841015,-0.15841587,-0.15841667,-0.27573854,-0.15509996,-0.13070792,-0.16243835,-0.12334165,-0.14074792,-0.15510674,-0.15887658,-0.14481027,-0.13082257,-0.18691605,-0.14998752,-0.15513489,-0.1583889,-0.15840328,-0.1583208,-0.120334074,-0.13700745,-0.08858878,-0.1551273,-0.19008024,-0.1551415,-0.2004665,-0.11139822,-0.1388583,-0.13027036,-0.1074974,-0.15152657,-0.15501884,-0.15802285,-0.10065024,-0.08152827,-0.09427856,-0.15508175,-0.11960925,-0.15027548,-0.16982608,-0.1185138,-0.15510343,-0.1584081,-0.17738779,-0.15176103,-0.15514518,-0.25953975,-0.17989698,-0.13525523,-0.15514159,-0.15095688,-0.17780018,-0.2009549,-0.15511632,-0.09015879,-0.15476802,-0.12151222,-0.121854745,-0.13997786,-0.21433522,-0.13908121,-0.16057305,-0.15505081,-0.07092635,-0.15434876,-0.15744537,-0.18733518,-0.15482372,-0.13069263,-0.12334781,-0.14100276,-0.1550902,-0.114095174,-0.25318068,-0.26654312,-0.12974334,-0.10945694,-0.15507887,-0.09238048,-0.20963459,-0.15514188,-0.15831116,-0.13008693,-0.15505183,-0.16015086,-0.1553517,-0.15514742,-0.19704957,-0.20616047,-0.12939522,-0.10460003,-0.11361031,-0.10256614,-0.15513796,-0.19495486,-0.15510784,-0.12998375,-0.15494356,-0.041086134,-0.12967405,-0.15514587,-0.2300741,-0.15511927,-0.10384405,-0.15335171,-0.0784167,-0.1549669,-0.12766197,-0.15499167,-0.121451,-0.075820275,-0.09192432,-0.101488546,-0.15480995,-0.15829638,-0.12378413,-0.15495256,-0.1410757,-0.13984437,-0.18093297,-0.15514892,-0.25777104,-0.12844054,-0.15503523,-0.13462572,-0.119081676,-0.15511179,-0.15841076,-0.15841284,-0.15841424,-0.19755594,-0.25103784,-0.20219928,-0.19465852,-0.24831252,-0.20506537,-0.22091979,-0.15513028,-0.13033555,-0.11956477,-0.15512392,-0.15840621,-0.20931396,-0.18224281,-0.15511352,-0.32474133,-0.15514654,-0.15841755,-0.15841618,-0.1584157,-0.2185038,-0.15511253,-0.114121355,-0.15511605,-0.15839879,-0.15840647,-0.22984435,-0.15513864,-0.15838514,-0.08963354,-0.1550121,-0.15835598,-0.1583786,-0.15837985,-0.13302092,-0.1051107,-0.14014931,-0.15141064,-0.15839578,-0.15615125,-0.14613561,-0.15513405,-0.12319561,-0.13078797,-0.15508996,-0.15841734,-0.15841675,-0.15841675,-0.15841739,-0.38518023,-0.11451449,-0.15509878,-0.15564899,-0.14443555,-0.16636807,-0.15514082,-0.1583227,-0.12993515,-0.047159404,-0.1478436,-0.14016809,-0.14106366,-0.15496206,-0.19987361,-0.1649412,-0.17166539,-0.15511322,-0.15836456,-0.12722544,-0.14610182,-0.2588673,-0.13053817,-0.15498883,-0.09132757,-0.12832497,-0.13684332,-0.16221203,-0.15659244,-0.12982798,-0.15482843,-0.15830018,-0.15836069,-0.1584025,-0.15740095,-0.19795567,-0.15106063,-0.07294749,-0.2039893,-0.1550999,-0.15835854,-0.104459345,-0.15466395,-0.17466888,-0.13176009,-0.15510836,-0.15109587,-0.10913184,-0.1549049,-0.05825615,-0.14326635,-0.17082691,-0.15503326,-0.18883844,-0.15514797,-0.31316653,-0.1551361,-0.16808087,-0.14331596,-0.1551384,-0.15841311,-0.25088155,-0.15514842,-0.22115314,-0.07562123,-0.086852394,-0.10702289,-0.060967896,-0.14693648,-0.16796505,-0.15746465,-0.22133875,-0.12812386,-0.0969081,-0.16398169,-0.12716047,-0.11335766,-0.18846886,-0.13077913,-0.17755464,-0.0994983,-0.115196005,-0.15503445,-0.11662802,-0.19749595,-0.14526704,-0.12781724,-0.096878245,-0.15503366,-0.15817088,-0.12434345,-0.11230643,-0.063823454,-0.15494692,-0.11419349,-0.10007019,-0.24483351,-0.15514907,-0.158403,-0.16344379,-0.1759062,-0.12524253,-0.15513074,-0.0782174,-0.19187105,-0.18185812,-0.09859173,-0.11065883,-0.15472476,-0.15801387,-0.083404,-0.1213824,-0.13072303,-0.13855581,-0.19385117,-0.1551031,-0.15840918,-0.19487974,-0.23847799,-0.2432746,-0.13036467,-0.15489343,-0.15837368,-0.14520228,-0.2961179,-0.15514815,-0.19813283,-0.13065937,-0.15506883,-0.060104962,-0.15931924,-0.15514596,-0.2028091,-0.2868003,-0.11816878,-0.14795661,-0.10060286,-0.15495303,-0.13614628,-0.20725825,-0.17393659,-0.125103,-0.15657571,-0.15690626,-0.15514421,-0.15841219,-0.16221246,-0.22200036,-0.13086858,-0.2814266,-0.15514958,-0.1915083,-0.24371436,-0.16952515,-0.15504274,-0.13369927,-0.12557748,-0.15514034,-0.18106565,-0.15514925,-0.18642783,-0.1550802,-0.30462334,-0.15501146,-0.14691104,-0.13029914,-0.15513313,-0.15839675,-0.18915205,-0.13076936,-0.15513933,-0.10481856,-0.1650517,-0.15513672,-0.15841474,-0.15837894,-0.13024989,-0.15501761,-0.15837269,-0.15836117,-0.1583757,-0.15838557,-0.16505513,-0.17392421,-0.15513107,-0.15840572,-0.15839317,-0.15840636,-0.2025511,-0.15354379,-0.14723541,-0.15390238,-0.11499533,-0.10471026,-0.11893196,-0.15513554,-0.1583195,-0.13071853,-0.19501048,-0.15514535,-0.18738703,-0.11705899,-0.17429145,-0.15513352,-0.06652963,-0.15482762,-0.10737923,-0.124497145,-0.15298569,-0.052188452,-0.26007295
k__Bacteria|p__Proteobacteria|c__Gammaproteobacteria|o__Enterobacterales|f__Enterobacteriaceae|g__Enterobacter|s__Enterobacter_sp_kpr_6,-0.1004395,-0.12316422,-0.1549469,-0.15821642,-0.15821669,-0.23867357,-0.1666669,-0.16813041,-0.10929718,-0.22895765,-0.23728925,-0.1549514,-0.22850217,-0.3768707,-0.08556121,-0.15457253,-0.058144663,-0.1544438,-0.15815812,-0.19931981,-0.1978925,-0.13048792,-0.15491806,-0.12711628,-0.20043859,-0.11658599,-0.182019,-0.25032333,-0.1509206,-0.15492295,-0.15142563,-0.10844302,-0.18249588,-0.28454733,-0.15493901,-0.13066381,-0.15494911,-0.22338755,-0.15495172,-0.29867563,-0.15495178,-0.29356226,-0.13000737,-0.15481362,-0.13691942,-0.1549465,-0.23188588,-0.24781659,-0.1296162,-0.13066958,-0.24679694,-0.18279888,-0.25087595,-0.26027086,-0.28621647,-0.27511892,-0.11894142,-0.15486991,-0.040142577,-0.056944285,-0.154273,-0.11274739,-0.13743341,-0.13056283,-0.15493146,-0.15821226,-0.15821648,-0.15821707,-0.27573854,-0.15491502,-0.1305634,-0.16243835,-0.12334165,-0.14074792,-0.15491953,-0.15887658,-0.14481027,-0.13064918,-0.18691605,-0.14998752,-0.1549404,-0.15819651,-0.15820718,-0.158147,-0.120334074,-0.13700745,-0.08858878,-0.15493478,-0.19008024,-0.15494531,-0.2004665,-0.11139822,-0.1388583,-0.13027036,-0.1074974,-0.15152657,-0.15485457,-0.15793425,-0.10065024,-0.08152827,-0.09427856,-0.15490107,-0.11960925,-0.15027548,-0.16982608,-0.1185138,-0.15491715,-0.15821075,-0.17738779,-0.15176103,-0.15494803,-0.25953975,-0.17989698,-0.13525523,-0.15494534,-0.15095688,-0.17780018,-0.2009549,-0.1549268,-0.09015879,-0.15466872,-0.12151222,-0.121854745,-0.13997786,-0.21433522,-0.13908121,-0.16057305,-0.1548782,-0.07092635,-0.1543594,-0.15749848,-0.18733518,-0.15471148,-0.13055065,-0.12334781,-0.14100276,-0.15490735,-0.114095174,-0.25318068,-0.26654312,-0.12985608,-0.10945694,-0.15489888,-0.09238048,-0.20963459,-0.15494555,-0.15813972,-0.13010111,-0.15487924,-0.16015086,-0.1553517,-0.15494967,-0.19704957,-0.20616047,-0.129562,-0.10460003,-0.11361031,-0.10256614,-0.15494266,-0.19495486,-0.15492058,-0.13003395,-0.15479922,-0.041086134,-0.12967405,-0.15494853,-0.2300741,-0.15492895,-0.10384405,-0.15362936,-0.0784167,-0.15481666,-0.12766197,-0.15483446,-0.121451,-0.075820275,-0.09192432,-0.101488546,-0.15469992,-0.15812808,-0.12378413,-0.15480468,-0.1410757,-0.13984437,-0.18093297,-0.1549508,-0.25777104,-0.12844054,-0.15486698,-0.13462572,-0.119081676,-0.15492329,-0.15821272,-0.15821426,-0.15821528,-0.19755594,-0.25103784,-0.20219928,-0.19465852,-0.24831252,-0.20506537,-0.22091979,-0.154937,-0.13029501,-0.11956477,-0.15493226,-0.15820932,-0.20931396,-0.18224281,-0.15492436,-0.32474133,-0.15494904,-0.15821773,-0.15821671,-0.15821637,-0.2185038,-0.1549238,-0.114121355,-0.15492648,-0.15820387,-0.15820953,-0.22984435,-0.15494317,-0.15819351,-0.08963354,-0.15484957,-0.15817209,-0.15818886,-0.1581898,-0.13302092,-0.1051107,-0.14014931,-0.15141064,-0.15839578,-0.15615125,-0.14613561,-0.15493977,-0.12319561,-0.13062392,-0.1549071,-0.15821755,-0.15821713,-0.15821713,-0.15821761,-0.38518023,-0.11451449,-0.15491366,-0.15564899,-0.14443555,-0.16636807,-0.15494478,-0.15814751,-0.12993515,-0.047159404,-0.14955044,-0.14016809,-0.14106366,-0.15481237,-0.19987361,-0.1649412,-0.17166539,-0.15492433,-0.15817845,-0.12722544,-0.14610182,-0.2588673,-0.1304451,-0.1548325,-0.09132757,-0.12832497,-0.13684332,-0.16221203,-0.15659244,-0.12990797,-0.1547142,-0.15813082,-0.15817562,-0.15820658,-0.15740095,-0.19795567,-0.15106063,-0.07294749,-0.2039893,-0.15491447,-0.1581741,-0.104459345,-0.15460369,-0.17466888,-0.13176009,-0.1549207,-0.15109587,-0.10913184,-0.15477103,-0.05825615,-0.14326635,-0.17082691,-0.15486506,-0.18883844,-0.15495007,-0.31316653,-0.15494132,-0.16808087,-0.14331596,-0.15494299,-0.15821445,-0.25088155,-0.15495043,-0.22115314,-0.07562123,-0.086852394,-0.10702289,-0.060967896,-0.14887129,-0.16796505,-0.15746465,-0.22133875,-0.12812386,-0.0969081,-0.16398169,-0.12716047,-0.11335766,-0.18846886,-0.13061765,-0.17755464,-0.0994983,-0.115196005,-0.15486604,-0.11662802,-0.19749595,-0.14526704,-0.12781724,-0.096878245,-0.15486541,-0.15803547,-0.12434345,-0.11230643,-0.063823454,-0.15480167,-0.11419349,-0.10007019,-0.24483351,-0.15495089,-0.158207,-0.16344379,-0.1759062,-0.12524253,-0.15493733,-0.0782174,-0.19187105,-0.18185812,-0.09859173,-0.11065883,-0.15463701,-0.15791921,-0.083404,-0.1213824,-0.13072303,-0.13855581,-0.19385117,-0.15491688,-0.15821153,-0.19487974,-0.23847799,-0.2432746,-0.13031141,-0.15476179,-0.15818524,-0.14520228,-0.2961179,-0.15495022,-0.19813283,-0.1305305,-0.15489158,-0.060104962,-0.15931924,-0.1549486,-0.2028091,-0.2868003,-0.11816878,-0.14795661,-0.10060286,-0.15480584,-0.13614628,-0.20725825,-0.17393659,-0.125103,-0.15657571,-0.15690626,-0.15494731,-0.15821375,-0.16221246,-0.22200036,-0.1306836,-0.2814266,-0.15495127,-0.1915083,-0.24371436,-0.16952515,-0.1548726,-0.13369927,-0.12557748,-0.15494443,-0.18106565,-0.15495105,-0.18642783,-0.15489984,-0.30462334,-0.15484901,-0.14691104,-0.13029914,-0.15493912,-0.15820234,-0.18915205,-0.13061006,-0.1549437,-0.10481856,-0.1650517,-0.15494174,-0.15821564,-0.15818954,-0.13024312,-0.15485367,-0.15818457,-0.15817595,-0.15818675,-0.15819412,-0.16505513,-0.17392421,-0.1549376,-0.15820897,-0.15819967,-0.15820944,-0.2025511,-0.15354379,-0.14723541,-0.15402785,-0.11499533,-0.10471026,-0.11893196,-0.15494087,-0.15814519,-0.13057274,-0.19501048,-0.15494815,-0.18738703,-0.11705899,-0.17429145,-0.15493947,-0.06652963,-0.15471382,-0.10737923,-0.124497145,-0.15298569,-0.052188452,-0.26007295
k__Bacteria|p__Proteobacteria|c__Gammaproteobacteria|o__Moraxellales|f__Moraxellaceae|g__Acinetobacter|s__Acinetobacter_sp_ANC_4204,-0.1004395,-0.12316422,-0.15496814,-0.15832114,-0.15832159,-0.23867357,-0.1666669,-0.16813041,-0.10929718,-0.22895765,-0.23728925,-0.15497547,-0.22850217,-0.3768707,-0.08556121,-0.15435177,-0.058144663,-0.15413359,-0.1582259,-0.19931981,-0.1978925,-0.12976854,-0.15492055,-0.12711628,-0.20043859,-0.11658599,-0.182019,-0.25032333,-0.1509206,-0.1549289,-0.15142563,-0.10844302,-0.18249588,-0.28454733,-0.15495476,-0.13006495,-0.15497175,-0.22338755,-0.15497604,-0.29867563,-0.15497613,-0.29356226,-0.12897725,-0.15475105,-0.13691942,-0.15496743,-0.23188588,-0.24781659,-0.1296162,-0.13007489,-0.24679694,-0.18279888,-0.25087595,-0.26027086,-0.28621647,-0.27511892,-0.11894142,-0.15484181,-0.040142577,-0.056944285,-0.15387434,-0.11274739,-0.13743341,-0.12989697,-0.15494317,-0.15831426,-0.15832126,-0.15832223,-0.27573854,-0.15491584,-0.12989822,-0.16243835,-0.12334165,-0.14074792,-0.1549232,-0.15887658,-0.14481027,-0.13003966,-0.18691605,-0.14998752,-0.15495747,-0.1582886,-0.15830621,-0.15820324,-0.120334074,-0.13700745,-0.08858878,-0.1549482,-0.19008024,-0.15496549,-0.2004665,-0.11139822,-0.1388583,-0.13027036,-0.1074974,-0.15152657,-0.15481627,-0.15783551,-0.10065024,-0.08152827,-0.09427856,-0.15489241,-0.11960925,-0.15027548,-0.16982608,-0.1185138,-0.1549196,-0.15831178,-0.17738779,-0.15176103,-0.15496999,-0.25953975,-0.17989698,-0.13525523,-0.15496555,-0.15095688,-0.17780018,-0.2009549,-0.15493494,-0.09015879,-0.15450908,-0.12151222,-0.121854745,-0.13997786,-0.21433522,-0.13908121,-0.16057305,-0.15485474,-0.07092635,-0.15400405,-0.1571669,-0.18733518,-0.15458888,-0.12987953,-0.12334781,-0.14100276,-0.15490314,-0.114095174,-0.25318068,-0.26654312,-0.12874115,-0.10945694,-0.15488903,-0.09238048,-0.20963459,-0.1549659,-0.15819405,-0.12914084,-0.15485734,-0.16015086,-0.1553517,-0.15497267,-0.19704957,-0.20616047,-0.12830515,-0.10460003,-0.11361031,-0.10256614,-0.15496105,-0.19495486,-0.15492307,-0.12903507,-0.1547236,-0.041086134,-0.12967405,-0.15497088,-0.2300741,-0.15493715,-0.10384405,-0.15280843,-0.0784167,-0.15475477,-0.12766197,-0.15478344,-0.121451,-0.075820275,-0.09192432,-0.101488546,-0.15456258,-0.15817544,-0.12378413,-0.1547288,-0.1410757,-0.13984437,-0.18093297,-0.1549745,-0.25777104,-0.12844054,-0.15483376,-0.13462572,-0.119081676,-0.15492901,-0.15831505,-0.1583176,-0.1583193,-0.19755594,-0.25103784,-0.20219928,-0.19465852,-0.24831252,-0.20506537,-0.22091979,-0.15495184,-0.12944932,-0.11956477,-0.15494388,-0.15830953,-0.20931396,-0.18224281,-0.1549311,-0.32474133,-0.15497158,-0.15832329,-0.15832163,-0.15832104,-0.2185038,-0.15493017,-0.114121355,-0.15493518,-0.15830109,-0.15830985,-0.22984435,-0.15496191,-0.15828401,-0.08963354,-0.15480918,-0.15824787,-0.15827641,-0.15827703,-0.13302092,-0.1051107,-0.14014931,-0.15141064,-0.15839578,-0.15615125,-0.14613561,-0.15495619,-0.12319561,-0.12999865,-0.15490404,-0.15832302,-0.15832232,-0.15832232,-0.15832308,-0.38518023,-0.11451449,-0.15491381,-0.15564899,-0.14443555,-0.16636807,-0.15496479,-0.15820919,-0.12993515,-0.047159404,-0.14627178,-0.14016809,-0.14106366,-0.15474881,-0.19987361,-0.1649412,-0.17166539,-0.15493101,-0.15825808,-0.12722544,-0.14610182,-0.2588673,-0.12969425,-0.15477948,-0.09132757,-0.12832497,-0.13684332,-0.16221203,-0.15659244,-0.12886535,-0.15458834,-0.15818056,-0.15825388,-0.15830494,-0.15740095,-0.19795567,-0.15106063,-0.07294749,-0.2039893,-0.15491551,-0.15825099,-0.104459345,-0.15439916,-0.17466888,-0.13176009,-0.15492462,-0.15109587,-0.10913184,-0.15467986,-0.05825615,-0.14326635,-0.17082691,-0.1548348,-0.18883844,-0.15497337,-0.31316653,-0.15495938,-0.16808087,-0.14331596,-0.15496169,-0.15831798,-0.25088155,-0.15497394,-0.22115314,-0.07562123,-0.086852394,-0.10702289,-0.060967896,-0.14516774,-0.16796505,-0.15746465,-0.22133875,-0.12812386,-0.0969081,-0.16398169,-0.12716047,-0.11335766,-0.18846886,-0.1299867,-0.17755464,-0.0994983,-0.115196005,-0.15483586,-0.11662802,-0.19749595,-0.14526704,-0.12781724,-0.096878245,-0.15483329,-0.15802342,-0.12434345,-0.11230643,-0.063823454,-0.1547294,-0.11419349,-0.10007019,-0.24483351,-0.15497467,-0.15830514,-0.16344379,-0.1759062,-0.12524253,-0.15495232,-0.0782174,-0.19187105,-0.18185812,-0.09859173,-0.11065883,-0.15445778,-0.15783253,-0.083404,-0.1213824,-0.13072303,-0.13855581,-0.19385117,-0.1549195,-0.15831307,-0.19487974,-0.23847799,-0.2432746,-0.12949061,-0.15466449,-0.15827033,-0.14520228,-0.2961179,-0.15497355,-0.19813283,-0.12984028,-0.1548779,-0.060104962,-0.15931924,-0.15497094,-0.2028091,-0.2868003,-0.11816878,-0.14795661,-0.10060286,-0.15473811,-0.13614628,-0.20725825,-0.17393659,-0.125103,-0.15657571,-0.15690626,-0.15496883,-0.15831673,-0.16221246,-0.22200036,-0.1300981,-0.2814266,-0.15497532,-0.1915083,-0.24371436,-0.16952515,-0.15484294,-0.13369927,-0.12557748,-0.15496415,-0.18106565,-0.15497491,-0.18642783,-0.1548909,-0.30462334,-0.15480994,-0.14691104,-0.13029914,-0.15495539,-0.15829796,-0.18915205,-0.12997308,-0.15496276,-0.10481856,-0.1650517,-0.1549599,-0.15831989,-0.15827532,-0.12936668,-0.15481444,-0.1582695,-0.15825516,-0.15827301,-0.15828443,-0.16505513,-0.17392421,-0.15495303,-0.15830888,-0.15829381,-0.15830965,-0.2025511,-0.15354379,-0.14723541,-0.15348962,-0.11499533,-0.10471026,-0.11893196,-0.15495828,-0.15820205,-0.12991089,-0.19501048,-0.15497026,-0.18738703,-0.11705899,-0.17429145,-0.15495439,-0.06652963,-0.15458246,-0.10737923,-0.124497145,-0.15298569,-0.052188452,-0.26007295
k__Bacteria|p__Proteobacteria|c__Gammaproteobacteria|o__Moraxellales|f__Moraxellaceae|g__Moraxella|s__Moraxella_osloensis,-0.1004395,-0.12316422,-0.15496254,-0.15831232,-0.15831257,-0.23867357,-0.1666669,-0.16813041,-0.10929718,-0.22895765,-0.23728925,-0.15496688,-0.22850217,-0.3768707,-0.08556121,-0.1546042,-0.058144663,-0.15448841,-0.15825635,-0.19931981,-0.1978925,-0.12991808,-0.15493515,-0.12711628,-0.20043859,-0.11658599,-0.182019,-0.25032333,-0.1509206,-0.15493941,-0.15142563,-0.10844302,-0.18249588,-0.28454733,-0.1549548,-0.13008413,-0.15496472,-0.22338755,-0.1549672,-0.29867563,-0.15496726,-0.29356226,-0.1294668,-0.15483338,-0.13691942,-0.15496227,-0.23188588,-0.24781659,-0.1296162,-0.13008934,-0.24679694,-0.18279888,-0.25087595,-0.26027086,-0.28621647,-0.27511892,-0.11894142,-0.15488917,-0.040142577,-0.056944285,-0.15431304,-0.11274739,-0.13743341,-0.12998761,-0.15494758,-0.15830836,-0.15831235,-0.15831295,-0.27573854,-0.15493122,-0.12998858,-0.16243835,-0.12334165,-0.14074792,-0.15493652,-0.15887658,-0.14481027,-0.13007039,-0.18691605,-0.14998752,-0.1549564,-0.1582933,-0.15830337,-0.15824348,-0.120334074,-0.13700745,-0.08858878,-0.15495107,-0.19008024,-0.15496108,-0.2004665,-0.11139822,-0.1388583,-0.13027036,-0.1074974,-0.15152657,-0.15487476,-0.15803304,-0.10065024,-0.08152827,-0.09427856,-0.15491906,-0.11960925,-0.15027548,-0.16982608,-0.1185138,-0.15493384,-0.1583069,-0.17738779,-0.15176103,-0.15496364,-0.25953975,-0.17989698,-0.13525523,-0.15496114,-0.15095688,-0.17780018,-0.2009549,-0.1549423,-0.09015879,-0.15469906,-0.12151222,-0.121854745,-0.13997786,-0.21433522,-0.13908121,-0.16057305,-0.15489742,-0.07092635,-0.15440068,-0.15761214,-0.18733518,-0.15473016,-0.12997633,-0.12334781,-0.14100276,-0.15492493,-0.114095174,-0.25318068,-0.26654312,-0.12932107,-0.10945694,-0.154917,-0.09238048,-0.20963459,-0.15496135,-0.15823576,-0.12954985,-0.1548975,-0.16015086,-0.1553517,-0.15496524,-0.19704957,-0.20616047,-0.12904808,-0.10460003,-0.11361031,-0.10256614,-0.15495864,-0.19495486,-0.15493704,-0.12948544,-0.15482244,-0.041086134,-0.12967405,-0.15496409,-0.2300741,-0.15494499,-0.10384405,-0.15370166,-0.0784167,-0.15483777,-0.12766197,-0.15485546,-0.121451,-0.075820275,-0.09192432,-0.101488546,-0.15472731,-0.15822852,-0.12378413,-0.15482274,-0.1410757,-0.13984437,-0.18093297,-0.15496632,-0.25777104,-0.12844054,-0.15488487,-0.13462572,-0.119081676,-0.15494035,-0.15830876,-0.15831023,-0.15831123,-0.19755594,-0.25103784,-0.20219928,-0.19465852,-0.24831252,-0.20506537,-0.22091979,-0.15495284,-0.12973157,-0.11956477,-0.15494874,-0.1583055,-0.20931396,-0.18224281,-0.15494049,-0.32474133,-0.15496464,-0.15831357,-0.15831262,-0.15831229,-0.2185038,-0.15493986,-0.114121355,-0.15494272,-0.15829995,-0.15830572,-0.22984435,-0.15495911,-0.15828958,-0.08963354,-0.1548692,-0.15827046,-0.15828577,-0.15828723,-0.13302092,-0.1051107,-0.14014931,-0.15141064,-0.15839578,-0.15615125,-0.14613561,-0.15495595,-0.12319561,-0.13004595,-0.15492395,-0.15831341,-0.15831299,-0.158313,-0.15831345,-0.38518023,-0.11451449,-0.15493077,-0.15564899,-0.14443555,-0.16636807,-0.1549605,-0.15824436,-0.12993515,-0.047159404,-0.14971042,-0.14016809,-0.14106366,-0.15483361,-0.19987361,-0.1649412,-0.17166539,-0.15494114,-0.15827665,-0.12722544,-0.14610182,-0.2588673,-0.12987769,-0.1548538,-0.09132757,-0.12832497,-0.13684332,-0.16221203,-0.15659244,-0.12936664,-0.15473874,-0.15823078,-0.15827358,-0.15830296,-0.15740095,-0.19795567,-0.15106063,-0.07294749,-0.2039893,-0.15493128,-0.15827248,-0.104459345,-0.15461978,-0.17466888,-0.13176009,-0.15493798,-0.15109587,-0.10913184,-0.15479395,-0.05825615,-0.14326635,-0.17082691,-0.15488401,-0.18883844,-0.15496561,-0.31316653,-0.15495694,-0.16808087,-0.14331596,-0.15495887,-0.15831038,-0.25088155,-0.15496594,-0.22115314,-0.07562123,-0.086852394,-0.10702289,-0.060967896,-0.14906576,-0.16796505,-0.15746465,-0.22133875,-0.12812386,-0.0969081,-0.16398169,-0.12716047,-0.11335766,-0.18846886,-0.1300403,-0.17755464,-0.0994983,-0.115196005,-0.1548852,-0.11662802,-0.19749595,-0.14526704,-0.12781724,-0.096878245,-0.15488565,-0.15813997,-0.12434345,-0.11230643,-0.063823454,-0.15482405,-0.11419349,-0.10007019,-0.24483351,-0.15496641,-0.15830293,-0.16344379,-0.1759062,-0.12524253,-0.15495354,-0.0782174,-0.19187105,-0.18185812,-0.09859173,-0.11065883,-0.1546682,-0.1580291,-0.083404,-0.1213824,-0.13072303,-0.13855581,-0.19385117,-0.15493351,-0.15830764,-0.19487974,-0.23847799,-0.2432746,-0.12975223,-0.15478598,-0.15828237,-0.14520228,-0.2961179,-0.15496576,-0.19813283,-0.1299577,-0.15490933,-0.060104962,-0.15931924,-0.15496418,-0.2028091,-0.2868003,-0.11816878,-0.14795661,-0.10060286,-0.15482685,-0.13614628,-0.20725825,-0.17393659,-0.125103,-0.15657571,-0.15690626,-0.15496296,-0.15830979,-0.16221246,-0.22200036,-0.13010263,-0.2814266,-0.15496677,-0.1915083,-0.24371436,-0.16952515,-0.15488896,-0.13369927,-0.12557748,-0.15496019,-0.18106565,-0.15496655,-0.18642783,-0.15491599,-0.30462334,-0.15486777,-0.14691104,-0.13029914,-0.15495513,-0.15829894,-0.18915205,-0.13003355,-0.15495956,-0.10481856,-0.1650517,-0.15495756,-0.15831158,-0.15828556,-0.12968668,-0.15487403,-0.15828148,-0.15827349,-0.15828365,-0.15829104,-0.16505513,-0.17392421,-0.15495357,-0.15830523,-0.15829626,-0.1583057,-0.2025511,-0.15354379,-0.14723541,-0.15406792,-0.11499533,-0.10471026,-0.11893196,-0.15495683,-0.15824221,-0.12999886,-0.19501048,-0.1549637,-0.18738703,-0.11705899,-0.17429145,-0.15495515,-0.06652963,-0.15474108,-0.10737923,-0.124497145,-0.15298569,-0.052188452,-0.26007295
k__Bacteria|p__Proteobacteria|c__Gammaproteobacteria|o__Moraxellales|f__Moraxellaceae|g__Acinetobacter|s__Acinetobacter_nosocomialis,-0.1004395,-0.12316422,-0.15491703,-0.1582188,-0.15821908,-0.23867357,-0.1666669,-0.16813041,-0.10929718,-0.22895765,-0.23728925,-0.15492234,-0.22850217,-0.3768707,-0.08556121,-0.15448731,-0.058144663,-0.15434381,-0.1581504,-0.19931981,-0.1978925,-0.1302051,-0.15488367,-0.12711628,-0.20043859,-0.11658599,-0.182019,-0.25032333,-0.1509206,-0.15488867,-0.15142563,-0.10844302,-0.18249588,-0.28454733,-0.15490767,-0.13039657,-0.15491971,-0.22338755,-0.15492275,-0.29867563,-0.15492281,-0.29356226,-0.1296968,-0.15475866,-0.13691942,-0.1549167,-0.23188588,-0.24781659,-0.1296162,-0.13040267,-0.24679694,-0.18279888,-0.25087595,-0.26027086,-0.28621647,-0.27511892,-0.11894142,-0.15482783,-0.040142577,-0.056944285,-0.15412061,-0.11274739,-0.13743341,-0.13028532,-0.15489864,-0.15821397,-0.15821885,-0.15821956,-0.27573854,-0.15487921,-0.13028523,-0.16243835,-0.12334165,-0.14074792,-0.15488532,-0.15887658,-0.14481027,-0.1303809,-0.18691605,-0.14998752,-0.15490955,-0.15819556,-0.15820777,-0.1581353,-0.120334074,-0.13700745,-0.08858878,-0.15490307,-0.19008024,-0.15491527,-0.2004665,-0.11139822,-0.1388583,-0.13027036,-0.1074974,-0.15152657,-0.15481025,-0.15789461,-0.10065024,-0.08152827,-0.09427856,-0.15486416,-0.11960925,-0.15027548,-0.16982608,-0.1185138,-0.1548818,-0.1582122,-0.17738779,-0.15176103,-0.15491837,-0.25953975,-0.17989698,-0.13525523,-0.15491536,-0.15095688,-0.17780018,-0.2009549,-0.15489222,-0.09015879,-0.15459745,-0.12151222,-0.121854745,-0.13997786,-0.21433522,-0.13908121,-0.16057305,-0.15483788,-0.07092635,-0.15423493,-0.15735656,-0.18733518,-0.15463042,-0.13027784,-0.12334781,-0.14100276,-0.1548712,-0.114095174,-0.25318068,-0.26654312,-0.12954381,-0.10945694,-0.15486167,-0.09238048,-0.20963459,-0.1549156,-0.15812384,-0.12979841,-0.15483758,-0.16015086,-0.1553517,-0.15492032,-0.19704957,-0.20616047,-0.12922487,-0.10460003,-0.11361031,-0.10256614,-0.1549123,-0.19495486,-0.15488602,-0.12972786,-0.15474698,-0.041086134,-0.12967405,-0.1549189,-0.2300741,-0.15489544,-0.10384405,-0.15339157,-0.0784167,-0.15476492,-0.12766197,-0.15478675,-0.121451,-0.075820275,-0.09192432,-0.101488546,-0.15463187,-0.15811701,-0.12378413,-0.1547516,-0.1410757,-0.13984437,-0.18093297,-0.15492165,-0.25777104,-0.12844054,-0.15482317,-0.13462572,-0.119081676,-0.15489013,-0.15821446,-0.15821624,-0.15821745,-0.19755594,-0.25103784,-0.20219928,-0.19465852,-0.24831252,-0.20506537,-0.22091979,-0.15490507,-0.13000453,-0.11956477,-0.15490027,-0.15821046,-0.20931396,-0.18224281,-0.15489015,-0.32474133,-0.15491964,-0.15822032,-0.15821914,-0.15821876,-0.2185038,-0.15488929,-0.114121355,-0.15489262,-0.15820348,-0.15821071,-0.22984435,-0.1549129,-0.15819103,-0.08963354,-0.15480322,-0.15816799,-0.15818621,-0.15818834,-0.13302092,-0.1051107,-0.14014931,-0.15141064,-0.15839578,-0.15615125,-0.14613561,-0.15490907,-0.12319561,-0.13035075,-0.15486956,-0.15822013,-0.15821962,-0.15821964,-0.15822017,-0.38518023,-0.11451449,-0.15487821,-0.15564899,-0.14443555,-0.16636807,-0.1549145,-0.15813474,-0.12993515,-0.047159404,-0.14844972,-0.14016809,-0.14106366,-0.15475926,-0.19987361,-0.1649412,-0.17166539,-0.15489098,-0.15817559,-0.12722544,-0.14610182,-0.2588673,-0.13016522,-0.15478528,-0.09132757,-0.12832497,-0.13684332,-0.16221203,-0.15659244,-0.12960005,-0.15464441,-0.15811956,-0.15817165,-0.15820739,-0.15740095,-0.19795567,-0.15106063,-0.07294749,-0.2039893,-0.15487874,-0.15817055,-0.104459345,-0.15453795,-0.17466888,-0.13176009,-0.15488729,-0.15109587,-0.10913184,-0.15471283,-0.05825615,-0.14326635,-0.17082691,-0.15482098,-0.18883844,-0.15492079,-0.31316653,-0.15491001,-0.16808087,-0.14331596,-0.15491259,-0.15821639,-0.25088155,-0.15492117,-0.22115314,-0.07562123,-0.086852394,-0.10702289,-0.060967896,-0.14766465,-0.16796505,-0.15746465,-0.22133875,-0.12812386,-0.0969081,-0.16398169,-0.12716047,-0.11335766,-0.18846886,-0.13034534,-0.17755464,-0.0994983,-0.115196005,-0.15482265,-0.11662802,-0.19749595,-0.14526704,-0.12781724,-0.096878245,-0.15482387,-0.15800935,-0.12434345,-0.11230643,-0.063823454,-0.15474898,-0.11419349,-0.10007019,-0.24483351,-0.15492177,-0.15820715,-0.16344379,-0.1759062,-0.12524253,-0.15490611,-0.0782174,-0.19187105,-0.18185812,-0.09859173,-0.11065883,-0.1545594,-0.15787423,-0.083404,-0.1213824,-0.13072303,-0.13855581,-0.19385117,-0.15488139,-0.15821308,-0.19487974,-0.23847799,-0.2432746,-0.13000518,-0.15470222,-0.1581821,-0.14520228,-0.2961179,-0.15492098,-0.19813283,-0.13025177,-0.15485206,-0.060104962,-0.15931924,-0.15491901,-0.2028091,-0.2868003,-0.11816878,-0.14795661,-0.10060286,-0.15475112,-0.13614628,-0.20725825,-0.17393659,-0.125103,-0.15657571,-0.15690626,-0.15491754,-0.1582157,-0.16221246,-0.22200036,-0.13041858,-0.2814266,-0.1549222,-0.1915083,-0.24371436,-0.16952515,-0.15482731,-0.13369927,-0.12557748,-0.15491413,-0.18106565,-0.15492195,-0.18642783,-0.15485983,-0.30462334,-0.15480062,-0.14691104,-0.13029914,-0.15490797,-0.15820248,-0.18915205,-0.13033728,-0.15491343,-0.10481856,-0.1650517,-0.15491088,-0.15821788,-0.15818574,-0.12993778,-0.15480947,-0.15818095,-0.15817139,-0.15818365,-0.1581929,-0.16505513,-0.17392421,-0.15490603,-0.15821016,-0.15819915,-0.1582107,-0.2025511,-0.15354379,-0.14723541,-0.15381545,-0.11499533,-0.10471026,-0.11893196,-0.15491007,-0.15813266,-0.13029703,-0.19501048,-0.15491846,-0.18738703,-0.11705899,-0.17429145,-0.15490788,-0.06652963,-0.15464918,-0.10737923,-0.124497145,-0.15298569,-0.052188452,-0.26007295
k__Bacteria|p__Proteobacteria|c__Gammaproteobacteria|o__Pasteurellales|f__Pasteurellaceae|g__Aggregatibacter|s__Aggregatibacter_kilianii,-0.1004395,-0.12316422,-0.15538493,-0.15866072,-0.15866104,-0.23867357,-0.1666669,-0.16813041,-0.10929718,-0.22895765,-0.23728925,-0.15539011,-0.22850217,-0.3768707,-0.08556121,-0.15495409,-0.058144663,-0.15480459,-0.15859327,-0.19931981,-0.1978925,-0.13085915,-0.15535162,-0.12711628,-0.20043859,-0.11658599,-0.182019,-0.25032333,-0.1509206,-0.15535724,-0.15142563,-0.10844302,-0.18249588,-0.28454733,-0.15537602,-0.13105604,-0.15538752,-0.22338755,-0.15539053,-0.29867563,-0.15539059,-0.29356226,-0.13033056,-0.1552308,-0.13691942,-0.15538451,-0.23188588,-0.24781659,-0.1296162,-0.13106255,-0.24679694,-0.18279888,-0.25087595,-0.26027086,-0.28621647,-0.27511892,-0.11894142,-0.15529603,-0.040142577,-0.056944285,-0.15460503,-0.11274739,-0.13743341,-0.13094318,-0.15536705,-0.15865588,-0.15866078,-0.15866148,-0.27573854,-0.15534857,-0.13094337,-0.16243835,-0.12334165,-0.14074792,-0.15535331,-0.15887658,-0.14481027,-0.13103966,-0.18691605,-0.14998752,-0.15537742,-0.15863769,-0.15865001,-0.15858212,-0.120334074,-0.13700745,-0.08858878,-0.15537092,-0.19008024,-0.1553831,-0.2004665,-0.11139822,-0.1388583,-0.13027036,-0.1074974,-0.15152657,-0.15527824,-0.15834863,-0.10065024,-0.08152827,-0.09427856,-0.15533198,-0.11960925,-0.15027548,-0.16982608,-0.1185138,-0.1553505,-0.15865417,-0.17738779,-0.15176103,-0.15538624,-0.25953975,-0.17989698,-0.13525523,-0.15538317,-0.15095688,-0.17780018,-0.2009549,-0.15536207,-0.09015879,-0.1550638,-0.12151222,-0.121854745,-0.13997786,-0.21433522,-0.13908121,-0.16057305,-0.1553056,-0.07092635,-0.15470737,-0.15782954,-0.18733518,-0.15511313,-0.13093251,-0.12334781,-0.14100276,-0.15533918,-0.114095174,-0.25318068,-0.26654312,-0.13017267,-0.10945694,-0.15532947,-0.09238048,-0.20963459,-0.15538341,-0.15857221,-0.13044006,-0.15530661,-0.16015086,-0.1553517,-0.15538815,-0.19704957,-0.20616047,-0.12984361,-0.10460003,-0.11361031,-0.10256614,-0.15538004,-0.19495486,-0.15535498,-0.13036443,-0.1552144,-0.041086134,-0.12967405,-0.15538682,-0.2300741,-0.1553644,-0.10384405,-0.15386851,-0.0784167,-0.15523425,-0.12766197,-0.15525497,-0.121451,-0.075820275,-0.09192432,-0.101488546,-0.1551001,-0.15855867,-0.12378413,-0.15522687,-0.1410757,-0.13984437,-0.18093297,-0.15538944,-0.25777104,-0.12844054,-0.15529394,-0.13462572,-0.119081676,-0.15535766,-0.15865642,-0.15865819,-0.1586594,-0.19755594,-0.25103784,-0.20219928,-0.19465852,-0.24831252,-0.20506537,-0.22091979,-0.15537357,-0.1306512,-0.11956477,-0.15536803,-0.15865251,-0.20931396,-0.18224281,-0.15535921,-0.32474133,-0.1553874,-0.15866223,-0.15866107,-0.15866067,-0.2185038,-0.15535845,-0.114121355,-0.15536126,-0.15864617,-0.15865275,-0.22984435,-0.15538064,-0.15863432,-0.08963354,-0.15527236,-0.15860951,-0.15862884,-0.15862995,-0.13302092,-0.1051107,-0.14014931,-0.15141064,-0.15839578,-0.15615125,-0.14613561,-0.1553767,-0.12319561,-0.13101044,-0.15533888,-0.15866205,-0.15866154,-0.15866154,-0.15866208,-0.38518023,-0.11451449,-0.1553465,-0.15564899,-0.14443555,-0.16636807,-0.15538248,-0.15858129,-0.12993515,-0.047159404,-0.14913404,-0.14016809,-0.14106366,-0.1552293,-0.19987361,-0.1649412,-0.17166539,-0.15535885,-0.15861684,-0.12722544,-0.14610182,-0.2588673,-0.13081485,-0.15525293,-0.09132757,-0.12832497,-0.13684332,-0.16221203,-0.15659244,-0.13023907,-0.15511596,-0.15856183,-0.15861356,-0.15864936,-0.15740095,-0.19795567,-0.15106063,-0.07294749,-0.2039893,-0.15534742,-0.15861183,-0.104459345,-0.15502095,-0.17466888,-0.13176009,-0.15535468,-0.15109587,-0.10913184,-0.15518187,-0.05825615,-0.14326635,-0.17082691,-0.15529028,-0.18883844,-0.15538862,-0.31316653,-0.15537849,-0.16808087,-0.14331596,-0.15538043,-0.15865843,-0.25088155,-0.15538901,-0.22115314,-0.07562123,-0.086852394,-0.10702289,-0.060967896,-0.14835148,-0.16796505,-0.15746465,-0.22133875,-0.12812386,-0.0969081,-0.16398169,-0.12716047,-0.11335766,-0.18846886,-0.1310041,-0.17755464,-0.0994983,-0.115196005,-0.15529148,-0.11662802,-0.19749595,-0.14526704,-0.12781724,-0.096878245,-0.15529083,-0.15845168,-0.12434345,-0.11230643,-0.063823454,-0.15521726,-0.11419349,-0.10007019,-0.24483351,-0.15538955,-0.15864989,-0.16344379,-0.1759062,-0.12524253,-0.15537386,-0.0782174,-0.19187105,-0.18185812,-0.09859173,-0.11065883,-0.1550271,-0.15831739,-0.083404,-0.1213824,-0.13072303,-0.13855581,-0.19385117,-0.15535018,-0.15865505,-0.19487974,-0.23847799,-0.2432746,-0.13065988,-0.15517107,-0.15862468,-0.14520228,-0.2961179,-0.15538877,-0.19813283,-0.13090737,-0.155321,-0.060104962,-0.15931924,-0.15538691,-0.2028091,-0.2868003,-0.11816878,-0.14795661,-0.10060286,-0.15522185,-0.13614628,-0.20725825,-0.17393659,-0.125103,-0.15657571,-0.15690626,-0.1553854,-0.15865764,-0.16221246,-0.22200036,-0.13107859,-0.2814266,-0.15539,-0.1915083,-0.24371436,-0.16952515,-0.15530011,-0.13369927,-0.12557748,-0.15538208,-0.18106565,-0.15538973,-0.18642783,-0.1553309,-0.30462334,-0.15527162,-0.14691104,-0.13029914,-0.15537591,-0.15864441,-0.18915205,-0.1309954,-0.15538123,-0.10481856,-0.1650517,-0.155379,-0.15865982,-0.15862991,-0.13058965,-0.15527724,-0.15862383,-0.15861392,-0.15862638,-0.1586349,-0.16505513,-0.17392421,-0.15537415,-0.1586521,-0.15864132,-0.15865263,-0.2025511,-0.15354379,-0.14723541,-0.15432084,-0.11499533,-0.10471026,-0.11893196,-0.15537798,-0.15857929,-0.1309531,-0.19501048,-0.15538637,-0.18738703,-0.11705899,-0.17429145,-0.1553766,-0.06652963,-0.15511602,-0.10737923,-0.124497145,-0.15298569,-0.052188452,-0.26007295
k__Bacteria|p__Proteobacteria|c__Gammaproteobacteria|o__Pseudomonadales|f__Pseudomonadaceae|g__Pseudomonas|s__Pseudomonas_koreensis,-0.1004395,-0.12316422,-0.15536472,-0.15866807,-0.15866835,-0.23867357,-0.1666669,-0.16813041,-0.10929718,-0.22895765,-0.23728925,-0.15536945,-0.22850217,-0.3768707,-0.08556121,-0.15496306,-0.058144663,-0.1548378,-0.15860668,-0.19931981,-0.1978925,-0.13064522,-0.15533455,-0.12711628,-0.20043859,-0.11658599,-0.182019,-0.25032333,-0.1509206,-0.15533954,-0.15142563,-0.10844302,-0.18249588,-0.28454733,-0.15535644,-0.13083082,-0.1553671,-0.22338755,-0.15536982,-0.29867563,-0.1553699,-0.29356226,-0.1301384,-0.15522403,-0.13691942,-0.1553644,-0.23188588,-0.24781659,-0.1296162,-0.13083686,-0.24679694,-0.18279888,-0.25087595,-0.26027086,-0.28621647,-0.27511892,-0.11894142,-0.15528394,-0.040142577,-0.056944285,-0.15465605,-0.11274739,-0.13743341,-0.13072386,-0.1553484,-0.1586637,-0.15866812,-0.15866876,-0.27573854,-0.15533045,-0.13072488,-0.16243835,-0.12334165,-0.14074792,-0.15533614,-0.15887658,-0.14481027,-0.13081564,-0.18691605,-0.14998752,-0.15535796,-0.15864721,-0.15865831,-0.15859273,-0.120334074,-0.13700745,-0.08858878,-0.15535209,-0.19008024,-0.1553631,-0.2004665,-0.11139822,-0.1388583,-0.13027036,-0.1074974,-0.15152657,-0.15526812,-0.158351,-0.10065024,-0.08152827,-0.09427856,-0.15531678,-0.11960925,-0.15027548,-0.16982608,-0.1185138,-0.15533337,-0.15866213,-0.17738779,-0.15176103,-0.15536591,-0.25953975,-0.17989698,-0.13525523,-0.15536317,-0.15095688,-0.17780018,-0.2009549,-0.15534303,-0.09015879,-0.15507376,-0.12151222,-0.121854745,-0.13997786,-0.21433522,-0.13908121,-0.16057305,-0.15529282,-0.07092635,-0.15474394,-0.15790865,-0.18733518,-0.15511265,-0.13071053,-0.12334781,-0.14100276,-0.15532333,-0.114095174,-0.25318068,-0.26654312,-0.12996405,-0.10945694,-0.15531455,-0.09238048,-0.20963459,-0.15536338,-0.15858535,-0.13022393,-0.15529308,-0.16015086,-0.1553517,-0.15536767,-0.19704957,-0.20616047,-0.12966704,-0.10460003,-0.11361031,-0.10256614,-0.15536037,-0.19495486,-0.15533686,-0.13015024,-0.15520954,-0.041086134,-0.12967405,-0.15536645,-0.2300741,-0.1553458,-0.10384405,-0.15396324,-0.0784167,-0.15522711,-0.12766197,-0.15524676,-0.121451,-0.075820275,-0.09192432,-0.101488546,-0.15510565,-0.1585756,-0.12378413,-0.15520722,-0.1410757,-0.13984437,-0.18093297,-0.15536883,-0.25777104,-0.12844054,-0.15527934,-0.13462572,-0.119081676,-0.1553401,-0.15866417,-0.15866578,-0.15866686,-0.19755594,-0.25103784,-0.20219928,-0.19465852,-0.24831252,-0.20506537,-0.22091979,-0.15535423,-0.13042925,-0.11956477,-0.15534946,-0.15866064,-0.20931396,-0.18224281,-0.15534061,-0.32474133,-0.15536699,-0.15866943,-0.15866838,-0.15866801,-0.2185038,-0.1553399,-0.114121355,-0.15534316,-0.15865473,-0.15866083,-0.22984435,-0.15536088,-0.15864328,-0.08963354,-0.15526226,-0.15862183,-0.15863907,-0.15864031,-0.13302092,-0.1051107,-0.14014931,-0.15141064,-0.15839578,-0.15615125,-0.14613561,-0.15535736,-0.12319561,-0.13078868,-0.15532279,-0.15866926,-0.15866882,-0.15866882,-0.15866931,-0.38518023,-0.11451449,-0.15532991,-0.15564899,-0.14443555,-0.16636807,-0.15536252,-0.15859488,-0.12993515,-0.047159404,-0.1496564,-0.14016809,-0.14106366,-0.15522361,-0.19987361,-0.1649412,-0.17166539,-0.15534118,-0.15862857,-0.12722544,-0.14610182,-0.2588673,-0.13059503,-0.15524468,-0.09132757,-0.12832497,-0.13684332,-0.16221203,-0.15659244,-0.13001758,-0.1551188,-0.15857838,-0.15862536,-0.15865776,-0.15740095,-0.19795567,-0.15106063,-0.07294749,-0.2039893,-0.15533063,-0.1586239,-0.104459345,-0.15497604,-0.17466888,-0.13176009,-0.15533751,-0.15109587,-0.10913184,-0.15517864,-0.05825615,-0.14326635,-0.17082691,-0.15527883,-0.18883844,-0.15536809,-0.31316653,-0.15535876,-0.16808087,-0.14331596,-0.15536068,-0.15866598,-0.25088155,-0.15536843,-0.22115314,-0.07562123,-0.086852394,-0.10702289,-0.060967896,-0.14895676,-0.16796505,-0.15746465,-0.22133875,-0.12812386,-0.0969081,-0.16398169,-0.12716047,-0.11335766,-0.18846886,-0.13078187,-0.17755464,-0.0994983,-0.115196005,-0.1552799,-0.11662802,-0.19749595,-0.14526704,-0.12781724,-0.096878245,-0.15527967,-0.15847826,-0.12434345,-0.11230643,-0.063823454,-0.15521179,-0.11419349,-0.10007019,-0.24483351,-0.15536892,-0.15865803,-0.16344379,-0.1759062,-0.12524253,-0.15535477,-0.0782174,-0.19187105,-0.18185812,-0.09859173,-0.11065883,-0.15504006,-0.15835613,-0.083404,-0.1213824,-0.13072303,-0.13855581,-0.19385117,-0.15533307,-0.15866295,-0.19487974,-0.23847799,-0.2432746,-0.13045491,-0.15517047,-0.15863529,-0.14520228,-0.2961179,-0.15536824,-0.19813283,-0.13068911,-0.15530646,-0.060104962,-0.15931924,-0.15536654,-0.2028091,-0.2868003,-0.11816878,-0.14795661,-0.10060286,-0.15521632,-0.13614628,-0.20725825,-0.17393659,-0.125103,-0.15657571,-0.15690626,-0.15536517,-0.15866528,-0.16221246,-0.22200036,-0.13085149,-0.2814266,-0.15536934,-0.1915083,-0.24371436,-0.16952515,-0.15528455,-0.13369927,-0.12557748,-0.15536216,-0.18106565,-0.1553691,-0.18642783,-0.15531442,-0.30462334,-0.1552616,-0.14691104,-0.13029914,-0.15535659,-0.15865333,-0.18915205,-0.13077456,-0.15536141,-0.10481856,-0.1650517,-0.15535931,-0.15866724,-0.15863922,-0.13037217,-0.15526712,-0.15863445,-0.15862556,-0.15863681,-0.15864459,-0.16505513,-0.17392421,-0.15535493,-0.15866028,-0.1586505,-0.15866078,-0.2025511,-0.15354379,-0.14723541,-0.15439434,-0.11499533,-0.10471026,-0.11893196,-0.15535843,-0.15859155,-0.13073479,-0.19501048,-0.15536603,-0.18738703,-0.11705899,-0.17429145,-0.15535673,-0.06652963,-0.15511903,-0.10737923,-0.124497145,-0.15298569,-0.052188452,-0.26007295
k__Bacteria|p__Proteobacteria|c__Gammaproteobacteria|o__Enterobacterales|f__Enterobacteriaceae|g__Phytobacter|s__Phytobacter_massiliensis,-0.1004395,-0.12316422,-0.154891,-0.15818405,-0.15818432,-0.23867357,-0.1666669,-0.16813041,-0.10929718,-0.22895765,-0.23728925,-0.15489557,-0.22850217,-0.3768707,-0.08556121,-0.15450704,-0.058144663,-0.1543814,-0.15812476,-0.19931981,-0.1978925,-0.13025525,-0.15486182,-0.12711628,-0.20043859,-0.11658599,-0.182019,-0.25032333,-0.1509206,-0.15486668,-0.15142563,-0.10844302,-0.18249588,-0.28454733,-0.15488303,-0.13043368,-0.1548933,-0.22338755,-0.15489593,-0.29867563,-0.15489599,-0.29356226,-0.12978286,-0.15475523,-0.13691942,-0.15489066,-0.23188588,-0.24781659,-0.1296162,-0.13043937,-0.24679694,-0.18279888,-0.25087595,-0.26027086,-0.28621647,-0.27511892,-0.11894142,-0.15481293,-0.040142577,-0.056944285,-0.15420598,-0.11274739,-0.13743341,-0.13033096,-0.15487528,-0.15817982,-0.15818411,-0.1581847,-0.27573854,-0.15485856,-0.13033208,-0.16243835,-0.12334165,-0.14074792,-0.15486333,-0.15887658,-0.14481027,-0.13041876,-0.18691605,-0.14998752,-0.15488444,-0.15816388,-0.15817463,-0.15811229,-0.120334074,-0.13700745,-0.08858878,-0.15487877,-0.19008024,-0.15488942,-0.2004665,-0.11139822,-0.1388583,-0.13027036,-0.1074974,-0.15152657,-0.15479751,-0.15789106,-0.10065024,-0.08152827,-0.09427856,-0.15484463,-0.11960925,-0.15027548,-0.16982608,-0.1185138,-0.15486073,-0.1581783,-0.17738779,-0.15176103,-0.15489216,-0.25953975,-0.17989698,-0.13525523,-0.1548895,-0.15095688,-0.17780018,-0.2009549,-0.15487033,-0.09015879,-0.15460941,-0.12151222,-0.121854745,-0.13997786,-0.21433522,-0.13908121,-0.16057305,-0.15482147,-0.07092635,-0.15429313,-0.15745103,-0.18733518,-0.15464899,-0.13031986,-0.12334781,-0.14100276,-0.15485093,-0.114095174,-0.25318068,-0.26654312,-0.12961757,-0.10945694,-0.15484247,-0.09238048,-0.20963459,-0.1548897,-0.15810555,-0.12986799,-0.15482196,-0.16015086,-0.1553517,-0.15489385,-0.19704957,-0.20616047,-0.12933744,-0.10460003,-0.11361031,-0.10256614,-0.15488677,-0.19495486,-0.1548642,-0.12980036,-0.15474105,-0.041086134,-0.12967405,-0.15489265,-0.2300741,-0.1548728,-0.10384405,-0.15354516,-0.0784167,-0.15475836,-0.12766197,-0.15477702,-0.121451,-0.075820275,-0.09192432,-0.101488546,-0.15464053,-0.15809456,-0.12378413,-0.1547437,-0.1410757,-0.13984437,-0.18093297,-0.15489498,-0.25777104,-0.12844054,-0.15480986,-0.13462572,-0.119081676,-0.1548672,-0.15818027,-0.15818185,-0.15818289,-0.19755594,-0.25103784,-0.20219928,-0.19465852,-0.24831252,-0.20506537,-0.22091979,-0.15488094,-0.13005808,-0.11956477,-0.15487626,-0.15817685,-0.20931396,-0.18224281,-0.15486813,-0.32474133,-0.15489319,-0.15818536,-0.15818435,-0.15818399,-0.2185038,-0.15486732,-0.114121355,-0.1548702,-0.15817119,-0.15817706,-0.22984435,-0.15488729,-0.1581606,-0.08963354,-0.15479204,-0.15813929,-0.15815605,-0.15815715,-0.13302092,-0.1051107,-0.14014931,-0.15141064,-0.15839578,-0.15615125,-0.14613561,-0.15488386,-0.12319561,-0.13039319,-0.1548505,-0.15818521,-0.15818477,-0.15818477,-0.15818524,-0.38518023,-0.11451449,-0.15485734,-0.15564899,-0.14443555,-0.16636807,-0.15488887,-0.15811372,-0.12993515,-0.047159404,-0.14938074,-0.14016809,-0.14106366,-0.15475455,-0.19987361,-0.1649412,-0.17166539,-0.1548682,-0.15814579,-0.12722544,-0.14610182,-0.2588673,-0.13020818,-0.15477493,-0.09132757,-0.12832497,-0.13684332,-0.16221203,-0.15659244,-0.12968336,-0.1546537,-0.1580973,-0.15814275,-0.1581741,-0.15740095,-0.19795567,-0.15106063,-0.07294749,-0.2039893,-0.15485805,-0.15814131,-0.104459345,-0.15454292,-0.17466888,-0.13176009,-0.15486464,-0.15109587,-0.10913184,-0.15471187,-0.05825615,-0.14326635,-0.17082691,-0.15480798,-0.18883844,-0.15489423,-0.31316653,-0.15488526,-0.16808087,-0.14331596,-0.1548871,-0.15818202,-0.25088155,-0.15489459,-0.22115314,-0.07562123,-0.086852394,-0.10702289,-0.060967896,-0.14870034,-0.16796505,-0.15746465,-0.22133875,-0.12812386,-0.0969081,-0.16398169,-0.12716047,-0.11335766,-0.18846886,-0.13038678,-0.17755464,-0.0994983,-0.115196005,-0.15480898,-0.11662802,-0.19749595,-0.14526704,-0.12781724,-0.096878245,-0.15480867,-0.1580005,-0.12434345,-0.11230643,-0.063823454,-0.15474334,-0.11419349,-0.10007019,-0.24483351,-0.15489507,-0.15817443,-0.16344379,-0.1759062,-0.12524253,-0.15488136,-0.0782174,-0.19187105,-0.18185812,-0.09859173,-0.11065883,-0.15457708,-0.15788254,-0.083404,-0.1213824,-0.13072303,-0.13855581,-0.19385117,-0.15486047,-0.15817909,-0.19487974,-0.23847799,-0.2432746,-0.13008243,-0.15470329,-0.15815239,-0.14520228,-0.2961179,-0.15489438,-0.19813283,-0.13029727,-0.15483472,-0.060104962,-0.15931924,-0.15489274,-0.2028091,-0.2868003,-0.11816878,-0.14795661,-0.10060286,-0.1547476,-0.13614628,-0.20725825,-0.17393659,-0.125103,-0.15657571,-0.15690626,-0.15489143,-0.15818134,-0.16221246,-0.22200036,-0.13045353,-0.2814266,-0.15489545,-0.1915083,-0.24371436,-0.16952515,-0.15481505,-0.13369927,-0.12557748,-0.15488851,-0.18106565,-0.15489523,-0.18642783,-0.15484288,-0.30462334,-0.15479138,-0.14691104,-0.13029914,-0.15488312,-0.1581698,-0.18915205,-0.13037926,-0.1548878,-0.10481856,-0.1650517,-0.15488577,-0.15818325,-0.15815641,-0.13000734,-0.15479657,-0.1581516,-0.15814295,-0.15815386,-0.15816139,-0.16505513,-0.17392421,-0.15488154,-0.15817651,-0.15816706,-0.15817699,-0.2025511,-0.15354379,-0.14723541,-0.15395385,-0.11499533,-0.10471026,-0.11893196,-0.15488493,-0.15811121,-0.13034128,-0.19501048,-0.15489227,-0.18738703,-0.11705899,-0.17429145,-0.15488341,-0.06652963,-0.15465382,-0.10737923,-0.124497145,-0.15298569,-0.052188452,-0.26007295
k__Bacteria|p__Proteobacteria|c__Gammaproteobacteria|o__Enterobacterales|f__Erwiniaceae|g__Pantoea|s__Pantoea_sp_PSNIH6,-0.1004395,-0.12316422,-0.15532237,-0.15858394,-0.15858418,-0.23867357,-0.1666669,-0.16813041,-0.10929718,-0.22895765,-0.23728925,-0.1553263,-0.22850217,-0.3768707,-0.08556121,-0.15499079,-0.058144663,-0.15488018,-0.15853293,-0.19931981,-0.1978925,-0.1309355,-0.15529713,-0.12711628,-0.20043859,-0.11658599,-0.182019,-0.25032333,-0.1509206,-0.15530145,-0.15142563,-0.10844302,-0.18249588,-0.28454733,-0.15531525,-0.13109776,-0.15532431,-0.22338755,-0.15532658,-0.29867563,-0.15532666,-0.29356226,-0.1304853,-0.15520589,-0.13691942,-0.15532205,-0.23188588,-0.24781659,-0.1296162,-0.13110298,-0.24679694,-0.18279888,-0.25087595,-0.26027086,-0.28621647,-0.27511892,-0.11894142,-0.15525475,-0.040142577,-0.056944285,-0.15473422,-0.11274739,-0.13743341,-0.13100569,-0.15530887,-0.1585803,-0.15858398,-0.1585845,-0.27573854,-0.15529415,-0.13100547,-0.16243835,-0.12334165,-0.14074792,-0.15529847,-0.15887658,-0.14481027,-0.13108426,-0.18691605,-0.14998752,-0.15531668,-0.1585665,-0.15857586,-0.15852223,-0.120334074,-0.13700745,-0.08858878,-0.1553118,-0.19008024,-0.15532097,-0.2004665,-0.11139822,-0.1388583,-0.13027036,-0.1074974,-0.15152657,-0.15524149,-0.158322,-0.10065024,-0.08152827,-0.09427856,-0.15528223,-0.11960925,-0.15027548,-0.16982608,-0.1185138,-0.15529637,-0.15857899,-0.17738779,-0.15176103,-0.15532336,-0.25953975,-0.17989698,-0.13525523,-0.15532102,-0.15095688,-0.17780018,-0.2009549,-0.15530457,-0.09015879,-0.15507826,-0.12151222,-0.121854745,-0.13997786,-0.21433522,-0.13908121,-0.16057305,-0.15526219,-0.07092635,-0.15480594,-0.15795773,-0.18733518,-0.15511638,-0.13099238,-0.12334781,-0.14100276,-0.15528777,-0.114095174,-0.25318068,-0.26654312,-0.13033147,-0.10945694,-0.15528032,-0.09238048,-0.20963459,-0.15532123,-0.15851691,-0.13056457,-0.15526314,-0.16015086,-0.1553517,-0.15532479,-0.19704957,-0.20616047,-0.13006264,-0.10460003,-0.11361031,-0.10256614,-0.15531865,-0.19495486,-0.15529901,-0.1305025,-0.15519282,-0.041086134,-0.12967405,-0.1553238,-0.2300741,-0.15530664,-0.10384405,-0.15416202,-0.0784167,-0.15520835,-0.12766197,-0.15522388,-0.121451,-0.075820275,-0.09192432,-0.101488546,-0.15510547,-0.15850651,-0.12378413,-0.15519205,-0.1410757,-0.13984437,-0.18093297,-0.15532579,-0.25777104,-0.12844054,-0.15525082,-0.13462572,-0.119081676,-0.15530169,-0.1585807,-0.15858203,-0.15858294,-0.19755594,-0.25103784,-0.20219928,-0.19465852,-0.24831252,-0.20506537,-0.22091979,-0.15531367,-0.1307477,-0.11956477,-0.15530956,-0.15857774,-0.20931396,-0.18224281,-0.15530229,-0.32474133,-0.15532424,-0.1585851,-0.1585842,-0.15858391,-0.2185038,-0.1553018,-0.114121355,-0.15530457,-0.15857297,-0.15857793,-0.22984435,-0.15531912,-0.15856355,-0.08963354,-0.15523715,-0.15854512,-0.15855989,-0.15856062,-0.13302092,-0.1051107,-0.14014931,-0.15141064,-0.15839578,-0.15615125,-0.14613561,-0.15531614,-0.12319561,-0.13106246,-0.15528768,-0.15858495,-0.15858458,-0.15858458,-0.15858495,-0.38518023,-0.11451449,-0.15529335,-0.15564899,-0.14443555,-0.16636807,-0.15532055,-0.1585238,-0.12993515,-0.047159404,-0.15061927,-0.14016809,-0.14106366,-0.15520492,-0.19987361,-0.1649412,-0.17166539,-0.1553026,-0.15855068,-0.12722544,-0.14610182,-0.2588673,-0.13089122,-0.15522183,-0.09132757,-0.12832497,-0.13684332,-0.16221203,-0.15659244,-0.13037208,-0.15511802,-0.15850893,-0.15854819,-0.15857534,-0.15740095,-0.19795567,-0.15106063,-0.07294749,-0.2039893,-0.155294,-0.15854684,-0.104459345,-0.1549756,-0.17466888,-0.13176009,-0.15529947,-0.15109587,-0.10913184,-0.15516746,-0.05825615,-0.14326635,-0.17082691,-0.15525086,-0.18883844,-0.15532514,-0.31316653,-0.15531749,-0.16808087,-0.14331596,-0.15531895,-0.15858223,-0.25088155,-0.15532546,-0.22115314,-0.07562123,-0.086852394,-0.10702289,-0.060967896,-0.1500246,-0.16796505,-0.15746465,-0.22133875,-0.12812386,-0.0969081,-0.16398169,-0.12716047,-0.11335766,-0.18846886,-0.13105573,-0.17755464,-0.0994983,-0.115196005,-0.15525167,-0.11662802,-0.19749595,-0.14526704,-0.12781724,-0.096878245,-0.15525088,-0.15842524,-0.12434345,-0.11230643,-0.063823454,-0.15519495,-0.11419349,-0.10007019,-0.24483351,-0.15532587,-0.1585757,-0.16344379,-0.1759062,-0.12524253,-0.155314,-0.0782174,-0.19187105,-0.18185812,-0.09859173,-0.11065883,-0.1550506,-0.1583235,-0.083404,-0.1213824,-0.13072303,-0.13855581,-0.19385117,-0.15529615,-0.15857965,-0.19487974,-0.23847799,-0.2432746,-0.13077731,-0.15516013,-0.1585567,-0.14520228,-0.2961179,-0.15532526,-0.19813283,-0.13097446,-0.1552739,-0.060104962,-0.15931924,-0.15532388,-0.2028091,-0.2868003,-0.11816878,-0.14795661,-0.10060286,-0.15519905,-0.13614628,-0.20725825,-0.17393659,-0.125103,-0.15657571,-0.15690626,-0.15532275,-0.1585816,-0.16221246,-0.22200036,-0.13111545,-0.2814266,-0.1553262,-0.1915083,-0.24371436,-0.16952515,-0.15525642,-0.13369927,-0.12557748,-0.15532021,-0.18106565,-0.15532601,-0.18642783,-0.15528089,-0.30462334,-0.15523696,-0.14691104,-0.13029914,-0.15531555,-0.15857163,-0.18915205,-0.13104904,-0.15531954,-0.10481856,-0.1650517,-0.15531787,-0.15858325,-0.15856038,-0.13071007,-0.15524065,-0.15855612,-0.15854853,-0.15855801,-0.15856439,-0.16505513,-0.17392421,-0.15531424,-0.15857741,-0.15856934,-0.15857783,-0.2025511,-0.15354379,-0.14723541,-0.15452111,-0.11499533,-0.10471026,-0.11893196,-0.15531713,-0.15852118,-0.13101497,-0.19501048,-0.15532346,-0.18738703,-0.11705899,-0.17429145,-0.15531574,-0.06652963,-0.15511724,-0.10737923,-0.124497145,-0.15298569,-0.052188452,-0.26007295
k__Bacteria|p__Proteobacteria|c__Gammaproteobacteria|o__Enterobacterales|f__Erwiniaceae|g__Pantoea|s__Pantoea_brenneri,-0.1004395,-0.12316422,-0.15510634,-0.15847701,-0.1584773,-0.23867357,-0.1666669,-0.16813041,-0.10929718,-0.22895765,-0.23728925,-0.15511124,-0.22850217,-0.3768707,-0.08556121,-0.15469658,-0.058144663,-0.15455869,-0.15841338,-0.19931981,-0.1978925,-0.12988938,-0.15507498,-0.12711628,-0.20043859,-0.11658599,-0.182019,-0.25032333,-0.1509206,-0.15508026,-0.15142563,-0.10844302,-0.18249588,-0.28454733,-0.15509802,-0.1300728,-0.15510876,-0.22338755,-0.15511161,-0.29867563,-0.15511167,-0.29356226,-0.12939203,-0.15496108,-0.13691942,-0.15510593,-0.23188588,-0.24781659,-0.1296162,-0.13007891,-0.24679694,-0.18279888,-0.25087595,-0.26027086,-0.28621647,-0.27511892,-0.11894142,-0.15502268,-0.040142577,-0.056944285,-0.15437119,-0.11274739,-0.13743341,-0.1299675,-0.1550895,-0.15847246,-0.15847707,-0.15847772,-0.27573854,-0.1550723,-0.12996742,-0.16243835,-0.12334165,-0.14074792,-0.15507656,-0.15887658,-0.14481027,-0.13005759,-0.18691605,-0.14998752,-0.15509927,-0.15845531,-0.15846692,-0.15840241,-0.120334074,-0.13700745,-0.08858878,-0.15509316,-0.19008024,-0.1551046,-0.2004665,-0.11139822,-0.1388583,-0.13027036,-0.1074974,-0.15152657,-0.15500592,-0.15817827,-0.10065024,-0.08152827,-0.09427856,-0.15505652,-0.11960925,-0.15027548,-0.16982608,-0.1185138,-0.1550739,-0.15847084,-0.17738779,-0.15176103,-0.15510756,-0.25953975,-0.17989698,-0.13525523,-0.15510468,-0.15095688,-0.17780018,-0.2009549,-0.1550848,-0.09015879,-0.15480395,-0.12151222,-0.121854745,-0.13997786,-0.21433522,-0.13908121,-0.16057305,-0.15503165,-0.07092635,-0.15446568,-0.15769273,-0.18733518,-0.15484917,-0.12995806,-0.12334781,-0.14100276,-0.15506327,-0.114095174,-0.25318068,-0.26654312,-0.12924887,-0.10945694,-0.15505412,-0.09238048,-0.20963459,-0.1551049,-0.15839383,-0.12949769,-0.15503241,-0.16015086,-0.1553517,-0.15510938,-0.19704957,-0.20616047,-0.12894808,-0.10460003,-0.11361031,-0.10256614,-0.15510175,-0.19495486,-0.15507817,-0.12943691,-0.15494543,-0.041086134,-0.12967405,-0.15510812,-0.2300741,-0.15508716,-0.10384405,-0.1536681,-0.0784167,-0.15496421,-0.12766197,-0.15498397,-0.121451,-0.075820275,-0.09192432,-0.101488546,-0.15483817,-0.1583809,-0.12378413,-0.15495338,-0.1410757,-0.13984437,-0.18093297,-0.1551106,-0.25777104,-0.12844054,-0.15502118,-0.13462572,-0.119081676,-0.15508069,-0.15847296,-0.15847462,-0.15847576,-0.19755594,-0.25103784,-0.20219928,-0.19465852,-0.24831252,-0.20506537,-0.22091979,-0.15509568,-0.1296976,-0.11956477,-0.15509044,-0.15846926,-0.20931396,-0.18224281,-0.15508217,-0.32474133,-0.15510866,-0.15847842,-0.15847734,-0.15847695,-0.2185038,-0.15508147,-0.114121355,-0.15508404,-0.15846327,-0.1584695,-0.22984435,-0.15510231,-0.15845233,-0.08963354,-0.15500033,-0.15842882,-0.15844697,-0.15844806,-0.13302092,-0.1051107,-0.14014931,-0.15141064,-0.15839578,-0.15615125,-0.14613561,-0.1550986,-0.12319561,-0.13003017,-0.15506293,-0.15847826,-0.15847777,-0.15847778,-0.15847829,-0.38518023,-0.11451449,-0.15507016,-0.15564899,-0.14443555,-0.16636807,-0.15510404,-0.15840217,-0.12993515,-0.047159404,-0.14920378,-0.14016809,-0.14106366,-0.15495972,-0.19987361,-0.1649412,-0.17166539,-0.15508181,-0.15843576,-0.12722544,-0.14610182,-0.2588673,-0.12984747,-0.15498208,-0.09132757,-0.12832497,-0.13684332,-0.16221203,-0.15659244,-0.12931003,-0.1548529,-0.1583839,-0.1584326,-0.15846631,-0.15740095,-0.19795567,-0.15106063,-0.07294749,-0.2039893,-0.15507099,-0.15843102,-0.104459345,-0.15476023,-0.17466888,-0.13176009,-0.15507789,-0.15109587,-0.10913184,-0.15491506,-0.05825615,-0.14326635,-0.17082691,-0.15501717,-0.18883844,-0.15510982,-0.31316653,-0.15510026,-0.16808087,-0.14331596,-0.1551021,-0.15847485,-0.25088155,-0.15511018,-0.22115314,-0.07562123,-0.086852394,-0.10702289,-0.060967896,-0.14847293,-0.16796505,-0.15746465,-0.22133875,-0.12812386,-0.0969081,-0.16398169,-0.12716047,-0.11335766,-0.18846886,-0.13002431,-0.17755464,-0.0994983,-0.115196005,-0.1550183,-0.11662802,-0.19749595,-0.14526704,-0.12781724,-0.096878245,-0.15501781,-0.15828027,-0.12434345,-0.11230643,-0.063823454,-0.15494826,-0.11419349,-0.10007019,-0.24483351,-0.15511069,-0.15846685,-0.16344379,-0.1759062,-0.12524253,-0.15509593,-0.0782174,-0.19187105,-0.18185812,-0.09859173,-0.11065883,-0.15476927,-0.15815347,-0.083404,-0.1213824,-0.13072303,-0.13855581,-0.19385117,-0.1550736,-0.15847166,-0.19487974,-0.23847799,-0.2432746,-0.12970367,-0.15490493,-0.15844302,-0.14520228,-0.2961179,-0.15510994,-0.19813283,-0.1299344,-0.1550461,-0.060104962,-0.15931924,-0.1551082,-0.2028091,-0.2868003,-0.11816878,-0.14795661,-0.10060286,-0.1549527,-0.13614628,-0.20725825,-0.17393659,-0.125103,-0.15657571,-0.15690626,-0.15510678,-0.1584741,-0.16221246,-0.22200036,-0.13009393,-0.2814266,-0.1551111,-0.1915083,-0.24371436,-0.16952515,-0.15502664,-0.13369927,-0.12557748,-0.15510365,-0.18106565,-0.15511087,-0.18642783,-0.15505558,-0.30462334,-0.15499952,-0.14691104,-0.13029914,-0.15509787,-0.15846166,-0.18915205,-0.13001612,-0.15510288,-0.10481856,-0.1650517,-0.15510073,-0.15847614,-0.15844803,-0.1296386,-0.15500495,-0.15844223,-0.1584329,-0.15844464,-0.1584527,-0.16505513,-0.17392421,-0.15509619,-0.15846887,-0.15845874,-0.15846941,-0.2025511,-0.15354379,-0.14723541,-0.15410271,-0.11499533,-0.10471026,-0.11893196,-0.15509981,-0.15840006,-0.12997612,-0.19501048,-0.15510769,-0.18738703,-0.11705899,-0.17429145,-0.15509854,-0.06652963,-0.15485251,-0.10737923,-0.124497145,-0.15298569,-0.052188452,-0.26007295
k__Bacteria|p__Proteobacteria|c__Gammaproteobacteria|o__Enterobacterales|f__Enterobacteriaceae|g__Kluyvera|s__Kluyvera_intermedia,-0.1004395,-0.12316422,-0.15527976,-0.15858534,-0.15858564,-0.23867357,-0.1666669,-0.16813041,-0.10929718,-0.22895765,-0.23728925,-0.15528479,-0.22850217,-0.3768707,-0.08556121,-0.15485567,-0.058144663,-0.15471968,-0.15852013,-0.19931981,-0.1978925,-0.13053331,-0.15524766,-0.12711628,-0.20043859,-0.11658599,-0.182019,-0.25032333,-0.1509206,-0.15525293,-0.15142563,-0.10844302,-0.18249588,-0.28454733,-0.15527086,-0.13072968,-0.15528226,-0.22338755,-0.15528516,-0.29867563,-0.15528524,-0.29356226,-0.13000903,-0.15513006,-0.13691942,-0.15527938,-0.23188588,-0.24781659,-0.1296162,-0.13073587,-0.24679694,-0.18279888,-0.25087595,-0.26027086,-0.28621647,-0.27511892,-0.11894142,-0.15519394,-0.040142577,-0.056944285,-0.15452549,-0.11274739,-0.13743341,-0.13061693,-0.15526244,-0.15858069,-0.15858538,-0.15858606,-0.27573854,-0.15524392,-0.13061786,-0.16243835,-0.12334165,-0.14074792,-0.1552493,-0.15887658,-0.14481027,-0.1307133,-0.18691605,-0.14998752,-0.15527254,-0.15856314,-0.15857497,-0.15850598,-0.120334074,-0.13700745,-0.08858878,-0.15526628,-0.19008024,-0.15527803,-0.2004665,-0.11139822,-0.1388583,-0.13027036,-0.1074974,-0.15152657,-0.15517692,-0.1582587,-0.10065024,-0.08152827,-0.09427856,-0.15522876,-0.11960925,-0.15027548,-0.16982608,-0.1185138,-0.15524644,-0.15857899,-0.17738779,-0.15176103,-0.15528102,-0.25953975,-0.17989698,-0.13525523,-0.15527809,-0.15095688,-0.17780018,-0.2009549,-0.15525675,-0.09015879,-0.15497026,-0.12151222,-0.121854745,-0.13997786,-0.21433522,-0.13908121,-0.16057305,-0.15520334,-0.07092635,-0.15462151,-0.15777743,-0.18733518,-0.15501264,-0.1306048,-0.12334781,-0.14100276,-0.15523574,-0.114095174,-0.25318068,-0.26654312,-0.12983347,-0.10945694,-0.1552264,-0.09238048,-0.20963459,-0.15527831,-0.1584982,-0.13010864,-0.15520377,-0.16015086,-0.1553517,-0.15528288,-0.19704957,-0.20616047,-0.12952806,-0.10460003,-0.11361031,-0.10256614,-0.1552751,-0.19495486,-0.15525007,-0.13002914,-0.15511477,-0.041086134,-0.12967405,-0.15528157,-0.2300741,-0.15525958,-0.10384405,-0.15379909,-0.0784167,-0.1551339,-0.12766197,-0.15515438,-0.121451,-0.075820275,-0.09192432,-0.101488546,-0.15500441,-0.15848696,-0.12378413,-0.15511689,-0.1410757,-0.13984437,-0.18093297,-0.15528412,-0.25777104,-0.12844054,-0.15519032,-0.13462572,-0.119081676,-0.15525362,-0.15858117,-0.1585829,-0.15858406,-0.19755594,-0.25103784,-0.20219928,-0.19465852,-0.24831252,-0.20506537,-0.22091979,-0.15526865,-0.13031715,-0.11956477,-0.15526353,-0.1585774,-0.20931396,-0.18224281,-0.15525447,-0.32474133,-0.15528217,-0.15858679,-0.15858567,-0.15858528,-0.2185038,-0.15525383,-0.114121355,-0.15525687,-0.15857115,-0.15857764,-0.22984435,-0.15527569,-0.15855959,-0.08963354,-0.15517095,-0.15853617,-0.1585545,-0.15855578,-0.13302092,-0.1051107,-0.14014931,-0.15141064,-0.15839578,-0.15615125,-0.14613561,-0.15527192,-0.12319561,-0.13068506,-0.15523514,-0.15858659,-0.15858611,-0.15858613,-0.15858665,-0.38518023,-0.11451449,-0.15524271,-0.15564899,-0.14443555,-0.16636807,-0.1552774,-0.15850767,-0.12993515,-0.047159404,-0.14920585,-0.14016809,-0.14106366,-0.15512957,-0.19987361,-0.1649412,-0.17166539,-0.15525469,-0.15854329,-0.12722544,-0.14610182,-0.2588673,-0.13048239,-0.15515211,-0.09132757,-0.12832497,-0.13684332,-0.16221203,-0.15659244,-0.12990582,-0.1550189,-0.15848997,-0.15853994,-0.15857437,-0.15740095,-0.19795567,-0.15106063,-0.07294749,-0.2039893,-0.15524349,-0.1585384,-0.104459345,-0.1548899,-0.17466888,-0.13176009,-0.1552508,-0.15109587,-0.10913184,-0.15508229,-0.05825615,-0.14326635,-0.17082691,-0.1551884,-0.18883844,-0.15528332,-0.31316653,-0.15527344,-0.16808087,-0.14331596,-0.15527545,-0.1585831,-0.25088155,-0.1552837,-0.22115314,-0.07562123,-0.086852394,-0.10702289,-0.060967896,-0.14846008,-0.16796505,-0.15746465,-0.22133875,-0.12812386,-0.0969081,-0.16398169,-0.12716047,-0.11335766,-0.18846886,-0.13067798,-0.17755464,-0.0994983,-0.115196005,-0.15518951,-0.11662802,-0.19749595,-0.14526704,-0.12781724,-0.096878245,-0.1551893,-0.15838346,-0.12434345,-0.11230643,-0.063823454,-0.15511742,-0.11419349,-0.10007019,-0.24483351,-0.15528424,-0.15857464,-0.16344379,-0.1759062,-0.12524253,-0.15526915,-0.0782174,-0.19187105,-0.18185812,-0.09859173,-0.11065883,-0.15493442,-0.15825355,-0.083404,-0.1213824,-0.13072303,-0.13855581,-0.19385117,-0.15524614,-0.15857987,-0.19487974,-0.23847799,-0.2432746,-0.13034263,-0.1550732,-0.15855047,-0.14520228,-0.2961179,-0.15528348,-0.19813283,-0.13058017,-0.1552178,-0.060104962,-0.15931924,-0.15528166,-0.2028091,-0.2868003,-0.11816878,-0.14795661,-0.10060286,-0.15512188,-0.13614628,-0.20725825,-0.17393659,-0.125103,-0.15657571,-0.15690626,-0.15528023,-0.15858237,-0.16221246,-0.22200036,-0.13075145,-0.2814266,-0.15528467,-0.1915083,-0.24371436,-0.16952515,-0.1551955,-0.13369927,-0.12557748,-0.15527701,-0.18106565,-0.1552844,-0.18642783,-0.15522656,-0.30462334,-0.15517002,-0.14691104,-0.13029914,-0.15527108,-0.15856965,-0.18915205,-0.13066979,-0.15527621,-0.10481856,-0.1650517,-0.15527399,-0.15858445,-0.1585547,-0.13026166,-0.15517592,-0.15854958,-0.15854014,-0.15855208,-0.15856043,-0.16505513,-0.17392421,-0.15526932,-0.15857702,-0.15856662,-0.15857758,-0.2025511,-0.15354379,-0.14723541,-0.15424708,-0.11499533,-0.10471026,-0.11893196,-0.15527308,-0.15850481,-0.1306282,-0.19501048,-0.15528114,-0.18738703,-0.11705899,-0.17429145,-0.15527129,-0.06652963,-0.15501876,-0.10737923,-0.124497145,-0.15298569,-0.052188452,-0.26007295
k__Bacteria|p__Proteobacteria|c__Gammaproteobacteria|o__Enterobacterales|f__Enterobacteriaceae|g__Kosakonia|s__Kosakonia_oryzendophytica,-0.1004395,-0.12316422,-0.15546736,-0.15881959,-0.15881987,-0.23867357,-0.1666669,-0.16813041,-0.10929718,-0.22895765,-0.23728925,-0.15547226,-0.22850217,-0.3768707,-0.08556121,-0.15506178,-0.058144663,-0.15492573,-0.158756,-0.19931981,-0.1978925,-0.13038701,-0.15543617,-0.12711628,-0.20043859,-0.11658599,-0.182019,-0.25032333,-0.1509206,-0.1554412,-0.15142563,-0.10844302,-0.18249588,-0.28454733,-0.15545896,-0.13057108,-0.1554698,-0.22338755,-0.15547264,-0.29867563,-0.15547271,-0.29356226,-0.12990165,-0.15532148,-0.13691942,-0.155467,-0.23188588,-0.24781659,-0.1296162,-0.130577,-0.24679694,-0.18279888,-0.25087595,-0.26027086,-0.28621647,-0.27511892,-0.11894142,-0.15538403,-0.040142577,-0.056944285,-0.15473096,-0.11274739,-0.13743341,-0.13046488,-0.15545042,-0.15881507,-0.15881965,-0.1588203,-0.27573854,-0.15543267,-0.13046555,-0.16243835,-0.12334165,-0.14074792,-0.15543774,-0.15887658,-0.14481027,-0.13055596,-0.18691605,-0.14998752,-0.15546033,-0.15879795,-0.15880944,-0.15874368,-0.120334074,-0.13700745,-0.08858878,-0.15545428,-0.19008024,-0.15546568,-0.2004665,-0.11139822,-0.1388583,-0.13027036,-0.1074974,-0.15152657,-0.15536743,-0.15851986,-0.10065024,-0.08152827,-0.09427856,-0.15541783,-0.11960925,-0.15027548,-0.16982608,-0.1185138,-0.15543482,-0.15881345,-0.17738779,-0.15176103,-0.15546858,-0.25953975,-0.17989698,-0.13525523,-0.15546575,-0.15095688,-0.17780018,-0.2009549,-0.1554452,-0.09015879,-0.15516724,-0.12151222,-0.121854745,-0.13997786,-0.21433522,-0.13908121,-0.16057305,-0.15539314,-0.07092635,-0.15482944,-0.15802896,-0.18733518,-0.15520617,-0.13045731,-0.12334781,-0.14100276,-0.1554245,-0.114095174,-0.25318068,-0.26654312,-0.12974149,-0.10945694,-0.15541549,-0.09238048,-0.20963459,-0.15546596,-0.158734,-0.1299934,-0.15539342,-0.16015086,-0.1553517,-0.1554704,-0.19704957,-0.20616047,-0.12944767,-0.10460003,-0.11361031,-0.10256614,-0.15546286,-0.19495486,-0.15543894,-0.12992345,-0.1553075,-0.041086134,-0.12967405,-0.15546912,-0.2300741,-0.15544781,-0.10384405,-0.15403992,-0.0784167,-0.15532541,-0.12766197,-0.15534556,-0.121451,-0.075820275,-0.09192432,-0.101488546,-0.15520057,-0.15872411,-0.12378413,-0.15531573,-0.1410757,-0.13984437,-0.18093297,-0.15547162,-0.25777104,-0.12844054,-0.1553809,-0.13462572,-0.119081676,-0.15544197,-0.15881555,-0.1588172,-0.15881833,-0.19755594,-0.25103784,-0.20219928,-0.19465852,-0.24831252,-0.20506537,-0.22091979,-0.15545651,-0.13018794,-0.11956477,-0.15545161,-0.15881187,-0.20931396,-0.18224281,-0.15544304,-0.32474133,-0.15546972,-0.15882102,-0.15881991,-0.15881953,-0.2185038,-0.15544213,-0.114121355,-0.15544492,-0.15880567,-0.15881208,-0.22984435,-0.15546341,-0.15879452,-0.08963354,-0.15536147,-0.15877184,-0.15878949,-0.15879095,-0.13302092,-0.1051107,-0.14014931,-0.15141064,-0.15839578,-0.15615125,-0.14613561,-0.15545976,-0.12319561,-0.13052824,-0.1554237,-0.15882082,-0.15882036,-0.15882036,-0.15882087,-0.38518023,-0.11451449,-0.15543126,-0.15564899,-0.14443555,-0.16636807,-0.15546504,-0.15874358,-0.12993515,-0.047159404,-0.14952648,-0.14016809,-0.14106366,-0.15532088,-0.19987361,-0.1649412,-0.17166539,-0.15544298,-0.15877882,-0.12722544,-0.14610182,-0.2588673,-0.13034233,-0.1553437,-0.09132757,-0.12832497,-0.13684332,-0.16221203,-0.15659244,-0.12980324,-0.15521358,-0.15872684,-0.15877545,-0.15880895,-0.15740095,-0.19795567,-0.15106063,-0.07294749,-0.2039893,-0.15543197,-0.15877402,-0.104459345,-0.15511224,-0.17466888,-0.13176009,-0.15543926,-0.15109587,-0.10913184,-0.15527639,-0.05825615,-0.14326635,-0.17082691,-0.15537828,-0.18883844,-0.15547082,-0.31316653,-0.15546112,-0.16808087,-0.14331596,-0.15546319,-0.1588174,-0.25088155,-0.1554712,-0.22115314,-0.07562123,-0.086852394,-0.10702289,-0.060967896,-0.1487984,-0.16796505,-0.15746465,-0.22133875,-0.12812386,-0.0969081,-0.16398169,-0.12716047,-0.11335766,-0.18846886,-0.13052231,-0.17755464,-0.0994983,-0.115196005,-0.15537952,-0.11662802,-0.19749595,-0.14526704,-0.12781724,-0.096878245,-0.15537965,-0.1586236,-0.12434345,-0.11230643,-0.063823454,-0.15530998,-0.11419349,-0.10007019,-0.24483351,-0.15547173,-0.15880919,-0.16344379,-0.1759062,-0.12524253,-0.15545705,-0.0782174,-0.19187105,-0.18185812,-0.09859173,-0.11065883,-0.15513226,-0.15849742,-0.083404,-0.1213824,-0.13072303,-0.13855581,-0.19385117,-0.15543449,-0.15881427,-0.19487974,-0.23847799,-0.2432746,-0.13019928,-0.1552667,-0.15878558,-0.14520228,-0.2961179,-0.155471,-0.19813283,-0.1304314,-0.15540704,-0.060104962,-0.15931924,-0.15546921,-0.2028091,-0.2868003,-0.11816878,-0.14795661,-0.10060286,-0.15531357,-0.13614628,-0.20725825,-0.17393659,-0.125103,-0.15657571,-0.15690626,-0.15546781,-0.1588167,-0.16221246,-0.22200036,-0.13059199,-0.2814266,-0.15547216,-0.1915083,-0.24371436,-0.16952515,-0.15538618,-0.13369927,-0.12557748,-0.15546468,-0.18106565,-0.15547189,-0.18642783,-0.15541571,-0.30462334,-0.1553601,-0.14691104,-0.13029914,-0.1554589,-0.15880433,-0.18915205,-0.13051458,-0.15546393,-0.10481856,-0.1650517,-0.15546171,-0.15881874,-0.15878987,-0.13012716,-0.15536657,-0.15878466,-0.15877557,-0.15878712,-0.15879536,-0.16505513,-0.17392421,-0.1554572,-0.15881151,-0.15880135,-0.15881202,-0.2025511,-0.15354379,-0.14723541,-0.1544567,-0.11499533,-0.10471026,-0.11893196,-0.15546083,-0.15874171,-0.13047513,-0.19501048,-0.1554687,-0.18738703,-0.11705899,-0.17429145,-0.15545927,-0.06652963,-0.1552152,-0.10737923,-0.124497145,-0.15298569,-0.052188452,-0.26007295
k__Bacteria|p__Proteobacteria|c__Gammaproteobacteria|o__Enterobacterales|f__Enterobacteriaceae|g__Kosakonia|s__Kosakonia_radicincitans,-0.1004395,-0.12316422,-0.15534805,-0.15858115,-0.1585815,-0.23867357,-0.1666669,-0.16813041,-0.10929718,-0.22895765,-0.23728925,-0.15535372,-0.22850217,-0.3768707,-0.08556121,-0.15486948,-0.058144663,-0.15470363,-0.15850729,-0.19931981,-0.1978925,-0.13110353,-0.15531136,-0.12711628,-0.20043859,-0.11658599,-0.182019,-0.25032333,-0.1509206,-0.15531787,-0.15142563,-0.10844302,-0.18249588,-0.28454733,-0.15533823,-0.13133517,-0.15535085,-0.22338755,-0.15535416,-0.29867563,-0.15535425,-0.29356226,-0.13048363,-0.15518036,-0.13691942,-0.15534753,-0.23188588,-0.24781659,-0.1296162,-0.13134287,-0.24679694,-0.18279888,-0.25087595,-0.26027086,-0.28621647,-0.27511892,-0.11894142,-0.15524998,-0.040142577,-0.056944285,-0.15449832,-0.11274739,-0.13743341,-0.13120168,-0.15532863,-0.15857583,-0.15858126,-0.15858199,-0.27573854,-0.15530738,-0.13120523,-0.16243835,-0.12334165,-0.14074792,-0.15531325,-0.15887658,-0.14481027,-0.13131618,-0.18691605,-0.14998752,-0.15533975,-0.15855588,-0.15856951,-0.15849406,-0.120334074,-0.13700745,-0.08858878,-0.1553326,-0.19008024,-0.155346,-0.2004665,-0.11139822,-0.1388583,-0.13027036,-0.1074974,-0.15152657,-0.1552303,-0.15821823,-0.10065024,-0.08152827,-0.09427856,-0.15528958,-0.11960925,-0.15027548,-0.16982608,-0.1185138,-0.15531054,-0.15857393,-0.17738779,-0.15176103,-0.15534946,-0.25953975,-0.17989698,-0.13525523,-0.15534604,-0.15095688,-0.17780018,-0.2009549,-0.1553231,-0.09015879,-0.15499264,-0.12151222,-0.121854745,-0.13997786,-0.21433522,-0.13908121,-0.16057305,-0.1552603,-0.07092635,-0.15460128,-0.15768236,-0.18733518,-0.15505478,-0.13118511,-0.12334781,-0.14100276,-0.1552977,-0.114095174,-0.25318068,-0.26654312,-0.13025644,-0.10945694,-0.15528683,-0.09238048,-0.20963459,-0.15534633,-0.15848574,-0.13058934,-0.15526223,-0.16015086,-0.1553517,-0.15535155,-0.19704957,-0.20616047,-0.12990235,-0.10460003,-0.11361031,-0.10256614,-0.15534258,-0.19495486,-0.15531462,-0.13048801,-0.15515947,-0.041086134,-0.12967405,-0.15535018,-0.2300741,-0.15532541,-0.10384405,-0.15366942,-0.0784167,-0.15518227,-0.12766197,-0.1552048,-0.121451,-0.075820275,-0.09192432,-0.101488546,-0.15503284,-0.15846834,-0.12378413,-0.15517165,-0.1410757,-0.13984437,-0.18093297,-0.15535298,-0.25777104,-0.12844054,-0.15524653,-0.13462572,-0.119081676,-0.15531775,-0.15857643,-0.15857838,-0.1585797,-0.19755594,-0.25103784,-0.20219928,-0.19465852,-0.24831252,-0.20506537,-0.22091979,-0.1553357,-0.13083705,-0.11956477,-0.15532935,-0.15857217,-0.20931396,-0.18224281,-0.15531993,-0.32474133,-0.15535071,-0.1585828,-0.15858153,-0.15858108,-0.2185038,-0.1553191,-0.114121355,-0.1553224,-0.15856552,-0.15857244,-0.22984435,-0.15534323,-0.15855241,-0.08963354,-0.15522453,-0.15852445,-0.1585464,-0.15854704,-0.13302092,-0.1051107,-0.14014931,-0.15141064,-0.15839578,-0.15615125,-0.14613561,-0.15533885,-0.12319561,-0.13128391,-0.15529814,-0.15858261,-0.15858206,-0.15858206,-0.15858266,-0.38518023,-0.11451449,-0.15530592,-0.15564899,-0.14443555,-0.16636807,-0.15534544,-0.15849543,-0.12993515,-0.047159404,-0.14858615,-0.14016809,-0.14106366,-0.15517783,-0.19987361,-0.1649412,-0.17166539,-0.1553193,-0.15853244,-0.12722544,-0.14610182,-0.2588673,-0.13103959,-0.15520178,-0.09132757,-0.12832497,-0.13684332,-0.16221203,-0.15659244,-0.13032301,-0.15505245,-0.15847212,-0.15852913,-0.15856862,-0.15740095,-0.19795567,-0.15106063,-0.07294749,-0.2039893,-0.15530714,-0.15852678,-0.104459345,-0.1548877,-0.17466888,-0.13176009,-0.15531445,-0.15109587,-0.10913184,-0.15512338,-0.05825615,-0.14326635,-0.17082691,-0.15524453,-0.18883844,-0.15535209,-0.31316653,-0.15534122,-0.16808087,-0.14331596,-0.15534307,-0.1585787,-0.25088155,-0.15535253,-0.22115314,-0.07562123,-0.086852394,-0.10702289,-0.060967896,-0.14772284,-0.16796505,-0.15746465,-0.22133875,-0.12812386,-0.0969081,-0.16398169,-0.12716047,-0.11335766,-0.18846886,-0.1312746,-0.17755464,-0.0994983,-0.115196005,-0.15524551,-0.11662802,-0.19749595,-0.14526704,-0.12781724,-0.096878245,-0.15524368,-0.15835017,-0.12434345,-0.11230643,-0.063823454,-0.1551627,-0.11419349,-0.10007019,-0.24483351,-0.1553531,-0.15856948,-0.16344379,-0.1759062,-0.12524253,-0.15533581,-0.0782174,-0.19187105,-0.18185812,-0.09859173,-0.11065883,-0.15495273,-0.15820271,-0.083404,-0.1213824,-0.13072303,-0.13855581,-0.19385117,-0.15531027,-0.15857491,-0.19487974,-0.23847799,-0.2432746,-0.13087359,-0.15511236,-0.15854177,-0.14520228,-0.2961179,-0.15535223,-0.19813283,-0.13115802,-0.15527797,-0.060104962,-0.15931924,-0.15535024,-0.2028091,-0.2868003,-0.11816878,-0.14795661,-0.10060286,-0.15516964,-0.13614628,-0.20725825,-0.17393659,-0.125103,-0.15657571,-0.15690626,-0.15534857,-0.15857774,-0.16221246,-0.22200036,-0.13136084,-0.2814266,-0.1553536,-0.1915083,-0.24371436,-0.16952515,-0.15525478,-0.13369927,-0.12557748,-0.15534495,-0.18106565,-0.15535328,-0.18642783,-0.15528953,-0.30462334,-0.15522498,-0.14691104,-0.13029914,-0.15533814,-0.15856318,-0.18915205,-0.13126503,-0.15534395,-0.10481856,-0.1650517,-0.15534163,-0.15858018,-0.1585475,-0.13076434,-0.15522905,-0.15854102,-0.15852985,-0.15854374,-0.15855268,-0.16505513,-0.17392421,-0.1553363,-0.15857165,-0.15855995,-0.15857226,-0.2025511,-0.15354379,-0.14723541,-0.15419684,-0.11499533,-0.10471026,-0.11893196,-0.1553404,-0.15849243,-0.13121577,-0.19501048,-0.15534967,-0.18738703,-0.11705899,-0.17429145,-0.15533882,-0.06652963,-0.15504992,-0.10737923,-0.124497145,-0.15298569,-0.052188452,-0.26007295
k__Bacteria|p__Proteobacteria|c__Gammaproteobacteria|o__Enterobacterales|f__Enterobacteriaceae|g__Klebsiella|s__Klebsiella_quasivariicola,-0.1004395,-0.12316422,-0.15433429,-0.15761486,-0.15761513,-0.23867357,-0.1666669,-0.16813041,-0.10929718,-0.22895765,-0.23728925,-0.15433878,-0.22850217,-0.3768707,-0.08556121,-0.15396014,-0.058144663,-0.15383562,-0.15755671,-0.19931981,-0.1978925,-0.12979692,-0.15430565,-0.12711628,-0.20043859,-0.11658599,-0.182019,-0.25032333,-0.1509206,-0.15431036,-0.15142563,-0.10844302,-0.18249588,-0.28454733,-0.15432641,-0.12996966,-0.15433651,-0.22338755,-0.1543391,-0.29867563,-0.15433918,-0.29356226,-0.12934297,-0.15420103,-0.13691942,-0.15433395,-0.23188588,-0.24781659,-0.1296162,-0.12997523,-0.24679694,-0.18279888,-0.25087595,-0.26027086,-0.28621647,-0.27511892,-0.11894142,-0.15425776,-0.040142577,-0.056944285,-0.1536619,-0.11274739,-0.13743341,-0.12987058,-0.15431885,-0.15761071,-0.15761492,-0.15761551,-0.27573854,-0.15430236,-0.12987123,-0.16243835,-0.12334165,-0.14074792,-0.15430713,-0.15887658,-0.14481027,-0.12995534,-0.18691605,-0.14998752,-0.15432784,-0.15759505,-0.15760562,-0.15754446,-0.120334074,-0.13700745,-0.08858878,-0.15432228,-0.19008024,-0.15433273,-0.2004665,-0.11139822,-0.1388583,-0.13027036,-0.1074974,-0.15152657,-0.1542426,-0.1573304,-0.10065024,-0.08152827,-0.09427856,-0.1542888,-0.11960925,-0.15027548,-0.16982608,-0.1185138,-0.15430453,-0.15760921,-0.17738779,-0.15176103,-0.15433541,-0.25953975,-0.17989698,-0.13525523,-0.1543328,-0.15095688,-0.17780018,-0.2009549,-0.15431392,-0.09015879,-0.1540584,-0.12151222,-0.121854745,-0.13997786,-0.21433522,-0.13908121,-0.16057305,-0.15426612,-0.07092635,-0.15374899,-0.15689526,-0.18733518,-0.15409657,-0.12986231,-0.12334781,-0.14100276,-0.154295,-0.114095174,-0.25318068,-0.26654312,-0.1291844,-0.10945694,-0.15428668,-0.09238048,-0.20963459,-0.154333,-0.15753715,-0.12942576,-0.15426661,-0.16015086,-0.1553517,-0.15433708,-0.19704957,-0.20616047,-0.1289171,-0.10460003,-0.11361031,-0.10256614,-0.15433013,-0.19495486,-0.15430784,-0.12936077,-0.15418738,-0.041086134,-0.12967405,-0.15433592,-0.2300741,-0.15431622,-0.10384405,-0.15301733,-0.0784167,-0.15420422,-0.12766197,-0.15422253,-0.121451,-0.075820275,-0.09192432,-0.101488546,-0.15408905,-0.15752715,-0.12378413,-0.15419155,-0.1410757,-0.13984437,-0.18093297,-0.15433818,-0.25777104,-0.12844054,-0.1542544,-0.13462572,-0.119081676,-0.15431096,-0.15761116,-0.15761268,-0.15761372,-0.19755594,-0.25103784,-0.20219928,-0.19465852,-0.24831252,-0.20506537,-0.22091979,-0.15432434,-0.12961015,-0.11956477,-0.1543198,-0.1576078,-0.20931396,-0.18224281,-0.15431175,-0.32474133,-0.15433645,-0.15761617,-0.15761515,-0.15761481,-0.2185038,-0.154311,-0.114121355,-0.15431383,-0.15760222,-0.157608,-0.22984435,-0.15433064,-0.15759182,-0.08963354,-0.1542373,-0.15757097,-0.15758738,-0.1575885,-0.13302092,-0.1051107,-0.14014931,-0.15141064,-0.15839578,-0.15615125,-0.14613561,-0.15432729,-0.12319561,-0.12993017,-0.15429452,-0.15761599,-0.15761557,-0.15761557,-0.15761603,-0.38518023,-0.11451449,-0.15430123,-0.15564899,-0.14443555,-0.16636807,-0.15433219,-0.15754549,-0.12993515,-0.047159404,-0.14892522,-0.14016809,-0.14106366,-0.15420035,-0.19987361,-0.1649412,-0.17166539,-0.15431191,-0.15757734,-0.12722544,-0.14610182,-0.2588673,-0.12975347,-0.15422064,-0.09132757,-0.12832497,-0.13684332,-0.16221203,-0.15659244,-0.12924203,-0.15410182,-0.1575298,-0.15757434,-0.15760508,-0.15740095,-0.19795567,-0.15106063,-0.07294749,-0.2039893,-0.15430196,-0.15757297,-0.104459345,-0.15399665,-0.17466888,-0.13176009,-0.15430844,-0.15109587,-0.10913184,-0.15415886,-0.05825615,-0.14326635,-0.17082691,-0.15425283,-0.18883844,-0.15433747,-0.31316653,-0.15432864,-0.16808087,-0.14331596,-0.15433045,-0.15761288,-0.25088155,-0.15433782,-0.22115314,-0.07562123,-0.086852394,-0.10702289,-0.060967896,-0.14825657,-0.16796505,-0.15746465,-0.22133875,-0.12812386,-0.0969081,-0.16398169,-0.12716047,-0.11335766,-0.18846886,-0.12992407,-0.17755464,-0.0994983,-0.115196005,-0.15425384,-0.11662802,-0.19749595,-0.14526704,-0.12781724,-0.096878245,-0.1542536,-0.15743494,-0.12434345,-0.11230643,-0.063823454,-0.15418974,-0.11419349,-0.10007019,-0.24483351,-0.15433829,-0.15760529,-0.16344379,-0.1759062,-0.12524253,-0.15432483,-0.0782174,-0.19187105,-0.18185812,-0.09859173,-0.11065883,-0.15402652,-0.15731929,-0.083404,-0.1213824,-0.13072303,-0.13855581,-0.19385117,-0.1543043,-0.15760998,-0.19487974,-0.23847799,-0.2432746,-0.12962523,-0.15415025,-0.15758377,-0.14520228,-0.2961179,-0.15433761,-0.19813283,-0.1298382,-0.1542791,-0.060104962,-0.15931924,-0.15433599,-0.2028091,-0.2868003,-0.11816878,-0.14795661,-0.10060286,-0.15419362,-0.13614628,-0.20725825,-0.17393659,-0.125103,-0.15657571,-0.15690626,-0.15433472,-0.1576122,-0.16221246,-0.22200036,-0.12998904,-0.2814266,-0.15433867,-0.1915083,-0.24371436,-0.16952515,-0.15425935,-0.13369927,-0.12557748,-0.15433185,-0.18106565,-0.15433843,-0.18642783,-0.15428689,-0.30462334,-0.15423648,-0.14691104,-0.13029914,-0.15432656,-0.15760086,-0.18915205,-0.12991667,-0.15433112,-0.10481856,-0.1650517,-0.15432917,-0.15761408,-0.15758745,-0.12955292,-0.15424174,-0.157583,-0.15757456,-0.15758523,-0.15759264,-0.16505513,-0.17392421,-0.15432501,-0.15760745,-0.15759818,-0.15760793,-0.2025511,-0.15354379,-0.14723541,-0.1534141,-0.11499533,-0.10471026,-0.11893196,-0.15432832,-0.157543,-0.12987997,-0.19501048,-0.15433553,-0.18738703,-0.11705899,-0.17429145,-0.15432665,-0.06652963,-0.15410236,-0.10737923,-0.124497145,-0.15298569,-0.052188452,-0.26007295
k__Bacteria|p__Proteobacteria|c__Gammaproteobacteria|o__Enterobacterales|f__Yersiniaceae|g__Ewingella|s__Ewingella_americana,-0.1004395,-0.12316422,-0.15530828,-0.15861452,-0.15861481,-0.23867357,-0.1666669,-0.16813041,-0.10929718,-0.22895765,-0.23728925,-0.1553135,-0.22850217,-0.3768707,-0.08556121,-0.15487933,-0.058144663,-0.15474072,-0.1585471,-0.19931981,-0.1978925,-0.13055621,-0.15527534,-0.12711628,-0.20043859,-0.11658599,-0.182019,-0.25032333,-0.1509206,-0.1552804,-0.15142563,-0.10844302,-0.18249588,-0.28454733,-0.15529892,-0.13075404,-0.1553109,-0.22338755,-0.1553139,-0.29867563,-0.15531397,-0.29356226,-0.1300244,-0.15515241,-0.13691942,-0.15530798,-0.23188588,-0.24781659,-0.1296162,-0.1307602,-0.24679694,-0.18279888,-0.25087595,-0.26027086,-0.28621647,-0.27511892,-0.11894142,-0.15522009,-0.040142577,-0.056944285,-0.15452565,-0.11274739,-0.13743341,-0.13063785,-0.1552902,-0.15860975,-0.15861455,-0.15861526,-0.27573854,-0.15526998,-0.13064004,-0.16243835,-0.12334165,-0.14074792,-0.15527701,-0.15887658,-0.14481027,-0.13073772,-0.18691605,-0.14998752,-0.15530089,-0.15859161,-0.15860367,-0.15853062,-0.120334074,-0.13700745,-0.08858878,-0.15529451,-0.19008024,-0.15530653,-0.2004665,-0.11139822,-0.1388583,-0.13027036,-0.1074974,-0.15152657,-0.15520278,-0.15827519,-0.10065024,-0.08152827,-0.09427856,-0.15525605,-0.11960925,-0.15027548,-0.16982608,-0.1185138,-0.15527365,-0.158608,-0.17738779,-0.15176103,-0.1553096,-0.25953975,-0.17989698,-0.13525523,-0.15530661,-0.15095688,-0.17780018,-0.2009549,-0.15528357,-0.09015879,-0.15499224,-0.12151222,-0.121854745,-0.13997786,-0.21433522,-0.13908121,-0.16057305,-0.15523005,-0.07092635,-0.15463378,-0.15776849,-0.18733518,-0.15502685,-0.13062456,-0.12334781,-0.14100276,-0.15526304,-0.114095174,-0.25318068,-0.26654312,-0.12984963,-0.10945694,-0.15525363,-0.09238048,-0.20963459,-0.15530686,-0.15852116,-0.13012601,-0.15522991,-0.16015086,-0.1553517,-0.15531152,-0.19704957,-0.20616047,-0.12953654,-0.10460003,-0.11361031,-0.10256614,-0.1553036,-0.19495486,-0.15527743,-0.13004301,-0.15514025,-0.041086134,-0.12967405,-0.15531012,-0.2300741,-0.15528691,-0.10384405,-0.15379468,-0.0784167,-0.15515795,-0.12766197,-0.15517956,-0.121451,-0.075820275,-0.09192432,-0.101488546,-0.15502548,-0.1585139,-0.12378413,-0.15513997,-0.1410757,-0.13984437,-0.18093297,-0.15531284,-0.25777104,-0.12844054,-0.15521395,-0.13462572,-0.119081676,-0.15528166,-0.15861024,-0.158612,-0.15861319,-0.19755594,-0.25103784,-0.20219928,-0.19465852,-0.24831252,-0.20506537,-0.22091979,-0.15529647,-0.13033476,-0.11956477,-0.15529174,-0.15860632,-0.20931396,-0.18224281,-0.15528165,-0.32474133,-0.15531082,-0.158616,-0.15861487,-0.15861446,-0.2185038,-0.15528068,-0.114121355,-0.15528432,-0.15859951,-0.15860656,-0.22984435,-0.1553042,-0.15858673,-0.08963354,-0.15519586,-0.1585643,-0.15858248,-0.15858442,-0.13302092,-0.1051107,-0.14014931,-0.15141064,-0.15839578,-0.15615125,-0.14613561,-0.15530041,-0.12319561,-0.13070825,-0.1552617,-0.15861583,-0.15861532,-0.15861532,-0.15861589,-0.38518023,-0.11451449,-0.15527004,-0.15564899,-0.14443555,-0.16636807,-0.1553058,-0.15853202,-0.12993515,-0.047159404,-0.14896625,-0.14016809,-0.14106366,-0.1551531,-0.19987361,-0.1649412,-0.17166539,-0.15528259,-0.15857181,-0.12722544,-0.14610182,-0.2588673,-0.13050833,-0.15517765,-0.09132757,-0.12832497,-0.13684332,-0.16221203,-0.15659244,-0.12991053,-0.1550385,-0.15851647,-0.158568,-0.15860327,-0.15740095,-0.19795567,-0.15106063,-0.07294749,-0.2039893,-0.1552706,-0.15856671,-0.104459345,-0.1548948,-0.17466888,-0.13176009,-0.15527889,-0.15109587,-0.10913184,-0.15510535,-0.05825615,-0.14326635,-0.17082691,-0.15521373,-0.18883844,-0.15531197,-0.31316653,-0.1553014,-0.16808087,-0.14331596,-0.1553039,-0.15861216,-0.25088155,-0.15531237,-0.22115314,-0.07562123,-0.086852394,-0.10702289,-0.060967896,-0.14819098,-0.16796505,-0.15746465,-0.22133875,-0.12812386,-0.0969081,-0.16398169,-0.12716047,-0.11335766,-0.18846886,-0.13070157,-0.17755464,-0.0994983,-0.115196005,-0.15521526,-0.11662802,-0.19749595,-0.14526704,-0.12781724,-0.096878245,-0.1552161,-0.1584073,-0.12434345,-0.11230643,-0.063823454,-0.1551417,-0.11419349,-0.10007019,-0.24483351,-0.15531294,-0.15860313,-0.16344379,-0.1759062,-0.12524253,-0.15529749,-0.0782174,-0.19187105,-0.18185812,-0.09859173,-0.11065883,-0.154955,-0.15827425,-0.083404,-0.1213824,-0.13072303,-0.13855581,-0.19385117,-0.15527326,-0.15860888,-0.19487974,-0.23847799,-0.2432746,-0.1303596,-0.15509604,-0.15857843,-0.14520228,-0.2961179,-0.15531217,-0.19813283,-0.13060312,-0.15524417,-0.060104962,-0.15931924,-0.15531024,-0.2028091,-0.2868003,-0.11816878,-0.14795661,-0.10060286,-0.15514477,-0.13614628,-0.20725825,-0.17393659,-0.125103,-0.15657571,-0.15690626,-0.15530878,-0.15861148,-0.16221246,-0.22200036,-0.1307761,-0.2814266,-0.15531337,-0.1915083,-0.24371436,-0.16952515,-0.15521866,-0.13369927,-0.12557748,-0.15530543,-0.18106565,-0.1553131,-0.18642783,-0.15525168,-0.30462334,-0.15519395,-0.14691104,-0.13029914,-0.15529935,-0.15859842,-0.18915205,-0.1306936,-0.1553047,-0.10481856,-0.1650517,-0.15530224,-0.1586136,-0.15858182,-0.1302791,-0.155202,-0.1585773,-0.1585677,-0.15857993,-0.15858889,-0.16505513,-0.17392421,-0.15529746,-0.158606,-0.15859517,-0.15860656,-0.2025511,-0.15354379,-0.14723541,-0.15422764,-0.11499533,-0.10471026,-0.11893196,-0.15530142,-0.15852953,-0.1306525,-0.19501048,-0.15530968,-0.18738703,-0.11705899,-0.17429145,-0.15529928,-0.06652963,-0.15504259,-0.10737923,-0.124497145,-0.15298569,-0.052188452,-0.26007295
k__Bacteria|p__Proteobacteria|c__Gammaproteobacteria|o__Enterobacterales|f__Morganellaceae|g__Providencia|s__Providencia_rettgeri,-0.1004395,-0.12316422,-0.15522137,-0.15860005,-0.15860036,-0.23867357,-0.1666669,-0.16813041,-0.10929718,-0.22895765,-0.23728925,-0.1552267,-0.22850217,-0.3768707,-0.08556121,-0.1547799,-0.058144663,-0.15463027,-0.15853116,-0.19931981,-0.1978925,-0.12992418,-0.15518746,-0.12711628,-0.20043859,-0.11658599,-0.182019,-0.25032333,-0.1509206,-0.15519303,-0.15142563,-0.10844302,-0.18249588,-0.28454733,-0.1552122,-0.13012856,-0.15522403,-0.22338755,-0.1552271,-0.29867563,-0.15522718,-0.29356226,-0.12938209,-0.15506352,-0.13691942,-0.15522097,-0.23188588,-0.24781659,-0.1296162,-0.13013518,-0.24679694,-0.18279888,-0.25087595,-0.26027086,-0.28621647,-0.27511892,-0.11894142,-0.15513074,-0.040142577,-0.056944285,-0.1544233,-0.11274739,-0.13743341,-0.1300104,-0.15520306,-0.15859514,-0.15860012,-0.15860082,-0.27573854,-0.15518372,-0.13001212,-0.16243835,-0.12334165,-0.14074792,-0.15518913,-0.15887658,-0.14481027,-0.13011187,-0.18691605,-0.14998752,-0.15521374,-0.15857655,-0.15858908,-0.15851778,-0.120334074,-0.13700745,-0.08858878,-0.15520713,-0.19008024,-0.15521954,-0.2004665,-0.11139822,-0.1388583,-0.13027036,-0.1074974,-0.15152657,-0.15511253,-0.1582706,-0.10065024,-0.08152827,-0.09427856,-0.15516746,-0.11960925,-0.15027548,-0.16982608,-0.1185138,-0.15518616,-0.15859336,-0.17738779,-0.15176103,-0.15522271,-0.25953975,-0.17989698,-0.13525523,-0.15521961,-0.15095688,-0.17780018,-0.2009549,-0.15519753,-0.09015879,-0.15489422,-0.12151222,-0.121854745,-0.13997786,-0.21433522,-0.13908121,-0.16057305,-0.1551405,-0.07092635,-0.1545282,-0.15774634,-0.18733518,-0.15494008,-0.13000022,-0.12334781,-0.14100276,-0.15517473,-0.114095174,-0.25318068,-0.26654312,-0.12918937,-0.10945694,-0.1551649,-0.09238048,-0.20963459,-0.15521985,-0.15850836,-0.12947789,-0.15514128,-0.16015086,-0.1553517,-0.15522468,-0.19704957,-0.20616047,-0.12886979,-0.10460003,-0.11361031,-0.10256614,-0.15521644,-0.19495486,-0.15519032,-0.12939295,-0.15504725,-0.041086134,-0.12967405,-0.1552233,-0.2300741,-0.15520015,-0.10384405,-0.15366557,-0.0784167,-0.15506737,-0.12766197,-0.15508881,-0.121451,-0.075820275,-0.09192432,-0.101488546,-0.15493065,-0.15849605,-0.12378413,-0.15505682,-0.1410757,-0.13984437,-0.18093297,-0.15522599,-0.25777104,-0.12844054,-0.15512761,-0.13462572,-0.119081676,-0.15519367,-0.15859568,-0.15859747,-0.15859869,-0.19755594,-0.25103784,-0.20219928,-0.19465852,-0.24831252,-0.20506537,-0.22091979,-0.15520966,-0.12969616,-0.11956477,-0.1552042,-0.15859166,-0.20931396,-0.18224281,-0.15519497,-0.32474133,-0.15522392,-0.15860158,-0.15860039,-0.15859999,-0.2185038,-0.15519428,-0.114121355,-0.15519717,-0.15858507,-0.15859193,-0.22984435,-0.15521705,-0.15857328,-0.08963354,-0.15510654,-0.15854797,-0.15856743,-0.15856877,-0.13302092,-0.1051107,-0.14014931,-0.15141064,-0.15839578,-0.15615125,-0.14613561,-0.15521306,-0.12319561,-0.13008156,-0.15517417,-0.1586014,-0.1586009,-0.1586009,-0.15860143,-0.38518023,-0.11451449,-0.15518215,-0.15564899,-0.14443555,-0.16636807,-0.15521887,-0.15851802,-0.12993515,-0.047159404,-0.1488038,-0.14016809,-0.14106366,-0.15506238,-0.19987361,-0.1649412,-0.17166539,-0.15519482,-0.1585555,-0.12722544,-0.14610182,-0.2588673,-0.12987135,-0.15508667,-0.09132757,-0.12832497,-0.13684332,-0.16221203,-0.15659244,-0.12925139,-0.15494634,-0.15849918,-0.15855199,-0.15858847,-0.15740095,-0.19795567,-0.15106063,-0.07294749,-0.2039893,-0.15518302,-0.15855032,-0.104459345,-0.15483248,-0.17466888,-0.13176009,-0.15519068,-0.15109587,-0.10913184,-0.15501371,-0.05825615,-0.14326635,-0.17082691,-0.15512471,-0.18883844,-0.15522514,-0.31316653,-0.15521467,-0.16808087,-0.14331596,-0.15521683,-0.15859771,-0.25088155,-0.15522556,-0.22115314,-0.07562123,-0.086852394,-0.10702289,-0.060967896,-0.14800885,-0.16796505,-0.15746465,-0.22133875,-0.12812386,-0.0969081,-0.16398169,-0.12716047,-0.11335766,-0.18846886,-0.13007441,-0.17755464,-0.0994983,-0.115196005,-0.15512592,-0.11662802,-0.19749595,-0.14526704,-0.12781724,-0.096878245,-0.1551257,-0.15838666,-0.12434345,-0.11230643,-0.063823454,-0.15505011,-0.11419349,-0.10007019,-0.24483351,-0.15522611,-0.15858884,-0.16344379,-0.1759062,-0.12524253,-0.15521014,-0.0782174,-0.19187105,-0.18185812,-0.09859173,-0.11065883,-0.15485626,-0.15824948,-0.083404,-0.1213824,-0.13072303,-0.13855581,-0.19385117,-0.1551858,-0.15859427,-0.19487974,-0.23847799,-0.2432746,-0.12971306,-0.15500307,-0.15856317,-0.14520228,-0.2961179,-0.15522532,-0.19813283,-0.12997285,-0.15515597,-0.060104962,-0.15931924,-0.1552234,-0.2028091,-0.2868003,-0.11816878,-0.14795661,-0.10060286,-0.15505457,-0.13614628,-0.20725825,-0.17393659,-0.125103,-0.15657571,-0.15690626,-0.15522188,-0.1585969,-0.16221246,-0.22200036,-0.13015154,-0.2814266,-0.15522657,-0.1915083,-0.24371436,-0.16952515,-0.15513372,-0.13369927,-0.12557748,-0.15521847,-0.18106565,-0.15522629,-0.18642783,-0.15516567,-0.30462334,-0.1551053,-0.14691104,-0.13029914,-0.1552122,-0.15858343,-0.18915205,-0.13006608,-0.15521765,-0.10481856,-0.1650517,-0.1552153,-0.15859912,-0.15856792,-0.12962353,-0.15511157,-0.15856227,-0.15855226,-0.15856491,-0.15857375,-0.16505513,-0.17392421,-0.15521038,-0.15859127,-0.15858024,-0.15859182,-0.2025511,-0.15354379,-0.14723541,-0.1541294,-0.11499533,-0.10471026,-0.11893196,-0.15521431,-0.15851568,-0.13002242,-0.19501048,-0.15522285,-0.18738703,-0.11705899,-0.17429145,-0.15521264,-0.06652963,-0.15494686,-0.10737923,-0.124497145,-0.15298569,-0.052188452,-0.26007295
k__Bacteria|p__Proteobacteria|c__Gammaproteobacteria|o__Moraxellales|f__Moraxellaceae|g__Acinetobacter|s__Acinetobacter_bereziniae,-0.1004395,-0.12316422,-0.15407181,-0.15735137,-0.15735164,-0.23867357,-0.1666669,-0.16813041,-0.10929718,-0.22895765,-0.23728925,-0.15407664,-0.22850217,-0.3768707,-0.08556121,-0.1536693,-0.058144663,-0.15353432,-0.15728875,-0.19931981,-0.1978925,-0.12952569,-0.15404096,-0.12711628,-0.20043859,-0.11658599,-0.182019,-0.25032333,-0.1509206,-0.154046,-0.15142563,-0.10844302,-0.18249588,-0.28454733,-0.15406337,-0.12971473,-0.1540742,-0.22338755,-0.15407701,-0.29867563,-0.15407707,-0.29356226,-0.12901843,-0.1539281,-0.13691942,-0.15407142,-0.23188588,-0.24781659,-0.1296162,-0.12972078,-0.24679694,-0.18279888,-0.25087595,-0.26027086,-0.28621647,-0.27511892,-0.11894142,-0.15398937,-0.040142577,-0.056944285,-0.15334585,-0.11274739,-0.13743341,-0.12960553,-0.15405513,-0.1573469,-0.15735143,-0.15735206,-0.27573854,-0.15403727,-0.12960713,-0.16243835,-0.12334165,-0.14074792,-0.15404248,-0.15887658,-0.14481027,-0.12969929,-0.18691605,-0.14998752,-0.15406486,-0.15733,-0.15734138,-0.15727586,-0.120334074,-0.13700745,-0.08858878,-0.15405884,-0.19008024,-0.15407014,-0.2004665,-0.11139822,-0.1388583,-0.13027036,-0.1074974,-0.15152657,-0.15397283,-0.1570428,-0.10065024,-0.08152827,-0.09427856,-0.15402278,-0.11960925,-0.15027548,-0.16982608,-0.1185138,-0.1540398,-0.15734527,-0.17738779,-0.15176103,-0.15407301,-0.25953975,-0.17989698,-0.13525523,-0.15407018,-0.15095688,-0.17780018,-0.2009549,-0.15404987,-0.09015879,-0.15377435,-0.12151222,-0.121854745,-0.13997786,-0.21433522,-0.13908121,-0.16057305,-0.15399829,-0.07092635,-0.15344076,-0.1565741,-0.18733518,-0.15381509,-0.12959434,-0.12334781,-0.14100276,-0.15402943,-0.114095174,-0.25318068,-0.26654312,-0.12883714,-0.10945694,-0.15402046,-0.09238048,-0.20963459,-0.1540704,-0.15726742,-0.12910545,-0.15399897,-0.16015086,-0.1553517,-0.15407479,-0.19704957,-0.20616047,-0.12853658,-0.10460003,-0.11361031,-0.10256614,-0.15406731,-0.19495486,-0.1540434,-0.12902305,-0.15391347,-0.041086134,-0.12967405,-0.15407354,-0.2300741,-0.15405245,-0.10384405,-0.15265691,-0.0784167,-0.15393189,-0.12766197,-0.15395127,-0.121451,-0.075820275,-0.09192432,-0.101488546,-0.15380733,-0.15725683,-0.12378413,-0.1539191,-0.1410757,-0.13984437,-0.18093297,-0.154076,-0.25777104,-0.12844054,-0.1539857,-0.13462572,-0.119081676,-0.15404662,-0.15734738,-0.15734902,-0.15735015,-0.19755594,-0.25103784,-0.20219928,-0.19465852,-0.24831252,-0.20506537,-0.22091979,-0.15406112,-0.12930918,-0.11956477,-0.15405618,-0.15734375,-0.20931396,-0.18224281,-0.15404764,-0.32474133,-0.1540741,-0.15735278,-0.15735169,-0.15735132,-0.2185038,-0.15404712,-0.114121355,-0.15404978,-0.15733773,-0.15734398,-0.22984435,-0.15406784,-0.157327,-0.08963354,-0.15396738,-0.15730405,-0.15732169,-0.15732294,-0.13302092,-0.1051107,-0.14014931,-0.15141064,-0.15839578,-0.15615125,-0.14613561,-0.15406424,-0.12319561,-0.12967157,-0.15402883,-0.1573526,-0.15735212,-0.15735212,-0.15735263,-0.38518023,-0.11451449,-0.15403613,-0.15564899,-0.14443555,-0.16636807,-0.15406951,-0.15727662,-0.12993515,-0.047159404,-0.14823094,-0.14016809,-0.14106366,-0.1539272,-0.19987361,-0.1649412,-0.17166539,-0.15404765,-0.15731087,-0.12722544,-0.14610182,-0.2588673,-0.12947507,-0.1539492,-0.09132757,-0.12832497,-0.13684332,-0.16221203,-0.15659244,-0.12889497,-0.1538217,-0.15725967,-0.15730768,-0.15734084,-0.15740095,-0.19795567,-0.15106063,-0.07294749,-0.2039893,-0.15403688,-0.15730621,-0.104459345,-0.15369251,-0.17466888,-0.13176009,-0.15404391,-0.15109587,-0.10913184,-0.15388274,-0.05825615,-0.14326635,-0.17082691,-0.15398386,-0.18883844,-0.15407524,-0.31316653,-0.1540657,-0.16808087,-0.14331596,-0.15406765,-0.15734923,-0.25088155,-0.1540756,-0.22115314,-0.07562123,-0.086852394,-0.10702289,-0.060967896,-0.14750819,-0.16796505,-0.15746465,-0.22133875,-0.12812386,-0.0969081,-0.16398169,-0.12716047,-0.11335766,-0.18846886,-0.12966478,-0.17755464,-0.0994983,-0.115196005,-0.153985,-0.11662802,-0.19749595,-0.14526704,-0.12781724,-0.096878245,-0.15398487,-0.15715733,-0.12434345,-0.11230643,-0.063823454,-0.15391608,-0.11419349,-0.10007019,-0.24483351,-0.1540761,-0.15734115,-0.16344379,-0.1759062,-0.12524253,-0.1540616,-0.0782174,-0.19187105,-0.18185812,-0.09859173,-0.11065883,-0.15373975,-0.15703252,-0.083404,-0.1213824,-0.13072303,-0.13855581,-0.19385117,-0.15403943,-0.15734611,-0.19487974,-0.23847799,-0.2432746,-0.12933059,-0.15387323,-0.15731783,-0.14520228,-0.2961179,-0.15407538,-0.19813283,-0.1295705,-0.15401226,-0.060104962,-0.15931924,-0.15407364,-0.2028091,-0.2868003,-0.11816878,-0.14795661,-0.10060286,-0.15392001,-0.13614628,-0.20725825,-0.17393659,-0.125103,-0.15657571,-0.15690626,-0.15407225,-0.15734851,-0.16221246,-0.22200036,-0.12973574,-0.2814266,-0.15407652,-0.1915083,-0.24371436,-0.16952515,-0.1539914,-0.13369927,-0.12557748,-0.15406916,-0.18106565,-0.15407626,-0.18642783,-0.15402094,-0.30462334,-0.15396617,-0.14691104,-0.13029914,-0.15406345,-0.15733626,-0.18915205,-0.12965736,-0.15406841,-0.10481856,-0.1650517,-0.15406626,-0.15735053,-0.15732211,-0.12924674,-0.15397194,-0.15731698,-0.15730792,-0.1573194,-0.15732747,-0.16505513,-0.17392421,-0.15406176,-0.15734339,-0.15733336,-0.1573439,-0.2025511,-0.15354379,-0.14723541,-0.15307781,-0.11499533,-0.10471026,-0.11893196,-0.15406536,-0.1572743,-0.12961727,-0.19501048,-0.15407312,-0.18738703,-0.11705899,-0.17429145,-0.1540638,-0.06652963,-0.15382197,-0.10737923,-0.124497145,-0.15298569,-0.052188452,-0.26007295
k__Bacteria|p__Proteobacteria|c__Gammaproteobacteria|o__Moraxellales|f__Moraxellaceae|g__Acinetobacter|s__Acinetobacter_pittii,-0.1004395,-0.12316422,-0.15444471,-0.15789708,-0.15789738,-0.23867357,-0.1666669,-0.16813041,-0.10929718,-0.22895765,-0.23728925,-0.15445012,-0.22850217,-0.3768707,-0.08556121,-0.15399545,-0.058144663,-0.15385029,-0.15782717,-0.19931981,-0.1978925,-0.12860405,-0.15441048,-0.12711628,-0.20043859,-0.11658599,-0.182019,-0.25032333,-0.1509206,-0.15441597,-0.15142563,-0.10844302,-0.18249588,-0.28454733,-0.1544354,-0.12880537,-0.15444744,-0.22338755,-0.15445054,-0.29867563,-0.1544506,-0.29356226,-0.12807375,-0.15428391,-0.13691942,-0.15444435,-0.23188588,-0.24781659,-0.1296162,-0.12881166,-0.24679694,-0.18279888,-0.25087595,-0.26027086,-0.28621647,-0.27511892,-0.11894142,-0.15435323,-0.040142577,-0.056944285,-0.1536348,-0.11274739,-0.13743341,-0.12868753,-0.15442607,-0.15789212,-0.15789711,-0.15789786,-0.27573854,-0.15440649,-0.12868972,-0.16243835,-0.12334165,-0.14074792,-0.15441221,-0.15887658,-0.14481027,-0.12878846,-0.18691605,-0.14998752,-0.15443704,-0.15787333,-0.1578859,-0.15781233,-0.120334074,-0.13700745,-0.08858878,-0.15443037,-0.19008024,-0.15444288,-0.2004665,-0.11139822,-0.1388583,-0.13027036,-0.1074974,-0.15152657,-0.15433505,-0.1575593,-0.10065024,-0.08152827,-0.09427856,-0.1543904,-0.11960925,-0.15027548,-0.16982608,-0.1185138,-0.15440895,-0.15789032,-0.17738779,-0.15176103,-0.1544461,-0.25953975,-0.17989698,-0.13525523,-0.15444297,-0.15095688,-0.17780018,-0.2009549,-0.15442014,-0.09015879,-0.15411541,-0.12151222,-0.121854745,-0.13997786,-0.21433522,-0.13908121,-0.16057305,-0.1543633,-0.07092635,-0.1537432,-0.15702575,-0.18733518,-0.15415627,-0.12867591,-0.12334781,-0.14100276,-0.15439765,-0.114095174,-0.25318068,-0.26654312,-0.1278988,-0.10945694,-0.15438786,-0.09238048,-0.20963459,-0.1544432,-0.15780321,-0.12817474,-0.1543633,-0.16015086,-0.1553517,-0.15444808,-0.19704957,-0.20616047,-0.12757972,-0.10460003,-0.11361031,-0.10256614,-0.1544398,-0.19495486,-0.1544134,-0.12809736,-0.15426916,-0.041086134,-0.12967405,-0.15444665,-0.2300741,-0.15442324,-0.10384405,-0.15286717,-0.0784167,-0.15428865,-0.12766197,-0.15431091,-0.121451,-0.075820275,-0.09192432,-0.101488546,-0.1541512,-0.15779224,-0.12378413,-0.15427399,-0.1410757,-0.13984437,-0.18093297,-0.1544494,-0.25777104,-0.12844054,-0.1543502,-0.13462572,-0.119081676,-0.15441692,-0.15789263,-0.15789446,-0.1578957,-0.19755594,-0.25103784,-0.20219928,-0.19465852,-0.24831252,-0.20506537,-0.22091979,-0.15443279,-0.12838404,-0.11956477,-0.15442747,-0.15788859,-0.20931396,-0.18224281,-0.1544179,-0.32474133,-0.15444735,-0.15789863,-0.15789743,-0.15789703,-0.2185038,-0.15441696,-0.114121355,-0.15442003,-0.1578817,-0.15788883,-0.22984435,-0.15444043,-0.1578694,-0.08963354,-0.1543282,-0.15784475,-0.15786397,-0.15786564,-0.13302092,-0.1051107,-0.14014931,-0.15141064,-0.15839578,-0.15615125,-0.14613561,-0.15443644,-0.12319561,-0.12875804,-0.15439665,-0.15789843,-0.15789792,-0.15789792,-0.15789849,-0.38518023,-0.11451449,-0.15440507,-0.15564899,-0.14443555,-0.16636807,-0.15444216,-0.15781327,-0.12993515,-0.047159404,-0.14789586,-0.14016809,-0.14106366,-0.15428379,-0.19987361,-0.1649412,-0.17166539,-0.15441799,-0.15785243,-0.12722544,-0.14610182,-0.2588673,-0.12855437,-0.15430889,-0.09132757,-0.12832497,-0.13684332,-0.16221203,-0.15659244,-0.12798052,-0.15416557,-0.15779527,-0.15784866,-0.15788539,-0.15740095,-0.19795567,-0.15106063,-0.07294749,-0.2039893,-0.1544058,-0.15784717,-0.104459345,-0.15407012,-0.17466888,-0.13176009,-0.15441398,-0.15109587,-0.10913184,-0.1542346,-0.05825615,-0.14326635,-0.17082691,-0.15434682,-0.18883844,-0.15444854,-0.31316653,-0.15443778,-0.16808087,-0.14331596,-0.15444015,-0.15789467,-0.25088155,-0.15444896,-0.22115314,-0.07562123,-0.086852394,-0.10702289,-0.060967896,-0.14709958,-0.16796505,-0.15746465,-0.22133875,-0.12812386,-0.0969081,-0.16398169,-0.12716047,-0.11335766,-0.18846886,-0.12875178,-0.17755464,-0.0994983,-0.115196005,-0.15434818,-0.11662802,-0.19749595,-0.14526704,-0.12781724,-0.096878245,-0.15434857,-0.15768185,-0.12434345,-0.11230643,-0.063823454,-0.1542715,-0.11419349,-0.10007019,-0.24483351,-0.15444954,-0.15788561,-0.16344379,-0.1759062,-0.12524253,-0.15443344,-0.0782174,-0.19187105,-0.18185812,-0.09859173,-0.11065883,-0.15407702,-0.15754321,-0.083404,-0.1213824,-0.13072303,-0.13855581,-0.19385117,-0.15440857,-0.15789123,-0.19487974,-0.23847799,-0.2432746,-0.12840591,-0.1542243,-0.1578597,-0.14520228,-0.2961179,-0.15444872,-0.19813283,-0.12865116,-0.15437838,-0.060104962,-0.15931924,-0.15444677,-0.2028091,-0.2868003,-0.11816878,-0.14795661,-0.10060286,-0.15427548,-0.13614628,-0.20725825,-0.17393659,-0.125103,-0.15657571,-0.15690626,-0.15444523,-0.15789391,-0.16221246,-0.22200036,-0.12882811,-0.2814266,-0.15444997,-0.1915083,-0.24371436,-0.16952515,-0.15435505,-0.13369927,-0.12557748,-0.15444177,-0.18106565,-0.1544497,-0.18642783,-0.1543876,-0.30462334,-0.15432668,-0.14691104,-0.13029914,-0.15443546,-0.15788032,-0.18915205,-0.12874335,-0.154441,-0.10481856,-0.1650517,-0.15443851,-0.15789613,-0.15786415,-0.12832579,-0.15433405,-0.15785861,-0.15784863,-0.15786135,-0.15787046,-0.16505513,-0.17392421,-0.15443355,-0.15788822,-0.15787703,-0.15788879,-0.2025511,-0.15354379,-0.14723541,-0.15333125,-0.11499533,-0.10471026,-0.11893196,-0.15443759,-0.1578109,-0.12870023,-0.19501048,-0.15444618,-0.18738703,-0.11705899,-0.17429145,-0.15443584,-0.06652963,-0.15416735,-0.10737923,-0.124497145,-0.15298569,-0.052188452,-0.26007295
k__Bacteria|p__Proteobacteria|c__Gammaproteobacteria|o__Pasteurellales|f__Pasteurellaceae|g__GGB6813|s__GGB6813_SGB9727,-0.1004395,-0.12316422,-0.15521829,-0.1584945,-0.15849482,-0.23867357,-0.1666669,-0.16813041,-0.10929718,-0.22895765,-0.23728925,-0.15522301,-0.22850217,-0.3768707,-0.08556121,-0.15481403,-0.058144663,-0.15467381,-0.15843286,-0.19931981,-0.1978925,-0.13068074,-0.1551875,-0.12711628,-0.20043859,-0.11658599,-0.182019,-0.25032333,-0.1509206,-0.15519312,-0.15142563,-0.10844302,-0.18249588,-0.28454733,-0.15520994,-0.13088414,-0.1552206,-0.22338755,-0.15522338,-0.29867563,-0.15522346,-0.29356226,-0.13014938,-0.15507889,-0.13691942,-0.15521781,-0.23188588,-0.24781659,-0.1296162,-0.13089079,-0.24679694,-0.18279888,-0.25087595,-0.26027086,-0.28621647,-0.27511892,-0.11894142,-0.15513593,-0.040142577,-0.056944285,-0.1545106,-0.11274739,-0.13743341,-0.13076855,-0.15520212,-0.15849006,-0.1584946,-0.15849522,-0.27573854,-0.15518443,-0.13077158,-0.16243835,-0.12334165,-0.14074792,-0.15518916,-0.15887658,-0.14481027,-0.13086724,-0.18691605,-0.14998752,-0.15521131,-0.15847339,-0.15848485,-0.15842119,-0.120334074,-0.13700745,-0.08858878,-0.15520531,-0.19008024,-0.15521654,-0.2004665,-0.11139822,-0.1388583,-0.13027036,-0.1074974,-0.15152657,-0.15511954,-0.158185,-0.10065024,-0.08152827,-0.09427856,-0.15516916,-0.11960925,-0.15027548,-0.16982608,-0.1185138,-0.15518704,-0.15848845,-0.17738779,-0.15176103,-0.15521948,-0.25953975,-0.17989698,-0.13525523,-0.15521659,-0.15095688,-0.17780018,-0.2009549,-0.15519758,-0.09015879,-0.15491913,-0.12151222,-0.121854745,-0.13997786,-0.21433522,-0.13908121,-0.16057305,-0.15514454,-0.07092635,-0.1545909,-0.1577495,-0.18733518,-0.1549749,-0.13075525,-0.12334781,-0.14100276,-0.15517609,-0.114095174,-0.25318068,-0.26654312,-0.12991978,-0.10945694,-0.1551669,-0.09238048,-0.20963459,-0.15521681,-0.15841621,-0.13021968,-0.15514655,-0.16015086,-0.1553517,-0.1552212,-0.19704957,-0.20616047,-0.12962234,-0.10460003,-0.11361031,-0.10256614,-0.15521365,-0.19495486,-0.15519002,-0.13013871,-0.15505932,-0.041086134,-0.12967405,-0.15522006,-0.2300741,-0.15519938,-0.10384405,-0.1538026,-0.0784167,-0.15507957,-0.12766197,-0.1550982,-0.121451,-0.075820275,-0.09192432,-0.101488546,-0.15495357,-0.15839976,-0.12378413,-0.1550681,-0.1410757,-0.13984437,-0.18093297,-0.15522239,-0.25777104,-0.12844054,-0.15513292,-0.13462572,-0.119081676,-0.15519279,-0.1584906,-0.15849221,-0.15849331,-0.19755594,-0.25103784,-0.20219928,-0.19465852,-0.24831252,-0.20506537,-0.22091979,-0.15520798,-0.13044086,-0.11956477,-0.15520254,-0.15848702,-0.20931396,-0.18224281,-0.15519488,-0.32474133,-0.15522048,-0.1584959,-0.15849483,-0.15849444,-0.2185038,-0.1551941,-0.114121355,-0.15519701,-0.15848163,-0.15848726,-0.22984435,-0.15521419,-0.15847105,-0.08963354,-0.1551151,-0.15844685,-0.15846561,-0.15846583,-0.13302092,-0.1051107,-0.14014931,-0.15141064,-0.15839578,-0.15615125,-0.14613561,-0.1552105,-0.12319561,-0.13084069,-0.15517688,-0.15849575,-0.15849529,-0.15849528,-0.15849578,-0.38518023,-0.11451449,-0.15518306,-0.15564899,-0.14443555,-0.16636807,-0.15521611,-0.15842372,-0.12993515,-0.047159404,-0.14961043,-0.14016809,-0.14106366,-0.15507619,-0.19987361,-0.1649412,-0.17166539,-0.15519413,-0.15845346,-0.12722544,-0.14610182,-0.2588673,-0.13061696,-0.1550952,-0.09132757,-0.12832497,-0.13684332,-0.16221203,-0.15659244,-0.1299786,-0.1549708,-0.15840311,-0.15845083,-0.15848401,-0.15740095,-0.19795567,-0.15106063,-0.07294749,-0.2039893,-0.1551842,-0.15844873,-0.104459345,-0.15481807,-0.17466888,-0.13176009,-0.15518998,-0.15109587,-0.10913184,-0.15502992,-0.05825615,-0.14326635,-0.17082691,-0.15513194,-0.18883844,-0.15522167,-0.31316653,-0.1552127,-0.16808087,-0.14331596,-0.1552141,-0.15849249,-0.25088155,-0.15522204,-0.22115314,-0.07562123,-0.086852394,-0.10702289,-0.060967896,-0.1488874,-0.16796505,-0.15746465,-0.22133875,-0.12812386,-0.0969081,-0.16398169,-0.12716047,-0.11335766,-0.18846886,-0.13083161,-0.17755464,-0.0994983,-0.115196005,-0.15513253,-0.11662802,-0.19749595,-0.14526704,-0.12781724,-0.096878245,-0.15513042,-0.15830067,-0.12434345,-0.11230643,-0.063823454,-0.1550627,-0.11419349,-0.10007019,-0.24483351,-0.15522249,-0.15848483,-0.16344379,-0.1759062,-0.12524253,-0.15520799,-0.0782174,-0.19187105,-0.18185812,-0.09859173,-0.11065883,-0.154886,-0.15817693,-0.083404,-0.1213824,-0.13072303,-0.13855581,-0.19385117,-0.15518685,-0.1584893,-0.19487974,-0.23847799,-0.2432746,-0.13048735,-0.15502074,-0.15846166,-0.14520228,-0.2961179,-0.15522178,-0.19813283,-0.13072746,-0.15515974,-0.060104962,-0.15931924,-0.15522012,-0.2028091,-0.2868003,-0.11816878,-0.14795661,-0.10060286,-0.1550694,-0.13614628,-0.20725825,-0.17393659,-0.125103,-0.15657571,-0.15690626,-0.15521872,-0.15849167,-0.16221246,-0.22200036,-0.13090605,-0.2814266,-0.15522291,-0.1915083,-0.24371436,-0.16952515,-0.15514085,-0.13369927,-0.12557748,-0.15521571,-0.18106565,-0.15522265,-0.18642783,-0.15516984,-0.30462334,-0.15511602,-0.14691104,-0.13029914,-0.15520999,-0.15847948,-0.18915205,-0.13082317,-0.1552148,-0.10481856,-0.1650517,-0.15521297,-0.15849373,-0.15846653,-0.13038075,-0.15511832,-0.15846112,-0.15845177,-0.1584634,-0.15847072,-0.16505513,-0.17392421,-0.15520851,-0.15848656,-0.15847683,-0.15848708,-0.2025511,-0.15354379,-0.14723541,-0.15426394,-0.11499533,-0.10471026,-0.11893196,-0.15521188,-0.15842062,-0.13078018,-0.19501048,-0.15521964,-0.18738703,-0.11705899,-0.17429145,-0.15521035,-0.06652963,-0.1549669,-0.10737923,-0.124497145,-0.15298569,-0.052188452,-0.26007295
k__Bacteria|p__Proteobacteria|c__Gammaproteobacteria|o__Pseudomonadales|f__Pseudomonadaceae|g__Pseudomonas|s__Pseudomonas_lactis,-0.1004395,-0.12316422,-0.15491642,-0.15821753,-0.1582178,-0.23867357,-0.1666669,-0.16813041,-0.10929718,-0.22895765,-0.23728925,-0.15492117,-0.22850217,-0.3768707,-0.08556121,-0.1545197,-0.058144663,-0.15439035,-0.15815602,-0.19931981,-0.1978925,-0.13021538,-0.15488619,-0.12711628,-0.20043859,-0.11658599,-0.182019,-0.25032333,-0.1509206,-0.15489116,-0.15142563,-0.10844302,-0.18249588,-0.28454733,-0.15490809,-0.13039938,-0.15491879,-0.22338755,-0.15492153,-0.29867563,-0.15492159,-0.29356226,-0.12971984,-0.15477541,-0.13691942,-0.15491608,-0.23188588,-0.24781659,-0.1296162,-0.13040529,-0.24679694,-0.18279888,-0.25087595,-0.26027086,-0.28621647,-0.27511892,-0.11894142,-0.15483552,-0.040142577,-0.056944285,-0.1542058,-0.11274739,-0.13743341,-0.13029283,-0.15490009,-0.15821317,-0.15821758,-0.15821823,-0.27573854,-0.1548823,-0.13029414,-0.16243835,-0.12334165,-0.14074792,-0.15488778,-0.15887658,-0.14481027,-0.13038419,-0.18691605,-0.14998752,-0.15490964,-0.15819661,-0.15820774,-0.1581429,-0.120334074,-0.13700745,-0.08858878,-0.15490375,-0.19008024,-0.1549148,-0.2004665,-0.11139822,-0.1388583,-0.13027036,-0.1074974,-0.15152657,-0.15481961,-0.15791148,-0.10065024,-0.08152827,-0.09427856,-0.15486842,-0.11960925,-0.15027548,-0.16982608,-0.1185138,-0.154885,-0.15821159,-0.17738779,-0.15176103,-0.15491763,-0.25953975,-0.17989698,-0.13525523,-0.15491486,-0.15095688,-0.17780018,-0.2009549,-0.15489474,-0.09015879,-0.15462515,-0.12151222,-0.121854745,-0.13997786,-0.21433522,-0.13908121,-0.16057305,-0.15484446,-0.07092635,-0.15429732,-0.15745597,-0.18733518,-0.15466489,-0.1302812,-0.12334781,-0.14100276,-0.15487495,-0.114095174,-0.25318068,-0.26654312,-0.1295551,-0.10945694,-0.15486619,-0.09238048,-0.20963459,-0.15491508,-0.15813509,-0.12981361,-0.15484487,-0.16015086,-0.1553517,-0.15491939,-0.19704957,-0.20616047,-0.12926608,-0.10460003,-0.11361031,-0.10256614,-0.15491205,-0.19495486,-0.15488854,-0.1297421,-0.1547615,-0.041086134,-0.12967405,-0.15491813,-0.2300741,-0.15489736,-0.10384405,-0.15352476,-0.0784167,-0.15477887,-0.12766197,-0.15479836,-0.121451,-0.075820275,-0.09192432,-0.101488546,-0.154657,-0.15812494,-0.12378413,-0.1547639,-0.1410757,-0.13984437,-0.18093297,-0.15492055,-0.25777104,-0.12844054,-0.15483142,-0.13462572,-0.119081676,-0.15489179,-0.15821362,-0.15821524,-0.15821633,-0.19755594,-0.25103784,-0.20219928,-0.19465852,-0.24831252,-0.20506537,-0.22091979,-0.15490592,-0.13001066,-0.11956477,-0.15490118,-0.15821007,-0.20931396,-0.18224281,-0.1548925,-0.32474133,-0.1549187,-0.1582189,-0.15821785,-0.15821749,-0.2185038,-0.15489164,-0.114121355,-0.15489477,-0.15820414,-0.15821028,-0.22984435,-0.1549126,-0.15819274,-0.08963354,-0.15481378,-0.1581712,-0.15818846,-0.15818971,-0.13302092,-0.1051107,-0.14014931,-0.15141064,-0.15839578,-0.15615125,-0.14613561,-0.15490904,-0.12319561,-0.13035765,-0.15487437,-0.15821873,-0.15821828,-0.1582183,-0.15821877,-0.38518023,-0.11451449,-0.15488152,-0.15564899,-0.14443555,-0.16636807,-0.1549142,-0.15814415,-0.12993515,-0.047159404,-0.1491958,-0.14016809,-0.14106366,-0.15477496,-0.19987361,-0.1649412,-0.17166539,-0.15489283,-0.15817797,-0.12722544,-0.14610182,-0.2588673,-0.13016894,-0.15479632,-0.09132757,-0.12832497,-0.13684332,-0.16221203,-0.15659244,-0.12961003,-0.15467021,-0.15812764,-0.15817478,-0.15820722,-0.15740095,-0.19795567,-0.15106063,-0.07294749,-0.2039893,-0.15488224,-0.1581733,-0.104459345,-0.15453736,-0.17466888,-0.13176009,-0.1548892,-0.15109587,-0.10913184,-0.15473047,-0.05825615,-0.14326635,-0.17082691,-0.15483029,-0.18883844,-0.15491979,-0.31316653,-0.15491042,-0.16808087,-0.14331596,-0.15491238,-0.15821543,-0.25088155,-0.15492016,-0.22115314,-0.07562123,-0.086852394,-0.10702289,-0.060967896,-0.148489,-0.16796505,-0.15746465,-0.22133875,-0.12812386,-0.0969081,-0.16398169,-0.12716047,-0.11335766,-0.18846886,-0.13035095,-0.17755464,-0.0994983,-0.115196005,-0.15483144,-0.11662802,-0.19749595,-0.14526704,-0.12781724,-0.096878245,-0.15483126,-0.15802738,-0.12434345,-0.11230643,-0.063823454,-0.15476355,-0.11419349,-0.10007019,-0.24483351,-0.15492065,-0.15820746,-0.16344379,-0.1759062,-0.12524253,-0.15490645,-0.0782174,-0.19187105,-0.18185812,-0.09859173,-0.11065883,-0.1545915,-0.15790536,-0.083404,-0.1213824,-0.13072303,-0.13855581,-0.19385117,-0.15488473,-0.15821238,-0.19487974,-0.23847799,-0.2432746,-0.1300339,-0.15472192,-0.15818469,-0.14520228,-0.2961179,-0.15491995,-0.19813283,-0.13025935,-0.15485805,-0.060104962,-0.15931924,-0.15491824,-0.2028091,-0.2868003,-0.11816878,-0.14795661,-0.10060286,-0.15476769,-0.13614628,-0.20725825,-0.17393659,-0.125103,-0.15657571,-0.15690626,-0.15491688,-0.15821473,-0.16221246,-0.22200036,-0.13041994,-0.2814266,-0.15492105,-0.1915083,-0.24371436,-0.16952515,-0.15483665,-0.13369927,-0.12557748,-0.15491384,-0.18106565,-0.15492082,-0.18642783,-0.15486611,-0.30462334,-0.154813,-0.14691104,-0.13029914,-0.15490827,-0.15820277,-0.18915205,-0.13034326,-0.1549131,-0.10481856,-0.1650517,-0.15491098,-0.15821671,-0.15818863,-0.12995847,-0.15481871,-0.15818384,-0.1581749,-0.15818617,-0.15819402,-0.16505513,-0.17392421,-0.15490662,-0.15820973,-0.1581999,-0.15821022,-0.2025511,-0.15354379,-0.14723541,-0.15394287,-0.11499533,-0.10471026,-0.11893196,-0.15491015,-0.15814164,-0.13030428,-0.19501048,-0.15491775,-0.18738703,-0.11705899,-0.17429145,-0.15490846,-0.06652963,-0.15467131,-0.10737923,-0.124497145,-0.15298569,-0.052188452,-0.26007295
k__Bacteria|p__Proteobacteria|c__Gammaproteobacteria|o__Pseudomonadales|f__Pseudomonadaceae|g__Pseudomonas|s__Pseudomonas_fragi,-0.1004395,-0.12316422,-0.15530476,-0.15861955,-0.1586198,-0.23867357,-0.1666669,-0.16813041,-0.10929718,-0.22895765,-0.23728925,-0.15530924,-0.22850217,-0.3768707,-0.08556121,-0.15492736,-0.058144663,-0.1548057,-0.15856162,-0.19931981,-0.1978925,-0.13049918,-0.1552763,-0.12711628,-0.20043859,-0.11658599,-0.182019,-0.25032333,-0.1509206,-0.15528111,-0.15142563,-0.10844302,-0.18249588,-0.28454733,-0.15529704,-0.1306855,-0.15530701,-0.22338755,-0.15530959,-0.29867563,-0.15530965,-0.29356226,-0.12999602,-0.15517232,-0.13691942,-0.15530446,-0.23188588,-0.24781659,-0.1296162,-0.13069135,-0.24679694,-0.18279888,-0.25087595,-0.26027086,-0.28621647,-0.27511892,-0.11894142,-0.1552282,-0.040142577,-0.056944285,-0.1546351,-0.11274739,-0.13743341,-0.1305778,-0.15528938,-0.15861541,-0.15861961,-0.1586202,-0.27573854,-0.15527257,-0.13058043,-0.16243835,-0.12334165,-0.14074792,-0.15527773,-0.15887658,-0.14481027,-0.13067035,-0.18691605,-0.14998752,-0.15529835,-0.15859981,-0.15861031,-0.15855032,-0.120334074,-0.13700745,-0.08858878,-0.15529281,-0.19008024,-0.15530324,-0.2004665,-0.11139822,-0.1388583,-0.13027036,-0.1074974,-0.15152657,-0.15521322,-0.15832761,-0.10065024,-0.08152827,-0.09427856,-0.15525946,-0.11960925,-0.15027548,-0.16982608,-0.1185138,-0.15527532,-0.15861392,-0.17738779,-0.15176103,-0.1553059,-0.25953975,-0.17989698,-0.13525523,-0.15530328,-0.15095688,-0.17780018,-0.2009549,-0.15528458,-0.09015879,-0.15502879,-0.12151222,-0.121854745,-0.13997786,-0.21433522,-0.13908121,-0.16057305,-0.15523669,-0.07092635,-0.15471847,-0.15790257,-0.18733518,-0.1550681,-0.1305606,-0.12334781,-0.14100276,-0.15526563,-0.114095174,-0.25318068,-0.26654312,-0.12979344,-0.10945694,-0.1552573,-0.09238048,-0.20963459,-0.15530348,-0.15854357,-0.13005999,-0.15523735,-0.16015086,-0.1553517,-0.15530756,-0.19704957,-0.20616047,-0.12948619,-0.10460003,-0.11361031,-0.10256614,-0.15530065,-0.19495486,-0.15527889,-0.12997565,-0.15515818,-0.041086134,-0.12967405,-0.1553064,-0.2300741,-0.15528747,-0.10384405,-0.15398787,-0.0784167,-0.155175,-0.12766197,-0.15519315,-0.121451,-0.075820275,-0.09192432,-0.101488546,-0.15505871,-0.1585319,-0.12378413,-0.15516129,-0.1410757,-0.13984437,-0.18093297,-0.15530866,-0.25777104,-0.12844054,-0.1552251,-0.13462572,-0.119081676,-0.15528145,-0.15861584,-0.15861738,-0.15861842,-0.19755594,-0.25103784,-0.20219928,-0.19465852,-0.24831252,-0.20506537,-0.22091979,-0.15529504,-0.13026637,-0.11956477,-0.15529037,-0.15861252,-0.20931396,-0.18224281,-0.15528244,-0.32474133,-0.1553069,-0.15862085,-0.15861985,-0.1586195,-0.2185038,-0.15528178,-0.114121355,-0.15528446,-0.15860698,-0.15861276,-0.22984435,-0.15530111,-0.15859652,-0.08963354,-0.15520792,-0.15857574,-0.15859216,-0.15859324,-0.13302092,-0.1051107,-0.14014931,-0.15141064,-0.15839578,-0.15615125,-0.14613561,-0.15529779,-0.12319561,-0.13064454,-0.15526518,-0.15862067,-0.15862025,-0.15862024,-0.15862072,-0.38518023,-0.11451449,-0.15527186,-0.15564899,-0.14443555,-0.16636807,-0.15530267,-0.15855128,-0.12993515,-0.047159404,-0.1499236,-0.14016809,-0.14106366,-0.15517133,-0.19987361,-0.1649412,-0.17166539,-0.15528247,-0.15858208,-0.12722544,-0.14610182,-0.2588673,-0.13044171,-0.15519075,-0.09132757,-0.12832497,-0.13684332,-0.16221203,-0.15659244,-0.1298427,-0.15507197,-0.15853456,-0.15857917,-0.15860981,-0.15740095,-0.19795567,-0.15106063,-0.07294749,-0.2039893,-0.15527251,-0.15857762,-0.104459345,-0.15491754,-0.17466888,-0.13176009,-0.15527901,-0.15109587,-0.10913184,-0.1551286,-0.05825615,-0.14326635,-0.17082691,-0.15522355,-0.18883844,-0.15530795,-0.31316653,-0.15529922,-0.16808087,-0.14331596,-0.15530095,-0.15861759,-0.25088155,-0.15530829,-0.22115314,-0.07562123,-0.086852394,-0.10702289,-0.060967896,-0.149253,-0.16796505,-0.15746465,-0.22133875,-0.12812386,-0.0969081,-0.16398169,-0.12716047,-0.11335766,-0.18846886,-0.13063712,-0.17755464,-0.0994983,-0.115196005,-0.15522453,-0.11662802,-0.19749595,-0.14526704,-0.12781724,-0.096878245,-0.15522419,-0.15843956,-0.12434345,-0.11230643,-0.063823454,-0.15516001,-0.11419349,-0.10007019,-0.24483351,-0.15530875,-0.15861046,-0.16344379,-0.1759062,-0.12524253,-0.15529534,-0.0782174,-0.19187105,-0.18185812,-0.09859173,-0.11065883,-0.15499713,-0.15832424,-0.083404,-0.1213824,-0.13072303,-0.13855581,-0.19385117,-0.15527494,-0.15861471,-0.19487974,-0.23847799,-0.2432746,-0.13031402,-0.15512075,-0.15858863,-0.14520228,-0.2961179,-0.15530808,-0.19813283,-0.1305415,-0.15524964,-0.060104962,-0.15931924,-0.15530649,-0.2028091,-0.2868003,-0.11816878,-0.14795661,-0.10060286,-0.15516444,-0.13614628,-0.20725825,-0.17393659,-0.125103,-0.15657571,-0.15690626,-0.15530519,-0.15861693,-0.16221246,-0.22200036,-0.13070548,-0.2814266,-0.15530914,-0.1915083,-0.24371436,-0.16952515,-0.15523122,-0.13369927,-0.12557748,-0.15530235,-0.18106565,-0.1553089,-0.18642783,-0.15525818,-0.30462334,-0.15520737,-0.14691104,-0.13029914,-0.15529707,-0.15860562,-0.18915205,-0.13063054,-0.15530163,-0.10481856,-0.1650517,-0.15529966,-0.15861878,-0.15859328,-0.1302212,-0.15521224,-0.15858781,-0.15857935,-0.15859002,-0.15859738,-0.16505513,-0.17392421,-0.15529552,-0.15861216,-0.15860292,-0.15861264,-0.2025511,-0.15354379,-0.14723541,-0.15438843,-0.11499533,-0.10471026,-0.11893196,-0.15529883,-0.15854944,-0.13059136,-0.19501048,-0.15530601,-0.18738703,-0.11705899,-0.17429145,-0.15529782,-0.06652963,-0.15507211,-0.10737923,-0.124497145,-0.15298569,-0.052188452,-0.26007295
k__Bacteria|p__Proteobacteria|c__Gammaproteobacteria|o__Moraxellales|f__Moraxellaceae|g__Acinetobacter|s__Acinetobacter_guillouiae,-0.1004395,-0.12316422,-0.15535314,-0.15871188,-0.1587122,-0.23867357,-0.1666669,-0.16813041,-0.10929718,-0.22895765,-0.23728925,-0.15535861,-0.22850217,-0.3768707,-0.08556121,-0.15490179,-0.058144663,-0.1547482,-0.1586414,-0.19931981,-0.1978925,-0.13019706,-0.15531841,-0.12711628,-0.20043859,-0.11658599,-0.182019,-0.25032333,-0.1509206,-0.15532419,-0.15142563,-0.10844302,-0.18249588,-0.28454733,-0.15534371,-0.13040839,-0.15535587,-0.22338755,-0.155359,-0.29867563,-0.15535909,-0.29356226,-0.12964591,-0.1551919,-0.13691942,-0.15535274,-0.23188588,-0.24781659,-0.1296162,-0.1304152,-0.24679694,-0.18279888,-0.25087595,-0.26027086,-0.28621647,-0.27511892,-0.11894142,-0.1552603,-0.040142577,-0.056944285,-0.1545384,-0.11274739,-0.13743341,-0.13028589,-0.15533446,-0.15870684,-0.15871194,-0.15871266,-0.27573854,-0.1553142,-0.1302887,-0.16243835,-0.12334165,-0.14074792,-0.15532018,-0.15887658,-0.14481027,-0.130391,-0.18691605,-0.14998752,-0.15534532,-0.15868783,-0.15870066,-0.15862721,-0.120334074,-0.13700745,-0.08858878,-0.15533859,-0.19008024,-0.15535125,-0.2004665,-0.11139822,-0.1388583,-0.13027036,-0.1074974,-0.15152657,-0.15524177,-0.15837044,-0.10065024,-0.08152827,-0.09427856,-0.15529792,-0.11960925,-0.15027548,-0.16982608,-0.1185138,-0.15531716,-0.15870501,-0.17738779,-0.15176103,-0.15535453,-0.25953975,-0.17989698,-0.13525523,-0.15535134,-0.15095688,-0.17780018,-0.2009549,-0.1553286,-0.09015879,-0.15501818,-0.12151222,-0.121854745,-0.13997786,-0.21433522,-0.13908121,-0.16057305,-0.15527034,-0.07092635,-0.15464467,-0.15784138,-0.18733518,-0.1550664,-0.13027495,-0.12334781,-0.14100276,-0.15530542,-0.114095174,-0.25318068,-0.26654312,-0.12943928,-0.10945694,-0.15529534,-0.09238048,-0.20963459,-0.15535158,-0.15861815,-0.12974097,-0.15527123,-0.16015086,-0.1553517,-0.15535653,-0.19704957,-0.20616047,-0.12911642,-0.10460003,-0.11361031,-0.10256614,-0.15534809,-0.19495486,-0.15532121,-0.12965192,-0.15517505,-0.041086134,-0.12967405,-0.15535513,-0.2300741,-0.15533128,-0.10384405,-0.1537607,-0.0784167,-0.15519544,-0.12766197,-0.1552175,-0.121451,-0.075820275,-0.09192432,-0.101488546,-0.15505528,-0.15860538,-0.12378413,-0.15518442,-0.1410757,-0.13984437,-0.18093297,-0.15535787,-0.25777104,-0.12844054,-0.15525642,-0.13462572,-0.119081676,-0.15532476,-0.15870738,-0.15870923,-0.1587105,-0.19755594,-0.25103784,-0.20219928,-0.19465852,-0.24831252,-0.20506537,-0.22091979,-0.15534115,-0.129963,-0.11956477,-0.15533558,-0.1587033,-0.20931396,-0.18224281,-0.15532616,-0.32474133,-0.15535575,-0.15871345,-0.15871224,-0.15871182,-0.2185038,-0.15532511,-0.114121355,-0.1553284,-0.15869659,-0.15870355,-0.22984435,-0.15534872,-0.1586842,-0.08963354,-0.15523556,-0.15865853,-0.15867856,-0.15867981,-0.13302092,-0.1051107,-0.14014931,-0.15141064,-0.15839578,-0.15615125,-0.14613561,-0.15534462,-0.12319561,-0.13036022,-0.155305,-0.15871325,-0.15871273,-0.15871274,-0.1587133,-0.38518023,-0.11451449,-0.15531304,-0.15564899,-0.14443555,-0.16636807,-0.15535061,-0.1586281,-0.12993515,-0.047159404,-0.14881155,-0.14016809,-0.14106366,-0.15519074,-0.19987361,-0.1649412,-0.17166539,-0.15532598,-0.15866624,-0.12722544,-0.14610182,-0.2588673,-0.13014166,-0.15521513,-0.09132757,-0.12832497,-0.13684332,-0.16221203,-0.15659244,-0.12950568,-0.15507135,-0.1586086,-0.15866268,-0.15870002,-0.15740095,-0.19795567,-0.15106063,-0.07294749,-0.2039893,-0.15531398,-0.15866087,-0.104459345,-0.15493947,-0.17466888,-0.13176009,-0.1553217,-0.15109587,-0.10913184,-0.15514031,-0.05825615,-0.14326635,-0.17082691,-0.15525436,-0.18883844,-0.15535702,-0.31316653,-0.15534633,-0.16808087,-0.14331596,-0.15534848,-0.15870947,-0.25088155,-0.15535744,-0.22115314,-0.07562123,-0.086852394,-0.10702289,-0.060967896,-0.14799553,-0.16796505,-0.15746465,-0.22133875,-0.12812386,-0.0969081,-0.16398169,-0.12716047,-0.11335766,-0.18846886,-0.13035265,-0.17755464,-0.0994983,-0.115196005,-0.15525556,-0.11662802,-0.19749595,-0.14526704,-0.12781724,-0.096878245,-0.1552551,-0.15849331,-0.12434345,-0.11230643,-0.063823454,-0.15517771,-0.11419349,-0.10007019,-0.24483351,-0.155358,-0.15870038,-0.16344379,-0.1759062,-0.12524253,-0.15534166,-0.0782174,-0.19187105,-0.18185812,-0.09859173,-0.11065883,-0.15497959,-0.15835327,-0.083404,-0.1213824,-0.13072303,-0.13855581,-0.19385117,-0.15531683,-0.15870595,-0.19487974,-0.23847799,-0.2432746,-0.12998553,-0.15512976,-0.1586742,-0.14520228,-0.2961179,-0.15535718,-0.19813283,-0.13024661,-0.15528625,-0.060104962,-0.15931924,-0.15535523,-0.2028091,-0.2868003,-0.11816878,-0.14795661,-0.10060286,-0.15518263,-0.13614628,-0.20725825,-0.17393659,-0.125103,-0.15657571,-0.15690626,-0.15535367,-0.15870866,-0.16221246,-0.22200036,-0.13043201,-0.2814266,-0.15535846,-0.1915083,-0.24371436,-0.16952515,-0.15526295,-0.13369927,-0.12557748,-0.15535021,-0.18106565,-0.15535818,-0.18642783,-0.15529612,-0.30462334,-0.1552347,-0.14691104,-0.13029914,-0.15534374,-0.15869486,-0.18915205,-0.1303438,-0.15534931,-0.10481856,-0.1650517,-0.15534694,-0.15871093,-0.15867883,-0.1298901,-0.15524074,-0.15867327,-0.15866299,-0.15867597,-0.1586849,-0.16505513,-0.17392421,-0.1553419,-0.15870288,-0.15869164,-0.15870345,-0.2025511,-0.15354379,-0.14723541,-0.15423955,-0.11499533,-0.10471026,-0.11893196,-0.15534592,-0.15862563,-0.13029912,-0.19501048,-0.15535468,-0.18738703,-0.11705899,-0.17429145,-0.15534405,-0.06652963,-0.15507205,-0.10737923,-0.124497145,-0.15298569,-0.052188452,-0.26007295
k__Bacteria|p__Proteobacteria|c__Gammaproteobacteria|o__Pasteurellales|f__Pasteurellaceae|g__Haemophilus|s__Haemophilus_pittmaniae,-0.1004395,-0.12316422,-0.15486535,-0.15821084,-0.1582111,-0.23867357,-0.1666669,-0.16813041,-0.10929718,-0.22895765,-0.23728925,-0.15486997,-0.22850217,-0.3768707,-0.08556121,-0.1544883,-0.058144663,-0.15436852,-0.15815137,-0.19931981,-0.1978925,-0.12983908,-0.15483654,-0.12711628,-0.20043859,-0.11658599,-0.182019,-0.25032333,-0.1509206,-0.15484083,-0.15142563,-0.10844302,-0.18249588,-0.28454733,-0.15485728,-0.13001943,-0.15486768,-0.22338755,-0.1548703,-0.29867563,-0.15487036,-0.29356226,-0.12934878,-0.15472749,-0.13691942,-0.15486512,-0.23188588,-0.24781659,-0.1296162,-0.13002479,-0.24679694,-0.18279888,-0.25087595,-0.26027086,-0.28621647,-0.27511892,-0.11894142,-0.15478753,-0.040142577,-0.056944285,-0.15417004,-0.11274739,-0.13743341,-0.12991185,-0.15484923,-0.15820666,-0.15821086,-0.1582115,-0.27573854,-0.15483177,-0.12991525,-0.16243835,-0.12334165,-0.14074792,-0.15483782,-0.15887658,-0.14481027,-0.13000515,-0.18691605,-0.14998752,-0.15485886,-0.1581906,-0.15820114,-0.15813944,-0.120334074,-0.13700745,-0.08858878,-0.15485322,-0.19008024,-0.15486383,-0.2004665,-0.11139822,-0.1388583,-0.13027036,-0.1074974,-0.15152657,-0.15477234,-0.15791982,-0.10065024,-0.08152827,-0.09427856,-0.15481961,-0.11960925,-0.15027548,-0.16982608,-0.1185138,-0.15483484,-0.15820512,-0.17738779,-0.15176103,-0.15486652,-0.25953975,-0.17989698,-0.13525523,-0.15486391,-0.15095688,-0.17780018,-0.2009549,-0.15484372,-0.09015879,-0.15458739,-0.12151222,-0.121854745,-0.13997786,-0.21433522,-0.13908121,-0.16057305,-0.15479665,-0.07092635,-0.15427044,-0.1574539,-0.18733518,-0.1546141,-0.12989604,-0.12334781,-0.14100276,-0.15482554,-0.114095174,-0.25318068,-0.26654312,-0.1291517,-0.10945694,-0.15481736,-0.09238048,-0.20963459,-0.15486412,-0.15813059,-0.12941279,-0.1547963,-0.16015086,-0.1553517,-0.15486823,-0.19704957,-0.20616047,-0.12885976,-0.10460003,-0.11361031,-0.10256614,-0.1548613,-0.19495486,-0.15483901,-0.12932736,-0.15471813,-0.041086134,-0.12967405,-0.15486693,-0.2300741,-0.15484753,-0.10384405,-0.153531,-0.0784167,-0.15473294,-0.12766197,-0.15475187,-0.121451,-0.075820275,-0.09192432,-0.101488546,-0.15461533,-0.15812238,-0.12378413,-0.15472259,-0.1410757,-0.13984437,-0.18093297,-0.15486936,-0.25777104,-0.12844054,-0.1547845,-0.13462572,-0.119081676,-0.15484206,-0.15820704,-0.15820864,-0.15820967,-0.19755594,-0.25103784,-0.20219928,-0.19465852,-0.24831252,-0.20506537,-0.22091979,-0.15485509,-0.12961026,-0.11956477,-0.1548509,-0.1582036,-0.20931396,-0.18224281,-0.15484205,-0.32474133,-0.15486762,-0.15821216,-0.15821114,-0.1582108,-0.2185038,-0.15484163,2.7772586,-0.15484405,-0.15819737,-0.15820387,-0.22984435,-0.15486181,-0.15818664,-0.08963354,-0.15476605,-0.15816684,-0.15818241,-0.15818447,-0.13302092,-0.1051107,-0.14014931,-0.15141064,-0.15839578,-0.15615125,-0.14613561,-0.15485853,-0.12319561,-0.12997839,-0.15482374,-0.15821198,-0.15821154,-0.15821154,-0.15821204,-0.38518023,-0.11451449,-0.15483159,-0.15564899,-0.14443555,-0.16636807,-0.1548631,-0.15813811,-0.12993515,-0.047159404,-0.14920369,-0.14016809,-0.14106366,-0.15472792,-0.19987361,-0.1649412,-0.17166539,-0.15484273,-0.1581735,-0.12722544,-0.14610182,-0.2588673,-0.12978739,-0.15475026,-0.09132757,-0.12832497,-0.13684332,-0.16221203,-0.15659244,-0.12918463,-0.15462658,-0.15812442,-0.15817,-0.15820096,-0.15740095,-0.19795567,-0.15106063,-0.07294749,-0.2039893,-0.15483186,-0.158169,-0.104459345,-0.15448257,-0.17466888,-0.13176009,-0.15483972,-0.15109587,-0.10913184,-0.15468602,-0.05825615,-0.14326635,-0.17082691,-0.15478158,-0.18883844,-0.1548686,-0.31316653,-0.15485916,-0.16808087,-0.14331596,-0.1548615,-0.15820871,-0.25088155,-0.15486893,-0.22115314,-0.07562123,-0.086852394,-0.10702289,-0.060967896,-0.14851388,-0.16796505,-0.15746465,-0.22133875,-0.12812386,-0.0969081,-0.16398169,-0.12716047,-0.11335766,-0.18846886,-0.12997186,-0.17755464,-0.0994983,-0.115196005,-0.15478314,-0.11662802,-0.19749595,-0.14526704,-0.12781724,-0.096878245,-0.15478462,-0.15802813,-0.12434345,-0.11230643,-0.063823454,-0.15471853,-0.11419349,-0.10007019,-0.24483351,-0.15486947,-0.15820123,-0.16344379,-0.1759062,-0.12524253,-0.1548559,-0.0782174,-0.19187105,-0.18185812,-0.09859173,-0.11065883,-0.15455419,-0.15791091,-0.083404,-0.1213824,-0.13072303,-0.13855581,-0.19385117,-0.15483421,-0.15820593,-0.19487974,-0.23847799,-0.2432746,-0.12965353,-0.15467796,-0.15817893,-0.14520228,-0.2961179,-0.15486878,-0.19813283,-0.12988004,-0.15480852,-0.060104962,-0.15931924,-0.15486708,-0.2028091,-0.2868003,-0.11816878,-0.14795661,-0.10060286,-0.1547205,-0.13614628,-0.20725825,-0.17393659,-0.125103,-0.15657571,-0.15690626,-0.15486577,-0.15820816,-0.16221246,-0.22200036,-0.13003892,-0.2814266,-0.15486982,-0.1915083,-0.24371436,-0.16952515,-0.15478908,-0.13369927,-0.12557748,-0.15486284,-0.18106565,-0.15486962,-0.18642783,-0.15481594,-0.30462334,-0.15476346,-0.14691104,-0.13029914,-0.15485747,-0.15819669,-0.18915205,-0.12996626,-0.15486225,-0.10481856,-0.1650517,-0.15485993,-0.15821001,-0.15818323,-0.12956598,-0.1547718,-0.15817775,-0.15816945,-0.15818013,-0.15818836,-0.16505513,-0.17392421,-0.15485573,-0.15820332,-0.15819374,-0.15820384,-0.2025511,-0.15354379,-0.14723541,-0.15389913,-0.11499533,-0.10471026,-0.11893196,-0.15485929,-0.15813792,-0.12992856,-0.19501048,-0.15486655,-0.18738703,-0.11705899,-0.17429145,-0.15485847,-0.06652963,-0.15463209,-0.10737923,-0.124497145,-0.15298569,-0.052188452,-0.26007295
k__Bacteria|p__Proteobacteria|c__Betaproteobacteria|o__Neisseriales|f__Neisseriaceae|g__Neisseria|s__Neisseria_cinerea,-0.1004395,-0.12316422,-0.1546796,-0.15801476,-0.15801501,-0.23867357,-0.1666669,-0.16813041,-0.10929718,-0.22895765,-0.23728925,-0.15468407,-0.22850217,-0.3768707,-0.08556121,-0.15430933,-0.058144663,-0.15418947,-0.15795726,-0.19931981,-0.1978925,-0.12974313,-0.1546514,-0.12711628,-0.20043859,-0.11658599,-0.182019,-0.25032333,-0.1509206,-0.15465593,-0.15142563,-0.10844302,-0.18249588,-0.28454733,-0.15467182,-0.12990999,-0.15468183,-0.22338755,-0.1546844,-0.29867563,-0.15468445,-0.29356226,-0.12929653,-0.1545474,-0.13691942,-0.1546793,-0.23188588,-0.24781659,-0.1296162,-0.12991539,-0.24679694,-0.18279888,-0.25087595,-0.26027086,-0.28621647,-0.27511892,-0.11894142,-0.15460421,-0.040142577,-0.056944285,-0.15401334,-0.11274739,-0.13743341,-0.1298142,-0.1546643,-0.15801068,-0.1580148,-0.1580154,-0.27573854,-0.15464792,-0.12981397,-0.16243835,-0.12334165,-0.14074792,-0.15465283,-0.15887658,-0.14481027,-0.12989631,-0.18691605,-0.14998752,-0.15467328,-0.15799522,-0.15800558,-0.15794475,-0.120334074,-0.13700745,-0.08858878,-0.1546678,-0.19008024,-0.1546781,-0.2004665,-0.11139822,-0.1388583,-0.13027036,1.4774019,-0.15152657,-0.1545893,-0.15772659,-0.10065024,-0.08152827,-0.09427856,-0.15463485,-0.11960925,-0.15027548,-0.16982608,-0.1185138,-0.15465015,-0.15800919,-0.17738779,-0.15176103,-0.15468073,-0.25953975,-0.17989698,-0.13525523,-0.15467817,-0.15095688,-0.17780018,-0.2009549,-0.15465921,-0.09015879,-0.15440825,-0.12151222,-0.121854745,-0.13997786,-0.21433522,-0.13908121,-0.16057305,-0.15461254,-0.07092635,-0.15410116,-0.1572987,-0.18733518,-0.15444219,-0.12980641,-0.12334781,-0.14100276,-0.1546409,-0.114095174,-0.25318068,-0.26654312,-0.12915406,-0.10945694,-0.15463275,-0.09238048,-0.20963459,-0.15467836,-0.15793654,-0.12938519,-0.15461266,-0.16015086,-0.1553517,-0.15468237,-0.19704957,-0.20616047,-0.1288898,-0.10460003,-0.11361031,-0.10256614,-0.15467554,-0.19495486,-0.15465355,-0.12931956,-0.1545349,-0.041086134,-0.12967405,-0.1546812,-0.2300741,-0.15466177,2.186093,-0.1533797,-0.0784167,-0.15455118,-0.12766197,-0.15456942,-0.121451,-0.075820275,-0.09192432,-0.101488546,-0.15443817,-0.15792844,-0.12378413,-0.15453584,-0.1410757,-0.13984437,-0.18093297,-0.15468347,-0.25777104,-0.12844054,-0.15460023,-0.13462572,-0.119081676,-0.15465671,-0.15801111,-0.1580126,-0.15801363,-0.19755594,-0.25103784,-0.20219928,-0.19465852,-0.24831252,-0.20506537,-0.22091979,-0.15466975,-0.12956326,-0.11956477,-0.15466538,-0.15800777,-0.20931396,-0.18224281,-0.15465716,-0.32474133,-0.15468174,-0.15801604,-0.15801506,-0.15801471,-0.2185038,-0.15465654,-0.114121355,-0.15465933,-0.15800214,-0.15800798,-0.22984435,-0.15467605,-0.1579918,-0.08963354,-0.15458381,-0.15797162,-0.15798753,-0.15798886,-0.13302092,-0.1051107,-0.14014931,-0.15141064,-0.15839578,-0.15615125,-0.14613561,-0.15467277,-0.12319561,-0.12987125,-0.1546401,-0.15801588,-0.15801546,-0.15801546,-0.1580159,-0.38518023,-0.11451449,-0.15464696,-0.15564899,-0.14443555,-0.16636807,-0.15467751,-0.15794566,-0.12993515,-0.047159404,-0.1492975,-0.14016809,-0.14106366,-0.15454715,-0.19987361,-0.1649412,-0.17166539,-0.15465759,-0.15797794,-0.12722544,-0.14610182,-0.2588673,-0.1297034,-0.15456772,-0.09132757,-0.12832497,-0.13684332,-0.16221203,-0.15659244,-0.12921318,-0.15445,-0.15793097,-0.15797487,-0.15800512,-0.15740095,-0.19795567,-0.15106063,-0.07294749,-0.2039893,-0.15464759,-0.15797365,-0.104459345,-0.15432876,-0.17466888,-0.13176009,-0.15465426,-0.15109587,-0.10913184,-0.15450631,-0.05825615,-0.14326635,-0.17082691,-0.15459904,-0.18883844,-0.15468276,-0.31316653,-0.15467393,-0.16808087,-0.14331596,-0.15467584,-0.15801278,-0.25088155,-0.1546831,-0.22115314,-0.07562123,-0.086852394,-0.10702289,-0.060967896,-0.14864215,-0.16796505,-0.15746465,-0.22133875,-0.12812386,-0.0969081,-0.16398169,-0.12716047,-0.11335766,-0.18846886,-0.1298657,-0.17755464,-0.0994983,-0.115196005,-0.15460016,-0.11662802,-0.19749595,-0.14526704,-0.12781724,-0.096878245,-0.15460035,-0.15783751,-0.12434345,-0.11230643,-0.063823454,-0.15453716,-0.11419349,-0.10007019,-0.24483351,-0.15468358,-0.15800524,-0.16344379,-0.1759062,-0.12524253,-0.15467033,-0.0782174,-0.19187105,-0.18185812,-0.09859173,-0.11065883,-0.1543764,-0.15772322,-0.083404,-0.1213824,-0.13072303,-0.13855581,-0.19385117,-0.15464988,-0.15800995,-0.19487974,-0.23847799,-0.2432746,-0.12957269,-0.15449807,-0.157984,-0.14520228,-0.2961179,-0.1546829,-0.19813283,-0.12978378,-0.15462503,-0.060104962,-0.15931924,-0.1546813,-0.2028091,-0.2868003,-0.11816878,-0.14795661,-0.10060286,-0.15454042,-0.13614628,-0.20725825,-0.17393659,-0.125103,-0.15657571,-0.15690626,-0.15468004,-0.15801215,-0.16221246,-0.22200036,-0.12992892,-0.2814266,-0.15468395,-0.1915083,-0.24371436,-0.16952515,-0.1546047,-0.13369927,-0.12557748,-0.1546772,-0.18106565,-0.15468372,-0.18642783,-0.1546323,-0.30462334,-0.15458255,-0.14691104,-0.13029914,-0.15467197,-0.15800098,-0.18915205,-0.12985873,-0.15467653,-0.10481856,-0.1650517,-0.1546745,-0.15801397,-0.15798758,-0.12950845,-0.15458849,-0.15798317,-0.15797494,-0.15798536,-0.15799287,-0.16505513,-0.17392421,-0.15467042,-0.15800747,-0.15799826,-0.15800792,-0.2025511,-0.15354379,-0.14723541,-0.15376452,-0.11499533,-0.10471026,-0.11893196,-0.15467373,-0.15794319,-0.12982303,-0.19501048,-0.15468082,-0.18738703,-0.11705899,-0.17429145,-0.15467212,-0.06652963,-0.1544511,-0.10737923,-0.124497145,-0.15298569,-0.052188452,-0.26007295
k__Bacteria|p__Proteobacteria|c__Gammaproteobacteria|o__Moraxellales|f__Moraxellaceae|g__Acinetobacter|s__Acinetobacter_baumannii,-0.1004395,-0.12316422,-0.15510346,-0.15850641,-0.15850675,-0.23867357,-0.1666669,-0.16813041,-0.10929718,-0.22895765,-0.23728925,-0.1551097,-0.22850217,-0.3768707,-0.08556121,-0.15458786,-0.058144663,-0.15441966,-0.15842576,-0.19931981,-0.1978925,-0.12959893,-0.15506393,-0.12711628,-0.20043859,-0.11658599,-0.182019,-0.25032333,-0.1509206,-0.1550701,-0.15142563,-0.10844302,-0.18249588,-0.28454733,-0.1550924,-0.12983175,-0.1551066,-0.22338755,-0.15511017,-0.29867563,-0.15511025,-0.29356226,-0.12899505,-0.15491745,-0.13691942,-0.15510304,-0.23188588,-0.24781659,-0.1296162,-0.12983903,-0.24679694,-0.18279888,-0.25087595,-0.26027086,-0.28621647,-0.27511892,-0.11894142,-0.15499797,-0.040142577,-0.056944285,-0.1541681,-0.11274739,-0.13743341,-0.12969705,-0.1550819,-0.15850069,-0.15850645,-0.1585073,-0.27573854,-0.15505862,-0.12969835,-0.16243835,-0.12334165,-0.14074792,-0.15506597,-0.15887658,-0.14481027,-0.12981236,-0.18691605,-0.14998752,-0.15509461,-0.15847898,-0.15849349,-0.15840633,-0.120334074,-0.13700745,-0.08858878,-0.15508693,-0.19008024,-0.15510136,-0.2004665,-0.11139822,-0.1388583,-0.13027036,-0.1074974,-0.15152657,-0.15497702,-0.15810455,-0.10065024,-0.08152827,-0.09427856,-0.15504079,-0.11960925,-0.15027548,-0.16982608,-0.1185138,-0.15506205,-0.15849857,-0.17738779,-0.15176103,-0.15510504,-0.25953975,-0.17989698,-0.13525523,-0.15510145,-0.15095688,-0.17780018,-0.2009549,-0.1550743,-0.09015879,-0.15472424,-0.12151222,-0.121854745,-0.13997786,-0.21433522,-0.13908121,-0.16057305,-0.15500963,-0.07092635,-0.15429467,-0.15749854,-0.18733518,-0.15476772,-0.1296887,-0.12334781,-0.14100276,-0.15504923,-0.114095174,-0.25318068,-0.26654312,-0.12878233,-0.10945694,-0.15503791,-0.09238048,-0.20963459,-0.15510175,-0.15839487,-0.129107,-0.15500955,-0.16015086,-0.1553517,-0.15510735,-0.19704957,-0.20616047,-0.12841973,-0.10460003,-0.11361031,-0.10256614,-0.15509781,-0.19495486,-0.15506646,-0.12901406,-0.154901,-0.041086134,-0.12967405,-0.15510568,-0.2300741,-0.15507787,-0.10384405,-0.15328625,-0.0784167,-0.15492353,-0.12766197,-0.15494928,-0.121451,-0.075820275,-0.09192432,-0.101488546,-0.15476578,-0.15838566,-0.12378413,-0.15490282,-0.1410757,-0.13984437,-0.18093297,-0.15510888,-0.25777104,-0.12844054,-0.15499142,-0.13462572,-0.119081676,-0.1550715,-0.1585013,-0.15850338,-0.15850481,-0.19755594,-0.25103784,-0.20219928,-0.19465852,-0.24831252,-0.20506537,-0.22091979,-0.15508944,-0.12935013,-0.11956477,-0.15508357,-0.15849659,-0.20931396,-0.18224281,-0.155072,-0.32474133,-0.15510648,-0.15850818,-0.15850681,-0.15850633,-0.2185038,-0.15507084,-0.114121355,-0.15507492,-0.15848857,-0.15849686,-0.22984435,-0.15509853,-0.15847427,-0.08963354,-0.15496922,-0.15844615,-0.15846816,-0.15847021,-0.13302092,-0.1051107,-0.14014931,-0.15141064,-0.15839578,-0.15615125,-0.14613561,-0.15509394,-0.12319561,-0.1297772,-0.15504792,-0.15850796,-0.15850735,-0.15850738,-0.15850802,-0.38518023,-0.11451449,-0.15505767,-0.15564899,-0.14443555,-0.16636807,-0.15510051,-0.15840839,-0.12993515,-0.047159404,-0.14753221,-0.14016809,-0.14106366,-0.15491773,-0.19987361,-0.1649412,-0.17166539,-0.15507263,-0.15845501,-0.12722544,-0.14610182,-0.2588673,-0.12954225,-0.154947,-0.09132757,-0.12832497,-0.13684332,-0.16221203,-0.15659244,-0.12887046,-0.15478155,-0.15838906,-0.15845054,-0.1584929,-0.15740095,-0.19795567,-0.15106063,-0.07294749,-0.2039893,-0.1550585,-0.158449,-0.104459345,-0.1546327,-0.17466888,-0.13176009,-0.15506807,-0.15109587,-0.10913184,-0.15486115,-0.05825615,-0.14326635,-0.17082691,-0.1549905,-0.18883844,-0.15510789,-0.31316653,-0.15509535,-0.16808087,-0.14331596,-0.1550982,-0.15850359,-0.25088155,-0.15510835,-0.22115314,-0.07562123,-0.086852394,-0.10702289,-0.060967896,-0.14661327,-0.16796505,-0.15746465,-0.22133875,-0.12812386,-0.0969081,-0.16398169,-0.12716047,-0.11335766,-0.18846886,-0.12976976,-0.17755464,-0.0994983,-0.115196005,-0.15499207,-0.11662802,-0.19749595,-0.14526704,-0.12781724,-0.096878245,-0.15499279,-0.15825829,-0.12434345,-0.11230643,-0.063823454,-0.15490413,-0.11419349,-0.10007019,-0.24483351,-0.15510902,-0.15849268,-0.16344379,-0.1759062,-0.12524253,-0.15509048,-0.0782174,-0.19187105,-0.18185812,-0.09859173,3.2458375,-0.1546795,-0.15809835,-0.083404,-0.1213824,-0.13072303,-0.13855581,-0.19385117,-0.15506166,-0.15849966,-0.19487974,-0.23847799,-0.2432746,-0.12936404,-0.15484938,-0.15846321,-0.14520228,-0.2961179,-0.1551081,-0.19813283,-0.1296542,-0.15502687,-0.060104962,-0.15931924,-0.15510583,-0.2028091,-0.2868003,-0.11816878,-0.14795661,-0.10060286,-0.15490808,-0.13614628,-0.20725825,-0.17393659,-0.125103,-0.15657571,-0.15690626,-0.15510407,-0.15850273,-0.16221246,-0.22200036,-0.12985797,-0.2814266,-0.15510954,-0.1915083,-0.24371436,-0.16952515,-0.15499717,-0.13369927,-0.12557748,-0.15510006,-0.18106565,-0.15510923,-0.18642783,-0.15503643,-0.30462334,-0.15496707,-0.14691104,-0.13029914,-0.15509278,-0.1584871,-0.18915205,-0.12975982,-0.15509915,-0.10481856,-0.1650517,-0.15509629,-0.1585053,-0.15846725,-0.12927017,-0.15497598,-0.15846197,-0.15845057,-0.15846512,-0.15847573,-0.16505513,-0.17392421,-0.15509054,-0.15849619,-0.15848327,-0.15849684,-0.2025511,-0.15354379,-0.14723541,-0.1538159,-0.11499533,-0.10471026,-0.11893196,-0.15509522,-0.15840483,-0.12971084,-0.19501048,-0.15510516,-0.18738703,-0.11705899,-0.17429145,-0.15509242,-0.06652963,-0.1547842,-0.10737923,-0.124497145,-0.15298569,-0.052188452,-0.26007295
k__Bacteria|p__Proteobacteria|c__Gammaproteobacteria|o__Enterobacterales|f__Enterobacteriaceae|g__Kluyvera|s__Kluyvera_genomosp_3,-0.1004395,-0.12316422,-0.1550149,-0.15837312,-0.15837342,-0.23867357,-0.1666669,-0.16813041,-0.10929718,-0.22895765,-0.23728925,-0.15502024,-0.22850217,-0.3768707,-0.08556121,-0.15457563,-0.058144663,-0.15443256,-0.15830451,-0.19931981,-0.1978925,-0.12986872,-0.1549813,-0.12711628,-0.20043859,-0.11658599,-0.182019,-0.25032333,-0.1509206,-0.15498665,-0.15142563,-0.10844302,-0.18249588,-0.28454733,-0.15500556,-0.1300741,-0.15501757,-0.22338755,-0.15502061,-0.29867563,-0.15502068,-0.29356226,-0.12932205,-0.1548571,-0.13691942,-0.15501454,-0.23188588,-0.24781659,-0.1296162,-0.13008069,-0.24679694,-0.18279888,-0.25087595,-0.26027086,-0.28621647,-0.27511892,-0.11894142,-0.15492487,-0.040142577,-0.056944285,-0.15422015,-0.11274739,-0.13743341,-0.12995361,-0.15499659,-0.15836827,-0.15837318,-0.15837389,-0.27573854,-0.15497614,-0.1299569,-0.16243835,-0.12334165,-0.14074792,-0.154983,-0.15887658,-0.14481027,-0.13005751,-0.18691605,-0.14998752,-0.15500736,-0.15834978,-0.15836215,-0.15828882,-0.120334074,-0.13700745,-0.08858878,-0.15500084,-0.19008024,-0.15501311,-0.2004665,-0.11139822,-0.1388583,-0.13027036,-0.1074974,-0.15152657,-0.1549071,-0.15802789,-0.10065024,-0.08152827,-0.09427856,-0.15496153,-0.11960925,-0.15027548,-0.16982608,-0.1185138,-0.15497977,-0.15836649,-0.17738779,-0.15176103,-0.15501624,-0.25953975,-0.17989698,-0.13525523,-0.15501319,-0.15095688,-0.17780018,-0.2009549,-0.15499023,-0.09015879,-0.15469138,-0.12151222,-0.121854745,-0.13997786,-0.21433522,-0.13908121,-0.16057305,-0.15493484,-0.07092635,-0.15432629,-0.15751807,-0.18733518,-0.15473098,-0.12994072,-0.12334781,-0.14100276,-0.1549687,-0.114095174,-0.25318068,-0.26654312,-0.12911454,-0.10945694,-0.15495902,-0.09238048,-0.20963459,-0.15501341,-0.15827972,-0.1294047,-0.15493509,-0.16015086,-0.1553517,-0.15501821,-0.19704957,-0.20616047,-0.12880304,-0.10460003,-0.11361031,-0.10256614,-0.15501009,-0.19495486,-0.15498357,-0.12931867,-0.15484282,-0.041086134,-0.12967405,-0.15501681,-0.2300741,-0.15499339,-0.10384405,-0.15346345,-0.0784167,-0.15486148,-0.12766197,-0.1548834,-0.121451,-0.075820275,-0.09192432,-0.101488546,-0.15472594,-0.15827018,-0.12378413,-0.15484622,-0.1410757,-0.13984437,-0.18093297,-0.15501952,-0.25777104,-0.12844054,-0.15491948,-0.13462572,-0.119081676,-0.1549876,-0.15836877,-0.15837058,-0.15837178,-0.19755594,-0.25103784,-0.20219928,-0.19465852,-0.24831252,-0.20506537,-0.22091979,-0.15500304,-0.12962608,-0.11956477,-0.15499797,-0.1583648,-0.20931396,-0.18224281,-0.15498805,-0.32474133,-0.15501747,-0.15837465,-0.15837348,-0.15837306,-0.2185038,-0.15498713,-0.114121355,-0.15499064,-0.15835804,-0.15836503,-0.22984435,-0.15501067,-0.15834534,-0.08963354,-0.15490049,-0.15832168,-0.1583406,-0.15834227,-0.13302092,-0.1051107,-0.14014931,-0.15141064,-0.15839578,-0.15615125,-0.14613561,-0.1550068,-0.12319561,-0.13002698,-0.15496776,-0.15837446,-0.15837395,-0.15837398,-0.15837452,-0.38518023,-0.11451449,-0.15497597,-0.15564899,-0.14443555,-0.16636807,-0.15501243,-0.1582902,-0.12993515,-0.047159404,-0.14859933,-0.14016809,-0.14106366,-0.15485695,-0.19987361,-0.1649412,-0.17166539,-0.15498865,-0.15832928,-0.12722544,-0.14610182,-0.2588673,-0.12981327,-0.15488134,-0.09132757,-0.12832497,-0.13684332,-0.16221203,-0.15659244,-0.12916243,-0.15474021,-0.15827304,-0.15832554,-0.15836164,-0.15740095,-0.19795567,-0.15106063,-0.07294749,-0.2039893,-0.15497667,-0.15832403,-0.104459345,-0.15458661,-0.17466888,-0.13176009,-0.15498473,-0.15109587,-0.10913184,-0.15480784,-0.05825615,-0.14326635,-0.17082691,-0.15491875,-0.18883844,-0.15501867,-0.31316653,-0.15500805,-0.16808087,-0.14331596,-0.15501043,-0.15837076,-0.25088155,-0.15501907,-0.22115314,-0.07562123,-0.086852394,-0.10702289,-0.060967896,-0.14780849,-0.16796505,-0.15746465,-0.22133875,-0.12812386,-0.0969081,-0.16398169,-0.12716047,-0.11335766,-0.18846886,-0.13001958,-0.17755464,-0.0994983,-0.115196005,-0.15492009,-0.11662802,-0.19749595,-0.14526704,-0.12781724,-0.096878245,-0.15492043,-0.15816137,-0.12434345,-0.11230643,-0.063823454,-0.15484472,-0.11419349,-0.10007019,-0.24483351,-0.15501964,-0.1583617,-0.16344379,-0.1759062,-0.12524253,-0.15500386,-0.0782174,-0.19187105,-0.18185812,-0.09859173,-0.11065883,-0.15465352,-0.15802562,-0.083404,-0.1213824,-0.13072303,-0.13855581,-0.19385117,-0.15497938,-0.1583674,-0.19487974,-0.23847799,-0.2432746,-0.12965694,-0.15479821,-0.15833642,-0.14520228,-0.2961179,-0.15501887,-0.19813283,-0.12991609,-0.1549497,-0.060104962,-0.15931924,-0.15501693,-0.2028091,-0.2868003,-0.11816878,-0.14795661,-0.10060286,-0.1548487,-0.13614628,-0.20725825,-0.17393659,-0.125103,-0.15657571,-0.15690626,-0.15501541,-0.15837002,-0.16221246,-0.22200036,-0.13009694,-0.2814266,-0.15502009,-0.1915083,-0.24371436,-0.16952515,-0.154925,-0.13369927,-0.12557748,-0.15501204,-0.18106565,-0.15501982,-0.18642783,-0.1549582,-0.30462334,-0.15489903,-0.14691104,-0.13029914,-0.15500581,-0.15835668,-0.18915205,-0.1300118,-0.15501124,-0.10481856,-0.1650517,-0.15500882,-0.1583722,-0.15834029,-0.12955743,-0.15490621,-0.15833539,-0.15832554,-0.15833807,-0.15834698,-0.16505513,-0.17392421,-0.15500394,-0.15836442,-0.15835345,-0.15836498,-0.2025511,-0.15354379,-0.14723541,-0.15392219,-0.11499533,-0.10471026,-0.11893196,-0.1550079,-0.15828745,-0.12996848,-0.19501048,-0.15501636,-0.18738703,-0.11705899,-0.17429145,-0.15500589,-0.06652963,-0.15474306,-0.10737923,-0.124497145,-0.15298569,-0.052188452,-0.26007295
k__Bacteria|p__Proteobacteria|c__Gammaproteobacteria|o__Enterobacterales|f__Enterobacteriaceae|g__Atlantibacter|s__Atlantibacter_subterranea,-0.1004395,-0.12316422,-0.15496826,-0.15831289,-0.15831323,-0.23867357,-0.1666669,-0.16813041,-0.10929718,-0.22895765,-0.23728925,-0.15497404,-0.22850217,-0.3768707,-0.08556121,-0.15449268,-0.058144663,-0.15433216,-0.15823813,-0.19931981,-0.1978925,-0.12991112,-0.1549316,-0.12711628,-0.20043859,-0.11658599,-0.182019,-0.25032333,-0.1509206,-0.15493748,-0.15142563,-0.10844302,-0.18249588,-0.28454733,-0.15495825,-0.13012907,-0.15497115,-0.22338755,-0.15497446,-0.29867563,-0.15497455,-0.29356226,-0.12934506,-0.15479654,-0.13691942,-0.15496784,-0.23188588,-0.24781659,-0.1296162,-0.13013595,-0.24679694,-0.18279888,-0.25087595,-0.26027086,-0.28621647,-0.27511892,-0.11894142,-0.15487021,-0.040142577,-0.056944285,-0.15410128,-0.11274739,-0.13743341,-0.13000272,-0.1549483,-0.1583076,-0.15831295,-0.15831372,-0.27573854,-0.15492699,-0.13000429,-0.16243835,-0.12334165,-0.14074792,-0.15493344,-0.15887658,-0.14481027,-0.13011108,-0.18691605,-0.14998752,-0.15496,-0.15828744,-0.15830094,-0.15822253,-0.120334074,-0.13700745,-0.08858878,-0.15495288,-0.19008024,-0.1549663,-0.2004665,-0.11139822,-0.1388583,-0.13027036,-0.1074974,-0.15152657,-0.15485072,-0.15794922,-0.10065024,-0.08152827,-0.09427856,-0.15491006,-0.11960925,-0.15027548,-0.16982608,-0.1185138,-0.15492997,-0.15830564,-0.17738779,-0.15176103,-0.15496972,-0.25953975,-0.17989698,-0.13525523,-0.15496638,-0.15095688,-0.17780018,-0.2009549,-0.15494192,-0.09015879,-0.15461542,-0.12151222,-0.121854745,-0.13997786,-0.21433522,-0.13908121,-0.16057305,-0.15488103,-0.07092635,-0.15421854,-0.15738083,-0.18733518,-0.15465991,-0.12999362,-0.12334781,-0.14100276,-0.15491787,-0.114095174,-0.25318068,-0.26654312,-0.12914205,-0.10945694,-0.15490732,-0.09238048,-0.20963459,-0.15496664,-0.158212,-0.12944695,-0.15488133,-0.16015086,-0.1553517,-0.15497184,-0.19704957,-0.20616047,-0.12880385,-0.10460003,-0.11361031,-0.10256614,-0.15496299,-0.19495486,-0.15493461,-0.12936464,-0.1547805,-0.041086134,-0.12967405,-0.15497032,-0.2300741,-0.15494522,-0.10384405,-0.15328589,-0.0784167,-0.15480138,-0.12766197,-0.15482506,-0.121451,-0.075820275,-0.09192432,-0.101488546,-0.15465409,-0.15820065,-0.12378413,-0.15478656,-0.1410757,-0.13984437,-0.18093297,-0.15497328,-0.25777104,-0.12844054,-0.15486561,-0.13462572,-0.119081676,-0.15493846,-0.15830815,-0.15831009,-0.15831143,-0.19755594,-0.25103784,-0.20219928,-0.19465852,-0.24831252,-0.20506537,-0.22091979,-0.15495543,-0.12967569,-0.11956477,-0.15494977,-0.1583038,-0.20931396,-0.18224281,-0.15493946,-0.32474133,-0.15497106,-0.15831456,-0.15831327,-0.15831283,-0.2185038,-0.1549384,-0.114121355,-0.15494184,-0.15829647,-0.15830407,-0.22984435,-0.15496364,-0.15828322,-0.08963354,-0.15484363,-0.15825677,-0.15827745,-0.15827921,-0.13302092,-0.1051107,-0.14014931,-0.15141064,-0.15839578,-0.15615125,-0.14613561,-0.15495938,-0.12319561,-0.13007861,-0.15491682,-0.15831435,-0.1583138,-0.15831381,-0.1583144,-0.38518023,-0.11451449,-0.15492578,-0.15564899,-0.14443555,-0.16636807,-0.15496553,-0.1582231,-0.12993515,-0.047159404,-0.14796838,-0.14016809,-0.14106366,-0.15479591,-0.19987361,-0.1649412,-0.17166539,-0.15493959,-0.15826504,-0.12722544,-0.14610182,-0.2588673,-0.12985727,-0.15482281,-0.09132757,-0.12832497,-0.13684332,-0.16221203,-0.15659244,-0.12922415,-0.15466958,-0.15820384,-0.15826103,-0.15830038,-0.15740095,-0.19795567,-0.15106063,-0.07294749,-0.2039893,-0.15492657,-0.1582594,-0.104459345,-0.15452556,-0.17466888,-0.13176009,-0.1549353,-0.15109587,-0.10913184,-0.15474376,-0.05825615,-0.14326635,-0.17082691,-0.15486342,-0.18883844,-0.15497236,-0.31316653,-0.15496081,-0.16808087,-0.14331596,-0.15496334,-0.15831031,-0.25088155,-0.15497279,-0.22115314,-0.07562123,-0.086852394,-0.10702289,-0.060967896,-0.14710873,-0.16796505,-0.15746465,-0.22133875,-0.12812386,-0.0969081,-0.16398169,-0.12716047,-0.11335766,-0.18846886,-0.1300714,-0.17755464,-0.0994983,-0.115196005,-0.15486489,-0.11662802,-0.19749595,-0.14526704,5.0466337,-0.096878245,-0.15486525,-0.15808238,-0.12434345,-0.11230643,-0.063823454,-0.15478311,-0.11419349,-0.10007019,-0.24483351,-0.15497342,-0.15830058,-0.16344379,-0.1759062,-0.12524253,-0.15495616,-0.0782174,-0.19187105,-0.18185812,-0.09859173,-0.11065883,-0.15457428,-0.15793407,-0.083404,-0.1213824,-0.13072303,-0.13855581,-0.19385117,-0.15492955,-0.15830663,-0.19487974,-0.23847799,-0.2432746,-0.12969416,-0.15473229,-0.15827289,-0.14520228,-0.2961179,-0.15497255,-0.19813283,-0.12996311,-0.15489727,-0.060104962,-0.15931924,-0.15497047,-0.2028091,-0.2868003,-0.11816878,-0.14795661,-0.10060286,-0.15478721,-0.13614628,-0.20725825,-0.17393659,-0.125103,-0.15657571,-0.15690626,-0.15496881,-0.1583095,-0.16221246,-0.22200036,-0.13015357,-0.2814266,-0.1549739,-0.1915083,-0.24371436,-0.16952515,-0.15487203,-0.13369927,-0.12557748,-0.1549651,-0.18106565,-0.1549736,-0.18642783,-0.15490709,-0.30462334,-0.15484191,-0.14691104,-0.13029914,-0.15495834,-0.15829496,-0.18915205,-0.13006222,-0.15496425,-0.10481856,-0.1650517,-0.15496162,-0.15831187,-0.15827772,-0.12960516,-0.15484975,-0.15827176,-0.15826106,-0.15827467,-0.15828443,-0.16505513,-0.17392421,-0.15495628,-0.15830341,-0.15829143,-0.158304,-0.2025511,-0.15354379,-0.14723541,-0.15377688,-0.11499533,-0.10471026,-0.11893196,-0.1549606,-0.15822084,-0.13001586,-0.19501048,-0.15496983,-0.18738703,-0.11705899,-0.17429145,-0.15495867,-0.06652963,-0.15467197,-0.10737923,-0.124497145,-0.15298569,-0.052188452,-0.26007295
k__Bacteria|p__Proteobacteria|c__Betaproteobacteria|o__Neisseriales|f__Neisseriaceae|g__Neisseria|s__Neisseria_sicca,-0.1004395,-0.12316422,-0.15495387,-0.15842181,-0.15842213,-0.23867357,-0.1666669,-0.16813041,-0.10929718,-0.22895765,-0.23728925,-0.1549595,-0.22850217,-0.3768707,-0.08556121,-0.15449381,-0.058144663,-0.15434028,-0.15834919,-0.19931981,-0.1978925,-0.12898766,-0.15491828,-0.12711628,-0.20043859,-0.11658599,-0.182019,-0.25032333,-0.1509206,-0.15492384,-0.15142563,-0.10844302,-0.18249588,-0.28454733,-0.15494382,-0.12919873,-0.1549567,-0.22338755,-0.15495993,-0.29867563,-0.15496,-0.29356226,-0.12842903,-0.15478635,-0.13691942,-0.15495351,-0.23188588,-0.24781659,-0.1296162,-0.12920547,-0.24679694,-0.18279888,-0.25087595,-0.26027086,-0.28621647,-0.27511892,-0.11894142,-0.15485883,-0.040142577,-0.056944285,-0.15411219,-0.11274739,-0.13743341,-0.12907617,-0.15493447,-0.15841667,-0.15842186,-0.15842262,-0.27573854,-0.1549133,-0.1290772,-0.16243835,-0.12334165,-0.14074792,-0.15492016,-0.15887658,-0.14481027,-0.12918124,-0.18691605,-0.14998752,-0.15494591,-0.15839714,-0.15841016,-0.15833205,-0.120334074,-0.13700745,-0.08858878,-0.154939,-0.19008024,-0.15495199,-0.2004665,-0.11139822,-0.1388583,-0.13027036,-0.1074974,-0.15152657,-0.15484008,-0.15806612,-0.10065024,-0.08152827,-0.09427856,-0.15489745,-0.11960925,-0.15027548,-0.16982608,-0.1185138,-0.15491655,-0.15841478,-0.17738779,-0.15176103,-0.1549553,-0.25953975,-0.17989698,-0.13525523,-0.15495208,-0.15095688,-0.17780018,-0.2009549,-0.15492752,-0.09015879,-0.15461265,-0.12151222,-0.121854745,-0.13997786,-0.21433522,-0.13908121,-0.16057305,-0.1548694,-0.07092635,-0.15422755,-0.15751469,-0.18733518,-0.15465243,-0.12906589,-0.12334781,-0.14100276,-0.15490505,-0.114095174,-0.25318068,-0.26654312,-0.12825064,-0.10945694,-0.15489486,-0.09238048,-0.20963459,-0.15495233,-0.15832153,-0.12853631,-0.15486947,-0.16015086,-0.1553517,-0.15495737,-0.19704957,-0.20616047,-0.12792209,-0.10460003,-0.11361031,-0.10256614,-0.1549488,-0.19495486,-0.15492052,-0.12845819,-0.15477227,-0.041086134,-0.12967405,-0.15495588,-0.2300741,-0.15493071,-0.10384405,-0.15332744,-0.0784167,-0.15479198,1.9523616,-0.15481511,-0.121451,-0.075820275,-0.09192432,-0.101488546,-0.15464954,-0.15831318,-0.12378413,-0.15477565,-0.1410757,-0.13984437,-0.18093297,-0.15495877,-0.25777104,-0.12844054,-0.15485269,-0.13462572,-0.119081676,-0.1549251,-0.1584172,-0.1584191,-0.15842038,-0.19755594,-0.25103784,-0.20219928,-0.19465852,-0.24831252,-0.20506537,-0.22091979,-0.1549412,-0.12875764,-0.11956477,-0.15493599,-0.15841298,-0.20931396,-0.18224281,-0.15492535,-0.32474133,-0.15495661,-0.15842342,-0.15842219,-0.15842175,-0.2185038,-0.15492423,-0.114121355,-0.15492815,-0.15840575,-0.15841322,-0.22984435,-0.15494946,-0.15839219,-0.08963354,-0.15483288,-0.15836753,-0.15838736,-0.15838924,-0.13302092,-0.1051107,-0.14014931,-0.15141064,-0.15839578,-0.15615125,-0.14613561,-0.15494531,-0.12319561,-0.12914963,-0.15490387,-0.15842322,-0.15842268,-0.1584227,-0.15842327,-0.38518023,-0.11451449,-0.15491268,-0.15564899,-0.14443555,-0.16636807,-0.15495123,-0.15833335,-0.12993515,-0.047159404,-0.14814791,-0.14016809,-0.14106366,-0.15478675,-0.19987361,-0.1649412,-0.17166539,-0.15492614,-0.15837556,-0.12722544,-0.14610182,-0.2588673,-0.12893826,-0.15481311,-0.09132757,-0.12832497,-0.13684332,-0.16221203,-0.15659244,-0.1283176,-0.15466374,-0.1583161,-0.15837152,-0.15840966,-0.15740095,-0.19795567,-0.15106063,-0.07294749,-0.2039893,-0.15491337,-0.1583701,-0.104459345,-0.15453115,-0.17466888,-0.13176009,-0.15492204,-0.15109587,-0.10913184,-0.15473595,-0.05825615,-0.14326635,-0.17082691,-0.15485212,-0.18883844,-0.15495786,-0.31316653,-0.15494657,-0.16808087,-0.14331596,-0.15494913,-0.15841928,-0.25088155,-0.15495828,-0.22115314,-0.07562123,-0.086852394,-0.10702289,-0.060967896,-0.14731386,-0.16796505,-0.15746465,-0.22133875,-0.12812386,-0.0969081,-0.16398169,-0.12716047,-0.11335766,-0.18846886,-0.12914258,-0.17755464,-0.0994983,-0.115196005,-0.15485364,-0.11662802,-0.19749595,-0.14526704,-0.12781724,-0.096878245,-0.15485424,-0.15819848,-0.12434345,-0.11230643,-0.063823454,-0.15477453,-0.11419349,-0.10007019,-0.24483351,-0.1549589,-0.15840945,-0.16344379,-0.1759062,-0.12524253,-0.1549422,-0.0782174,-0.19187105,-0.18185812,-0.09859173,-0.11065883,-0.1545727,-0.15805495,-0.083404,-0.1213824,-0.13072303,-0.13855581,-0.19385117,-0.15491623,-0.15841573,-0.19487974,-0.23847799,-0.2432746,-0.12877814,-0.15472522,-0.15838294,-0.14520228,-0.2961179,-0.15495807,-0.19813283,-0.1290382,-0.1548849,-0.060104962,-0.15931924,-0.154956,-0.2028091,-0.2868003,-0.11816878,-0.14795661,-0.10060286,-0.154778,-0.13614628,-0.20725825,-0.17393659,-0.125103,-0.15657571,-0.15690626,-0.1549544,-0.1584185,-0.16221246,-0.22200036,-0.12922256,-0.2814266,-0.15495935,-0.1915083,-0.24371436,-0.16952515,-0.15485787,-0.13369927,-0.12557748,-0.15495081,-0.18106565,-0.15495908,-0.18642783,-0.15489325,-0.30462334,-0.15483108,-0.14691104,-0.13029914,-0.15494427,-0.15840444,-0.18915205,-0.12913369,-0.15495001,-0.10481856,-0.1650517,-0.1549474,-0.15842083,-0.15838651,-0.12869465,-0.15483919,-0.15838182,-0.15837148,-0.15838464,-0.15839416,-0.16505513,-0.17392421,-0.15494224,-0.1584126,-0.15840098,-0.1584132,-0.2025511,-0.15354379,-0.14723541,-0.15379477,-0.11499533,-0.10471026,-0.11893196,-0.15494648,-0.15833032,-0.12908953,-0.19501048,-0.1549554,-0.18738703,-0.11705899,-0.17429145,-0.15494391,-0.06652963,-0.15466733,-0.10737923,-0.124497145,-0.15298569,-0.052188452,-0.26007295
k__Bacteria|p__Proteobacteria|c__Gammaproteobacteria|o__Enterobacterales|f__Enterobacteriaceae|g__Citrobacter|s__Citrobacter_sp_Res13_Sevr_PEB04_36,-0.1004395,-0.12316422,-0.15535611,-0.15866545,-0.15866572,-0.23867357,-0.1666669,-0.16813041,-0.10929718,-0.22895765,-0.23728925,-0.15536085,-0.22850217,-0.3768707,-0.08556121,-0.1549623,-0.058144663,-0.1548363,-0.1586043,-0.19931981,-0.1978925,-0.13059744,-0.15532616,-0.12711628,-0.20043859,-0.11658599,-0.182019,-0.25032333,-0.1509206,-0.15533105,-0.15142563,-0.10844302,-0.18249588,-0.28454733,-0.15534785,-0.13077798,-0.1553585,-0.22338755,-0.1553612,-0.29867563,-0.15536126,-0.29356226,-0.13011217,-0.15521598,-0.13691942,-0.1553558,-0.23188588,-0.24781659,-0.1296162,-0.13078399,-0.24679694,-0.18279888,-0.25087595,-0.26027086,-0.28621647,-0.27511892,-0.11894142,-0.15527585,-0.040142577,-0.056944285,-0.15465184,-0.11274739,-0.13743341,-0.13067372,-0.1553399,-0.15866111,-0.1586655,-0.15866613,-0.27573854,-0.15532216,-0.13067442,-0.16243835,-0.12334165,-0.14074792,-0.1553278,-0.15887658,-0.14481027,-0.13076319,-0.18691605,-0.14998752,-0.1553494,-0.1586447,-0.1586557,-0.15859097,-0.120334074,-0.13700745,-0.08858878,-0.15534359,-0.19008024,-0.15535453,-0.2004665,-0.11139822,-0.1388583,-0.13027036,-0.1074974,-0.15152657,-0.15526038,-0.15836659,-0.10065024,-0.08152827,-0.09427856,-0.15530856,-0.11960925,-0.15027548,-0.16982608,-0.1185138,-0.15532485,-0.15865955,-0.17738779,-0.15176103,-0.15535733,-0.25953975,-0.17989698,-0.13525523,-0.15535459,-0.15095688,-0.17780018,-0.2009549,-0.15533447,-0.09015879,-0.155068,-0.12151222,-0.121854745,-0.13997786,-0.21433522,-0.13908121,-0.16057305,-0.15528482,-0.07092635,-0.15474239,-0.15790927,-0.18733518,-0.15510559,-0.13066107,-0.12334781,-0.14100276,-0.15531504,-0.114095174,-0.25318068,-0.26654312,-0.12995608,-0.10945694,-0.15530637,-0.09238048,-0.20963459,-0.15535481,-0.15858297,-0.13020116,-0.1552849,-0.16015086,-0.1553517,-0.15535906,-0.19704957,-0.20616047,-0.12965833,-0.10460003,-0.11361031,-0.10256614,-0.15535183,-0.19495486,-0.15532847,-0.13013223,-0.1552028,-0.041086134,-0.12967405,-0.15535784,-0.2300741,-0.1553371,-0.10384405,-0.15397438,-0.0784167,-0.15521917,-0.12766197,-0.15523914,-0.121451,-0.075820275,-0.09192432,-0.101488546,-0.15509917,-0.15857375,-0.12378413,-0.15520394,-0.1410757,-0.13984437,-0.18093297,-0.15536022,-0.25777104,0.92710537,-0.15527147,-0.13462572,-0.119081676,-0.15533176,-0.15866154,-0.15866315,-0.15866426,-0.19755594,-0.25103784,-0.20219928,-0.19465852,-0.24831252,-0.20506537,-0.22091979,-0.15534562,-0.13039675,-0.11956477,-0.15534103,-0.15865806,-0.20931396,-0.18224281,-0.15533206,-0.32474133,-0.1553584,-0.1586668,-0.15866576,-0.15866539,-0.2185038,-0.1553308,-0.114121355,-0.15533453,-0.15865211,-0.1586582,-0.22984435,-0.15535235,-0.15863982,-0.08963354,-0.15525404,-0.15861958,-0.15863657,-0.15863794,-0.13302092,-0.1051107,-0.14014931,-0.15141064,-0.15839578,-0.15615125,-0.14613561,-0.15534887,-0.12319561,-0.13073659,-0.15531442,-0.15866664,-0.15866618,-0.1586662,-0.15866667,-0.38518023,-0.11451449,-0.15532157,-0.15564899,-0.14443555,-0.16636807,-0.15535393,-0.15859216,-0.12993515,-0.047159404,-0.14967859,-0.14016809,-0.14106366,-0.15521601,-0.19987361,-0.1649412,-0.17166539,-0.15533277,-0.15862636,-0.12722544,-0.14610182,-0.2588673,-0.13055347,-0.15523721,-0.09132757,-0.12832497,-0.13684332,-0.16221203,-0.15659244,-0.13000134,-0.15511093,-0.15857631,-0.15862307,-0.15865523,-0.15740095,-0.19795567,-0.15106063,-0.07294749,-0.2039893,-0.15532222,-0.15862164,-0.104459345,-0.15499942,-0.17466888,-0.13176009,-0.15532923,-0.15109587,-0.10913184,-0.15517154,-0.05825615,-0.14326635,-0.17082691,-0.15527076,-0.18883844,-0.15535948,-0.31316653,-0.15535012,-0.16808087,-0.14331596,-0.15535213,-0.15866335,-0.25088155,-0.15535983,-0.22115314,-0.07562123,-0.086852394,-0.10702289,-0.060967896,-0.14897974,-0.16796505,-0.15746465,-0.22133875,-0.12812386,-0.0969081,-0.16398169,-0.12716047,-0.11335766,-0.18846886,-0.13073036,-0.17755464,-0.0994983,-0.115196005,-0.1552719,-0.11662802,-0.19749595,-0.14526704,-0.12781724,-0.096878245,-0.15527183,-0.15847713,-0.12434345,-0.11230643,-0.063823454,-0.15520437,-0.11419349,-0.10007019,-0.24483351,-0.15536034,-0.15865533,-0.16344379,-0.1759062,-0.12524253,-0.15534627,-0.0782174,-0.19187105,-0.18185812,-0.09859173,-0.11065883,-0.15503475,-0.15835643,-0.083404,-0.1213824,-0.13072303,-0.13855581,-0.19385117,-0.15532467,-0.15866034,-0.19487974,-0.23847799,-0.2432746,-0.13041447,-0.15516347,-0.15863284,-0.14520228,-0.2961179,-0.15535963,-0.19813283,-0.13064016,-0.1552982,-0.060104962,-0.15931924,-0.15535793,-0.2028091,-0.2868003,-0.11816878,-0.14795661,-0.10060286,-0.15520862,-0.13614628,-0.20725825,-0.17393659,-0.125103,-0.15657571,-0.15690626,-0.15535659,-0.15866268,-0.16221246,-0.22200036,-0.13079846,-0.2814266,-0.15536073,-0.1915083,-0.24371436,-0.16952515,-0.15527624,-0.13369927,-0.12557748,-0.15535356,-0.18106565,-0.15536049,-0.18642783,-0.15530574,-0.30462334,-0.15525356,-0.14691104,-0.13029914,-0.15534806,-0.15865082,-0.18915205,-0.13072279,-0.15535285,-0.10481856,-0.1650517,-0.15535074,-0.15866461,-0.15863645,-0.13034001,-0.15525943,-0.15863198,-0.15862311,-0.1586343,-0.15864202,-0.16505513,-0.17392421,-0.1553464,-0.1586577,-0.15864798,-0.1586582,-0.2025511,-0.15354379,-0.14723541,-0.15438989,-0.11499533,-0.10471026,-0.11893196,-0.1553499,-0.1585892,-0.13068452,-0.19501048,-0.15535742,-0.18738703,-0.11705899,-0.17429145,-0.155348,-0.06652963,-0.15511332,-0.10737923,-0.124497145,-0.15298569,-0.052188452,-0.26007295
k__Bacteria|p__Proteobacteria|c__Betaproteobacteria|o__Burkholderiales|f__Sutterellaceae|g__Mesosutterella|s__Mesosutterella_multiformis,-0.1004395,-0.12316422,-0.15490332,-0.15824243,-0.15824273,-0.23867357,-0.1666669,-0.16813041,-0.10929718,-0.22895765,-0.23728925,-0.15490887,-0.22850217,-0.3768707,-0.08556121,-0.15445183,-0.058144663,-0.15430564,-0.15817112,-0.19931981,-0.1978925,-0.12990092,-0.15486854,-0.12711628,-0.20043859,-0.11658599,-0.182019,-0.25032333,-0.1509206,-0.1548738,-0.15142563,-0.10844302,-0.18249588,-0.28454733,-0.15489343,-0.13010556,-0.15490612,-0.22338755,-0.15490928,-0.29867563,-0.15490937,-0.29356226,-0.12936738,-0.15473832,-0.13691942,-0.15490302,-0.23188588,-0.24781659,-0.1296162,-0.13011205,-0.24679694,-0.18279888,-0.25087595,-0.26027086,-0.28621647,-0.27511892,-0.11894142,-0.15481028,-0.040142577,-0.056944285,-0.1540755,-0.11274739,-0.13743341,-0.1299861,-0.1548842,-0.1582374,-0.15824246,-0.15824322,-0.27573854,-0.15486297,-0.12998751,-0.16243835,-0.12334165,-0.14074792,-0.15487036,-0.15887658,-0.14481027,-0.13008891,-0.18691605,-0.14998752,-0.15489556,-0.15821823,-0.15823095,-0.15815279,-0.120334074,-0.13700745,-0.08858878,-0.15488881,-0.19008024,-0.15490153,-0.2004665,-0.11139822,-0.1388583,-0.13027036,-0.1074974,-0.15152657,-0.1547921,-0.15788499,-0.10065024,-0.08152827,-0.09427856,-0.15484823,-0.11960925,-0.15027548,-0.16982608,-0.1185138,-0.1548666,-0.15823555,-0.17738779,-0.15176103,-0.15490472,-0.25953975,-0.17989698,-0.13525523,-0.15490161,-0.15095688,-0.17780018,-0.2009549,-0.15487695,-0.09015879,-0.15457033,-0.12151222,-0.121854745,-0.13997786,-0.21433522,-0.13908121,-0.16057305,-0.15482081,-0.07092635,-0.15419123,-0.15734568,-0.18733518,-0.15460351,-0.12997729,-0.12334781,-0.14100276,-0.15485558,-0.114095174,-0.25318068,-0.26654312,-0.12918086,-0.10945694,-0.15484573,-0.09238048,-0.20963459,-0.15490186,-0.1581425,-0.12946393,-0.15482032,-0.16015086,-0.1553517,-0.15490678,-0.19704957,-0.20616047,-0.12887082,-0.10460003,-0.11361031,-0.10256614,-0.15489843,-0.19495486,-0.15487036,-0.12938309,-0.1547259,-0.041086134,-0.12967405,-0.15490529,-0.2300741,-0.15488043,-0.10384405,-0.15330185,-0.0784167,-0.15474424,-0.12766197,-0.15476751,-0.121451,-0.075820275,-0.09192432,-0.101488546,-0.15460551,-0.15813631,-0.12378413,-0.15472478,-0.1410757,-0.13984437,-0.18093297,-0.15490815,-0.25777104,-0.12844054,-0.1548033,-0.13462572,-0.119081676,-0.15487534,-0.1582379,-0.15823975,-0.15824102,-0.19755594,-0.25103784,-0.20219928,-0.19465852,-0.24831252,-0.20506537,-0.22091979,-0.15489073,-0.12967828,-0.11956477,-0.15488589,-0.15823376,-0.20931396,-0.18224281,-0.15487497,-0.32474133,-0.15490605,-0.15824401,-0.15824279,-0.15824237,-0.2185038,-0.15487377,-0.114121355,-0.15487792,-0.15822648,-0.15823397,-0.22984435,-0.15489906,-0.15821281,-0.08963354,-0.15478456,-0.15818954,-0.15820853,-0.15821072,-0.13302092,-0.1051107,-0.14014931,-0.15141064,-0.15839578,-0.15615125,-0.14613561,-0.15489507,-0.12319561,-0.13005753,-0.154854,-0.1582438,-0.15824327,-0.15824328,-0.15824386,-0.38518023,-0.11451449,-0.15486294,-0.15564899,-0.14443555,-0.16636807,-0.15490073,-0.15815446,-0.12993515,-0.047159404,-0.1481792,-0.14016809,-0.14106366,-0.15473935,-0.19987361,-0.1649412,-0.17166539,-0.15487623,-0.15819749,-0.12722544,-0.14610182,-0.2588673,-0.12985218,-0.15476573,-0.09132757,-0.12832497,-0.13684332,-0.16221203,-0.15659244,-0.12924184,-0.15461805,-0.15813899,-0.15819329,-0.15823054,-0.15740095,-0.19795567,-0.15106063,-0.07294749,-0.2039893,-0.1548635,-0.15819205,-0.104459345,-0.15447563,-0.17466888,-0.13176009,-0.15487242,-0.15109587,-0.10913184,-0.15468937,-0.05825615,-0.14326635,-0.17082691,-0.15480345,-0.18883844,-0.15490726,-0.31316653,-0.15489598,-0.16808087,-0.14331596,-0.15489873,-0.15823992,-0.25088155,-0.15490767,-0.22115314,-0.07562123,-0.086852394,-0.10702289,-0.060967896,-0.14736496,-0.16796505,-0.15746465,-0.22133875,-0.12812386,-0.0969081,-0.16398169,-0.12716047,-0.11335766,-0.18846886,-0.13005084,-0.17755464,-0.0994983,-0.115196005,-0.15480505,-0.11662802,-0.19749595,-0.14526704,-0.12781724,-0.096878245,-0.15480627,-0.15802386,-0.12434345,-0.11230643,-0.063823454,-0.15472761,-0.11419349,-0.10007019,-0.24483351,-0.15490827,-0.1582301,-0.16344379,-0.1759062,-0.12524253,-0.15489197,-0.0782174,-0.19187105,-0.18185812,-0.09859173,-0.11065883,-0.15453073,-0.15788336,-0.083404,-0.1213824,-0.13072303,-0.13855581,-0.19385117,-0.15486625,-0.15823647,-0.19487974,-0.23847799,-0.2432746,-0.12969159,-0.15467945,-0.15820423,-0.14520228,-0.2961179,-0.15490746,-0.19813283,-0.12994927,-0.15483557,-0.060104962,-0.15931924,-0.15490541,-0.2028091,-0.2868003,-0.11816878,-0.14795661,-0.10060286,-0.1547305,-0.13614628,-0.20725825,-0.17393659,-0.125103,-0.15657571,-0.15690626,-0.15490386,-0.1582392,-0.16221246,-0.22200036,-0.13012868,-0.2814266,-0.15490872,-0.1915083,-0.24371436,-0.16952515,-0.1548078,-0.13369927,-0.12557748,-0.15490031,-0.18106565,-0.15490845,-0.18642783,-0.15484303,-0.30462334,-0.15478233,-0.14691104,-0.13029914,-0.1548939,-0.15822543,-0.18915205,-0.1300425,-0.15489958,-0.10481856,-0.1650517,-0.15489694,-0.15824145,-0.15820716,-0.12960395,-0.1547913,-0.15820302,-0.15819302,-0.15820584,-0.15821534,-0.16505513,-0.17392421,-0.15489191,-0.15823345,-0.15822199,-0.15823402,-0.2025511,-0.15354379,-0.14723541,-0.15375835,-0.11499533,-0.10471026,-0.11893196,-0.15489608,-0.15815127,-0.12999982,-0.19501048,-0.15490481,-0.18738703,-0.11705899,-0.17429145,-0.1548934,-0.06652963,-0.15462324,-0.10737923,-0.124497145,-0.15298569,-0.052188452,-0.26007295
k__Bacteria|p__Proteobacteria|c__Gammaproteobacteria|o__Enterobacterales|f__Enterobacteriaceae|g__Lelliottia|s__Lelliottia_nimipressuralis,-0.1004395,-0.12316422,-0.15400514,-0.157278,-0.15727821,-0.23867357,-0.1666669,-0.16813041,-0.10929718,-0.22895765,-0.23728925,-0.15400887,-0.22850217,-0.3768707,-0.08556121,-0.15369898,-0.058144663,-0.15359434,-0.15723008,-0.19931981,-0.1978925,-0.1295493,-0.15398152,-0.12711628,-0.20043859,-0.11658599,-0.182019,-0.25032333,-0.1509206,-0.15398544,-0.15142563,-0.10844302,-0.18249588,-0.28454733,-0.15399861,-0.12969723,-0.15400702,-0.22338755,-0.15400913,-0.29867563,-0.1540092,-0.29356226,-0.1291598,-0.15389547,-0.13691942,-0.15400487,-0.23188588,-0.24781659,-0.1296162,-0.12970203,-0.24679694,-0.18279888,-0.25087595,-0.26027086,-0.28621647,-0.27511892,-0.11894142,-0.15394185,-0.040142577,-0.056944285,-0.15345128,-0.11274739,-0.13743341,-0.12961286,-0.15399246,-0.15727459,-0.15727803,-0.15727852,-0.27573854,-0.15397862,-0.12961352,-0.16243835,-0.12334165,-0.14074792,-0.15398276,-0.15887658,-0.14481027,-0.1296852,-0.18691605,-0.14998752,-0.15399984,-0.15726162,-0.15727037,-0.15722,-0.120334074,-0.13700745,-0.08858878,-0.15399526,-0.19008024,-0.15400387,-0.2004665,-0.11139822,-0.1388583,-0.13027036,-0.1074974,-0.15152657,-0.1539295,-0.15704778,-0.10065024,-0.08152827,-0.09427856,-0.15396765,-0.11960925,-0.15027548,-0.16982608,-0.1185138,-0.15398064,-0.15727332,-0.17738779,-0.15176103,-0.1540061,-0.25953975,-0.17989698,-0.13525523,-0.15400392,-0.15095688,-0.17780018,-0.2009549,-0.15398827,-0.09015879,-0.15377751,-0.12151222,-0.121854745,-0.13997786,-0.21433522,-0.13908121,-0.16057305,-0.15394886,-0.07092635,-0.15352304,-0.15668562,-0.18733518,-0.15380919,-0.12960537,-0.12334781,-0.14100276,-0.15397276,-0.114095174,-0.25318068,-0.26654312,-0.12899663,-0.10945694,-0.15396589,-0.09238048,-0.20963459,-0.1540041,-0.15721375,-0.12922385,-0.15394956,-0.16015086,-0.1553517,-0.15400745,-0.19704957,-0.20616047,-0.12874341,-0.10460003,-0.11361031,-0.10256614,-0.15400171,-0.19495486,-0.1539832,-0.12915242,-0.15388417,-0.041086134,-0.12967405,-0.15400648,-0.2300741,-0.15399012,-0.10384405,-0.15292406,-0.0784167,-0.15389797,-0.12766197,-0.15391307,-0.121451,-0.075820275,-0.09192432,-0.101488546,-0.15380287,-0.1572057,-0.12378413,-0.15388824,-0.1410757,-0.13984437,-0.18093297,-0.15400837,-0.25777104,-0.12844054,-0.153938,-0.13462572,-0.119081676,-0.15398592,-0.15727496,-0.1572762,-0.15727705,-0.19755594,-0.25103784,-0.20219928,-0.19465852,-0.24831252,-0.20506537,-0.22091979,-0.1539969,-0.1293859,-0.11956477,-0.15399319,-0.15727215,-0.20931396,-0.18224281,-0.15398657,-0.32474133,-0.15400693,-0.15727906,-0.15727824,-0.15727794,-0.2185038,-0.15398547,-0.114121355,-0.1539883,-0.15726757,-0.15727232,-0.22984435,-0.15400213,-0.15725887,-0.08963354,-0.15392521,-0.15724176,-0.15725534,-0.15725628,-0.13302092,-0.1051107,-0.14014931,-0.15141064,-0.15839578,-0.15615125,-0.14613561,-0.15399939,-0.12319561,-0.12966456,-0.15397242,-0.15727893,-0.15727858,-0.15727858,-0.15727895,-0.38518023,-0.11451449,-0.1539779,-0.15564899,-0.14443555,-0.16636807,-0.15400344,-0.15722063,-0.12993515,-0.047159404,-0.14956088,-0.14016809,-0.14106366,-0.15389478,-0.19987361,-0.1649412,-0.17166539,-0.15398669,-0.15724704,-0.12722544,-0.14610182,-0.2588673,-0.12950788,-0.15391134,-0.09132757,-0.12832497,-0.13684332,-0.16221203,-0.15659244,-0.12901795,-0.15381286,-0.15720773,-0.15724456,-0.15726992,-0.15740095,-0.19795567,-0.15106063,-0.07294749,-0.2039893,-0.1539785,-0.15724334,-0.104459345,-0.15369987,-0.17466888,-0.13176009,-0.1539838,-0.15109587,-0.10913184,-0.15386003,-0.05825615,-0.14326635,-0.17082691,-0.153938,-0.18883844,-0.15400779,-0.31316653,-0.15400049,-0.16808087,-0.14331596,-0.15400198,-0.15727636,-0.25088155,-0.15400806,-0.22115314,-0.07562123,-0.086852394,-0.10702289,-0.060967896,-0.1490016,-0.16796505,-0.15746465,-0.22133875,-0.12812386,-0.0969081,-0.16398169,-0.12716047,-0.11335766,-0.18846886,-0.12965888,-0.17755464,-0.0994983,-0.115196005,-0.15393881,-0.11662802,-0.19749595,-0.14526704,-0.12781724,-0.096878245,-0.15393843,-0.15712939,-0.12434345,-0.11230643,-0.063823454,-0.15388602,-0.11419349,-0.10007019,-0.24483351,-0.15400845,-0.15727007,-0.16344379,-0.1759062,-0.12524253,-0.15399736,-0.0782174,-0.19187105,-0.18185812,-0.09859173,-0.11065883,-0.15375122,-0.15703437,-0.083404,-0.1213824,-0.13072303,-0.13855581,-0.19385117,-0.15398046,-0.15727396,-0.19487974,-0.23847799,-0.2432746,-0.12939397,-0.1538533,-0.15725236,-0.14520228,-0.2961179,-0.15400791,-0.19813283,-0.12958366,-0.1539596,-0.060104962,4.984067,-0.15400657,-0.2028091,-0.2868003,-0.11816878,-0.14795661,-0.10060286,-0.15388927,-0.13614628,-0.20725825,-0.17393659,-0.125103,-0.15657571,-0.15690626,-0.15400553,-0.1572758,-0.16221246,-0.22200036,-0.12971354,-0.2814266,-0.15400878,-0.1915083,-0.24371436,-0.16952515,-0.15394329,-0.13369927,-0.12557748,-0.15400314,-0.18106565,-0.15400858,-0.18642783,-0.15396605,-0.30462334,-0.1539246,-0.14691104,-0.13029914,-0.15399876,-0.15726645,-0.18915205,-0.12965257,-0.15400255,-0.10481856,-0.1650517,-0.15400094,-0.15727735,-0.15725534,-0.12932754,-0.15392885,-0.1572518,-0.15724474,-0.15725356,-0.15725967,-0.16505513,-0.17392421,-0.15399751,-0.15727189,-0.15726423,-0.15727226,-0.2025511,-0.15354379,-0.14723541,-0.15324757,-0.11499533,-0.10471026,-0.11893196,-0.15400022,-0.15721872,-0.12962216,-0.19501048,-0.15400618,-0.18738703,-0.11705899,-0.17429145,-0.1539987,-0.06652963,-0.15381436,-0.10737923,-0.124497145,-0.15298569,-0.052188452,-0.26007295
k__Bacteria|p__Proteobacteria|c__Gammaproteobacteria|o__Pasteurellales|f__Pasteurellaceae|g__Haemophilus|s__Haemophilus_parahaemolyticus,-0.1004395,-0.12316422,-0.15467814,-0.15801503,-0.15801525,-0.23867357,-0.1666669,-0.16813041,-0.10929718,-0.22895765,-0.23728925,-0.15468216,-0.22850217,-0.3768707,-0.08556121,-0.15434965,-0.058144663,-0.15424964,-0.15796328,-0.19931981,-0.1978925,-0.1297403,-0.15465306,-0.12711628,-0.20043859,-0.11658599,-0.182019,-0.25032333,-0.1509206,-0.15465665,-0.15142563,-0.10844302,-0.18249588,-0.28454733,-0.15467072,-0.1298955,-0.15468019,-0.22338755,-0.15468246,-0.29867563,-0.15468252,-0.29356226,-0.12931964,-0.15455763,-0.13691942,-0.15467794,-0.23188588,-0.24781659,-0.1296162,-0.12990028,-0.24679694,-0.18279888,-0.25087595,-0.26027086,-0.28621647,-0.27511892,-0.11894142,-0.15461066,-0.040142577,-0.056944285,-0.15407579,-0.11274739,-0.13743341,-0.1298036,-0.15466413,-0.1580114,-0.15801504,-0.1580156,-0.27573854,-0.15464765,-0.12980577,-0.16243835,-0.12334165,-0.14074792,-0.15465435,-0.15887658,-0.14481027,-0.12988319,-0.18691605,-0.14998752,-0.15467253,-0.15799752,-0.15800661,-0.15794803,-0.120334074,-0.13700745,-0.08858878,-0.15466768,-0.19008024,-0.15467685,-0.2004665,-0.11139822,-0.1388583,-0.13027036,4.6451116,2.0824533,-0.15459786,-0.15774141,-0.10065024,-0.08152827,-0.09427856,-0.15463844,-0.11960925,-0.15027548,-0.16982608,-0.1185138,-0.1546514,-0.15801007,-0.17738779,-0.15176103,-0.15467916,-0.25953975,-0.17989698,-0.13525523,-0.1546769,-0.15095688,-0.17780018,-0.2009549,-0.15465814,-0.09015879,-0.15443824,-0.12151222,-0.121854745,-0.13997786,-0.21433522,-0.13908121,-0.16057305,-0.15461862,-0.07092635,-0.15416133,-0.15735719,-0.18733518,-0.1544562,-0.12979259,-0.12334781,-0.14100276,-0.15464368,-0.114095174,-0.25318068,-0.26654312,-0.12915121,-0.10945694,-0.15463662,-0.09238048,-0.20963459,-0.15467711,-0.15794066,-0.12937629,-0.1546179,-0.16015086,-0.1553517,-0.15468064,-0.19704957,-0.20616047,-0.1289067,-0.10460003,-0.11361031,-0.10256614,-0.15467466,-0.19495486,-0.15465389,-0.12930728,-0.15455048,-0.041086134,-0.12967405,-0.15467952,-0.2300741,-0.15466127,-0.10384405,-0.15351309,-0.0784167,-0.15456274,4.4900713,-0.15458,-0.121451,-0.075820275,-0.09192432,-0.101488546,-0.15446216,-0.1579386,-0.12378413,-0.15454373,-0.1410757,-0.13984437,-0.18093297,-0.15468162,-0.25777104,-0.12844054,-0.15460344,-0.13462572,-0.119081676,-0.15465805,-0.15801176,-0.1580131,-0.15801401,-0.19755594,-0.25103784,-0.20219928,-0.19465852,-0.24831252,-0.20506537,-0.22091979,-0.1546688,-0.129549,-0.11956477,-0.15466565,-0.15800874,-0.20931396,-0.18224281,-0.15465692,-0.32474133,-0.15468013,-0.15801618,-0.1580153,-0.158015,-0.2185038,-0.15465602,-0.114121355,-0.15465952,-0.15800326,-0.15800892,-0.22984435,-0.1546751,-0.15799266,-0.08963354,-0.15459189,-0.15797704,-0.15799035,-0.1579923,-0.13302092,-0.1051107,-0.14014931,-0.15141064,-0.15839578,-0.15615125,-0.14613561,-0.1546723,-0.12319561,-0.12986006,-0.15464208,-0.15801601,-0.15801564,-0.15801565,-0.15801606,-0.38518023,-0.11451449,-0.1546489,-0.15564899,-0.14443555,-0.16636807,-0.15467621,-0.15794986,-0.12993515,-0.047159404,-0.14976136,-0.14016809,-0.14106366,-0.15455925,-0.19987361,-0.1649412,-0.17166539,-0.15465862,-0.15798289,-0.12722544,-0.14610182,-0.2588673,-0.12969752,-0.15457866,-0.09132757,-0.12832497,-0.13684332,-0.16221203,-0.15659244,-0.12916605,-0.15447009,-0.1579402,-0.15797962,-0.15800646,-0.15740095,-0.19795567,-0.15106063,-0.07294749,-0.2039893,-0.1546491,-0.15797889,-0.104459345,-0.15432072,-0.17466888,-0.13176009,-0.15465605,-0.15109587,-0.10913184,-0.15452209,-0.05825615,-0.14326635,-0.17082691,-0.1546056,-0.18883844,-0.15468097,-0.31316653,-0.1546726,-0.16808087,-0.14331596,-0.15467484,-0.15801318,-0.25088155,-0.15468127,-0.22115314,-0.07562123,-0.086852394,-0.10702289,-0.060967896,-0.14916742,-0.16796505,-0.15746465,-0.22133875,-0.12812386,-0.0969081,-0.16398169,-0.12716047,-0.11335766,-0.18846886,-0.1298543,-0.17755464,-0.0994983,-0.115196005,-0.15460692,-0.11662802,-0.19749595,-0.14526704,-0.12781724,-0.096878245,-0.1546084,-0.15785688,-0.12434345,-0.11230643,-0.063823454,-0.15455088,-0.11419349,-0.10007019,-0.24483351,-0.15468174,-0.15800592,-0.16344379,-0.1759062,-0.12524253,-0.15467,-0.0782174,-0.19187105,-0.18185812,-0.09859173,-0.11065883,-0.15440926,-0.1577555,-0.083404,-0.1213824,-0.13072303,-0.13855581,-0.19385117,-0.15465106,-0.15801075,-0.19487974,-0.23847799,-0.2432746,-0.12957515,-0.154516,-0.15798728,-0.14520228,-0.2961179,-0.15468113,-0.19813283,-0.12977557,-0.15462878,-0.060104962,-0.15931924,-0.15467963,-0.2028091,-0.2868003,-0.11816878,-0.14795661,-0.10060286,-0.15455242,-0.13614628,-0.20725825,-0.17393659,-0.125103,-0.15657571,-0.15690626,-0.15467852,-0.1580127,-0.16221246,-0.22200036,-0.12991244,-0.2814266,-0.15468204,-0.1915083,-0.24371436,-0.16952515,-0.1546067,-0.13369927,-0.12557748,-0.15467593,-0.18106565,-0.15468185,-0.18642783,-0.15463316,-0.30462334,-0.1545898,-0.14691104,-0.13029914,-0.15467134,-0.15800282,-0.18915205,-0.12984894,-0.15467545,-0.10481856,-0.1650517,-0.15467346,-0.15801431,-0.1579889,-0.12949838,-0.15459736,-0.15798627,-0.15797915,-0.15798834,-0.15799545,-0.16505513,-0.17392421,-0.15466979,-0.15800855,-0.15800022,-0.15800898,-0.2025511,-0.15354379,-0.14723541,-0.15383926,-0.11499533,-0.10471026,-0.11893196,-0.15467289,-0.15794742,-0.12981738,-0.19501048,-0.1546792,-0.18738703,-0.11705899,-0.17429145,-0.15467075,-0.06652963,-0.1544761,-0.10737923,-0.124497145,-0.15298569,-0.052188452,-0.26007295
k__Bacteria|p__Proteobacteria|c__Gammaproteobacteria|o__Enterobacterales|f__Enterobacteriaceae|g__Lelliottia|s__Lelliottia_amnigena,-0.1004395,-0.12316422,-0.15553856,-0.1587742,-0.15877451,-0.23867357,-0.1666669,-0.16813041,-0.10929718,-0.22895765,-0.23728925,-0.15554397,-0.22850217,-0.3768707,-0.08556121,-0.15509129,-0.058144663,-0.15492997,-0.15870395,-0.19931981,-0.1978925,-0.13130075,-0.15550373,-0.12711628,-0.20043859,-0.11658599,-0.182019,-0.25032333,-0.1509206,-0.15550965,-0.15142563,-0.10844302,-0.18249588,-0.28454733,-0.15552914,-0.13150798,-0.15554124,-0.22338755,-0.1555444,-0.29867563,-0.15554446,-0.29356226,-0.13073537,-0.15537807,-0.13691942,-0.15553808,-0.23188588,-0.24781659,-0.1296162,-0.13151473,-0.24679694,-0.18279888,-0.25087595,-0.26027086,-0.28621647,-0.27511892,-0.11894142,-0.1554458,-0.040142577,-0.056944285,-0.15472601,-0.11274739,-0.13743341,-0.13138902,-0.15551996,-0.15876913,-0.15877426,-0.15877499,-0.27573854,-0.15550113,-0.13138926,-0.16243835,-0.12334165,-0.14074792,-0.15550545,-0.15887658,-0.14481027,-0.13149035,-0.18691605,-0.14998752,-0.15553074,-0.15875018,-0.15876307,-0.15869251,-0.120334074,-0.13700745,-0.08858878,-0.1555239,-0.19008024,-0.15553662,-0.2004665,-0.11139822,-0.1388583,-0.13027036,-0.1074974,-0.15152657,-0.15542684,-0.15845007,-0.10065024,-0.08152827,-0.09427856,-0.15548316,-0.11960925,-0.15027548,-0.16982608,-0.1185138,-0.15550277,-0.15876734,-0.17738779,-0.15176103,-0.15553991,-0.25953975,-0.17989698,-0.13525523,-0.15553668,-0.15095688,-0.17780018,-0.2009549,-0.15551502,-0.09015879,-0.15520221,-0.12151222,-0.121854745,-0.13997786,-0.21433522,-0.13908121,-0.16057305,-0.15545553,-0.07092635,-0.15483233,-0.15791179,-0.18733518,-0.15525793,-0.13137648,-0.12334781,-0.14100276,-0.15549073,-0.114095174,-0.25318068,-0.26654312,-0.13058816,-0.10945694,-0.15548049,-0.09238048,-0.20963459,-0.15553692,-0.15868276,-0.13086198,-0.15545718,-0.16015086,-0.1553517,-0.1555419,-0.19704957,-0.20616047,-0.13025275,-0.10460003,-0.11361031,-0.10256614,-0.1555334,-0.19495486,-0.15550713,-0.1307864,-0.15536007,-0.041086134,-0.12967405,-0.15554056,-0.2300741,-0.155517,-0.10384405,-0.15396523,-0.0784167,-0.15538202,-0.12766197,-0.15540275,-0.121451,-0.075820275,-0.09192432,-0.101488546,-0.1552408,-0.15866736,-0.12378413,-0.15537593,-0.1410757,-0.13984437,-0.18093297,-0.15554327,-0.25777104,-0.12844054,-0.15544409,-0.13462572,-0.119081676,-0.15550995,-0.1587697,-0.15877156,-0.15877283,-0.19755594,-0.25103784,-0.20219928,-0.19465852,-0.24831252,-0.20506537,-0.22091979,-0.1555268,-0.13107881,-0.11956477,-0.15552084,-0.15876561,-0.20931396,-0.18224281,-0.15551195,-0.32474133,-0.15554112,-0.15877578,-0.15877455,-0.15877411,-0.2185038,-0.15551169,-0.114121355,-0.15551406,-0.15875918,-0.1587659,-0.22984435,-0.15553404,-0.1587475,-0.08963354,-0.15542144,-0.1587205,-0.158741,-0.15874186,-0.13302092,-0.1051107,-0.14014931,-0.15141064,-0.15839578,-0.15615125,-0.14613561,-0.15552989,-0.12319561,-0.13146004,-0.1554907,-0.15877557,-0.15877506,-0.15877505,-0.15877563,-0.38518023,-0.11451449,-0.15549843,-0.15564899,-0.14443555,-0.16636807,-0.15553603,-0.15869194,-0.12993515,-0.047159404,-0.14904797,-0.14016809,-0.14106366,-0.15537614,-0.19987361,-0.1649412,-0.17166539,-0.15551125,-0.15872806,-0.12722544,-0.14610182,-0.2588673,-0.131255,-0.15540054,-0.09132757,-0.12832497,-0.13684332,-0.16221203,-0.15659244,-0.13067506,-0.15525945,-0.15867084,-0.15872487,-0.15876229,-0.15740095,-0.19795567,-0.15106063,-0.07294749,-0.2039893,-0.15549949,-0.15872295,-0.104459345,-0.1551786,-0.17466888,-0.13176009,-0.15550676,-0.15109587,-0.10913184,-0.1553275,-0.05825615,-0.14326635,-0.17082691,-0.15543985,-0.18883844,-0.1555424,-0.31316653,-0.15553197,-0.16808087,-0.14331596,-0.15553384,-0.15877183,-0.25088155,-0.15554282,-0.22115314,-0.07562123,-0.086852394,-0.10702289,-0.060967896,-0.1482287,-0.16796505,-0.15746465,-0.22133875,-0.12812386,-0.0969081,-0.16398169,-0.12716047,-0.11335766,-0.18846886,-0.13145302,-0.17755464,-0.0994983,-0.115196005,-0.15544099,-0.11662802,-0.19749595,-0.14526704,-0.12781724,-0.096878245,-0.15543997,-0.15855573,-0.12434345,-0.11230643,-0.063823454,-0.15536365,-0.11419349,-0.10007019,-0.24483351,-0.15554337,-0.15876296,-0.16344379,-0.1759062,-0.12524253,-0.15552695,-0.0782174,-0.19187105,-0.18185812,-0.09859173,-0.11065883,-0.15516418,-0.15841527,-0.083404,-0.1213824,-0.13072303,-0.13855581,-0.19385117,-0.15550242,-0.15876824,-0.19487974,-0.23847799,-0.2432746,-0.1311,-0.15531519,-0.1587366,-0.14520228,-0.2961179,-0.15554255,-0.19813283,-0.13135223,-0.15547195,-0.060104962,-0.15931924,-0.15554063,-0.2028091,-0.2868003,-0.11816878,-0.14795661,-0.10060286,-0.15536854,-0.13614628,-0.20725825,-0.17393659,-0.125103,-0.15657571,-0.15690626,-0.15553904,-0.15877095,-0.16221246,-0.22200036,-0.13153157,-0.2814266,-0.15554385,-0.1915083,-0.24371436,-0.16952515,-0.15545058,-0.13369927,-0.12557748,-0.1555356,-0.18106565,-0.15554357,-0.18642783,-0.15548252,-0.30462334,-0.15542069,-0.14691104,-0.13029914,-0.15552916,-0.15875712,-0.18915205,-0.13144386,-0.15553468,-0.10481856,-0.1650517,-0.15553237,-0.15877326,-0.15874211,-0.13102964,-0.15542579,-0.15873583,-0.1587254,-0.15873846,-0.1587473,-0.16505513,-0.17392421,-0.15552734,-0.15876514,-0.15875396,-0.15876573,-0.2025511,-0.15354379,-0.14723541,-0.15443361,-0.11499533,-0.10471026,-0.11893196,-0.15553133,-0.15868972,-0.13139926,-0.19501048,-0.15554008,-0.18738703,-0.11705899,-0.17429145,-0.15552987,-0.06652963,-0.15525752,-0.10737923,-0.124497145,-0.15298569,-0.052188452,-0.26007295
k__Bacteria|p__Proteobacteria|c__Gammaproteobacteria|o__Enterobacterales|f__Enterobacteriaceae|g__Kluyvera|s__Kluyvera_georgiana,-0.1004395,-0.12316422,-0.15479231,-0.15809178,-0.15809202,-0.23867357,-0.1666669,-0.16813041,-0.10929718,-0.22895765,-0.23728925,-0.15479657,-0.22850217,-0.3768707,-0.08556121,-0.15443587,-0.058144663,-0.15431726,-0.15803662,-0.19931981,-0.1978925,-0.13012299,-0.1547651,-0.12711628,-0.20043859,-0.11658599,-0.182019,-0.25032333,-0.1509206,-0.15476963,-0.15142563,-0.10844302,-0.18249588,-0.28454733,-0.15478486,-0.13028716,-0.15479444,-0.22338755,-0.1547969,-0.29867563,-0.15479696,-0.29356226,-0.12967606,-0.15466586,-0.13691942,-0.15479198,-0.23188588,-0.24781659,-0.1296162,-0.13029256,-0.24679694,-0.18279888,-0.25087595,-0.26027086,-0.28621647,-0.27511892,-0.11894142,-0.15471974,-0.040142577,-0.056944285,-0.15415423,-0.11274739,-0.13743341,-0.13019356,-0.15477768,-0.15808785,-0.15809184,-0.15809241,-0.27573854,-0.15476246,-0.130193,-0.16243835,-0.12334165,-0.14074792,-0.15476653,-0.15887658,-0.14481027,-0.13027358,-0.18691605,1.1513219,-0.15478623,-0.158073,-0.15808302,-0.15802509,-0.120334074,-0.13700745,-0.08858878,-0.15478092,-0.19008024,-0.15479085,-0.2004665,-0.11139822,-0.1388583,-0.13027036,-0.1074974,-0.15152657,-0.15470524,-0.15782133,-0.10065024,-0.08152827,-0.09427856,-0.15474913,-0.11960925,-0.15027548,-0.16982608,-0.1185138,-0.15476415,-0.15808642,-0.17738779,-0.15176103,-0.1547934,-0.25953975,-0.17989698,-0.13525523,-0.15479091,-0.15095688,-0.17780018,-0.2009549,-0.15477312,-0.09015879,-0.15453008,-0.12151222,-0.121854745,-0.13997786,-0.21433522,-0.13908121,-0.16057305,-0.15472755,-0.07092635,-0.1542354,-0.15740967,-0.18733518,-0.15456708,-0.13018382,-0.12334781,-0.14100276,-0.15475503,-0.114095174,-0.25318068,-0.26654312,-0.1295428,-0.10945694,-0.15474708,-0.09238048,-0.20963459,-0.15479109,-0.15801826,-0.12976506,-0.1547281,-0.16015086,-0.1553517,-0.15479496,-0.19704957,-0.20616047,-0.1292803,-0.10460003,-0.11361031,-0.10256614,-0.15478837,-0.19495486,-0.15476727,-0.12970608,-0.15465254,-0.041086134,-0.12967405,-0.15479386,-0.2300741,-0.15477526,-0.10384405,-0.15354364,-0.0784167,-0.15466905,-0.12766197,-0.15468617,-0.121451,-0.075820275,-0.09192432,-0.101488546,-0.15455958,-0.15800844,-0.12378413,-0.15465486,-0.1410757,-0.13984437,-0.18093297,-0.15479602,-0.25777104,-0.12844054,-0.15471688,-0.13462572,-0.119081676,-0.15477014,-0.15808827,-0.15808973,-0.1580907,-0.19755594,-0.25103784,-0.20219928,-0.19465852,-0.24831252,-0.20506537,-0.22091979,-0.15478294,-0.12994273,-0.11956477,-0.15477854,-0.15808508,-0.20931396,-0.18224281,-0.15477091,-0.32474133,-0.15479437,-0.158093,-0.15809205,-0.15809174,-0.2185038,-0.15477046,-0.114121355,-0.15477297,-0.15807983,-0.15808526,-0.22984435,-0.15478885,-0.15807012,-0.08963354,-0.15470037,-0.15805006,-0.1580657,-0.1580667,-0.13302092,-0.1051107,-0.14014931,-0.15141064,-0.15839578,-0.15615125,-0.14613561,-0.15478563,-0.12319561,-0.13024953,-0.15475461,-0.15809286,-0.15809244,-0.15809244,-0.15809289,-0.38518023,-0.11451449,-0.15476093,-0.15564899,-0.14443555,-0.16636807,-0.15479033,-0.15802617,-0.12993515,-0.047159404,-0.14966097,-0.14016809,-0.14106366,-0.15466514,-0.19987361,-0.1649412,-0.17166539,-0.15477106,-0.15805608,-0.12722544,-0.14610182,-0.2588673,-0.13008222,-0.1546844,-0.09132757,-0.12832497,-0.13684332,-0.16221203,-0.15659244,-0.12960045,-0.15457216,-0.15801105,-0.15805331,-0.15808249,-0.15740095,-0.19795567,-0.15106063,-0.07294749,-0.2039893,-0.15476164,-0.158052,-0.104459345,-0.15447715,-0.17466888,-0.13176009,-0.15476772,-0.15109587,-0.10913184,-0.15462613,-0.05825615,-0.14326635,-0.17082691,-0.15471497,-0.18883844,-0.15479535,-0.31316653,-0.154787,-0.16808087,-0.14331596,-0.15478867,-0.1580899,-0.25088155,-0.15479568,-0.22115314,-0.07562123,-0.086852394,-0.10702289,-0.060967896,-0.14902952,-0.16796505,-0.15746465,-0.22133875,-0.12812386,-0.0969081,-0.16398169,-0.12716047,-0.11335766,-0.18846886,-0.1302437,-0.17755464,-0.0994983,-0.115196005,-0.15471593,-0.11662802,-0.19749595,-0.14526704,-0.12781724,-0.096878245,-0.15471566,-0.15792103,-0.12434345,-0.11230643,-0.063823454,-0.15465511,-0.11419349,-0.10007019,-0.24483351,-0.15479611,-0.15808274,-0.16344379,-0.1759062,-0.12524253,-0.15478332,-0.0782174,-0.19187105,-0.18185812,-0.09859173,-0.11065883,-0.15449981,-0.15781094,-0.083404,-0.1213824,-0.13072303,-0.13855581,-0.19385117,-0.15476388,-0.15808716,-0.19487974,-0.23847799,-0.2432746,-0.1299578,-0.1546176,-0.15806226,-0.14520228,-0.2961179,-0.15479547,-0.19813283,-0.13016301,-0.15473998,-0.060104962,-0.15931924,-0.15479395,-0.2028091,-0.2868003,-0.11816878,-0.14795661,-0.10060286,-0.15465882,-0.13614628,-0.20725825,-0.17393659,-0.125103,-0.15657571,-0.15690626,-0.15479273,-0.15808925,-0.16221246,-0.22200036,-0.13030571,-0.2814266,-0.15479648,-0.1915083,-0.24371436,-0.16952515,-0.15472147,-0.13369927,-0.12557748,-0.15479,-0.18106565,-0.15479626,-0.18642783,-0.15474749,-0.30462334,-0.15469956,-0.14691104,-0.13029914,-0.15478498,-0.15807848,-0.18915205,-0.13023683,-0.15478931,-0.10481856,-0.1650517,-0.15478745,-0.15809104,-0.15806597,-0.12989298,-0.15470438,-0.1580616,-0.15805356,-0.15806368,-0.15807071,-0.16505513,-0.17392421,-0.15478352,-0.15808475,-0.15807594,-0.1580852,-0.2025511,-0.15354379,-0.14723541,-0.15392001,-0.11499533,-0.10471026,-0.11893196,-0.15478665,-0.15802345,-0.13020158,-0.19501048,-0.1547935,-0.18738703,-0.11705899,-0.17429145,-0.15478514,-0.06652963,-0.15457168,-0.10737923,-0.124497145,-0.15298569,-0.052188452,-0.26007295
k__Bacteria|p__Proteobacteria|c__Alphaproteobacteria|o__Hyphomicrobiales|f__Bradyrhizobiaceae|g__Bradyrhizobium|s__Bradyrhizobium_viridifuturi,-0.1004395,-0.12316422,-0.15394703,-0.15722771,-0.157228,-0.23867357,-0.1666669,-0.16813041,-0.10929718,-0.22895765,-0.23728925,-0.15395208,-0.22850217,-0.3768707,-0.08556121,-0.15353017,-0.058144663,-0.15339175,-0.15716249,-0.19931981,-0.1978925,-0.12939377,-0.15391497,-0.12711628,-0.20043859,-0.11658599,-0.182019,-0.25032333,-0.1509206,-0.15392005,-0.15142563,-0.10844302,-0.18249588,-0.28454733,-0.15393811,-0.12958227,-0.15394956,-0.22338755,-0.15395245,-0.29867563,-0.15395252,-0.29356226,-0.1288743,-0.15379661,-0.13691942,-0.15394667,-0.23188588,-0.24781659,-0.1296162,-0.12958835,-0.24679694,-0.18279888,-0.25087595,-0.26027086,-0.28621647,-0.27511892,-0.11894142,-0.15386151,-0.040142577,-0.056944285,-0.15319015,-0.11274739,-0.13743341,-0.12947315,-0.15392962,-0.15722308,-0.15722777,-0.15722844,-0.27573854,-0.15391144,-0.12947322,-0.16243835,-0.12334165,-0.14074792,-0.1539166,-0.15887658,-0.14481027,-0.12956652,0.82102686,-0.14998752,-0.15393984,-0.15720552,-0.1572173,-0.15714884,-0.120334074,-0.13700745,-0.08858878,-0.15393358,-0.19008024,-0.1539453,-0.2004665,-0.11139822,-0.1388583,-0.13027036,-0.1074974,-0.15152657,-0.15384445,-0.15691482,-0.10065024,-0.08152827,-0.09427856,-0.15389618,-0.11960925,-0.15027548,-0.16982608,-0.1185138,-0.1539136,-0.1572214,-0.17738779,-0.15176103,-0.1539483,-0.25953975,-0.17989698,-0.13525523,-0.15394539,-0.15095688,-0.17780018,-0.2009549,-0.15392393,-0.09015879,-0.15363902,-0.12151222,-0.121854745,-0.13997786,-0.21433522,-0.13908121,-0.16057305,-0.15387088,-0.07092635,-0.1532924,-0.15641487,-0.18733518,-0.15367877,-0.12946078,-0.12334781,-0.14100276,-0.15390304,-0.114095174,-0.25318068,-0.26654312,-0.12874022,-0.10945694,-0.15389377,-0.09238048,-0.20963459,-0.1539456,-0.15713936,-0.1289891,-0.15387124,-0.16015086,-0.1553517,-0.15395015,-0.19704957,-0.20616047,-0.1284258,-0.10460003,-0.11361031,-0.10256614,-0.1539424,-0.19495486,-0.15391749,-0.12891752,-0.15378317,-0.041086134,-0.12967405,-0.15394883,-0.2300741,-0.15392661,1.518901,-0.15248424,-0.0784167,-0.15380172,-0.12766197,-0.15382195,-0.121451,-0.075820275,-0.09192432,-0.101488546,-0.1536729,-0.15712973,-0.12378413,-0.15378815,-0.1410757,-0.13984437,-0.18093297,-0.1539514,-0.25777104,-0.12844054,-0.15385816,-0.13462572,-0.119081676,-0.15392098,-0.15722355,-0.15722528,-0.15722644,-0.19755594,-0.25103784,-0.20219928,-0.19465852,-0.24831252,-0.20506537,-0.22091979,-0.15393583,-0.12919089,-0.11956477,-0.15393084,-0.15721977,-0.20931396,-0.18224281,-0.15392163,-0.32474133,-0.15394945,-0.15722916,-0.15722805,-0.15722767,-0.2185038,-0.15392116,-0.114121355,-0.15392402,-0.1572134,-0.15722,-0.22984435,-0.15394297,-0.15720177,-0.08963354,-0.15383832,-0.1571787,-0.15719675,-0.15719825,-0.13302092,-0.1051107,-0.14014931,-0.15141064,-0.15839578,-0.15615125,-0.14613561,-0.15393922,-0.12319561,-0.129538,-0.15390214,-0.15722898,-0.1572285,-0.1572285,-0.15722904,-0.38518023,-0.11451449,-0.15390992,-0.15564899,-0.14443555,-0.16636807,-0.15394464,-0.15714914,-0.12993515,-0.047159404,-0.14784017,-0.14016809,-0.14106366,-0.15379652,-0.19987361,-0.1649412,-0.17166539,-0.15392199,-0.15718582,-0.12722544,-0.14610182,-0.2588673,-0.12935272,-0.15382017,-0.09132757,-0.12832497,-0.13684332,-0.16221203,-0.15659244,-0.12880403,-0.15368713,-0.15713254,-0.15718241,-0.15721679,-0.15740095,-0.19795567,-0.15106063,-0.07294749,-0.2039893,-0.15391064,-0.15718108,-0.104459345,-0.15359175,-0.17466888,-0.13176009,-0.15391819,-0.15109587,-0.10913184,-0.15375108,-0.05825615,-0.14326635,-0.17082691,-0.15385543,-0.18883844,-0.1539506,-0.31316653,-0.15394059,-0.16808087,-0.14331596,-0.1539427,-0.15722546,-0.25088155,-0.15395099,-0.22115314,-0.07562123,-0.086852394,-0.10702289,-0.060967896,-0.14709055,-0.16796505,-0.15746465,-0.22133875,-0.12812386,-0.0969081,-0.16398169,-0.12716047,-0.11335766,-0.18846886,-0.12953207,-0.17755464,-0.0994983,-0.115196005,-0.15385678,-0.11662802,-0.19749595,-0.14526704,-0.12781724,-0.096878245,-0.15385704,-0.15702662,-0.12434345,-0.11230643,-0.063823454,-0.15378559,-0.11419349,-0.10007019,-0.24483351,-0.15395153,-0.15721686,-0.16344379,-0.1759062,-0.12524253,-0.15393646,-0.0782174,-0.19187105,-0.18185812,-0.09859173,-0.11065883,-0.15360317,-0.15689698,-0.083404,-0.1213824,-0.13072303,-0.13855581,-0.19385117,-0.15391324,-0.15722224,-0.19487974,-0.23847799,-0.2432746,-0.12920475,-0.153741,-0.15719278,-0.14520228,-0.2961179,-0.15395078,-0.19813283,-0.12944,-0.15388507,-0.060104962,-0.15931924,-0.15394893,-0.2028091,-0.2868003,-0.11816878,-0.14795661,-0.10060286,-0.15378892,-0.13614628,-0.20725825,-0.17393659,-0.125103,-0.15657571,-0.15690626,-0.1539475,-0.15722474,-0.16221246,-0.22200036,-0.12960377,-0.2814266,-0.15395194,-0.1915083,-0.24371436,-0.16952515,-0.15386248,-0.13369927,-0.12557748,-0.15394425,-0.18106565,-0.15395169,-0.18642783,-0.15389337,-0.30462334,-0.15383676,-0.14691104,-0.13029914,-0.15393835,-0.15721202,-0.18915205,-0.1295241,-0.15394351,-0.10481856,-0.1650517,-0.15394121,-0.15722683,-0.15719682,-0.12914053,-0.15384354,-0.15719184,-0.15718243,-0.15719435,-0.15720287,-0.16505513,-0.17392421,-0.15393656,-0.15721942,-0.15720896,-0.15721995,-0.2025511,-0.15354379,-0.14723541,-0.15290764,-0.11499533,-0.10471026,-0.11893196,-0.15394035,-0.15714665,-0.12948412,-0.19501048,-0.15394841,-0.18738703,-0.11705899,-0.17429145,-0.15393853,-0.06652963,-0.15368846,-0.10737923,-0.124497145,-0.15298569,-0.052188452,-0.26007295
k__Bacteria|p__Proteobacteria|c__Gammaproteobacteria|o__Enterobacterales|f__Hafniaceae|g__Hafnia|s__Hafnia_alvei,-0.1004395,-0.12316422,-0.15402138,-0.15734242,-0.15734267,-0.23867357,-0.1666669,-0.16813041,-0.10929718,-0.22895765,-0.23728925,-0.15402621,-0.22850217,-0.3768707,-0.08556121,-0.15362757,-0.058144663,-0.15350226,-0.15728039,-0.19931981,-0.1978925,-0.12917611,-0.1539912,-0.12711628,-0.20043859,-0.11658599,-0.182019,-0.25032333,-0.1509206,-0.15399566,-0.15142563,-0.10844302,-0.18249588,-0.28454733,-0.15401267,-0.12935747,-0.15402383,-0.22338755,-0.15402657,-0.29867563,-0.15402663,-0.29356226,-0.12869273,-0.15387739,-0.13691942,-0.15402113,-0.23188588,-0.24781659,-0.1296162,-0.12936302,-0.24679694,-0.18279888,-0.25087595,-0.26027086,-0.28621647,-0.27511892,-0.11894142,-0.15394047,-0.040142577,-0.056944285,-0.15329927,-0.11274739,-0.13743341,-0.1292508,-0.1540047,-0.15733805,-0.15734243,-0.1573431,-0.27573854,-0.15398599,-0.12925252,-0.16243835,-0.12334165,-0.14074792,-0.15399271,-0.15887658,-0.14481027,-0.12934268,-0.18691605,-0.14998752,-0.15401465,-0.15732136,-0.15733238,-0.15726393,-0.120334074,-0.13700745,-0.08858878,-0.15400878,2.7593234,-0.15401983,-0.2004665,-0.11139822,-0.1388583,-0.13027036,-0.1074974,-0.15152657,-0.15392461,-0.15702462,-0.10065024,-0.08152827,-0.09427856,-0.15397355,-0.11960925,-0.15027548,-0.16982608,-0.1185138,-0.15398942,-0.15733641,-0.17738779,-0.15176103,-0.15402262,-0.25953975,-0.17989698,-0.13525523,-0.15401989,-0.15095688,-0.17780018,-0.2009549,-0.15399823,-0.09015879,-0.15373188,-0.12151222,-0.121854745,-0.13997786,-0.21433522,-0.13908121,-0.16057305,-0.15394971,-0.07092635,-0.15340108,-0.15655807,-0.18733518,-0.15375882,-0.12924045,-0.12334781,-0.14100276,-0.15397988,-0.114095174,-0.25318068,-0.26654312,-0.12852201,-0.10945694,-0.15397133,-0.09238048,-0.20963459,-0.15402012,-0.15725537,-0.12877907,-0.15394925,-0.16015086,-0.1553517,-0.15402439,-0.19704957,-0.20616047,-0.1282495,-0.10460003,-0.11361031,-0.10256614,-0.15401715,-0.19495486,-0.15399273,-0.12870382,-0.15386723,-0.041086134,-0.12967405,-0.15402308,-0.2300741,-0.15400153,-0.10384405,-0.15262781,-0.0784167,-0.15388322,-0.12766197,-0.15390326,-0.121451,-0.075820275,-0.09192432,-0.101488546,-0.15376191,-0.1572502,-0.12378413,-0.15386432,-0.1410757,-0.13984437,-0.18093297,-0.15402558,-0.25777104,-0.12844054,-0.15393406,-0.13462572,-0.119081676,-0.15399711,-0.15733847,-0.1573401,-0.15734118,-0.19755594,-0.25103784,-0.20219928,-0.19465852,-0.24831252,-0.20506537,-0.22091979,-0.15401042,-0.12896886,-0.11956477,-0.15400627,-0.15733486,-0.20931396,-0.18224281,-0.15399665,-0.32474133,-0.15402377,-0.15734378,-0.15734273,-0.15734237,-0.2185038,-0.15399584,-0.114121355,-0.15399924,-0.15732846,-0.15733507,-0.22984435,-0.1540177,-0.15731682,-0.08963354,-0.15391807,-0.15729651,-0.15731287,-0.1573149,-0.13302092,-0.1051107,-0.14014931,-0.15141064,-0.15839578,-0.15615125,-0.14613561,-0.15401426,-0.12319561,-0.12931547,-0.15397827,-0.1573436,-0.15734315,-0.15734315,-0.15734366,-0.38518023,-0.11451449,-0.15398623,-0.15564899,-0.14443555,-0.16636807,-0.15401909,-0.1572656,-0.12993515,-0.047159404,-0.14814518,-0.14016809,-0.14106366,-0.15387851,-0.19987361,-0.1649412,-0.17166539,-0.15399784,-0.15730344,-0.12722544,-0.14610182,-0.2588673,-0.12912998,-0.15390164,-0.09132757,-0.12832497,-0.13684332,-0.16221203,-0.15659244,-0.12857644,-0.15377304,-0.15725243,-0.15729974,-0.15733209,-0.15740095,-0.19795567,-0.15106063,-0.07294749,-0.2039893,-0.15398666,-0.15729874,-0.104459345,-0.15363367,-0.17466888,-0.13176009,-0.15399459,-0.15109587,-0.10913184,-0.15383494,-0.05825615,-0.14326635,-0.17082691,-0.15393434,-0.18883844,-0.15402478,-0.31316653,-0.15401492,-0.16808087,-0.14331596,-0.15401739,-0.15734021,-0.25088155,-0.15402515,-0.22115314,-0.07562123,-0.086852394,-0.10702289,-0.060967896,-0.14743575,-0.16796505,-0.15746465,-0.22133875,-0.12812386,-0.0969081,-0.16398169,-0.12716047,-0.11335766,-0.18846886,-0.12930913,-0.17755464,-0.0994983,-0.115196005,-0.15393582,-0.11662802,-0.19749595,-0.14526704,-0.12781724,-0.096878245,-0.15393716,-0.15715224,-0.12434345,-0.11230643,-0.063823454,-0.1538685,-0.11419349,-0.10007019,-0.24483351,-0.15402569,-0.15733176,-0.16344379,-0.1759062,-0.12524253,-0.15401155,-0.0782174,-0.19187105,-0.18185812,-0.09859173,-0.11065883,-0.15369728,-0.15702994,-0.083404,-0.1213824,-0.13072303,-0.13855581,-0.19385117,-0.15398905,-0.15733725,-0.19487974,-0.23847799,-0.2432746,-0.12899463,-0.1538265,-0.15730914,-0.14520228,-0.2961179,-0.15402499,-0.19813283,-0.12921879,-0.15396231,-0.060104962,-0.15931924,-0.1540232,-0.2028091,-0.2868003,-0.11816878,-0.14795661,-0.10060286,-0.1538707,-0.13614628,-0.20725825,-0.17393659,-0.125103,-0.15657571,-0.15690626,-0.15402186,-0.1573396,-0.16221246,-0.22200036,-0.12937756,-0.2814266,-0.15402609,-0.1915083,-0.24371436,-0.16952515,-0.15393807,-0.13369927,-0.12557748,-0.15401876,-0.18106565,-0.15402585,-0.18642783,-0.15396862,-0.30462334,-0.15391573,-0.14691104,-0.13029914,-0.15401319,-0.15732765,-0.18915205,-0.12930217,-0.15401813,-0.10481856,-0.1650517,-0.15401581,-0.15734155,-0.1573118,-0.12891543,-0.15392399,-0.15730803,-0.15729937,-0.15731049,-0.15731892,-0.16505513,-0.17392421,-0.15401141,-0.1573346,-0.15732461,-0.1573351,-0.2025511,-0.15354379,-0.14723541,-0.15302032,-0.11499533,-0.10471026,-0.11893196,-0.15401508,-0.15726316,-0.12926453,-0.19501048,-0.15402266,-0.18738703,-0.11705899,-0.17429145,-0.15401292,-0.06652963,-0.15377778,-0.10737923,-0.124497145,-0.15298569,-0.052188452,-0.26007295
k__Bacteria|p__Proteobacteria|c__Gammaproteobacteria|o__Enterobacterales|f__Hafniaceae|g__Obesumbacterium|s__Obesumbacterium_proteus,-0.1004395,-0.12316422,-0.15420797,-0.15739468,-0.15739512,-0.23867357,-0.1666669,-0.16813041,-0.10929718,-0.22895765,-0.23728925,-0.15421535,-0.22850217,-0.3768707,-0.08556121,-0.15359813,-0.058144663,-0.15336493,-0.15729895,-0.19931981,-0.1978925,-0.13024348,-0.15416014,-0.12711628,-0.20043859,-0.11658599,-0.182019,-0.25032333,-0.1509206,-0.15416881,-0.15142563,-0.10844302,-0.18249588,-0.28454733,-0.15419546,-0.13054027,-0.1542116,-0.22338755,-0.15421593,-0.29867563,-0.15421604,-0.29356226,-0.12944683,-0.15399127,-0.13691942,-0.15420724,-0.23188588,-0.24781659,-0.1296162,-0.1305502,-0.24679694,-0.18279888,-0.25087595,-0.26027086,-0.28621647,-0.27511892,-0.11894142,-0.15408051,-0.040142577,-0.056944285,-0.15310329,-0.11274739,-0.13743341,-0.13037051,-0.15418285,-0.15738773,-0.15739483,-0.15739578,-0.27573854,-0.15415719,-0.13037327,-0.16243835,-0.12334165,-0.14074792,-0.15416247,-0.15887658,-0.14481027,-0.13051556,-0.18691605,-0.14998752,-0.15419714,-0.15736175,-0.15737963,-0.15728632,-0.120334074,-0.13700745,-0.08858878,-0.15418777,5.3048325,-0.15420525,-0.2004665,-0.11139822,-0.1388583,-0.13027036,-0.1074974,-0.15152657,-0.1540541,-0.15695795,-0.10065024,-0.08152827,-0.09427856,-0.15413164,-0.11960925,-0.15027548,-0.16982608,-0.1185138,-0.15415944,-0.15738529,-0.17738779,-0.15176103,-0.15420982,-0.25953975,-0.17989698,-0.13525523,-0.15420532,-0.15095688,-0.17780018,-0.2009549,-0.15417702,-0.09015879,-0.15374328,-0.12151222,-0.121854745,-0.13997786,-0.21433522,-0.13908121,-0.16057305,-0.1540934,-0.07092635,-0.15324095,-0.15623398,-0.18733518,-0.15383416,-0.13035235,-0.12334781,-0.14100276,-0.15414222,-0.114095174,-0.25318068,-0.26654312,-0.12919672,-0.10945694,-0.15412793,-0.09238048,-0.20963459,-0.15420565,-0.15727486,-0.1296013,-0.15409723,-0.16015086,-0.1553517,-0.15421253,-0.19704957,-0.20616047,-0.12874633,-0.10460003,-0.11361031,-0.10256614,-0.15420073,-0.19495486,-0.15416528,-0.12949519,-0.1539622,-0.041086134,-0.12967405,-0.15421075,-0.2300741,-0.1541791,-0.10384405,-0.15205148,-0.0784167,-0.1539939,-0.12766197,-0.15402135,-0.121451,-0.075820275,-0.09192432,-0.101488546,-0.1537978,-0.15724735,-0.12378413,-0.1539929,-0.1410757,-0.13984437,-0.18093297,-0.15421435,-0.25777104,-0.12844054,-0.15408003,-0.13462572,-0.119081676,-0.15416826,-0.15738854,-0.15739107,-0.15739281,-0.19755594,-0.25103784,-0.20219928,-0.19465852,-0.24831252,-0.20506537,-0.22091979,-0.15419224,-0.12991668,-0.11956477,-0.15418345,-0.157383,-0.20931396,-0.18224281,-0.15417242,-0.32474133,-0.1542114,-0.15739685,-0.15739515,-0.15739456,-0.2185038,-0.15417212,-0.114121355,-0.15417492,-0.15737459,-0.1573834,-0.22984435,-0.15420157,-0.15735948,-0.08963354,-0.15404803,-0.1573204,-0.15734956,-0.15734991,-0.13302092,-0.1051107,-0.14014931,-0.15141064,-0.15839578,-0.15615125,-0.14613561,-0.1541958,-0.12319561,-0.13047391,-0.1541433,-0.15739655,-0.15739587,-0.15739587,-0.15739664,-0.38518023,-0.11451449,-0.15415302,-0.15564899,-0.14443555,-0.16636807,-0.15420458,-0.1572851,-0.12993515,-0.047159404,-0.14546522,-0.14016809,-0.14106366,-0.15398607,-0.19987361,-0.1649412,-0.17166539,-0.1541703,-0.15733057,-0.12722544,-0.14610182,-0.2588673,-0.13016938,-0.1540176,-0.09132757,-0.12832497,-0.13684332,-0.16221203,-0.15659244,-0.12930478,-0.15382712,-0.15725264,-0.15732674,-0.15737832,-0.15740095,-0.19795567,-0.15106063,-0.07294749,-0.2039893,-0.15415488,-0.15732354,-0.104459345,-0.15368012,-0.17466888,-0.13176009,-0.15416375,-0.15109587,-0.10913184,-0.15391919,-0.05825615,-0.14326635,-0.17082691,-0.15407322,-0.18883844,-0.15421325,-0.31316653,-0.15419936,-0.16808087,-0.14331596,-0.15420145,-0.15739152,-0.25088155,-0.15421382,-0.22115314,-0.07562123,-0.086852394,-0.10702289,-0.060967896,-0.14432904,-0.16796505,-0.15746465,-0.22133875,-0.12812386,-0.0969081,-0.16398169,-0.12716047,-0.11335766,-0.18846886,-0.13046238,-0.17755464,-0.0994983,-0.115196005,-0.15407446,-0.11662802,-0.19749595,-0.14526704,-0.12781724,-0.096878245,-0.15407148,-0.15709402,-0.12434345,-0.11230643,-0.063823454,-0.15396768,-0.11419349,-0.10007019,-0.24483351,-0.15421453,-0.15737996,-0.16344379,-0.1759062,-0.12524253,-0.1541919,-0.0782174,-0.19187105,-0.18185812,-0.09859173,-0.11065883,-0.15369186,-0.15690155,-0.083404,-0.1213824,-0.13072303,-0.13855581,-0.19385117,-0.15415898,-0.15738654,-0.19487974,-0.23847799,-0.2432746,-0.12995772,-0.15390119,-0.1573435,-0.14520228,-0.2961179,-0.15421343,-0.19813283,-0.13031623,-0.15411724,-0.060104962,-0.15931924,-0.15421082,-0.2028091,-0.2868003,-0.11816878,-0.14795661,-0.10060286,-0.15397637,-0.13614628,-0.20725825,-0.17393659,-0.125103,-0.15657571,-0.15690626,-0.15420866,-0.15739024,-0.16221246,-0.22200036,-0.13057363,-0.2814266,-0.15421519,-0.1915083,-0.24371436,-0.16952515,-0.15409161,-0.13369927,-0.12557748,-0.15420397,-0.18106565,-0.15421478,-0.18642783,-0.154134,-0.30462334,-0.15404831,-0.14691104,-0.13029914,-0.15419504,-0.15737118,-0.18915205,-0.13044944,-0.15420258,-0.10481856,-0.1650517,-0.15419966,-0.1573934,-0.15735239,-0.1298331,-0.15405253,-0.15734273,-0.15732808,-0.1573462,-0.15735781,-0.16505513,-0.17392421,-0.15419275,-0.15738222,-0.15736705,-0.15738302,-0.2025511,-0.15354379,-0.14723541,-0.15271854,-0.11499533,-0.10471026,-0.11893196,-0.15419802,-0.15728262,-0.13038547,-0.19501048,-0.1542101,-0.18738703,-0.11705899,-0.17429145,-0.15419663,-0.06652963,-0.15382105,-0.10737923,-0.124497145,-0.15298569,-0.052188452,-0.26007295
k__Bacteria|p__Proteobacteria|c__Gammaproteobacteria|o__Enterobacterales|f__Enterobacteriaceae|g__Kosakonia|s__Kosakonia_cowanii,-0.1004395,-0.12316422,-0.15501156,-0.15829168,-0.158292,-0.23867357,-0.1666669,-0.16813041,-0.10929718,-0.22895765,-0.23728925,-0.1550169,-0.22850217,-0.3768707,-0.08556121,-0.15456757,-0.058144663,-0.15441409,-0.1582224,-0.19931981,-0.1978925,-0.13044134,-0.15497732,-0.12711628,-0.20043859,-0.11658599,-0.182019,-0.25032333,-0.1509206,-0.15498306,-0.15142563,-0.10844302,-0.18249588,-0.28454733,-0.15500224,-0.13065039,-0.15501422,-0.22338755,-0.15501732,-0.29867563,-0.15501739,-0.29356226,-0.12988698,-0.15485302,-0.13691942,-0.15501112,-0.23188588,-0.24781659,-0.1296162,-0.13065712,-0.24679694,-0.18279888,-0.25087595,-0.26027086,-0.28621647,-0.27511892,-0.11894142,-0.15492013,-0.040142577,-0.056944285,-0.15420991,-0.11274739,-0.13743341,-0.13052955,-0.15499318,-0.15828674,-0.15829176,-0.15829247,-0.27573854,-0.15497378,-0.13053183,-0.16243835,-0.12334165,-0.14074792,-0.15497904,-0.15887658,-0.14481027,-0.13063303,-0.18691605,-0.14998752,-0.15500385,-0.158268,-0.15828067,-0.15820907,-0.120334074,-0.13700745,-0.08858878,-0.15499717,-0.19008024,-0.15500967,-0.2004665,-0.11139822,-0.1388583,-0.13027036,-0.1074974,-0.15152657,-0.15490171,-0.1579606,-0.10065024,-0.08152827,-0.09427856,-0.1549571,-0.11960925,-0.15027548,-0.16982608,-0.1185138,-0.15497619,-0.15828493,-0.17738779,-0.15176103,-0.1550129,-0.25953975,-0.17989698,-0.13525523,-0.15500975,-0.15095688,-0.17780018,-0.2009549,-0.15498766,-0.09015879,-0.15468103,-0.12151222,-0.121854745,-0.13997786,-0.21433522,-0.13908121,-0.16057305,-0.1549299,-0.07092635,-0.15431413,-0.1574371,-0.18733518,-0.15473132,-0.130517,-0.12334781,-0.14100276,-0.15496454,-0.114095174,-0.25318068,-0.26654312,-0.12969619,-0.10945694,-0.15495455,-0.09238048,-0.20963459,-0.15500998,-0.15820065,-0.12999426,-0.1549311,-0.16015086,-0.1553517,-0.15501487,-0.19704957,-0.20616047,-0.12936994,-0.10460003,-0.11361031,-0.10256614,-0.15500654,-0.19495486,-0.15498018,-0.12990525,-0.15483597,-0.041086134,-0.12967405,-0.1550135,-0.2300741,-0.15499012,-0.10384405,-0.15344808,-0.0784167,-0.1548567,-0.12766197,-0.1548779,-0.121451,-0.075820275,-0.09192432,-0.101488546,-0.15471798,-0.15818667,-0.12378413,-0.15484625,-0.1410757,-0.13984437,-0.18093297,-0.15501621,-0.25777104,-0.12844054,-0.15491733,-0.13462572,-0.119081676,-0.15498354,-0.15828726,-0.15828909,-0.15829033,-0.19755594,-0.25103784,-0.20219928,-0.19465852,-0.24831252,-0.20506537,-0.22091979,-0.15499982,-0.13021395,-0.11956477,-0.15499419,-0.15828323,-0.20931396,-0.18224281,-0.15498513,-0.32474133,-0.1550141,-0.15829325,-0.15829204,-0.15829161,-0.2185038,-0.15498441,-0.114121355,-0.15498728,-0.15827672,-0.1582835,-0.22984435,-0.15500715,-0.15826488,-0.08963354,-0.15489593,-0.15823904,-0.15825891,-0.15826002,-0.13302092,-0.1051107,-0.14014931,-0.15141064,-0.15839578,-0.15615125,-0.14613561,-0.1550031,-0.12319561,-0.13060293,-0.15496424,-0.15829304,-0.15829253,-0.15829253,-0.1582931,-0.38518023,-0.11451449,-0.15497205,-0.15564899,-0.14443555,-0.16636807,-0.15500906,-0.15820971,-0.12993515,-0.047159404,-0.14858678,-0.14016809,-0.14106366,-0.15485159,-0.19987361,-0.1649412,-0.17166539,-0.15498474,-0.15824658,-0.12722544,-0.14610182,-0.2588673,-0.13038786,-0.1548755,-0.09132757,-0.12832497,-0.13684332,-0.16221203,-0.15659244,-0.12976718,-0.1547349,-0.15818992,-0.15824321,-0.15827999,-0.15740095,-0.19795567,-0.15106063,-0.07294749,-0.2039893,-0.15497303,-0.15824139,-0.104459345,-0.15461805,-0.17466888,-0.13176009,-0.15498045,-0.15109587,-0.10913184,-0.15480232,-0.05825615,-0.14326635,-0.17082691,-0.15491429,-0.18883844,-0.15501535,-0.31316653,-0.15500492,-0.16808087,-0.14331596,-0.15500693,-0.15828934,-0.25088155,-0.15501577,-0.22115314,-0.07562123,-0.086852394,-0.10702289,-0.060967896,-0.1477812,-0.16796505,-0.15746465,-0.22133875,-0.12812386,-0.0969081,-0.16398169,-0.12716047,-0.11335766,-0.18846886,-0.13059534,-0.17755464,-0.0994983,-0.115196005,-0.15491545,-0.11662802,-0.19749595,-0.14526704,-0.12781724,-0.096878245,-0.15491475,-0.15807635,-0.12434345,-0.11230643,-0.063823454,-0.15483885,-0.11419349,-0.10007019,-0.24483351,-0.15501632,-0.15828046,-0.16344379,-0.1759062,-0.12524253,-0.15500021,-0.0782174,-0.19187105,-0.18185812,-0.09859173,-0.11065883,-0.15464321,-0.15793827,-0.083404,-0.1213824,-0.13072303,-0.13855581,-0.19385117,-0.15497586,-0.15828586,-0.19487974,-0.23847799,-0.2432746,-0.1302351,-0.15479147,-0.15825462,-0.14520228,-0.2961179,-0.15501553,-0.19813283,-0.13049103,-0.15494575,-0.060104962,-0.15931924,-0.15501359,-0.2028091,-0.2868003,-0.11816878,-0.14795661,-0.10060286,-0.15484376,-0.13614628,-0.20725825,-0.17393659,-0.125103,-0.15657571,-0.15690626,-0.15501206,-0.15828851,-0.16221246,-0.22200036,-0.13067372,-0.2814266,-0.15501678,-0.1915083,-0.24371436,-0.16952515,-0.15492375,-0.13369927,-0.12557748,-0.15500864,-0.18106565,-0.15501651,-0.18642783,-0.15495583,-0.30462334,-0.1548951,-0.14691104,-0.13029914,-0.1550023,-0.15827492,-0.18915205,-0.13058642,-0.15500776,-0.10481856,-0.1650517,-0.15500546,-0.15829076,-0.15825951,-0.13014683,-0.1549007,-0.15825376,-0.15824357,-0.15825638,-0.15826517,-0.16505513,-0.17392421,-0.15500048,-0.15828282,-0.15827176,-0.15828338,-0.2025511,-0.15354379,-0.14723541,-0.15391776,-0.11499533,-0.10471026,-0.11893196,-0.15500443,-0.15820739,-0.13054231,-0.19501048,-0.15501305,-0.18738703,-0.11705899,-0.17429145,-0.15500274,-0.06652963,-0.15473449,-0.10737923,-0.124497145,-0.15298569,-0.052188452,-0.26007295
k__Bacteria|p__Proteobacteria|c__Gammaproteobacteria|o__Moraxellales|f__Moraxellaceae|g__Acinetobacter|s__Acinetobacter_johnsonii,-0.1004395,-0.12316422,-0.15454021,-0.15783659,-0.15783685,-0.23867357,-0.1666669,-0.16813041,-0.10929718,-0.22895765,-0.23728925,-0.15454492,-0.22850217,-0.3768707,-0.08556121,-0.1541503,-0.058144663,-0.15401724,-0.1577757,-0.19931981,-0.1978925,-0.12987486,-0.15451017,-0.12711628,-0.20043859,-0.11658599,-0.182019,-0.25032333,-0.1509206,-0.15451506,-0.15142563,-0.10844302,-0.18249588,-0.28454733,-0.15453193,-0.13005811,-0.15454254,-0.22338755,-0.15454528,-0.29867563,-0.15454534,-0.29356226,-0.12938164,-0.15440035,-0.13691942,-0.15453985,-0.23188588,-0.24781659,-0.1296162,-0.13006398,-0.24679694,-0.18279888,-0.25087595,-0.26027086,-0.28621647,-0.27511892,-0.11894142,-0.15446004,-0.040142577,-0.056944285,-0.15383384,-0.11274739,-0.13743341,-0.12995262,-0.154524,-0.15783225,-0.15783665,-0.15783727,-0.27573854,-0.15450683,-0.12995368,-0.16243835,-0.12334165,-0.14074792,-0.15451166,-0.15887658,-0.14481027,-0.13004304,-0.18691605,-0.14998752,-0.15453345,-0.1578158,-0.15782687,-0.15776311,-0.120334074,-0.13700745,-0.08858878,-0.1545276,-0.19008024,-0.15453857,-0.2004665,-0.11139822,-0.1388583,-0.13027036,-0.1074974,-0.15152657,-0.15444389,-0.1575416,-0.10065024,-0.08152827,-0.09427856,-0.15449248,-0.11960925,-0.15027548,-0.16982608,-0.1185138,-0.15450905,-0.15783066,-0.17738779,-0.15176103,-0.15454137,-0.25953975,-0.17989698,-0.13525523,-0.15453863,-0.15095688,-0.17780018,-0.2009549,-0.15451884,-0.09015879,-0.1542507,-0.12151222,-0.121854745,-0.13997786,-0.21433522,-0.13908121,-0.16057305,-0.15446866,-0.07092635,-0.15392679,-0.15708089,-0.18733518,-0.15429094,-0.12994237,-0.12334781,-0.14100276,-0.15449896,-0.114095174,-0.25318068,-0.26654312,-0.12921616,-0.10945694,-0.1544902,-0.09238048,-0.20963459,-0.15453884,-0.15775491,-0.1294724,-0.15446946,-0.16015086,-0.1553517,-0.15454313,-0.19704957,-0.20616047,-0.1289232,-0.10460003,-0.11361031,-0.10256614,-0.15453583,-0.19495486,-0.15451245,-0.12939717,-0.15438618,-0.041086134,-0.12967405,-0.15454191,-0.2300741,-0.1545212,-0.10384405,-0.15316777,-0.0784167,-0.1544043,-0.12766197,-0.15442297,-0.121451,-0.075820275,-0.09192432,-0.101488546,-0.15428306,-0.15774462,-0.12378413,-0.15439263,-0.1410757,-0.13984437,-0.18093297,-0.1545443,-0.25777104,-0.12844054,-0.15445669,-0.13462572,-0.119081676,-0.1545157,-0.15783271,-0.15783432,-0.1578354,-0.19755594,-0.25103784,-0.20219928,-0.19465852,-0.24831252,-0.20506537,-0.22091979,-0.15452978,-0.12967065,-0.11956477,-0.15452498,-0.15782917,-0.20931396,-0.18224281,-0.1545167,-0.32474133,-0.15454245,-0.15783796,-0.1578369,-0.15783653,-0.2185038,-0.15451626,-0.114121355,-0.15451881,-0.15782332,-0.15782939,-0.22984435,-0.15453637,-0.15781303,-0.08963354,-0.1544387,-0.15779053,-0.15780771,-0.15780891,-0.13302092,-0.1051107,-0.14014931,-0.15141064,-0.15839578,-0.15615125,-0.14613561,-0.15453285,-0.12319561,-0.13001621,-0.1544984,-0.15783778,-0.15783733,-0.15783733,-0.15783782,-0.38518023,-0.11451449,-0.15450546,-0.15564899,-0.14443555,-0.16636807,-0.15453799,-0.15776373,-0.12993515,-0.047159404,-0.14886114,-0.14016809,-0.14106366,-0.15439947,-0.19987361,-0.1649412,-0.17166539,-0.15451668,-0.15779714,-0.12722544,-0.14610182,-0.2588673,-0.12982793,-0.15442099,-0.09132757,-0.12832497,-0.13684332,-0.16221203,-0.15659244,-0.12927102,-0.1542973,-0.15774739,-0.15779409,-0.15782633,-0.15740095,-0.19795567,-0.15106063,-0.07294749,-0.2039893,-0.15450624,-0.15779266,-0.104459345,-0.15418431,-0.17466888,-0.13176009,-0.15451303,-0.15109587,-0.10913184,-0.15435669,-0.05825615,-0.14326635,-0.17082691,-0.15445462,-0.18883844,-0.15454355,-0.31316653,-0.15453428,-0.16808087,-0.14331596,-0.15453616,-0.1578345,-0.25088155,-0.1545439,-0.22115314,-0.07562123,-0.086852394,-0.10702289,-0.060967896,-0.14815614,-0.16796505,-0.15746465,-0.22133875,-0.12812386,-0.0969081,-0.16398169,-0.12716047,-0.11335766,-0.18846886,-0.13000968,-0.17755464,-0.0994983,-0.115196005,-0.15445574,-0.11662802,1.4290166,-0.14526704,-0.12781724,-0.096878245,-0.15445557,-0.15764785,-0.12434345,-0.11230643,-0.063823454,-0.1543889,-0.11419349,-0.10007019,-0.24483351,-0.15454438,-0.15782654,-0.16344379,-0.1759062,-0.12524253,-0.15453026,-0.0782174,-0.19187105,-0.18185812,-0.09859173,-0.11065883,-0.1542171,-0.15752637,-0.083404,-0.1213824,-0.13072303,-0.13855581,-0.19385117,-0.15450871,-0.15783148,-0.19487974,-0.23847799,-0.2432746,-0.1296877,-0.15434706,-0.15780395,-0.14520228,-0.2961179,-0.15454368,-0.19813283,-0.12991884,-0.15448233,-0.060104962,-0.15931924,-0.154542,-0.2028091,-0.2868003,-0.11816878,-0.14795661,-0.10060286,-0.15439254,-0.13614628,-0.20725825,-0.17393659,-0.125103,-0.15657571,-0.15690626,-0.15454064,-0.15783381,-0.16221246,-0.22200036,-0.13007857,-0.2814266,-0.1545448,-0.1915083,-0.24371436,-0.16952515,-0.15446202,-0.13369927,-0.12557748,-0.15453763,-0.18106565,-0.15454455,-0.18642783,-0.15449071,-0.30462334,-0.15443745,-0.14691104,-0.13029914,-0.15453207,-0.1578219,-0.18915205,-0.13000219,-0.15453687,-0.10481856,-0.1650517,-0.1545348,-0.15783578,-0.15780798,-0.12961063,-0.15444303,-0.15780316,-0.15779436,-0.1578055,-0.15781337,-0.16505513,-0.17392421,-0.15453044,-0.15782881,-0.15781906,-0.15782931,-0.2025511,-0.15354379,-0.14723541,-0.15357351,-0.11499533,-0.10471026,-0.11893196,-0.15453392,-0.15776145,-0.12996358,-0.19501048,-0.15454149,-0.18738703,-0.11705899,-0.17429145,-0.15453228,-0.06652963,-0.15429738,-0.10737923,-0.124497145,-0.15298569,-0.052188452,-0.26007295
k__Bacteria|p__Proteobacteria|c__Gammaproteobacteria|o__Pasteurellales|f__Pasteurellaceae|g__Haemophilus|s__Haemophilus_SGB36986,-0.1004395,-0.12316422,-0.15432677,-0.15765408,-0.15765433,-0.23867357,-0.1666669,-0.16813041,-0.10929718,-0.22895765,-0.23728925,-0.15433137,-0.22850217,-0.3768707,-0.08556121,-0.15394472,-0.058144663,-0.15381911,-0.15759449,-0.19931981,-0.1978925,-0.1294359,-0.15429753,-0.12711628,-0.20043859,-0.11658599,-0.182019,-0.25032333,-0.1509206,-0.15430221,-0.15142563,-0.10844302,-0.18249588,-0.28454733,-0.15431863,-0.12961528,-0.15432909,-0.22338755,-0.15433173,-0.29867563,-0.1543318,-0.29356226,-0.12895872,-0.15418974,-0.13691942,-0.15432647,-0.23188588,-0.24781659,-0.1296162,-0.12962097,-0.24679694,-0.18279888,-0.25087595,-0.26027086,-0.28621647,-0.27511892,-0.11894142,-0.15424852,-0.040142577,-0.056944285,-0.15363672,-0.11274739,-0.13743341,-0.12951115,-0.1543109,-0.15764984,-0.15765412,-0.15765473,-0.27573854,-0.15429339,-0.12951304,-0.16243835,-0.12334165,-0.14074792,-0.15429902,-0.15887658,-0.14481027,-0.12960058,-0.18691605,-0.14998752,-0.15432021,-0.1576338,-0.15764454,-0.15758085,-0.120334074,-0.13700745,-0.08858878,-0.15431452,-0.19008024,-0.15432522,-0.2004665,-0.11139822,-0.1388583,-0.13027036,-0.1074974,-0.15152657,-0.15423302,-0.15735576,-0.10065024,-0.08152827,-0.09427856,-0.15428033,-0.11960925,-0.15027548,-0.16982608,-0.1185138,-0.15429628,-0.1576483,-0.17738779,-0.15176103,-0.15432793,-0.25953975,-0.17989698,-0.13525523,-0.15432528,-0.15095688,-0.17780018,-0.2009549,-0.15430543,-0.09015879,-0.15404522,-0.12151222,-0.121854745,-0.13997786,-0.21433522,-0.13908121,-0.16057305,-0.15425715,-0.07092635,-0.15372792,-0.15691254,-0.18733518,-0.15408087,-0.12949996,-0.12334781,-0.14100276,-0.15428662,-0.114095174,-0.25318068,-0.26654312,-0.12878805,-0.10945694,-0.15427816,-0.09238048,-0.20963459,-0.15432549,-0.15757301,-0.12904246,-0.15425745,-0.16015086,-0.1553517,-0.15432964,-0.19704957,-0.20616047,-0.12850708,-0.10460003,-0.11361031,-0.10256614,-0.15432256,-0.19495486,-0.15429953,-0.12896454,-0.15417694,-0.041086134,-0.12967405,-0.15432844,-0.2300741,-0.15430807,-0.10384405,-0.15298289,-0.0784167,-0.15419367,-0.12766197,-0.1542125,-0.121451,-0.075820275,-0.09192432,-0.101488546,-0.1540758,-0.15756452,-0.12378413,-0.15417907,-0.1410757,-0.13984437,-0.18093297,-0.15433079,-0.25777104,-0.12844054,-0.15424389,-0.13462572,-0.119081676,-0.15430301,-0.15765028,-0.15765184,-0.15765288,-0.19755594,-0.25103784,-0.20219928,-0.19465852,-0.24831252,-0.20506537,-0.22091979,-0.1543165,-0.12923253,-0.11956477,-0.15431201,-0.15764682,-0.20931396,-0.18224281,-0.15430352,-0.32474133,-0.154329,-0.15765539,-0.15765437,-0.15765402,-0.2185038,-0.15430275,-0.114121355,-0.15430576,-0.157641,-0.15764704,-0.22984435,-0.15432309,-0.15763016,-0.08963354,-0.1542274,-0.15760931,-0.15762585,-0.1576272,-0.13302092,-0.1051107,-0.14014931,-0.15141064,-0.15839578,-0.15615125,-0.14613561,-0.15431967,-0.12319561,-0.1295744,-0.15428588,-0.15765522,-0.15765478,-0.15765479,-0.15765527,-0.38518023,-0.11451449,-0.15429294,-0.15564899,-0.14443555,-0.16636807,-0.15432462,-0.15758225,-0.12993515,-0.047159404,-0.14876027,-0.14016809,-0.14106366,-0.15418956,-0.19987361,-0.1649412,-0.17166539,-0.15430392,-0.15761587,-0.12722544,-0.14610182,-0.2588673,-0.12938866,-0.15421054,-0.09132757,-0.12832497,-0.13684332,-0.16221203,-0.15659244,-0.12884451,-0.1540884,-0.15756705,-0.1576127,-0.15764408,-0.15740095,-0.19795567,-0.15106063,-0.07294749,-0.2039893,-0.15429358,-0.15761134,-0.104459345,-0.15395859,-0.17466888,-0.13176009,-0.15430048,-0.15109587,-0.10913184,-0.15414691,-0.05825615,-0.14326635,-0.17082691,-0.15424326,-0.18883844,-0.15433004,-0.31316653,-0.15432087,-0.16808087,-0.14331596,-0.15432286,-0.15765202,-0.25088155,-0.15433037,-0.22115314,1.7432988,1.6449562,8.569229,-0.060967896,-0.14807487,-0.16796505,-0.15746465,-0.22133875,-0.12812386,-0.0969081,-0.16398169,-0.12716047,-0.11335766,-0.18846886,-0.12956794,-0.17755464,-0.0994983,-0.115196005,-0.1542444,-0.11662802,-0.19749595,-0.14526704,-0.12781724,-0.096878245,-0.15424454,-0.15747,-0.12434345,-0.11230643,-0.063823454,-0.15417889,-0.11419349,-0.10007019,1.7770245,-0.15433088,-0.15764417,-0.16344379,-0.1759062,-0.12524253,-0.15431716,-0.0782174,-0.19187105,-0.18185812,-0.09859173,-0.11065883,-0.1540124,-0.15735182,-0.083404,-0.1213824,-0.13072303,-0.13855581,-0.19385117,-0.15429597,-0.15764908,-0.19487974,-0.23847799,-0.2432746,-0.12925598,-0.15413845,-0.15762219,-0.14520228,-0.2961179,-0.1543302,-0.19813283,-0.12947819,-0.15427014,-0.060104962,-0.15931924,-0.15432853,-0.2028091,-0.2868003,-0.11816878,-0.14795661,-0.10060286,-0.15418242,-0.13614628,-0.20725825,-0.17393659,-0.125103,-0.15657571,-0.15690626,-0.15432721,-0.15765135,-0.16221246,-0.22200036,-0.12963517,-0.2814266,-0.15433127,-0.1915083,-0.24371436,-0.16952515,-0.15424886,-0.13369927,-0.12557748,-0.15432426,-0.18106565,-0.15433103,-0.18642783,-0.15427765,-0.30462334,-0.15422624,-0.14691104,-0.13029914,-0.15431887,-0.15763977,-0.18915205,-0.12956077,-0.15432358,-0.10481856,-0.1650517,-0.15432149,-0.15765327,-0.15762566,-0.12917663,-0.15423222,-0.15762132,-0.15761274,-0.15762362,-0.15763134,-0.16505513,-0.17392421,-0.15431726,-0.1576465,-0.15763697,-0.15764698,-0.2025511,-0.15354379,-0.14723541,-0.15337913,-0.11499533,-0.10471026,-0.11893196,-0.15432069,-0.15757984,-0.12952323,-0.19501048,-0.15432805,-0.18738703,-0.11705899,-0.17429145,-0.1543189,-0.06652963,-0.15408996,-0.10737923,-0.124497145,-0.15298569,-0.052188452,-0.26007295
k__Bacteria|p__Proteobacteria|c__Gammaproteobacteria|o__Aeromonadales|f__Aeromonadaceae|g__Aeromonas|s__Aeromonas_dhakensis,-0.1004395,-0.12316422,-0.15419367,-0.15747714,-0.15747742,-0.23867357,-0.1666669,-0.16813041,-0.10929718,-0.22895765,-0.23728925,-0.15419886,-0.22850217,-0.3768707,-0.08556121,-0.15375966,-0.058144663,-0.15361795,-0.15740979,-0.19931981,-0.1978925,-0.12960526,-0.15416053,-0.12711628,-0.20043859,-0.11658599,-0.182019,-0.25032333,-0.1509206,-0.1541659,-0.15142563,-0.10844302,-0.18249588,-0.28454733,-0.15418442,-0.12980781,-0.15419626,-0.22338755,-0.15419926,-0.29867563,-0.15419933,-0.29356226,-0.12907192,-0.15403888,-0.13691942,-0.15419328,-0.23188588,-0.24781659,-0.1296162,-0.12981433,-0.24679694,-0.18279888,-0.25087595,-0.26027086,-0.28621647,-0.27511892,-0.11894142,-0.15410517,-0.040142577,-0.056944285,-0.15341416,-0.11274739,-0.13743341,-0.12969053,-0.15417573,-0.15747234,-0.15747719,-0.15747789,-0.27573854,-0.15415585,-0.12969276,-0.16243835,-0.12334165,-0.14074792,-0.15416224,-0.15887658,-0.14481027,-0.12979138,-0.18691605,-0.14998752,-0.15418622,-0.15745421,-0.15746638,-0.15739378,-0.120334074,-0.13700745,-0.08858878,-0.15417978,-0.19008024,-0.15419188,-0.2004665,-0.11139822,-0.1388583,-0.13027036,-0.1074974,-0.15152657,-0.15408754,-0.15713322,-0.10065024,-0.08152827,-0.09427856,-0.15414107,-0.11960925,-0.15027548,-0.16982608,-0.1185138,-0.15415916,-0.15747058,-0.17738779,-0.15176103,-0.15419498,-0.25953975,-0.17989698,-0.13525523,-0.15419194,-0.15095688,-0.17780018,-0.2009549,-0.15416951,-0.09015879,-0.15387487,-0.12151222,-0.121854745,-0.13997786,-0.21433522,-0.13908121,-0.16057305,-0.15411478,-0.07092635,-0.15351564,-0.15664075,-0.18733518,-0.1539158,-0.12967959,-0.12334781,-0.14100276,-0.15414819,-0.114095174,-0.25318068,-0.26654312,-0.12887357,-0.10945694,-0.15413862,-0.09238048,-0.20963459,-0.15419218,-0.1573852,-0.12916176,-0.15411517,-0.16015086,-0.1553517,-0.15419689,-0.19704957,-0.20616047,-0.12857378,-0.10460003,-0.11361031,-0.10256614,-0.15418887,-0.19495486,-0.15416257,-0.12907101,-0.15402368,-0.041086134,-0.12967405,-0.15419553,-0.2300741,-0.15417233,-0.10384405,-0.1526674,-0.0784167,-0.15404293,-0.12766197,-0.15406428,-0.121451,-0.075820275,-0.09192432,-0.101488546,-0.15390971,-0.1573757,-0.12378413,-0.15402563,-0.1410757,-0.13984437,-0.18093297,-0.15419817,-0.25777104,-0.12844054,-0.15409958,-0.13462572,-0.119081676,-0.15416673,-0.15747285,-0.1574746,-0.15747581,-0.19755594,4.488011,-0.20219928,-0.19465852,-0.24831252,-0.20506537,-0.22091979,-0.15418202,-0.12937401,-0.11956477,-0.15417694,-0.15746894,-0.20931396,-0.18224281,-0.1541673,-0.32474133,-0.15419617,-0.15747863,-0.15747747,-0.15747708,-0.2185038,-0.15416656,-0.114121355,-0.15416995,-0.1574624,-0.15746917,-0.22984435,-0.15418947,-0.15745027,-0.08963354,-0.15408137,-0.15742645,-0.15744525,-0.15744668,-0.13302092,-0.1051107,-0.14014931,-0.15141064,-0.15839578,-0.15615125,-0.14613561,-0.15418561,-0.12319561,-0.12976152,-0.15414749,-0.15747844,-0.15747795,-0.15747795,-0.15747848,-0.38518023,-0.11451449,-0.15415537,-0.15564899,-0.14443555,-0.16636807,-0.15419121,-0.15739602,-0.12993515,-0.047159404,-0.1479092,-0.14016809,-0.14106366,-0.15403855,-0.19987361,-0.1649412,-0.17166539,-0.1541678,-0.15743384,-0.12722544,-0.14610182,-0.2588673,-0.1295507,-0.15406206,-0.09132757,-0.12832497,-0.13684332,-0.16221203,-0.15659244,-0.12894145,-0.1539243,-0.15737873,-0.15743029,-0.15746582,-0.15740095,-0.19795567,-0.15106063,-0.07294749,-0.2039893,-0.15415618,-0.15742871,-0.104459345,-0.15377748,-0.17466888,-0.13176009,-0.15416384,-0.15109587,-0.10913184,-0.15399,-0.05825615,-0.14326635,-0.17082691,-0.15409929,-0.18883844,-0.15419734,-0.31316653,-0.15418702,-0.16808087,-0.14331596,-0.15418923,-0.15747482,-0.25088155,-0.15419775,-0.22115314,-0.07562123,-0.086852394,-0.10702289,-0.060967896,-0.14713806,-0.16796505,-0.15746465,-0.22133875,-0.12812386,-0.0969081,-0.16398169,-0.12716047,-0.11335766,-0.18846886,-0.129754,-0.17755464,-0.0994983,-0.115196005,-0.15410046,-0.11662802,-0.19749595,-0.14526704,-0.12781724,-0.096878245,-0.15410054,-0.15726876,-0.12434345,-0.11230643,-0.063823454,-0.15402621,-0.11419349,-0.10007019,-0.24483351,-0.15419829,-0.15746588,-0.16344379,-0.1759062,-0.12524253,-0.15418273,-0.0782174,-0.19187105,-0.18185812,-0.09859173,-0.11065883,-0.15383759,-0.15713495,-0.083404,-0.1213824,-0.13072303,-0.13855581,-0.19385117,-0.15415886,-0.1574715,-0.19487974,-0.23847799,-0.2432746,-0.12939855,-0.15398055,-0.15744111,-0.14520228,-0.2961179,-0.15419751,-0.19813283,-0.12965293,-0.15412965,-0.060104962,-0.15931924,-0.15419564,-0.2028091,-0.2868003,-0.11816878,-0.14795661,-0.10060286,-0.1540305,-0.13614628,-0.20725825,-0.17393659,-0.125103,-0.15657571,-0.15690626,-0.15419415,-0.15747406,-0.16221246,-0.22200036,-0.12983033,-0.2814266,-0.15419874,-0.1915083,-0.24371436,-0.16952515,-0.15410511,-0.13369927,-0.12557748,-0.15419082,-0.18106565,-0.15419847,-0.18642783,-0.15413807,-0.30462334,-0.15408018,-0.14691104,-0.13029914,-0.1541847,-0.15746096,-0.18915205,-0.12974606,-0.15419002,-0.10481856,-0.1650517,-0.1541877,-0.15747622,-0.15744475,-0.12930205,-0.15408659,-0.15744016,-0.15743046,-0.15744275,-0.15745142,-0.16505513,-0.17392421,-0.15418288,-0.15746856,-0.1574578,-0.15746912,-0.2025511,-0.15354379,-0.14723541,-0.15312475,-0.11499533,-0.10471026,-0.11893196,-0.15418676,-0.15739267,-0.12970336,-0.19501048,-0.15419509,-0.18738703,-0.11705899,-0.17429145,-0.15418458,-0.06652963,-0.15392518,-0.10737923,-0.124497145,-0.15298569,-0.052188452,-0.26007295
k__Bacteria|p__Proteobacteria|c__Gammaproteobacteria|o__Enterobacterales|f__Enterobacteriaceae|g__Enterobacter|s__Enterobacter_mori,-0.1004395,-0.12316422,-0.15409958,-0.15737718,-0.15737744,-0.23867357,-0.1666669,-0.16813041,-0.10929718,-0.22895765,-0.23728925,-0.1541041,-0.22850217,-0.3768707,-0.08556121,-0.15372051,-0.058144663,-0.15359524,-0.15731856,-0.19931981,-0.1978925,-0.12957717,-0.1540707,-0.12711628,-0.20043859,-0.11658599,-0.182019,-0.25032333,-0.1509206,-0.15407553,-0.15142563,-0.10844302,-0.18249588,-0.28454733,-0.15409173,-0.12975655,-0.15410182,-0.22338755,-0.15410444,-0.29867563,-0.1541045,-0.29356226,-0.12909454,-0.15396544,-0.13691942,-0.15409923,-0.23188588,-0.24781659,-0.1296162,-0.1297624,-0.24679694,-0.18279888,-0.25087595,-0.26027086,-0.28621647,-0.27511892,-0.11894142,-0.15402228,-0.040142577,-0.056944285,-0.15342197,-0.11274739,-0.13743341,-0.12965268,-0.15408403,-0.157373,-0.15737724,-0.15737784,-0.27573854,-0.15406719,-0.1296548,-0.16243835,-0.12334165,-0.14074792,-0.15407215,-0.15887658,-0.14481027,-0.129742,-0.18691605,-0.14998752,-0.15409306,-0.15735719,-0.15736786,-0.1573067,-0.120334074,-0.13700745,-0.08858878,-0.15408745,-0.19008024,-0.154098,-0.2004665,-0.11139822,-0.1388583,-0.13027036,-0.1074974,-0.15152657,-0.15400693,-0.15708786,-0.10065024,-0.08152827,-0.09427856,-0.15405364,-0.11960925,-0.15027548,-0.16982608,-0.1185138,-0.15406966,-0.15737149,-0.17738779,-0.15176103,-0.15410072,-0.25953975,-0.17989698,-0.13525523,-0.15409806,-0.15095688,-0.17780018,-0.2009549,-0.15407914,-0.09015879,-0.15382066,-0.12151222,-0.121854745,-0.13997786,-0.21433522,-0.13908121,-0.16057305,-0.15403065,-0.07092635,-0.1535081,-0.15665302,-0.18733518,-0.1538607,-0.12964052,-0.12334781,-0.14100276,-0.1540599,-0.114095174,-0.25318068,-0.26654312,-0.12891927,-0.10945694,-0.15405148,-0.09238048,-0.20963459,-0.15409827,-0.15729943,-0.12917207,-0.15403135,-0.16015086,-0.1553517,-0.15410236,-0.19704957,-0.20616047,-0.12864093,-0.10460003,-0.11361031,-0.10256614,-0.15409535,-0.19495486,-0.15407303,-0.12909678,-0.1539512,-0.041086134,-0.12967405,-0.15410122,-0.2300741,-0.15408152,-0.10384405,-0.15277013,-0.0784167,-0.1539683,-0.12766197,-0.15398663,-0.121451,-0.075820275,-0.09192432,-0.101488546,-0.15385142,-0.15728857,-0.12378413,-0.1539568,-0.1410757,-0.13984437,-0.18093297,-0.15410349,-0.25777104,-0.12844054,-0.15401915,-0.13462572,-0.119081676,-0.15407595,-0.15737346,-0.157375,-0.15737602,-0.19755594,-0.25103784,-0.20219928,-0.19465852,-0.24831252,-0.20506537,2.4475248,-0.15408963,-0.12936634,-0.11956477,-0.15408495,-0.15737006,-0.20931396,-0.18224281,-0.15407696,-0.32474133,-0.15410173,-0.15737848,-0.15737748,-0.15737712,-0.2185038,-0.15407637,-0.114121355,-0.15407902,-0.15736449,-0.15737027,-0.22984435,-0.15409587,-0.15735409,-0.08963354,-0.15400174,-0.15733282,-0.15734947,-0.15735053,-0.13302092,-0.1051107,-0.14014931,-0.15141064,-0.15839578,-0.15615125,-0.14613561,-0.15409248,-0.12319561,-0.12971605,-0.15405953,-0.15737832,-0.15737788,-0.1573779,-0.15737836,-0.38518023,-0.11451449,-0.15406623,-0.15564899,-0.14443555,-0.16636807,-0.15409744,-0.15730768,-0.12993515,-0.047159404,-0.14865741,-0.14016809,-0.14106366,-0.15396449,-0.19987361,-0.1649412,-0.17166539,-0.15407698,-0.15733922,-0.12722544,-0.14610182,-0.2588673,-0.12952742,-0.15398459,-0.09132757,-0.12832497,-0.13684332,-0.16221203,-0.15659244,-0.12896733,-0.15386496,-0.15729126,-0.15733626,-0.15736732,-0.15740095,-0.19795567,-0.15106063,-0.07294749,-0.2039893,-0.15406698,-0.15733477,-0.104459345,-0.15374294,-0.17466888,-0.13176009,-0.15407342,-0.15109587,-0.10913184,-0.15392208,-0.05825615,-0.14326635,-0.17082691,-0.15401739,-0.18883844,-0.15410277,-0.31316653,-0.15409392,-0.16808087,-0.14331596,-0.15409568,-0.15737519,-0.25088155,-0.15410313,-0.22115314,-0.07562123,-0.086852394,-0.10702289,-0.060967896,-0.14798103,-0.16796505,-0.15746465,-0.22133875,-0.12812386,-0.0969081,-0.16398169,-0.12716047,-0.11335766,-0.18846886,-0.12970929,-0.17755464,-0.0994983,-0.115196005,-0.15401839,-0.11662802,-0.19749595,-0.14526704,-0.12781724,-0.096878245,-0.15401798,-0.1571953,-0.12434345,-0.11230643,-0.063823454,-0.15395343,-0.11419349,-0.10007019,-0.24483351,-0.1541036,-0.15736772,-0.16344379,-0.1759062,-0.12524253,-0.15409002,-0.0782174,-0.19187105,-0.18185812,-0.09859173,-0.11065883,-0.1537885,-0.1570786,-0.083404,-0.1213824,-0.13072303,-0.13855581,-0.19385117,-0.15406938,-0.15737227,-0.19487974,-0.23847799,-0.2432746,-0.12939455,-0.15391359,-0.15734586,-0.14520228,-0.2961179,-0.15410292,-0.19813283,-0.12961915,-0.15404388,-0.060104962,-0.15931924,-0.1541013,-0.2028091,-0.2868003,-0.11816878,-0.14795661,-0.10060286,-0.1539577,-0.13614628,-0.20725825,-0.17393659,-0.125103,-0.15657571,-0.15690626,-0.1541,-0.1573745,-0.16221246,-0.22200036,-0.12977648,-0.2814266,-0.15410398,-0.1915083,-0.24371436,-0.16952515,-0.15402454,-0.13369927,-0.12557748,-0.15409711,-0.18106565,-0.15410373,-0.18642783,-0.1540522,-0.30462334,-0.15400106,-0.14691104,-0.13029914,-0.15409175,-0.15736306,-0.18915205,-0.12970234,-0.15409638,-0.10481856,-0.1650517,-0.1540944,-0.15737638,-0.15734994,-0.12931006,-0.15400602,-0.15734509,-0.15733653,-0.15734732,-0.15735474,-0.16505513,-0.17392421,-0.15409021,-0.1573697,-0.15736036,-0.15737018,-0.2025511,-0.15354379,-0.14723541,-0.15317345,-0.11499533,-0.10471026,-0.11893196,-0.15409356,-0.15730536,-0.12966418,-0.19501048,-0.15410082,-0.18738703,-0.11705899,-0.17429145,-0.15409213,-0.06652963,-0.15386504,-0.10737923,-0.124497145,-0.15298569,-0.052188452,-0.26007295
k__Bacteria|p__Proteobacteria|c__Gammaproteobacteria|o__Enterobacterales|f__Enterobacteriaceae|g__Enterobacter|s__Enterobacter_wuhouensis,-0.1004395,-0.12316422,-0.15404058,-0.1573625,-0.15736279,-0.23867357,-0.1666669,-0.16813041,-0.10929718,-0.22895765,-0.23728925,-0.15404621,-0.22850217,-0.3768707,-0.08556121,-0.15358222,-0.058144663,-0.15343568,-0.15728997,-0.19931981,-0.1978925,-0.12915944,-0.15400533,-0.12711628,-0.20043859,-0.11658599,-0.182019,-0.25032333,-0.1509206,-0.15401053,-0.15142563,-0.10844302,-0.18249588,-0.28454733,-0.15403052,-0.12937056,-0.15404344,-0.22338755,-0.15404662,-0.29867563,-0.15404671,-0.29356226,-0.12859336,-0.15387219,-0.13691942,-0.15404029,-0.23188588,-0.24781659,-0.1296162,-0.12937713,-0.24679694,-0.18279888,-0.25087595,-0.26027086,-0.28621647,-0.27511892,-0.11894142,-0.15394601,-0.040142577,-0.056944285,-0.15319589,-0.11274739,-0.13743341,-0.12924549,-0.15402102,-0.1573574,-0.15736252,-0.1573633,-0.27573854,-0.15399921,-0.12924838,-0.16243835,-0.12334165,-0.14074792,-0.15400708,-0.15887658,-0.14481027,-0.12935361,-0.18691605,-0.14998752,-0.15403269,-0.15733787,-0.15735075,-0.1572718,-0.120334074,-0.13700745,-0.08858878,-0.15402584,-0.19008024,-0.15403876,-0.2004665,-0.11139822,-0.1388583,-0.13027036,-0.1074974,-0.15152657,-0.1539275,-0.15699732,-0.10065024,-0.08152827,-0.09427856,-0.1539847,-0.11960925,-0.15027548,-0.16982608,-0.1185138,-0.15400323,-0.1573555,-0.17738779,-0.15176103,-0.154042,-0.25953975,-0.17989698,-0.13525523,-0.15403883,-0.15095688,-0.17780018,-0.2009549,-0.15401354,-0.09015879,-0.15370262,-0.12151222,-0.121854745,-0.13997786,-0.21433522,-0.13908121,-0.16057305,-0.15395685,-0.07092635,-0.15331694,-0.15644452,-0.18733518,-0.15373386,-0.12923186,-0.12334781,-0.14100276,-0.15399209,-0.114095174,-0.25318068,-0.26654312,-0.12839288,-0.10945694,-0.1539821,-0.09238048,-0.20963459,-0.15403908,-0.15726078,-0.12868664,-0.15395625,-0.16015086,-0.1553517,-0.15404409,-0.19704957,-0.20616047,-0.12806448,-0.10460003,-0.11361031,-0.10256614,-0.15403563,-0.19495486,-0.15400732,-0.12859303,-0.15386084,-0.041086134,-0.12967405,-0.15404254,2.569318,-0.15401752,-0.10384405,-0.15241614,-0.0784167,-0.15387902,-0.12766197,-0.1539025,-0.121451,-0.075820275,-0.09192432,-0.101488546,-0.1537374,-0.15725479,-0.12378413,-0.1538609,-0.1410757,-0.13984437,-0.18093297,-0.15404549,-0.25777104,-0.12844054,-0.15393922,-0.13462572,-0.119081676,-0.15401223,-0.1573579,-0.15735978,-0.15736106,-0.19755594,-0.25103784,-0.20219928,-0.19465852,-0.24831252,-0.20506537,-0.22091979,-0.1540278,-0.12891115,-0.11956477,-0.15402293,-0.15735367,-0.20931396,-0.18224281,-0.15401168,-0.32474133,-0.15404336,-0.1573641,-0.15736288,-0.15736245,-0.2185038,-0.15401086,-0.114121355,-0.15401465,-0.15734613,-0.15735392,-0.22984435,-0.15403627,-0.15733235,-0.08963354,-0.15391973,-0.15730888,-0.15732792,-0.15733036,-0.13302092,-0.1051107,-0.14014931,-0.15141064,-0.15839578,-0.15615125,-0.14613561,-0.15403225,-0.12319561,-0.12932107,-0.15399012,-0.15736389,-0.15736336,-0.15736336,-0.15736395,-0.38518023,-0.11451449,-0.15399949,-0.15564899,-0.14443555,-0.16636807,-0.1540379,-0.15727268,-0.12993515,-0.047159404,-0.1471653,-0.14016809,-0.14106366,-0.1538735,-0.19987361,-0.1649412,-0.17166539,-0.15401307,-0.15731698,-0.12722544,-0.14610182,-0.2588673,-0.12910631,-0.15390074,-0.09132757,-0.12832497,-0.13684332,-0.16221203,-0.15659244,-0.12844305,-0.15375033,-0.15725735,-0.15731266,-0.15735045,-0.15740095,-0.19795567,-0.15106063,-0.07294749,-0.2039893,-0.15399995,-0.1573115,-0.104459345,-0.15359053,-0.17466888,-0.13176009,-0.15400931,-0.15109587,-0.10913184,-0.15382268,-0.05825615,-0.14326635,-0.17082691,-0.1539388,-0.18883844,-0.15404455,-0.31316653,-0.15403304,-0.16808087,-0.14331596,-0.15403591,-0.15735993,-0.25088155,-0.15404497,-0.22115314,-0.07562123,-0.086852394,-0.10702289,-0.060967896,-0.14633305,-0.16796505,-0.15746465,-0.22133875,-0.12812386,-0.0969081,-0.16398169,-0.12716047,-0.11335766,-0.18846886,-0.12931404,-0.17755464,-0.0994983,-0.115196005,-0.15394056,-0.11662802,-0.19749595,-0.14526704,-0.12781724,-0.096878245,-0.15394223,-0.1571403,-0.12434345,-0.11230643,-0.063823454,-0.15386203,-0.11419349,-0.10007019,-0.24483351,-0.15404561,-0.15735011,-0.16344379,-0.1759062,-0.12524253,-0.15402907,-0.0782174,-0.19187105,-0.18185812,-0.09859173,-0.11065883,-0.15366212,-0.15699755,-0.083404,-0.1213824,-0.13072303,-0.13855581,-0.19385117,-0.15400273,-0.15735646,-0.19487974,-0.23847799,-0.2432746,-0.12893894,-0.15381278,-0.1573236,-0.14520228,-0.2961179,-0.15404478,-0.19813283,-0.1292084,-0.15397152,-0.060104962,-0.15931924,-0.15404269,-0.2028091,-0.2868003,-0.11816878,-0.14795661,-0.10060286,-0.15386441,-0.13614628,-0.20725825,-0.17393659,-0.125103,-0.15657571,-0.15690626,-0.15404111,-0.15735923,-0.16221246,-0.22200036,-0.12939411,-0.2814266,-0.15404606,-0.1915083,-0.24371436,-0.16952515,-0.15394366,-0.13369927,-0.12557748,-0.1540375,-0.18106565,-0.15404579,-0.18642783,-0.1539791,-0.30462334,-0.15391694,-0.14691104,-0.13029914,-0.15403101,-0.15734525,-0.18915205,-0.1293064,-0.15403679,-0.10481856,-0.1650517,-0.15403405,-0.1573615,-0.15732694,-0.12884392,-0.15392679,-0.15732226,-0.15731218,-0.15732515,-0.15733503,-0.16505513,-0.17392421,-0.15402892,-0.15735336,-0.15734169,-0.15735394,-0.2025511,-0.15354379,-0.14723541,-0.1528687,-0.11499533,-0.10471026,-0.11893196,-0.15403321,-0.15727024,-0.12926255,-0.19501048,-0.15404207,-0.18738703,-0.11705899,-0.17429145,-0.15403089,-0.06652963,-0.15375657,-0.10737923,-0.124497145,-0.15298569,-0.052188452,-0.26007295
k__Bacteria|p__Proteobacteria|c__Gammaproteobacteria|o__Enterobacterales|f__Enterobacteriaceae|g__Enterobacter|s__Enterobacter_oligotrophicus,-0.1004395,-0.12316422,-0.15499216,-0.1582445,-0.15824479,-0.23867357,-0.1666669,-0.16813041,-0.10929718,-0.22895765,-0.23728925,-0.15499713,-0.22850217,-0.3768707,-0.08556121,-0.15458047,-0.058144663,-0.15443829,-0.15818024,-0.19931981,-0.1978925,-0.13064557,-0.15496042,-0.12711628,-0.20043859,-0.11658599,-0.182019,-0.25032333,-0.1509206,-0.15496576,-0.15142563,-0.10844302,-0.18249588,-0.28454733,-0.15498355,-0.13083726,-0.15499464,-0.22338755,-0.15499751,-0.29867563,-0.15499759,-0.29356226,-0.13013288,-0.15484521,-0.13691942,-0.15499178,-0.23188588,-0.24781659,-0.1296162,-0.13084355,-0.24679694,-0.18279888,-0.25087595,-0.26027086,-0.28621647,-0.27511892,-0.11894142,-0.15490736,-0.040142577,-0.056944285,-0.1542487,-0.11274739,-0.13743341,-0.13072678,-0.15497513,-0.1582399,-0.15824457,-0.15824524,-0.27573854,-0.15495722,-0.13072808,-0.16243835,-0.12334165,-0.14074792,-0.154962,-0.15887658,-0.14481027,-0.1308215,-0.18691605,-0.14998752,-0.15498501,-0.15822256,-0.1582343,-0.15816835,-0.120334074,-0.13700745,-0.08858878,-0.15497883,-0.19008024,-0.15499043,-0.2004665,-0.11139822,-0.1388583,-0.13027036,-0.1074974,-0.15152657,-0.15489031,-0.15793853,-0.10065024,-0.08152827,-0.09427856,-0.15494168,-0.11960925,-0.15027548,-0.16982608,-0.1185138,-0.15495935,-0.15823825,-0.17738779,-0.15176103,-0.15499341,-0.25953975,-0.17989698,-0.13525523,-0.1549905,-0.15095688,-0.17780018,-0.2009549,-0.15497014,-0.09015879,-0.15468572,-0.12151222,-0.121854745,-0.13997786,-0.21433522,-0.13908121,-0.16057305,-0.15491644,-0.07092635,-0.15434557,-0.15745226,-0.18733518,-0.15473244,-0.13071604,-0.12334781,-0.14100276,-0.15494853,-0.114095174,-0.25318068,-0.26654312,-0.12995851,-0.10945694,-0.15493926,-0.09238048,-0.20963459,-0.1549907,-0.15816014,-0.13022995,-0.15491754,-0.16015086,-0.1553517,-0.15499523,-0.19704957,-0.20616047,-0.1296576,-0.10460003,-0.11361031,-0.10256614,-0.15498751,-0.19495486,-0.15496312,-0.13015045,-0.15482935,-0.041086134,-0.12967405,-0.15499397,-0.2300741,-0.15497234,-0.10384405,-0.15353993,-0.0784167,-0.15484849,-0.12766197,-0.15486816,-0.121451,-0.075820275,-0.09192432,-0.101488546,-0.15472005,-0.15814713,-0.12378413,-0.15483946,-0.1410757,-0.13984437,-0.18093297,-0.15499648,-0.25777104,-0.12844054,-0.15490481,-0.13462572,-0.119081676,-0.15496619,-0.15824041,-0.15824209,-0.15824324,-0.19755594,-0.25103784,-0.20219928,-0.19465852,-0.24831252,-0.20506537,-0.22091979,-0.15498129,-0.13043493,-0.11956477,-0.15497606,-0.15823668,-0.20931396,-0.18224281,-0.1549675,-0.32474133,-0.15499452,-0.15824594,-0.15824483,-0.15824445,-0.2185038,-0.15496692,-0.114121355,-0.15496965,-0.15823063,-0.15823689,-0.22984435,-0.15498808,-0.15821952,-0.08963354,-0.15488495,-0.15819566,-0.15821412,-0.15821514,-0.13302092,-0.1051107,-0.14014931,-0.15141064,-0.15839578,-0.15615125,-0.14613561,-0.15498433,-0.12319561,-0.13079342,-0.1549483,-0.15824576,-0.1582453,-0.1582453,-0.1582458,-0.38518023,-0.11451449,-0.15495554,-0.15564899,-0.14443555,-0.16636807,-0.15498985,-0.1581685,-0.12993515,-0.047159404,-0.14903495,-0.14016809,-0.14106366,-0.1548438,-0.19987361,-0.1649412,-0.17166539,-0.1549673,-0.15820265,-0.12722544,-0.14610182,-0.2588673,-0.13059753,-0.15486611,-0.09132757,-0.12832497,-0.13684332,-0.16221203,-0.15659244,-0.13001458,-0.15473567,-0.15815015,-0.15819952,-0.15823364,-0.15740095,-0.19795567,-0.15106063,-0.07294749,-0.2039893,-0.15495642,-0.15819785,-0.104459345,-0.15463172,-0.17466888,-0.13176009,-0.15496331,-0.15109587,-0.10913184,-0.15479818,-0.05825615,-0.14326635,-0.17082691,-0.15490195,-0.18883844,-0.1549957,-0.31316653,-0.154986,-0.16808087,-0.14331596,-0.1549879,-0.15824232,-0.25088155,-0.15499607,-0.22115314,-0.07562123,-0.086852394,-0.10702289,-0.060967896,-0.14828783,-0.16796505,-0.15746465,-0.22133875,-0.12812386,-0.0969081,-0.16398169,-0.12716047,-0.11335766,-0.18846886,-0.13078657,-0.17755464,-0.0994983,-0.115196005,-0.15490302,-0.11662802,-0.19749595,-0.14526704,-0.12781724,-0.096878245,-0.15490238,-0.1580449,-0.12434345,-0.11230643,-0.063823454,-0.15483208,-0.11419349,-0.10007019,-0.24483351,-0.15499657,-0.15823409,-0.16344379,-0.1759062,-0.12524253,-0.15498161,-0.0782174,-0.19187105,-0.18185812,-0.09859173,-0.11065883,-0.15465057,-0.15791684,-0.083404,-0.1213824,-0.13072303,-0.13855581,-0.19385117,-0.15495905,-0.1582391,-0.19487974,-0.23847799,-0.2432746,-0.13044977,-0.15478809,-0.15821013,-0.14520228,-0.2961179,-0.15499583,-0.19813283,-0.1306914,-0.15493116,-0.060104962,-0.15931924,-0.15499406,-0.2028091,-0.2868003,-0.11816878,-0.14795661,-0.10060286,-0.15483662,-0.13614628,-0.20725825,-0.17393659,-0.125103,-0.15657571,-0.15690626,-0.15499264,-0.15824157,-0.16221246,-0.22200036,-0.1308589,-0.2814266,-0.154997,-0.1915083,-0.24371436,-0.16952515,-0.15491076,-0.13369927,-0.12557748,-0.15498947,-0.18106565,-0.15499675,-0.18642783,-0.15494043,-0.30462334,-0.15488416,-0.14691104,-0.13029914,-0.15498358,-0.15822895,-0.18915205,-0.1307785,-0.15498865,-0.10481856,-0.1650517,-0.1549865,-0.15824364,-0.15821472,-0.1303686,-0.15488939,-0.15820935,-0.15819988,-0.15821178,-0.1582199,-0.16505513,-0.17392421,-0.15498191,-0.15823627,-0.15822601,-0.1582368,-0.2025511,-0.15354379,-0.14723541,-0.15397798,-0.11499533,-0.10471026,-0.11893196,-0.15498555,-0.15816614,-0.13073757,-0.19501048,-0.15499355,-0.18738703,-0.11705899,-0.17429145,-0.15498403,-0.06652963,-0.15473554,-0.10737923,-0.124497145,-0.15298569,-0.052188452,-0.26007295
k__Bacteria|p__Proteobacteria|c__Epsilonproteobacteria|o__Campylobacterales|f__Campylobacteraceae|g__Campylobacter|s__Campylobacter_ureolyticus,-0.1004395,-0.12316422,-0.1543819,-0.1577135,-0.15771376,-0.23867357,-0.1666669,-0.16813041,-0.10929718,-0.22895765,-0.23728925,-0.1543861,-0.22850217,-0.3768707,-0.08556121,-0.1540284,-0.058144663,-0.15391766,-0.15765895,-0.19931981,-0.1978925,-0.12947147,-0.15435517,-0.12711628,-0.20043859,-0.11658599,-0.182019,-0.25032333,-0.1509206,-0.15435943,-0.15142563,-0.10844302,-0.18249588,-0.28454733,-0.15437438,-0.12963794,-0.15438399,-0.22338755,-0.15438642,-0.29867563,-0.15438648,-0.29356226,-0.12902598,-0.15425633,-0.13691942,-0.1543816,-0.23188588,-0.24781659,-0.1296162,-0.1296432,-0.24679694,-0.18279888,-0.25087595,-0.26027086,-0.28621647,-0.27511892,-0.11894142,-0.15431026,-0.040142577,-0.056944285,-0.15375072,-0.11274739,-0.13743341,-0.129541,-0.15436733,-0.15770964,-0.15771355,-0.15771411,-0.27573854,-0.15435123,-0.12954307,-0.16243835,-0.12334165,-0.14074792,-0.15435657,-0.15887658,-0.14481027,-0.12962432,-0.18691605,-0.14998752,-0.15437588,-0.15769498,-0.15770477,-0.15764579,-0.120334074,-0.13700745,-0.08858878,-0.1543707,-0.19008024,-0.15438047,-0.2004665,-0.11139822,-0.1388583,-0.13027036,-0.1074974,-0.15152657,-0.15429628,-0.15743443,-0.10065024,-0.08152827,-0.09427856,-0.15433946,-0.11960925,-0.15027548,-0.16982608,-0.1185138,-0.15435398,-0.15770823,-0.17738779,-0.15176103,-0.15438294,-0.25953975,-0.17989698,-0.13525523,-0.15438053,-0.15095688,-0.17780018,-0.2009549,-0.15436216,-0.09015879,-0.15412453,-0.12151222,-0.121854745,-0.13997786,-0.21433522,-0.13908121,-0.16057305,-0.15431824,-0.07092635,-0.15383235,-0.15703392,-0.18733518,-0.15415563,-0.129529,-0.12334781,-0.14100276,-0.1543452,-0.114095174,-0.25318068,-0.26654312,-0.12886077,-0.10945694,-0.1543375,-0.09238048,-0.20963459,-0.15438071,-0.15763944,-0.12909281,-0.15431829,-0.16015086,-0.1553517,-0.15438451,-0.19704957,-0.20616047,-0.12860857,-0.10460003,-0.11361031,-0.10256614,-0.15437806,-0.19495486,-0.15435688,-0.12902701,-0.15424475,-0.041086134,-0.12967405,-0.15438339,-0.2300741,-0.15436482,-0.10384405,-0.15314305,-0.0784167,-0.15425983,-0.12766197,-0.15427734,-0.121451,-0.075820275,-0.09192432,-0.101488546,-0.15415195,-0.15763165,-0.12378413,-0.1542441,-0.1410757,-0.13984437,-0.18093297,-0.15438555,-0.25777104,-0.12844054,-0.15430608,-0.13462572,-0.119081676,-0.15436019,-0.15771005,-0.15771148,-0.15771243,-0.19755594,-0.25103784,-0.20219928,-0.19465852,-0.24831252,-0.20506537,-0.22091979,-0.15437245,-0.12927283,-0.11956477,-0.15436843,-0.15770689,-0.20931396,-0.18224281,-0.15436044,-0.32474133,-0.15438393,-0.15771472,-0.15771379,-0.15771346,-0.2185038,-0.15435973,-0.114121355,-0.15436262,-0.1577015,-0.15770707,-0.22984435,-0.15437853,-0.15769133,-0.08963354,-0.15429085,-0.15767267,-0.1576877,-0.157689,-0.13302092,-0.1051107,-0.14014931,-0.15141064,-0.15839578,-0.15615125,-0.14613561,-0.15437543,-0.12319561,-0.12960024,-0.15434444,-0.15771456,-0.15771416,-0.15771417,-0.1577146,-0.38518023,-0.11451449,-0.15435097,-0.15564899,-0.14443555,-0.16636807,-0.1543799,-0.1576477,-0.12993515,-0.047159404,-0.14928183,-0.14016809,-0.14106366,-0.1542565,-0.19987361,-0.1649412,-0.17166539,-0.15436104,-0.1576787,-0.12722544,-0.14610182,-0.2588673,-0.12942448,-0.15427554,-0.09132757,-0.12832497,-0.13684332,-0.16221203,-0.15659244,-0.12890616,-0.15416306,-0.15763396,-0.15767568,-0.15770438,-0.15740095,-0.19795567,-0.15106063,-0.07294749,-0.2039893,-0.1543515,-0.15767452,-0.104459345,-0.15403998,-0.17466888,-0.13176009,-0.15435794,-0.15109587,-0.10913184,-0.1542168,-0.05825615,-0.14326635,-0.17082691,-0.15430553,-0.18883844,-0.15438488,-0.31316653,-0.15437645,-0.16808087,-0.14331596,-0.15437832,-0.15771163,-0.25088155,-0.1543852,-0.22115314,-0.07562123,-0.086852394,-0.10702289,-0.060967896,-0.14865811,-0.16796505,-0.15746465,-0.22133875,-0.12812386,-0.0969081,-0.16398169,-0.12716047,-0.11335766,-0.18846886,-0.12959398,-0.17755464,-0.0994983,-0.115196005,-0.15430656,-0.11662802,-0.19749595,-0.14526704,-0.12781724,-0.096878245,-0.1543068,-0.15754515,-0.12434345,-0.11230643,-0.063823454,-0.15424633,-0.11419349,-0.10007019,-0.24483351,-0.15438566,-0.15770444,-0.16344379,-0.1759062,-0.12524253,-0.15437311,-0.0782174,-0.19187105,-0.18185812,-0.09859173,-0.11065883,-0.15409449,-0.15743706,-0.083404,-0.1213824,-0.13072303,-0.13855581,-0.19385117,-0.1543537,-0.15770896,-0.19487974,-0.23847799,-0.2432746,-0.12930655,-0.15420958,-0.15768436,-0.14520228,-0.2961179,-0.15438503,-0.19813283,-0.12950972,-0.15433002,-0.060104962,-0.15931924,-0.15438348,-0.2028091,-0.2868003,-0.11816878,-0.14795661,-0.10060286,-0.15424976,-0.13614628,-0.20725825,-0.17393659,-0.125103,-0.15657571,-0.15690626,-0.15438229,-0.15771103,-0.16221246,-0.22200036,-0.12965623,-0.2814266,-0.15438598,-0.1915083,-0.24371436,-0.16952515,-0.1543102,-0.13369927,-0.12557748,-0.1543796,-0.18106565,-0.15438578,-0.18642783,-0.15433672,-0.30462334,-0.15428989,-0.14691104,-0.13029914,-0.15437466,-0.15770045,-0.18915205,-0.12958771,-0.15437897,-0.10481856,-0.1650517,-0.15437706,-0.15771277,-0.15768743,-0.12922645,-0.15429547,-0.15768352,-0.15767571,-0.15768564,-0.1576927,-0.16505513,-0.17392421,-0.15437317,-0.15770659,-0.15769789,-0.15770705,-0.2025511,-0.15354379,-0.14723541,-0.15351398,-0.11499533,-0.10471026,-0.11893196,-0.15437633,-0.15764515,-0.12955266,-0.19501048,-0.15438303,-0.18738703,-0.11705899,-0.17429145,-0.15437466,-0.06652963,-0.15416473,-0.10737923,-0.124497145,-0.15298569,-0.052188452,-0.26007295
k__Bacteria|p__Proteobacteria|c__Gammaproteobacteria|o__Enterobacterales|f__Enterobacteriaceae|g__Kluyvera|s__Kluyvera_cryocrescens,-0.1004395,-0.12316422,-0.15397683,-0.15730041,-0.15730073,-0.23867357,-0.1666669,-0.16813041,-0.10929718,-0.22895765,-0.23728925,-0.15398248,-0.22850217,-0.3768707,-0.08556121,-0.15351494,-0.058144663,-0.15336305,-0.15722749,-0.19931981,-0.1978925,-0.12909053,-0.15394124,-0.12711628,-0.20043859,-0.11658599,-0.182019,-0.25032333,-0.1509206,-0.1539467,-0.15142563,-0.10844302,-0.18249588,-0.28454733,-0.15396705,-0.12929463,-0.15397966,-0.22338755,-0.15398291,-0.29867563,-0.15398297,-0.29356226,-0.12855393,-0.15380844,-0.13691942,-0.15397647,-0.23188588,-0.24781659,-0.1296162,-0.12930109,-0.24679694,-0.18279888,-0.25087595,-0.26027086,-0.28621647,-0.27511892,-0.11894142,-0.15388168,-0.040142577,-0.056944285,-0.15312816,-0.11274739,-0.13743341,-0.12917545,-0.15395725,-0.15729526,-0.15730044,-0.15730122,-0.27573854,-0.15393662,-0.12917611,-0.16243835,-0.12334165,-0.14074792,-0.153943,-0.15887658,-0.14481027,-0.12927796,-0.18691605,-0.14998752,-0.15396884,-0.15727563,-0.15728866,-0.15721147,-0.120334074,-0.13700745,-0.08858878,-0.15396193,-0.19008024,-0.15397495,-0.2004665,-0.11139822,-0.1388583,-0.13027036,-0.1074974,-0.15152657,-0.15386283,-0.15694907,-0.10065024,-0.08152827,-0.09427856,-0.15392044,-0.11960925,-0.15027548,-0.16982608,-0.1185138,-0.1539393,-0.15729336,-0.17738779,-0.15176103,-0.15397824,-0.25953975,-0.17989698,-0.13525523,-0.15397504,-0.15095688,-0.17780018,-0.2009549,-0.15395072,-0.09015879,-0.15363544,-0.12151222,-0.121854745,-0.13997786,-0.21433522,-0.13908121,-0.16057305,-0.15389234,-0.07092635,-0.15324764,-0.1563824,-0.18733518,-0.15367173,-0.12916875,-0.12334781,-0.14100276,-0.15392789,-0.114095174,-0.25318068,-0.26654312,-0.12837265,-0.10945694,-0.15391779,-0.09238048,-0.20963459,-0.1539753,-0.15720052,-0.12865433,-0.15389204,-0.16015086,-0.1553517,-0.15398034,-0.19704957,-0.20616047,-0.12805547,-0.10460003,-0.11361031,-0.10256614,-0.15397176,-0.19495486,-0.15394402,-0.12858401,-0.15379496,-0.041086134,-0.12967405,-0.15397881,-0.2300741,-0.15395421,-0.10384405,-0.15233704,-0.0784167,-0.15381432,-0.12766197,-0.15383774,-0.121451,-0.075820275,-0.09192432,-0.101488546,-0.15367222,-0.1571917,-0.12378413,-0.15379864,-0.1410757,-0.13984437,-0.18093297,-0.15398175,-0.25777104,-0.12844054,-0.1538773,6.8507705,-0.119081676,-0.1539481,-0.1572958,-0.15729769,-0.15729898,-0.19755594,-0.25103784,-0.20219928,-0.19465852,-0.24831252,-0.20506537,-0.22091979,-0.15396416,-0.12887262,-0.11956477,-0.15395895,-0.15729153,-0.20931396,-0.18224281,-0.15394841,2.864831,-0.15397958,-0.15730205,-0.15730079,-0.15730035,-0.2185038,-0.15394753,-0.114121355,-0.15395086,-0.15728414,-0.15729178,-0.22984435,-0.15397242,-0.15727119,-0.08963354,-0.15385544,-0.15724619,-0.15726572,-0.1572679,-0.13302092,-0.1051107,-0.14014931,-0.15141064,-0.15839578,-0.15615125,-0.14613561,-0.15396833,-0.12319561,-0.12924609,-0.15392627,-0.15730181,-0.15730128,-0.15730129,-0.15730187,-0.38518023,-0.11451449,-0.15393543,-0.15564899,-0.14443555,-0.16636807,-0.15397412,-0.15721142,-0.12993515,-0.047159404,-0.14708567,-0.14016809,-0.14106366,-0.15380862,-0.19987361,-0.1649412,-0.17166539,-0.15394902,-0.15725428,-0.12722544,-0.14610182,-0.2588673,-0.12904346,-0.15383609,-0.09132757,-0.12832497,-0.13684332,-0.16221203,-0.15659244,-0.1284386,-0.15368585,-0.15719458,-0.1572501,-0.15728825,-0.15740095,-0.19795567,-0.15106063,-0.07294749,-0.2039893,-0.15393606,-0.15724885,-0.104459345,-0.15357083,-0.17466888,-0.13176009,-0.15394507,-0.15109587,-0.10913184,-0.15375878,-0.05825615,-0.14326635,-0.17082691,-0.15387449,-0.18883844,-0.15398082,-0.31316653,-0.15396935,-0.16808087,-0.14331596,-0.15397209,-0.15729785,-0.25088155,-0.15398124,-0.22115314,-0.07562123,-0.086852394,-0.10702289,-0.060967896,-0.14625251,-0.16796505,-0.15746465,-0.22133875,-0.12812386,-0.0969081,-0.16398169,-0.12716047,-0.11335766,-0.18846886,-0.12923998,-0.17755464,-0.0994983,-0.115196005,-0.15387616,-0.11662802,-0.19749595,-0.14526704,-0.12781724,-0.096878245,-0.15387738,-0.1570769,-0.12434345,-0.11230643,-0.063823454,-0.15379718,-0.11419349,-0.10007019,-0.24483351,-0.15398186,-0.15728818,-0.16344379,-0.1759062,-0.12524253,-0.15396516,-0.0782174,-0.19187105,-0.18185812,-0.09859173,-0.11065883,-0.15359494,-0.15693262,-0.083404,-0.1213824,-0.13072303,-0.13855581,-0.19385117,-0.15393887,-0.15729433,-0.19487974,-0.23847799,-0.2432746,-0.12887809,-0.15374762,-0.15726131,-0.14520228,-0.2961179,-0.15398103,-0.19813283,-0.12913954,-0.1539076,-0.060104962,-0.15931924,-0.15397894,-0.2028091,-0.2868003,-0.11816878,-0.14795661,-0.10060286,-0.15380004,-0.13614628,-0.20725825,-0.17393659,-0.125103,-0.15657571,-0.15690626,-0.15397736,-0.1572971,-0.16221246,-0.22200036,-0.12931798,-0.2814266,-0.15398233,-0.1915083,-0.24371436,-0.16952515,-0.15388227,-0.13369927,-0.12557748,-0.15397373,-0.18106565,-0.15398204,-0.18642783,-0.1539163,-0.30462334,-0.15385282,-0.14691104,-0.13029914,-0.15396717,-0.15728301,-0.18915205,-0.12923148,-0.15397298,-0.10481856,-0.1650517,-0.15397027,-0.15729943,-0.15726553,-0.12879871,-0.15386204,-0.15726009,-0.1572499,-0.15726298,-0.15727279,-0.16505513,-0.17392421,-0.15396512,-0.1572912,-0.15727946,-0.15729177,-0.2025511,-0.15354379,-0.14723541,-0.15280408,-0.11499533,-0.10471026,-0.11893196,-0.15396938,-0.15720922,-0.12918767,-0.19501048,-0.15397833,-0.18738703,-0.11705899,-0.17429145,-0.15396737,-0.06652963,-0.15369025,-0.10737923,-0.124497145,-0.15298569,-0.052188452,-0.26007295
k__Bacteria|p__Proteobacteria|c__Gammaproteobacteria|o__Xanthomonadales|f__Xanthomonadaceae|g__Stenotrophomonas|s__Stenotrophomonas_maltophilia,-0.1004395,-0.12316422,-0.15374134,-0.15701051,-0.15701076,-0.23867357,-0.1666669,-0.16813041,-0.10929718,-0.22895765,-0.23728925,-0.15374576,-0.22850217,-0.3768707,-0.08556121,-0.15337184,-0.058144663,-0.15325195,-0.15695351,-0.19931981,-0.1978925,-0.1292892,-0.15371332,-0.12711628,-0.20043859,-0.11658599,-0.182019,-0.25032333,-0.1509206,-0.15371788,-0.15142563,-0.10844302,-0.18249588,-0.28454733,-0.15373358,-0.12946135,-0.15374354,-0.22338755,-0.15374608,-0.29867563,-0.15374616,-0.29356226,-0.12882093,-0.15361044,-0.13691942,-0.15374103,-0.23188588,-0.24781659,-0.1296162,-0.12946688,-0.24679694,-0.18279888,-0.25087595,-0.26027086,-0.28621647,-0.27511892,-0.11894142,-0.15366636,-0.040142577,-0.056944285,-0.15308109,-0.11274739,-0.13743341,-0.12936196,-0.15372618,-0.15700644,-0.15701056,-0.15701115,-0.27573854,-0.15370998,-0.12936307,-0.16243835,-0.12334165,-0.14074792,-0.1537147,-0.15887658,-0.14481027,-0.1294472,-0.18691605,-0.14998752,-0.15373504,-0.1569911,-0.15700144,-0.15694115,-0.120334074,-0.13700745,-0.08858878,-0.15372959,-0.19008024,-0.15373984,-0.2004665,-0.11139822,-0.1388583,-0.13027036,-0.1074974,-0.15152657,-0.15365139,-0.15672562,-0.10065024,-0.08152827,-0.09427856,-0.15369678,-0.11960925,-0.15027548,-0.16982608,-0.1185138,-0.15371221,-0.15700495,-0.17738779,-0.15176103,-0.15374246,-0.25953975,-0.17989698,-0.13525523,-0.1537399,-0.15095688,-0.17780018,-0.2009549,-0.15372127,-0.09015879,-0.15347071,-0.12151222,-0.121854745,-0.13997786,-0.21433522,-0.13908121,-0.16057305,-0.15367451,-0.07092635,-0.15316601,-0.1563033,-0.18733518,-0.15350753,-0.12935045,-0.12334781,-0.14100276,-0.15370283,-0.114095174,-0.25318068,-0.26654312,-0.12866318,-0.10945694,-0.15369466,-0.09238048,-0.20963459,-0.15374011,-0.15693432,-0.12890299,-0.15367499,-0.16015086,1.9657788,-0.15374409,-0.19704957,-0.20616047,-0.12839499,-0.10460003,-0.11361031,-0.10256614,-0.15373728,-0.19495486,-0.15371537,-0.1288341,-0.15359718,-0.041086134,-0.12967405,-0.15374294,-0.2300741,-0.15372366,-0.10384405,-0.15244672,-0.0784167,-0.15361395,-0.12766197,-0.15363166,-0.121451,-0.075820275,-0.09192432,-0.101488546,-0.1535005,-0.15692449,-0.12378413,-0.15359971,-0.1410757,-0.13984437,-0.18093297,-0.15374517,-0.25777104,-0.12844054,-0.15366323,-0.13462572,-0.119081676,-0.1537185,-0.15700689,-0.15700838,-0.1570094,-0.19755594,-0.25103784,-0.20219928,-0.19465852,-0.24831252,-0.20506537,-0.22091979,-0.15373161,-0.12909074,-0.11956477,-0.15372716,-0.15700358,-0.20931396,-0.18224281,-0.15371914,-0.32474133,-0.15374346,-0.15701178,-0.1570108,-0.15701047,-0.2185038,-0.15371884,-0.114121355,-0.15372133,-0.15699808,-0.15700379,-0.22984435,-0.15373778,-0.15698817,-0.08963354,-0.15364632,-0.15696752,-0.15698352,-0.15698466,-0.13302092,-0.1051107,1.1466328,-0.15141064,-0.15839578,-0.15615125,-0.14613561,-0.1537345,-0.12319561,-0.12942208,-0.15370229,-0.15701163,-0.1570112,-0.15701121,-0.15701166,-0.38518023,-0.11451449,-0.15370893,-0.15564899,-0.14443555,-0.16636807,-0.15373927,-0.1569424,-0.12993515,-0.047159404,-0.14842542,-0.14016809,-0.14106366,-0.15360987,-0.19987361,-0.1649412,-0.17166539,-0.15371941,-0.15697372,-0.12722544,-0.14610182,-0.2588673,-0.1292435,-0.15362981,0.84347427,-0.12832497,-0.13684332,-0.16221203,-0.15659244,-0.12871508,-0.15351367,-0.15692714,-0.1569708,-0.15700093,-0.15740095,-0.19795567,-0.15106063,-0.07294749,-0.2039893,-0.15370959,-0.15696949,-0.104459345,-0.15340596,-0.17466888,-0.13176009,-0.15371601,-0.15109587,-0.10913184,-0.15356904,-0.05825615,-0.14326635,-0.17082691,-0.15366137,-0.18883844,-0.15374447,-0.31316653,-0.15373582,-0.16808087,-0.14331596,-0.15373759,-0.15700856,-0.25088155,-0.1537448,-0.22115314,-0.07562123,-0.086852394,-0.10702289,-0.060967896,-0.14777066,-0.16796505,-0.15746465,-0.22133875,-0.12812386,-0.0969081,-0.16398169,-0.12716047,-0.11335766,-0.18846886,-0.12941575,-0.17755464,-0.0994983,-0.115196005,-0.15366238,-0.11662802,-0.19749595,-0.14526704,-0.12781724,-0.096878245,-0.1536623,-0.156834,-0.12434345,-0.11230643,-0.063823454,-0.15359953,-0.11419349,-0.10007019,-0.24483351,-0.15374526,-0.15700117,-0.16344379,-0.1759062,-0.12524253,-0.15373208,-0.0782174,-0.19187105,-0.18185812,-0.09859173,-0.11065883,-0.15343927,-0.15672037,-0.083404,-0.1213824,-0.13072303,-0.13855581,-0.19385117,-0.15371192,-0.15700573,-0.19487974,-0.23847799,-0.2432746,-0.12911478,-0.1535607,-0.15698001,-0.14520228,-0.2961179,-0.15374461,-0.19813283,-0.12933008,-0.15368718,-0.060104962,-0.15931924,-0.15374303,-0.2028091,-0.2868003,-0.11816878,-0.14795661,-0.10060286,-0.15360323,-0.13614628,-0.20725825,-0.17393659,-0.125103,-0.15657571,-0.15690626,-0.15374178,-0.15700792,-0.16221246,-0.22200036,-0.12948051,-0.2814266,-0.15374565,-0.1915083,-0.24371436,-0.16952515,-0.15366778,-0.13369927,-0.12557748,-0.15373895,-0.18106565,-0.15374541,-0.18642783,-0.15369481,-0.30462334,-0.15364528,-0.14691104,-0.13029914,-0.15373376,-0.15699679,-0.18915205,-0.129409,-0.15373826,-0.10481856,-0.1650517,-0.15373631,-0.15700975,-0.1569837,-0.12903877,-0.15365054,-0.15697926,-0.15697101,-0.15698144,-0.15698878,-0.16505513,-0.17392421,-0.15373224,-0.15700325,-0.15699413,-0.15700373,-0.2025511,-0.15354379,-0.14723541,-0.15283716,-0.11499533,-0.10471026,-0.11893196,-0.15373549,-0.1569398,-0.12937234,-0.19501048,-0.15374255,-0.18738703,-0.11705899,-0.17429145,-0.15373397,-0.06652963,-0.15351361,-0.10737923,-0.124497145,-0.15298569,-0.052188452,-0.26007295
k__Bacteria|p__Proteobacteria|c__CFGB2397|o__OFGB2397|f__FGB2397|g__GGB36599|s__GGB36599_SGB9269,-0.1004395,-0.12316422,-0.15404315,-0.15727724,-0.15727752,-0.23867357,-0.1666669,-0.16813041,-0.10929718,-0.22895765,-0.23728925,-0.15404773,-0.22850217,-0.3768707,-0.08556121,-0.15365532,-0.058144663,-0.15352798,-0.15721798,-0.19931981,-0.1978925,-0.12982935,-0.15401381,-0.12711628,-0.20043859,-0.11658599,-0.182019,-0.25032333,-0.1509206,-0.15401894,-0.15142563,-0.10844302,-0.18249588,-0.28454733,-0.15403509,-0.13002272,-0.15404543,-0.22338755,-0.15404807,-0.29867563,-0.15404813,-0.29356226,-0.12930988,-0.15390807,-0.13691942,-0.15404278,-0.23188588,-0.24781659,-0.1296162,-0.13002887,-0.24679694,-0.18279888,-0.25087595,-0.26027086,-0.28621647,-0.27511892,-0.11894142,-0.15396442,-0.040142577,-0.056944285,-0.15336026,-0.11274739,-0.13743341,-0.12991086,-0.15402749,-0.157273,-0.1572773,-0.15727791,-0.27573854,-0.15400988,-0.1299145,-0.16243835,-0.12334165,-0.14074792,-0.15401536,-0.15887658,-0.14481027,-0.13000685,-0.18691605,-0.14998752,-0.15403654,-0.15725698,-0.15726784,-0.15720591,-0.120334074,-0.13700745,-0.08858878,-0.1540308,-0.19008024,-0.15404153,-0.2004665,-0.11139822,-0.1388583,-0.13027036,-0.1074974,0.7710466,-0.1539489,-0.1569713,-0.10065024,-0.08152827,-0.09427856,-0.15399641,-0.11960925,-0.15027548,-0.16982608,-0.1185138,-0.15401305,-0.15727146,-0.17738779,-0.15176103,-0.1540443,-0.25953975,-0.17989698,-0.13525523,-0.15404159,-0.15095688,-0.17780018,-0.2009549,-0.1540226,-0.09015879,-0.1537587,-0.12151222,-0.121854745,-0.13997786,-0.21433522,-0.13908121,-0.16057305,-0.15397297,-0.07092635,-0.1534425,-0.15655112,-0.18733518,-0.15380453,-0.12989303,-0.12334781,-0.14100276,-0.15400288,-0.114095174,-0.25318068,-0.26654312,-0.12909412,-0.10945694,-0.15399423,-0.09238048,-0.20963459,-0.1540418,-0.15720028,-0.12938249,-0.15397418,-0.16015086,-0.1553517,-0.15404598,-0.19704957,-0.20616047,-0.12879187,-0.10460003,-0.11361031,-0.10256614,-0.15403882,-0.19495486,-0.15401617,-0.12928876,-0.15389219,-0.041086134,-0.12967405,-0.15404484,-0.2300741,-0.15402508,-0.10384405,-0.15268847,-0.0784167,-0.15391012,-0.12766197,-0.15392838,-0.121451,-0.075820275,-0.09192432,-0.101488546,-0.15378985,-0.15718697,-0.12378413,-0.15389594,-0.1410757,-0.13984437,-0.18093297,-0.15404713,-0.25777104,-0.12844054,-0.15396062,-0.13462572,-0.119081676,-0.15401903,-0.15727344,-0.15727502,-0.15727606,-0.19755594,1.8043996,-0.20219928,-0.19465852,-0.24831252,-0.20506537,-0.22091979,-0.15403317,-0.12959203,-0.11956477,-0.15402827,-0.15727004,-0.20931396,-0.18224281,-0.15402028,-0.32474133,-0.15404531,-0.15727857,-0.15727754,-0.15727718,-0.2185038,-0.15401953,-0.114121355,-0.15402249,-0.15726456,-0.15727025,-0.22984435,-0.15403934,-0.15725382,-0.08963354,-0.15394394,-0.15723202,-0.15724929,-0.15725005,-0.13302092,-0.1051107,-0.14014931,-0.15141064,-0.15839578,-0.15615125,-0.14613561,-0.15403588,-0.12319561,-0.12998086,-0.15400293,-0.1572784,-0.15727797,-0.15727797,-0.15727845,-0.38518023,-0.11451449,-0.1540094,-0.15564899,-0.14443555,-0.16636807,-0.15404105,-0.15720795,-0.12993515,-0.047159404,-0.14858955,-0.14016809,-0.14106366,-0.15390669,-0.19987361,-0.1649412,-0.17166539,-0.15402019,-0.15723845,-0.12722544,-0.14610182,-0.2588673,-0.12976946,-0.15392575,-0.09132757,-0.12832497,-0.13684332,-0.16221203,-0.15659244,-0.12914538,-0.1538049,-0.15718985,-0.15723565,-0.15726721,-0.15740095,-0.19795567,-0.15106063,-0.07294749,-0.2039893,-0.15401025,-0.15723386,-0.104459345,-0.15363815,-0.17466888,-0.13176009,-0.15401644,-0.15109587,-0.10913184,-0.15386194,-0.05825615,-0.14326635,-0.17082691,-0.15396008,-0.18883844,-0.1540464,-0.31316653,-0.15403755,-0.16808087,-0.14331596,-0.15403917,-0.15727524,-0.25088155,-0.15404674,-0.22115314,-0.07562123,-0.086852394,-0.10702289,-0.060967896,-0.14789744,-0.16796505,-0.15746465,-0.22133875,-0.12812386,-0.0969081,-0.16398169,-0.12716047,-0.11335766,-0.18846886,-0.1299726,-0.17755464,-0.0994983,-0.115196005,-0.15396091,-0.11662802,-0.19749595,-0.14526704,-0.12781724,-0.096878245,-0.15395981,-0.157092,-0.12434345,-0.11230643,-0.063823454,-0.15389428,-0.11419349,-0.10007019,-0.24483351,-0.15404722,-0.15726788,-0.16344379,-0.1759062,-0.12524253,-0.15403342,-0.0782174,-0.19187105,-0.18185812,-0.09859173,-0.11065883,-0.15372653,-0.15697384,-0.083404,-0.1213824,-0.13072303,-0.13855581,-0.19385117,-0.15401274,-0.15727225,-0.19487974,-0.23847799,-0.2432746,-0.12964125,-0.15385409,-0.1572456,-0.14520228,-0.2961179,-0.15404654,-0.19813283,-0.12987319,-0.15398675,-0.060104962,-0.15931924,-0.15404493,-0.2028091,-0.2868003,-0.11816878,-0.14795661,-0.10060286,-0.1538997,-0.13614628,-0.20725825,-0.17393659,-0.125103,-0.15657571,-0.15690626,-0.15404359,-0.15727451,-0.16221246,-0.22200036,-0.13004342,-0.2814266,-0.15404761,-0.1915083,-0.24371436,-0.16952515,-0.15396735,-0.13369927,-0.12557748,-0.1540407,-0.18106565,-0.15404737,-0.18642783,-0.15399556,-0.30462334,-0.15394405,-0.14691104,-0.13029914,-0.15403521,-0.15726289,-0.18915205,-0.12996534,-0.15403989,-0.10481856,-0.1650517,-0.15403797,-0.15727645,-0.1572501,-0.12954128,-0.15394789,-0.15724494,-0.15723604,-0.15724713,-0.15725443,-0.16505513,-0.17392421,-0.15403372,-0.15726964,-0.15726024,-0.15727013,-0.2025511,-0.15354379,-0.14723541,-0.15311414,-0.11499533,-0.10471026,-0.11893196,-0.15403704,-0.15720545,-0.12992491,-0.19501048,-0.15404445,-0.18738703,-0.11705899,-0.17429145,-0.15403578,-0.06652963,-0.15380374,-0.10737923,-0.124497145,-0.15298569,-0.052188452,-0.26007295
k__Bacteria|p__Proteobacteria|c__Gammaproteobacteria|o__Moraxellales|f__Moraxellaceae|g__GGB72452|s__GGB72452_SGB4052,-0.1004395,-0.12316422,-0.15532067,-0.15861946,-0.15861994,-0.23867357,-0.1666669,-0.16813041,-0.10929718,-0.22895765,-0.23728925,-0.15532833,-0.22850217,-0.3768707,-0.08556121,-0.15467241,-0.058144663,-0.15444812,-0.1585199,-0.19931981,-0.1978925,-0.1305061,-0.15527089,-0.12711628,-0.20043859,-0.11658599,-0.182019,-0.25032333,-0.1509206,-0.15527964,-0.15142563,-0.10844302,-0.18249588,-0.28454733,-0.15530658,-0.13081998,-0.15532446,-0.22338755,-0.15532893,-0.29867563,-0.15532903,-0.29356226,-0.12966062,-0.15509352,-0.13691942,-0.15531996,-0.23188588,-0.24781659,-0.1296162,-0.13083048,-0.24679694,-0.18279888,-0.25087595,-0.26027086,-0.28621647,-0.27511892,-0.11894142,-0.15518859,-0.040142577,-0.056944285,-0.15417777,-0.11274739,-0.13743341,-0.13064158,-0.15529457,-0.15861228,-0.15861958,-0.1586206,-0.27573854,-0.15526552,-0.13064395,-0.16243835,-0.12334165,-0.14074792,-0.15527374,-0.15887658,-0.14481027,-0.13079332,-0.18691605,-0.14998752,-0.15530953,-0.15858546,-0.15860385,-0.15849528,-0.120334074,-0.13700745,-0.08858878,-0.15529984,-0.19008024,-0.15531789,-0.2004665,-0.11139822,-0.1388583,-0.13027036,-0.1074974,-0.15152657,-0.15516189,-0.15810415,-0.10065024,-0.08152827,-0.09427856,-0.15524149,-0.11960925,-0.15027548,-0.16982608,-0.1185138,-0.15526995,-0.15860969,-0.17738779,-0.15176103,-0.15532261,-0.25953975,-0.17989698,-0.13525523,-0.15531796,-0.15095688,-0.17780018,-0.2009549,-0.15528566,-0.09015879,-0.15484078,-0.12151222,-0.121854745,-0.13997786,-0.21433522,-0.13908121,-0.16057305,-0.15520209,-0.07092635,-0.15431137,-0.15741307,-0.18733518,-0.15492366,-0.13061967,-0.12334781,-0.14100276,-0.15525275,-0.114095174,-0.25318068,-0.26654312,-0.12941109,-0.10945694,-0.15523797,-0.09238048,-0.20963459,-0.15531835,-0.1584861,-0.12983441,-0.15520473,-0.16015086,-0.1553517,-0.1553254,-0.19704957,-0.20616047,-0.12895152,-0.10460003,-0.11361031,-0.10256614,-0.15531328,-0.19495486,-0.1552733,-0.12971362,-0.15506494,-0.041086134,-0.12967405,-0.15532354,-0.2300741,-0.15528807,-0.10384405,-0.15305904,-0.0784167,-0.15509748,-0.12766197,-0.15512753,-0.121451,-0.075820275,-0.09192432,-0.101488546,-0.15489623,-0.15846714,-0.12378413,-0.15506831,-0.1410757,-0.13984437,-0.18093297,-0.15532732,-0.25777104,-0.12844054,-0.15517983,-0.13462572,-0.119081676,-0.15527979,-0.15861309,-0.15861574,-0.15861753,-0.19755594,-0.25103784,-0.20219928,-0.19465852,-0.24831252,-0.20506537,-0.22091979,-0.15530363,-0.1301612,-0.11956477,-0.15529533,-0.15860733,-0.20931396,-0.18224281,-0.15528181,-0.32474133,-0.15532428,-0.1586217,-0.15861997,-0.15861934,-0.2185038,-0.15528095,-0.114121355,-0.15528622,-0.15859848,-0.15860766,-0.22984435,-0.15531416,-0.1585805,-0.08963354,-0.15515444,-0.1585429,-0.1585727,-0.15857336,-0.13302092,-0.1051107,-0.14014931,-0.15141064,-0.15839578,-0.15615125,-0.14613561,-0.15530819,-0.12319561,-0.1307501,-0.1552537,-0.15862143,-0.15862072,-0.1586207,-0.15862149,-0.38518023,-0.11451449,-0.1552639,-0.15564899,-0.14443555,-0.16636807,-0.15531719,-0.15850228,-0.12993515,-0.047159404,-0.14623263,-0.14016809,-0.14106366,-0.15509152,-0.19987361,-0.1649412,-0.17166539,-0.15528187,-0.15855356,-0.12722544,-0.14610182,-0.2588673,-0.1304253,-0.15512323,-0.09132757,-0.12832497,-0.13684332,-0.16221203,-0.15659244,-0.12953833,-0.15492336,-0.15847248,-0.15854916,-0.15860254,-0.15740095,-0.19795567,-0.15106063,-0.07294749,-0.2039893,-0.15526567,-0.1585461,-0.104459345,-0.15471505,-0.17466888,-0.13176009,-0.1552752,-0.15109587,-0.10913184,-0.15501842,-0.05825615,-0.14326635,-0.17082691,-0.15518132,-0.18883844,-0.15532614,-0.31316653,-0.15531152,-0.16808087,-0.14331596,-0.15531394,-0.15861619,-0.25088155,-0.15532674,-0.22115314,-0.07562123,-0.086852394,-0.10702289,-0.060967896,-0.14508072,-0.16796505,-0.15746465,-0.22133875,-0.12812386,-0.0969081,-0.16398169,-0.12716047,-0.11335766,-0.18846886,-0.1307372,-0.17755464,-0.0994983,-0.115196005,-0.1551824,-0.11662802,-0.19749595,-0.14526704,-0.12781724,-0.096878245,-0.15517968,-0.158308,-0.12434345,-0.11230643,-0.063823454,-0.15507078,-0.11419349,-0.10007019,-0.24483351,-0.15532748,-0.15860268,-0.16344379,-0.1759062,-0.12524253,-0.15530413,-0.0782174,-0.19187105,-0.18185812,-0.09859173,-0.11065883,-0.15478703,-0.15810846,-0.083404,-0.1213824,-0.13072303,-0.13855581,-0.19385117,-0.15526986,-0.15861103,-0.19487974,-0.23847799,-0.2432746,-0.1302129,-0.15500304,-0.15856634,-0.14520228,-0.2961179,-0.15532634,-0.19813283,-0.13058168,-0.15522628,-0.060104962,-0.15931924,-0.15532362,-0.2028091,-0.2868003,-0.11816878,-0.14795661,-0.10060286,-0.15508011,-0.13614628,-0.20725825,-0.17393659,-0.125103,-0.15657571,-0.15690626,-0.15532139,-0.15861487,-0.16221246,-0.22200036,-0.13085485,-0.2814266,-0.15532817,-0.1915083,-0.24371436,-0.16952515,-0.15518892,-0.13369927,-0.12557748,-0.1553165,-0.18106565,-0.15532775,-0.18642783,-0.15523975,-0.30462334,-0.15515536,-0.14691104,-0.13029914,-0.15530735,-0.15859523,-0.18915205,-0.13072315,-0.15531507,-0.10481856,-0.1650517,-0.15531205,-0.15861814,-0.15857135,-0.13007593,-0.15515995,-0.15856546,-0.15855047,-0.15856916,-0.15858106,-0.16505513,-0.17392421,-0.1553049,-0.15860665,-0.15859091,-0.15860747,-0.2025511,-0.15354379,-0.14723541,-0.1537757,-0.11499533,-0.10471026,-0.11893196,-0.15531038,-0.15849452,-0.13065773,-0.19501048,-0.15532288,-0.18738703,-0.11705899,-0.17429145,-0.1553062,-0.06652963,-0.1549168,-0.10737923,-0.124497145,-0.15298569,-0.052188452,-0.26007295
k__Bacteria|p__Proteobacteria|c__Gammaproteobacteria|o__Aeromonadales|f__Succinivibrionaceae|g__GGB2732|s__GGB2732_SGB58358,-0.1004395,-0.12316422,-0.15477577,-0.1581155,-0.15811583,-0.23867357,-0.1666669,-0.16813041,-0.10929718,-0.22895765,-0.23728925,-0.1547812,-0.22850217,-0.3768707,-0.08556121,-0.15431534,-0.058144663,-0.15416679,-0.158045,-0.19931981,-0.1978925,-0.12975264,-0.15474096,-0.12711628,-0.20043859,-0.11658599,-0.182019,-0.25032333,-0.1509206,-0.15474683,-0.15142563,-0.10844302,-0.18249588,-0.28454733,-0.15476617,-0.12997164,-0.15477848,-0.22338755,-0.15478162,-0.29867563,-0.1547817,-0.29356226,-0.12918216,-0.1546145,-0.13691942,-0.15477535,-0.23188588,-0.24781659,-0.1296162,-0.12997858,-0.24679694,-0.18279888,-0.25087595,-0.26027086,-0.28621647,-0.27511892,-0.11894142,-0.15468271,-0.040142577,-0.056944285,-0.15396282,-0.11274739,-0.13743341,-0.12984523,-0.15475711,-0.15811047,-0.15811558,-0.1581163,-0.27573854,-0.15473652,-0.12984869,-0.16243835,-0.12334165,-0.14074792,-0.1547428,-0.15887658,-0.14481027,-0.12995355,-0.18691605,-0.14998752,-0.15476795,-0.15809149,-0.15810432,-0.15802895,-0.120334074,-0.13700745,-0.08858878,-0.15476117,-0.19008024,-0.15477389,-0.2004665,-0.11139822,-0.1388583,-0.13027036,-0.1074974,-0.15152657,-0.15466425,-0.15775564,-0.10065024,-0.08152827,-0.09427856,-0.15472043,-0.11960925,-0.15027548,-0.16982608,-0.1185138,-0.1547398,-0.15810864,-0.17738779,-0.15176103,-0.15477714,-0.25953975,-0.17989698,-0.13525523,-0.15477395,-0.15095688,-0.17780018,-0.2009549,-0.15475094,-0.09015879,-0.15443975,-0.12151222,-0.121854745,-0.13997786,-0.21433522,-0.13908121,-0.16057305,-0.15469275,-0.07092635,-0.15406302,-0.15724781,-0.18733518,-0.15448865,-0.12983155,-0.12334781,-0.14100276,-0.15472803,-0.114095174,-0.25318068,-0.26654312,-0.12895232,-0.10945694,-0.1547179,-0.09238048,-0.20963459,-0.1547742,-0.15802157,-0.12927312,-0.15469351,-0.16015086,-0.1553517,-0.15477914,-0.19704957,-0.20616047,-0.12862691,-0.10460003,-0.11361031,-0.10256614,-0.1547707,-0.19495486,-0.1547433,-0.12917095,-0.15459655,-0.041086134,-0.12967405,-0.15477777,-0.2300741,-0.15475371,-0.10384405,-0.15316764,-0.0784167,-0.15461758,-0.12766197,-0.15463986,-0.121451,-0.075820275,-0.09192432,-0.101488546,-0.15447691,-0.15800871,-0.12378413,-0.15459988,-0.1410757,-0.13984437,-0.18093297,-0.15478049,-0.25777104,-0.12844054,-0.15467799,-0.13462572,-0.119081676,-0.15474732,-0.158111,-0.15811287,-0.15811414,-0.19755594,-0.25103784,-0.20219928,-0.19465852,-0.24831252,-0.20506537,-0.22091979,-0.15476376,-0.1295014,-0.11956477,-0.15475816,-0.15810695,-0.20931396,-0.18224281,-0.15474856,-0.32474133,-0.15477838,-0.15811709,-0.15811586,-0.15811545,-0.2185038,-0.1547476,-0.114121355,-0.15475112,-0.1581003,-0.15810719,-0.22984435,-0.1547713,-0.15808778,-0.08963354,-0.15465803,-0.15806209,-0.15808225,-0.15808338,-0.13302092,-0.1051107,-0.14014931,-0.15141064,-0.15839578,-0.15615125,-0.14613561,-0.15476722,-0.12319561,-0.12992272,-0.1547278,-0.15811688,-0.15811637,-0.15811637,-0.15811694,-0.38518023,-0.11451449,-0.15473571,-0.15564899,-0.14443555,-0.16636807,-0.15477325,-0.15803201,-0.12993515,-0.047159404,-0.14825022,-0.14016809,-0.14106366,-0.1546136,-0.19987361,-0.1649412,-0.17166539,-0.15474859,-0.15806976,-0.12722544,-0.14610182,-0.2588673,-0.12968874,-0.15463704,-0.09132757,-0.12832497,-0.13684332,-0.16221203,-0.15659244,-0.1290287,-0.15449312,-0.15801208,-0.15806624,-0.15810363,-0.15740095,-0.19795567,-0.15106063,-0.07294749,-0.2039893,-0.15473668,-0.15806437,-0.104459345,-0.15433793,-0.17466888,-0.13176009,-0.15474427,-0.15109587,-0.10913184,-0.15456124,-0.05825615,-0.14326635,-0.17082691,-0.15467714,-0.18883844,-0.15477964,-0.31316653,-0.15476902,-0.16808087,-0.14331596,-0.1547711,-0.15811312,-0.25088155,-0.15478006,-0.22115314,-0.07562123,-0.086852394,-0.10702289,-0.060967896,-0.14744201,-0.16796505,-0.15746465,-0.22133875,-0.12812386,-0.0969081,-0.16398169,-0.12716047,-0.11335766,-0.18846886,-0.1299141,-0.17755464,-0.0994983,-0.115196005,-0.15467814,-0.11662802,-0.19749595,-0.14526704,-0.12781724,-0.096878245,-0.15467739,-0.15789628,-0.12434345,-0.11230643,-0.063823454,-0.15459949,-0.11419349,-0.10007019,-0.24483351,-0.15478063,-0.15810394,-0.16344379,-0.1759062,-0.12524253,-0.15476426,-0.0782174,-0.19187105,-0.18185812,-0.09859173,-0.11065883,-0.1544011,-0.15775588,-0.083404,-0.1213824,-0.13072303,-0.13855581,-0.19385117,-0.15473954,-0.1581096,-0.19487974,-0.23847799,-0.2432746,-0.12953769,-0.1545519,-0.15807787,-0.14520228,-0.2961179,-0.15477979,-0.19813283,-0.12980284,-0.15470877,-0.060104962,-0.15931924,-0.15477785,-0.2028091,-0.2868003,-0.11816878,-0.14795661,-0.10060286,-0.15460521,-0.13614628,-0.20725825,-0.17393659,-0.125103,-0.15657571,-0.15690626,-0.1547763,-0.15811229,-0.16221246,-0.22200036,-0.12999557,-0.2814266,-0.15478107,-0.1915083,-0.24371436,-0.16952515,-0.1546844,-0.13369927,-0.12557748,-0.15477282,-0.18106565,-0.1547808,-0.18642783,-0.15471853,-0.30462334,-0.15465769,-0.14691104,-0.13029914,-0.15476638,-0.15809849,-0.18915205,-0.12990528,-0.15477192,-0.10481856,-0.1650517,-0.1547696,-0.15811457,-0.15808216,-0.12942986,-0.15466306,-0.15807697,-0.15806666,-0.15807965,-0.15808845,-0.16505513,-0.17392421,-0.15476453,-0.1581065,-0.1580953,-0.15810709,-0.2025511,-0.15354379,-0.14723541,-0.15366647,-0.11499533,-0.10471026,-0.11893196,-0.15476853,-0.15802845,-0.12985928,-0.19501048,-0.15477729,-0.18738703,-0.11705899,-0.17429145,-0.15476641,-0.06652963,-0.15449214,-0.10737923,-0.124497145,-0.15298569,-0.052188452,-0.26007295
k__Bacteria|p__Proteobacteria|c__Gammaproteobacteria|o__Enterobacterales|f__Enterobacteriaceae|g__GGB1354|s__GGB1354_SGB1818,-0.1004395,-0.12316422,-0.1548672,-0.1581636,-0.15816393,-0.23867357,-0.1666669,-0.16813041,-0.10929718,-0.22895765,-0.23728925,-0.15487307,-0.22850217,-0.3768707,-0.08556121,-0.15438962,-0.058144663,-0.15423512,-0.15808812,-0.19931981,-0.1978925,-0.13016154,-0.15483019,-0.12711628,-0.20043859,-0.11658599,-0.182019,-0.25032333,-0.1509206,-0.15483561,-0.15142563,-0.10844302,-0.18249588,-0.28454733,-0.1548559,-0.130386,-0.15487018,-0.22338755,-0.15487352,-0.29867563,-0.1548736,-0.29356226,-0.12955943,-0.15469131,-0.13691942,-0.15486687,-0.23188588,-0.24781659,-0.1296162,-0.13039319,-0.24679694,-0.18279888,-0.25087595,-0.26027086,-0.28621647,-0.27511892,-0.11894142,-0.1547687,-0.040142577,-0.056944285,-0.15399265,-0.11274739,-0.13743341,-0.1302554,-0.154847,-0.1581583,-0.15816365,-0.15816444,-0.27573854,-0.15482306,-0.13025694,-0.16243835,-0.12334165,-0.14074792,-0.15483232,-0.15887658,-0.14481027,-0.1303674,-0.18691605,-0.14998752,-0.154859,-0.15813804,-0.15815148,-0.15806235,-0.120334074,-0.13700745,-0.08858878,-0.15485185,-0.19008024,-0.1548653,-0.2004665,-0.11139822,-0.1388583,-0.13027036,-0.1074974,-0.15152657,-0.1547495,-0.15775988,-0.10065024,-0.08152827,-0.09427856,-0.15480867,-0.11960925,-0.15027548,-0.16982608,-0.1185138,-0.15482816,-0.15815629,-0.17738779,-0.15176103,-0.15486872,-0.25953975,-0.17989698,-0.13525523,-0.15486537,-0.15095688,-0.17780018,-0.2009549,-0.15483764,-0.09015879,-0.15451485,-0.12151222,-0.121854745,-0.13997786,-0.21433522,-0.13908121,-0.16057305,-0.1547797,-0.07092635,-0.15411311,-0.15721634,-0.18733518,-0.15454724,-0.1302426,-0.12334781,-0.14100276,-0.15481672,-0.114095174,-0.25318068,-0.26654312,-0.12936816,-0.10945694,-0.15480617,-0.09238048,-0.20963459,-0.15486567,-0.1580524,-0.12967536,-0.1547793,-0.16015086,-0.1553517,-0.15487087,-0.19704957,-0.20616047,-0.12902378,-0.10460003,-0.11361031,-0.10256614,-0.15486203,-0.19495486,-0.15483016,-0.1295781,-0.154679,-0.041086134,-0.12967405,-0.15486929,-0.2300741,-0.15484089,-0.10384405,-0.15317841,-0.0784167,-0.154699,-0.12766197,-0.15472354,-0.121451,-0.075820275,-0.09192432,-0.101488546,-0.1545521,-0.15805131,-0.12378413,-0.1546672,-0.1410757,-0.13984437,-0.18093297,-0.15487233,-0.25777104,-0.12844054,-0.15475576,-0.13462572,-0.119081676,-0.1548376,-0.15815882,-0.15816078,-0.15816213,-0.19755594,-0.25103784,-0.20219928,-0.19465852,-0.24831252,-0.20506537,-0.22091979,-0.15485339,-0.12991044,-0.11956477,-0.1548487,-0.15815441,-0.20931396,-0.18224281,-0.15483603,-0.32474133,-0.1548701,-0.15816529,-0.158164,-0.15816355,-0.2185038,-0.15483478,-0.114121355,-0.15484032,-0.15814672,-0.15815464,-0.22984435,-0.1548627,-0.15813127,-0.08963354,-0.15474157,-0.15810761,-0.15812777,-0.15813006,-0.13302092,-0.1051107,-0.14014931,-0.15141064,-0.15839578,-0.15615125,-0.14613561,-0.15485844,-0.12319561,-0.13033396,-0.15481514,-0.15816507,-0.1581645,-0.15816453,-0.15816513,-0.38518023,-0.11451449,-0.15482448,-0.15564899,-0.14443555,-0.16636807,-0.15486446,-0.15806824,-0.12993515,-0.047159404,-0.1477699,-0.14016809,-0.14106366,-0.1546939,-0.19987361,-0.1649412,-0.17166539,-0.15483853,-0.15811601,-0.12722544,-0.14610182,-0.2588673,-0.1301075,-0.15472138,-0.09132757,-0.12832497,-0.13684332,-0.16221203,-0.15659244,-0.1294252,-0.15456533,-0.15805405,-0.15811151,-0.158151,-0.15740095,-0.19795567,-0.15106063,-0.07294749,-0.2039893,-0.15482509,-0.1581103,-0.104459345,-0.1543872,-0.17466888,-0.13176009,-0.15483445,-0.15109587,-0.10913184,-0.15464026,-0.05825615,-0.14326635,-0.17082691,-0.15476155,-0.18883844,-0.15487137,-0.31316653,-0.15485936,-0.16808087,-0.14331596,-0.15486231,-0.15816095,-0.25088155,-0.15487179,-0.22115314,-0.07562123,-0.086852394,-0.10702289,-0.060967896,-0.14690694,-0.16796505,-0.15746465,-0.22133875,-0.12812386,-0.0969081,-0.16398169,-0.12716047,-0.11335766,-0.18846886,-0.13032573,-0.17755464,-0.0994983,-0.115196005,-0.15476315,-0.11662802,-0.19749595,-0.14526704,-0.12781724,-0.096878245,-0.15476435,-0.15793207,-0.12434345,-0.11230643,-0.063823454,-0.15468124,-0.11419349,-0.10007019,-0.24483351,-0.15487245,-0.15814957,-0.16344379,-0.1759062,-0.12524253,-0.15485519,-0.0782174,-0.19187105,-0.18185812,-0.09859173,-0.11065883,-0.15447287,-0.15778345,-0.083404,-0.1213824,-0.13072303,-0.13855581,-0.19385117,-0.15482797,-0.15815729,-0.19487974,-0.23847799,-0.2432746,-0.12993228,-0.15463023,-0.15812314,-0.14520228,-0.2961179,-0.15487158,-0.19813283,-0.13021412,-0.15479541,-0.060104962,-0.15931924,-0.1548694,-0.2028091,-0.2868003,-0.11816878,-0.14795661,-0.10060286,-0.15468404,-0.13614628,-0.20725825,-0.17393659,-0.125103,-0.15657571,-0.15690626,-0.15486777,-0.15816018,-0.16221246,-0.22200036,-0.13041103,-0.2814266,-0.15487292,-0.1915083,-0.24371436,-0.16952515,-0.15475962,-0.13369927,-0.12557748,-0.15486401,-0.18106565,-0.15487264,-0.18642783,-0.15480095,-0.30462334,-0.15473941,-0.14691104,-0.13029914,-0.15485726,-0.15814562,-0.18915205,-0.13031644,-0.15486318,-0.10481856,-0.1650517,-0.15486047,-0.1581626,-0.15812358,-0.12983504,-0.15474856,-0.15812191,-0.15811135,-0.15812491,-0.15813491,-0.16505513,-0.17392421,-0.15485513,-0.1581541,-0.158142,-0.1581547,-0.2025511,-0.15354379,-0.14723541,-0.15365803,-0.11499533,-0.10471026,-0.11893196,-0.15485954,-0.15806201,-0.13027178,-0.19501048,-0.1548688,-0.18738703,-0.11705899,-0.17429145,-0.15485485,-0.06652963,-0.15457046,-0.10737923,-0.124497145,-0.15298569,-0.052188452,-0.26007295
k__Bacteria|p__Proteobacteria|c__Gammaproteobacteria|o__Enterobacterales|f__Enterobacteriaceae|g__GGB1379|s__GGB1379_SGB48439,-0.1004395,-0.12316422,-0.15507123,-0.15841576,-0.158416,-0.23867357,-0.1666669,-0.16813041,-0.10929718,-0.22895765,-0.23728925,-0.15507579,-0.22850217,-0.3768707,-0.08556121,-0.1546894,-0.058144663,-0.15457444,-0.1583569,-0.19931981,-0.1978925,-0.13003875,-0.15504244,-0.12711628,-0.20043859,-0.11658599,-0.182019,-0.25032333,-0.1509206,-0.15504684,-0.15142563,-0.10844302,-0.18249588,-0.28454733,-0.15506256,-0.13023117,-0.15507352,-0.22338755,-0.15507612,-0.29867563,-0.1550762,-0.29356226,-0.12952548,-0.15493476,-0.13691942,-0.15507096,-0.23188588,-0.24781659,-0.1296162,-0.13023698,-0.24679694,-0.18279888,-0.25087595,-0.26027086,-0.28621647,-0.27511892,-0.11894142,-0.15499392,-0.040142577,-0.056944285,-0.15439026,-0.11274739,-0.13743341,-0.13011844,-0.15505546,-0.1584116,-0.15841578,-0.1584164,-0.27573854,-0.15503618,-0.13012287,-0.16243835,-0.12334165,-0.14074792,-0.15504405,-0.15887658,-0.14481027,-0.13021557,-0.18691605,-0.14998752,-0.1550648,-0.1583958,-0.15840627,-0.15833776,-0.120334074,-0.13700745,-0.08858878,-0.15505922,-0.19008024,-0.15506974,-0.2004665,-0.11139822,-0.1388583,-0.13027036,-0.1074974,-0.15152657,-0.1549791,-0.15808728,-0.10065024,-0.08152827,-0.09427856,-0.15502557,-0.11960925,-0.15027548,-0.16982608,-0.1185138,-0.155041,-0.15841004,-0.17738779,-0.15176103,-0.15507239,-0.25953975,-0.17989698,-0.13525523,-0.15506977,-0.15095688,-0.17780018,-0.2009549,-0.15504837,-0.09015879,-0.15479484,-0.12151222,-0.121854745,-0.13997786,-0.21433522,-0.13908121,-0.16057305,-0.15500274,-0.07092635,-0.15447846,-0.15767816,-0.18733518,-0.1548224,-0.1301009,-0.12334781,-0.14100276,-0.15503184,-0.114095174,-0.25318068,-0.26654312,-0.12929872,-0.10945694,-0.15502357,-0.09238048,-0.20963459,-0.15507,-0.15833198,-0.12958983,-0.1550026,-0.16015086,-0.1553517,-0.15507406,-0.19704957,-0.20616047,-0.12900859,-0.10460003,-0.11361031,-0.10256614,-0.15506718,-0.19495486,-0.1550428,-0.12948641,-0.15492386,-0.041086134,-0.12967405,-0.15507284,-0.2300741,-0.15505165,-0.10384405,-0.15373471,-0.0784167,-0.1549395,-0.12766197,-0.15495878,-0.121451,-0.075820275,-0.09192432,-0.101488546,-0.15482295,-0.15832783,-0.12378413,-0.1549133,-0.1410757,-0.13984437,-0.18093297,-0.15507519,-0.25777104,-0.12844054,-0.15498468,-0.13462572,-0.119081676,-0.15504804,-0.15841201,-0.15841356,-0.1584146,-0.19755594,-0.25103784,-0.20219928,-0.19465852,-0.24831252,-0.20506537,-0.22091979,-0.15506068,-0.12979606,-0.11956477,-0.1550568,-0.15840858,-0.20931396,-0.18224281,-0.15504718,-0.32474133,-0.15507346,-0.15841705,-0.15841606,-0.1584157,-0.2185038,-0.1550462,-0.114121355,-0.15505035,-0.15840262,-0.15840879,-0.22984435,-0.15506768,-0.15839073,-0.08963354,-0.15497297,-0.15837201,-0.15838784,-0.15838954,-0.13302092,-0.1051107,-0.14014931,-0.15141064,-0.15839578,-0.15615125,-0.14613561,-0.15506439,-0.12319561,-0.13018931,-0.1550307,-0.15841688,-0.15841645,-0.15841646,-0.15841693,-0.38518023,-0.11451449,-0.15503794,-0.15564899,-0.14443555,-0.16636807,-0.15506908,-0.15834272,-0.12993515,-0.047159404,-0.14955235,-0.14016809,-0.14106366,-0.15493622,-0.19987361,-0.1649412,-0.17166539,-0.15504886,-0.15837854,-0.12722544,-0.14610182,-0.2588673,-0.12997696,-0.15495631,-0.09132757,-0.12832497,-0.13684332,-0.16221203,-0.15659244,-0.12933671,-0.1548339,-0.15833,-0.15837511,-0.15840594,-0.15740095,-0.19795567,-0.15106063,-0.07294749,-0.2039893,-0.15503839,-0.15837395,-0.104459345,-0.15463391,-0.17466888,-0.13176009,-0.15504567,-0.15109587,-0.10913184,-0.15489158,-0.05825615,-0.14326635,-0.17082691,-0.15498888,-0.18883844,-0.15507445,-0.31316653,-0.15506518,-0.16808087,-0.14331596,-0.15506741,-0.1584137,-0.25088155,-0.1550748,-0.22115314,-0.07562123,-0.086852394,-0.10702289,-0.060967896,-0.14887615,-0.16796505,-0.15746465,-0.22133875,-0.12812386,-0.0969081,-0.16398169,-0.12716047,-0.11335766,-0.18846886,-0.13018085,-0.17755464,-0.0994983,-0.115196005,-0.15499002,-0.11662802,-0.19749595,-0.14526704,-0.12781724,-0.096878245,-0.15499067,-0.158234,-0.12434345,-0.11230643,-0.063823454,-0.15492493,-0.11419349,-0.10007019,-0.24483351,-0.1550753,-0.1584054,-0.16344379,-0.1759062,-0.12524253,-0.15506186,-0.0782174,-0.19187105,-0.18185812,-0.09859173,-0.11065883,-0.15476209,-0.15811801,-0.083404,-0.1213824,-0.13072303,-0.13855581,-0.19385117,-0.15504071,-0.15841085,-0.19487974,-0.23847799,-0.2432746,-0.12984821,-0.15488546,-0.15838428,-0.14520228,-0.2961179,-0.15507463,-0.19813283,-0.13008109,-0.15501502,-0.060104962,-0.15931924,-0.15507294,-0.2028091,-0.2868003,-0.11816878,-0.14795661,-0.10060286,-0.15492828,-0.13614628,-0.20725825,-0.17393659,-0.125103,-0.15657571,-0.15690626,-0.15507166,-0.15841308,-0.16221246,-0.22200036,-0.1302513,-0.2814266,-0.15507567,-0.1915083,-0.24371436,-0.16952515,-0.15498921,-0.13369927,-0.12557748,-0.15506877,-0.18106565,-0.15507543,-0.18642783,-0.15502053,-0.30462334,-0.15497175,-0.14691104,-0.13029914,-0.15506347,-0.15840176,-0.18915205,-0.13017415,-0.15506807,-0.10481856,-0.1650517,-0.15506598,-0.15841496,-0.15838583,-0.12974069,-0.15497829,-0.15838328,-0.15837497,-0.15838559,-0.15839332,-0.16505513,-0.17392421,-0.15506178,-0.15840833,-0.15839893,-0.15840882,-0.2025511,-0.15354379,-0.14723541,-0.15413046,-0.11499533,-0.10471026,-0.11893196,-0.15506522,-0.15833884,-0.13013615,-0.19501048,-0.15507245,-0.18738703,-0.11705899,-0.17429145,-0.15506244,-0.06652963,-0.1548372,-0.10737923,-0.124497145,-0.15298569,-0.052188452,-0.26007295
k__Bacteria|p__Proteobacteria|c__Gammaproteobacteria|o__Enterobacterales|f__Enterobacteriaceae|g__Plesiomonas|s__Plesiomonas_shigelloides,-0.1004395,-0.12316422,-0.155245,-0.15859002,-0.15859029,-0.23867357,-0.1666669,-0.16813041,-0.10929718,-0.22895765,-0.23728925,-0.15524971,-0.22850217,-0.3768707,-0.08556121,-0.15485007,-0.058144663,-0.15472549,-0.15852904,-0.19931981,-0.1978925,-0.1302168,-0.15521511,-0.12711628,-0.20043859,-0.11658599,-0.182019,-0.25032333,-0.1509206,-0.15521985,-0.15142563,-0.10844302,-0.18249588,-0.28454733,-0.15523654,-0.13040191,-0.15524736,-0.22338755,-0.15525007,-0.29867563,-0.15525013,-0.29356226,-0.12972593,-0.15510462,-0.13691942,-0.15524468,-0.23188588,-0.24781659,-0.1296162,-0.1304077,-0.24679694,-0.18279888,-0.25087595,-0.26027086,-0.28621647,-0.27511892,-0.11894142,-0.1551649,-0.040142577,-0.056944285,-0.15453798,-0.11274739,-0.13743341,-0.13029426,-0.15522872,-0.1585857,-0.15859008,-0.1585907,-0.27573854,-0.15521032,-0.13029668,-0.16243835,-0.12334165,-0.14074792,-0.1552166,-0.15887658,-0.14481027,-0.1303869,-0.18691605,-0.14998752,-0.15523827,-0.15856928,-0.15858026,-0.15851411,-0.120334074,-0.13700745,-0.08858878,-0.15523247,-0.19008024,-0.1552434,-0.2004665,-0.11139822,-0.1388583,-0.13027036,-0.1074974,-0.15152657,-0.15514907,-0.15827052,-0.10065024,-0.08152827,-0.09427856,-0.15519749,-0.11960925,-0.15027548,-0.16982608,-0.1185138,-0.15521376,-0.1585841,-0.17738779,-0.15176103,-0.15524618,-0.25953975,-0.17989698,-0.13525523,-0.15524346,-0.15095688,-0.17780018,-0.2009549,-0.15522283,-0.09015879,-0.15495692,-0.12151222,-0.121854745,-0.13997786,-0.21433522,-0.13908121,-0.16057305,-0.15517381,-0.07092635,-0.15463027,-0.15782905,-0.18733518,-0.1549917,-0.13028413,-0.12334781,-0.14100276,-0.15520391,-0.114095174,-0.25318068,-0.26654312,-0.1295319,-0.10945694,-0.1551953,-0.09238048,-0.20963459,-0.1552437,-0.15850668,-0.1298019,-0.15517396,-0.16015086,-0.1553517,-0.15524793,-0.19704957,-0.20616047,-0.12926263,-0.10460003,-0.11361031,-0.10256614,-0.1552407,-0.19495486,-0.15521687,-0.12972434,-0.15509151,-0.041086134,-0.12967405,-0.15524668,-0.2300741,-0.1552258,-0.10384405,-0.15385605,-0.0784167,-0.15510857,-0.12766197,-0.15512802,-0.121451,-0.075820275,-0.09192432,-0.101488546,-0.15498781,-0.1584984,-0.12378413,-0.1550904,-0.1410757,-0.13984437,-0.18093297,-0.15524909,-0.25777104,-0.12844054,-0.15515947,-0.13462572,-0.119081676,-0.15522072,-0.15858616,-0.15858775,-0.15858883,-0.19755594,-0.25103784,-0.20219928,-0.19465852,-0.24831252,-0.20506537,-0.22091979,-0.15523441,-0.13000196,-0.11956477,-0.15522993,-0.1585826,-0.20931396,-0.18224281,-0.15522099,-0.32474133,-0.15524729,-0.15859139,-0.15859033,-0.15858997,-0.2185038,-0.15522037,-0.114121355,-0.15522346,-0.15857658,-0.1585828,-0.22984435,-0.15524124,-0.15856563,-0.08963354,-0.15514329,-0.1585443,-0.15856113,-0.1585626,-0.13302092,-0.1051107,-0.14014931,-0.15141064,-0.15839578,-0.15615125,-0.14613561,-0.15523776,-0.12319561,-0.13036014,-0.15520304,-0.15859121,-0.15859076,-0.15859076,-0.15859126,-0.38518023,-0.11451449,-0.15521036,-0.15564899,-0.14443555,-0.16636807,-0.15524277,-0.15851626,-0.12993515,-0.047159404,-0.14953339,-0.14016809,-0.14106366,-0.15510452,-0.19987361,-0.1649412,-0.17166539,-0.15522164,-0.15855104,-0.12722544,-0.14610182,-0.2588673,-0.1301654,-0.155126,-0.09132757,-0.12832497,-0.13684332,-0.16221203,-0.15659244,-0.12958167,-0.15500069,-0.15850103,-0.1585477,-0.15857981,-0.15740095,-0.19795567,-0.15106063,-0.07294749,-0.2039893,-0.15521097,-0.15854639,-0.104459345,-0.15483731,-0.17466888,-0.13176009,-0.15521815,-0.15109587,-0.10913184,-0.15506014,-0.05825615,-0.14326635,-0.17082691,-0.1551595,-0.18883844,-0.15524834,-0.31316653,-0.15523893,-0.16808087,-0.14331596,-0.155241,-0.1585879,-0.25088155,-0.1552487,-0.22115314,-0.07562123,-0.086852394,-0.10702289,-0.060967896,-0.14883351,-0.16796505,-0.15746465,-0.22133875,-0.12812386,-0.0969081,-0.16398169,-0.12716047,-0.11335766,-0.18846886,-0.13035306,-0.17755464,-0.0994983,-0.115196005,-0.15516067,-0.11662802,-0.19749595,-0.14526704,-0.12781724,-0.096878245,-0.15516096,-0.15840155,-0.12434345,-0.11230643,-0.063823454,-0.15509349,-0.11419349,-0.10007019,-0.24483351,-0.15524921,-0.15857983,-0.16344379,-0.1759062,-0.12524253,-0.15523514,-0.0782174,-0.19187105,-0.18185812,-0.09859173,-0.11065883,-0.15492302,-0.15828046,-0.083404,-0.1213824,-0.13072303,-0.13855581,-0.19385117,-0.15521342,-0.15858492,-0.19487974,-0.23847799,-0.2432746,-0.13003072,-0.1550521,-0.15855739,-0.14520228,-0.2961179,-0.1552485,-0.19813283,-0.13026014,-0.15518695,-0.060104962,-0.15931924,-0.15524678,-0.2028091,-0.2868003,-0.11816878,-0.14795661,-0.10060286,-0.15509713,-0.13614628,-0.20725825,-0.17393659,-0.125103,-0.15657571,-0.15690626,-0.15524545,-0.15858725,-0.16221246,-0.22200036,-0.1304222,-0.2814266,-0.1552496,-0.1915083,-0.24371436,-0.16952515,-0.15516444,-0.13369927,-0.12557748,-0.15524244,-0.18106565,-0.15524936,-0.18642783,-0.1551944,-0.30462334,-0.15514192,-0.14691104,-0.13029914,-0.1552369,-0.15857542,-0.18915205,-0.13034591,-0.15524173,-0.10481856,-0.1650517,-0.15523958,-0.1585892,-0.15856072,-0.12994145,-0.15514827,-0.15855645,-0.15854776,-0.15855885,-0.1585668,-0.16505513,-0.17392421,-0.15523523,-0.15858229,-0.15857252,-0.15858278,-0.2025511,-0.15354379,-0.14723541,-0.15427293,-0.11499533,-0.10471026,-0.11893196,-0.15523875,-0.15851352,-0.13030703,-0.19501048,-0.15524629,-0.18738703,-0.11705899,-0.17429145,-0.15523687,-0.06652963,-0.1550023,-0.10737923,-0.124497145,-0.15298569,-0.052188452,-0.26007295
k__Bacteria|p__Proteobacteria|c__Gammaproteobacteria|o__Chromatiales|f__Chromatiaceae|g__Rheinheimera|s__Rheinheimera_SGB14999,-0.1004395,-0.12316422,-0.15441021,-0.15769418,-0.15769444,-0.23867357,-0.1666669,-0.16813041,-0.10929718,-0.22895765,-0.23728925,-0.15441486,-0.22850217,-0.3768707,-0.08556121,-0.15402097,-0.058144663,-0.15389213,-0.15763398,-0.19931981,-0.1978925,-0.12983797,-0.15438056,-0.12711628,-0.20043859,-0.11658599,-0.182019,-0.25032333,-0.1509206,-0.15438548,-0.15142563,-0.10844302,-0.18249588,-0.28454733,-0.15440212,-0.13002035,-0.15441254,-0.22338755,-0.15441522,-0.29867563,-0.15441528,-0.29356226,-0.12935382,-0.15427238,-0.13691942,-0.15440986,-0.23188588,-0.24781659,-0.1296162,-0.1300262,-0.24679694,-0.18279888,-0.25087595,-0.26027086,-0.28621647,-0.27511892,-0.11894142,-0.15433094,-0.040142577,-0.056944285,-0.15371424,-0.11274739,-0.13743341,-0.12991506,-0.15439424,-0.15768987,-0.15769422,-0.15769485,-0.27573854,-0.1543771,-0.12991682,-0.16243835,-0.12334165,-0.14074792,-0.15438208,-0.15887658,-0.14481027,-0.1300053,-0.18691605,-0.14998752,-0.15440354,-0.15767366,-0.1576846,-0.15762119,-0.120334074,-0.13700745,-0.08858878,-0.15439777,-0.19008024,-0.1544086,-0.2004665,-0.11139822,-0.1388583,-0.13027036,-0.1074974,-0.15152657,-0.15431511,-0.15739721,-0.10065024,-0.08152827,-0.09427856,-0.15436307,-0.11960925,-0.15027548,-0.16982608,-0.1185138,-0.15437949,-0.15768832,-0.17738779,-0.15176103,-0.15441139,-0.25953975,-0.17989698,-0.13525523,-0.15440866,-0.15095688,-0.17780018,-0.2009549,-0.15438922,-0.09015879,-0.15412393,-0.12151222,-0.121854745,-0.13997786,-0.21433522,-0.13908121,-0.16057305,-0.15433949,-0.07092635,-0.15380281,-0.1569501,-0.18733518,-0.1541645,-0.12990436,-0.12334781,-0.14100276,-0.15436947,-0.114095174,-0.25318068,-0.26654312,-0.12917888,-0.10945694,-0.15436086,-0.09238048,-0.20963459,-0.15440887,-0.15761429,-0.12943713,-0.15434015,-0.16015086,-0.1553517,-0.1544131,-0.19704957,-0.20616047,-0.12890181,-0.10460003,-0.11361031,-0.10256614,-0.1544059,-0.19495486,-0.15438287,-0.12936577,-0.15425774,-0.041086134,-0.12967405,-0.15441191,-0.2300741,-0.1543916,-0.10384405,-0.15304364,-0.0784167,-0.1542755,-0.12766197,-0.15429434,-0.121451,-0.075820275,-0.09192432,-0.101488546,-0.15415566,-0.1576032,-0.12378413,-0.15426216,-0.1410757,-0.13984437,-0.18093297,-0.15441425,-0.25777104,-0.12844054,-0.1543277,-0.13462572,-0.119081676,-0.15438598,-0.15769035,-0.15769193,-0.157693,-0.19755594,-0.25103784,-0.20219928,-0.19465852,-0.24831252,-0.20506537,-0.22091979,-0.15439998,-0.12963188,-0.11956477,-0.1543952,-0.15768686,-0.20931396,-0.18224281,-0.15438706,-0.32474133,-0.15441245,-0.15769552,-0.15769449,-0.15769412,-0.2185038,-0.15438636,-0.114121355,-0.15438911,-0.15768112,-0.15768707,-0.22984435,-0.15440643,-0.15767065,-0.08963354,-0.15430982,-0.15764865,-0.15766573,-0.15766682,-0.13302092,-0.1051107,-0.14014931,-0.15141064,-0.15839578,-0.15615125,-0.14613561,-0.15440294,-0.12319561,-0.12997907,-0.15436909,-0.15769535,-0.1576949,-0.1576949,-0.15769538,0.4228987,-0.11451449,-0.15437597,-0.15564899,-0.14443555,-0.16636807,-0.15440804,-0.15762267,-0.12993515,-0.047159404,-0.1488166,-0.14016809,-0.14106366,-0.15427151,-0.19987361,-0.1649412,-0.17166539,-0.15438703,-0.15765522,-0.12722544,-0.14610182,-0.2588673,-0.12978828,-0.15429226,-0.09132757,-0.12832497,-0.13684332,-0.16221203,-0.15659244,-0.12923859,-0.15416946,-0.157606,-0.15765217,-0.15768406,-0.15740095,-0.19795567,-0.15106063,-0.07294749,-0.2039893,-0.15437675,-0.15765068,-0.104459345,-0.154057,-0.17466888,-0.13176009,-0.15438339,-0.15109587,-0.10913184,-0.1542283,-0.05825615,-0.14326635,-0.17082691,-0.15432586,-0.18883844,-0.15441352,-0.31316653,-0.15440439,-0.16808087,-0.14331596,-0.15440623,-0.15769212,-0.25088155,-0.15441388,-0.22115314,-0.07562123,-0.086852394,-0.10702289,-0.060967896,-0.14812413,-0.16796505,-0.15746465,-0.22133875,-0.12812386,-0.0969081,-0.16398169,-0.12716047,-0.11335766,-0.18846886,-0.1299723,-0.17755464,-0.0994983,-0.115196005,-0.15432686,-0.11662802,-0.19749595,-0.14526704,-0.12781724,-0.096878245,-0.15432651,-0.15750754,-0.12434345,-0.11230643,-0.063823454,-0.15426022,-0.11419349,-0.10007019,-0.24483351,-0.15441436,-0.15768436,-0.16344379,-0.1759062,-0.12524253,-0.15440041,-0.0782174,-0.19187105,-0.18185812,-0.09859173,-0.11065883,-0.15409094,-0.15738764,-0.083404,-0.1213824,-0.13072303,-0.13855581,-0.19385117,-0.1543792,-0.15768912,-0.19487974,-0.23847799,-0.2432746,-0.12965734,-0.15421939,-0.15766199,-0.14520228,-0.2961179,-0.15441366,-0.19813283,-0.12988093,-0.15435305,-0.060104962,-0.15931924,-0.15441199,-0.2028091,-0.2868003,-0.11816878,-0.14795661,-0.10060286,-0.15426452,-0.13614628,-0.20725825,-0.17393659,-0.125103,-0.15657571,-0.15690626,-0.15441066,-0.15769143,-0.16221246,-0.22200036,-0.13004059,-0.2814266,-0.15441474,-0.1915083,-0.24371436,-0.16952515,-0.15433308,-0.13369927,-0.12557748,-0.15440768,-0.18106565,-0.1544145,-0.18642783,-0.15436143,-0.30462334,-0.15430903,-0.14691104,-0.13029914,-0.1544022,-0.15767968,-0.18915205,-0.12996481,-0.15440695,-0.10481856,-0.1650517,-0.15440491,-0.15769336,-0.15766597,-0.12957458,-0.15431419,-0.15766121,-0.15765244,-0.15766352,-0.15767118,-0.16505513,-0.17392421,-0.15440062,-0.1576865,-0.1576769,-0.15768698,-0.2025511,-0.15354379,-0.14723541,-0.15345876,-0.11499533,-0.10471026,-0.11893196,-0.15440404,-0.1576201,-0.129926,-0.19501048,-0.15441151,-0.18738703,-0.11705899,-0.17429145,-0.15440243,-0.06652963,-0.15416937,-0.10737923,-0.124497145,-0.15298569,-0.052188452,-0.26007295
k__Bacteria|p__Proteobacteria|c__Gammaproteobacteria|o__Aeromonadales|f__Aeromonadaceae|g__Aeromonas|s__Aeromonas_caviae,-0.1004395,-0.12316422,-0.15398031,-0.15725777,-0.15725806,-0.23867357,-0.1666669,-0.16813041,-0.10929718,-0.22895765,-0.23728925,-0.1539856,-0.22850217,-0.3768707,-0.08556121,-0.15354931,-0.058144663,-0.15340163,-0.15718961,-0.19931981,-0.1978925,-0.1294407,-0.15394686,-0.12711628,-0.20043859,-0.11658599,-0.182019,-0.25032333,-0.1509206,-0.15395214,-0.15142563,-0.10844302,-0.18249588,-0.28454733,-0.15397102,-0.12963977,-0.15398298,-0.22338755,-0.15398602,-0.29867563,-0.1539861,-0.29356226,-0.12891388,-0.15382329,-0.13691942,-0.15397996,-0.23188588,-0.24781659,-0.1296162,-0.12964621,-0.24679694,-0.18279888,-0.25087595,-0.26027086,3.7357051,-0.27511892,-0.11894142,-0.15389097,-0.040142577,-0.056944285,-0.15318896,-0.11274739,-0.13743341,-0.12952447,-0.15396214,-0.15725294,-0.15725783,-0.15725854,-0.27573854,-0.15394245,-0.12952547,-0.16243835,-0.12334165,-0.14074792,-0.15394855,-0.15887658,-0.14481027,-0.12962364,-0.18691605,-0.14998752,-0.1539728,-0.15723455,-0.15724684,-0.15717441,-0.120334074,-0.13700745,-0.08858878,-0.15396631,-0.19008024,-0.15397854,-0.2004665,-0.11139822,-0.1388583,-0.13027036,-0.1074974,-0.15152657,-0.15387309,-0.1569258,-0.10065024,-0.08152827,-0.09427856,-0.15392722,-0.11960925,-0.15027548,-0.16982608,-0.1185138,-0.15394533,-0.15725115,-0.17738779,-0.15176103,-0.15398166,-0.25953975,-0.17989698,-0.13525523,-0.15397862,-0.15095688,-0.17780018,-0.2009549,-0.15395594,-0.09015879,-0.1536588,-0.12151222,-0.121854745,-0.13997786,-0.21433522,-0.13908121,-0.16057305,-0.15390076,-0.07092635,-0.15329762,-0.15640667,-0.18733518,-0.15369844,-0.12951568,-0.12334781,-0.14100276,-0.15393439,-0.114095174,-0.25318068,-0.26654312,-0.12873892,-0.10945694,-0.15392475,-0.09238048,-0.20963459,-0.15397885,-0.15716441,-0.12901637,-0.15390114,-0.16015086,-0.1553517,-0.15398361,-0.19704957,-0.20616047,-0.12843345,-0.10460003,-0.11361031,-0.10256614,-0.15397552,-0.19495486,-0.15394905,-0.12893303,-0.15380928,-0.041086134,-0.12967405,-0.15398222,-0.2300741,-0.15395871,-0.10384405,-0.15245268,-0.0784167,-0.1538283,-0.12766197,-0.1538497,-0.121451,-0.075820275,-0.09192432,-0.101488546,-0.153694,-0.15715545,-0.12378413,-0.15381485,-0.1410757,-0.13984437,-0.18093297,-0.15398492,-0.25777104,-0.12844054,-0.15388581,-0.13462572,-0.119081676,-0.15395318,-0.15725344,-0.15725522,-0.15725642,-0.19755594,-0.25103784,-0.20219928,-0.19465852,-0.24831252,-0.20506537,-0.22091979,-0.15396848,-0.12922469,-0.11956477,-0.15396345,-0.15724945,-0.20931396,-0.18224281,-0.15395369,-0.32474133,-0.15398288,-0.15725929,-0.15725812,-0.1572577,-0.2185038,-0.15395297,-0.114121355,-0.15395623,-0.15724275,-0.1572497,-0.22984435,-0.15397611,-0.15723051,-0.08963354,-0.15386678,-0.15720661,-0.1572254,-0.15722705,-0.13302092,-0.1051107,-0.14014931,-0.15141064,-0.15839578,-0.15615125,-0.14613561,-0.15397224,-0.12319561,-0.12959361,-0.15393336,-0.15725909,-0.1572586,-0.1572586,-0.15725914,-0.38518023,-0.11451449,-0.15394154,-0.15564899,-0.14443555,-0.16636807,-0.15397784,-0.15717502,-0.12993515,-0.047159404,-0.14759059,-0.14016809,-0.14106366,-0.15382305,-0.19987361,-0.1649412,-0.17166539,-0.15395418,-0.1572141,-0.12722544,-0.14610182,-0.2588673,-0.12939331,-0.15384778,-0.09132757,-0.12832497,-0.13684332,-0.16221203,-0.15659244,-0.1288031,-0.15370834,-0.1571583,-0.15721044,-0.15724634,-0.15740095,-0.19795567,-0.15106063,-0.07294749,-0.2039893,-0.15394229,-0.15720901,-0.104459345,-0.15358084,-0.17466888,-0.13176009,-0.15395027,-0.15109587,-0.10913184,-0.15377563,-0.05825615,-0.14326635,-0.17082691,-0.15388462,-0.18883844,-0.15398407,-0.31316653,-0.15397352,-0.16808087,-0.14331596,-0.15397584,-0.15725541,-0.25088155,-0.15398447,-0.22115314,-0.07562123,-0.086852394,-0.10702289,-0.060967896,-0.1468046,-0.16796505,-0.15746465,-0.22133875,-0.12812386,-0.0969081,-0.16398169,-0.12716047,-0.11335766,-0.18846886,-0.12958673,-0.17755464,-0.0994983,-0.115196005,-0.15388602,-0.11662802,-0.19749595,-0.14526704,-0.12781724,-0.096878245,-0.15388644,-0.15704748,-0.12434345,-0.11230643,-0.063823454,-0.15381168,-0.11419349,-0.10007019,-0.24483351,-0.15398502,-0.15724629,-0.16344379,-0.1759062,-0.12524253,-0.15396932,-0.0782174,-0.19187105,-0.18185812,-0.09859173,-0.11065883,-0.15362105,-0.15691233,-0.083404,-0.1213824,-0.13072303,-0.13855581,-0.19385117,-0.15394498,-0.15725204,-0.19487974,-0.23847799,-0.2432746,-0.12923558,-0.15376508,-0.15722126,-0.14520228,-0.2961179,-0.15398425,-0.19813283,-0.12948897,-0.15391555,-0.060104962,-0.15931924,-0.15398231,-0.2028091,-0.2868003,-0.11816878,-0.14795661,-0.10060286,-0.15381506,-0.13614628,-0.20725825,-0.17393659,-0.125103,-0.15657571,-0.15690626,-0.15398082,-0.15725467,-0.16221246,-0.22200036,-0.12966229,-0.2814266,-0.15398549,-0.1915083,-0.24371436,-0.16952515,-0.1538912,-0.13369927,-0.12557748,-0.15397745,-0.18106565,-0.1539852,-0.18642783,-0.1539239,-0.30462334,-0.15386498,-0.14691104,-0.13029914,-0.15397125,-0.1572414,-0.18915205,-0.12957855,-0.15397666,-0.10481856,-0.1650517,-0.15397426,-0.15725684,-0.15722498,-0.12915275,-0.15387228,-0.15722023,-0.15721047,-0.15722287,-0.15723182,-0.16505513,-0.17392421,-0.15396939,-0.1572491,-0.15723819,-0.15724966,-0.2025511,-0.15354379,-0.14723541,-0.15289226,-0.11499533,-0.10471026,-0.11893196,-0.15397336,-0.15717243,-0.12953672,-0.19501048,-0.15398178,-0.18738703,-0.11705899,-0.17429145,-0.1539712,-0.06652963,-0.15371078,-0.10737923,-0.124497145,-0.15298569,-0.052188452,-0.26007295
k__Bacteria|p__Proteobacteria|c__Gammaproteobacteria|o__Moraxellales|f__Moraxellaceae|g__Acinetobacter|s__Acinetobacter_ursingii,-0.1004395,-0.12316422,-0.15363947,-0.15691309,-0.15691338,-0.23867357,-0.1666669,-0.16813041,-0.10929718,-0.22895765,-0.23728925,-0.15364471,-0.22850217,-0.3768707,-0.08556121,-0.15320832,-0.058144663,-0.15306582,-0.1568454,-0.19931981,-0.1978925,-0.12912285,-0.15360627,-0.12711628,-0.20043859,-0.11658599,-0.182019,-0.25032333,-0.1509206,-0.15361148,-0.15142563,-0.10844302,-0.18249588,-0.28454733,-0.1536301,-0.12932706,-0.15364209,-0.22338755,-0.1536451,-0.29867563,-0.15364519,-0.29356226,-0.12857509,-0.15348315,-0.13691942,-0.15363914,-0.23188588,-0.24781659,-0.1296162,-0.12933348,-0.24679694,-0.18279888,-0.25087595,-0.26027086,-0.28621647,-0.27511892,-0.11894142,-0.15355065,-0.040142577,-0.056944285,-0.15285331,-0.11274739,-0.13743341,-0.12920766,-0.15362135,-0.15690829,-0.15691313,-0.15691385,-0.27573854,-0.15360129,-0.12921032,-0.16243835,-0.12334165,-0.14074792,-0.15360795,-0.15887658,-0.14481027,-0.12931052,-0.18691605,-0.14998752,-0.15363201,-0.15689003,-0.15690221,-0.15682954,-0.120334074,-0.13700745,-0.08858878,-0.15362556,-0.19008024,-0.1536377,-0.2004665,-0.11139822,-0.1388583,-0.13027036,-0.1074974,-0.15152657,-0.15353301,-0.15657316,-0.10065024,-0.08152827,-0.09427856,-0.1535868,-0.11960925,-0.15027548,-0.16982608,-0.1185138,-0.15360475,-0.15690652,-0.17738779,-0.15176103,-0.15364079,-0.25953975,-0.17989698,-0.13525523,-0.15363777,-0.15095688,-0.17780018,-0.2009549,-0.15361485,-0.09015879,-0.1533204,-0.12151222,-0.121854745,-0.13997786,-0.21433522,-0.13908121,-0.16057305,-0.1535605,-0.07092635,-0.15296072,-0.15606591,-0.18733518,-0.15335824,-0.12919363,-0.12334781,-0.14100276,-0.15359391,-0.114095174,-0.25318068,-0.26654312,-0.12837833,-0.10945694,-0.15358433,-0.09238048,-0.20963459,-0.153638,-0.15682004,-0.12866867,-0.15356076,-0.16015086,0.7816102,-0.15364271,-0.19704957,-0.20616047,-0.12805745,-0.10460003,-0.11361031,-0.10256614,-0.15363471,-0.19495486,-0.15360826,-0.12857008,-0.15346983,-0.041086134,-0.12967405,-0.15364134,-0.2300741,-0.15361798,-0.10384405,-0.15211898,-0.0784167,-0.15348841,-0.12766197,-0.15350974,-0.121451,-0.075820275,-0.09192432,-0.101488546,-0.15335447,-0.15681155,-0.12378413,-0.15347297,1.7997279,-0.13984437,-0.18093297,-0.15364403,-0.25777104,-0.12844054,-0.15354496,-0.13462572,-0.119081676,-0.15361255,-0.15690878,-0.15691057,-0.15691176,-0.19755594,-0.25103784,-0.20219928,-0.19465852,-0.24831252,-0.20506537,-0.22091979,-0.15362771,-0.12888432,-0.11956477,-0.15362275,-0.15690485,-0.20931396,-0.18224281,-0.1536128,-0.32474133,-0.153642,-0.15691459,-0.15691343,-0.15691303,-0.2185038,-0.15361217,-0.114121355,-0.1536155,-0.15689811,-0.15690508,-0.22984435,-0.1536353,-0.1568857,-0.08963354,-0.15352657,-0.15686238,-0.15688092,-0.15688266,-0.13302092,-0.1051107,-0.14014931,-0.15141064,-0.15839578,-0.15615125,-0.14613561,-0.15363148,-0.12319561,-0.12928027,-0.15359275,-0.15691441,-0.1569139,-0.1569139,-0.15691444,-0.38518023,-0.11451449,-0.15360099,-0.15564899,-0.14443555,-0.16636807,-0.15363699,-0.1568307,-0.12993515,-0.047159404,-0.14728546,-0.14016809,-0.14106366,-0.15348333,-0.19987361,-0.1649412,-0.17166539,-0.15361354,-0.15686984,-0.12722544,-0.14610182,-0.2588673,-0.129069,-0.15350762,-0.09132757,-0.12832497,-0.13684332,-0.16221203,-0.15659244,-0.1284349,-0.15336868,-0.1568143,-0.15686616,-0.15690175,-0.15740095,-0.19795567,-0.15106063,-0.07294749,-0.2039893,-0.15360163,-0.15686473,-0.104459345,-0.15321603,-0.17466888,-0.13176009,-0.15360972,-0.15109587,-0.10913184,-0.15343511,-0.05825615,-0.14326635,-0.17082691,-0.1535444,-0.18883844,-0.15364318,-0.31316653,-0.15363267,-0.16808087,-0.14331596,-0.15363504,-0.15691072,-0.25088155,-0.15364358,-0.22115314,-0.07562123,-0.086852394,-0.10702289,-0.060967896,-0.14650366,-0.16796505,-0.15746465,-0.22133875,-0.12812386,-0.0969081,-0.16398169,-0.12716047,-0.11335766,-0.18846886,-0.12927283,-0.17755464,-0.0994983,-0.115196005,-0.1535458,-0.11662802,-0.19749595,-0.14526704,-0.12781724,-0.096878245,-0.15354633,-0.15670408,-0.12434345,-0.11230643,-0.063823454,-0.15347171,-0.11419349,-0.10007019,-0.24483351,-0.15364414,-0.1569017,-0.16344379,-0.1759062,-0.12524253,-0.15362856,-0.0782174,-0.19187105,-0.18185812,-0.09859173,-0.11065883,-0.15328284,-0.15657002,-0.083404,-0.1213824,-0.13072303,-0.13855581,-0.19385117,-0.15360431,-0.15690744,-0.19487974,-0.23847799,-0.2432746,-0.12891269,-0.15342551,-0.1568768,-0.14520228,-0.2961179,-0.15364337,-0.19813283,-0.12917054,-0.153575,-0.060104962,-0.15931924,-0.15364145,-0.2028091,-0.2868003,-0.11816878,-0.14795661,-0.10060286,-0.1534751,-0.13614628,-0.20725825,-0.17393659,-0.125103,-0.15657571,-0.15690626,-0.15363996,-0.15691002,-0.16221246,-0.22200036,-0.1293496,-0.2814266,-0.15364459,-0.1915083,-0.24371436,-0.16952515,-0.1535502,-0.13369927,-0.12557748,-0.15363662,-0.18106565,-0.15364432,-0.18642783,-0.1535831,-0.30462334,-0.15352477,-0.14691104,-0.13029914,-0.15363048,-0.15689686,-0.18915205,-0.1292652,-0.15363584,-0.10481856,-0.1650517,-0.15363342,-0.15691216,-0.15688044,-0.12881958,-0.15353218,-0.15687576,-0.15686607,-0.15687838,-0.15688731,-0.16505513,-0.17392421,-0.15362862,-0.15690449,-0.15689364,-0.15690506,-0.2025511,-0.15354379,-0.14723541,-0.15255688,-0.11499533,-0.10471026,-0.11893196,-0.15363255,-0.15682812,-0.1292229,-0.19501048,-0.1536409,-0.18738703,-0.11705899,-0.17429145,-0.15363047,-0.06652963,-0.15337145,-0.10737923,-0.124497145,-0.15298569,-0.052188452,-0.26007295
k__Bacteria|p__Proteobacteria|c__Gammaproteobacteria|o__Enterobacterales|f__Erwiniaceae|g__Mixta|s__Mixta_calida,-0.1004395,-0.12316422,-0.15521106,-0.1584832,-0.15848394,-0.23867357,-0.1666669,-0.16813041,-0.10929718,-0.22895765,-0.23728925,-0.15522152,-0.22850217,-0.3768707,-0.08556121,-0.15432486,-0.058144663,-0.1539714,-0.15834647,-0.19931981,-0.1978925,-0.13046372,-0.15514155,-0.12711628,-0.20043859,-0.11658599,-0.182019,-0.25032333,-0.1509206,-0.15515548,-0.15142563,-0.10844302,-0.18249588,-0.28454733,-0.15519334,-0.13090524,-0.15521607,-0.22338755,-0.15522236,-0.29867563,-0.1552225,-0.29356226,-0.12929064,-0.15490612,-0.13691942,-0.15520969,-0.23188588,-0.24781659,-0.1296162,-0.13092113,-0.24679694,-0.18279888,-0.25087595,-0.26027086,-0.28621647,-0.27511892,-0.11894142,-0.15502682,-0.040142577,-0.056944285,-0.15365088,-0.11274739,-0.13743341,-0.13065729,-0.1551759,-0.15847316,-0.15848354,-0.15848485,-0.27573854,-0.1551398,-0.1306628,-0.16243835,-0.12334165,-0.14074792,-0.15514523,-0.15887658,-0.14481027,-0.1308682,-0.18691605,-0.14998752,-0.15519527,-0.15843602,-0.15846226,-0.15833141,-0.120334074,-0.13700745,-0.08858878,-0.15518168,-0.19008024,-0.1552069,-0.2004665,-0.11139822,-0.1388583,-0.13027036,-0.1074974,-0.15152657,-0.15498814,-0.15786579,-0.10065024,-0.08152827,-0.09427856,-0.1550998,-0.11960925,-0.15027548,-0.16982608,-0.1185138,-0.15514225,-0.15846969,-0.17738779,-0.15176103,-0.15521365,-0.25953975,-0.17989698,-0.13525523,-0.15520695,-0.15095688,-0.17780018,-0.2009549,-0.1551693,-0.09015879,-0.15453339,-0.12151222,-0.121854745,-0.13997786,-0.21433522,-0.13908121,-0.16057305,-0.15504402,-0.07092635,-0.15381926,-0.15687904,-0.18733518,-0.15470217,-0.13063085,-0.12334781,-0.14100276,-0.1551159,-0.114095174,-0.25318068,-0.26654312,-0.12891455,-0.10945694,-0.15509452,-0.09238048,-0.20963459,-0.15520748,-0.15831941,-0.12952614,-0.15505275,-0.16015086,-0.1553517,-0.15521747,-0.19704957,-0.20616047,-0.12827125,-0.10460003,-0.11361031,-0.10256614,-0.15520015,-0.19495486,-0.15514895,-0.12935989,-0.15485251,-0.041086134,-0.12967405,-0.1552152,-0.2300741,-0.1551692,-0.10384405,-0.15209593,-0.0784167,-0.15490314,-0.12766197,-0.15494114,-0.121451,-0.075820275,-0.09192432,-0.101488546,-0.15461776,-0.15826878,-0.12378413,-0.15490991,-0.1410757,-0.13984437,-0.18093297,-0.15522009,-0.25777104,-0.12844054,-0.15502824,-0.13462572,-0.119081676,-0.1551525,-0.15847446,-0.1584781,-0.1584806,-0.19755594,-0.25103784,-0.20219928,-0.19465852,-0.24831252,-0.20506537,-0.22091979,-0.1551891,-0.12999362,-0.11956477,-0.155175,-0.15846659,-0.20931396,-0.18224281,-0.15516126,2.4831865,-0.15521576,-0.15848637,-0.15848394,-0.15848306,-0.2185038,-0.1551606,-0.114121355,-0.15516482,-0.15845601,-0.15846708,-0.22984435,-0.15520135,-0.15843454,-0.08963354,-0.15498212,-0.15837437,-0.15841952,-0.15841751,-0.13302092,-0.1051107,-0.14014931,-0.15141064,-0.15839578,-0.15615125,-0.14613561,-0.1551927,-0.12319561,-0.13080917,-0.155121,-0.15848601,-0.15848503,-0.15848498,-0.15848608,-0.38518023,-0.11451449,-0.15513231,-0.15564899,-0.14443555,-0.16636807,-0.1552064,-0.1583328,-0.12993515,-0.047159404,-0.14307904,-0.14016809,-0.14106366,-0.15489465,-0.19987361,-0.1649412,-0.17166539,-0.15515633,-0.15838856,-0.12722544,-0.14610182,-0.2588673,-0.13034931,-0.15493436,-0.09132757,-0.12832497,-0.13684332,-0.16221203,-0.15659244,-0.12906922,-0.1546673,-0.15827787,-0.15838453,-0.15845959,-0.15740095,-0.19795567,-0.15106063,-0.07294749,-0.2039893,-0.15513606,-0.15837836,-0.104459345,-0.15448812,-0.17466888,-0.13176009,-0.15514556,-0.15109587,-0.10913184,-0.15479472,-0.05825615,-0.14326635,-0.17082691,-0.15501916,-0.18883844,-0.15521859,-0.31316653,-0.1551999,-0.16808087,-0.14331596,-0.15520145,-0.15847898,-0.25088155,-0.15521942,-0.22115314,-0.07562123,-0.086852394,-0.10702289,-0.060967896,-0.14143994,-0.16796505,-0.15746465,-0.22133875,-0.12812386,-0.0969081,-0.16398169,-0.12716047,-0.11335766,-0.18846886,-0.13079014,-0.17755464,-0.0994983,-0.115196005,-0.15501967,-0.11662802,-0.19749595,-0.14526704,-0.12781724,-0.096878245,-0.15501043,-0.15804774,-0.12434345,-0.11230643,-0.063823454,-0.15486328,-0.11419349,-0.10007019,-0.24483351,-0.15522033,-0.1584626,-0.16344379,-0.1759062,-0.12524253,-0.15518743,-0.0782174,-0.19187105,-0.18185812,-0.09859173,-0.11065883,-0.15446165,-0.15777065,-0.083404,-0.1213824,-0.13072303,5.318693,-0.19385117,-0.1551422,-0.15847151,-0.19487974,-0.23847799,-0.2432746,-0.13003935,-0.15476847,-0.15841049,-0.14520228,-0.2961179,-0.1552187,-0.19813283,-0.13057156,-0.15508193,-0.060104962,-0.15931924,-0.15521517,-0.2028091,-0.2868003,-0.11816878,-0.14795661,-0.10060286,-0.15488195,-0.13614628,-0.20725825,-0.17393659,-0.125103,-0.15657571,-0.15690626,-0.15521203,-0.15847683,-0.16221246,-0.22200036,-0.13095531,-0.2814266,-0.15522131,-0.1915083,-0.24371436,-0.16952515,-0.15504786,-0.13369927,-0.12557748,-0.15520537,-0.18106565,-0.15522072,-0.18642783,-0.15510938,-0.30462334,-0.15498742,-0.14691104,-0.13029914,-0.15519242,-0.15844916,-0.18915205,-0.13076895,-0.15520298,-0.10481856,-0.1650517,-0.15519956,-0.1584815,-0.15842378,-0.12983775,-0.1549851,-0.15841027,-0.15838823,-0.158415,-0.15842983,-0.16505513,-0.17392421,-0.15518954,-0.15846524,-0.15844385,-0.15846637,-0.2025511,-0.15354379,-0.14723541,-0.15314673,-0.11499533,-0.10471026,-0.11893196,-0.15519667,-0.15832597,-0.13067335,-0.19501048,-0.15521425,-0.18738703,-0.11705899,-0.17429145,-0.1551941,-0.06652963,-0.15464717,-0.10737923,-0.124497145,-0.15298569,-0.052188452,-0.26007295
k__Bacteria|p__Proteobacteria|c__Gammaproteobacteria|o__Enterobacterales|f__Enterobacteriaceae|g__Kluyvera|s__Kluyvera_sichuanensis,-0.1004395,-0.12316422,-0.15395314,-0.15727171,-0.15727204,-0.23867357,-0.1666669,-0.16813041,-0.10929718,-0.22895765,-0.23728925,-0.15395877,-0.22850217,-0.3768707,-0.08556121,-0.1534796,-0.058144663,-0.153321,-0.15719882,-0.19931981,-0.1978925,-0.12908538,-0.15391704,-0.12711628,-0.20043859,-0.11658599,-0.182019,-0.25032333,-0.1509206,-0.15392324,-0.15142563,-0.10844302,-0.18249588,-0.28454733,-0.1539434,-0.12930627,-0.15395594,-0.22338755,-0.15395918,-0.29867563,-0.15395927,-0.29356226,-0.1284993,-0.15378676,-0.13691942,-0.15395269,-0.23188588,-0.24781659,-0.1296162,-0.12931347,-0.24679694,-0.18279888,-0.25087595,-0.26027086,-0.28621647,-0.27511892,-0.11894142,-0.15385687,-0.040142577,-0.056944285,-0.15311208,-0.11274739,-0.13743341,-0.12917867,-0.15393388,-0.1572665,-0.1572718,-0.15727255,-0.27573854,-0.15391338,-0.1291814,-0.16243835,-0.12334165,-0.14074792,-0.15391892,-0.15887658,-0.14481027,-0.129288,-0.18691605,-0.14998752,-0.15394501,-0.15724684,-0.15726018,-0.15718451,-0.120334074,-0.13700745,-0.08858878,-0.153938,-0.19008024,-0.15395115,-0.2004665,-0.11139822,-0.1388583,-0.13027036,-0.1074974,-0.15152657,-0.15383749,-0.15691361,-0.10065024,-0.08152827,-0.09427856,-0.15389574,-0.11960925,-0.15027548,-0.16982608,-0.1185138,-0.153916,-0.15726462,-0.17738779,-0.15176103,-0.15395457,-0.25953975,-0.17989698,-0.13525523,-0.15395123,-0.15095688,-0.17780018,-0.2009549,-0.15392818,-0.09015879,-0.15360457,-0.12151222,-0.121854745,-0.13997786,-0.21433522,-0.13908121,-0.16057305,-0.15386704,-0.07092635,-0.15321663,-0.15637729,-0.18733518,-0.15365945,-0.12916547,-0.12334781,-0.14100276,-0.15390363,-0.114095174,-0.25318068,-0.26654312,-0.1282953,-0.10945694,-0.15389305,-0.09238048,-0.20963459,-0.1539515,-0.1571761,-0.12860584,-0.15386824,-0.16015086,-0.1553517,-0.15395662,-0.19704957,-0.20616047,-0.12796663,-0.10460003,-0.11361031,-0.10256614,-0.15394785,-0.19495486,-0.15392005,-0.12851338,-0.1537675,-0.041086134,-0.12967405,-0.15395522,-0.2300741,-0.15393063,-0.10384405,-0.15229568,-0.0784167,-0.15378976,-0.12766197,-0.15381226,-0.121451,-0.075820275,-0.09192432,-0.101488546,-0.15364383,-0.15716097,-0.12378413,-0.15377694,-0.1410757,-0.13984437,-0.18093297,-0.15395802,-0.25777104,-0.12844054,-0.15385392,-0.13462572,-0.119081676,-0.15392354,-0.15726706,-0.157269,-0.15727031,-0.19755594,-0.25103784,-0.20219928,-0.19465852,-0.24831252,-0.20506537,-0.22091979,-0.15394086,-0.12883665,-0.11956477,-0.15393484,-0.15726286,-0.20931396,-0.18224281,-0.15392531,4.7048845,-0.15395582,-0.15727335,-0.1572721,-0.15727165,-0.2185038,-0.1539247,-0.114121355,-0.15392771,-0.1572561,-0.1572631,-0.22984435,-0.15394849,-0.15724358,-0.08963354,-0.15383148,-0.15721622,-0.15723735,-0.1572383,-0.13302092,-0.1051107,-0.14014931,-0.15141064,-0.15839578,-0.15615125,-0.14613561,-0.1539442,-0.12319561,-0.12925613,-0.1539036,-0.15727314,-0.1572726,-0.1572726,-0.1572732,-0.38518023,-0.11451449,-0.15391162,-0.15564899,-0.14443555,-0.16636807,-0.15395054,-0.15718618,-0.12993515,-0.047159404,-0.14721908,-0.14016809,-0.14106366,-0.15378512,-0.19987361,-0.1649412,-0.17166539,-0.15392491,-0.15722409,-0.12722544,-0.14610182,-0.2588673,-0.12902643,-0.1538096,-0.09132757,-0.12832497,-0.13684332,-0.16221203,-0.15659244,-0.1283761,-0.15366195,-0.1571646,-0.15722063,-0.1572594,-0.15740095,-0.19795567,-0.15106063,-0.07294749,-0.2039893,-0.15391272,-0.1572186,-0.104459345,-0.15353733,-0.17466888,-0.13176009,-0.15392032,-0.15109587,-0.10913184,-0.15373221,-0.05825615,-0.14326635,-0.17082691,-0.15385102,-0.18883844,-0.15395714,-0.31316653,-0.15394625,-0.16808087,-0.14331596,-0.15394828,-0.15726927,-0.25088155,-0.15395758,-0.22115314,-0.07562123,-0.086852394,-0.10702289,-0.060967896,-0.14638048,-0.16796505,-0.15746465,-0.22133875,-0.12812386,-0.0969081,-0.16398169,-0.12716047,-0.11335766,-0.18846886,-0.12924781,-0.17755464,-0.0994983,-0.115196005,-0.15385205,-0.11662802,-0.19749595,-0.14526704,-0.12781724,-0.096878245,-0.15385102,-0.15704483,-0.12434345,-0.11230643,-0.063823454,-0.15377088,-0.11419349,-0.10007019,-0.24483351,-0.15395816,-0.15725997,-0.16344379,-0.1759062,-0.12524253,-0.15394115,-0.0782174,-0.19187105,-0.18185812,-0.09859173,-0.11065883,-0.15356475,-0.15689924,-0.083404,-0.1213824,-0.13072303,-0.13855581,-0.19385117,-0.15391573,-0.15726559,-0.19487974,-0.23847799,-0.2432746,-0.12886676,-0.15372135,-0.15723279,-0.14520228,-0.2961179,-0.1539573,-0.19813283,-0.1291376,-0.15388398,-0.060104962,-0.15931924,-0.15395528,-0.2028091,-0.2868003,-0.11816878,-0.14795661,-0.10060286,-0.15377685,-0.13614628,-0.20725825,-0.17393659,-0.125103,-0.15657571,-0.15690626,-0.15395367,-0.15726839,-0.16221246,-0.22200036,-0.12933096,-0.2814266,-0.15395862,-0.1915083,-0.24371436,-0.16952515,-0.1538605,-0.13369927,-0.12557748,-0.15395008,-0.18106565,-0.15395835,-0.18642783,-0.15389475,-0.30462334,-0.15383112,-0.14691104,-0.13029914,-0.15394339,-0.15725407,-0.18915205,-0.1292387,-0.15394914,-0.10481856,-0.1650517,-0.15394676,-0.15727076,-0.15723792,-0.12876669,-0.15383627,-0.15723193,-0.15722118,-0.1572347,-0.15724376,-0.16505513,-0.17392421,-0.15394153,-0.15726238,-0.15725079,-0.15726298,-0.2025511,-0.15354379,-0.14723541,-0.15280856,-0.11499533,-0.10471026,-0.11893196,-0.15394564,-0.15718295,-0.1291913,-0.19501048,-0.15395471,-0.18738703,-0.11705899,-0.17429145,-0.15394387,-0.06652963,-0.15365988,-0.10737923,-0.124497145,-0.15298569,-0.052188452,-0.26007295
k__Bacteria|p__Proteobacteria|c__Gammaproteobacteria|o__Pasteurellales|f__Pasteurellaceae|g__Aggregatibacter|s__Aggregatibacter_segnis,-0.1004395,-0.12316422,-0.15371491,-0.15698576,-0.15698609,-0.23867357,-0.1666669,-0.16813041,-0.10929718,-0.22895765,-0.23728925,-0.15372041,-0.22850217,-0.3768707,-0.08556121,-0.15325972,-0.058144663,-0.1531035,-0.15691452,-0.19931981,-0.1978925,-0.1292136,-0.1536798,-0.12711628,-0.20043859,-0.11658599,-0.182019,-0.25032333,-0.1509206,-0.15368557,-0.15142563,-0.10844302,1.6717025,-0.28454733,-0.15370542,-0.12942325,-0.15371764,-0.22338755,-0.15372083,-0.29867563,-0.15372092,-0.29356226,-0.12866321,-0.15355158,-0.13691942,-0.15371448,-0.23188588,-0.24781659,-0.1296162,-0.1294299,-0.24679694,-0.18279888,-0.25087595,-0.26027086,-0.28621647,-0.27511892,-0.11894142,-0.1536212,-0.040142577,-0.056944285,-0.15288925,-0.11274739,-0.13743341,-0.12930155,-0.15369597,-0.15698066,-0.15698582,-0.15698656,-0.27573854,-0.15367623,-0.12930378,-0.16243835,-0.12334165,-0.14074792,-0.15368155,-0.15887658,-0.14481027,-0.1294058,-0.18691605,-0.14998752,-0.15370701,-0.15696144,-0.1569744,-0.15690097,-0.120334074,-0.13700745,-0.08858878,-0.15370017,-0.19008024,-0.15371299,-0.2004665,-0.11139822,-0.1388583,1.3215232,-0.1074974,-0.15152657,-0.15360227,-0.15664986,-0.10065024,-0.08152827,-0.09427856,-0.1536591,-0.11960925,-0.15027548,-0.16982608,-0.1185138,-0.15367848,-0.15697883,-0.17738779,-0.15176103,-0.1537163,-0.25953975,-0.17989698,-0.13525523,-0.15371306,-0.15095688,-0.17780018,-0.2009549,-0.15369031,-0.09015879,-0.15337646,-0.12151222,-0.121854745,-0.13997786,-0.21433522,-0.13908121,-0.16057305,-0.15363126,-0.07092635,-0.15299895,-0.15610287,-0.18733518,-0.15342472,-0.12929156,-0.12334781,-0.14100276,-0.15366665,-0.114095174,-0.25318068,-0.26654312,-0.12847511,-0.10945694,-0.15365648,-0.09238048,-0.20963459,-0.15371332,-0.15689144,-0.1287699,-0.15363213,-0.16015086,-0.1553517,-0.15371832,-0.19704957,-0.20616047,-0.12815052,-0.10460003,-0.11361031,-0.10256614,-0.1537098,-0.19495486,-0.15368287,-0.12868518,-0.15353486,-0.041086134,-0.12967405,-0.15371689,-0.2300741,-0.15369296,-0.10384405,-0.15211093,-0.0784167,-0.15355581,-0.12766197,-0.15357783,-0.121451,-0.075820275,-0.09192432,-0.101488546,-0.15341422,-0.15687816,-0.12378413,-0.1535466,-0.1410757,-0.13984437,-0.18093297,-0.1537197,-0.25777104,-0.12844054,-0.15361866,-0.13462572,-0.119081676,-0.15368623,-0.15698123,-0.15698309,-0.15698436,-0.19755594,-0.25103784,-0.20219928,-0.19465852,-0.24831252,-0.20506537,-0.22091979,-0.15370283,-0.12898758,-0.11956477,-0.15369713,-0.15697709,-0.20931396,-0.18224281,-0.15368786,-0.32474133,-0.15371755,-0.15698735,-0.15698612,-0.1569857,-0.2185038,-0.1536871,-0.114121355,-0.15368988,-0.15697026,-0.15697734,-0.22984435,-0.15371042,-0.15695836,-0.08963354,-0.15359613,-0.15693188,-0.15695202,-0.15695336,-0.13302092,-0.1051107,-0.14014931,-0.15141064,-0.15839578,-0.15615125,-0.14613561,-0.1537063,-0.12319561,-0.12937483,-0.15366608,-0.15698716,-0.15698662,-0.15698662,-0.15698719,-0.38518023,-0.11451449,-0.1536743,-0.15564899,-0.14443555,-0.16636807,-0.15371232,-0.15690112,-0.12993515,-0.047159404,-0.14707671,-0.14016809,-0.14106366,-0.1535504,-0.19987361,-0.1649412,-0.17166539,-0.15368742,-0.15693964,-0.12722544,-0.14610182,-0.2588673,-0.1291613,-0.15357555,-0.09132757,-0.12832497,-0.13684332,-0.16221203,-0.15659244,-0.12855214,-0.1534307,-0.1568814,-0.15693606,-0.15697376,-0.15740095,-0.19795567,-0.15106063,-0.07294749,-0.2039893,-0.15367524,-0.15693432,-0.104459345,-0.1533258,-0.17466888,-0.13176009,-0.15368313,-0.15109587,-0.10913184,-0.15350041,-0.05825615,-0.14326635,-0.17082691,-0.15361488,-0.18883844,-0.1537188,-0.31316653,-0.153708,-0.16808087,2.9376225,-0.15371019,-0.15698332,-0.25088155,-0.15371923,-0.22115314,-0.07562123,-0.086852394,-0.10702289,-0.060967896,-0.14625385,-0.16796505,-0.15746465,-0.22133875,-0.12812386,-0.0969081,-0.16398169,-0.12716047,-0.11335766,-0.18846886,-0.12936774,-0.17755464,-0.0994983,-0.115196005,-0.15361616,-0.11662802,-0.19749595,-0.14526704,-0.12781724,-0.096878245,-0.1536159,-0.15676503,-0.12434345,-0.11230643,-0.063823454,-0.15353785,-0.11419349,-0.10007019,-0.24483351,-0.15371981,-0.1569742,-0.16344379,-0.1759062,-0.12524253,-0.15370327,-0.0782174,-0.19187105,-0.18185812,-0.09859173,-0.11065883,-0.15333736,-0.15662318,-0.083404,-0.1213824,-0.13072303,-0.13855581,-0.19385117,-0.15367812,-0.15697977,-0.19487974,-0.23847799,-0.2432746,-0.12900598,-0.15348914,-0.15694761,-0.14520228,-0.2961179,-0.15371898,-0.19813283,-0.12926352,-0.15364724,-0.060104962,-0.15931924,-0.15371701,-0.2028091,-0.2868003,-0.11816878,-0.14795661,-0.10060286,-0.15354231,-0.13614628,1.0163728,-0.17393659,-0.125103,-0.15657571,-0.15690626,-0.15371542,-0.15698251,-0.16221246,-0.22200036,-0.12944682,-0.2814266,-0.15372029,-0.1915083,-0.24371436,-0.16952515,-0.1536248,-0.13369927,-0.12557748,-0.15371189,-0.18106565,-0.15371999,-0.18642783,-0.15365751,-0.30462334,-0.15359484,-0.14691104,-0.13029914,-0.15370539,-0.15696858,-0.18915205,-0.12935877,-0.15371105,-0.10481856,-0.1650517,-0.1537086,-0.1569848,-0.1569526,-0.12892061,-0.15360129,-0.15694666,-0.15693632,-0.1569494,-0.15695857,-0.16505513,-0.17392421,-0.15370351,-0.15697666,-0.15696527,-0.15697724,-0.2025511,-0.15354379,-0.14723541,-0.15258539,-0.11499533,-0.10471026,-0.11893196,-0.1537076,-0.15689915,-0.12931414,-0.19501048,-0.15371643,-0.18738703,-0.11705899,-0.17429145,-0.15370592,-0.06652963,-0.15343103,-0.10737923,-0.124497145,-0.15298569,-0.052188452,-0.26007295
k__Bacteria|p__Proteobacteria|c__Gammaproteobacteria|o__Enterobacterales|f__Enterobacteriaceae|g__Enterobacter|s__Enterobacter_cloacae,-0.1004395,-0.12316422,-0.1527905,-0.15611574,-0.15611596,-0.23867357,-0.1666669,-0.16813041,-0.10929718,-0.22895765,-0.23728925,-0.15279424,-0.22850217,-0.3768707,-0.08556121,-0.15246558,-0.058144663,-0.1523683,-0.15606704,-0.19931981,-0.1978925,-0.12793638,-0.1527665,-0.12711628,-0.20043859,-0.11658599,-0.182019,-0.25032333,-0.1509206,-0.15277061,-0.15142563,-0.10844302,-0.18249588,-0.28454733,-0.15278387,-0.1280929,-0.15279236,-0.22338755,-0.15279453,-0.29867563,-0.15279457,-0.29356226,-0.12752596,-0.15267947,-0.13691942,-0.15279019,-0.23188588,-0.24781659,-0.1296162,-0.1280979,-0.24679694,-0.18279888,-0.25087595,-0.26027086,-0.28621647,-0.27511892,-0.11894142,-0.15272602,-0.040142577,-0.056944285,-0.15223023,-0.11274739,-0.13743341,-0.12800255,-0.15277764,-0.15611228,-0.1561158,-0.15611628,-0.27573854,-0.15276286,-0.12800555,-0.16243835,-0.12334165,-0.14074792,-0.15276778,-0.15887658,-0.14481027,-0.12808031,-0.18691605,-0.14998752,-0.15278506,-0.15609917,-0.15610802,-0.15605532,-0.120334074,-0.13700745,-0.08858878,-0.15278043,-0.19008024,-0.15278919,-0.2004665,-0.11139822,-0.1388583,-0.13027036,-0.1074974,-0.15152657,-0.15271349,-0.15585092,-0.10065024,-0.08152827,-0.09427856,-0.15275228,-0.11960925,-0.15027548,-0.16982608,-0.1185138,-0.1527657,-0.156111,-0.17738779,-0.15176103,-0.15279144,-0.25953975,-0.17989698,-0.13525523,-0.15278924,-0.15095688,-0.17780018,-0.2009549,-0.1527732,-0.09015879,-0.15255798,-0.12151222,-0.121854745,-0.13997786,-0.21433522,-0.13908121,-0.16057305,-0.15273312,-0.07092635,-0.15229481,-0.15551762,-0.18733518,-0.15259168,-0.12799126,-0.12334781,-0.14100276,-0.15275756,-0.114095174,-0.25318068,-0.26654312,-0.1273376,-0.10945694,-0.15275054,-0.09238048,-0.20963459,-0.15278941,-0.15605168,-0.12757559,-0.15273353,5.357441,2.3017044,-0.15279281,-0.19704957,-0.20616047,-0.12712139,-0.10460003,-0.11361031,-0.10256614,-0.152787,-0.19495486,-0.15276805,-0.1275065,-0.15266642,-0.041086134,-0.12967405,-0.15279187,-0.2300741,-0.15277554,-0.10384405,-0.1516595,-0.0784167,-0.15268068,-0.12766197,-0.15269646,-0.121451,-0.075820275,-0.09192432,-0.101488546,-0.15258309,-0.1560419,-0.12378413,-0.15266338,-0.1410757,-0.13984437,-0.18093297,-0.15279374,-0.25777104,-0.12844054,-0.15272233,-0.13462572,-0.119081676,-0.15277085,-0.15611266,-0.15611392,-0.1561148,-0.19755594,-0.25103784,-0.20219928,-0.19465852,-0.24831252,-0.20506537,-0.22091979,-0.1527822,-0.1277461,-0.11956477,-0.15277834,-0.15610984,-0.20931396,-0.18224281,-0.15277147,-0.32474133,-0.15279227,-0.15611681,-0.15611598,-0.15611571,-0.2185038,-0.15277071,-0.114121355,-0.15277347,-0.15610527,-0.15611002,-0.22984435,-0.15278742,-0.15609628,-0.08963354,-0.15270902,-0.15607888,-0.15609284,-0.1560936,-0.13302092,-0.1051107,-0.14014931,-0.15141064,-0.15839578,-0.15615125,-0.14613561,-0.15278459,-0.12319561,-0.12805898,-0.15275745,-0.1561167,-0.15611634,-0.15611634,-0.15611672,-0.38518023,-0.11451449,-0.15276287,-0.15564899,-0.14443555,-0.16636807,-0.15278876,-0.15605842,-0.12993515,-0.047159404,-0.14829385,-0.14016809,-0.14106366,-0.15267873,-0.19987361,-0.1649412,2.5488994,-0.15277176,-0.15608421,-0.12722544,-0.14610182,-0.2588673,-0.12788503,-0.15269436,-0.09132757,-0.12832497,-0.13684332,-0.16221203,-0.15659244,-0.12737572,-0.15259413,-0.15604427,-0.15608174,-0.15610754,-0.15740095,-0.19795567,-0.15106063,-0.07294749,-0.2039893,-0.15276353,-0.15608037,-0.104459345,-0.15244332,-0.17466888,-0.13176009,-0.15276876,-0.15109587,-0.10913184,-0.15264103,-0.05825615,-0.14326635,-0.17082691,-0.15272248,-0.18883844,-0.15279315,-0.31316653,-0.15278584,-0.16808087,-0.14331596,-0.15278727,-0.1561141,-0.25088155,-0.15279344,-0.22115314,-0.07562123,-0.086852394,-0.10702289,-0.060967896,-0.14773782,-0.16796505,-0.15746465,-0.22133875,-0.12812386,-0.0969081,-0.16398169,-0.12716047,-0.11335766,-0.18846886,-0.12805218,-0.17755464,-0.0994983,-0.115196005,-0.15272312,-0.11662802,-0.19749595,-0.14526704,-0.12781724,-0.096878245,-0.15272246,-0.15596405,-0.12434345,-0.11230643,-0.063823454,-0.1526681,-0.11419349,-0.10007019,-0.24483351,-0.15279382,-0.1561079,-0.16344379,-0.1759062,-0.12524253,-0.15278257,-0.0782174,-0.19187105,-0.18185812,-0.09859173,-0.11065883,-0.15253124,-0.15586707,-0.083404,-0.1213824,-0.13072303,-0.13855581,-0.19385117,-0.15276554,-0.15611169,-0.19487974,-0.23847799,-0.2432746,-0.12778258,-0.15263563,-0.1560898,-0.14520228,-0.2961179,-0.15279327,-0.19813283,-0.12797135,-0.15274417,-0.060104962,-0.15931924,-0.15279195,-0.2028091,-0.2868003,-0.11816878,-0.14795661,-0.10060286,-0.15267281,-0.13614628,-0.20725825,-0.17393659,-0.125103,-0.15657571,-0.15690626,-0.15279086,-0.15611354,-0.16221246,-0.22200036,-0.12810971,-0.2814266,-0.15279415,-0.1915083,-0.24371436,-0.16952515,-0.15272716,-0.13369927,-0.12557748,-0.15278846,-0.18106565,-0.15279394,-0.18642783,-0.15275103,-0.30462334,-0.15270913,-0.14691104,-0.13029914,-0.15278402,-0.15610403,-0.18915205,-0.12804626,-0.15278783,-0.10481856,-0.1650517,-0.15278623,-0.1561151,-0.15609294,-0.12769242,-0.15271261,-0.15608919,-0.15608203,-0.15609103,-0.15609702,-0.16505513,-0.17392421,-0.15278274,-0.15610954,-0.15610184,-0.15610994,-0.2025511,-0.15354379,-0.14723541,-0.15202636,-0.11499533,-0.10471026,-0.11893196,-0.15278548,-0.15605552,-0.12801304,-0.19501048,-0.15279156,-0.18738703,-0.11705899,-0.17429145,-0.15278415,-0.06652963,-0.15259343,-0.10737923,-0.124497145,-0.15298569,-0.052188452,-0.26007295
k__Bacteria|p__Proteobacteria|c__Gammaproteobacteria|o__Enterobacterales|f__Yersiniaceae|g__Serratia|s__Serratia_liquefaciens,-0.1004395,-0.12316422,-0.15446183,-0.15776467,-0.15776515,-0.23867357,-0.1666669,-0.16813041,-0.10929718,-0.22895765,-0.23728925,-0.15446979,-0.22850217,-0.3768707,-0.08556121,-0.15379599,-0.058144663,-0.15355974,-0.15766126,-0.19931981,-0.1978925,-0.12961408,-0.1544105,-0.12711628,-0.20043859,-0.11658599,-0.182019,-0.25032333,-0.1509206,-0.1544195,-0.15142563,-0.10844302,-0.18249588,-0.28454733,-0.15444815,-0.12993197,-0.15446575,-0.22338755,-0.1544704,-0.29867563,-0.1544705,-0.29356226,-0.12875292,-0.15422663,-0.13691942,-0.15446112,-0.23188588,-0.24781659,-0.1296162,-0.1299425,-0.24679694,-0.18279888,-0.25087595,-0.26027086,-0.28621647,-0.27511892,-0.11894142,-0.15432474,-0.040142577,-0.056944285,-0.15326786,-0.11274739,-0.13743341,-0.12974772,-0.15443455,-0.15775724,-0.1577648,-0.15776585,-0.27573854,-0.15440604,-0.12975225,-0.16243835,-0.12334165,-0.14074792,-0.154413,-0.15887658,-0.14481027,-0.12990579,-0.18691605,-0.14998752,-0.15445022,-0.15772925,-0.15774834,-0.15764481,-0.120334074,-0.13700745,-0.08858878,-0.15444016,-0.19008024,-0.15445894,-0.2004665,-0.11139822,-0.1388583,-0.13027036,-0.1074974,-0.15152657,-0.15429676,-0.15727204,-0.10065024,-0.08152827,-0.09427856,-0.15437996,-0.11960925,-0.15027548,-0.16982608,-0.1185138,-0.15440929,-0.15775457,-0.17738779,-0.15176103,-0.15446383,-0.25953975,-0.17989698,-0.13525523,-0.15445903,-0.15095688,-0.17780018,-0.2009549,-0.15442738,-0.09015879,-0.15396395,-0.12151222,-0.121854745,-0.13997786,-0.21433522,-0.13908121,-0.16057305,-0.15433899,-0.07092635,-0.15341744,-0.15650125,-0.18733518,-0.1540514,-0.12972437,-0.12334781,-0.14100276,-0.15439121,-0.114095174,-0.25318068,-0.26654312,-0.12847495,-0.10945694,-0.15437602,-0.09238048,-0.20963459,-0.1544594,-0.1576328,-0.1289032,-0.15434179,-0.16015086,-0.1553517,-0.15446675,-0.19704957,-0.20616047,-0.12800261,-0.10460003,-0.11361031,-0.10256614,-0.15445417,-0.19495486,-0.15441552,-0.12878509,-0.15419784,-0.041086134,-0.12967405,-0.15446478,-0.2300741,-0.15443055,-0.10384405,-0.15211865,-0.0784167,-0.1542303,-0.12766197,-0.15426107,-0.121451,-0.075820275,-0.09192432,-0.101488546,-0.15402043,-0.15760663,-0.12378413,-0.15422142,-0.1410757,-0.13984437,-0.18093297,-0.15446872,-0.25777104,-0.12844054,-0.15432325,-0.13462572,-0.119081676,-0.15441939,-0.15775806,-0.1577608,-0.15776266,-0.19755594,1.0324117,-0.20219928,-0.19465852,-0.24831252,-0.20506537,-0.22091979,-0.15444463,-0.12924403,-0.11956477,-0.15443562,-0.1577521,-0.20931396,-0.18224281,-0.15442267,-0.32474133,-0.15446556,-0.157767,-0.15776521,-0.15776458,-0.2185038,-0.1544226,-0.114121355,-0.15442589,-0.15774271,-0.1577525,-0.22984435,-0.15445507,-0.1577254,-0.08963354,-0.15428907,-0.15768528,-0.15771589,-0.15771686,-0.13302092,-0.1051107,-0.14014931,-0.15141064,-0.15839578,-0.15615125,-0.14613561,-0.15444896,-0.12319561,-0.12985998,-0.15439165,-0.15776673,-0.15776595,-0.15776595,-0.15776679,-0.38518023,-0.11451449,-0.15440272,-0.15564899,-0.14443555,-0.16636807,-0.15445814,-0.15764484,-0.12993515,-0.047159404,-0.14495,-0.14016809,-0.14106366,-0.15422276,-0.19987361,-0.1649412,-0.17166539,-0.1544215,-0.1576964,-0.12722544,-0.14610182,-0.2588673,-0.12953123,-0.1542573,-0.09132757,-0.12832497,-0.13684332,-0.16221203,-0.15659244,-0.1285849,-0.15404963,-0.15761206,-0.15769184,-0.15774715,-0.15740095,-0.19795567,-0.15106063,-0.07294749,-0.2039893,-0.1544044,-0.15768869,-0.104459345,-0.15388468,-0.17466888,-0.13176009,-0.15441474,-0.15109587,-0.10913184,-0.15414922,-0.05825615,-0.14326635,-0.17082691,-0.15431651,-0.18883844,-0.1544675,-0.31316653,-0.15445226,-0.16808087,-0.14331596,-0.15445486,-0.15776125,-0.25088155,-0.15446812,-0.22115314,-0.07562123,-0.086852394,-0.10702289,-0.060967896,-0.14374018,-0.16796505,-0.15746465,-0.22133875,-0.12812386,-0.0969081,-0.16398169,-0.12716047,-0.11335766,-0.18846886,-0.1298478,-0.17755464,-0.0994983,-0.115196005,-0.154318,-0.11662802,-0.19749595,-0.14526704,-0.12781724,-0.096878245,-0.15431589,-0.15744151,-0.12434345,-0.11230643,-0.063823454,-0.1542027,-0.11419349,-0.10007019,-0.24483351,-0.1544689,-0.15774855,-0.16344379,-0.1759062,-0.12524253,-0.15444466,-0.0782174,-0.19187105,-0.18185812,-0.09859173,-0.11065883,-0.15390801,-0.15723442,-0.083404,-0.1213824,-0.13072303,-0.13855581,-0.19385117,-0.15440875,-0.15775596,-0.19487974,-0.23847799,-0.2432746,-0.12930137,-0.15413176,-0.15770945,-0.14520228,-0.2961179,-0.1544677,-0.19813283,-0.12969002,-0.15436374,-0.060104962,-0.15931924,-0.15446489,-0.2028091,-0.2868003,-0.11816878,-0.14795661,-0.10060286,-0.15421155,-0.13614628,-0.20725825,-0.17393659,-0.125103,-0.15657571,-0.15690626,-0.15446258,-0.15775993,-0.16221246,-0.22200036,-0.1299676,-0.2814266,-0.15446961,-0.1915083,-0.24371436,-0.16952515,-0.15433362,-0.13369927,-0.12557748,-0.15445748,-0.18106565,-0.15446918,-0.18642783,-0.15438043,-0.30462334,-0.15428883,-0.14691104,-0.13029914,-0.15444793,-0.15773949,-0.18915205,-0.12983514,-0.15445608,-0.10481856,-0.1650517,-0.15445277,-0.1577633,-0.15771818,-0.12915693,-0.15429503,-0.15770835,-0.15769282,-0.15771222,-0.15772495,-0.16505513,-0.17392421,-0.15444532,-0.15775135,-0.15773493,-0.15775222,-0.2025511,-0.15354379,-0.14723541,-0.15284279,-0.11499533,-0.10471026,-0.11893196,-0.15445112,-0.15764141,-0.12976626,-0.19501048,-0.1544641,-0.18738703,-0.11705899,-0.17429145,-0.15444946,-0.06652963,-0.15404521,-0.10737923,-0.124497145,-0.15298569,-0.052188452,-0.26007295
k__Bacteria|p__Proteobacteria|c__Gammaproteobacteria|o__Pasteurellales|f__Pasteurellaceae|g__Haemophilus|s__Haemophilus_paraphrohaemolyticus,-0.1004395,-0.12316422,-0.15375236,-0.15700027,-0.15700054,-0.23867357,-0.1666669,-0.16813041,-0.10929718,-0.22895765,-0.23728925,-0.15375683,-0.22850217,-0.3768707,-0.08556121,-0.153375,-0.058144663,-0.15325785,-0.1569424,-0.19931981,-0.1978925,-0.12944978,-0.15372396,-0.12711628,-0.20043859,-0.11658599,-0.182019,-0.25032333,-0.1509206,-0.15372854,-0.15142563,-0.10844302,-0.18249588,3.9867141,-0.15374431,-0.1296301,-0.1537546,-0.22338755,-0.15375718,-0.29867563,-0.15375721,-0.29356226,-0.12896356,-0.15361914,-0.13691942,-0.15375207,-0.23188588,-0.24781659,-0.1296162,-0.12963572,-0.24679694,-0.18279888,-0.25087595,-0.26027086,-0.28621647,-0.27511892,-0.11894142,-0.15367618,-0.040142577,-0.056944285,-0.15308288,-0.11274739,-0.13743341,-0.12952475,-0.15373692,-0.15699616,-0.1570003,-0.15700093,-0.27573854,-0.15371937,-0.12952784,-0.16243835,-0.12334165,-0.14074792,-0.15372542,-0.15887658,-0.14481027,-0.12961528,-0.18691605,-0.14998752,-0.15374598,-0.1569806,-0.156991,-0.15692802,-0.120334074,-0.13700745,-0.08858878,-0.15374044,-0.19008024,-0.15375084,-0.2004665,-0.11139822,-0.1388583,-0.13027036,-0.1074974,-0.15152657,-0.15366125,-0.15669471,-0.10065024,-0.08152827,-0.09427856,-0.15370722,-0.11960925,-0.15027548,-0.16982608,-0.1185138,-0.15372276,-0.15699467,-0.17738779,-0.15176103,-0.1537535,-0.25953975,-0.17989698,-0.13525523,-0.1537509,-0.15095688,-0.17780018,-0.2009549,-0.15373135,-0.09015879,-0.15347841,-0.12151222,-0.121854745,-0.13997786,-0.21433522,-0.13908121,-0.16057305,-0.15368465,-0.07092635,-0.15316817,-0.15628076,-0.18733518,-0.15351291,-0.1295094,-0.12334781,-0.14100276,-0.15371336,-0.114095174,-0.25318068,-0.26654312,-0.12877616,-0.10945694,-0.15370512,-0.09238048,-0.20963459,-0.1537511,-0.15692157,-0.12903567,-0.15368485,-0.16015086,-0.1553517,-0.15375516,-0.19704957,-0.20616047,-0.12849681,-0.10460003,-0.11361031,-0.10256614,-0.15374829,-0.19495486,-0.15372571,-0.12895252,-0.15360644,-0.041086134,-0.12967405,-0.15375397,-0.2300741,-0.15373422,-0.10384405,-0.152434,-0.0784167,-0.15362272,-0.12766197,-0.15364116,-0.121451,-0.075820275,-0.09192432,-0.101488546,-0.15350752,-0.15691318,-0.12378413,-0.15360427,-0.1410757,-0.13984437,-0.18093297,-0.15375626,-0.25777104,-0.12844054,-0.15367094,-0.13462572,-0.119081676,-0.15372926,-0.15699658,-0.15699813,-0.15699914,-0.19755594,-0.25103784,-0.20219928,-0.19465852,-0.24831252,-0.20506537,-0.22091979,-0.15374237,-0.12922965,-0.11956477,-0.15373805,-0.15699324,-0.20931396,-0.18224281,-0.15372956,-0.32474133,-0.1537545,-0.15700155,-0.15700057,-0.15700024,-0.2185038,-0.15372883,-0.114121355,-0.15373196,-0.15698758,-0.15699345,-0.22984435,-0.15374878,-0.15697674,-0.08963354,-0.15365568,-0.15695679,-0.15697289,-0.15697417,-0.13302092,-0.1051107,-0.14014931,-0.15141064,-0.15839578,-0.15615125,-0.14613561,-0.15374547,-0.12319561,-0.12958966,-0.15371267,-0.1570014,-0.15700096,-0.15700099,-0.15700144,-0.38518023,-0.11451449,-0.15371951,-0.15564899,-0.14443555,-0.16636807,-0.15375026,-0.15693063,-0.12993515,-0.047159404,-0.14835277,-0.14016809,-0.14106366,-0.15361923,-0.19987361,-0.1649412,-0.17166539,-0.15373018,-0.15696317,-0.12722544,-0.14610182,-0.2588673,-0.12939703,-0.15363906,-0.09132757,-0.12832497,-0.13684332,-0.16221203,-0.15659244,-0.12882778,-0.15351993,-0.15691566,-0.15696007,-0.15699059,-0.15740095,-0.19795567,-0.15106063,-0.07294749,-0.2039893,-0.15372011,-0.15695871,-0.104459345,-0.15336937,-0.17466888,-0.13176009,-0.15372682,-0.15109587,-0.10913184,-0.15357633,-0.05825615,-0.14326635,-0.17082691,-0.15367126,-0.18883844,-0.15375553,-0.31316653,-0.15374663,-0.16808087,-0.14331596,-0.15374856,-0.15699828,-0.25088155,-0.15375587,-0.22115314,-0.07562123,-0.086852394,-0.10702289,-0.060967896,-0.14768821,-0.16796505,-0.15746465,-0.22133875,-0.12812386,-0.0969081,-0.16398169,-0.12716047,-0.11335766,-0.18846886,-0.12958266,-0.17755464,-0.0994983,-0.115196005,-0.15367232,-0.11662802,-0.19749595,-0.14526704,-0.12781724,-0.096878245,-0.15367237,-0.15682107,-0.12434345,-0.11230643,-0.063823454,-0.1536081,-0.11419349,-0.10007019,2.822932,-0.15375634,-0.1569907,-0.16344379,-0.1759062,-0.12524253,-0.153743,-0.0782174,-0.19187105,-0.18185812,-0.09859173,-0.11065883,-0.15344656,-0.15670624,-0.083404,-0.1213824,-0.13072303,-0.13855581,-0.19385117,-0.15372247,-0.15699545,-0.19487974,-0.23847799,-0.2432746,-0.12927127,-0.15356907,-0.15696931,-0.14520228,-0.2961179,-0.15375566,-0.19813283,-0.12949072,-0.15369727,-0.060104962,-0.15931924,-0.15375407,-0.2028091,-0.2868003,-0.11816878,-0.14795661,-0.10060286,-0.15361205,-0.13614628,-0.20725825,-0.17393659,-0.125103,-0.15657571,-0.15690626,-0.15375279,-0.15699765,-0.16221246,-0.22200036,-0.12964967,-0.2814266,-0.15375671,-0.1915083,-0.24371436,-0.16952515,-0.15367573,-0.13369927,-0.12557748,-0.15374994,-0.18106565,-0.15375648,-0.18642783,-0.15370435,-0.30462334,-0.15365484,-0.14691104,-0.13029914,-0.15374467,-0.15698642,-0.18915205,-0.12957601,-0.15374924,-0.10481856,-0.1650517,-0.15374723,-0.1569995,-0.15697259,-0.12918222,-0.15366037,-0.15696847,-0.1569601,-0.15697071,-0.15697815,-0.16505513,-0.17392421,-0.15374312,-0.15699291,-0.15698367,-0.15699339,-0.2025511,-0.15354379,-0.14723541,-0.15283325,-0.11499533,-0.10471026,-0.11893196,-0.15374646,-0.15692775,-0.12953837,-0.19501048,-0.1537536,-0.18738703,-0.11705899,-0.17429145,-0.1537447,-0.06652963,-0.15352106,-0.10737923,-0.124497145,-0.15298569,-0.052188452,-0.26007295
k__Bacteria|p__Proteobacteria|c__Deltaproteobacteria|o__Desulfovibrionales|f__Desulfovibrionaceae|g__Desulfovibrio|s__Desulfovibrio_SGB5077,-0.1004395,-0.12316422,-0.1541054,-0.15738103,-0.15738124,-0.23867357,-0.1666669,-0.16813041,-0.10929718,-0.22895765,-0.23728925,-0.15410897,-0.22850217,-0.3768707,-0.08556121,-0.15379457,-0.058144663,-0.15370062,-0.15733439,-0.19931981,-0.1978925,-0.1296219,-0.15408239,-0.12711628,-0.20043859,-0.11658599,-0.182019,-0.25032333,-0.1509206,-0.15408635,-0.15142563,-0.10844302,-0.18249588,-0.28454733,-0.15409884,-0.12977591,-0.15410718,-0.22338755,-0.15410925,-0.29867563,-0.1541093,-0.29356226,-0.12919478,-0.15399891,-0.13691942,-0.15410511,-0.23188588,-0.24781659,-0.1296162,-0.12978089,-0.24679694,-0.18279888,-0.25087595,-0.26027086,-0.28621647,-0.27511892,-0.11894142,-0.15404356,-0.040142577,-0.056944285,-0.15356943,-0.11274739,-0.13743341,-0.12968832,-0.15409309,-0.15737769,-0.15738109,-0.15738156,-0.27573854,-0.15407918,-0.129689,-0.16243835,-0.12334165,-0.14074792,-0.15408364,-0.15887658,-0.14481027,-0.12976323,-0.18691605,-0.14998752,-0.15410021,-0.15736517,-0.15737365,-0.15732297,-0.120334074,-0.13700745,-0.08858878,-0.15409575,-0.19008024,-0.15410414,-0.2004665,-0.11139822,-0.1388583,-0.13027036,-0.1074974,-0.15152657,-0.15403175,-0.15712869,-0.10065024,-0.08152827,-0.09427856,-0.15406877,-0.11960925,-0.15027548,-0.16982608,-0.1185138,-0.15408167,-0.1573765,-0.17738779,-0.15176103,-0.15410632,-0.25953975,-0.17989698,-0.13525523,-0.15410417,-0.15095688,-0.17780018,-0.2009549,-0.15408877,-0.09015879,-0.15388247,-0.12151222,-0.121854745,-0.13997786,-0.21433522,-0.13908121,-0.16057305,-0.15405044,-0.07092635,-0.15363008,-0.15680896,-0.18733518,-0.15391532,-0.12967367,-0.12334781,-0.14100276,-0.1540739,-0.114095174,-0.25318068,4.2318563,-0.12902814,-0.10945694,-0.1540671,-0.09238048,-0.20963459,-0.15410435,-0.15731953,-0.1292506,-0.15405098,-0.16015086,-0.1553517,-0.15410762,-0.19704957,-0.20616047,-0.12878653,-0.10460003,-0.11361031,-0.10256614,-0.15410204,-0.19495486,-0.15408382,-0.12919387,-0.15398663,-0.041086134,-0.12967405,-0.1541067,-0.2300741,-0.154091,-0.10384405,-0.15302846,-0.0784167,-0.15400063,-0.12766197,-0.1540154,-0.121451,-0.075820275,-0.09192432,-0.101488546,-0.15390676,-0.15731035,-0.12378413,-0.15398073,-0.1410757,-0.13984437,-0.18093297,-0.1541085,-0.25777104,-0.12844054,-0.15403938,-0.13462572,-0.119081676,-0.15408656,-0.15737805,-0.1573793,-0.15738013,-0.19755594,-0.25103784,-0.20219928,-0.19465852,-0.24831252,-0.20506537,-0.22091979,-0.15409741,-0.12942815,-0.11956477,-0.15409374,-0.15737538,-0.20931396,-0.18224281,-0.1540868,-0.32474133,-0.1541071,-0.15738207,-0.15738127,-0.157381,-0.2185038,-0.15408623,-0.114121355,-0.15408911,-0.15737101,-0.15737554,-0.22984435,-0.15410241,-0.15736195,-0.08963354,-0.15402739,-0.15734571,-0.15735912,-0.15735981,-0.13302092,-0.1051107,-0.14014931,-0.15141064,-0.15839578,-0.15615125,-0.14613561,-0.15409973,-0.12319561,-0.1297431,-0.15407377,-0.15738195,-0.1573816,-0.1573816,-0.15738198,-0.38518023,-0.11451449,-0.15407896,-0.15564899,-0.14443555,-0.16636807,-0.15410373,-0.15732601,-0.12993515,-0.047159404,-0.14980978,-0.14016809,-0.14106366,-0.15399845,-0.19987361,-0.1649412,-0.17166539,-0.15408744,-0.15735081,-0.12722544,-0.14610182,-0.2588673,-0.12957256,-0.15401334,-0.09132757,-0.12832497,-0.13684332,-0.16221203,-0.15659244,-0.12905636,-0.15391737,-0.15731257,-0.15734842,-0.15737318,-0.15740095,-0.19795567,-0.15106063,-0.07294749,-0.2039893,-0.15407953,-0.1573472,-0.104459345,-0.15377074,-0.17466888,-0.13176009,-0.1540846,-0.15109587,3.7906804,-0.15396258,-0.05825615,-0.14326635,-0.17082691,-0.15404025,-0.18883844,-0.15410794,-0.31316653,-0.15410095,-0.16808087,-0.14331596,-0.1541023,-0.15737946,-0.25088155,-0.15410821,-0.22115314,-0.07562123,-0.086852394,-0.10702289,-0.060967896,-0.14927393,-0.16796505,-0.15746465,-0.22133875,-0.12812386,-0.0969081,-0.16398169,-0.12716047,-0.11335766,-0.18846886,-0.12973616,-0.17755464,-0.0994983,-0.115196005,-0.15404092,-0.11662802,-0.19749595,-0.14526704,-0.12781724,-0.096878245,-0.15404019,-0.15723595,-0.12434345,-0.11230643,-0.063823454,-0.15398842,-0.11419349,-0.10007019,-0.24483351,-0.15410858,-0.15737349,-0.16344379,-0.1759062,-0.12524253,-0.1540978,-0.0782174,-0.19187105,-0.18185812,-0.09859173,-0.11065883,-0.1538572,-0.15714301,-0.083404,-0.1213824,-0.13072303,-0.13855581,-0.19385117,-0.15408151,-0.15737714,-0.19487974,-0.23847799,-0.2432746,-0.12947279,-0.15395716,-0.15735617,-0.14520228,-0.2961179,-0.15410805,-0.19813283,-0.12965709,-0.15406102,-0.060104962,-0.15931924,-0.15410677,-0.2028091,-0.2868003,-0.11816878,-0.14795661,-0.10060286,-0.15399276,-0.13614628,-0.20725825,-0.17393659,-0.125103,-0.15657571,-0.15690626,-0.15410572,-0.15737891,-0.16221246,-0.22200036,-0.12979235,-0.2814266,-0.1541089,-0.1915083,-0.24371436,-0.16952515,-0.15404415,-0.13369927,-0.12557748,-0.15410346,-0.18106565,-0.1541087,-0.18642783,-0.15406719,-0.30462334,-0.15402755,-0.14691104,-0.13029914,-0.1540992,-0.15736982,-0.18915205,-0.1297304,-0.15410283,-0.10481856,-0.1650517,-0.15410131,-0.15738042,-0.15735927,-0.12939487,-0.15403083,-0.15735564,-0.15734877,-0.15735738,-0.15736315,-0.16505513,-0.17392421,-0.15409797,-0.1573751,-0.1573677,-0.15737548,-0.2025511,-0.15354379,-0.14723541,-0.15337452,-0.11499533,-0.10471026,-0.11893196,-0.1541006,-0.15732281,-0.12969795,-0.19501048,-0.15410641,-0.18738703,-0.11705899,-0.17429145,-0.15409917,-0.06652963,-0.15391666,-0.10737923,-0.124497145,-0.15298569,-0.052188452,-0.26007295
k__Bacteria|p__Proteobacteria|c__Gammaproteobacteria|o__Enterobacterales|f__Enterobacteriaceae|g__Escherichia|s__Escherichia_sp_ESNIH1,-0.1004395,-0.12316422,-0.15306613,-0.15636809,-0.15636835,-0.23867357,-0.1666669,-0.16813041,-0.10929718,-0.22895765,-0.23728925,-0.1530708,-0.22850217,-0.3768707,-0.08556121,-0.15268312,-0.058144663,-0.1525586,-0.15630798,-0.19931981,-0.1978925,-0.1283697,-0.15303676,-0.12711628,-0.20043859,-0.11658599,-0.182019,-0.25032333,-0.1509206,-0.1530413,-0.15142563,-0.10844302,-0.18249588,-0.28454733,-0.1530579,-0.12854351,-0.15306848,-0.22338755,-0.15307115,-0.29867563,-0.15307121,-0.29356226,-0.12790418,-0.15292734,-0.13691942,-0.15306585,-0.23188588,-0.24781659,-0.1296162,-0.12854895,-0.24679694,-0.18279888,-0.25087595,-0.26027086,-0.28621647,-0.27511892,-0.11894142,-0.15298752,-0.040142577,-0.056944285,-0.152368,-0.11274739,-0.13743341,-0.12844215,-0.15305004,-0.15636383,-0.15636814,-0.15636876,-0.27573854,-0.1530329,-0.12844306,-0.16243835,-0.12334165,-0.14074792,-0.15303823,-0.15887658,-0.14481027,-0.1285291,-0.18691605,-0.14998752,-0.15305954,-0.15634766,-0.15635842,-0.15629464,-0.120334074,-0.13700745,-0.08858878,-0.15305382,-0.19008024,-0.15306458,-0.2004665,-0.11139822,-0.1388583,-0.13027036,-0.1074974,-0.15152657,-0.15297201,-0.1560756,-0.10065024,-0.08152827,-0.09427856,-0.15301955,-0.11960925,-0.15027548,-0.16982608,-0.1185138,-0.15303528,-0.15636228,-0.17738779,-0.15176103,-0.15306732,-0.25953975,-0.17989698,-0.13525523,-0.15306465,-0.15095688,-0.17780018,-0.2009549,-0.15304452,-0.09015879,-0.15278393,-0.12151222,-0.121854745,-0.13997786,-0.21433522,-0.13908121,-0.16057305,-0.15299633,-0.07092635,-0.15246427,-0.15561435,-0.18733518,-0.15281607,-0.12843235,-0.12334781,-0.14100276,-0.15302576,-0.114095174,-0.25318068,-0.26654312,-0.12775695,-0.10945694,-0.15301737,-0.09238048,-0.20963459,-0.15306486,-0.15628615,-0.12799506,-0.15299627,1.0705842,-0.1553517,-0.15306902,-0.19704957,-0.20616047,-0.127482,-0.10460003,-0.11361031,-0.10256614,-0.15306196,-0.19495486,-0.15303892,-0.12792918,-0.15291595,-0.041086134,-0.12967405,-0.15306778,-0.2300741,-0.15304738,-0.10384405,-0.15171644,-0.0784167,-0.15293223,-0.12766197,-0.1529513,-0.121451,-0.075820275,-0.09192432,-0.101488546,-0.15281418,-0.15627828,-0.12378413,-0.15291888,-0.1410757,-0.13984437,-0.18093297,-0.15307018,-0.25777104,-0.12844054,-0.15298381,-0.13462572,-0.119081676,-0.15304238,-0.15636426,-0.15636584,-0.15636691,-0.19755594,1.2270838,-0.20219928,-0.19465852,-0.24831252,-0.20506537,-0.22091979,-0.15305574,-0.12817901,-0.11956477,-0.15305138,-0.15636078,-0.20931396,-0.18224281,-0.15304267,0.9221415,-0.1530684,-0.15636942,-0.1563684,-0.15636805,-0.2185038,-0.15304196,-0.114121355,-0.15304482,-0.15635476,-0.15636098,-0.22984435,-0.1530625,-0.15634388,-0.08963354,-0.152966,-0.15632328,-0.15633953,-0.1563412,-0.13302092,-0.1051107,-0.14014931,-0.15141064,-0.15839578,-0.15615125,-0.14613561,-0.15305908,-0.12319561,-0.12850294,-0.1530246,-0.15636925,-0.1563688,-0.15636882,-0.1563693,-0.38518023,-0.11451449,-0.15303203,-0.15564899,-0.14443555,-0.16636807,-0.15306392,-0.15629509,-0.12993515,-0.047159404,-0.1474102,-0.14016809,-0.14106366,-0.15292767,-0.19987361,-0.1649412,-0.17166539,-0.15304318,-0.15632991,-0.12722544,-0.14610182,-0.2588673,-0.1283283,-0.15294969,-0.09132757,-0.12832497,-0.13684332,-0.16221203,-0.15659244,-0.12781334,-0.15282601,-0.15628067,-0.15632655,-0.15635805,-0.15740095,-0.19795567,-0.15106063,-0.07294749,-0.2039893,-0.15303257,-0.15632543,-0.104459345,-0.15272197,-0.17466888,-0.13176009,-0.15303987,-0.15109587,-0.10913184,-0.15288559,-0.05825615,-0.14326635,-0.17082691,-0.15298182,-0.18883844,-0.15306944,-0.31316653,-0.15306005,-0.16808087,-0.14331596,-0.15306222,-0.15636599,-0.25088155,-0.15306976,-0.22115314,-0.07562123,-0.086852394,-0.10702289,-0.060967896,-0.14672145,-0.16796505,-0.15746465,-0.22133875,-0.12812386,-0.0969081,-0.16398169,-0.12716047,-0.11335766,-0.18846886,-0.12849733,-0.17755464,-0.0994983,-0.115196005,-0.15298313,-0.11662802,-0.19749595,-0.14526704,-0.12781724,-0.096878245,-0.15298383,-0.15618335,-0.12434345,-0.11230643,-0.063823454,-0.15291768,-0.11419349,-0.10007019,-0.24483351,-0.15307029,-0.15635805,-0.16344379,-0.1759062,-0.12524253,-0.15305649,-0.0782174,-0.19187105,-0.18185812,-0.09859173,-0.11065883,-0.15275076,-0.15606445,-0.083404,-0.1213824,-0.13072303,-0.13855581,-0.19385117,-0.15303493,-0.15636307,-0.19487974,-0.23847799,-0.2432746,-0.1281971,-0.15287685,-0.15633589,-0.14520228,-0.2961179,-0.15306959,-0.19813283,-0.12841117,-0.153009,-0.060104962,-0.15931924,-0.15306789,-0.2028091,-0.2868003,-0.11816878,-0.14795661,-0.10060286,-0.15292041,-0.13614628,-0.20725825,-0.17393659,-0.125103,-0.15657571,-0.15690626,-0.15306658,-0.15636536,-0.16221246,-0.22200036,-0.12856306,-0.2814266,-0.15307067,-0.1915083,-0.24371436,-0.16952515,-0.15298787,-0.13369927,-0.12557748,-0.1530636,-0.18106565,-0.15307045,-0.18642783,-0.15301627,-0.30462334,-0.1529642,-0.14691104,-0.13029914,-0.15305817,-0.15635374,-0.18915205,-0.12849021,-0.15306294,-0.10481856,-0.1650517,-0.15306076,-0.15636727,-0.15633939,-0.12813024,-0.15297127,-0.15633492,-0.15632641,-0.15633726,-0.15634526,-0.16505513,-0.17392421,-0.1530565,-0.15636048,-0.15635084,-0.15636097,-0.2025511,-0.15354379,-0.14723541,-0.15210316,-0.11499533,-0.10471026,-0.11893196,-0.15306002,-0.15629318,-0.1284535,-0.19501048,-0.15306738,-0.18738703,-0.11705899,-0.17429145,-0.15305832,-0.06652963,-0.15282896,-0.10737923,-0.124497145,-0.15298569,-0.052188452,-0.26007295
k__Bacteria|p__Proteobacteria|c__Gammaproteobacteria|o__Enterobacterales|f__Morganellaceae|g__Proteus|s__Proteus_vulgaris,-0.1004395,-0.12316422,-0.15405741,-0.15744445,-0.15744475,-0.23867357,-0.1666669,-0.16813041,-0.10929718,-0.22895765,-0.23728925,-0.15406272,-0.22850217,-0.3768707,-0.08556121,-0.15361854,-0.058144663,-0.15346897,-0.15737575,-0.19931981,-0.1978925,-0.12869456,-0.15402354,-0.12711628,-0.20043859,-0.11658599,-0.182019,-0.25032333,-0.1509206,-0.1540291,-0.15142563,-0.10844302,-0.18249588,-0.28454733,-0.15404806,-0.12890226,-0.15406005,-0.22338755,-0.15406314,-0.29867563,-0.1540632,-0.29356226,-0.12814236,-0.15389982,-0.13691942,-0.154057,-0.23188588,-0.24781659,-0.1296162,-0.1289089,-0.24679694,-0.18279888,-0.25087595,-0.26027086,-0.28621647,-0.27511892,-0.11894142,-0.15396693,-0.040142577,-0.056944285,-0.15326211,-0.11274739,-0.13743341,-0.12878136,-0.15403914,-0.15743954,-0.1574445,-0.15744522,-0.27573854,-0.15401924,-0.1287843,-0.16243835,-0.12334165,-0.14074792,-0.15402526,-0.15887658,-0.14481027,-0.12888524,-0.18691605,-0.14998752,-0.15404978,-0.157421,-0.15743348,-0.15736158,-0.120334074,-0.13700745,-0.08858878,-0.1540432,-0.19008024,-0.15405557,-0.2004665,-0.11139822,-0.1388583,-0.13027036,-0.1074974,-0.15152657,-0.15394878,-0.15711018,-0.10065024,-0.08152827,-0.09427856,-0.15400359,-0.11960925,-0.15027548,-0.16982608,-0.1185138,-0.15402228,-0.15743777,-0.17738779,-0.15176103,-0.15405875,-0.25953975,-0.17989698,-0.13525523,-0.15405563,-0.15095688,-0.17780018,-0.2009549,-0.15403324,-0.09015879,-0.15373106,-0.12151222,-0.121854745,-0.13997786,-0.21433522,-0.13908121,-0.16057305,-0.15397671,-0.07092635,-0.15336722,-0.15659374,-0.18733518,-0.1537773,-0.12876865,-0.12334781,-0.14100276,-0.15401092,-0.114095174,-0.25318068,-0.26654312,-0.12794934,-0.10945694,-0.15400106,-0.09238048,-0.20963459,-0.15405588,-0.1573525,-0.12824215,-0.1539776,-0.16015086,-0.1553517,-0.15406069,-0.19704957,-0.20616047,-0.1276356,-0.10460003,-0.11361031,-0.10256614,-0.1540525,-0.19495486,-0.15402606,-0.12815148,-0.15388405,-0.041086134,-0.12967405,-0.15405934,-0.2300741,-0.15403587,-0.10384405,-0.15251067,-0.0784167,-0.15390389,-0.12766197,-0.15392517,-0.121451,-0.075820275,-0.09192432,-0.101488546,-0.15376687,-0.15734069,-0.12378413,-0.15389353,-0.1410757,-0.13984437,-0.18093297,-0.15406202,-0.25777104,-0.12844054,-0.15396287,-0.13462572,-0.119081676,-0.15402976,-0.15744007,-0.15744187,-0.15744309,1.497888,-0.25103784,-0.20219928,-0.19465852,-0.24831252,-0.20506537,-0.22091979,-0.15404567,-0.1284594,-0.11956477,-0.15404028,-0.15743607,-0.20931396,-0.18224281,-0.15403092,-0.32474133,-0.15405995,-0.15744598,-0.15744479,-0.15744439,-0.2185038,-0.15403022,-0.114121355,-0.15403327,-0.15742949,-0.15743634,-0.22984435,-0.15405309,-0.15741736,-0.08963354,-0.1539428,-0.15739249,-0.1574119,-0.15741321,-0.13302092,-0.1051107,-0.14014931,-0.15141064,-0.15839578,-0.15615125,-0.14613561,-0.15404913,-0.12319561,-0.12885505,-0.15401037,-0.15744579,-0.15744528,-0.15744528,-0.15744583,-0.38518023,-0.11451449,-0.1540183,-0.15564899,-0.14443555,-0.16636807,-0.15405492,-0.15736239,-0.12993515,-0.047159404,-0.1476682,-0.14016809,-0.14106366,-0.15389892,-0.19987361,-0.1649412,-0.17166539,-0.15403092,-0.1574,-0.12722544,-0.14610182,-0.2588673,-0.1286409,-0.15392286,-0.09132757,-0.12832497,-0.13684332,-0.16221203,-0.15659244,-0.12801199,-0.15378287,-0.15734375,-0.15739653,-0.15743288,-0.15740095,-0.19795567,-0.15106063,-0.07294749,-0.2039893,-0.15401916,-0.15739481,-0.104459345,-0.15365161,-0.17466888,-0.13176009,-0.1540268,-0.15109587,-0.10913184,-0.15384984,-0.05825615,-0.14326635,-0.17082691,-0.15396097,-0.18883844,-0.15406118,-0.31316653,-0.15405072,-0.16808087,-0.14331596,-0.15405285,-0.1574421,-0.25088155,-0.15406159,-0.22115314,-0.07562123,-0.086852394,-0.10702289,-0.060967896,-0.14687087,-0.16796505,-0.15746465,-0.22133875,-0.12812386,-0.0969081,-0.16398169,-0.12716047,-0.11335766,-0.18846886,-0.12884733,-0.17755464,-0.0994983,-0.115196005,-0.15396222,-0.11662802,-0.19749595,-0.14526704,-0.12781724,-0.096878245,-0.15396193,-0.15723136,-0.12434345,-0.11230643,-0.063823454,-0.15388651,-0.11419349,-0.10007019,-0.24483351,-0.15406215,-0.15743317,-0.16344379,-0.1759062,-0.12524253,-0.15404621,-0.0782174,-0.19187105,-0.18185812,-0.09859173,-0.11065883,-0.15369336,-0.15709487,-0.083404,-0.1213824,-0.13072303,-0.13855581,-0.19385117,-0.15402193,-0.15743867,-0.19487974,-0.23847799,-0.2432746,-0.12848803,-0.15383957,-0.15740769,-0.14520228,-0.2961179,-0.15406135,-0.19813283,-0.12874377,-0.15399212,-0.060104962,-0.15931924,-0.15405944,-0.2028091,-0.2868003,-0.11816878,-0.14795661,-0.10060286,-0.15389094,-0.13614628,-0.20725825,-0.17393659,-0.125103,-0.15657571,-0.15690626,-0.1540579,-0.1574413,-0.16221246,-0.22200036,-0.12892534,-0.2814266,-0.1540626,-0.1915083,-0.24371436,-0.16952515,-0.15396884,-0.13369927,-0.12557748,-0.15405452,-0.18106565,-0.15406232,-0.18642783,-0.15400144,-0.30462334,-0.15394172,-0.14691104,-0.13029914,-0.15404823,-0.15742788,-0.18915205,-0.12883896,-0.15405367,-0.10481856,-0.1650517,-0.15405133,-0.15744352,-0.15741202,-0.12839499,-0.15394786,-0.15740675,-0.15739675,-0.15740938,-0.15741818,-0.16505513,-0.17392421,-0.15404642,-0.15743567,-0.1574247,-0.15743624,-0.2025511,-0.15354379,-0.14723541,-0.15296915,-0.11499533,-0.10471026,-0.11893196,-0.15405035,-0.15736005,-0.12879539,-0.19501048,-0.15405887,-0.18738703,-0.11705899,-0.17429145,-0.15404852,-0.06652963,-0.15378374,-0.10737923,-0.124497145,-0.15298569,-0.052188452,-0.26007295
k__Bacteria|p__Proteobacteria|c__Alphaproteobacteria|o__Hyphomicrobiales|f__Methylobacteriaceae|g__Methylobacterium|s__Methylobacterium_SGB17145,-0.1004395,-0.12316422,-0.15420401,-0.15748608,-0.1574864,-0.23867357,-0.1666669,-0.16813041,-0.10929718,-0.22895765,-0.23728925,-0.1542097,-0.22850217,-0.3768707,-0.08556121,-0.1537411,-0.058144663,-0.15358755,-0.15741289,-0.19931981,-0.1978925,-0.12961866,-0.15416825,-0.12711628,-0.20043859,-0.11658599,-0.182019,-0.25032333,-0.1509206,-0.15417373,-0.15142563,-0.10844302,-0.18249588,-0.28454733,-0.15419391,-0.1298297,-0.15420687,-0.22338755,-0.15421014,-0.29867563,-0.15421021,-0.29356226,-0.12905759,-0.15403488,-0.13691942,-0.15420365,-0.23188588,-0.24781659,-0.1296162,-0.12983647,-0.24679694,-0.18279888,-0.25087595,-0.26027086,-0.28621647,-0.27511892,-0.11894142,-0.15410832,-0.040142577,-0.056944285,-0.1533542,-0.11274739,-0.13743341,-0.12970652,-0.15418442,-0.15748091,-0.15748613,-0.1574869,-0.27573854,-0.15416336,-0.12970771,-0.16243835,-0.12334165,-0.14074792,-0.15417007,-0.15887658,-0.14481027,-0.12981239,-0.18691605,-0.14998752,-0.154196,-0.1574612,-0.15747431,-0.15739572,-0.120334074,-0.13700745,-0.08858878,-0.15418905,-0.19008024,-0.15420213,-0.2004665,-0.11139822,-0.1388583,-0.13027036,-0.1074974,-0.15152657,-0.15408951,-0.15713191,-0.10065024,-0.08152827,-0.09427856,-0.1541473,-0.11960925,-0.15027548,-0.16982608,-0.1185138,-0.15416637,-0.157479,-0.17738779,-0.15176103,-0.15420547,-0.25953975,-0.17989698,-0.13525523,-0.15420222,-0.15095688,-0.17780018,-0.2009549,-0.15417746,-0.09015879,-0.15386084,3.321727,2.7055728,-0.13997786,-0.21433522,-0.13908121,-0.16057305,-0.15411907,-0.07092635,-0.15347257,-0.15656823,-0.18733518,-0.15389904,-0.12969613,-0.12334781,-0.14100276,-0.15415488,-0.114095174,-0.25318068,-0.26654312,-0.12887388,-0.10945694,-0.15414466,-0.09238048,-0.20963459,-0.15420249,-0.15738538,-0.12916188,-0.15411897,-0.16015086,-0.1553517,-0.15420756,-0.19704957,-0.20616047,-0.1285444,-0.10460003,-0.11361031,-0.10256614,-0.15419894,-0.19495486,-0.15417047,-0.12908511,-0.15402141,-0.041086134,-0.12967405,-0.15420604,-0.2300741,-0.15418078,-0.10384405,-0.15256296,-0.0784167,-0.1540409,-0.12766197,-0.15406431,-0.121451,-0.075820275,-0.09192432,4.4866443,-0.15389755,-0.15737683,3.6753197,-0.15402475,-0.1410757,-0.13984437,-0.18093297,-0.15420896,-0.25777104,-0.12844054,-0.15410295,-0.13462572,-0.119081676,-0.15417513,-0.15748143,-0.15748334,-0.15748465,-0.19755594,-0.25103784,-0.20219928,-0.19465852,-0.24831252,-0.20506537,-0.22091979,-0.15419121,-0.129387,-0.11956477,-0.15418604,-0.15747717,-0.20931396,-0.18224281,-0.15417516,-0.32474133,-0.15420678,-0.15748772,-0.15748647,-0.15748602,-0.2185038,-0.15417421,-0.114121355,-0.154178,-0.15746981,-0.15747741,-0.22984435,-0.15419957,-0.15745614,-0.08963354,-0.15408209,-0.15743154,-0.1574513,-0.15745336,-0.13302092,-0.1051107,-0.14014931,-0.15141064,-0.15839578,-0.15615125,-0.14613561,-0.15419544,-0.12319561,-0.12978038,-0.15415345,-0.1574875,-0.15748695,-0.15748698,-0.15748754,-0.38518023,-0.11451449,-0.1541625,-0.15564899,-0.14443555,-0.16636807,-0.15420134,-0.15739653,-0.12993515,-0.047159404,-0.14731891,-0.14016809,-0.14106366,-0.15403545,-0.19987361,-0.1649412,-0.17166539,-0.1541761,-0.15743965,-0.12722544,-0.14610182,-0.2588673,-0.12956892,-0.15406244,-0.09132757,4.197941,-0.13684332,-0.16221203,3.7323842,-0.12893134,-0.15391156,-0.15737966,-0.1574355,-0.15747386,-0.15740095,-0.19795567,-0.15106063,-0.07294749,-0.2039893,-0.15416315,-0.15743417,-0.104459345,-0.15379134,-0.17466888,-0.13176009,-0.15417206,-0.15109587,-0.10913184,-0.1539846,-0.05825615,-0.14326635,-0.17082691,-0.1541014,-0.18883844,-0.15420803,-0.31316653,-0.15419656,-0.16808087,-0.14331596,-0.15419924,-0.15748352,-0.25088155,-0.15420845,-0.22115314,-0.07562123,-0.086852394,-0.10702289,-0.060967896,-0.14647782,-0.16796505,-0.15746465,-0.22133875,-0.12812386,-0.0969081,-0.16398169,-0.12716047,-0.11335766,-0.18846886,-0.1297734,-0.17755464,-0.0994983,-0.115196005,-0.154103,-0.11662802,-0.19749595,-0.14526704,-0.12781724,-0.096878245,-0.1541039,-0.15726128,-0.12434345,-0.11230643,-0.063823454,-0.15402344,-0.11419349,-0.10007019,-0.24483351,-0.15420908,-0.15747362,-0.16344379,-0.1759062,-0.12524253,-0.1541923,-0.0782174,-0.19187105,-0.18185812,-0.09859173,-0.11065883,-0.15382043,-0.15711674,-0.083404,-0.1213824,-0.13072303,-0.13855581,-0.19385117,-0.15416601,-0.15747997,-0.19487974,-0.23847799,-0.2432746,-0.12940383,-0.15397376,-0.15744688,-0.14520228,-0.2961179,-0.15420824,-0.19813283,-0.12966874,-0.15413448,-0.060104962,-0.15931924,-0.15420616,-0.2028091,-0.2868003,-0.11816878,-0.14795661,-0.10060286,-0.15402663,-0.13614628,-0.20725825,-0.17393659,-0.125103,-0.15657571,-0.15690626,-0.15420456,-0.15748277,-0.16221246,-0.22200036,-0.12985364,-0.2814266,-0.15420955,-0.1915083,-0.24371436,-0.16952515,-0.15410772,-0.13369927,-0.12557748,-0.15420094,-0.18106565,-0.15420929,-0.18642783,-0.15414281,-0.30462334,-0.15407991,-0.14691104,-0.13029914,-0.15419433,-0.15746859,-0.18915205,-0.12976469,-0.1542001,-0.10481856,-0.1650517,-0.15419748,-0.1574851,-0.1574505,-0.129319,-0.15408866,-0.1574457,-0.15743536,-0.15744856,-0.15745828,-0.16505513,-0.17392421,-0.15419227,-0.15747681,-0.15746507,-0.15747741,-0.2025511,-0.15354379,-0.14723541,-0.15303126,-0.11499533,-0.10471026,-0.11893196,-0.15419656,-0.15739371,-0.12972037,-0.19501048,-0.15420556,-0.18738703,-0.11705899,-0.17429145,-0.15419409,-0.06652963,-0.153916,2.7109032,2.8179653,1.4529035,-0.052188452,-0.26007295
k__Bacteria|p__Proteobacteria|c__Gammaproteobacteria|o__Enterobacterales|f__Morganellaceae|g__Providencia|s__Providencia_alcalifaciens,-0.1004395,-0.12316422,-0.15401119,-0.15719123,-0.15719156,-0.23867357,-0.1666669,-0.16813041,-0.10929718,-0.22895765,-0.23728925,-0.15401645,-0.22850217,-0.3768707,-0.08556121,-0.15356672,-0.058144663,-0.15340498,-0.15712264,-0.19931981,-0.1978925,-0.13017365,-0.15397687,-0.12711628,-0.20043859,-0.11658599,-0.182019,-0.25032333,-0.1509206,-0.15398309,-0.15142563,-0.10844302,-0.18249588,-0.28454733,-0.15400201,-0.13039194,-0.15401375,-0.22338755,-0.15401687,-0.29867563,-0.15401694,-0.29356226,-0.12958524,-0.15385573,-0.13691942,-0.15401062,-0.23188588,-0.24781659,-0.1296162,-0.13039914,-0.24679694,-0.18279888,-0.25087595,-0.26027086,-0.28621647,-0.27511892,-0.11894142,-0.15391976,-0.040142577,-0.056944285,-0.15322055,-0.11274739,-0.13743341,-0.13026772,-0.15399319,-0.15718624,-0.15719134,-0.15719202,-0.27573854,-0.15397432,-0.13026981,-0.16243835,-0.12334165,-0.14074792,-0.15397857,-0.15887658,-0.14481027,-0.13037372,-0.18691605,-0.14998752,-0.15400341,-0.15716766,-0.15718047,-0.1571115,-0.120334074,-0.13700745,-0.08858878,-0.1539967,-0.19008024,-0.15400922,-0.2004665,-0.11139822,-0.1388583,-0.13027036,-0.1074974,-0.15152657,-0.15390092,-0.15686068,-0.10065024,-0.08152827,-0.09427856,-0.15395644,-0.11960925,-0.15027548,-0.16982608,-0.1185138,-0.15397641,-0.1571845,-0.17738779,-0.15176103,-0.1540125,-0.25953975,-0.17989698,-0.13525523,-0.15400928,-0.15095688,4.2721796,-0.2009549,-0.15398856,-0.09015879,-0.15367788,-0.12151222,-0.121854745,-0.13997786,-0.21433522,-0.13908121,-0.16057305,-0.15392901,-0.07092635,-0.15331462,-0.15636018,-0.18733518,-0.15374175,-0.13025331,-0.12334781,-0.14100276,-0.1539641,-0.114095174,-0.25318068,-0.26654312,-0.12938811,-0.10945694,-0.15395382,-0.09238048,-0.20963459,-0.15400952,-0.15710434,-0.12969333,-0.15393159,-0.16015086,-0.1553517,-0.15401444,-0.19704957,-0.20616047,-0.1290611,-0.10460003,-0.11361031,-0.10256614,-0.15400599,-0.19495486,-0.15398008,-0.1296095,-0.15383434,-0.041086134,-0.12967405,-0.15401316,-0.2300741,-0.15399024,-0.10384405,-0.15245298,-0.0784167,-0.15385751,-0.12766197,-0.15387738,-0.121451,-0.075820275,-0.09192432,-0.101488546,-0.15371695,-0.15708561,-0.12378413,-0.15384975,-0.1410757,-0.13984437,-0.18093297,-0.15401575,-0.25777104,-0.12844054,-0.15391812,-0.13462572,-0.119081676,-0.15398273,-0.15718684,-0.15718867,-0.1571899,-0.19755594,-0.25103784,-0.20219928,-0.19465852,-0.24831252,-0.20506537,-0.22091979,-0.15399984,-0.12992725,-0.11956477,-0.15399359,-0.15718287,-0.20931396,-0.18224281,-0.15398544,-0.32474133,-0.15401362,-0.1571928,-0.15719157,-0.15719116,-0.2185038,-0.15398526,-0.114121355,-0.15398753,-0.15717687,-0.15718314,-0.22984435,-0.15400657,-0.15716599,-0.08963354,-0.15389654,-0.15713803,-0.15715894,-0.15715918,-0.13302092,-0.1051107,-0.14014931,-0.15141064,-0.15839578,-0.15615125,-0.14613561,-0.15400244,-0.12319561,-0.13034391,-0.1539649,-0.1571926,-0.15719208,-0.15719208,-0.15719265,-0.38518023,-0.11451449,-0.15397184,-0.15564899,-0.14443555,-0.16636807,-0.15400875,-0.15711254,-0.12993515,-0.047159404,-0.14774938,-0.14016809,-0.14106366,-0.15385237,-0.19987361,-0.1649412,-0.17166539,-0.1539842,-0.15714532,-0.12722544,-0.14610182,-0.2588673,-0.13011426,-0.15387441,-0.09132757,-0.12832497,-0.13684332,-0.16221203,-0.15659244,-0.12946735,-0.15373771,-0.15708944,-0.15714255,-0.15717953,-0.15740095,-0.19795567,-0.15106063,-0.07294749,-0.2039893,-0.15397313,-0.15714025,-0.104459345,-0.15360433,-0.17466888,-0.13176009,-0.1539795,-0.15109587,-0.10913184,-0.15380302,-0.05825615,-0.14326635,2.3419309,-0.15391472,-0.18883844,-0.15401495,-0.31316653,-0.15400502,-0.16808087,-0.14331596,-0.15400648,-0.15718898,-0.25088155,-0.15401536,-0.22115314,-0.07562123,-0.086852394,-0.10702289,-0.060967896,-0.14694205,-0.16796505,-0.15746465,-0.22133875,-0.12812386,-0.0969081,-0.16398169,-0.12716047,-0.11335766,-0.18846886,-0.1303349,-0.17755464,-0.0994983,-0.115196005,-0.15391552,-0.11662802,-0.19749595,-0.14526704,-0.12781724,-0.096878245,-0.1539133,-0.15697555,-0.12434345,-0.11230643,-0.063823454,-0.15383857,-0.11419349,-0.10007019,-0.24483351,-0.15401585,-0.15718052,-0.16344379,-0.1759062,-0.12524253,-0.15399966,-0.0782174,-0.19187105,-0.18185812,-0.09859173,-0.11065883,-0.15364085,-0.15683734,-0.083404,-0.1213824,-0.13072303,-0.13855581,-0.19385117,-0.15397611,-0.1571854,-0.19487974,-0.23847799,-0.2432746,-0.12996492,-0.15379114,-0.15715456,-0.14520228,-0.2961179,-0.15401506,-0.19813283,-0.13022654,-0.15394604,-0.060104962,-0.15931924,-0.15401322,-0.2028091,-0.2868003,-0.11816878,-0.14795661,-0.10060286,-0.15384519,-0.13614628,-0.20725825,-0.17393659,-0.125103,-0.15657571,-0.15690626,-0.15401167,-0.15718806,-0.16221246,-0.22200036,-0.13041604,-0.2814266,-0.15401633,-0.1915083,-0.24371436,-0.16952515,-0.15392625,-0.13369927,-0.12557748,-0.1540083,-0.18106565,-0.15401605,-0.18642783,-0.15395774,-0.30462334,-0.15389693,-0.14691104,-0.13029914,-0.15400192,-0.15717444,-0.18915205,-0.13032562,-0.15400729,-0.10481856,-0.1650517,-0.15400523,-0.15719032,-0.15716049,-0.12986726,-0.1538997,-0.15715404,-0.15714356,-0.15715656,-0.15716481,-0.16505513,-0.17392421,-0.15400025,-0.15718234,-0.15717146,-0.1571829,-0.2025511,-0.15354379,-0.14723541,-0.15294552,-0.11499533,-0.10471026,-0.11893196,-0.15400404,-0.15710981,-0.13027894,-0.19501048,-0.15401271,-0.18738703,-0.11705899,-0.17429145,-0.1540027,-0.06652963,-0.15373233,-0.10737923,-0.124497145,-0.15298569,-0.052188452,-0.26007295
k__Bacteria|p__Proteobacteria|c__Epsilonproteobacteria|o__Campylobacterales|f__Campylobacteraceae|g__Campylobacter|s__Campylobacter_concisus,-0.1004395,-0.12316422,-0.15390345,-0.1572893,-0.15728962,-0.23867357,-0.1666669,-0.16813041,-0.10929718,-0.22895765,-0.23728925,-0.15390879,-0.22850217,-0.3768707,-0.08556121,-0.15345274,-0.058144663,-0.15330191,-0.15721999,-0.19931981,-0.1978925,-0.12854393,-0.15386917,-0.12711628,-0.20043859,-0.11658599,-0.182019,-0.25032333,-0.1509206,-0.15387513,-0.15142563,-0.10844302,-0.18249588,-0.28454733,-0.15389422,-0.12875643,-0.1539061,-0.22338755,-0.1539092,-0.29867563,-0.15390927,-0.29356226,-0.12797084,-0.15374577,0.9772034,-0.15390301,-0.23188588,-0.24781659,-0.1296162,-0.12876357,-0.24679694,-0.18279888,-0.25087595,-0.26027086,-0.28621647,-0.27511892,-0.11894142,-0.15381181,-0.040142577,-0.056944285,-0.1531066,-0.11274739,-0.13743341,-0.12863559,-0.15388525,-0.15728435,-0.15728939,-0.15729009,-0.27573854,-0.15386592,-0.12863612,-0.16243835,-0.12334165,-0.14074792,-0.153871,-0.15887658,-0.14481027,-0.12873882,-0.18691605,-0.14998752,-0.15389572,-0.15726568,-0.15727837,-0.15720686,-0.120334074,-0.13700745,-0.08858878,-0.15388906,-0.19008024,-0.15390158,-0.2004665,-0.11139822,-0.1388583,2.5610273,-0.1074974,-0.15152657,-0.15379375,-0.15695375,-0.10065024,-0.08152827,-0.09427856,-0.15384892,-0.11960925,-0.15027548,-0.16982608,-0.1185138,-0.15386823,-0.15728256,-0.17738779,-0.15176103,-0.15390481,-0.25953975,-0.17989698,-0.13525523,-0.15390164,-0.15095688,-0.17780018,-0.2009549,-0.15387987,-0.09015879,-0.15357202,-0.12151222,-0.121854745,-0.13997786,-0.21433522,-0.13908121,-0.16057305,-0.15382165,-0.07092635,-0.15320268,-0.15644276,-0.18733518,-0.15362583,-0.12862061,-0.12334781,-0.14100276,-0.15385649,-0.114095174,-0.25318068,-0.26654312,-0.12778838,-0.10945694,-0.15384638,-0.09238048,-0.20963459,-0.15390189,-0.15719916,-0.12807956,-0.15382281,-0.16015086,-0.1553517,-0.15390676,-0.19704957,-0.20616047,-0.12744316,-0.10460003,-0.11361031,-0.10256614,-0.15389842,-0.19495486,-0.15387219,-0.12800162,-0.15372717,-0.041086134,-0.12967405,-0.15390544,-0.2300741,-0.15388231,0.7844669,-0.1523293,-0.0784167,-0.15374812,-0.12766197,-0.15376973,-0.121451,-0.075820275,-0.09192432,-0.101488546,-0.15360956,-0.1571841,-0.12378413,-0.15373261,-0.1410757,-0.13984437,-0.18093297,-0.1539081,-0.25777104,-0.12844054,-0.15380897,-0.13462572,-0.119081676,-0.1538753,-0.15728487,-0.1572867,-0.15728794,-0.19755594,-0.25103784,-0.20219928,-0.19465852,-0.24831252,-0.20506537,-0.22091979,-0.15389183,-0.12831198,-0.11956477,-0.15388602,-0.15728089,-0.20931396,-0.18224281,-0.15387681,-0.32474133,-0.15390599,-0.15729085,-0.15728965,-0.15728924,-0.2185038,-0.15387589,-0.114121355,-0.15387931,-0.15727453,-0.15728113,-0.22984435,-0.15389898,-0.15726177,-0.08963354,-0.15378773,-0.15723649,-0.1572567,-0.15725757,-0.13302092,-0.1051107,-0.14014931,-0.15141064,-0.15839578,-0.15615125,-0.14613561,-0.15389496,-0.12319561,-0.12870888,-0.15385656,-0.15729065,-0.15729015,-0.15729016,-0.15729071,-0.38518023,-0.11451449,-0.15386409,-0.15564899,-0.14443555,-0.16636807,-0.15390101,-0.15720831,-0.12993515,-0.047159404,-0.14753327,-0.14016809,-0.14106366,-0.15374418,-0.19987361,-0.1649412,-0.17166539,-0.15387666,-0.15724403,-0.12722544,-0.14610182,-0.2588673,-0.12848945,-0.15376705,-0.09132757,-0.12832497,-0.13684332,-0.16221203,-0.15659244,-0.12785664,-0.15362623,-0.15718749,-0.15724076,-0.1572776,-0.15740095,-0.19795567,-0.15106063,-0.07294749,-0.2039893,-0.15386513,-0.15723877,-0.104459345,-0.1534986,-0.17466888,-0.13176009,-0.15387227,-0.15109587,-0.10913184,-0.15369363,-0.05825615,-0.14326635,-0.17082691,-0.15380654,-0.18883844,-0.15390727,-0.31316653,-0.153897,-0.16808087,-0.14331596,-0.15389884,-0.15728697,-0.25088155,-0.15390767,-0.22115314,-0.07562123,-0.086852394,-0.10702289,-0.060967896,-0.14673455,-0.16796505,-0.15746465,-0.22133875,-0.12812386,-0.0969081,-0.16398169,-0.12716047,-0.11335766,-0.18846886,-0.12870093,-0.17755464,-0.0994983,-0.115196005,-0.15380757,-0.11662802,-0.19749595,-0.14526704,-0.12781724,-0.096878245,-0.15380631,-0.1570739,-0.12434345,-0.11230643,-0.063823454,-0.15373021,-0.11419349,-0.10007019,-0.24483351,-0.15390822,-0.1572782,-0.16344379,-0.1759062,-0.12524253,-0.15389208,-0.0782174,-0.19187105,-0.18185812,-0.09859173,-0.11065883,-0.15353459,-0.15693569,-0.083404,-0.1213824,-0.13072303,-0.13855581,-0.19385117,-0.15386802,-0.15728347,-0.19487974,-0.23847799,-0.2432746,-0.12833534,-0.1536834,-0.15725237,-0.14520228,-0.2961179,-0.1539074,-0.19813283,-0.1285951,-0.15383783,-0.060104962,-0.15931924,-0.15390551,-0.2028091,-0.2868003,-0.11816878,1.0117112,-0.10060286,-0.15373632,-0.13614628,-0.20725825,-0.17393659,-0.125103,-0.15657571,-0.15690626,-0.15390398,-0.15728614,-0.16221246,-0.22200036,-0.1287803,-0.2814266,-0.15390867,-0.1915083,-0.24371436,-0.16952515,-0.15381564,-0.13369927,-0.12557748,-0.15390058,-0.18106565,-0.15390837,-0.18642783,-0.15384814,-0.30462334,-0.15378791,-0.14691104,-0.13029914,-0.15389423,-0.15727255,-0.18915205,-0.12869167,-0.15389964,-0.10481856,-0.1650517,-0.15389743,-0.15728837,-0.15725757,-0.12824805,-0.15379247,-0.15725163,-0.15724128,-0.15725417,-0.15726267,-0.16505513,1.8615733,-0.15389246,-0.15728045,-0.15726946,-0.157281,-0.2025511,-0.15354379,-0.14723541,-0.15282018,-0.11499533,-0.10471026,-0.11893196,-0.15389633,-0.157205,-0.12864634,-0.19501048,-0.15390497,-0.18738703,-0.11705899,-0.17429145,-0.15389463,-0.06652963,-0.15362445,-0.10737923,-0.124497145,-0.15298569,-0.052188452,-0.26007295
k__Bacteria|p__Proteobacteria|c__Gammaproteobacteria|o__Enterobacterales|f__Morganellaceae|g__Morganella|s__Morganella_morganii,-0.1004395,-0.12316422,-0.1539568,-0.15723053,-0.15723081,-0.23867357,-0.1666669,-0.16813041,-0.10929718,-0.22895765,-0.23728925,-0.15396158,-0.22850217,-0.3768707,-0.08556121,-0.15356055,-0.058144663,-0.15342695,-0.15716857,-0.19931981,-0.1978925,-0.12945853,-0.15392631,-0.12711628,-0.20043859,-0.11658599,-0.182019,-0.25032333,-0.1509206,-0.15393129,-0.15142563,-0.10844302,-0.18249588,-0.28454733,-0.15394849,-0.12964316,-0.15395918,-0.22338755,-0.15396196,-0.29867563,-0.15396202,-0.29356226,-0.12896433,-0.15381467,-0.13691942,-0.15395644,-0.23188588,-0.24781659,-0.1296162,-0.12964912,-0.24679694,-0.18279888,-0.25087595,-0.26027086,-0.28621647,-0.27511892,-0.11894142,-0.15387529,-0.040142577,-0.056944285,-0.15323932,-0.11274739,-0.13743341,-0.1295366,-0.15394032,-0.15722612,-0.15723059,-0.15723121,-0.27573854,-0.15392284,-0.12953784,-0.16243835,-0.12334165,-0.14074792,-0.15392786,-0.15887658,-0.14481027,-0.12962797,-0.18691605,-0.14998752,-0.15394993,-0.1572094,-0.15722065,-0.15715659,-0.120334074,-0.13700745,-0.08858878,-0.153944,-0.19008024,-0.15395516,-0.2004665,-0.11139822,-0.1388583,-0.13027036,-0.1074974,-0.15152657,-0.15385911,-0.15693724,-0.10065024,-0.08152827,-0.09427856,-0.15390837,-0.11960925,-0.15027548,-0.16982608,-0.1185138,-0.15392512,-0.1572245,-0.17738779,-0.15176103,-0.15395801,-0.25953975,-0.17989698,-0.13525523,-0.15395522,-0.15095688,-0.17780018,-0.2009549,-0.1539352,-0.09015879,-0.15366313,-0.12151222,-0.121854745,-0.13997786,-0.21433522,-0.13908121,-0.16057305,-0.15388419,-0.07092635,-0.15333426,-0.15646201,-0.18733518,-0.15370373,-0.12952536,-0.12334781,-0.14100276,-0.15391494,-0.114095174,-0.25318068,1.4867631,-0.12879725,-0.10945694,-0.15390608,-0.09238048,-0.20963459,-0.15395543,-0.1571478,-0.12905702,-0.1538848,-0.16015086,-0.1553517,-0.15395978,-0.19704957,-0.20616047,-0.12848826,-0.10460003,-0.11361031,-0.10256614,-0.15395239,-0.19495486,-0.15392892,-0.12897718,-0.15380073,-0.041086134,-0.12967405,-0.15395853,-0.2300741,-0.15393767,-0.10384405,-0.15256315,-0.0784167,-0.1538184,-0.12766197,-0.15383777,-0.121451,-0.075820275,-0.09192432,-0.101488546,-0.1536956,-0.15713717,-0.12378413,-0.15380836,-0.1410757,-0.13984437,-0.18093297,-0.15396096,-0.25777104,-0.12844054,-0.15387225,-0.13462572,-0.119081676,-0.15393196,-0.15722658,-0.1572282,-0.1572293,-0.19755594,-0.25103784,-0.20219928,-0.19465852,-0.24831252,-0.20506537,-0.22091979,-0.15394625,-0.12925622,-0.11956477,-0.15394138,-0.15722299,-0.20931396,-0.18224281,-0.15393294,-0.32474133,-0.1539591,-0.15723191,-0.15723085,-0.15723047,-0.2185038,-0.15393215,-0.114121355,-0.15393499,-0.15721701,-0.15722322,-0.22984435,-0.15395293,-0.15720597,-0.08963354,-0.15385343,-0.15718378,-0.15720117,-0.15720245,3.2295632,-0.1051107,-0.14014931,-0.15141064,-0.15839578,-0.15615125,-0.14613561,-0.15394935,-0.12319561,-0.12960088,-0.15391433,-0.15723175,-0.15723127,-0.15723127,-0.15723178,-0.38518023,-0.11451449,-0.15392154,-0.15564899,-0.14443555,-0.16636807,-0.15395457,-0.15715656,-0.12993515,-0.047159404,-0.14818475,-0.14016809,-0.14106366,-0.15381393,-0.19987361,-0.1649412,-0.17166539,-0.15393296,-0.15719056,-0.12722544,-0.14610182,-0.2588673,-0.12941265,-0.15383579,-0.09132757,-0.12832497,-0.13684332,-0.16221203,-0.15659244,-0.12884918,-0.1537092,-0.15713987,-0.15718739,-0.15722013,-0.15740095,-0.19795567,-0.15106063,-0.07294749,-0.2039893,-0.1539223,-0.15718591,-0.104459345,-0.15360261,-0.17466888,-0.13176009,-0.15392926,-0.15109587,-0.10913184,-0.15376994,-0.05825615,-0.14326635,-0.17082691,-0.15386987,-0.18883844,-0.1539602,-0.31316653,-0.15395078,-0.16808087,-0.14331596,-0.15395272,-0.15722841,-0.25088155,-0.15396056,-0.22115314,-0.07562123,-0.086852394,-0.10702289,-0.060967896,-0.14746767,-0.16796505,-0.15746465,-0.22133875,-0.12812386,-0.0969081,-0.16398169,-0.12716047,-0.11335766,-0.18846886,-0.12959456,-0.17755464,-0.0994983,-0.115196005,-0.15387104,-0.11662802,-0.19749595,-0.14526704,-0.12781724,-0.096878245,-0.15387088,-0.15703884,-0.12434345,-0.11230643,-0.063823454,-0.15380296,3.0547194,1.4269584,0.73845243,-0.15396106,-0.15722042,-0.16344379,-0.1759062,-0.12524253,-0.15394673,-0.0782174,-0.19187105,-0.18185812,-0.09859173,3.6813354,-0.15362915,-0.15691575,-0.083404,-0.1213824,-0.13072303,-0.13855581,-0.19385117,-0.1539248,-0.15722534,-0.19487974,-0.23847799,-0.2432746,-0.1292695,-0.15376067,-0.15719739,-0.14520228,-0.2961179,-0.15396035,-0.19813283,-0.1295026,-0.15389794,-0.060104962,-0.15931924,-0.15395862,-0.2028091,-0.2868003,-0.11816878,-0.14795661,-0.10060286,-0.15380679,-0.13614628,-0.20725825,-0.17393659,-0.125103,-0.15657571,-0.15690626,-0.15395725,-0.1572277,-0.16221246,-0.22200036,-0.12966387,-0.2814266,-0.15396148,-0.1915083,-0.24371436,-0.16952515,-0.15387765,-0.13369927,-0.12557748,-0.1539542,-0.18106565,-0.15396123,-0.18642783,-0.15390651,-0.30462334,-0.15385239,-0.14691104,-0.13029914,-0.15394855,-0.15721561,-0.18915205,-0.12958686,-0.15395345,-0.10481856,-0.1650517,-0.15395132,-0.15722969,-0.15720165,-0.12919529,-0.15385821,-0.15719654,-0.15718754,-0.15719889,-0.15720686,-0.16505513,-0.17392421,-0.15394689,-0.15722263,-0.15721273,-0.15722314,-0.2025511,-0.15354379,-0.14723541,-0.15297392,-0.11499533,-0.10471026,-0.11893196,-0.15395044,-0.15715463,-0.12954801,-0.19501048,-0.15395811,-0.18738703,-0.11705899,-0.17429145,-0.1539489,-0.06652963,-0.15371038,-0.10737923,-0.124497145,-0.15298569,-0.052188452,-0.26007295
k__Bacteria|p__Proteobacteria|c__Gammaproteobacteria|o__Enterobacterales|f__Enterobacteriaceae|g__Leclercia|s__Leclercia_adecarboxylata,-0.1004395,-0.12316422,-0.15364516,-0.15696138,-0.15696168,-0.23867357,-0.1666669,-0.16813041,-0.10929718,-0.22895765,-0.23728925,-0.15365049,-0.22850217,-0.3768707,-0.08556121,-0.15320703,-0.058144663,-0.15306109,-0.15689263,-0.19931981,-0.1978925,-0.12881178,-0.15361145,-0.12711628,-0.20043859,-0.11658599,-0.182019,-0.25032333,-0.1509206,-0.15361679,-0.15142563,-0.10844302,-0.18249588,-0.28454733,-0.15363586,-0.12901662,-0.15364784,-0.22338755,-0.15365088,-0.29867563,-0.15365095,-0.29356226,-0.12828079,-0.15348677,-0.13691942,-0.1536448,-0.23188588,-0.24781659,-0.1296162,-0.12902299,-0.24679694,-0.18279888,-0.25087595,-0.26027086,-0.28621647,-0.27511892,-0.11894142,-0.15355498,-0.040142577,-0.056944285,-0.15284677,-0.11274739,-0.13743341,-0.12889713,-0.15362677,-0.1569565,-0.15696144,-0.15696216,-0.27573854,-0.15360719,-0.12890007,-0.16243835,-0.12334165,-0.14074792,-0.15361312,-0.15887658,-0.14481027,-0.12899983,-0.18691605,-0.14998752,-0.15363759,-0.15693797,-0.15695035,-0.1568779,-0.120334074,-0.13700745,-0.08858878,-0.15363103,-0.19008024,-0.15364337,-0.2004665,-0.11139822,-0.1388583,-0.13027036,-0.1074974,-0.15152657,-0.153537,-0.15663207,-0.10065024,-0.08152827,-0.09427856,-0.15359165,-0.11960925,-0.15027548,-0.16982608,-0.1185138,-0.15360992,-0.15695472,-0.17738779,-0.15176103,-0.1536465,-0.25953975,-0.17989698,-0.13525523,-0.15364343,-0.15095688,-0.17780018,-0.2009549,-0.15362068,-0.09015879,-0.15332076,-0.12151222,-0.121854745,-0.13997786,-0.21433522,-0.13908121,-0.16057305,-0.1535649,-0.07092635,-0.15295567,-0.15610199,-0.18733518,-0.1533604,-0.12888676,-0.12334781,-0.14100276,-0.15359883,-0.114095174,-0.25318068,-0.26654312,-0.12807547,-0.10945694,-0.15358913,-0.09238048,-0.20963459,-0.15364367,-0.15686846,-0.128366,-0.15356517,-0.16015086,-0.1553517,-0.15364847,2.7395642,-0.20616047,-0.12776172,-0.10460003,-0.11361031,-0.10256614,-0.15364033,-0.19495486,-0.1536139,-0.1282751,-0.15347245,-0.041086134,-0.12967405,-0.15364707,-0.2300741,-0.15362367,-0.10384405,-0.15209919,-0.0784167,-0.15349166,-0.12766197,-0.15351337,-0.121451,-0.075820275,-0.09192432,-0.101488546,-0.15335593,-0.15685818,-0.12378413,-0.15348122,-0.1410757,-0.13984437,-0.18093297,-0.15364979,-0.25777104,-0.12844054,-0.15355137,-0.13462572,-0.119081676,-0.1536178,-0.156957,-0.15695882,-0.15696003,-0.19755594,-0.25103784,-0.20219928,-0.19465852,-0.24831252,-0.20506537,-0.22091979,-0.15363333,-0.1285793,-0.11956477,-0.15362817,-0.156953,-0.20931396,-0.18224281,-0.1536187,3.2414668,-0.15364775,-0.15696293,-0.15696174,-0.15696132,-0.2185038,-0.15361786,-0.114121355,-0.15362084,-0.15694621,-0.15695326,-0.22984435,-0.15364093,-0.15693432,-0.08963354,-0.15353057,-0.15690985,-0.15692873,-0.15693042,-0.13302092,-0.1051107,-0.14014931,-0.15141064,-0.15839578,-0.15615125,-0.14613561,-0.15363702,-0.12319561,-0.12896943,-0.15359776,-0.15696272,-0.15696222,-0.15696222,-0.15696277,-0.38518023,-0.11451449,-0.15360606,-0.15564899,-0.14443555,-0.16636807,-0.15364265,-0.15687838,-0.12993515,-0.047159404,-0.14719404,-0.14016809,-0.14106366,-0.15348655,-0.19987361,-0.1649412,-0.17166539,-0.15361881,-0.1569174,-0.12722544,-0.14610182,-0.2588673,-0.1287565,-0.15351124,-0.09132757,-0.12832497,-0.13684332,-0.16221203,-0.15659244,-0.12813948,-0.1533702,-0.15686104,-0.15691367,-0.15694986,-0.15740095,-0.19795567,-0.15106063,-0.07294749,-0.2039893,-0.15360679,-0.15691221,-0.104459345,-0.15325618,-0.17466888,-0.13176009,-0.15361488,-0.15109587,-0.10913184,-0.15343803,-0.05825615,-0.14326635,-0.17082691,-0.15354869,-0.18883844,-0.15364894,-0.31316653,-0.1536383,-0.16808087,-0.14331596,-0.15364066,-0.156959,-0.25088155,-0.15364933,-0.22115314,-0.07562123,-0.086852394,-0.10702289,-0.060967896,-0.14640255,-0.16796505,-0.15746465,-0.22133875,-0.12812386,-0.0969081,-0.16398169,-0.12716047,-0.11335766,-0.18846886,-0.12896231,-0.17755464,-0.0994983,-0.115196005,-0.15355001,-0.11662802,-0.19749595,-0.14526704,-0.12781724,-0.096878245,-0.15355046,-0.15674907,-0.12434345,-0.11230643,-0.063823454,-0.15347478,-0.11419349,-0.10007019,-0.24483351,-0.15364991,-0.15694997,-0.16344379,-0.1759062,-0.12524253,-0.15363407,-0.0782174,-0.19187105,-0.18185812,-0.09859173,-0.11065883,-0.1532827,-0.15661274,-0.083404,-0.1213824,-0.13072303,-0.13855581,-0.19385117,-0.15360951,-0.15695563,-0.19487974,-0.23847799,-0.2432746,-0.12860517,-0.15342793,-0.15692455,-0.14520228,-0.2961179,-0.15364912,-0.19813283,-0.12885907,-0.15357973,-0.060104962,-0.15931924,-0.15364718,-0.2028091,-0.2868003,-0.11816878,-0.14795661,-0.10060286,-0.15347835,-0.13614628,-0.20725825,-0.17393659,-0.125103,-0.15657571,-0.15690626,-0.15364566,-0.15695827,-0.16221246,-0.22200036,-0.1290393,-0.2814266,-0.15365036,-0.1915083,-0.24371436,-0.16952515,-0.15355669,-0.13369927,-0.12557748,-0.15364227,-0.18106565,-0.15365009,-0.18642783,-0.1535888,-0.30462334,-0.15352875,-0.14691104,-0.13029914,-0.15363601,-0.1569449,-0.18915205,-0.1289543,-0.15364148,-0.10481856,-0.1650517,-0.15363905,-0.15696044,-0.15692867,-0.12851067,-0.15353611,-0.15692347,-0.1569137,-0.15692618,-0.15693521,-0.16505513,-0.17392421,-0.15363413,-0.15695265,-0.15694162,-0.15695322,-0.2025511,-0.15354379,-0.14723541,-0.15254688,-0.11499533,-0.10471026,-0.11893196,-0.15363812,-0.15687642,-0.1289114,-0.19501048,-0.15364662,-0.18738703,-0.11705899,-0.17429145,-0.15363622,-0.06652963,-0.15337263,-0.10737923,-0.124497145,-0.15298569,-0.052188452,-0.26007295
k__Bacteria|p__Proteobacteria|c__Gammaproteobacteria|o__Enterobacterales|f__Enterobacteriaceae|g__Citrobacter|s__Citrobacter_koseri,-0.1004395,-0.12316422,-0.15346086,-0.15671945,-0.15671965,-0.23867357,-0.1666669,-0.16813041,-0.10929718,-0.22895765,-0.23728925,-0.15346435,-0.22850217,-0.3768707,-0.08556121,-0.1531721,-0.058144663,-0.1530852,-0.15667452,-0.19931981,-0.1978925,-0.12912188,-0.15343902,-0.12711628,-0.20043859,-0.11658599,-0.182019,-0.25032333,-0.1509206,-0.1534423,-0.15142563,-0.10844302,-0.18249588,-0.28454733,-0.1534544,-0.129259,-0.15346262,-0.22338755,-0.15346459,-0.29867563,-0.15346462,-0.29356226,-0.1287352,-0.15335673,-0.13691942,-0.15346067,-0.23188588,-0.24781659,-0.1296162,-0.12926334,-0.24679694,-0.18279888,-0.25087595,-0.26027086,-0.28621647,-0.27511892,-0.11894142,-0.15340196,-0.040142577,-0.056944285,-0.15294012,-0.11274739,-0.13743341,-0.12917857,-0.15344879,-0.1567163,-0.15671948,-0.15671994,-0.27573854,-0.1534349,-0.12917955,-0.16243835,-0.12334165,-0.14074792,-0.15344015,-0.15887658,-0.14481027,-0.12924778,-0.18691605,-0.14998752,-0.15345596,-0.15670422,-0.15671223,-0.15666276,-0.120334074,-0.13700745,-0.08858878,-0.15345171,-0.19008024,-0.15345973,-0.2004665,-0.11139822,-0.1388583,-0.13027036,-0.1074974,-0.15152657,-0.15339094,-0.15648799,4.4287543,2.0121732,0.7901557,-0.1534262,-0.11960925,-0.15027548,-0.16982608,-0.1185138,-0.15343776,-0.15671512,-0.17738779,-0.15176103,-0.15346172,-0.25953975,-0.17989698,-0.13525523,-0.15345976,-0.15095688,-0.17780018,-0.2009549,-0.15344399,-0.09015879,-0.15325107,-0.12151222,-0.121854745,-0.13997786,-0.21433522,-0.13908121,-0.16057305,-0.15340893,-0.07092635,-0.15301076,-0.1561543,-0.18733518,-0.153272,-0.12916487,-0.12334781,-0.14100276,-0.15343085,-0.114095174,-0.25318068,-0.26654312,-0.1286013,-0.10945694,-0.1534246,-0.09238048,-0.20963459,-0.15345992,-0.15665719,-0.12879308,-0.15340866,-0.16015086,-0.1553517,-0.15346304,-0.19704957,-0.20616047,-0.12836386,-0.10460003,-0.11361031,-0.10256614,-0.15345779,-0.19495486,-0.15344015,-0.12874156,-0.15334955,-0.041086134,-0.12967405,-0.15346208,-0.2300741,-0.15344658,-0.10384405,-0.15244433,-0.0784167,-0.15336064,-0.12766197,-0.1533753,-0.121451,-0.075820275,2.6569507,3.538106,-0.15327224,-0.15665275,-0.12378413,-0.15334433,-0.1410757,-0.13984437,-0.18093297,-0.15346389,-0.25777104,-0.12844054,-0.1533971,-0.13462572,-0.119081676,-0.15344325,-0.15671661,-0.15671778,-0.15671858,-0.19755594,-0.25103784,-0.20219928,-0.19465852,-0.24831252,-0.20506537,-0.22091979,-0.15345287,-0.12895343,-0.11956477,-0.15344992,-0.15671399,-0.20931396,-0.18224281,-0.15344244,-0.32474133,-0.15346254,-0.15672046,-0.15671968,-0.15671942,-0.2185038,-0.15344171,-0.114121355,-0.15344483,-0.15670937,-0.15671414,3.798441,-0.15345816,-0.15669993,-0.08963354,-0.1533858,-0.15668622,-0.15669811,-0.15669955,-0.13302092,-0.1051107,-0.14014931,-0.15141064,-0.15839578,-0.15615125,-0.14613561,-0.15345567,-0.12319561,-0.12922814,-0.15342979,-0.15672033,-0.15671998,-0.15672,-0.15672034,-0.38518023,-0.11451449,-0.15343547,-0.15564899,-0.14443555,-0.16636807,-0.15345922,-0.15666395,-0.12993515,-0.047159404,-0.14923525,-0.14016809,-0.14106366,-0.15335777,-0.19987361,-0.1649412,-0.17166539,-0.15344383,-0.15669124,-0.12722544,-0.14610182,-0.2588673,-0.12908597,-0.15337408,-0.09132757,-0.12832497,-0.13684332,-0.16221203,-0.15659244,-0.12860833,-0.15328008,-0.15665424,-0.15668857,-0.15671198,-0.15740095,-0.19795567,-0.15106063,-0.07294749,-0.2039893,-0.1534357,-0.15668784,-0.104459345,-0.15316688,-0.17466888,-0.13176009,-0.15344147,-0.15109587,-0.10913184,-0.15332498,-0.05825615,-0.14326635,-0.17082691,-0.15339793,-0.18883844,-0.1534633,-0.31316653,-0.15345618,-0.16808087,-0.14331596,-0.15345797,-0.15671787,-0.25088155,-0.15346359,-0.22115314,-0.07562123,-0.086852394,-0.10702289,-0.060967896,-0.14871502,-0.16796505,-0.15746465,-0.22133875,-0.12812386,-0.0969081,-0.16398169,-0.12716047,-0.11335766,-0.18846886,-0.12922308,-0.17755464,-0.0994983,-0.115196005,-0.15339902,-0.11662802,-0.19749595,-0.14526704,-0.12781724,-0.096878245,-0.15339969,-0.15658174,-0.12434345,-0.11230643,-0.063823454,-0.1533499,-0.11419349,-0.10007019,-0.24483351,-0.15346396,-0.15671177,-0.16344379,-0.1759062,-0.12524253,-0.15345374,-0.0782174,-0.19187105,-0.18185812,-0.09859173,-0.11065883,-0.15322645,-0.15649356,-0.083404,-0.1213824,-0.13072303,-0.13855581,-0.19385117,-0.15343748,-0.15671572,-0.19487974,-0.23847799,-0.2432746,-0.12898205,-0.15331969,-0.15669543,4.280978,-0.2961179,-0.15346345,1.9179046,-0.12915337,-0.15341806,-0.060104962,-0.15931924,-0.15346217,-0.2028091,-0.2868003,-0.11816878,-0.14795661,-0.10060286,-0.15335198,-0.13614628,-0.20725825,-0.17393659,-0.125103,-0.15657571,-0.15690626,-0.15346119,-0.15671742,-0.16221246,-0.22200036,-0.12927404,-0.2814266,-0.15346426,-0.1915083,-0.24371436,-0.16952515,-0.15340003,-0.13369927,-0.12557748,-0.15345897,-0.18106565,-0.15346408,-0.18642783,-0.1534224,-0.30462334,-0.15338463,-0.14691104,-0.13029914,-0.15345496,-0.1567088,-0.18915205,-0.12921797,-0.1534585,-0.10481856,-0.1650517,-0.15345684,-0.15671885,-0.1566975,-0.128923,-0.1533904,-0.15669464,-0.15668829,-0.15669638,-0.15670238,-0.16505513,-0.17392421,-0.15345365,-0.15671383,-0.1567066,-0.15671419,-0.2025511,-0.15354379,-0.14723541,-0.1527395,-0.11499533,-0.10471026,-0.11893196,-0.1534563,-0.1566618,-0.12918985,-0.19501048,-0.15346178,-0.18738703,-0.11705899,-0.17429145,-0.15345469,-0.06652963,-0.15328436,-0.10737923,-0.124497145,-0.15298569,-0.052188452,-0.26007295
k__Bacteria|p__Proteobacteria|c__Gammaproteobacteria|o__Pseudomonadales|f__Pseudomonadaceae|g__Pseudomonas|s__Pseudomonas_aeruginosa,-0.1004395,-0.12316422,-0.15314664,-0.15646279,-0.15646307,-0.23867357,-0.1666669,-0.16813041,-0.10929718,-0.22895765,-0.23728925,-0.15315177,-0.22850217,-0.3768707,-0.08556121,-0.1527206,-0.058144663,-0.15258273,-0.15639646,-0.19931981,-0.1978925,-0.1283172,-0.1531141,-0.12711628,-0.20043859,-0.11658599,-0.182019,-0.25032333,-0.1509206,-0.1531193,-0.15142563,-0.10844302,-0.18249588,-0.28454733,-0.1531375,-0.12851812,-0.15314922,-0.22338755,-0.15315215,-0.29867563,-0.15315223,-0.29356226,-0.12778065,-0.15299395,-0.13691942,-0.1531463,-0.23188588,-0.24781659,-0.1296162,-0.12852454,-0.24679694,-0.18279888,-0.25087595,-0.26027086,-0.28621647,-0.27511892,-0.11894142,-0.15305954,6.758682,-0.056944285,-0.15237868,-0.11274739,-0.13743341,-0.1284009,-0.15312895,-0.15645808,-0.15646283,-0.15646352,-0.27573854,-0.15310913,-0.12840372,-0.16243835,-0.12334165,-0.14074792,-0.15311578,-0.15887658,-0.14481027,-0.12850183,-0.18691605,-0.14998752,-0.15313932,-0.15644021,-0.15645218,-0.1563808,-0.120334074,-0.13700745,-0.08858878,-0.153133,-0.19008024,-0.15314491,-0.2004665,-0.11139822,-0.1388583,-0.13027036,-0.1074974,-0.15152657,-0.15304236,-0.15612653,-0.10065024,-0.08152827,-0.09427856,-0.15309498,-0.11960925,-0.15027548,-0.16982608,-0.1185138,-0.15311268,-0.15645635,-0.17738779,-0.15176103,-0.15314794,-0.25953975,-0.17989698,-0.13525523,-0.15314497,-0.15095688,-0.17780018,-0.2009549,-0.15312263,-0.09015879,-0.15283355,-0.12151222,-0.121854745,-0.13997786,-0.21433522,-0.13908121,-0.16057305,-0.15306917,-0.07092635,-0.15248026,-0.15563692,-0.18733518,-0.15287232,-0.128387,-0.12334781,-0.14100276,-0.15310198,-0.114095174,-0.25318068,-0.26654312,-0.12758231,-0.10945694,-0.15309256,-0.09238048,2.9853797,-0.15314521,-0.15637214,-0.1278669,-0.15306944,-0.16015086,-0.1553517,-0.15314983,-0.19704957,-0.20616047,-0.12726939,-0.10460003,-0.11361031,-0.10256614,-0.15314198,-0.19495486,-0.1531161,-0.12777545,-0.15298006,-0.041086134,-0.12967405,-0.15314847,-0.2300741,-0.15312566,-0.10384405,-0.15164736,-0.0784167,-0.15299833,-0.12766197,-0.15301944,-0.121451,-0.075820275,1.7173601,0.87022436,-0.15286711,-0.15636316,2.3719275,-0.15298179,-0.1410757,-0.13984437,-0.18093297,-0.1531511,-0.25777104,-0.12844054,-0.15305397,-0.13462572,-0.119081676,-0.15312022,-0.15645856,-0.15646031,-0.15646148,-0.19755594,-0.25103784,-0.20219928,-0.19465852,-0.24831252,-0.20506537,-0.22091979,-0.15313515,-0.12808228,-0.11956477,-0.15313023,-0.15645471,-0.20931396,-0.18224281,-0.15312052,-0.32474133,-0.15314911,-0.15646425,-0.15646312,-0.15646273,-0.2185038,-0.1531197,-0.114121355,-0.1531232,-0.1564482,-0.15645495,2.9276717,-0.15314254,-0.15643582,-0.08963354,-0.15303597,-0.15641302,-0.15643135,-0.15643293,-0.13302092,-0.1051107,-0.14014931,-0.15141064,-0.15839578,1.4938754,-0.14613561,-0.15313876,-0.12319561,-0.1284723,-0.15310109,-0.15646407,-0.15646358,-0.1564636,-0.15646413,-0.38518023,-0.11451449,-0.15310898,-0.15564899,-0.14443555,-0.16636807,-0.15314424,-0.15638253,-0.12993515,-0.047159404,-0.14694929,-0.14016809,-0.14106366,-0.15299398,-0.19987361,-0.1649412,-0.17166539,-0.15312123,-0.15642034,-0.12722544,-0.14610182,-0.2588673,-0.12826328,-0.15301731,-0.09132757,-0.12832497,-0.13684332,-0.16221203,-0.15659244,-0.1276337,-0.15288104,-0.15636596,-0.15641676,-0.15645167,-0.15740095,-0.19795567,-0.15106063,-0.07294749,-0.2039893,-0.15310967,-0.15641527,-0.104459345,-0.15272996,-0.17466888,-0.13176009,-0.15311742,-0.15109587,-0.10913184,-0.15294603,-0.05825615,-0.14326635,-0.17082691,-0.15305367,-0.18883844,-0.15315028,-0.31316653,-0.15314004,-0.16808087,-0.14331596,-0.15314229,-0.1564605,-0.25088155,-0.15315066,-0.22115314,-0.07562123,-0.086852394,-0.10702289,-0.060967896,-0.14618565,-0.16796505,-0.15746465,-0.22133875,-0.12812386,-0.0969081,-0.16398169,-0.12716047,-0.11335766,-0.18846886,-0.12846492,-0.17755464,-0.0994983,-0.115196005,-0.15305495,-0.11662802,-0.19749595,-0.14526704,-0.12781724,-0.096878245,-0.15305519,-0.15625787,-0.12434345,-0.11230643,-0.063823454,-0.15298195,-0.11419349,-0.10007019,-0.24483351,-0.15315121,-0.15645167,-0.16344379,-0.1759062,-0.12524253,-0.15313593,-0.0782174,-0.19187105,-0.18185812,-0.09859173,-0.11065883,-0.15279694,-0.15612653,-0.083404,-0.1213824,-0.13072303,-0.13855581,-0.19385117,-0.15311232,-0.15645722,-0.19487974,-0.23847799,-0.2432746,-0.12811132,-0.152937,-0.1564273,-0.14520228,-0.2961179,-0.15315044,-0.19813283,-0.1283638,-0.15308356,-0.060104962,-0.15931924,-0.15314859,-0.2028091,-0.2868003,-0.11816878,-0.14795661,-0.10060286,-0.15298592,-0.13614628,-0.20725825,-0.17393659,-0.125103,-0.15657571,-0.15690626,-0.15314713,-0.15645978,-0.16221246,-0.22200036,-0.12854034,-0.2814266,-0.15315163,-0.1915083,-0.24371436,-0.16952515,-0.1530592,-0.13369927,-0.12557748,-0.15314385,-0.18106565,-0.15315138,-0.18642783,-0.15309165,-0.30462334,-0.15303472,-0.14691104,-0.13029914,-0.15313783,-0.15644687,-0.18915205,-0.12845725,-0.15314308,-0.10481856,-0.1650517,-0.15314075,-0.15646188,-0.15643087,-0.12801607,-0.15304145,-0.15642631,-0.15641677,-0.15642887,-0.15643746,-0.16505513,-0.17392421,-0.15313603,-0.15645435,-0.15644376,-0.1564549,-0.2025511,-0.15354379,-0.14723541,-0.15209131,-0.11499533,-0.10471026,-0.11893196,-0.15313986,-0.15637958,-0.12841538,-0.19501048,-0.15314804,-0.18738703,-0.11705899,-0.17429145,-0.15313777,-0.06652963,-0.15288322,-0.10737923,-0.124497145,-0.15298569,-0.052188452,-0.26007295
k__Bacteria|p__Proteobacteria|c__Gammaproteobacteria|o__Enterobacterales|f__Yersiniaceae|g__Serratia|s__Serratia_marcescens,-0.1004395,-0.12316422,-0.15513058,-0.15843548,-0.15843576,-0.23867357,-0.1666669,-0.16813041,-0.10929718,-0.22895765,-0.23728925,-0.15513548,-0.22850217,-0.3768707,-0.08556121,-0.15472895,-0.058144663,-0.15459362,-0.1583721,-0.19931981,-0.1978925,-0.13039434,-0.15509953,-0.12711628,-0.20043859,-0.11658599,-0.182019,-0.25032333,-0.1509206,-0.15510444,-0.15142563,-0.10844302,-0.18249588,-0.28454733,-0.15512201,-0.13058561,-0.15513304,-0.22338755,-0.15513586,-0.29867563,-0.15513593,-0.29356226,-0.12989794,-0.15498471,-0.13691942,-0.15513024,-0.23188588,-0.24781659,-0.1296162,-0.13059163,-0.24679694,-0.18279888,-0.25087595,-0.26027086,-0.28621647,-0.27511892,-0.11894142,-0.15504734,-0.040142577,-0.056944285,-0.15439525,-0.11274739,-0.13743341,-0.1304729,-0.15511364,-0.158431,-0.15843552,-0.15843618,-0.27573854,-0.1550946,-0.13047723,-0.16243835,-0.12334165,-0.14074792,-0.15510109,-0.15887658,-0.14481027,-0.13057023,-0.18691605,-0.14998752,-0.15512359,-0.15841389,-0.1584253,-0.15835783,-0.120334074,-0.13700745,-0.08858878,-0.15511757,-0.19008024,-0.15512893,-0.2004665,-0.11139822,-0.1388583,0.8716425,-0.1074974,-0.15152657,-0.15503085,-0.15812373,-0.10065024,-0.08152827,-0.09427856,-0.15508124,-0.11960925,-0.15027548,-0.16982608,-0.1185138,-0.15509808,-0.15842934,-0.17738779,-0.15176103,-0.15513182,-0.25953975,-0.17989698,-0.13525523,-0.15512899,-0.15095688,-0.17780018,-0.2009549,-0.15510774,-0.09015879,-0.15483172,-0.12151222,-0.121854745,-0.13997786,-0.21433522,-0.13908121,-0.16057305,-0.15505657,-0.07092635,-0.15449616,-0.1576441,-0.18733518,-0.15486808,-0.13046205,-0.12334781,-0.14100276,-0.15508786,-0.114095174,-0.25318068,-0.26654312,-0.12968382,-0.10945694,-0.15507895,-0.09238048,-0.20963459,-0.15512922,-0.15834898,-0.12996966,-0.15505698,-0.16015086,-0.1553517,-0.15513363,-0.19704957,-0.20616047,-0.12938349,-0.10460003,-0.11361031,-0.10256614,-0.15512612,-0.19495486,-0.1551016,-0.12987407,-0.15497184,-0.041086134,-0.12967405,-0.15513232,-0.2300741,-0.1551106,-0.10384405,-0.1537051,-0.0784167,-0.15498891,-0.12766197,-0.15500912,-0.121451,-0.075820275,-0.09192432,-0.101488546,-0.15486363,-0.15834036,-0.12378413,-0.15497825,-0.1410757,-0.13984437,-0.18093297,-0.15513484,-0.25777104,-0.12844054,-0.15504211,-0.13462572,-0.119081676,-0.15510534,-0.15843147,-0.15843311,-0.15843423,-0.19755594,-0.25103784,-0.20219928,-0.19465852,-0.24831252,-0.20506537,-0.22091979,-0.1551196,-0.1301721,-0.11956477,-0.15511492,-0.15842777,-0.20931396,-0.18224281,-0.15510602,-0.32474133,-0.15513296,-0.1584369,-0.1584358,-0.15843543,-0.2185038,-0.15510486,-0.114121355,-0.15510812,-0.15842149,-0.158428,-0.22984435,-0.15512668,-0.15841001,-0.08963354,-0.15502484,-0.15838794,-0.1584054,-0.15840697,-0.13302092,-0.1051107,-0.14014931,-0.15141064,-0.15839578,-0.15615125,-0.14613561,-0.15512308,-0.12319561,-0.13054201,-0.15508692,-0.15843672,-0.15843624,-0.15843624,-0.15843675,-0.38518023,-0.11451449,-0.15509455,-0.15564899,-0.14443555,-0.16636807,-0.15512827,-0.1583586,-0.12993515,-0.047159404,-0.14919752,-0.14016809,-0.14106366,-0.15498446,-0.19987361,-0.1649412,-0.17166539,-0.15510628,-0.15839493,-0.12722544,-0.14610182,-0.2588673,-0.13034084,-0.1550071,0.83719105,2.1720145,2.7502563,-0.16221203,-0.15659244,-0.12972386,-0.15487659,-0.15834288,-0.1583915,-0.15842488,-0.15740095,-0.19795567,-0.15106063,-0.07294749,-0.2039893,-0.1550952,-0.15839007,-0.104459345,-0.15472952,-0.17466888,-0.13176009,-0.15510267,-0.15109587,-0.10913184,-0.1549392,-0.05825615,-0.14326635,-0.17082691,-0.15504162,-0.18883844,-0.15513405,-0.31316653,-0.15512419,-0.16808087,2.7712612,-0.15512642,-0.15843329,-0.25088155,-0.15513442,-0.22115314,-0.07562123,-0.086852394,-0.10702289,-0.060967896,-0.14846003,-0.16796505,-0.15746465,-0.22133875,-0.12812386,-0.0969081,-0.16398169,-0.12716047,-0.11335766,-0.18846886,-0.13053514,-0.17755464,-0.0994983,-0.115196005,-0.1550429,-0.11662802,-0.19749595,-0.14526704,-0.12781724,-0.096878245,-0.15504321,-0.15823959,-0.12434345,-0.11230643,-0.063823454,-0.15497342,-0.11419349,-0.10007019,-0.24483351,-0.15513496,-0.15842491,-0.16344379,-0.1759062,-0.12524253,-0.15512037,-0.0782174,-0.19187105,-0.18185812,-0.09859173,-0.11065883,-0.15479666,-0.1581144,-0.083404,-0.1213824,-0.13072303,-0.13855581,-0.19385117,-0.15509772,-0.15843019,-0.19487974,-0.23847799,-0.2432746,-0.13019365,-0.15493025,-0.15840153,-0.14520228,-0.2961179,-0.15513423,-0.19813283,-0.13043746,-0.15507026,-0.060104962,-0.15931924,-0.15513244,-0.2028091,-0.2868003,-0.11816878,-0.14795661,-0.10060286,-0.15497684,-0.13614628,-0.20725825,-0.17393659,-0.125103,-0.15657571,-0.15690626,-0.15513106,-0.1584326,-0.16221246,-0.22200036,-0.13060668,-0.2814266,-0.15513536,-0.1915083,-0.24371436,-0.16952515,-0.1550479,-0.13369927,-0.12557748,-0.15512791,-0.18106565,-0.15513512,-0.18642783,-0.15507832,-0.30462334,-0.15502337,-0.14691104,-0.13029914,-0.15512216,-0.15842026,-0.18915205,-0.13052775,-0.1551272,-0.10481856,-0.1650517,-0.15512493,-0.15843463,-0.15840507,-0.13009849,-0.15503013,-0.15840057,-0.15839148,-0.15840301,-0.1584113,-0.16505513,-0.17392421,-0.15512043,-0.15842743,-0.15841728,-0.15842795,-0.2025511,-0.15354379,-0.14723541,-0.15411898,-0.11499533,-0.10471026,-0.11893196,-0.1551241,-0.15835676,-0.13048829,-0.19501048,-0.15513192,-0.18738703,-0.11705899,-0.17429145,-0.15512222,-0.06652963,-0.15488003,-0.10737923,-0.124497145,-0.15298569,-0.052188452,-0.26007295
k__Bacteria|p__Proteobacteria|c__Gammaproteobacteria|o__Enterobacterales|f__Enterobacteriaceae|g__Pseudescherichia|s__Pseudescherichia_vulneris,-0.1004395,-0.12316422,-0.15334707,-0.15666953,-0.15666983,-0.23867357,-0.1666669,-0.16813041,-0.10929718,-0.22895765,-0.23728925,-0.15335196,-0.22850217,-0.3768707,-0.08556121,-0.15294108,-0.058144663,-0.15280373,-0.15660615,-0.19931981,-0.1978925,-0.12848,-0.15331587,-0.12711628,-0.20043859,-0.11658599,-0.182019,-0.25032333,-0.1509206,-0.153321,-0.15142563,-0.10844302,-0.18249588,-0.28454733,-0.15333855,-0.1286714,-0.15334952,-0.22338755,-0.15335235,-0.29867563,-0.15335241,-0.29356226,-0.12796783,-0.15320183,-0.13691942,-0.1533467,-0.23188588,-0.24781659,-0.1296162,-0.12867758,-0.24679694,-0.18279888,-0.25087595,-0.26027086,-0.28621647,-0.27511892,-0.11894142,-0.15326361,-0.040142577,-0.056944285,-0.15261355,-0.11274739,-0.13743341,-0.12856102,-0.15333024,-0.15666501,-0.15666959,-0.15667024,-0.27573854,-0.15331209,-0.12856248,-0.16243835,-0.12334165,-0.14074792,-0.15331745,-0.15887658,-0.14481027,-0.12865579,-0.18691605,-0.14998752,-0.15334007,-0.15664792,-0.15665942,-0.1565933,-0.120334074,-0.13700745,-0.08858878,-0.15333399,-0.19008024,-0.15334538,-0.2004665,-0.11139822,-0.1388583,-0.13027036,-0.1074974,-0.15152657,-0.153247,-0.15636054,-0.10065024,-0.08152827,-0.09427856,-0.15329748,-0.11960925,-0.15027548,-0.16982608,-0.1185138,-0.15331468,-0.15666337,-0.17738779,-0.15176103,-0.1533483,-0.25953975,-0.17989698,-0.13525523,-0.15334545,-0.15095688,-0.17780018,-0.2009549,-0.15332486,-0.09015879,-0.15304615,-0.12151222,-0.121854745,-0.13997786,-0.21433522,-0.13908121,-0.16057305,-0.15327267,-0.07092635,-0.15270925,-0.1558846,-0.18733518,-0.15308814,-0.1285496,-0.12334781,-0.14100276,-0.15330422,-0.114095174,-0.25318068,4.04431,-0.12778851,-0.10945694,-0.15329513,-0.09238048,-0.20963459,-0.15334567,-0.15658462,-0.12805688,-0.1532734,-0.16015086,1.6306921,-0.15335011,-0.19704957,-0.20616047,-0.12748218,-0.10460003,-0.11361031,-0.10256614,-0.15334253,-0.19495486,-0.15331832,-0.12797642,-0.15318707,-0.041086134,-0.12967405,-0.15334883,-0.2300741,-0.1533274,-0.10384405,-0.15191785,-0.0784167,-0.15320541,-0.12766197,-0.15322518,-0.121451,-0.075820275,-0.09192432,-0.101488546,-0.15307948,-0.15657389,-0.12378413,-0.15319334,-0.1410757,-0.13984437,-0.18093297,-0.15335134,-0.25777104,-0.12844054,-0.15325975,-0.13462572,-0.119081676,-0.1533216,-0.15666549,-0.15666716,-0.15666829,-0.19755594,-0.25103784,-0.20219928,-0.19465852,-0.24831252,-0.20506537,-0.22091979,-0.15333626,-0.12826356,-0.11956477,-0.15333128,-0.15666181,-0.20931396,-0.18224281,-0.15332255,1.9112293,-0.15334943,-0.15667096,-0.15666986,-0.15666947,-0.2185038,-0.15332186,-0.114121355,-0.15332481,-0.15665573,-0.15666205,-0.22984435,-0.15334308,-0.15664443,-0.08963354,-0.15324137,-0.15662163,-0.15663952,-0.15664077,-0.13302092,-0.1051107,-0.14014931,-0.15141064,-0.15839578,-0.15615125,-0.14613561,-0.15333943,-0.12319561,-0.12862785,-0.1533037,-0.15667076,-0.1566703,-0.1566703,-0.15667081,-0.38518023,-0.11451449,-0.15331101,-0.15564899,-0.14443555,-0.16636807,-0.15334478,-0.1565939,-0.12993515,-0.047159404,-0.14745066,-0.14016809,-0.14106366,-0.15320092,-0.19987361,-0.1649412,-0.17166539,-0.15332267,-0.15662855,-0.12722544,-0.14610182,-0.2588673,-0.1284303,-0.15322307,-0.09132757,-0.12832497,-0.13684332,-0.16221203,-0.15659244,-0.1278422,-0.15309377,-0.15657671,-0.15662536,-0.15665887,-0.15740095,-0.19795567,-0.15106063,-0.07294749,-0.2039893,-0.15331179,-0.1566238,-0.104459345,-0.15296265,-0.17466888,-0.13176009,-0.15331888,-0.15109587,-0.10913184,-0.15315579,-0.05825615,-0.14326635,-0.17082691,-0.15325817,-0.18883844,-0.15335056,-0.31316653,-0.1533409,-0.16808087,-0.14331596,-0.15334287,-0.15666735,-0.25088155,-0.15335092,-0.22115314,-0.07562123,-0.086852394,-0.10702289,-0.060967896,-0.14671753,-0.16796505,-0.15746465,-0.22133875,-0.12812386,-0.0969081,-0.16398169,-0.12716047,-0.11335766,-0.18846886,-0.12862092,-0.17755464,-0.0994983,-0.115196005,-0.1532593,-0.11662802,-0.19749595,-0.14526704,-0.12781724,-0.096878245,-0.15325907,-0.15647322,-0.12434345,-0.11230643,-0.063823454,-0.15318954,-0.11419349,-0.10007019,-0.24483351,-0.15335143,-0.15665916,-0.16344379,-0.1759062,-0.12524253,-0.15333675,-0.0782174,-0.19187105,-0.18185812,-0.09859173,-0.11065883,-0.15301132,-0.15634716,-0.083404,-0.1213824,-0.13072303,-0.13855581,-0.19385117,-0.15331435,-0.15666421,-0.19487974,-0.23847799,-0.2432746,-0.12828399,-0.15314625,-0.15663564,-0.14520228,-0.2961179,-0.15335071,-0.19813283,-0.12852556,-0.15328689,-0.060104962,-0.15931924,-0.15334892,-0.2028091,-0.2868003,-0.11816878,-0.14795661,-0.10060286,-0.15319364,-0.13614628,-0.20725825,-0.17393659,-0.125103,-0.15657571,-0.15690626,-0.15334754,-0.15666664,-0.16221246,-0.22200036,-0.12869275,-0.2814266,-0.15335184,-0.1915083,-0.24371436,-0.16952515,-0.15326557,-0.13369927,-0.12557748,-0.1533444,-0.18106565,-0.1533516,-0.18642783,-0.15329558,-0.30462334,-0.15324037,-0.14691104,-0.13029914,-0.15333864,-0.15665424,-0.18915205,-0.12861323,-0.15334365,-0.10481856,-0.1650517,-0.15334147,-0.1566687,-0.15663984,-0.12820047,-0.15324607,-0.15663478,-0.15662557,-0.1566372,-0.15664533,-0.16505513,-0.17392421,-0.15333694,-0.15666145,-0.15665133,-0.15666196,-0.2025511,-0.15354379,-0.14723541,-0.15234318,-0.11499533,-0.10471026,-0.11893196,-0.15334056,-0.15659155,-0.12857282,-0.19501048,-0.15334843,-0.18738703,-0.11705899,-0.17429145,-0.15333891,-0.06652963,-0.15309446,-0.10737923,-0.124497145,-0.15298569,-0.052188452,-0.26007295
k__Bacteria|p__Proteobacteria|c__Gammaproteobacteria|o__Enterobacterales|f__Enterobacteriaceae|g__Pluralibacter|s__Pluralibacter_gergoviae,-0.1004395,-0.12316422,-0.15293115,-0.15629804,-0.15629834,-0.23867357,-0.1666669,-0.16813041,-0.10929718,-0.22895765,-0.23728925,-0.15293613,-0.22850217,-0.3768707,-0.08556121,-0.15250549,-0.058144663,-0.15236387,-0.15623322,-0.19931981,-0.1978925,-0.1277294,-0.152899,-0.12711628,-0.20043859,-0.11658599,-0.182019,-0.25032333,-0.1509206,-0.15290466,-0.15142563,-0.10844302,-0.18249588,-0.28454733,-0.15292269,-0.12792507,-0.15293361,-0.22338755,-0.15293652,-0.29867563,-0.15293661,-0.29356226,-0.12720616,-0.15278386,-0.13691942,-0.1529307,-0.23188588,-0.24781659,-0.1296162,-0.12793148,-0.24679694,-0.18279888,-0.25087595,-0.26027086,-0.28621647,-0.27511892,-0.11894142,-0.15284549,-0.040142577,-0.056944285,-0.15218465,-0.11274739,-0.13743341,-0.12781295,-0.1529141,-0.15629339,-0.15629813,-0.15629879,-0.27573854,-0.15289631,-0.12781456,-0.16243835,-0.12334165,-0.14074792,-0.15290065,-0.15887658,-0.14481027,-0.12790865,-0.18691605,-0.14998752,-0.15292391,-0.15627593,-0.15628785,-0.15622112,-0.120334074,-0.13700745,-0.08858878,-0.15291764,-0.19008024,-0.15292938,-0.2004665,-0.11139822,-0.1388583,-0.13027036,-0.1074974,-0.15152657,-0.15282808,-0.15597743,-0.10065024,-0.08152827,-0.09427856,-0.15287995,-0.11960925,-0.15027548,-0.16982608,-0.1185138,-0.15289825,-0.15629172,-0.17738779,-0.15176103,-0.1529324,-0.25953975,-0.17989698,-0.13525523,-0.15292944,-0.15095688,-0.17780018,-0.2009549,-0.15290952,-0.09015879,-0.15261978,-0.12151222,-0.121854745,-0.13997786,-0.21433522,-0.13908121,-0.16057305,-0.15285435,-0.07092635,-0.15227324,-0.15550737,-0.18733518,-0.15267211,-0.12780191,-0.12334781,-0.14100276,-0.15288702,-0.114095174,-0.25318068,-0.26654312,-0.1270332,-0.10945694,-0.15287757,-0.09238048,-0.20963459,-0.15292965,-0.15621439,-0.12730458,-0.1528556,-0.16015086,-0.1553517,-0.15293424,-0.19704957,-0.20616047,-0.12674429,-0.10460003,-0.11361031,-0.10256614,-0.15292639,-0.19495486,-0.1529021,-0.12723514,-0.15276504,-0.041086134,-0.12967405,-0.15293302,-0.2300741,-0.15291154,-0.10384405,-0.15144795,-0.0784167,-0.15278578,-0.12766197,-0.15280563,-0.121451,-0.075820275,-0.09192432,-0.101488546,-0.15265566,-0.15619919,-0.12378413,-0.15277216,-0.1410757,-0.13984437,-0.18093297,-0.15293548,-0.25777104,-0.12844054,-0.15284374,-0.13462572,-0.119081676,-0.15290464,-0.1562939,-0.15629563,-0.15629679,-0.19755594,-0.25103784,-0.20219928,-0.19465852,-0.24831252,-0.20506537,-0.22091979,-0.1529204,-0.12751201,-0.11956477,-0.15291479,-0.15629017,-0.20931396,-0.18224281,-0.15290675,-0.32474133,-0.15293351,-0.1562995,-0.15629837,-0.15629798,-0.2185038,-0.15290633,-0.114121355,-0.15290868,-0.15628432,-0.15629041,-0.22984435,-0.15292697,-0.15627371,-0.08963354,-0.15282305,-0.15624845,-0.15626757,-0.15626818,-0.13302092,-0.1051107,-0.14014931,-0.15141064,-0.15839578,-0.15615125,-0.14613561,-0.1529231,-0.12319561,-0.12788062,-0.15288731,-0.15629932,-0.15629885,-0.15629885,-0.15629937,-0.38518023,-0.11451449,-0.15289423,-0.15564899,-0.14443555,-0.16636807,-0.15292886,-0.15622306,-0.12993515,-0.047159404,-0.14696822,-0.14016809,-0.14106366,-0.15278175,-0.19987361,-0.1649412,-0.17166539,-0.15290597,-0.15625542,-0.12722544,-0.14610182,-0.2588673,-0.12767655,-0.15280315,-0.09132757,-0.12832497,-0.13684332,-0.16221203,-0.15659244,-0.12711954,-0.15267263,-0.1562027,-0.15625247,-0.15628707,-0.15740095,-0.19795567,-0.15106063,-0.07294749,-0.2039893,-0.1528953,-0.15625057,-0.104459345,-0.1525701,-0.17466888,-0.13176009,-0.15290175,-0.15109587,-0.10913184,-0.15273486,-0.05825615,-0.14326635,3.215743,-0.1528404,1.9978855,-0.1529347,2.1320999,-0.15292518,-0.16808087,-0.14331596,-0.1529268,-0.1562959,-0.25088155,-0.15293509,-0.22115314,-0.07562123,-0.086852394,-0.10702289,-0.060967896,-0.14622676,-0.16796505,-0.15746465,-0.22133875,-0.12812386,-0.0969081,-0.16398169,-0.12716047,-0.11335766,-0.18846886,-0.12787339,-0.17755464,-0.0994983,-0.115196005,-0.15284124,-0.11662802,-0.19749595,-0.14526704,-0.12781724,-0.096878245,-0.15283993,-0.15609604,-0.12434345,-0.11230643,-0.063823454,-0.15276867,-0.11419349,-0.10007019,-0.24483351,-0.1529356,-0.15628785,-0.16344379,-0.1759062,-0.12524253,-0.15292045,-0.0782174,-0.19187105,-0.18185812,-0.09859173,-0.11065883,-0.15258455,-0.15596594,-0.083404,-0.1213824,-0.13072303,-0.13855581,-0.19385117,-0.152898,-0.15629259,-0.19487974,-0.23847799,-0.2432746,-0.12753874,-0.15272476,-0.15626344,-0.14520228,-0.2961179,-0.15293485,-0.19813283,-0.12777635,-0.15286976,-0.060104962,-0.15931924,-0.15293308,-0.2028091,-0.2868003,-0.11816878,-0.14795661,-0.10060286,-0.15277466,-0.13614628,-0.20725825,-0.17393659,-0.125103,-0.15657571,-0.15690626,-0.15293163,-0.15629506,-0.16221246,-0.22200036,-0.12794706,-0.2814266,-0.15293601,-0.1915083,-0.24371436,-0.16952515,-0.15285003,-0.13369927,-0.12557748,-0.15292846,-0.18106565,-0.15293576,-0.18642783,-0.15288004,-0.30462334,-0.15282306,-0.14691104,-0.13029914,-0.15292248,-0.1562823,-0.18915205,-0.12786497,-0.15292756,-0.10481856,-0.1650517,-0.15292552,-0.15629718,-0.15626864,-0.12745379,-0.15282688,-0.15626279,-0.15625316,-0.15626523,-0.15627316,-0.16505513,-0.17392421,-0.15292087,-0.15628973,-0.15627944,-0.15629026,-0.2025511,-0.15354379,-0.14723541,-0.15191907,-0.11499533,-0.10471026,-0.11893196,-0.15292448,-0.15621993,-0.127822,-0.19501048,-0.15293258,-0.18738703,-0.11705899,-0.17429145,-0.15292315,-0.06652963,-0.15266877,-0.10737923,-0.124497145,-0.15298569,-0.052188452,-0.26007295
k__Bacteria|p__Proteobacteria|c__Deltaproteobacteria|o__Desulfovibrionales|f__Desulfovibrionaceae|g__Desulfovibrio|s__Desulfovibrio_desulfuricans,-0.1004395,-0.12316422,-0.15531103,-0.15861729,-0.15861762,-0.23867357,-0.1666669,-0.16813041,-0.10929718,-0.22895765,-0.23728925,-0.15531677,-0.22850217,-0.3768707,-0.08556121,-0.1548306,-0.058144663,-0.1546715,-0.15854278,-0.19931981,-0.1978925,-0.13053367,-0.15527433,-0.12711628,-0.20043859,-0.11658599,-0.182019,-0.25032333,-0.1509206,-0.1552805,-0.15142563,-0.10844302,-0.18249588,-0.28454733,-0.15530103,-0.13075595,-0.1553139,-0.22338755,-0.15531722,2.593497,-0.15531729,-0.29356226,-0.12995921,-0.15514086,-0.13691942,-0.15531059,-0.23188588,-0.24781659,-0.1296162,-0.13076325,-0.24679694,-0.18279888,-0.25087595,-0.26027086,-0.28621647,-0.27511892,-0.11894142,-0.15521297,-0.040142577,-0.056944285,-0.1544534,-0.11274739,-0.13743341,-0.13062784,-0.15529135,-0.158612,-0.15861736,-0.15861812,-0.27573854,-0.1552698,-0.13063006,-0.16243835,-0.12334165,-0.14074792,-0.15527633,-0.15887658,-0.14481027,-0.13073754,-0.18691605,-0.14998752,-0.15530278,-0.15859196,-0.15860549,-0.15852667,-0.120334074,-0.13700745,-0.08858878,-0.15529567,-0.19008024,-0.15530905,-0.2004665,-0.11139822,-0.1388583,-0.13027036,-0.1074974,-0.15152657,-0.15519369,-0.15825151,-0.10065024,-0.08152827,-0.09427856,-0.15525272,-0.11960925,-0.15027548,-0.16982608,-0.1185138,-0.15527299,-0.15861008,-0.17738779,-0.15176103,-0.15531248,-0.25953975,-0.17989698,-0.13525523,-0.15530914,-0.15095688,-0.17780018,-0.2009549,-0.15528497,-0.09015879,-0.15495752,-0.12151222,-0.121854745,-0.13997786,-0.21433522,-0.13908121,-0.16057305,-0.15522361,-0.07092635,-0.1545613,-0.15770113,-0.18733518,-0.1550082,-0.13061638,-0.12334781,-0.14100276,-0.15526071,-0.114095174,-0.25318068,-0.26654312,-0.12975544,-0.10945694,-0.15525006,-0.09238048,-0.20963459,-0.15530938,-0.15851781,-0.13006184,-0.15522422,-0.16015086,-0.1553517,-0.1553146,-0.19704957,-0.20616047,-0.12942089,-0.10460003,-0.11361031,-0.10256614,-0.15530571,-0.19495486,-0.15527709,-0.12997973,-0.15512276,-0.041086134,-0.12967405,-0.15531313,-0.2300741,-0.15528777,-0.10384405,-0.15362209,-0.0784167,-0.15514399,-0.12766197,-0.15516791,-0.121451,-0.075820275,-0.09192432,-0.101488546,-0.1549967,-0.15850487,-0.12378413,-0.15512788,-0.1410757,-0.13984437,-0.18093297,-0.15531603,-0.25777104,-0.12844054,-0.15520823,-0.13462572,-0.119081676,-0.15528107,-0.15861255,-0.15861452,-0.15861583,-0.19755594,-0.25103784,-0.20219928,-0.19465852,-0.24831252,-0.20506537,-0.22091979,-0.15529832,-0.13029397,-0.11956477,-0.15529248,-0.15860827,-0.20931396,-0.18224281,-0.15528229,-0.32474133,-0.15531379,-0.15861896,-0.15861768,-0.15861723,-0.2185038,-0.15528077,-0.114121355,-0.15528488,-0.15860122,-0.1586085,-0.22984435,-0.15530637,-0.15858725,-0.08963354,-0.15518668,-0.15856102,-0.1585822,-0.15858349,-0.13302092,-0.1051107,-0.14014931,-0.15141064,-0.15839578,-0.15615125,-0.14613561,-0.15530205,-0.12319561,-0.13070533,-0.15526041,-0.15861875,-0.1586182,-0.1586182,-0.1586188,-0.38518023,-0.11451449,-0.1552688,-0.15564899,-0.14443555,-0.16636807,-0.15530838,-0.15852886,-0.12993515,-0.047159404,-0.14842272,-0.14016809,-0.14106366,-0.15514003,-0.19987361,-0.1649412,-0.17166539,-0.15528241,-0.15856919,-0.12722544,-0.14610182,-0.2588673,-0.13047722,-0.15516531,-0.09132757,-0.12832497,-0.13684332,-0.16221203,-0.15659244,-0.12983288,-0.15501268,-0.15850829,-0.15856537,-0.15860477,-0.15740095,-0.19795567,-0.15106063,-0.07294749,-0.2039893,-0.1552698,-0.15856342,-0.104459345,-0.15487611,-0.17466888,-0.13176009,-0.15527788,-0.15109587,-0.10913184,-0.15508604,-0.05825615,-0.14326635,-0.17082691,-0.15520698,-0.18883844,-0.15531512,-0.31316653,-0.15530387,-0.16808087,-0.14331596,-0.15530613,-0.15861475,-0.25088155,-0.15531555,-0.22115314,-0.07562123,-0.086852394,-0.10702289,-0.060967896,-0.14756945,-0.16796505,-0.15746465,-0.22133875,-0.12812386,-0.0969081,-0.16398169,-0.12716047,-0.11335766,-0.18846886,-0.13069737,-0.17755464,-0.0994983,-0.115196005,-0.15520817,-0.11662802,-0.19749595,-0.14526704,-0.12781724,-0.096878245,-0.15520751,-0.1583867,-0.12434345,-0.11230643,-0.063823454,-0.15512547,-0.11419349,-0.10007019,-0.24483351,-0.15531614,-0.15860502,-0.16344379,-0.1759062,-0.12524253,-0.15529893,-0.0782174,-0.19187105,-0.18185812,-0.09859173,-0.11065883,-0.15491703,-0.15823892,-0.083404,-0.1213824,-0.13072303,-0.13855581,-0.19385117,-0.1552728,-0.15861106,-0.19487974,-0.23847799,-0.2432746,-0.13031816,-0.15507543,-0.15857759,-0.14520228,-0.2961179,-0.1553153,-0.19813283,-0.13058612,-0.15524045,-0.060104962,-0.15931924,-0.15531322,-0.2028091,-0.2868003,-0.11816878,-0.14795661,-0.10060286,-0.15513125,-0.13614628,-0.20725825,-0.17393659,-0.125103,-0.15657571,-0.15690626,-0.1553116,-0.15861389,-0.16221246,-0.22200036,-0.13078097,-0.2814266,-0.15531664,-0.1915083,-0.24371436,-0.16952515,-0.15521464,-0.13369927,-0.12557748,-0.15530792,-0.18106565,-0.15531635,-0.18642783,-0.1552505,-0.30462334,-0.15518641,-0.14691104,-0.13029914,-0.15530115,-0.15859936,-0.18915205,-0.13068762,-0.155307,-0.10481856,-0.1650517,-0.15530452,-0.15861629,-0.15858203,-0.13021937,-0.15519246,-0.15857664,-0.15856573,-0.15857944,-0.1585887,-0.16505513,-0.17392421,-0.15529919,-0.15860781,-0.15859598,-0.1586084,-0.2025511,-0.15354379,-0.14723541,-0.15413965,-0.11499533,-0.10471026,-0.11893196,-0.15530342,-0.15852529,-0.13064049,-0.19501048,-0.15531263,-0.18738703,-0.11705899,-0.17429145,-0.1553011,-0.06652963,-0.15501326,-0.10737923,-0.124497145,-0.15298569,-0.052188452,-0.26007295
k__Bacteria|p__Proteobacteria|c__Gammaproteobacteria|o__Pasteurellales|f__Pasteurellaceae|g__Haemophilus|s__Haemophilus_haemolyticus,-0.1004395,-0.12316422,-0.15189104,-0.15512192,-0.15512222,-0.23867357,-0.1666669,-0.16813041,-0.10929718,-0.22895765,-0.23728925,-0.15189633,-0.22850217,-0.3768707,-0.08556121,-0.15145224,-0.058144663,-0.15130696,-0.1550535,-0.19931981,-0.1978925,-0.12769291,-0.15185742,-0.12711628,-0.20043859,-0.11658599,-0.182019,-0.25032333,-0.1509206,-0.15186286,-0.15142563,-0.10844302,-0.18249588,-0.28454733,-0.15188181,-0.12789606,-0.15189368,-0.22338755,-0.15189674,-0.29867563,-0.1518968,-0.29356226,-0.12715273,-0.1517339,-0.13691942,-0.15189065,1.0272106,-0.24781659,-0.1296162,-0.1279026,-0.24679694,-0.18279888,-0.25087595,-0.26027086,-0.28621647,-0.27511892,-0.11894142,-0.15180114,-0.040142577,-0.056944285,-0.15109822,-0.11274739,-0.13743341,-0.12777825,-0.15187281,-0.15511706,-0.15512198,-0.15512268,-0.27573854,-0.15185301,-0.12778021,-0.16243835,-0.12334165,-0.14074792,-0.15185912,-0.15887658,-0.14481027,-0.12787957,-0.18691605,-0.14998752,-0.15188347,-0.1550986,-0.15511099,-0.15503904,-0.120334074,-0.13700745,-0.08858878,-0.15187693,-0.19008024,-0.15188923,-0.2004665,-0.11139822,-0.1388583,-0.13027036,-0.1074974,2.7195253,-0.15178323,-0.15478349,-0.10065024,-0.08152827,-0.09427856,-0.15183765,-0.11960925,-0.15027548,-0.16982608,-0.1185138,-0.15185602,-0.15511528,-0.17738779,-0.15176103,-0.15189236,-0.25953975,-0.17989698,-0.13525523,-0.1518893,-0.15095688,-0.17780018,-0.2009549,-0.15186685,-0.09015879,-0.15156728,-0.12151222,-0.121854745,-0.13997786,-0.21433522,-0.13908121,-0.16057305,-0.15181097,-0.07092635,-0.15120336,-0.15427133,-0.18733518,-0.15160973,-0.12776697,-0.12334781,-0.14100276,-0.15184486,-0.114095174,-0.25318068,-0.26654312,-0.12695763,-0.10945694,-0.15183513,-0.09238048,-0.20963459,-0.15188953,-0.15502952,-0.1272489,-0.15181145,-0.16015086,-0.1553517,-0.15189433,-0.19704957,-0.20616047,-0.12663628,-0.10460003,-0.11361031,-0.10256614,-0.15188618,0.712828,-0.15185997,-0.12715659,-0.15171874,-0.041086134,-0.12967405,-0.15189293,-0.2300741,-0.15186977,4.551086,-0.15034576,-0.0784167,-0.15173809,1.969403,-0.15175965,-0.121451,-0.075820275,-0.09192432,-0.101488546,-0.15160276,-0.15501894,-0.12378413,-0.15172388,-0.1410757,-0.13984437,-0.18093297,-0.15189564,-0.25777104,-0.12844054,-0.15179662,-0.13462572,-0.119081676,-0.15186366,-0.15511757,-0.15511936,-0.15512058,-0.19755594,-0.25103784,-0.20219928,-0.19465852,-0.24831252,-0.20506537,-0.22091979,-0.1518793,-0.12746549,-0.11956477,-0.15187407,-0.1551136,-0.20931396,-0.18224281,-0.1518645,-0.32474133,-0.15189359,-0.15512346,-0.15512227,-0.15512186,-0.2185038,-0.15186372,-0.114121355,-0.15186691,-0.15510695,-0.15511385,-0.22984435,-0.15188676,-0.15509477,-0.08963354,-0.15177695,-0.1550704,-0.1550895,-0.15509099,-0.13302092,-0.1051107,-0.14014931,-0.15141064,-0.15839578,-0.15615125,-0.14613561,-0.15188286,-0.12319561,-0.12784936,-0.15184405,-0.15512325,-0.15512276,-0.15512276,-0.15512331,-0.38518023,-0.11451449,-0.15185213,-0.15564899,-0.14443555,-0.16636807,-0.15188855,-0.15503982,-0.12993515,-0.047159404,-0.14550158,-0.14016809,-0.14106366,-0.15173328,-0.19987361,-0.1649412,-0.17166539,-0.15186475,-0.15507792,-0.12722544,-0.14610182,-0.2588673,-0.12764062,-0.15175754,-0.09132757,-0.12832497,-0.13684332,-0.16221203,-0.15659244,-0.12701748,-0.15161759,-0.15502194,-0.15507434,-0.15511043,-0.15740095,-0.19795567,-0.15106063,-0.07294749,0.67806447,-0.15185292,-0.15507275,-0.104459345,-0.15147413,-0.17466888,-0.13176009,-0.15186074,-0.15109587,-0.10913184,-0.15168442,-0.05825615,-0.14326635,-0.17082691,-0.15179506,-0.18883844,-0.15189478,-0.31316653,-0.15188432,-0.16808087,-0.14331596,-0.15188654,-0.15511957,-0.25088155,-0.1518952,-0.22115314,-0.07562123,-0.086852394,-0.10702289,-0.060967896,-0.14471354,-0.16796505,-0.15746465,-0.22133875,-0.12812386,-0.0969081,-0.16398169,-0.12716047,-0.11335766,-0.18846886,-0.12784228,-0.17755464,-0.0994983,-0.115196005,-0.15179634,-0.11662802,0.6655583,-0.14526704,-0.12781724,-0.096878245,-0.15179642,-0.15491036,-0.12434345,-0.11230643,-0.063823454,-0.15172116,-0.11419349,-0.10007019,-0.24483351,-0.15189576,-0.15511066,-0.16344379,-0.1759062,-0.12524253,-0.15187994,-0.0782174,-0.19187105,-0.18185812,-0.09859173,-0.11065883,-0.15152949,-0.15477449,-0.083404,-0.1213824,-0.13072303,-0.13855581,-0.19385117,-0.15185565,-0.15511619,-0.19487974,-0.23847799,-0.2432746,-0.12748165,-0.15167455,-0.15508531,-0.14520228,-0.2961179,-0.15189496,-0.19813283,-0.127741,-0.15182604,-0.060104962,-0.15931924,-0.15189305,-0.2028091,-0.2868003,-0.11816878,-0.14795661,-0.10060286,-0.1517253,-0.13614628,1.8309008,-0.17393659,-0.125103,-0.15657571,-0.15690626,-0.15189156,-0.15511881,-0.16221246,-0.22200036,-0.12791882,-0.2814266,-0.1518962,-0.1915083,-0.24371436,-0.16952515,-0.15180248,-0.13369927,-0.12557748,-0.15188816,-0.18106565,-0.15189594,-0.18642783,-0.15183505,-0.30462334,-0.1517756,-0.14691104,-0.13029914,-0.15188193,-0.15510547,-0.18915205,-0.12783414,-0.15188736,-0.10481856,-0.1650517,-0.15188497,-0.155121,-0.15508962,-0.12739252,-0.1517823,-0.15508433,-0.15507446,-0.15508696,-0.15509582,-0.16505513,-0.17392421,-0.15188009,-0.15511322,-0.15510228,-0.15511376,-0.2025511,-0.15354379,-0.14723541,-0.15080357,-0.11499533,-0.10471026,-0.11893196,-0.15188402,-0.15503728,-0.12779118,-0.19501048,-0.15189248,-0.18738703,-0.11705899,-0.17429145,-0.1518822,-0.06652963,-0.15161903,-0.10737923,-0.124497145,-0.15298569,-0.052188452,-0.26007295
k__Bacteria|p__Proteobacteria|c__Gammaproteobacteria|o__Enterobacterales|f__Enterobacteriaceae|g__Citrobacter|s__Citrobacter_telavivensis,-0.1004395,-0.12316422,-0.1527385,-0.1559873,-0.15598756,-0.23867357,-0.1666669,-0.16813041,-0.10929718,-0.22895765,-0.23728925,-0.15274292,-0.22850217,-0.3768707,-0.08556121,-0.15236627,-0.058144663,-0.1522435,-0.15592998,-0.19931981,-0.1978925,-0.12843126,-0.1527102,-0.12711628,-0.20043859,-0.11658599,-0.182019,-0.25032333,-0.1509206,-0.15271492,-0.15142563,-0.10844302,-0.18249588,-0.28454733,-0.15273072,-0.12860942,-0.1527407,0.8234001,-0.15274327,1.3760189,-0.15274332,-0.29356226,-0.12796484,-0.1526072,-0.13691942,-0.15273814,-0.23188588,-0.24781659,-0.1296162,-0.12861498,-0.24679694,-0.18279888,-0.25087595,-0.26027086,-0.28621647,-0.27511892,-0.11894142,-0.15266284,-0.040142577,-0.056944285,-0.15207478,-0.11274739,-0.13743341,-0.12850663,-0.15272328,-0.15598322,-0.15598735,-0.15598795,-0.27573854,-0.15270671,-0.12850906,-0.16243835,-0.12334165,-0.14074792,-0.15271163,-0.15887658,-0.14481027,-0.12859473,-0.18691605,-0.14998752,-0.15273213,-0.15596774,-0.15597819,-0.1559174,-0.120334074,-0.13700745,-0.08858878,-0.15272662,-0.19008024,-0.15273696,-0.2004665,-0.11139822,-0.1388583,-0.13027036,-0.1074974,-0.15152657,-0.15264767,-0.15569755,-0.10065024,-0.08152827,-0.09427856,-0.15269351,-0.11960925,-0.15027548,-0.16982608,-0.1185138,-0.15270922,-0.15598172,-0.17738779,-0.15176103,-0.15273961,-0.25953975,-0.17989698,-0.13525523,-0.152737,-0.15095688,-0.17780018,-0.2009549,-0.15271838,-0.09015879,-0.15246506,-0.12151222,-0.121854745,-0.13997786,-0.21433522,-0.13908121,-0.16057305,-0.15267096,-0.07092635,-0.1521586,-0.155278,-0.18733518,-0.15250388,-0.12849666,-0.12334781,-0.14100276,-0.15269963,-0.114095174,-0.25318068,-0.26654312,-0.12777434,-0.10945694,-0.1526914,-0.09238048,-0.20963459,-0.1527372,-0.1559113,-0.12803267,-0.15267172,-0.16015086,-0.1553517,-0.15274124,-0.19704957,-0.20616047,-0.12751588,-0.10460003,-0.11361031,-0.10256614,-0.15273437,-0.19495486,-0.15271229,-0.12796007,-0.15259281,-0.041086134,2.0209885,-0.15274009,-0.2300741,-0.15272075,-0.10384405,-0.15143126,-0.0784167,-0.15261014,-0.12766197,-0.15262792,-0.121451,-0.075820275,-0.09192432,-0.101488546,-0.15249532,-0.15590048,-0.12378413,-0.15259694,-0.1410757,-0.13984437,-0.18093297,-0.15274233,-0.25777104,-0.12844054,-0.1526595,-0.13462572,-0.119081676,-0.15271538,-0.15598366,-0.15598518,-0.15598619,-0.19755594,-0.25103784,-0.20219928,-0.19465852,-0.24831252,-0.20506537,-0.22091979,-0.1527287,-0.12822305,-0.11956477,-0.15272416,-0.15598032,-0.20931396,-0.18224281,-0.15271646,-0.32474133,-0.15274061,-0.1559886,-0.15598759,-0.15598726,-0.2185038,-0.15271595,-0.114121355,-0.15271842,-0.15597488,-0.15598056,-0.22984435,-0.15273488,-0.1559653,-0.08963354,-0.15264285,-0.1559439,-0.1559602,-0.1559612,-0.13302092,-0.1051107,-0.14014931,-0.15141064,-0.15839578,-0.15615125,-0.14613561,-0.15273155,-0.12319561,-0.1285696,-0.15269928,-0.15598843,-0.15598801,-0.15598801,-0.15598848,-0.38518023,-0.11451449,-0.15270583,-0.15564899,-0.14443555,-0.16636807,-0.15273643,-0.15591925,-0.12993515,-0.047159404,-0.14740673,-0.14016809,-0.14106366,-0.15260619,-0.19987361,-0.1649412,-0.17166539,-0.15271635,-0.15595013,-0.12722544,-0.14610182,-0.2588673,-0.12837853,-0.15262577,-0.09132757,-0.12832497,-0.13684332,-0.16221203,-0.15659244,-0.12783395,-0.15250897,-0.15590319,-0.15594722,-0.15597765,-0.15740095,-0.19795567,-0.15106063,-0.07294749,-0.2039893,-0.1527066,-0.15594581,-0.104459345,-0.15238509,-0.17466888,-0.13176009,-0.15271287,-0.15109587,-0.10913184,-0.15256472,-0.05825615,-0.14326635,-0.17082691,-0.15265806,-0.18883844,-0.15274164,-0.31316653,-0.15273294,-0.16808087,-0.14331596,-0.1527347,-0.15598536,-0.25088155,-0.15274197,-0.22115314,-0.07562123,-0.086852394,-0.10702289,-0.060967896,-0.14674532,-0.16796505,-0.15746465,-0.22133875,-0.12812386,-0.0969081,-0.16398169,-0.12716047,-0.11335766,-0.18846886,-0.1285626,-0.17755464,-0.0994983,-0.115196005,-0.15265897,-0.11662802,-0.19749595,-0.14526704,-0.12781724,-0.096878245,-0.15265861,-0.15580907,-0.12434345,-0.11230643,-0.063823454,-0.15259537,-0.11419349,-0.10007019,-0.24483351,-0.15274243,-0.15597798,-0.16344379,-0.1759062,-0.12524253,-0.15272912,-0.0782174,-0.19187105,-0.18185812,-0.09859173,-0.11065883,-0.1524335,-0.1556946,-0.083404,-0.1213824,-0.13072303,-0.13855581,-0.19385117,-0.15270892,-0.1559825,-0.19487974,-0.23847799,-0.2432746,-0.12825666,-0.15255633,-0.15595663,-0.14520228,-0.2961179,-0.15274177,-0.19813283,-0.1284725,-0.15268396,-0.060104962,-0.15931924,-0.15274018,-0.2028091,-0.2868003,-0.11816878,-0.14795661,-0.10060286,-0.15259953,-0.13614628,-0.20725825,-0.17393659,-0.125103,-0.15657571,-0.15690626,-0.15273891,-0.1559847,-0.16221246,-0.22200036,-0.12862879,-0.2814266,-0.1527428,-0.1915083,-0.24371436,-0.16952515,-0.15266499,-0.13369927,-0.12557748,-0.15273608,-0.18106565,-0.15274258,-0.18642783,-0.15269206,-0.30462334,-0.15264201,-0.14691104,-0.13029914,-0.15273082,-0.1559735,-0.18915205,-0.12855563,-0.15273537,-0.10481856,-0.1650517,-0.15273345,-0.15598655,-0.15596044,-0.12816752,-0.15264681,-0.15595588,-0.15594757,-0.1559581,-0.15596542,-0.16505513,-0.17392421,-0.15272933,-0.15597999,-0.15597084,-0.15598047,-0.2025511,-0.15354379,1.4561902,-0.15183152,-0.11499533,-0.10471026,-0.11893196,-0.15273258,-0.15591684,-0.12851791,4.9113593,-0.15273973,-0.18738703,-0.11705899,-0.17429145,-0.15273109,-0.06652963,-0.15250838,-0.10737923,-0.124497145,-0.15298569,-0.052188452,-0.26007295
k__Bacteria|p__Proteobacteria|c__Gammaproteobacteria|o__Enterobacterales|f__Enterobacteriaceae|g__Cronobacter|s__Cronobacter_sakazakii,-0.1004395,-0.12316422,-0.1528514,-0.15615028,-0.15615055,-0.23867357,-0.1666669,-0.16813041,-0.10929718,-0.22895765,-0.23728925,-0.1528561,-0.22850217,-0.3768707,-0.08556121,-0.15246454,-0.058144663,-0.15233643,-0.15608972,-0.19931981,-0.1978925,-0.12816533,-0.15282169,-0.12711628,-0.20043859,-0.11658599,-0.182019,-0.25032333,-0.1509206,-0.15282637,-0.15142563,-0.10844302,-0.18249588,-0.28454733,-0.152843,-0.12835097,-0.15285376,-0.22338755,-0.15285647,-0.29867563,-0.15285653,-0.29356226,-0.12768435,-0.15271175,-0.13691942,-0.15285109,-0.23188588,-0.24781659,-0.1296162,-0.1283567,-0.24679694,-0.18279888,-0.25087595,-0.26027086,-0.28621647,-0.27511892,-0.11894142,-0.15277182,-0.040142577,-0.056944285,-0.15214807,-0.11274739,-0.13743341,-0.12824294,-0.15283522,-0.15614599,-0.15615034,-0.15615097,-0.27573854,-0.15281722,-0.1282457,-0.16243835,-0.12334165,-0.14074792,-0.15282321,-0.15887658,-0.14481027,-0.12833585,-0.18691605,-0.14998752,-0.15284473,-0.15612966,-0.15614057,-0.15607494,-0.120334074,-0.13700745,-0.08858878,-0.15283895,-0.19008024,-0.15284982,-0.2004665,-0.11139822,-0.1388583,-0.13027036,-0.1074974,-0.15152657,-0.1527561,-0.15584368,-0.10065024,-0.08152827,-0.09427856,-0.15280423,-0.11960925,-0.15027548,-0.16982608,-0.1185138,-0.15282032,-0.15614441,-0.17738779,-0.15176103,-0.1528526,-0.25953975,-0.17989698,-0.13525523,-0.15284988,-0.15095688,-0.17780018,-0.2009549,-0.15282935,-0.09015879,-0.15256535,-0.12151222,-0.121854745,-0.13997786,-0.21433522,-0.13908121,-0.16057305,-0.15278067,-0.07092635,-0.15224251,-0.15539256,-0.18733518,-0.15259922,-0.12823305,-0.12334781,-0.14100276,-0.15281062,-0.114095174,-0.25318068,-0.26654312,-0.12748507,-0.10945694,-0.15280205,-0.09238048,-0.20963459,-0.15285009,-0.15606746,-0.1277554,-0.15278092,-0.16015086,-0.1553517,-0.15285432,-0.19704957,-0.20616047,-0.1272083,-0.10460003,-0.11361031,-0.10256614,-0.15284716,-0.19495486,-0.15282336,-0.12767436,-0.15269917,-0.041086134,-0.12967405,-0.15285307,-0.2300741,-0.15283221,-0.10384405,-0.15148303,-0.0784167,-0.15271607,-0.12766197,-0.1527353,-0.121451,-0.075820275,-0.09192432,-0.101488546,-0.15259606,-0.15605932,-0.12378413,-0.15270075,-0.1410757,-0.13984437,-0.18093297,-0.15285549,-0.25777104,-0.12844054,-0.15276667,-0.13462572,-0.119081676,-0.15282732,-0.15614645,-0.15614803,-0.1561491,-0.19755594,-0.25103784,6.318427,-0.19465852,-0.24831252,-0.20506537,-0.22091979,-0.15284085,-0.12795185,-0.11956477,-0.15283644,-0.1561429,-0.20931396,-0.18224281,-0.15282768,3.9745483,-0.15285367,-0.15615165,-0.15615061,-0.15615025,-0.2185038,-0.15282688,-0.114121355,-0.15282997,-0.1561369,-0.15614313,-0.22984435,-0.15284768,-0.15612608,-0.08963354,-0.15275037,-0.15610489,-0.15612152,-0.15612306,-0.13302092,-0.1051107,-0.14014931,-0.15141064,-0.15839578,-0.15615125,-0.14613561,-0.15284425,-0.12319561,-0.12830915,-0.15280963,-0.15615147,-0.15615103,-0.15615103,-0.1561515,-0.38518023,-0.11451449,-0.15281695,-0.15564899,-0.14443555,-0.16636807,-0.1528492,-0.15607667,-0.12993515,-0.047159404,-0.14716782,-0.14016809,-0.14106366,-0.15271172,-0.19987361,-0.1649412,-0.17166539,-0.15282819,-0.15611158,-0.12722544,-0.14610182,-0.2588673,-0.12811297,-0.15273319,-0.09132757,-0.12832497,-0.13684332,-0.16221203,-0.15659244,-0.1275387,-0.15260863,-0.15606183,-0.15610826,-0.15614015,-0.15740095,-0.19795567,-0.15106063,-0.07294749,-0.2039893,-0.15281756,-0.15610698,-0.104459345,-0.1524609,-0.17466888,-0.13176009,-0.15282477,-0.15109587,-0.10913184,-0.15266848,-0.05825615,-0.14326635,-0.17082691,-0.15276638,-0.18883844,-0.15285473,-0.31316653,-0.15284532,-0.16808087,-0.14331596,-0.15284744,-0.1561482,-0.25088155,-0.15285507,-0.22115314,-0.07562123,-0.086852394,-0.10702289,-0.060967896,-0.14646839,-0.16796505,-0.15746465,-0.22133875,-0.12812386,-0.0969081,-0.16398169,-0.12716047,-0.11335766,-0.18846886,-0.12830205,-0.17755464,-0.0994983,-0.115196005,-0.15276755,-0.11662802,-0.19749595,-0.14526704,-0.12781724,-0.096878245,-0.15276799,-0.15596303,-0.12434345,-0.11230643,-0.063823454,-0.15270108,-0.11419349,-0.10007019,2.5788062,-0.15285559,-0.15614009,-0.16344379,-0.1759062,-0.12524253,-0.15284164,-0.0782174,-0.19187105,-0.18185812,-0.09859173,-0.11065883,-0.15253174,-0.1558429,-0.083404,-0.1213824,-0.13072303,-0.13855581,-0.19385117,-0.15281998,-0.15614524,-0.19487974,-0.23847799,-0.2432746,-0.12798081,-0.15265986,-0.15611783,-0.14520228,-0.2961179,-0.15285489,-0.19813283,-0.1282081,-0.1527937,-0.060104962,-0.15931924,-0.15285319,-0.2028091,-0.2868003,-0.11816878,-0.14795661,-0.10060286,-0.15270434,-0.13614628,-0.20725825,-0.17393659,-0.125103,-0.15657571,-0.15690626,-0.15285185,-0.15614754,-0.16221246,-0.22200036,-0.12837116,-0.2814266,-0.15285598,-0.1915083,-0.24371436,-0.16952515,-0.1527718,-0.13369927,-0.12557748,-0.15284887,-0.18106565,-0.15285574,-0.18642783,-0.15280116,-0.30462334,-0.15274882,-0.14691104,-0.13029914,-0.15284336,-0.15613578,-0.18915205,-0.12829486,-0.15284815,-0.10481856,-0.1650517,-0.15284601,-0.15614948,-0.15612102,-0.12788989,-0.1527553,-0.1561169,-0.15610828,-0.15611926,-0.15612724,-0.16505513,-0.17392421,-0.15284169,-0.15614259,-0.1561329,-0.1561431,-0.2025511,-0.15354379,-0.14723541,-0.15188336,-0.11499533,-0.10471026,-0.11893196,-0.1528452,-0.15607435,-0.12825656,-0.19501048,-0.15285268,-0.18738703,-0.11705899,-0.17429145,-0.1528432,-0.06652963,-0.15261087,-0.10737923,-0.124497145,-0.15298569,-0.052188452,-0.26007295
k__Bacteria|p__Proteobacteria|c__Gammaproteobacteria|o__Enterobacterales|f__Hafniaceae|g__Hafnia|s__Hafnia_paralvei,-0.1004395,-0.12316422,-0.15246215,-0.15570912,-0.15570942,-0.23867357,-0.1666669,-0.16813041,-0.10929718,-0.22895765,-0.23728925,-0.15246777,-0.22850217,-0.3768707,-0.08556121,-0.15199697,-0.058144663,-0.1518516,-0.15563646,-0.19931981,-0.1978925,-0.12813072,-0.15242672,-0.12711628,-0.20043859,-0.11658599,-0.182019,-0.25032333,-0.1509206,-0.15243214,-0.15142563,-0.10844302,-0.18249588,-0.28454733,-0.15245198,-0.12834814,-0.15246499,-0.22338755,-0.1524682,-0.29867563,-0.15246826,-0.29356226,-0.12754837,-0.15229417,-0.13691942,-0.15246183,-0.23188588,-0.24781659,2.8674083,-0.12835497,-0.24679694,-0.18279888,-0.25087595,-0.26027086,-0.28621647,-0.27511892,-0.11894142,-0.15236709,-0.040142577,-0.056944285,-0.15162012,-0.11274739,-0.13743341,-0.12822004,-0.15244266,-0.155704,-0.15570915,-0.15570992,-0.27573854,-0.1524204,-0.12822342,-0.16243835,-0.12334165,-0.14074792,-0.15242858,-0.15887658,-0.14481027,-0.1283305,-0.18691605,-0.14998752,-0.1524542,-0.15568447,-0.1556974,-0.15561776,-0.120334074,-0.13700745,-0.08858878,-0.15244734,-0.19008024,-0.1524603,-0.2004665,-0.11139822,-0.1388583,-0.13027036,-0.1074974,-0.15152657,-0.15234867,-0.15533197,-0.10065024,-0.08152827,-0.09427856,-0.15240595,-0.11960925,-0.15027548,-0.16982608,-0.1185138,-0.15242483,-0.1557021,-0.17738779,-0.15176103,-0.15246359,-0.25953975,-0.17989698,-0.13525523,-0.15246037,-0.15095688,-0.17780018,-0.2009549,-0.15243515,-0.09015879,-0.15212205,-0.12151222,-0.121854745,-0.13997786,-0.21433522,-0.13908121,-0.16057305,-0.15237793,-0.07092635,-0.15173464,-0.15479772,-0.18733518,-0.15215775,-0.12820406,1.4378614,-0.14100276,-0.15241349,-0.114095174,-0.25318068,-0.26654312,-0.12733468,-0.10945694,-0.15240335,-0.09238048,-0.20963459,-0.15246063,-0.15560792,-0.12764019,-0.15237755,2.4791548,-0.1553517,-0.15246564,-0.19704957,-0.20616047,-0.12699799,-0.10460003,-0.11361031,-0.10256614,-0.15245715,-0.19495486,-0.15242861,-0.12754412,-0.15228118,-0.041086134,-0.12967405,-0.15246414,-0.2300741,-0.152439,-0.10384405,-0.15082347,-0.0784167,-0.15229985,-0.12766197,-0.15232353,-0.121451,-0.075820275,-0.09192432,-0.101488546,-0.1521573,-0.1556008,-0.12378413,-0.1522781,-0.1410757,-0.13984437,-0.18093297,-0.15246704,-0.25777104,-0.12844054,-0.15235956,1.2552564,2.7578793,-0.15243353,-0.1557045,-0.1557064,-0.15570769,-0.19755594,-0.25103784,-0.20219928,-0.19465852,-0.24831252,-0.20506537,-0.22091979,-0.15244938,-0.12787263,-0.11956477,-0.15244438,-0.1557003,-0.20931396,-0.18224281,-0.15243313,-0.32474133,-0.1524649,-0.15571073,-0.15570949,-0.15570906,-0.2185038,-0.15243205,-0.114121355,-0.15243629,-0.15569293,-0.15570053,-0.22984435,-0.15245777,-0.15567859,-0.08963354,-0.15234093,-0.15565513,-0.15567464,-0.15567675,-0.13302092,-0.1051107,-0.14014931,-0.15141064,-0.15839578,-0.15615125,-0.14613561,-0.1524537,-0.12319561,-0.12829825,-0.152412,-0.15571052,-0.15570997,-0.15570998,-0.15571056,-0.38518023,-0.11451449,-0.15242104,-0.15564899,-0.14443555,-0.16636807,-0.15245949,-0.15562007,-0.12993515,-0.047159404,-0.14563262,-0.14016809,-0.14106366,-0.15229526,-0.19987361,-0.1649412,-0.17166539,-0.15243453,-0.15566322,-0.12722544,-0.14610182,-0.2588673,-0.12807338,-0.15232134,-0.09132757,-0.12832497,-0.13684332,-0.16221203,-0.15659244,-0.12738788,-0.15217075,-0.15560353,-0.15565903,-0.15569702,-0.15740095,-0.19795567,-0.15106063,-0.07294749,-0.2039893,-0.1524216,-0.15565765,-0.104459345,-0.15198594,-0.17466888,-0.13176009,-0.1524306,-0.15109587,-0.10913184,-0.15224263,-0.05825615,-0.14326635,-0.17082691,-0.15236041,-0.18883844,-0.15246612,0.8314445,-0.15245473,-0.16808087,-0.14331596,-0.15245745,-0.15570657,-0.25088155,-0.15246654,-0.22115314,-0.07562123,-0.086852394,-0.10702289,-0.060967896,-0.14480022,-0.16796505,-0.15746465,-0.22133875,-0.12812386,-0.0969081,-0.16398169,-0.12716047,-0.11335766,-0.18846886,-0.12829044,-0.17755464,-0.0994983,-0.115196005,-0.15236199,-0.11662802,-0.19749595,-0.14526704,-0.12781724,-0.096878245,-0.15236297,-0.15548584,-0.12434345,-0.11230643,-0.063823454,-0.15228245,-0.11419349,-0.10007019,-0.24483351,-0.15246716,-0.15569676,-0.16344379,-0.1759062,-0.12524253,-0.15245058,-0.0782174,-0.19187105,6.341706,-0.09859173,-0.11065883,-0.15208185,-0.15534276,-0.083404,-0.1213824,-0.13072303,-0.13855581,-0.19385117,-0.15242442,-0.15570307,-0.19487974,-0.23847799,-0.2432746,-0.12791045,-0.15223354,-0.15567026,-0.14520228,-0.2961179,-0.15246633,-0.19813283,-0.12818065,-0.15239303,-0.060104962,-0.15931924,-0.15246427,-0.2028091,-0.2868003,-0.11816878,-0.14795661,-0.10060286,-0.15228602,-0.13614628,-0.20725825,-0.17393659,-0.125103,-0.15657571,-0.15690626,-0.15246269,-0.15570584,-0.16221246,-0.22200036,-0.12837216,-0.2814266,-0.15246764,-0.1915083,-0.24371436,-0.16952515,-0.15236449,-0.13369927,-0.12557748,-0.15245908,-0.18106565,-0.15246736,-0.18642783,-0.15240079,-0.30462334,-0.1523391,-0.14691104,-0.13029914,-0.15245256,-0.1556918,-0.18915205,-0.12828235,-0.15245831,-0.10481856,-0.1650517,-0.15245566,-0.15570813,-0.1556736,-0.12780944,-0.15234777,-0.155669,-0.15565874,-0.15567185,-0.15568146,-0.16505513,-0.17392421,-0.1524505,-0.15569994,-0.15568832,-0.15570053,-0.2025511,-0.15354379,-0.14723541,-0.15129861,-0.11499533,-0.10471026,-0.11893196,-0.15245476,-0.15561685,-0.12823729,-0.19501048,-0.15246366,-0.18738703,-0.11705899,-0.17429145,-0.15245229,-0.06652963,-0.15217552,-0.10737923,-0.124497145,-0.15298569,-0.052188452,-0.26007295
k__Bacteria|p__Proteobacteria|c__Gammaproteobacteria|o__Pasteurellales|f__Pasteurellaceae|g__Haemophilus|s__Haemophilus_SGB66626,-0.1004395,-0.12316422,-0.15248556,-0.1557705,-0.15577075,-0.23867357,-0.1666669,-0.16813041,-0.10929718,-0.22895765,-0.23728925,-0.15249005,-0.22850217,-0.3768707,-0.08556121,-0.1521217,-0.058144663,-0.1519987,-0.15571265,-0.19931981,-0.1978925,-0.12792526,-0.15245733,-0.12711628,-0.20043859,-0.11658599,-0.182019,-0.25032333,-0.1509206,-0.15246165,-0.15142563,-0.10844302,-0.18249588,-0.28454733,-0.15247776,-0.12808967,-0.15248784,-0.22338755,-0.1524904,4.179013,-0.15249047,4.17409,-0.12748629,-0.15235195,-0.13691942,-0.1524853,-0.23188588,-0.24781659,-0.1296162,-0.12809482,-0.24679694,-0.18279888,-0.25087595,-0.26027086,-0.28621647,-0.27511892,-0.11894142,-0.15241,-0.040142577,-0.056944285,-0.15181196,-0.11274739,-0.13743341,-0.12799443,-0.15247005,-0.1557664,-0.15577053,-0.15577114,-0.27573854,-0.15245391,-0.1279942,-0.16243835,-0.12334165,-0.14074792,-0.1524587,-0.15887658,-0.14481027,-0.12807614,-0.18691605,-0.14998752,-0.15247925,-0.1557508,-0.15576118,-0.15570089,-0.120334074,-0.13700745,-0.08858878,-0.15247375,-0.19008024,-0.15248409,-0.2004665,-0.11139822,-0.1388583,-0.13027036,-0.1074974,-0.15152657,-0.15239502,-0.15550134,-0.10065024,-0.08152827,-0.09427856,-0.15244082,-0.11960925,-0.15027548,-0.16982608,-0.1185138,-0.15245585,-0.15576491,-0.17738779,-0.15176103,-0.15248671,-0.25953975,-0.17989698,-0.13525523,-0.15248415,-0.15095688,-0.17780018,-0.2009549,-0.15246496,-0.09015879,-0.15221441,-0.12151222,-0.121854745,-0.13997786,-0.21433522,-0.13908121,-0.16057305,-0.1524185,-0.07092635,-0.15190786,-0.15504241,-0.18733518,-0.15224448,-0.12798774,-0.12334781,-0.14100276,-0.15244673,-0.114095174,-0.25318068,-0.26654312,-0.12734932,-0.10945694,-0.15243867,-0.09238048,-0.20963459,-0.15248436,-0.1556916,-0.12757705,-0.1524185,-0.16015086,-0.1553517,-0.15248837,-0.19704957,2.1472359,-0.12707682,-0.10460003,-0.11361031,-0.10256614,-0.15248156,-0.19495486,-0.15245962,-0.12751509,-0.15234146,-0.041086134,-0.12967405,-0.15248716,-0.2300741,-0.15246764,-0.10384405,-0.15119602,-0.0784167,-0.15235698,-0.12766197,-0.15237522,-0.121451,-0.075820275,-0.09192432,-0.101488546,-0.15224378,-0.1556842,-0.12378413,-0.15234742,-0.1410757,-0.13984437,-0.18093297,-0.15248947,-0.25777104,-0.12844054,-0.15240681,-0.13462572,-0.119081676,-0.15246275,-0.15576681,-0.15576832,-0.15576935,-0.19755594,-0.25103784,-0.20219928,-0.19465852,-0.24831252,-0.20506537,-0.22091979,-0.15247557,-0.12775272,-0.11956477,-0.15247136,-0.15576345,-0.20931396,-0.18224281,-0.15246315,-0.32474133,-0.15248777,-0.15577179,-0.1557708,-0.15577045,-0.2185038,-0.1524624,-0.114121355,-0.152465,-0.15575759,-0.15576366,-0.22984435,-0.15248206,-0.15574743,-0.08963354,-0.15238929,-0.15572739,-0.15574294,-0.15574464,-0.13302092,-0.1051107,-0.14014931,-0.15141064,-0.15839578,-0.15615125,-0.14613561,-0.15247881,-0.12319561,-0.12805109,-0.15244547,-0.15577161,-0.15577117,-0.1557712,-0.15577164,-0.38518023,-0.11451449,-0.1524527,-0.15564899,-0.14443555,-0.16636807,-0.15248345,-0.1557,-0.12993515,-0.047159404,-0.14702535,-0.14016809,-0.14106366,-0.15235204,-0.19987361,-0.1649412,-0.17166539,-0.1524635,-0.1557338,-0.12722544,-0.14610182,-0.2588673,-0.12788853,-0.15237382,-0.09132757,-0.12832497,-0.13684332,-0.16221203,-0.15659244,-0.1273969,-0.15225485,-0.1556864,-0.15573055,-0.15576084,-0.15740095,-0.19795567,-0.15106063,-0.07294749,-0.2039893,-0.1524532,-0.15572953,-0.104459345,-0.15216404,-0.17466888,-0.13176009,-0.15246032,-0.15109587,-0.10913184,-0.15231258,-0.05825615,-0.14326635,-0.17082691,-0.15240428,-0.18883844,-0.15248875,-0.31316653,-0.15247968,-0.16808087,-0.14331596,-0.1524818,-0.15576845,-0.25088155,-0.15248907,-0.22115314,-0.07562123,-0.086852394,-0.10702289,-0.060967896,-0.14635846,-0.16796505,-0.15746465,-0.22133875,-0.12812386,-0.0969081,-0.16398169,-0.12716047,-0.11335766,-0.18846886,-0.12804608,-0.17755464,-0.0994983,-0.115196005,-0.15240565,-0.11662802,-0.19749595,-0.14526704,-0.12781724,-0.096878245,-0.15240651,-0.15559296,-0.12434345,-0.11230643,-0.063823454,-0.15234321,-0.11419349,-0.10007019,-0.24483351,-0.15248957,-0.15576084,-0.16344379,-0.1759062,-0.12524253,-0.1524763,-0.0782174,-0.19187105,-0.18185812,-0.09859173,-0.11065883,-0.15218236,-0.15547855,-0.083404,-0.1213824,-0.13072303,-0.13855581,-0.19385117,-0.15245546,-0.15576565,-0.19487974,-0.23847799,-0.2432746,-0.12775725,-0.15230356,-0.15573946,-0.14520228,-0.2961179,-0.15248892,2.1482427,-0.12796544,-0.1524306,-0.060104962,-0.15931924,-0.15248728,-0.2028091,-0.2868003,-0.11816878,-0.14795661,-0.10060286,-0.15234526,-0.13614628,-0.20725825,-0.17393659,-0.125103,-0.15657571,-0.15690626,-0.152486,-0.15576787,-0.16221246,-0.22200036,-0.12810834,-0.2814266,-0.15248995,-0.1915083,-0.24371436,-0.16952515,-0.15241107,-0.13369927,-0.12557748,-0.1524831,-0.18106565,-0.15248972,-0.18642783,-0.15243775,-0.30462334,-0.15238717,-0.14691104,-0.13029914,-0.15247792,-0.15575665,-0.18915205,-0.1280391,-0.15248252,-0.10481856,-0.1650517,-0.15248038,-0.1557697,-0.15574306,-0.12770015,-0.15239441,-0.15573852,-0.15573035,-0.15574077,-0.15574858,-0.16505513,-0.17392421,-0.15247628,-0.15576316,-0.15575385,-0.15576364,-0.2025511,-0.15354379,-0.14723541,-0.15155518,-0.11499533,-0.10471026,-0.11893196,-0.15247968,-0.1556988,-0.12800448,-0.19501048,-0.15248677,-0.18738703,-0.11705899,-0.17429145,-0.15247816,-0.06652963,-0.15225852,-0.10737923,-0.124497145,-0.15298569,-0.052188452,-0.26007295
k__Bacteria|p__Proteobacteria|c__Betaproteobacteria|o__Neisseriales|f__Neisseriaceae|g__Eikenella|s__Eikenella_corrodens,-0.1004395,-0.12316422,-0.15145041,-0.15472174,-0.15472202,-0.23867357,-0.1666669,-0.16813041,-0.10929718,-0.22895765,-0.23728925,-0.15145537,-0.22850217,-0.3768707,-0.08556121,-0.15104282,-0.058144663,-0.15091398,-0.15465805,-0.19931981,-0.1978925,-0.12695935,-0.15141945,-0.12711628,-0.20043859,-0.11658599,-0.182019,-0.25032333,-0.1509206,-0.1514242,-0.15142563,-0.10844302,-0.18249588,-0.28454733,-0.15144183,-0.12715533,-0.15145293,-0.22338755,-0.15145575,-0.29867563,-0.1514558,-0.29356226,-0.12642694,-0.15130319,-0.13691942,-0.15145014,-0.23188588,-0.24781659,-0.1296162,-0.12716123,-0.24679694,-0.18279888,-0.25087595,-0.26027086,-0.28621647,-0.27511892,-0.11894142,-0.15136695,-0.040142577,-0.056944285,-0.15070769,-0.11274739,-0.13743341,-0.12703829,-0.15143324,-0.15471724,-0.15472177,-0.15472245,-0.27573854,-0.15141419,-0.12704322,-0.16243835,-0.12334165,-0.14074792,-0.15142086,-0.15887658,-0.14481027,-0.12713987,-0.18691605,-0.14998752,-0.15144344,-0.15470004,-0.15471141,-0.15464476,-0.120334074,-0.13700745,-0.08858878,-0.15143739,-0.19008024,-0.15144879,-0.2004665,-0.11139822,-0.1388583,-0.13027036,-0.1074974,0.96365625,-0.15135041,-0.15440162,-0.10065024,-0.08152827,-0.09427856,-0.15140116,-0.11960925,-0.15027548,-0.16982608,-0.1185138,-0.1514178,-0.15471558,-0.17738779,-0.15176103,-0.15145168,-0.25953975,-0.17989698,-0.13525523,-0.15144888,-0.15095688,-0.17780018,-0.2009549,-0.15142742,-0.09015879,-0.15115124,-0.12151222,-0.121854745,-0.13997786,-0.21433522,-0.13908121,-0.16057305,-0.15137646,-0.07092635,-0.15081136,-0.15391678,-0.18733518,-0.1511836,-0.1270202,-0.12334781,-0.14100276,-0.15140766,-0.114095174,-0.25318068,-0.26654312,-0.12620969,-0.10945694,-0.15139878,-0.09238048,-0.20963459,-0.15144908,-0.15463586,-0.12649655,-0.1513764,-0.16015086,-0.1553517,-0.1514535,-0.19704957,-0.20616047,-0.12590289,-0.10460003,-0.11361031,-0.10256614,-0.15144601,-0.19495486,-0.15142196,-0.12639502,-0.15129176,-0.041086134,-0.12967405,-0.15145215,-0.2300741,-0.15143114,-0.10384405,-0.15001404,-0.0784167,-0.15130827,-0.12766197,-0.15132847,-0.121451,-0.075820275,-0.09192432,-0.101488546,-0.15118167,-0.15462652,-0.12378413,-0.15129626,-0.1410757,-0.13984437,-0.18093297,-0.15145472,2.4227767,-0.12844054,-0.15136331,-0.13462572,-0.119081676,-0.15142527,-0.15471768,-0.15471935,-0.1547205,-0.19755594,3.4506714,2.5844834,0.92652744,3.7251766,3.4139082,-0.22091979,-0.15143949,-0.1267085,-0.11956477,-0.15143484,-0.15471399,-0.20931396,-0.18224281,-0.15142557,-0.32474133,-0.15145284,-0.15472317,-0.15472206,-0.1547217,-0.2185038,-0.15142526,-0.114121355,-0.15142775,-0.15470746,-0.15471426,-0.22984435,-0.15144655,-0.15469608,-0.08963354,-0.15134406,-0.15467432,-0.15469134,-0.1546933,-0.13302092,-0.1051107,-0.14014931,-0.15141064,-0.15839578,-0.15615125,-0.14613561,-0.15144303,-0.12319561,-0.12711087,-0.15140611,-0.15472299,-0.1547225,-0.15472251,-0.15472302,-0.38518023,-0.11451449,-0.15141423,-0.15564899,-0.14443555,-0.16636807,-0.15144807,-0.15464438,-0.12993515,-0.047159404,-0.14542218,-0.14016809,-0.14106366,-0.1513033,-0.19987361,-0.1649412,-0.17166539,-0.15142612,-0.1546814,-0.12722544,-0.14610182,-0.2588673,-0.1269013,-0.15132649,-0.09132757,-0.12832497,-0.13684332,-0.16221203,-0.15659244,-0.12625277,-0.15119489,-0.15462893,-0.15467781,-0.15471113,-0.15740095,-0.19795567,-0.15106063,-0.07294749,-0.2039893,-0.15141466,-0.15467653,-0.104459345,-0.15103488,-0.17466888,-0.13176009,-0.15142272,-0.15109587,-0.10913184,-0.15125754,-0.05825615,-0.14326635,-0.17082691,-0.15136078,-0.18883844,-0.15145391,-0.31316653,-0.15144393,-0.16808087,-0.14331596,-0.15144628,-0.1547195,-0.25088155,-0.15145428,-0.22115314,-0.07562123,-0.086852394,-0.10702289,-0.060967896,-0.14468479,-0.16796505,-0.15746465,-0.22133875,-0.12812386,-0.0969081,-0.16398169,-0.12716047,-0.11335766,-0.18846886,-0.12710348,-0.17755464,-0.0994983,-0.115196005,-0.1513623,-0.11662802,-0.19749595,-0.14526704,-0.12781724,-0.096878245,-0.1513634,-0.15452528,-0.12434345,-0.11230643,-0.063823454,-0.1512925,-0.11419349,-0.10007019,-0.24483351,-0.15145484,-0.15471148,-0.16344379,-0.1759062,-0.12524253,-0.15144023,-0.0782174,-0.19187105,-0.18185812,-0.09859173,-0.11065883,-0.15111567,-0.1543994,-0.083404,-0.1213824,-0.13072303,-0.13855581,-0.19385117,-0.1514172,-0.15471643,-0.19487974,-0.23847799,-0.2432746,-0.12675574,-0.15124914,-0.15468757,-0.14520228,-0.2961179,-0.15145409,-0.19813283,-0.12700363,-0.1513896,-0.060104962,-0.15931924,-0.1514523,-0.2028091,-0.2868003,-0.11816878,-0.14795661,-0.10060286,-0.15129541,-0.13614628,-0.20725825,-0.17393659,-0.125103,-0.15657571,-0.15690626,-0.15145089,-0.15471888,-0.16221246,-0.22200036,-0.12717643,-0.2814266,-0.15145522,-0.1915083,-0.24371436,-0.16952515,-0.15136844,-0.13369927,-0.12557748,-0.15144773,-0.18106565,-0.151455,-0.18642783,-0.15139785,-0.30462334,-0.15134181,-0.14691104,-0.13029914,-0.15144196,-0.15470654,-0.18915205,-0.12709744,-0.15144707,-0.10481856,-0.1650517,-0.15144467,-0.15472087,-0.1546921,-0.12665422,-0.15134974,-0.15468642,-0.1546774,-0.15468892,-0.15469757,-0.16505513,-0.17392421,-0.15144016,-0.15471366,-0.15470341,-0.1547142,-0.2025511,-0.15354379,-0.14723541,-0.15042251,-0.11499533,-0.10471026,-0.11893196,-0.15144391,-0.15464363,-0.12705643,-0.19501048,-0.15145174,-0.18738703,-0.11705899,-0.17429145,-0.15144297,-0.06652963,-0.1511989,-0.10737923,-0.124497145,-0.15298569,-0.052188452,-0.26007295
k__Bacteria|p__Proteobacteria|c__Gammaproteobacteria|o__Enterobacterales|f__Enterobacteriaceae|g__Klebsiella|s__Klebsiella_quasipneumoniae,-0.1004395,-0.12316422,-0.15046541,-0.1537736,-0.15377389,-0.23867357,-0.1666669,2.0896523,-0.10929718,-0.22895765,-0.23728925,-0.15047003,-0.22850217,-0.3768707,-0.08556121,-0.15007672,-0.058144663,-0.1499435,-0.15371364,-0.19931981,-0.1978925,-0.12571171,-0.15043569,-0.12711628,-0.20043859,-0.11658599,-0.182019,-0.25032333,-0.1509206,-0.15044086,-0.15142563,-0.10844302,-0.18249588,-0.28454733,-0.15045746,-0.12589487,-0.1504677,-0.22338755,-0.15047039,-0.29867563,-0.15047047,-0.29356226,-0.12521356,-0.1503289,-0.13691942,-0.15046501,-0.23188588,-0.24781659,-0.1296162,-0.12590101,0.51804125,0.8845539,1.6432226,-0.26027086,-0.28621647,-0.27511892,-0.11894142,-0.15038604,-0.040142577,-0.056944285,-0.14977413,-0.11274739,-0.13743341,-0.12579022,-0.15044962,-0.1537693,-0.15377368,-0.15377429,-0.27573854,-0.15043306,-0.12579119,-0.16243835,-0.12334165,-0.14074792,-0.15043719,-0.15887658,-0.14481027,-0.12587982,-0.18691605,-0.14998752,-0.1504587,-0.15375313,-0.15376416,-0.15370335,-0.120334074,-0.13700745,-0.08858878,-0.15045291,-0.19008024,-0.15046376,-0.2004665,-0.11139822,-0.1388583,-0.13027036,-0.1074974,-0.15152657,-0.15037006,-0.1534855,-0.10065024,-0.08152827,-0.09427856,-0.15041807,-0.11960925,-0.15027548,-0.16982608,-0.1185138,-0.15043491,-0.15376776,-0.17738779,-0.15176103,-0.15046658,-0.25953975,-0.17989698,-0.13525523,-0.15046382,-0.15095688,-0.17780018,-0.2009549,-0.15044521,-0.09015879,-0.15017769,-0.12151222,-0.121854745,-0.13997786,-0.21433522,-0.13908121,-0.16057305,-0.15039438,-0.07092635,-0.14985919,-0.15304086,-0.18733518,-0.15022615,-0.1257776,-0.12334781,-0.14100276,-0.15042463,-0.114095174,-0.25318068,-0.26654312,-0.12505578,-0.10945694,-0.15041582,-0.09238048,-0.20963459,-0.15046403,-0.15369603,-0.12530921,-0.15039572,-0.16015086,-0.1553517,-0.15046827,-0.19704957,-0.20616047,-0.12476148,-0.10460003,-0.11361031,-0.10256614,-0.15046102,-0.19495486,-0.15043844,-0.12523429,-0.15031254,-0.041086134,-0.12967405,-0.15046713,-0.2300741,-0.15044716,-0.10384405,-0.14910549,0.77841705,-0.15033111,-0.12766197,-0.15034933,-0.121451,-0.075820275,-0.09192432,-0.101488546,-0.15021054,-0.15368226,-0.12378413,-0.15032175,-0.1410757,-0.13984437,-0.18093297,-0.15046942,-0.25777104,-0.12844054,-0.15038423,-0.13462572,-0.119081676,-0.15044093,-0.15376978,-0.15377137,-0.15377244,-0.19755594,-0.25103784,-0.20219928,-0.19465852,-0.24831252,-0.20506537,-0.22091979,-0.15045543,-0.12550822,-0.11956477,-0.15045026,-0.15376632,-0.20931396,-0.18224281,-0.15044254,3.897646,-0.15046759,-0.15377496,-0.15377392,-0.15377355,-0.2185038,-0.15044212,-0.114121355,-0.15044457,-0.15376085,-0.15376654,-0.22984435,-0.15046152,-0.15375043,-0.08963354,-0.1503653,-0.15372773,-0.15374535,-0.15374601,-0.13302092,-0.1051107,-0.14014931,-0.15141064,-0.15839578,-0.15615125,-0.14613561,-0.150458,-0.12319561,-0.12585355,-0.15042478,-0.1537748,-0.15377435,-0.15377435,-0.15377483,-0.38518023,-0.11451449,-0.15043122,-0.15564899,-0.14443555,-0.16636807,-0.15046328,-0.15370378,-0.12993515,-0.047159404,-0.1449491,-0.14016809,-0.14106366,-0.15032712,-0.19987361,-0.1649412,0.8744402,-0.15044212,-0.15373419,-0.12722544,-0.14610182,-0.2588673,-0.12566513,-0.15034711,-0.09132757,-0.12832497,-0.13684332,-0.16221203,-0.15659244,-0.1251119,-0.1502261,-0.15368533,-0.1537315,-0.15376347,-0.15740095,-0.19795567,-0.15106063,-0.07294749,-0.2039893,-0.15043217,-0.15372972,-0.104459345,-0.1501167,-0.17466888,-0.13176009,-0.15043825,-0.15109587,-0.10913184,-0.15028372,-0.05825615,-0.14326635,1.3173553,-0.15038133,-0.18883844,-0.1504687,-0.31316653,-0.15045986,-0.16808087,-0.14331596,-0.15046139,-0.15377161,-0.25088155,-0.15046905,-0.22115314,-0.07562123,-0.086852394,-0.10702289,-0.060967896,-0.14425328,-0.16796505,-0.15746465,-0.22133875,-0.12812386,-0.0969081,-0.16398169,-0.12716047,-0.11335766,-0.18846886,-0.12584673,-0.17755464,-0.0994983,-0.115196005,-0.15038219,-0.11662802,-0.19749595,-0.14526704,-0.12781724,-0.096878245,-0.15038103,-0.15358669,1.4291795,1.4159083,-0.063823454,-0.15031543,-0.11419349,-0.10007019,0.83371586,-0.15046953,-0.15376411,-0.16344379,-0.1759062,-0.12524253,-0.1504555,-0.0782174,-0.19187105,-0.18185812,-0.09859173,-0.11065883,-0.15014511,-0.15346678,-0.083404,-0.1213824,-0.13072303,-0.13855581,-0.19385117,-0.15043467,-0.15376857,-0.19487974,-0.23847799,-0.2432746,-0.12552693,-0.15027443,-0.1537416,-0.14520228,-0.2961179,-0.15046883,-0.19813283,-0.12575594,-0.15040857,-0.060104962,-0.15931924,-0.15046719,-0.2028091,-0.2868003,-0.11816878,-0.14795661,-0.10060286,-0.15032053,-0.13614628,-0.20725825,-0.17393659,-0.125103,-0.15657571,-0.15690626,-0.15046585,-0.15377086,-0.16221246,-0.22200036,-0.1259155,-0.2814266,-0.15046993,-0.1915083,-0.24371436,-0.16952515,-0.15039012,-0.13369927,-0.12557748,-0.1504629,-0.18106565,-0.15046969,-0.18642783,-0.15041788,-0.30462334,-0.15036522,-0.14691104,-0.13029914,-0.15045738,-0.15375905,-0.18915205,-0.12583904,-0.15046209,-0.10481856,-0.1650517,-0.15046018,-0.15377282,-0.1537464,-0.12545028,-0.15036905,-0.15374097,-0.153732,-0.1537432,-0.15375058,-0.16505513,-0.17392421,-0.15045586,-0.1537659,-0.15375638,-0.15376641,-0.2025511,-0.15354379,-0.14723541,-0.14952704,-0.11499533,-0.10471026,-0.11893196,-0.15045923,-0.1537013,-0.12579976,-0.19501048,-0.15046673,-0.18738703,-0.11705899,-0.17429145,-0.15045796,-0.06652963,-0.15022394,-0.10737923,-0.124497145,-0.15298569,-0.052188452,-0.26007295
k__Bacteria|p__Proteobacteria|c__Gammaproteobacteria|o__Enterobacterales|f__Enterobacteriaceae|g__Enterobacter|s__Enterobacter_ludwigii,-0.1004395,-0.12316422,-0.15205485,-0.15529151,-0.15529181,-0.23867357,-0.1666669,0.8911276,-0.10929718,-0.22895765,-0.23728925,-0.15205997,1.4964185,-0.3768707,-0.08556121,-0.15162615,-0.058144663,-0.15148693,-0.15522522,-0.19931981,-0.1978925,-0.12781648,-0.15202221,-0.12711628,-0.20043859,-0.11658599,-0.182019,-0.25032333,-0.1509206,-0.15202755,-0.15142563,-0.10844302,-0.18249588,-0.28454733,-0.15204579,-0.12801656,-0.1520574,-0.22338755,-0.15206034,-0.29867563,-0.15206042,-0.29356226,-0.12728924,-0.15190274,-0.13691942,-0.15205446,-0.23188588,4.25424,-0.1296162,-0.12802292,-0.24679694,-0.18279888,-0.25087595,-0.26027086,-0.28621647,-0.27511892,-0.11894142,-0.15196764,-0.040142577,-0.056944285,-0.15128818,-0.11274739,-0.13743341,-0.12790048,-0.15203722,-0.15528679,-0.15529157,-0.15529227,-0.27573854,-0.15201777,-0.1279029,-0.16243835,-0.12334165,-0.14074792,-0.15202391,-0.15887658,-0.14481027,-0.12800014,-0.18691605,-0.14998752,-0.15204751,-0.15526894,-0.15528095,-0.15520974,-0.120334074,-0.13700745,-0.08858878,-0.15204117,-0.19008024,-0.15205309,-0.2004665,-0.11139822,-0.1388583,-0.13027036,-0.1074974,-0.15152657,-0.15195033,-0.15495414,-0.10065024,-0.08152827,-0.09427856,-0.15200302,-0.11960925,-0.15027548,-0.16982608,-0.1185138,-0.15202092,-0.15528508,-0.17738779,-0.15176103,-0.15205613,-0.25953975,-0.17989698,-0.13525523,-0.15205315,-0.15095688,-0.17780018,-0.2009549,-0.15203123,-0.09015879,-0.15174061,-0.12151222,-0.121854745,-0.13997786,-0.21433522,-0.13908121,-0.16057305,-0.15197717,-0.07092635,-0.15138663,-0.15446968,-0.18733518,-0.15178242,-0.12788928,-0.12334781,-0.14100276,-0.15201008,-0.114095174,-0.25318068,-0.26654312,-0.12709239,-0.10945694,-0.15200065,-0.09238048,-0.20963459,-0.15205339,-0.15520228,-0.12738135,-0.15197763,-0.16015086,-0.1553517,-0.15205802,-0.19704957,0.9899554,-0.12679973,-0.10460003,-0.11361031,-0.10256614,-0.15205014,-0.19495486,-0.15202439,-0.12729928,-0.15188742,-0.041086134,-0.12967405,-0.1520567,-0.2300741,-0.15203407,-0.10384405,-0.15054756,-0.0784167,-0.15190643,-0.12766197,-0.15192746,-0.121451,-0.075820275,-0.09192432,-0.101488546,-0.15177488,-0.1551916,-0.12378413,-0.15188861,-0.1410757,-0.13984437,-0.18093297,-0.15205929,-0.25777104,-0.12844054,-0.15196282,-0.13462572,-0.119081676,-0.15202829,-0.1552873,-0.15528902,-0.15529022,-0.19755594,-0.25103784,-0.20219928,-0.19465852,-0.24831252,-0.20506537,-0.22091979,-0.15204343,-0.1275923,-0.11956477,-0.15203838,-0.15528345,-0.20931396,-0.18224281,-0.15202904,-0.32474133,-0.1520573,-0.15529299,-0.15529186,-0.15529145,-0.2185038,-0.1520282,-0.114121355,-0.15203151,-0.15527704,-0.15528369,-0.22984435,-0.1520507,-0.15526515,-0.08963354,-0.15194426,-0.15524158,-0.15526016,-0.15526152,-0.13302092,-0.1051107,-0.14014931,-0.15141064,-0.15839578,-0.15615125,-0.14613561,-0.15204689,-0.12319561,-0.1279713,-0.15200946,-0.15529281,-0.1552923,-0.15529233,-0.15529284,-0.38518023,-0.11451449,-0.15201718,-0.15564899,-0.14443555,-0.16636807,-0.15205243,-0.15521204,-0.12993515,-0.047159404,-0.14587966,-0.14016809,-0.14106366,-0.15190223,-0.19987361,-0.1649412,-0.17166539,-0.15202938,-0.15524885,-0.12722544,-0.14610182,-0.2588673,-0.12776229,-0.15192518,-0.09132757,-0.12832497,-0.13684332,-0.16221203,-0.15659244,-0.12715806,-0.15178944,-0.15519458,-0.1552454,-0.15528038,-0.15740095,-0.19795567,-0.15106063,-0.07294749,-0.2039893,-0.15201798,-0.1552438,-0.104459345,-0.15164462,-0.17466888,-0.13176009,-0.15202546,-0.15109587,-0.10913184,-0.15185423,-0.05825615,-0.14326635,-0.17082691,-0.15196198,-0.18883844,-0.15205847,-0.31316653,-0.15204833,-0.16808087,-0.14331596,-0.15205047,-0.15528923,-0.25088155,-0.15205887,-0.22115314,-0.07562123,-0.086852394,-0.10702289,-0.060967896,-0.14511922,-0.16796505,-0.15746465,-0.22133875,-0.12812386,-0.0969081,-0.16398169,-0.12716047,-0.11335766,-0.18846886,-0.12796372,-0.17755464,-0.0994983,-0.115196005,-0.15196313,-0.11662802,-0.19749595,-0.14526704,-0.12781724,-0.096878245,-0.15196301,-0.1550863,-0.12434345,-0.11230643,-0.063823454,-0.1518898,-0.11419349,-0.10007019,-0.24483351,-0.1520594,-0.15528053,-0.16344379,-0.1759062,-0.12524253,-0.15204409,-0.0782174,-0.19187105,5.291017,-0.09859173,-0.11065883,-0.15170412,-0.15495455,-0.083404,-0.1213824,-0.13072303,-0.13855581,-0.19385117,-0.15202063,-0.15528595,-0.19487974,-0.23847799,-0.2432746,-0.12761903,-0.151845,-0.15525608,-0.14520228,-0.2961179,-0.15205863,-0.19813283,-0.12786351,-0.15199186,-0.060104962,-0.15931924,-0.15205678,-0.2028091,-0.2868003,-0.11816878,-0.14795661,-0.10060286,-0.15189436,-0.13614628,-0.20725825,-0.17393659,-0.125103,-0.15657571,-0.15690626,-0.15205532,-0.15528849,-0.16221246,-0.22200036,-0.12803872,-0.2814266,-0.15205984,-0.1915083,-0.24371436,-0.16952515,-0.1519684,-0.13369927,-0.12557748,-0.15205206,-0.18106565,-0.15205956,-0.18642783,-0.15200043,-0.30462334,-0.15194327,-0.14691104,-0.13029914,-0.15204602,-0.15527558,-0.18915205,-0.12795553,-0.15205126,-0.10481856,-0.1650517,-0.15204898,-0.15529062,-0.1552599,-0.12752588,-0.15194938,-0.15525517,-0.15524554,-0.1552577,-0.15526618,-0.16505513,-0.17392421,-0.15204425,-0.15528308,-0.15527251,-0.15528363,-0.2025511,-0.15354379,-0.14723541,-0.1510044,-0.11499533,-0.10471026,-0.11893196,-0.15204805,-0.15520898,-0.12791328,-0.19501048,-0.15205625,-0.18738703,-0.11705899,-0.17429145,-0.15204604,-0.06652963,-0.15179017,-0.10737923,-0.124497145,-0.15298569,-0.052188452,-0.26007295
k__Bacteria|p__Proteobacteria|c__Gammaproteobacteria|o__Enterobacterales|f__Enterobacteriaceae|g__Kluyvera|s__Kluyvera_ascorbata,-0.1004395,-0.12316422,-0.15177247,-0.15504207,-0.15504232,-0.23867357,-0.1666669,-0.16813041,-0.10929718,-0.22895765,-0.23728925,-0.15177709,-0.22850217,-0.3768707,-0.08556121,-0.15138689,-0.058144663,-0.15126404,-0.15498221,-0.19931981,-0.1978925,-0.12731837,-0.15174322,-0.12711628,-0.20043859,-0.11658599,-0.182019,-0.25032333,-0.1509206,-0.15174791,-0.15142563,-0.10844302,-0.18249588,-0.28454733,-0.15176453,-0.12749016,-0.1517748,-0.22338755,-0.15177746,-0.29867563,-0.1517775,-0.29356226,-0.12685573,-0.1516351,-0.13691942,-0.15177217,-0.23188588,-0.24781659,-0.1296162,-0.1274957,-0.24679694,-0.18279888,-0.25087595,-0.26027086,-0.28621647,-0.27511892,-0.11894142,-0.15169418,-0.040142577,-0.056944285,-0.15108053,-0.11274739,-0.13743341,-0.12739038,-0.15175658,-0.15503784,-0.15504211,-0.15504272,-0.27573854,-0.15173945,-0.12739107,-0.16243835,-0.12334165,-0.14074792,-0.15174472,-0.15887658,-0.14481027,-0.12747593,-0.18691605,-0.14998752,-0.15176591,-0.15502176,-0.15503253,-0.15496936,-0.120334074,-0.13700745,-0.08858878,-0.15176022,-0.19008024,-0.15177095,-0.2004665,-0.11139822,-0.1388583,-0.13027036,-0.1074974,-0.15152657,-0.1516788,-0.15474568,-0.10065024,-0.08152827,-0.09427856,-0.15172604,-0.11960925,-0.15027548,-0.16982608,-0.1185138,-0.15174189,-0.15503629,-0.17738779,-0.15176103,-0.15177366,-0.25953975,-0.17989698,-0.13525523,-0.15177101,-0.15095688,-0.17780018,-0.2009549,-0.15175137,-0.09015879,-0.15149094,-0.12151222,-0.121854745,-0.13997786,-0.21433522,-0.13908121,-0.16057305,-0.15170288,-0.07092635,-0.15117143,-0.15429781,-0.18733518,-0.15152559,-0.1273808,-0.12334781,-0.14100276,-0.15173225,-0.114095174,-0.25318068,-0.26654312,-0.12670994,-0.10945694,-0.15172386,-0.09238048,-0.20963459,-0.15177122,-0.15496087,-0.12694216,-0.15170282,-0.16015086,-0.1553517,-0.15177536,-0.19704957,-0.20616047,-0.12642851,-0.10460003,-0.11361031,-0.10256614,-0.15176828,-0.19495486,-0.15174574,-0.1268819,-0.1516224,-0.041086134,-0.12967405,-0.15177414,-0.2300741,-0.15175411,-0.10384405,-0.15041941,-0.0784167,-0.15163884,-0.12766197,-0.15165809,-0.121451,-0.075820275,-0.09192432,-0.101488546,-0.15152168,-0.15495247,-0.12378413,-0.15162322,-0.1410757,-0.13984437,-0.18093297,-0.1517765,-0.25777104,-0.12844054,-0.15169036,3.6209822,-0.119081676,-0.15174872,-0.15503825,-0.15503982,-0.15504088,-0.19755594,6.542651,-0.20219928,5.600382,-0.24831252,6.3865585,-0.22091979,-0.15176225,-0.12712894,-0.11956477,-0.15175775,-0.15503481,-0.20931396,-0.18224281,-0.15174924,5.332413,-0.15177472,-0.15504338,-0.15504235,-0.15504202,-0.2185038,-0.15174836,-0.114121355,-0.15175137,-0.15502895,-0.155035,-0.22984435,-0.15176883,-0.15501788,-0.08963354,-0.1516728,-0.15499729,-0.15501375,-0.1550152,-0.13302092,-0.1051107,-0.14014931,-0.15141064,-0.15839578,-0.15615125,-0.14613561,-0.1517654,-0.12319561,-0.12744987,-0.15173146,-0.15504321,-0.15504277,-0.15504278,-0.15504326,-0.38518023,-0.11451449,-0.15173861,-0.15564899,-0.14443555,-0.16636807,-0.15177032,-0.15497029,-0.12993515,-0.047159404,-0.14617977,-0.14016809,-0.14106366,-0.15163496,-0.19987361,-0.1649412,-0.17166539,-0.15174964,-0.15500388,-0.12722544,-0.14610182,-0.2588673,-0.12727751,-0.15165645,-0.09132757,-0.12832497,-0.13684332,-0.16221203,-0.15659244,-0.12676652,-0.15153354,-0.15495503,-0.15500064,-0.15503207,-0.15740095,-0.19795567,-0.15106063,-0.07294749,-0.2039893,-0.15173921,-0.15499938,-0.104459345,-0.15142186,-0.17466888,-0.13176009,-0.15174621,-0.15109587,-0.10913184,-0.15159261,-0.05825615,-0.14326635,-0.17082691,-0.15168878,-0.18883844,-0.15177575,-0.31316653,-0.15176657,-0.16808087,-0.14331596,-0.15176858,-0.15504,-0.25088155,-0.1517761,-0.22115314,-0.07562123,-0.086852394,-0.10702289,-0.060967896,-0.14549932,-0.16796505,-0.15746465,-0.22133875,-0.12812386,-0.0969081,-0.16398169,-0.12716047,-0.11335766,-0.18846886,-0.1274445,-0.17755464,-0.0994983,-0.115196005,-0.15168999,-0.11662802,-0.19749595,-0.14526704,-0.12781724,-0.096878245,-0.15169027,-0.15485814,-0.12434345,-0.11230643,-0.063823454,-0.15162438,-0.11419349,-0.10007019,2.2411342,-0.15177661,-0.15503223,-0.16344379,-0.1759062,-0.12524253,-0.15176284,-0.0782174,-0.19187105,-0.18185812,-0.09859173,-0.11065883,-0.15145808,-0.15473957,-0.083404,-0.1213824,-0.13072303,-0.13855581,-0.19385117,-0.1517416,-0.15503706,-0.19487974,-0.23847799,-0.2432746,-0.12714285,-0.15158406,-0.1550101,-0.14520228,-0.2961179,-0.15177593,-0.19813283,-0.12735945,-0.15171582,-0.060104962,-0.15931924,-0.15177423,-0.2028091,-0.2868003,-0.11816878,-0.14795661,-0.10060286,-0.15162793,-0.13614628,-0.20725825,-0.17393659,-0.125103,-0.15657571,-0.15690626,-0.15177295,-0.15503934,-0.16221246,-0.22200036,-0.12750974,-0.2814266,-0.151777,-0.1915083,-0.24371436,-0.16952515,-0.1516948,-0.13369927,-0.12557748,-0.15176997,-0.18106565,-0.15177676,-0.18642783,-0.1517234,-0.30462334,-0.15167166,-0.14691104,-0.13029914,-0.15176459,-0.15502775,-0.18915205,-0.12743731,-0.15176931,-0.10481856,-0.1650517,-0.1517672,-0.15504126,-0.15501392,-0.12707686,-0.15167794,-0.15500921,-0.15500066,-0.15501153,-0.15501928,-0.16505513,-0.17392421,-0.15176295,-0.15503448,-0.15502493,-0.15503496,-0.2025511,-0.15354379,-0.14723541,-0.15082157,-0.11499533,-0.10471026,-0.11893196,-0.15176639,-0.15496781,-0.12740025,-0.19501048,-0.15177375,-0.18738703,-0.11705899,-0.17429145,-0.15176481,-0.06652963,-0.1515353,-0.10737923,-0.124497145,-0.15298569,-0.052188452,-0.26007295
k__Bacteria|p__Proteobacteria|c__Gammaproteobacteria|o__Pasteurellales|f__Pasteurellaceae|g__Haemophilus|s__Haemophilus_sputorum,-0.1004395,-0.12316422,-0.15251082,-0.15579686,-0.15579706,-0.23867357,-0.1666669,-0.16813041,-0.10929718,-0.22895765,-0.23728925,-0.15251452,-0.22850217,-0.3768707,-0.08556121,-0.1521922,-0.058144663,-0.15209791,-0.15574886,-0.19931981,-0.1978925,-0.12795714,-0.15248725,-0.12711628,-0.20043859,-0.11658599,-0.182019,-0.25032333,-0.1509206,-0.1524912,-0.15142563,-0.10844302,-0.18249588,-0.28454733,-0.15250427,-0.12810495,-0.15251267,-0.22338755,-0.1525148,-0.29867563,-0.15251485,-0.29356226,-0.1275602,-0.15240104,-0.13691942,-0.15251055,2.2899156,-0.24781659,-0.1296162,-0.1281097,-0.24679694,-0.18279888,-0.25087595,-0.26027086,-0.28621647,-0.27511892,-0.11894142,-0.15244764,-0.040142577,-0.056944285,-0.15195861,-0.11274739,-0.13743341,-0.12801936,-0.15249813,-0.15579344,-0.1557969,-0.15579739,-0.27573854,-0.15248352,-0.12802124,-0.16243835,-0.12334165,-0.14074792,-0.15248853,-0.15887658,-0.14481027,-0.12809283,-0.18691605,-0.14998752,-0.15250553,-0.15578058,-0.15578924,-0.15573663,-0.120334074,-0.13700745,-0.08858878,-0.15250096,-0.19008024,-0.15250956,-0.2004665,-0.11139822,-0.1388583,-0.13027036,-0.1074974,-0.15152657,-0.15243536,-0.15553524,-0.10065024,-0.08152827,-0.09427856,-0.15247336,1.1699003,-0.15027548,-0.16982608,-0.1185138,-0.15248632,-0.1557922,-0.17738779,-0.15176103,-0.15251176,-0.25953975,-0.17989698,-0.13525523,-0.15250961,-0.15095688,-0.17780018,-0.2009549,-0.15249366,-0.09015879,-0.15228328,-0.12151222,-0.121854745,-0.13997786,-0.21433522,-0.13908121,-0.16057305,-0.15245463,-0.07092635,-0.15202418,-0.15520528,-0.18733518,-0.15231365,-0.12800854,-0.12334781,-0.14100276,-0.15247849,-0.114095174,-0.25318068,-0.26654312,-0.12740132,-0.10945694,-0.15247166,-0.09238048,-0.20963459,-0.15250978,-0.15573226,-0.12762204,-0.15245473,-0.16015086,-0.1553517,-0.15251312,-0.19704957,-0.20616047,-0.12717916,-0.10460003,-0.11361031,-0.10256614,-0.15250742,-0.19495486,-0.1524888,-0.1275588,-0.15238926,-0.041086134,-0.12967405,-0.15251216,-0.2300741,-0.15249594,-0.10384405,-0.15140268,-0.0784167,-0.15240295,-0.12766197,-0.15241861,-0.121451,-0.075820275,-0.09192432,-0.101488546,-0.15230785,-0.15572453,-0.12378413,-0.15238306,-0.1410757,-0.13984437,-0.18093297,-0.15251404,-0.25777104,-0.12844054,-0.15244308,-0.13462572,-0.119081676,-0.15249158,-0.1557938,-0.15579507,-0.15579592,-0.19755594,-0.25103784,-0.20219928,-0.19465852,-0.24831252,-0.20506537,-0.22091979,-0.1525026,-0.12778321,-0.11956477,-0.15249893,-0.15579104,-0.20931396,4.1201715,-0.15249191,-0.32474133,-0.15251261,-0.15579793,-0.1557971,-0.15579683,-0.2185038,-0.15249111,-0.114121355,-0.152494,-0.15578647,-0.1557912,-0.22984435,-0.15250784,-0.1557773,-0.08963354,-0.15243068,-0.15576074,-0.15577427,-0.15577516,-0.13302092,-0.1051107,-0.14014931,-0.15141064,-0.15839578,-0.15615125,-0.14613561,-0.15250507,-0.12319561,-0.12807208,-0.15247819,-0.1557978,-0.15579745,-0.15579744,-0.15579782,-0.38518023,-0.11451449,-0.15248367,-0.15564899,-0.14443555,-0.16636807,-0.15250911,-0.15573977,-0.12993515,-0.047159404,-0.14806318,-0.14016809,-0.14106366,-0.15240085,-0.19987361,-0.1649412,-0.17166539,-0.15249246,-0.15576603,-0.12722544,-0.14610182,-0.2588673,-0.12791319,-0.1524168,-0.09132757,-0.12832497,-0.13684332,-0.16221203,-0.15659244,-0.12744525,-0.15231793,-0.15572676,-0.15576349,-0.15578881,-0.15740095,0.978884,-0.15106063,-0.07294749,-0.2039893,-0.15248424,-0.15576228,0.8018017,-0.1521843,-0.17466888,-0.13176009,-0.1524896,-0.15109587,-0.10913184,-0.15236436,-0.05825615,-0.14326635,-0.17082691,-0.15244386,-0.18883844,-0.15251344,-0.31316653,-0.15250614,-0.16808087,-0.14331596,-0.15250768,-0.15579522,-0.25088155,-0.15251373,-0.22115314,-0.07562123,-0.086852394,-0.10702289,-0.060967896,-0.14751947,-0.16796505,-0.15746465,-0.22133875,-0.12812386,-0.0969081,-0.16398169,-0.12716047,-0.11335766,-0.18846886,-0.12806621,-0.17755464,-0.0994983,-0.115196005,-0.1524446,-0.11662802,-0.19749595,-0.14526704,-0.12781724,-0.096878245,-0.1524443,-0.15564829,-0.12434345,-0.11230643,-0.063823454,-0.15239087,-0.11419349,-0.10007019,4.707916,-0.15251411,-0.15578899,-0.16344379,-0.1759062,-0.12524253,-0.15250307,-0.0782174,-0.19187105,-0.18185812,-0.09859173,-0.11065883,-0.15225697,-0.15555297,-0.083404,-0.1213824,-0.13072303,-0.13855581,-0.19385117,-0.15248618,-0.15579286,-0.19487974,-0.23847799,-0.2432746,-0.12780932,-0.15235895,-0.15577129,-0.14520228,-0.2961179,-0.15251356,-0.19813283,-0.127991,-0.15246528,-0.060104962,-0.15931924,-0.15251222,-0.2028091,-0.2868003,-0.11816878,-0.14795661,-0.10060286,-0.15239498,-0.13614628,-0.20725825,-0.17393659,-0.125103,-0.15657571,-0.15690626,-0.15251118,-0.15579468,-0.16221246,-0.22200036,-0.12812117,-0.2814266,-0.15251443,-0.1915083,-0.24371436,-0.16952515,-0.15244736,-0.13369927,-0.12557748,-0.15250883,-0.18106565,-0.15251425,-0.18642783,-0.1524713,-0.30462334,-0.15243052,-0.14691104,-0.13029914,-0.15250447,-0.15578535,-0.18915205,-0.12806031,-0.15250823,-0.10481856,-0.1650517,-0.15250662,-0.15579621,-0.15577406,-0.12773618,-0.15243456,-0.15577063,-0.15576364,-0.15577248,-0.15577847,-0.16505513,-0.17392421,-0.15250319,-0.15579078,-0.15578316,-0.15579116,-0.2025511,-0.15354379,-0.14723541,-0.15175527,-0.11499533,-0.10471026,-0.11893196,-0.15250592,-0.15573665,-0.12802877,-0.19501048,-0.15251185,-0.18738703,-0.11705899,-0.17429145,-0.15250444,-0.06652963,-0.1523179,-0.10737923,-0.124497145,-0.15298569,-0.052188452,-0.26007295
k__Bacteria|p__Proteobacteria|c__Betaproteobacteria|o__Burkholderiales|f__Sutterellaceae|g__Parasutterella|s__Parasutterella_SGB9260,-0.1004395,-0.12316422,-0.15146819,-0.15468448,-0.15468466,-0.23867357,-0.1666669,-0.16813041,-0.10929718,-0.22895765,-0.23728925,-0.15147153,-0.22850217,-0.3768707,-0.08556121,-0.15118593,-0.058144663,-0.15109605,-0.15464124,-0.19931981,-0.1978925,-0.12743655,-0.15144688,-0.12711628,-0.20043859,-0.11658599,-0.182019,-0.25032333,-0.1509206,-0.15145046,-0.15142563,-0.10844302,-0.18249588,-0.28454733,-0.15146211,-0.12757981,-0.15146987,-0.22338755,-0.1514718,-0.29867563,-0.15147185,-0.29356226,-0.12703496,-0.151369,-0.13691942,-0.15146798,-0.23188588,-0.24781659,-0.1296162,-0.12758426,-0.24679694,-0.18279888,-0.25087595,-0.26027086,-0.28621647,-0.27511892,-0.11894142,-0.1514109,-0.040142577,-0.056944285,-0.15096965,-0.11274739,-0.13743341,-0.1274975,-0.15145673,-0.1546814,-0.15468451,-0.15468496,-0.27573854,-0.15144402,-0.12749876,2.996456,-0.12334165,-0.14074792,-0.15144804,5.89005,0.8533398,-0.12756777,-0.18691605,-0.14998752,-0.15146342,-0.15466976,-0.1546776,-0.1546313,-0.120334074,-0.13700745,-0.08858878,-0.15145926,-0.19008024,-0.15146706,-0.2004665,-0.11139822,-0.1388583,-0.13027036,-0.1074974,-0.15152657,-0.1514,-0.15446603,-0.10065024,-0.08152827,-0.09427856,-0.15143436,-0.11960925,-0.15027548,-0.16982608,-0.1185138,-0.1514462,-0.15468028,-0.17738779,-0.15176103,-0.15146905,-0.25953975,-0.17989698,-0.13525523,-0.15146708,-0.15095688,-0.17780018,-0.2009549,-0.15145272,-0.09015879,-0.15126222,-0.12151222,-0.121854745,-0.13997786,-0.21433522,-0.13908121,-0.16057305,-0.15141737,-0.07092635,-0.15103054,-0.15415077,-0.18733518,-0.15129179,-0.12748063,-0.12334781,-0.14100276,-0.15143906,-0.114095174,-0.25318068,3.905741,-0.12688868,-0.10945694,-0.1514328,-0.09238048,-0.20963459,-0.15146726,-0.1546273,-0.1270973,-0.15141797,-0.16015086,-0.1553517,-0.15147027,-0.19704957,-0.20616047,-0.12662444,-0.10460003,-0.11361031,-0.10256614,-0.15146512,-0.19495486,-0.15144843,-0.12703335,-0.15135899,-0.041086134,-0.12967405,-0.15146941,-0.2300741,-0.15145484,-0.10384405,-0.15048763,-0.0784167,-0.15137157,-0.12766197,-0.15138507,-0.121451,-0.075820275,-0.09192432,-0.101488546,-0.15128437,-0.15461919,-0.12378413,-0.15135658,-0.1410757,-0.13984437,-0.18093297,-0.15147111,-0.25777104,-0.12844054,-0.15140748,-0.13462572,-0.119081676,-0.15145087,-0.15468171,-0.15468286,-0.15468363,-0.19755594,-0.25103784,-0.20219928,-0.19465852,-0.24831252,-0.20506537,-0.22091979,-0.15146084,-0.12726201,-0.11956477,-0.15145744,-0.1546792,-0.20931396,-0.18224281,-0.15145114,-0.32474133,-0.1514698,-0.15468545,-0.1546847,-0.15468444,-0.2185038,-0.1514504,-0.114121355,-0.15145303,-0.1546751,-0.1546794,-0.22984435,-0.15146548,-0.15466663,-0.08963354,-0.15139586,-0.1546518,-0.15466407,-0.15466487,1.908488,-0.1051107,-0.14014931,-0.15141064,-0.15839578,-0.15615125,-0.14613561,-0.15146297,-0.12319561,-0.12754916,-0.15143871,-0.1546853,-0.15468499,-0.154685,-0.15468535,6.685007,-0.11451449,-0.15144366,-0.15564899,-0.14443555,-0.16636807,-0.15146664,-0.15463299,-0.12993515,-0.047159404,-0.1474696,-0.14016809,-0.14106366,-0.15136886,-0.19987361,-0.1649412,-0.17166539,-0.15145157,-0.15465653,-0.12722544,-0.14610182,-0.2588673,-0.12739362,-0.15138309,-0.09132757,-0.12832497,-0.13684332,-0.16221203,-0.15659244,-0.12691116,-0.15129402,-0.15462099,-0.15465435,-0.1546772,-0.15740095,-0.19795567,-0.15106063,-0.07294749,-0.2039893,-0.15144414,-0.15465327,-0.104459345,-0.15117651,-0.17466888,-0.13176009,-0.15144898,-0.15109587,-0.10913184,-0.15133642,-0.05825615,-0.14326635,-0.17082691,-0.15140763,-0.18883844,-0.15147057,-0.31316653,-0.15146402,-0.16808087,-0.14331596,-0.15146533,-0.15468301,-0.25088155,-0.15147083,-0.22115314,-0.07562123,-0.086852394,-0.10702289,-0.060967896,-0.1469639,-0.16796505,-0.15746465,-0.22133875,-0.12812386,-0.0969081,-0.16398169,-0.12716047,-0.11335766,-0.18846886,-0.1275432,-0.17755464,-0.0994983,-0.115196005,-0.1514084,-0.11662802,-0.19749595,-0.14526704,-0.12781724,-0.096878245,-0.15140796,-0.1545502,-0.12434345,-0.11230643,-0.063823454,-0.15136021,-0.11419349,-0.10007019,-0.24483351,-0.15147118,-0.15467742,-0.16344379,2.2051597,-0.12524253,-0.15146117,-0.0782174,3.582197,-0.18185812,-0.09859173,-0.11065883,-0.15123895,-0.15446436,-0.083404,-0.1213824,-0.13072303,-0.13855581,-0.19385117,-0.15144596,-0.15468085,-0.19487974,-0.23847799,-0.2432746,-0.1272989,-0.15133095,-0.15466139,-0.14520228,-0.2961179,-0.15147066,-0.19813283,-0.12746897,-0.15142703,-0.060104962,-0.15931924,-0.15146947,-0.2028091,-0.2868003,-0.11816878,-0.14795661,-0.10060286,-0.15136352,-0.13614628,-0.20725825,-0.17393659,-0.125103,-0.15657571,-0.15690626,-0.15146852,-0.15468252,-0.16221246,-0.22200036,-0.127595,-0.2814266,-0.15147147,-0.1915083,-0.24371436,-0.16952515,-0.15141192,-0.13369927,-0.12557748,-0.1514664,-0.18106565,-0.15147129,-0.18642783,-0.15143277,-0.30462334,-0.1513957,-0.14691104,-0.13029914,-0.15146247,-0.1546741,-0.18915205,-0.12753761,-0.15146583,-0.10481856,-0.1650517,-0.15146439,-0.1546839,-0.15466435,-0.12723684,-0.15139925,-0.15466085,-0.15465444,-0.15466246,-0.15466791,-0.16505513,-0.17392421,-0.15146132,-0.15467896,-0.15467207,-0.15467933,-0.2025511,-0.15354379,-0.14723541,-0.15078609,-0.11499533,-0.10471026,-0.11893196,-0.15146378,-0.15463099,-0.12750861,-0.19501048,-0.15146914,-0.18738703,-0.11705899,-0.17429145,-0.15146257,-0.06652963,-0.1512946,-0.10737923,-0.124497145,-0.15298569,-0.052188452,-0.26007295
k__Bacteria|p__Proteobacteria|c__Deltaproteobacteria|o__Desulfovibrionales|f__Desulfovibrionaceae|g__Bilophila|s__Bilophila_wadsworthia,-0.1004395,-0.12316422,-0.15150155,-0.15476656,-0.15476677,-0.23867357,-0.1666669,-0.16813041,-0.10929718,-0.22895765,-0.23728925,-0.15150507,-0.22850217,2.3663228,-0.08556121,-0.15121731,-0.058144663,-0.15111676,-0.15472123,-0.19931981,-0.1978925,-0.12712187,-0.15147929,-0.12711628,-0.20043859,-0.11658599,-0.182019,-0.25032333,-0.1509206,-0.15148282,-0.15142563,-0.10844302,-0.18249588,-0.28454733,-0.15149546,-0.12725233,-0.15150331,-0.22338755,-0.15150532,-0.29867563,-0.15150538,-0.29356226,-0.12677386,-0.15139732,-0.13691942,-0.1515013,-0.23188588,-0.24781659,-0.1296162,-0.12725662,-0.24679694,-0.18279888,-0.25087595,2.5316405,-0.28621647,2.7316911,-0.11894142,-0.15144205,-0.040142577,-0.056944285,-0.15097472,-0.11274739,-0.13743341,-0.12717786,-0.15148945,-0.15476337,-0.15476659,-0.15476707,-0.27573854,-0.15147659,-0.12717691,-0.16243835,-0.12334165,-0.14074792,-0.1514804,-0.15887658,-0.14481027,-0.12724175,-0.18691605,-0.14998752,-0.15149656,-0.15475109,-0.15475932,-0.15471196,-0.120334074,-0.13700745,-0.08858878,-0.15149221,-0.19008024,-0.15150034,-0.2004665,-0.11139822,-0.1388583,-0.13027036,-0.1074974,-0.15152657,-0.15143028,-0.15455279,-0.10065024,-0.08152827,-0.09427856,-0.15146625,-0.11960925,-0.15027548,-0.16982608,-0.1185138,-0.15147828,-0.15476218,-0.17738779,-0.15176103,-0.15150243,-0.25953975,-0.17989698,-0.13525523,-0.1515004,-0.15095688,-0.17780018,-0.2009549,-0.15148555,-0.09015879,-0.15128775,-0.12151222,-0.121854745,-0.13997786,-0.21433522,-0.13908121,-0.16057305,-0.15144864,-0.07092635,-0.1510476,-0.15420026,-0.18733518,-0.15131398,-0.12717463,-0.12334781,-0.14100276,-0.15147099,-0.114095174,-0.25318068,-0.26654312,-0.12665649,-0.10945694,-0.15146455,-0.09238048,-0.20963459,-0.15150055,-0.15470442,-0.12684342,-0.15144904,-0.16015086,-0.1553517,-0.15150374,-0.19704957,-0.20616047,-0.1264337,-0.10460003,-0.11361031,-0.10256614,-0.15149833,-0.19495486,-0.15148103,-0.12679459,-0.15138793,-0.041086134,-0.12967405,-0.15150279,-0.2300741,-0.15148735,-0.10384405,-0.15048917,-0.0784167,-0.1514006,-0.12766197,-0.15141478,-0.121451,-0.075820275,-0.09192432,-0.101488546,-0.1513117,-0.15469861,-0.12378413,-0.15139207,-0.1410757,-0.13984437,-0.18093297,-0.1515046,-0.25777104,-0.12844054,-0.1514383,-0.13462572,-0.119081676,-0.15148349,-0.1547637,-0.15476485,-0.15476567,-0.19755594,-0.25103784,-0.20219928,-0.19465852,-0.24831252,-0.20506537,-0.22091979,-0.15149368,-0.12698644,-0.11956477,-0.1514903,-0.15476102,-0.20931396,-0.18224281,-0.15148395,-0.32474133,-0.15150325,-0.15476757,-0.15476678,-0.15476651,2.3345888,-0.15148307,-0.114121355,-0.15148547,-0.15475658,-0.1547612,-0.22984435,-0.15149875,-0.15474862,-0.08963354,-0.1514261,-0.15473253,-0.15474503,-0.15474613,-0.13302092,-0.1051107,-0.14014931,-0.15141064,-0.15839578,-0.15615125,-0.14613561,-0.15149617,-0.12319561,-0.1272222,-0.15147027,-0.15476744,-0.15476711,-0.1547671,-0.15476748,-0.38518023,-0.11451449,-0.15147576,-0.15564899,-0.14443555,-0.16636807,-0.1514999,-0.15471157,-0.12993515,-0.047159404,-0.14725283,-0.14016809,-0.14106366,-0.15139681,-0.19987361,-0.1649412,-0.17166539,-0.15148415,-0.1547375,-0.12722544,-0.14610182,-0.2588673,-0.12709218,-0.15141365,-0.09132757,-0.12832497,-0.13684332,-0.16221203,-0.15659244,-0.12668419,-0.15132067,-0.15470043,-0.15473509,-0.15475897,-0.15740095,-0.19795567,-0.15106063,-0.07294749,-0.2039893,-0.15147623,-0.15473413,-0.104459345,-0.15122533,-0.17466888,-0.13176009,-0.15148152,-0.15109587,-0.10913184,-0.15136595,-0.05825615,-0.14326635,-0.17082691,-0.15143785,-0.18883844,-0.15150404,-0.31316653,-0.151497,-0.16808087,-0.14331596,-0.15149859,-0.15476498,-0.25088155,-0.15150431,-0.22115314,-0.07562123,-0.086852394,-0.10702289,-0.060967896,-0.14672622,-0.16796505,-0.15746465,-0.22133875,-0.12812386,-0.0969081,-0.16398169,-0.12716047,-0.11335766,-0.18846886,-0.12721798,-0.17755464,-0.0994983,-0.115196005,-0.1514388,-0.11662802,-0.19749595,-0.14526704,-0.12781724,-0.096878245,-0.15143907,-0.15462695,-0.12434345,-0.11230643,-0.063823454,-0.15138975,-0.11419349,-0.10007019,-0.24483351,-0.15150468,-0.15475899,-0.16344379,-0.1759062,-0.12524253,-0.15149423,-0.0782174,-0.19187105,-0.18185812,-0.09859173,-0.11065883,-0.15126267,-0.15453704,-0.083404,-0.1213824,-0.13072303,-0.13855581,-0.19385117,-0.15147802,-0.15476277,-0.19487974,-0.23847799,-0.2432746,-0.1269823,-0.15135852,-0.15474224,1.7482399,3.0517693,-0.15150416,3.549866,-0.1271542,-0.1514585,-0.060104962,-0.15931924,-0.15150286,-0.2028091,-0.2868003,-0.11816878,-0.14795661,-0.10060286,-0.15139174,-0.13614628,-0.20725825,-0.17393659,-0.125103,-0.15657571,-0.15690626,-0.15150191,-0.1547645,-0.16221246,-0.22200036,-0.12726724,-0.2814266,-0.151505,-0.1915083,-0.24371436,-0.16952515,-0.1514428,-0.13369927,-0.12557748,-0.15149963,-0.18106565,-0.15150478,-0.18642783,-0.1514642,-0.30462334,-0.1514248,-0.14691104,-0.13029914,-0.15149552,-0.15475565,-0.18915205,-0.1272122,-0.15149914,-0.10481856,-0.1650517,-0.15149753,-0.15476593,-0.15474504,-0.12693518,-0.15142977,-0.15474162,-0.15473512,-0.15474334,-0.15474935,-0.16505513,-0.17392421,-0.1514943,-0.15476081,-0.15475354,-0.15476117,-0.2025511,-0.15354379,-0.14723541,-0.15077743,-0.11499533,-0.10471026,-0.11893196,-0.15149689,-0.15471014,-0.12718472,-0.19501048,-0.15150249,-0.18738703,-0.11705899,-0.17429145,-0.15149552,-0.06652963,-0.15132299,-0.10737923,-0.124497145,-0.15298569,-0.052188452,-0.26007295
k__Bacteria|p__Proteobacteria|c__Gammaproteobacteria|o__Enterobacterales|f__Enterobacteriaceae|g__Enterobacter|s__Enterobacter_kobei,-0.1004395,-0.12316422,-0.14831796,-0.15152285,-0.15152317,-0.23867357,-0.1666669,-0.16813041,-0.10929718,-0.22895765,-0.23728925,-0.14832312,-0.22850217,-0.3768707,-0.08556121,-0.14788342,-0.058144663,-0.14773324,-0.15145573,-0.19931981,-0.1978925,-0.124310136,-0.14828467,-0.12711628,-0.20043859,-0.11658599,-0.182019,-0.25032333,-0.1509206,-0.1482906,-0.15142563,-0.10844302,-0.18249588,-0.28454733,-0.14830914,-0.124514826,-0.1483205,-0.22338755,-0.14832352,-0.29867563,-0.1483236,-0.29356226,-0.12376669,-0.14816575,-0.13691942,-0.14831749,-0.23188588,-0.24781659,-0.1296162,-0.12452166,-0.24679694,-0.18279888,-0.25087595,-0.26027086,-0.28621647,-0.27511892,-0.11894142,-0.14822897,-0.040142577,-0.056944285,-0.14754626,-0.11274739,-0.13743341,-0.1243977,-0.1483003,-0.15151805,-0.15152293,-0.15152362,-0.27573854,-0.1482817,-0.12439932,-0.16243835,-0.12334165,-0.14074792,-0.1482864,-0.15887658,-0.14481027,-0.12449784,-0.18691605,-0.14998752,-0.14831042,-0.15149993,-0.15151231,-0.15144485,-0.120334074,-0.13700745,-0.08858878,-0.14830396,-0.19008024,-0.14831612,-0.2004665,-0.11139822,-0.1388583,-0.13027036,-0.1074974,-0.15152657,-0.14821124,-0.15120217,-0.10065024,-0.08152827,-0.09427856,-0.14826494,-0.11960925,-0.15027548,-0.16982608,-0.1185138,-0.14828387,-0.15151632,-0.17738779,-0.15176103,-0.14831926,-0.25953975,-0.17989698,-0.13525523,-0.14831616,-0.15095688,-0.17780018,-0.2009549,-0.14829561,-0.09015879,-0.14799568,-0.12151222,-0.121854745,-0.13997786,-0.21433522,-0.13908121,-0.16057305,-0.14823845,-0.07092635,-0.14764017,-0.15070611,-0.18733518,-0.14805187,-0.12438504,-0.12334781,-0.14100276,-0.14827228,-0.114095174,4.8972006,7.4063888,-0.123581015,-0.10945694,-0.14826244,-0.09238048,-0.20963459,-0.1483164,-0.15143692,-0.123868965,-0.14823997,-0.16015086,-0.1553517,-0.14832115,-0.19704957,-0.20616047,-0.12325871,-0.10460003,-0.11361031,-0.10256614,-0.14831302,-0.19495486,-0.14828804,-0.12378967,-0.14814687,-0.041086134,-0.12967405,-0.14831989,-0.2300741,-0.14829774,-0.10384405,-0.14679448,-0.0784167,-0.14816742,-0.12766197,-0.14818805,-0.121451,-0.075820275,-0.09192432,-0.101488546,-0.14803246,-0.15142056,-0.12378413,-0.14815846,-0.1410757,4.5335326,-0.18093297,-0.14832243,-0.25777104,-0.12844054,-0.14822692,-0.13462572,-0.119081676,-0.1482905,-0.15151858,-0.15152036,-0.15152153,-0.19755594,-0.25103784,-0.20219928,-0.19465852,-0.24831252,-0.20506537,-0.22091979,-0.14830682,-0.12408713,-0.11956477,-0.148301,-0.15151471,-0.20931396,-0.18224281,-0.14829257,-0.32474133,-0.1483204,-0.15152436,-0.1515232,-0.15152279,-0.2185038,-0.14829162,-0.114121355,-0.14829461,-0.15150864,-0.15151495,-0.22984435,-0.14831361,-0.15149668,-0.08963354,-0.14820577,-0.15147144,-0.1514913,-0.15149194,-0.13302092,-0.1051107,-0.14014931,-0.15141064,-0.15839578,-0.15615125,-0.14613561,-0.14830963,-0.12319561,-0.124469034,-0.14827263,-0.15152419,-0.15152368,-0.15152368,-0.15152423,-0.38518023,-0.11451449,-0.14827974,-0.15564899,-0.14443555,-0.16636807,-0.14831558,-0.15144533,-0.12993515,-0.047159404,-0.14216986,-0.14016809,-0.14106366,-0.14816344,-0.19987361,-0.1649412,4.166041,-0.14829189,-0.15147871,-0.12722544,-0.14610182,-0.2588673,-0.12425782,-0.14818546,-0.09132757,-0.12832497,-0.13684332,-0.16221203,-0.15659244,-0.12364888,-0.1480495,-0.15142396,-0.15147568,-0.1515115,-0.15740095,-0.19795567,-0.15106063,-0.07294749,-0.2039893,-0.14828083,-0.15147358,-0.104459345,-0.14792112,-0.17466888,-0.13176009,-0.14828753,-0.15109587,-0.10913184,-0.14811447,-0.05825615,-0.14326635,-0.17082691,-0.14822403,-0.18883844,-0.14832163,-0.31316653,-0.14831176,-0.16808087,-0.14331596,-0.14831345,-0.15152064,0.69705176,-0.14832203,-0.22115314,-0.07562123,-0.086852394,-0.10702289,-0.060967896,-0.14138979,2.2875211,-0.15746465,2.1277359,-0.12812386,-0.0969081,-0.16398169,-0.12716047,-0.11335766,3.3965347,-0.12446137,-0.17755464,-0.0994983,-0.115196005,-0.14822492,-0.11662802,-0.19749595,-0.14526704,-0.12781724,-0.096878245,-0.14822333,-0.15131357,2.4499846,-0.11230643,-0.063823454,-0.14814988,1.6323355,-0.10007019,7.655095,-0.14832255,-0.15151235,-0.16344379,-0.1759062,-0.12524253,-0.14830688,-0.0782174,-0.19187105,-0.18185812,-0.09859173,-0.11065883,-0.14795958,-0.15117964,-0.083404,-0.1213824,-0.13072303,-0.13855581,3.6993568,-0.14828366,-0.1515172,-0.19487974,-0.23847799,-0.2432746,-0.124110736,-0.1481043,-0.15148711,-0.14520228,-0.2961179,-0.14832176,-0.19813283,-0.12435916,-0.1482544,-0.060104962,-0.15931924,-0.14831994,-0.2028091,-0.2868003,-0.11816878,-0.14795661,-0.10060286,-0.14815608,-0.13614628,-0.20725825,-0.17393659,-0.125103,-0.15657571,-0.15690626,-0.14831844,-0.15151978,-0.16221246,-0.22200036,-0.124537826,-0.2814266,-0.148323,-0.1915083,-0.24371436,-0.16952515,-0.14823422,-0.13369927,-0.12557748,-0.14831516,-0.18106565,-0.14832273,3.2687576,-0.14826506,3.7319853,-0.14820617,2.5745668,-0.13029914,-0.14830898,-0.15150656,-0.18915205,-0.12445234,-0.14831425,-0.10481856,-0.1650517,-0.14831212,-0.15152198,-0.15149267,-0.12402547,-0.14821008,-0.15148643,-0.15147631,-0.15148889,-0.151497,-0.16505513,-0.17392421,-0.1483073,-0.15151425,-0.15150362,-0.1515148,-0.2025511,-0.15354379,-0.14723541,-0.1472719,-0.11499533,-0.10471026,-0.11893196,-0.14831105,-0.15144289,-0.12440832,-0.19501048,-0.14831944,-0.18738703,-0.11705899,-0.17429145,-0.14830977,-0.06652963,-0.1480475,-0.10737923,-0.124497145,-0.15298569,-0.052188452,-0.26007295
k__Bacteria|p__Proteobacteria|c__Gammaproteobacteria|o__Enterobacterales|f__Morganellaceae|g__Proteus|s__Proteus_mirabilis,-0.1004395,-0.12316422,-0.15136367,-0.15462932,-0.1546296,-0.23867357,-0.1666669,-0.16813041,-0.10929718,-0.22895765,-0.23728925,-0.15136862,-0.22850217,-0.3768707,-0.08556121,-0.15095225,-0.058144663,-0.1508187,-0.15456527,-0.19931981,-0.1978925,-0.12691945,-0.15133227,-0.12711628,-0.20043859,-0.11658599,-0.182019,-0.25032333,-0.1509206,-0.15133736,-0.15142563,-0.10844302,-0.18249588,-0.28454733,-0.15135504,-0.12711018,-0.15136614,-0.22338755,-0.15136899,-0.29867563,-0.15136904,-0.29356226,-0.12641029,-0.15121669,-0.13691942,-0.15136334,-0.23188588,-0.24781659,-0.1296162,-0.12711632,-0.24679694,-0.18279888,-0.25087595,-0.26027086,-0.28621647,-0.27511892,-0.11894142,-0.15127963,-0.040142577,-0.056944285,-0.1506241,-0.11274739,-0.13743341,-0.12699947,-0.15134662,-0.15462479,-0.15462936,-0.15463004,-0.27573854,-0.151328,-0.12700121,-0.16243835,-0.12334165,-0.14074792,-0.15133393,-0.15887658,-0.14481027,-0.12709449,-0.18691605,-0.14998752,-0.15135661,-0.1546076,-0.1546191,-0.15455125,-0.120334074,-0.13700745,-0.08858878,-0.15135051,-0.19008024,-0.151362,1.2789681,-0.11139822,-0.1388583,-0.13027036,-0.1074974,-0.15152657,-0.1512632,-0.15431455,-0.10065024,-0.08152827,-0.09427856,-0.15131381,-0.11960925,-0.15027548,-0.16982608,-0.1185138,-0.15133093,-0.15462314,-0.17738779,-0.15176103,-0.15136492,-0.25953975,-0.17989698,-0.13525523,-0.15136206,-0.15095688,-0.17780018,-0.2009549,-0.15134093,-0.09015879,-0.15106165,-0.12151222,-0.121854745,-0.13997786,-0.21433522,-0.13908121,-0.16057305,-0.15128896,-0.07092635,-0.15072057,-0.15383473,-0.18733518,-0.15110034,-0.12698668,-0.12334781,-0.14100276,-0.15132058,-0.114095174,-0.25318068,-0.26654312,-0.12623596,-0.10945694,-0.15131152,-0.09238048,-0.20963459,-0.15136229,-0.15454249,-0.12650147,-0.15128912,-0.16015086,-0.1553517,-0.15136674,-0.19704957,-0.20616047,-0.12592061,5.7596736,3.0860975,-0.10256614,-0.15135917,-0.19495486,-0.1513347,-0.12642068,-0.15120289,-0.041086134,-0.12967405,-0.15136544,-0.2300741,-0.15134378,-0.10384405,-0.14992046,-0.0784167,-0.15122049,-0.12766197,-0.15124106,3.2151005,-0.075820275,-0.09192432,-0.101488546,-0.15109447,-0.15453324,-0.12378413,-0.15120521,-0.1410757,-0.13984437,-0.18093297,-0.15136796,-0.25777104,-0.12844054,-0.15127498,-0.13462572,-0.119081676,-0.15133813,-0.15462524,-0.15462694,-0.15462807,-0.19755594,-0.25103784,-0.20219928,-0.19465852,-0.24831252,-0.20506537,-0.22091979,-0.1513527,-0.12670533,-0.11956477,-0.15134785,-0.15462156,-0.20931396,-0.18224281,-0.15133874,-0.32474133,-0.15136606,-0.15463075,-0.15462965,-0.15462926,-0.2185038,-0.15133762,-0.114121355,-0.15134108,-0.15461531,-0.15462175,-0.22984435,-0.1513597,-0.15460315,-0.08963354,-0.15125686,-0.15458128,-0.15459904,-0.1546005,-0.13302092,-0.1051107,-0.14014931,-0.15141064,-0.15839578,-0.15615125,-0.14613561,-0.15135607,-0.12319561,-0.12706646,-0.15131983,-0.15463054,-0.15463008,-0.1546301,-0.1546306,-0.38518023,-0.11451449,-0.1513274,-0.15564899,-0.14443555,-0.16636807,-0.15136138,-0.15455247,-0.12993515,-0.047159404,-0.14539774,-0.14016809,-0.14106366,-0.15121657,-0.19987361,-0.1649412,-0.17166539,-0.15133917,-0.15458834,-0.12722544,-0.14610182,-0.2588673,-0.12687086,-0.15123898,-0.09132757,-0.12832497,-0.13684332,-0.16221203,-0.15659244,-0.1262935,-0.15110728,-0.15453592,-0.15458491,-0.15461859,-0.15740095,-0.19795567,-0.15106063,-0.07294749,-0.2039893,-0.15132809,-0.15458342,-0.104459345,-0.15097979,-0.17466888,-0.13176009,-0.15133548,-0.15109587,-0.10913184,-0.15117046,-0.05825615,-0.14326635,-0.17082691,-0.15127411,-0.18883844,-0.15136716,-0.31316653,-0.15135737,-0.16808087,-0.14331596,-0.1513595,-0.15462711,-0.25088155,-0.15136755,3.0706124,-0.07562123,-0.086852394,-0.10702289,-0.060967896,-0.1446644,-0.16796505,-0.15746465,-0.22133875,-0.12812386,-0.0969081,-0.16398169,-0.12716047,-0.11335766,-0.18846886,-0.1270599,-0.17755464,-0.0994983,-0.115196005,-0.1512753,-0.11662802,-0.19749595,-0.14526704,-0.12781724,-0.096878245,-0.15127537,-0.15443188,-0.12434345,-0.11230643,-0.063823454,-0.1512048,-0.11419349,-0.10007019,-0.24483351,-0.15136808,-0.15461874,-0.16344379,-0.1759062,-0.12524253,-0.15135336,-0.0782174,-0.19187105,-0.18185812,-0.09859173,-0.11065883,-0.1510266,-0.15430516,-0.083404,-0.1213824,-0.13072303,-0.13855581,-0.19385117,-0.15133063,-0.15462399,-0.19487974,-0.23847799,-0.2432746,-0.12672646,-0.15116166,-0.15459514,-0.14520228,-0.2961179,-0.15136734,-0.19813283,-0.12696433,-0.15130293,-0.060104962,5.2491803,-0.15136555,1.2303442,-0.2868003,-0.11816878,-0.14795661,-0.10060286,-0.15120889,3.5531669,0.7924868,-0.17393659,-0.125103,-0.15657571,-0.15690626,-0.15136413,-0.15462643,-0.16221246,-0.22200036,-0.12713154,5.536302,-0.15136848,-0.1915083,0.98390645,-0.16952515,-0.15128028,-0.13369927,-0.12557748,-0.15136099,-0.18106565,-0.15136823,-0.18642783,-0.15131107,-0.30462334,-0.15125595,2.2605088,-0.13029914,-0.15135518,-0.15461397,-0.18915205,-0.1270521,-0.15136024,-0.10481856,-0.1650517,-0.15135801,-0.15462846,-0.15459901,-0.12664658,-0.15126224,-0.15459421,-0.15458496,-0.15459663,-0.15460485,-0.16505513,-0.17392421,-0.15135346,-0.15462121,-0.15461099,-0.15462172,-0.2025511,-0.15354379,-0.14723541,-0.15034837,-0.11499533,-0.10471026,-0.11893196,-0.15135714,-0.15454988,-0.12701198,-0.19501048,-0.15136504,-0.18738703,-0.11705899,-0.17429145,-0.1513553,-0.06652963,-0.15110925,-0.10737923,-0.124497145,-0.15298569,-0.052188452,-0.26007295
k__Bacteria|p__Proteobacteria|c__Betaproteobacteria|o__Burkholderiales|f__Sutterellaceae|g__Parasutterella|s__Parasutterella_excrementihominis,-0.1004395,-0.12316422,-0.15158908,-0.1548559,-0.15485612,-0.23867357,-0.1666669,-0.16813041,-0.10929718,-0.22895765,-0.23728925,-0.15159287,-0.22850217,-0.3768707,-0.08556121,-0.15126456,-0.058144663,-0.15116131,-0.15480644,-0.19931981,-0.1978925,-0.12716858,-0.1515646,-0.12711628,-0.20043859,-0.11658599,5.011906,6.20834,-0.1509206,-0.15156876,-0.15142563,-0.10844302,-0.18249588,-0.28454733,-0.15158229,-0.12732556,-0.15159096,-0.22338755,-0.15159318,-0.29867563,-0.15159321,-0.29356226,-0.1267586,-0.15147597,-0.13691942,-0.15158874,-0.23188588,-0.24781659,-0.1296162,-0.12733051,-0.24679694,-0.18279888,-0.25087595,-0.26027086,-0.28621647,-0.27511892,-0.11894142,-0.15152365,-0.040142577,-0.056944285,-0.15101914,6.2558026,-0.13743341,-0.12723644,-0.151576,-0.15485238,-0.15485595,-0.15485644,-0.27573854,-0.15156123,-0.12723763,-0.16243835,-0.12334165,-0.14074792,-0.15156597,-0.15887658,-0.14481027,-0.12731248,-0.18691605,-0.14998752,-0.15158355,-0.15483905,-0.15484804,-0.15479422,-0.120334074,-0.13700745,-0.08858878,-0.15157884,-0.19008024,-0.15158775,-0.2004665,-0.11139822,-0.1388583,-0.13027036,-0.1074974,-0.15152657,-0.15151092,-0.15460086,-0.10065024,-0.08152827,-0.09427856,-0.15155023,-0.11960925,-0.15027548,-0.16982608,-0.1185138,-0.15156381,-0.15485108,-0.17738779,-0.15176103,-0.15159002,2.734787,-0.17989698,-0.13525523,-0.15158778,-0.15095688,-0.17780018,-0.2009549,-0.15157142,-0.09015879,-0.15135333,-0.12151222,-0.121854745,-0.13997786,-0.21433522,-0.13908121,-0.16057305,-0.15153083,-0.07092635,-0.15108716,-0.1542471,-0.18733518,-0.15138632,-0.12722792,-0.12334781,-0.14100276,-0.15155563,-0.114095174,-0.25318068,-0.26654312,-0.12657891,-0.10945694,-0.1515485,-0.09238048,-0.20963459,-0.15158795,-0.15478925,-0.12682454,-0.1515314,-0.16015086,-0.1553517,-0.15159142,-0.19704957,-0.20616047,-0.12632112,-0.10460003,-0.11361031,-0.10256614,-0.15158552,-0.19495486,-0.15156618,-0.12675238,-0.15146326,-0.041086134,-0.12967405,-0.15159047,-0.2300741,-0.15157348,-0.10384405,-0.15045756,-0.0784167,-0.15147805,-0.12766197,-0.15149388,-0.121451,-0.075820275,-0.09192432,-0.101488546,-0.15137967,-0.1547811,-0.12378413,-0.15146077,-0.1410757,-0.13984437,-0.18093297,-0.15159237,-0.25777104,-0.12844054,-0.1515187,-0.13462572,-0.119081676,-0.15156913,-0.15485276,-0.15485404,-0.15485492,-0.19755594,-0.25103784,-0.20219928,-0.19465852,-0.24831252,-0.20506537,-0.22091979,-0.15158056,-0.12699535,-0.11956477,-0.1515767,-0.15484989,-0.20931396,-0.18224281,-0.15156993,-0.32474133,-0.15159088,-0.15485701,-0.15485615,-0.15485585,-0.2185038,-0.15156856,-0.114121355,-0.15157175,-0.15484524,-0.15485007,-0.22984435,-0.15158594,-0.15483633,-0.08963354,-0.15150645,-0.15481846,-0.15483262,-0.15483342,-0.13302092,-0.1051107,-0.14014931,-0.15141064,-0.15839578,-0.15615125,-0.14613561,-0.15158308,-0.12319561,-0.12729162,-0.15155543,-0.15485688,-0.15485649,-0.1548565,-0.15485689,-0.38518023,-0.11451449,-0.15156096,-0.15564899,-0.14443555,-0.16636807,-0.15158731,-0.15479702,-0.12993515,-0.047159404,-0.14701694,-0.14016809,-0.14106366,-0.1514754,-0.19987361,-0.1649412,-0.17166539,-0.15156999,-0.15482385,-0.12722544,-0.14610182,3.1702552,-0.12712066,-0.15149176,-0.09132757,-0.12832497,-0.13684332,-0.16221203,-0.15659244,-0.12661609,-0.15138993,-0.15478331,-0.15482134,-0.15484756,-0.15740095,-0.19795567,-0.15106063,-0.07294749,-0.2039893,-0.15156163,-0.15482002,-0.104459345,-0.15124942,-0.17466888,-0.13176009,-0.151567,-0.15109587,-0.10913184,-0.1514382,-0.05825615,-0.14326635,-0.17082691,-0.1515199,-0.18883844,-0.15159178,-0.31316653,-0.15158427,-0.16808087,-0.14331596,-0.1515858,-0.15485424,-0.25088155,-0.15159206,-0.22115314,-0.07562123,-0.086852394,-0.10702289,-0.060967896,-0.14644784,-0.16796505,-0.15746465,-0.22133875,-0.12812386,-0.0969081,-0.16398169,-0.12716047,-0.11335766,-0.18846886,-0.12728529,-0.17755464,-0.0994983,-0.115196005,-0.15152061,-0.11662802,-0.19749595,-0.14526704,-0.12781724,-0.096878245,-0.15151997,-0.15470217,-0.12434345,-0.11230643,-0.063823454,-0.15146546,-0.11419349,-0.10007019,-0.24483351,-0.15159246,-0.1548477,-0.16344379,-0.1759062,-0.12524253,-0.151581,-0.0782174,-0.19187105,-0.18185812,-0.09859173,-0.11065883,-0.15132624,-0.1546037,-0.083404,-0.1213824,-0.13072303,-0.13855581,-0.19385117,-0.15156369,-0.15485175,-0.19487974,-0.23847799,-0.2432746,-0.12701413,-0.15143205,-0.15482947,-0.14520228,-0.2961179,-0.15159188,-0.19813283,-0.12720467,-0.15154201,-0.060104962,3.2843578,-0.15159051,-0.2028091,2.4342284,-0.11816878,-0.14795661,-0.10060286,-0.1514695,-0.13614628,-0.20725825,-0.17393659,-0.125103,-0.15657571,-0.15690626,-0.15158945,-0.15485364,-0.16221246,-0.22200036,-0.12734246,-0.2814266,-0.15159279,-0.1915083,-0.24371436,-0.16952515,-0.15152428,-0.13369927,-0.12557748,-0.15158698,-0.18106565,-0.15159258,-0.18642783,-0.1515487,-0.30462334,-0.15150629,0.8036852,-0.13029914,-0.15158248,-0.15484399,-0.18915205,-0.12727834,-0.15158635,-0.10481856,-0.1650517,-0.15158474,-0.15485522,-0.15483233,-0.12694077,-0.15151012,-0.1548289,-0.15482163,-0.15483074,-0.15483692,-0.16505513,-0.17392421,-0.1515812,-0.15484962,-0.15484175,-0.15484999,-0.2025511,-0.15354379,-0.14723541,-0.15081125,-0.11499533,-0.10471026,-0.11893196,-0.15158397,-0.1547943,-0.12724613,-0.19501048,-0.15159014,-0.18738703,-0.11705899,-0.17429145,-0.15158223,-0.06652963,-0.15138996,-0.10737923,-0.124497145,-0.15298569,-0.052188452,-0.26007295
k__Bacteria|p__Proteobacteria|c__Gammaproteobacteria|o__Enterobacterales|f__Enterobacteriaceae|g__Citrobacter|s__Citrobacter_sp_RHBSTW_00671,-0.1004395,-0.12316422,-0.14857566,-0.15173906,-0.15173931,-0.23867357,-0.1666669,-0.16813041,-0.10929718,-0.22895765,-0.23728925,-0.14858013,-0.22850217,-0.3768707,-0.08556121,-0.14820418,-0.058144663,-0.1480821,-0.15168104,-0.19931981,-0.1978925,-0.124907956,-0.1485472,-0.12711628,-0.20043859,-0.11658599,-0.182019,-0.25032333,-0.1509206,-0.14855179,-0.15142563,-0.10844302,-0.18249588,-0.28454733,-0.14856778,-0.12508136,-0.1485779,-0.22338755,-0.14858049,-0.29867563,-0.14858054,-0.29356226,-0.12444041,-0.14844233,-0.13691942,-0.14857535,-0.23188588,-0.24781659,-0.1296162,-0.12508702,-0.24679694,-0.18279888,-0.25087595,3.765172,-0.28621647,-0.27511892,-0.11894142,-0.14849949,-0.040142577,-0.056944285,-0.14790437,-0.11274739,-0.13743341,-0.12498081,-0.1485602,-0.15173493,-0.15173909,-0.1517397,-0.27573854,-0.14854348,-0.12498209,-0.16243835,-0.12334165,-0.14074792,-0.14854868,-0.15887658,-0.14481027,-0.12506726,2.6386719,3.3750706,-0.14856927,-0.15171932,-0.15172979,-0.15166841,-0.120334074,-0.13700745,-0.08858878,-0.14856374,-0.19008024,-0.14857414,-0.2004665,-0.11139822,-0.1388583,-0.13027036,-0.1074974,-0.15152657,-0.14848453,-0.15145493,-0.10065024,-0.08152827,-0.09427856,-0.14853048,-0.11960925,-0.15027548,-0.16982608,-0.1185138,-0.14854597,-0.15173343,-0.17738779,-0.15176103,-0.1485768,-0.25953975,-0.17989698,-0.13525523,-0.1485742,-0.15095688,-0.17780018,-0.2009549,-0.14855504,4.009435,-0.14830182,2.9171786,-0.121854745,2.5804093,2.570927,-0.13908121,-0.16057305,-0.1485079,-0.07092635,-0.14799318,-0.15101774,-0.18733518,-0.14833668,-0.12496882,-0.12334781,-0.14100276,-0.1485366,-0.114095174,-0.25318068,3.7148905,-0.12428096,-0.10945694,-0.14852837,-0.09238048,-0.20963459,-0.1485744,-0.15166062,-0.12451946,-0.14850819,-0.16015086,-0.1553517,-0.14857844,-0.19704957,-0.20616047,-0.12400002,-0.10460003,-0.11361031,-0.10256614,-0.14857157,-0.19495486,-0.14854932,-0.124448545,-0.14842999,-0.041086134,-0.12967405,-0.14857727,-0.2300741,-0.14855759,-0.10384405,-0.14726803,-0.0784167,-0.14844605,-0.12766197,-0.14846446,-0.121451,-0.075820275,-0.09192432,-0.101488546,-0.1483315,-0.15165195,-0.12378413,-0.14843301,-0.1410757,-0.13984437,6.3886404,-0.14857957,-0.25777104,-0.12844054,-0.1484956,3.19427,-0.119081676,-0.14855252,-0.15173537,-0.15173689,-0.15173791,1.5763295,-0.25103784,-0.20219928,-0.19465852,-0.24831252,-0.20506537,-0.22091979,-0.14856568,-0.12470791,-0.11956477,-0.1485613,-0.151732,-0.20931396,-0.18224281,-0.14855295,-0.32474133,-0.14857782,-0.15174034,-0.15173936,-0.151739,-0.2185038,-0.14855221,-0.114121355,-0.14855519,-0.15172634,-0.1517322,-0.22984435,-0.14857206,-0.15171549,-0.08963354,-0.14847893,-0.1516955,-0.15171158,-0.15171292,-0.13302092,-0.1051107,-0.14014931,-0.15141064,-0.15839578,-0.15615125,-0.14613561,-0.14856875,-0.12319561,-0.12504154,-0.14853585,-0.15174018,-0.15173975,-0.15173976,-0.15174022,-0.38518023,-0.11451449,-0.14854273,-0.15564899,-0.14443555,-0.16636807,-0.14857355,-0.15166922,-0.12993515,-0.047159404,-0.1431613,-0.14016809,-0.14106366,-0.14844216,-0.19987361,-0.1649412,-0.17166539,-0.14855343,-0.1517019,-0.12722544,-0.14610182,-0.2588673,-0.12486303,-0.1484627,6.1861286,6.6765757,5.081882,-0.16221203,2.7663095,-0.12432549,-0.1483436,-0.15165439,-0.1516988,-0.15172935,-0.15740095,-0.19795567,-0.15106063,-0.07294749,-0.2039893,-0.14854336,-0.15169749,-0.104459345,-0.14823331,-0.17466888,-0.13176009,-0.1485501,-0.15109587,-0.10913184,-0.14840086,-0.05825615,-0.14326635,-0.17082691,-0.14849438,-0.18883844,-0.14857884,-0.31316653,-0.14856991,-0.16808087,-0.14331596,-0.14857185,-0.15173706,-0.25088155,-0.14857918,-0.22115314,-0.07562123,-0.086852394,-0.10702289,-0.060967896,-0.14249381,-0.16796505,-0.15746465,-0.22133875,-0.12812386,-0.0969081,-0.16398169,-0.12716047,-0.11335766,3.745854,-0.12503543,-0.17755464,-0.0994983,-0.115196005,-0.14849551,-0.11662802,-0.19749595,4.407085,4.24804,2.511477,-0.14849567,-0.15156007,-0.12434345,-0.11230643,-0.063823454,-0.14843178,-0.11419349,-0.10007019,-0.24483351,-0.14857966,-0.15172946,-0.16344379,-0.1759062,-0.12524253,-0.14856629,-0.0782174,-0.19187105,-0.18185812,-0.09859173,-0.11065883,-0.14826998,-0.15144518,-0.083404,-0.1213824,-0.13072303,-0.13855581,-0.19385117,-0.14854568,-0.1517342,-0.19487974,-0.23847799,-0.2432746,-0.12472907,-0.14839248,-0.15170804,-0.14520228,-0.2961179,-0.14857897,-0.19813283,-0.124948636,-0.14852059,-0.060104962,-0.15931924,-0.14857736,-0.2028091,2.3237689,-0.11816878,-0.14795661,-0.10060286,-0.14843525,-0.13614628,-0.20725825,-0.17393659,-0.125103,-0.15657571,-0.15690626,-0.14857608,-0.15173642,-0.16221246,-0.22200036,-0.12510079,-0.2814266,-0.14858003,-0.1915083,-0.24371436,-0.16952515,-0.1485003,-0.13369927,-0.12557748,-0.14857322,-0.18106565,-0.1485798,-0.18642783,-0.14852792,-0.30462334,-0.14847785,-0.14691104,-0.13029914,-0.14856796,-0.15172514,-0.18915205,-0.12502867,-0.14857255,-0.10481856,-0.1650517,-0.14857051,-0.15173827,-0.15171155,-0.12465255,-0.14848371,-0.1517072,-0.15169884,-0.15170942,-0.15171692,-0.16505513,-0.17392421,-0.1485664,-0.1517317,-0.15172243,-0.15173216,-0.2025511,-0.15354379,-0.14723541,-0.14765374,-0.11499533,-0.10471026,-0.11893196,-0.14856973,-0.15166679,-0.124992065,-0.19501048,-0.14857689,-0.18738703,-0.11705899,-0.17429145,-0.14856806,-0.06652963,-0.14834549,-0.10737923,-0.124497145,-0.15298569,-0.052188452,-0.26007295
k__Bacteria|p__Proteobacteria|c__Gammaproteobacteria|o__Enterobacterales|f__Enterobacteriaceae|g__Atlantibacter|s__Atlantibacter_hermannii,-0.1004395,-0.12316422,-0.14828421,-0.15141481,-0.15141512,-0.23867357,-0.1666669,-0.16813041,-0.10929718,-0.22895765,-0.23728925,-0.14828905,-0.22850217,-0.3768707,-0.08556121,-0.14788547,-0.058144663,-0.1477328,-0.15135169,-0.19931981,-0.1978925,-0.124851495,-0.14825279,-0.12711628,-0.20043859,-0.11658599,-0.182019,-0.25032333,1.5204479,-0.14825842,-0.15142563,-0.10844302,-0.18249588,-0.28454733,-0.1482763,-0.12503314,-0.14828658,-0.22338755,-0.14828944,-0.29867563,-0.1482895,-0.29356226,-0.12436935,-0.14814138,-0.13691942,-0.14828372,-0.23188588,3.761867,-0.1296162,-0.12503937,0.74163014,-0.18279888,-0.25087595,-0.26027086,-0.28621647,-0.27511892,-0.11894142,-0.14820054,-0.040142577,-0.056944285,-0.14755559,-0.11274739,-0.13743341,-0.12492949,-0.14826763,-0.15141027,-0.1514149,-0.15141554,-0.27573854,-0.14825146,-0.12492973,-0.16243835,-0.12334165,-0.14074792,-0.1482543,-0.15887658,-0.14481027,-0.12501794,2.8168254,3.6986732,-0.14827709,-0.15139315,-0.1514049,-0.15134531,-0.120334074,-0.13700745,-0.08858878,-0.14827093,-0.19008024,-0.14828241,-0.2004665,-0.11139822,-0.1388583,-0.13027036,-0.1074974,-0.15152657,-0.14818332,-0.15114841,-0.10065024,-0.08152827,-0.09427856,-0.14823414,-0.11960925,-0.15027548,-0.16982608,-0.1185138,-0.14825214,-0.15140867,-0.17738779,-0.15176103,-0.14828542,-0.25953975,-0.17989698,-0.13525523,-0.14828247,-0.15095688,-0.17780018,-0.2009549,-0.1482643,-0.09015879,-0.14798003,-0.12151222,-0.121854745,-0.13997786,-0.21433522,-0.13908121,2.9684196,-0.14820912,3.2945933,-0.14765015,-0.15064746,-0.18733518,-0.1480375,-0.12492335,-0.12334781,-0.14100276,-0.14824097,-0.114095174,-0.25318068,1.6297196,-0.12423004,-0.10945694,-0.14823169,-0.09238048,-0.20963459,-0.14828268,-0.15133573,-0.12448159,-0.14821124,6.4814396,2.1147592,-0.1482872,5.566097,5.2300005,-0.1239277,5.2031956,-0.11361031,-0.10256614,-0.14827947,-0.19495486,-0.14825685,-0.12441611,-0.14812317,-0.041086134,-0.12967405,-0.14828601,-0.2300741,-0.14826554,-0.10384405,-0.14687131,-0.0784167,-0.14814317,-0.12766197,-0.14816174,-0.121451,-0.075820275,-0.09192432,-0.101488546,-0.14801614,-0.15131828,-0.12378413,-0.14814752,-0.1410757,-0.13984437,-0.18093297,-0.14828841,-0.25777104,-0.12844054,-0.14820144,-0.13462572,-0.119081676,-0.14825821,-0.15141079,-0.15141244,-0.15141357,-0.19755594,-0.25103784,-0.20219928,-0.19465852,-0.24831252,-0.20506537,-0.22091979,-0.14827389,-0.12467282,-0.11956477,-0.14826813,-0.15140715,-0.20931396,-0.18224281,-0.14826117,3.8109272,-0.14828648,-0.15141624,-0.15141515,-0.15141477,-0.2185038,-0.14826044,-0.114121355,-0.14826229,-0.15140155,-0.15140736,-0.22984435,-0.14828004,-0.15139157,-0.08963354,-0.14817888,-0.15136611,-0.15138507,-0.15138552,-0.13302092,-0.1051107,-0.14014931,-0.15141064,-0.15839578,-0.15615125,-0.14613561,-0.14827624,-0.12319561,-0.12499106,-0.14824146,-0.15141606,-0.15141562,-0.15141562,-0.15141611,-0.38518023,-0.11451449,-0.14824805,-0.15564899,-0.14443555,-0.16636807,-0.14828196,-0.15134257,-0.12993515,-0.047159404,-0.14250147,-0.14016809,-0.14106366,-0.14813806,-0.19987361,-0.1649412,-0.17166539,-0.14825949,-0.15137286,-0.12722544,-0.14610182,-0.2588673,-0.124813154,-0.1481598,-0.09132757,-0.12832497,-0.13684332,-0.16221203,-0.15659244,-0.124294296,-0.14803348,-0.15132156,-0.15137023,-0.1514041,-0.15740095,-0.19795567,-0.15106063,-0.07294749,-0.2039893,-0.14824924,-0.15136823,-0.104459345,-0.14798078,-0.17466888,-0.13176009,-0.14825524,-0.15109587,-0.10913184,-0.1480948,-0.05825615,-0.14326635,-0.17082691,-0.14819548,-0.18883844,-0.14828767,-0.31316653,-0.14827846,-0.16808087,-0.14331596,-0.14827994,-0.15141274,-0.25088155,-0.14828804,-0.22115314,-0.07562123,-0.086852394,-0.10702289,-0.060967896,-0.14175713,-0.16796505,-0.15746465,-0.22133875,-0.12812386,-0.0969081,-0.16398169,-0.12716047,-0.11335766,-0.18846886,-0.12498533,-0.17755464,-0.0994983,-0.115196005,-0.14819643,-0.11662802,-0.19749595,-0.14526704,-0.12781724,-0.096878245,-0.14819473,-0.15121782,-0.12434345,-0.11230643,-0.063823454,-0.14812669,-0.11419349,-0.10007019,-0.24483351,-0.14828853,-0.15140516,-0.16344379,-0.1759062,-0.12524253,-0.14827365,-0.0782174,-0.19187105,-0.18185812,-0.09859173,-0.11065883,-0.14794609,-0.15109144,-0.083404,-0.1213824,-0.13072303,-0.13855581,-0.19385117,-0.14825188,-0.15140948,-0.19487974,-0.23847799,-0.2432746,-0.12466637,-0.14808293,-0.15138108,-0.14520228,-0.2961179,-0.14828777,-0.19813283,-0.12489702,-0.14822453,-0.060104962,-0.15931924,-0.14828607,-0.2028091,-0.2868003,-0.11816878,-0.14795661,-0.10060286,-0.14813188,-0.13614628,-0.20725825,-0.17393659,-0.125103,2.3223908,-0.15690626,-0.14828467,-0.15141192,-0.16221246,-0.22200036,-0.1250544,-0.2814266,-0.14828897,-0.1915083,-0.24371436,-0.16952515,-0.14820883,-0.13369927,-0.12557748,-0.14828154,-0.18106565,-0.1482887,-0.18642783,-0.14823571,-0.30462334,-0.1481788,1.6907746,-0.13029914,-0.1482757,-0.15139937,-0.18915205,-0.12497647,-0.14828068,-0.10481856,-0.1650517,-0.14827871,-0.15141398,-0.15138727,-0.12460733,-0.14818239,-0.15138057,-0.15137097,-0.15138285,-0.15139055,-0.16505513,-0.17392421,-0.14827417,-0.15140668,-0.15139663,-0.15140717,-0.2025511,-0.15354379,-0.14723541,-0.14729951,-0.11499533,-0.10471026,-0.11893196,-0.14827769,-0.15134174,-0.12493657,-0.19501048,-0.1482856,-0.18738703,-0.11705899,-0.17429145,-0.14827698,-0.06652963,-0.14803132,-0.10737923,-0.124497145,-0.15298569,-0.052188452,-0.26007295
k__Bacteria|p__Proteobacteria|c__Betaproteobacteria|o__Burkholderiales|f__Sutterellaceae|g__Sutterella|s__Sutterella_wadsworthensis,-0.1004395,-0.12316422,-0.14975142,-0.15293519,-0.15293545,-0.23867357,-0.1666669,-0.16813041,-0.10929718,-0.22895765,-0.23728925,-0.14975591,-0.22850217,-0.3768707,-0.08556121,-0.1493687,-0.058144663,-0.14924887,-0.15287691,-0.19931981,-0.1978925,-0.12591973,-0.1497227,-0.12711628,-0.20043859,-0.11658599,-0.182019,-0.25032333,-0.1509206,-0.14972752,-0.15142563,-0.10844302,-0.18249588,-0.28454733,-0.14974338,-0.1261051,-0.14975365,-0.22338755,-0.14975625,-0.29867563,-0.14975631,-0.29356226,-0.1254248,-0.14961791,-0.13691942,-0.14975108,-0.23188588,-0.24781659,-0.1296162,-0.12611088,2.4401255,-0.18279888,0.7462789,4.340953,5.213597,-0.27511892,-0.11894142,-0.14967445,-0.040142577,-0.056944285,-0.14907932,-0.11274739,-0.13743341,-0.12599829,-0.14973596,-0.15293105,-0.15293525,-0.15293585,3.511548,-0.14971888,-0.12600067,-0.16243835,-0.12334165,-0.14074792,-0.14972425,-0.15887658,-0.14481027,-0.12608969,-0.18691605,-0.14998752,-0.14974496,-0.15291536,-0.15292592,-0.15286349,-0.120334074,-0.13700745,-0.08858878,-0.14973938,-0.19008024,-0.14974986,-0.2004665,-0.11139822,-0.1388583,-0.13027036,-0.1074974,-0.15152657,-0.14965943,-0.15263283,-0.10065024,-0.08152827,-0.09427856,-0.14970575,-0.11960925,-0.15027548,-0.16982608,-0.1185138,-0.1497217,-0.15292951,-0.17738779,-0.15176103,-0.14975256,-0.25953975,-0.17989698,-0.13525523,-0.1497499,-0.15095688,-0.17780018,-0.2009549,-0.1497307,-0.09015879,-0.14947397,-0.12151222,-0.121854745,-0.13997786,-0.21433522,-0.13908121,-0.16057305,-0.14968294,-0.07092635,-0.14916116,-0.15221615,-0.18733518,-0.14951304,-0.12598296,-0.12334781,-0.14100276,-0.14971206,-0.114095174,-0.25318068,-0.26654312,-0.12522998,-0.10945694,-0.14970368,-0.09238048,-0.20963459,-0.14975011,-0.1528576,-0.12549481,-0.14968342,-0.16015086,-0.1553517,-0.14975421,-0.19704957,-0.20616047,-0.124937885,-0.10460003,-0.11361031,-0.10256614,-0.14974725,-0.19495486,-0.14972469,-0.12541403,-0.14960356,-0.041086134,-0.12967405,-0.14975306,-0.2300741,-0.1497334,-0.10384405,-0.14842024,-0.0784167,-0.14962071,-0.12766197,-0.14963919,-0.121451,-0.075820275,-0.09192432,-0.101488546,-0.14950421,-0.15284707,-0.12378413,-0.14960283,-0.1410757,-0.13984437,-0.18093297,-0.14975533,-0.25777104,-0.12844054,-0.14967033,-0.13462572,-0.119081676,-0.14972797,-0.15293148,-0.15293303,-0.15293406,-0.19755594,-0.25103784,-0.20219928,-0.19465852,-0.24831252,-0.20506537,-0.22091979,-0.1497415,-0.12569612,-0.11956477,-0.14973691,-0.15292811,-0.20931396,-0.18224281,-0.14972866,4.1325436,-0.14975356,-0.15293649,-0.15293549,-0.15293515,3.2915459,-0.14972793,-0.114121355,-0.149731,-0.15292257,-0.15292832,-0.22984435,-0.14974773,-0.15291184,-0.08963354,-0.14965403,-0.15289117,-0.1529077,-0.15290874,-0.13302092,-0.1051107,-0.14014931,-0.15141064,-0.15839578,-0.15615125,-0.14613561,-0.14974438,-0.12319561,-0.12606415,-0.1497117,-0.15293634,-0.1529359,-0.15293589,-0.15293637,-0.38518023,-0.11451449,-0.14971834,-0.15564899,-0.14443555,-0.16636807,-0.14974931,-0.15286614,-0.12993515,-0.047159404,-0.14434956,-0.14016809,-0.14106366,-0.14961748,-0.19987361,-0.1649412,-0.17166539,-0.14972898,-0.15289754,-0.12722544,-0.14610182,-0.2588673,-0.12586394,-0.14963675,-0.09132757,-0.12832497,-0.13684332,-0.16221203,-0.15659244,-0.125287,-0.14951727,-0.15284976,-0.15289456,-0.15292539,-0.15740095,-0.19795567,-0.15106063,-0.07294749,-0.2039893,-0.14971906,-0.15289307,-0.104459345,-0.14937037,-0.17466888,-0.13176009,-0.1497255,-0.15109587,-0.10913184,-0.14957388,-0.05825615,-0.14326635,-0.17082691,-0.14966989,-0.18883844,-0.1497546,-0.31316653,-0.14974582,-0.16808087,-0.14331596,-0.14974755,-0.15293321,-0.25088155,-0.14975494,-0.22115314,-0.07562123,-0.086852394,-0.10702289,-0.060967896,-0.1436812,-0.16796505,-0.15746465,-0.22133875,-0.12812386,-0.0969081,-0.16398169,-0.12716047,-0.11335766,-0.18846886,-0.1260567,-0.17755464,-0.0994983,-0.115196005,-0.14967078,1.2453085,2.6771739,-0.14526704,-0.12781724,-0.096878245,-0.14967029,-0.15275423,-0.12434345,-0.11230643,-0.063823454,-0.14960572,-0.11419349,-0.10007019,-0.24483351,-0.14975542,-0.1529257,-0.16344379,-0.1759062,-0.12524253,-0.14974193,-0.0782174,-0.19187105,-0.18185812,-0.09859173,-0.11065883,-0.14944214,-0.15263818,-0.083404,-0.1213824,-0.13072303,-0.13855581,-0.19385117,-0.14972144,-0.15293032,-0.19487974,-0.23847799,-0.2432746,-0.1257403,-0.14956646,-0.1529041,-0.14520228,-0.2961179,-0.14975473,-0.19813283,-0.1259618,-0.14969595,-0.060104962,-0.15931924,-0.14975314,-0.2028091,-0.2868003,-0.11816878,-0.14795661,-0.10060286,-0.1496104,-0.13614628,-0.20725825,-0.17393659,-0.125103,-0.15657571,-0.15690626,-0.14975184,-0.15293255,-0.16221246,-0.22200036,-0.12612507,-0.2814266,-0.1497558,-0.1915083,-0.24371436,-0.16952515,-0.14967564,-0.13369927,-0.12557748,-0.14974898,-0.18106565,-0.14975557,-0.18642783,-0.14970386,-0.30462334,-0.14965372,-0.14691104,-0.13029914,-0.14974368,-0.1529212,-0.18915205,-0.12604965,-0.14974824,-0.10481856,-0.1650517,-0.1497463,-0.15293442,-0.15290788,-0.12565008,-0.14965835,-0.15290332,-0.15289482,-0.15290552,-0.15291286,-0.16505513,3.0826416,-0.14974213,-0.15292779,-0.15291852,-0.15292826,-0.2025511,-0.15354379,-0.14723541,-0.14883265,-0.11499533,-0.10471026,-0.11893196,-0.14974543,-0.15286316,-0.12601084,-0.19501048,-0.14975268,-0.18738703,-0.11705899,-0.17429145,-0.1497438,-0.06652963,-0.14951684,-0.10737923,-0.124497145,-0.15298569,-0.052188452,-0.26007295
k__Bacteria|p__Proteobacteria|c__Gammaproteobacteria|o__Enterobacterales|f__Enterobacteriaceae|g__Raoultella|s__Raoultella_ornithinolytica,-0.1004395,-0.12316422,-0.15087414,-0.15400924,-0.15400952,-0.23867357,-0.1666669,-0.16813041,-0.10929718,-0.22895765,-0.23728925,-0.15087877,-0.22850217,-0.3768707,-0.08556121,-0.15048257,-0.058144663,-0.15034464,-0.1539489,-0.19931981,-0.1978925,-0.12739031,-0.15084407,-0.12711628,-0.20043859,-0.11658599,-0.182019,-0.25032333,-0.1509206,-0.15084943,-0.15142563,-0.10844302,-0.18249588,-0.28454733,-0.15086591,-0.12758839,-0.1508764,-0.22338755,-0.15087911,-0.29867563,-0.15087919,-0.29356226,-0.12686385,-0.1507371,-0.13691942,-0.15087369,-0.23188588,-0.24781659,-0.1296162,-0.12759484,4.3807344,4.966606,-0.25087595,3.0751514,-0.28621647,-0.27511892,-0.11894142,-0.15079364,-0.040142577,-0.056944285,-0.15017879,-0.11274739,-0.13743341,-0.12747443,-0.15085825,-0.15400489,-0.15400931,-0.15400992,-0.27573854,-0.15084048,-0.1274783,-0.16243835,-0.12334165,-0.14074792,-0.15084559,-0.15887658,-0.14481027,-0.12757227,-0.18691605,-0.14998752,-0.15086731,-0.15398854,-0.15399973,-0.1539372,-0.120334074,-0.13700745,-0.08858878,-0.15086146,-0.19008024,-0.15087244,-0.2004665,-0.11139822,-0.1388583,-0.13027036,-0.1074974,-0.15152657,-0.15077743,-0.15370494,-0.10065024,-0.08152827,-0.09427856,-0.15082614,-0.11960925,-0.15027548,-0.16982608,-0.1185138,-0.15084347,-0.1540033,-0.17738779,-0.15176103,-0.1508753,-0.25953975,-0.17989698,-0.13525523,-0.15087247,-0.15095688,-0.17780018,-0.2009549,-0.15085356,-0.09015879,-0.1505821,-0.12151222,-0.121854745,-0.13997786,-0.21433522,-0.13908121,5.6720595,-0.15080208,4.2363553,-0.15026209,-0.15327503,-0.18733518,-0.15063453,-0.12745938,-0.12334781,-0.14100276,-0.15083286,-0.114095174,5.256748,-0.26654312,-0.12664306,-0.10945694,-0.15082389,-0.09238048,-0.20963459,-0.1508727,-0.15393184,-0.12694371,-0.1508041,-0.16015086,-0.1553517,-0.150877,-0.19704957,-0.20616047,-0.126352,-0.10460003,-0.11361031,-0.10256614,-0.15086964,-0.19495486,-0.1508463,-0.12684958,-0.15071937,-0.041086134,-0.12967405,-0.15087587,-0.2300741,-0.15085542,-0.10384405,-0.14949611,-0.0784167,-0.15073861,-0.12766197,-0.15075666,-0.121451,-0.075820275,-0.09192432,-0.101488546,-0.15061498,-0.15391666,-0.12378413,-0.1507282,-0.1410757,-0.13984437,-0.18093297,-0.15087816,-0.25777104,-0.12844054,-0.15079018,-0.13462572,-0.119081676,-0.15084928,-0.15400538,-0.15400697,-0.15400806,-0.19755594,-0.25103784,-0.20219928,-0.19465852,-0.24831252,-0.20506537,-0.22091979,-0.15086398,-0.12715675,-0.11956477,-0.15085879,-0.15400189,-0.20931396,-0.18224281,-0.15085107,-0.32474133,-0.15087631,-0.1540106,-0.15400955,-0.15400918,-0.2185038,-0.15085049,-0.114121355,-0.15085322,-0.15399647,-0.15400213,-0.22984435,-0.15087014,-0.15398613,-0.08963354,-0.15077311,-0.1539627,-0.15398082,-0.15398124,-0.13302092,-0.1051107,-0.14014931,-0.15141064,-0.15839578,-0.15615125,-0.14613561,-0.15086657,-0.12319561,-0.1275459,-0.15083334,-0.15401043,-0.15400998,-0.15401,-0.15401047,-0.38518023,-0.11451449,-0.1508396,-0.15564899,-0.14443555,-0.16636807,-0.15087198,-0.15393907,-0.12993515,-0.047159404,-0.14535442,-0.14016809,-0.14106366,-0.15073472,-0.19987361,-0.1649412,-0.17166539,-0.15085053,-0.1539692,-0.12722544,-0.14610182,-0.2588673,-0.12733005,-0.15075389,-0.09132757,-0.12832497,-0.13684332,-0.16221203,-0.15659244,-0.12669377,-0.15063213,-0.15391979,-0.15396659,-0.15399897,-0.15740095,-0.19795567,-0.15106063,-0.07294749,-0.2039893,-0.15084065,-0.15396456,-0.104459345,-0.15047184,-0.17466888,-0.13176009,-0.15084651,-0.15109587,-0.10913184,-0.15068981,-0.05825615,-0.14326635,-0.17082691,-0.15078935,-0.18883844,-0.15087745,-0.31316653,-0.15086856,-0.16808087,-0.14331596,-0.15087005,-0.15400726,-0.25088155,-0.1508778,-0.22115314,-0.07562123,-0.086852394,-0.10702289,-0.060967896,-0.14464054,-0.16796505,-0.15746465,-0.22133875,-0.12812386,-0.0969081,-0.16398169,-0.12716047,-0.11335766,-0.18846886,-0.12753703,-0.17755464,-0.0994983,-0.115196005,-0.1507901,-0.11662802,-0.19749595,-0.14526704,-0.12781724,-0.096878245,-0.1507884,-0.15381953,-0.12434345,-0.11230643,5.125643,-0.1507221,-0.11419349,-0.10007019,-0.24483351,-0.15087825,-0.15399967,4.321009,3.0775058,2.3742006,-0.15086408,-0.0782174,2.3235652,-0.18185812,-0.09859173,-0.11065883,-0.15054937,-0.15369871,-0.083404,-0.1213824,-0.13072303,-0.13855581,-0.19385117,-0.15084323,-0.15400414,-0.19487974,-0.23847799,-0.2432746,-0.12719649,-0.15068075,-0.153977,-0.14520228,-0.2961179,-0.15087755,-0.19813283,-0.12743618,-0.15081671,-0.060104962,-0.15931924,-0.15087593,-0.2028091,-0.2868003,-0.11816878,-0.14795661,-0.10060286,-0.150728,-0.13614628,-0.20725825,-0.17393659,-0.125103,-0.15657571,-0.15690626,-0.15087457,-0.15400645,-0.16221246,-0.22200036,-0.12760974,-0.2814266,-0.15087867,-0.1915083,-0.24371436,-0.16952515,-0.15079775,-0.13369927,-0.12557748,-0.1508716,-0.18106565,-0.15087843,-0.18642783,-0.15082625,-0.30462334,-0.1507735,3.0386722,-0.13029914,-0.150866,-0.15399453,-0.18915205,-0.12752908,-0.15087074,-0.10481856,-0.1650517,-0.1508689,-0.15400845,-0.15398157,-0.12709185,-0.15077642,-0.15397646,-0.15396725,-0.15397868,-0.15398598,-0.16505513,-0.17392421,-0.15086453,-0.15400143,-0.15399188,-0.15400195,-0.2025511,-0.15354379,-0.14723541,-0.14993341,-0.11499533,-0.10471026,-0.11893196,-0.15086786,-0.1539365,-0.12748778,-0.19501048,-0.15087545,-0.18738703,-0.11705899,-0.17429145,-0.15086645,-0.06652963,-0.1506295,-0.10737923,-0.124497145,-0.15298569,-0.052188452,-0.26007295
k__Bacteria|p__Proteobacteria|c__Gammaproteobacteria|o__Enterobacterales|f__Enterobacteriaceae|g__Phytobacter|s__Phytobacter_diazotrophicus,-0.1004395,-0.12316422,-0.14572978,-0.14886887,-0.1488691,-0.23867357,-0.1666669,-0.16813041,-0.10929718,-0.22895765,-0.23728925,-0.14573407,-0.22850217,-0.3768707,-0.08556121,-0.14537576,-0.058144663,-0.14526278,-0.14881352,-0.19931981,-0.1978925,-0.122252464,-0.14570276,-0.12711628,-0.20043859,-0.11658599,-0.182019,-0.25032333,3.8144689,-0.14570697,3.714486,0.9993661,-0.18249588,-0.28454733,-0.14572218,-0.12241638,-0.14573193,2.8438118,-0.1457344,-0.29867563,-0.14573444,-0.29356226,-0.12182042,-0.14560214,-0.13691942,-0.14572951,-0.23188588,-0.24781659,-0.1296162,-0.12242153,-0.24679694,-0.18279888,-0.25087595,-0.26027086,-0.28621647,-0.27511892,-0.11894142,-0.14565736,-0.040142577,-0.056944285,-0.14508787,-0.11274739,-0.13743341,-0.122320846,-0.14571495,-0.14886497,-0.1488689,-0.14886948,-0.27573854,-0.14569859,-0.122322336,-0.16243835,-0.12334165,-0.14074792,-0.14570414,-0.15887658,-0.14481027,-0.122403085,-0.18691605,-0.14998752,-0.14572372,-0.14885008,-0.14885998,-0.14880025,-0.120334074,-0.13700745,-0.08858878,-0.14571849,-0.19008024,-0.14572835,-0.2004665,-0.11139822,-0.1388583,-0.13027036,-0.1074974,-0.15152657,-0.14564323,-0.14859046,-0.10065024,-0.08152827,-0.09427856,-0.14568692,-0.11960925,6.5323844,-0.16982608,-0.1185138,-0.14570138,-0.14886352,-0.17738779,-0.15176103,-0.14573087,-0.25953975,-0.17989698,-0.13525523,-0.14572841,-0.15095688,-0.17780018,-0.2009549,-0.14570963,-0.09015879,-0.14547017,-0.12151222,-0.121854745,3.6149278,1.7616173,-0.13908121,-0.16057305,-0.14566554,-0.07092635,-0.14517471,-0.148175,-0.18733518,-0.14549829,-0.122311644,-0.12334781,-0.14100276,-0.14569268,-0.114095174,5.4263716,-0.26654312,-0.12165652,-0.10945694,-0.14568493,-0.09238048,-0.20963459,-0.14572862,-0.14879268,-0.12188618,-0.14566532,-0.16015086,-0.1553517,-0.14573246,-0.19704957,-0.20616047,-0.12140036,-0.10460003,-0.11361031,-0.10256614,-0.14572595,-0.19495486,-0.14570451,-0.12182054,-0.1455915,-0.041086134,-0.12967405,-0.1457313,-0.2300741,-0.14571244,-0.10384405,-0.14447984,-0.0784167,-0.14560616,-0.12766197,-0.1456241,-0.121451,-0.075820275,-0.09192432,-0.101488546,-0.14549774,-0.14878623,-0.12378413,-0.14559114,-0.1410757,-0.13984437,-0.18093297,-0.1457335,-0.25777104,-0.12844054,-0.14565268,-0.13462572,-0.119081676,-0.14570794,-0.14886534,-0.1488668,-0.14886777,-0.19755594,-0.25103784,1.8727697,3.7651994,-0.24831252,-0.20506537,-0.22091979,-0.14572012,-0.12206314,-0.11956477,-0.1457162,-0.14886214,-0.20931396,-0.18224281,-0.14570794,0.88952446,-0.14573187,-0.14887011,-0.14886916,-0.14886883,-0.2185038,-0.14570709,-0.114121355,-0.14571013,-0.14885657,-0.14886233,-0.22984435,-0.14572643,-0.14884616,-0.08963354,-0.14563751,-0.14882767,-0.1488426,-0.14884415,-0.13302092,-0.1051107,6.3051696,4.135257,3.5440419,1.1494064,-0.14613561,-0.14572331,-0.12319561,-0.12237864,-0.14569157,-0.14886993,-0.14886951,-0.14886953,-0.14886999,-0.38518023,-0.11451449,-0.14569843,-0.15564899,-0.14443555,-0.16636807,-0.14572775,-0.14880142,3.9262815,-0.047159404,-0.14052573,-0.14016809,-0.14106366,-0.14560246,-0.19987361,-0.1649412,-0.17166539,-0.14570871,-0.14883381,-0.12722544,-0.14610182,-0.2588673,-0.12220918,-0.1456225,0.95030266,-0.12832497,-0.13684332,-0.16221203,-0.15659244,-0.12170071,-0.14550805,-0.14878842,-0.14883065,-0.14885965,-0.15740095,-0.19795567,-0.15106063,-0.07294749,-0.2039893,-0.14569888,-0.14882958,-0.104459345,-0.14538762,-0.17466888,-0.13176009,-0.14570567,-0.15109587,-0.10913184,-0.14556313,-0.05825615,-0.14326635,-0.17082691,-0.14565226,-0.18883844,-0.1457328,-0.31316653,-0.14572415,-0.16808087,-0.14331596,-0.14572619,-0.14886692,-0.25088155,-0.14573312,-0.22115314,-0.07562123,-0.086852394,-0.10702289,-0.060967896,-0.13989297,-0.16796505,-0.15746465,-0.22133875,-0.12812386,-0.0969081,-0.16398169,-0.12716047,-0.11335766,-0.18846886,-0.122372925,-0.17755464,-0.0994983,-0.115196005,-0.14565343,-0.11662802,-0.19749595,-0.14526704,-0.12781724,-0.096878245,-0.14565411,-0.14869875,-0.12434345,-0.11230643,-0.063823454,-0.1455929,-0.11419349,-0.10007019,2.0138195,-0.1457336,-0.14885956,-0.16344379,-0.1759062,-0.12524253,-0.14572093,-0.0782174,2.444408,-0.18185812,-0.09859173,-0.11065883,-0.1454395,-0.1485894,-0.083404,-0.1213824,-0.13072303,-0.13855581,4.400823,-0.14570105,-0.14886425,-0.19487974,-0.23847799,-0.2432746,-0.12208459,-0.14555556,-0.14883924,-0.14520228,-0.2961179,-0.14573297,-0.19813283,-0.12229061,-0.14567718,-0.060104962,-0.15931924,-0.1457314,-0.2028091,-0.2868003,-0.11816878,-0.14795661,-0.10060286,-0.14559567,-0.13614628,-0.20725825,-0.17393659,-0.125103,-0.15657571,-0.15690626,-0.1457302,-0.14886636,-0.16221246,-0.22200036,-0.12243459,-0.2814266,-0.14573395,-0.1915083,-0.24371436,-0.16952515,-0.1456568,-0.13369927,-0.12557748,-0.14572746,-0.18106565,-0.14573374,-0.18642783,-0.14568357,-0.30462334,-0.14563605,-0.14691104,-0.13029914,-0.14572248,-0.14885567,-0.18915205,-0.12236662,-0.14572686,-0.10481856,-0.1650517,-0.14572483,-0.14886811,-0.14884219,-0.12200934,-0.14564252,-0.14883834,-0.14883053,-0.14884052,-0.14884782,-0.16505513,-0.17392421,-0.14572091,-0.14886189,-0.148853,-0.14886232,-0.2025511,-0.15354379,-0.14723541,-0.14484383,-0.11499533,-0.10471026,-0.11893196,-0.14572415,-0.14879915,-0.122332186,-0.19501048,-0.14573093,-0.18738703,-0.11705899,-0.17429145,-0.14572239,-0.06652963,-0.14551115,-0.10737923,-0.124497145,-0.15298569,-0.052188452,-0.26007295
k__Bacteria|p__Proteobacteria|c__Gammaproteobacteria|o__Enterobacterales|f__Enterobacteriaceae|g__Citrobacter|s__Citrobacter_braakii,2.4825375,-0.12316422,-0.14484781,-0.14793462,-0.14793488,-0.23867357,-0.1666669,-0.16813041,-0.10929718,-0.22895765,-0.23728925,-0.14485261,-0.22850217,-0.3768707,-0.08556121,-0.14445189,-0.058144663,-0.14432399,-0.14787263,-0.19931981,-0.1978925,-0.121738076,-0.1448175,-0.12711628,-0.20043859,-0.11658599,-0.182019,-0.25032333,-0.1509206,-0.14482221,-0.15142563,-0.10844302,-0.18249588,-0.28454733,-0.14483923,-0.121922925,-0.14485022,-0.22338755,-0.144853,-0.29867563,-0.14485306,-0.29356226,-0.121237874,-0.14470458,-0.13691942,-0.14484751,-0.23188588,3.4274008,-0.1296162,-0.12192878,-0.24679694,-0.18279888,-0.25087595,-0.26027086,-0.28621647,-0.27511892,-0.11894142,-0.1447666,-0.040142577,-0.056944285,-0.14412814,-0.11274739,-0.13743341,-0.12181548,-0.14483121,-0.14793023,-0.14793468,-0.1479353,-0.27573854,-0.14481293,-0.121816635,-0.16243835,-0.12334165,-0.14074792,-0.14481904,-0.15887658,-0.14481027,-0.12190786,-0.18691605,-0.14998752,-0.14484102,-0.14791355,-0.14792466,-0.14785801,-0.120334074,-0.13700745,-0.08858878,-0.14483511,-0.19008024,-0.14484622,-0.2004665,-0.11139822,-0.1388583,-0.13027036,-0.1074974,-0.15152657,-0.14475068,-0.14762372,-0.10065024,-0.08152827,-0.09427856,-0.14479971,-0.11960925,-0.15027548,-0.16982608,-0.1185138,-0.144816,-0.14792863,-0.17738779,-0.15176103,-0.14484903,-0.25953975,0.699833,-0.13525523,-0.14484628,-0.15095688,-0.17780018,-0.2009549,-0.14482525,-0.09015879,-0.14455646,-0.12151222,-0.121854745,-0.13997786,-0.21433522,-0.13908121,-0.16057305,-0.14477575,-0.07092635,-0.14422607,-0.14715765,-0.18733518,-0.14458928,-0.12180293,-0.12334781,-0.14100276,-0.1448062,-0.114095174,-0.25318068,-0.26654312,-0.12106782,-0.10945694,-0.14479747,-0.09238048,-0.20963459,-0.1448465,-0.14784905,-0.12132414,-0.1447757,-0.16015086,-0.1553517,-0.14485079,-0.19704957,-0.20616047,-0.120765835,-0.10460003,-0.11361031,-0.10256614,-0.1448435,-0.19495486,-0.14481944,-0.12124413,-0.14469281,-0.041086134,-0.12967405,-0.14484951,-0.2300741,-0.14482825,-0.10384405,-0.14345378,-0.0784167,-0.14470953,-0.12766197,-0.14472927,-0.121451,-0.075820275,-0.09192432,-0.101488546,-0.14458755,-0.14784192,-0.12378413,-0.1446932,-0.1410757,-0.13984437,-0.18093297,-0.14485198,-0.25777104,-0.12844054,-0.14476125,2.3492851,-0.119081676,-0.14482328,-0.14793068,-0.1479323,-0.1479334,2.6329463,-0.25103784,-0.20219928,-0.19465852,4.9373336,-0.20506537,-0.22091979,-0.14483702,-0.12152441,-0.11956477,-0.14483258,-0.14792708,-0.20931396,-0.18224281,-0.14482325,4.423543,-0.14485013,-0.14793599,-0.14793494,-0.14793459,-0.2185038,-0.14482255,-0.114121355,-0.14482582,-0.14792085,-0.1479273,6.590518,-0.14484404,-0.14790922,-0.08963354,-0.14474446,-0.14788836,-0.14790517,-0.14790687,-0.13302092,-0.1051107,-0.14014931,-0.15141064,-0.15839578,-0.15615125,-0.14613561,-0.14484054,-0.12319561,-0.121880375,-0.14480501,-0.14793581,-0.14793536,-0.14793536,-0.14793587,-0.38518023,-0.11451449,-0.14481264,-0.15564899,-0.14443555,-0.16636807,-0.14484555,-0.147859,4.355516,9.024307,-0.1390214,1.2708105,4.6033134,-0.14470503,1.4975204,-0.1649412,4.9407363,-0.14482415,-0.14789522,-0.12722544,-0.14610182,-0.2588673,-0.121691234,-0.14472747,-0.09132757,-0.12832497,-0.13684332,-0.16221203,-0.15659244,-0.12111568,-0.14459974,-0.14784437,-0.14789176,-0.14792427,-0.15740095,-0.19795567,-0.15106063,-0.07294749,-0.2039893,-0.14481318,-0.14789054,-0.104459345,-0.14446326,0.5790246,-0.13176009,-0.1448207,-0.15109587,-0.10913184,-0.14466095,-0.05825615,-0.14326635,5.1259365,-0.14476085,-0.18883844,-0.14485121,-0.31316653,-0.14484158,-0.16808087,-0.14331596,-0.14484379,-0.14793247,-0.25088155,-0.14485157,-0.22115314,-0.07562123,-0.086852394,-0.10702289,-0.060967896,-0.13830882,-0.16796505,-0.15746465,-0.22133875,-0.12812386,-0.0969081,-0.16398169,-0.12716047,-0.11335766,-0.18846886,-0.121873945,-0.17755464,-0.0994983,-0.115196005,-0.14476219,-0.11662802,-0.19749595,-0.14526704,-0.12781724,-0.096878245,-0.14476284,-0.14774379,-0.12434345,-0.11230643,-0.063823454,-0.1446945,-0.11419349,-0.10007019,1.8262209,-0.1448521,-0.14792417,-0.16344379,-0.1759062,-0.12524253,-0.14483786,-0.0782174,-0.19187105,-0.18185812,-0.09859173,-0.11065883,-0.14452213,-0.14762114,-0.083404,-0.1213824,-0.13072303,-0.13855581,-0.19385117,-0.14481562,-0.14792943,2.7332253,-0.23847799,-0.2432746,-0.12154791,-0.14465237,-0.14790143,-0.14520228,-0.2961179,-0.14485139,-0.19813283,-0.12178176,-0.14478885,-0.060104962,-0.15931924,-0.14484963,5.280604,-0.2868003,-0.11816878,-0.14795661,-0.10060286,-0.14469746,-0.13614628,-0.20725825,-0.17393659,-0.125103,-0.15657571,-0.15690626,-0.14484829,-0.14793181,-0.16221246,-0.22200036,-0.121943474,3.081894,-0.14485249,-0.1915083,4.5233274,4.52136,-0.14476581,-0.13369927,-0.12557748,-0.14484519,-0.18106565,-0.14485227,-0.18642783,-0.14479598,-0.30462334,-0.14474276,-0.14691104,-0.13029914,-0.14483961,-0.1479198,-0.18915205,-0.12186687,-0.14484452,-0.10481856,-0.1650517,-0.14484227,-0.14793378,-0.14790477,-0.121469185,-0.14474988,-0.14790043,-0.14789161,-0.14790285,-0.14791104,-0.16505513,-0.17392421,-0.14483789,-0.14792678,-0.14791682,-0.14792728,-0.2025511,-0.15354379,-0.14723541,-0.14385536,-0.11499533,-0.10471026,-0.11893196,-0.14484149,-0.14785649,-0.12182838,-0.19501048,-0.14484909,-0.18738703,-0.11705899,-0.17429145,-0.14483956,-0.06652963,-0.14460284,-0.10737923,-0.124497145,-0.15298569,-0.052188452,-0.26007295
k__Bacteria|p__Proteobacteria|c__Betaproteobacteria|o__Neisseriales|f__Neisseriaceae|g__Neisseria|s__Neisseria_subflava,-0.1004395,-0.12316422,-0.14326087,-0.14628097,-0.14628115,1.3334402,-0.1666669,-0.16813041,-0.10929718,-0.22895765,-0.23728925,-0.14326355,-0.22850217,-0.3768707,-0.08556121,-0.14302063,-0.058144663,-0.14294316,-0.14624542,1.6507494,-0.1978925,-0.12069978,-0.14324293,-0.12711628,-0.20043859,-0.11658599,-0.182019,-0.25032333,-0.1509206,-0.14324635,-0.15142563,-0.10844302,1.6273363,1.0744929,-0.1432558,-0.12082746,-0.14326215,-0.22338755,-0.14326377,-0.29867563,-0.14326382,0.9859039,-0.12036885,-0.14318106,3.2387888,-0.14326052,1.9784926,-0.24781659,-0.1296162,-0.12083195,-0.24679694,-0.18279888,-0.25087595,-0.26027086,-0.28621647,-0.27511892,-0.11894142,-0.143213,-0.040142577,-0.056944285,-0.14285877,-0.11274739,-0.13743341,-0.12075664,-0.14325172,-0.14627841,-0.14628103,-0.14628138,-0.27573854,-0.14324021,-0.12075885,-0.16243835,-0.12334165,-0.14074792,-0.14324407,-0.15887658,-0.14481027,-0.1208173,-0.18691605,-0.14998752,-0.1432568,-0.14626884,-0.14627549,-0.14623551,-0.120334074,-0.13700745,-0.08858878,-0.14325339,-0.19008024,-0.14325982,3.3111885,-0.11139822,-0.1388583,-0.13027036,-0.1074974,-0.15152657,-0.14320388,-0.14608416,-0.10065024,-0.08152827,-0.09427856,-0.14323229,2.2518864,-0.15027548,-0.16982608,-0.1185138,-0.14324284,-0.14627746,-0.17738779,-0.15176103,-0.14326154,0.99724466,-0.17989698,-0.13525523,-0.14325985,-0.15095688,-0.17780018,4.353135,-0.1432483,-0.09015879,-0.14308736,-0.12151222,-0.121854745,-0.13997786,-0.21433522,-0.13908121,-0.16057305,-0.14321794,-0.07092635,-0.14289576,-0.14586143,-0.18733518,-0.14312154,-0.12074853,-0.12334781,-0.14100276,-0.14323655,-0.114095174,-0.25318068,-0.26654312,-0.12019013,-0.10945694,-0.14323106,-0.09238048,-0.20963459,-0.14325997,-0.14623375,-0.120398775,-0.14321925,-0.16015086,-0.1553517,-0.1432625,4.519915,-0.20616047,-0.1199965,-0.10460003,-0.11361031,-0.10256614,-0.14325812,-0.19495486,-0.14324327,-0.12032872,-0.14316809,-0.041086134,-0.12967405,-0.14326191,-0.2300741,-0.14324896,-0.10384405,-0.14242908,-0.0784167,-0.14317998,4.6805096,-0.14319146,-0.121451,-0.075820275,-0.09192432,-0.101488546,-0.14310774,-0.14622606,1.7970337,-0.14316592,-0.1410757,-0.13984437,-0.18093297,-0.14326319,-0.25777104,-0.12844054,-0.14320767,-0.13462572,-0.119081676,-0.143246,-0.14627872,-0.14627965,-0.14628029,-0.19755594,-0.25103784,-0.20219928,-0.19465852,-0.24831252,-0.20506537,-0.22091979,-0.14325473,-0.120544896,-0.11956477,-0.14325166,-0.14627667,-0.20931396,-0.18224281,-0.14324674,-0.32474133,-0.14326212,-0.14628178,-0.14628115,-0.14628094,2.1485035,-0.14324562,-0.114121355,-0.14324869,-0.14627373,-0.14627677,1.8680478,-0.14325841,-0.14626649,-0.08963354,-0.14320128,-0.14625329,-0.14626451,-0.14626436,-0.13302092,-0.1051107,-0.14014931,-0.15141064,-0.15839578,-0.15615125,-0.14613561,-0.14325626,-0.12319561,-0.120801814,-0.1432375,-0.14628167,-0.14628142,-0.1462814,-0.1462817,-0.38518023,-0.11451449,-0.14324065,-0.15564899,-0.14443555,-0.16636807,-0.14325964,-0.14623986,-0.12993515,-0.047159404,-0.1401021,-0.14016809,-0.14106366,-0.14317974,-0.19987361,-0.1649412,-0.17166539,-0.14324692,-0.14625709,-0.12722544,-0.14610182,-0.2588673,-0.12065305,-0.14318919,-0.09132757,-0.12832497,-0.13684332,-0.16221203,2.594907,-0.1201915,-0.14311683,-0.14622806,-0.14625566,-0.1462749,2.0389748,-0.19795567,-0.15106063,-0.07294749,3.8617053,-0.14324145,-0.14625418,-0.104459345,-0.14297767,-0.17466888,-0.13176009,-0.14324436,-0.15109587,-0.10913184,-0.14315002,-0.05825615,-0.14326635,-0.17082691,-0.14321153,-0.18883844,-0.1432628,-0.31316653,-0.14325774,-0.16808087,-0.14331596,-0.14325842,-0.14627984,-0.25088155,-0.14326301,-0.22115314,-0.07562123,-0.086852394,-0.10702289,-0.060967896,-0.13968748,-0.16796505,-0.15746465,-0.22133875,-0.12812386,-0.0969081,0.86781037,-0.12716047,-0.11335766,-0.18846886,-0.12079503,-0.17755464,-0.0994983,-0.115196005,-0.14321156,-0.11662802,4.4204984,-0.14526704,-0.12781724,-0.096878245,-0.14320952,-0.14616841,-0.12434345,-0.11230643,-0.063823454,-0.14317036,-0.11419349,2.0344203,2.8207963,-0.14326325,-0.14627495,-0.16344379,-0.1759062,-0.12524253,-0.1432549,-0.0782174,-0.19187105,-0.18185812,-0.09859173,-0.11065883,-0.14306824,-0.1460973,-0.083404,-0.1213824,-0.13072303,-0.13855581,-0.19385117,-0.14324299,-0.14627796,-0.19487974,-0.23847799,-0.2432746,-0.120564125,-0.14314662,-0.14626214,-0.14520228,-0.2961179,-0.14326283,-0.19813283,-0.12072767,-0.14322713,-0.060104962,-0.15931924,-0.14326191,-0.2028091,-0.2868003,-0.11816878,-0.14795661,-0.10060286,-0.1431756,-0.13614628,2.579872,-0.17393659,-0.125103,-0.15657571,-0.15690626,-0.1432611,-0.14627932,-0.16221246,-0.22200036,-0.12084095,-0.2814266,-0.14326349,-0.1915083,-0.24371436,-0.16952515,-0.14321294,-0.13369927,-0.12557748,-0.14325939,-0.18106565,-0.14326334,-0.18642783,-0.14323227,-0.30462334,-0.14320299,-0.14691104,-0.13029914,-0.14325608,-0.14627229,-0.18915205,-0.12078963,-0.14325877,-0.10481856,-0.1650517,-0.14325786,-0.14628051,-0.1462636,-0.120481744,-0.14320299,-0.14626202,-0.14625646,-0.14626324,-0.14626709,2.7335978,-0.17392421,-0.1432553,-0.14627638,-0.14627087,-0.14627667,-0.2025511,-0.15354379,-0.14723541,-0.14272377,-0.11499533,-0.10471026,-0.11893196,-0.14325714,-0.14623587,-0.12076393,-0.19501048,-0.14326166,-0.18738703,-0.11705899,-0.17429145,-0.14325511,-0.06652963,-0.1431139,-0.10737923,-0.124497145,-0.15298569,-0.052188452,-0.26007295
k__Bacteria|p__Proteobacteria|c__Gammaproteobacteria|o__Enterobacterales|f__Enterobacteriaceae|g__Enterobacter|s__Enterobacter_roggenkampii,-0.1004395,-0.12316422,-0.14458446,-0.14766102,-0.14766127,3.5070674,-0.1666669,-0.16813041,-0.10929718,-0.22895765,-0.23728925,-0.14458881,-0.22850217,2.0638134,-0.08556121,-0.1442241,-0.058144663,-0.14410351,-0.14760482,-0.19931981,-0.1978925,-0.12156581,-0.14455679,-0.12711628,-0.20043859,-0.11658599,-0.182019,-0.25032333,4.878572,-0.14456126,-0.15142563,-0.10844302,-0.18249588,-0.28454733,-0.14457674,-0.121735126,-0.14458664,-0.22338755,-0.14458914,-0.29867563,-0.1445892,-0.29356226,-0.12110869,-0.1444552,-0.13691942,-0.14458415,-0.23188588,-0.24781659,-0.1296162,-0.121740535,-0.24679694,-0.18279888,-0.25087595,-0.26027086,-0.28621647,-0.27511892,-0.11894142,-0.14451054,-0.040142577,-0.056944285,-0.14393291,-0.11274739,-0.13743341,-0.12163721,-0.1445695,-0.147657,-0.14766106,-0.14766166,-0.27573854,-0.14455321,-0.121638425,-0.16243835,-0.12334165,-0.14074792,-0.14455819,-0.15887658,-0.14481027,-0.12172124,-0.18691605,-0.14998752,-0.14457825,-0.14764185,-0.14765203,-0.1475923,-0.120334074,-0.13700745,-0.08858878,-0.14457285,-0.19008024,-0.14458299,-0.2004665,-0.11139822,-0.1388583,-0.13027036,-0.1074974,-0.15152657,-0.14449576,-0.14737973,-0.10065024,-0.08152827,-0.09427856,-0.14454052,-0.11960925,-0.15027548,-0.16982608,-0.1185138,-0.14455569,-0.14765555,-0.17738779,-0.15176103,-0.14458555,-0.25953975,-0.17989698,-0.13525523,-0.14458302,-0.15095688,-0.17780018,-0.2009549,-0.14456448,-0.09015879,-0.14431798,-0.12151222,3.4725623,2.2784572,-0.21433522,-0.13908121,-0.16057305,-0.14451858,7.933887,-0.14401886,-0.14696252,-0.18733518,-0.14435343,-0.12162633,-0.12334781,3.6331768,-0.1445465,-0.114095174,-0.25318068,7.353838,-0.12095525,-0.10945694,-0.14453845,-0.09238048,-0.20963459,-0.14458323,-0.14758483,-0.12119359,-0.14451914,-0.16015086,-0.1553517,-0.14458716,5.3432817,7.258574,-0.1206857,-0.10460003,-0.11361031,-0.10256614,-0.14458045,-0.19495486,-0.1445587,-0.12111907,-0.14444268,-0.041086134,-0.12967405,-0.14458603,-0.2300741,-0.14456679,-0.10384405,-0.14331692,-0.0784167,-0.14445898,-0.12766197,-0.14447641,-0.121451,-0.075820275,-0.09192432,-0.101488546,-0.14434728,-0.14757629,-0.12378413,-0.14444539,-0.1410757,-0.13984437,-0.18093297,-0.14458825,-0.25777104,-0.12844054,-0.14450638,1.189038,-0.119081676,-0.14456195,-0.14765742,-0.14765891,-0.14765993,-0.19755594,4.316538,-0.20219928,-0.19465852,-0.24831252,-0.20506537,-0.22091979,-0.14457479,-0.12137448,-0.11956477,-0.14457047,-0.14765416,-0.20931396,-0.18224281,-0.14456251,3.9105442,-0.14458655,-0.14766228,-0.1476613,-0.14766097,-0.2185038,-0.14456205,4.3560834,-0.14456469,-0.14764872,-0.14765438,-0.22984435,-0.14458096,-0.14763877,-0.08963354,-0.14449075,-0.14761862,-0.14763436,-0.14763555,-0.13302092,-0.1051107,-0.14014931,-0.15141064,-0.15839578,-0.15615125,-0.14613561,-0.14457771,-0.12319561,-0.121696435,-0.14454588,-0.14766212,-0.14766169,-0.1476617,-0.14766215,-0.38518023,-0.11451449,-0.14455247,1.6910658,-0.14443555,-0.16636807,-0.14458242,-0.14759344,-0.12993515,-0.047159404,-0.13933793,-0.14016809,-0.14106366,-0.14445478,-0.19987361,2.7491474,3.066366,-0.14456283,-0.14762476,-0.12722544,-0.14610182,-0.2588673,-0.121522576,-0.14447458,-0.09132757,-0.12832497,-0.13684332,-0.16221203,-0.15659244,-0.12100977,-0.14436,-0.14757878,-0.14762187,-0.14765155,-0.15740095,-0.19795567,-0.15106063,-0.07294749,-0.2039893,-0.14455312,-0.14762059,-0.104459345,-0.14424062,-0.17466888,-0.13176009,-0.1445595,-0.15109587,-0.10913184,-0.14441484,-0.05825615,-0.14326635,-0.17082691,-0.14450556,-0.18883844,-0.14458755,-0.31316653,-0.14457896,-0.16808087,-0.14331596,-0.14458075,-0.1476591,2.3668385,-0.14458787,-0.22115314,-0.07562123,-0.086852394,-0.10702289,-0.060967896,-0.13868901,-0.16796505,-0.15746465,4.6731257,-0.12812386,-0.0969081,2.4742172,-0.12716047,-0.11335766,-0.18846886,-0.1216903,-0.17755464,-0.0994983,-0.115196005,-0.1445066,-0.11662802,-0.19749595,1.618563,-0.12781724,-0.096878245,-0.14450659,-0.14748701,-0.12434345,-0.11230643,-0.063823454,-0.14444484,3.6566744,-0.10007019,2.7426085,-0.14458834,-0.14765169,-0.16344379,-0.1759062,-0.12524253,-0.14457533,-0.0782174,-0.19187105,-0.18185812,-0.09859173,-0.11065883,-0.14428695,-0.14737518,-0.083404,-0.1213824,-0.13072303,-0.13855581,-0.19385117,-0.14455539,-0.1476563,-0.19487974,2.785162,-0.2432746,-0.121393695,-0.14440644,-0.14763093,-0.14520228,-0.2961179,-0.1445877,-0.19813283,-0.121606305,-0.14453104,-0.060104962,-0.15931924,-0.14458612,-0.2028091,-0.2868003,-0.11816878,-0.14795661,-0.10060286,-0.14444819,-0.13614628,-0.20725825,-0.17393659,-0.125103,-0.15657571,-0.15690626,-0.14458488,-0.14765844,-0.16221246,-0.22200036,-0.12175397,-0.2814266,-0.14458871,-0.1915083,-0.24371436,-0.16952515,-0.14451115,-0.13369927,-0.12557748,-0.1445821,-0.18106565,-0.14458849,-0.18642783,-0.14453825,-0.30462334,-0.14448962,-0.14691104,-0.13029914,-0.14457697,-0.14764749,-0.18915205,-0.12168354,-0.1445814,-0.10481856,-0.1650517,-0.14457947,-0.14766026,-0.14763431,-0.12132151,-0.14449498,-0.14763016,-0.147622,-0.1476323,-0.14763959,-0.16505513,-0.17392421,-0.14457545,-0.14765385,-0.14764488,-0.14765431,-0.2025511,-0.15354379,-0.14723541,-0.14369133,-0.11499533,-0.10471026,-0.11893196,-0.1445787,-0.14759102,-0.12164799,-0.19501048,-0.14458567,-0.18738703,-0.11705899,3.6597657,-0.14457706,-0.06652963,-0.14436063,-0.10737923,-0.124497145,-0.15298569,-0.052188452,-0.26007295
k__Bacteria|p__Proteobacteria|c__Gammaproteobacteria|o__Enterobacterales|f__Enterobacteriaceae|g__Enterobacter|s__Enterobacter_asburiae,-0.1004395,-0.12316422,-0.1417372,-0.1447989,-0.14479911,-0.23867357,-0.1666669,-0.16813041,-0.10929718,-0.22895765,-0.23728925,-0.14174096,-0.22850217,-0.3768707,-0.08556121,-0.1414301,-0.058144663,-0.14133362,-0.14475054,-0.19931981,-0.1978925,-0.11885457,-0.14171368,-0.12711628,-0.20043859,-0.11658599,-0.182019,-0.25032333,-0.1509206,-0.14171714,-0.15142563,-0.10844302,-0.18249588,-0.28454733,-0.1417304,-0.11899847,-0.1417391,5.0514836,-0.14174123,-0.29867563,-0.14174129,-0.29356226,-0.11846872,-0.14162478,-0.13691942,-0.14173701,-0.23188588,-0.24781659,-0.1296162,-0.119002834,1.1382505,-0.18279888,4.2325196,0.5305447,4.0915446,-0.27511892,-0.11894142,-0.14167412,-0.040142577,-0.056944285,-0.14117375,-0.11274739,-0.13743341,-0.11891317,-0.14172414,-0.1447955,-0.14479893,-0.14479944,-0.27573854,-0.14170954,-0.11891545,-0.16243835,-0.12334165,-0.14074792,-0.14171487,-0.15887658,-0.14481027,-0.118986785,-0.18691605,-0.14998752,-0.14173193,-0.1447825,-0.14479107,-0.14473781,-0.120334074,-0.13700745,-0.08858878,-0.14172736,-0.19008024,-0.14173599,-0.2004665,2.2010398,4.866156,7.546359,-0.1074974,-0.15152657,-0.14166182,-0.14455399,-0.10065024,-0.08152827,-0.09427856,-0.14169994,-0.11960925,-0.15027548,-0.16982608,-0.1185138,-0.14171228,-0.14479426,-0.17738779,-0.15176103,-0.14173815,-0.25953975,-0.17989698,-0.13525523,-0.14173603,-0.15095688,-0.17780018,-0.2009549,-0.14171901,-0.09015879,-0.14151178,-0.12151222,-0.121854745,-0.13997786,-0.21433522,-0.13908121,-0.16057305,-0.14168136,-0.07092635,-0.14125355,-0.14418578,-0.18733518,-0.14153177,-0.11890287,-0.12334781,-0.14100276,-0.14170489,-0.114095174,-0.25318068,2.0521393,-0.118327975,-0.10945694,-0.14169821,1.7372866,-0.20963459,-0.14173621,-0.1447311,-0.118527606,-0.14168091,-0.16015086,2.0325859,-0.14173955,-0.19704957,-0.20616047,-0.118107155,-0.10460003,-0.11361031,-0.10256614,-0.14173391,-0.19495486,-0.14171489,-0.11846768,-0.14161724,-0.041086134,-0.12967405,-0.1417385,-0.2300741,-0.14172176,-0.10384405,-0.14065176,-0.0784167,-0.14162946,-0.12766197,-0.14164513,-0.121451,-0.075820275,-0.09192432,-0.101488546,-0.14153479,-0.1447271,-0.12378413,-0.14161599,-0.1410757,-0.13984437,-0.18093297,-0.14174047,-0.25777104,-0.12844054,-0.14166957,5.101112,-0.119081676,-0.1417183,-0.14479585,-0.1447971,-0.14479795,-0.19755594,6.5672317,-0.20219928,-0.19465852,-0.24831252,-0.20506537,-0.22091979,-0.14172864,-0.118681535,-0.11956477,-0.14172545,-0.14479302,-0.20931396,-0.18224281,-0.14171793,2.770777,-0.14173906,-0.14479998,-0.14479914,-0.14479887,-0.2185038,-0.14171731,-0.114121355,-0.14171991,-0.14478798,-0.1447932,-0.22984435,-0.14173433,-0.14477885,-0.08963354,-0.14165658,-0.1447632,-0.14477584,-0.1447775,-0.13302092,-0.1051107,7.4792414,7.268613,3.3703659,5.6501193,7.262584,-0.14173165,-0.12319561,-0.11896519,-0.14170352,-0.14479984,-0.14479947,-0.14479949,-0.14479989,-0.38518023,-0.11451449,-0.1417098,-0.15564899,-0.14443555,-0.16636807,-0.1417354,-0.14473887,-0.12993515,-0.047159404,-0.13714753,-0.14016809,-0.14106366,-0.14162582,-0.19987361,1.5061566,3.0421321,-0.14171886,-0.1447686,-0.12722544,-0.14610182,-0.2588673,-0.11881591,-0.14164385,-0.09132757,-0.12832497,-0.13684332,-0.16221203,-0.15659244,-0.11836222,-0.14154333,-0.14472878,-0.14476568,-0.14479089,-0.15740095,-0.19795567,-0.15106063,-0.07294749,-0.2039893,-0.14171007,-0.14476493,-0.104459345,-0.14143707,-0.17466888,-0.13176009,-0.14171638,-0.15109587,-0.10913184,-0.14159176,-0.05825615,-0.14326635,-0.17082691,-0.1416693,-0.18883844,-0.14173985,-0.31316653,-0.14173213,0.7458868,5.6532383,-0.14173406,-0.14479718,3.3929904,-0.14174013,-0.22115314,-0.07562123,-0.086852394,-0.10702289,-0.060967896,-0.13659318,-0.16796505,-0.15746465,-0.22133875,-0.12812386,-0.0969081,-0.16398169,-0.12716047,-0.11335766,-0.18846886,-0.11896016,-0.17755464,-0.0994983,-0.115196005,-0.14167047,-0.11662802,-0.19749595,-0.14526704,-0.12781724,-0.096878245,-0.14167166,-0.14465068,4.804409,-0.11230643,-0.063823454,-0.14161801,-0.11419349,-0.10007019,4.318648,-0.14174056,-0.14479062,-0.16344379,-0.1759062,-0.12524253,-0.14172953,-0.0782174,-0.19187105,-0.18185812,-0.09859173,-0.11065883,-0.1414848,-0.14455546,-0.083404,-0.1213824,-0.13072303,-0.13855581,-0.19385117,-0.14171194,-0.14479488,-0.19487974,1.0857481,-0.2432746,-0.11870988,-0.14158526,-0.14477295,-0.14520228,-0.2961179,-0.14174001,-0.19813283,-0.11888754,-0.14169109,-0.060104962,-0.15931924,-0.1417386,-0.2028091,-0.2868003,-0.11816878,-0.14795661,-0.10060286,-0.1416196,-0.13614628,-0.20725825,-0.17393659,-0.125103,-0.15657571,-0.15690626,-0.14173755,-0.14479673,-0.16221246,-0.22200036,-0.11901423,-0.2814266,-0.14174086,-0.1915083,-0.24371436,1.8086896,-0.14167243,-0.13369927,-0.12557748,-0.14173515,-0.18106565,-0.14174066,-0.18642783,-0.1416961,3.4240952,-0.14165467,3.4258423,-0.13029914,-0.14173082,-0.14478743,-0.18915205,-0.11895503,-0.14173466,-0.10481856,-0.1650517,-0.14173281,-0.14479825,-0.1447751,-0.11864215,-0.1416613,-0.14477205,-0.14476535,-0.14477399,-0.14478059,-0.16505513,-0.17392421,-0.14172941,-0.14479281,-0.14478502,-0.14479321,7.745042,-0.15354379,-0.14723541,-0.14095487,-0.11499533,-0.10471026,-0.11893196,-0.14173228,-0.1447372,-0.11892537,-0.19501048,-0.14173818,-0.18738703,-0.11705899,-0.17429145,-0.14173065,-0.06652963,-0.14154747,-0.10737923,-0.124497145,-0.15298569,-0.052188452,-0.26007295
k__Bacteria|p__Proteobacteria|c__Gammaproteobacteria|o__Enterobacterales|f__Enterobacteriaceae|g__Klebsiella|s__Klebsiella_grimontii,-0.1004395,-0.12316422,-0.14104101,-0.1440872,-0.1440874,-0.23867357,-0.1666669,3.6989627,-0.10929718,-0.22895765,-0.23728925,-0.14104453,-0.22850217,-0.3768707,-0.08556121,-0.14075169,-0.058144663,-0.1406571,-0.14404199,-0.19931981,-0.1978925,-0.1182795,-0.1410189,-0.12711628,-0.20043859,-0.11658599,-0.182019,-0.25032333,-0.1509206,-0.14102235,-0.15142563,-0.10844302,-0.18249588,-0.28454733,-0.14103484,-0.118417054,-0.14104277,-0.22338755,-0.1410448,-0.29867563,-0.14104484,-0.29356226,-0.11791766,-0.14093676,-0.13691942,-0.14104079,-0.23188588,-0.24781659,-0.1296162,-0.11842129,1.2127647,1.2257621,2.3684857,-0.26027086,-0.28621647,-0.27511892,-0.11894142,-0.1409817,-0.040142577,-0.056944285,-0.14051521,-0.11274739,-0.13743341,-0.118336156,-0.14102888,-0.144084,-0.14408723,-0.1440877,4.350211,-0.14101551,-0.11833881,-0.16243835,-0.12334165,-0.14074792,-0.14101997,-0.15887658,-0.14481027,-0.11840594,-0.18691605,-0.14998752,-0.14103603,-0.14407179,-0.14407992,-0.14403126,-0.120334074,-0.13700745,-0.08858878,-0.14103174,-0.19008024,-0.14103985,-0.2004665,-0.11139822,-0.1388583,-0.13027036,-0.1074974,-0.15152657,-0.14096987,-0.14386103,-0.10065024,-0.08152827,-0.09427856,-0.14100586,-0.11960925,-0.15027548,-0.16982608,-0.1185138,-0.14101782,-0.14408281,-0.17738779,-0.15176103,-0.1410419,-0.25953975,3.2457924,-0.13525523,-0.1410399,-0.15095688,-0.17780018,-0.2009549,-0.14102468,3.988017,-0.14082772,-0.12151222,-0.121854745,2.3239331,-0.21433522,-0.13908121,-0.16057305,-0.14098823,-0.07092635,-0.14058638,-0.14352012,-0.18733518,-0.14085227,-0.11832796,-0.12334781,-0.14100276,-0.14101055,-0.114095174,-0.25318068,-0.26654312,-0.11776673,-0.10945694,-0.1410042,-0.09238048,-0.20963459,-0.14104006,-0.14402574,-0.11796643,-0.14098841,5.483579,4.4047627,-0.14104319,3.5162392,7.0435023,-0.117565,-0.10460003,-0.11361031,-0.10256614,-0.14103785,-0.19495486,-0.1410203,-0.11790761,-0.14092748,-0.041086134,4.3928313,-0.14104226,2.6509426,-0.14102684,-0.10384405,-0.1400173,-0.0784167,-0.14093998,-0.12766197,-0.14095432,-0.121451,-0.075820275,-0.09192432,-0.101488546,-0.14085037,-0.14401934,-0.12378413,-0.14092995,-0.1410757,-0.13984437,-0.18093297,-0.14104408,-0.25777104,-0.12844054,-0.14097847,6.037948,-0.119081676,-0.14102305,-0.14408433,-0.14408553,-0.1440863,-0.19755594,6.868288,5.9093766,6.6645203,6.131398,6.511254,6.6931615,-0.14103316,-0.11811389,-0.11956477,-0.14102986,-0.1440817,-0.20931396,-0.18224281,-0.1410234,-0.32474133,-0.14104272,-0.14408821,-0.14408743,-0.14408717,-0.2185038,-0.14102292,-0.114121355,-0.141025,-0.14407718,-0.14408188,-0.22984435,-0.14103824,-0.14406936,-0.08963354,-0.14096564,-0.14405337,-0.14406571,-0.1440669,-0.13302092,-0.1051107,-0.14014931,-0.15141064,-0.15839578,7.0906105,2.9760613,-0.14103568,1.4479305,-0.11838578,-0.14100975,-0.14408809,-0.14408773,-0.14408776,-0.14408812,-0.38518023,-0.11451449,-0.14101529,-0.15564899,-0.14443555,-0.16636807,-0.14103937,-0.14403224,2.3618383,-0.047159404,-0.13678773,-0.14016809,-0.14106366,-0.14093664,2.989956,-0.1649412,-0.17166539,-0.1410237,-0.14405835,-0.12722544,-0.14610182,-0.2588673,-0.1182391,-0.14095291,2.0854201,5.725974,1.1421335,-0.16221203,-0.15659244,-0.11780217,-0.1408599,-0.14402121,-0.14405584,-0.14407964,-0.15740095,-0.19795567,-0.15106063,-0.07294749,-0.2039893,-0.14101574,-0.14405492,-0.104459345,-0.14076647,-0.17466888,-0.13176009,-0.14102116,-0.15109587,-0.10913184,-0.14090465,-0.05825615,-0.14326635,-0.17082691,-0.14097747,-0.18883844,-0.14104348,-0.31316653,-0.14103644,-0.16808087,-0.14331596,-0.14103806,-0.14408565,4.094598,-0.14104377,-0.22115314,-0.07562123,2.6491406,-0.10702289,-0.060967896,-0.13626598,-0.16796505,-0.15746465,-0.22133875,-0.12812386,-0.0969081,-0.16398169,-0.12716047,-0.11335766,-0.18846886,-0.11838059,-0.17755464,-0.0994983,-0.115196005,-0.14097841,-0.11662802,-0.19749595,-0.14526704,-0.12781724,-0.096878245,-0.14097887,-0.14394751,-0.12434345,-0.11230643,-0.063823454,-0.14092879,-0.11419349,-0.10007019,0.91944426,-0.14104414,-0.14407969,-0.16344379,-0.1759062,-0.12524253,-0.14103374,-0.0782174,-0.19187105,-0.18185812,-0.09859173,-0.11065883,-0.14080256,-0.14385784,-0.083404,-0.1213824,-0.13072303,-0.13855581,-0.19385117,-0.14101753,-0.14408344,-0.19487974,5.082475,-0.2432746,-0.11813907,-0.14089806,-0.14406297,-0.14520228,-0.2961179,-0.1410436,-0.19813283,-0.11831086,-0.14099795,-0.060104962,-0.15931924,-0.14104235,-0.2028091,-0.2868003,-0.11816878,-0.14795661,-0.10060286,-0.14093117,-0.13614628,-0.20725825,-0.17393659,-0.125103,-0.15657571,-0.15690626,-0.14104135,-0.14408514,-0.16221246,-0.22200036,-0.118432045,-0.2814266,-0.14104444,-0.1915083,-0.24371436,-0.16952515,-0.1409822,-0.13369927,-0.12557748,-0.1410391,2.8465266,-0.14104426,-0.18642783,-0.14100364,4.202209,-0.1409643,-0.14691104,-0.13029914,-0.141035,-0.14407638,-0.18915205,-0.1183756,-0.1410386,-0.10481856,-0.1650517,-0.14103699,-0.14408658,-0.14406553,-0.11806727,-0.14096934,-0.14406222,-0.14405583,-0.14406402,-0.14407003,-0.16505513,-0.17392421,-0.14103375,-0.14408147,-0.1440742,-0.14408183,-0.2025511,-0.15354379,-0.14723541,-0.14031658,-0.11499533,-0.10471026,-0.11893196,-0.14103639,-0.14403072,-0.11834675,-0.19501048,-0.14104196,-0.18738703,-0.11705899,-0.17429145,-0.14103511,-0.06652963,-0.14086178,-0.10737923,-0.124497145,-0.15298569,-0.052188452,-0.26007295
k__Bacteria|p__Proteobacteria|c__Gammaproteobacteria|o__Enterobacterales|f__Enterobacteriaceae|g__Klebsiella|s__Klebsiella_variicola,-0.1004395,-0.12316422,-0.13822743,-0.14124575,-0.14124599,2.4790177,-0.1666669,8.467423,5.580222,-0.22895765,-0.23728925,-0.13823137,-0.22850217,-0.3768707,-0.08556121,-0.13790151,2.0284493,-0.13778937,-0.14119482,-0.19931981,-0.1978925,-0.11565326,-0.13820231,-0.12711628,-0.20043859,-0.11658599,-0.182019,-0.25032333,-0.1509206,-0.13820648,-0.15142563,-0.10844302,-0.18249588,-0.28454733,-0.13822061,-0.115810156,-0.1382294,-0.22338755,-0.13823166,-0.29867563,-0.13823172,-0.29356226,-0.11523536,-0.13811073,-0.13691942,-0.13822713,-0.23188588,-0.24781659,-0.1296162,-0.1158151,5.0072737,5.820614,6.256496,4.17059,-0.28621647,-0.27511892,-0.11894142,-0.13816021,-0.040142577,-0.056944285,-0.13763727,-0.11274739,-0.13743341,-0.11571908,-0.13821387,-0.14124212,-0.1412458,-0.14124632,-0.27573854,-0.13819964,-0.115721285,-0.16243835,-0.12334165,-0.14074792,-0.13820356,5.15979,-0.14481027,-0.11579718,-0.18691605,-0.14998752,-0.13822176,-0.14122835,-0.14123763,-0.14118525,-0.120334074,-0.13700745,-0.08858878,-0.13821687,-0.19008024,-0.13822606,-0.2004665,-0.11139822,-0.1388583,-0.13027036,-0.1074974,-0.15152657,-0.13814676,-0.14100593,-0.10065024,-0.08152827,-0.09427856,-0.13818748,-0.11960925,-0.15027548,-0.16982608,-0.1185138,-0.13820145,-0.1412408,-0.17738779,-0.15176103,-0.13822842,5.168219,-0.17989698,-0.13525523,-0.1382261,-0.15095688,-0.17780018,-0.2009549,-0.13820985,-0.09015879,-0.13798475,-0.12151222,-0.121854745,-0.13997786,1.9408131,1.8852319,-0.16057305,-0.13816747,-0.07092635,-0.13771477,-0.1406151,-0.18733518,-0.13802025,-0.115708,-0.12334781,-0.14100276,-0.13819289,-0.114095174,-0.25318068,-0.26654312,-0.11507866,-0.10945694,-0.13818556,-0.09238048,-0.20963459,-0.13822629,-0.14117892,-0.115300745,-0.13816828,-0.16015086,-0.1553517,-0.13822988,-0.19704957,-0.20616047,-0.11482492,-0.10460003,-0.11361031,-0.10256614,-0.13822377,-0.19495486,-0.13820451,-0.11523348,-0.13809858,-0.041086134,-0.12967405,-0.13822886,-0.2300741,-0.13821182,-0.10384405,-0.13707943,5.7086844,-0.13811365,-0.12766197,-0.13812925,-0.121451,-0.075820275,-0.09192432,-0.101488546,-0.13801157,-0.14116865,-0.12378413,-0.13810724,-0.1410757,6.210703,-0.18093297,-0.13823085,2.3521602,-0.12844054,-0.13815843,7.3267117,4.607933,-0.1382069,-0.1412425,-0.14124385,-0.14124475,-0.19755594,-0.25103784,-0.20219928,-0.19465852,-0.24831252,-0.20506537,-0.22091979,-0.1382188,-0.115470126,2.9349697,-0.1382147,-0.14123955,3.92926,-0.18224281,-0.138208,-0.32474133,-0.13822931,-0.1412469,-0.14124602,-0.14124571,-0.2185038,-0.1382075,-0.114121355,-0.13820955,-0.1412347,-0.14123975,-0.22984435,-0.1382242,-0.14122602,-0.08963354,-0.1381424,-0.14120716,-0.14122161,-0.14122255,-0.13302092,-0.1051107,-0.14014931,-0.15141064,-0.15839578,-0.15615125,-0.14613561,-0.13822125,-0.12319561,-0.11577469,-0.13819253,-0.14124675,-0.14124638,-0.14124638,-0.1412468,-0.38518023,-0.11451449,-0.13819839,-0.15564899,-0.14443555,-0.16636807,-0.13822559,-0.14118534,-0.12993515,-0.047159404,-0.13349119,-0.14016809,-0.14106366,-0.13810977,-0.19987361,-0.1649412,3.3276954,-0.13820773,-0.14121269,-0.12722544,-0.14610182,-0.2588673,-0.11560953,-0.13812745,-0.09132757,-0.12832497,-0.13684332,-0.16221203,1.1279091,-0.11512248,-0.13802376,-0.14117098,-0.14121017,-0.14123717,-0.15740095,-0.19795567,-0.15106063,-0.07294749,-0.2039893,-0.13819905,-0.14120887,-0.104459345,-0.13794161,-0.17466888,-0.13176009,-0.13820466,-0.15109587,-0.10913184,-0.13807368,-0.05825615,-0.14326635,3.5636199,-0.13815588,1.7635738,-0.1382302,-0.31316653,-0.1382225,-0.16808087,-0.14331596,-0.13822404,-0.14124402,-0.25088155,-0.13823052,-0.22115314,-0.07562123,-0.086852394,-0.10702289,-0.060967896,-0.13289714,-0.16796505,-0.15746465,2.7959344,6.151122,2.313108,-0.16398169,1.3038067,-0.11335766,-0.18846886,-0.11576892,-0.17755464,-0.0994983,-0.115196005,-0.13815677,-0.11662802,-0.19749595,-0.14526704,-0.12781724,-0.096878245,-0.13815644,-0.14108756,1.5868628,-0.11230643,-0.063823454,-0.13810053,5.908608,2.063251,7.1642737,-0.13823093,-0.14123756,-0.16344379,2.5880852,-0.12524253,-0.1382191,-0.0782174,-0.19187105,-0.18185812,-0.09859173,-0.11065883,-0.13795693,-0.14098613,-0.083404,-0.1213824,-0.13072303,-0.13855581,1.955063,-0.13820113,-0.14124148,-0.19487974,-0.23847799,-0.2432746,-0.115495704,-0.13806568,-0.14121847,4.685845,-0.2961179,-0.13823035,-0.19813283,-0.11568947,-0.138179,-0.060104962,4.854553,-0.13822892,-0.2028091,-0.2868003,4.5021386,3.7328396,4.5390425,-0.13810393,-0.13614628,-0.20725825,-0.17393659,-0.125103,-0.15657571,-0.15690626,-0.13822779,-0.14124343,-0.16221246,-0.22200036,-0.1158274,2.6661086,-0.13823126,-0.1915083,-0.24371436,2.148824,-0.13816327,-0.13369927,1.8630798,-0.13822529,5.2415104,-0.13823107,-0.18642783,-0.13818645,-0.30462334,-0.13814163,2.5101032,1.65182,-0.13822064,-0.14123344,-0.18915205,-0.11576277,-0.13822465,-0.10481856,-0.1650517,-0.13822293,-0.14124507,-0.14122224,-0.11542377,-0.13814601,-0.14121781,-0.14121038,-0.14121976,-0.14122629,-0.16505513,-0.17392421,-0.13821927,-0.14123924,-0.1412311,-0.14123967,-0.2025511,-0.15354379,-0.14723541,-0.13742055,-0.11499533,-0.10471026,-0.11893196,-0.13822219,-0.14118391,-0.11572978,4.574927,-0.13822852,3.8730564,-0.11705899,-0.17429145,-0.13822109,-0.06652963,-0.13802406,1.2467352,-0.124497145,1.6062111,-0.052188452,-0.26007295
k__Bacteria|p__Proteobacteria|c__Gammaproteobacteria|o__Enterobacterales|f__Enterobacteriaceae|g__Klebsiella|s__Klebsiella_michiganensis,-0.1004395,-0.12316422,-0.13087815,-0.13369517,-0.13369535,0.71744365,-0.1666669,-0.16813041,-0.10929718,-0.22895765,-0.23728925,-0.13088158,-0.22850217,-0.3768707,-0.08556121,-0.13060072,3.5454485,-0.13050632,-0.13365099,-0.19931981,-0.1978925,-0.10983311,-0.13085656,-0.12711628,-0.20043859,-0.11658599,-0.182019,-0.25032333,-0.1509206,-0.13085985,-0.15142563,-0.10844302,-0.18249588,-0.28454733,-0.13087218,-0.10995686,-0.13087986,1.6225216,-0.13088183,-0.29867563,-0.13088188,-0.29356226,-0.10950667,-0.13077608,4.9518213,-0.13087791,-0.23188588,6.204663,-0.1296162,-0.109960765,5.6900268,4.1726136,5.8479004,6.873197,3.113017,-0.27511892,-0.11894142,-0.13082047,-0.040142577,-0.056944285,-0.1303637,-0.11274739,-0.13743341,-0.10988462,-0.13086629,-0.13369203,-0.13369519,-0.13369566,-0.27573854,-0.13085386,-0.10988493,-0.16243835,-0.12334165,-0.14074792,-0.13085762,-0.15887658,2.417673,-0.1099467,-0.18691605,-0.14998752,-0.1308733,-0.13368014,-0.13368806,-0.13364175,-0.120334074,-0.13700745,-0.08858878,-0.13086909,-0.19008024,-0.130877,-0.2004665,3.1168277,-0.1388583,2.8817186,2.6275632,-0.15152657,-0.13080896,-0.13348664,3.0130196,-0.08152827,-0.09427856,-0.13084394,-0.11960925,-0.15027548,-0.16982608,-0.1185138,-0.13085541,-0.1336909,-0.17738779,-0.15176103,-0.13087901,1.5831608,-0.17989698,-0.13525523,-0.13087705,-0.15095688,-0.17780018,-0.2009549,-0.13086237,-0.09015879,-0.13067108,-0.12151222,-0.121854745,-0.13997786,-0.21433522,-0.13908121,-0.16057305,-0.13082689,-0.07092635,-0.13043731,-0.13313937,-0.18733518,-0.13069405,-0.10988025,-0.12334781,-0.14100276,-0.13084847,-0.114095174,-0.25318068,5.684982,-0.109404385,-0.10945694,-0.1308423,-0.09238048,-0.20963459,-0.1308772,-0.13363463,-0.10957433,-0.13082686,-0.16015086,-0.1553517,-0.13088028,-0.19704957,-0.20616047,-0.10920616,5.0713167,3.2620292,8.64171,-0.13087508,4.754401,-0.13085824,-0.109527186,-0.13076803,-0.041086134,-0.12967405,-0.13087934,-0.2300741,-0.13086435,6.776627,-0.12989208,4.079838,-0.13077986,-0.12766197,-0.13079381,-0.121451,-0.075820275,-0.09192432,4.1797495,-0.13069353,-0.13362923,-0.12378413,-0.13077247,2.2396371,2.5953155,-0.18093297,-0.13088113,4.718133,0.7507547,-0.13081783,2.7189498,1.2244865,-0.1308607,-0.13369235,-0.13369352,-0.13369429,2.272712,4.4109592,7.841633,6.9765334,4.0817394,2.1779902,2.9525666,-0.13087048,-0.10970369,2.7729702,-0.13086729,-0.13368979,2.9374068,1.3024935,-0.13086098,4.5730195,-0.1308798,-0.13369615,-0.1336954,-0.13369513,-0.2185038,-0.13086045,-0.114121355,-0.13086243,-0.13368532,-0.13368994,-0.22984435,-0.13087547,-0.13367753,-0.08963354,-0.1308046,-0.13366222,-0.13367414,-0.1336754,-0.13302092,-0.1051107,-0.14014931,-0.15141064,-0.15839578,-0.15615125,-0.14613561,-0.13087296,-0.12319561,-0.10992743,-0.13084751,-0.13369602,-0.13369569,-0.1336957,-0.13369605,-0.38518023,-0.11451449,-0.13085303,-0.15564899,-0.14443555,-0.16636807,-0.13087651,-0.13364127,-0.12993515,-0.047159404,-0.12670721,-0.14016809,-0.14106366,-0.13077614,-0.19987361,4.3817577,6.2927785,-0.13086128,-0.13366714,-0.12722544,-0.14610182,-0.2588673,-0.10980651,-0.13079283,-0.09132757,0.7162132,4.7082586,3.3419514,4.9046135,-0.1094459,-0.13070208,-0.13363095,-0.13366465,-0.1336878,-0.15740095,-0.19795567,-0.15106063,-0.07294749,2.864789,-0.13085341,-0.13366386,-0.104459345,-0.13063431,-0.17466888,-0.13176009,-0.13085884,-0.15109587,-0.10913184,-0.13074616,-0.05825615,-0.14326635,4.229164,-0.13081607,-0.18883844,-0.13088056,-0.31316653,-0.13087365,-0.16808087,-0.14331596,-0.13087526,-0.1336936,-0.25088155,-0.13088082,-0.22115314,-0.07562123,-0.086852394,-0.10702289,-0.060967896,-0.12619925,-0.16796505,-0.15746465,-0.22133875,-0.12812386,-0.0969081,-0.16398169,-0.12716047,-0.11335766,-0.18846886,-0.10992375,-0.17755464,-0.0994983,-0.115196005,-0.1308171,-0.11662802,-0.19749595,-0.14526704,-0.12781724,-0.096878245,-0.13081777,-0.13355958,4.7201824,-0.11230643,-0.063823454,-0.13076937,-0.11419349,-0.10007019,2.2789195,-0.13088119,-0.13368775,-0.16344379,-0.1759062,-0.12524253,-0.13087106,-0.0782174,-0.19187105,-0.18185812,-0.09859173,-0.11065883,-0.13064656,-0.13347217,-0.083404,-0.1213824,-0.13072303,-0.13855581,6.882766,-0.13085514,-0.13369146,-0.19487974,0.77759135,-0.2432746,-0.10970581,-0.13073915,-0.13367146,-0.14520228,-0.2961179,-0.13088068,-0.19813283,-0.10986328,-0.13083619,-0.060104962,-0.15931924,-0.13087943,-0.2028091,-0.2868003,-0.11816878,-0.14795661,-0.10060286,-0.13077098,-0.13614628,-0.20725825,-0.17393659,-0.125103,-0.15657571,-0.15690626,-0.13087848,-0.13369316,-0.16221246,-0.22200036,-0.109971024,-0.2814266,-0.13088149,-0.1915083,-0.24371436,2.2086294,-0.1308209,-0.13369927,-0.12557748,-0.13087627,-0.18106565,-0.13088131,5.680159,-0.13084151,-0.30462334,-0.130803,-0.14691104,-0.13029914,-0.13087228,-0.1336846,-0.18915205,-0.10991849,-0.1308758,2.4152098,2.627863,-0.13087417,-0.13369456,-0.13367406,-0.109661385,-0.1308085,-0.13367073,-0.1336645,-0.13367248,-0.13367842,3.7839706,-0.17392421,-0.13087104,-0.13368958,-0.13368246,-0.13368994,-0.2025511,-0.15354379,2.8143315,-0.13016783,-0.11499533,-0.10471026,-0.11893196,-0.13087364,-0.13364017,-0.109892264,-0.19501048,-0.13087906,-0.18738703,-0.11705899,-0.17429145,-0.13087243,-0.06652963,-0.13070473,-0.10737923,-0.124497145,-0.15298569,-0.052188452,-0.26007295
k__Bacteria|p__Proteobacteria|c__Gammaproteobacteria|o__Enterobacterales|f__Enterobacteriaceae|g__Escherichia|s__Escherichia_marmotae,-0.1004395,-0.12316422,-0.12662506,-0.12931272,-0.12931293,-0.23867357,1.0310372,-0.16813041,2.3663325,-0.22895765,0.8060758,-0.12662865,-0.22850217,1.0560988,-0.08556121,-0.12632832,-0.058144663,-0.12622373,-0.12926628,-0.19931981,-0.1978925,-0.10652322,-0.12660208,-0.12711628,-0.20043859,1.7054248,-0.182019,-0.25032333,-0.1509206,-0.12660599,1.8271372,-0.10844302,-0.18249588,-0.28454733,-0.1266189,-0.10666356,-0.12662683,-0.22338755,-0.12662892,-0.29867563,-0.12662897,-0.29356226,-0.10614893,-0.12651904,-0.13691942,-0.12662476,-0.23188588,-0.24781659,2.5613534,-0.106668204,-0.24679694,1.552961,1.2409642,1.965183,1.1837747,-0.27511892,-0.11894142,-0.12656373,-0.040142577,-0.056944285,-0.12608817,-0.11274739,-0.13743341,-0.10658303,-0.12661278,-0.12930939,-0.12931277,-0.12931323,-0.27573854,-0.12659976,-0.10658404,-0.16243835,-0.12334165,-0.14074792,-0.12660325,-0.15887658,-0.14481027,-0.10665208,-0.18691605,1.6775162,-0.12661988,-0.12929684,-0.12930536,-0.1292579,-0.120334074,-0.13700745,-0.08858878,-0.1266154,-0.19008024,-0.12662381,-0.2004665,-0.11139822,-0.1388583,-0.13027036,-0.1074974,-0.15152657,-0.12655137,-0.12909499,1.5029607,1.974365,-0.09427856,-0.12658851,1.856425,-0.15027548,1.9214877,-0.1185138,-0.12660137,-0.1293082,-0.17738779,-0.15176103,-0.12662597,0.89203614,0.5906782,1.5868632,-0.12662384,1.4957135,1.1139882,-0.2009549,-0.12660925,-0.09015879,-0.12640323,-0.12151222,-0.121854745,1.1686872,-0.21433522,-0.13908121,-0.16057305,-0.12657022,-0.07092635,-0.12615731,-0.12874135,-0.18733518,-0.12643786,-0.10657531,0.7122002,0.66893363,-0.12659353,0.9767942,-0.25318068,-0.26654312,-0.106020495,-0.10945694,-0.12658677,-0.09238048,1.1418598,-0.126624,-0.12925154,-0.10622029,-0.12657115,-0.16015086,-0.1553517,-0.12662728,-0.19704957,-0.20616047,-0.105791256,-0.10460003,-0.11361031,-0.10256614,-0.12662168,-0.19495486,-0.12660411,-0.10615892,-0.12650721,-0.041086134,-0.12967405,-0.12662637,-0.2300741,-0.12661073,-0.10384405,-0.12557963,-0.0784167,-0.12652119,1.5789508,-0.12653543,3.5337112,3.4897277,1.8855765,3.0582592,-0.12642843,-0.12924227,1.7697943,-0.12651533,-0.1410757,1.1378258,-0.18093297,-0.12662816,0.6144822,-0.12844054,-0.12656166,-0.13462572,-0.119081676,-0.12660623,-0.12930977,-0.12931097,-0.12931183,0.92422575,0.91656303,1.537428,1.0720146,2.2502325,1.6545769,1.562698,-0.12661722,-0.10637045,1.3355397,-0.12661338,-0.12930708,-0.20931396,1.0592303,-0.12660742,-0.32474133,-0.12662676,-0.12931377,-0.12931296,-0.1293127,-0.2185038,-0.12660682,-0.114121355,-0.12660883,-0.12930273,-0.12930724,1.4103369,-0.12662208,-0.12929475,1.7818311,-0.12654759,-0.12927735,-0.12929076,-0.12929145,2.1242077,3.444031,1.1886858,0.8024084,-0.15839578,1.0030162,0.67385864,-0.12661937,1.7019695,-0.10663177,-0.12659341,-0.12931362,-0.12931329,-0.12931329,-0.12931368,-0.38518023,-0.11451449,-0.12659857,-0.15564899,-0.14443555,1.2964394,-0.12662339,-0.12925792,-0.12993515,-0.047159404,-0.12232883,-0.14016809,-0.14106366,-0.12651783,-0.19987361,-0.1649412,2.1043217,-0.12660706,-0.12928239,-0.12722544,-0.14610182,-0.2588673,-0.10648766,-0.1265338,-0.09132757,-0.12832497,-0.13684332,-0.16221203,-0.15659244,-0.10606207,-0.12643968,-0.12924445,-0.12928018,-0.12930489,-0.15740095,-0.19795567,-0.15106063,-0.07294749,-0.2039893,-0.12659927,-0.12927891,0.90431434,-0.12636018,0.82413536,-0.13176009,-0.12660415,1.5507886,-0.10913184,-0.12648492,2.19602,1.2426726,-0.17082691,-0.12655987,-0.18883844,-0.12662761,-0.31316653,-0.12662065,-0.16808087,-0.14331596,-0.12662196,-0.12931116,2.163436,-0.12662789,-0.22115314,-0.07562123,-0.086852394,-0.10702289,-0.060967896,-0.12178818,0.8921945,-0.15746465,-0.22133875,2.6233268,1.9633714,2.6105895,-0.12716047,-0.11335766,0.884665,-0.106626675,-0.17755464,-0.0994983,-0.115196005,-0.12656063,-0.11662802,-0.19749595,-0.14526704,-0.12781724,0.887426,-0.12656006,-0.1291683,-0.12434345,-0.11230643,-0.063823454,-0.12650931,-0.11419349,-0.10007019,-0.24483351,-0.12662825,-0.12930523,-0.16344379,-0.1759062,-0.12524253,-0.12661742,-0.0782174,-0.19187105,-0.18185812,1.8205258,1.3701705,-0.12637784,-0.12907568,-0.083404,1.002952,-0.13072303,-0.13855581,-0.19385117,-0.12660116,-0.12930882,-0.19487974,1.1015348,1.1702319,-0.10637872,-0.12647748,-0.12928788,-0.14520228,-0.2961179,-0.1266277,-0.19813283,-0.106557116,-0.12658101,-0.060104962,-0.15931924,-0.12662643,-0.2028091,-0.2868003,-0.11816878,-0.14795661,-0.10060286,-0.12651269,-0.13614628,-0.20725825,-0.17393659,-0.125103,-0.15657571,-0.15690626,-0.12662539,-0.1293106,-0.16221246,-0.22200036,-0.106679335,-0.2814266,-0.12662856,-0.1915083,-0.24371436,-0.16952515,-0.12656641,1.2119962,0.95114636,-0.12662312,1.7552682,-0.12662837,-0.18642783,-0.1265879,-0.30462334,-0.12654713,1.2953478,-0.13029914,-0.12661885,-0.12930146,-0.18915205,-0.1066207,-0.12662253,-0.10481856,1.4981639,-0.126621,-0.1293121,-0.12929131,-0.10631986,-0.12655067,-0.12928733,-0.12928048,-0.12928909,-0.12929493,-0.16505513,-0.17392421,-0.12661766,-0.12930676,-0.12929937,-0.12930715,-0.2025511,-0.15354379,1.4541823,-0.12589364,-0.11499533,-0.10471026,-0.11893196,-0.12662026,-0.12925637,-0.10659101,0.85746086,-0.12662607,0.627991,-0.11705899,-0.17429145,-0.12661918,-0.06652963,-0.12643927,-0.10737923,-0.124497145,-0.15298569,-0.052188452,-0.26007295
k__Bacteria|p__Proteobacteria|c__Gammaproteobacteria|o__Enterobacterales|f__Enterobacteriaceae|g__Klebsiella|s__Klebsiella_oxytoca,-0.1004395,-0.12316422,-0.1367298,-0.13969725,-0.1396976,-0.23867357,-0.1666669,4.1639824,-0.10929718,-0.22895765,-0.23728925,-0.13673589,-0.22850217,-0.3768707,-0.08556121,-0.13624024,-0.058144663,-0.13607323,-0.13961917,-0.19931981,-0.1978925,-0.11447023,-0.13669163,-0.12711628,-0.20043859,-0.11658599,-0.182019,-0.25032333,-0.1509206,-0.13669744,-0.15142563,-0.10844302,-0.18249588,-0.28454733,-0.13671902,-0.114693016,-0.13673286,-0.22338755,-0.13673635,-0.29867563,-0.13673642,-0.29356226,-0.113881975,-0.13654903,-0.13691942,-0.13672943,-0.23188588,-0.24781659,2.4429188,-0.11469998,-0.24679694,1.1706455,3.020988,3.1050107,3.3311906,2.2282157,-0.11894142,-0.1366278,-0.040142577,-0.056944285,-0.1358213,-0.11274739,-0.13743341,-0.11456254,-0.13670886,-0.13969174,-0.1396973,-0.13969812,7.649704,-0.13668653,-0.11456378,-0.16243835,-0.12334165,-0.14074792,-0.13669357,-0.15887658,-0.14481027,-0.11467433,-0.18691605,-0.14998752,-0.13672128,-0.13967068,-0.13968468,-0.139601,-0.120334074,-0.13700745,-0.08858878,-0.13671383,-0.19008024,-0.13672781,3.027603,4.9251666,-0.1388583,1.6175858,-0.1074974,1.1454641,-0.13660759,-0.13932332,-0.10065024,-0.08152827,-0.09427856,-0.13666931,-0.11960925,-0.15027548,-0.16982608,-0.1185138,-0.13668963,-0.1396897,-0.17738779,-0.15176103,-0.13673136,-0.25953975,-0.17989698,-0.13525523,-0.13672788,3.440388,1.1817678,-0.2009549,-0.13670145,-0.09015879,-0.13636377,-0.12151222,-0.121854745,-0.13997786,-0.21433522,-0.13908121,-0.16057305,-0.13663921,-0.07092635,-0.13595104,-0.13871533,6.476612,-0.13640383,-0.11455138,-0.12334781,3.0309436,-0.13667735,5.3540454,-0.25318068,-0.26654312,-0.11370543,-0.10945694,-0.13666648,-0.09238048,-0.20963459,-0.13672817,-0.13958955,-0.11399925,-0.13663918,-0.16015086,-0.1553517,-0.13673359,-0.19704957,-0.20616047,-0.11335461,-0.10460003,-0.11361031,0.8730684,-0.13672438,1.9295623,-0.13669416,-0.113924235,-0.13653529,-0.041086134,-0.12967405,-0.13673195,-0.2300741,-0.136705,-0.10384405,-0.13498911,-0.0784167,-0.13655615,-0.12766197,-0.1365808,-0.121451,-0.075820275,-0.09192432,-0.101488546,-0.13640295,-0.1395807,-0.12378413,-0.13654044,2.0434556,-0.13984437,-0.18093297,-0.13673508,0.5445838,-0.12844054,-0.13662218,1.5037732,-0.119081676,-0.136699,-0.13969229,-0.13969433,-0.1396957,2.0449567,-0.25103784,-0.20219928,-0.19465852,-0.24831252,-0.20506537,-0.22091979,-0.13671616,-0.11423114,-0.11956477,-0.13671064,-0.13968773,-0.20931396,-0.18224281,-0.1366992,3.1133392,-0.13673277,-0.13969898,-0.13969766,-0.1396972,-0.2185038,-0.13669816,-0.114121355,-0.13670203,-0.13967982,-0.13968801,-0.22984435,-0.13672513,-0.1396656,-0.08963354,-0.13659972,-0.13963908,-0.13966009,-0.13966236,4.3788476,2.4507396,-0.14014931,-0.15141064,-0.15839578,-0.15615125,-0.14613561,-0.13672069,-0.12319561,-0.11464027,-0.13667572,-0.13969876,-0.13969819,-0.1396982,-0.13969882,-0.38518023,-0.11451449,-0.13668546,-0.15564899,-0.14443555,-0.16636807,-0.13672695,-0.13960153,-0.12993515,-0.047159404,-0.12936616,-0.14016809,-0.14106366,-0.13654968,-0.19987361,5.0528026,7.409328,-0.13670002,-0.13964772,7.08352,5.5284185,3.2362194,-0.11442137,-0.13657892,-0.09132757,-0.12832497,-0.13684332,-0.16221203,-0.15659244,-0.11378561,-0.13641827,-0.1395837,-0.13964328,-0.13968422,-0.15740095,-0.19795567,-0.15106063,-0.07294749,-0.2039893,-0.13668612,-0.13964191,-0.104459345,-0.1363031,-0.17466888,-0.13176009,-0.13669574,-0.15109587,-0.10913184,-0.13649672,-0.05825615,-0.14326635,-0.17082691,-0.13662016,-0.18883844,-0.1367341,-0.31316653,-0.13672182,-0.16808087,8.7805805,-0.13672474,-0.13969451,4.1258755,-0.13673456,-0.22115314,4.9602323,4.2287908,-0.10702289,-0.060967896,-0.1284656,-0.16796505,-0.15746465,8.268246,4.0898833,8.1908865,5.5920978,2.607759,-0.11335766,4.0242724,-0.11463344,2.9022636,-0.0994983,-0.115196005,-0.13662195,-0.11662802,-0.19749595,4.6215796,3.7190828,1.883848,-0.13662311,-0.13945755,-0.12434345,-0.11230643,-0.063823454,-0.13653743,-0.11419349,-0.10007019,-0.24483351,-0.13673523,-0.13968393,2.2173786,-0.1759062,2.0099938,-0.1367173,-0.0782174,-0.19187105,-0.18185812,-0.09859173,-0.11065883,-0.1363208,-0.13930327,-0.083404,-0.1213824,-0.13072303,-0.13855581,-0.19385117,-0.13668919,-0.13969071,-0.19487974,1.2069805,-0.2432746,-0.11425319,-0.1364842,-0.13965537,-0.14520228,-0.2961179,-0.13673434,-0.19813283,-0.11452356,-0.13665561,-0.060104962,-0.15931924,-0.1367321,-0.2028091,-0.2868003,-0.11816878,-0.14795661,-0.10060286,-0.13654026,-0.13614628,-0.20725825,-0.17393659,-0.125103,-0.15657571,-0.15690626,-0.13673039,-0.1396937,-0.16221246,-0.22200036,-0.114718266,3.8179243,-0.13673574,-0.1915083,4.483081,2.0589347,-0.13662717,-0.13369927,-0.12557748,-0.1367265,-0.18106565,-0.13673544,-0.18642783,-0.13666442,-0.30462334,-0.1365971,-0.14691104,-0.13029914,-0.13671947,-0.1396786,-0.18915205,-0.11462399,-0.13672566,-0.10481856,-0.1650517,-0.1367228,-0.13969618,-0.13965929,-0.11417094,-0.13660671,-0.1396541,-0.13964307,-0.13965715,-0.13966763,-0.16505513,-0.17392421,-0.13671727,-0.13968739,-0.13967481,-0.13968799,-0.2025511,-0.15354379,-0.14723541,-0.135475,-0.11499533,-0.10471026,-0.11893196,-0.13672186,-0.13959894,-0.11457741,4.6528287,-0.13673145,4.1787233,-0.11705899,-0.17429145,-0.13671929,-0.06652963,-0.13642317,-0.10737923,-0.124497145,-0.15298569,-0.052188452,-0.26007295
k__Bacteria|p__Proteobacteria|c__Gammaproteobacteria|o__Enterobacterales|f__Enterobacteriaceae|g__Enterobacter|s__Enterobacter_hormaechei,-0.1004395,-0.12316422,-0.12552178,-0.12823394,-0.1282341,1.2195693,-0.1666669,2.949559,-0.10929718,-0.22895765,-0.23728925,-0.12552482,-0.22850217,0.973315,-0.08556121,-0.12527034,2.8528984,-0.12518534,-0.12819448,-0.19931981,-0.1978925,-0.10525876,-0.12550241,-0.12711628,-0.20043859,-0.11658599,-0.182019,-0.25032333,-0.1509206,-0.1255055,-0.15142563,-0.10844302,-0.18249588,-0.28454733,-0.12551636,-0.10537842,-0.1255233,-0.22338755,-0.12552506,-0.29867563,-0.1255251,-0.29356226,-0.10494499,-0.12543103,-0.13691942,-0.12552156,-0.23188588,5.3520446,-0.1296162,-0.10538221,6.609694,4.575582,5.9114184,5.3143506,6.369276,-0.27511892,-0.11894142,-0.12546992,-0.040142577,-0.056944285,-0.12506424,-0.11274739,-0.13743341,-0.105309635,-0.12551124,-0.12823114,-0.12823397,-0.12823439,-0.27573854,-0.1254999,-0.10531005,-0.16243835,2.7191787,-0.14074792,-0.12550339,-0.15887658,-0.14481027,-0.10536861,-0.18691605,-0.14998752,-0.12551741,-0.1282205,-0.12822762,-0.1281853,8.184125,8.153914,4.6095443,-0.12551366,-0.19008024,-0.12552074,-0.2004665,-0.11139822,-0.1388583,2.1839406,2.7323692,-0.15152657,-0.1254597,-0.12803736,-0.10065024,-0.08152827,-0.09427856,-0.12549102,-0.11960925,-0.15027548,-0.16982608,7.5633574,-0.12550156,-0.1282301,4.0232434,-0.15176103,-0.12552254,2.3641698,4.5791087,-0.13525523,-0.12552078,-0.15095688,3.594679,-0.2009549,-0.12550764,-0.09015879,-0.1253352,-0.12151222,-0.121854745,-0.13997786,-0.21433522,-0.13908121,-0.16057305,-0.12547566,2.420624,-0.12512487,-0.12774181,2.1138146,-0.12535816,-0.10530335,-0.12334781,-0.14100276,-0.12549518,-0.114095174,6.0898056,-0.26654312,-0.104828864,-0.10945694,-0.1254896,-0.09238048,-0.20963459,-0.12552091,-0.12818055,-0.1049949,-0.12547588,2.0199506,2.695426,-0.12552367,0.9362626,-0.20616047,-0.10464756,-0.10460003,-0.11361031,5.910582,-0.12551899,4.35145,-0.12550367,-0.10495331,-0.12542248,-0.041086134,-0.12967405,-0.12552287,5.2392635,-0.12550946,-0.10384405,-0.12463164,-0.0784167,-0.12543368,-0.12766197,-0.12544613,-0.121451,-0.075820275,2.3066187,-0.101488546,-0.12535556,-0.12817463,-0.12378413,-0.12542304,2.254282,-0.13984437,-0.18093297,-0.12552443,-0.25777104,-0.12844054,-0.12546688,-0.13462572,-0.119081676,-0.12550606,-0.12823144,-0.12823245,-0.12823316,-0.19755594,1.6069031,3.548687,-0.19465852,3.0732422,2.775702,5.385043,-0.12551495,-0.1051231,-0.11956477,-0.125512,-0.12822911,-0.20931396,1.4256014,-0.12550634,6.674688,-0.12552325,-0.1282348,-0.12823413,-0.12823391,3.4223318,-0.12550578,-0.114121355,-0.12550783,-0.12822524,-0.12822926,-0.22984435,-0.12551934,-0.12821816,-0.08963354,-0.125456,-0.12820432,-0.12821522,-0.12821615,-0.13302092,-0.1051107,-0.14014931,-0.15141064,-0.15839578,-0.15615125,-0.14613561,-0.12551709,-0.12319561,-0.10535136,-0.12549463,-0.1282347,-0.1282344,-0.12823442,-0.12823473,-0.38518023,-0.11451449,-0.12549934,-0.15564899,-0.14443555,-0.16636807,-0.12552033,-0.12818629,5.564145,8.865087,-0.12182862,3.2060754,2.4343426,-0.12543082,-0.19987361,1.9383674,6.7951508,-0.12550664,-0.12820865,-0.12722544,-0.14610182,-0.2588673,-0.105226345,-0.12544484,-0.09132757,-0.12832497,-0.13684332,-0.16221203,-0.15659244,-0.104867816,-0.1253638,-0.1281763,-0.12820652,-0.12822732,-0.15740095,-0.19795567,1.0691147,-0.07294749,2.0783253,-0.12549976,-0.12820569,1.9500235,-0.12527639,-0.17466888,-0.13176009,-0.12550437,2.5850847,-0.10913184,-0.12540323,-0.05825615,-0.14326635,-0.17082691,-0.12546644,-0.18883844,-0.12552392,-0.31316653,-0.12551783,-0.16808087,-0.14331596,-0.12551919,-0.12823257,-0.25088155,-0.12552416,-0.22115314,-0.07562123,-0.086852394,2.624392,-0.060967896,-0.12137401,1.4863862,-0.15746465,-0.22133875,-0.12812386,-0.0969081,-0.16398169,-0.12716047,-0.11335766,1.9765619,-0.105346896,-0.17755464,-0.0994983,-0.115196005,-0.12546718,1.4409213,-0.19749595,3.3781817,1.5615368,-0.096878245,-0.12546737,-0.12811211,-0.12434345,-0.11230643,-0.063823454,-0.12542391,-0.11419349,-0.10007019,-0.24483351,-0.12552449,-0.12822735,-0.16344379,-0.1759062,-0.12524253,-0.1255154,-0.0782174,-0.19187105,-0.18185812,-0.09859173,-0.11065883,-0.12531349,-0.12803376,-0.083404,-0.1213824,-0.13072303,6.865573,8.215637,-0.12550133,-0.12823063,-0.19487974,-0.23847799,0.8814886,-0.105141684,-0.12539712,-0.12821281,-0.14520228,-0.2961179,-0.12552404,-0.19813283,-0.105286986,-0.12548426,-0.060104962,-0.15931924,-0.12552293,-0.2028091,-0.2868003,-0.11816878,-0.14795661,-0.10060286,-0.12542614,-0.13614628,-0.20725825,-0.17393659,6.151155,5.448389,4.488668,-0.12552208,-0.12823214,2.8400717,-0.22200036,-0.10539162,0.8588101,-0.12552474,-0.1915083,-0.24371436,-0.16952515,-0.12547043,-0.13369927,-0.12557748,-0.12552011,-0.18106565,-0.1255246,-0.18642783,-0.1254892,-0.30462334,-0.12545508,2.9121788,-0.13029914,-0.12551653,-0.12822446,-0.18915205,-0.105342105,-0.12551965,-0.10481856,-0.1650517,-0.12551826,-0.1282334,-0.12821513,-0.10508698,-0.12545916,-0.12821224,-0.12820658,-0.12821376,-0.12821892,4.4788165,-0.17392421,-0.12551546,-0.12822892,-0.12822261,-0.12822923,-0.2025511,-0.15354379,-0.14723541,-0.12489292,-0.11499533,-0.10471026,-0.11893196,-0.12551773,-0.12818459,-0.10531697,-0.19501048,-0.1255226,-0.18738703,-0.11705899,-0.17429145,-0.12551652,-0.06652963,-0.12536499,-0.10737923,-0.124497145,-0.15298569,4.0266547,-0.26007295
k__Bacteria|p__Proteobacteria|c__Gammaproteobacteria|o__Enterobacterales|f__Enterobacteriaceae|g__Citrobacter|s__Citrobacter_freundii,-0.1004395,-0.12316422,-0.12591355,-0.12858441,-0.12858465,5.2164335,-0.1666669,2.6595066,-0.10929718,1.6176014,-0.23728925,-0.12591732,-0.22850217,-0.3768707,-0.08556121,-0.12559448,-0.058144663,-0.12548237,-0.12853537,-0.19931981,-0.1978925,-0.10592891,-0.12588914,-0.12711628,-0.20043859,-0.11658599,-0.182019,-0.25032333,-0.1509206,-0.12589349,-0.15142563,-0.10844302,-0.18249588,-0.28454733,-0.1259072,-0.106076606,-0.12591541,1.3630419,-0.12591761,4.0635085,-0.12591766,-0.29356226,-0.1055392,-0.12580231,1.7281672,-0.12591319,2.1920798,-0.24781659,2.7398257,-0.10608148,-0.24679694,-0.18279888,-0.25087595,3.8877854,2.4559853,-0.27511892,-0.11894142,-0.12584859,-0.040142577,-0.056944285,-0.12534761,-0.11274739,-0.13743341,-0.10599153,-0.12590066,-0.12858088,-0.1285845,-0.12858498,-0.27573854,-0.12588757,-0.105993345,-0.16243835,-0.12334165,-0.14074792,-0.12589031,-0.15887658,-0.14481027,-0.10606426,-0.18691605,-0.14998752,-0.12590803,-0.12856764,-0.12857673,-0.12852731,-0.120334074,-0.13700745,-0.08858878,-0.12590326,-0.19008024,-0.12591217,-0.2004665,-0.11139822,-0.1388583,0.70470774,-0.1074974,2.9281373,-0.12583512,-0.12834945,4.935385,-0.08152827,2.5586607,-0.12587462,-0.11960925,-0.15027548,-0.16982608,6.2637634,-0.12588865,-0.12857962,-0.17738779,-0.15176103,-0.12591448,-0.25953975,6.59939,-0.13525523,-0.1259122,-0.15095688,-0.17780018,-0.2009549,-0.12589744,-0.09015879,-0.12567666,-0.12151222,-0.121854745,-0.13997786,-0.21433522,-0.13908121,-0.16057305,-0.12585515,-0.07092635,-0.12541595,-0.1279872,-0.18733518,-0.12571934,-0.10598454,-0.12334781,3.3354867,-0.12587999,1.4692334,-0.25318068,2.2603927,-0.10541209,-0.10945694,-0.12587276,-0.09238048,-0.20963459,-0.1259124,-0.12852275,-0.10561462,-0.12585652,-0.16015086,-0.1553517,-0.12591587,-0.19704957,-0.20616047,-0.10521355,-0.10460003,-0.11361031,-0.10256614,-0.1259099,-0.19495486,-0.12589158,-0.1055711,-0.12578753,-0.041086134,9.2317095,-0.12591496,1.7332627,-0.12589881,-0.10384405,-0.12479219,-0.0784167,-0.12580362,-0.12766197,-0.12581822,-0.121451,-0.075820275,-0.09192432,-0.101488546,-0.12570418,-0.12850927,-0.12378413,-0.12579744,-0.1410757,-0.13984437,4.458992,-0.12591682,2.744351,-0.12844054,-0.12584874,4.8703117,-0.119081676,-0.12589335,-0.1285813,-0.1285826,-0.12858348,4.662181,6.638506,5.307412,4.5097146,4.313218,3.2518907,5.7735944,-0.12590548,-0.10576962,-0.11956477,-0.12590107,-0.12857845,-0.20931396,-0.18224281,-0.12589534,3.392303,-0.12591532,-0.12858555,-0.12858468,-0.12858438,-0.2185038,-0.12589522,-0.114121355,-0.12589657,-0.12857407,-0.12857866,-0.22984435,-0.12591033,-0.12856661,-0.08963354,-0.12583171,-0.12854668,-0.12856135,-0.12856168,-0.13302092,-0.1051107,-0.14014931,-0.15141064,-0.15839578,-0.15615125,-0.14613561,-0.12590739,-0.12319561,-0.10604307,-0.12588035,-0.1285854,-0.12858504,-0.12858504,-0.12858543,-0.38518023,-0.11451449,-0.12588549,-0.15564899,-0.14443555,-0.16636807,-0.1259118,-0.12852806,-0.12993515,-0.047159404,-0.12140776,-0.14016809,-0.14106366,-0.12580012,-0.19987361,-0.1649412,6.783066,-0.12589437,-0.12855193,-0.12722544,-0.14610182,-0.2588673,-0.105890214,-0.1258164,4.024932,8.236118,7.260727,2.801408,3.0851352,-0.105476916,-0.12571834,-0.12851202,-0.1285498,-0.1285761,-0.15740095,-0.19795567,2.9432852,-0.07294749,2.140641,-0.12588638,-0.1285483,-0.104459345,-0.12564972,-0.17466888,-0.13176009,-0.1258911,-0.15109587,-0.10913184,-0.12576547,-0.05825615,-0.14326635,7.164196,-0.12584472,1.2734878,-0.12591623,3.6821136,-0.12590908,-0.16808087,-0.14331596,-0.12591022,-0.1285828,5.299599,-0.12591653,-0.22115314,-0.07562123,3.9657078,-0.10702289,-0.060967896,-0.12084001,-0.16796505,-0.15746465,7.846264,4.5755925,2.5649178,-0.16398169,-0.12716047,-0.11335766,2.753001,-0.10603751,-0.17755464,-0.0994983,-0.115196005,-0.12584531,-0.11662802,-0.19749595,3.1935785,2.4388828,-0.096878245,-0.12584412,-0.128431,-0.12434345,-0.11230643,-0.063823454,-0.12579042,-0.11419349,-0.10007019,-0.24483351,-0.12591688,-0.1285768,-0.16344379,1.3994939,-0.12524253,-0.12590538,-0.0782174,-0.19187105,-0.18185812,-0.09859173,-0.11065883,-0.1256501,-0.12833232,-0.083404,-0.1213824,-0.13072303,-0.13855581,6.362568,-0.12588845,-0.12858029,6.6119604,3.8113868,-0.2432746,-0.10579005,-0.12575689,-0.12855823,-0.14520228,-0.2961179,-0.12591633,-0.19813283,-0.1059646,-0.12586708,-0.060104962,-0.15931924,-0.12591499,-0.2028091,-0.2868003,1.6151928,1.7972769,-0.10060286,-0.12579498,-0.13614628,-0.20725825,-0.17393659,-0.125103,-0.15657571,-0.15690626,-0.1259139,-0.12858218,-0.16221246,-0.22200036,-0.10609329,3.7729502,-0.12591723,-0.1915083,-0.24371436,-0.16952515,-0.12585355,-0.13369927,-0.12557748,-0.12591149,-0.18106565,-0.12591703,9.022741,-0.12587549,-0.30462334,-0.12583166,-0.14691104,-0.13029914,-0.12590696,-0.12857246,-0.18915205,-0.10603097,-0.1259108,3.2146096,-0.1650517,-0.12590927,-0.12858379,-0.12856245,-0.10572375,-0.12583427,-0.12855774,-0.12855041,-0.12855962,-0.12856561,-0.16505513,-0.17392421,-0.12590574,-0.1285781,-0.12857032,-0.12857851,-0.2025511,-0.15354379,1.6139684,-0.12514824,-0.11499533,-0.10471026,-0.11893196,-0.12590846,-0.12852621,-0.10599837,4.823938,-0.12591463,-0.18738703,-0.11705899,5.4783225,-0.12590764,-0.06652963,-0.12571487,-0.10737923,-0.124497145,-0.15298569,-0.052188452,-0.26007295
k__Bacteria|p__Proteobacteria|c__Gammaproteobacteria|o__Pasteurellales|f__Pasteurellaceae|g__Haemophilus|s__Haemophilus_parainfluenzae,-0.1004395,-0.12316422,-0.121961266,-0.124547556,-0.12454776,3.1965659,1.7357637,-0.16813041,-0.10929718,-0.22895765,-0.23728925,-0.12196463,-0.22850217,-0.3768707,-0.08556121,-0.12167972,-0.058144663,-0.1215827,-0.12450364,3.1120992,-0.1978925,-0.10262108,-0.12193956,-0.12711628,-0.20043859,-0.11658599,-0.182019,2.9816227,-0.1509206,-0.12194324,2.6472154,-0.10844302,-0.18249588,6.9814224,-0.12195547,-0.10275251,-0.121962935,7.51906,-0.1219649,0.5213322,-0.12196495,-0.29356226,-0.102277264,-0.121860996,3.908444,-0.12196098,5.017316,-0.24781659,-0.1296162,-0.10275687,1.316521,0.88249457,3.0732286,-0.26027086,4.975046,-0.27511892,-0.11894142,-0.12190335,-0.040142577,-0.056944285,-0.12145433,-0.11274739,-0.13743341,-0.10267581,-0.121949635,-0.12454443,-0.12454761,-0.124548055,-0.27573854,-0.12193708,-0.10267828,-0.16243835,-0.12334165,-0.14074792,-0.121940665,-0.15887658,-0.14481027,-0.10274176,-0.18691605,-0.14998752,-0.12195636,-0.12453258,-0.1245406,-0.12449506,7.1335545,6.4729633,-0.08858878,-0.12195213,-0.19008024,-0.12196007,2.1072252,4.4608426,-0.1388583,6.2283974,5.823599,5.678042,-0.12189171,-0.12433634,-0.10065024,-0.08152827,-0.09427856,-0.12192674,4.5053926,2.281266,-0.16982608,-0.1185138,-0.121938854,-0.124543294,-0.17738779,-0.15176103,-0.121962115,3.4576676,-0.17989698,-0.13525523,-0.1219601,-0.15095688,1.8268837,5.168413,-0.121946156,-0.09015879,-0.12175189,2.0057638,-0.121854745,-0.13997786,-0.21433522,-0.13908121,-0.16057305,-0.121909484,-0.07092635,-0.12151946,-0.12400767,-0.18733518,-0.12178402,-0.10266766,-0.12334781,3.2591014,-0.12193146,-0.114095174,4.3216896,1.7759433,-0.10215345,-0.10945694,-0.12192512,-0.09238048,1.7983458,-0.12196026,-0.12448979,-0.102334805,-0.12191017,1.1596757,-0.1553517,-0.12196337,2.6769326,2.0862875,-0.10195346,-0.10460003,-0.11361031,5.732349,-0.12195808,5.8384147,-0.12194139,-0.10228215,-0.12185,-0.041086134,-0.12967405,-0.12196251,2.4284525,-0.12194767,6.5932765,-0.1209663,-0.0784167,-0.12186282,4.1026897,-0.12187655,2.8785963,-0.075820275,-0.09192432,-0.101488546,-0.121775165,-0.124480985,2.0975087,-0.121856466,-0.1410757,-0.13984437,5.3546166,-0.1219642,3.2139904,-0.12844054,-0.12190156,-0.13462572,-0.119081676,-0.121943474,-0.124544755,-0.12454592,-0.1245467,-0.19755594,-0.25103784,-0.20219928,-0.19465852,-0.24831252,-0.20506537,-0.22091979,-0.1219538,-0.10247447,-0.11956477,-0.12195025,-0.12454224,0.6068056,3.9491303,-0.12194447,-0.32474133,-0.12196287,-0.12454854,-0.12454779,-0.12454752,-0.2185038,-0.121943936,1.3714837,-0.12194587,-0.12453811,-0.12454238,-0.22984435,-0.12195845,-0.12453029,-0.08963354,-0.12188792,-0.12451419,-0.12452683,-0.1245275,-0.13302092,3.3664014,-0.14014931,-0.15141064,-0.15839578,-0.15615125,-0.14613561,-0.1219559,-0.12319561,-0.10272222,-0.12193135,-0.12454842,-0.1245481,-0.1245481,-0.12454845,-0.38518023,-0.11451449,-0.12193625,1.473736,2.7439744,-0.16636807,-0.12195969,-0.124495655,-0.12993515,-0.047159404,-0.11790015,-0.14016809,-0.14106366,-0.12186004,-0.19987361,-0.1649412,-0.17166539,-0.12194428,-0.12451896,-0.12722544,-0.14610182,-0.2588673,-0.10258728,-0.121875055,-0.09132757,-0.12832497,-0.13684332,-0.16221203,2.442747,-0.102196366,-0.12178585,-0.12448308,-0.124516845,-0.124540165,2.9181457,2.8849375,-0.15106063,-0.07294749,6.3071256,-0.12193689,-0.12451563,4.3453603,-0.121716395,-0.17466888,-0.13176009,-0.12194155,-0.15109587,-0.10913184,-0.12182882,-0.05825615,-0.14326635,-0.17082691,-0.121899694,-0.18883844,-0.121963665,-0.31316653,-0.12195706,-0.16808087,7.702761,-0.121958345,-0.12454608,-0.25088155,-0.12196392,-0.22115314,-0.07562123,-0.086852394,-0.10702289,-0.060967896,-0.117390916,-0.16796505,-0.15746465,5.678407,6.4886227,-0.0969081,-0.16398169,-0.12716047,-0.11335766,3.5637486,-0.10271762,1.9138286,-0.0994983,-0.115196005,-0.12190041,-0.11662802,3.5256248,-0.14526704,-0.12781724,-0.096878245,-0.12189992,-0.12441114,-0.12434345,1.4956849,-0.063823454,-0.12185165,-0.11419349,0.89180833,6.171297,-0.121964276,-0.12454045,-0.16344379,3.334187,-0.12524253,-0.12195407,-0.0782174,-0.19187105,-0.18185812,-0.09859173,-0.11065883,-0.12172798,-0.12432375,-0.083404,2.490597,-0.13072303,-0.13855581,4.9356833,-0.121938676,-0.124543875,-0.19487974,-0.23847799,-0.2432746,-0.10248759,-0.12182188,-0.1245241,3.3096592,5.0787935,-0.12196376,-0.19813283,-0.102651656,-0.121919625,-0.060104962,-0.15931924,-0.12196256,-0.2028091,-0.2868003,2.496832,-0.14795661,-0.10060286,-0.12185507,-0.13614628,5.656011,-0.17393659,-0.125103,-0.15657571,-0.15690626,-0.12196158,-0.12454556,-0.16221246,5.0716147,-0.10276736,-0.2814266,-0.12196457,-0.1915083,-0.24371436,-0.16952515,-0.121905476,3.123909,-0.12557748,-0.12195942,-0.18106565,-0.12196439,-0.18642783,-0.12192604,-0.30462334,-0.12188764,-0.14691104,-0.13029914,-0.121955395,-0.12453694,-0.18915205,-0.102712154,-0.12195885,-0.10481856,-0.1650517,-0.12195741,-0.124546975,-0.12452708,-0.102425575,-0.121891014,-0.124523565,-0.12451709,-0.12452524,-0.12453071,3.592705,2.1980674,-0.12195425,-0.124541946,-0.12453496,-0.12454231,-0.2025511,-0.15354379,-0.14723541,-0.12127018,-0.11499533,-0.10471026,-0.11893196,-0.12195675,-0.12449391,-0.102684096,-0.19501048,-0.12196222,3.0643866,-0.11705899,1.3885388,-0.12195565,-0.06652963,-0.121785626,-0.10737923,-0.124497145,-0.15298569,-0.052188452,-0.26007295
k__Bacteria|p__Proteobacteria|c__Gammaproteobacteria|o__Enterobacterales|f__Enterobacteriaceae|g__Klebsiella|s__Klebsiella_pneumoniae,2.1311274,1.0637658,-0.11710873,-0.11963685,-0.11963698,5.0921273,-0.1666669,-0.16813041,-0.10929718,-0.22895765,-0.23728925,-0.11711131,-0.22850217,-0.3768707,-0.08556121,-0.116897225,-0.058144663,-0.11682904,-0.1196036,-0.19931981,-0.1978925,-0.09823799,-0.117092535,-0.12711628,3.9384773,8.143154,-0.182019,-0.25032333,6.801359,-0.117095,7.3762946,7.3699617,5.6943717,0.93980205,-0.1171042,-0.098332725,-0.11711004,4.3114767,-0.11711151,-0.29867563,-0.117111534,-0.29356226,-0.09797842,-0.11703184,0.8832727,-0.11710858,-0.23188588,4.8941503,-0.1296162,-0.09833572,6.649624,6.7005796,6.7396235,-0.26027086,7.3670444,0.82393086,-0.11894142,-0.11706533,-0.040142577,-0.056944285,-0.11672172,-0.11274739,-0.13743341,-0.09827748,-0.11709981,-0.119634494,-0.11963686,-0.119637206,-0.27573854,-0.11709009,-0.09827738,4.709243,0.8834998,2.3603537,-0.117093325,-0.15887658,-0.14481027,-0.098325,3.191044,5.3269863,-0.11710511,-0.11962554,-0.119631484,-0.11959592,-0.120334074,-0.13700745,-0.08858878,-0.11710195,2.838977,-0.11710788,1.3423159,-0.11139822,-0.1388583,6.968984,-0.1074974,-0.15152657,-0.11705677,-0.11946766,-0.10065024,-0.08152827,-0.09427856,-0.11708305,-0.11960925,-0.15027548,-0.16982608,-0.1185138,-0.11709164,-0.11963363,-0.17738779,1.3898005,-0.11710939,-0.25953975,7.7142067,-0.13525523,-0.11710793,4.3659096,-0.17780018,-0.2009549,-0.11709668,-0.09015879,-0.116953135,-0.12151222,-0.121854745,3.248478,-0.21433522,-0.13908121,5.2634115,-0.11707026,8.681391,-0.11677578,-0.11921776,7.690411,-0.11696922,-0.098271936,4.659507,-0.14100276,-0.11708644,3.3109584,-0.25318068,6.4730906,-0.09789842,-0.10945694,-0.11708182,-0.09238048,-0.20963459,-0.11710803,-0.119590946,-0.098030075,-0.1170701,5.5414,7.3777366,-0.11711034,2.3084793,6.9107237,-0.09774427,-0.10460003,-0.11361031,-0.10256614,-0.11710644,-0.19495486,-0.11709376,-0.09799391,-0.11702596,-0.041086134,1.5987148,-0.11710964,-0.2300741,-0.11709847,-0.10384405,-0.116360724,-0.0784167,-0.11703473,-0.12766197,-0.1170453,-0.121451,-0.075820275,-0.09192432,-0.101488546,-0.11696963,-0.11958731,-0.12378413,-0.11702439,-0.1410757,4.4018,-0.18093297,-0.11711098,6.032166,-0.12844054,-0.11706245,2.5921812,-0.119081676,-0.11709565,-0.11963473,-0.1196356,-0.11963619,5.116742,5.431909,4.6936884,-0.19465852,2.1568372,4.1920385,-0.22091979,-0.11710295,-0.098132655,-0.11956477,-0.1171006,-0.119632795,1.8129698,-0.18224281,-0.11709556,5.6093907,-0.11711,-0.11963758,-0.11963701,-0.11963682,-0.2185038,-0.11709523,7.3861003,-0.11709689,-0.11962941,-0.119632915,5.196157,-0.117106736,-0.11962328,4.159632,-0.11705337,-0.11961213,-0.11962102,-0.11962202,-0.13302092,-0.1051107,-0.14014931,-0.15141064,-0.15839578,-0.15615125,-0.14613561,-0.11710486,-0.12319561,-0.098310456,-0.117085665,-0.11963749,-0.119637236,-0.11963725,-0.11963752,-0.38518023,-0.11451449,-0.117089875,1.5251633,-0.14443555,-0.16636807,-0.11710751,-0.1195962,4.64587,-0.047159404,-0.113965385,1.4329718,-0.14106366,-0.11703208,3.1277256,5.0702,7.6019053,-0.11709608,-0.11961584,-0.12722544,-0.14610182,-0.2588673,-0.09821622,-0.11704454,7.561585,7.9621315,6.1919403,4.609951,-0.15659244,-0.09792971,-0.116975985,-0.1195886,-0.11961392,-0.1196313,-0.15740095,-0.19795567,-0.15106063,-0.07294749,-0.2039893,-0.11709012,-0.119613364,-0.104459345,-0.11689957,8.14297,1.7005625,-0.11709428,8.040323,3.3727431,-0.11700906,-0.05825615,-0.14326635,8.782145,-0.11706205,4.9545817,-0.11711056,-0.31316653,-0.11710532,-0.16808087,-0.14331596,-0.11710658,-0.11963567,4.621898,-0.11711076,-0.22115314,-0.07562123,-0.086852394,-0.10702289,-0.060967896,-0.113584965,-0.16796505,-0.15746465,3.4390192,-0.12812386,-0.0969081,-0.16398169,-0.12716047,2.491157,4.5559664,-0.09830746,-0.17755464,-0.0994983,-0.115196005,-0.11706284,6.920623,-0.19749595,5.1972346,3.2946534,6.9469867,-0.11706343,-0.11953494,-0.12434345,-0.11230643,-0.063823454,-0.11702678,5.2896466,-0.10007019,4.162023,-0.11711104,-0.119631305,-0.16344379,-0.1759062,-0.12524253,-0.11710343,-0.0782174,-0.19187105,-0.18185812,-0.09859173,-0.11065883,-0.11693463,-0.119469166,-0.083404,-0.1213824,-0.13072303,-0.13855581,-0.19385117,-0.11709142,-0.11963408,-0.19487974,3.7235236,-0.2432746,-0.09813985,-0.11700419,-0.11961901,-0.14520228,-0.2961179,-0.117110655,-0.19813283,-0.09826111,-0.11707714,-0.060104962,-0.15931924,-0.117109716,-0.2028091,-0.2868003,-0.11816878,-0.14795661,-0.10060286,-0.11702809,-0.13614628,-0.20725825,-0.17393659,3.233235,4.458656,4.6590285,-0.117108986,-0.11963534,2.7261617,-0.22200036,-0.09834347,-0.2814266,-0.11711124,-0.1915083,4.090394,-0.16952515,-0.11706492,-0.13369927,-0.12557748,-0.117107324,-0.18106565,-0.117111124,-0.18642783,-0.11708087,3.856399,-0.11705217,3.9874659,2.034401,-0.11710434,-0.11962891,-0.18915205,-0.098303735,-0.117106974,-0.10481856,-0.1650517,-0.11710575,-0.11963639,-0.119620994,-0.09810452,-0.117056414,-0.11961846,-0.11961377,-0.11961976,-0.11962426,-0.16505513,-0.17392421,-0.11710339,-0.11963265,-0.1196273,-0.119632915,-0.2025511,-0.15354379,-0.14723541,-0.116573475,-0.11499533,-0.10471026,-0.11893196,-0.11710535,-0.11959501,-0.098283485,2.3837855,-0.117109425,-0.18738703,-0.11705899,-0.17429145,-0.117104486,-0.06652963,-0.11697802,-0.10737923,-0.124497145,-0.15298569,-0.052188452,-0.26007295
k__Bacteria|p__Proteobacteria|c__Gammaproteobacteria|o__Enterobacterales|f__Enterobacteriaceae|g__Escherichia|s__Escherichia_coli,5.84165,5.2807064,6.602954,6.744893,6.7449074,6.3693533,8.174536,6.978643,9.352575,7.828489,8.023267,6.603179,7.2957854,7.8471704,1.1480271,6.583811,5.0314674,6.5777106,6.7419667,7.8691683,4.503791,5.5395,6.6015067,-0.12711628,-0.20043859,8.88381,6.396803,4.162723,7.653159,6.601759,8.401644,7.1362977,5.7588425,6.1342316,6.602547,5.548724,6.6030655,5.6716413,6.603196,6.72516,6.603199,7.4943056,5.514823,6.5962944,-0.13691942,6.6029353,7.3275633,8.3616705,9.67997,5.549038,6.9696617,8.418224,7.6566195,8.2362795,7.769719,4.284938,6.842057,6.59908,-0.040142577,-0.056944285,6.5695524,6.372999,-0.13743341,5.5434237,6.602186,6.7446847,6.744897,6.7449265,6.9431186,6.601289,5.5435414,5.3660793,5.9699945,5.219896,6.601594,-0.15887658,4.57351,5.5479636,6.763551,8.373429,6.6026287,6.7439003,6.744433,6.741252,-0.120334074,-0.13700745,3.3089902,6.6023483,6.293905,6.602875,3.935198,-0.11139822,6.8688884,-0.13027036,6.277063,5.922252,6.5983424,6.7297125,8.930981,8.604937,7.7752423,6.6006536,8.413464,3.198515,8.838556,0.88344425,6.6014633,6.74461,4.796714,6.5908275,6.6030116,8.117964,7.081358,8.605958,6.6028776,8.791954,7.838787,7.2897,6.601912,7.0275974,6.589019,6.3371534,4.624643,8.380075,6.648923,5.7681823,-0.16057305,6.5995054,-0.07092635,6.573434,6.709382,8.325877,6.5912046,5.5426607,6.956875,7.2990246,6.600977,7.338732,-0.25318068,-0.26654312,5.505732,7.862619,6.6005526,2.5250905,8.324814,6.6028886,6.740959,5.5188985,6.5995417,7.4858365,6.690758,6.603093,6.1895976,3.2226286,5.491095,3.4693656,5.804135,6.5980024,6.602743,6.4147186,6.601588,5.5148764,6.595538,-0.041086134,7.593621,6.603037,5.355547,6.6020145,-0.10384405,6.5362177,1.6696273,6.5963655,7.5176163,6.5973225,9.126826,9.3605,7.670965,8.758153,6.5905476,6.740465,7.574602,6.595456,1.1164927,8.433055,7.4910965,6.6031494,7.770708,7.2150235,6.5987654,-0.13462572,6.2682486,6.601769,6.744706,6.744784,6.744836,7.5395837,7.3302283,8.723179,8.764115,8.870644,8.602192,8.865281,6.6024504,5.5288477,8.411491,6.6022215,6.7445397,6.824099,8.248989,6.6017933,7.3888745,6.603061,6.7449584,6.7449083,6.74489,5.807654,6.601716,-0.114121355,6.6019316,6.7442713,6.744547,7.9903502,6.6027675,6.7436447,9.238474,6.5980573,6.742672,6.743523,6.743561,9.046905,9.665754,8.558527,8.299458,7.442572,8.196459,8.129044,6.6025963,8.963924,5.5467043,6.60099,6.7449503,6.7449293,6.7449293,6.744952,5.654019,3.9126053,6.601301,6.484783,6.8857837,8.478199,6.602852,6.741435,-0.12993515,-0.047159404,6.3361664,-0.14016809,-0.14106366,6.5962763,6.3938913,7.1259317,8.882776,6.6018295,6.7429934,7.169365,7.6486654,6.7478895,5.5369573,6.5971975,-0.09132757,-0.12832497,4.5000105,3.1667697,7.49393,5.507611,6.591172,6.7405987,6.7428484,6.7444005,4.32217,6.280573,3.0963504,3.2191956,6.9225745,6.601343,6.7427597,7.7252235,6.583625,8.7534895,3.2378361,6.6016445,8.54266,-0.10913184,6.594017,9.671988,8.55401,7.666257,6.5988846,-0.18883844,6.603114,5.424387,6.6026773,7.063394,-0.14331596,6.6027603,6.744796,9.07872,6.6031313,6.7031183,7.686013,5.45291,5.059435,-0.060967896,6.302499,8.833529,5.7725396,5.5538807,9.537024,9.344742,9.087946,6.2566156,4.2349052,8.520157,5.546321,6.503903,4.0421467,5.384053,6.598922,6.6429076,6.7880836,6.4189034,7.3278093,8.138064,6.598857,6.7358036,4.222276,6.031624,2.9620006,6.595627,6.2938604,6.793035,4.707338,6.603154,6.7444057,6.671578,6.6845584,6.6562696,6.6024776,-0.0782174,4.889476,-0.18185812,9.010992,8.9649,6.587453,6.7300243,7.0666885,8.055287,7.420936,1.2403319,-0.19385117,6.6014633,6.744648,4.83044,7.2957716,7.789342,5.530397,6.593684,6.74334,-0.14520228,5.674823,6.603121,7.1586814,5.541612,6.600184,-0.060104962,-0.15931924,6.6030407,3.8285751,7.809755,6.2105885,6.2000246,6.3956175,6.5959167,4.1875525,6.3281918,4.540148,-0.125103,4.9297967,4.4156117,6.6029754,6.7447596,3.107078,-0.22200036,5.5497465,7.1778436,6.6031737,-0.1915083,7.5377874,7.480575,6.599045,8.002736,8.028306,6.6028323,8.517608,6.603162,4.359092,6.600547,4.996475,6.5981092,7.5990615,4.690998,6.6025667,6.7441883,-0.18915205,5.5459256,6.602793,5.4815803,8.154388,6.6027017,6.744855,6.7434845,5.5260215,6.598287,6.743308,6.742869,6.743415,6.7437606,5.929994,4.65522,6.602492,6.744521,6.7440605,6.744544,7.446057,7.5436673,8.880734,6.5575457,5.733791,5.668755,6.396228,6.6026554,6.7412214,5.544012,7.46186,6.603018,7.2880025,6.6074595,6.3631544,6.602537,3.4224498,6.5911818,4.7359896,4.396963,3.7999606,-0.052188452,4.8532653
k__Bacteria|p__Actinobacteria|c__Actinomycetia|o__Bifidobacteriales|f__Bifidobacteriaceae|g__Scardovia|s__Scardovia_wiggsiae,-0.1004395,-0.12316422,-0.1545018,-0.15778553,-0.15778574,-0.23867357,-0.1666669,-0.16813041,-0.10929718,-0.22895765,-0.23728925,-0.15450531,-0.22850217,-0.3768707,-0.08556121,-0.1541991,-0.058144663,-0.15411294,-0.15774009,-0.19931981,-0.1978925,-0.12996274,-0.15447958,-0.12711628,-0.20043859,-0.11658599,-0.182019,-0.25032333,-0.1509206,-0.15448321,-0.15142563,-0.10844302,-0.18249588,-0.28454733,-0.1544955,-0.1301127,-0.15450355,-0.22338755,-0.15450557,-0.29867563,-0.15450561,-0.29356226,-0.1295403,-0.15439722,-0.13691942,-0.15450159,-0.23188588,-0.24781659,-0.1296162,-0.13011721,-0.24679694,-0.18279888,-0.25087595,-0.26027086,-0.28621647,-0.27511892,-0.11894142,-0.15444171,-0.040142577,-0.056944285,-0.15397635,-0.11274739,-0.13743341,-0.13002497,-0.15448967,-0.15778232,-0.15778556,-0.15778604,-0.27573854,-0.15447617,-0.13002774,-0.16243835,-0.12334165,-0.14074792,-0.15448073,-0.15887658,-0.14481027,-0.13010037,-0.18691605,-0.14998752,-0.15449679,-0.15777007,-0.15777826,-0.15772991,-0.120334074,-0.13700745,-0.08858878,-0.15449245,-0.19008024,-0.15450063,-0.2004665,-0.11139822,-0.1388583,-0.13027036,-0.1074974,-0.15152657,-0.15443034,-0.1575468,-0.10065024,-0.08152827,-0.09427856,-0.15446645,-0.11960925,-0.15027548,-0.16982608,-0.1185138,-0.15447864,-0.15778115,-0.17738779,-0.15176103,-0.15450269,-0.25953975,-0.17989698,-0.13525523,-0.15450065,-0.15095688,-0.17780018,-0.2009549,-0.15448543,-0.09015879,-0.15428649,-0.12151222,-0.121854745,-0.13997786,-0.21433522,-0.13908121,-0.16057305,-0.1544487,-0.07092635,-0.1540408,-0.15721947,-0.18733518,-0.15431418,-0.1300062,-0.12334781,-0.14100276,-0.15447125,-0.114095174,-0.25318068,-0.26654312,-0.12936659,-0.10945694,-0.15446481,-0.09238048,-0.20963459,-0.15450083,-0.15772581,-0.12959567,-0.1544488,-0.16015086,-0.1553517,-0.15450399,-0.19704957,-0.20616047,-0.12910812,-0.10460003,-0.11361031,-0.10256614,-0.15449864,-0.19495486,-0.15448135,-0.12951663,-0.15438734,-0.041086134,-0.12967405,-0.15450305,-0.2300741,-0.15448819,-0.10384405,-0.15345968,-0.0784167,-0.1543999,-0.12766197,-0.15441445,-0.121451,-0.075820275,-0.09192432,-0.101488546,-0.15430863,-0.1577172,-0.12378413,-0.15438408,-0.1410757,-0.13984437,-0.18093297,-0.15450485,-0.25777104,-0.12844054,-0.15443897,-0.13462572,-0.119081676,-0.1544837,-0.15778264,-0.15778384,-0.15778464,-0.19755594,-0.25103784,-0.20219928,-0.19465852,-0.24831252,-0.20506537,-0.22091979,-0.1544941,-0.12976605,-0.11956477,-0.15449062,-0.15778002,-0.20931396,-0.18224281,-0.15448388,-0.32474133,-0.1545035,-0.15778655,-0.15778577,-0.1577855,-0.2185038,-0.15448341,-0.114121355,-0.15448578,-0.15777555,-0.1577802,-0.22984435,-0.154499,-0.15776679,-0.08963354,-0.15442565,-0.1577515,-0.15776402,-0.15776509,-0.13302092,-0.1051107,-0.14014931,-0.15141064,-0.15839578,-0.15615125,-0.14613561,-0.15449643,-0.12319561,-0.13008046,-0.15447061,-0.15778643,-0.15778609,-0.15778609,-0.15778646,-0.38518023,-0.11451449,-0.15447608,-0.15564899,-0.14443555,-0.16636807,-0.15450016,-0.1577315,-0.12993515,-0.047159404,-0.1502606,-0.14016809,-0.14106366,-0.15439741,-0.19987361,-0.1649412,-0.17166539,-0.15448444,-0.1577565,-0.12722544,-0.14610182,-0.2588673,-0.1299126,-0.1544125,-0.09132757,-0.12832497,-0.13684332,-0.16221203,-0.15659244,-0.12938762,-0.15431806,-0.15771902,-0.15775403,-0.15777795,-0.15740095,-0.19795567,-0.15106063,-0.07294749,-0.2039893,-0.15447646,-0.15775299,-0.104459345,-0.15418243,-0.17466888,-0.13176009,-0.15448186,-0.15109587,-0.10913184,-0.15436196,-0.05825615,-0.14326635,-0.17082691,-0.15443815,-0.18883844,-0.15450427,-0.31316653,-0.15449733,-0.16808087,-0.14331596,-0.15449885,-0.15778399,-0.25088155,-0.15450454,-0.22115314,-0.07562123,-0.086852394,-0.10702289,-0.060967896,-0.14973709,-0.16796505,-0.15746465,-0.22133875,-0.12812386,-0.0969081,-0.16398169,-0.12716047,-0.11335766,-0.18846886,-0.13007407,-0.17755464,-0.0994983,-0.115196005,-0.15443899,-0.11662802,-0.19749595,-0.14526704,-0.12781724,4.354611,-0.15443893,-0.15764461,-0.12434345,-0.11230643,-0.063823454,-0.15438811,-0.11419349,-0.10007019,-0.24483351,-0.15450493,-0.15777835,-0.16344379,-0.1759062,-0.12524253,-0.1544945,-0.0782174,-0.19187105,-0.18185812,-0.09859173,-0.11065883,-0.15426165,-0.15755458,-0.083404,-0.1213824,-0.13072303,-0.13855581,-0.19385117,-0.15447831,-0.15778176,-0.19487974,-0.23847799,-0.2432746,-0.1298139,-0.1543576,-0.15776128,-0.14520228,-0.2961179,-0.15450439,-0.19813283,-0.12999533,-0.15445837,-0.060104962,-0.15931924,-0.15450314,-0.2028091,-0.2868003,-0.11816878,-0.14795661,-0.10060286,-0.15439159,-0.13614628,-0.20725825,-0.17393659,-0.125103,-0.15657571,-0.15690626,-0.15450212,-0.1577835,-0.16221246,-0.22200036,-0.13012838,-0.2814266,-0.15450521,-0.1915083,-0.24371436,-0.16952515,-0.15444306,-0.13369927,-0.12557748,-0.1544999,-0.18106565,-0.15450504,-0.18642783,-0.15446451,-0.30462334,-0.15442519,-0.14691104,-0.13029914,-0.15449578,-0.15777469,-0.18915205,-0.13006912,-0.15449938,-0.10481856,-0.1650517,-0.15449776,-0.15778492,-0.15776472,-0.12973982,-0.15442958,-0.15776056,-0.15775399,-0.15776232,-0.15776816,-0.16505513,-0.17392421,-0.15449452,-0.15777978,-0.15777253,-0.15778017,-0.2025511,-0.15354379,-0.14723541,-0.15377921,-0.11499533,-0.10471026,-0.11893196,-0.15449715,-0.1577299,-0.1300381,-0.19501048,-0.15450275,-0.18738703,-0.11705899,-0.17429145,-0.15449634,-0.06652963,-0.15431929,-0.10737923,-0.124497145,-0.15298569,-0.052188452,-0.26007295
k__Bacteria|p__Actinobacteria|c__Actinomycetia|o__Corynebacteriales|f__Corynebacteriaceae|g__Corynebacterium|s__Corynebacterium_callunae,-0.1004395,-0.12316422,-0.15401638,-0.15736061,-0.15736043,-0.23867357,-0.1666669,-0.16813041,-0.10929718,-0.22895765,-0.23728925,-0.15401372,-0.22850217,-0.3768707,-0.08556121,-0.15422526,-0.058144663,-0.15433347,-0.1573953,-0.19931981,-0.1978925,-0.12927696,-0.15403414,-0.12711628,-0.20043859,-0.11658599,-0.182019,-0.25032333,-0.1509206,-0.15403037,-0.15142563,-0.10844302,-0.18249588,-0.28454733,-0.1540204,-0.12917663,-0.15401511,-0.22338755,-0.15401351,-0.29867563,-0.15401345,-0.29356226,-0.12952742,-0.15409248,-0.13691942,-0.15401678,-0.23188588,-0.24781659,-0.1296162,-0.12917264,-0.24679694,-0.18279888,-0.25087595,-0.26027086,-0.28621647,-0.27511892,-0.11894142,-0.15406322,-0.040142577,-0.056944285,-0.1544121,-0.11274739,-0.13743341,-0.12923074,-0.1540252,-0.1573632,-0.15736052,-0.1573602,-0.27573854,-0.1540324,-0.12923253,-0.16243835,-0.12334165,-0.14074792,-0.1540333,-0.15887658,-0.14481027,-0.12918526,-0.18691605,-0.14998752,-0.15402046,-0.15737271,-0.15736589,-0.1573934,-0.120334074,-0.13700745,-0.08858878,-0.15402393,-0.19008024,-0.15401748,-0.2004665,-0.11139822,-0.1388583,-0.13027036,-0.1074974,-0.15152657,-0.15407345,-0.15747142,-0.10065024,-0.08152827,-0.09427856,-0.15404487,-0.11960925,-0.15027548,-0.16982608,-0.1185138,-0.15403375,-0.15736407,-0.17738779,-0.15176103,-0.15401572,-0.25953975,-0.17989698,-0.13525523,-0.15401748,-0.15095688,-0.17780018,-0.2009549,-0.15402542,-0.09015879,-0.1541901,-0.12151222,-0.121854745,-0.13997786,-0.21433522,-0.13908121,-0.16057305,-0.15405911,-0.07092635,-0.15436435,-0.15776123,-0.18733518,-0.15413831,-0.12922934,-0.12334781,-0.14100276,-0.15404075,-0.114095174,-0.25318068,-0.26654312,-0.12955621,-0.10945694,-0.15404633,-0.09238048,-0.20963459,-0.15401733,-0.15739867,-0.12944701,-0.15405603,-0.16015086,-0.1553517,-0.15401477,-0.19704957,-0.20616047,-0.12970161,-0.10460003,-0.11361031,-0.10256614,-0.15401924,-0.19495486,-0.15403101,-0.12945087,-0.15410726,-0.041086134,-0.12967405,-0.1540153,-0.2300741,-0.1540263,-0.10384405,-0.15477611,-0.0784167,-0.15409383,-0.12766197,-0.15408507,-0.121451,-0.075820275,-0.09192432,-0.101488546,-0.15416656,-0.15741551,-0.12378413,-0.15407658,-0.1410757,-0.13984437,-0.18093297,-0.15401408,-0.25777104,-0.12844054,-0.15405907,-0.13462572,-0.119081676,-0.15403152,-0.15736285,-0.15736192,-0.1573613,-0.19755594,-0.25103784,-0.20219928,-0.19465852,-0.24831252,-0.20506537,-0.22091979,-0.15402165,-0.12934713,-0.11956477,-0.1540257,-0.15736485,-0.20931396,-0.18224281,-0.15402803,-0.32474133,-0.15401521,-0.15735981,-0.15736043,-0.15736067,-0.2185038,-0.1540283,-0.114121355,-0.15402803,-0.15736733,-0.15736473,-0.22984435,-0.15401894,-0.15737218,-0.08963354,-0.15407434,-0.15738878,-0.15737675,-0.1573776,-0.13302092,-0.1051107,-0.14014931,-0.15141064,-0.15839578,-0.15615125,-0.14613561,-0.1540212,-0.12319561,-0.12919949,-0.15403907,-0.1573599,-0.15736014,-0.15736017,-0.15735987,-0.38518023,-0.11451449,-0.1540365,-0.15564899,-0.14443555,-0.16636807,-0.15401754,-0.15739715,-0.12993515,-0.047159404,-0.15705368,-0.14016809,-0.14106366,-0.15409714,-0.19987361,-0.1649412,-0.17166539,-0.15403047,-0.1573852,-0.12722544,-0.14610182,-0.2588673,-0.12928797,-0.15408647,-0.09132757,-0.12832497,-0.13684332,-0.16221203,-0.15659244,-0.12949842,-0.15415248,-0.15741307,-0.15738592,-0.15736666,-0.15740095,-0.19795567,-0.15106063,-0.07294749,-0.2039893,-0.15403536,-0.15738769,-0.104459345,-0.15413724,-0.17466888,-0.13176009,-0.15403344,-0.15109587,-0.10913184,-0.15411872,-0.05825615,-0.14326635,-0.17082691,-0.15406522,-0.18883844,-0.15401445,-0.31316653,-0.15401897,-0.16808087,-0.14331596,-0.15401886,-0.15736167,-0.25088155,-0.15401424,-0.22115314,-0.07562123,-0.086852394,-0.10702289,-0.060967896,-0.15748248,-0.16796505,-0.15746465,-0.22133875,-0.12812386,-0.0969081,-0.16398169,-0.12716047,-0.11335766,-0.18846886,-0.12920281,-0.17755464,-0.0994983,-0.115196005,-0.15406507,-0.11662802,-0.19749595,-0.14526704,-0.12781724,-0.096878245,-0.15406796,-0.15747118,-0.12434345,-0.11230643,-0.063823454,-0.15410393,-0.11419349,-0.10007019,-0.24483351,-0.15401402,-0.15736546,-0.16344379,-0.1759062,-0.12524253,-0.15402251,-0.0782174,-0.19187105,-0.18185812,-0.09859173,-0.11065883,-0.15420762,-0.15754175,-0.083404,-0.1213824,-0.13072303,-0.13855581,-0.19385117,-0.15403375,-0.15736362,-0.19487974,-0.23847799,-0.2432746,-0.12936303,-0.1541287,-0.15737905,-0.14520228,-0.2961179,-0.15401444,-0.19813283,-0.12924832,-0.15404883,-0.060104962,-0.15931924,-0.15401532,-0.2028091,-0.2868003,-0.11816878,-0.14795661,-0.10060286,-0.15409943,-0.13614628,-0.20725825,-0.17393659,-0.125103,-0.15657571,-0.15690626,-0.15401614,-0.15736227,-0.16221246,-0.22200036,-0.12916413,-0.2814266,-0.15401375,-0.1915083,-0.24371436,-0.16952515,-0.15405306,-0.13369927,-0.12557748,-0.15401784,-0.18106565,-0.15401393,-0.18642783,-0.15404019,-0.30462334,-0.15407285,-0.14691104,-0.13029914,-0.15402114,-0.15736938,-0.18915205,-0.12920927,-0.15401846,-0.10481856,-0.1650517,-0.15401924,-0.15736106,-0.15737419,-0.12938358,-0.15407413,-0.15737896,-0.15738474,-0.15737785,-0.15737419,-0.16505513,-0.17392421,-0.15402181,-0.15736523,-0.15737067,-0.15736496,-0.2025511,-0.15354379,-0.14723541,-0.15453437,-0.11499533,-0.10471026,-0.11893196,-0.15402006,-0.15739696,-0.12923206,-0.19501048,-0.15401554,-0.18738703,-0.11705899,-0.17429145,-0.15402004,-0.06652963,-0.15415812,-0.10737923,-0.124497145,-0.15298569,-0.052188452,-0.26007295
k__Bacteria|p__Actinobacteria|c__Actinomycetia|o__Actinomycetales|f__Actinomycetaceae|g__Actinomyces|s__Actinomyces_naeslundii,-0.1004395,-0.12316422,-0.15520108,-0.15850593,-0.1585062,-0.23867357,-0.1666669,-0.16813041,-0.10929718,-0.22895765,-0.23728925,-0.15520586,-0.22850217,-0.3768707,-0.08556121,-0.15480274,-0.058144663,-0.15467805,-0.1584441,-0.19931981,-0.1978925,-0.13047135,-0.15517087,-0.12711628,-0.20043859,-0.11658599,-0.182019,-0.25032333,-0.1509206,-0.1551756,-0.15142563,-0.10844302,-0.18249588,-0.28454733,-0.15519258,-0.13065657,-0.15520349,-0.22338755,-0.15520623,-0.29867563,-0.1552063,-0.29356226,-0.1299669,-0.15505832,-0.13691942,-0.1552008,-0.23188588,-0.24781659,-0.1296162,-0.1306624,-0.24679694,-0.18279888,-0.25087595,-0.26027086,-0.28621647,-0.27511892,-0.11894142,-0.15512007,-0.040142577,-0.056944285,-0.15448363,-0.11274739,-0.13743341,-0.13054778,-0.1551845,-0.15850157,-0.15850598,-0.15850662,-0.27573854,-0.15516606,-0.1305503,-0.16243835,-0.12334165,-0.14074792,-0.15517241,-0.15887658,-0.14481027,-0.13064149,-0.18691605,-0.14998752,-0.15519431,-0.15848494,-0.15849602,-0.1584293,-0.120334074,-0.13700745,-0.08858878,-0.15518841,-0.19008024,-0.15519948,-0.2004665,-0.11139822,-0.1388583,-0.13027036,-0.1074974,-0.15152657,-0.15510419,-0.15819043,-0.10065024,-0.08152827,-0.09427856,-0.15515313,-0.11960925,-0.15027548,-0.16982608,-0.1185138,-0.1551694,-0.15849996,-0.17738779,-0.15176103,-0.1552023,-0.25953975,-0.17989698,-0.13525523,-0.15519956,-0.15095688,-0.17780018,-0.2009549,-0.15517864,-0.09015879,-0.15491042,-0.12151222,-0.121854745,-0.13997786,-0.21433522,-0.13908121,-0.16057305,-0.15512915,-0.07092635,-0.15458012,-0.15773147,-0.18733518,-0.15494314,-0.13053298,-0.12334781,-0.14100276,-0.15515953,-0.114095174,-0.25318068,-0.26654312,-0.12978362,-0.10945694,-0.15515086,-0.09238048,-0.20963459,-0.15519977,-0.15842117,-0.13004613,-0.1551291,-0.16015086,-0.1553517,-0.15520406,-0.19704957,-0.20616047,-0.12948458,-0.10460003,-0.11361031,-0.10256614,-0.15519679,-0.19495486,-0.15517291,-0.12996131,-0.15504634,-0.041086134,-0.12967405,-0.15520278,-0.2300741,-0.15518174,-0.10384405,-0.15380195,-0.0784167,-0.15506296,-0.12766197,-0.15508273,-0.121451,-0.075820275,-0.09192432,-0.101488546,-0.154941,-0.15841341,-0.12378413,-0.15504588,-0.1410757,-0.13984437,-0.18093297,-0.15520525,-0.25777104,-0.12844054,-0.15511496,-0.13462572,-0.119081676,-0.15517658,-0.15850201,-0.15850362,-0.15850472,-0.19755594,-0.25103784,-0.20219928,-0.19465852,-0.24831252,-0.20506537,-0.22091979,-0.15519036,-0.1302476,-0.11956477,-0.15518588,-0.1584984,-0.20931396,-0.18224281,-0.15517665,-0.32474133,-0.1552034,-0.15850732,-0.15850624,-0.15850589,-0.2185038,-0.15517597,-0.114121355,-0.15517917,-0.15849225,-0.15849864,-0.22984435,-0.15519732,-0.15848073,-0.08963354,-0.15509796,-0.15845981,-0.15847659,-0.15847825,-0.13302092,-0.1051107,-0.14014931,-0.15141064,-0.15839578,-0.15615125,-0.14613561,-0.15519384,-0.12319561,-0.13061386,-0.15515842,-0.15850714,-0.15850668,-0.15850668,-0.15850717,-0.38518023,-0.11451449,-0.15516603,-0.15564899,-0.14443555,-0.16636807,-0.15519883,-0.15843078,-0.12993515,-0.047159404,-0.14939274,-0.14016809,-0.14106366,-0.15505874,-0.19987361,-0.1649412,-0.17166539,-0.1551775,-0.15846664,-0.12722544,-0.14610182,-0.2588673,-0.13042071,-0.15508097,-0.09132757,-0.12832497,-0.13684332,-0.16221203,-0.15659244,-0.12982965,-0.15495342,-0.15841591,-0.15846318,-0.15849563,-0.15740095,-0.19795567,-0.15106063,-0.07294749,-0.2039893,-0.15516655,-0.15846196,-0.104459345,-0.15482047,-0.17466888,-0.13176009,-0.15517405,-0.15109587,-0.10913184,-0.15501422,-0.05825615,-0.14326635,-0.17082691,-0.15511437,-0.18883844,-0.15520446,-0.31316653,-0.15519483,-0.16808087,-0.14331596,-0.15519707,-0.15850379,-0.25088155,-0.15520483,-0.22115314,-0.07562123,-0.086852394,-0.10702289,-0.060967896,-0.14868303,-0.16796505,-0.15746465,-0.22133875,-0.12812386,-0.0969081,-0.16398169,-0.12716047,-0.11335766,-0.18846886,-0.13060737,-0.17755464,-0.0994983,-0.115196005,-0.15511568,-0.11662802,-0.19749595,-0.14526704,-0.12781724,-0.096878245,-0.15511632,-0.15831548,-0.12434345,-0.11230643,-0.063823454,-0.15504783,-0.11419349,-0.10007019,-0.24483351,-0.15520534,-0.15849566,-0.16344379,-0.1759062,-0.12524253,-0.15519115,-0.0782174,-0.19187105,-0.18185812,-0.09859173,-0.11065883,-0.15487617,-0.1581932,-0.083404,-0.1213824,-0.13072303,-0.13855581,-0.19385117,-0.155169,-0.15850078,-0.19487974,-0.23847799,-0.2432746,-0.1302787,-0.15500599,-0.15847284,-0.14520228,-0.2961179,-0.15520464,-0.19813283,-0.13051383,-0.15514226,-0.060104962,-0.15931924,-0.1552029,-0.2028091,-0.2868003,-0.11816878,-0.14795661,-0.10060286,-0.15505111,-0.13614628,-0.20725825,-0.17393659,-0.125103,-0.15657571,-0.15690626,-0.15520155,-0.15850314,-0.16221246,-0.22200036,-0.13067706,-0.2814266,-0.15520573,-0.1915083,-0.24371436,-0.16952515,-0.15511951,-0.13369927,-0.12557748,-0.15519848,-0.18106565,-0.15520552,-0.18642783,-0.15514949,-0.30462334,-0.15509638,-0.14691104,-0.13029914,-0.1551929,-0.15849116,-0.18915205,-0.13060066,-0.1551978,-0.10481856,-0.1650517,-0.15519556,-0.1585051,-0.15847628,-0.13019224,-0.15510339,-0.15847184,-0.15846303,-0.15847427,-0.1584824,-0.16505513,-0.17392421,-0.15519118,-0.15849811,-0.15848821,-0.15849862,-0.2025511,-0.15354379,-0.14723541,-0.15421191,-0.11499533,-0.10471026,-0.11893196,-0.15519479,-0.15842816,-0.13056171,-0.19501048,-0.15520237,-0.18738703,-0.11705899,-0.17429145,-0.15519302,-0.06652963,-0.15495634,-0.10737923,-0.124497145,-0.15298569,-0.052188452,-0.26007295
k__Bacteria|p__Actinobacteria|c__Actinomycetia|o__Actinomycetales|f__Actinomycetaceae|g__Winkia|s__Winkia_neuii,-0.1004395,-0.12316422,-0.15487488,-0.15824121,-0.15824151,-0.23867357,-0.1666669,-0.16813041,-0.10929718,-0.22895765,-0.23728925,-0.15487966,-0.22850217,-0.3768707,-0.08556121,-0.15447679,-0.058144663,-0.15434535,-0.15817949,-0.19931981,-0.1978925,-0.12968983,-0.15484452,-0.12711628,-0.20043859,-0.11658599,-0.182019,-0.25032333,-0.1509206,-0.15484954,-0.15142563,-0.10844302,-0.18249588,-0.28454733,-0.15486656,-0.1298733,-0.15487725,-0.22338755,-0.15488,-0.29867563,-0.15488008,-0.29356226,-0.12919618,-0.15473358,-0.13691942,-0.15487452,-0.23188588,-0.24781659,-0.1296162,-0.12987924,-0.24679694,-0.18279888,-0.25087595,-0.26027086,-0.28621647,-0.27511892,-0.11894142,-0.15479365,-0.040142577,-0.056944285,-0.15416194,-0.11274739,-0.13743341,-0.1297677,-0.15485853,-0.15823683,-0.15824127,-0.1582419,-0.27573854,-0.15484121,-0.12976831,-0.16243835,-0.12334165,-0.14074792,-0.15484607,-0.15887658,-0.14481027,-0.12985803,-0.18691605,-0.14998752,-0.15486807,-0.15822022,-0.1582314,-0.15816711,-0.120334074,-0.13700745,-0.08858878,-0.15486214,-0.19008024,-0.15487322,-0.2004665,-0.11139822,-0.1388583,-0.13027036,-0.1074974,-0.15152657,-0.15477762,-0.1579411,-0.10065024,-0.08152827,-0.09427856,-0.15482664,-0.11960925,-0.15027548,-0.16982608,-0.1185138,-0.15484336,-0.15823525,-0.17738779,-0.15176103,-0.15487608,-0.25953975,-0.17989698,-0.13525523,-0.1548733,-0.15095688,-0.17780018,-0.2009549,-0.1548534,-0.09015879,-0.15458202,-0.12151222,-0.121854745,-0.13997786,-0.21433522,-0.13908121,-0.16057305,-0.15480256,-0.07092635,-0.15425341,-0.1574786,-0.18733518,-0.15462369,-0.129757,-0.12334781,-0.14100276,-0.1548332,-0.114095174,-0.25318068,-0.26654312,-0.12903681,-0.10945694,-0.15482438,-0.09238048,-0.20963459,-0.1548735,-0.15815946,-0.12929311,-0.15480313,-0.16015086,-0.1553517,-0.15487784,-0.19704957,-0.20616047,-0.12874359,-0.10460003,-0.11361031,-0.10256614,-0.15487047,-0.19495486,-0.15484706,-0.1292266,-0.15471908,-0.041086134,-0.12967405,-0.1548766,-0.2300741,-0.1548559,-0.10384405,-0.15347847,-0.0784167,-0.15473695,-0.12766197,-0.15475631,-0.121451,-0.075820275,-0.09192432,-0.101488546,-0.15461452,-0.15814815,-0.12378413,-0.15472311,-0.1410757,-0.13984437,-0.18093297,-0.15487903,-0.25777104,-0.12844054,-0.15479061,-0.13462572,-0.119081676,-0.15485011,-0.1582373,-0.15823892,-0.15824002,-0.19755594,-0.25103784,-0.20219928,-0.19465852,-0.24831252,-0.20506537,-0.22091979,-0.1548644,-0.1294912,-0.11956477,-0.15485951,-0.15823373,-0.20931396,-0.18224281,-0.15485105,-0.32474133,-0.15487716,-0.15824261,-0.15824154,-0.15824118,-0.2185038,-0.15485024,-0.114121355,-0.1548532,-0.15822783,-0.15823394,-0.22984435,-0.15487103,-0.15821669,-0.08963354,-0.15477192,-0.15819463,-0.15821208,-0.15821323,-0.13302092,-0.1051107,-0.14014931,-0.15141064,-0.15839578,-0.15615125,-0.14613561,-0.15486744,-0.12319561,-0.12983158,-0.15483272,-0.15824242,-0.15824199,-0.15824196,-0.15824246,-0.38518023,-0.11451449,-0.15483984,-0.15564899,-0.14443555,-0.16636807,-0.15487266,-0.15816796,-0.12993515,-0.047159404,-0.14914274,-0.14016809,-0.14106366,-0.15473284,-0.19987361,-0.1649412,-0.17166539,-0.15485115,-0.1582014,-0.12722544,-0.14610182,-0.2588673,-0.12964444,-0.15475427,-0.09132757,-0.12832497,-0.13684332,-0.16221203,-0.15659244,-0.12909266,-0.15462816,-0.15815094,-0.15819825,-0.15823086,-0.15740095,-0.19795567,-0.15106063,-0.07294749,-0.2039893,-0.15484059,-0.15819675,-0.104459345,-0.154511,-0.17466888,-0.13176009,-0.15484744,-0.15109587,-0.10913184,-0.1546886,-0.05825615,-0.14326635,-0.17082691,-0.15478845,-0.18883844,-0.15487826,-0.31316653,-0.1548689,-0.16808087,-0.14331596,-0.15487081,-0.15823913,-0.25088155,-0.15487862,-0.22115314,-0.07562123,-0.086852394,-0.10702289,-0.060967896,-0.14843288,-0.16796505,-0.15746465,-0.22133875,-0.12812386,-0.0969081,-0.16398169,-0.12716047,-0.11335766,-0.18846886,-0.12982509,-0.17755464,-0.0994983,-0.115196005,-0.15478955,-0.11662802,-0.19749595,-0.14526704,-0.12781724,-0.096878245,-0.1547892,-0.15805036,-0.12434345,-0.11230643,-0.063823454,-0.15472147,-0.11419349,-0.10007019,-0.24483351,-0.15487912,-0.15823117,-0.16344379,-0.1759062,-0.12524253,-0.15486485,-0.0782174,-0.19187105,-0.18185812,-0.09859173,-0.11065883,-0.15454838,-0.15792768,-0.083404,-0.1213824,-0.13072303,-0.13855581,-0.19385117,-0.15484309,-0.15823606,-0.19487974,-0.23847799,-0.2432746,-0.12950936,-0.1546796,-0.15820825,-0.14520228,-0.2961179,-0.15487841,-0.19813283,-0.12973385,-0.15481633,-0.060104962,-0.15931924,-0.1548767,-0.2028091,-0.2868003,-0.11816878,-0.14795661,-0.10060286,-0.15472572,-0.13614628,-0.20725825,-0.17393659,-0.125103,-0.15657571,-0.15690626,-0.15487534,-0.15823841,-0.16221246,-0.22200036,-0.12989394,-0.2814266,-0.15487953,-0.1915083,-0.24371436,-0.16952515,-0.15479586,-0.13369927,-0.12557748,-0.1548723,-0.18106565,-0.15487927,-0.18642783,-0.15482482,-0.30462334,-0.1547712,-0.14691104,-0.13029914,-0.15486668,-0.15822637,-0.18915205,-0.12981713,-0.15487154,-0.10481856,-0.1650517,-0.15486944,-0.15824041,-0.15821248,-0.12943846,-0.15477668,-0.15820745,-0.15819845,-0.15820977,-0.15821764,-0.16505513,-0.17392421,-0.15486503,-0.15823337,-0.15822352,-0.15823385,-0.2025511,-0.15354379,-0.14723541,-0.1538996,-0.11499533,-0.10471026,-0.11893196,-0.15486856,-0.15816556,-0.12977803,-0.19501048,-0.1548762,-0.18738703,-0.11705899,-0.17429145,-0.15486696,-0.06652963,-0.15462863,-0.10737923,-0.124497145,-0.15298569,-0.052188452,-0.26007295
k__Bacteria|p__Actinobacteria|c__Actinomycetia|o__Bifidobacteriales|f__Bifidobacteriaceae|g__Bifidobacterium|s__Bifidobacterium_SGB4589,-0.1004395,-0.12316422,-0.1547676,-0.15813088,-0.1581312,-0.23867357,-0.1666669,-0.16813041,-0.10929718,-0.22895765,-0.23728925,-0.15477306,-0.22850217,-0.3768707,-0.08556121,-0.15431258,-0.058144663,-0.15416032,-0.1580604,-0.19931981,-0.1978925,-0.12957488,-0.15473285,-0.12711628,-0.20043859,-0.11658599,-0.182019,-0.25032333,-0.1509206,-0.15473866,-0.15142563,-0.10844302,-0.18249588,-0.28454733,-0.1547581,-0.12978907,-0.15477031,-0.22338755,-0.15477346,-0.29867563,-0.15477353,-0.29356226,-0.12901396,-0.15460633,-0.13691942,-0.15476719,-0.23188588,-0.24781659,-0.1296162,-0.12979585,-0.24679694,-0.18279888,-0.25087595,-0.26027086,-0.28621647,-0.27511892,-0.11894142,-0.15467466,-0.040142577,-0.056944285,-0.1539528,-0.11274739,-0.13743341,-0.12966521,-0.15474892,-0.15812585,-0.15813094,-0.15813166,-0.27573854,-0.15472883,-0.12966786,-0.16243835,-0.12334165,-0.14074792,-0.15473461,-0.15887658,-0.14481027,-0.12977132,-0.18691605,-0.14998752,-0.15475978,-0.15810683,-0.15811968,-0.158046,-0.120334074,-0.13700745,-0.08858878,-0.15475301,-0.19008024,-0.15476573,-0.2004665,-0.11139822,-0.1388583,-0.13027036,-0.1074974,-0.15152657,-0.15465605,-0.15778255,-0.10065024,-0.08152827,-0.09427856,-0.15471232,-0.11960925,-0.15027548,-0.16982608,-0.1185138,-0.15473163,-0.15812401,-0.17738779,-0.15176103,-0.15476897,-0.25953975,-0.17989698,-0.13525523,-0.15476578,-0.15095688,-0.17780018,-0.2009549,-0.15474309,-0.09015879,-0.15443188,-0.12151222,-0.121854745,-0.13997786,-0.21433522,-0.13908121,-0.16057305,-0.1546847,-0.07092635,-0.15405704,-0.15726084,-0.18733518,-0.15448096,-0.12965336,-0.12334781,-0.14100276,-0.15471986,-0.114095174,-0.25318068,-0.26654312,-0.12880316,-0.10945694,-0.15470973,-0.09238048,-0.20963459,-0.15476602,-0.15803757,-0.1291095,-0.15468559,-0.16015086,-0.1553517,-0.15477099,-0.19704957,-0.20616047,-0.12848209,-0.10460003,-0.11361031,-0.10256614,-0.15476254,-0.19495486,-0.15473557,-0.12901926,-0.15458894,-0.041086134,-0.12967405,-0.1547696,-0.2300741,-0.15474582,-0.10384405,-0.1531694,-0.0784167,-0.15460986,-0.12766197,-0.15463178,-0.121451,-0.075820275,-0.09192432,-0.101488546,-0.15446919,-0.15802419,-0.12378413,-0.15459657,-0.1410757,-0.13984437,-0.18093297,-0.15477234,-0.25777104,-0.12844054,-0.15467101,-0.13462572,-0.119081676,-0.1547392,-0.15812638,-0.15812823,-0.15812951,-0.19755594,-0.25103784,-0.20219928,-0.19465852,-0.24831252,-0.20506537,-0.22091979,-0.15475565,-0.12933347,-0.11956477,-0.15475,-0.1581223,-0.20931396,-0.18224281,-0.15474059,-0.32474133,-0.15477021,-0.15813246,-0.15813124,-0.15813081,-0.2185038,-0.1547398,-0.114121355,-0.15474293,-0.15811563,-0.15812257,-0.22984435,-0.15476316,-0.15810344,-0.08963354,-0.15464997,-0.15807748,-0.15809757,-0.15809876,-0.13302092,-0.1051107,-0.14014931,-0.15141064,-0.15839578,-0.15615125,-0.14613561,-0.15475905,-0.12319561,-0.12974066,-0.15471949,-0.15813226,-0.15813172,-0.15813175,-0.15813228,-0.38518023,-0.11451449,-0.15472749,-0.15564899,-0.14443555,-0.16636807,-0.15476507,-0.15804744,-0.12993515,-0.047159404,-0.14822605,-0.14016809,-0.14106366,-0.15460515,-0.19987361,-0.1649412,-0.17166539,-0.15474042,-0.15808517,-0.12722544,-0.14610182,-0.2588673,-0.12951677,-0.15462925,-0.09132757,-0.12832497,-0.13684332,-0.16221203,-0.15659244,-0.12887864,-0.1544857,-0.1580275,-0.15808162,-0.158119,-0.15740095,-0.19795567,-0.15106063,-0.07294749,-0.2039893,-0.15472844,-0.1580798,-0.104459345,-0.15434481,-0.17466888,-0.13176009,-0.1547361,-0.15109587,-0.10913184,-0.15455425,-0.05825615,-0.14326635,-0.17082691,-0.15466881,-0.18883844,-0.15477148,-0.31316653,-0.15476084,-0.16808087,-0.14331596,-0.15476294,-0.15812847,-0.25088155,-0.1547719,-0.22115314,-0.07562123,-0.086852394,-0.10702289,-0.060967896,-0.14741313,-0.16796505,-0.15746465,-0.22133875,-0.12812386,-0.0969081,-0.16398169,-0.12716047,-0.11335766,-0.18846886,-0.12973262,-0.17755464,-0.0994983,-0.115196005,-0.15466994,-0.11662802,-0.19749595,-0.14526704,-0.12781724,-0.096878245,-0.15466939,-0.15791199,-0.12434345,-0.11230643,-0.063823454,-0.15459186,-0.11419349,-0.10007019,-0.24483351,-0.15477246,-0.15811941,-0.16344379,-0.1759062,-0.12524253,-0.1547561,-0.0782174,-0.19187105,-0.18185812,-0.09859173,-0.11065883,-0.15439327,-0.15777159,-0.083404,-0.1213824,-0.13072303,-0.13855581,-0.19385117,-0.15473133,-0.15812495,-0.19487974,-0.23847799,-0.2432746,-0.1293653,-0.1545439,-0.15809318,-0.14520228,-0.2961179,-0.15477164,-0.19813283,-0.12962507,-0.15470065,-0.060104962,-0.15931924,-0.15476969,-0.2028091,-0.2868003,-0.11816878,-0.14795661,-0.10060286,-0.15459698,-0.13614628,-0.20725825,-0.17393659,-0.125103,-0.15657571,-0.15690626,-0.15476814,-0.15812764,-0.16221246,-0.22200036,-0.12981273,-0.2814266,-0.15477292,-0.1915083,-0.24371436,-0.16952515,-0.15467745,-0.13369927,-0.12557748,-0.15476465,-0.18106565,-0.15477264,-0.18642783,-0.15471064,-0.30462334,-0.1546492,-0.14691104,-0.13029914,-0.1547582,-0.15811387,-0.18915205,-0.12972383,-0.15476377,-0.10481856,-0.1650517,-0.1547614,-0.15812993,-0.15809798,-0.12926798,-0.15465501,-0.15809229,-0.158082,-0.15809497,-0.1581039,-0.16505513,-0.17392421,-0.15475635,-0.15812188,-0.15811063,-0.15812245,-0.2025511,-0.15354379,-0.14723541,-0.15365478,-0.11499533,-0.10471026,-0.11893196,-0.15476036,-0.15804476,-0.12967844,-0.19501048,-0.15476914,-0.18738703,-0.11705899,-0.17429145,-0.15475857,-0.06652963,-0.15448532,-0.10737923,-0.124497145,-0.15298569,-0.052188452,-0.26007295
k__Bacteria|p__Actinobacteria|c__Actinomycetia|o__Actinomycetales|f__Actinomycetaceae|g__Fannyhessea|s__Fannyhessea_vaginae,-0.1004395,-0.12316422,-0.15521297,-0.15847497,-0.15847522,-0.23867357,-0.1666669,-0.16813041,-0.10929718,-0.22895765,-0.23728925,-0.1552175,-0.22850217,-0.3768707,-0.08556121,-0.15483601,-0.058144663,-0.15470721,-0.1584163,-0.19931981,-0.1978925,-0.13080049,-0.15518408,-0.12711628,-0.20043859,-0.11658599,-0.182019,-0.25032333,-0.1509206,-0.15518902,-0.15142563,-0.10844302,-0.18249588,-0.28454733,-0.15520516,-0.13098577,-0.15521523,-0.22338755,-0.15521784,-0.29867563,-0.15521792,-0.29356226,-0.13029358,-0.15507922,-0.13691942,-0.15521264,-0.23188588,-0.24781659,-0.1296162,-0.13099171,-0.24679694,-0.18279888,-0.25087595,-0.26027086,-0.28621647,-0.27511892,-0.11894142,-0.15513533,-0.040142577,-0.056944285,-0.15453598,-0.11274739,-0.13743341,-0.13087896,-0.15519744,-0.15847075,-0.15847501,-0.15847561,-0.27573854,-0.1551813,-0.13088061,-0.16243835,-0.12334165,-0.14074792,-0.15518555,-0.15887658,-0.14481027,-0.13097037,-0.18691605,-0.14998752,-0.15520647,-0.15845494,-0.15846562,-0.15840672,-0.120334074,-0.13700745,-0.08858878,-0.15520081,-0.19008024,-0.1552114,-0.2004665,-0.11139822,-0.1388583,-0.13027036,-0.1074974,-0.15152657,-0.15512016,-0.1582003,-0.10065024,-0.08152827,-0.09427856,-0.15516698,-0.11960925,-0.15027548,-0.16982608,-0.1185138,-0.1551832,-0.15846926,-0.17738779,-0.15176103,-0.15521413,-0.25953975,-0.17989698,-0.13525523,-0.15521142,-0.15095688,-0.17780018,-0.2009549,-0.155193,-0.09015879,-0.154933,-0.12151222,-0.121854745,-0.13997786,-0.21433522,-0.13908121,-0.16057305,-0.1551439,-0.07092635,-0.15462187,-0.15775293,-0.18733518,-0.15497684,-0.13086213,-0.12334781,-0.14100276,-0.15517327,-0.114095174,-0.25318068,-0.26654312,-0.13011354,-0.10945694,-0.15516478,-0.09238048,-0.20963459,-0.15521166,-0.15839955,-0.13037002,-0.15514499,-0.16015086,-0.1553517,-0.15521577,-0.19704957,-0.20616047,-0.1297898,-0.10460003,-0.11361031,-0.10256614,-0.15520874,-0.19495486,-0.15518704,-0.13029851,-0.1550647,-0.041086134,-0.12967405,-0.15521464,-0.2300741,-0.15519552,-0.10384405,-0.15389217,-0.0784167,-0.15508199,-0.12766197,-0.15509993,-0.121451,-0.075820275,-0.09192432,-0.101488546,-0.15496397,-0.15838613,-0.12378413,-0.15507358,-0.1410757,-0.13984437,-0.18093297,-0.1552169,-0.25777104,-0.12844054,-0.15513374,-0.13462572,-0.119081676,-0.15518929,-0.1584712,-0.15847276,-0.1584738,-0.19755594,-0.25103784,-0.20219928,-0.19465852,-0.24831252,-0.20506537,-0.22091979,-0.15520318,-0.13057843,-0.11956477,-0.1551983,-0.15846781,-0.20931396,-0.18224281,-0.15519059,-0.32474133,-0.15521511,-0.15847626,-0.15847525,-0.15847489,-0.2185038,-0.15518984,-0.114121355,-0.15519248,-0.1584623,-0.15846807,-0.22984435,-0.15520923,-0.15845168,-0.08963354,-0.15511495,-0.15843041,-0.15844727,-0.15844822,-0.13302092,-0.1051107,-0.14014931,-0.15141064,-0.15839578,-0.15615125,-0.14613561,-0.15520583,-0.12319561,-0.1309448,-0.155173,-0.15847611,-0.15847567,-0.15847567,-0.15847613,-0.38518023,-0.11451449,-0.15517962,-0.15564899,-0.14443555,-0.16636807,-0.15521088,-0.15840635,-0.12993515,-0.047159404,-0.14979397,-0.14016809,-0.14106366,-0.15507787,-0.19987361,-0.1649412,-0.17166539,-0.15519032,-0.1584368,-0.12722544,-0.14610182,-0.2588673,-0.13074839,-0.15509763,-0.09132757,-0.12832497,-0.13684332,-0.16221203,-0.15659244,-0.13015321,-0.1549779,-0.15838875,-0.15843397,-0.15846507,-0.15740095,-0.19795567,-0.15106063,-0.07294749,-0.2039893,-0.15518034,-0.15843236,-0.104459345,-0.15485552,-0.17466888,-0.13176009,-0.15518673,-0.15109587,-0.10913184,-0.15503561,-0.05825615,-0.14326635,-0.17082691,-0.15513071,-0.18883844,-0.15521619,-0.31316653,-0.15520741,-0.16808087,-0.14331596,-0.1552091,-0.15847297,-0.25088155,-0.15521654,-0.22115314,-0.07562123,-0.086852394,-0.10702289,-0.060967896,-0.14910722,-0.16796505,-0.15746465,-0.22133875,-0.12812386,-0.0969081,-0.16398169,-0.12716047,-0.11335766,-0.18846886,-0.13093778,-0.17755464,-0.0994983,-0.115196005,-0.15513176,-0.11662802,-0.19749595,-0.14526704,-0.12781724,-0.096878245,-0.15513098,-0.15829277,-0.12434345,-0.11230643,-0.063823454,-0.15506673,-0.11419349,-0.10007019,-0.24483351,-0.155217,-0.1584658,-0.16344379,-0.1759062,-0.12524253,-0.15520337,-0.0782174,-0.19187105,-0.18185812,-0.09859173,-0.11065883,-0.15490147,-0.15817615,-0.083404,-0.1213824,-0.13072303,-0.13855581,-0.19385117,-0.15518284,-0.15847005,-0.19487974,-0.23847799,-0.2432746,-0.1306184,-0.15502672,-0.15844363,-0.14520228,-0.2961179,-0.15521634,-0.19813283,-0.1308431,-0.15515724,-0.060104962,-0.15931924,-0.15521473,-0.2028091,-0.2868003,-0.11816878,-0.14795661,-0.10060286,-0.15507115,-0.13614628,-0.20725825,-0.17393659,-0.125103,-0.15657571,-0.15690626,-0.15521339,-0.15847228,-0.16221246,-0.22200036,-0.13100603,-0.2814266,-0.1552174,-0.1915083,-0.24371436,-0.16952515,-0.15513998,-0.13369927,-0.12557748,-0.15521052,-0.18106565,-0.15521717,-0.18642783,-0.15516633,-0.30462334,-0.1551146,-0.14691104,-0.13029914,-0.15520516,-0.1584608,-0.18915205,-0.13093054,-0.15520978,-0.10481856,-0.1650517,-0.15520781,-0.15847416,-0.15844873,-0.13053988,-0.15511921,-0.1584429,-0.15843424,-0.15844508,-0.15845248,-0.16505513,-0.17392421,-0.15520361,-0.15846744,-0.1584581,-0.15846793,-0.2025511,-0.15354379,-0.14723541,-0.15428907,-0.11499533,-0.10471026,-0.11893196,-0.15520695,-0.15840499,-0.1308915,-0.19501048,-0.15521424,-0.18738703,-0.11705899,-0.17429145,-0.155206,-0.06652963,-0.15497819,-0.10737923,-0.124497145,-0.15298569,-0.052188452,-0.26007295
k__Bacteria|p__Actinobacteria|c__Actinomycetia|o__Corynebacteriales|f__Corynebacteriaceae|g__Corynebacterium|s__Corynebacterium_aurimucosum,-0.1004395,-0.12316422,-0.15523383,-0.15859261,-0.15859291,-0.23867357,-0.1666669,-0.16813041,-0.10929718,-0.22895765,-0.23728925,-0.1552391,-0.22850217,-0.3768707,-0.08556121,-0.15479386,-0.058144663,-0.154648,-0.15852425,-0.19931981,-0.1978925,-0.13008597,-0.15520018,-0.12711628,-0.20043859,-0.11658599,-0.182019,-0.25032333,-0.1509206,-0.15520574,-0.15142563,-0.10844302,-0.18249588,-0.28454733,-0.15522471,-0.13028865,-0.15523645,-0.22338755,-0.15523952,-0.29867563,-0.15523958,-0.29356226,-0.12954822,-0.1550772,-0.13691942,-0.15523344,-0.23188588,-0.24781659,-0.1296162,-0.13029526,-0.24679694,-0.18279888,-0.25087595,-0.26027086,-0.28621647,-0.27511892,-0.11894142,-0.15514392,-0.040142577,-0.056944285,-0.15444337,-0.11274739,-0.13743341,-0.1301717,-0.15521568,-0.15858775,-0.15859269,-0.15859339,-0.27573854,-0.15519631,-0.13017325,-0.16243835,-0.12334165,-0.14074792,-0.15520191,-0.15887658,-0.14481027,-0.13027206,-0.18691605,-0.14998752,-0.15522626,-0.15856934,-0.15858173,-0.15851066,-0.120334074,-0.13700745,-0.08858878,-0.1552197,-0.19008024,-0.15523201,-0.2004665,-0.11139822,-0.1388583,-0.13027036,-0.1074974,-0.15152657,-0.15512604,-0.15826227,-0.10065024,-0.08152827,-0.09427856,-0.15518036,-0.11960925,-0.15027548,-0.16982608,-0.1185138,-0.15519889,-0.158586,-0.17738779,-0.15176103,-0.15523517,-0.25953975,-0.17989698,-0.13525523,-0.15523207,-0.15095688,-0.17780018,-0.2009549,-0.15521002,-0.09015879,-0.15490964,-0.12151222,-0.121854745,-0.13997786,-0.21433522,-0.13908121,-0.16057305,-0.15515368,-0.07092635,-0.15454607,-0.15774673,-0.18733518,-0.15495488,-0.13016033,-0.12334781,-0.14100276,-0.15518764,-0.114095174,-0.25318068,-0.26654312,-0.12936449,-0.10945694,-0.15517788,-0.09238048,-0.20963459,-0.15523231,-0.15850136,-0.12964843,-0.15515426,-0.16015086,-0.1553517,-0.15523711,-0.19704957,-0.20616047,-0.12904282,-0.10460003,-0.11361031,-0.10256614,-0.15522894,-0.19495486,-0.15520298,-0.1295616,-0.15506124,-0.041086134,-0.12967405,-0.15523574,-0.2300741,-0.15521272,-0.10384405,-0.1536895,-0.0784167,-0.15508085,-0.12766197,-0.1551024,-0.121451,-0.075820275,-0.09192432,-0.101488546,-0.15494555,-0.15848953,-0.12378413,-0.15506864,-0.1410757,-0.13984437,-0.18093297,-0.15523842,-0.25777104,-0.12844054,-0.15514046,-0.13462572,-0.119081676,-0.15520638,-0.15858826,-0.15859006,-0.15859127,-0.19755594,-0.25103784,-0.20219928,-0.19465852,-0.24831252,-0.20506537,-0.22091979,-0.1552222,-0.1298632,-0.11956477,-0.15521681,-0.15858433,-0.20931396,-0.18224281,-0.15520751,-0.32474133,-0.15523636,-0.15859415,-0.15859297,-0.15859255,-0.2185038,-0.15520662,-0.114121355,-0.15520981,-0.15857776,-0.15858454,-0.22984435,-0.15522954,-0.15856555,-0.08963354,-0.15511978,-0.15854102,-0.15856028,-0.15856162,-0.13302092,-0.1051107,-0.14014931,-0.15141064,-0.15839578,-0.15615125,-0.14613561,-0.1552256,-0.12319561,-0.1302421,-0.15518707,-0.15859395,-0.15859345,-0.15859345,-0.158594,-0.38518023,-0.11451449,-0.15519497,-0.15564899,-0.14443555,-0.16636807,-0.15523136,-0.15851127,-0.12993515,-0.047159404,-0.14887527,-0.14016809,-0.14106366,-0.15507637,-0.19987361,-0.1649412,-0.17166539,-0.15520753,-0.15854847,-0.12722544,-0.14610182,-0.2588673,-0.13003482,-0.15510021,-0.09132757,-0.12832497,-0.13684332,-0.16221203,-0.15659244,-0.12942901,-0.15496054,-0.1584926,-0.15854499,-0.15858114,-0.15740095,-0.19795567,-0.15106063,-0.07294749,-0.2039893,-0.15519583,-0.15854332,-0.104459345,-0.15483984,-0.17466888,-0.13176009,-0.15520343,-0.15109587,-0.10913184,-0.15502733,-0.05825615,-0.14326635,-0.17082691,-0.15513805,-0.18883844,-0.15523757,-0.31316653,-0.15522721,-0.16808087,-0.14331596,-0.15522932,-0.15859029,-0.25088155,-0.15523797,-0.22115314,-0.07562123,-0.086852394,-0.10702289,-0.060967896,-0.14808959,-0.16796505,-0.15746465,-0.22133875,-0.12812386,-0.0969081,-0.16398169,-0.12716047,-0.11335766,-0.18846886,-0.13023509,-0.17755464,-0.0994983,-0.115196005,-0.15513924,-0.11662802,-0.19749595,-0.14526704,-0.12781724,-0.096878245,-0.15513897,-0.15838103,-0.12434345,-0.11230643,-0.063823454,-0.15506384,-0.11419349,-0.10007019,-0.24483351,-0.15523854,-0.15858147,-0.16344379,-0.1759062,-0.12524253,-0.15522271,-0.0782174,-0.19187105,-0.18185812,-0.09859173,-0.11065883,-0.1548721,-0.15824516,-0.083404,-0.1213824,-0.13072303,-0.13855581,-0.19385117,-0.15519859,-0.15858689,-0.19487974,-0.23847799,-0.2432746,-0.12987955,-0.1550174,-0.15855607,-0.14520228,-0.2961179,-0.15523773,-0.19813283,-0.13013425,-0.15516895,-0.060104962,-0.15931924,-0.15523586,-0.2028091,-0.2868003,-0.11816878,-0.14795661,-0.10060286,-0.15506846,-0.13614628,-0.20725825,-0.17393659,-0.125103,-0.15657571,-0.15690626,-0.15523434,-0.15858951,-0.16221246,-0.22200036,-0.13031149,-0.2814266,-0.15523897,-0.1915083,-0.24371436,-0.16952515,-0.15514623,-0.13369927,-0.12557748,-0.15523097,-0.18106565,-0.15523872,-0.18642783,-0.1551784,-0.30462334,-0.15511885,-0.14691104,-0.13029914,-0.15522474,-0.15857616,-0.18915205,-0.13022667,-0.15523013,-0.10481856,-0.1650517,-0.15522781,-0.1585917,-0.15856066,-0.12979382,-0.15512502,-0.15855515,-0.15854523,-0.15855776,-0.15856647,-0.16505513,-0.17392421,-0.15522292,-0.15858391,-0.158573,-0.15858448,-0.2025511,-0.15354379,-0.14723541,-0.15415213,-0.11499533,-0.10471026,-0.11893196,-0.15522681,-0.15850873,-0.13018358,-0.19501048,-0.15523529,-0.18738703,-0.11705899,-0.17429145,-0.15522508,-0.06652963,-0.15496126,-0.10737923,-0.124497145,-0.15298569,-0.052188452,-0.26007295
k__Bacteria|p__Actinobacteria|c__Actinomycetia|o__Corynebacteriales|f__Corynebacteriaceae|g__Corynebacterium|s__Corynebacterium_argentoratense,-0.1004395,-0.12316422,-0.15482107,-0.15816125,-0.15816152,-0.23867357,-0.1666669,-0.16813041,-0.10929718,-0.22895765,-0.23728925,-0.15482588,-0.22850217,-0.3768707,-0.08556121,-0.15442035,-0.058144663,-0.1542936,-0.15809895,-0.19931981,-0.1978925,-0.12982796,-0.15479061,-0.12711628,-0.20043859,-0.11658599,-0.182019,-0.25032333,-0.1509206,-0.15479544,-0.15142563,-0.10844302,-0.18249588,-0.28454733,-0.15481256,-0.13001417,-0.15482348,-0.22338755,-0.15482625,-0.29867563,-0.15482631,-0.29356226,-0.12933615,-0.15467763,-0.13691942,-0.15482077,-0.23188588,-0.24781659,-0.1296162,-0.13002002,-0.24679694,-0.18279888,-0.25087595,-0.26027086,-0.28621647,-0.27511892,-0.11894142,-0.15473941,-0.040142577,-0.056944285,-0.15409979,-0.11274739,-0.13743341,-0.12990549,-0.15480442,-0.15815684,-0.15816128,-0.15816194,-0.27573854,-0.1547859,-0.12990776,-0.16243835,-0.12334165,-0.14074792,-0.15479219,-0.15887658,-0.14481027,-0.12999898,-0.18691605,-0.14998752,-0.15481421,-0.1581401,-0.15815125,-0.15808435,-0.120334074,-0.13700745,-0.08858878,-0.15480831,-0.19008024,-0.15481946,-0.2004665,-0.11139822,-0.1388583,-0.13027036,-0.1074974,-0.15152657,-0.15472348,-0.15784499,-0.10065024,-0.08152827,-0.09427856,-0.15477273,-0.11960925,-0.15027548,-0.16982608,-0.1185138,-0.15478915,-0.15815523,-0.17738779,-0.15176103,-0.15482229,-0.25953975,-0.17989698,-0.13525523,-0.15481952,-0.15095688,-0.17780018,-0.2009549,-0.15479854,-0.09015879,-0.15452814,-0.12151222,-0.121854745,-0.13997786,-0.21433522,-0.13908121,-0.16057305,-0.1547486,-0.07092635,-0.15419571,-0.15738328,-0.18733518,-0.15456209,-0.12989329,-0.12334781,-0.14100276,-0.15477923,-0.114095174,-0.25318068,-0.26654312,-0.12915148,-0.10945694,-0.1547705,-0.09238048,-0.20963459,-0.15481974,-0.15807618,-0.1294138,-0.1547485,-0.16015086,-0.1553517,-0.15482406,-0.19704957,-0.20616047,-0.12886414,-0.10460003,-0.11361031,-0.10256614,-0.15481673,-0.19495486,-0.15479273,-0.12933452,-0.15466508,-0.041086134,-0.12967405,-0.15482278,-0.2300741,-0.15480167,-0.10384405,-0.1534121,-0.0784167,-0.15468176,-0.12766197,-0.15470192,-0.121451,-0.075820275,-0.09192432,-0.101488546,-0.1545592,-0.15806802,-0.12378413,-0.15466535,-0.1410757,-0.13984437,-0.18093297,-0.15482526,-0.25777104,-0.12844054,-0.15473434,-0.13462572,-0.119081676,-0.15479639,-0.15815729,-0.15815893,-0.15816003,-0.19755594,-0.25103784,-0.20219928,-0.19465852,-0.24831252,-0.20506537,-0.22091979,-0.15481028,-0.12961136,-0.11956477,-0.15480576,-0.15815368,-0.20931396,-0.18224281,-0.1547966,-0.32474133,-0.15482341,-0.15816262,-0.15816157,-0.1581612,-0.2185038,-0.15479565,-0.114121355,-0.15479898,-0.15814748,-0.15815389,-0.22984435,-0.15481725,-0.15813571,-0.08963354,-0.15471713,-0.15811473,-0.15813172,-0.15813334,-0.13302092,-0.1051107,-0.14014931,-0.15141064,-0.15839578,-0.15615125,-0.14613561,-0.15481374,-0.12319561,-0.12997153,-0.15477821,-0.15816244,-0.15816198,-0.158162,-0.1581625,-0.38518023,-0.11451449,-0.15478578,-0.15564899,-0.14443555,-0.16636807,-0.1548188,-0.1580859,-0.12993515,-0.047159404,-0.14898461,-0.14016809,-0.14106366,-0.15467787,-0.19987361,-0.1649412,-0.17166539,-0.1547973,-0.15812165,-0.12722544,-0.14610182,-0.2588673,-0.12977779,-0.15469998,-0.09132757,-0.12832497,-0.13684332,-0.16221203,-0.15659244,-0.12920792,-0.1545713,-0.15807053,-0.15811816,-0.15815085,-0.15740095,-0.19795567,-0.15106063,-0.07294749,-0.2039893,-0.15478635,-0.15811685,-0.104459345,-0.15443084,-0.17466888,-0.13176009,-0.15479383,-0.15109587,-0.10913184,-0.15463287,-0.05825615,-0.14326635,-0.17082691,-0.15473387,-0.18883844,-0.15482448,-0.31316653,-0.15481481,-0.16808087,-0.14331596,-0.15481701,-0.15815908,-0.25088155,-0.15482484,-0.22115314,-0.07562123,-0.086852394,-0.10702289,-0.060967896,-0.1482721,-0.16796505,-0.15746465,-0.22133875,-0.12812386,-0.0969081,-0.16398169,-0.12716047,-0.11335766,-0.18846886,-0.12996493,-0.17755464,-0.0994983,-0.115196005,-0.15473512,-0.11662802,-0.19749595,-0.14526704,-0.12781724,-0.096878245,-0.1547356,-0.15796939,-0.12434345,-0.11230643,-0.063823454,-0.15466663,-0.11419349,-0.10007019,-0.24483351,-0.15482536,-0.15815091,-0.16344379,-0.1759062,-0.12524253,-0.15481107,-0.0782174,-0.19187105,-0.18185812,-0.09859173,-0.11065883,-0.15449378,-0.15784627,-0.083404,-0.1213824,-0.13072303,-0.13855581,-0.19385117,-0.15478882,-0.15815605,-0.19487974,-0.23847799,-0.2432746,-0.12964147,-0.15462467,-0.15812793,-0.14520228,-0.2961179,-0.15482464,-0.19813283,-0.129871,-0.15476185,-0.060104962,-0.15931924,-0.15482289,-0.2028091,-0.2868003,-0.11816878,-0.14795661,-0.10060286,-0.1546702,-0.13614628,-0.20725825,-0.17393659,-0.125103,-0.15657571,-0.15690626,-0.15482152,-0.15815842,-0.16221246,-0.22200036,-0.13003479,-0.2814266,-0.15482576,-0.1915083,-0.24371436,-0.16952515,-0.15473917,-0.13369927,-0.12557748,-0.15481845,-0.18106565,-0.15482551,-0.18642783,-0.15476935,-0.30462334,-0.15471584,-0.14691104,-0.13029914,-0.15481283,-0.15814637,-0.18915205,-0.12995778,-0.15481776,-0.10481856,-0.1650517,-0.15481552,-0.15816042,-0.15813148,-0.12955533,-0.15472265,-0.15812695,-0.15811807,-0.15812936,-0.1581375,-0.16505513,-0.17392421,-0.15481108,-0.15815337,-0.1581434,-0.15815388,-0.2025511,-0.15354379,-0.14723541,-0.15382752,-0.11499533,-0.10471026,-0.11893196,-0.15481472,-0.1580834,-0.1299186,-0.19501048,-0.15482238,-0.18738703,-0.11705899,-0.17429145,-0.1548129,-0.06652963,-0.15457414,-0.10737923,-0.124497145,-0.15298569,-0.052188452,-0.26007295
k__Bacteria|p__Actinobacteria|c__Actinomycetia|o__Corynebacteriales|f__Tsukamurellaceae|g__Tsukamurella|s__Tsukamurella_pulmonis,-0.1004395,-0.12316422,-0.15494892,-0.15817025,-0.15817067,-0.23867357,-0.1666669,-0.16813041,-0.10929718,-0.22895765,-0.23728925,-0.15495604,-0.22850217,-0.3768707,-0.08556121,-0.15435964,-0.058144663,-0.15415755,-0.15807824,-0.19931981,-0.1978925,-0.13074143,-0.15490335,-0.12711628,-0.20043859,-0.11658599,-0.182019,-0.25032333,-0.1509206,-0.15491074,-0.15142563,-0.10844302,-0.18249588,-0.28454733,-0.15493563,-0.13102494,-0.15495247,-0.22338755,-0.15495658,-0.29867563,-0.15495668,-0.29356226,-0.12997785,-0.15473697,-0.13691942,-0.15494835,-0.23188588,-0.24781659,-0.1296162,-0.13103396,-0.24679694,-0.18279888,-0.25087595,-0.26027086,-0.28621647,-0.27511892,-0.11894142,-0.15482761,-0.040142577,-0.056944285,-0.15388408,-0.11274739,-0.13743341,-0.13086218,-0.15492448,-0.15816367,-0.15817034,-0.1581713,-0.27573854,-0.15489733,-0.13086365,-0.16243835,-0.12334165,-0.14074792,-0.1549058,-0.15887658,-0.14481027,-0.13100095,-0.18691605,-0.14998752,-0.15493874,-0.15813887,-0.15815562,-0.15805414,-0.120334074,-0.13700745,-0.08858878,-0.15492986,-0.19008024,-0.15494645,-0.2004665,-0.11139822,-0.1388583,-0.13027036,-0.1074974,-0.15152657,-0.15480328,-0.15769537,-0.10065024,-0.08152827,-0.09427856,-0.15487656,-0.11960925,-0.15027548,-0.16982608,-0.1185138,-0.15490174,-0.15816125,-0.17738779,-0.15176103,-0.15495071,-0.25953975,-0.17989698,-0.13525523,-0.1549465,-0.15095688,-0.17780018,-0.2009549,-0.15491544,-0.09015879,-0.1545107,-0.12151222,-0.121854745,-0.13997786,-0.21433522,-0.13908121,-0.16057305,-0.15484059,-0.07092635,-0.15402196,-0.15703237,-0.18733518,-0.15457207,-0.13084432,-0.12334781,-0.14100276,-0.1548866,-0.114095174,-0.25318068,-0.26654312,-0.12974122,-0.10945694,-0.15487328,-0.09238048,-0.20963459,-0.15494688,-0.15804419,-0.1301279,-0.15484199,-0.16015086,-0.1553517,-0.15495333,-0.19704957,-0.20616047,-0.12932292,-0.10460003,-0.11361031,-0.10256614,-0.1549423,-0.19495486,-0.15490523,-0.13002412,-0.15471572,-0.041086134,-0.12967405,-0.15495151,-0.2300741,-0.15491873,-0.10384405,-0.15287313,-0.0784167,-0.15474369,-0.12766197,-0.15477169,-0.121451,-0.075820275,-0.09192432,-0.101488546,-0.15455931,-0.15803105,-0.12378413,-0.15471539,-0.1410757,-0.13984437,-0.18093297,-0.1549551,-0.25777104,-0.12844054,-0.1548185,-0.13462572,-0.119081676,-0.15491186,-0.15816438,-0.15816683,-0.15816846,-0.19755594,-0.25103784,-0.20219928,-0.19465852,-0.24831252,-0.20506537,-0.22091979,-0.1549328,-0.1304271,-0.11956477,-0.15492588,-0.158159,-0.20931396,-0.18224281,-0.15491241,-0.32474133,-0.15495232,-0.15817231,-0.15817073,-0.15817016,-0.2185038,-0.15491186,-0.114121355,-0.15491664,-0.15815026,-0.15815935,-0.22984435,-0.15494314,-0.15813369,-0.08963354,-0.15479547,-0.15810053,-0.15812671,-0.15812835,-0.13302092,-0.1051107,-0.14014931,-0.15141064,-0.15839578,-0.15615125,-0.14613561,-0.15493774,-0.12319561,-0.13096106,-0.15488599,-0.15817207,-0.15817139,-0.15817139,-0.15817213,-0.38518023,-0.11451449,-0.15489647,-0.15564899,-0.14443555,-0.16636807,-0.1549456,-0.158059,-0.12993515,-0.047159404,-0.14640124,-0.14016809,-0.14106366,-0.15473664,-0.19987361,-0.1649412,-0.17166539,-0.15491337,-0.15811056,-0.12722544,-0.14610182,-0.2588673,-0.1306706,-0.15476836,-0.09132757,-0.12832497,-0.13684332,-0.16221203,-0.15659244,-0.12984653,-0.1545817,-0.15803531,-0.1581059,-0.15815473,-0.15740095,-0.19795567,-0.15106063,-0.07294749,-0.2039893,-0.15489767,-0.15810376,-0.104459345,-0.15438375,-0.17466888,-0.13176009,-0.15490778,-0.15109587,-0.10913184,-0.15467131,-0.05825615,-0.14326635,-0.17082691,-0.15481974,-0.18883844,-0.15495399,-0.31316653,-0.15493995,-0.16808087,-0.14331596,-0.15494278,-0.15816712,-0.25088155,-0.15495452,-0.22115314,-0.07562123,-0.086852394,-0.10702289,-0.060967896,-0.14533359,-0.16796505,-0.15746465,-0.22133875,-0.12812386,-0.0969081,-0.16398169,-0.12716047,-0.11335766,-0.18846886,-0.13094991,-0.17755464,-0.0994983,-0.115196005,-0.15482128,-0.11662802,-0.19749595,-0.14526704,-0.12781724,-0.096878245,-0.15482078,-0.15788463,-0.12434345,-0.11230643,-0.063823454,-0.15471995,-0.11419349,-0.10007019,-0.24483351,-0.15495525,-0.15815443,-0.16344379,-0.1759062,-0.12524253,-0.15493387,-0.0782174,-0.19187105,-0.18185812,-0.09859173,-0.11065883,-0.15446031,-0.15770116,-0.083404,-0.1213824,-0.13072303,-0.13855581,-0.19385117,-0.15490142,-0.1581625,-0.19487974,-0.23847799,-0.2432746,-0.13047464,-0.15465698,-0.15812099,-0.14520228,-0.2961179,-0.1549542,-0.19813283,-0.13080977,-0.15486142,-0.060104962,-0.15931924,-0.1549516,-0.2028091,-0.2868003,-0.11816878,-0.14795661,-0.10060286,-0.1547257,-0.13614628,-0.20725825,-0.17393659,-0.125103,-0.15657571,-0.15690626,-0.15494958,-0.15816602,-0.16221246,-0.22200036,-0.13105619,-0.2814266,-0.15495586,-0.1915083,-0.24371436,-0.16952515,-0.15482579,-0.13369927,-0.12557748,-0.15494505,-0.18106565,-0.1549555,-0.18642783,-0.15487218,-0.30462334,-0.1547941,-0.14691104,-0.13029914,-0.15493664,-0.15814807,-0.18915205,-0.13093778,-0.15494385,-0.10481856,-0.1650517,-0.15494078,-0.15816902,-0.15812504,-0.1303564,-0.15480188,-0.15811983,-0.15810642,-0.15812334,-0.15813512,-0.16505513,-0.17392421,-0.15493421,-0.15815848,-0.1581438,-0.15815926,-0.2025511,-0.15354379,-0.14723541,-0.15349331,-0.11499533,-0.10471026,-0.11893196,-0.15493946,-0.15805325,-0.13087934,-0.19501048,-0.1549509,-0.18738703,-0.11705899,-0.17429145,-0.15493563,-0.06652963,-0.15458101,-0.10737923,-0.124497145,-0.15298569,-0.052188452,-0.26007295
k__Bacteria|p__Actinobacteria|c__Actinomycetia|o__Micrococcales|f__Microbacteriaceae|g__Microbacterium|s__Microbacterium_oxydans,-0.1004395,-0.12316422,-0.15524036,-0.15862316,-0.15862346,-0.23867357,-0.1666669,-0.16813041,-0.10929718,-0.22895765,-0.23728925,-0.15524559,-0.22850217,-0.3768707,-0.08556121,-0.15480751,-0.058144663,-0.15466347,-0.15855548,-0.19931981,-0.1978925,-0.12991634,-0.15520713,-0.12711628,-0.20043859,-0.11658599,-0.182019,-0.25032333,-0.1509206,-0.15521249,-0.15142563,-0.10844302,-0.18249588,-0.28454733,-0.15523124,-0.13011703,-0.15524298,-0.22338755,-0.15524599,-0.29867563,-0.15524605,-0.29356226,-0.12937966,-0.15508497,-0.13691942,-0.15524,-0.23188588,-0.24781659,-0.1296162,-0.13012353,-0.24679694,-0.18279888,-0.25087595,-0.26027086,-0.28621647,-0.27511892,-0.11894142,-0.15515152,-0.040142577,-0.056944285,-0.15445651,-0.11274739,-0.13743341,-0.13000086,-0.15522233,-0.15861833,-0.15862319,-0.1586239,-0.27573854,-0.15520318,-0.1300022,-0.16243835,-0.12334165,-0.14074792,-0.15520883,-0.15887658,-0.14481027,-0.13010065,-0.18691605,-0.14998752,-0.15523289,-0.1586001,-0.15861234,-0.15854153,-0.120334074,-0.13700745,-0.08858878,-0.15522644,-0.19008024,-0.15523857,-0.2004665,-0.11139822,-0.1388583,-0.13027036,-0.1074974,-0.15152657,-0.1551339,-0.15829903,-0.10065024,-0.08152827,-0.09427856,-0.1551876,-0.11960925,-0.15027548,-0.16982608,-0.1185138,-0.15520573,-0.15861657,-0.17738779,-0.15176103,-0.15524168,-0.25953975,-0.17989698,-0.13525523,-0.15523864,-0.15095688,-0.17780018,-0.2009549,-0.15521657,-0.09015879,-0.15492052,-0.12151222,-0.121854745,-0.13997786,-0.21433522,-0.13908121,-0.16057305,-0.15516125,-0.07092635,-0.15456063,-0.15778163,-0.18733518,-0.15496215,-0.12998937,-0.12334781,-0.14100276,-0.15519474,-0.114095174,-0.25318068,-0.26654312,-0.12919581,-0.10945694,-0.15518512,-0.09238048,-0.20963459,-0.15523888,-0.15853241,-0.12947437,-0.1551617,-0.16015086,-0.1553517,-0.1552436,-0.19704957,-0.20616047,-0.12887728,-0.10460003,-0.11361031,-0.10256614,-0.15523556,-0.19495486,-0.15520978,-0.12939556,-0.15507019,-0.041086134,-0.12967405,-0.15524223,-0.2300741,-0.15521938,-0.10384405,-0.15371539,-0.0784167,-0.15508926,-0.12766197,-0.15511057,-0.121451,-0.075820275,-0.09192432,-0.101488546,-0.15495554,-0.15852144,-0.12378413,-0.15507665,-0.1410757,-0.13984437,-0.18093297,-0.1552449,-0.25777104,-0.12844054,-0.155148,-0.13462572,-0.119081676,-0.15521333,-0.15861885,-0.15862063,-0.15862182,-0.19755594,-0.25103784,-0.20219928,-0.19465852,-0.24831252,-0.20506537,-0.22091979,-0.15522876,-0.129691,-0.11956477,-0.15522358,-0.15861492,-0.20931396,-0.18224281,-0.15521416,-0.32474133,-0.15524289,-0.15862465,-0.15862349,-0.1586231,-0.2185038,-0.15521336,-0.114121355,-0.1552165,-0.15860832,-0.15861516,-0.22984435,-0.15523615,-0.15859626,-0.08963354,-0.15512758,-0.15857229,-0.15859109,-0.15859261,-0.13302092,-0.1051107,-0.14014931,-0.15141064,-0.15839578,-0.15615125,-0.14613561,-0.15523228,-0.12319561,-0.13007092,-0.1551939,-0.15862447,-0.15862396,-0.15862396,-0.1586245,-0.38518023,-0.11451449,-0.15520191,-0.15564899,-0.14443555,-0.16636807,-0.1552379,-0.15854195,-0.12993515,-0.047159404,-0.14892071,-0.14016809,-0.14106366,-0.15508443,-0.19987361,-0.1649412,-0.17166539,-0.1552144,-0.1585797,-0.12722544,-0.14610182,-0.2588673,-0.1298649,-0.15510854,-0.09132757,-0.12832497,-0.13684332,-0.16221203,-0.15659244,-0.12925084,-0.15496996,-0.15852433,-0.15857613,-0.1586118,-0.15740095,-0.19795567,-0.15106063,-0.07294749,-0.2039893,-0.15520266,-0.15857464,-0.104459345,-0.15485716,-0.17466888,-0.13176009,-0.15521047,-0.15109587,-0.10913184,-0.15503667,-0.05825615,-0.14326635,-0.17082691,-0.1551455,-0.18883844,-0.15524408,-0.31316653,-0.15523368,-0.16808087,-0.14331596,-0.15523592,-0.1586208,-0.25088155,-0.15524445,-0.22115314,-0.07562123,-0.086852394,-0.10702289,-0.060967896,-0.14814171,-0.16796505,-0.15746465,-0.22133875,-0.12812386,-0.0969081,-0.16398169,-0.12716047,-0.11335766,-0.18846886,-0.13006392,-0.17755464,-0.0994983,-0.115196005,-0.1551468,-0.11662802,-0.19749595,-0.14526704,-0.12781724,-0.096878245,-0.15514693,-0.15841423,-0.12434345,-0.11230643,-0.063823454,-0.15507255,-0.11419349,-0.10007019,-0.24483351,-0.15524502,-0.15861201,-0.16344379,-0.1759062,-0.12524253,-0.15522939,-0.0782174,-0.19187105,-0.18185812,-0.09859173,-0.11065883,-0.1548833,-0.15827999,-0.083404,-0.1213824,-0.13072303,-0.13855581,-0.19385117,-0.15520537,-0.1586175,-0.19487974,-0.23847799,-0.2432746,-0.12971118,-0.15502653,-0.15858695,-0.14520228,-0.2961179,-0.15524423,-0.19813283,-0.129964,-0.1551761,-0.060104962,-0.15931924,-0.15524235,-0.2028091,-0.2868003,-0.11816878,-0.14795661,-0.10060286,-0.15507653,-0.13614628,-0.20725825,-0.17393659,-0.125103,-0.15657571,-0.15690626,-0.15524085,-0.15862006,-0.16221246,-0.22200036,-0.13013957,-0.2814266,-0.15524545,-0.1915083,-0.24371436,-0.16952515,-0.15515348,-0.13369927,-0.12557748,-0.15523753,-0.18106565,-0.1552452,-0.18642783,-0.1551851,-0.30462334,-0.15512618,-0.14691104,-0.13029914,-0.15523136,-0.15860689,-0.18915205,-0.13005583,-0.15523672,-0.10481856,-0.1650517,-0.15523435,-0.15862224,-0.1585913,-0.12962478,-0.15513298,-0.15858598,-0.15857625,-0.1585886,-0.15859735,-0.16505513,-0.17392421,-0.15522954,-0.15861455,-0.15860373,-0.1586151,-0.2025511,-0.15354379,-0.14723541,-0.15416457,-0.11499533,-0.10471026,-0.11893196,-0.15523341,-0.15853956,-0.13001327,-0.19501048,-0.15524179,-0.18738703,-0.11705899,-0.17429145,-0.15523162,-0.06652963,-0.15497176,-0.10737923,-0.124497145,-0.15298569,-0.052188452,-0.26007295
k__Bacteria|p__Actinobacteria|c__Actinomycetia|o__Micrococcales|f__Microbacteriaceae|g__Microbacterium|s__Microbacterium_paulum,-0.1004395,-0.12316422,-0.15459569,-0.15788361,-0.15788391,-0.23867357,-0.1666669,-0.16813041,-0.10929718,-0.22895765,-0.23728925,-0.15460008,-0.22850217,-0.3768707,-0.08556121,-0.15421417,-0.058144663,-0.15409659,-0.15782651,-0.19931981,-0.1978925,-0.12998977,-0.15456738,-0.12711628,-0.20043859,-0.11658599,-0.182019,-0.25032333,-0.1509206,-0.15457234,-0.15142563,-0.10844302,-0.18249588,-0.28454733,-0.15458792,-0.13017517,-0.15459786,-0.22338755,-0.15460041,-0.29867563,-0.15460047,-0.29356226,-0.12949038,-0.15446547,-0.13691942,-0.15459532,-0.23188588,-0.24781659,-0.1296162,-0.13018106,-0.24679694,-0.18279888,-0.25087595,-0.26027086,-0.28621647,-0.27511892,-0.11894142,-0.15451987,-0.040142577,-0.056944285,-0.15393835,-0.11274739,-0.13743341,-0.13006707,-0.15458062,-0.15787953,-0.1578837,-0.15788427,-0.27573854,-0.15456355,-0.13007185,-0.16243835,-0.12334165,-0.14074792,-0.15456888,-0.15887658,-0.14481027,-0.13015997,-0.18691605,-0.14998752,-0.1545893,-0.15786415,-0.15787461,-0.15781361,-0.120334074,-0.13700745,-0.08858878,-0.15458378,-0.19008024,-0.15459412,-0.2004665,-0.11139822,-0.1388583,-0.13027036,-0.1074974,-0.15152657,-0.15450478,-0.15757748,-0.10065024,-0.08152827,-0.09427856,-0.15455058,-0.11960925,-0.15027548,-0.16982608,-0.1185138,-0.15456668,-0.15787804,-0.17738779,-0.15176103,-0.1545968,-0.25953975,-0.17989698,-0.13525523,-0.15459418,-0.15095688,-0.17780018,-0.2009549,-0.15457577,-0.09015879,-0.1543212,-0.12151222,-0.121854745,-0.13997786,-0.21433522,-0.13908121,-0.16057305,-0.15452796,-0.07092635,-0.15401387,-0.15718557,-0.18733518,-0.15436554,-0.13004991,-0.12334781,-0.14100276,-0.15455686,-0.114095174,-0.25318068,-0.26654312,-0.12927943,-0.10945694,-0.15454851,-0.09238048,-0.20963459,-0.15459438,-0.15780929,-0.12956062,-0.15452895,-0.16015086,-0.1553517,-0.1545984,-0.19704957,-0.20616047,-0.12900679,-0.10460003,-0.11361031,-0.10256614,-0.15459153,-0.19495486,-0.15456942,-0.12946674,-0.15444937,-0.041086134,-0.12967405,-0.15459731,-0.2300741,-0.1545781,-0.10384405,-0.15327403,-0.0784167,-0.15446702,-0.12766197,-0.15448488,-0.121451,-0.075820275,-0.09192432,-0.101488546,-0.1543513,-0.15779647,-0.12378413,-0.15444984,-0.1410757,-0.13984437,-0.18093297,-0.1545995,-0.25777104,-0.12844054,-0.15451643,-0.13462572,-0.119081676,-0.1545724,-0.15787998,-0.1578815,-0.15788251,-0.19755594,-0.25103784,-0.20219928,-0.19465852,-0.24831252,-0.20506537,-0.22091979,-0.15458608,-0.12975977,-0.11956477,-0.15458132,-0.1578767,-0.20931396,-0.18224281,-0.15457365,-0.32474133,-0.15459776,-0.15788493,-0.15788393,-0.15788358,-0.2185038,-0.15457314,-0.114121355,-0.15457585,-0.15787145,-0.15787691,-0.22984435,-0.154592,-0.15786137,-0.08963354,-0.15450007,-0.15784003,-0.15785676,-0.15785737,-0.13302092,-0.1051107,-0.14014931,-0.15141064,-0.15839578,-0.15615125,-0.14613561,-0.15458864,-0.12319561,-0.13013475,-0.15455703,-0.15788475,-0.15788433,-0.15788433,-0.15788478,-0.38518023,-0.11451449,-0.15456319,-0.15564899,-0.14443555,-0.16636807,-0.15459366,-0.15781704,-0.12993515,-0.047159404,-0.14934233,-0.14016809,-0.14106366,-0.15446426,-0.19987361,-0.1649412,-0.17166539,-0.15457356,-0.15784621,-0.12722544,-0.14610182,-0.2588673,-0.1299298,-0.15448228,-0.09132757,-0.12832497,-0.13684332,-0.16221203,-0.15659244,-0.12933247,-0.15436606,-0.15779944,-0.15784353,-0.15787399,-0.15740095,-0.19795567,-0.15106063,-0.07294749,-0.2039893,-0.15456405,-0.15784177,-0.104459345,-0.15421191,-0.17466888,-0.13176009,-0.1545699,-0.15109587,-0.10913184,-0.15442005,-0.05825615,-0.14326635,-0.17082691,-0.15451574,-0.18883844,-0.15459883,-0.31316653,-0.15459034,-0.16808087,-0.14331596,-0.15459187,-0.15788174,-0.25088155,-0.15459915,-0.22115314,-0.07562123,-0.086852394,-0.10702289,-0.060967896,-0.14868498,-0.16796505,-0.15746465,-0.22133875,-0.12812386,-0.0969081,-0.16398169,-0.12716047,-0.11335766,-0.18846886,-0.13012671,-0.17755464,-0.0994983,-0.115196005,-0.15451641,-0.11662802,-0.19749595,-0.14526704,-0.12781724,-0.096878245,-0.15451522,-0.15770486,-0.12434345,-0.11230643,-0.063823454,-0.15445167,-0.11419349,-0.10007019,-0.24483351,-0.15459959,-0.15787455,-0.16344379,-0.1759062,-0.12524253,-0.15458629,-0.0782174,-0.19187105,-0.18185812,-0.09859173,-0.11065883,-0.15428999,-0.15759063,-0.083404,-0.1213824,-0.13072303,-0.13855581,-0.19385117,-0.15456647,-0.15787885,-0.19487974,-0.23847799,-0.2432746,-0.1298071,-0.15441325,-0.15785316,-0.14520228,-0.2961179,-0.15459892,-0.19813283,-0.13003099,-0.15454131,-0.060104962,-0.15931924,-0.15459737,-0.2028091,-0.2868003,-0.11816878,-0.14795661,-0.10060286,-0.15445745,-0.13614628,-0.20725825,-0.17393659,-0.125103,-0.15657571,-0.15690626,-0.15459609,-0.15788102,-0.16221246,-0.22200036,-0.13019507,-0.2814266,-0.15459998,-0.1915083,-0.24371436,-0.16952515,-0.15452209,-0.13369927,-0.12557748,-0.1545933,-0.18106565,-0.15459976,-0.18642783,-0.15454987,-0.30462334,-0.15450041,-0.14691104,-0.13029914,-0.15458804,-0.1578698,-0.18915205,-0.13011983,-0.15459251,-0.10481856,-0.1650517,-0.1545907,-0.15788287,-0.15785715,-0.12970531,-0.15450372,-0.15785252,-0.15784398,-0.15785466,-0.15786162,-0.16505513,-0.17392421,-0.15458661,-0.1578763,-0.15786725,-0.15787679,-0.2025511,-0.15354379,-0.14723541,-0.1537029,-0.11499533,-0.10471026,-0.11893196,-0.1545898,-0.15781379,-0.1300806,-0.19501048,-0.15459695,-0.18738703,-0.11705899,-0.17429145,-0.15458843,-0.06652963,-0.15436345,-0.10737923,-0.124497145,-0.15298569,-0.052188452,-0.26007295
k__Bacteria|p__Actinobacteria|c__Actinomycetia|o__Corynebacteriales|f__Tsukamurellaceae|g__Tsukamurella|s__Tsukamurella_columbiensis,-0.1004395,-0.12316422,-0.1544529,-0.15778229,-0.15778255,-0.23867357,-0.1666669,-0.16813041,-0.10929718,-0.22895765,-0.23728925,-0.15445776,-0.22850217,-0.3768707,-0.08556121,-0.15405267,-0.058144663,-0.15392104,-0.15771951,-0.19931981,-0.1978925,-0.12954566,-0.15442216,-0.12711628,-0.20043859,-0.11658599,-0.182019,-0.25032333,-0.1509206,-0.15442705,-0.15142563,-0.10844302,-0.18249588,-0.28454733,-0.15444446,-0.12972644,-0.15445533,-0.22338755,-0.15445814,-0.29867563,-0.1544582,-0.29356226,-0.12906575,-0.15430856,-0.13691942,-0.15445258,-0.23188588,-0.24781659,-0.1296162,-0.12973234,-0.24679694,-0.18279888,-0.25087595,-0.26027086,-0.28621647,-0.27511892,-0.11894142,-0.1543707,-0.040142577,-0.056944285,-0.15372604,-0.11274739,-0.13743341,-0.12962182,-0.15443616,-0.15777785,-0.15778233,-0.15778299,-0.27573854,-0.15441826,-0.12962233,-0.16243835,-0.12334165,-0.14074792,-0.15442377,-0.15887658,-0.14481027,-0.12971163,-0.18691605,-0.14998752,-0.154446,-0.15776095,-0.15777224,-0.15770611,-0.120334074,-0.13700745,-0.08858878,-0.15444005,-0.19008024,-0.15445128,-0.2004665,-0.11139822,-0.1388583,-0.13027036,-0.1074974,-0.15152657,-0.15435457,-0.15748072,-0.10065024,-0.08152827,-0.09427856,-0.15440413,-0.11960925,-0.15027548,-0.16982608,-0.1185138,-0.1544207,-0.15777622,-0.17738779,-0.15176103,-0.15445414,-0.25953975,-0.17989698,-0.13525523,-0.15445134,-0.15095688,-0.17780018,-0.2009549,-0.15443063,-0.09015879,-0.15415767,-0.12151222,-0.121854745,-0.13997786,-0.21433522,-0.13908121,-0.16057305,-0.15437984,-0.07092635,-0.15382394,-0.15699989,-0.18733518,-0.15419355,-0.12961286,-0.12334781,-0.14100276,-0.15441072,-0.114095174,-0.25318068,-0.26654312,-0.12891048,-0.10945694,-0.15440187,-0.09238048,-0.20963459,-0.15445156,-0.15769702,-0.12915726,-0.1543799,-0.16015086,-0.1553517,-0.15445593,-0.19704957,-0.20616047,-0.12861738,-0.10460003,-0.11361031,-0.10256614,-0.15444851,-0.19495486,-0.15442458,-0.12909016,-0.15429574,-0.041086134,-0.12967405,-0.15445463,-0.2300741,-0.15443337,-0.10384405,-0.1530405,-0.0784167,-0.15431273,-0.12766197,-0.1543329,-0.121451,-0.075820275,-0.09192432,-0.101488546,-0.15418981,-0.15768832,-0.12378413,-0.15429941,-0.1410757,-0.13984437,-0.18093297,-0.15445712,-0.25777104,-0.12844054,-0.15436676,-0.13462572,-0.119081676,-0.15442798,-0.1577783,-0.15777993,-0.15778105,-0.19755594,-0.25103784,-0.20219928,-0.19465852,-0.24831252,-0.20506537,-0.22091979,-0.15444207,-0.12935145,-0.11956477,-0.15443742,-0.15777467,-0.20931396,-0.18224281,-0.15442842,-0.32474133,-0.15445524,-0.15778369,-0.1577826,-0.15778223,-0.2185038,-0.15442741,-0.114121355,-0.15443069,-0.15776846,-0.15777487,-0.22984435,-0.15444905,-0.15775678,-0.08963354,-0.1543483,-0.15773532,-0.15775253,-0.15775411,-0.13302092,-0.1051107,-0.14014931,-0.15141064,-0.15839578,-0.15615125,-0.14613561,-0.1544455,-0.12319561,-0.12968425,-0.15440975,-0.1577835,-0.15778303,-0.15778305,-0.15778354,-0.38518023,-0.11451449,-0.1544173,-0.15564899,-0.14443555,-0.16636807,-0.15445063,-0.15770647,-0.12993515,-0.047159404,-0.14857838,-0.14016809,-0.14106366,-0.1543085,-0.19987361,-0.1649412,-0.17166539,-0.15442893,-0.15774225,-0.12722544,-0.14610182,-0.2588673,-0.12950346,-0.1543312,-0.09132757,-0.12832497,-0.13684332,-0.16221203,-0.15659244,-0.12896267,-0.15420203,-0.1576909,-0.1577388,-0.15777178,-0.15740095,-0.19795567,-0.15106063,-0.07294749,-0.2039893,-0.15441796,-0.15773751,-0.104459345,-0.15409717,-0.17466888,-0.13176009,-0.15442535,-0.15109587,-0.10913184,-0.15426439,-0.05825615,-0.14326635,-0.17082691,-0.15436502,-0.18883844,-0.15445635,-0.31316653,-0.15444663,-0.16808087,-0.14331596,-0.1544488,-0.15778011,-0.25088155,-0.1544567,-0.22115314,-0.07562123,-0.086852394,-0.10702289,-0.060967896,-0.14785948,-0.16796505,-0.15746465,-0.22133875,-0.12812386,-0.0969081,-0.16398169,-0.12716047,-0.11335766,-0.18846886,-0.12967847,-0.17755464,-0.0994983,-0.115196005,-0.15436628,-0.11662802,-0.19749595,-0.14526704,-0.12781724,-0.096878245,-0.15436667,-0.15758921,-0.12434345,-0.11230643,-0.063823454,-0.15429768,-0.11419349,-0.10007019,-0.24483351,-0.15445724,-0.15777183,-0.16344379,-0.1759062,-0.12524253,-0.15444279,-0.0782174,-0.19187105,-0.18185812,-0.09859173,-0.11065883,-0.15412313,-0.15746503,-0.083404,-0.1213824,-0.13072303,-0.13855581,-0.19385117,-0.1544204,-0.15777703,-0.19487974,-0.23847799,-0.2432746,-0.12936024,-0.15425521,-0.1577487,-0.14520228,-0.2961179,-0.1544565,-0.19813283,-0.12958905,-0.15439337,-0.060104962,-0.15931924,-0.15445475,-0.2028091,-0.2868003,-0.11816878,-0.14795661,-0.10060286,-0.15430108,-0.13614628,-0.20725825,-0.17393659,-0.125103,-0.15657571,-0.15690626,-0.15445337,-0.15777943,-0.16221246,-0.22200036,-0.12974706,-0.2814266,-0.15445763,-0.1915083,-0.24371436,-0.16952515,-0.15437144,-0.13369927,-0.12557748,-0.15445027,-0.18106565,-0.15445739,-0.18642783,-0.15440118,-0.30462334,-0.15434694,-0.14691104,-0.13029914,-0.1544446,-0.15776725,-0.18915205,-0.12967081,-0.15444955,-0.10481856,-0.1650517,-0.15444735,-0.15778144,-0.15775244,-0.12928905,-0.15435374,-0.15774778,-0.15773879,-0.15775019,-0.15775836,-0.16505513,-0.17392421,-0.15444288,-0.15777433,-0.15776429,-0.15777484,-0.2025511,-0.15354379,-0.14723541,-0.15345308,-0.11499533,-0.10471026,-0.11893196,-0.15444648,-0.15770411,-0.1296324,-0.19501048,-0.15445422,-0.18738703,-0.11705899,-0.17429145,-0.15444466,-0.06652963,-0.15420479,-0.10737923,-0.124497145,-0.15298569,-0.052188452,-0.26007295
k__Bacteria|p__Actinobacteria|c__Actinomycetia|o__Corynebacteriales|f__Lawsonellaceae|g__Lawsonella|s__Lawsonella_clevelandensis,-0.1004395,-0.12316422,-0.15474835,-0.15808249,-0.15808275,-0.23867357,-0.1666669,-0.16813041,-0.10929718,-0.22895765,-0.23728925,-0.15475333,-0.22850217,-0.3768707,-0.08556121,-0.15433902,-0.058144663,-0.15420824,-0.15801853,-0.19931981,-0.1978925,-0.12979862,-0.15471712,-0.12711628,-0.20043859,-0.11658599,-0.182019,-0.25032333,-0.1509206,-0.15472195,-0.15142563,-0.10844302,-0.18249588,-0.28454733,-0.15473956,-0.12998691,-0.15475085,-0.22338755,-0.15475368,-0.29867563,-0.15475374,-0.29356226,-0.12929966,-0.15460059,-0.13691942,-0.15474805,-0.23188588,-0.24781659,-0.1296162,-0.12999275,-0.24679694,-0.18279888,-0.25087595,-0.26027086,-0.28621647,-0.27511892,-0.11894142,-0.1546647,-0.040142577,-0.056944285,-0.15400577,-0.11274739,-0.13743341,-0.12987733,-0.15473124,-0.15807797,-0.15808253,-0.1580832,-0.27573854,-0.15471251,-0.12987876,-0.16243835,-0.12334165,-0.14074792,-0.15471871,-0.15887658,-0.14481027,-0.12997141,-0.18691605,-0.14998752,-0.15474136,-0.15806076,-0.1580722,-0.1580032,-0.120334074,-0.13700745,-0.08858878,-0.1547353,-0.19008024,-0.15474671,-0.2004665,-0.11139822,-0.1388583,-0.13027036,-0.1074974,-0.15152657,-0.15464824,-0.15776159,-0.10065024,-0.08152827,-0.09427856,-0.15469882,-0.11960925,-0.15027548,-0.16982608,-0.1185138,-0.15471552,-0.15807632,-0.17738779,-0.15176103,-0.15474962,-0.25953975,-0.17989698,-0.13525523,-0.15474679,-0.15095688,-0.17780018,-0.2009549,-0.15472507,-0.09015879,-0.15444823,-0.12151222,-0.121854745,-0.13997786,-0.21433522,-0.13908121,-0.16057305,-0.15467411,-0.07092635,-0.15410696,-0.15727988,-0.18733518,-0.15448101,-0.12986627,-0.12334781,-0.14100276,-0.15470545,-0.114095174,-0.25318068,-0.26654312,-0.12912449,-0.10945694,-0.15469652,-0.09238048,-0.20963459,-0.15474702,-0.15799442,-0.12939027,-0.15467392,-0.16015086,-0.1553517,-0.15475145,-0.19704957,-0.20616047,-0.12882471,-0.10460003,-0.11361031,-0.10256614,-0.15474394,-0.19495486,-0.15471917,-0.12930919,-0.15458846,-0.041086134,-0.12967405,-0.15475012,-0.2300741,-0.15472828,-0.10384405,-0.15330799,-0.0784167,-0.15460569,-0.12766197,-0.15462622,-0.121451,-0.075820275,-0.09192432,-0.101488546,-0.15448022,-0.15798697,-0.12378413,-0.15458801,-0.1410757,-0.13984437,-0.18093297,-0.15475267,-0.25777104,-0.12844054,-0.15465954,-0.13462572,-0.119081676,-0.15472312,-0.15807842,-0.1580801,-0.15808123,-0.19755594,-0.25103784,-0.20219928,-0.19465852,-0.24831252,-0.20506537,-0.22091979,-0.15473723,-0.12958911,-0.11956477,-0.15473267,-0.1580747,-0.20931396,-0.18224281,-0.15472323,-0.32474133,-0.15475078,-0.15808392,-0.15808281,-0.15808244,-0.2185038,-0.15472236,-0.114121355,-0.15472567,-0.15806827,-0.15807493,-0.22984435,-0.15474448,-0.15805653,-0.08963354,-0.15464178,-0.15803483,-0.15805212,-0.1580539,-0.13302092,-0.1051107,-0.14014931,-0.15141064,-0.15839578,-0.15615125,-0.14613561,-0.15474088,-0.12319561,-0.1299434,-0.15470418,-0.15808374,-0.15808326,-0.15808326,-0.15808377,-0.38518023,-0.11451449,-0.15471211,-0.15564899,-0.14443555,-0.16636807,-0.15474603,-0.15800454,-0.12993515,-0.047159404,-0.14872715,-0.14016809,-0.14106366,-0.1546011,-0.19987361,-0.1649412,-0.17166539,-0.15472397,-0.15804194,-0.12722544,-0.14610182,-0.2588673,-0.12975088,-0.15462434,-0.09132757,-0.12832497,-0.13684332,-0.16221203,-0.15659244,-0.12918751,-0.15449244,-0.15798947,-0.15803832,-0.15807182,-0.15740095,-0.19795567,-0.15106063,-0.07294749,-0.2039893,-0.15471265,-0.15803713,-0.104459345,-0.15435919,-0.17466888,-0.13176009,-0.15472047,-0.15109587,-0.10913184,-0.15455572,-0.05825615,-0.14326635,-0.17082691,-0.1546587,-0.18883844,-0.15475187,-0.31316653,-0.15474188,-0.16808087,-0.14331596,-0.15474421,-0.15808025,-0.25088155,-0.15475224,-0.22115314,-0.07562123,-0.086852394,-0.10702289,-0.060967896,-0.14799626,-0.16796505,-0.15746465,-0.22133875,-0.12812386,-0.0969081,-0.16398169,-0.12716047,-0.11335766,-0.18846886,-0.12993704,-0.17755464,-0.0994983,-0.115196005,-0.15466008,-0.11662802,-0.19749595,-0.14526704,-0.12781724,-0.096878245,-0.15466087,-0.15788583,-0.12434345,-0.11230643,-0.063823454,-0.15459023,-0.11419349,-0.10007019,-0.24483351,-0.15475279,-0.15807171,-0.16344379,-0.1759062,-0.12524253,-0.15473813,-0.0782174,-0.19187105,-0.18185812,-0.09859173,-0.11065883,-0.15441275,-0.15775931,-0.083404,-0.1213824,-0.13072303,-0.13855581,-0.19385117,-0.15471517,-0.15807715,-0.19487974,-0.23847799,-0.2432746,-0.12960982,-0.15454693,-0.15804824,-0.14520228,-0.2961179,-0.15475205,-0.19813283,-0.12984303,-0.15468754,-0.060104962,-0.15931924,-0.15475023,-0.2028091,-0.2868003,-0.11816878,-0.14795661,-0.10060286,-0.15459326,-0.13614628,-0.20725825,-0.17393659,-0.125103,-0.15657571,-0.15690626,-0.15474884,-0.1580796,-0.16221246,-0.22200036,-0.13000782,-0.2814266,-0.1547532,-0.1915083,-0.24371436,-0.16952515,-0.15466408,-0.13369927,-0.12557748,-0.15474567,-0.18106565,-0.15475295,-0.18642783,-0.15469499,-0.30462334,-0.15463993,-0.14691104,-0.13029914,-0.15473992,-0.15806723,-0.18915205,-0.12992951,-0.15474498,-0.10481856,-0.1650517,-0.15474264,-0.15808162,-0.15805167,-0.12953123,-0.15464745,-0.1580472,-0.15803814,-0.15804967,-0.15805818,-0.16505513,-0.17392421,-0.1547381,-0.15807441,-0.15806414,-0.15807493,-0.2025511,-0.15354379,-0.14723541,-0.15372345,-0.11499533,-0.10471026,-0.11893196,-0.15474185,-0.1580021,-0.1298902,-0.19501048,-0.15474969,-0.18738703,-0.11705899,-0.17429145,-0.15473987,-0.06652963,-0.15449557,-0.10737923,-0.124497145,-0.15298569,-0.052188452,-0.26007295
k__Bacteria|p__Actinobacteria|c__Actinomycetia|o__Corynebacteriales|f__Gordoniaceae|g__Gordonia|s__Gordonia_otitidis,-0.1004395,-0.12316422,-0.15484518,-0.15820608,-0.15820637,-0.23867357,-0.1666669,-0.16813041,-0.10929718,-0.22895765,-0.23728925,-0.15485075,-0.22850217,-0.3768707,-0.08556121,-0.15439457,-0.058144663,-0.15424296,-0.15813442,-0.19931981,-0.1978925,-0.1296786,-0.15481022,-0.12711628,-0.20043859,-0.11658599,-0.182019,-0.25032333,-0.1509206,-0.15481557,-0.15142563,-0.10844302,-0.18249588,-0.28454733,-0.15483546,-0.12988564,-0.15484798,-0.22338755,-0.15485117,-0.29867563,-0.15485126,-0.29356226,-0.12912685,-0.15467954,-0.13691942,-0.15484488,-0.23188588,-0.24781659,-0.1296162,-0.12989211,-0.24679694,-0.18279888,-0.25087595,-0.26027086,-0.28621647,-0.27511892,-0.11894142,-0.15475155,-0.040142577,-0.056944285,-0.15401116,-0.11274739,-0.13743341,-0.12976472,-0.15482594,-0.15820101,-0.1582061,-0.15820688,-0.27573854,-0.15480563,-0.12976608,-0.16243835,-0.12334165,-0.14074792,-0.15481192,-0.15887658,-0.14481027,-0.12986869,-0.18691605,-0.14998752,-0.15483734,-0.1581817,-0.15819451,-0.15811963,-0.120334074,-0.13700745,-0.08858878,-0.15483053,-0.19008024,-0.15484335,-0.2004665,-0.11139822,-0.1388583,-0.13027036,-0.1074974,-0.15152657,-0.15473303,-0.15787075,-0.10065024,-0.08152827,-0.09427856,-0.15478975,-0.11960925,-0.15027548,-0.16982608,-0.1185138,-0.15480839,-0.15819913,-0.17738779,-0.15176103,-0.15484661,-0.25953975,-0.17989698,-0.13525523,-0.15484343,-0.15095688,-0.17780018,-0.2009549,-0.15481946,-0.09015879,-0.15450943,-0.12151222,-0.121854745,-0.13997786,-0.21433522,-0.13908121,-0.16057305,-0.15476209,-0.07092635,-0.15413031,-0.15730433,-0.18733518,-0.15454644,-0.12975304,-0.12334781,-0.14100276,-0.1547971,-0.114095174,-0.25318068,-0.26654312,-0.12894648,-0.10945694,-0.1547871,-0.09238048,-0.20963459,-0.15484369,-0.15810782,-0.1292272,-0.15476203,-0.16015086,-0.1553517,-0.15484865,-0.19704957,-0.20616047,-0.12859803,-0.10460003,-0.11361031,-0.10256614,-0.15484023,-0.19495486,-0.15481293,-0.1291385,-0.15466678,-0.041086134,-0.12967405,-0.15484715,-0.2300741,-0.15482286,-0.10384405,-0.15325034,-0.0784167,-0.15468583,-0.12766197,-0.15470842,-0.121451,-0.075820275,-0.09192432,-0.101488546,-0.15454541,-0.15809916,-0.12378413,-0.15467554,-0.1410757,-0.13984437,-0.18093297,-0.15485004,-0.25777104,-0.12844054,-0.15474746,-0.13462572,-0.119081676,-0.15481693,-0.15820152,-0.1582034,-0.15820467,-0.19755594,-0.25103784,-0.20219928,-0.19465852,-0.24831252,-0.20506537,-0.22091979,-0.15483281,-0.12944792,-0.11956477,-0.1548276,-0.15819733,-0.20931396,-0.18224281,-0.15481728,-0.32474133,-0.1548479,-0.15820767,-0.15820643,-0.15820602,-0.2185038,-0.15481651,-0.114121355,-0.1548197,-0.15819009,-0.15819761,-0.22984435,-0.15484084,-0.1581772,-0.08963354,-0.15472585,-0.1581527,-0.15817194,-0.15817407,-0.13302092,-0.1051107,-0.14014931,-0.15141064,-0.15839578,-0.15615125,-0.14613561,-0.15483683,-0.12319561,-0.12983686,-0.15479553,-0.15820746,-0.15820694,-0.15820694,-0.1582075,-0.38518023,-0.11451449,-0.1548045,-0.15564899,-0.14443555,-0.16636807,-0.15484256,-0.15811864,-0.12993515,-0.047159404,-0.14808434,-0.14016809,-0.14106366,-0.15467985,-0.19987361,-0.1649412,-0.17166539,-0.15481785,-0.15816063,-0.12722544,-0.14610182,-0.2588673,-0.12963012,-0.15470664,-0.09132757,-0.12832497,-0.13684332,-0.16221203,-0.15659244,-0.12900543,-0.15455927,-0.15810186,-0.15815657,-0.15819411,-0.15740095,-0.19795567,-0.15106063,-0.07294749,-0.2039893,-0.1548051,-0.1581553,-0.104459345,-0.15444797,-0.17466888,-0.13176009,-0.15481393,-0.15109587,-0.10913184,-0.15463063,-0.05825615,-0.14326635,-0.17082691,-0.15474454,-0.18883844,-0.15484913,-0.31316653,-0.1548379,-0.16808087,-0.14331596,-0.15484053,-0.15820356,-0.25088155,-0.15484954,-0.22115314,-0.07562123,-0.086852394,-0.10702289,-0.060967896,-0.1472575,-0.16796505,-0.15746465,-0.22133875,-0.12812386,-0.0969081,-0.16398169,-0.12716047,-0.11335766,-0.18846886,-0.12983052,-0.17755464,-0.0994983,-0.115196005,-0.15474622,-0.11662802,-0.19749595,-0.14526704,-0.12781724,-0.096878245,-0.1547473,-0.15798602,-0.12434345,-0.11230643,-0.063823454,-0.1546687,-0.11419349,-0.10007019,-0.24483351,-0.15485016,-0.1581941,-0.16344379,-0.1759062,-0.12524253,-0.1548337,-0.0782174,-0.19187105,-0.18185812,-0.09859173,-0.11065883,-0.1544697,-0.15784445,-0.083404,-0.1213824,-0.13072303,-0.13855581,-0.19385117,-0.1548079,-0.15820009,-0.19487974,-0.23847799,-0.2432746,-0.12946376,-0.15461965,-0.15816763,-0.14520228,-0.2961179,-0.15484932,-0.19813283,-0.1297278,-0.15477705,-0.060104962,-0.15931924,-0.1548473,-0.2028091,-0.2868003,-0.11816878,-0.14795661,-0.10060286,-0.15467128,-0.13614628,-0.20725825,-0.17393659,-0.125103,-0.15657571,-0.15690626,-0.15484571,-0.15820283,-0.16221246,-0.22200036,-0.12990896,-0.2814266,-0.15485062,-0.1915083,-0.24371436,-0.16952515,-0.15475243,-0.13369927,-0.12557748,-0.15484217,-0.18106565,-0.15485033,-0.18642783,-0.15478581,-0.30462334,-0.15472335,-0.14691104,-0.13029914,-0.1548357,-0.15818894,-0.18915205,-0.1298224,-0.1548414,-0.10481856,-0.1650517,-0.15483877,-0.15820509,-0.15817195,-0.1293835,-0.15473221,-0.15816641,-0.15815635,-0.15816924,-0.1581789,-0.16505513,-0.17392421,-0.15483367,-0.15819699,-0.15818545,-0.15819758,-0.2025511,-0.15354379,-0.14723541,-0.15369296,-0.11499533,-0.10471026,-0.11893196,-0.15483788,-0.15811707,-0.12977916,-0.19501048,-0.1548467,-0.18738703,-0.11705899,-0.17429145,-0.15483597,-0.06652963,-0.15456381,-0.10737923,-0.124497145,-0.15298569,-0.052188452,-0.26007295
k__Bacteria|p__Actinobacteria|c__Actinomycetia|o__Corynebacteriales|f__Corynebacteriaceae|g__Corynebacterium|s__Corynebacterium_simulans,-0.1004395,-0.12316422,-0.15510765,-0.1584551,-0.15845537,-0.23867357,-0.1666669,-0.16813041,-0.10929718,-0.22895765,-0.23728925,-0.15511224,-0.22850217,-0.3768707,-0.08556121,-0.15472734,-0.058144663,-0.15459818,-0.15839566,-0.19931981,-0.1978925,-0.13006257,-0.15507838,-0.12711628,-0.20043859,-0.11658599,-0.182019,-0.25032333,-0.1509206,-0.15508315,-0.15142563,-0.10844302,-0.18249588,-0.28454733,-0.15509944,-0.13024604,-0.15510994,-0.22338755,-0.1551126,-0.29867563,-0.15511265,-0.29356226,-0.12956625,-0.15497114,-0.13691942,-0.1551073,-0.23188588,-0.24781659,-0.1296162,-0.1302518,-0.24679694,-0.18279888,-0.25087595,-0.26027086,-0.28621647,-0.27511892,-0.11894142,-0.1550293,-0.040142577,-0.056944285,-0.15441808,-0.11274739,-0.13743341,-0.13014,-0.15509179,-0.15845087,-0.15845516,-0.15845577,-0.27573854,-0.15507472,-0.13014111,-0.16243835,-0.12334165,-0.14074792,-0.15507984,-0.15887658,-0.14481027,-0.13023081,-0.18691605,-0.14998752,-0.15510106,-0.15843481,-0.1584456,-0.15838316,-0.120334074,-0.13700745,-0.08858878,-0.15509534,-0.19008024,-0.15510607,-0.2004665,-0.11139822,-0.1388583,-0.13027036,-0.1074974,-0.15152657,-0.15501374,-0.15815979,-0.10065024,-0.08152827,-0.09427856,-0.15506116,-0.11960925,-0.15027548,-0.16982608,-0.1185138,-0.15507725,-0.15844932,-0.17738779,-0.15176103,-0.15510881,-0.25953975,-0.17989698,-0.13525523,-0.1551061,-0.15095688,-0.17780018,-0.2009549,-0.15508664,-0.09015879,-0.1548251,-0.12151222,-0.121854745,-0.13997786,-0.21433522,-0.13908121,-0.16057305,-0.1550379,-0.07092635,-0.15450847,-0.15771566,-0.18733518,-0.15486366,-0.13012695,-0.12334781,-0.14100276,-0.15506744,-0.114095174,-0.25318068,-0.26654312,-0.12940075,-0.10945694,-0.15505892,-0.09238048,-0.20963459,-0.15510634,-0.15837622,-0.12964958,-0.15503863,-0.16015086,-0.1553517,-0.15511051,-0.19704957,-0.20616047,-0.12912336,-0.10460003,-0.11361031,-0.10256614,-0.15510342,-0.19495486,-0.15508068,-0.1295918,-0.15495776,-0.041086134,-0.12967405,-0.15510929,-0.2300741,-0.15508933,-0.10384405,-0.15376538,-0.0784167,-0.15497509,-0.12766197,-0.1549933,-0.121451,-0.075820275,-0.09192432,-0.101488546,-0.15485582,-0.15836541,-0.12378413,-0.15496112,-0.1410757,-0.13984437,-0.18093297,-0.15511164,-0.25777104,-0.12844054,-0.15502578,-0.13462572,-0.119081676,-0.15508379,-0.15845132,-0.15845288,-0.15845394,-0.19755594,-0.25103784,-0.20219928,-0.19465852,-0.24831252,-0.20506537,-0.22091979,-0.15509745,-0.12984952,-0.11956477,-0.15509285,-0.15844786,-0.20931396,-0.18224281,-0.15508449,-0.32474133,-0.15510985,-0.15845644,-0.15845543,-0.15845507,-0.2185038,-0.15508406,-0.114121355,-0.1550867,-0.15844211,-0.1584481,-0.22984435,-0.15510392,-0.15843165,-0.08963354,-0.15500842,-0.15841025,-0.15842691,-0.15842816,-0.13302092,-0.1051107,-0.14014931,-0.15141064,-0.15839578,-0.15615125,-0.14613561,-0.15510051,-0.12319561,-0.13020504,-0.15506679,-0.15845627,-0.15845583,-0.15845583,-0.15845633,-0.38518023,-0.11451449,-0.15507378,-0.15564899,-0.14443555,-0.16636807,-0.15510549,-0.15838403,-0.12993515,-0.047159404,-0.14955959,-0.14016809,-0.14106366,-0.15497038,-0.19987361,-0.1649412,-0.17166539,-0.15508474,-0.15841675,-0.12722544,-0.14610182,-0.2588673,-0.13001418,-0.15499124,-0.09132757,-0.12832497,-0.13684332,-0.16221203,-0.15659244,-0.12945896,-0.15486981,-0.15836802,-0.15841366,-0.15844512,-0.15740095,-0.19795567,-0.15106063,-0.07294749,-0.2039893,-0.15507445,-0.15841231,-0.104459345,-0.1547355,-0.17466888,-0.13176009,-0.15508124,-0.15109587,-0.10913184,-0.15492862,-0.05825615,-0.14326635,-0.17082691,-0.15502408,-0.18883844,-0.1551109,-0.31316653,-0.15510179,-0.16808087,-0.14331596,-0.1551037,-0.15845308,-0.25088155,-0.15511125,-0.22115314,-0.07562123,-0.086852394,-0.10702289,-0.060967896,-0.14886823,-0.16796505,-0.15746465,-0.22133875,-0.12812386,-0.0969081,-0.16398169,-0.12716047,-0.11335766,-0.18846886,-0.13019794,-0.17755464,-0.0994983,-0.115196005,-0.15502524,-0.11662802,-0.19749595,-0.14526704,-0.12781724,-0.096878245,-0.15502524,-0.15827096,-0.12434345,-0.11230643,-0.063823454,-0.15495981,-0.11419349,-0.10007019,-0.24483351,-0.15511174,-0.15844545,-0.16344379,-0.1759062,-0.12524253,-0.15509796,-0.0782174,-0.19187105,-0.18185812,-0.09859173,-0.11065883,-0.15479258,-0.15815258,-0.083404,-0.1213824,-0.13072303,-0.13855581,-0.19385117,-0.15507688,-0.15845013,-0.19487974,-0.23847799,-0.2432746,-0.1298911,-0.1549192,-0.15842327,-0.14520228,-0.2961179,-0.15511106,-0.19813283,-0.13010663,-0.15505111,-0.060104962,-0.15931924,-0.15510939,-0.2028091,-0.2868003,-0.11816878,-0.14795661,-0.10060286,-0.15496342,-0.13614628,-0.20725825,-0.17393659,-0.125103,-0.15657571,-0.15690626,-0.15510808,-0.15845239,-0.16221246,-0.22200036,-0.13026612,-0.2814266,-0.15511213,-0.1915083,-0.24371436,-0.16952515,-0.15503122,-0.13369927,-0.12557748,-0.15510513,-0.18106565,-0.15511191,-0.18642783,-0.15505907,-0.30462334,-0.15500723,-0.14691104,-0.13029914,-0.15509972,-0.1584408,-0.18915205,-0.13019069,-0.15510443,-0.10481856,-0.1650517,-0.15510236,-0.15845431,-0.15842742,-0.12981103,-0.1550129,-0.15842244,-0.15841383,-0.15842474,-0.15843245,-0.16505513,-0.17392421,-0.15509811,-0.15844752,-0.15843801,-0.15844801,-0.2025511,-0.15354379,-0.14723541,-0.15416218,-0.11499533,-0.10471026,-0.11893196,-0.15510154,-0.15838204,-0.130152,-0.19501048,-0.1551089,-0.18738703,-0.11705899,-0.17429145,-0.1551001,-0.06652963,-0.15487064,-0.10737923,-0.124497145,-0.15298569,-0.052188452,-0.26007295
k__Bacteria|p__Actinobacteria|c__Coriobacteriia|o__Coriobacteriales|f__Atopobiaceae|g__Olsenella|s__Olsenella_uli,-0.1004395,-0.12316422,-0.1549189,-0.15826046,-0.1582607,-0.23867357,-0.1666669,-0.16813041,-0.10929718,-0.22895765,-0.23728925,-0.15492322,-0.22850217,-0.3768707,-0.08556121,-0.15456092,-0.058144663,-0.15444157,-0.15820444,-0.19931981,-0.1978925,-0.1299375,-0.1548914,-0.12711628,-0.20043859,-0.11658599,-0.182019,-0.25032333,-0.1509206,-0.1548958,-0.15142563,-0.10844302,-0.18249588,-0.28454733,-0.15491137,-0.13010143,-0.15492105,-0.22338755,-0.15492356,-0.29867563,-0.1549236,-0.29356226,-0.12950324,-0.15479013,-0.13691942,-0.15491858,-0.23188588,-0.24781659,-0.1296162,-0.13010666,-0.24679694,-0.18279888,-0.25087595,-0.26027086,-0.28621647,-0.27511892,-0.11894142,-0.15484542,-0.040142577,-0.056944285,-0.15426932,-0.11274739,-0.13743341,-0.13000673,-0.15490395,-0.15825649,-0.15826051,-0.15826109,-0.27573854,-0.15488827,-0.13000733,-0.16243835,-0.12334165,-0.14074792,-0.15489277,-0.15887658,-0.14481027,-0.1300879,-0.18691605,-0.14998752,-0.15491271,-0.15824139,-0.15825151,-0.15819272,-0.120334074,-0.13700745,-0.08858878,-0.15490738,-0.19008024,-0.15491742,-0.2004665,-0.11139822,-0.1388583,-0.13027036,-0.1074974,-0.15152657,-0.15483081,-0.15799303,-0.10065024,-0.08152827,-0.09427856,-0.15487525,-0.11960925,-0.15027548,-0.16982608,-0.1185138,-0.15489021,-0.15825504,-0.17738779,-0.15176103,-0.15492,-0.25953975,-0.17989698,-0.13525523,-0.15491748,-0.15095688,-0.17780018,-0.2009549,-0.15489921,-0.09015879,-0.15465435,-0.12151222,-0.121854745,-0.13997786,-0.21433522,-0.13908121,-0.16057305,-0.15485346,-0.07092635,-0.15435612,-0.15756239,-0.18733518,-0.15468773,-0.12999895,-0.12334781,-0.14100276,-0.15488112,-0.114095174,-0.25318068,-0.26654312,-0.12935744,-0.10945694,-0.15487322,-0.09238048,-0.20963459,-0.15491766,-0.15818512,-0.12958194,-0.15485373,-0.16015086,-0.1553517,-0.15492158,-0.19704957,-0.20616047,-0.12910168,-0.10460003,-0.11361031,-0.10256614,-0.15491493,-0.19495486,-0.15489364,-0.12952359,-0.15477797,-0.041086134,-0.12967405,-0.15492043,-0.2300741,-0.15490155,-0.10384405,-0.15365702,-0.0784167,-0.15479386,-0.12766197,-0.15481153,-0.121451,-0.075820275,-0.09192432,-0.101488546,-0.15468347,-0.15817633,-0.12378413,-0.15478313,-0.1410757,-0.13984437,-0.18093297,-0.15492265,-0.25777104,-0.12844054,-0.15484257,-0.13462572,-0.119081676,-0.15489656,-0.15825692,-0.15825838,-0.15825936,-0.19755594,-0.25103784,-0.20219928,-0.19465852,-0.24831252,-0.20506537,-0.22091979,-0.15490928,-0.12975664,-0.11956477,-0.15490502,-0.15825365,-0.20931396,-0.18224281,-0.15489727,-0.32474133,-0.15492098,-0.15826172,-0.15826076,-0.15826042,-0.2185038,-0.15489659,-0.114121355,-0.15489912,-0.15824816,-0.15825385,-0.22984435,-0.15491542,-0.15823841,-0.08963354,-0.15482557,-0.15821841,-0.15823391,-0.1582352,-0.13302092,-0.1051107,-0.14014931,-0.15141064,-0.15839578,-0.15615125,-0.14613561,-0.15491222,-0.12319561,-0.13006347,-0.15488036,-0.15826155,-0.15826115,-0.15826115,-0.1582616,-0.38518023,-0.11451449,-0.15488705,-0.15564899,-0.14443555,-0.16636807,-0.15491685,-0.15819314,-0.12993515,-0.047159404,-0.14967504,-0.14016809,-0.14106366,-0.15478975,-0.19987361,-0.1649412,-0.17166539,-0.1548974,-0.15822457,-0.12722544,-0.14610182,-0.2588673,-0.12989616,-0.1548099,-0.09132757,-0.12832497,-0.13684332,-0.16221203,-0.15659244,-0.12941125,-0.15469514,-0.15817875,-0.15822157,-0.15825108,-0.15740095,-0.19795567,-0.15106063,-0.07294749,-0.2039893,-0.15488766,-0.15822038,-0.104459345,-0.15461047,-0.17466888,-0.13176009,-0.15489417,-0.15109587,-0.10913184,-0.15475067,-0.05825615,-0.14326635,-0.17082691,-0.15484032,-0.18883844,-0.15492195,-0.31316653,-0.15491334,-0.16808087,-0.14331596,-0.1549152,-0.15825854,-0.25088155,-0.15492228,-0.22115314,-0.07562123,-0.086852394,-0.10702289,-0.060967896,-0.14903277,-0.16796505,-0.15746465,-0.22133875,-0.12812386,-0.0969081,-0.16398169,-0.12716047,-0.11335766,-0.18846886,-0.13005796,-0.17755464,-0.0994983,-0.115196005,-0.15484142,-0.11662802,-0.19749595,-0.14526704,-0.12781724,-0.096878245,-0.15484169,-0.15808772,-0.12434345,-0.11230643,-0.063823454,-0.15478012,-0.11419349,-0.10007019,-0.24483351,-0.15492275,-0.15825124,-0.16344379,-0.1759062,-0.12524253,-0.15490982,-0.0782174,-0.19187105,-0.18185812,-0.09859173,-0.11065883,-0.15462351,-0.15797646,-0.083404,-0.1213824,-0.13072303,-0.13855581,-0.19385117,-0.1548899,-0.15825577,-0.19487974,-0.23847799,-0.2432746,-0.12977287,-0.15474203,-0.15823047,-0.14520228,-0.2961179,-0.1549221,-0.19813283,-0.12997669,-0.15486571,-0.060104962,-0.15931924,-0.15492055,-0.2028091,-0.2868003,-0.11816878,-0.14795661,-0.10060286,-0.15478322,-0.13614628,-0.20725825,-0.17393659,-0.125103,-0.15657571,-0.15690626,-0.1549193,-0.15825792,-0.16221246,-0.22200036,-0.13011989,-0.2814266,-0.15492311,-0.1915083,-0.24371436,-0.16952515,-0.15484706,-0.13369927,-0.12557748,-0.15491652,-0.18106565,-0.1549229,-0.18642783,-0.15487309,-0.30462334,-0.15482426,-0.14691104,-0.13029914,-0.15491143,-0.15824702,-0.18915205,-0.13005118,-0.15491587,-0.10481856,-0.1650517,-0.15491392,-0.1582597,-0.15823404,-0.1297049,-0.15483007,-0.15822966,-0.15822165,-0.15823184,-0.15823916,-0.16505513,-0.17392421,-0.15490992,-0.15825334,-0.15824439,-0.15825379,-0.2025511,-0.15354379,-0.14723541,-0.15402666,-0.11499533,-0.10471026,-0.11893196,-0.15491316,-0.1581912,-0.13001618,-0.19501048,-0.15492007,-0.18738703,-0.11705899,-0.17429145,-0.15491165,-0.06652963,-0.15469664,-0.10737923,-0.124497145,-0.15298569,-0.052188452,-0.26007295
k__Bacteria|p__Actinobacteria|c__Coriobacteriia|o__Coriobacteriales|f__Atopobiaceae|g__Olsenella|s__Olsenella_urininfantis,-0.1004395,-0.12316422,-0.15535665,-0.15864837,-0.15864864,-0.23867357,-0.1666669,-0.16813041,-0.10929718,-0.22895765,-0.23728925,-0.15536138,-0.22850217,-0.3768707,-0.08556121,-0.15496579,-0.058144663,-0.1548299,-0.15858704,-0.19931981,-0.1978925,-0.13072349,-0.1553264,-0.12711628,-0.20043859,-0.11658599,-0.182019,-0.25032333,-0.1509206,-0.15533145,-0.15142563,-0.10844302,-0.18249588,-0.28454733,-0.15534844,-0.13090914,-0.15535901,-0.22338755,-0.15536176,-0.29867563,-0.15536183,-0.29356226,-0.13023199,-0.15521634,-0.13691942,-0.15535629,-0.23188588,-0.24781659,-0.1296162,-0.13091518,-0.24679694,-0.18279888,-0.25087595,-0.26027086,-0.28621647,-0.27511892,-0.11894142,-0.15527579,-0.040142577,-0.056944285,-0.154647,-0.11274739,-0.13743341,-0.13080212,-0.15534037,-0.15864399,-0.15864843,-0.15864906,-0.27573854,-0.15532303,-0.1308037,-0.16243835,-0.12334165,-0.14074792,-0.15532795,-0.15887658,-0.14481027,-0.1308939,-0.18691605,-0.14998752,-0.15534984,-0.15862742,-0.15863861,-0.15857519,-0.120334074,-0.13700745,-0.08858878,-0.15534395,-0.19008024,-0.155355,-0.2004665,-0.11139822,-0.1388583,-0.13027036,-0.1074974,-0.15152657,-0.15525967,-0.15835728,-0.10065024,-0.08152827,-0.09427856,-0.15530857,-0.11960925,-0.15027548,-0.16982608,-0.1185138,-0.15532532,-0.15864241,-0.17738779,-0.15176103,-0.15535784,-0.25953975,-0.17989698,-0.13525523,-0.15535507,-0.15095688,-0.17780018,-0.2009549,-0.15533543,-0.09015879,-0.1550648,-0.12151222,-0.121854745,-0.13997786,-0.21433522,-0.13908121,-0.16057305,-0.15528452,-0.07092635,-0.15474011,-0.15789044,-0.18733518,-0.15510729,-0.1307917,-0.12334781,-0.14100276,-0.1553151,-0.114095174,-0.25318068,-0.26654312,-0.13005146,-0.10945694,-0.1553063,-0.09238048,-0.20963459,-0.15535527,-0.15856719,-0.1303136,-0.15528546,-0.16015086,-0.1553517,-0.1553596,-0.19704957,-0.20616047,-0.12975408,-0.10460003,-0.11361031,-0.10256614,-0.15535223,-0.19495486,-0.15532893,-0.13023993,-0.15520167,-0.041086134,-0.12967405,-0.15535837,-0.2300741,-0.15533769,-0.10384405,-0.15397444,-0.0784167,-0.15521961,-0.12766197,-0.15523857,-0.121451,-0.075820275,-0.09192432,-0.101488546,-0.1550973,-0.15855566,-0.12378413,-0.15521064,-0.1410757,-0.13984437,-0.18093297,-0.15536076,-0.25777104,-0.12844054,-0.1552726,-0.13462572,-0.119081676,-0.15533194,-0.15864447,-0.15864606,-0.15864715,-0.19755594,-0.25103784,-0.20219928,-0.19465852,-0.24831252,-0.20506537,-0.22091979,-0.15534621,-0.13051477,-0.11956477,-0.15534133,-0.15864089,-0.20931396,-0.18224281,-0.15533312,-0.32474133,-0.15535891,-0.15864974,-0.15864867,-0.15864831,-0.2185038,-0.15533227,-0.114121355,-0.15533511,-0.15863505,-0.15864113,-0.22984435,-0.15535277,-0.15862432,-0.08963354,-0.15525433,-0.1586019,-0.15861934,-0.15862045,-0.13302092,-0.1051107,-0.14014931,-0.15141064,-0.15839578,-0.15615125,-0.14613561,-0.15534922,-0.12319561,-0.13086706,-0.15531471,-0.15864956,-0.15864912,-0.15864912,-0.1586496,-0.38518023,-0.11451449,-0.15532172,-0.15564899,-0.14443555,-0.16636807,-0.15535444,-0.15857545,-0.12993515,-0.047159404,-0.14966398,-0.14016809,-0.14106366,-0.15521516,-0.19987361,-0.1649412,-0.17166539,-0.15533298,-0.15860859,-0.12722544,-0.14610182,-0.2588673,-0.1306747,-0.15523654,-0.09132757,-0.12832497,-0.13684332,-0.16221203,-0.15659244,-0.13009982,-0.15511149,-0.15855841,-0.15860552,-0.15863803,-0.15740095,-0.19795567,-0.15106063,-0.07294749,-0.2039893,-0.15532252,-0.15860397,-0.104459345,-0.15500128,-0.17466888,-0.13176009,-0.15532924,-0.15109587,-0.10913184,-0.15517187,-0.05825615,-0.14326635,-0.17082691,-0.15527058,-0.18883844,-0.15536001,-0.31316653,-0.1553507,-0.16808087,-0.14331596,-0.15535259,-0.15864627,-0.25088155,-0.15536039,-0.22115314,-0.07562123,-0.086852394,-0.10702289,-0.060967896,-0.14894918,-0.16796505,-0.15746465,-0.22133875,-0.12812386,-0.0969081,-0.16398169,-0.12716047,-0.11335766,-0.18846886,-0.13086033,-0.17755464,-0.0994983,-0.115196005,-0.15527166,-0.11662802,-0.19749595,-0.14526704,-0.12781724,-0.096878245,-0.15527125,-0.15845814,-0.12434345,-0.11230643,-0.063823454,-0.1552041,-0.11419349,-0.10007019,-0.24483351,-0.15536088,-0.15863839,-0.16344379,-0.1759062,-0.12524253,-0.15534663,-0.0782174,-0.19187105,-0.18185812,-0.09859173,-0.11065883,-0.15503132,-0.15833616,-0.083404,-0.1213824,-0.13072303,-0.13855581,-0.19385117,-0.15532503,-0.15864322,-0.19487974,-0.23847799,-0.2432746,-0.13053516,-0.15516216,-0.15861554,-0.14520228,-0.2961179,-0.15536016,-0.19813283,-0.13076721,-0.15529843,-0.060104962,-0.15931924,-0.15535846,-0.2028091,-0.2868003,-0.11816878,-0.14795661,-0.10060286,-0.1552082,-0.13614628,-0.20725825,-0.17393659,-0.125103,-0.15657571,-0.15690626,-0.15535711,-0.15864554,-0.16221246,-0.22200036,-0.13092987,-0.2814266,-0.15536128,-0.1915083,-0.24371436,-0.16952515,-0.15527862,-0.13369927,-0.12557748,-0.15535408,-0.18106565,-0.15536103,-0.18642783,-0.1553071,-0.30462334,-0.15525347,-0.14691104,-0.13029914,-0.15534848,-0.15863356,-0.18915205,-0.13085267,-0.15535331,-0.10481856,-0.1650517,-0.15535125,-0.15864754,-0.15861978,-0.130453,-0.15525877,-0.15861478,-0.15860581,-0.15861712,-0.15862493,-0.16505513,-0.17392421,-0.15534687,-0.15864053,-0.15863073,-0.15864101,-0.2025511,-0.15354379,-0.14723541,-0.15438682,-0.11499533,-0.10471026,-0.11893196,-0.15535036,-0.15857336,-0.13081348,-0.19501048,-0.15535796,-0.18738703,-0.11705899,-0.17429145,-0.15534878,-0.06652963,-0.1551123,-0.10737923,-0.124497145,-0.15298569,-0.052188452,-0.26007295
k__Bacteria|p__Actinobacteria|c__Coriobacteriia|o__Coriobacteriales|f__Coriobacteriaceae|g__GGB9399|s__GGB9399_SGB14744,-0.1004395,-0.12316422,-0.15485476,-0.15814812,-0.15814842,-0.23867357,-0.1666669,-0.16813041,-0.10929718,-0.22895765,-0.23728925,-0.1548599,-0.22850217,-0.3768707,-0.08556121,-0.15442581,-0.058144663,-0.15428196,-0.15808132,-0.19931981,-0.1978925,-0.13019736,-0.15482187,-0.12711628,-0.20043859,-0.11658599,-0.182019,-0.25032333,-0.1509206,-0.1548273,-0.15142563,-0.10844302,-0.18249588,-0.28454733,-0.15484586,-0.13039535,-0.15485732,-0.22338755,-0.1548603,-0.29867563,-0.15486038,-0.29356226,-0.129674,-0.15470183,-0.13691942,-0.15485436,-0.23188588,-0.24781659,-0.1296162,-0.13040182,-0.24679694,-0.18279888,-0.25087595,-0.26027086,-0.28621647,-0.27511892,-0.11894142,-0.15476689,-0.040142577,-0.056944285,-0.15408173,-0.11274739,-0.13743341,-0.13028136,-0.15483703,-0.15814337,-0.1581482,-0.15814888,-0.27573854,-0.15481815,-0.13028274,-0.16243835,-0.12334165,-0.14074792,-0.15482353,-0.15887658,-0.14481027,-0.13037932,-0.18691605,-0.14998752,-0.15484735,-0.15812536,-0.1581375,-0.15806827,-0.120334074,-0.13700745,-0.08858878,-0.15484095,-0.19008024,-0.15485299,-0.2004665,-0.11139822,-0.1388583,-0.13027036,-0.1074974,-0.15152657,-0.15474933,-0.15782458,-0.10065024,-0.08152827,-0.09427856,-0.1548025,-0.11960925,-0.15027548,-0.16982608,-0.1185138,-0.15482062,-0.15814164,-0.17738779,-0.15176103,-0.15485606,-0.25953975,-0.17989698,-0.13525523,-0.15485305,-0.15095688,-0.17780018,-0.2009549,-0.1548315,-0.09015879,-0.15453778,-0.12151222,-0.121854745,-0.13997786,-0.21433522,-0.13908121,-0.16057305,-0.15477641,-0.07092635,-0.15418245,-0.1573212,-0.18733518,-0.15458201,-0.1302726,-0.12334781,-0.14100276,-0.15480961,-0.114095174,-0.25318068,-0.26654312,-0.12948446,-0.10945694,-0.15480003,-0.09238048,-0.20963459,-0.15485328,-0.1580588,-0.12976561,-0.15477708,-0.16015086,-0.1553517,-0.15485793,-0.19704957,-0.20616047,-0.12917043,-0.10460003,-0.11361031,-0.10256614,-0.15484998,-0.19495486,-0.15482455,-0.12968273,-0.154686,-0.041086134,-0.12967405,-0.15485662,-0.2300741,-0.15483415,-0.10384405,-0.15334468,-0.0784167,-0.15470538,-0.12766197,-0.15472633,-0.121451,-0.075820275,-0.09192432,-0.101488546,-0.15457323,-0.15804738,-0.12378413,-0.15469365,-0.1410757,-0.13984437,-0.18093297,-0.15485923,-0.25777104,-0.12844054,-0.1547634,-0.13462572,-0.119081676,-0.15482792,-0.1581439,-0.15814564,-0.15814681,-0.19755594,-0.25103784,-0.20219928,-0.19465852,-0.24831252,-0.20506537,-0.22091979,-0.15484339,-0.12997976,-0.11956477,-0.15483809,-0.15814,-0.20931396,-0.18224281,-0.15482908,-0.32474133,-0.15485722,-0.15814961,-0.15814847,-0.15814808,-0.2185038,-0.15482828,-0.114121355,-0.15483128,-0.15813363,-0.15814024,-0.22984435,-0.15485054,-0.15812199,-0.08963354,-0.15474343,-0.15809768,-0.15811653,-0.15811783,-0.13302092,-0.1051107,-0.14014931,-0.15141064,-0.15839578,-0.15615125,-0.14613561,-0.15484671,-0.12319561,-0.13034993,-0.15480904,-0.15814942,-0.15814894,-0.15814894,-0.15814948,-0.38518023,-0.11451449,-0.15481675,-0.15564899,-0.14443555,-0.16636807,-0.15485233,-0.15806861,-0.12993515,-0.047159404,-0.14863792,-0.14016809,-0.14106366,-0.15470076,-0.19987361,-0.1649412,-0.17166539,-0.15482903,-0.15810496,-0.12722544,-0.14610182,-0.2588673,-0.13014688,-0.15472421,-0.09132757,-0.12832497,-0.13684332,-0.16221203,-0.15659244,-0.12953815,-0.15458803,-0.15805042,-0.15810156,-0.1581369,-0.15740095,-0.19795567,-0.15106063,-0.07294749,-0.2039893,-0.15481758,-0.15809995,-0.104459345,-0.15445301,-0.17466888,-0.13176009,-0.15482503,-0.15109587,-0.10913184,-0.15465316,-0.05825615,-0.14326635,-0.17082691,-0.1547611,-0.18883844,-0.15485841,-0.31316653,-0.15484829,-0.16808087,-0.14331596,-0.15485035,-0.15814584,-0.25088155,-0.1548588,-0.22115314,-0.07562123,-0.086852394,-0.10702289,-0.060967896,-0.1478687,-0.16796505,-0.15746465,-0.22133875,-0.12812386,-0.0969081,-0.16398169,-0.12716047,-0.11335766,-0.18846886,-0.13034305,-0.17755464,-0.0994983,-0.115196005,-0.1547623,-0.11662802,-0.19749595,-0.14526704,-0.12781724,-0.096878245,-0.15476201,-0.15794137,-0.12434345,-0.11230643,-0.063823454,-0.15468884,-0.11419349,-0.10007019,-0.24483351,-0.15485935,-0.1581372,-0.16344379,-0.1759062,-0.12524253,-0.15484387,-0.0782174,-0.19187105,-0.18185812,-0.09859173,-0.11065883,-0.15450093,-0.15780842,-0.083404,-0.1213824,-0.13072303,-0.13855581,-0.19385117,-0.1548203,-0.15814252,-0.19487974,-0.23847799,-0.2432746,-0.12999035,-0.15464321,-0.1581124,-0.14520228,-0.2961179,-0.15485859,-0.19813283,-0.13024458,-0.15479136,-0.060104962,-0.15931924,-0.15485671,-0.2028091,-0.2868003,-0.11816878,-0.14795661,-0.10060286,-0.15469317,-0.13614628,-0.20725825,-0.17393659,-0.125103,-0.15657571,-0.15690626,-0.15485525,-0.15814507,-0.16221246,-0.22200036,-0.13041769,-0.2814266,-0.15485978,-0.1915083,-0.24371436,-0.16952515,-0.15476935,-0.13369927,-0.12557748,-0.15485194,-0.18106565,-0.15485951,-0.18642783,-0.15480074,-0.30462334,-0.15474233,-0.14691104,-0.13029914,-0.15484586,-0.15813205,-0.18915205,-0.13033484,-0.15485114,-0.10481856,-0.1650517,-0.15484887,-0.15814723,-0.15811697,-0.12990512,-0.1547484,-0.15811153,-0.15810186,-0.15811408,-0.15812263,-0.16505513,-0.17392421,-0.15484408,-0.15813962,-0.15812896,-0.15814015,-0.2025511,-0.15354379,-0.14723541,-0.15379715,-0.11499533,-0.10471026,-0.11893196,-0.15484789,-0.15806621,-0.13029271,-0.19501048,-0.15485618,-0.18738703,-0.11705899,-0.17429145,-0.15484618,-0.06652963,-0.15458858,-0.10737923,-0.124497145,-0.15298569,-0.052188452,-0.26007295
k__Bacteria|p__Actinobacteria|c__Coriobacteriia|o__Eggerthellales|f__Eggerthellaceae|g__Gordonibacter|s__Gordonibacter_sp_An232A,-0.1004395,-0.12316422,-0.15504748,-0.15839182,-0.15839209,-0.23867357,-0.1666669,-0.16813041,-0.10929718,-0.22895765,-0.23728925,-0.15505238,-0.22850217,-0.3768707,-0.08556121,-0.1546468,-0.058144663,-0.1545155,-0.15832865,-0.19931981,-0.1978925,-0.1300212,-0.15501662,-0.12711628,-0.20043859,-0.11658599,-0.182019,-0.25032333,-0.1509206,-0.15502132,-0.15142563,-0.10844302,-0.18249588,-0.28454733,-0.15503873,-0.13020998,-0.15504995,-0.22338755,-0.15505275,-0.29867563,-0.15505281,-0.29356226,-0.12952286,-0.15490131,-0.13691942,-0.15504718,-0.23188588,-0.24781659,-0.1296162,-0.13021581,-0.24679694,-0.18279888,-0.25087595,-0.26027086,-0.28621647,-0.27511892,-0.11894142,-0.1549648,-0.040142577,-0.056944285,-0.15431285,-0.11274739,-0.13743341,-0.13009962,-0.15503052,-0.15838736,-0.15839186,-0.15839252,-0.27573854,-0.15501192,-0.13010183,-0.16243835,-0.12334165,-0.14074792,-0.15501817,-0.15887658,-0.14481027,-0.13019457,-0.18691605,-0.14998752,-0.15504056,-0.15837033,-0.15838163,-0.15831348,-0.120334074,-0.13700745,-0.08858878,-0.15503457,-0.19008024,-0.15504587,-0.2004665,-0.11139822,-0.1388583,-0.13027036,-0.1074974,-0.15152657,-0.15494856,-0.15808088,-0.10065024,-0.08152827,-0.09427856,-0.15499854,-0.11960925,-0.15027548,-0.16982608,-0.1185138,-0.15501502,-0.1583857,-0.17738779,-0.15176103,-0.1550487,-0.25953975,-0.17989698,-0.13525523,-0.15504593,-0.15095688,-0.17780018,-0.2009549,-0.15502435,-0.09015879,-0.15475118,-0.12151222,-0.121854745,-0.13997786,-0.21433522,-0.13908121,-0.16057305,-0.1549741,-0.07092635,-0.15441526,-0.15759704,-0.18733518,-0.15478255,-0.1300877,-0.12334781,-0.14100276,-0.1550051,-0.114095174,-0.25318068,-0.26654312,-0.12933505,-0.10945694,-0.15499625,-0.09238048,-0.20963459,-0.15504616,-0.15830451,-0.12959988,-0.15497403,-0.16015086,-0.1553517,-0.15505053,-0.19704957,-0.20616047,-0.12903088,-0.10460003,-0.11361031,-0.10256614,-0.1550431,-0.19495486,-0.15501851,-0.12951538,-0.1548898,-0.041086134,-0.12967405,-0.1550492,-0.2300741,-0.15502746,-0.10384405,-0.15363067,-0.0784167,-0.15490669,-0.12766197,-0.15492684,-0.121451,-0.075820275,-0.09192432,-0.101488546,-0.15478252,-0.15829748,-0.12378413,-0.15489227,-0.1410757,-0.13984437,-0.18093297,-0.15505174,-0.25777104,-0.12844054,-0.15495968,-0.13462572,-0.119081676,-0.15502256,-0.1583878,-0.15838945,-0.15839057,-0.19755594,-0.25103784,-0.20219928,-0.19465852,-0.24831252,-0.20506537,-0.22091979,-0.15503642,-0.12980154,-0.11956477,-0.15503198,-0.15838411,-0.20931396,-0.18224281,-0.15502259,-0.32474133,-0.15504988,-0.15839323,-0.15839213,-0.15839177,-0.2185038,-0.15502179,-0.114121355,-0.15502502,-0.1583777,-0.15838435,-0.22984435,-0.15504366,-0.15836619,-0.08963354,-0.15494221,-0.15834479,-0.15836175,-0.15836361,-0.13302092,-0.1051107,-0.14014931,-0.15141064,-0.15839578,-0.15615125,-0.14613561,-0.15504012,-0.12319561,-0.13016638,-0.15500371,-0.15839304,-0.15839256,-0.15839258,-0.15839309,-0.38518023,-0.11451449,-0.15501162,-0.15564899,-0.14443555,-0.16636807,-0.15504515,-0.15831435,-0.12993515,-0.047159404,-0.14909059,-0.14016809,-0.14106366,-0.15490186,-0.19987361,-0.1649412,-0.17166539,-0.1550234,-0.15835178,-0.12722544,-0.14610182,-0.2588673,-0.12997104,-0.154925,-0.09132757,-0.12832497,-0.13684332,-0.16221203,-0.15659244,-0.129387,-0.1547947,-0.15829991,-0.15834817,-0.15838127,-0.15740095,-0.19795567,-0.15106063,-0.07294749,-0.2039893,-0.15501213,-0.15834704,-0.104459345,-0.15467265,-0.17466888,-0.13176009,-0.15501994,-0.15109587,-0.10913184,-0.15485755,-0.05825615,-0.14326635,-0.17082691,-0.1549588,-0.18883844,-0.15505093,-0.31316653,-0.15504104,-0.16808087,-0.14331596,-0.15504336,-0.1583896,-0.25088155,-0.15505132,-0.22115314,-0.07562123,-0.086852394,-0.10702289,-0.060967896,-0.14836304,-0.16796505,-0.15746465,-0.22133875,-0.12812386,-0.0969081,-0.16398169,-0.12716047,-0.11335766,-0.18846886,-0.1301599,-0.17755464,-0.0994983,-0.115196005,-0.15496019,-0.11662802,-0.19749595,-0.14526704,-0.12781724,-0.096878245,-0.15496114,-0.15819749,-0.12434345,-0.11230643,-0.063823454,-0.15489143,-0.11419349,-0.10007019,-0.24483351,-0.15505186,-0.1583811,-0.16344379,-0.1759062,-0.12524253,-0.15503737,-0.0782174,-0.19187105,-0.18185812,-0.09859173,-0.11065883,-0.15471609,-0.15807265,-0.083404,-0.1213824,-0.13072303,-0.13855581,-0.19385117,-0.1550146,-0.15838654,-0.19487974,-0.23847799,-0.2432746,-0.12982771,-0.15484846,-0.15835795,-0.14520228,-0.2961179,-0.15505113,-0.19813283,-0.13006477,-0.15498734,-0.060104962,-0.15931924,-0.15504932,-0.2028091,-0.2868003,-0.11816878,-0.14795661,-0.10060286,-0.15489405,-0.13614628,-0.20725825,-0.17393659,-0.125103,-0.15657571,-0.15690626,-0.15504795,-0.15838894,-0.16221246,-0.22200036,-0.13023078,-0.2814266,-0.15505224,-0.1915083,-0.24371436,-0.16952515,-0.15496425,-0.13369927,-0.12557748,-0.15504481,-0.18106565,-0.155052,-0.18642783,-0.1549946,-0.30462334,-0.15494014,-0.14691104,-0.13029914,-0.15503912,-0.15837672,-0.18915205,-0.13015282,-0.15504414,-0.10481856,-0.1650517,-0.15504181,-0.15839095,-0.15836117,-0.12974147,-0.15494779,-0.15835688,-0.158348,-0.15835938,-0.15836784,-0.16505513,-0.17392421,-0.15503733,-0.15838382,-0.15837368,-0.15838435,-0.2025511,-0.15354379,-0.14723541,-0.15403247,-0.11499533,-0.10471026,-0.11893196,-0.15504104,-0.15831216,-0.13011383,-0.19501048,-0.15504879,-0.18738703,-0.11705899,-0.17429145,-0.15503901,-0.06652963,-0.15479851,-0.10737923,-0.124497145,-0.15298569,-0.052188452,-0.26007295
k__Bacteria|p__Actinobacteria|c__Coriobacteriia|o__Eggerthellales|f__Eggerthellaceae|g__GGB45432|s__GGB45432_SGB63101,-0.1004395,-0.12316422,-0.1543927,-0.15767616,-0.15767643,-0.23867357,-0.1666669,-0.16813041,-0.10929718,-0.22895765,-0.23728925,-0.15439771,-0.22850217,-0.3768707,-0.08556121,-0.1539779,-0.058144663,-0.15383789,-0.15761134,-0.19931981,-0.1978925,-0.12981598,-0.1543608,-0.12711628,-0.20043859,-0.11658599,-0.182019,-0.25032333,-0.1509206,-0.15436602,-0.15142563,-0.10844302,-0.18249588,-0.28454733,-0.15438393,-0.13000725,-0.15439521,-0.22338755,-0.1543981,-0.29867563,-0.15439817,-0.29356226,-0.12930848,-0.15424392,-0.13691942,-0.15439233,-0.23188588,-0.24781659,-0.1296162,-0.13001336,-0.24679694,-0.18279888,-0.25087595,-0.26027086,-0.28621647,-0.27511892,-0.11894142,-0.15430751,-0.040142577,-0.056944285,-0.15364197,-0.11274739,-0.13743341,-0.12989675,-0.15437546,-0.15767153,-0.15767619,-0.15767688,-0.27573854,-0.15435736,-0.1298979,-0.16243835,-0.12334165,-0.14074792,-0.15436241,-0.15887658,-0.14481027,-0.1299913,-0.18691605,-0.14998752,-0.15438554,-0.15765406,-0.15766582,-0.15759824,-0.120334074,-0.13700745,-0.08858878,-0.15437932,-0.19008024,-0.15439098,-0.2004665,-0.11139822,-0.1388583,-0.13027036,-0.1074974,-0.15152657,-0.15429048,-0.15736577,-0.10065024,-0.08152827,-0.09427856,-0.15434204,-0.11960925,-0.15027548,-0.16982608,-0.1185138,-0.15435955,-0.15766984,-0.17738779,-0.15176103,-0.15439397,-0.25953975,-0.17989698,-0.13525523,-0.15439105,-0.15095688,-0.17780018,-0.2009549,-0.15437004,-0.09015879,-0.1540854,-0.12151222,-0.121854745,-0.13997786,-0.21433522,-0.13908121,-0.16057305,-0.15431677,-0.07092635,-0.15374136,-0.15687215,-0.18733518,-0.1541277,-0.12988651,-0.12334781,-0.14100276,-0.15434891,-0.114095174,-0.25318068,-0.26654312,-0.12914385,-0.10945694,-0.15433967,-0.09238048,-0.20963459,-0.15439127,-0.15758967,-0.12940657,-0.15431738,-0.16015086,-0.1553517,-0.15439582,-0.19704957,-0.20616047,-0.12884265,-0.10460003,-0.11361031,-0.10256614,-0.15438807,-0.19495486,-0.1543634,-0.12933423,-0.15422922,-0.041086134,-0.12967405,-0.15439452,-0.2300741,-0.1543726,-0.10384405,-0.15293267,-0.0784167,-0.15424806,-0.12766197,-0.15426818,-0.121451,-0.075820275,-0.09192432,-0.101488546,-0.15411946,-0.15757845,-0.12378413,-0.15423653,-0.1410757,-0.13984437,-0.18093297,-0.15439706,-0.25777104,-0.12844054,-0.1543045,-0.13462572,-0.119081676,-0.15436673,-0.15767202,-0.15767372,-0.15767488,-0.19755594,-0.25103784,-0.20219928,-0.19465852,-0.24831252,-0.20506537,-0.22091979,-0.15438165,-0.12960863,-0.11956477,-0.15437657,-0.15766825,-0.20931396,-0.18224281,-0.15436777,-0.32474133,-0.1543951,-0.15767759,-0.15767646,-0.1576761,-0.2185038,-0.15436709,-0.114121355,-0.15436992,-0.157662,-0.15766849,-0.22984435,-0.15438867,-0.15765077,-0.08963354,-0.15428466,-0.15762725,-0.15764546,-0.15764676,-0.13302092,-0.1051107,-0.14014931,-0.15141064,-0.15839578,-0.15615125,-0.14613561,-0.15438491,-0.12319561,-0.12996316,-0.15434827,-0.15767741,-0.15767694,-0.15767694,-0.15767744,-0.38518023,-0.11451449,-0.15435582,-0.15564899,-0.14443555,-0.16636807,-0.15439036,-0.15759876,-0.12993515,-0.047159404,-0.14835033,-0.14016809,-0.14106366,-0.15424323,-0.19987361,-0.1649412,-0.17166539,-0.15436776,-0.15763432,-0.12722544,-0.14610182,-0.2588673,-0.12976936,-0.15426615,-0.09132757,-0.12832497,-0.13684332,-0.16221203,-0.15659244,-0.1292114,-0.15413404,-0.15758136,-0.157631,-0.15766525,-0.15740095,-0.19795567,-0.15106063,-0.07294749,-0.2039893,-0.15435663,-0.15762952,-0.104459345,-0.1540322,-0.17466888,-0.13176009,-0.1543639,-0.15109587,-0.10913184,-0.15419763,-0.05825615,-0.14326635,-0.17082691,-0.15430179,-0.18883844,-0.15439627,-0.31316653,-0.15438639,-0.16808087,-0.14331596,-0.15438843,-0.15767393,-0.25088155,-0.15439665,-0.22115314,-0.07562123,-0.086852394,-0.10702289,-0.060967896,-0.14760327,-0.16796505,-0.15746465,-0.22133875,-0.12812386,-0.0969081,-0.16398169,-0.12716047,-0.11335766,-0.18846886,-0.12995666,-0.17755464,-0.0994983,-0.115196005,-0.15430298,-0.11662802,-0.19749595,-0.14526704,-0.12781724,-0.096878245,-0.15430287,-0.1574757,-0.12434345,-0.11230643,-0.063823454,-0.1542318,-0.11419349,-0.10007019,-0.24483351,-0.15439716,-0.1576655,-0.16344379,-0.1759062,-0.12524253,-0.15438217,-0.0782174,-0.19187105,-0.18185812,-0.09859173,-0.11065883,-0.15404989,-0.15734679,-0.083404,-0.1213824,-0.13072303,-0.13855581,-0.19385117,-0.15435924,-0.1576707,-0.19487974,-0.23847799,-0.2432746,-0.12962812,-0.1541876,-0.15764147,-0.14520228,-0.2961179,-0.15439641,-0.19813283,-0.12986183,-0.15433118,-0.060104962,-0.15931924,-0.15439463,-0.2028091,-0.2868003,-0.11816878,-0.14795661,-0.10060286,-0.15423575,-0.13614628,-0.20725825,-0.17393659,-0.125103,-0.15657571,-0.15690626,-0.15439318,-0.15767318,-0.16221246,-0.22200036,-0.13002875,-0.2814266,-0.15439758,-0.1915083,-0.24371436,-0.16952515,-0.15430975,-0.13369927,-0.12557748,-0.15438998,-0.18106565,-0.15439732,-0.18642783,-0.15434,-0.30462334,-0.15428346,-0.14691104,-0.13029914,-0.15438408,-0.15766054,-0.18915205,-0.1299485,-0.1543892,-0.10481856,-0.1650517,-0.15438697,-0.15767527,-0.15764573,-0.12955225,-0.15428956,-0.15764058,-0.1576312,-0.15764308,-0.15765142,-0.16505513,-0.17392421,-0.15438235,-0.15766788,-0.15765753,-0.15766841,-0.2025511,-0.15354379,-0.14723541,-0.15336443,-0.11499533,-0.10471026,-0.11893196,-0.15438607,-0.15759651,-0.12990795,-0.19501048,-0.15439409,-0.18738703,-0.11705899,-0.17429145,-0.15438434,-0.06652963,-0.15413472,-0.10737923,-0.124497145,-0.15298569,-0.052188452,-0.26007295
k__Bacteria|p__Actinobacteria|c__Coriobacteriia|o__Eggerthellales|f__Eggerthellaceae|g__Eggerthella|s__Eggerthella_sinensis,-0.1004395,-0.12316422,-0.15528542,-0.15863541,-0.15863578,-0.23867357,-0.1666669,-0.16813041,-0.10929718,-0.22895765,-0.23728925,-0.15529242,-0.22850217,-0.3768707,-0.08556121,-0.15471202,-0.058144663,-0.15453196,-0.15854529,-0.19931981,-0.1978925,-0.13013436,-0.15524143,-0.12711628,-0.20043859,-0.11658599,-0.182019,-0.25032333,-0.1509206,-0.15524785,-0.15142563,-0.10844302,-0.18249588,-0.28454733,-0.15527213,-0.1304073,-0.15528896,-0.22338755,-0.15529296,-0.29867563,-0.15529305,-0.29356226,-0.12939414,-0.15507534,-0.13691942,-0.15528506,-0.23188588,-0.24781659,-0.1296162,-0.13041559,-0.24679694,-0.18279888,-0.25087595,-0.26027086,-0.28621647,-0.27511892,-0.11894142,-0.15516774,-0.040142577,-0.056944285,-0.15423831,-0.11274739,-0.13743341,-0.13024652,-0.15526116,-0.15862903,-0.15863544,-0.15863639,-0.27573854,-0.15523294,-0.13025016,-0.16243835,-0.12334165,-0.14074792,-0.15524381,-0.15887658,-0.14481027,-0.13038455,-0.18691605,-0.14998752,-0.15527564,-0.15860483,-0.15862083,-0.15851727,-0.120334074,-0.13700745,-0.08858878,-0.15526709,-0.19008024,-0.15528315,-0.2004665,-0.11139822,-0.1388583,-0.13027036,-0.1074974,-0.15152657,-0.15514487,-0.15815532,-0.10065024,-0.08152827,-0.09427856,-0.15521577,-0.11960925,-0.15027548,-0.16982608,-0.1185138,-0.15523893,-0.15862668,-0.17738779,-0.15176103,-0.1552872,-0.25953975,-0.17989698,-0.13525523,-0.15528323,-0.15095688,-0.17780018,-0.2009549,-0.15525058,-0.09015879,-0.15486482,-0.12151222,-0.121854745,-0.13997786,-0.21433522,-0.13908121,-0.16057305,-0.15518118,-0.07092635,-0.15438434,-0.15749797,-0.18733518,-0.15490304,-0.13022429,-0.12334781,-0.14100276,-0.15522519,-0.114095174,-0.25318068,-0.26654312,-0.1291484,-0.10945694,-0.15521266,-0.09238048,-0.20963459,-0.1552836,-0.15850589,-0.12952244,-0.15518054,-0.16015086,-0.1553517,-0.15528978,-0.19704957,-0.20616047,-0.1287265,-0.10460003,-0.11361031,-0.10256614,-0.15527928,-0.19495486,-0.1552424,-0.12940355,-0.1550614,-0.041086134,-0.12967405,-0.15528786,-0.2300741,-0.15525532,-0.10384405,-0.15326473,-0.0784167,-0.1550848,-0.12766197,-0.15511382,-0.121451,-0.075820275,-0.09192432,-0.101488546,-0.15490785,-0.15850142,-0.12378413,-0.15505007,-0.1410757,-0.13984437,-0.18093297,-0.15529153,-0.25777104,-0.12844054,-0.1551553,-0.13462572,-0.119081676,-0.15525016,-0.15862966,-0.15863204,-0.15863363,-0.19755594,-0.25103784,-0.20219928,-0.19465852,-0.24831252,-0.20506537,-0.22091979,-0.15526919,-0.12981042,-0.11956477,-0.15526345,-0.15862441,-0.20931396,-0.18224281,-0.15524858,-0.32474133,-0.15528888,-0.1586374,-0.15863585,-0.15863533,-0.2185038,-0.15524758,-0.114121355,-0.15525329,-0.1586151,-0.15862471,-0.22984435,-0.15528005,-0.15859717,-0.08963354,-0.15513518,-0.15856871,-0.15859249,-0.15859541,-0.13302092,-0.1051107,-0.14014931,-0.15141064,-0.15839578,-0.15615125,-0.14613561,-0.15527503,-0.12319561,-0.13034458,-0.15522292,-0.15863714,-0.15863645,-0.15863648,-0.1586372,-0.38518023,-0.11451449,-0.1552344,-0.15564899,-0.14443555,-0.16636807,-0.15528211,-0.15852255,-0.12993515,-0.047159404,-0.14677086,-0.14016809,-0.14106366,-0.15507822,-0.19987361,-0.1649412,-0.17166539,-0.15525123,-0.15857877,-0.12722544,-0.14610182,-0.2588673,-0.13006413,-0.15511112,-0.09132757,-0.12832497,-0.13684332,-0.16221203,-0.15659244,-0.12922782,-0.15492442,-0.15850464,-0.15857336,-0.15862039,-0.15740095,-0.19795567,-0.15106063,-0.07294749,-0.2039893,-0.15523496,-0.15857196,-0.104459345,-0.15470724,-0.17466888,-0.13176009,-0.1552465,-0.15109587,-0.10913184,-0.15501387,-0.05825615,-0.14326635,-0.17082691,-0.15515907,-0.18883844,-0.15529037,-0.31316653,-0.15527602,-0.16808087,-0.14331596,-0.1552796,-0.1586322,-0.25088155,-0.1552909,-0.22115314,-0.07562123,-0.086852394,-0.10702289,-0.060967896,-0.14573717,-0.16796505,-0.15746465,-0.22133875,-0.12812386,-0.0969081,-0.16398169,-0.12716047,-0.11335766,-0.18846886,-0.13033451,-0.17755464,-0.0994983,-0.115196005,-0.15516114,-0.11662802,-0.19749595,-0.14526704,-0.12781724,-0.096878245,-0.15516296,-0.15835887,-0.12434345,-0.11230643,-0.063823454,-0.15506312,-0.11419349,-0.10007019,-0.24483351,-0.15529168,-0.15861931,-0.16344379,-0.1759062,-0.12524253,-0.15527111,-0.0782174,-0.19187105,-0.18185812,-0.09859173,-0.11065883,-0.1548148,-0.15818143,-0.083404,-0.1213824,-0.13072303,-0.13855581,-0.19385117,-0.15523845,-0.15862788,-0.19487974,-0.23847799,-0.2432746,-0.12986821,-0.15500222,-0.1585871,-0.14520228,-0.2961179,-0.15529063,-0.19813283,-0.13019732,-0.15519953,-0.060104962,-0.15931924,-0.15528804,-0.2028091,-0.2868003,-0.11816878,-0.14795661,-0.10060286,-0.15506631,-0.13614628,-0.20725825,-0.17393659,-0.125103,-0.15657571,-0.15690626,-0.15528609,-0.15863131,-0.16221246,-0.22200036,-0.13043705,-0.2814266,-0.15529224,-0.1915083,-0.24371436,-0.16952515,-0.15516004,-0.13369927,-0.12557748,-0.15528162,-0.18106565,-0.15529191,-0.18642783,-0.15520714,-0.30462334,-0.1551322,-0.14691104,-0.13029914,-0.15527353,-0.15861398,-0.18915205,-0.13032423,-0.15528065,-0.10481856,-0.1650517,-0.15527731,-0.15863416,-0.1585893,-0.12974732,-0.1551438,-0.15858544,-0.15857288,-0.15858904,-0.15860121,-0.16505513,-0.17392421,-0.15527095,-0.15862405,-0.15860957,-0.15862478,-0.2025511,-0.15354379,-0.14723541,-0.15383393,-0.11499533,-0.10471026,-0.11893196,-0.15527627,-0.15851715,-0.1302694,-0.19501048,-0.15528728,-0.18738703,-0.11705899,-0.17429145,-0.15527202,-0.06652963,-0.15493092,-0.10737923,-0.124497145,-0.15298569,-0.052188452,-0.26007295
k__Bacteria|p__Actinobacteria|c__Coriobacteriia|o__Coriobacteriales|f__Coriobacteriaceae|g__Olegusella|s__Olegusella_massiliensis,-0.1004395,-0.12316422,-0.15516916,-0.15851796,-0.15851824,-0.23867357,-0.1666669,-0.16813041,-0.10929718,-0.22895765,-0.23728925,-0.15517421,-0.22850217,-0.3768707,-0.08556121,-0.15474549,-0.058144663,-0.15461051,-0.15845245,-0.19931981,-0.1978925,-0.13010292,-0.15513705,-0.12711628,-0.20043859,-0.11658599,-0.182019,-0.25032333,-0.1509206,-0.15514222,-0.15142563,-0.10844302,-0.18249588,-0.28454733,-0.15516022,-0.13029833,-0.15517169,-0.22338755,-0.1551746,-0.29867563,-0.15517467,-0.29356226,-0.12958273,-0.15501866,-0.13691942,-0.1551688,-0.23188588,-0.24781659,-0.1296162,-0.13030452,-0.24679694,-0.18279888,-0.25087595,-0.26027086,-0.28621647,-0.27511892,-0.11894142,-0.15508322,-0.040142577,-0.056944285,-0.15441191,-0.11274739,-0.13743341,-0.13018578,-0.15515172,-0.15851331,-0.158518,-0.15851867,-0.27573854,-0.15513268,-0.13018647,-0.16243835,-0.12334165,-0.14074792,-0.15513873,-0.15887658,-0.14481027,-0.1302821,-0.18691605,-0.14998752,-0.15516195,-0.1584957,-0.1585075,-0.15843686,-0.120334074,-0.13700745,-0.08858878,-0.15515572,-0.19008024,-0.15516743,-0.2004665,-0.11139822,-0.1388583,-0.13027036,-0.1074974,-0.15152657,-0.1550664,-0.15818568,-0.10065024,-0.08152827,-0.09427856,-0.1551182,-0.11960925,-0.15027548,-0.16982608,-0.1185138,-0.15513563,-0.15851161,-0.17738779,-0.15176103,-0.15517044,-0.25953975,-0.17989698,-0.13525523,-0.15516752,-0.15095688,-0.17780018,-0.2009549,-0.1551457,-0.09015879,-0.15486005,-0.12151222,-0.121854745,-0.13997786,-0.21433522,-0.13908121,-0.16057305,-0.15509278,-0.07092635,-0.15450926,-0.15770361,-0.18733518,-0.15489835,-0.13017443,-0.12334781,-0.14100276,-0.15512511,-0.114095174,-0.25318068,-0.26654312,-0.12940562,-0.10945694,-0.15511584,-0.09238048,-0.20963459,-0.15516774,-0.15842909,-0.12967859,-0.15509285,-0.16015086,-0.1553517,-0.1551723,-0.19704957,-0.20616047,-0.12910293,-0.10460003,-0.11361031,-0.10256614,-0.15516455,-0.19495486,-0.1551393,-0.12960838,-0.15500434,-0.041086134,-0.12967405,-0.15517098,-0.2300741,-0.15514874,-0.10384405,-0.15368384,-0.0784167,-0.15502274,-0.12766197,-0.15504375,-0.121451,-0.075820275,-0.09192432,-0.101488546,-0.15489367,-0.15841967,-0.12378413,-0.1550019,-0.1410757,-0.13984437,-0.18093297,-0.15517356,-0.25777104,-0.12844054,-0.15507805,-0.13462572,-0.119081676,-0.15514308,-0.15851378,-0.15851551,-0.15851668,-0.19755594,-0.25103784,-0.20219928,-0.19465852,-0.24831252,-0.20506537,-0.22091979,-0.15515786,-0.12988754,-0.11956477,-0.15515298,-0.15851,-0.20931396,-0.18224281,-0.15514353,-0.32474133,-0.1551716,-0.15851942,-0.15851828,-0.1585179,-0.2185038,-0.15514249,-0.114121355,-0.15514606,-0.15850359,-0.15851021,-0.22984435,-0.15516514,-0.15849146,-0.08963354,-0.15505996,-0.15846887,-0.15848699,-0.1584885,-0.13302092,-0.1051107,-0.14014931,-0.15141064,-0.15839578,-0.15615125,-0.14613561,-0.15516138,-0.12319561,-0.13025391,-0.15512426,-0.15851922,-0.15851873,-0.15851875,-0.15851927,-0.38518023,-0.11451449,-0.15513204,-0.15564899,-0.14443555,-0.16636807,-0.15516679,-0.15843916,-0.12993515,-0.047159404,-0.14905286,-0.14016809,-0.14106366,-0.15501863,-0.19987361,-0.1649412,-0.17166539,-0.15514411,-0.1584761,-0.12722544,-0.14610182,-0.2588673,-0.13005221,-0.15504159,-0.09132757,-0.12832497,-0.13684332,-0.16221203,-0.15659244,-0.12947491,-0.15490685,-0.15842247,-0.15847254,-0.15850699,-0.15740095,-0.19795567,-0.15106063,-0.07294749,-0.2039893,-0.15513274,-0.15847111,-0.104459345,-0.15476692,-0.17466888,-0.13176009,-0.15514034,-0.15109587,-0.10913184,-0.15497157,-0.05825615,-0.14326635,-0.17082691,-0.15507752,-0.18883844,-0.15517274,-0.31316653,-0.15516266,-0.16808087,-0.14331596,-0.15516487,-0.15851569,-0.25088155,-0.15517312,-0.22115314,-0.07562123,-0.086852394,-0.10702289,-0.060967896,-0.14830664,-0.16796505,-0.15746465,-0.22133875,-0.12812386,-0.0969081,-0.16398169,-0.12716047,-0.11335766,-0.18846886,-0.1302469,-0.17755464,-0.0994983,-0.115196005,-0.15507875,-0.11662802,-0.19749595,-0.14526704,-0.12781724,-0.096878245,-0.15507895,-0.15831605,-0.12434345,-0.11230643,-0.063823454,-0.15500659,-0.11419349,-0.10007019,-0.24483351,-0.15517366,-0.15850708,-0.16344379,-0.1759062,-0.12524253,-0.15515861,-0.0782174,-0.19187105,-0.18185812,-0.09859173,-0.11065883,-0.15482411,-0.15818611,-0.083404,-0.1213824,-0.13072303,-0.13855581,-0.19385117,-0.15513536,-0.15851247,-0.19487974,-0.23847799,-0.2432746,-0.12991324,-0.15496251,-0.15848297,-0.14520228,-0.2961179,-0.15517291,-0.19813283,-0.13014954,-0.15510699,-0.060104962,-0.15931924,-0.15517108,-0.2028091,-0.2868003,-0.11816878,-0.14795661,-0.10060286,-0.15501073,-0.13614628,-0.20725825,-0.17393659,-0.125103,-0.15657571,-0.15690626,-0.15516964,-0.15851498,-0.16221246,-0.22200036,-0.13032004,-0.2814266,-0.15517408,-0.1915083,-0.24371436,-0.16952515,-0.15508339,-0.13369927,-0.12557748,-0.15516642,-0.18106565,-0.15517384,-0.18642783,-0.15511507,-0.30462334,-0.15505883,-0.14691104,-0.13029914,-0.15516049,-0.15850228,-0.18915205,-0.13023868,-0.15516564,-0.10481856,-0.1650517,-0.15516336,-0.15851706,-0.15848677,-0.12983176,-0.15506542,-0.15848202,-0.1584726,-0.15848452,-0.15849298,-0.16505513,-0.17392421,-0.1551587,-0.15850964,-0.1584992,-0.15851018,-0.2025511,-0.15354379,-0.14723541,-0.15412894,-0.11499533,-0.10471026,-0.11893196,-0.15516247,-0.15843603,-0.13019732,-0.19501048,-0.15517056,-0.18738703,-0.11705899,-0.17429145,-0.15516044,-0.06652963,-0.15490833,-0.10737923,-0.124497145,-0.15298569,-0.052188452,-0.26007295
k__Bacteria|p__Actinobacteria|c__Actinomycetia|o__Propionibacteriales|f__Propionibacteriaceae|g__GGB73496|s__GGB73496_SGB47079,-0.1004395,-0.12316422,-0.15446742,-0.15785088,-0.15785086,-0.23867357,-0.1666669,-0.16813041,-0.10929718,-0.22895765,-0.23728925,-0.15446743,-0.22850217,-0.3768707,-0.08556121,-0.15442245,-0.058144663,-0.15447512,-0.15784921,-0.19931981,-0.1978925,-0.1293171,-0.15446743,-0.12711628,-0.20043859,-0.11658599,-0.182019,-0.25032333,-0.1509206,-0.15446791,-0.15142563,-0.10844302,-0.18249588,-0.28454733,-0.1544671,-0.12933381,-0.1544675,-0.22338755,-0.15446746,-0.29867563,-0.15446746,-0.29356226,-0.12927608,-0.15446681,-0.13691942,-0.15446757,-0.23188588,-0.24781659,-0.1296162,-0.12933564,-0.24679694,-0.18279888,-0.25087595,-0.26027086,-0.28621647,-0.27511892,-0.11894142,-0.15446544,-0.040142577,-0.056944285,-0.15448907,-0.11274739,-0.13743341,-0.12932372,-0.15446745,-0.15785098,-0.15785086,-0.15785085,-0.27573854,-0.15446067,-0.12932587,-0.16243835,-0.12334165,-0.14074792,-0.1544686,-0.15887658,-0.14481027,-0.12933329,-0.18691605,-0.14998752,-0.15446739,-0.15785116,-0.15785082,-0.15783975,-0.120334074,-0.13700745,-0.08858878,-0.15446767,-0.19008024,-0.1544676,-0.2004665,-0.11139822,-0.1388583,-0.13027036,-0.1074974,-0.15152657,-0.1544702,-0.15777007,-0.10065024,-0.08152827,-0.09427856,-0.15446775,-0.11960925,-0.15027548,-0.16982608,-0.1185138,-0.15446682,-0.15785104,-0.17738779,-0.15176103,-0.15446752,-0.25953975,-0.17989698,-0.13525523,-0.15446764,-0.15095688,-0.17780018,-0.2009549,-0.15446438,-0.09015879,-0.15447213,-0.12151222,-0.121854745,-0.13997786,-0.21433522,-0.13908121,-0.16057305,-0.15446804,-0.07092635,-0.15445402,-0.1578643,-0.18733518,-0.15446118,-0.12930427,-0.12334781,-0.14100276,-0.15446806,-0.114095174,-0.25318068,-0.26654312,-0.12917614,-0.10945694,-0.1544684,-0.09238048,-0.20963459,-0.15446761,-0.15784207,-0.12923536,-0.15446404,-0.16015086,-0.1553517,-0.15446746,-0.19704957,-0.20616047,-0.1290534,-0.10460003,-0.11361031,-0.10256614,-0.15446779,-0.19495486,-0.15446633,-0.12919585,-0.1544689,-0.041086134,-0.12967405,-0.1544675,-0.2300741,-0.15446632,-0.10384405,-0.15437594,-0.0784167,-0.15445927,-0.12766197,-0.15446815,-0.121451,-0.075820275,-0.09192432,-0.101488546,-0.15446588,-0.1578519,-0.12378413,-0.1544213,-0.1410757,-0.13984437,-0.18093297,-0.15446746,-0.25777104,-0.12844054,-0.15445109,-0.13462572,-0.119081676,-0.15446776,-0.15785073,-0.15785085,-0.15785079,-0.19755594,-0.25103784,-0.20219928,-0.19465852,-0.24831252,-0.20506537,-0.22091979,-0.15446669,-0.1292704,-0.11956477,-0.15446788,-0.15785109,-0.20931396,-0.18224281,-0.15446362,-0.32474133,-0.15446755,-0.15785085,-0.15785089,-0.15785088,-0.2185038,-0.15445721,-0.114121355,-0.15446648,-0.15785088,-0.15785065,-0.22984435,-0.15446763,-0.15783742,-0.08963354,-0.15446344,-0.15785156,-0.15785123,-0.15785168,-0.13302092,-0.1051107,-0.14014931,-0.15141064,-0.15839578,-0.15615125,-0.14613561,-0.15446776,-0.12319561,-0.12933506,-0.15446877,-0.15785085,-0.15785086,-0.15785086,-0.15785085,-0.38518023,-0.11451449,-0.1544685,-0.15564899,-0.14443555,-0.16636807,-0.15446767,-0.15784898,-0.12993515,-0.047159404,-0.15460572,-0.14016809,-0.14106366,-0.15447217,-0.19987361,-0.1649412,-0.17166539,-0.1544683,-0.15785244,-0.12722544,-0.14610182,-0.2588673,-0.12930061,-0.15446676,-0.09132757,-0.12832497,-0.13684332,-0.16221203,-0.15659244,-0.12905763,-0.15444952,-0.15785052,-0.15785131,-0.15785089,-0.15740095,-0.19795567,-0.15106063,-0.07294749,-0.2039893,-0.15446801,-0.1578506,-0.104459345,-0.15423846,-0.17466888,-0.13176009,-0.1544686,-0.15109587,-0.10913184,-0.15445389,-0.05825615,-0.14326635,-0.17082691,-0.1544693,-0.18883844,-0.1544675,-0.31316653,-0.1544671,-0.16808087,-0.14331596,-0.15446767,-0.15785082,-0.25088155,-0.15446743,-0.22115314,-0.07562123,-0.086852394,-0.10702289,-0.060967896,-0.15464145,-0.16796505,-0.15746465,-0.22133875,-0.12812386,-0.0969081,-0.16398169,-0.12716047,-0.11335766,-0.18846886,-0.12933272,-0.17755464,-0.0994983,-0.115196005,-0.15446892,-0.11662802,-0.19749595,-0.14526704,-0.12781724,-0.096878245,-0.1544676,-0.15785076,-0.12434345,-0.11230643,-0.063823454,-0.15446249,-0.11419349,-0.10007019,-0.24483351,-0.1544675,-0.15785006,-0.16344379,-0.1759062,-0.12524253,-0.15446794,-0.0782174,-0.19187105,-0.18185812,-0.09859173,-0.11065883,-0.15447414,-0.15785539,-0.083404,-0.1213824,-0.13072303,-0.13855581,-0.19385117,-0.1544679,-0.15785089,-0.19487974,-0.23847799,-0.2432746,-0.12928896,-0.15446843,-0.1578512,-0.14520228,-0.2961179,-0.1544675,-0.19813283,-0.12931217,-0.15446687,-0.060104962,-0.15931924,-0.1544675,-0.2028091,-0.2868003,-0.11816878,-0.14795661,-0.10060286,-0.15446892,-0.13614628,-0.20725825,-0.17393659,-0.125103,-0.15657571,-0.15690626,-0.15446746,-0.15785092,-0.16221246,-0.22200036,-0.12933575,-0.2814266,-0.15446746,-0.1915083,-0.24371436,-0.16952515,-0.15445155,-0.13369927,-0.12557748,-0.15446751,-0.18106565,-0.15446746,-0.18642783,-0.15446164,-0.30462334,-0.15447035,-0.14691104,-0.13029914,-0.15446775,-0.15785111,-0.18915205,-0.12933126,-0.15446755,-0.10481856,-0.1650517,-0.15446767,-0.1578509,-0.15784761,-0.12925977,-0.1544694,-0.15785109,-0.15785047,-0.15785074,-0.15784922,-0.16505513,-0.17392421,-0.15446761,-0.1578511,-0.15785132,-0.15785098,-0.2025511,-0.15354379,-0.14723541,-0.15449226,-0.11499533,-0.10471026,-0.11893196,-0.15446761,-0.15784267,-0.12932979,-0.19501048,-0.15446746,-0.18738703,-0.11705899,-0.17429145,-0.15446508,-0.06652963,-0.15446125,-0.10737923,-0.124497145,-0.15298569,-0.052188452,-0.26007295
k__Bacteria|p__Actinobacteria|c__CFGB76760|o__OFGB76760|f__FGB76760|g__GGB22650|s__GGB22650_SGB63087,-0.1004395,-0.12316422,-0.1551983,-0.15857035,-0.15857065,-0.23867357,-0.1666669,-0.16813041,-0.10929718,-0.22895765,-0.23728925,-0.15520325,-0.22850217,-0.3768707,-0.08556121,-0.15478003,-0.058144663,-0.15464057,-0.15850599,-0.19931981,-0.1978925,-0.12996021,-0.15516648,-0.12711628,-0.20043859,-0.11658599,-0.182019,-0.25032333,-0.1509206,-0.15517195,-0.15142563,-0.10844302,-0.18249588,-0.28454733,-0.15518978,-0.13015394,-0.15520075,-0.22338755,-0.15520364,-0.29867563,-0.1552037,-0.29356226,-0.12944062,-0.15505156,-0.13691942,-0.15519789,-0.23188588,-0.24781659,-0.1296162,-0.1301603,-0.24679694,-0.18279888,-0.25087595,-0.26027086,-0.28621647,-0.27511892,-0.11894142,-0.15511337,-0.040142577,-0.056944285,-0.15445627,-0.11274739,-0.13743341,-0.13004304,-0.15518132,-0.15856576,-0.15857042,-0.1585711,-0.27573854,-0.1551634,-0.13004392,-0.16243835,-0.12334165,-0.14074792,-0.15516815,-0.15887658,-0.14481027,-0.13013786,-0.18691605,-0.14998752,-0.15519112,-0.15854841,-0.15856019,-0.15849385,-0.120334074,-0.13700745,-0.08858878,-0.15518494,-0.19008024,-0.15519655,-0.2004665,-0.11139822,-0.1388583,-0.13027036,-0.1074974,-0.15152657,-0.15509638,-0.1582562,-0.10065024,-0.08152827,-0.09427856,-0.1551477,-0.11960925,-0.15027548,-0.16982608,-0.1185138,-0.15516552,-0.1585641,-0.17738779,-0.15176103,-0.15519953,-0.25953975,-0.17989698,-0.13525523,-0.1551966,-0.15095688,-0.17780018,-0.2009549,-0.15517636,-0.09015879,-0.15489098,-0.12151222,-0.121854745,-0.13997786,-0.21433522,-0.13908121,-0.16057305,-0.15512243,-0.07092635,-0.15454763,-0.15778074,-0.18733518,-0.15493885,-0.13003163,-0.12334781,-0.14100276,-0.15515465,-0.114095174,-0.25318068,-0.26654312,-0.12927179,-0.10945694,-0.15514533,-0.09238048,-0.20963459,-0.15519683,-0.15848592,-0.12954062,-0.15512335,-0.16015086,-0.1553517,-0.15520136,-0.19704957,-0.20616047,-0.12896542,-0.10460003,-0.11361031,-0.10256614,-0.15519363,-0.19495486,-0.1551694,-0.12946588,-0.1550346,-0.041086134,-0.12967405,-0.15520012,-0.2300741,-0.1551787,-0.10384405,-0.1537377,-0.0784167,-0.15505415,-0.12766197,-0.15507413,-0.121451,-0.075820275,-0.09192432,-0.101488546,-0.15492585,-0.15847275,-0.12378413,-0.155041,-0.1410757,-0.13984437,-0.18093297,-0.1552026,-0.25777104,-0.12844054,-0.15511063,-0.13462572,-0.119081676,-0.1551722,-0.15856625,-0.15856795,-0.1585691,-0.19755594,-0.25103784,-0.20219928,-0.19465852,-0.24831252,-0.20506537,-0.22091979,-0.15518752,-0.12974711,-0.11956477,-0.15518215,-0.15856254,-0.20931396,-0.18224281,-0.15517376,-0.32474133,-0.15520065,-0.1585718,-0.15857068,-0.15857029,-0.2185038,-0.155173,-0.114121355,-0.15517583,-0.15855658,-0.15856276,-0.22984435,-0.15519418,-0.15854535,-0.08963354,-0.15509091,-0.15852141,-0.15854004,-0.15854093,-0.13302092,-0.1051107,-0.14014931,-0.15141064,-0.15839578,-0.15615125,-0.14613561,-0.15519041,-0.12319561,-0.13011001,-0.15515459,-0.15857162,-0.15857115,-0.15857115,-0.15857166,-0.38518023,-0.11451449,-0.15516168,-0.15564899,-0.14443555,-0.16636807,-0.15519598,-0.15849501,-0.12993515,-0.047159404,-0.14925441,-0.14016809,-0.14106366,-0.1550501,-0.19987361,-0.1649412,-0.17166539,-0.15517342,-0.15852839,-0.12722544,-0.14610182,-0.2588673,-0.12991025,-0.15507181,-0.09132757,-0.12832497,-0.13684332,-0.16221203,-0.15659244,-0.12934183,-0.15494114,-0.15847592,-0.15852532,-0.1585595,-0.15740095,-0.19795567,-0.15106063,-0.07294749,-0.2039893,-0.15516263,-0.15852354,-0.104459345,-0.15481976,-0.17466888,-0.13176009,-0.15516937,-0.15109587,-0.10913184,-0.15500356,-0.05825615,-0.14326635,-0.17082691,-0.15510818,-0.18883844,-0.15520182,-0.31316653,-0.15519224,-0.16808087,-0.14331596,-0.15519401,-0.1585682,-0.25088155,-0.1552022,-0.22115314,-0.07562123,-0.086852394,-0.10702289,-0.060967896,-0.14851603,-0.16796505,-0.15746465,-0.22133875,-0.12812386,-0.0969081,-0.16398169,-0.12716047,-0.11335766,-0.18846886,-0.13010299,-0.17755464,-0.0994983,-0.115196005,-0.15510915,-0.11662802,-0.19749595,-0.14526704,-0.12781724,-0.096878245,-0.15510827,-0.15837047,-0.12434345,-0.11230643,-0.063823454,-0.15503764,-0.11419349,-0.10007019,-0.24483351,-0.1552027,-0.15856007,-0.16344379,-0.1759062,-0.12524253,-0.15518774,-0.0782174,-0.19187105,-0.18185812,-0.09859173,-0.11065883,-0.1548559,-0.15824196,-0.083404,-0.1213824,-0.13072303,-0.13855581,-0.19385117,-0.15516528,-0.15856495,-0.19487974,-0.23847799,-0.2432746,-0.12976864,-0.15499395,-0.15853602,-0.14520228,-0.2961179,-0.15520196,-0.19813283,-0.13000685,-0.1551373,-0.060104962,-0.15931924,-0.15520018,-0.2028091,-0.2868003,-0.11816878,-0.14795661,-0.10060286,-0.15504286,-0.13614628,-0.20725825,-0.17393659,-0.125103,-0.15657571,-0.15690626,-0.15519877,-0.15856743,-0.16221246,-0.22200036,-0.13017571,-0.2814266,-0.15520313,-0.1915083,-0.24371436,-0.16952515,-0.15511674,-0.13369927,-0.12557748,-0.1551956,-0.18106565,-0.15520287,-0.18642783,-0.15514688,-0.30462334,-0.15509063,-0.14691104,-0.13029914,-0.15518971,-0.1585548,-0.18915205,-0.13009472,-0.15519476,-0.10481856,-0.1650517,-0.15519266,-0.1585695,-0.15854086,-0.12968919,-0.15509531,-0.15853526,-0.15852576,-0.15853769,-0.15854567,-0.16505513,-0.17392421,-0.15518805,-0.15856212,-0.1585519,-0.15856266,-0.2025511,-0.15354379,-0.14723541,-0.1541881,-0.11499533,-0.10471026,-0.11893196,-0.15519166,-0.15849227,-0.13005298,-0.19501048,-0.15519969,-0.18738703,-0.11705899,-0.17429145,-0.1551902,-0.06652963,-0.15493958,-0.10737923,-0.124497145,-0.15298569,-0.052188452,-0.26007295
k__Bacteria|p__Actinobacteria|c__Coriobacteriia|o__Coriobacteriales|f__Coriobacteriaceae|g__Senegalimassilia|s__Senegalimassilia_anaerobia,-0.1004395,-0.12316422,-0.1549558,-0.15825036,-0.15825072,-0.23867357,-0.1666669,-0.16813041,-0.10929718,-0.22895765,-0.23728925,-0.15496188,-0.22850217,-0.3768707,-0.08556121,-0.15445264,-0.058144663,-0.15427744,-0.1581716,-0.19931981,-0.1978925,-0.13026446,-0.15491697,-0.12711628,-0.20043859,-0.11658599,-0.182019,-0.25032333,-0.1509206,-0.1549235,-0.15142563,-0.10844302,-0.18249588,-0.28454733,-0.15494564,-0.13048838,-0.15495881,-0.22338755,-0.15496235,-0.29867563,-0.15496244,-0.29356226,-0.12966174,-0.15477584,-0.13691942,-0.15495533,-0.23188588,-0.24781659,-0.1296162,-0.1304958,-0.24679694,-0.18279888,-0.25087595,-0.26027086,-0.28621647,-0.27511892,-0.11894142,-0.15485218,-0.040142577,-0.056944285,-0.15404297,-0.11274739,-0.13743341,-0.1303591,-0.15493491,-0.15824476,-0.15825045,-0.15825126,-0.27573854,-0.15491417,-0.13035965,-0.16243835,-0.12334165,-0.14074792,-0.15491882,-0.15887658,-0.14481027,-0.13046992,-0.18691605,-0.14998752,-0.15494704,-0.15822345,-0.15823787,-0.15816021,-0.120334074,-0.13700745,-0.08858878,-0.15493944,-0.19008024,-0.15495366,-0.2004665,-0.11139822,-0.1388583,-0.13027036,-0.1074974,-0.15152657,-0.15483111,-0.15789407,-0.10065024,-0.08152827,-0.09427856,-0.15489402,-0.11960925,-0.15027548,-0.16982608,-0.1185138,-0.15491563,-0.15824273,-0.17738779,-0.15176103,-0.15495732,-0.25953975,-0.17989698,-0.13525523,-0.15495375,-0.15095688,-0.17780018,-0.2009549,-0.15492961,-0.09015879,-0.15458077,-0.12151222,-0.121854745,-0.13997786,-0.21433522,-0.13908121,-0.16057305,-0.1548632,-0.07092635,-0.15416436,-0.1572775,-0.18733518,-0.15463862,-0.13034895,-0.12334781,-0.14100276,-0.15490234,-0.114095174,-0.25318068,-0.26654312,-0.12948945,-0.10945694,-0.15489103,-0.09238048,-0.20963459,-0.15495402,-0.15814802,-0.12978598,-0.15486431,-0.16015086,-0.1553517,-0.15495956,-0.19704957,-0.20616047,-0.12912378,-0.10460003,-0.11361031,-0.10256614,-0.15495008,-0.19495486,-0.15492126,-0.12970424,-0.15475643,-0.041086134,-0.12967405,-0.15495801,-0.2300741,-0.15493226,-0.10384405,-0.15318376,-0.0784167,-0.15477997,-0.12766197,-0.15480395,-0.121451,-0.075820275,-0.09192432,-0.101488546,-0.15462354,-0.15813112,-0.12378413,-0.15477549,-0.1410757,-0.13984437,-0.18093297,-0.15496108,-0.25777104,-0.12844054,-0.15485214,-0.13462572,-0.119081676,-0.15492395,-0.15824535,-0.15824741,-0.15824883,-0.19755594,-0.25103784,-0.20219928,-0.19465852,-0.24831252,-0.20506537,-0.22091979,-0.15494269,-0.13002628,-0.11956477,-0.15493608,-0.1582408,-0.20931396,-0.18224281,-0.15492614,-0.32474133,-0.1549587,-0.15825213,-0.15825078,-0.1582503,-0.2185038,-0.15492585,-0.114121355,-0.1549282,-0.15823337,-0.15824106,-0.22984435,-0.1549508,-0.15822038,-0.08963354,-0.1548245,-0.15819055,-0.15821308,-0.15821439,-0.13302092,-0.1051107,-0.14014931,-0.15141064,-0.15839578,-0.15615125,-0.14613561,-0.1549462,-0.12319561,-0.13043526,-0.1549019,-0.15825191,-0.15825133,-0.15825135,-0.15825197,-0.38518023,-0.11451449,-0.15491089,-0.15564899,-0.14443555,-0.16636807,-0.15495294,-0.158158,-0.12993515,-0.047159404,-0.14762987,-0.14016809,-0.14106366,-0.15477368,-0.19987361,-0.1649412,-0.17166539,-0.15492535,-0.1581991,-0.12722544,-0.14610182,-0.2588673,-0.13021547,-0.15480182,-0.09132757,-0.12832497,-0.13684332,-0.16221203,-0.15659244,-0.1295715,-0.15464276,-0.15813497,-0.15819532,-0.1582371,-0.15740095,-0.19795567,-0.15106063,-0.07294749,-0.2039893,-0.15491197,-0.15819333,-0.104459345,-0.15456104,-0.17466888,-0.13176009,-0.15492046,-0.15109587,-0.10913184,-0.15471938,-0.05825615,-0.14326635,-0.17082691,-0.15484515,-0.18883844,-0.15496011,-0.31316653,-0.15494834,-0.16808087,-0.14331596,-0.15495056,-0.15824771,-0.25088155,-0.15496057,-0.22115314,-0.07562123,-0.086852394,-0.10702289,-0.060967896,-0.14672068,-0.16796505,-0.15746465,-0.22133875,-0.12812386,-0.0969081,-0.16398169,-0.12716047,-0.11335766,-0.18846886,-0.13042855,-0.17755464,-0.0994983,-0.115196005,-0.1548466,-0.11662802,-0.19749595,-0.14526704,-0.12781724,-0.096878245,-0.15484601,-0.15800641,-0.12434345,-0.11230643,-0.063823454,-0.15476015,-0.11419349,-0.10007019,-0.24483351,-0.15496121,-0.15823795,-0.16344379,-0.1759062,-0.12524253,-0.15494287,-0.0782174,-0.19187105,-0.18185812,-0.09859173,-0.11065883,-0.15453765,-0.1578491,-0.083404,-0.1213824,-0.13072303,-0.13855581,-0.19385117,-0.15491517,-0.15824375,-0.19487974,-0.23847799,-0.2432746,-0.13003038,-0.15470603,-0.15820822,-0.14520228,-0.2961179,-0.1549603,-0.19813283,-0.13031954,-0.15488118,-0.060104962,-0.15931924,-0.15495813,-0.2028091,-0.2868003,-0.11816878,-0.14795661,-0.10060286,-0.15476525,-0.13614628,-0.20725825,-0.17393659,-0.125103,-0.15657571,-0.15690626,-0.15495639,-0.15824679,-0.16221246,-0.22200036,-0.1305144,-0.2814266,-0.15496174,-0.1915083,-0.24371436,-0.16952515,-0.15485865,-0.13369927,-0.12557748,-0.15495247,-0.18106565,-0.1549614,-0.18642783,-0.15489344,-0.30462334,-0.15482318,-0.14691104,-0.13029914,-0.15494527,-0.15823132,-0.18915205,-0.13041902,-0.15495151,-0.10481856,-0.1650517,-0.15494885,-0.15824932,-0.15821494,-0.12995104,-0.15482998,-0.15820724,-0.15819576,-0.15821025,-0.1582203,-0.16505513,-0.17392421,-0.15494323,-0.15824029,-0.15822771,-0.15824091,-0.2025511,-0.15354379,-0.14723541,-0.15371008,-0.11499533,-0.10471026,-0.11893196,-0.1549477,-0.15815628,-0.13036963,-0.19501048,-0.1549575,-0.18738703,-0.11705899,-0.17429145,-0.15494654,-0.06652963,-0.15464191,-0.10737923,-0.124497145,-0.15298569,-0.052188452,-0.26007295
k__Bacteria|p__Actinobacteria|c__Actinomycetia|o__Micrococcales|f__Micrococcaceae|g__Kocuria|s__Kocuria_rhizophila,-0.1004395,-0.12316422,-0.15498115,-0.15833694,-0.15833725,-0.23867357,-0.1666669,-0.16813041,-0.10929718,-0.22895765,-0.23728925,-0.15498671,-0.22850217,-0.3768707,-0.08556121,-0.15451777,-0.058144663,-0.15436631,-0.15826505,-0.19931981,-0.1978925,-0.12984172,-0.15494582,-0.12711628,-0.20043859,-0.11658599,-0.182019,-0.25032333,-0.1509206,-0.15495166,-0.15142563,-0.10844302,-0.18249588,-0.28454733,-0.15497142,-0.13005826,-0.15498394,-0.22338755,-0.15498713,-0.29867563,-0.15498722,-0.29356226,-0.12925972,-0.15481651,-0.13691942,-0.15498075,-0.23188588,-0.24781659,-0.1296162,-0.13006535,-0.24679694,-0.18279888,-0.25087595,-0.26027086,-0.28621647,-0.27511892,-0.11894142,-0.15488662,-0.040142577,-0.056944285,-0.1541519,-0.11274739,-0.13743341,-0.1299329,-0.1549621,-0.15833181,-0.158337,-0.15833773,-0.27573854,-0.15494108,-0.12993489,-0.16243835,-0.12334165,-0.14074792,-0.15494768,-0.15887658,-0.14481027,-0.13004057,-0.18691605,-0.14998752,-0.15497322,-0.15831248,-0.1583255,-0.1582492,-0.120334074,-0.13700745,-0.08858878,-0.15496635,-0.19008024,-0.15497926,-0.2004665,-0.11139822,-0.1388583,-0.13027036,-0.1074974,-0.15152657,-0.15486804,-0.15797591,-0.10065024,-0.08152827,-0.09427856,-0.15492502,-0.11960925,-0.15027548,-0.16982608,-0.1185138,-0.15494445,-0.15832995,-0.17738779,-0.15176103,-0.15498257,-0.25953975,-0.17989698,-0.13525523,-0.15497932,-0.15095688,-0.17780018,-0.2009549,-0.15495567,-0.09015879,-0.15464076,-0.12151222,-0.121854745,-0.13997786,-0.21433522,-0.13908121,-0.16057305,-0.154897,-0.07092635,-0.15425794,-0.15744884,-0.18733518,-0.1546874,-0.12991814,-0.12334781,-0.14100276,-0.15493271,-0.114095174,-0.25318068,-0.26654312,-0.12906155,-0.10945694,-0.15492241,-0.09238048,-0.20963459,-0.15497959,-0.15824005,-0.12936465,-0.15489753,-0.16015086,-0.1553517,-0.1549846,-0.19704957,-0.20616047,-0.12871608,-0.10460003,-0.11361031,-0.10256614,-0.15497604,-0.19495486,-0.15494838,-0.12927419,-0.15480006,-0.041086134,-0.12967405,-0.15498316,-0.2300741,-0.15495872,-0.10384405,-0.15335536,-0.0784167,-0.15482032,-0.12766197,-0.15484318,-0.121451,-0.075820275,-0.09192432,-0.101488546,-0.15467802,-0.1582287,-0.12378413,-0.15480188,-0.1410757,-0.13984437,-0.18093297,-0.154986,-0.25777104,-0.12844054,-0.15488124,-0.13462572,-0.119081676,-0.15495235,-0.15833233,-0.15833424,-0.1583355,-0.19755594,-0.25103784,-0.20219928,-0.19465852,-0.24831252,-0.20506537,-0.22091979,-0.15496886,-0.12959762,-0.11956477,-0.15496331,-0.1583282,-0.20931396,-0.18224281,-0.1549531,-0.32474133,-0.15498383,-0.15833853,-0.1583373,-0.15833686,-0.2185038,-0.15495202,-0.114121355,-0.1549559,-0.1583213,-0.15832844,-0.22984435,-0.15497667,-0.15830772,-0.08963354,-0.15486121,-0.15828276,-0.15830298,-0.15830442,-0.13302092,-0.1051107,-0.14014931,-0.15141064,-0.15839578,-0.15615125,-0.14613561,-0.15497252,-0.12319561,-0.13000906,-0.15493211,-0.15833834,-0.1583378,-0.1583378,-0.15833837,-0.38518023,-0.11451449,-0.1549404,-0.15564899,-0.14443555,-0.16636807,-0.15497857,-0.15825108,-0.12993515,4.9005814,-0.1483099,-0.14016809,-0.14106366,-0.154816,-0.19987361,-0.1649412,-0.17166539,-0.15495357,-0.15829065,-0.12722544,-0.14610182,-0.2588673,-0.12978607,-0.15484072,-0.09132757,-0.12832497,-0.13684332,-0.16221203,-0.15659244,-0.12912276,-0.15469351,-0.15823185,-0.15828696,-0.15832487,-0.15740095,-0.19795567,-0.15106063,-0.07294749,-0.2039893,-0.15494126,-0.15828517,-0.104459345,-0.15452895,-0.17466888,-0.13176009,-0.1549493,-0.15109587,-0.10913184,-0.15476382,-0.05825615,-0.14326635,-0.17082691,-0.15488061,-0.18883844,-0.1549851,-0.31316653,-0.15497416,-0.16808087,-0.14331596,-0.15497643,-0.15833446,-0.25088155,-0.15498552,-0.22115314,-0.07562123,-0.086852394,-0.10702289,-0.060967896,-0.14748415,-0.16796505,-0.15746465,-0.22133875,-0.12812386,-0.0969081,-0.16398169,-0.12716047,-0.11335766,-0.18846886,-0.13000119,-0.17755464,-0.0994983,-0.115196005,-0.15488186,-0.11662802,-0.19749595,-0.14526704,-0.12781724,-0.096878245,-0.15488155,-0.15811469,-0.12434345,-0.11230643,-0.063823454,-0.15480244,-0.11419349,-0.10007019,-0.24483351,-0.15498611,-0.15832508,-0.16344379,-0.1759062,-0.12524253,-0.1549695,-0.0782174,-0.19187105,-0.18185812,-0.09859173,-0.11065883,-0.15460147,-0.15797216,-0.083404,-0.1213824,-0.13072303,-0.13855581,-0.19385117,-0.15494415,-0.15833089,-0.19487974,-0.23847799,-0.2432746,-0.12962285,-0.15475386,-0.15829857,-0.14520228,-0.2961179,-0.15498528,-0.19813283,-0.12989286,-0.15491298,-0.060104962,-0.15931924,-0.15498328,-0.2028091,-0.2868003,-0.11816878,-0.14795661,-0.10060286,-0.15480748,-0.13614628,-0.20725825,-0.17393659,-0.125103,-0.15657571,-0.15690626,-0.15498169,-0.15833366,-0.16221246,-0.22200036,-0.1300825,-0.2814266,-0.15498656,-0.1915083,-0.24371436,-0.16952515,-0.15488741,-0.13369927,-0.12557748,-0.15497813,-0.18106565,-0.15498629,-0.18642783,-0.15492234,-0.30462334,-0.1548605,-0.14691104,-0.13029914,-0.15497163,-0.15831967,-0.18915205,-0.1299923,-0.15497728,-0.10481856,-0.1650517,-0.15497482,-0.15833595,-0.15830293,-0.12952904,-0.15486693,-0.1582976,-0.15828712,-0.15830031,-0.1583094,-0.16505513,-0.17392421,-0.1549697,-0.15832779,-0.15831634,-0.15832837,-0.2025511,-0.15354379,-0.14723541,-0.15384585,-0.11499533,-0.10471026,-0.11893196,-0.1549738,-0.15824774,-0.12994668,-0.19501048,-0.15498269,-0.18738703,-0.11705899,-0.17429145,-0.15497169,-0.06652963,-0.1546946,-0.10737923,-0.124497145,-0.15298569,-0.052188452,-0.26007295
k__Bacteria|p__Actinobacteria|c__Actinomycetia|o__Bifidobacteriales|f__Bifidobacteriaceae|g__Alloscardovia|s__Alloscardovia_omnicolens,-0.1004395,-0.12316422,-0.15501812,-0.1583663,-0.15836662,-0.23867357,-0.1666669,-0.16813041,-0.10929718,-0.22895765,-0.23728925,-0.15502429,-0.22850217,-0.3768707,-0.08556121,-0.15451735,-0.058144663,-0.15435164,-0.15828685,-0.19931981,-0.1978925,-0.1299198,-0.15497935,-0.12711628,-0.20043859,-0.11658599,-0.182019,-0.25032333,-0.1509206,-0.15498514,-0.15142563,-0.10844302,-0.18249588,-0.28454733,-0.15500695,-0.1301533,-0.15502124,-0.22338755,-0.15502477,-0.29867563,-0.15502484,-0.29356226,-0.12931532,-0.15483403,-0.13691942,-0.15501776,-0.23188588,-0.24781659,-0.1296162,-0.13016051,-0.24679694,-0.18279888,-0.25087595,-0.26027086,-0.28621647,-0.27511892,-0.11894142,-0.15491436,-0.040142577,-0.056944285,-0.15409422,-0.11274739,-0.13743341,-0.1300163,-0.15499678,-0.15836069,-0.15836632,-0.15836716,-0.27573854,-0.15497267,-0.13001937,-0.16243835,-0.12334165,-0.14074792,-0.15498132,-0.15887658,-0.14481027,-0.13013433,-0.18691605,-0.14998752,-0.15500945,-0.15833929,-0.15835346,-0.15826574,-0.120334074,-0.13700745,-0.08858878,-0.15500192,-0.19008024,-0.1550161,-0.2004665,-0.11139822,-0.1388583,-0.13027036,-0.1074974,-0.15152657,-0.15489385,-0.1579622,-0.10065024,-0.08152827,-0.09427856,-0.15495664,-0.11960925,-0.15027548,-0.16982608,-0.1185138,-0.1549772,-0.1583586,-0.17738779,-0.15176103,-0.15501969,-0.25953975,-0.17989698,-0.13525523,-0.15501618,-0.15095688,-0.17780018,-0.2009549,-0.15498847,-0.09015879,-0.15464643,-0.12151222,-0.121854745,-0.13997786,-0.21433522,-0.13908121,-0.16057305,-0.15492603,-0.07092635,-0.15422472,-0.15736541,-0.18733518,-0.15468341,-0.13000625,-0.12334781,-0.14100276,-0.15496486,-0.114095174,-0.25318068,-0.26654312,-0.12908693,-0.10945694,-0.15495384,-0.09238048,-0.20963459,-0.15501648,-0.15825427,-0.1294171,-0.15492573,-0.16015086,-0.1553517,-0.15502197,-0.19704957,-0.20616047,-0.12874787,-0.10460003,-0.11361031,-0.10256614,-0.15501264,-0.19495486,-0.15498105,-0.12931608,-0.1548202,-0.041086134,-0.12967405,-0.1550203,-0.2300741,-0.15499231,-0.10384405,-0.15323842,-0.0784167,-0.15484107,-0.12766197,-0.1548666,-0.121451,-0.075820275,-0.09192432,-0.101488546,-0.15468559,-0.15824789,-0.12378413,-0.15482062,-0.1410757,-0.13984437,-0.18093297,-0.15502349,-0.25777104,-0.12844054,-0.15490565,-0.13462572,-0.119081676,-0.15498689,-0.15836126,-0.15836331,-0.15836471,-0.19755594,-0.25103784,-0.20219928,-0.19465852,-0.24831252,-0.20506537,-0.22091979,-0.15500402,-0.12965693,-0.11956477,-0.15499867,-0.1583566,-0.20931396,-0.18224281,-0.15498656,-0.32474133,-0.15502115,-0.15836805,-0.15836668,-0.15836623,-0.2185038,-0.15498546,-0.114121355,-0.15498984,-0.15834849,-0.15835688,-0.22984435,-0.15501335,-0.15833372,-0.08963354,-0.15488583,-0.15830728,-0.15832847,-0.15833092,-0.13302092,-0.1051107,-0.14014931,-0.15141064,-0.15839578,-0.15615125,-0.14613561,-0.1550089,-0.12319561,-0.13009919,-0.15496305,-0.15836781,-0.15836723,-0.15836725,-0.15836787,-0.38518023,-0.11451449,-0.15497303,-0.15564899,-0.14443555,-0.16636807,-0.1550152,-0.15826799,-0.12993515,-0.047159404,-0.147517,-0.14016809,-0.14106366,-0.15483509,-0.19987361,-0.1649412,-0.17166539,-0.15498787,-0.1583161,-0.12722544,-0.14610182,-0.2588673,-0.12986064,-0.1548644,-0.09132757,-0.12832497,-0.13684332,-0.16221203,-0.15659244,-0.12916052,-0.15470034,-0.15825085,-0.15831149,-0.15835303,-0.15740095,-0.19795567,-0.15106063,-0.07294749,-0.2039893,-0.15497369,-0.15831009,-0.104459345,-0.15451977,-0.17466888,-0.13176009,-0.15498361,-0.15109587,-0.10913184,-0.1547795,-0.05825615,-0.14326635,-0.17082691,-0.15490668,-0.18883844,-0.15502249,-0.31316653,-0.15500993,-0.16808087,-0.14331596,-0.15501298,-0.15836349,-0.25088155,-0.15502295,-0.22115314,-0.07562123,-0.086852394,-0.10702289,-0.060967896,-0.1466046,-0.16796505,-0.15746465,-0.22133875,-0.12812386,-0.0969081,-0.16398169,-0.12716047,-0.11335766,-0.18846886,-0.13009092,-0.17755464,-0.0994983,-0.115196005,-0.15490843,-0.11662802,-0.19749595,-0.14526704,-0.12781724,-0.096878245,-0.15490985,-0.15812221,-0.12434345,-0.11230643,-0.063823454,-0.15482222,-0.11419349,-0.10007019,-0.24483351,-0.15502363,-0.1583525,-0.16344379,-0.1759062,-0.12524253,-0.15500546,-0.0782174,-0.19187105,-0.18185812,-0.09859173,-0.11065883,-0.15460208,-0.15796548,-0.083404,-0.1213824,-0.13072303,-0.13855581,-0.19385117,-0.15497676,-0.15835965,-0.19487974,-0.23847799,-0.2432746,-0.12968469,-0.15476821,-0.15832369,-0.14520228,-0.2961179,-0.15502273,-0.19813283,-0.12997457,-0.15494251,-0.060104962,-0.15931924,-0.15502045,-0.2028091,-0.2868003,-0.11816878,-0.14795661,-0.10060286,-0.15482518,-0.13614628,-0.20725825,-0.17393659,-0.125103,-0.15657571,-0.15690626,-0.15501872,-0.15836269,-0.16221246,-0.22200036,-0.13017917,-0.2814266,-0.15502414,-0.1915083,-0.24371436,-0.16952515,-0.15491112,-0.13369927,-0.12557748,-0.15501477,-0.18106565,-0.15502384,-0.18642783,-0.15495072,-0.30462334,-0.15488309,-0.14691104,-0.13029914,-0.15500762,-0.15834734,-0.18915205,-0.1300818,-0.15501392,-0.10481856,-0.1650517,-0.155011,-0.15836519,-0.15832673,-0.12957738,-0.15489301,-0.15832233,-0.15831122,-0.15832546,-0.15833613,-0.16505513,-0.17392421,-0.15500537,-0.15835625,-0.15834348,-0.1583569,-0.2025511,-0.15354379,-0.14723541,-0.15374011,-0.11499533,-0.10471026,-0.11893196,-0.15501003,-0.1582647,-0.13003378,-0.19501048,-0.15501978,-0.18738703,-0.11705899,-0.17429145,-0.15500695,-0.06652963,-0.15470584,-0.10737923,-0.124497145,-0.15298569,-0.052188452,-0.26007295
k__Bacteria|p__Actinobacteria|c__Actinomycetia|o__Actinomycetales|f__Actinomycetaceae|g__Actinomyces|s__Actinomyces_sp_Marseille_P3109,-0.1004395,-0.12316422,-0.15545921,-0.15876697,-0.15876724,-0.23867357,-0.1666669,-0.16813041,-0.10929718,-0.22895765,-0.23728925,-0.15546376,-0.22850217,-0.3768707,-0.08556121,-0.15507938,-0.058144663,-0.15495418,-0.15870793,-0.19931981,-0.1978925,-0.13071577,-0.1554302,-0.12711628,-0.20043859,-0.11658599,-0.182019,-0.25032333,-0.1509206,-0.15543495,-0.15142563,-0.10844302,-0.18249588,-0.28454733,-0.1554513,-0.13089265,-0.15546149,-0.22338755,-0.15546411,-0.29867563,-0.15546419,-0.29356226,-0.13024756,-0.15532395,-0.13691942,-0.15545887,-0.23188588,-0.24781659,-0.1296162,-0.13089836,-0.24679694,-0.18279888,-0.25087595,-0.26027086,-0.28621647,-0.27511892,-0.11894142,-0.15538156,-0.040142577,-0.056944285,-0.15477607,-0.11274739,-0.13743341,-0.1307903,-0.1554435,-0.15876278,-0.15876701,-0.15876763,-0.27573854,-0.15542665,-0.13079192,-0.16243835,-0.12334165,-0.14074792,-0.15543167,-0.15887658,-0.14481027,-0.13087824,-0.18691605,-0.14998752,-0.15545267,-0.15874685,-0.15875755,-0.15869573,-0.120334074,-0.13700745,-0.08858878,-0.15544705,-0.19008024,-0.15545765,-0.2004665,-0.11139822,-0.1388583,-0.13027036,-0.1074974,-0.15152657,-0.15536621,-0.15848024,-0.10065024,-0.08152827,-0.09427856,-0.1554131,-0.11960925,-0.15027548,-0.16982608,-0.1185138,-0.15542904,-0.15876123,-0.17738779,-0.15176103,-0.15546036,-0.25953975,-0.17989698,-0.13525523,-0.1554577,-0.15095688,-0.17780018,-0.2009549,-0.15543854,-0.09015879,-0.1551795,-0.12151222,-0.121854745,-0.13997786,-0.21433522,1.7974781,-0.16057305,-0.15539005,-0.07092635,-0.15486494,-0.1580347,-0.18733518,-0.15521707,-0.130781,-0.12334781,-0.14100276,-0.15541935,-0.114095174,-0.25318068,-0.26654312,-0.13007158,-0.10945694,-0.15541095,-0.09238048,-0.20963459,-0.15545791,-0.1586884,-0.13032253,-0.15539053,-0.16015086,-0.1553517,-0.15546203,-0.19704957,-0.20616047,-0.129804,-0.10460003,-0.11361031,-0.10256614,-0.155455,-0.19495486,-0.15543249,-0.1302558,-0.15531033,-0.041086134,-0.12967405,-0.15546083,-0.2300741,-0.155441,-0.10384405,-0.15412065,-0.0784167,-0.15532711,-0.12766197,-0.1553458,-0.121451,-0.075820275,-0.09192432,-0.101488546,-0.15521014,-0.15867805,-0.12378413,-0.15531582,-0.1410757,-0.13984437,-0.18093297,-0.15546316,-0.25777104,-0.12844054,-0.15537846,-0.13462572,-0.119081676,-0.15543556,-0.15876323,-0.15876476,-0.15876581,-0.19755594,-0.25103784,-0.20219928,-0.19465852,-0.24831252,-0.20506537,-0.22091979,-0.1554491,-0.13051407,-0.11956477,-0.15544455,-0.15875979,-0.20931396,-0.18224281,-0.15543641,-0.32474133,-0.1554614,-0.1587683,-0.15876728,-0.15876693,-0.2185038,-0.15543562,-0.114121355,-0.15543842,-0.15875408,-0.15876,-0.22984435,-0.15545553,-0.15874363,-0.08963354,-0.15536076,-0.15872252,-0.15873905,-0.15874027,-0.13302092,-0.1051107,-0.14014931,-0.15141064,-0.15839578,-0.15615125,-0.14613561,-0.15545213,-0.12319561,-0.13085246,-0.15541877,-0.15876812,-0.15876769,-0.15876769,-0.15876815,-0.38518023,-0.11451449,-0.15542565,-0.15564899,-0.14443555,-0.16636807,-0.15545705,-0.15869647,-0.12993515,-0.047159404,-0.14995891,-0.14016809,-0.14106366,-0.1553232,-0.19987361,-0.1649412,-0.17166539,-0.15543652,-0.15872897,-0.12722544,-0.14610182,-0.2588673,-0.13066766,-0.15534393,-0.09132757,-0.12832497,-0.13684332,-0.16221203,-0.15659244,-0.13011657,-0.15522291,-0.15868065,-0.15872589,-0.15875706,-0.15740095,-0.19795567,-0.15106063,-0.07294749,-0.2039893,-0.15542637,-0.15872449,-0.104459345,-0.15511507,-0.17466888,-0.13176009,-0.15543306,-0.15109587,-0.10913184,-0.15528102,-0.05825615,-0.14326635,-0.17082691,-0.15537648,-0.18883844,-0.15546244,-0.31316653,-0.15545341,-0.16808087,-0.14331596,-0.15545532,-0.15876494,-0.25088155,-0.15546279,-0.22115314,-0.07562123,-0.086852394,-0.10702289,-0.060967896,-0.14927885,-0.16796505,-0.15746465,-0.22133875,-0.12812386,-0.0969081,-0.16398169,-0.12716047,-0.11335766,-0.18846886,-0.13084598,-0.17755464,-0.0994983,-0.115196005,-0.15537757,-0.11662802,-0.19749595,-0.14526704,-0.12781724,-0.096878245,-0.15537748,-0.15858437,-0.12434345,-0.11230643,-0.063823454,-0.15531245,-0.11419349,-0.10007019,-0.24483351,-0.15546328,-0.15875734,-0.16344379,-0.1759062,-0.12524253,-0.15544963,-0.0782174,-0.19187105,-0.18185812,-0.09859173,-0.11065883,-0.15514708,-0.15846714,-0.083404,-0.1213824,-0.13072303,-0.13855581,-0.19385117,-0.15542874,-0.15876204,-0.19487974,-0.23847799,-0.2432746,-0.13053639,-0.15527242,-0.1587354,-0.14520228,-0.2961179,-0.1554626,-0.19813283,-0.13075726,-0.15540314,-0.060104962,-0.15931924,-0.15546094,-0.2028091,-0.2868003,-0.11816878,-0.14795661,-0.10060286,-0.15531635,-0.13614628,-0.20725825,-0.17393659,-0.125103,-0.15657571,-0.15690626,-0.15545964,-0.15876427,-0.16221246,-0.22200036,-0.1309124,-0.2814266,-0.15546367,-0.1915083,-0.24371436,-0.16952515,-0.15538365,-0.13369927,-0.12557748,-0.15545672,-0.18106565,-0.15546343,-0.18642783,-0.15541118,-0.30462334,-0.15535977,-0.14691104,-0.13029914,-0.15545136,-0.15875277,-0.18915205,-0.13083887,-0.15545602,-0.10481856,-0.1650517,-0.15545398,-0.15876618,-0.15873927,-0.13045406,-0.15536536,-0.15873459,-0.15872605,-0.15873687,-0.15874442,-0.16505513,-0.17392421,-0.15544978,-0.15875946,-0.15875003,-0.15875992,-0.2025511,-0.15354379,-0.14723541,-0.15452303,-0.11499533,-0.10471026,-0.11893196,-0.15545316,-0.15869427,-0.13080111,-0.19501048,-0.15546048,-0.18738703,-0.11705899,-0.17429145,-0.15545163,-0.06652963,-0.1552242,-0.10737923,-0.124497145,-0.15298569,-0.052188452,-0.26007295
k__Bacteria|p__Actinobacteria|c__Coriobacteriia|o__Coriobacteriales|f__Atopobiaceae|g__Atopobium|s__Atopobium_minutum,-0.1004395,-0.12316422,-0.15459098,-0.15792307,-0.15792331,-0.23867357,-0.1666669,-0.16813041,-0.10929718,-0.22895765,-0.23728925,-0.15459551,-0.22850217,-0.3768707,-0.08556121,-0.15421608,-0.058144663,-0.15409398,-0.1578646,-0.19931981,-0.1978925,-0.1296677,-0.1545623,-0.12711628,-0.20043859,-0.11658599,-0.182019,-0.25032333,-0.1509206,-0.15456685,-0.15142563,-0.10844302,-0.18249588,-0.28454733,-0.15458289,-0.12984397,-0.15459326,-0.22338755,-0.15459585,-0.29867563,-0.15459591,-0.29356226,-0.12920463,-0.15445626,-0.13691942,-0.15459068,-0.23188588,-0.24781659,-0.1296162,-0.12984946,-0.24679694,-0.18279888,-0.25087595,-0.26027086,-0.28621647,-0.27511892,-0.11894142,-0.15451422,-0.040142577,-0.056944285,-0.15391335,-0.11274739,-0.13743341,-0.12974118,-0.15457538,-0.15791893,-0.1579231,-0.15792373,-0.27573854,-0.15455794,-0.12974353,-0.16243835,-0.12334165,-0.14074792,-0.15456378,-0.15887658,-0.14481027,-0.12982944,-0.18691605,-0.14998752,-0.15458456,-0.15790316,-0.1579137,-0.15785027,-0.120334074,-0.13700745,-0.08858878,-0.15457898,-0.19008024,-0.15458947,-0.2004665,-0.11139822,-0.1388583,-0.13027036,-0.1074974,-0.15152657,-0.15449908,-0.15762627,-0.10065024,-0.08152827,-0.09427856,-0.15454546,-0.11960925,-0.15027548,-0.16982608,-0.1185138,-0.154561,-0.1579174,-0.17738779,-0.15176103,-0.15459213,-0.25953975,-0.17989698,-0.13525523,-0.15458952,-0.15095688,-0.17780018,-0.2009549,-0.15456977,-0.09015879,-0.15431511,-0.12151222,-0.121854745,-0.13997786,-0.21433522,-0.13908121,-0.16057305,-0.15452275,-0.07092635,-0.15400356,-0.15719354,-0.18733518,-0.15434843,-0.12973048,-0.12334781,-0.14100276,-0.15455163,-0.114095174,-0.25318068,-0.26654312,-0.12902926,-0.10945694,-0.15454337,-0.09238048,-0.20963459,-0.15458973,-0.15784316,-0.12928246,-0.15452293,-0.16015086,-0.1553517,-0.1545938,-0.19704957,-0.20616047,-0.12876123,-0.10460003,-0.11361031,-0.10256614,-0.15458688,-0.19495486,-0.15456405,-0.1292073,-0.15444413,-0.041086134,-0.12967405,-0.1545926,-0.2300741,-0.15457247,-0.10384405,-0.15326898,-0.0784167,-0.15446031,-0.12766197,-0.15447897,-0.121451,-0.075820275,-0.09192432,-0.101488546,-0.15434465,-0.1578353,-0.12378413,-0.15444446,-0.1410757,-0.13984437,-0.18093297,-0.15459493,-0.25777104,-0.12844054,-0.15450919,-0.13462572,-0.119081676,-0.15456772,-0.15791935,-0.15792088,-0.15792191,-0.19755594,-0.25103784,-0.20219928,-0.19465852,-0.24831252,-0.20506537,-0.22091979,-0.15458082,-0.12946795,-0.11956477,-0.15457655,-0.15791595,-0.20931396,-0.18224281,-0.15456805,-0.32474133,-0.15459317,-0.15792437,-0.15792337,-0.15792301,-0.2185038,-0.15456718,-0.114121355,-0.15457031,-0.15791017,-0.15791616,-0.22984435,-0.15458739,-0.15789944,-0.08963354,-0.15449344,-0.15787925,-0.15789534,-0.15789676,-0.13302092,-0.1051107,-0.14014931,-0.15141064,-0.15839578,-0.15615125,-0.14613561,-0.15458407,-0.12319561,-0.12980388,-0.15455076,-0.1579242,-0.15792377,-0.15792377,-0.15792423,-0.38518023,-0.11451449,-0.1545578,-0.15564899,1.9288956,-0.16636807,-0.15458885,-0.15785217,-0.12993515,-0.047159404,-0.14911705,-0.14016809,-0.14106366,-0.15445635,-0.19987361,-0.1649412,-0.17166539,-0.1545686,-0.1578857,-0.12722544,-0.14610182,-0.2588673,-0.12962046,-0.15447703,-0.09132757,-0.12832497,-0.13684332,-0.16221203,-0.15659244,-0.12908587,-0.15435673,-0.15783775,-0.15788251,-0.15791328,-0.15740095,-0.19795567,-0.15106063,-0.07294749,-0.2039893,-0.15455839,-0.15788126,-0.104459345,-0.15422845,-0.17466888,-0.13176009,-0.15456526,-0.15109587,-0.10913184,-0.15441442,-0.05825615,-0.14326635,-0.17082691,-0.15450902,-0.18883844,-0.15459418,-0.31316653,-0.15458512,-0.16808087,-0.14331596,-0.15458716,-0.15792105,-0.25088155,-0.15459453,-0.22115314,-0.07562123,-0.086852394,-0.10702289,-0.060967896,-0.14844432,-0.16796505,-0.15746465,-0.22133875,-0.12812386,-0.0969081,-0.16398169,-0.12716047,-0.11335766,-0.18846886,-0.12979741,-0.17755464,-0.0994983,-0.115196005,-0.15451014,-0.11662802,-0.19749595,-0.14526704,-0.12781724,-0.096878245,-0.15451047,-0.15774253,-0.12434345,-0.11230643,-0.063823454,-0.15444586,-0.11419349,-0.10007019,-0.24483351,-0.15459502,-0.15791324,-0.16344379,-0.1759062,-0.12524253,-0.15458158,-0.0782174,-0.19187105,-0.18185812,-0.09859173,-0.11065883,-0.15428287,-0.15762669,-0.083404,-0.1213824,-0.13072303,-0.13855581,-0.19385117,-0.1545607,-0.15791818,-0.19487974,-0.23847799,-0.2432746,-0.12949398,-0.15440628,-0.15789178,-0.14520228,-0.2961179,-0.15459433,-0.19813283,-0.1297087,-0.15453538,-0.060104962,-0.15931924,-0.1545927,-0.2028091,-0.2868003,-0.11816878,-0.14795661,-0.10060286,-0.15444922,-0.13614628,-0.20725825,-0.17393659,-0.125103,-0.15657571,-0.15690626,-0.15459141,-0.1579204,-0.16221246,-0.22200036,-0.12986337,-0.2814266,-0.1545954,-0.1915083,-0.24371436,-0.16952515,-0.15451391,-0.13369927,-0.12557748,-0.15458852,-0.18106565,-0.15459517,-0.18642783,-0.15454239,-0.30462334,-0.1544922,-0.14691104,-0.13029914,-0.15458323,-0.15790907,-0.18915205,-0.12979034,-0.15458785,-0.10481856,-0.1650517,-0.15458578,-0.15792228,-0.15789482,-0.12941313,-0.15449831,-0.15789089,-0.15788248,-0.15789315,-0.15790078,-0.16505513,-0.17392421,-0.15458164,-0.15791565,-0.1579063,-0.15791613,-0.2025511,-0.15354379,-0.14723541,-0.15365893,-0.11499533,-0.10471026,-0.11893196,-0.154585,-0.15784965,-0.12975368,-0.19501048,-0.15459222,-0.18738703,-0.11705899,-0.17429145,-0.1545831,-0.06652963,-0.1543588,-0.10737923,-0.124497145,-0.15298569,-0.052188452,-0.26007295
k__Bacteria|p__Actinobacteria|c__Actinomycetia|o__Bifidobacteriales|f__Bifidobacteriaceae|g__Bifidobacterium|s__Bifidobacterium_canis,-0.1004395,-0.12316422,-0.155303,-0.15858899,-0.1585893,-0.23867357,-0.1666669,-0.16813041,-0.10929718,-0.22895765,-0.23728925,-0.1553081,-0.22850217,-0.3768707,-0.08556121,-0.15486914,-0.058144663,-0.15473324,-0.15852307,-0.19931981,-0.1978925,-0.13068809,-0.1552705,-0.12711628,-0.20043859,-0.11658599,-0.182019,-0.25032333,-0.1509206,-0.15527606,-0.15142563,-0.10844302,-0.18249588,-0.28454733,-0.15529402,-0.13089758,-0.15530553,-0.22338755,-0.15530849,-0.29867563,-0.15530854,-0.29356226,-0.13011922,-0.1551524,-0.13691942,-0.15530261,-0.23188588,-0.24781659,-0.1296162,-0.13090435,-0.24679694,-0.18279888,-0.25087595,-0.26027086,-0.28621647,-0.27511892,-0.11894142,-0.15521583,-0.040142577,-0.056944285,-0.15454473,-0.11274739,-0.13743341,-0.13077605,-0.1552856,-0.1585843,-0.15858907,-0.15858972,-0.27573854,-0.15526602,-0.1307795,-0.16243835,-0.12334165,-0.14074792,-0.15527225,-0.15887658,-0.14481027,-0.1308803,-0.18691605,-0.14998752,-0.1552957,-0.15856656,-0.15857854,-0.15850809,-0.120334074,-0.13700745,-0.08858878,-0.15528937,-0.19008024,-0.15530124,-0.2004665,-0.11139822,-0.1388583,-0.13027036,-0.1074974,-0.15152657,-0.15519883,-0.15824464,-0.10065024,-0.08152827,-0.09427856,-0.15525126,-0.11960925,-0.15027548,-0.16982608,-0.1185138,-0.15526947,-0.15858258,-0.17738779,-0.15176103,-0.15530431,-0.25953975,-0.17989698,-0.13525523,-0.15530132,-0.15095688,-0.17780018,-0.2009549,-0.15527976,-0.09015879,-0.15498859,-0.12151222,-0.121854745,-0.13997786,-0.21433522,-0.13908121,-0.16057305,-0.15522538,-0.07092635,-0.15463531,-0.15777996,-0.18733518,-0.15503576,-0.13075587,-0.12334781,-0.14100276,-0.15525845,-0.114095174,-0.25318068,-0.26654312,-0.12990959,-0.10945694,-0.15524891,-0.09238048,-0.20963459,-0.15530154,-0.15850216,-0.13021007,-0.15522614,-0.16015086,-0.1553517,-0.15530616,-0.19704957,-0.20616047,-0.1295855,-0.10460003,-0.11361031,-0.10256614,-0.15529828,-0.19495486,-0.15527287,-0.13011797,-0.15513575,-0.041086134,-0.12967405,-0.15530488,-0.2300741,-0.1552827,-0.10384405,-0.15379433,-0.0784167,-0.15515496,-0.12766197,-0.15517586,-0.121451,-0.075820275,-0.09192432,-0.101488546,-0.1550226,-0.15848911,-0.12378413,-0.15513444,-0.1410757,-0.13984437,-0.18093297,-0.15530743,-0.25777104,-0.12844054,-0.15521128,-0.13462572,-0.119081676,-0.15527639,-0.15858477,-0.15858653,-0.15858771,-0.19755594,-0.25103784,-0.20219928,-0.19465852,-0.24831252,-0.20506537,-0.22091979,-0.15529186,-0.1304363,-0.11956477,-0.15528657,-0.158581,-0.20931396,-0.18224281,-0.15527728,-0.32474133,-0.15530545,-0.15859047,-0.15858933,-0.15858895,-0.2185038,-0.15527637,-0.114121355,-0.15527998,-0.15857482,-0.15858123,-0.22984435,-0.15529884,-0.15856224,-0.08963354,-0.15519273,-0.15853903,-0.15855795,-0.15855896,-0.13302092,-0.1051107,-0.14014931,-0.15141064,-0.15839578,-0.15615125,-0.14613561,-0.15529501,-0.12319561,-0.13085148,-0.1552583,-0.15859029,-0.1585898,-0.15858978,-0.15859032,-0.38518023,-0.11451449,-0.15526563,-0.15564899,-0.14443555,-0.16636807,-0.15530068,-0.15851134,-0.12993515,-0.047159404,-0.1492241,-0.14016809,-0.14106366,-0.1551517,-0.19987361,-0.1649412,-0.17166539,-0.15527764,-0.15854624,-0.12722544,-0.14610182,-0.2588673,-0.13062626,-0.1551731,-0.09132757,-0.12832497,-0.13684332,-0.16221203,-0.15659244,-0.12996994,-0.15503803,-0.15849221,-0.15854299,-0.15857789,-0.15740095,-0.19795567,-0.15106063,-0.07294749,-0.2039893,-0.1552665,-0.15854111,-0.104459345,-0.15486902,-0.17466888,-0.13176009,-0.15527359,-0.15109587,-0.10913184,-0.1551018,-0.05825615,-0.14326635,-0.17082691,-0.15521085,-0.18883844,-0.15530664,-0.31316653,-0.15529674,-0.16808087,-0.14331596,-0.15529865,-0.15858677,-0.25088155,-0.15530701,-0.22115314,-0.07562123,-0.086852394,-0.10702289,-0.060967896,-0.14846577,-0.16796505,-0.15746465,-0.22133875,-0.12812386,-0.0969081,-0.16398169,-0.12716047,-0.11335766,-0.18846886,-0.1308429,-0.17755464,-0.0994983,-0.115196005,-0.15521184,-0.11662802,-0.19749595,-0.14526704,-0.12781724,-0.096878245,-0.15521094,-0.15838397,-0.12434345,-0.11230643,-0.063823454,-0.15513778,-0.11419349,-0.10007019,-0.24483351,-0.15530753,-0.15857837,-0.16344379,-0.1759062,-0.12524253,-0.15529227,-0.0782174,-0.19187105,-0.18185812,-0.09859173,-0.11065883,-0.15495285,-0.15825292,-0.083404,-0.1213824,-0.13072303,-0.13855581,-0.19385117,-0.15526924,-0.15858346,-0.19487974,-0.23847799,-0.2432746,-0.13048631,-0.15509363,-0.15855385,-0.14520228,-0.2961179,-0.15530679,-0.19813283,-0.13073581,-0.15524039,-0.060104962,-0.15931924,-0.15530497,-0.2028091,-0.2868003,-0.11816878,-0.14795661,-0.10060286,-0.15514371,-0.13614628,-0.20725825,-0.17393659,-0.125103,-0.15657571,-0.15690626,-0.1553035,-0.158586,-0.16221246,-0.22200036,-0.13092037,-0.2814266,-0.15530798,-0.1915083,-0.24371436,-0.16952515,-0.1552174,-0.13369927,-0.12557748,-0.15530026,-0.18106565,-0.15530771,-0.18642783,-0.15524949,-0.30462334,-0.15519288,-0.14691104,-0.13029914,-0.15529425,-0.15857312,-0.18915205,-0.13083482,-0.15529941,-0.10481856,-0.1650517,-0.15529725,-0.15858811,-0.15855825,-0.13038346,-0.15519762,-0.15855303,-0.15854326,-0.15855551,-0.15856364,-0.16505513,-0.17392421,-0.15529253,-0.15858057,-0.15857014,-0.15858114,-0.2025511,-0.15354379,-0.14723541,-0.15426874,-0.11499533,-0.10471026,-0.11893196,-0.15529625,-0.15850778,-0.13079071,-0.19501048,-0.15530443,-0.18738703,-0.11705899,-0.17429145,-0.15529454,-0.06652963,-0.15503731,-0.10737923,-0.124497145,-0.15298569,-0.052188452,-0.26007295
k__Bacteria|p__Actinobacteria|c__Actinomycetia|o__Bifidobacteriales|f__Bifidobacteriaceae|g__Bifidobacterium|s__Bifidobacterium_moukalabense,-0.1004395,-0.12316422,-0.15399931,-0.1572587,-0.15725887,-0.23867357,-0.1666669,-0.16813041,-0.10929718,-0.22895765,-0.23728925,-0.1540024,-0.22850217,-0.3768707,-0.08556121,-0.15373652,-0.058144663,-0.15365031,-0.15721846,-0.19931981,-0.1978925,-0.12966901,-0.15397963,-0.12711628,-0.20043859,-0.11658599,-0.182019,-0.25032333,-0.1509206,-0.15398316,-0.15142563,-0.10844302,-0.18249588,-0.28454733,-0.15399465,-0.1297915,-0.15400085,-0.22338755,-0.15400264,-0.29867563,-0.15400268,-0.29356226,-0.12931187,-0.1539082,-0.13691942,-0.15399909,-0.23188588,-0.24781659,-0.1296162,-0.12979534,-0.24679694,-0.18279888,-0.25087595,-0.26027086,-0.28621647,-0.27511892,-0.11894142,-0.15394586,-0.040142577,-0.056944285,-0.15353043,-0.11274739,-0.13743341,-0.12971912,-0.1539886,-0.15725583,-0.15725872,-0.15725914,-0.27573854,-0.15397882,-0.12972084,-0.16243835,-0.12334165,-0.14074792,-0.15398036,-0.15887658,-0.14481027,-0.12978175,-0.18691605,-0.14998752,-0.1539948,-0.15724486,-0.15725228,-0.15721874,-0.120334074,-0.13700745,1.7317561,-0.1539909,-0.19008024,-0.15399823,-0.2004665,-0.11139822,-0.1388583,-0.13027036,-0.1074974,-0.15152657,-0.15393522,-0.15709114,-0.10065024,-0.08152827,-0.09427856,-0.15396789,-0.11960925,-0.15027548,-0.16982608,-0.1185138,-0.15397908,-0.15725482,-0.17738779,-0.15176103,-0.1540001,-0.25953975,-0.17989698,-0.13525523,-0.15399826,-0.15095688,-0.17780018,-0.2009549,-0.15398723,-0.09015879,-0.15380612,-0.12151222,-0.121854745,-0.13997786,-0.21433522,-0.13908121,-0.16057305,-0.15395188,-0.07092635,-0.15359199,-0.15675905,-0.18733518,-0.15384021,-0.12970336,-0.12334781,-0.14100276,-0.15397191,-0.114095174,-0.25318068,-0.26654312,-0.12918824,-0.10945694,-0.15396613,-0.09238048,-0.20963459,-0.15399837,-0.15721303,-0.12936708,-0.15395282,-0.16015086,-0.1553517,-0.15400125,-0.19704957,-0.20616047,-0.12895226,-0.10460003,-0.11361031,-0.10256614,-0.1539964,-0.19495486,-0.1539838,-0.12931344,-0.15389779,-0.041086134,-0.12967405,-0.15400043,-0.2300741,-0.15398952,-0.10384405,-0.15308288,-0.0784167,-0.15390944,-0.12766197,-0.15392119,-0.121451,-0.075820275,-0.09192432,-0.101488546,-0.15382697,-0.15719742,-0.12378413,-0.1539141,-0.1410757,-0.13984437,-0.18093297,-0.15400198,-0.25777104,-0.12844054,-0.15395099,-0.13462572,0.7187436,-0.15398292,-0.15725613,-0.15725718,-0.15725791,-0.19755594,-0.25103784,-0.20219928,-0.19465852,-0.24831252,-0.20506537,-0.22091979,-0.15399313,-0.12951364,-0.11956477,-0.15398929,-0.15725383,-0.20931396,-0.18224281,-0.15398493,-0.32474133,-0.15400077,-0.15725958,-0.15725887,-0.15725866,-0.2185038,-0.15398508,-0.114121355,-0.15398523,-0.15725,-0.15725401,-0.22984435,-0.15399672,-0.15724409,-0.08963354,-0.15393186,-0.157228,-0.15723959,-0.15724021,-0.13302092,-0.1051107,-0.14014931,-0.15141064,-0.15839578,-0.15615125,-0.14613561,-0.1539944,-0.12319561,-0.12976399,-0.15397158,-0.15725946,-0.15725917,-0.15725917,-0.1572595,-0.38518023,-0.11451449,-0.15397632,-0.15564899,-0.14443555,-0.16636807,-0.15399781,-0.15721387,-0.12993515,-0.047159404,-0.1502465,-0.14016809,-0.14106366,-0.15390581,-0.19987361,-0.1649412,-0.17166539,-0.15398368,-0.15723234,-0.12722544,-0.14610182,-0.2588673,-0.12963447,-0.15392002,-0.09132757,-0.12832497,-0.13684332,-0.16221203,-0.15659244,-0.12920335,-0.15383822,-0.15719937,-0.15723059,-0.15725192,-0.15740095,-0.19795567,-0.15106063,-0.07294749,-0.2039893,-0.15397677,-0.1572294,-0.104459345,-0.15377778,-0.17466888,-0.13176009,-0.15398121,-0.15109587,-0.10913184,-0.15387705,-0.05825615,-0.14326635,-0.17082691,-0.15394245,-0.18883844,-0.1540015,-0.31316653,-0.15399557,-0.16808087,-0.14331596,-0.15399665,-0.15725735,-0.25088155,-0.15400174,-0.22115314,-0.07562123,-0.086852394,-0.10702289,-0.060967896,-0.14976928,-0.16796505,-0.15746465,-0.22133875,-0.12812386,-0.0969081,-0.16398169,-0.12716047,-0.11335766,-0.18846886,-0.12976001,-0.17755464,-0.0994983,-0.115196005,-0.15394333,-0.11662802,-0.19749595,-0.14526704,-0.12781724,-0.096878245,-0.15394285,-0.15713325,-0.12434345,-0.11230643,-0.063823454,-0.15389854,-0.11419349,-0.10007019,-0.24483351,-0.15400206,-0.15725353,-0.16344379,-0.1759062,-0.12524253,-0.15399268,-0.0782174,-0.19187105,-0.18185812,-0.09859173,-0.11065883,-0.15378432,-0.15705276,-0.083404,-0.1213824,-0.13072303,-0.13855581,-0.19385117,-0.15397853,-0.15725535,-0.19487974,-0.23847799,-0.2432746,-0.12954113,-0.1538707,-0.15723714,-0.14520228,-0.2961179,-0.1540016,-0.19813283,-0.12969767,-0.15396102,-0.060104962,-0.15931924,-0.15400052,-0.2028091,-0.2868003,-0.11816878,-0.14795661,-0.10060286,-0.15390171,-0.13614628,-0.20725825,-0.17393659,-0.125103,-0.15657571,-0.15690626,-0.1539996,-0.15725687,-0.16221246,-0.22200036,-0.12980512,-0.2814266,-0.15400234,-0.1915083,-0.24371436,-0.16952515,-0.15395585,-0.13369927,-0.12557748,-0.15399763,-0.18106565,-0.15400216,-0.18642783,-0.15396969,-0.30462334,-0.15393114,-0.14691104,-0.13029914,-0.1539939,-0.15724894,-0.18915205,-0.12975608,-0.15399715,-0.10481856,-0.1650517,-0.15399575,-0.15725815,-0.15724376,-0.1294922,-0.15393467,-0.15723664,-0.15723056,-0.1572381,-0.15724334,-0.16505513,-0.17392421,-0.15399283,-0.15725352,-0.15724707,-0.15725386,-0.2025511,-0.15354379,-0.14723541,-0.15335917,-0.11499533,-0.10471026,-0.11893196,-0.15399516,-0.1572159,-0.1297282,-0.19501048,-0.15400016,-0.18738703,-0.11705899,-0.17429145,-0.15399674,-0.06652963,-0.15383819,-0.10737923,-0.124497145,-0.15298569,-0.052188452,-0.26007295
k__Bacteria|p__Actinobacteria|c__Actinomycetia|o__Corynebacteriales|f__Corynebacteriaceae|g__Corynebacterium|s__Corynebacterium_kroppenstedtii,-0.1004395,-0.12316422,-0.15421078,-0.15749377,-0.15749401,-0.23867357,-0.1666669,-0.16813041,-0.10929718,-0.22895765,-0.23728925,-0.15421492,-0.22850217,-0.3768707,-0.08556121,-0.15386142,-0.058144663,-0.1537469,-0.15743993,-0.19931981,-0.1978925,-0.1296551,-0.15418419,-0.12711628,-0.20043859,-0.11658599,-0.182019,-0.25032333,-0.1509206,-0.15418863,-0.15142563,-0.10844302,-0.18249588,-0.28454733,-0.15420336,-0.12982717,-0.15421283,-0.22338755,-0.15421525,-0.29867563,-0.15421529,-0.29356226,-0.12919986,-0.15408747,-0.13691942,-0.15421045,-0.23188588,-0.24781659,-0.1296162,-0.12983267,-0.24679694,-0.18279888,-0.25087595,-0.26027086,-0.28621647,-0.27511892,0.82229257,-0.15413961,-0.040142577,-0.056944285,-0.1535894,-0.11274739,-0.13743341,-0.12972806,-0.1541965,-0.15748993,-0.15749381,-0.15749437,-0.27573854,-0.1541802,-0.1297307,-0.16243835,-0.12334165,-0.14074792,-0.1541856,-0.15887658,-0.14481027,-0.12981321,-0.18691605,-0.14998752,-0.15420479,-0.15747541,-0.15748522,-0.15742713,-0.120334074,-0.13700745,-0.08858878,-0.15419963,-0.19008024,-0.15420932,-0.2004665,-0.11139822,-0.1388583,-0.13027036,-0.1074974,-0.15152657,-0.1541256,-0.15721408,-0.10065024,-0.08152827,1.6672356,-0.15416852,-0.11960925,-0.15027548,-0.16982608,-0.1185138,-0.1541833,-0.15748852,-0.17738779,-0.15176103,-0.15421182,-0.25953975,-0.17989698,-0.13525523,-0.15420938,-0.15095688,-0.17780018,-0.2009549,-0.15419146,0.8237863,-0.15395424,-0.12151222,-0.121854745,-0.13997786,-0.21433522,-0.13908121,-0.16057305,-0.15414737,-0.07092635,-0.1536665,-0.15682954,-0.18733518,-0.15399049,-0.12971543,-0.12334781,-0.14100276,-0.15417436,-0.114095174,-0.25318068,-0.26654312,-0.129013,-0.10945694,-0.15416658,-0.09238048,-0.20963459,-0.15420957,-0.15742108,-0.12926415,-0.15414804,-0.16015086,-0.1553517,-0.15421334,-0.19704957,-0.20616047,-0.12874632,-0.10460003,-0.11361031,-0.10256614,-0.1542069,-0.19495486,-0.1541858,-0.12918304,-0.15407428,-0.041086134,-0.12967405,-0.15421227,-0.2300741,-0.15419379,-0.10384405,-0.15298626,-0.0784167,-0.15409002,3.0013492,-0.15410702,-0.121451,-0.075820275,-0.09192432,-0.101488546,-0.15398231,-0.15741229,-0.12378413,-0.15407473,-0.1410757,-0.13984437,-0.18093297,-0.15421438,-0.25777104,-0.12844054,-0.15413462,-0.13462572,-0.119081676,-0.15418908,-0.15749034,-0.15749174,-0.15749271,-0.19755594,-0.25103784,-0.20219928,-0.19465852,-0.24831252,-0.20506537,-0.22091979,-0.15420152,-0.12945071,-0.11956477,-0.15419732,-0.15748723,-0.20931396,-0.18224281,-0.15418968,-0.32474133,-0.15421276,-0.15749496,-0.15749404,-0.15749371,-0.2185038,-0.1541889,-0.114121355,-0.1541919,-0.1574821,-0.15748742,-0.22984435,-0.15420735,-0.15747213,-0.08963354,-0.1541208,-0.15745299,-0.15746835,-0.1574693,-0.13302092,-0.1051107,-0.14014931,-0.15141064,-0.15839578,-0.15615125,-0.14613561,-0.15420425,-0.12319561,-0.12978931,-0.15417406,-0.15749481,-0.15749443,-0.15749443,-0.15749486,-0.38518023,-0.11451449,-0.15418017,-0.15564899,-0.14443555,-0.16636807,-0.15420884,-0.15742946,-0.12993515,-0.047159404,-0.14922391,-0.14016809,-0.14106366,-0.15408686,-0.19987361,-0.1649412,-0.17166539,-0.15419002,-0.15745887,-0.12722544,-0.14610182,-0.2588673,-0.12960398,-0.15410477,-0.09132757,-0.12832497,-0.13684332,-0.16221203,-0.15659244,-0.12905848,-0.15399462,-0.15741475,-0.15745616,-0.15748471,-0.15740095,-0.19795567,-0.15106063,-0.07294749,-0.2039893,-0.15418082,-0.15745473,-0.104459345,-0.15384227,-0.17466888,-0.13176009,-0.15418676,-0.15109587,-0.10913184,-0.15404692,-0.05825615,-0.14326635,-0.17082691,-0.15413535,-0.18883844,-0.15421371,-0.31316653,-0.15420559,-0.16808087,0.89999557,-0.1542072,-0.15749194,-0.25088155,-0.15421404,-0.22115314,-0.07562123,-0.086852394,-0.10702289,-0.060967896,-0.14860055,-0.16796505,-0.15746465,-0.22133875,-0.12812386,-0.0969081,-0.16398169,-0.12716047,-0.11335766,-0.18846886,-0.12978226,-0.17755464,-0.0994983,-0.115196005,-0.1541362,-0.11662802,-0.19749595,-0.14526704,-0.12781724,-0.096878245,-0.15413573,-0.15732631,-0.12434345,-0.11230643,-0.063823454,-0.15407622,-0.11419349,-0.10007019,-0.24483351,-0.15421447,-0.15748487,-0.16344379,-0.1759062,-0.12524253,-0.15420201,-0.0782174,-0.19187105,-0.18185812,-0.09859173,-0.11065883,-0.15392467,-0.1572192,-0.083404,-0.1213824,-0.13072303,-0.13855581,-0.19385117,-0.15418306,-0.15748927,-0.19487974,-0.23847799,-0.2432746,-0.12948251,-0.15403973,-0.15746501,-0.14520228,-0.2961179,-0.15421385,-0.19813283,-0.12969466,-0.15415956,-0.060104962,-0.15931924,-0.15421236,-0.2028091,-0.2868003,-0.11816878,-0.14795661,-0.10060286,-0.15408039,-0.13614628,-0.20725825,-0.17393659,-0.125103,-0.15657571,-0.15690626,-0.15421116,-0.1574913,-0.16221246,-0.22200036,-0.12984578,-0.2814266,-0.15421483,-0.1915083,-0.24371436,-0.16952515,-0.15414006,-0.13369927,-0.12557748,-0.15420851,-0.18106565,-0.1542146,-0.18642783,-0.15416668,-0.30462334,-0.15412045,-0.14691104,-0.13029914,-0.1542036,-0.1574808,-0.18915205,-0.12977564,-0.15420783,-0.10481856,-0.1650517,-0.15420604,-0.15749304,-0.15746817,-0.12939455,-0.15412474,-0.15746431,-0.15745643,-0.15746635,-0.15747312,-0.16505513,-0.17392421,-0.1542022,-0.15748689,-0.15747833,-0.15748735,-0.2025511,-0.15354379,-0.14723541,-0.1533617,-0.11499533,-0.10471026,-0.11893196,-0.15420523,-0.15742673,-0.12974012,-0.19501048,-0.15421192,-0.18738703,-0.11705899,-0.17429145,-0.1542035,-0.06652963,-0.15399459,-0.10737923,-0.124497145,-0.15298569,-0.052188452,-0.26007295
k__Bacteria|p__Actinobacteria|c__Actinomycetia|o__Bifidobacteriales|f__Bifidobacteriaceae|g__Parascardovia|s__Parascardovia_denticolens,-0.1004395,-0.12316422,-0.15432686,-0.15765451,-0.15765479,-0.23867357,-0.1666669,-0.16813041,-0.10929718,-0.22895765,-0.23728925,-0.15433168,-0.22850217,-0.3768707,-0.08556121,-0.15392615,-0.058144663,-0.15379512,-0.15759203,-0.19931981,-0.1978925,-0.12942448,-0.15429622,-0.12711628,-0.20043859,-0.11658599,-0.182019,-0.25032333,-0.1509206,-0.15430109,-0.15142563,-0.10844302,-0.18249588,-0.28454733,-0.15431833,-0.12961268,-0.15432927,-0.22338755,-0.15433204,-0.29867563,-0.1543321,-0.29356226,-0.12892258,-0.15418316,-0.13691942,-0.15432651,-0.23188588,-0.24781659,-0.1296162,-0.1296187,-0.24679694,-0.18279888,-0.25087595,-0.26027086,-0.28621647,-0.27511892,-0.11894142,-0.15424487,-0.040142577,-0.056944285,-0.15360343,-0.11274739,-0.13743341,-0.1295037,-0.15431018,-0.15765008,-0.15765455,-0.15765521,-0.27573854,-0.15429202,-0.12950526,-0.16243835,-0.12334165,-0.14074792,-0.1542978,-0.15887658,-0.14481027,-0.12959737,-0.18691605,-0.14998752,-0.15431997,-0.15763327,-0.15764451,-0.15757787,-0.120334074,-0.13700745,-0.08858878,-0.15431403,-0.19008024,-0.15432522,-0.2004665,-0.11139822,-0.1388583,-0.13027036,-0.1074974,-0.15152657,-0.1542287,-0.15734412,-0.10065024,-0.08152827,-0.09427856,-0.1542782,-0.11960925,-0.15027548,-0.16982608,-0.1185138,-0.15429485,-0.15764846,-0.17738779,-0.15176103,-0.15432808,-0.25953975,-0.17989698,-0.13525523,-0.15432528,-0.15095688,-0.17780018,-0.2009549,-0.15430446,-0.09015879,-0.15403202,-0.12151222,-0.121854745,-0.13997786,-0.21433522,-0.13908121,-0.16057305,-0.1542539,-0.07092635,-0.1536986,-0.15687631,-0.18733518,-0.15406825,-0.12949255,-0.12334781,-0.14100276,-0.1542848,-0.114095174,-0.25318068,-0.26654312,-0.12874421,-0.10945694,-0.15427594,-0.09238048,-0.20963459,-0.15432552,-0.1575692,-0.12900308,-0.15425411,-0.16015086,-0.1553517,-0.15432984,-0.19704957,-0.20616047,-0.12844945,-0.10460003,-0.11361031,-0.10256614,-0.15432246,-0.19495486,-0.15429832,-0.12892735,-0.15416977,-0.041086134,-0.12967405,-0.15432857,-0.2300741,-0.15430728,-0.10384405,-0.15291874,-0.0784167,-0.15418723,-0.12766197,-0.15420714,-0.121451,-0.075820275,-0.09192432,-0.101488546,-0.15406415,-0.15756074,-0.12378413,-0.15417242,-0.1410757,-0.13984437,-0.18093297,-0.15433106,-0.25777104,-0.12844054,-0.15424013,-0.13462572,-0.119081676,-0.15430194,-0.15765053,-0.15765217,-0.15765329,-0.19755594,-0.25103784,-0.20219928,-0.19465852,-0.24831252,-0.20506537,-0.22091979,-0.15431607,-0.12920552,-0.11956477,-0.15431139,-0.15764692,-0.20931396,-0.18224281,-0.15430245,-0.32474133,-0.15432918,-0.1576559,-0.15765482,-0.15765446,-0.2185038,-0.15430167,-0.114121355,-0.1543048,-0.15764077,-0.15764713,-0.22984435,-0.15432298,-0.15762937,-0.08963354,-0.15422273,-0.15760766,-0.1576249,-0.15762639,-0.13302092,-0.1051107,-0.14014931,-0.15141064,-0.15839578,-0.15615125,-0.14613561,-0.15431944,-0.12319561,-0.1295697,-0.15428394,-0.15765572,-0.15765527,-0.15765527,-0.15765576,-0.38518023,-0.11451449,-0.15429139,-0.15564899,-0.14443555,-0.16636807,-0.15432458,-0.15757912,-0.12993515,-0.047159404,-0.1484848,-0.14016809,-0.14106366,-0.15418306,-0.19987361,-0.1649412,-0.17166539,-0.15430292,-0.15761453,-0.12722544,-0.14610182,-0.2588673,-0.12937412,-0.15420514,-0.09132757,-0.12832497,-0.13684332,-0.16221203,-0.15659244,-0.12879854,-0.1540769,-0.15756339,-0.15761116,-0.15764406,-0.15740095,-0.19795567,-0.15106063,-0.07294749,-0.2039893,-0.15429203,-0.1576098,-0.104459345,-0.15394399,-0.17466888,-0.13176009,-0.15429935,-0.15109587,-0.10913184,-0.15413854,-0.05825615,-0.14326635,-0.17082691,-0.15423933,-0.18883844,-0.15433027,-0.31316653,-0.15432066,1.5170871,-0.14331596,-0.15432276,-0.15765235,-0.25088155,-0.15433064,-0.22115314,-0.07562123,-0.086852394,-0.10702289,-0.060967896,-0.14776945,-0.16796505,-0.15746465,-0.22133875,-0.12812386,-0.0969081,-0.16398169,-0.12716047,-0.11335766,-0.18846886,-0.12956287,-0.17755464,-0.0994983,-0.115196005,-0.15424052,-0.11662802,-0.19749595,-0.14526704,-0.12781724,-0.096878245,-0.1542408,-0.15746176,-0.12434345,-0.11230643,-0.063823454,-0.15417194,-0.11419349,-0.10007019,-0.24483351,-0.15433115,-0.15764412,-0.16344379,-0.1759062,-0.12524253,-0.15431678,-0.0782174,-0.19187105,-0.18185812,-0.09859173,-0.11065883,-0.15399754,-0.15733784,-0.083404,-0.1213824,-0.13072303,-0.13855581,-0.19385117,-0.15429452,-0.1576493,-0.19487974,-0.23847799,-0.2432746,-0.12923294,-0.15412956,-0.15762109,-0.14520228,-0.2961179,-0.15433043,-0.19813283,-0.12946883,-0.15426746,-0.060104962,-0.15931924,-0.15432869,-0.2028091,-0.2868003,-0.11816878,-0.14795661,-0.10060286,-0.15417555,-0.13614628,-0.20725825,-0.17393659,-0.125103,-0.15657571,-0.15690626,-0.1543273,-0.15765168,-0.16221246,-0.22200036,-0.12963358,-0.2814266,-0.15433156,-0.1915083,-0.24371436,-0.16952515,-0.1542452,-0.13369927,-0.12557748,-0.15432422,-0.18106565,-0.15433133,-0.18642783,-0.15427534,-0.30462334,-0.15422143,-0.14691104,-0.13029914,-0.15431857,-0.15763955,-0.18915205,-0.12955561,-0.15432349,-0.10481856,-0.1650517,-0.15432131,-0.15765366,-0.15762474,-0.12914775,-0.1542278,-0.15762016,-0.15761124,-0.15762258,-0.1576307,-0.16505513,-0.17392421,-0.15431686,-0.15764658,-0.15763661,-0.15764709,-0.2025511,-0.15354379,-0.14723541,-0.15333268,-0.11499533,-0.10471026,-0.11893196,-0.15432045,-0.15757655,-0.129516,-0.19501048,-0.15432817,-0.18738703,-0.11705899,-0.17429145,-0.15431857,-0.06652963,-0.1540786,-0.10737923,-0.124497145,-0.15298569,-0.052188452,-0.26007295
k__Bacteria|p__Actinobacteria|c__Actinomycetia|o__Propionibacteriales|f__Propionibacteriaceae|g__Propionimicrobium|s__Propionimicrobium_lymphophilum,-0.1004395,-0.12316422,-0.15539365,-0.15869838,-0.15869877,-0.23867357,-0.1666669,-0.16813041,-0.10929718,-0.22895765,-0.23728925,-0.15540054,-0.22850217,-0.3768707,-0.08556121,-0.15483335,-0.058144663,-0.15464336,-0.15860945,-0.19931981,-0.1978925,-0.13059536,-0.15535009,-0.12711628,-0.20043859,-0.11658599,-0.182019,-0.25032333,-0.1509206,-0.15535676,-0.15142563,-0.10844302,-0.18249588,-0.28454733,-0.1553812,-0.1308517,-0.15539712,-0.22338755,-0.15540105,-0.29867563,-0.15540116,-0.29356226,-0.12992938,-0.15518817,-0.13691942,-0.1553932,-0.23188588,-0.24781659,-0.1296162,-0.13085985,-0.24679694,-0.18279888,-0.25087595,-0.26027086,-0.28621647,-0.27511892,-0.11894142,-0.15527745,-0.040142577,-0.056944285,-0.15436143,-0.11274739,-0.13743341,-0.13070366,-0.15536985,-0.15869209,-0.15869842,-0.15869936,-0.27573854,-0.1553438,-0.13070406,-0.16243835,-0.12334165,-0.14074792,-0.15535234,-0.15887658,-0.14481027,-0.13083044,-0.18691605,-0.14998752,-0.15538391,-0.15866816,-0.1586841,-0.15858686,-0.120334074,-0.13700745,-0.08858878,-0.15537545,-0.19008024,-0.15539135,-0.2004665,-0.11139822,-0.1388583,-0.13027036,-0.1074974,-0.15152657,-0.15525442,-0.15825716,-0.10065024,-0.08152827,-0.09427856,-0.15532461,-0.11960925,-0.15027548,-0.16982608,-0.1185138,-0.15534785,-0.15868977,-0.17738779,-0.15176103,-0.15539539,-0.25953975,-0.17989698,-0.13525523,-0.15539144,-0.15095688,-0.17780018,-0.2009549,-0.15536103,-0.09015879,-0.15497631,-0.12151222,-0.121854745,-0.13997786,-0.21433522,-0.13908121,-0.16057305,-0.1552903,-0.07092635,-0.15450463,-0.1575844,-0.18733518,-0.15502197,-0.1306955,-0.12334781,-0.14100276,-0.15533389,-0.114095174,-0.25318068,-0.26654312,-0.12971392,-0.10945694,-0.15532145,-0.09238048,-0.20963459,-0.15539177,-0.15857399,-0.13005172,-0.15529025,-0.16015086,-0.1553517,-0.15539792,-0.19704957,-0.20616047,-0.129335,-0.10460003,-0.11361031,-0.10256614,-0.15538745,-0.19495486,-0.15535231,-0.12997057,-0.15517125,-0.041086134,-0.12967405,-0.15539609,-0.2300741,-0.15536487,-0.10384405,-0.15340227,-0.0784167,-0.1551956,-0.12766197,-0.15522388,-0.121451,-0.075820275,-0.09192432,-0.101488546,-0.1550217,-0.15856552,-0.12378413,-0.15517293,-0.1410757,-0.13984437,-0.18093297,-0.15539965,-0.25777104,-0.12844054,-0.15526883,-0.13462572,-0.119081676,-0.1553585,-0.15869273,-0.15869504,-0.15869662,-0.19755594,-0.25103784,-0.20219928,-0.19465852,-0.24831252,-0.20506537,-0.22091979,-0.15537794,-0.13032061,-0.11956477,-0.15537174,-0.15868755,-0.20931396,-0.18224281,-0.15535843,-0.32474133,-0.15539701,-0.15870036,-0.15869883,-0.15869832,-0.2185038,-0.15535729,-0.114121355,-0.15536207,-0.15867862,-0.15868784,-0.22984435,-0.15538824,-0.15866227,-0.08963354,-0.15524569,-0.15863204,-0.15865617,-0.1586586,-0.13302092,-0.1051107,-0.14014931,-0.15141064,-0.15839578,-0.15615125,-0.14613561,-0.1553832,-0.12319561,-0.13079156,-0.15533227,-0.1587001,-0.15869944,-0.15869945,-0.15870017,-0.38518023,-0.11451449,-0.15534317,-0.15564899,-0.14443555,-0.16636807,-0.15539038,-0.15858918,-0.12993515,-0.047159404,-0.1470344,-0.14016809,-0.14106366,-0.1551888,-0.19987361,-0.1649412,-0.17166539,-0.15535969,-0.15864187,-0.12722544,-0.14610182,-0.2588673,-0.13053657,-0.15522158,-0.09132757,-0.12832497,-0.13684332,-0.16221203,-0.15659244,-0.12980755,-0.15503895,-0.1585691,-0.15863681,-0.15868351,-0.15740095,-0.19795567,-0.15106063,-0.07294749,-0.2039893,-0.15534401,-0.15863524,-0.104459345,-0.15487738,-0.17466888,-0.13176009,-0.15535474,-0.15109587,-0.10913184,-0.15512794,-0.05825615,-0.14326635,-0.17082691,-0.155269,-0.18883844,-0.15539852,-0.31316653,-0.15538457,-0.16808087,-0.14331596,-0.15538785,-0.15869527,-0.25088155,-0.15539904,-0.22115314,-0.07562123,-0.086852394,-0.10702289,-0.060967896,-0.14601514,-0.16796505,-0.15746465,-0.22133875,-0.12812386,-0.0969081,-0.16398169,-0.12716047,-0.11335766,-0.18846886,-0.13078311,-0.17755464,-0.0994983,-0.115196005,-0.15527086,-0.11662802,-0.19749595,-0.14526704,-0.12781724,-0.096878245,-0.15527198,-0.15842527,-0.12434345,-0.11230643,-0.063823454,-0.15517446,-0.11419349,-0.10007019,-0.24483351,-0.1553998,-0.15868297,-0.16344379,-0.1759062,-0.12524253,-0.15537938,-0.0782174,-0.19187105,-0.18185812,-0.09859173,-0.11065883,-0.1549271,-0.15824927,-0.083404,-0.1213824,-0.13072303,-0.13855581,-0.19385117,-0.15534745,-0.15869094,-0.19487974,-0.23847799,-0.2432746,-0.1303419,-0.15511394,-0.15865073,1.4799044,-0.2961179,-0.15539877,-0.19813283,-0.1306574,-0.15530922,-0.060104962,-0.15931924,-0.15539625,-0.2028091,-0.2868003,-0.11816878,-0.14795661,-0.10060286,-0.15517811,-0.13614628,-0.20725825,-0.17393659,-0.125103,-0.15657571,-0.15690626,-0.15539432,-0.15869434,-0.16221246,-0.22200036,-0.13088071,-0.2814266,-0.15540037,-0.1915083,-0.24371436,-0.16952515,-0.1552749,-0.13369927,-0.12557748,-0.15538988,-0.18106565,-0.15540002,-0.18642783,-0.15531881,-0.30462334,-0.15524298,-0.14691104,-0.13029914,-0.15538186,-0.15867713,-0.18915205,-0.1307722,-0.15538889,-0.10481856,-0.1650517,-0.1553857,-0.15869717,-0.15865444,-0.130238,-0.15525334,-0.15864933,-0.15863682,-0.15865284,-0.15866463,-0.16505513,-0.17392421,-0.15537938,-0.15868713,-0.15867285,-0.15868783,-0.2025511,-0.15354379,-0.14723541,-0.15397039,-0.11499533,-0.10471026,-0.11893196,-0.15538457,-0.1585849,-0.13071853,-0.19501048,-0.15539551,-0.18738703,-0.11705899,-0.17429145,-0.155381,-0.06652963,-0.15504333,-0.10737923,-0.124497145,-0.15298569,-0.052188452,-0.26007295
k__Bacteria|p__Actinobacteria|c__Actinomycetia|o__Actinomycetales|f__Actinomycetaceae|g__Actinobaculum|s__Actinobaculum_massiliense,-0.1004395,-0.12316422,-0.15527096,-0.15858778,-0.15858807,-0.23867357,-0.1666669,-0.16813041,-0.10929718,-0.22895765,-0.23728925,-0.1552762,-0.22850217,-0.3768707,-0.08556121,-0.15483937,-0.058144663,-0.15470293,-0.15852034,-0.19931981,-0.1978925,-0.13043895,-0.15523803,-0.12711628,-0.20043859,-0.11658599,-0.182019,-0.25032333,-0.1509206,-0.15524311,-0.15142563,-0.10844302,-0.18249588,-0.28454733,-0.15526164,-0.1306381,-0.15527359,-0.22338755,-0.1552766,-0.29867563,-0.15527666,-0.29356226,-0.12990588,-0.1551151,-0.13691942,-0.15527065,-0.23188588,-0.24781659,-0.1296162,-0.13064438,-0.24679694,-0.18279888,-0.25087595,-0.26027086,-0.28621647,-0.27511892,-0.11894142,-0.15518281,-0.040142577,-0.056944285,-0.15448922,-0.11274739,-0.13743341,-0.13052213,-0.1552529,-0.15858302,-0.15858781,-0.15858853,-0.27573854,-0.15523288,-0.1305236,-0.16243835,-0.12334165,-0.14074792,-0.15523976,-0.15887658,-0.14481027,-0.13062179,-0.18691605,-0.14998752,-0.1552636,-0.1585649,-0.15857694,-0.15850367,-0.120334074,-0.13700745,-0.08858878,-0.1552572,-0.19008024,-0.15526924,-0.2004665,-0.11139822,-0.1388583,-0.13027036,-0.1074974,-0.15152657,-0.15516564,-0.15824676,-0.10065024,-0.08152827,-0.09427856,-0.15521878,-0.11960925,-0.15027548,-0.16982608,-0.1185138,-0.15523633,-0.15858126,-0.17738779,-0.15176103,-0.15527229,-0.25953975,-0.17989698,-0.13525523,-0.15526931,-0.15095688,-0.17780018,-0.2009549,-0.15524623,-0.09015879,-0.15495512,-0.12151222,-0.121854745,-0.13997786,-0.21433522,-0.13908121,-0.16057305,-0.15519276,-0.07092635,-0.15459526,-0.1577424,-0.18733518,-0.15498856,-0.1305092,-0.12334781,-0.14100276,-0.15522578,-0.114095174,-0.25318068,-0.26654312,-0.12972204,-0.10945694,-0.15521635,-0.09238048,-0.20963459,-0.15526956,-0.15849379,-0.12999403,-0.1551924,-0.16015086,-0.1553517,-0.15527421,-0.19704957,-0.20616047,-0.1293978,-0.10460003,-0.11361031,-0.10256614,-0.15526631,-0.19495486,-0.15524004,-0.12990908,-0.15510261,-0.041086134,-0.12967405,-0.15527281,-0.2300741,-0.1552496,-0.10384405,-0.15375438,-0.0784167,-0.15512046,-0.12766197,-0.15514228,-0.121451,-0.075820275,-0.09192432,-0.101488546,-0.15498868,-0.1584872,-0.12378413,-0.15510142,-0.1410757,-0.13984437,-0.18093297,-0.15527552,-0.25777104,-0.12844054,-0.15517643,-0.13462572,-0.119081676,-0.15524438,-0.15858349,-0.15858525,-0.15858644,-0.19755594,-0.25103784,-0.20219928,-0.19465852,-0.24831252,-0.20506537,-0.22091979,-0.15525919,-0.13020754,-0.11956477,-0.15525444,-0.15857959,-0.20931396,-0.18224281,-0.15524423,-0.32474133,-0.15527351,-0.15858927,-0.15858811,-0.15858772,-0.2185038,-0.15524322,-0.114121355,-0.15524703,-0.15857278,-0.1585798,-0.22984435,-0.15526688,-0.15855989,-0.08963354,-0.15515858,-0.15853763,-0.15855578,-0.15855768,-0.13302092,-0.1051107,-0.14014931,-0.15141064,-0.15839578,-0.15615125,-0.14613561,-0.1552631,-0.12319561,-0.13059184,-0.15522444,-0.15858908,-0.15858857,-0.15858859,-0.15858912,-0.38518023,-0.11451449,-0.15523279,-0.15564899,-0.14443555,-0.16636807,-0.1552685,-0.15850534,-0.12993515,-0.047159404,-0.14893089,-0.14016809,-0.14106366,-0.15511596,-0.19987361,-0.1649412,-0.17166539,-0.15524532,-0.1585451,-0.12722544,-0.14610182,-0.2588673,-0.13038805,-0.1551404,-0.09132757,-0.12832497,-0.13684332,-0.16221203,-0.15659244,-0.12977964,-0.15500101,-0.15848982,-0.15854123,-0.15857652,-0.15740095,-0.19795567,-0.15106063,-0.07294749,-0.2039893,-0.15523334,-0.15853998,-0.104459345,-0.15485665,-0.17466888,-0.13176009,-0.15524161,-0.15109587,-0.10913184,-0.15506788,-0.05825615,-0.14326635,-0.17082691,-0.15517655,-0.18883844,-0.15527466,-0.31316653,-0.15526411,-0.16808087,-0.14331596,-0.15526658,-0.15858541,-0.25088155,-0.15527505,-0.22115314,-0.07562123,-0.086852394,-0.10702289,-0.060967896,-0.14816198,-0.16796505,-0.15746465,-0.22133875,-0.12812386,-0.0969081,-0.16398169,-0.12716047,-0.11335766,-0.18846886,-0.13058516,-0.17755464,-0.0994983,-0.115196005,-0.15517801,-0.11662802,-0.19749595,-0.14526704,-0.12781724,-0.096878245,-0.15517887,-0.15838072,-0.12434345,-0.11230643,-0.063823454,-0.1551044,-0.11419349,-0.10007019,-0.24483351,-0.15527563,-0.15857632,-0.16344379,-0.1759062,-0.12524253,-0.15526019,-0.0782174,-0.19187105,-0.18185812,-0.09859173,-0.11065883,-0.15491778,-0.15824753,-0.083404,-0.1213824,-0.13072303,-0.13855581,-0.19385117,-0.15523598,-0.15858215,-0.19487974,-0.23847799,-0.2432746,-0.1302345,-0.15505885,-0.1585517,1.0119148,-0.2961179,-0.15527485,-0.19813283,-0.13048545,-0.15520686,-0.060104962,-0.15931924,-0.15527293,-0.2028091,-0.2868003,-0.11816878,-0.14795661,-0.10060286,-0.15510756,-0.13614628,-0.20725825,-0.17393659,-0.125103,-0.15657571,-0.15690626,-0.15527147,-0.15858471,-0.16221246,-0.22200036,-0.13066031,-0.2814266,-0.15527606,-0.1915083,-0.24371436,-0.16952515,-0.15518104,-0.13369927,-0.12557748,-0.15526813,-0.18106565,-0.15527579,-0.18642783,-0.15521431,-0.30462334,-0.15515679,-0.14691104,-0.13029914,-0.15526207,-0.15857169,-0.18915205,-0.13057756,-0.15526739,-0.10481856,-0.1650517,-0.15526494,-0.15858686,-0.158555,-0.13014868,-0.15516473,-0.15855058,-0.15854105,-0.1585532,-0.15856212,-0.16505513,-0.17392421,-0.15526016,-0.15857926,-0.15856846,-0.15857981,-0.2025511,-0.15354379,-0.14723541,-0.15419169,-0.11499533,-0.10471026,-0.11893196,-0.15526411,-0.15850228,-0.13053596,-0.19501048,-0.15527236,-0.18738703,-0.11705899,-0.17429145,-0.15526181,-0.06652963,-0.15500474,-0.10737923,-0.124497145,-0.15298569,-0.052188452,-0.26007295
k__Bacteria|p__Actinobacteria|c__Actinomycetia|o__Actinomycetales|f__Actinomycetaceae|g__Actinomyces|s__Actinomyces_sp_HMSC065F12,-0.1004395,-0.12316422,-0.15501192,-0.15830529,-0.15830559,-0.23867357,-0.1666669,-0.16813041,-0.10929718,-0.22895765,-0.23728925,-0.15501702,-0.22850217,-0.3768707,-0.08556121,-0.15458228,-0.058144663,-0.15443459,-0.1582391,-0.19931981,-0.1978925,-0.13035187,-0.15497907,-0.12711628,-0.20043859,-0.11658599,-0.182019,-0.25032333,-0.1509206,-0.15498485,-0.15142563,-0.10844302,-0.18249588,-0.28454733,-0.15500325,-0.13055205,-0.15501446,-0.22338755,-0.1550174,-0.29867563,-0.1550175,-0.29356226,-0.12982643,-0.15486145,-0.13691942,-0.15501148,-0.23188588,-0.24781659,-0.1296162,-0.13055862,-0.24679694,-0.18279888,-0.25087595,-0.26027086,-0.28621647,-0.27511892,-0.11894142,-0.15492436,-0.040142577,-0.056944285,-0.15424967,-0.11274739,-0.13743341,-0.13043731,-0.15499453,-0.15830052,-0.15830538,-0.15830603,-0.27573854,-0.15497656,-0.13043946,-0.16243835,-0.12334165,-0.14074792,-0.15498078,-0.15887658,-0.14481027,-0.13053524,-0.18691605,-0.14998752,-0.15500453,-0.15828267,-0.15829486,-0.1582278,-0.120334074,-0.13700745,-0.08858878,-0.15499812,-0.19008024,-0.1550101,-0.2004665,-0.11139822,-0.1388583,-0.13027036,-0.1074974,-0.15152657,-0.15490663,-0.15799288,-0.10065024,-0.08152827,-0.09427856,-0.15495962,-0.11960925,-0.15027548,-0.16982608,-0.1185138,-0.1549783,-0.15829882,-0.17738779,-0.15176103,-0.15501322,-0.25953975,-0.17989698,-0.13525523,-0.15501016,-0.15095688,-0.17780018,-0.2009549,-0.15498982,-0.09015879,-0.1546941,-0.12151222,-0.121854745,-0.13997786,-0.21433522,-0.13908121,-0.16057305,-0.15493348,-0.07092635,-0.15434311,-0.15749839,-0.18733518,-0.15474859,-0.1304256,-0.12334781,-0.14100276,-0.15496685,-0.114095174,-0.25318068,-0.26654312,-0.12964942,-0.10945694,-0.15495716,-0.09238048,-0.20963459,-0.1550104,-0.1582202,-0.1299277,-0.15493494,-0.16015086,-0.1553517,-0.15501508,-0.19704957,-0.20616047,-0.12933621,-0.10460003,-0.11361031,-0.10256614,-0.15500705,-0.19495486,-0.15498224,-0.129846,-0.1548428,-0.041086134,-0.12967405,-0.15501383,-0.2300741,-0.15499178,-0.10384405,-0.15350965,-0.0784167,-0.1548636,-0.12766197,-0.15488377,-0.121451,-0.075820275,-0.09192432,-0.101488546,-0.15473069,-0.15820432,-0.12378413,-0.15485552,-0.1410757,-0.13984437,-0.18093297,-0.15501636,-0.25777104,-0.12844054,-0.15492326,-0.13462572,-0.119081676,-0.15498488,-0.15830106,-0.1583028,-0.15830398,-0.19755594,-0.25103784,-0.20219928,-0.19465852,-0.24831252,-0.20506537,-0.22091979,-0.15500095,-0.13013707,-0.11956477,-0.1549952,-0.15829724,-0.20931396,-0.18224281,-0.15498713,-0.32474133,-0.15501434,-0.15830678,-0.15830562,-0.15830521,-0.2185038,-0.15498638,-0.114121355,-0.15498896,-0.15829125,-0.15829748,-0.22984435,-0.15500765,-0.1582802,-0.08963354,-0.15490142,-0.15825458,-0.15827413,-0.15827474,-0.13302092,-0.1051107,-0.14014931,-0.15141064,-0.15839578,-0.15615125,-0.14613561,-0.15500371,-0.12319561,-0.1305065,-0.15496716,-0.15830658,-0.15830609,-0.15830609,-0.15830663,-0.38518023,-0.11451449,-0.1549742,-0.15564899,-0.14443555,-0.16636807,-0.15500958,-0.1582286,-0.12993515,-0.047159404,-0.14893177,-0.14016809,-0.14106366,-0.15485935,-0.19987361,-0.1649412,-0.17166539,-0.15498622,-0.15826172,-0.12722544,-0.14610182,-0.2588673,-0.1303003,-0.15488127,-0.09132757,-0.12832497,-0.13684332,-0.16221203,-0.15659244,-0.12972781,-0.15474784,-0.1582078,-0.15825874,-0.15829408,-0.15740095,-0.19795567,-0.15106063,-0.07294749,-0.2039893,-0.15497531,-0.15825674,-0.104459345,-0.15465479,-0.17466888,-0.13176009,-0.15498188,-0.15109587,-0.10913184,-0.15481153,-0.05825615,-0.14326635,-0.17082691,-0.15491924,-0.18883844,-0.15501556,-0.31316653,-0.15500584,-0.16808087,-0.14331596,-0.15500748,-0.15830308,-0.25088155,-0.15501596,-0.22115314,-0.07562123,-0.086852394,-0.10702289,-0.060967896,-0.14816697,-0.16796505,-0.15746465,-0.22133875,-0.12812386,-0.0969081,-0.16398169,-0.12716047,-0.11335766,-0.18846886,-0.1304994,-0.17755464,-0.0994983,-0.115196005,-0.15492009,-0.11662802,-0.19749595,-0.14526704,-0.12781724,-0.096878245,-0.15491863,-0.15809885,-0.12434345,-0.11230643,-0.063823454,-0.15484622,2.4081821,-0.10007019,-0.24483351,-0.15501648,-0.1582948,-0.16344379,-0.1759062,-0.12524253,-0.15500098,-0.0782174,-0.19187105,-0.18185812,-0.09859173,-0.11065883,-0.15465826,-0.15796642,-0.083404,-0.1213824,-0.13072303,-0.13855581,-0.19385117,-0.15497807,-0.15829968,-0.19487974,-0.23847799,-0.2432746,-0.13015677,-0.15480115,-0.15826996,-0.14520228,-0.2961179,-0.15501569,-0.19813283,-0.13039926,-0.15494922,-0.060104962,-0.15931924,-0.15501389,-0.2028091,-0.2868003,-0.11816878,-0.14795661,-0.10060286,-0.15485209,-0.13614628,-0.20725825,-0.17393659,-0.125103,-0.15657571,-0.15690626,-0.1550124,-0.15830225,-0.16221246,-0.22200036,-0.13057458,-0.2814266,-0.15501693,-0.1915083,-0.24371436,-0.16952515,-0.15492958,-0.13369927,-0.12557748,-0.15500915,-0.18106565,-0.15501665,-0.18642783,-0.15495992,-0.30462334,-0.15490153,-0.14691104,-0.13029914,-0.15500307,-0.1582892,-0.18915205,-0.13049054,-0.15500827,-0.10481856,-0.1650517,-0.15500617,-0.15830441,-0.15827522,-0.13007246,-0.15490544,-0.15826926,-0.15825939,-0.15827176,-0.15827982,-0.16505513,-0.17392421,-0.1550014,-0.15829676,-0.15828627,-0.15829733,-0.2025511,-0.15354379,-0.14723541,-0.15397856,-0.11499533,-0.10471026,-0.11893196,-0.1550051,-0.15822604,-0.13044758,-0.19501048,-0.15501338,-0.18738703,-0.11705899,-0.17429145,-0.1550037,-0.06652963,-0.15474486,-0.10737923,-0.124497145,-0.15298569,-0.052188452,-0.26007295
k__Bacteria|p__Actinobacteria|c__Actinomycetia|o__Micrococcales|f__Micrococcaceae|g__Kocuria|s__Kocuria_salsicia,-0.1004395,-0.12316422,-0.1539213,-0.15719768,-0.15719792,-0.23867357,-0.1666669,-0.16813041,-0.10929718,-0.22895765,-0.23728925,-0.15392567,-0.22850217,-0.3768707,-0.08556121,-0.15355992,-0.058144663,-0.15344495,-0.15714134,-0.19931981,-0.1978925,-0.12941307,-0.15389371,-0.12711628,-0.20043859,-0.11658599,-0.182019,-0.25032333,-0.1509206,-0.15389791,-0.15142563,-0.10844302,-0.18249588,-0.28454733,-0.15391323,-0.12958808,-0.1539235,-0.22338755,-0.15392599,-0.29867563,-0.15392607,-0.29356226,-0.1289447,-0.15379053,-0.13691942,-0.15392104,-0.23188588,-0.24781659,-0.1296162,-0.12959328,-0.24679694,-0.18279888,-0.25087595,-0.26027086,-0.28621647,-0.27511892,-0.11894142,-0.1538473,-0.040142577,-0.056944285,-0.15326476,-0.11274739,-0.13743341,-0.12948498,-0.15390614,-0.15719368,-0.15719771,-0.15719831,-0.27573854,-0.15388858,-0.12948851,-0.16243835,-0.12334165,-0.14074792,-0.15389508,-0.15887658,-0.14481027,-0.12957379,-0.18691605,-0.14998752,-0.15391514,-0.15717848,-0.15718858,-0.15712604,-0.120334074,-0.13700745,-0.08858878,-0.15390976,-0.19008024,-0.15391985,-0.2004665,-0.11139822,-0.1388583,-0.13027036,-0.1074974,-0.15152657,-0.15383267,-0.15689689,-0.10065024,-0.08152827,-0.09427856,-0.1538775,-0.11960925,-0.15027548,-0.16982608,-0.1185138,-0.15389231,-0.1571922,-0.17738779,-0.15176103,-0.15392241,-0.25953975,-0.17989698,-0.13525523,-0.1539199,-0.15095688,-0.17780018,-0.2009549,-0.15390018,-0.09015879,-0.15365598,-0.12151222,-0.121854745,-0.13997786,-0.21433522,-0.13908121,-0.16057305,-0.15385565,-0.07092635,-0.15335521,-0.15648767,-0.18733518,-0.15368403,-0.12947159,-0.12334781,-0.14100276,-0.1538834,-0.114095174,-0.25318068,-0.26654312,-0.12874928,-0.10945694,-0.15387547,-0.09238048,-0.20963459,-0.15392011,-0.15711889,-0.12901148,-0.15385574,-0.16015086,-0.1553517,-0.15392402,-0.19704957,-0.20616047,-0.12847888,-0.10460003,-0.11361031,-0.10256614,-0.15391739,-0.19495486,-0.15389487,-0.12891786,-0.15378013,-0.041086134,-0.12967405,-0.15392283,-0.2300741,-0.15390313,-0.10384405,-0.1526468,-0.0784167,-0.15379557,-0.12766197,-0.15381327,-0.121451,-0.075820275,-0.09192432,-0.101488546,-0.15368356,-0.15711325,-0.12378413,-0.15377796,-0.1410757,-0.13984437,-0.18093297,-0.15392509,-0.25777104,-0.12844054,-0.15384087,-0.13462572,-0.119081676,-0.15389901,-0.1571941,-0.15719557,-0.15719658,-0.19755594,-0.25103784,2.7889159,-0.19465852,-0.24831252,-0.20506537,-0.22091979,-0.15391135,-0.12919804,-0.11956477,-0.15390745,-0.15719078,-0.20931396,-0.18224281,-0.15389878,-0.32474133,-0.15392342,-0.15719892,-0.15719798,-0.15719762,-0.2185038,-0.15389836,-0.114121355,-0.1539013,-0.1571851,-0.15719102,-0.22984435,-0.15391788,-0.15717492,-0.08963354,-0.15382725,-0.1571556,-0.15717083,-0.15717241,-0.13302092,-0.1051107,-0.14014931,-0.15141064,-0.15839578,-0.15615125,-0.14613561,-0.1539147,-0.12319561,-0.12954852,-0.1538822,-0.15719876,-0.15719834,-0.15719837,-0.1571988,-0.38518023,-0.11451449,-0.15388924,-0.15564899,-0.14443555,-0.16636807,-0.15391922,-0.15712824,-0.12993515,-0.047159404,-0.14860238,-0.14016809,-0.14106366,-0.15379113,-0.19987361,-0.1649412,-0.17166539,-0.15389974,-0.15716183,-0.12722544,-0.14610182,-0.2588673,-0.12936221,-0.15381144,-0.09132757,-0.12832497,-0.13684332,-0.16221203,-0.15659244,-0.12879527,-0.1536954,-0.15711546,-0.15715867,-0.15718825,-0.15740095,-0.19795567,-0.15106063,-0.07294749,-0.2039893,-0.1538897,-0.1571576,-0.104459345,-0.15353805,-0.17466888,-0.13176009,-0.15389666,-0.15109587,-0.10913184,-0.15375036,-0.05825615,-0.14326635,-0.17082691,-0.15384203,-0.18883844,-0.15392439,-0.31316653,-0.15391552,-0.16808087,-0.14331596,-0.15391763,-0.1571957,-0.25088155,-0.1539247,-0.22115314,-0.07562123,-0.086852394,-0.10702289,-0.060967896,-0.14794922,-0.16796505,-0.15746465,-0.22133875,-0.12812386,-0.0969081,-0.16398169,-0.12716047,-0.11335766,-0.18846886,-0.12954175,-0.17755464,-0.0994983,-0.115196005,-0.15384322,-0.11662802,-0.19749595,-0.14526704,-0.12781724,-0.096878245,-0.153844,-0.15702352,-0.12434345,-0.11230643,-0.063823454,-0.15378153,-0.11419349,-0.10007019,-0.24483351,-0.15392521,-0.15718804,-0.16344379,-0.1759062,-0.12524253,-0.15391225,-0.0782174,-0.19187105,-0.18185812,-0.09859173,-0.11065883,-0.15362439,-0.15691188,-0.083404,-0.1213824,-0.13072303,-0.13855581,-0.19385117,-0.15389192,-0.15719298,-0.19487974,-0.23847799,-0.2432746,-0.12923427,-0.15374301,-0.1571674,-0.14520228,-0.2961179,-0.15392455,-0.19813283,-0.12945272,-0.15386747,-0.060104962,-0.15931924,-0.15392295,-0.2028091,-0.2868003,-0.11816878,-0.14795661,-0.10060286,-0.15378404,-0.13614628,-0.20725825,-0.17393659,-0.125103,-0.15657571,-0.15690626,-0.1539217,-0.15719512,-0.16221246,-0.22200036,-0.12960681,-0.2814266,-0.15392557,-0.1915083,-0.24371436,-0.16952515,-0.15384527,-0.13369927,-0.12557748,-0.15391892,-0.18106565,-0.15392534,-0.18642783,-0.15387352,-0.30462334,-0.15382537,-0.14691104,-0.13029914,-0.15391381,-0.15718421,-0.18915205,-0.12953565,-0.1539183,-0.10481856,-0.1650517,-0.15391622,-0.1571969,-0.15716992,-0.12914579,-0.15383202,-0.15716647,-0.1571585,-0.15716869,-0.15717627,-0.16505513,-0.17392421,-0.15391223,-0.15719053,-0.15718147,-0.15719101,-0.2025511,-0.15354379,-0.14723541,-0.15301453,-0.11499533,-0.10471026,-0.11893196,-0.15391554,-0.15712577,-0.12950006,-0.19501048,-0.15392247,-0.18738703,-0.11705899,-0.17429145,-0.15391359,-0.06652963,-0.15369816,-0.10737923,-0.124497145,-0.15298569,-0.052188452,-0.26007295
k__Bacteria|p__Actinobacteria|c__Actinomycetia|o__Corynebacteriales|f__Gordoniaceae|g__Gordonia|s__Gordonia_sp_852002_10350_SCH5691597,-0.1004395,-0.12316422,-0.15405765,-0.15731499,-0.15731522,-0.23867357,-0.1666669,-0.16813041,-0.10929718,-0.22895765,-0.23728925,-0.15406182,-0.22850217,-0.3768707,-0.08556121,-0.15369987,-0.058144663,-0.15358184,-0.15726054,-0.19931981,-0.1978925,-0.12969768,-0.15403064,-0.12711628,-0.20043859,-0.11658599,-0.182019,-0.25032333,-0.1509206,-0.15403539,-0.15142563,-0.10844302,-0.18249588,-0.28454733,-0.15405037,-0.12986465,-0.15405971,-0.22338755,-0.15406215,-0.29867563,-0.15406221,-0.29356226,-0.12924369,-0.15393387,-0.13691942,-0.15405726,-0.23188588,-0.24781659,-0.1296162,-0.12987024,-0.24679694,-0.18279888,-0.25087595,-0.26027086,-0.28621647,-0.27511892,-0.11894142,-0.15398556,-0.040142577,-0.056944285,-0.15343118,-0.11274739,-0.13743341,-0.12977001,-0.15404333,-0.15731108,-0.15731505,-0.15731561,-0.27573854,-0.15402836,-0.12977007,-0.16243835,-0.12334165,-0.14074792,-0.15403205,-0.15887658,-0.14481027,-0.12985072,-0.18691605,-0.14998752,-0.15405157,-0.15729642,-0.15730642,-0.15725026,-0.120334074,-0.13700745,-0.08858878,-0.1540463,-0.19008024,-0.15405615,-0.2004665,-0.11139822,-0.1388583,-0.13027036,-0.1074974,-0.15152657,-0.15397117,-0.15704685,-0.10065024,-0.08152827,-0.09427856,-0.15401465,-0.11960925,-0.15027548,-0.16982608,-0.1185138,-0.15402997,-0.15730968,-0.17738779,-0.15176103,-0.1540587,-0.25953975,-0.17989698,-0.13525523,-0.15405619,-0.15095688,-0.17780018,-0.2009549,-0.1540393,-0.09015879,-0.15379612,-0.12151222,-0.121854745,-0.13997786,-0.21433522,-0.13908121,-0.16057305,-0.15399313,-0.07092635,-0.15350485,-0.15665132,-0.18733518,-0.15384,-0.12975907,-0.12334781,-0.14100276,-0.15402061,-0.114095174,-0.25318068,-0.26654312,-0.1290974,-0.10945694,-0.1540126,-0.09238048,-0.20963459,-0.1540564,-0.15724489,-0.12932597,-0.15399422,-0.16015086,-0.1553517,-0.15406023,-0.19704957,-0.20616047,-0.12883927,-0.10460003,-0.11361031,-0.10256614,-0.15405363,-0.19495486,-0.15403302,-0.12927076,-0.15391833,-0.041086134,-0.12967405,-0.1540592,-0.2300741,-0.15404108,-0.10384405,-0.15281,-0.0784167,-0.15393552,-0.12766197,-0.15395221,-0.121451,-0.075820275,-0.09192432,-0.101488546,-0.15382609,-0.15723202,-0.12378413,-0.15392268,-0.1410757,-0.13984437,-0.18093297,-0.15406127,-0.25777104,-0.12844054,-0.15398383,-0.13462572,-0.119081676,-0.15403542,-0.15731151,-0.15731296,-0.15731393,-0.19755594,-0.25103784,2.2691562,-0.19465852,-0.24831252,-0.20506537,-0.22091979,-0.15404855,-0.12951088,-0.11956477,-0.1540439,-0.15730837,-0.20931396,-0.18224281,-0.15403672,-0.32474133,-0.15405962,-0.15731621,-0.15731525,-0.15731494,-0.2185038,-0.15403633,-0.114121355,-0.15403874,-0.15730345,-0.15730858,-0.22984435,-0.15405412,-0.157294,-0.08963354,-0.15396677,-0.15727335,-0.1572894,-0.15728992,-0.13302092,-0.1051107,-0.14014931,-0.15141064,-0.15839578,-0.15615125,-0.14613561,-0.1540509,-0.12319561,-0.12982723,-0.15402085,-0.15731606,-0.15731567,-0.15731566,-0.15731609,-0.38518023,-0.11451449,-0.15402664,-0.15564899,-0.14443555,-0.16636807,-0.15405571,-0.15725175,-0.12993515,-0.047159404,-0.14905772,-0.14016809,-0.14106366,-0.15393227,-0.19987361,-0.1649412,-0.17166539,-0.1540365,-0.15727921,-0.12722544,-0.14610182,-0.2588673,-0.12965336,-0.1539502,-0.09132757,-0.12832497,-0.13684332,-0.16221203,-0.15659244,-0.12915148,-0.15384011,-0.15723488,-0.15727672,-0.15730578,-0.15740095,-0.19795567,-0.15106063,-0.07294749,-0.2039893,-0.15402752,-0.15727516,-0.104459345,-0.15374935,-0.17466888,-0.13176009,-0.15403298,-0.15109587,-0.10913184,-0.15389255,-0.05825615,-0.14326635,-0.17082691,-0.15398143,-0.18883844,-0.15406063,-0.31316653,-0.15405262,-0.16808087,-0.14331596,-0.154054,-0.15731317,-0.25088155,-0.15406094,-0.22115314,-0.07562123,-0.086852394,-0.10702289,-0.060967896,-0.14843132,-0.16796505,-0.15746465,-0.22133875,-0.12812386,-0.0969081,-0.16398169,-0.12716047,-0.11335766,-0.18846886,-0.12982081,-0.17755464,-0.0994983,-0.115196005,-0.15398215,-0.11662802,-0.19749595,-0.14526704,-0.12781724,-0.096878245,-0.153981,-0.15714535,-0.12434345,-0.11230643,-0.063823454,-0.15392122,-0.11419349,-0.10007019,-0.24483351,-0.15406136,-0.15730633,-0.16344379,-0.1759062,-0.12524253,-0.15404867,-0.0782174,-0.19187105,-0.18185812,-0.09859173,-0.11065883,-0.15376663,-0.15703624,-0.083404,-0.1213824,-0.13072303,-0.13855581,-0.19385117,-0.1540298,-0.15731041,-0.19487974,-0.23847799,-0.2432746,-0.12953383,-0.15388432,-0.15728593,-0.14520228,-0.2961179,-0.15406072,-0.19813283,-0.12973794,-0.1540061,-0.060104962,-0.15931924,-0.15405923,-0.2028091,-0.2868003,-0.11816878,-0.14795661,-0.10060286,-0.15392625,-0.13614628,-0.20725825,-0.17393659,-0.125103,-0.15657571,-0.15690626,-0.15405804,-0.15731248,-0.16221246,-0.22200036,-0.12988338,-0.2814266,-0.15406173,-0.1915083,-0.24371436,-0.16952515,-0.15398899,-0.13369927,-0.12557748,-0.15405539,-0.18106565,-0.15406151,-0.18642783,-0.15401435,-0.30462334,-0.1539669,-0.14691104,-0.13029914,-0.15405038,-0.15730178,-0.18915205,-0.12981364,-0.15405463,-0.10481856,-0.1650517,-0.15405291,-0.15731427,-0.15729013,-0.1294616,-0.15397014,-0.15728539,-0.15727732,-0.15728745,-0.15729408,-0.16505513,-0.17392421,-0.154049,-0.15730801,-0.15729937,-0.15730846,-0.2025511,-0.15354379,-0.14723541,-0.1532081,-0.11499533,-0.10471026,-0.11893196,-0.15405205,-0.1572487,-0.12977737,-0.19501048,-0.15405884,-0.18738703,-0.11705899,-0.17429145,-0.15405074,-0.06652963,-0.1538375,-0.10737923,-0.124497145,-0.15298569,-0.052188452,-0.26007295
k__Bacteria|p__Actinobacteria|c__Coriobacteriia|o__Coriobacteriales|f__Coriobacteriaceae|g__Collinsella|s__Collinsella_SGB59878,-0.1004395,-0.12316422,-0.15422413,-0.15750474,-0.15750504,-0.23867357,6.1968966,-0.16813041,-0.10929718,-0.22895765,-0.23728925,-0.15422957,-0.22850217,-0.3768707,-0.08556121,-0.15376753,-0.058144663,-0.15362263,-0.15743425,-0.19931981,-0.1978925,-0.12964608,-0.1541895,-0.12711628,-0.20043859,-0.11658599,-0.182019,-0.25032333,-0.1509206,-0.1541951,-0.15142563,-0.10844302,-0.18249588,-0.28454733,-0.15421432,-0.12985963,-0.15422684,-0.22338755,-0.15422997,-0.29867563,-0.15423006,-0.29356226,-0.12908842,-0.15406214,-0.13691942,-0.15422374,-0.23188588,-0.24781659,-0.1296162,-0.12986638,-0.24679694,-0.18279888,-0.25087595,-0.26027086,-0.28621647,-0.27511892,-0.11894142,-0.15413155,-0.040142577,-0.056944285,-0.15341087,-0.11274739,-0.13743341,-0.12973571,-0.15420538,-0.15749973,-0.1575048,-0.15750551,-0.27573854,-0.1541844,-0.1297386,-0.16243835,-0.12334165,-0.14074792,-0.15419137,-0.15887658,-0.14481027,-0.12984177,-0.18691605,-0.14998752,-0.15421635,-0.1574808,-0.1574935,-0.15741627,-0.120334074,-0.13700745,-0.08858878,-0.15420964,-0.19008024,-0.15422228,-0.2004665,-0.11139822,-0.1388583,-0.13027036,-0.1074974,-0.15152657,-0.15411344,-0.15714262,-0.10065024,-0.08152827,-0.09427856,-0.15416914,-0.11960925,-0.15027548,-0.16982608,-0.1185138,-0.15418804,-0.15749788,-0.17738779,-0.15176103,-0.1542255,-0.25953975,-0.17989698,-0.13525523,-0.15422234,-0.15095688,-0.17780018,-0.2009549,-0.15419859,-0.09015879,-0.15389113,-0.12151222,-0.121854745,-0.13997786,-0.21433522,-0.13908121,-0.16057305,-0.15414175,-0.07092635,-0.1535147,-0.1566315,-0.18733518,-0.15393326,-0.12972249,-0.12334781,-0.14100276,-0.15417665,-0.114095174,-0.25318068,-0.26654312,-0.12888026,-0.10945694,-0.15416667,-0.09238048,-0.20963459,-0.1542226,-0.15740839,-0.12917554,-0.1541419,-0.16015086,-0.1553517,-0.15422751,-0.19704957,-0.20616047,-0.12856132,-0.10460003,-0.11361031,-0.10256614,-0.15421914,-0.19495486,-0.15419143,-0.1290931,-0.15404645,-0.041086134,-0.12967405,-0.1542261,-0.2300741,-0.15420166,-0.10384405,-0.15262298,-0.0784167,-0.15406632,-0.12766197,-0.15408902,-0.121451,-0.075820275,-0.09192432,-0.101488546,-0.15392716,-0.15739879,-0.12378413,-0.1540453,-0.1410757,-0.13984437,-0.18093297,-0.15422885,-0.25777104,-0.12844054,-0.15412539,-0.13462572,-0.119081676,-0.154196,-0.15750024,-0.1575021,-0.15750334,-0.19755594,-0.25103784,-0.20219928,-0.19465852,-0.24831252,-0.20506537,-0.22091979,-0.15421188,-0.12940137,-0.11956477,-0.15420668,-0.15749617,-0.20931396,-0.18224281,-0.15419641,-0.32474133,-0.15422675,-0.1575063,-0.1575051,-0.15750468,-0.2185038,-0.15419531,-0.114121355,-0.1541993,-0.15748933,-0.1574964,-0.22984435,-0.15421978,-0.15747607,-0.08963354,-0.15410654,-0.15745184,-0.15747145,-0.15747297,-0.13302092,-0.1051107,-0.14014931,-0.15141064,-0.15839578,-0.15615125,-0.14613561,-0.15421572,-0.12319561,-0.12981097,-0.15417597,-0.15750611,-0.15750557,-0.15750559,-0.15750614,-0.38518023,-0.11451449,-0.15418419,-0.15564899,-0.14443555,-0.16636807,-0.1542216,-0.1574198,-0.12993515,-0.047159404,-0.14766505,-0.14016809,-0.14106366,-0.15406233,-0.19987361,-0.1649412,-0.17166539,-0.15419714,-0.15745959,-0.12722544,-0.14610182,-0.2588673,-0.12958786,-0.15408656,-0.09132757,-0.12832497,-0.13684332,-0.16221203,-0.15659244,-0.12895438,-0.15394172,-0.15740189,-0.15745577,-0.1574929,-0.15740095,-0.19795567,-0.15106063,-0.07294749,-0.2039893,-0.154185,-0.15745418,-0.104459345,-0.15379916,-0.17466888,-0.13176009,-0.15419304,-0.15109587,-0.10913184,-0.15401101,-0.05825615,-0.14326635,-0.17082691,-0.15412563,-0.18883844,-0.15422799,-0.31316653,-0.15421715,-0.16808087,-0.14331596,-0.15421951,-0.15750231,-0.25088155,-0.15422839,-0.22115314,-0.07562123,-0.086852394,-0.10702289,-0.060967896,-0.14686075,-0.16796505,-0.15746465,-0.22133875,-0.12812386,-0.0969081,-0.16398169,-0.12716047,-0.11335766,-0.18846886,-0.12980314,-0.17755464,-0.0994983,-0.115196005,-0.15412684,-0.11662802,-0.19749595,-0.14526704,-0.12781724,-0.096878245,-0.15412682,-0.15728708,-0.12434345,-0.11230643,-0.063823454,-0.15404886,-0.11419349,-0.10007019,-0.24483351,-0.15422899,-0.15749282,-0.16344379,-0.1759062,-0.12524253,-0.15421274,-0.0782174,-0.19187105,-0.18185812,-0.09859173,-0.11065883,-0.15385255,-0.15714738,-0.083404,-0.1213824,-0.13072303,-0.13855581,-0.19385117,-0.1541878,-0.15749884,-0.19487974,-0.23847799,-0.2432746,-0.12943926,-0.15400158,-0.1574671,-0.14520228,-0.2961179,-0.15422817,-0.19813283,-0.12969512,-0.15415722,-0.060104962,-0.15931924,-0.15422618,-0.2028091,-0.2868003,-0.11816878,-0.14795661,-0.10060286,-0.15405366,-0.13614628,-0.20725825,-0.17393659,-0.125103,-0.15657571,-0.15690626,-0.15422463,-0.15750152,-0.16221246,-0.22200036,-0.1298832,-0.2814266,-0.15422943,-0.1915083,-0.24371436,-0.16952515,-0.15413065,-0.13369927,-0.12557748,-0.15422118,-0.18106565,-0.15422916,-0.18642783,-0.15416564,-0.30462334,-0.1541057,-0.14691104,-0.13029914,-0.15421478,-0.15748784,-0.18915205,-0.1297944,-0.15422031,-0.10481856,-0.1650517,-0.1542179,-0.15750378,-0.1574705,-0.12933907,-0.15411231,-0.15746605,-0.15745595,-0.15746883,-0.1574778,-0.16505513,-0.17392421,-0.15421288,-0.1574958,-0.15748456,-0.15749636,-0.2025511,-0.15354379,-0.14723541,-0.15310858,-0.11499533,-0.10471026,-0.11893196,-0.15421692,-0.1574158,-0.12974972,-0.19501048,-0.15422562,-0.18738703,-0.11705899,-0.17429145,-0.15421432,-0.06652963,-0.15394297,-0.10737923,-0.124497145,-0.15298569,-0.052188452,-0.26007295
k__Bacteria|p__Actinobacteria|c__Actinomycetia|o__Micrococcales|f__Dermabacteraceae|g__Dermabacter|s__Dermabacter_hominis,-0.1004395,-0.12316422,-0.15392937,-0.1572447,-0.15724495,-0.23867357,-0.1666669,-0.16813041,-0.10929718,-0.22895765,-0.23728925,-0.15393382,-0.22850217,-0.3768707,-0.08556121,-0.15355949,-0.058144663,-0.1534405,-0.1571872,-0.19931981,-0.1978925,-0.12913322,-0.15390119,-0.12711628,-0.20043859,-0.11658599,-0.182019,-0.25032333,-0.1509206,-0.15390566,-0.15142563,-0.10844302,-0.18249588,-0.28454733,-0.15392148,-0.12930685,-0.15393159,-0.22338755,-0.15393415,-0.29867563,-0.15393421,-0.29356226,-0.12866987,-0.15379685,-0.13691942,-0.15392908,-0.23188588,-0.24781659,-0.1296162,-0.12931223,-0.24679694,-0.18279888,-0.25087595,-0.26027086,-0.28621647,-0.27511892,-0.11894142,-0.15385392,-0.040142577,-0.056944285,-0.15326247,-0.11274739,-0.13743341,-0.12920536,-0.153914,-0.15724061,-0.15724473,-0.15724534,-0.27573854,-0.15389705,-0.12920785,-0.16243835,-0.12334165,-0.14074792,-0.15390262,-0.15887658,-0.14481027,-0.12929255,-0.18691605,-0.14998752,-0.15392303,-0.15722513,-0.15723547,-0.15717381,-0.120334074,-0.13700745,-0.08858878,-0.15391755,-0.19008024,-0.15392788,-0.2004665,-0.11139822,-0.1388583,-0.13027036,-0.1074974,-0.15152657,-0.15383896,-0.15695333,-0.10065024,-0.08152827,-0.09427856,-0.15388463,-0.11960925,-0.15027548,-0.16982608,-0.1185138,-0.15389992,-0.15723911,-0.17738779,-0.15176103,-0.15393049,-0.25953975,-0.17989698,-0.13525523,-0.15392792,-0.15095688,-0.17780018,-0.2009549,-0.15390864,-0.09015879,-0.15365806,-0.12151222,-0.121854745,-0.13997786,-0.21433522,-0.13908121,-0.16057305,-0.15386228,-0.07092635,-0.15335144,-0.15652668,-0.18733518,-0.15369092,-0.12919338,-0.12334781,-0.14100276,-0.15389064,-0.114095174,-0.25318068,-0.26654312,-0.12849791,-0.10945694,-0.15388253,-0.09238048,-0.20963459,-0.15392813,-0.1571664,-0.12874666,-0.15386246,-0.16015086,-0.1553517,-0.15393212,-0.19704957,-0.20616047,-0.12822613,-0.10460003,-0.11361031,-0.10256614,-0.15392533,-0.19495486,-0.15390313,-0.12866776,-0.15378493,-0.041086134,-0.12967405,-0.15393096,-0.2300741,-0.15391138,-0.10384405,-0.15263027,-0.0784167,-0.15380096,-0.12766197,-0.15381914,-0.121451,-0.075820275,-0.09192432,-0.101488546,-0.15368712,-0.15715837,-0.12378413,-0.15378645,-0.1410757,-0.13984437,-0.18093297,-0.15393323,-0.25777104,-0.12844054,-0.15384953,-0.13462572,-0.119081676,-0.1539065,-0.15724103,-0.15724254,-0.15724356,-0.19755594,-0.25103784,-0.20219928,-0.19465852,-0.24831252,-0.20506537,-0.22091979,-0.15391946,-0.12893073,-0.11956477,-0.15391517,-0.1572377,-0.20931396,-0.18224281,-0.15390694,-0.32474133,-0.15393153,-0.15724598,-0.15724498,-0.15724465,-0.2185038,-0.15390627,-0.114121355,-0.15390906,-0.15723202,-0.15723792,-0.22984435,-0.15392584,-0.1572217,-0.08963354,-0.15383348,-0.1572016,-0.15721741,-0.15721881,-0.13302092,-0.1051107,-0.14014931,-0.15141064,0.9423867,-0.15615125,-0.14613561,-0.15392256,-0.12319561,-0.1292672,-0.15388978,-0.15724581,-0.15724537,-0.1572454,-0.15724584,-0.38518023,-0.11451449,-0.15389672,-0.15564899,-0.14443555,-0.16636807,-0.15392727,-0.15717524,-0.12993515,-0.047159404,-0.14854118,-0.14016809,-0.14106366,-0.15379688,-0.19987361,-0.1649412,-0.17166539,-0.15390736,-0.15720794,-0.12722544,-0.14610182,-0.2588673,-0.12908584,-0.15381727,-0.09132757,-0.12832497,-0.13684332,-0.16221203,-0.15659244,-0.1285524,-0.15369925,-0.15716079,-0.1572048,-0.15723506,-0.15740095,-0.19795567,-0.15106063,-0.07294749,-0.2039893,-0.15389729,-0.15720358,-0.104459345,-0.1535719,-0.17466888,-0.13176009,-0.15390408,-0.15109587,-0.10913184,-0.15375558,-0.05825615,-0.14326635,-0.17082691,-0.15384871,-0.18883844,-0.15393251,-0.31316653,-0.15392363,4.555888,-0.14331596,-0.1539256,-0.1572427,-0.25088155,-0.15393284,-0.22115314,-0.07562123,-0.086852394,-0.10702289,-0.060967896,-0.14788005,-0.16796505,-0.15746465,-0.22133875,-0.12812386,-0.0969081,-0.16398169,-0.12716047,-0.11335766,-0.18846886,-0.12926096,-0.17755464,-0.0994983,-0.115196005,-0.15384984,-0.11662802,-0.19749595,-0.14526704,-0.12781724,-0.096878245,-0.15385017,-0.15706715,-0.12434345,-0.11230643,-0.063823454,-0.15378667,-0.11419349,-0.10007019,-0.24483351,-0.15393335,-0.15723516,-0.16344379,-0.1759062,-0.12524253,-0.1539201,-0.0782174,-0.19187105,-0.18185812,-0.09859173,-0.11065883,-0.15362626,-0.15695313,-0.083404,-0.1213824,-0.13072303,-0.13855581,-0.19385117,-0.15389958,-0.15723988,-0.19487974,-0.23847799,-0.2432746,-0.12895939,-0.15374763,-0.1572139,-0.14520228,-0.2961179,-0.15393268,-0.19813283,-0.1291734,-0.15387465,-0.060104962,-0.15931924,-0.15393105,-0.2028091,-0.2868003,-0.11816878,-0.14795661,-0.10060286,-0.15378991,-0.13614628,-0.20725825,-0.17393659,-0.125103,-0.15657571,-0.15690626,-0.1539298,-0.15724209,-0.16221246,-0.22200036,-0.12932593,-0.2814266,-0.1539337,-0.1915083,-0.24371436,-0.16952515,-0.1538541,-0.13369927,-0.12557748,-0.15392695,-0.18106565,-0.15393348,-0.18642783,-0.15388182,-0.30462334,-0.15383214,-0.14691104,-0.13029914,-0.15392172,-0.15723091,-0.18915205,-0.1292543,-0.15392628,-0.10481856,-0.1650517,-0.15392426,-0.15724391,-0.15721726,-0.1288804,-0.1538382,-0.15721302,-0.15720479,-0.15721527,-0.15722279,-0.16505513,-0.17392421,-0.15392016,-0.1572374,-0.15722819,-0.15723786,-0.2025511,-0.15354379,-0.14723541,-0.15301198,-0.11499533,-0.10471026,-0.11893196,-0.15392348,-0.15717305,-0.12921801,-0.19501048,-0.15393057,-0.18738703,-0.11705899,-0.17429145,-0.15392187,-0.06652963,-0.15370098,-0.10737923,-0.124497145,-0.15298569,-0.052188452,-0.26007295
k__Bacteria|p__Actinobacteria|c__Coriobacteriia|o__Eggerthellales|f__Eggerthellaceae|g__Cryptobacterium|s__Cryptobacterium_curtum,-0.1004395,-0.12316422,-0.1545597,-0.15785342,-0.15785372,-0.23867357,-0.1666669,-0.16813041,-0.10929718,-0.22895765,-0.23728925,-0.15456487,-0.22850217,-0.3768707,-0.08556121,-0.15413341,-0.058144663,-0.15399012,-0.15778658,-0.19931981,-0.1978925,-0.1298972,-0.15452692,-0.12711628,-0.20043859,-0.11658599,-0.182019,-0.25032333,-0.1509206,-0.15453225,-0.15142563,-0.10844302,-0.18249588,-0.28454733,-0.15455076,-0.13009784,-0.1545623,-0.22338755,-0.15456526,-0.29867563,-0.15456533,-0.29356226,-0.12937458,-0.15440643,-0.13691942,-0.15455934,-0.23188588,2.315592,-0.1296162,-0.13010423,-0.24679694,-0.18279888,-0.25087595,-0.26027086,-0.28621647,-0.27511892,-0.11894142,-0.15447183,-0.040142577,-0.056944285,-0.15378605,-0.11274739,-0.13743341,-0.12998134,-0.15454191,-0.15784869,-0.15785348,-0.15785417,-0.27573854,-0.15452258,-0.1299839,-0.16243835,-0.12334165,-0.14074792,-0.15452857,-0.15887658,-0.14481027,-0.13008144,-0.18691605,-0.14998752,-0.15455233,-0.15783066,-0.15784274,-0.15777282,-0.120334074,-0.13700745,-0.08858878,-0.15454593,-0.19008024,-0.15455794,-0.2004665,-0.11139822,-0.1388583,-0.13027036,-0.1074974,-0.15152657,-0.1544545,-0.15752895,-0.10065024,-0.08152827,-0.09427856,-0.15450759,-0.11960925,-0.15027548,-0.16982608,-0.1185138,-0.15452552,-0.15784696,-0.17738779,-0.15176103,-0.15456101,-0.25953975,-0.17989698,-0.13525523,-0.154558,-0.15095688,-0.17780018,-0.2009549,-0.15453613,-0.09015879,-0.15424365,-0.12151222,-0.121854745,-0.13997786,-0.21433522,-0.13908121,-0.16057305,-0.15448153,-0.07092635,-0.15388933,-0.1570231,-0.18733518,-0.15428524,-0.12996995,-0.12334781,-0.14100276,-0.15451461,-0.114095174,-0.25318068,-0.26654312,-0.12916934,-0.10945694,-0.15450513,-0.09238048,-0.20963459,-0.15455824,-0.15776375,-0.12945771,-0.15448204,-0.16015086,-0.1553517,-0.15456292,-0.19704957,-0.20616047,-0.12884796,-0.10460003,-0.11361031,-0.10256614,-0.15455496,-0.19495486,-0.15452954,-0.12936866,-0.1543917,-0.041086134,-0.12967405,-0.15456158,-0.2300741,-0.15453906,-0.10384405,-0.15305421,-0.0784167,-0.15441033,-0.12766197,-0.15443149,-0.121451,-0.075820275,-0.09192432,-0.101488546,-0.15427808,-0.1577529,-0.12378413,-0.15439847,-0.1410757,-0.13984437,-0.18093297,-0.15456419,-0.25777104,-0.12844054,-0.15446764,-0.13462572,-0.119081676,-0.154533,-0.15784916,-0.15785092,-0.15785211,-0.19755594,-0.25103784,-0.20219928,-0.19465852,-0.24831252,-0.20506537,-0.22091979,-0.15454826,-0.12967107,-0.11956477,-0.15454313,-0.15784529,-0.20931396,-0.18224281,-0.15453395,-0.32474133,-0.1545622,-0.15785491,-0.15785375,-0.15785336,-0.2185038,-0.15453282,-0.114121355,-0.15453613,-0.15783879,-0.15784556,-0.22984435,-0.15455554,-0.15782672,-0.08963354,-0.15444821,-0.15780315,-0.15782177,-0.15782323,-0.13302092,-0.1051107,-0.14014931,-0.15141064,-0.15839578,-0.15615125,-0.14613561,-0.15455174,-0.12319561,-0.13005206,-0.15451385,-0.15785474,-0.15785423,-0.15785423,-0.15785477,-0.38518023,-0.11451449,-0.15452173,-0.15564899,-0.14443555,-0.16636807,-0.15455729,-0.15777338,-0.12993515,-0.047159404,-0.14832723,-0.14016809,-0.14106366,-0.15440577,-0.19987361,-0.1649412,-0.17166539,-0.15453404,-0.15781051,-0.12722544,-0.14610182,-0.2588673,-0.12984346,-0.1544293,-0.09132757,-0.12832497,-0.13684332,-0.16221203,-0.15659244,-0.12922801,-0.15429218,-0.15775573,-0.15780699,-0.15784222,-0.15740095,-0.19795567,-0.15106063,-0.07294749,-0.2039893,-0.1545225,-0.15780538,-0.104459345,-0.15415448,-0.17466888,-0.13176009,-0.15453015,-0.15109587,-0.10913184,-0.15435815,-0.05825615,-0.14326635,-0.17082691,-0.15446603,-0.18883844,-0.15456337,-0.31316653,-0.15455312,-0.16808087,-0.14331596,-0.15455532,-0.15785113,-0.25088155,-0.15456375,-0.22115314,-0.07562123,-0.086852394,-0.10702289,-0.060967896,-0.14755395,-0.16796505,-0.15746465,-0.22133875,-0.12812386,-0.0969081,-0.16398169,-0.12716047,-0.11335766,-0.18846886,-0.13004506,-0.17755464,-0.0994983,-0.115196005,-0.15446728,-0.11662802,-0.19749595,-0.14526704,-0.12781724,-0.096878245,-0.15446731,-0.15764683,-0.12434345,-0.11230643,-0.063823454,-0.15439379,-0.11419349,-0.10007019,-0.24483351,-0.1545643,-0.15784247,-0.16344379,-0.1759062,-0.12524253,-0.1545489,-0.0782174,-0.19187105,-0.18185812,-0.09859173,-0.11065883,-0.15420696,-0.15751445,-0.083404,-0.1213824,-0.13072303,-0.13855581,-0.19385117,-0.15452516,-0.15784782,-0.19487974,-0.23847799,-0.2432746,-0.12969294,-0.15434843,-0.15781769,-0.14520228,-0.2961179,-0.15456355,-0.19813283,-0.12994356,-0.15449622,-0.060104962,-0.15931924,-0.15456167,-0.2028091,-0.2868003,-0.11816878,-0.14795661,-0.10060286,-0.1543979,-0.13614628,-0.20725825,-0.17393659,-0.125103,-0.15657571,-0.15690626,-0.15456021,-0.15785038,-0.16221246,-0.22200036,-0.13012013,-0.2814266,-0.15456474,-0.1915083,-0.24371436,-0.16952515,-0.15447378,-0.13369927,-0.12557748,-0.15455689,-0.18106565,-0.15456448,-0.18642783,-0.15450522,-0.30462334,-0.15444702,-0.14691104,-0.13029914,-0.15455084,-0.15783736,-0.18915205,-0.13003697,-0.15455611,-0.10481856,-0.1650517,-0.15455379,-0.15785253,-0.15782204,-0.12960222,-0.15445358,-0.15781674,-0.15780705,-0.1578193,-0.15782791,-0.16505513,-0.17392421,-0.154549,-0.15784493,-0.15783423,-0.15784547,-0.2025511,-0.15354379,-0.14723541,-0.15349814,-0.11499533,-0.10471026,-0.11893196,-0.15455285,-0.15777132,-0.12999487,-0.19501048,-0.15456113,-0.18738703,-0.11705899,-0.17429145,-0.15455115,-0.06652963,-0.15429434,-0.10737923,-0.124497145,-0.15298569,-0.052188452,-0.26007295
k__Bacteria|p__Actinobacteria|c__Actinomycetia|o__Micrococcales|f__Cellulomonadaceae|g__Cellulomonas|s__Cellulomonas_flavigena,-0.1004395,-0.12316422,-0.15446085,-0.15778999,-0.15779024,-0.23867357,-0.1666669,-0.16813041,-0.10929718,-0.22895765,-0.23728925,-0.15446547,-0.22850217,-0.3768707,-0.08556121,-0.15408574,-0.058144663,-0.15396027,-0.15773039,-0.19931981,-0.1978925,-0.12956451,-0.15443176,-0.12711628,-0.20043859,-0.11658599,-0.182019,-0.25032333,-0.1509206,-0.15443617,-0.15142563,-0.10844302,-0.18249588,-0.28454733,-0.15445271,-0.12973638,-0.15446317,-0.22338755,-0.15446582,-0.29867563,-0.15446588,-0.29356226,-0.1291088,-0.15432294,-0.13691942,-0.15446055,-0.23188588,-0.24781659,-0.1296162,-0.12974173,-0.24679694,-0.18279888,-0.25087595,-0.26027086,-0.28621647,-0.27511892,-0.11894142,-0.15438294,-0.040142577,-0.056944285,-0.15376675,-0.11274739,-0.13743341,-0.12963565,-0.15444483,-0.15778577,-0.15779002,-0.15779066,-0.27573854,-0.15442742,-0.12963706,-0.16243835,-0.12334165,-0.14074792,-0.15443319,-0.15887658,-0.14481027,-0.12972233,-0.18691605,-0.14998752,-0.15445432,-0.15776971,-0.15778038,-0.15771699,-0.120334074,-0.13700745,-0.08858878,-0.15444866,-0.19008024,-0.15445931,-0.2004665,-0.11139822,-0.1388583,-0.13027036,-0.1074974,-0.15152657,-0.15436757,-0.15750188,-0.10065024,-0.08152827,-0.09427856,-0.15441474,-0.11960925,-0.15027548,-0.16982608,-0.1185138,-0.1544302,-0.15778424,-0.17738779,-0.15176103,-0.15446201,-0.25953975,-0.17989698,-0.13525523,-0.15445939,-0.15095688,-0.17780018,-0.2009549,-0.15443921,-0.09015879,-0.15418173,-0.12151222,-0.121854745,-0.13997786,-0.21433522,-0.13908121,-0.16057305,-0.15439174,-0.07092635,-0.1538657,-0.1570389,-0.18733518,-0.15421107,-0.12962708,-0.12334781,-0.14100276,-0.15442082,-0.114095174,-0.25318068,-0.26654312,-0.12894991,-0.10945694,-0.15441254,-0.09238048,-0.20963459,-0.15445958,-0.15770744,-0.12919037,-0.15439165,-0.16015086,-0.1553517,-0.15446371,-0.19704957,-0.20616047,-0.12866774,-0.10460003,-0.11361031,-0.10256614,-0.1544567,-0.19495486,-0.15443385,-0.12911813,-0.15431249,-0.041086134,-0.12967405,-0.15446246,-0.2300741,-0.1544421,-0.10384405,-0.15312955,-0.0784167,-0.15432815,-0.12766197,-0.15434712,-0.121451,-0.075820275,-0.09192432,-0.101488546,-0.15421148,-0.15770113,-0.12378413,-0.15431663,-0.1410757,-0.13984437,-0.18093297,-0.15446487,-0.25777104,-0.12844054,-0.1543782,-0.13462572,-0.119081676,-0.15443735,-0.1577862,-0.15778776,-0.15778881,-0.19755594,-0.25103784,-0.20219928,-0.19465852,-0.24831252,-0.20506537,-0.22091979,-0.15445045,-0.1293731,-0.11956477,-0.15444624,-0.15778273,-0.20931396,-0.18224281,-0.15443754,-0.32474133,-0.15446311,-0.15779132,-0.15779029,-0.15778995,-0.2185038,-0.15443665,-0.114121355,-0.1544396,-0.15777667,-0.15778294,-0.22984435,-0.15445724,-0.1577659,-0.08963354,-0.15436156,-0.15774563,-0.1577616,-0.15776339,-0.13302092,-0.1051107,-0.14014931,-0.15141064,0.9127717,-0.15615125,-0.14613561,-0.1544539,-0.12319561,-0.12969604,-0.15441948,-0.15779114,-0.15779069,-0.15779072,-0.15779118,-0.38518023,-0.11451449,-0.15442699,-0.15564899,-0.14443555,-0.16636807,-0.15445864,-0.15771692,-0.12993515,-0.047159404,-0.14883134,-0.14016809,-0.14106366,-0.1543233,-0.19987361,-0.1649412,-0.17166539,-0.15443811,-0.15775225,-0.12722544,-0.14610182,-0.2588673,-0.12952337,-0.15434566,-0.09132757,-0.12832497,-0.13684332,-0.16221203,-0.15659244,-0.12899722,-0.1542227,-0.15770334,-0.15774885,-0.15778005,-0.15740095,-0.19795567,-0.15106063,-0.07294749,-0.2039893,-0.15442747,-0.15774779,-0.104459345,-0.15410873,-0.17466888,-0.13176009,-0.15443489,-0.15109587,-0.10913184,-0.15428224,-0.05825615,-0.14326635,-0.17082691,-0.1543771,-0.18883844,-0.15446411,-0.31316653,-0.15445474,-0.16808087,-0.14331596,-0.15445697,-0.15778789,-0.25088155,-0.15446445,-0.22115314,-0.07562123,-0.086852394,-0.10702289,-0.060967896,-0.1481434,-0.16796505,-0.15746465,-0.22133875,-0.12812386,-0.0969081,-0.16398169,-0.12716047,-0.11335766,-0.18846886,-0.12969066,-0.17755464,-0.0994983,-0.115196005,-0.1543785,-0.11662802,-0.19749595,-0.14526704,-0.12781724,-0.096878245,-0.15437949,-0.15760696,-0.12434345,-0.11230643,-0.063823454,-0.15431398,-0.11419349,-0.10007019,-0.24483351,-0.15446497,-0.15777995,-0.16344379,-0.1759062,-0.12524253,-0.1544513,-0.0782174,-0.19187105,-0.18185812,-0.09859173,-0.11065883,-0.15414864,-0.15748927,-0.083404,-0.1213824,-0.13072303,-0.13855581,-0.19385117,-0.1544298,-0.15778503,-0.19487974,-0.23847799,-0.2432746,-0.12938654,-0.15427327,-0.15775801,-0.14520228,-0.2961179,-0.15446429,-0.19813283,-0.12960523,-0.15440416,-0.060104962,-0.15931924,-0.15446258,-0.2028091,-0.2868003,-0.11816878,-0.14795661,-0.10060286,-0.15431613,-0.13614628,-0.20725825,-0.17393659,-0.125103,-0.15657571,-0.15690626,-0.15446128,-0.15778728,-0.16221246,-0.22200036,-0.1297557,-0.2814266,-0.15446535,-0.1915083,-0.24371436,-0.16952515,-0.15438268,-0.13369927,-0.12557748,-0.15445831,-0.18106565,-0.15446512,-0.18642783,-0.15441105,-0.30462334,-0.15435942,-0.14691104,-0.13029914,-0.15445295,-0.15777576,-0.18915205,-0.12968382,-0.1544577,-0.10481856,-0.1650517,-0.15445548,-0.15778917,-0.15776129,-0.12931731,-0.15436694,-0.15775701,-0.15774861,-0.15775934,-0.15776739,-0.16505513,-0.17392421,-0.15445125,-0.15778245,-0.15777285,-0.15778294,-0.2025511,-0.15354379,-0.14723541,-0.15350133,-0.11499533,-0.10471026,-0.11893196,-0.15445477,-0.15771535,-0.12964794,-0.19501048,-0.15446207,-0.18738703,-0.11705899,-0.17429145,-0.15445304,-0.06652963,-0.15422693,-0.10737923,-0.124497145,-0.15298569,-0.052188452,-0.26007295
k__Bacteria|p__Actinobacteria|c__Actinomycetia|o__Corynebacteriales|f__Nocardiaceae|g__Rhodococcus|s__Rhodococcus_erythropolis,-0.1004395,-0.12316422,-0.15442753,-0.15771894,-0.15771918,-0.23867357,-0.1666669,-0.16813041,-0.10929718,-0.22895765,-0.23728925,-0.1544317,-0.22850217,-0.3768707,-0.08556121,-0.15407963,-0.058144663,-0.15396592,-0.15766516,-0.19931981,-0.1978925,-0.1298125,-0.15440106,-0.12711628,-0.20043859,-0.11658599,-0.182019,-0.25032333,-0.1509206,-0.15440542,-0.15142563,-0.10844302,-0.18249588,-0.28454733,-0.15442018,-0.12998185,-0.15442961,-0.22338755,-0.154432,-0.29867563,-0.15443206,-0.29356226,-0.12936032,-0.15430412,-0.13691942,-0.15442722,-0.23188588,-0.24781659,-0.1296162,-0.12998721,-0.24679694,-0.18279888,-0.25087595,-0.26027086,-0.28621647,-0.27511892,-0.11894142,-0.1543566,-0.040142577,-0.056944285,-0.15380485,-0.11274739,-0.13743341,-0.12988368,-0.15441322,-0.15771511,-0.15771899,-0.15771954,-0.27573854,-0.15439737,-0.12988633,-0.16243835,-0.12334165,-0.14074792,-0.1544024,-0.15887658,-0.14481027,-0.12996818,-0.18691605,-0.14998752,-0.1544216,-0.1577006,-0.15771036,-0.1576532,-0.120334074,-0.13700745,-0.08858878,-0.15441643,-0.19008024,-0.1544261,-0.2004665,-0.11139822,-0.1388583,-0.13027036,-0.1074974,-0.15152657,-0.15434253,-0.15744552,-0.10065024,-0.08152827,-0.09427856,-0.15438542,-0.11960925,-0.15027548,-0.16982608,-0.1185138,-0.15440007,-0.15771371,-0.17738779,-0.15176103,-0.15442859,-0.25953975,-0.17989698,-0.13525523,-0.15442616,-0.15095688,-0.17780018,-0.2009549,-0.15440838,-0.09015879,-0.15417191,-0.12151222,-0.121854745,-0.13997786,-0.21433522,-0.13908121,-0.16057305,-0.15436435,-0.07092635,-0.15388459,-0.15705174,-0.18733518,-0.1542064,-0.12987122,-0.12334781,-0.14100276,-0.15439117,-0.114095174,-0.25318068,-0.26654312,-0.12917536,-0.10945694,-0.15438345,-0.09238048,-0.20963459,-0.15442634,-0.15764669,-0.12942033,-0.15436491,-0.16015086,-0.1553517,-0.15443012,-0.19704957,-0.20616047,-0.12891142,-0.10460003,-0.11361031,-0.10256614,-0.15442368,-0.19495486,-0.15440288,-0.12934016,-0.1542915,-0.041086134,-0.12967405,-0.15442903,-0.2300741,-0.15441081,-0.10384405,-0.1532068,-0.0784167,-0.15430713,-0.12766197,-0.15432395,-0.121451,-0.075820275,-0.09192432,-0.101488546,-0.15419973,-0.1576377,-0.12378413,-0.15429452,-0.1410757,-0.13984437,-0.18093297,-0.15443115,-0.25777104,-0.12844054,-0.15435272,-0.13462572,-0.119081676,-0.15440592,-0.15771551,-0.15771693,-0.15771788,-0.19755594,-0.25103784,-0.20219928,-0.19465852,-0.24831252,-0.20506537,-0.22091979,-0.15441832,-0.12960503,-0.11956477,-0.15441413,-0.15771239,-0.20931396,-0.18224281,-0.15440658,-0.32474133,-0.15442953,-0.15772013,-0.15771921,-0.1577189,-0.2185038,-0.15440609,-0.114121355,-0.15440863,-0.15770721,-0.1577126,-0.22984435,-0.15442415,-0.15769768,-0.08963354,-0.15433776,-0.15767834,-0.15769348,-0.15769453,-0.13302092,-0.1051107,-0.14014931,-0.15141064,-0.15839578,-0.15615125,-0.14613561,-0.15442108,-0.12319561,-0.12994403,-0.15439068,-0.15771998,-0.1577196,-0.1577196,-0.15772003,-0.38518023,-0.11451449,-0.15439694,-0.15564899,-0.14443555,-0.16636807,-0.15442559,-0.15765463,-0.12993515,-0.047159404,-0.1494187,-0.14016809,-0.14106366,-0.15430355,-0.19987361,-0.1649412,-0.17166539,-0.15440683,-0.1576842,-0.12722544,-0.14610182,-0.2588673,-0.1297616,-0.15432197,-0.09132757,-0.12832497,-0.13684332,-0.16221203,-0.15659244,-0.12921646,-0.15421197,-0.15764013,-0.15768144,-0.1577099,-0.15740095,-0.19795567,-0.15106063,-0.07294749,-0.2039893,-0.15439755,-0.15768011,-0.104459345,-0.15407686,-0.17466888,-0.13176009,-0.15440363,-0.15109587,-0.10913184,-0.1542643,-0.05825615,-0.14326635,-0.17082691,-0.15435208,-0.18883844,-0.15443048,-0.31316653,-0.15442228,-0.16808087,-0.14331596,-0.15442398,-0.1577171,-0.25088155,-0.1544308,-0.22115314,-0.07562123,-0.086852394,-0.10702289,-0.060967896,-0.14879662,-0.16796505,-0.15746465,-0.22133875,-0.12812386,-0.0969081,-0.16398169,-0.12716047,-0.11335766,-0.18846886,-0.12993732,-0.17755464,-0.0994983,-0.115196005,-0.154353,-0.11662802,-0.19749595,-0.14526704,-0.12781724,-0.096878245,-0.15435284,-0.15755197,-0.12434345,-0.11230643,-0.063823454,-0.15429345,-0.11419349,-0.10007019,-0.24483351,-0.15443125,-0.15771013,-0.16344379,-0.1759062,-0.12524253,-0.1544188,-0.0782174,-0.19187105,-0.18185812,-0.09859173,-0.11065883,-0.1541422,-0.15744495,-0.083404,-0.1213824,-0.13072303,-0.13855581,-0.19385117,-0.15439975,-0.15771446,-0.19487974,-0.23847799,-0.2432746,-0.12963802,-0.15425684,-0.15769017,-0.14520228,-0.2961179,-0.15443061,-0.19813283,-0.12985106,-0.15437633,-0.060104962,-0.15931924,-0.15442911,-0.2028091,-0.2868003,-0.11816878,-0.14795661,-0.10060286,-0.15429713,-0.13614628,-0.20725825,-0.17393659,-0.125103,-0.15657571,-0.15690626,-0.15442792,-0.15771648,-0.16221246,-0.22200036,-0.13000023,-0.2814266,-0.1544316,-0.1915083,-0.24371436,-0.16952515,-0.15435779,-0.13369927,-0.12557748,-0.15442528,-0.18106565,-0.15443137,-0.18642783,-0.1543836,-0.30462334,-0.15433693,-0.14691104,-0.13029914,-0.15442036,-0.15770599,-0.18915205,-0.12993124,-0.15442461,-0.10481856,-0.1650517,-0.15442277,-0.15771821,-0.1576936,-0.12955052,-0.15434173,-0.15768942,-0.15768161,-0.1576915,-0.1576984,-0.16505513,-0.17392421,-0.15441892,-0.15771209,-0.15770349,-0.15771252,-0.2025511,-0.15354379,-0.14723541,-0.1535747,-0.11499533,-0.10471026,-0.11893196,-0.15442201,-0.15765236,-0.12989584,-0.19501048,-0.15442868,-0.18738703,-0.11705899,-0.17429145,-0.15442055,-0.06652963,-0.15421242,-0.10737923,-0.124497145,-0.15298569,-0.052188452,-0.26007295
k__Bacteria|p__Actinobacteria|c__Actinomycetia|o__Micrococcales|f__Microbacteriaceae|g__Microbacterium|s__Microbacterium_lacticum,-0.1004395,-0.12316422,-0.15416723,-0.15743467,-0.15743503,-0.23867357,-0.1666669,-0.16813041,-0.10929718,-0.22895765,-0.23728925,-0.15417372,-0.22850217,-0.3768707,-0.08556121,-0.15364456,-0.058144663,-0.15345946,-0.15735109,-0.19931981,-0.1978925,-0.12965968,-0.15412617,-0.12711628,-0.20043859,-0.11658599,-0.182019,-0.25032333,-0.1509206,-0.1541326,-0.15142563,-0.10844302,-0.18249588,-0.28454733,-0.15415579,-0.1299018,-0.15417048,-0.22338755,-0.15417421,-0.29867563,-0.1541743,-0.29356226,-0.12904912,-0.1539748,-0.13691942,-0.15416677,-0.23188588,-0.24781659,-0.1296162,-0.12990963,-0.24679694,-0.18279888,-0.25087595,-0.26027086,-0.28621647,-0.27511892,-0.11894142,-0.1540577,-0.040142577,-0.056944285,-0.15319714,-0.11274739,-0.13743341,-0.12976116,-0.15414491,-0.15742874,-0.15743473,-0.1574356,-0.27573854,-0.1541203,-0.12976393,-0.16243835,-0.12334165,-0.14074792,-0.15412825,-0.15887658,-0.14481027,-0.12988217,-0.18691605,-0.14998752,-0.15415803,-0.15740617,-0.15742128,-0.1573314,-0.120334074,-0.13700745,-0.08858878,-0.15415007,-0.19008024,-0.15416504,-0.2004665,-0.11139822,-0.1388583,-0.13027036,-0.1074974,-0.15152657,-0.15403575,-0.15702969,-0.10065024,-0.08152827,-0.09427856,-0.15410209,-0.11960925,-0.15027548,-0.16982608,-0.1185138,-0.15412423,-0.15742657,-0.17738779,-0.15176103,-0.15416887,-0.25953975,-0.17989698,-0.13525523,-0.15416515,-0.15095688,-0.17780018,-0.2009549,-0.15413705,-0.09015879,-0.15377332,-0.12151222,-0.121854745,-0.13997786,-0.21433522,-0.13908121,-0.16057305,-0.1540696,-0.07092635,-0.15333295,-0.15639181,-0.18733518,-0.15382105,-0.12975559,-0.12334781,-0.14100276,-0.15411085,-0.114095174,-0.25318068,-0.26654312,-0.12881091,-0.10945694,-0.15409905,-0.09238048,-0.20963459,-0.15416545,-0.15731913,-0.12915564,-0.15407018,-0.16015086,-0.1553517,-0.15417126,-0.19704957,-0.20616047,-0.1284532,-0.10460003,-0.11361031,-0.10256614,-0.15416133,-0.19495486,-0.15412846,-0.12905492,-0.15395772,-0.041086134,-0.12967405,-0.15416956,-0.2300741,-0.15414023,-0.10384405,-0.15229584,-0.0784167,-0.15398069,-0.12766197,-0.1540072,-0.121451,-0.075820275,-0.09192432,-0.101488546,-0.15381652,-0.15730926,-0.12378413,-0.15396668,-0.1410757,-0.13984437,-0.18093297,-0.15417287,-0.25777104,-0.12844054,-0.15405022,-0.13462572,-0.119081676,-0.15413398,-0.15742937,-0.15743154,-0.15743303,-0.19755594,-0.25103784,-0.20219928,-0.19465852,-0.24831252,-0.20506537,-0.22091979,-0.15415257,-0.12940593,-0.11956477,-0.15414652,-0.15742446,-0.20931396,-0.18224281,-0.15413465,-0.32474133,-0.15417038,-0.15743653,-0.15743509,-0.15743461,1.042565,-0.1541332,-0.114121355,-0.15413761,-0.15741622,-0.15742475,-0.22984435,-0.15416208,-0.1574012,-0.08963354,-0.15402803,-0.15737191,-0.15739498,-0.15739703,-0.13302092,-0.1051107,-0.14014931,-0.15141064,-0.15839578,-0.15615125,-0.14613561,-0.15415731,-0.12319561,-0.12984526,-0.15410967,-0.15743628,-0.15743569,-0.15743569,-0.15743636,-0.38518023,-0.11451449,-0.15411967,-0.15564899,-0.14443555,-0.16636807,-0.1541642,-0.15733257,-0.12993515,-0.047159404,-0.1463407,-0.14016809,-0.14106366,-0.15397438,-0.19987361,-0.1649412,-0.17166539,-0.15413517,-0.15738113,-0.12722544,-0.14610182,-0.2588673,-0.12960166,-0.1540049,-0.09132757,-0.12832497,-0.13684332,-0.16221203,-0.15659244,-0.12888438,-0.15383366,-0.15731269,-0.15737659,-0.15742064,-0.15740095,-0.19795567,-0.15106063,-0.07294749,-0.2039893,-0.15412062,-0.1573748,-0.104459345,-0.15367413,-0.17466888,-0.13176009,-0.15413037,-0.15109587,-0.10913184,-0.1539169,-0.05825615,-0.14326635,-0.17082691,-0.15404993,-0.18883844,-0.15417182,-0.31316653,-0.15415883,-0.16808087,-0.14331596,-0.15416175,-0.15743177,-0.25088155,-0.15417233,-0.22115314,-0.07562123,-0.086852394,-0.10702289,-0.060967896,-0.14537054,-0.16796505,-0.15746465,-0.22133875,-0.12812386,-0.0969081,-0.16398169,-0.12716047,-0.11335766,-0.18846886,-0.12983719,-0.17755464,-0.0994983,-0.115196005,-0.1540516,-0.11662802,-0.19749595,-0.14526704,-0.12781724,-0.096878245,-0.15405211,-0.15717682,-0.12434345,-0.11230643,-0.063823454,-0.15396065,-0.11419349,-0.10007019,-0.24483351,-0.15417302,-0.15742028,-0.16344379,-0.1759062,-0.12524253,-0.15415373,-0.0782174,-0.19187105,-0.18185812,-0.09859173,-0.11065883,-0.153727,-0.15701145,-0.083404,-0.1213824,-0.13072303,-0.13855581,-0.19385117,-0.15412387,-0.15742764,-0.19487974,-0.23847799,-0.2432746,-0.12940797,-0.15390351,-0.15738985,-0.14520228,-0.2961179,-0.15417205,-0.19813283,-0.12971693,-0.15408787,-0.060104962,-0.15931924,-0.15416968,-0.2028091,-0.2868003,-0.11816878,-0.14795661,-0.10060286,-0.15396464,-0.13614628,-0.20725825,-0.17393659,-0.125103,-0.15657571,-0.15690626,-0.15416786,-0.15743086,-0.16221246,-0.22200036,-0.12992924,-0.2814266,-0.15417355,-0.1915083,-0.24371436,-0.16952515,-0.15405717,-0.13369927,-0.12557748,-0.15416369,-0.18106565,-0.15417324,-0.18642783,-0.15409783,-0.30462334,-0.15402582,-0.14691104,-0.13029914,-0.15415612,-0.15741459,-0.18915205,-0.12982672,-0.15416275,-0.10481856,-0.1650517,-0.15415981,-0.15743354,-0.15739366,-0.1292983,-0.15403481,-0.15738864,-0.15737668,-0.15739188,-0.15740284,-0.16505513,-0.17392421,-0.15415387,-0.15742405,-0.15741065,-0.15742472,-0.2025511,-0.15354379,-0.14723541,-0.15283361,-0.11499533,-0.10471026,-0.11893196,-0.15415868,-0.15732926,-0.1297765,-0.19501048,-0.15416901,-0.18738703,-0.11705899,-0.17429145,-0.15415552,-0.06652963,-0.15383783,-0.10737923,-0.124497145,-0.15298569,-0.052188452,-0.26007295
k__Bacteria|p__Actinobacteria|c__Coriobacteriia|o__Coriobacteriales|f__Coriobacteriaceae|g__Collinsella|s__Collinsella_SGB14987,-0.1004395,-0.12316422,-0.15362042,-0.15699106,-0.1569912,-0.23867357,-0.1666669,-0.16813041,-0.10929718,-0.22895765,-0.23728925,-0.153622,-0.22850217,-0.3768707,-0.08556121,-0.15344521,-0.058144663,-0.1534207,-0.15696925,-0.19931981,-0.1978925,-0.12849446,-0.15360963,-0.12711628,-0.20043859,-0.11658599,-0.182019,-0.25032333,-0.1509206,-0.15361261,-0.15142563,-0.10844302,-0.18249588,3.3034625,-0.15361816,-0.1285821,-0.1536212,-0.22338755,-0.15362214,-0.29867563,-0.15362215,-0.29356226,-0.1282607,-0.15357548,-0.13691942,-0.15362021,-0.23188588,-0.24781659,-0.1296162,-0.12858585,-0.24679694,-0.18279888,-0.25087595,-0.26027086,-0.28621647,-0.27511892,-0.11894142,-0.15359032,-0.040142577,-0.056944285,-0.15339619,-0.11274739,-0.13743341,-0.12853204,-0.15361524,-0.15698954,-0.15699112,-0.15699133,-0.27573854,-0.15360661,-0.12853691,-0.16243835,-0.12334165,-0.14074792,-0.15361074,-0.15887658,-0.14481027,-0.12857565,-0.18691605,-0.14998752,-0.15361787,-0.15698391,-0.15698792,-0.1569666,-0.120334074,-0.13700745,-0.08858878,-0.15361589,-0.19008024,-0.15361983,-0.2004665,-0.11139822,-0.1388583,-0.13027036,-0.1074974,-0.15152657,-0.15358657,-0.15685037,-0.10065024,-0.08152827,-0.09427856,-0.15360308,-0.11960925,-0.15027548,-0.16982608,-0.1185138,-0.15360996,-0.15698904,-0.17738779,-0.15176103,-0.15362087,-0.25953975,-0.17989698,-0.13525523,-0.15361983,-0.15095688,-0.17780018,-0.2009549,-0.15361416,-0.09015879,-0.153514,-0.12151222,-0.121854745,-0.13997786,-0.21433522,-0.13908121,-0.16057305,-0.1535942,-0.07092635,-0.15339242,-0.15676531,-0.18733518,-0.15354723,-0.12851284,-0.12334781,-0.14100276,-0.15360579,-0.114095174,-0.25318068,-0.26654312,-0.12808682,-0.10945694,-0.15360245,-0.09238048,-0.20963459,-0.15361992,-0.15696786,-0.12825717,-0.15359423,-0.16015086,-0.1553517,-0.1536214,-0.19704957,-0.20616047,-0.1279123,-0.10460003,-0.11361031,-0.10256614,-0.1536188,-0.19495486,-0.15361163,-0.12818319,-0.15356365,-0.041086134,-0.12967405,-0.15362115,-0.2300741,-0.15361512,-0.10384405,-0.15306073,-0.0784167,-0.15356782,-0.12766197,-0.15357804,-0.121451,-0.075820275,-0.09192432,-0.101488546,-0.15352482,-0.1569573,-0.12378413,-0.15355402,-0.1410757,-0.13984437,-0.18093297,-0.1536218,-0.25777104,-0.12844054,-0.15358707,-0.13462572,-0.119081676,-0.15361106,-0.15698963,-0.15699027,-0.15699065,-0.19755594,-0.25103784,-0.20219928,-0.19465852,-0.24831252,-0.20506537,-0.22091979,-0.15361731,-0.12836416,-0.11956477,-0.15361492,-0.15698865,-0.20931396,-0.18224281,-0.15361184,-0.32474133,-0.15362117,-0.15699154,-0.15699117,-0.15699103,-0.2185038,-0.15360871,-0.114121355,-0.1536132,-0.15698731,-0.15698853,-0.22984435,-0.15361887,-0.15697798,-0.08963354,-0.15358293,-0.15697396,-0.15698168,-0.15698087,-0.13302092,-0.1051107,-0.14014931,-0.15141064,-0.15839578,-0.15615125,-0.14613561,-0.15361756,-0.12319561,-0.12856726,-0.15360788,-0.15699148,-0.15699136,-0.15699133,-0.15699148,-0.38518023,-0.11451449,-0.15360886,-0.15564899,-0.14443555,-0.16636807,-0.15361989,-0.15697083,-0.12993515,-0.047159404,-0.15191527,-0.14016809,-0.14106366,-0.15357438,-0.19987361,-0.1649412,-0.17166539,-0.15361226,-0.15697648,-0.12722544,-0.14610182,-0.2588673,-0.12845223,-0.15357563,-0.09132757,-0.12832497,-0.13684332,-0.16221203,-0.15659244,-0.12804456,-0.15352672,-0.15695861,-0.15697575,-0.1569874,-0.15740095,-0.19795567,-0.15106063,-0.07294749,-0.2039893,-0.15360945,-0.15697385,-0.104459345,-0.15336591,-0.17466888,-0.13176009,-0.15361038,-0.15109587,-0.10913184,-0.15354614,-0.05825615,-0.14326635,-0.17082691,-0.15359208,-0.18883844,-0.15362161,-0.31316653,-0.15361898,-0.16808087,-0.14331596,-0.153619,-0.15699047,-0.25088155,-0.1536217,-0.22115314,-0.07562123,-0.086852394,-0.10702289,-0.060967896,-0.15168133,-0.16796505,-0.15746465,-0.22133875,-0.12812386,-0.0969081,-0.16398169,-0.12716047,-0.11335766,-0.18846886,-0.12856174,-0.17755464,-0.0994983,-0.115196005,-0.15359159,-0.11662802,-0.19749595,-0.14526704,-0.12781724,-0.096878245,-0.15358803,-0.15692183,-0.12434345,-0.11230643,-0.063823454,-0.15356225,-0.11419349,-0.10007019,-0.24483351,-0.15362182,-0.15698859,-0.16344379,-0.1759062,-0.12524253,-0.1536169,-0.0782174,-0.19187105,-0.18185812,-0.09859173,-0.11065883,-0.15350425,-0.1568807,-0.083404,-0.1213824,-0.13072303,-0.13855581,-0.19385117,-0.15361047,-0.15698928,-0.19487974,-0.23847799,-0.2432746,-0.12839703,-0.15355101,-0.15698023,-0.14520228,-0.2961179,-0.1536216,-0.19813283,-0.12850888,-0.15360034,-0.060104962,-0.15931924,-0.1536211,-0.2028091,-0.2868003,-0.11816878,-0.14795661,-0.10060286,-0.15357113,-0.13614628,-0.20725825,-0.17393659,-0.125103,-0.15657571,-0.15690626,-0.15362059,-0.15699011,-0.16221246,-0.22200036,-0.12859145,-0.2814266,-0.15362199,-0.1915083,-0.24371436,-0.16952515,-0.15359241,-0.13369927,-0.12557748,-0.15361963,-0.18106565,-0.1536219,-0.18642783,-0.1536048,-0.30462334,-0.15358873,-0.14691104,-0.13029914,-0.15361767,-0.15698582,-0.18915205,-0.1285582,-0.15361919,-0.10481856,-0.1650517,-0.15361889,-0.15699083,-0.15698291,-0.12832555,-0.15358542,-0.1569803,-0.15697625,-0.15698078,-0.15698183,-0.16505513,-0.17392421,-0.15361726,-0.15698835,-0.15698528,-0.1569885,-0.2025511,-0.15354379,-0.14723541,-0.15333271,-0.11499533,-0.10471026,-0.11893196,-0.15361828,-0.15696745,-0.12853882,-0.19501048,-0.15362099,-0.18738703,-0.11705899,-0.17429145,-0.15361813,-0.06652963,-0.15352559,-0.10737923,-0.124497145,-0.15298569,-0.052188452,-0.26007295
k__Bacteria|p__Actinobacteria|c__Actinomycetia|o__Micrococcales|f__Micrococcaceae|g__Rothia|s__Rothia_kristinae,-0.1004395,-0.12316422,-0.15418303,-0.15746221,-0.15746245,-0.23867357,-0.1666669,-0.16813041,-0.10929718,-0.22895765,-0.23728925,-0.15418726,-0.22850217,-0.3768707,-0.08556121,-0.1538285,-0.058144663,-0.15371963,-0.15740746,-0.19931981,-0.1978925,-0.12965296,-0.15415618,-0.12711628,-0.20043859,-0.11658599,-0.182019,-0.25032333,-0.1509206,-0.1541603,-0.15142563,-0.10844302,-0.18249588,-0.28454733,-0.15417482,-0.12982813,-0.15418515,-0.22338755,-0.15418757,-0.29867563,-0.15418762,-0.29356226,-0.129178,-0.15405624,-0.13691942,-0.15418275,-0.23188588,-0.24781659,-0.1296162,-0.12983353,-0.24679694,-0.18279888,-0.25087595,-0.26027086,-0.28621647,-0.27511892,-0.11894142,-0.154111,-0.040142577,-0.056944285,-0.1535503,-0.11274739,-0.13743341,-0.12972704,-0.15416838,-0.15745835,-0.15746224,-0.1574628,-0.27573854,-0.15415081,-0.12972839,-0.16243835,-0.12334165,-0.14074792,-0.1541577,-0.15887658,-0.14481027,-0.12981361,-0.18691605,-0.14998752,-0.15417704,-0.15744366,-0.15745345,-0.15738988,-0.120334074,-0.13700745,-0.08858878,-0.15417185,-0.19008024,-0.15418161,-0.2004665,-0.11139822,-0.1388583,-0.13027036,-0.1074974,-0.15152657,-0.15409735,-0.15715867,-0.10065024,-0.08152827,-0.09427856,-0.15414046,-0.11960925,-0.15027548,-0.16982608,-0.1185138,-0.15415487,-0.1574569,-0.17738779,-0.15176103,-0.1541841,-0.25953975,-0.17989698,-0.13525523,-0.15418166,-0.15095688,-0.17780018,-0.2009549,-0.1541619,-0.09015879,-0.15392548,-0.12151222,-0.121854745,-0.13997786,-0.21433522,-0.13908121,-0.16057305,-0.15411931,-0.07092635,-0.15363115,-0.15677835,-0.18733518,-0.15395272,-0.1297137,-0.12334781,-0.14100276,-0.15414637,-0.114095174,-0.25318068,-0.26654312,-0.12899381,-0.10945694,-0.15413861,-0.09238048,-0.20963459,-0.15418187,-0.15738437,-0.12925038,-0.15411925,-0.16015086,-0.1553517,-0.15418565,-0.19704957,-0.20616047,-0.12872553,-0.10460003,-0.11361031,-0.10256614,-0.15417923,-0.19495486,-0.1541566,-0.12917852,-0.15404579,-0.041086134,-0.12967405,-0.15418452,-0.2300741,-0.15416475,-0.10384405,-0.1529395,-0.0784167,-0.15406062,-0.12766197,-0.15407842,-0.121451,-0.075820275,-0.09192432,-0.101488546,-0.15395236,-0.15738037,-0.12378413,-0.15403427,-0.1410757,-0.13984437,-0.18093297,-0.1541867,-0.25777104,-0.12844054,-0.15410206,-0.13462572,-0.119081676,-0.15416141,-0.15745875,-0.15746018,-0.15746114,-0.19755594,-0.25103784,-0.20219928,-0.19465852,-0.24831252,-0.20506537,-0.22091979,-0.15417315,-0.12944287,-0.11956477,-0.15416956,-0.15745553,-0.20931396,-0.18224281,-0.1541605,-0.32474133,-0.15418509,-0.15746343,-0.1574625,-0.15746218,-0.2185038,-0.15415943,-0.114121355,-0.15416361,-0.15745008,-0.15745573,-0.22984435,-0.15417969,-0.15743878,-0.08963354,-0.15409163,-0.15742141,-0.15743633,-0.15743779,-0.13302092,-0.1051107,-0.14014931,-0.15141064,-0.15839578,-0.15615125,-0.14613561,-0.1541766,-0.12319561,-0.1297901,-0.1541454,-0.15746325,-0.15746287,-0.15746287,-0.15746331,-0.38518023,-0.11451449,-0.15415204,-0.15564899,-0.14443555,-0.16636807,-0.15418103,-0.15739444,-0.12993515,-0.047159404,-0.14906451,-0.14016809,-0.14106366,-0.15405747,-0.19987361,-0.1649412,-0.17166539,-0.15416218,-0.15742752,-0.12722544,-0.14610182,-0.2588673,-0.12960209,-0.15407631,-0.09132757,-0.12832497,-0.13684332,-0.16221203,-0.15659244,-0.12902531,-0.1539624,-0.15738246,-0.15742436,-0.15745308,-0.15740095,-0.19795567,-0.15106063,-0.07294749,-0.2039893,-0.15415248,-0.15742327,-0.104459345,-0.15377784,-0.17466888,-0.13176009,-0.15415916,-0.15109587,-0.10913184,-0.1540165,-0.05825615,-0.14326635,-0.17082691,-0.15410647,-0.18883844,-0.15418603,-0.31316653,-0.15417743,-0.16808087,-0.14331596,-0.15417945,-0.1574603,-0.25088155,-0.15418634,-0.22115314,-0.07562123,-0.086852394,-0.10702289,-0.060967896,-0.14843476,-0.16796505,-0.15746465,-0.22133875,-0.12812386,-0.0969081,-0.16398169,-0.12716047,-0.11335766,-0.18846886,-0.12978247,-0.17755464,-0.0994983,-0.115196005,-0.15410751,-0.11662802,-0.19749595,-0.14526704,-0.12781724,-0.096878245,-0.15410788,-0.15729335,-0.12434345,-0.11230643,-0.063823454,-0.15404716,-0.11419349,-0.10007019,-0.24483351,-0.15418679,-0.15745251,-0.16344379,-0.1759062,-0.12524253,-0.15417428,-0.0782174,-0.19187105,-0.18185812,-0.09859173,-0.11065883,-0.1538953,-0.15718529,-0.083404,-0.1213824,-0.13072303,-0.13855581,-0.19385117,-0.15415469,-0.15745765,-0.19487974,-0.23847799,-0.2432746,-0.12948489,-0.15401036,-0.15743293,-0.14520228,-0.2961179,-0.15418617,-0.19813283,-0.12969334,-0.15413085,-0.060104962,-0.15931924,-0.15418464,-0.2028091,-0.2868003,-0.11816878,-0.14795661,-0.10060286,-0.15405028,-0.13614628,-0.20725825,-0.17393659,-0.125103,-0.15657571,-0.15690626,-0.15418343,-0.15745974,-0.16221246,-0.22200036,-0.12984678,-0.2814266,-0.15418714,-0.1915083,-0.24371436,-0.16952515,-0.1541064,-0.13369927,-0.12557748,-0.15418074,-0.18106565,-0.15418693,-0.18642783,-0.15413566,0.53591615,-0.15409067,-0.14691104,-0.13029914,-0.1541758,-0.15744919,-0.18915205,-0.12977557,-0.1541801,-0.10481856,-0.1650517,-0.15417817,-0.15746146,-0.15743437,-0.12940124,-0.15409657,-0.15743211,-0.15742427,-0.15743421,-0.15744133,-0.16505513,-0.17392421,-0.15417428,-0.15745531,-0.15744656,-0.15745574,-0.2025511,-0.15354379,-0.14723541,-0.15331045,-0.11499533,-0.10471026,-0.11893196,-0.15417743,-0.1573904,-0.12974055,-0.19501048,-0.15418416,-0.18738703,-0.11705899,-0.17429145,-0.15417466,-0.06652963,-0.15396541,-0.10737923,-0.124497145,-0.15298569,-0.052188452,-0.26007295
k__Bacteria|p__Actinobacteria|c__Actinomycetia|o__Actinomycetales|f__Actinomycetaceae|g__GGB9832|s__GGB9832_SGB15478,-0.1004395,-0.12316422,-0.15319459,-0.15649714,-0.15649742,-0.23867357,-0.1666669,-0.16813041,-0.10929718,-0.22895765,-0.23728925,-0.15319923,-0.22850217,-0.3768707,-0.08556121,-0.15279853,-0.058144663,-0.15266925,-0.15643679,-0.19931981,-0.1978925,-0.1284805,-0.15316468,-0.12711628,-0.20043859,-0.11658599,-0.182019,-0.25032333,-0.1509206,-0.1531699,-0.15142563,-0.10844302,-0.18249588,-0.28454733,-0.15318646,-0.12866607,-0.15319689,-0.22338755,-0.15319958,-0.29867563,-0.15319964,-0.29356226,-0.12798287,-0.15305708,-0.13691942,-0.15319419,-0.23188588,-0.24781659,-0.1296162,-0.12867212,-0.24679694,-0.18279888,-0.25087595,-0.26027086,-0.28621647,-0.27511892,-0.11894142,-0.15311472,-0.040142577,-0.056944285,-0.15249985,-0.11274739,-0.13743341,-0.12855989,-0.15317869,-0.15649283,-0.15649721,-0.15649782,-0.27573854,-0.15316164,-0.1285611,-0.16243835,-0.12334165,-0.14074792,-0.1531663,-0.15887658,-0.14481027,-0.12865055,-0.18691605,-0.14998752,-0.15318786,-0.15647657,-0.15648761,-0.15642455,-0.120334074,-0.13700745,-0.08858878,-0.15318203,-0.19008024,-0.15319294,-0.2004665,-0.11139822,-0.1388583,-0.13027036,-0.1074974,-0.15152657,-0.15309885,-0.156191,-0.10065024,-0.08152827,-0.09427856,-0.15314701,-0.11960925,-0.15027548,-0.16982608,-0.1185138,-0.15316388,-0.15649125,-0.17738779,-0.15176103,-0.15319577,-0.25953975,-0.17989698,-0.13525523,-0.153193,-0.15095688,-0.17780018,-0.2009549,-0.1531739,-0.09015879,-0.15290546,-0.12151222,-0.121854745,-0.13997786,-0.21433522,-0.13908121,-0.16057305,-0.15312329,-0.07092635,-0.15258291,-0.15575913,-0.18733518,-0.15295221,-0.12854713,-0.12334781,-0.14100276,-0.15315361,-0.114095174,-0.25318068,-0.26654312,-0.12781388,-0.10945694,-0.15314484,-0.09238048,-0.20963459,-0.1531932,-0.15641864,-0.12807696,-0.15312424,-0.16015086,-0.1553517,-0.15319747,-0.19704957,-0.20616047,-0.12753226,-0.10460003,-0.11361031,-0.10256614,-0.1531902,-0.19495486,-0.15316719,-0.12800446,-0.15304062,-0.041086134,-0.12967405,-0.1531963,-0.2300741,-0.15317614,-0.10384405,-0.15181431,-0.0784167,-0.15305918,-0.12766197,-0.15307792,-0.121451,-0.075820275,-0.09192432,-0.101488546,-0.15293804,-0.15640534,-0.12378413,-0.15304312,-0.1410757,-0.13984437,-0.18093297,-0.1531986,-0.25777104,-0.12844054,-0.15311185,-0.13462572,-0.119081676,-0.15317005,-0.15649328,-0.15649489,-0.15649597,-0.19755594,-0.25103784,-0.20219928,-0.19465852,-0.24831252,-0.20506537,-0.22091979,-0.15318446,-0.12827432,-0.11956477,-0.1531794,-0.15648982,-0.20931396,-0.18224281,-0.15317136,-0.32474133,-0.15319678,-0.15649849,-0.15649745,-0.15649709,-0.2185038,-0.15317075,-0.114121355,-0.15317357,-0.15648428,-0.15649003,-0.22984435,-0.15319072,-0.15647352,-0.08963354,-0.15309374,-0.15645114,-0.15646875,-0.15646946,-0.13302092,-0.1051107,-0.14014931,-0.15141064,-0.15839578,-0.15615125,-0.14613561,-0.15318716,-0.12319561,-0.12862466,-0.15315372,-0.15649831,-0.1564979,-0.15649788,-0.15649836,-0.38518023,-0.11451449,-0.15316026,-0.15564899,-0.14443555,-0.16636807,-0.15319245,-0.15642673,-0.12993515,-0.047159404,-0.1476376,-0.14016809,-0.14106366,-0.15305571,-0.19987361,-0.1649412,-0.17166539,-0.15317121,-0.15645768,-0.12722544,-0.14610182,-0.2588673,-0.12843063,-0.15307552,-0.09132757,-0.12832497,-0.13684332,-0.16221203,-0.15659244,-0.12788506,-0.15295301,-0.15640841,-0.15645485,-0.15648694,-0.15740095,-0.19795567,-0.15106063,-0.07294749,-0.2039893,-0.15316117,-0.1564531,-0.104459345,-0.15282515,-0.17466888,-0.13176009,-0.1531674,-0.15109587,-0.10913184,-0.15301111,-0.05825615,-0.14326635,-0.17082691,-0.15311015,-0.18883844,-0.15319788,-0.31316653,-0.15318894,-0.16808087,-0.14331596,-0.15319055,-0.15649512,-0.25088155,-0.15319824,-0.22115314,-0.07562123,-0.086852394,-0.10702289,-0.060967896,-0.14694469,-0.16796505,-0.15746465,-0.22133875,-0.12812386,-0.0969081,-0.16398169,-0.12716047,-0.11335766,-0.18846886,-0.12861744,-0.17755464,-0.0994983,-0.115196005,-0.15311095,-0.11662802,-0.19749595,-0.14526704,-0.12781724,-0.096878245,-0.15310985,-0.15630922,-0.12434345,-0.11230643,-0.063823454,-0.15304337,-0.11419349,-0.10007019,-0.24483351,-0.15319872,-0.1564875,-0.16344379,-0.1759062,-0.12524253,-0.15318465,-0.0782174,-0.19187105,-0.18185812,-0.09859173,-0.11065883,-0.15287271,-0.1561886,-0.083404,-0.1213824,-0.13072303,-0.13855581,-0.19385117,-0.15316369,-0.15649207,-0.19487974,-0.23847799,-0.2432746,-0.12830293,-0.1530026,-0.15646496,-0.14520228,-0.2961179,-0.153198,-0.19813283,-0.12852466,-0.15313734,-0.060104962,-0.15931924,-0.15319636,-0.2028091,2.4054768,-0.11816878,-0.14795661,-0.10060286,-0.15304883,-0.13614628,-0.20725825,-0.17393659,-0.125103,-0.15657571,-0.15690626,-0.15319502,-0.15649438,-0.16221246,-0.22200036,-0.1286867,-0.2814266,-0.15319912,-0.1915083,-0.24371436,-0.16952515,-0.1531176,-0.13369927,-0.12557748,-0.15319207,-0.18106565,-0.15319888,-0.18642783,-0.15314622,-0.30462334,-0.15309384,-0.14691104,-0.13029914,-0.15318653,-0.15648255,-0.18915205,-0.12860951,-0.15319127,-0.10481856,-0.1650517,-0.15318932,-0.15649635,-0.15646939,-0.12822306,-0.15309776,-0.1564643,-0.15645531,-0.15646653,-0.15647395,-0.16505513,-0.17392421,-0.153185,-0.1564894,-0.15647985,-0.15648991,-0.2025511,-0.15354379,-0.14723541,-0.15225029,-0.11499533,-0.10471026,-0.11893196,-0.15318838,-0.15642363,-0.12856968,-0.19501048,-0.15319589,-0.18738703,-0.11705899,-0.17429145,-0.15318692,-0.06652963,-0.15295076,-0.10737923,-0.124497145,-0.15298569,-0.052188452,-0.26007295
k__Bacteria|p__Actinobacteria|c__Coriobacteriia|o__Coriobacteriales|f__Coriobacteriaceae|g__GGB39644|s__GGB39644_SGB53888,-0.1004395,-0.12316422,-0.15526526,-0.15861319,-0.1586134,-0.23867357,-0.1666669,-0.16813041,-0.10929718,-0.22895765,-0.23728925,-0.15526924,-0.22850217,-0.3768707,-0.08556121,-0.15493166,-0.058144663,-0.15482505,-0.15856192,-0.19931981,-0.1978925,-0.13024324,-0.15524022,-0.12711628,-0.20043859,-0.11658599,-0.182019,-0.25032333,-0.1509206,-0.15524442,-0.15142563,-0.10844302,-0.18249588,-0.28454733,-0.15525872,-0.13040039,-0.15526724,-0.22338755,-0.15526953,-0.29867563,-0.1552696,-0.29356226,-0.12980421,-0.15514807,-0.13691942,-0.155265,-0.23188588,-0.24781659,-0.1296162,-0.13040528,-0.24679694,-0.18279888,-0.25087595,-0.26027086,-0.28621647,-0.27511892,-0.11894142,-0.15519772,-0.040142577,-0.056944285,-0.15467083,-0.11274739,-0.13743341,-0.13030882,-0.15525162,-0.15860954,-0.15861322,-0.15861374,-0.27573854,-0.1552377,-0.13031003,-0.16243835,-0.12334165,-0.14074792,-0.15524137,-0.15887658,-0.14481027,-0.13038747,-0.18691605,-0.14998752,-0.15525961,-0.15859568,-0.158605,-0.1585544,-0.120334074,-0.13700745,-0.08858878,-0.15525469,-0.19008024,-0.15526392,-0.2004665,-0.11139822,-0.1388583,-0.13027036,-0.1074974,-0.15152657,-0.15518445,-0.1583688,-0.10065024,-0.08152827,-0.09427856,-0.15522538,-0.11960925,-0.15027548,-0.16982608,-0.1185138,-0.15523925,-0.15860824,-0.17738779,-0.15176103,-0.15526626,-0.25953975,-0.17989698,-0.13525523,-0.15526396,-0.15095688,-0.17780018,-0.2009549,-0.15524808,-0.09015879,-0.15502183,-0.12151222,-0.121854745,-0.13997786,-0.21433522,-0.13908121,-0.16057305,-0.15520531,-0.07092635,-0.1547471,-0.15797517,-0.18733518,-0.15505628,-0.13029325,-0.12334781,-0.14100276,-0.15523067,-0.114095174,-0.25318068,-0.26654312,-0.1296551,-0.10945694,-0.15522337,-0.09238048,-0.20963459,-0.15526414,-0.15854797,-0.12987491,-0.15520573,-0.16015086,-0.1553517,-0.15526772,-0.19704957,-0.20616047,-0.12938207,-0.10460003,-0.11361031,-0.10256614,-0.15526164,-0.19495486,-0.15524343,-0.12981506,-0.15513614,-0.041086134,-0.12967405,-0.1552667,-0.2300741,-0.15525082,-0.10384405,-0.1541027,-0.0784167,-0.15515077,-0.12766197,-0.15516666,-0.121451,-0.075820275,-0.09192432,-0.101488546,-0.1550481,-0.1585359,-0.12378413,-0.15514132,-0.1410757,-0.13984437,-0.18093297,-0.1552687,-0.25777104,-0.12844054,-0.15519759,-0.13462572,-0.119081676,-0.15524474,-0.1586099,-0.15861125,-0.15861216,-0.19755594,-0.25103784,-0.20219928,-0.19465852,-0.24831252,-0.20506537,-0.22091979,-0.15525684,-0.13005127,-0.11956477,-0.1552526,-0.15860696,-0.20931396,-0.18224281,-0.15524587,-0.32474133,-0.15526718,-0.15861432,-0.15861343,-0.15861313,-0.2185038,-0.15524551,-0.114121355,-0.15524727,-0.15860198,-0.15860717,-0.22984435,-0.15526207,-0.15859312,-0.08963354,-0.15517962,-0.15857455,-0.1585889,-0.15858996,-0.13302092,-0.1051107,-0.14014931,-0.15141064,-0.15839578,-0.15615125,-0.14613561,-0.15525913,-0.12319561,-0.13036515,-0.15523002,-0.15861417,-0.15861377,-0.15861379,-0.1586142,-0.38518023,-0.11451449,-0.15523617,-0.15564899,-0.14443555,-0.16636807,-0.15526341,-0.15855336,-0.12993515,-0.047159404,-0.15047497,-0.14016809,-0.14106366,-0.15514703,-0.19987361,-0.1649412,-0.17166539,-0.1552456,-0.1585802,-0.12722544,-0.14610182,-0.2588673,-0.13019875,-0.15516493,-0.09132757,-0.12832497,-0.13684332,-0.16221203,-0.15659244,-0.12970248,-0.15505978,-0.15853815,-0.15857758,-0.15860459,-0.15740095,-0.19795567,-0.15106063,-0.07294749,-0.2039893,-0.15523666,-0.15857632,-0.104459345,-0.15495695,-0.17466888,-0.13176009,-0.15524259,-0.15109587,-0.10913184,-0.15511025,-0.05825615,-0.14326635,-0.17082691,-0.15519328,-0.18883844,-0.15526806,-0.31316653,-0.15526032,-0.16808087,-0.14331596,-0.1552619,-0.15861143,-0.25088155,-0.15526837,-0.22115314,-0.07562123,-0.086852394,-0.10702289,-0.060967896,-0.14988375,-0.16796505,-0.15746465,-0.22133875,-0.12812386,-0.0969081,-0.16398169,-0.12716047,-0.11335766,-0.18846886,-0.1303595,-0.17755464,-0.0994983,-0.115196005,-0.15519433,-0.11662802,-0.19749595,-0.14526704,-0.12781724,-0.096878245,-0.1551943,-0.15845457,-0.12434345,-0.11230643,-0.063823454,-0.15513754,-0.11419349,-0.10007019,-0.24483351,-0.15526879,-0.1586055,-0.16344379,-0.1759062,-0.12524253,-0.15525696,-0.0782174,-0.19187105,-0.18185812,-0.09859173,-0.11065883,-0.15499392,-0.15835246,-0.083404,-0.1213824,-0.13072303,-0.13855581,-0.19385117,-0.1552388,-0.1586089,-0.19487974,-0.23847799,-0.2432746,-0.1300888,-0.15510279,-0.15858579,-0.14520228,-0.2961179,-0.1552682,-0.19813283,-0.13028014,-0.15521654,-0.060104962,-0.15931924,-0.15526679,-0.2028091,-0.2868003,-0.11816878,-0.14795661,-0.10060286,-0.15514113,-0.13614628,-0.20725825,-0.17393659,-0.125103,-0.15657571,-0.15690626,-0.15526563,-0.15861087,-0.16221246,-0.22200036,-0.13041763,-0.2814266,-0.15526915,-0.1915083,-0.24371436,-0.16952515,-0.15520275,-0.13369927,-0.12557748,-0.15526314,-0.18106565,-0.15526894,-0.18642783,-0.1552247,-0.30462334,-0.15517873,-0.14691104,-0.13029914,-0.15525846,-0.15860087,-0.18915205,-0.13035384,-0.15526253,-0.10481856,-0.1650517,-0.15526074,-0.15861247,-0.15859106,-0.13002425,-0.15518367,-0.15858504,-0.15857756,-0.15858696,-0.15859365,-0.16505513,-0.17392421,-0.15525708,-0.15860662,-0.15859842,-0.15860707,-0.2025511,-0.15354379,-0.14723541,-0.15444978,-0.11499533,-0.10471026,-0.11893196,-0.15526,-0.15855291,-0.1303196,-0.19501048,-0.15526636,-0.18738703,-0.11705899,-0.17429145,-0.15525994,-0.06652963,-0.15506037,-0.10737923,-0.124497145,-0.15298569,-0.052188452,-0.26007295
k__Bacteria|p__Actinobacteria|c__CFGB1056|o__OFGB1056|f__FGB1056|g__GGB2722|s__GGB2722_SGB3663,-0.1004395,-0.12316422,-0.15407997,-0.15740933,-0.15740961,-0.23867357,-0.1666669,-0.16813041,-0.10929718,-0.22895765,-0.23728925,-0.15408498,-0.22850217,-0.3768707,-0.08556121,-0.15366226,-0.058144663,-0.1535283,-0.15734452,-0.19931981,-0.1978925,-0.12916486,-0.15404817,-0.12711628,-0.20043859,-0.11658599,-0.182019,-0.25032333,-0.1509206,-0.15405327,-0.15142563,-0.10844302,-0.18249588,-0.28454733,-0.15407118,-0.12935336,-0.15408248,-0.22338755,-0.15408534,-0.29867563,-0.15408541,-0.29356226,-0.12865879,-0.15393111,-0.13691942,-0.15407962,-0.23188588,-0.24781659,-0.1296162,-0.12935963,-0.24679694,-0.18279888,-0.25087595,-0.26027086,-0.28621647,-0.27511892,-0.11894142,-0.15399519,-0.040142577,-0.056944285,-0.15333205,-0.11274739,-0.13743341,-0.12924467,-0.15406276,-0.15740475,-0.15740937,-0.15741006,-0.27573854,-0.15404396,-0.12924519,-0.16243835,-0.12334165,-0.14074792,-0.1540499,-0.15887658,-0.14481027,-0.12933788,-0.18691605,-0.14998752,-0.15407285,-0.15738735,-0.15739903,-0.1573287,-0.120334074,-0.13700745,-0.08858878,-0.1540667,-0.19008024,-0.15407827,-0.2004665,-0.11139822,-0.1388583,-0.13027036,-0.1074974,-0.15152657,-0.1539785,-0.15708461,-0.10065024,-0.08152827,-0.09427856,-0.15402955,-0.11960925,-0.15027548,-0.16982608,-0.1185138,-0.1540468,-0.15740305,-0.17738779,-0.15176103,-0.15408123,-0.25953975,-0.17989698,-0.13525523,-0.15407836,-0.15095688,-0.17780018,-0.2009549,-0.15405673,-0.09015879,-0.1537748,-0.12151222,-0.121854745,-0.13997786,-0.21433522,-0.13908121,-0.16057305,-0.15400442,-0.07092635,-0.1534283,-0.15660575,-0.18733518,-0.15381223,-0.12923485,-0.12334781,-0.14100276,-0.15403642,-0.114095174,-0.25318068,-0.26654312,-0.12850362,-0.10945694,-0.15402722,-0.09238048,-0.20963459,-0.15407857,-0.15732014,-0.12875362,-0.15400442,-0.16015086,-0.1553517,-0.15408307,-0.19704957,-0.20616047,-0.1282101,-0.10460003,-0.11361031,-0.10256614,-0.1540754,-0.19495486,-0.15405023,-0.12868923,-0.15391698,-0.041086134,-0.12967405,-0.15408176,-0.2300741,-0.15405941,-0.10384405,-0.15261477,-0.0784167,-0.15393507,-0.12766197,-0.15395604,-0.121451,-0.075820275,-0.09192432,-0.101488546,-0.1538084,-0.1573122,-0.12378413,-0.15391573,-0.1410757,-0.13984437,-0.18093297,-0.15408432,3.5857842,-0.12844054,-0.1539898,-0.13462572,-0.119081676,-0.15405416,-0.15740521,-0.1574069,-0.15740806,-0.19755594,-0.25103784,-0.20219928,-0.19465852,-0.24831252,-0.20506537,-0.22091979,-0.15406874,-0.128957,-0.11956477,-0.15406394,-0.15740147,-0.20931396,-0.18224281,-0.15405452,-0.32474133,-0.15408239,-0.15741077,-0.15740965,-0.15740928,-0.2185038,-0.15405357,-0.114121355,-0.15405713,-0.15739515,-0.15740165,-0.22984435,-0.15407598,-0.15738297,-0.08963354,-0.1539721,-0.15736079,-0.15737873,-0.15738022,-0.13302092,-0.1051107,-0.14014931,-0.15141064,-0.15839578,-0.15615125,-0.14613561,-0.15407228,-0.12319561,-0.12930939,-0.15403566,-0.15741059,-0.15741012,-0.15741012,-0.15741062,-0.38518023,-0.11451449,-0.1540433,-0.15564899,-0.14443555,-0.16636807,-0.15407763,-0.15733108,-0.12993515,-0.047159404,-0.14803964,-0.14016809,-0.14106366,-0.15393123,-0.19987361,-0.1649412,-0.17166539,-0.15405521,-0.15736791,-0.12722544,-0.14610182,-0.2588673,-0.12911871,-0.15395413,-0.09132757,-0.12832497,-0.13684332,-0.16221203,-0.15659244,-0.12856454,-0.15382123,-0.15731505,-0.15736441,-0.15739849,-0.15740095,-0.19795567,-0.15106063,-0.07294749,-0.2039893,-0.154044,-0.15736301,-0.104459345,-0.15370601,-0.17466888,-0.13176009,-0.15405145,-0.15109587,-0.10913184,-0.15388522,-0.05825615,-0.14326635,-0.17082691,-0.15398943,-0.18883844,-0.15408352,-0.31316653,-0.15407357,-0.16808087,-0.14331596,-0.15407573,-0.1574071,-0.25088155,-0.1540839,-0.22115314,-0.07562123,-0.086852394,-0.10702289,-0.060967896,-0.14730552,-0.16796505,-0.15746465,-0.22133875,-0.12812386,-0.0969081,-0.16398169,-0.12716047,-0.11335766,-0.18846886,-0.1293031,-0.17755464,-0.0994983,-0.115196005,-0.15399063,-0.11662802,-0.19749595,-0.14526704,-0.12781724,-0.096878245,-0.15399082,-0.15720998,-0.12434345,-0.11230643,-0.063823454,-0.15391947,-0.11419349,-0.10007019,-0.24483351,-0.15408444,-0.1573984,-0.16344379,-0.1759062,-0.12524253,-0.15406951,-0.0782174,-0.19187105,-0.18185812,-0.09859173,-0.11065883,-0.15373918,-0.15708151,-0.083404,-0.1213824,-0.13072303,-0.13855581,-0.19385117,-0.15404657,-0.15740392,-0.19487974,-0.23847799,-0.2432746,-0.12897141,-0.15387592,-0.15737472,-0.14520228,-0.2961179,-0.15408368,-0.19813283,-0.12921007,-0.15401861,-0.060104962,-0.15931924,-0.15408185,-0.2028091,-0.2868003,-0.11816878,-0.14795661,-0.10060286,-0.1539235,-0.13614628,-0.20725825,-0.17393659,-0.125103,-0.15657571,-0.15690626,-0.15408045,-0.15740639,-0.16221246,-0.22200036,-0.12937488,-0.2814266,-0.15408486,-0.1915083,-0.24371436,-0.16952515,-0.15399435,-0.13369927,-0.12557748,-0.15407725,-0.18106565,-0.1540846,-0.18642783,-0.15402636,-0.30462334,-0.15397105,-0.14691104,-0.13029914,-0.15407139,-0.15739381,-0.18915205,-0.12929517,-0.1540765,-0.10481856,-0.1650517,-0.15407425,-0.15740845,-0.15737799,-0.12889278,-0.15397747,-0.15737382,-0.15736455,-0.15737632,-0.15738463,-0.16505513,-0.17392421,-0.15406965,-0.15740114,-0.1573908,-0.15740164,-0.2025511,-0.15354379,-0.14723541,-0.15305337,-0.11499533,-0.10471026,-0.11893196,-0.15407336,-0.15732731,-0.12925489,-0.19501048,-0.15408134,-0.18738703,-0.11705899,-0.17429145,-0.15407102,-0.06652963,-0.15382254,-0.10737923,-0.124497145,-0.15298569,-0.052188452,-0.26007295
k__Bacteria|p__Actinobacteria|c__Actinomycetia|o__Actinomycetales|f__Actinomycetaceae|g__Arcanobacterium|s__Arcanobacterium_urinimassiliense,-0.1004395,-0.12316422,-0.15520781,-0.15855527,-0.15855554,-0.23867357,-0.1666669,-0.16813041,-0.10929718,-0.22895765,-0.23728925,-0.15521272,-0.22850217,-0.3768707,-0.08556121,-0.15480459,-0.058144663,-0.1546697,-0.15849173,-0.19931981,-0.1978925,-0.13016094,-0.15517668,-0.12711628,-0.20043859,-0.11658599,-0.182019,-0.25032333,-0.1509206,-0.15518159,-0.15142563,-0.10844302,-0.18249588,-0.28454733,-0.1551992,-0.13034694,-0.15521026,-0.22338755,-0.15521309,-0.29867563,-0.15521315,-0.29356226,-0.12967315,-0.15506145,-0.13691942,-0.15520746,-0.23188588,-0.24781659,-0.1296162,-0.13035284,-0.24679694,-0.18279888,-0.25087595,-0.26027086,-0.28621647,-0.27511892,-0.11894142,-0.15512456,-0.040142577,-0.056944285,-0.15447041,-0.11274739,-0.13743341,-0.13023926,-0.1551908,-0.15855077,-0.15855531,-0.15855598,-0.27573854,-0.1551725,-0.13024025,-0.16243835,-0.12334165,-0.14074792,-0.15517825,-0.15887658,-0.14481027,-0.13033172,-0.18691605,-0.14998752,-0.15520081,-0.15853366,-0.15854508,-0.15847787,-0.120334074,-0.13700745,-0.08858878,-0.15519476,-0.19008024,-0.15520614,-0.2004665,-0.11139822,-0.1388583,-0.13027036,-0.1074974,-0.15152657,-0.15510814,-0.15824711,-0.10065024,-0.08152827,-0.09427856,-0.15515845,-0.11960925,-0.15027548,-0.16982608,-0.1185138,-0.15517521,-0.15854913,-0.17738779,-0.15176103,-0.15520903,-0.25953975,-0.17989698,-0.13525523,-0.1552062,-0.15095688,-0.17780018,-0.2009549,-0.1551851,-0.09015879,-0.15490884,-0.12151222,-0.121854745,-0.13997786,-0.21433522,-0.13908121,-0.16057305,-0.15513381,-0.07092635,-0.15457131,-0.15776062,-0.18733518,-0.15494388,-0.13023031,-0.12334781,-0.14100276,-0.15516505,-0.114095174,-0.25318068,-0.26654312,-0.12949891,-0.10945694,-0.15515612,-0.09238048,-0.20963459,-0.15520641,-0.15846835,-0.12975526,-0.1551339,-0.16015086,-0.1553517,-0.15521085,-0.19704957,-0.20616047,-0.12919903,-0.10460003,-0.11361031,-0.10256614,-0.15520334,-0.19495486,-0.15517904,-0.12968037,-0.15504865,-0.041086134,-0.12967405,-0.15520954,-0.2300741,-0.15518796,-0.10384405,-0.15378138,-0.0784167,-0.15506603,-0.12766197,-0.15508625,-0.121451,-0.075820275,-0.09192432,-0.101488546,-0.15494132,-0.15846014,-0.12378413,-0.15505311,-0.1410757,-0.13984437,-0.18093297,-0.15521207,-0.25777104,-0.12844054,-0.15511999,-0.13462572,-0.119081676,-0.15518257,-0.15855123,-0.15855289,-0.15855402,-0.19755594,-0.25103784,-0.20219928,-0.19465852,-0.24831252,-0.20506537,-0.22091979,-0.15519679,-0.12995377,-0.11956477,-0.15519212,-0.15854755,-0.20931396,-0.18224281,-0.15518305,-0.32474133,-0.15521018,-0.15855668,-0.1585556,-0.15855521,-0.2185038,-0.15518212,-0.114121355,-0.15518528,-0.15854122,-0.15854776,-0.22984435,-0.15520391,-0.15852973,-0.08963354,-0.15510193,-0.15850773,-0.15852511,-0.15852676,-0.13302092,-0.1051107,-0.14014931,-0.15141064,-0.15839578,-0.15615125,-0.14613561,-0.1552003,-0.12319561,-0.13030368,-0.15516397,-0.15855649,-0.15855603,-0.15855604,-0.15855655,-0.38518023,-0.11451449,-0.15517172,-0.15564899,-0.14443555,-0.16636807,-0.15520546,-0.15847826,-0.12993515,-0.047159404,-0.14924423,-0.14016809,-0.14106366,-0.15506136,-0.19987361,-0.1649412,-0.17166539,-0.1551835,-0.15851475,-0.12722544,-0.14610182,-0.2588673,-0.13011457,-0.15508449,-0.09132757,-0.12832497,-0.13684332,-0.16221203,-0.15659244,-0.12955773,-0.15495387,-0.15846273,-0.15851125,-0.15854464,-0.15740095,-0.19795567,-0.15106063,-0.07294749,-0.2039893,-0.15517232,-0.15850998,-0.104459345,-0.1548363,-0.17466888,-0.13176009,-0.15517992,-0.15109587,-0.10913184,-0.15501708,-0.05825615,-0.14326635,-0.17082691,-0.15511867,-0.18883844,-0.15521127,-0.31316653,-0.1552014,-0.16808087,-0.14331596,-0.15520364,-0.15855306,-0.25088155,-0.15521164,-0.22115314,-0.07562123,-0.086852394,-0.10702289,-0.060967896,-0.14851399,-0.16796505,-0.15746465,-0.22133875,-0.12812386,-0.0969081,-0.16398169,-0.12716047,-0.11335766,-0.18846886,-0.13029757,-0.17755464,-0.0994983,-0.115196005,-0.15512,-0.11662802,-0.19749595,-0.14526704,-0.12781724,-0.096878245,-0.15512055,-0.15835968,-0.12434345,-0.11230643,-0.063823454,-0.15505072,-0.11419349,-0.10007019,-0.24483351,-0.1552122,-0.15854469,-0.16344379,-0.1759062,-0.12524253,-0.15519756,-0.0782174,-0.19187105,-0.18185812,-0.09859173,-0.11065883,-0.1548737,-0.15823385,-0.083404,-0.1213824,-0.13072303,-0.13855581,-0.19385117,-0.15517484,-0.15854995,-0.19487974,-0.23847799,-0.2432746,-0.12996939,-0.1550075,-0.15852123,-0.14520228,-0.2961179,-0.15521145,-0.19813283,-0.13020504,-0.15514743,-0.060104962,-0.15931924,-0.15520966,-0.2028091,-0.2868003,-0.11816878,-0.14795661,-0.10060286,-0.15505382,-0.13614628,-0.20725825,-0.17393659,-0.125103,-0.15657571,-0.15690626,-0.15520826,-0.15855238,-0.16221246,-0.22200036,-0.13036783,-0.2814266,-0.15521258,-0.1915083,-0.24371436,-0.16952515,-0.15512514,-0.13369927,-0.12557748,-0.15520512,-0.18106565,-0.15521234,-0.18642783,-0.1551553,-0.30462334,-0.15510023,-0.14691104,-0.13029914,-0.15519938,-0.15854006,-0.18915205,-0.13029012,-0.15520442,-0.10481856,-0.1650517,-0.15520212,-0.1585544,-0.15852499,-0.12989049,-0.15510732,-0.15852027,-0.15851122,-0.15852274,-0.1585311,-0.16505513,-0.17392421,-0.1551976,-0.15854722,-0.15853703,-0.15854773,-0.2025511,-0.15354379,-0.14723541,-0.1541924,-0.11499533,-0.10471026,-0.11893196,-0.15520132,-0.15847607,-0.13025093,-0.19501048,-0.15520912,-0.18738703,-0.11705899,-0.17429145,-0.15519944,-0.06652963,-0.15495673,-0.10737923,-0.124497145,-0.15298569,-0.052188452,-0.26007295
k__Bacteria|p__Actinobacteria|c__Coriobacteriia|o__Coriobacteriales|f__Coriobacteriaceae|g__Collinsella|s__Collinsella_SGB14861,-0.1004395,-0.12316422,-0.155157,-0.15850379,-0.15850407,-0.23867357,-0.1666669,-0.16813041,-0.10929718,-0.22895765,-0.23728925,-0.15516189,-0.22850217,-0.3768707,-0.08556121,-0.1547392,-0.058144663,-0.15461548,-0.1584405,-0.19931981,-0.1978925,-0.13009669,-0.15512598,-0.12711628,-0.20043859,-0.11658599,-0.182019,-0.25032333,-0.1509206,-0.15513101,-0.15142563,-0.10844302,-0.18249588,-0.28454733,-0.15514809,-0.13030018,-0.15515944,-0.22338755,-0.15516226,-0.29867563,-0.15516232,-0.29356226,-0.12955354,-0.15501149,-0.13691942,-0.15515667,-0.23188588,-0.24781659,-0.1296162,-0.13030651,-0.24679694,-0.18279888,-0.25087595,-0.26027086,-0.28621647,-0.27511892,-0.11894142,-0.15507361,-0.040142577,-0.056944285,-0.15442705,-0.11274739,-0.13743341,-0.13018218,-0.15514016,-0.1584993,-0.15850383,-0.15850449,-0.27573854,-0.15512049,-0.13018548,-0.16243835,-0.12334165,-0.14074792,-0.15512766,-0.15887658,-0.14481027,-0.13028367,-0.18691605,-0.14998752,-0.15515003,-0.15848231,-0.15849367,-0.15842308,-0.120334074,-0.13700745,-0.08858878,-0.15514404,-0.19008024,-0.15515536,-0.2004665,-0.11139822,-0.1388583,-0.13027036,-0.1074974,-0.15152657,-0.15505756,-0.1581533,-0.10065024,-0.08152827,-0.09427856,-0.1551077,-0.11960925,-0.15027548,-0.16982608,-0.1185138,-0.15512466,-0.15849766,-0.17738779,-0.15176103,-0.15515825,-0.25953975,-0.17989698,-0.13525523,-0.15515542,-0.15095688,-0.17780018,-0.2009549,-0.15513366,-0.09015879,-0.1548576,-0.12151222,-0.121854745,-0.13997786,-0.21433522,-0.13908121,-0.16057305,-0.15508303,-0.07092635,-0.15451595,-0.15771821,-0.18733518,-0.15489396,-0.13016489,-0.12334781,-0.14100276,-0.15511447,-0.114095174,-0.25318068,-0.26654312,-0.1293199,-0.10945694,-0.15510547,-0.09238048,-0.20963459,-0.15515566,-0.15841721,-0.12962294,-0.155083,-0.16015086,-0.1553517,-0.15516004,-0.19704957,-0.20616047,-0.12901863,-0.10460003,-0.11361031,-0.10256614,-0.15515256,-0.19495486,-0.15512744,-0.12952483,-0.15499717,-0.041086134,-0.12967405,-0.15515877,-0.2300741,-0.15513705,-0.10384405,-0.15370423,-0.0784167,-0.15501484,-0.12766197,-0.15503553,-0.121451,-0.075820275,-0.09192432,-0.101488546,-0.15488914,-0.15840861,-0.12378413,-0.15498833,-0.1410757,-0.13984437,-0.18093297,-0.15516125,-0.25777104,-0.12844054,-0.15506645,-0.13462572,-0.119081676,-0.15513179,-0.15849978,-0.15850145,-0.15850255,-0.19755594,-0.25103784,-0.20219928,-0.19465852,-0.24831252,-0.20506537,-0.22091979,-0.155146,-0.12984188,-0.11956477,-0.15514138,-0.15849613,-0.20931396,-0.18224281,-0.1551317,-0.32474133,-0.15515937,-0.15850519,-0.15850411,-0.15850374,-0.2185038,-0.1551308,-0.114121355,-0.15513472,-0.15848993,-0.15849634,-0.22984435,-0.1551531,-0.15847756,-0.08963354,-0.1550512,-0.15845637,-0.1584739,-0.15847534,-0.13302092,-0.1051107,-0.14014931,-0.15141064,-0.15839578,-0.15615125,-0.14613561,-0.15514949,-0.12319561,-0.13025576,-0.15511374,-0.15850502,-0.15850455,-0.15850455,-0.15850507,-0.38518023,-0.11451449,-0.1551212,-0.15564899,-0.14443555,-0.16636807,-0.1551547,-0.15842758,-0.12993515,-0.047159404,-0.14926237,-0.14016809,-0.14106366,-0.1550119,-0.19987361,-0.1649412,-0.17166539,-0.15513282,-0.15846337,-0.12722544,-0.14610182,-0.2588673,-0.1300313,-0.15503287,-0.09132757,-0.12832497,-0.13684332,-0.16221203,-0.15659244,-0.12937517,-0.15490186,-0.15841135,-0.1584599,-0.15849319,-0.15740095,-0.19795567,-0.15106063,-0.07294749,-0.2039893,-0.1551218,-0.15845838,-0.104459345,-0.15469684,-0.17466888,-0.13176009,-0.1551292,-0.15109587,-0.10913184,-0.15496337,-0.05825615,-0.14326635,-0.17082691,-0.1550686,-0.18883844,-0.15516046,-0.31316653,-0.15515074,-0.16808087,-0.14331596,-0.15515287,-0.15850163,-0.25088155,-0.15516083,-0.22115314,-0.07562123,-0.086852394,-0.10702289,-0.060967896,-0.14854272,-0.16796505,-0.15746465,-0.22133875,-0.12812386,-0.0969081,-0.16398169,-0.12716047,-0.11335766,-0.18846886,-0.13024695,-0.17755464,-0.0994983,-0.115196005,-0.15506962,-0.11662802,-0.19749595,-0.14526704,-0.12781724,-0.096878245,-0.15506962,-0.15830779,-0.12434345,-0.11230643,-0.063823454,-0.1549989,-0.11419349,-0.10007019,-0.24483351,-0.15516135,-0.15849322,-0.16344379,-0.1759062,-0.12524253,-0.15514682,-0.0782174,-0.19187105,-0.18185812,-0.09859173,-0.11065883,-0.15482268,-0.15818232,-0.083404,-0.1213824,-0.13072303,-0.13855581,-0.19385117,-0.15512437,-0.15849851,-0.19487974,-0.23847799,-0.2432746,-0.1298961,-0.15495667,-0.15847002,-0.14520228,-0.2961179,-0.15516064,-0.19813283,-0.1301421,-0.1550967,-0.060104962,-0.15931924,-0.15515886,-0.2028091,-0.2868003,-0.11816878,-0.14795661,-0.10060286,-0.15500376,-0.13614628,-0.20725825,-0.17393659,-0.125103,-0.15657571,-0.15690626,-0.15515746,-0.15850092,-0.16221246,-0.22200036,-0.13032185,-0.2814266,-0.15516177,-0.1915083,-0.24371436,-0.16952515,-0.15507197,-0.13369927,-0.12557748,-0.15515435,-0.18106565,-0.15516153,-0.18642783,-0.15510413,-0.30462334,-0.15505067,-0.14691104,-0.13029914,-0.15514864,-0.15848868,-0.18915205,-0.13023978,-0.15515359,-0.10481856,-0.1650517,-0.15515143,-0.15850295,-0.15847321,-0.12978595,-0.1550565,-0.15846908,-0.15845996,-0.1584715,-0.15847957,-0.16505513,-0.17392421,-0.1551469,-0.15849578,-0.15848571,-0.15849629,-0.2025511,-0.15354379,-0.14723541,-0.15415448,-0.11499533,-0.10471026,-0.11893196,-0.15515053,-0.15842363,-0.13019755,-0.19501048,-0.15515834,-0.18738703,-0.11705899,-0.17429145,-0.15514836,-0.06652963,-0.1549029,-0.10737923,-0.124497145,-0.15298569,-0.052188452,-0.26007295
k__Bacteria|p__Actinobacteria|c__Coriobacteriia|o__Eggerthellales|f__Eggerthellaceae|g__Adlercreutzia|s__Adlercreutzia_equolifaciens,-0.1004395,-0.12316422,-0.15473497,-0.15806863,-0.15806878,-0.23867357,-0.1666669,-0.16813041,-0.10929718,-0.22895765,-0.23728925,-0.15473758,-0.22850217,-0.3768707,-0.08556121,-0.15450445,-0.058144663,-0.15444441,-0.15803447,-0.19931981,-0.1978925,-0.12986265,-0.15471834,-0.12711628,-0.20043859,-0.11658599,-0.182019,-0.25032333,-0.1509206,-0.15472123,-0.15142563,-0.10844302,-0.18249588,-0.28454733,-0.15473045,-0.12997422,-0.15473628,-0.22338755,-0.15473777,-0.29867563,-0.15473782,-0.29356226,-0.12957114,-0.15465763,-0.13691942,-0.15473479,-0.23188588,-0.24781659,-0.1296162,-0.12997808,-0.24679694,-0.18279888,-0.25087595,-0.26027086,-0.28621647,-0.27511892,-0.11894142,-0.15468986,-0.040142577,-0.056944285,-0.15434751,-0.11274739,-0.13743341,-0.12990914,-0.154726,-0.15806623,-0.15806866,-0.158069,-0.27573854,-0.1547144,-0.1299124,-0.16243835,-0.12334165,-0.14074792,-0.15471938,-0.15887658,-0.14481027,-0.12996586,-0.18691605,-0.14998752,-0.15473118,-0.15805711,-0.15806322,-0.15802544,-0.120334074,-0.13700745,-0.08858878,-0.15472803,-0.19008024,-0.1547341,-0.2004665,-0.11139822,-0.1388583,-0.13027036,-0.1074974,-0.15152657,-0.15468186,-0.15787476,-0.10065024,-0.08152827,-0.09427856,-0.1547085,-0.11960925,-0.15027548,-0.16982608,-0.1185138,-0.1547176,-0.15806535,-0.17738779,-0.15176103,-0.15473565,-0.25953975,-0.17989698,-0.13525523,-0.15473413,-0.15095688,-0.17780018,-0.2009549,-0.15472253,-0.09015879,-0.1545745,-0.12151222,-0.121854745,-0.13997786,-0.21433522,-0.13908121,-0.16057305,-0.1546952,-0.07092635,-0.15438947,-0.15765244,-0.18733518,-0.15459484,-0.12989816,-0.12334781,-0.14100276,-0.15471217,-0.114095174,-0.25318068,-0.26654312,-0.12940201,-0.10945694,-0.15470737,-0.09238048,-0.20963459,-0.15473424,-0.1580222,-0.12958631,-0.15469486,-0.16015086,-0.1553517,-0.15473661,-0.19704957,-0.20616047,-0.12921971,-0.10460003,-0.11361031,-0.10256614,-0.15473261,-0.19495486,-0.15471932,-0.12951574,-0.15464926,-0.041086134,-0.12967405,-0.15473592,-0.2300741,-0.15472448,-0.10384405,-0.15393671,-0.0784167,-0.15465724,-0.12766197,-0.1546697,-0.121451,-0.075820275,-0.09192432,-0.101488546,-0.15459076,-0.15801752,-0.12378413,-0.15464212,-0.1410757,-0.13984437,-0.18093297,-0.15473723,-0.25777104,-0.12844054,-0.15468478,-0.13462572,-0.119081676,-0.15472138,-0.15806645,-0.15806735,-0.15806794,-0.19755594,-0.25103784,-0.20219928,-0.19465852,-0.24831252,-0.20506537,-0.22091979,-0.15472907,-0.12971392,-0.11956477,-0.15472662,-0.15806454,-0.20931396,-0.18224281,-0.15472114,-0.32474133,-0.15473625,-0.15806937,-0.15806879,-0.1580686,-0.2185038,-0.15471962,-0.114121355,-0.15472294,-0.15806127,-0.1580646,-0.22984435,-0.15473285,-0.1580529,-0.08963354,-0.1546777,-0.15804313,-0.15805268,-0.15805337,-0.13302092,-0.1051107,-0.14014931,-0.15141064,-0.15839578,-0.15615125,-0.14613561,-0.15473095,-0.12319561,-0.12995052,-0.15471208,-0.15806928,-0.15806903,-0.15806903,-0.1580693,-0.38518023,-0.11451449,-0.15471593,-0.15564899,-0.14443555,-0.16636807,-0.15473378,-0.15802813,-0.12993515,-0.047159404,-0.15161543,-0.14016809,-0.14106366,-0.15465781,-0.19987361,-0.1649412,-0.17166539,-0.15472208,-0.15804699,-0.12722544,-0.14610182,-0.2588673,-0.12982178,-0.15466815,-0.09132757,-0.12832497,-0.13684332,-0.16221203,-0.15659244,-0.12939525,-0.15459558,-0.15801889,-0.15804507,-0.15806293,-0.15740095,-0.19795567,-0.15106063,-0.07294749,-0.2039893,-0.15471625,-0.15804401,-0.104459345,-0.1544528,-0.17466888,-0.13176009,-0.1547201,-0.15109587,-0.10913184,-0.15462886,-0.05825615,-0.14326635,-0.17082691,-0.15468785,-0.18883844,-0.15473683,-0.31316653,-0.1547316,-0.16808087,-0.14331596,-0.1547328,-0.15806746,-0.25088155,-0.15473703,-0.22115314,-0.07562123,-0.086852394,-0.10702289,-0.060967896,-0.15123054,-0.16796505,-0.15746465,-0.22133875,-0.12812386,-0.0969081,-0.16398169,-0.12716047,-0.11335766,-0.18846886,-0.1299455,-0.17755464,-0.0994983,-0.115196005,-0.1546883,-0.11662802,-0.19749595,-0.14526704,-0.12781724,-0.096878245,-0.15468782,-0.15796313,-0.12434345,-0.11230643,-0.063823454,-0.1546492,-0.11419349,-0.10007019,-0.24483351,-0.1547373,-0.15806307,-0.16344379,-0.1759062,-0.12524253,-0.15472955,-0.0782174,-0.19187105,-0.18185812,-0.09859173,-0.11065883,-0.15455595,-0.15789658,-0.083404,-0.1213824,-0.13072303,-0.13855581,-0.19385117,-0.1547176,-0.1580658,-0.19487974,-0.23847799,-0.2432746,-0.1297347,-0.1546274,-0.15805058,-0.14520228,-0.2961179,-0.1547369,-0.19813283,-0.1298853,-0.15470263,-0.060104962,-0.15931924,-0.15473598,-0.2028091,-0.2868003,-0.11816878,-0.14795661,-0.10060286,-0.15465325,-0.13614628,-0.20725825,-0.17393659,-0.125103,-0.15657571,-0.15690626,-0.15473522,-0.15806708,-0.16221246,-0.22200036,-0.12998626,-0.2814266,-0.15473752,-0.1915083,-0.24371436,-0.16952515,-0.15468866,-0.13369927,-0.12557748,-0.15473357,-0.18106565,-0.15473738,-0.18642783,-0.15470663,-0.30462334,-0.1546786,-0.14691104,-0.13029914,-0.1547305,-0.1580605,-0.18915205,-0.1299418,-0.15473315,-0.10481856,-0.1650517,-0.15473205,-0.15806817,-0.15805231,-0.1296591,-0.1546812,-0.15805012,-0.15804507,-0.15805137,-0.15805537,-0.16505513,-0.17392421,-0.15472959,-0.15806434,-0.15805899,-0.1580646,-0.2025511,-0.15354379,-0.14723541,-0.15420437,-0.11499533,-0.10471026,-0.11893196,-0.15473151,-0.15802546,-0.12991846,-0.19501048,-0.1547357,-0.18738703,-0.11705899,-0.17429145,-0.15473035,-0.06652963,-0.15459788,-0.10737923,-0.124497145,-0.15298569,-0.052188452,-0.26007295
k__Bacteria|p__Actinobacteria|c__Coriobacteriia|o__Coriobacteriales|f__Coriobacteriaceae|g__GGB9400|s__GGB9400_SGB14745,-0.1004395,-0.12316422,-0.15472503,-0.15806001,-0.15806025,-0.23867357,-0.1666669,-0.16813041,-0.10929718,-0.22895765,-0.23728925,-0.15472925,-0.22850217,-0.3768707,-0.08556121,-0.15437068,-0.058144663,-0.15425846,-0.1580054,-0.19931981,-0.1978925,-0.12979229,-0.15469824,-0.12711628,-0.20043859,-0.11658599,-0.182019,-0.25032333,-0.1509206,-0.15470257,-0.15142563,-0.10844302,-0.18249588,-0.28454733,-0.1547176,-0.12995626,-0.15472713,-0.22338755,-0.15472957,-0.29867563,-0.15472962,-0.29356226,-0.12935278,-0.15459952,-0.13691942,-0.15472475,-0.23188588,-0.24781659,-0.1296162,-0.12996149,-0.24679694,-0.18279888,-0.25087595,-0.26027086,-0.28621647,-0.27511892,-0.11894142,-0.15465333,-0.040142577,-0.056944285,-0.1540932,-0.11274739,-0.13743341,-0.12986186,-0.15471049,-0.15805614,-0.15806004,-0.15806063,-0.27573854,-0.15469486,-0.12986258,-0.16243835,-0.12334165,-0.14074792,-0.15469962,-0.15887658,-0.14481027,-0.12994276,-0.18691605,-0.14998752,-0.15471902,-0.15804145,-0.1580513,-0.15799296,-0.120334074,-0.13700745,-0.08858878,-0.15471381,-0.19008024,-0.1547236,-0.2004665,-0.11139822,-0.1388583,-0.13027036,-0.1074974,-0.15152657,-0.15463923,-0.15778387,-0.10065024,-0.08152827,-0.09427856,-0.1546825,-0.11960925,-0.15027548,-0.16982608,-0.1185138,-0.15469709,-0.15805471,-0.17738779,-0.15176103,-0.15472609,-0.25953975,-0.17989698,-0.13525523,-0.15472366,-0.15095688,-0.17780018,-0.2009549,-0.15470555,-0.09015879,-0.15446696,-0.12151222,-0.121854745,-0.13997786,-0.21433522,-0.13908121,-0.16057305,-0.15466127,-0.07092635,-0.15417439,-0.157381,-0.18733518,-0.15449966,-0.12985161,-0.12334781,-0.14100276,-0.15468828,-0.114095174,-0.25318068,-0.26654312,-0.129202,-0.10945694,-0.15468052,-0.09238048,-0.20963459,-0.15472385,-0.15798631,-0.12943296,-0.15466139,-0.16015086,-0.1553517,-0.15472764,-0.19704957,-0.20616047,-0.12894535,-0.10460003,-0.11361031,-0.10256614,-0.15472117,-0.19495486,-0.15470016,-0.12936635,-0.1545874,-0.041086134,-0.12967405,-0.15472654,-0.2300741,-0.15470812,-0.10384405,-0.15348633,-0.0784167,-0.15460292,-0.12766197,-0.15462032,-0.121451,-0.075820275,-0.09192432,-0.101488546,-0.15449512,-0.15797795,-0.12378413,-0.15458679,-0.1410757,-0.13984437,-0.18093297,-0.15472868,-0.25777104,-0.12844054,-0.1546497,-0.13462572,-0.119081676,-0.15470326,-0.15805653,-0.15805796,-0.15805894,-0.19755594,-0.25103784,-0.20219928,-0.19465852,-0.24831252,-0.20506537,-0.22091979,-0.15471569,-0.12960877,-0.11956477,-0.15471151,-0.15805337,-0.20931396,-0.18224281,-0.1547037,-0.32474133,-0.15472707,-0.15806124,-0.15806028,-0.15805997,-0.2185038,-0.15470308,-0.114121355,-0.1547058,-0.15804805,-0.15805358,-0.22984435,-0.15472165,-0.15803811,-0.08963354,-0.15463397,-0.15801904,-0.15803418,-0.1580354,-0.13302092,-0.1051107,-0.14014931,-0.15141064,-0.15839578,-0.15615125,-0.14613561,-0.15471853,-0.12319561,-0.12991898,-0.15468758,-0.15806107,-0.15806067,-0.15806067,-0.15806112,-0.38518023,-0.11451449,-0.15469405,-0.15564899,-0.14443555,-0.16636807,-0.15472305,-0.15799451,-0.12993515,-0.047159404,-0.1496233,-0.14016809,-0.14106366,-0.15459941,-0.19987361,-0.1649412,-0.17166539,-0.15470412,-0.15802503,-0.12722544,-0.14610182,-0.2588673,-0.12974879,-0.15461847,-0.09132757,-0.12832497,-0.13684332,-0.16221203,-0.15659244,-0.12925632,-0.1545064,-0.15798035,-0.15802212,-0.15805086,-0.15740095,-0.19795567,-0.15106063,-0.07294749,-0.2039893,-0.15469465,-0.15802091,-0.104459345,-0.15438686,-0.17466888,-0.13176009,-0.15470096,-0.15109587,-0.10913184,-0.15455985,-0.05825615,-0.14326635,-0.17082691,-0.15464857,-0.18883844,-0.15472803,-0.31316653,-0.15471967,-0.16808087,-0.14331596,-0.15472145,-0.15805814,-0.25088155,-0.15472834,-0.22115314,-0.07562123,-0.086852394,-0.10702289,-0.060967896,-0.14900112,-0.16796505,-0.15746465,-0.22133875,-0.12812386,-0.0969081,-0.16398169,-0.12716047,-0.11335766,-0.18846886,-0.12991303,-0.17755464,-0.0994983,-0.115196005,-0.15464957,-0.11662802,-0.19749595,-0.14526704,-0.12781724,-0.096878245,-0.15464967,-0.15789142,-0.12434345,-0.11230643,-0.063823454,-0.15458938,-0.11419349,-0.10007019,-0.24483351,-0.15472879,-0.15805098,-0.16344379,-0.1759062,-0.12524253,-0.15471622,-0.0782174,-0.19187105,-0.18185812,-0.09859173,-0.11065883,-0.15443686,-0.15778293,-0.083404,-0.1213824,-0.13072303,-0.13855581,-0.19385117,-0.15469684,-0.15805545,-0.19487974,-0.23847799,-0.2432746,-0.12962903,-0.15455249,-0.15803082,-0.14520228,-0.2961179,-0.15472816,-0.19813283,-0.1298311,-0.15467313,-0.060104962,-0.15931924,-0.15472662,-0.2028091,-0.2868003,-0.11816878,-0.14795661,-0.10060286,-0.15459284,-0.13614628,-0.20725825,-0.17393659,-0.125103,-0.15657571,-0.15690626,-0.15472543,-0.15805753,-0.16221246,-0.22200036,-0.12997448,-0.2814266,-0.15472914,-0.1915083,-0.24371436,-0.16952515,-0.15465397,-0.13369927,-0.12557748,-0.15472275,-0.18106565,-0.15472892,-0.18642783,-0.15468016,-0.30462334,-0.154633,-0.14691104,-0.13029914,-0.15471779,-0.15804692,-0.18915205,-0.12990642,-0.1547221,-0.10481856,-0.1650517,-0.15472019,-0.15805927,-0.15803419,-0.12955949,-0.15463841,-0.15803003,-0.15802218,-0.15803212,-0.15803918,-0.16505513,-0.17392421,-0.15471631,-0.15805309,-0.15804437,-0.15805352,-0.2025511,-0.15354379,-0.14723541,-0.15385756,-0.11499533,-0.10471026,-0.11893196,-0.15471944,-0.15799205,-0.12987171,-0.19501048,-0.15472618,-0.18738703,-0.11705899,-0.17429145,-0.15471789,-0.06652963,-0.15450719,-0.10737923,-0.124497145,-0.15298569,-0.052188452,-0.26007295
k__Bacteria|p__Actinobacteria|c__Coriobacteriia|o__Eggerthellales|f__Eggerthellaceae|g__Slackia|s__Slackia_exigua,-0.1004395,-0.12316422,-0.1549494,-0.15828724,-0.1582875,-0.23867357,-0.1666669,-0.16813041,-0.10929718,-0.22895765,-0.23728925,-0.15495422,-0.22850217,-0.3768707,-0.08556121,-0.15455817,-0.058144663,-0.15442926,-0.15822503,-0.19931981,-0.1978925,-0.1299782,-0.15491903,-0.12711628,-0.20043859,-0.11658599,-0.182019,-0.25032333,-0.1509206,-0.15492353,-0.15142563,-0.10844302,-0.18249588,-0.28454733,-0.15494062,-0.13016032,-0.15495184,-0.22338755,-0.15495458,-0.29867563,-0.15495466,-0.29356226,-0.12950891,-0.15480499,-0.13691942,-0.15494911,-0.23188588,-0.24781659,-0.1296162,-0.13016593,-0.24679694,-0.18279888,-0.25087595,-0.26027086,-0.28621647,-0.27511892,-0.11894142,-0.15486814,-0.040142577,-0.056944285,-0.1542254,-0.11274739,-0.13743341,-0.13005392,-0.15493265,-0.15828286,-0.15828729,-0.15828793,-0.27573854,-0.15491402,-0.13005584,-0.16243835,-0.12334165,-0.14074792,-0.15492061,-0.15887658,-0.14481027,-0.13014543,-0.18691605,-0.14998752,-0.1549426,-0.1582661,-0.15827718,-0.15820877,-0.120334074,-0.13700745,-0.08858878,-0.15493673,-0.19008024,-0.15494782,-0.2004665,-0.11139822,-0.1388583,-0.13027036,-0.1074974,-0.15152657,-0.15485227,-0.15798143,-0.10065024,-0.08152827,-0.09427856,-0.1549013,-0.11960925,-0.15027548,-0.16982608,-0.1185138,-0.1549173,-0.15828124,-0.17738779,-0.15176103,-0.15495062,-0.25953975,-0.17989698,-0.13525523,-0.15494788,-0.15095688,-0.17780018,-0.2009549,-0.15492612,-0.09015879,-0.15465891,-0.12151222,-0.121854745,-0.13997786,-0.21433522,-0.13908121,-0.16057305,-0.1548774,-0.07092635,-0.15432909,-0.15750183,-0.18733518,-0.15468667,-0.13004602,-0.12334781,-0.14100276,-0.15490773,-0.114095174,-0.25318068,-0.26654312,-0.12932752,-0.10945694,-0.15489912,-0.09238048,-0.20963459,-0.15494812,-0.15819961,-0.12958814,-0.15487707,-0.16015086,-0.1553517,-0.15495239,-0.19704957,-0.20616047,-0.12904143,-0.10460003,-0.11361031,-0.10256614,-0.15494512,-0.19495486,-0.1549204,-0.1295064,-0.15479477,-0.041086134,-0.12967405,-0.15495108,-0.2300741,-0.15492915,-0.10384405,-0.15355846,-0.0784167,-0.15481079,-0.12766197,-0.15483093,-0.121451,-0.075820275,-0.09192432,-0.101488546,-0.15468943,-0.15819472,-0.12378413,-0.15479614,-0.1410757,-0.13984437,-0.18093297,-0.1549536,-0.25777104,-0.12844054,-0.15486187,-0.13462572,-0.119081676,-0.15492502,-0.1582833,-0.1582849,-0.158286,-0.19755594,-0.25103784,-0.20219928,-0.19465852,-0.24831252,-0.20506537,-0.22091979,-0.15493834,-0.12977898,-0.11956477,-0.15493418,-0.15827966,-0.20931396,-0.18224281,-0.15492468,-0.32474133,-0.15495175,-0.15828863,-0.15828757,-0.1582872,-0.2185038,-0.15492356,-0.114121355,-0.15492716,-0.15827325,-0.15827987,-0.22984435,-0.15494567,-0.15826157,-0.08963354,-0.15484574,-0.15824112,-0.1582576,-0.1582596,-0.13302092,-0.1051107,-0.14014931,-0.15141064,-0.15839578,-0.15615125,-0.14613561,-0.1549422,-0.12319561,-0.13011804,-0.1549062,-0.15828845,-0.15828797,-0.158288,-0.1582885,-0.38518023,-0.11451449,-0.1549141,-0.15564899,-0.14443555,-0.16636807,-0.1549471,-0.15820993,-0.12993515,-0.047159404,-0.14906673,-0.14016809,-0.14106366,-0.15480606,-0.19987361,-0.1649412,-0.17166539,-0.15492573,-0.15824805,-0.12722544,-0.14610182,-0.2588673,-0.12993279,-0.15482926,-0.09132757,-0.12832497,-0.13684332,-0.16221203,-0.15659244,-0.12937391,-0.15470028,-0.1581969,-0.15824437,-0.15827687,-0.15740095,-0.19795567,-0.15106063,-0.07294749,-0.2039893,-0.15491456,-0.15824336,-0.104459345,-0.15457912,-0.17466888,4.383449,-0.15492244,-0.15109587,-0.10913184,-0.15476257,-0.05825615,-0.14326635,-0.17082691,-0.1548621,-0.18883844,-0.15495281,-0.31316653,-0.15494291,-0.16808087,-0.14331596,-0.15494537,-0.15828504,-0.25088155,-0.15495317,-0.22115314,-0.07562123,-0.086852394,-0.10702289,-0.060967896,-0.14834985,-0.16796505,-0.15746465,-0.22133875,-0.12812386,-0.0969081,-0.16398169,-0.12716047,-0.11335766,-0.18846886,-0.13011195,-0.17755464,-0.0994983,-0.115196005,-0.15486354,-0.11662802,-0.19749595,-0.14526704,-0.12781724,-0.096878245,-0.15486473,-0.15809636,-0.12434345,-0.11230643,-0.063823454,-0.15479621,-0.11419349,-0.10007019,-0.24483351,-0.15495372,-0.15827635,-0.16344379,-0.1759062,-0.12524253,-0.15493947,-0.0782174,-0.19187105,-0.18185812,-0.09859173,-0.11065883,-0.15462425,-0.15797384,-0.083404,-0.1213824,-0.13072303,-0.13855581,-0.19385117,-0.15491694,-0.15828204,-0.19487974,-0.23847799,-0.2432746,-0.12979203,-0.1547539,-0.15825386,-0.14520228,-0.2961179,-0.154953,-0.19813283,-0.13002048,-0.15489013,-0.060104962,-0.15931924,-0.15495121,-0.2028091,-0.2868003,-0.11816878,-0.14795661,-0.10060286,-0.15479827,-0.13614628,-0.20725825,-0.17393659,-0.125103,-0.15657571,-0.15690626,-0.15494986,-0.15828443,-0.16221246,-0.22200036,-0.13018054,-0.2814266,-0.1549541,-0.1915083,-0.24371436,-0.16952515,-0.15486592,-0.13369927,-0.12557748,-0.15494676,-0.18106565,-0.15495387,-0.18642783,-0.15489653,-0.30462334,-0.15484348,-0.14691104,-0.13029914,-0.15494117,-0.15827243,-0.18915205,-0.13010454,-0.1549461,-0.10481856,-0.1650517,-0.1549438,-0.15828638,-0.1582562,-0.12971221,-0.15485162,-0.15825276,-0.15824409,-0.15825523,-0.15826365,-0.16505513,-0.17392421,-0.15493938,-0.15827939,-0.15826938,-0.1582799,-0.2025511,-0.15354379,-0.14723541,-0.15394653,-0.11499533,-0.10471026,-0.11893196,-0.15494306,-0.15820761,-0.1300676,-0.19501048,-0.15495068,-0.18738703,-0.11705899,-0.17429145,-0.15494055,-0.06652963,-0.15470554,-0.10737923,-0.124497145,-0.15298569,-0.052188452,-0.26007295
k__Bacteria|p__Actinobacteria|c__Actinomycetia|o__Propionibacteriales|f__Propionibacteriaceae|g__Propionibacterium|s__Propionibacterium_freudenreichii,-0.1004395,-0.12316422,-0.15497234,-0.15827073,-0.158271,-0.23867357,-0.1666669,-0.16813041,-0.10929718,-0.22895765,-0.23728925,-0.15497714,-0.22850217,-0.3768707,-0.08556121,-0.15457523,-0.058144663,-0.15444268,-0.15820882,-0.19931981,-0.1978925,-0.13028607,-0.154942,-0.12711628,-0.20043859,-0.11658599,-0.182019,-0.25032333,-0.1509206,-0.15494698,-0.15142563,-0.10844302,-0.18249588,-0.28454733,-0.15496415,-0.13047576,-0.15497473,-0.22338755,-0.15497752,-0.29867563,-0.15497757,-0.29356226,-0.12977898,-0.15483047,-0.13691942,-0.15497202,-0.23188588,-0.24781659,-0.1296162,-0.13048169,-0.24679694,-0.18279888,-0.25087595,-0.26027086,-0.28621647,-0.27511892,-0.11894142,-0.15489087,-0.040142577,-0.056944285,-0.15425459,-0.11274739,-0.13743341,-0.13036528,-0.15495586,-0.15826632,-0.15827075,-0.1582714,-0.27573854,-0.15493849,-0.13036771,-0.16243835,-0.12334165,-0.14074792,-0.15494347,-0.15887658,-0.14481027,-0.13046022,-0.18691605,-0.14998752,-0.15496549,-0.1582496,-0.15826082,-0.15819737,-0.120334074,-0.13700745,-0.08858878,-0.15495957,-0.19008024,-0.1549707,-0.2004665,-0.11139822,-0.1388583,-0.13027036,-0.1074974,-0.15152657,-0.15487471,-0.1579764,-0.10065024,-0.08152827,-0.09427856,-0.15492406,-0.11960925,-0.15027548,-0.16982608,-0.1185138,-0.15494078,-0.15826471,-0.17738779,-0.15176103,-0.15497357,-0.25953975,-0.17989698,-0.13525523,-0.1549708,-0.15095688,-0.17780018,-0.2009549,-0.15495092,-0.09015879,-0.15467876,-0.12151222,-0.121854745,-0.13997786,-0.21433522,-0.13908121,-0.16057305,-0.15489987,-0.07092635,-0.15434915,-0.15750042,-0.18733518,-0.15471874,-0.13035147,-0.12334781,-0.14100276,-0.15493056,-0.114095174,-0.25318068,-0.26654312,-0.1295874,-0.10945694,-0.15492174,-0.09238048,-0.20963459,-0.154971,-0.15818967,-0.12985566,-0.15490043,-0.16015086,-0.1553517,-0.15497532,-0.19704957,-0.20616047,-0.12928274,-0.10460003,-0.11361031,-0.10256614,-0.15496796,-0.19495486,-0.15494487,-0.12978056,-0.15481648,-0.041086134,-0.12967405,-0.15497409,-0.2300741,-0.15495381,-0.10384405,-0.15357456,-0.0784167,-0.15483405,-0.12766197,-0.1548534,-0.121451,-0.075820275,-0.09192432,-0.101488546,-0.15471058,-0.15817745,-0.12378413,-0.15482417,-0.1410757,-0.13984437,-0.18093297,-0.1549765,-0.25777104,-0.12844054,-0.15488887,-0.13462572,-0.119081676,-0.15494758,-0.15826677,-0.15826839,-0.15826951,-0.19755594,-0.25103784,-0.20219928,-0.19465852,-0.24831252,-0.20506537,-0.22091979,-0.15496191,-0.13006249,-0.11956477,-0.154957,-0.1582632,-0.20931396,-0.18224281,-0.1549487,-0.32474133,-0.15497465,-0.15827209,-0.15827104,-0.15827067,-0.2185038,-0.154948,-0.114121355,-0.15495056,-0.15825716,-0.15826343,-0.22984435,-0.15496849,-0.1582464,-0.08963354,-0.15486902,-0.15822408,-0.15824138,-0.15824272,-0.13302092,-0.1051107,-0.14014931,-0.15141064,-0.15839578,-0.15615125,-0.14613561,-0.15496495,-0.12319561,-0.13043305,-0.15492982,-0.15827192,-0.15827146,-0.15827148,-0.15827195,-0.38518023,-0.11451449,-0.15493715,-0.15564899,-0.14443555,-0.16636807,-0.15497011,-0.1581972,-0.12993515,-0.047159404,-0.14919093,-0.14016809,-0.14106366,-0.15482953,-0.19987361,-0.1649412,-0.17166539,-0.15494856,-0.15823087,-0.12722544,-0.14610182,-0.2588673,-0.13023262,-0.15485129,-0.09132757,-0.12832497,-0.13684332,-0.16221203,-0.15659244,-0.12963966,-0.15472439,-0.15818012,-0.15822768,-0.15826033,-0.15740095,-0.19795567,-0.15106063,-0.07294749,-0.2039893,-0.1549378,-0.15822619,-0.104459345,-0.15460894,-0.17466888,-0.13176009,-0.15494493,-0.15109587,-0.10913184,-0.15478559,-0.05825615,-0.14326635,-0.17082691,-0.15488544,-0.18883844,-0.15497574,-0.31316653,-0.1549663,-0.16808087,-0.14331596,-0.15496829,-0.1582686,-0.25088155,-0.1549761,-0.22115314,-0.07562123,-0.086852394,-0.10702289,-0.060967896,-0.14847341,-0.16796505,-0.15746465,-0.22133875,-0.12812386,-0.0969081,-0.16398169,-0.12716047,-0.11335766,-0.18846886,-0.13042606,-0.17755464,-0.0994983,-0.115196005,-0.15488666,-0.11662802,-0.19749595,-0.14526704,-0.12781724,-0.096878245,-0.15488665,-0.15807909,-0.12434345,-0.11230643,-0.063823454,-0.15481839,-0.11419349,-0.10007019,-0.24483351,-0.15497662,-0.15826088,-0.16344379,-0.1759062,-0.12524253,-0.15496233,-0.0782174,-0.19187105,-0.18185812,-0.09859173,-0.11065883,-0.15464488,-0.1579561,-0.083404,-0.1213824,-0.13072303,-0.13855581,-0.19385117,-0.15494037,-0.15826553,-0.19487974,-0.23847799,-0.2432746,-0.13009782,-0.15477629,-0.1582376,-0.14520228,-0.2961179,-0.1549759,-0.19813283,-0.13033001,-0.15491349,-0.060104962,-0.15931924,-0.15497419,-0.2028091,-0.2868003,-0.11816878,-0.14795661,-0.10060286,-0.15482232,-0.13614628,-0.20725825,-0.17393659,-0.125103,-0.15657571,-0.15690626,-0.1549728,-0.15826792,-0.16221246,-0.22200036,-0.13049656,-0.2814266,-0.15497702,-0.1915083,-0.24371436,-0.16952515,-0.15489468,-0.13369927,-0.12557748,-0.15496975,-0.18106565,-0.15497679,-0.18642783,-0.15492252,-0.30462334,-0.15486783,-0.14691104,-0.13029914,-0.1549641,-0.15825586,-0.18915205,-0.13041884,-0.154969,-0.10481856,-0.1650517,-0.15496686,-0.15826988,-0.15824248,-0.13001119,-0.15487385,-0.15823671,-0.15822774,-0.1582391,-0.15824711,-0.16505513,-0.17392421,-0.15496245,-0.15826283,-0.15825292,-0.15826336,-0.2025511,-0.15354379,-0.14723541,-0.15398756,-0.11499533,-0.10471026,-0.11893196,-0.154966,-0.15819591,-0.1303786,-0.19501048,-0.15497369,-0.18738703,-0.11705899,-0.17429145,-0.15496495,-0.06652963,-0.15472579,-0.10737923,-0.124497145,-0.15298569,-0.052188452,-0.26007295
k__Bacteria|p__Actinobacteria|c__Coriobacteriia|o__Coriobacteriales|f__Coriobacteriaceae|g__Collinsella|s__Collinsella_SGB4668,-0.1004395,-0.12316422,-0.15399233,-0.1573064,-0.15730695,-0.23867357,-0.1666669,-0.16813041,-0.10929718,-0.22895765,-0.23728925,-0.15400143,-0.22850217,4.8628354,-0.08556121,-0.15324217,-0.058144663,-0.15297532,-0.15718853,-0.19931981,3.3450615,-0.12900949,-0.15393364,-0.12711628,-0.20043859,-0.11658599,-0.182019,-0.25032333,-0.1509206,-0.15394327,-0.15142563,-0.10844302,-0.18249588,-0.28454733,-0.15397511,-0.12937914,-0.15399686,-0.22338755,-0.15400214,-0.29867563,-0.15400228,-0.29356226,-0.12803723,-0.1537211,-0.13691942,-0.15399155,-0.23188588,-0.24781659,-0.1296162,-0.12939116,-0.24679694,-0.18279888,-0.25087595,-0.26027086,-0.28621647,-0.27511892,-0.11894142,-0.15383664,-0.040142577,-0.056944285,-0.15263228,-0.11274739,-0.13743341,-0.12916724,-0.15396115,-0.15729797,-0.15730655,-0.15730774,-0.27573854,-0.15392563,-0.12917143,-0.16243835,-0.12334165,-0.14074792,-0.15393695,-0.15887658,-0.14481027,-0.12934792,-0.18691605,-0.14998752,-0.15397923,-0.15726617,-0.15728773,-0.15715507,-0.120334074,-0.13700745,-0.08858878,-0.15396786,-0.19008024,-0.15398914,-0.2004665,-0.11139822,-0.1388583,-0.13027036,-0.1074974,-0.15152657,-0.15380529,-0.15670356,-0.10065024,-0.08152827,-0.09427856,-0.15389918,-0.11960925,-0.15027548,-0.16982608,-0.1185138,-0.15393187,-0.15729485,-0.17738779,-0.15176103,-0.15399462,-0.25953975,-0.17989698,-0.13525523,-0.1539892,-0.15095688,-0.17780018,-0.2009549,-0.15394899,-0.09015879,-0.15342936,-0.12151222,-0.121854745,-0.13997786,-0.21433522,-0.13908121,-0.16057305,-0.15385285,-0.07092635,-0.15280601,-0.15585862,-0.18733518,-0.15351167,-0.12914671,-0.12334781,-0.14100276,-0.15391229,-0.114095174,-0.25318068,-0.26654312,-0.12771042,-0.10945694,-0.15389508,-0.09238048,-0.20963459,-0.15398967,-0.15714242,-0.1282185,-0.15385532,-0.16015086,-0.1553517,-0.15399796,-0.19704957,-0.20616047,-0.12717111,-0.10460003,-0.11361031,-0.10256614,-0.15398376,-0.19495486,-0.15393499,-0.1280669,-0.15369242,-0.041086134,-0.12967405,-0.15399566,-0.2300741,-0.15395218,-0.10384405,-0.151344,-0.0784167,-0.15372893,-0.12766197,-0.15376493,-0.121451,-0.075820275,-0.09192432,-0.101488546,-0.15349284,-0.15712756,-0.12378413,-0.15369642,-0.1410757,-0.13984437,-0.18093297,-0.15400025,-0.25777104,-0.12844054,-0.15382233,-0.13462572,-0.119081676,-0.15394458,-0.15729891,-0.157302,-0.15730414,-0.19755594,-0.25103784,-0.20219928,-0.19465852,-0.24831252,-0.20506537,-0.22091979,-0.1539715,-0.12860024,-0.11956477,-0.15396258,-0.15729201,-0.20931396,-0.18224281,-0.15394558,-0.32474133,-0.15399668,-0.15730906,-0.15730703,-0.15730631,-0.2185038,-0.15394413,-0.114121355,-0.15395111,-0.157281,-0.1572924,-0.22984435,-0.15398481,-0.15725943,-0.08963354,-0.15379575,-0.1572167,-0.15725073,-0.15725248,-0.13302092,-0.1051107,-0.14014931,-0.15141064,-0.15839578,-0.15615125,-0.14613561,-0.15397787,-0.12319561,-0.12929621,-0.15391216,-0.15730873,-0.15730786,-0.15730786,-0.15730882,-0.38518023,-0.11451449,-0.15392506,-0.15564899,-0.14443555,-0.16636807,-0.15398812,-0.15716335,-0.12993515,-0.047159404,-0.14311506,-0.14016809,-0.14106366,-0.15372065,-0.19987361,-0.1649412,-0.17166539,-0.15394664,-0.15722944,-0.12722544,-0.14610182,-0.2588673,-0.12891304,-0.15376031,-0.09132757,-0.12832497,-0.13684332,-0.16221203,-0.15659244,-0.12783426,-0.1535217,-0.15713307,-0.15722364,-0.15728647,-0.15740095,-0.19795567,-0.15106063,-0.07294749,-0.2039893,-0.15392688,-0.15722063,-0.104459345,-0.15327902,-0.17466888,-0.13176009,-0.15393923,-0.15109587,-0.10913184,-0.15363646,-0.05825615,-0.14326635,-0.17082691,-0.15382703,-0.18883844,-0.15399882,-0.31316653,-0.15398094,-0.16808087,-0.14331596,-0.15398443,-0.15730242,-0.25088155,-0.1539995,-0.22115314,-0.07562123,-0.086852394,-0.10702289,-0.060967896,-0.14174135,-0.16796505,-0.15746465,-0.22133875,-0.12812386,-0.0969081,-0.16398169,-0.12716047,-0.11335766,-0.18846886,-0.12928124,-0.17755464,-0.0994983,-0.115196005,-0.15382871,-0.11662802,-0.19749595,-0.14526704,-0.12781724,-0.096878245,-0.15382728,-0.1569394,-0.12434345,-0.11230643,-0.063823454,-0.1536985,-0.11419349,-0.10007019,-0.24483351,-0.15400045,-0.15728557,-0.16344379,-0.1759062,-0.12524253,-0.15397297,-0.0782174,-0.19187105,-0.18185812,-0.09859173,-0.11065883,-0.15336502,-0.15670455,-0.083404,-0.1213824,-0.13072303,-0.13855581,-0.19385117,-0.15393165,-0.15729643,-0.19487974,-0.23847799,-0.2432746,-0.128655,-0.15361783,-0.15724331,-0.14520228,-0.2961179,-0.15399909,-0.19813283,-0.12909651,-0.15388027,-0.060104962,-0.15931924,-0.15399578,-0.2028091,-0.2868003,-0.11816878,-0.14795661,-0.10060286,-0.15370658,-0.13614628,-0.20725825,-0.17393659,-0.125103,-0.15657571,-0.15690626,-0.15399319,-0.15730098,-0.16221246,-0.22200036,-0.12941985,-0.2814266,-0.15400124,-0.1915083,-0.24371436,-0.16952515,-0.1538322,-0.13369927,-0.12557748,-0.15398735,-0.18106565,-0.15400074,-0.18642783,-0.15389371,-0.30462334,-0.1537949,-0.14691104,-0.13029914,-0.15397659,-0.15727788,-0.18915205,-0.12926501,-0.15398575,-0.10481856,-0.1650517,-0.15398198,-0.15730484,-0.15724683,-0.12848517,-0.15380338,-0.157242,-0.1572247,-0.1572465,-0.15726122,-0.16505513,-0.17392421,-0.15397353,-0.15729132,-0.15727258,-0.15729228,-0.2025511,-0.15354379,-0.14723541,-0.15213954,-0.11499533,-0.10471026,-0.11893196,-0.15398017,-0.15715453,-0.1291905,-0.19501048,-0.15399489,-0.18738703,-0.11705899,-0.17429145,-0.15397395,-0.06652963,-0.15352008,-0.10737923,-0.124497145,-0.15298569,-0.052188452,-0.26007295
k__Bacteria|p__Actinobacteria|c__Actinomycetia|o__Bifidobacteriales|f__Bifidobacteriaceae|g__Bifidobacterium|s__Bifidobacterium_pseudolongum,-0.1004395,-0.12316422,-0.15397254,-0.15729807,-0.15729836,-0.23867357,-0.1666669,-0.16813041,-0.10929718,-0.22895765,-0.23728925,-0.15397742,-0.22850217,-0.3768707,-0.08556121,-0.15356001,-0.058144663,-0.15342924,-0.15723461,-0.19931981,-0.1978925,-0.12907684,-0.15394135,-0.12711628,-0.20043859,-0.11658599,-0.182019,-0.25032333,-0.1509206,-0.15394646,-0.15142563,-0.10844302,-0.18249588,-0.28454733,-0.15396391,-0.12927365,-0.15397498,-0.22338755,-0.15397781,-0.29867563,-0.15397786,-0.29356226,-0.12855355,-0.15382698,-0.13691942,-0.15397218,-0.23188588,-0.24781659,-0.1296162,-0.12927999,-0.24679694,-0.18279888,-0.25087595,-0.26027086,-0.28621647,-0.27511892,-0.11894142,-0.153889,-0.040142577,-0.056944285,-0.15323916,-0.11274739,-0.13743341,-0.1291598,-0.15395567,-0.15729356,-0.15729812,-0.15729879,-0.27573854,-0.15393688,-0.12916246,-0.16243835,-0.12334165,-0.14074792,-0.15394297,-0.15887658,-0.14481027,-0.12925789,-0.18691605,-0.14998752,-0.15396552,-0.1572765,-0.15728796,-0.15722014,-0.120334074,-0.13700745,-0.08858878,-0.15395947,-0.19008024,-0.15397087,-0.2004665,-0.11139822,-0.1388583,-0.13027036,-0.1074974,-0.15152657,-0.1538726,-0.15697502,-0.10065024,-0.08152827,-0.09427856,-0.15392299,-0.11960925,-0.15027548,-0.16982608,-0.1185138,-0.15394011,-0.15729192,-0.17738779,-0.15176103,-0.15397377,-0.25953975,-0.17989698,-0.13525523,-0.15397093,-0.15095688,-0.17780018,-0.2009549,-0.15394987,-0.09015879,-0.15367189,-0.12151222,-0.121854745,-0.13997786,1.5138303,6.2107744,-0.16057305,-0.15389818,-0.07092635,-0.15333188,-0.15651116,-0.18733518,-0.15371096,-0.12914659,-0.12334781,-0.14100276,-0.15392977,-0.114095174,-0.25318068,-0.26654312,-0.12834248,-0.10945694,-0.15392068,-0.09238048,-0.20963459,-0.15397115,-0.15721227,-0.12862843,-0.15389854,-0.16015086,-0.1553517,-0.15397558,-0.19704957,-0.20616047,-0.12803784,-0.10460003,-0.11361031,-0.10256614,-0.15396804,-0.19495486,-0.15394345,-0.128535,-0.15381227,-0.041086134,-0.12967405,-0.1539743,-0.2300741,-0.15395275,-0.10384405,-0.15252978,-0.0784167,-0.15383026,-0.12766197,-0.1538506,-0.121451,-0.075820275,-0.09192432,-0.101488546,-0.15370455,-0.15720248,-0.12378413,-0.15381405,-0.1410757,-0.13984437,-0.18093297,-0.15397678,-0.25777104,-0.12844054,-0.15388414,-0.13462572,-0.119081676,-0.15394714,-0.15729403,-0.1572957,-0.15729684,-0.19755594,-0.25103784,-0.20219928,-0.19465852,-0.24831252,-0.20506537,-0.22091979,-0.15396166,-0.12884125,-0.11956477,-0.15395677,-0.15729038,-0.20931396,-0.18224281,-0.15394777,-0.32474133,-0.15397489,-0.15729949,-0.15729839,-0.15729803,-0.2185038,-0.15394689,-0.114121355,-0.1539502,-0.15728423,-0.1572906,-0.22984435,-0.15396857,-0.1572726,-0.08963354,-0.15386663,-0.15725033,-0.15726808,-0.15726942,-0.13302092,-0.1051107,-0.14014931,-0.15141064,-0.15839578,-0.15615125,-0.14613561,-0.15396494,-0.12319561,-0.12922958,-0.15392911,-0.15729931,-0.15729883,-0.15729885,-0.15729934,-0.38518023,-0.11451449,-0.15393652,-0.15564899,-0.14443555,-0.16636807,-0.15397024,-0.15722209,-0.12993515,-0.047159404,-0.14806326,-0.14016809,-0.14106366,-0.15382656,-0.19987361,-0.1649412,-0.17166539,-0.15394819,-0.15725729,-0.12722544,-0.14610182,-0.2588673,-0.12901859,-0.15384828,-0.09132757,-0.12832497,-0.13684332,-0.16221203,-0.15659244,-0.12838832,-0.15371785,-0.1572053,-0.15725395,-0.15728745,-0.15740095,-0.19795567,-0.15106063,-0.07294749,-0.2039893,-0.15393724,-0.1572524,-0.104459345,-0.15355977,-0.17466888,-0.13176009,-0.15394446,-0.15109587,-0.10913184,-0.15377969,-0.05825615,-0.14326635,-0.17082691,-0.1538837,-0.18883844,-0.153976,-0.31316653,-0.15396634,-0.16808087,-0.14331596,-0.15396836,-0.1572959,-0.25088155,-0.15397638,-0.22115314,-0.07562123,-0.086852394,-0.10702289,-0.060967896,-0.1473364,-0.16796505,-0.15746465,-0.22133875,-0.12812386,-0.0969081,-0.16398169,-0.12716047,-0.11335766,-0.18846886,-0.12922192,6.6463146,-0.0994983,-0.115196005,-0.15388477,-0.11662802,-0.19749595,-0.14526704,-0.12781724,-0.096878245,-0.15388466,-0.15710151,-0.12434345,-0.11230643,-0.063823454,-0.15381444,-0.11419349,-0.10007019,-0.24483351,-0.15397689,-0.15728763,-0.16344379,-0.1759062,-0.12524253,-0.15396225,-0.0782174,-0.19187105,-0.18185812,-0.09859173,-0.11065883,-0.1536368,-0.15697551,-0.083404,-0.1213824,-0.13072303,-0.13855581,-0.19385117,-0.1539398,-0.15729278,-0.19487974,-0.23847799,-0.2432746,-0.12887281,-0.15377155,-0.15726417,-0.14520228,-0.2961179,-0.15397616,-0.19813283,-0.12912196,-0.15391217,-0.060104962,-0.15931924,-0.15397438,-0.2028091,-0.2868003,-0.11816878,-0.14795661,-0.10060286,-0.1538189,-0.13614628,-0.20725825,-0.17393659,-0.125103,-0.15657571,-0.15690626,-0.153973,-0.15729518,-0.16221246,-0.22200036,-0.1292952,-0.2814266,-0.1539773,-0.1915083,-0.24371436,-0.16952515,-0.15388979,-0.13369927,-0.12557748,-0.15396987,-0.18106565,-0.15397707,-0.18642783,-0.15392056,-0.30462334,-0.15386578,-0.14691104,-0.13029914,-0.1539641,-0.15728283,-0.18915205,-0.12921463,-0.15396911,-0.10481856,-0.1650517,-0.15396693,-0.15729722,-0.157268,-0.12877256,-0.15387163,-0.15726326,-0.15725413,-0.15726571,-0.15727381,-0.16505513,-0.17392421,-0.1539624,-0.15729001,-0.15727991,-0.15729053,-0.2025511,-0.15354379,-0.14723541,-0.15296721,-0.11499533,-0.10471026,-0.11893196,-0.15396602,-0.1572192,-0.12917334,-0.19501048,-0.15397388,-0.18738703,-0.11705899,-0.17429145,-0.15396419,-0.06652963,-0.15371886,-0.10737923,-0.124497145,-0.15298569,-0.052188452,-0.26007295
k__Bacteria|p__Actinobacteria|c__Actinomycetia|o__Actinomycetales|f__Actinomycetaceae|g__Gleimia|s__Gleimia_europaea,-0.1004395,-0.12316422,-0.15359968,-0.15691283,-0.1569131,-0.23867357,-0.1666669,-0.16813041,-0.10929718,-0.22895765,-0.23728925,-0.15360442,-0.22850217,-0.3768707,-0.08556121,-0.15320763,-0.058144663,-0.15307847,-0.15685153,-0.19931981,-0.1978925,-0.12880924,-0.15356967,-0.12711628,-0.20043859,-0.11658599,-0.182019,-0.25032333,-0.1509206,-0.15357447,-0.15142563,-0.10844302,-0.18249588,-0.28454733,-0.15359138,-0.12899333,-0.15360206,-0.22338755,-0.15360478,-0.29867563,-0.15360484,-0.29356226,-0.12832439,-0.15345885,-0.13691942,-0.15359935,-0.23188588,-0.24781659,-0.1296162,-0.12899914,1.5713465,-0.18279888,-0.25087595,-0.26027086,-0.28621647,-0.27511892,-0.11894142,-0.15351923,-0.040142577,-0.056944285,-0.15288983,-0.11274739,-0.13743341,-0.12888628,-0.15358332,-0.1569085,-0.15691288,-0.15691352,-0.27573854,-0.15356563,-0.1288883,-0.16243835,-0.12334165,-0.14074792,-0.15357119,-0.15887658,-0.14481027,-0.12897822,-0.18691605,-0.14998752,-0.15359291,-0.15689197,-0.15690303,-0.15683797,-0.120334074,-0.13700745,-0.08858878,-0.1535871,-0.19008024,-0.15359809,-0.2004665,-0.11139822,-0.1388583,-0.13027036,-0.1074974,-0.15152657,-0.15350342,-0.15661138,-0.10065024,-0.08152827,-0.09427856,-0.153552,-0.11960925,-0.15027548,-0.16982608,-0.1185138,-0.15356831,-0.1569069,-0.17738779,-0.15176103,-0.15360087,-0.25953975,0.9121973,-0.13525523,-0.15359814,-0.15095688,-0.17780018,-0.2009549,-0.1535778,-0.09015879,-0.15331048,-0.12151222,-0.121854745,-0.13997786,-0.21433522,-0.13908121,-0.16057305,-0.15352818,-0.07092635,-0.152984,-0.156149,-0.18733518,-0.15334642,-0.12887606,-0.12334781,-0.14100276,-0.15355842,-0.114095174,-0.25318068,-0.26654312,-0.12814349,-0.10945694,-0.15354978,-0.09238048,-0.20963459,-0.15359835,-0.1568301,-0.12839982,-0.15352839,-0.16015086,-0.1553517,-0.15360263,-0.19704957,-0.20616047,-0.1278621,-0.10460003,-0.11361031,-0.10256614,-0.15359537,-0.19495486,-0.15357187,-0.12833348,-0.15344581,-0.041086134,-0.12967405,-0.15360138,-0.2300741,-0.15358067,-0.10384405,-0.15221657,-0.0784167,-0.15346274,-0.12766197,-0.15348232,-0.121451,-0.075820275,-0.09192432,-0.101488546,-0.15334174,-0.15682086,-0.12378413,-0.15344891,-0.1410757,-0.13984437,-0.18093297,-0.15360379,-0.25777104,-0.12844054,-0.15351525,-0.13462572,-0.119081676,-0.15357527,-0.15690894,-0.15691054,-0.15691163,-0.19755594,-0.25103784,-0.20219928,-0.19465852,-0.24831252,-0.20506537,-0.22091979,-0.15358913,-0.12859869,-0.11956477,-0.15358454,-0.15690538,-0.20931396,-0.18224281,-0.15357587,-0.32474133,-0.15360197,-0.1569142,-0.15691313,-0.15691277,-0.2185038,-0.15357502,-0.114121355,-0.15357801,-0.15689935,-0.15690559,-0.22984435,-0.1535959,-0.15688816,-0.08963354,-0.15349746,-0.1568669,-0.15688379,-0.15688528,-0.13302092,-0.1051107,-0.14014931,-0.15141064,-0.15839578,-0.15615125,-0.14613561,-0.15359242,-0.12319561,-0.12895143,-0.15355754,-0.15691403,-0.15691358,-0.15691358,-0.15691406,-0.38518023,-0.11451449,-0.1535649,-0.15564899,-0.14443555,-0.16636807,-0.15359744,-0.15683904,-0.12993515,-0.047159404,-0.14786753,-0.14016809,-0.14106366,-0.1534586,-0.19987361,-0.1649412,-0.17166539,-0.15357623,-0.15687367,-0.12722544,-0.14610182,-0.2588673,-0.12875955,-0.15348032,-0.09132757,-0.12832497,-0.13684332,-0.16221203,-0.15659244,-0.12819609,-0.15335423,-0.15682343,-0.15687034,-0.15690258,-0.15740095,-0.19795567,-0.15106063,-0.07294749,-0.2039893,-0.15356553,-0.15686901,-0.104459345,-0.15322503,-0.17466888,-0.13176009,-0.15357272,-0.15109587,-0.10913184,-0.15341511,-0.05825615,-0.14326635,-0.17082691,-0.1535138,-0.18883844,-0.15360303,-0.31316653,-0.15359357,-0.16808087,-0.14331596,-0.15359567,-0.15691072,-0.25088155,-0.15360339,-0.22115314,-0.07562123,-0.086852394,-0.10702289,-0.060967896,-0.14716244,-0.16796505,-0.15746465,-0.22133875,-0.12812386,-0.0969081,-0.16398169,-0.12716047,-0.11335766,-0.18846886,-0.12894478,-0.17755464,-0.0994983,-0.115196005,-0.153515,-0.11662802,-0.19749595,-0.14526704,-0.12781724,-0.096878245,-0.15351528,-0.1567238,-0.12434345,-0.11230643,-0.063823454,-0.15344773,-0.11419349,-0.10007019,-0.24483351,-0.15360391,-0.1569027,-0.16344379,-0.1759062,-0.12524253,-0.1535898,-0.0782174,-0.19187105,-0.18185812,-0.09859173,-0.11065883,-0.15327683,-0.15660237,-0.083404,-0.1213824,-0.13072303,-0.13855581,-0.19385117,-0.15356797,-0.15690771,-0.19487974,-0.23847799,-0.2432746,-0.12862635,-0.1534062,-0.15688007,-0.14520228,-0.2961179,-0.1536032,-0.19813283,-0.12885207,-0.15354142,-0.060104962,-0.15931924,-0.15360147,-0.2028091,-0.2868003,-0.11816878,-0.14795661,-0.10060286,-0.1534513,-0.13614628,-0.20725825,-0.17393659,-0.125103,-0.15657571,-0.15690626,-0.15360013,-0.15691005,-0.16221246,-0.22200036,-0.12901372,-0.2814266,-0.1536043,-0.1915083,-0.24371436,-0.16952515,-0.15352035,-0.13369927,-0.12557748,-0.1535971,-0.18106565,-0.15360406,-0.18642783,-0.15354937,-0.30462334,-0.15349619,-0.14691104,-0.13029914,-0.15359154,-0.15689816,-0.18915205,-0.12893745,-0.1535964,-0.10481856,-0.1650517,-0.15359424,-0.156912,-0.15688384,-0.12854363,-0.15350258,-0.15687914,-0.15687037,-0.15688151,-0.1568895,-0.16505513,-0.17392421,-0.15358987,-0.15690506,-0.15689526,-0.15690556,-0.2025511,-0.15354379,-0.14723541,-0.15262367,-0.11499533,-0.10471026,-0.11893196,-0.1535934,-0.15683693,-0.12889859,-0.19501048,-0.15360098,-0.18738703,-0.11705899,-0.17429145,-0.15359168,-0.06652963,-0.15335643,-0.10737923,-0.124497145,-0.15298569,-0.052188452,-0.26007295
k__Bacteria|p__Actinobacteria|c__Coriobacteriia|o__Eggerthellales|f__Eggerthellaceae|g__Slackia|s__Slackia_isoflavoniconvertens,-0.1004395,-0.12316422,-0.15412098,-0.15739833,-0.15739858,-0.23867357,-0.1666669,-0.16813041,-0.10929718,-0.22895765,-0.23728925,-0.15412559,-0.22850217,-0.3768707,-0.08556121,-0.15373376,-0.058144663,-0.153613,-0.15733865,-0.19931981,-0.1978925,-0.12959224,-0.15409173,-0.12711628,-0.20043859,-0.11658599,-0.182019,-0.25032333,-0.1509206,-0.15409641,-0.15142563,-0.10844302,-0.18249588,-0.28454733,-0.15411259,-0.1297801,-0.15412329,-0.22338755,-0.15412596,-0.29867563,-0.154126,-0.29356226,-0.12908141,-0.1539835,-0.13691942,-0.15412068,-0.23188588,-0.24781659,-0.1296162,-0.1297859,-0.24679694,-0.18279888,-0.25087595,-0.26027086,-0.28621647,-0.27511892,-0.11894142,-0.15404242,-0.040142577,-0.056944285,-0.1534313,-0.11274739,-0.13743341,-0.1296712,-0.15410507,-0.15739408,-0.15739837,-0.157399,-0.27573854,-0.15408698,-0.1296734,-0.16243835,-0.12334165,-0.14074792,-0.15409327,-0.15887658,-0.14481027,-0.1297645,-0.18691605,-0.14998752,-0.15411443,-0.15737806,-0.15738878,-0.1573237,-0.120334074,-0.13700745,-0.08858878,-0.15410873,-0.19008024,-0.15411942,-0.2004665,-0.11139822,-0.1388583,-0.13027036,-0.1074974,-0.15152657,-0.15402728,-0.15708616,-0.10065024,-0.08152827,-0.09427856,-0.15407452,-0.11960925,-0.15027548,-0.16982608,-0.1185138,-0.15409046,-0.15739256,-0.17738779,-0.15176103,-0.15412214,-0.25953975,-0.17989698,-0.13525523,-0.15411949,-0.15095688,-0.17780018,-0.2009549,-0.15409914,-0.09015879,-0.1538392,-0.12151222,-0.121854745,-0.13997786,-0.21433522,-0.13908121,-0.16057305,-0.15405133,-0.07092635,-0.15351981,-0.15665591,-0.18733518,-0.15387397,-0.12965333,-0.12334781,-0.14100276,-0.15408087,-0.114095174,-0.25318068,-0.26654312,-0.12889346,-0.10945694,-0.15407239,-0.09238048,-0.20963459,-0.1541197,-0.15731692,-0.12916327,-0.15405154,-0.16015086,-0.1553517,-0.15412384,-0.19704957,-0.20616047,-0.12857565,-0.10460003,-0.11361031,-0.10256614,-0.1541168,-0.19495486,-0.15409353,-0.12907638,-0.15397114,-0.041086134,-0.12967405,-0.15412262,-0.2300741,-0.15410222,-0.10384405,-0.15276942,-0.0784167,-0.15398763,-0.12766197,-0.15400666,-0.121451,-0.075820275,-0.09192432,-0.101488546,-0.15386897,-0.15730876,-0.12378413,-0.15396649,-0.1410757,-0.13984437,-0.18093297,-0.15412499,-0.25777104,-0.12844054,-0.15403657,-0.13462572,-0.119081676,-0.15409726,-0.15739451,-0.15739611,-0.15739715,-0.19755594,-0.25103784,-0.20219928,-0.19465852,-0.24831252,-0.20506537,-0.22091979,-0.15411064,-0.12936948,-0.11956477,-0.15410624,-0.15739107,-0.20931396,-0.18224281,-0.15409729,-0.32474133,-0.15412322,-0.15739965,-0.15739863,-0.15739828,-0.2185038,-0.15409636,-0.114121355,-0.15409994,-0.15738523,-0.15739131,-0.22984435,-0.15411732,-0.15737358,-0.08963354,-0.15402126,-0.15735361,-0.15737009,-0.1573715,-0.13302092,-0.1051107,-0.14014931,-0.15141064,-0.15839578,-0.15615125,-0.14613561,-0.1541139,-0.12319561,-0.12973838,-0.15408006,-0.15739948,-0.15739904,-0.15739906,-0.15739954,-0.38518023,-0.11451449,-0.15408716,-0.15564899,-0.14443555,-0.16636807,-0.15411884,-0.15732627,-0.12993515,-0.047159404,-0.14855596,-0.14016809,-0.14106366,-0.15398392,-0.19987361,-0.1649412,-0.17166539,-0.15409818,-0.1573602,-0.12722544,-0.14610182,-0.2588673,-0.12953937,-0.15400434,-0.09132757,-0.12832497,-0.13684332,-0.16221203,-0.15659244,-0.12894385,-0.15388128,-0.1573112,-0.15735695,-0.15738833,-0.15740095,-0.19795567,-0.15106063,-0.07294749,-0.2039893,-0.15408775,-0.15735564,-0.104459345,-0.15371524,-0.17466888,-0.13176009,-0.15409476,-0.15109587,-0.10913184,-0.15393975,-0.05825615,-0.14326635,-0.17082691,-0.15403745,-0.18883844,-0.15412426,-0.31316653,-0.15411505,-0.16808087,-0.14331596,-0.15411708,-0.15739626,-0.25088155,-0.1541246,-0.22115314,-0.07562123,-0.086852394,-0.10702289,-0.060967896,-0.1478677,-0.16796505,-0.15746465,-0.22133875,-0.12812386,-0.0969081,-0.16398169,-0.12716047,-0.11335766,-0.18846886,-0.12973121,-0.17755464,-0.0994983,-0.115196005,-0.15403858,-0.11662802,-0.19749595,-0.14526704,-0.12781724,-0.096878245,-0.15403867,-0.15721396,-0.12434345,-0.11230643,-0.063823454,-0.15397261,-0.11419349,-0.10007019,-0.24483351,-0.1541251,-0.15738839,-0.16344379,-0.1759062,-0.12524253,-0.15411139,-0.0782174,-0.19187105,-0.18185812,-0.09859173,-0.11065883,-0.15380652,-0.15709588,-0.083404,-0.1213824,-0.13072303,-0.13855581,-0.19385117,-0.15409017,-0.15739335,-0.19487974,-0.23847799,-0.2432746,-0.12940924,-0.15393236,-0.15736644,-0.14520228,-0.2961179,-0.15412441,-0.19813283,-0.12963524,-0.1540642,-0.060104962,-0.15931924,-0.15412274,-0.2028091,-0.2868003,-0.11816878,-0.14795661,-0.10060286,-0.15397638,-0.13614628,-0.20725825,-0.17393659,-0.125103,-0.15657571,-0.15690626,-0.15412141,-0.15739562,-0.16221246,-0.22200036,-0.1298004,-0.2814266,-0.15412548,-0.1915083,-0.24371436,-0.16952515,-0.15404165,-0.13369927,-0.12557748,-0.15411848,-0.18106565,-0.15412524,-0.18642783,-0.15407127,-0.30462334,-0.15402043,-0.14691104,-0.13029914,-0.15411308,-0.15738405,-0.18915205,-0.12972395,-0.15411778,-0.10481856,-0.1650517,-0.15411568,-0.15739752,-0.15736979,-0.12932572,-0.15402634,-0.15736553,-0.15735692,-0.15736781,-0.15737554,-0.16505513,5.379269,-0.15411144,-0.15739076,-0.15738125,-0.15739125,-0.2025511,6.0979824,-0.14723541,-0.15317276,-0.11499533,-0.10471026,-0.11893196,-0.1541149,-0.15732339,-0.12968557,-0.19501048,-0.15412223,-0.18738703,-0.11705899,-0.17429145,-0.15411298,-0.06652963,-0.15388311,-0.10737923,-0.124497145,-0.15298569,-0.052188452,-0.26007295
k__Bacteria|p__Actinobacteria|c__Actinomycetia|o__Bifidobacteriales|f__Bifidobacteriaceae|g__Bifidobacterium|s__Bifidobacterium_tsurumiense,-0.1004395,-0.12316422,-0.15423223,-0.15751794,-0.15751824,-0.23867357,-0.1666669,-0.16813041,-0.10929718,-0.22895765,-0.23728925,-0.1542375,-0.22850217,-0.3768707,-0.08556121,-0.15380026,-0.058144663,-0.15365487,-0.15744998,-0.19931981,-0.1978925,-0.12963182,-0.15419891,-0.12711628,-0.20043859,-0.11658599,-0.182019,-0.25032333,-0.1509206,-0.15420422,-0.15142563,-0.10844302,-0.18249588,-0.28454733,-0.15422307,-0.12983026,-0.15423487,-0.22338755,-0.15423788,-0.29867563,-0.15423796,-0.29356226,-0.12910298,-0.15407594,-0.13691942,-0.15423188,-0.23188588,-0.24781659,-0.1296162,-0.12983663,-0.24679694,-0.18279888,-0.25087595,-0.26027086,-0.28621647,-0.27511892,-0.11894142,-0.15414312,-0.040142577,-0.056944285,-0.15344435,-0.11274739,-0.13743341,-0.12971455,-0.15421411,-0.15751313,-0.157518,-0.1575187,-0.27573854,-0.15419471,-0.12971619,-0.16243835,-0.12334165,-0.14074792,-0.15420058,-0.15887658,-0.14481027,-0.12981386,-0.18691605,-0.14998752,-0.15422475,-0.1574948,-0.15750706,-0.15743555,-0.120334074,-0.13700745,-0.08858878,-0.15421827,-0.19008024,-0.15423045,-0.2004665,-0.11139822,-0.1388583,-0.13027036,-0.1074974,-0.15152657,-0.15412545,-0.15719116,-0.10065024,-0.08152827,-0.09427856,-0.15417933,-0.11960925,-0.15027548,-0.16982608,-0.1185138,-0.15419742,-0.15751137,-0.17738779,-0.15176103,-0.15423357,-0.25953975,-0.17989698,-0.13525523,-0.15423054,-0.15095688,-0.17780018,-0.2009549,-0.15420818,-0.09015879,-0.15391164,-0.12151222,-0.121854745,-0.13997786,-0.21433522,-0.13908121,-0.16057305,-0.15415291,-0.07092635,-0.1535511,-0.15667102,-0.18733518,-0.15395203,-0.12970337,-0.12334781,-0.14100276,-0.1541864,-0.114095174,-0.25318068,-0.26654312,-0.12892877,-0.10945694,-0.15417682,-0.09238048,-0.20963459,-0.15423077,-0.1574262,-0.12919785,-0.15415326,-0.16015086,-0.1553517,-0.15423551,-0.19704957,-0.20616047,-0.1286156,-0.10460003,-0.11361031,-0.10256614,-0.15422744,-0.19495486,-0.15420154,-0.12912695,-0.15406176,-0.041086134,4.044782,-0.15423411,3.197209,-0.15421107,-0.10384405,-0.15270436,-0.0784167,-0.1540806,-0.12766197,-0.15410201,-0.121451,-0.075820275,-0.09192432,-0.101488546,-0.15394652,-0.15741594,-0.12378413,-0.15406771,-0.1410757,-0.13984437,-0.18093297,-0.1542368,-0.25777104,-0.12844054,-0.15413913,-0.13462572,-0.119081676,-0.15420517,-0.15751362,-0.1575154,-0.1575166,-0.19755594,-0.25103784,-0.20219928,-0.19465852,-0.24831252,-0.20506537,-0.22091979,-0.15422054,-0.12941027,-0.11956477,-0.15421543,-0.15750968,-0.20931396,-0.18224281,-0.15420587,-0.32474133,-0.15423477,-0.15751946,-0.1575183,-0.15751788,-0.2185038,-0.154205,-0.114121355,-0.15420821,-0.157503,-0.15750991,-0.22984435,-0.15422805,-0.15749076,-0.08963354,-0.15411896,-0.15746693,-0.15748571,-0.15748732,-0.13302092,-0.1051107,-0.14014931,-0.15141064,-0.15839578,-0.15615125,-0.14613561,-0.15422416,-0.12319561,-0.12978405,-0.15418549,-0.15751927,-0.15751877,-0.15751877,-0.15751931,-0.38518023,-0.11451449,-0.15419364,-0.15564899,-0.14443555,-0.16636807,-0.15422976,-0.15743603,-0.12993515,-0.047159404,-0.14787403,-0.14016809,-0.14106366,-0.15407562,-0.19987361,-0.1649412,-0.17166539,-0.15420619,-0.15747441,-0.12722544,-0.14610182,-0.2588673,-0.12958333,-0.15410013,-0.09132757,-0.12832497,-0.13684332,-0.16221203,-0.15659244,-0.12898938,-0.15396082,-0.15741879,-0.15747076,-0.15750656,-0.15740095,-0.19795567,-0.15106063,-0.07294749,-0.2039893,-0.15419433,-0.15746933,-0.104459345,-0.15385008,-0.17466888,-0.13176009,-0.15420225,-0.15109587,-0.10913184,-0.15402833,-0.05825615,-0.14326635,-0.17082691,-0.15413693,-0.18883844,-0.15423596,-0.31316653,-0.15422544,-0.16808087,-0.14331596,-0.15422778,-0.1575156,-0.25088155,-0.15423635,-0.22115314,-0.07562123,-0.086852394,-0.10702289,-0.060967896,-0.14709054,-0.16796505,-0.15746465,-0.22133875,-0.12812386,-0.0969081,-0.16398169,-0.12716047,-0.11335766,-0.18846886,-0.1297775,-0.17755464,-0.0994983,-0.115196005,-0.1541383,-0.11662802,-0.19749595,-0.14526704,-0.12781724,-0.096878245,-0.15413861,-0.15730846,-0.12434345,-0.11230643,-0.063823454,-0.15406395,-0.11419349,-0.10007019,-0.24483351,-0.15423693,-0.1575067,-0.16344379,-0.1759062,-0.12524253,-0.15422127,-0.0782174,-0.19187105,-0.18185812,-0.09859173,-0.11065883,-0.15387434,-0.15717381,-0.083404,-0.1213824,-0.13072303,-0.13855581,-0.19385117,-0.15419704,-0.15751225,-0.19487974,-0.23847799,-0.2432746,-0.12943208,-0.15401778,-0.15748157,-0.14520228,-0.2961179,-0.15423614,-0.19813283,-0.12967885,-0.15416773,-0.060104962,-0.15931924,-0.15423423,-0.2028091,-0.2868003,-0.11816878,-0.14795661,-0.10060286,-0.15406762,-0.13614628,-0.20725825,-0.17393659,-0.125103,-0.15657571,-0.15690626,-0.15423274,-0.15751486,-0.16221246,-0.22200036,-0.12985267,-0.2814266,-0.15423736,-0.1915083,-0.24371436,-0.16952515,-0.15414447,-0.13369927,-0.12557748,-0.15422937,-0.18106565,-0.15423709,-0.18642783,-0.15417641,-0.30462334,-0.1541174,-0.14691104,-0.13029914,-0.15422322,-0.15750162,-0.18915205,-0.12976936,-0.1542286,-0.10481856,-0.1650517,-0.1542262,-0.15751702,-0.15748572,-0.12934962,-0.15412456,-0.15748055,-0.15747079,-0.1574832,-0.15749206,-0.16505513,-0.17392421,-0.15422136,-0.1575093,-0.15749843,-0.15750986,-0.2025511,-0.15354379,-0.14723541,-0.15314952,-0.11499533,-0.10471026,-0.11893196,-0.15422527,-0.15743367,-0.12972718,-0.19501048,-0.15423366,-0.18738703,-0.11705899,-0.17429145,-0.15422341,-0.06652963,-0.15396331,-0.10737923,-0.124497145,-0.15298569,-0.052188452,-0.26007295
k__Bacteria|p__Actinobacteria|c__Coriobacteriia|o__Eggerthellales|f__Eggerthellaceae|g__Slackia|s__Slackia_piriformis,-0.1004395,-0.12316422,-0.15312397,-0.15638202,-0.15638228,-0.23867357,-0.1666669,-0.16813041,-0.10929718,-0.22895765,-0.23728925,-0.15312818,-0.22850217,-0.3768707,-0.08556121,-0.15277106,-0.058144663,-0.15265343,-0.15632732,-0.19931981,-0.1978925,-0.12876092,-0.153097,-0.12711628,-0.20043859,-0.11658599,-0.182019,-0.25032333,-0.1509206,-0.15310149,-0.15142563,-0.10844302,-0.18249588,-0.28454733,-0.15311658,-0.1289261,-0.15312606,-0.22338755,-0.1531285,-0.29867563,-0.15312856,-0.29356226,-0.12831566,-0.15299872,-0.13691942,-0.15312365,-0.23188588,-0.24781659,-0.1296162,-0.12893152,-0.24679694,-0.18279888,-0.25087595,-0.26027086,4.4584875,4.6772857,-0.11894142,-0.15305188,-0.040142577,-0.056944285,-0.1524915,-0.11274739,-0.13743341,-0.12883113,-0.15310946,-0.15637814,-0.15638208,-0.15638265,-0.27573854,-0.15309389,-0.12883206,-0.16243835,-0.12334165,-0.14074792,-0.15309837,-0.15887658,-0.14481027,-0.1289126,-0.18691605,-0.14998752,-0.15311791,-0.15636338,-0.15637334,-0.15631616,-0.120334074,-0.13700745,-0.08858878,-0.15311266,-0.19008024,-0.1531225,-0.2004665,-0.11139822,-0.1388583,-0.13027036,-0.1074974,-0.15152657,-0.15303755,-0.15611245,-0.10065024,-0.08152827,-0.09427856,-0.1530811,-0.11960925,-0.15027548,-0.16982608,-0.1185138,-0.15309605,-0.15637672,-0.17738779,-0.15176103,-0.15312502,-0.25953975,-0.17989698,-0.13525523,-0.15312254,-0.15095688,-0.17780018,-0.2009549,-0.15310487,-0.09015879,-0.15286374,-0.12151222,-0.121854745,-0.13997786,-0.21433522,-0.13908121,-0.16057305,-0.15305969,-0.07092635,-0.15257215,-0.1557062,-0.18733518,-0.15290111,-0.12882099,-0.12334781,-0.14100276,-0.15308696,-0.114095174,-0.25318068,-0.26654312,-0.12816752,-0.10945694,-0.15307909,-0.09238048,-0.20963459,-0.15312275,-0.15630907,-0.12839513,-0.15306032,-0.16015086,-0.1553517,-0.15312657,-0.19704957,-0.20616047,-0.12790719,-0.10460003,-0.11361031,-0.10256614,-0.15312004,-0.19495486,-0.15309912,-0.12833153,-0.15298553,-0.041086134,-0.12967405,-0.1531255,-0.2300741,-0.15310703,-0.10384405,-0.15188527,-0.0784167,-0.15300155,-0.12766197,-0.15301862,-0.121451,-0.075820275,-0.09192432,-0.101488546,-0.15289271,-0.15629935,-0.12378413,-0.15298977,-0.1410757,-0.13984437,-0.18093297,-0.15312763,-0.25777104,-0.12844054,-0.15304875,-0.13462572,-0.119081676,-0.15310195,-0.15637854,-0.15637998,-0.15638095,-0.19755594,-0.25103784,-0.20219928,-0.19465852,-0.24831252,-0.20506537,-0.22091979,-0.15311468,-0.12857494,-0.11956477,-0.15311031,-0.15637538,-0.20931396,-0.18224281,-0.15310279,-0.32474133,-0.15312599,-0.15638326,-0.15638232,-0.15638198,-0.2185038,-0.15310222,-0.114121355,-0.15310477,-0.1563702,-0.15637559,-0.22984435,-0.15312052,-0.15636037,-0.08963354,-0.15303266,-0.15634063,-0.15635619,-0.15635717,-0.13302092,-0.1051107,-0.14014931,-0.15141064,-0.15839578,-0.15615125,-0.14613561,-0.15311736,-0.12319561,-0.12888855,-0.15308659,-0.1563831,-0.1563827,-0.15638271,-0.15638313,-0.38518023,-0.11451449,-0.15309286,-0.15564899,-0.14443555,-0.16636807,-0.153122,-0.15631703,-0.12993515,-0.047159404,-0.14804402,-0.14016809,-0.14106366,-0.15299788,-0.19987361,-0.1649412,-0.17166539,-0.15310289,-0.15634659,-0.12722544,-0.14610182,-0.2588673,-0.12871851,-0.15301678,-0.09132757,-0.12832497,-0.13684332,-0.16221203,-0.15659244,-0.12821439,-0.15290526,-0.15630189,-0.15634385,-0.15637283,-0.15740095,-0.19795567,-0.15106063,-0.07294749,-0.2039893,-0.15309356,-0.15634248,-0.104459345,-0.15279037,-0.17466888,-0.13176009,-0.15309954,-0.15109587,-0.10913184,-0.15295863,-0.05825615,-0.14326635,-0.17082691,-0.15304726,-0.18883844,-0.15312696,-0.31316653,-0.1531187,-0.16808087,-0.14331596,-0.15312034,-0.15638018,-0.25088155,-0.15312728,-0.22115314,-0.07562123,-0.086852394,-0.10702289,-0.060967896,-0.1474132,-0.16796505,-0.15746465,-0.22133875,-0.12812386,-0.0969081,-0.16398169,-0.12716047,-0.11335766,-0.18846886,-0.12888256,-0.17755464,-0.0994983,-0.115196005,-0.15304822,-0.11662802,-0.19749595,-0.14526704,-0.12781724,-0.096878245,-0.15304786,-0.15621243,-0.12434345,-0.11230643,-0.063823454,-0.15298778,-0.11419349,-0.10007019,-0.24483351,-0.15312771,-0.15637311,-0.16344379,-0.1759062,-0.12524253,-0.15311506,-0.0782174,-0.19187105,-0.18185812,-0.09859173,-0.11065883,-0.15283376,-0.15610346,-0.083404,-0.1213824,-0.13072303,-0.13855581,-0.19385117,-0.1530958,-0.15637745,-0.19487974,-0.23847799,-0.2432746,-0.12859398,-0.1529505,-0.15635279,-0.14520228,-0.2961179,-0.1531271,-0.19813283,-0.12880044,-0.15307203,-0.060104962,-0.15931924,-0.15312558,-0.2028091,-0.2868003,-0.11816878,-0.14795661,-0.10060286,-0.1529916,-0.13614628,-0.20725825,-0.17393659,-0.125103,-0.15657571,-0.15690626,-0.15312438,-0.15637954,-0.16221246,-0.22200036,-0.1289446,-0.2814266,-0.15312809,-0.1915083,-0.24371436,-0.16952515,-0.1530536,-0.13369927,-0.12557748,-0.15312168,-0.18106565,-0.15312788,-0.18642783,-0.1530796,-0.30462334,-0.15303203,-0.14691104,-0.13029914,-0.15311669,-0.15636884,-0.18915205,-0.1288758,-0.153121,-0.10481856,-0.1650517,-0.15311915,-0.1563813,-0.1563565,-0.1285231,-0.15303668,-0.15635209,-0.1563441,-0.15635416,-0.1563611,-0.16505513,-0.17392421,-0.15311524,-0.15637505,-0.15636635,-0.1563755,-0.2025511,-0.15354379,-0.14723541,-0.15225959,-0.11499533,-0.10471026,-0.11893196,-0.15311836,-0.15631472,-0.12884067,-0.19501048,-0.15312514,-0.18738703,-0.11705899,-0.17429145,-0.15311691,-0.06652963,-0.15290526,-0.10737923,-0.124497145,-0.15298569,-0.052188452,-0.26007295
k__Bacteria|p__Actinobacteria|c__Actinomycetia|o__Actinomycetales|f__Actinomycetaceae|g__Actinomyces|s__Actinomyces_urogenitalis,-0.1004395,-0.12316422,-0.15525514,-0.15860683,-0.15860718,-0.23867357,-0.1666669,-0.16813041,-0.10929718,-0.22895765,-0.23728925,-0.15526122,-0.22850217,-0.3768707,-0.08556121,-0.15474892,-0.058144663,-0.15459016,-0.15852813,-0.19931981,-0.1978925,-0.13013344,-0.1552167,-0.12711628,-0.20043859,-0.11658599,-0.182019,-0.25032333,-0.1509206,-0.15522277,-0.15142563,-0.10844302,-0.18249588,-0.28454733,-0.15524445,-0.1303635,-0.1552582,-0.22338755,-0.15526168,-0.29867563,-0.15526175,-0.29356226,-0.12952283,-0.15507412,-0.13691942,-0.15525475,-0.23188588,-0.24781659,-0.1296162,-0.13037097,-0.24679694,-0.18279888,-0.25087595,-0.26027086,-0.28621647,-0.27511892,-0.11894142,-0.15515214,-0.040142577,-0.056944285,-0.15434626,-0.11274739,-0.13743341,-0.1302302,-0.15523416,-0.15860128,-0.15860689,-0.15860769,-0.27573854,-0.15521094,-0.13023143,-0.16243835,-0.12334165,-0.14074792,-0.15521875,-0.15887658,-0.14481027,-0.13034476,-0.18691605,-0.14998752,-0.1552465,-0.15858015,-0.15859424,-0.15850979,-0.120334074,-0.13700745,-0.08858878,-0.15523908,-0.19008024,-0.15525311,-0.2004665,-0.11139822,-0.1388583,-0.13027036,-0.1074974,-0.15152657,-0.15513226,-0.15821129,-0.10065024,-0.08152827,-0.09427856,-0.15519416,-0.11960925,-0.15027548,-0.16982608,-0.1185138,-0.15521482,-0.15859924,-0.17738779,-0.15176103,-0.15525669,-0.25953975,-0.17989698,-0.13525523,-0.1552532,-0.15095688,-0.17780018,-0.2009549,-0.1552267,-0.09015879,-0.15488607,-0.12151222,-0.121854745,-0.13997786,-0.21433522,-0.13908121,-0.16057305,-0.1551638,-0.07092635,-0.15446606,-0.15762661,-0.18733518,-0.1549287,-0.13021639,-0.12334781,-0.14100276,-0.15520242,-0.114095174,-0.25318068,-0.26654312,-0.12931585,-0.10945694,-0.15519138,-0.09238048,-0.20963459,-0.15525347,-0.15849857,-0.12963311,-0.15516339,-0.16015086,-0.1553517,-0.15525892,-0.19704957,-0.20616047,-0.12894213,-0.10460003,-0.11361031,-0.10256614,-0.15524967,-0.19495486,-0.15521938,-0.1295378,-0.15505844,-0.041086134,-0.12967405,-0.15525731,-0.2300741,-0.1552305,-0.10384405,-0.1534791,-0.0784167,-0.15507911,-0.12766197,-0.15510496,-0.121451,-0.075820275,-0.09192432,-0.101488546,-0.15492561,-0.15848932,-0.12378413,-0.15505683,-0.1410757,-0.13984437,-0.18093297,-0.15526043,-0.25777104,-0.12844054,-0.15514538,-0.13462572,-0.119081676,-0.155224,-0.15860182,-0.15860389,-0.15860528,-0.19755594,-0.25103784,-0.20219928,-0.19465852,-0.24831252,-0.20506537,-0.22091979,-0.15524152,-0.12987894,-0.11956477,-0.15523583,-0.15859729,-0.20931396,-0.18224281,-0.15522408,-0.32474133,-0.15525809,-0.15860859,-0.15860724,-0.15860677,-0.2185038,-0.15522256,-0.114121355,-0.15522724,-0.15858948,-0.15859753,-0.22984435,-0.15525034,-0.15857393,-0.08963354,-0.15512389,-0.15854816,-0.1585696,-0.15857166,-0.13302092,-0.1051107,-0.14014931,-0.15141064,-0.15839578,-0.15615125,-0.14613561,-0.1552459,-0.12319561,-0.13031031,-0.15520115,-0.15860835,-0.15860777,-0.15860778,-0.1586084,-0.38518023,-0.11451449,-0.15521067,-0.15564899,-0.14443555,-0.16636807,-0.1552523,-0.15851161,-0.12993515,-0.047159404,-0.14789793,-0.14016809,-0.14106366,-0.15507469,-0.19987361,-0.1649412,-0.17166539,-0.1552252,-0.15855691,-0.12722544,-0.14610182,-0.2588673,-0.13007714,-0.15510261,-0.09132757,-0.12832497,-0.13684332,-0.16221203,-0.15659244,-0.12938249,-0.1549398,-0.15849248,-0.1585525,-0.1585937,-0.15740095,-0.19795567,-0.15106063,-0.07294749,-0.2039893,-0.15521139,-0.15855086,-0.104459345,-0.1547665,-0.17466888,-0.13176009,-0.15522079,-0.15109587,-0.10913184,-0.15501769,-0.05825615,-0.14326635,-0.17082691,-0.15514523,-0.18883844,-0.15525945,-0.31316653,-0.15524727,-0.16808087,-0.14331596,-0.15525003,-0.15860409,-0.25088155,-0.1552599,-0.22115314,-0.07562123,-0.086852394,-0.10702289,4.338559,-0.14700389,-0.16796505,-0.15746465,-0.22133875,-0.12812386,-0.0969081,-0.16398169,-0.12716047,-0.11335766,-0.18846886,-0.13030264,-0.17755464,-0.0994983,-0.115196005,-0.1551468,-0.11662802,-0.19749595,-0.14526704,-0.12781724,-0.096878245,-0.15514734,-0.1583651,-0.12434345,-0.11230643,-0.063823454,-0.15506041,-0.11419349,-0.10007019,-0.24483351,-0.15526056,-0.15859364,-0.16344379,-0.1759062,-0.12524253,-0.15524255,-0.0782174,-0.19187105,-0.18185812,-0.09859173,-0.11065883,-0.1548428,-0.15820986,-0.083404,-0.1213824,-0.13072303,-0.13855581,-0.19385117,-0.15521449,-0.15860027,-0.19487974,-0.23847799,-0.2432746,-0.12989849,-0.15500765,-0.15856484,-0.14520228,-0.2961179,-0.15525967,-0.19813283,-0.1301878,-0.15518048,-0.060104962,-0.15931924,-0.15525743,-0.2028091,-0.2868003,-0.11816878,-0.14795661,-0.10060286,-0.15506503,-0.13614628,-0.20725825,-0.17393659,-0.125103,-0.15657571,-0.15690626,-0.1552557,-0.15860328,-0.16221246,-0.22200036,-0.13038948,-0.2814266,-0.15526107,-0.1915083,-0.24371436,-0.16952515,-0.15515108,-0.13369927,-0.12557748,-0.15525183,-0.18106565,-0.15526077,-0.18642783,-0.1551897,-0.30462334,-0.15512255,-0.14691104,-0.13029914,-0.15524475,-0.15858805,-0.18915205,-0.1302932,-0.15525097,-0.10481856,-0.1650517,-0.15524817,-0.15860577,-0.15856908,-0.12980339,-0.15513115,-0.1585636,-0.15855236,-0.15856661,-0.15857679,-0.16505513,-0.17392421,-0.15524258,-0.1585969,-0.15858434,-0.15859753,-0.2025511,-0.15354379,-0.14723541,-0.15400347,-0.11499533,-0.10471026,-0.11893196,-0.15524712,-0.158508,-0.13024475,-0.19501048,-0.15525678,-0.18738703,-0.11705899,-0.17429145,-0.1552446,-0.06652963,-0.15494366,-0.10737923,-0.124497145,-0.15298569,-0.052188452,-0.26007295
k__Bacteria|p__Actinobacteria|c__Actinomycetia|o__Actinomycetales|f__Actinomycetaceae|g__Schaalia|s__Schaalia_turicensis,-0.1004395,-0.12316422,-0.15425298,-0.15758559,-0.15758586,-0.23867357,-0.1666669,-0.16813041,-0.10929718,-0.22895765,-0.23728925,-0.15425786,-0.22850217,-0.3768707,-0.08556121,-0.15384683,-0.058144663,-0.1537225,-0.15752265,-0.19931981,-0.1978925,-0.12931001,-0.15422228,-0.12711628,-0.20043859,-0.11658599,-0.182019,-0.25032333,-0.1509206,-0.15422697,-0.15142563,-0.10844302,-0.18249588,-0.28454733,-0.15424412,-0.12950242,-0.15425545,-0.22338755,-0.15425822,-0.29867563,-0.1542583,-0.29356226,-0.12879312,-0.15410718,-0.13691942,-0.15425271,-0.23188588,-0.24781659,-0.1296162,-0.12950827,-0.24679694,-0.18279888,-0.25087595,-0.26027086,-0.28621647,1.8020853,-0.11894142,-0.15417054,-0.040142577,-0.056944285,-0.15352204,-0.11274739,-0.13743341,-0.1293893,-0.15423608,-0.15758115,-0.15758562,-0.15758629,-0.27573854,-0.15421715,-0.12939233,-0.16243835,-0.12334165,-0.14074792,-0.15422386,-0.15887658,-0.14481027,-0.12948667,-0.18691605,-0.14998752,-0.1542461,-0.15756422,-0.15757544,-0.15750632,-0.120334074,-0.13700745,-0.08858878,-0.15424013,-0.19008024,-0.15425137,-0.2004665,-0.11139822,-0.1388583,-0.13027036,-0.1074974,-0.15152657,-0.15415454,-0.1572591,-0.10065024,-0.08152827,-0.09427856,-0.15420426,-0.11960925,-0.15027548,-0.16982608,-0.1185138,-0.15422067,-0.1575795,-0.17738779,-0.15176103,-0.15425423,-0.25953975,-0.17989698,-0.13525523,-0.15425144,-0.15095688,-0.17780018,-0.2009549,-0.1542296,-0.09015879,-0.15395778,-0.12151222,-0.121854745,-0.13997786,-0.21433522,-0.13908121,-0.16057305,-0.15417996,-0.07092635,-0.15362072,-0.15679377,-0.18733518,-0.15398833,-0.12937349,-0.12334781,-0.14100276,-0.1542108,-0.114095174,-0.25318068,-0.26654312,-0.12859604,-0.10945694,-0.15420203,-0.09238048,-0.20963459,-0.15425166,-0.15749878,-0.12886977,-0.15417963,-0.16015086,-0.1553517,-0.15425602,-0.19704957,-0.20616047,-0.12829751,-0.10460003,-0.11361031,-0.10256614,-0.15424865,-0.19495486,-0.15422392,-0.12878273,-0.1540958,-0.041086134,-0.12967405,-0.1542547,-0.2300741,-0.15423308,-0.10384405,-0.15282828,-0.0784167,-0.15411241,-0.12766197,-0.15413272,-0.121451,-0.075820275,-0.09192432,-0.101488546,-0.15398827,-0.15749162,-0.12378413,-0.15409254,-0.1410757,-0.13984437,-0.18093297,-0.15425722,-0.25777104,-0.12844054,-0.154165,-0.13462572,-0.119081676,-0.1542282,-0.1575816,-0.15758324,-0.15758435,-0.19755594,-0.25103784,-0.20219928,-0.19465852,-0.24831252,-0.20506537,-0.22091979,-0.15424198,-0.1290765,-0.11956477,-0.15423758,-0.15757793,-0.20931396,-0.18224281,-0.15422791,-0.32474133,-0.15425536,-0.15758699,-0.15758592,-0.15758555,-0.2185038,-0.1542272,-0.114121355,-0.15423061,-0.15757152,-0.15757817,-0.22984435,-0.15424919,-0.1575596,-0.08963354,-0.15414792,-0.15753883,-0.15755567,-0.15755753,-0.13302092,-0.1051107,-0.14014931,-0.15141064,-0.15839578,-0.15615125,-0.14613561,-0.15424567,-0.12319561,-0.1294587,-0.15420943,-0.15758681,-0.15758634,-0.15758635,-0.15758684,-0.38518023,-0.11451449,-0.15421732,-0.15564899,-0.14443555,-0.16636807,-0.15425068,-0.15750849,-0.12993515,-0.047159404,-0.14831944,-0.14016809,-0.14106366,-0.15410817,-0.19987361,-0.1649412,-0.17166539,-0.15422904,-0.15754582,-0.12722544,-0.14610182,-0.2588673,-0.12925525,-0.15413073,-0.09132757,-0.12832497,-0.13684332,-0.16221203,-0.15659244,-0.12864597,-0.15400027,-0.15749405,-0.1575422,-0.1575751,-0.15740095,-0.19795567,-0.15106063,-0.07294749,-0.2039893,-0.15421778,-0.15754104,-0.104459345,-0.15385023,-0.17466888,-0.13176009,-0.15422565,-0.15109587,-0.10913184,-0.15406239,-0.05825615,-0.14326635,-0.17082691,-0.15416476,-0.18883844,-0.15425643,-0.31316653,-0.15424654,-0.16808087,-0.14331596,-0.1542489,-0.15758339,-0.25088155,-0.15425679,-0.22115314,-0.07562123,-0.086852394,-0.10702289,-0.060967896,-0.14759894,-0.16796505,-0.15746465,-0.22133875,-0.12812386,-0.0969081,-0.16398169,-0.12716047,-0.11335766,-0.18846886,-0.12945153,-0.17755464,-0.0994983,-0.115196005,-0.15416609,-0.11662802,-0.19749595,-0.14526704,-0.12781724,-0.096878245,-0.154167,-0.15739188,-0.12434345,-0.11230643,-0.063823454,-0.15409702,-0.11419349,-0.10007019,-0.24483351,-0.15425733,-0.15757495,-0.16344379,-0.1759062,-0.12524253,-0.15424293,-0.0782174,-0.19187105,-0.18185812,-0.09859173,-0.11065883,-0.15392287,-0.15726754,-0.083404,-0.1213824,-0.13072303,-0.13855581,-0.19385117,-0.15422025,-0.15758036,-0.19487974,-0.23847799,-0.2432746,-0.12911884,-0.15405457,-0.15755188,-0.14520228,-0.2961179,-0.15425661,-0.19813283,-0.12935348,-0.15419295,-0.060104962,-0.15931924,-0.15425482,-0.2028091,-0.2868003,-0.11816878,-0.14795661,-0.10060286,-0.1541001,-0.13614628,-0.20725825,-0.17393659,-0.125103,-0.15657571,-0.15690626,-0.15425345,-0.15758274,-0.16221246,-0.22200036,-0.12952329,-0.2814266,-0.15425774,-0.1915083,-0.24371436,-0.16952515,-0.15416911,-0.13369927,-0.12557748,-0.15425032,-0.18106565,-0.15425749,-0.18642783,-0.15419996,-0.30462334,-0.15414616,-0.14691104,-0.13029914,-0.15424466,-0.1575706,-0.18915205,-0.12944466,-0.15424964,-0.10481856,-0.1650517,-0.15424734,-0.15758473,-0.15755498,-0.12902619,-0.15415372,-0.15755078,-0.15754193,-0.15755329,-0.15756167,-0.16505513,-0.17392421,-0.15424287,-0.15757765,-0.15756755,-0.15757817,-0.2025511,-0.15354379,-0.14723541,-0.15324236,-0.11499533,-0.10471026,-0.11893196,-0.15424657,-0.15750583,-0.1294049,-0.19501048,-0.15425429,-0.18738703,-0.11705899,-0.17429145,-0.15424456,-0.06652963,-0.15400383,-0.10737923,-0.124497145,-0.15298569,-0.052188452,-0.26007295
k__Bacteria|p__Actinobacteria|c__Coriobacteriia|o__Coriobacteriales|f__Coriobacteriaceae|g__Collinsella|s__Collinsella_sp_AF08_23,-0.1004395,-0.12316422,-0.15425517,-0.1575987,-0.15759906,-0.23867357,-0.1666669,-0.16813041,-0.10929718,-0.22895765,-0.23728925,-0.15426181,-0.22850217,-0.3768707,-0.08556121,-0.15371522,-0.058144663,-0.15353248,-0.1575131,-0.19931981,-0.1978925,-0.12918028,-0.15421328,-0.12711628,-0.20043859,-0.11658599,-0.182019,-0.25032333,-0.1509206,-0.15421985,-0.15142563,-0.10844302,-0.18249588,-0.28454733,-0.1542436,-0.12942499,-0.1542585,-0.22338755,-0.1542623,-0.29867563,-0.1542624,-0.29356226,-0.1285366,-0.15405795,-0.13691942,-0.15425473,-0.23188588,-0.24781659,-0.1296162,-0.12943292,-0.24679694,-0.18279888,-0.25087595,-0.26027086,-0.28621647,-0.27511892,-0.11894142,-0.15414321,-0.040142577,-0.056944285,-0.1532613,-0.11274739,-0.13743341,-0.12928194,-0.15423228,-0.15759264,-0.15759875,-0.15759966,-0.27573854,-0.15420774,-0.12928393,-0.16243835,-0.12334165,-0.14074792,-0.15421537,-0.15887658,-0.14481027,-0.12940516,-0.18691605,-0.14998752,-0.15424576,-0.15756956,-0.15758497,-0.15749484,-0.120334074,-0.13700745,-0.08858878,-0.15423763,-0.19008024,-0.15425295,-0.2004665,-0.11139822,-0.1388583,-0.13027036,-0.1074974,-0.15152657,-0.15412095,-0.15718763,-0.10065024,-0.08152827,-0.09427856,-0.15418874,-0.11960925,-0.15027548,-0.16982608,-0.1185138,-0.15421121,-0.15759042,-0.17738779,-0.15176103,-0.15425685,-0.25953975,-0.17989698,-0.13525523,-0.15425304,-0.15095688,-0.17780018,-0.2009549,-0.1542246,-0.09015879,-0.153853,-0.12151222,-0.121854745,-0.13997786,-0.21433522,-0.13908121,-0.16057305,-0.15415561,-0.07092635,-0.15340006,-0.15652764,-0.18733518,-0.15390038,-0.12927173,-0.12334781,-0.14100276,-0.1541976,-0.114095174,-0.25318068,-0.26654312,-0.12831894,-0.10945694,-0.1541856,-0.09238048,-0.20963459,-0.15425333,-0.15748179,-0.12865324,-0.15415575,-0.16015086,-0.1553517,-0.1542593,-0.19704957,-0.20616047,-0.12794112,-0.10460003,-0.11361031,-0.10256614,-0.15424919,-0.19495486,-0.15421636,-0.1285602,-0.15404132,-0.041086134,-0.12967405,-0.15425754,-0.2300741,-0.15422836,-0.10384405,-0.1523367,-0.0784167,-0.15406428,-0.12766197,-0.15409149,-0.121451,-0.075820275,-0.09192432,-0.101488546,-0.15389648,-0.15747063,-0.12378413,-0.15404996,-0.1410757,-0.13984437,-0.18093297,-0.15426095,-0.25777104,-0.12844054,-0.15413766,-0.13462572,-0.119081676,-0.15422124,-0.15759325,-0.15759549,-0.157597,-0.19755594,-0.25103784,-0.20219928,-0.19465852,-0.24831252,-0.20506537,-0.22091979,-0.15424034,-0.1289125,-0.11956477,-0.15423408,-0.15758829,-0.20931396,-0.18224281,-0.15422183,-0.32474133,-0.1542584,-0.15760061,-0.15759912,-0.15759861,-0.2185038,-0.15422073,-0.114121355,-0.15422478,-0.15757975,-0.15758856,-0.22984435,-0.15424994,-0.1575642,-0.08963354,-0.1541126,-0.15753472,-0.15755802,-0.15756032,-0.13302092,-0.1051107,-0.14014931,-0.15141064,-0.15839578,-0.15615125,-0.14613561,-0.15424508,-0.12319561,-0.12936734,-0.15419611,-0.15760036,-0.15759972,-0.15759973,-0.15760042,-0.38518023,-0.11451449,-0.15420654,-0.15564899,-0.14443555,-0.16636807,-0.15425204,-0.15749475,-0.12993515,-0.047159404,-0.14621621,-0.14016809,-0.14106366,-0.15405783,-0.19987361,-0.1649412,-0.17166539,-0.15422244,-0.15754417,7.5013437,7.494981,7.109116,-0.12912339,-0.15408939,-0.09132757,-0.12832497,-0.13684332,-0.16221203,-0.15659244,-0.1283884,-0.15391359,-0.15747407,-0.15753944,-0.15758438,-0.15740095,-0.19795567,-0.15106063,-0.07294749,-0.2039893,-0.1542074,-0.15753773,-0.104459345,-0.15376416,-0.17466888,-0.13176009,-0.15421763,-0.15109587,-0.10913184,-0.15399867,-0.05825615,-0.14326635,-0.17082691,-0.1541351,-0.18883844,-0.15425986,-0.31316653,-0.15424657,-0.16808087,-0.14331596,-0.15424958,-0.15759571,-0.25088155,-0.15426037,-0.22115314,-0.07562123,-0.086852394,-0.10702289,-0.060967896,-0.14523046,-0.16796505,-0.15746465,-0.22133875,-0.12812386,-0.0969081,-0.16398169,-0.12716047,-0.11335766,-0.18846886,-0.12935953,-0.17755464,-0.0994983,-0.115196005,-0.15413693,-0.11662802,-0.19749595,-0.14526704,-0.12781724,-0.096878245,-0.15413776,-0.15733542,-0.12434345,-0.11230643,-0.063823454,-0.15404385,-0.11419349,-0.10007019,-0.24483351,-0.15426108,-0.15758435,-0.16344379,-0.1759062,-0.12524253,-0.15424138,-0.0782174,-0.19187105,-0.18185812,-0.09859173,-0.11065883,-0.15380566,-0.15716621,-0.083404,-0.1213824,-0.13072303,-0.13855581,-0.19385117,-0.15421075,-0.15759152,-0.19487974,-0.23847799,-0.2432746,-0.12892587,-0.15398553,-0.15755287,-0.14520228,-0.2961179,-0.1542601,-0.19813283,-0.12923858,-0.15417391,-0.060104962,-0.15931924,-0.15425767,-0.2028091,-0.2868003,-0.11816878,-0.14795661,-0.10060286,-0.15404779,-0.13614628,-0.20725825,-0.17393659,-0.125103,-0.15657571,-0.15690626,-0.1542558,-0.1575948,-0.16221246,-0.22200036,-0.12945294,-0.2814266,-0.15426165,-0.1915083,-0.24371436,-0.16952515,-0.1541439,-0.13369927,-0.12557748,-0.15425156,-0.18106565,-0.15426132,-0.18642783,-0.15418442,-0.30462334,-0.15411015,-0.14691104,-0.13029914,-0.15424381,-0.15757817,-0.18915205,-0.12934954,-0.15425062,-0.10481856,-0.1650517,-0.15424754,-0.15759754,-0.15755773,-0.1288245,-0.15411997,-0.15755151,-0.15753934,-0.15755484,-0.15756613,-0.16505513,-0.17392421,-0.15424144,-0.15758786,-0.1575741,-0.15758854,-0.2025511,-0.15354379,-0.14723541,-0.15288603,-0.11499533,-0.10471026,-0.11893196,-0.15424643,-0.15749201,-0.12929761,-0.19501048,-0.15425697,-0.18738703,-0.11705899,-0.17429145,-0.15424395,-0.06652963,-0.15391815,-0.10737923,-0.124497145,-0.15298569,-0.052188452,-0.26007295
k__Bacteria|p__Actinobacteria|c__Actinomycetia|o__Corynebacteriales|f__Corynebacteriaceae|g__Corynebacterium|s__Corynebacterium_propinquum,-0.1004395,-0.12316422,-0.15295999,-0.15625304,-0.15625325,-0.23867357,-0.1666669,-0.16813041,-0.10929718,-0.22895765,-0.23728925,-0.15296371,-0.22850217,-0.3768707,-0.08556121,-0.15264577,-0.058144663,-0.15255012,-0.15620469,-0.19931981,-0.1978925,-0.12835374,-0.15293634,-0.12711628,-0.20043859,-0.11658599,-0.182019,-0.25032333,-0.1509206,-0.15294006,2.384166,-0.10844302,1.5584372,-0.28454733,-0.15295324,-0.12850212,-0.15296185,-0.22338755,-0.152964,-0.29867563,-0.15296404,-0.29356226,-0.1279533,-0.15284857,-0.13691942,-0.15295973,-0.23188588,-0.24781659,-0.1296162,-0.12850684,-0.24679694,-0.18279888,-0.25087595,-0.26027086,-0.28621647,-0.27511892,-0.11894142,-0.15289655,-0.040142577,-0.056944285,-0.15240069,-0.11274739,-0.13743341,-0.12841624,-0.15294707,-0.15624964,-0.15625307,-0.15625358,-0.27573854,-0.15293229,-0.12841743,-0.16243835,-0.12334165,-0.14074792,-0.15293759,-0.15887658,-0.14481027,-0.12849018,-0.18691605,-0.14998752,-0.15295467,-0.15623665,-0.15624529,-0.15619195,-0.120334074,-0.13700745,-0.08858878,-0.1529501,-0.19008024,-0.15295874,-0.2004665,-0.11139822,1.8077335,-0.13027036,-0.1074974,-0.15152657,-0.15288433,-0.15599583,-0.10065024,-0.08152827,-0.09427856,-0.15292248,-0.11960925,-0.15027548,-0.16982608,-0.1185138,-0.15293518,-0.15624838,-0.17738779,-0.15176103,-0.15296093,-0.25953975,0.64017993,-0.13525523,-0.15295878,-0.15095688,-0.17780018,-0.2009549,-0.15294212,-0.09015879,-0.15273267,-0.12151222,-0.121854745,-0.13997786,-0.21433522,-0.13908121,-0.16057305,-0.15290377,-0.07092635,-0.1524725,-0.15564905,-0.18733518,-0.15275775,-0.12840553,-0.12334781,-0.14100276,-0.15292758,-0.114095174,-0.25318068,-0.26654312,-0.12780216,-0.10945694,-0.15292077,-0.09238048,-0.20963459,-0.15295896,-0.15618615,-0.12801298,-0.15290357,-0.16015086,-0.1553517,-0.1529623,-0.19704957,-0.20616047,-0.12757172,-0.10460003,-0.11361031,-0.10256614,-0.15295663,-0.19495486,-0.15293762,-0.12795177,-0.15283877,-0.041086134,-0.12967405,-0.15296128,-0.2300741,-0.1529447,2.6735704,-0.15185925,-0.0784167,-0.15285175,-0.12766197,-0.15286756,-0.121451,-0.075820275,-0.09192432,-0.101488546,-0.15275668,-0.15618074,-0.12378413,-0.15283312,-0.1410757,-0.13984437,-0.18093297,-0.15296322,-0.25777104,-0.12844054,-0.15289138,-0.13462572,-0.119081676,-0.15294085,-0.15624997,-0.15625124,-0.15625209,-0.19755594,-0.25103784,-0.20219928,-0.19465852,-0.24831252,-0.20506537,-0.22091979,-0.15295151,-0.12817734,-0.11956477,-0.1529481,-0.15624717,-0.20931396,-0.18224281,-0.15294057,2.4096987,-0.15296179,-0.15625411,-0.1562533,-0.15625301,-0.2185038,-0.1529399,-0.114121355,-0.15294285,-0.15624234,-0.15624735,-0.22984435,-0.15295702,-0.1562329,-0.08963354,-0.15287933,-0.15621701,-0.15623015,-0.15623143,-0.13302092,-0.1051107,-0.14014931,-0.15141064,-0.15839578,-0.15615125,-0.14613561,-0.15295431,-0.12319561,-0.1284688,-0.15292674,-0.15625398,-0.15625362,-0.15625364,-0.15625401,-0.38518023,-0.11451449,-0.15293263,-0.15564899,-0.14443555,-0.16636807,-0.15295821,-0.15619415,-0.12993515,-0.047159404,-0.1484302,-0.14016809,-0.14106366,-0.15284899,-0.19987361,-0.1649412,-0.17166539,-0.15294155,-0.15622237,-0.12722544,-0.14610182,-0.2588673,-0.128312,-0.15286592,-0.09132757,-0.12832497,-0.13684332,-0.16221203,-0.15659244,-0.12783718,-0.1527658,-0.1561827,-0.15621963,-0.15624498,-0.15740095,-0.19795567,-0.15106063,-0.07294749,-0.2039893,-0.15293303,-0.15621865,-0.104459345,-0.15262765,-0.17466888,-0.13176009,-0.15293889,-0.15109587,-0.10913184,-0.15281345,-0.05825615,-0.14326635,-0.17082691,-0.15289235,-0.18883844,-0.15296263,-0.31316653,-0.1529551,-0.16808087,-0.14331596,-0.15295684,-0.15625136,-0.25088155,-0.1529629,-0.22115314,-0.07562123,-0.086852394,-0.10702289,-0.060967896,-0.14787963,-0.16796505,-0.15746465,-0.22133875,-0.12812386,-0.0969081,-0.16398169,-0.12716047,-0.11335766,-0.18846886,-0.12846309,-0.17755464,-0.0994983,-0.115196005,-0.1528933,-0.11662802,-0.19749595,-0.14526704,-0.12781724,-0.096878245,-0.15289372,-0.15610416,-0.12434345,-0.11230643,-0.063823454,-0.15284002,-0.11419349,-0.10007019,-0.24483351,-0.15296331,-0.15624487,-0.16344379,-0.1759062,-0.12524253,-0.15295225,-0.0782174,-0.19187105,-0.18185812,-0.09859173,-0.11065883,-0.15270588,-0.15600851,-0.083404,-0.1213824,-0.13072303,-0.13855581,-0.19385117,-0.15293495,-0.15624902,-0.19487974,-0.23847799,-0.2432746,-0.12820268,-0.15280755,-0.15622722,-0.14520228,-0.2961179,-0.15296276,-0.19813283,-0.12838835,-0.15291399,-0.060104962,-0.15931924,-0.15296139,-0.2028091,-0.2868003,-0.11816878,-0.14795661,-0.10060286,-0.15284291,-0.13614628,-0.20725825,-0.17393659,-0.125103,-0.15657571,-0.15690626,-0.15296033,-0.15625086,-0.16221246,-0.22200036,-0.12851837,-0.2814266,-0.15296361,-0.1915083,-0.24371436,-0.16952515,-0.15289515,-0.13369927,-0.12557748,-0.15295795,-0.18106565,-0.15296343,-0.18642783,-0.15291938,-0.30462334,-0.15287836,-0.14691104,-0.13029914,-0.1529536,-0.15624152,-0.18915205,-0.12845755,-0.15295741,-0.10481856,-0.1650517,-0.15295568,-0.15625238,-0.15622962,-0.1281311,-0.15288362,-0.15622644,-0.15621956,-0.1562283,-0.15623462,-0.16505513,-0.17392421,-0.15295225,-0.15624695,-0.15623921,-0.15624733,-0.2025511,-0.15354379,-0.14723541,-0.1521891,-0.11499533,-0.10471026,-0.11893196,-0.15295506,-0.1561915,-0.12842658,-0.19501048,-0.15296099,-0.18738703,-0.11705899,-0.17429145,-0.15295336,-0.06652963,-0.1527678,-0.10737923,-0.124497145,-0.15298569,-0.052188452,-0.26007295
k__Bacteria|p__Actinobacteria|c__Coriobacteriia|o__Coriobacteriales|f__Coriobacteriaceae|g__GGB9400|s__GGB9400_SGB14747,-0.1004395,-0.12316422,-0.15395214,-0.15735762,-0.15735796,-0.23867357,-0.1666669,-0.16813041,-0.10929718,-0.22895765,-0.23728925,-0.15395884,-0.22850217,-0.3768707,-0.08556121,-0.15340982,-0.058144663,-0.15323189,-0.15727139,-0.19931981,-0.1978925,-0.12840956,-0.15391015,-0.12711628,-0.20043859,-0.11658599,-0.182019,-0.25032333,-0.1509206,-0.15391631,-0.15142563,-0.10844302,-0.18249588,-0.28454733,-0.15394002,-0.12866229,-0.15395555,-0.22338755,-0.15395933,-0.29867563,-0.15395942,-0.29356226,-0.1277451,-0.1537517,-0.13691942,-0.1539518,-0.23188588,-0.24781659,-0.1296162,-0.12867002,-0.24679694,-0.18279888,-0.25087595,-0.26027086,-0.28621647,-0.27511892,-0.11894142,-0.1538397,-0.040142577,-0.056944285,-0.15294656,-0.11274739,-0.13743341,-0.12851322,-0.15392888,-0.15735154,-0.15735763,-0.15735856,-0.27573854,-0.15390323,-0.12851644,-0.16243835,-0.12334165,-0.14074792,-0.15391223,-0.15887658,-0.14481027,-0.12864186,-0.18691605,-0.14998752,-0.15394273,-0.15732831,-0.15734363,-0.15724918,-0.120334074,-0.13700745,-0.08858878,-0.1539346,-0.19008024,-0.15394996,-0.2004665,-0.11139822,-0.1388583,-0.13027036,-0.1074974,-0.15152657,-0.15381747,-0.15692736,-0.10065024,-0.08152827,-0.09427856,-0.1538856,-0.11960925,-0.15027548,-0.16982608,-0.1185138,-0.15390769,-0.15734926,-0.17738779,-0.15176103,-0.15395385,-0.25953975,-0.17989698,-0.13525523,-0.15395007,-0.15095688,-0.17780018,-0.2009549,-0.15391992,-0.09015879,-0.15354976,-0.12151222,-0.121854745,-0.13997786,-0.21433522,-0.13908121,-0.16057305,-0.15385245,-0.07092635,-0.15309173,-0.15626475,-0.18733518,-0.15358663,-0.12849925,-0.12334781,-0.14100276,-0.15389444,-0.114095174,-0.25318068,-0.26654312,-0.1275055,-0.10945694,-0.15388252,-0.09238048,-0.20963459,-0.15395038,-0.15723649,-0.12785056,-0.15385185,-0.16015086,-0.1553517,-0.15395632,-0.19704957,-0.20616047,-0.12713045,-0.10460003,-0.11361031,-0.10256614,-0.15394625,-0.19495486,-0.15391219,-0.12774464,-0.15373799,-0.041086134,-0.12967405,-0.15395448,-0.2300741,-0.1539244,-0.10384405,-0.15202466,-0.0784167,-0.15376022,-0.12766197,-0.15378785,-0.121451,-0.075820275,-0.09192432,-0.101488546,-0.15359153,-0.1572294,-0.12378413,-0.15373984,-0.1410757,-0.13984437,-0.18093297,-0.15395798,-0.25777104,-0.12844054,-0.15383187,-0.13462572,-0.119081676,-0.15391839,-0.15735215,-0.15735438,-0.1573559,-0.19755594,-0.25103784,-0.20219928,-0.19465852,-0.24831252,-0.20506537,-0.22091979,-0.15393683,-0.12811427,-0.11956477,-0.15393111,-0.15734708,-0.20931396,-0.18224281,-0.1539178,-0.32474133,-0.15395543,-0.15735951,-0.15735805,-0.15735754,-0.2185038,-0.15391707,-0.114121355,-0.15392134,-0.15733811,-0.15734741,-0.22984435,-0.153947,-0.15732226,-0.08963354,-0.15380855,-0.15729381,-0.15731645,-0.15731934,-0.13302092,-0.1051107,-0.14014931,-0.15141064,-0.15839578,-0.15615125,-0.14613561,-0.15394223,-0.12319561,-0.1286031,-0.15389207,-0.15735927,-0.15735862,-0.15735865,-0.15735933,-0.38518023,-0.11451449,-0.1539032,-0.15564899,-0.14443555,-0.16636807,-0.15394895,-0.15725048,-0.12993515,-0.047159404,-0.14576536,-0.14016809,-0.14106366,-0.15375322,-0.19987361,-0.1649412,-0.17166539,-0.15391937,-0.15730341,-0.12722544,-0.14610182,-0.2588673,-0.12834516,-0.1537857,-0.09132757,-0.12832497,-0.13684332,-0.16221203,-0.15659244,-0.12758192,-0.1536074,-0.15723252,-0.15729827,-0.15734324,-0.15740095,-0.19795567,-0.15106063,-0.07294749,-0.2039893,-0.15390377,-0.15729693,-0.104459345,-0.15344027,-0.17466888,-0.13176009,-0.1539149,-0.15109587,-0.10913184,-0.15369377,-0.05825615,-0.14326635,-0.17082691,-0.153831,-0.18883844,-0.15395686,-0.31316653,-0.15394315,-0.16808087,-0.14331596,-0.15394656,-0.15735456,-0.25088155,-0.15395737,-0.22115314,-0.07562123,-0.086852394,-0.10702289,-0.060967896,-0.14477596,-0.16796505,-0.15746465,-0.22133875,-0.12812386,-0.0969081,-0.16398169,-0.12716047,-0.11335766,-0.18846886,-0.12859443,-0.17755464,-0.0994983,-0.115196005,-0.15383303,-0.11662802,-0.19749595,-0.14526704,-0.12781724,-0.096878245,-0.15383515,-0.15709318,-0.12434345,-0.11230643,-0.063823454,-0.15373984,-0.11419349,-0.10007019,2.5824704,-0.15395813,-0.1573427,-0.16344379,-0.1759062,-0.12524253,-0.15393844,-0.0782174,-0.19187105,-0.18185812,-0.09859173,-0.11065883,-0.15350151,-0.15692312,-0.083404,-0.1213824,-0.13072303,-0.13855581,-0.19385117,-0.15390706,-0.15735042,-0.19487974,-0.23847799,-0.2432746,-0.12815253,-0.15368116,-0.15731132,-0.14520228,-0.2961179,-0.15395713,-0.19813283,-0.12846847,-0.15386997,-0.060104962,-0.15931924,-0.15395465,-0.2028091,-0.2868003,-0.11816878,-0.14795661,-0.10060286,-0.15374237,-0.13614628,-0.20725825,-0.17393659,-0.125103,-0.15657571,-0.15690626,-0.15395278,-0.15735371,-0.16221246,-0.22200036,-0.12869029,-0.2814266,-0.15395866,-0.1915083,-0.24371436,-0.16952515,-0.15383695,-0.13369927,-0.12557748,-0.15394849,-0.18106565,-0.15395835,-0.18642783,-0.1538789,-0.30462334,-0.15380493,-0.14691104,-0.13029914,-0.15394074,-0.15733707,-0.18915205,-0.12858531,-0.15394762,-0.10481856,-0.1650517,-0.15394436,-0.15735641,-0.15731496,-0.12803514,-0.15381661,-0.15730971,-0.15729779,-0.1573132,-0.157325,-0.16505513,-0.17392421,-0.15393823,-0.15734674,-0.15733284,-0.15734744,-0.2025511,-0.15354379,-0.14723541,-0.15255705,-0.11499533,-0.10471026,-0.11893196,-0.15394336,-0.15724745,-0.12853307,-0.19501048,-0.15395391,-0.18738703,-0.11705899,-0.17429145,-0.15394035,-0.06652963,-0.1536142,-0.10737923,-0.124497145,-0.15298569,-0.052188452,-0.26007295
k__Bacteria|p__Actinobacteria|c__Coriobacteriia|o__Coriobacteriales|f__Atopobiaceae|g__Atopobium|s__Atopobium_SGB47944,-0.1004395,-0.12316422,-0.15356639,-0.15687405,-0.1568743,-0.23867357,-0.1666669,-0.16813041,-0.10929718,-0.22895765,-0.23728925,-0.1535708,-0.22850217,-0.3768707,-0.08556121,-0.15320733,-0.058144663,-0.15309028,-0.15681759,-0.19931981,-0.1978925,-0.12882702,-0.15353861,-0.12711628,-0.20043859,-0.11658599,-0.182019,-0.25032333,-0.1509206,-0.15354276,-0.15142563,-0.10844302,-0.18249588,-0.28454733,-0.15355791,-0.12900037,-0.15356863,-0.22338755,-0.15357113,-0.29867563,-0.15357119,-0.29356226,-0.12837167,-0.15343532,-0.13691942,-0.15356609,-0.23188588,-0.24781659,-0.1296162,-0.12900597,-0.24679694,-0.18279888,-0.25087595,-0.26027086,-0.28621647,-0.27511892,-0.11894142,-0.15349242,-0.040142577,-0.056944285,-0.1529139,-0.11274739,-0.13743341,-0.12890106,-0.15355136,-0.15687005,-0.15687409,-0.15687467,-0.27573854,-0.15353331,-0.12890208,-0.16243835,-0.12334165,-0.14074792,-0.15354025,-0.15887658,-0.14481027,-0.12898612,-0.18691605,-0.14998752,-0.15356024,-0.15685488,-0.156865,-0.15679826,-0.120334074,-0.13700745,-0.08858878,-0.15355489,-0.19008024,-0.15356494,-0.2004665,-0.11139822,-0.1388583,-0.13027036,-0.1074974,-0.15152657,-0.1534781,-0.1565736,-0.10065024,-0.08152827,-0.09427856,-0.15352243,-0.11960925,-0.15027548,-0.16982608,-0.1185138,-0.15353721,-0.15686855,-0.17738779,-0.15176103,-0.15356752,-0.25953975,-0.17989698,-0.13525523,-0.15356499,-0.15095688,-0.17780018,-0.2009549,-0.15354437,-0.09015879,-0.15330157,-0.12151222,-0.121854745,-0.13997786,-0.21433522,-0.13908121,-0.16057305,-0.15350062,-0.07092635,-0.1530005,-0.15616992,-0.18733518,-0.15332825,-0.12889387,-0.12334781,-0.14100276,-0.15352856,-0.114095174,-0.25318068,-0.26654312,-0.12819764,-0.10945694,-0.15352055,-0.09238048,-0.20963459,-0.15356524,-0.15679078,-0.12844874,-0.15350062,-0.16015086,-0.1553517,-0.15356913,3.126429,1.7650603,-0.12792516,-0.10460003,-0.11361031,-0.10256614,-0.15356249,-0.19495486,-0.15353839,-0.12836632,-0.15342477,-0.041086134,-0.12967405,-0.15356797,-0.2300741,-0.15354651,-0.10384405,-0.15229896,-0.0784167,-0.1534403,-0.12766197,-0.1534587,-0.121451,-0.075820275,-0.09192432,-0.101488546,-0.15333031,-0.15678975,-0.12378413,-0.15341726,-0.1410757,-0.13984437,-0.18093297,-0.15357022,-0.25777104,-0.12844054,-0.15348202,-0.13462572,-0.119081676,-0.15354411,-0.15687048,-0.15687194,-0.15687294,-0.19755594,-0.25103784,-0.20219928,-0.19465852,-0.24831252,-0.20506537,-0.22091979,-0.15355605,-0.12863383,-0.11956477,-0.15355246,-0.15686715,-0.20931396,-0.18224281,-0.15354316,-0.32474133,-0.15356855,-0.1568753,-0.15687433,-0.156874,-0.2185038,-0.15354188,-0.114121355,-0.15354638,-0.15686154,-0.1568673,-0.22984435,-0.15356296,-0.15685007,-0.08963354,-0.15347242,-0.15683195,-0.1568473,-0.15684882,-0.13302092,-0.1051107,-0.14014931,-0.15141064,-0.15839578,-0.15615125,-0.14613561,-0.15355976,-0.12319561,-0.12896128,-0.15352768,-0.15687513,-0.15687472,-0.15687473,-0.15687518,-0.38518023,-0.11451449,-0.15353441,-0.15564899,-0.14443555,-0.16636807,-0.15356436,-0.15680303,-0.12993515,-0.047159404,-0.14829037,-0.14016809,-0.14106366,-0.15343687,-0.19987361,-0.1649412,-0.17166539,-0.15354487,-0.15683818,-0.12722544,-0.14610182,-0.2588673,-0.12878117,-0.1534568,-0.09132757,-0.12832497,-0.13684332,-0.16221203,-0.15659244,-0.1282258,-0.15334007,-0.15679187,-0.1568349,-0.1568646,-0.15740095,-0.19795567,-0.15106063,-0.07294749,-0.2039893,-0.15353496,-0.15683389,-0.104459345,-0.1531893,-0.17466888,-0.13176009,-0.15354171,-0.15109587,-0.10913184,-0.15339577,-0.05825615,-0.14326635,-0.17082691,-0.15348747,-0.18883844,-0.15356952,-0.31316653,-0.15356062,-0.16808087,-0.14331596,-0.15356272,-0.15687208,-0.25088155,-0.15356985,-0.22115314,-0.07562123,-0.086852394,-0.10702289,-0.060967896,-0.14764246,-0.16796505,-0.15746465,-0.22133875,-0.12812386,-0.0969081,-0.16398169,-0.12716047,-0.11335766,-0.18846886,-0.12895446,-0.17755464,-0.0994983,-0.115196005,-0.15348852,-0.11662802,-0.19749595,-0.14526704,-0.12781724,-0.096878245,-0.15348893,-0.15670018,-0.12434345,-0.11230643,-0.063823454,-0.15342696,-0.11419349,-0.10007019,-0.24483351,-0.15357032,-0.15686348,-0.16344379,-0.1759062,-0.12524253,-0.15355736,-0.0782174,-0.19187105,-0.18185812,-0.09859173,-0.11065883,-0.15327016,-0.15658882,-0.083404,-0.1213824,-0.13072303,-0.13855581,-0.19385117,-0.15353714,-0.1568693,-0.19487974,-0.23847799,-0.2432746,-0.12864539,-0.15338868,-0.15684381,-0.14520228,-0.2961179,-0.15356967,-0.19813283,-0.12886724,-0.15351267,-0.060104962,-0.15931924,-0.15356806,-0.2028091,-0.2868003,-0.11816878,-0.14795661,3.3746748,-0.15342958,-0.13614628,-0.20725825,-0.17393659,-0.125103,-0.15657571,-0.15690626,-0.15356684,-0.15687147,-0.16221246,-0.22200036,-0.12901944,-0.2814266,-0.15357068,-0.1915083,-0.24371436,-0.16952515,-0.15348588,-0.13369927,-0.12557748,-0.15356404,-0.18106565,-0.15357046,-0.18642783,-0.15351711,-0.30462334,-0.15347123,-0.14691104,-0.13029914,-0.15355897,-0.15686056,-0.18915205,-0.12894706,-0.15356335,-0.10481856,-0.1650517,-0.15356141,-0.15687329,-0.15684402,-0.12856454,-0.15347734,-0.15684298,-0.15683502,-0.15684518,-0.15685253,-0.16505513,-0.17392421,-0.15355739,-0.15686691,-0.1568579,-0.15686736,-0.2025511,-0.15354379,-0.14723541,-0.15266752,-0.11499533,-0.10471026,-0.11893196,-0.15356065,-0.15679812,-0.12891309,-0.19501048,-0.15356761,-0.18738703,-0.11705899,-0.17429145,-0.15355685,-0.06652963,-0.15334329,-0.10737923,-0.124497145,-0.15298569,-0.052188452,-0.26007295
k__Bacteria|p__Actinobacteria|c__Actinomycetia|o__Propionibacteriales|f__Propionibacteriaceae|g__Cutibacterium|s__Cutibacterium_granulosum,-0.1004395,-0.12316422,-0.15365817,-0.1568804,-0.15688075,-0.23867357,-0.1666669,-0.16813041,-0.10929718,-0.22895765,-0.23728925,-0.15366434,-0.22850217,-0.3768707,-0.08556121,-0.15315653,-0.058144663,-0.15297723,-0.15680088,-0.19931981,-0.1978925,-0.12950152,-0.15361898,-0.12711628,-0.20043859,-0.11658599,-0.182019,-0.25032333,-0.1509206,-0.15362546,-0.15142563,-0.10844302,-0.18249588,-0.28454733,-0.15364765,-0.12972836,-0.15366125,-0.22338755,-0.1536648,-0.29867563,-0.15366489,-0.29356226,-0.12889482,-0.15347606,-0.13691942,-0.1536577,-0.23188588,-0.24781659,-0.1296162,-0.12973578,-0.24679694,-0.18279888,-0.25087595,-0.26027086,-0.28621647,-0.27511892,2.0261595,-0.15355363,-0.040142577,-0.056944285,-0.15273663,-0.11274739,-0.13743341,-0.1295972,-0.15363705,-0.15687469,-0.15688047,-0.15688127,-0.27573854,-0.15361553,-0.12959781,-0.16243835,-0.12334165,-0.14074792,-0.1536209,-0.15887658,-0.14481027,-0.12970935,-0.18691605,-0.14998752,-0.15364936,-0.15685323,-0.15686774,-0.15678763,-0.120334074,-0.13700745,-0.08858878,-0.1536417,-0.19008024,-0.15365604,-0.2004665,-0.11139822,-0.1388583,-0.13027036,-0.1074974,-0.15152657,-0.15353248,-0.15651971,-0.10065024,-0.08152827,-0.09427856,-0.1535959,-0.11960925,-0.15027548,-0.16982608,-0.1185138,-0.15361755,-0.15687266,-0.17738779,-0.15176103,-0.15365973,-0.25953975,-0.17989698,-0.13525523,-0.15365613,-0.15095688,-0.17780018,-0.2009549,-0.15363112,-0.09015879,-0.15328054,-0.12151222,-0.121854745,-0.13997786,-0.21433522,-0.13908121,-0.16057305,-0.15356484,-0.07092635,-0.15286246,-0.1558967,-0.18733518,-0.1533368,-0.12958674,-0.12334781,-0.14100276,-0.15360427,-0.114095174,-0.25318068,-0.26654312,-0.12872739,-0.10945694,-0.15359288,-0.09238048,-0.20963459,-0.1536564,-0.1567756,-0.12902988,-0.15356609,-0.16015086,-0.1553517,-0.153662,-0.19704957,-0.20616047,-0.12835833,-0.10460003,-0.11361031,-0.10256614,-0.15365244,4.1938825,-0.1536228,-0.12894979,-0.15345784,-0.041086134,-0.12967405,-0.15366042,-0.2300741,-0.15363377,-0.10384405,-0.15188183,-0.0784167,-0.15348107,-0.12766197,-0.15350522,-0.121451,-0.075820275,-0.09192432,-0.101488546,-0.1533231,-0.15676032,-0.12378413,-0.15347522,-0.1410757,-0.13984437,-0.18093297,-0.15366352,7.7070804,-0.12844054,-0.15355158,-0.13462572,-0.119081676,-0.15362614,-0.15687531,-0.1568774,-0.15687883,-0.19755594,-0.25103784,-0.20219928,-0.19465852,-0.24831252,-0.20506537,-0.22091979,-0.15364474,-0.12926859,-0.11956477,-0.1536383,-0.1568707,-0.20931396,-0.18224281,-0.15362799,-0.32474133,-0.1536611,-0.15688217,-0.1568808,-0.15688032,-0.2185038,-0.15362725,-0.114121355,-0.15363023,-0.15686314,-0.15687099,-0.22984435,-0.15365317,-0.1568496,-0.08963354,-0.15352567,-0.15682012,-0.15684271,-0.15684417,-0.13302092,-0.1051107,-0.14014931,-0.15141064,-0.15839578,-0.15615125,-0.14613561,-0.15364853,-0.12319561,-0.12967494,-0.1536037,-0.15688196,-0.15688136,-0.15688136,-0.156882,-0.38518023,-0.11451449,-0.15361285,-0.15564899,-0.14443555,-0.16636807,-0.1536553,-0.15678611,-0.12993515,-0.047159404,-0.14626238,-0.14016809,-0.14106366,-0.15347445,-0.19987361,-0.1649412,-0.17166539,-0.15362746,-0.15682879,-0.12722544,-0.14610182,-0.2588673,-0.12945431,-0.15350309,-0.09132757,-0.12832497,-0.13684332,-0.16221203,-0.15659244,-0.12880945,-0.15334204,-0.15676393,-0.15682486,-0.15686698,-0.15740095,-0.19795567,-0.15106063,-0.07294749,-0.2039893,-0.1536139,-0.15682296,-0.104459345,-0.15324953,-0.17466888,-0.13176009,-0.1536226,-0.15109587,-0.10913184,-0.15342014,-0.05825615,-0.14326635,-0.17082691,-0.15354647,-0.18883844,-0.15366255,-0.31316653,-0.15365049,-0.16808087,-0.14331596,-0.1536529,-0.15687767,-0.25088155,-0.15366301,-0.22115314,-0.07562123,-0.086852394,-0.10702289,-0.060967896,-0.14533679,-0.16796505,-0.15746465,-0.22133875,-0.12812386,-0.0969081,-0.16398169,-0.12716047,-0.11335766,-0.18846886,-0.12966804,-0.17755464,-0.0994983,-0.115196005,-0.153548,-0.11662802,-0.19749595,-0.14526704,-0.12781724,-0.096878245,-0.1535476,-0.15663442,-0.12434345,-0.11230643,-0.063823454,-0.15346116,-0.11419349,-0.10007019,-0.24483351,-0.15366367,-0.15686752,-0.16344379,-0.1759062,-0.12524253,-0.15364517,-0.0782174,-0.19187105,-0.18185812,-0.09859173,-0.11065883,-0.15323722,-0.15647626,-0.083404,-0.1213824,-0.13072303,-0.13855581,-0.19385117,-0.15361711,-0.15687369,-0.19487974,-0.23847799,-0.2432746,-0.12927492,-0.15340644,-0.15683782,-0.14520228,-0.2961179,-0.15366274,-0.19813283,-0.12955743,-0.15358281,-0.060104962,-0.15931924,-0.1536605,-0.2028091,-0.2868003,-0.11816878,-0.14795661,-0.10060286,-0.15346573,-0.13614628,-0.20725825,-0.17393659,-0.125103,-0.15657571,-0.15690626,-0.15365876,-0.15687676,-0.16221246,-0.22200036,-0.12975456,-0.2814266,-0.1536642,-0.1915083,-0.24371436,-0.16952515,-0.15355825,-0.13369927,-0.12557748,-0.15365481,-0.18106565,-0.15366387,-0.18642783,-0.1535943,-0.30462334,-0.15352418,-0.14691104,-0.13029914,-0.15364757,-0.15686116,-0.18915205,-0.12965778,-0.15365386,-0.10481856,-0.1650517,-0.15365115,-0.15687932,-0.15684372,-0.12919915,-0.15353146,-0.15683681,-0.15682518,-0.15683982,-0.15685003,-0.16505513,-0.17392421,-0.15364546,-0.15687022,-0.15685749,-0.15687086,-0.2025511,-0.15354379,-0.14723541,-0.15239853,-0.11499533,-0.10471026,-0.11893196,-0.15365002,-0.15678424,-0.12960908,-0.19501048,-0.15365988,-0.18738703,-0.11705899,-0.17429145,-0.15364832,-0.06652963,-0.15334289,-0.10737923,-0.124497145,-0.15298569,-0.052188452,-0.26007295
k__Bacteria|p__Actinobacteria|c__Actinomycetia|o__Corynebacteriales|f__Corynebacteriaceae|g__Corynebacterium|s__Corynebacterium_pseudodiphtheriticum,-0.1004395,-0.12316422,-0.15284309,-0.15609628,-0.15609652,-0.23867357,-0.1666669,-0.16813041,-0.10929718,-0.22895765,-0.23728925,-0.1528474,-0.22850217,-0.3768707,-0.08556121,-0.15248659,-0.058144663,-0.15236992,-0.1560407,-0.19931981,-0.1978925,-0.12851718,-0.15281583,-0.12711628,-0.20043859,-0.11658599,-0.182019,-0.25032333,-0.1509206,-0.1528202,-0.15142563,-0.10844302,-0.18249588,-0.28454733,-0.15283552,-0.12868205,-0.15284523,-0.22338755,-0.1528477,-0.29867563,-0.15284777,-0.29356226,-0.12807241,-0.15271533,-0.13691942,-0.15284279,-0.23188588,-0.24781659,-0.1296162,-0.12868735,-0.24679694,-0.18279888,-0.25087595,-0.26027086,-0.28621647,-0.27511892,-0.11894142,-0.15277012,-0.040142577,-0.056944285,-0.15219921,-0.11274739,-0.13743341,-0.12858681,-0.15282828,-0.15609232,-0.15609631,-0.15609688,-0.27573854,-0.15281218,-0.1285874,-0.16243835,-0.12334165,-0.14074792,-0.15281722,-0.15887658,-0.14481027,-0.12866859,-0.18691605,-0.14998752,-0.15283696,-0.15607736,-0.15608737,-0.15602864,-0.120334074,-0.13700745,-0.08858878,-0.15283167,-0.19008024,-0.15284163,-0.2004665,-0.11139822,-0.1388583,-0.13027036,-0.1074974,-0.15152657,-0.15275574,-0.15581872,-0.10065024,-0.08152827,-0.09427856,-0.15279981,-0.11960925,-0.15027548,-0.16982608,-0.1185138,-0.15281463,-0.15609089,-0.17738779,-0.15176103,-0.15284418,-0.25953975,-0.17989698,-0.13525523,-0.15284169,-0.15095688,-0.17780018,-0.2009549,-0.15282331,-0.09015879,-0.15258065,-0.12151222,-0.121854745,-0.13997786,-0.21433522,-0.13908121,1.2283213,-0.15277821,-0.07092635,-0.15228459,-0.15540424,-0.18733518,-0.15261388,-0.12857679,-0.12334781,-0.14100276,-0.15280566,-0.114095174,-0.25318068,-0.26654312,-0.12792236,-0.10945694,-0.15279776,-0.09238048,-0.20963459,-0.1528419,-0.15602097,-0.12815219,-0.15277848,-0.16015086,-0.1553517,-0.15284577,-0.19704957,-0.20616047,-0.12765758,-0.10460003,-0.11361031,-0.10256614,-0.15283918,-0.19495486,-0.15281788,-0.12808566,-0.15270348,-0.041086134,-0.12967405,-0.15284464,-0.2300741,-0.15282583,-0.10384405,-0.15158808,-0.0784167,-0.15271898,-0.12766197,-0.15273654,-0.121451,-0.075820275,-0.09192432,-0.101488546,-0.1526092,-0.1560128,-0.12378413,-0.1527051,-0.1410757,-0.13984437,-0.18093297,-0.15284683,-0.25777104,-0.12844054,-0.15276608,-0.13462572,-0.119081676,-0.15282094,-0.15609273,-0.1560942,-0.15609518,-0.19755594,-0.25103784,-0.20219928,-0.19465852,-0.24831252,-0.20506537,-0.22091979,-0.15283352,-0.12833126,-0.11956477,-0.15282933,-0.15608951,-0.20931396,-0.18224281,-0.1528213,-0.32474133,-0.15284517,-0.1560975,-0.15609655,-0.15609622,-0.2185038,-0.15282068,-0.114121355,-0.15282346,-0.15608406,-0.15608971,-0.22984435,-0.15283966,-0.15607384,-0.08963354,-0.1527504,-0.15605453,-0.15606992,-0.15607122,-0.13302092,-0.1051107,-0.14014931,-0.15141064,-0.15839578,-0.15615125,-0.14613561,-0.15283647,-0.12319561,-0.12864421,-0.1528049,-0.15609735,-0.15609694,-0.15609694,-0.15609738,-0.38518023,-0.11451449,-0.15281153,-0.15564899,-0.14443555,-0.16636807,-0.15284106,-0.15602937,-0.12993515,-0.047159404,-0.1476475,-0.14016809,-0.14106366,-0.15271506,-0.19987361,-0.1649412,-0.17166539,-0.1528218,-0.15606067,-0.12722544,-0.14610182,-0.2588673,-0.128476,-0.15273488,-0.09132757,-0.12832497,-0.13684332,-0.16221203,-0.15659244,-0.12796995,-0.15262088,-0.15601519,-0.15605769,-0.15608695,-0.15740095,-0.19795567,-0.15106063,-0.07294749,-0.2039893,-0.15281211,-0.15605648,-0.104459345,-0.15249969,-0.17466888,-0.13176009,-0.15281859,-0.15109587,-0.10913184,-0.15267551,-0.05825615,-0.14326635,-0.17082691,-0.15276515,-0.18883844,-0.15284613,-0.31316653,-0.15283759,-0.16808087,-0.14331596,-0.15283945,-0.15609434,-0.25088155,-0.15284646,-0.22115314,-0.07562123,-0.086852394,-0.10702289,-0.060967896,-0.14700827,-0.16796505,-0.15746465,-0.22133875,-0.12812386,-0.0969081,-0.16398169,-0.12716047,-0.11335766,-0.18846886,-0.12863843,-0.17755464,-0.0994983,-0.115196005,-0.15276626,-0.11662802,-0.19749595,-0.14526704,-0.12781724,-0.096878245,-0.15276645,-0.1559248,-0.12434345,-0.11230643,-0.063823454,-0.15270531,-0.11419349,-0.10007019,-0.24483351,-0.15284693,-0.1560871,-0.16344379,-0.1759062,-0.12524253,-0.15283412,-0.0782174,-0.19187105,-0.18185812,1.0601776,3.100762,-0.15255001,-0.15581454,-0.083404,-0.1213824,-0.13072303,-0.13855581,-0.19385117,-0.15281433,-0.1560916,-0.19487974,-0.23847799,-0.2432746,-0.12834851,-0.15266752,-0.15606654,-0.14520228,-0.2961179,-0.15284628,-0.19813283,-0.12855664,-0.15279031,-0.060104962,-0.15931924,-0.15284473,-0.2028091,-0.2868003,-0.11816878,-0.14795661,-0.10060286,-0.15270853,-0.13614628,-0.20725825,-0.17393659,-0.125103,-0.15657571,-0.15690626,-0.1528435,-0.15609375,-0.16221246,-0.22200036,-0.12870054,2.5219774,-0.15284729,-0.1915083,-0.24371436,-0.16952515,-0.15277067,-0.13369927,-0.12557748,-0.15284075,-0.18106565,-0.15284708,-0.18642783,-0.15279727,-0.30462334,-0.15274927,-0.14691104,-0.13029914,-0.15283573,-0.15608294,0.6884927,-0.12863183,-0.15284011,-0.10481856,-0.1650517,-0.15283816,-0.1560955,-0.15607,-0.12827995,-0.15275499,-0.15606573,-0.15605772,-0.15606786,-0.15607509,-0.16505513,-0.17392421,-0.1528342,-0.15608922,-0.1560803,-0.15608966,-0.2025511,-0.15354379,-0.14723541,-0.15195858,-0.11499533,-0.10471026,-0.11893196,-0.1528374,-0.15602711,-0.1285969,-0.19501048,-0.15284427,-0.18738703,-0.11705899,-0.17429145,-0.15283589,-0.06652963,-0.15262252,-0.10737923,-0.124497145,-0.15298569,-0.052188452,-0.26007295
k__Bacteria|p__Actinobacteria|c__Coriobacteriia|o__Eggerthellales|f__Eggerthellaceae|g__GGB9414|s__GGB9414_SGB14778,-0.1004395,-0.12316422,-0.1531209,-0.15643477,-0.15643406,-0.23867357,-0.1666669,-0.16813041,-0.10929718,-0.22895765,-0.23728925,-0.1531108,-0.22850217,-0.3768707,-0.08556121,-0.15396547,-0.058144663,-0.15433338,-0.1565667,-0.19931981,-0.1978925,-0.12894501,-0.15318891,-0.12711628,-0.20043859,-0.11658599,-0.182019,-0.25032333,-0.1509206,-0.15317556,-0.15142563,-0.10844302,-0.18249588,-0.28454733,-0.1531398,-0.12850893,-0.1531161,-0.22338755,-0.15310998,-0.29867563,-0.15310982,-0.29356226,-0.13010211,-0.1534175,-0.13691942,-0.15312237,-0.23188588,-0.24781659,-0.1296162,-0.12849358,-0.24679694,-0.18279888,-0.25087595,-0.26027086,-0.28621647,-0.27511892,-0.11894142,-0.15329903,-0.040142577,-0.056944285,-0.15463239,-0.11274739,-0.13743341,-0.12874687,-0.15315479,-0.15644458,-0.15643445,-0.15643318,-0.27573854,-0.15318888,-0.12874846,-0.16243835,-0.12334165,-0.14074792,-0.15318519,-0.15887658,-0.14481027,-0.12854752,-0.18691605,-0.14998752,-0.15313618,-0.15648054,-0.15645489,-0.15659165,-0.120334074,-0.13700745,-0.08858878,-0.15314953,-0.19008024,-0.15312503,-0.2004665,-0.11139822,-0.1388583,-0.13027036,-0.1074974,-0.15152657,-0.15333807,-0.15706068,-0.10065024,-0.08152827,-0.09427856,-0.15322961,-0.11960925,-0.15027548,-0.16982608,-0.1185138,-0.15318766,-0.15644805,-0.17738779,-0.15176103,-0.15311845,-0.25953975,-0.17989698,-0.13525523,-0.15312505,-0.15095688,-0.17780018,-0.2009549,-0.1531632,-0.09015879,-0.15378171,-0.12151222,-0.121854745,-0.13997786,-0.21433522,-0.13908121,-0.16057305,-0.15328369,-0.07092635,-0.1544703,-0.15798004,-0.18733518,-0.15361366,-0.12876165,-0.12334781,-0.14100276,-0.15321338,-0.114095174,-0.25318068,-0.26654312,-0.13035664,-0.10945694,-0.15323456,-0.09238048,-0.20963459,-0.15312445,-0.15659939,-0.12981117,-0.1532735,-0.16015086,-0.1553517,-0.15311474,-0.19704957,-0.20616047,-0.13089009,-0.10460003,-0.11361031,-0.10256614,-0.1531317,-0.19495486,-0.15318553,-0.12990752,-0.15347171,-0.041086134,-0.12967405,-0.1531169,-0.2300741,-0.15316522,-0.10384405,-0.15610269,-0.0784167,-0.15341613,-0.12766197,-0.15338272,-0.121451,-0.075820275,-0.09192432,-0.101488546,-0.15369539,-0.15664347,-0.12378413,-0.15342718,-0.1410757,-0.13984437,-0.18093297,-0.15311217,-0.25777104,-0.12844054,-0.15330324,-0.13462572,-0.119081676,-0.15317798,-0.15644321,-0.15643969,-0.15643728,-0.19755594,-0.25103784,-0.20219928,-0.19465852,-0.24831252,-0.20506537,-0.22091979,-0.15314288,-0.12936981,-0.11956477,-0.15315633,-0.15645102,-0.20931396,-0.18224281,-0.15317011,-0.32474133,-0.15311643,-0.1564317,-0.15643409,-0.15643492,-0.2185038,-0.15316856,-0.114121355,-0.15316513,-0.15646091,-0.15645045,-0.22984435,-0.15313041,-0.15647885,-0.08963354,-0.15334114,-0.15654083,-0.15649633,-0.15649895,-0.13302092,-0.1051107,-0.14014931,-0.15141064,-0.15839578,-0.15615125,-0.14613561,-0.15313902,-0.12319561,-0.12860334,-0.1532079,-0.15643206,-0.15643302,-0.15643305,-0.15643197,-0.38518023,-0.11451449,-0.15319759,-0.15564899,-0.14443555,-0.16636807,-0.15312544,-0.15658289,-0.12993515,-0.047159404,-0.16482902,-0.14016809,-0.14106366,-0.15342818,-0.19987361,-0.1649412,-0.17166539,-0.15317437,-0.15652749,-0.12722544,-0.14610182,-0.2588673,-0.12904659,-0.15338981,-0.09132757,-0.12832497,-0.13684332,-0.16221203,-0.15659244,-0.13010408,-0.15364122,-0.1566339,-0.15653098,-0.15645781,-0.15740095,-0.19795567,-0.15106063,-0.07294749,-0.2039893,-0.15319353,-0.15653661,-0.104459345,-0.15378675,-0.17466888,-0.13176009,-0.1531852,-0.15109587,-0.10913184,-0.15351889,-0.05825615,-0.14326635,-0.17082691,-0.15330696,-0.18883844,-0.15311362,3.2590733,-0.15313151,-0.16808087,-0.14331596,-0.15313038,-0.15643883,-0.25088155,-0.1531128,-0.22115314,-0.07562123,-0.086852394,-0.10702289,-0.060967896,-0.1664165,-0.16796505,-0.15746465,-0.22133875,-0.12812386,-0.0969081,-0.16398169,-0.12716047,-0.11335766,-0.18846886,-0.12862381,-0.17755464,-0.0994983,-0.115196005,-0.15330687,-0.11662802,-0.19749595,-0.14526704,-0.12781724,-0.096878245,-0.1533162,-0.15685728,-0.12434345,-0.11230643,-0.063823454,-0.15345648,-0.11419349,-0.10007019,-0.24483351,-0.15311196,-0.15645652,-0.16344379,-0.1759062,-0.12524253,-0.15314409,-0.0782174,-0.19187105,-0.18185812,-0.09859173,-0.11065883,-0.15385127,-0.15712838,-0.083404,-0.1213824,-0.13072303,-0.13855581,-0.19385117,-0.15318748,-0.15644622,-0.19487974,-0.23847799,-0.2432746,-0.12930898,-0.15355003,-0.1565053,-0.14520228,-0.2961179,-0.15311353,-0.19813283,-0.12883124,-0.15324579,-0.060104962,-0.15931924,-0.15311697,-0.2028091,-0.2868003,-0.11816878,-0.14795661,-0.10060286,-0.15344009,-0.13614628,-0.20725825,-0.17393659,-0.125103,-0.15657571,-0.15690626,-0.15312001,-0.15644103,-0.16221246,-0.22200036,-0.12845999,-0.2814266,-0.15311097,-0.1915083,-0.24371436,-0.16952515,-0.15328605,-0.13369927,-0.12557748,-0.15312645,-0.18106565,-0.15311158,-0.18642783,-0.15322179,-0.30462334,-0.15333705,-0.14691104,-0.13029914,-0.15313904,-0.15646787,-0.18915205,-0.12864697,-0.15312895,-0.10481856,-0.1650517,-0.15313205,-0.15643644,-0.15649652,-0.12948191,-0.15334117,-0.15650518,-0.15652637,-0.15650053,-0.15648603,-0.16505513,-0.17392421,-0.15314174,-0.1564523,-0.15647298,-0.15645117,-0.2025511,-0.15354379,-0.14723541,-0.1551114,-0.11499533,-0.10471026,-0.11893196,-0.15313493,-0.15659437,-0.12873887,-0.19501048,-0.1531178,-0.18738703,-0.11705899,-0.17429145,-0.15314075,-0.06652963,-0.15366954,-0.10737923,-0.124497145,-0.15298569,-0.052188452,-0.26007295
k__Bacteria|p__Actinobacteria|c__Actinomycetia|o__Propionibacteriales|f__Propionibacteriaceae|g__Cutibacterium|s__Cutibacterium_acnes,-0.1004395,-0.12316422,-0.15240104,-0.15564564,-0.15564594,-0.23867357,-0.1666669,-0.16813041,-0.10929718,-0.22895765,-0.23728925,-0.15240625,-0.22850217,-0.3768707,-0.08556121,-0.15197283,-0.058144663,-0.1518307,-0.15557872,-0.19931981,-0.1978925,-0.12810381,-0.15236816,-0.12711628,-0.20043859,-0.11658599,-0.182019,-0.25032333,-0.1509206,-0.15237343,-0.15142563,-0.10844302,-0.18249588,-0.28454733,-0.15239188,-0.12830429,-0.15240365,-0.22338755,-0.15240663,-0.29867563,-0.1524067,-0.29356226,-0.1275748,-0.15224694,-0.13691942,-0.1524007,-0.23188588,-0.24781659,-0.1296162,-0.12831058,-0.24679694,-0.18279888,-0.25087595,-0.26027086,-0.28621647,-0.27511892,-0.11894142,-0.15231313,-0.040142577,-0.056944285,-0.15162456,-0.11274739,-0.13743341,-0.12818736,-0.15238318,-0.15564087,-0.1556457,-0.15564638,-0.27573854,-0.15236358,-0.12819014,-0.16243835,-0.12334165,-0.14074792,-0.15236983,-0.15887658,-0.14481027,-0.12828782,-0.18691605,-0.14998752,-0.15239367,-0.15562284,-0.15563492,-0.15556368,-0.120334074,-0.13700745,-0.08858878,-0.15238726,-0.19008024,-0.15239929,-0.2004665,-0.11139822,-0.1388583,-0.13027036,-0.1074974,-0.15152657,-0.15229557,-0.155311,-0.10065024,-0.08152827,3.0941808,-0.15234882,-0.11960925,-0.15027548,-0.16982608,-0.1185138,-0.15236676,-0.15563914,-0.17738779,-0.15176103,-0.15240237,-0.25953975,-0.17989698,-0.13525523,-0.15239936,-0.15095688,-0.17780018,-0.2009549,-0.15237707,-0.09015879,-0.15208448,-0.12151222,-0.121854745,-0.13997786,-0.21433522,-0.13908121,-0.16057305,-0.15232277,-0.07092635,-0.15172887,-0.1548115,-0.18733518,-0.1521248,-0.12817559,-0.12334781,-0.14100276,-0.15235588,-0.114095174,-0.25318068,-0.26654312,-0.12738177,-0.10945694,-0.15234639,-0.09238048,-0.20963459,-0.1523996,-0.15555465,-0.12766595,-0.15232322,-0.16015086,-0.1553517,-0.15240428,-0.19704957,-0.20616047,-0.12707496,-0.10460003,-0.11361031,-0.10256614,-0.15239632,-0.19495486,-0.1523704,-0.12757587,-0.15223263,-0.041086134,-0.12967405,-0.15240291,-0.2300741,-0.15237999,-0.10384405,-0.15089178,-0.0784167,-0.15225159,-0.12766197,-0.15227252,-0.121451,-0.075820275,-0.09192432,-0.101488546,-0.15211883,-0.15554494,-0.12378413,-0.15223762,-0.1410757,-0.13984437,-0.18093297,-0.15240556,4.238033,-0.12844054,-0.15230833,-0.13462572,-0.119081676,-0.15237433,-0.15564139,-0.15564314,-0.15564433,-0.19755594,-0.25103784,-0.20219928,-0.19465852,-0.24831252,-0.20506537,-0.22091979,-0.1523895,-0.1278759,-0.11956477,-0.15238446,-0.15563749,-0.20931396,-0.18224281,-0.15237501,-0.32474133,-0.15240356,-0.15564713,-0.155646,-0.15564558,-0.2185038,-0.15237436,-0.114121355,-0.15237744,-0.15563095,-0.15563774,-0.22984435,-0.15239692,-0.15561911,-0.08963354,-0.15228942,-0.1555953,-0.15561388,-0.15561542,-0.13302092,-0.1051107,-0.14014931,-0.15141064,-0.15839578,-0.15615125,-0.14613561,-0.15239307,-0.12319561,-0.12825823,-0.15235502,-0.15564695,-0.15564644,-0.15564646,-0.15564698,-0.38518023,-0.11451449,-0.15236297,-0.15564899,-0.14443555,-0.16636807,-0.15239862,-0.15556493,-0.12993515,0.9482188,-0.14613822,-0.14016809,-0.14106366,-0.15224665,-0.19987361,-0.1649412,-0.17166539,-0.15237534,-0.15560266,-0.12722544,-0.14610182,-0.2588673,-0.12805158,-0.1522704,-0.09132757,-0.12832497,-0.13684332,-0.16221203,-0.15659244,-0.12744817,-0.15213355,-0.15554783,-0.15559912,-0.1556344,-0.15740095,-0.19795567,-0.15106063,-0.07294749,-0.2039893,-0.15236372,-0.15559763,-0.104459345,-0.1519935,-0.17466888,-0.13176009,-0.15237147,-0.15109587,-0.10913184,-0.152199,-0.05825615,-0.14326635,-0.17082691,-0.1523071,-0.18883844,-0.15240473,-0.31316653,-0.15239441,-0.16808087,-0.14331596,-0.15239665,-0.15564334,2.7571983,-0.15240511,-0.22115314,-0.07562123,-0.086852394,-0.10702289,-0.060967896,-0.14536592,-0.16796505,-0.15746465,-0.22133875,-0.12812386,-0.0969081,-0.16398169,-0.12716047,-0.11335766,-0.18846886,-0.12825112,-0.17755464,-0.0994983,-0.115196005,-0.15230837,-0.11662802,-0.19749595,2.2532613,2.3884857,-0.096878245,-0.1523086,-0.15543863,-0.12434345,-0.11230643,-0.063823454,-0.1522349,-0.11419349,-0.10007019,-0.24483351,-0.15240568,-0.15563451,-0.16344379,-0.1759062,-0.12524253,-0.15239021,-0.0782174,-0.19187105,-0.18185812,-0.09859173,-0.11065883,-0.15204749,-0.15530574,-0.083404,-0.1213824,-0.13072303,3.1946166,-0.19385117,-0.1523664,-0.15564004,-0.19487974,-0.23847799,-0.2432746,-0.1279028,-0.15218925,-0.1556098,-0.14520228,-0.2961179,-0.1524049,-0.19813283,-0.12815079,-0.15233737,-0.060104962,-0.15931924,-0.15240303,-0.2028091,-0.2868003,-0.11816878,-0.14795661,-0.10060286,-0.15223867,-0.13614628,-0.20725825,-0.17393659,-0.125103,-0.15657571,-0.15690626,-0.15240154,-0.1556426,-0.16221246,-0.22200036,-0.1283265,-0.2814266,-0.15240611,-0.1915083,-0.24371436,-0.16952515,-0.15231368,-0.13369927,-0.12557748,-0.15239823,-0.18106565,-0.15240586,-0.18642783,-0.1523459,-0.30462334,-0.15228793,-0.14691104,-0.13029914,-0.15239215,-0.15562956,-0.18915205,-0.12824321,-0.15239745,-0.10481856,-0.1650517,-0.1523951,-0.15564474,-0.15561366,-0.12781273,-0.1522947,-0.1556088,-0.15559919,-0.1556114,-0.15562013,-0.16505513,-0.17392421,-0.15239033,-0.15563713,-0.15562642,-0.15563768,-0.2025511,-0.15354379,-0.14723541,-0.15133476,-0.11499533,-0.10471026,-0.11893196,-0.1523942,-0.15556246,-0.12820126,-0.19501048,-0.15240246,-0.18738703,-0.11705899,-0.17429145,-0.15239227,-0.06652963,-0.1521351,-0.10737923,-0.124497145,-0.15298569,-0.052188452,-0.26007295
k__Bacteria|p__Actinobacteria|c__Actinomycetia|o__Corynebacteriales|f__Corynebacteriaceae|g__Corynebacterium|s__Corynebacterium_variabile,-0.1004395,-0.12316422,-0.15269458,-0.1559931,-0.15599328,-0.23867357,-0.1666669,-0.16813041,-0.10929718,-0.22895765,-0.23728925,-0.15269779,-0.22850217,-0.3768707,-0.08556121,-0.15241888,-0.058144663,-0.15234447,-0.15595157,-0.19931981,-0.1978925,-0.12806347,-0.15267456,-0.12711628,-0.20043859,-0.11658599,-0.182019,-0.25032333,-0.1509206,-0.15267786,-0.15142563,-0.10844302,-0.18249588,-0.28454733,-0.1526894,-0.12819602,-0.1526962,-0.22338755,-0.15269803,-0.29867563,-0.15269807,-0.29356226,-0.12770268,-0.15259966,-0.13691942,-0.15269442,-0.23188588,-0.24781659,-0.1296162,-0.12820011,-0.24679694,-0.18279888,-0.25087595,-0.26027086,-0.28621647,-0.27511892,-0.11894142,-0.15263987,-0.040142577,-0.056944285,-0.15221487,-0.11274739,-0.13743341,-0.12811658,-0.15268347,-0.15599018,-0.15599313,-0.15599355,-0.27573854,-0.15267098,-0.12812108,-0.16243835,-0.12334165,-0.14074792,-0.15267551,-0.15887658,-0.14481027,-0.12818597,-0.18691605,-0.14998752,-0.15269002,-0.15597901,-0.1559864,-0.15594539,-0.120334074,-0.13700745,-0.08858878,-0.15268612,-0.19008024,-0.15269354,-0.2004665,-0.11139822,-0.1388583,-0.13027036,-0.1074974,-0.15152657,-0.15262976,-0.15578547,-0.10065024,-0.08152827,-0.09427856,-0.15266266,-0.11960925,-0.15027548,-0.16982608,-0.1185138,-0.15267351,-0.15598914,-0.17738779,-0.15176103,-0.15269542,-0.25953975,-0.17989698,-0.13525523,-0.1526936,-0.15095688,-0.17780018,-0.2009549,-0.15268019,-0.09015879,-0.15249988,-0.12151222,-0.121854745,-0.13997786,-0.21433522,-0.13908121,-0.16057305,-0.15264653,-0.07092635,-0.15227617,-0.15547329,-0.18733518,-0.15252301,-0.12809972,-0.12334781,-0.14100276,-0.15266685,-0.114095174,-0.25318068,-0.26654312,-0.12751238,-0.10945694,-0.15266111,-0.09238048,-0.20963459,-0.15269372,-0.15594009,-0.12773071,-0.15264611,-0.16015086,-0.1553517,-0.15269658,2.3045654,1.5233933,-0.1272727,-0.10460003,-0.11361031,-0.10256614,-0.15269175,-0.19495486,-0.15267707,-0.12764063,-0.15259144,-0.041086134,-0.12967405,-0.15269572,-0.2300741,-0.1526832,-0.10384405,-0.15173969,-0.0784167,-0.15260097,-0.12766197,-0.15261516,-0.121451,-0.075820275,-0.09192432,-0.101488546,-0.15251885,-0.15593112,-0.12378413,-0.15259373,-0.1410757,-0.13984437,-0.18093297,-0.15269737,-0.25777104,-0.12844054,-0.152639,-0.13462572,-0.119081676,-0.15267822,-0.15599045,-0.15599155,-0.15599227,-0.19755594,-0.25103784,-0.20219928,-0.19465852,-0.24831252,-0.20506537,1.4253663,-0.15268776,-0.1278821,-0.11956477,-0.15268452,-0.1559881,-0.20931396,-0.18224281,-0.15267858,-0.32474133,-0.15269616,-0.15599403,-0.15599331,-0.15599307,-0.2185038,-0.15267767,-0.114121355,-0.1526798,-0.1559839,-0.15598825,-0.22984435,-0.15269205,-0.15597537,-0.08963354,-0.15262488,-0.15596229,-0.15597342,-0.15597466,-0.13302092,-0.1051107,-0.14014931,-0.15141064,-0.15839578,-0.15615125,-0.14613561,-0.1526898,-0.12319561,-0.12816718,-0.15266602,-0.15599391,-0.15599358,-0.1559936,-0.15599394,-0.38518023,-0.11451449,-0.15267122,-0.15564899,-0.14443555,-0.16636807,-0.1526931,-0.15594432,-0.12993515,-0.047159404,-0.14880446,-0.14016809,-0.14106366,-0.15259954,-0.19987361,-0.1649412,-0.17166539,-0.15267888,-0.15596697,-0.12722544,-0.14610182,-0.2588673,-0.12801662,-0.15261355,-0.09132757,-0.12832497,-0.13684332,-0.16221203,-0.15659244,-0.12751043,-0.1525258,-0.1559326,-0.15596461,-0.15598622,-0.15740095,-0.19795567,-0.15106063,-0.07294749,-0.2039893,-0.15267146,-0.15596354,-0.104459345,-0.15239269,-0.17466888,-0.13176009,-0.15267667,-0.15109587,-0.10913184,-0.15256628,-0.05825615,-0.14326635,-0.17082691,-0.15263659,-0.18883844,-0.15269685,-0.31316653,-0.15269044,-0.16808087,-0.14331596,-0.15269193,-0.15599166,-0.25088155,-0.15269709,-0.22115314,-0.07562123,-0.086852394,-0.10702289,-0.060967896,-0.14832768,-0.16796505,-0.15746465,-0.22133875,-0.12812386,-0.0969081,-0.16398169,-0.12716047,-0.11335766,-0.18846886,-0.12816197,-0.17755464,-0.0994983,-0.115196005,-0.15263748,-0.11662802,-0.19749595,-0.14526704,-0.12781724,-0.096878245,-0.15263772,-0.15586494,-0.12434345,-0.11230643,-0.063823454,-0.15259086,-0.11419349,-0.10007019,-0.24483351,-0.15269744,-0.155987,-0.16344379,-0.1759062,-0.12524253,-0.15268801,-0.0782174,-0.19187105,-0.18185812,-0.09859173,-0.11065883,-0.152477,-0.15578364,-0.083404,-0.1213824,-0.13072303,-0.13855581,-0.19385117,-0.15267313,-0.15598968,-0.19487974,-0.23847799,-0.2432746,-0.12791531,-0.15256342,-0.15597102,-0.14520228,-0.2961179,-0.15269697,-0.19813283,-0.12809068,-0.15265498,-0.060104962,-0.15931924,-0.15269582,-0.2028091,-0.2868003,-0.11816878,-0.14795661,-0.10060286,-0.15259421,-0.13614628,-0.20725825,-0.17393659,-0.125103,-0.15657571,-0.15690626,-0.1526949,-0.15599126,-0.16221246,-0.22200036,-0.12821008,-0.2814266,-0.15269771,-0.1915083,-0.24371436,-0.16952515,-0.15264326,-0.13369927,-0.12557748,-0.15269288,-0.18106565,-0.15269753,-0.18642783,-0.15266135,-0.30462334,-0.15262449,-0.14691104,-0.13029914,-0.15268911,-0.15598324,-0.18915205,-0.12815835,-0.15269245,-0.10481856,-0.1650517,-0.1526909,-0.15599254,-0.1559752,-0.127838,-0.15262921,-0.15597025,-0.15596423,-0.15597183,-0.15597716,-0.16505513,-0.17392421,-0.15268794,-0.15598789,-0.15598126,-0.15598822,-0.2025511,-0.15354379,-0.14723541,-0.1520315,-0.11499533,-0.10471026,-0.11893196,-0.15269038,-0.15594447,-0.1281302,-0.19501048,-0.15269545,-0.18738703,-0.11705899,-0.17429145,-0.15269056,-0.06652963,-0.1525295,-0.10737923,-0.124497145,-0.15298569,-0.052188452,-0.26007295
k__Bacteria|p__Actinobacteria|c__Coriobacteriia|o__Coriobacteriales|f__Coriobacteriaceae|g__Collinsella|s__Collinsella_SGB47518,-0.1004395,-0.12316422,-0.15439568,-0.15766186,-0.15766217,-0.23867357,-0.1666669,-0.16813041,-0.10929718,-0.22895765,-0.23728925,-0.15440099,-0.22850217,2.079323,-0.08556121,-0.15395433,-0.058144663,-0.15379605,-0.15759331,-0.19931981,-0.1978925,-0.12991993,-0.15436141,-0.12711628,-0.20043859,-0.11658599,-0.182019,-0.25032333,-0.1509206,-0.15436715,-0.15142563,-0.10844302,-0.18249588,-0.28454733,-0.1543858,-0.1301374,-0.15439829,-0.22338755,-0.15440139,-0.29867563,-0.15440147,-0.29356226,-0.12932445,-0.15423802,-0.13691942,-0.15439522,-0.23188588,-0.24781659,-0.1296162,-0.13014431,-0.24679694,-0.18279888,-0.25087595,-0.26027086,-0.28621647,-0.27511892,-0.11894142,-0.15430482,-0.040142577,-0.056944285,-0.15359992,-0.11274739,-0.13743341,-0.13001394,-0.15437755,-0.15765691,-0.15766194,-0.15766264,-0.27573854,-0.15435791,-0.13001484,-0.16243835,-0.12334165,-0.14074792,-0.15436316,-0.15887658,-0.14481027,-0.13011903,-0.18691605,-0.14998752,-0.15438801,-0.15763833,-0.157651,-0.15757631,-0.120334074,-0.13700745,-0.08858878,-0.15438133,-0.19008024,-0.15439376,-0.2004665,-0.11139822,-0.1388583,-0.13027036,-0.1074974,-0.15152657,-0.15428591,-0.15731038,-0.10065024,-0.08152827,-0.09427856,-0.15434119,-0.11960925,-0.15027548,-0.16982608,-0.1185138,-0.15436062,-0.15765509,-0.17738779,-0.15176103,-0.154397,-0.25953975,-0.17989698,-0.13525523,-0.1543938,-0.15095688,-0.17780018,-0.2009549,-0.15437132,-0.09015879,-0.15406513,-0.12151222,-0.121854745,-0.13997786,-0.21433522,-0.13908121,-0.16057305,-0.15431404,-0.07092635,-0.15370049,-0.15681802,-0.18733518,-0.15411782,-0.13000101,-0.12334781,-0.14100276,-0.15434884,-0.114095174,-0.25318068,-0.26654312,-0.12913524,-0.10945694,-0.15433867,-0.09238048,-0.20963459,-0.15439408,-0.15756905,-0.1294454,-0.15431613,-0.16015086,-0.1553517,-0.15439895,-0.19704957,-0.20616047,-0.12880817,-0.10460003,-0.11361031,-0.10256614,-0.1543906,-0.19495486,-0.15436295,-0.12934972,-0.15421957,-0.041086134,-0.12967405,-0.15439762,-0.2300741,-0.15437317,-0.10384405,-0.15284674,-0.0784167,-0.15424284,-0.12766197,-0.15426253,-0.121451,-0.075820275,-0.09192432,-0.101488546,-0.15410346,-0.15755701,-0.12378413,-0.15422408,-0.1410757,-0.13984437,-0.18093297,-0.15440029,-0.25777104,-0.12844054,-0.15429898,-0.13462572,-0.119081676,-0.15436764,-0.15765749,-0.15765932,-0.15766054,-0.19755594,-0.25103784,-0.20219928,-0.19465852,-0.24831252,-0.20506537,-0.22091979,-0.15438381,-0.12967663,-0.11956477,-0.15437824,-0.15765342,-0.20931396,-0.18224281,-0.15436895,-0.32474133,-0.15439817,-0.1576634,-0.1576622,-0.1576618,-0.2185038,-0.15436931,-0.114121355,-0.15437186,-0.15764713,-0.15765375,-0.22984435,-0.15439123,-0.15763652,-0.08963354,-0.15428145,-0.15760921,-0.15762937,-0.15763016,-0.13302092,-0.1051107,-0.14014931,-0.15141064,-0.15839578,-0.15615125,-0.14613561,-0.15438713,-0.12319561,-0.13008893,-0.15434885,-0.1576632,-0.15766269,-0.15766272,-0.15766326,-0.38518023,-0.11451449,-0.1543563,-0.15564899,-0.14443555,-0.16636807,-0.15439321,-0.15757984,-0.12993515,-0.047159404,-0.14804524,-0.14016809,-0.14106366,-0.15423653,-0.19987361,-0.1649412,-0.17166539,-0.15436885,-0.15761651,-0.12722544,-0.14610182,-0.2588673,-0.12986135,-0.1542598,-0.09132757,-0.12832497,-0.13684332,-0.16221203,-0.15659244,-0.1292196,-0.15412313,-0.15756059,-0.15761343,-0.1576502,-0.15740095,-0.19795567,-0.15106063,-0.07294749,-0.2039893,-0.1543574,-0.15761164,-0.104459345,-0.15397936,-0.17466888,-0.13176009,-0.1543644,-0.15109587,-0.10913184,-0.15418822,-0.05825615,-0.14326635,-0.17082691,-0.15429898,-0.18883844,-0.15439945,-0.31316653,-0.1543892,-0.16808087,-0.14331596,-0.15439102,-0.15765955,-0.25088155,-0.15439987,-0.22115314,-0.07562123,-0.086852394,-0.10702289,-0.060967896,-0.14724228,-0.16796505,-0.15746465,-0.22133875,-0.12812386,-0.0969081,-0.16398169,-0.12716047,-0.11335766,-0.18846886,-0.13007994,-0.17755464,-0.0994983,-0.115196005,-0.15429994,-0.11662802,-0.19749595,-0.14526704,-0.12781724,-0.096878245,-0.15429887,-0.15744719,-0.12434345,-0.11230643,-0.063823454,-0.15422425,-0.11419349,-0.10007019,-0.24483351,-0.15440041,-0.1576502,-0.16344379,-0.1759062,-0.12524253,-0.15438427,-0.0782174,-0.19187105,-0.18185812,-0.09859173,-0.11065883,-0.15402725,-0.15730894,-0.083404,-0.1213824,-0.13072303,-0.13855581,-0.19385117,-0.1543603,-0.15765604,-0.19487974,-0.23847799,-0.2432746,-0.12970604,-0.15417638,-0.15762502,-0.14520228,-0.2961179,-0.15439959,-0.19813283,-0.12997295,-0.15433037,-0.060104962,-0.15931924,-0.1543977,-0.2028091,-0.2868003,-0.11816878,-0.14795661,-0.10060286,-0.15422887,-0.13614628,-0.20725825,-0.17393659,-0.125103,-0.15657571,-0.15690626,-0.15439618,-0.15765867,-0.16221246,-0.22200036,-0.13016114,-0.2814266,-0.15440089,-0.1915083,-0.24371436,-0.16952515,-0.15430558,-0.13369927,-0.12557748,-0.15439281,-0.18106565,-0.15440059,-0.18642783,-0.1543396,-0.30462334,-0.15428033,-0.14691104,-0.13029914,-0.15438645,-0.15764517,-0.18915205,-0.13007079,-0.15439183,-0.10481856,-0.1650517,-0.15438962,-0.15766095,-0.15762866,-0.12961316,-0.15428485,-0.15762432,-0.1576142,-0.15762696,-0.15763569,-0.16505513,-0.17392421,-0.15438472,-0.15765299,-0.15764204,-0.1576536,-0.2025511,-0.15354379,-0.14723541,-0.15331483,-0.11499533,-0.10471026,-0.11893196,-0.15438855,-0.15757552,-0.13002594,-0.19501048,-0.15439719,-0.18738703,-0.11705899,-0.17429145,-0.1543859,-0.06652963,-0.15411887,-0.10737923,-0.124497145,-0.15298569,-0.052188452,-0.26007295
k__Bacteria|p__Actinobacteria|c__Actinomycetia|o__Bifidobacteriales|f__Bifidobacteriaceae|g__Bifidobacterium|s__Bifidobacterium_pullorum,-0.1004395,-0.12316422,-0.15338378,-0.15670754,-0.15670782,-0.23867357,-0.1666669,-0.16813041,-0.10929718,-0.22895765,-0.23728925,-0.1533888,-0.22850217,-0.3768707,-0.08556121,-0.15296775,-0.058144663,-0.15282911,-0.1566425,-0.19931981,-0.1978925,-0.12851427,-0.15335181,-0.12711628,-0.20043859,-0.11658599,-0.182019,-0.25032333,-0.1509206,-0.15335698,-0.15142563,-0.10844302,-0.18249588,-0.28454733,-0.15337506,-0.12869914,-0.1533863,-0.22338755,-0.15338919,-0.29867563,-0.15338925,-0.29356226,-0.1280193,-0.15323436,-0.13691942,-0.1533834,-0.23188588,-0.24781659,-0.1296162,-0.12870514,-0.24679694,-0.18279888,-0.25087595,-0.26027086,-0.28621647,-0.27511892,-0.11894142,-0.15329857,-0.040142577,-0.056944285,-0.1526311,-0.11274739,-0.13743341,-0.12859285,-0.15336649,-0.15670292,-0.1567076,-0.15670827,-0.27573854,-0.1533487,-0.12859249,-0.16243835,-0.12334165,-0.14074792,-0.15335345,-0.15887658,-0.14481027,-0.12868357,-0.18691605,-0.14998752,-0.15337661,-0.15668544,-0.15669718,-0.15662953,-0.120334074,-0.13700745,-0.08858878,-0.15337038,-0.19008024,-0.15338206,-0.2004665,-0.11139822,-0.1388583,-0.13027036,-0.1074974,-0.15152657,-0.15328161,-0.15640062,-0.10065024,-0.08152827,-0.09427856,-0.15333307,-0.11960925,-0.15027548,-0.16982608,-0.1185138,-0.1533505,-0.15670124,-0.17738779,-0.15176103,-0.15338504,1.2834489,-0.17989698,-0.13525523,-0.15338212,-0.15095688,-0.17780018,-0.2009549,-0.15336107,-0.09015879,-0.15307665,-0.12151222,-0.121854745,-0.13997786,-0.21433522,-0.13908121,-0.16057305,-0.15330786,-0.07092635,-0.15273131,-0.15590046,-0.18733518,-0.15311754,-0.1285838,-0.12334781,-0.14100276,-0.15333992,-0.114095174,-0.25318068,-0.26654312,-0.12788948,-0.10945694,-0.1533307,-0.09238048,-0.20963459,-0.15338236,-0.15662012,-0.12812974,-0.15330814,-0.16015086,-0.1553517,-0.15338689,-0.19704957,-0.20616047,-0.12758674,-0.10460003,-0.11361031,-0.10256614,-0.15337917,-0.19495486,-0.15335456,-0.1280678,-0.15322018,-0.041086134,-0.12967405,-0.15338558,-0.2300741,-0.15336362,-0.10384405,-0.15192339,-0.0784167,-0.15323876,-0.12766197,-0.15325916,-0.121451,-0.075820275,-0.09192432,-0.101488546,-0.15311095,-0.15660983,-0.12378413,-0.15322638,-0.1410757,-0.13984437,-0.18093297,-0.15338814,-0.25777104,-0.12844054,-0.15329587,-0.13462572,-0.119081676,-0.1533578,-0.1567034,-0.15670511,-0.15670627,-0.19755594,-0.25103784,-0.20219928,-0.19465852,-0.24831252,-0.20506537,-0.22091979,-0.1533727,-0.12832499,-0.11956477,-0.15336764,-0.15669964,-0.20931396,-0.18224281,-0.15335873,-0.32474133,-0.1533862,-0.156709,-0.15670788,-0.1567075,-0.2185038,-0.15335798,-0.114121355,-0.15336087,-0.15669334,-0.15669984,-0.22984435,-0.15337974,-0.1566818,-0.08963354,-0.15327547,-0.15665865,-0.15667677,-0.15667817,-0.13302092,-0.1051107,-0.14014931,-0.15141064,-0.15839578,-0.15615125,-0.14613561,-0.15337598,-0.12319561,-0.12865543,-0.1533392,-0.1567088,-0.15670833,-0.15670833,-0.15670885,-0.38518023,-0.11451449,-0.15334685,-0.15564899,-0.14443555,-0.16636807,-0.15338144,-0.15662979,-0.12993515,-0.047159404,-0.14731438,-0.14016809,-0.14106366,-0.153234,-0.19987361,-0.1649412,-0.17166539,-0.15335883,-0.15666576,-0.12722544,-0.14610182,-0.2588673,-0.12847516,-0.1532574,-0.09132757,-0.12832497,-0.13684332,-0.16221203,-0.15659244,-0.12796235,-0.15312475,-0.15661272,-0.15666237,-0.15669663,-0.15740095,-0.19795567,-0.15106063,-0.07294749,-0.2039893,-0.15334763,-0.15666097,-0.104459345,-0.15304253,-0.17466888,-0.13176009,-0.153355,-0.15109587,-0.10913184,-0.15318877,-0.05825615,-0.14326635,-0.17082691,-0.15329269,-0.18883844,-0.15338734,-0.31316653,-0.15337744,-0.16808087,-0.14331596,-0.1533795,-0.15670532,-0.25088155,-0.15338773,-0.22115314,-0.07562123,-0.086852394,-0.10702289,-0.060967896,-0.14657158,-0.16796505,-0.15746465,-0.22133875,-0.12812386,-0.0969081,-0.16398169,-0.12716047,-0.11335766,-0.18846886,-0.12864994,-0.17755464,-0.0994983,-0.115196005,-0.15329394,-0.11662802,-0.19749595,-0.14526704,-0.12781724,-0.096878245,-0.153294,-0.15650722,-0.12434345,-0.11230643,-0.063823454,-0.15322283,-0.11419349,-0.10007019,-0.24483351,-0.15338826,-0.1566968,-0.16344379,-0.1759062,-0.12524253,-0.15337324,-0.0782174,-0.19187105,-0.18185812,-0.09859173,-0.11065883,-0.15304106,-0.156378,-0.083404,-0.1213824,-0.13072303,-0.13855581,-0.19385117,-0.1533502,-0.1567021,-0.19487974,-0.23847799,-0.2432746,-0.12833196,-0.1531786,-0.15667278,-0.14520228,-0.2961179,-0.1533875,-0.19813283,-0.12855971,-0.15332215,-0.060104962,-0.15931924,-0.15338568,-0.2028091,-0.2868003,-0.11816878,-0.14795661,-0.10060286,-0.15322652,-0.13614628,-0.20725825,-0.17393659,-0.125103,-0.15657571,-0.15690626,-0.15338424,-0.15670459,-0.16221246,-0.22200036,-0.12872043,-0.2814266,-0.15338868,-0.1915083,-0.24371436,-0.16952515,-0.15330032,-0.13369927,-0.12557748,-0.15338105,-0.18106565,-0.15338841,-0.18642783,-0.15333079,-0.30462334,-0.15327421,-0.14691104,-0.13029914,-0.15337515,-0.15669191,4.8085666,-0.1286416,-0.15338027,-0.10481856,-0.1650517,-0.15337802,-0.15670668,-0.15667698,-0.128271,-0.15328063,-0.15667185,-0.15666252,-0.15667436,-0.15668276,-0.16505513,-0.17392421,-0.15337339,-0.15669927,-0.15668888,-0.1566998,-0.2025511,-0.15354379,-0.14723541,-0.15235177,-0.11499533,-0.10471026,-0.11893196,-0.15337713,-0.15662733,-0.128602,-0.19501048,-0.15338516,-0.18738703,-0.11705899,-0.17429145,-0.15337533,-0.06652963,-0.15312566,-0.10737923,-0.124497145,-0.15298569,-0.052188452,-0.26007295
k__Bacteria|p__Actinobacteria|c__Actinomycetia|o__Propionibacteriales|f__Propionibacteriaceae|g__Cutibacterium|s__Cutibacterium_avidum,-0.1004395,-0.12316422,-0.14919505,-0.15236679,-0.15236703,-0.23867357,-0.1666669,-0.16813041,-0.10929718,-0.22895765,-0.23728925,-0.14919895,-0.22850217,-0.3768707,-0.08556121,-0.14886811,-0.058144663,-0.14876458,-0.15231632,-0.19931981,-0.1978925,-0.12547603,-0.1491703,-0.12711628,-0.20043859,-0.11658599,-0.182019,-0.25032333,4.0017505,-0.14917427,2.807932,-0.10844302,-0.18249588,-0.28454733,-0.14918792,-0.1256381,-0.14919701,-0.22338755,-0.14919925,-0.29867563,-0.1491993,-0.29356226,-0.12504204,-0.14907889,-0.13691942,-0.14919479,-0.23188588,-0.24781659,-0.1296162,-0.1256431,-0.24679694,-0.18279888,-0.25087595,-0.26027086,-0.28621647,-0.27511892,6.8642516,-0.14912848,-0.040142577,-0.056944285,-0.14861123,-0.11274739,-0.13743341,-0.12554482,-0.14918159,-0.15236321,-0.15236682,-0.15236735,-0.27573854,-0.14916602,-0.12554634,-0.16243835,-0.12334165,-0.14074792,-0.14917162,-0.15887658,-0.14481027,-0.12562479,-0.18691605,-0.14998752,-0.14918949,-0.15234962,-0.15235871,-0.15230319,-0.120334074,1.8186208,1.8411645,-0.14918467,-0.19008024,-0.14919373,-0.2004665,-0.11139822,-0.1388583,-0.13027036,-0.1074974,-0.15152657,-0.14911571,-0.15209821,4.9565682,5.232858,6.873792,-0.14915572,4.393991,-0.15027548,3.5658033,-0.1185138,-0.14916924,-0.1523619,-0.17738779,-0.15176103,-0.14919603,-0.25953975,-0.17989698,-0.13525523,-0.14919378,-0.15095688,-0.17780018,-0.2009549,-0.14917651,-0.09015879,-0.14895631,-0.12151222,-0.121854745,-0.13997786,-0.21433522,-0.13908121,6.207201,-0.14913607,-0.07092635,-0.1486855,-0.15173803,-0.18733518,-0.14898516,-0.12553178,3.166889,-0.14100276,-0.14916112,-0.114095174,-0.25318068,-0.26654312,-0.12486467,-0.10945694,-0.14915395,-0.09238048,-0.20963459,-0.14919397,-0.15229765,-0.12510133,-0.14913628,-0.16015086,-0.1553517,-0.14919747,-0.19704957,-0.20616047,-0.12460835,-0.10460003,-0.11361031,-0.10256614,-0.1491915,-0.19495486,-0.14917167,-0.12503198,-0.14906806,-0.041086134,-0.12967405,-0.14919645,-0.2300741,-0.14917916,-0.10384405,-0.14804882,-0.0784167,-0.1490821,-0.12766197,-0.14909825,-0.121451,-0.075820275,-0.09192432,-0.101488546,-0.1489816,-0.15229097,-0.12378413,-0.14906332,-0.1410757,-0.13984437,-0.18093297,-0.14919844,-0.25777104,-0.12844054,-0.14912266,2.4484842,4.4146614,-0.14917496,-0.15236357,-0.15236491,-0.1523658,-0.19755594,-0.25103784,-0.20219928,-0.19465852,-0.24831252,-0.20506537,-0.22091979,-0.14918625,-0.12527955,-0.11956477,-0.14918259,-0.15236066,-0.20931396,-0.18224281,-0.14917496,-0.32474133,-0.14919694,-0.15236792,-0.15236704,-0.15236676,-0.2185038,-0.14917405,-0.114121355,-0.14917722,-0.15235567,-0.15236083,-0.22984435,-0.14919193,-0.1523459,-0.08963354,-0.14911069,-0.15232894,-0.15234289,-0.15234411,-0.13302092,-0.1051107,5.678448,6.1430283,5.8330283,2.0502858,-0.14613561,-0.14918908,-0.12319561,-0.12560281,-0.14916041,-0.15236777,-0.15236738,-0.1523674,-0.1523678,-0.38518023,-0.11451449,-0.14916644,-0.15564899,-0.14443555,-0.16636807,-0.14919323,-0.15230572,-0.12993515,-0.047159404,-0.14448482,-0.14016809,-0.14106366,-0.14907902,-0.19987361,-0.1649412,-0.17166539,-0.14917575,-0.15233454,-0.12722544,-0.14610182,-0.2588673,-0.1254271,-0.14909622,-0.09132757,-0.12832497,-0.13684332,-0.16221203,-0.15659244,-0.12490575,-0.1489918,-0.152293,-0.15233174,-0.15235832,-0.15740095,-0.19795567,-0.15106063,-0.07294749,-0.2039893,-0.14916691,-0.15233064,-0.104459345,-0.14883095,-0.17466888,-0.13176009,-0.14917287,-0.15109587,-0.10913184,-0.14904168,-0.05825615,-0.14326635,-0.17082691,-0.14912435,-0.18883844,-0.14919782,-0.31316653,-0.14919001,-0.16808087,-0.14331596,-0.14919174,-0.15236506,-0.25088155,-0.14919811,-0.22115314,-0.07562123,-0.086852394,-0.10702289,-0.060967896,-0.14390165,-0.16796505,-0.15746465,-0.22133875,-0.12812386,-0.0969081,-0.16398169,-0.12716047,-0.11335766,-0.18846886,-0.12559609,-0.17755464,-0.0994983,-0.115196005,-0.14912531,-0.11662802,-0.19749595,4.5497518,-0.12781724,-0.096878245,-0.14912541,-0.15221065,-0.12434345,-0.11230643,-0.063823454,-0.14906943,-0.11419349,-0.10007019,-0.24483351,-0.14919853,-0.15235837,-0.16344379,-0.1759062,-0.12524253,-0.14918691,-0.0782174,-0.19187105,-0.18185812,-0.09859173,-0.11065883,-0.14892858,-0.15211064,-0.083404,-0.1213824,-0.13072303,-0.13855581,5.4884424,-0.14916897,-0.15236256,-0.19487974,-0.23847799,-0.2432746,-0.12531914,-0.14903536,-0.15233982,-0.14520228,-0.2961179,-0.14919795,-0.19813283,-0.12551324,-0.14914694,-0.060104962,-0.15931924,-0.14919654,-0.2028091,-0.2868003,-0.11816878,-0.14795661,-0.10060286,-0.14907269,-0.13614628,-0.20725825,-0.17393659,-0.125103,-0.15657571,-0.15690626,-0.14919543,-0.15236449,-0.16221246,-0.22200036,-0.12565537,-0.2814266,-0.14919886,2.1867795,-0.24371436,-0.16952515,-0.14912766,-0.13369927,-0.12557748,-0.14919293,-0.18106565,-0.14919867,-0.18642783,-0.14915287,-0.30462334,-0.14910993,-0.14691104,-0.13029914,-0.14918837,-0.15235472,-0.18915205,-0.12559,-0.14919235,-0.10481856,-0.1650517,-0.14919057,-0.1523661,-0.15234259,-0.12523988,-0.14911497,-0.15233906,-0.15233177,-0.152341,-0.1523475,-0.16505513,-0.17392421,-0.14918698,-0.1523604,-0.15235233,-0.1523608,-0.2025511,-0.15354379,-0.14723541,-0.14839229,-0.11499533,-0.10471026,-0.11893196,-0.14918989,-0.15230322,-0.12555677,-0.19501048,-0.14919612,-0.18738703,-0.11705899,-0.17429145,-0.1491882,-0.06652963,-0.14899361,-0.10737923,-0.124497145,-0.15298569,-0.052188452,-0.26007295
k__Bacteria|p__Actinobacteria|c__Coriobacteriia|o__Coriobacteriales|f__Coriobacteriaceae|g__Collinsella|s__Collinsella_SGB47280,-0.1004395,-0.12316422,-0.15292808,-0.15622379,-0.15622406,-0.23867357,-0.1666669,-0.16813041,-0.10929718,-0.22895765,-0.23728925,-0.15293278,-0.22850217,-0.3768707,-0.08556121,-0.15254012,-0.058144663,-0.15241346,-0.1561629,-0.19931981,-0.1978925,-0.12827504,-0.1528983,-0.12711628,-0.20043859,-0.11658599,-0.182019,-0.25032333,-0.1509206,-0.15290293,-0.15142563,-0.10844302,-0.18249588,-0.28454733,-0.15291977,-0.12845162,-0.15293044,-0.22338755,-0.15293314,-0.29867563,-0.15293321,-0.29356226,-0.12780713,-0.15278764,-0.13691942,-0.15292776,3.9036372,-0.24781659,-0.1296162,-0.12845728,-0.24679694,-0.18279888,-0.25087595,-0.26027086,-0.28621647,-0.27511892,-0.11894142,-0.15284838,-0.040142577,-0.056944285,-0.15222098,-0.11274739,-0.13743341,-0.12834942,-0.15291178,-0.15621948,-0.15622383,-0.15622446,-0.27573854,-0.15289411,-0.12834999,-0.16243835,-0.12334165,-0.14074792,-0.1528998,-0.15887658,-0.14481027,-0.12843737,-0.18691605,-0.14998752,-0.15292138,-0.15620309,-0.156214,-0.1561492,-0.120334074,-0.13700745,-0.08858878,-0.1529156,-0.19008024,-0.1529265,-0.2004665,-0.11139822,-0.1388583,-0.13027036,-0.1074974,-0.15152657,-0.15283269,-0.15592247,-0.10065024,-0.08152827,-0.09427856,-0.15288085,-0.11960925,-0.15027548,-0.16982608,-0.1185138,-0.15289679,-0.1562179,-0.17738779,-0.15176103,-0.15292926,-0.25953975,-0.17989698,-0.13525523,-0.15292656,-0.15095688,-0.17780018,-0.2009549,-0.1529061,-0.09015879,-0.15264204,-0.12151222,-0.121854745,-0.13997786,-0.21433522,-0.13908121,-0.16057305,-0.1528573,-0.07092635,-0.15231784,-0.15546085,-0.18733518,-0.15267429,-0.1283414,-0.12334781,-0.14100276,-0.15288717,-0.114095174,-0.25318068,-0.26654312,-0.12764274,-0.10945694,-0.15287863,-0.09238048,-0.20963459,-0.15292677,-0.15613994,-0.12788875,-0.15285721,-0.16015086,-0.1553517,-0.152931,-0.19704957,-0.20616047,-0.12736012,-0.10460003,-0.11361031,-0.10256614,-0.15292382,-0.19495486,-0.15290032,-0.12781559,-0.15277572,-0.041086134,-0.12967405,-0.15292975,-0.2300741,-0.15290898,-0.10384405,-0.15155686,-0.0784167,-0.15279217,-0.12766197,-0.15281168,-0.121451,-0.075820275,-0.09192432,-0.101488546,-0.152673,-0.15613276,-0.12378413,-0.15277776,3.3670537,2.512829,-0.18093297,-0.15293217,-0.25777104,-0.12844054,-0.15284365,-0.13462572,-0.119081676,-0.15290399,-0.15621993,-0.15622151,-0.15622258,-0.19755594,-0.25103784,-0.20219928,-0.19465852,-0.24831252,-0.20506537,-0.22091979,-0.15291747,-0.12807955,-0.11956477,-0.15291306,-0.15621638,-0.20931396,-0.18224281,-0.15290411,-0.32474133,-0.15293036,-0.15622514,-0.1562241,-0.15622374,-0.2185038,-0.15290335,-0.114121355,-0.15290648,-0.15621029,-0.15621659,-0.22984435,-0.15292434,-0.15619916,-0.08963354,-0.15282664,-0.15617833,-0.15619487,-0.15619652,-0.13302092,-0.1051107,-0.14014931,-0.15141064,-0.15839578,-0.15615125,-0.14613561,-0.15292092,-0.12319561,-0.1284104,-0.15288602,-0.15622497,-0.15622452,-0.15622452,-0.15622501,-0.38518023,-0.11451449,-0.1528935,-0.15564899,-0.14443555,-0.16636807,-0.15292585,-0.15614969,-0.12993515,-0.047159404,-0.14720187,-0.14016809,-0.14106366,-0.15278774,-0.19987361,-0.1649412,-0.17166539,-0.15290481,-0.15618506,-0.12722544,-0.14610182,-0.2588673,-0.12823217,-0.15281005,-0.09132757,-0.12832497,-0.13684332,-0.16221203,-0.15659244,-0.12769103,-0.15268478,-0.1561352,-0.15618168,-0.15621361,-0.15740095,-0.19795567,-0.15106063,-0.07294749,-0.2039893,-0.15289405,-0.1561805,-0.104459345,-0.15255898,-0.17466888,-0.13176009,-0.15290141,-0.15109587,-0.10913184,-0.152745,-0.05825615,-0.14326635,-0.17082691,-0.15284267,-0.18883844,-0.1529314,-0.31316653,-0.15292192,-0.16808087,-0.14331596,-0.1529241,-0.15622167,-0.25088155,-0.15293175,-0.22115314,-0.07562123,-0.086852394,-0.10702289,-0.060967896,-0.1465042,-0.16796505,-0.15746465,-0.22133875,-0.12812386,-0.0969081,-0.16398169,-0.12716047,-0.11335766,2.2621984,-0.12840462,-0.17755464,-0.0994983,-0.115196005,-0.15284395,-0.11662802,-0.19749595,-0.14526704,-0.12781724,-0.096878245,-0.15284461,-0.15603653,-0.12434345,-0.11230643,-0.063823454,-0.15277767,-0.11419349,-0.10007019,-0.24483351,-0.15293229,-0.15621355,-0.16344379,-0.1759062,-0.12524253,-0.1529183,-0.0782174,-0.19187105,-0.18185812,-0.09859173,-0.11065883,-0.1526082,-0.15591598,-0.083404,-0.1213824,-0.13072303,-0.13855581,-0.19385117,-0.15289645,-0.15621871,-0.19487974,-0.23847799,-0.2432746,-0.12808876,-0.15273622,-0.15619117,-0.14520228,-0.2961179,-0.15293159,-0.19813283,-0.1283172,-0.15287021,-0.060104962,-0.15931924,-0.15292984,-0.2028091,-0.2868003,-0.11816878,-0.14795661,-0.10060286,-0.1527805,-0.13614628,-0.20725825,-0.17393659,-0.125103,-0.15657571,-0.15690626,-0.15292853,-0.15622102,-0.16221246,-0.22200036,-0.12847157,1.3954333,-0.15293267,-0.1915083,-0.24371436,-0.16952515,-0.15284817,-0.13369927,-0.12557748,-0.15292549,-0.18106565,-0.15293244,-0.18642783,-0.15287745,-0.30462334,-0.15282488,-0.14691104,-0.13029914,-0.15292001,-0.15620923,-0.18915205,-0.12839758,-0.15292484,-0.10481856,-0.1650517,-0.15292265,-0.15622297,-0.15619457,-0.12801453,-0.15283193,-0.1561902,-0.1561816,-0.1561926,-0.15620065,-0.16505513,-0.17392421,-0.1529183,-0.15621608,-0.15620631,-0.15621658,-0.2025511,-0.15354379,-0.14723541,-0.15195334,-0.11499533,-0.10471026,-0.11893196,-0.15292186,-0.1561473,-0.1283603,-0.19501048,-0.15292934,-0.18738703,-0.11705899,-0.17429145,-0.15292,-0.06652963,-0.15268773,-0.10737923,-0.124497145,-0.15298569,-0.052188452,-0.26007295
k__Bacteria|p__Actinobacteria|c__Actinomycetia|o__Actinomycetales|f__Actinomycetaceae|g__Actinomyces|s__Actinomyces_oris,-0.1004395,-0.12316422,-0.15193284,-0.15516633,-0.15516661,-0.23867357,-0.1666669,-0.16813041,-0.10929718,-0.22895765,-0.23728925,-0.15193765,-0.22850217,-0.3768707,-0.08556121,-0.15152186,-0.058144663,-0.15139776,-0.15510389,-0.19931981,-0.1978925,-0.12772264,-0.1519022,-0.12711628,-0.20043859,-0.11658599,-0.182019,0.7770197,-0.1509206,-0.15190724,-0.15142563,-0.10844302,-0.18249588,-0.28454733,-0.15192422,-0.12791754,-0.15193525,-0.22338755,-0.151938,-0.29867563,-0.15193808,-0.29356226,-0.12720667,-0.15178964,-0.13691942,-0.1519325,-0.23188588,-0.24781659,-0.1296162,-0.12792376,-0.24679694,-0.18279888,-0.25087595,-0.26027086,-0.28621647,-0.27511892,-0.11894142,-0.15185064,-0.040142577,-0.056944285,-0.15121289,-0.11274739,-0.13743341,-0.12780394,-0.15191624,-0.15516192,-0.15516639,-0.15516703,-0.27573854,-0.15189695,-0.12780754,-0.16243835,-0.12334165,-0.14074792,-0.15190384,-0.15887658,-0.14481027,-0.12790179,-0.18691605,-0.14998752,-0.15192595,-0.15514514,-0.15515637,-0.15508744,-0.120334074,-0.13700745,-0.08858878,-0.15191999,-0.19008024,-0.1519312,-0.2004665,-0.11139822,-0.1388583,-0.13027036,-0.1074974,-0.15152657,-0.15183464,-0.1548242,-0.10065024,-0.08152827,-0.09427856,-0.15188411,-0.11960925,-0.15027548,-0.16982608,-0.1185138,-0.15190092,-0.15516028,-0.17738779,-0.15176103,-0.15193406,-0.25953975,-0.17989698,-0.13525523,-0.15193126,-0.15095688,-0.17780018,-0.2009549,-0.15191014,-0.09015879,-0.1516371,-0.12151222,-0.121854745,-0.13997786,-0.21433522,-0.13908121,-0.16057305,-0.15185973,-0.07092635,-0.15130103,-0.15439342,-0.18733518,-0.15167472,-0.12778902,-0.12334781,-0.14100276,-0.15189077,-0.114095174,-0.25318068,-0.26654312,-0.12698954,-0.10945694,-0.1518819,-0.09238048,-0.20963459,-0.15193148,-0.15508157,-0.12727213,-0.15185982,-0.16015086,-0.1553517,-0.15193582,-0.19704957,-0.20616047,-0.12671307,-0.10460003,-0.11361031,-0.10256614,-0.15192842,-0.19495486,-0.15190387,-0.12718719,-0.15177499,-0.041086134,-0.12967405,-0.15193456,-0.2300741,-0.15191326,-0.10384405,-0.15049556,-0.0784167,-0.15179247,-0.12766197,-0.15181285,1.3795255,-0.075820275,-0.09192432,-0.101488546,-0.15166849,-0.15507227,-0.12378413,-0.15176874,-0.1410757,-0.13984437,-0.18093297,-0.15193701,-0.25777104,-0.12844054,-0.15184444,-0.13462572,-0.119081676,-0.15190788,-0.15516236,-0.155164,-0.1551651,-0.19755594,-0.25103784,-0.20219928,-0.19465852,-0.24831252,-0.20506537,-0.22091979,-0.15192205,-0.12748253,-0.11956477,-0.15191738,-0.15515877,-0.20931396,-0.18224281,-0.15190801,-0.32474133,-0.15193516,-0.15516773,-0.15516666,-0.15516628,-0.2185038,-0.15190722,-0.114121355,-0.15191087,-0.15515272,-0.15515897,-0.22984435,-0.15192895,-0.15514073,-0.08963354,-0.15182853,-0.15511942,-0.15513687,-0.15513816,-0.13302092,-0.1051107,-0.14014931,-0.15141064,-0.15839578,-0.15615125,-0.14613561,-0.15192538,-0.12319561,-0.127874,-0.15189022,-0.15516755,-0.15516709,-0.15516709,-0.15516758,-0.38518023,-0.11451449,-0.15189748,-0.15564899,-0.14443555,-0.16636807,-0.1519306,-0.15509143,-0.12993515,-0.047159404,-0.14612687,-0.14016809,-0.14106366,-0.15178958,-0.19987361,-0.1649412,-0.17166539,-0.15190893,-0.1551263,-0.12722544,-0.14610182,-0.2588673,-0.127663,-0.15181048,-0.09132757,-0.12832497,-0.13684332,-0.16221203,-0.15659244,-0.12704715,-0.15168181,-0.15507513,-0.15512295,-0.15515587,-0.15740095,-0.19795567,-0.15106063,-0.07294749,-0.2039893,-0.15189818,-0.15512142,-0.104459345,-0.15150394,-0.17466888,-0.13176009,-0.1519053,-0.15109587,-0.10913184,-0.15174255,-0.05825615,-0.14326635,-0.17082691,-0.1518456,-0.18883844,-0.15193623,-0.31316653,-0.1519267,-0.16808087,-0.14331596,-0.15192874,-0.1551642,-0.25088155,-0.1519366,-0.22115314,-0.07562123,-0.086852394,-0.10702289,-0.060967896,-0.14541641,-0.16796505,-0.15746465,-0.22133875,-0.12812386,-0.0969081,-0.16398169,-0.12716047,-0.11335766,-0.18846886,-0.12786606,-0.17755464,-0.0994983,-0.115196005,-0.15184659,-0.11662802,-0.19749595,-0.14526704,-0.12781724,-0.096878245,-0.1518465,-0.15497297,-0.12434345,-0.11230643,-0.063823454,-0.15177682,-0.11419349,-0.10007019,-0.24483351,-0.15193713,-0.15515599,-0.16344379,-0.1759062,-0.12524253,-0.15192276,-0.0782174,-0.19187105,-0.18185812,-0.09859173,-0.11065883,-0.15160272,-0.15484907,-0.083404,-0.1213824,-0.13072303,-0.13855581,-0.19385117,-0.15190066,-0.15516111,-0.19487974,-0.23847799,1.7076831,-0.1275273,-0.15173519,-0.15513304,-0.14520228,2.1037488,-0.15193641,-0.19813283,-0.12776648,-0.15187347,-0.060104962,-0.15931924,-0.15193468,-0.2028091,-0.2868003,-0.11816878,-0.14795661,-0.10060286,-0.1517818,-0.13614628,-0.20725825,-0.17393659,-0.125103,-0.15657571,-0.15690626,-0.15193328,-0.1551635,-0.16221246,-0.22200036,-0.12793875,-0.2814266,-0.15193753,-0.1915083,-0.24371436,-0.16952515,-0.15184966,-0.13369927,-0.12557748,-0.15193021,-0.18106565,-0.15193728,-0.18642783,-0.15188107,-0.30462334,-0.15182802,-0.14691104,-0.13029914,-0.15192455,-0.15515137,1.309781,-0.127859,-0.15192947,-0.10481856,-0.1650517,-0.15192734,-0.1551655,-0.15513629,-0.12741968,-0.1518336,-0.15513211,-0.15512308,-0.15513453,-0.15514243,-0.16505513,-0.17392421,-0.15192288,-0.15515842,-0.15514849,-0.15515894,-0.2025511,-0.15354379,-0.14723541,-0.15094583,-0.11499533,-0.10471026,-0.11893196,-0.15192644,-0.15508746,-0.12781772,-0.19501048,-0.15193415,-0.18738703,-0.11705899,-0.17429145,-0.15192443,-0.06652963,-0.1516824,-0.10737923,-0.124497145,-0.15298569,-0.052188452,-0.26007295
k__Bacteria|p__Actinobacteria|c__Coriobacteriia|o__Coriobacteriales|f__Coriobacteriaceae|g__Collinsella|s__Collinsella_intestinalis,-0.1004395,-0.12316422,-0.1523636,-0.15564826,-0.15564853,-0.23867357,-0.1666669,-0.16813041,-0.10929718,-0.22895765,-0.23728925,-0.15236816,-0.22850217,-0.3768707,-0.08556121,-0.15198547,-0.058144663,-0.15186578,-0.15558937,-0.19931981,-0.1978925,-0.12778665,-0.15233478,-0.12711628,-0.20043859,-0.11658599,-0.182019,-0.25032333,-0.1509206,-0.15233919,-0.15142563,-0.10844302,-0.18249588,-0.28454733,-0.15235524,-0.12796868,-0.1523659,-0.22338755,-0.15236849,-0.29867563,-0.15236856,-0.29356226,-0.12730053,-0.15222724,-0.13691942,-0.15236333,-0.23188588,-0.24781659,-0.1296162,-0.12797424,-0.24679694,-0.18279888,-0.25087595,-0.26027086,-0.28621647,5.821752,-0.11894142,-0.15228632,-0.040142577,-0.056944285,-0.1516791,-0.11274739,-0.13743341,-0.12786208,-0.15234777,-0.15564412,-0.15564832,-0.15564892,-0.27573854,-0.15232965,-0.12786494,-0.16243835,-0.12334165,-0.14074792,-0.15233625,-0.15887658,-0.14481027,-0.12795395,-0.18691605,-0.14998752,-0.15235713,-0.15562823,-0.15563878,-0.15557367,-0.120334074,-0.13700745,-0.08858878,-0.15235154,-0.19008024,-0.15236208,-0.2004665,-0.11139822,-0.1388583,-0.13027036,-0.1074974,-0.15152657,-0.15227118,-0.15533736,-0.10065024,-0.08152827,-0.09427856,-0.15231788,-0.11960925,-0.15027548,-0.16982608,-0.1185138,-0.15233333,-0.15564254,-0.17738779,-0.15176103,-0.15236476,-0.25953975,-0.17989698,-0.13525523,-0.15236214,-0.15095688,-0.17780018,-0.2009549,-0.15234163,-0.09015879,-0.15208663,-0.12151222,-0.121854745,-0.13997786,-0.21433522,-0.13908121,-0.16057305,-0.15229505,-0.07092635,-0.1517716,-0.15490803,-0.18733518,-0.15211597,-0.12784885,-0.12334781,-0.14100276,-0.15232405,-0.114095174,-0.25318068,-0.26654312,-0.12710291,-0.10945694,-0.15231577,-0.09238048,-0.20963459,-0.15236235,-0.15556619,-0.12736955,-0.15229501,-0.16015086,-0.1553517,-0.15236643,-0.19704957,-0.20616047,-0.12681946,-0.10460003,-0.11361031,-0.10256614,-0.15235952,-0.19495486,-0.15233612,-0.12728101,-0.15221612,-0.041086134,-0.12967405,-0.15236521,-0.2300741,-0.15234473,-0.10384405,-0.15103135,-0.0784167,-0.1522321,-0.12766197,-0.1522509,-0.121451,-0.075820275,-0.09192432,-0.101488546,-0.15211561,-0.15556014,-0.12378413,-0.15221284,-0.1410757,-0.13984437,-0.18093297,-0.15236756,-0.25777104,-0.12844054,-0.15227982,-0.13462572,-0.119081676,-0.15234032,-0.1556445,-0.15564606,-0.1556471,-0.19755594,-0.25103784,-0.20219928,-0.19465852,-0.24831252,-0.20506537,-0.22091979,-0.15235323,-0.12756577,-0.11956477,-0.15234913,-0.15564108,-0.20931396,-0.18224281,-0.15234007,-0.32474133,-0.15236583,-0.15564957,-0.15564856,-0.15564823,-0.2185038,-0.1523394,-0.114121355,-0.15234269,-0.15563515,-0.15564132,-0.22984435,-0.15235999,-0.1556242,-0.08963354,-0.15226533,-0.15560436,-0.15562025,-0.15562192,-0.13302092,-0.1051107,-0.14014931,-0.15141064,-0.15839578,-0.15615125,-0.14613561,-0.1523567,-0.12319561,-0.12792763,-0.15232286,-0.15564942,-0.15564898,-0.15564898,-0.15564945,-0.38518023,-0.11451449,-0.15233015,-0.15564899,-0.14443555,-0.16636807,-0.15236142,-0.15557593,-0.12993515,-0.047159404,-0.14681694,-0.14016809,-0.14106366,-0.15222788,-0.19987361,-0.1649412,-0.17166539,-0.1523411,-0.15561089,-0.12722544,-0.14610182,-0.2588673,-0.12773436,-0.15224892,-0.09132757,-0.12832497,-0.13684332,-0.16221203,-0.15659244,-0.12714763,-0.15212733,-0.15556246,-0.15560755,-0.15563843,-0.15740095,-0.19795567,-0.15106063,-0.07294749,-0.2039893,-0.15233064,-0.1556064,-0.104459345,-0.15196256,-0.17466888,-0.13176009,-0.15233788,-0.15109587,-0.10913184,-0.15218526,-0.05825615,-0.14326635,-0.17082691,-0.1522809,-0.18883844,-0.15236682,-0.31316653,-0.15235756,-0.16808087,-0.14331596,-0.15235975,-0.1556462,-0.25088155,-0.15236714,-0.22115314,-0.07562123,-0.086852394,-0.10702289,-0.060967896,-0.14613849,-0.16796505,-0.15746465,-0.22133875,-0.12812386,-0.0969081,-0.16398169,-0.12716047,-0.11335766,-0.18846886,-0.1279206,-0.17755464,-0.0994983,-0.115196005,-0.15228213,-0.11662802,-0.19749595,-0.14526704,-0.12781724,-0.096878245,-0.1522829,-0.15546659,-0.12434345,-0.11230643,-0.063823454,-0.1522176,-0.11419349,-0.10007019,-0.24483351,-0.15236765,-0.15563823,-0.16344379,-0.1759062,-0.12524253,-0.15235415,-0.0782174,-0.19187105,-0.18185812,-0.09859173,-0.11065883,-0.15205377,-0.15535003,-0.083404,-0.1213824,-0.13072303,-0.13855581,-0.19385117,-0.15233296,-0.15564334,-0.19487974,-0.23847799,-0.2432746,-0.12760098,-0.1521776,-0.1556167,-0.14520228,-0.2961179,-0.152367,-0.19813283,-0.12782818,-0.15230742,-0.060104962,-0.15931924,-0.15236533,-0.2028091,-0.2868003,-0.11816878,-0.14795661,-0.10060286,-0.15222046,-0.13614628,-0.20725825,-0.17393659,-0.125103,-0.15657571,-0.15690626,-0.15236403,-0.15564561,-0.16221246,-0.22200036,-0.12798834,-0.2814266,-0.15236805,-0.1915083,-0.24371436,-0.16952515,-0.15228443,-0.13369927,-0.12557748,-0.15236111,-0.18106565,-0.15236782,-0.18642783,-0.15231386,-0.30462334,-0.15226361,-0.14691104,-0.13029914,-0.15235579,-0.15563422,-0.18915205,-0.1279141,-0.15236045,-0.10481856,-0.1650517,-0.15235832,-0.15564749,-0.15561943,-0.12751022,-0.15227045,-0.15561572,-0.15560737,-0.15561804,-0.15562588,-0.16505513,-0.17392421,-0.15235415,-0.15564081,-0.15563136,-0.15564129,-0.2025511,-0.15354379,-0.14723541,-0.1514185,-0.11499533,-0.10471026,-0.11893196,-0.15235756,-0.15557323,-0.12787685,8.291524,-0.15236482,6.6648426,5.054431,5.6246877,-0.15235552,-0.06652963,-0.1521303,-0.10737923,-0.124497145,-0.15298569,-0.052188452,-0.26007295
k__Bacteria|p__Actinobacteria|c__Actinomycetia|o__Actinomycetales|f__Actinomycetaceae|g__Varibaculum|s__Varibaculum_cambriense,-0.1004395,-0.12316422,-0.1519897,-0.1552014,-0.1552017,-0.23867357,-0.1666669,-0.16813041,-0.10929718,-0.22895765,-0.23728925,-0.15199474,-0.22850217,-0.3768707,-0.08556121,-0.15156716,-0.058144663,-0.15142298,-0.15513605,-0.19931981,-0.1978925,-0.12793827,-0.15195736,-0.12711628,-0.20043859,-0.11658599,-0.182019,-0.25032333,-0.1509206,-0.15196297,-0.15142563,-0.10844302,-0.18249588,-0.28454733,-0.15198106,-0.12813626,-0.1519922,-0.22338755,-0.15199512,-0.29867563,-0.15199521,-0.29356226,-0.12740973,-0.15184096,-0.13691942,-0.15198928,-0.23188588,-0.24781659,-0.1296162,-0.12814283,-0.24679694,-0.18279888,-0.25087595,-0.26027086,-0.28621647,-0.27511892,-0.11894142,-0.1519033,-0.040142577,-0.056944285,-0.15123656,-0.11274739,-0.13743341,-0.12802242,-0.15197246,-0.15519673,-0.15520146,-0.15520215,-0.27573854,-0.15195414,-0.12802418,-0.16243835,-0.12334165,-0.14074792,-0.15195903,-0.15887658,-0.14481027,-0.12811995,5.199988,-0.14998752,-0.1519824,-0.1551791,-0.15519106,-0.15512425,-0.120334074,-0.13700745,-0.08858878,-0.15197611,-0.19008024,-0.15198791,-0.2004665,-0.11139822,-0.1388583,-0.13027036,-0.1074974,-0.15152657,-0.15188602,-0.15488507,-0.10065024,-0.08152827,-0.09427856,-0.15193823,-0.11960925,-0.15027548,-0.16982608,-0.1185138,-0.15195644,-0.15519504,-0.17738779,-0.15176103,-0.15199098,-0.25953975,-0.17989698,-0.13525523,-0.15198797,-0.15095688,-0.17780018,-0.2009549,-0.15196756,-0.09015879,-0.15167704,-0.12151222,-0.121854745,-0.13997786,-0.21433522,-0.13908121,-0.16057305,-0.15191251,-0.07092635,-0.15133005,-0.1544015,-0.18733518,-0.15172775,-0.1280103,-0.12334781,-0.14100276,-0.1519453,-0.114095174,-0.25318068,-0.26654312,-0.12722786,-0.10945694,-0.1519358,-0.09238048,-0.20963459,-0.15198821,-0.15511647,-0.1275055,-0.15191373,-0.16015086,-0.1553517,-0.15199281,-0.19704957,-0.20616047,-0.12691975,-0.10460003,-0.11361031,-0.10256614,-0.15198493,-0.19495486,-0.15196034,-0.1274287,-0.15182352,-0.041086134,-0.12967405,-0.15199158,-0.2300741,-0.15196979,-0.10384405,-0.15050632,-0.0784167,-0.15184328,-0.12766197,-0.15186344,-0.121451,-0.075820275,-0.09192432,-0.101488546,-0.15171237,-0.1551021,-0.12378413,-0.15183252,-0.1410757,-0.13984437,-0.18093297,-0.15199408,-0.25777104,-0.12844054,-0.1519008,-0.13462572,-0.119081676,-0.15196311,-0.15519723,-0.15519896,-0.15520012,-0.19755594,-0.25103784,-0.20219928,-0.19465852,-0.24831252,-0.20506537,-0.22091979,-0.15197875,-0.12771827,-0.11956477,-0.15197325,-0.15519348,-0.20931396,-0.18224281,-0.15196481,-0.32474133,-0.15199208,-0.15520287,-0.15520173,-0.15520135,-0.2185038,-0.15196404,-0.114121355,-0.1519669,-0.15518744,-0.15519369,-0.22984435,-0.1519855,-0.15517597,-0.08963354,-0.15188059,-0.15515156,-0.15517062,-0.15517142,-0.13302092,-0.1051107,-0.14014931,-0.15141064,-0.15839578,-0.15615125,-0.14613561,-0.15198165,-0.12319561,-0.12809151,-0.15194537,-0.15520269,-0.15520221,-0.15520221,-0.15520273,-0.38518023,-0.11451449,-0.1519525,-0.15564899,-0.14443555,-0.16636807,-0.15198737,-0.15512505,-0.12993515,-0.047159404,-0.14597046,-0.14016809,-0.14106366,-0.15183914,-0.19987361,-0.1649412,-0.17166539,-0.15196438,-0.15515864,-0.12722544,-0.14610182,3.749189,-0.12788671,-0.15186107,-0.09132757,-0.12832497,-0.13684332,-0.16221203,-0.15659244,-0.12728994,-0.15172856,-0.15510534,-0.15515558,-0.15519036,-0.15740095,-0.19795567,-0.15106063,-0.07294749,2.0295415,-0.15195349,-0.15515369,-0.104459345,-0.15160438,-0.17466888,-0.13176009,-0.15196022,-0.15109587,-0.10913184,-0.15179196,-0.05825615,-0.14326635,-0.17082691,-0.15189816,-0.18883844,-0.15199327,-0.31316653,-0.15198356,-0.16808087,-0.14331596,-0.15198535,-0.15519921,-0.25088155,-0.15199368,-0.22115314,-0.07562123,-0.086852394,-0.10702289,-0.060967896,-0.14521351,-0.16796505,-0.15746465,-0.22133875,-0.12812386,-0.0969081,-0.16398169,-0.12716047,-0.11335766,-0.18846886,-0.12808423,2.1681814,-0.0994983,-0.115196005,-0.15189913,-0.11662802,-0.19749595,-0.14526704,-0.12781724,-0.096878245,-0.15189803,-0.15499808,-0.12434345,-0.11230643,-0.063823454,-0.15182641,2.6006398,0.82925266,-0.24483351,-0.15199418,-0.155191,-0.16344379,-0.1759062,-0.12524253,-0.15197895,-0.0782174,-0.19187105,-0.18185812,-0.09859173,-0.11065883,-0.15164158,-0.15486774,-0.083404,-0.1213824,-0.13072303,-0.13855581,-0.19385117,-0.1519562,-0.1551959,-0.19487974,-0.23847799,-0.2432746,-0.12774079,-0.15178198,-0.15516652,-0.14520228,-0.2961179,-0.15199342,-0.19813283,-0.12798536,-0.15192777,-0.060104962,-0.15931924,-0.15199164,-0.2028091,-0.2868003,-0.11816878,-0.14795661,-0.10060286,-0.15183188,-0.13614628,-0.20725825,-0.17393659,-0.125103,-0.15657571,-0.15690626,-0.15199018,-0.15519843,-0.16221246,-0.22200036,-0.12815852,-0.2814266,-0.15199462,-0.1915083,-0.24371436,-0.16952515,-0.15190732,-0.13369927,-0.12557748,-0.15198696,-0.18106565,-0.15199435,-0.18642783,-0.1519377,-0.30462334,-0.15188047,-0.14691104,-0.13029914,-0.15198097,-0.15518558,-0.18915205,-0.12807581,-0.1519861,-0.10481856,-0.1650517,-0.151984,-0.15520054,-0.15517151,-0.12765464,-0.15188494,-0.15516579,-0.15515608,-0.15516824,-0.15517631,-0.16505513,-0.17392421,-0.1519793,-0.15519303,-0.15518266,-0.15519357,-0.2025511,-0.15354379,-0.14723541,-0.15096569,-0.11499533,-0.10471026,-0.11893196,-0.15198296,-0.15512246,-0.12803325,3.043421,-0.15199113,-0.18738703,-0.11705899,-0.17429145,-0.15198153,-0.06652963,-0.15172721,-0.10737923,-0.124497145,-0.15298569,-0.052188452,-0.26007295
k__Bacteria|p__Actinobacteria|c__Actinomycetia|o__Actinomycetales|f__Actinomycetaceae|g__Schaalia|s__Schaalia_odontolytica,-0.1004395,-0.12316422,-0.15260342,-0.15591305,-0.1559133,-0.23867357,-0.1666669,-0.16813041,-0.10929718,-0.22895765,-0.23728925,-0.15260786,-0.22850217,-0.3768707,-0.08556121,-0.15224285,-0.058144663,-0.15212575,-0.15585613,-0.19931981,-0.1978925,-0.12785712,-0.15257564,-0.12711628,-0.20043859,-0.11658599,-0.182019,-0.25032333,-0.1509206,-0.15257972,-0.15142563,-0.10844302,-0.18249588,-0.28454733,-0.15259537,-0.128024,-0.15260565,-0.22338755,-0.15260819,-0.29867563,-0.15260825,1.7248981,-0.12740353,-0.15247083,-0.13691942,-0.15260318,-0.23188588,-0.24781659,-0.1296162,-0.12802893,-0.24679694,-0.18279888,-0.25087595,-0.26027086,-0.28621647,-0.27511892,-0.11894142,-0.15252912,-0.040142577,-0.056944285,-0.15193808,-0.11274739,-0.13743341,-0.12792625,-0.15258805,-0.15590903,-0.15591307,-0.15591368,-0.27573854,-0.1525715,-0.12792708,-0.16243835,-0.12334165,-0.14074792,-0.152577,-0.15887658,-0.14481027,-0.12801005,-0.18691605,-0.14998752,-0.15259723,-0.1558937,-0.15590383,-0.15584178,-0.120334074,-0.13700745,-0.08858878,-0.15259181,-0.19008024,-0.15260197,-0.2004665,-0.11139822,-0.1388583,-0.13027036,-0.1074974,-0.15152657,-0.15251434,-0.15562807,-0.10065024,-0.08152827,-0.09427856,-0.15255943,-0.11960925,-0.15027548,-0.16982608,-0.1185138,-0.15257409,-0.15590754,-0.17738779,-0.15176103,-0.15260454,-0.25953975,-0.17989698,-0.13525523,-0.15260202,-0.15095688,-0.17780018,-0.2009549,-0.15258229,-0.09015879,-0.15233706,-0.12151222,-0.121854745,-0.13997786,-0.21433522,-0.13908121,-0.16057305,-0.15253754,-0.07092635,-0.15203366,-0.15519059,-0.18733518,-0.15236235,-0.12791522,-0.12334781,-0.14100276,-0.15256526,-0.114095174,-0.25318068,-0.26654312,-0.127263,-0.10945694,-0.15255736,-0.09238048,-0.20963459,-0.15260226,-0.15583347,-0.12749118,-0.15253726,-0.16015086,-0.1553517,-0.15260616,-0.19704957,-0.20616047,-0.1269951,-0.10460003,-0.11361031,-0.10256614,-0.15259951,-0.19495486,-0.15257725,-0.12742181,-0.15246162,-0.041086134,-0.12967405,-0.15260495,-0.2300741,-0.1525853,-0.10384405,-0.1513317,-0.0784167,-0.15247706,-0.12766197,-0.15249482,-0.121451,-0.075820275,-0.09192432,-0.101488546,-0.15236507,-0.15582827,-0.12378413,-0.15246134,-0.1410757,-0.13984437,-0.18093297,-0.15260726,-0.25777104,-0.12844054,-0.15252438,-0.13462572,-0.119081676,-0.1525811,-0.15590943,-0.15591092,-0.15591192,-0.19755594,-0.25103784,-0.20219928,-0.19465852,-0.24831252,-0.20506537,-0.22091979,-0.1525934,-0.12766679,-0.11956477,-0.15258951,-0.15590608,-0.20931396,-0.18224281,-0.15258089,-0.32474133,-0.1526056,-0.1559143,-0.15591335,-0.15591301,-0.2185038,-0.1525806,-0.114121355,-0.15258312,-0.15590021,-0.15590632,-0.22984435,-0.15260002,-0.15589029,-0.08963354,-0.15250863,-0.15587083,-0.15588585,-0.1558877,-0.13302092,-0.1051107,-0.14014931,-0.15141064,-0.15839578,-0.15615125,-0.14613561,-0.15259683,-0.12319561,-0.12798494,-0.15256368,-0.15591416,-0.15591371,-0.15591374,-0.15591419,-0.38518023,-0.11451449,-0.15257105,-0.15564899,-0.14443555,-0.16636807,-0.1526013,-0.1558426,-0.12993515,-0.047159404,-0.14718932,-0.14016809,-0.14106366,-0.1524718,-0.19987361,-0.1649412,-0.17166539,-0.15258172,-0.15587714,-0.12722544,-0.14610182,-0.2588673,-0.12781644,-0.15249336,-0.09132757,-0.12832497,-0.13684332,-0.16221203,-0.15659244,-0.12732351,-0.15237622,-0.15583038,-0.1558738,-0.15590356,1.1771276,-0.19795567,-0.15106063,-0.07294749,-0.2039893,-0.15257141,-0.155873,-0.104459345,-0.15226796,-0.17466888,-0.13176009,-0.15257874,-0.15109587,-0.10913184,-0.15243274,-0.05825615,-0.14326635,-0.17082691,-0.15252326,-0.18883844,-0.15260655,-0.31316653,-0.15259752,-0.16808087,-0.14331596,-0.15259972,-0.15591103,-0.25088155,-0.15260687,-0.22115314,-0.07562123,-0.086852394,-0.10702289,-0.060967896,-0.14653558,-0.16796505,-0.15746465,-0.22133875,-0.12812386,-0.0969081,-0.16398169,-0.12716047,-0.11335766,-0.18846886,-0.12797947,-0.17755464,-0.0994983,-0.115196005,-0.15252465,-0.11662802,-0.19749595,-0.14526704,-0.12781724,-0.096878245,-0.15252599,-0.15573832,-0.12434345,-0.11230643,-0.063823454,-0.15246324,-0.11419349,-0.10007019,-0.24483351,-0.15260738,-0.15590331,-0.16344379,-0.1759062,-0.12524253,-0.15259433,-0.0782174,-0.19187105,-0.18185812,-0.09859173,-0.11065883,-0.15230522,-0.15562552,-0.083404,-0.1213824,-0.13072303,-0.13855581,-0.19385117,-0.15257366,-0.1559083,-0.19487974,-0.23847799,-0.2432746,-0.12769295,-0.15242419,-0.15588243,-0.14520228,2.3561416,-0.15260671,-0.19813283,-0.12789696,-0.15254912,-0.060104962,1.8043718,-0.15260509,-0.2028091,-0.2868003,-0.11816878,-0.14795661,-0.10060286,-0.15246472,-0.13614628,-0.20725825,-0.17393659,-0.125103,-0.15657571,-0.15690626,-0.15260383,-0.15591046,-0.16221246,-0.22200036,-0.12804237,-0.2814266,-0.15260774,-0.1915083,-0.24371436,-0.16952515,-0.1525278,-0.13369927,-0.12557748,-0.152601,-0.18106565,-0.15260753,-0.18642783,-0.15255521,-0.30462334,-0.15250608,-0.14691104,-0.13029914,-0.15259588,-0.1558995,-0.18915205,-0.12797314,-0.15260041,-0.10481856,-0.1650517,-0.15259826,-0.15591227,-0.15588526,-0.12762883,-0.15251374,-0.1558814,-0.1558735,-0.15588368,-0.15589157,-0.16505513,-0.17392421,-0.15259424,-0.15590584,-0.15589666,-0.15590632,-0.2025511,-0.15354379,-0.14723541,-0.15168098,-0.11499533,-0.10471026,-0.11893196,-0.1525976,-0.1558408,-0.12793866,-0.19501048,-0.15260458,-0.18738703,-0.11705899,-0.17429145,-0.15259582,-0.06652963,-0.15237963,-0.10737923,-0.124497145,-0.15298569,-0.052188452,-0.26007295
k__Bacteria|p__Actinobacteria|c__Coriobacteriia|o__Eggerthellales|f__Eggerthellaceae|g__Gordonibacter|s__Gordonibacter_pamelaeae,-0.1004395,-0.12316422,-0.15227973,-0.1554772,-0.1554775,-0.23867357,-0.1666669,-0.16813041,-0.10929718,-0.22895765,-0.23728925,-0.15228432,-0.22850217,-0.3768707,-0.08556121,-0.1518938,-0.058144663,-0.1517598,-0.15541758,-0.19931981,-0.1978925,-0.12835863,-0.15225014,-0.12711628,-0.20043859,-0.11658599,-0.182019,-0.25032333,-0.1509206,-0.15225534,-0.15142563,-0.10844302,-0.18249588,-0.28454733,-0.15227199,-0.12853196,-0.152282,-0.22338755,-0.15228467,-0.29867563,-0.15228474,-0.29356226,-0.12788753,-0.15214431,-0.13691942,-0.15227932,-0.23188588,-0.24781659,-0.1296162,-0.1285379,-0.24679694,-0.18279888,-0.25087595,-0.26027086,-0.28621647,-0.27511892,-0.11894142,-0.15220094,-0.040142577,-0.056944285,-0.15159264,-0.11274739,-0.13743341,-0.12843324,-0.15226406,-0.1554729,-0.15547729,-0.15547788,0.51650953,-0.15224797,-0.12843291,-0.16243835,-0.12334165,-0.14074792,-0.15225163,-0.15887658,-0.14481027,-0.12851755,-0.18691605,-0.14998752,-0.15227306,-0.15545683,-0.15546784,-0.15540792,-0.120334074,-0.13700745,-0.08858878,-0.15226729,-0.19008024,-0.15227807,-0.2004665,-0.11139822,-0.1388583,-0.13027036,-0.1074974,-0.15152657,-0.1521849,-0.15519175,-0.10065024,-0.08152827,-0.09427856,-0.15223263,-0.11960925,-0.15027548,-0.16982608,-0.1185138,-0.1522494,-0.15547138,-0.17738779,-0.15176103,-0.15228088,-0.25953975,-0.17989698,-0.13525523,-0.15227813,-0.15095688,-0.17780018,-0.2009549,-0.15226004,-0.09015879,-0.15199363,-0.12151222,-0.121854745,-0.13997786,-0.21433522,3.0081277,-0.16057305,-0.15220913,-0.07092635,-0.15167737,-0.15475033,-0.18733518,-0.15204294,-0.12842488,-0.12334781,-0.14100276,-0.15223911,-0.114095174,-0.25318068,-0.26654312,-0.12775908,-0.10945694,-0.15223038,-0.09238048,-0.20963459,-0.15227833,-0.15540029,-0.12799558,-0.15221044,-0.16015086,-0.1553517,-0.15228257,-0.19704957,-0.20616047,-0.12748946,-0.10460003,-0.11361031,-0.10256614,-0.15227532,-0.19495486,-0.1522532,-0.1279356,-0.15212756,-0.041086134,-0.12967405,-0.15228143,-0.2300741,-0.15226173,-0.10384405,-0.15092662,-0.0784167,-0.15214622,-0.12766197,-0.15216431,-0.121451,-0.075820275,-0.09192432,-0.101488546,-0.15202688,-0.15538634,-0.12378413,-0.15213683,-0.1410757,-0.13984437,-0.18093297,-0.1522837,-0.25777104,-0.12844054,-0.15219942,-0.13462572,-0.119081676,-0.15225536,-0.15547341,-0.15547498,-0.15547603,-0.19755594,-0.25103784,-0.20219928,-0.19465852,-0.24831252,-0.20506537,-0.22091979,-0.15226984,-0.12817986,-0.11956477,-0.15226465,-0.15546997,-0.20931396,-0.18224281,-0.1522572,-0.32474133,-0.15228188,-0.15547854,-0.15547751,-0.15547715,-0.2185038,-0.15225673,-0.114121355,-0.152259,-0.15546459,-0.15547016,-0.22984435,-0.15227586,-0.15545447,-0.08963354,-0.15218027,-0.15543151,-0.15544915,-0.15544972,-0.13302092,-0.1051107,-0.14014931,-0.15141064,-0.15839578,-0.15615125,-0.14613561,-0.15227231,-0.12319561,-0.12849195,-0.15223938,-0.15547839,-0.15547794,-0.15547794,-0.15547842,0.4067725,-0.11451449,-0.15224573,-0.15564899,-0.14443555,-0.16636807,-0.15227762,-0.15540816,-0.12993515,-0.047159404,-0.14679939,-0.14016809,-0.14106366,-0.15214217,-0.19987361,-0.1649412,-0.17166539,-0.15225655,-0.15543795,-0.12722544,-0.14610182,-0.2588673,-0.12831977,-0.15216237,-0.09132757,-0.12832497,-0.13684332,-0.16221203,-0.15659244,-0.12782794,-0.15204245,-0.15538949,-0.15543528,-0.15546711,-0.15740095,-0.19795567,-0.15106063,-0.07294749,-0.2039893,-0.15224674,-0.15543354,-0.104459345,-0.15194821,-0.17466888,-0.13176009,-0.15225264,-0.15109587,-0.10913184,-0.15209983,-0.05825615,-0.14326635,-0.17082691,-0.15219614,4.5344696,-0.152283,-0.31316653,-0.15227422,-0.16808087,-0.14331596,-0.15227574,-0.15547523,-0.25088155,-0.15228336,-0.22115314,-0.07562123,-0.086852394,-0.10702289,-0.060967896,-0.14611156,-0.16796505,-0.15746465,-0.22133875,-0.12812386,-0.0969081,-0.16398169,-0.12716047,-0.11335766,-0.18846886,-0.12848605,-0.17755464,-0.0994983,-0.115196005,-0.15219703,-0.11662802,-0.19749595,-0.14526704,-0.12781724,-0.096878245,-0.15219578,-0.15529165,-0.12434345,-0.11230643,-0.063823454,-0.15213078,-0.11419349,-0.10007019,-0.24483351,-0.15228382,-0.15546782,-0.16344379,-0.1759062,-0.12524253,-0.15226986,-0.0782174,-0.19187105,-0.18185812,-0.09859173,-0.11065883,-0.1519613,-0.15517223,-0.083404,-0.1213824,-0.13072303,-0.13855581,-0.19385117,-0.15224922,-0.15547219,-0.19487974,-0.23847799,-0.2432746,-0.12818436,-0.15209001,-0.15544538,-0.14520228,-0.2961179,-0.1522831,-0.19813283,-0.128402,-0.15222333,-0.060104962,-0.15931924,-0.1522815,-0.2028091,-0.2868003,-0.11816878,-0.14795661,-0.10060286,-0.1521359,-0.13614628,-0.20725825,-0.17393659,-0.125103,-0.15657571,-0.15690626,-0.15228015,-0.15547447,-0.16221246,-0.22200036,-0.12855206,-0.2814266,-0.15228422,-0.1915083,-0.24371436,-0.16952515,-0.15220529,-0.13369927,-0.12557748,-0.15227723,-0.18106565,-0.15228397,-0.18642783,-0.15223272,-0.30462334,-0.15218022,-0.14691104,-0.13029914,-0.15227175,-0.15546271,-0.18915205,-0.12847808,-0.15227643,-0.10481856,-0.1650517,-0.15227455,-0.15547642,-0.1554503,-0.12812233,-0.15218394,-0.15544482,-0.15543586,-0.155447,-0.15545431,-0.16505513,-0.17392421,-0.15227026,-0.15546954,-0.15546007,-0.15547003,-0.2025511,-0.15354379,-0.14723541,-0.15134847,-0.11499533,-0.10471026,-0.11893196,-0.15227357,-0.15540561,-0.12843981,-0.19501048,-0.15228103,-0.18738703,-0.11705899,-0.17429145,-0.15227243,-0.06652963,-0.15203984,-0.10737923,-0.124497145,-0.15298569,-0.052188452,2.1341653
k__Bacteria|p__Actinobacteria|c__Actinomycetia|o__Actinomycetales|f__Actinomycetaceae|g__Actinomyces|s__Actinomyces_SGB17154,-0.1004395,-0.12316422,-0.15103537,-0.15429154,-0.1542918,-0.23867357,-0.1666669,-0.16813041,-0.10929718,-0.22895765,-0.23728925,-0.15103999,-0.22850217,-0.3768707,-0.08556121,-0.1506527,-0.058144663,-0.15052806,-0.15423179,-0.19931981,-0.1978925,-0.1266739,-0.15100607,-0.12711628,-0.20043859,-0.11658599,-0.182019,-0.25032333,-0.1509206,-0.15101069,-0.15142563,-0.10844302,-0.18249588,-0.28454733,-0.15102713,-0.12685244,-0.1510377,-0.22338755,-0.15104035,-0.29867563,-0.1510404,-0.29356226,-0.12619969,-0.15089756,-0.13691942,-0.15103506,-0.23188588,-0.24781659,-0.1296162,-0.12685798,-0.24679694,-0.18279888,-0.25087595,-0.26027086,-0.28621647,-0.27511892,-0.11894142,-0.15095702,-0.040142577,-0.056944285,-0.15034238,-0.11274739,-0.13743341,-0.12674852,-0.1510194,-0.15428731,-0.15429157,-0.1542922,-0.27573854,-0.15100224,-0.12675035,-0.16243835,-0.12334165,-0.14074792,-0.15100756,-0.15887658,-0.14481027,-0.12683758,-0.18691605,-0.14998752,-0.15102881,-0.1542712,-0.15428196,-0.15421811,-0.120334074,-0.13700745,-0.08858878,-0.15102309,0.9570666,-0.15103382,-0.2004665,-0.11139822,-0.1388583,-0.13027036,-0.1074974,-0.15152657,-0.15094154,-0.15400136,-0.10065024,-0.08152827,-0.09427856,-0.15098889,1.7577382,1.0957506,-0.16982608,-0.1185138,-0.15100473,-0.15428573,2.1894321,-0.15176103,-0.15103653,-0.25953975,-0.17989698,-0.13525523,-0.15103388,-0.15095688,-0.17780018,-0.2009549,-0.1510139,-0.09015879,-0.15075372,-0.12151222,-0.121854745,-0.13997786,-0.21433522,-0.13908121,-0.16057305,-0.1509657,-0.07092635,-0.1504355,-0.15354511,-0.18733518,-0.15078774,-0.12673728,-0.12334781,-0.14100276,-0.15099517,-0.114095174,-0.25318068,-0.26654312,-0.12603548,-0.10945694,-0.15098673,-0.09238048,-0.20963459,-0.15103409,-0.15421051,-0.1262841,-0.15096587,1.0105815,-0.1553517,-0.15103824,-0.19704957,-0.20616047,-0.12575392,-0.10460003,-0.11361031,-0.10256614,-0.15103117,-0.19495486,-0.15100808,-0.12621218,-0.15088543,-0.041086134,-0.12967405,-0.15103702,-0.2300741,-0.15101656,-0.10384405,-0.14968982,-0.0784167,-0.15090206,-0.12766197,-0.15092097,-0.121451,-0.075820275,-0.09192432,-0.101488546,-0.15078405,-0.15420194,-0.12378413,-0.15088896,-0.1410757,-0.13984437,-0.18093297,-0.15103939,-0.25777104,-0.12844054,-0.15095337,-0.13462572,-0.119081676,-0.15101162,-0.15428773,-0.1542893,-0.15429036,-0.19755594,-0.25103784,-0.20219928,-0.19465852,-0.24831252,-0.20506537,-0.22091979,-0.15102504,-0.12647352,-0.11956477,-0.15102062,-0.15428425,-0.20931396,-0.18224281,-0.1510121,-0.32474133,-0.1510376,-0.15429285,-0.15429184,-0.15429148,-0.2185038,-0.15101138,-0.114121355,-0.15101424,-0.15427834,-0.15428448,-0.22984435,-0.1510317,-0.15426765,-0.08963354,-0.15093577,-0.1542468,-0.15426318,-0.15426469,-0.13302092,-0.1051107,-0.14014931,-0.15141064,-0.15839578,-0.15615125,-0.14613561,-0.1510283,-0.12319561,-0.12681152,-0.15099421,-0.15429269,-0.15429224,-0.15429226,-0.15429273,-0.38518023,-0.11451449,-0.15100144,-0.15564899,-0.14443555,-0.16636807,-0.1510332,-0.15421918,-0.12993515,-0.047159404,-0.145434,-0.14016809,-0.14106366,-0.15089774,-0.19987361,-0.1649412,-0.17166539,-0.1510125,-0.1542534,-0.12722544,-0.14610182,-0.2588673,-0.12662765,-0.1509191,-0.09132757,1.9230098,-0.13684332,2.5793839,0.71411514,-0.1260909,-0.15079637,-0.1542044,-0.15425012,-0.15428153,-0.15740095,-0.19795567,1.0685259,-0.07294749,-0.2039893,-0.15100203,-0.1542489,-0.104459345,-0.15069932,-0.17466888,-0.13176009,-0.15100911,-0.15109587,-0.10913184,-0.15085536,-0.05825615,-0.14326635,-0.17082691,-0.15095156,-0.18883844,-0.15103865,-0.31316653,-0.15102938,-0.16808087,-0.14331596,-0.15103145,-0.15428945,-0.25088155,-0.15103899,-0.22115314,-0.07562123,-0.086852394,-0.10702289,-0.060967896,-0.14474745,-0.16796505,-0.15746465,-0.22133875,-0.12812386,-0.0969081,-0.16398169,-0.12716047,-0.11335766,-0.18846886,-0.12680528,-0.17755464,-0.0994983,-0.115196005,-0.15095277,-0.11662802,-0.19749595,-0.14526704,-0.12781724,-0.096878245,-0.15095317,-0.15410727,-0.12434345,-0.11230643,-0.063823454,-0.15088731,-0.11419349,-0.10007019,-0.24483351,-0.15103948,-0.15428153,-0.16344379,-0.1759062,-0.12524253,-0.15102574,-0.0782174,-0.19187105,-0.18185812,-0.09859173,-0.11065883,-0.15072082,-0.15398887,-0.083404,-0.1213824,-0.13072303,-0.13855581,-0.19385117,-0.15100442,-0.15428653,-0.19487974,-0.23847799,-0.2432746,-0.12649897,-0.15084678,-0.15425953,-0.14520228,2.8554225,-0.1510388,-0.19813283,-0.1267158,-0.15097855,-0.060104962,-0.15931924,-0.15103713,-0.2028091,-0.2868003,-0.11816878,-0.14795661,-0.10060286,-0.15089048,-0.13614628,-0.20725825,-0.17393659,-0.125103,-0.15657571,-0.15690626,-0.15103582,-0.15428883,-0.16221246,-0.22200036,-0.1268722,-0.2814266,-0.15103987,-0.1915083,-0.24371436,-0.16952515,-0.15095764,-0.13369927,-0.12557748,-0.15103285,-0.18106565,-0.15103965,-0.18642783,-0.15098599,-0.30462334,-0.15093431,-0.14691104,-0.13029914,-0.15102744,-0.15427724,-0.18915205,-0.12679803,-0.15103218,-0.10481856,-0.1650517,-0.15103003,-0.1542907,-0.1542629,-0.12642288,-0.15094075,-0.15425861,-0.1542501,-0.15426096,-0.15426877,-0.16505513,-0.17392421,-0.1510258,-0.15428394,-0.15427437,-0.15428445,-0.2025511,-0.15354379,-0.14723541,-0.15008171,-0.11499533,-0.10471026,-0.11893196,-0.15102926,-0.15421703,-0.12676081,-0.19501048,-0.15103662,-0.18738703,-0.11705899,-0.17429145,-0.15102744,-0.06652963,-0.15079844,-0.10737923,-0.124497145,-0.15298569,-0.052188452,-0.26007295
k__Bacteria|p__Actinobacteria|c__Actinomycetia|o__Bifidobacteriales|f__Bifidobacteriaceae|g__Bifidobacterium|s__Bifidobacterium_catenulatum,-0.1004395,-0.12316422,-0.15071452,-0.15388176,-0.15388191,-0.23867357,-0.1666669,-0.16813041,-0.10929718,-0.22895765,-0.23728925,-0.15071684,-0.22850217,-0.3768707,-0.08556121,-0.15048748,-0.058144663,-0.15045446,-0.15385094,-0.19931981,-0.1978925,-0.12707816,-0.1506997,-0.12711628,-0.20043859,-0.11658599,-0.182019,-0.25032333,-0.1509206,-0.15070277,-0.15142563,-0.10844302,-0.18249588,-0.28454733,-0.15071046,-0.12718828,-0.15071571,-0.22338755,-0.15071702,-0.29867563,-0.15071705,-0.29356226,-0.12676394,-0.1506466,-0.13691942,-0.15071443,4.010258,3.5413313,6.3620615,-0.12719256,-0.24679694,-0.18279888,-0.25087595,-0.26027086,-0.28621647,-0.27511892,-0.11894142,-0.15067333,-0.040142577,-0.056944285,-0.15038356,-0.11274739,-0.13743341,-0.12712274,-0.15070671,-0.15387967,-0.15388182,-0.15388209,-0.27573854,-0.15069419,-0.12712762,-0.16243835,-0.12334165,-0.14074792,-0.15070108,-0.15887658,-0.14481027,-0.12717976,-0.18691605,-0.14998752,-0.15071115,-0.15387169,-0.15387703,-0.15384212,-0.120334074,-0.13700745,-0.08858878,-0.15070838,-0.19008024,-0.1507138,8.437338,1.3707496,-0.1388583,-0.13027036,1.4301194,-0.15152657,-0.15066803,-0.15368412,-0.10065024,-0.08152827,-0.09427856,-0.1506909,-0.11960925,-0.15027548,-0.16982608,-0.1185138,-0.1506992,-0.15387894,-0.17738779,-0.15176103,-0.15071519,-0.25953975,-0.17989698,-0.13525523,-0.15071383,-0.15095688,-0.17780018,-0.2009549,-0.15070322,-0.09015879,-0.15057154,-0.12151222,-0.121854745,-0.13997786,-0.21433522,-0.13908121,-0.16057305,-0.15067905,-0.07092635,-0.1504023,-0.15352884,-0.18733518,-0.15059572,-0.1270949,-0.12334781,-0.14100276,-0.15069439,-0.114095174,-0.25318068,-0.26654312,-0.12660353,-0.10945694,-0.15069011,-0.09238048,-0.20963459,-0.15071392,-0.15384157,-0.12678598,-0.15067786,-0.16015086,-0.1553517,-0.15071599,-0.19704957,-0.20616047,-0.12637383,-0.10460003,-0.11361031,-0.10256614,-0.1507125,-0.19495486,-0.15070096,-0.12670577,-0.15063864,-0.041086134,-0.12967405,-0.15071547,-0.2300741,-0.1507055,-0.10384405,-0.14996915,-0.0784167,-0.15064248,-0.12766197,-0.1506563,5.7705116,-0.075820275,-0.09192432,-0.101488546,-0.1505835,-0.15383616,-0.12378413,-0.15061827,-0.1410757,-0.13984437,-0.18093297,-0.15071656,3.4236934,6.91816,-0.15066603,-0.13462572,-0.119081676,-0.15070228,-0.15387976,-0.15388064,-0.15388113,-0.19755594,-0.25103784,-0.20219928,-0.19465852,-0.24831252,-0.20506537,-0.22091979,-0.15070938,-0.12691662,-0.11956477,-0.1507072,-0.15387827,-0.20931396,-0.18224281,-0.1507011,-0.32474133,-0.15071568,-0.15388241,-0.15388192,-0.15388174,-0.2185038,-0.15069762,-0.114121355,-0.15070373,-0.15387556,-0.15387815,-0.22984435,-0.15071265,-0.15386254,-0.08963354,-0.15066195,-0.15385894,-0.15386792,-0.15386823,-0.13302092,-0.1051107,-0.14014931,-0.15141064,-0.15839578,-0.15615125,-0.14613561,-0.15071096,-0.12319561,-0.12716731,-0.15069523,-0.15388235,-0.15388213,-0.15388213,-0.15388235,-0.38518023,-0.11451449,-0.15069813,-0.15564899,-0.14443555,-0.16636807,-0.15071362,-0.15384741,-0.12993515,-0.047159404,-0.14808057,-0.14016809,-0.14106366,-0.1506483,-0.19987361,-0.1649412,-0.17166539,-0.15070333,-0.15386266,-0.12722544,-0.14610182,-0.2588673,-0.12703735,-0.15065408,-0.09132757,-0.12832497,-0.13684332,-0.16221203,-0.15659244,-0.12655954,-0.15058416,-0.15383707,-0.15386084,-0.1538767,-0.15740095,-0.19795567,-0.15106063,-0.07294749,-0.2039893,-0.15069833,-0.15385929,-0.104459345,-0.15039946,-0.17466888,2.3415177,-0.15070143,0.8657885,3.6029017,-0.15061405,-0.05825615,-0.14326635,-0.17082691,-0.15067363,-0.18883844,-0.15071622,-0.31316653,-0.15071172,-0.16808087,-0.14331596,-0.15071264,-0.15388077,-0.25088155,-0.15071636,-0.22115314,-0.07562123,-0.086852394,-0.10702289,-0.060967896,-0.14774597,-0.16796505,-0.15746465,-0.22133875,-0.12812386,-0.0969081,-0.16398169,-0.12716047,-0.11335766,-0.18846886,-0.12716152,-0.17755464,-0.0994983,-0.115196005,-0.15067373,-0.11662802,-0.19749595,-0.14526704,-0.12781724,-0.096878245,-0.1506718,-0.15378714,-0.12434345,-0.11230643,-0.063823454,-0.15063554,-0.11419349,-0.10007019,-0.24483351,-0.1507166,-0.15387714,-0.16344379,-0.1759062,-0.12524253,-0.15070984,-0.0782174,-0.19187105,-0.18185812,-0.09859173,-0.11065883,-0.1505568,-0.15372995,1.6765677,1.0855933,-0.13072303,-0.13855581,-0.19385117,-0.15069959,-0.15387927,-0.19487974,-0.23847799,5.663921,-0.1269661,-0.15061872,-0.15386605,-0.14520228,-0.2961179,-0.15071627,-0.19813283,-0.12709774,-0.1506858,-0.060104962,-0.15931924,-0.15071547,-0.2028091,-0.2868003,-0.11816878,-0.14795661,-0.10060286,-0.15064302,-0.13614628,-0.20725825,-0.17393659,-0.125103,-0.15657571,-0.15690626,-0.15071477,-0.15388042,-0.16221246,-0.22200036,-0.12720013,-0.2814266,-0.1507168,-0.1915083,-0.24371436,-0.16952515,-0.1506696,-0.13369927,-0.12557748,-0.15071335,-0.18106565,-0.15071668,-0.18642783,-0.15068838,-0.30462334,-0.1506666,-0.14691104,-0.13029914,-0.1507107,-0.15387458,-0.18915205,-0.12715746,-0.15071294,-0.10481856,-0.1650517,-0.15071209,-0.1538814,-0.15386745,-0.12689508,-0.15066695,-0.15386567,-0.15386063,-0.1538666,-0.15386918,-0.16505513,-0.17392421,-0.15070988,-0.153878,-0.15387344,-0.15387823,-0.2025511,-0.15354379,-0.14723541,-0.15026626,-0.11499533,-0.10471026,-0.11893196,-0.15071157,-0.1538431,-0.12713486,-0.19501048,-0.15071523,-0.18738703,-0.11705899,-0.17429145,-0.15071037,3.0179338,-0.1505886,7.590091,7.922959,7.880834,-0.052188452,8.375107
k__Bacteria|p__Actinobacteria|c__Coriobacteriia|o__Coriobacteriales|f__Coriobacteriaceae|g__Collinsella|s__Collinsella_stercoris,-0.1004395,-0.12316422,-0.1522713,-0.15550855,-0.15550888,-0.23867357,-0.1666669,-0.16813041,-0.10929718,-0.22895765,-0.23728925,-0.1522768,-0.22850217,5.592962,-0.08556121,-0.15181482,-0.058144663,-0.15166461,-0.15543738,-0.19931981,-0.1978925,-0.12801833,-0.15223631,-0.12711628,-0.20043859,-0.11658599,-0.182019,-0.25032333,-0.1509206,-0.15224195,-0.15142563,-0.10844302,-0.18249588,-0.28454733,-0.15226154,-0.12822908,-0.15227404,-0.22338755,-0.15227722,-0.29867563,-0.15227729,-0.29356226,-0.12747118,-0.15210772,-0.13691942,-0.15227091,-0.23188588,-0.24781659,-0.1296162,-0.12823582,-0.24679694,-0.18279888,-0.25087595,-0.26027086,-0.28621647,7.75324,-0.11894142,-0.15217787,-0.040142577,-0.056944285,-0.15144812,-0.11274739,-0.13743341,-0.12810689,-0.15225236,-0.15550351,-0.15550861,-0.15550935,-0.27573854,-0.15223145,-0.12810917,-0.16243835,7.3631105,7.6541653,-0.15223816,-0.15887658,-0.14481027,-0.12821168,-0.18691605,-0.14998752,-0.15226343,-0.15548435,-0.1554972,-0.15542036,-0.120334074,-0.13700745,-0.08858878,-0.15225667,-0.19008024,-0.15226942,-0.2004665,-0.11139822,-0.1388583,-0.13027036,-0.1074974,-0.15152657,-0.15215936,-0.1551503,-0.10065024,-0.08152827,-0.09427856,-0.1522158,-0.11960925,-0.15027548,-0.16982608,-0.1185138,-0.15223482,-0.15550165,-0.17738779,-0.15176103,-0.1522727,-0.25953975,-0.17989698,-0.13525523,-0.15226951,-0.15095688,-0.17780018,-0.2009549,-0.15224573,-0.09015879,-0.15193507,-0.12151222,-0.121854745,-0.13997786,-0.21433522,-0.13908121,-0.16057305,-0.15218812,-0.07092635,-0.15155648,-0.15462479,-0.18733518,-0.1519779,-0.12809664,-0.12334781,-0.14100276,-0.15222332,-0.114095174,-0.25318068,-0.26654312,-0.12727207,-0.10945694,-0.15221325,-0.09238048,-0.20963459,-0.15226975,-0.15541163,-0.12757066,-0.15218844,-0.16015086,-0.1553517,-0.1522747,-0.19704957,-0.20616047,-0.1269578,-0.10460003,-0.11361031,-0.10256614,-0.15226626,-0.19495486,-0.1522385,-0.12748513,-0.15209216,-0.041086134,-0.12967405,-0.15227327,-0.2300741,-0.15224873,-0.10384405,-0.15066123,-0.0784167,-0.15211216,-0.12766197,-0.15213485,-0.121451,-0.075820275,-0.09192432,-0.101488546,-0.15197173,-0.15540159,-0.12378413,-0.15209377,-0.1410757,-0.13984437,-0.18093297,-0.15227608,-0.25777104,-0.12844054,-0.15217221,-0.13462572,-0.119081676,-0.1522429,-0.15550405,-0.1555059,-0.15550716,-0.19755594,-0.25103784,-0.20219928,-0.19465852,-0.24831252,-0.20506537,-0.22091979,-0.15225898,-0.1277903,-0.11956477,-0.15225366,-0.1554999,-0.20931396,-0.18224281,-0.15224352,-0.32474133,-0.15227395,-0.15551016,-0.15550892,-0.15550849,-0.2185038,-0.15224242,-0.114121355,-0.1522462,-0.15549298,-0.15550014,-0.22984435,-0.1522669,-0.15547997,-0.08963354,-0.15215264,-0.15545508,-0.15547489,-0.15547645,-0.13302092,-0.1051107,-0.14014931,-0.15141064,-0.15839578,-0.15615125,-0.14613561,-0.1522628,-0.12319561,-0.12818068,-0.15222253,-0.15550995,-0.15550941,-0.15550943,-0.15551,-0.38518023,-0.11451449,-0.15223089,-0.15564899,-0.14443555,-0.16636807,-0.15226872,-0.1554227,-0.12993515,-0.047159404,-0.14563248,-0.14016809,-0.14106366,-0.15210754,-0.19987361,-0.1649412,-0.17166539,-0.15224402,-0.15546292,-0.12722544,-0.14610182,-0.2588673,-0.1279647,-0.15213256,-0.09132757,-0.12832497,-0.13684332,-0.16221203,-0.15659244,-0.12734658,-0.15198666,-0.15540467,-0.15545912,-0.15549663,-0.15740095,-0.19795567,-0.15106063,-0.07294749,-0.2039893,-0.15223172,-0.1554575,-0.104459345,-0.15184215,-0.17466888,-0.13176009,-0.15223986,-0.15109587,-0.10913184,-0.15205663,-0.05825615,-0.14326635,-0.17082691,-0.15217167,-0.18883844,-0.1522752,3.1279428,-0.15226425,-0.16808087,-0.14331596,-0.15226662,-0.1555061,-0.25088155,-0.15227562,-0.22115314,-0.07562123,-0.086852394,-0.10702289,-0.060967896,-0.14481625,-0.16796505,-0.15746465,-0.22133875,-0.12812386,-0.0969081,-0.16398169,-0.12716047,-0.11335766,-0.18846886,-0.12817325,-0.17755464,-0.0994983,-0.115196005,-0.15217295,-0.11662802,-0.19749595,-0.14526704,-0.12781724,-0.096878245,-0.15217304,-0.15528877,-0.12434345,-0.11230643,-0.063823454,-0.1520946,-0.11419349,-0.10007019,-0.24483351,-0.1522762,-0.15549658,-0.16344379,-0.1759062,-0.12524253,-0.15225978,-0.0782174,-0.19187105,-0.18185812,-0.09859173,-0.11065883,-0.15189591,-0.15514767,-0.083404,-0.1213824,-0.13072303,-0.13855581,-0.19385117,-0.15223454,-0.1555026,-0.19487974,-0.23847799,-0.2432746,-0.12781006,-0.15204652,-0.1554705,-0.14520228,-0.2961179,-0.15227538,-0.19813283,-0.12806791,-0.15220374,-0.060104962,-0.15931924,-0.15227339,-0.2028091,-0.2868003,-0.11816878,-0.14795661,-0.10060286,-0.15209904,-0.13614628,-0.20725825,-0.17393659,-0.125103,-0.15657571,-0.15690626,-0.1522718,-0.15550533,-0.16221246,-0.22200036,-0.12825266,-0.2814266,-0.15227666,-0.1915083,-0.24371436,-0.16952515,-0.1521778,-0.13369927,-0.12557748,-0.15226829,-0.18106565,-0.1522764,-0.18642783,-0.15221253,-0.30462334,-0.1521514,-0.14691104,-0.13029914,-0.15226185,-0.15549147,8.451972,-0.12816428,-0.15226746,-0.10481856,-0.1650517,-0.152265,-0.1555076,-0.15547422,-0.12771681,-0.15215838,-0.15546948,-0.15545923,-0.15547223,-0.15548137,-0.16505513,-0.17392421,-0.15225993,-0.15549952,-0.15548816,-0.1555001,-0.2025511,-0.15354379,-0.14723541,-0.15114173,-0.11499533,-0.10471026,-0.11893196,-0.15226403,-0.15541936,-0.12812006,-0.19501048,-0.15227282,-0.18738703,-0.11705899,-0.17429145,-0.1522616,-0.06652963,-0.15198833,-0.10737923,-0.124497145,-0.15298569,-0.052188452,-0.26007295
k__Bacteria|p__Actinobacteria|c__Actinomycetia|o__Bifidobacteriales|f__Bifidobacteriaceae|g__Bifidobacterium|s__Bifidobacterium_scardovii,7.344479,7.288759,-0.15178573,-0.15505701,-0.15505731,5.55588,-0.1666669,-0.16813041,-0.10929718,-0.22895765,2.7529652,-0.15179083,-0.22850217,-0.3768707,-0.08556121,-0.15137045,-0.058144663,-0.15123703,-0.15499134,-0.19931981,-0.1978925,-0.1273018,-0.15175375,-0.12711628,-0.20043859,-0.11658599,-0.182019,-0.25032333,-0.1509206,-0.15175857,-0.15142563,-0.10844302,-0.18249588,-0.28454733,-0.15177664,-0.12749131,-0.15178832,-0.22338755,-0.15179121,-0.29867563,-0.15179127,-0.29356226,-0.12680097,-0.15163358,-0.13691942,-0.15178543,-0.23188588,-0.24781659,-0.1296162,-0.12749726,-0.24679694,-0.18279888,-0.25087595,-0.26027086,-0.28621647,-0.27511892,-0.11894142,-0.15170005,-0.040142577,-0.056944285,-0.15102243,-0.11274739,-0.13743341,-0.12738049,-0.15176809,-0.15505242,-0.15505704,-0.15505774,-0.27573854,-0.15174839,-0.1273817,-0.16243835,-0.12334165,-0.14074792,-0.15175541,-0.15887658,-0.14481027,-0.12747598,-0.18691605,-0.14998752,-0.15177858,-0.15503475,-0.1550464,-0.15497516,-0.120334074,-0.13700745,-0.08858878,-0.15177238,-0.19008024,-0.15178408,-0.2004665,-0.11139822,-0.1388583,-0.13027036,-0.1074974,-0.15152657,-0.15168342,-0.15472725,-0.10065024,-0.08152827,-0.09427856,-0.1517351,-0.11960925,-0.15027548,-0.16982608,-0.1185138,-0.1517519,-0.1550507,-0.17738779,-0.15176103,-0.15178703,-0.25953975,-0.17989698,7.4651103,-0.15178415,-0.15095688,-0.17780018,-0.2009549,-0.1517614,-0.09015879,-0.15147959,-0.12151222,-0.121854745,-0.13997786,-0.21433522,-0.13908121,-0.16057305,-0.15170988,-0.07092635,-0.15113042,-0.15422857,-0.18733518,-0.15150887,-0.12737027,-0.12334781,-0.14100276,-0.15174182,-0.114095174,-0.25318068,-0.26654312,-0.1266268,-0.10945694,-0.15173274,-0.09238048,-0.20963459,-0.15178438,-0.15496469,-0.1268898,-0.15170932,-0.16015086,-0.1553517,-0.1517889,-0.19704957,-0.20616047,-0.12631974,-0.10460003,-0.11361031,-0.10256614,-0.15178125,-0.19495486,-0.15175568,-0.12680659,-0.1516228,-0.041086134,-0.12967405,-0.15178752,-0.2300741,-0.15176487,-0.10384405,-0.15031575,-0.0784167,-0.15163936,-0.12766197,-0.15166077,-0.121451,-0.075820275,-0.09192432,-0.101488546,-0.15151164,-0.15495948,-0.12378413,-0.15162182,-0.1410757,-0.13984437,-0.18093297,-0.15179017,-0.25777104,-0.12844054,-0.15169342,-0.13462572,-0.119081676,-0.15176001,-0.15505287,-0.15505457,-0.15505573,-0.19755594,-0.25103784,-0.20219928,-0.19465852,-0.24831252,-0.20506537,-0.22091979,-0.15177417,-0.12709023,-0.11956477,-0.15176973,-0.15504904,-0.20931396,-0.18224281,-0.15175956,-0.32474133,-0.15178823,-0.15505847,-0.15505734,-0.15505698,-0.2185038,-0.15175849,-0.114121355,-0.15176228,-0.15504228,-0.15504926,-0.22984435,-0.1517818,-0.1550295,-0.08963354,-0.1516763,-0.1550084,-0.15502578,-0.1550279,-0.13302092,-0.1051107,-0.14014931,-0.15141064,-0.15839578,-0.15615125,-0.14613561,-0.15177816,-0.12319561,-0.1274469,-0.15174018,-0.1550583,-0.15505779,-0.15505782,-0.15505832,-0.38518023,1.9868425,-0.15174857,-0.15564899,-0.14443555,-0.16636807,-0.15178332,-0.15497598,-0.12993515,-0.047159404,-0.14557819,-0.14016809,-0.14106366,-0.15163466,-0.19987361,-0.1649412,-0.17166539,-0.15176082,-0.15501577,-0.12722544,-0.14610182,-0.2588673,-0.12725691,-0.1516591,-0.09132757,-0.12832497,-0.13684332,-0.16221203,-0.15659244,-0.12668031,-0.15152285,-0.15496182,-0.15501186,-0.1550461,-0.15740095,-0.19795567,1.6208657,7.930988,3.2949495,-0.151749,-0.15501076,1.8552064,-0.15137377,-0.17466888,-0.13176009,-0.15175736,-0.15109587,-0.10913184,-0.1515885,-0.05825615,-0.14326635,-0.17082691,-0.15169369,-0.18883844,-0.15178934,-0.31316653,-0.15177894,-0.16808087,-0.14331596,-0.1517815,-0.15505469,-0.25088155,-0.1517897,-0.22115314,-0.07562123,-0.086852394,-0.10702289,-0.060967896,-0.14482708,-0.16796505,-0.15746465,-0.22133875,-0.12812386,-0.0969081,-0.16398169,-0.12716047,-0.11335766,-0.18846886,-0.12744083,-0.17755464,-0.0994983,-0.115196005,-0.15169524,-0.11662802,-0.19749595,-0.14526704,-0.12781724,-0.096878245,-0.15169653,-0.15485592,-0.12434345,-0.11230643,-0.063823454,-0.15162408,-0.11419349,-0.10007019,-0.24483351,-0.15179029,-0.15504578,-0.16344379,-0.1759062,-0.12524253,-0.1517753,-0.0782174,-0.19187105,-0.18185812,-0.09859173,-0.11065883,-0.15144303,-0.15472665,-0.083404,-0.1213824,-0.13072303,2.2773964,-0.19385117,-0.15175155,-0.15505154,-0.19487974,-0.23847799,-0.2432746,-0.12710525,-0.15157959,-0.15502185,-0.14520228,-0.2961179,-0.15178952,-0.19813283,-0.12734663,-0.15172327,-0.060104962,-0.15931924,-0.15178764,-0.2028091,-0.2868003,-0.11816878,-0.14795661,-0.10060286,-0.15162647,-0.13614628,-0.20725825,-0.17393659,-0.125103,-0.15657571,-0.15690626,-0.15178621,-0.15505405,-0.16221246,-0.22200036,-0.1275126,-0.2814266,-0.15179068,-0.1915083,-0.24371436,-0.16952515,-0.15169778,-0.13369927,-0.12557748,-0.15178296,-0.18106565,-0.15179044,-0.18642783,-0.15173012,8.814934,-0.15167406,7.151845,7.428492,-0.15177707,-0.1550414,4.209173,-0.12743343,-0.15178229,-0.10481856,-0.1650517,-0.15177983,-0.15505612,-0.15502492,-0.12702721,-0.1516827,-0.15502068,-0.15501148,-0.15502325,-0.1550321,-0.16505513,-0.17392421,-0.15177518,-0.15504876,-0.15503821,-0.15504926,-0.2025511,-0.15354379,-0.14723541,-0.1507282,-0.11499533,-0.10471026,-0.11893196,-0.15177907,-0.15497355,-0.12739411,-0.19501048,-0.15178709,-0.18738703,-0.11705899,-0.17429145,-0.15177685,-0.06652963,-0.15152824,-0.10737923,-0.124497145,-0.15298569,-0.052188452,-0.26007295
k__Bacteria|p__Actinobacteria|c__Coriobacteriia|o__Coriobacteriales|f__Coriobacteriaceae|g__Collinsella|s__Collinsella_tanakaei,-0.1004395,-0.12316422,-0.15181112,-0.15494668,-0.15494697,-0.23867357,-0.1666669,-0.16813041,-0.10929718,-0.22895765,-0.23728925,-0.15181573,-0.22850217,-0.3768707,-0.08556121,-0.1514231,-0.058144663,-0.15128034,-0.15488684,-0.19931981,-0.1978925,-0.12833504,-0.15178114,-0.12711628,-0.20043859,-0.11658599,-0.182019,-0.25032333,-0.1509206,-0.15178671,-0.15142563,-0.10844302,-0.18249588,-0.28454733,-0.15180331,-0.12852228,-0.15181339,-0.22338755,-0.1518161,-0.29867563,-0.15181616,-0.29356226,-0.12783098,-0.15167606,-0.13691942,-0.15181065,-0.23188588,-0.24781659,-0.1296162,-0.12852865,-0.24679694,-0.18279888,-0.25087595,-0.26027086,-0.28621647,2.7681882,-0.11894142,-0.15173134,-0.040142577,-0.056944285,-0.15112275,-0.11274739,-0.13743341,-0.12841596,-0.1517955,-0.15494233,-0.15494677,-0.15494737,-0.27573854,-0.15177965,-0.12841743,-0.16243835,-0.12334165,-0.14074792,-0.15178266,-0.15887658,-0.14481027,-0.12850672,-0.18691605,-0.14998752,-0.15180436,-0.15492612,-0.15493733,-0.15487865,-0.120334074,-0.13700745,-0.08858878,-0.15179849,-0.19008024,-0.15180942,-0.2004665,-0.11139822,-0.1388583,-0.13027036,-0.1074974,-0.15152657,-0.15171483,-0.15466984,-0.10065024,-0.08152827,-0.09427856,-0.15176326,-0.11960925,-0.15027548,-0.16982608,-0.1185138,-0.15178084,-0.1549408,-0.17738779,-0.15176103,-0.15181229,-0.25953975,-0.17989698,-0.13525523,-0.15180945,-0.15095688,-0.17780018,-0.2009549,-0.15179195,-0.09015879,-0.15151966,-0.12151222,-0.121854745,-0.13997786,-0.21433522,-0.13908121,-0.16057305,-0.1517393,-0.07092635,-0.15120357,-0.1542258,-0.18733518,-0.15157875,-0.12840478,-0.12334781,-0.14100276,-0.15176998,-0.114095174,-0.25318068,-0.26654312,-0.1276683,-0.10945694,-0.15176097,-0.09238048,-0.20963459,-0.15180968,-0.15487267,-0.12792711,-0.15174173,-0.16015086,-0.1553517,-0.15181398,-0.19704957,-0.20616047,-0.12739424,-0.10460003,-0.11361031,-0.10256614,-0.15180658,-0.19495486,-0.15178427,-0.12786171,-0.15165657,-0.041086134,-0.12967405,-0.15181288,-0.2300741,-0.15179309,-0.10384405,-0.15044871,-0.0784167,-0.15167692,-0.12766197,-0.15169421,-0.121451,-0.075820275,-0.09192432,-0.101488546,-0.15155423,-0.15485433,-0.12378413,-0.15167409,-0.1410757,-0.13984437,-0.18093297,-0.15181512,-0.25777104,-0.12844054,-0.15173161,-0.13462572,-0.119081676,-0.1517862,-0.15494284,-0.15494443,-0.15494552,-0.19755594,-0.25103784,-0.20219928,-0.19465852,-0.24831252,-0.20506537,-0.22091979,-0.15180135,-0.12812838,-0.11956477,-0.15179574,-0.15493938,-0.20931396,-0.18224281,-0.15178892,-0.32474133,-0.15181327,-0.15494803,-0.15494698,-0.15494661,-0.2185038,-0.15178877,-0.114121355,-0.15179057,-0.15493426,-0.15493962,-0.22984435,-0.15180711,-0.15492488,-0.08963354,-0.15171117,-0.1549001,-0.15491858,-0.1549186,-0.13302092,-0.1051107,-0.14014931,-0.15141064,-0.15839578,-0.15615125,-0.14613561,-0.15180346,-0.12319561,-0.12848082,-0.15177095,-0.15494788,-0.15494743,-0.15494743,-0.1549479,-0.38518023,-0.11451449,-0.15177682,-0.15564899,-0.14443555,-0.16636807,-0.15180904,-0.15487877,-0.12993515,-0.047159404,-0.14637324,-0.14016809,-0.14106366,-0.15167266,-0.19987361,-0.1649412,-0.17166539,-0.15178758,-0.15490645,-0.12722544,-0.14610182,-0.2588673,-0.12828562,-0.15169176,-0.09132757,-0.12832497,-0.13684332,-0.16221203,-0.15659244,-0.1277309,-0.15157276,-0.1548578,-0.15490413,-0.15493646,-0.15740095,-0.19795567,-0.15106063,-0.07294749,-0.2039893,-0.15177806,-0.15490201,-0.104459345,-0.15148786,-0.17466888,-0.13176009,-0.15178336,-0.15109587,-0.10913184,-0.15162969,-0.05825615,-0.14326635,-0.17082691,-0.15172708,-0.18883844,-0.15181442,-0.31316653,-0.15180585,-0.16808087,-0.14331596,-0.15180704,-0.15494475,-0.25088155,-0.15181479,-0.22115314,-0.07562123,-0.086852394,-0.10702289,-0.060967896,-0.14566891,-0.16796505,-0.15746465,-0.22133875,-0.12812386,-0.0969081,-0.16398169,-0.12716047,-0.11335766,-0.18846886,-0.1284732,-0.17755464,-0.0994983,-0.115196005,-0.15172769,-0.11662802,-0.19749595,-0.14526704,-0.12781724,-0.096878245,-0.15172541,-0.15475833,-0.12434345,-0.11230643,-0.063823454,-0.15166038,-0.11419349,-0.10007019,-0.24483351,-0.1518152,-0.15493749,-0.16344379,-0.1759062,-0.12524253,-0.15180105,-0.0782174,-0.19187105,-0.18185812,-0.09859173,-0.11065883,-0.15148756,-0.15463772,-0.083404,-0.1213824,-0.13072303,-0.13855581,-0.19385117,-0.15178065,-0.15494159,-0.19487974,-0.23847799,-0.2432746,-0.12815401,-0.15161906,-0.15491474,-0.14520228,-0.2961179,-0.15181452,-0.19813283,-0.12838069,-0.15175445,-0.060104962,-0.15931924,-0.15181291,-0.2028091,-0.2868003,-0.11816878,-0.14795661,-0.10060286,-0.15166661,-0.13614628,-0.20725825,-0.17393659,-0.125103,-0.15657571,-0.15690626,-0.15181157,-0.15494391,-0.16221246,-0.22200036,-0.12854332,7.713013,-0.15181564,6.318325,7.2985578,7.42708,-0.15173861,-0.13369927,-0.12557748,-0.15180865,-0.18106565,-0.15181538,-0.18642783,-0.1517652,-0.30462334,-0.15171179,-0.14691104,-0.13029914,-0.15180305,-0.15493199,2.7958336,-0.12846498,-0.15180773,-0.10481856,-0.1650517,-0.15180597,-0.1549459,-0.15492028,-0.12807047,-0.15171373,-0.15491432,-0.15490511,-0.15491651,-0.15492359,-0.16505513,-0.17392421,-0.15180165,-0.1549389,-0.15492944,-0.1549394,-0.2025511,-0.15354379,-0.14723541,-0.15088612,-0.11499533,-0.10471026,-0.11893196,-0.1518049,-0.15487647,-0.12842424,-0.19501048,-0.15181248,-0.18738703,-0.11705899,-0.17429145,-0.15180394,-0.06652963,-0.15156761,-0.10737923,-0.124497145,-0.15298569,-0.052188452,-0.26007295
k__Bacteria|p__Actinobacteria|c__Coriobacteriia|o__Eggerthellales|f__Eggerthellaceae|g__Gordonibacter|s__Gordonibacter_urolithinfaciens,-0.1004395,-0.12316422,-0.15149023,-0.1547605,-0.1547608,-0.23867357,-0.1666669,-0.16813041,-0.10929718,-0.22895765,-0.23728925,-0.1514956,-0.22850217,-0.3768707,-0.08556121,-0.15104723,-0.058144663,-0.15090385,-0.15469125,-0.19931981,1.0761882,-0.12698951,-0.15145631,-0.12711628,-0.20043859,-0.11658599,-0.182019,-0.25032333,-0.1509206,-0.15146159,-0.15142563,-0.10844302,-0.18249588,-0.28454733,-0.1514805,-0.1272029,-0.15149292,-0.22338755,-0.15149601,-0.29867563,-0.15149608,-0.29356226,-0.12642948,-0.15133014,-0.13691942,-0.15148988,-0.23188588,-0.24781659,-0.1296162,-0.12720938,-0.24679694,-0.18279888,-0.25087595,-0.26027086,-0.28621647,-0.27511892,-0.11894142,-0.1513993,-0.040142577,-0.056944285,-0.15068632,-0.11274739,-0.13743341,-0.12707739,-0.15147167,-0.15475559,-0.15476054,-0.15476125,-0.27573854,-0.1514504,-0.12708183,-0.16243835,-0.12334165,-0.14074792,-0.15145805,-0.15887658,-0.14481027,-0.1271855,-0.18691605,-0.14998752,-0.15148263,-0.15473692,-0.15474933,-0.15467317,-0.120334074,-0.13700745,-0.08858878,-0.15147603,-0.19008024,-0.15148844,-0.2004665,-0.11139822,-0.1388583,-0.13027036,-0.1074974,-0.15152657,-0.15138137,-0.15439945,-0.10065024,-0.08152827,-0.09427856,-0.15143637,-0.11960925,-0.15027548,-0.16982608,-0.1185138,-0.15145467,-0.15475377,-0.17738779,-0.15176103,-0.15149158,-0.25953975,-0.17989698,-0.13525523,-0.15148851,-0.15095688,-0.17780018,-0.2009549,-0.15146458,-0.09015879,-0.15116404,-0.12151222,-0.121854745,-0.13997786,-0.21433522,-0.13908121,-0.16057305,-0.1514095,-0.07092635,-0.15079534,-0.15389293,-0.18733518,-0.15120098,-0.12706247,-0.12334781,-0.14100276,-0.15144366,-0.114095174,-0.25318068,-0.26654312,-0.12619647,-0.10945694,-0.15143391,-0.09238048,-0.20963459,-0.15148877,-0.15466443,-0.12651627,-0.15140966,-0.16015086,-0.1553517,-0.15149358,-0.19704957,-0.20616047,-0.12586728,-0.10460003,-0.11361031,-0.10256614,-0.15148541,-0.19495486,-0.15145795,-0.12640317,-0.15131667,-0.041086134,-0.12967405,-0.15149215,-0.2300741,-0.15146801,-0.10384405,-0.14992806,-0.0784167,-0.15133552,-0.12766197,-0.15135759,-0.121451,-0.075820275,-0.09192432,-0.101488546,-0.15119833,-0.15465668,-0.12378413,-0.15131584,-0.1410757,-0.13984437,-0.18093297,-0.1514949,-0.25777104,-0.12844054,-0.15139186,-0.13462572,-0.119081676,-0.15146278,-0.15475608,-0.1547579,-0.15475914,-0.19755594,-0.25103784,-0.20219928,-0.19465852,-0.24831252,-0.20506537,-0.22091979,-0.15147808,-0.12673774,-0.11956477,-0.1514732,-0.15475205,-0.20931396,-0.18224281,-0.15146287,-0.32474133,-0.15149283,-0.15476203,-0.15476084,-0.15476044,-0.2185038,-0.15146188,-0.114121355,-0.15146568,-0.15474512,-0.15475231,-0.22984435,-0.15148601,-0.15473229,-0.08963354,-0.15137464,-0.15470871,-0.15472758,-0.15472941,-0.13302092,-0.1051107,-0.14014931,-0.15141064,-0.15839578,-0.15615125,-0.14613561,-0.15148209,-0.12319561,-0.12715477,-0.15144244,-0.15476184,-0.15476131,-0.15476133,-0.15476188,-0.38518023,-0.11451449,-0.1514509,-0.15564899,-0.14443555,-0.16636807,-0.15148771,-0.15467581,-0.12993515,-0.047159404,-0.14498721,-0.14016809,-0.14106366,-0.15133068,-0.19987361,-0.1649412,-0.17166539,-0.15146375,-0.15471637,-0.12722544,-0.14610182,-0.2588673,-0.12692888,-0.15135518,-0.09132757,-0.12832497,-0.13684332,-0.16221203,-0.15659244,-0.1262581,-0.15121242,-0.1546594,-0.15471253,-0.1547489,-0.15740095,-0.19795567,-0.15106063,-0.07294749,-0.2039893,-0.15145154,-0.15471107,-0.104459345,-0.15102726,-0.17466888,-0.13176009,-0.1514599,-0.15109587,-0.10913184,-0.15128034,-0.05825615,-0.14326635,-0.17082691,-0.15139306,-0.18883844,-0.15149403,3.901777,-0.15148322,-0.16808087,-0.14331596,-0.15148571,-0.15475807,-0.25088155,-0.15149444,-0.22115314,-0.07562123,-0.086852394,-0.10702289,-0.060967896,-0.14418745,4.9497676,3.793372,-0.22133875,-0.12812386,-0.0969081,-0.16398169,-0.12716047,-0.11335766,-0.18846886,-0.12714659,-0.17755464,-0.0994983,-0.115196005,-0.15139443,-0.11662802,-0.19749595,-0.14526704,-0.12781724,-0.096878245,-0.15139504,-0.15454648,-0.12434345,-0.11230643,-0.063823454,-0.15131837,-0.11419349,-0.10007019,-0.24483351,-0.15149502,-0.15474871,-0.16344379,-0.1759062,-0.12524253,-0.15147911,-0.0782174,-0.19187105,-0.18185812,-0.09859173,-0.11065883,-0.15112555,-0.15440953,-0.083404,-0.1213824,-0.13072303,-0.13855581,-0.19385117,-0.15145428,-0.1547547,-0.19487974,-0.23847799,-0.2432746,-0.1267747,-0.15127136,-0.15472338,-0.14520228,-0.2961179,-0.15149423,-0.19813283,-0.1270379,-0.15142421,-0.060104962,-0.15931924,-0.15149227,-0.2028091,-0.2868003,-0.11816878,-0.14795661,-0.10060286,-0.15132199,-0.13614628,-0.20725825,-0.17393659,-0.125103,-0.15657571,1.2781545,-0.15149075,-0.15475735,-0.16221246,-0.22200036,-0.12722595,-0.2814266,-0.15149546,-0.1915083,-0.24371436,-0.16952515,-0.15139757,-0.13369927,-0.12557748,-0.15148732,-0.18106565,-0.1514952,-0.18642783,-0.15143207,-0.30462334,-0.15137291,-0.14691104,1.9089869,-0.15148105,-0.15474391,1.7634599,-0.12713861,-0.15148652,-0.10481856,-0.1650517,-0.15148404,-0.15475956,-0.15472656,-0.12666962,-0.15138052,-0.15472224,-0.15471238,-0.15472496,-0.15473408,-0.16505513,-0.17392421,-0.15147913,-0.1547517,-0.1547406,-0.15475228,-0.2025511,-0.15354379,-0.14723541,-0.15038216,-0.11499533,-0.10471026,-0.11893196,-0.15148315,-0.15467294,-0.1270952,-0.19501048,-0.15149169,-0.18738703,-0.11705899,-0.17429145,-0.15148076,-0.06652963,-0.15121564,-0.10737923,-0.124497145,-0.15298569,-0.052188452,-0.26007295
k__Bacteria|p__Actinobacteria|c__Actinomycetia|o__Actinomycetales|f__Actinomycetaceae|g__Actinomyces|s__Actinomyces_graevenitzii,-0.1004395,-0.12316422,-0.14791736,-0.15110901,-0.15110934,-0.23867357,-0.1666669,-0.16813041,-0.10929718,-0.22895765,-0.23728925,-0.14792278,-0.22850217,-0.3768707,-0.08556121,-0.1474644,-0.058144663,-0.14731547,-0.15103869,-0.19931981,-0.1978925,-0.12400559,-0.1478828,-0.12711628,-0.20043859,-0.11658599,-0.182019,1.1620363,-0.1509206,-0.14788842,-0.15142563,-0.10844302,-0.18249588,-0.28454733,-0.14790794,-0.12421386,-0.14792007,-0.22338755,-0.1479232,1.1982241,-0.14792328,-0.29356226,-0.12345925,-0.14775604,-0.13691942,-0.14791696,-0.23188588,-0.24781659,-0.1296162,-0.12422054,-0.24679694,-0.18279888,-0.25087595,-0.26027086,-0.28621647,-0.27511892,-0.11894142,-0.14782497,-0.040142577,-0.056944285,-0.14710277,-0.11274739,-0.13743341,-0.12409386,-0.14789864,-0.151104,-0.15110907,-0.15110981,-0.27573854,-0.14787875,-0.12409523,-0.16243835,-0.12334165,-0.14074792,-0.14788453,-0.15887658,-0.14481027,-0.12419692,0.6789508,-0.14998752,-0.14790958,-0.15108506,-0.1510978,-0.15102416,-0.120334074,-0.13700745,-0.08858878,-0.14790288,0.71947837,-0.1479155,-0.2004665,-0.11139822,-0.1388583,-0.13027036,-0.1074974,-0.15152657,-0.14780656,-0.15076414,-0.10065024,-0.08152827,-0.09427856,-0.14786246,-0.11960925,-0.15027548,-0.16982608,-0.1185138,-0.14788136,-0.15110219,1.4601063,-0.15176103,-0.14791873,-0.25953975,-0.17989698,-0.13525523,-0.14791557,-0.15095688,-0.17780018,-0.2009549,-0.14789271,-0.09015879,-0.14758432,-0.12151222,-0.121854745,-0.13997786,-0.21433522,0.70288295,-0.16057305,-0.14783503,-0.07092635,-0.1472095,-0.1502355,-0.18733518,-0.1476283,-0.124084264,-0.12334781,1.0298636,-0.14786988,-0.114095174,-0.25318068,-0.26654312,-0.12325595,-0.10945694,-0.14785987,-0.09238048,-0.20963459,-0.14791581,-0.15101466,-0.123550676,-0.14783543,-0.16015086,-0.1553517,-0.14792073,-0.19704957,-0.20616047,-0.12293625,-0.10460003,-0.11361031,-0.10256614,-0.14791235,-0.19495486,-0.14788552,-0.123461835,-0.1477398,-0.041086134,-0.12967405,-0.14791933,-0.2300741,-0.14789566,-0.10384405,-0.14632449,-0.0784167,-0.14776006,-0.12766197,-0.14778224,-0.121451,-0.075820275,-0.09192432,-0.101488546,-0.14762118,-0.15100309,-0.12378413,-0.14774612,-0.1410757,-0.13984437,-0.18093297,-0.14792207,-0.25777104,-0.12844054,-0.14782122,-0.13462572,-0.119081676,-0.14788923,-0.15110454,-0.15110639,-0.15110764,-0.19755594,1.8631448,1.9819959,-0.19465852,-0.24831252,-0.20506537,-0.22091979,-0.14790535,-0.12377193,-0.11956477,-0.1478999,-0.15110046,-0.20931396,-0.18224281,-0.14789021,-0.32474133,-0.14791997,-0.15111059,-0.15110937,-0.15110895,-0.2185038,-0.1478895,-0.114121355,-0.14789262,-0.15109365,-0.15110071,-0.22984435,-0.14791296,-0.15108144,-0.08963354,-0.14780015,-0.15105607,-0.15107572,-0.1510772,-0.13302092,-0.1051107,-0.14014931,-0.15141064,-0.15839578,-0.15615125,-0.14613561,-0.14790893,-0.12319561,-0.12416588,-0.14786913,-0.15111038,-0.15110987,-0.15110987,-0.15111044,-0.38518023,-0.11451449,-0.14787738,-0.15564899,-0.14443555,-0.16636807,-0.1479148,-0.151025,-0.12993515,-0.047159404,-0.14135024,-0.14016809,-0.14106366,-0.14775524,-0.19987361,-0.1649412,-0.17166539,-0.14789033,-0.15106377,-0.12722544,-0.14610182,-0.2588673,-0.12395047,-0.14778006,-0.09132757,-0.12832497,-0.13684332,-0.16221203,-0.15659244,-0.12332526,-0.14763638,-0.15100628,-0.15106007,-0.15109721,-0.15740095,-0.19795567,2.256985,-0.07294749,-0.2039893,-0.1478782,-0.15105847,-0.104459345,-0.1475084,1.8776029,-0.13176009,-0.1478862,-0.15109587,-0.10913184,-0.14770511,-0.05825615,-0.14326635,-0.17082691,-0.14781879,-0.18883844,-0.1479212,-0.31316653,-0.14791048,-0.16808087,-0.14331596,-0.14791273,-0.1511066,-0.25088155,-0.14792162,-0.22115314,-0.07562123,-0.086852394,-0.10702289,-0.060967896,-0.14054535,-0.16796505,-0.15746465,-0.22133875,-0.12812386,-0.0969081,-0.16398169,-0.12716047,-0.11335766,-0.18846886,-0.12415858,-0.17755464,-0.0994983,-0.115196005,-0.14782006,-0.11662802,-0.19749595,-0.14526704,-0.12781724,-0.096878245,-0.14782006,-0.15089157,1.3016102,1.4928854,-0.063823454,-0.14774266,-0.11419349,-0.10007019,-0.24483351,-0.14792219,-0.15109749,-0.16344379,0.7786403,-0.12524253,-0.14790595,-0.0782174,-0.19187105,-0.18185812,-0.09859173,-0.11065883,-0.14754543,-0.15075165,-0.083404,-0.1213824,-0.13072303,-0.13855581,-0.19385117,-0.14788102,-0.15110312,-0.19487974,-0.23847799,-0.2432746,-0.123789944,-0.14769486,-0.1510714,-0.14520228,-0.2961179,-0.14792138,-0.19813283,-0.12405485,-0.14785057,-0.060104962,-0.15931924,-0.14791942,-0.2028091,-0.2868003,-0.11816878,-0.14795661,-0.10060286,-0.1477471,-0.13614628,-0.20725825,-0.17393659,-0.125103,-0.15657571,1.1757623,-0.14791788,-0.15110582,-0.16221246,-0.22200036,-0.1242372,3.658178,-0.14792266,-0.1915083,-0.24371436,-0.16952515,-0.1478271,-0.13369927,-0.12557748,-0.14791441,-0.18106565,-0.14792238,-0.18642783,-0.14786011,1.5543451,-0.14779879,-0.14691104,-0.13029914,-0.147908,-0.15109211,-0.18915205,-0.1241503,-0.14791358,-0.10481856,-0.1650517,-0.14791113,-0.15110806,-0.15107599,-0.1236961,-0.14780554,-0.1510704,-0.1510603,-0.15107313,-0.1510822,-0.16505513,-0.17392421,-0.14790612,-0.15110007,-0.15108883,-0.15110064,-0.2025511,-0.15354379,-0.14723541,-0.14680073,-0.11499533,-0.10471026,-0.11893196,-0.14791015,-0.15102226,-0.12410575,-0.19501048,-0.14791885,-0.18738703,-0.11705899,-0.17429145,-0.14790833,-0.06652963,-0.14763713,-0.10737923,-0.124497145,-0.15298569,-0.052188452,-0.26007295
k__Bacteria|p__Actinobacteria|c__Actinomycetia|o__Actinomycetales|f__Actinomycetaceae|g__Actinomyces|s__Actinomyces_SGB17157,-0.1004395,-0.12316422,-0.14599213,-0.14913788,-0.14913818,-0.23867357,-0.1666669,-0.16813041,-0.10929718,-0.22895765,-0.23728925,-0.14599693,-0.22850217,-0.3768707,-0.08556121,-0.14558291,-0.058144663,-0.14544743,-0.1490753,-0.19931981,-0.1978925,-0.12243827,-0.14596108,-0.12711628,-0.20043859,-0.11658599,-0.182019,-0.25032333,-0.1509206,-0.14596647,-0.15142563,-0.10844302,-0.18249588,4.2144628,-0.14598358,-0.12262806,-0.14599451,-0.22338755,-0.14599732,-0.29867563,-0.14599738,-0.29356226,-0.121932216,-0.14584969,-0.13691942,-0.1459917,-0.23188588,-0.24781659,-0.1296162,-0.122634456,-0.24679694,-0.18279888,-0.25087595,-0.26027086,-0.28621647,-0.27511892,-0.11894142,-0.14590943,-0.040142577,-0.056944285,-0.14527395,-0.11274739,-0.13743341,-0.1225199,-0.14597571,-0.14913341,-0.14913797,-0.1491386,-0.27573854,-0.14595744,-0.12252115,-0.16243835,-0.12334165,-0.14074792,-0.14596277,-0.15887658,-0.14481027,-0.12261227,-0.18691605,-0.14998752,-0.14598513,-0.14911658,-0.14912806,-0.1490612,-0.120334074,-0.13700745,-0.08858878,-0.14597912,-0.19008024,-0.14599042,-0.2004665,-0.11139822,-0.1388583,-0.13027036,-0.1074974,-0.15152657,-0.14589289,-0.14881739,-0.10065024,-0.08152827,-0.09427856,-0.1459427,-0.11960925,-0.15027548,-0.16982608,-0.1185138,-0.14596024,-0.14913177,-0.17738779,-0.15176103,-0.14599335,-0.25953975,-0.17989698,-0.13525523,-0.14599048,-0.15095688,-0.17780018,-0.2009549,-0.1459704,-0.09015879,-0.14569256,-0.12151222,-0.121854745,-0.13997786,-0.21433522,3.8777819,-0.16057305,-0.14591809,-0.07092635,-0.1453588,-0.14837688,1.1919345,-0.14574146,-0.12251011,-0.12334781,-0.14100276,-0.14594963,-0.114095174,3.6081882,0.5221679,-0.121766105,-0.10945694,-0.14594047,-0.09238048,-0.20963459,-0.1459907,-0.14905417,-0.12203475,-0.14591919,-0.16015086,-0.1553517,-0.14599511,-0.19704957,-0.20616047,-0.12147991,-0.10460003,-0.11361031,-0.10256614,-0.14598754,-0.19495486,-0.14596316,-0.12195797,-0.1458323,-0.041086134,-0.12967405,-0.14599392,-0.2300741,-0.14597224,-0.10384405,-0.14456475,-0.0784167,-0.14585163,-0.12766197,-0.14587124,-0.121451,-0.075820275,1.7437847,-0.101488546,-0.1457269,-0.14904271,-0.12378413,-0.14583443,-0.1410757,-0.13984437,-0.18093297,-0.1459963,-0.25777104,-0.12844054,-0.14590439,-0.13462572,-0.119081676,-0.14596662,-0.1491339,-0.14913556,-0.14913666,-0.19755594,-0.25103784,-0.20219928,-0.19465852,-0.24831252,-0.20506537,-0.22091979,-0.14598148,-0.12223549,-0.11956477,-0.14597633,-0.1491303,2.2459128,-0.18224281,-0.1459679,-0.32474133,-0.1459944,-0.14913929,-0.14913821,-0.14913782,2.6741393,-0.145967,-0.114121355,-0.14597037,-0.14912462,-0.1491305,-0.22984435,-0.14598809,-0.14911315,-0.08963354,-0.14588772,-0.14909008,-0.14910851,-0.14910917,-0.13302092,-0.1051107,-0.14014931,-0.15141064,-0.15839578,-0.15615125,-0.14613561,-0.14598438,-0.12319561,-0.122585386,-0.14594996,-0.1491391,-0.14913866,-0.14913866,-0.14913917,-0.38518023,-0.11451449,-0.14595656,-0.15564899,-0.14443555,-0.16636807,-0.14598992,-0.14906439,-0.12993515,-0.047159404,-0.1402588,-0.14016809,-0.14106366,-0.1458484,-0.19987361,-0.1649412,-0.17166539,-0.1459679,-0.14909689,-0.12722544,-0.14610182,-0.2588673,-0.1223903,-0.14586878,-0.09132757,-0.12832497,-0.13684332,-0.16221203,-0.15659244,-0.12183356,-0.14574215,-0.14904593,-0.14909396,-0.1491273,1.2911183,2.739007,-0.15106063,-0.07294749,-0.2039893,-0.1459576,-0.14909211,-0.104459345,-0.1456056,-0.17466888,-0.13176009,-0.14596383,-0.15109587,-0.10913184,-0.145802,-0.05825615,-0.14326635,-0.17082691,-0.14590472,-0.18883844,-0.14599556,-0.31316653,-0.14598629,-0.16808087,-0.14331596,-0.14598794,-0.1491358,-0.25088155,-0.14599593,-0.22115314,-0.07562123,-0.086852394,-0.10702289,-0.060967896,-0.13954186,-0.16796505,3.429636,-0.22133875,-0.12812386,3.175231,3.1854928,-0.12716047,-0.11335766,-0.18846886,-0.122578084,-0.17755464,-0.0994983,-0.115196005,-0.1459055,-0.11662802,-0.19749595,-0.14526704,-0.12781724,-0.096878245,-0.14590412,-0.1489431,-0.12434345,-0.11230643,-0.063823454,-0.14583556,-0.11419349,1.0732348,1.6922114,-0.1459964,-0.14912753,-0.16344379,-0.1759062,-0.12524253,-0.14598182,-0.0782174,-0.19187105,-0.18185812,-0.09859173,-0.11065883,-0.14565855,-0.14881817,-0.083404,-0.1213824,-0.13072303,-0.13855581,-0.19385117,-0.14596018,-0.14913261,-0.19487974,-0.23847799,-0.2432746,-0.1222498,-0.14579327,-0.14910454,-0.14520228,-0.2961179,-0.14599568,-0.19813283,-0.1224842,-0.14593288,-0.060104962,1.2277505,-0.14599398,-0.2028091,0.95669633,-0.11816878,-0.14795661,-0.10060286,-0.1458413,-0.13614628,-0.20725825,-0.17393659,-0.125103,-0.15657571,-0.15690626,-0.14599259,-0.14913502,-0.16221246,-0.22200036,-0.12264949,-0.2814266,-0.14599684,-0.1915083,-0.24371436,-0.16952515,-0.1459103,1.8354696,-0.12557748,-0.1459895,-0.18106565,-0.14599657,-0.18642783,-0.14594153,-0.30462334,-0.14588809,-0.14691104,-0.13029914,-0.14598379,-0.14912273,2.7028613,-0.12256946,-0.14598866,-0.10481856,-0.1650517,-0.1459867,-0.14913706,-0.14910819,-0.12216983,-0.14589176,-0.14910392,-0.14909461,-0.14910623,-0.14911379,-0.16505513,-0.17392421,-0.1459822,-0.14912988,-0.14912,-0.14913037,-0.2025511,-0.15354379,-0.14723541,-0.14501819,-0.11499533,-0.10471026,-0.11893196,-0.1459857,-0.1490603,-0.12252906,-0.19501048,-0.1459935,-0.18738703,-0.11705899,-0.17429145,-0.14598349,-0.06652963,-0.14573956,-0.10737923,-0.124497145,-0.15298569,-0.052188452,2.3115737
k__Bacteria|p__Actinobacteria|c__Actinomycetia|o__Actinomycetales|f__Actinomycetaceae|g__Actinomyces|s__Actinomyces_SGB17168,-0.1004395,-0.12316422,-0.14773542,-0.15092087,-0.15092117,-0.23867357,-0.1666669,-0.16813041,-0.10929718,-0.22895765,-0.23728925,-0.14774048,-0.22850217,-0.3768707,-0.08556121,-0.14731626,-0.058144663,-0.14717999,-0.15085548,-0.19931981,-0.1978925,-0.123883136,-0.14770335,-0.12711628,-0.20043859,-0.11658599,-0.182019,-0.25032333,-0.1509206,-0.1477084,-0.15142563,-0.10844302,-0.18249588,1.918077,-0.1477264,-0.124077976,-0.14773795,-0.22338755,-0.14774087,-0.29867563,-0.14774093,-0.29356226,-0.12336841,-0.1475846,-0.13691942,-0.14773509,-0.23188588,-0.24781659,-0.1296162,-0.124084026,-0.24679694,-0.18279888,-0.25087595,-0.26027086,-0.28621647,-0.27511892,-0.11894142,-0.14764968,-0.040142577,-0.056944285,-0.1469771,-0.11274739,-0.13743341,-0.12396461,-0.14771795,-0.15091623,-0.15092093,-0.1509216,-0.27573854,-0.14769894,-0.12396653,-0.16243835,-0.12334165,-0.14074792,-0.14770499,-0.15887658,-0.14481027,-0.12406182,-0.18691605,-0.14998752,-0.14772823,-0.15089864,-0.15091038,-0.15083998,-0.120334074,-0.13700745,-0.08858878,-0.14772199,-0.19008024,-0.14773372,1.6985738,-0.11139822,-0.1388583,-0.13027036,-0.1074974,-0.15152657,-0.14763272,-0.15059566,-0.10065024,-0.08152827,-0.09427856,-0.14768454,-0.11960925,-0.15027548,-0.16982608,-0.1185138,-0.14770187,-0.15091453,-0.17738779,-0.15176103,-0.1477367,-0.25953975,-0.17989698,-0.13525523,-0.1477338,-0.15095688,-0.17780018,-0.2009549,-0.14771184,-0.09015879,-0.1474272,-0.12151222,-0.121854745,-0.13997786,-0.21433522,0.9651151,-0.16057305,-0.14765918,-0.07092635,-0.14707872,-0.15010405,-0.18733518,-0.147464,-0.12395271,-0.12334781,-0.14100276,-0.14769143,-0.114095174,-0.25318068,1.4815694,-0.12318869,-0.10945694,-0.1476822,-0.09238048,-0.20963459,-0.14773402,-0.1508317,-0.12346064,-0.14765927,-0.16015086,-0.1553517,-0.14773858,-0.19704957,-0.20616047,-0.12288959,-0.10460003,-0.11361031,-0.10256614,-0.14773083,-0.19495486,-0.14770547,-0.12337987,-0.1475712,-0.041086134,-0.12967405,-0.14773722,-0.2300741,-0.14771481,-0.10384405,-0.14626089,-0.0784167,-0.1475894,-0.12766197,-0.14761017,-0.121451,-0.075820275,-0.09192432,-0.101488546,-0.14746034,-0.1508228,-0.12378413,-0.14757319,-0.1410757,-0.13984437,-0.18093297,-0.14773983,-0.25777104,-0.12844054,-0.14764494,-0.13462572,-0.119081676,-0.14770944,-0.15091673,-0.15091842,-0.15091959,-0.19755594,-0.25103784,-0.20219928,-0.19465852,-0.24831252,3.065898,2.7995524,-0.14772409,-0.12366399,-0.11956477,-0.14771928,-0.15091291,2.475121,2.9327176,-0.14770985,-0.32474133,-0.14773789,-0.15092233,-0.15092121,-0.15092082,-0.2185038,-0.14770904,-0.114121355,-0.14771229,-0.15090644,-0.15091315,-0.22984435,-0.14773142,-0.15089461,-0.08963354,-0.1476264,-0.15087192,-0.15088984,-0.15089148,3.7682414,2.3841844,-0.14014931,-0.15141064,-0.15839578,-0.15615125,-0.14613561,-0.14772768,-0.12319561,-0.1240332,-0.14769039,-0.15092215,-0.15092164,-0.15092167,-0.15092218,-0.38518023,-0.11451449,-0.1476983,0.76805913,-0.14443555,-0.16636807,-0.14773303,-0.15084165,-0.12993515,-0.047159404,-0.141604,1.2541372,-0.14106366,-0.1475848,-0.19987361,-0.1649412,-0.17166539,-0.14771041,-0.15087911,-0.12722544,-0.14610182,-0.2588673,-0.12383249,-0.14760812,-0.09132757,-0.12832497,-0.13684332,-0.16221203,-0.15659244,-0.123257935,-0.14747377,-0.15082552,-0.15087555,-0.15090993,-0.15740095,-0.19795567,-0.15106063,-0.07294749,-0.2039893,-0.14769894,-0.1508742,-0.104459345,-0.14735486,-0.17466888,-0.13176009,-0.14770669,-0.15109587,-0.10913184,-0.1475383,-0.05825615,-0.14326635,-0.17082691,-0.14764374,-0.18883844,-0.147739,-0.31316653,-0.14772888,-0.16808087,-0.14331596,-0.14773113,-0.1509186,-0.25088155,-0.14773938,-0.22115314,-0.07562123,-0.086852394,-0.10702289,-0.060967896,-0.14085478,-0.16796505,-0.15746465,-0.22133875,-0.12812386,-0.0969081,-0.16398169,-0.12716047,-0.11335766,-0.18846886,-0.12402632,-0.17755464,-0.0994983,-0.115196005,-0.14764503,-0.11662802,-0.19749595,-0.14526704,-0.12781724,-0.096878245,-0.14764549,-0.15071918,-0.12434345,-0.11230643,-0.063823454,-0.14757326,-0.11419349,-0.10007019,-0.24483351,-0.14773993,-0.1509099,-0.16344379,-0.1759062,-0.12524253,-0.14772488,-0.0782174,-0.19187105,-0.18185812,-0.09859173,-0.11065883,-0.14739111,-0.15058957,-0.083404,-0.1213824,-0.13072303,-0.13855581,-0.19385117,-0.14770153,-0.15091541,-0.19487974,-0.23847799,-0.2432746,-0.12369205,-0.147529,-0.15088585,-0.14520228,-0.2961179,-0.14773917,-0.19813283,-0.12392892,-0.14767323,-0.060104962,-0.15931924,-0.14773732,-0.2028091,0.5907326,-0.11816878,-0.14795661,-0.10060286,-0.14757685,-0.13614628,-0.20725825,-0.17393659,-0.125103,-0.15657571,-0.15690626,-0.1477359,-0.1509179,2.9669645,-0.22200036,-0.12409955,-0.2814266,-0.14774033,-0.1915083,-0.24371436,-0.16952515,-0.14764974,-0.13369927,-0.12557748,-0.14773265,-0.18106565,-0.1477401,-0.18642783,-0.14768118,-0.30462334,-0.14762484,-0.14691104,-0.13029914,-0.14772674,-0.15090522,-0.18915205,-0.12401851,-0.14773192,-0.10481856,-0.1650517,-0.1477296,-0.15091999,-0.15088943,-0.12360701,-0.14763185,-0.15088485,-0.15087552,-0.1508874,-0.15089597,-0.16505513,-0.17392421,-0.14772494,-0.15091258,-0.1509021,-0.15091312,-0.2025511,1.7350628,-0.14723541,-0.14669189,-0.11499533,-0.10471026,-0.11893196,-0.14772874,-0.15083897,-0.123977736,-0.19501048,-0.14773679,-0.18738703,-0.11705899,-0.17429145,-0.1477267,-0.06652963,-0.14747591,-0.10737923,-0.124497145,-0.15298569,-0.052188452,-0.26007295
k__Bacteria|p__Actinobacteria|c__Actinomycetia|o__Bifidobacteriales|f__Bifidobacteriaceae|g__Bifidobacterium|s__Bifidobacterium_animalis,-0.1004395,-0.12316422,-0.1478661,-0.15105723,-0.15105751,-0.23867357,-0.1666669,-0.16813041,-0.10929718,-0.22895765,-0.23728925,-0.14787118,-0.22850217,-0.3768707,-0.08556121,-0.14744723,-0.058144663,-0.14731187,-0.15099159,-0.19931981,5.627432,-0.12397074,-0.14783399,-0.12711628,-0.20043859,-0.11658599,-0.182019,-0.25032333,-0.1509206,-0.14783901,-0.15142563,-0.10844302,-0.18249588,-0.28454733,-0.14785707,-0.124166444,-0.14786865,-0.22338755,-0.14787155,-0.29867563,-0.14787163,-0.29356226,-0.12344998,-0.14771464,-0.13691942,-0.14786577,-0.23188588,-0.24781659,-0.1296162,-0.124172665,-0.24679694,-0.18279888,-0.25087595,-0.26027086,-0.28621647,-0.27511892,-0.11894142,-0.14778015,-0.040142577,-0.056944285,-0.1471054,-0.11274739,-0.13743341,-0.12405206,-0.14784855,-0.1510526,-0.15105727,-0.15105796,-0.27573854,-0.14782909,-0.12405443,-0.16243835,-0.12334165,-0.14074792,-0.14783567,-0.15887658,4.155933,-0.124150515,-0.18691605,-0.14998752,-0.14785889,-0.15103492,-0.1510467,-0.15097591,-0.120334074,-0.13700745,-0.08858878,-0.14785266,-0.19008024,-0.1478644,-0.2004665,-0.11139822,-0.1388583,-0.13027036,-0.1074974,-0.15152657,-0.14776331,-0.15073007,-0.10065024,-0.08152827,-0.09427856,-0.14781518,-0.11960925,-0.15027548,-0.16982608,-0.1185138,-0.14783242,-0.15105088,2.7807052,-0.15176103,-0.14786738,-0.25953975,-0.17989698,-0.13525523,-0.14786448,-0.15095688,-0.17780018,-0.2009549,-0.14784217,-0.09015879,-0.14755785,-0.12151222,-0.121854745,2.5627923,3.5485406,4.1145353,-0.16057305,-0.14778978,-0.07092635,-0.14720853,-0.15023622,-0.18733518,-0.1475927,-0.124038965,-0.12334781,-0.14100276,-0.14782202,-0.114095174,-0.25318068,-0.26654312,-0.1232633,-0.10945694,-0.14781281,-0.09238048,4.936424,-0.1478647,-0.15096669,-0.1235344,-0.14778972,-0.16015086,-0.1553517,-0.14786926,-0.19704957,-0.20616047,-0.122949705,-0.10460003,-0.11361031,-0.10256614,-0.14786154,1.1227901,-0.14783601,-0.123448834,-0.14770204,-0.041086134,-0.12967405,-0.14786792,-0.2300741,-0.14784533,-0.10384405,-0.14639029,1.8946828,-0.14771953,-0.12766197,-0.14774066,3.2218137,-0.075820275,-0.09192432,-0.101488546,-0.14759064,-0.15095907,-0.12378413,-0.14770354,-0.1410757,-0.13984437,-0.18093297,-0.14787051,-0.25777104,-0.12844054,-0.14777458,-0.13462572,-0.119081676,-0.14784013,-0.15105306,-0.15105477,-0.15105593,-0.19755594,-0.25103784,-0.20219928,-0.19465852,-0.24831252,-0.20506537,-0.22091979,-0.14785467,-0.12374361,-0.11956477,-0.14784995,-0.15104926,-0.20931396,-0.18224281,-0.14784023,-0.32474133,-0.14786857,-0.15105869,-0.15105757,-0.15105718,-0.2185038,-0.14783925,-0.114121355,-0.14784282,-0.15104268,-0.15104946,-0.22984435,-0.14786209,-0.15103024,-0.08963354,-0.14775665,-0.15100825,-0.15102607,-0.15102786,-0.13302092,-0.1051107,-0.14014931,-0.15141064,-0.15839578,-0.15615125,-0.14613561,-0.1478584,-0.12319561,-0.1241213,-0.14782086,-0.1510585,-0.151058,-0.15105802,-0.15105854,-0.38518023,-0.11451449,-0.1478289,-0.15564899,-0.14443555,-0.16636807,-0.1478637,-0.15097727,4.3200116,-0.047159404,-0.14170891,4.2557745,3.742652,-0.14771512,-0.19987361,-0.1649412,-0.17166539,-0.14784107,-0.15101552,-0.12722544,-0.14610182,-0.2588673,-0.12391974,-0.1477387,-0.09132757,-0.12832497,-0.13684332,-0.16221203,-0.15659244,-0.12331485,-0.14760327,-0.15096168,-0.15101184,-0.15104625,-0.15740095,-0.19795567,-0.15106063,-0.07294749,-0.2039893,-0.14782949,-0.15101051,-0.104459345,-0.1474657,-0.17466888,-0.13176009,-0.14783743,-0.15109587,-0.10913184,-0.1476683,-0.05825615,-0.14326635,-0.17082691,-0.14777413,-0.18883844,-0.14786969,2.4129994,-0.14785948,-0.16808087,-0.14331596,-0.14786184,-0.15105493,-0.25088155,-0.14787008,-0.22115314,-0.07562123,-0.086852394,-0.10702289,-0.060967896,-0.14095566,-0.16796505,-0.15746465,-0.22133875,-0.12812386,-0.0969081,-0.16398169,-0.12716047,-0.11335766,-0.18846886,-0.12411451,-0.17755464,-0.0994983,-0.115196005,-0.1477755,-0.11662802,-0.19749595,-0.14526704,-0.12781724,-0.096878245,-0.14777614,-0.15085523,-0.12434345,-0.11230643,-0.063823454,-0.14770368,-0.11419349,-0.10007019,-0.24483351,-0.14787063,-0.15104616,-0.16344379,-0.1759062,-0.12524253,-0.14785558,-0.0782174,-0.19187105,-0.18185812,-0.09859173,-0.11065883,-0.1475216,-0.15072559,-0.083404,-0.1213824,-0.13072303,-0.13855581,-0.19385117,-0.14783207,-0.15105176,-0.19487974,-0.23847799,-0.2432746,-0.12377012,-0.14765929,-0.1510221,-0.14520228,4.0938444,-0.14786988,3.8590837,-0.12401603,-0.1478037,-0.060104962,-0.15931924,-0.14786802,-0.2028091,-0.2868003,-0.11816878,-0.14795661,-0.10060286,-0.14770705,-0.13614628,-0.20725825,5.4911485,-0.125103,-0.15657571,-0.15690626,-0.14786658,-0.15105426,-0.16221246,1.8381205,-0.124188215,3.6778839,-0.14787105,-0.1915083,-0.24371436,-0.16952515,-0.14777935,-0.13369927,-0.12557748,-0.14786333,-0.18106565,-0.14787081,-0.18642783,-0.14781135,-0.30462334,-0.14775507,-0.14691104,-0.13029914,-0.1478574,-0.15104154,-0.18915205,-0.124107026,-0.14786261,-0.10481856,-0.1650517,-0.14786026,-0.15105633,-0.15102549,-0.12368175,-0.14776245,-0.15102105,-0.15101172,-0.15102361,-0.15103221,-0.16505513,-0.17392421,-0.14785558,-0.15104893,-0.15103841,-0.15104945,-0.2025511,-0.15354379,-0.14723541,-0.14681745,-0.11499533,-0.10471026,-0.11893196,-0.14785942,-0.15097457,-0.12406631,-0.19501048,-0.14786747,-0.18738703,1.5803536,-0.17429145,-0.14785728,-0.06652963,-0.1476067,-0.10737923,-0.124497145,-0.15298569,-0.052188452,-0.26007295
k__Bacteria|p__Actinobacteria|c__Actinomycetia|o__Actinomycetales|f__Actinomycetaceae|g__Actinomyces|s__Actinomyces_sp_HMSC035G02,-0.1004395,-0.12316422,-0.14631994,-0.14938009,-0.1493802,-0.23867357,-0.1666669,-0.16813041,-0.10929718,-0.22895765,-0.23728925,-0.14632182,-0.22850217,-0.3768707,-0.08556121,-0.14614661,-0.058144663,-0.14608839,-0.14935511,-0.19931981,-0.1978925,-0.12349889,-0.14630729,-0.12711628,-0.20043859,-0.11658599,-0.182019,-0.25032333,3.0495796,-0.14631012,2.6430786,-0.10844302,2.9771476,-0.28454733,-0.146317,-0.1235896,-0.14632083,-0.22338755,-0.14632198,0.8327225,-0.14632201,-0.29356226,-0.12324007,-0.14626524,-0.13691942,-0.14631969,-0.23188588,-0.24781659,-0.1296162,-0.12359263,1.6737053,1.7963345,-0.25087595,-0.26027086,-0.28621647,-0.27511892,2.1025243,-0.14628573,-0.040142577,-0.056944285,-0.14603722,-0.11274739,2.4521523,-0.12353803,-0.14631358,-0.14937824,-0.14938015,-0.14938037,-0.27573854,-0.14630726,-0.12354032,-0.16243835,-0.12334165,-0.14074792,-0.14630792,-0.15887658,-0.14481027,-0.12358197,-0.18691605,-0.14998752,-0.14631702,-0.14937145,-0.14937627,-0.1493555,-0.120334074,-0.13700745,-0.08858878,-0.14631452,-0.19008024,-0.14631917,-0.2004665,2.6147037,-0.1388583,1.2950302,2.0383875,-0.15152657,-0.14627898,-0.14926806,-0.10065024,-0.08152827,-0.09427856,-0.14629957,-0.11960925,-0.15027548,-0.16982608,-0.1185138,-0.14630765,-0.14937763,-0.17738779,1.6521913,-0.14632042,-0.25953975,-0.17989698,-0.13525523,-0.14631917,-0.15095688,-0.17780018,-0.2009549,-0.14631322,-0.09015879,-0.14619434,-0.12151222,-0.121854745,-0.13997786,-0.21433522,-0.13908121,2.639781,-0.14628923,-0.07092635,-0.14606127,-0.14909181,-0.18733518,-0.1462309,-0.123524114,0.85159874,3.0286002,-0.1463025,-0.114095174,4.4668636,-0.26654312,-0.12312819,-0.10945694,-0.14629856,-0.09238048,-0.20963459,-0.14631927,-0.14935493,-0.12328073,-0.14629102,-0.16015086,-0.1553517,-0.14632109,-0.19704957,-0.20616047,-0.122955345,1.788845,2.90407,-0.10256614,-0.14631793,-0.19495486,-0.14630982,-0.12322907,-0.14625394,-0.041086134,-0.12967405,-0.1463207,-0.2300741,-0.14631371,-0.10384405,-0.14573152,-0.0784167,-0.14626324,-0.12766197,-0.14627022,-0.121451,-0.075820275,-0.09192432,-0.101488546,-0.14620934,-0.14934051,-0.12378413,-0.14626403,-0.1410757,-0.13984437,-0.18093297,-0.14632156,-0.25777104,-0.12844054,-0.14628863,-0.13462572,-0.119081676,-0.14630908,-0.14937845,-0.14937915,-0.14937958,-0.19755594,-0.25103784,-0.20219928,-0.19465852,-0.24831252,-0.20506537,-0.22091979,-0.14631632,-0.12338741,-0.11956477,-0.14631337,-0.14937708,-0.20931396,1.0666926,-0.14631131,-0.32474133,-0.14632078,-0.14938065,-0.1493802,-0.14938006,-0.2185038,-0.14631099,-0.114121355,-0.14631161,-0.14937526,-0.14937718,-0.22984435,-0.14631811,-0.14937128,-0.08963354,-0.14627773,-0.14935999,-0.14936854,-0.14936796,-0.13302092,-0.1051107,-0.14014931,-0.15141064,-0.15839578,-0.15615125,-0.14613561,-0.14631653,-0.12319561,-0.12357179,-0.14630371,-0.1493806,-0.14938042,-0.14938039,-0.1493806,-0.38518023,-0.11451449,-0.1463056,-0.15564899,-0.14443555,-0.16636807,-0.1463191,-0.14935483,-0.12993515,-0.047159404,-0.14414199,-0.14016809,-0.14106366,-0.1462624,-0.19987361,-0.1649412,-0.17166539,-0.14630991,-0.14936258,-0.12722544,-0.14610182,-0.2588673,-0.12346701,-0.14626846,-0.09132757,-0.12832497,-0.13684332,-0.16221203,-0.15659244,-0.12313975,-0.14621899,-0.14934222,-0.14936203,-0.14937575,-0.15740095,-0.19795567,-0.15106063,-0.07294749,-0.2039893,-0.1463063,-0.1493606,-0.104459345,-0.14616026,-0.17466888,-0.13176009,-0.14630786,-0.15109587,-0.10913184,-0.14624132,-0.05825615,-0.14326635,-0.17082691,-0.14628497,-0.18883844,-0.1463213,-0.31316653,-0.14631805,-0.16808087,3.584074,-0.14631817,-0.14937933,-0.25088155,-0.14632145,1.7421179,-0.07562123,-0.086852394,-0.10702289,-0.060967896,-0.14383858,-0.16796505,-0.15746465,-0.22133875,-0.12812386,-0.0969081,-0.16398169,-0.12716047,-0.11335766,-0.18846886,-0.12356737,-0.17755464,-0.0994983,-0.115196005,-0.146285,-0.11662802,-0.19749595,-0.14526704,-0.12781724,-0.096878245,-0.14628258,-0.14929964,-0.12434345,-0.11230643,-0.063823454,-0.1462552,-0.11419349,-0.10007019,-0.24483351,-0.1463216,-0.14937711,-0.16344379,-0.1759062,-0.12524253,-0.14631559,-0.0782174,1.2514704,-0.18185812,-0.09859173,-0.11065883,-0.14618167,-0.14924897,-0.083404,-0.1213824,-0.13072303,-0.13855581,-0.19385117,-0.14630753,-0.14937797,-0.19487974,-0.23847799,-0.2432746,-0.12341305,-0.14623824,-0.14936689,-0.14520228,-0.2961179,-0.14632131,-0.19813283,-0.12351907,-0.14629626,-0.060104962,-0.15931924,-0.1463207,-0.2028091,-0.2868003,-0.11816878,-0.14795661,-0.10060286,-0.14626007,-0.13614628,-0.20725825,-0.17393659,-0.125103,-0.15657571,-0.15690626,-0.1463201,-0.14937893,-0.16221246,-0.22200036,-0.12359917,-0.2814266,-0.14632179,-0.1915083,1.720284,-0.16952515,-0.14629361,-0.13369927,-0.12557748,-0.14631891,-0.18106565,-0.14632167,-0.18642783,-0.14630292,1.0732828,-0.14627956,-0.14691104,-0.13029914,-0.14631653,-0.14937386,-0.18915205,-0.123563506,-0.14631847,-0.10481856,1.7755738,-0.14631787,-0.14937977,-0.14937131,-0.123369746,-0.14627829,-0.1493669,-0.14936262,-0.14936769,-0.14937021,-0.16505513,-0.17392421,-0.14631602,-0.14937678,-0.14937294,-0.14937702,-0.2025511,-0.15354379,-0.14723541,-0.14594896,-0.11499533,-0.10471026,2.8380082,-0.1463173,-0.14935476,-0.123543695,-0.19501048,-0.14632052,-0.18738703,-0.11705899,-0.17429145,-0.14631808,-0.06652963,-0.14621453,-0.10737923,-0.124497145,-0.15298569,-0.052188452,-0.26007295
k__Bacteria|p__Actinobacteria|c__Actinomycetia|o__Actinomycetales|f__Actinomycetaceae|g__GGB9832|s__GGB9832_SGB15480,-0.1004395,1.8596078,-0.14778861,-0.15092754,-0.15092774,-0.23867357,-0.1666669,-0.16813041,-0.10929718,-0.22895765,-0.23728925,-0.14779195,-0.22850217,-0.3768707,-0.08556121,-0.14750639,-0.058144663,-0.14741683,-0.1508845,-0.19931981,-0.1978925,-0.12433411,-0.14776735,-0.12711628,-0.20043859,-0.11658599,-0.182019,-0.25032333,-0.1509206,-0.14777085,-0.15142563,-0.10844302,-0.18249588,-0.28454733,-0.14778252,-0.12447493,-0.14779028,-0.22338755,-0.1477922,1.2512403,-0.14779225,-0.29356226,-0.12394756,-0.14768964,-0.13691942,-0.14778838,-0.23188588,-0.24781659,-0.1296162,-0.12447929,-0.24679694,-0.18279888,-0.25087595,-0.26027086,-0.28621647,-0.27511892,-0.11894142,-0.14773159,-0.040142577,-0.056944285,-0.14729062,-0.11274739,-0.13743341,-0.124394044,-0.14777717,-0.15092446,-0.15092757,-0.15092804,-0.27573854,-0.14776433,-0.12439565,-0.16243835,-0.12334165,-0.14074792,-0.14776847,-0.15887658,-0.14481027,-0.124463245,-0.18691605,-0.14998752,-0.14778385,-0.15091285,-0.15092069,-0.15087402,-0.120334074,-0.13700745,-0.08858878,-0.1477797,-0.19008024,-0.14778748,-0.2004665,-0.11139822,-0.1388583,-0.13027036,-0.1074974,-0.15152657,-0.14772043,-0.15070301,-0.10065024,-0.08152827,-0.09427856,-0.1477548,-0.11960925,-0.15027548,-0.16982608,-0.1185138,-0.14776663,-0.15092334,-0.17738779,-0.15176103,-0.14778946,-0.25953975,-0.17989698,-0.13525523,-0.1477875,-0.15095688,-0.17780018,-0.2009549,-0.14777309,-0.09015879,-0.14758307,-0.12151222,-0.121854745,-0.13997786,-0.21433522,-0.13908121,-0.16057305,-0.14773789,-0.07092635,-0.14735189,-0.15039487,-0.18733518,-0.14761221,-0.12438072,1.7623585,-0.14100276,-0.1477595,-0.114095174,-0.25318068,-0.26654312,-0.12380053,-0.10945694,-0.14775324,-0.09238048,2.4077024,-0.14778766,-0.1508698,-0.12400812,-0.14773849,-0.16015086,-0.1553517,-0.1477907,-0.19704957,-0.20616047,-0.12356877,2.0824955,3.631251,-0.10256614,-0.14778554,2.2471585,-0.14776857,-0.12393996,-0.14767928,-0.041086134,-0.12967405,-0.14778984,-0.2300741,-0.14777502,-0.10384405,-0.14680712,-0.0784167,-0.14769223,-0.12766197,-0.14770554,-0.121451,-0.075820275,-0.09192432,-0.101488546,-0.14760537,-0.15086234,-0.12378413,-0.14767802,-0.1410757,-0.13984437,-0.18093297,-0.14779152,-0.25777104,-0.12844054,-0.14772797,-0.13462572,-0.119081676,-0.14777127,-0.1509248,-0.15092593,-0.15092671,-0.19755594,5.460237,3.7481236,2.8467162,4.996602,2.9950025,2.9741976,-0.14778122,-0.12416451,4.8348494,-0.14777786,-0.1509223,1.2403322,-0.18224281,-0.14777158,-0.32474133,-0.14779022,-0.15092851,-0.15092777,-0.15092751,-0.2185038,-0.14777124,-0.114121355,-0.14777353,-0.15091819,-0.15092246,-0.22984435,-0.1477859,-0.15091035,-0.08963354,-0.14771661,-0.15089491,-0.15090717,-0.15090793,-0.13302092,-0.1051107,-0.14014931,-0.15141064,-0.15839578,-0.15615125,-0.14613561,-0.14778341,-0.12319561,-0.12444439,-0.1477592,-0.1509284,-0.15092808,-0.15092808,-0.15092842,-0.38518023,-0.11451449,-0.14776412,-0.15564899,-0.14443555,-0.16636807,-0.14778706,-0.15087605,-0.12993515,-0.047159404,-0.14379191,-0.14016809,-0.14106366,-0.14768937,-0.19987361,-0.1649412,-0.17166539,-0.14777201,-0.15089962,-0.12722544,-0.14610182,-0.2588673,-0.12429187,-0.14770366,-0.09132757,-0.12832497,-0.13684332,-0.16221203,-0.15659244,-0.12383333,-0.14761561,-0.15086426,-0.15089744,-0.15092027,-0.15740095,-0.19795567,-0.15106063,-0.07294749,-0.2039893,-0.14776461,-0.15089637,-0.104459345,-0.14749858,-0.17466888,-0.13176009,-0.14776939,-0.15109587,-0.10913184,-0.14765705,-0.05825615,-0.14326635,-0.17082691,-0.14772817,-0.18883844,-0.147791,-0.31316653,-0.14778447,-0.16808087,-0.14331596,-0.14778575,-0.15092608,-0.25088155,-0.14779125,-0.22115314,-0.07562123,-0.086852394,-0.10702289,-0.060967896,-0.14329132,-0.16796505,-0.15746465,-0.22133875,-0.12812386,-0.0969081,-0.16398169,-0.12716047,-0.11335766,-0.18846886,-0.12443842,-0.17755464,-0.0994983,-0.115196005,-0.14772889,-0.11662802,-0.19749595,-0.14526704,-0.12781724,-0.096878245,-0.1477285,-0.15079342,-0.12434345,-0.11230643,-0.063823454,-0.14768091,-0.11419349,-0.10007019,-0.24483351,-0.1477916,-0.15092042,-0.16344379,-0.1759062,-0.12524253,-0.14778161,-0.0782174,-0.19187105,-0.18185812,-0.09859173,-0.11065883,-0.14755943,-0.15070753,-0.083404,-0.1213824,-0.13072303,-0.13855581,-0.19385117,-0.14776644,-0.15092394,-0.19487974,-0.23847799,-0.2432746,-0.12419668,-0.14765155,-0.1509045,-0.14520228,-0.2961179,-0.14779109,-0.19813283,-0.12436658,-0.14774755,-0.060104962,-0.15931924,-0.1477899,-0.2028091,-0.2868003,-0.11816878,-0.14795661,-0.10060286,-0.14768411,-0.13614628,-0.20725825,-0.17393659,-0.125103,-0.15657571,-0.15690626,-0.14778893,-0.15092558,-0.16221246,-0.22200036,-0.12448987,2.5544338,-0.14779186,4.09967,-0.24371436,-0.16952515,-0.147732,-0.13369927,-0.12557748,-0.14778683,-0.18106565,-0.14779171,-0.18642783,-0.14775315,-0.30462334,-0.1477162,-0.14691104,-0.13029914,-0.14778289,-0.15091717,-0.18915205,-0.124433056,-0.14778626,-0.10481856,-0.1650517,-0.1477848,-0.15092698,-0.15090711,-0.12412983,-0.14771971,-0.15090394,-0.15089762,-0.15090558,-0.15091105,-0.16505513,-0.17392421,-0.14778173,-0.15092205,-0.15091518,-0.15092242,-0.2025511,-0.15354379,3.7320495,-0.14710777,0.8613785,-0.10471026,-0.11893196,-0.14778419,-0.1508738,-0.12440434,-0.19501048,-0.14778955,-0.18738703,-0.11705899,-0.17429145,-0.14778283,-0.06652963,-0.14761528,-0.10737923,-0.124497145,-0.15298569,-0.052188452,-0.26007295
k__Bacteria|p__Actinobacteria|c__Actinomycetia|o__Micrococcales|f__Microbacteriaceae|g__Cryobacterium|s__Cryobacterium_SGB4870,-0.1004395,-0.12316422,-0.14458203,-0.14762804,-0.1476283,-0.23867357,7.6005907,-0.16813041,-0.10929718,-0.22895765,-0.23728925,-0.1445865,-0.22850217,4.6494617,-0.08556121,-0.14421195,-0.058144663,-0.14408204,-0.14757016,-0.19931981,3.5556543,-0.1217854,-0.14455342,-0.12711628,-0.20043859,-0.11658599,-0.182019,-0.25032333,-0.1509206,-0.14455834,-0.15142563,-0.10844302,-0.18249588,-0.28454733,-0.14457437,-0.12195928,-0.14458424,-0.22338755,-0.14458683,-0.29867563,-0.1445869,2.6845026,-0.12132621,-0.14445016,-0.13691942,-0.14458166,-0.23188588,-0.24781659,-0.1296162,-0.121965006,-0.24679694,-0.18279888,-0.25087595,-0.26027086,-0.28621647,2.2447176,-0.11894142,-0.14450553,-0.040142577,-0.056944285,-0.14391401,-0.11274739,-0.13743341,-0.12185916,-0.14456673,-0.14762388,-0.1476281,-0.1476287,3.8748524,-0.14455046,-0.121860765,-0.16243835,-0.12334165,-0.14074792,-0.14455485,-0.15887658,-0.14481027,-0.12194491,-0.18691605,-0.14998752,-0.14457557,-0.14760825,-0.14761886,-0.14756039,-0.120334074,-0.13700745,-0.08858878,-0.14457,-0.19008024,-0.14458045,-0.2004665,-0.11139822,-0.1388583,-0.13027036,-0.1074974,-0.15152657,-0.1444902,-0.14735287,-0.10065024,-0.08152827,-0.09427856,-0.14453647,-0.11960925,-0.15027548,-0.16982608,-0.1185138,-0.14455256,-0.1476224,-0.17738779,-0.15176103,-0.14458315,-0.25953975,-0.17989698,-0.13525523,-0.14458051,-0.15095688,-0.17780018,-0.2009549,-0.14456242,-0.09015879,-0.14430544,-0.12151222,-0.121854745,-0.13997786,1.2812349,-0.13908121,-0.16057305,-0.14451373,-0.07092635,-0.14400008,-0.14691797,-0.18733518,-0.14435005,-0.12184914,-0.12334781,-0.14100276,-0.1445427,-0.114095174,-0.25318068,-0.26654312,-0.12116922,-0.10945694,-0.1445343,-0.09238048,-0.20963459,-0.1445807,-0.14755252,-0.12141138,-0.14451486,-0.16015086,-0.1553517,-0.1445848,-0.19704957,2.470262,-0.120895475,-0.10460003,-0.11361031,-0.10256614,-0.1445778,-0.19495486,-0.14455615,-0.12133959,-0.1444353,-0.041086134,-0.12967405,-0.14458367,-0.2300741,-0.14456439,-0.10384405,-0.14327756,-0.0784167,-0.14445251,-0.12766197,-0.14447024,-0.121451,-0.075820275,-0.09192432,-0.101488546,-0.14433658,-0.14754015,-0.12378413,-0.14444657,-0.1410757,-0.13984437,-0.18093297,-0.14458591,-0.25777104,-0.12844054,-0.14450322,-0.13462572,-0.119081676,-0.14455852,-0.14762434,-0.14762586,-0.1476269,-0.19755594,-0.25103784,-0.20219928,-0.19465852,-0.24831252,-0.20506537,-0.22091979,-0.14457232,-0.12159448,-0.11956477,-0.14456749,-0.147621,-0.20931396,-0.18224281,-0.14456004,-0.32474133,-0.14458415,-0.14762934,-0.14762834,-0.14762798,-0.2185038,-0.14455931,-0.114121355,-0.1445618,-0.14761563,-0.14762121,-0.22984435,-0.14457831,-0.14760542,-0.08963354,-0.14448535,-0.1475839,-0.14760071,-0.1476015,-0.13302092,-0.1051107,-0.14014931,-0.15141064,-0.15839578,-0.15615125,-0.14613561,-0.14457491,-0.12319561,-0.12191971,-0.14454266,-0.14762917,-0.14762875,-0.14762875,-0.1476292,3.1142771,-0.11451449,-0.14454904,-0.15564899,-0.14443555,-0.16636807,-0.14457996,-0.14756027,-0.12993515,-0.047159404,-0.13924271,-0.14016809,-0.14106366,-0.14444855,-0.19987361,-0.1649412,-0.17166539,-0.14455959,-0.14759019,-0.12722544,4.4124384,7.690575,-0.12174235,-0.14446826,-0.09132757,-0.12832497,-0.13684332,-0.16221203,-0.15659244,-0.12122827,-0.14435086,-0.14754292,-0.14758748,-0.14761826,-0.15740095,-0.19795567,-0.15106063,-0.07294749,-0.2039893,-0.1445499,-0.14758584,-0.104459345,-0.14424291,-0.17466888,-0.13176009,-0.14455594,-0.15109587,-0.10913184,-0.1444072,-0.05825615,-0.14326635,-0.17082691,-0.14450085,-0.18883844,-0.1445852,-0.31316653,-0.14457658,-0.16808087,-0.14331596,-0.14457816,-0.14762609,0.6414431,-0.14458555,4.1759176,-0.07562123,-0.086852394,-0.10702289,-0.060967896,-0.13856786,-0.16796505,-0.15746465,-0.22133875,-0.12812386,-0.0969081,-0.16398169,-0.12716047,-0.11335766,-0.18846886,-0.12191352,-0.17755464,-0.0994983,-0.115196005,-0.14450179,-0.11662802,-0.19749595,-0.14526704,-0.12781724,-0.096878245,-0.14450091,-0.147448,-0.12434345,-0.11230643,-0.063823454,-0.14443767,-0.11419349,-0.10007019,-0.24483351,-0.144586,-0.14761883,-0.16344379,-0.1759062,-0.12524253,-0.14457251,-0.0782174,-0.19187105,-0.18185812,-0.09859173,-0.11065883,-0.14427403,-0.14733276,-0.083404,-0.1213824,-0.13072303,-0.13855581,-0.19385117,-0.1445523,-0.14762315,-0.19487974,-0.23847799,-0.2432746,-0.12161286,-0.1443981,-0.14759712,-0.14520228,5.485146,-0.14458534,7.4342027,-0.12182702,-0.14452714,-0.060104962,-0.15931924,-0.14458373,-0.2028091,-0.2868003,-0.11816878,-0.14795661,-0.10060286,-0.14444214,-0.13614628,-0.20725825,-0.17393659,-0.125103,-0.15657571,-0.15690626,-0.14458245,-0.14762539,-0.16221246,-0.22200036,-0.12197888,-0.2814266,-0.14458638,-0.1915083,1.1896358,-0.16952515,-0.14450909,-0.13369927,-0.12557748,-0.14457959,5.0298376,-0.14458615,4.1602464,-0.14453587,-0.30462334,-0.14448509,-0.14691104,-0.13029914,-0.14457428,-0.147614,-0.18915205,-0.121906124,-0.14457884,-0.10481856,-0.1650517,-0.14457697,-0.14762726,-0.1476016,-0.12154038,-0.14448932,-0.14759645,-0.14758787,-0.14759861,-0.1476058,-0.16505513,-0.17392421,-0.1445728,-0.14762062,-0.14761141,-0.1476211,-0.2025511,-0.15354379,-0.14723541,-0.1436728,-0.11499533,-0.10471026,-0.11893196,-0.14457607,-0.1475585,-0.12186899,-0.19501048,-0.14458328,-0.18738703,-0.11705899,-0.17429145,-0.14457488,-0.06652963,-0.14435044,-0.10737923,-0.124497145,-0.15298569,-0.052188452,-0.26007295
k__Bacteria|p__Actinobacteria|c__Actinomycetia|o__Actinomycetales|f__Actinomycetaceae|g__Actinomyces|s__Actinomyces_SGB17132,-0.1004395,-0.12316422,-0.14109412,-0.14408898,-0.1440892,-0.23867357,-0.1666669,-0.16813041,-0.10929718,-0.22895765,-0.23728925,-0.14109787,1.0607636,-0.3768707,-0.08556121,-0.14078331,-0.058144663,-0.14067319,-0.14404015,-0.19931981,-0.1978925,-0.118711025,-0.14107001,-0.12711628,-0.20043859,-0.11658599,-0.182019,-0.25032333,-0.1509206,-0.14107414,-0.15142563,-0.10844302,-0.18249588,1.3657335,-0.14108782,-0.118851215,-0.14109598,-0.22338755,-0.14109819,-0.29867563,-0.14109823,-0.29356226,-0.118332945,-0.14098293,-0.13691942,-0.14109379,-0.23188588,-0.24781659,3.4104676,-0.11885598,-0.24679694,-0.18279888,-0.25087595,-0.26027086,-0.28621647,-0.27511892,-0.11894142,-0.1410298,-0.040142577,-0.056944285,-0.14053044,-0.11274739,-0.13743341,-0.11877093,-0.14108123,-0.1440855,-0.14408904,-0.14408953,-0.27573854,-0.14106807,-0.11877062,-0.16243835,-0.12334165,-0.14074792,-0.14107123,-0.15887658,-0.14481027,-0.11883956,-0.18691605,-0.14998752,-0.1410887,-0.14407231,-0.14408126,-0.14403248,-0.120334074,-0.13700745,-0.08858878,-0.14108399,1.6395838,-0.1410928,-0.2004665,-0.11139822,-0.1388583,-0.13027036,-0.1074974,-0.15152657,-0.1410169,-0.14386576,-0.10065024,-0.08152827,-0.09427856,-0.14105578,0.9645866,-0.15027548,-0.16982608,-0.1185138,-0.14106923,-0.14408424,-0.17738779,-0.15176103,-0.14109507,-0.25953975,-0.17989698,-0.13525523,-0.14109284,-0.15095688,-0.17780018,-0.2009549,-0.14107782,-0.09015879,-0.14086151,-0.12151222,-0.121854745,-0.13997786,-0.21433522,-0.13908121,-0.16057305,-0.14103666,-0.07092635,-0.1406036,-0.14348932,-0.18733518,-0.14089838,-0.11876461,-0.12334781,-0.14100276,-0.141061,-0.114095174,-0.25318068,1.1662743,-0.11822657,-0.10945694,-0.14105394,-0.09238048,-0.20963459,-0.141093,-0.14402544,-0.11841512,-0.14103751,-0.16015086,-0.1553517,-0.14109644,-0.19704957,-0.20616047,-0.11799343,-0.10460003,-0.11361031,-0.10256614,-0.14109057,-0.19495486,-0.1410726,-0.11837185,-0.14097065,-0.041086134,-0.12967405,-0.1410955,-0.2300741,-0.14107943,-0.10384405,-0.13999633,-0.0784167,-0.14098507,-0.12766197,-0.14100009,-0.121451,-0.075820275,-0.09192432,-0.101488546,-0.14088812,-0.14401507,-0.12378413,-0.14097935,-0.1410757,-0.13984437,-0.18093297,-0.1410974,-0.25777104,-0.12844054,-0.14102851,-0.13462572,-0.119081676,-0.14107433,-0.14408585,-0.14408715,-0.14408803,-0.19755594,4.0421143,4.0115623,1.6992936,1.2455572,-0.20506537,-0.22091979,-0.14108597,-0.11856749,-0.11956477,-0.14108187,-0.14408305,-0.20931396,0.62531453,-0.14107566,-0.32474133,-0.1410959,-0.14409007,-0.14408924,-0.14408894,-0.2185038,-0.14107496,-0.114121355,-0.14107703,-0.1440785,-0.14408322,0.58328444,-0.141091,-0.14406994,-0.08963354,-0.1410127,-0.14405183,-0.14406595,-0.14406669,1.4721137,1.6008626,-0.14014931,-0.15141064,1.4570928,-0.15615125,2.0645087,-0.14108816,-0.12319561,-0.11881866,-0.14106089,-0.14408994,-0.14408958,-0.14408958,-0.14408997,-0.38518023,-0.11451449,-0.14106631,-0.15564899,-0.14443555,-0.16636807,-0.14109236,-0.14403176,-0.12993515,-0.047159404,-0.13658208,-0.14016809,-0.14106366,-0.14098155,-0.19987361,-0.1649412,-0.17166539,-0.14107522,-0.14405715,2.3583581,-0.14610182,-0.2588673,-0.118680745,-0.14099869,-0.09132757,-0.12832497,-0.13684332,-0.16221203,-0.15659244,-0.118271686,-0.14089964,-0.14401738,-0.14405483,-0.14408074,-0.15740095,-0.19795567,-0.15106063,-0.07294749,-0.2039893,-0.14106704,-0.14405353,-0.104459345,-0.14082992,-0.17466888,-0.13176009,-0.14107218,-0.15109587,-0.10913184,-0.14094771,-0.05825615,-0.14326635,-0.17082691,-0.14102566,-0.18883844,-0.1410968,-0.31316653,-0.1410895,-0.16808087,-0.14331596,-0.14109087,-0.14408733,2.478116,-0.1410971,1.4302722,-0.07562123,-0.086852394,-0.10702289,-0.060967896,-0.13601562,-0.16796505,-0.15746465,-0.22133875,-0.12812386,-0.0969081,-0.16398169,-0.12716047,-0.11335766,-0.18846886,-0.11881422,-0.17755464,-0.0994983,-0.115196005,-0.14102654,-0.11662802,-0.19749595,-0.14526704,-0.12781724,-0.096878245,-0.14102593,-0.14393781,-0.12434345,-0.11230643,-0.063823454,-0.14097282,-0.11419349,-0.10007019,-0.24483351,-0.14109749,-0.14408123,-0.16344379,0.9147871,-0.12524253,-0.1410861,-0.0782174,1.0898266,-0.18185812,-0.09859173,-0.11065883,-0.1408351,-0.14384057,-0.083404,-0.1213824,-0.13072303,-0.13855581,-0.19385117,-0.14106904,-0.14408487,-0.19487974,-0.23847799,-0.2432746,-0.118568785,-0.14093944,-0.1440629,1.3316399,-0.2961179,-0.1410969,-0.19813283,-0.11874577,-0.14104792,-0.060104962,-0.15931924,-0.14109558,-0.2028091,2.3851504,-0.11816878,-0.14795661,-0.10060286,-0.14097632,-0.13614628,0.71231806,-0.17393659,-0.125103,-0.15657571,-0.15690626,-0.14109448,-0.14408675,1.2474033,2.0259147,-0.118867524,-0.2814266,-0.14109781,-0.1915083,-0.24371436,-0.16952515,-0.14103326,-0.13369927,-0.12557748,-0.14109206,-0.18106565,-0.1410976,-0.18642783,-0.14105535,-0.30462334,-0.14101228,-0.14691104,-0.13029914,-0.1410876,-0.14407718,-0.18915205,-0.11880771,-0.14109147,-0.10481856,1.7678123,-0.14108983,-0.14408833,-0.14406687,-0.11852175,-0.14101619,-0.14406236,-0.14405511,-0.14406417,-0.1440703,-0.16505513,-0.17392421,-0.14108634,-0.14408274,-0.14407496,-0.14408313,-0.2025511,-0.15354379,-0.14723541,-0.14032617,-0.11499533,-0.10471026,-0.11893196,-0.14108911,-0.1440303,-0.11877714,-0.19501048,-0.14109519,2.0122135,-0.11705899,1.4875102,-0.14108816,-0.06652963,-0.14089957,-0.10737923,-0.124497145,-0.15298569,-0.052188452,1.4652171
k__Bacteria|p__Actinobacteria|c__Actinomycetia|o__Actinomycetales|f__Actinomycetaceae|g__Actinomyces|s__Actinomyces_sp_ICM58,-0.1004395,-0.12316422,-0.14345884,-0.14645693,-0.14645718,3.7102075,-0.1666669,-0.16813041,-0.10929718,-0.22895765,-0.23728925,-0.14346284,-0.22850217,-0.3768707,-0.08556121,-0.14312285,-0.058144663,-0.14300022,-0.14640492,-0.19931981,2.841025,-0.12103276,-0.14343286,-0.12711628,-0.20043859,-0.11658599,-0.182019,-0.25032333,-0.1509206,-0.14343764,-0.15142563,-0.10844302,-0.18249588,-0.28454733,-0.1434522,-0.121191055,-0.14346078,-0.22338755,-0.14346313,-0.29867563,-0.1434632,-0.29356226,-0.12060867,-0.14334151,3.085775,-0.14345843,1.152108,-0.24781659,2.3604565,-0.121196516,2.2249467,-0.18279888,-0.25087595,-0.26027086,-0.28621647,-0.27511892,-0.11894142,-0.14338966,-0.040142577,-0.056944285,-0.14286086,-0.11274739,-0.13743341,-0.12110094,-0.14344525,-0.14645316,-0.14645702,-0.14645752,-0.27573854,-0.14343151,-0.12110222,-0.16243835,-0.12334165,-0.14074792,-0.14343417,0.5998526,-0.14481027,-0.12117796,-0.18691605,-0.14998752,-0.14345294,-0.14643908,-0.14644879,-0.1463984,-0.120334074,-0.13700745,-0.08858878,-0.14344788,-0.19008024,-0.14345735,1.4428082,-0.11139822,-0.1388583,-0.13027036,-0.1074974,-0.15152657,-0.14337549,-0.1462231,-0.10065024,-0.08152827,-0.09427856,-0.1434174,-0.11960925,-0.15027548,-0.16982608,-0.1185138,-0.1434325,-0.14645183,-0.17738779,-0.15176103,-0.14345983,-0.25953975,-0.17989698,-0.13525523,-0.14345738,-0.15095688,-0.17780018,-0.2009549,-0.14344227,-0.09015879,-0.14320676,-0.12151222,-0.121854745,-0.13997786,-0.21433522,-0.13908121,-0.16057305,-0.14339665,-0.07092635,-0.1429326,-0.14582947,-0.18733518,-0.14325644,-0.121092275,-0.12334781,-0.14100276,-0.14342314,-0.114095174,-0.25318068,1.4013715,-0.12046763,-0.10945694,-0.14341539,4.239677,4.120983,-0.14345756,-0.1463923,-0.120690264,-0.14339855,-0.16015086,-0.1553517,-0.14346129,1.1310567,-0.20616047,-0.12021656,-0.10460003,-0.11361031,-0.10256614,-0.14345491,-0.19495486,-0.14343585,-0.120630324,-0.14332512,-0.041086134,-0.12967405,-0.14346035,-0.2300741,-0.14344333,-0.10384405,-0.1422781,-0.0784167,-0.1433422,-0.12766197,-0.14335756,-0.121451,-0.075820275,-0.09192432,-0.101488546,-0.1432366,-0.14637698,-0.12378413,-0.14334115,-0.1410757,-0.13984437,-0.18093297,-0.1434623,-0.25777104,-0.12844054,-0.14339003,-0.13462572,-0.119081676,-0.14343727,-0.1464536,-0.14645498,-0.14645591,-0.19755594,5.7949095,6.9460154,4.4304,3.3821115,-0.20506537,-0.22091979,-0.14345035,-0.1208625,-0.11956477,-0.1434455,-0.14645061,2.8954778,-0.18224281,-0.14343967,-0.32474133,-0.14346069,-0.14645809,-0.1464572,-0.14645687,-0.2185038,-0.1434392,-0.114121355,-0.1434409,-0.1464461,-0.14645079,-0.22984435,-0.14345536,-0.14643775,-0.08963354,-0.143372,-0.1464166,-0.1464325,-0.14643264,-0.13302092,-0.1051107,-0.14014931,-0.15141064,-0.15839578,-0.15615125,-0.14613561,-0.14345221,-0.12319561,-0.12115542,-0.14342389,-0.14645797,-0.14645758,-0.14645758,-0.146458,-0.38518023,-0.11451449,-0.14342907,-0.15564899,-0.14443555,-0.16636807,-0.143457,-0.14639783,-0.12993515,-0.047159404,-0.13872704,-0.14016809,-0.14106366,-0.14333867,-0.19987361,-0.1649412,-0.17166539,-0.14343841,-0.14642215,-0.12722544,2.2373335,2.3640342,-0.12099218,-0.14335558,3.1994796,2.5118213,4.6161804,3.8152657,3.0494254,-0.120513864,-0.1432517,-0.14637989,-0.14642006,-0.14644808,2.3049197,1.0031718,-0.15106063,-0.07294749,-0.2039893,-0.1434301,-0.14641827,-0.104459345,-0.14318636,-0.17466888,-0.13176009,-0.14343482,-0.15109587,-0.10913184,-0.14330147,-0.05825615,-0.14326635,-0.17082691,-0.14338589,-0.18883844,-0.14346167,-0.31316653,-0.14345418,-0.16808087,-0.14331596,-0.1434553,-0.14645523,-0.25088155,-0.143462,-0.22115314,-0.07562123,-0.086852394,-0.10702289,-0.060967896,-0.138116,-0.16796505,-0.15746465,-0.22133875,-0.12812386,-0.0969081,-0.16398169,-0.12716047,-0.11335766,-0.18846886,-0.121149585,-0.17755464,-0.0994983,-0.115196005,-0.14338648,-0.11662802,-0.19749595,-0.14526704,-0.12781724,-0.096878245,-0.14338464,-0.14629385,-0.12434345,-0.11230643,-0.063823454,-0.14332819,-0.11419349,-0.10007019,-0.24483351,-0.14346239,-0.14644897,-0.16344379,-0.1759062,-0.12524253,-0.1434501,-0.0782174,-0.19187105,-0.18185812,-0.09859173,-0.11065883,-0.14317885,-0.14618942,-0.083404,-0.1213824,-0.13072303,-0.13855581,-0.19385117,-0.14343232,-0.14645252,-0.19487974,-0.23847799,-0.2432746,-0.12087157,-0.14329243,-0.14642918,-0.14520228,-0.2961179,-0.14346176,-0.19813283,-0.121070944,-0.14340964,-0.060104962,-0.15931924,-0.14346036,-0.2028091,-0.2868003,-0.11816878,-0.14795661,-0.10060286,-0.14333344,-0.13614628,-0.20725825,-0.17393659,-0.125103,-0.15657571,-0.15690626,-0.1434592,-0.14645453,-0.16221246,-0.22200036,-0.121209115,-0.2814266,-0.14346275,-0.1915083,-0.24371436,-0.16952515,-0.1433962,-0.13369927,-0.12557748,-0.14345667,-0.18106565,-0.14346251,-0.18642783,-0.14341903,-0.30462334,-0.14337248,-0.14691104,-0.13029914,-0.14345182,-0.14644419,-0.18915205,-0.12114244,-0.1434559,3.4479086,-0.1650517,-0.14345434,-0.14645624,-0.14643411,-0.12080467,-0.14337455,-0.1464288,-0.14642084,-0.1464307,-0.14643687,-0.16505513,-0.17392421,-0.14345059,-0.14645019,-0.14644197,-0.14645061,-0.2025511,-0.15354379,-0.14723541,-0.14265382,3.7286308,-0.10471026,1.2280918,-0.14345343,-0.14639616,-0.12110786,-0.19501048,-0.14345999,-0.18738703,-0.11705899,-0.17429145,-0.14345267,-0.06652963,-0.14324832,-0.10737923,-0.124497145,1.9135475,-0.052188452,2.915405
k__Bacteria|p__Actinobacteria|c__Actinomycetia|o__Actinomycetales|f__Actinomycetaceae|g__Actinomyces|s__Actinomyces_SGB17163,-0.1004395,-0.12316422,-0.13558695,-0.13851048,-0.13851072,-0.23867357,-0.1666669,-0.16813041,-0.10929718,-0.22895765,-0.23728925,-0.13559109,-0.22850217,-0.3768707,-0.08556121,-0.13524471,-0.058144663,-0.13512781,-0.1384567,-0.19931981,-0.1978925,-0.11372039,-0.13556051,-0.12711628,-0.20043859,-0.11658599,-0.182019,-0.25032333,-0.1509206,-0.13556479,-0.15142563,-0.10844302,-0.18249588,-0.28454733,-0.13557976,-0.11387454,-0.13558902,-0.22338755,-0.13559142,-0.29867563,-0.13559148,-0.29356226,-0.11331399,-0.13546346,-0.13691942,-0.13558663,-0.23188588,-0.24781659,-0.1296162,-0.1138795,-0.24679694,-0.18279888,-0.25087595,-0.26027086,-0.28621647,-0.27511892,-0.11894142,-0.13551642,-0.040142577,-0.056944285,-0.13496327,-0.11274739,-0.13743341,-0.11378606,-0.13557261,-0.13850665,-0.13851053,-0.13851109,-0.27573854,-0.13555786,-0.1137859,-0.16243835,-0.12334165,-0.14074792,-0.13556182,-0.15887658,-0.14481027,-0.11386172,-0.18691605,-0.14998752,-0.13558102,-0.13849217,-0.1385019,-0.13844638,-0.120334074,-0.13700745,-0.08858878,-0.13557586,-0.19008024,-0.13558552,-0.2004665,-0.11139822,-0.1388583,-0.13027036,-0.1074974,-0.15152657,-0.13550225,-0.13825768,-0.10065024,-0.08152827,-0.09427856,-0.13554499,-0.11960925,1.8083366,-0.16982608,-0.1185138,-0.13555941,-0.13850527,-0.17738779,-0.15176103,-0.13558799,-0.25953975,-0.17989698,-0.13525523,-0.13558558,-0.15095688,-0.17780018,-0.2009549,-0.13556826,-0.09015879,-0.1353326,-0.12151222,-0.121854745,-0.13997786,-0.21433522,0.8731041,-0.16057305,-0.1355241,-0.07092635,-0.13504744,-0.13784169,-0.18733518,-0.13536653,-0.11378029,-0.12334781,1.9849714,-0.13555065,-0.114095174,-0.25318068,2.3438044,-0.113191575,1.832679,-0.13554299,-0.09238048,2.7999575,-0.13558576,-0.1384384,-0.11340151,-0.13552445,-0.16015086,-0.1553517,-0.13558951,1.595889,-0.20616047,-0.11294682,-0.10460003,3.1612499,-0.10256614,-0.13558312,-0.19495486,-0.13556284,-0.11334452,-0.13545156,-0.041086134,-0.12967405,-0.13558844,-0.2300741,-0.13557038,-0.10384405,-0.13438049,-0.0784167,-0.13546705,-0.12766197,-0.1354838,-0.121451,-0.075820275,-0.09192432,-0.101488546,-0.13536106,-0.13842958,-0.12378413,-0.13545853,-0.1410757,-0.13984437,-0.18093297,-0.13559055,-0.25777104,-0.12844054,-0.13551411,-0.13462572,-0.119081676,-0.13556543,-0.13850707,-0.13850847,-0.13850942,-0.19755594,-0.25103784,4.1204576,3.5696135,2.1303973,2.811095,0.83017266,-0.1355778,-0.11356217,-0.11956477,-0.13557358,-0.13850394,-0.20931396,2.8850534,-0.13556635,-0.32474133,-0.13558894,-0.13851169,-0.13851076,-0.13851044,-0.2185038,-0.13556576,-0.114121355,-0.135568,-0.13849872,-0.13850412,-0.22984435,-0.13558361,-0.13848951,-0.08963354,-0.13549739,-0.13847,-0.138485,-0.13848616,-0.13302092,-0.1051107,-0.14014931,-0.15141064,-0.15839578,-0.15615125,1.770299,-0.13558051,-0.12319561,-0.113838494,-0.13554999,-0.13851154,-0.13851112,-0.13851114,-0.13851157,-0.38518023,-0.11451449,-0.13555634,-0.15564899,-0.14443555,-0.16636807,-0.13558498,-0.13844618,2.115311,-0.047159404,-0.130559,1.2034224,-0.14106366,-0.13546285,-0.19987361,-0.1649412,-0.17166539,-0.13556626,-0.13847588,-0.12722544,-0.14610182,-0.2588673,-0.113685876,-0.13548227,2.2084599,-0.12832497,2.1879663,2.6974595,1.8937018,-0.11325307,-0.1353727,-0.13843197,-0.1384731,-0.13850145,-0.15740095,-0.19795567,-0.15106063,-0.07294749,-0.2039893,-0.13555698,-0.1384719,-0.104459345,-0.13529536,-0.17466888,-0.13176009,-0.1355631,-0.15109587,-0.10913184,-0.13542563,-0.05825615,5.1193314,-0.17082691,-0.13551149,-0.18883844,-0.13558988,-0.31316653,-0.13558167,-0.16808087,-0.14331596,-0.1355834,-0.13850863,-0.25088155,-0.1355902,-0.22115314,-0.07562123,-0.086852394,-0.10702289,-0.060967896,-0.12994164,-0.16796505,-0.15746465,-0.22133875,-0.12812386,1.9410201,-0.16398169,-0.12716047,-0.11335766,0.6262592,-0.113833636,-0.17755464,-0.0994983,-0.115196005,-0.13551253,-0.11662802,-0.19749595,-0.14526704,-0.12781724,-0.096878245,-0.13551262,-0.13834456,-0.12434345,-0.11230643,-0.063823454,-0.13545382,-0.11419349,1.8796111,1.7780801,-0.13559064,-0.13850166,3.447472,-0.1759062,-0.12524253,-0.13557822,-0.0782174,1.3453299,2.4176528,-0.09859173,-0.11065883,-0.13530299,-0.13823758,-0.083404,-0.1213824,-0.13072303,-0.13855581,-0.19385117,-0.13555913,-0.13850597,-0.19487974,-0.23847799,1.5757877,-0.11356692,-0.13541704,-0.1384817,2.8001022,1.9175723,-0.13559002,-0.19813283,-0.11375842,-0.13553593,-0.060104962,1.2282486,-0.13558853,0.7794704,-0.2868003,-0.11816878,-0.14795661,-0.10060286,-0.13545674,-0.13614628,-0.20725825,-0.17393659,-0.125103,-0.15657571,-0.15690626,-0.13558733,-0.13850802,2.0464032,-0.22200036,-0.11389214,-0.2814266,-0.135591,-0.1915083,0.6828458,-0.16952515,-0.13551843,-0.13369927,-0.12557748,-0.13558468,-0.18106565,-0.13559079,-0.18642783,-0.13554326,-0.30462334,-0.13549614,-0.14691104,-0.13029914,-0.1355798,-0.13849755,2.2865708,-0.113826826,-0.13558404,-0.10481856,1.1627752,-0.13558216,-0.13850975,-0.13848534,-0.1135122,-0.13550153,-0.13848093,-0.13847321,-0.138483,-0.13849,2.7909176,-0.17392421,-0.13557833,-0.13850364,-0.13849503,-0.13850407,-0.2025511,-0.15354379,-0.14723541,-0.13473162,-0.11499533,-0.10471026,-0.11893196,-0.13558143,-0.13844457,-0.11379385,4.639269,-0.13558808,2.3667114,-0.11705899,1.7370628,-0.1355801,-0.06652963,-0.13537353,-0.10737923,-0.124497145,-0.15298569,-0.052188452,-0.26007295
k__Bacteria|p__Actinobacteria|c__Coriobacteriia|o__Coriobacteriales|f__Coriobacteriaceae|g__Collinsella|s__Collinsella_SGB4121,-0.1004395,-0.12316422,-0.14149478,-0.14450267,-0.14450297,-0.23867357,-0.1666669,-0.16813041,-0.10929718,-0.22895765,-0.23728925,-0.14149997,-0.22850217,-0.3768707,3.308114,-0.14106691,-0.058144663,-0.14092532,-0.1444358,0.8580808,-0.1978925,-0.11895996,-0.141462,3.4086118,4.427433,-0.11658599,-0.182019,2.19333,-0.1509206,-0.14146724,-0.15142563,-0.10844302,-0.18249588,-0.28454733,-0.14148569,-0.119156465,-0.14149737,-0.22338755,-0.14150035,-0.29867563,-0.14150043,-0.29356226,-0.118426085,-0.14134079,-0.13691942,-0.14149445,-0.23188588,-0.24781659,-0.1296162,-0.119162634,-0.24679694,-0.18279888,-0.25087595,-0.26027086,-0.28621647,-0.27511892,-0.11894142,-0.14140701,-0.040142577,-0.056944285,-0.14071852,-0.11274739,-0.13743341,-0.11904179,-0.14147691,-0.1444979,-0.14450273,-0.14450343,2.021708,-0.14145803,-0.11904309,2.2989104,0.7562602,-0.14074792,-0.14146361,-0.15887658,0.7880547,-0.11914006,-0.18691605,-0.14998752,-0.14148742,-0.1444799,-0.14449197,-0.14442214,-0.120334074,-0.13700745,-0.08858878,-0.14148101,2.6267521,-0.14149302,-0.2004665,-0.11139822,-0.1388583,-0.13027036,-0.1074974,1.5175456,-0.14138953,-0.1441721,-0.10065024,-0.08152827,-0.09427856,-0.14144269,-0.11960925,-0.15027548,-0.16982608,-0.1185138,-0.14146057,-0.1444962,-0.17738779,-0.15176103,-0.14149609,-0.25953975,-0.17989698,-0.13525523,-0.14149311,-0.15095688,-0.17780018,-0.2009549,-0.14147115,-0.09015879,-0.14117876,4.1337123,2.8112667,-0.13997786,3.0933628,-0.13908121,-0.16057305,-0.14141676,-0.07092635,-0.1408234,-0.14366817,-0.18733518,-0.1412197,-0.11902752,3.564961,-0.14100276,-0.14144969,2.6980286,4.9301724,1.5451174,-0.118269816,-0.10945694,-0.14144023,-0.09238048,-0.20963459,-0.14149334,-0.14441317,-0.11853203,-0.14141707,-0.16015086,-0.1553517,-0.141498,-0.19704957,-0.20616047,-0.11795984,-0.10460003,-0.11361031,-0.10256614,-0.14149007,-0.19495486,-0.14146477,-0.118459724,-0.14132692,-0.041086134,-0.12967405,-0.14149664,2.3730295,-0.1414743,-0.10384405,-0.13999009,-0.0784167,-0.14134572,-0.12766197,-0.14136648,-0.121451,-0.075820275,-0.09192432,-0.101488546,-0.14121291,-0.14440215,-0.12378413,-0.14133087,-0.1410757,-0.13984437,-0.18093297,-0.14149928,-0.25777104,-0.12844054,-0.14140376,-0.13462572,-0.119081676,-0.14146812,-0.14449841,-0.14450017,-0.14450136,-0.19755594,-0.25103784,-0.20219928,-0.19465852,-0.24831252,-0.20506537,-0.22091979,-0.14148338,-0.11873983,-0.11956477,-0.14147824,-0.14449453,-0.20931396,-0.18224281,-0.14146881,-0.32474133,-0.14149728,-0.14450416,-0.14450301,-0.14450261,1.632552,-0.14146844,-0.114121355,-0.14147118,-0.14448796,-0.14449477,1.4168894,-0.14149067,-0.144476,-0.08963354,-0.1413832,-0.14445244,-0.14447093,-0.14447251,-0.13302092,-0.1051107,-0.14014931,-0.15141064,-0.15839578,-0.15615125,-0.14613561,-0.14148682,-0.12319561,-0.119110815,-0.14144872,-0.14450398,-0.14450347,-0.14450347,-0.14450401,-0.38518023,-0.11451449,-0.14145677,-0.15564899,-0.14443555,-0.16636807,-0.14149234,-0.14442256,-0.12993515,-0.047159404,-0.13522774,-0.14016809,-0.14106366,-0.1413405,-0.19987361,-0.1649412,-0.17166539,-0.14146914,-0.1444598,-0.12722544,1.8467978,1.9379365,-0.11891371,-0.14136449,-0.09132757,-0.12832497,-0.13684332,-0.16221203,-0.15659244,-0.118347734,-0.14122787,-0.14440505,-0.14445627,-0.14449146,-0.15740095,-0.19795567,-0.15106063,-0.07294749,-0.2039893,-0.14145745,-0.14445484,-0.104459345,-0.14109913,-0.17466888,-0.13176009,-0.14146528,-0.15109587,1.4667656,-0.14129362,-0.05825615,3.1010652,-0.17082691,-0.14140087,-0.18883844,-0.14149845,-0.31316653,-0.1414882,-0.16808087,-0.14331596,-0.14149038,-0.14450036,-0.25088155,-0.14149883,-0.22115314,-0.07562123,-0.086852394,-0.10702289,-0.060967896,-0.13445783,-0.16796505,-0.15746465,-0.22133875,-0.12812386,-0.0969081,-0.16398169,-0.12716047,-0.11335766,-0.18846886,-0.119104266,-0.17755464,-0.0994983,-0.115196005,-0.14140224,-0.11662802,-0.19749595,-0.14526704,-0.12781724,-0.096878245,-0.14140257,-0.14429632,-0.12434345,-0.11230643,-0.063823454,-0.14132898,-0.11419349,-0.10007019,2.3902767,-0.1414994,-0.14449179,-0.16344379,-0.1759062,-0.12524253,-0.14148396,-0.0782174,-0.19187105,-0.18185812,-0.09859173,-0.11065883,-0.14114207,-0.14416347,-0.083404,-0.1213824,-0.13072303,-0.13855581,-0.19385117,-0.14146015,-0.14449708,-0.19487974,-0.23847799,-0.2432746,-0.11877073,-0.14128342,-0.14446688,-0.14520228,-0.2961179,-0.14149863,-0.19813283,-0.1190072,-0.14143123,-0.060104962,-0.15931924,-0.14149675,-0.2028091,1.2336626,-0.11816878,1.1433415,-0.10060286,-0.1413326,0.9356085,0.8228373,-0.17393659,-0.125103,-0.15657571,-0.15690626,-0.14149526,-0.14449963,-0.16221246,-0.22200036,-0.119178504,-0.2814266,-0.14149985,-0.1915083,-0.24371436,-0.16952515,-0.14140865,-0.13369927,-0.12557748,-0.14149198,-0.18106565,-0.14149958,1.340215,-0.14143997,-0.30462334,-0.14138162,-0.14691104,-0.13029914,-0.1414859,-0.1444866,-0.18915205,-0.11909638,-0.1414912,-0.10481856,2.8416536,-0.14148882,-0.14450178,-0.14447151,-0.118696734,-0.14138862,-0.14446585,-0.14445624,-0.14446843,-0.14447722,-0.16505513,-0.17392421,-0.14148405,-0.14449415,-0.14448345,-0.14449471,-0.2025511,-0.15354379,-0.14723541,-0.14042789,-0.11499533,-0.10471026,-0.11893196,-0.14148794,-0.1444205,-0.11905448,-0.19501048,-0.14149621,-0.18738703,-0.11705899,-0.17429145,-0.1414865,-0.06652963,-0.14122927,-0.10737923,-0.124497145,0.8198424,-0.052188452,1.259295
k__Bacteria|p__Actinobacteria|c__Actinomycetia|o__Bifidobacteriales|f__Bifidobacteriaceae|g__Bifidobacterium|s__Bifidobacterium_pseudocatenulatum,-0.1004395,-0.12316422,-0.14215784,-0.14523454,-0.14523473,-0.23867357,-0.1666669,-0.16813041,-0.10929718,-0.22895765,-0.23728925,-0.14216134,-0.22850217,-0.3768707,-0.08556121,-0.14186613,-0.058144663,-0.14176667,-0.14518908,-0.19931981,-0.1978925,-0.119177334,-0.14213544,-0.12711628,-0.20043859,-0.11658599,-0.182019,-0.25032333,-0.1509206,-0.14213917,-0.15142563,-0.10844302,-0.18249588,2.602464,-0.14215186,-0.11930738,-0.14215958,-0.22338755,-0.14216161,-0.29867563,-0.14216167,-0.29356226,-0.11883046,-0.14205384,-0.13691942,-0.14215758,-0.23188588,-0.24781659,-0.1296162,-0.11931158,7.1725836,8.046035,6.788271,7.0378437,7.054579,5.256033,-0.11894142,-0.1420981,-0.040142577,-0.056944285,-0.14163122,-0.11274739,-0.13743341,-0.11923271,-0.14214578,-0.14523128,-0.14523458,-0.14523505,6.7399697,-0.14213371,-0.119232565,-0.16243835,-0.12334165,-0.14074792,-0.14213654,-0.15887658,-0.14481027,-0.11929642,-0.18691605,-0.14998752,-0.14215279,-0.14521903,-0.14522731,-0.14518124,-0.120334074,-0.13700745,-0.08858878,-0.14214844,-0.19008024,-0.14215662,-0.2004665,9.52605,-0.1388583,8.923243,9.347237,8.4789095,-0.14208606,-0.14502476,-0.10065024,-0.08152827,-0.09427856,-0.14212224,-0.11960925,-0.15027548,-0.16982608,-0.1185138,-0.14213464,-0.14523011,-0.17738779,-0.15176103,-0.14215872,6.519191,-0.17989698,-0.13525523,-0.14215666,-0.15095688,-0.17780018,7.6582184,-0.14214246,-0.09015879,-0.14194176,-0.12151222,-0.121854745,-0.13997786,-0.21433522,-0.13908121,-0.16057305,-0.1421045,-0.07092635,-0.14170027,-0.14467216,-0.18733518,-0.14197332,-0.119227916,-0.12334781,-0.14100276,-0.14212704,-0.114095174,-0.25318068,-0.26654312,-0.118726015,-0.10945694,-0.14212054,-0.09238048,-0.20963459,-0.14215681,-0.1451751,-0.11890347,-0.14210504,-0.16015086,-0.1553517,-0.14216001,-0.19704957,-0.20616047,-0.11851902,-0.10460003,-0.11361031,-0.10256614,-0.14215456,-0.19495486,-0.1421377,-0.11886338,-0.1420428,-0.041086134,-0.12967405,-0.14215912,-0.2300741,-0.14214411,-0.10384405,-0.14113127,-0.0784167,-0.1420564,-0.12766197,-0.14207038,-0.121451,-0.075820275,-0.09192432,-0.101488546,-0.14196634,-0.14516588,-0.12378413,-0.14205018,-0.1410757,-0.13984437,0.8299381,-0.14216089,5.204318,1.159483,-0.14209732,-0.13462572,-0.119081676,-0.14213954,-0.14523165,-0.14523284,-0.14523365,-0.19755594,-0.25103784,-0.20219928,-0.19465852,-0.24831252,-0.20506537,-0.22091979,-0.1421502,-0.11904268,-0.11956477,-0.14214648,-0.14522901,-0.20931396,-0.18224281,-0.14214067,-0.32474133,-0.14215952,-0.14523555,-0.14523476,-0.1452345,-0.2185038,-0.14214021,-0.114121355,-0.14214191,-0.14522469,-0.14522918,-0.22984435,-0.14215499,-0.1452173,7.833951,-0.14208215,-0.14520013,-0.14521304,-0.14521384,-0.13302092,-0.1051107,-0.14014931,-0.15141064,-0.15839578,-0.15615125,-0.14613561,-0.14215234,-0.12319561,-0.11927703,-0.14212671,-0.14523543,-0.14523509,-0.14523509,-0.14523545,5.1928334,-0.11451449,-0.14213195,-0.15564899,-0.14443555,-0.16636807,-0.14215618,-0.14518091,-0.12993515,-0.047159404,-0.13792536,-0.14016809,-0.14106366,-0.14205287,-0.19987361,-0.1649412,-0.17166539,-0.1421403,-0.14520508,-0.12722544,-0.14610182,-0.2588673,-0.119147345,-0.14206912,-0.09132757,-0.12832497,-0.13684332,-0.16221203,-0.15659244,-0.11877397,-0.14197686,-0.14516804,-0.1452028,-0.14522688,-0.15740095,7.8997583,-0.15106063,-0.07294749,-0.2039893,-0.14213255,-0.14520176,-0.104459345,-0.1419254,-0.17466888,8.316347,-0.14213753,6.884166,9.569193,-0.14202145,-0.05825615,-0.14326635,-0.17082691,-0.14209405,-0.18883844,-0.14216033,-0.31316653,-0.14215344,-0.16808087,-0.14331596,-0.14215483,-0.14523299,-0.25088155,-0.1421606,-0.22115314,-0.07562123,-0.086852394,-0.10702289,-0.060967896,-0.1374028,-0.16796505,-0.15746465,-0.22133875,-0.12812386,-0.0969081,-0.16398169,-0.12716047,-0.11335766,-0.18846886,-0.11927293,-0.17755464,-0.0994983,-0.115196005,-0.14209488,-0.11662802,-0.19749595,-0.14526704,-0.12781724,-0.096878245,-0.14209464,-0.14509396,-0.12434345,-0.11230643,2.969422,-0.14204502,3.201162,5.170358,7.039004,-0.14216097,-0.14522725,7.628909,7.5333214,5.1407285,-0.1421504,-0.0782174,-0.19187105,-0.18185812,-0.09859173,-0.11065883,-0.14191693,-0.14500324,9.493582,9.056796,8.724134,-0.13855581,-0.19385117,-0.14213441,-0.14523073,-0.19487974,-0.23847799,5.3648677,-0.119048506,-0.14201392,-0.1452102,-0.14520228,-0.2961179,-0.14216045,-0.19813283,-0.119209245,-0.14211476,-0.060104962,-0.15931924,-0.1421592,-0.2028091,-0.2868003,-0.11816878,-0.14795661,-0.10060286,-0.14204791,-0.13614628,-0.20725825,-0.17393659,-0.125103,-0.15657571,-0.15690626,-0.14215818,-0.14523247,-0.16221246,-0.22200036,-0.11932229,-0.2814266,-0.14216128,-0.1915083,-0.24371436,-0.16952515,-0.14210117,-0.13369927,-0.12557748,-0.14215593,-0.18106565,-0.14216107,-0.18642783,-0.14212152,6.2917266,-0.14208129,-0.14691104,-0.13029914,-0.14215177,-0.14522356,-0.18915205,-0.11926703,-0.14215538,-0.10481856,7.745066,-0.14215383,-0.14523393,-0.14521374,-0.11900288,-0.1420854,-0.14520964,-0.14520304,-0.14521137,-0.14521721,-0.16505513,-0.17392421,-0.14215058,-0.14522871,-0.14522147,-0.1452291,-0.2025511,-0.15354379,-0.14723541,-0.14143825,-0.11499533,-0.10471026,-0.11893196,-0.14215317,-0.14517961,-0.11923864,-0.19501048,-0.1421588,-0.18738703,-0.11705899,-0.17429145,-0.14215225,-0.06652963,-0.14197668,-0.10737923,1.6798147,2.807771,-0.052188452,3.0631857
k__Bacteria|p__Actinobacteria|c__Actinomycetia|o__Micrococcales|f__Promicromonosporaceae|g__Isoptericola|s__Isoptericola_variabilis,2.2258255,3.5469215,-0.13556679,-0.1384424,-0.13844255,-0.23867357,-0.1666669,3.985283,3.0911944,3.4357882,3.7913792,-0.13556969,-0.22850217,1.8998004,-0.08556121,-0.1353141,-0.058144663,-0.13523898,-0.13840431,-0.19931981,-0.1978925,-0.11408427,-0.13554806,-0.12711628,-0.20043859,-0.11658599,-0.182019,-0.25032333,-0.1509206,-0.13555124,-0.15142563,-0.10844302,-0.18249588,-0.28454733,-0.13556153,-0.11420867,-0.13556823,-0.22338755,-0.13556993,-0.29867563,-0.13556996,-0.29356226,-0.11374487,-0.13547972,-0.13691942,-0.13556656,-0.23188588,-0.24781659,-0.1296162,-0.11421253,-0.24679694,-0.18279888,-0.25087595,-0.26027086,-0.28621647,-0.27511892,-0.11894142,-0.13551636,-0.040142577,-0.056944285,-0.13512954,-0.11274739,-0.13743341,-0.11413705,-0.1355567,-0.13843969,-0.13844243,-0.13844281,-0.27573854,-0.1355457,-0.11413863,-0.16243835,-0.12334165,-0.14074792,-0.1355491,-0.15887658,-0.14481027,-0.11419811,-0.18691605,-0.14998752,-0.13556255,-0.13842946,-0.13843635,-0.138396,2.577758,3.1218026,2.2683532,-0.1355589,3.1178844,-0.13556577,-0.2004665,-0.11139822,-0.1388583,-0.13027036,2.5039058,-0.15152657,-0.13550693,-0.13825217,4.347065,2.3677795,-0.09427856,-0.13553703,-0.11960925,-0.15027548,-0.16982608,-0.1185138,-0.13554743,-0.1384387,3.1897533,2.3948052,-0.13556753,1.8179585,0.7838894,-0.13525523,-0.13556579,-0.15095688,1.5351821,-0.2009549,-0.13555333,-0.09015879,-0.13538578,1.4100645,1.6130152,-0.13997786,1.5523869,-0.13908121,-0.16057305,-0.13552213,-0.07092635,-0.13518095,-0.13797438,-0.18733518,-0.13541204,-0.11412364,-0.12334781,-0.14100276,-0.13554114,-0.114095174,-0.25318068,-0.26654312,-0.11360912,-0.10945694,-0.13553566,-0.09238048,-0.20963459,-0.13556594,-0.13839285,-0.11379209,-0.1355224,1.3844062,-0.1553517,-0.13556859,-0.19704957,-0.20616047,-0.11338905,-0.10460003,-0.11361031,-0.10256614,-0.13556407,-0.19495486,-0.13554958,-0.11373842,-0.13547051,-0.041086134,-0.12967405,-0.13556784,-0.2300741,-0.13555521,-0.10384405,-0.13469523,2.550346,-0.13548136,4.6854453,-0.13549364,1.906772,-0.075820275,-0.09192432,-0.101488546,-0.13540515,-0.13838497,-0.12378413,-0.13546932,3.0910842,1.8125767,3.445161,-0.13556932,3.4625995,1.4284062,-0.13551435,2.333358,3.0055273,-0.13555148,-0.13843995,-0.13844097,-0.13844165,-0.19755594,1.1079378,-0.20219928,-0.19465852,-0.24831252,-0.20506537,-0.22091979,-0.13556033,-0.113933444,3.4269497,-0.13555732,-0.13843778,-0.20931396,-0.18224281,-0.13555193,3.305318,-0.13556817,-0.13844323,-0.13844258,-0.13844235,-0.2185038,-0.1355511,-0.114121355,-0.13555343,-0.13843417,-0.13843791,-0.22984435,-0.13556439,-0.13842665,-0.08963354,-0.13550304,-0.13841368,-0.13842447,-0.13842516,-0.13302092,-0.1051107,-0.14014931,-0.15141064,-0.15839578,-0.15615125,-0.14613561,-0.13556218,-0.12319561,-0.11418198,-0.13554093,-0.13844313,-0.13844284,-0.13844284,-0.13844314,-0.38518023,-0.11451449,-0.13554527,-0.15564899,1.3462132,-0.16636807,-0.13556542,-0.13839757,-0.12993515,-0.047159404,-0.1320563,1.0812883,-0.14106366,-0.13547966,-0.19987361,-0.1649412,-0.17166539,-0.13555218,-0.13841787,-0.12722544,-0.14610182,-0.2588673,-0.11404533,-0.13549191,-0.09132757,-0.12832497,-0.13684332,-0.16221203,-0.15659244,-0.113630354,-0.13541299,-0.13838658,-0.1384159,-0.13843599,-0.15740095,-0.19795567,4.237105,3.623196,-0.2039893,-0.13554567,-0.1384149,-0.104459345,-0.13532528,-0.17466888,-0.13176009,-0.1355499,1.2477804,2.266797,-0.13545017,-0.05825615,-0.14326635,-0.17082691,-0.1355137,-0.18883844,-0.13556886,-0.31316653,-0.1355631,-0.16808087,-0.14331596,-0.13556428,-0.13844112,3.0924003,-0.13556908,-0.22115314,1.5052483,1.3250084,1.7967192,-0.060967896,-0.13161767,-0.16796505,-0.15746465,5.2870903,5.886799,-0.0969081,-0.16398169,-0.12716047,-0.11335766,-0.18846886,-0.114176884,4.8550844,2.7365394,2.2013974,-0.13551427,-0.11662802,-0.19749595,-0.14526704,-0.12781724,-0.096878245,-0.13551374,-0.13832429,-0.12434345,-0.11230643,-0.063823454,-0.1354715,-0.11419349,-0.10007019,-0.24483351,-0.1355694,-0.13843627,-0.16344379,-0.1759062,-0.12524253,-0.13556062,-0.0782174,-0.19187105,-0.18185812,-0.09859173,-0.11065883,-0.13536538,-0.13824892,-0.083404,1.4465927,-0.13072303,-0.13855581,-0.19385117,-0.13554728,-0.13843921,-0.19487974,-0.23847799,-0.2432746,-0.113966815,-0.13544613,-0.13842213,-0.14520228,-0.2961179,-0.13556895,-0.19813283,-0.114111654,-0.13553056,2.4012265,-0.15931924,-0.1355679,-0.2028091,-0.2868003,2.5704973,3.9678824,-0.10060286,-0.13547488,-0.13614628,-0.20725825,-0.17393659,2.2718396,2.6747277,3.850988,-0.13556704,-0.13844065,-0.16221246,-0.22200036,-0.11422187,4.5368657,-0.13556963,2.123247,-0.24371436,3.585459,-0.13551787,-0.13369927,-0.12557748,-0.13556519,-0.18106565,-0.13556948,-0.18642783,-0.13553587,2.3350024,-0.1355032,-0.14691104,-0.13029914,-0.13556173,-0.13843328,-0.18915205,-0.114171915,-0.13556471,-0.10481856,-0.1650517,-0.13556343,-0.13844188,-0.13842484,-0.11391054,-0.13550617,-0.13842162,-0.13841602,-0.13842304,-0.13842776,-0.16505513,-0.17392421,-0.13556072,-0.13843755,-0.13843153,-0.13843787,-0.2025511,-0.15354379,3.9392722,-0.134969,-0.11499533,-0.10471026,-0.11893196,-0.1355629,-0.13839588,-0.11414628,3.581657,-0.13556759,-0.18738703,-0.11705899,-0.17429145,-0.13556188,-0.06652963,-0.13541344,-0.10737923,-0.124497145,-0.15298569,-0.052188452,-0.26007295
k__Bacteria|p__Actinobacteria|c__Actinomycetia|o__Bifidobacteriales|f__Bifidobacteriaceae|g__Bifidobacterium|s__Bifidobacterium_adolescentis,-0.1004395,-0.12316422,-0.13714573,-0.14007607,-0.14007625,-0.23867357,-0.1666669,-0.16813041,-0.10929718,-0.22895765,-0.23728925,-0.13714887,-0.22850217,-0.3768707,-0.08556121,-0.13688196,-0.058144663,-0.13679975,-0.14003557,-0.19931981,8.810261,-0.115257636,-0.13712586,-0.12711628,-0.20043859,-0.11658599,-0.182019,-0.25032333,-0.1509206,-0.13712904,-0.15142563,-0.10844302,-0.18249588,7.161944,-0.1371401,-0.11538184,-0.1371473,-0.22338755,-0.13714911,-0.29867563,-0.13714916,-0.29356226,-0.11491914,-0.13705242,-0.13691942,-0.13714552,-0.23188588,5.100321,3.0466807,-0.11538577,5.292249,7.2806306,6.372559,6.8283377,5.8310146,7.1284275,-0.11894142,-0.13709256,-0.040142577,-0.056944285,-0.13667627,-0.11274739,-0.13743341,-0.11530958,-0.13713494,-0.14007321,-0.1400761,-0.14007652,7.3674846,-0.13712277,-0.11531097,-0.16243835,9.060477,8.299479,-0.13712688,-0.15887658,-0.14481027,-0.11537179,-0.18691605,-0.14998752,-0.13714129,-0.1400623,-0.1400696,-0.14002514,-0.120334074,-0.13700745,-0.08858878,-0.13713741,-0.19008024,-0.13714468,-0.2004665,-0.11139822,8.711056,-0.13027036,-0.1074974,-0.15152657,-0.13708201,-0.13985887,-0.10065024,-0.08152827,-0.09427856,-0.13711417,-0.11960925,-0.15027548,-0.16982608,-0.1185138,-0.137125,-0.14007214,-0.17738779,-0.15176103,-0.13714653,7.737568,-0.17989698,-0.13525523,-0.13714471,-0.15095688,-0.17780018,-0.2009549,-0.13713098,-0.09015879,-0.13695423,-0.12151222,-0.121854745,-0.13997786,-0.21433522,-0.13908121,-0.16057305,-0.1370984,-0.07092635,-0.13673653,-0.13957095,-0.18733518,-0.13697726,-0.11530039,-0.12334781,-0.14100276,-0.13711846,-0.114095174,-0.25318068,-0.26654312,-0.11479516,-0.10945694,-0.1371127,-0.09238048,-0.20963459,-0.13714486,-0.14002061,-0.11497371,-0.13709852,-0.16015086,-0.1553517,-0.1371477,-0.19704957,-0.20616047,-0.11460988,-0.10460003,-0.11361031,-0.10256614,-0.1371429,-0.19495486,-0.13712695,-0.11491872,-0.1370436,-0.041086134,-0.12967405,-0.13714686,-0.2300741,-0.13713297,-0.10384405,-0.13622208,-0.0784167,-0.13705516,-0.12766197,-0.13706794,-0.121451,-0.075820275,-0.09192432,-0.101488546,-0.13697475,-0.14001517,-0.12378413,-0.13704035,-0.1410757,-0.13984437,-0.18093297,-0.13714847,-0.25777104,3.8649573,-0.13708875,-0.13462572,-0.119081676,-0.13712959,-0.14007351,-0.14007457,-0.14007528,-0.19755594,-0.25103784,-0.20219928,7.427885,3.9737208,4.27601,-0.22091979,-0.13713872,-0.11510825,-0.11956477,-0.13713571,-0.14007115,-0.20931396,-0.18224281,-0.13712966,-0.32474133,-0.13714725,-0.14007698,-0.14007628,-0.14007604,-0.2185038,-0.13712943,-0.114121355,-0.13713147,-0.14006716,-0.1400713,-0.22984435,-0.13714322,-0.14005986,-0.08963354,-0.13707823,-0.1400457,-0.14005688,-0.14005783,-0.13302092,-0.1051107,-0.14014931,-0.15141064,-0.15839578,4.3087897,8.6433325,-0.13714093,-0.12319561,-0.11535373,-0.13711789,-0.14007686,-0.14007656,-0.14007656,-0.14007688,-0.38518023,-0.11451449,-0.13712272,6.5535035,7.2048163,-0.16636807,-0.13714427,-0.14002706,-0.12993515,-0.047159404,-0.13335238,-0.14016809,-0.14106366,-0.13705243,-0.19987361,8.936042,6.2906113,-0.13713022,-0.14005014,8.455745,8.199776,5.0658455,-0.115222186,-0.1370666,-0.09132757,-0.12832497,-0.13684332,-0.16221203,-0.15659244,-0.11483207,-0.13698362,-0.14001697,-0.14004797,-0.1400693,-0.15740095,-0.19795567,-0.15106063,-0.07294749,-0.2039893,-0.13712315,-0.14004709,-0.104459345,-0.1368741,-0.17466888,-0.13176009,-0.1371279,-0.15109587,-0.10913184,-0.13702294,-0.05825615,-0.14326635,-0.17082691,-0.13708892,-0.18883844,-0.13714796,1.4099063,-0.1371417,7.7652063,-0.14331596,-0.13714308,-0.14007467,7.6513004,-0.1371482,7.260868,-0.07562123,-0.086852394,-0.10702289,-0.060967896,-0.1328899,-0.16796505,-0.15746465,-0.22133875,-0.12812386,-0.0969081,-0.16398169,-0.12716047,-0.11335766,-0.18846886,-0.1153489,-0.17755464,-0.0994983,-0.115196005,-0.1370897,-0.11662802,-0.19749595,-0.14526704,-0.12781724,-0.096878245,-0.1370899,-0.13995084,-0.12434345,-0.11230643,-0.063823454,-0.13704498,-0.11419349,-0.10007019,-0.24483351,-0.13714853,-0.1400693,-0.16344379,-0.1759062,-0.12524253,-0.1371392,-0.0782174,-0.19187105,-0.18185812,-0.09859173,-0.11065883,-0.13693169,-0.13987029,-0.083404,-0.1213824,-0.13072303,-0.13855581,-0.19385117,-0.13712478,-0.1400727,6.410344,-0.23847799,-0.2432746,-0.11513093,-0.13701756,-0.1400544,8.664722,7.769824,-0.13714807,7.947809,-0.115286596,-0.1371072,-0.060104962,-0.15931924,-0.13714692,8.265155,7.402078,-0.11816878,-0.14795661,-0.10060286,-0.1370475,-0.13614628,-0.20725825,-0.17393659,-0.125103,-0.15657571,-0.15690626,-0.13714604,-0.14007422,-0.16221246,-0.22200036,-0.11539545,-0.2814266,-0.1371488,-0.1915083,-0.24371436,-0.16952515,-0.13709193,-0.13369927,-0.12557748,-0.13714404,-0.18106565,-0.13714865,-0.18642783,-0.13711204,-0.30462334,-0.13707733,-0.14691104,-0.13029914,-0.13714036,-0.14006637,-0.18915205,-0.11534437,-0.13714355,-0.10481856,-0.1650517,-0.13714215,-0.14007552,-0.14005658,-0.11506985,-0.13708141,-0.1400538,-0.140048,-0.14005536,-0.14006065,-0.16505513,6.414322,-0.13713926,-0.14007093,-0.14006445,-0.14007127,-0.2025511,-0.15354379,-0.14723541,-0.13650057,-0.11499533,-0.10471026,-0.11893196,-0.13714159,-0.14002481,-0.11531818,-0.19501048,-0.13714659,-0.18738703,-0.11705899,-0.17429145,-0.13714033,-0.06652963,-0.1369841,-0.10737923,-0.124497145,-0.15298569,-0.052188452,-0.26007295
k__Bacteria|p__Actinobacteria|c__Actinomycetia|o__Actinomycetales|f__Actinomycetaceae|g__Actinomyces|s__Actinomyces_sp_ICM47,-0.1004395,-0.12316422,-0.13685885,-0.1397456,-0.13974583,-0.23867357,-0.1666669,-0.16813041,1.2092679,1.2864822,0.95704,-0.13686273,1.583797,1.5019749,-0.08556121,-0.13653845,-0.058144663,-0.13642734,-0.13969551,1.9689327,3.3256674,-0.11527467,-0.13683414,1.4830027,-0.20043859,2.3820622,-0.182019,1.5117308,-0.1509206,-0.1368383,-0.15142563,-0.10844302,-0.18249588,-0.28454733,-0.13685225,-0.11541922,-0.13686079,-0.22338755,-0.13686302,2.11664,-0.13686308,-0.29356226,-0.1148805,-0.13674447,-0.13691942,-0.13685855,1.5021926,-0.24781659,2.4866989,-0.11542408,-0.24679694,-0.18279888,-0.25087595,-0.26027086,-0.28621647,-0.27511892,-0.11894142,-0.13679293,-0.040142577,-0.056944285,-0.13627999,-0.11274739,-0.13743341,-0.11533615,-0.1368456,-0.13974202,-0.13974565,-0.13974616,-0.27573854,-0.1368321,-0.11533607,-0.16243835,-0.12334165,-0.14074792,-0.13683538,-0.15887658,-0.14481027,-0.115407184,-0.18691605,-0.14998752,-0.13685331,-0.13972852,-0.13973767,-0.13968691,-0.120334074,-0.13700745,-0.08858878,-0.13684848,-0.19008024,-0.13685751,4.202303,-0.11139822,-0.1388583,-0.13027036,3.9399836,2.6602035,-0.13677964,-0.13951315,-0.10065024,-0.08152827,-0.09427856,-0.13681954,2.314818,-0.15027548,-0.16982608,-0.1185138,-0.13683331,-0.13974074,-0.17738779,-0.15176103,-0.13685983,-0.25953975,-0.17989698,-0.13525523,-0.13685755,-0.15095688,-0.17780018,2.196442,-0.1368419,-0.09015879,-0.13662031,-0.12151222,-0.121854745,-0.13997786,-0.21433522,-0.13908121,-0.16057305,-0.13679995,-0.07092635,-0.13635522,-0.13912916,-0.18733518,-0.13665733,-0.11532852,-0.12334781,-0.14100276,-0.1368249,-0.114095174,-0.25318068,2.3771017,-0.114776134,-0.10945694,-0.13681766,-0.09238048,2.0462642,-0.13685772,-0.13968018,-0.11496782,-0.13680075,-0.16015086,-0.1553517,-0.13686126,1.6175597,-0.20616047,-0.11454579,-0.10460003,-0.11361031,-0.10256614,-0.13685521,-0.19495486,-0.13683653,-0.11492216,-0.13673213,-0.041086134,-0.12967405,-0.13686027,-0.2300741,-0.13684358,-0.10384405,-0.13573056,-0.0784167,-0.13674706,-0.12766197,-0.13676235,-0.121451,-0.075820275,-0.09192432,-0.101488546,-0.13664739,-0.1396698,-0.12378413,-0.13674034,-0.1410757,-0.13984437,-0.18093297,-0.13686222,-0.25777104,-0.12844054,-0.13679177,-0.13462572,-0.119081676,-0.13683861,-0.1397424,-0.13974372,-0.13974461,-0.19755594,4.4033194,5.7517385,4.432294,3.1330962,1.0797503,1.3115033,-0.13685045,-0.11512378,-0.11956477,-0.1368463,-0.13973951,2.3280296,1.8187916,-0.13683978,-0.32474133,-0.1368607,-0.13974673,-0.13974585,-0.13974555,-0.2185038,-0.13683936,-0.114121355,-0.13684134,-0.13973482,-0.13973968,-0.22984435,-0.13685569,-0.13972616,-0.08963354,-0.1367754,-0.13970757,-0.13972193,-0.1397227,-0.13302092,-0.1051107,-0.14014931,-0.15141064,-0.15839578,-0.15615125,-0.14613561,-0.13685276,-0.12319561,-0.11538558,-0.13682471,-0.13974658,-0.13974622,-0.1397462,-0.1397466,0.8356783,-0.11451449,-0.13683034,-0.15564899,-0.14443555,-0.16636807,-0.13685706,-0.13968661,-0.12993515,-0.047159404,-0.13222024,2.3201692,1.0248748,-0.13674332,-0.19987361,-0.1649412,-0.17166539,-0.13683951,-0.13971299,-0.12722544,-0.14610182,-0.2588673,-0.11524317,-0.13676095,-0.09132757,-0.12832497,-0.13684332,-0.16221203,-0.15659244,-0.1148238,-0.13665956,-0.13967219,-0.13971058,-0.13973716,2.451518,1.4663284,-0.15106063,-0.07294749,2.1733654,-0.13683105,-0.13970931,1.0298795,-0.13659564,-0.17466888,-0.13176009,-0.13683638,-0.15109587,-0.10913184,-0.13670845,-0.05825615,-0.14326635,-0.17082691,-0.1367886,-0.18883844,-0.1368616,-0.31316653,-0.13685411,-0.16808087,-0.14331596,-0.13685551,-0.1397439,-0.25088155,-0.1368619,3.3927097,-0.07562123,-0.086852394,-0.10702289,-0.060967896,-0.13164094,-0.16796505,-0.15746465,-0.22133875,-0.12812386,-0.0969081,-0.16398169,0.7265472,-0.11335766,-0.18846886,-0.11538087,-0.17755464,-0.0994983,-0.115196005,-0.1367895,-0.11662802,-0.19749595,-0.14526704,-0.12781724,-0.096878245,-0.136789,-0.13959047,-0.12434345,-0.11230643,-0.063823454,-0.1367344,-0.11419349,-0.10007019,-0.24483351,-0.13686231,-0.13973755,-0.16344379,-0.1759062,-0.12524253,-0.13685066,-0.0782174,-0.19187105,-0.18185812,-0.09859173,-0.11065883,-0.1365931,-0.13949063,-0.083404,-0.1213824,-0.13072303,-0.13855581,-0.19385117,-0.1368331,-0.13974138,-0.19487974,-0.23847799,-0.2432746,-0.11513023,-0.13670012,-0.13971883,-0.14520228,-0.2961179,-0.13686173,-0.19813283,-0.1153105,-0.13681144,-0.060104962,-0.15931924,-0.13686034,-0.2028091,0.8128563,-0.11816878,-0.14795661,-0.10060286,-0.13673785,-0.13614628,-0.20725825,-0.17393659,-0.125103,-0.15657571,-0.15690626,-0.13685924,-0.1397433,0.7409299,-0.22200036,-0.11543594,-0.2814266,-0.13686264,-0.1915083,0.89091605,-0.16952515,-0.13679597,-0.13369927,-0.12557748,-0.13685676,-0.18106565,-0.13686243,-0.18642783,-0.13681881,4.4871187,-0.13677481,-0.14691104,-0.13029914,-0.13685219,-0.13973348,2.1641715,-0.11537436,-0.13685614,-0.10481856,-0.1650517,-0.13685447,-0.13974492,-0.13972263,-0.11507952,-0.13677889,-0.13971823,-0.13971084,-0.13972013,-0.13972646,-0.16505513,-0.17392421,-0.13685088,-0.13973919,-0.1397312,-0.13973959,-0.2025511,-0.15354379,-0.14723541,-0.13606961,-0.11499533,-0.10471026,-0.11893196,-0.13685372,-0.13968489,-0.115342945,-0.19501048,-0.13685995,-0.18738703,-0.11705899,-0.17429145,-0.13685264,-0.06652963,-0.13665918,-0.10737923,-0.124497145,-0.15298569,-0.052188452,-0.26007295
k__Bacteria|p__Actinobacteria|c__Coriobacteriia|o__Coriobacteriales|f__Atopobiaceae|g__Lancefieldella|s__Lancefieldella_parvula,-0.1004395,0.7027788,-0.12818593,-0.13094848,-0.1309487,-0.23867357,-0.1666669,2.8832512,1.2277651,1.4874195,3.2160265,-0.12818933,-0.22850217,-0.3768707,-0.08556121,-0.12789798,-0.058144663,-0.12780383,-0.13090427,-0.19931981,-0.1978925,-0.107533574,-0.12816411,-0.12711628,-0.20043859,-0.11658599,-0.182019,1.8471191,2.6080463,-0.12816778,-0.15142563,-0.10844302,-0.18249588,1.3154906,-0.12818003,-0.10766823,-0.12818761,0.925143,-0.1281896,-0.29867563,-0.12818964,-0.29356226,-0.10717345,-0.12808481,1.0528017,-0.12818566,-0.23188588,-0.24781659,-0.1296162,-0.10767251,-0.24679694,-0.18279888,-0.25087595,-0.26027086,-0.28621647,-0.27511892,-0.11894142,-0.12812763,-0.040142577,-0.056944285,-0.12767471,-0.11274739,-0.13743341,-0.10759045,-0.12817422,-0.13094532,-0.13094851,-0.13094899,-0.27573854,-0.12816171,-0.10759201,-0.16243835,-0.12334165,-0.14074792,-0.12816522,-0.15887658,-0.14481027,-0.10765715,1.4579885,0.8799062,-0.12818101,-0.1309334,-0.13094145,-0.13089538,-0.120334074,-0.13700745,-0.08858878,-0.12817676,2.3635435,-0.12818474,0.9265518,-0.11139822,-0.1388583,-0.13027036,-0.1074974,-0.15152657,-0.12811592,-0.13072932,-0.10065024,-0.08152827,-0.09427856,-0.12815124,-0.11960925,-0.15027548,-0.16982608,-0.1185138,-0.1281634,-0.13094419,2.1634812,-0.15176103,-0.12818679,-0.25953975,-0.17989698,-0.13525523,-0.1281848,-0.15095688,-0.17780018,-0.2009549,-0.12817062,-0.09015879,-0.12797514,-0.12151222,-0.121854745,-0.13997786,-0.21433522,-0.13908121,-0.16057305,-0.1281339,-0.07092635,-0.1277387,-0.13040283,-0.18733518,-0.12800623,-0.10758242,-0.12334781,-0.14100276,-0.12815598,-0.114095174,-0.25318068,-0.26654312,-0.10704267,-0.10945694,-0.12814961,2.2385435,-0.20963459,-0.12818493,-0.13089015,-0.10724045,-0.12813446,-0.16015086,2.3463123,-0.12818804,-0.19704957,-0.20616047,-0.10683237,-0.10460003,-0.11361031,-0.10256614,-0.12818274,-0.19495486,-0.12816593,-0.107180476,-0.12807362,-0.041086134,-0.12967405,-0.12818715,-0.2300741,-0.1281724,-0.10384405,-0.1271807,-0.0784167,-0.12808695,-0.12766197,-0.1281007,-0.121451,-0.075820275,-0.09192432,-0.101488546,-0.12799872,-0.13088155,-0.12378413,-0.12807716,-0.1410757,-0.13984437,2.4150286,-0.1281889,-0.25777104,-0.12844054,-0.12812561,1.4842132,1.2055804,-0.12816808,-0.13094567,-0.13094684,-0.13094762,-0.19755594,1.6548777,1.5704856,-0.19465852,-0.24831252,-0.20506537,-0.22091979,-0.12817848,-0.10738369,0.82672846,-0.12817487,-0.1309431,-0.20931396,-0.18224281,-0.12816909,-0.32474133,-0.12818755,-0.13094947,-0.13094871,-0.13094844,-0.2185038,-0.12816863,-0.114121355,-0.12817046,-0.13093892,-0.13094327,1.6177406,-0.12818313,-0.1309315,-0.08963354,-0.12811217,-0.13091496,-0.1309276,-0.13092832,2.1029093,-0.1051107,4.1205854,3.3262153,3.0777738,2.9705856,-0.14613561,-0.12818055,-0.12319561,-0.10763798,-0.12815574,-0.13094935,-0.13094902,-0.13094902,-0.13094938,-0.38518023,-0.11451449,-0.12816076,1.0533341,0.94293696,-0.16636807,-0.12818433,-0.13089631,-0.12993515,-0.047159404,-0.12408127,-0.14016809,-0.14106366,-0.12808397,-0.19987361,1.3851396,2.7000525,-0.12816885,-0.13091978,-0.12722544,-0.14610182,-0.2588673,-0.10749659,-0.12809902,-0.09132757,0.84016585,-0.13684332,-0.16221203,-0.15659244,-0.10708691,-0.12800914,-0.13088363,-0.13091761,-0.13094103,-0.15740095,-0.19795567,2.6818163,-0.07294749,1.0494996,-0.12816137,-0.13091643,-0.104459345,-0.12791471,4.479017,-0.13176009,-0.12816614,-0.15109587,-0.10913184,-0.12805176,-0.05825615,-0.14326635,1.1717421,-0.12812394,-0.18883844,-0.12818834,-0.31316653,-0.1281817,-0.16808087,-0.14331596,-0.12818298,-0.130947,-0.25088155,-0.12818861,1.6824229,-0.07562123,-0.086852394,-0.10702289,-0.060967896,-0.12357341,-0.16796505,-0.15746465,1.8105597,2.6825087,-0.0969081,-0.16398169,-0.12716047,-0.11335766,-0.18846886,-0.10763292,1.0666622,-0.0994983,-0.115196005,-0.12812465,-0.11662802,-0.19749595,-0.14526704,-0.12781724,-0.096878245,-0.12812425,-0.13081113,-0.12434345,-0.11230643,-0.063823454,-0.12807558,-0.11419349,-0.10007019,-0.24483351,-0.12818895,-0.13094136,-0.16344379,-0.1759062,-0.12524253,-0.1281787,-0.0782174,-0.19187105,-0.18185812,-0.09859173,-0.11065883,-0.12795083,-0.13072288,-0.083404,-0.1213824,-0.13072303,-0.13855581,-0.19385117,-0.12816319,-0.13094479,-0.19487974,-0.23847799,-0.2432746,-0.107399315,-0.12804548,-0.13092485,1.9537442,0.90959483,-0.12818843,-0.19813283,-0.10756548,-0.1281439,-0.060104962,-0.15931924,-0.12818722,-0.2028091,0.65495247,-0.11816878,-0.14795661,-0.10060286,-0.12807891,-0.13614628,-0.20725825,-0.17393659,3.1472986,1.4146688,3.5068026,-0.12818626,-0.13094646,1.6983368,2.723849,-0.10768309,2.8065271,-0.12818925,-0.1915083,-0.24371436,-0.16952515,-0.12812972,-0.13369927,-0.12557748,-0.12818407,-0.18106565,-0.12818909,-0.18642783,-0.12815045,0.60729545,-0.12811166,-0.14691104,-0.13029914,-0.12818003,-0.13093781,-0.18915205,-0.10762735,-0.12818351,-0.10481856,0.71581215,-0.12818202,-0.13094789,-0.13092807,-0.1073407,-0.12811524,-0.1309243,-0.13091783,-0.13092595,-0.13093157,-0.16505513,1.9763509,-0.12817886,-0.13094284,-0.13093579,-0.13094321,2.3995764,-0.15354379,-0.14723541,-0.12748814,-0.11499533,-0.10471026,-0.11893196,-0.12818137,-0.13089472,-0.10759874,1.7426206,-0.12818688,0.99708265,-0.11705899,-0.17429145,-0.12818037,-0.06652963,-0.1280084,-0.10737923,-0.124497145,-0.15298569,1.4671823,2.1660354
k__Bacteria|p__Actinobacteria|c__Coriobacteriia|o__Coriobacteriales|f__Coriobacteriaceae|g__Collinsella|s__Collinsella_aerofaciens,-0.1004395,-0.12316422,-0.13619095,-0.13912445,-0.13912469,-0.23867357,-0.1666669,-0.16813041,-0.10929718,-0.22895765,-0.23728925,-0.13619477,-0.22850217,-0.3768707,-0.08556121,-0.13587505,-0.058144663,-0.13576952,-0.1390752,6.7705894,6.9862313,-0.11425735,-0.13616672,-0.12711628,-0.20043859,-0.11658599,-0.182019,-0.25032333,-0.1509206,-0.13617069,-0.15142563,-0.10844302,-0.18249588,-0.28454733,-0.1361843,-0.11440386,-0.13619286,-0.22338755,-0.13619506,-0.29867563,-0.13619511,6.0552125,-0.11386304,-0.13607793,-0.13691942,-0.13619068,-0.23188588,5.4972105,3.6475415,-0.11440863,7.1141276,6.7613497,5.8353205,5.930893,5.410956,6.8489227,-0.11894142,-0.13612619,-0.040142577,-0.056944285,-0.13562062,-0.11274739,-0.13743341,-0.114319205,-0.13617785,-0.13912097,-0.13912451,-0.13912502,6.80029,-0.13616365,-0.114320114,-0.16243835,-0.12334165,-0.14074792,-0.13616794,-0.15887658,-0.14481027,-0.11439191,8.273513,8.600919,-0.1361855,-0.13910767,-0.13911662,-0.13906483,-0.120334074,-0.13700745,-0.08858878,-0.13618079,-0.19008024,-0.13618964,-0.2004665,-0.11139822,-0.1388583,-0.13027036,-0.1074974,-0.15152657,-0.13611329,-0.1388797,-0.10065024,-0.08152827,-0.09427856,-0.13615248,-0.11960925,-0.15027548,-0.16982608,-0.1185138,-0.13616577,-0.13911968,-0.17738779,-0.15176103,-0.13619192,-0.25953975,-0.17989698,-0.13525523,-0.1361897,-0.15095688,-0.17780018,-0.2009549,-0.1361736,-0.09015879,-0.13595751,-0.12151222,-0.121854745,-0.13997786,-0.21433522,-0.13908121,-0.16057305,-0.13613325,-0.07092635,-0.13569547,-0.13851342,-0.18733518,-0.1359891,-0.11431059,-0.12334781,-0.14100276,-0.13615769,-0.114095174,-0.25318068,-0.26654312,-0.1137303,-0.10945694,-0.13615063,-0.09238048,-0.20963459,-0.13618988,-0.13905801,-0.11393699,-0.13613367,-0.16015086,-0.1553517,-0.1361933,-0.19704957,-0.20616047,-0.11349471,-0.10460003,-0.11361031,-0.10256614,-0.13618745,-0.19495486,-0.1361686,-0.11387427,-0.13606676,-0.041086134,-0.12967405,-0.13619232,-0.2300741,-0.13617566,-0.10384405,-0.1350793,-0.0784167,-0.13608089,-0.12766197,-0.1360963,-0.121451,-0.075820275,-0.09192432,-0.101488546,-0.13598329,-0.13905025,-0.12378413,-0.13606966,-0.1410757,-0.13984437,-0.18093297,-0.13619427,-0.25777104,-0.12844054,-0.13612276,-0.13462572,-0.119081676,-0.1361712,-0.13912132,-0.1391226,-0.1391235,-0.19755594,-0.25103784,-0.20219928,5.0127754,6.0481205,7.0390463,6.3520803,-0.13618253,-0.11409423,-0.11956477,-0.1361787,-0.13911846,-0.20931396,-0.18224281,-0.13617182,3.0973256,-0.1361928,-0.13912556,-0.13912472,-0.13912442,2.6496372,-0.13617125,-0.114121355,-0.1361736,-0.13911372,-0.13911864,-0.22984435,-0.13618788,-0.13910487,5.8040233,-0.13610882,-0.1390873,-0.13910115,-0.13910215,-0.13302092,-0.1051107,-0.14014931,-0.15141064,-0.15839578,-0.15615125,-0.14613561,-0.13618505,-0.12319561,-0.114370264,-0.13615718,-0.13912544,-0.13912505,-0.13912505,-0.13912547,5.2355046,-0.11451449,-0.13616294,-0.15564899,-0.14443555,-0.16636807,-0.13618916,-0.13906552,-0.12993515,-0.047159404,-0.13160013,-0.14016809,-0.14106366,-0.1360774,-0.19987361,-0.1649412,-0.17166539,-0.13617201,-0.13909271,-0.12722544,-0.14610182,-0.2588673,-0.11422074,-0.13609475,-0.09132757,-0.12832497,-0.13684332,-0.16221203,-0.15659244,-0.113775015,-0.13599418,-0.13905244,-0.13909018,-0.1391162,-0.15740095,-0.19795567,-0.15106063,-0.07294749,-0.2039893,-0.13616353,-0.13908902,-0.104459345,-0.13588634,-0.17466888,-0.13176009,-0.13616909,-0.15109587,-0.10913184,-0.13604233,-0.05825615,-0.14326635,-0.17082691,-0.13612187,-0.18883844,-0.13619366,6.782503,-0.13618615,-0.16808087,-0.14331596,-0.13618772,-0.13912277,-0.25088155,-0.13619395,-0.22115314,-0.07562123,-0.086852394,-0.10702289,-0.060967896,-0.13103235,-0.16796505,-0.15746465,-0.22133875,-0.12812386,-0.0969081,-0.16398169,-0.12716047,-0.11335766,-0.18846886,-0.11436513,-0.17755464,-0.0994983,-0.115196005,-0.1361228,7.472081,6.770322,-0.14526704,-0.12781724,-0.096878245,-0.1361227,-0.1389721,-0.12434345,-0.11230643,-0.063823454,-0.13606861,-0.11419349,-0.10007019,-0.24483351,-0.13619435,-0.13911636,-0.16344379,-0.1759062,-0.12524253,-0.13618295,-0.0782174,-0.19187105,-0.18185812,-0.09859173,-0.11065883,-0.1359304,-0.13887417,-0.083404,-0.1213824,-0.13072303,-0.13855581,-0.19385117,-0.13616551,-0.13912034,-0.19487974,-0.23847799,-0.2432746,-0.11410658,-0.13603505,-0.13909812,8.340783,7.7065663,-0.13619378,-0.19813283,-0.11429249,-0.13614419,-0.060104962,-0.15931924,-0.13619241,6.51536,6.3613157,-0.11816878,-0.14795661,-0.10060286,-0.1360717,-0.13614628,-0.20725825,-0.17393659,-0.125103,-0.15657571,-0.15690626,-0.13619132,-0.13912222,-0.16221246,-0.22200036,-0.11442033,1.272208,-0.13619468,1.94166,6.313775,6.449338,-0.13612711,-0.13369927,-0.12557748,-0.1361889,1.7369841,-0.13619447,-0.18642783,-0.13615069,-0.30462334,-0.13610795,-0.14691104,-0.13029914,-0.1361844,-0.13911262,6.0739903,-0.11435915,-0.1361883,-0.10481856,-0.1650517,-0.1361866,-0.1391238,-0.1391013,-0.11404562,-0.1361126,-0.13909745,-0.1390903,-0.1390993,-0.13910566,-0.16505513,6.6156774,-0.13618308,-0.1391182,-0.13911031,-0.13911858,-0.2025511,7.346274,-0.14723541,-0.13540958,-0.11499533,-0.10471026,-0.11893196,-0.13618591,-0.13906354,-0.1143281,-0.19501048,-0.13619201,-0.18738703,-0.11705899,-0.17429145,-0.13618459,-0.06652963,-0.13599488,-0.10737923,4.3924437,4.990937,-0.052188452,4.8254976
k__Bacteria|p__Actinobacteria|c__Actinomycetia|o__Bifidobacteriales|f__Bifidobacteriaceae|g__Bifidobacterium|s__Bifidobacterium_dentium,3.461385,4.130523,-0.13140473,-0.13423991,-0.1342401,7.039099,-0.1666669,-0.16813041,-0.10929718,6.6600003,4.2334895,-0.13140823,-0.22850217,-0.3768707,-0.08556121,-0.131115,-0.058144663,-0.13102606,-0.1341947,-0.19931981,2.9631996,-0.11020872,-0.1313827,-0.12711628,-0.20043859,-0.11658599,-0.182019,5.193197,-0.1509206,-0.13138598,-0.15142563,-0.10844302,-0.18249588,-0.28454733,-0.13139823,-0.11034815,-0.13140652,7.7755823,-0.13140848,-0.29867563,-0.13140854,-0.29356226,-0.10984101,-0.13129956,-0.13691942,-0.13140455,-0.23188588,-0.24781659,-0.1296162,-0.11035225,-0.24679694,-0.18279888,-0.25087595,-0.26027086,-0.28621647,-0.27511892,3.930719,-0.13134554,-0.040142577,-0.056944285,-0.1308783,-0.11274739,-0.13743341,-0.11026546,-0.13139251,-0.13423672,-0.13423993,-0.13424042,2.736118,-0.13137823,-0.11026858,-0.16243835,-0.12334165,2.969505,-0.13138382,-0.15887658,-0.14481027,-0.110336676,3.8082452,3.488999,-0.13139981,-0.13422456,-0.13423258,-0.1341816,8.496578,8.19452,9.655929,-0.13139552,-0.19008024,-0.1314036,-0.2004665,-0.11139822,-0.1388583,-0.13027036,4.1233273,3.3382752,-0.13133407,-0.13399878,-0.10065024,-0.08152827,-0.09427856,-0.1313698,-0.11960925,-0.15027548,1.2881211,-0.1185138,-0.13138144,-0.13423555,-0.17738779,-0.15176103,-0.1314056,-0.25953975,-0.17989698,-0.13525523,-0.13140363,-0.15095688,-0.17780018,2.3837676,-0.1313875,-0.09015879,-0.13119331,1.6073761,4.8517337,-0.13997786,-0.21433522,-0.13908121,-0.16057305,-0.1313524,-0.07092635,-0.13095158,-0.1336675,-0.18733518,-0.13121252,-0.11025371,4.3554463,0.9745696,-0.13137445,-0.114095174,-0.25318068,-0.26654312,-0.10968616,-0.10945694,-0.1313682,-0.09238048,-0.20963459,-0.1314038,-0.13417652,-0.1098904,-0.13135204,-0.16015086,-0.1553517,-0.1314069,-0.19704957,3.8224711,-0.10947374,6.033089,4.810672,7.3434334,-0.13140164,6.1501,-0.13138357,-0.10982403,-0.13129225,-0.041086134,-0.12967405,-0.13140595,6.374542,-0.13139015,-0.10384405,-0.13038135,-0.0784167,-0.13130382,-0.12766197,-0.13131848,4.0257206,-0.075820275,-0.09192432,-0.101488546,-0.13121451,-0.13417259,-0.12378413,-0.13128772,-0.1410757,-0.13984437,-0.18093297,-0.13140777,-0.25777104,-0.12844054,-0.1313403,4.7308984,9.223727,-0.13138703,-0.13423704,-0.13423821,-0.13423902,-0.19755594,-0.25103784,-0.20219928,-0.19465852,-0.24831252,-0.20506537,-0.22091979,-0.13139668,-0.11003853,6.9454036,-0.13139373,-0.1342344,7.8268623,7.7149353,-0.13138652,-0.32474133,-0.13140646,-0.13424091,-0.13424015,-0.13423988,-0.2185038,-0.1313859,-0.114121355,-0.13138857,-0.1342297,-0.13423458,-0.22984435,-0.13140205,-0.13422105,-0.08963354,-0.13132921,-0.13420644,-0.13421836,-0.13421986,-0.13302092,-0.1051107,-0.14014931,-0.15141064,-0.15839578,-0.15615125,-0.14613561,-0.13139953,-0.12319561,-0.11031658,-0.13137327,-0.13424078,-0.13424045,-0.13424045,-0.1342408,-0.38518023,-0.11451449,-0.1313791,-0.15564899,5.6245193,-0.16636807,-0.13140306,-0.13418373,-0.12993515,-0.047159404,-0.1271219,-0.14016809,-0.14106366,-0.1313006,-0.19987361,4.003569,6.5170918,-0.13138756,-0.13421151,-0.12722544,-0.14610182,-0.2588673,-0.11016824,-0.13131703,-0.09132757,-0.12832497,-0.13684332,-0.16221203,-0.15659244,-0.109725624,-0.13122293,-0.1341742,-0.1342088,-0.13423239,-0.15740095,-0.19795567,-0.15106063,-0.07294749,-0.2039893,-0.13137937,-0.13420805,-0.104459345,-0.13110615,-0.17466888,-0.13176009,-0.1313852,-0.15109587,-0.10913184,-0.13126792,-0.05825615,-0.14326635,-0.17082691,-0.13134125,-0.18883844,-0.1314072,-0.31316653,-0.13139999,-0.16808087,-0.14331596,-0.1314018,-0.1342383,5.137244,-0.13140747,-0.22115314,-0.07562123,-0.086852394,-0.10702289,-0.060967896,-0.1266007,4.2876954,1.4697832,-0.22133875,-0.12812386,-0.0969081,-0.16398169,-0.12716047,3.6569533,-0.18846886,-0.11031133,-0.17755464,-0.0994983,-0.115196005,-0.13134226,-0.11662802,-0.19749595,-0.14526704,-0.12781724,0.9798833,-0.13134325,-0.13410085,-0.12434345,-0.11230643,-0.063823454,-0.13129279,-0.11419349,-0.10007019,-0.24483351,-0.13140786,-0.13423212,-0.16344379,-0.1759062,-0.12524253,-0.13139755,-0.0782174,-0.19187105,-0.18185812,-0.09859173,-0.11065883,-0.13116813,-0.13401178,-0.083404,-0.1213824,-0.13072303,-0.13855581,-0.19385117,-0.13138112,-0.13423616,-0.19487974,-0.23847799,-0.2432746,-0.11007311,-0.13126233,-0.13421565,-0.14520228,3.3795981,-0.13140735,-0.19813283,-0.11023974,-0.13136154,-0.060104962,-0.15931924,-0.13140604,1.4862102,-0.2868003,6.4200335,8.472234,8.402731,-0.13129464,4.009537,5.561081,3.5236962,-0.125103,-0.15657571,-0.15690626,-0.13140506,-0.13423787,-0.16221246,-0.22200036,-0.11036302,-0.2814266,-0.13140814,-0.1915083,5.223296,1.5033805,-0.1313433,-0.13369927,-0.12557748,-0.1314028,-0.18106565,-0.13140796,1.5103056,-0.13136595,5.0337977,-0.13132763,3.3619215,2.4325705,-0.13139874,-0.13422918,-0.18915205,-0.11030638,-0.13140234,-0.10481856,-0.1650517,-0.13140064,-0.13423929,-0.13421741,-0.11000185,-0.13133356,-0.13421482,-0.13420847,-0.13421664,-0.13422278,6.0191097,-0.17392421,-0.13139743,-0.13423422,-0.13422695,-0.13423459,-0.2025511,-0.15354379,4.50605,-0.13067439,1.8291414,-0.10471026,-0.11893196,-0.13140012,-0.13418177,-0.11027819,-0.19501048,-0.13140565,-0.18738703,-0.11705899,-0.17429145,-0.1313985,-0.06652963,-0.1312265,-0.10737923,-0.124497145,-0.15298569,-0.052188452,-0.26007295
k__Bacteria|p__Actinobacteria|c__Actinomycetia|o__Bifidobacteriales|f__Bifidobacteriaceae|g__Bifidobacterium|s__Bifidobacterium_bifidum,-0.1004395,-0.12316422,-0.12937352,-0.13211808,-0.13211825,-0.23867357,-0.1666669,-0.16813041,-0.10929718,-0.22895765,-0.23728925,-0.12937644,-0.22850217,-0.3768707,4.3492804,-0.12912787,7.9293423,-0.12904415,-0.13208017,7.2697906,7.558801,-0.10887541,-0.12935472,-0.12711628,-0.20043859,-0.11658599,-0.182019,-0.25032333,-0.1509206,-0.12935802,-0.15142563,-0.10844302,-0.18249588,1.2165576,-0.12936853,-0.108988956,-0.12937495,-0.22338755,-0.12937665,-0.29867563,-0.1293767,-0.29356226,-0.1085798,-0.1292875,-0.13691942,-0.12937325,-0.23188588,-0.24781659,-0.1296162,-0.108992845,7.413659,7.394716,7.0146384,5.876672,4.95382,8.044545,-0.11894142,-0.12932336,-0.040142577,-0.056944285,-0.12893775,-0.11274739,-0.13743341,-0.10892392,-0.12936357,-0.13211536,-0.1321181,-0.1321185,6.3300033,-0.12935287,-0.10892493,-0.16243835,6.923676,7.0737257,-0.12935573,-0.15887658,-0.14481027,-0.10897977,7.26446,6.877035,-0.12936927,-0.13210514,-0.1321121,-0.13207325,-0.120334074,-0.13700745,-0.08858878,-0.12936562,-0.19008024,-0.12937248,-0.2004665,-0.11139822,8.9813795,-0.13027036,-0.1074974,7.6510067,-0.12931336,-0.13193572,-0.10065024,-0.08152827,-0.09427856,-0.12934361,-0.11960925,-0.15027548,-0.16982608,-0.1185138,-0.12935421,-0.13211438,-0.17738779,-0.15176103,-0.12937425,-0.25953975,-0.17989698,6.486274,-0.1293725,6.1233807,7.309711,6.7755623,-0.1293607,-0.09015879,-0.12919198,-0.12151222,-0.121854745,-0.13997786,-0.21433522,-0.13908121,-0.16057305,-0.12932867,-0.07092635,-0.12899059,-0.13165624,-0.18733518,-0.12922214,-0.10891943,-0.12334781,8.480226,-0.12934774,8.448959,-0.25318068,-0.26654312,-0.1084716,-0.10945694,-0.12934223,-0.09238048,-0.20963459,-0.12937263,-0.13206884,-0.10863228,-0.12932937,-0.16015086,-0.1553517,-0.12937531,-0.19704957,6.639249,-0.10830727,-0.10460003,-0.11361031,-0.10256614,-0.12937073,-0.19495486,-0.12935632,-0.1085906,-0.1292769,-0.041086134,-0.12967405,-0.1293746,-0.2300741,-0.12936181,-0.10384405,-0.12850864,5.3445663,-0.12928832,-0.12766197,-0.12930024,-0.121451,-0.075820275,-0.09192432,-0.101488546,-0.12921272,-0.13206041,-0.12378413,-0.1292829,-0.1410757,-0.13984437,-0.18093297,-0.12937605,-0.25777104,-0.12844054,-0.12932189,-0.13462572,-0.119081676,-0.12935805,-0.13211566,-0.13211665,-0.13211733,-0.19755594,-0.25103784,-0.20219928,-0.19465852,-0.24831252,-0.20506537,2.0027642,-0.12936713,-0.108753175,-0.11956477,-0.12936395,-0.13211347,-0.20931396,-0.18224281,-0.12935905,-0.32474133,-0.12937489,-0.13211891,-0.13211825,-0.13211803,6.321787,-0.12935846,-0.114121355,-0.1293603,-0.13211003,-0.13211359,-0.22984435,-0.12937108,-0.13210326,8.238135,-0.12931024,-0.13208911,-0.13210025,-0.13210067,-0.13302092,-0.1051107,-0.14014931,-0.15141064,-0.15839578,-0.15615125,-0.14613561,-0.12936883,-0.12319561,-0.10896338,-0.1293479,-0.13211882,-0.13211854,-0.13211854,-0.13211885,7.5884867,-0.11451449,-0.12935194,-0.15564899,-0.14443555,-0.16636807,-0.12937218,-0.13207385,-0.12993515,-0.047159404,-0.12589528,-0.14016809,-0.14106366,-0.12928632,-0.19987361,-0.1649412,-0.17166539,-0.12935883,-0.13209322,-0.12722544,-0.14610182,-0.2588673,-0.10884633,-0.1292989,-0.09132757,-0.12832497,-0.13684332,-0.16221203,-0.15659244,-0.10850229,-0.1292219,-0.13206235,-0.13209146,-0.13211167,-0.15740095,6.941317,-0.15106063,-0.07294749,-0.2039893,-0.12935257,-0.1320903,-0.104459345,-0.1291546,1.5516936,-0.13176009,-0.12935638,-0.15109587,-0.10913184,-0.12925866,-0.05825615,1.6297882,2.3984761,-0.1293205,7.233744,-0.12937558,6.8654995,-0.12936997,8.652443,-0.14331596,-0.12937099,-0.13211681,6.568371,-0.12937582,-0.22115314,-0.07562123,-0.086852394,-0.10702289,-0.060967896,-0.1254583,-0.16796505,-0.15746465,2.6838179,-0.12812386,-0.0969081,-0.16398169,1.8838302,6.4633727,1.5182124,-0.108959034,-0.17755464,-0.0994983,-0.115196005,-0.12932101,-0.11662802,-0.19749595,-0.14526704,-0.12781724,-0.096878245,-0.12932023,-0.13200003,-0.12434345,-0.11230643,8.438824,-0.12927866,8.576939,8.697846,7.175548,-0.12937611,-0.13211197,8.872286,8.457828,7.4093513,-0.12936728,8.636203,8.478475,7.9367294,1.9817625,-0.11065883,-0.12917139,-0.13192445,-0.083404,-0.1213824,-0.13072303,0.96385187,-0.19385117,-0.12935413,-0.13211487,-0.19487974,1.2140033,7.0172834,-0.10876071,-0.12925303,-0.13209787,-0.14520228,-0.2961179,-0.12937567,-0.19813283,-0.10890268,-0.12933765,9.785781,-0.15931924,-0.12937464,6.942275,7.5204096,-0.11816878,-0.14795661,-0.10060286,-0.12928215,-0.13614628,-0.20725825,-0.17393659,-0.125103,-0.15657571,-0.15690626,-0.12937379,-0.13211632,-0.16221246,-0.22200036,-0.10900189,-0.2814266,-0.12937637,-0.1915083,-0.24371436,-0.16952515,-0.12932563,-0.13369927,-0.12557748,-0.12937194,-0.18106565,-0.1293762,-0.18642783,-0.12934339,-0.30462334,-0.12931037,-0.14691104,-0.13029914,-0.12936845,-0.13210887,-0.18915205,-0.10895401,-0.12937143,-0.10481856,-0.1650517,-0.12937023,-0.13211757,-0.13210055,-0.10870761,-0.12931274,-0.13209748,-0.13209182,-0.13209888,-0.13210347,-0.16505513,-0.17392421,-0.1293675,-0.13211322,-0.13210721,-0.13211352,-0.2025511,-0.15354379,8.628644,-0.12878229,7.153302,7.894905,9.314072,-0.12936962,-0.13207206,-0.108929455,-0.19501048,-0.12937436,-0.18738703,-0.11705899,-0.17429145,-0.1293686,1.9031718,-0.12922105,-0.10737923,8.100642,7.9124312,-0.052188452,6.8452234
k__Bacteria|p__Actinobacteria|c__Actinomycetia|o__Actinomycetales|f__Actinomycetaceae|g__Actinomyces|s__Actinomyces_sp_ph3,-0.1004395,2.1289694,-0.11588667,-0.11835307,-0.118353024,1.0120465,-0.1666669,5.2718263,3.8903153,3.8050532,3.5133352,-0.11588611,1.1465111,1.2982844,-0.08556121,-0.11592235,-0.058144663,-0.11595121,-0.11835995,-0.19931981,-0.1978925,-0.09757909,-0.11589032,-0.12711628,-0.20043859,-0.11658599,-0.182019,-0.25032333,1.8778161,-0.11588986,3.04642,-0.10844302,2.2899928,-0.28454733,-0.11588755,-0.09756586,-0.11588641,-0.22338755,-0.11588608,-0.29867563,-0.11588606,-0.29356226,-0.09759277,-0.115903325,-0.13691942,-0.11588675,-0.23188588,-0.24781659,1.6784006,-0.097565845,-0.24679694,-0.18279888,-0.25087595,-0.26027086,-0.28621647,-0.27511892,-0.11894142,-0.1158956,-0.040142577,-0.056944285,-0.11597681,-0.11274739,0.69455373,-0.097572625,-0.11588865,-0.118353635,-0.118353054,-0.11835298,-0.27573854,-0.11588871,-0.09757326,2.5077236,1.320365,-0.14074792,-0.11589039,-0.15887658,-0.14481027,-0.097567335,4.659208,1.1583521,-0.11588748,-0.1183556,-0.11835423,-0.118359536,-0.120334074,0.6823301,-0.08858878,-0.11588825,-0.19008024,-0.11588692,-0.2004665,-0.11139822,1.9078693,-0.13027036,-0.1074974,-0.15152657,-0.11589882,-0.11836296,-0.10065024,-0.08152827,-0.09427856,-0.11589247,-0.11960925,-0.15027548,1.2415816,4.50031,-0.115890324,-0.11835384,2.5030477,2.068966,-0.115886554,2.1571448,1.4637142,0.9053063,-0.1158869,2.4424086,3.042675,-0.2009549,-0.11588848,-0.09015879,-0.11592207,-0.12151222,-0.121854745,-0.13997786,-0.21433522,-0.13908121,-0.16057305,-0.11589534,-0.07092635,-0.11595656,-0.11844759,-0.18733518,-0.115915924,-0.09756324,-0.12334781,-0.14100276,-0.115891755,-0.114095174,2.9357855,-0.26654312,-0.097582325,-0.10945694,-0.115892835,-0.09238048,-0.20963459,-0.11588688,-0.11836128,-0.09757228,-0.11589447,-0.16015086,-0.1553517,-0.11588634,-0.19704957,-0.20616047,-0.097560644,-0.10460003,-0.11361031,-0.10256614,-0.11588729,-0.19495486,-0.11588985,-0.09756859,-0.115905814,-0.041086134,-0.12967405,-0.115886495,-0.2300741,-0.115888886,-0.10384405,-0.116027996,-0.0784167,-0.11590102,-0.12766197,-0.11590073,-0.121451,-0.075820275,-0.09192432,-0.101488546,-0.11591621,-0.11836426,-0.12378413,-0.11589127,-0.1410757,1.2833977,0.87324756,-0.11588618,-0.25777104,-0.12844054,-0.11589201,-0.13462572,2.8382053,-0.115889676,-0.1183535,-0.11835334,-0.11835319,-0.19755594,1.1909695,3.1422913,1.1830376,1.3205619,-0.20506537,-0.22091979,-0.11588776,-0.09757216,-0.11956477,-0.11588862,-0.11835402,-0.20931396,-0.18224281,-0.11588825,-0.32474133,-0.11588644,-0.118352905,-0.118353024,-0.11835307,-0.2185038,-0.11588689,-0.114121355,-0.11588903,-0.11835469,-0.11835392,2.575659,-0.11588718,-0.11835204,-0.08963354,-0.1158977,-0.11835867,-0.1183566,-0.118356556,4.4765134,1.9944572,4.6404743,4.9450293,1.9086679,1.1197909,3.2825265,-0.11588765,-0.12319561,-0.09757068,-0.115892015,-0.11835292,-0.11835298,-0.118352994,-0.118352905,1.7942729,-0.11451449,-0.11589113,-0.15564899,1.1159443,-0.16636807,-0.11588699,-0.11836144,-0.12993515,-0.047159404,-0.11661278,1.3430327,-0.14106366,-0.115904704,-0.19987361,-0.1649412,3.5876799,-0.11588971,-0.11835812,-0.12722544,-0.14610182,-0.2588673,-0.09757845,-0.11590065,-0.09132757,-0.12832497,-0.13684332,-0.16221203,-0.15659244,-0.09752596,-0.11591108,-0.11836356,-0.11835824,-0.11835432,1.2111884,0.95273054,2.524592,1.0086895,2.0805612,-0.115890846,-0.11835821,-0.104459345,-0.115842536,2.3311787,-0.13176009,-0.1158902,1.5099742,2.7688076,-0.11590499,-0.05825615,3.7531683,2.9627755,-0.115897305,-0.18883844,-0.115886286,-0.31316653,-0.11588732,-0.16808087,-0.14331596,-0.115887225,-0.11835331,3.3609357,-0.115886234,-0.22115314,2.6348355,-0.086852394,-0.10702289,-0.060967896,-0.11669807,-0.16796505,2.6946588,0.7546268,-0.12812386,-0.0969081,1.6710829,-0.12716047,-0.11335766,-0.18846886,-0.09757037,4.3276715,3.4376059,-0.115196005,-0.115897134,-0.11662802,-0.19749595,0.8058668,-0.12781724,2.230871,-0.1158967,-0.118375465,2.9819632,-0.11230643,-0.063823454,-0.11590344,-0.11419349,-0.10007019,-0.24483351,-0.1158862,-0.11835423,-0.16344379,2.3206315,-0.12524253,-0.115888014,-0.0782174,-0.19187105,-0.18185812,-0.09859173,-0.11065883,-0.1159268,-0.118391275,-0.083404,-0.1213824,-0.13072303,-0.13855581,-0.19385117,-0.11589058,-0.118353695,-0.19487974,1.54132,1.772692,-0.09758511,-0.11590977,-0.11835709,-0.14520228,2.0168633,-0.115886286,-0.19813283,-0.09757322,-0.11589345,-0.060104962,-0.15931924,-0.11588648,-0.2028091,0.6071783,-0.11816878,0.8177294,2.9860904,-0.11590473,-0.13614628,-0.20725825,0.72348136,1.7615004,2.290117,3.769139,-0.11588663,-0.11835341,-0.16221246,-0.22200036,-0.09756429,3.856232,-0.11588615,1.4646866,-0.24371436,2.3441477,-0.11589192,-0.13369927,-0.12557748,-0.11588703,-0.18106565,-0.11588617,-0.18642783,-0.1158911,2.753977,-0.11589974,-0.14691104,-0.13029914,-0.115887746,-0.1183549,-0.18915205,-0.097571254,-0.11588711,-0.10481856,-0.1650517,-0.11588738,-0.11835317,-0.118356064,-0.09758404,-0.11589872,-0.11835715,-0.11835797,-0.11835678,-0.11835545,-0.16505513,2.6887345,-0.115887895,-0.11835405,-0.118355274,-0.11835396,2.2860844,-0.15354379,4.059996,-0.11600909,1.5703764,-0.10471026,-0.11893196,-0.115887485,-0.11836012,-0.09757464,1.7941188,-0.11588655,1.2665355,-0.11705899,-0.17429145,-0.1158873,-0.06652963,-0.1159144,-0.10737923,-0.124497145,-0.15298569,-0.052188452,-0.26007295
k__Bacteria|p__Actinobacteria|c__Actinomycetia|o__Bifidobacteriales|f__Bifidobacteriaceae|g__Bifidobacterium|s__Bifidobacterium_breve,9.550378,9.5657425,1.9979875,2.0409079,2.0409107,7.0747237,5.5417094,8.5700035,7.013511,8.346833,8.200589,1.9980315,8.566289,6.9630494,9.386077,1.9941941,4.9666433,1.9929523,2.0403333,7.315554,6.7609515,1.6773313,1.9977012,8.919564,8.205,-0.11658599,5.3139462,8.036138,-0.1509206,1.997754,-0.15142563,-0.10844302,-0.18249588,-0.28454733,1.9979086,1.6791914,1.9980092,-0.22338755,1.998035,-0.29867563,1.9980354,-0.29356226,1.6723181,1.996691,8.594517,1.9979832,7.3486066,2.779058,-0.1296162,1.6792564,-0.24679694,-0.18279888,-0.25087595,-0.26027086,-0.28621647,-0.27511892,9.509041,1.9972218,-0.040142577,-0.056944285,1.9914596,6.686187,6.857233,1.6781275,1.997838,2.0408666,2.0409088,2.0409145,3.7095535,1.9976635,1.6781564,-0.16243835,-0.12334165,-0.14074792,1.9977183,-0.15887658,-0.14481027,1.6790384,7.7491603,7.640115,1.9979228,2.0407124,2.0408185,2.040207,-0.120334074,-0.13700745,-0.08858878,1.9978675,-0.19008024,1.9979715,-0.2004665,7.3476286,-0.1388583,6.7967095,6.318182,5.455498,1.9970747,2.037922,8.949341,9.388129,9.551984,1.9975313,9.321301,5.941249,7.297364,0.7613471,1.9976964,2.040852,1.5451778,-0.15176103,1.9979987,5.0276036,1.6110812,8.13343,1.9979719,1.2185735,3.41894,5.741457,1.9977899,-0.09015879,1.9952197,-0.12151222,-0.121854745,-0.13997786,-0.21433522,7.0217676,9.282242,1.9973035,8.836282,1.9921639,2.0340395,6.3494253,1.9957352,1.6779641,9.172641,8.896739,1.9975967,9.083356,6.824268,6.29066,1.6704345,8.983523,1.9975114,9.732988,8.564297,1.9979742,2.0401578,1.6731253,1.9973178,-0.16015086,9.080139,1.9980148,8.072004,7.3223505,1.66752,-0.10460003,-0.11361031,-0.10256614,1.9979451,-0.19495486,1.99772,1.6723026,1.9965162,8.220162,7.7903523,1.9980044,7.290656,1.9978054,-0.10384405,1.9847991,-0.0784167,1.9966903,-0.12766197,1.996874,-0.121451,-0.075820275,1.447623,-0.101488546,1.9955324,2.0400293,5.515912,1.9965305,1.4118288,7.897235,8.004993,1.9980257,6.842089,5.7451296,1.9971684,-0.13462572,-0.119081676,1.997751,2.0408711,2.0408864,2.0408964,-0.19755594,-0.25103784,-0.20219928,-0.19465852,-0.24831252,-0.20506537,-0.22091979,1.9978905,1.6751521,-0.11956477,1.9978417,2.0408387,-0.20931396,-0.18224281,1.9977622,-0.32474133,1.9980081,2.0409207,2.0409107,2.0409074,6.920718,1.9977484,-0.114121355,1.9977889,2.0407887,2.0408401,-0.22984435,1.9979496,2.0406675,-0.08963354,1.997025,2.0404656,2.04064,2.0406423,-0.13302092,-0.1051107,-0.14014931,-0.15141064,-0.15839578,-0.15615125,-0.14613561,1.9979155,-0.12319561,1.6787913,1.9976063,2.0409193,2.040915,2.040915,2.0409195,3.558439,8.398793,1.9976623,7.539845,8.896937,5.703378,1.9979678,2.0402448,-0.12993515,1.6779047,1.9462974,-0.14016809,-0.14106366,1.9966762,-0.19987361,-0.1649412,-0.17166539,1.9977647,2.0405278,7.949032,7.0842657,4.5414333,1.6767986,1.9968464,9.60522,8.069604,9.346591,9.234023,7.5369763,1.6707852,1.9956751,2.040059,2.040503,2.0408103,5.931225,6.7876997,1.2757541,-0.07294749,-0.2039893,1.9976727,2.040482,-0.104459345,1.9941134,2.628026,4.727944,1.9977255,6.867592,6.402295,1.9962242,-0.05825615,0.8300479,-0.17082691,1.9971889,-0.18883844,1.998019,-0.31316653,1.9979358,-0.16808087,4.709546,1.9979489,2.0408893,6.629655,1.9980223,7.799139,-0.07562123,-0.086852394,-0.10702289,-0.060967896,1.9396367,-0.16796505,-0.15746465,2.2430222,-0.12812386,-0.0969081,-0.16398169,9.262747,9.499325,5.8328323,1.678709,-0.17755464,1.0308168,-0.115196005,1.9971939,-0.11662802,-0.19749595,9.1224,9.239458,9.305257,1.9971712,2.0391097,-0.12434345,9.445001,9.502182,1.9965386,9.179919,9.030457,8.022074,1.9980266,2.0408149,7.8111486,8.319597,6.333363,1.9978925,1.6221511,5.250448,5.593672,2.7032814,-0.11065883,1.9949157,2.037969,-0.083404,-0.1213824,-0.13072303,1.657232,4.9209757,1.997697,2.0408592,5.9564896,2.0850458,6.875581,1.6754906,1.9961567,2.0406036,-0.14520228,-0.2961179,1.9980199,-0.19813283,1.6777567,1.9974444,-0.060104962,8.964594,1.9980047,5.920776,2.44181,-0.11816878,-0.14795661,-0.10060286,1.996609,8.39851,7.842434,6.0135193,-0.125103,5.270221,7.430798,1.9979916,2.0408816,4.706306,-0.22200036,1.6793977,1.6267059,1.9980304,-0.1915083,-0.24371436,-0.16952515,1.9972334,9.002938,9.224321,1.9979638,7.7167015,1.9980283,5.8808875,1.9975259,1.6328965,1.9970446,-0.14691104,-0.13029914,1.997911,2.0407684,-0.18915205,1.6786284,1.9979552,9.673122,7.8859787,1.9979386,2.0409005,2.040638,1.6745666,1.9970624,2.040599,2.0405104,2.0406194,2.0406842,7.5075517,-0.17392421,1.9978973,2.0408342,2.0407443,2.0408387,1.3397434,-0.15354379,-0.14723541,1.989193,-0.11499533,-0.10471026,-0.11893196,1.9979284,2.0401998,1.6782382,8.197136,1.9980005,5.8901615,7.040962,7.2076526,1.9979075,9.595554,1.995652,9.501135,9.144088,8.0385,9.816222,6.7740965
k__Bacteria|p__Actinobacteria|c__Actinomycetia|o__Bifidobacteriales|f__Bifidobacteriaceae|g__Bifidobacterium|s__Bifidobacterium_longum,5.628901,2.7202682,5.1134033,5.223314,5.2233214,8.654539,6.3970537,-0.16813041,-0.10929718,-0.22895765,-0.23728925,5.1135283,-0.22850217,-0.3768707,8.15169,5.1027,9.634183,5.099493,5.2216787,8.516097,7.0766516,4.291939,5.1125994,-0.12711628,-0.20043859,-0.11658599,-0.182019,-0.25032333,-0.1509206,5.112733,-0.15142563,-0.10844302,-0.18249588,7.2180142,5.11317,4.297056,5.1134663,-0.22338755,5.1135383,5.612407,5.1135397,5.4058127,4.2782726,5.10966,5.4618077,5.113394,7.103618,3.8654654,3.1206133,4.2972293,6.242772,7.1282682,6.868304,5.5087786,6.4220605,6.911378,3.4484177,5.111249,-0.040142577,-0.056944285,5.094744,8.402393,9.404781,4.294093,5.1129713,5.223199,5.2233157,5.2233324,6.9210224,5.112447,4.2941656,-0.16243835,8.4298525,8.945187,5.11265,8.953636,9.305574,4.296637,5.283117,4.731172,5.1132226,5.222762,5.223055,5.221203,-0.120334074,-0.13700745,-0.08858878,5.1130686,-0.19008024,5.1133604,6.544391,-0.11139822,-0.1388583,1.3477871,8.405896,8.771127,5.1108503,5.214465,-0.10065024,-0.08152827,-0.09427856,5.1121283,-0.11960925,-0.15027548,-0.16982608,-0.1185138,5.112567,5.223156,8.300845,7.364992,5.113435,7.1875787,0.87331903,3.9038985,5.1133623,6.6450753,8.4910145,7.463198,5.112795,9.3925,5.1057014,8.621005,9.109179,-0.13997786,4.4594913,9.426231,-0.16057305,5.1114945,-0.07092635,5.0969515,5.203306,-0.18733518,5.106702,4.293648,7.474382,6.755276,5.1123066,7.3868656,-0.25318068,7.256452,4.273075,-0.10945694,5.1120744,-0.09238048,5.7062006,5.113368,5.221034,4.280368,5.111491,9.030365,-0.1553517,5.113481,-0.19704957,-0.20616047,4.264898,8.677411,9.593109,-0.10256614,5.113289,7.9669967,5.112628,4.2780843,5.109296,-0.041086134,-0.12967405,5.113449,-0.2300741,5.112866,9.493213,5.0761213,9.698912,5.1097207,9.513058,5.1102777,8.489372,8.046293,8.745338,8.880859,5.106516,5.220863,9.088423,5.1090345,-0.1410757,-0.13984437,-0.18093297,5.113512,4.500892,4.982273,5.111006,-0.13462572,-0.119081676,5.112751,5.2232094,5.2232533,5.223282,8.20863,-0.25103784,-0.20219928,7.6313167,4.507528,2.4196708,4.995999,5.1131153,4.2858906,-0.11956477,5.112999,5.223117,-0.20931396,-0.18224281,5.1127377,-0.32474133,5.113464,5.2233505,5.2233224,5.2233124,8.988874,5.1126842,-0.114121355,5.112827,5.2229605,5.22312,-0.22984435,5.1133018,5.222583,6.5404363,5.1106677,5.222089,5.2225475,5.22258,8.554591,4.7129116,8.836296,8.672374,9.037794,8.8794155,8.435515,5.113209,5.38943,4.29593,5.112301,5.2233458,5.223334,5.223334,5.2233467,3.9132745,8.016475,5.112484,8.411649,7.5051794,7.5871367,5.113346,5.2213397,-0.12993515,2.1167896,4.963336,-0.14016809,-0.14106366,5.109687,6.764966,8.430639,5.806661,5.112781,5.222271,8.223353,7.9913588,6.326708,4.29051,5.1102114,-0.09132757,0.83256704,-0.13684332,-0.16221203,-0.15659244,4.2739487,5.1068,5.2209296,5.222181,5.2230406,9.038413,7.9464674,9.251139,9.57048,8.030501,5.112502,5.222138,9.286836,5.1019664,-0.17466888,-0.13176009,5.1126847,-0.15109587,-0.10913184,5.1084094,-0.05825615,-0.14326635,6.2879467,5.111135,6.907309,5.1134925,4.634679,5.113242,-0.16808087,-0.14331596,5.1132965,5.2232585,4.7534914,5.113502,8.294909,-0.07562123,-0.086852394,-0.10702289,-0.060967896,4.944747,-0.16796505,8.166744,-0.22133875,-0.12812386,-0.0969081,1.2528589,7.910254,7.02607,-0.18846886,4.295719,-0.17755464,9.645575,9.589111,5.1111593,9.308713,9.072118,6.673681,6.9024134,7.006127,5.111143,5.2182693,-0.12434345,-0.11230643,5.927262,5.1093254,7.083947,7.7431517,7.4946704,5.1135154,5.223031,7.5941358,8.214632,9.475168,5.113141,8.944877,8.560012,9.105025,0.86295885,-0.11065883,5.104822,5.2150626,-0.083404,-0.1213824,7.188265,-0.13855581,-0.19385117,5.112567,5.223177,7.983882,4.688919,8.105277,4.286843,5.1082544,5.2224464,-0.14520228,-0.2961179,5.113497,-0.19813283,4.293087,5.1118546,-0.060104962,-0.15931924,5.113451,8.634714,7.5433645,-0.11816878,-0.14795661,-0.10060286,5.109472,8.828136,8.953168,8.8894615,8.888284,9.459496,9.369358,5.113415,5.22324,2.5969567,-0.22200036,4.2976213,2.442534,5.113526,5.4122896,-0.24371436,-0.16952515,5.111139,-0.13369927,-0.12557748,5.1133347,8.488132,5.113519,7.3704777,5.1120176,7.7049203,5.110688,9.216153,9.252579,5.113188,5.2229233,6.869192,4.2955065,5.1133146,-0.10481856,8.555131,5.1132607,5.2232924,5.222498,4.284338,5.11082,5.2224245,5.222184,5.222485,5.222683,9.089241,7.0898447,5.113144,5.2231083,5.22285,5.2231207,6.4256773,8.960501,-0.14723541,5.0878615,-0.11499533,-0.10471026,-0.11893196,5.1132374,5.221202,4.2944593,7.927436,5.1134377,7.1779447,8.176311,7.934561,5.1131563,8.126124,5.1068697,0.8920963,6.4126997,6.71637,5.7870383,7.5592165
k__Bacteria|p__Actinobacteria|c__Coriobacteriia|o__Eggerthellales|f__Eggerthellaceae|g__Eggerthella|s__Eggerthella_lenta,5.413851,4.654266,-0.051940095,-0.053072575,-0.05307292,4.9140983,4.0457077,6.749485,5.0383415,6.1289425,5.70532,-0.051946744,5.900103,5.4889174,3.9679668,-0.051385984,5.604461,-0.051233836,-0.052986644,3.1092596,4.669748,-0.043270655,-0.05189847,4.1151667,4.1473117,-0.11658599,4.279117,3.1592352,-0.1509206,-0.05190455,-0.15142563,-0.10844302,-0.18249588,-0.28454733,-0.05192709,-0.043531775,-0.051943503,3.4588695,-0.051947244,5.3462224,-0.051947333,3.052162,-0.042580165,-0.051740408,-0.13691942,-0.051939808,-0.23188588,-0.24781659,3.3116252,-0.043540284,2.4305763,3.1910107,2.759495,2.1276386,-0.28621647,0.8950813,2.7118711,-0.051828265,-0.040142577,3.3355975,-0.050957873,-0.11274739,-0.13743341,-0.043379955,-0.05191715,-0.05306662,-0.053072598,-0.053073492,3.6237762,-0.05188761,-0.043381892,4.410014,1.6899496,3.0356395,-0.051901277,3.6001167,6.0663033,-0.04351022,-0.18691605,-0.14998752,-0.051930867,-0.053043827,-0.053058755,-0.052953668,-0.120334074,-0.13700745,-0.08858878,-0.051922917,-0.19008024,-0.051938035,3.5320568,-0.11139822,4.3608146,-0.13027036,-0.1074974,1.1865757,-0.051808637,-0.052586753,-0.10065024,-0.08152827,3.2535973,-0.05187442,3.9670472,3.8772511,2.9510005,-0.1185138,-0.0518957,-0.053064376,-0.17738779,-0.15176103,-0.051941834,-0.25953975,-0.17989698,-0.13525523,-0.051938146,-0.15095688,3.47913,2.3615682,-0.05190512,-0.09015879,-0.051545538,-0.12151222,-0.121854745,-0.13997786,1.9516146,6.287257,-0.16057305,-0.051841974,-0.07092635,-0.051084533,-0.0519992,4.124412,-0.051572837,-0.04335679,5.3318343,3.508391,-0.05188352,6.099254,6.113314,5.0713153,-0.042336702,-0.10945694,-0.051871832,-0.09238048,-0.20963459,-0.05193846,-0.052943114,-0.042694867,-0.051839452,-0.16015086,2.9401624,-0.051944263,-0.19704957,2.4675143,-0.04190206,6.1728,5.8369675,-0.10256614,-0.051934473,-0.19495486,-0.051897988,-0.04257818,-0.051729143,-0.041086134,3.4756207,-0.051942438,5.0366173,-0.051910132,-0.10384405,-0.050006554,-0.0784167,-0.051747333,-0.12766197,-0.051778585,-0.121451,-0.075820275,-0.09192432,-0.101488546,-0.051584158,-0.05294663,4.638292,-0.05169592,-0.1410757,-0.13984437,-0.18093297,-0.051945914,6.004351,3.159536,-0.051808454,-0.13462572,0.96992534,-0.051907033,-0.053067088,-0.05306937,-0.053070854,4.9100103,-0.25103784,-0.20219928,6.112436,4.036851,4.152833,3.808318,-0.051924158,-0.042970993,-0.11956477,-0.051919505,-0.053062227,5.2437162,-0.18224281,-0.051903293,3.3595939,-0.051943436,-0.053074453,-0.053073015,-0.05307251,5.0403943,-0.051899515,-0.114121355,-0.05190922,-0.053053267,-0.053062346,4.324579,-0.05193516,-0.053030476,2.9112012,-0.05179657,-0.05301,-0.0530321,-0.053035248,3.2484498,-0.1051107,-0.14014931,-0.15141064,-0.15839578,-0.15615125,-0.14613561,-0.051930495,-0.12319561,-0.043473285,-0.051881425,-0.0530742,-0.053073574,-0.053073596,-0.05307426,4.3558927,-0.11451449,-0.051892295,-0.15564899,3.3280046,2.7027512,-0.05193705,-0.052963424,-0.12993515,-0.047159404,-0.043921776,4.742799,5.0127068,-0.05174611,5.0468087,5.0904784,3.2967968,-0.051908188,-0.053019863,-0.12722544,4.977558,5.193706,-0.043204643,-0.051775526,-0.09132757,-0.12832497,-0.13684332,-0.16221203,-0.15659244,-0.042378217,-0.051591836,-0.052948985,-0.053014126,-0.05305839,-0.15740095,-0.19795567,-0.15106063,-0.07294749,2.529747,-0.0518926,-0.05301274,-0.104459345,-0.05130796,-0.17466888,-0.13176009,-0.051903915,-0.15109587,-0.10913184,-0.05167916,-0.05825615,2.9014804,4.9236045,-0.051821392,4.4857106,-0.05194481,2.8950672,-0.05193097,-0.16808087,-0.14331596,-0.051934704,-0.05306952,5.02232,-0.051945284,3.0891256,5.227738,4.358643,4.615614,-0.060967896,-0.042962562,-0.16796505,-0.15746465,-0.22133875,-0.12812386,-0.0969081,-0.16398169,-0.12716047,-0.11335766,-0.18846886,-0.043463245,-0.17755464,-0.0994983,-0.115196005,-0.051823206,-0.11662802,4.1064334,5.0958366,4.423504,-0.096878245,-0.05182481,-0.05281171,-0.12434345,-0.11230643,-0.063823454,-0.05172866,4.399495,1.7150455,2.954761,-0.05194606,-0.05305639,4.854194,4.448131,4.6085844,-0.051926836,-0.0782174,5.5534053,2.1318014,-0.09859173,-0.11065883,-0.05149888,-0.05264582,-0.083404,-0.1213824,-0.13072303,-0.13855581,-0.19385117,-0.05189579,-0.05306546,3.5041466,2.8657835,4.86536,-0.0430163,-0.05167336,-0.053026974,-0.14520228,-0.2961179,-0.05194509,1.9616275,-0.043329023,-0.051858645,4.198094,7.201817,-0.05194261,4.128198,3.0041485,-0.11816878,-0.14795661,-0.10060286,-0.051733404,-0.13614628,-0.20725825,6.2443194,-0.125103,5.294876,5.2045593,-0.05194075,-0.053068724,2.6273093,-0.22200036,-0.043560512,-0.2814266,-0.05194658,-0.1915083,5.597172,4.5753646,-0.051812388,2.2897003,3.7113025,-0.05193652,4.1836953,-0.051946253,3.568203,-0.05186252,4.772783,-0.051796183,3.739067,3.4130077,-0.051929012,-0.053052444,6.9230733,-0.043452274,-0.051935636,4.284099,4.895006,-0.05193252,-0.053071406,-0.053026177,-0.04290068,-0.051807314,-0.053025354,-0.05301335,-0.053028625,-0.053039584,-0.16505513,-0.17392421,-0.05192647,-0.053061944,-0.053048316,-0.0530626,-0.2025511,-0.15354379,-0.14723541,-0.050573934,-0.11499533,-0.10471026,-0.11893196,-0.05193153,-0.05295482,-0.04340159,-0.19501048,-0.05194188,-0.18738703,-0.11705899,-0.17429145,-0.05192542,-0.06652963,-0.05160346,5.6161923,3.0319366,3.638997,-0.052188452,4.839496
k__Bacteria|p__Actinobacteria|c__Actinomycetia|o__Micrococcales|f__Micrococcaceae|g__Rothia|s__Rothia_mucilaginosa,-0.1004395,4.18723,1.74407,1.7814968,1.7814972,1.7810875,-0.1666669,4.624772,3.0735743,3.2712486,5.1158338,1.7440765,1.9051237,3.2428746,-0.08556121,1.7434893,-0.058144663,1.7433245,1.781414,1.0106641,-0.1978925,1.465769,1.7440283,1.1761873,-0.20043859,3.3601658,3.0236773,2.5959585,3.6390858,1.7440362,4.5474663,-0.10844302,1.9185997,1.3432795,1.7440579,1.4660747,1.7440732,4.3760653,1.744077,2.8365278,1.744077,2.3564713,1.4648592,1.7438833,2.6780865,1.7440693,2.2127044,2.9166183,-0.1296162,1.4660854,4.4816713,2.4769673,2.9081228,1.6661625,1.7254361,-0.27511892,3.3692024,1.7439586,1.5291191,-0.056944285,1.7431333,2.3433115,3.777703,1.4658976,1.7440487,1.7814908,1.781497,1.7814977,1.7309177,1.7440207,1.4659066,1.9026892,0.77511096,-0.14074792,1.744031,-0.15887658,-0.14481027,1.4660501,4.7986484,3.6134858,1.7440608,1.7814686,1.7814841,1.7813873,4.441559,2.8668132,1.0854251,1.7440526,1.1792727,1.7440677,2.5992334,-0.11139822,2.8901672,3.7833323,-0.1074974,1.1245348,1.743937,1.7809622,2.168648,0.6751321,-0.09427856,1.7440035,2.3919792,2.978999,-0.16982608,4.3915825,1.7440283,1.7814887,2.9171312,5.6139026,1.7440717,2.3789563,4.2323933,3.013984,1.7440677,3.3349466,4.6651855,3.1210377,1.7440403,1.8171898,1.7436645,1.3682503,1.5476024,-0.13997786,-0.21433522,1.7937332,2.6655068,1.74397,-0.07092635,1.7432109,1.7805204,-0.18733518,1.7437451,1.4658555,2.4315403,3.6755662,1.7440133,-0.114095174,2.9749472,2.063067,1.464442,1.4666619,1.7440006,-0.09238048,0.9318539,1.744068,1.7813853,1.4649441,1.7439731,2.594164,3.0845077,1.744074,1.7281457,-0.20616047,1.4639316,-0.10460003,-0.11361031,2.6102045,1.7440637,2.4611664,1.7440288,1.4647567,1.743853,-0.041086134,-0.12967405,1.7440724,-0.2300741,1.7440424,3.5447147,1.7420963,4.1774483,1.743882,2.8108366,1.7439076,3.9803553,4.8956356,4.606426,4.6279607,1.7437105,1.7813684,0.9376605,1.743826,3.998245,4.2818756,3.0272837,1.7440755,3.9907255,-0.12844054,1.7439426,1.2797878,2.5398362,1.7440355,1.7814915,1.7814937,1.7814952,-0.19755594,3.7040994,0.82029176,-0.19465852,-0.24831252,-0.20506537,-0.22091979,1.7440557,1.4653162,-0.11956477,1.7440486,1.7814867,-0.20931396,1.8461787,1.744036,4.512235,1.7440729,1.7814987,1.7814972,1.7814968,-0.2185038,1.7440352,2.5873513,1.7440422,1.7814801,1.781487,2.519613,1.7440645,1.7814627,-0.08963354,1.7439313,1.7814323,1.7814585,1.7814579,2.889502,4.520199,5.1443458,4.1015754,2.2023978,2.9466002,1.209591,1.7440593,1.7837075,1.4660127,1.7440157,1.7814984,1.781498,1.7814978,1.7814984,-0.38518023,3.9576054,1.7440231,5.2813845,2.0556724,1.6614442,1.7440674,1.7814015,2.689204,-0.047159404,1.7367107,2.4514792,-0.14106366,1.743881,-0.19987361,1.5188239,-0.17166539,1.7440376,1.781441,-0.12722544,-0.14610182,-0.2588673,1.4656501,1.7439027,-0.09132757,2.1819568,-0.13684332,2.5492408,3.2566414,1.4644206,1.7437356,1.7813735,1.7814379,1.7814827,2.4328504,0.8705826,3.3145666,1.1894042,3.249636,1.7440249,1.7814345,0.9504939,1.7433071,6.168647,2.0487077,1.7440315,3.2459555,4.257066,1.743809,3.9411006,4.5071607,0.8364717,1.7439549,-0.18883844,1.7440746,-0.31316653,1.7440629,-0.16808087,5.158739,1.7440645,1.7814941,1.5382061,1.7440751,-0.22115314,-0.07562123,-0.086852394,-0.10702289,-0.060967896,1.7357523,-0.16796505,-0.15746465,4.0558567,4.244929,1.2630979,3.8843865,0.8546777,-0.11335766,1.0136929,1.4659956,4.1306124,3.964705,2.2622302,1.7439551,1.878511,2.3011913,1.8431908,1.619467,6.199353,1.7439501,1.781234,2.1491108,-0.11230643,-0.063823454,1.7438581,1.6169187,1.3912523,0.7678514,1.7440757,1.7814829,0.9149004,1.3539108,-0.12524253,1.7440562,-0.0782174,-0.19187105,-0.18185812,4.183572,-0.11065883,1.7436199,1.7810674,4.30228,1.1745522,-0.13072303,5.6867695,3.5576699,1.7440286,1.7814898,1.8911186,2.1188345,1.2336651,1.4654245,1.7438028,1.7814529,4.24205,1.9658573,1.7440748,-0.19813283,1.4658327,1.7439915,-0.060104962,0.70864105,1.7440726,-0.2028091,-0.2868003,2.9225895,3.4211357,0.9833412,1.743871,2.5192065,0.9835817,-0.17393659,5.2177825,4.8895636,6.7203736,1.7440706,1.781493,2.7679005,1.7057292,1.4661067,5.220498,1.7440763,2.1664245,-0.24371436,-0.16952515,1.7439537,1.865623,2.431546,1.7440667,-0.18106565,1.744076,-0.18642783,1.7440019,2.802583,1.7439353,-0.14691104,-0.13029914,1.7440591,1.7814766,3.9623098,1.4659857,1.7440653,1.4008377,2.203673,1.7440631,1.7814958,1.7814565,1.4652256,1.7439348,1.7814527,1.7814395,1.7814555,1.7814646,-0.16505513,1.6096789,1.7440572,1.7814862,1.7814733,1.7814869,6.0518136,-0.15354379,0.754418,1.7428205,-0.11499533,-0.10471026,1.5662149,1.7440615,1.7813892,1.465922,-0.19501048,1.744072,-0.18738703,-0.11705899,2.8790607,1.7440572,2.4654226,1.743725,3.7438664,-0.124497145,0.67316854,2.1904936,1.2064304
k__Bacteria|p__Bacteroidetes|c__Bacteroidia|o__Bacteroidales|f__Bacteroidaceae|g__Bacteroides|s__Bacteroides_acidifaciens,-0.1004395,-0.12316422,-0.15449733,-0.15783755,-0.15783784,-0.23867357,-0.1666669,-0.16813041,-0.10929718,-0.22895765,-0.23728925,-0.15450221,-0.22850217,-0.3768707,-0.08556121,-0.15408699,-0.058144663,-0.15395531,-0.15777415,-0.19931981,-0.1978925,-0.12949753,-0.15446615,-0.12711628,-0.20043859,-0.11658599,-0.182019,-0.25032333,-0.1509206,-0.15447125,-0.15142563,-0.10844302,-0.18249588,-0.28454733,-0.15448865,-0.12968948,-0.15449977,-0.22338755,-0.15450259,-0.29867563,-0.15450266,-0.29356226,-0.12897518,-0.15435173,-0.13691942,-0.15449697,-0.23188588,-0.24781659,-0.1296162,-0.12969573,-0.24679694,-0.18279888,-0.25087595,-0.26027086,-0.28621647,-0.27511892,-0.11894142,-0.15441394,-0.040142577,-0.056944285,-0.15376449,-0.11274739,-0.13743341,-0.12957817,-0.15448046,-0.15783305,-0.15783761,-0.15783827,-0.27573854,-0.15446201,-0.12958,-0.16243835,-0.12334165,-0.14074792,-0.15446779,-0.15887658,-0.14481027,-0.12967385,-0.18691605,-0.14998752,-0.15449032,-0.157816,-0.15782747,-0.15776038,-0.120334074,-0.13700745,-0.08858878,-0.15448426,-0.19008024,-0.15449564,-0.2004665,-0.11139822,-0.1388583,-0.13027036,-0.1074974,-0.15152657,-0.15439749,-0.1575191,-0.10065024,-0.08152827,-0.09427856,-0.1544478,-0.11960925,-0.15027548,-0.16982608,-0.1185138,-0.15446493,-0.1578314,-0.17738779,-0.15176103,-0.15449855,-0.25953975,-0.17989698,-0.13525523,-0.15449572,-0.15095688,-0.17780018,-0.2009549,-0.1544748,-0.09015879,-0.15419708,-0.12151222,-0.121854745,-0.13997786,-0.21433522,-0.13908121,-0.16057305,-0.15442309,-0.07092635,-0.15385891,-0.1570519,-0.18733518,-0.1542374,-0.12956345,-0.12334781,-0.14100276,-0.15445456,-0.114095174,-0.25318068,-0.26654312,-0.12880036,-0.10945694,-0.1544455,-0.09238048,-0.20963459,-0.15449592,-0.15775211,-0.12906432,-0.15442348,-0.16015086,-0.1553517,-0.15450035,-0.19704957,-0.20616047,-0.1284971,-0.10460003,-0.11361031,-0.10256614,-0.15449283,-0.19495486,-0.15446842,-0.12898004,-0.15433751,-0.041086134,-0.12967405,-0.15449908,-0.2300741,-0.15447757,-0.10384405,-0.1530618,-0.0784167,-0.15435544,-0.12766197,-0.15437546,-0.121451,-0.075820275,-0.09192432,-0.101488546,-0.1542297,-0.15774205,-0.12378413,-0.15434049,-0.1410757,-0.13984437,-0.18093297,-0.15450156,-0.25777104,-0.12844054,-0.15440977,-0.13462572,-0.119081676,-0.15447192,-0.15783352,-0.15783519,-0.15783632,-0.19755594,-0.25103784,-0.20219928,-0.19465852,-0.24831252,-0.20506537,-0.22091979,-0.15448646,-0.12927155,-0.11956477,-0.15448157,-0.15782987,-0.20931396,-0.18224281,-0.15447247,-0.32474133,-0.15449968,-0.15783897,-0.15783788,-0.15783751,-0.2185038,-0.1544719,-0.114121355,-0.154475,-0.15782374,-0.15783007,-0.22984435,-0.15449336,-0.15781191,-0.08963354,-0.15439151,-0.15778983,-0.15780756,-0.15780887,-0.13302092,-0.1051107,-0.14014931,-0.15141064,-0.15839578,-0.15615125,-0.14613561,-0.15448973,-0.12319561,-0.12964563,-0.15445393,-0.15783879,-0.15783833,-0.15783833,-0.15783884,-0.38518023,-0.11451449,-0.15446134,-0.15564899,-0.14443555,-0.16636807,-0.15449503,-0.15776171,-0.12993515,-0.047159404,-0.14859545,-0.14016809,-0.14106366,-0.15435144,-0.19987361,-0.1649412,-0.17166539,-0.15447298,-0.15779677,-0.12722544,-0.14610182,-0.2588673,-0.12944695,-0.15437339,-0.09132757,-0.12832497,-0.13684332,-0.16221203,-0.15659244,-0.12885399,-0.15424363,-0.1577449,-0.15779346,-0.15782693,-0.15740095,-0.19795567,-0.15106063,-0.07294749,-0.2039893,-0.15446205,-0.15779197,-0.104459345,-0.15411325,-0.17466888,-0.13176009,-0.15446922,-0.15109587,-0.10913184,-0.15430531,-0.05825615,-0.14326635,-0.17082691,-0.15440851,-0.18883844,-0.15450078,-0.31316653,-0.15449114,-0.16808087,-0.14331596,-0.15449315,-0.15783538,-0.25088155,-0.15450117,-0.22115314,-0.07562123,-0.086852394,-0.10702289,-0.060967896,-0.14786798,-0.16796505,-0.15746465,-0.22133875,-0.12812386,-0.0969081,-0.16398169,-0.12716047,-0.11335766,-0.18846886,-0.12963858,-0.17755464,-0.0994983,-0.115196005,-0.15440966,-0.11662802,-0.19749595,-0.14526704,-0.12781724,-0.096878245,-0.15440956,-0.15764143,-0.12434345,-0.11230643,-0.063823454,-0.1543396,-0.11419349,-0.10007019,-0.24483351,-0.15450168,-0.15782714,-0.16344379,-0.1759062,-0.12524253,-0.15448704,-0.0782174,-0.19187105,-0.18185812,-0.09859173,-0.11065883,-0.15416224,-0.15751557,-0.083404,-0.1213824,-0.13072303,-0.13855581,-0.19385117,-0.1544646,-0.15783225,-0.19487974,-0.23847799,-0.2432746,-0.1293011,-0.15429665,-0.15780367,-0.14520228,-0.2961179,-0.15450093,-0.19813283,-0.12954265,-0.1544371,-0.060104962,-0.15931924,-0.15449917,-0.2028091,-0.2868003,-0.11816878,-0.14795661,-0.10060286,-0.15434384,-0.13614628,-0.20725825,-0.17393659,-0.125103,-0.15657571,-0.15690626,-0.15449779,-0.15783468,-0.16221246,-0.22200036,-0.12971088,-0.2814266,-0.1545021,-0.1915083,-0.24371436,-0.16952515,-0.15441468,-0.13369927,-0.12557748,-0.15449466,-0.18106565,-0.15450184,-0.18642783,-0.15444528,-0.30462334,-0.15439065,-0.14691104,-0.13029914,-0.1544889,-0.15782233,-0.18915205,-0.12963133,-0.1544939,-0.10481856,-0.1650517,-0.15449172,-0.1578367,-0.15780762,-0.1292144,-0.1543965,-0.15780279,-0.15779361,-0.15780522,-0.15781331,-0.16505513,-0.17392421,-0.1544872,-0.15782951,-0.15781939,-0.15783001,-0.2025511,-0.15354379,-0.14723541,-0.15349305,-0.11499533,-0.10471026,-0.11893196,-0.15449083,-0.15775876,-0.12959066,-0.19501048,-0.15449867,-0.18738703,-0.11705899,-0.17429145,-0.15448909,-0.06652963,-0.15424445,-0.10737923,-0.124497145,-0.15298569,-0.052188452,-0.26007295
k__Bacteria|p__Bacteroidetes|c__Bacteroidia|o__Bacteroidales|f__Bacteroidaceae|g__Bacteroides|s__Bacteroides_caecimuris,-0.1004395,-0.12316422,-0.15491825,-0.15821904,-0.15821934,-0.23867357,-0.1666669,-0.16813041,-0.10929718,-0.22895765,-0.23728925,-0.15492359,-0.22850217,-0.3768707,-0.08556121,-0.15447235,-0.058144663,-0.15432507,-0.1581499,-0.19931981,-0.1978925,-0.13019261,-0.15488417,-0.12711628,-0.20043859,-0.11658599,-0.182019,-0.25032333,-0.1509206,-0.15488976,-0.15142563,-0.10844302,-0.18249588,-0.28454733,-0.15490875,-0.13040379,-0.1549209,-0.22338755,-0.154924,-0.29867563,-0.15492406,-0.29356226,-0.1296298,-0.15475947,-0.13691942,-0.15491785,-0.23188588,-0.24781659,-0.1296162,-0.13041043,-0.24679694,-0.18279888,-0.25087595,-0.26027086,-0.28621647,-0.27511892,-0.11894142,-0.1548272,-0.040142577,-0.056944285,-0.15411828,-0.11274739,-0.13743341,-0.13028142,-0.15489987,-0.15821409,-0.1582191,-0.15821981,-0.27573854,-0.15487966,-0.13028389,-0.16243835,-0.12334165,-0.14074792,-0.15488595,-0.15887658,-0.14481027,-0.13038626,-0.18691605,-0.14998752,-0.1549106,-0.15819547,-0.15820801,-0.15813416,-0.120334074,-0.13700745,-0.08858878,-0.15490396,-0.19008024,-0.1549164,-0.2004665,-0.11139822,-0.1388583,-0.13027036,-0.1074974,-0.15152657,-0.15480907,-0.15786995,-0.10065024,-0.08152827,-0.09427856,-0.15486413,-0.11960925,-0.15027548,-0.16982608,-0.1185138,-0.15488291,-0.1582123,-0.17738779,-0.15176103,-0.15491961,-0.25953975,-0.17989698,-0.13525523,-0.15491648,-0.15095688,-0.17780018,-0.2009549,-0.15489367,-0.09015879,-0.15458995,-0.12151222,-0.121854745,-0.13997786,-0.21433522,-0.13908121,-0.16057305,-0.1548371,-0.07092635,-0.15422156,-0.15736243,-0.18733518,-0.1546348,-0.13026746,-0.12334781,-0.14100276,-0.15487152,-0.114095174,-0.25318068,-0.26654312,-0.1294268,-0.10945694,-0.15486161,-0.09238048,-0.20963459,-0.1549167,-0.15812576,-0.12972993,-0.15483782,-0.16015086,-0.1553517,-0.15492156,-0.19704957,-0.20616047,-0.12909554,-0.10460003,-0.11361031,-0.10256614,-0.1549133,-0.19495486,-0.15488654,-0.12963572,-0.1547435,-0.041086134,-0.12967405,-0.15492019,-0.2300741,-0.15489654,-0.10384405,-0.1533541,-0.0784167,-0.1547637,-0.12766197,-0.15478528,-0.121451,-0.075820275,-0.09192432,-0.101488546,-0.15462598,-0.15811467,-0.12378413,-0.15474634,-0.1410757,-0.13984437,-0.18093297,-0.1549229,-0.25777104,-0.12844054,-0.15482199,-0.13462572,-0.119081676,-0.1548905,-0.15821461,-0.15821645,-0.15821767,-0.19755594,-0.25103784,-0.20219928,-0.19465852,-0.24831252,-0.20506537,-0.22091979,-0.15490639,-0.12995265,-0.11956477,-0.15490103,-0.1582106,-0.20931396,-0.18224281,-0.1548914,-0.32474133,-0.15492082,-0.15822057,-0.15821937,-0.15821896,-0.2185038,-0.15489055,-0.114121355,-0.15489396,-0.15820396,-0.15821087,-0.22984435,-0.1549139,-0.15819168,-0.08963354,-0.15480289,-0.15816683,-0.15818632,-0.15818766,-0.13302092,-0.1051107,-0.14014931,-0.15141064,-0.15839578,-0.15615125,-0.14613561,-0.15490991,-0.12319561,-0.13035607,-0.15487091,-0.15822038,-0.15821986,-0.15821987,-0.15822043,-0.38518023,-0.11451449,-0.15487891,-0.15564899,-0.14443555,-0.16636807,-0.15491575,-0.1581363,-0.12993515,-0.047159404,-0.14848357,-0.14016809,-0.14106366,-0.15475893,-0.19987361,-0.1649412,-0.17166539,-0.15489164,-0.1581744,-0.12722544,-0.14610182,-0.2588673,-0.13013573,-0.1547828,-0.09132757,-0.12832497,-0.13684332,-0.16221203,-0.15659244,-0.12949768,-0.15464163,-0.15811779,-0.15817085,-0.1582074,-0.15740095,-0.19795567,-0.15106063,-0.07294749,-0.2039893,-0.15487978,-0.15816915,-0.104459345,-0.15448873,-0.17466888,-0.13176009,-0.1548875,-0.15109587,-0.10913184,-0.15470898,-0.05825615,-0.14326635,-0.17082691,-0.15482129,-0.18883844,-0.15492202,-0.31316653,-0.15491152,-0.16808087,-0.14331596,-0.15491368,-0.15821666,-0.25088155,-0.15492246,-0.22115314,-0.07562123,-0.086852394,-0.10702289,-0.060967896,-0.1476863,-0.16796505,-0.15746465,-0.22133875,-0.12812386,-0.0969081,-0.16398169,-0.12716047,-0.11335766,-0.18846886,-0.1303482,-0.17755464,-0.0994983,-0.115196005,-0.1548225,-0.11662802,-0.19749595,-0.14526704,-0.12781724,-0.096878245,-0.15482226,-0.15800473,-0.12434345,-0.11230643,-0.063823454,-0.15474612,-0.11419349,-0.10007019,-0.24483351,-0.154923,-0.1582076,-0.16344379,-0.1759062,-0.12524253,-0.15490702,-0.0782174,-0.19187105,-0.18185812,-0.09859173,-0.11065883,-0.15455198,-0.15786718,-0.083404,-0.1213824,-0.13072303,-0.13855581,-0.19385117,-0.15488258,-0.15821324,-0.19487974,-0.23847799,-0.2432746,-0.12998441,-0.15469912,-0.15818204,-0.14520228,-0.2961179,-0.1549222,-0.19813283,-0.13024214,-0.15485251,-0.060104962,-0.15931924,-0.15492028,-0.2028091,-0.2868003,-0.11816878,-0.14795661,-0.10060286,-0.15475073,-0.13614628,-0.20725825,-0.17393659,-0.125103,-0.15657571,-0.15690626,-0.15491876,-0.15821588,-0.16221246,-0.22200036,-0.13042703,-0.2814266,-0.15492345,-0.1915083,-0.24371436,-0.16952515,-0.15482813,-0.13369927,-0.12557748,-0.15491533,-0.18106565,-0.15492319,-0.18642783,-0.15486158,-0.30462334,-0.15480188,-0.14691104,-0.13029914,-0.15490904,-0.1582024,-0.18915205,-0.13033962,-0.15491448,-0.10481856,-0.1650517,-0.15491214,-0.15821809,-0.1581862,-0.12989093,-0.15480804,-0.15818112,-0.15817106,-0.15818375,-0.15819259,-0.16505513,-0.17392421,-0.1549072,-0.1582102,-0.15819919,-0.15821078,-0.2025511,-0.15354379,-0.14723541,-0.1538231,-0.11499533,-0.10471026,-0.11893196,-0.15491115,-0.15813328,-0.1302955,-0.19501048,-0.15491971,-0.18738703,-0.11705899,-0.17429145,-0.1549091,-0.06652963,-0.15464202,-0.10737923,-0.124497145,-0.15298569,-0.052188452,-0.26007295
k__Bacteria|p__Bacteroidetes|c__Bacteroidia|o__Bacteroidales|f__Bacteroidaceae|g__Bacteroides|s__Bacteroides_cellulosilyticus,-0.1004395,-0.12316422,-0.15443379,-0.15777625,-0.1577764,-0.23867357,-0.1666669,-0.16813041,-0.10929718,-0.22895765,-0.23728925,-0.15443668,-0.22850217,-0.3768707,-0.08556121,-0.15419355,-0.058144663,-0.1541251,-0.1577391,-0.19931981,-0.1978925,-0.1294913,-0.15441585,-0.12711628,-0.20043859,-0.11658599,-0.182019,-0.25032333,-0.1509206,-0.15441857,-0.15142563,-0.10844302,-0.18249588,-0.28454733,-0.1544287,-0.12960897,-0.15443526,-0.22338755,-0.15443689,-0.29867563,-0.15443692,-0.29356226,-0.1291968,-0.15434813,-0.13691942,-0.15443365,-0.23188588,-0.24781659,-0.1296162,-0.12961254,-0.24679694,-0.18279888,-0.25087595,-0.26027086,-0.28621647,-0.27511892,-0.11894142,-0.15438506,-0.040142577,-0.056944285,-0.15400402,-0.11274739,-0.13743341,-0.1295417,-0.15442383,-0.15777367,-0.15777625,-0.15777665,-0.27573854,-0.154412,-0.12954287,-0.16243835,-0.12334165,-0.14074792,-0.15441683,-0.15887658,-0.14481027,-0.12959985,-0.18691605,-0.14998752,-0.15442973,-0.15776366,-0.15777023,-0.15772972,-0.120334074,-0.13700745,-0.08858878,-0.15442634,-0.19008024,-0.1544329,-0.2004665,-0.11139822,-0.1388583,-0.13027036,-0.1074974,-0.15152657,-0.15437633,-0.15758808,-0.10065024,-0.08152827,-0.09427856,-0.15440539,-0.11960925,-0.15027548,-0.16982608,-0.1185138,-0.15441468,-0.15777269,-0.17738779,-0.15176103,-0.15443453,-0.25953975,-0.17989698,-0.13525523,-0.15443294,-0.15095688,-0.17780018,-0.2009549,-0.15441981,-0.09015879,-0.15426153,-0.12151222,-0.121854745,-0.13997786,-0.21433522,-0.13908121,-0.16057305,-0.15439114,-0.07092635,-0.15406151,-0.15730691,-0.18733518,-0.15427522,-0.12953632,-0.12334781,-0.14100276,-0.15440917,-0.114095174,-0.25318068,-0.26654312,-0.1290139,-0.10945694,-0.1544041,-0.09238048,-0.20963459,-0.15443306,-0.15772408,-0.12922044,-0.15439045,-0.16015086,-0.1553517,-0.15443558,-0.19704957,-0.20616047,-0.12879536,-0.10460003,-0.11361031,-0.10256614,-0.15443131,-0.19495486,-0.15441689,-0.12914287,-0.15434194,-0.041086134,-0.12967405,-0.1544348,-0.2300741,-0.15442227,-0.10384405,-0.15359041,-0.0784167,-0.1543504,-0.12766197,-0.15436351,-0.121451,-0.075820275,-0.09192432,-0.101488546,-0.15427901,-0.15772146,-0.12378413,-0.15433824,-0.1410757,-0.13984437,-0.18093297,-0.15443632,-0.25777104,-0.12844054,-0.15437998,-0.13462572,-0.119081676,-0.15441945,-0.1577739,-0.15777487,-0.15777549,-0.19755594,-0.25103784,-0.20219928,-0.19465852,-0.24831252,-0.20506537,-0.22091979,-0.1544272,-0.12935397,-0.11956477,-0.15442486,-0.15777175,-0.20931396,-0.18224281,-0.15441898,-0.32474133,-0.15443525,-0.15777706,-0.15777645,-0.15777622,-0.2185038,-0.15441729,-0.114121355,-0.15442044,-0.15776783,-0.15777186,-0.22984435,-0.1544316,-0.15775998,-0.08963354,-0.15437172,-0.15774897,-0.15775862,-0.15776001,-0.13302092,-0.1051107,-0.14014931,-0.15141064,-0.15839578,-0.15615125,-0.14613561,-0.15442961,-0.12319561,-0.12958395,-0.1544081,-0.15777695,-0.15777668,-0.15777668,-0.15777698,-0.38518023,-0.11451449,-0.15441291,-0.15564899,-0.14443555,-0.16636807,-0.15443245,-0.15773034,-0.12993515,-0.047159404,-0.1509305,-0.14016809,-0.14106366,-0.15434894,-0.19987361,-0.1649412,-0.17166539,-0.15441984,-0.15775323,-0.12722544,-0.14610182,-0.2588673,-0.12945135,-0.15436207,-0.09132757,-0.12832497,-0.13684332,-0.16221203,-0.15659244,-0.1290068,-0.15428261,-0.15772243,-0.15775084,-0.1577701,-0.15740095,-0.19795567,-0.15106063,-0.07294749,-0.2039893,-0.15441307,-0.1577502,-0.104459345,-0.15414412,-0.17466888,-0.13176009,-0.15441799,-0.15109587,-0.10913184,-0.15431994,-0.05825615,-0.14326635,-0.17082691,-0.15438202,-0.18883844,-0.15443584,-0.31316653,-0.15442991,-0.16808087,-0.14331596,-0.15443146,-0.15777493,-0.25088155,-0.15443605,-0.22115314,-0.07562123,-0.086852394,-0.10702289,-0.060967896,-0.15050457,-0.16796505,-0.15746465,-0.22133875,-0.12812386,-0.0969081,-0.16398169,-0.12716047,-0.11335766,-0.18846886,-0.12957929,-0.17755464,-0.0994983,-0.115196005,-0.15438288,-0.11662802,-0.19749595,-0.14526704,-0.12781724,-0.096878245,-0.1543835,-0.15766245,-0.12434345,-0.11230643,-0.063823454,-0.15434211,-0.11419349,-0.10007019,-0.24483351,-0.15443638,-0.15776995,-0.16344379,-0.1759062,-0.12524253,-0.15442798,-0.0782174,-0.19187105,-0.18185812,-0.09859173,-0.11065883,-0.15424071,-0.15759003,-0.083404,-0.1213824,-0.13072303,-0.13855581,-0.19385117,-0.1544145,-0.15777317,-0.19487974,-0.23847799,-0.2432746,-0.12935914,-0.15431735,-0.15775642,-0.14520228,-0.2961179,-0.15443595,-0.19813283,-0.12951654,-0.15439835,-0.060104962,-0.15931924,-0.15443487,-0.2028091,-0.2868003,-0.11816878,-0.14795661,-0.10060286,-0.154344,-0.13614628,-0.20725825,-0.17393659,-0.125103,-0.15657571,-0.15690626,-0.15443408,-0.15777457,-0.16221246,-0.22200036,-0.12962133,-0.2814266,-0.15443659,-0.1915083,-0.24371436,-0.16952515,-0.15438408,-0.13369927,-0.12557748,-0.15443224,-0.18106565,-0.15443647,-0.18642783,-0.1544023,-0.30462334,-0.15437081,-0.14691104,-0.13029914,-0.15442893,-0.15776749,-0.18915205,-0.12957485,-0.15443188,-0.10481856,-0.1650517,-0.15443048,-0.15777574,-0.15775824,-0.12929699,-0.15437594,-0.1577557,-0.15775055,-0.15775712,-0.1577621,-0.16505513,-0.17392421,-0.15442786,-0.15777162,-0.15776566,-0.15777189,-0.2025511,-0.15354379,-0.14723541,-0.15383604,-0.11499533,-0.10471026,-0.11893196,-0.15443003,-0.15772939,-0.1295517,-0.19501048,-0.15443455,-0.18738703,-0.11705899,-0.17429145,-0.15442872,-0.06652963,-0.15428787,-0.10737923,-0.124497145,-0.15298569,-0.052188452,-0.26007295
k__Bacteria|p__Bacteroidetes|c__Bacteroidia|o__Bacteroidales|f__Prevotellaceae|g__Prevotella|s__Prevotella_vespertina,-0.1004395,-0.12316422,-0.15449159,-0.15778139,-0.15778166,-0.23867357,-0.1666669,-0.16813041,-0.10929718,-0.22895765,-0.23728925,-0.15449628,-0.22850217,-0.3768707,-0.08556121,-0.1541033,-0.058144663,-0.15397504,-0.15772066,-0.19931981,-0.1978925,-0.12987652,-0.15446179,-0.12711628,-0.20043859,-0.11658599,-0.182019,-0.25032333,-0.1509206,-0.15446654,-0.15142563,-0.10844302,-0.18249588,-0.28454733,-0.15448323,-0.13005863,-0.15449394,-0.22338755,-0.15449664,-0.29867563,-0.15449671,-0.29356226,-0.12939064,-0.15435173,-0.13691942,-0.15449126,-0.23188588,-0.24781659,-0.1296162,-0.13006443,-0.24679694,-0.18279888,-0.25087595,-0.26027086,-0.28621647,-0.27511892,-0.11894142,-0.15441182,-0.040142577,-0.056944285,-0.15378729,-0.11274739,-0.13743341,-0.12995271,-0.15447539,-0.15777709,-0.15778144,-0.15778208,-0.27573854,-0.15445751,-0.1299544,-0.16243835,-0.12334165,-0.14074792,-0.1544633,-0.15887658,-0.14481027,-0.13004375,-0.18691605,-0.14998752,-0.1544849,-0.15776071,-0.15777168,-0.15770632,-0.120334074,-0.13700745,-0.08858878,-0.1544791,-0.19008024,-0.15449,-0.2004665,-0.11139822,-0.1388583,-0.13027036,-0.1074974,-0.15152657,-0.15439609,-0.15747425,-0.10065024,-0.08152827,-0.09427856,-0.15444428,-0.11960925,-0.15027548,-0.16982608,-0.1185138,-0.15446045,-0.1577755,-0.17738779,-0.15176103,-0.15449277,-0.25953975,-0.17989698,-0.13525523,-0.15449005,-0.15095688,-0.17780018,-0.2009549,-0.15446967,-0.09015879,-0.15420483,-0.12151222,-0.121854745,-0.13997786,-0.21433522,-0.13908121,-0.16057305,-0.15442067,-0.07092635,-0.15388143,-0.15702365,-0.18733518,-0.15424006,-0.12994148,-0.12334781,-0.14100276,-0.15445067,-0.114095174,-0.25318068,-0.26654312,-0.12921527,-0.10945694,-0.15444207,-0.09238048,-0.20963459,-0.15449028,-0.15769872,-0.12947413,-0.15442097,-0.16015086,-0.1553517,-0.15449451,-0.19704957,-0.20616047,-0.12893206,-0.10460003,-0.11361031,-0.10256614,-0.15448731,-0.19495486,-0.15446368,-0.12940061,-0.15433908,-0.041086134,-0.12967405,-0.15449327,-0.2300741,-0.1544725,-0.10384405,-0.15311933,-0.0784167,-0.15435594,-0.12766197,-0.15437517,-0.121451,-0.075820275,-0.09192432,-0.101488546,-0.15423572,-0.15769018,-0.12378413,-0.15433925,-0.1410757,-0.13984437,-0.18093297,-0.15449567,-0.25777104,-0.12844054,-0.1544068,-0.13462572,-0.119081676,-0.1544674,-0.15777755,-0.15777913,-0.1577802,-0.19755594,-0.25103784,-0.20219928,-0.19465852,-0.24831252,-0.20506537,-0.22091979,-0.15448105,-0.12967022,-0.11956477,-0.15447657,-0.157774,-0.20931396,-0.18224281,-0.1544677,-0.32474133,-0.15449387,-0.15778275,-0.1577817,-0.15778133,-0.2185038,-0.15446693,-0.114121355,-0.15447012,-0.15776801,-0.15777422,-0.22984435,-0.15448785,-0.15775685,-0.08963354,-0.15439028,-0.15773582,-0.15775259,-0.15775406,-0.13302092,-0.1051107,-0.14014931,-0.15141064,-0.15839578,-0.15615125,-0.14613561,-0.15448438,-0.12319561,-0.1300171,-0.15444979,-0.15778257,-0.15778212,-0.15778214,-0.15778261,-0.38518023,-0.11451449,-0.15445706,-0.15564899,-0.14443555,-0.16636807,-0.15448937,-0.15770781,-0.12993515,-0.047159404,-0.14880553,-0.14016809,-0.14106366,-0.15435162,-0.19987361,-0.1649412,-0.17166539,-0.1544683,-0.15774253,-0.12722544,-0.14610182,-0.2588673,-0.12982911,-0.15437326,-0.09132757,-0.12832497,-0.13684332,-0.16221203,-0.15659244,-0.12926728,-0.15424854,-0.15769273,-0.15773925,-0.15777123,-0.15740095,-0.19795567,-0.15106063,-0.07294749,-0.2039893,-0.15445769,-0.15773794,-0.104459345,-0.15410921,-0.17466888,-0.13176009,-0.15446484,-0.15109587,-0.10913184,-0.1543085,-0.05825615,-0.14326635,-0.17082691,-0.15440637,-0.18883844,-0.15449491,-0.31316653,-0.15448551,-0.16808087,-0.14331596,-0.15448761,-0.15777929,-0.25088155,-0.15449527,-0.22115314,-0.07562123,-0.086852394,-0.10702289,-0.060967896,-0.14810453,-0.16796505,-0.15746465,-0.22133875,-0.12812386,-0.0969081,-0.16398169,-0.12716047,-0.11335766,-0.18846886,-0.13001049,-0.17755464,-0.0994983,-0.115196005,-0.15440756,-0.11662802,-0.19749595,-0.14526704,-0.12781724,-0.096878245,-0.15440789,-0.1575939,-0.12434345,-0.11230643,-0.063823454,-0.15434092,-0.11419349,-0.10007019,-0.24483351,-0.15449578,-0.15777123,-0.16344379,-0.1759062,-0.12524253,-0.15448178,-0.0782174,-0.19187105,-0.18185812,-0.09859173,-0.11065883,-0.15417133,-0.15747347,-0.083404,-0.1213824,-0.13072303,-0.13855581,-0.19385117,-0.15446012,-0.15777631,-0.19487974,-0.23847799,-0.2432746,-0.12969306,-0.15429969,-0.15774888,-0.14520228,-0.2961179,-0.15449508,-0.19813283,-0.12991929,-0.15443385,-0.060104962,-0.15931924,-0.15449336,-0.2028091,-0.2868003,-0.11816878,-0.14795661,-0.10060286,-0.15434435,-0.13614628,-0.20725825,-0.17393659,-0.125103,-0.15657571,-0.15690626,-0.15449202,-0.15777864,-0.16221246,-0.22200036,-0.13007887,-0.2814266,-0.15449616,-0.1915083,-0.24371436,-0.16952515,-0.15441184,-0.13369927,-0.12557748,-0.15448903,-0.18106565,-0.15449592,-0.18642783,-0.15444121,-0.30462334,-0.1543889,-0.14691104,-0.13029914,-0.15448353,-0.15776683,-0.18915205,-0.13000321,-0.15448833,-0.10481856,-0.1650517,-0.15448618,-0.15778057,-0.15775228,-0.12961228,-0.15439528,-0.15774795,-0.15773924,-0.15775032,-0.15775827,-0.16505513,-0.17392421,-0.15448186,-0.15777367,-0.15776396,-0.15777418,-0.2025511,-0.15354379,-0.14723541,-0.15352315,-0.11499533,-0.10471026,-0.11893196,-0.15448537,-0.15770522,-0.12996507,-0.19501048,-0.15449287,-0.18738703,-0.11705899,-0.17429145,-0.1544835,-0.06652963,-0.15425065,-0.10737923,-0.124497145,-0.15298569,-0.052188452,-0.26007295
k__Bacteria|p__Bacteroidetes|c__Bacteroidia|o__Bacteroidales|f__Bacteroidaceae|g__Bacteroides|s__Bacteroides_eggerthii,-0.1004395,-0.12316422,-0.15497677,-0.15827373,-0.158274,-0.23867357,-0.1666669,-0.16813041,-0.10929718,-0.22895765,-0.23728925,-0.15498134,-0.22850217,-0.3768707,-0.08556121,-0.15459552,-0.058144663,-0.1544669,-0.15821445,-0.19931981,-0.1978925,-0.13031492,-0.15494752,-0.12711628,-0.20043859,-0.11658599,-0.182019,-0.25032333,-0.1509206,-0.15495235,-0.15142563,-0.10844302,-0.18249588,-0.28454733,-0.15496878,-0.13049048,-0.15497905,-0.22338755,-0.1549817,-0.29867563,-0.15498176,-0.29356226,-0.12984227,-0.1548408,-0.13691942,-0.15497643,-0.23188588,-0.24781659,-0.1296162,-0.13049611,-0.24679694,-0.18279888,-0.25087595,-0.26027086,-0.28621647,-0.27511892,-0.11894142,-0.15489875,-0.040142577,-0.056944285,-0.15428996,-0.11274739,-0.13743341,-0.13038947,-0.15496102,-0.15826951,-0.1582738,-0.15827441,-0.27573854,-0.15494458,-0.13038999,-0.16243835,-0.12334165,-0.14074792,-0.15494901,-0.15887658,-0.14481027,-0.1304758,-0.18691605,-0.14998752,-0.1549702,-0.15825352,-0.15826431,-0.15820265,-0.120334074,-0.13700745,-0.08858878,-0.1549645,-0.19008024,-0.15497518,-0.2004665,-0.11139822,-0.1388583,-0.13027036,-0.1074974,-0.15152657,-0.15488307,-0.15798947,-0.10065024,-0.08152827,-0.09427856,-0.15493032,-0.11960925,-0.15027548,-0.16982608,-0.1185138,-0.15494648,-0.15826797,-0.17738779,-0.15176103,-0.15497792,-0.25953975,-0.17989698,-0.13525523,-0.15497524,-0.15095688,-0.17780018,-0.2009549,-0.15495625,-0.09015879,-0.15469489,-0.12151222,-0.121854745,-0.13997786,-0.21433522,-0.13908121,-0.16057305,-0.15490714,-0.07092635,-0.15437934,-0.15753946,-0.18733518,-0.15473509,-0.13037978,-0.12334781,-0.14100276,-0.15493664,-0.114095174,-0.25318068,-0.26654312,-0.12969534,-0.10945694,-0.15492812,-0.09238048,-0.20963459,-0.15497544,-0.15819506,-0.12993804,-0.15490784,-0.16015086,-0.1553517,-0.1549796,-0.19704957,-0.20616047,-0.12941648,-0.10460003,-0.11361031,-0.10256614,-0.1549725,-0.19495486,-0.15495,-0.12987298,-0.15482673,-0.041086134,-0.12967405,-0.15497842,-0.2300741,-0.15495847,-0.10384405,-0.15363805,-0.0784167,-0.1548444,-0.12766197,-0.15486266,-0.121451,-0.075820275,-0.09192432,-0.101488546,-0.15472645,-0.15818417,-0.12378413,-0.15483287,-0.1410757,-0.13984437,-0.18093297,-0.15498075,-0.25777104,-0.12844054,-0.15489621,-0.13462572,-0.119081676,-0.15495291,-0.15826997,-0.15827152,-0.15827256,-0.19755594,-0.25103784,-0.20219928,-0.19465852,-0.24831252,-0.20506537,-0.22091979,-0.1549667,-0.13012533,-0.11956477,-0.15496197,-0.15826651,-0.20931396,-0.18224281,-0.15495402,-0.32474133,-0.15497896,-0.15827507,-0.15827404,-0.15827368,-0.2185038,-0.1549535,-0.114121355,-0.15495597,-0.15826085,-0.15826674,-0.22984435,-0.15497306,-0.15825078,-0.08963354,-0.15487793,-0.15822887,-0.15824568,-0.15824677,-0.13302092,-0.1051107,-0.14014931,-0.15141064,-0.15839578,-0.15615125,-0.14613561,-0.15496959,-0.12319561,-0.1304502,-0.15493616,-0.15827489,-0.15827446,-0.15827447,-0.15827493,-0.38518023,-0.11451449,-0.15494302,-0.15564899,-0.14443555,-0.16636807,-0.15497461,-0.15820323,-0.12993515,-0.047159404,-0.14945541,-0.14016809,-0.14106366,-0.1548399,-0.19987361,-0.1649412,-0.17166539,-0.1549539,-0.15823534,-0.12722544,-0.14610182,-0.2588673,-0.130272,-0.15486076,-0.09132757,-0.12832497,-0.13684332,-0.16221203,-0.15659244,-0.1297589,-0.15474024,-0.15818691,-0.15823236,-0.15826376,-0.15740095,-0.19795567,-0.15106063,-0.07294749,-0.2039893,-0.15494376,-0.15823095,-0.104459345,-0.15464997,-0.17466888,-0.13176009,-0.15495032,-0.15109587,-0.10913184,-0.15479818,-0.05825615,-0.14326635,-0.17082691,-0.15489355,-0.18883844,-0.15498002,-0.31316653,-0.15497103,-0.16808087,-0.14331596,-0.15497284,-0.15827173,-0.25088155,-0.15498036,-0.22115314,-0.07562123,-0.086852394,-0.10702289,-0.060967896,-0.14877237,-0.16796505,-0.15746465,-0.22133875,-0.12812386,-0.0969081,-0.16398169,-0.12716047,-0.11335766,-0.18846886,-0.13044411,-0.17755464,-0.0994983,-0.115196005,-0.1548946,-0.11662802,-0.19749595,-0.14526704,-0.12781724,-0.096878245,-0.15489435,-0.15809011,-0.12434345,-0.11230643,-0.063823454,-0.15482935,-0.11419349,-0.10007019,-0.24483351,-0.15498085,-0.15826407,-0.16344379,-0.1759062,-0.12524253,-0.1549671,-0.0782174,-0.19187105,-0.18185812,-0.09859173,-0.11065883,-0.1546624,-0.15797186,-0.083404,-0.1213824,-0.13072303,-0.13855581,-0.19385117,-0.15494618,-0.15826875,-0.19487974,-0.23847799,-0.2432746,-0.13014194,-0.15478887,-0.15824202,-0.14520228,-0.2961179,-0.15498015,-0.19813283,-0.13035764,-0.15492049,-0.060104962,-0.15931924,-0.15497851,-0.2028091,-0.2868003,-0.11816878,-0.14795661,-0.10060286,-0.1548332,-0.13614628,-0.20725825,-0.17393659,-0.125103,-0.15657571,-0.15690626,-0.1549772,-0.15827101,-0.16221246,-0.22200036,-0.13051023,-0.2814266,-0.15498124,-0.1915083,-0.24371436,-0.16952515,-0.15490124,-0.13369927,-0.12557748,-0.15497427,-0.18106565,-0.15498099,-0.18642783,-0.15492877,-0.30462334,-0.1548769,-0.14691104,-0.13029914,-0.15496886,-0.15825945,-0.18915205,-0.13043655,-0.15497355,-0.10481856,-0.1650517,-0.15497153,-0.15827295,-0.1582461,-0.13007429,-0.1548822,-0.15824124,-0.15823261,-0.1582435,-0.1582511,-0.16505513,-0.17392421,-0.1549673,-0.15826617,-0.1582567,-0.15826666,-0.2025511,-0.15354379,-0.14723541,-0.15403754,-0.11499533,-0.10471026,-0.11893196,-0.15497068,-0.15820107,-0.13039908,-0.19501048,-0.15497804,-0.18738703,-0.11705899,-0.17429145,-0.15496919,-0.06652963,-0.15474007,-0.10737923,-0.124497145,-0.15298569,-0.052188452,-0.26007295
k__Bacteria|p__Bacteroidetes|c__Bacteroidia|o__Bacteroidales|f__Bacteroidaceae|g__Bacteroides|s__Bacteroides_sp_L10_4,-0.1004395,-0.12316422,-0.15508059,-0.15843569,-0.15843602,-0.23867357,-0.1666669,-0.16813041,-0.10929718,-0.22895765,-0.23728925,-0.155086,-0.22850217,-0.3768707,-0.08556121,-0.15463378,-0.058144663,-0.15448302,-0.15836565,-0.19931981,-0.1978925,-0.12995735,-0.15504615,-0.12711628,-0.20043859,-0.11658599,-0.182019,-0.25032333,-0.1509206,-0.15505172,-0.15142563,-0.10844302,-0.18249588,-0.28454733,-0.1550712,-0.13016306,-0.15508327,-0.22338755,-0.1550864,-0.29867563,-0.15508647,-0.29356226,-0.12941694,-0.15491974,-0.13691942,-0.1550802,-0.23188588,-0.24781659,-0.1296162,-0.13016963,-0.24679694,-0.18279888,-0.25087595,-0.26027086,-0.28621647,-0.27511892,-0.11894142,-0.15498857,-0.040142577,-0.056944285,-0.1542686,-0.11274739,-0.13743341,-0.13004357,-0.15506192,-0.15843073,-0.15843576,-0.15843648,-0.27573854,-0.15504214,-0.13004552,-0.16243835,-0.12334165,-0.14074792,-0.1550479,-0.15887658,-0.14481027,-0.13014612,-0.18691605,-0.14998752,-0.15507284,-0.15841182,-0.1584245,-0.15835153,-0.120334074,-0.13700745,-0.08858878,-0.15506613,-0.19008024,-0.15507872,-0.2004665,-0.11139822,-0.1388583,-0.13027036,-0.1074974,-0.15152657,-0.1549702,-0.15810214,-0.10065024,-0.08152827,-0.09427856,-0.15502591,-0.11960925,-0.15027548,-0.16982608,-0.1185138,-0.1550447,-0.1584289,-0.17738779,-0.15176103,-0.15508193,-0.25953975,-0.17989698,-0.13525523,-0.1550788,-0.15095688,-0.17780018,-0.2009549,-0.15505606,-0.09015879,-0.15474916,-0.12151222,-0.121854745,-0.13997786,-0.21433522,-0.13908121,-0.16057305,-0.15499862,-0.07092635,-0.15437773,-0.15756464,-0.18733518,-0.15479323,-0.1300331,-0.12334781,-0.14100276,-0.15503326,-0.114095174,-0.25318068,-0.26654312,-0.12922716,-0.10945694,-0.15502334,-0.09238048,-0.20963459,-0.15507904,-0.15834226,-0.12951715,-0.15499917,-0.16015086,-0.1553517,-0.15508394,-0.19704957,-0.20616047,-0.12890995,-0.10460003,-0.11361031,-0.10256614,-0.1550756,-0.19495486,-0.15504897,-0.12943414,-0.15490434,-0.041086134,-0.12967405,-0.15508252,-0.2300741,-0.15505889,-0.10384405,-0.15350214,-0.0784167,-0.15492412,-0.12766197,-0.15494612,-0.121451,-0.075820275,-0.09192432,-0.101488546,-0.15478545,-0.15833028,-0.12378413,-0.15491305,-0.1410757,-0.13984437,-0.18093297,-0.15508528,-0.25777104,-0.12844054,-0.15498534,-0.13462572,-0.119081676,-0.15505256,-0.15843123,-0.15843308,-0.15843432,-0.19755594,-0.25103784,-0.20219928,-0.19465852,-0.24831252,-0.20506537,-0.22091979,-0.1550686,-0.12973332,-0.11956477,-0.15506318,-0.15842718,-0.20931396,-0.18224281,-0.15505365,-0.32474133,-0.15508318,-0.15843725,-0.15843605,-0.15843563,-0.2185038,-0.15505275,-0.114121355,-0.15505588,-0.15842035,-0.15842742,-0.22984435,-0.15507624,-0.1584081,-0.08963354,-0.15496376,-0.15838297,-0.1584025,-0.15840402,-0.13302092,-0.1051107,-0.14014931,-0.15141064,-0.15839578,-0.15615125,-0.14613561,-0.1550722,-0.12319561,-0.13011558,-0.15503246,-0.15843706,-0.15843655,-0.15843654,-0.1584371,-0.38518023,-0.11451449,-0.15504074,-0.15564899,-0.14443555,-0.16636807,-0.15507802,-0.15835178,-0.12993515,-0.047159404,-0.1485376,-0.14016809,-0.14106366,-0.15491901,-0.19987361,-0.1649412,-0.17166539,-0.15505365,-0.15839064,-0.12722544,-0.14610182,-0.2588673,-0.12990575,-0.15494402,-0.09132757,-0.12832497,-0.13684332,-0.16221203,-0.15659244,-0.12929352,-0.15480071,-0.15833333,-0.15838699,-0.15842393,-0.15740095,-0.19795567,-0.15106063,-0.07294749,-0.2039893,-0.15504156,-0.15838538,-0.104459345,-0.15469211,-0.17466888,-0.13176009,-0.15504956,-0.15109587,-0.10913184,-0.15486974,-0.05825615,-0.14326635,-0.17082691,-0.1549823,-0.18883844,-0.1550844,-0.31316653,-0.15507367,-0.16808087,-0.14331596,-0.15507597,-0.15843329,-0.25088155,-0.15508482,-0.22115314,-0.07562123,-0.086852394,-0.10702289,-0.060967896,-0.14772902,-0.16796505,-0.15746465,-0.22133875,-0.12812386,-0.0969081,-0.16398169,-0.12716047,-0.11335766,-0.18846886,-0.13010857,-0.17755464,-0.0994983,-0.115196005,-0.15498362,-0.11662802,-0.19749595,-0.14526704,-0.12781724,-0.096878245,-0.15498371,-0.15821922,-0.12434345,-0.11230643,-0.063823454,-0.15490673,-0.11419349,-0.10007019,-0.24483351,-0.15508541,-0.1584242,-0.16344379,-0.1759062,-0.12524253,-0.15506922,-0.0782174,-0.19187105,-0.18185812,-0.09859173,-0.11065883,-0.15471065,-0.15808019,-0.083404,-0.1213824,-0.13072303,-0.13855581,-0.19385117,-0.15504435,-0.15842983,-0.19487974,-0.23847799,-0.2432746,-0.12975089,-0.15485908,-0.15839818,-0.14520228,-0.2961179,-0.1550846,-0.19813283,-0.1300061,-0.15501405,-0.060104962,-0.15931924,-0.15508264,-0.2028091,-0.2868003,-0.11816878,-0.14795661,-0.10060286,-0.1549109,-0.13614628,-0.20725825,-0.17393659,-0.125103,-0.15657571,-0.15690626,-0.15508108,-0.15843251,-0.16221246,-0.22200036,-0.13018617,-0.2814266,-0.15508586,-0.1915083,-0.24371436,-0.16952515,-0.15499109,-0.13369927,-0.12557748,-0.15507762,-0.18106565,-0.1550856,-0.18642783,-0.15502355,-0.30462334,-0.15496233,-0.14691104,-0.13029914,-0.15507126,-0.15841885,-0.18915205,-0.13009998,-0.1550768,-0.10481856,-0.1650517,-0.15507436,-0.15843475,-0.15840276,-0.1296632,-0.1549693,-0.1583972,-0.1583871,-0.15839991,-0.15840898,-0.16505513,-0.17392421,-0.15506938,-0.15842679,-0.15841557,-0.15842734,-0.2025511,-0.15354379,-0.14723541,-0.15396667,-0.11499533,-0.10471026,-0.11893196,-0.1550734,-0.15834962,-0.13005634,-0.19501048,-0.15508206,-0.18738703,-0.11705899,-0.17429145,-0.15507163,-0.06652963,-0.15480255,-0.10737923,-0.124497145,-0.15298569,-0.052188452,-0.26007295
k__Bacteria|p__Bacteroidetes|c__Bacteroidia|o__Bacteroidales|f__Porphyromonadaceae|g__Porphyromonas|s__Porphyromonas_sp_HMSC065F10,-0.1004395,-0.12316422,-0.15487888,-0.15817405,-0.15817434,-0.23867357,-0.1666669,-0.16813041,-0.10929718,-0.22895765,-0.23728925,-0.15488392,-0.22850217,-0.3768707,-0.08556121,-0.15446156,-0.058144663,-0.1543225,-0.15810898,-0.19931981,-0.1978925,-0.13021521,-0.1548469,-0.12711628,-0.20043859,-0.11658599,-0.182019,-0.25032333,-0.1509206,-0.15485212,-0.15142563,-0.10844302,-0.18249588,-0.28454733,-0.1548701,-0.13040648,-0.1548814,-0.22338755,-0.15488431,-0.29867563,-0.15488437,-0.29356226,-0.12970957,-0.15472956,-0.13691942,-0.15487853,-0.23188588,-0.24781659,-0.1296162,-0.13041261,-0.24679694,-0.18279888,-0.25087595,-0.26027086,-0.28621647,-0.27511892,-0.11894142,-0.1547934,-0.040142577,-0.056944285,-0.15412557,-0.11274739,-0.13743341,-0.13029607,-0.1548616,-0.15816942,-0.15817411,-0.15817478,-0.27573854,-0.15484333,-0.13029698,-0.16243835,-0.12334165,-0.14074792,-0.15484852,-0.15887658,-0.14481027,-0.13039058,-0.18691605,-0.14998752,-0.1548717,-0.1581519,-0.15816368,-0.15809563,-0.120334074,-0.13700745,-0.08858878,-0.15486547,-0.19008024,-0.15487717,-0.2004665,-0.11139822,-0.1388583,-0.13027036,-0.1074974,-0.15152657,-0.15477641,-0.15785916,-0.10065024,-0.08152827,-0.09427856,-0.15482809,-0.11960925,-0.15027548,-0.16982608,-0.1185138,-0.15484561,-0.15816772,-0.17738779,-0.15176103,-0.15488017,-0.25953975,-0.17989698,-0.13525523,-0.15487725,-0.15095688,-0.17780018,-0.2009549,-0.15485612,-0.09015879,-0.15457073,-0.12151222,-0.121854745,-0.13997786,-0.21433522,-0.13908121,-0.16057305,-0.15480277,-0.07092635,-0.15422478,-0.15736657,-0.18733518,-0.15461233,-0.13028654,-0.12334781,-0.14100276,-0.15483496,-0.114095174,-0.25318068,-0.26654312,-0.12954351,-0.10945694,-0.15482572,-0.09238048,-0.20963459,-0.15487747,-0.1580871,-0.12980486,-0.1548032,-0.16015086,-0.1553517,-0.15488201,-0.19704957,-0.20616047,-0.12924995,-0.10460003,-0.11361031,-0.10256614,-0.15487427,-0.19495486,-0.15484945,-0.12973672,-0.15471485,-0.041086134,-0.12967405,-0.1548807,-0.2300741,-0.15485875,-0.10384405,-0.15340996,-0.0784167,-0.15473357,-0.12766197,-0.15475395,-0.121451,-0.075820275,-0.09192432,-0.101488546,-0.15460478,-0.15807606,-0.12378413,-0.15472099,-0.1410757,-0.13984437,-0.18093297,-0.15488327,-0.25777104,-0.12844054,-0.15479016,-0.13462572,-0.119081676,-0.15485284,-0.15816991,-0.15817162,-0.15817279,-0.19755594,-0.25103784,-0.20219928,-0.19465852,-0.24831252,-0.20506537,-0.22091979,-0.15486777,-0.13000691,-0.11956477,-0.15486273,-0.15816614,-0.20931396,-0.18224281,-0.15485379,-0.32474133,-0.15488131,-0.1581755,-0.15817438,-0.158174,-0.2185038,-0.15485302,-0.114121355,-0.154856,-0.15815985,-0.15816635,-0.22984435,-0.15487486,-0.15814835,-0.08963354,-0.1547704,-0.15812504,-0.15814325,-0.15814461,-0.13302092,-0.1051107,-0.14014931,-0.15141064,-0.15839578,-0.15615125,-0.14613561,-0.1548711,-0.12319561,-0.1303624,-0.15483429,-0.15817532,-0.15817484,-0.15817484,-0.15817536,-0.38518023,-0.11451449,-0.15484191,-0.15564899,-0.14443555,-0.16636807,-0.15487655,-0.15809634,-0.12993515,-0.047159404,-0.1488105,-0.14016809,-0.14106366,-0.15472895,-0.19987361,-0.1649412,-0.17166539,-0.15485388,-0.15813217,-0.12722544,-0.14610182,-0.2588673,-0.13016838,-0.15475196,-0.09132757,-0.12832497,-0.13684332,-0.16221203,-0.15659244,-0.12961051,-0.15461896,-0.15807897,-0.15812877,-0.15816313,-0.15740095,-0.19795567,-0.15106063,-0.07294749,-0.2039893,-0.15484269,-0.15812731,-0.104459345,-0.15451,-0.17466888,-0.13176009,-0.15485004,-0.15109587,-0.10913184,-0.15468298,-0.05825615,-0.14326635,-0.17082691,-0.15478769,-0.18883844,-0.15488246,-0.31316653,-0.15487254,-0.16808087,-0.14331596,-0.15487461,-0.15817183,-0.25088155,-0.15488285,-0.22115314,-0.07562123,-0.086852394,-0.10702289,-0.060967896,-0.14806312,-0.16796505,-0.15746465,-0.22133875,-0.12812386,-0.0969081,-0.16398169,-0.12716047,-0.11335766,-0.18846886,-0.13035585,-0.17755464,-0.0994983,-0.115196005,-0.1547889,-0.11662802,-0.19749595,-0.14526704,-0.12781724,-0.096878245,-0.15478884,-0.15797299,-0.12434345,-0.11230643,-0.063823454,-0.15471739,-0.11419349,-0.10007019,-0.24483351,-0.15488337,-0.15816337,-0.16344379,-0.1759062,-0.12524253,-0.15486833,-0.0782174,-0.19187105,-0.18185812,-0.09859173,-0.11065883,-0.15453507,-0.15784368,-0.083404,-0.1213824,-0.13072303,-0.13855581,-0.19385117,-0.1548453,-0.15816858,-0.19487974,-0.23847799,-0.2432746,-0.13002816,-0.15467316,-0.15813924,-0.14520228,-0.2961179,-0.15488264,-0.19813283,-0.13026106,-0.15481712,-0.060104962,-0.15931924,-0.1548808,-0.2028091,-0.2868003,-0.11816878,-0.14795661,-0.10060286,-0.15472141,-0.13614628,-0.20725825,-0.17393659,-0.125103,-0.15657571,-0.15690626,-0.15487938,-0.15817109,-0.16221246,-0.22200036,-0.13042803,-0.2814266,-0.1548838,-0.1915083,-0.24371436,-0.16952515,-0.15479533,-0.13369927,-0.12557748,-0.15487614,-0.18106565,-0.15488355,-0.18642783,-0.15482584,-0.30462334,-0.15476924,-0.14691104,-0.13029914,-0.15487024,-0.1581584,-0.18915205,-0.13034773,-0.15487537,-0.10481856,-0.1650517,-0.15487313,-0.15817317,-0.15814348,-0.12995093,-0.15477549,-0.15813833,-0.15812895,-0.15814084,-0.15814923,-0.16505513,-0.17392421,-0.15486848,-0.15816575,-0.15815538,-0.15816629,-0.2025511,-0.15354379,-0.14723541,-0.15384646,-0.11499533,-0.10471026,-0.11893196,-0.15487224,-0.15809394,-0.13030693,-0.19501048,-0.15488029,-0.18738703,-0.11705899,-0.17429145,-0.15487048,-0.06652963,-0.15461995,-0.10737923,-0.124497145,-0.15298569,-0.052188452,-0.26007295
k__Bacteria|p__Bacteroidetes|c__Bacteroidia|o__Bacteroidales|f__Odoribacteraceae|g__Butyricimonas|s__Butyricimonas_faecihominis,-0.1004395,-0.12316422,-0.15569946,-0.15903881,-0.15903968,-0.23867357,-0.1666669,-0.16813041,-0.10929718,-0.22895765,-0.23728925,-0.1557119,-0.22850217,-0.3768707,-0.08556121,-0.15466276,-0.058144663,-0.15422842,-0.15887679,-0.19931981,-0.1978925,-0.13038173,-0.15561698,-0.12711628,-0.20043859,-0.11658599,-0.182019,-0.25032333,-0.1509206,-0.15563306,-0.15142563,-0.10844302,-0.18249588,-0.28454733,-0.15567836,-0.13089633,-0.15570544,-0.22338755,-0.1557129,-0.29867563,-0.15571308,-0.29356226,-0.12901317,-0.15533587,-0.13691942,-0.15569785,-0.23188588,-0.24781659,-0.1296162,-0.13091397,-0.24679694,-0.18279888,-0.25087595,-0.26027086,-0.28621647,-0.27511892,-0.11894142,-0.1554814,-0.040142577,-0.056944285,-0.15383095,-0.11274739,-0.13743341,-0.13060744,-0.15565746,-0.15902686,-0.15903918,-0.15904075,-0.27573854,-0.15561703,-0.13061167,-0.16243835,-0.12334165,-0.14074792,-0.15562087,-0.15887658,-0.14481027,-0.13085257,-0.18691605,-0.14998752,-0.15568075,-0.15898257,-0.1590138,-0.15886164,-0.120334074,-0.13700745,-0.08858878,-0.1556645,-0.19008024,-0.15569451,-0.2004665,-0.11139822,-0.1388583,-0.13027036,-0.1074974,-0.15152657,-0.15543386,-0.15832818,-0.10065024,-0.08152827,-0.09427856,-0.15556744,-0.11960925,-0.15027548,-0.16982608,-0.1185138,-0.15561768,-0.15902269,-0.17738779,-0.15176103,-0.15570253,-0.25953975,-0.17989698,-0.13525523,-0.15569456,-0.15095688,-0.17780018,-0.2009549,-0.15565039,-0.09015879,-0.15489428,-0.12151222,-0.121854745,-0.13997786,-0.21433522,-0.13908121,-0.16057305,-0.15550134,-0.07092635,-0.15404965,-0.15711302,-0.18733518,-0.15509075,-0.13058604,-0.12334781,-0.14100276,-0.15558627,-0.114095174,-0.25318068,-0.26654312,-0.12860326,-0.10945694,-0.15556094,-0.09238048,-0.20963459,-0.1556952,-0.15884593,-0.12931368,-0.15551244,-0.16015086,-0.1553517,-0.15570709,-0.19704957,-0.20616047,-0.12788416,-0.10460003,-0.11361031,-0.10256614,-0.15568647,-0.19495486,-0.15562627,-0.12913702,-0.15527378,-0.041086134,-0.12967405,-0.15570432,-0.2300741,-0.1556503,-0.10384405,-0.1520293,-0.0784167,-0.15533675,-0.12766197,-0.15537882,-0.121451,-0.075820275,-0.09192432,-0.101488546,-0.1549958,-0.15878424,-0.12378413,-0.15535432,-0.1410757,-0.13984437,-0.18093297,-0.15571022,-0.25777104,-0.12844054,-0.15548766,-0.13462572,-0.119081676,-0.15563011,-0.15902846,-0.15903276,-0.15903574,-0.19755594,-0.25103784,-0.20219928,-0.19465852,-0.24831252,-0.20506537,-0.22091979,-0.1556735,-0.12985116,-0.11956477,-0.1556566,-0.15901895,-0.20931396,-0.18224281,-0.15564144,-0.32474133,-0.15570503,-0.15904257,-0.15903968,-0.15903865,-0.2185038,-0.15564296,-0.114121355,-0.1556446,-0.15900612,-0.15901972,-0.22984435,-0.155688,-0.15898582,-0.08963354,-0.15542866,-0.15890968,-0.15896277,-0.15896076,-0.13302092,-0.1051107,-0.14014931,-0.15141064,-0.15839578,-0.15615125,-0.14613561,-0.1556777,-0.12319561,-0.13078268,-0.15559128,-0.15904213,-0.15904096,-0.15904093,-0.15904224,-0.38518023,-0.11451449,-0.1556054,-0.15564899,-0.14443555,-0.16636807,-0.15569377,-0.1588594,-0.12993515,-0.047159404,-0.14113155,-0.14016809,-0.14106366,-0.1553211,-0.19987361,-0.1649412,-0.17166539,-0.15563422,-0.15892635,-0.12722544,-0.14610182,-0.2588673,-0.13025478,-0.15537152,-0.09132757,-0.12832497,-0.13684332,-0.16221203,-0.15659244,-0.12883486,-0.1550589,-0.15879518,-0.15892163,-0.15901074,-0.15740095,-0.19795567,-0.15106063,-0.07294749,-0.2039893,-0.15560982,-0.15891492,-0.104459345,-0.15489969,-0.17466888,-0.13176009,-0.15562159,-0.15109587,-0.10913184,-0.15520948,-0.05825615,-0.14326635,-0.17082691,-0.15547034,-0.18883844,-0.1557084,-0.31316653,-0.15568605,-0.16808087,-0.14331596,-0.15568799,-0.15903375,-0.25088155,-0.15570942,-0.22115314,-0.07562123,-0.086852394,-0.10702289,-0.060967896,-0.13917279,-0.16796505,-0.15746465,-0.22133875,-0.12812386,-0.0969081,-0.16398169,-0.12716047,-0.11335766,-0.18846886,-0.1307613,-0.17755464,-0.0994983,-0.115196005,-0.15547134,-0.11662802,-0.19749595,-0.14526704,-0.12781724,-0.096878245,-0.15546186,-0.15852207,-0.12434345,-0.11230643,-0.063823454,-0.15528856,-0.11419349,-0.10007019,-0.24483351,-0.15571049,-0.1590145,-0.16344379,-0.1759062,-0.12524253,-0.15567127,-0.0782174,-0.19187105,-0.18185812,-0.09859173,-0.11065883,-0.15480778,-0.15819098,-0.083404,-0.1213824,-0.13072303,-0.13855581,-0.19385117,-0.15561715,-0.1590249,-0.19487974,-0.23847799,-0.2432746,-0.12989923,-0.15517342,-0.15895207,-0.14520228,-0.2961179,-0.15570855,-0.19813283,-0.13051167,-0.15554586,-0.060104962,-0.15931924,-0.15570432,-0.2028091,-0.2868003,-0.11816878,-0.14795661,-0.10060286,-0.155307,-0.13614628,-0.20725825,-0.17393659,-0.125103,-0.15657571,-0.15690626,-0.15570061,-0.15903121,-0.16221246,-0.22200036,-0.13095438,-0.2814266,-0.15571168,-0.1915083,-0.24371436,-0.16952515,-0.15551046,-0.13369927,-0.12557748,-0.15569265,-0.18106565,-0.15571094,-0.18642783,-0.15557966,-0.30462334,-0.1554313,-0.14691104,-0.13029914,-0.1556772,-0.15899837,-0.18915205,-0.13073662,-0.1556899,-0.10481856,-0.1650517,-0.1556856,-0.15903676,-0.15896924,-0.12968493,-0.1554308,-0.1589517,-0.15892595,-0.15895748,-0.15897611,-0.16505513,-0.17392421,-0.15567374,-0.15901738,-0.1589918,-0.1590188,-0.2025511,-0.15354379,-0.14723541,-0.15321991,-0.11499533,-0.10471026,-0.11893196,-0.15568233,-0.15885447,-0.13062458,-0.19501048,-0.15570322,-0.18738703,-0.11705899,-0.17429145,-0.15568036,-0.06652963,-0.15503292,-0.10737923,-0.124497145,-0.15298569,-0.052188452,-0.26007295
k__Bacteria|p__Bacteroidetes|c__Bacteroidia|o__Bacteroidales|f__Odoribacteraceae|g__Butyricimonas|s__Butyricimonas_virosa,-0.1004395,-0.12316422,-0.15624163,-0.15965474,-0.15965638,-0.23867357,-0.1666669,-0.16813041,-0.10929718,-0.22895765,-0.23728925,-0.15626016,-0.22850217,-0.3768707,-0.08556121,-0.15457892,-0.058144663,-0.15374276,-0.1594063,-0.19931981,-0.1978925,-0.12997489,-0.1561085,-0.12711628,-0.20043859,-0.11658599,-0.182019,-0.25032333,-0.1509206,-0.1561441,-0.15142563,-0.10844302,-0.18249588,-0.28454733,-0.15621455,-0.1308683,-0.15624988,-0.22338755,-0.15626182,-0.29867563,-0.15626214,-0.29356226,-0.1275281,-0.15571949,-0.13691942,-0.15623724,-0.23188588,-0.24781659,-0.1296162,-0.13090491,-0.24679694,-0.18279888,-0.25087595,-0.26027086,-0.28621647,-0.27511892,-0.11894142,-0.1558919,-0.040142577,-0.056944285,-0.15346423,-0.11274739,-0.13743341,-0.13038793,-0.15618148,-0.15963532,-0.15965593,-0.15965796,-0.27573854,-0.15613307,-0.13039923,-0.16243835,-0.12334165,-0.14074792,-0.15611497,-0.15887658,-0.14481027,-0.13079174,-0.18691605,-0.14998752,-0.15621056,-0.15956663,-0.15961927,-0.15944925,-0.120334074,-0.13700745,-0.08858878,-0.15618406,-0.19008024,-0.1562323,-0.2004665,-0.11139822,-0.1388583,-0.13027036,-0.1074974,-0.15152657,-0.1558108,-0.15874858,-0.10065024,-0.08152827,-0.09427856,-0.15602532,-0.11960925,-0.15027548,-0.16982608,-0.1185138,-0.1561211,-0.15962934,-0.17738779,-0.15176103,-0.1562461,-0.25953975,-0.17989698,-0.13525523,-0.15623212,-0.15095688,-0.17780018,-0.2009549,-0.1561931,-0.09015879,-0.1549069,-0.12151222,-0.121854745,-0.13997786,-0.21433522,-0.13908121,-0.16057305,-0.15591583,-0.07092635,-0.15364239,-0.15702476,-0.18733518,-0.15549555,-0.13032429,-0.12334781,-0.14100276,-0.15605906,-0.114095174,-0.25318068,-0.26654312,-0.12690862,-0.10945694,-0.15601403,-0.09238048,-0.20963459,-0.15623312,-0.1594463,-0.12811768,-0.15595664,-0.16015086,-0.1553517,-0.15625276,-0.19704957,-0.20616047,-0.12575102,-0.10460003,-0.11361031,-0.10256614,-0.15621787,-0.19495486,-0.15613739,-0.1278829,-0.15554388,-0.041086134,-0.12967405,-0.1562502,-0.2300741,-0.156177,-0.10384405,-0.15043902,-0.0784167,-0.15567523,-0.12766197,-0.15572554,-0.121451,-0.075820275,-0.09192432,-0.101488546,-0.15510389,-0.1592362,-0.12378413,-0.1558223,-0.1410757,-0.13984437,-0.18093297,-0.15625751,-0.25777104,-0.12844054,-0.15594983,-0.13462572,-0.119081676,-0.15612254,-0.15963855,-0.15964544,-0.15965013,-0.19755594,-0.25103784,-0.20219928,-0.19465852,-0.24831252,-0.20506537,-0.22091979,-0.1562088,-0.12907796,-0.11956477,-0.1561694,-0.15962455,-0.20931396,-0.18224281,-0.1561651,-0.32474133,-0.15624878,-0.15966074,-0.15965606,-0.15965432,-0.2185038,-0.15617058,-0.114121355,-0.15616402,-0.1596139,-0.15962575,-0.22984435,-0.15622011,-0.15959054,-0.08963354,-0.15582225,-0.15943754,-0.15954204,-0.1595224,-0.13302092,-0.1051107,-0.14014931,-0.15141064,-0.15839578,-0.15615125,-0.14613561,-0.15620178,-0.12319561,-0.13068876,-0.15608871,-0.15966018,-0.15965849,-0.15965824,-0.1596603,-0.38518023,-0.11451449,-0.15609476,-0.15564899,-0.14443555,-0.16636807,-0.15623394,-0.15943468,-0.12993515,-0.047159404,-0.13603851,-0.14016809,-0.14106366,-0.15565938,-0.19987361,-0.1649412,-0.17166539,-0.15613481,-0.15946068,-0.12722544,-0.14610182,-0.2588673,-0.12974392,-0.15570627,-0.09132757,-0.12832497,-0.13684332,-0.16221203,-0.15659244,-0.127322,-0.15526438,-0.15926361,-0.159464,-0.1596096,-0.15740095,-0.19795567,-0.15106063,-0.07294749,-0.2039893,-0.15610841,-0.1594429,-0.104459345,-0.15521115,-0.17466888,-0.13176009,-0.1561064,-0.15109587,-0.10913184,-0.15547219,-0.05825615,-0.14326635,-0.17082691,-0.15589088,-0.18883844,-0.15625533,-0.31316653,-0.1562292,-0.16808087,-0.14331596,-0.15622215,-0.15964852,-0.25088155,-0.156257,-0.22115314,-0.07562123,-0.086852394,-0.10702289,-0.060967896,-0.13285957,-0.16796505,-0.15746465,-0.22133875,-0.12812386,-0.0969081,-0.16398169,-0.12716047,-0.11335766,-0.18846886,-0.13064124,-0.17755464,-0.0994983,-0.115196005,-0.15588573,-0.11662802,-0.19749595,-0.14526704,-0.12781724,-0.096878245,-0.1558398,-0.15882155,-0.12434345,-0.11230643,-0.063823454,-0.15558183,-0.11419349,-0.10007019,-0.24483351,-0.1562579,-0.15962793,-0.16344379,-0.1759062,-0.12524253,-0.15619372,-0.0782174,-0.19187105,-0.18185812,-0.09859173,-0.11065883,-0.15478715,-0.15829635,-0.083404,-0.1213824,-0.13072303,-0.13855581,-0.19385117,-0.15612206,-0.15963271,-0.19487974,-0.23847799,-0.2432746,-0.12919931,-0.1554022,-0.15952379,-0.14520228,-0.2961179,-0.15625483,-0.19813283,-0.13021007,-0.15600914,-0.060104962,-0.15931924,-0.15624943,-0.2028091,-0.2868003,-0.11816878,-0.14795661,-0.10060286,-0.1556493,-0.13614628,-0.20725825,-0.17393659,-0.125103,-0.15657571,-0.15690626,-0.15624325,-0.1596426,-0.16221246,-0.22200036,-0.13097206,-0.2814266,-0.15626007,-0.1915083,-0.24371436,-0.16952515,-0.15601403,-0.13369927,-0.12557748,-0.15623148,-0.18106565,-0.1562587,-0.18642783,-0.15609893,-0.30462334,-0.155855,-0.14691104,-0.13029914,-0.1562061,-0.15958898,-0.18915205,-0.1305912,-0.15622488,-0.10481856,-0.1650517,-0.15622243,-0.15965194,-0.1595759,-0.12879595,-0.15580198,-0.1595287,-0.15948111,-0.15953556,-0.15955427,-0.16505513,-0.17392421,-0.1562034,-0.15962002,-0.1595825,-0.1596223,-0.2025511,-0.15354379,-0.14723541,-0.15281028,-0.11499533,-0.10471026,-0.11893196,-0.15621424,-0.15942751,-0.13038048,-0.19501048,-0.15624836,-0.18738703,-0.11705899,-0.17429145,-0.15622209,-0.06652963,-0.15514877,-0.10737923,-0.124497145,-0.15298569,-0.052188452,-0.26007295
k__Bacteria|p__Bacteroidetes|c__Bacteroidia|o__Bacteroidales|f__Bacteroidales_unclassified|g__Bacteroidales_unclassified|s__Bacteroidales_bacterium,-0.1004395,-0.12316422,-0.15558472,-0.15894562,-0.15894592,-0.23867357,-0.1666669,-0.16813041,-0.10929718,-0.22895765,-0.23728925,-0.15559015,-0.22850217,-0.3768707,-0.08556121,-0.15514147,-0.058144663,-0.15499765,-0.1588758,-0.19931981,-0.1978925,-0.130415,-0.15555066,-0.12711628,-0.20043859,-0.11658599,-0.182019,-0.25032333,-0.1509206,-0.15555583,-0.15142563,-0.10844302,-0.18249588,-0.28454733,-0.1555751,-0.13062468,-0.15558746,-0.22338755,-0.15559056,-0.29867563,-0.15559062,-0.29356226,-0.12986106,-0.15542305,-0.13691942,-0.15558442,-0.23188588,-0.24781659,-0.1296162,-0.13063107,-0.24679694,-0.18279888,-0.25087595,-0.26027086,-0.28621647,-0.27511892,-0.11894142,-0.1554933,-0.040142577,-0.056944285,-0.15477175,-0.11274739,-0.13743341,-0.13050188,-0.15556595,-0.1589407,-0.15894566,-0.1589464,-0.27573854,-0.15554534,-0.1305049,-0.16243835,-0.12334165,-0.14074792,-0.15555234,-0.15887658,-0.14481027,-0.13060766,-0.18691605,-0.14998752,-0.1555771,-0.15892187,-0.15893434,-0.15885961,-0.120334074,-0.13700745,-0.08858878,-0.15557046,-0.19008024,-0.15558295,-0.2004665,-0.11139822,-0.1388583,-0.13027036,-0.1074974,-0.15152657,-0.15547535,-0.1586068,-0.10065024,-0.08152827,-0.09427856,-0.15553069,-0.11960925,-0.15027548,-0.16982608,-0.1185138,-0.15554884,-0.15893887,-0.17738779,-0.15176103,-0.1555861,-0.25953975,-0.17989698,-0.13525523,-0.15558302,-0.15095688,-0.17780018,-0.2009549,-0.15555918,-0.09015879,-0.1552574,-0.12151222,-0.121854745,-0.13997786,-0.21433522,-0.13908121,-0.16057305,-0.15550366,-0.07092635,-0.15488613,-0.15806529,-0.18733518,-0.15529166,-0.13048857,-0.12334781,-0.14100276,-0.15553787,-0.114095174,-0.25318068,-0.26654312,-0.12963967,-0.10945694,-0.15552816,-0.09238048,-0.20963459,-0.15558326,-0.15884933,-0.12994802,-0.1555036,-0.16015086,-0.1553517,-0.1555881,-0.19704957,-0.20616047,-0.1292918,-0.10460003,-0.11361031,-0.10256614,-0.15557991,-0.19495486,-0.15555285,-0.12984146,-0.15541066,-0.041086134,-0.12967405,-0.15558663,-0.2300741,-0.1555627,-0.10384405,-0.15401953,-0.0784167,-0.15542908,-0.12766197,-0.15545139,-0.121451,-0.075820275,-0.09192432,-0.101488546,-0.15529183,-0.15884145,-0.12378413,-0.15541533,-0.1410757,-0.13984437,-0.18093297,-0.15558945,-0.25777104,-0.12844054,-0.15548798,-0.13462572,-0.119081676,-0.15555722,-0.15894118,-0.15894301,-0.15894425,-0.19755594,-0.25103784,-0.20219928,-0.19465852,-0.24831252,-0.20506537,-0.22091979,-0.15557253,-0.13017285,-0.11956477,-0.15556762,-0.15893711,-0.20931396,-0.18224281,-0.1555574,-0.32474133,-0.15558738,-0.15894717,-0.15894598,-0.15894558,-0.2185038,-0.15555638,-0.114121355,-0.15555987,-0.15893,-0.15893736,-0.22984435,-0.1555805,-0.15891738,-0.08963354,-0.15546833,-0.15889367,-0.15891236,-0.15891448,-0.13302092,-0.1051107,-0.14014931,-0.15141064,-0.15839578,-0.15615125,-0.14613561,-0.1555766,-0.12319561,-0.13057664,-0.15553626,-0.15894698,-0.15894645,-0.15894647,-0.15894702,-0.38518023,-0.11451449,-0.15554507,-0.15564899,-0.14443555,-0.16636807,-0.15558216,-0.15885994,-0.12993515,-0.047159404,-0.14899042,-0.14016809,-0.14106366,-0.15542364,-0.19987361,-0.1649412,-0.17166539,-0.15555811,-0.15890142,-0.12722544,-0.14610182,-0.2588673,-0.13035786,-0.15544933,-0.09132757,-0.12832497,-0.13684332,-0.16221203,-0.15659244,-0.12968543,-0.15530495,-0.158844,-0.15889741,-0.15893397,-0.15740095,-0.19795567,-0.15106063,-0.07294749,-0.2039893,-0.1555456,-0.15889615,-0.104459345,-0.15516594,-0.17466888,-0.13176009,-0.15555434,-0.15109587,-0.10913184,-0.15537412,-0.05825615,-0.14326635,-0.17082691,-0.15548663,-0.18883844,-0.15558857,-0.31316653,-0.15557757,-0.16808087,-0.14331596,-0.1555802,-0.15894318,-0.25088155,-0.15558897,-0.22115314,-0.07562123,-0.086852394,-0.10702289,-0.060967896,-0.14818302,-0.16796505,-0.15746465,-0.22133875,-0.12812386,-0.0969081,-0.16398169,-0.12716047,-0.11335766,-0.18846886,-0.1305694,-0.17755464,-0.0994983,-0.115196005,-0.15548821,-0.11662802,-0.19749595,-0.14526704,-0.12781724,-0.096878245,-0.1554893,-0.15873072,-0.12434345,-0.11230643,-0.063823454,-0.15541226,-0.11419349,-0.10007019,-0.24483351,-0.15558958,-0.15893385,-0.16344379,-0.1759062,-0.12524253,-0.15557356,-0.0782174,-0.19187105,-0.18185812,-0.09859173,-0.11065883,-0.1552185,-0.15859285,-0.083404,-0.1213824,-0.13072303,-0.13855581,-0.19385117,-0.15554833,-0.15893981,-0.19487974,-0.23847799,-0.2432746,-0.130196,-0.1553646,-0.15890816,-0.14520228,-0.2961179,-0.15558876,-0.19813283,-0.13046306,-0.15551817,-0.060104962,-0.15931924,-0.15558678,-0.2028091,-0.2868003,-0.11816878,-0.14795661,-0.10060286,-0.15541504,-0.13614628,-0.20725825,-0.17393659,-0.125103,-0.15657571,-0.15690626,-0.15558526,-0.15894246,-0.16221246,-0.22200036,-0.13064763,-0.2814266,-0.15559001,-0.1915083,-0.24371436,-0.16952515,-0.15549327,-0.13369927,-0.12557748,-0.15558177,-0.18106565,-0.15558974,-0.18642783,-0.15552643,-0.30462334,-0.1554659,-0.14691104,-0.13029914,-0.15557548,-0.15892896,-0.18915205,-0.13056152,-0.15558103,-0.10481856,-0.1650517,-0.15557846,-0.15894467,-0.15891194,-0.13010049,-0.15547459,-0.15890695,-0.15889713,-0.15890971,-0.15891913,-0.16505513,-0.17392421,-0.15557349,-0.1589368,-0.15892556,-0.15893736,-0.2025511,-0.15354379,-0.14723541,-0.15446046,-0.11499533,-0.10471026,-0.11893196,-0.1555776,-0.15885815,-0.13051866,-0.19501048,-0.15558618,-0.18738703,-0.11705899,-0.17429145,-0.15557553,-0.06652963,-0.15530983,-0.10737923,-0.124497145,-0.15298569,-0.052188452,-0.26007295
k__Bacteria|p__Bacteroidetes|c__Bacteroidia|o__Bacteroidales|f__Barnesiellaceae|g__Coprobacter|s__Coprobacter_fastidiosus,-0.1004395,-0.12316422,-0.15520099,-0.15850914,-0.1585094,-0.23867357,-0.1666669,-0.16813041,-0.10929718,-0.22895765,-0.23728925,-0.15520585,-0.22850217,-0.3768707,-0.08556121,-0.15479858,-0.058144663,-0.15466413,-0.1584464,-0.19931981,-0.1978925,-0.1304398,-0.15517011,-0.12711628,-0.20043859,-0.11658599,-0.182019,-0.25032333,-0.1509206,-0.15517515,-0.15142563,-0.10844302,-0.18249588,-0.28454733,-0.15519248,-0.1306316,-0.1552034,-0.22338755,-0.1552062,-0.29867563,-0.15520626,-0.29356226,-0.12993556,-0.15505704,-0.13691942,-0.15520063,-0.23188588,-0.24781659,-0.1296162,-0.13063769,-0.24679694,-0.18279888,-0.25087595,-0.26027086,-0.28621647,-0.27511892,-0.11894142,-0.1551184,-0.040142577,-0.056944285,-0.15447462,-0.11274739,-0.13743341,-0.1305201,-0.1551843,-0.15850466,-0.1585092,-0.15850982,-0.27573854,-0.15516602,-0.13052304,-0.16243835,-0.12334165,-0.14074792,-0.15517169,-0.15887658,-0.14481027,-0.13061596,-0.18691605,-0.14998752,-0.15519404,-0.15848774,-0.1584991,-0.15843295,-0.120334074,-0.13700745,-0.08858878,-0.15518802,-0.19008024,-0.15519933,-0.2004665,-0.11139822,-0.1388583,-0.13027036,-0.1074974,-0.15152657,-0.15510195,-0.1582007,-0.10065024,-0.08152827,-0.09427856,-0.15515193,-0.11960925,-0.15027548,-0.16982608,-0.1185138,-0.1551689,-0.15850303,-0.17738779,-0.15176103,-0.15520221,-0.25953975,-0.17989698,-0.13525523,-0.15519938,-0.15095688,-0.17780018,-0.2009549,-0.1551788,-0.09015879,-0.15490337,-0.12151222,-0.121854745,-0.13997786,-0.21433522,-0.13908121,-0.16057305,-0.15512738,-0.07092635,-0.15456983,-0.15773067,-0.18733518,-0.15494359,-0.13050854,-0.12334781,-0.14100276,-0.15515858,-0.114095174,-0.25318068,-0.26654312,-0.12973939,-0.10945694,-0.15514964,-0.09238048,-0.20963459,-0.15519962,-0.15842499,-0.13001353,-0.15512802,-0.16015086,-0.1553517,-0.155204,-0.19704957,-0.20616047,-0.12944894,-0.10460003,-0.11361031,-0.10256614,-0.15519652,-0.19495486,-0.15517235,-0.12992907,-0.1550427,-0.041086134,-0.12967405,-0.15520275,-0.2300741,-0.15518141,-0.10384405,-0.15378329,-0.0784167,-0.15506065,-0.12766197,-0.15508035,-0.121451,-0.075820275,-0.09192432,-0.101488546,-0.15493584,-0.15841451,-0.12378413,-0.1550494,-0.1410757,-0.13984437,-0.18093297,-0.15520519,-0.25777104,-0.12844054,-0.15511447,-0.13462572,-0.119081676,-0.15517583,-0.15850514,-0.15850678,-0.1585079,-0.19755594,-0.25103784,-0.20219928,-0.19465852,-0.24831252,-0.20506537,-0.22091979,-0.15519023,-0.13021687,-0.11956477,-0.15518539,-0.1585015,-0.20931396,-0.18224281,-0.15517673,-0.32474133,-0.15520331,-0.15851054,-0.15850945,-0.15850908,-0.2185038,-0.15517598,-0.114121355,-0.1551789,-0.15849543,-0.15850171,-0.22984435,-0.15519705,-0.15848434,-0.08963354,-0.15509632,-0.15846181,-0.15847942,-0.1584807,-0.13302092,-0.1051107,-0.14014931,-0.15141064,-0.15839578,-0.15615125,-0.14613561,-0.15519345,-0.12319561,-0.13058823,-0.155158,-0.15851036,-0.15850988,-0.1585099,-0.15851039,-0.38518023,-0.11451449,-0.15516528,-0.15564899,-0.14443555,-0.16636807,-0.15519872,-0.15843403,-0.12993515,-0.047159404,-0.14935593,-0.14016809,-0.14106366,-0.15505637,-0.19987361,-0.1649412,-0.17166539,-0.15517685,-0.15846866,-0.12722544,-0.14610182,-0.2588673,-0.13038638,-0.15507819,-0.09132757,-0.12832497,-0.13684332,-0.16221203,-0.15659244,-0.12979364,-0.15494984,-0.15841727,-0.15846542,-0.15849859,-0.15740095,-0.19795567,-0.15106063,-0.07294749,-0.2039893,-0.15516606,-0.15846391,-0.104459345,-0.1548225,-0.17466888,-0.13176009,-0.15517312,-0.15109587,-0.10913184,-0.1550113,-0.05825615,-0.14326635,-0.17082691,-0.155113,-0.18883844,-0.15520442,-0.31316653,-0.15519483,-0.16808087,-0.14331596,-0.15519685,-0.15850699,-0.25088155,-0.15520479,-0.22115314,-0.07562123,-0.086852394,-0.10702289,-0.060967896,-0.14863035,-0.16796505,-0.15746465,-0.22133875,-0.12812386,-0.0969081,-0.16398169,-0.12716047,-0.11335766,-0.18846886,-0.130581,-0.17755464,-0.0994983,-0.115196005,-0.15511411,-0.11662802,-0.19749595,-0.14526704,-0.12781724,-0.096878245,-0.15511401,-0.15831469,-0.12434345,-0.11230643,-0.063823454,-0.15504488,-0.11419349,-0.10007019,-0.24483351,-0.15520531,-0.15849882,-0.16344379,-0.1759062,-0.12524253,-0.1551908,-0.0782174,-0.19187105,-0.18185812,-0.09859173,-0.11065883,-0.15486884,-0.15819009,-0.083404,-0.1213824,-0.13072303,-0.13855581,-0.19385117,-0.15516858,-0.15850386,-0.19487974,-0.23847799,-0.2432746,-0.13024691,-0.1550022,-0.15847556,-0.14520228,-0.2961179,-0.1552046,-0.19813283,-0.13048428,-0.15514134,-0.060104962,-0.15931924,-0.15520284,-0.2028091,-0.2868003,-0.11816878,-0.14795661,-0.10060286,-0.15504897,-0.13614628,-0.20725825,-0.17393659,-0.125103,-0.15657571,-0.15690626,-0.15520144,-0.15850627,-0.16221246,-0.22200036,-0.13065271,-0.2814266,-0.15520571,-0.1915083,-0.24371436,-0.16952515,-0.15512004,-0.13369927,-0.12557748,-0.15519837,-0.18106565,-0.15520547,-0.18642783,-0.1551498,-0.30462334,-0.15509526,-0.14691104,-0.13029914,-0.15519264,-0.15849403,-0.18915205,-0.13057356,-0.15519759,-0.10481856,-0.1650517,-0.15519544,-0.15850827,-0.15847948,-0.13015398,-0.15510109,-0.15847468,-0.15846561,-0.15847711,-0.15848516,-0.16505513,-0.17392421,-0.15519094,-0.15850115,-0.1584911,-0.15850165,-0.2025511,-0.15354379,-0.14723541,-0.15420571,-0.11499533,-0.10471026,-0.11893196,-0.15519455,-0.15843177,-0.13053335,-0.19501048,-0.15520233,-0.18738703,-0.11705899,-0.17429145,-0.15519282,-0.06652963,-0.15495095,-0.10737923,-0.124497145,-0.15298569,-0.052188452,-0.26007295
k__Bacteria|p__Bacteroidetes|c__Bacteroidia|o__Bacteroidales|f__Odoribacteraceae|g__Odoribacter|s__Odoribacter_splanchnicus,-0.1004395,-0.12316422,-0.15495534,-0.15829778,-0.15829802,-0.23867357,-0.1666669,-0.16813041,-0.10929718,-0.22895765,-0.23728925,-0.15495989,-0.22850217,-0.3768707,-0.08556121,-0.15458122,-0.058144663,-0.15446037,-0.15823917,-0.19931981,-0.1978925,-0.12995832,-0.15492672,-0.12711628,-0.20043859,-0.11658599,-0.182019,-0.25032333,-0.1509206,-0.15493116,-0.15142563,-0.10844302,-0.18249588,-0.28454733,-0.15494731,-0.13013175,-0.15495762,-0.22338755,-0.15496022,-0.29867563,-0.15496027,-0.29356226,-0.12949577,-0.15482008,-0.13691942,-0.15495506,-0.23188588,-0.24781659,-0.1296162,-0.1301372,-0.24679694,-0.18279888,-0.25087595,-0.26027086,-0.28621647,-0.27511892,-0.11894142,-0.15487862,-0.040142577,-0.056944285,-0.15427536,-0.11274739,-0.13743341,-0.13003093,-0.15493967,-0.15829363,-0.1582978,-0.15829843,-0.27573854,-0.15492257,-0.13003212,-0.16243835,-0.12334165,-0.14074792,-0.15492816,-0.15887658,-0.14481027,-0.13011755,-0.18691605,-0.14998752,-0.15494892,-0.15827787,-0.15828836,-0.15822563,-0.120334074,-0.13700745,-0.08858878,-0.15494335,-0.19008024,-0.15495384,-0.2004665,-0.11139822,-0.1388583,-0.13027036,-0.1074974,-0.15152657,-0.1548636,-0.15800849,-0.10065024,-0.08152827,-0.09427856,-0.15490992,-0.11960925,-0.15027548,-0.16982608,-0.1185138,-0.15492527,-0.15829211,-0.17738779,-0.15176103,-0.1549565,-0.25953975,-0.17989698,-0.13525523,-0.1549539,-0.15095688,-0.17780018,-0.2009549,-0.15493412,-0.09015879,-0.15468015,-0.12151222,-0.121854745,-0.13997786,-0.21433522,-0.13908121,-0.16057305,-0.15488726,-0.07092635,-0.15436797,-0.15756345,-0.18733518,-0.15471113,-0.13002,-0.12334781,-0.14100276,-0.15491602,-0.114095174,-0.25318068,-0.26654312,-0.12933424,-0.10945694,-0.1549078,-0.09238048,-0.20963459,-0.1549541,-0.15821746,-0.12957619,-0.15488717,-0.16015086,-0.1553517,-0.15495816,-0.19704957,-0.20616047,-0.12905252,-0.10460003,-0.11361031,-0.10256614,-0.15495127,-0.19495486,-0.15492865,-0.12950377,-0.15480888,-0.041086134,-0.12967405,-0.15495697,-0.2300741,-0.154937,-0.10384405,-0.15363695,-0.0784167,-0.1548246,-0.12766197,-0.15484339,-0.121451,-0.075820275,-0.09192432,-0.101488546,-0.15470949,-0.15821019,-0.12378413,-0.15480988,-0.1410757,-0.13984437,-0.18093297,-0.15495929,-0.25777104,-0.12844054,-0.15487418,-0.13462572,-0.119081676,-0.15493217,-0.15829405,-0.15829559,-0.15829661,-0.19755594,-0.25103784,-0.20219928,-0.19465852,-0.24831252,-0.20506537,-0.22091979,-0.15494518,-0.12976277,-0.11956477,-0.15494093,-0.15829065,-0.20931396,-0.18224281,-0.15493229,-0.32474133,-0.15495756,-0.15829909,-0.15829808,-0.15829772,-0.2185038,-0.15493149,-0.114121355,-0.15493456,-0.15828478,-0.15829086,-0.22984435,-0.15495178,-0.15827385,-0.08963354,-0.15485764,-0.15825409,-0.15826994,-0.15827155,-0.13302092,-0.1051107,-0.14014931,-0.15141064,-0.15839578,-0.15615125,-0.14613561,-0.15494847,-0.12319561,-0.13009176,-0.1549149,-0.15829891,-0.15829848,-0.15829849,-0.15829894,-0.38518023,-0.11451449,-0.15492213,-0.15564899,-0.14443555,-0.16636807,-0.1549532,-0.15822645,-0.12993515,-0.047159404,-0.14944795,-0.14016809,-0.14106366,-0.15482044,-0.19987361,-0.1649412,-0.17166539,-0.154933,-0.15826055,-0.12722544,-0.14610182,-0.2588673,-0.12991434,-0.15484168,-0.09132757,-0.12832497,-0.13684332,-0.16221203,-0.15659244,-0.12938349,-0.15472078,-0.15821251,-0.15825728,-0.158288,-0.15740095,-0.19795567,-0.15106063,-0.07294749,-0.2039893,-0.15492263,-0.15825614,-0.104459345,-0.15460432,-0.17466888,-0.13176009,-0.15492976,-0.15109587,-0.10913184,-0.15477893,-0.05825615,-0.14326635,-0.17082691,-0.15487319,-0.18883844,-0.15495856,-0.31316653,-0.15494943,-0.16808087,-0.14331596,-0.15495153,-0.15829574,-0.25088155,-0.1549589,-0.22115314,-0.07562123,-0.086852394,-0.10702289,-0.060967896,-0.14877546,-0.16796505,-0.15746465,-0.22133875,-0.12812386,-0.0969081,-0.16398169,-0.12716047,-0.11335766,-0.18846886,-0.13008587,-0.17755464,-0.0994983,-0.115196005,-0.15487444,-0.11662802,-0.19749595,-0.14526704,-0.12781724,-0.096878245,-0.15487507,-0.15811753,-0.12434345,-0.11230643,-0.063823454,-0.15481044,-0.11419349,-0.10007019,-0.24483351,-0.1549594,-0.15828794,-0.16344379,-0.1759062,-0.12524253,-0.15494595,-0.0782174,-0.19187105,-0.18185812,-0.09859173,-0.11065883,-0.15464777,-0.15800166,-0.083404,-0.1213824,-0.13072303,-0.13855581,-0.19385117,-0.15492493,-0.15829289,-0.19487974,-0.23847799,-0.2432746,-0.1297822,-0.15477073,-0.1582664,-0.14520228,-0.2961179,-0.15495872,-0.19813283,-0.12999913,-0.15489963,-0.060104962,-0.15931924,-0.15495706,-0.2028091,-0.2868003,-0.11816878,-0.14795661,-0.10060286,-0.1548133,-0.13614628,-0.20725825,-0.17393659,-0.125103,-0.15657571,-0.15690626,-0.15495577,-0.15829512,-0.16221246,-0.22200036,-0.13015106,-0.2814266,-0.15495977,-0.1915083,-0.24371436,-0.16952515,-0.1548785,-0.13369927,-0.12557748,-0.15495288,-0.18106565,-0.15495956,-0.18642783,-0.15490657,-0.30462334,-0.15485609,-0.14691104,-0.13029914,-0.1549476,-0.15828377,-0.18915205,-0.13007902,-0.15495223,-0.10481856,-0.1650517,-0.15495011,-0.15829697,-0.15826967,-0.12970892,-0.15486285,-0.15826547,-0.15825714,-0.15826774,-0.15827549,-0.16505513,-0.17392421,-0.15494595,-0.15829036,-0.15828097,-0.15829083,-0.2025511,-0.15354379,-0.14723541,-0.15401742,-0.11499533,-0.10471026,-0.11893196,-0.15494937,-0.15822428,-0.13004279,-0.19501048,-0.15495656,-0.18738703,-0.11705899,-0.17429145,-0.15494761,-0.06652963,-0.15472384,-0.10737923,-0.124497145,-0.15298569,-0.052188452,-0.26007295
k__Bacteria|p__Bacteroidetes|c__Bacteroidia|o__Bacteroidales|f__Rikenellaceae|g__Alistipes|s__Alistipes_shahii,-0.1004395,-0.12316422,-0.15484981,-0.15816054,-0.15816103,-0.23867357,-0.1666669,-0.16813041,-0.10929718,-0.22895765,-0.23728925,-0.15485793,-0.22850217,-0.3768707,-0.08556121,-0.15417215,-0.058144663,-0.15392828,-0.15805519,-0.19931981,-0.1978925,-0.12993766,-0.15479729,-0.12711628,-0.20043859,-0.11658599,-0.182019,-0.25032333,-0.1509206,-0.15480646,-0.15142563,-0.10844302,-0.18249588,-0.28454733,-0.15483546,-0.13026153,-0.15485382,-0.22338755,-0.15485856,-0.29867563,-0.15485868,-0.29356226,-0.12909007,-0.15460989,-0.13691942,-0.15484905,-0.23188588,-0.24781659,-0.1296162,-0.13027215,-0.24679694,-0.18279888,-0.25087595,-0.26027086,-0.28621647,-0.27511892,-0.11894142,-0.15471019,-0.040142577,-0.056944285,-0.15363508,-0.11274739,-0.13743341,-0.13007636,-0.15482211,-0.15815294,-0.15816069,-0.15816173,-0.27573854,-0.15479238,-0.13007973,-0.16243835,-0.12334165,-0.14074792,-0.15480003,-0.15887658,-0.14481027,-0.13023421,-0.18691605,-0.14998752,-0.154838,-0.15812445,-0.15814397,-0.15803379,-0.120334074,-0.13700745,-0.08858878,-0.15482774,-0.19008024,-0.15484688,-0.2004665,-0.11139822,-0.1388583,-0.13027036,-0.1074974,-0.15152657,-0.15468156,-0.15764424,-0.10065024,-0.08152827,-0.09427856,-0.15476617,-0.11960925,-0.15027548,-0.16982608,-0.1185138,-0.15479615,-0.1581502,-0.17738779,-0.15176103,-0.15485185,-0.25953975,-0.17989698,-0.13525523,-0.15484694,-0.15095688,-0.17780018,-0.2009549,-0.15481386,-0.09015879,-0.15434211,-0.12151222,-0.121854745,-0.13997786,-0.21433522,-0.13908121,-0.16057305,-0.15472445,-0.07092635,-0.15378484,-0.15687695,-0.18733518,-0.15442985,-0.13006064,-0.12334781,-0.14100276,-0.15477785,-0.114095174,-0.25318068,-0.26654312,-0.12880647,-0.10945694,-0.1547623,-0.09238048,-0.20963459,-0.15484735,-0.15802251,-0.12925321,-0.15472741,-0.16015086,-0.1553517,-0.15485483,-0.19704957,-0.20616047,-0.12834057,-0.10460003,-0.11361031,-0.10256614,-0.15484199,-0.19495486,-0.15480112,-0.12913541,-0.15457979,-0.041086134,-0.12967405,-0.15485285,-0.2300741,-0.15481651,-0.10384405,-0.15246254,-0.0784167,-0.15461397,-0.12766197,-0.1546454,-0.121451,-0.075820275,-0.09192432,-0.101488546,-0.15440097,-0.1579994,-0.12378413,-0.15459667,-0.1410757,-0.13984437,-0.18093297,-0.15485686,-0.25777104,-0.12844054,-0.15470472,-0.13462572,-0.119081676,-0.15480658,-0.1581538,-0.1581566,-0.1581585,-0.19755594,-0.25103784,-0.20219928,-0.19465852,-0.24831252,-0.20506537,-0.22091979,-0.15483198,-0.12958938,-0.11956477,-0.15482304,-0.1581477,-0.20931396,-0.18224281,-0.15480977,-0.32474133,-0.15485363,-0.1581629,-0.15816107,-0.15816043,-0.2185038,-0.15480891,-0.114121355,-0.15481329,-0.15813822,-0.15814808,-0.22984435,-0.15484294,-0.15812084,-0.08963354,-0.15467401,-0.15807953,-0.15811093,-0.15811177,-0.13302092,-0.1051107,-0.14014931,-0.15141064,-0.15839578,-0.15615125,-0.14613561,-0.15483662,-0.12319561,-0.13018857,-0.15477851,-0.15816262,-0.15816185,-0.15816185,-0.1581627,-0.38518023,-0.11451449,-0.15478957,-0.15564899,-0.14443555,-0.16636807,-0.15484607,-0.15803725,-0.12993515,-0.047159404,-0.14518133,-0.14016809,-0.14106366,-0.15460643,-0.19987361,-0.1649412,-0.17166539,-0.15480869,-0.15809083,-0.12722544,-0.14610182,-0.2588673,-0.12985481,-0.15464129,-0.09132757,-0.12832497,-0.13684332,-0.16221203,-0.15659244,-0.1289416,-0.15443008,-0.158005,-0.15808617,-0.15814264,-0.15740095,-0.19795567,-0.15106063,-0.07294749,-0.2039893,-0.15479143,-0.158083,-0.104459345,-0.15424576,-0.17466888,-0.13176009,-0.15480171,-0.15109587,-0.10913184,-0.15453157,-0.05825615,-0.14326635,-0.17082691,-0.15470198,-0.18883844,-0.15485561,-0.31316653,-0.15484005,-0.16808087,-0.14331596,-0.15484269,-0.15815705,-0.25088155,-0.15485623,-0.22115314,-0.07562123,-0.086852394,-0.10702289,-0.060967896,-0.14395297,-0.16796505,-0.15746465,-0.22133875,-0.12812386,-0.0969081,-0.16398169,-0.12716047,-0.11335766,-0.18846886,-0.13017608,-0.17755464,-0.0994983,-0.115196005,-0.15470329,-0.11662802,-0.19749595,-0.14526704,-0.12781724,-0.096878245,-0.15470085,-0.15783113,-0.12434345,-0.11230643,-0.063823454,-0.15458593,-0.11419349,-0.10007019,-0.24483351,-0.15485704,-0.15814334,-0.16344379,-0.1759062,-0.12524253,-0.1548323,-0.0782174,-0.19187105,-0.18185812,-0.09859173,-0.11065883,-0.15428501,-0.1576198,-0.083404,-0.1213824,-0.13072303,-0.13855581,-0.19385117,-0.15479584,-0.15815163,-0.19487974,-0.23847799,-0.2432746,-0.12963103,-0.15451366,-0.15810424,-0.14520228,-0.2961179,-0.15485579,-0.19813283,-0.13001572,-0.1547499,-0.060104962,-0.15931924,-0.15485293,-0.2028091,-0.2868003,-0.11816878,-0.14795661,-0.10060286,-0.15459493,-0.13614628,-0.20725825,-0.17393659,-0.125103,-0.15657571,-0.15690626,-0.15485057,-0.15815568,-0.16221246,-0.22200036,-0.13029769,-0.2814266,-0.15485775,-0.1915083,-0.24371436,-0.16952515,-0.15471542,-0.13369927,-0.12557748,-0.1548454,-0.18106565,-0.15485731,-0.18642783,-0.15476575,-0.30462334,-0.15467396,-0.14691104,-0.13029914,-0.15483567,-0.15813486,-0.18915205,-0.13016152,-0.1548439,-0.10481856,-0.1650517,-0.15484063,-0.15815914,-0.15811118,-0.12948878,-0.15467975,-0.15810323,-0.15808746,-0.15810718,-0.15812004,-0.16505513,-0.17392421,-0.15483305,-0.15814695,-0.15813024,-0.15814784,-0.2025511,-0.15354379,-0.14723541,-0.15320522,-0.11499533,-0.10471026,-0.11893196,-0.1548389,-0.15803191,-0.13009289,-0.19501048,-0.15485214,-0.18738703,-0.11705899,-0.17429145,-0.1548357,-0.06652963,-0.15442446,-0.10737923,-0.124497145,-0.15298569,-0.052188452,-0.26007295
k__Bacteria|p__Bacteroidetes|c__CFGB618|o__OFGB618|f__FGB618|g__GGB1455|s__GGB1455_SGB2018,-0.1004395,-0.12316422,-0.15455125,-0.15788285,-0.15788314,-0.23867357,-0.1666669,-0.16813041,-0.10929718,-0.22895765,-0.23728925,-0.15455627,-0.22850217,-0.3768707,-0.08556121,-0.15413865,-0.058144663,-0.1540033,-0.15781811,-0.19931981,-0.1978925,-0.12961608,-0.15451957,-0.12711628,-0.20043859,-0.11658599,-0.182019,-0.25032333,-0.1509206,-0.15452455,-0.15142563,-0.10844302,-0.18249588,-0.28454733,-0.1545424,-0.12980837,-0.15455377,-0.22338755,-0.15455666,-0.29867563,-0.15455672,-0.29356226,-0.12910435,-0.15440199,-0.13691942,-0.15455094,-0.23188588,-0.24781659,-0.1296162,-0.12981443,-0.24679694,-0.18279888,-0.25087595,-0.26027086,-0.28621647,-0.27511892,-0.11894142,-0.15446645,-0.040142577,-0.056944285,-0.15380016,-0.11274739,-0.13743341,-0.12969665,-0.15453395,-0.15787828,-0.1578829,-0.15788358,-0.27573854,-0.15451507,-0.12969816,-0.16243835,-0.12334165,-0.14074792,-0.1545212,-0.15887658,-0.14481027,-0.12979266,-0.18691605,-0.14998752,-0.15454416,-0.15786085,-0.15787247,-0.1578034,-0.120334074,-0.13700745,-0.08858878,-0.154538,-0.19008024,-0.15454957,-0.2004665,-0.11139822,-0.1388583,-0.13027036,-0.1074974,-0.15152657,-0.15444975,-0.15756378,-0.10065024,-0.08152827,-0.09427856,-0.154501,-0.11960925,-0.15027548,-0.16982608,-0.1185138,-0.15451807,-0.15787658,-0.17738779,-0.15176103,-0.15455253,-0.25953975,-0.17989698,-0.13525523,-0.15454966,-0.15095688,-0.17780018,-0.2009549,-0.15452793,-0.09015879,-0.15424675,-0.12151222,-0.121854745,-0.13997786,-0.21433522,-0.13908121,-0.16057305,-0.15447593,-0.07092635,-0.15390226,-0.15707284,-0.18733518,-0.15428212,-0.1296849,-0.12334781,-0.14100276,-0.15450776,-0.114095174,-0.25318068,-0.26654312,-0.12892419,-0.10945694,-0.15449867,-0.09238048,-0.20963459,-0.15454988,-0.15779415,-0.12919295,-0.15447599,-0.16015086,-0.1553517,-0.15455438,-0.19704957,-0.20616047,-0.12861298,-0.10460003,-0.11361031,-0.10256614,-0.15454674,-0.19495486,-0.15452176,-0.12910976,-0.1543892,-0.041086134,-0.12967405,-0.15455304,-0.2300741,-0.15453097,-0.10384405,-0.15309697,-0.0784167,-0.15440682,-0.12766197,-0.15442744,-0.121451,-0.075820275,-0.09192432,-0.101488546,-0.15427947,-0.15778595,-0.12378413,-0.15439177,-0.1410757,-0.13984437,-0.18093297,-0.15455562,-0.25777104,-0.12844054,-0.15446146,-0.13462572,-0.119081676,-0.15452561,-0.15787873,-0.15788043,-0.15788159,-0.19755594,-0.25103784,-0.20219928,-0.19465852,-0.24831252,-0.20506537,-0.22091979,-0.15454006,-0.12939814,-0.11956477,-0.15453532,-0.15787497,-0.20931396,-0.18224281,-0.1545259,-0.32474133,-0.1545537,-0.1578843,-0.15788318,-0.1578828,-0.2185038,-0.15452503,-0.114121355,-0.15452832,-0.15786853,-0.15787521,-0.22984435,-0.1545473,-0.15785661,-0.08963354,-0.15444335,-0.15783447,-0.15785211,-0.15785383,-0.13302092,-0.1051107,-0.14014931,-0.15141064,-0.15839578,-0.15615125,-0.14613561,-0.15454364,-0.12319561,-0.12976407,-0.15450662,-0.15788412,-0.15788363,-0.15788364,-0.15788415,-0.38518023,-0.11451449,-0.15451452,-0.15564899,-0.14443555,-0.16636807,-0.15454888,-0.15780424,-0.12993515,-0.047159404,-0.14847486,-0.14016809,-0.14106366,-0.15440215,-0.19987361,-0.1649412,-0.17166539,-0.15452653,-0.15784162,-0.12722544,-0.14610182,-0.2588673,-0.12956686,-0.1544255,-0.09132757,-0.12832497,-0.13684332,-0.16221203,-0.15659244,-0.12898144,-0.1542923,-0.15778854,-0.15783805,-0.15787202,-0.15740095,-0.19795567,-0.15106063,-0.07294749,-0.2039893,-0.15451512,-0.15783674,-0.104459345,-0.15416095,-0.17466888,-0.13176009,-0.1545229,-0.15109587,-0.10913184,-0.15435639,-0.05825615,-0.14326635,-0.17082691,-0.15446049,-0.18883844,-0.15455481,-0.31316653,-0.15454477,-0.16808087,-0.14331596,-0.15454704,-0.1578806,-0.25088155,-0.1545552,-0.22115314,-0.07562123,-0.086852394,-0.10702289,-0.060967896,-0.14773083,-0.16796505,-0.15746465,-0.22133875,-0.12812386,-0.0969081,-0.16398169,-0.12716047,-0.11335766,-0.18846886,-0.1297575,-0.17755464,-0.0994983,-0.115196005,-0.15446183,-0.11662802,-0.19749595,-0.14526704,-0.12781724,-0.096878245,-0.15446241,-0.15768349,-0.12434345,-0.11230643,-0.063823454,-0.15439111,-0.11419349,-0.10007019,-0.24483351,-0.15455574,-0.15787202,-0.16344379,-0.1759062,-0.12524253,-0.15454087,-0.0782174,-0.19187105,-0.18185812,-0.09859173,-0.11065883,-0.15421094,-0.15755537,-0.083404,-0.1213824,-0.13072303,-0.13855581,-0.19385117,-0.15451768,-0.15787745,-0.19487974,-0.23847799,-0.2432746,-0.12941995,-0.15434712,-0.15784818,-0.14520228,-0.2961179,-0.154555,-0.19813283,-0.1296614,-0.15448973,-0.060104962,-0.15931924,-0.15455316,-0.2028091,-0.2868003,-0.11816878,-0.14795661,-0.10060286,-0.15439433,-0.13614628,-0.20725825,-0.17393659,-0.125103,-0.15657571,-0.15690626,-0.15455174,-0.15787992,-0.16221246,-0.22200036,-0.12982976,-0.2814266,-0.15455616,-0.1915083,-0.24371436,-0.16952515,-0.15446651,-0.13369927,-0.12557748,-0.15454854,-0.18106565,-0.1545559,-0.18642783,-0.15449756,-0.30462334,-0.15444168,-0.14691104,-0.13029914,-0.15454268,-0.15786736,-0.18915205,-0.12974992,-0.15454781,-0.10481856,-0.1650517,-0.15454549,-0.15788198,-0.15785187,-0.1293376,-0.15444891,-0.15784717,-0.15783796,-0.15784967,-0.15785822,-0.16505513,-0.17392421,-0.1545409,-0.15787464,-0.15786427,-0.15787518,-0.2025511,-0.15354379,-0.14723541,-0.15351643,-0.11499533,-0.10471026,-0.11893196,-0.15454465,-0.15780191,-0.12970978,-0.19501048,-0.15455261,-0.18738703,-0.11705899,-0.17429145,-0.15454271,-0.06652963,-0.15429525,-0.10737923,-0.124497145,-0.15298569,-0.052188452,-0.26007295
k__Bacteria|p__Bacteroidetes|c__CFGB618|o__OFGB618|f__FGB618|g__GGB1456|s__GGB1456_SGB2019,-0.1004395,-0.12316422,-0.15522376,-0.15857194,-0.1585722,-0.23867357,-0.1666669,-0.16813041,-0.10929718,-0.22895765,-0.23728925,-0.15522844,-0.22850217,-0.3768707,-0.08556121,-0.15483277,-0.058144663,-0.15470894,-0.15851146,-0.19931981,-0.1978925,-0.13017774,-0.15519413,-0.12711628,-0.20043859,-0.11658599,-0.182019,-0.25032333,-0.1509206,-0.1551989,-0.15142563,-0.10844302,-0.18249588,-0.28454733,-0.15521559,-0.1303573,-0.15522611,-0.22338755,-0.1552288,-0.29867563,-0.15522885,-0.29356226,-0.12969637,-0.15508485,-0.13691942,-0.15522346,-0.23188588,-0.24781659,-0.1296162,-0.13036308,-0.24679694,-0.18279888,-0.25087595,-0.26027086,-0.28621647,-0.27511892,-0.11894142,-0.15514448,-0.040142577,-0.056944285,-0.1545246,-0.11274739,-0.13743341,-0.13025361,-0.15520766,-0.15856767,-0.15857199,-0.15857261,-0.27573854,-0.15519015,-0.13025449,-0.16243835,-0.12334165,-0.14074792,-0.15519568,-0.15887658,-0.14481027,-0.13034259,-0.18691605,-0.14998752,-0.15521713,-0.15855142,-0.1585623,-0.15849787,-0.120334074,-0.13700745,-0.08858878,-0.15521136,-0.19008024,-0.15522218,-0.2004665,-0.11139822,-0.1388583,-0.13027036,-0.1074974,-0.15152657,-0.15512896,-0.1582683,-0.10065024,-0.08152827,-0.09427856,-0.15517676,-0.11960925,-0.15027548,-0.16982608,-0.1185138,-0.15519284,-0.1585661,-0.17738779,-0.15176103,-0.15522495,-0.25953975,-0.17989698,-0.13525523,-0.15522225,-0.15095688,-0.17780018,-0.2009549,-0.15520222,-0.09015879,-0.15493871,-0.12151222,-0.121854745,-0.13997786,-0.21433522,-0.13908121,-0.16057305,-0.1551533,-0.07092635,-0.1546152,-0.15781993,-0.18733518,-0.1549738,-0.13024239,-0.12334781,-0.14100276,-0.1551831,-0.114095174,-0.25318068,-0.26654312,-0.12953079,-0.10945694,-0.15517457,-0.09238048,-0.20963459,-0.15522248,-0.15848984,-0.12977853,-0.1551533,-0.16015086,-0.1553517,-0.15522666,-0.19704957,-0.20616047,-0.1292415,-0.10460003,-0.11361031,-0.10256614,-0.15521953,-0.19495486,-0.15519641,-0.1297082,-0.15507178,-0.041086134,-0.12967405,-0.15522544,-0.2300741,-0.15520507,-0.10384405,-0.1538542,-0.0784167,-0.15508856,-0.12766197,-0.155108,-0.121451,-0.075820275,-0.09192432,-0.101488546,-0.15496969,-0.15848127,-0.12378413,-0.15507166,-0.1410757,-0.13984437,-0.18093297,-0.15522781,-0.25777104,-0.12844054,-0.15514012,-0.13462572,-0.119081676,-0.1551997,-0.1585681,-0.15856968,-0.15857074,-0.19755594,-0.25103784,-0.20219928,-0.19465852,-0.24831252,-0.20506537,-0.22091979,-0.15521339,-0.12997353,-0.11956477,-0.15520883,-0.1585646,-0.20931396,-0.18224281,-0.15520012,-0.32474133,-0.15522602,-0.15857328,-0.15857226,-0.15857188,-0.2185038,-0.15519926,-0.114121355,-0.15520242,-0.15855868,-0.1585648,-0.22984435,-0.15522003,-0.15854746,-0.08963354,-0.15512298,-0.15852666,-0.15854335,-0.15854475,-0.13302092,-0.1051107,-0.14014931,-0.15141064,-0.15839578,-0.15615125,-0.14613561,-0.1552166,-0.12319561,-0.13031603,-0.1551823,-0.15857312,-0.15857267,-0.15857267,-0.15857315,-0.38518023,-0.11451449,-0.15518951,-0.15564899,-0.14443555,-0.16636807,-0.15522158,-0.1584993,-0.12993515,-0.047159404,-0.14957538,-0.14016809,-0.14106366,-0.1550848,-0.19987361,-0.1649412,-0.17166539,-0.15520066,-0.15853332,-0.12722544,-0.14610182,-0.2588673,-0.130131,-0.15510613,-0.09132757,-0.12832497,-0.13684332,-0.16221203,-0.15659244,-0.129586,-0.15498176,-0.15848386,-0.15853004,-0.15856183,-0.15740095,-0.19795567,-0.15106063,-0.07294749,-0.2039893,-0.15519013,-0.15852873,-0.104459345,-0.1548554,-0.17466888,-0.13176009,-0.15519717,-0.15109587,-0.10913184,-0.15504129,-0.05825615,-0.14326635,-0.17082691,-0.15513918,-0.18883844,-0.15522707,-0.31316653,-0.1552178,-0.16808087,-0.14331596,-0.15521981,-0.15856986,-0.25088155,-0.15522742,-0.22115314,-0.07562123,-0.086852394,-0.10702289,-0.060967896,-0.14888653,-0.16796505,-0.15746465,-0.22133875,-0.12812386,-0.0969081,-0.16398169,-0.12716047,-0.11335766,-0.18846886,-0.13030985,-0.17755464,-0.0994983,-0.115196005,-0.15514033,-0.11662802,-0.19749595,-0.14526704,-0.12781724,-0.096878245,-0.15514053,-0.15838566,-0.12434345,-0.11230643,-0.063823454,-0.15507382,-0.11419349,-0.10007019,-0.24483351,-0.15522793,-0.15856197,-0.16344379,-0.1759062,-0.12524253,-0.15521404,-0.0782174,-0.19187105,-0.18185812,-0.09859173,-0.11065883,-0.15490542,-0.15826577,-0.083404,-0.1213824,-0.13072303,-0.13855581,-0.19385117,-0.15519254,-0.15856689,-0.19487974,-0.23847799,-0.2432746,-0.12999524,-0.15503302,-0.15853964,-0.14520228,-0.2961179,-0.15522723,-0.19813283,-0.13022012,-0.15516639,-0.060104962,-0.15931924,-0.15522555,-0.2028091,-0.2868003,-0.11816878,-0.14795661,-0.10060286,-0.15507755,-0.13614628,-0.20725825,-0.17393659,-0.125103,-0.15657571,-0.15690626,-0.1552242,-0.1585692,-0.16221246,-0.22200036,-0.1303774,-0.2814266,-0.15522832,-0.1915083,-0.24371436,-0.16952515,-0.1551449,-0.13369927,-0.12557748,-0.15522122,-0.18106565,-0.1552281,-0.18642783,-0.15517402,-0.30462334,-0.1551219,-0.14691104,-0.13029914,-0.15521577,-0.15855747,-0.18915205,-0.13030268,-0.15522052,-0.10481856,-0.1650517,-0.15521841,-0.15857112,-0.15854333,-0.12991849,-0.15512805,-0.15853874,-0.1585301,-0.15854108,-0.15854889,-0.16505513,-0.17392421,-0.1552141,-0.15856428,-0.15855463,-0.15856478,-0.2025511,-0.15354379,-0.14723541,-0.15426312,-0.11499533,-0.10471026,-0.11893196,-0.15521759,-0.15849659,-0.13026449,-0.19501048,-0.15522504,-0.18738703,-0.11705899,-0.17429145,-0.15521589,-0.06652963,-0.15498334,-0.10737923,-0.124497145,-0.15298569,-0.052188452,-0.26007295
k__Bacteria|p__Bacteroidetes|c__Bacteroidia|o__Bacteroidales|f__Prevotellaceae|g__Prevotella|s__Prevotella_nanceiensis,-0.1004395,-0.12316422,-0.15536788,-0.15871498,-0.15871522,-0.23867357,-0.1666669,-0.16813041,-0.10929718,-0.22895765,-0.23728925,-0.15537244,-0.22850217,-0.3768707,-0.08556121,-0.1549961,-0.058144663,-0.15487617,-0.15865621,-0.19931981,-0.1978925,-0.13034034,-0.15533924,-0.12711628,-0.20043859,-0.11658599,-0.182019,-0.25032333,-0.1509206,-0.15534347,-0.15142563,-0.10844302,-0.18249588,-0.28454733,-0.15535966,-0.1305102,-0.15537019,-0.22338755,-0.1553728,-0.29867563,-0.15537286,-0.29356226,-0.12988646,-0.15523136,-0.13691942,-0.15536763,-0.23188588,-0.24781659,-0.1296162,-0.13051541,-0.24679694,-0.18279888,-0.25087595,-0.26027086,-0.28621647,-0.27511892,-0.11894142,-0.15529124,-0.040142577,-0.056944285,-0.154683,-0.11274739,-0.13743341,-0.13041064,-0.15535204,-0.15871084,-0.15871501,-0.15871564,-0.27573854,-0.15533479,-0.13041168,-0.16243835,-0.12334165,-0.14074792,-0.15534067,-0.15887658,-0.14481027,-0.13049625,-0.18691605,-0.14998752,-0.15536147,-0.15869501,-0.15870547,-0.15864143,-0.120334074,-0.13700745,-0.08858878,-0.15535593,-0.19008024,-0.15536639,-0.2004665,-0.11139822,-0.1388583,-0.13027036,-0.1074974,-0.15152657,-0.15527615,-0.15842387,-0.10065024,-0.08152827,-0.09427856,-0.15532252,-0.11960925,-0.15027548,-0.16982608,-0.1185138,-0.1553376,-0.15870929,-0.17738779,-0.15176103,-0.15536904,-0.25953975,-0.17989698,-0.13525523,-0.15536645,-0.15095688,-0.17780018,-0.2009549,-0.1553461,-0.09015879,-0.15509358,-0.12151222,-0.121854745,-0.13997786,-0.21433522,-0.13908121,-0.16057305,-0.15529993,-0.07092635,-0.15478075,-0.15797132,-0.18733518,-0.15511945,-0.13040113,-0.12334781,-0.14100276,-0.15532854,-0.114095174,-0.25318068,-0.26654312,-0.12973727,-0.10945694,-0.15532042,-0.09238048,-0.20963459,-0.15536667,-0.15863276,-0.12997043,-0.15529951,-0.16015086,-0.1553517,-0.15537074,-0.19704957,-0.20616047,-0.1294709,-0.10460003,-0.11361031,-0.10256614,-0.15536386,-0.19495486,-0.15534088,-0.12990189,-0.15522182,-0.041086134,-0.12967405,-0.15536946,-0.2300741,-0.15534912,-0.10384405,-0.15405226,-0.0784167,-0.15523711,-0.12766197,-0.15525594,-0.121451,-0.075820275,-0.09192432,-0.101488546,-0.1551223,-0.1586276,-0.12378413,-0.15522191,-0.1410757,-0.13984437,-0.18093297,-0.15537187,-0.25777104,-0.12844054,-0.15528613,-0.13462572,-0.119081676,-0.15534487,-0.15871125,-0.15871277,-0.15871382,-0.19755594,-0.25103784,-0.20219928,-0.19465852,-0.24831252,-0.20506537,-0.22091979,-0.15535754,-0.13014954,-0.11956477,-0.15535355,-0.15870781,-0.20931396,-0.18224281,-0.15534455,-0.32474133,-0.15537013,-0.15871629,-0.15871528,-0.15871494,-0.2185038,-0.15534389,-0.114121355,-0.1553469,-0.15870173,-0.15870804,-0.22984435,-0.15536438,-0.15869093,-0.08963354,-0.15527003,-0.15867145,-0.15868697,-0.15868887,-0.13302092,-0.1051107,-0.14014931,-0.15141064,-0.15839578,-0.15615125,-0.14613561,-0.1553611,-0.12319561,-0.13047034,-0.15532699,-0.15871611,-0.15871567,-0.1587157,-0.15871616,-0.38518023,-0.11451449,-0.15533453,-0.15564899,-0.14443555,-0.16636807,-0.1553657,-0.15864223,-0.12993515,-0.047159404,-0.14979514,-0.14016809,-0.14106366,-0.15523237,-0.19987361,-0.1649412,-0.17166539,-0.15534556,-0.15867801,-0.12722544,-0.14610182,-0.2588673,-0.13029946,-0.15525451,-0.09132757,-0.12832497,-0.13684332,-0.16221203,-0.15659244,-0.12978855,-0.15513295,-0.15862973,-0.15867451,-0.15870519,-0.15740095,-0.19795567,-0.15106063,-0.07294749,-0.2039893,-0.15533493,-0.15867361,-0.104459345,-0.15502675,-0.17466888,-0.13176009,-0.15534246,-0.15109587,-0.10913184,-0.15519166,-0.05825615,-0.14326635,-0.17082691,-0.15528534,-0.18883844,-0.15537111,-0.31316653,-0.15536177,-0.16808087,-0.14331596,-0.15536408,-0.1587129,-0.25088155,-0.15537144,-0.22115314,-0.07562123,-0.086852394,-0.10702289,-0.060967896,-0.14912221,-0.16796505,-0.15746465,-0.22133875,-0.12812386,-0.0969081,-0.16398169,-0.12716047,-0.11335766,-0.18846886,-0.1304648,-0.17755464,-0.0994983,-0.115196005,-0.15528676,-0.11662802,-0.19749595,-0.14526704,-0.12781724,-0.096878245,-0.15528807,-0.15853488,-0.12434345,-0.11230643,-0.063823454,-0.1552232,-0.11419349,-0.10007019,-0.24483351,-0.15537196,-0.15870488,-0.16344379,-0.1759062,-0.12524253,-0.15535852,-0.0782174,-0.19187105,-0.18185812,-0.09859173,-0.11065883,-0.1550608,-0.1584189,-0.083404,-0.1213824,-0.13072303,-0.13855581,-0.19385117,-0.1553372,-0.15871008,-0.19487974,-0.23847799,-0.2432746,-0.13016881,-0.15518323,-0.15868342,-0.14520228,-0.2961179,-0.15537128,-0.19813283,-0.13038066,-0.15531193,-0.060104962,-0.15931924,-0.15536958,-0.2028091,-0.2868003,-0.11816878,-0.14795661,-0.10060286,-0.15522507,-0.13614628,-0.20725825,-0.17393659,-0.125103,-0.15657571,-0.15690626,-0.15536831,-0.15871231,-0.16221246,-0.22200036,-0.13052918,-0.2814266,-0.15537232,-0.1915083,-0.24371436,-0.16952515,-0.15528962,-0.13369927,-0.12557748,-0.15536541,-0.18106565,-0.15537211,-0.18642783,-0.15531808,-0.30462334,-0.15526769,-0.14691104,-0.13029914,-0.15536012,-0.15870099,-0.18915205,-0.13045819,-0.1553648,-0.10481856,-0.1650517,-0.15536259,-0.15871418,-0.1586861,-0.13009933,-0.15527555,-0.15868238,-0.15867421,-0.15868472,-0.15869273,-0.16505513,-0.17392421,-0.15535842,-0.15870756,-0.1586981,-0.15870804,-0.2025511,-0.15354379,-0.14723541,-0.1544185,-0.11499533,-0.10471026,-0.11893196,-0.1553619,-0.15864012,-0.13042292,-0.19501048,-0.15536909,-0.18738703,-0.11705899,-0.17429145,-0.15535991,-0.06652963,-0.15513736,-0.10737923,-0.124497145,-0.15298569,-0.052188452,-0.26007295
k__Bacteria|p__Bacteroidetes|c__Bacteroidia|o__Bacteroidales|f__Prevotellaceae|g__Prevotella|s__Prevotella_oralis,-0.1004395,-0.12316422,-0.1549933,-0.15828967,-0.15828995,-0.23867357,-0.1666669,-0.16813041,-0.10929718,-0.22895765,-0.23728925,-0.15499821,-0.22850217,-0.3768707,-0.08556121,-0.15458666,-0.058144663,-0.15444955,-0.15822613,-0.19931981,-0.1978925,-0.1303268,-0.15496206,-0.12711628,-0.20043859,-0.11658599,-0.182019,-0.25032333,-0.1509206,-0.15496713,-0.15142563,-0.10844302,-0.18249588,-0.28454733,-0.15498477,-0.13051185,-0.15499575,-0.22338755,-0.1549986,-0.29867563,-0.15499866,-0.29356226,-0.1298266,-0.15484741,-0.13691942,-0.15499295,-0.23188588,-0.24781659,-0.1296162,-0.1305179,-0.24679694,-0.18279888,-0.25087595,-0.26027086,-0.28621647,-0.27511892,-0.11894142,-0.15490994,-0.040142577,-0.056944285,-0.15425679,-0.11274739,-0.13743341,-0.13040552,-0.1549764,-0.15828514,-0.15828973,-0.15829039,-0.27573854,-0.15495893,-0.13040522,-0.16243835,-0.12334165,-0.14074792,-0.15496361,-0.15887658,-0.14481027,-0.13049662,-0.18691605,-0.14998752,-0.15498629,-0.15826803,-0.15827954,-0.1582135,-0.120334074,-0.13700745,-0.08858878,-0.15498018,-0.19008024,-0.15499161,-0.2004665,-0.11139822,-0.1388583,-0.13027036,-0.1074974,-0.15152657,-0.15489319,-0.15798336,-0.10065024,-0.08152827,-0.09427856,-0.1549437,-0.11960925,-0.15027548,-0.16982608,-0.1185138,-0.15496078,-0.1582835,-0.17738779,-0.15176103,-0.15499455,-0.25953975,-0.17989698,-0.13525523,-0.15499169,-0.15095688,-0.17780018,-0.2009549,-0.15497117,-0.09015879,-0.15469237,-0.12151222,-0.121854745,-0.13997786,-0.21433522,-0.13908121,-0.16057305,-0.15491894,-0.07092635,-0.15435421,-0.15750024,-0.18733518,-0.15473285,-0.13039571,-0.12334781,-0.14100276,-0.1549504,-0.114095174,-0.25318068,-0.26654312,-0.12968367,-0.10945694,-0.15494132,-0.09238048,-0.20963459,-0.15499191,-0.15820481,-0.12992671,-0.15491945,-0.16015086,-0.1553517,-0.15499637,-0.19704957,-0.20616047,-0.12939759,-0.10460003,-0.11361031,-0.10256614,-0.15498877,-0.19495486,-0.15496466,-0.12986475,-0.15483306,-0.041086134,-0.12967405,-0.15499505,-0.2300741,-0.15497376,-0.10384405,-0.1535624,-0.0784167,-0.1548516,-0.12766197,-0.15487126,-0.121451,-0.075820275,-0.09192432,-0.101488546,-0.15472588,-0.15819398,-0.12378413,-0.15483865,-0.1410757,-0.13984437,-0.18093297,-0.15499757,-0.25777104,-0.12844054,-0.15490726,-0.13462572,-0.119081676,-0.15496784,-0.15828562,-0.15828729,-0.15828842,-0.19755594,-0.25103784,-0.20219928,-0.19465852,-0.24831252,-0.20506537,-0.22091979,-0.15498248,-0.13012446,-0.11956477,-0.1549775,-0.15828195,-0.20931396,-0.18224281,-0.15496874,-0.32474133,-0.15499565,-0.15829109,-0.15828998,-0.15828961,-0.2185038,-0.15496838,-0.114121355,-0.15497094,-0.15827578,-0.15828216,-0.22984435,-0.15498933,-0.15826479,-0.08963354,-0.1548875,-0.15824181,-0.15825954,-0.15826088,-0.13302092,-0.1051107,-0.14014931,-0.15141064,-0.15839578,-0.15615125,-0.14613561,-0.15498568,-0.12319561,-0.13046873,-0.1549497,-0.1582909,-0.15829045,-0.15829045,-0.15829095,-0.38518023,-0.11451449,-0.15495716,-0.15564899,-0.14443555,-0.16636807,-0.15499099,-0.1582138,-0.12993515,-0.047159404,-0.14905725,-0.14016809,-0.14106366,-0.1548467,-0.19987361,-0.1649412,-0.17166539,-0.15496886,-0.15824872,-0.12722544,-0.14610182,-0.2588673,-0.13028328,-0.15486947,-0.09132757,-0.12832497,-0.13684332,-0.16221203,-0.15659244,-0.12975381,-0.15474021,-0.15819688,-0.15824544,-0.158279,-0.15740095,-0.19795567,-0.15106063,-0.07294749,-0.2039893,-0.15495789,-0.15824404,-0.104459345,-0.15464044,-0.17466888,-0.13176009,-0.15496512,-0.15109587,-0.10913184,-0.1548027,-0.05825615,-0.14326635,-0.17082691,-0.15490413,-0.18883844,-0.15499678,-0.31316653,-0.1549871,-0.16808087,-0.14331596,-0.15498912,-0.1582875,-0.25088155,-0.15499714,-0.22115314,-0.07562123,-0.086852394,-0.10702289,-0.060967896,-0.14832953,-0.16796505,-0.15746465,-0.22133875,-0.12812386,-0.0969081,-0.16398169,-0.12716047,-0.11335766,-0.18846886,-0.13046253,-0.17755464,-0.0994983,-0.115196005,-0.15490536,-0.11662802,-0.19749595,-0.14526704,-0.12781724,-0.096878245,-0.15490544,-0.15809351,-0.12434345,-0.11230643,-0.063823454,-0.15483579,-0.11419349,-0.10007019,-0.24483351,-0.15499768,-0.15827928,-0.16344379,-0.1759062,-0.12524253,-0.15498298,-0.0782174,-0.19187105,-0.18185812,-0.09859173,-0.11065883,-0.1546574,-0.15796691,-0.083404,-0.1213824,-0.13072303,-0.13855581,-0.19385117,-0.15496045,-0.15828434,-0.19487974,-0.23847799,-0.2432746,-0.13014169,-0.15479241,-0.15825565,-0.14520228,-0.2961179,-0.15499693,-0.19813283,-0.13037229,-0.15493304,-0.060104962,-0.15931924,-0.15499516,-0.2028091,-0.2868003,-0.11816878,-0.14795661,-0.10060286,-0.15483949,-0.13614628,-0.20725825,-0.17393659,-0.125103,-0.15657571,-0.15690626,-0.15499377,-0.15828678,-0.16221246,-0.22200036,-0.13053292,-0.2814266,-0.1549981,-0.1915083,-0.24371436,-0.16952515,-0.15491211,-0.13369927,-0.12557748,-0.15499063,-0.18106565,-0.15499783,-0.18642783,-0.15494163,-0.30462334,-0.1548861,-0.14691104,-0.13029914,-0.15498485,-0.15827438,-0.18915205,-0.13045493,-0.15498987,-0.10481856,-0.1650517,-0.15498766,-0.1582888,-0.15826002,-0.13006967,-0.15489228,-0.15825477,-0.15824562,-0.15825723,-0.15826547,-0.16505513,-0.17392421,-0.15498313,-0.15828156,-0.1582714,-0.1582821,-0.2025511,-0.15354379,-0.14723541,-0.15398379,-0.11499533,-0.10471026,-0.11893196,-0.15498677,-0.15821132,-0.13041495,-0.19501048,-0.15499464,-0.18738703,-0.11705899,-0.17429145,-0.15498522,-0.06652963,-0.15474057,-0.10737923,-0.124497145,-0.15298569,-0.052188452,-0.26007295
k__Bacteria|p__Bacteroidetes|c__Bacteroidia|o__Bacteroidales|f__Prevotellaceae|g__Prevotella|s__Prevotella_sp_HJM029,-0.1004395,-0.12316422,-0.15504721,-0.15841027,-0.15841068,-0.23867357,-0.1666669,-0.16813041,-0.10929718,-0.22895765,-0.23728925,-0.15505475,-0.22850217,-0.3768707,-0.08556121,-0.15442792,-0.058144663,-0.15422386,-0.15831295,-0.19931981,-0.1978925,-0.12977517,-0.15499924,-0.12711628,-0.20043859,-0.11658599,-0.182019,-0.25032333,-0.1509206,-0.1550065,-0.15142563,-0.10844302,-0.18249588,-0.28454733,-0.15503255,-0.13007124,-0.155051,-0.22338755,-0.15505531,-0.29867563,-0.15505542,-0.29356226,-0.12899709,-0.15482123,-0.13691942,-0.1550467,-0.23188588,-0.24781659,-0.1296162,-0.1300806,-0.24679694,-0.18279888,-0.25087595,-0.26027086,-0.28621647,-0.27511892,-0.11894142,-0.15491974,-0.040142577,-0.056944285,-0.15392198,-0.11274739,-0.13743341,-0.12989995,-0.15502124,-0.15840337,-0.15841033,-0.15841135,-0.27573854,-0.15499051,-0.12990263,-0.16243835,-0.12334165,-0.14074792,-0.15500203,-0.15887658,-0.14481027,-0.13004625,-0.18691605,-0.14998752,-0.15503655,-0.15837723,-0.1583947,-0.15827972,-0.120334074,-0.13700745,-0.08858878,-0.15502727,-0.19008024,-0.15504467,-0.2004665,-0.11139822,-0.1388583,-0.13027036,-0.1074974,-0.15152657,-0.15489465,-0.15788595,-0.10065024,-0.08152827,-0.09427856,-0.15497127,-0.11960925,-0.15027548,-0.16982608,-0.1185138,-0.15499696,-0.15840077,-0.17738779,-0.15176103,-0.15504912,-0.25953975,-0.17989698,-0.13525523,-0.15504478,-0.15095688,-0.17780018,-0.2009549,-0.15500946,-0.09015879,-0.15458956,-0.12151222,-0.121854745,-0.13997786,-0.21433522,-0.13908121,-0.16057305,-0.15493366,-0.07092635,-0.15407148,-0.15719746,-0.18733518,-0.15463874,-0.1298846,-0.12334781,-0.14100276,-0.15498182,-0.114095174,-0.25318068,-0.26654312,-0.12874371,-0.10945694,-0.15496804,-0.09238048,-0.20963459,-0.15504515,-0.15826899,-0.12914659,-0.15493381,-0.16015086,-0.1553517,-0.15505189,-0.19704957,-0.20616047,-0.12832837,-0.10460003,-0.11361031,-0.10256614,-0.15504041,-0.19495486,-0.15499909,-0.12903261,-0.15480272,-0.041086134,-0.12967405,-0.15504989,-0.2300741,-0.1550132,-0.10384405,-0.15285987,-0.0784167,-0.15483007,-0.12766197,-0.15486124,-0.121451,-0.075820275,-0.09192432,-0.101488546,-0.15463874,-0.15826458,-0.12378413,-0.1547895,-0.1410757,-0.13984437,-0.18093297,-0.15505378,-0.25777104,-0.12844054,-0.15490381,-0.13462572,-0.119081676,-0.15500864,-0.15840408,-0.15840663,-0.15840834,-0.19755594,-0.25103784,-0.20219928,-0.19465852,-0.24831252,-0.20506537,-0.22091979,-0.15502948,-0.12944928,-0.11956477,-0.15502313,-0.15839837,-0.20931396,-0.18224281,-0.15500736,-0.32474133,-0.15505087,-0.15841243,-0.15841076,-0.15841019,-0.2185038,-0.15500584,-0.114121355,-0.15501276,-0.15838873,-0.15839867,-0.22984435,-0.15504128,-0.15836947,-0.08963354,-0.15488514,-0.15833753,-0.15836418,-0.15836662,-0.13302092,-0.1051107,-0.14014931,-0.15141064,-0.15839578,-0.15615125,-0.14613561,-0.1550357,-0.12319561,-0.13000384,-0.1549804,-0.15841216,-0.15841144,-0.15841144,-0.15841222,-0.38518023,-0.11451449,-0.15499201,-0.15564899,-0.14443555,-0.16636807,-0.15504369,-0.15828863,-0.12993515,-0.047159404,-0.14595172,-0.14016809,-0.14106366,-0.1548237,-0.19987361,-0.1649412,-0.17166539,-0.15501001,-0.15834828,-0.12722544,-0.14610182,-0.2588673,-0.12970147,-0.15485796,-0.09132757,-0.12832497,-0.13684332,-0.16221203,-0.15659244,-0.12884519,-0.15465795,-0.15826848,-0.15834275,-0.15839395,-0.15740095,-0.19795567,-0.15106063,-0.07294749,-0.2039893,-0.15499303,-0.15834093,-0.104459345,-0.15443319,-0.17466888,-0.13176009,-0.1550045,-0.15109587,-0.10913184,-0.15475407,-0.05825615,-0.14326635,-0.17082691,-0.15491104,-0.18883844,-0.15505254,-0.31316653,-0.15503727,-0.16808087,-0.14331596,-0.15504083,-0.15840688,-0.25088155,-0.15505312,-0.22115314,-0.07562123,-0.086852394,-0.10702289,-0.060967896,-0.14483732,-0.16796505,-0.15746465,-0.22133875,-0.12812386,-0.0969081,-0.16398169,-0.12716047,-0.11335766,-0.18846886,-0.12999217,-0.17755464,-0.0994983,-0.115196005,-0.1549128,-0.11662802,-0.19749595,-0.14526704,-0.12781724,-0.096878245,-0.15491354,-0.15811029,-0.12434345,-0.11230643,-0.063823454,-0.15480636,-0.11419349,-0.10007019,-0.24483351,-0.15505394,-0.15839227,-0.16344379,-0.1759062,-0.12524253,-0.15503156,-0.0782174,-0.19187105,-0.18185812,-0.09859173,-0.11065883,-0.1545358,-0.15791789,-0.083404,-0.1213824,-0.13072303,-0.13855581,-0.19385117,-0.1549968,-0.15840209,-0.19487974,-0.23847799,-0.2432746,-0.12949498,-0.15474062,-0.15835813,-0.14520228,-0.2961179,-0.15505283,-0.19813283,-0.12984508,-0.15495464,-0.060104962,-0.15931924,-0.15505004,-0.2028091,-0.2868003,-0.11816878,-0.14795661,-0.10060286,-0.15481114,-0.13614628,-0.20725825,-0.17393659,-0.125103,-0.15657571,-0.15690626,-0.15504792,-0.15840581,-0.16221246,-0.22200036,-0.13010383,-0.2814266,-0.15505457,-0.1915083,-0.24371436,-0.16952515,-0.1549094,-0.13369927,-0.12557748,-0.1550431,-0.18106565,-0.15505418,-0.18642783,-0.15496257,-0.30462334,-0.15488312,-0.14691104,-0.13029914,-0.15503433,-0.158387,-0.18915205,-0.12997937,-0.15504193,-0.10481856,-0.1650517,-0.15503857,-0.15840894,-0.1583589,-0.1293616,-0.15489331,-0.1583567,-0.1583429,-0.15836051,-0.15837315,-0.16505513,-0.17392421,-0.15503165,-0.15839794,-0.15838239,-0.15839873,-0.2025511,-0.15354379,-0.14723541,-0.15349843,-0.11499533,-0.10471026,-0.11893196,-0.15503728,-0.15828031,-0.12992036,-0.19501048,-0.15504926,-0.18738703,-0.11705899,-0.17429145,-0.15503117,-0.06652963,-0.15466152,-0.10737923,-0.124497145,-0.15298569,-0.052188452,-0.26007295
k__Bacteria|p__Bacteroidetes|c__Bacteroidia|o__Bacteroidales|f__Prevotellaceae|g__Prevotella|s__Prevotella_copri_clade_C,-0.1004395,-0.12316422,-0.15487075,-0.15821277,-0.1582131,-0.23867357,-0.1666669,-0.16813041,-0.10929718,-0.22895765,-0.23728925,-0.15487647,-0.22850217,-0.3768707,-0.08556121,-0.15440029,-0.058144663,-0.15423682,-0.15813884,-0.19931981,-0.1978925,-0.12983234,-0.15483433,-0.12711628,-0.20043859,-0.11658599,-0.182019,-0.25032333,-0.1509206,-0.1548403,-0.15142563,-0.10844302,-0.18249588,-0.28454733,-0.154861,-0.13005051,-0.1548736,-0.22338755,-0.15487689,-0.29867563,-0.15487698,-0.29356226,-0.12926081,-0.15470135,-0.13691942,-0.1548703,-0.23188588,-0.24781659,-0.1296162,-0.13005757,-0.24679694,-0.18279888,-0.25087595,-0.26027086,-0.28621647,-0.27511892,-0.11894142,-0.1547735,-0.040142577,-0.056944285,-0.1540136,-0.11274739,-0.13743341,-0.12992403,-0.1548511,-0.15820749,-0.15821284,-0.1582136,-0.27573854,-0.15483037,-0.12992644,-0.16243835,-0.12334165,-0.14074792,-0.15483612,-0.15887658,-0.14481027,-0.13003272,-0.18691605,-0.14998752,-0.15486255,-0.15818751,-0.15820098,-0.1581247,-0.120334074,-0.13700745,-0.08858878,-0.15485546,-0.19008024,-0.15486878,-0.2004665,-0.11139822,-0.1388583,-0.13027036,-0.1074974,-0.15152657,-0.1547539,-0.15786597,-0.10065024,-0.08152827,-0.09427856,-0.15481287,-0.11960925,-0.15027548,-0.16982608,-0.1185138,-0.15483293,-0.15820557,-0.17738779,-0.15176103,-0.1548722,-0.25953975,-0.17989698,-0.13525523,-0.15486884,-0.15095688,-0.17780018,-0.2009549,-0.15484522,-0.09015879,-0.15451963,-0.12151222,-0.121854745,-0.13997786,-0.21433522,-0.13908121,-0.16057305,-0.1547839,-0.07092635,-0.15412804,-0.15729609,-0.18733518,-0.15456891,-0.12991436,-0.12334781,-0.14100276,-0.15482068,-0.114095174,-0.25318068,-0.26654312,-0.12905118,-0.10945694,-0.1548101,-0.09238048,-0.20963459,-0.15486911,-0.15811425,-0.12936087,-0.15478486,-0.16015086,-0.1553517,-0.1548743,-0.19704957,-0.20616047,-0.12870629,-0.10460003,-0.11361031,-0.10256614,-0.15486544,-0.19495486,-0.15483746,-0.12926789,-0.15468398,-0.041086134,-0.12967405,-0.15487283,-0.2300741,-0.15484789,-0.10384405,-0.15320635,-0.0784167,-0.15470554,-0.12766197,-0.1547285,-0.121451,-0.075820275,-0.09192432,-0.101488546,-0.15455891,-0.15810113,-0.12378413,-0.1546967,-0.1410757,-0.13984437,-0.18093297,-0.15487573,-0.25777104,-0.12844054,-0.15477028,-0.13462572,-0.119081676,-0.154841,-0.15820807,-0.15821,-0.15821132,-0.19755594,-0.25103784,-0.20219928,-0.19465852,-0.24831252,-0.20506537,-0.22091979,-0.15485817,-0.12959236,-0.11956477,-0.1548523,-0.15820377,-0.20931396,-0.18224281,-0.15484262,-0.32474133,-0.15487349,-0.15821442,-0.15821314,-0.15821269,-0.2185038,-0.15484172,-0.114121355,-0.15484476,-0.15819667,-0.15820402,-0.22984435,-0.1548661,-0.15818423,-0.08963354,-0.15474753,-0.15815684,-0.15817773,-0.15817916,-0.13302092,-0.1051107,-0.14014931,-0.15141064,-0.15839578,-0.15615125,-0.14613561,-0.15486182,-0.12319561,-0.13000004,-0.15482005,-0.15821421,-0.15821366,-0.15821368,-0.15821427,-0.38518023,-0.11451449,-0.15482861,-0.15564899,-0.14443555,-0.16636807,-0.15486808,-0.15812457,-0.12993515,-0.047159404,-0.14798027,-0.14016809,-0.14106366,-0.15469997,-0.19987361,-0.1649412,-0.17166539,-0.15484223,-0.1581649,-0.12722544,-0.14610182,-0.2588673,-0.12977636,-0.15472624,-0.09132757,-0.12832497,-0.13684332,-0.16221203,-0.15659244,-0.12911715,-0.15457577,-0.15810448,-0.15816118,-0.15820032,-0.15740095,-0.19795567,-0.15106063,-0.07294749,-0.2039893,-0.15482956,-0.15815936,-0.104459345,-0.15446383,-0.17466888,-0.13176009,-0.15483777,-0.15109587,-0.10913184,-0.15464838,-0.05825615,-0.14326635,-0.17082691,-0.15476692,-0.18883844,-0.1548748,-0.31316653,-0.15486357,-0.16808087,-0.14331596,-0.15486586,-0.15821025,-0.25088155,-0.15487525,-0.22115314,-0.07562123,-0.086852394,-0.10702289,-0.060967896,-0.14712396,-0.16796505,-0.15746465,-0.22133875,-0.12812386,-0.0969081,-0.16398169,-0.12716047,-0.11335766,-0.18846886,-0.12999263,-0.17755464,-0.0994983,-0.115196005,-0.15476827,-0.11662802,-0.19749595,-0.14526704,-0.12781724,-0.096878245,-0.15476805,-0.1579837,-0.12434345,-0.11230643,-0.063823454,-0.15468708,-0.11419349,-0.10007019,-0.24483351,-0.15487584,-0.15820071,-0.16344379,-0.1759062,-0.12524253,-0.15485868,-0.0782174,-0.19187105,-0.18185812,-0.09859173,-0.11065883,-0.15447891,-0.15783653,-0.083404,-0.1213824,-0.13072303,-0.13855581,-0.19385117,-0.15483254,-0.15820655,-0.19487974,-0.23847799,-0.2432746,-0.12960428,-0.15463644,-0.15817314,-0.14520228,-0.2961179,-0.154875,-0.19813283,-0.12988397,-0.15480056,-0.060104962,-0.15931924,-0.15487292,-0.2028091,-0.2868003,-0.11816878,-0.14795661,-0.10060286,-0.15469167,-0.13614628,-0.20725825,-0.17393659,-0.125103,-0.15657571,-0.15690626,-0.15487131,-0.15820938,-0.16221246,-0.22200036,-0.13007513,-0.2814266,-0.15487632,-0.1915083,-0.24371436,-0.16952515,-0.15477706,-0.13369927,-0.12557748,-0.15486765,-0.18106565,-0.15487604,-0.18642783,-0.15481113,-0.30462334,-0.15474609,-0.14691104,-0.13029914,-0.15486088,-0.15819493,-0.18915205,-0.1299836,-0.15486676,-0.10481856,-0.1650517,-0.1548642,-0.15821177,-0.15817821,-0.12950799,-0.15475288,-0.15817219,-0.15816146,-0.15817502,-0.15818456,-0.16505513,-0.17392421,-0.15485892,-0.15820333,-0.1581915,-0.15820393,-0.2025511,-0.15354379,-0.14723541,-0.15369794,-0.11499533,-0.10471026,-0.11893196,-0.15486315,-0.15812236,-0.12993723,-0.19501048,-0.15487233,-0.18738703,-0.11705899,-0.17429145,-0.15486133,-0.06652963,-0.15457664,-0.10737923,-0.124497145,-0.15298569,-0.052188452,-0.26007295
k__Bacteria|p__Bacteroidetes|c__Flavobacteriia|o__Flavobacteriales|f__Flavobacteriaceae|g__Formosa|s__Formosa_SGB1638,-0.1004395,-0.12316422,-0.15511492,-0.15841594,-0.15841621,-0.23867357,-0.1666669,-0.16813041,-0.10929718,-0.22895765,-0.23728925,-0.15511964,-0.22850217,-0.3768707,-0.08556121,-0.15472597,-0.058144663,-0.1545985,-0.1583552,-0.19931981,-0.1978925,-0.13040912,-0.15508506,-0.12711628,-0.20043859,-0.11658599,-0.182019,-0.25032333,-0.1509206,-0.15508965,-0.15142563,-0.10844302,-0.18249588,-0.28454733,-0.15510598,-0.13059849,-0.1551173,-0.22338755,-0.15512002,-0.29867563,-0.15512007,-0.29356226,-0.12989515,-0.1549741,-0.13691942,-0.15511462,-0.23188588,-0.24781659,-0.1296162,-0.13060425,-0.24679694,-0.18279888,-0.25087595,-0.26027086,-0.28621647,-0.27511892,-0.11894142,-0.15503517,-0.040142577,-0.056944285,-0.15441063,-0.11274739,-0.13743341,-0.13048899,-0.15509869,-0.15841165,-0.158416,-0.15841663,-0.27573854,-0.15508027,-0.13049023,-0.16243835,-0.12334165,-0.14074792,-0.15508665,-0.15887658,-0.14481027,-0.13058245,-0.18691605,-0.14998752,-0.15510829,-0.15839529,-0.15840623,-0.15833744,-0.120334074,-0.13700745,-0.08858878,-0.15510246,-0.19008024,-0.15511334,-0.2004665,-0.11139822,-0.1388583,-0.13027036,-0.1074974,-0.15152657,-0.15501942,-0.15809521,-0.10065024,-0.08152827,-0.09427856,-0.15506753,-0.11960925,-0.15027548,-0.16982608,-0.1185138,-0.15508372,-0.15841004,-0.17738779,-0.15176103,-0.15511613,-0.25953975,-0.17989698,-0.13525523,-0.1551134,-0.15095688,-0.17780018,-0.2009549,-0.15509209,-0.09015879,-0.15482815,-0.12151222,-0.121854745,-0.13997786,-0.21433522,-0.13908121,-0.16057305,-0.15504399,-0.07092635,-0.15450403,-0.15765709,-0.18733518,-0.15486133,-0.130475,-0.12334781,-0.14100276,-0.15507406,-0.114095174,-0.25318068,-0.26654312,-0.12972757,-0.10945694,-0.15506542,-0.09238048,-0.20963459,-0.15511364,-0.15833052,-0.12998904,-0.15504426,-0.16015086,-0.1553517,-0.15511787,-0.19704957,-0.20616047,-0.12943815,-0.10460003,-0.11361031,-0.10256614,-0.15511067,-0.19495486,-0.15508586,-0.12991156,-0.1549621,-0.041086134,-0.12967405,-0.15511662,-0.2300741,-0.15509477,-0.10384405,-0.15374991,-0.0784167,-0.15497968,-0.12766197,-0.15499854,-0.121451,-0.075820275,-0.09192432,-0.101488546,-0.15485895,-0.15832478,-0.12378413,-0.15495709,-0.1410757,-0.13984437,-0.18093297,-0.15511903,-0.25777104,-0.12844054,-0.15502748,-0.13462572,-0.119081676,-0.1550908,-0.15841207,-0.15841368,-0.15841477,-0.19755594,-0.25103784,-0.20219928,-0.19465852,-0.24831252,-0.20506537,-0.22091979,-0.15510413,-0.13018793,-0.11956477,-0.15509991,-0.15840852,-0.20931396,-0.18224281,-0.15509047,-0.32474133,-0.15511723,-0.15841731,-0.15841626,-0.15841591,-0.2185038,-0.15508996,-0.114121355,-0.15509349,-0.15840253,-0.15840876,-0.22984435,-0.15511122,-0.15839112,-0.08963354,-0.15501365,-0.15837047,-0.15838712,-0.15838863,-0.13302092,-0.1051107,-0.14014931,-0.15141064,-0.15839578,-0.15615125,-0.14613561,-0.15510774,-0.12319561,-0.13055603,-0.1550731,-0.15841714,-0.15841669,-0.15841669,-0.15841717,-0.38518023,-0.11451449,-0.15508041,-0.15564899,-0.14443555,-0.16636807,-0.15511274,-0.15834123,-0.12993515,-0.047159404,-0.14942518,-0.14016809,-0.14106366,-0.15497504,-0.19987361,-0.1649412,-0.17166539,-0.15509167,-0.15837711,-0.12722544,-0.14610182,-0.2588673,-0.13035877,-0.15499638,-0.09132757,-0.12832497,-0.13684332,-0.16221203,-0.15659244,-0.12979338,-0.15487187,-0.15832728,-0.15837376,-0.15840578,-0.15740095,-0.19795567,-0.15106063,-0.07294749,-0.2039893,-0.155081,-0.15837261,-0.104459345,-0.15472543,-0.17466888,-0.13176009,-0.15508819,-0.15109587,-0.10913184,-0.15493152,-0.05825615,-0.14326635,-0.17082691,-0.15502971,-0.18883844,-0.15511829,-0.31316653,-0.15510881,-0.16808087,-0.14331596,-0.15511094,-0.15841386,-0.25088155,-0.15511863,-0.22115314,-0.07562123,-0.086852394,-0.10702289,-0.060967896,-0.14872572,-0.16796505,-0.15746465,-0.22133875,-0.12812386,-0.0969081,-0.16398169,-0.12716047,-0.11335766,-0.18846886,-0.13054842,-0.17755464,-0.0994983,-0.115196005,-0.15503088,-0.11662802,-0.19749595,-0.14526704,-0.12781724,-0.096878245,-0.15503128,-0.15822831,-0.12434345,-0.11230643,-0.063823454,-0.15496436,-0.11419349,-0.10007019,-0.24483351,-0.15511915,-0.1584053,-0.16344379,-0.1759062,-0.12524253,-0.15510514,-0.0782174,-0.19187105,-0.18185812,-0.09859173,-0.11065883,-0.15479466,-0.15810777,-0.083404,-0.1213824,-0.13072303,-0.13855581,-0.19385117,-0.15508345,-0.15841088,-0.19487974,-0.23847799,-0.2432746,-0.13023114,-0.15492298,-0.1583834,-0.14520228,-0.2961179,-0.15511844,-0.19813283,-0.13045388,-0.15505706,-0.060104962,-0.15931924,-0.15511672,-0.2028091,-0.2868003,-0.11816878,-0.14795661,-0.10060286,-0.15496737,-0.13614628,-0.20725825,-0.17393659,-0.125103,-0.15657571,-0.15690626,-0.15511537,-0.1584132,-0.16221246,-0.22200036,-0.13061891,-0.2814266,-0.15511952,-0.1915083,-0.24371436,-0.16952515,-0.1550318,-0.13369927,-0.12557748,-0.1551124,-0.18106565,-0.1551193,-0.18642783,-0.15506312,-0.30462334,-0.15501224,-0.14691104,-0.13029914,-0.15510689,-0.15840141,-0.18915205,-0.1305409,-0.15511164,-0.10481856,-0.1650517,-0.15510952,-0.15841512,-0.15838546,-0.13015038,-0.15501857,-0.15838248,-0.15837382,-0.15838486,-0.15839282,-0.16505513,-0.17392421,-0.1551052,-0.15840824,-0.15839851,-0.15840876,-0.2025511,-0.15354379,-0.14723541,-0.15414569,-0.11499533,-0.10471026,-0.11893196,-0.15510872,-0.15833744,-0.1305026,-0.19501048,-0.15511622,-0.18738703,-0.11705899,-0.17429145,-0.15510595,-0.06652963,-0.15487337,-0.10737923,-0.124497145,-0.15298569,-0.052188452,-0.26007295
k__Bacteria|p__Bacteroidetes|c__Flavobacteriia|o__Flavobacteriales|f__Weeksellaceae|g__Chryseobacterium|s__Chryseobacterium_indologenes,-0.1004395,-0.12316422,-0.15498382,-0.15826496,-0.1582653,-0.23867357,-0.1666669,-0.16813041,-0.10929718,-0.22895765,-0.23728925,-0.15498933,-0.22850217,-0.3768707,-0.08556121,-0.1545234,-0.058144663,-0.15437008,-0.15819362,-0.19931981,-0.1978925,-0.13039947,-0.15494865,-0.12711628,-0.20043859,-0.11658599,-0.182019,-0.25032333,-0.1509206,-0.15495457,-0.15142563,-0.10844302,-0.18249588,-0.28454733,-0.15497425,-0.13061516,-0.15498656,-0.22338755,-0.15498975,-0.29867563,-0.15498981,-0.29356226,-0.12982547,-0.15482067,-0.13691942,-0.1549834,-0.23188588,-0.24781659,-0.1296162,-0.13062218,-0.24679694,-0.18279888,-0.25087595,-0.26027086,-0.28621647,-0.27511892,-0.11894142,-0.15488979,-0.040142577,-0.056944285,-0.15416001,-0.11274739,-0.13743341,-0.13049066,-0.15496491,-0.15825987,-0.15826502,-0.15826577,-0.27573854,-0.15494457,-0.1304927,-0.16243835,-0.12334165,-0.14074792,-0.15495047,-0.15887658,-0.14481027,-0.13059744,-0.18691605,-0.14998752,-0.1549759,-0.15824065,-0.15825363,-0.15817921,-0.120334074,-0.13700745,-0.08858878,-0.15496905,-0.19008024,-0.15498191,-0.2004665,-0.11139822,-0.1388583,-0.13027036,-0.1074974,-0.15152657,-0.1548711,-0.15791348,-0.10065024,-0.08152827,-0.09427856,-0.15492791,-0.11960925,-0.15027548,-0.16982608,-0.1185138,-0.15494741,-0.15825802,-0.17738779,-0.15176103,-0.15498522,-0.25953975,-0.17989698,-0.13525523,-0.15498199,-0.15095688,-0.17780018,-0.2009549,-0.15495902,-0.09015879,-0.15464446,-0.12151222,-0.121854745,-0.13997786,-0.21433522,-0.13908121,-0.16057305,-0.15489997,-0.07092635,-0.1542651,-0.15738511,-0.18733518,-0.15469408,-0.13047646,-0.12334781,-0.14100276,-0.15493554,-0.114095174,-0.25318068,-0.26654312,-0.12962386,-0.10945694,-0.15492529,-0.09238048,-0.20963459,-0.15498224,-0.15817057,-0.1299248,-0.15490082,-0.16015086,-0.1553517,-0.15498725,-0.19704957,-0.20616047,-0.12928711,-0.10460003,-0.11361031,-0.10256614,-0.15497869,-0.19495486,-0.15495151,-0.12983601,-0.1548033,-0.041086134,-0.12967405,-0.15498582,-0.2300741,-0.15496185,-0.10384405,-0.15336645,-0.0784167,-0.15482411,-0.12766197,-0.15484643,-0.121451,-0.075820275,-0.09192432,-0.101488546,-0.15468198,-0.15815708,-0.12378413,-0.15480936,-0.1410757,-0.13984437,-0.18093297,-0.1549886,-0.25777104,-0.12844054,-0.1548861,-0.13462572,-0.119081676,-0.15495507,-0.1582604,-0.1582623,-0.15826356,-0.19755594,-0.25103784,-0.20219928,-0.19465852,-0.24831252,-0.20506537,-0.22091979,-0.15497172,-0.130156,-0.11956477,-0.15496601,-0.15825629,-0.20931396,-0.18224281,-0.15495622,-0.32474133,-0.15498646,-0.15826654,-0.15826532,-0.1582649,-0.2185038,-0.15495549,-0.114121355,-0.15495881,-0.15824953,-0.15825655,-0.22984435,-0.15497932,-0.15823662,-0.08963354,-0.15486474,-0.15821093,-0.15823126,-0.1582325,-0.13302092,-0.1051107,-0.14014931,-0.15141064,-0.15839578,-0.15615125,-0.14613561,-0.15497518,-0.12319561,-0.1305661,-0.15493515,-0.15826635,-0.15826583,-0.15826583,-0.1582664,-0.38518023,-0.11451449,-0.15494326,-0.15564899,-0.14443555,-0.16636807,-0.15498126,-0.15818045,-0.12993515,-0.047159404,-0.14836933,-0.14016809,-0.14106366,-0.15481955,-0.19987361,-0.1649412,-0.17166539,-0.15495634,-0.15821874,-0.12722544,-0.14610182,-0.2588673,-0.13034299,-0.15484397,-0.09132757,-0.12832497,-0.13684332,-0.16221203,-0.15659244,-0.12969524,-0.15469857,-0.15816042,-0.15821517,-0.15825295,-0.15740095,-0.19795567,-0.15106063,-0.07294749,-0.2039893,-0.15494418,-0.15821332,-0.104459345,-0.1545623,-0.17466888,-0.13176009,-0.15495199,-0.15109587,-0.10913184,-0.15476814,-0.05825615,-0.14326635,-0.17082691,-0.15488388,-0.18883844,-0.15498772,-0.31316653,-0.15497696,-0.16808087,-0.14331596,-0.1549791,-0.15826255,-0.25088155,-0.15498815,-0.22115314,-0.07562123,-0.086852394,-0.10702289,-0.060967896,-0.14754663,-0.16796505,-0.15746465,-0.22133875,-0.12812386,-0.0969081,-0.16398169,-0.12716047,-0.11335766,-0.18846886,-0.13055824,-0.17755464,-0.0994983,-0.115196005,-0.15488507,-0.11662802,-0.19749595,-0.14526704,-0.12781724,-0.096878245,-0.15488452,-0.15804374,-0.12434345,-0.11230643,-0.063823454,-0.154806,-0.11419349,-0.10007019,-0.24483351,-0.15498872,-0.15825337,-0.16344379,-0.1759062,-0.12524253,-0.1549722,-0.0782174,-0.19187105,-0.18185812,-0.09859173,-0.11065883,-0.1546055,-0.15790181,-0.083404,-0.1213824,-0.13072303,-0.13855581,-0.19385117,-0.15494709,-0.15825897,-0.19487974,-0.23847799,-0.2432746,-0.13018309,-0.15475765,-0.15822685,-0.14520228,-0.2961179,-0.1549879,-0.19813283,-0.13045034,-0.15491612,-0.060104962,-0.15931924,-0.15498593,-0.2028091,-0.2868003,-0.11816878,-0.14795661,-0.10060286,-0.1548113,-0.13614628,-0.20725825,-0.17393659,-0.125103,-0.15657571,-0.15690626,-0.15498435,-0.1582617,-0.16221246,-0.22200036,-0.13063926,-0.2814266,-0.1549892,-0.1915083,-0.24371436,-0.16952515,-0.15489244,-0.13369927,-0.12557748,-0.15498084,-0.18106565,-0.15498891,-0.18642783,-0.15492608,-0.30462334,-0.15486407,-0.14691104,-0.13029914,-0.15497431,-0.15824775,-0.18915205,-0.13054946,-0.15497994,-0.10481856,-0.1650517,-0.15497756,-0.15826401,-0.15823174,-0.13008699,-0.15486997,-0.15822592,-0.15821548,-0.15822864,-0.15823764,-0.16505513,-0.17392421,-0.15497245,-0.15825585,-0.15824449,-0.15825644,-0.2025511,-0.15354379,-0.14723541,-0.15385841,-0.11499533,-0.10471026,-0.11893196,-0.15497649,-0.15817744,-0.13050355,-0.19501048,-0.15498534,-0.18738703,-0.11705899,-0.17429145,-0.1549747,-0.06652963,-0.15469848,-0.10737923,-0.124497145,-0.15298569,-0.052188452,-0.26007295
k__Bacteria|p__Bacteroidetes|c__Flavobacteriia|o__Flavobacteriales|f__Weeksellaceae|g__Chryseobacterium|s__Chryseobacterium_oranimense,-0.1004395,-0.12316422,-0.15532556,-0.15862937,-0.15862963,-0.23867357,-0.1666669,-0.16813041,-0.10929718,-0.22895765,-0.23728925,-0.15532994,-0.22850217,-0.3768707,-0.08556121,-0.15495494,-0.058144663,-0.1548369,-0.15857261,-0.19931981,-0.1978925,-0.13060978,-0.1552976,-0.12711628,-0.20043859,-0.11658599,-0.182019,-0.25032333,-0.1509206,-0.15530232,-0.15142563,-0.10844302,-0.18249588,-0.28454733,-0.15531781,-0.13078763,-0.15532774,-0.22338755,-0.15533027,-0.29867563,-0.15533033,-0.29356226,-0.13013624,-0.15519582,-0.13691942,-0.15532523,-0.23188588,-0.24781659,-0.1296162,-0.1307934,-0.24679694,-0.18279888,-0.25087595,-0.26027086,-0.28621647,-0.27511892,-0.11894142,-0.15525067,-0.040142577,-0.056944285,-0.15467182,-0.11274739,-0.13743341,-0.13068545,-0.15531054,-0.15862533,-0.15862943,-0.15863001,-0.27573854,-0.1552937,-0.13068733,-0.16243835,-0.12334165,-0.14074792,-0.1552991,-0.15887658,-0.14481027,-0.13077311,-0.18691605,-0.14998752,-0.15531927,-0.15861006,-0.15862036,-0.15855953,-0.120334074,-0.13700745,-0.08858878,-0.15531385,-0.19008024,-0.15532404,-0.2004665,-0.11139822,-0.1388583,-0.13027036,-0.1074974,-0.15152657,-0.15523604,-0.1583375,-0.10065024,-0.08152827,-0.09427856,-0.15528113,-0.11960925,-0.15027548,-0.16982608,-0.1185138,-0.15529662,-0.15862386,-0.17738779,-0.15176103,-0.15532666,-0.25953975,-0.17989698,-0.13525523,-0.1553241,-0.15095688,-0.17780018,-0.2009549,-0.15530542,-0.09015879,-0.15505566,-0.12151222,-0.121854745,-0.13997786,-0.21433522,-0.13908121,-0.16057305,-0.15525886,-0.07092635,-0.15475151,-0.15793039,-0.18733518,-0.15509373,-0.13067298,-0.12334781,-0.14100276,-0.15528724,-0.114095174,-0.25318068,-0.26654312,-0.12995127,-0.10945694,-0.15527907,-0.09238048,-0.20963459,-0.15532431,-0.15855348,-0.13020676,-0.15525939,-0.16015086,-0.1553517,-0.15532827,-0.19704957,-0.20616047,-0.12967867,-0.10460003,-0.11361031,-0.10256614,-0.15532151,-0.19495486,-0.15529948,-0.1301331,-0.15518177,-0.041086134,-0.12967405,-0.15532717,-0.2300741,-0.15530789,-0.10384405,-0.15403007,-0.0784167,-0.15519822,-0.12766197,-0.15521637,-0.121451,-0.075820275,-0.09192432,-0.101488546,-0.15508522,-0.15854365,-0.12378413,-0.1551815,-0.1410757,-0.13984437,-0.18093297,-0.15532935,-0.25777104,-0.12844054,-0.15524615,-0.13462572,-0.119081676,-0.15530272,-0.15862577,-0.15862726,-0.15862826,-0.19755594,-0.25103784,-0.20219928,-0.19465852,-0.24831252,-0.20506537,-0.22091979,-0.15531585,-0.13040091,-0.11956477,-0.15531142,-0.15862249,-0.20931396,-0.18224281,-0.15530336,-0.32474133,-0.15532765,-0.15863064,-0.15862966,-0.15862933,-0.2185038,-0.15530246,-0.114121355,-0.15530567,-0.15861711,-0.15862267,-0.22984435,-0.15532199,-0.15860644,-0.08963354,-0.15523078,-0.1585865,-0.15860263,-0.15860362,-0.13302092,-0.1051107,-0.14014931,-0.15141064,-0.15839578,-0.15615125,-0.14613561,-0.1553187,-0.12319561,-0.13074832,-0.15528694,-0.15863048,-0.15863007,-0.15863007,-0.15863052,-0.38518023,-0.11451449,-0.15529338,-0.15564899,-0.14443555,-0.16636807,-0.15532354,-0.15856192,-0.12993515,-0.047159404,-0.15007487,-0.14016809,-0.14106366,-0.15519524,-0.19987361,-0.1649412,-0.17166539,-0.15530375,-0.1585927,-0.12722544,-0.14610182,-0.2588673,-0.13055792,-0.15521412,-0.09132757,-0.12832497,-0.13684332,-0.16221203,-0.15659244,-0.12999758,-0.15509766,-0.15854624,-0.15858978,-0.15861982,-0.15740095,-0.19795567,-0.15106063,-0.07294749,-0.2039893,-0.15529409,-0.15858832,-0.104459345,-0.15495473,-0.17466888,-0.13176009,-0.15530029,-0.15109587,-0.10913184,-0.15515304,-0.05825615,-0.14326635,-0.17082691,-0.15524623,-0.18883844,-0.15532866,-0.31316653,-0.15532008,-0.16808087,-0.14331596,-0.15532182,-0.15862745,-0.25088155,-0.15532902,-0.22115314,-0.07562123,-0.086852394,-0.10702289,-0.060967896,-0.14942327,-0.16796505,-0.15746465,-0.22133875,-0.12812386,-0.0969081,-0.16398169,-0.12716047,-0.11335766,-0.18846886,-0.13074115,-0.17755464,-0.0994983,-0.115196005,-0.15524712,-0.11662802,-0.19749595,-0.14526704,-0.12781724,-0.096878245,-0.1552466,-0.1584533,-0.12434345,-0.11230643,-0.063823454,-0.15518382,-0.11419349,-0.10007019,-0.24483351,-0.15532947,-0.15862007,-0.16344379,-0.1759062,-0.12524253,-0.15531634,-0.0782174,-0.19187105,-0.18185812,-0.09859173,-0.11065883,-0.15502465,-0.15834051,-0.083404,-0.1213824,-0.13072303,-0.13855581,-0.19385117,-0.15529642,-0.15862462,-0.19487974,-0.23847799,-0.2432746,-0.13043313,-0.15514565,-0.15859911,-0.14520228,-0.2961179,-0.1553288,-0.19813283,-0.13065097,-0.15527165,-0.060104962,-0.15931924,-0.15532723,-0.2028091,-0.2868003,-0.11816878,-0.14795661,-0.10060286,-0.15518843,-0.13614628,-0.20725825,-0.17393659,-0.125103,-0.15657571,-0.15690626,-0.15532598,-0.15862678,-0.16221246,-0.22200036,-0.13080707,-0.2814266,-0.15532984,-0.1915083,-0.24371436,-0.16952515,-0.15525153,-0.13369927,-0.12557748,-0.15532319,-0.18106565,-0.1553296,-0.18642783,-0.15527923,-0.30462334,-0.15523052,-0.14691104,-0.13029914,-0.15531802,-0.15861572,-0.18915205,-0.13073412,-0.15532248,-0.10481856,-0.1650517,-0.15532058,-0.15862861,-0.1586026,-0.13034542,-0.15523508,-0.15859836,-0.15859008,-0.15860051,-0.15860762,-0.16505513,-0.17392421,-0.15531653,-0.15862215,-0.15861315,-0.15862261,-0.2025511,-0.15354379,-0.14723541,-0.15443228,-0.11499533,-0.10471026,-0.11893196,-0.15531974,-0.15855889,-0.13069673,-0.19501048,-0.15532678,-0.18738703,-0.11705899,-0.17429145,-0.155318,-0.06652963,-0.15509778,-0.10737923,-0.124497145,-0.15298569,-0.052188452,-0.26007295
k__Bacteria|p__Bacteroidetes|c__Bacteroidia|o__Bacteroidales|f__Porphyromonadaceae|g__Porphyromonas|s__Porphyromonas_bennonis,-0.1004395,-0.12316422,-0.15526,-0.15847132,-0.15847167,-0.23867357,-0.1666669,-0.16813041,-0.10929718,-0.22895765,-0.23728925,-0.15526585,-0.22850217,-0.3768707,-0.08556121,-0.15477091,-0.058144663,-0.15459105,-0.15839507,-0.19931981,-0.1978925,-0.1311802,-0.15522192,-0.12711628,-0.20043859,-0.11658599,-0.182019,-0.25032333,-0.1509206,-0.15522882,-0.15142563,-0.10844302,-0.18249588,-0.28454733,-0.15525009,-0.13140908,-0.15526287,-0.22338755,-0.15526631,-0.29867563,-0.1552664,-0.29356226,-0.13058005,-0.1550875,-0.13691942,-0.1552594,-0.23188588,-0.24781659,-0.1296162,-0.13141698,-0.24679694,-0.18279888,-0.25087595,-0.26027086,-0.28621647,-0.27511892,-0.11894142,-0.1551587,-0.040142577,-0.056944285,-0.15438312,-0.11274739,-0.13743341,-0.13127872,-0.15524003,-0.1584658,-0.15847144,-0.15847218,-0.27573854,-0.15521938,-0.13128066,-0.16243835,-0.12334165,-0.14074792,-0.15522389,-0.15887658,-0.14481027,-0.13139018,-0.18691605,-0.14998752,-0.15525138,-0.15844518,-0.15845938,-0.1583842,-0.120334074,-0.13700745,-0.08858878,-0.15524396,-0.19008024,-0.15525785,-0.2004665,-0.11139822,-0.1388583,-0.13027036,-0.1074974,-0.15152657,-0.15513799,-0.15812263,-0.10065024,-0.08152827,-0.09427856,-0.15519933,-0.11960925,-0.15027548,-0.16982608,-0.1185138,-0.15522128,-0.15846387,-0.17738779,-0.15176103,-0.15526146,-0.25953975,-0.17989698,-0.13525523,-0.15525791,-0.15095688,-0.17780018,-0.2009549,-0.15523514,-0.09015879,-0.15489161,-0.12151222,-0.121854745,-0.13997786,-0.21433522,-0.13908121,-0.16057305,-0.15516904,-0.07092635,-0.15449092,-0.15754944,-0.18733518,-0.1549618,-0.13126889,-0.12334781,-0.14100276,-0.15520778,-0.114095174,-0.25318068,-0.26654312,-0.13038331,-0.10945694,-0.15519647,-0.09238048,-0.20963459,-0.15525815,-0.15837422,-0.13070579,-0.15517154,-0.16015086,-0.1553517,-0.15526362,-0.19704957,-0.20616047,-0.13002722,-0.10460003,-0.11361031,-0.10256614,-0.15525426,-0.19495486,-0.15522577,-0.13060933,-0.15506451,-0.041086134,-0.12967405,-0.1552622,-0.2300741,-0.15523663,-0.10384405,-0.1535374,-0.0784167,-0.155089,-0.12766197,-0.15511179,-0.121451,-0.075820275,-0.09192432,-0.101488546,-0.15493512,-0.1583544,-0.12378413,-0.155087,-0.1410757,-0.13984437,-0.18093297,-0.15526506,-0.25777104,-0.12844054,-0.15515749,-0.13462572,-0.119081676,-0.1552285,-0.15846644,-0.15846846,-0.15846983,-0.19755594,-0.25103784,-0.20219928,-0.19465852,-0.24831252,-0.20506537,-0.22091979,-0.15524739,-0.13094491,-0.11956477,-0.1552405,-0.15846205,-0.20931396,-0.18224281,-0.1552316,-0.32474133,-0.15526272,-0.15847304,-0.1584717,-0.15847124,-0.2185038,-0.15523073,-0.114121355,-0.15523362,-0.15845537,-0.15846232,-0.22984435,-0.15525493,-0.15844263,-0.08963354,-0.15513265,-0.15841237,-0.1584355,-0.15843582,-0.13302092,-0.1051107,-0.14014931,-0.15141064,-0.15839578,-0.15615125,-0.14613561,-0.15525034,-0.12319561,-0.13135718,-0.15520868,-0.15847284,-0.15847228,-0.15847227,-0.15847288,-0.38518023,-0.11451449,-0.15521638,-0.15564899,-0.14443555,-0.16636807,-0.15525731,-0.15838376,-0.12993515,-0.047159404,-0.14830957,-0.14016809,-0.14106366,-0.15508392,-0.19987361,-0.1649412,-0.17166539,-0.15523013,-0.15842053,-0.12722544,-0.14610182,-0.2588673,-0.13112608,-0.15510893,-0.09132757,-0.12832497,-0.13684332,-0.16221203,-0.15659244,-0.13046022,-0.15495634,-0.15835851,-0.15841739,-0.15845834,-0.15740095,-0.19795567,-0.15106063,-0.07294749,-0.2039893,-0.15521787,-0.15841481,-0.104459345,-0.15484348,-0.17466888,-0.13176009,-0.15522492,-0.15109587,-0.10913184,-0.15502924,-0.05825615,-0.14326635,-0.17082691,-0.15515307,-0.18883844,-0.15526418,-0.31316653,-0.15525314,-0.16808087,-0.14331596,-0.15525481,-0.15846881,-0.25088155,-0.15526465,-0.22115314,-0.07562123,-0.086852394,-0.10702289,-0.060967896,-0.14741611,-0.16796505,-0.15746465,-0.22133875,-0.12812386,-0.0969081,-0.16398169,-0.12716047,-0.11335766,-0.18846886,-0.1313489,-0.17755464,-0.0994983,-0.115196005,-0.15515399,-0.11662802,-0.19749595,-0.14526704,-0.12781724,-0.096878245,-0.15515153,-0.15823251,-0.12434345,-0.11230643,-0.063823454,-0.15506884,-0.11419349,-0.10007019,-0.24483351,-0.15526521,-0.15845932,-0.16344379,-0.1759062,-0.12524253,-0.15524724,-0.0782174,-0.19187105,-0.18185812,1.4291314,-0.11065883,-0.15485051,-0.15807979,-0.083404,-0.1213824,-0.13072303,-0.13855581,-0.19385117,-0.15522107,-0.15846485,-0.19487974,-0.23847799,-0.2432746,-0.13094889,-0.15501639,-0.15843064,-0.14520228,-0.2961179,-0.15526432,-0.19813283,-0.13123606,-0.15518783,-0.060104962,-0.15931924,-0.15526226,-0.2028091,-0.2868003,-0.11816878,-0.14795661,-0.10060286,-0.15507606,-0.13614628,-0.20725825,-0.17393659,-0.125103,-0.15657571,-0.15690626,-0.15526055,-0.1584678,-0.16221246,-0.22200036,-0.13143535,-0.2814266,-0.15526573,-0.1915083,-0.24371436,-0.16952515,-0.15516594,-0.13369927,-0.12557748,-0.15525681,-0.18106565,-0.1552654,-0.18642783,-0.15520075,-0.30462334,-0.15513328,-0.14691104,-0.13029914,-0.15524974,-0.15845266,-0.18915205,-0.13133821,-0.1552557,-0.10481856,-0.1650517,-0.15525341,-0.15847032,-0.15843698,-0.13085607,-0.15513667,-0.15843002,-0.1584184,-0.15843278,-0.15844187,-0.16505513,-0.17392421,-0.1552479,-0.15846147,-0.15844941,-0.15846208,-0.2025511,-0.15354379,-0.14723541,-0.15407756,-0.11499533,-0.10471026,-0.11893196,-0.15525208,-0.15838107,-0.13128896,-0.19501048,-0.1552617,-0.18738703,-0.11705899,-0.17429145,-0.15525049,-0.06652963,-0.15495223,-0.10737923,-0.124497145,-0.15298569,-0.052188452,-0.26007295
k__Bacteria|p__Bacteroidetes|c__Bacteroidia|o__Bacteroidales|f__Prevotellaceae|g__Prevotella|s__Prevotella_brunnea,-0.1004395,-0.12316422,-0.15513285,-0.15829918,-0.15829954,-0.23867357,-0.1666669,-0.16813041,-0.10929718,-0.22895765,-0.23728925,-0.15513816,-0.22850217,-0.3768707,-0.08556121,-0.15467918,-0.058144663,-0.15451205,-0.15822957,-0.19931981,-0.1978925,-0.13139541,-0.1550979,-0.12711628,-0.20043859,-0.11658599,-0.182019,-0.25032333,-0.1509206,-0.15510452,-0.15142563,-0.10844302,-0.18249588,-0.28454733,-0.15512381,-0.13161512,-0.15513544,-0.22338755,-0.15513858,-0.29867563,-0.15513867,-0.29356226,-0.13081117,-0.15497628,-0.13691942,-0.15513226,-0.23188588,-0.24781659,-0.1296162,-0.13162258,-0.24679694,-0.18279888,-0.25087595,-0.26027086,-0.28621647,-0.27511892,-0.11894142,-0.15503976,-0.040142577,-0.056944285,-0.15433447,-0.11274739,-0.13743341,-0.1314913,-0.15511474,-0.15829413,-0.15829931,-0.15829998,-0.27573854,-0.15509619,-0.1314927,-0.16243835,-0.12334165,-0.14074792,-0.15509969,-0.15887658,-0.14481027,-0.13159662,-0.18691605,-0.14998752,-0.15512493,-0.15827528,-0.15828836,-0.1582202,-0.120334074,-0.13700745,-0.08858878,-0.1551181,-0.19008024,-0.15513083,-0.2004665,-0.11139822,-0.1388583,-0.13027036,-0.1074974,-0.15152657,-0.15502068,-0.1579717,-0.10065024,-0.08152827,-0.09427856,-0.15507703,-0.11960925,-0.15027548,-0.16982608,-0.1185138,-0.15509768,-0.15829235,-0.17738779,-0.15176103,-0.15513417,-0.25953975,-0.17989698,-0.13525523,-0.15513086,-0.15095688,-0.17780018,-0.2009549,-0.15511075,-0.09015879,-0.15479276,-0.12151222,-0.121854745,-0.13997786,-0.21433522,-0.13908121,-0.16057305,-0.15504909,-0.07092635,-0.154425,-0.15746588,-0.18733518,-0.15486476,-0.13147828,-0.12334781,-0.14100276,-0.15508492,-0.114095174,-0.25318068,-0.26654312,-0.130614,-0.10945694,-0.15507437,-0.09238048,-0.20963459,-0.1551311,-0.15821347,-0.13092788,-0.15505208,-0.16015086,-0.1553517,-0.15513614,-0.19704957,-0.20616047,-0.13027504,-0.10460003,-0.11361031,-0.10256614,-0.1551275,-0.19495486,-0.15510169,-0.13084371,-0.15495247,-0.041086134,-0.12967405,-0.15513489,-0.2300741,-0.15511203,-0.10384405,-0.15354505,-0.0784167,-0.15497649,-0.12766197,-0.15499671,-0.121451,-0.075820275,-0.09192432,-0.101488546,-0.1548336,-0.15819147,-0.12378413,-0.15497048,-0.1410757,-0.13984437,-0.18093297,-0.15513745,-0.25777104,-0.12844054,-0.15503934,-0.13462572,-0.119081676,-0.15510371,-0.15829472,-0.15829659,-0.15829784,-0.19755594,-0.25103784,-0.20219928,-0.19465852,-0.24831252,-0.20506537,-0.22091979,-0.15512154,-0.13116166,-0.11956477,-0.15511489,-0.15829073,-0.20931396,-0.18224281,-0.15510713,-0.32474133,-0.1551353,-0.15830076,-0.15829955,-0.15829912,-0.2185038,-0.15510654,-0.114121355,-0.15510902,-0.15828487,-0.15829098,-0.22984435,-0.15512812,-0.15827367,-0.08963354,-0.15501642,-0.15824479,-0.1582666,-0.15826641,-0.13302092,-0.1051107,-0.14014931,-0.15141064,-0.15839578,-0.15615125,-0.14613561,-0.15512383,-0.12319561,-0.13156702,-0.15508634,-0.15830058,-0.15830007,-0.15830006,-0.15830062,-0.38518023,-0.11451449,-0.15509295,0.7480688,-0.14443555,-0.16636807,-0.15513042,-0.15822098,-0.12993515,-0.047159404,-0.14884324,-0.14016809,-0.14106366,-0.15497202,-0.19987361,-0.1649412,-0.17166539,-0.15510538,-0.15825218,-0.12722544,-0.14610182,-0.2588673,-0.13133737,-0.15499353,-0.09132757,-0.12832497,-0.13684332,-0.16221203,-0.15659244,-0.13069883,-0.15485515,-0.15819561,-0.15824962,-0.15828729,-0.15740095,-0.19795567,-0.15106063,-0.07294749,-0.2039893,-0.15509447,-0.15824696,-0.104459345,-0.15473145,-0.17466888,-0.13176009,-0.15510038,-0.15109587,-0.10913184,-0.15492114,-0.05825615,-0.14326635,-0.17082691,-0.15503523,-0.18883844,-0.15513666,-0.31316653,-0.15512684,-0.16808087,-0.14331596,-0.15512806,-0.15829694,-0.25088155,-0.15513709,-0.22115314,-0.07562123,-0.086852394,-0.10702289,-0.060967896,-0.14802384,-0.16796505,-0.15746465,-0.22133875,-0.12812386,-0.0969081,-0.16398169,-0.12716047,-0.11335766,-0.18846886,-0.13155809,-0.17755464,-0.0994983,-0.115196005,-0.1550358,-0.11662802,-0.19749595,-0.14526704,-0.12781724,-0.096878245,-0.15503266,-0.1580797,-0.12434345,-0.11230643,-0.063823454,-0.15495703,-0.11419349,-0.10007019,-0.24483351,-0.1551376,-0.1582886,-0.16344379,-0.1759062,-0.12524253,-0.15512106,-0.0782174,-0.19187105,-0.18185812,-0.09859173,-0.11065883,-0.15475568,-0.15793929,-0.083404,-0.1213824,-0.13072303,-0.13855581,-0.19385117,-0.15509751,-0.15829326,-0.19487974,-0.23847799,-0.2432746,-0.13118596,-0.1549092,-0.15826212,-0.14520228,-0.2961179,-0.15513676,-0.19813283,-0.13144884,-0.15506695,-0.060104962,-0.15931924,-0.15513492,-0.2028091,-0.2868003,-0.11816878,-0.14795661,-0.10060286,-0.15496503,-0.13614628,-0.20725825,-0.17393659,-0.125103,-0.15657571,-0.15690626,-0.15513334,-0.15829596,-0.16221246,-0.22200036,-0.1316397,-0.2814266,-0.15513808,-0.1915083,-0.24371436,-0.16952515,-0.15504847,-0.13369927,-0.12557748,-0.15512994,-0.18106565,-0.15513778,-0.18642783,-0.15507977,-0.30462334,-0.15501782,-0.14691104,-0.13029914,-0.15512344,-0.15828207,-0.18915205,-0.13154787,-0.15512885,-0.10481856,-0.1650517,-0.15512687,-0.15829828,-0.1582688,-0.13109396,-0.15501928,-0.15826172,-0.15825087,-0.15826418,-0.15827224,-0.16505513,-0.17392421,-0.15512183,-0.15829015,-0.15827915,-0.15829071,-0.2025511,-0.15354379,-0.14723541,-0.15406334,-0.11499533,-0.10471026,-0.11893196,-0.1551256,-0.15821812,-0.13150033,-0.19501048,-0.15513441,-0.18738703,-0.11705899,-0.17429145,-0.15512449,-0.06652963,-0.15484825,-0.10737923,-0.124497145,-0.15298569,-0.052188452,-0.26007295
k__Bacteria|p__Bacteroidetes|c__Bacteroidia|o__Bacteroidales|f__Prevotellaceae|g__Prevotella|s__Prevotella_salivae,-0.1004395,-0.12316422,-0.15477443,-0.15811664,-0.15811695,-0.23867357,-0.1666669,-0.16813041,-0.10929718,-0.22895765,-0.23728925,-0.15478005,-0.22850217,-0.3768707,-0.08556121,-0.15431044,-0.058144663,-0.15415987,-0.15804404,-0.19931981,-0.1978925,-0.12974054,-0.15473892,-0.12711628,-0.20043859,-0.11658599,-0.182019,-0.25032333,-0.1509206,-0.15474448,-0.15142563,-0.10844302,-0.18249588,-0.28454733,-0.1547646,-0.1299531,-0.15477726,-0.22338755,-0.15478048,-0.29867563,-0.15478055,-0.29356226,-0.12918645,-0.15460725,-0.13691942,-0.15477405,-0.23188588,-0.24781659,-0.1296162,-0.12995993,-0.24679694,-0.18279888,-0.25087595,-0.26027086,-0.28621647,-0.27511892,-0.11894142,-0.15467943,-0.040142577,-0.056944285,-0.15393245,-0.11274739,-0.13743341,-0.12982874,-0.15475503,-0.15811151,-0.1581167,-0.15811744,-0.27573854,-0.15473372,-0.12983173,-0.16243835,-0.12334165,-0.14074792,-0.1547407,-0.15887658,-0.14481027,-0.12993608,-0.18691605,-0.14998752,-0.15476644,-0.15809196,-0.15810499,-0.15802729,-0.120334074,-0.13700745,-0.08858878,-0.15475956,-0.19008024,-0.15477255,-0.2004665,-0.11139822,-0.1388583,-0.13027036,-0.1074974,-0.15152657,-0.15466058,-0.15775505,-0.10065024,-0.08152827,-0.09427856,-0.15471807,-0.11960925,-0.15027548,-0.16982608,-0.1185138,-0.15473717,-0.1581096,-0.17738779,3.4345877,-0.15477586,-0.25953975,-0.17989698,-0.13525523,-0.15477264,-0.15095688,-0.17780018,-0.2009549,-0.15474826,-0.09015879,-0.15443307,-0.12151222,-0.121854745,-0.13997786,-0.21433522,-0.13908121,-0.16057305,-0.15468992,-0.07092635,-0.1540465,-0.15720901,-0.18733518,-0.15447249,-0.12981896,-0.12334781,-0.14100276,-0.15472561,-0.114095174,-0.25318068,-0.26654312,-0.12897432,-0.10945694,-0.15471543,-0.09238048,-0.20963459,-0.15477288,-0.15801722,-0.12927377,-0.15468988,-0.16015086,-0.1553517,-0.15477793,-0.19704957,-0.20616047,-0.12866122,-0.10460003,-0.11361031,-0.10256614,-0.15476936,-0.19495486,-0.15474123,-0.12918362,-0.15459251,-0.041086134,-0.12967405,-0.15477642,-0.2300741,-0.1547516,-0.10384405,-0.15313391,-0.0784167,-0.15461215,-0.12766197,-0.15463552,-0.121451,-0.075820275,-0.09192432,-0.101488546,-0.15446973,-0.15800793,-0.12378413,-0.15459651,-0.1410757,-0.13984437,-0.18093297,-0.15477931,-0.25777104,-0.12844054,-0.15467423,-0.13462572,-0.119081676,-0.15474565,-0.15811202,-0.15811393,-0.15811521,-0.19755594,-0.25103784,-0.20219928,-0.19465852,-0.24831252,-0.20506537,-0.22091979,-0.15476185,-0.12949896,-0.11956477,-0.15475655,-0.15810782,-0.20931396,-0.18224281,-0.15474606,-0.32474133,-0.15477715,-0.15811825,-0.158117,-0.15811658,-0.2185038,-0.15474518,-0.114121355,-0.15474872,-0.15810058,-0.15810806,-0.22984435,-0.15476999,-0.15808746,-0.08963354,-0.15465349,-0.1580624,-0.15808222,-0.15808408,-0.13302092,-0.1051107,-0.14014931,-0.15141064,-0.15839578,-0.15615125,-0.14613561,-0.15476587,-0.12319561,-0.12990363,-0.1547244,-0.15811804,-0.1581175,-0.15811753,-0.1581181,-0.38518023,-0.11451449,-0.15473324,-0.15564899,-0.14443555,-0.16636807,-0.15477178,-0.1580285,-0.12993515,-0.047159404,-0.14795995,-0.14016809,-0.14106366,-0.15460727,-0.19987361,-0.1649412,-0.17166539,-0.15474668,-0.15807042,-0.12722544,-0.14610182,-0.2588673,-0.12968485,-0.15463346,-0.09132757,-0.12832497,-0.13684332,-0.16221203,-0.15659244,-0.12903334,-0.1544842,-0.15801096,-0.15806639,-0.15810451,-0.15740095,-0.19795567,-0.15106063,-0.07294749,-0.2039893,-0.15473396,-0.15806489,-0.104459345,-0.15433872,-0.17466888,-0.13176009,-0.15474261,-0.15109587,-0.10913184,-0.15455577,-0.05825615,-0.14326635,-0.17082691,-0.15467271,-0.18883844,-0.1547784,-0.31316653,-0.15476713,-0.16808087,-0.14331596,-0.1547697,-0.1581141,-0.25088155,-0.15477884,-0.22115314,-0.07562123,-0.086852394,-0.10702289,-0.060967896,-0.14712965,-0.16796505,-0.15746465,-0.22133875,-0.12812386,-0.0969081,-0.16398169,-0.12716047,-0.11335766,-0.18846886,-0.12989633,-0.17755464,-0.0994983,-0.115196005,-0.15467414,-0.11662802,-0.19749595,-0.14526704,-0.12781724,-0.096878245,-0.15467483,-0.15789303,-0.12434345,-0.11230643,-0.063823454,-0.1545947,-0.11419349,-0.10007019,-0.24483351,-0.15477945,-0.15810445,-0.16344379,-0.1759062,-0.12524253,-0.15476276,-0.0782174,-0.19187105,-0.18185812,-0.09859173,-0.11065883,-0.1543927,-0.15774934,-0.083404,-0.1213824,-0.13072303,-0.13855581,-0.19385117,-0.15473679,-0.15811059,-0.19487974,-0.23847799,-0.2432746,-0.12951818,-0.15454553,-0.15807779,-0.14520228,-0.2961179,-0.1547786,-0.19813283,-0.12979004,-0.15470545,-0.060104962,-0.15931924,-0.15477654,-0.2028091,-0.2868003,-0.11816878,-0.14795661,-0.10060286,-0.15459856,-0.13614628,-0.20725825,-0.17393659,-0.125103,-0.15657571,-0.15690626,-0.15477496,-0.15811333,-0.16221246,-0.22200036,-0.12997697,-0.2814266,-0.15477991,-0.1915083,-0.24371436,-0.16952515,-0.15467948,-0.13369927,-0.12557748,-0.15477136,-0.18106565,-0.15477963,-0.18642783,-0.15471439,-0.30462334,-0.15465161,-0.14691104,-0.13029914,-0.1547648,-0.15809926,-0.18915205,-0.12988815,-0.15477055,-0.10481856,-0.1650517,-0.15476796,-0.15811566,-0.15808168,-0.12941593,-0.15465966,-0.15807664,-0.15806636,-0.15807949,-0.15808901,-0.16505513,-0.17392421,-0.1547628,-0.15810744,-0.1580958,-0.15810803,-0.2025511,-0.15354379,-0.14723541,-0.15361488,-0.11499533,-0.10471026,-0.11893196,-0.154767,-0.15802565,-0.12984316,-0.19501048,-0.15477595,-0.18738703,-0.11705899,-0.17429145,-0.1547648,-0.06652963,-0.15448728,-0.10737923,-0.124497145,-0.15298569,-0.052188452,-0.26007295
k__Bacteria|p__Bacteroidetes|c__Bacteroidia|o__Bacteroidales|f__Bacteroidaceae|g__Bacteroides|s__Bacteroides_intestinalis,-0.1004395,-0.12316422,-0.15409738,-0.15737519,-0.1573755,-0.23867357,-0.1666669,-0.16813041,-0.10929718,-0.22895765,-0.23728925,-0.1541025,-0.22850217,-0.3768707,-0.08556121,-0.15366878,-0.058144663,-0.15352553,-0.1573089,-0.19931981,-0.1978925,-0.12955296,-0.15406454,-0.12711628,-0.20043859,-0.11658599,-0.182019,-0.25032333,-0.1509206,-0.15407002,-0.15142563,-0.10844302,-0.18249588,-0.28454733,-0.1540882,-0.12975287,-0.15409991,-0.22338755,-0.15410288,-0.29867563,-0.15410295,-0.29356226,-0.12902932,-0.15394562,-0.13691942,-0.15409695,-0.23188588,-0.24781659,-0.1296162,-0.12975955,-0.24679694,-0.18279888,-0.25087595,-0.26027086,-0.28621647,-0.27511892,-0.11894142,-0.15401012,-0.040142577,-0.056944285,-0.15333411,-0.11274739,-0.13743341,-0.12963837,-0.15407988,-0.15737048,-0.15737526,-0.15737593,-0.27573854,-0.15406021,-0.12964028,-0.16243835,-0.12334165,-0.14074792,-0.15406638,-0.15887658,-0.14481027,-0.12973645,-0.18691605,-0.14998752,-0.15409002,-0.15735264,-0.15736471,-0.15729198,-0.120334074,-0.13700745,-0.08858878,-0.15408367,-0.19008024,-0.15409559,-0.2004665,-0.11139822,-0.1388583,-0.13027036,-0.1074974,-0.15152657,-0.15399262,-0.15703602,-0.10065024,-0.08152827,-0.09427856,-0.15404524,-0.11960925,-0.15027548,-0.16982608,-0.1185138,-0.15406345,-0.15736872,-0.17738779,-0.15176103,-0.15409866,-0.25953975,-0.17989698,-0.13525523,-0.15409565,-0.15095688,-0.17780018,-0.2009549,-0.15407367,-0.09015879,-0.15378192,-0.12151222,-0.121854745,-0.13997786,-0.21433522,-0.13908121,-0.16057305,-0.15401927,-0.07092635,-0.1534287,-0.15656203,-0.18733518,-0.15382719,-0.12963033,-0.12334781,-0.14100276,-0.15405247,-0.114095174,-0.25318068,-0.26654312,-0.12884164,-0.10945694,-0.1540429,-0.09238048,-0.20963459,-0.15409589,-0.15728386,-0.12912218,-0.15402007,-0.16015086,-0.1553517,-0.15410054,-0.19704957,-0.20616047,-0.1285463,-0.10460003,-0.11361031,-0.10256614,-0.15409258,-0.19495486,-0.15406612,-0.12903756,-0.15392876,-0.041086134,-0.12967405,-0.15409926,-0.2300741,-0.15407568,-0.10384405,-0.15259312,-0.0784167,-0.15394878,-0.12766197,-0.15396973,-0.121451,-0.075820275,-0.09192432,-0.101488546,-0.15381774,-0.15727487,-0.12378413,-0.15393063,-0.1410757,-0.13984437,-0.18093297,-0.15410182,-0.25777104,-0.12844054,-0.15400347,-0.13462572,-0.119081676,-0.15407059,-0.15737098,-0.15737271,-0.1573739,-0.19755594,-0.25103784,-0.20219928,-0.19465852,-0.24831252,-0.20506537,-0.22091979,-0.15408587,-0.12933286,-0.11956477,-0.15408075,-0.15736714,-0.20931396,-0.18224281,-0.15407142,-0.32474133,-0.15409982,-0.15737668,-0.15737554,-0.15737513,-0.2185038,-0.15407051,-0.114121355,-0.1540742,-0.15736094,-0.15736733,-0.22984435,-0.15409318,-0.1573489,-0.08963354,-0.15398698,-0.15732491,-0.15734397,-0.15734497,-0.13302092,-0.1051107,-0.14014931,-0.15141064,-0.15839578,-0.15615125,-0.14613561,-0.1540893,-0.12319561,-0.12970722,-0.1540524,-0.1573765,-0.157376,-0.15737602,-0.15737654,-0.38518023,-0.11451449,-0.1540597,-0.15564899,-0.14443555,-0.16636807,-0.15409502,-0.1572957,-0.12993515,-0.047159404,-0.14797717,-0.14016809,-0.14106366,-0.15394498,-0.19987361,-0.1649412,-0.17166539,-0.1540718,-0.15733212,-0.12722544,-0.14610182,-0.2588673,-0.12950036,-0.15396738,-0.09132757,-0.12832497,-0.13684332,-0.16221203,-0.15659244,-0.12890637,-0.15383276,-0.15727808,-0.1573288,-0.15736401,-0.15740095,-0.19795567,-0.15106063,-0.07294749,-0.2039893,-0.15406069,-0.15732709,-0.104459345,-0.15369803,-0.17466888,-0.13176009,-0.15406768,-0.15109587,-0.10913184,-0.15389688,-0.05825615,-0.14326635,-0.17082691,-0.15400472,-0.18883844,-0.15410101,-0.31316653,-0.154091,-0.16808087,-0.14331596,-0.15409297,-0.15737295,-0.25088155,-0.1541014,-0.22115314,-0.07562123,-0.086852394,-0.10702289,-0.060967896,-0.147219,-0.16796505,-0.15746465,-0.22133875,-0.12812386,-0.0969081,-0.16398169,-0.12716047,-0.11335766,-0.18846886,-0.12969969,-0.17755464,-0.0994983,-0.115196005,-0.15400565,-0.11662802,-0.19749595,-0.14526704,-0.12781724,-0.096878245,-0.1540049,-0.15716952,-0.12434345,-0.11230643,-0.063823454,-0.15393221,-0.11419349,-0.10007019,-0.24483351,-0.15410194,-0.15736383,-0.16344379,-0.1759062,-0.12524253,-0.15408653,-0.0782174,-0.19187105,-0.18185812,-0.09859173,-0.11065883,-0.15374547,-0.15703745,-0.083404,-0.1213824,-0.13072303,-0.13855581,-0.19385117,-0.15406334,-0.15736961,-0.19487974,-0.23847799,-0.2432746,-0.12934616,-0.1538873,-0.1573398,-0.14520228,-0.2961179,-0.15410116,-0.19813283,-0.12960029,-0.15403453,-0.060104962,-0.15931924,-0.15409932,-0.2028091,-0.2868003,-0.11816878,-0.14795661,-0.10060286,-0.15393725,-0.13614628,-0.20725825,-0.17393659,-0.125103,2.5093634,-0.15690626,-0.15409788,-0.15737216,-0.16221246,-0.22200036,-0.12977538,-0.2814266,-0.15410237,-0.1915083,-0.24371436,-0.16952515,-0.15400904,-0.13369927,-0.12557748,-0.15409459,-0.18106565,-0.15410212,-0.18642783,-0.15404281,-0.30462334,-0.1539866,-0.14691104,-0.13029914,-0.15408856,-0.15735918,-0.18915205,-0.12969108,-0.15409371,-0.10481856,-0.1650517,-0.1540916,-0.15737432,-0.15734264,-0.12925272,-0.1539915,-0.15733904,-0.15732938,-0.15734155,-0.15734977,-0.16505513,-0.17392421,-0.15408684,-0.15736674,-0.15735622,-0.15736726,-0.2025511,-0.15354379,-0.14723541,-0.15305737,-0.11499533,-0.10471026,-0.11893196,-0.15409055,-0.15729105,-0.12964909,-0.19501048,-0.15409881,-0.18738703,-0.11705899,-0.17429145,-0.15408766,-0.06652963,-0.15383163,-0.10737923,-0.124497145,-0.15298569,-0.052188452,-0.26007295
k__Bacteria|p__Bacteroidetes|c__Bacteroidia|o__Bacteroidales|f__Bacteroidaceae|g__Bacteroides|s__Bacteroides_faecis,-0.1004395,-0.12316422,-0.15389612,-0.15720664,-0.1572069,-0.23867357,-0.1666669,-0.16813041,-0.10929718,-0.22895765,-0.23728925,-0.1539006,-0.22850217,-0.3768707,-0.08556121,-0.15353218,-0.058144663,-0.15340933,-0.15714906,-0.19931981,-0.1978925,-0.12914531,-0.15386796,-0.12711628,-0.20043859,-0.11658599,-0.182019,-0.25032333,-0.1509206,-0.15387231,-0.15142563,-0.10844302,-0.18249588,-0.28454733,-0.15388837,-0.12930992,-0.15389837,-0.22338755,-0.15390092,-0.29867563,-0.153901,-0.29356226,-0.12870848,-0.15376326,-0.13691942,-0.15389584,-0.23188588,-0.24781659,-0.1296162,-0.12931514,-0.24679694,-0.18279888,-0.25087595,-0.26027086,-0.28621647,-0.27511892,-0.11894142,-0.15382089,-0.040142577,-0.056944285,-0.15322603,-0.11274739,-0.13743341,-0.1292146,-0.15388072,-0.15720257,-0.15720667,-0.15720728,-0.27573854,-0.15386443,-0.12921487,-0.16243835,-0.12334165,-0.14074792,-0.15386933,-0.15887658,-0.14481027,-0.12929653,-0.18691605,-0.14998752,-0.1538898,-0.15718704,-0.15719739,-0.15713689,-0.120334074,-0.13700745,-0.08858878,-0.15388432,-0.19008024,-0.15389463,-0.2004665,-0.11139822,-0.1388583,-0.13027036,-0.1074974,-0.15152657,-0.1538058,-0.15693274,-0.10065024,-0.08152827,-0.09427856,-0.15385145,-0.11960925,-0.15027548,-0.16982608,-0.1185138,-0.15386656,-0.15720105,-0.17738779,-0.15176103,-0.15389726,-0.25953975,-0.17989698,-0.13525523,-0.1538947,-0.15095688,-0.17780018,-0.2009549,-0.1538756,-0.09015879,-0.15362558,-0.12151222,-0.121854745,-0.13997786,-0.21433522,-0.13908121,-0.16057305,-0.15382919,-0.07092635,-0.15331963,-0.15648368,-0.18733518,-0.15365633,-0.12920877,-0.12334781,-0.14100276,-0.15385741,-0.114095174,-0.25318068,-0.26654312,-0.12856555,-0.10945694,-0.15384933,-0.09238048,-0.20963459,-0.1538949,-0.1571276,-0.12879367,-0.15382925,-0.16015086,-0.1553517,-0.1538989,-0.19704957,-0.20616047,-0.12830052,-0.10460003,-0.11361031,-0.10256614,-0.1538921,-0.19495486,-0.15387012,-0.12872812,-0.15375206,-0.041086134,-0.12967405,-0.1538977,-0.2300741,-0.15387814,-0.10384405,-0.15260777,-0.0784167,-0.15376793,-0.12766197,-0.15378608,-0.121451,-0.075820275,-0.09192432,-0.101488546,-0.15365523,-0.15712056,-0.12378413,-0.15375751,-0.1410757,-0.13984437,-0.18093297,-0.15390003,-0.25777104,-0.12844054,-0.15381724,-0.13462572,-0.119081676,-0.15387334,-0.15720299,-0.15720448,-0.1572055,-0.19755594,-0.25103784,-0.20219928,-0.19465852,-0.24831252,-0.20506537,-0.22091979,-0.15388617,-0.12896907,-0.11956477,-0.15388194,-0.15719962,-0.20931396,-0.18224281,-0.1538738,-0.32474133,-0.1538983,-0.15720792,-0.15720694,-0.1572066,-0.2185038,-0.1538732,-0.114121355,-0.15387571,-0.15719385,-0.15719983,-0.22984435,-0.15389262,-0.15718392,-0.08963354,-0.15380034,-0.15716362,-0.15717927,-0.15718085,-0.13302092,-0.1051107,-0.14014931,-0.15141064,-0.15839578,-0.15615125,-0.14613561,-0.15388936,-0.12319561,-0.12927122,-0.15385628,-0.15720776,-0.15720733,-0.15720734,-0.1572078,-0.38518023,-0.11451449,-0.1538634,-0.15564899,-0.14443555,-0.16636807,-0.153894,-0.15713659,-0.12993515,-0.047159404,-0.14846894,-0.14016809,-0.14106366,-0.15376316,-0.19987361,-0.1649412,-0.17166539,-0.1538741,-0.15717,-0.12722544,-0.14610182,-0.2588673,-0.12910704,-0.15378466,-0.09132757,-0.12832497,-0.13684332,-0.16221203,-0.15659244,-0.12861706,-0.15366665,-0.15712285,-0.1571668,-0.15719703,-0.15740095,-0.19795567,-0.15106063,-0.07294749,-0.2039893,-0.15386394,-0.1571657,-0.104459345,-0.15357007,-0.17466888,-0.13176009,-0.1538709,-0.15109587,-0.10913184,-0.15372372,-0.05825615,-0.14326635,-0.17082691,-0.15381524,-0.18883844,-0.15389928,-0.31316653,-0.15389033,-0.16808087,-0.14331596,-0.15389237,-0.15720463,-0.25088155,-0.15389964,-0.22115314,-0.07562123,-0.086852394,-0.10702289,-0.060967896,-0.14780802,-0.16796505,-0.15746465,-0.22133875,-0.12812386,-0.0969081,-0.16398169,-0.12716047,-0.11335766,-0.18846886,-0.12926605,-0.17755464,-0.0994983,-0.115196005,-0.15381652,-0.11662802,-0.19749595,-0.14526704,-0.12781724,-0.096878245,-0.15381727,-0.15702963,-0.12434345,-0.11230643,-0.063823454,-0.15375417,-0.11419349,-0.10007019,-0.24483351,-0.15390012,-0.157197,-0.16344379,-0.1759062,-0.12524253,-0.15388685,-0.0782174,-0.19187105,-0.18185812,-0.09859173,-0.11065883,-0.15359351,-0.1569154,-0.083404,-0.1213824,-0.13072303,-0.13855581,-0.19385117,-0.1538662,-0.15720183,-0.19487974,-0.23847799,-0.2432746,-0.1289728,-0.1537147,-0.15717575,-0.14520228,-0.2961179,-0.15389945,-0.19813283,-0.12918553,-0.15384142,-0.060104962,-0.15931924,-0.15389782,-0.2028091,-0.2868003,-0.11816878,-0.14795661,-0.10060286,-0.15375648,-0.13614628,-0.20725825,-0.17393659,-0.125103,-0.15657571,-0.15690626,-0.15389657,-0.15720403,-0.16221246,-0.22200036,-0.12932862,-0.2814266,-0.15390047,-0.1915083,-0.24371436,-0.16952515,-0.15382159,-0.13369927,-0.12557748,-0.15389371,-0.18106565,-0.15390025,-0.18642783,-0.15384862,-0.30462334,-0.15379834,-0.14691104,-0.13029914,-0.1538885,-0.15719286,-0.18915205,-0.12925926,-0.15389307,-0.10481856,-0.1650517,-0.15389098,-0.15720585,-0.1571792,-0.12890944,-0.15380517,-0.15717486,-0.15716672,-0.15717709,-0.15718481,-0.16505513,5.062189,-0.15388688,-0.15719934,-0.15719008,-0.1571998,-0.2025511,-0.15354379,-0.14723541,-0.15297228,-0.11499533,-0.10471026,-0.11893196,-0.15389025,-0.15713495,-0.12922442,-0.19501048,-0.15389735,-0.18738703,-0.11705899,-0.17429145,-0.15388864,-0.06652963,-0.15366927,-0.10737923,-0.124497145,-0.15298569,-0.052188452,-0.26007295
k__Bacteria|p__Bacteroidetes|c__Bacteroidia|o__Bacteroidales|f__Dysgonomonadaceae|g__Dysgonomonas|s__Dysgonomonas_capnocytophagoides,-0.1004395,-0.12316422,-0.15496527,-0.1582083,-0.1582089,-0.23867357,-0.1666669,-0.16813041,-0.10929718,-0.22895765,-0.23728925,-0.15497482,-0.22850217,-0.3768707,-0.08556121,-0.1541725,-0.058144663,-0.15386577,-0.15808395,-0.19931981,-0.1978925,-0.13049611,-0.15490273,-0.12711628,-0.20043859,-0.11658599,-0.182019,-0.25032333,-0.1509206,-0.15491425,-0.15142563,-0.10844302,-0.18249588,-0.28454733,-0.1549485,-0.13087843,-0.15496993,-0.22338755,-0.15497558,-0.29867563,-0.15497571,-0.29356226,-0.12948814,-0.1546843,-0.13691942,-0.15496421,-0.23188588,-0.24781659,-0.1296162,-0.13089183,-0.24679694,-0.18279888,-0.25087595,-0.26027086,-0.28621647,-0.27511892,-0.11894142,-0.15479949,-0.040142577,-0.056944285,-0.153539,-0.11274739,-0.13743341,-0.13066298,-0.15493289,-0.15819928,-0.15820852,-0.15820974,-0.27573854,-0.1548991,-0.13066465,-0.16243835,-0.12334165,-0.14074792,-0.15490612,-0.15887658,-0.14481027,-0.13084613,-0.18691605,-0.14998752,-0.15495117,-0.1581656,-0.15818895,-0.15806353,-0.120334074,-0.13700745,-0.08858878,-0.15493898,-0.19008024,-0.15496168,-0.2004665,-0.11139822,-0.1388583,-0.13027036,-0.1074974,-0.15152657,-0.1547654,-0.15763727,-0.10065024,-0.08152827,-0.09427856,-0.15486558,-0.11960925,-0.15027548,-0.16982608,-0.1185138,-0.15490212,-0.15819609,-0.17738779,-0.15176103,-0.15496767,-0.25953975,-0.17989698,-0.13525523,-0.15496174,-0.15095688,-0.17780018,-0.2009549,-0.15492448,-0.09015879,-0.15436047,-0.12151222,-0.121854745,-0.13997786,-0.21433522,-0.13908121,-0.16057305,-0.1548159,-0.07092635,-0.15370992,-0.15671793,-0.18733518,-0.15448403,-0.13064608,-0.12334781,-0.14100276,-0.15487975,-0.114095174,-0.25318068,-0.26654312,-0.1291927,-0.10945694,-0.15486096,-0.09238048,-0.20963459,-0.15496223,-0.15804946,-0.12970448,-0.1548212,-0.16015086,-0.1553517,-0.15497115,-0.19704957,-0.20616047,-0.12861961,-0.10460003,-0.11361031,-0.10256614,-0.15495577,-0.19495486,-0.15490785,-0.12957463,-0.15464456,-0.041086134,-0.12967405,-0.15496892,-0.2300741,-0.1549258,-0.10384405,-0.15216304,-0.0784167,-0.1546866,-0.12766197,-0.15472278,-0.121451,-0.075820275,-0.09192432,-0.101488546,-0.15443331,-0.15801655,-0.12378413,-0.15468055,-0.1410757,-0.13984437,-0.18093297,-0.15497354,-0.25777104,-0.12844054,-0.15479532,-0.13462572,-0.119081676,-0.1549134,-0.15820035,-0.15820365,-0.1582059,-0.19755594,-0.25103784,-0.20219928,-0.19465852,-0.24831252,-0.20506537,-0.22091979,-0.15494448,-0.13010563,-0.11956477,-0.15493315,-0.15819317,-0.20931396,-0.18224281,-0.15491842,-0.32474133,-0.15496969,-0.15821114,-0.15820894,-0.15820818,-0.2185038,-0.15491724,-0.114121355,-0.15492249,-0.1581826,-0.15819359,-0.22984435,-0.15495689,-0.15816149,-0.08963354,-0.15475759,-0.1581114,-0.15815002,-0.15814994,-0.13302092,-0.1051107,-0.14014931,-0.15141064,-0.15839578,-0.15615125,-0.14613561,-0.15494925,-0.12319561,-0.13079269,-0.1548821,-0.1582108,-0.15820989,-0.15820988,-0.15821087,-0.38518023,-0.11451449,-0.154894,-0.15564899,-0.14443555,-0.16636807,-0.15496093,-0.1580655,-0.12993515,-0.047159404,-0.14372468,-0.14016809,-0.14106366,-0.15467808,-0.19987361,-0.1649412,-0.17166539,-0.15491626,-0.15812458,-0.12722544,-0.14610182,-0.2588673,-0.13040821,-0.15471771,-0.09132757,-0.12832497,-0.13684332,-0.16221203,-0.15659244,-0.12932928,-0.15447083,-0.15802361,-0.15811977,-0.15818703,-0.15740095,-0.19795567,-0.15106063,-0.07294749,-0.2039893,-0.1548967,-0.15811536,-0.104459345,-0.15430722,-0.17466888,-0.13176009,-0.1549074,-0.15109587,-0.10913184,-0.15458995,-0.05825615,-0.14326635,5.177021,-0.15479088,-0.18883844,-0.1549721,-0.31316653,-0.15495428,-0.16808087,-0.14331596,-0.15495673,-0.15820429,-0.25088155,-0.15497285,-0.22115314,-0.07562123,-0.086852394,-0.10702289,-0.060967896,-0.14225394,-0.16796505,-0.15746465,-0.22133875,-0.12812386,-0.0969081,-0.16398169,-0.12716047,-0.11335766,-0.18846886,-0.13077782,-0.17755464,-0.0994983,-0.115196005,-0.15479206,-0.11662802,-0.19749595,-0.14526704,-0.12781724,-0.096878245,-0.15478694,-0.15781741,-0.12434345,-0.11230643,-0.063823454,-0.15465286,-0.11419349,-0.10007019,-0.24483351,-0.15497376,-0.15818822,-0.16344379,-0.1759062,-0.12524253,-0.15494427,-0.0782174,-0.19187105,-0.18185812,-0.09859173,-0.11065883,-0.15429425,-0.15756765,-0.083404,-0.1213824,-0.13072303,-0.13855581,-0.19385117,-0.154902,-0.1581977,-0.19487974,-0.23847799,-0.2432746,-0.1301273,-0.15456702,-0.15814199,-0.14520228,-0.2961179,-0.15497229,-0.19813283,-0.13059053,-0.1548477,-0.060104962,-0.15931924,-0.15496898,-0.2028091,-0.2868003,-0.11816878,-0.14795661,-0.10060286,-0.15466543,-0.13614628,-0.20725825,-0.17393659,-0.125103,-0.15657571,-0.15690626,-0.15496618,-0.15820253,-0.16221246,-0.22200036,-0.1309222,-0.2814266,-0.15497464,-0.1915083,-0.24371436,-0.16952515,-0.15480953,-0.13369927,-0.12557748,-0.15496005,-0.18106565,-0.15497409,-0.18642783,-0.15486807,-0.30462334,-0.15475962,-0.14691104,-0.13029914,-0.1549485,-0.15817773,-0.18915205,-0.13075913,-0.15495814,-0.10481856,-0.1650517,-0.1549546,-0.15820669,-0.158151,-0.12997451,-0.15476307,-0.15814126,-0.15812206,-0.15814573,-0.15816018,-0.16505513,-0.17392421,-0.15494558,-0.15819216,-0.15817255,-0.15819317,-0.2025511,-0.15354379,-0.14723541,-0.15305173,-0.11499533,-0.10471026,-0.11893196,-0.15495235,-0.15805884,-0.13067782,-0.19501048,-0.15496808,-0.18738703,-0.11705899,-0.17429145,-0.15494844,-0.06652963,-0.15446122,-0.10737923,-0.124497145,-0.15298569,-0.052188452,-0.26007295
k__Bacteria|p__Bacteroidetes|c__Bacteroidia|o__Bacteroidales|f__Rikenellaceae|g__GGB3277|s__GGB3277_SGB4327,-0.1004395,-0.12316422,-0.15524095,-0.1585567,-0.15855706,-0.23867357,-0.1666669,-0.16813041,-0.10929718,-0.22895765,-0.23728925,-0.15524732,-0.22850217,-0.3768707,-0.08556121,-0.15471181,-0.058144663,-0.15452848,-0.15847427,-0.19931981,-0.1978925,-0.13037199,-0.15520015,-0.12711628,-0.20043859,-0.11658599,-0.182019,-0.25032333,-0.1509206,-0.15520692,-0.15142563,-0.10844302,-0.18249588,-0.28454733,-0.15522972,-0.13061607,-0.1552441,-0.22338755,-0.15524781,-0.29867563,-0.1552479,-0.29356226,-0.12972927,-0.15505198,-0.13691942,-0.15524042,-0.23188588,-0.24781659,-0.1296162,-0.13062388,-0.24679694,-0.18279888,-0.25087595,-0.26027086,-0.28621647,-0.27511892,-0.11894142,-0.15513244,-0.040142577,-0.056944285,-0.15428558,-0.11274739,-0.13743341,-0.1304762,-0.15521908,-0.15855078,-0.15855679,-0.15855762,-0.27573854,-0.15519589,-0.13047716,-0.16243835,-0.12334165,-0.14074792,-0.15520218,-0.15887658,-0.14481027,-0.13059558,-0.18691605,-0.14998752,-0.15523179,-0.15852854,-0.15854362,-0.15845644,-0.120334074,-0.13700745,-0.08858878,-0.15522383,-0.19008024,-0.15523872,-0.2004665,-0.11139822,-0.1388583,-0.13027036,-0.1074974,-0.15152657,-0.15511018,-0.15814638,-0.10065024,-0.08152827,-0.09427856,-0.1551761,-0.11960925,-0.15027548,-0.16982608,-0.1185138,-0.1551988,-0.15854862,-0.17738779,-0.15176103,-0.15524255,-0.25953975,-0.17989698,-0.13525523,-0.1552388,-0.15095688,-0.17780018,-0.2009549,-0.1552122,-0.09015879,-0.15484762,-0.12151222,-0.121854745,-0.13997786,-0.21433522,-0.13908121,-0.16057305,-0.1551438,-0.07092635,-0.15440914,-0.15753797,-0.18733518,-0.15490498,-0.13046733,-0.12334781,-0.14100276,-0.15518495,-0.114095174,-0.25318068,-0.26654312,-0.12952721,-0.10945694,-0.15517306,-0.09238048,-0.20963459,-0.15523908,-0.15844604,-0.12985902,-0.15514508,-0.16015086,-0.1553517,-0.15524489,-0.19704957,-0.20616047,-0.12917838,-0.10460003,-0.11361031,-0.10256614,-0.15523496,-0.19495486,-0.15520309,-0.12977548,-0.15503126,-0.041086134,-0.12967405,-0.15524325,-0.2300741,-0.15521502,-0.10384405,-0.15337713,-0.0784167,-0.15505695,-0.12766197,-0.15508193,-0.121451,-0.075820275,-0.09192432,-0.101488546,-0.15489244,-0.15843171,-0.12378413,-0.15503925,-0.1410757,-0.13984437,-0.18093297,-0.15524648,-0.25777104,-0.12844054,-0.15512758,-0.13462572,-0.119081676,-0.1552076,-0.15855145,-0.1585536,-0.15855509,-0.19755594,-0.25103784,-0.20219928,-0.19465852,-0.24831252,-0.20506537,-0.22091979,-0.15522686,-0.13011196,-0.11956477,-0.15522024,-0.15854663,-0.20931396,-0.18224281,-0.15520936,-0.32474133,-0.15524398,-0.15855855,-0.15855712,-0.15855661,-0.2185038,-0.15520895,-0.114121355,-0.1552121,-0.15853888,-0.15854695,-0.22984435,-0.15523572,-0.15852559,-0.08963354,-0.15510368,-0.15849406,-0.1585177,-0.15851903,-0.13302092,-0.1051107,-0.14014931,-0.15141064,-0.15839578,-0.15615125,-0.14613561,-0.15523088,-0.12319561,-0.1305598,-0.15518455,-0.15855831,-0.15855771,-0.1585577,-0.15855837,-0.38518023,-0.11451449,-0.15519388,-0.15564899,-0.14443555,-0.16636807,-0.15523796,-0.15845862,-0.12993515,-0.047159404,-0.14757246,-0.14016809,-0.14106366,-0.15505034,-0.19987361,-0.1649412,-0.17166539,-0.155209,-0.15850301,-0.12722544,-0.14610182,-0.2588673,-0.13031255,-0.15507925,-0.09132757,-0.12832497,-0.13684332,-0.16221203,-0.15659244,-0.12963937,-0.15491301,-0.15843582,-0.15849894,-0.15854278,-0.15740095,-0.19795567,-0.15106063,-0.07294749,-0.2039893,-0.15519506,-0.15849695,-0.104459345,-0.15476437,-0.17466888,-0.13176009,-0.15520394,-0.15109587,-0.10913184,-0.15499306,-0.05825615,-0.14326635,-0.17082691,-0.15512514,-0.18883844,-0.15524547,-0.31316653,-0.15523303,-0.16808087,-0.14331596,-0.15523544,-0.1585539,-0.25088155,-0.15524596,-0.22115314,-0.07562123,-0.086852394,-0.10702289,-0.060967896,-0.14662382,-0.16796505,-0.15746465,-0.22133875,-0.12812386,-0.0969081,-0.16398169,-0.12716047,-0.11335766,-0.18846886,-0.13055114,-0.17755464,-0.0994983,-0.115196005,-0.15512651,-0.11662802,-0.19749595,-0.14526704,-0.12781724,-0.096878245,-0.15512599,-0.15830079,-0.12434345,-0.11230643,-0.063823454,-0.15503582,-0.11419349,-0.10007019,-0.24483351,-0.15524662,-0.15854307,-0.16344379,-0.1759062,-0.12524253,-0.15522741,-0.0782174,-0.19187105,-0.18185812,-0.09859173,-0.11065883,-0.15480217,-0.15813568,-0.083404,-0.1213824,-0.13072303,-0.13855581,-0.19385117,-0.15519843,-0.15854976,-0.19487974,-0.23847799,-0.2432746,-0.13013722,-0.1549792,-0.15851253,-0.14520228,-0.2961179,-0.15524566,-0.19813283,-0.1304321,-0.15516269,-0.060104962,-0.15931924,-0.15524337,-0.2028091,-0.2868003,-0.11816878,-0.14795661,-0.10060286,-0.15504116,-0.13614628,-0.20725825,-0.17393659,-0.125103,-0.15657571,-0.15690626,-0.15524155,-0.15855291,-0.16221246,-0.22200036,-0.1306435,-0.2814266,-0.15524715,-0.1915083,-0.24371436,-0.16952515,-0.15513471,-0.13369927,-0.12557748,-0.15523747,-0.18106565,-0.15524682,-0.18642783,-0.1551741,-0.30462334,-0.15510216,-0.14691104,-0.13029914,-0.15522993,-0.15853676,-0.18915205,-0.13054049,-0.15523642,-0.10481856,-0.1650517,-0.15523368,-0.15855557,-0.1585177,-0.13003762,-0.15510899,-0.15851153,-0.15849954,-0.15851471,-0.15852526,-0.16505513,-0.17392421,-0.15522777,-0.15854615,-0.15853296,-0.1585468,-0.2025511,-0.15354379,-0.14723541,-0.1539374,-0.11499533,-0.10471026,-0.11893196,-0.15523246,-0.15845487,-0.13048825,-0.19501048,-0.15524271,-0.18738703,-0.11705899,-0.17429145,-0.15523002,-0.06652963,-0.15491083,-0.10737923,-0.124497145,-0.15298569,-0.052188452,-0.26007295
k__Bacteria|p__Bacteroidetes|c__Bacteroidia|o__Bacteroidales|f__Porphyromonadaceae|g__Porphyromonas|s__Porphyromonas_SGB1980,-0.1004395,-0.12316422,-0.15493521,-0.1582754,-0.15827563,-0.23867357,-0.1666669,-0.16813041,-0.10929718,-0.22895765,-0.23728925,-0.15493953,-0.22850217,-0.3768707,-0.08556121,-0.1545761,-0.058144663,-0.15445983,-0.15821934,-0.19931981,-0.1978925,-0.12996604,-0.15490773,-0.12711628,-0.20043859,-0.11658599,-0.182019,-0.25032333,-0.1509206,-0.15491202,-0.15142563,-0.10844302,-0.18249588,-0.28454733,-0.15492754,-0.13012816,-0.15493739,-0.22338755,-0.15493986,-0.29867563,-0.15493993,-0.29356226,-0.12952414,-0.15480578,-0.13691942,-0.15493491,-0.23188588,-0.24781659,-0.1296162,-0.13013342,-0.24679694,-0.18279888,-0.25087595,-0.26027086,-0.28621647,-0.27511892,-0.11894142,-0.15486182,-0.040142577,-0.056944285,-0.15428409,-0.11274739,-0.13743341,-0.13003454,-0.1549202,-0.15827142,-0.15827543,-0.15827602,-0.27573854,-0.15490445,-0.13003431,-0.16243835,-0.12334165,-0.14074792,-0.15490912,-0.15887658,-0.14481027,-0.13011499,-0.18691605,-0.14998752,-0.15492904,-0.15825634,-0.1582664,-0.1582067,-0.120334074,-0.13700745,-0.08858878,-0.1549237,-0.19008024,-0.15493374,-0.2004665,-0.11139822,-0.1388583,-0.13027036,-0.1074974,-0.15152657,-0.1548473,-0.15800254,-0.10065024,-0.08152827,-0.09427856,-0.15489168,-0.11960925,-0.15027548,-0.16982608,-0.1185138,-0.15490642,-0.15826996,-0.17738779,-0.15176103,-0.15493628,-0.25953975,-0.17989698,-0.13525523,-0.15493381,-0.15095688,-0.17780018,-0.2009549,-0.15491512,-0.09015879,-0.15467146,-0.12151222,-0.121854745,-0.13997786,-0.21433522,-0.13908121,-0.16057305,-0.15486994,-0.07092635,-0.1543721,-0.1575736,-0.18733518,-0.154702,-0.13002583,-0.12334781,-0.14100276,-0.15489751,-0.114095174,-0.25318068,-0.26654312,-0.12938842,-0.10945694,-0.1548896,-0.09238048,-0.20963459,-0.15493399,-0.15819886,-0.12961109,-0.15486994,-0.16015086,-0.1553517,-0.1549379,-0.19704957,-0.20616047,-0.12912758,-0.10460003,-0.11361031,-0.10256614,-0.15493128,-0.19495486,-0.1549096,-0.12954764,-0.1547946,-0.041086134,-0.12967405,-0.15493673,-0.2300741,-0.15491761,-0.10384405,-0.15367153,-0.0784167,-0.15481013,-0.12766197,-0.15482791,-0.121451,-0.075820275,-0.09192432,-0.101488546,-0.15470019,-0.15819146,-0.12378413,-0.15479615,-0.1410757,-0.13984437,-0.18093297,-0.15493898,-0.25777104,-0.12844054,-0.15485838,-0.13462572,-0.119081676,-0.15491296,-0.15827182,-0.15827328,-0.1582743,-0.19755594,-0.25103784,-0.20219928,-0.19465852,-0.24831252,-0.20506537,-0.22091979,-0.1549255,-0.12978709,-0.11956477,-0.15492135,-0.15826857,-0.20931396,-0.18224281,-0.15491314,-0.32474133,-0.1549373,-0.15827665,-0.15827566,-0.15827534,-0.2185038,-0.15491264,-0.114121355,-0.15491535,-0.15826298,-0.15826875,-0.22984435,-0.15493175,-0.15825295,-0.08963354,-0.15484187,-0.15823346,-0.15824875,-0.15825024,-0.13302092,-0.1051107,-0.14014931,-0.15141064,-0.15839578,-0.15615125,-0.14613561,-0.15492858,-0.12319561,-0.13009027,-0.15489653,-0.1582765,-0.15827608,-0.15827608,-0.15827653,-0.38518023,-0.11451449,-0.15490335,-0.15564899,-0.14443555,-0.16636807,-0.15493315,-0.15820724,-0.12993515,-0.047159404,-0.1496644,-0.14016809,-0.14106366,-0.15480596,-0.19987361,-0.1649412,-0.17166539,-0.15491375,-0.15823965,-0.12722544,-0.14610182,-0.2588673,-0.12992698,-0.15482649,-0.09132757,-0.12832497,-0.13684332,-0.16221203,-0.15659244,-0.12943128,-0.15471143,-0.1581938,-0.15823656,-0.15826601,-0.15740095,-0.19795567,-0.15106063,-0.07294749,-0.2039893,-0.1549039,-0.15823549,-0.104459345,-0.15462133,-0.17466888,-0.13176009,-0.1549106,-0.15109587,-0.10913184,-0.1547667,-0.05825615,-0.14326635,-0.17082691,-0.15485653,-0.18883844,-0.15493828,-0.31316653,-0.15492956,-0.16808087,-0.14331596,-0.15493155,-0.15827346,-0.25088155,-0.1549386,-0.22115314,-0.07562123,-0.086852394,-0.10702289,-0.060967896,-0.1490244,-0.16796505,-0.15746465,-0.22133875,-0.12812386,-0.0969081,-0.16398169,-0.12716047,-0.11335766,-0.18846886,-0.13008487,-0.17755464,-0.0994983,-0.115196005,-0.15485768,-0.11662802,-0.19749595,-0.14526704,-0.12781724,-0.096878245,-0.15485826,-0.1581029,-0.12434345,-0.11230643,-0.063823454,-0.1547966,-0.11419349,-0.10007019,-0.24483351,-0.15493907,-0.15826596,-0.16344379,-0.1759062,-0.12524253,-0.15492618,-0.0782174,-0.19187105,-0.18185812,-0.09859173,-0.11065883,-0.15464033,-0.15799168,-0.083404,-0.1213824,-0.13072303,-0.13855581,-0.19385117,-0.1549061,-0.15827072,-0.19487974,-0.23847799,-0.2432746,-0.12979549,-0.15475845,-0.1582453,-0.14520228,-0.2961179,-0.15493843,-0.19813283,-0.13000521,-0.15488194,-0.060104962,-0.15931924,-0.15493685,-0.2028091,-0.2868003,-0.11816878,-0.14795661,-0.10060286,-0.15479934,-0.13614628,-0.20725825,-0.17393659,-0.125103,-0.15657571,-0.15690626,-0.15493563,-0.15827283,-0.16221246,-0.22200036,-0.13014658,-0.2814266,-0.15493943,-0.1915083,-0.24371436,-0.16952515,-0.15486209,-0.13369927,-0.12557748,-0.15493283,-0.18106565,-0.15493922,-0.18642783,-0.15488872,-0.30462334,-0.15484023,-0.14691104,-0.13029914,-0.15492775,-0.15826197,-0.18915205,-0.13007835,-0.1549322,-0.10481856,-0.1650517,-0.1549302,-0.15827462,-0.15824851,-0.12973055,-0.15484658,-0.15824449,-0.15823653,-0.1582467,-0.15825409,-0.16505513,-0.17392421,-0.15492621,-0.15826827,-0.1582593,-0.15826875,-0.2025511,-0.15354379,-0.14723541,-0.15403852,-0.11499533,-0.10471026,-0.11893196,-0.15492946,-0.1582048,-0.13004386,-0.19501048,-0.15493639,-0.18738703,-0.11705899,-0.17429145,-0.15492776,-0.06652963,-0.15471345,-0.10737923,-0.124497145,-0.15298569,-0.052188452,-0.26007295
k__Bacteria|p__Bacteroidetes|c__Bacteroidia|o__Bacteroidales|f__Bacteroidaceae|g__Phocaeicola|s__Phocaeicola_massiliensis,-0.1004395,-0.12316422,-0.1540592,-0.15734217,-0.15734246,-0.23867357,-0.1666669,-0.16813041,-0.10929718,-0.22895765,-0.23728925,-0.1540646,-0.22850217,-0.3768707,-0.08556121,-0.15361524,-0.058144663,-0.15346786,-0.15727231,-0.19931981,-0.1978925,-0.12947412,-0.154025,-0.12711628,-0.20043859,-0.11658599,-0.182019,-0.25032333,-0.1509206,-0.15403035,-0.15142563,-0.10844302,-0.18249588,-0.28454733,-0.1540496,-0.12967809,-0.15406191,-0.22338755,-0.15406501,-0.29867563,-0.1540651,-0.29356226,-0.1289206,-0.15389794,-0.13691942,-0.15405884,-0.23188588,-0.24781659,-0.1296162,-0.12968439,-0.24679694,-0.18279888,-0.25087595,-0.26027086,-0.28621647,-0.27511892,-0.11894142,-0.1539677,-0.040142577,-0.056944285,-0.15324771,-0.11274739,-0.13743341,-0.12955835,-0.15404047,-0.1573372,-0.1573422,-0.15734294,-0.27573854,-0.15402068,-0.12956008,-0.16243835,-0.12334165,-0.14074792,-0.15402669,-0.15887658,-0.14481027,-0.12966096,-0.18691605,-0.14998752,-0.15405151,-0.15731838,-0.15733096,-0.1572575,-0.120334074,-0.13700745,-0.08858878,-0.15404485,-0.19008024,-0.15405738,-0.2004665,-0.11139822,-0.1388583,-0.13027036,-0.1074974,-0.15152657,-0.15394953,-0.15700509,-0.10065024,-0.08152827,-0.09427856,-0.15400493,-0.11960925,-0.15027548,-0.16982608,-0.1185138,-0.15402338,-0.1573354,-0.17738779,-0.15176103,-0.15406057,3.2450967,-0.17989698,-0.13525523,-0.15405746,-0.15095688,-0.17780018,-0.2009549,-0.15403429,-0.09015879,-0.15373036,-0.12151222,-0.121854745,-0.13997786,-0.21433522,-0.13908121,-0.16057305,-0.15397793,-0.07092635,-0.15336001,-0.15646763,-0.18733518,-0.15377033,-0.1295448,-0.12334781,-0.14100276,-0.15401217,-0.114095174,-0.25318068,-0.26654312,-0.12875304,-0.10945694,-0.15400235,-0.09238048,-0.20963459,-0.15405768,-0.15724751,-0.12902625,-0.15397808,-0.16015086,-0.1553517,-0.15406255,-0.19704957,-0.20616047,-0.12842831,-0.10460003,-0.11361031,-0.10256614,-0.15405428,-0.19495486,-0.15402767,-0.12895012,-0.15388444,-0.041086134,-0.12967405,-0.15406111,-0.2300741,-0.15403745,-0.10384405,-0.15249449,-0.0784167,-0.15390374,-0.12766197,-0.15392548,-0.121451,-0.075820275,-0.09192432,-0.101488546,-0.15376565,-0.15723751,-0.12378413,-0.15389097,-0.1410757,-0.13984437,-0.18093297,-0.1540639,-0.25777104,-0.12844054,-0.15396383,-0.13462572,-0.119081676,-0.15403146,-0.1573377,-0.15733954,-0.15734078,-0.19755594,-0.25103784,-0.20219928,-0.19465852,-0.24831252,-0.20506537,-0.22091979,-0.15404716,-0.12924165,-0.11956477,-0.154042,-0.15733364,-0.20931396,-0.18224281,-0.15403199,-0.32474133,-0.15406182,-0.15734372,-0.1573425,-0.15734209,-0.2185038,-0.15403149,-0.114121355,-0.15403447,-0.1573267,-0.15733391,-0.22984435,-0.15405494,-0.15731417,-0.08963354,-0.15394276,-0.15728989,-0.15730898,-0.15731078,-0.13302092,-0.1051107,-0.14014931,-0.15141064,-0.15839578,-0.15615125,-0.14613561,-0.15405095,-0.12319561,-0.12963054,-0.15401097,-0.1573435,-0.157343,-0.157343,-0.15734357,-0.38518023,-0.11451449,-0.1540195,-0.15564899,-0.14443555,-0.16636807,-0.15405664,-0.15725768,-0.12993515,-0.047159404,-0.14749658,-0.14016809,-0.14106366,-0.15389809,-0.19987361,-0.1649412,-0.17166539,-0.15403247,-0.1572976,-0.12722544,-0.14610182,-0.2588673,-0.12942602,-0.15392357,-0.09132757,-0.12832497,-0.13684332,-0.16221203,-0.15659244,-0.12882271,-0.15378046,-0.15724039,-0.15729378,-0.15733048,-0.15740095,-0.19795567,-0.15106063,-0.07294749,-0.2039893,-0.15402016,-0.15729243,-0.104459345,-0.15367302,-0.17466888,-0.13176009,-0.15402852,-0.15109587,-0.10913184,-0.15384942,-0.05825615,-0.14326635,-0.17082691,-0.15396112,-0.18883844,-0.15406303,-0.31316653,-0.1540522,-0.16808087,-0.14331596,-0.15405463,-0.15733972,-0.25088155,-0.15406342,-0.22115314,-0.07562123,-0.086852394,-0.10702289,-0.060967896,-0.14669177,-0.16796505,-0.15746465,-0.22133875,-0.12812386,-0.0969081,-0.16398169,-0.12716047,-0.11335766,-0.18846886,-0.12962373,-0.17755464,-0.0994983,-0.115196005,-0.15396261,-0.11662802,-0.19749595,-0.14526704,-0.12781724,-0.096878245,-0.15396328,-0.15712708,-0.12434345,-0.11230643,-0.063823454,-0.15388653,-0.11419349,-0.10007019,-0.24483351,-0.15406403,-0.15733057,-0.16344379,-0.1759062,-0.12524253,-0.15404794,-0.0782174,-0.19187105,-0.18185812,-0.09859173,-0.11065883,-0.15369198,-0.1569887,-0.083404,-0.1213824,-0.13072303,-0.13855581,-0.19385117,-0.15402295,-0.15733632,-0.19487974,-0.23847799,-0.2432746,-0.12927471,-0.15383887,-0.15730476,-0.14520228,-0.2961179,-0.15406321,-0.19813283,-0.1295228,-0.1539928,-0.060104962,-0.15931924,-0.15406124,-0.2028091,-0.2868003,-0.11816878,-0.14795661,-0.10060286,-0.15388975,-0.13614628,-0.20725825,-0.17393659,-0.125103,-0.15657571,-0.15690626,-0.1540597,-0.15733898,-0.16221246,-0.22200036,-0.12970091,-0.2814266,-0.15406448,-0.1915083,-0.24371436,-0.16952515,-0.15396857,-0.13369927,-0.12557748,-0.15405625,-0.18106565,-0.15406421,-0.18642783,-0.15400136,-0.30462334,-0.1539408,-0.14691104,-0.13029914,-0.15404993,-0.15732542,-0.18915205,-0.1296156,-0.15405548,-0.10481856,-0.1650517,-0.15405294,-0.15734121,-0.15730903,-0.12919767,-0.15394866,-0.15730363,-0.15729368,-0.15730634,-0.15731561,-0.16505513,-0.17392421,-0.154048,-0.15733328,-0.15732208,-0.15733387,-0.2025511,-0.15354379,-0.14723541,-0.1529414,-0.11499533,-0.10471026,-0.11893196,-0.15405208,-0.15725566,-0.12957247,-0.19501048,-0.15406066,-0.18738703,-0.11705899,-0.17429145,-0.15405028,-0.06652963,-0.15378323,-0.10737923,-0.124497145,-0.15298569,-0.052188452,-0.26007295
k__Bacteria|p__Bacteroidetes|c__CFGB76132|o__OFGB76132|f__FGB76132|g__GGB47741|s__GGB47741_SGB65713,-0.1004395,-0.12316422,-0.15452473,-0.15793622,-0.15793654,-0.23867357,-0.1666669,-0.16813041,-0.10929718,-0.22895765,-0.23728925,-0.1545309,-0.22850217,-0.3768707,-0.08556121,-0.1540212,-0.058144663,-0.15386528,-0.15785685,-0.19931981,-0.1978925,-0.12895747,-0.15448624,-0.12711628,-0.20043859,-0.11658599,-0.182019,-0.25032333,-0.1509206,-0.15449181,-0.15142563,-0.10844302,-0.18249588,-0.28454733,-0.1545136,-0.12919018,-0.15452787,-0.22338755,-0.15453136,-0.29867563,-0.15453143,-0.29356226,-0.1283496,-0.15434001,-0.13691942,-0.15452443,-0.23188588,-0.24781659,-0.1296162,-0.12919708,-0.24679694,-0.18279888,-0.25087595,-0.26027086,-0.28621647,-0.27511892,-0.11894142,-0.15442139,-0.040142577,-0.056944285,-0.15359962,-0.11274739,-0.13743341,-0.12905288,-0.15450326,-0.15793064,-0.15793625,-0.1579371,-0.27573854,-0.15447947,-0.12905596,-0.16243835,-0.12334165,-0.14074792,-0.15448818,-0.15887658,-0.14481027,-0.12917115,-0.18691605,-0.14998752,-0.15451613,-0.15790932,-0.15792331,-0.15783606,-0.120334074,-0.13700745,-0.08858878,-0.15450865,-0.19008024,-0.15452275,-0.2004665,-0.11139822,-0.1388583,-0.13027036,-0.1074974,-0.15152657,-0.15440139,-0.15753745,-0.10065024,-0.08152827,-0.09427856,-0.1544638,-0.11960925,-0.15027548,-0.16982608,-0.1185138,-0.15448381,-0.15792857,-0.17738779,-0.15176103,-0.1545263,-0.25953975,-0.17989698,-0.13525523,-0.15452285,-0.15095688,-0.17780018,-0.2009549,-0.15449485,-0.09015879,-0.15415618,-0.12151222,-0.121854745,-0.13997786,-0.21433522,-0.13908121,-0.16057305,-0.15443343,-0.07092635,-0.15373287,-0.1569271,-0.18733518,-0.15418601,-0.12903845,-0.12334781,-0.14100276,-0.15447183,-0.114095174,-0.25318068,-0.26654312,-0.12811252,-0.10945694,-0.15446098,-0.09238048,-0.20963459,-0.15452313,-0.15782446,-0.12844123,-0.1544323,-0.16015086,-0.1553517,-0.15452857,-0.19704957,-0.20616047,-0.12774266,-0.10460003,-0.11361031,-0.10256614,-0.15451938,-0.19495486,-0.15448831,-0.12833506,-0.15432838,-0.041086134,-0.12967405,-0.15452686,-0.2300741,-0.15449953,-0.10384405,-0.15274543,-0.0784167,-0.15434802,-0.12766197,-0.15437403,-0.121451,-0.075820275,-0.09192432,-0.101488546,-0.1541937,-0.15781873,-0.12378413,-0.1543262,-0.1410757,-0.13984437,-0.18093297,-0.15453011,-0.25777104,-0.12844054,-0.15441403,-0.13462572,-0.119081676,-0.1544939,-0.15793118,-0.15793325,-0.15793465,-0.19755594,-0.25103784,-0.20219928,-0.19465852,-0.24831252,-0.20506537,-0.22091979,-0.15451068,-0.12868622,-0.11956477,-0.15450552,-0.15792656,-0.20931396,-0.18224281,-0.15449312,-0.32474133,-0.15452778,-0.15793797,-0.15793663,-0.15793616,-0.2185038,-0.15449193,-0.114121355,-0.15449628,-0.15791818,-0.15792684,-0.22984435,-0.15452006,-0.15790321,-0.08963354,-0.15439251,-0.15787786,-0.15789834,-0.15790124,-0.13302092,-0.1051107,-0.14014931,-0.15141064,-0.15839578,-0.15615125,-0.14613561,-0.15451571,-0.12319561,-0.12913586,-0.15446934,-0.15793774,-0.15793714,-0.15793715,-0.1579378,-0.38518023,-0.11451449,-0.15447982,-0.15564899,-0.14443555,-0.16636807,-0.1545218,-0.15783745,-0.12993515,-0.047159404,-0.14697075,-0.14016809,-0.14106366,-0.15434207,-0.19987361,-0.1649412,-0.17166539,-0.15449475,-0.15788674,-0.12722544,-0.14610182,-0.2588673,-0.12889576,-0.154372,-0.09132757,-0.12832497,-0.13684332,-0.16221203,-0.15659244,-0.12817934,-0.15420651,-0.1578214,-0.15788183,-0.15792306,-0.15740095,-0.19795567,-0.15106063,-0.07294749,-0.2039893,-0.15448022,-0.15788072,-0.104459345,-0.15404391,-0.17466888,-0.13176009,-0.15449075,-0.15109587,-0.10913184,-0.15428618,-0.05825615,-0.14326635,-0.17082691,-0.15441342,-0.18883844,-0.15452908,-0.31316653,-0.15451634,-0.16808087,-0.14331596,-0.15451965,-0.15793338,-0.25088155,-0.15452954,-0.22115314,-0.07562123,-0.086852394,-0.10702289,-0.060967896,-0.14606532,-0.16796505,-0.15746465,-0.22133875,-0.12812386,-0.0969081,-0.16398169,-0.12716047,-0.11335766,-0.18846886,-0.12912826,-0.17755464,-0.0994983,-0.115196005,-0.15441538,-0.11662802,-0.19749595,-0.14526704,-0.12781724,-0.096878245,-0.15441762,-0.15769356,-0.12434345,-0.11230643,-0.063823454,-0.15432954,-0.11419349,-0.10007019,-0.24483351,-0.15453023,-0.15792255,-0.16344379,-0.1759062,-0.12524253,-0.15451221,-0.0782174,-0.19187105,-0.18185812,-0.09859173,-0.11065883,-0.15411179,-0.15753755,-0.083404,-0.1213824,-0.13072303,-0.13855581,-0.19385117,-0.15448323,-0.15792963,-0.19487974,-0.23847799,-0.2432746,-0.12872219,-0.15427592,-0.15789363,-0.14520228,-0.2961179,-0.15452933,-0.19813283,-0.12901035,-0.15444908,-0.060104962,-0.15931924,-0.15452704,-0.2028091,-0.2868003,-0.11816878,-0.14795661,-0.10060286,-0.15433177,-0.13614628,-0.20725825,-0.17393659,-0.125103,-0.15657571,-0.15690626,-0.15452531,-0.15793264,-0.16221246,-0.22200036,-0.12921567,-0.2814266,-0.15453073,-0.1915083,-0.24371436,-0.16952515,-0.15441853,-0.13369927,-0.12557748,-0.15452138,-0.18106565,-0.15453044,-0.18642783,-0.15445709,-0.30462334,-0.15438914,-0.14691104,-0.13029914,-0.15451428,-0.15791741,-0.18915205,-0.12911978,-0.1545206,-0.10481856,-0.1650517,-0.15451753,-0.15793511,-0.15789706,-0.1286169,-0.15440056,-0.15789206,-0.15788117,-0.15789527,-0.1579062,-0.16505513,-0.17392421,-0.15451194,-0.15792623,-0.15791345,-0.1579269,-0.2025511,-0.15354379,-0.14723541,-0.15323758,-0.11499533,-0.10471026,-0.11893196,-0.15451668,-0.15783495,-0.12907207,-0.19501048,-0.15452634,-0.18738703,-0.11705899,-0.17429145,-0.15451401,-0.06652963,-0.15421411,-0.10737923,-0.124497145,-0.15298569,-0.052188452,-0.26007295
k__Bacteria|p__Bacteroidetes|c__CFGB24868|o__OFGB24868|f__FGB24868|g__GGB44117|s__GGB44117_SGB1808,-0.1004395,-0.12316422,-0.15497187,-0.15821555,-0.15821588,-0.23867357,-0.1666669,-0.16813041,-0.10929718,-0.22895765,-0.23728925,-0.15497702,-0.22850217,-0.3768707,-0.08556121,-0.15453675,-0.058144663,-0.15437824,-0.15814844,-0.19931981,-0.1978925,-0.13068345,-0.15493834,-0.12711628,-0.20043859,-0.11658599,-0.182019,-0.25032333,-0.1509206,-0.15494457,-0.15142563,-0.10844302,-0.18249588,-0.28454733,-0.15496346,-0.13088049,-0.1549744,-0.22338755,-0.15497743,-0.29867563,-0.1549775,-0.29356226,-0.13015732,-0.15482083,-0.13691942,-0.15497133,-0.23188588,-0.24781659,-0.1296162,-0.13088751,-0.24679694,-0.18279888,-0.25087595,-0.26027086,-0.28621647,-0.27511892,-0.11894142,-0.15488264,-0.040142577,-0.056944285,-0.15420058,-0.11274739,-0.13743341,-0.13076898,-0.15495437,-0.1582107,-0.15821567,-0.15821633,-0.27573854,-0.15493706,-0.13076933,-0.16243835,-0.12334165,-0.14074792,-0.15494001,-0.15887658,-0.14481027,-0.13086432,-0.18691605,-0.14998752,-0.15496427,-0.15819253,-0.15820509,-0.15814072,-0.120334074,-0.13700745,-0.08858878,-0.15495773,-0.19008024,-0.15496995,-0.2004665,-0.11139822,-0.1388583,-0.13027036,-0.1074974,-0.15152657,-0.15486425,-0.15791154,-0.10065024,-0.08152827,-0.09427856,-0.15491837,-0.11960925,-0.15027548,-0.16982608,-0.1185138,-0.1549379,-0.158209,-0.17738779,-0.15176103,-0.15497316,-0.25953975,-0.17989698,-0.13525523,-0.15497002,-0.15095688,-0.17780018,-0.2009549,-0.15495083,-0.09015879,-0.15464625,-0.12151222,-0.121854745,-0.13997786,-0.21433522,-0.13908121,-0.16057305,-0.1548916,-0.07092635,-0.154292,-0.15740791,-0.18733518,-0.15471211,-0.13076192,-0.12334781,-0.14100276,-0.1549258,-0.114095174,-0.25318068,-0.26654312,-0.12999925,-0.10945694,-0.15491576,-0.09238048,-0.20963459,-0.15497023,-0.15813279,-0.1302727,-0.15489398,-0.16015086,-0.1553517,-0.15497506,-0.19704957,-0.20616047,-0.12970303,-0.10460003,-0.11361031,-0.10256614,-0.15496677,-0.19495486,-0.15494236,-0.13020825,-0.15479895,-0.041086134,-0.12967405,-0.15497383,-0.2300741,-0.15495205,-0.10384405,-0.15344071,-0.0784167,-0.15482119,-0.12766197,-0.15484105,-0.121451,-0.075820275,-0.09192432,-0.101488546,-0.15468535,-0.15811224,-0.12378413,-0.15481904,-0.1410757,-0.13984437,-0.18093297,-0.15497634,-0.25777104,-0.12844054,-0.15488389,-0.13462572,-0.119081676,-0.15494397,-0.15821126,-0.15821305,-0.15821424,-0.19755594,-0.25103784,-0.20219928,-0.19465852,-0.24831252,-0.20506537,-0.22091979,-0.15496102,-0.13048586,-0.11956477,-0.15495464,-0.15820742,-0.20931396,-0.18224281,-0.15494716,-0.32474133,-0.15497425,-0.15821707,-0.15821591,-0.1582155,-0.2185038,-0.15494676,-0.114121355,-0.15494877,-0.15820165,-0.15820764,-0.22984435,-0.15496737,-0.158191,-0.08963354,-0.15485984,-0.15816343,-0.15818408,-0.15818416,-0.13302092,-0.1051107,-0.14014931,-0.15141064,-0.15839578,-0.15615125,-0.14613561,-0.15496331,-0.12319561,-0.1308355,-0.15492684,-0.1582169,-0.15821642,-0.1582164,-0.15821692,-0.38518023,-0.11451449,-0.15493347,-0.15564899,-0.14443555,-0.16636807,-0.15496951,-0.15813974,-0.12993515,-0.047159404,-0.14887056,-0.14016809,-0.14106366,-0.15481678,-0.19987361,-0.1649412,-0.17166539,-0.15494552,-0.15817058,-0.12722544,-0.14610182,-0.2588673,-0.13063826,-0.15483871,-0.09132757,-0.12832497,-0.13684332,-0.16221203,-0.15659244,-0.13006708,-0.15470515,-0.15811619,-0.15816796,-0.15820411,-0.15740095,-0.19795567,-0.15106063,-0.07294749,-0.2039893,-0.15493488,-0.1581656,-0.104459345,-0.15462387,-0.17466888,-0.13176009,-0.15494081,-0.15109587,-0.10913184,-0.15476902,-0.05825615,-0.14326635,-0.17082691,-0.15487775,-0.18883844,-0.15497556,-0.31316653,-0.15496597,-0.16808087,-0.14331596,-0.15496731,-0.15821338,-0.25088155,-0.15497595,-0.22115314,-0.07562123,-0.086852394,-0.10702289,-0.060967896,-0.14808753,-0.16796505,-0.15746465,-0.22133875,-0.12812386,-0.0969081,-0.16398169,-0.12716047,-0.11335766,-0.18846886,-0.13082853,-0.17755464,-0.0994983,-0.115196005,-0.1548785,-0.11662802,-0.19749595,-0.14526704,-0.12781724,-0.096878245,-0.15487601,-0.15800515,-0.12434345,-0.11230643,-0.063823454,-0.15480325,-0.11419349,-0.10007019,-0.24483351,-0.15497646,-0.15820535,-0.16344379,-0.1759062,-0.12524253,-0.15496057,-0.0782174,-0.19187105,-0.18185812,-0.09859173,-0.11065883,-0.15461014,-0.15787008,-0.083404,-0.1213824,-0.13072303,-0.13855581,-0.19385117,-0.15493773,-0.15820986,-0.19487974,-0.23847799,-0.2432746,-0.13048166,-0.15475714,-0.15817979,-0.14520228,-0.2961179,-0.15497565,-0.19813283,-0.13073274,-0.15490848,-0.060104962,-0.15931924,-0.15497386,-0.2028091,-0.2868003,-0.11816878,-0.14795661,-0.10060286,-0.15481028,-0.13614628,-0.20725825,-0.17393659,-0.125103,-0.15657571,-0.15690626,-0.15497237,-0.15821245,-0.16221246,-0.22200036,-0.13090359,-0.2814266,-0.15497692,-0.1915083,-0.24371436,-0.16952515,-0.15489149,-0.13369927,-0.12557748,-0.15496907,-0.18106565,-0.15497664,-0.18642783,-0.15492083,-0.30462334,-0.15486059,-0.14691104,-0.13029914,-0.15496284,-0.1581991,-0.18915205,-0.1308191,-0.15496808,-0.10481856,-0.1650517,-0.1549661,-0.15821469,-0.15818635,-0.13040502,-0.15486304,-0.15817931,-0.158169,-0.15818176,-0.15818965,-0.16505513,-0.17392421,-0.15496124,-0.15820687,-0.15819624,-0.15820742,-0.2025511,-0.15354379,-0.14723541,-0.1539353,-0.11499533,-0.10471026,-0.11893196,-0.1549649,-0.15813737,-0.13077492,-0.19501048,-0.15497337,-0.18738703,-0.11705899,-0.17429145,-0.15496406,-0.06652963,-0.15469983,-0.10737923,-0.124497145,-0.15298569,-0.052188452,-0.26007295
k__Bacteria|p__Bacteroidetes|c__Bacteroidia|o__Bacteroidales|f__Bacteroidaceae|g__Phocaeicola|s__Phocaeicola_coprocola,-0.1004395,-0.12316422,-0.15515524,-0.15845615,-0.15845641,-0.23867357,-0.1666669,-0.16813041,-0.10929718,-0.22895765,-0.23728925,-0.15515986,-0.22850217,-0.3768707,-0.08556121,-0.15477113,-0.058144663,-0.15464221,-0.15839642,-0.19931981,-0.1978925,-0.13046065,-0.15512583,-0.12711628,-0.20043859,-0.11658599,-0.182019,-0.25032333,-0.1509206,-0.1551307,-0.15142563,-0.10844302,-0.18249588,-0.28454733,-0.1551472,-0.1306396,-0.15515755,-0.22338755,-0.15516022,-0.29867563,-0.15516026,-0.29356226,-0.12998489,-0.15501846,-0.13691942,-0.15515488,-0.23188588,-0.24781659,-0.1296162,-0.13064536,-0.24679694,-0.18279888,-0.25087595,-0.26027086,-0.28621647,-0.27511892,-0.11894142,-0.15507665,-0.040142577,-0.056944285,-0.15446487,-0.11274739,-0.13743341,-0.13053705,-0.1551394,-0.15845188,-0.1584562,-0.1584568,-0.27573854,-0.1551227,-0.13053773,-0.16243835,-0.12334165,-0.14074792,-0.15512732,-0.15887658,-0.14481027,-0.13062476,-0.18691605,-0.14998752,-0.15514863,-0.15843579,-0.15844664,-0.15838447,-0.120334074,-0.13700745,-0.08858878,-0.1551429,-0.19008024,-0.15515363,-0.2004665,-0.11139822,-0.1388583,-0.13027036,-0.1074974,-0.15152657,-0.15506098,-0.15816832,-0.10065024,-0.08152827,-0.09427856,-0.1551085,-0.11960925,-0.15027548,-0.16982608,-0.1185138,-0.15512475,-0.15845034,-0.17738779,-0.15176103,-0.15515642,-0.25953975,-0.17989698,-0.13525523,-0.1551537,-0.15095688,-0.17780018,-0.2009549,-0.15513447,-0.09015879,-0.15487158,-0.12151222,-0.121854745,-0.13997786,-0.21433522,-0.13908121,-0.16057305,-0.15508515,-0.07092635,-0.15455386,-0.15771794,-0.18733518,-0.15491194,-0.13052708,-0.12334781,-0.14100276,-0.15511489,-0.114095174,-0.25318068,-0.26654312,-0.1298289,-0.10945694,-0.1551063,-0.09238048,-0.20963459,-0.15515393,-0.1583766,-0.13007629,-0.15508579,-0.16015086,-0.1553517,-0.1551581,-0.19704957,-0.20616047,-0.12954432,-0.10460003,-0.11361031,-0.10256614,-0.15515095,-0.19495486,-0.15512821,-0.13000455,-0.15500423,-0.041086134,-0.12967405,-0.15515691,-0.2300741,-0.15513676,-0.10384405,-0.15380852,-0.0784167,-0.15502182,-0.12766197,-0.15504041,-0.121451,-0.075820275,-0.09192432,-0.101488546,-0.1549033,-0.158366,-0.12378413,-0.15501024,-0.1410757,-0.13984437,-0.18093297,-0.15515924,-0.25777104,-0.12844054,-0.15507372,-0.13462572,-0.119081676,-0.15513124,-0.15845233,-0.15845391,-0.15845495,-0.19755594,-0.25103784,-0.20219928,-0.19465852,-0.24831252,-0.20506537,-0.22091979,-0.15514511,-0.13026604,-0.11956477,-0.15514034,-0.15844887,-0.20931396,-0.18224281,-0.15513228,-0.32474133,-0.15515745,-0.15845747,-0.15845644,-0.15845609,-0.2185038,-0.15513161,-0.114121355,-0.15513429,-0.1584432,-0.15844911,-0.22984435,-0.15515149,-0.15843269,-0.08963354,-0.15505567,-0.158411,-0.15842792,-0.15842903,-0.13302092,-0.1051107,-0.14014931,-0.15141064,-0.15839578,-0.15615125,-0.14613561,-0.15514803,-0.12319561,-0.13059881,-0.15511444,-0.15845731,-0.15845686,-0.15845686,-0.15845734,-0.38518023,-0.11451449,-0.1551213,-0.15564899,-0.14443555,-0.16636807,-0.1551531,-0.15838519,-0.12993515,-0.047159404,-0.14960541,-0.14016809,-0.14106366,-0.15501766,-0.19987361,-0.1649412,-0.17166539,-0.15513223,-0.15841752,-0.12722544,-0.14610182,-0.2588673,-0.13041568,-0.15503839,-0.09132757,-0.12832497,-0.13684332,-0.16221203,-0.15659244,-0.12989241,-0.15491676,-0.15836874,-0.15841451,-0.1584461,-0.15740095,-0.19795567,-0.15106063,-0.07294749,-0.2039893,-0.15512204,-0.15841305,-0.104459345,-0.15481211,-0.17466888,-0.13176009,-0.15512864,-0.15109587,-0.10913184,-0.1549751,-0.05825615,-0.14326635,-0.17082691,-0.15507156,-0.18883844,-0.15515852,-0.31316653,-0.15514949,-0.16808087,-0.14331596,-0.1551513,-0.15845412,-0.25088155,-0.15515888,-0.22115314,-0.07562123,-0.086852394,-0.10702289,-0.060967896,-0.14891893,-0.16796505,-0.15746465,-0.22133875,-0.12812386,-0.0969081,-0.16398169,-0.12716047,-0.11335766,-0.18846886,-0.13059245,-0.17755464,-0.0994983,-0.115196005,-0.1550726,-0.11662802,-0.19749595,-0.14526704,-0.12781724,-0.096878245,-0.15507227,-0.15827122,-0.12434345,-0.11230643,-0.063823454,-0.15500677,-0.11419349,-0.10007019,-0.24483351,-0.15515935,-0.15844639,-0.16344379,-0.1759062,-0.12524253,-0.15514553,-0.0782174,-0.19187105,-0.18185812,-0.09859173,-0.11065883,-0.15483886,-0.15815234,-0.083404,-0.1213824,-0.13072303,-0.13855581,-0.19385117,-0.15512449,-0.15845114,-0.19487974,-0.23847799,-0.2432746,-0.13028365,-0.15496612,-0.15842423,-0.14520228,-0.2961179,-0.15515865,-0.19813283,-0.1305038,-0.15509856,-0.060104962,-0.15931924,-0.155157,-0.2028091,-0.2868003,-0.11816878,-0.14795661,-0.10060286,-0.15501079,-0.13614628,-0.20725825,-0.17393659,-0.125103,-0.15657571,-0.15690626,-0.15515569,-0.1584534,-0.16221246,-0.22200036,-0.13065962,-0.2814266,-0.15515974,-0.1915083,-0.24371436,-0.16952515,-0.15507886,-0.13369927,-0.12557748,-0.15515274,-0.18106565,-0.1551595,-0.18642783,-0.15510689,-0.30462334,-0.15505487,-0.14691104,-0.13029914,-0.15514728,-0.15844175,-0.18915205,-0.13058491,-0.15515201,-0.10481856,-0.1650517,-0.15514998,-0.15845534,-0.15842828,-0.1302112,-0.15506007,-0.15842345,-0.15841475,-0.15842572,-0.15843332,-0.16505513,-0.17392421,-0.15514572,-0.15844852,-0.15843901,-0.15844902,-0.2025511,-0.15354379,-0.14723541,-0.1542112,-0.11499533,-0.10471026,-0.11893196,-0.1551491,-0.15838292,-0.13054702,-0.19501048,-0.15515652,-0.18738703,-0.11705899,-0.17429145,-0.15514752,-0.06652963,-0.15491672,-0.10737923,-0.124497145,-0.15298569,-0.052188452,-0.26007295
k__Bacteria|p__Bacteroidetes|c__Bacteroidia|o__Bacteroidales|f__Bacteroidaceae|g__Phocaeicola|s__Phocaeicola_coprophilus,-0.1004395,-0.12316422,-0.15499821,-0.15830159,-0.15830192,-0.23867357,-0.1666669,-0.16813041,-0.10929718,-0.22895765,-0.23728925,-0.15500395,-0.22850217,-0.3768707,-0.08556121,-0.1545309,-0.058144663,-0.15437663,-0.1582276,-0.19931981,-0.1978925,-0.13024639,-0.15496212,-0.12711628,-0.20043859,-0.11658599,-0.182019,-0.25032333,-0.1509206,-0.15496758,-0.15142563,-0.10844302,-0.18249588,-0.28454733,-0.15498787,-0.13046552,-0.1550011,-0.22338755,-0.15500438,-0.29867563,-0.15500447,-0.29356226,-0.12966008,-0.15482685,-0.13691942,-0.15499789,-0.23188588,-0.24781659,-0.1296162,-0.1304723,-0.24679694,-0.18279888,-0.25087595,-0.26027086,-0.28621647,-0.27511892,-0.11894142,-0.15490144,-0.040142577,-0.056944285,-0.15413697,-0.11274739,-0.13743341,-0.13033643,-0.1549783,-0.15829638,-0.15830162,-0.15830243,-0.27573854,-0.15495649,-0.13033912,-0.16243835,-0.12334165,-0.14074792,-0.15496388,-0.15887658,-0.14481027,-0.13044772,-0.18691605,-0.14998752,-0.1549901,-0.15827644,-0.15828964,-0.15820992,-0.120334074,-0.13700745,-0.08858878,-0.1549831,-0.19008024,-0.15499634,-0.2004665,-0.11139822,-0.1388583,-0.13027036,-0.1074974,-0.15152657,-0.15488237,-0.15793432,-0.10065024,-0.08152827,-0.09427856,-0.15494092,-0.11960925,-0.15027548,-0.16982608,-0.1185138,-0.15496016,-0.15829444,-0.17738779,-0.15176103,-0.15499966,-0.25953975,-0.17989698,-0.13525523,-0.1549964,-0.15095688,-0.17780018,-0.2009549,-0.154971,-0.09015879,-0.15465143,-0.12151222,-0.121854745,-0.13997786,-0.21433522,-0.13908121,-0.16057305,-0.15491235,-0.07092635,-0.15425856,-0.15736906,-0.18733518,-0.15468791,-0.13032278,-0.12334781,-0.14100276,-0.15494856,-0.114095174,-0.25318068,-0.26654312,-0.12945591,-0.10945694,-0.15493822,-0.09238048,-0.20963459,-0.15499666,-0.15819955,-0.12975426,-0.15491223,-0.16015086,-0.1553517,-0.15500179,-0.19704957,-0.20616047,-0.12913114,-0.10460003,-0.11361031,-0.10256614,-0.1549931,-0.19495486,-0.15496424,-0.12967092,-0.15481395,-0.041086134,-0.12967405,-0.15500021,-0.2300741,-0.15497476,-0.10384405,-0.15333988,-0.0784167,-0.15483344,-0.12766197,-0.15485689,-0.121451,-0.075820275,-0.09192432,-0.101488546,-0.15468769,-0.15819117,-0.12378413,-0.15481725,-0.1410757,-0.13984437,-0.18093297,-0.15500319,-0.25777104,-0.12844054,-0.15489565,-0.13462572,-0.119081676,-0.15496904,-0.15829691,-0.15829884,-0.15830013,-0.19755594,-0.25103784,-0.20219928,-0.19465852,-0.24831252,-0.20506537,-0.22091979,-0.15498522,-0.12998773,-0.11956477,-0.15498008,-0.15829258,-0.20931396,-0.18224281,-0.1549689,-0.32474133,-0.15500101,-0.15830325,-0.15830198,-0.15830153,-0.2185038,-0.15496832,-0.114121355,-0.15497187,-0.15828502,-0.15829286,-0.22984435,-0.15499373,-0.1582714,-0.08963354,-0.15487489,-0.15824658,-0.15826635,-0.15826859,-0.13302092,-0.1051107,-0.14014931,-0.15141064,-0.15839578,-0.15615125,-0.14613561,-0.1549896,-0.12319561,-0.1304148,-0.15494686,-0.15830302,-0.15830249,-0.15830249,-0.15830308,-0.38518023,-0.11451449,-0.1549562,-0.15564899,-0.14443555,-0.16636807,-0.15499547,-0.1582107,-0.12993515,-0.047159404,-0.14801076,-0.14016809,-0.14106366,-0.15482756,-0.19987361,-0.1649412,-0.17166539,-0.15496999,-0.15825477,-0.12722544,-0.14610182,-0.2588673,-0.13019031,-0.15485492,-0.09132757,-0.12832497,-0.13684332,-0.16221203,-0.15659244,-0.12951379,-0.15470234,-0.15819398,-0.15825053,-0.15828927,-0.15740095,-0.19795567,-0.15106063,-0.07294749,-0.2039893,-0.15495674,-0.1582492,-0.104459345,-0.15455219,-0.17466888,-0.13176009,-0.15496603,-0.15109587,-0.10913184,-0.1547761,-0.05825615,-0.14326635,-0.17082691,-0.15489426,-0.18883844,-0.15500227,-0.31316653,-0.15499058,-0.16808087,-0.14331596,-0.1549934,-0.158299,-0.25088155,-0.15500268,-0.22115314,-0.07562123,-0.086852394,-0.10702289,-0.060967896,-0.14715718,-0.16796505,-0.15746465,-0.22133875,-0.12812386,-0.0969081,-0.16398169,-0.12716047,-0.11335766,-0.18846886,-0.130407,-0.17755464,-0.0994983,-0.115196005,-0.15489596,-0.11662802,-0.19749595,-0.14526704,-0.12781724,-0.096878245,-0.15489724,-0.15807416,-0.12434345,-0.11230643,-0.063823454,-0.1548156,-0.11419349,-0.10007019,-0.24483351,-0.15500334,-0.15828906,-0.16344379,-0.1759062,-0.12524253,-0.15498638,-0.0782174,-0.19187105,-0.18185812,-0.09859173,-0.11065883,-0.15461037,-0.15792805,-0.083404,-0.1213824,-0.13072303,-0.13855581,-0.19385117,-0.15495965,-0.15829542,-0.19487974,-0.23847799,-0.2432746,-0.13002677,-0.15476519,-0.15826192,-0.14520228,-0.2961179,-0.15500247,-0.19813283,-0.13029772,-0.15492773,-0.060104962,-0.15931924,-0.15500037,-0.2028091,-0.2868003,-0.11816878,-0.14795661,-0.10060286,-0.15481845,-0.13614628,-0.20725825,-0.17393659,-0.125103,-0.15657571,-0.15690626,-0.15499875,-0.15829825,-0.16221246,-0.22200036,-0.13048978,-0.2814266,-0.1550038,-0.1915083,-0.24371436,-0.16952515,-0.15490055,-0.13369927,-0.12557748,-0.15499508,-0.18106565,-0.15500352,-0.18642783,-0.15493605,-0.30462334,-0.1548723,-0.14691104,-0.13029914,-0.15498841,-0.15828395,-0.18915205,-0.13039894,-0.15499431,-0.10481856,-0.1650517,-0.15499155,-0.15830058,-0.15826567,-0.12992711,-0.15488155,-0.15826063,-0.15825024,-0.15826358,-0.15827355,-0.16505513,-0.17392421,-0.15498632,-0.15829225,-0.15828034,-0.15829284,-0.2025511,-0.15354379,-0.14723541,-0.15380709,-0.11499533,-0.10471026,-0.11893196,-0.15499066,-0.1582083,-0.13035318,-0.19501048,-0.15499973,-0.18738703,-0.11705899,-0.17429145,-0.15498836,-0.06652963,-0.15470722,-0.10737923,-0.124497145,-0.15298569,-0.052188452,-0.26007295
k__Bacteria|p__Bacteroidetes|c__Bacteroidia|o__Bacteroidales|f__Rikenellaceae|g__Alistipes|s__Alistipes_SGB5086,-0.1004395,-0.12316422,-0.15447573,-0.15776834,-0.15776864,-0.23867357,-0.1666669,-0.16813041,-0.10929718,-0.22895765,-0.23728925,-0.15448102,-0.22850217,-0.3768707,-0.08556121,-0.15403911,-0.058144663,-0.15389183,-0.15769988,-0.19931981,-0.1978925,-0.1298244,-0.15444209,-0.12711628,-0.20043859,-0.11658599,-0.182019,-0.25032333,-0.1509206,-0.15444759,-0.15142563,-0.10844302,-0.18249588,-0.28454733,-0.15446663,-0.1300225,-0.15447837,-0.22338755,-0.15448144,-0.29867563,-0.1544815,-0.29356226,-0.12929066,-0.15431863,-0.13691942,-0.15447536,-0.23188588,-0.24781659,-0.1296162,-0.13002895,-0.24679694,-0.18279888,-0.25087595,-0.26027086,-0.28621647,-0.27511892,-0.11894142,-0.15438592,-0.040142577,-0.056944285,-0.15368354,-0.11274739,-0.13743341,-0.12990741,-0.15445754,-0.15776348,-0.1577684,-0.1577691,-0.27573854,-0.15443867,-0.12990858,-0.16243835,-0.12334165,-0.14074792,-0.15444382,-0.15887658,-0.14481027,-0.13000597,-0.18691605,-0.14998752,-0.15446818,-0.15774503,-0.15775743,-0.1576868,-0.120334074,-0.13700745,-0.08858878,-0.15446164,-0.19008024,-0.15447393,-0.2004665,-0.11139822,-0.1388583,-0.13027036,-0.1074974,-0.15152657,-0.15436807,-0.157449,-0.10065024,-0.08152827,-0.09427856,-0.15442234,-0.11960925,-0.15027548,-0.16982608,-0.1185138,-0.15444073,-0.15776171,-0.17738779,-0.15176103,-0.15447707,-0.25953975,-0.17989698,-0.13525523,-0.15447399,-0.15095688,-0.17780018,-0.2009549,-0.15445197,-0.09015879,-0.1541521,-0.12151222,-0.121854745,-0.13997786,-0.21433522,-0.13908121,-0.16057305,-0.1543957,-0.07092635,-0.15378937,-0.15691943,-0.18733518,-0.15419623,-0.12989548,-0.12334781,-0.14100276,-0.15442953,-0.114095174,-0.25318068,-0.26654312,-0.1291323,-0.10945694,-0.15441981,-0.09238048,-0.20963459,-0.15447423,-0.15767694,-0.12939668,-0.1543962,-0.16015086,-0.1553517,-0.15447903,-0.19704957,-0.20616047,-0.12879863,-0.10460003,-0.11361031,-0.10256614,-0.15447086,-0.19495486,-0.15444511,-0.12932356,-0.15430361,-0.041086134,-0.12967405,-0.15447764,-0.2300741,-0.15445465,-0.10384405,-0.15293972,-0.0784167,-0.15432306,-0.12766197,-0.15434445,-0.121451,-0.075820275,-0.09192432,-0.101488546,-0.15418798,-0.15766539,-0.12378413,-0.15431252,-0.1410757,-0.13984437,-0.18093297,-0.15448034,-0.25777104,-0.12844054,-0.15438327,-0.13462572,-0.119081676,-0.15444833,-0.15776399,-0.15776578,-0.157767,-0.19755594,-0.25103784,-0.20219928,-0.19465852,-0.24831252,-0.20506537,-0.22091979,-0.15446411,-0.12960942,-0.11956477,-0.15445873,-0.15776002,-0.20931396,-0.18224281,-0.1544495,-0.32474133,-0.15447828,-0.15776986,-0.15776868,-0.15776828,-0.2185038,-0.15444857,-0.114121355,-0.15445164,-0.15775341,-0.15776026,-0.22984435,-0.15447149,-0.15774119,-0.08963354,-0.15436165,-0.15771681,-0.15773594,-0.15773739,-0.13302092,-0.1051107,-0.14014931,-0.15141064,-0.15839578,-0.15615125,-0.14613561,-0.15446754,-0.12319561,-0.12997603,-0.15442882,-0.15776968,-0.15776917,-0.15776917,-0.15776971,-0.38518023,-0.11451449,-0.15443686,-0.15564899,-0.14443555,-0.16636807,-0.15447326,-0.15768662,-0.12993515,-0.047159404,-0.14809601,-0.14016809,-0.14106366,-0.15431805,-0.19987361,-0.1649412,-0.17166539,-0.15444946,-0.15772429,-0.12722544,-0.14610182,-0.2588673,-0.12977877,-0.1543425,-0.09132757,-0.12832497,-0.13684332,-0.16221203,-0.15659244,-0.12919345,-0.15420279,-0.15766838,-0.15772074,-0.15775685,-0.15740095,-0.19795567,-0.15106063,-0.07294749,-0.2039893,-0.15443766,-0.1577192,-0.104459345,-0.15411118,-0.17466888,-0.13176009,-0.15444541,-0.15109587,-0.10913184,-0.15427026,-0.05825615,-0.14326635,-0.17082691,-0.1543798,-0.18883844,-0.15447949,-0.31316653,-0.15446906,-0.16808087,-0.14331596,-0.15447123,-0.15776598,-0.25088155,-0.15447989,-0.22115314,-0.07562123,-0.086852394,-0.10702289,-0.060967896,-0.14730802,-0.16796505,-0.15746465,-0.22133875,-0.12812386,-0.0969081,-0.16398169,-0.12716047,-0.11335766,-0.18846886,-0.12996991,-0.17755464,-0.0994983,-0.115196005,-0.1543811,-0.11662802,-0.19749595,-0.14526704,-0.12781724,-0.096878245,-0.15438107,-0.15755717,-0.12434345,-0.11230643,-0.063823454,-0.15430616,-0.11419349,-0.10007019,-0.24483351,-0.15448046,-0.15775713,-0.16344379,-0.1759062,-0.12524253,-0.15446463,-0.0782174,-0.19187105,-0.18185812,-0.09859173,-0.11065883,-0.15411472,-0.15742135,-0.083404,-0.1213824,-0.13072303,-0.13855581,-0.19385117,-0.15444039,-0.1577626,-0.19487974,-0.23847799,-0.2432746,-0.1296236,-0.15425956,-0.15773171,-0.14520228,-0.2961179,-0.15447967,-0.19813283,-0.12987164,-0.15441084,-0.060104962,-0.15931924,-0.15447775,-0.2028091,-0.2868003,-0.11816878,-0.14795661,-0.10060286,-0.15431018,-0.13614628,-0.20725825,-0.17393659,-0.125103,-0.15657571,-0.15690626,-0.15447623,-0.15776524,-0.16221246,-0.22200036,-0.13004513,-0.2814266,-0.1544809,-0.1915083,-0.24371436,-0.16952515,-0.15438846,-0.13369927,-0.12557748,-0.15447286,-0.18106565,-0.15448064,-0.18642783,-0.1544202,-0.30462334,-0.15436043,-0.14691104,-0.13029914,-0.15446664,-0.15775189,-0.18915205,-0.12996142,-0.15447205,-0.10481856,-0.1650517,-0.15446967,-0.15776742,-0.15773638,-0.129551,-0.15436706,-0.15773079,-0.1577209,-0.15773341,-0.15774222,-0.16505513,-0.17392421,-0.15446481,-0.15775964,-0.15774868,-0.15776017,-0.2025511,-0.15354379,-0.14723541,-0.15338996,-0.11499533,-0.10471026,-0.11893196,-0.15446874,-0.15768442,-0.12991917,-0.19501048,-0.15447718,-0.18738703,-0.11705899,-0.17429145,-0.15446702,-0.06652963,-0.15420419,-0.10737923,-0.124497145,-0.15298569,-0.052188452,-0.26007295
k__Bacteria|p__Bacteroidetes|c__Bacteroidia|o__Bacteroidales|f__Bacteroidaceae|g__Bacteroides|s__Bacteroides_fluxus,-0.1004395,-0.12316422,-0.15410605,-0.15746023,-0.15746047,-0.23867357,-0.1666669,-0.16813041,-0.10929718,-0.22895765,-0.23728925,-0.15411066,-0.22850217,-0.3768707,-0.08556121,-0.15373164,-0.058144663,-0.15361005,-0.15740106,-0.19931981,-0.1978925,-0.12902439,-0.1540772,-0.12711628,-0.20043859,-0.11658599,-0.182019,-0.25032333,-0.1509206,-0.15408155,-0.15142563,-0.10844302,-0.18249588,-0.28454733,-0.15409786,-0.12919585,-0.15410838,-0.22338755,-0.154111,-0.29867563,-0.15411106,-0.29356226,-0.12856036,-0.1539689,-0.13691942,-0.15410581,-0.23188588,-0.24781659,-0.1296162,-0.12920111,-0.24679694,-0.18279888,-0.25087595,-0.26027086,-0.28621647,-0.27511892,-0.11894142,-0.15402877,-0.040142577,-0.056944285,-0.15341705,-0.11274739,-0.13743341,-0.12909558,-0.15409014,-0.15745604,-0.15746024,-0.15746087,-0.27573854,-0.15407324,-0.1290963,-0.16243835,-0.12334165,-0.14074792,-0.15407865,-0.15887658,-0.14481027,-0.1291816,-0.18691605,-0.14998752,-0.15409961,-0.15744011,-0.15745068,-0.15738785,-0.120334074,-0.13700745,-0.08858878,-0.15409398,-0.19008024,-0.15410455,-0.2004665,-0.11139822,-0.1388583,-0.13027036,-0.1074974,-0.15152657,-0.15401365,-0.15717736,-0.10065024,-0.08152827,-0.09427856,-0.15406035,-0.11960925,-0.15027548,-0.16982608,-0.1185138,-0.15407564,-0.15745452,-0.17738779,-0.15176103,-0.15410721,-0.25953975,-0.17989698,-0.13525523,-0.15410462,-0.15095688,-0.17780018,-0.2009549,-0.1540845,-0.09015879,-0.15382938,-0.12151222,-0.121854745,-0.13997786,-0.21433522,-0.13908121,-0.16057305,-0.15403762,-0.07092635,-0.15351495,-0.15671343,-0.18733518,-0.15385798,-0.12908493,-0.12334781,-0.14100276,-0.15406643,-0.114095174,-0.25318068,-0.26654312,-0.1284163,-0.10945694,-0.1540582,-0.09238048,-0.20963459,-0.15410483,-0.15737894,-0.12864777,-0.15403736,-0.16015086,-0.1553517,-0.15410891,-0.19704957,-0.20616047,-0.12813237,-0.10460003,-0.11361031,-0.10256614,-0.15410198,-0.19495486,-0.15407929,-0.1285846,-0.15395902,-0.041086134,-0.12967405,-0.15410766,-0.2300741,-0.15408751,-0.10384405,-0.15278393,-0.0784167,-0.15397456,-0.12766197,-0.1539933,-0.121451,-0.075820275,-0.09192432,-0.101488546,-0.15385857,-0.15737218,-0.12378413,-0.15396222,-0.1410757,-0.13984437,-0.18093297,-0.15411004,-0.25777104,-0.12844054,-0.15402511,-0.13462572,-0.119081676,-0.15408282,-0.15745646,-0.157458,-0.15745905,-0.19755594,-0.25103784,-0.20219928,-0.19465852,-0.24831252,-0.20506537,-0.22091979,-0.15409577,-0.12883331,-0.11956477,-0.1540916,-0.15745302,-0.20931396,-0.18224281,-0.15408279,-0.32474133,-0.1541083,-0.15746152,-0.15746051,-0.15746018,-0.2185038,-0.15408212,-0.114121355,-0.15408497,-0.15744695,-0.15745322,-0.22984435,-0.1541025,-0.15743615,-0.08963354,-0.1540075,-0.15741631,-0.15743205,-0.1574339,-0.13302092,-0.1051107,-0.14014931,-0.15141064,-0.15839578,-0.15615125,-0.14613561,-0.1540992,-0.12319561,-0.12915581,-0.15406495,-0.15746135,-0.15746093,-0.15746093,-0.1574614,-0.38518023,-0.11451449,-0.1540725,-0.15564899,-0.14443555,-0.16636807,-0.15410386,-0.15738766,-0.12993515,-0.047159404,-0.14851046,-0.14016809,-0.14106366,-0.15396965,-0.19987361,-0.1649412,-0.17166539,-0.15408355,-0.1574229,-0.12722544,-0.14610182,-0.2588673,-0.12898454,-0.15399185,-0.09132757,-0.12832497,-0.13684332,-0.16221203,-0.15659244,-0.12846157,-0.15386966,-0.15737432,-0.15741944,-0.15745038,-0.15740095,-0.19795567,-0.15106063,-0.07294749,-0.2039893,-0.15407291,-0.1574185,-0.104459345,-0.15377209,-0.17466888,-0.13176009,-0.15408038,-0.15109587,-0.10913184,-0.15392871,-0.05825615,-0.14326635,-0.17082691,-0.15402296,-0.18883844,-0.1541093,-0.31316653,-0.15409997,-0.16808087,-0.14331596,-0.15410222,-0.15745813,-0.25088155,-0.15410966,-0.22115314,-0.07562123,-0.086852394,-0.10702289,-0.060967896,-0.14782926,-0.16796505,-0.15746465,-0.22133875,-0.12812386,-0.0969081,-0.16398169,-0.12716047,-0.11335766,-0.18846886,-0.12915039,-0.17755464,-0.0994983,-0.115196005,-0.15402439,-0.11662802,1.9434723,-0.14526704,-0.12781724,-0.096878245,-0.15402548,-0.15727884,-0.12434345,-0.11230643,-0.063823454,-0.15396044,-0.11419349,-0.10007019,-0.24483351,-0.15411016,-0.15745026,-0.16344379,-0.1759062,-0.12524253,-0.15409663,-0.0782174,-0.19187105,-0.18185812,-0.09859173,-0.11065883,-0.15379663,-0.15716203,-0.083404,-0.1213824,-0.13072303,-0.13855581,-0.19385117,-0.15407524,-0.1574553,-0.19487974,-0.23847799,-0.2432746,-0.12885441,-0.15392005,-0.15742849,-0.14520228,-0.2961179,-0.15410948,-0.19813283,-0.12906533,-0.15404975,-0.060104962,-0.15931924,-0.15410778,-0.2028091,-0.2868003,-0.11816878,-0.14795661,-0.10060286,-0.1539624,-0.13614628,-0.20725825,-0.17393659,-0.125103,-0.15657571,-0.15690626,-0.1541065,-0.15745755,-0.16221246,-0.22200036,-0.12921503,-0.2814266,-0.15411052,-0.1915083,-0.24371436,-0.16952515,-0.15402868,-0.13369927,-0.12557748,-0.15410355,-0.18106565,-0.1541103,-0.18642783,-0.15405653,-0.30462334,-0.15400529,-0.14691104,-0.13029914,-0.15409824,-0.15744612,-0.18915205,-0.1291435,-0.15410294,-0.10481856,-0.1650517,-0.15410075,-0.15745941,-0.15743181,-0.12879115,-0.15401302,-0.15742745,-0.15741917,-0.15742978,-0.1574378,-0.16505513,-0.17392421,-0.15409654,-0.15745276,-0.15744323,-0.15745322,-0.2025511,-0.15354379,-0.14723541,-0.15315229,-0.11499533,-0.10471026,-0.11893196,-0.15410003,-0.15738612,-0.1291078,-0.19501048,-0.15410727,-0.18738703,-0.11705899,-0.17429145,-0.15409836,-0.06652963,-0.15387389,-0.10737923,-0.124497145,-0.15298569,-0.052188452,-0.26007295
k__Bacteria|p__Bacteroidetes|c__Bacteroidia|o__Bacteroidales|f__Prevotellaceae|g__Prevotella|s__Prevotella_bergensis,-0.1004395,-0.12316422,-0.15519747,-0.15849593,-0.15849626,-0.23867357,-0.1666669,-0.16813041,-0.10929718,-0.22895765,-0.23728925,-0.15520331,-0.22850217,-0.3768707,-0.08556121,-0.15471675,-0.058144663,-0.15454996,-0.15842015,-0.19931981,-0.1978925,-0.13048847,-0.15516007,-0.12711628,-0.20043859,-0.11658599,-0.182019,-0.25032333,-0.1509206,-0.15516609,-0.15142563,-0.10844302,-0.18249588,-0.28454733,-0.15518717,-0.13070102,-0.15520036,-0.22338755,-0.15520376,-0.29867563,-0.15520385,-0.29356226,-0.1299302,-0.15502349,-0.13691942,-0.155197,-0.23188588,-0.24781659,-0.1296162,-0.13070825,-0.24679694,-0.18279888,-0.25087595,-0.26027086,-0.28621647,-0.27511892,-0.11894142,-0.15509814,-0.040142577,-0.056944285,-0.15432024,-0.11274739,-0.13743341,-0.13058014,-0.15517737,-0.15849054,-0.15849599,-0.15849677,-0.27573854,-0.15515655,-0.13057876,-0.16243835,-0.12334165,-0.14074792,-0.15516202,-0.15887658,-0.14481027,-0.13068347,-0.18691605,-0.14998752,-0.1551891,-0.15847012,-0.1584839,-0.1584042,-0.120334074,-0.13700745,-0.08858878,-0.15518183,-0.19008024,-0.15519543,-0.2004665,-0.11139822,-0.1388583,-0.13027036,-0.1074974,-0.15152657,-0.15507816,-0.15814355,-0.10065024,-0.08152827,-0.09427856,-0.15513816,-0.11960925,-0.15027548,-0.16982608,-0.1185138,-0.15515855,-0.15848854,-0.17738779,-0.15176103,-0.15519893,-0.25953975,-0.17989698,-0.13525523,-0.15519552,-0.15095688,-0.17780018,-0.2009549,-0.15517095,-0.09015879,-0.15483898,-0.12151222,-0.121854745,-0.13997786,-0.21433522,-0.13908121,-0.16057305,-0.15510872,-0.07092635,-0.15443766,-0.15755755,-0.18733518,-0.15488744,-0.13057718,-0.12334781,-0.14100276,-0.15514621,-0.114095174,-0.25318068,-0.26654312,-0.12977234,-0.10945694,-0.15513542,-0.09238048,-0.20963459,-0.15519577,-0.15839261,-0.13005011,-0.15510932,-0.16015086,-0.1553517,-0.15520108,-0.19704957,-0.20616047,-0.12944458,-0.10460003,-0.11361031,-0.10256614,-0.15519203,-0.19495486,-0.15516268,-0.12998483,-0.15500621,-0.041086134,-0.12967405,-0.15519956,-0.2300741,-0.15517321,-0.10384405,-0.15349545,-0.0784167,-0.15502831,-0.12766197,-0.15505208,-0.121451,-0.075820275,-0.09192432,-0.101488546,-0.15487996,-0.15838188,-0.12378413,-0.15501642,-0.1410757,-0.13984437,-0.18093297,-0.15520255,-0.25777104,-0.12844054,-0.15509397,-0.13462572,-0.119081676,-0.1551671,-0.15849112,-0.1584931,-0.15849444,-0.19755594,-0.25103784,-0.20219928,-0.19465852,-0.24831252,-0.20506537,-0.22091979,-0.15518433,-0.1302776,-0.11956477,-0.15517852,-0.1584867,-0.20931396,-0.18224281,-0.15516803,-0.32474133,-0.15520027,-0.15849763,-0.15849632,-0.15849586,-0.2185038,-0.15516727,-0.114121355,-0.15517077,-0.15847942,-0.15848693,-0.22984435,-0.1551927,-0.15846616,-0.08963354,-0.15507141,-0.15843874,-0.15846005,-0.15846157,-0.13302092,-0.1051107,-0.14014931,-0.15141064,-0.15839578,-0.15615125,-0.14613561,-0.15518832,-0.12319561,-0.13065049,-0.15514559,-0.1584974,-0.15849684,-0.15849686,-0.15849745,-0.38518023,-0.11451449,-0.15515435,-0.15564899,-0.14443555,-0.16636807,-0.15519471,-0.15840462,-0.12993515,-0.047159404,-0.14813644,-0.14016809,-0.14106366,-0.15502271,-0.19987361,-0.1649412,-0.17166539,-0.1551683,-0.158447,-0.12722544,-0.14610182,-0.2588673,-0.13044482,-0.15505022,-0.09132757,-0.12832497,-0.13684332,-0.16221203,-0.15659244,-0.1298407,-0.1548962,-0.15838534,-0.15844308,-0.15848318,-0.15740095,-0.19795567,-0.15106063,-0.07294749,-0.2039893,-0.15515533,-0.15844147,-0.104459345,-0.15481657,-0.17466888,-0.13176009,-0.15516374,-0.15109587,-0.10913184,-0.15497082,-0.05825615,-0.14326635,-0.17082691,-0.15509124,-0.18883844,-0.15520161,-0.31316653,-0.15519004,-0.16808087,-0.14331596,-0.15519243,-0.15849331,-0.25088155,-0.15520206,-0.22115314,-0.07562123,-0.086852394,-0.10702289,-0.060967896,-0.14726825,-0.16796505,-0.15746465,-0.22133875,-0.12812386,-0.0969081,-0.16398169,-0.12716047,-0.11335766,-0.18846886,-0.13064398,-0.17755464,-0.0994983,-0.115196005,-0.15509263,-0.11662802,-0.19749595,-0.14526704,-0.12781724,-0.096878245,-0.15509252,-0.15826222,-0.12434345,-0.11230643,-0.063823454,-0.15501012,-0.11419349,-0.10007019,-0.24483351,-0.15520267,-0.15848301,-0.16344379,-0.1759062,-0.12524253,-0.15518513,-0.0782174,-0.19187105,-0.18185812,-0.09859173,-0.11065883,-0.15479723,-0.15811142,-0.083404,-0.1213824,-0.13072303,-0.13855581,-0.19385117,-0.15515834,-0.15848953,-0.19487974,-0.23847799,-0.2432746,-0.13026541,-0.15495825,-0.15845536,-0.14520228,-0.2961179,-0.15520182,-0.19813283,-0.13054164,-0.1551257,-0.060104962,-0.15931924,-0.15519968,-0.2028091,-0.2868003,-0.11816878,-0.14795661,-0.10060286,-0.1550143,-0.13614628,-0.20725825,-0.17393659,-0.125103,-0.15657571,-0.15690626,-0.15519802,-0.15849245,-0.16221246,-0.22200036,-0.13072594,-0.2814266,-0.15520316,-0.1915083,-0.24371436,-0.16952515,-0.15509926,-0.13369927,-0.12557748,-0.15519425,-0.18106565,-0.15520288,-0.18642783,-0.15513536,-0.30462334,-0.15506986,-0.14691104,-0.13029914,-0.15518737,-0.15847763,-0.18915205,-0.13063407,-0.15519333,-0.10481856,-0.1650517,-0.15519077,-0.1584949,-0.15845941,-0.13018955,-0.1550771,-0.15845439,-0.15844351,-0.15845731,-0.15846704,-0.16505513,-0.17392421,-0.15518537,-0.15848629,-0.15847415,-0.15848686,-0.2025511,-0.15354379,-0.14723541,-0.15399697,-0.11499533,-0.10471026,-0.11893196,-0.15518966,-0.15840091,-0.13058838,-0.19501048,-0.15519905,-0.18738703,-0.11705899,-0.17429145,-0.15518689,-0.06652963,-0.1548971,-0.10737923,-0.124497145,-0.15298569,-0.052188452,-0.26007295
k__Bacteria|p__Bacteroidetes|c__Bacteroidia|o__Bacteroidales|f__Bacteroidaceae|g__Bacteroides|s__Bacteroides_finegoldii,-0.1004395,-0.12316422,-0.15399511,-0.15731752,-0.15731777,-0.23867357,-0.1666669,-0.16813041,-0.10929718,-0.22895765,-0.23728925,-0.1539998,-0.22850217,-0.3768707,-0.08556121,-0.15360853,-0.058144663,-0.15348068,-0.15725687,-0.19931981,-0.1978925,-0.12913941,-0.15396538,-0.12711628,-0.20043859,-0.11658599,-0.182019,-0.25032333,-0.1509206,-0.15397006,-0.15142563,-0.10844302,-0.18249588,-0.28454733,-0.15398681,-0.12932011,-0.15399745,-0.22338755,-0.15400015,-0.29867563,-0.15400022,-0.29356226,-0.12865916,-0.1538554,-0.13691942,-0.1539948,-0.23188588,-0.24781659,-0.1296162,-0.12932587,-0.24679694,-0.18279888,-0.25087595,-0.26027086,-0.28621647,-0.27511892,-0.11894142,-0.15391558,-0.040142577,-0.056944285,-0.15329164,-0.11274739,-0.13743341,-0.12921512,-0.15397891,-0.15731321,-0.15731755,-0.15731817,-0.27573854,-0.15396123,-0.12921675,-0.16243835,-0.12334165,-0.14074792,-0.1539669,-0.15887658,-0.14481027,-0.12930542,-0.18691605,-0.14998752,-0.15398844,-0.15729687,-0.1573078,-0.15724307,-0.120334074,-0.13700745,-0.08858878,-0.15398267,-0.19008024,-0.15399353,-0.2004665,-0.11139822,-0.1388583,-0.13027036,-0.1074974,-0.15152657,-0.15389988,-0.15701884,-0.10065024,-0.08152827,-0.09427856,-0.15394795,-0.11960925,-0.15027548,-0.16982608,-0.1185138,-0.153964,-0.15731163,-0.17738779,-0.15176103,-0.15399629,-0.25953975,-0.17989698,-0.13525523,-0.15399358,-0.15095688,-0.17780018,-0.2009549,-0.15397328,-0.09015879,-0.15370937,-0.12151222,-0.121854745,-0.13997786,-0.21433522,-0.13908121,-0.16057305,-0.1539244,-0.07092635,-0.15338668,-0.15655988,-0.18733518,-0.15374346,-0.1292048,-0.12334781,-0.14100276,-0.1539543,-0.114095174,-0.25318068,-0.26654312,-0.1284873,-0.10945694,-0.15394574,-0.09238048,-0.20963459,-0.15399382,-0.15723461,-0.12873983,-0.15392458,-0.16015086,-0.1553517,-0.15399802,-0.19704957,-0.20616047,-0.12820286,-0.10460003,-0.11361031,-0.10256614,-0.15399085,-0.19495486,-0.15396741,-0.12866426,-0.15384305,-0.041086134,-0.12967405,-0.15399678,-0.2300741,-0.15397604,-0.10384405,-0.15263076,-0.0784167,-0.15385975,-0.12766197,-0.15387899,-0.121451,-0.075820275,-0.09192432,-0.101488546,-0.15374026,-0.1572266,-0.12378413,-0.15384628,-0.1410757,-0.13984437,-0.18093297,-0.15399918,-0.25777104,-0.12844054,-0.15391102,-0.13462572,-0.119081676,-0.15397102,-0.15731366,-0.15731525,-0.15731633,-0.19755594,-0.25103784,-0.20219928,-0.19465852,-0.24831252,-0.20506537,-0.22091979,-0.1539846,-0.12893343,-0.11956477,-0.15398014,-0.15731013,-0.20931396,-0.18224281,-0.1539714,-0.32474133,-0.15399739,-0.15731886,-0.15731782,-0.15731747,-0.2185038,-0.15397063,-0.114121355,-0.15397365,-0.15730412,-0.15731034,-0.22984435,-0.15399137,-0.15729313,-0.08963354,-0.15389404,-0.1572721,-0.15728873,-0.15729028,-0.13302092,-0.1051107,-0.14014931,-0.15141064,-0.15839578,-0.15615125,-0.14613561,-0.15398794,-0.12319561,-0.12927857,-0.15395334,-0.15731868,-0.15731823,-0.15731823,-0.15731873,-0.38518023,-0.11451449,-0.15396066,-0.15564899,-0.14443555,-0.16636807,-0.15399289,-0.15724397,-0.12993515,-0.047159404,-0.14831017,-0.14016809,-0.14106366,-0.15385537,-0.19987361,-0.1649412,-0.17166539,-0.1539719,-0.15727878,-0.12722544,4.888903,2.6840858,-0.12909245,-0.15387717,-0.09132757,-0.12832497,-0.13684332,-0.16221203,-0.15659244,-0.12853703,-0.15375261,-0.1572291,-0.15727547,-0.15730736,-0.15740095,-0.19795567,-0.15106063,-0.07294749,-0.2039893,-0.15396127,-0.15727422,-0.104459345,-0.15363011,-0.17466888,-0.13176009,-0.15396845,-0.15109587,-0.10913184,-0.15381256,-0.05825615,-0.14326635,-0.17082691,-0.15391004,-0.18883844,-0.15399843,-0.31316653,-0.15398905,-0.16808087,-0.14331596,-0.15399113,-0.1573154,-0.25088155,-0.15399879,-0.22115314,-0.07562123,-0.086852394,-0.10702289,-0.060967896,-0.1476124,-0.16796505,-0.15746465,-0.22133875,-0.12812386,-0.0969081,-0.16398169,-0.12716047,-0.11335766,-0.18846886,-0.12927222,-0.17755464,-0.0994983,-0.115196005,-0.15391128,-0.11662802,-0.19749595,-0.14526704,-0.12781724,-0.096878245,-0.15391172,-0.15713054,-0.12434345,-0.11230643,-0.063823454,-0.15384495,-0.11419349,-0.10007019,-0.24483351,-0.1539993,-0.15730736,-0.16344379,-0.1759062,-0.12524253,-0.15398532,-0.0782174,-0.19187105,-0.18185812,-0.09859173,-0.11065883,-0.15367582,-0.1570104,-0.083404,-0.1213824,-0.13072303,-0.13855581,-0.19385117,-0.15396369,-0.15731244,-0.19487974,-0.23847799,-0.2432746,-0.12895407,-0.1538037,-0.15728503,-0.14520228,-0.2961179,-0.15399858,-0.19813283,-0.12918198,-0.15393746,-0.060104962,-0.15931924,-0.15399688,-0.2028091,-0.2868003,-0.11816878,-0.14795661,-0.10060286,-0.15384811,-0.13614628,-0.20725825,-0.17393659,-0.125103,-0.15657571,-0.15690626,-0.15399554,-0.15731476,-0.16221246,-0.22200036,-0.12934025,-0.2814266,-0.15399969,-0.1915083,-0.24371436,-0.16952515,-0.15391585,-0.13369927,-0.12557748,-0.15399255,-0.18106565,-0.15399945,-0.18642783,-0.15394494,-0.30462334,-0.15389252,-0.14691104,-0.13029914,-0.15398706,-0.15730298,-0.18915205,-0.12926516,-0.15399185,-0.10481856,-0.1650517,-0.1539897,-0.15731668,-0.15728846,-0.12887344,-0.1538991,-0.15728411,-0.15727547,-0.15728647,-0.15729442,-0.16505513,-0.17392421,-0.15398538,-0.15730983,-0.1573001,-0.1573103,-0.2025511,-0.15354379,-0.14723541,-0.15302703,-0.11499533,-0.10471026,-0.11893196,-0.1539889,-0.15724167,-0.12922731,-0.19501048,-0.15399638,-0.18738703,-0.11705899,-0.17429145,-0.15398706,-0.06652963,-0.15375501,-0.10737923,-0.124497145,-0.15298569,-0.052188452,-0.26007295
k__Bacteria|p__Bacteroidetes|c__Bacteroidia|o__Bacteroidales|f__Prevotellaceae|g__Prevotella|s__Prevotella_buccae,-0.1004395,-0.12316422,-0.15400591,-0.15736255,-0.15736288,-0.23867357,-0.1666669,-0.16813041,-0.10929718,-0.22895765,-0.23728925,-0.15401171,-0.22850217,-0.3768707,-0.08556121,-0.1535308,-0.058144663,-0.15337083,-0.15728766,-0.19931981,-0.1978925,-0.1288539,-0.15396902,-0.12711628,-0.20043859,-0.11658599,-0.182019,-0.25032333,-0.1509206,-0.1539748,-0.15142563,-0.10844302,-0.18249588,-0.28454733,-0.15399522,-0.12907678,-0.1540088,-0.22338755,-0.15401214,-0.29867563,-0.15401223,-0.29356226,-0.12827927,-0.15383309,-0.13691942,-0.1540055,-0.23188588,-0.24781659,-0.1296162,-0.12908407,-0.24679694,-0.18279888,-0.25087595,-0.26027086,-0.28621647,-0.27511892,-0.11894142,-0.15390772,-0.040142577,-0.056944285,-0.15314087,-0.11274739,-0.13743341,-0.12894854,-0.15398599,-0.15735725,-0.15736261,-0.15736338,-0.27573854,-0.15396322,-0.12895024,-0.16243835,-0.12334165,-0.14074792,-0.1539711,-0.15887658,-0.14481027,-0.12905838,-0.18691605,-0.14998752,-0.15399769,-0.1573371,-0.1573506,-0.15726632,-0.120334074,-0.13700745,-0.08858878,-0.15399055,-0.19008024,-0.15400395,-0.2004665,-0.11139822,-0.1388583,-0.13027036,-0.1074974,-0.15152657,-0.15388842,-0.15698339,-0.10065024,-0.08152827,-0.09427856,-0.15394747,-0.11960925,-0.15027548,3.2280672,-0.1185138,-0.15396735,-0.15735528,-0.17738779,-0.15176103,-0.15400738,-0.25953975,-0.17989698,-0.13525523,-0.15400402,-0.15095688,-0.17780018,-0.2009549,-0.15397802,-0.09015879,-0.15365322,-0.12151222,-0.121854745,-0.13997786,-0.21433522,-0.13908121,-0.16057305,-0.15391842,-0.07092635,-0.15325604,-0.15643296,-0.18733518,-0.15369487,-0.12893984,-0.12334781,-0.14100276,-0.15395552,-0.114095174,-0.25318068,-0.26654312,-0.12807432,-0.10945694,-0.15394488,-0.09238048,-0.20963459,-0.1540043,-0.15725636,-0.12838389,-0.1539187,-0.16015086,-0.1553517,-0.15400952,-0.19704957,-0.20616047,-0.12773465,-0.10460003,-0.11361031,-0.10256614,-0.15400064,-0.19495486,-0.15397009,-0.12828982,-0.15381771,-0.041086134,-0.12967405,-0.154008,-0.2300741,-0.15398072,-0.10384405,-0.15232442,-0.0784167,-0.15383852,-0.12766197,-0.15386268,-0.121451,-0.075820275,-0.09192432,-0.101488546,-0.15369193,-0.15725029,-0.12378413,-0.1538167,-0.1410757,-0.13984437,-0.18093297,-0.15401095,-0.25777104,-0.12844054,-0.15389818,-0.13462572,-0.119081676,-0.15397611,-0.15735781,-0.15735975,-0.15736109,-0.19755594,-0.25103784,-0.20219928,-0.19465852,-0.24831252,-0.20506537,-0.22091979,-0.15399256,-0.12861553,-0.11956477,-0.15398735,-0.15735343,-0.20931396,-0.18224281,-0.153976,-0.32474133,-0.15400872,-0.15736422,-0.15736294,-0.15736249,-0.2185038,-0.15397444,-0.114121355,-0.15397944,-0.1573461,-0.15735364,-0.22984435,-0.1540013,-0.15733154,-0.08963354,-0.15388116,-0.1573064,-0.15732712,-0.15732887,-0.13302092,-0.1051107,-0.14014931,-0.15141064,-0.15839578,-0.15615125,-0.14613561,-0.153997,-0.12319561,-0.12902549,-0.15395465,-0.15736401,-0.15736344,-0.15736346,-0.15736407,-0.38518023,-0.11451449,-0.15396343,-0.15564899,-0.14443555,-0.16636807,-0.15400323,-0.1572704,-0.12993515,-0.047159404,-0.14702874,-0.14016809,-0.14106366,-0.15383387,-0.19987361,-0.1649412,-0.17166539,-0.15397725,-0.15731466,-0.12722544,-0.14610182,-0.2588673,-0.12879921,-0.15386029,-0.09132757,-0.12832497,-0.13684332,-0.16221203,-0.15659244,-0.12813818,-0.15370639,-0.15725335,-0.15731052,-0.15735,-0.15740095,-0.19795567,-0.15106063,-0.07294749,-0.2039893,-0.15396428,-0.15730895,-0.104459345,-0.15355533,-0.17466888,-0.13176009,-0.15397291,-0.15109587,-0.10913184,-0.15378049,-0.05825615,-0.14326635,-0.17082691,-0.15390119,-0.18883844,-0.15401003,-0.31316653,-0.1539984,-0.16808087,-0.14331596,-0.15400101,-0.15735996,-0.25088155,-0.15401046,-0.22115314,-0.07562123,-0.086852394,-0.10702289,-0.060967896,-0.14616883,-0.16796505,-0.15746465,-0.22133875,-0.12812386,-0.0969081,-0.16398169,-0.12716047,-0.11335766,-0.18846886,-0.12901749,-0.17755464,-0.0994983,-0.115196005,-0.1539025,-0.11662802,-0.19749595,-0.14526704,-0.12781724,-0.096878245,-0.15390271,-0.15713161,-0.12434345,-0.11230643,-0.063823454,-0.15382054,-0.11419349,-0.10007019,-0.24483351,-0.1540111,-0.1573492,-0.16344379,-0.1759062,-0.12524253,-0.15399384,-0.0782174,-0.19187105,-0.18185812,-0.09859173,-0.11065883,-0.15361193,-0.15698361,-0.083404,-0.1213824,-0.13072303,-0.13855581,-0.19385117,-0.1539672,-0.15735626,-0.19487974,-0.23847799,-0.2432746,-0.12862748,-0.15376985,-0.15732248,-0.14520228,-0.2961179,-0.15401022,-0.19813283,-0.12890631,-0.1539348,-0.060104962,-0.15931924,-0.15400809,-0.2028091,-0.2868003,-0.11816878,-0.14795661,-0.10060286,-0.15382466,-0.13614628,-0.20725825,-0.17393659,-0.125103,-0.15657571,-0.15690626,-0.15400648,-0.15735912,-0.16221246,-0.22200036,-0.12910183,-0.2814266,-0.15401156,-0.1915083,-0.24371436,-0.16952515,-0.15390354,-0.13369927,-0.12557748,-0.15400276,-0.18106565,-0.15401128,-0.18642783,-0.15394247,-0.30462334,-0.1538799,-0.14691104,-0.13029914,-0.15399599,-0.1573446,-0.18915205,-0.1290077,-0.15400186,-0.10481856,-0.1650517,-0.1539993,-0.15736154,-0.15732446,-0.1285281,-0.15388738,-0.15732144,-0.15731074,-0.15732434,-0.15733394,-0.16505513,-0.17392421,-0.15399396,-0.15735307,-0.15734111,-0.15735365,-0.2025511,-0.15354379,-0.14723541,-0.15281802,-0.11499533,-0.10471026,-0.11893196,-0.15399826,-0.1572653,-0.12896244,-0.19501048,-0.1540075,-0.18738703,-0.11705899,-0.17429145,-0.15399437,-0.06652963,-0.15370932,-0.10737923,-0.124497145,-0.15298569,-0.052188452,-0.26007295
k__Bacteria|p__Bacteroidetes|c__Bacteroidia|o__Bacteroidales|f__Prevotellaceae|g__Prevotella|s__Prevotella_disiens,-0.1004395,-0.12316422,-0.15432009,-0.15760382,-0.15760414,-0.23867357,-0.1666669,-0.16813041,-0.10929718,-0.22895765,-0.23728925,-0.15432575,-0.22850217,-0.3768707,-0.08556121,-0.1538468,-0.058144663,-0.15369427,-0.15753064,-0.19931981,-0.1978925,-0.12971629,-0.15428406,-0.12711628,-0.20043859,-0.11658599,-0.182019,-0.25032333,-0.1509206,-0.15428987,-0.15142563,-0.10844302,-0.18249588,-0.28454733,-0.15430987,-0.12993288,-0.15432294,-0.22338755,-0.15432617,-0.29867563,-0.15432626,-0.29356226,-0.12912942,-0.15415162,-0.13691942,-0.1543197,-0.23188588,-0.24781659,-0.1296162,-0.12993984,-0.24679694,-0.18279888,-0.25087595,-0.26027086,-0.28621647,-0.27511892,-0.11894142,-0.15422407,-0.040142577,-0.056944285,-0.15347451,-0.11274739,-0.13743341,-0.12980828,-0.15430066,-0.15759861,-0.15760387,-0.15760463,-0.27573854,-0.15427944,-0.1298086,-0.16243835,-0.12334165,-0.14074792,-0.15428603,-0.15887658,-0.14481027,-0.12991457,-0.18691605,-0.14998752,-0.15431204,-0.15757895,-0.15759216,-0.15751246,-0.120334074,-0.13700745,-0.08858878,-0.15430504,-0.19008024,-0.15431818,-0.2004665,-0.11139822,-0.1388583,-0.13027036,-0.1074974,-0.15152657,-0.15420505,-0.15723008,-0.10065024,-0.08152827,-0.09427856,-0.15426296,-0.11960925,-0.15027548,-0.16982608,-0.1185138,-0.15428263,-0.1575967,-0.17738779,-0.15176103,-0.15432154,-0.25953975,-0.17989698,-0.13525523,-0.15431824,-0.15095688,-0.17780018,-0.2009549,-0.15429375,-0.09015879,-0.15397398,-0.12151222,-0.121854745,-0.13997786,-0.21433522,-0.13908121,-0.16057305,-0.15423453,-0.07092635,-0.153583,-0.15669695,-0.18733518,-0.15401885,-0.12979499,-0.12334781,-0.14100276,-0.15427077,-0.114095174,-0.25318068,-0.26654312,-0.12896295,-0.10945694,-0.15426035,-0.09238048,-0.20963459,-0.15431851,-0.1575034,-0.12925105,-0.15423483,-0.16015086,-0.1553517,-0.15432362,-0.19704957,-0.20616047,-0.12862772,-0.10460003,-0.11361031,-0.10256614,-0.15431492,-0.19495486,-0.15428624,-0.12917429,-0.1541354,-0.041086134,-0.12967405,-0.15432215,-0.2300741,-0.15429673,-0.10384405,-0.15266608,-0.0784167,-0.15415667,-0.12766197,-0.15417975,-0.121451,-0.075820275,-0.09192432,-0.101488546,-0.15401219,-0.15749374,-0.12378413,-0.15413353,-0.1410757,-0.13984437,-0.18093297,-0.15432501,-0.25777104,-0.12844054,-0.15421782,-0.13462572,-0.119081676,-0.15429085,-0.15759915,-0.15760109,-0.15760238,-0.19755594,-0.25103784,-0.20219928,-0.19465852,-0.24831252,-0.20506537,-0.22091979,-0.15430743,-0.12947936,-0.11956477,-0.15430194,-0.15759492,-0.20931396,-0.18224281,-0.15429127,-0.32474133,-0.15432283,-0.15760544,-0.15760419,-0.15760374,-0.2185038,-0.1542905,-0.114121355,-0.15429437,-0.15758786,-0.15759514,-0.22984435,-0.15431556,-0.15757434,-0.08963354,-0.15419814,-0.15754879,-0.15756923,-0.15757075,-0.13302092,-0.1051107,-0.14014931,-0.15141064,-0.15839578,-0.15615125,-0.14613561,-0.15431133,-0.12319561,-0.12988293,-0.15427005,-0.15760523,-0.1576047,-0.15760471,-0.15760529,-0.38518023,-0.11451449,-0.15427859,-0.15564899,-0.14443555,0.9947479,-0.15431747,-0.15751566,-0.12993515,-0.047159404,-0.14750305,-0.14016809,-0.14106366,-0.15415183,-0.19987361,-0.1649412,-0.17166539,-0.15429205,-0.1575568,-0.12722544,-0.14610182,-0.2588673,-0.12966461,-0.1541774,-0.09132757,-0.12832497,-0.13684332,-0.16221203,-0.15659244,-0.12904872,-0.15402791,-0.15749702,-0.15755293,-0.15759152,-0.15740095,-0.19795567,-0.15106063,-0.07294749,-0.2039893,-0.15427943,-0.15755133,-0.104459345,-0.15388878,-0.17466888,-0.13176009,-0.15428773,-0.15109587,-0.10913184,-0.15409943,-0.05825615,-0.14326635,-0.17082691,-0.15421769,-0.18883844,-0.15432411,-0.31316653,-0.15431294,-0.16808087,-0.14331596,-0.1543153,-0.15760131,-0.25088155,-0.15432455,-0.22115314,-0.07562123,-0.086852394,-0.10702289,-0.060967896,-0.14666978,-0.16796505,-0.15746465,-0.22133875,-0.12812386,-0.0969081,-0.16398169,-0.12716047,-0.11335766,-0.18846886,-0.12987535,-0.17755464,-0.0994983,-0.115196005,-0.154219,-0.11662802,-0.19749595,-0.14526704,-0.12781724,-0.096878245,-0.15421894,-0.15737796,-0.12434345,-0.11230643,-0.063823454,-0.15413845,-0.11419349,-0.10007019,-0.24483351,-0.15432514,-0.15759143,-0.16344379,-0.1759062,-0.12524253,-0.15430826,-0.0782174,-0.19187105,-0.18185812,-0.09859173,-0.11065883,-0.15393388,-0.15723243,-0.083404,-0.1213824,-0.13072303,-0.13855581,-0.19385117,-0.15428236,-0.15759769,-0.19487974,-0.23847799,-0.2432746,-0.12950815,-0.15408894,-0.1575647,-0.14520228,-0.2961179,-0.1543243,-0.19813283,-0.12976879,-0.15425065,-0.060104962,-0.15931924,-0.15432225,-0.2028091,-0.2868003,-0.11816878,-0.14795661,-0.10060286,-0.15414304,-0.13614628,-0.20725825,-0.17393659,-0.125103,-0.15657571,-0.15690626,-0.15432064,-0.15760049,-0.16221246,-0.22200036,-0.12995723,-0.2814266,-0.15432562,-0.1915083,-0.24371436,-0.16952515,-0.15422288,-0.13369927,-0.12557748,-0.15431704,-0.18106565,-0.15432534,-0.18642783,-0.1542593,-0.30462334,-0.15419704,-0.14691104,-0.13029914,-0.1543104,-0.15758625,-0.18915205,-0.12986603,-0.15431614,-0.10481856,-0.1650517,-0.15431364,-0.15760282,-0.1575684,-0.12942573,-0.1542039,-0.15756369,-0.15755314,-0.15756652,-0.15757588,-0.16505513,-0.17392421,-0.15430842,-0.15759453,-0.15758285,-0.15759511,-0.2025511,-0.15354379,-0.14723541,-0.15316114,-0.11499533,-0.10471026,-0.11893196,-0.15431261,-0.15751137,-0.12982029,-0.19501048,-0.15432167,-0.18738703,-0.11705899,-0.17429145,-0.15430996,-0.06652963,-0.1540282,-0.10737923,-0.124497145,-0.15298569,-0.052188452,-0.26007295
k__Bacteria|p__Bacteroidetes|c__Bacteroidia|o__Bacteroidales|f__Tannerellaceae|g__Parabacteroides|s__Parabacteroides_goldsteinii,-0.1004395,-0.12316422,-0.15411164,-0.15738967,-0.15738988,-0.23867357,-0.1666669,-0.16813041,-0.10929718,-0.22895765,-0.23728925,-0.1541157,-0.22850217,-0.3768707,-0.08556121,-0.15377498,-0.058144663,-0.15366796,-0.15733746,-0.19931981,-0.1978925,-0.12960367,-0.15408604,-0.12711628,-0.20043859,-0.11658599,-0.182019,-0.25032333,-0.1509206,-0.15409008,-0.15142563,-0.10844302,-0.18249588,-0.28454733,-0.15410417,-0.1297656,-0.15411368,-0.22338755,-0.15411597,-0.29867563,-0.15411606,-0.29356226,-0.12916788,-0.15399124,-0.13691942,-0.15411139,-0.23188588,-0.24781659,-0.1296162,-0.12977073,-0.24679694,-0.18279888,-0.25087595,-0.26027086,1.2672945,-0.27511892,-0.11894142,-0.15404302,-0.040142577,-0.056944285,-0.15350854,-0.11274739,-0.13743341,-0.12967217,-0.15409774,-0.15738598,-0.1573897,-0.15739024,-0.27573854,-0.15408173,-0.12967326,-0.16243835,-0.12334165,-0.14074792,-0.15408745,-0.15887658,-0.14481027,-0.12975222,-0.18691605,-0.14998752,-0.1541059,-0.15737194,-0.1573813,-0.157323,-0.120334074,-0.13700745,-0.08858878,-0.15410095,-0.19008024,-0.1541103,-0.2004665,-0.11139822,-0.1388583,-0.13027036,-0.1074974,-0.15152657,-0.15402977,-0.1571126,-0.10065024,-0.08152827,-0.09427856,-0.15407099,-0.11960925,-0.15027548,-0.16982608,-0.1185138,-0.15408488,-0.1573846,-0.17738779,-0.15176103,-0.15411267,-0.25953975,-0.17989698,-0.13525523,-0.15411034,-0.15095688,-0.17780018,-0.2009549,-0.15409225,-0.09015879,-0.15386543,-0.12151222,-0.121854745,-0.13997786,-0.21433522,-0.13908121,-0.16057305,-0.15405074,-0.07092635,-0.15358613,-0.15674013,-0.18733518,-0.15389456,-0.12965958,-0.12334781,-0.14100276,-0.15407659,-0.114095174,-0.25318068,-0.26654312,-0.1290157,-0.10945694,-0.15406917,-0.09238048,-0.20963459,-0.15411055,-0.15731716,-0.12923943,-0.15405081,-0.16015086,-0.1553517,-0.15411416,-0.19704957,-0.20616047,-0.12876576,-0.10460003,-0.11361031,-0.10256614,-0.15410802,-0.19495486,-0.1540871,-0.12917559,-0.15398052,-0.041086134,-0.12967405,-0.15411311,-0.2300741,-0.15409479,-0.10384405,-0.15292971,-0.0784167,-0.15399489,-0.12766197,-0.1540117,-0.121451,-0.075820275,-0.09192432,-0.101488546,-0.15389161,-0.15731135,-0.12378413,-0.15397486,-0.1410757,-0.13984437,-0.18093297,-0.15411517,-0.25777104,-0.12844054,-0.15403676,-0.13462572,-0.119081676,-0.15409091,-0.15738633,-0.1573877,-0.15738863,-0.19755594,-0.25103784,-0.20219928,-0.19465852,-0.24831252,-0.20506537,-0.22091979,-0.15410246,-0.12941416,-0.11956477,-0.15409876,-0.15738332,-0.20931396,-0.18224281,-0.1540906,-0.32474133,-0.15411362,-0.15739083,-0.15738994,-0.15738961,-0.2185038,-0.15408981,-0.114121355,-0.15409319,-0.15737817,-0.1573835,-0.22984435,-0.15410843,-0.15736772,-0.08963354,-0.15402448,-0.15735057,-0.15736493,-0.15736622,-0.13302092,-0.1051107,-0.14014931,-0.15141064,-0.15839578,-0.15615125,-0.14613561,-0.15410547,-0.12319561,-0.12972936,-0.15407586,-0.15739068,-0.1573903,-0.1573903,-0.15739071,-0.38518023,-0.11451449,-0.15408209,-0.15564899,-0.14443555,-0.16636807,-0.15410978,-0.15732601,-0.12993515,-0.047159404,-0.14924166,-0.14016809,-0.14106366,-0.1539918,-0.19987361,-0.1649412,-0.17166539,-0.1540917,-0.15735635,-0.12722544,-0.14610182,-0.2588673,-0.1295599,-0.15400983,-0.09132757,-0.12832497,-0.13684332,-0.16221203,-0.15659244,-0.12906286,-0.15390204,-0.1573135,-0.15735346,-0.15738091,-0.15740095,-0.19795567,-0.15106063,-0.07294749,-0.2039893,-0.15408257,-0.15735234,-0.104459345,-0.1537617,-0.17466888,-0.13176009,-0.15408874,-0.15109587,-0.10913184,-0.15395367,-0.05825615,-0.14326635,-0.17082691,-0.15403861,-0.18883844,-0.15411451,-0.31316653,-0.15410641,-0.16808087,-0.14331596,-0.15410826,-0.15738785,-0.25088155,-0.15411481,-0.22115314,-0.07562123,-0.086852394,-0.10702289,-0.060967896,-0.14864253,-0.16796505,-0.15746465,-0.22133875,-0.12812386,-0.0969081,-0.16398169,-0.12716047,-0.11335766,-0.18846886,-0.12972298,-0.17755464,-0.0994983,-0.115196005,-0.15403959,-0.11662802,-0.19749595,-0.14526704,-0.12781724,-0.096878245,-0.1540398,-0.15722856,-0.12434345,-0.11230643,-0.063823454,-0.15398198,-0.11419349,-0.10007019,-0.24483351,-0.15411526,-0.1573807,-0.16344379,-0.1759062,-0.12524253,-0.15410328,-0.0782174,-0.19187105,-0.18185812,-0.09859173,-0.11065883,-0.1538368,-0.15712526,-0.083404,-0.1213824,-0.13072303,-0.13855581,-0.19385117,-0.15408467,-0.15738529,-0.19487974,-0.23847799,-0.2432746,-0.129447,-0.15394688,-0.15736176,-0.14520228,-0.2961179,-0.15411465,-0.19813283,-0.12964152,-0.154062,-0.060104962,-0.15931924,-0.1541132,-0.2028091,-0.2868003,-0.11816878,-0.14795661,-0.10060286,-0.1539852,-0.13614628,-0.20725825,-0.17393659,-0.125103,-0.15657571,-0.15690626,-0.15411204,-0.15738729,-0.16221246,-0.22200036,-0.12978327,-0.2814266,-0.15411559,-0.1915083,-0.24371436,-0.16952515,-0.15404084,-0.13369927,-0.12557748,-0.15410946,-0.18106565,-0.15411538,-0.18642783,-0.15406752,-0.30462334,-0.1540237,-0.14691104,-0.13029914,-0.15410474,-0.15737718,-0.18915205,-0.12971662,-0.15410885,-0.10481856,-0.1650517,-0.15410703,-0.15738896,-0.15736395,-0.12937254,-0.15402898,-0.15736099,-0.15735346,-0.157363,-0.15736972,-0.16505513,-0.17392421,-0.15410331,-0.15738305,-0.15737471,-0.15738347,-0.2025511,-0.15354379,-0.14723541,-0.15328223,-0.11499533,-0.10471026,-0.11893196,-0.15410632,-0.15732267,-0.12968332,-0.19501048,-0.15411276,-0.18738703,-0.11705899,-0.17429145,-0.15410419,-0.06652963,-0.1539039,-0.10737923,-0.124497145,-0.15298569,-0.052188452,-0.26007295
k__Bacteria|p__Bacteroidetes|c__Bacteroidia|o__Bacteroidales|f__Prevotellaceae|g__Prevotella|s__Prevotella_corporis,-0.1004395,-0.12316422,-0.15449513,-0.15782528,-0.15782548,-0.23867357,-0.1666669,-0.16813041,-0.10929718,-0.22895765,-0.23728925,-0.15449889,-0.22850217,-0.3768707,-0.08556121,-0.15417725,-0.058144663,-0.15408167,-0.15777695,-0.19931981,-0.1978925,-0.12961313,-0.15447141,-0.12711628,-0.20043859,-0.11658599,-0.182019,-0.25032333,-0.1509206,-0.15447524,-0.15142563,-0.10844302,-0.18249588,-0.28454733,-0.15448831,-0.12976205,-0.15449703,-0.22338755,-0.15449917,-0.29867563,-0.15449923,-0.29356226,-0.12920308,-0.15438375,-0.13691942,-0.15449488,-0.23188588,-0.24781659,-0.1296162,-0.1297667,-0.24679694,-0.18279888,-0.25087595,-0.26027086,-0.28621647,-0.27511892,-0.11894142,-0.15443164,-0.040142577,-0.056944285,-0.15393671,-0.11274739,-0.13743341,-0.12967604,-0.1544823,-0.15782183,-0.15782532,-0.15782581,-0.27573854,-0.15446785,-0.12967688,-0.16243835,-0.12334165,-0.14074792,-0.1544727,-0.15887658,-0.14481027,-0.1297495,-0.18691605,-0.14998752,-0.15448985,-0.15780887,-0.15781756,-0.15776405,-0.120334074,-0.13700745,-0.08858878,-0.15448521,-0.19008024,-0.1544939,-0.2004665,-0.11139822,-0.1388583,-0.13027036,-0.1074974,-0.15152657,-0.15441926,-0.15756683,-0.10065024,-0.08152827,-0.09427856,-0.15445748,-0.11960925,-0.15027548,-0.16982608,-0.1185138,-0.15447041,-0.15782058,-0.17738779,-0.15176103,-0.1544961,-0.25953975,-0.17989698,-0.13525523,-0.15449393,-0.15095688,-0.17780018,-0.2009549,-0.1544775,-0.09015879,-0.15426663,-0.12151222,-0.121854745,-0.13997786,-0.21433522,-0.13908121,-0.16057305,-0.15443873,-0.07092635,-0.15400602,-0.15722466,-0.18733518,-0.15429473,-0.12966335,-0.12334781,-0.14100276,-0.15446264,-0.114095174,-0.25318068,-0.26654312,-0.12907296,-0.10945694,-0.15445578,-0.09238048,-0.20963459,-0.1544941,-0.1577593,-0.1292768,-0.15443873,-0.16015086,-0.1553517,-0.15449747,-0.19704957,-0.20616047,-0.1288463,-0.10460003,-0.11361031,-0.10256614,-0.15449175,-0.19495486,-0.15447274,-0.1292223,-0.15437315,-0.041086134,-0.12967405,-0.15449649,-0.2300741,-0.15447986,-0.10384405,-0.15339148,-0.0784167,-0.15438706,-0.12766197,-0.15440243,-0.121451,-0.075820275,-0.09192432,-0.101488546,-0.15429108,-0.15775263,-0.12378413,-0.15436739,-0.1410757,-0.13984437,-0.18093297,-0.1544984,-0.25777104,-0.12844054,-0.15442723,-0.13462572,-0.119081676,-0.1544759,-0.1578222,-0.15782347,-0.15782432,-0.19755594,-0.25103784,-0.20219928,-0.19465852,-0.24831252,-0.20506537,-0.22091979,-0.15448678,-0.1294376,-0.11956477,-0.1544832,-0.1578194,-0.20931396,-0.18224281,-0.1544759,-0.32474133,-0.15449697,-0.15782635,-0.15782551,-0.15782523,-0.2185038,-0.15447545,-0.114121355,-0.15447813,-0.15781468,-0.15781955,-0.22984435,-0.15449218,-0.15780562,-0.08963354,-0.1544145,-0.15778905,-0.15780243,-0.15780349,-0.13302092,-0.1051107,-0.14014931,-0.15141064,-0.15839578,-0.15615125,-0.14613561,-0.1544894,-0.12319561,-0.12972862,-0.15446207,-0.15782622,-0.15782586,-0.15782586,-0.15782626,-0.38518023,-0.11451449,-0.15446776,-0.15564899,-0.14443555,-0.16636807,-0.1544934,-0.15776701,-0.12993515,-0.047159404,-0.14998463,-0.14016809,-0.14106366,-0.15438414,-0.19987361,-0.1649412,-0.17166539,-0.15447667,-0.15779437,-0.12722544,-0.14610182,-0.2588673,-0.12957244,-0.1544007,-0.09132757,-0.12832497,-0.13684332,-0.16221203,-0.15659244,-0.12912594,-0.15430138,-0.15775478,-0.15779172,-0.15781717,-0.15740095,-0.19795567,-0.15106063,-0.07294749,-0.2039893,-0.15446827,-0.1577907,-0.104459345,-0.15418988,-0.17466888,-0.13176009,-0.15447389,-0.15109587,-0.10913184,-0.15434846,-0.05825615,-0.14326635,-0.17082691,-0.15442753,-0.18883844,-0.15449782,-0.31316653,-0.15449038,-0.16808087,-0.14331596,-0.15449198,-0.1578236,-0.25088155,-0.1544981,-0.22115314,-0.07562123,-0.086852394,-0.10702289,-0.060967896,-0.14943627,-0.16796505,-0.15746465,-0.22133875,-0.12812386,-0.0969081,-0.16398169,-0.12716047,-0.11335766,-0.18846886,-0.12972285,-0.17755464,-0.0994983,-0.115196005,-0.15442842,-0.11662802,-0.19749595,-0.14526704,-0.12781724,-0.096878245,-0.15442848,-0.15767601,-0.12434345,-0.11230643,-0.063823454,-0.15437482,-0.11419349,-0.10007019,-0.24483351,-0.15449849,-0.15781718,-0.16344379,-0.1759062,-0.12524253,-0.15448736,-0.0782174,-0.19187105,-0.18185812,-0.09859173,-0.11065883,-0.1542401,-0.15757991,-0.083404,-0.1213824,-0.13072303,-0.13855581,-0.19385117,-0.15447024,-0.15782124,-0.19487974,-0.23847799,-0.2432746,-0.12947401,-0.15434238,-0.15779945,-0.14520228,-0.2961179,-0.15449792,-0.19813283,-0.12964836,-0.1544492,-0.060104962,-0.15931924,-0.15449658,-0.2028091,1.6238798,-0.11816878,-0.14795661,-0.10060286,-0.15437809,-0.13614628,-0.20725825,-0.17393659,-0.125103,-0.15657571,-0.15690626,-0.15449551,-0.15782309,-0.16221246,-0.22200036,-0.12977831,-0.2814266,-0.15449882,-0.1915083,-0.24371436,-0.16952515,-0.15443054,-0.13369927,-0.12557748,-0.15449312,-0.18106565,-0.1544986,-0.18642783,-0.15445474,-0.30462334,-0.15441382,-0.14691104,-0.13029914,-0.15448876,-0.15781371,-0.18915205,-0.12971698,-0.15449254,-0.10481856,-0.1650517,-0.15449087,-0.15782462,-0.15780194,-0.12940906,-0.15441847,-0.15779874,-0.15779181,-0.15780061,-0.15780684,-0.16505513,-0.17392421,-0.15448745,-0.15781914,-0.15781143,-0.15781954,-0.2025511,-0.15354379,-0.14723541,-0.15372834,-0.11499533,-0.10471026,-0.11893196,-0.15449022,-0.15776397,-0.12968567,-0.19501048,-0.1544962,-0.18738703,-0.11705899,-0.17429145,-0.15448856,-0.06652963,-0.15430163,-0.10737923,-0.124497145,-0.15298569,-0.052188452,-0.26007295
k__Bacteria|p__Bacteroidetes|c__Bacteroidia|o__Bacteroidales|f__Porphyromonadaceae|g__Porphyromonas|s__Porphyromonas_SGB1977,-0.1004395,-0.12316422,-0.1537762,-0.15704963,-0.1570499,-0.23867357,-0.1666669,-0.16813041,-0.10929718,-0.22895765,1.7006221,-0.15378106,-0.22850217,2.8512008,-0.08556121,-0.15336761,-0.058144663,-0.1532377,-0.15698662,-0.19931981,-0.1978925,-0.12927261,-0.15374522,-0.12711628,-0.20043859,-0.11658599,-0.182019,-0.25032333,-0.1509206,-0.15375021,-0.15142563,-0.10844302,-0.18249588,-0.28454733,-0.15376745,-0.12946469,-0.15377864,-0.22338755,-0.15378143,-0.29867563,-0.1537815,-0.29356226,-0.12875685,-0.15363118,-0.13691942,-0.15377586,-0.23188588,-0.24781659,-0.1296162,-0.1294708,-0.24679694,-0.18279888,-0.25087595,-0.26027086,-0.28621647,-0.27511892,-0.11894142,-0.15369341,-0.040142577,-0.056944285,-0.1530469,-0.11274739,-0.13743341,-0.1293527,-0.15375942,-0.15704514,-0.15704967,-0.15705033,-0.27573854,-0.15374058,-0.12935545,-0.16243835,-0.12334165,-0.14074792,-0.15374684,-0.15887658,-0.14481027,-0.12944904,-0.18691605,-0.14998752,-0.15376925,-0.1570282,-0.15703957,-0.15697107,-0.120334074,-0.13700745,-0.08858878,-0.15376322,-0.19008024,-0.15377453,-0.2004665,-0.11139822,-0.1388583,-0.13027036,-0.1074974,-0.15152657,-0.15367694,-0.15672255,-0.10065024,-0.08152827,-0.09427856,-0.153727,-0.11960925,-0.15027548,-0.16982608,-0.1185138,-0.15374392,-0.1570435,-0.17738779,-0.15176103,-0.15377744,-0.25953975,-0.17989698,-0.13525523,-0.1537746,-0.15095688,-0.17780018,-0.2009549,-0.15375343,-0.09015879,-0.15347797,-0.12151222,-0.121854745,-0.13997786,-0.21433522,-0.13908121,-0.16057305,-0.15370244,-0.07092635,-0.15314095,-0.15626657,-0.18733518,-0.1535157,-0.12933928,-0.12334781,-0.14100276,-0.15373369,-0.114095174,-0.25318068,-0.26654312,-0.12856664,-0.10945694,-0.15372473,-0.09238048,-0.20963459,-0.15377483,-0.15696359,-0.12883797,-0.15370274,-0.16015086,-0.1553517,-0.15377922,-0.19704957,-0.20616047,-0.12828085,-0.10460003,-0.11361031,-0.10256614,-0.15377176,-0.19495486,-0.15374699,-0.12875223,-0.15361717,-0.041086134,-0.12967405,-0.15377796,-0.2300741,-0.1537562,-0.10384405,-0.15234357,-0.0784167,-0.15363514,-0.12766197,-0.15365511,-0.121451,-0.075820275,-0.09192432,-0.101488546,-0.15351014,-0.15695475,-0.12378413,-0.1536172,-0.1410757,-0.13984437,-0.18093297,-0.15378043,-0.25777104,-0.12844054,-0.15368803,-0.13462572,-0.119081676,-0.15375102,-0.15704562,-0.15704727,-0.15704839,-0.19755594,-0.25103784,-0.20219928,-0.19465852,-0.24831252,-0.20506537,-0.22091979,-0.15376526,-0.12904255,-0.11956477,-0.15376057,-0.15704197,-0.20931396,-0.18224281,-0.15375134,-0.32474133,-0.15377855,-0.15705103,-0.15704994,-0.15704957,-0.2185038,-0.15375082,-0.114121355,-0.15375403,-0.15703583,-0.15704218,-0.22984435,-0.15377226,-0.15702435,-0.08963354,-0.15367112,-0.15700227,-0.15701978,-0.15702116,-0.13302092,-0.1051107,-0.14014931,-0.15141064,-0.15839578,-0.15615125,-0.14613561,-0.15376869,-0.12319561,-0.12942095,-0.15373299,-0.15705085,-0.15705037,-0.1570504,-0.1570509,-0.38518023,-0.11451449,-0.1537404,-0.15564899,-0.14443555,-0.16636807,-0.1537739,-0.15697362,-0.12993515,-0.047159404,-0.14789435,-0.14016809,-0.14106366,-0.15363112,-0.19987361,-0.1649412,-0.17166539,-0.15375203,-0.15700915,-0.12722544,-0.14610182,-0.2588673,-0.12921897,-0.15365303,-0.09132757,-0.12832497,-0.13684332,-0.16221203,-0.15659244,-0.12862486,-0.15352401,-0.15695757,-0.1570058,-0.15703905,-0.15740095,-0.19795567,-0.15106063,-0.07294749,-0.2039893,-0.15374112,-0.15700439,-0.104459345,-0.15338702,-0.17466888,-0.13176009,-0.15374833,-0.15109587,-0.10913184,-0.15358528,-0.05825615,-0.14326635,-0.17082691,-0.1536879,-0.18883844,-0.15377964,-0.31316653,-0.15376997,-0.16808087,-0.14331596,-0.15377206,-0.15704747,-0.25088155,-0.15378001,-0.22115314,-0.07562123,-0.086852394,-0.10702289,-0.060967896,-0.14717312,-0.16796505,-0.15746465,-0.22133875,-0.12812386,-0.0969081,-0.16398169,-0.12716047,-0.11335766,-0.18846886,-0.1294136,-0.17755464,-0.0994983,-0.115196005,-0.15368903,-0.11662802,-0.19749595,-0.14526704,-0.12781724,-0.096878245,-0.15368912,-0.15685463,-0.12434345,-0.11230643,-0.063823454,-0.15361935,-0.11419349,-0.10007019,-0.24483351,-0.15378055,-0.15703909,-0.16344379,-0.1759062,-0.12524253,-0.153766,-0.0782174,-0.19187105,-0.18185812,-0.09859173,-0.11065883,-0.15344311,-0.15672944,-0.083404,-0.1213824,-0.13072303,-0.13855581,-0.19385117,-0.15374362,-0.15704435,-0.19487974,-0.23847799,-0.2432746,-0.12907735,-0.15357675,-0.15701592,-0.14520228,-0.2961179,-0.1537798,-0.19813283,-0.1293172,-0.15371628,-0.060104962,-0.15931924,-0.15377805,-0.2028091,-0.2868003,-0.11816878,-0.14795661,-0.10060286,-0.15362346,-0.13614628,-0.20725825,-0.17393659,-0.125103,-0.15657571,-0.15690626,-0.15377666,-0.15704677,-0.16221246,-0.22200036,-0.12948586,-0.2814266,-0.15378095,-0.1915083,-0.24371436,-0.16952515,-0.15369286,-0.13369927,-0.12557748,-0.15377355,-0.18106565,-0.1537807,-0.18642783,-0.15372393,-0.30462334,-0.15367,-0.14691104,-0.13029914,-0.15376782,-0.1570345,-0.18915205,-0.12940645,-0.15377279,-0.10481856,-0.1650517,-0.1537706,-0.15704878,-0.1570192,-0.12898219,-0.15367602,-0.15701501,-0.15700594,-0.15701747,-0.15702558,-0.16505513,-0.17392421,-0.15376613,-0.15704161,-0.15703155,-0.15704213,-0.2025511,-0.15354379,-0.14723541,-0.15277566,-0.11499533,-0.10471026,-0.11893196,-0.15376973,-0.15697022,-0.12936598,-0.19501048,-0.15377752,-0.18738703,-0.11705899,-0.17429145,-0.15376769,-0.06652963,-0.15352479,-0.10737923,-0.124497145,-0.15298569,-0.052188452,-0.26007295
k__Bacteria|p__Bacteroidetes|c__Bacteroidia|o__Bacteroidales|f__Bacteroidaceae|g__Bacteroides|s__Bacteroides_xylanisolvens,-0.1004395,-0.12316422,-0.15239727,-0.15564072,-0.15564102,-0.23867357,-0.1666669,-0.16813041,-0.10929718,-0.22895765,-0.23728925,-0.1524021,-0.22850217,-0.3768707,-0.08556121,-0.15199795,-0.058144663,-0.1518634,-0.15557817,-0.19931981,-0.1978925,-0.12812221,-0.1523665,-0.12711628,-0.20043859,-0.11658599,-0.182019,-0.25032333,-0.1509206,-0.1523715,-0.15142563,-0.10844302,-0.18249588,-0.28454733,-0.1523888,-0.1283085,-0.15239969,-0.22338755,-0.15240248,-0.29867563,-0.15240255,-0.29356226,-0.12762342,-0.15225363,-0.13691942,-0.15239692,-0.23188588,-0.24781659,-0.1296162,-0.12831455,-0.24679694,-0.18279888,-0.25087595,-0.26027086,-0.28621647,-0.27511892,-0.11894142,-0.15231502,-0.040142577,-0.056944285,-0.15167277,-0.11274739,-0.13743341,-0.12820104,-0.15238062,-0.15563628,-0.15564078,-0.15564144,-0.27573854,-0.15236278,-0.12820204,-0.16243835,-0.12334165,-0.14074792,-0.15236808,-0.15887658,-0.14481027,-0.1282933,-0.18691605,-0.14998752,-0.15239036,-0.15561941,-0.15563074,-0.15556544,-0.120334074,-0.13700745,-0.08858878,-0.15238437,-0.19008024,-0.1523956,-0.2004665,-0.11139822,-0.1388583,-0.13027036,-0.1074974,-0.15152657,-0.15229875,-0.1553398,-0.10065024,-0.08152827,-0.09427856,-0.15234843,-0.11960925,-0.15027548,-0.16982608,-0.1185138,-0.15236525,-0.15563466,-0.17738779,-0.15176103,-0.1523985,3.2279294,-0.17989698,-0.13525523,-0.15239568,-0.15095688,-0.17780018,-0.2009549,-0.15237524,-0.09015879,-0.15210119,-0.12151222,-0.121854745,-0.13997786,-0.21433522,-0.13908121,-0.16057305,-0.15232405,-0.07092635,-0.151769,-0.1548638,-0.18733518,-0.1521407,-0.12819014,-0.12334781,-0.14100276,-0.15235506,-0.114095174,-0.25318068,-0.26654312,-0.12745583,-0.10945694,-0.15234613,-0.09238048,-0.20963459,-0.1523959,-0.1555564,-0.12771344,-0.15232457,-0.16015086,-0.1553517,-0.15240027,-0.19704957,-0.20616047,-0.1271502,-0.10460003,-0.11361031,-0.10256614,-0.15239283,-0.19495486,-0.15236892,-0.12763569,-0.15223984,-0.041086134,-0.12967405,-0.152399,-0.2300741,-0.15237778,-0.10384405,-0.1509906,-0.0784167,-0.15225756,-0.12766197,-0.15227717,-0.121451,-0.075820275,-0.09192432,-0.101488546,-0.15213382,-0.15554658,-0.12378413,-0.15224612,-0.1410757,-0.13984437,-0.18093297,-0.15240148,-0.25777104,-0.12844054,-0.15231124,-0.13462572,-0.119081676,-0.15237224,-0.15563674,-0.1556384,-0.1556395,-0.19755594,-0.25103784,-0.20219928,-0.19465852,-0.24831252,-0.20506537,-0.22091979,-0.15238655,-0.1279147,-0.11956477,-0.15238172,-0.1556331,-0.20931396,-0.18224281,-0.15237299,-0.32474133,-0.1523996,-0.15564212,-0.15564105,-0.15564066,-0.2185038,-0.15237221,-0.114121355,-0.15237522,-0.15562704,-0.15563333,-0.22984435,-0.15239337,-0.1556157,-0.08963354,-0.15229294,-0.1555936,-0.15561108,-0.15561244,-0.13302092,-0.1051107,-0.14014931,-0.15141064,-0.15839578,-0.15615125,-0.14613561,-0.1523898,-0.12319561,-0.12826574,-0.15235436,-0.15564194,-0.15564148,-0.15564148,-0.15564199,-0.38518023,-0.11451449,-0.15236169,-0.15564899,-0.14443555,-0.16636807,-0.15239501,-0.15556568,-0.12993515,-0.047159404,-0.14656284,-0.14016809,-0.14106366,-0.15225308,-0.19987361,-0.1649412,-0.17166539,-0.15237322,-0.15560046,-0.12722544,-0.14610182,-0.2588673,-0.12807608,-0.15227523,-0.09132757,-0.12832497,-0.13684332,-0.16221203,-0.15659244,-0.12750664,-0.1521473,-0.15554929,-0.15559721,-0.15563023,-0.15740095,-0.19795567,-0.15106063,-0.07294749,-0.2039893,-0.1523624,-0.15559578,-0.104459345,-0.1520297,-0.17466888,-0.13176009,-0.15236954,-0.15109587,-0.10913184,-0.15220878,-0.05825615,-0.14326635,-0.17082691,-0.15230952,-0.18883844,-0.1524007,-0.31316653,-0.15239114,-0.16808087,-0.14331596,-0.15239315,-0.15563858,-0.25088155,-0.15240106,-0.22115314,-0.07562123,-0.086852394,-0.10702289,-0.060967896,-0.14584029,-0.16796505,4.3916326,-0.22133875,-0.12812386,-0.0969081,-0.16398169,-0.12716047,-0.11335766,-0.18846886,-0.1282593,-0.17755464,-0.0994983,-0.115196005,-0.15231073,-0.11662802,-0.19749595,-0.14526704,-0.12781724,-0.096878245,-0.15231071,-0.15544738,-0.12434345,-0.11230643,-0.063823454,-0.1522421,-0.11419349,-0.10007019,-0.24483351,-0.15240158,-0.15563041,4.2219515,-0.1759062,-0.12524253,-0.15238713,7.103405,1.2310166,-0.18185812,-0.09859173,-0.11065883,-0.15206678,-0.15532318,-0.083404,-0.1213824,-0.13072303,-0.13855581,-0.19385117,-0.15236494,-0.15563548,-0.19487974,-0.23847799,-0.2432746,-0.12793043,-0.1521994,-0.15560725,-0.14520228,-0.2961179,-0.15240085,-0.19813283,-0.12816675,-0.15233786,-0.060104962,-0.15931924,-0.15239911,-0.2028091,-0.2868003,-0.11816878,-0.14795661,-0.10060286,-0.1522458,-0.13614628,-0.20725825,-0.17393659,-0.125103,-0.15657571,-0.15690626,-0.15239772,-0.15563788,-0.16221246,-0.22200036,-0.12832946,-0.2814266,-0.15240198,-0.1915083,-0.24371436,-0.16952515,-0.15231653,-0.13369927,-0.12557748,-0.15239464,-0.18106565,-0.15240175,-0.18642783,-0.15234613,-0.30462334,-0.15229177,-0.14691104,-0.13029914,-0.15238895,-0.15562567,-0.18915205,-0.12825172,-0.15239389,-0.10481856,-0.1650517,-0.15239173,-0.15563989,-0.15561128,-0.12785323,-0.15229785,-0.15560636,-0.15559733,-0.15560877,-0.15561685,-0.16505513,2.5859103,-0.15238726,-0.15563276,-0.15562277,-0.15563327,-0.2025511,-0.15354379,-0.14723541,-0.15140381,-0.11499533,-0.10471026,-0.11893196,-0.15239085,-0.15556344,-0.12821248,-0.19501048,-0.1523986,-0.18738703,-0.11705899,-0.17429145,-0.15238914,-0.06652963,-0.15214877,-0.10737923,-0.124497145,-0.15298569,-0.052188452,-0.26007295
k__Bacteria|p__Bacteroidetes|c__Bacteroidia|o__Bacteroidales|f__Bacteroidaceae|g__GGB4379|s__GGB4379_SGB6025,-0.1004395,-0.12316422,-0.15378314,-0.15706125,-0.15706153,-0.23867357,-0.1666669,-0.16813041,-0.10929718,-0.22895765,-0.23728925,-0.15378839,-0.22850217,-0.3768707,-0.08556121,-0.15335098,-0.058144663,-0.1532057,-0.15699354,-0.19931981,-0.1978925,-0.12923679,-0.15374988,-0.12711628,-0.20043859,-0.11658599,-0.182019,-0.25032333,-0.1509206,-0.15375522,-0.15142563,-0.10844302,-0.18249588,-0.28454733,-0.15377396,-0.12943748,-0.15378575,-0.22338755,-0.15378878,-0.29867563,-0.15378883,-0.29356226,-0.12869899,-0.15362744,-0.13691942,-0.15378276,-0.23188588,-0.24781659,-0.1296162,-0.12944387,-0.24679694,-0.18279888,-0.25087595,-0.26027086,-0.28621647,-0.27511892,-0.11894142,-0.15369421,-0.040142577,-0.056944285,-0.15299784,-0.11274739,-0.13743341,-0.12932158,-0.15376508,-0.15705642,-0.1570613,-0.157062,-0.27573854,-0.15374589,-0.12932247,-0.16243835,-0.12334165,-0.14074792,-0.15375154,-0.15887658,-0.14481027,-0.1294209,-0.18691605,-0.14998752,-0.15377566,-0.15703817,-0.15705042,-0.15697956,-0.120334074,-0.13700745,-0.08858878,-0.1537692,-0.19008024,-0.15378132,-0.2004665,-0.11139822,-0.1388583,-0.13027036,-0.1074974,-0.15152657,-0.15367651,-0.15673393,-0.10065024,-0.08152827,-0.09427856,-0.15373033,-0.11960925,-0.15027548,-0.16982608,-0.1185138,-0.15374848,-0.15705468,-0.17738779,-0.15176103,-0.15378445,-0.25953975,-0.17989698,-0.13525523,-0.15378141,-0.15095688,-0.17780018,-0.2009549,-0.15375927,-0.09015879,-0.15346289,-0.12151222,-0.121854745,-0.13997786,-0.21433522,-0.13908121,-0.16057305,-0.15370396,-0.07092635,-0.15310317,-0.15621811,-0.18733518,-0.15350458,-0.12930976,-0.12334781,-0.14100276,-0.15373746,-0.114095174,-0.25318068,-0.26654312,-0.12852259,-0.10945694,-0.15372783,-0.09238048,-0.20963459,-0.15378165,-0.15697007,-0.1287995,-0.15370446,-0.16015086,-0.1553517,-0.15378639,-0.19704957,-0.20616047,-0.12819824,-0.10460003,-0.11361031,-0.10256614,-0.15377833,-0.19495486,-0.15375254,-0.12871858,-0.15361282,-0.041086134,-0.12967405,-0.15378502,-0.2300741,-0.15376215,-0.10384405,-0.15226114,-0.0784167,-0.15363212,-0.12766197,-0.15365322,-0.121451,-0.075820275,-0.09192432,-0.101488546,-0.15349807,-0.15695941,-0.12378413,-0.15361884,-0.1410757,-0.13984437,-0.18093297,-0.1537877,-0.25777104,-0.12844054,-0.15369031,-0.13462572,-0.119081676,-0.15375608,-0.15705693,-0.15705872,-0.15705991,-0.19755594,-0.25103784,-0.20219928,-0.19465852,-0.24831252,-0.20506537,-0.22091979,-0.15377153,-0.12901393,-0.11956477,-0.15376633,-0.157053,-0.20931396,-0.18224281,-0.15375689,6.7555795,-0.15378566,-0.15706274,-0.15706158,-0.15706119,4.735418,-0.15375622,-0.114121355,-0.15375927,-0.15704638,-0.15705325,-0.22984435,-0.15377894,-0.15703446,-0.08963354,-0.15367028,-0.15701032,-0.15702914,-0.15703066,-0.13302092,-0.1051107,-0.14014931,-0.15141064,-0.15839578,-0.15615125,-0.14613561,-0.15377505,-0.12319561,-0.12939124,-0.15373658,-0.15706256,-0.15706207,-0.15706205,-0.15706259,-0.38518023,-0.11451449,-0.15374464,-0.15564899,-0.14443555,-0.16636807,-0.15378067,-0.15697993,-0.12993515,-0.047159404,-0.1474517,-0.14016809,-0.14106366,-0.15362695,-0.19987361,-0.1649412,-0.17166539,-0.15375713,-0.15701772,-0.12722544,-0.14610182,-0.2588673,-0.12918699,-0.15365116,-0.09132757,-0.12832497,-0.13684332,-0.16221203,-0.15659244,-0.1285888,-0.15351279,-0.15696232,-0.15701418,-0.15704988,-0.15740095,-0.19795567,-0.15106063,-0.07294749,-0.2039893,-0.15374537,-0.1570127,-0.104459345,-0.1533919,-0.17466888,-0.13176009,-0.15375318,-0.15109587,-0.10913184,-0.15357944,-0.05825615,-0.14326635,-0.17082691,-0.15368809,-0.18883844,-0.15378685,-0.31316653,-0.15377647,-0.16808087,-0.14331596,-0.15377867,-0.1570589,-0.25088155,-0.15378723,-0.22115314,-0.07562123,-0.086852394,-0.10702289,-0.060967896,-0.1466707,-0.16796505,-0.15746465,-0.22133875,-0.12812386,-0.0969081,-0.16398169,-0.12716047,-0.11335766,-0.18846886,-0.12938441,-0.17755464,-0.0994983,-0.115196005,-0.15368941,-0.11662802,-0.19749595,-0.14526704,-0.12781724,-0.096878245,-0.15368962,-0.15685216,-0.12434345,-0.11230643,-0.063823454,-0.1536153,-0.11419349,-0.10007019,-0.24483351,-0.1537878,-0.1570501,-0.16344379,-0.1759062,-0.12524253,-0.15377215,-0.0782174,-0.19187105,-0.18185812,-0.09859173,-0.11065883,-0.1534256,-0.1567176,-0.083404,-0.1213824,-0.13072303,-0.13855581,-0.19385117,-0.1537481,-0.15705557,-0.19487974,-0.23847799,-0.2432746,-0.12903488,-0.15356906,-0.15702498,-0.14520228,-0.2961179,-0.15378702,-0.19813283,-0.12928492,-0.15371883,-0.060104962,-0.15931924,-0.15378511,-0.2028091,-0.2868003,-0.11816878,-0.14795661,-0.10060286,-0.15361905,-0.13614628,-0.20725825,-0.17393659,-0.125103,-0.15657571,-0.15690626,-0.15378363,-0.15705815,-0.16221246,-0.22200036,-0.12945996,-0.2814266,-0.15378824,-0.1915083,-0.24371436,-0.16952515,-0.15369594,-0.13369927,-0.12557748,-0.15378028,-0.18106565,-0.15378797,-0.18642783,-0.15372771,-0.30462334,-0.15366873,-0.14691104,-0.13029914,-0.15377413,-0.15704498,-0.18915205,-0.12937623,-0.15377948,-0.10481856,-0.1650517,-0.15377712,-0.15706033,-0.15702939,-0.12895392,-0.1536756,-0.15702401,-0.15701428,-0.15702662,-0.15703546,-0.16505513,-0.17392421,-0.1537723,-0.15705262,-0.15704179,-0.15705317,-0.2025511,-0.15354379,-0.14723541,-0.15270516,-0.11499533,-0.10471026,-0.11893196,-0.1537762,-0.15697764,-0.12933384,-0.19501048,-0.15378456,-0.18738703,-0.11705899,-0.17429145,-0.15377444,-0.06652963,-0.15351433,-0.10737923,-0.124497145,-0.15298569,-0.052188452,-0.26007295
k__Bacteria|p__Bacteroidetes|c__Bacteroidia|o__Bacteroidales|f__Prevotellaceae|g__Prevotella|s__Prevotella_jejuni,-0.1004395,-0.12316422,-0.1527852,-0.15600748,-0.15600783,-0.23867357,-0.1666669,-0.16813041,-0.10929718,-0.22895765,-0.23728925,-0.15279076,-0.22850217,-0.3768707,-0.08556121,-0.15232447,-0.058144663,-0.15216273,-0.15593553,-0.19931981,-0.1978925,-0.12864102,-0.15274958,-0.12711628,-0.20043859,-0.11658599,-0.182019,-0.25032333,-0.1509206,-0.15275566,-0.15142563,-0.10844302,-0.18249588,-0.28454733,-0.1527757,-0.12885383,-0.15278795,-0.22338755,-0.15279117,-0.29867563,-0.15279126,-0.29356226,-0.12807555,-0.15262093,-0.13691942,-0.15278473,-0.23188588,-0.24781659,-0.1296162,-0.12886077,-0.24679694,-0.18279888,-0.25087595,-0.26027086,-0.28621647,-0.27511892,-0.11894142,-0.15269023,-0.040142577,-0.056944285,-0.1519533,-0.11274739,-0.13743341,-0.12873098,-0.15276617,-0.15600231,-0.15600757,-0.1560083,-0.27573854,-0.15274651,-0.12873289,-0.16243835,-0.12334165,-0.14074792,-0.15275137,-0.15887658,-0.14481027,-0.128836,-0.18691605,-0.14998752,-0.15277717,-0.15598288,-0.15599608,-0.15592334,-0.120334074,-0.13700745,-0.08858878,-0.15277022,-0.19008024,-0.15278323,-0.2004665,-0.11139822,-0.1388583,-0.13027036,-0.1074974,-0.15152657,-0.15267095,-0.15567088,-0.10065024,-0.08152827,-0.09427856,-0.15272853,-0.11960925,-0.15027548,-0.16982608,-0.1185138,-0.15274853,-0.15600048,-0.17738779,-0.15176103,-0.15278658,-0.25953975,-0.17989698,-0.13525523,-0.1527833,-0.15095688,1.4149779,1.6933274,-0.15276091,-0.09015879,-0.15244123,-0.12151222,-0.121854745,-0.13997786,-0.21433522,-0.13908121,-0.16057305,-0.15270025,-0.07092635,-0.15206134,-0.15512326,-0.18733518,-0.15249664,-0.12871899,-0.12334781,-0.14100276,-0.15273628,-0.114095174,-0.25318068,-0.26654312,-0.12789705,-0.10945694,-0.15272585,-0.09238048,-0.20963459,-0.15278354,-0.15591381,-0.12819284,-0.15270168,-0.16015086,-0.1553517,-0.15278864,-0.19704957,-0.20616047,-0.12755665,-0.10460003,-0.11361031,-0.10256614,-0.15277994,-0.19495486,-0.15275303,-0.12810516,-0.15260251,-0.041086134,-0.12967405,-0.15278724,-0.2300741,-0.15276322,-0.10384405,-0.1511645,-0.0784167,-0.15262441,-0.12766197,-0.15264621,-0.121451,-0.075820275,-0.09192432,-0.101488546,-0.15248033,-0.15589818,-0.12378413,-0.15261701,-0.1410757,-0.13984437,-0.18093297,-0.15279002,-0.25777104,-0.12844054,-0.15268844,-0.13462572,-0.119081676,-0.15275598,-0.1560029,-0.15600479,-0.15600608,-0.19755594,-0.25103784,-0.20219928,-0.19465852,-0.24831252,-0.20506537,-0.22091979,-0.15277317,-0.12841478,-0.11956477,-0.15276709,-0.15599874,-0.20931396,-0.18224281,-0.15275806,-0.32474133,-0.15278783,-0.15600911,-0.15600786,-0.15600741,-0.2185038,-0.15275739,-0.114121355,-0.15276006,-0.15599205,-0.15599899,-0.22984435,-0.15278059,-0.15597999,-0.08963354,-0.15266511,-0.15595262,-0.15597348,-0.15597448,-0.13302092,-0.1051107,-0.14014931,-0.15141064,-0.15839578,-0.15615125,-0.14613561,-0.15277636,-0.12319561,-0.12880477,-0.15273619,-0.1560089,-0.15600838,-0.15600838,-0.15600896,-0.38518023,-0.11451449,-0.15274414,-0.15564899,-0.14443555,-0.16636807,-0.15278262,-0.15592317,-0.12993515,-0.047159404,-0.1461305,-0.14016809,-0.14106366,-0.15261899,-0.19987361,-0.1649412,-0.17166539,-0.15275729,-0.15596041,-0.12722544,-0.14610182,-0.2588673,-0.12859023,-0.15264381,-0.09132757,-0.12832497,-0.13684332,-0.16221203,-0.15659244,-0.12797907,-0.1524985,-0.15590172,-0.15595704,-0.15599532,-0.15740095,-0.19795567,-0.15106063,-0.07294749,2.5010972,-0.15274522,-0.15595508,-0.104459345,-0.15239556,-0.17466888,-0.13176009,-0.15275274,1.06934,-0.10913184,-0.15256825,-0.05825615,-0.14326635,-0.17082691,-0.15268418,-0.18883844,-0.15278915,-0.31316653,-0.15277842,-0.16808087,-0.14331596,-0.15278038,-0.15600505,-0.25088155,-0.1527896,-0.22115314,-0.07562123,-0.086852394,-0.10702289,-0.060967896,-0.14529419,-0.16796505,-0.15746465,-0.22133875,-0.12812386,-0.0969081,-0.16398169,-0.12716047,-0.11335766,-0.18846886,-0.12879759,-0.17755464,-0.0994983,-0.115196005,-0.15268534,-0.11662802,-0.19749595,-0.14526704,-0.12781724,-0.096878245,-0.15268436,-0.15578373,-0.12434345,-0.11230643,-0.063823454,-0.15260582,-0.11419349,-0.10007019,-0.24483351,-0.15279014,-0.155996,-0.16344379,-0.1759062,-0.12524253,-0.15277335,-0.0782174,-0.19187105,-0.18185812,-0.09859173,-0.11065883,-0.15240212,-0.15564013,-0.083404,-0.1213824,-0.13072303,-0.13855581,-0.19385117,-0.1527482,-0.15600142,-0.19487974,-0.23847799,-0.2432746,-0.12843052,-0.1525565,-0.155969,-0.14520228,-0.2961179,-0.15278931,-0.19813283,-0.1286922,-0.15271695,-0.060104962,-0.15931924,-0.15278733,-0.2028091,-0.2868003,-0.11816878,-0.14795661,-0.10060286,-0.15261109,-0.13614628,-0.20725825,-0.17393659,-0.125103,-0.15657571,-0.15690626,-0.15278572,-0.15600419,-0.16221246,-0.22200036,-0.12887797,-0.2814266,-0.15279062,-0.1915083,-0.24371436,-0.16952515,-0.15269515,-0.13369927,-0.12557748,-0.15278217,-0.18106565,-0.15279034,-0.18642783,-0.15272798,-0.30462334,-0.15266448,-0.14691104,-0.13029914,-0.15277556,-0.15599003,-0.18915205,-0.12878823,-0.15278125,-0.10481856,-0.1650517,-0.1527789,-0.15600652,-0.1559746,-0.12834893,-0.15266985,-0.15596817,-0.15595752,-0.15597087,-0.15597992,-0.16505513,-0.17392421,-0.15277372,-0.15599826,-0.15598679,-0.15599886,-0.2025511,-0.15354379,-0.14723541,-0.15165278,-0.11499533,-0.10471026,-0.11893196,-0.15277779,-0.15592104,-0.12874267,-0.19501048,-0.15278676,-0.18738703,-0.11705899,-0.17429145,-0.15277633,-0.06652963,-0.15249714,-0.10737923,-0.124497145,-0.15298569,-0.052188452,-0.26007295
k__Bacteria|p__Bacteroidetes|c__Bacteroidia|o__Bacteroidales|f__Prevotellaceae|g__Prevotella|s__Prevotella_timonensis,-0.1004395,-0.12316422,-0.15512708,-0.15845658,-0.15845695,-0.23867357,-0.1666669,-0.16813041,-0.10929718,-0.22895765,-0.23728925,-0.15513352,-0.22850217,-0.3768707,-0.08556121,-0.15461174,-0.058144663,-0.15443698,-0.15837403,-0.19931981,-0.1978925,-0.13016582,-0.15508679,-0.12711628,-0.20043859,-0.11658599,-0.182019,-0.25032333,-0.1509206,-0.15509276,-0.15142563,-0.10844302,-0.18249588,-0.28454733,-0.15511553,-0.13040142,-0.15513033,-0.22338755,-0.15513399,-0.29867563,-0.15513408,-0.29356226,-0.12955536,-0.15493557,-0.13691942,-0.15512672,-0.23188588,-0.24781659,-0.1296162,-0.13040875,-0.24679694,-0.18279888,-0.25087595,-0.26027086,-0.28621647,-0.27511892,-0.11894142,-0.15501948,-0.040142577,-0.056944285,-0.15416689,-0.11274739,-0.13743341,-0.13026428,-0.1551049,-0.15845075,-0.15845662,-0.1584575,-0.27573854,-0.15508074,-0.13026515,-0.16243835,-0.12334165,-0.14074792,-0.15508887,-0.15887658,-0.14481027,-0.13038182,-0.18691605,-0.14998752,-0.1551181,-0.15842855,-0.15844327,-0.15835302,-0.120334074,-0.13700745,-0.08858878,-0.15511027,-0.19008024,-0.15512499,-0.2004665,-0.11139822,-0.1388583,-0.13027036,-0.1074974,-0.15152657,-0.15499833,-0.15805557,-0.10065024,-0.08152827,-0.09427856,-0.1550633,-0.11960925,-0.15027548,-0.16982608,-0.1185138,-0.15508452,-0.1584486,-0.17738779,-0.15176103,-0.15512872,-0.25953975,-0.17989698,-0.13525523,-0.15512508,-0.15095688,-0.17780018,-0.2009549,-0.15509644,-0.09015879,-0.15474194,-0.12151222,-0.121854745,-0.13997786,-0.21433522,-0.13908121,-0.16057305,-0.1550316,-0.07092635,-0.15430534,-0.15741573,-0.18733518,-0.15477921,-0.13025585,-0.12334781,-0.14100276,-0.15507182,-0.114095174,-0.25318068,-0.26654312,-0.12935261,-0.10945694,-0.15506038,-0.09238048,-0.20963459,-0.15512538,-0.15833962,-0.12967,-0.15503119,-0.16015086,-0.1553517,-0.15513107,-0.19704957,-0.20616047,-0.12897137,-0.10460003,-0.11361031,-0.10256614,-0.15512142,-0.19495486,-0.15508884,-0.12957898,-0.15492201,-0.041086134,-0.12967405,-0.15512933,-0.2300741,-0.15510029,-0.10384405,-0.1532936,-0.0784167,-0.15494356,-0.12766197,-0.15497006,-0.121451,-0.075820275,-0.09192432,-0.101488546,-0.15478322,-0.15833388,-0.12378413,-0.15492448,-0.1410757,-0.13984437,-0.18093297,-0.15513268,-0.25777104,-0.12844054,-0.15501104,-0.13462572,-0.119081676,-0.15509473,-0.15845135,-0.1584535,-0.15845495,-0.19755594,-0.25103784,-0.20219928,-0.19465852,-0.24831252,-0.20506537,-0.22091979,-0.15511245,-0.12991464,-0.11956477,-0.1551069,-0.15844652,-0.20931396,-0.18224281,-0.15509441,-0.32474133,-0.15513024,-0.15845843,-0.158457,-0.15845652,-0.2185038,-0.15509294,-0.114121355,-0.15509762,-0.15843806,-0.15844679,-0.22984435,-0.15512216,-0.1584226,-0.08963354,-0.15498972,-0.15839538,-0.15841728,-0.15841989,-0.13302092,-0.1051107,-0.14014931,-0.15141064,-0.15839578,-0.15615125,-0.14613561,-0.15511753,-0.12319561,-0.13034564,-0.15506983,-0.15845817,-0.15845756,-0.15845758,-0.15845823,-0.38518023,-0.11451449,-0.15508027,2.1864035,-0.14443555,-0.16636807,-0.15512404,-0.15835422,-0.12993515,-0.047159404,-0.14732644,-0.14016809,-0.14106366,-0.15493694,-0.19987361,-0.1649412,-0.17166539,-0.1550957,-0.15840456,-0.12722544,-0.14610182,-0.2588673,-0.13011304,-0.15496805,-0.09132757,-0.12832497,-0.13684332,-0.16221203,-0.15659244,-0.12942967,-0.15479755,-0.15833685,-0.15839967,-0.15844283,-0.15740095,-0.19795567,-0.15106063,-0.07294749,-0.2039893,-0.15508091,-0.15839837,-0.104459345,-0.1546478,-0.17466888,-0.13176009,-0.15509129,-0.15109587,-0.10913184,-0.1548807,-0.05825615,-0.14326635,-0.17082691,-0.15501133,-0.18883844,-0.15513162,-0.31316653,-0.15511854,-0.16808087,-0.14331596,-0.15512174,-0.15845367,-0.25088155,-0.15513209,-0.22115314,-0.07562123,-0.086852394,-0.10702289,-0.060967896,-0.1463786,-0.16796505,-0.15746465,-0.22133875,-0.12812386,-0.0969081,-0.16398169,-0.12716047,-0.11335766,-0.18846886,-0.13033846,-0.17755464,-0.0994983,-0.115196005,-0.1550132,-0.11662802,-0.19749595,-0.14526704,-0.12781724,-0.096878245,-0.15501483,-0.15820386,-0.12434345,-0.11230643,-0.063823454,-0.15492438,-0.11419349,-0.10007019,-0.24483351,-0.15513282,-0.15844214,-0.16344379,-0.1759062,-0.12524253,-0.15511394,-0.0782174,-0.19187105,-0.18185812,-0.09859173,-0.11065883,-0.15469614,-0.15804115,-0.083404,-0.1213824,-0.13072303,-0.13855581,-0.19385117,-0.15508407,-0.15844968,-0.19487974,-0.23847799,-0.2432746,-0.12992755,-0.1548681,-0.15841231,-0.14520228,-0.2961179,-0.15513186,-0.19813283,-0.13022178,-0.15504861,-0.060104962,-0.15931924,-0.15512949,-0.2028091,-0.2868003,-0.11816878,1.9631549,-0.10060286,-0.15492679,-0.13614628,-0.20725825,-0.17393659,-0.125103,-0.15657571,-0.15690626,-0.1551277,-0.15845284,-0.16221246,-0.22200036,-0.13042803,-0.2814266,-0.15513335,-0.1915083,-0.24371436,-0.16952515,-0.15501633,-0.13369927,-0.12557748,-0.15512359,-0.18106565,-0.15513304,-0.18642783,-0.15505706,-0.30462334,-0.15498668,-0.14691104,-0.13029914,-0.1551162,-0.15843691,-0.18915205,-0.13032849,-0.15512273,-0.10481856,-0.1650517,-0.15511969,-0.15845545,-0.15841553,-0.1298384,-0.15499744,-0.15841089,-0.15839937,-0.15841416,-0.1584253,-0.16505513,-0.17392421,-0.15511383,-0.15844616,-0.15843287,-0.15844683,-0.2025511,-0.15354379,-0.14723541,-0.15379785,-0.11499533,-0.10471026,-0.11893196,-0.1551187,-0.158351,-0.13028014,-0.19501048,-0.1551288,-0.18738703,-0.11705899,-0.17429145,-0.15511534,-0.06652963,-0.15480402,-0.10737923,-0.124497145,-0.15298569,-0.052188452,-0.26007295
k__Bacteria|p__Bacteroidetes|c__Bacteroidia|o__Bacteroidales|f__Rikenellaceae|g__Alistipes|s__Alistipes_onderdonkii,-0.1004395,-0.12316422,-0.15186965,-0.15513286,-0.15513282,-0.23867357,-0.1666669,-0.16813041,-0.10929718,2.0421112,-0.23728925,-0.15186878,-0.22850217,2.3191545,-0.08556121,-0.15193173,-0.058144663,-0.1519684,-0.15514416,-0.19931981,-0.1978925,-0.1276615,-0.15187575,-0.12711628,-0.20043859,-0.11658599,-0.182019,-0.25032333,-0.1509206,-0.15187491,-0.15142563,-0.10844302,-0.18249588,-0.28454733,-0.1518724,-0.12763196,-0.15186922,-0.22338755,-0.15186872,-0.29867563,-0.15186869,-0.29356226,-0.12773086,-0.15189697,-0.13691942,-0.15186979,-0.23188588,-0.24781659,-0.1296162,-0.12763071,-0.24679694,-0.18279888,-0.25087595,-0.26027086,-0.28621647,-0.27511892,-0.11894142,-0.15188424,-0.040142577,-0.056944285,-0.15199678,-0.11274739,-0.13743341,-0.12764679,-0.15187255,-0.15513372,-0.15513285,-0.15513273,-0.27573854,-0.15187669,-0.12764895,-0.16243835,-0.12334165,-0.14074792,-0.15187508,-0.15887658,-0.14481027,-0.12763566,-0.18691605,-0.14998752,-0.15187088,-0.15513667,-0.15513456,-0.15515542,-0.120334074,-0.13700745,-0.08858878,-0.15187207,-0.19008024,-0.15187001,-0.2004665,-0.11139822,-0.1388583,-0.13027036,-0.1074974,-0.15152657,-0.15188774,-0.15520987,-0.10065024,-0.08152827,-0.09427856,-0.1518791,-0.11960925,-0.15027548,-0.16982608,-0.1185138,-0.15187573,-0.15513402,-0.17738779,-0.15176103,-0.15186945,-0.25953975,-0.17989698,-0.13525523,-0.15187001,-0.15095688,-0.17780018,-0.2009549,-0.15187562,-0.09015879,-0.15192413,-0.12151222,-0.121854745,-0.13997786,-0.21433522,-0.13908121,-0.16057305,-0.15188342,-0.07092635,-0.15198037,-0.15526396,-0.18733518,-0.15191586,-0.12764332,-0.12334781,-0.14100276,-0.1518774,-0.114095174,-0.25318068,-0.26654312,-0.12765142,-0.10945694,-0.15187925,-0.09238048,-0.20963459,-0.15186992,-0.15515572,-0.12766847,-0.15188286,-0.16015086,-0.1553517,-0.15186912,-0.19704957,-0.20616047,-0.12764096,-0.10460003,-0.11361031,-0.10256614,-0.15187055,-0.19495486,-0.1518783,-0.12764291,-0.15189943,-0.041086134,-0.12967405,-0.15186933,-0.2300741,-0.15187672,-0.10384405,-0.15209839,-0.0784167,-0.15189423,-0.12766197,-0.15189141,-0.121451,-0.075820275,-0.09192432,-0.101488546,-0.15191638,-0.15515028,-0.12378413,-0.15190774,-0.1410757,-0.13984437,-0.18093297,-0.15186888,-0.25777104,-0.12844054,-0.15189132,-0.13462572,-0.119081676,-0.15187436,-0.1551336,-0.1551333,-0.15513307,-0.19755594,-0.25103784,-0.20219928,-0.19465852,-0.24831252,-0.20506537,-0.22091979,-0.1518723,-0.12765941,-0.11956477,-0.15187275,-0.15513429,-0.20931396,-0.18224281,-0.15187535,-0.32474133,-0.15186924,-0.1551326,-0.1551328,-0.15513286,-0.2185038,-0.15187515,-0.114121355,-0.15187347,-0.15513515,-0.15513429,-0.22984435,-0.15187041,-0.15513805,-0.08963354,-0.15188816,-0.15514171,-0.15513808,-0.15513825,-0.13302092,-0.1051107,-0.14014931,-0.15141064,-0.15839578,-0.15615125,-0.14613561,-0.1518712,-0.12319561,-0.1276403,-0.15187699,-0.15513265,-0.15513271,-0.15513274,-0.15513265,-0.38518023,-0.11451449,-0.15187615,-0.15564899,-0.14443555,-0.16636807,-0.15187001,-0.15514924,-0.12993515,-0.047159404,-0.15286636,-0.14016809,-0.14106366,-0.15189545,-0.19987361,-0.1649412,-0.17166539,-0.15187414,-0.15514061,-0.12722544,-0.14610182,-0.2588673,-0.12765166,-0.15189183,-0.09132757,-0.12832497,-0.13684332,-0.16221203,-0.15659244,-0.12758157,-0.1519122,-0.15514949,-0.15514109,-0.15513486,-0.15740095,-0.19795567,-0.15106063,-0.07294749,-0.2039893,-0.15187576,-0.15514126,-0.104459345,-0.15189403,-0.17466888,-0.13176009,-0.15187505,-0.15109587,-0.10913184,-0.15190095,-0.05825615,-0.14326635,-0.17082691,-0.15188536,-0.18883844,-0.15186901,-0.31316653,-0.1518707,-0.16808087,-0.14331596,-0.15187046,-0.15513323,-0.25088155,-0.15186894,-0.22115314,0.8495527,-0.086852394,1.1516342,-0.060967896,-0.1529921,-0.16796505,-0.15746465,-0.22133875,-0.12812386,-0.0969081,-0.16398169,-0.12716047,-0.11335766,-0.18846886,-0.12764141,-0.17755464,-0.0994983,-0.115196005,-0.15188542,-0.11662802,-0.19749595,-0.14526704,-0.12781724,-0.096878245,-0.15188578,-0.15516791,-0.12434345,-0.11230643,-0.063823454,-0.15189722,-0.11419349,-0.10007019,-0.24483351,-0.15186886,-0.15513644,5.511164,0.7355033,-0.12524253,-0.15187159,-0.0782174,2.8843174,-0.18185812,-0.09859173,-0.11065883,-0.15192996,-0.15519086,-0.083404,-0.1213824,-0.13072303,-0.13855581,-0.19385117,-0.15187538,-0.1551339,-0.19487974,-0.23847799,-0.2432746,-0.12766048,-0.15190507,-0.15513894,-0.14520228,-0.2961179,-0.151869,-0.19813283,-0.12765065,-0.1518802,-0.060104962,-0.15931924,-0.15186936,-0.2028091,-0.2868003,-0.11816878,-0.14795661,-0.10060286,-0.1518971,-0.13614628,-0.20725825,-0.17393659,-0.125103,-0.15657571,-0.15690626,-0.1518696,-0.15513343,-0.16221246,-0.22200036,-0.12762797,-0.2814266,-0.15186878,-0.1915083,-0.24371436,-0.16952515,-0.1518932,-0.13369927,-0.12557748,-0.15187015,-0.18106565,-0.15186882,-0.18642783,-0.151882,-0.30462334,-0.15188786,-0.14691104,-0.13029914,-0.15187116,-0.15513566,-0.18915205,-0.12764476,-0.1518704,-0.10481856,-0.1650517,-0.15187061,-0.15513301,-0.15514264,-0.12765358,-0.15188809,-0.15513891,-0.15514055,-0.15513845,-0.15513724,-0.16505513,-0.17392421,-0.15187141,-0.15513435,-0.15513611,-0.15513426,-0.2025511,-0.15354379,-0.14723541,-0.15203819,-0.11499533,-0.10471026,-0.11893196,-0.15187083,-0.15515426,-0.1276489,-0.19501048,-0.15186939,-0.18738703,-0.11705899,-0.17429145,-0.15187427,-0.06652963,-0.1519152,-0.10737923,-0.124497145,-0.15298569,-0.052188452,-0.26007295
k__Bacteria|p__Bacteroidetes|c__Bacteroidia|o__Bacteroidales|f__Bacteroidaceae|g__Bacteroides|s__Bacteroides_stercoris,-0.1004395,-0.12316422,-0.15262757,-0.15591606,-0.15591636,-0.23867357,-0.1666669,-0.16813041,-0.10929718,-0.22895765,-0.23728925,-0.15263268,-0.22850217,-0.3768707,-0.08556121,-0.1521984,-0.058144663,-0.15205762,-0.15585,-0.19931981,-0.1978925,-0.12800257,-0.15259495,-0.12711628,-0.20043859,-0.11658599,-0.182019,-0.25032333,-0.1509206,-0.15260041,-0.15142563,-0.10844302,-0.18249588,-0.28454733,-0.15261865,-0.12820415,-0.1526301,-0.22338755,-0.15263306,-0.29867563,-0.15263313,-0.29356226,-0.12746522,-0.15247625,-0.13691942,-0.15262718,-0.23188588,-0.24781659,-0.1296162,-0.12821063,-0.24679694,-0.18279888,2.9295688,6.2708735,4.719107,-0.27511892,-0.11894142,-0.15254043,-0.040142577,-0.056944285,-0.1518636,-0.11274739,-0.13743341,-0.12808704,-0.15261005,-0.15591133,-0.15591612,-0.1559168,-0.27573854,-0.15259072,-0.12809026,-0.16243835,-0.12334165,-0.14074792,-0.15259662,-0.15887658,-0.14481027,-0.1281877,-0.18691605,-0.14998752,-0.15262023,-0.15589352,-0.15590554,-0.15583573,-0.120334074,-0.13700745,-0.08858878,-0.15261388,-0.19008024,-0.1526258,-0.2004665,-0.11139822,-0.1388583,-0.13027036,-0.1074974,-0.15152657,-0.15252289,-0.15558065,-0.10065024,-0.08152827,-0.09427856,-0.15257569,-0.11960925,-0.15027548,-0.16982608,-0.1185138,-0.15259385,-0.15590963,-0.17738779,-0.15176103,-0.15262885,-0.25953975,-0.17989698,-0.13525523,-0.15262586,-0.15095688,-0.17780018,-0.2009549,-0.1526044,-0.09015879,-0.1523127,-0.12151222,-0.121854745,-0.13997786,-0.21433522,-0.13908121,-0.16057305,-0.15254976,-0.07092635,-0.15196022,-0.15510063,-0.18733518,-0.15235844,-0.12807456,-0.12334781,-0.14100276,-0.1525828,-0.114095174,-0.25318068,-0.26654312,-0.12726551,-0.10945694,-0.15257329,-0.09238048,-0.20963459,-0.1526261,-0.15582769,-0.12755924,-0.15255064,-0.16015086,-0.1553517,-0.15263072,-0.19704957,-0.20616047,-0.12696396,-0.10460003,-0.11361031,-0.10256614,-0.15262282,-0.19495486,-0.15259737,-0.12746398,-0.15245986,-0.041086134,-0.12967405,-0.15262944,-0.2300741,-0.15260696,-0.10384405,-0.15112516,-0.0784167,-0.15247951,-0.12766197,-0.1525001,-0.121451,-0.075820275,-0.09192432,-0.101488546,-0.1523476,-0.15581597,-0.12378413,-0.15246516,-0.1410757,-0.13984437,-0.18093297,-0.152632,-0.25777104,-0.12844054,-0.15253617,-0.13462572,-0.119081676,-0.15260088,-0.15591185,-0.15591359,-0.15591475,-0.19755594,-0.25103784,-0.20219928,-0.19465852,-0.24831252,-0.20506537,-0.22091979,-0.15261634,-0.12777078,-0.11956477,-0.15261105,-0.15590803,-0.20931396,-0.18224281,-0.15260215,-0.32474133,-0.15263,-0.15591753,-0.1559164,-0.155916,-0.2185038,-0.15260151,-0.114121355,-0.15260443,-0.15590179,-0.15590826,-0.22984435,-0.1526234,-0.15589038,-0.08963354,-0.1525173,-0.15586597,-0.15588483,-0.15588593,-0.13302092,-0.1051107,-0.14014931,-0.15141064,-0.15839578,-0.15615125,-0.14613561,-0.15261956,-0.12319561,-0.12815857,-0.15258247,-0.15591736,-0.15591687,-0.15591687,-0.1559174,-0.38518023,-0.11451449,-0.15258995,-0.15564899,-0.14443555,-0.16636807,-0.15262519,-0.15583766,-0.12993515,-0.047159404,-0.14649512,-0.14016809,-0.14106366,-0.15247521,-0.19987361,-0.1649412,-0.17166539,-0.15260205,-0.15587315,-0.12722544,-0.14610182,-0.2588673,-0.12794684,-0.15249771,-0.09132757,-0.12832497,-0.13684332,-0.16221203,-0.15659244,-0.12732989,-0.15236333,-0.15581912,-0.15586989,-0.15590493,-0.15740095,-0.19795567,-0.15106063,-0.07294749,-0.2039893,-0.15259086,-0.15586814,-0.104459345,-0.15221503,-0.17466888,-0.13176009,-0.15259801,-0.15109587,-0.10913184,-0.15242687,-0.05825615,-0.14326635,-0.17082691,-0.15253492,-0.18883844,-0.1526312,-0.31316653,-0.15262122,-0.16808087,-0.14331596,-0.15262318,-0.15591381,-0.25088155,-0.15263158,-0.22115314,-0.07562123,-0.086852394,-0.10702289,-0.060967896,-0.1457345,-0.16796505,-0.15746465,-0.22133875,-0.12812386,-0.0969081,-0.16398169,-0.12716047,-0.11335766,-0.18846886,-0.1281509,-0.17755464,-0.0994983,-0.115196005,-0.15253597,-0.11662802,-0.19749595,-0.14526704,-0.12781724,-0.096878245,-0.15253541,-0.15571064,-0.12434345,-0.11230643,-0.063823454,-0.1524626,-0.11419349,-0.10007019,-0.24483351,-0.15263212,-0.15590528,-0.16344379,-0.1759062,-0.12524253,-0.15261677,-0.0782174,-0.19187105,-0.18185812,-0.09859173,-0.11065883,-0.15227628,-0.15557888,-0.083404,-0.1213824,-0.13072303,-0.13855581,-0.19385117,-0.15259355,-0.1559105,-0.19487974,-0.23847799,-0.2432746,-0.12779847,-0.15241763,-0.15588073,-0.14520228,-0.2961179,-0.15263134,-0.19813283,-0.12804982,-0.15256476,-0.060104962,-0.15931924,-0.15262951,-0.2028091,-0.2868003,-0.11816878,-0.14795661,-0.10060286,-0.15246755,-0.13614628,-0.20725825,-0.17393659,-0.125103,-0.15657571,-0.15690626,-0.15262806,-0.15591304,-0.16221246,-0.22200036,-0.12822646,-0.2814266,-0.15263255,-0.1915083,1.983202,-0.16952515,-0.15254214,-0.13369927,-0.12557748,-0.1526248,-0.18106565,-0.1526323,-0.18642783,-0.152574,-0.30462334,-0.15251657,-0.14691104,-0.13029914,-0.15261877,-0.1559001,-0.18915205,-0.12814288,-0.15262395,-0.10481856,-0.1650517,-0.15262176,-0.15591517,-0.15588498,-0.127703,-0.15252191,-0.15587988,-0.15587021,-0.15588242,-0.15589076,-0.16505513,-0.17392421,-0.15261702,-0.1559076,-0.15589708,-0.15590817,-0.2025511,-0.15354379,-0.14723541,-0.15158466,-0.11499533,-0.10471026,-0.11893196,-0.15262079,-0.15583478,-0.12810022,-0.19501048,-0.15262899,-0.18738703,-0.11705899,-0.17429145,-0.15261905,-0.06652963,-0.15236256,-0.10737923,-0.124497145,-0.15298569,-0.052188452,-0.26007295
k__Bacteria|p__Bacteroidetes|c__Bacteroidia|o__Bacteroidales|f__Prevotellaceae|g__Prevotella|s__Prevotella_bivia,-0.1004395,-0.12316422,-0.15239364,-0.15567641,-0.1556766,-0.23867357,-0.1666669,-0.16813041,-0.10929718,-0.22895765,-0.23728925,-0.15239716,-0.22850217,-0.3768707,-0.08556121,-0.15209368,-0.058144663,-0.15200952,-0.15563111,-0.19931981,-0.1978925,-0.1278615,-0.15237153,-0.12711628,-0.20043859,-0.11658599,-0.182019,-0.25032333,-0.1509206,-0.15237497,-0.15142563,-0.10844302,-0.18249588,-0.28454733,-0.152387,-0.1280118,-0.15239543,-0.22338755,-0.15239741,-0.29867563,-0.15239745,-0.29356226,-0.12743855,-0.15228868,-0.13691942,-0.15239346,-0.23188588,-0.24781659,-0.1296162,-0.12801632,-0.24679694,-0.18279888,-0.25087595,-0.26027086,-0.28621647,-0.27511892,-0.11894142,-0.15233403,-0.040142577,-0.056944285,-0.15187019,-0.11274739,-0.13743341,-0.12792423,-0.15238152,-0.15567322,-0.15567642,-0.15567693,-0.27573854,-0.15236714,-0.12792647,-0.16243835,-0.12334165,-0.14074792,-0.15237275,-0.15887658,-0.14481027,-0.1279993,-0.18691605,-0.14998752,-0.1523887,-0.15566108,-0.15566912,-0.15561745,-0.120334074,-0.13700745,-0.08858878,-0.1523844,-0.19008024,-0.1523925,-0.2004665,-0.11139822,-0.1388583,-0.13027036,-0.1074974,1.8847542,-0.15232283,-0.15542144,-0.10065024,-0.08152827,-0.09427856,-0.15235853,-0.11960925,-0.15027548,-0.16982608,-0.1185138,-0.15237048,-0.15567204,-0.17738779,-0.15176103,-0.15239453,-0.25953975,-0.17989698,-0.13525523,-0.15239254,-0.15095688,-0.17780018,-0.2009549,-0.15237632,-0.09015879,-0.15218046,-0.12151222,-0.121854745,-0.13997786,-0.21433522,-0.13908121,-0.16057305,-0.15234098,-0.07092635,-0.15193492,-0.15510973,-0.18733518,-0.15220293,-0.12790519,0.7182345,-0.14100276,-0.15236336,-0.114095174,-0.25318068,-0.26654312,-0.12727645,-0.10945694,-0.15235695,-0.09238048,-0.20963459,-0.15239272,-0.15561335,-0.127491,-0.15234075,-0.16015086,-0.1553517,-0.15239583,-0.19704957,-0.20616047,-0.12702271,-0.10460003,-0.11361031,-0.10256614,-0.15239054,-0.19495486,-0.15237235,-0.12742032,-0.15228006,-0.041086134,-0.12967405,-0.15239489,-0.2300741,-0.15237918,-0.10384405,-0.15135807,-0.0784167,-0.15229231,-0.12766197,-0.152307,-0.121451,-0.075820275,-0.09192432,-0.101488546,-0.15220207,-0.15560868,-0.12378413,-0.15226924,-0.1410757,-0.13984437,-0.18093297,-0.15239668,-0.25777104,-0.12844054,-0.15232807,-0.13462572,-0.119081676,-0.15237577,-0.15567352,-0.15567473,-0.15567553,-0.19755594,-0.25103784,-0.20219928,-0.19465852,-0.24831252,-0.20506537,-0.22091979,-0.1523857,-0.12766212,-0.11956477,-0.15238255,-0.15567091,4.9090934,1.9724171,-0.1523751,-0.32474133,-0.15239537,-0.15567741,-0.15567663,-0.15567638,-0.2185038,-0.15237454,-0.114121355,-0.15237764,-0.15566635,-0.15567109,-0.22984435,-0.1523909,-0.15565702,-0.08963354,-0.15231788,-0.15564273,-0.15565497,-0.15565622,-0.13302092,-0.1051107,-0.14014931,-0.15141064,-0.15839578,-0.15615125,-0.14613561,-0.15238836,-0.12319561,-0.12797916,-0.1523625,-0.15567729,-0.15567695,-0.15567695,-0.1556773,-0.38518023,-0.11451449,-0.15236807,1.1626065,-0.14443555,-0.16636807,-0.152392,-0.15562099,-0.12993515,-0.047159404,-0.14815295,-0.14016809,-0.14106366,-0.15228987,-0.19987361,-0.1649412,-0.17166539,-0.15237644,-0.15564775,-0.12722544,-0.14610182,-0.2588673,-0.12781318,-0.1523051,-0.09132757,-0.12832497,-0.13684332,-0.16221203,-0.15659244,-0.12730327,-0.15221074,-0.15561044,-0.15564515,-0.15566885,-0.15740095,-0.19795567,-0.15106063,-0.07294749,2.3872662,-0.15236837,-0.15564427,-0.104459345,-0.15205687,-0.17466888,-0.13176009,-0.15237398,-0.15109587,-0.10913184,-0.152255,-0.05825615,-0.14326635,-0.17082691,-0.15233031,-0.18883844,-0.15239613,-0.31316653,-0.15238908,-0.16808087,-0.14331596,-0.1523907,-0.15567484,-0.25088155,-0.15239638,-0.22115314,-0.07562123,-0.086852394,-0.10702289,-0.060967896,-0.14763471,-0.16796505,-0.15746465,-0.22133875,-0.12812386,-0.0969081,-0.16398169,-0.12716047,-0.11335766,-0.18846886,-0.12797278,-0.17755464,-0.0994983,-0.115196005,-0.1523312,-0.11662802,-0.19749595,-0.14526704,-0.12781724,-0.096878245,-0.15233156,-0.15553662,-0.12434345,-0.11230643,-0.063823454,-0.15228084,-0.11419349,-0.10007019,-0.24483351,-0.15239677,-0.1556687,-0.16344379,-0.1759062,-0.12524253,-0.15238643,-0.0782174,-0.19187105,-0.18185812,-0.09859173,-0.11065883,-0.15215558,-0.1554471,-0.083404,-0.1213824,-0.13072303,-0.13855581,-0.19385117,-0.15237021,-0.15567264,-0.19487974,-0.23847799,-0.2432746,-0.12771663,-0.15225056,-0.1556522,-0.14520228,-0.2961179,-0.15239625,-0.19813283,-0.12789446,-0.1523504,-0.060104962,-0.15931924,-0.15239497,-0.2028091,-0.2868003,-0.11816878,-0.14795661,-0.10060286,-0.15228373,-0.13614628,-0.20725825,-0.17393659,-0.125103,-0.15657571,-0.15690626,-0.15239397,-0.15567437,-0.16221246,-0.22200036,-0.12802745,-0.2814266,-0.15239705,-0.1915083,-0.24371436,-0.16952515,-0.15233138,-0.13369927,-0.12557748,-0.15239176,-0.18106565,-0.15239689,-0.18642783,-0.15235494,-0.30462334,-0.15231721,-0.14691104,-0.13029914,-0.15238768,-0.15566567,-0.18915205,-0.12796782,-0.15239124,-0.10481856,-0.1650517,-0.15238962,-0.1556758,-0.15565422,-0.12764044,-0.15232205,-0.15565145,-0.15564501,-0.15565324,-0.15565915,-0.16505513,-0.17392421,-0.1523864,-0.1556707,-0.15566346,-0.15567109,-0.2025511,-0.15354379,-0.14723541,-0.15167105,-0.11499533,-0.10471026,-0.11893196,-0.15238905,-0.15561798,-0.12793753,-0.19501048,-0.1523946,-0.18738703,-0.11705899,-0.17429145,-0.15238734,-0.06652963,-0.15221258,-0.10737923,-0.124497145,-0.15298569,-0.052188452,-0.26007295
k__Bacteria|p__Bacteroidetes|c__CFGB4405|o__OFGB4405|f__FGB4405|g__GGB1266|s__GGB1266_SGB1699,-0.1004395,-0.12316422,-0.15164691,-0.1549255,-0.15492572,-0.23867357,-0.1666669,-0.16813041,-0.10929718,-0.22895765,-0.23728925,-0.15165086,-0.22850217,-0.3768707,-0.08556121,-0.15131697,-0.058144663,-0.15121385,-0.1548746,-0.19931981,-0.1978925,-0.1271333,-0.15162195,-0.12711628,-0.20043859,-0.11658599,-0.182019,-0.25032333,-0.1509206,-0.15162587,-0.15142563,-0.10844302,-0.18249588,-0.28454733,-0.15163964,-0.12729646,-0.15164891,-0.22338755,-0.15165114,-0.29867563,-0.1516512,-0.29356226,-0.12669009,-0.15152934,-0.13691942,-0.15164667,-0.23188588,-0.24781659,-0.1296162,-0.12730154,4.7089467,1.6692876,5.229717,5.382272,6.0105004,4.474757,-0.11894142,-0.15157986,-0.040142577,-0.056944285,-0.15105659,-0.11274739,-0.13743341,-0.12720181,-0.15163332,-0.15492189,-0.15492553,-0.15492606,-0.27573854,-0.15161751,-0.12720409,-0.16243835,-0.12334165,-0.14074792,-0.15162326,-0.15887658,-0.14481027,-0.12728336,-0.18691605,-0.14998752,-0.15164135,-0.15490818,-0.15491733,-0.1548611,-0.120334074,-0.13700745,-0.08858878,-0.15163648,-0.19008024,-0.1516456,-0.2004665,-0.11139822,-0.1388583,-0.13027036,-0.1074974,-0.15152657,-0.15156685,-0.15465435,-0.10065024,-0.08152827,-0.09427856,-0.15160726,-0.11960925,-0.15027548,-0.16982608,-0.1185138,-0.15162084,-0.15492058,-0.17738779,-0.15176103,-0.1516479,-0.25953975,-0.17989698,-0.13525523,-0.15164566,-0.15095688,-0.17780018,-0.2009549,-0.15162799,-0.09015879,-0.15140636,-0.12151222,-0.121854745,-0.13997786,-0.21433522,-0.13908121,-0.16057305,-0.15158743,-0.07092635,-0.15113312,-0.15428904,-0.18733518,-0.15143424,-0.12718831,-0.12334781,-0.14100276,-0.15161268,-0.114095174,-0.25318068,-0.26654312,-0.12650836,-0.10945694,-0.15160546,-0.09238048,-0.20963459,-0.15164584,-0.15485498,-0.12674932,-0.15158764,-0.16015086,-0.1553517,-0.15164937,-0.19704957,-0.20616047,-0.12625061,-0.10460003,-0.11361031,-0.10256614,-0.15164337,-0.19495486,-0.15162303,-0.12666756,-0.15151891,-0.041086134,-0.12967405,-0.15164831,-0.2300741,-0.1516306,-0.10384405,-0.15049115,-0.0784167,-0.15153304,-0.12766197,-0.15154922,-0.121451,-0.075820275,-0.09192432,-0.101488546,-0.15143171,-0.15484904,-0.12378413,-0.15151575,-0.1410757,-0.13984437,-0.18093297,-0.15165034,-0.25777104,-0.12844054,-0.15157402,-0.13462572,-0.119081676,-0.1516267,-0.15492228,-0.1549236,-0.15492451,-0.19755594,-0.25103784,-0.20219928,-0.19465852,-0.24831252,-0.20506537,-0.22091979,-0.151638,-0.12692961,-0.11956477,-0.15163435,-0.15491931,-0.20931396,-0.18224281,-0.1516265,-0.32474133,-0.15164883,-0.15492663,-0.15492575,-0.15492547,-0.2185038,-0.15162595,-0.114121355,-0.15162894,-0.15491426,-0.1549195,-0.22984435,-0.15164378,-0.15490457,-0.08963354,-0.15156189,-0.15488738,-0.15490136,-0.15490264,-0.13302092,-0.1051107,-0.14014931,-0.15141064,-0.15839578,-0.15615125,-0.14613561,-0.15164092,-0.12319561,-0.1272606,-0.15161186,-0.15492648,-0.15492609,-0.1549261,-0.15492652,-0.38518023,-0.11451449,-0.151618,-0.15564899,-0.14443555,-0.16636807,-0.15164506,-0.15486339,-0.12993515,-0.047159404,-0.14687872,-0.14016809,-0.14106366,-0.15152968,-0.19987361,-0.1649412,-0.17166539,-0.15162744,-0.15489298,-0.12722544,-0.14610182,-0.2588673,-0.12708384,-0.15154728,-0.09132757,-0.12832497,-0.13684332,-0.16221203,-0.15659244,-0.1265363,-0.15144221,-0.15485111,-0.1548902,-0.15491697,-0.15740095,-0.19795567,-0.15106063,-0.07294749,-0.2039893,-0.15161848,-0.1548891,-0.104459345,-0.15128453,-0.17466888,-0.13176009,-0.15162458,-0.15109587,-0.10913184,-0.15149185,-0.05825615,-0.14326635,-0.17082691,-0.15157548,-0.18883844,-0.15164971,-0.31316653,-0.15164183,-0.16808087,-0.14331596,-0.1516436,-0.15492374,-0.25088155,-0.15165001,-0.22115314,-0.07562123,-0.086852394,-0.10702289,-0.060967896,-0.14629021,-0.16796505,-0.15746465,-0.22133875,-0.12812386,-0.0969081,-0.16398169,-0.12716047,-0.11335766,-0.18846886,-0.12725377,-0.17755464,-0.0994983,-0.115196005,-0.15157646,-0.11662802,-0.19749595,-0.14526704,-0.12781724,-0.096878245,-0.15157673,-0.15476787,-0.12434345,-0.11230643,-0.063823454,-0.15152028,-0.11419349,-0.10007019,-0.24483351,-0.15165043,-0.15491688,-0.16344379,-0.1759062,-0.12524253,-0.15163875,-0.0782174,-0.19187105,-0.18185812,-0.09859173,-0.11065883,-0.15137804,-0.15466693,-0.083404,-0.1213824,-0.13072303,-0.13855581,-0.19385117,-0.15162054,-0.15492126,-0.19487974,-0.23847799,-0.2432746,-0.12696618,-0.15148568,-0.15489826,-0.14520228,-0.2961179,-0.15164985,-0.19813283,-0.12717052,-0.15159833,-0.060104962,-0.15931924,-0.1516484,-0.2028091,-0.2868003,-0.11816878,-0.14795661,-0.10060286,-0.15152326,-0.13614628,-0.20725825,-0.17393659,-0.125103,-0.15657571,-0.15690626,-0.1516473,-0.1549232,-0.16221246,-0.22200036,-0.12731388,-0.2814266,-0.15165076,-0.1915083,-0.24371436,-0.16952515,-0.1515784,-0.13369927,-0.12557748,-0.15164478,-0.18106565,-0.15165056,-0.18642783,-0.15160409,-0.30462334,-0.15156081,-0.14691104,-0.13029914,-0.15164018,-0.15491334,-0.18915205,-0.12724806,-0.1516442,-0.10481856,-0.1650517,-0.15164238,-0.15492481,-0.15490068,-0.12688176,-0.15156612,-0.15489745,-0.15489018,-0.15489943,-0.1549061,-0.16505513,-0.17392421,-0.15163878,-0.15491906,-0.15491089,-0.15491946,-0.2025511,-0.15354379,-0.14723541,-0.15083429,-0.11499533,-0.10471026,-0.11893196,-0.15164173,-0.15486073,-0.12721485,-0.19501048,-0.151648,-0.18738703,-0.11705899,-0.17429145,-0.15163991,-0.06652963,-0.1514441,-0.10737923,-0.124497145,-0.15298569,-0.052188452,-0.26007295
k__Bacteria|p__Bacteroidetes|c__Bacteroidia|o__Bacteroidales|f__Prevotellaceae|g__Prevotella|s__Prevotella_buccalis,-0.1004395,-0.12316422,-0.15301657,-0.1563753,-0.1563756,-0.23867357,-0.1666669,-0.16813041,-0.10929718,-0.22895765,-0.23728925,-0.15302157,-0.22850217,-0.3768707,-0.08556121,-0.15260385,-0.058144663,-0.15246326,-0.15631056,-0.19931981,-0.1978925,-0.12787697,-0.15298474,-0.12711628,-0.20043859,-0.11658599,-0.182019,-0.25032333,-0.1509206,-0.15299,-0.15142563,-0.10844302,-0.18249588,-0.28454733,-0.15300794,-0.1280714,-0.15301907,-0.22338755,-0.15302196,-0.29867563,-0.15302202,-0.29356226,-0.12736021,-0.15286842,-0.13691942,-0.15301621,-0.23188588,-0.24781659,-0.1296162,-0.12807778,-0.24679694,-0.18279888,-0.25087595,-0.26027086,-0.28621647,-0.27511892,-0.11894142,-0.15293136,-0.040142577,-0.056944285,-0.15226829,-0.11274739,-0.13743341,-0.12795816,-0.15299937,-0.15637071,-0.15637536,-0.15637603,-0.27573854,-0.15298073,-0.12796073,-0.16243835,-0.12334165,-0.14074792,-0.15298638,-0.15887658,-0.14481027,-0.12805559,-0.18691605,-0.14998752,-0.1530094,-0.15635324,-0.15636499,-0.15629789,-0.120334074,-0.13700745,-0.08858878,-0.15300322,-0.19008024,-0.15301487,-0.2004665,-0.11139822,-0.1388583,-0.13027036,-0.1074974,-0.15152657,-0.1529145,-0.15606382,-0.10065024,-0.08152827,-0.09427856,-0.152966,-0.11960925,-0.15027548,-0.16982608,-0.1185138,-0.15298352,-0.15636905,-0.17738779,-0.15176103,-0.15301783,-0.25953975,-0.17989698,-0.13525523,-0.15301491,-0.15095688,-0.17780018,-0.2009549,-0.15299398,-0.09015879,-0.15270965,-0.12151222,-0.121854745,-0.13997786,-0.21433522,-0.13908121,-0.16057305,-0.15294066,-0.07092635,-0.1523667,-0.15557438,-0.18733518,-0.15275267,-0.12794617,-0.12334781,-0.14100276,-0.15297282,-0.114095174,0.88905776,-0.26654312,-0.12717466,-0.10945694,-0.15296358,-0.09238048,-0.20963459,-0.15301514,-0.156289,-0.1274432,-0.15294138,-0.16015086,-0.1553517,-0.15301968,-0.19704957,-0.20616047,-0.12687065,-0.10460003,-0.11361031,-0.10256614,-0.15301195,-0.19495486,-0.15298742,-0.12736738,-0.15285361,-0.041086134,-0.12967405,-0.15301839,-0.2300741,-0.1529966,-0.10384405,-0.15155885,-0.0784167,-0.15287177,-0.12766197,-0.15289214,-0.121451,-0.075820275,-0.09192432,-0.101488546,-0.15274327,-0.15627772,-0.12378413,-0.15286225,-0.1410757,-0.13984437,-0.18093297,-0.15302092,-0.25777104,-0.12844054,-0.15292768,-0.13462572,-0.119081676,-0.15299055,-0.15637119,-0.15637289,-0.15637405,-0.19755594,-0.25103784,-0.20219928,-0.19465852,-0.24831252,-0.20506537,-0.22091979,-0.15300554,-0.12765254,-0.11956477,-0.15300046,-0.15636745,-0.20931396,-0.18224281,-0.15299164,-0.32474133,-0.15301898,-0.15637676,-0.15637565,-0.15637526,0.72389466,-0.15299068,-0.114121355,-0.15299377,-0.15636124,-0.15636766,-0.22984435,-0.15301251,-0.15634938,-0.08963354,-0.15290853,-0.15632643,-0.15634468,-0.15634598,-0.13302092,-0.1051107,-0.14014931,-0.15141064,-0.15839578,-0.15615125,-0.14613561,-0.15300879,-0.12319561,-0.12802702,-0.1529723,-0.15637659,-0.1563761,-0.1563761,-0.15637663,-0.38518023,-0.11451449,-0.15297979,0.7375137,-0.14443555,-0.16636807,-0.15301424,-0.15629822,-0.12993515,-0.047159404,-0.14700314,-0.14016809,-0.14106366,-0.1528675,-0.19987361,-0.1649412,-0.17166539,-0.15299167,-0.15633354,-0.12722544,-0.14610182,-0.2588673,-0.12782612,-0.15289009,-0.09132757,-0.12832497,-0.13684332,-0.16221203,-0.15659244,-0.12722345,-0.15275756,-0.15628055,-0.15633023,-0.15636444,-0.15740095,1.0402676,-0.15106063,-0.07294749,-0.2039893,-0.15298057,-0.15632859,-0.104459345,-0.1526281,-0.17466888,-0.13176009,-0.15298781,-0.15109587,-0.10913184,-0.15282145,-0.05825615,-0.14326635,-0.17082691,-0.15292585,-0.18883844,-0.15302014,-0.31316653,-0.15301025,-0.16808087,-0.14331596,-0.1530123,-0.1563731,-0.25088155,-0.15302052,-0.22115314,-0.07562123,-0.086852394,-0.10702289,-0.060967896,-0.14625233,-0.16796505,-0.15746465,-0.22133875,-0.12812386,-0.0969081,-0.16398169,-0.12716047,-0.11335766,-0.18846886,-0.12802006,-0.17755464,-0.0994983,-0.115196005,-0.15292704,-0.11662802,-0.19749595,-0.14526704,-0.12781724,-0.096878245,-0.15292677,-0.15617494,-0.12434345,-0.11230643,-0.063823454,-0.15285568,-0.11419349,-0.10007019,-0.24483351,-0.15302104,-0.1563648,-0.16344379,-0.1759062,-0.12524253,-0.15300606,-0.0782174,-0.19187105,-0.18185812,-0.09859173,-0.11065883,-0.15267435,-0.15604663,-0.083404,-0.1213824,-0.13072303,-0.13855581,-0.19385117,-0.15298317,-0.1563699,-0.19487974,-0.23847799,-0.2432746,-0.12767933,-0.15281169,-0.15634072,-0.14520228,-0.2961179,-0.15302029,-0.19813283,-0.12792237,-0.15295511,-0.060104962,-0.15931924,-0.15301847,-0.2028091,-0.2868003,-0.11816878,-0.14795661,-0.10060286,-0.15286,-0.13614628,-0.20725825,-0.17393659,-0.125103,-0.15657571,-0.15690626,-0.15301706,-0.15637237,-0.16221246,-0.22200036,-0.12809321,-0.2814266,-0.15302145,-0.1915083,-0.24371436,-0.16952515,-0.15293363,-0.13369927,-0.12557748,-0.15301386,-0.18106565,-0.15302119,-0.18642783,-0.15296406,-0.30462334,-0.1529077,-0.14691104,-0.13029914,-0.15300795,-0.15635972,-0.18915205,-0.12801231,-0.15301308,-0.10481856,-0.1650517,-0.15301086,-0.15637445,-0.1563451,-0.12759112,-0.15291359,-0.15633982,-0.1563304,-0.15634231,-0.15635054,-0.16505513,-0.17392421,-0.15300624,-0.15636706,-0.15635674,-0.1563676,-0.2025511,-0.15354379,-0.14723541,-0.15199217,-0.11499533,-0.10471026,-0.11893196,-0.15300994,-0.15629612,-0.12797105,-0.19501048,-0.15301797,-0.18738703,-0.11705899,-0.17429145,-0.15300834,-0.06652963,-0.1527592,-0.10737923,-0.124497145,-0.15298569,-0.052188452,-0.26007295
k__Bacteria|p__Bacteroidetes|c__Bacteroidia|o__Bacteroidales|f__Bacteroidaceae|g__Phocaeicola|s__Phocaeicola_plebeius,-0.1004395,-0.12316422,-0.15224898,-0.1555371,-0.15553738,-0.23867357,-0.1666669,2.238381,-0.10929718,5.066101,2.9578245,-0.152254,2.6974673,0.78507966,-0.08556121,-0.1518346,-0.058144663,-0.1517,-0.15547231,-0.19931981,-0.1978925,-0.12763092,-0.15221724,-0.12711628,-0.20043859,-0.11658599,-0.182019,-0.25032333,-0.1509206,-0.15222225,-0.15142563,-0.10844302,-0.18249588,-0.28454733,-0.15224002,-0.12782875,-0.1522515,-0.22338755,-0.15225437,-0.29867563,-0.15225443,-0.29356226,-0.12711199,-0.1520997,-0.13691942,-0.15224867,-0.23188588,-0.24781659,-0.1296162,-0.12783487,-0.24679694,-0.18279888,-0.25087595,-0.26027086,-0.28621647,-0.27511892,-0.11894142,-0.15216395,-0.040142577,-0.056944285,-0.15149888,-0.11274739,-0.13743341,-0.12771368,-0.1522317,-0.15553251,-0.15553713,-0.15553781,-0.27573854,-0.15221216,-0.12771624,-0.16243835,-0.12334165,-0.14074792,-0.15221892,-0.15887658,-0.14481027,-0.12781242,-0.18691605,-0.14998752,-0.15224187,-0.15551507,-0.1555267,-0.15545627,-0.120334074,-0.13700745,-0.08858878,-0.15223572,-0.19008024,-0.1522473,-0.2004665,-0.11139822,-0.1388583,-0.13027036,-0.1074974,-0.15152657,-0.15214738,-0.15520853,-0.10065024,-0.08152827,-0.09427856,-0.15219863,-0.11960925,-0.15027548,-0.16982608,-0.1185138,-0.1522158,-0.15553083,-0.17738779,-0.15176103,-0.15225026,-0.25953975,-0.17989698,-0.13525523,-0.15224737,-0.15095688,-0.17780018,-0.2009549,-0.15222535,-0.09015879,-0.15194398,-0.12151222,-0.121854745,-0.13997786,-0.21433522,-0.13908121,-0.16057305,-0.15217352,-0.07092635,-0.15159875,-0.1547283,-0.18733518,-0.15197936,-0.12770087,-0.12334781,-0.14100276,-0.15220544,-0.114095174,-0.25318068,-0.26654312,-0.12690836,-0.10945694,-0.15219632,-0.09238048,-0.20963459,-0.15224761,-0.15544772,-0.12719122,-0.1521736,-0.16015086,-0.1553517,-0.15225211,-0.19704957,-0.20616047,-0.12659094,-0.10460003,-0.11361031,-0.10256614,-0.15224445,-0.19495486,-0.15221919,-0.12710443,-0.15208662,-0.041086134,-0.12967405,-0.15225077,-0.2300741,-0.15222844,-0.10384405,-0.15078959,-0.0784167,-0.15210426,-0.12766197,-0.15212509,-0.121451,-0.075820275,-0.09192432,-0.101488546,-0.15197653,-0.15544008,-0.12378413,-0.15208632,-0.1410757,-0.13984437,-0.18093297,-0.15225336,-0.25777104,-0.12844054,-0.1521575,-0.13462572,-0.119081676,-0.15222326,-0.15553297,-0.15553467,-0.15553582,-0.19755594,-0.25103784,-0.20219928,-0.19465852,-0.24831252,-0.20506537,-0.22091979,-0.15223768,-0.12740189,-0.11956477,-0.15223303,-0.15552922,-0.20931396,-0.18224281,-0.15222353,-0.32474133,-0.15225142,-0.15553854,-0.15553743,-0.15553704,-0.2185038,-0.15222228,-0.114121355,-0.15222605,-0.15552278,-0.15552944,-0.22984435,-0.15224501,-0.15551053,-0.08963354,-0.15214092,-0.15548865,-0.15550637,-0.15550804,-0.13302092,-0.1051107,-0.14014931,-0.15141064,-0.15839578,-0.15615125,-0.14613561,-0.15224135,-0.12319561,-0.12778401,-0.15220442,-0.15553835,-0.15553787,-0.15553787,-0.1555384,-0.38518023,-0.11451449,-0.15221226,-0.15564899,-0.14443555,-0.16636807,-0.15224662,-0.15545836,-0.12993515,-0.047159404,-0.14618567,-0.14016809,-0.14106366,-0.15210003,-0.19987361,-0.1649412,-0.17166539,-0.15222424,-0.15549585,-0.12722544,-0.14610182,-0.2588673,-0.12757643,-0.15212286,-0.09132757,-0.12832497,-0.13684332,-0.16221203,-0.15659244,-0.12696567,-0.1519891,-0.15544266,-0.15549222,-0.15552627,-0.15740095,-0.19795567,-0.15106063,-0.07294749,-0.2039893,-0.15221286,-0.15549086,-0.104459345,-0.151831,-0.17466888,-0.13176009,-0.1522206,-0.15109587,-0.10913184,-0.15205339,-0.05825615,-0.14326635,-0.17082691,-0.15215826,-0.18883844,-0.15225253,-0.31316653,-0.15224248,-0.16808087,-0.14331596,-0.15224475,-0.15553483,-0.25088155,-0.15225291,-0.22115314,-0.07562123,-0.086852394,-0.10702289,-0.060967896,-0.14543995,-0.16796505,-0.15746465,-0.22133875,-0.12812386,-0.0969081,-0.16398169,-0.12716047,-0.11335766,-0.18846886,-0.1277768,-0.17755464,-0.0994983,-0.115196005,-0.15215954,-0.11662802,-0.19749595,-0.14526704,-0.12781724,-0.096878245,-0.15215996,-0.15533735,-0.12434345,-0.11230643,-0.063823454,-0.15208842,-0.11419349,-0.10007019,-0.24483351,-0.15225345,-0.15552619,-0.16344379,-0.1759062,-0.12524253,-0.15223858,-0.0782174,-0.19187105,-0.18185812,-0.09859173,-0.11065883,-0.15190834,-0.15520927,-0.083404,-0.1213824,-0.13072303,-0.13855581,-0.19385117,-0.15221544,-0.15553167,-0.19487974,-0.23847799,-0.2432746,-0.12743485,-0.15204462,-0.15550244,-0.14520228,-0.2961179,-0.1522527,-0.19813283,-0.12767643,-0.15218736,-0.060104962,-0.15931924,-0.15225089,-0.2028091,-0.2868003,-0.11816878,-0.14795661,-0.10060286,-0.15209201,-0.13614628,-0.20725825,-0.17393659,-0.125103,-0.15657571,-0.15690626,-0.15224946,-0.15553415,-0.16221246,-0.22200036,-0.12785034,-0.2814266,-0.15225387,-0.1915083,-0.24371436,-0.16952515,-0.15216309,-0.13369927,-0.12557748,-0.15224627,-0.18106565,-0.15225363,-0.18642783,-0.15219498,-0.30462334,-0.15213957,-0.14691104,-0.13029914,-0.1522404,-0.1555216,-0.18915205,-0.127769,-0.15224552,-0.10481856,-0.1650517,-0.15224323,-0.15553622,-0.15550579,-0.12734401,-0.1521465,-0.15550144,-0.15549217,-0.15550393,-0.15551239,-0.16505513,-0.17392421,-0.15223862,-0.1555289,-0.15551853,-0.15552942,-0.2025511,-0.15354379,-0.14723541,-0.15121607,-0.11499533,-0.10471026,-0.11893196,-0.15224238,-0.1554557,-0.12772831,-0.19501048,-0.15225035,-0.18738703,-0.11705899,-0.17429145,-0.15224017,-0.06652963,-0.15199214,-0.10737923,-0.124497145,-0.15298569,-0.052188452,-0.26007295
k__Bacteria|p__Bacteroidetes|c__Bacteroidia|o__Bacteroidales|f__Prevotellaceae|g__Prevotella|s__Prevotella_histicola,-0.1004395,-0.12316422,-0.1520463,-0.15524125,-0.1552415,-0.23867357,-0.1666669,-0.16813041,-0.10929718,-0.22895765,-0.23728925,-0.15205076,-0.22850217,-0.3768707,-0.08556121,-0.15167719,-0.058144663,-0.15154876,-0.15518333,-0.19931981,-0.1978925,-0.12814179,-0.15201777,-0.12711628,-0.20043859,-0.11658599,-0.182019,-0.25032333,-0.1509206,-0.15202251,-0.15142563,-0.10844302,-0.18249588,-0.28454733,-0.15203854,-0.12831748,-0.15204853,-0.22338755,-0.15205112,-0.29867563,-0.15205118,-0.29356226,-0.12766147,-0.1519137,-0.13691942,-0.15204597,-0.23188588,-0.24781659,-0.1296162,-0.12832314,-0.24679694,-0.18279888,-0.25087595,3.266096,2.021734,-0.27511892,-0.11894142,-0.15196985,-0.040142577,-0.056944285,-0.15137507,-0.11274739,2.7638445,-0.12821595,-0.1520309,-0.15523711,-0.15524131,-0.1552419,-0.27573854,-0.15201506,-0.12821695,-0.16243835,-0.12334165,-0.14074792,-0.15201917,-0.15887658,-0.14481027,-0.12830289,-0.18691605,-0.14998752,-0.15203989,-0.15522145,-0.15523201,-0.15517354,-0.120334074,-0.13700745,-0.08858878,-0.15203431,-0.19008024,-0.15204474,3.5660682,-0.11139822,-0.1388583,-0.13027036,-0.1074974,-0.15152657,-0.15195467,-0.15497476,-0.10065024,-0.08152827,-0.09427856,-0.1520009,-0.11960925,-0.15027548,-0.16982608,-0.1185138,-0.15201676,-0.15523562,-0.17738779,5.5235286,-0.15204743,-0.25953975,-0.17989698,-0.13525523,-0.1520448,-0.15095688,-0.17780018,2.6375344,-0.1520265,-0.09015879,-0.15177044,-0.12151222,-0.121854745,-0.13997786,-0.21433522,-0.13908121,-0.16057305,-0.1519782,-0.07092635,-0.15146391,-0.15452427,-0.18733518,-0.15181161,-0.12820321,-0.12334781,-0.14100276,-0.15200704,-0.114095174,-0.25318068,-0.26654312,-0.12750292,-0.10945694,-0.1519987,-0.09238048,-0.20963459,-0.15204501,-0.15516588,-0.12774287,-0.15197921,-0.16015086,-0.1553517,-0.15204906,-0.19704957,-0.20616047,-0.12720564,-0.10460003,-0.11361031,-0.10256614,-0.15204214,-0.19495486,-0.15202053,-0.12768057,-0.15190011,-0.041086134,-0.12967405,-0.15204793,-0.2300741,-0.15202875,-0.10384405,-0.15074368,-0.0784167,-0.15191713,-0.12766197,-0.15193471,-0.121451,-0.075820275,-0.09192432,-0.101488546,-0.15180108,-0.15515365,-0.12378413,-0.15191051,-0.1410757,-0.13984437,-0.18093297,-0.1520502,-0.25777104,-0.12844054,-0.1519684,-0.13462572,-0.119081676,-0.15202296,-0.15523756,-0.15523908,-0.1552401,-0.19755594,-0.25103784,-0.20219928,-0.19465852,-0.24831252,-0.20506537,-0.22091979,-0.15203655,-0.12793963,-0.11956477,-0.15203184,-0.15523419,-0.20931396,-0.18224281,-0.15202412,-0.32474133,-0.15204844,-0.15524255,-0.15524153,-0.1552412,-0.2185038,-0.15202361,-0.114121355,-0.15202597,-0.15522867,-0.15523443,-0.22984435,-0.15204264,-0.15521866,-0.08963354,-0.15194964,-0.15519732,-0.15521383,-0.15521488,-0.13302092,-0.1051107,-0.14014931,-0.15141064,-0.15839578,-0.15615125,-0.14613561,-0.15203929,-0.12319561,-0.12827758,-0.15200663,-0.15524238,-0.15524195,-0.15524197,-0.15524243,-0.38518023,-0.11451449,-0.15201329,-0.15564899,-0.14443555,-0.16636807,-0.1520442,-0.1551727,-0.12993515,-0.047159404,-0.14666325,-0.14016809,-0.14106366,-0.1519125,-0.19987361,-0.1649412,-0.17166539,-0.15202391,-0.15520366,-0.12722544,-0.14610182,-0.2588673,-0.12809691,-0.1519329,-0.09132757,-0.12832497,-0.13684332,-0.16221203,-0.15659244,-0.1275423,-0.15181498,-0.15515627,-0.1552008,-0.15523149,-0.15740095,-0.19795567,1.6781738,-0.07294749,-0.2039893,-0.152014,-0.15519936,-0.104459345,-0.15172675,-0.17466888,-0.13176009,-0.1520204,4.093425,-0.10913184,-0.15187205,-0.05825615,-0.14326635,-0.17082691,-0.15196489,-0.18883844,-0.1520495,-0.31316653,-0.15204072,-0.16808087,-0.14331596,-0.15204246,-0.15523927,-0.25088155,-0.15204984,-0.22115314,-0.07562123,-0.086852394,-0.10702289,-0.060967896,-0.14598456,-0.16796505,-0.15746465,-0.22133875,-0.12812386,-0.0969081,-0.16398169,-0.12716047,-0.11335766,-0.18846886,-0.12827139,-0.17755464,-0.0994983,-0.115196005,-0.151966,-0.11662802,-0.19749595,-0.14526704,-0.12781724,-0.096878245,-0.15196562,-0.15506166,-0.12434345,-0.11230643,-0.063823454,-0.15190233,-0.11419349,-0.10007019,-0.24483351,-0.1520503,-0.15523201,-0.16344379,-0.1759062,-0.12524253,-0.15203685,-0.0782174,-0.19187105,-0.18185812,-0.09859173,-0.11065883,-0.15173897,-0.15494636,-0.083404,-0.1213824,-0.13072303,-0.13855581,-0.19385117,-0.1520164,-0.15523638,-0.19487974,-0.23847799,-0.2432746,-0.12796529,-0.1518625,-0.15521026,-0.14520228,-0.2961179,-0.15204963,-0.19813283,-0.1281834,-0.15199128,-0.060104962,-0.15931924,-0.152048,-0.2028091,-0.2868003,-0.11816878,-0.14795661,-0.10060286,-0.151906,1.1520796,-0.20725825,-0.17393659,-0.125103,-0.15657571,-0.15690626,-0.15204673,-0.1552386,-0.16221246,-0.22200036,-0.12833707,-0.2814266,-0.15205067,-0.1915083,-0.24371436,-0.16952515,-0.15197384,-0.13369927,-0.12557748,-0.15204385,-0.18106565,-0.15205044,-0.18642783,-0.1519998,-0.30462334,-0.15194869,-0.14691104,-0.13029914,-0.15203857,-0.15522727,-0.18915205,-0.12826423,-0.15204316,-0.10481856,-0.1650517,-0.1520412,-0.15524048,-0.15521485,-0.12789434,-0.15195383,-0.15520951,-0.15520103,-0.15521172,-0.15521915,-0.16505513,-0.17392421,-0.15203705,-0.15523385,-0.15522458,-0.1552343,-0.2025511,-0.15354379,-0.14723541,-0.15112862,-0.11499533,-0.10471026,-0.11893196,-0.15204035,-0.15517128,-0.12822694,-0.19501048,-0.15204754,-0.18738703,-0.11705899,-0.17429145,-0.15203923,-0.06652963,-0.1518157,-0.10737923,-0.124497145,-0.15298569,-0.052188452,-0.26007295
k__Bacteria|p__Bacteroidetes|c__Bacteroidia|o__Bacteroidales|f__Bacteroidaceae|g__Bacteroides|s__Bacteroides_thetaiotaomicron,-0.1004395,-0.12316422,-0.15108067,-0.15429404,-0.15429425,-0.23867357,-0.1666669,-0.16813041,-0.10929718,-0.22895765,-0.23728925,-0.1510844,-0.22850217,-0.3768707,-0.08556121,-0.15077111,-0.058144663,-0.15066978,-0.15424591,-0.19931981,-0.1978925,-0.12706643,-0.15105702,-0.12711628,-0.20043859,-0.11658599,-0.182019,-0.25032333,-0.1509206,-0.15106079,-0.15142563,-0.10844302,-0.18249588,-0.28454733,-0.1510739,-0.12721474,-0.15108255,-0.22338755,-0.15108469,-0.29867563,-0.15108474,-0.29356226,-0.12666169,-0.15096973,-0.13691942,-0.15108043,-0.23188588,-0.24781659,-0.1296162,-0.12721941,-0.24679694,1.4043171,3.199705,2.055528,1.8294559,-0.27511892,-0.11894142,-0.15101734,-0.040142577,-0.056944285,-0.1505222,-0.11274739,-0.13743341,-0.12712926,-0.15106782,-0.15429063,-0.15429407,-0.15429458,-0.27573854,-0.15105362,-0.12712985,-0.16243835,-0.12334165,-0.14074792,-0.15105823,-0.15887658,-0.14481027,-0.12720256,-0.18691605,-0.14998752,-0.15107538,-0.15427764,-0.15428634,-0.15423451,-0.120334074,-0.13700745,-0.08858878,-0.15107077,-0.19008024,-0.15107942,-0.2004665,-0.11139822,-0.1388583,-0.13027036,-0.1074974,-0.15152657,-0.15100482,-0.15404639,-0.10065024,-0.08152827,-0.09427856,-0.15104312,-0.11960925,-0.15027548,-0.16982608,-0.1185138,-0.15105602,-0.15428938,-0.17738779,-0.15176103,-0.15108162,-0.25953975,-0.17989698,-0.13525523,-0.15107945,-0.15095688,-0.17780018,-0.2009549,-0.15106326,-0.09015879,-0.15085275,-0.12151222,-0.121854745,-0.13997786,-0.21433522,-0.13908121,-0.16057305,-0.15102437,-0.07092635,-0.15059558,-0.15369359,-0.18733518,-0.15088138,-0.12711877,-0.12334781,-0.14100276,-0.15104821,-0.114095174,-0.25318068,-0.26654312,-0.12652361,-0.10945694,-0.15104136,-0.09238048,-0.20963459,-0.15107964,-0.15422848,-0.12673248,-0.1510247,-0.16015086,-0.1553517,-0.15108298,-0.19704957,-0.20616047,-0.1262933,-0.10460003,-0.11361031,-0.10256614,-0.15107727,-0.19495486,-0.15105845,-0.12667146,-0.15095945,9.615053,6.41923,-0.15108201,7.626627,-0.1510655,-0.10384405,-0.14999329,-0.0784167,-0.15097328,-0.12766197,-0.15098822,-0.121451,-0.075820275,-0.09192432,-0.101488546,-0.15087737,-0.15422162,-0.12378413,-0.15095896,-0.1410757,-0.13984437,-0.18093297,-0.15108392,-0.25777104,-0.12844054,-0.15101306,-0.13462572,-0.119081676,-0.15106146,-0.15429099,-0.15429224,-0.15429309,-0.19755594,-0.25103784,-0.20219928,-0.19465852,-0.24831252,-0.20506537,-0.22091979,-0.15107232,-0.12689288,-0.11956477,-0.15106875,-0.15428819,-0.20931396,-0.18224281,-0.1510616,-0.32474133,-0.15108247,-0.15429512,-0.15429428,-0.15429401,-0.2185038,-0.15106127,-0.114121355,-0.1510637,-0.15428346,-0.15428835,-0.22984435,-0.15107772,-0.15427467,-0.08963354,-0.15100035,-0.15425786,-0.15427122,-0.15427232,-0.13302092,-0.1051107,-0.14014931,-0.15141064,-0.15839578,-0.15615125,-0.14613561,-0.15107495,-0.12319561,-0.12718152,-0.15104754,-0.15429498,-0.15429462,-0.15429464,-0.15429501,-0.38518023,6.3290963,-0.15105328,1.5995591,-0.14443555,2.7373366,-0.15107891,-0.15423587,-0.12993515,-0.047159404,-0.14657584,-0.14016809,-0.14106366,-0.15096965,-0.19987361,-0.1649412,-0.17166539,-0.15106219,-0.15426314,-0.12722544,-0.14610182,-0.2588673,-0.12702677,-0.15098658,-0.09132757,-0.12832497,-0.13684332,-0.16221203,-0.15659244,-0.12656751,-0.15088798,-0.15422368,-0.15426058,-0.15428597,-0.15740095,-0.19795567,-0.15106063,-0.07294749,-0.2039893,-0.15105379,-0.15425953,-0.104459345,-0.15076603,-0.17466888,-0.13176009,-0.15105942,-0.15109587,-0.10913184,-0.15093508,-0.05825615,-0.14326635,-0.17082691,-0.15101308,-0.18883844,-0.15108332,-0.31316653,-0.1510759,-0.16808087,-0.14331596,-0.15107751,-0.15429239,-0.25088155,-0.1510836,-0.22115314,-0.07562123,-0.086852394,-0.10702289,-0.060967896,-0.14602005,-0.16796505,-0.15746465,-0.22133875,-0.12812386,-0.0969081,-0.16398169,-0.12716047,-0.11335766,-0.18846886,-0.12717573,-0.17755464,-0.0994983,-0.115196005,-0.151014,-0.11662802,-0.19749595,-0.14526704,-0.12781724,-0.096878245,-0.15101418,-0.15414512,-0.12434345,-0.11230643,-0.063823454,-0.15096112,-0.11419349,-0.10007019,-0.24483351,-0.15108399,-0.15428603,-0.16344379,-0.1759062,-0.12524253,-0.15107289,-0.0782174,-0.19187105,-0.18185812,-0.09859173,-0.11065883,-0.15082616,-0.15404943,-0.083404,-0.1213824,-0.13072303,-0.13855581,-0.19385117,-0.15105572,-0.15429002,-0.19487974,-0.23847799,-0.2432746,-0.12692043,-0.15092826,-0.15426825,-0.14520228,-0.2961179,-0.15108344,-0.19813283,-0.12710196,-0.15103483,-0.060104962,-0.15931924,-0.15108208,-0.2028091,-0.2868003,-0.11816878,-0.14795661,-0.10060286,-0.15096386,-0.13614628,-0.20725825,-0.17393659,-0.125103,-0.15657571,-0.15690626,-0.15108103,-0.15429187,-0.16221246,-0.22200036,-0.12723096,-0.2814266,-0.1510843,-0.1915083,-0.24371436,-0.16952515,-0.15101719,-0.13369927,-0.12557748,-0.15107864,-0.18106565,-0.15108413,-0.18642783,-0.15104064,-0.30462334,-0.15099928,-0.14691104,-0.13029914,-0.15107428,-0.1542825,-0.18915205,-0.12717003,-0.15107809,-0.10481856,-0.1650517,-0.1510764,-0.15429339,-0.15427107,-0.12685567,-0.15100417,-0.15426755,-0.15426064,-0.1542694,-0.15427572,-0.16505513,-0.17392421,-0.15107296,-0.15428793,-0.15428022,-0.15428832,-0.2025511,-0.15354379,-0.14723541,-0.15031335,-0.11499533,-0.10471026,-0.11893196,-0.15107572,-0.15423368,-0.12713909,-0.19501048,-0.15108168,-0.18738703,-0.11705899,-0.17429145,-0.15107429,-0.06652963,-0.15088898,-0.10737923,-0.124497145,-0.15298569,-0.052188452,-0.26007295
k__Bacteria|p__Bacteroidetes|c__Bacteroidia|o__Bacteroidales|f__Tannerellaceae|g__Parabacteroides|s__Parabacteroides_merdae,-0.1004395,-0.12316422,-0.15021528,-0.15345198,-0.15345217,-0.23867357,-0.1666669,2.0118403,-0.10929718,3.469183,4.533577,-0.15021876,2.8278725,4.6878924,-0.08556121,-0.14992014,-0.058144663,-0.1498273,-0.15340693,-0.19931981,-0.1978925,-0.12603995,-0.15019313,-0.12711628,-0.20043859,-0.11658599,-0.182019,-0.25032333,-0.1509206,-0.1501968,-0.15142563,-0.10844302,-0.18249588,-0.28454733,-0.15020923,-0.12617585,-0.150217,-0.22338755,-0.15021902,-0.29867563,-0.15021905,-0.29356226,-0.12567033,-0.15011221,-0.13691942,-0.15021503,-0.23188588,-0.24781659,-0.1296162,-0.1261803,-0.24679694,-0.18279888,-0.25087595,-0.26027086,-0.28621647,-0.27511892,-0.11894142,-0.15015604,-0.040142577,-0.056944285,-0.14969537,-0.11274739,-0.13743341,-0.12609869,-0.15020335,-0.15344878,-0.15345202,-0.15345249,-0.27573854,-0.15019077,-0.12609817,-0.16243835,-0.12334165,-0.14074792,-0.15019429,-0.15887658,-0.14481027,-0.12616473,-0.18691605,-0.14998752,-0.15021029,-0.15343666,-0.15344484,-0.15339735,-0.120334074,-0.13700745,-0.08858878,-0.150206,-0.19008024,-0.15021408,-0.2004665,-0.11139822,-0.1388583,-0.13027036,-0.1074974,-0.15152657,-0.1501444,-0.15322635,-0.10065024,-0.08152827,-0.09427856,-0.1501801,-0.11960925,-0.15027548,-0.16982608,-0.1185138,-0.1501923,-0.1534476,-0.17738779,-0.15176103,-0.15021616,-0.25953975,-0.17989698,-0.13525523,-0.15021414,-0.15095688,-0.17780018,-0.2009549,-0.15019958,-0.09015879,-0.1500015,-0.12151222,-0.121854745,-0.13997786,-0.21433522,-0.13908121,-0.16057305,-0.15016252,-0.07092635,-0.1497589,-0.15289533,-0.18733518,-0.15003067,-0.12609108,-0.12334781,-0.14100276,-0.15018491,-0.114095174,-0.25318068,-0.26654312,-0.12554888,-0.10945694,-0.15017845,-0.09238048,-0.20963459,-0.15021428,-0.1533919,-0.12573382,-0.15016271,-0.16015086,-0.1553517,-0.15021743,-0.19704957,-0.20616047,-0.125337,-0.10460003,-0.11361031,-0.10256614,-0.15021208,-0.19495486,-0.15019491,-0.12568825,-0.15010107,-0.041086134,-0.12967405,-0.15021655,-0.2300741,-0.15020151,-0.10384405,-0.14918806,-0.0784167,-0.15011442,-0.12766197,-0.15012872,-0.121451,-0.075820275,-0.09192432,-0.101488546,-0.15002543,-0.15338407,-0.12378413,-0.15010113,-0.1410757,-0.13984437,-0.18093297,-0.1502183,-0.25777104,-0.12844054,-0.15015358,-0.13462572,-0.119081676,-0.15019721,-0.15344912,-0.15345031,-0.1534511,-0.19755594,-0.25103784,-0.20219928,-0.19465852,-0.24831252,-0.20506537,-0.22091979,-0.15020761,-0.12588438,-0.11956477,-0.15020409,-0.15344653,-0.20931396,-0.18224281,-0.15019774,-0.32474133,-0.15021695,-0.15345299,-0.15345222,-0.15345193,-0.2185038,-0.15019733,-0.114121355,-0.15019949,-0.15344222,-0.15344666,-0.22984435,-0.15021245,-0.15343416,-0.08963354,-0.15014023,-0.15341803,-0.15343073,-0.1534316,-0.13302092,-0.1051107,-0.14014931,-0.15141064,-0.15839578,-0.15615125,-0.14613561,-0.15020987,-0.12319561,-0.12614514,-0.15018456,-0.15345284,-0.15345253,-0.15345253,-0.15345289,-0.38518023,-0.11451449,-0.15018973,-0.15564899,-0.14443555,-0.16636807,-0.15021366,-0.15339859,-0.12993515,-0.047159404,-0.14602768,-0.14016809,-0.14106366,-0.15011173,-0.19987361,-0.1649412,-0.17166539,-0.15019798,-0.15342295,-0.12722544,-0.14610182,-0.2588673,-0.12600316,-0.15012717,-0.09132757,-0.12832497,-0.13684332,-0.16221203,-0.15659244,-0.12559035,-0.15003505,-0.15338619,-0.15342061,-0.15344441,-0.15740095,-0.19795567,-0.15106063,-0.07294749,-0.2039893,-0.15019026,-0.15341955,-0.104459345,-0.1499444,-0.17466888,-0.13176009,-0.1501953,-0.15109587,-0.10913184,-0.15007904,-0.05825615,-0.14326635,-0.17082691,-0.1501523,-0.18883844,-0.15021774,-0.31316653,-0.15021095,-0.16808087,-0.14331596,-0.15021232,-0.15345044,-0.25088155,-0.15021801,-0.22115314,-0.07562123,-0.086852394,-0.10702289,-0.060967896,-0.14551774,-0.16796505,-0.15746465,-0.22133875,-0.12812386,-0.0969081,-0.16398169,-0.12716047,-0.11335766,-0.18846886,-0.12614006,-0.17755464,-0.0994983,-0.115196005,-0.15015304,-0.11662802,-0.19749595,-0.14526704,-0.12781724,-0.096878245,-0.15015283,-0.15331274,-0.12434345,-0.11230643,-0.063823454,-0.15010318,-0.11419349,-0.10007019,-0.24483351,-0.15021838,-0.15344465,-0.16344379,-0.1759062,-0.12524253,-0.15020797,-0.0782174,-0.19187105,-0.18185812,-0.09859173,-0.11065883,-0.14997673,-0.15322289,-0.083404,-0.1213824,-0.13072303,-0.13855581,-0.19385117,-0.15019211,-0.15344822,-0.19487974,-0.23847799,-0.2432746,-0.12590271,-0.15007275,-0.15342793,-0.14520228,-0.2961179,-0.15021786,-0.19813283,-0.12607284,-0.15017256,-0.060104962,-0.15931924,-0.15021661,1.87142,0.7568746,-0.11816878,-0.14795661,-0.10060286,-0.15010649,-0.13614628,-0.20725825,-0.17393659,-0.125103,-0.15657571,-0.15690626,-0.15021563,-0.15344992,-0.16221246,-0.22200036,-0.12619105,-0.2814266,-0.15021868,-0.1915083,2.4509377,-0.16952515,-0.15015733,-0.13369927,-0.12557748,-0.15021339,-0.18106565,-0.15021849,-0.18642783,-0.15017873,-0.30462334,-0.15013969,-0.14691104,-0.13029914,-0.15020931,-0.15344116,-0.18915205,-0.12613462,-0.15021285,-0.10481856,-0.1650517,-0.1502113,-0.15345137,-0.15343103,-0.12584437,-0.15014362,-0.15342736,-0.15342087,-0.15342908,-0.15343478,-0.16505513,3.8182435,-0.15020812,-0.15344626,-0.15343909,-0.15344663,-0.2025511,-0.15354379,-0.14723541,-0.14950413,-0.11499533,-0.10471026,-0.11893196,-0.15021065,-0.15339626,-0.12610516,-0.19501048,-0.15021622,-0.18738703,-0.11705899,-0.17429145,-0.15020946,-0.06652963,-0.15003464,-0.10737923,-0.124497145,-0.15298569,-0.052188452,-0.26007295
k__Bacteria|p__Bacteroidetes|c__Bacteroidia|o__Bacteroidales|f__Dysgonomonadaceae|g__Dysgonomonas|s__Dysgonomonas_mossii,-0.1004395,-0.12316422,-0.15259978,-0.1558868,-0.15588708,-0.23867357,-0.1666669,-0.16813041,-0.10929718,-0.22895765,-0.23728925,-0.15260491,-0.22850217,-0.3768707,-0.08556121,-0.15217361,-0.058144663,-0.15204069,-0.15582049,-0.19931981,-0.1978925,-0.1279965,-0.15256743,-0.12711628,-0.20043859,-0.11658599,-0.182019,-0.25032333,-0.1509206,-0.15257236,-0.15142563,-0.10844302,-0.18249588,-0.28454733,-0.15259072,-0.12818825,-0.15260237,2.3376832,-0.1526053,4.561925,-0.15260537,-0.29356226,-0.127498,-0.15244679,-0.13691942,-0.15259945,-0.23188588,-0.24781659,-0.1296162,-0.12819442,-0.24679694,-0.18279888,-0.25087595,-0.26027086,-0.28621647,-0.27511892,-0.11894142,-0.1525133,-0.040142577,-0.056944285,-0.15183112,-0.11274739,-0.13743341,-0.1280767,-0.15258205,-0.15588214,-0.15588684,-0.15588754,-0.27573854,-0.15256226,-0.1280785,-0.16243835,-0.12334165,-0.14074792,-0.15256909,-0.15887658,-0.14481027,-0.12817287,-0.18691605,-0.14998752,-0.15259252,-0.15586433,-0.15587616,-0.15580344,-0.120334074,-0.13700745,-0.08858878,-0.15258627,-0.19008024,-0.1525981,-0.2004665,-0.11139822,-0.1388583,-0.13027036,-0.1074974,-0.15152657,-0.15249628,-0.1555494,-0.10065024,-0.08152827,-0.09427856,-0.15254848,-0.11960925,-0.15027548,-0.16982608,-0.1185138,-0.15256569,-0.15588039,-0.17738779,-0.15176103,-0.1526011,-0.25953975,-0.17989698,-0.13525523,-0.15259817,-0.15095688,-0.17780018,-0.2009549,-0.15257545,-0.09015879,-0.1522894,-0.12151222,-0.121854745,-0.13997786,-0.21433522,-0.13908121,-0.16057305,-0.15252286,-0.07092635,-0.15193424,-0.15505558,-0.18733518,-0.15232119,-0.1280697,-0.12334781,-0.14100276,-0.15255533,-0.114095174,-0.25318068,-0.26654312,-0.12731233,-0.10945694,-0.15254612,-0.09238048,-0.20963459,-0.15259841,-0.1557942,-0.12757373,-0.15252239,-0.16015086,-0.1553517,-0.15260297,-0.19704957,-0.20616047,-0.12703767,-0.10460003,-0.11361031,-0.10256614,-0.15259519,-0.19495486,-0.1525692,-0.12750353,-0.15243387,-0.041086134,-0.12967405,-0.1526016,-0.2300741,-0.15257865,-0.10384405,-0.15109673,-0.0784167,-0.15245149,-0.12766197,-0.1524733,-0.121451,-0.075820275,-0.09192432,-0.101488546,-0.15232262,-0.15578793,-0.12378413,-0.15243272,-0.1410757,-0.13984437,-0.18093297,-0.15260425,-0.25777104,-0.12844054,-0.1525074,9.291797,6.7343016,-0.15257365,-0.15588261,-0.15588433,-0.1558855,4.191124,-0.25103784,-0.20219928,-0.19465852,-0.24831252,-0.20506537,-0.22091979,-0.15258816,-0.1277794,-0.11956477,-0.15258351,-0.15587875,-0.20931396,-0.18224281,-0.15257359,-0.32474133,-0.15260229,-0.15588827,-0.15588713,-0.15588674,-0.2185038,-0.15257269,-0.114121355,-0.15257624,-0.15587206,-0.15587896,-0.22984435,-0.15259577,-0.15585983,-0.08963354,-0.15248945,-0.15583755,-0.15585536,-0.15585726,-0.13302092,-0.1051107,-0.14014931,-0.15141064,-0.15839578,-0.15615125,-0.14613561,-0.15259206,-0.12319561,-0.12814327,-0.15255405,-0.15588808,-0.15588759,-0.1558876,-0.15588813,-0.38518023,-0.11451449,-0.15256226,-0.15564899,-0.14443555,-0.16636807,-0.15259737,-0.15580559,-0.12993515,-0.047159404,-0.14635867,-0.14016809,-0.14106366,-0.15244737,-0.19987361,-0.1649412,-0.17166539,-0.15257457,-0.1558449,-0.12722544,-0.14610182,-0.2588673,-0.12794663,-0.15247154,-0.09132757,-0.12832497,-0.13684332,-0.16221203,-0.15659244,-0.12736885,-0.15233466,-0.15579061,-0.15584105,-0.15587576,-0.15740095,-0.19795567,-0.15106063,-0.07294749,-0.2039893,-0.15256283,-0.15583983,-0.104459345,-0.15220547,-0.17466888,-0.13176009,-0.15257093,-0.15109587,-0.10913184,-0.1524004,-0.05825615,-0.14326635,-0.17082691,-0.15250704,-0.18883844,-0.15260342,-0.31316653,-0.15259303,-0.16808087,-0.14331596,-0.15259549,-0.15588447,-0.25088155,-0.1526038,-0.22115314,-0.07562123,-0.086852394,-0.10702289,-0.060967896,-0.14560923,-0.16796505,-0.15746465,-0.22133875,-0.12812386,-0.0969081,-0.16398169,-0.12716047,-0.11335766,-0.18846886,-0.12813687,-0.17755464,-0.0994983,-0.115196005,-0.15250841,-0.11662802,-0.19749595,-0.14526704,-0.12781724,-0.096878245,-0.15250935,-0.15568334,-0.12434345,-0.11230643,-0.063823454,-0.15243599,-0.11419349,-0.10007019,-0.24483351,-0.15260437,-0.15587546,-0.16344379,-0.1759062,-0.12524253,-0.1525892,-0.0782174,-0.19187105,-0.18185812,-0.09859173,-0.11065883,-0.15225239,-0.15555221,-0.083404,-0.1213824,-0.13072303,-0.13855581,-0.19385117,-0.15256539,-0.15588129,-0.19487974,-0.23847799,-0.2432746,-0.12779619,-0.15239137,-0.1558513,-0.14520228,-0.2961179,-0.1526036,-0.19813283,-0.12804158,-0.15253681,-0.060104962,-0.15931924,-0.15260172,-0.2028091,-0.2868003,-0.11816878,-0.14795661,-0.10060286,-0.15243924,-0.13614628,-0.20725825,-0.17393659,-0.125103,-0.15657571,-0.15690626,-0.15260029,-0.1558838,-0.16221246,-0.22200036,-0.12820989,-0.2814266,-0.15260479,-0.1915083,-0.24371436,-0.16952515,-0.1525115,-0.13369927,-0.12557748,-0.15259698,-0.18106565,-0.15260452,-0.18642783,-0.15254427,-0.30462334,-0.15248755,-0.14691104,-0.13029914,-0.15259102,-0.155871,-0.18915205,-0.1281294,-0.15259628,-0.10481856,-0.1650517,-0.15259388,-0.1558859,-0.15585425,-0.12770371,-0.1524954,-0.1558502,-0.15584098,-0.15585287,-0.15586162,-0.16505513,-0.17392421,-0.15258917,-0.15587845,-0.15586783,-0.15587898,-0.2025511,-0.15354379,-0.14723541,-0.15153877,-0.11499533,-0.10471026,-0.11893196,-0.15259302,-0.15580225,-0.12808862,-0.19501048,-0.15260115,-0.18738703,-0.11705899,-0.17429145,-0.1525906,-0.06652963,-0.15233788,-0.10737923,-0.124497145,-0.15298569,-0.052188452,-0.26007295
k__Bacteria|p__Bacteroidetes|c__Bacteroidia|o__Bacteroidales|f__Prevotellaceae|g__Prevotella|s__Prevotella_melaninogenica,-0.1004395,-0.12316422,-0.15021762,-0.15345319,-0.15345341,-0.23867357,-0.1666669,-0.16813041,-0.10929718,-0.22895765,-0.23728925,-0.15022162,-0.22850217,-0.3768707,-0.08556121,-0.14988792,-0.058144663,-0.14978093,-0.15340182,-0.19931981,-0.1978925,-0.12603104,-0.15019244,-0.12711628,-0.20043859,-0.11658599,-0.182019,-0.25032333,-0.1509206,-0.15019643,-0.15142563,-0.10844302,-0.18249588,-0.28454733,-0.1502105,-0.12618726,-0.15021962,-0.22338755,-0.15022191,-0.29867563,-0.15022196,-0.29356226,-0.12561761,-0.15009925,0.6728248,-0.15021735,1.5189499,-0.24781659,-0.1296162,-0.12619208,-0.24679694,-0.18279888,-0.25087595,-0.26027086,-0.28621647,-0.27511892,-0.11894142,-0.15015012,-0.040142577,-0.056944285,-0.14962232,-0.11274739,-0.13743341,-0.12609652,-0.15020391,-0.15344954,-0.15345322,-0.15345375,-0.27573854,-0.15018876,-0.12609816,-0.16243835,-0.12334165,-0.14074792,-0.15019375,-0.15887658,-0.14481027,-0.12617423,-0.18691605,-0.14998752,-0.15021197,-0.1534357,-0.15344495,-0.15338957,-0.120334074,-0.13700745,-0.08858878,-0.15020707,-0.19008024,-0.15021628,2.3537042,-0.11139822,-0.1388583,-0.13027036,2.4612813,-0.15152657,-0.15013692,-0.15319307,-0.10065024,-0.08152827,-0.09427856,-0.15017764,2.0309756,-0.15027548,-0.16982608,0.7728608,-0.1501913,-0.1534482,-0.17738779,7.5194154,-0.15021864,-0.25953975,-0.17989698,-0.13525523,-0.15021634,-0.15095688,2.8252523,4.0758004,-0.15019903,-0.09015879,-0.14997518,-0.12151222,-0.121854745,-0.13997786,-0.21433522,-0.13908121,-0.16057305,-0.15015769,-0.07092635,-0.1497014,-0.15281217,-0.18733518,-0.1500046,-0.12608543,-0.12334781,-0.14100276,-0.15018305,-0.114095174,-0.25318068,-0.26654312,-0.12546548,-0.10945694,-0.1501758,-0.09238048,-0.20963459,-0.15021652,-0.15338328,-0.12568606,-0.15015785,-0.16015086,-0.1553517,-0.1502201,-0.19704957,-0.20616047,-0.12521504,-0.10460003,-0.11361031,-0.10256614,-0.15021402,-0.19495486,-0.15019411,-0.12562045,-0.15008867,-0.041086134,-0.12967405,-0.15021905,-0.2300741,-0.15020153,-0.10384405,-0.14905775,-0.0784167,-0.15010291,-0.12766197,-0.15011922,-0.121451,-0.075820275,-0.09192432,-0.101488546,-0.15000114,-0.15337609,-0.12378413,-0.15008843,-0.1410757,1.9621239,-0.18093297,-0.15022108,-0.25777104,-0.12844054,-0.15014589,-0.13462572,-0.119081676,-0.1501972,-0.15344991,-0.15345126,-0.15345219,-0.19755594,-0.25103784,-0.20219928,-0.19465852,-0.24831252,-0.20506537,-0.22091979,-0.15020873,-0.12585253,-0.11956477,-0.15020496,-0.15344693,-0.20931396,-0.18224281,-0.15019748,-0.32474133,-0.15021956,-0.15345433,-0.15345344,-0.15345314,-0.2185038,-0.15019669,-0.114121355,-0.15019947,-0.15344185,-0.1534471,-0.22984435,-0.15021445,-0.15343234,-0.08963354,-0.15013188,-0.1534147,-0.15342882,-0.15343009,-0.13302092,-0.1051107,-0.14014931,-0.15141064,-0.15839578,-0.15615125,-0.14613561,-0.15021154,-0.12319561,-0.12615182,-0.15018228,-0.15345418,-0.1534538,-0.15345381,-0.15345421,-0.38518023,-0.11451449,-0.15018846,-0.15564899,-0.14443555,-0.16636807,-0.15021574,-0.15339105,-0.12993515,-0.047159404,-0.14540946,-0.14016809,-0.14106366,-0.15009935,-0.19987361,-0.1649412,-0.17166539,-0.15019795,-0.15342036,-0.12722544,-0.14610182,-0.2588673,-0.12598932,-0.15011749,-0.09132757,-0.12832497,-0.13684332,-0.16221203,-0.15659244,-0.1255177,-0.15001175,-0.1533782,-0.15341756,-0.15344457,0.67930436,-0.19795567,-0.15106063,-0.07294749,2.6596832,-0.15018897,-0.15341647,-0.104459345,-0.14989622,-0.17466888,-0.13176009,-0.15019505,4.929837,1.3931941,-0.15006256,-0.05825615,-0.14326635,-0.17082691,-0.15014562,-0.18883844,-0.15022042,-0.31316653,-0.1502125,-0.16808087,-0.14331596,-0.15021425,-0.15345141,-0.25088155,-0.15022075,-0.22115314,-0.07562123,-0.086852394,-0.10702289,-0.060967896,-0.14481741,-0.16796505,-0.15746465,-0.22133875,-0.12812386,-0.0969081,-0.16398169,-0.12716047,-0.11335766,-0.18846886,-0.1261462,-0.17755464,-0.0994983,-0.115196005,-0.15014663,-0.11662802,-0.19749595,-0.14526704,-0.12781724,-0.096878245,-0.15014686,-0.15329462,-0.12434345,-0.11230643,-0.063823454,-0.15009013,-0.11419349,-0.10007019,1.1067647,-0.15022117,-0.1534446,-0.16344379,-0.1759062,-0.12524253,-0.15020935,-0.0782174,-0.19187105,-0.18185812,-0.09859173,-0.11065883,-0.14994697,-0.15319283,-0.083404,-0.1213824,-0.13072303,-0.13855581,-0.19385117,-0.15019102,-0.15344888,-0.19487974,-0.23847799,-0.2432746,-0.12587968,-0.15005538,-0.1534257,-0.14520228,-0.2961179,-0.15022057,-0.19813283,-0.12606727,-0.15016876,-0.060104962,-0.15931924,-0.15021914,-0.2028091,-0.2868003,-0.11816878,-0.14795661,-0.10060286,-0.15009308,-0.13614628,-0.20725825,-0.17393659,-0.125103,-0.15657571,-0.15690626,-0.15021801,-0.15345085,-0.16221246,-0.22200036,-0.12620436,-0.2814266,-0.15022151,-0.1915083,-0.24371436,-0.16952515,-0.15015009,-0.13369927,-0.12557748,-0.15021548,-0.18106565,-0.1502213,-0.18642783,-0.150175,-0.30462334,-0.15013082,-0.14691104,-0.13029914,-0.15021081,-0.15344088,-0.18915205,-0.12613994,-0.15021488,-0.10481856,-0.1650517,-0.15021305,-0.15345249,-0.1534286,-0.12581116,-0.1501362,-0.1534249,-0.15341753,-0.15342689,-0.1534336,-0.16505513,-0.17392421,-0.1502094,-0.15344664,-0.15343843,-0.15344709,-0.2025511,-0.15354379,-0.14723541,-0.14939868,-0.11499533,-0.10471026,-0.11893196,-0.15021238,-0.15338892,-0.12610756,-0.19501048,-0.1502187,-0.18738703,-0.11705899,-0.17429145,-0.1502108,-0.06652963,-0.15001355,-0.10737923,-0.124497145,-0.15298569,-0.052188452,-0.26007295
k__Bacteria|p__Bacteroidetes|c__Bacteroidia|o__Bacteroidales|f__Bacteroidaceae|g__Bacteroides|s__Bacteroides_caccae,-0.1004395,-0.12316422,-0.14649606,-0.14959273,-0.14959303,-0.23867357,-0.1666669,-0.16813041,-0.10929718,3.4803808,2.932682,-0.14650077,-0.22850217,4.6768894,-0.08556121,-0.14610596,-0.058144663,-0.14596674,-0.14953175,-0.19931981,-0.1978925,-0.12331565,-0.14646585,-0.12711628,-0.20043859,1.7034883,8.125084,7.578419,-0.1509206,-0.14647114,-0.15142563,-0.10844302,-0.18249588,-0.28454733,-0.14648816,-0.123496935,-0.14649838,-0.22338755,-0.14650112,-0.29867563,-0.14650118,3.4853451,-0.122834064,-0.14635749,-0.13691942,-0.14649564,-0.23188588,-0.24781659,-0.1296162,-0.123502985,1.1211354,-0.18279888,3.5559986,3.0734465,3.8214884,-0.27511892,-0.11894142,-0.14641535,-0.040142577,-0.056944285,-0.14579237,-0.11274739,-0.13743341,-0.12339249,-0.14647998,-0.14958836,-0.14959282,-0.14959343,-0.27573854,-0.1464635,-0.123394154,-0.16243835,-0.12334165,-0.14074792,-0.14646734,-0.15887658,-0.14481027,-0.123481914,-0.18691605,-0.14998752,-0.14648923,-0.14957187,-0.1495831,-0.14952312,-0.120334074,-0.13700745,-0.08858878,-0.14648333,-0.19008024,-0.14649439,-0.2004665,-0.11139822,-0.1388583,-0.13027036,-0.1074974,-0.15152657,-0.14639905,-0.14931434,-0.10065024,-0.08152827,-0.09427856,-0.14644794,-0.11960925,-0.15027548,-0.16982608,-0.1185138,-0.14646506,-0.14958681,-0.17738779,-0.15176103,-0.14649723,-0.25953975,-0.17989698,-0.13525523,-0.14649443,-0.15095688,-0.17780018,-0.2009549,-0.14647599,-0.09015879,-0.14620367,-0.12151222,-0.121854745,-0.13997786,-0.21433522,-0.13908121,-0.16057305,-0.14642388,-0.07092635,-0.14588267,-0.14884722,-0.18733518,-0.14625403,-0.12338218,-0.12334781,-0.14100276,-0.14645451,-0.114095174,-0.25318068,-0.26654312,-0.12267235,-0.10945694,-0.14644563,-0.09238048,-0.20963459,-0.14649464,-0.14951484,-0.12292576,-0.14642534,-0.16015086,-0.1553517,-0.14649898,-0.19704957,-0.20616047,-0.12237648,-0.10460003,-0.11361031,-0.10256614,-0.14649157,-0.19495486,-0.14646918,-0.12285202,-0.14634103,-0.041086134,-0.12967405,-0.1464978,-0.2300741,-0.14647779,-0.10384405,-0.14512067,-0.0784167,-0.1463596,-0.12766197,-0.14637804,-0.121451,-0.075820275,-0.09192432,-0.101488546,-0.1462371,-0.14949986,-0.12378413,-0.14635685,-0.1410757,-0.13984437,-0.18093297,-0.14650014,-0.25777104,-0.12844054,-0.14641464,-0.13462572,-0.119081676,-0.14647117,-0.14958885,-0.14959046,-0.14959155,-0.19755594,-0.25103784,-0.20219928,-0.19465852,-0.24831252,-0.20506537,-0.22091979,-0.14648595,-0.12311928,-0.11956477,-0.14648066,-0.14958534,-0.20931396,-0.18224281,-0.14647323,-0.32474133,-0.14649826,-0.14959411,-0.14959306,-0.14959268,3.3725238,-0.14647254,-0.114121355,-0.14647481,-0.14957976,-0.14958555,-0.22984435,-0.14649212,-0.14956936,-0.08963354,-0.1463942,-0.14954606,-0.14956398,-0.14956465,-0.13302092,-0.1051107,-0.14014931,-0.15141064,-0.15839578,-0.15615125,-0.14613561,-0.14648852,-0.12319561,-0.123455405,-0.14645468,-0.14959395,-0.1495935,-0.1495935,-0.14959398,-0.38518023,-0.11451449,-0.14646126,-0.15564899,-0.14443555,-0.16636807,-0.14649388,-0.14952207,-0.12993515,-0.047159404,-0.14088462,-0.14016809,-0.14106366,-0.14635526,-0.19987361,-0.1649412,-0.17166539,-0.14647235,-0.14955264,-0.12722544,-0.14610182,-0.2588673,-0.123271585,-0.146376,-0.09132757,-0.12832497,-0.13684332,-0.16221203,-0.15659244,-0.12273085,-0.14625287,-0.14950293,-0.1495499,-0.14958243,-0.15740095,-0.19795567,-0.15106063,-0.07294749,5.130134,-0.14646223,-0.14954808,-0.104459345,-0.14616662,-0.17466888,-0.13176009,-0.1464684,-0.15109587,-0.10913184,-0.14631203,-0.05825615,-0.14326635,-0.17082691,-0.1464105,-0.18883844,-0.1464994,-0.31316653,-0.1464904,-0.16808087,-0.14331596,-0.14649197,-0.1495907,-0.25088155,-0.14649975,-0.22115314,-0.07562123,-0.086852394,-0.10702289,-0.060967896,-0.14017126,-0.16796505,-0.15746465,-0.22133875,-0.12812386,-0.0969081,-0.16398169,-0.12716047,-0.11335766,-0.18846886,-0.12344921,-0.17755464,-0.0994983,-0.115196005,-0.14641142,-0.11662802,-0.19749595,-0.14526704,-0.12781724,-0.096878245,-0.14641021,-0.14940277,-0.12434345,-0.11230643,-0.063823454,-0.14634377,-0.11419349,-0.10007019,-0.24483351,-0.14650024,-0.14958322,6.2608933,1.9748336,-0.12524253,-0.14648598,7.2333636,2.6010067,-0.18185812,-0.09859173,-0.11065883,-0.14617074,-0.14928111,-0.083404,-0.1213824,-0.13072303,-0.13855581,-0.19385117,-0.14646477,-0.1495876,-0.19487974,-0.23847799,-0.2432746,-0.123131484,-0.14630197,-0.14956018,-0.14520228,-0.2961179,-0.14649951,-0.19813283,-0.12335897,-0.14643827,-0.060104962,-0.15931924,-0.14649788,-0.2028091,-0.2868003,-0.11816878,-0.14795661,-0.10060286,-0.14634874,-0.13614628,-0.20725825,-0.17393659,-0.125103,-0.15657571,-0.15690626,-0.1464965,-0.14958994,-0.16221246,-0.22200036,-0.1235176,-0.2814266,-0.14650065,-0.1915083,-0.24371436,-0.16952515,-0.14642105,-0.13369927,-0.12557748,-0.1464935,-0.18106565,-0.14650041,-0.18642783,-0.1464482,-0.30462334,-0.14639404,-0.14691104,-0.13029914,-0.14648789,-0.14957792,-0.18915205,-0.123441294,-0.1464927,-0.10481856,-0.1650517,-0.14649074,-0.14959192,-0.14956549,-0.12305947,-0.1463981,-0.14955953,-0.14955038,-0.1495618,-0.14956932,-0.16505513,-0.17392421,-0.14648634,-0.1495849,-0.1495752,-0.1495854,-0.2025511,-0.15354379,-0.14723541,-0.14554071,-0.11499533,-0.10471026,-0.11893196,-0.14648977,-0.14952058,-0.123402074,-0.19501048,-0.1464974,-0.18738703,-0.11705899,-0.17429145,-0.14648882,-0.06652963,-0.14625166,-0.10737923,-0.124497145,-0.15298569,-0.052188452,-0.26007295
k__Bacteria|p__Bacteroidetes|c__Bacteroidia|o__Bacteroidales|f__Bacteroidaceae|g__Phocaeicola|s__Phocaeicola_dorei,-0.1004395,-0.12316422,-0.14610744,-0.14927545,-0.14927557,-0.23867357,-0.1666669,0.8772048,-0.10929718,5.2103944,2.0100527,-0.1461093,-0.22850217,5.431835,-0.08556121,-0.14591411,-0.058144663,-0.14588954,-0.14925036,-0.19931981,-0.1978925,-0.12247653,-0.14609513,-0.12711628,-0.20043859,-0.11658599,-0.182019,-0.25032333,-0.1509206,-0.14609754,-0.15142563,-0.10844302,-0.18249588,-0.28454733,-0.14610377,-0.12257534,-0.14610837,-0.22338755,-0.14610943,-0.29867563,-0.14610948,-0.29356226,-0.122196406,-0.14605114,-0.13691942,-0.14610729,-0.23188588,-0.24781659,-0.1296162,-0.12257874,-0.24679694,-0.18279888,1.6372046,3.7111166,4.266513,-0.27511892,-0.11894142,-0.14607373,-0.040142577,-0.056944285,-0.14583388,-0.11274739,-0.13743341,-0.12251893,-0.14610104,-0.1492737,-0.14927548,-0.14927572,-0.27573854,-0.14609073,-0.12252273,-0.16243835,-0.12334165,-0.14074792,-0.14609624,-0.15887658,-0.14481027,-0.12256756,-0.18691605,-0.14998752,-0.14610466,-0.1492672,-0.1492716,-0.14923982,-0.120334074,-0.13700745,-0.08858878,-0.14610237,-0.19008024,-0.1461068,-0.2004665,-0.11139822,-0.1388583,-0.13027036,-0.1074974,-0.15152657,-0.1460689,-0.14909685,-0.10065024,-0.08152827,-0.09427856,-0.14608791,-0.11960925,-0.15027548,-0.16982608,-0.1185138,-0.14609486,-0.14927308,-0.17738779,-0.15176103,-0.14610794,-0.25953975,-0.17989698,-0.13525523,-0.14610681,-0.15095688,-0.17780018,-0.2009549,-0.14609754,-0.09015879,-0.14598921,-0.12151222,-0.121854745,-0.13997786,-0.21433522,-0.13908121,-0.16057305,-0.14607807,-0.07092635,-0.145847,-0.1489843,-0.18733518,-0.14600666,-0.12249925,-0.12334781,-0.14100276,-0.1460909,-0.114095174,-0.25318068,-0.26654312,-0.12201786,-0.10945694,-0.14608726,-0.09238048,-0.20963459,-0.1461069,-0.14923993,-0.12221312,-0.14607736,-0.16015086,-0.1553517,-0.1461086,-0.19704957,-0.20616047,-0.12180631,-0.10460003,-0.11361031,-0.10256614,-0.1461057,-0.19495486,-0.14609513,-0.12211047,-0.14604339,-0.041086134,-0.12967405,-0.14610815,-0.2300741,-0.1460992,-0.10384405,-0.14548932,-0.0784167,-0.14604892,-0.12766197,-0.14605951,-0.121451,-0.075820275,-0.09192432,-0.101488546,-0.14600049,-0.14923787,7.2978973,-0.14602207,-0.1410757,-0.13984437,-0.18093297,-0.14610907,-0.25777104,-0.12844054,-0.14606602,-0.13462572,-0.119081676,-0.14609736,-0.14927384,-0.14927453,-0.14927495,-0.19755594,-0.25103784,-0.20219928,-0.19465852,-0.24831252,-0.20506537,-0.22091979,-0.14610308,-0.12233207,-0.11956477,-0.1461013,-0.14927253,-0.20931396,-0.18224281,-0.14609651,-0.32474133,-0.14610833,-0.14927599,-0.14927557,-0.14927542,-0.2185038,-0.14609425,-0.114121355,-0.14609876,-0.14927036,-0.14927252,-0.22984435,-0.14610586,-0.14926174,-0.08963354,-0.14606492,-0.14925674,-0.1492641,-0.14926428,-0.13302092,-0.1051107,-0.14014931,-0.15141064,-0.15839578,-0.15615125,-0.14613561,-0.14610443,-0.12319561,-0.12255703,-0.14609149,-0.14927593,-0.14927575,-0.14927575,-0.14927593,-0.38518023,8.796048,-0.14609382,3.5778863,1.6391852,6.68497,-0.14610665,-0.1492465,-0.12993515,-0.047159404,-0.14392601,-0.14016809,-0.14106366,-0.14605269,-0.19987361,1.4204774,-0.17166539,-0.1460981,-0.14925958,-0.12722544,-0.14610182,-0.2588673,-0.122430295,-0.14605731,-0.09132757,-0.12832497,-0.13684332,-0.16221203,-0.15659244,-0.12198326,-0.14600179,-0.14923884,-0.1492582,-0.14927128,-0.15740095,-0.19795567,-0.15106063,-0.07294749,-0.2039893,-0.1460941,-0.14925706,-0.104459345,-0.1458256,-0.17466888,-0.13176009,-0.14609654,-0.15109587,-0.10913184,-0.1460239,-0.05825615,-0.14326635,-0.17082691,-0.14607379,-0.18883844,-0.14610878,-0.31316653,-0.14610517,-0.16808087,-0.14331596,-0.14610586,-0.14927465,-0.25088155,-0.14610891,-0.22115314,-0.07562123,-0.086852394,-0.10702289,-0.060967896,-0.14365774,-0.16796505,-0.15746465,-0.22133875,-0.12812386,-0.0969081,-0.16398169,-0.12716047,-0.11335766,-0.18846886,-0.12255143,-0.17755464,-0.0994983,-0.115196005,-0.14607371,-0.11662802,4.3912964,-0.14526704,-0.12781724,-0.096878245,-0.14607213,-0.14919725,-0.12434345,-0.11230643,-0.063823454,-0.14604278,-0.11419349,-0.10007019,-0.24483351,-0.1461091,-0.14927122,-0.16344379,-0.1759062,-0.12524253,-0.1461035,-0.0782174,-0.19187105,-0.18185812,-0.09859173,-0.11065883,-0.14597613,-0.1491492,-0.083404,-0.1213824,-0.13072303,-0.13855581,-0.19385117,-0.14609514,-0.1492734,-0.19487974,-0.23847799,-0.2432746,-0.12236199,-0.14602822,-0.14926246,1.860832,7.074103,-0.14610884,-0.19813283,-0.12249361,-0.14608368,-0.060104962,-0.15931924,-0.14610818,-0.2028091,-0.2868003,9.010497,8.646963,-0.10060286,-0.1460484,-0.13614628,-0.20725825,-0.17393659,3.3035474,-0.15657571,-0.15690626,-0.14610761,-0.14927435,-0.16221246,-0.22200036,-0.122585155,-0.2814266,-0.14610927,-0.1915083,-0.24371436,-0.16952515,-0.14606911,-0.13369927,-0.12557748,-0.14610645,-0.18106565,-0.14610916,-0.18642783,-0.14608571,-0.30462334,-0.14606792,-0.14691104,-0.13029914,-0.14610425,-0.14926955,-0.18915205,-0.122548,-0.14610603,-0.10481856,-0.1650517,-0.1461054,-0.14927514,-0.14926276,-0.12229292,-0.146068,-0.14926225,-0.1492583,-0.14926304,-0.14926538,-0.16505513,7.25799,-0.14610362,-0.14927235,-0.1492686,-0.14927256,0.88483757,-0.15354379,-0.14723541,-0.145738,-0.11499533,-0.10471026,-0.11893196,-0.14610493,-0.14924195,-0.12252902,-0.19501048,-0.14610799,-0.18738703,-0.11705899,-0.17429145,-0.1461032,-0.06652963,-0.14600241,-0.10737923,-0.124497145,-0.15298569,-0.052188452,-0.26007295
k__Bacteria|p__Bacteroidetes|c__Bacteroidia|o__Bacteroidales|f__Prevotellaceae|g__Prevotella|s__Prevotella_copri_clade_A,-0.1004395,-0.12316422,-0.14998393,-0.15325385,-0.15325412,-0.23867357,-0.1666669,-0.16813041,-0.10929718,-0.22895765,-0.23728925,-0.14998858,-0.22850217,-0.3768707,-0.08556121,-0.14959657,-0.058144663,-0.14946803,-0.1531938,-0.19931981,-0.1978925,-0.12551717,-0.14995438,-0.12711628,-0.20043859,-0.11658599,-0.182019,-0.25032333,-0.1509206,-0.1499593,-0.15142563,-0.10844302,-0.18249588,-0.28454733,-0.14997593,-0.1256984,-0.14998625,-0.22338755,-0.14998892,-0.29867563,-0.14998898,-0.29356226,-0.12503614,-0.1498465,-0.13691942,-0.14998358,-0.23188588,-0.24781659,-0.1296162,-0.12570427,-0.24679694,3.952813,7.69953,7.4600677,6.9585624,3.6009731,-0.11894142,-0.14990486,-0.040142577,-0.056944285,-0.14928922,-0.11274739,-0.13743341,-0.12559362,-0.149968,-0.15324958,-0.15325391,-0.15325452,-0.27573854,-0.14995074,-0.12559544,-0.16243835,-0.12334165,-0.14074792,-0.14995587,-0.15887658,-0.14481027,-0.12568368,-0.18691605,-0.14998752,-0.14997728,-0.15323338,-0.15324429,-0.15318151,-0.120334074,-0.13700745,-0.08858878,-0.14997154,-0.19008024,-0.14998233,-0.2004665,-0.11139822,-0.1388583,-0.13027036,-0.1074974,-0.15152657,-0.14988911,-0.15295655,-0.10065024,-0.08152827,-0.09427856,-0.14993693,-0.11960925,-0.15027548,-0.16982608,-0.1185138,-0.14995326,-0.15324801,-0.17738779,-0.15176103,-0.1499851,-0.25953975,-0.17989698,-0.13525523,-0.1499824,-0.15095688,-0.17780018,-0.2009549,-0.14996302,-0.09015879,-0.1496986,-0.12151222,-0.121854745,-0.13997786,-0.21433522,-0.13908121,-0.16057305,-0.14991343,-0.07092635,-0.14937848,-0.15251064,-0.18733518,-0.14973845,-0.12558334,-0.12334781,-0.14100276,-0.14994332,-0.114095174,-0.25318068,-0.26654312,-0.12485571,-0.10945694,-0.14993474,-0.09238048,-0.20963459,-0.1499826,-0.1531739,-0.12511358,-0.14991406,-0.16015086,-0.1553517,-0.14998682,-0.19704957,-0.20616047,-0.12457673,-0.10460003,-0.11361031,-0.10256614,-0.14997962,-0.19495486,-0.14995678,-0.12503847,-0.14983204,-0.041086134,-0.12967405,-0.14998563,-0.2300741,-0.14996547,-0.10384405,-0.1486212,-0.0784167,-0.14984952,-0.12766197,-0.14986835,-0.121451,-0.075820275,-0.09192432,-0.101488546,-0.14973016,-0.15316316,-0.12378413,-0.14983709,-0.1410757,-0.13984437,-0.18093297,-0.14998797,-0.25777104,-0.12844054,-0.14990142,-0.13462572,-0.119081676,-0.14995977,-0.15325004,-0.15325159,-0.15325268,-0.19755594,-0.25103784,-0.20219928,-0.19465852,-0.24831252,-0.20506537,-0.22091979,-0.14997372,-0.12530868,-0.11956477,-0.14996898,-0.15324655,-0.20931396,-0.18224281,-0.14996079,2.984947,-0.14998615,-0.1532552,-0.15325415,-0.1532538,-0.2185038,-0.14996012,-0.114121355,-0.14996286,-0.1532408,-0.15324676,-0.22984435,-0.14998016,-0.15323028,-0.08963354,-0.14988378,-0.15320846,-0.15322545,-0.15322658,-0.13302092,-0.1051107,-0.14014931,-0.15141064,-0.15839578,-0.15615125,-0.14613561,-0.1499767,-0.12319561,-0.1256572,-0.14994287,-0.15325503,-0.15325458,-0.15325458,-0.15325508,-0.38518023,-0.11451449,-0.14994977,-0.15564899,-0.14443555,-0.16636807,-0.14998177,-0.15318246,-0.12993515,-0.047159404,-0.1443977,-0.14016809,-0.14106366,-0.14984551,-0.19987361,-0.1649412,-0.17166539,-0.1499608,-0.15321502,-0.12722544,-0.14610182,-0.2588673,-0.12546776,-0.14986636,-0.09132757,-0.12832497,-0.13684332,-0.16221203,-0.15659244,-0.124910235,-0.14974378,-0.15316592,-0.15321198,-0.15324375,-0.15740095,-0.19795567,-0.15106063,-0.07294749,-0.2039893,-0.14995053,-0.15321049,-0.104459345,-0.1496205,-0.17466888,-0.13176009,-0.14995721,-0.15109587,-0.10913184,-0.14980245,-0.05825615,-0.14326635,-0.17082691,-0.14989975,-0.18883844,-0.14998722,-0.31316653,-0.1499781,-0.16808087,-0.14331596,-0.14997998,-0.1532518,-0.25088155,-0.14998758,-0.22115314,-0.07562123,-0.086852394,-0.10702289,-0.060967896,-0.14370629,-0.16796505,-0.15746465,-0.22133875,-0.12812386,-0.0969081,-0.16398169,-0.12716047,-0.11335766,-0.18846886,-0.12565055,-0.17755464,-0.0994983,-0.115196005,-0.1499008,-0.11662802,-0.19749595,-0.14526704,-0.12781724,-0.096878245,-0.14990053,-0.15306774,-0.12434345,-0.11230643,-0.063823454,-0.1498344,-0.11419349,-0.10007019,-0.24483351,-0.14998807,-0.15324411,-0.16344379,-0.1759062,-0.12524253,-0.14997415,-0.0782174,-0.19187105,-0.18185812,-0.09859173,-0.11065883,-0.1496656,-0.15294822,-0.083404,-0.1213824,-0.13072303,-0.13855581,-0.19385117,-0.14995298,-0.15324882,-0.19487974,-0.23847799,-0.2432746,-0.12533155,-0.1497936,-0.15322173,-0.14520228,-0.2961179,-0.14998737,-0.19813283,-0.12555984,-0.14992692,-0.060104962,-0.15931924,-0.1499857,-0.2028091,-0.2868003,-0.11816878,-0.14795661,-0.10060286,-0.14983861,-0.13614628,-0.20725825,-0.17393659,-0.125103,-0.15657571,-0.15690626,-0.14998437,-0.15325111,-0.16221246,-0.22200036,-0.1257186,-0.2814266,-0.14998847,-0.1915083,-0.24371436,-0.16952515,-0.149907,-0.13369927,-0.12557748,-0.14998141,-0.18106565,-0.14998823,-0.18642783,-0.14993528,-0.30462334,-0.14988291,-0.14691104,-0.13029914,-0.14997593,-0.15323937,-0.18915205,-0.1256434,-0.1499807,-0.10481856,-0.1650517,-0.14997864,-0.15325303,-0.15322584,-0.12524694,-0.14988822,-0.15322095,-0.1532122,-0.15322325,-0.1532309,-0.16505513,-0.17392421,-0.14997435,-0.1532462,-0.15323661,-0.15324667,-0.2025511,-0.15354379,-0.14723541,-0.14903359,-0.11499533,-0.10471026,-0.11893196,-0.14997777,-0.15318008,-0.12560467,3.9832835,-0.14998522,6.037007,2.0637484,6.883197,-0.14997631,-0.06652963,-0.14974406,-0.10737923,-0.124497145,-0.15298569,-0.052188452,-0.26007295
k__Bacteria|p__Bacteroidetes|c__Bacteroidia|o__Bacteroidales|f__Bacteroidaceae|g__Bacteroides|s__Bacteroides_ovatus,-0.1004395,-0.12316422,-0.14622137,-0.14933611,-0.14933637,-0.23867357,-0.1666669,-0.16813041,-0.10929718,-0.22895765,-0.23728925,-0.146226,-0.22850217,-0.3768707,-0.08556121,-0.14584008,-0.058144663,-0.14571112,-0.14927635,-0.19931981,-0.1978925,-0.12291118,-0.14619201,-0.12711628,-0.20043859,-0.11658599,-0.182019,-0.25032333,-0.1509206,-0.14619675,-0.15142563,-0.10844302,-0.18249588,-0.28454733,-0.14621335,-0.12308876,-0.14622368,-0.22338755,-0.14622635,-0.29867563,-0.1462264,-0.29356226,-0.122438066,-0.1460841,-0.13691942,-0.14622104,-0.23188588,-0.24781659,-0.1296162,-0.12309441,-0.24679694,-0.18279888,-0.25087595,-0.26027086,-0.28621647,-0.27511892,-0.11894142,-0.14614283,-0.040142577,-0.056944285,-0.14552785,-0.11274739,-0.13743341,-0.12298578,-0.14620543,-0.14933185,-0.14933616,-0.14933679,-0.27573854,-0.14618856,-0.122987255,5.902174,-0.12334165,5.0878453,-0.14619344,7.032249,4.0757546,-0.12307422,-0.18691605,-0.14998752,-0.14621478,-0.14931573,-0.14932656,-0.14926463,-0.120334074,-0.13700745,-0.08858878,-0.14620905,-0.19008024,-0.14621979,-0.2004665,-0.11139822,-0.1388583,-0.13027036,-0.1074974,-0.15152657,-0.14612713,-0.14905047,-0.10065024,-0.08152827,-0.09427856,-0.14617473,-0.11960925,-0.15027548,-0.16982608,-0.1185138,-0.14619079,-0.14933032,-0.17738779,-0.15176103,-0.14622253,-0.25953975,-0.17989698,-0.13525523,-0.14621985,-0.15095688,-0.17780018,-0.2009549,-0.14620048,-0.09015879,-0.14593834,-0.12151222,-0.121854745,-0.13997786,-0.21433522,-0.13908121,-0.16057305,-0.1461514,-0.07092635,-0.14562109,-0.14859204,-0.18733518,-0.14597595,-0.12297567,-0.12334781,-0.14100276,-0.146181,-0.114095174,-0.25318068,-0.26654312,-0.122272015,-0.10945694,-0.1461725,-0.09238048,-0.20963459,-0.14622006,-0.14925626,-0.12252153,-0.14615193,-0.16015086,-0.1553517,-0.14622425,-0.19704957,-0.20616047,-0.12198843,-0.10460003,-0.11361031,-0.10256614,-0.14621712,-0.19495486,-0.14619449,-0.12244727,-0.14607093,-0.041086134,-0.12967405,-0.14622304,-0.2300741,-0.146203,-0.10384405,-0.14487615,-0.0784167,-0.14608796,-0.12766197,-0.14610656,-0.121451,-0.075820275,-0.09192432,-0.101488546,-0.14596942,-0.14924613,-0.12378413,-0.14607851,-0.1410757,-0.13984437,-0.18093297,-0.1462254,-0.25777104,-0.12844054,-0.14613993,-0.13462572,-0.119081676,-0.14619744,-0.14933231,-0.14933386,-0.14933494,-0.19755594,5.4808817,-0.20219928,3.6046796,5.3519187,6.1063337,2.7128396,-0.14621118,-0.12271152,-0.11956477,-0.14620653,-0.14932883,-0.20931396,-0.18224281,-0.14619839,-0.32474133,-0.1462236,-0.14933746,-0.14933641,-0.14933607,-0.2185038,-0.14619775,-0.114121355,-0.1462003,-0.14932302,-0.14932907,-0.22984435,-0.14621766,-0.14931267,-0.08963354,-0.14612173,-0.1492911,-0.14930776,-0.14930907,-0.13302092,-0.1051107,-0.14014931,-0.15141064,-0.15839578,-0.15615125,-0.14613561,-0.14621422,-0.12319561,-0.12304792,-0.14618027,-0.14933729,-0.14933684,-0.14933684,-0.14933732,-0.38518023,4.267739,-0.14618737,3.0238616,0.99976826,4.3143034,-0.1462192,-0.14926454,-0.12993515,-0.047159404,-0.14063358,-0.14016809,-0.14106366,-0.14608338,-0.19987361,-0.1649412,-0.17166539,-0.14619839,-0.14929764,-0.12722544,-0.14610182,-0.2588673,-0.12286564,-0.14610475,-0.09132757,-0.12832497,-0.13684332,-0.16221203,-0.15659244,-0.12232535,-0.14598265,-0.14924872,-0.14929454,-0.14932609,-0.15740095,-0.19795567,-0.15106063,-0.07294749,-0.2039893,-0.14618802,-0.14929317,-0.104459345,-0.14587876,-0.17466888,-0.13176009,-0.14619489,-0.15109587,-0.10913184,-0.14604142,-0.05825615,-0.14326635,-0.17082691,-0.14613742,-0.18883844,-0.14622465,-0.31316653,-0.1462155,-0.16808087,-0.14331596,-0.14621744,-0.14933407,-0.25088155,-0.146225,-0.22115314,-0.07562123,-0.086852394,1.7246594,-0.060967896,-0.13994223,-0.16796505,-0.15746465,-0.22133875,-0.12812386,-0.0969081,-0.16398169,-0.12716047,-0.11335766,-0.18846886,-0.12304179,-0.17755464,-0.0994983,-0.115196005,-0.1461386,-0.11662802,-0.19749595,-0.14526704,-0.12781724,-0.096878245,-0.1461387,-0.1491513,-0.12434345,-0.11230643,-0.063823454,-0.14607307,-0.11419349,-0.10007019,-0.24483351,-0.1462255,-0.14932638,-0.16344379,-0.1759062,-0.12524253,-0.14621167,5.9176607,2.9771085,-0.18185812,-0.09859173,-0.11065883,-0.1459054,-0.14903253,-0.083404,-0.1213824,-0.13072303,-0.13855581,-0.19385117,-0.14619043,-0.14933111,-0.19487974,-0.23847799,-0.2432746,-0.12272982,-0.14603221,-0.1493041,2.5888727,4.3123403,-0.1462248,2.124293,-0.12295334,-0.14616457,-0.060104962,-0.15931924,-0.14622313,-0.2028091,-0.2868003,8.528141,6.112397,5.6682706,-0.1460765,-0.13614628,2.0267694,-0.17393659,2.7064195,-0.15657571,-0.15690626,-0.1462218,-0.14933339,-0.16221246,-0.22200036,-0.12310861,-0.2814266,-0.1462259,-0.1915083,-0.24371436,-0.16952515,-0.14614514,-0.13369927,-0.12557748,-0.14621885,-0.18106565,-0.14622566,-0.18642783,-0.14617276,-0.30462334,-0.14612037,-0.14691104,-0.13029914,-0.14621341,-0.14932173,-0.18915205,-0.12303468,-0.14621815,-0.10481856,-0.1650517,-0.14621606,-0.1493353,-0.1493082,-0.12265392,-0.14612634,-0.14930326,-0.14929461,-0.14930557,-0.14931335,-0.16505513,-0.17392421,-0.1462118,-0.1493285,-0.14931893,-0.14932898,-0.2025511,-0.15354379,-0.14723541,-0.14526987,-0.11499533,-0.10471026,-0.11893196,-0.14621526,-0.14926285,-0.12299705,-0.19501048,-0.14622265,-0.18738703,-0.11705899,-0.17429145,-0.14621386,-0.06652963,-0.14598402,-0.10737923,-0.124497145,-0.15298569,-0.052188452,-0.26007295
k__Bacteria|p__Bacteroidetes|c__Bacteroidia|o__Bacteroidales|f__Bacteroidaceae|g__Bacteroides|s__Bacteroides_uniformis,-0.1004395,-0.12316422,-0.14459085,-0.14772013,-0.1477204,-0.23867357,-0.1666669,3.682689,-0.10929718,5.84726,4.4481597,-0.14459541,2.5862052,6.913667,-0.08556121,-0.14421219,-0.058144663,-0.14408746,-0.14766124,-0.19931981,-0.1978925,-0.12117571,-0.14456192,-0.12711628,-0.20043859,-0.11658599,-0.182019,-0.25032333,-0.1509206,-0.14456664,-0.15142563,-0.10844302,-0.18249588,-0.28454733,-0.14458294,-0.12135021,-0.14459315,-0.22338755,-0.14459577,-0.29867563,-0.14459583,-0.29356226,-0.12070887,-0.14445573,-0.13691942,-0.14459054,-0.23188588,-0.24781659,-0.1296162,-0.12135585,-0.24679694,-0.18279888,-0.25087595,-0.26027086,-0.28621647,-0.27511892,-0.11894142,-0.14451347,-0.040142577,-0.056944285,-0.14390919,-0.11274739,-0.13743341,-0.12124941,-0.14457521,-0.14771596,-0.14772019,-0.14772078,-0.27573854,-0.14455843,-0.12125048,-0.16243835,-0.12334165,-0.14074792,-0.14456339,-0.15887658,-0.14481027,-0.121335894,-0.18691605,-0.14998752,-0.14458436,-0.14770007,-0.14771074,-0.14764917,-0.120334074,-0.13700745,-0.08858878,-0.14457873,-0.19008024,-0.1445893,5.3183966,-0.11139822,-0.1388583,-0.13027036,-0.1074974,-0.15152657,-0.14449811,-0.1474323,-0.10065024,-0.08152827,-0.09427856,-0.1445449,-0.11960925,-0.15027548,-0.16982608,-0.1185138,-0.14456075,-0.14771442,-0.17738779,-0.15176103,-0.14459202,-0.25953975,-0.17989698,-0.13525523,-0.14458936,-0.15095688,-0.17780018,-0.2009549,-0.1445702,-0.09015879,-0.14431207,-0.12151222,-0.121854745,-0.13997786,-0.21433522,-0.13908121,-0.16057305,-0.14452195,-0.07092635,-0.14399864,-0.14698938,-0.18733518,-0.14434952,-0.12123918,-0.12334781,-0.14100276,-0.14455113,-0.114095174,-0.25318068,-0.26654312,-0.120550364,-0.10945694,-0.14454274,-0.09238048,-0.20963459,-0.14458957,-0.1476412,-0.12079455,-0.14452237,-0.16015086,-0.1553517,-0.14459369,-0.19704957,-0.20616047,-0.1202711,-0.10460003,-0.11361031,-0.10256614,-0.14458668,-0.19495486,-0.14456427,-0.12072219,-0.14444248,-0.041086134,-0.12967405,-0.14459251,-0.2300741,-0.14457269,-0.10384405,-0.14326032,-0.0784167,-0.14445926,-0.12766197,-0.14447778,-0.121451,-0.075820275,8.961065,5.8919544,-0.14434272,-0.14763147,5.7773857,-0.14444704,-0.1410757,-0.13984437,-0.18093297,-0.14459482,-0.25777104,-0.12844054,-0.14451018,-0.13462572,-0.119081676,-0.14456728,-0.14771637,-0.14771792,-0.14771898,-0.19755594,-0.25103784,-0.20219928,-0.19465852,-0.24831252,-0.20506537,-0.22091979,-0.14458081,-0.12098188,-0.11956477,-0.14457624,-0.14771298,-0.20931396,-0.18224281,-0.14456806,3.2406776,-0.14459306,-0.14772144,-0.14772043,-0.14772008,3.5596805,-0.14456739,-0.114121355,-0.14457011,-0.14770728,-0.14771318,-0.22984435,-0.14458719,-0.14769673,-0.08963354,-0.14449266,-0.14767578,-0.14769225,-0.1476935,-0.13302092,-0.1051107,-0.14014931,-0.15141064,-0.15839578,-0.15615125,-0.14613561,-0.1445838,-0.12319561,-0.121310085,-0.1445505,-0.14772129,-0.14772084,-0.14772084,-0.14772132,-0.38518023,4.2634687,-0.1445574,-0.15564899,-0.14443555,4.358003,-0.14458874,-0.14764977,-0.12993515,-0.047159404,-0.13910007,-0.14016809,-0.14106366,-0.1444552,-0.19987361,1.3684982,-0.17166539,-0.14456825,-0.14768223,-0.12722544,-0.14610182,-0.2588673,-0.12113171,-0.14447595,-0.09132757,-0.12832497,-0.13684332,-0.16221203,-0.15659244,-0.12060407,-0.14435554,-0.14763407,-0.14767918,-0.14771026,-0.15740095,-0.19795567,-0.15106063,-0.07294749,-0.2039893,-0.14455809,-0.14767781,-0.104459345,-0.14424507,-0.17466888,-0.13176009,-0.14456478,-0.15109587,-0.10913184,-0.14441316,-0.05825615,-0.14326635,-0.17082691,-0.14450833,-0.18883844,-0.14459409,-0.31316653,-0.1445851,-0.16808087,-0.14331596,-0.14458698,-0.14771812,-0.25088155,-0.14459443,-0.22115314,-0.07562123,-0.086852394,1.7711401,-0.060967896,-0.138423,3.6024315,6.7670317,0.702974,-0.12812386,-0.0969081,-0.16398169,-0.12716047,-0.11335766,-0.18846886,-0.12130407,-0.17755464,-0.0994983,-0.115196005,-0.1445094,-0.11662802,1.963657,-0.14526704,-0.12781724,-0.096878245,-0.14450935,-0.14753813,-0.12434345,-0.11230643,-0.063823454,-0.14444463,-0.11419349,-0.10007019,-0.24483351,-0.14459491,-0.1477105,4.7285466,-0.1759062,-0.12524253,-0.14458132,5.666494,3.5369685,-0.18185812,-0.09859173,-0.11065883,-0.14427969,-0.14742112,-0.083404,-0.1213824,-0.13072303,-0.13855581,-0.19385117,-0.14456046,-0.1477152,-0.19487974,-0.23847799,-0.2432746,-0.12099783,-0.14440459,-0.14768863,-0.14520228,1.4746567,-0.14459424,-0.19813283,-0.12121727,-0.14453495,-0.060104962,-0.15931924,-0.1445926,-0.2028091,-0.2868003,-0.11816878,-0.14795661,-0.10060286,-0.14444834,-0.13614628,-0.20725825,-0.17393659,-0.125103,-0.15657571,-0.15690626,-0.1445913,-0.14771745,-0.16221246,-0.22200036,-0.121369824,-0.2814266,-0.1445953,-0.1915083,-0.24371436,-0.16952515,-0.14451507,-0.13369927,-0.12557748,-0.14458838,-0.18106565,-0.14459507,-0.18642783,-0.14454284,2.2437031,-0.14449164,5.945884,-0.13029914,-0.14458303,-0.14770597,-0.18915205,-0.121296935,-0.1445877,-0.10481856,-0.1650517,-0.14458565,-0.14771934,-0.14769253,-0.120924994,-0.14449728,-0.14768782,-0.1476793,-0.14769007,-0.14769766,-0.16505513,4.5799203,-0.14458145,-0.14771265,-0.14770323,-0.14771312,-0.2025511,-0.15354379,-0.14723541,-0.14365652,-0.11499533,-0.10471026,-0.11893196,-0.14458483,-0.14764753,-0.12125984,-0.19501048,-0.1445921,-0.18738703,-0.11705899,-0.17429145,-0.14458331,-0.06652963,-0.14435649,-0.10737923,-0.124497145,-0.15298569,-0.052188452,-0.26007295
k__Bacteria|p__Bacteroidetes|c__Bacteroidia|o__Bacteroidales|f__Tannerellaceae|g__Parabacteroides|s__Parabacteroides_distasonis,-0.1004395,-0.12316422,-0.14629349,-0.14940572,-0.149406,-0.23867357,-0.1666669,-0.16813041,-0.10929718,-0.22895765,-0.23728925,-0.14629874,-0.22850217,-0.3768707,-0.08556121,-0.14586353,-0.058144663,-0.14571674,-0.14933798,-0.19931981,-0.1978925,-0.12297749,-0.14626023,-0.12711628,-0.20043859,-0.11658599,-0.182019,-0.25032333,-0.1509206,-0.14626557,-0.15142563,-0.10844302,-0.18249588,-0.28454733,-0.14628434,-0.12317982,-0.14629611,-0.22338755,-0.14629912,-0.29867563,-0.14629921,-0.29356226,-0.12244505,-0.14613774,-0.13691942,-0.1462931,-0.23188588,-0.24781659,-0.1296162,-0.12318626,1.0938576,1.0601934,4.7887087,3.9445343,3.4588876,-0.27511892,-0.11894142,-0.1462045,-0.040142577,-0.056944285,-0.14550824,-0.11274739,-0.13743341,-0.123062804,-0.14627543,-0.1494009,-0.14940578,-0.14940646,3.6121194,-0.14625585,-0.12306443,6.5255704,-0.12334165,4.420879,-0.1462619,5.8417087,2.737366,-0.12316324,-0.18691605,-0.14998752,-0.14628601,-0.14938264,-0.14939488,-0.14932355,-0.120334074,-0.13700745,-0.08858878,-0.14627953,-0.19008024,-0.1462917,-0.2004665,-0.11139822,-0.1388583,-0.13027036,-0.1074974,-0.15152657,-0.14618684,-0.14907858,-0.10065024,-0.08152827,-0.09427856,-0.14624065,-0.11960925,-0.15027548,-0.16982608,-0.1185138,-0.1462588,-0.14939915,-0.17738779,-0.15176103,-0.14629482,-0.25953975,-0.17989698,-0.13525523,-0.14629178,-0.15095688,-0.17780018,-0.2009549,-0.14626947,-0.09015879,-0.14597331,-0.12151222,-0.121854745,-0.13997786,-0.21433522,-0.13908121,-0.16057305,-0.14621429,-0.07092635,-0.14561422,-0.14856231,-0.18733518,-0.14601456,-0.12305122,-0.12334781,-0.14100276,-0.1462478,-0.114095174,-0.25318068,-0.26654312,-0.12225549,-0.10945694,-0.14623818,-0.09238048,-0.20963459,-0.14629202,-0.14931393,-0.12253992,-0.14621478,-0.16015086,-0.1553517,-0.14629674,-0.19704957,-0.20616047,-0.12192577,-0.10460003,-0.11361031,-0.10256614,-0.1462887,-0.19495486,-0.14626272,-0.12245172,-0.14612329,-0.041086134,-0.12967405,-0.14629537,-0.2300741,-0.14627235,-0.10384405,-0.14477389,-0.0784167,-0.14614227,-0.12766197,-0.1461636,-0.121451,-0.075820275,-0.09192432,-0.101488546,-0.14600834,-0.14930388,8.069007,-0.14612934,-0.1410757,-0.13984437,-0.18093297,-0.14629805,-0.25777104,-0.12844054,-0.14619976,-0.13462572,-0.119081676,-0.14626646,-0.1494014,-0.14940318,-0.14940439,-0.19755594,-0.25103784,-0.20219928,-0.19465852,-0.24831252,-0.20506537,6.1656065,-0.14628184,-0.12275423,-0.11956477,-0.1462767,-0.14939746,-0.20931396,-0.18224281,-0.1462672,4.005471,-0.14629602,-0.14940724,-0.14940608,-0.14940566,5.3693333,-0.14626624,-0.114121355,-0.14626959,-0.14939083,-0.14939772,-0.22984435,-0.14628926,-0.14937857,-0.08963354,-0.14618053,-0.14935477,-0.14937358,-0.14937514,-0.13302092,-0.1051107,-0.14014931,-0.15141064,-0.15839578,-0.15615125,-0.14613561,-0.14628541,-0.12319561,-0.123133436,-0.14624694,-0.14940703,-0.14940654,-0.14940654,-0.14940709,6.375796,3.855863,-0.14625497,-0.15564899,-0.14443555,-0.16636807,-0.14629103,-0.14932409,-0.12993515,-0.047159404,-0.1399636,-0.14016809,-0.14106366,-0.1461373,-0.19987361,-0.1649412,-0.17166539,-0.14626747,-0.14936222,-0.12722544,-0.14610182,-0.2588673,-0.12292653,-0.14616142,-0.09132757,-0.12832497,-0.13684332,-0.16221203,-0.15659244,-0.12232056,-0.14602268,-0.14930673,-0.14935865,-0.14939435,-0.15740095,-0.19795567,-0.15106063,-0.07294749,-0.2039893,-0.14625573,-0.14935713,-0.104459345,-0.14589232,-0.17466888,-0.13176009,-0.14626354,-0.15109587,-0.10913184,-0.14608967,-0.05825615,-0.14326635,-0.17082691,-0.14619844,-0.18883844,-0.14629722,-0.31316653,-0.14628679,-0.16808087,-0.14331596,-0.14628902,-0.14940338,-0.25088155,-0.1462976,-0.22115314,-0.07562123,1.1910639,4.519535,-0.060967896,-0.13917959,-0.16796505,1.0464697,-0.22133875,-0.12812386,-0.0969081,-0.16398169,-0.12716047,-0.11335766,-0.18846886,-0.123126455,-0.17755464,-0.0994983,-0.115196005,-0.14619976,-0.11662802,-0.19749595,-0.14526704,-0.12781724,-0.096878245,-0.14619994,-0.14919648,-0.12434345,-0.11230643,-0.063823454,-0.14612556,-0.11419349,-0.10007019,-0.24483351,-0.14629817,-0.14939448,-0.16344379,-0.1759062,-0.12524253,-0.14628252,-0.0782174,-0.19187105,-0.18185812,-0.09859173,-0.11065883,-0.14593604,-0.14906214,-0.083404,-0.1213824,-0.13072303,-0.13855581,-0.19385117,-0.14625844,-0.14940004,-0.19487974,-0.23847799,-0.2432746,-0.12277238,-0.1460794,-0.14936946,-0.14520228,4.967051,-0.14629738,3.3875356,-0.12302551,-0.14622915,-0.060104962,-0.15931924,-0.14629549,-0.2028091,-0.2868003,-0.11816878,-0.14795661,-0.10060286,-0.14612937,-0.13614628,-0.20725825,-0.17393659,-0.125103,-0.15657571,-0.15690626,-0.146294,-0.14940263,-0.16221246,-0.22200036,-0.12320237,-0.2814266,-0.14629862,-0.1915083,-0.24371436,-0.16952515,-0.14620575,-0.13369927,-0.12557748,-0.14629063,-0.18106565,-0.14629835,-0.18642783,-0.1462379,-0.30462334,-0.14617908,-0.14691104,-0.13029914,-0.14628449,-0.14938945,-0.18915205,-0.12311818,-0.14628986,-0.10481856,-0.1650517,-0.14628747,-0.1494048,-0.1493736,-0.12268673,-0.14618593,-0.14936846,-0.1493587,-0.14937107,-0.14937988,-0.16505513,2.5886834,-0.14628263,-0.1493971,-0.14938626,-0.14939764,-0.2025511,-0.15354379,-0.14723541,-0.14521524,-0.11499533,-0.10471026,-0.11893196,-0.14628655,-0.1493218,-0.123075955,-0.19501048,-0.14629492,-0.18738703,-0.11705899,-0.17429145,-0.14628461,-0.06652963,-0.14602484,-0.10737923,-0.124497145,-0.15298569,-0.052188452,3.049877
k__Bacteria|p__Bacteroidetes|c__Bacteroidia|o__Bacteroidales|f__Bacteroidaceae|g__Phocaeicola|s__Phocaeicola_vulgatus,-0.1004395,-0.12316422,-0.13701811,-0.13993469,-0.13993502,-0.23867357,-0.1666669,-0.16813041,-0.10929718,-0.22895765,-0.23728925,-0.13702357,-0.22850217,-0.3768707,1.8683848,-0.1365714,-0.058144663,-0.13641676,-0.13986397,-0.19931981,-0.1978925,-0.11515561,-0.1369834,-0.12711628,-0.20043859,-0.11658599,-0.182019,-0.25032333,-0.1509206,-0.136989,-0.15142563,-0.10844302,-0.18249588,-0.28454733,-0.13700877,-0.115358,-0.13702086,-0.22338755,-0.137024,-0.29867563,-0.13702407,-0.29356226,-0.11462821,-0.13685599,-0.13691942,-0.1370177,-0.23188588,-0.24781659,-0.1296162,-0.115364686,3.4219215,-0.18279888,4.9876184,4.4875627,4.9447007,-0.27511892,-0.11894142,-0.13692537,-0.040142577,-0.056944285,-0.13619938,-0.11274739,-0.13743341,-0.11524075,-0.13699931,-0.13992968,-0.13993475,-0.13993548,6.3899565,-0.1369797,-0.115241975,7.4981685,-0.12334165,5.076201,-0.13698515,7.8142414,4.2722797,-0.11534147,-0.18691605,-0.14998752,-0.1370103,-0.13991061,-0.1399234,-0.13985085,-0.120334074,-0.13700745,-0.08858878,-0.13700356,-0.19008024,-0.13701624,-0.2004665,6.575767,-0.1388583,2.9772527,-0.1074974,6.672916,-0.13690692,-0.1396113,-0.10065024,-0.08152827,-0.09427856,-0.13696301,-0.11960925,-0.15027548,-0.16982608,-0.1185138,-0.1369819,-0.13992785,-0.17738779,-0.15176103,-0.1370195,3.2355824,-0.17989698,-0.13525523,-0.13701631,-0.15095688,-0.17780018,-0.2009549,-0.13699357,-0.09015879,-0.1366843,-0.12151222,-0.121854745,-0.13997786,-0.21433522,-0.13908121,-0.16057305,-0.13693549,-0.07092635,-0.136311,-0.13905676,-0.18733518,-0.13672897,-0.115232855,-0.12334781,-0.14100276,-0.1369704,-0.114095174,-0.25318068,-0.26654312,-0.11445351,-0.10945694,-0.1369604,-0.09238048,-0.20963459,-0.13701656,-0.13984007,-0.11472972,-0.136936,-0.16015086,-0.1553517,-0.13702151,-0.19704957,-0.20616047,-0.11412729,-0.10460003,-0.11361031,-0.10256614,-0.1370131,-0.19495486,-0.13698643,-0.11465232,-0.13684067,-0.041086134,-0.12967405,-0.13702008,-0.2300741,-0.13699624,-0.10384405,-0.13543494,-0.0784167,-0.13686025,-0.12766197,-0.13688262,-0.121451,-0.075820275,-0.09192432,-0.101488546,-0.13672131,-0.13982847,-0.12378413,-0.13685301,0.8089205,-0.13984437,-0.18093297,-0.13702287,-0.25777104,-0.12844054,-0.13692251,-0.13462572,-0.119081676,-0.13698985,-0.13993019,-0.13993204,-0.1399333,-0.19755594,-0.25103784,-0.20219928,-0.19465852,-0.24831252,-0.20506537,-0.22091979,-0.13700604,-0.11494324,-0.11956477,-0.13700056,-0.13992609,-0.20931396,-0.18224281,-0.13699105,2.5302968,-0.13702074,-0.13993628,-0.13993505,-0.13993463,4.8944182,-0.13698988,-0.114121355,-0.13699313,-0.13991922,-0.13992631,-0.22984435,-0.1370137,-0.13990659,4.518589,-0.13690029,-0.13988149,-0.13990119,-0.13990277,-0.13302092,-0.1051107,-0.14014931,-0.15141064,-0.15839578,-0.15615125,-0.14613561,-0.13700968,-0.12319561,-0.11531052,-0.13696961,-0.13993607,-0.13993555,-0.13993555,-0.13993612,-0.38518023,-0.11451449,-0.13697794,-0.15564899,-0.14443555,-0.16636807,-0.13701555,-0.13985002,-0.12993515,-0.047159404,-0.1304223,-0.14016809,-0.14106366,-0.13685519,-0.19987361,2.0065632,-0.17166539,-0.13699096,-0.13988924,-0.12722544,-0.14610182,-0.2588673,-0.11510939,-0.13688067,-0.09132757,-0.12832497,-0.13684332,-0.16221203,-0.15659244,-0.11451252,-0.13673598,-0.13983147,-0.13988554,-0.13992283,-0.15740095,-0.19795567,2.2585986,-0.07294749,4.420359,-0.13697876,-0.13988394,2.2558556,-0.1366413,-0.17466888,-0.13176009,-0.13698682,-0.15109587,-0.10913184,-0.13680616,-0.05825615,-0.14326635,-0.17082691,-0.136919,-0.18883844,-0.13702199,-0.31316653,-0.13701116,-0.16808087,-0.14331596,-0.13701347,-0.13993226,-0.25088155,-0.1370224,-0.22115314,-0.07562123,-0.086852394,-0.10702289,-0.060967896,-0.12960643,4.1085076,4.8427205,-0.22133875,-0.12812386,-0.0969081,-0.16398169,-0.12716047,-0.11335766,-0.18846886,-0.115304224,-0.17755464,-0.0994983,-0.115196005,-0.1369204,-0.11662802,3.9984279,-0.14526704,-0.12781724,-0.096878245,-0.13692045,-0.13971664,-0.12434345,-0.11230643,-0.063823454,-0.13684312,-0.11419349,-0.10007019,-0.24483351,-0.13702299,-0.13992305,-0.16344379,-0.1759062,-0.12524253,-0.13700666,-0.0782174,-0.19187105,-0.18185812,-0.09859173,-0.11065883,-0.13664554,-0.13957661,-0.083404,-0.1213824,-0.13072303,-0.13855581,-0.19385117,-0.13698155,-0.13992876,8.296433,2.229178,0.6854031,-0.11494623,-0.13679497,-0.13989687,-0.14520228,-0.2961179,-0.13702217,-0.19813283,-0.115204096,-0.13695109,3.9823217,5.405252,-0.1370202,3.5685759,2.3577673,2.4802089,-0.14795661,8.958667,-0.13684714,1.9386746,2.5776587,-0.17393659,2.2068114,6.613026,2.6958694,-0.13701864,-0.13993147,-0.16221246,1.8669235,-0.115381286,-0.2814266,-0.13702345,-0.1915083,5.157581,-0.16952515,-0.13692822,-0.13369927,-0.12557748,-0.13701512,-0.18106565,-0.13702317,-0.18642783,-0.13696077,-0.30462334,-0.13689889,-0.14691104,-0.13029914,-0.13700873,-0.13991767,-0.18915205,-0.115295425,-0.13701433,-0.10481856,-0.1650517,-0.13701186,-0.13993374,-0.13990152,-0.1148666,-0.13690601,-0.13989589,-0.13988568,-0.1398986,-0.1399077,6.749071,7.757042,-0.1370068,-0.13992569,-0.1399144,-0.13992625,-0.2025511,-0.15354379,-0.14723541,-0.13589516,-0.11499533,-0.10471026,-0.11893196,-0.13701087,-0.13984808,-0.11525233,-0.19501048,-0.13701962,-0.18738703,-0.11705899,-0.17429145,-0.13700902,-0.06652963,-0.13673851,-0.10737923,-0.124497145,-0.15298569,-0.052188452,-0.26007295
k__Bacteria|p__Bacteroidetes|c__Bacteroidia|o__Bacteroidales|f__Bacteroidaceae|g__Bacteroides|s__Bacteroides_fragilis,-0.1004395,-0.12316422,-0.1370866,-0.14004286,-0.14004311,-0.23867357,-0.1666669,2.4039545,-0.10929718,4.101559,3.75657,-0.13709131,-0.22850217,4.0911274,2.5776489,-0.13669151,-0.058144663,-0.13656563,-0.13998172,5.590452,-0.1978925,-0.11494389,-0.13705659,-0.12711628,-0.20043859,-0.11658599,-0.182019,-0.25032333,-0.1509206,-0.13706139,-0.15142563,-0.10844302,-0.18249588,-0.28454733,-0.13707817,-0.11513089,-0.13708895,-0.22338755,-0.13709167,-0.29867563,-0.13709174,-0.29356226,-0.114442155,-0.13694584,-0.13691942,-0.13708626,-0.23188588,-0.24781659,-0.1296162,-0.11513679,1.7266247,-0.18279888,4.7682924,3.7782588,2.0047326,-0.27511892,-0.11894142,-0.13700627,-0.040142577,-0.056944285,-0.13637874,-0.11274739,-0.13743341,-0.115022644,-0.13707027,-0.14003852,-0.1400429,-0.14004353,-0.27573854,-0.1370523,-0.11502448,8.430718,4.2852626,4.900658,-0.13705814,6.7643843,4.669725,-0.1151156,-0.18691605,-0.14998752,-0.13707986,-0.14002205,-0.14003307,-0.13996723,-0.120334074,-0.13700745,-0.08858878,-0.13707402,-0.19008024,-0.13708499,5.373981,-0.11139822,-0.1388583,-0.13027036,-0.1074974,-0.15152657,-0.13699052,-0.13973296,-0.10065024,-0.08152827,-0.09427856,-0.13703896,-0.11960925,-0.15027548,-0.16982608,-0.1185138,-0.13705528,-0.14003691,-0.17738779,-0.15176103,-0.13708776,3.1928108,-0.17989698,-0.13525523,-0.13708505,-0.15095688,-0.17780018,-0.2009549,-0.1370645,-0.09015879,-0.13679783,-0.12151222,-0.121854745,-0.13997786,-0.21433522,-0.13908121,-0.16057305,-0.1370152,-0.07092635,-0.13647076,-0.13928144,-0.18733518,-0.13683334,-0.115009725,-0.12334781,-0.14100276,-0.13704544,-0.114095174,-0.25318068,-0.26654312,-0.11425631,-0.10945694,-0.13703677,-0.09238048,-0.20963459,-0.13708526,-0.13995944,-0.114522174,-0.13701537,-0.16015086,-0.1553517,-0.13708952,-0.19704957,-0.20616047,-0.11395547,9.107851,5.383051,-0.10256614,-0.13708228,-0.19495486,-0.13705851,-0.114439204,-0.13693273,-0.041086134,-0.12967405,-0.13708827,-0.2300741,-0.13706738,-0.10384405,-0.13570277,-0.0784167,-0.13694993,-0.12766197,-0.13696936,-0.121451,-0.075820275,-0.09192432,-0.101488546,-0.13682906,-0.13995104,-0.12378413,-0.13693279,-0.1410757,-0.13984437,1.4905683,-0.13709068,6.5459704,-0.12844054,-0.13700135,-0.13462572,-0.119081676,-0.13706222,-0.14003897,-0.14004058,-0.14004165,-0.19755594,-0.25103784,-0.20219928,-0.19465852,-0.24831252,-0.20506537,-0.22091979,-0.13707602,-0.11472551,-0.11956477,-0.13707146,-0.14003542,-0.20931396,-0.18224281,-0.13706258,4.57854,-0.13708887,-0.14004421,-0.14004317,-0.1400428,4.7639866,-0.1370618,-0.114121355,-0.13706502,-0.14002942,-0.14003563,-0.22984435,-0.13708282,-0.1400182,-0.08963354,-0.13698462,-0.139997,-0.1400139,-0.14001533,-0.13302092,-0.1051107,-0.14014931,-0.15141064,-0.15839578,-0.15615125,-0.14613561,-0.13707933,-0.12319561,-0.115088575,-0.13704461,-0.14004403,-0.14004359,-0.14004359,-0.14004406,-0.38518023,7.7444663,-0.13705188,1.4488006,-0.14443555,2.8738337,-0.13708436,-0.13996905,3.0476341,-0.047159404,-0.13137177,-0.14016809,2.4210496,-0.13694587,5.1772566,2.4935465,1.32875,-0.13706318,-0.14000371,0.9665899,5.9098945,5.563768,-0.11489217,-0.13696727,-0.09132757,-0.12832497,-0.13684332,-0.16221203,-0.15659244,-0.114304915,-0.13684164,-0.13995361,-0.14000043,-0.1400326,-0.15740095,-0.19795567,-0.15106063,-0.07294749,-0.2039893,-0.13705252,-0.13999909,-0.104459345,-0.13669899,-0.17466888,-0.13176009,-0.13705966,-0.15109587,-0.10913184,-0.13690153,-0.05825615,1.4207977,-0.17082691,-0.13700092,-0.18883844,-0.13708994,-0.31316653,-0.13708052,-0.16808087,-0.14331596,-0.13708258,-0.14004074,-0.25088155,-0.1370903,-0.22115314,3.3511183,2.8469386,3.870126,-0.060967896,-0.13067055,-0.16796505,-0.15746465,-0.22133875,-0.12812386,-0.0969081,-0.16398169,-0.12716047,-0.11335766,-0.18846886,-0.11508167,-0.17755464,-0.0994983,-0.115196005,-0.13700208,-0.11662802,-0.19749595,-0.14526704,-0.12781724,-0.096878245,-0.13700226,-0.13985401,-0.12434345,-0.11230643,-0.063823454,-0.13693477,-0.11419349,-0.10007019,-0.24483351,-0.1370908,-0.14003265,-0.16344379,-0.1759062,-0.12524253,-0.1370767,7.4642615,3.2117903,-0.18185812,-0.09859173,-0.11065883,-0.13676408,-0.13973272,-0.083404,-0.1213824,-0.13072303,-0.13855581,-0.19385117,-0.13705496,-0.14003773,-0.19487974,-0.23847799,-0.2432746,-0.11475359,-0.13689332,-0.14001013,3.2836876,6.9188576,-0.13709009,3.7523227,-0.11498729,-0.13702843,-0.060104962,-0.15931924,-0.13708836,-0.2028091,-0.2868003,-0.11816878,-0.14795661,-0.10060286,-0.13693847,-0.13614628,-0.20725825,-0.17393659,-0.125103,-0.15657571,-0.15690626,-0.13708703,-0.14004007,-0.16221246,-0.22200036,-0.11515141,-0.2814266,-0.13709119,-0.1915083,-0.24371436,-0.16952515,-0.13700627,-0.13369927,-0.12557748,-0.137084,-0.18106565,-0.13709095,-0.18642783,-0.13703604,-0.30462334,-0.13698342,-0.14691104,-0.13029914,-0.13707846,-0.14002821,-0.18915205,-0.11507447,-0.13708329,-0.10481856,-0.1650517,-0.13708116,-0.14004204,-0.14001364,-0.114668,-0.13698961,-0.14000924,-0.14000048,-0.14001161,-0.14001955,-0.16505513,7.274935,-0.13707682,-0.1400351,-0.14002532,-0.1400356,-0.2025511,1.9505056,-0.14723541,-0.13611391,-0.11499533,-0.10471026,-0.11893196,-0.13708033,-0.1399663,-0.115035504,-0.19501048,-0.13708788,-0.18738703,-0.11705899,-0.17429145,-0.13707843,-0.06652963,-0.13684317,-0.10737923,-0.124497145,-0.15298569,-0.052188452,-0.26007295
k__Bacteria|p__Fusobacteria|c__Fusobacteriia|o__Fusobacteriales|f__Leptotrichiaceae|g__Leptotrichia|s__Leptotrichia_sp_oral_taxon_215,-0.1004395,-0.12316422,-0.15395665,-0.15727845,-0.15727869,-0.23867357,-0.1666669,-0.16813041,-0.10929718,-0.22895765,-0.23728925,-0.15396093,-0.22850217,-0.3768707,-0.08556121,-0.15361086,-0.058144663,-0.15350212,-0.15722387,-0.19931981,-0.1978925,-0.12913027,-0.15393016,-0.12711628,-0.20043859,-0.11658599,-0.182019,-0.25032333,-0.1509206,-0.15393399,-0.15142563,-0.10844302,-0.18249588,-0.28454733,-0.15394902,-0.1292871,-0.15395883,-0.22338755,-0.15396124,-0.29867563,-0.1539613,-0.29356226,-0.12870161,-0.15382944,-0.13691942,-0.15395646,-0.23188588,-0.24781659,-0.1296162,-0.12929182,-0.24679694,-0.18279888,-0.25087595,-0.26027086,-0.28621647,-0.27511892,-0.11894142,-0.15388563,-0.040142577,-0.056944285,-0.15331933,-0.11274739,-0.13743341,-0.1291947,-0.15394193,-0.1572746,-0.15727846,-0.15727904,-0.27573854,-0.15392612,-0.12919548,-0.16243835,-0.12334165,-0.14074792,-0.15393147,-0.15887658,-0.14481027,-0.12927407,-0.18691605,-0.14998752,-0.15395075,-0.15725991,-0.1572696,-0.15721035,-0.120334074,-0.13700745,-0.08858878,-0.1539456,-0.19008024,-0.15395531,-0.2004665,-0.11139822,-0.1388583,-0.13027036,-0.1074974,-0.15152657,-0.15387172,-0.15700884,-0.10065024,-0.08152827,-0.09427856,-0.15391472,-0.11960925,-0.15027548,-0.16982608,-0.1185138,-0.15392855,-0.15727319,-0.17738779,-0.15176103,-0.15395774,-0.25953975,-0.17989698,-0.13525523,-0.15395537,-0.15095688,-0.17780018,-0.2009549,-0.15393636,-0.09015879,-0.1537028,-0.12151222,-0.121854745,-0.13997786,-0.21433522,-0.13908121,-0.16057305,-0.15389383,-0.07092635,-0.15341194,-0.15658426,-0.18733518,-0.15372467,-0.1291831,-0.12334781,-0.14100276,-0.15392023,-0.114095174,-0.25318068,-0.26654312,-0.12856877,-0.10945694,-0.15391272,-0.09238048,-0.20963459,-0.15395556,-0.15720204,-0.12877856,-0.15389322,-0.16015086,-0.1553517,-0.1539593,-0.19704957,-0.20616047,-0.12830153,-0.10460003,-0.11361031,-0.10256614,-0.15395299,-0.19495486,-0.1539318,-0.12871337,-0.1538215,-0.041086134,-0.12967405,-0.15395814,-0.2300741,-0.15393944,-0.10384405,-0.15273637,-0.0784167,-0.15383549,-0.12766197,-0.15385291,-0.121451,-0.075820275,-0.09192432,-0.101488546,-0.15372902,-0.15719754,-0.12378413,-0.1538204,-0.1410757,-0.13984437,-0.18093297,-0.15396038,-0.25777104,-0.12844054,-0.15388146,-0.13462572,-0.119081676,-0.15393543,-0.15727496,-0.1572764,-0.15727738,-0.19755594,-0.25103784,-0.20219928,-0.19465852,-0.24831252,-0.20506537,-0.22091979,-0.15394706,-0.12894858,-0.11956477,-0.15394342,-0.15727177,-0.20931396,-0.18224281,-0.15393488,-0.32474133,-0.15395877,-0.15727967,-0.15727873,-0.15727842,-0.2185038,-0.1539345,-0.114121355,-0.15393713,-0.15726607,-0.15727201,-0.22984435,-0.15395346,-0.15725598,-0.08963354,-0.15386578,-0.15723822,-0.15725237,-0.15725431,-0.13302092,-0.1051107,-0.14014931,-0.15141064,-0.15839578,-0.15615125,-0.14613561,-0.15395042,-0.12319561,-0.12924972,-0.15391853,-0.15727949,-0.15727907,-0.1572791,-0.15727955,-0.38518023,-0.11451449,-0.15392573,-0.15564899,-0.14443555,-0.16636807,-0.15395464,-0.15721065,-0.12993515,-0.047159404,-0.14875646,-0.14016809,-0.14106366,-0.15383078,-0.19987361,-0.1649412,-0.17166539,-0.153936,-0.1572443,-0.12722544,-0.14610182,-0.2588673,-0.12909332,-0.15385172,-0.09132757,-0.12832497,-0.13684332,-0.16221203,-0.15659244,-0.12861544,-0.15373872,-0.15719946,-0.15724102,-0.15726939,-0.15740095,-0.19795567,-0.15106063,-0.07294749,-0.2039893,-0.15392601,-0.15724029,-0.104459345,-0.15364939,-0.17466888,-0.13176009,-0.1539332,-0.15109587,-0.10913184,-0.15379325,-0.05825615,-0.14326635,-0.17082691,-0.15387997,-0.18883844,-0.15395966,-0.31316653,-0.15395096,-0.16808087,-0.14331596,-0.15395316,-0.15727648,-0.25088155,-0.15395999,-0.22115314,-0.07562123,-0.086852394,-0.10702289,-0.060967896,-0.14813238,-0.16796505,-0.15746465,-0.22133875,-0.12812386,-0.0969081,-0.16398169,-0.12716047,-0.11335766,-0.18846886,-0.12924504,-0.17755464,-0.0994983,-0.115196005,-0.15388137,-0.11662802,-0.19749595,-0.14526704,-0.12781724,-0.096878245,-0.15388289,-0.15711164,-0.12434345,-0.11230643,-0.063823454,-0.1538226,-0.11419349,-0.10007019,-0.24483351,-0.15396047,-0.15726909,-0.16344379,-0.1759062,-0.12524253,-0.15394802,-0.0782174,-0.19187105,-0.18185812,-0.09859173,-0.11065883,-0.15367231,-0.15700397,-0.083404,-0.1213824,-0.13072303,-0.13855581,-0.19385117,-0.1539281,-0.1572739,-0.19487974,-0.23847799,-0.2432746,-0.12896913,-0.15378544,-0.15724912,-0.14520228,-0.2961179,-0.15395984,-0.19813283,-0.12916704,-0.15390468,-0.060104962,-0.15931924,-0.15395826,-0.2028091,-0.2868003,-0.11816878,-0.14795661,-0.10060286,-0.15382388,-0.13614628,-0.20725825,-0.17393659,-0.125103,-0.15657571,-0.15690626,-0.15395707,-0.15727597,-0.16221246,-0.22200036,-0.12930459,-0.2814266,-0.15396081,-0.1915083,-0.24371436,-0.16952515,-0.15388411,-0.13369927,-0.12557748,-0.15395436,-0.18106565,-0.15396062,-0.18642783,-0.15391025,-0.30462334,-0.15386328,-0.14691104,-0.13029914,-0.15394947,-0.15726548,-0.18915205,-0.12923928,-0.15395382,-0.10481856,-0.1650517,-0.15395172,-0.1572777,-0.15725178,-0.12890929,-0.15387115,-0.15724808,-0.15724057,-0.15725029,-0.15725785,-0.16505513,-0.17392421,-0.15394786,-0.15727156,-0.15726274,-0.15727201,-0.2025511,-0.15354379,-0.14723541,-0.15307066,-0.11499533,-0.10471026,-0.11893196,-0.15395112,-0.15720883,-0.12920667,-0.19501048,-0.15395778,-0.18738703,-0.11705899,-0.17429145,-0.15394944,-0.06652963,-0.15374321,-0.10737923,-0.124497145,-0.15298569,-0.052188452,-0.26007295
k__Bacteria|p__Fusobacteria|c__Fusobacteriia|o__Fusobacteriales|f__Fusobacteriaceae|g__GGB37269|s__GGB37269_SGB47247,-0.1004395,-0.12316422,-0.15444589,-0.15778008,-0.15778035,-0.23867357,-0.1666669,-0.16813041,-0.10929718,-0.22895765,-0.23728925,-0.1544506,-0.22850217,-0.3768707,-0.08556121,-0.15405414,-0.058144663,-0.1539288,-0.15771902,-0.19931981,-0.1978925,-0.12950099,-0.15441602,-0.12711628,-0.20043859,-0.11658599,-0.182019,-0.25032333,-0.1509206,-0.1544207,-0.15142563,-0.10844302,-0.18249588,-0.28454733,-0.15443754,-0.12968335,-0.15444826,-0.22338755,-0.15445095,-0.29867563,-0.15445101,-0.29356226,-0.12900671,-0.15430504,-0.13691942,-0.15444559,-0.23188588,-0.24781659,-0.1296162,-0.12968916,-0.24679694,-0.18279888,-0.25087595,-0.26027086,-0.28621647,-0.27511892,-0.11894142,-0.15436591,-0.040142577,-0.056944285,-0.1537371,-0.11274739,-0.13743341,-0.12957689,-0.15442953,-0.15777576,-0.15778013,-0.15778077,-0.27573854,-0.1544118,-0.12957862,-0.16243835,-0.12334165,-0.14074792,-0.15441751,-0.15887658,-0.14481027,-0.12966865,-0.18691605,-0.14998752,-0.15443918,-0.15775932,-0.15777028,-0.15770523,-0.120334074,-0.13700745,-0.08858878,-0.15443337,-0.19008024,-0.1544443,-0.2004665,-0.11139822,-0.1388583,-0.13027036,-0.1074974,-0.15152657,-0.15435015,-0.15747562,-0.10065024,-0.08152827,-0.09427856,-0.1543985,-0.11960925,-0.15027548,-0.16982608,-0.1185138,-0.15441456,-0.15777418,-0.17738779,-0.15176103,-0.15444708,-0.25953975,-0.17989698,-0.13525523,-0.15444437,-0.15095688,-0.17780018,-0.2009549,-0.15442389,-0.09015879,-0.15415865,-0.12151222,-0.121854745,-0.13997786,-0.21433522,-0.13908121,-0.16057305,-0.15437482,-0.07092635,-0.1538325,-0.1570153,-0.18733518,-0.15419145,-0.12956446,-0.12334781,-0.14100276,-0.15440485,-0.114095174,-0.25318068,-0.26654312,-0.12883091,-0.10945694,-0.15439624,-0.09238048,-0.20963459,-0.15444458,-0.1576967,-0.12908232,-0.15437481,-0.16015086,-0.1553517,-0.15444882,-0.19704957,-0.20616047,-0.12854214,-0.10460003,-0.11361031,-0.10256614,-0.15444162,-0.19495486,-0.15441814,-0.12900597,-0.15429291,-0.041086134,-0.12967405,-0.15444756,-0.2300741,-0.15442687,-0.10384405,-0.153068,-0.0784167,-0.15430956,-0.12766197,-0.154329,-0.121451,-0.075820275,-0.09192432,-0.101488546,-0.15418933,-0.15768868,-0.12378413,-0.154295,-0.1410757,-0.13984437,-0.18093297,-0.15444998,-0.25777104,-0.12844054,-0.15436164,-0.13462572,-0.119081676,-0.15442169,-0.1577762,-0.15777779,-0.15777889,-0.19755594,-0.25103784,-0.20219928,-0.19465852,-0.24831252,-0.20506537,-0.22091979,-0.15443532,-0.12928149,-0.11956477,-0.15443084,-0.15777266,-0.20931396,-0.18224281,-0.15442188,-0.32474133,-0.15444818,-0.15778144,-0.15778038,-0.15778004,-0.2185038,-0.15442136,-0.114121355,-0.15442425,-0.15776655,-0.15777287,-0.22984435,-0.15444213,-0.15775546,-0.08963354,-0.15434414,-0.15773448,-0.15775108,-0.15775271,-0.13302092,-0.1051107,-0.14014931,-0.15141064,-0.15839578,-0.15615125,-0.14613561,-0.1544387,-0.12319561,-0.12964128,-0.15440375,-0.15778124,-0.1577808,-0.15778081,-0.1577813,-0.38518023,-0.11451449,-0.15441123,-0.15564899,-0.14443555,-0.16636807,-0.15444364,-0.15770602,-0.12993515,-0.047159404,-0.14870752,-0.14016809,-0.14106366,-0.1543052,-0.19987361,-0.1649412,-0.17166539,-0.15442255,-0.15774122,-0.12722544,-0.14610182,-0.2588673,-0.12945172,-0.15432727,-0.09132757,-0.12832497,-0.13684332,-0.16221203,-0.15659244,-0.12887561,-0.15420166,-0.15769118,-0.15773782,-0.15776989,-0.15740095,-0.19795567,-0.15106063,-0.07294749,-0.2039893,-0.15441176,-0.15773661,-0.104459345,-0.1540766,-0.17466888,-0.13176009,-0.15441915,-0.15109587,-0.10913184,-0.15426187,-0.05825615,-0.14326635,-0.17082691,-0.15436023,-0.18883844,-0.15444922,-0.31316653,-0.15443973,-0.16808087,-0.14331596,-0.15444191,-0.15777795,-0.25088155,-0.15444958,-0.22115314,-0.07562123,-0.086852394,-0.10702289,-0.060967896,-0.14800829,-0.16796505,-0.15746465,-0.22133875,-0.12812386,-0.0969081,-0.16398169,-0.12716047,-0.11335766,-0.18846886,-0.12963483,-0.17755464,-0.0994983,-0.115196005,-0.15436152,-0.11662802,-0.19749595,-0.14526704,-0.12781724,-0.096878245,-0.15436216,-0.15759206,-0.12434345,-0.11230643,-0.063823454,-0.15429473,-0.11419349,-0.10007019,-0.24483351,-0.15445009,-0.15776995,-0.16344379,-0.1759062,-0.12524253,-0.15443607,-0.0782174,-0.19187105,-0.18185812,-0.09859173,-0.11065883,-0.1541248,-0.15747106,-0.083404,-0.1213824,-0.13072303,-0.13855581,-0.19385117,-0.15441418,-0.15777498,-0.19487974,-0.23847799,-0.2432746,-0.12931028,-0.15425324,-0.15774739,-0.14520228,-0.2961179,-0.15444937,-0.19813283,-0.12954348,-0.1543878,-0.060104962,-0.15931924,-0.15444767,-0.2028091,-0.2868003,-0.11816878,-0.14795661,-0.10060286,-0.15429783,-0.13614628,-0.20725825,-0.17393659,-0.125103,-0.15657571,-0.15690626,-0.15444633,-0.15777731,-0.16221246,-0.22200036,-0.12970363,-0.2814266,-0.15445048,-0.1915083,-0.24371436,-0.16952515,-0.15436614,-0.13369927,-0.12557748,-0.1544433,-0.18106565,-0.15445024,-0.18642783,-0.15439528,-0.30462334,-0.15434244,-0.14691104,-0.13029914,-0.15443778,-0.15776548,-0.18915205,-0.12962827,-0.15444262,-0.10481856,-0.1650517,-0.15444043,-0.15777925,-0.157751,-0.12922548,-0.15434933,-0.1577464,-0.15773776,-0.15774882,-0.15775687,-0.16505513,-0.17392421,-0.1544361,-0.15777235,-0.15776256,-0.15777284,-0.2025511,-0.15354379,-0.14723541,-0.15346904,-0.11499533,-0.10471026,-0.11893196,-0.15443963,-0.15770367,-0.12958965,-0.19501048,-0.15444717,-0.18738703,-0.11705899,-0.17429145,-0.15443796,-0.06652963,-0.15420419,-0.10737923,-0.124497145,-0.15298569,-0.052188452,-0.26007295
k__Bacteria|p__Fusobacteria|c__Fusobacteriia|o__Fusobacteriales|f__Fusobacteriaceae|g__Fusobacterium|s__Fusobacterium_SGB14781,-0.1004395,-0.12316422,-0.15511096,-0.15845972,-0.15846007,-0.23867357,-0.1666669,-0.16813041,-0.10929718,-0.22895765,-0.23728925,-0.15511706,-0.22850217,-0.3768707,-0.08556121,-0.15460616,-0.058144663,-0.15444045,-0.1583808,-0.19931981,-0.1978925,-0.13000816,-0.15507221,-0.12711628,-0.20043859,-0.11658599,-0.182019,-0.25032333,-0.1509206,-0.15507834,-0.15142563,-0.10844302,-0.18249588,-0.28454733,-0.15510005,-0.13024107,-0.15511402,-0.22338755,-0.15511753,-0.29867563,-0.15511762,-0.29356226,-0.12939236,-0.154929,-0.13691942,-0.15511054,-0.23188588,-0.24781659,-0.1296162,-0.13024849,-0.24679694,-0.18279888,-0.25087595,-0.26027086,-0.28621647,-0.27511892,-0.11894142,-0.15500753,-0.040142577,-0.056944285,-0.154197,-0.11274739,-0.13743341,-0.13010535,-0.15508991,-0.15845412,-0.15845978,-0.15846059,-0.27573854,-0.15506682,-0.13010779,-0.16243835,-0.12334165,-0.14074792,-0.15507425,-0.15887658,-0.14481027,-0.1302218,-0.18691605,-0.14998752,-0.15510228,-0.15843289,-0.15844709,-0.15836138,-0.120334074,-0.13700745,-0.08858878,-0.15509476,-0.19008024,-0.1551089,-0.2004665,-0.11139822,-0.1388583,-0.13027036,-0.1074974,-0.15152657,-0.154987,-0.158063,-0.10065024,-0.08152827,-0.09427856,-0.1550495,-0.11960925,-0.15027548,-0.16982608,-0.1185138,-0.15507045,-0.15845206,-0.17738779,-0.15176103,-0.1551125,-0.25953975,-0.17989698,-0.13525523,-0.15510899,-0.15095688,-0.17780018,-0.2009549,-0.15508236,-0.09015879,-0.15473895,-0.12151222,-0.121854745,-0.13997786,-0.21433522,-0.13908121,-0.16057305,-0.15501888,-0.07092635,-0.15431923,-0.15747651,-0.18733518,-0.15478429,-0.13009204,-0.12334781,-0.14100276,-0.15505782,-0.114095174,-0.25318068,-0.26654312,-0.1291865,-0.10945694,-0.1550467,-0.09238048,-0.20963459,-0.15510926,-0.15835124,-0.1295107,-0.15501907,-0.16015086,-0.1553517,-0.15511476,-0.19704957,-0.20616047,-0.12883301,-0.10460003,-0.11361031,-0.10256614,-0.15510541,-0.19495486,-0.15507446,-0.12941253,-0.15491273,-0.041086134,-0.12967405,-0.15511315,-0.2300741,-0.15508573,-0.10384405,-0.15333381,-0.0784167,-0.1549347,-0.12766197,-0.15495981,-0.121451,-0.075820275,-0.09192432,-0.101488546,-0.15477923,-0.15834132,-0.12378413,-0.15491396,-0.1410757,-0.13984437,-0.18093297,-0.15511627,-0.25777104,-0.12844054,-0.15500094,-0.13462572,-0.119081676,-0.15507957,-0.15845469,-0.15845677,-0.15845817,-0.19755594,-0.25103784,-0.20219928,-0.19465852,-0.24831252,-0.20506537,-0.22091979,-0.15509725,-0.12975116,-0.11956477,-0.15509146,-0.15845013,-0.20931396,-0.18224281,-0.15507999,-0.32474133,-0.15511392,-0.15846148,-0.15846013,-0.15845966,-0.2185038,-0.15507898,-0.114121355,-0.15508306,-0.15844235,-0.15845038,-0.22984435,-0.15510611,-0.15842777,-0.08963354,-0.15497941,-0.15840057,-0.15842232,-0.1584242,-0.13302092,-0.1051107,-0.14014931,-0.15141064,-0.15839578,-0.15615125,-0.14613561,-0.1551016,-0.12319561,-0.13018723,-0.15505674,-0.15846124,-0.15846066,-0.15846068,-0.1584613,-0.38518023,-0.11451449,-0.15506616,-0.15564899,-0.14443555,-0.16636807,-0.1551081,-0.15836397,-0.12993515,-0.047159404,-0.14772728,-0.14016809,-0.14106366,-0.15492931,-0.19987361,-0.1649412,-0.17166539,-0.15508077,-0.15840927,-0.12722544,-0.14610182,-0.2588673,-0.12994999,-0.15495735,-0.09132757,-0.12832497,-0.13684332,-0.16221203,-0.15659244,-0.12927069,-0.1547955,-0.15834463,-0.15840498,-0.15844649,-0.15740095,-0.19795567,-0.15106063,-0.07294749,-0.2039893,-0.15506703,-0.1584033,-0.104459345,-0.1546434,-0.17466888,-0.13176009,-0.15507624,-0.15109587,-0.10913184,-0.15487316,-0.05825615,-0.14326635,-0.17082691,-0.15500039,-0.18883844,-0.15511528,-0.31316653,-0.15510309,-0.16808087,-0.14331596,-0.1551058,-0.15845698,-0.25088155,-0.15511575,-0.22115314,-0.07562123,-0.086852394,-0.10702289,-0.060967896,-0.14682403,-0.16796505,-0.15746465,-0.22133875,-0.12812386,-0.0969081,-0.16398169,-0.12716047,-0.11335766,-0.18846886,-0.13017905,-0.17755464,-0.0994983,-0.115196005,-0.15500191,-0.11662802,-0.19749595,-0.14526704,-0.12781724,-0.096878245,-0.1550023,-0.15821631,-0.12434345,-0.11230643,-0.063823454,-0.15491533,-0.11419349,-0.10007019,-0.24483351,-0.15511641,-0.15844631,-0.16344379,-0.1759062,-0.12524253,-0.15509823,-0.0782174,-0.19187105,-0.18185812,-0.09859173,-0.11065883,-0.15469547,-0.15805998,-0.083404,-0.1213824,-0.13072303,-0.13855581,-0.19385117,-0.15507013,-0.1584531,-0.19487974,-0.23847799,-0.2432746,-0.129777,-0.15486193,-0.1584175,-0.14520228,-0.2961179,-0.15511549,-0.19813283,-0.13006309,-0.15503597,-0.060104962,-0.15931924,-0.15511328,-0.2028091,-0.2868003,-0.11816878,-0.14795661,-0.10060286,-0.15491974,-0.13614628,-0.20725825,-0.17393659,-0.125103,-0.15657571,-0.15690626,-0.15511154,-0.15845612,-0.16221246,-0.22200036,-0.13026714,-0.2814266,-0.15511692,-0.1915083,-0.24371436,-0.16952515,-0.15500656,-0.13369927,-0.12557748,-0.15510765,-0.18106565,-0.1551166,-0.18642783,-0.1550453,-0.30462334,-0.15497775,-0.14691104,-0.13029914,-0.1551005,-0.1584408,-0.18915205,-0.13016942,-0.15510672,-0.10481856,-0.1650517,-0.15510395,-0.15845865,-0.15842132,-0.1296781,-0.15498593,-0.1584163,-0.158405,-0.15841937,-0.15842961,-0.16505513,-0.17392421,-0.15509833,-0.15844971,-0.15843709,-0.15845034,-0.2025511,-0.15354379,-0.14723541,-0.15385458,-0.11499533,-0.10471026,-0.11893196,-0.1551029,-0.15836021,-0.13012072,-0.19501048,-0.15511262,-0.18738703,-0.11705899,-0.17429145,-0.15510014,-0.06652963,-0.1547978,-0.10737923,-0.124497145,-0.15298569,-0.052188452,-0.26007295
k__Bacteria|p__Fusobacteria|c__Fusobacteriia|o__Fusobacteriales|f__Fusobacteriaceae|g__Fusobacterium|s__Fusobacterium_massiliense,-0.1004395,-0.12316422,-0.15540063,-0.15875581,-0.1587561,-0.23867357,-0.1666669,-0.16813041,-0.10929718,-0.22895765,-0.23728925,-0.15540591,-0.22850217,-0.3768707,-0.08556121,-0.15496115,-0.058144663,-0.15481919,-0.15868759,-0.19931981,-0.1978925,-0.13027924,-0.15536717,-0.12711628,-0.20043859,-0.11658599,-0.182019,-0.25032333,-0.1509206,-0.15537259,-0.15142563,-0.10844302,-0.18249588,-0.28454733,-0.15539145,-0.13048244,-0.15540326,-0.22338755,-0.1554063,-0.29867563,-0.15540636,-0.29356226,-0.12973902,-0.15524402,-0.13691942,-0.15540026,-0.23188588,-0.24781659,-0.1296162,-0.13048893,-0.24679694,-0.18279888,-0.25087595,-0.26027086,-0.28621647,-0.27511892,-0.11894142,-0.15531106,-0.040142577,-0.056944285,-0.15461163,-0.11274739,-0.13743341,-0.13036464,-0.15538248,-0.15875095,-0.15875587,-0.15875657,-0.27573854,-0.15536287,-0.1303666,-0.16243835,-0.12334165,-0.14074792,-0.15536888,-0.15887658,-0.14481027,-0.13046578,-0.18691605,-0.14998752,-0.15539312,-0.15873261,-0.15874492,-0.15867321,-0.120334074,-0.13700745,-0.08858878,-0.1553866,-0.19008024,-0.15539885,-0.2004665,-0.11139822,-0.1388583,-0.13027036,-0.1074974,-0.15152657,-0.15529343,-0.15842287,-0.10065024,-0.08152827,-0.09427856,-0.1553475,-0.11960925,-0.15027548,-0.16982608,-0.1185138,-0.15536577,-0.1587492,-0.17738779,-0.15176103,-0.15540196,-0.25953975,-0.17989698,-0.13525523,-0.1553989,-0.15095688,-0.17780018,-0.2009549,-0.15537654,-0.09015879,-0.15507847,-0.12151222,-0.121854745,-0.13997786,-0.21433522,-0.13908121,-0.16057305,-0.15532096,-0.07092635,-0.15471488,-0.15790845,-0.18733518,-0.1551201,-0.1303524,-0.12334781,-0.14100276,-0.15535468,-0.114095174,-0.25318068,-0.26654312,-0.1295469,-0.10945694,-0.15534501,-0.09238048,-0.20963459,-0.15539914,-0.15866381,-0.1298339,-0.15532121,-0.16015086,-0.1553517,-0.15540391,-0.19704957,-0.20616047,-0.1292181,-0.10460003,-0.11361031,-0.10256614,-0.1553958,-0.19495486,-0.15536982,-0.12974474,-0.15522906,-0.041086134,-0.12967405,-0.15540253,-0.2300741,-0.1553795,-0.10384405,-0.15386057,-0.0784167,-0.1552481,-0.12766197,-0.15526986,-0.121451,-0.075820275,-0.09192432,-0.101488546,-0.15511364,-0.15865335,-0.12378413,-0.155234,-0.1410757,-0.13984437,-0.18093297,-0.15540522,-0.25777104,-0.12844054,-0.15530698,-0.13462572,-0.119081676,-0.15537341,-0.15875146,-0.15875325,-0.15875447,-0.19755594,-0.25103784,-0.20219928,-0.19465852,-0.24831252,-0.20506537,-0.22091979,-0.15538897,-0.13005073,-0.11956477,-0.15538375,-0.15874752,-0.20931396,-0.18224281,-0.15537426,-0.32474133,-0.15540317,-0.15875733,-0.15875615,-0.15875575,-0.2185038,-0.15537322,-0.114121355,-0.15537658,-0.15874088,-0.15874776,-0.22984435,-0.1553964,-0.15872845,-0.08963354,-0.15528688,-0.15870458,-0.15872353,-0.15872505,-0.13302092,-0.1051107,-0.14014931,-0.15141064,-0.15839578,-0.15615125,-0.14613561,-0.1553925,-0.12319561,-0.13043588,-0.15535387,-0.15875714,-0.15875663,-0.15875664,-0.15875718,-0.38518023,-0.11451449,-0.15536194,-0.15564899,-0.14443555,-0.16636807,-0.15539816,-0.15867412,-0.12993515,-0.047159404,-0.14903647,-0.14016809,-0.14106366,-0.1552437,-0.19987361,-0.1649412,-0.17166539,-0.1553745,-0.15871209,-0.12722544,-0.14610182,-0.2588673,-0.13022631,-0.15526767,-0.09132757,-0.12832497,-0.13684332,-0.16221203,-0.15659244,-0.1296058,-0.15512764,-0.15865625,-0.15870845,-0.15874436,-0.15740095,-0.19795567,-0.15106063,-0.07294749,-0.2039893,-0.1553627,-0.1587069,-0.104459345,-0.15499717,-0.17466888,-0.13176009,-0.15537053,-0.15109587,-0.10913184,-0.15519449,-0.05825615,-0.14326635,-0.17082691,-0.15530512,-0.18883844,-0.15540436,-0.31316653,-0.15539393,-0.16808087,-0.14331596,-0.15539616,-0.15875345,-0.25088155,-0.15540476,-0.22115314,-0.07562123,-0.086852394,-0.10702289,-0.060967896,-0.14825514,-0.16796505,-0.15746465,-0.22133875,-0.12812386,-0.0969081,-0.16398169,-0.12716047,-0.11335766,-0.18846886,-0.13042885,-0.17755464,-0.0994983,-0.115196005,-0.1553064,-0.11662802,-0.19749595,-0.14526704,-0.12781724,-0.096878245,-0.15530646,-0.1585452,-0.12434345,-0.11230643,-0.063823454,-0.15523133,-0.11419349,-0.10007019,-0.24483351,-0.15540533,-0.1587446,-0.16344379,-0.1759062,-0.12524253,-0.1553896,-0.0782174,-0.19187105,-0.18185812,-0.09859173,-0.11065883,-0.15504095,-0.15840998,-0.083404,-0.1213824,-0.13072303,-0.13855581,-0.19385117,-0.15536542,-0.15875009,-0.19487974,-0.23847799,-0.2432746,-0.13007239,-0.15518515,-0.15871935,-0.14520228,-0.2961179,-0.15540454,-0.19813283,-0.130327,-0.15533584,-0.060104962,-0.15931924,-0.15540263,-0.2028091,-0.2868003,-0.11816878,-0.14795661,-0.10060286,-0.1552356,-0.13614628,-0.20725825,-0.17393659,-0.125103,-0.15657571,-0.15690626,-0.15540113,-0.15875271,-0.16221246,-0.22200036,-0.13050511,-0.2814266,-0.15540576,-0.1915083,-0.24371436,-0.16952515,-0.15531248,-0.13369927,-0.12557748,-0.15539776,-0.18106565,-0.15540549,-0.18642783,-0.15534487,-0.30462334,-0.15528572,-0.14691104,-0.13029914,-0.15539157,-0.15873945,-0.18915205,-0.13042064,-0.15539697,-0.10481856,-0.1650517,-0.15539458,-0.15875489,-0.15872368,-0.12998533,-0.15529245,-0.15871836,-0.15870854,-0.15872099,-0.15872976,-0.16505513,-0.17392421,-0.15538973,-0.15874714,-0.15873626,-0.1587477,-0.2025511,-0.15354379,-0.14723541,-0.1543178,-0.11499533,-0.10471026,-0.11893196,-0.15539366,-0.15867163,-0.13037777,-0.19501048,-0.15540206,-0.18738703,-0.11705899,-0.17429145,-0.15539181,-0.06652963,-0.15512934,-0.10737923,-0.124497145,-0.15298569,-0.052188452,-0.26007295
k__Bacteria|p__Fusobacteria|c__Fusobacteriia|o__Fusobacteriales|f__Leptotrichiaceae|g__Leptotrichia|s__Leptotrichia_sp_oral_taxon_221,-0.1004395,-0.12316422,-0.15533754,-0.15868804,-0.1586883,-0.23867357,-0.1666669,-0.16813041,-0.10929718,-0.22895765,-0.23728925,-0.15534241,-0.22850217,-0.3768707,-0.08556121,-0.15493989,-0.058144663,-0.1548106,-0.15862513,-0.19931981,-0.1978925,-0.13026991,-0.1553069,-0.12711628,-0.20043859,-0.11658599,-0.182019,-0.25032333,-0.1509206,-0.15531155,-0.15142563,-0.10844302,-0.18249588,-0.28454733,-0.15532893,-0.13045418,-0.15534002,-0.22338755,-0.15534276,-0.29867563,-0.15534285,-0.29356226,-0.12977016,-0.15519217,1.1437949,-0.15533727,-0.23188588,-0.24781659,-0.1296162,-0.1304601,-0.24679694,-0.18279888,-0.25087595,-0.26027086,-0.28621647,-0.27511892,-0.11894142,-0.1552554,-0.040142577,-0.056944285,-0.15460756,-0.11274739,-0.13743341,-0.13034621,-0.15532064,-0.15868363,-0.15868807,-0.15868875,-0.27573854,-0.15530181,-0.13034761,-0.16243835,-0.12334165,-0.14074792,-0.15530849,-0.15887658,-0.14481027,-0.13043931,-0.18691605,-0.14998752,-0.15533066,-0.1586667,-0.1586779,-0.15861003,-0.120334074,-0.13700745,-0.08858878,-0.15532473,-0.19008024,-0.15533593,-0.2004665,-0.11139822,-0.1388583,-0.13027036,-0.1074974,-0.15152657,-0.15523943,-0.15837604,-0.10065024,-0.08152827,-0.09427856,-0.15528896,-0.11960925,-0.15027548,-0.16982608,-0.1185138,-0.15530524,-0.15868199,-0.17738779,1.953724,-0.15533876,-0.25953975,-0.17989698,-0.13525523,-0.15533602,-0.15095688,-0.17780018,-0.2009549,-0.15531445,-0.09015879,-0.15504374,-0.12151222,-0.121854745,-0.13997786,-0.21433522,-0.13908121,-0.16057305,-0.15526477,-0.07092635,-0.15470909,-0.15789713,-0.18733518,-0.15507364,-0.13033377,-0.12334781,-0.14100276,-0.15529546,-0.114095174,-0.25318068,-0.26654312,-0.12960324,-0.10945694,-0.1552867,-0.09238048,-0.20963459,-0.15533623,-0.15860029,-0.12985548,-0.15526445,-0.16015086,-0.1553517,-0.15534057,-0.19704957,-0.20616047,-0.12929387,-0.10460003,-0.11361031,-0.10256614,-0.15533322,-0.19495486,-0.15530896,-0.12978151,-0.15518135,-0.041086134,-0.12967405,-0.15533926,-0.2300741,-0.15531772,-0.10384405,-0.15393087,-0.0784167,-0.15519737,-0.12766197,-0.1552178,-0.121451,-0.075820275,-0.09192432,-0.101488546,-0.15507466,-0.15859449,-0.12378413,-0.15518054,-0.1410757,-0.13984437,-0.18093297,-0.15534177,-0.25777104,-0.12844054,-0.15524924,-0.13462572,-0.119081676,-0.1553128,-0.15868406,-0.15868568,-0.15868682,-0.19755594,-0.25103784,-0.20219928,-0.19465852,-0.24831252,-0.20506537,-0.22091979,-0.1553265,-0.13005732,-0.11956477,-0.15532216,-0.15868041,-0.20931396,-0.18224281,-0.15531257,-0.32474133,-0.15533993,-0.15868947,-0.15868837,-0.15868801,-0.2185038,-0.1553115,-0.114121355,-0.1553151,-0.158674,-0.15868063,-0.22984435,-0.15533376,-0.15866171,-0.08963354,-0.15523271,-0.1586414,-0.15865815,-0.15866008,-0.13302092,-0.1051107,-0.14014931,-0.15141064,-0.15839578,-0.15615125,-0.14613561,-0.15533027,-0.12319561,-0.13041143,-0.155294,-0.15868926,-0.15868881,-0.15868881,-0.15868932,-0.38518023,-0.11451449,-0.15530194,-0.15564899,-0.14443555,-0.16636807,-0.15533525,-0.15861075,-0.12993515,-0.047159404,-0.14941317,-0.14016809,-0.14106366,-0.15519291,-0.19987361,-0.1649412,-0.17166539,-0.15531364,-0.1586484,-0.12722544,-0.14610182,-0.2588673,-0.1302247,-0.15521613,-0.09132757,-0.12832497,-0.13684332,-0.16221203,-0.15659244,-0.12964454,-0.1550858,-0.15859675,-0.15864474,-0.15867758,-0.15740095,-0.19795567,-0.15106063,-0.07294749,-0.2039893,-0.15530238,-0.15864359,-0.104459345,-0.15494397,-0.17466888,-0.13176009,-0.15531027,-0.15109587,-0.10913184,-0.15514892,-0.05825615,-0.14326635,-0.17082691,-0.15524937,-0.18883844,-0.155341,-0.31316653,-0.15533105,-0.16808087,-0.14331596,-0.15533347,-0.15868583,-0.25088155,-0.15534136,-0.22115314,-0.07562123,-0.086852394,-0.10702289,-0.060967896,-0.1486904,-0.16796505,-0.15746465,-0.22133875,-0.12812386,-0.0969081,-0.16398169,-0.12716047,-0.11335766,-0.18846886,-0.13040537,-0.17755464,-0.0994983,-0.115196005,-0.15525085,-0.11662802,-0.19749595,-0.14526704,-0.12781724,-0.096878245,-0.15525195,-0.15849534,-0.12434345,-0.11230643,-0.063823454,-0.1551826,-0.11419349,-0.10007019,-0.24483351,-0.1553419,-0.1586774,-0.16344379,-0.1759062,-0.12524253,-0.15532753,-0.0782174,-0.19187105,-0.18185812,-0.09859173,-0.11065883,-0.15500902,-0.15837151,-0.083404,-0.1213824,-0.13072303,-0.13855581,-0.19385117,-0.15530482,-0.15868282,-0.19487974,-0.23847799,-0.2432746,-0.13007732,-0.15514001,-0.15865436,-0.14520228,-0.2961179,-0.15534116,-0.19813283,-0.13031346,-0.15527779,-0.060104962,-0.15931924,-0.15533939,-0.2028091,-0.2868003,-0.11816878,-0.14795661,-0.10060286,-0.15518515,-0.13614628,-0.20725825,-0.17393659,-0.125103,-0.15657571,-0.15690626,-0.15533802,-0.1586852,-0.16221246,-0.22200036,-0.1304749,-0.2814266,-0.15534231,-0.1915083,-0.24371436,-0.16952515,-0.15525392,-0.13369927,-0.12557748,-0.15533487,-0.18106565,-0.15534204,-0.18642783,-0.15528466,-0.30462334,-0.15523079,-0.14691104,-0.13029914,-0.15532924,-0.15867306,-0.18915205,-0.13039824,-0.15533423,-0.10481856,-0.1650517,-0.1553319,-0.15868717,-0.1586576,-0.13000056,-0.15523875,-0.1586533,-0.15864444,-0.15865576,-0.15866414,-0.16505513,-0.17392421,-0.15532744,-0.15868011,-0.15867001,-0.15868062,-0.2025511,-0.15354379,-0.14723541,-0.15432766,-0.11499533,-0.10471026,-0.11893196,-0.15533116,-0.1586085,-0.13035987,-0.19501048,-0.15533884,-0.18738703,-0.11705899,-0.17429145,-0.15532914,-0.06652963,-0.15509072,-0.10737923,-0.124497145,-0.15298569,-0.052188452,-0.26007295
k__Bacteria|p__Fusobacteria|c__Fusobacteriia|o__Fusobacteriales|f__Fusobacteriaceae|g__Fusobacterium|s__Fusobacterium_naviforme,-0.1004395,-0.12316422,-0.15375406,-0.15713356,-0.15713385,-0.23867357,-0.1666669,-0.16813041,-0.10929718,-0.22895765,-0.23728925,-0.15375912,-0.22850217,-0.3768707,-0.08556121,-0.1533278,-0.058144663,-0.15318748,-0.1570676,-0.19931981,-0.1978925,-0.12845686,-0.15372153,-0.12711628,-0.20043859,-0.11658599,-0.182019,-0.25032333,-0.1509206,-0.1537269,-0.15142563,-0.10844302,-0.18249588,-0.28454733,-0.15374506,-0.12865467,-0.15375659,-0.22338755,-0.15375954,-0.29867563,-0.1537596,-0.29356226,-0.12792513,-0.15360281,-0.13691942,-0.15375365,-0.23188588,-0.24781659,-0.1296162,-0.12866108,-0.24679694,-0.18279888,-0.25087595,-0.26027086,-0.28621647,2.9860086,-0.11894142,-0.15366717,-0.040142577,-0.056944285,-0.15299131,-0.11274739,-0.13743341,-0.12853995,-0.15373653,-0.15712886,-0.15713361,-0.1571343,-0.27573854,-0.15371755,-0.128542,-0.16243835,-0.12334165,-0.14074792,-0.15372321,-0.15887658,-0.14481027,-0.12863836,-0.18691605,-0.14998752,-0.15374674,-0.15711108,-0.15712307,-0.15705363,-0.120334074,-0.13700745,-0.08858878,-0.1537404,-0.19008024,-0.15375228,-0.2004665,-0.11139822,-0.1388583,-0.13027036,-0.1074974,-0.15152657,-0.15364984,-0.15680525,-0.10065024,-0.08152827,-0.09427856,-0.15370236,-0.11960925,-0.15027548,-0.16982608,-0.1185138,-0.15372033,-0.15712714,-0.17738779,-0.15176103,-0.15375534,-0.25953975,-0.17989698,-0.13525523,-0.15375236,-0.15095688,-0.17780018,-0.2009549,-0.1537309,-0.09015879,-0.15344052,-0.12151222,-0.121854745,-0.13997786,-0.21433522,-0.13908121,-0.16057305,-0.15367657,-0.07092635,-0.15308955,-0.1563183,-0.18733518,-0.15348524,-0.12852709,-0.12334781,-0.14100276,-0.15370941,-0.114095174,-0.25318068,-0.26654312,-0.12774661,-0.10945694,-0.15369993,-0.09238048,-0.20963459,-0.1537526,-0.15704569,-0.1280227,-0.15367728,-0.16015086,-0.1553517,-0.15375721,-0.19704957,-0.20616047,-0.12744647,-0.10460003,-0.11361031,-0.10256614,-0.15374932,-0.19495486,-0.15372398,-0.12794243,-0.15358725,-0.041086134,-0.12967405,-0.1537559,-0.2300741,-0.15373349,-0.10384405,-0.15225732,-0.0784167,-0.15360646,-0.12766197,-0.15362701,-0.121451,-0.075820275,-0.09192432,-0.101488546,-0.153475,-0.15703389,-0.12378413,-0.15359247,-0.1410757,-0.13984437,-0.18093297,-0.15375847,-0.25777104,-0.12844054,-0.15366346,-0.13462572,-0.119081676,-0.1537275,-0.15712936,-0.15713109,-0.15713227,-0.19755594,-0.25103784,-0.20219928,-0.19465852,-0.24831252,-0.20506537,-0.22091979,-0.15374279,-0.12823333,-0.11956477,-0.1537376,-0.15712553,-0.20931396,-0.18224281,-0.15372846,-0.32474133,-0.15375648,-0.15713504,-0.1571339,-0.1571335,-0.2185038,-0.15372786,-0.114121355,-0.1537309,-0.15711926,-0.15712577,-0.22984435,-0.1537499,-0.15710753,-0.08963354,-0.15364397,-0.15708368,-0.15710238,-0.15710357,-0.13302092,-0.1051107,-0.14014931,-0.15141064,-0.15839578,-0.15615125,-0.14613561,-0.15374607,-0.12319561,-0.12860945,-0.15370896,-0.15713483,-0.15713435,-0.15713435,-0.15713489,-0.38518023,-0.11451449,-0.15371652,1.5569566,-0.14443555,-0.16636807,-0.15375167,-0.15705502,-0.12993515,-0.047159404,-0.14762563,-0.14016809,-0.14106366,-0.15360203,-0.19987361,-0.1649412,-0.17166539,-0.15372863,-0.15709087,-0.12722544,-0.14610182,-0.2588673,-0.12840618,-0.15362486,-0.09132757,-0.12832497,-0.13684332,-0.16221203,-0.15659244,-0.12780812,-0.15349045,-0.15703696,-0.15708753,-0.15712246,-0.15740095,-0.19795567,-0.15106063,-0.07294749,-0.2039893,-0.15371737,-0.1570859,-0.104459345,-0.15336704,-0.17466888,-0.13176009,-0.15372464,-0.15109587,-0.10913184,-0.15355448,-0.05825615,-0.14326635,-0.17082691,-0.15366155,-0.18883844,-0.15375766,-0.31316653,-0.15374766,-0.16808087,-0.14331596,-0.15374967,-0.15713131,-0.25088155,-0.15375805,-0.22115314,-0.07562123,-0.086852394,-0.10702289,-0.060967896,-0.14686513,-0.16796505,-0.15746465,-0.22133875,-0.12812386,-0.0969081,-0.16398169,-0.12716047,-0.11335766,-0.18846886,-0.12860227,-0.17755464,-0.0994983,-0.115196005,-0.15366268,-0.11662802,-0.19749595,-0.14526704,-0.12781724,-0.096878245,-0.15366232,-0.15692905,-0.12434345,-0.11230643,-0.063823454,-0.15358974,-0.11419349,-0.10007019,-0.24483351,-0.15375859,-0.15712275,-0.16344379,-0.1759062,-0.12524253,-0.1537433,-0.0782174,-0.19187105,-0.18185812,-0.09859173,-0.11065883,-0.15340436,-0.1567978,-0.083404,-0.1213824,-0.13072303,-0.13855581,-0.19385117,-0.15372004,-0.15712802,-0.19487974,-0.23847799,-0.2432746,-0.12825999,-0.1535449,-0.1570983,-0.14520228,-0.2961179,-0.15375781,-0.19813283,-0.12850375,-0.15369141,-0.060104962,-0.15931924,-0.153756,-0.2028091,-0.2868003,-0.11816878,-0.14795661,-0.10060286,-0.15359434,-0.13614628,-0.20725825,-0.17393659,-0.125103,-0.15657571,-0.15690626,-0.15375453,-0.15713054,-0.16221246,-0.22200036,-0.12867682,-0.2814266,-0.15375902,-0.1915083,-0.24371436,-0.16952515,-0.15366884,-0.13369927,-0.12557748,-0.15375128,-0.18106565,-0.15375876,-0.18642783,-0.15370029,-0.30462334,-0.15364313,-0.14691104,-0.13029914,-0.15374526,-0.15711766,-0.18915205,-0.12859419,-0.15375046,-0.10481856,-0.1650517,-0.15374823,-0.15713269,-0.1571025,-0.12817279,-0.15364885,-0.15709743,-0.1570878,-0.15709995,-0.15710834,-0.16505513,-0.17392421,-0.15374352,-0.15712515,-0.15711462,-0.15712568,-0.2025511,-0.15354379,-0.14723541,-0.15271124,-0.11499533,-0.10471026,-0.11893196,-0.15374729,-0.15705213,-0.12855214,-0.19501048,-0.15375546,-0.18738703,-0.11705899,-0.17429145,-0.1537455,-0.06652963,-0.15349054,-0.10737923,-0.124497145,-0.15298569,-0.052188452,-0.26007295
k__Bacteria|p__Fusobacteria|c__Fusobacteriia|o__Fusobacteriales|f__Fusobacteriaceae|g__Cetobacterium|s__Cetobacterium_somerae,-0.1004395,-0.12316422,-0.15502006,-0.1582985,-0.15829885,-0.23867357,-0.1666669,-0.16813041,-0.10929718,-0.22895765,-0.23728925,-0.1550257,-0.22850217,-0.3768707,-0.08556121,-0.15455532,-0.058144663,-0.15438251,-0.1582251,-0.19931981,-0.1978925,-0.13045815,-0.15498362,-0.12711628,-0.20043859,-0.11658599,-0.182019,-0.25032333,-0.1509206,-0.15498999,-0.15142563,-0.10844302,-0.18249588,-0.28454733,-0.15501063,-0.13067125,-0.15502283,-0.22338755,-0.15502615,-0.29867563,-0.15502623,-0.29356226,-0.12989266,-0.1548534,-0.13691942,-0.15501952,-0.23188588,-0.24781659,-0.1296162,-0.1306786,-0.24679694,-0.18279888,-0.25087595,-0.26027086,-0.28621647,-0.27511892,-0.11894142,-0.15492302,-0.040142577,-0.056944285,-0.1541725,-0.11274739,-0.13743341,-0.13054915,-0.15500073,-0.15829322,-0.1582986,-0.15829934,-0.27573854,-0.15498155,-0.13054998,-0.16243835,-0.12334165,-0.14074792,-0.15498543,-0.15887658,-0.14481027,-0.1306537,-0.18691605,-0.14998752,-0.15501182,-0.15827334,-0.15828693,-0.1582155,-0.120334074,-0.13700745,-0.08858878,-0.15500471,-0.19008024,-0.15501802,-0.2004665,-0.11139822,-0.1388583,-0.13027036,-0.1074974,-0.15152657,-0.15490317,-0.15797886,-0.10065024,-0.08152827,-0.09427856,-0.15496203,-0.11960925,-0.15027548,-0.16982608,-0.1185138,-0.15498269,-0.15829134,-0.17738779,-0.15176103,-0.15502146,-0.25953975,-0.17989698,-0.13525523,-0.15501808,-0.15095688,-0.17780018,-0.2009549,-0.15499611,-0.09015879,-0.15466785,-0.12151222,-0.121854745,-0.13997786,-0.21433522,-0.13908121,-0.16057305,-0.15493305,-0.07092635,-0.1542829,-0.15740219,-0.18733518,-0.15473,-0.13054055,-0.12334781,-0.14100276,-0.15496998,-0.114095174,-0.25318068,-0.26654312,-0.12972474,-0.10945694,-0.15495922,-0.09238048,-0.20963459,-0.15501833,-0.15820521,-0.13001375,-0.15493508,-0.16015086,-0.1553517,-0.15502355,-0.19704957,-0.20616047,-0.12938468,-0.10460003,-0.11361031,-0.10256614,-0.1550146,-0.19495486,-0.15498762,-0.12993997,-0.15483338,-0.041086134,-0.12967405,-0.15502214,-0.2300741,-0.15499789,-0.10384405,-0.15337224,-0.0784167,-0.15485606,-0.12766197,-0.15487799,-0.121451,-0.075820275,-0.09192432,-0.101488546,-0.15470886,-0.15818664,-0.12378413,-0.15485644,-0.1410757,-0.13984437,-0.18093297,-0.15502496,-0.25777104,-0.12844054,-0.15492335,-0.13462572,-0.119081676,-0.15499002,-0.15829383,-0.15829575,-0.15829706,-0.19755594,-0.25103784,-0.20219928,-0.19465852,-0.24831252,-0.20506537,-0.22091979,-0.1550079,-0.13024184,-0.11956477,-0.15500145,-0.15828958,-0.20931396,-0.18224281,-0.15499273,-0.32474133,-0.15502271,-0.15830016,-0.15829888,-0.15829843,-0.2185038,-0.15499207,-0.114121355,-0.15499447,-0.1582829,-0.15828982,-0.22984435,-0.15501526,-0.15827084,-0.08963354,-0.15489765,-0.15824217,-0.15826386,-0.15826464,-0.13302092,-0.1051107,-0.14014931,-0.15141064,-0.15839578,-0.15615125,-0.14613561,-0.15501091,-0.12319561,-0.13062185,-0.15497023,-0.15829995,-0.15829942,-0.15829942,-0.15830001,-0.38518023,-0.11451449,-0.1549781,-0.15564899,-0.14443555,-0.16636807,-0.15501744,-0.15821335,-0.12993515,-0.047159404,-0.14826933,-0.14016809,-0.14106366,-0.15485033,-0.19987361,-0.1649412,-0.17166539,-0.15499145,-0.1582501,-0.12722544,-0.14610182,-0.2588673,-0.13041145,-0.15487576,-0.09132757,-0.12832497,-0.13684332,-0.16221203,-0.15659244,-0.12979092,-0.15472835,-0.15819037,-0.15824685,-0.15828606,-0.15740095,-0.19795567,-0.15106063,-0.07294749,-0.2039893,-0.15497933,-0.1582447,-0.104459345,-0.15465778,-0.17466888,-0.13176009,-0.15498665,-0.15109587,-0.10913184,-0.15479982,-0.05825615,-0.14326635,-0.17082691,-0.15491697,-0.18883844,-0.15502408,-0.31316653,-0.15501323,-0.16808087,-0.14331596,-0.15501511,-0.15829605,-0.25088155,-0.15502453,-0.22115314,-0.07562123,-0.086852394,-0.10702289,-0.060967896,-0.14740857,-0.16796505,-0.15746465,-0.22133875,-0.12812386,-0.0969081,-0.16398169,-0.12716047,-0.11335766,-0.18846886,-0.13061485,-0.17755464,-0.0994983,-0.115196005,-0.15491813,-0.11662802,-0.19749595,-0.14526704,-0.12781724,-0.096878245,-0.1549166,-0.15806997,-0.12434345,-0.11230643,-0.063823454,-0.15483713,-0.11419349,-0.10007019,-0.24483351,-0.1550251,-0.15828696,-0.16344379,-0.1759062,-0.12524253,-0.15500787,-0.0782174,-0.19187105,-0.18185812,-0.09859173,-0.11065883,-0.15462822,-0.15792333,-0.083404,-0.1213824,-0.13072303,-0.13855581,-0.19385117,-0.15498237,-0.1582923,-0.19487974,-0.23847799,-0.2432746,-0.13023984,-0.1547865,-0.15825927,-0.14520228,-0.2961179,-0.15502423,-0.19813283,-0.13051069,-0.1549506,-0.060104962,-0.15931924,-0.15502222,-0.2028091,-0.2868003,-0.11816878,-0.14795661,-0.10060286,-0.15484282,-0.13614628,-0.20725825,-0.17393659,-0.125103,-0.15657571,-0.15690626,-0.1550206,-0.15829512,-0.16221246,-0.22200036,-0.13069606,-0.2814266,-0.15502559,-0.1915083,-0.24371436,-0.16952515,-0.15493071,-0.13369927,-0.12557748,-0.15501696,-0.18106565,-0.15502527,-0.18642783,-0.15496281,-0.30462334,-0.15489724,-0.14691104,-0.13029914,-0.1550102,-0.15828061,-0.18915205,-0.13060501,-0.155016,-0.10481856,-0.1650517,-0.15501365,-0.15829754,-0.15826562,-0.13016109,-0.15490207,-0.15825856,-0.15824755,-0.15826127,-0.15827033,-0.16505513,-0.17392421,-0.15500836,-0.15828905,-0.15827736,-0.15828964,-0.2025511,-0.15354379,-0.14723541,-0.1538707,-0.11499533,-0.10471026,-0.11893196,-0.15501246,-0.15821165,-0.1305586,-0.19501048,-0.15502167,-0.18738703,-0.11705899,-0.17429145,-0.1550112,-0.06652963,-0.1547266,-0.10737923,-0.124497145,-0.15298569,-0.052188452,-0.26007295
k__Bacteria|p__Fusobacteria|c__CFGB76375|o__OFGB76375|f__FGB76375|g__GGB4386|s__GGB4386_SGB6036,-0.1004395,-0.12316422,-0.15360665,-0.15694888,-0.15694913,-0.23867357,-0.1666669,-0.16813041,-0.10929718,-0.22895765,-0.23728925,-0.15361123,-0.22850217,-0.3768707,-0.08556121,-0.15322563,-0.058144663,-0.15309992,-0.15688953,-0.19931981,-0.1978925,-0.12860084,-0.15357749,-0.12711628,-0.20043859,-0.11658599,-0.182019,-0.25032333,-0.1509206,-0.15358225,3.988448,4.3584914,6.9723577,-0.28454733,-0.1535986,-0.12878382,-0.15360893,-0.22338755,-0.15361157,-0.29867563,-0.15361163,-0.29356226,-0.12811783,-0.15347049,-0.13691942,-0.1536063,-0.23188588,-0.24781659,-0.1296162,-0.1287897,-0.24679694,-0.18279888,-0.25087595,-0.26027086,-0.28621647,4.454506,-0.11894142,-0.15352853,-0.040142577,-0.056944285,-0.15291953,-0.11274739,-0.13743341,-0.12867779,-0.15359084,-0.15694466,-0.15694892,-0.15694954,-0.27573854,-0.15357348,-0.12868036,-0.16243835,-0.12334165,-0.14074792,-0.15357898,-0.15887658,-0.14481027,-0.12876913,-0.18691605,-0.14998752,-0.15360008,-0.15692866,-0.15693939,-0.15687668,-0.120334074,-0.13700745,-0.08858878,-0.15359443,-0.19008024,-0.15360507,-0.2004665,-0.11139822,-0.1388583,-0.13027036,-0.1074974,-0.15152657,-0.15351315,-0.15665735,-0.10065024,-0.08152827,-0.09427856,-0.15356033,-0.11960925,-0.15027548,-0.16982608,-0.1185138,-0.15357628,-0.15694311,-0.17738779,-0.15176103,-0.1536078,-0.25953975,-0.17989698,-0.13525523,-0.15360513,-0.15095688,-0.17780018,-0.2009549,-0.15358552,-0.09015879,-0.15332562,-0.12151222,-0.121854745,-0.13997786,-0.21433522,-0.13908121,-0.16057305,-0.15353712,-0.07092635,-0.1530093,-0.15621132,-0.18733518,-0.15336223,-0.12866658,-0.12334781,-0.14100276,-0.15356663,-0.114095174,-0.25318068,-0.26654312,-0.1279209,-0.10945694,-0.15355816,-0.09238048,-0.20963459,-0.15360534,-0.15686911,-0.12818527,-0.15353762,-0.16015086,-0.1553517,-0.15360948,-0.19704957,-0.20616047,-0.12763432,-0.10460003,-0.11361031,-0.10256614,-0.15360244,-0.19495486,-0.15357956,-0.12810552,-0.15345716,-0.041086134,-0.12967405,-0.15360829,-0.2300741,-0.15358818,-0.10384405,-0.15226369,-0.0784167,-0.15347385,-0.12766197,-0.15349269,-0.121451,-0.075820275,-0.09192432,-0.101488546,-0.15335612,-0.15685953,-0.12378413,-0.1534619,-0.1410757,-0.13984437,-0.18093297,-0.15361062,-0.25777104,-0.12844054,-0.15352464,-0.13462572,-0.119081676,-0.1535829,-0.15694511,-0.15694666,-0.1569477,-0.19755594,-0.25103784,-0.20219928,-0.19465852,-0.24831252,-0.20506537,-0.22091979,-0.15359645,-0.12838626,-0.11956477,-0.15359192,-0.15694165,-0.20931396,-0.18224281,-0.15358359,-0.32474133,-0.15360886,-0.15695019,-0.15694918,-0.15694882,-0.2185038,-0.15358278,-0.114121355,-0.15358572,-0.15693587,-0.15694186,-0.22984435,-0.15360293,-0.1569252,-0.08963354,-0.15350763,-0.15690422,-0.15692076,-0.15692207,-0.13302092,-0.1051107,-0.14014931,-0.15141064,-0.15839578,-0.15615125,-0.14613561,-0.15359956,-0.12319561,-0.12874274,-0.15356591,-0.15695003,-0.15694958,-0.1569496,-0.15695007,-0.38518023,-0.11451449,-0.15357292,-0.15564899,-0.14443555,-0.16636807,-0.15360448,-0.15687758,-0.12993515,-0.047159404,-0.14807218,-0.14016809,-0.14106366,-0.15346992,-0.19987361,-0.1649412,-0.17166539,-0.15358385,-0.15691072,-0.12722544,-0.14610182,-0.2588673,-0.12854831,-0.15349063,-0.09132757,-0.12832497,-0.13684332,-0.16221203,-0.15659244,-0.12795712,-0.15336877,-0.15686208,-0.1569076,-0.15693893,-0.15740095,-0.19795567,-0.15106063,-0.07294749,-0.2039893,-0.15357357,-0.1569062,-0.104459345,-0.15323442,-0.17466888,-0.13176009,-0.1535804,-0.15109587,-0.10913184,-0.15342714,-0.05825615,-0.14326635,-0.17082691,-0.15352345,-0.18883844,-0.15360989,-0.31316653,-0.15360078,-0.16808087,-0.14331596,-0.15360275,-0.15694684,-0.25088155,-0.15361024,-0.22115314,-0.07562123,-0.086852394,-0.10702289,-0.060967896,-0.14738533,-0.16796505,-0.15746465,-0.22133875,-0.12812386,-0.0969081,-0.16398169,-0.12716047,-0.11335766,-0.18846886,-0.12873581,-0.17755464,-0.0994983,-0.115196005,-0.15352453,-0.11662802,-0.19749595,-0.14526704,-0.12781724,-0.096878245,-0.15352452,-0.15676518,-0.12434345,-0.11230643,-0.063823454,-0.15345913,-0.11419349,-0.10007019,-0.24483351,-0.15361074,-0.15693909,-0.16344379,-0.1759062,-0.12524253,-0.15359703,-0.0782174,-0.19187105,-0.18185812,-0.09859173,-0.11065883,-0.15329286,-0.15664744,-0.083404,-0.1213824,-0.13072303,-0.13855581,-0.19385117,-0.15357596,-0.15694392,-0.19487974,-0.23847799,-0.2432746,-0.12841146,-0.15341878,-0.15691712,-0.14520228,-0.2961179,-0.15361004,-0.19813283,-0.12864289,-0.1535502,-0.060104962,-0.15931924,-0.15360838,-0.2028091,-0.2868003,-0.11816878,-0.14795661,-0.10060286,-0.15346289,-0.13614628,-0.20725825,-0.17393659,-0.125103,-0.15657571,-0.15690626,-0.15360709,-0.15694618,-0.16221246,-0.22200036,-0.12880392,-0.2814266,-0.15361112,-0.1915083,-0.24371436,-0.16952515,-0.15353006,-0.13369927,-0.12557748,-0.15360415,-0.18106565,-0.15361089,-0.18642783,-0.1535582,-0.30462334,-0.15350658,-0.14691104,-0.13029914,-0.15359874,-0.15693462,-0.18915205,-0.1287288,-0.15360345,-0.10481856,-0.1650517,-0.15360138,-0.15694806,-0.15692085,-0.12832049,-0.1535123,-0.15691629,-0.15690774,-0.15691857,-0.15692621,-0.16505513,-0.17392421,-0.15359715,-0.15694132,-0.15693185,-0.15694182,-0.2025511,-0.15354379,-0.14723541,-0.15266395,-0.11499533,-0.10471026,-0.11893196,-0.15360056,-0.15687548,-0.12869063,-0.19501048,-0.1536079,-0.18738703,-0.11705899,-0.17429145,-0.1535989,-0.06652963,-0.15337045,-0.10737923,-0.124497145,-0.15298569,-0.052188452,-0.26007295
k__Bacteria|p__Fusobacteria|c__CFGB76370|o__OFGB76370|f__FGB76370|g__GGB79751|s__GGB79751_SGB6028,-0.1004395,-0.12316422,-0.15350598,-0.15677795,-0.15677819,-0.23867357,-0.1666669,-0.16813041,-0.10929718,-0.22895765,-0.23728925,-0.15351027,-0.22850217,-0.3768707,-0.08556121,-0.15315107,-0.058144663,-0.15303127,-0.15672241,-0.19931981,-0.1978925,-0.12903276,-0.15347864,-0.12711628,-0.20043859,-0.11658599,-0.182019,-0.25032333,-0.1509206,-0.15348303,-0.15142563,-0.10844302,-0.18249588,-0.28454733,-0.15349834,-0.12920487,-0.15350811,-0.22338755,-0.1535106,-0.29867563,-0.15351066,-0.29356226,-0.12857157,-0.15337825,-0.13691942,-0.15350565,-0.23188588,-0.24781659,-0.1296162,-0.12921035,-0.24679694,-0.18279888,-0.25087595,-0.26027086,-0.28621647,-0.27511892,-0.11894142,-0.15343286,-0.040142577,-0.056944285,-0.15286198,-0.11274739,-0.13743341,-0.1291052,-0.15349117,-0.15677398,-0.15677798,-0.15677857,-0.27573854,-0.15347494,-0.12910719,-0.16243835,-0.12334165,-0.14074792,-0.15348002,-0.15887658,-0.14481027,-0.12919095,-0.18691605,-0.14998752,-0.15349984,-0.15675901,-0.15676905,-0.15670985,-0.120334074,-0.13700745,-0.08858878,-0.1534945,-0.19008024,-0.1535045,-0.2004665,-0.11139822,-0.1388583,-0.13027036,-0.1074974,-0.15152657,-0.15341833,-0.15650488,-0.10065024,-0.08152827,-0.09427856,-0.15346256,-0.11960925,-0.15027548,-0.16982608,-0.1185138,-0.15347755,-0.15677252,-0.17738779,-0.15176103,-0.15350705,-0.25953975,-0.17989698,-0.13525523,-0.15350455,-0.15095688,-0.17780018,-0.2009549,-0.1534861,-0.09015879,-0.15324266,-0.12151222,-0.121854745,-0.13997786,-0.21433522,-0.13908121,-0.16057305,-0.15344083,-0.07092635,-0.15294677,-0.1560868,-0.18733518,-0.15327683,-0.12909378,-0.12334781,-0.14100276,-0.15346849,-0.114095174,-0.25318068,-0.26654312,-0.12839809,-0.10945694,-0.15346053,-0.09238048,-0.20963459,-0.15350476,-0.1567027,-0.12864429,-0.15344143,-0.16015086,-0.1553517,-0.15350863,-0.19704957,-0.20616047,-0.12812603,-0.10460003,-0.11361031,-0.10256614,-0.15350202,-0.19495486,-0.15348041,-0.12856735,-0.15336595,-0.041086134,-0.12967405,-0.15350753,-0.2300741,-0.15348844,-0.10384405,-0.15225516,-0.0784167,-0.1533819,-0.12766197,-0.15339923,-0.121451,-0.075820275,-0.09192432,-0.101488546,-0.15327138,-0.15669426,-0.12378413,-0.15337005,-0.1410757,-0.13984437,-0.18093297,-0.1535097,-0.25777104,-0.12844054,-0.1534287,-0.13462572,-0.119081676,-0.15348375,-0.15677442,-0.15677588,-0.15677685,-0.19755594,-0.25103784,-0.20219928,-0.19465852,-0.24831252,-0.20506537,-0.22091979,-0.15349638,-0.1288306,-0.11956477,-0.15349215,-0.15677115,-0.20931396,-0.18224281,-0.15348433,5.8985605,-0.15350804,-0.15677918,-0.15677823,-0.15677789,3.1959794,-0.15348369,-0.114121355,-0.1534864,-0.15676577,-0.15677139,-0.22984435,-0.1535025,-0.15675597,-0.08963354,-0.15341336,-0.1567361,-0.1567516,-0.15675282,-0.13302092,-0.1051107,-0.14014931,-0.15141064,-0.15839578,-0.15615125,-0.14613561,-0.15349934,-0.12319561,-0.12916622,-0.1534678,-0.15677902,-0.15677862,-0.15677862,-0.15677905,-0.38518023,-0.11451449,-0.15347435,-0.15564899,-0.14443555,-0.16636807,-0.15350395,-0.15671092,-0.12993515,-0.047159404,-0.14832042,-0.14016809,-0.14106366,-0.15337783,-0.19987361,-0.1649412,-0.17166539,-0.15348461,-0.15674217,-0.12722544,-0.14610182,-0.2588673,-0.12898432,-0.1533973,-0.09132757,-0.12832497,-0.13684332,-0.16221203,-0.15659244,-0.12843755,-0.15328367,-0.15669663,-0.1567393,-0.15676862,-0.15740095,-0.19795567,-0.15106063,-0.07294749,-0.2039893,-0.15347499,-0.15673798,-0.104459345,-0.1531614,-0.17466888,-0.13176009,-0.15348136,-0.15109587,-0.10913184,-0.15333825,-0.05825615,-0.14326635,-0.17082691,-0.15342796,-0.18883844,-0.15350902,-0.31316653,-0.1535005,-0.16808087,-0.14331596,-0.15350232,-0.15677603,-0.25088155,-0.15350935,-0.22115314,-0.07562123,-0.086852394,-0.10702289,-0.060967896,-0.14767632,-0.16796505,-0.15746465,-0.22133875,-0.12812386,-0.0969081,-0.16398169,-0.12716047,-0.11335766,-0.18846886,-0.12915958,-0.17755464,-0.0994983,-0.115196005,-0.15342902,-0.11662802,-0.19749595,-0.14526704,-0.12781724,-0.096878245,-0.15342908,-0.15660587,-0.12434345,-0.11230643,-0.063823454,-0.15336794,-0.11419349,-0.10007019,-0.24483351,-0.1535098,-0.15676871,-0.16344379,-0.1759062,-0.12524253,-0.15349697,-0.0782174,-0.19187105,-0.18185812,-0.09859173,-0.11065883,-0.15321197,-0.15649548,-0.083404,-0.1213824,-0.13072303,-0.13855581,-0.19385117,-0.15347724,-0.15677328,-0.19487974,-0.23847799,-0.2432746,-0.12885651,-0.15332997,-0.1567482,-0.14520228,-0.2961179,-0.15350917,-0.19813283,-0.12907298,-0.15345311,-0.060104962,-0.15931924,-0.15350759,-0.2028091,-0.2868003,-0.11816878,-0.14795661,-0.10060286,-0.15337126,-0.13614628,-0.20725825,-0.17393659,-0.125103,-0.15657571,-0.15690626,-0.15350638,-0.15677541,-0.16221246,-0.22200036,-0.12922372,-0.2814266,-0.15351017,-0.1915083,-0.24371436,-0.16952515,-0.15343377,-0.13369927,-0.12557748,-0.15350363,-0.18106565,-0.15350996,-0.18642783,-0.15346038,-0.30462334,-0.1534122,-0.14691104,-0.13029914,-0.15349859,-0.1567646,-0.18915205,-0.12915303,-0.15350297,-0.10481856,-0.1650517,-0.15350103,-0.15677719,-0.15675147,-0.12877354,-0.15341756,-0.15674743,-0.15673941,-0.15674955,-0.15675679,-0.16505513,-0.17392421,-0.15349708,-0.15677087,-0.15676199,-0.15677133,-0.2025511,-0.15354379,-0.14723541,-0.15262252,-0.11499533,-0.10471026,-0.11893196,-0.15350026,-0.15670876,-0.12911737,-0.19501048,-0.15350714,-0.18738703,-0.11705899,-0.17429145,-0.15349858,-0.06652963,-0.1532849,-0.10737923,-0.124497145,-0.15298569,-0.052188452,-0.26007295
k__Bacteria|p__Fusobacteria|c__Fusobacteriia|o__Fusobacteriales|f__Fusobacteriaceae|g__Fusobacterium|s__Fusobacterium_pseudoperiodonticum,-0.1004395,-0.12316422,-0.14781441,-0.1510011,-0.15100135,-0.23867357,-0.1666669,-0.16813041,-0.10929718,-0.22895765,-0.23728925,-0.14781903,-0.22850217,-0.3768707,-0.08556121,-0.14743747,-0.058144663,-0.14731595,-0.15094158,1.0300956,-0.1978925,-0.12397006,-0.14778535,-0.12711628,-0.20043859,-0.11658599,-0.182019,-0.25032333,-0.1509206,-0.14778964,-0.15142563,-0.10844302,-0.18249588,-0.28454733,-0.14780584,-0.12414755,-0.14781675,-0.22338755,-0.14781936,1.5278869,-0.14781943,-0.29356226,-0.12350775,-0.1476762,-0.13691942,-0.14781414,1.8746734,-0.24781659,-0.1296162,-0.12415305,-0.24679694,-0.18279888,-0.25087595,-0.26027086,-0.28621647,-0.27511892,-0.11894142,-0.14773667,-0.040142577,-0.056944285,-0.14712316,-0.11274739,-0.13743341,-0.12404384,-0.14779839,-0.15099692,-0.15100113,-0.15100175,-0.27573854,-0.14777997,-0.12404569,-0.16243835,-0.12334165,-0.14074792,-0.14778689,-0.15887658,-0.14481027,-0.124133065,-0.18691605,-0.14998752,-0.14780791,-0.15098092,-0.1509915,-0.15092379,-0.120334074,-0.13700745,-0.08858878,-0.1478023,-0.19008024,-0.1478129,0.76265556,-0.11139822,-0.1388583,-0.13027036,-0.1074974,-0.15152657,-0.14772153,-0.15068856,-0.10065024,-0.08152827,-0.09427856,-0.14776838,-0.11960925,-0.15027548,-0.16982608,-0.1185138,-0.1477837,-0.15099534,-0.17738779,-0.15176103,-0.14781557,-0.25953975,-0.17989698,-0.13525523,-0.14781296,-0.15095688,-0.17780018,-0.2009549,-0.14779173,-0.09015879,-0.1475365,-0.12151222,-0.121854745,-0.13997786,-0.21433522,-0.13908121,-0.16057305,-0.14774549,-0.07092635,-0.14721936,-0.15025094,-0.18733518,-0.14756182,-0.12403481,-0.12334781,-0.14100276,-0.14777458,-0.114095174,1.590863,-0.26654312,-0.12332694,-0.10945694,-0.14776634,-0.09238048,-0.20963459,-0.14781317,-0.15091589,-0.12357856,-0.14774506,-0.16015086,-0.1553517,-0.14781727,-0.19704957,-0.20616047,-0.12306252,-0.10460003,-0.11361031,-0.10256614,-0.14781031,-0.19495486,-0.14778614,-0.12350178,-0.14766616,-0.041086134,-0.12967405,-0.147816,0.63766354,-0.14779472,1.1069648,-0.14647686,-0.0784167,-0.14768161,-0.12766197,-0.14770105,-0.121451,-0.075820275,-0.09192432,-0.101488546,-0.14756553,-0.15091255,-0.12378413,-0.14766067,-0.1410757,-0.13984437,-0.18093297,-0.14781842,-0.25777104,-0.12844054,-0.1477285,-0.13462572,-0.119081676,-0.14779109,-0.15099733,-0.15099889,-0.15099993,-0.19755594,1.4170283,-0.20219928,-0.19465852,0.5892971,-0.20506537,-0.22091979,-0.1478037,-0.12376402,-0.11956477,-0.14779985,-0.15099385,-0.20931396,-0.18224281,-0.1477903,-0.32474133,-0.14781667,-0.15100242,-0.1510014,-0.15100105,-0.2185038,-0.1477893,-0.114121355,-0.14779316,-0.15098774,-0.15099403,-0.22984435,-0.14781085,-0.15097609,-0.08963354,-0.14771526,-0.15095702,-0.15097278,-0.15097468,-0.13302092,-0.1051107,-0.14014931,-0.15141064,-0.15839578,1.1385398,-0.14613561,-0.14780754,-0.12319561,-0.12410669,-0.14777318,-0.15100226,-0.15100181,-0.15100181,-0.15100229,-0.38518023,-0.11451449,-0.14778069,-0.15564899,-0.14443555,-0.16636807,-0.14781222,-0.15092683,-0.12993515,-0.047159404,-0.14219493,-0.14016809,-0.14106366,-0.14767754,-0.19987361,-0.1649412,-0.17166539,-0.1477918,-0.15096366,-0.12722544,-0.14610182,-0.2588673,-0.123922534,-0.14769936,-0.09132757,-0.12832497,-0.13684332,-0.16221203,-0.15659244,-0.123377636,-0.1475758,-0.15091473,-0.15096009,-0.1509912,-0.15740095,-0.19795567,-0.15106063,-0.07294749,-0.2039893,-0.1477811,-0.1509591,-0.104459345,-0.14742976,-0.17466888,-0.13176009,-0.14778864,-0.15109587,-0.10913184,-0.14763543,-0.05825615,-0.14326635,-0.17082691,-0.147731,-0.18883844,-0.14781766,-0.31316653,-0.14780816,-0.16808087,-0.14331596,-0.14781055,-0.15099901,-0.25088155,-0.147818,-0.22115314,-0.07562123,-0.086852394,-0.10702289,-0.060967896,-0.14151433,-0.16796505,-0.15746465,-0.22133875,-0.12812386,-0.0969081,5.5981536,-0.12716047,-0.11335766,-0.18846886,-0.12410016,-0.17755464,-0.0994983,-0.115196005,-0.14773232,-0.11662802,-0.19749595,-0.14526704,-0.12781724,-0.096878245,-0.14773348,-0.1508185,-0.12434345,-0.11230643,-0.063823454,-0.14766759,-0.11419349,-0.10007019,-0.24483351,-0.14781854,-0.15099055,-0.16344379,-0.1759062,-0.12524253,-0.14780493,-0.0782174,-0.19187105,-0.18185812,-0.09859173,-0.11065883,-0.14750332,-0.15070125,-0.083404,-0.1213824,-0.13072303,-0.13855581,-0.19385117,-0.1477834,-0.15099613,-0.19487974,-0.23847799,-0.2432746,-0.123789325,-0.14762743,-0.1509692,-0.14520228,-0.2961179,-0.14781784,-0.19813283,-0.124010846,-0.14775771,-0.060104962,-0.15931924,-0.14781612,1.1806103,-0.2868003,-0.11816878,-0.14795661,-0.10060286,-0.14766991,-0.13614628,-0.20725825,-0.17393659,-0.125103,-0.15657571,-0.15690626,-0.14781484,-0.15099841,-0.16221246,-0.22200036,-0.12416707,-0.2814266,-0.1478189,-0.1915083,-0.24371436,-0.16952515,-0.1477325,-0.13369927,-0.12557748,-0.14781187,2.388687,-0.14781868,-0.18642783,-0.14776312,-0.30462334,-0.1477133,-0.14691104,-0.13029914,-0.14780656,-0.15098695,-0.18915205,-0.12409338,-0.14781125,-0.10481856,-0.1650517,-0.14780906,-0.15100029,-0.15097085,-0.123704076,-0.14772087,-0.15096816,-0.15095986,-0.15097055,-0.1509785,-0.16505513,-0.17392421,-0.14780486,-0.15099362,-0.15098405,-0.15099409,-0.2025511,-0.15354379,-0.14723541,-0.14685708,-0.11499533,-0.10471026,-0.11893196,-0.14780834,-0.15092337,-0.12405718,-0.19501048,-0.14781561,0.7949825,-0.11705899,-0.17429145,-0.14780557,-0.06652963,-0.14758036,-0.10737923,-0.124497145,-0.15298569,-0.052188452,-0.26007295
k__Bacteria|p__Fusobacteria|c__Fusobacteriia|o__Fusobacteriales|f__Fusobacteriaceae|g__Fusobacterium|s__Fusobacterium_nucleatum,-0.1004395,-0.12316422,-0.14338022,-0.14644077,-0.14644116,-0.23867357,-0.1666669,-0.16813041,-0.10929718,-0.22895765,-0.23728925,-0.14338724,-0.22850217,-0.3768707,-0.08556121,-0.14281636,-0.058144663,-0.14260104,-0.14635059,-0.19931981,-0.1978925,-0.120392874,-0.14333564,-0.12711628,-0.20043859,-0.11658599,-0.182019,-0.25032333,-0.1509206,-0.14334291,-0.15142563,-0.10844302,-0.18249588,3.4021945,-0.14336841,-0.12065222,-0.14338371,-0.22338755,-0.14338776,-0.29867563,-0.14338787,2.512535,-0.11969518,-0.14317317,-0.13691942,-0.14337966,1.2173803,3.8314028,1.7399005,-0.120660424,-0.24679694,-0.18279888,-0.25087595,-0.26027086,-0.28621647,1.1260846,-0.11894142,-0.14326161,-0.040142577,-0.056944285,-0.14232506,-0.11274739,-0.13743341,-0.12050225,-0.14335617,-0.14643428,-0.14644086,-0.14644179,0.58203256,-0.143333,-0.120502785,-0.16243835,-0.12334165,-0.14074792,-0.14333749,-0.15887658,-0.14481027,-0.12063062,-0.18691605,-0.14998752,-0.1433702,-0.14640976,-0.14642635,-0.14633727,-0.120334074,5.354423,1.2011235,-0.14336142,3.7053013,-0.14337775,-0.2004665,-0.11139822,-0.1388583,-0.13027036,-0.1074974,-0.15152657,-0.14323637,-0.14603621,-0.10065024,-0.08152827,-0.09427856,-0.14330924,-0.11960925,-0.15027548,2.308716,-0.1185138,-0.14333415,-0.14643192,-0.17738779,-0.15176103,-0.14338198,-0.25953975,-0.17989698,-0.13525523,-0.14337784,-0.15095688,-0.17780018,-0.2009549,-0.1433501,-0.09015879,-0.14294857,-0.12151222,-0.121854745,-0.13997786,-0.21433522,-0.13908121,-0.16057305,-0.14327376,-0.07092635,-0.1424738,-0.14531589,-0.18733518,-0.14301401,-0.120494016,-0.12334781,-0.14100276,-0.14331871,-0.114095174,-0.25318068,-0.26654312,-0.11950518,-0.10945694,-0.14330563,-0.09238048,5.305026,-0.14337817,-0.14632365,-0.11984302,-0.14327607,-0.16015086,-0.1553517,-0.14338458,-0.19704957,-0.20616047,-0.11912067,-0.10460003,-0.11361031,-0.10256614,-0.14337364,0.6471729,-0.14334029,-0.11976677,-0.14315131,-0.041086134,-0.12967405,-0.14338276,-0.2300741,-0.14335304,-0.10384405,-0.14136812,-0.0784167,-0.14318028,-0.12766197,-0.14320573,-0.121451,-0.075820275,-0.09192432,-0.101488546,-0.14299843,-0.14630368,-0.12378413,-0.14317846,-0.1410757,-0.13984437,6.6617613,-0.14338632,6.0874157,1.9862514,-0.14326221,-0.13462572,-0.119081676,-0.14334366,-0.14643505,-0.14643738,-0.14643902,-0.19755594,4.025192,2.4002995,-0.19465852,5.491754,5.1600547,4.216843,-0.14336517,-0.12011709,-0.11956477,-0.14335752,-0.14642969,-0.20931396,-0.18224281,-0.14334679,-0.32474133,-0.14338356,-0.1464428,-0.14644124,-0.14644068,-0.2185038,-0.14334753,-0.114121355,-0.14334868,-0.1464211,-0.14643013,-0.22984435,-0.14337449,-0.14640912,-0.08963354,-0.14323029,-0.14637199,-0.1463978,-0.14639935,-0.13302092,-0.1051107,-0.14014931,-0.15141064,-0.15839578,-0.15615125,-0.14613561,-0.1433692,-0.12319561,-0.12059064,-0.14331783,-0.14644255,-0.14644188,-0.14644188,-0.14644262,-0.38518023,-0.11451449,-0.14332834,-0.15564899,-0.14443555,-0.16636807,-0.1433769,-0.146334,-0.12993515,-0.047159404,-0.13491431,-0.14016809,-0.14106366,-0.1431698,-0.19987361,-0.1649412,-0.17166539,-0.14334504,-0.14638166,-0.12722544,-0.14610182,-0.2588673,-0.120335534,-0.14320353,-0.09132757,-0.12832497,-0.13684332,-0.16221203,-0.15659244,-0.119624145,-0.143024,-0.14630821,-0.14637744,-0.14642552,-0.15740095,-0.19795567,-0.15106063,-0.07294749,2.1346965,-0.14332965,-0.14637542,1.1081792,-0.14293039,-0.17466888,-0.13176009,-0.1433395,-0.15109587,-0.10913184,-0.14311217,-0.05825615,-0.14326635,-0.17082691,-0.14325252,-0.18883844,-0.1433852,-0.31316653,-0.14337155,-0.16808087,-0.14331596,-0.14337417,-0.1464377,-0.25088155,-0.14338574,-0.22115314,-0.07562123,-0.086852394,-0.10702289,-0.060967896,-0.1338552,-0.16796505,-0.15746465,-0.22133875,-0.12812386,-0.0969081,-0.16398169,-0.12716047,-0.11335766,-0.18846886,-0.12058258,-0.17755464,-0.0994983,-0.115196005,-0.14325437,-0.11662802,-0.19749595,-0.14526704,-0.12781724,-0.096878245,-0.14325437,-0.14616048,-0.12434345,-0.11230643,-0.063823454,-0.1431567,-0.11419349,-0.10007019,-0.24483351,-0.14338645,-0.14642644,-0.16344379,-0.1759062,-0.12524253,-0.14336532,-0.0782174,-0.19187105,-0.18185812,-0.09859173,-0.11065883,-0.14289856,-0.1459789,-0.083404,-0.1213824,-0.13072303,4.248277,3.2481804,-0.14333338,-0.14643314,-0.19487974,-0.23847799,-0.2432746,-0.12013541,-0.14309308,-0.1463922,-0.14520228,-0.2961179,-0.14338541,-0.19813283,-0.12045843,-0.14329451,-0.060104962,-0.15931924,-0.1433829,-0.2028091,-0.2868003,-0.11816878,-0.14795661,-0.10060286,-0.14316064,-0.13614628,-0.20725825,-0.17393659,-0.125103,-0.15657571,-0.15690626,-0.1433809,-0.14643663,-0.16221246,0.72616845,-0.12068184,-0.2814266,-0.14338708,6.059543,2.8097622,-0.16952515,-0.14327033,-0.13369927,-0.12557748,-0.14337641,-0.18106565,-0.14338672,-0.18642783,-0.14330903,-0.30462334,-0.14322685,-0.14691104,-0.13029914,-0.14336807,-0.14641884,-0.18915205,-0.12057178,-0.1433753,-0.10481856,-0.1650517,-0.14337218,-0.14643955,-0.1464001,-0.12004095,-0.14323533,-0.14639106,-0.14637803,-0.1463946,-0.14640665,-0.16505513,-0.17392421,-0.14336571,-0.14642912,-0.14641458,-0.1464299,-0.2025511,-0.15354379,-0.14723541,-0.14193869,-0.11499533,-0.10471026,-0.11893196,-0.1433709,-0.14633319,-0.120515086,-0.19501048,-0.14338216,-0.18738703,-0.11705899,-0.17429145,-0.14336976,-0.06652963,-0.1430217,-0.10737923,-0.124497145,-0.15298569,-0.052188452,-0.26007295
k__Bacteria|p__Candidatus_Saccharibacteria|c__Candidatus_Nanosyncoccalia|o__Candidatus_Nanosyncoccales|f__Candidatus_Nanosyncoccacae|g__Candidatus_Nanosyncoccus|s__Candidatus_Nanosyncoccus_SGB19793,-0.1004395,-0.12316422,-0.15506208,-0.1584505,-0.15845075,-0.23867357,-0.1666669,-0.16813041,-0.10929718,-0.22895765,-0.23728925,-0.15506682,-0.22850217,-0.3768707,-0.08556121,-0.15467298,-0.058144663,-0.1545515,-0.15838955,-0.19931981,-0.1978925,-0.12971163,-0.15503237,-0.12711628,-0.20043859,-0.11658599,-0.182019,-0.25032333,-0.1509206,-0.15503679,-0.15142563,-0.10844302,-0.18249588,-0.28454733,-0.15505335,-0.12989704,-0.1550645,-0.22338755,-0.15506718,-0.29867563,-0.15506724,-0.29356226,-0.12921566,-0.1549204,-0.13691942,-0.15506183,-0.23188588,-0.24781659,-0.1296162,-0.12990274,-0.24679694,-0.18279888,-0.25087595,-0.26027086,-0.28621647,-0.27511892,-0.11894142,-0.15498239,-0.040142577,-0.056944285,-0.15435344,-0.11274739,-0.13743341,-0.129788,-0.15504566,-0.15844621,-0.15845053,-0.15845117,-0.27573854,-0.15502709,-0.12979074,-0.16243835,-0.12334165,-0.14074792,-0.15503392,-0.15887658,-0.14481027,-0.12988195,-0.18691605,-0.14998752,-0.15505545,-0.1584298,-0.15844063,-0.15837257,-0.120334074,-0.13700745,-0.08858878,-0.15504968,-0.19008024,-0.15506053,-0.2004665,-0.11139822,-0.1388583,-0.13027036,-0.1074974,-0.15152657,-0.15496695,-0.15813577,-0.10065024,-0.08152827,-0.09427856,-0.15501499,-0.11960925,-0.15027548,-0.16982608,-0.1185138,-0.1550307,-0.15844458,-0.17738779,-0.15176103,-0.15506329,-0.25953975,-0.17989698,-0.13525523,-0.15506062,-0.15095688,-0.17780018,-0.2009549,-0.15503901,-0.09015879,-0.15477726,-0.12151222,-0.121854745,-0.13997786,-0.21433522,-0.13908121,-0.16057305,-0.15499151,-0.07092635,-0.15445182,-0.15768102,-0.18733518,-0.15480383,-0.12977329,-0.12334781,-0.14100276,-0.15502131,-0.114095174,-0.25318068,-0.26654312,-0.12902763,-0.10945694,-0.15501285,-0.09238048,-0.20963459,-0.15506084,-0.15836468,-0.12928796,-0.15499109,-0.16015086,-0.1553517,-0.15506503,-0.19704957,-0.20616047,-0.12873566,-0.10460003,-0.11361031,-0.10256614,-0.15505792,-0.19495486,-0.15503351,-0.1292007,-0.15491039,-0.041086134,-0.12967405,-0.15506375,-0.2300741,-0.15504232,-0.10384405,-0.1536909,-0.0784167,-0.15492614,-0.12766197,-0.15494587,-0.121451,-0.075820275,-0.09192432,-0.101488546,-0.1548065,-0.15835977,-0.12378413,-0.1549069,-0.1410757,-0.13984437,-0.18093297,-0.15506622,-0.25777104,-0.12844054,-0.15497583,-0.13462572,-0.119081676,-0.15503821,-0.15844661,-0.15844822,-0.15844929,-0.19755594,-0.25103784,-0.20219928,-0.19465852,-0.24831252,-0.20506537,-0.22091979,-0.15505126,-0.1294859,-0.11956477,-0.15504721,-0.15844306,-0.20931396,-0.18224281,-0.15503752,-0.32474133,-0.15506442,-0.15845186,-0.15845081,-0.15845045,-0.2185038,-0.15503676,-0.114121355,-0.15504035,-0.15843678,-0.15844329,-0.22984435,-0.15505844,-0.15842503,-0.08963354,-0.15496045,-0.15840538,-0.15842147,-0.15842342,-0.13302092,-0.1051107,-0.14014931,-0.15141064,-0.15839578,-0.15615125,-0.14613561,-0.15505506,-0.12319561,-0.12985453,-0.15501979,-0.15845168,-0.15845123,-0.15845123,-0.1584517,-0.38518023,-0.11451449,-0.15502755,-0.15564899,-0.14443555,-0.16636807,-0.15505984,-0.15837485,-0.12993515,-0.047159404,-0.14930032,-0.14016809,-0.14106366,-0.15492183,-0.19987361,-0.1649412,-0.17166539,-0.15503895,-0.15841213,-0.12722544,-0.14610182,-0.2588673,-0.12966001,-0.15494406,-0.09132757,-0.12832497,-0.13684332,-0.16221203,-0.15659244,-0.1290714,-0.15481754,-0.15836199,-0.15840852,-0.15844034,-0.15740095,-0.19795567,-0.15106063,-0.07294749,-0.2039893,-0.15502796,-0.15840751,-0.104459345,-0.15467921,-0.17466888,-0.13176009,-0.15503573,-0.15109587,-0.10913184,-0.15487814,-0.05825615,-0.14326635,-0.17082691,-0.1549766,-0.18883844,-0.15506542,-0.31316653,-0.15505576,-0.16808087,-0.14331596,-0.15505815,-0.15844834,-0.25088155,-0.15506577,-0.22115314,-0.07562123,-0.086852394,-0.10702289,-0.060967896,-0.14860156,-0.16796505,-0.15746465,-0.22133875,-0.12812386,-0.0969081,-0.16398169,-0.12716047,-0.11335766,-0.18846886,-0.12984774,-0.17755464,-0.0994983,-0.115196005,-0.15497796,-0.11662802,-0.19749595,-0.14526704,-0.12781724,-0.096878245,-0.15497915,-0.15826327,-0.12434345,-0.11230643,-0.063823454,-0.15491152,-0.11419349,-0.10007019,-0.24483351,-0.15506631,-0.15843992,-0.16344379,-0.1759062,-0.12524253,-0.1550524,-0.0782174,-0.19187105,-0.18185812,-0.09859173,-0.11065883,-0.15474331,-0.15814316,-0.083404,-0.1213824,-0.13072303,-0.13855581,-0.19385117,-0.15503031,-0.15844542,-0.19487974,-0.23847799,-0.2432746,-0.12952349,-0.15487033,-0.1584178,-0.14520228,-0.2961179,-0.15506563,-0.19813283,-0.12975343,-0.15500396,-0.060104962,-0.15931924,-0.15506387,-0.2028091,-0.2868003,-0.11816878,-0.14795661,-0.10060286,-0.15491392,-0.13614628,-0.20725825,-0.17393659,-0.125103,-0.15657571,-0.15690626,-0.15506253,-0.15844774,-0.16221246,-0.22200036,-0.12991723,-0.2814266,-0.1550667,-0.1915083,-0.24371436,-0.16952515,-0.15497948,-0.13369927,-0.12557748,-0.15505952,-0.18106565,-0.15506646,-0.18642783,-0.15501,-0.30462334,-0.15495841,-0.14691104,-0.13029914,-0.15505403,-0.158436,-0.18915205,-0.12984122,-0.15505888,-0.10481856,-0.1650517,-0.1550566,-0.15844966,-0.1584201,-0.12943278,-0.1549662,-0.15841672,-0.15840822,-0.15841916,-0.15842737,-0.16505513,-0.17392421,-0.15505229,-0.15844281,-0.15843302,-0.15844333,-0.2025511,-0.15354379,-0.14723541,-0.15408015,-0.11499533,-0.10471026,-0.11893196,-0.15505588,-0.1583719,-0.12980348,-0.19501048,-0.15506336,-0.18738703,-0.11705899,-0.17429145,-0.1550535,-0.06652963,-0.15482202,-0.10737923,-0.124497145,-0.15298569,-0.052188452,-0.26007295
k__Bacteria|p__Candidatus_Saccharibacteria|c__Candidatus_Nanosyncoccalia|o__Candidatus_Nanogingivales|f__Candidatus_Nanogingivalaceae|g__GGB12785|s__GGB12785_SGB19824,-0.1004395,-0.12316422,-0.15523103,-0.15850371,-0.15850402,-0.23867357,-0.1666669,-0.16813041,-0.10929718,-0.22895765,-0.23728925,-0.15523607,-0.22850217,-0.3768707,-0.08556121,-0.15480193,-0.058144663,-0.15465857,-0.158438,-0.19931981,-0.1978925,-0.13071771,-0.15519845,-0.12711628,-0.20043859,-0.11658599,-0.182019,-0.25032333,-0.1509206,-0.15520412,-0.15142563,-0.10844302,-0.18249588,-0.28454733,-0.15522215,-0.13092421,-0.15523353,-0.22338755,-0.15523648,-0.29867563,-0.15523654,-0.29356226,-0.13017213,-0.15508136,-0.13691942,-0.15523058,-0.23188588,-0.24781659,0.77193755,-0.1309309,-0.24679694,-0.18279888,-0.25087595,-0.26027086,-0.28621647,-0.27511892,-0.11894142,-0.15514398,-0.040142577,-0.056944285,-0.15447426,-0.11274739,-0.13743341,-0.13080607,-0.1552137,-0.158499,-0.1585038,-0.15850447,-0.27573854,-0.15519497,-0.13080828,-0.16243835,-0.12334165,-0.14074792,-0.15520015,-0.15887658,-0.14481027,-0.13090704,-0.18691605,-0.14998752,-0.1552237,-0.15848128,-0.15849334,-0.1584245,-0.120334074,-0.13700745,-0.08858878,-0.15521735,-0.19008024,-0.15522923,-0.2004665,-0.11139822,-0.1388583,-0.13027036,-0.1074974,-0.15152657,-0.15512662,-0.15817484,-0.10065024,-0.08152827,-0.09427856,-0.15517916,-0.11960925,-0.15027548,-0.16982608,-0.1185138,-0.15519759,-0.1584973,-0.17738779,-0.15176103,-0.15523231,-0.25953975,-0.17989698,-0.13525523,-0.1552293,-0.15095688,-0.17780018,-0.2009549,-0.15520847,-0.09015879,-0.15491569,-0.12151222,-0.121854745,-0.13997786,-0.21433522,-0.13908121,-0.16057305,-0.15515321,-0.07092635,-0.15456504,-0.15770024,-0.18733518,-0.15496695,-0.13079247,-0.12334781,-0.14100276,-0.15518637,-0.114095174,-0.25318068,-0.26654312,-0.12996759,-0.10945694,-0.15517676,-0.09238048,-0.20963459,-0.15522951,-0.15841827,-0.13025944,-0.15515448,-0.16015086,-0.1553517,-0.15523416,-0.19704957,-0.20616047,-0.12966183,-0.10460003,-0.11361031,-0.10256614,-0.15522622,-0.19495486,-0.15520099,-0.13018093,-0.1550632,-0.041086134,-0.12967405,-0.15523289,-0.2300741,-0.15521076,-0.10384405,-0.15372896,-0.0784167,-0.1550836,-0.12766197,-0.15510386,-0.121451,-0.075820275,-0.09192432,-0.101488546,-0.15495121,-0.15840364,-0.12378413,-0.15506858,-0.1410757,-0.13984437,-0.18093297,-0.15523541,-0.25777104,-0.12844054,-0.15514079,-0.13462572,-0.119081676,-0.15520427,-0.15849954,-0.15850127,-0.15850243,-0.19755594,-0.25103784,-0.20219928,-0.19465852,-0.24831252,-0.20506537,-0.22091979,-0.15521994,-0.13048175,-0.11956477,-0.15521446,-0.15849572,-0.20931396,-0.18224281,-0.15520576,-0.32474133,-0.15523341,-0.1585052,-0.15850405,-0.15850365,-0.2185038,-0.1552051,-0.114121355,-0.15520817,-0.1584897,-0.15849598,-0.22984435,-0.1552268,-0.1584782,-0.08963354,-0.15512125,-0.15845355,-0.15847279,-0.15847355,-0.13302092,-0.1051107,-0.14014931,-0.15141064,-0.15839578,-0.15615125,-0.14613561,-0.15522292,-0.12319561,-0.13087852,-0.1551865,-0.15850501,-0.15850453,-0.15850452,-0.15850505,-0.38518023,-0.11451449,-0.1551936,-0.15564899,-0.14443555,-0.16636807,-0.15522869,-0.15842685,-0.12993515,-0.047159404,-0.14918509,-0.14016809,-0.14106366,-0.1550797,-0.19987361,-0.1649412,-0.17166539,-0.15520555,-0.15846066,-0.12722544,-0.14610182,-0.2588673,-0.13065901,-0.15510118,-0.09132757,-0.12832497,-0.13684332,-0.16221203,-0.15659244,-0.13003823,-0.15496789,-0.15840697,-0.15845758,-0.15849261,-0.15740095,-0.19795567,-0.15106063,-0.07294749,-0.2039893,-0.15519463,-0.15845567,-0.104459345,-0.15483521,-0.17466888,-0.13176009,-0.15520135,-0.15109587,-0.10913184,-0.15503144,-0.05825615,-0.14326635,-0.17082691,-0.15513903,-0.18883844,-0.15523463,-0.31316653,-0.15522486,-0.16808087,-0.14331596,-0.15522665,-0.15850152,-0.25088155,-0.15523502,-0.22115314,-0.07562123,-0.086852394,-0.10702289,-0.060967896,-0.14842528,-0.16796505,-0.15746465,-0.22133875,-0.12812386,-0.0969081,-0.16398169,-0.12716047,-0.11335766,-0.18846886,-0.13087016,-0.17755464,-0.0994983,-0.115196005,-0.15513988,-0.11662802,-0.19749595,-0.14526704,-0.12781724,-0.096878245,-0.15513866,-0.15829878,-0.12434345,-0.11230643,-0.063823454,-0.1550663,-0.11419349,-0.10007019,-0.24483351,-0.15523553,-0.15849316,-0.16344379,-0.1759062,-0.12524253,-0.15522021,-0.0782174,-0.19187105,-0.18185812,-0.09859173,-0.11065883,-0.15488002,-0.15816739,-0.083404,-0.1213824,-0.13072303,-0.13855581,-0.19385117,-0.15519735,-0.1584982,-0.19487974,-0.23847799,-0.2432746,-0.13051966,-0.15502179,-0.15846866,-0.14520228,-0.2961179,-0.15523475,-0.19813283,-0.13076617,-0.15516867,-0.060104962,-0.15931924,-0.15523297,-0.2028091,-0.2868003,-0.11816878,-0.14795661,-0.10060286,-0.1550722,-0.13614628,-0.20725825,-0.17393659,-0.125103,-0.15657571,-0.15690626,-0.1552315,-0.1585007,-0.16221246,-0.22200036,-0.13094686,-0.2814266,-0.15523595,-0.1915083,-0.24371436,-0.16952515,-0.15514733,-0.13369927,-0.12557748,-0.15522829,-0.18106565,-0.15523571,-0.18642783,-0.15517843,-0.30462334,-0.1551213,-0.14691104,-0.13029914,-0.15522224,-0.15848781,-0.18915205,-0.13086161,-0.1552274,-0.10481856,-0.1650517,-0.15522529,-0.15850285,-0.15847331,-0.1304206,-0.15512544,-0.15846795,-0.15845817,-0.15847042,-0.15847847,-0.16505513,-0.17392421,-0.15522058,-0.1584953,-0.15848488,-0.15849583,-0.2025511,-0.15354379,-0.14723541,-0.15420288,-0.11499533,-0.10471026,-0.11893196,-0.15522425,-0.15842353,-0.13081773,-0.19501048,-0.15523246,-0.18738703,-0.11705899,-0.17429145,-0.15522252,-0.06652963,-0.15496555,-0.10737923,-0.124497145,-0.15298569,-0.052188452,-0.26007295
k__Bacteria|p__Candidatus_Saccharibacteria|c__Candidatus_Nanosyncoccalia|o__Candidatus_Nanogingivales|f__Candidatus_Nanogingivalaceae|g__GGB12785|s__GGB12785_SGB19825,-0.1004395,-0.12316422,-0.15395652,-0.15717965,-0.15717989,-0.23867357,-0.1666669,-0.16813041,-0.10929718,-0.22895765,-0.23728925,-0.15396008,-0.22850217,-0.3768707,-0.08556121,-0.1536541,-0.058144663,-0.15354723,-0.15713339,-0.19931981,-0.1978925,-0.12987086,-0.15393342,-0.12711628,-0.20043859,1.6541581,-0.182019,-0.25032333,-0.1509206,-0.15393777,-0.15142563,-0.10844302,-0.18249588,-0.28454733,-0.15395057,-0.13001667,-0.15395826,-0.22338755,-0.15396035,-0.29867563,-0.15396039,-0.29356226,-0.12948737,-0.15385257,-0.13691942,-0.15395615,-0.23188588,-0.24781659,-0.1296162,-0.13002166,-0.24679694,-0.18279888,-0.25087595,-0.26027086,-0.28621647,-0.27511892,-0.11894142,-0.15389465,-0.040142577,-0.056944285,-0.15342666,-0.11274739,-0.13743341,-0.12993507,-0.15394448,-0.15717633,-0.15717974,-0.15718019,-0.27573854,-0.15393165,-0.12993535,-0.16243835,-0.12334165,-0.14074792,-0.15393463,-0.15887658,-0.14481027,-0.1300046,-0.18691605,-0.14998752,-0.15395129,-0.15716383,-0.15717247,-0.15712687,-0.120334074,-0.13700745,-0.08858878,-0.15394677,-0.19008024,-0.1539552,-0.2004665,-0.11139822,-0.1388583,-0.13027036,-0.1074974,-0.15152657,-0.15388243,-0.15695918,-0.10065024,-0.08152827,-0.09427856,-0.15391964,-0.11960925,-0.15027548,-0.16982608,-0.1185138,-0.15393311,-0.15717515,-0.17738779,-0.15176103,-0.1539574,-0.25953975,-0.17989698,-0.13525523,-0.15395525,-0.15095688,-0.17780018,-0.2009549,-0.15394165,-0.09015879,-0.1537319,-0.12151222,-0.121854745,-0.13997786,-0.21433522,-0.13908121,-0.16057305,-0.15390116,-0.07092635,-0.15348661,-0.15662418,-0.18733518,-0.15377644,-0.12992793,-0.12334781,-0.14100276,-0.1539248,-0.114095174,-0.25318068,-0.26654312,-0.12932964,-0.10945694,-0.15391788,-0.09238048,-0.20963459,-0.1539554,-0.157122,-0.12955347,-0.15390278,-0.16015086,-0.1553517,-0.15395871,-0.19704957,-0.20616047,-0.12908989,-0.10460003,-0.11361031,-0.10256614,-0.15395303,-0.19495486,-0.15393592,-0.12949273,-0.15383734,-0.041086134,-0.12967405,-0.15395787,-0.2300741,-0.15394278,-0.10384405,-0.15289569,-0.0784167,-0.1538523,-0.12766197,-0.15386641,-0.121451,-0.075820275,-0.09192432,-0.101488546,-0.15375844,-0.15710852,-0.12378413,-0.15384631,-0.1410757,-0.13984437,-0.18093297,-0.1539596,-0.25777104,-0.12844054,-0.15389301,-0.13462572,-0.119081676,-0.15393732,-0.1571767,-0.15717793,-0.15717876,-0.19755594,-0.25103784,-0.20219928,-0.19465852,-0.24831252,-0.20506537,-0.22091979,-0.15394893,-0.12971477,-0.11956477,-0.15394469,-0.15717405,-0.20931396,-0.18224281,-0.15393919,-0.32474133,-0.15395816,-0.15718071,-0.1571799,-0.15717962,-0.2185038,-0.15393814,-0.114121355,-0.15394057,-0.15717009,-0.15717423,-0.22984435,-0.15395345,-0.15716195,-0.08963354,-0.15387908,-0.15714377,-0.15715803,-0.15715809,-0.13302092,-0.1051107,-0.14014931,-0.15141064,-0.15839578,-0.15615125,-0.14613561,-0.15395062,-0.12319561,-0.12998526,-0.1539256,-0.15718059,-0.15718025,-0.15718025,-0.1571806,-0.38518023,-0.11451449,-0.15393011,-0.15564899,-0.14443555,-0.16636807,-0.1539549,-0.15712729,-0.12993515,-0.047159404,-0.14977185,-0.14016809,-0.14106366,-0.15384999,-0.19987361,-0.1649412,-0.17166539,-0.15393838,-0.15714878,-0.12722544,-0.14610182,-0.2588673,-0.12983,-0.15386438,-0.09132757,-0.12832497,-0.13684332,-0.16221203,-0.15659244,-0.12936157,-0.15377082,-0.15711102,-0.15714687,-0.15717179,-0.15740095,-0.19795567,-0.15106063,-0.07294749,-0.2039893,-0.153931,-0.15714519,-0.104459345,-0.15366146,-0.17466888,-0.13176009,-0.15393516,-0.15109587,-0.10913184,-0.15381521,-0.05825615,-0.14326635,-0.17082691,-0.1538918,-0.18883844,-0.15395905,-0.31316653,-0.1539524,-0.16808087,-0.14331596,-0.15395337,-0.15717816,-0.25088155,-0.15395933,-0.22115314,-0.07562123,-0.086852394,-0.10702289,-0.060967896,-0.14922729,-0.16796505,-0.15746465,-0.22133875,-0.12812386,-0.0969081,2.3777704,-0.12716047,-0.11335766,-0.18846886,-0.12997931,-0.17755464,-0.0994983,-0.115196005,-0.15389225,-0.11662802,-0.19749595,-0.14526704,-0.12781724,-0.096878245,-0.1538903,-0.15703431,-0.12434345,-0.11230643,-0.063823454,-0.15383992,-0.11419349,-0.10007019,-0.24483351,-0.15395966,-0.1571726,-0.16344379,-0.1759062,-0.12524253,-0.15394877,-0.0782174,-0.19187105,-0.18185812,-0.09859173,-0.11065883,-0.15370718,-0.15694164,-0.083404,-0.1213824,-0.13072303,-0.13855581,-0.19385117,-0.15393302,-0.15717575,-0.19487974,-0.23847799,-0.2432746,-0.12972358,-0.15380839,-0.15715505,-0.14520228,-0.2961179,-0.15395913,-0.19813283,-0.12990557,-0.15391274,-0.060104962,-0.15931924,-0.1539579,-0.2028091,-0.2868003,-0.11816878,-0.14795661,-0.10060286,-0.15384522,-0.13614628,-0.20725825,-0.17393659,-0.125103,-0.15657571,-0.15690626,-0.15395686,-0.15717752,1.356631,-0.22200036,-0.13003293,-0.2814266,-0.15395999,-0.1915083,-0.24371436,-0.16952515,-0.1538997,-0.13369927,-0.12557748,-0.1539546,-0.18106565,-0.1539598,-0.18642783,-0.15392077,-0.30462334,-0.15388006,-0.14691104,-0.13029914,-0.1539503,-0.15716836,-0.18915205,-0.12997247,-0.15395391,-0.10481856,-0.1650517,-0.15395257,-0.15717907,-0.15715936,-0.12965946,-0.15388158,-0.15715477,-0.15714757,-0.15715638,-0.15716174,-0.16505513,-0.17392421,-0.1539492,-0.1571737,-0.15716639,-0.15717405,-0.2025511,-0.15354379,-0.14723541,-0.15324426,-0.11499533,-0.10471026,-0.11893196,-0.15395173,-0.15712534,-0.1299411,-0.19501048,-0.15395756,-0.18738703,-0.11705899,-0.17429145,-0.15395087,-0.06652963,-0.15376839,-0.10737923,-0.124497145,-0.15298569,-0.052188452,-0.26007295
k__Bacteria|p__Candidatus_Saccharibacteria|c__Candidatus_Saccharibacteria_unclassified|o__Candidatus_Saccharibacteria_unclassified|f__Candidatus_Saccharibacteria_unclassified|g__Candidatus_Saccharibacteria_unclassified|s__Candidatus_Saccharibacteria_unclassified_SGB19858,-0.1004395,-0.12316422,-0.15357178,-0.15679246,-0.15679273,-0.23867357,-0.1666669,-0.16813041,-0.10929718,-0.22895765,-0.23728925,-0.15357596,-0.22850217,-0.3768707,-0.08556121,-0.15321584,-0.058144663,-0.15309483,-0.15673833,-0.19931981,-0.1978925,-0.12947726,-0.15354475,-0.12711628,-0.20043859,-0.11658599,-0.182019,-0.25032333,-0.1509206,-0.15354955,-0.15142563,-0.10844302,-0.18249588,-0.28454733,-0.1535643,-0.12965071,-0.15357384,-0.22338755,-0.15357628,-0.29867563,-0.15357634,-0.29356226,-0.129006,-0.15344843,-0.13691942,-0.1535714,-0.23188588,-0.24781659,-0.1296162,-0.1296563,-0.24679694,-0.18279888,-0.25087595,-0.26027086,-0.28621647,-0.27511892,-0.11894142,-0.15349974,-0.040142577,-0.056944285,-0.15294755,-0.11274739,-0.13743341,-0.129552,-0.15355755,-0.15678856,-0.15679255,-0.15679309,-0.27573854,-0.1535424,-0.12955342,-0.16243835,-0.12334165,-0.14074792,-0.15354615,-0.15887658,-0.14481027,-0.12963602,-0.18691605,-0.14998752,-0.1535657,-0.15677392,-0.15678397,-0.1567275,-0.120334074,-0.13700745,-0.08858878,-0.15356041,-0.19008024,-0.15357026,-0.2004665,-0.11139822,-0.1388583,-0.13027036,-0.1074974,-0.15152657,-0.15348509,-0.1565191,-0.10065024,-0.08152827,-0.09427856,-0.1535287,-0.11960925,-0.15027548,-0.16982608,-0.1185138,-0.15354428,-0.15678714,-0.17738779,-0.15176103,-0.15357283,-0.25953975,-0.17989698,-0.13525523,-0.1535703,-0.15095688,-0.17780018,-0.2009549,-0.15355338,-0.09015879,-0.15330961,-0.12151222,-0.121854745,-0.13997786,-0.21433522,-0.13908121,-0.16057305,-0.15350717,-0.07092635,-0.15302064,-0.15613359,-0.18733518,-0.15335652,-0.1295383,-0.12334781,-0.14100276,-0.15353476,-0.114095174,-0.25318068,-0.26654312,-0.12885179,-0.10945694,-0.1535267,-0.09238048,-0.20963459,-0.1535705,-0.15672308,-0.12909353,-0.15350878,-0.16015086,-0.1553517,-0.15357435,-0.19704957,-0.20616047,-0.12859614,-0.10460003,-0.11361031,-0.10256614,-0.15356775,-0.19495486,-0.15354681,-0.12902719,-0.15343237,-0.041086134,-0.12967405,-0.15357333,-0.2300741,-0.15355499,-0.10384405,-0.15233213,-0.0784167,-0.15345043,-0.12766197,-0.15346637,-0.121451,-0.075820275,-0.09192432,-0.101488546,-0.15333968,-0.15670934,-0.12378413,-0.15343799,-0.1410757,-0.13984437,-0.18093297,-0.15357539,-0.25777104,-0.12844054,-0.1534978,-0.13462572,-0.119081676,-0.15354949,-0.156789,-0.15679044,-0.15679142,-0.19755594,-0.25103784,-0.20219928,-0.19465852,-0.24831252,-0.20506537,-0.22091979,-0.15356272,-0.12927936,-0.11956477,-0.15355799,-0.15678586,-0.20931396,-0.18224281,-0.15355103,-0.32474133,-0.15357374,-0.15679368,-0.15679273,-0.1567924,-0.2185038,-0.15355095,-0.114121355,-0.15355308,-0.15678105,-0.15678608,3.5049663,-0.15356822,-0.15677217,-0.08963354,-0.15348127,-0.15675074,-0.15676698,-0.15676731,-0.13302092,-0.1051107,-0.14014931,-0.15141064,-0.15839578,-0.15615125,-0.14613561,-0.15356497,-0.12319561,-0.12961262,-0.15353519,-0.15679353,-0.15679315,-0.15679315,-0.15679356,-0.38518023,-0.11451449,-0.15354082,-0.15564899,-0.14443555,-0.16636807,-0.15356986,-0.1567297,-0.12993515,-0.047159404,-0.14860865,-0.14016809,-0.14106366,-0.15344667,-0.19987361,-0.1649412,-0.17166539,-0.1535506,-0.1567565,-0.12722544,-0.14610182,-0.2588673,-0.12942904,-0.15346402,-0.09132757,-0.12832497,-0.13684332,1.2187926,-0.15659244,-0.12891878,-0.15335548,-0.15671235,-0.1567542,-0.15678325,-0.15740095,-0.19795567,-0.15106063,-0.07294749,-0.2039893,-0.15354174,-0.1567525,-0.104459345,-0.15325116,-0.17466888,-0.13176009,-0.15354699,-0.15109587,-0.10913184,-0.15340686,-0.05825615,-0.14326635,-0.17082691,-0.15349573,-0.18883844,-0.15357475,-0.31316653,-0.15356684,-0.16808087,-0.14331596,-0.15356812,-0.15679067,-0.25088155,-0.1535751,-0.22115314,-0.07562123,-0.086852394,-0.10702289,-0.060967896,-0.14797795,-0.16796505,-0.15746465,-0.22133875,-0.12812386,-0.0969081,-0.16398169,-0.12716047,-0.11335766,-0.18846886,-0.12960535,-0.17755464,-0.0994983,-0.115196005,-0.15349635,-0.11662802,-0.19749595,-0.14526704,-0.12781724,-0.096878245,-0.1534949,-0.15662256,-0.12434345,-0.11230643,-0.063823454,-0.15343547,-0.11419349,-0.10007019,-0.24483351,-0.15357548,-0.15678382,-0.16344379,-0.1759062,-0.12524253,-0.15356275,-0.0782174,-0.19187105,-0.18185812,-0.09859173,-0.11065883,-0.15328029,-0.15651354,-0.083404,-0.1213824,-0.13072303,-0.13855581,-0.19385117,-0.15354407,-0.15678789,-0.19487974,-0.23847799,-0.2432746,-0.12931757,-0.1533984,-0.15676352,-0.14520228,-0.2961179,-0.15357485,-0.19813283,-0.12951879,-0.15352032,-0.060104962,-0.15931924,-0.1535734,-0.2028091,-0.2868003,-0.11816878,-0.14795661,-0.10060286,-0.15344062,-0.13614628,-0.20725825,-0.17393659,-0.125103,-0.15657571,-0.15690626,-0.15357217,-0.15678997,-0.16221246,-0.22200036,-0.12966964,-0.2814266,-0.15357587,-0.1915083,-0.24371436,-0.16952515,-0.15350318,-0.13369927,-0.12557748,-0.15356952,-0.18106565,-0.15357563,-0.18642783,-0.15352875,-0.30462334,-0.15348148,-0.14691104,-0.13029914,-0.1535645,-0.15677926,-0.18915205,-0.12959808,-0.15356873,-0.10481856,-0.1650517,-0.15356708,-0.15679175,-0.1567676,-0.12923881,-0.15348406,-0.15676303,-0.15675487,-0.15676507,-0.15677163,-0.16505513,-0.17392421,-0.15356317,-0.15678547,-0.15677689,-0.15678594,-0.2025511,-0.15354379,-0.14723541,-0.1527278,-0.11499533,-0.10471026,-0.11893196,-0.15356615,-0.15672672,-0.12956129,-0.19501048,-0.15357298,-0.18738703,-0.11705899,-0.17429145,-0.15356481,-0.06652963,-0.1533514,-0.10737923,-0.124497145,-0.15298569,-0.052188452,-0.26007295
k__Bacteria|p__Candidatus_Saccharibacteria|c__Candidatus_Nanosyncoccalia|o__Candidatus_Nanogingivales|f__Candidatus_Nanogingivalaceae|g__Candidatus_Nanogingivalis|s__Candidatus_Nanogingivalis_gingivitcus,-0.1004395,-0.12316422,-0.15154584,-0.15480356,-0.15480411,-0.23867357,-0.1666669,-0.16813041,-0.10929718,-0.22895765,-0.23728925,-0.15155494,-0.22850217,0.78507966,-0.08556121,-0.15078823,-0.058144663,-0.15051836,-0.15468553,-0.19931981,-0.1978925,-0.12698299,-0.15148686,-0.12711628,-0.20043859,-0.11658599,-0.182019,-0.25032333,-0.1509206,-0.15149692,-0.15142563,-0.10844302,-0.18249588,-0.28454733,-0.15152884,-0.12735075,-0.15155032,-0.22338755,-0.15155564,-0.29867563,-0.15155578,-0.29356226,-0.12602572,-0.15127584,-0.13691942,-0.15154497,-0.23188588,-0.24781659,-0.1296162,-0.12736303,-0.24679694,-0.18279888,-0.25087595,-0.26027086,-0.28621647,-0.27511892,-0.11894142,-0.15138954,-0.040142577,-0.056944285,-0.15018916,-0.11274739,-0.13743341,-0.12714231,-0.15151483,-0.15479507,-0.15480372,-0.15480492,-0.27573854,-0.15147991,-0.12714484,-0.16243835,-0.12334165,-0.14074792,-0.15149024,-0.15887658,-0.14481027,-0.12731954,-0.18691605,-0.14998752,-0.15153265,-0.15476325,-0.154785,-0.15465392,-0.120334074,-0.13700745,-0.08858878,-0.1515212,-0.19008024,-0.15154257,-0.2004665,-0.11139822,-0.1388583,-0.13027036,-0.1074974,-0.15152657,-0.15135802,-0.15420091,-0.10065024,-0.08152827,-0.09427856,-0.15145215,-0.11960925,-0.15027548,-0.16982608,-0.1185138,-0.15148544,-0.15479198,-0.17738779,-0.15176103,-0.15154812,-0.25953975,-0.17989698,-0.13525523,-0.15154265,-0.15095688,-0.17780018,-0.2009549,-0.15150344,-0.09015879,-0.15097913,-0.12151222,-0.121854745,-0.13997786,-0.21433522,-0.13908121,-0.16057305,-0.15140559,-0.07092635,-0.15035447,-0.15336761,1.571283,-0.15107113,-0.1271257,-0.12334781,-0.14100276,-0.15146548,-0.114095174,-0.25318068,-0.26654312,-0.12571514,-0.10945694,-0.15144804,-0.09238048,-0.20963459,-0.15154311,-0.15464225,-0.12621644,-0.15140851,-0.16015086,-0.1553517,-0.15155146,-0.19704957,-0.20616047,-0.12519595,-0.10460003,-0.11361031,-0.10256614,-0.15153712,-0.19495486,-0.15148865,-0.12608062,-0.15124372,-0.041086134,-0.12967405,-0.15154922,-0.2300741,-0.15150602,-0.10384405,-0.14887732,-0.0784167,-0.1512815,-0.12766197,-0.1513175,-0.121451,-0.075820275,-0.09192432,-0.101488546,-0.15104458,-0.15462361,-0.12378413,-0.15124922,-0.1410757,-0.13984437,-0.18093297,-0.15155374,-0.25777104,-0.12844054,-0.15137684,-0.13462572,-0.119081676,-0.15149763,-0.15479603,-0.15479916,-0.15480126,-0.19755594,2.7159247,2.5044436,-0.19465852,-0.24831252,-0.20506537,-0.22091979,-0.1515252,-0.12659508,-0.11956477,-0.15151584,-0.15478916,-0.20931396,-0.18224281,-0.15149939,-0.32474133,-0.15155014,-0.15480623,-0.15480417,-0.15480345,-0.2185038,-0.15149784,-0.114121355,-0.15150481,-0.15477848,-0.15478954,-0.22984435,-0.1515382,-0.15475696,-0.08963354,-0.15134895,-0.15471315,-0.15474805,-0.15474916,4.482767,-0.1051107,-0.14014931,-0.15141064,-0.15839578,-0.15615125,-0.14613561,-0.15153113,-0.12319561,-0.12726857,-0.15146619,-0.1548059,-0.15480503,-0.15480503,-0.15480599,-0.38518023,-0.11451449,-0.1514785,-0.15564899,-0.14443555,-0.16636807,-0.15154168,-0.15466246,-0.12993515,-0.047159404,-0.14073867,-0.14016809,-0.14106366,-0.15127414,-0.19987361,-0.1649412,-0.17166539,-0.15149991,-0.15472583,-0.12722544,-0.14610182,-0.2588673,-0.1268908,-0.15131266,-0.09132757,-0.12832497,-0.13684332,-0.16221203,1.2739899,-0.12585312,-0.15107486,-0.15462962,-0.15472035,-0.15478352,-0.15740095,-0.19795567,-0.15106063,-0.07294749,1.5772343,-0.15148056,-0.154717,-0.104459345,-0.15084016,-0.17466888,-0.13176009,-0.15149218,-0.15109587,-0.10913184,-0.15118891,-0.05825615,-0.14326635,-0.17082691,-0.15138064,-0.18883844,-0.15155233,-0.31316653,-0.15153475,-0.16808087,-0.14331596,-0.15153787,-0.15479963,-0.25088155,-0.15155303,-0.22115314,-0.07562123,-0.086852394,-0.10702289,-0.060967896,-0.13936806,-0.16796505,-0.15746465,-0.22133875,-0.12812386,-0.0969081,1.9483423,-0.12716047,-0.11335766,-0.18846886,-0.12725356,-0.17755464,-0.0994983,-0.115196005,-0.151382,-0.11662802,-0.19749595,-0.14526704,-0.12781724,-0.096878245,-0.15137938,-0.15443513,-0.12434345,-0.11230643,-0.063823454,-0.15125068,-0.11419349,-0.10007019,-0.24483351,-0.15155394,-0.15478298,-0.16344379,-0.1759062,-0.12524253,-0.1515263,-0.0782174,-0.19187105,-0.18185812,-0.09859173,-0.11065883,-0.15091512,-0.15419929,-0.083404,-0.1213824,-0.13072303,-0.13855581,-0.19385117,-0.1514854,-0.15479356,-0.19487974,-0.23847799,-0.2432746,-0.12663734,-0.15117018,-0.15474051,-0.14520228,-0.2961179,-0.15155257,-0.19813283,-0.12707135,-0.15143389,-0.060104962,-0.15931924,-0.15154931,-0.2028091,-0.2868003,-0.11816878,-0.14795661,-0.10060286,-0.1512605,-0.13614628,-0.20725825,-0.17393659,-0.125103,-0.15657571,-0.15690626,-0.15154669,-0.1547981,-0.16221246,-0.22200036,-0.1273917,-0.2814266,-0.15155473,-0.1915083,-0.24371436,-0.16952515,-0.15138724,-0.13369927,-0.12557748,-0.15154089,-0.18106565,-0.15155426,-0.18642783,-0.15144849,-0.30462334,-0.15134935,-0.14691104,-0.13029914,-0.15153004,-0.15477487,-0.18915205,-0.12723634,-0.15153919,-0.10481856,-0.1650517,-0.15153559,-0.154802,-0.15474473,-0.12647346,-0.15135592,-0.15473942,-0.15472186,-0.15474384,-0.15475814,-0.16505513,-0.17392421,-0.15152709,-0.1547884,-0.15476972,-0.15478936,-0.2025511,-0.15354379,-0.14723541,-0.14970717,-0.11499533,-0.10471026,-0.11893196,-0.15153363,-0.15465301,-0.12716103,-0.19501048,-0.15154845,-0.18738703,-0.11705899,-0.17429145,-0.15152758,-0.06652963,-0.15107003,-0.10737923,-0.124497145,-0.15298569,-0.052188452,-0.26007295
k__Bacteria|p__Candidatus_Saccharibacteria|c__Candidatus_Nanosyncoccalia|o__Candidatus_Nanogingivales|f__Candidatus_Nanogingivalaceae|g__GGB12785|s__GGB12785_SGB19823,-0.1004395,-0.12316422,-0.15306559,-0.15632384,-0.15632412,-0.23867357,-0.1666669,-0.16813041,-0.10929718,-0.22895765,-0.23728925,-0.15307081,1.551708,2.1943672,-0.08556121,-0.1526429,-0.058144663,-0.15249915,-0.15625666,-0.19931981,-0.1978925,-0.12867253,-0.15303272,-0.12711628,-0.20043859,-0.11658599,-0.182019,-0.25032333,-0.1509206,-0.15303783,-0.15142563,-0.10844302,-0.18249588,-0.28454733,-0.15305643,-0.12886788,-0.15306821,-0.22338755,-0.1530712,-0.29867563,-0.15307127,-0.29356226,-0.12815687,-0.15291055,-0.13691942,-0.15306526,-0.23188588,-0.24781659,3.1551783,-0.12887402,-0.24679694,-0.18279888,-0.25087595,-0.26027086,-0.28621647,-0.27511892,-0.11894142,-0.15297765,-0.040142577,-0.056944285,-0.1522853,-0.11274739,-0.13743341,-0.12875351,-0.1530476,-0.15631908,-0.15632388,-0.1563246,-0.27573854,-0.1530284,-0.12875551,-0.16243835,-0.12334165,-0.14074792,-0.15303436,-0.15887658,-0.14481027,-0.12885165,-0.18691605,-0.14998752,-0.15305823,-0.15630096,-0.15631305,-0.15624239,-0.120334074,-0.13700745,-0.08858878,-0.15305182,-0.19008024,-0.15306385,-0.2004665,-0.11139822,-0.1388583,-0.13027036,-0.1074974,-0.15152657,-0.15296027,-0.1560094,-0.10065024,-0.08152827,-0.09427856,-0.15301347,-0.11960925,-0.15027548,-0.16982608,-0.1185138,-0.15303111,-0.15631735,-0.17738779,-0.15176103,-0.1530669,-0.25953975,-0.17989698,-0.13525523,-0.15306392,-0.15095688,-0.17780018,-0.2009549,-0.15304153,-0.09015879,-0.15274999,-0.12151222,-0.121854745,-0.13997786,-0.21433522,-0.13908121,-0.16057305,-0.15298745,-0.07092635,-0.15239519,-0.15548235,-0.18733518,-0.15278712,-0.12874217,-0.12334781,-0.14100276,-0.15302041,-0.114095174,-0.25318068,-0.26654312,-0.12798417,-0.10945694,-0.15301101,-0.09238048,-0.20963459,-0.15306416,-0.15623236,-0.12825131,-0.15298766,-0.16015086,-0.1553517,-0.15306884,-0.19704957,-0.20616047,-0.1276595,-0.10460003,-0.11361031,-0.10256614,-0.15306091,-0.19495486,-0.15303521,-0.12817313,-0.152898,-0.041086134,-0.12967405,-0.15306744,-0.2300741,-0.1530445,-0.10384405,-0.1515666,-0.0784167,-0.15291604,-0.12766197,-0.15293723,-0.121451,-0.075820275,-0.09192432,-0.101488546,-0.1527839,-0.15622339,-0.12378413,-0.15290588,-0.1410757,-0.13984437,-0.18093297,-0.15307012,-0.25777104,-0.12844054,-0.15297365,-0.13462572,-0.119081676,-0.153039,-0.15631956,-0.15632132,-0.15632252,-0.19755594,-0.25103784,-0.20219928,-0.19465852,-0.24831252,-0.20506537,-0.22091979,-0.15305397,-0.1284587,-0.11956477,-0.15304907,-0.15631565,-0.20931396,-0.18224281,-0.15303952,-0.32474133,-0.15306813,-0.15632534,-0.15632418,-0.15632378,-0.2185038,-0.15303847,-0.114121355,-0.15304175,-0.15630895,-0.1563159,-0.22984435,-0.15306151,-0.15629674,-0.08963354,-0.15295362,-0.15627363,-0.1562919,-0.15629372,-0.13302092,-0.1051107,-0.14014931,-0.15141064,-0.15839578,-0.15615125,-0.14613561,-0.1530577,-0.12319561,-0.12882221,-0.15301919,-0.15632515,-0.15632464,-0.15632465,-0.15632519,-0.38518023,-0.11451449,-0.15302745,-0.15564899,-0.14443555,-0.16636807,-0.15306313,-0.15624212,-0.12993515,-0.047159404,-0.1467559,-0.14016809,-0.14106366,-0.15291071,-0.19987361,-0.1649412,-0.17166539,-0.1530399,-0.15628105,-0.12722544,-0.14610182,-0.2588673,-0.12862663,-0.15293543,-0.09132757,2.526088,-0.13684332,-0.16221203,-0.15659244,-0.12803972,-0.15279731,-0.15622598,-0.15627733,-0.15631261,-0.15740095,-0.19795567,-0.15106063,-0.07294749,-0.2039893,-0.15302807,-0.15627603,-0.104459345,-0.15269816,-0.17466888,-0.13176009,-0.15303615,-0.15109587,-0.10913184,-0.15286437,-0.05825615,-0.14326635,-0.17082691,-0.1529713,-0.18883844,-0.15306929,-0.31316653,-0.15305883,-0.16808087,-0.14331596,-0.15306121,-0.1563215,-0.25088155,-0.15306967,-0.22115314,-0.07562123,-0.086852394,-0.10702289,-0.060967896,-0.14597747,-0.16796505,-0.15746465,-0.22133875,-0.12812386,-0.0969081,-0.16398169,-0.12716047,-0.11335766,-0.18846886,-0.12881607,-0.17755464,-0.0994983,-0.115196005,-0.15297279,-0.11662802,-0.19749595,-0.14526704,-0.12781724,-0.096878245,-0.15297344,-0.1561172,-0.12434345,-0.11230643,-0.063823454,-0.15289979,-0.11419349,-0.10007019,-0.24483351,-0.15307024,-0.15631257,-0.16344379,-0.1759062,-0.12524253,-0.1530548,-0.0782174,-0.19187105,-0.18185812,-0.09859173,-0.11065883,-0.15271309,-0.15598452,-0.083404,-0.1213824,-0.13072303,-0.13855581,-0.19385117,-0.15303071,-0.15631822,-0.19487974,-0.23847799,-0.2432746,-0.12847628,-0.15285397,-0.15628785,-0.14520228,-0.2961179,-0.15306948,-0.19813283,-0.12871845,-0.15300176,-0.060104962,-0.15931924,-0.15306756,-0.2028091,-0.2868003,-0.11816878,-0.14795661,-0.10060286,-0.1529027,-0.13614628,-0.20725825,-0.17393659,-0.125103,-0.15657571,-0.15690626,-0.15306608,-0.15632078,-0.16221246,-0.22200036,-0.12888986,-0.2814266,-0.15307069,-0.1915083,-0.24371436,-0.16952515,-0.15297854,-0.13369927,-0.12557748,-0.15306276,-0.18106565,-0.15307042,-0.18642783,-0.15301001,-0.30462334,-0.1529517,-0.14691104,-0.13029914,-0.15305668,-0.15630776,0.8217876,-0.12880795,-0.15306202,-0.10481856,-0.1650517,-0.15305959,-0.15632293,-0.1562917,-0.12839927,-0.1529595,-0.15628678,-0.15627721,-0.15628938,-0.1562983,-0.16505513,-0.17392421,-0.15305482,-0.15631533,-0.15630454,-0.15631586,-0.2025511,-0.15354379,-0.14723541,-0.15198997,-0.11499533,-0.10471026,-0.11893196,-0.15305874,-0.15624037,-0.12876737,-0.19501048,-0.153067,-0.18738703,-0.11705899,-0.17429145,-0.15305677,-0.06652963,-0.15280128,-0.10737923,-0.124497145,-0.15298569,-0.052188452,-0.26007295
k__Bacteria|p__Candidatus_Saccharibacteria|c__Candidatus_Saccharibacteria_unclassified|o__Candidatus_Saccharibacteria_unclassified|f__Candidatus_Saccharibacteria_unclassified|g__Candidatus_Saccharibacteria_unclassified|s__TM7_phylum_sp_oral_taxon_352,-0.1004395,-0.12316422,-0.14793387,-0.15117422,-0.15117462,-0.23867357,-0.1666669,0.84007126,-0.10929718,-0.22895765,-0.23728925,-0.14794043,-0.22850217,0.6147825,-0.08556121,-0.1473844,-0.058144663,-0.1471957,-0.15108925,-0.19931981,-0.1978925,-0.12361023,-0.14789194,-0.12711628,-0.20043859,2.0683444,-0.182019,0.7391991,-0.1509206,-0.14789924,-0.15142563,-0.10844302,-0.18249588,-0.28454733,-0.14792293,-0.1238686,-0.14793712,-0.22338755,-0.14794093,-0.29867563,-0.14794102,-0.29356226,-0.12291324,-0.14774063,-0.13691942,-0.14793333,-0.23188588,2.8283644,1.6508878,-0.123876944,-0.24679694,-0.18279888,-0.25087595,-0.26027086,-0.28621647,-0.27511892,-0.11894142,-0.14782158,-0.040142577,-0.056944285,-0.14695135,-0.11274739,-0.13743341,-0.1237189,-0.14791138,-0.15116812,-0.15117432,-0.15117519,-0.27573854,-0.14788842,-0.12372166,-0.16243835,-0.12334165,-0.14074792,-0.14789392,-0.15887658,-0.14481027,-0.12384729,-0.18691605,-0.14998752,-0.1479244,-0.15114518,-0.15116076,-0.15107712,-0.120334074,-0.13700745,-0.08858878,-0.14791617,-0.19008024,-0.14793155,-0.2004665,-0.11139822,-0.1388583,-0.13027036,-0.1074974,-0.15152657,-0.1477988,-0.15077014,-0.10065024,-0.08152827,-0.09427856,-0.14786702,-0.11960925,-0.15027548,-0.16982608,-0.1185138,-0.14789078,-0.15116596,-0.17738779,-0.15176103,-0.14793551,-0.25953975,-0.17989698,-0.13525523,-0.14793164,-0.15095688,-0.17780018,-0.2009549,-0.14790581,-0.09015879,-0.14752649,-0.12151222,-0.121854745,-0.13997786,-0.21433522,-0.13908121,-0.16057305,-0.1478335,-0.07092635,-0.14707494,-0.15012968,-0.18733518,-0.14759392,-0.12369934,-0.12334781,-0.14100276,-0.14787608,-0.114095174,-0.25318068,1.7032793,-0.12269148,-0.10945694,-0.14786375,-0.09238048,-0.20963459,-0.14793192,-0.15106715,-0.1230318,-0.14783517,-0.16015086,-0.1553517,-0.14793794,-0.19704957,-0.20616047,-0.12230793,-0.10460003,-0.11361031,-0.10256614,-0.14792767,-0.19495486,-0.14789687,-0.122949645,-0.14771786,-0.041086134,-0.12967405,-0.14793628,-0.2300741,-0.14790922,-0.10384405,-0.14600503,-0.0784167,-0.14774378,-0.12766197,-0.14776942,-0.121451,-0.075820275,-0.09192432,-0.101488546,-0.14757204,-0.15104488,-0.12378413,-0.14773488,-0.1410757,-0.13984437,-0.18093297,-0.14793956,-0.25777104,-0.12844054,-0.14782196,-0.13462572,-0.119081676,-0.14789928,-0.1511688,-0.15117106,-0.15117256,-0.19755594,4.4334416,2.826848,1.2571483,1.9764912,-0.20506537,-0.22091979,-0.14791995,-0.12330929,-0.11956477,-0.14791255,-0.1511639,-0.20931396,1.6394649,-0.14790203,-0.32474133,-0.14793697,-0.15117612,-0.15117466,-0.15117414,-0.2185038,-0.14790183,-0.114121355,-0.14790426,-0.15115604,-0.15116426,-0.22984435,-0.14792842,-0.15114203,-0.08963354,-0.14779195,-0.1511094,-0.1511341,-0.1511352,2.8719757,-0.1051107,-0.14014931,-0.15141064,-0.15839578,-0.15615125,-0.14613561,-0.14792344,-0.12319561,-0.12380992,-0.14787596,-0.15117589,-0.15117526,-0.15117528,-0.15117595,-0.38518023,-0.11451449,-0.14788541,-0.15564899,-0.14443555,-0.16636807,-0.14793082,-0.15107614,-0.12993515,-0.047159404,-0.14007287,0.84873027,-0.14106366,-0.14773756,-0.19987361,-0.1649412,-0.17166539,-0.14790091,-0.15111859,-0.12722544,-0.14610182,-0.2588673,-0.12354249,-0.14776641,-0.09132757,-0.12832497,-0.13684332,-0.16221203,-0.15659244,-0.122797,-0.14759481,-0.15104923,-0.15111466,-0.15115988,-0.15740095,-0.19795567,-0.15106063,-0.07294749,1.4002458,-0.14788663,-0.15111223,-0.104459345,-0.14745228,-0.17466888,-0.13176009,-0.14789556,-0.15109587,-0.10913184,-0.14767757,-0.05825615,-0.14326635,-0.17082691,-0.14781456,-0.18883844,-0.14793853,-0.31316653,-0.14792594,-0.16808087,-0.14331596,-0.14792821,-0.15117137,-0.25088155,-0.14793904,-0.22115314,-0.07562123,-0.086852394,-0.10702289,-0.060967896,-0.13908768,-0.16796505,-0.15746465,-0.22133875,-0.12812386,-0.0969081,-0.16398169,-0.12716047,-0.11335766,-0.18846886,-0.12380049,-0.17755464,-0.0994983,-0.115196005,-0.14781591,-0.11662802,-0.19749595,-0.14526704,-0.12781724,-0.096878245,-0.14781481,-0.15090969,-0.12434345,-0.11230643,-0.063823454,-0.14772134,-0.11419349,-0.10007019,-0.24483351,-0.1479397,-0.15116137,-0.16344379,-0.1759062,-0.12524253,-0.14791988,-0.0782174,-0.19187105,-0.18185812,-0.09859173,-0.11065883,-0.14748046,-0.15073963,-0.083404,-0.1213824,-0.13072303,-0.13855581,-0.19385117,-0.14789021,-0.15116711,-0.19487974,-0.23847799,-0.2432746,-0.123366095,-0.14766337,-0.15112886,-0.14520228,-0.2961179,-0.14793871,-0.19813283,-0.123672426,-0.14785326,-0.060104962,-0.15931924,-0.1479364,-0.2028091,0.7940908,-0.11816878,-0.14795661,-0.10060286,-0.14772826,-0.13614628,-0.20725825,-0.17393659,-0.125103,-0.15657571,-0.15690626,-0.1479345,-0.15117034,-0.16221246,2.306335,-0.12389742,-0.2814266,-0.14794028,-0.1915083,-0.24371436,-0.16952515,-0.14783035,-0.13369927,-0.12557748,-0.14793032,-0.18106565,-0.14793992,-0.18642783,-0.14786744,-0.30462334,-0.14779128,-0.14691104,-0.13029914,-0.1479225,-0.15115364,-0.18915205,-0.12379045,-0.14792924,-0.10481856,-0.1650517,-0.1479264,-0.15117308,-0.15113708,-0.12325187,-0.1477974,-0.15112782,-0.15111521,-0.15113103,-0.1511417,-0.16505513,-0.17392421,-0.14792031,-0.15116331,-0.15114978,-0.15116403,-0.2025511,-0.15354379,-0.14723541,-0.1465966,-0.11499533,-0.10471026,-0.11893196,-0.14792511,-0.15107444,-0.123733565,-0.19501048,-0.14793572,-0.18738703,-0.11705899,-0.17429145,-0.14792454,-0.06652963,-0.1475921,-0.10737923,-0.124497145,-0.15298569,-0.052188452,-0.26007295
k__Bacteria|p__Verrucomicrobia|c__Verrucomicrobiae|o__Verrucomicrobiales|f__Akkermansiaceae|g__Akkermansia|s__Akkermansia_sp_BIOML_A40,-0.1004395,-0.12316422,-0.15508017,-0.15849578,-0.15849605,-0.23867357,-0.1666669,-0.16813041,-0.10929718,-0.22895765,-0.23728925,-0.15508518,-0.22850217,-0.3768707,-0.08556121,-0.1546624,-0.058144663,-0.15452558,-0.1584311,-0.19931981,-0.1978925,-0.1295231,-0.15504837,-0.12711628,-0.20043859,-0.11658599,-0.182019,-0.25032333,-0.1509206,-0.15505368,-0.15142563,-0.10844302,-0.18249588,-0.28454733,-0.15507168,-0.12971318,-0.15508267,-0.22338755,-0.15508555,-0.29867563,-0.15508562,-0.29356226,-0.12902026,-0.15493222,-0.13691942,-0.15507981,-0.23188588,-0.24781659,-0.1296162,-0.12971929,-0.24679694,-0.18279888,-0.25087595,-0.26027086,-0.28621647,-0.27511892,-0.11894142,-0.15499519,-0.040142577,-0.056944285,-0.15433258,-0.11274739,-0.13743341,-0.12960298,-0.155063,-0.15849116,-0.15849581,-0.1584965,-0.27573854,-0.15504481,-0.1296048,-0.16243835,-0.12334165,-0.14074792,-0.15504998,-0.15887658,-0.14481027,-0.12969738,-0.18691605,-0.14998752,-0.15507302,-0.15847374,-0.15848549,-0.15841854,-0.120334074,-0.13700745,-0.08858878,-0.15506683,-0.19008024,-0.15507846,-0.2004665,-0.11139822,-0.1388583,-0.13027036,-0.1074974,-0.15152657,-0.1549783,-0.15818353,-0.10065024,-0.08152827,-0.09427856,-0.15502965,-0.11960925,-0.15027548,-0.16982608,-0.1185138,-0.15504718,-0.1584895,-0.17738779,-0.15176103,-0.15508145,-0.25953975,-0.17989698,-0.13525523,-0.15507853,-0.15095688,-0.17780018,-0.2009549,-0.15505788,-0.09015879,-0.1547736,-0.12151222,-0.121854745,-0.13997786,-0.21433522,-0.13908121,-0.16057305,-0.15500441,-0.07092635,-0.154429,-0.15769571,-0.18733518,-0.15481621,-0.12959233,-0.12334781,-0.14100276,-0.15503648,-0.114095174,-0.25318068,-0.26654312,-0.12884298,-0.10945694,-0.15502727,-0.09238048,-0.20963459,-0.15507874,-0.15841013,-0.12910858,-0.15500492,-0.16015086,-0.1553517,-0.15508327,-0.19704957,-0.20616047,-0.12853648,-0.10460003,-0.11361031,-0.10256614,-0.15507556,-0.19495486,-0.15505138,-0.1290356,-0.15491688,-0.041086134,-0.12967405,-0.15508199,-0.2300741,-0.15506053,-0.10384405,-0.15361354,-0.0784167,-0.15493552,-0.12766197,-0.15495592,-0.121451,-0.075820275,-0.09192432,-0.101488546,-0.15480757,-0.15839827,-0.12378413,-0.15492317,-0.1410757,-0.13984437,-0.18093297,-0.15508452,-0.25777104,-0.12844054,-0.15499249,-0.13462572,-0.119081676,-0.15505421,-0.15849164,-0.15849334,-0.1584945,-0.19755594,-0.25103784,-0.20219928,-0.19465852,-0.24831252,-0.20506537,-0.22091979,-0.15506926,-0.12931298,-0.11956477,-0.15506409,-0.15848792,-0.20931396,-0.18224281,-0.1550555,-0.32474133,-0.15508257,-0.15849721,-0.15849608,-0.15849571,-0.2185038,-0.15505454,-0.114121355,-0.15505746,-0.15848172,-0.15848812,-0.22984435,-0.15507613,-0.15847047,-0.08963354,-0.15497234,-0.15844698,-0.1584652,-0.15846646,-0.13302092,-0.1051107,-0.14014931,-0.15141064,-0.15839578,-0.15615125,-0.14613561,-0.15507239,-0.12319561,-0.12966922,-0.15503597,-0.158497,-0.15849656,-0.15849656,-0.15849707,-0.38518023,-0.11451449,-0.15504345,-0.15564899,-0.14443555,-0.16636807,-0.15507784,-0.15841915,-0.12993515,-0.047159404,-0.14906427,-0.14016809,-0.14106366,-0.15493125,-0.19987361,-0.1649412,-0.17166539,-0.15505531,-0.15845406,-0.12722544,-0.14610182,-0.2588673,-0.12947436,-0.15495393,-0.09132757,-0.12832497,-0.13684332,-0.16221203,-0.15659244,-0.12890682,-0.1548218,-0.15840124,-0.15845074,-0.1584849,-0.15740095,-0.19795567,-0.15106063,-0.07294749,-0.2039893,-0.15504426,-0.15844919,-0.104459345,-0.1547169,-0.17466888,-0.13176009,-0.15505145,-0.15109587,-0.10913184,-0.15488522,-0.05825615,-0.14326635,-0.17082691,-0.15498962,-0.18883844,-0.15508372,-0.31316653,-0.15507391,-0.16808087,-0.14331596,-0.15507591,-0.15849358,-0.25088155,-0.1550841,-0.22115314,-0.07562123,-0.086852394,-0.10702289,-0.060967896,-0.14832258,-0.16796505,-0.15746465,-0.22133875,-0.12812386,-0.0969081,-0.16398169,-0.12716047,-0.11335766,-0.18846886,-0.129663,-0.17755464,-0.0994983,-0.115196005,-0.15499076,-0.11662802,-0.19749595,-0.14526704,-0.12781724,-0.096878245,-0.15499052,-0.15829584,-0.12434345,-0.11230643,-0.063823454,-0.15491939,-0.11419349,-0.10007019,-0.24483351,-0.15508464,-0.15848535,-0.16344379,-0.1759062,-0.12524253,-0.15506966,-0.0782174,-0.19187105,-0.18185812,-0.09859173,-0.11065883,-0.15473819,-0.15816724,-0.083404,-0.1213824,-0.13072303,-0.13855581,-0.19385117,-0.15504685,-0.15849034,-0.19487974,-0.23847799,-0.2432746,-0.12933154,-0.1548756,-0.15846121,-0.14520228,-0.2961179,-0.15508386,-0.19813283,-0.12956786,-0.15501887,-0.060104962,-0.15931924,-0.15508208,-0.2028091,-0.2868003,-0.11816878,-0.14795661,-0.10060286,-0.15492386,-0.13614628,-0.20725825,-0.17393659,-0.125103,-0.15657571,-0.15690626,-0.15508065,-0.15849283,-0.16221246,-0.22200036,-0.1297346,-0.2814266,-0.15508506,-0.1915083,-0.24371436,-0.16952515,-0.1549981,-0.13369927,-0.12557748,-0.15507747,-0.18106565,-0.15508479,-0.18642783,-0.15502805,-0.30462334,-0.15497144,-0.14691104,-0.13029914,-0.15507157,-0.1584802,-0.18915205,-0.12965499,-0.15507668,-0.10481856,-0.1650517,-0.15507448,-0.15849489,-0.15846586,-0.12925142,-0.15497729,-0.15846033,-0.15845096,-0.15846282,-0.15847106,-0.16505513,-0.17392421,-0.15506986,-0.15848753,-0.15847722,-0.15848807,-0.2025511,-0.15354379,-0.14723541,-0.15405716,-0.11499533,-0.10471026,-0.11893196,-0.15507355,-0.1584169,-0.1296141,-0.19501048,-0.15508157,-0.18738703,-0.11705899,-0.17429145,-0.15507212,-0.06652963,-0.15482229,-0.10737923,-0.124497145,-0.15298569,-0.052188452,-0.26007295
k__Bacteria|p__Verrucomicrobia|c__Verrucomicrobiae|o__Verrucomicrobiales|f__Akkermansiaceae|g__Akkermansia|s__Akkermansia_sp_KLE1798,-0.1004395,-0.12316422,-0.15459374,-0.15788977,-0.15789004,-0.23867357,-0.1666669,-0.16813041,-0.10929718,-0.22895765,-0.23728925,-0.15459836,-0.22850217,-0.3768707,-0.08556121,-0.15421137,-0.058144663,-0.15408298,-0.15783024,-0.19931981,-0.1978925,-0.12992756,-0.1545644,-0.12711628,-0.20043859,-0.11658599,-0.182019,-0.25032333,-0.1509206,-0.1545692,-0.15142563,-0.10844302,-0.18249588,-0.28454733,-0.15458554,-0.13011399,-0.15459603,-0.22338755,-0.15459868,-0.29867563,-0.15459877,-0.29356226,-0.12942818,-0.15445694,-0.13691942,-0.1545934,-0.23188588,-0.24781659,-0.1296162,-0.13011986,-0.24679694,-0.18279888,-0.25087595,-0.26027086,-0.28621647,-0.27511892,-0.11894142,-0.1545152,-0.040142577,-0.056944285,-0.15390399,-0.11274739,-0.13743341,-0.13000593,-0.15457788,-0.15788552,-0.15788981,-0.15789044,-0.27573854,-0.15456066,-0.13000843,-0.16243835,-0.12334165,-0.14074792,-0.1545659,-0.15887658,-0.14481027,-0.13009869,-0.18691605,-0.14998752,-0.15458715,-0.15786946,-0.15788026,-0.15781724,-0.120334074,-0.13700745,-0.08858878,-0.15458143,-0.19008024,-0.15459214,-0.2004665,-0.11139822,-0.1388583,-0.13027036,-0.1074974,-0.15152657,-0.15449959,-0.15759614,-0.10065024,-0.08152827,-0.09427856,-0.15454711,-0.11960925,-0.15027548,-0.16982608,-0.1185138,-0.15456331,-0.15788397,-0.17738779,-0.15176103,-0.1545949,-0.25953975,-0.17989698,-0.13525523,-0.1545922,-0.15095688,-0.17780018,-0.2009549,-0.15457258,-0.09015879,-0.15431064,-0.12151222,-0.121854745,-0.13997786,-0.21433522,-0.13908121,-0.16057305,-0.15452377,-0.07092635,-0.15399364,-0.15715095,-0.18733518,-0.15434948,-0.12999225,-0.12334781,-0.14100276,-0.15455349,-0.114095174,-0.25318068,-0.26654312,-0.12924287,-0.10945694,-0.15454492,-0.09238048,-0.20963459,-0.15459242,-0.15780997,-0.12950805,-0.15452453,-0.16015086,-0.1553517,-0.1545966,-0.19704957,-0.20616047,-0.1289509,-0.10460003,-0.11361031,-0.10256614,-0.15458949,-0.19495486,-0.1545664,-0.12942457,-0.1544433,-0.041086134,-0.12967405,-0.1545954,-0.2300741,-0.15457508,-0.10384405,-0.15325144,-0.0784167,-0.1544607,-0.12766197,-0.1544791,-0.121451,-0.075820275,-0.09192432,-0.101488546,-0.1543416,-0.15779984,-0.12378413,-0.15444887,-0.1410757,-0.13984437,-0.18093297,-0.15459773,-0.25777104,-0.12844054,-0.1545113,-0.13462572,-0.119081676,-0.15456983,-0.15788598,-0.15788755,-0.1578886,-0.19755594,-0.25103784,-0.20219928,-0.19465852,-0.24831252,-0.20506537,-0.22091979,-0.15458356,-0.12970674,-0.11956477,-0.1545789,-0.15788251,-0.20931396,-0.18224281,-0.1545707,-0.32474133,-0.15459594,-0.15789111,-0.15789008,-0.15788972,-0.2185038,-0.15457001,-0.114121355,-0.15457281,-0.15787679,-0.15788274,-0.22984435,-0.15459,-0.15786633,-0.08963354,-0.15449436,-0.15784478,-0.15786156,-0.15786272,-0.13302092,-0.1051107,-0.14014931,-0.15141064,-0.15839578,-0.15615125,-0.14613561,-0.15458655,-0.12319561,-0.13007239,-0.15455292,-0.15789093,-0.1578905,-0.1578905,-0.15789098,-0.38518023,-0.11451449,-0.15455984,-0.15564899,-0.14443555,-0.16636807,-0.15459159,-0.15781853,-0.12993515,-0.047159404,-0.14904901,-0.14016809,-0.14106366,-0.15445636,-0.19987361,-0.1649412,-0.17166539,-0.15457079,-0.15785128,-0.12722544,-0.14610182,-0.2588673,-0.1298745,-0.15447691,-0.09132757,-0.12832497,-0.13684332,-0.16221203,-0.15659244,-0.12929204,-0.15435523,-0.15780246,-0.15784824,-0.15787974,-0.15740095,-0.19795567,-0.15106063,-0.07294749,-0.2039893,-0.15456055,-0.15784678,-0.104459345,-0.15422335,-0.17466888,-0.13176009,-0.15456724,-0.15109587,-0.10913184,-0.15441346,-0.05825615,-0.14326635,-0.17082691,-0.15451014,-0.18883844,-0.15459701,-0.31316653,-0.15458795,-0.16808087,-0.14331596,-0.1545898,-0.15788773,-0.25088155,-0.15459737,-0.22115314,-0.07562123,-0.086852394,-0.10702289,-0.060967896,-0.14835796,-0.16796505,-0.15746465,-0.22133875,-0.12812386,-0.0969081,-0.16398169,-0.12716047,-0.11335766,-0.18846886,-0.13006508,-0.17755464,-0.0994983,-0.115196005,-0.15451118,-0.11662802,-0.19749595,-0.14526704,-0.12781724,-0.096878245,-0.154511,-0.15770492,-0.12434345,-0.11230643,-0.063823454,-0.15444547,-0.11419349,-0.10007019,-0.24483351,-0.15459785,-0.15788,-0.16344379,-0.1759062,-0.12524253,-0.15458405,-0.0782174,-0.19187105,-0.18185812,-0.09859173,-0.11065883,-0.1542779,-0.15758647,-0.083404,-0.1213824,-0.13072303,-0.13855581,-0.19385117,-0.15456298,-0.15788478,-0.19487974,-0.23847799,-0.2432746,-0.1297439,-0.15440477,-0.1578579,-0.14520228,-0.2961179,-0.15459716,-0.19813283,-0.12997076,-0.15453705,-0.060104962,-0.15931924,-0.1545955,-0.2028091,-0.2868003,-0.11816878,-0.14795661,-0.10060286,-0.1544493,-0.13614628,-0.20725825,-0.17393659,-0.125103,-0.15657571,-0.15690626,-0.15459417,-0.15788704,-0.16221246,-0.22200036,-0.13013425,-0.2814266,-0.15459824,-0.1915083,-0.24371436,-0.16952515,-0.15451676,-0.13369927,-0.12557748,-0.15459123,-0.18106565,-0.154598,-0.18642783,-0.15454513,-0.30462334,-0.15449338,-0.14691104,-0.13029914,-0.15458581,-0.15787542,-0.18915205,-0.13005798,-0.1545905,-0.10481856,-0.1650517,-0.15458846,-0.15788896,-0.15786165,-0.12965547,-0.15449873,-0.15785709,-0.15784845,-0.15785937,-0.15786701,-0.16505513,-0.17392421,-0.15458421,-0.15788215,-0.15787265,-0.15788266,-0.2025511,-0.15354379,-0.14723541,-0.15364917,-0.11499533,-0.10471026,-0.11893196,-0.15458761,-0.15781632,-0.13001934,-0.19501048,-0.15459502,-0.18738703,-0.11705899,-0.17429145,-0.15458596,-0.06652963,-0.15435588,-0.10737923,-0.124497145,-0.15298569,-0.052188452,-0.26007295
k__Bacteria|p__Verrucomicrobia|c__Verrucomicrobiae|o__Verrucomicrobiales|f__Akkermansiaceae|g__Akkermansia|s__Akkermansia_muciniphila,-0.1004395,-0.12316422,-0.15148497,-0.15466022,-0.15466052,-0.23867357,-0.1666669,-0.16813041,-0.10929718,-0.22895765,-0.23728925,-0.15149009,-0.22850217,-0.3768707,-0.08556121,-0.15105046,-0.058144663,-0.15090522,-0.15459365,-0.19931981,-0.1978925,-0.1276972,-0.15145198,-0.12711628,-0.20043859,-0.11658599,6.9436226,3.5691268,-0.1509206,-0.15145773,-0.15142563,-0.10844302,-0.18249588,-0.28454733,-0.15147597,-0.12790217,-0.1514875,-0.22338755,-0.15149048,-0.29867563,-0.15149057,-0.29356226,-0.12714705,-0.15133336,-0.13691942,-0.15148452,-0.23188588,-0.24781659,-0.1296162,-0.12790886,-0.24679694,-0.18279888,-0.25087595,-0.26027086,-0.28621647,-0.27511892,-0.11894142,-0.15139684,-0.040142577,-0.056944285,-0.15071836,8.729586,-0.13743341,-0.12778547,-0.15146744,-0.15465546,-0.1546603,-0.15466097,-0.27573854,-0.15144873,-0.12778626,-0.16243835,-0.12334165,-0.14074792,-0.1514537,-0.15887658,-0.14481027,-0.12788498,-0.18691605,-0.14998752,-0.15147755,-0.15463752,-0.15464973,-0.1545805,-0.120334074,-0.13700745,-0.08858878,-0.15147111,-0.19008024,-0.15148315,-0.2004665,-0.11139822,-0.1388583,-0.13027036,-0.1074974,-0.15152657,-0.15137927,-0.1543285,-0.10065024,-0.08152827,-0.09427856,-0.15143245,-0.11960925,-0.15027548,-0.16982608,-0.1185138,-0.15145111,-0.15465373,-0.17738779,-0.15176103,-0.15148626,-0.25953975,-0.17989698,-0.13525523,-0.15148321,-0.15095688,-0.17780018,-0.2009549,-0.15146223,-0.09015879,-0.15116572,-0.12151222,-0.121854745,-0.13997786,-0.21433522,-0.13908121,-0.16057305,-0.15140623,-0.07092635,-0.15081075,-0.15384668,4.8930845,-0.1512181,-0.12777221,-0.12334781,-0.14100276,-0.15143973,-0.114095174,-0.25318068,-0.26654312,-0.1269646,-0.10945694,-0.15143001,-0.09238048,-0.20963459,-0.15148345,-0.15457365,-0.12725149,-0.15140751,-0.16015086,-0.1553517,-0.15148814,-0.19704957,-0.20616047,-0.12665014,-0.10460003,-0.11361031,-0.10256614,-0.15148011,-0.19495486,-0.15145476,-0.12717661,-0.15131511,-0.041086134,-0.12967405,-0.15148687,-0.2300741,-0.15146455,-0.10384405,-0.14996696,-0.0784167,-0.1513358,-0.12766197,-0.15135624,-0.121451,-0.075820275,-0.09192432,-0.101488546,-0.15120196,-0.1545589,-0.12378413,-0.15131995,-0.1410757,-0.13984437,-0.18093297,-0.1514894,-0.25777104,-0.12844054,-0.15139371,-0.13462572,-0.119081676,-0.15145785,-0.15465596,-0.15465772,-0.15465891,-0.19755594,-0.25103784,-0.20219928,-0.19465852,-0.24831252,-0.20506537,-0.22091979,-0.15147379,-0.1274718,-0.11956477,-0.15146819,-0.15465213,-0.20931396,-0.18224281,-0.15145941,1.2916198,-0.15148738,-0.15466172,-0.15466055,-0.15466017,-0.2185038,-0.15145873,-0.114121355,-0.15146181,-0.15464604,-0.15465236,-0.22984435,-0.1514807,-0.15463437,-0.08963354,-0.1513738,-0.15460938,-0.1546289,-0.15462965,-0.13302092,-0.1051107,-0.14014931,-0.15141064,-0.15839578,-0.15615125,-0.14613561,-0.15147674,-0.12319561,-0.12785646,-0.15143988,-0.15466154,-0.15466104,-0.15466104,-0.15466157,-0.38518023,-0.11451449,-0.15144706,-0.15564899,-0.14443555,-0.16636807,-0.15148261,-0.15458253,9.320339,-0.047159404,-0.14536119,7.6571193,8.875302,-0.15133166,-0.19987361,-0.1649412,-0.17166539,-0.15145916,-0.1546166,-0.12722544,-0.14610182,-0.2588673,-0.12764329,-0.15135363,-0.09132757,-0.12832497,-0.13684332,-0.16221203,-0.15659244,-0.12703949,-0.1512188,-0.1545623,-0.1546135,-0.15464896,-0.15740095,-0.19795567,-0.15106063,-0.07294749,-0.2039893,-0.15144809,-0.15461159,-0.104459345,-0.15108576,-0.17466888,-0.13176009,-0.1514549,-0.15109587,-0.10913184,-0.15128304,-0.05825615,-0.14326635,-0.17082691,-0.15139177,-0.18883844,-0.15148862,-0.31316653,-0.15147877,-0.16808087,-0.14331596,-0.15148051,-0.154658,-0.25088155,-0.15148902,-0.22115314,9.641436,9.725279,9.215874,9.781744,-0.14459267,-0.16796505,-0.15746465,-0.22133875,-0.12812386,-0.0969081,-0.16398169,-0.12716047,-0.11335766,-0.18846886,-0.12784855,-0.17755464,-0.0994983,-0.115196005,-0.1513927,-0.11662802,-0.19749595,-0.14526704,-0.12781724,-0.096878245,-0.1513914,-0.15445286,-0.12434345,-0.11230643,-0.063823454,-0.15131834,-0.11419349,-0.10007019,-0.24483351,-0.15148953,-0.15464956,-0.16344379,-0.1759062,-0.12524253,-0.151474,-0.0782174,-0.19187105,-0.18185812,-0.09859173,-0.11065883,-0.15112966,-0.15431973,-0.083404,-0.1213824,-0.13072303,-0.13855581,-0.19385117,-0.15145087,-0.15465462,-0.19487974,-0.23847799,-0.2432746,-0.12750168,-0.15127313,-0.15462472,-0.14520228,-0.2961179,-0.15148875,-0.19813283,-0.12774652,-0.15142184,-0.060104962,-0.15931924,-0.15148693,-0.2028091,-0.2868003,-0.11816878,-0.14795661,-0.10060286,-0.15132418,-0.13614628,-0.20725825,-0.17393659,-0.125103,-0.15657571,-0.15690626,-0.15148546,-0.15465717,-0.16221246,-0.22200036,-0.12792495,-0.2814266,-0.15148997,-0.1915083,-0.24371436,-0.16952515,-0.1514003,-0.13369927,-0.12557748,-0.1514822,-0.18106565,-0.1514897,-0.18642783,-0.15143171,4.3518066,-0.15137383,-0.14691104,-0.13029914,-0.15147609,-0.1546441,-0.18915205,-0.12783962,-0.15148129,-0.10481856,-0.1650517,-0.15147915,-0.15465933,-0.15462962,-0.12741552,-0.1513781,-0.15462399,-0.15461409,-0.15462647,-0.15463467,-0.16505513,-0.17392421,-0.15147439,-0.15465169,-0.15464112,-0.15465224,-0.2025511,-0.15354379,-0.14723541,-0.15044372,9.12183,-0.10471026,-0.11893196,-0.15147811,-0.15457922,-0.12779579,-0.19501048,-0.15148643,-0.18738703,-0.11705899,-0.17429145,-0.15147644,-0.06652963,-0.15121633,-0.10737923,-0.124497145,-0.15298569,-0.052188452,-0.26007295
k__Bacteria|p__Synergistetes|c__Synergistia|o__Synergistales|f__Synergistaceae|g__GGB9469|s__GGB9469_SGB14862,-0.1004395,-0.12316422,-0.15187004,-0.1551103,-0.15511058,-0.23867357,-0.1666669,-0.16813041,-0.10929718,-0.22895765,-0.23728925,-0.15187505,-0.22850217,5.1648235,-0.08556121,-0.1514555,-0.058144663,-0.15131588,-0.15504551,-0.19931981,-0.1978925,-0.12761746,-0.15183823,-0.12711628,5.3414907,5.7821193,6.3056316,4.4300594,-0.1509206,-0.1518434,-0.15142563,-0.10844302,-0.18249588,-0.28454733,-0.1518614,-0.12780553,-0.15187255,-0.22338755,-0.15187544,-0.29867563,-0.15187551,-0.29356226,-0.127114,-0.15172148,-0.13691942,-0.15186968,-0.23188588,-0.24781659,-0.1296162,-0.12781161,-0.24679694,-0.18279888,-0.25087595,-0.26027086,-0.28621647,-0.27511892,-0.11894142,-0.15178505,-0.040142577,-0.056944285,-0.15111963,-0.11274739,-0.13743341,-0.12769793,-0.15185282,-0.15510568,-0.15511036,-0.15511103,-0.27573854,-0.15183514,-0.12769729,-0.16243835,-0.12334165,-0.14074792,-0.1518398,-0.15887658,-0.14481027,-0.12778986,-0.18691605,-0.14998752,-0.15186289,-0.15508825,-0.15509997,-0.15503293,-0.120334074,-0.13700745,-0.08858878,-0.15185672,-0.19008024,-0.15186831,-0.2004665,-0.11139822,-0.1388583,-0.13027036,-0.1074974,-0.15152657,-0.15176812,-0.15480244,-0.10065024,-0.08152827,-0.09427856,-0.15181951,-0.11960925,-0.15027548,-0.16982608,-0.1185138,-0.15183695,-0.15510403,-0.17738779,-0.15176103,-0.15187131,-0.25953975,-0.17989698,-0.13525523,-0.1518684,-0.15095688,-0.17780018,-0.2009549,-0.15184759,-0.09015879,-0.15156342,-0.12151222,-0.121854745,-0.13997786,-0.21433522,-0.13908121,-0.16057305,-0.15179428,-0.07092635,-0.15121862,-0.154306,-0.18733518,-0.15160446,-0.1276896,-0.12334781,-0.14100276,-0.1518263,-0.114095174,-0.25318068,-0.26654312,-0.1269601,-0.10945694,-0.15181708,-0.09238048,-0.20963459,-0.15186861,-0.15502368,-0.12720934,-0.15179476,-0.16015086,-0.1553517,-0.15187316,-0.19704957,-0.20616047,-0.12665373,-0.10460003,-0.11361031,-0.10256614,-0.15186544,-0.19495486,-0.15184104,-0.12715064,-0.15170673,-0.041086134,-0.12967405,-0.15187185,-0.2300741,-0.15185022,-0.10384405,-0.15041125,-0.0784167,-0.1517256,-0.12766197,-0.15174578,-0.121451,-0.075820275,-0.09192432,-0.101488546,-0.15159787,-0.15501285,-0.12378413,-0.1517129,-0.1410757,-0.13984437,-0.18093297,-0.1518744,-0.25777104,-0.12844054,-0.15178218,-0.13462572,-0.119081676,-0.15184413,-0.15510619,-0.15510787,-0.15510903,-0.19755594,-0.25103784,-0.20219928,-0.19465852,-0.24831252,-0.20506537,-0.22091979,-0.15185905,-0.12741412,-0.11956477,-0.15185395,-0.1551024,-0.20931396,-0.18224281,-0.15184513,-0.32474133,-0.15187246,-0.15511176,-0.15511063,-0.15511024,-0.2185038,-0.15184446,-0.114121355,-0.15184724,-0.15509617,-0.15510267,-0.22984435,-0.15186602,-0.155085,-0.08963354,-0.1517622,-0.15506154,-0.15507963,-0.155081,-0.13302092,-0.1051107,-0.14014931,-0.15141064,-0.15839578,-0.15615125,-0.14613561,-0.15186228,-0.12319561,-0.12776174,-0.1518256,-0.15511157,-0.15511109,-0.15511109,-0.15511161,-0.38518023,-0.11451449,-0.15183324,-0.15564899,-0.14443555,-0.16636807,-0.15186769,-0.15503307,-0.12993515,-0.047159404,-0.14582315,-0.14016809,7.6541786,-0.15172069,7.6479235,-0.1649412,-0.17166539,-0.15184516,-0.15506862,-0.12722544,-0.14610182,-0.2588673,-0.12757294,-0.15174395,-0.09132757,-0.12832497,-0.13684332,-0.16221203,-0.15659244,-0.12702507,-0.15161186,-0.15501577,-0.15506524,-0.15509942,-0.15740095,-0.19795567,-0.15106063,-0.07294749,-0.2039893,-0.15183397,-0.15506384,-0.104459345,-0.15151125,-0.17466888,-0.13176009,-0.15184134,-0.15109587,-0.10913184,-0.15167585,-0.05825615,-0.14326635,-0.17082691,-0.15177923,-0.18883844,-0.15187359,-0.31316653,-0.15186372,-0.16808087,-0.14331596,-0.15186577,-0.15510808,-0.25088155,-0.15187398,-0.22115314,-0.07562123,-0.086852394,-0.10702289,-0.060967896,-0.1450806,-0.16796505,-0.15746465,-0.22133875,-0.12812386,-0.0969081,-0.16398169,-0.12716047,-0.11335766,-0.18846886,-0.12775572,-0.17755464,-0.0994983,-0.115196005,-0.15178049,-0.11662802,-0.19749595,-0.14526704,-0.12781724,-0.096878245,-0.1517805,-0.15491053,-0.12434345,-0.11230643,-0.063823454,-0.15170965,-0.11419349,-0.10007019,-0.24483351,-0.15187451,-0.1550997,-0.16344379,-0.1759062,-0.12524253,-0.15185952,-0.0782174,-0.19187105,-0.18185812,-0.09859173,-0.11065883,-0.15152791,-0.15478155,-0.083404,-0.1213824,-0.13072303,-0.13855581,-0.19385117,-0.15183659,-0.15510488,-0.19487974,-0.23847799,-0.2432746,-0.12742853,-0.15166543,-0.15507567,-0.14520228,-0.2961179,-0.15187377,-0.19813283,-0.12766325,-0.15180863,-0.060104962,-0.15931924,-0.15187195,-0.2028091,-0.2868003,-0.11816878,-0.14795661,-0.10060286,-0.15171337,-0.13614628,-0.20725825,-0.17393659,-0.125103,-0.15657571,-0.15690626,-0.15187052,-0.15510735,-0.16221246,-0.22200036,-0.12782693,-0.2814266,-0.15187493,-0.1915083,-0.24371436,-0.16952515,-0.15178749,-0.13369927,-0.12557748,-0.15186733,-0.18106565,-0.15187468,-0.18642783,-0.1518175,-0.30462334,-0.15176085,-0.14691104,-0.13029914,-0.15186143,-0.15509474,-0.18915205,-0.12774765,-0.15186656,-0.10481856,-0.1650517,-0.1518643,-0.15510942,-0.15508017,-0.1273592,-0.15176716,-0.15507476,-0.15506546,-0.15507726,-0.15508565,-0.16505513,-0.17392421,-0.1518597,-0.15510204,-0.15509167,-0.15510258,-0.2025511,-0.15354379,-0.14723541,-0.1508416,-0.11499533,-0.10471026,-0.11893196,-0.15186341,-0.15503073,-0.12770711,-0.19501048,-0.15187143,-0.18738703,-0.11705899,-0.17429145,-0.15186179,-0.06652963,-0.15161258,-0.10737923,-0.124497145,-0.15298569,-0.052188452,-0.26007295
k__Bacteria|p__Synergistetes|c__Synergistia|o__Synergistales|f__Synergistaceae|g__GGB9469|s__GGB9469_SGB14863,-0.1004395,-0.12316422,-0.15503255,-0.15838125,-0.15838145,-0.23867357,-0.1666669,-0.16813041,-0.10929718,-0.22895765,-0.23728925,-0.15503618,-0.22850217,-0.3768707,-0.08556121,-0.15473217,-0.058144663,-0.1546368,-0.15833434,-0.19931981,-0.1978925,-0.13000512,-0.15500966,-0.12711628,-0.20043859,-0.11658599,-0.182019,-0.25032333,-0.1509206,-0.15501319,-0.15142563,-0.10844302,-0.18249588,-0.28454733,-0.15502566,-0.1301611,-0.1550344,-0.22338755,-0.15503646,-0.29867563,-0.15503651,-0.29356226,-0.12958896,-0.15492412,-0.13691942,-0.15503234,-0.23188588,-0.24781659,-0.1296162,-0.1301658,-0.24679694,-0.18279888,-0.25087595,-0.26027086,-0.28621647,-0.27511892,-0.11894142,-0.15497065,-0.040142577,-0.056944285,-0.15448906,-0.11274739,-0.13743341,-0.13007137,-0.15501997,-0.15837795,-0.15838125,-0.15838176,-0.27573854,-0.1550049,-0.13007268,-0.16243835,-0.12334165,-0.14074792,-0.15501088,-0.15887658,-0.14481027,-0.13014844,-0.18691605,-0.14998752,-0.15502742,-0.1583653,-0.15837367,-0.15832075,-0.120334074,-0.13700745,-0.08858878,-0.15502298,-0.19008024,-0.15503135,-0.2004665,-0.11139822,-0.1388583,-0.13027036,-0.1074974,-0.15152657,-0.1549591,-0.15812531,-0.10065024,-0.08152827,-0.09427856,-0.15499619,-0.11960925,-0.15027548,-0.16982608,-0.1185138,-0.15500847,-0.1583767,-0.17738779,-0.15176103,-0.15503347,-0.25953975,-0.17989698,-0.13525523,-0.15503138,-0.15095688,-0.17780018,-0.2009549,-0.15501463,-0.09015879,-0.15481183,-0.12151222,-0.121854745,-0.13997786,-0.21433522,-0.13908121,-0.16057305,-0.154978,-0.07092635,-0.15456054,-0.15779236,-0.18733518,-0.15483463,-0.1300581,-0.12334781,-0.14100276,-0.15500116,-0.114095174,-0.25318068,-0.26654312,-0.12939516,-0.10945694,-0.15499455,-0.09238048,-0.20963459,-0.15503156,-0.15831584,-0.12963462,-0.15497807,-0.16015086,-0.1553517,-0.15503481,-0.19704957,-0.20616047,-0.12914146,-0.10460003,-0.11361031,-0.10256614,-0.15502933,-0.19495486,-0.15501037,-0.12956281,-0.1549155,-0.041086134,-0.12967405,-0.15503383,-0.2300741,-0.15501747,-0.10384405,-0.15397112,-0.0784167,-0.15492779,-0.12766197,-0.15494294,-0.121451,-0.075820275,-0.09192432,-0.101488546,-0.15483436,-0.15831119,-0.12378413,-0.15490752,-0.1410757,-0.13984437,-0.18093297,-0.1550357,-0.25777104,-0.12844054,-0.15496323,-0.13462572,-0.119081676,-0.1550141,-0.15837827,-0.1583795,-0.15838031,-0.19755594,-0.25103784,-0.20219928,-0.19465852,-0.24831252,-0.20506537,-0.22091979,-0.15502416,-0.12980942,-0.11956477,-0.15502107,-0.1583755,-0.20931396,-0.18224281,-0.15501335,-0.32474133,-0.15503433,-0.15838227,-0.15838149,-0.15838121,-0.2185038,-0.15501224,-0.114121355,-0.15501586,-0.15837076,-0.15837571,-0.22984435,-0.15502971,-0.15836108,-0.08963354,-0.1549541,-0.15834633,-0.15835899,-0.15836036,-0.13302092,-0.1051107,-0.14014931,-0.15141064,-0.15839578,-0.15615125,-0.14613561,-0.15502709,-0.12319561,-0.13012819,-0.15500018,-0.15838215,-0.15838179,-0.15838179,-0.15838218,-0.38518023,-0.11451449,-0.15500598,-0.15564899,-0.14443555,-0.16636807,-0.15503083,-0.1583234,-0.12993515,-0.047159404,-0.15063572,-0.14016809,0.9034626,-0.15492484,-0.19987361,-0.1649412,-0.17166539,-0.1550147,-0.1583516,-0.12722544,-0.14610182,-0.2588673,-0.12995526,-0.15494102,-0.09132757,-0.12832497,-0.13684332,-0.16221203,-0.15659244,-0.12941425,-0.15484273,-0.15831277,-0.15834886,-0.1583734,-0.15740095,-0.19795567,-0.15106063,-0.07294749,-0.2039893,-0.15500626,-0.15834792,-0.104459345,-0.154654,-0.17466888,-0.13176009,-0.15501219,-0.15109587,-0.10913184,-0.15488982,-0.05825615,-0.14326635,-0.17082691,-0.1549668,-0.18883844,-0.15503512,-0.31316653,-0.15502769,-0.16808087,-0.14331596,-0.1550295,-0.15837958,-0.25088155,-0.1550354,-0.22115314,-0.07562123,-0.086852394,-0.10702289,-0.060967896,-0.15008703,-0.16796505,-0.15746465,-0.22133875,-0.12812386,-0.0969081,-0.16398169,-0.12716047,-0.11335766,-0.18846886,-0.13012111,-0.17755464,-0.0994983,-0.115196005,-0.15496781,-0.11662802,-0.19749595,-0.14526704,-0.12781724,-0.096878245,-0.15496823,-0.15823643,-0.12434345,-0.11230643,-0.063823454,-0.15491614,-0.11419349,-0.10007019,-0.24483351,-0.1550358,-0.1583732,-0.16344379,-0.1759062,-0.12524253,-0.1550251,-0.0782174,-0.19187105,-0.18185812,-0.09859173,-0.11065883,-0.15478599,-0.15814409,-0.083404,-0.1213824,-0.13072303,-0.13855581,-0.19385117,-0.1550082,-0.15837735,-0.19487974,-0.23847799,-0.2432746,-0.12985426,-0.15488446,-0.15835616,-0.14520228,-0.2961179,-0.15503526,-0.19813283,-0.13004008,-0.15498774,-0.060104962,-0.15931924,-0.15503392,-0.2028091,-0.2868003,-0.11816878,-0.14795661,-0.10060286,-0.15491867,-0.13614628,-0.20725825,-0.17393659,-0.125103,-0.15657571,-0.15690626,-0.1550329,-0.15837911,-0.16221246,-0.22200036,-0.13017729,-0.2814266,-0.15503609,-0.1915083,-0.24371436,-0.16952515,-0.15496832,-0.13369927,-0.12557748,-0.1550306,-0.18106565,-0.15503591,-0.18642783,-0.15499231,-0.30462334,-0.15495312,-0.14691104,-0.13029914,-0.15502636,-0.15837009,-0.18915205,-0.13011551,-0.15503006,-0.10481856,-0.1650517,-0.15502836,-0.1583806,-0.15835816,-0.12977326,-0.1549585,-0.1583554,-0.15834868,-0.15835717,-0.15836337,-0.16505513,-0.17392421,-0.15502502,-0.15837532,-0.1583678,-0.15837571,-0.2025511,-0.15354379,-0.14723541,-0.1542812,-0.11499533,-0.10471026,-0.11893196,-0.15502778,-0.15832104,-0.13008468,-0.19501048,-0.15503353,-0.18738703,-0.11705899,-0.17429145,-0.15502587,-0.06652963,-0.15484665,-0.10737923,-0.124497145,-0.15298569,-0.052188452,-0.26007295
